examples/3D/Borden05m/output-maps-SE27XX/psiliqL0008N0004.asc
ncols         160
nrows         34
xllcorner     620200.000000
yllcorner     5168000.000000
cellsize      0.500000
NODATA_value  -9999.0
[rows 0 to 24 of 34, columns 57 to 113 of 160]
-9999.0 -9999.0 -9999.0 -9999.0 -9999.0 -9999.0 -9999.0 -9999.0 -9999.0 -9999.0 -9999.0 -9999.0 -9999.0 -9999.0 -9999.0 -9999.0 -9999.0 -9999.0 -9999.0 -9999.0 -9999.0 -9999.0 -9999.0 -9999.0 -9999.0 -9999.0 -9999.0 -9999.0 -9999.0 -9999.0 -9999.0 -9999.0 -9999.0 -9999.0 -9999.0 -9999.0 -9999.0 -9999.0 -9999.0 -9999.0 -9999.0 -9999.0 -9999.0 -9999.0 -9999.0 -9999.0 -9999.0 -9999.0 -9999.0 -9999.0 -9999.0 -9999.0 -9999.0 -9999.0 -9999.0 -9999.0 -9999.0
-9999.0 -9999.0 -187.387175 -193.047943 -198.587055 -203.792313 -213.094655 -222.516645 -231.338117 -235.391455 -236.326697 -237.200400 -237.578873 -232.195310 -224.166164 -216.446549 -209.104388 -206.666967 -204.168734 -201.769297 -201.199082 -202.507108 -205.804806 -209.150607 -212.623531 -214.125250 -222.614867 -234.245130 -243.353320 -246.164822 -241.599782 -237.005044 -234.414689 -228.166896 -217.068660 -205.910983 -197.100652 -185.129398 -179.507376 -174.240029 -170.950449 -175.047840 -178.675262 -182.426249 -187.185604 -198.338281 -9999.0 -9999.0 -9999.0 -9999.0 -9999.0 -9999.0 -9999.0 -9999.0 -9999.0 -9999.0 -9999.0
-205.309839 -201.973805 -212.893408 -217.804464 -221.251361 -223.584736 -228.894233 -237.857192 -243.384188 -248.930797 -250.604875 -250.621183 -250.554513 -246.288668 -236.334115 -228.255872 -223.382365 -220.895919 -218.355919 -218.148293 -218.592057 -218.975951 -221.908108 -225.378609 -228.836348 -230.666009 -230.703242 -238.400501 -243.761075 -247.025849 -248.169229 -245.692765 -243.366206 -240.355202 -230.546212 -222.043092 -213.515023 -199.173836 -186.689659 -181.370333 -183.761573 -188.893667 -192.695911 -199.180016 -209.081303 -219.702127 -230.368362 -237.737336 -243.226519 -248.479144 -242.361528 -235.951852 -225.546039 -215.181718 -202.959837 -190.630753 -9999.0
-221.391018 -218.513847 -229.548097 -238.176297 -242.631580 -242.692631 -240.648671 -244.477331 -249.222996 -253.244990 -245.390037 -244.079696 -242.843885 -239.579045 -236.092828 -233.850212 -231.010916 -225.583129 -216.465556 -213.727084 -213.147553 -212.980552 -214.796186 -217.936503 -219.755552 -222.568657 -227.792674 -228.635744 -228.097313 -227.925090 -222.552861 -221.041373 -219.796583 -226.982054 -223.659731 -217.263799 -210.197480 -202.934207 -195.674387 -190.819227 -193.973579 -195.430163 -203.999229 -218.124158 -229.957033 -238.971034 -241.763267 -245.041659 -252.824101 -265.052112 -258.218185 -242.638655 -237.926450 -234.128634 -222.024387 -209.567715 -199.229614
-236.309318 -233.259936 -238.453239 -237.676605 -236.365612 -234.952318 -236.618691 -239.589389 -240.739569 -227.389183 -217.475501 -215.534205 -212.450743 -209.006454 -210.402691 -223.011526 -225.719442 -216.917309 -206.078093 -199.848969 -199.511881 -199.388382 -200.752436 -201.781851 -202.367967 -204.841162 -203.572107 -200.675764 -199.568533 -194.085654 -188.203277 -185.464830 -194.481222 -204.102937 -203.839631 -196.201383 -188.180855 -180.567784 -169.174922 -157.120775 -158.611301 -164.921968 -174.583466 -189.186344 -213.557972 -234.183948 -245.075756 -251.857982 -258.978061 -260.049027 -262.329171 -251.902415 -250.164893 -248.495134 -239.805924 -229.391814 -219.204089
-221.032228 -212.382614 -218.545944 -224.505677 -228.224915 -227.672975 -227.212475 -223.233262 -209.132648 -194.208356 -177.909456 -174.552763 -171.513274 -171.591586 -181.679551 -192.420304 -196.950104 -181.317259 -164.809746 -155.818060 -154.262942 -153.018850 -144.192072 -146.297546 -149.278086 -155.034845 -152.218076 -148.543679 -135.995416 -127.769665 -120.660593 -122.686137 -135.101509 -146.770986 -149.272274 -147.759193 -145.985710 -139.951497 -128.826429 -118.013812 -123.299935 -132.134798 -144.557764 -175.960707 -206.093935 -224.574333 -224.555370 -224.615312 -229.672248 -233.287594 -237.500200 -245.630597 -246.352921 -247.142643 -247.793825 -235.805809 -223.588335
-170.212952 -152.892095 -158.706692 -167.613280 -179.071088 -178.562065 -174.399007 -165.036334 -150.055025 -129.118867 -102.227227 -96.606114 -91.318894 -86.445549 -97.581322 -110.547055 -122.974492 -106.502577 -95.511364 -84.826680 -79.898677 -66.507478 -54.933436 -60.071327 -69.512098 -79.395192 -72.046937 -56.299812 -39.347966 -31.848565 -27.938119 -27.655578 -38.445456 -44.832321 -48.633328 -49.142549 -53.818521 -50.902504 -38.648766 -22.023456 -22.543766 -36.341585 -63.600797 -104.505459 -144.140115 -169.754532 -167.366523 -175.072691 -182.306733 -187.918003 -203.514847 -216.304362 -217.520803 -227.842152 -234.716411 -223.575524 -217.709451
-114.055906 -93.564629 -96.410817 -108.013560 -120.642678 -119.990121 -110.403624 -99.211702 -77.340879 -48.851955 -19.230835 -3.777241 5.572873 16.272599 9.542219 -0.482830 -10.223551 -3.148214 11.459052 26.063811 39.744590 54.526697 67.823111 61.052767 50.568249 47.480861 52.743723 71.616488 88.198962 94.371718 97.097074 101.428388 94.667213 86.431151 77.196981 68.452658 60.224761 54.899688 71.034074 86.225974 83.227092 56.389111 27.351236 -13.153147 -56.511886 -96.248273 -104.812968 -108.440611 -112.494473 -131.041264 -149.738957 -171.598691 -185.000844 -195.783178 -212.313181 -208.503014 -203.121535
2.159272 25.983038 32.105939 17.447012 12.593727 18.761213 32.174975 40.346764 56.800732 87.163185 124.116048 151.036846 174.220560 179.439857 170.966426 161.859697 148.163900 143.278273 157.893600 170.640056 182.718042 194.557230 206.608547 213.708030 212.537274 212.524867 215.436053 220.258367 227.219004 234.012354 240.288207 246.806352 246.878012 237.660061 229.173965 218.848338 209.573531 206.085818 205.094297 212.172521 210.314838 188.139479 159.988386 127.021357 87.412839 51.517643 26.146134 24.517952 6.938590 -15.741996 -43.340413 -86.353134 -110.517094 -131.211446 -164.532425 -171.046271 -160.928631
130.109680 148.084606 164.108569 163.299726 166.335056 170.477769 177.702908 183.851631 192.646176 225.088911 260.254249 291.255187 316.435324 326.701732 318.381803 309.350386 298.521529 289.205699 290.614826 303.566239 319.355337 334.675196 345.146534 348.830643 347.435083 347.811331 349.395594 352.412019 354.783574 359.875073 366.745214 376.953660 388.732518 384.682943 368.162877 354.487800 338.442555 330.818822 327.478260 323.081539 322.210172 318.149963 291.428244 264.258131 232.131752 199.377402 174.977344 155.077037 133.518167 109.309483 61.980951 15.653648 -25.332244 -59.857921 -93.724517 -101.729467 -76.764140
254.017002 280.065845 295.702597 300.775768 303.589732 307.567912 315.195287 322.058117 330.909236 351.077770 385.872514 421.676252 451.879773 460.154409 454.381758 445.355461 434.959359 426.136210 423.106076 428.733398 437.664808 451.309138 462.313892 472.488511 472.122771 472.990289 473.067097 474.754901 475.893651 477.600631 483.606341 493.865043 503.405451 505.011063 493.978917 477.098683 458.085747 446.553619 437.435910 430.416936 429.166791 429.099361 425.095623 402.738781 368.800831 325.800816 295.787419 272.227983 257.555247 241.043528 220.577340 175.499123 148.052739 113.265551 74.864525 45.667662 76.217715
365.348341 394.809749 414.331833 424.255573 426.594814 431.570567 441.476256 450.440381 462.304191 478.051128 498.156112 524.282375 552.159359 574.693737 574.840641 565.521358 550.874003 547.704844 547.072367 548.220163 553.226055 558.720530 571.620207 584.676502 588.142426 590.114291 588.295343 589.727932 589.183619 590.660186 591.463373 594.679773 600.347149 602.335379 598.620279 584.418609 564.181460 544.420719 532.479094 526.400143 522.710012 522.157090 520.004154 509.081370 482.393114 445.883560 410.508052 385.137454 366.726831 352.321865 341.197499 327.265710 310.578728 282.533943 241.989037 205.235530 194.211156
466.768258 491.621905 515.304229 532.643270 538.843534 548.410846 557.644945 570.328333 585.724454 601.029809 613.402472 627.179424 648.328913 661.585589 668.581099 670.225350 670.290785 672.202694 672.026384 661.265459 662.584720 663.806789 666.377412 670.700512 671.445049 671.887717 671.624540 672.197997 671.918158 672.623156 672.563795 671.639521 672.457048 672.643190 671.972319 667.534032 663.118750 645.837211 633.525740 625.859586 618.306704 609.773833 600.284036 590.396559 574.295761 545.716625 511.332700 480.528289 465.035937 456.286312 449.208224 443.039136 427.965304 406.621018 378.183163 341.783091 304.983459
568.939004 587.065032 609.392278 626.897934 636.495320 647.043101 654.137306 666.301656 677.838299 676.872651 678.649489 680.302458 682.830724 684.363232 685.053702 685.109654 682.816073 682.149004 680.036807 674.323714 664.899079 665.941692 666.917777 669.028699 672.160232 670.742242 671.550572 674.328915 672.899309 667.897771 664.720916 663.206798 663.408405 670.201828 672.981626 673.425426 672.982746 671.756677 671.087807 670.303914 669.637858 668.864204 667.783667 666.011595 656.229287 633.991100 603.697363 570.621181 550.488034 541.479445 540.667772 536.092604 528.208468 507.292433 479.528729 444.442428 407.097358
669.541498 674.693556 678.417180 680.951337 682.250142 685.114888 688.137661 688.734491 685.395420 681.409242 676.428093 674.996500 673.765030 671.544332 672.153661 669.964906 665.575404 661.127517 653.359496 641.663558 629.441764 626.817707 631.103684 635.493582 639.174608 641.632347 644.620766 646.094704 641.820061 634.551806 627.988912 626.040043 632.208163 637.584501 642.149235 642.679267 641.318002 639.583289 640.182896 638.603246 640.062201 647.451131 661.452716 669.222509 670.300135 669.684306 666.257531 660.129604 643.388855 623.466976 625.120538 619.755311 606.664702 582.221032 556.868096 527.232130 497.696331
678.083989 675.812860 670.016393 664.515928 663.983958 668.008930 674.815320 676.097310 668.878686 659.803432 651.443313 643.992389 641.383189 639.434945 638.214818 637.526605 631.220893 621.928765 603.167626 589.029229 576.424638 569.630971 568.029726 573.178848 581.855789 589.861820 594.060418 588.578882 581.871343 572.193582 564.537998 564.805546 567.578487 576.139013 588.443963 591.664603 592.440893 588.371327 585.395211 580.913053 581.013725 590.673264 609.393871 625.552924 638.792658 646.872086 654.704935 661.905108 667.946471 668.316280 668.374653 667.672063 664.010626 648.684908 628.458050 605.386210 578.674898
654.555750 648.688763 641.552163 635.433421 633.667593 636.276452 639.430761 636.117805 628.482247 616.031635 601.541793 589.704791 582.933243 582.693837 583.891903 583.571378 576.461158 560.890880 541.363424 526.225695 511.424537 506.799041 502.019848 498.967731 509.190324 524.514032 529.922195 517.857501 508.854143 495.708540 488.490241 486.015093 487.845393 497.161955 515.340495 532.266576 533.326513 524.839320 516.823758 513.201005 512.520638 521.851272 542.907575 563.699267 578.737731 589.139035 597.337611 609.525088 620.737016 632.648241 645.390788 656.404309 667.482235 669.704074 668.874158 666.031295 650.162562
618.501717 608.745822 600.650095 593.933417 589.371537 586.902517 584.470398 578.174121 570.413306 557.039669 542.899645 529.924165 516.046394 512.178235 509.349722 510.484426 498.770821 486.643911 466.260637 450.010735 434.062741 424.546975 418.529227 412.854552 418.847263 434.418939 443.333979 428.990791 418.975755 406.003426 399.722048 396.692909 398.303288 408.112918 430.537351 448.903781 455.309897 447.727659 441.976927 439.764368 440.003329 446.794662 463.791381 484.987856 505.795654 521.569216 532.518118 543.205542 555.293477 570.687495 585.702906 601.646683 621.786348 641.901744 656.740461 666.929968 672.470692
572.809204 561.845742 550.711011 539.860338 533.615795 534.014436 527.074296 520.292229 507.472053 464.538625 447.166687 429.337806 414.311835 408.749276 401.486855 395.999450 386.274713 378.439806 368.031270 351.969006 334.795182 319.385072 314.053151 309.516779 303.261461 310.767784 314.579272 314.588728 307.357333 300.614427 297.495509 295.145923 298.817132 312.160570 324.806400 336.144128 342.071621 338.904668 344.872060 350.951435 353.440406 369.202981 383.869628 402.365112 424.187236 447.237799 460.545371 471.434243 483.704107 500.314726 518.232940 537.307780 562.052216 587.759397 605.850530 620.936267 634.816867
521.091429 506.660300 493.842995 481.311555 469.167187 469.464151 465.465879 457.829619 421.981069 380.144153 348.979524 330.942283 309.886485 299.351365 289.765659 267.264648 253.814674 245.946406 247.675995 236.270762 218.925053 204.175219 196.207311 189.985620 178.303274 172.371386 176.569241 186.847849 181.252903 178.510246 181.661288 179.730863 177.380748 185.126826 199.814943 208.635735 218.080936 227.858273 232.817501 240.515254 264.804795 279.281766 294.692391 315.264264 337.474166 360.376302 380.114302 393.675659 408.670190 428.103843 445.741097 467.705730 492.816120 522.359828 543.376901 560.689282 575.029694
449.395823 433.453945 417.217871 399.112721 378.887661 376.422937 369.234913 353.774386 311.043373 270.810539 239.960729 217.980184 193.599779 175.982166 151.272806 119.786412 99.194515 101.140354 107.181383 104.349880 88.573846 73.776467 61.898270 47.724495 31.100691 20.120710 28.373917 37.751088 43.303405 46.069555 49.979605 51.607086 50.621842 48.511542 57.961447 68.182665 79.883504 91.282367 104.148693 133.784220 160.314252 178.885930 200.659907 222.160537 246.098299 270.841138 292.413506 308.730301 327.693075 347.537637 368.877889 390.855130 417.119077 447.440373 472.341940 489.390434 505.428802
370.859642 349.546851 325.844370 290.783096 276.197115 267.427714 257.256094 224.856968 182.824391 144.090456 115.954880 88.873282 61.655491 32.197558 -1.830180 -33.229862 -55.232536 -49.571468 -42.983950 -34.221237 -48.424745 -62.538725 -71.115715 -87.278085 -102.766539 -117.354079 -109.000699 -99.021901 -83.088539 -79.230579 -75.786534 -69.428428 -70.682728 -72.432757 -78.224870 -67.993968 -56.429749 -41.279740 -11.798987 17.657980 46.419483 71.507835 95.930303 122.247576 149.994117 177.262652 204.306967 225.086825 245.314532 267.611124 288.788742 308.922710 332.002491 359.518547 383.667533 403.949388 425.585735
275.424805 252.202562 218.790425 175.945245 143.576246 129.507803 94.485658 58.684933 15.529556 -10.692993 -34.761347 -62.259036 -87.730765 -112.296809 -141.911070 -167.556022 -192.178055 -188.702875 -176.703745 -163.295934 -171.552489 -177.031202 -181.182778 -193.590080 -207.859026 -221.719268 -217.950134 -202.990391 -186.102201 -179.320944 -172.935168 -165.374763 -165.254802 -171.446360 -179.449254 -173.218141 -158.985827 -141.878420 -118.064748 -92.556337 -67.082520 -42.835251 -15.637404 13.437075 43.350159 75.091175 107.087862 131.393124 158.829706 186.180167 208.321572 222.988083 240.136060 266.525109 286.686749 309.526700 332.844081
172.169030 144.877558 102.403518 55.522104 7.429814 -33.375301 -70.314278 -105.677436 -129.516495 -151.937479 -173.141208 -193.954859 -216.318266 -237.534901 -258.326036 -281.040733 -301.266491 -296.273086 -282.890552 -270.403895 -268.804451 -272.116564 -275.467477 -283.703028 -297.468475 -309.355658 -301.282893 -285.702955 -270.313746 -260.496667 -253.812127 -247.445275 -250.152621 -258.253031 -265.143180 -257.139215 -241.496955 -225.870591 -207.102031 -184.354143 -161.183975 -137.588987 -112.335879 -86.186286 -56.766426 -25.531747 6.774915 38.552814 68.600163 96.960890 113.236687 128.806033 141.819839 162.513440 183.986999 207.269043 232.589778
40.442862 8.154132 -31.561714 -77.341781 -114.156928 -149.657131 -183.062504 -215.470910 -241.806939 -261.025664 -272.397497 -288.113799 -308.239969 -322.572360 -339.991634 -359.806926 -361.781866 -358.052906 -345.535587 -343.037765 -342.395417 -345.489595 -346.720508 -351.747867 -363.841302 -358.415403 -350.512576 -335.359376 -324.239522 -314.872282 -308.497370 -304.237362 -304.859261 -312.122988 -309.521260 -302.101542 -287.208207 -275.012541 -259.159216 -237.622085 -219.325880 -198.734152 -175.391068 -150.864770 -124.446756 -95.824211 -64.375667 -34.697988 -9.081527 6.307125 22.148920 33.379531 33.152252 52.895076 73.563645 94.594631 122.718601
