examples/3D/Borden05m/output-maps-SE27XX/psiliqL0013N0002.asc
ncols         160
nrows         34
xllcorner     620200.000000
yllcorner     5168000.000000
cellsize      0.500000
NODATA_value  -9999.0
[rows 0 to 24 of 34, columns 56 to 111 of 160]
-9999.0 -9999.0 -9999.0 -9999.0 -9999.0 -9999.0 -9999.0 -9999.0 -9999.0 -9999.0 -9999.0 -9999.0 -9999.0 -9999.0 -9999.0 -9999.0 -9999.0 -9999.0 -9999.0 -9999.0 -9999.0 -9999.0 -9999.0 -9999.0 -9999.0 -9999.0 -9999.0 -9999.0 -9999.0 -9999.0 -9999.0 -9999.0 -9999.0 -9999.0 -9999.0 -9999.0 -9999.0 -9999.0 -9999.0 -9999.0 -9999.0 -9999.0 -9999.0 -9999.0 -9999.0 -9999.0 -9999.0 -9999.0 -9999.0 -9999.0 -9999.0 -9999.0 -9999.0 -9999.0 -9999.0 -9999.0
-9999.0 -9999.0 -9999.0 825.167051 819.766512 814.687676 809.978667 801.270774 792.283694 784.136299 780.423826 779.773435 779.242924 779.100180 784.576430 792.792745 800.632354 807.977741 810.564671 813.171007 815.568892 816.209673 815.127853 812.038425 808.875054 805.592253 804.176266 796.183656 784.884068 776.140785 773.427844 777.865731 782.332991 784.809073 790.617280 801.287592 812.009776 820.444887 832.199372 837.845606 842.756633 845.484472 841.118986 837.292761 833.208240 827.866765 816.682766 -9999.0 -9999.0 -9999.0 -9999.0 -9999.0 -9999.0 -9999.0 -9999.0 -9999.0
788.673376 808.839423 812.239735 801.052737 796.263351 793.156191 791.311452 786.660177 778.238922 773.234658 768.107821 766.530251 766.868763 767.204304 771.562052 781.934615 790.103494 795.050956 797.738100 800.512437 800.392289 800.032612 799.870273 797.136382 793.845994 790.575966 788.880651 789.386421 781.864963 776.435390 773.052668 771.406630 773.916442 776.281381 779.630123 789.060761 797.144766 805.214443 819.394110 831.645910 836.671055 833.897068 828.591473 824.451067 817.411386 807.045253 796.481763 786.651463 779.405070 773.563999 767.520495 773.160546 779.401447 788.935912 798.323255 810.033580
773.605300 793.936038 796.995600 786.470072 778.416387 773.634951 774.082200 776.904702 773.671811 769.349556 764.697600 773.517696 775.122791 776.560939 780.102792 783.408679 786.706406 789.629040 795.164964 804.339128 807.243101 807.960793 808.272941 806.595783 803.613350 801.923457 799.272747 794.168937 793.142646 793.474388 793.244462 798.206751 799.683729 801.377625 794.663917 798.155772 804.279825 811.024087 817.436387 823.947704 827.695007 824.114465 822.833769 813.970046 799.660326 788.065201 779.164684 776.882781 773.262961 764.957212 751.793578 758.420864 773.488238 777.632016 780.554211 791.860326
769.105169 781.177623 784.487913 779.803100 781.421537 783.298389 785.084117 783.824902 781.176259 779.576623 792.466021 802.273925 804.476463 807.761560 811.694648 811.313730 799.617207 797.379345 805.833330 816.365021 822.376139 822.828704 822.965990 821.095465 820.224811 819.947500 817.850042 818.688685 821.183721 821.214208 825.866243 831.511296 834.380829 826.564459 817.402212 818.159736 825.817010 833.854943 841.049936 851.511883 862.545572 861.093249 854.925631 845.269600 830.999636 806.882822 786.711045 775.232538 767.473173 759.652514 759.018779 755.368231 766.013909 767.095765 768.379084 776.080109
775.774611 797.393196 805.744908 800.285816 795.633668 793.255798 794.384389 794.960892 798.416724 811.343501 825.604962 840.632628 843.957905 847.015579 846.989515 838.213915 828.190440 824.578317 839.489750 855.884615 864.454496 865.435720 865.053362 872.172023 870.933323 869.287017 864.501584 866.671036 868.313503 878.350892 886.033751 893.113649 891.280474 879.239416 867.726630 866.042650 868.635914 871.735733 877.779019 887.799060 897.181097 891.580168 883.694753 872.778255 843.217167 815.145459 797.410717 796.714706 796.015600 790.293007 786.299031 782.233785 774.475566 773.234681 771.690589 770.433701
826.681621 847.303442 863.764258 858.677295 851.186695 841.531794 842.605531 846.169388 854.837750 868.525764 886.805981 911.661101 915.458833 919.431643 922.748804 911.944451 899.855934 888.829858 906.680069 917.195610 926.320581 928.617243 938.924245 949.079474 944.723329 936.855921 926.808978 933.277468 945.337517 960.548462 967.405033 971.263232 970.094198 959.002407 953.103073 951.306904 953.137519 950.437302 954.665348 964.675177 979.266895 978.059977 967.944919 944.130791 905.846965 870.066605 848.247362 852.441990 844.410197 836.516478 831.641432 816.639824 804.723305 803.725854 793.227029 786.159642
876.993477 896.357376 915.628086 911.877015 902.079027 889.583720 889.773088 897.967354 908.758581 928.643821 952.670207 977.873790 987.684972 992.114760 1002.328776 996.283121 987.098013 978.888907 989.849844 1002.313214 1014.636359 1025.064030 1038.222389 1050.038013 1040.837736 1029.161284 1024.288417 1029.591996 1049.232238 1066.427639 1071.634758 1073.013809 1075.843979 1066.939909 1060.086678 1053.068698 1047.534876 1041.489030 1037.212914 1054.867795 1070.641940 1068.088980 1043.616115 1017.967052 980.027107 940.507842 906.591011 904.193055 900.015395 897.444690 881.045040 864.256796 846.455124 835.635999 825.369570 810.074657
971.473451 993.753505 1016.219218 1018.599772 1003.222151 996.433197 1001.898453 1015.074786 1022.887073 1039.045004 1064.489504 1097.720385 1120.693804 1141.003062 1146.026376 1138.006001 1129.143975 1116.030553 1113.973778 1131.131543 1143.638867 1154.870390 1166.002434 1178.547774 1184.277061 1181.945759 1181.606715 1184.827229 1191.731868 1200.489866 1207.104350 1212.421638 1217.865755 1214.329956 1204.177166 1197.614815 1188.807939 1181.964547 1179.308887 1181.389361 1191.616299 1188.717559 1161.795186 1133.249251 1099.411875 1060.515235 1027.442996 1008.206632 1012.110493 999.090645 979.056466 957.782688 921.393096 903.394882 886.038635 855.484385
1079.470041 1108.864406 1125.267021 1140.034364 1136.655676 1139.258133 1143.918552 1151.698101 1157.296480 1165.834202 1198.933195 1234.568612 1264.717792 1289.587413 1298.714607 1288.883714 1279.334200 1267.576613 1258.376517 1262.675765 1277.258021 1294.103937 1309.858211 1321.087788 1324.823791 1323.760259 1324.140797 1326.134994 1329.098327 1331.971312 1337.821924 1344.770648 1354.502776 1365.274555 1359.510240 1342.952377 1330.727905 1317.092750 1311.988544 1310.145524 1307.760419 1306.779369 1298.169154 1265.831726 1236.039121 1202.684741 1172.527809 1150.099461 1134.405272 1112.922591 1088.459631 1041.015020 999.374915 963.115405 934.392987 904.740863
1201.203367 1232.988488 1258.115008 1274.428772 1278.460766 1281.773644 1285.120620 1291.503207 1297.181890 1304.791553 1327.602214 1365.020596 1402.189821 1432.052879 1436.374774 1427.387582 1417.254148 1407.054685 1396.661654 1393.588812 1401.537071 1412.698113 1428.656632 1439.986157 1449.593469 1449.003998 1449.493183 1449.956757 1451.945113 1453.657421 1455.406132 1462.084981 1473.535482 1484.466879 1485.455797 1472.324057 1455.522895 1438.332147 1431.063313 1424.669748 1418.250136 1417.524501 1417.183817 1408.788799 1382.835118 1346.313338 1303.272428 1275.979360 1253.539430 1238.746042 1221.031690 1194.037477 1141.979791 1110.277148 1073.903446 1038.449389
1319.584732 1349.720746 1380.824509 1400.395302 1409.122000 1410.528142 1413.195531 1420.965942 1427.551649 1437.933539 1454.706530 1478.463883 1507.241878 1533.866938 1551.133901 1547.611855 1535.338525 1518.396524 1513.308658 1512.169182 1514.256518 1520.795945 1528.684222 1543.879161 1559.504950 1564.899926 1565.710195 1563.380850 1565.405162 1566.443820 1566.348130 1567.154587 1571.664682 1578.514793 1580.977371 1576.211646 1560.410659 1540.520122 1526.170228 1517.129683 1511.959044 1509.215843 1509.640564 1508.284018 1495.673506 1466.366717 1428.186597 1394.426591 1371.633943 1354.422934 1339.418935 1326.986508 1306.527045 1287.357804 1255.601650 1211.488036
1425.032871 1451.020424 1478.090954 1502.858482 1520.080853 1524.942737 1531.150415 1536.281508 1546.183323 1561.754190 1580.760201 1594.813553 1611.670663 1632.806254 1645.284453 1650.925884 1651.213119 1649.900014 1651.523700 1651.557225 1625.677674 1628.532811 1631.352772 1638.414471 1646.413910 1649.135466 1649.526585 1648.559847 1649.601527 1649.836709 1649.796428 1649.266077 1649.135731 1651.223480 1652.049551 1651.033867 1644.460365 1647.281994 1630.287685 1618.053230 1610.050058 1601.844128 1592.784683 1582.671647 1572.429108 1555.733514 1528.606737 1495.246204 1467.710080 1455.310607 1447.464240 1439.542951 1432.842464 1416.574430 1394.313366 1363.195500
1531.007156 1547.239268 1567.670219 1595.188441 1614.505998 1625.403505 1634.207509 1639.124085 1651.228259 1664.358157 1659.542165 1663.352538 1667.213009 1670.938380 1672.167437 1672.334066 1671.825968 1669.181400 1668.353126 1666.272341 1661.301497 1651.583300 1652.819359 1654.251155 1656.849810 1660.543063 1659.402178 1660.385828 1663.219792 1661.563425 1655.891721 1652.129819 1650.514549 1651.079962 1658.322210 1661.580175 1662.428582 1661.410568 1660.558541 1659.786318 1657.942994 1655.764571 1652.833237 1649.097693 1651.724522 1641.312470 1618.000515 1585.183473 1550.446885 1536.154988 1531.078959 1530.393951 1526.455482 1519.373137 1500.289011 1472.932865
1643.401773 1656.664622 1654.412516 1664.386509 1669.744355 1672.477749 1675.248821 1677.657030 1678.670347 1675.373104 1671.887873 1667.199234 1665.838660 1664.321625 1661.548993 1661.573980 1658.868318 1654.129726 1649.798302 1642.702403 1631.469723 1619.658525 1616.764012 1621.235337 1626.365546 1630.934633 1634.311919 1637.666357 1638.656567 1633.750649 1625.710256 1618.509379 1616.612343 1623.234750 1629.109702 1634.659683 1635.615330 1634.454137 1632.581374 1632.817590 1630.420669 1630.979493 1637.369270 1650.298546 1655.923459 1658.255204 1657.641928 1650.268493 1637.051550 1629.073227 1609.232768 1611.936178 1606.633585 1594.624335 1573.423369 1549.551968
1670.597185 1670.292690 1668.724715 1662.952758 1657.237084 1656.472541 1660.184634 1666.702554 1667.605656 1660.283143 1651.718157 1644.514213 1637.444193 1634.780987 1632.740451 1631.074255 1629.940742 1623.411107 1614.522256 1598.479885 1586.268832 1574.471968 1568.054016 1566.084080 1571.220710 1581.225200 1590.887140 1595.521617 1588.843830 1581.271539 1570.458407 1562.297712 1562.580251 1565.153253 1574.503624 1588.669866 1593.554567 1594.562606 1589.849633 1585.719073 1580.245838 1578.706961 1585.872462 1600.871190 1616.136216 1629.890492 1638.245511 1645.610550 1651.909781 1655.370423 1656.251689 1656.517739 1655.150549 1653.385130 1637.983315 1617.135291
1657.496898 1650.831293 1645.557700 1638.572873 1632.356642 1630.082347 1631.978099 1634.316908 1630.340351 1622.917726 1612.125355 1600.740280 1590.474531 1583.477425 1583.068281 1583.745205 1583.033228 1575.116640 1559.579010 1541.533837 1527.558275 1513.283047 1509.000330 1504.172463 1500.235348 1510.963794 1527.989817 1534.157157 1520.837104 1510.962561 1496.773419 1489.420882 1486.481926 1488.308127 1498.025679 1518.016340 1537.478290 1539.127864 1530.078158 1521.263440 1517.210097 1515.438582 1522.544217 1540.982019 1561.216012 1576.529906 1586.797764 1593.097078 1601.642374 1611.420631 1623.796312 1636.964897 1647.884904 1656.180957 1660.016831 1658.077901
1630.806609 1622.492071 1614.234581 1606.393352 1599.225654 1594.013030 1591.043854 1587.589844 1580.724324 1572.707987 1557.385234 1544.531959 1531.859466 1517.357090 1512.702792 1508.221942 1508.153959 1495.482937 1484.035308 1464.819555 1448.921994 1433.070371 1422.470147 1416.715411 1411.072367 1415.224338 1430.519895 1439.444807 1426.431227 1416.233476 1403.589188 1397.591405 1394.481943 1396.645887 1407.156148 1429.315121 1448.167847 1455.560716 1448.384523 1444.256598 1443.016362 1442.988323 1449.715324 1464.826281 1485.262864 1506.923519 1523.862836 1534.123933 1542.665814 1553.473141 1568.499359 1582.949623 1597.219020 1614.401528 1634.407305 1649.015425
1594.305579 1583.585561 1573.148017 1561.711593 1550.043138 1542.725595 1542.851669 1535.295503 1527.894266 1511.244625 1464.039289 1445.089378 1426.306095 1410.020122 1402.935305 1393.924690 1383.855668 1373.143593 1365.363539 1358.090524 1342.257083 1324.680433 1308.428597 1303.253341 1299.188667 1289.926760 1294.138566 1297.098730 1301.790456 1294.639397 1289.210325 1287.402673 1285.093867 1288.401375 1302.161435 1313.999970 1324.195473 1330.897575 1330.610231 1338.574817 1346.040487 1351.724906 1368.837751 1383.314878 1401.871875 1424.291987 1449.001555 1463.484383 1474.174797 1486.190819 1502.755399 1520.242257 1538.365601 1561.230182 1586.177891 1602.544038
1548.159887 1533.501423 1518.488565 1504.706365 1490.817335 1476.255799 1475.699422 1470.929306 1461.105384 1418.124237 1374.969067 1341.463064 1322.197639 1298.885675 1285.917237 1272.688796 1243.851999 1227.782462 1220.934883 1225.714836 1216.013099 1198.862208 1184.791752 1176.490187 1169.614654 1156.456289 1146.969716 1151.732026 1164.318898 1160.385617 1159.221673 1163.691670 1162.241447 1158.881869 1164.062188 1178.498029 1186.804821 1197.277618 1210.004045 1215.703909 1226.992024 1255.464339 1271.008448 1287.956611 1309.619239 1333.064617 1357.414676 1379.441435 1394.353726 1410.501473 1430.636032 1448.721222 1470.517805 1494.836865 1524.228808 1544.853341
1478.954699 1458.598880 1440.944330 1422.263814 1399.774443 1377.785673 1373.626160 1364.965743 1343.597789 1295.875364 1254.645900 1223.835270 1200.120371 1174.637740 1153.965849 1124.415901 1091.053507 1069.260387 1074.299963 1081.050964 1082.110584 1067.954282 1055.085034 1044.782496 1030.582829 1015.114999 1003.220891 1011.950291 1020.504909 1029.711066 1033.565279 1037.372681 1040.321096 1039.395470 1034.798452 1039.574386 1048.798044 1059.770027 1071.374055 1086.934668 1118.568749 1145.263271 1164.855681 1187.761912 1210.235076 1235.430859 1261.784936 1285.830077 1304.325319 1324.971884 1346.176300 1368.897313 1391.239642 1417.424668 1447.876917 1473.634318
1399.924845 1372.468417 1348.671256 1320.363964 1279.599015 1262.892047 1252.105098 1236.589925 1197.862347 1154.123647 1118.938212 1094.186023 1067.843366 1042.737529 1014.279989 981.559082 954.309652 933.171284 939.360881 946.023617 957.553705 945.652851 934.657850 928.552396 913.618148 899.733286 885.169926 892.621855 902.726288 920.409287 924.753811 928.326462 935.569318 934.711447 932.359382 923.169707 932.089659 943.090850 957.611822 986.474669 1012.550867 1038.357713 1061.826507 1084.501808 1109.596411 1136.418082 1163.653743 1192.226936 1214.620270 1236.592131 1260.878607 1283.658719 1304.091251 1326.971465 1355.118662 1379.892744
1290.391167 1266.995374 1241.232927 1202.674273 1157.392805 1121.006057 1102.092275 1061.114397 1025.559199 990.415668 972.852974 953.289609 929.008398 906.236200 883.877092 857.191361 833.951022 809.137071 812.445680 824.720938 838.567931 833.221198 829.850274 826.682670 815.541930 801.874075 788.332156 791.978689 807.313434 824.261581 831.966842 838.759371 846.424979 846.673898 839.855335 831.645021 837.614900 852.269129 869.078683 890.719650 914.239884 937.671579 960.046302 984.833069 1010.775633 1037.417801 1066.148906 1096.144493 1119.817123 1146.946695 1174.842413 1197.271270 1212.269570 1228.814479 1255.356167 1276.466955
1180.234715 1154.487708 1125.995793 1083.319540 1039.445087 995.223999 953.903134 919.134692 886.641230 868.603018 848.629453 829.825937 810.793597 788.837900 768.795590 749.522842 726.905316 709.325453 714.390884 727.168643 737.847826 740.791828 737.735612 734.634586 727.218161 713.487582 703.997629 712.609351 727.972388 742.770835 753.133241 759.952992 766.056761 763.491867 755.422979 750.124463 758.512877 774.413877 789.724178 807.562760 829.872594 852.263506 875.335489 899.642962 924.177009 951.329289 979.508339 1008.368050 1037.270207 1063.948723 1089.006293 1103.489844 1118.224459 1128.660410 1147.897573 1169.443382
1050.833024 1023.890595 994.194025 959.611507 919.745896 888.017288 854.400795 822.122859 790.594652 764.052687 746.370520 735.920277 720.471043 700.743649 686.822193 669.488415 652.185608 652.200040 654.689687 665.395823 666.223316 666.736018 663.702720 662.562813 658.348513 648.079692 655.444698 662.887932 677.461334 688.244322 697.765602 704.051474 708.230053 708.346537 702.292699 706.191549 713.512268 728.358442 740.625899 756.175033 777.629296 795.941842 816.452570 839.805593 864.107913 889.780339 917.202357 946.857497 973.974204 996.219789 1008.498368 1022.211175 1030.936636 1028.382241 1045.682067 1064.015386
