examples/3D/Borden05m/output-maps-SE27XX/psiliqL0003N0003.asc
ncols         160
nrows         34
xllcorner     620200.000000
yllcorner     5168000.000000
cellsize      0.500000
NODATA_value  -9999.0
[rows 0 to 24 of 34, columns 0 to 55 of 160]
-9999.0 -9999.0 -9999.0 -9999.0 -9999.0 -9999.0 -9999.0 -9999.0 -9999.0 -9999.0 -9999.0 -9999.0 -9999.0 -9999.0 -9999.0 -9999.0 -9999.0 -9999.0 -9999.0 -9999.0 -9999.0 -9999.0 -9999.0 -9999.0 -9999.0 -9999.0 -9999.0 -9999.0 -9999.0 -9999.0 -9999.0 -9999.0 -9999.0 -9999.0 -9999.0 -9999.0 -9999.0 -9999.0 -9999.0 -9999.0 -9999.0 -9999.0 -9999.0 -9999.0 -9999.0 -9999.0 -9999.0 -9999.0 -9999.0 -9999.0 -9999.0 -9999.0 -9999.0 -9999.0 -9999.0 -9999.0
-9999.0 -9999.0 -9999.0 -9999.0 -9999.0 -9999.0 -9999.0 -9999.0 -9999.0 -9999.0 -9999.0 -9999.0 -9999.0 -9999.0 -9999.0 -9999.0 -9999.0 -9999.0 -9999.0 -9999.0 -9999.0 -9999.0 -9999.0 -9999.0 -9999.0 -9999.0 -9999.0 -9999.0 -9999.0 -9999.0 -9999.0 -9999.0 -9999.0 -9999.0 -9999.0 -9999.0 -9999.0 -9999.0 -9999.0 -9999.0 -9999.0 -9999.0 -9999.0 -9999.0 -9999.0 -9999.0 -9999.0 -9999.0 -9999.0 -9999.0 -9999.0 -9999.0 -9999.0 -9999.0 -9999.0 -9999.0
-9999.0 -9999.0 -9999.0 -9999.0 -9999.0 -9999.0 -9999.0 -9999.0 -9999.0 -9999.0 -9999.0 -9999.0 -9999.0 -9999.0 -9999.0 -9999.0 -9999.0 -9999.0 -9999.0 -9999.0 -9999.0 -9999.0 -9999.0 -9999.0 -9999.0 -9999.0 -9999.0 -9999.0 -9999.0 -9999.0 -9999.0 -9999.0 -9999.0 -9999.0 -9999.0 -9999.0 -9999.0 -9999.0 -9999.0 -9999.0 -9999.0 -9999.0 -9999.0 -9999.0 -9999.0 -9999.0 -9999.0 -578.132603 -582.251728 -587.204550 -588.579562 -583.017124 -580.439952 -578.026570 -576.369829 -574.823054
-9999.0 -9999.0 -9999.0 -9999.0 -9999.0 -9999.0 -9999.0 -9999.0 -9999.0 -9999.0 -9999.0 -9999.0 -9999.0 -9999.0 -9999.0 -9999.0 -9999.0 -9999.0 -9999.0 -9999.0 -9999.0 -9999.0 -9999.0 -9999.0 -9999.0 -9999.0 -9999.0 -9999.0 -9999.0 -9999.0 -9999.0 -9999.0 -9999.0 -9999.0 -9999.0 -9999.0 -9999.0 -9999.0 -9999.0 -9999.0 -578.131506 -576.236138 -574.724515 -577.466569 -578.691700 -578.600010 -581.570353 -584.965751 -588.450166 -587.441633 -587.372335 -589.754457 -585.876037 -582.700917 -581.509226 -580.500935
-9999.0 -9999.0 -9999.0 -9999.0 -9999.0 -9999.0 -9999.0 -9999.0 -9999.0 -9999.0 -9999.0 -9999.0 -9999.0 -9999.0 -9999.0 -9999.0 -9999.0 -9999.0 -9999.0 -9999.0 -9999.0 -9999.0 -9999.0 -9999.0 -9999.0 -9999.0 -9999.0 -9999.0 -9999.0 -9999.0 -9999.0 -9999.0 -9999.0 -9999.0 -587.266480 -583.686059 -582.037636 -580.459049 -578.156322 -578.862321 -579.466533 -577.811141 -579.296622 -579.415172 -581.322075 -584.880676 -588.458913 -590.476526 -588.405322 -589.096016 -589.076462 -587.245258 -586.048743 -585.546020 -582.939223 -578.823943
-9999.0 -9999.0 -9999.0 -9999.0 -9999.0 -9999.0 -9999.0 -9999.0 -9999.0 -9999.0 -9999.0 -9999.0 -9999.0 -9999.0 -9999.0 -9999.0 -9999.0 -9999.0 -9999.0 -9999.0 -9999.0 -9999.0 -9999.0 -9999.0 -9999.0 -9999.0 -9999.0 -9999.0 -581.951547 -583.352507 -584.427291 -584.367939 -584.869050 -586.781257 -587.264705 -586.872230 -584.917012 -581.790616 -581.223144 -581.568481 -581.306018 -582.030560 -584.111675 -584.326825 -582.071594 -584.238469 -585.317126 -586.768802 -590.329501 -591.214016 -589.156588 -587.165176 -585.436064 -584.967388 -584.656235 -584.632597
-9999.0 -9999.0 -9999.0 -9999.0 -9999.0 -9999.0 -9999.0 -9999.0 -9999.0 -9999.0 -9999.0 -9999.0 -9999.0 -9999.0 -9999.0 -9999.0 -9999.0 -9999.0 -9999.0 -9999.0 -9999.0 -9999.0 -9999.0 -584.449227 -583.163277 -582.662096 -581.523203 -582.096256 -584.797073 -586.546247 -587.306310 -587.931556 -589.396982 -589.559843 -589.578191 -588.610641 -587.868573 -584.582293 -586.144848 -587.164070 -584.354748 -585.007353 -583.174722 -581.103091 -581.591645 -581.194636 -585.089717 -588.021627 -585.007888 -583.784350 -583.905767 -584.556580 -583.534298 -582.161958 -580.450734 -577.546926
-9999.0 -9999.0 -9999.0 -9999.0 -9999.0 -9999.0 -9999.0 -9999.0 -9999.0 -9999.0 -9999.0 -9999.0 -9999.0 -9999.0 -9999.0 -9999.0 -9999.0 -9999.0 -9999.0 -584.434424 -584.830417 -585.611601 -585.294254 -587.869794 -588.964355 -588.207758 -586.797225 -587.610374 -589.119141 -590.418606 -590.263286 -590.086616 -590.399332 -588.407036 -586.784259 -586.220878 -586.607472 -584.017716 -583.223911 -581.752991 -577.959618 -580.416996 -582.860406 -584.146700 -584.261559 -584.985755 -582.737784 -582.071412 -581.850210 -582.090046 -582.044042 -581.477909 -581.123920 -578.027444 -575.145413 -572.718611
-9999.0 -9999.0 -9999.0 -9999.0 -9999.0 -9999.0 -9999.0 -9999.0 -9999.0 -9999.0 -9999.0 -9999.0 -9999.0 -9999.0 -9999.0 -9999.0 -584.852190 -585.070030 -586.036725 -587.598027 -588.960748 -588.985435 -587.907994 -589.836911 -590.475525 -590.027501 -590.871732 -589.884640 -588.829960 -587.579240 -587.016664 -588.400485 -588.143889 -588.323705 -588.461966 -587.789063 -584.879349 -582.177529 -581.566902 -579.624303 -576.175862 -578.147320 -579.011729 -578.926763 -580.179868 -579.135553 -574.015549 -574.836360 -577.091254 -571.756116 -568.932795 -569.964428 -570.483806 -567.018547 -561.796676 -555.124431
-9999.0 -9999.0 -9999.0 -9999.0 -9999.0 -9999.0 -9999.0 -9999.0 -9999.0 -9999.0 -9999.0 -9999.0 -9999.0 -585.453630 -585.644961 -585.348426 -587.772279 -589.697383 -590.863681 -592.487050 -590.365618 -591.867509 -592.334074 -591.963366 -590.064082 -590.007488 -589.781780 -588.582246 -588.967445 -589.532139 -590.086253 -591.261783 -589.676059 -588.086281 -586.980267 -584.674181 -582.875092 -581.457808 -578.875133 -578.360404 -576.609176 -577.302309 -579.386558 -579.845562 -578.230236 -573.453203 -569.772971 -568.518687 -562.003517 -555.106137 -551.765222 -547.501352 -545.418236 -542.482070 -535.227807 -514.123381
-9999.0 -9999.0 -9999.0 -9999.0 -9999.0 -9999.0 -9999.0 -9999.0 -9999.0 -9999.0 -589.379403 -588.097075 -590.010807 -593.564377 -595.106373 -594.268581 -593.385104 -594.720884 -594.655474 -590.884092 -588.810406 -592.290282 -589.873578 -589.819592 -591.296826 -590.909361 -589.914595 -589.736895 -587.430132 -587.335025 -587.312358 -583.569514 -582.571798 -581.506377 -580.046874 -578.455307 -577.064573 -571.364645 -566.455208 -566.532457 -559.758933 -555.513892 -559.024223 -560.287365 -559.242730 -554.229010 -545.964044 -533.883639 -521.192788 -502.290880 -483.253495 -468.571774 -456.406719 -441.159021 -422.006254 -396.674031
-9999.0 -9999.0 -9999.0 -9999.0 -9999.0 -9999.0 -9999.0 -9999.0 -594.619417 -592.556749 -591.261778 -592.886745 -595.079849 -599.068909 -597.528666 -596.028596 -595.007992 -593.493928 -592.769972 -592.160255 -593.040126 -591.763646 -589.376098 -590.003545 -589.743902 -588.184113 -588.125411 -586.723376 -584.558445 -585.560311 -584.392884 -582.371235 -580.598074 -579.006266 -577.094121 -575.919137 -570.051627 -562.175691 -553.642912 -546.202954 -535.474554 -521.771644 -521.706813 -519.101295 -516.005323 -496.078551 -464.621827 -425.966266 -398.176636 -378.858596 -358.483107 -346.349448 -337.526968 -326.012353 -311.482520 -298.563056
-9999.0 -9999.0 -9999.0 -9999.0 -9999.0 -9999.0 -597.776719 -593.163925 -590.940503 -596.086510 -600.097493 -601.449381 -603.858618 -598.595591 -594.024516 -593.143625 -592.461688 -591.650822 -592.085879 -595.048565 -588.167962 -589.992826 -591.346545 -589.248127 -589.392946 -589.191235 -587.847809 -584.813888 -583.443631 -577.481688 -573.110442 -569.299358 -564.197980 -560.990207 -557.584074 -553.573064 -542.821935 -525.819439 -502.036201 -473.927567 -441.124839 -409.476307 -398.058189 -392.674454 -387.138117 -376.292793 -354.936538 -330.143561 -300.819588 -272.664775 -251.606311 -241.712742 -232.430056 -221.585606 -208.300388 -193.793363
-9999.0 -9999.0 -9999.0 -9999.0 -595.316229 -594.280721 -595.101299 -591.090179 -588.316069 -594.520831 -592.303612 -593.407661 -595.473039 -597.965846 -600.953998 -598.751753 -597.464140 -596.590442 -596.968595 -590.224191 -584.445977 -588.098124 -585.236838 -579.661319 -580.845047 -580.207589 -579.862598 -577.261217 -572.584699 -566.583411 -553.113785 -540.348029 -530.851924 -519.021079 -506.276517 -487.309000 -453.139347 -411.203448 -384.452802 -359.808677 -334.952134 -313.610291 -299.120878 -291.520277 -282.060638 -270.393731 -254.037330 -229.928147 -201.815356 -167.700128 -142.815941 -127.869718 -119.604282 -109.568920 -97.348877 -79.466735
-9999.0 -9999.0 -9999.0 -598.178495 -593.647824 -591.949711 -594.063480 -593.215914 -589.759411 -593.103607 -593.718773 -594.299586 -594.652403 -594.594217 -594.863706 -593.573846 -593.302993 -594.217518 -593.258984 -589.165258 -587.244485 -583.932562 -581.302606 -577.332959 -573.934636 -572.584214 -570.652273 -565.773118 -553.652028 -539.047125 -510.543840 -464.362228 -421.190272 -397.334038 -384.361557 -367.410405 -349.099584 -321.147204 -293.442107 -266.431881 -238.522120 -214.539828 -192.724074 -179.812250 -171.859607 -164.326995 -148.563408 -126.296998 -101.223312 -45.283640 -18.582750 -0.366732 10.165403 16.554377 29.593604 41.890938
-9999.0 -9999.0 -597.441463 -594.842994 -596.572723 -593.322093 -589.706791 -592.142223 -587.844316 -586.442480 -590.690739 -588.244306 -586.973243 -589.603384 -587.885789 -585.938927 -584.943893 -588.137855 -590.406457 -585.627208 -575.396138 -566.956804 -562.346455 -541.576380 -528.653675 -519.899943 -515.335052 -500.491791 -472.557082 -421.062336 -383.283982 -346.679349 -313.049033 -285.831761 -274.017261 -259.830832 -238.067458 -214.925242 -187.495091 -160.181326 -133.768835 -110.943060 -82.226637 -40.338583 -36.218376 -24.348259 -27.915147 12.726139 31.586426 49.576002 65.951775 66.419941 66.828632 66.629590 67.074064 66.963829
-9999.0 -9999.0 -600.442386 -596.146552 -599.069249 -592.383571 -586.120201 -591.957345 -590.033525 -583.639000 -585.285136 -584.484900 -585.265354 -584.895048 -582.047661 -576.442869 -579.225271 -580.292792 -586.517270 -571.563172 -557.926912 -533.633198 -482.691177 -425.646834 -393.369450 -387.659828 -384.444268 -373.080188 -353.955266 -316.114151 -269.896789 -220.652986 -180.108539 -153.252007 -139.989360 -126.062031 -103.584933 -54.819980 -39.861594 -11.487450 4.993545 2.088471 42.843360 60.669543 66.272543 66.607653 65.600278 66.595074 66.765988 66.817959 66.591134 63.379794 62.381568 62.999192 63.687865 59.358900
-9999.0 -601.550168 -599.368937 -599.188199 -594.831606 -596.125710 -590.879812 -583.394193 -583.501093 -580.705724 -580.520099 -584.585198 -570.060728 -557.199755 -552.627615 -541.301563 -545.958046 -549.405922 -556.712619 -540.595158 -508.128601 -420.337955 -333.387381 -284.396049 -253.383970 -247.943158 -250.458640 -236.986847 -212.532862 -176.255857 -118.713572 -47.907669 -11.247500 15.230557 23.255040 24.918719 37.170710 52.876525 68.135617 70.392145 70.951513 70.471408 66.942177 66.918653 67.269951 66.899309 64.074496 58.086444 50.567567 44.123150 40.004936 35.298928 37.467217 40.783010 41.657097 35.426538
-9999.0 -608.156706 -599.666460 -594.712394 -596.538435 -599.981342 -588.122341 -570.319871 -576.062381 -577.729033 -578.209961 -566.867633 -531.339061 -493.482895 -461.681396 -425.204541 -426.966019 -439.968050 -437.923588 -404.240675 -362.987580 -297.103356 -191.396416 -111.416355 -68.809310 -58.346489 -50.650860 -30.951182 -6.317627 14.872129 34.643572 56.455001 59.412186 59.922217 60.034115 60.172079 60.203960 60.369295 57.035051 53.625831 49.235116 49.229006 52.590891 52.304371 49.828084 47.070577 40.264067 32.081736 24.312497 -8.633115 -17.596517 -22.833741 -25.111576 -25.036118 -29.285322 -35.090536
-9999.0 -601.438968 -591.905116 -594.288578 -602.118829 -590.775268 -585.831253 -573.142968 -563.148770 -565.336748 -549.936044 -495.073697 -415.594158 -366.553832 -334.837424 -315.782383 -303.462167 -303.941816 -284.359024 -239.182402 -165.052421 -53.309663 -10.538072 38.030933 45.859564 46.336579 45.850877 46.157186 46.510330 46.658700 46.802098 43.954439 49.281925 51.470359 50.255823 47.230340 41.501493 33.703520 28.473809 25.282086 20.881071 20.790219 24.702657 25.072550 21.822811 12.149972 -18.476492 -30.664278 -40.881118 -54.395857 -61.755121 -67.398045 -70.506553 -75.201944 -80.325888 -86.263642
-9999.0 -612.960564 -599.110076 -610.622041 -594.758528 -581.207877 -582.685934 -561.851667 -535.660110 -523.899491 -442.583967 -376.893906 -314.319534 -269.659269 -235.057242 -197.480830 -171.698446 -145.006331 -110.514962 -72.035020 31.613783 51.812675 53.660364 54.416264 46.479523 46.404465 36.230272 15.792490 5.417900 -1.344563 -0.718963 -17.029199 14.073579 21.331501 18.852034 14.189461 -16.130576 -25.718523 -30.855902 -39.025191 -46.596344 -51.591743 -52.259136 -47.210974 -53.506604 -60.419970 -72.359902 -83.548320 -94.501004 -105.005893 -114.211897 -121.962704 -125.600339 -131.551449 -133.119753 -139.727552
-9999.0 -621.507677 -611.504024 -604.331266 -590.573640 -580.795546 -570.835122 -547.743307 -490.048070 -417.220659 -359.036395 -326.982103 -276.289958 -219.572523 -162.679904 -132.208288 -115.819949 -109.078560 -98.909442 -87.722168 -84.399005 -32.625667 -17.775569 2.324097 5.711466 6.259653 -38.426673 -57.082234 -65.784814 -67.378893 -68.881022 -71.278305 -67.540554 -67.606279 -71.349848 -73.137167 -75.861785 -84.190800 -92.398611 -99.669663 -105.991007 -113.263798 -118.284681 -120.981306 -124.039488 -126.112105 -135.354604 -146.915780 -158.159564 -167.061919 -175.571799 -182.157517 -184.485784 -188.831011 -194.267117 -203.573555
-9999.0 -641.441947 -608.147077 -604.387991 -596.216263 -593.697743 -591.265415 -574.150106 -545.100038 -427.665092 -305.094881 -290.684540 -273.384228 -241.059666 -187.088144 -138.172565 -132.240709 -159.703932 -179.654993 -186.428420 -175.496997 -152.924312 -133.469837 -111.296728 -97.042719 -91.724709 -99.887526 -112.034834 -126.254463 -133.536691 -137.128693 -144.186921 -148.657844 -148.640186 -151.110142 -147.956358 -146.821378 -156.893833 -168.927853 -182.494249 -194.203245 -202.805455 -205.858536 -205.592564 -206.586620 -209.941602 -217.467402 -227.217085 -238.778923 -249.038662 -256.950840 -262.386142 -267.656911 -274.682099 -282.428211 -290.693579
-9999.0 -9999.0 -622.957482 -604.309359 -602.085248 -599.404483 -597.003484 -583.889887 -568.937006 -513.317642 -429.041603 -381.216253 -351.285433 -320.299500 -276.078066 -238.218059 -232.966625 -227.386879 -250.626572 -249.726417 -243.007724 -233.941004 -221.142547 -207.219274 -194.908114 -188.066793 -185.758296 -188.885871 -198.165365 -211.681441 -226.475525 -237.523376 -244.407009 -249.372704 -243.466005 -234.763786 -236.620222 -242.938646 -253.045415 -265.999912 -276.688628 -287.228047 -289.879689 -288.923186 -289.001975 -291.631232 -296.288238 -306.856183 -317.701840 -328.702419 -334.055111 -339.182618 -344.125618 -352.533952 -360.877890 -369.791375
-9999.0 -9999.0 -644.977051 -613.949895 -601.560734 -593.113115 -594.436165 -593.206159 -574.526506 -564.621120 -548.072024 -519.886058 -484.881303 -436.429280 -404.843866 -376.203788 -363.698908 -357.818246 -357.614519 -350.475836 -335.692305 -320.524060 -309.479475 -298.812815 -288.721296 -280.669536 -273.880856 -282.350641 -291.016513 -303.790131 -319.656319 -337.014866 -346.287178 -351.366407 -348.159742 -342.376061 -346.156945 -353.728134 -363.745774 -374.755216 -382.555553 -389.799293 -391.687534 -392.326139 -392.411502 -393.987921 -396.419796 -404.092145 -415.980075 -426.783300 -436.199904 -444.632496 -449.984543 -460.182432 -472.401331 -481.405752
