examples/3D/Borden05m/output-maps-SE27XX/psiliqL0022N0004.asc
ncols         160
nrows         34
xllcorner     620200.000000
yllcorner     5168000.000000
cellsize      0.500000
NODATA_value  -9999.0
[rows 0 to 24 of 34, columns 0 to 54 of 160]
-9999.0 -9999.0 -9999.0 -9999.0 -9999.0 -9999.0 -9999.0 -9999.0 -9999.0 -9999.0 -9999.0 -9999.0 -9999.0 -9999.0 -9999.0 -9999.0 -9999.0 -9999.0 -9999.0 -9999.0 -9999.0 -9999.0 -9999.0 -9999.0 -9999.0 -9999.0 -9999.0 -9999.0 -9999.0 -9999.0 -9999.0 -9999.0 -9999.0 -9999.0 -9999.0 -9999.0 -9999.0 -9999.0 -9999.0 -9999.0 -9999.0 -9999.0 -9999.0 -9999.0 -9999.0 -9999.0 -9999.0 -9999.0 -9999.0 -9999.0 -9999.0 -9999.0 -9999.0 -9999.0 -9999.0
-9999.0 -9999.0 -9999.0 -9999.0 -9999.0 -9999.0 -9999.0 -9999.0 -9999.0 -9999.0 -9999.0 -9999.0 -9999.0 -9999.0 -9999.0 -9999.0 -9999.0 -9999.0 -9999.0 -9999.0 -9999.0 -9999.0 -9999.0 -9999.0 -9999.0 -9999.0 -9999.0 -9999.0 -9999.0 -9999.0 -9999.0 -9999.0 -9999.0 -9999.0 -9999.0 -9999.0 -9999.0 -9999.0 -9999.0 -9999.0 -9999.0 -9999.0 -9999.0 -9999.0 -9999.0 -9999.0 -9999.0 -9999.0 -9999.0 -9999.0 -9999.0 -9999.0 -9999.0 -9999.0 -9999.0
-9999.0 -9999.0 -9999.0 -9999.0 -9999.0 -9999.0 -9999.0 -9999.0 -9999.0 -9999.0 -9999.0 -9999.0 -9999.0 -9999.0 -9999.0 -9999.0 -9999.0 -9999.0 -9999.0 -9999.0 -9999.0 -9999.0 -9999.0 -9999.0 -9999.0 -9999.0 -9999.0 -9999.0 -9999.0 -9999.0 -9999.0 -9999.0 -9999.0 -9999.0 -9999.0 -9999.0 -9999.0 -9999.0 -9999.0 -9999.0 -9999.0 -9999.0 -9999.0 -9999.0 -9999.0 -9999.0 -9999.0 2505.443217 2488.495690 2474.837497 2471.328925 2493.327286 2517.052103 2541.432995 2562.529533
-9999.0 -9999.0 -9999.0 -9999.0 -9999.0 -9999.0 -9999.0 -9999.0 -9999.0 -9999.0 -9999.0 -9999.0 -9999.0 -9999.0 -9999.0 -9999.0 -9999.0 -9999.0 -9999.0 -9999.0 -9999.0 -9999.0 -9999.0 -9999.0 -9999.0 -9999.0 -9999.0 -9999.0 -9999.0 -9999.0 -9999.0 -9999.0 -9999.0 -9999.0 -9999.0 -9999.0 -9999.0 -9999.0 -9999.0 -9999.0 2553.390005 2559.542774 2560.090850 2550.498033 2539.662906 2526.818251 2506.716283 2489.500815 2476.247550 2474.614136 2477.641400 2481.555278 2503.329408 2529.108579 2549.527014
-9999.0 -9999.0 -9999.0 -9999.0 -9999.0 -9999.0 -9999.0 -9999.0 -9999.0 -9999.0 -9999.0 -9999.0 -9999.0 -9999.0 -9999.0 -9999.0 -9999.0 -9999.0 -9999.0 -9999.0 -9999.0 -9999.0 -9999.0 -9999.0 -9999.0 -9999.0 -9999.0 -9999.0 -9999.0 -9999.0 -9999.0 -9999.0 -9999.0 -9999.0 2459.072848 2476.452017 2494.877661 2513.914593 2531.333180 2538.743219 2544.787837 2550.591198 2546.532143 2542.524617 2531.413125 2511.394990 2492.473368 2479.804267 2478.978174 2477.078815 2481.407723 2493.896185 2511.151732 2527.080145 2548.283319
-9999.0 -9999.0 -9999.0 -9999.0 -9999.0 -9999.0 -9999.0 -9999.0 -9999.0 -9999.0 -9999.0 -9999.0 -9999.0 -9999.0 -9999.0 -9999.0 -9999.0 -9999.0 -9999.0 -9999.0 -9999.0 -9999.0 -9999.0 -9999.0 -9999.0 -9999.0 -9999.0 -9999.0 2461.389353 2455.836615 2451.522925 2450.621991 2449.877898 2449.487326 2456.624705 2468.482755 2486.338919 2508.886779 2522.663427 2530.458622 2537.756123 2538.709948 2533.583623 2532.326565 2533.307144 2521.404921 2509.805762 2498.979845 2488.474708 2486.369395 2496.045983 2510.853849 2527.655097 2542.891481 2558.715971
-9999.0 -9999.0 -9999.0 -9999.0 -9999.0 -9999.0 -9999.0 -9999.0 -9999.0 -9999.0 -9999.0 -9999.0 -9999.0 -9999.0 -9999.0 -9999.0 -9999.0 -9999.0 -9999.0 -9999.0 -9999.0 -9999.0 -9999.0 2429.163611 2434.654076 2441.671906 2449.861864 2451.409740 2448.409088 2443.539714 2441.416278 2440.681795 2439.286831 2444.492399 2452.417721 2466.146844 2482.179190 2504.976151 2513.942523 2519.346449 2531.529379 2535.535108 2543.327801 2547.853949 2546.564658 2543.357246 2529.680367 2519.310447 2522.862085 2527.976193 2535.374832 2544.139442 2558.049784 2572.749152 2589.042529
-9999.0 -9999.0 -9999.0 -9999.0 -9999.0 -9999.0 -9999.0 -9999.0 -9999.0 -9999.0 -9999.0 -9999.0 -9999.0 -9999.0 -9999.0 -9999.0 -9999.0 -9999.0 -9999.0 2403.100475 2404.406350 2406.235878 2411.491903 2412.406168 2414.766520 2422.167735 2430.848458 2434.252918 2432.854610 2432.444111 2434.565310 2437.943385 2443.176501 2454.600536 2468.782480 2483.413790 2497.138528 2518.442487 2533.487898 2546.721644 2562.741627 2563.441977 2560.311733 2559.166439 2559.755879 2559.086773 2559.699401 2560.365344 2567.051383 2569.487134 2574.369720 2583.975818 2595.928889 2613.347507 2632.016623
-9999.0 -9999.0 -9999.0 -9999.0 -9999.0 -9999.0 -9999.0 -9999.0 -9999.0 -9999.0 -9999.0 -9999.0 -9999.0 -9999.0 -9999.0 -9999.0 2373.317052 2375.396441 2378.117570 2383.976954 2387.863238 2392.295635 2399.724603 2401.620352 2405.710676 2413.416452 2418.647858 2428.461433 2437.423513 2445.259868 2451.827801 2455.009784 2462.462060 2472.410533 2484.537146 2499.355313 2520.322436 2544.153856 2560.390680 2577.566891 2595.237345 2596.348521 2595.373758 2596.408775 2595.933431 2598.951235 2614.596118 2618.980910 2616.203190 2628.472407 2641.385074 2645.451277 2654.330673 2674.581340 2697.734516
-9999.0 -9999.0 -9999.0 -9999.0 -9999.0 -9999.0 -9999.0 -9999.0 -9999.0 -9999.0 -9999.0 -9999.0 -9999.0 2323.728654 2328.045334 2338.475976 2349.690097 2353.009220 2358.222722 2365.203048 2377.835249 2381.954358 2388.488603 2396.324609 2409.400074 2418.671101 2428.210318 2440.598834 2449.359102 2457.024680 2464.255516 2468.689339 2481.368159 2496.384688 2511.789091 2531.772612 2554.093408 2573.565306 2592.627531 2609.235517 2622.071803 2621.507539 2621.197415 2623.939880 2630.138721 2646.132141 2664.046320 2667.778594 2680.487187 2702.180135 2713.979626 2723.361184 2731.177055 2745.542563 2767.289754
-9999.0 -9999.0 -9999.0 -9999.0 -9999.0 -9999.0 -9999.0 -9999.0 -9999.0 -9999.0 2293.538141 2295.572667 2292.353063 2290.897710 2296.899472 2309.649840 2324.434937 2330.818008 2343.200850 2364.931871 2383.827005 2387.523209 2401.794230 2412.800769 2420.211602 2430.843956 2444.329490 2457.160715 2473.537806 2485.996301 2496.298392 2514.259974 2530.750864 2547.582862 2565.540363 2586.332544 2603.895073 2629.643703 2656.954087 2667.916673 2687.296140 2693.438354 2690.469029 2690.054359 2699.913390 2713.550157 2731.104506 2749.646317 2768.248342 2791.561864 2804.833476 2818.760132 2829.126521 2840.922162 2856.910158
-9999.0 -9999.0 -9999.0 -9999.0 -9999.0 -9999.0 -9999.0 -9999.0 2268.118057 2276.234848 2282.240092 2279.431656 2275.364586 2270.616128 2285.458500 2301.525348 2317.940827 2336.546880 2352.745194 2371.448226 2386.275770 2402.015528 2422.836205 2434.599334 2446.170454 2461.872159 2475.697741 2491.902394 2513.197101 2523.363687 2537.128407 2557.843348 2574.991820 2592.939309 2612.036949 2629.834466 2654.275327 2686.444295 2717.370029 2736.696715 2763.802753 2782.420708 2779.228640 2779.917764 2783.226213 2807.884383 2835.674672 2865.384178 2835.278708 2856.499170 2884.336864 2901.156798 2910.496651 2921.866987 2935.835131
-9999.0 -9999.0 -9999.0 -9999.0 -9999.0 -9999.0 2239.265210 2263.833063 2279.326423 2271.304135 2259.006869 2254.796871 2249.831999 2278.605760 2301.379609 2319.240151 2336.557853 2354.643705 2371.454660 2381.994783 2413.887644 2433.416272 2446.886652 2462.573782 2477.787397 2493.016513 2510.431070 2533.198111 2552.895091 2578.161007 2598.641024 2618.743913 2645.550370 2664.951970 2683.748737 2700.250451 2730.194777 2765.535619 2801.592774 2828.457613 2854.394006 2837.195463 2836.539140 2839.445621 2842.834195 2865.104035 2897.407220 2925.399419 2954.320328 2984.733000 3011.089262 2997.492313 3004.581592 3014.183664 3026.268307
-9999.0 -9999.0 -9999.0 -9999.0 2205.913227 2226.922403 2246.327739 2276.884931 2299.415505 2294.844105 2300.485739 2299.739055 2296.767177 2301.945277 2310.304780 2328.445968 2347.986306 2367.856020 2384.026926 2414.962034 2461.621059 2475.095637 2495.585764 2526.623829 2539.427181 2554.768965 2571.471937 2593.727995 2615.945765 2647.644404 2686.661167 2720.077704 2744.463974 2765.443557 2786.610977 2806.759235 2842.238296 2831.710876 2864.254021 2895.890251 2921.966388 2944.471617 2952.859016 2958.616006 2969.010985 2985.417603 3006.234900 3008.132819 3038.051133 3069.124412 3092.136374 3100.192129 3105.602529 3114.862088 3122.842843
-9999.0 -9999.0 -9999.0 2153.239391 2192.317998 2231.509674 2257.907830 2288.698210 2321.349811 2323.446978 2332.742389 2334.996493 2336.710816 2343.918253 2349.772954 2367.155706 2385.244590 2404.345539 2427.143026 2462.845455 2495.011207 2518.060784 2548.060445 2568.712523 2585.464232 2600.413648 2619.838965 2642.402004 2682.446507 2716.735951 2764.769948 2817.540232 2852.524449 2829.590055 2848.648879 2875.372564 2899.685365 2932.749193 2966.139582 2997.105937 3003.573501 3023.936863 3038.885018 3043.842269 3052.630791 3058.787452 3071.943950 3090.244595 3111.434088 3140.548995 3168.333090 3188.089124 3201.674694 3211.680222 3227.721694
-9999.0 -9999.0 2105.119496 2144.123183 2176.602716 2224.825438 2278.152631 2313.395634 2353.787478 2375.047927 2380.169573 2393.777377 2407.282412 2411.465650 2423.631246 2438.886152 2460.268055 2469.479948 2489.647459 2511.857658 2554.429745 2593.385637 2599.590074 2644.568029 2677.021850 2708.684270 2729.005719 2756.992865 2795.540386 2833.613720 2837.838161 2884.015046 2917.847561 2943.577336 2959.049181 2978.414472 2998.172368 2998.668511 3031.359986 3056.992073 3086.652106 3111.146253 3130.659229 3133.087926 3136.044850 3151.334374 3177.012900 3198.319759 3224.218983 3250.354590 3241.938068 3259.817179 3267.958678 3272.522763 3279.690552
-9999.0 -9999.0 2076.096150 2122.163264 2158.946921 2220.283161 2304.702362 2340.473364 2382.092159 2428.548800 2444.939379 2468.261010 2469.792482 2467.416521 2488.227867 2506.668151 2525.305165 2533.913954 2531.457756 2585.674796 2642.320811 2677.528463 2699.583825 2773.358238 2824.000743 2846.325383 2825.205641 2842.741000 2863.829061 2903.086821 2940.805279 2992.407170 3011.012555 3037.862621 3051.673240 3069.759969 3088.273647 3101.652850 3119.822905 3162.197971 3187.061843 3214.462498 3243.469273 3263.612911 3271.241672 3275.195218 3255.153657 3269.960796 3280.293457 3284.771655 3286.482147 3282.815344 3282.188210 3282.941694 3283.879467
-9999.0 1984.164448 2036.625685 2088.209098 2154.396577 2218.179345 2296.460096 2373.730648 2437.361627 2488.561229 2516.147964 2517.312654 2531.780758 2564.197591 2587.059224 2608.594120 2614.681301 2624.554116 2610.709362 2664.550108 2707.600387 2766.224852 2835.717862 2889.180818 2944.425453 2942.618961 2931.159959 2938.652608 2957.106516 3000.401140 3050.488076 3099.975767 3157.359348 3195.497342 3210.149255 3216.284327 3233.438333 3252.750644 3215.393662 3249.844029 3265.104483 3278.176954 3284.583801 3286.405576 3287.429752 3287.258356 3283.718168 3276.925814 3268.927143 3263.218143 3259.079619 3254.583692 3257.013953 3260.322823 3260.752218
-9999.0 1946.796303 2004.988137 2074.620233 2143.550036 2198.376108 2288.884250 2447.284609 2507.382235 2545.979591 2558.775830 2552.640756 2618.206165 2681.528874 2710.881838 2757.144962 2747.419042 2736.298429 2710.430314 2740.442895 2784.142392 2821.439300 2974.164924 3040.445437 3080.646099 3088.830715 3091.133360 3117.738590 3157.602705 3193.912380 3231.535277 3210.901954 3250.461673 3269.385480 3273.419692 3274.011820 3278.365740 3277.226319 3275.405108 3271.162156 3266.141336 3266.293804 3270.654510 3270.481550 3267.615000 3264.389556 3258.790502 3251.371998 3246.108740 3241.502588 3238.824411 3235.942654 3234.136890 3233.712574 3229.139338
-9999.0 1910.123959 1983.765469 2044.023402 2096.977550 2196.606979 2325.637970 2467.299840 2563.196507 2599.400056 2594.361136 2643.104974 2745.124051 2829.097493 2879.072893 2901.279701 2889.652507 2851.601941 2840.144929 2883.478265 2950.036652 3036.940184 3154.083020 3236.876229 3249.823208 3252.564384 3214.503146 3235.071724 3254.115973 3256.025577 3256.870469 3262.884282 3267.833552 3270.598459 3269.112689 3266.256044 3261.525832 3253.477582 3248.667215 3245.133192 3241.467349 3240.529312 3242.702205 3244.276158 3241.568597 3237.727932 3233.274573 3227.729108 3222.014096 3215.376216 3211.230024 3207.113447 3205.036721 3199.834826 3196.176871
-9999.0 1794.860643 1888.591235 1934.218102 2022.627943 2206.478377 2335.195943 2479.385226 2638.662376 2666.762106 2723.219676 2840.094721 2950.931024 3016.432657 3046.662633 3080.897253 3105.318773 3122.475115 3156.883682 3064.892053 3134.585762 3209.540811 3244.632007 3259.791847 3266.071885 3266.408802 3257.098287 3236.848166 3226.249927 3219.518934 3221.142491 3228.371144 3233.266710 3238.233177 3235.998295 3236.863827 3237.574527 3234.296464 3230.850828 3222.376872 3214.646397 3208.291122 3205.530708 3210.392729 3205.701661 3203.122838 3197.111142 3189.426630 3187.486034 3180.453807 3172.694501 3166.174439 3163.832209 3158.727307 3157.548130
-9999.0 1713.994546 1788.049360 1857.868045 1978.013059 2142.158295 2249.802533 2411.146601 2641.267027 2770.587405 2906.522984 2987.130131 3048.027056 3093.204856 3145.250505 3189.715127 3213.609943 3223.328373 3198.646870 3215.610069 3180.241706 3169.656996 3181.350835 3208.289606 3223.493529 3227.268610 3219.152544 3209.503931 3202.306276 3201.203512 3199.321889 3196.104456 3192.771417 3189.648894 3186.517549 3189.117914 3194.152643 3187.873346 3184.575521 3175.984953 3167.912055 3159.057143 3153.304709 3149.116494 3149.027577 3149.189852 3141.735968 3131.483591 3121.305778 3113.235672 3106.025622 3101.285154 3098.766405 3094.026998 3086.689972
-9999.0 1601.151521 1730.101192 1812.429380 1916.098035 2047.742348 2159.560527 2315.540497 2452.362978 2688.416475 2822.161565 2981.409548 3017.311057 3080.288380 3129.669157 3194.512240 3191.511018 3163.612992 3123.651832 3107.299167 3115.856848 3124.273706 3133.228892 3148.793755 3165.909017 3175.591507 3179.478539 3172.949093 3159.000681 3147.629281 3138.030235 3125.703702 3117.125048 3115.097057 3118.017425 3127.020455 3128.121816 3118.999626 3105.887773 3090.120830 3075.225878 3063.914972 3061.656839 3063.983303 3064.771010 3060.972399 3054.978127 3044.590099 3032.261768 3020.292997 3014.218518 3009.686939 3002.688225 2993.701359 3004.663371
-9999.0 -9999.0 1647.819077 1757.099030 1855.342143 1970.157465 2068.115736 2194.660513 2338.400890 2513.441954 2631.280367 2793.918881 2865.196635 2908.132527 2946.526356 2989.840893 3010.989435 3037.224144 3025.269770 3033.518894 3041.459666 3046.247777 3052.308148 3059.385103 3070.364597 3079.936277 3089.116482 3086.496124 3077.605042 3058.327449 3034.674612 3016.304536 3006.436328 2998.025185 3009.135337 3021.222437 3016.621220 3009.931004 2999.259710 3005.693844 2993.826050 2979.823571 2976.236234 2976.228122 2976.583540 2974.026721 2970.972043 2961.170445 2948.778355 2938.211066 2933.613768 2927.728688 2923.434895 2913.366620 2903.707300
-9999.0 -9999.0 1560.729356 1666.267486 1772.397413 1891.531768 1980.839872 2015.579728 2157.147326 2265.091081 2371.754085 2478.959939 2570.864475 2639.057380 2676.779007 2739.454027 2791.666249 2810.626845 2820.609087 2864.198934 2895.508444 2930.862302 2952.263270 2960.850227 2973.845224 2988.022199 2996.067673 2982.341752 2971.466324 2955.010543 2935.160746 2910.077507 2897.276361 2895.854342 2896.030657 2898.796513 2891.906212 2882.892583 2868.807292 2855.781802 2843.547516 2833.876485 2830.098114 2825.216012 2823.175073 2820.427997 2821.019703 2858.363248 2848.736814 2842.663772 2833.935276 2828.883851 2826.715230 2821.859729 2814.470277
