examples/3D/Borden05m/output-maps-SE27XX/psiliqL0000N0003.asc
ncols         160
nrows         34
xllcorner     620200.000000
yllcorner     5168000.000000
cellsize      0.500000
NODATA_value  -9999.0
[rows 0 to 24 of 34, columns 56 to 111 of 160]
-9999.0 -9999.0 -9999.0 -9999.0 -9999.0 -9999.0 -9999.0 -9999.0 -9999.0 -9999.0 -9999.0 -9999.0 -9999.0 -9999.0 -9999.0 -9999.0 -9999.0 -9999.0 -9999.0 -9999.0 -9999.0 -9999.0 -9999.0 -9999.0 -9999.0 -9999.0 -9999.0 -9999.0 -9999.0 -9999.0 -9999.0 -9999.0 -9999.0 -9999.0 -9999.0 -9999.0 -9999.0 -9999.0 -9999.0 -9999.0 -9999.0 -9999.0 -9999.0 -9999.0 -9999.0 -9999.0 -9999.0 -9999.0 -9999.0 -9999.0 -9999.0 -9999.0 -9999.0 -9999.0 -9999.0 -9999.0
-9999.0 -9999.0 -9999.0 -592.960805 -594.031882 -594.768931 -595.174585 -596.667106 -597.808069 -599.166602 -599.366321 -599.201193 -599.447461 -599.997610 -599.278400 -598.353541 -597.564244 -596.444051 -596.673377 -596.544065 -596.110361 -595.991904 -596.187809 -596.703752 -597.033396 -597.425296 -596.864823 -598.426454 -600.448794 -601.995410 -602.304292 -600.971370 -600.186418 -600.343239 -599.607781 -598.005879 -596.639186 -596.194202 -594.546612 -594.822536 -594.163706 -593.066174 -593.939658 -594.141836 -594.002740 -593.661831 -595.980456 -9999.0 -9999.0 -9999.0 -9999.0 -9999.0 -9999.0 -9999.0 -9999.0 -9999.0
-597.415657 -594.399035 -594.608529 -599.012503 -599.420673 -599.502802 -599.293432 -599.910062 -601.517578 -601.905967 -603.095077 -603.601245 -603.737456 -604.216800 -603.846162 -601.885056 -600.489698 -600.097057 -600.403881 -600.561860 -600.984955 -601.289221 -601.190725 -601.677455 -602.123056 -602.598798 -602.455366 -601.215849 -602.692073 -603.421541 -604.140465 -604.905453 -604.619060 -604.384045 -604.301731 -602.448145 -601.738403 -601.246041 -598.742804 -596.401616 -595.792516 -596.749940 -597.790858 -597.516536 -597.588997 -598.538800 -599.460267 -599.465812 -599.909507 -600.089793 -600.959761 -599.611162 -599.640509 -598.118984 -596.838789 -595.345187
-601.414829 -597.960674 -598.198546 -601.509352 -603.488733 -604.069327 -603.638797 -602.249541 -602.793014 -603.949345 -605.686516 -603.734074 -604.008065 -604.192004 -603.844404 -603.190112 -602.957800 -602.652650 -602.199547 -600.431314 -600.574678 -600.731276 -600.639259 -600.944022 -601.510185 -601.455935 -601.760812 -603.242088 -602.996794 -602.627554 -602.943323 -601.476776 -601.400420 -600.574789 -603.162767 -602.752940 -602.142936 -601.712329 -601.397465 -601.018310 -600.473362 -601.599014 -600.803037 -601.692613 -603.675891 -604.152117 -603.972729 -602.354175 -601.520191 -602.504380 -606.013610 -604.161324 -600.242867 -600.552449 -601.177974 -599.262303
-603.666865 -602.965556 -603.421250 -604.792580 -603.461712 -602.383363 -601.694398 -602.318258 -603.578413 -605.085396 -601.911455 -600.615965 -601.326934 -600.967606 -600.059105 -600.041739 -603.992294 -605.019996 -603.499330 -601.899856 -601.223214 -601.942333 -602.287135 -602.944916 -602.933345 -602.516158 -602.936806 -602.316317 -601.784458 -602.440082 -601.425993 -600.283819 -599.189183 -601.686549 -603.925780 -603.804435 -601.963546 -600.627547 -599.946970 -598.005116 -594.951302 -595.471915 -596.172886 -596.511543 -596.877826 -600.436814 -603.658379 -604.917995 -605.456151 -606.385815 -605.648778 -606.311645 -603.213397 -603.462134 -603.968346 -602.464544
-606.411080 -602.564063 -601.612195 -603.752932 -604.913639 -605.434773 -605.098576 -605.514413 -605.441212 -602.626996 -601.096641 -598.457397 -599.429879 -599.351172 -599.452470 -602.144269 -604.165528 -605.545596 -601.487995 -598.241174 -597.178109 -598.052773 -598.770083 -595.817587 -596.700899 -597.100521 -598.860736 -598.228422 -598.457992 -595.324304 -594.127656 -592.491254 -593.135813 -596.215171 -598.788627 -598.942981 -598.696452 -599.040299 -598.323454 -596.369356 -593.883328 -595.696027 -596.514424 -596.392637 -601.803984 -605.979882 -607.392542 -604.491970 -602.825082 -603.120540 -602.844387 -602.712283 -604.823624 -604.324346 -604.093318 -605.082645
-598.706802 -596.512212 -592.813119 -595.335769 -597.112262 -600.253656 -599.912297 -599.528275 -598.457165 -596.942734 -594.052348 -588.472944 -589.572221 -589.200728 -587.324114 -590.379089 -593.223346 -597.482716 -592.789992 -591.690848 -590.097841 -590.284893 -586.556045 -583.215673 -585.281113 -588.105544 -591.409924 -589.402137 -584.951883 -580.754115 -579.751090 -579.258741 -578.464973 -581.459067 -582.276097 -582.958049 -582.715208 -584.724587 -584.660120 -581.488246 -576.022986 -575.406510 -578.164580 -583.407472 -591.147225 -598.032262 -601.717711 -597.598132 -598.833921 -599.399200 -598.735484 -601.356702 -602.880077 -600.689889 -602.665822 -604.183741
-596.462945 -594.244993 -589.979000 -591.779064 -595.125234 -598.631974 -598.560124 -596.441146 -595.398916 -591.286054 -585.301317 -578.114354 -573.762648 -569.809908 -565.483833 -568.805801 -572.436359 -576.535146 -575.873791 -571.030378 -566.011831 -559.879835 -552.751813 -544.721119 -546.794882 -550.919159 -551.274095 -549.486974 -540.718963 -531.849260 -527.876391 -525.181873 -520.071413 -523.514526 -529.788459 -536.654499 -543.126230 -548.517327 -552.581940 -545.328477 -537.015889 -538.643042 -553.604287 -565.150814 -576.481862 -586.232638 -595.851358 -595.837144 -594.198469 -592.734466 -596.151227 -597.805217 -600.897961 -601.583533 -601.307156 -604.598206
-576.348806 -570.501549 -563.522795 -560.251503 -566.643403 -567.536292 -565.216064 -560.274784 -558.320430 -552.167224 -532.979189 -498.152897 -465.647488 -443.573931 -439.807291 -446.648466 -455.806858 -471.404922 -480.345370 -467.078165 -453.520191 -442.686612 -434.895693 -427.945669 -422.873062 -423.222232 -423.146248 -421.685746 -419.913353 -416.404372 -412.001193 -407.390849 -402.069989 -400.133158 -406.470704 -412.915297 -419.769303 -425.960976 -427.641732 -429.544084 -426.187061 -426.638210 -438.625008 -459.057183 -492.138772 -527.807193 -549.487370 -563.000748 -563.346502 -569.322178 -574.085648 -579.322993 -589.701204 -592.597796 -594.222286 -602.171173
-527.882741 -498.823152 -477.850449 -459.657752 -456.814406 -453.087888 -449.876475 -444.926475 -440.727038 -436.458774 -416.326882 -389.445801 -361.719812 -338.547526 -329.560158 -337.551648 -346.547069 -356.715525 -365.651217 -365.711121 -354.551486 -340.800200 -327.315243 -318.471007 -315.274898 -316.738359 -316.627737 -315.722984 -313.082461 -311.373306 -307.781578 -301.966946 -292.266503 -280.213974 -282.503547 -297.491596 -310.038867 -324.833298 -331.980041 -335.679269 -341.227661 -342.020002 -342.312437 -362.490312 -384.531466 -409.106865 -431.589716 -447.000406 -468.505418 -492.828700 -514.442785 -544.604866 -564.970409 -578.824855 -588.087035 -596.429813
-418.946934 -396.856511 -374.602808 -360.765941 -354.780642 -351.730714 -347.381359 -340.722627 -335.075455 -327.341708 -311.299299 -279.918519 -244.431091 -211.305176 -203.252618 -209.493213 -219.425927 -230.843226 -239.384908 -241.854280 -237.769433 -228.966414 -216.665806 -205.872994 -195.269803 -195.254895 -194.688611 -197.378983 -194.816127 -192.833952 -193.692315 -187.747618 -180.265154 -169.886700 -167.506464 -175.512996 -191.163022 -209.500238 -223.735441 -235.696106 -243.596694 -245.558395 -245.618823 -246.380593 -265.457491 -295.538068 -334.508759 -361.379804 -381.747566 -393.999805 -406.349582 -416.757821 -440.750697 -456.162046 -489.739307 -527.350724
-328.293472 -303.152649 -276.209789 -256.668019 -245.220585 -240.144737 -230.447333 -221.162178 -213.109053 -202.462554 -188.392854 -168.954151 -138.851932 -76.881783 -57.579375 -59.377763 -68.198186 -81.931072 -113.521312 -84.400458 -112.781618 -79.789662 -75.444039 -63.856433 -50.820253 -46.606810 -45.457009 -77.607836 -46.075530 -45.722362 -75.367562 -45.972042 -73.863414 -39.125118 -37.673288 -39.640246 -51.761200 -68.294967 -110.293603 -137.189286 -145.522884 -150.322994 -151.788281 -154.534700 -163.909159 -188.073563 -224.819786 -260.221396 -285.921939 -304.169241 -316.960842 -325.637323 -332.515142 -345.208868 -368.109079 -399.842528
-225.622039 -202.806623 -180.091096 -155.642922 -139.551887 -125.492820 -84.545269 -74.997926 -64.135538 -49.775234 -62.992211 -26.340005 -15.418520 2.519265 10.937447 15.900348 17.622475 17.711086 20.799343 19.551240 20.856949 20.627470 21.803794 21.052552 24.352725 24.425853 23.946590 24.891642 24.576730 24.264262 25.507921 24.267983 22.947460 23.201887 22.417728 23.325014 20.370615 13.239773 0.074756 -11.482836 -18.113345 -24.788674 -32.748064 -41.589959 -49.728655 -62.352045 -122.534739 -159.449385 -192.077496 -211.650111 -221.056815 -227.120653 -232.266955 -245.784252 -265.723472 -290.299365
-79.829898 -66.980825 -51.593892 -30.336186 -41.707423 -7.775135 1.034613 4.436785 13.850406 23.654788 25.045061 26.585163 25.030768 26.294759 25.411114 26.153097 25.348277 24.308960 22.767026 23.118081 17.116892 9.024157 10.258244 11.344676 13.617407 16.721481 15.549852 15.858728 19.138784 17.621650 12.629889 9.622643 8.045855 8.005806 14.776534 17.019673 18.365893 18.471301 18.195373 18.234425 17.895091 18.184381 17.743548 18.047265 13.103681 5.597307 -12.875432 -38.500584 -66.077064 -119.775967 -133.647642 -134.421580 -138.994841 -147.020445 -171.155543 -198.756723
6.412938 16.627296 27.063210 26.262491 27.134853 26.130967 27.592466 30.191550 29.003893 26.183320 22.453921 17.556873 17.227668 15.806105 13.614912 14.518935 12.637911 9.266049 6.662294 1.658073 -8.873938 -20.511536 -22.119777 -17.158635 -12.816640 -8.972040 -7.044162 -3.827515 -2.510244 -6.296634 -13.482779 -20.038223 -22.102183 -16.239740 -10.703523 -6.913577 -6.178252 -7.832574 -9.331626 -8.755421 -10.701375 -9.975059 -4.102944 7.647748 15.385647 15.130557 15.249490 15.029549 15.126468 -5.108978 -23.249634 -20.723392 -24.391809 -34.650129 -91.332444 -119.507367
20.379215 19.730696 17.847553 12.314146 7.199889 6.805008 10.556440 16.772767 18.277584 12.046946 4.906697 0.211954 -7.220600 -9.204386 -10.330842 -11.332282 -11.135272 -16.412609 -22.766240 -39.305367 -84.332063 -101.364315 -109.172216 -110.469100 -104.984966 -96.815901 -89.728896 -85.781431 -90.696333 -97.209922 -106.148069 -113.545511 -113.285493 -110.265281 -102.050265 -90.882627 -88.665267 -88.039169 -91.717693 -94.107388 -98.292879 -97.355263 -84.288530 -35.828255 -22.282302 -11.091684 -4.286734 2.468640 7.749127 14.835870 14.741711 14.790439 14.618355 10.668297 -1.915512 -19.040790
6.390469 1.154217 -4.066935 -10.553150 -16.350321 -17.696504 -14.214454 -10.048141 -12.734060 -18.373498 -28.488797 -61.407632 -87.119275 -95.801693 -96.295659 -95.040774 -95.238769 -101.476341 -115.762628 -134.629184 -153.667916 -170.070858 -175.225380 -179.792234 -181.827377 -171.570201 -157.225624 -152.298667 -163.581732 -172.144030 -184.541582 -191.718117 -193.931873 -192.150325 -183.190371 -166.364934 -151.267219 -150.683188 -158.848020 -166.439386 -169.986523 -170.174714 -159.265746 -134.493325 -113.443140 -97.996834 -83.751295 -45.733459 -36.255441 -27.205352 -17.388458 -6.236539 3.313032 13.629820 13.967394 13.868195
-17.536578 -29.626209 -66.650219 -78.686700 -86.265464 -90.996000 -93.450344 -95.281353 -101.090793 -108.048245 -118.968044 -134.758062 -149.621705 -163.949330 -167.726717 -169.875523 -168.308792 -179.386776 -191.400251 -211.642937 -228.036825 -243.747445 -251.944114 -257.475606 -262.434891 -254.707185 -238.944732 -230.044673 -244.967261 -254.542029 -267.475753 -273.952571 -277.039072 -276.165023 -267.598394 -245.928310 -228.523218 -223.091258 -230.970219 -237.840437 -240.736553 -240.423835 -233.890346 -215.819737 -194.356773 -173.874590 -157.633152 -143.232628 -132.958157 -121.424139 -105.819510 -87.176206 -42.429229 -25.951522 -9.504263 3.063770
-94.323457 -106.122232 -120.577082 -133.187321 -144.497605 -150.721153 -150.644810 -157.428769 -163.772811 -173.480956 -212.507860 -228.085388 -245.072208 -259.113465 -263.864225 -270.408706 -273.200836 -282.325380 -289.690409 -301.259213 -315.942123 -330.687415 -343.026224 -346.684836 -349.896766 -352.607138 -343.308410 -339.275790 -342.312959 -348.697814 -355.460737 -359.133034 -361.343774 -358.282053 -347.700975 -337.092993 -326.943782 -322.582798 -327.817544 -323.518473 -318.496093 -318.376074 -304.455144 -290.686476 -273.275635 -252.528684 -230.787108 -218.249798 -208.213483 -196.597819 -180.124927 -160.990839 -138.428270 -113.524445 -85.135819 -38.447832
-148.144833 -161.483687 -176.086153 -188.954571 -201.200277 -212.289135 -212.053517 -215.923918 -221.896759 -251.599773 -290.401745 -317.728551 -333.033059 -350.001457 -357.549140 -364.372685 -381.564946 -392.359784 -399.234308 -398.723819 -407.738548 -419.647627 -428.858686 -432.564052 -434.832267 -440.273317 -441.834846 -439.741001 -434.693592 -439.374084 -442.145140 -441.015872 -442.577679 -443.469618 -437.874013 -429.411671 -424.473282 -419.301034 -414.308577 -411.138856 -406.402316 -388.359934 -376.673232 -365.147708 -348.797748 -330.200451 -310.145666 -293.281891 -281.801460 -268.627155 -250.412314 -233.431252 -211.481194 -186.530385 -156.599074 -133.023570
-213.318564 -230.219041 -244.862220 -259.364059 -274.212892 -293.220043 -295.197343 -301.678926 -311.799782 -346.273157 -378.973943 -404.150436 -419.546444 -434.585062 -443.643929 -461.075105 -492.882530 -513.331040 -513.729608 -508.990800 -514.827710 -528.831045 -539.257453 -545.668542 -551.547993 -558.874103 -562.894890 -559.082127 -554.956612 -555.291188 -555.635130 -554.244576 -554.480491 -554.885875 -554.328428 -546.614766 -540.846801 -534.198024 -528.169120 -522.392161 -497.020865 -468.572642 -449.922336 -434.618807 -420.542848 -402.981468 -383.400058 -367.154975 -355.200806 -339.973821 -323.137025 -304.580030 -284.451105 -259.600964 -230.298551 -206.485634
-277.026159 -299.921095 -318.140463 -336.639258 -363.617021 -375.207499 -382.660933 -389.073330 -410.613876 -436.765556 -465.538656 -501.602156 -527.361582 -544.366453 -556.798363 -568.300051 -577.367746 -582.587584 -579.463831 -577.770784 -574.987004 -579.635219 -583.290225 -584.197717 -587.418035 -590.246622 -593.919043 -590.961471 -589.635363 -586.177076 -586.539587 -586.456938 -584.899741 -585.689245 -585.925696 -588.028275 -585.464855 -583.958262 -582.109076 -575.354520 -568.135987 -559.460568 -550.098303 -536.973591 -516.611300 -486.065182 -454.865932 -433.802403 -419.758086 -404.805433 -387.342447 -371.262534 -355.148129 -335.384279 -310.991393 -289.000349
-359.428910 -376.396623 -393.964497 -417.293641 -444.624720 -467.908948 -479.945078 -509.111098 -534.553052 -558.499334 -570.019281 -576.057128 -581.754322 -585.776266 -588.790506 -593.517052 -596.741974 -601.492319 -599.642336 -597.118672 -593.438531 -596.547660 -597.042235 -596.424877 -598.233035 -600.111891 -603.165723 -602.677292 -600.238673 -597.291496 -597.455480 -596.872112 -595.166017 -595.122623 -596.460255 -599.187066 -598.509000 -596.754812 -595.025751 -591.499772 -588.106915 -584.628047 -581.437924 -576.699787 -570.585773 -562.911866 -550.799934 -532.519549 -513.287449 -482.128567 -450.485562 -432.108978 -421.675227 -408.583012 -387.117117 -370.771192
-432.009543 -447.519477 -473.135635 -517.260258 -548.949240 -568.344871 -577.328944 -584.570535 -590.781050 -593.197658 -595.348270 -597.666441 -599.559743 -601.546084 -603.336246 -604.793716 -607.063806 -611.655672 -609.767203 -607.149157 -604.133546 -604.067746 -604.389968 -604.138207 -604.842307 -606.889635 -610.565875 -609.040709 -606.833804 -604.819039 -604.211934 -603.833041 -602.569734 -603.469931 -605.323266 -608.012420 -606.883180 -604.841238 -603.698293 -602.211888 -600.003870 -597.618270 -595.208909 -592.330626 -589.295256 -585.064575 -580.013306 -573.831349 -566.440086 -556.835724 -542.292492 -530.817734 -515.968441 -497.655905 -469.649516 -446.658377
-539.763176 -554.277713 -565.462556 -575.613530 -585.266786 -590.026154 -593.997522 -597.250145 -600.539990 -602.499076 -604.021920 -603.237792 -603.922852 -606.014830 -605.900293 -606.987291 -610.662642 -609.385321 -608.329601 -605.348536 -605.873429 -606.037115 -606.742943 -606.262402 -606.744538 -610.297824 -608.544528 -607.772816 -605.708904 -605.342181 -604.910323 -604.576364 -604.197261 -604.623935 -607.150808 -606.642811 -605.971735 -604.076634 -604.019123 -603.230656 -601.010911 -600.326559 -598.931549 -596.925917 -594.739015 -592.059770 -588.710051 -583.939041 -578.868729 -573.811188 -571.972585 -568.228124 -564.846115 -566.927806 -559.110836 -549.432285
