examples/3D/Borden05m/output-maps-SE27XX/psiliqL0015N0002.asc
ncols         160
nrows         34
xllcorner     620200.000000
yllcorner     5168000.000000
cellsize      0.500000
NODATA_value  -9999.0
[rows 0 to 24 of 34, columns 0 to 55 of 160]
-9999.0 -9999.0 -9999.0 -9999.0 -9999.0 -9999.0 -9999.0 -9999.0 -9999.0 -9999.0 -9999.0 -9999.0 -9999.0 -9999.0 -9999.0 -9999.0 -9999.0 -9999.0 -9999.0 -9999.0 -9999.0 -9999.0 -9999.0 -9999.0 -9999.0 -9999.0 -9999.0 -9999.0 -9999.0 -9999.0 -9999.0 -9999.0 -9999.0 -9999.0 -9999.0 -9999.0 -9999.0 -9999.0 -9999.0 -9999.0 -9999.0 -9999.0 -9999.0 -9999.0 -9999.0 -9999.0 -9999.0 -9999.0 -9999.0 -9999.0 -9999.0 -9999.0 -9999.0 -9999.0 -9999.0 -9999.0
-9999.0 -9999.0 -9999.0 -9999.0 -9999.0 -9999.0 -9999.0 -9999.0 -9999.0 -9999.0 -9999.0 -9999.0 -9999.0 -9999.0 -9999.0 -9999.0 -9999.0 -9999.0 -9999.0 -9999.0 -9999.0 -9999.0 -9999.0 -9999.0 -9999.0 -9999.0 -9999.0 -9999.0 -9999.0 -9999.0 -9999.0 -9999.0 -9999.0 -9999.0 -9999.0 -9999.0 -9999.0 -9999.0 -9999.0 -9999.0 -9999.0 -9999.0 -9999.0 -9999.0 -9999.0 -9999.0 -9999.0 -9999.0 -9999.0 -9999.0 -9999.0 -9999.0 -9999.0 -9999.0 -9999.0 -9999.0
-9999.0 -9999.0 -9999.0 -9999.0 -9999.0 -9999.0 -9999.0 -9999.0 -9999.0 -9999.0 -9999.0 -9999.0 -9999.0 -9999.0 -9999.0 -9999.0 -9999.0 -9999.0 -9999.0 -9999.0 -9999.0 -9999.0 -9999.0 -9999.0 -9999.0 -9999.0 -9999.0 -9999.0 -9999.0 -9999.0 -9999.0 -9999.0 -9999.0 -9999.0 -9999.0 -9999.0 -9999.0 -9999.0 -9999.0 -9999.0 -9999.0 -9999.0 -9999.0 -9999.0 -9999.0 -9999.0 -9999.0 1099.156128 1081.998565 1066.872620 1064.448110 1087.002188 1110.635525 1134.738704 1155.615709 1174.458091
-9999.0 -9999.0 -9999.0 -9999.0 -9999.0 -9999.0 -9999.0 -9999.0 -9999.0 -9999.0 -9999.0 -9999.0 -9999.0 -9999.0 -9999.0 -9999.0 -9999.0 -9999.0 -9999.0 -9999.0 -9999.0 -9999.0 -9999.0 -9999.0 -9999.0 -9999.0 -9999.0 -9999.0 -9999.0 -9999.0 -9999.0 -9999.0 -9999.0 -9999.0 -9999.0 -9999.0 -9999.0 -9999.0 -9999.0 -9999.0 1146.594558 1152.628244 1153.799886 1143.647644 1132.661850 1120.446051 1100.527588 1082.931839 1068.536926 1066.366011 1069.298616 1074.322388 1096.920627 1122.034738 1142.086297 1159.250735
-9999.0 -9999.0 -9999.0 -9999.0 -9999.0 -9999.0 -9999.0 -9999.0 -9999.0 -9999.0 -9999.0 -9999.0 -9999.0 -9999.0 -9999.0 -9999.0 -9999.0 -9999.0 -9999.0 -9999.0 -9999.0 -9999.0 -9999.0 -9999.0 -9999.0 -9999.0 -9999.0 -9999.0 -9999.0 -9999.0 -9999.0 -9999.0 -9999.0 -9999.0 1053.313503 1070.840295 1089.155037 1107.870857 1124.920023 1131.970515 1137.928694 1143.800043 1139.858348 1135.527153 1124.422335 1105.293359 1086.079917 1072.665334 1071.000148 1068.873731 1073.415730 1086.442567 1103.586591 1119.989203 1141.256686 1165.315887
-9999.0 -9999.0 -9999.0 -9999.0 -9999.0 -9999.0 -9999.0 -9999.0 -9999.0 -9999.0 -9999.0 -9999.0 -9999.0 -9999.0 -9999.0 -9999.0 -9999.0 -9999.0 -9999.0 -9999.0 -9999.0 -9999.0 -9999.0 -9999.0 -9999.0 -9999.0 -9999.0 -9999.0 1056.562645 1050.840542 1046.116342 1044.947561 1043.969834 1043.202122 1050.249020 1062.440711 1080.639002 1102.719627 1116.077773 1123.636196 1130.616258 1131.612294 1126.793020 1125.186672 1125.893428 1114.295430 1102.878318 1092.218877 1081.947716 1080.558345 1090.429052 1104.992144 1121.654757 1136.938662 1152.813985 1163.188971
-9999.0 -9999.0 -9999.0 -9999.0 -9999.0 -9999.0 -9999.0 -9999.0 -9999.0 -9999.0 -9999.0 -9999.0 -9999.0 -9999.0 -9999.0 -9999.0 -9999.0 -9999.0 -9999.0 -9999.0 -9999.0 -9999.0 -9999.0 1025.926172 1031.747965 1038.513128 1046.280671 1047.486294 1043.757476 1038.478142 1035.841740 1034.735062 1033.338615 1038.207854 1046.496232 1060.354309 1076.490477 1098.825240 1107.788226 1114.040519 1126.547755 1129.817100 1136.218696 1140.673642 1139.341128 1136.707237 1124.267509 1115.058022 1120.103942 1126.127366 1133.360195 1141.848656 1155.748383 1171.412168 1189.007000 1209.441079
-9999.0 -9999.0 -9999.0 -9999.0 -9999.0 -9999.0 -9999.0 -9999.0 -9999.0 -9999.0 -9999.0 -9999.0 -9999.0 -9999.0 -9999.0 -9999.0 -9999.0 -9999.0 -9999.0 1000.494470 1001.570676 1003.003533 1007.938391 1008.888874 1011.226127 1018.474127 1026.926993 1029.690834 1028.256297 1027.263247 1029.181758 1032.315294 1037.147921 1048.795485 1063.012523 1077.632233 1091.858534 1113.211576 1128.422955 1142.350178 1158.742838 1158.682063 1155.192211 1153.854960 1154.751176 1155.224331 1159.152113 1161.915824 1168.607982 1173.335873 1179.863184 1189.709295 1201.837577 1220.488164 1240.681363 1260.782428
-9999.0 -9999.0 -9999.0 -9999.0 -9999.0 -9999.0 -9999.0 -9999.0 -9999.0 -9999.0 -9999.0 -9999.0 -9999.0 -9999.0 -9999.0 -9999.0 971.486403 973.475061 975.898353 981.480522 984.668383 988.920827 996.150708 997.714006 1001.774927 1009.262482 1014.490276 1023.745896 1032.251308 1039.995192 1046.430996 1049.593923 1057.471635 1067.591254 1079.962677 1095.632500 1117.542235 1141.249369 1158.043662 1175.453569 1193.145480 1194.352929 1193.792866 1195.404554 1196.243595 1202.655858 1220.355455 1226.442435 1227.618017 1243.979989 1258.339312 1263.870719 1272.179061 1292.018271 1316.265917 1339.519341
-9999.0 -9999.0 -9999.0 -9999.0 -9999.0 -9999.0 -9999.0 -9999.0 -9999.0 -9999.0 -9999.0 -9999.0 -9999.0 924.564887 928.866599 938.706547 948.348243 951.159627 955.769648 962.160248 974.663063 978.629983 985.198498 993.119356 1005.457233 1014.507700 1024.101515 1036.411152 1045.299147 1053.045614 1060.588073 1066.582671 1080.288601 1096.033940 1112.301485 1133.078538 1155.739888 1176.808773 1197.820670 1214.428347 1228.732001 1231.078242 1230.800682 1233.793902 1241.856007 1259.312995 1278.644153 1287.784869 1306.060112 1329.599097 1343.535041 1355.646412 1364.948831 1379.236854 1401.275617 1435.950974
-9999.0 -9999.0 -9999.0 -9999.0 -9999.0 -9999.0 -9999.0 -9999.0 -9999.0 -9999.0 891.460925 893.906640 890.728940 890.586011 896.001415 908.416665 922.482071 929.307824 941.252819 962.553405 980.768968 984.673341 999.573904 1010.253692 1017.515811 1028.524790 1042.211057 1055.568254 1072.924483 1086.048252 1098.188579 1118.250688 1135.464290 1152.799593 1171.378054 1192.512661 1212.968058 1242.019564 1269.835786 1283.419008 1306.310270 1317.711458 1315.727139 1316.559466 1326.324986 1342.883380 1364.668195 1388.599800 1411.110122 1437.127096 1454.942296 1470.114119 1481.713134 1494.954279 1511.685002 1548.153242
-9999.0 -9999.0 -9999.0 -9999.0 -9999.0 -9999.0 -9999.0 -9999.0 866.570258 874.129156 880.465876 877.750401 873.581970 869.894796 884.016427 900.194077 916.616676 934.663443 951.065999 969.710235 985.413353 1002.100494 1022.501527 1034.763059 1047.012523 1062.997859 1077.364981 1095.147312 1117.221352 1130.605791 1147.994189 1170.253901 1189.723303 1208.737138 1228.532252 1247.747293 1274.969161 1309.424297 1342.323423 1365.828795 1394.760170 1418.521791 1418.614843 1421.823090 1426.941514 1453.307167 1483.405220 1514.901935 1540.756867 1568.618320 1598.637550 1617.405078 1628.809938 1642.179640 1658.151101 1677.969842
-9999.0 -9999.0 -9999.0 -9999.0 -9999.0 -9999.0 839.048922 863.490204 878.787105 871.152111 861.373699 858.010078 854.247669 878.406062 900.812013 918.536555 935.942085 954.102156 971.204082 984.589661 1018.744824 1037.309468 1052.309057 1070.926915 1086.337267 1101.792514 1120.079223 1144.279495 1166.903401 1197.279780 1223.801557 1248.609765 1275.948321 1296.800844 1316.788516 1336.093555 1368.393309 1406.729418 1444.398618 1474.186494 1502.431663 1534.232825 1542.022371 1548.386260 1555.922185 1577.651898 1609.993494 1640.977786 1675.222963 1707.689893 1734.923759 1747.295923 1758.228789 1770.127772 1784.164756 1796.901773
-9999.0 -9999.0 -9999.0 -9999.0 805.338472 826.414938 846.644095 877.593329 900.479663 895.896060 902.917257 903.447747 902.019789 906.450034 914.095437 932.753069 952.004297 971.558512 989.919618 1025.206077 1070.179153 1086.406167 1111.357066 1144.197706 1158.821741 1175.105529 1192.393636 1216.406323 1243.888073 1278.213662 1322.600060 1360.597495 1387.421501 1411.379866 1433.669138 1456.532964 1491.654031 1530.269440 1568.016050 1602.992553 1633.643174 1660.317876 1673.445201 1681.863593 1694.136960 1710.991947 1732.852138 1760.570540 1792.220391 1824.453790 1849.619180 1863.332364 1871.499016 1882.506093 1893.201693 1905.431470
-9999.0 -9999.0 -9999.0 755.619834 794.468502 832.591085 859.873556 891.147478 923.738446 928.747260 938.300736 943.680793 948.968643 958.106765 967.186544 984.997131 1001.990529 1018.811831 1041.645067 1079.068757 1114.747667 1145.067738 1178.012361 1205.485208 1227.053766 1243.991604 1263.658018 1288.600144 1329.280722 1367.493167 1418.478760 1472.431849 1509.944445 1535.013736 1558.083244 1586.105411 1611.841948 1648.820650 1684.276953 1717.919628 1750.135535 1775.349444 1794.443261 1802.471426 1812.450021 1821.327077 1837.741860 1859.500558 1881.626015 1910.646233 1939.117431 1964.157883 1978.482760 1988.846443 2005.119177 2021.431210
-9999.0 -9999.0 708.294914 746.290253 780.481902 830.860423 884.189944 919.085242 960.479804 984.808404 992.231216 1009.885761 1026.593459 1034.497053 1050.670560 1068.514937 1087.153623 1094.843168 1112.680052 1143.522151 1193.725140 1239.832719 1261.307833 1312.968527 1347.315486 1376.228240 1395.140734 1422.779447 1459.167441 1501.168668 1550.007718 1600.312212 1639.076822 1670.611475 1687.711899 1707.664204 1730.577723 1755.021088 1789.293605 1818.304613 1850.166688 1876.601479 1898.648232 1905.661811 1910.956261 1926.980307 1951.654467 1977.864877 2002.617752 2026.538293 2029.703316 2042.256990 2048.446815 2052.340829 2057.648586 2061.425137
-9999.0 -9999.0 681.446474 726.552065 766.885006 833.391064 913.791296 951.470813 995.040193 1041.756374 1061.281073 1086.726423 1099.289006 1109.456962 1133.808987 1157.025468 1170.588460 1178.375636 1178.936728 1235.198641 1294.227272 1344.983485 1391.827617 1460.086654 1506.804314 1524.914551 1538.608067 1559.988717 1585.017354 1628.215106 1675.323851 1727.907255 1771.332455 1802.341994 1818.745440 1837.310655 1857.603277 1875.242858 1894.387101 1933.951482 1961.933168 1988.250680 2015.601611 2036.162144 2044.840582 2048.819278 2038.288280 2048.827091 2056.271563 2060.041297 2061.884717 2059.277537 2059.269982 2060.476537 2061.816669 2057.018489
-9999.0 592.289892 644.568301 697.861586 766.907125 834.417533 917.908427 998.411856 1056.568695 1105.136169 1135.552321 1148.799603 1185.781939 1229.095369 1256.318771 1284.113219 1288.695194 1295.262020 1286.440622 1335.794589 1385.966414 1460.167213 1569.367708 1626.707245 1672.934939 1676.186936 1672.299883 1685.233474 1709.027975 1752.504152 1819.411279 1866.622775 1919.699668 1959.926263 1975.300354 1982.475674 2000.165207 2020.008463 2006.240418 2029.792574 2041.245990 2051.013437 2054.740679 2057.368853 2059.308694 2060.338105 2057.965692 2052.349846 2045.258159 2040.278093 2036.709532 2032.549542 2035.168339 2038.485251 2039.130634 2032.111383
-9999.0 556.719507 616.228993 687.847346 759.130740 826.908454 930.404044 1074.902288 1130.068642 1169.073551 1193.427890 1216.616760 1295.400430 1362.829940 1398.607720 1444.758832 1441.185221 1432.477822 1419.984580 1453.368550 1502.916449 1576.685204 1718.816611 1803.168809 1833.121908 1845.572563 1853.678476 1880.831430 1917.863159 1954.442649 1987.799024 1986.927903 2014.410798 2028.728877 2033.665382 2036.292855 2040.942993 2042.050888 2041.171885 2038.658403 2035.253506 2036.665050 2041.787290 2042.597762 2040.731739 2038.424486 2033.458437 2026.295563 2020.964812 2016.390917 2013.617771 2010.527424 2008.730308 2008.409689 2003.655433 1997.520143
-9999.0 526.725685 598.175834 661.835068 726.748564 841.162605 968.038980 1104.738416 1199.190265 1239.046514 1263.732993 1334.200559 1436.428992 1533.973229 1587.531836 1615.227843 1618.782125 1599.519917 1603.770845 1648.827378 1713.585486 1805.210517 1897.560619 1974.738742 1989.615703 1995.199509 1975.722570 1990.974383 2005.101941 2009.094049 2012.125462 2017.301016 2024.112729 2028.526337 2028.918729 2027.673527 2024.417764 2017.707310 2013.740290 2011.279879 2008.610211 2008.848679 2012.046915 2013.793439 2011.732513 2008.268406 2003.917703 1998.151659 1991.733738 1984.800371 1980.477141 1976.078074 1973.480430 1968.080109 1963.134154 1956.334179
-9999.0 426.557950 515.243385 570.176289 684.318440 859.502519 987.159380 1138.183032 1286.415835 1327.732257 1404.675897 1526.695441 1633.580103 1708.996909 1751.319309 1795.097301 1826.339623 1851.563772 1887.530722 1844.566964 1901.458779 1959.565253 1985.833734 1999.587242 2003.845392 2007.266819 2001.478954 1984.318462 1975.871350 1970.997152 1974.300711 1982.952920 1989.603191 1996.140377 1995.154414 1996.669583 1997.507647 1994.610218 1991.294485 1983.539195 1976.417284 1971.071306 1969.558582 1974.996186 1970.388966 1967.418340 1961.436972 1953.216287 1944.189280 1936.156921 1928.027981 1920.855998 1917.539935 1911.373034 1909.019573 1899.720595
-9999.0 345.672044 422.582160 511.519777 649.543040 814.548961 944.558393 1113.085372 1323.831198 1443.118177 1570.598994 1645.302058 1719.951619 1781.851433 1845.522461 1894.287072 1921.661035 1934.201381 1925.241127 1937.673718 1907.112508 1901.727540 1920.543215 1948.415487 1963.536847 1969.326976 1962.757790 1953.861794 1948.075403 1948.149038 1947.777113 1946.914086 1945.731622 1944.121122 1941.616642 1944.097210 1948.982151 1943.089916 1934.631237 1926.618007 1919.418145 1911.360642 1906.088361 1902.759363 1901.820364 1901.594303 1894.040473 1883.486575 1872.581495 1863.938918 1855.781539 1849.665955 1846.386286 1840.633893 1831.706640 1818.399035
-9999.0 246.652584 368.364090 462.383101 584.216122 721.841280 849.066183 1014.272767 1164.821437 1387.327654 1546.598158 1657.958568 1701.870924 1762.688925 1823.451443 1892.323048 1899.308956 1873.452925 1843.259890 1830.414023 1837.486795 1848.176065 1861.964423 1882.019654 1900.430314 1911.103533 1914.402397 1907.950062 1895.106204 1886.067313 1879.375356 1869.587712 1862.593014 1861.513655 1862.695977 1870.124073 1872.256628 1863.308050 1850.490500 1834.528204 1820.653507 1810.222556 1807.547081 1809.044213 1809.120944 1805.440021 1798.591024 1787.870124 1775.054574 1762.847090 1755.029946 1749.033141 1741.393018 1730.594020 1718.639781 1705.205056
-9999.0 -9999.0 292.899796 404.278739 512.835821 636.396294 752.495946 896.989725 1049.142368 1232.362355 1352.067830 1485.784894 1560.886053 1608.596790 1659.400549 1715.780978 1737.139926 1758.992710 1745.270903 1751.515511 1759.383173 1766.257587 1776.389677 1788.228187 1801.903635 1812.477993 1820.885871 1819.240017 1810.612404 1793.555880 1773.061901 1757.250603 1748.232461 1741.050024 1750.327762 1761.519352 1758.308365 1751.664714 1739.814569 1724.301210 1711.560566 1698.051274 1694.387457 1694.619340 1694.618050 1691.601349 1687.046337 1674.030643 1660.833658 1648.648963 1642.599232 1635.781151 1629.741659 1618.266624 1606.007012 1592.673058
-9999.0 -9999.0 208.481513 317.551720 432.481835 556.632706 657.747938 732.875923 886.425546 1004.090279 1110.204385 1210.425581 1294.643018 1359.456241 1404.084923 1466.135549 1509.107664 1526.517283 1548.770361 1580.783171 1607.830109 1636.927976 1656.200690 1669.307999 1683.653598 1697.405147 1706.318164 1694.854368 1684.265218 1667.932046 1646.716527 1623.370829 1611.067141 1607.427400 1609.107758 1613.650008 1607.707919 1598.247020 1584.088104 1568.824137 1556.087436 1545.097505 1541.052188 1537.412370 1535.821923 1532.723432 1529.393625 1520.866207 1509.526714 1501.629031 1492.749247 1486.294667 1482.700986 1475.638692 1466.134378 1459.582273
