examples/3D/Borden05m/output-maps-SE27XX/psiliqL0020N0002.asc
ncols         160
nrows         34
xllcorner     620200.000000
yllcorner     5168000.000000
cellsize      0.500000
NODATA_value  -9999.0
[rows 0 to 24 of 34, columns 55 to 109 of 160]
-9999.0 -9999.0 -9999.0 -9999.0 -9999.0 -9999.0 -9999.0 -9999.0 -9999.0 -9999.0 -9999.0 -9999.0 -9999.0 -9999.0 -9999.0 -9999.0 -9999.0 -9999.0 -9999.0 -9999.0 -9999.0 -9999.0 -9999.0 -9999.0 -9999.0 -9999.0 -9999.0 -9999.0 -9999.0 -9999.0 -9999.0 -9999.0 -9999.0 -9999.0 -9999.0 -9999.0 -9999.0 -9999.0 -9999.0 -9999.0 -9999.0 -9999.0 -9999.0 -9999.0 -9999.0 -9999.0 -9999.0 -9999.0 -9999.0 -9999.0 -9999.0 -9999.0 -9999.0 -9999.0 -9999.0
-9999.0 -9999.0 -9999.0 -9999.0 2236.810445 2231.622295 2226.999975 2222.800753 2214.716037 2206.011358 2198.463113 2194.934046 2194.435015 2194.160442 2194.168374 2199.710320 2208.205068 2216.236231 2223.568499 2226.211141 2228.853363 2231.147201 2231.764475 2230.858695 2227.922867 2224.948492 2221.795707 2220.368031 2212.835986 2201.719587 2193.268280 2190.588745 2194.865419 2199.211829 2201.608473 2206.959001 2217.286685 2227.650770 2235.691629 2247.388127 2253.302212 2257.983769 2260.172041 2255.557019 2251.616141 2247.261897 2241.279620 2230.019206 -9999.0 -9999.0 -9999.0 -9999.0 -9999.0 -9999.0 -9999.0
2181.772670 2200.889345 2221.763376 2225.196594 2213.664557 2208.901420 2206.081645 2204.712145 2200.698553 2192.673989 2188.046349 2183.154448 2181.409883 2181.978103 2182.478863 2186.867239 2197.836771 2206.143669 2211.169960 2214.079744 2217.090115 2216.368289 2215.962078 2215.944060 2213.292380 2210.051533 2206.862264 2205.206358 2206.330476 2198.849294 2193.161094 2189.510111 2187.125507 2189.694857 2192.180704 2196.096673 2205.217086 2212.954113 2220.613507 2234.836484 2247.122521 2252.041860 2248.917341 2243.527228 2239.123462 2231.543480 2220.790306 2210.397711 2201.583438 2194.635987 2188.543528 2181.683754 2187.083332 2193.535990 2202.308265
2166.744295 2186.498101 2207.293686 2210.395724 2200.223523 2192.642857 2187.121049 2188.023453 2191.650387 2188.870982 2184.725494 2178.793756 2188.640352 2190.311822 2191.762097 2195.538855 2198.510708 2203.165892 2206.117190 2211.774528 2220.994015 2223.992983 2224.710457 2225.031048 2223.333587 2220.336270 2218.623599 2216.003889 2210.892383 2209.507440 2209.495997 2208.688298 2213.133142 2214.556395 2216.870874 2210.740622 2214.598494 2220.584944 2227.158772 2232.766750 2238.664650 2241.285454 2237.363994 2236.584455 2227.506424 2213.145396 2202.162388 2193.721712 2192.464778 2188.734769 2180.062074 2165.952281 2172.801742 2187.743456 2191.567713
2173.673545 2183.356779 2195.048812 2198.328811 2193.843207 2196.204055 2198.488583 2200.438912 2199.341345 2196.690654 2194.041840 2205.997417 2215.342721 2217.480896 2220.702897 2225.075664 2225.839082 2214.995850 2213.185114 2221.214680 2231.385849 2237.041207 2237.465134 2237.452754 2234.728379 2233.827227 2233.709854 2231.878363 2232.054204 2234.070813 2232.766512 2236.473545 2242.011930 2245.170875 2238.600013 2229.748362 2231.213889 2239.196473 2247.749723 2254.901467 2264.801008 2275.206972 2274.164463 2268.350026 2258.773857 2244.951888 2221.181411 2201.956072 2190.181261 2181.670648 2173.499714 2174.118200 2169.167686 2180.795231 2181.553026
2168.285837 2188.005687 2209.246488 2216.736187 2211.494135 2207.877792 2206.672053 2208.084297 2208.360235 2210.700323 2221.814066 2235.185760 2248.732707 2251.762655 2254.502780 2254.110034 2246.258716 2236.436226 2233.680151 2247.997867 2264.939917 2273.275349 2273.549110 2271.121462 2276.174097 2275.803643 2275.457990 2271.560178 2273.006515 2272.459771 2279.962314 2287.586478 2295.088338 2293.472792 2281.161448 2269.153921 2268.295513 2272.354324 2277.396270 2283.981455 2293.640657 2302.360892 2296.651510 2289.714763 2280.194469 2252.199536 2226.321060 2209.852297 2209.000390 2208.361528 2202.622900 2198.948060 2195.822213 2189.277011 2188.086847
2212.752172 2233.806793 2254.982235 2270.165766 2265.109079 2258.280110 2249.942082 2251.169567 2253.603951 2261.255356 2273.574843 2289.206531 2312.677028 2314.386626 2316.684395 2317.748075 2306.251116 2294.026365 2283.989198 2304.416831 2315.394336 2323.419100 2323.059214 2330.577720 2339.981632 2336.174027 2329.302402 2318.280821 2324.320835 2333.326341 2348.407945 2355.733401 2360.234764 2357.107544 2344.450014 2338.100962 2338.141491 2342.438864 2341.686133 2347.991916 2356.867460 2371.091768 2369.287896 2362.379214 2340.298561 2302.360416 2269.517261 2251.918234 2259.419600 2251.875304 2243.785125 2240.653935 2226.981827 2216.820381 2216.962710
2259.056165 2275.723435 2293.978708 2312.236502 2306.300529 2296.992823 2283.052658 2282.123201 2288.741821 2299.685536 2318.628799 2339.545823 2361.907603 2365.723997 2364.285574 2374.307940 2368.395903 2358.890278 2351.532585 2368.422711 2379.662924 2390.592169 2398.368919 2411.229646 2422.355359 2409.341946 2394.910088 2387.166787 2393.422361 2416.193811 2436.067756 2440.907887 2440.842546 2441.546966 2429.110076 2423.435998 2418.601439 2416.282626 2411.939293 2408.636639 2429.939872 2448.253373 2446.427298 2423.125583 2398.803016 2359.960107 2321.177302 2291.940027 2297.241268 2292.817041 2292.684658 2278.950734 2264.123788 2251.187571 2243.763251
2328.614119 2354.777112 2374.181311 2396.494285 2393.179414 2374.329836 2363.290435 2367.875819 2381.832917 2390.248504 2407.924507 2428.873161 2457.809105 2474.771132 2490.332219 2495.642520 2488.064220 2479.732725 2467.661100 2469.895965 2490.976364 2503.819290 2513.724489 2523.506122 2536.237365 2539.225673 2534.539893 2533.499957 2537.406346 2547.803509 2559.554219 2566.142219 2569.998966 2573.093336 2564.150697 2552.677722 2549.335361 2542.462727 2538.470035 2536.473047 2543.113603 2558.326973 2554.663987 2521.990404 2493.758310 2458.282306 2419.503245 2388.100102 2375.389746 2386.880618 2379.326283 2360.891821 2344.881266 2313.494260 2301.636001
2416.130185 2451.323275 2478.270135 2492.553489 2504.148668 2495.361798 2496.163138 2501.244766 2509.974010 2514.778319 2522.555038 2555.321956 2589.329365 2616.657589 2640.633726 2649.182215 2638.275463 2628.945029 2616.599293 2607.926448 2616.141693 2632.561596 2650.103764 2665.607716 2677.060699 2679.990088 2678.570086 2678.869651 2681.676601 2684.525888 2688.124391 2695.435763 2702.990359 2713.802282 2723.320713 2714.762334 2696.289684 2685.534875 2674.174203 2671.047881 2670.496845 2670.934164 2670.426691 2656.709205 2618.379996 2586.924185 2554.299467 2529.350902 2511.130907 2502.875342 2481.781703 2456.937507 2406.920613 2367.238549 2333.105286
2520.962516 2564.655566 2595.180862 2616.807893 2631.967480 2632.943091 2636.195167 2638.992287 2644.617149 2649.112544 2654.561160 2679.952567 2721.892379 2761.006481 2792.091151 2794.350256 2783.048693 2772.516344 2763.146271 2750.762600 2747.377064 2758.082403 2771.766040 2790.295966 2801.274100 2808.848797 2805.300830 2805.702981 2808.323309 2809.145383 2810.873214 2813.699991 2822.213287 2836.088850 2849.114942 2848.967685 2832.420167 2816.285286 2799.696487 2794.768778 2790.159507 2784.066116 2784.411914 2784.549055 2771.152289 2741.073268 2700.114975 2657.509429 2634.982746 2615.500380 2601.831715 2584.242391 2548.898417 2487.132348 2450.364441
2648.603605 2681.358278 2714.079143 2746.072777 2763.755606 2769.597833 2769.487210 2770.704904 2778.733392 2783.782720 2791.875906 2807.529660 2836.599576 2869.705823 2898.506915 2915.105297 2909.462230 2894.198657 2874.448552 2866.851249 2864.829348 2867.888963 2876.239218 2887.080510 2904.891901 2922.851797 2819.006927 2819.976925 2927.292933 2819.794401 2817.350380 2817.464620 2819.638710 2826.552352 2835.203558 2838.268155 2835.727423 2925.579033 2903.350750 2890.338503 2882.376012 2877.748901 2876.501310 2878.824917 2879.168581 2864.467855 2831.698116 2789.140144 2756.499025 2736.995837 2720.808073 2703.201640 2689.442032 2660.642567 2639.332038
2771.071570 2787.371554 2816.117041 2845.078015 2868.063438 2884.364679 2887.322228 2892.378239 2897.954531 2907.021430 2922.825643 2830.625930 2843.499910 2863.456879 2887.575845 2902.133218 2907.520443 2906.715240 2903.899395 2905.408419 2905.763649 2858.595925 2863.574472 2868.511726 2881.500892 2893.802641 2894.399114 2894.949904 2896.894163 2894.681035 2895.230949 2895.306520 2895.017698 2896.401210 2900.256889 2901.730107 2900.028666 2893.869237 2905.748842 2887.149659 2874.443749 2866.583297 2858.574264 2850.175496 2840.709254 2834.872756 2924.713463 2894.679958 2859.968395 2836.071223 2825.241827 2816.935057 2807.431870 2800.050844 2782.185805
2879.265916 2891.718261 2910.195221 2932.803578 2849.038820 2866.322403 2877.109978 2885.941842 2890.549465 2903.614805 2918.658640 2903.386308 2909.606027 2916.129357 2922.588335 2924.798699 2925.422794 2925.122816 2922.820924 2922.248448 2920.193502 2916.295391 2906.337558 2907.926266 2909.706515 2912.292111 2915.892867 2914.725990 2915.842379 2918.768351 2917.196762 2911.497827 2907.724425 2906.220486 2907.036858 2914.346527 2917.700328 2918.674347 2916.363582 2915.601833 2914.895056 2912.349604 2909.129028 2904.548309 2898.653358 2908.591177 2901.365213 2875.622059 2842.903135 2915.923977 2904.616362 2902.421173 2900.980396 2897.305864 2889.992763
2882.597066 2895.518045 2909.505545 2895.470611 2908.478265 2917.074342 2921.138295 2924.525119 2927.051944 2929.235858 2926.083056 2922.803235 2917.983688 2916.501840 2915.115803 2912.638588 2913.200154 2911.240001 2907.227750 2903.416094 2896.198277 2885.060173 2873.871167 2870.752504 2875.145638 2880.464013 2885.221832 2889.106669 2892.646056 2893.142385 2888.083178 2880.052142 2872.853546 2871.180335 2877.911597 2883.610885 2889.635821 2890.512091 2889.252151 2887.117056 2887.207285 2884.429968 2884.858365 2891.675218 2905.680758 2909.569367 2914.034834 2913.324799 2900.770099 2881.950257 2885.554481 2865.903859 2870.764057 2866.106123 2854.803679
2918.934034 2921.173065 2920.049278 2918.736506 2912.557510 2906.645497 2905.847601 2909.686401 2916.477037 2917.491103 2910.388109 2901.942674 2894.780551 2887.580550 2885.230851 2884.255938 2883.718658 2883.945098 2878.615941 2870.073785 2857.859064 2846.378287 2835.256498 2829.252357 2826.194789 2830.181600 2840.678094 2851.631200 2856.439805 2848.300904 2840.394501 2829.252364 2821.363448 2821.835750 2823.482748 2832.821600 2848.455994 2854.862366 2855.785047 2850.137107 2844.744948 2838.680000 2836.273160 2842.974082 2858.032909 2869.748734 2884.284838 2892.939682 2900.419229 2907.236377 2907.820794 2909.792902 2910.858330 2909.137396 2910.268466
2913.571041 2906.878167 2900.162090 2895.024900 2888.527337 2883.084325 2881.193670 2883.132540 2885.278190 2881.331553 2874.787731 2868.723516 2857.672025 2847.819482 2840.610606 2841.275690 2843.291308 2844.444286 2837.510172 2826.610779 2917.921210 2903.737704 2889.156306 2884.647823 2878.853792 2872.472535 2882.606041 2901.037396 2907.833546 2892.922984 2882.552080 2867.938241 2861.211559 2857.840086 2859.247438 2868.736439 2890.493882 2913.073728 2915.527401 2906.049599 2896.843292 2893.329065 2891.622721 2898.137277 2916.282124 2823.549284 2834.762768 2844.819920 2850.378148 2858.366084 2867.773465 2876.730630 2890.594386 2902.235122 2908.384977
2889.485366 2881.829436 2874.189040 2866.597726 2859.751377 2857.760801 2853.343957 2851.043216 2847.346179 2841.077662 2837.910517 2931.863654 2918.176031 2904.153299 2888.228146 2882.888353 2877.200617 2876.903527 2864.173991 2854.279830 2837.486031 2821.445266 2804.895171 2792.181945 2786.058487 2779.515142 2780.085277 2794.196217 2802.772120 2791.774794 2781.923056 2770.547815 2765.566098 2762.513506 2765.113410 2775.917217 2797.005292 2816.093714 2824.725325 2818.211872 2816.643458 2817.406205 2817.576509 2825.046355 2838.494824 2857.491607 2880.526484 2899.797896 2910.997545 2919.650402 2930.372152 2829.795405 2839.401959 2853.437616 2870.842036
2859.100918 2854.161236 2844.316582 2834.690436 2828.441162 2930.503440 2922.721402 2923.042401 2914.986651 2907.195252 2885.790425 2833.961729 2812.343882 2792.154820 2774.653836 2766.595832 2756.843997 2742.377779 2732.092081 2725.571242 2723.293395 2707.716055 2687.854594 2670.216761 2664.855052 2660.835301 2646.696393 2645.679502 2647.173192 2658.573331 2652.107753 2649.212703 2649.734368 2647.622217 2650.081275 2663.682354 2673.644912 2681.709504 2689.160756 2692.635353 2703.065106 2713.697683 2723.356823 2741.620615 2755.128231 2772.873351 2795.381538 2822.286357 2838.785475 2850.085483 2862.249579 2878.443270 2896.228382 2915.217298 2938.669594
2832.356198 2927.655308 2912.231861 2896.524291 2882.299187 2869.123079 2852.815590 2852.342106 2847.621586 2835.915023 2784.174225 2740.788646 2703.812271 2684.474454 2659.757361 2645.223054 2628.938949 2593.696154 2576.160865 2572.416122 2582.566855 2576.244806 2560.668874 2547.837282 2538.730963 2530.261258 2514.338778 2499.358107 2504.849536 2520.889021 2519.874604 2521.477450 2528.127355 2527.477158 2522.477589 2523.436511 2536.961337 2544.185059 2555.734088 2572.044814 2577.886060 2592.485222 2624.839580 2639.825373 2656.841319 2677.894328 2700.933065 2727.224782 2751.337378 2767.268695 2784.312445 2805.067155 2823.782289 2846.044344 2870.485192
2885.468647 2856.055859 2834.424750 2815.634316 2795.063028 2768.790564 2746.613098 2742.170019 2733.475790 2705.812846 2651.869667 2612.672462 2585.937344 2562.637791 2537.673805 2514.082434 2478.363644 2443.619701 2421.362628 2432.201190 2441.129394 2448.139912 2435.638635 2423.999191 2414.082024 2397.597169 2381.321475 2366.747091 2376.810667 2385.415958 2400.465310 2406.235303 2410.297165 2415.235804 2414.311115 2406.423595 2405.764899 2414.781811 2425.651418 2438.077348 2457.779030 2492.867634 2519.174621 2538.784713 2561.264629 2582.775365 2606.718182 2631.643343 2656.141057 2675.124842 2695.816053 2718.740887 2742.168455 2764.192358 2789.933928
2800.043954 2771.008360 2743.128137 2718.164380 2684.489180 2639.100927 2622.263746 2611.285455 2590.898277 2546.080094 2503.175191 2475.155717 2456.979112 2432.076382 2408.850532 2379.495533 2345.862218 2321.681697 2300.539838 2308.773241 2317.177835 2333.499224 2323.351100 2314.788377 2310.511464 2295.340589 2281.840195 2266.175026 2272.939326 2284.281678 2305.481257 2310.937769 2315.037068 2323.818014 2323.337519 2319.979506 2306.206237 2314.290864 2325.716867 2340.966166 2371.606698 2395.860458 2420.175916 2443.282761 2464.832523 2489.457514 2514.530061 2540.032373 2568.479347 2590.350130 2611.561361 2634.878813 2656.796103 2675.126939 2695.620353
2680.917844 2655.128467 2633.073803 2607.433164 2565.950346 2520.588038 2479.861656 2455.444668 2407.060861 2371.237004 2344.605820 2336.808214 2321.479633 2299.620295 2278.696640 2257.520920 2233.464625 2212.664260 2187.399843 2191.594499 2205.638310 2221.134784 2219.626239 2218.775544 2216.609208 2206.599022 2193.095080 2179.532163 2183.252300 2199.689168 2217.343443 2226.605591 2234.149903 2242.105372 2242.324923 2234.186209 2225.238053 2230.887246 2246.464768 2263.626530 2283.358945 2305.571620 2328.045028 2349.898123 2373.924928 2398.351476 2423.338615 2450.435819 2480.084015 2503.344896 2529.232766 2555.988254 2576.055452 2588.560905 2601.022723
2568.400169 2546.892201 2522.070147 2493.519591 2450.312081 2408.696907 2366.291865 2320.882101 2286.539050 2255.658181 2244.030764 2226.741627 2211.145721 2194.688787 2173.562674 2155.622783 2138.950084 2116.970065 2103.682952 2109.758043 2122.614081 2131.493995 2136.606310 2134.050807 2131.400297 2125.089139 2111.277563 2105.049840 2114.547002 2129.840673 2144.033279 2155.245080 2162.277390 2167.986582 2165.379681 2156.933169 2153.391414 2162.005769 2177.994974 2192.523822 2208.861415 2230.550824 2252.242262 2275.025472 2298.860010 2322.425127 2348.518766 2375.403220 2402.978933 2431.373917 2456.177822 2478.936272 2491.086786 2503.635426 2508.585771
2434.607885 2420.290086 2393.758184 2364.631862 2333.404831 2297.656739 2270.212953 2237.588028 2206.452974 2176.301845 2150.046807 2135.447462 2127.370758 2113.314204 2095.133652 2082.780729 2066.428806 2053.357407 2056.809413 2058.231228 2067.012718 2065.950534 2066.572165 2063.823550 2062.975943 2059.988466 2052.282477 2062.418220 2069.338071 2083.214808 2093.579406 2103.309832 2109.422002 2113.393294 2114.343093 2109.670678 2115.046200 2121.884467 2136.272451 2148.108156 2162.671633 2183.446051 2201.163341 2221.086907 2244.403077 2268.453761 2293.631066 2320.561794 2349.701539 2375.841827 2395.915102 2405.382057 2417.102245 2422.335641 2415.580483
