examples/3D/Borden05m/output-maps-SE27XX/psiliqL0019N0003.asc
ncols         160
nrows         34
xllcorner     620200.000000
yllcorner     5168000.000000
cellsize      0.500000
NODATA_value  -9999.0
[rows 0 to 24 of 34, columns 55 to 109 of 160]
-9999.0 -9999.0 -9999.0 -9999.0 -9999.0 -9999.0 -9999.0 -9999.0 -9999.0 -9999.0 -9999.0 -9999.0 -9999.0 -9999.0 -9999.0 -9999.0 -9999.0 -9999.0 -9999.0 -9999.0 -9999.0 -9999.0 -9999.0 -9999.0 -9999.0 -9999.0 -9999.0 -9999.0 -9999.0 -9999.0 -9999.0 -9999.0 -9999.0 -9999.0 -9999.0 -9999.0 -9999.0 -9999.0 -9999.0 -9999.0 -9999.0 -9999.0 -9999.0 -9999.0 -9999.0 -9999.0 -9999.0 -9999.0 -9999.0 -9999.0 -9999.0 -9999.0 -9999.0 -9999.0 -9999.0
-9999.0 -9999.0 -9999.0 -9999.0 2033.930082 2028.696619 2023.984633 2019.674028 2011.431221 2002.656127 1994.998584 1991.420847 1990.878232 1990.544197 1990.506789 1996.015481 2004.448513 2012.436746 2019.768115 2022.424702 2025.056369 2027.345566 2027.937796 2026.970222 2023.962144 2020.880092 2017.668377 2016.214621 2008.596096 1997.438507 1988.934464 1986.241279 1990.532646 1994.886303 1997.277445 2002.676890 2013.042315 2023.461299 2031.613332 2043.356809 2049.250322 2053.972144 2056.239207 2051.655571 2047.718059 2043.375818 2037.443025 2026.166267 -9999.0 -9999.0 -9999.0 -9999.0 -9999.0 -9999.0 -9999.0
1978.752086 1997.841873 2018.614903 2022.023804 2010.512344 2005.720654 2002.833482 2001.368786 1997.239863 1989.134748 1984.429005 1979.480520 1977.738471 1978.249387 1978.699313 1983.054435 1993.909851 2002.174756 2007.171037 2010.025618 2012.985036 2012.326963 2011.897954 2011.824834 2009.126203 2005.848515 2002.618710 2000.931956 2001.948411 1994.447909 1988.787263 1985.167721 1982.883627 1985.439293 1987.883827 1991.696101 2000.843358 2008.620953 2016.347842 2030.615047 2042.915751 2047.858841 2044.789450 2039.412384 2035.038426 2027.504454 2016.729846 2006.263971 1997.231212 1990.217163 1984.156689 1977.422147 1982.873107 1989.318273 1998.226322
1963.578667 1983.247710 2003.935824 2007.001392 1996.761654 1989.086512 1983.638305 1984.443223 1987.925570 1985.051365 1980.851189 1975.077043 1984.758827 1986.392284 1987.805460 1991.508245 1994.482070 1998.914627 2001.843061 2007.468045 2016.675164 2019.640112 2020.324711 2020.604719 2018.870537 2015.840852 2014.100255 2011.450849 2006.322402 2004.976976 2005.007185 2004.277180 2008.794567 2010.228857 2012.418380 2006.173301 2009.952781 2015.941371 2022.538396 2028.242579 2034.229405 2037.018846 2033.159055 2032.323732 2023.290738 2008.926580 1997.823729 1989.294575 1987.877288 1984.161207 1975.546310 1961.586564 1968.426453 1983.412934 1987.312563
1970.114497 1979.730027 1991.437918 1994.680101 1990.125101 1992.335003 1994.515464 1996.398149 1995.235514 1992.543045 1990.001632 2002.053145 2011.439807 2013.542387 2016.721804 2020.976684 2021.508628 2010.513027 2008.626779 2016.710195 2026.939291 2032.621291 2033.005230 2032.961883 2030.307446 2029.365126 2029.187856 2027.291075 2027.543137 2029.616624 2028.495547 2032.329283 2037.863628 2040.921794 2034.196585 2025.279337 2026.605902 2034.489650 2042.874943 2049.990308 2059.959465 2070.465023 2069.393228 2063.573381 2054.040596 2040.210485 2016.444786 1997.103524 1985.408626 1977.034972 1968.931953 1969.398160 1964.666983 1976.190079 1977.030726
1965.020488 1984.361313 2005.607171 2013.152070 2007.805951 2003.970261 2002.530660 2003.840748 2004.099969 2006.535833 2017.833754 2031.232543 2044.802066 2047.751652 2050.455106 2050.081032 2042.138642 2032.294306 2029.408903 2043.774704 2060.510534 2068.803734 2069.103188 2066.888028 2072.160092 2071.603555 2071.025807 2066.968692 2068.495686 2068.246080 2076.098762 2083.720964 2091.148273 2089.477251 2077.194058 2065.225991 2064.200649 2067.991139 2072.689684 2079.155850 2088.853142 2097.687594 2092.052234 2085.074329 2075.476749 2047.407027 2021.419065 2004.860135 2004.143319 2003.574580 1997.881747 1994.212442 1991.009461 1984.344194 1983.192138
2009.276980 2030.324139 2051.193476 2066.399622 2061.203331 2054.161656 2045.533194 2046.646030 2049.150594 2056.846007 2069.235635 2085.083895 2108.547897 2110.376447 2112.788642 2114.125948 2102.687852 2090.479775 2080.302981 2100.330136 2111.165962 2119.286492 2119.204290 2127.003329 2136.407523 2132.440381 2125.369553 2114.447402 2120.515545 2129.930027 2145.010156 2152.257561 2156.660455 2153.807164 2141.355497 2135.027432 2134.737107 2138.609840 2137.512977 2143.474916 2152.496130 2166.804773 2165.184573 2157.982789 2135.864876 2098.100349 2065.115897 2047.208315 2054.359524 2046.911267 2039.074437 2035.823232 2022.071940 2011.754124 2011.806557
2055.527868 2072.266032 2090.421788 2108.620056 2102.797681 2093.244751 2079.364487 2078.465089 2085.182396 2095.963063 2114.862510 2135.994737 2158.495753 2162.911492 2162.142460 2172.172229 2166.098746 2156.625448 2149.160298 2165.181024 2176.537138 2187.662658 2195.691372 2208.438678 2219.524680 2206.955640 2192.847481 2185.460562 2191.538164 2213.826568 2233.295836 2238.184632 2238.342200 2239.403943 2227.464991 2221.558467 2216.275071 2213.391707 2208.719288 2205.218197 2225.977315 2243.975652 2242.191523 2218.968326 2194.755913 2156.303081 2117.770113 2088.227468 2092.711585 2088.578789 2088.327357 2074.432352 2059.536739 2046.121834 2038.503641
2125.410312 2151.853400 2171.345334 2193.462925 2190.690159 2172.095297 2161.462926 2166.005863 2179.697342 2187.866894 2205.128398 2226.469714 2255.753250 2273.267677 2289.243921 2294.109228 2286.666701 2278.327293 2266.145334 2267.740049 2288.111350 2300.409748 2310.246475 2320.025666 2332.573210 2335.829351 2331.390297 2330.384794 2334.149988 2344.040326 2355.373704 2361.996146 2366.154903 2369.983642 2361.852182 2350.420793 2346.101549 2338.739453 2334.204220 2332.029829 2338.009829 2352.589195 2349.221414 2317.680970 2289.874442 2255.432971 2217.082484 2185.869990 2172.617146 2183.362261 2175.268463 2156.907155 2140.454061 2108.634639 2096.221204
2212.856788 2247.924298 2274.807623 2288.615386 2300.203540 2291.854885 2292.664096 2297.501107 2305.950225 2310.734614 2318.484873 2351.192829 2385.605990 2413.178015 2437.093778 2445.569401 2434.827909 2425.495837 2413.246957 2404.452973 2411.969420 2427.872596 2445.087615 2460.429558 2471.685816 2474.600369 2473.164447 2473.393005 2475.997699 2478.893588 2482.420501 2489.563804 2497.045673 2507.003795 2516.606600 2508.401714 2490.759367 2479.607804 2467.770341 2464.270122 2463.532189 2463.666581 2463.292725 2450.606666 2413.534482 2382.752569 2350.096385 2324.738902 2306.323987 2297.502148 2277.131673 2252.725386 2203.450360 2163.764001 2129.707186
2316.578802 2359.499748 2390.144442 2411.857480 2426.794205 2427.886332 2430.906529 2433.618798 2439.241907 2443.822512 2449.508220 2474.492326 2514.882300 2553.518406 2584.312165 2586.808418 2575.834059 2565.374195 2555.884917 2543.738776 2540.283866 2550.426147 2563.561908 2581.536452 2592.392359 2600.165298 2597.698188 2598.008721 2599.507045 2601.239156 2603.082527 2605.816810 2614.099168 2627.555897 2640.222768 2640.140400 2623.913112 2606.709818 2589.813535 2584.459420 2579.611405 2573.589849 2573.990166 2574.344058 2562.007791 2532.945548 2493.728321 2451.348894 2428.478698 2408.961081 2395.531296 2377.972207 2344.195907 2284.563187 2248.958229
2442.619025 2474.342943 2505.424454 2536.884206 2554.590315 2560.597171 2560.513659 2561.829900 2569.778168 2575.033056 2583.507267 2600.097765 2628.355521 2660.760799 2689.187946 2705.850743 2700.507311 2685.670474 2666.299132 2658.998756 2656.984081 2659.740934 2667.643582 2677.859995 2695.093779 2712.598516 2719.292084 2720.092661 2716.508545 2719.815958 2721.342492 2721.496930 2723.467757 2729.992725 2738.265616 2740.954997 2734.235698 2714.288880 2692.191796 2678.937364 2670.883492 2666.340989 2665.118557 2667.467889 2667.891750 2653.748747 2621.091818 2579.347169 2546.785943 2527.043141 2511.082556 2495.018481 2481.745468 2454.536420 2433.915699
2561.429917 2577.187379 2605.194683 2633.706461 2657.495215 2673.808198 2676.887254 2682.029052 2687.524450 2696.716906 2712.605332 2735.492619 2752.561946 2772.550667 2796.564786 2811.052355 2816.619783 2816.005104 2813.338149 2814.687533 2814.742878 2770.379176 2774.738691 2779.061177 2790.898866 2802.411380 2806.563910 2806.938410 2804.953033 2806.549217 2807.184515 2807.260314 2806.938586 2808.066924 2811.568054 2812.763190 2810.755157 2800.702230 2810.863618 2792.180816 2779.256249 2771.101044 2762.769580 2753.925210 2743.844187 2733.163861 2712.946779 2683.373310 2648.986048 2624.126113 2613.243532 2605.321177 2596.308648 2589.290951 2571.925231
2668.550043 2680.710320 2698.647119 2720.921177 2753.465122 2775.418798 2786.936663 2796.343010 2801.504061 2814.859043 2830.059553 2820.136549 2826.401919 2832.709561 2838.860917 2840.940360 2841.424130 2840.922822 2838.299977 2837.324684 2834.826020 2830.313952 2819.940440 2821.059772 2822.410357 2824.678070 2828.096170 2826.715165 2827.587713 2830.489117 2828.895192 2823.216907 2819.460992 2817.921135 2818.631135 2825.811652 2828.985612 2829.690447 2827.397438 2826.501172 2825.715910 2823.245438 2820.162995 2815.785410 2810.081496 2818.564753 2806.838975 2780.749477 2743.598809 2703.916287 2692.225709 2689.860592 2688.772978 2685.292264 2678.220043
2792.196812 2805.723031 2820.231894 2808.554872 2825.290069 2834.026963 2838.282466 2841.885594 2844.622151 2846.778444 2843.661707 2840.396771 2835.495198 2833.861330 2832.240486 2829.463856 2829.640415 2827.197170 2822.619898 2818.168107 2810.257504 2798.457884 2786.581292 2782.953244 2786.871865 2791.740695 2796.120089 2799.657779 2802.981726 2803.457604 2798.405107 2790.409652 2783.255858 2781.563028 2788.249468 2793.919130 2799.821671 2800.682865 2799.469459 2797.480450 2797.785538 2795.335154 2796.104058 2803.197915 2817.359876 2821.769505 2825.901132 2825.072681 2812.830424 2790.713662 2792.075652 2771.864162 2775.837597 2770.432520 2758.198881
2835.368164 2837.915091 2837.212701 2836.096459 2830.214226 2824.431271 2823.673965 2827.464119 2834.111697 2834.919276 2827.486254 2818.552913 2810.915721 2803.234101 2800.327905 2798.683915 2797.456302 2796.927205 2790.794771 2781.329109 2764.141380 2751.701386 2739.777821 2733.086285 2729.635239 2733.315727 2743.338938 2753.796928 2758.380947 2750.361215 2742.495047 2731.456479 2723.593682 2724.082554 2725.876235 2735.220587 2750.673065 2756.953657 2758.087449 2752.887414 2748.109585 2742.666657 2740.996975 2748.423537 2764.223630 2780.943833 2796.042143 2805.033065 2812.723474 2819.503544 2820.527282 2822.384511 2823.227223 2821.344241 2821.719593
2830.560959 2823.926073 2817.158540 2811.851716 2805.056615 2799.146603 2796.881845 2798.446268 2800.187044 2795.720240 2788.279359 2777.074745 2765.160532 2754.513554 2746.624812 2746.446678 2747.602275 2747.813803 2739.965639 2723.994501 2704.258960 2689.891576 2675.187221 2670.444106 2664.429568 2657.986875 2667.805409 2685.717014 2692.223050 2677.465938 2667.199724 2652.738796 2645.999782 2642.695871 2644.086207 2653.477269 2674.845810 2696.878135 2699.164490 2689.745453 2680.632755 2677.101584 2675.472177 2682.185435 2700.629007 2722.980376 2739.495549 2750.422174 2756.754665 2765.399758 2775.449082 2789.301386 2803.623232 2815.475328 2822.134884
2804.362105 2796.244399 2788.118382 2779.938304 2772.220719 2764.997984 2759.798425 2756.784503 2752.464704 2745.319438 2736.922297 2716.828448 2703.286976 2689.683651 2674.255644 2669.392613 2664.333821 2664.554779 2652.260003 2642.359791 2624.593515 2608.479172 2591.930147 2579.263941 2572.857707 2566.071741 2566.796953 2580.791303 2589.233879 2577.874151 2567.981349 2556.478978 2551.399839 2548.341317 2550.828899 2561.507448 2582.660197 2601.647396 2610.063179 2603.438307 2601.492466 2601.892816 2602.023217 2609.405598 2623.167231 2642.900875 2665.733969 2684.567345 2695.524950 2704.076156 2714.879358 2731.252849 2746.281395 2761.161078 2779.276163
2769.072523 2758.985747 2748.328201 2737.822374 2726.194796 2713.277132 2705.755736 2706.438199 2698.855393 2691.526879 2671.140199 2619.641186 2598.742357 2579.085708 2562.133971 2554.668463 2545.553026 2532.256295 2522.386282 2516.009435 2513.126049 2497.564574 2478.692538 2461.033660 2455.420513 2451.097618 2437.374143 2436.875115 2438.426694 2448.794689 2442.211909 2438.968533 2439.171562 2437.019909 2439.557913 2453.121795 2463.289719 2471.597286 2478.879633 2481.749232 2491.750088 2500.980961 2509.849172 2527.787763 2541.299073 2559.060392 2581.399354 2607.743665 2623.773154 2634.837532 2646.888459 2663.438576 2681.088275 2699.859361 2723.304371
2727.092197 2709.658879 2694.537097 2679.347269 2665.603832 2652.149257 2636.520583 2636.528009 2632.298225 2621.371010 2571.456551 2528.617867 2493.497802 2474.593058 2450.574836 2436.849450 2421.695075 2387.991961 2371.191593 2367.371651 2376.933685 2370.084056 2353.784145 2340.543760 2331.340970 2322.878001 2307.142386 2292.773961 2298.037141 2313.506546 2312.044231 2313.244691 2319.578317 2318.797663 2313.998290 2315.509818 2329.106835 2336.418823 2347.725931 2363.404266 2369.106006 2383.291573 2414.826594 2429.558226 2446.227346 2467.035588 2489.854345 2514.717377 2538.139089 2553.619296 2570.262975 2590.642365 2609.052229 2631.087267 2655.418999
2668.212369 2638.557008 2617.456554 2599.336489 2579.676598 2554.502278 2532.985863 2529.232642 2521.194396 2495.135657 2443.641000 2404.690613 2377.583915 2354.747446 2330.314356 2307.833790 2274.026548 2240.115037 2218.447080 2228.819544 2237.637690 2243.865573 2231.060480 2219.159902 2209.072642 2192.780535 2176.487045 2162.174133 2171.943150 2180.465627 2194.634236 2200.104322 2204.110094 2208.740672 2207.781501 2200.318152 2200.370296 2209.332348 2220.099012 2232.239720 2251.109769 2285.070641 2310.969195 2330.121298 2352.194291 2373.309102 2396.992957 2421.961778 2445.953502 2464.407756 2484.710693 2506.153760 2529.051401 2550.810114 2576.345669
2584.605263 2555.996464 2528.664831 2504.550920 2473.276146 2429.240143 2413.260635 2403.105606 2384.173263 2340.888575 2298.213236 2270.147028 2251.665999 2227.216799 2204.363164 2175.737202 2142.664585 2118.523272 2097.804961 2106.046328 2114.380164 2130.096358 2119.704603 2110.754345 2106.140147 2090.909634 2077.256760 2061.656292 2068.432404 2079.528558 2100.173814 2105.438061 2109.436921 2117.972010 2117.408285 2114.157562 2100.992781 2109.128122 2120.389678 2135.366192 2165.580117 2189.957758 2214.160527 2236.911495 2258.156935 2281.949149 2306.632173 2331.807380 2359.591711 2380.909576 2401.694558 2424.905306 2446.479629 2464.653390 2485.115216
2469.759703 2444.334794 2422.641386 2397.618601 2357.026912 2312.494321 2273.615973 2250.819631 2204.319035 2169.315375 2142.069757 2133.355038 2117.985834 2096.362192 2075.738786 2054.996515 2030.963873 2010.177196 1985.284302 1989.572022 2003.494681 2018.816067 2016.767545 2015.523909 2013.153333 2002.906563 1989.300542 1975.664046 1979.302011 1995.518404 2013.022016 2022.025238 2029.433342 2037.321882 2037.521646 2029.547547 2020.676587 2026.331246 2041.701973 2058.600230 2078.453992 2100.697898 2123.039419 2144.659284 2168.474559 2192.830438 2217.607503 2244.401117 2273.120085 2295.716205 2321.086136 2347.305515 2367.049856 2379.302789 2391.822537
2359.593217 2338.283465 2313.940285 2286.187059 2244.185555 2203.011913 2161.000152 2116.917221 2083.247394 2052.910363 2040.911276 2023.699136 2008.101233 1991.704123 1970.825286 1952.870913 1936.093780 1914.274016 1900.585625 1906.670171 1919.609101 1928.789628 1933.595542 1930.941453 1928.178287 1921.649526 1907.786106 1901.028127 1910.334456 1925.581198 1939.814049 1950.867887 1957.840385 1963.581728 1960.960731 1952.550293 1948.739813 1957.304094 1973.270106 1987.912960 2004.418076 2026.095232 2047.626594 2070.227421 2093.873973 2117.323997 2143.241714 2169.956825 2197.387455 2225.378402 2249.883342 2271.988046 2283.757976 2295.943359 2300.998701
2229.192975 2214.847239 2188.814911 2160.227955 2129.033733 2093.281114 2065.807622 2033.717068 2002.916857 1972.981642 1947.068073 1932.386221 1924.311997 1910.377540 1892.241779 1879.877539 1863.581290 1850.083010 1853.189142 1854.870098 1863.993153 1863.233396 1863.842580 1861.033573 1860.108104 1856.899909 1848.777458 1858.460351 1865.391324 1879.314173 1889.695375 1899.359848 1905.465582 1909.441709 1910.252868 1905.366875 1910.516010 1917.409323 1931.854261 1943.751690 1958.436207 1979.278481 1997.049863 2016.966628 2040.054460 2063.944838 2088.948295 2115.688688 2144.632731 2170.574697 2190.590550 2200.116577 2211.643126 2216.819872 2210.052764
