examples/3D/Borden05m/output-maps-SE27XX/psiliqL0007N0004.asc
ncols         160
nrows         34
xllcorner     620200.000000
yllcorner     5168000.000000
cellsize      0.500000
NODATA_value  -9999.0
[rows 0 to 24 of 34, columns 0 to 56 of 160]
-9999.0 -9999.0 -9999.0 -9999.0 -9999.0 -9999.0 -9999.0 -9999.0 -9999.0 -9999.0 -9999.0 -9999.0 -9999.0 -9999.0 -9999.0 -9999.0 -9999.0 -9999.0 -9999.0 -9999.0 -9999.0 -9999.0 -9999.0 -9999.0 -9999.0 -9999.0 -9999.0 -9999.0 -9999.0 -9999.0 -9999.0 -9999.0 -9999.0 -9999.0 -9999.0 -9999.0 -9999.0 -9999.0 -9999.0 -9999.0 -9999.0 -9999.0 -9999.0 -9999.0 -9999.0 -9999.0 -9999.0 -9999.0 -9999.0 -9999.0 -9999.0 -9999.0 -9999.0 -9999.0 -9999.0 -9999.0 -9999.0
-9999.0 -9999.0 -9999.0 -9999.0 -9999.0 -9999.0 -9999.0 -9999.0 -9999.0 -9999.0 -9999.0 -9999.0 -9999.0 -9999.0 -9999.0 -9999.0 -9999.0 -9999.0 -9999.0 -9999.0 -9999.0 -9999.0 -9999.0 -9999.0 -9999.0 -9999.0 -9999.0 -9999.0 -9999.0 -9999.0 -9999.0 -9999.0 -9999.0 -9999.0 -9999.0 -9999.0 -9999.0 -9999.0 -9999.0 -9999.0 -9999.0 -9999.0 -9999.0 -9999.0 -9999.0 -9999.0 -9999.0 -9999.0 -9999.0 -9999.0 -9999.0 -9999.0 -9999.0 -9999.0 -9999.0 -9999.0 -9999.0
-9999.0 -9999.0 -9999.0 -9999.0 -9999.0 -9999.0 -9999.0 -9999.0 -9999.0 -9999.0 -9999.0 -9999.0 -9999.0 -9999.0 -9999.0 -9999.0 -9999.0 -9999.0 -9999.0 -9999.0 -9999.0 -9999.0 -9999.0 -9999.0 -9999.0 -9999.0 -9999.0 -9999.0 -9999.0 -9999.0 -9999.0 -9999.0 -9999.0 -9999.0 -9999.0 -9999.0 -9999.0 -9999.0 -9999.0 -9999.0 -9999.0 -9999.0 -9999.0 -9999.0 -9999.0 -9999.0 -9999.0 -518.948877 -536.618079 -553.819752 -555.397581 -532.507686 -509.325963 -485.905905 -465.651280 -447.138566 -428.188297
-9999.0 -9999.0 -9999.0 -9999.0 -9999.0 -9999.0 -9999.0 -9999.0 -9999.0 -9999.0 -9999.0 -9999.0 -9999.0 -9999.0 -9999.0 -9999.0 -9999.0 -9999.0 -9999.0 -9999.0 -9999.0 -9999.0 -9999.0 -9999.0 -9999.0 -9999.0 -9999.0 -9999.0 -9999.0 -9999.0 -9999.0 -9999.0 -9999.0 -9999.0 -9999.0 -9999.0 -9999.0 -9999.0 -9999.0 -9999.0 -471.375163 -465.581082 -463.915250 -475.080248 -486.601138 -498.420970 -518.415004 -536.485014 -552.483947 -555.638661 -553.245959 -547.430455 -524.316497 -500.416248 -481.267844 -463.964051 -444.996553
-9999.0 -9999.0 -9999.0 -9999.0 -9999.0 -9999.0 -9999.0 -9999.0 -9999.0 -9999.0 -9999.0 -9999.0 -9999.0 -9999.0 -9999.0 -9999.0 -9999.0 -9999.0 -9999.0 -9999.0 -9999.0 -9999.0 -9999.0 -9999.0 -9999.0 -9999.0 -9999.0 -9999.0 -9999.0 -9999.0 -9999.0 -9999.0 -9999.0 -9999.0 -562.843395 -545.271502 -527.336575 -509.297850 -492.981764 -486.639012 -480.862436 -475.127660 -479.295695 -484.392774 -495.938494 -514.536278 -534.545684 -549.212491 -552.262106 -555.166378 -550.935097 -537.868500 -521.473962 -505.203152 -484.528030 -461.800130 -452.909072
-9999.0 -9999.0 -9999.0 -9999.0 -9999.0 -9999.0 -9999.0 -9999.0 -9999.0 -9999.0 -9999.0 -9999.0 -9999.0 -9999.0 -9999.0 -9999.0 -9999.0 -9999.0 -9999.0 -9999.0 -9999.0 -9999.0 -9999.0 -9999.0 -9999.0 -9999.0 -9999.0 -9999.0 -557.575554 -563.677206 -569.150223 -570.945227 -572.540438 -574.066779 -567.257360 -554.955598 -536.712511 -515.552161 -503.124170 -496.290107 -490.065745 -489.483603 -494.483229 -497.023354 -497.173323 -509.072159 -520.950542 -532.105712 -542.837148 -544.147364 -534.802456 -521.333493 -505.722072 -491.333491 -476.402355 -462.940710 -448.026787
-9999.0 -9999.0 -9999.0 -9999.0 -9999.0 -9999.0 -9999.0 -9999.0 -9999.0 -9999.0 -9999.0 -9999.0 -9999.0 -9999.0 -9999.0 -9999.0 -9999.0 -9999.0 -9999.0 -9999.0 -9999.0 -9999.0 -9999.0 -586.219790 -580.143703 -573.863544 -566.791998 -566.189868 -570.846998 -576.866756 -580.443702 -582.387376 -584.243653 -580.198953 -571.915333 -558.382967 -542.672080 -521.437956 -513.161325 -506.622139 -494.363329 -492.647964 -488.554904 -484.926299 -487.145638 -490.031496 -502.052647 -510.937783 -505.122773 -499.040581 -493.061212 -486.078217 -473.497291 -457.938861 -440.048898 -419.020611 -396.762040
-9999.0 -9999.0 -9999.0 -9999.0 -9999.0 -9999.0 -9999.0 -9999.0 -9999.0 -9999.0 -9999.0 -9999.0 -9999.0 -9999.0 -9999.0 -9999.0 -9999.0 -9999.0 -9999.0 -610.670113 -610.041148 -609.336645 -605.037255 -604.206669 -602.152479 -595.367537 -587.486711 -585.807611 -587.651898 -589.751140 -588.558915 -586.263179 -582.494068 -571.198693 -557.596185 -543.733764 -529.766191 -509.220512 -494.772397 -480.983423 -465.035422 -467.048345 -472.088946 -474.797918 -474.769451 -474.315760 -467.782780 -463.869557 -458.400601 -452.177214 -444.968817 -436.284798 -425.732341 -406.786837 -385.460776 -363.401672 -341.618646
-9999.0 -9999.0 -9999.0 -9999.0 -9999.0 -9999.0 -9999.0 -9999.0 -9999.0 -9999.0 -9999.0 -9999.0 -9999.0 -9999.0 -9999.0 -9999.0 -638.574725 -636.902154 -635.093615 -630.015029 -627.941436 -624.301561 -617.767047 -617.095242 -613.515083 -606.739041 -602.028909 -593.932144 -586.511347 -579.504057 -573.936441 -571.616241 -564.112225 -554.718771 -543.070438 -527.521943 -505.715587 -483.402882 -467.346031 -450.934527 -434.380421 -434.504355 -436.125873 -435.377736 -434.634438 -426.019944 -407.021410 -400.143130 -395.381989 -374.565591 -358.927647 -352.506075 -344.335373 -324.677422 -297.636590 -265.210980 -225.624908
-9999.0 -9999.0 -9999.0 -9999.0 -9999.0 -9999.0 -9999.0 -9999.0 -9999.0 -9999.0 -9999.0 -9999.0 -9999.0 -682.078320 -678.083723 -669.278470 -661.719525 -659.898493 -656.444600 -651.219261 -639.400901 -636.288561 -630.419644 -623.113333 -612.204577 -604.093792 -595.180923 -583.743715 -575.581650 -568.714304 -561.878261 -555.251956 -541.584939 -526.294738 -510.434937 -490.262187 -468.861522 -447.555092 -426.030519 -410.856713 -396.011044 -391.757498 -393.881123 -392.329256 -383.345499 -363.156430 -341.502653 -325.241672 -298.826571 -270.348909 -251.775034 -234.941876 -222.803112 -206.882621 -180.856069 -136.739863 -93.504463
-9999.0 -9999.0 -9999.0 -9999.0 -9999.0 -9999.0 -9999.0 -9999.0 -9999.0 -9999.0 -717.624423 -715.076469 -718.741727 -717.881510 -713.682945 -702.220536 -689.560592 -682.907348 -672.196773 -652.148277 -635.587899 -632.507397 -617.914614 -608.410236 -602.280251 -591.857957 -579.014842 -566.209208 -548.967486 -536.480863 -523.719288 -502.787825 -486.441632 -470.208760 -452.607863 -432.825441 -410.800302 -378.705896 -349.085153 -332.260118 -304.307594 -286.442752 -288.928923 -287.965427 -278.270766 -255.502872 -224.193775 -188.606728 -158.114457 -124.666287 -99.227052 -81.986441 -69.099565 -54.440077 -37.105736 -5.201512 32.721547
-9999.0 -9999.0 -9999.0 -9999.0 -9999.0 -9999.0 -9999.0 -9999.0 -741.245498 -734.736863 -728.563783 -731.844431 -736.911233 -740.224255 -727.760680 -712.324876 -696.809483 -680.392363 -664.874399 -647.542918 -632.189112 -615.808609 -596.983054 -585.454107 -573.846945 -558.999756 -545.561217 -527.598074 -506.384897 -491.187557 -471.374949 -448.998571 -428.682930 -409.928117 -390.563468 -370.502641 -337.930831 -298.074752 -258.592913 -225.828902 -190.053630 -158.227384 -154.815444 -149.074058 -141.144524 -109.574012 -74.185735 -39.682401 -9.576808 19.791900 49.192734 65.881365 76.691456 89.550788 105.074587 120.475239 144.059823
-9999.0 -9999.0 -9999.0 -9999.0 -9999.0 -9999.0 -766.273971 -742.424095 -728.003314 -736.001795 -743.841633 -747.293943 -750.857186 -733.140424 -712.358412 -696.058426 -679.890759 -663.102912 -647.318698 -632.449955 -597.051884 -581.409608 -566.543059 -546.488358 -532.877029 -519.204195 -501.975071 -478.154143 -454.165204 -419.480327 -386.382410 -355.680635 -325.398633 -301.752892 -278.946000 -253.748703 -213.115335 -165.378902 -119.922462 -83.645668 -51.942336 -20.695283 -9.491102 -2.297567 7.000355 25.358773 54.500295 83.917831 117.238695 148.841969 173.820566 185.684457 195.979838 207.309947 220.875615 234.884261 250.411588
-9999.0 -9999.0 -9999.0 -9999.0 -799.273765 -778.551476 -758.071494 -727.447126 -705.108929 -710.924620 -703.689129 -703.266698 -704.658861 -702.890881 -697.917203 -680.480071 -663.445119 -646.292825 -627.606599 -589.061150 -548.064740 -531.197903 -503.659941 -471.118092 -456.753481 -441.656411 -425.795105 -401.268530 -368.226579 -327.605554 -271.315606 -220.548146 -185.085091 -154.774327 -128.207481 -99.612562 -63.010891 -23.025658 14.178691 48.463637 78.508873 102.748102 117.905622 126.958302 138.658199 152.938328 171.598224 196.806024 225.131727 256.899646 284.529552 300.803422 309.480617 319.887922 331.742036 346.982467 365.247783
-9999.0 -9999.0 -9999.0 -845.143216 -806.990147 -770.735307 -743.351372 -712.657578 -681.510372 -674.906915 -667.072151 -660.396030 -653.463029 -644.643867 -634.414744 -618.592275 -605.419030 -593.925951 -573.429470 -536.588337 -499.579611 -463.327785 -428.829529 -394.490065 -368.180329 -350.076684 -331.104046 -302.420608 -255.016264 -203.884726 -140.684145 -78.852178 -36.659364 -9.470950 11.326010 36.899842 60.681099 94.110670 127.182506 158.099148 188.121718 212.819363 234.177747 245.263917 254.497678 263.445113 280.076284 300.139881 320.827081 349.913490 383.300965 405.925160 418.197010 426.440583 440.762426 455.398326 467.824735
-9999.0 -9999.0 -891.062387 -854.629383 -819.144604 -767.206257 -715.076865 -682.169290 -641.563247 -616.085609 -608.901829 -589.752381 -572.414206 -563.550665 -546.041531 -528.407603 -516.262114 -513.815943 -502.099350 -464.010039 -406.186053 -350.162440 -307.377702 -241.054743 -201.051194 -174.255732 -157.654266 -128.377491 -91.306971 -42.656471 8.900837 58.606343 98.138797 128.984424 143.621208 160.601072 183.670061 206.703740 237.468599 265.724451 293.449881 318.723209 343.085639 359.299724 366.055379 380.085032 400.004604 420.716113 440.778863 460.455068 476.458860 480.900341 482.925526 484.203225 485.747182 486.984452 487.741007
-9999.0 -9999.0 -915.375455 -871.873848 -828.382953 -757.188178 -682.972404 -645.281542 -602.148318 -558.138659 -538.788519 -514.990620 -493.587786 -472.520445 -447.447822 -421.863043 -418.242049 -415.669923 -415.383686 -356.442231 -287.670313 -207.361493 -123.607327 -60.615103 -21.770698 -12.547417 -5.345372 13.035722 38.878891 83.940577 137.232270 190.980002 235.098120 264.502173 279.434613 294.991742 316.008089 339.819937 358.260749 390.419848 410.217186 431.044373 453.910732 473.719863 481.260347 482.546626 480.037703 482.292396 483.673109 484.576725 485.177622 482.405092 481.874523 482.559904 483.548621 478.592605 471.572967
-9999.0 -1000.725406 -949.113635 -894.618773 -823.491194 -753.361651 -666.021019 -584.470194 -535.882263 -494.432715 -465.317818 -442.008756 -380.382127 -324.037184 -292.503667 -258.519780 -260.594136 -262.988207 -269.348422 -218.508672 -150.077691 -53.630546 57.963004 107.069547 132.659258 132.833117 128.054645 142.089978 169.609706 213.929588 281.809350 334.446611 380.415171 412.719033 424.131954 428.483051 443.757720 462.429537 472.785327 480.337099 483.060345 485.766827 483.890197 485.129893 485.506008 485.435101 482.002983 475.061542 465.490251 458.993186 454.698291 449.991947 452.270009 455.330456 456.193519 448.590149 438.293339
-9999.0 -1034.162622 -973.610281 -900.640974 -828.150592 -747.703916 -631.910918 -506.267878 -460.705403 -425.482471 -390.579885 -331.737579 -230.950455 -153.110724 -112.071121 -71.167005 -73.222412 -83.510453 -82.973729 -45.222760 12.165548 87.477059 202.780843 273.527569 274.491791 278.133963 283.151396 305.341377 337.864909 374.194751 416.118732 445.763847 460.018358 466.342919 468.965148 470.613707 472.713474 473.964326 471.538137 467.761834 461.975604 462.246321 467.151602 466.888701 462.715460 458.802286 452.243065 442.076521 429.192188 420.967261 416.555935 412.657330 410.826964 410.955230 406.602576 399.992584 389.184547
-9999.0 -1056.371933 -987.942536 -921.465695 -844.668078 -715.873684 -594.424906 -466.599591 -375.557889 -331.866937 -267.948812 -163.431113 -64.351163 16.195478 59.012966 80.959282 91.926602 87.220354 105.695398 153.338308 220.955013 300.854574 356.976650 407.152342 400.763338 390.339756 380.067763 383.256817 390.907743 401.619350 418.542661 436.061958 448.475681 454.733496 454.932167 453.121335 449.474384 442.475625 437.378911 432.457161 423.526431 422.990739 430.039887 429.813192 421.773479 414.891138 408.288376 399.975988 389.867551 380.664803 375.430652 370.749665 368.092753 363.390486 358.273125 351.747733 338.277946
-9999.0 -1139.037593 -1056.693901 -992.315240 -850.803948 -688.294791 -565.022017 -407.790386 -263.554993 -199.314491 -95.672693 5.259724 89.279849 146.105927 184.083740 223.168405 249.790850 275.799796 310.050423 326.469082 381.749348 421.836737 432.779304 432.469052 412.563411 395.776786 380.573081 360.771920 353.595251 353.770883 365.564445 383.731450 396.955971 408.254074 406.613700 407.154618 406.953916 403.631908 399.924039 390.989056 381.185370 375.632638 375.975509 380.625782 372.766133 366.958359 359.571555 350.303680 340.045431 330.895723 322.595323 315.396510 312.069544 306.160360 304.358405 296.863835 271.236823
-9999.0 -1219.651893 -1140.080195 -1030.549111 -874.243569 -711.274141 -558.715136 -380.295754 -171.916979 -59.088827 33.517875 82.404441 144.110365 204.660122 263.578235 297.566529 315.681872 323.100779 328.411202 338.031997 326.249762 336.253442 355.342339 373.389775 368.017787 358.920011 343.766357 330.794210 325.555732 328.809246 334.097064 340.615477 345.548424 348.073427 346.281858 348.203089 352.632053 347.580880 340.329937 332.758059 325.445300 317.662671 312.743906 309.617285 306.351550 304.655606 296.528359 285.673662 274.720234 266.155467 257.987793 251.697232 249.268797 244.578407 238.172995 227.510237 201.338148
-9999.0 -1302.627325 -1189.760933 -1083.575817 -943.052536 -801.809286 -660.949146 -487.359906 -310.688801 -86.388554 77.709138 117.471506 142.716524 182.693045 239.063509 292.378781 298.082870 270.422218 247.622437 238.831743 247.328302 263.471218 279.864451 297.512803 305.686127 307.166622 303.019862 293.353434 281.240393 276.394990 275.918600 272.437153 270.240227 272.347747 272.411949 278.357751 281.902163 273.508954 261.906636 247.737610 235.077996 225.628713 222.432528 222.722320 221.628312 218.009757 210.606033 200.525362 188.457554 177.538626 169.500528 163.822807 157.803242 149.466425 140.050154 129.406376 105.118686
-9999.0 -9999.0 -1257.261020 -1144.431826 -1025.891768 -895.249803 -762.691763 -601.872982 -439.209549 -228.559039 -101.157778 -10.037536 39.729465 77.833201 127.441517 172.056618 181.404791 190.599211 168.500302 170.450305 177.496819 185.576815 196.799458 208.154421 217.616228 222.836412 225.922799 223.298337 214.965771 202.074853 187.940029 177.991534 172.550048 168.671280 176.814308 187.455562 186.319768 180.412392 169.783727 155.486235 143.215125 130.726671 127.163747 127.657826 127.281583 124.096073 118.864632 106.714571 94.363121 82.120167 76.194679 70.235543 64.367709 53.920949 42.955939 30.291139 7.542857
-9999.0 -9999.0 -1338.333847 -1226.035180 -1102.519013 -974.973582 -863.950348 -747.660003 -584.568777 -455.738660 -345.437664 -246.857422 -166.884829 -108.915077 -65.693503 -14.759799 10.633151 21.863782 28.114954 43.050138 63.407321 83.099595 96.550117 108.121282 119.138928 128.306238 135.524651 125.813465 116.254607 102.183347 84.881746 66.197879 56.615003 52.077133 56.321944 63.335084 59.027283 49.802602 36.508415 20.892159 8.214590 -3.856395 -8.016190 -10.178253 -11.087224 -14.003870 -17.724910 -27.529030 -40.066381 -49.538247 -58.050483 -65.387281 -69.817718 -78.739234 -90.205697 -99.566731 -121.869292
