examples/3D/Borden05m/output-maps-SE27XX/psiliqL0024N0001.asc
ncols         160
nrows         34
xllcorner     620200.000000
yllcorner     5168000.000000
cellsize      0.500000
NODATA_value  -9999.0
[rows 0 to 24 of 34, columns 55 to 109 of 160]
-9999.0 -9999.0 -9999.0 -9999.0 -9999.0 -9999.0 -9999.0 -9999.0 -9999.0 -9999.0 -9999.0 -9999.0 -9999.0 -9999.0 -9999.0 -9999.0 -9999.0 -9999.0 -9999.0 -9999.0 -9999.0 -9999.0 -9999.0 -9999.0 -9999.0 -9999.0 -9999.0 -9999.0 -9999.0 -9999.0 -9999.0 -9999.0 -9999.0 -9999.0 -9999.0 -9999.0 -9999.0 -9999.0 -9999.0 -9999.0 -9999.0 -9999.0 -9999.0 -9999.0 -9999.0 -9999.0 -9999.0 -9999.0 -9999.0 -9999.0 -9999.0 -9999.0 -9999.0 -9999.0 -9999.0
-9999.0 -9999.0 -9999.0 -9999.0 2998.855328 2993.515193 2988.652322 2984.071618 2977.557721 2968.257810 2960.300695 2956.130940 2954.982510 2954.124668 2953.501080 2958.387755 2966.395161 2973.969153 2980.822630 2980.671315 2982.929075 2984.774223 2984.982372 2983.771015 2980.515934 2979.807318 2976.408452 2974.716427 2967.240395 2956.070410 2947.682079 2944.978422 2949.183517 2953.536638 2956.000825 2961.276102 2971.703248 2982.306452 2988.174499 3000.584848 3007.447675 3012.800529 3015.501091 3011.562470 3008.322660 3004.445517 2998.553608 2987.503153 -9999.0 -9999.0 -9999.0 -9999.0 -9999.0 -9999.0 -9999.0
2945.739882 2964.122588 2982.773354 2985.862138 2976.379427 2971.337839 2968.163092 2966.413740 2962.038071 2953.482865 2948.302550 2942.786232 2940.204814 2940.162109 2940.016158 2943.692317 2954.305476 2962.070276 2966.605968 2969.173758 2971.924281 2970.489163 2969.693797 2969.403298 2966.457957 2962.935700 2959.513807 2957.638063 2958.914147 2951.302028 2945.367064 2941.526147 2938.751106 2941.441078 2944.093106 2948.499325 2957.711901 2965.650945 2973.629373 2985.856726 2998.886281 3004.567472 3002.101056 2997.537560 2993.854540 2986.674985 2978.593439 2968.611636 2960.284951 2954.094650 2948.769202 2942.520530 2948.935009 2956.668104 2966.120795
2929.026725 2948.101479 2968.409892 2970.954215 2960.578025 2952.736297 2946.136823 2946.560094 2949.858110 2946.521186 2941.660388 2934.213692 2943.900116 2944.848554 2945.527746 2948.648706 2950.646702 2955.391463 2957.784327 2963.042240 2971.922263 2974.631338 2975.002960 2974.989410 2972.960921 2969.662651 2967.666569 2964.824930 2959.512901 2957.777798 2957.480928 2956.314095 2960.497429 2961.926524 2964.738175 2959.092463 2963.398067 2969.648563 2976.533777 2982.219722 2985.404370 2988.187476 2984.997873 2985.519278 2980.109235 2966.555005 2956.669718 2949.154160 2949.141992 2946.230934 2938.397824 2924.912386 2933.112088 2949.205825 2954.022041
2933.136492 2941.951570 2952.549944 2955.017622 2949.908534 2951.913668 2953.593100 2954.756843 2952.847586 2949.285918 2945.149856 2955.730192 2963.951992 2965.248272 2967.627728 2971.436798 2972.088838 2961.012725 2958.844528 2966.157223 2975.695870 2980.819419 2980.902949 2980.485435 2976.965412 2975.750013 2975.445967 2973.524531 2973.134081 2974.751107 2972.617180 2975.758282 2981.194790 2980.901756 2978.844684 2970.384201 2972.449239 2980.809300 2986.296322 2993.856114 3004.122260 3015.067190 3015.268829 3010.742526 3002.383386 2990.012225 2970.745957 2953.103317 2942.255551 2934.492248 2927.349277 2929.980986 2925.628085 2939.147382 2941.001921
2920.089920 2940.024351 2959.957198 2965.955860 2959.850268 2955.815489 2954.247757 2954.786009 2953.862628 2954.557580 2963.657483 2975.508552 2983.512737 2985.326562 2987.039527 2985.768896 2981.652998 2971.313930 2968.405284 2981.750454 2994.356979 3002.070464 3001.607029 2997.695141 3001.244096 3001.043826 3001.130001 2997.474874 2998.317059 2996.411818 3002.422718 3010.021516 3017.804052 3016.323382 3004.075086 2991.930485 2991.694591 2996.803481 3003.211365 3010.651451 3020.894992 3030.213076 3025.530064 3020.287692 3012.777624 2987.063277 2967.643460 2953.306947 2953.676841 2954.496683 2950.246795 2948.206816 2947.090824 2942.693738 2942.935410
2956.522994 2975.745509 2992.307302 3005.353104 2999.023707 2991.273273 2982.392665 2982.438262 2983.001367 2988.905037 2999.364369 3012.487880 3034.150678 3033.848421 3034.475516 3033.597955 3020.902047 3007.756886 2997.533911 3018.809977 3029.529941 3036.767636 3034.711613 3040.400315 3049.101313 3045.303311 3038.701759 3026.876790 3032.508355 3039.707841 3054.742950 3062.427154 3067.445496 3063.390842 3049.978004 3043.420756 3044.531341 3050.388380 3051.093383 3059.184241 3068.264781 3083.316649 3082.294696 3078.358477 3058.396743 3021.791036 2992.210886 2982.870762 2989.588992 2984.061030 2981.585114 2981.135990 2969.831320 2962.264182 2964.691344
2986.481112 3000.168381 3016.290390 3032.745362 3024.247173 3013.809070 2997.622917 2994.681889 2999.109485 3008.963550 3026.362033 3044.727919 3064.901991 3064.791250 3059.508290 3068.937402 3061.947964 3051.279785 3043.587073 3063.270432 3073.538018 3083.845272 3090.059059 3102.576722 3113.064826 3097.587688 3081.298286 3071.676352 3078.341694 3102.893638 3124.382999 3129.170450 3128.557726 3128.515388 3114.251074 3109.188193 3105.326406 3104.875460 3101.838042 3099.722949 3124.004829 3144.857755 3144.606141 3123.102101 3100.525614 3061.899489 3024.607818 2999.559889 3010.747433 3007.879861 3010.920045 3000.455816 2988.551938 2980.380546 2980.980257
3038.727886 3061.013873 3077.665694 3099.002515 3091.187810 3068.920554 3053.974863 3056.640562 3069.737722 3077.352674 3094.995104 3112.846659 3139.218401 3152.452975 3164.635427 3168.166706 3161.107698 3152.450250 3140.231570 3144.278159 3166.972659 3178.218814 3186.788162 3195.441229 3207.950439 3209.060147 3202.789259 3201.125442 3205.257620 3217.668662 3231.197040 3237.882161 3241.270639 3244.329350 3232.634536 3220.215477 3217.574631 3211.682375 3209.678928 3208.730121 3218.921429 3238.117734 3235.286852 3200.702321 3174.214292 3140.370512 3102.679938 3073.516124 3066.086847 3083.497457 3080.420420 3064.373835 3052.979619 3026.150502 3019.789219
3109.547080 3142.403679 3166.817701 3177.077157 3185.074482 3171.584481 3169.817169 3173.696292 3181.635903 3184.787281 3191.165486 3223.247456 3256.866902 3282.215142 3304.938368 3312.148093 3300.068253 3290.245422 3276.935203 3268.003930 3277.922667 3294.638197 3312.045048 3326.986353 3338.231887 3340.515998 3338.980830 3339.055980 3341.968969 3344.933945 3349.013378 3357.097815 3364.650474 3373.471892 3381.928774 3372.215819 3355.351212 3345.700901 3336.076285 3334.759439 3335.835947 3338.993423 3340.057192 3324.889666 3284.767152 3253.976665 3222.277662 3201.742996 3187.811520 3186.005662 3168.385869 3144.820929 3094.829502 3057.675487 3026.436904
3196.199550 3239.290111 3268.342959 3286.129466 3298.894493 3296.502218 3298.202678 3299.249554 3303.081647 3305.655684 3308.812528 3334.796241 3375.549878 3414.389400 3445.235807 3445.537744 3432.318189 3421.066114 3411.746760 3397.853636 3393.962654 3405.894690 3420.683938 3440.361905 3450.892472 3457.440945 3454.482123 3454.722261 3456.331758 3458.620241 3460.704551 3464.106356 3473.397869 3488.039567 3502.115099 3501.518884 3483.343762 3465.562004 3449.432462 3446.410845 3443.581018 3438.642823 3440.814739 3442.679143 3428.121849 3397.895942 3358.910581 3318.580872 3300.889298 3285.295552 3274.470331 3258.060193 3220.048987 3156.447943 3118.827848
3310.723801 3343.662906 3372.452055 3402.498596 3417.643818 3420.416220 3418.092329 3417.178140 3424.099742 3427.155056 3433.252995 3449.685832 3480.662534 3515.193339 3544.407736 3559.950429 3552.593474 3535.263985 3513.645433 3504.369295 3501.637928 3505.046096 3514.198633 3526.475621 3545.498606 3564.484185 3570.204690 3571.068060 3568.413900 3570.790546 3572.298580 3572.404994 3575.108438 3583.183583 3592.744772 3596.031653 3588.605883 3568.154698 3545.096879 3533.429362 3526.730375 3523.247572 3523.962673 3528.738760 3531.631106 3517.311057 3482.662732 3439.198861 3409.077363 3393.338364 3380.415090 3366.700508 3354.711861 3323.837407 3303.575167
3418.882552 3433.777059 3461.506396 3489.891582 3512.570372 3527.347464 3528.050085 3531.278205 3535.965428 3543.488393 3558.528278 3581.307007 3599.757055 3621.721088 3647.703000 3663.539024 3668.811571 3667.335116 3663.554251 3664.808369 3665.141580 3605.691595 3611.653320 3617.591166 3633.773744 3648.493121 3653.794968 3654.398646 3651.990102 3653.751905 3654.476383 3654.393252 3654.023742 3656.129813 3660.935868 3662.772725 3660.501908 3648.439711 3665.286652 3645.575058 3632.285739 3624.171174 3616.010677 3607.771713 3598.387466 3588.599441 3569.042337 3538.729196 3504.671634 3482.776583 3474.660435 3468.682511 3460.587951 3455.106905 3438.511137
3517.063122 3527.611201 3545.444445 3567.806601 3601.004366 3623.907252 3635.144301 3644.314609 3648.945545 3662.669625 3678.953557 3663.920542 3671.810386 3679.974916 3688.087235 3690.873076 3691.670726 3691.302669 3688.929099 3688.193347 3685.846569 3682.272360 3671.909816 3673.508140 3675.414670 3678.022183 3681.732929 3680.607666 3681.699414 3684.647909 3682.913093 3676.927645 3672.900791 3671.327636 3672.275347 3679.674929 3683.127151 3684.068708 3680.915812 3680.006944 3679.060934 3675.831329 3671.799230 3666.115159 3658.844110 3672.634814 3660.812907 3633.315268 3593.885334 3553.462432 3545.337586 3546.662923 3546.724435 3545.183855 3539.673630
3639.809327 3653.250098 3667.801203 3647.296180 3668.511890 3679.369265 3684.445984 3688.410980 3691.166622 3694.107434 3691.078894 3688.037280 3683.180843 3681.651460 3680.312335 3677.886376 3678.521991 3676.636967 3672.598789 3668.620397 3660.816267 3649.349563 3638.175829 3634.714458 3639.044795 3644.607913 3649.682944 3654.015400 3657.699042 3657.805147 3652.411022 3644.051347 3636.560260 3634.882489 3641.715449 3647.435756 3653.838722 3654.694655 3653.305497 3650.861906 3650.658864 3647.465347 3647.700746 3654.711567 3669.307576 3672.303298 3677.908071 3677.109901 3661.300660 3632.673460 3642.529442 3622.714448 3628.559297 3624.038475 3612.783415
3682.522404 3685.153827 3683.605362 3682.447471 3676.120896 3670.106767 3669.345496 3673.355868 3680.386290 3681.480981 3674.464386 3665.951270 3658.786925 3651.459172 3649.162870 3648.559669 3648.291095 3648.775273 3643.511153 3634.373815 3617.566953 3606.032221 3594.985539 3589.058852 3585.455953 3589.051870 3600.155021 3612.081379 3617.079464 3608.033348 3599.684097 3587.997179 3579.946547 3580.378154 3581.520629 3590.961264 3607.512790 3614.765551 3615.536457 3609.184336 3602.867243 3596.268936 3593.277607 3599.707006 3614.920319 3631.491613 3646.876888 3655.899291 3663.556924 3670.592874 3669.473582 3672.076757 3673.509156 3671.486802 3674.132740
3676.771617 3669.849523 3662.938831 3657.699025 3651.279872 3645.984036 3644.196110 3646.154885 3648.214617 3644.233620 3637.885234 3627.950547 3617.024610 3607.408667 3599.994540 3601.038668 3603.413049 3605.047593 3597.906416 3582.722282 3565.056523 3551.666661 3537.876549 3533.987723 3528.231536 3520.924696 3531.079303 3550.545086 3557.812189 3541.996109 3531.234443 3516.166417 3509.534408 3505.626322 3506.464380 3515.404599 3537.608429 3561.222037 3563.199386 3552.343033 3541.562553 3536.790695 3533.581387 3538.285571 3555.015283 3575.620527 3591.484972 3601.755918 3607.054739 3614.811469 3624.159906 3638.192743 3652.803200 3664.979893 3669.980600
3651.884309 3644.172692 3636.571630 3629.028844 3622.205559 3616.095116 3611.887928 3609.983914 3606.249044 3600.260775 3593.352017 3573.416790 3561.169453 3548.511719 3533.880179 3530.173832 3525.682493 3526.932558 3515.599929 3507.542188 3491.031747 3475.818627 3460.334339 3447.359577 3441.701443 3435.142931 3434.003401 3447.639066 3456.118457 3446.320197 3436.612850 3425.812756 3421.171653 3417.822057 3420.233943 3430.622475 3450.328580 3468.605544 3476.827113 3469.378954 3467.667479 3467.378891 3465.736185 3471.847933 3482.796804 3500.713597 3522.768620 3541.275058 3550.963625 3557.788386 3566.961158 3581.265930 3595.246691 3609.441734 3627.239150
3621.586082 3612.396836 3602.611180 3593.054746 3582.726407 3572.333298 3566.014856 3568.671722 3562.762112 3557.245033 3535.413728 3481.399240 3460.844323 3442.277569 3426.402092 3420.009764 3411.903386 3396.690478 3388.188632 3383.698933 3385.264349 3371.352687 3354.069846 3336.674772 3331.874118 3328.373765 3311.793439 3307.992116 3308.764221 3324.037199 3317.913893 3316.313345 3317.900860 3315.502814 3316.916597 3329.682598 3337.650242 3343.389151 3349.991126 3354.172403 3364.252601 3371.949299 3381.447103 3398.205505 3409.010967 3424.210500 3444.310350 3469.457900 3484.461774 3493.725098 3503.933468 3519.014837 3535.000799 3552.494292 3574.671872
3587.298695 3571.165446 3556.865865 3542.812808 3530.356554 3517.792914 3502.480708 3504.502727 3502.497518 3492.669778 3439.317860 3398.832570 3365.544752 3348.683026 3325.600036 3312.618464 3297.025087 3259.943261 3243.093463 3242.513277 3256.872984 3253.168428 3238.000864 3226.183295 3217.063480 3208.062623 3190.843586 3172.912590 3178.933568 3196.970629 3197.577464 3200.596100 3208.197170 3207.581353 3201.066099 3198.843699 3210.898400 3216.388666 3227.275220 3244.245449 3248.853581 3264.447608 3297.244306 3309.749605 3324.355650 3342.401694 3362.444549 3384.097285 3406.036894 3419.624670 3434.370141 3452.458113 3468.783578 3488.778525 3511.090901
3537.338933 3506.890116 3486.261461 3469.307137 3450.705012 3424.674518 3405.031637 3403.150033 3397.314119 3369.463924 3318.192688 3282.817457 3259.543038 3238.318346 3215.838245 3193.029136 3157.292197 3123.360462 3102.151246 3117.582559 3128.889667 3140.088302 3128.838932 3118.246822 3108.896684 3091.388851 3074.857598 3058.897597 3069.823982 3078.491488 3096.809099 3103.475179 3107.361314 3112.989350 3111.477730 3100.979940 3096.322055 3104.165247 3113.744473 3125.268256 3145.872208 3180.147517 3204.301550 3221.857791 3241.687359 3259.809005 3280.587895 3302.923242 3324.932708 3341.223693 3358.935560 3376.880007 3397.171621 3415.907369 3438.400283
3458.955295 3431.265129 3405.453061 3382.919110 3352.229429 3307.108965 3293.283084 3284.940764 3264.314269 3218.353467 3177.432656 3156.857946 3143.977737 3121.513530 3101.184749 3073.200438 3040.251350 3019.041520 2999.162779 3009.842675 3020.413653 3040.380545 3031.855502 3025.169958 3022.329997 3007.323579 2994.250530 2978.098358 2984.555184 2996.623744 3019.736517 3025.614409 3029.679321 3038.873017 3038.008046 3033.332783 3016.054112 3022.593304 3032.982470 3047.083695 3077.378990 3099.481913 3121.339747 3142.299346 3160.936163 3181.394296 3202.875264 3225.076026 3250.489132 3269.169644 3287.336047 3308.047361 3326.555903 3340.538754 3356.488150
3352.615386 3329.184419 3310.138537 3286.762866 3245.230113 3202.285878 3163.136620 3138.004625 3087.636949 3053.858908 3033.649375 3032.659913 3021.186068 3002.404222 2984.512691 2970.788708 2949.605297 2931.410596 2907.101485 2912.985967 2929.107956 2946.422002 2947.778495 2948.879850 2947.679343 2938.604928 2925.388736 2911.932287 2915.750847 2932.792553 2950.731544 2960.659797 2968.299808 2975.972857 2975.606558 2966.020794 2955.826420 2960.311349 2975.157974 2986.683715 3003.668418 3023.576268 3043.484896 3062.917174 3084.380157 3105.986845 3127.841972 3151.599399 3176.949946 3197.033913 3219.549110 3242.820665 3258.551569 3266.605746 3273.932016
3251.871960 3233.293372 3211.010643 3184.565613 3144.138680 3105.514660 3065.806456 3020.297281 2988.576964 2965.974193 2959.726731 2945.430201 2933.212527 2919.845256 2900.767701 2885.555608 2871.679113 2851.333354 2841.734365 2849.541949 2863.470367 2872.182365 2879.221204 2877.496461 2875.525725 2870.153885 2856.499822 2852.248649 2862.270875 2877.470680 2891.177908 2902.636043 2909.447254 2914.484199 2911.297184 2901.959935 2898.625880 2906.451730 2921.461281 2934.308936 2948.451635 2968.162804 2983.668601 3003.920484 3025.008351 3045.682744 3068.727799 3092.480449 3117.071096 3142.689851 3163.769396 3181.000566 3188.614711 3196.901272 3195.842763
3131.258360 3120.535401 3095.966344 3068.908527 3040.813027 3008.933930 2985.860255 2960.575418 2932.086661 2904.641196 2880.286713 2869.162941 2864.180620 2853.038076 2837.304516 2827.226251 2812.723328 2803.302219 2809.863632 2811.730348 2820.345811 2819.004138 2820.340714 2818.275572 2817.997291 2816.004593 2809.954510 2821.747260 2828.056964 2841.450364 2851.428101 2861.036797 2866.703085 2870.119222 2871.010416 2866.486109 2871.947280 2877.643223 2890.803610 2901.323392 2914.079710 2933.046750 2948.728633 2966.353933 2984.073543 3005.385117 3027.519842 3051.469932 3077.716683 3100.638182 3116.868856 3122.228795 3129.959110 3130.166747 3117.943114
