examples/3D/Borden05m/output-maps-SE27XX/psiliqL0019N0001.asc
ncols         160
nrows         34
xllcorner     620200.000000
yllcorner     5168000.000000
cellsize      0.500000
NODATA_value  -9999.0
[rows 0 to 24 of 34, columns 55 to 109 of 160]
-9999.0 -9999.0 -9999.0 -9999.0 -9999.0 -9999.0 -9999.0 -9999.0 -9999.0 -9999.0 -9999.0 -9999.0 -9999.0 -9999.0 -9999.0 -9999.0 -9999.0 -9999.0 -9999.0 -9999.0 -9999.0 -9999.0 -9999.0 -9999.0 -9999.0 -9999.0 -9999.0 -9999.0 -9999.0 -9999.0 -9999.0 -9999.0 -9999.0 -9999.0 -9999.0 -9999.0 -9999.0 -9999.0 -9999.0 -9999.0 -9999.0 -9999.0 -9999.0 -9999.0 -9999.0 -9999.0 -9999.0 -9999.0 -9999.0 -9999.0 -9999.0 -9999.0 -9999.0 -9999.0 -9999.0
-9999.0 -9999.0 -9999.0 -9999.0 2031.457369 2026.215399 2021.497622 2017.184864 2008.944234 2000.172187 1992.521410 1988.956479 1988.434357 1988.129631 1988.129124 1993.678896 2002.151449 2010.170147 2017.516449 2020.168273 2022.782555 2025.044913 2025.605071 2024.604954 2021.568705 2018.466942 2015.239160 2013.775144 2006.154002 1995.002858 1986.515859 1983.851456 1988.183588 1992.589751 1995.044052 2000.510726 2010.941641 2021.419778 2029.622494 2041.416995 2047.366305 2052.146404 2054.472961 2049.950009 2046.075139 2041.799028 2035.933876 2024.708767 -9999.0 -9999.0 -9999.0 -9999.0 -9999.0 -9999.0 -9999.0
1976.529868 1995.661985 2016.453843 2019.850325 2008.261822 2003.450068 2000.558127 1999.093063 1994.965995 1986.867377 1982.174525 1977.246477 1975.533691 1976.084290 1976.582855 1980.991660 1991.899577 2000.206380 2005.228206 2008.089337 2011.035307 2010.350616 2009.888476 2009.780942 2007.050488 2003.746262 2000.498628 1998.802800 1999.819036 1992.328179 1986.688665 1983.102812 1980.864781 1983.478454 1985.993529 1989.879733 1999.099148 2006.944132 2014.732477 2029.055655 2041.415529 2046.416302 2043.402071 2038.078115 2033.756636 2026.280169 2015.575532 2005.192398 1996.341027 1989.392081 1983.346105 1976.601630 1982.029748 1988.443848 1997.314011
1961.611147 1981.339218 2002.069412 2005.154636 1994.910611 1987.240313 1981.801831 1982.617864 1986.113362 1983.258745 1979.087522 1973.352813 1983.084946 1984.782217 1986.269288 1990.051573 1993.103699 1997.599255 2000.568395 2006.208306 2015.403926 2018.341912 2018.992473 2019.237718 2017.472836 2014.419970 2012.666371 2010.013857 2004.891933 2003.564253 2003.625631 2002.941636 2007.519099 2009.025437 2011.297520 2005.136204 2008.998126 2015.066443 2021.740460 2027.519444 2033.574427 2036.418822 2032.603055 2031.801924 2022.793494 2008.449809 1997.368284 1988.859635 1987.473517 1983.757592 1975.121330 1961.126547 1967.923148 1982.860479 1986.705356
1968.702071 1978.406364 1990.188578 1993.490560 1988.981323 1991.231271 1993.446630 1995.360584 1994.231390 1991.582601 1989.101582 2001.232601 2010.716211 2012.929692 2016.226260 2020.598293 2021.242751 2010.338442 2008.516802 2016.633174 2026.863041 2032.523816 2032.876441 2032.801414 2030.121796 2029.165972 2028.987368 2027.100220 2027.372732 2029.479882 2028.408891 2032.312683 2037.936436 2041.101427 2034.462251 2025.636082 2027.058423 2035.042838 2043.539469 2050.743557 2060.778903 2071.328047 2070.278105 2064.457705 2054.899491 2041.018247 2017.177992 1997.759010 1985.980348 1977.520252 1969.332744 1969.713289 1964.895175 1976.330195 1977.078184
1964.572912 1984.058493 2005.439158 2013.104231 2007.861525 2004.112242 2002.742499 2004.112093 2004.433696 2006.951535 2018.364330 2031.918573 2045.687539 2048.834879 2051.722068 2051.509253 2043.702549 2033.982855 2031.199683 2045.640876 2062.431129 2070.726083 2071.005437 2068.768541 2074.030094 2073.476789 2072.916551 2068.889576 2070.460988 2070.272763 2078.210694 2085.940155 2093.489538 2091.942958 2079.771450 2067.913235 2066.999572 2070.900032 2075.706244 2082.259395 2092.014715 2100.872600 2095.222035 2088.187508 2078.485620 2050.255456 2024.048345 2007.272124 2006.337701 2005.564470 1999.685319 1995.843900 1992.478846 1985.656736 1984.346127
2010.408504 2031.709914 2052.841346 2068.270748 2063.260387 2056.368082 2047.853434 2049.061057 2051.666584 2059.498123 2072.079006 2088.178623 2111.941865 2114.071396 2116.761036 2118.341311 2107.132540 2095.116652 2085.091740 2105.235137 2116.136861 2124.264792 2124.177277 2131.978958 2141.395211 2137.451854 2130.419390 2119.552796 2125.703637 2135.227658 2150.444544 2157.848697 2162.412354 2159.705320 2147.390214 2141.198893 2141.046670 2145.044523 2144.057874 2150.110981 2159.190173 2173.506932 2171.825175 2164.481241 2142.135984 2104.069235 2070.696348 2052.362633 2059.139376 2051.316730 2043.113844 2039.548522 2025.511268 2014.922182 2014.701636
2059.174475 2076.323187 2094.868488 2113.404960 2107.869765 2098.542564 2084.824211 2084.054500 2090.912140 2101.890303 2121.075179 2142.577253 2165.500463 2170.350113 2169.976960 2180.356367 2174.618855 2165.414399 2158.166281 2174.356265 2185.826231 2197.000372 2205.071947 2217.859957 2228.989993 2216.465069 2202.417051 2195.121981 2201.324464 2223.777543 2243.445677 2248.551109 2248.911108 2250.125871 2238.340100 2232.598056 2227.504900 2224.776062 2220.238151 2216.850370 2237.694675 2255.696056 2253.791108 2230.300832 2205.692092 2166.739469 2127.608422 2097.414070 2101.283693 2096.570016 2095.788765 2081.399459 2066.040879 2052.170741 2044.066124
2132.789440 2159.833590 2179.894578 2202.521700 2200.179975 2181.897653 2171.477903 2176.176827 2190.032787 2198.438340 2216.058967 2237.875965 2267.700408 2285.798611 2302.344376 2307.768599 2300.627441 2292.576610 2280.658356 2282.491537 2303.106185 2315.711077 2325.715146 2335.593905 2348.218855 2351.553271 2347.194683 2346.308118 2350.237482 2360.310446 2371.882693 2378.785240 2383.200307 2387.167067 2379.217797 2367.993994 2363.985635 2356.852400 2352.520108 2350.531705 2356.634044 2371.232560 2367.707825 2335.775852 2307.317913 2271.956599 2232.746435 2200.641871 2186.500334 2196.416474 2187.554594 2168.474104 2151.334657 2118.847194 2105.747720
2225.378709 2261.278050 2288.975296 2303.665463 2315.901442 2307.968988 2309.012166 2313.975899 2322.548029 2327.551154 2335.665960 2368.878342 2403.829955 2432.039698 2456.563350 2465.584873 2455.248500 2446.282765 2434.378482 2425.894976 2433.694255 2449.876000 2467.283799 2482.744985 2494.070014 2497.014573 2495.579197 2495.921792 2498.746145 2501.811181 2505.594045 2513.073320 2520.977345 2531.669781 2541.630827 2533.563709 2515.759300 2504.839482 2493.295749 2490.096873 2489.602899 2489.835295 2489.346589 2476.274955 2438.505478 2406.802188 2373.237598 2346.837280 2327.325339 2317.361458 2295.778705 2270.379879 2220.140403 2179.538680 2144.546227
2335.866240 2379.865808 2411.424932 2434.034350 2449.619147 2451.092701 2454.269135 2457.009328 2462.653022 2467.349434 2473.305545 2498.740407 2540.088909 2579.429046 2610.788925 2613.760705 2603.213401 2593.171616 2584.095777 2572.336425 2569.215449 2579.626414 2592.944700 2611.030358 2621.937887 2629.686861 2626.975100 2627.385464 2629.295131 2631.008099 2633.077940 2636.148217 2644.830217 2658.747866 2671.735892 2671.877970 2655.879788 2639.304052 2622.890776 2618.005070 2613.563441 2607.793080 2608.201529 2608.263200 2595.319727 2565.299536 2524.662190 2481.168112 2457.207990 2436.571149 2421.982082 2403.373681 2368.433705 2307.445673 2270.662575
2469.340017 2502.209315 2534.759341 2567.135921 2585.323407 2591.539247 2591.435306 2592.599983 2600.387025 2605.570060 2614.082126 2630.684002 2659.364409 2692.210484 2721.030553 2738.068713 2733.111443 2718.696593 2699.774159 2692.920875 2691.305144 2694.377376 2702.498308 2712.844998 2730.167139 2747.808821 2755.309842 2756.237541 2752.192572 2756.410349 2758.356050 2758.873886 2761.193002 2768.041571 2776.578111 2779.487737 2772.929518 2752.660618 2730.957242 2718.251823 2710.731634 2706.579342 2705.504633 2707.711722 2707.710235 2692.938470 2659.674925 2617.172586 2583.805026 2563.204459 2546.115353 2528.434768 2513.930248 2485.508850 2463.713231
2595.903153 2612.561730 2641.452376 2670.527588 2694.379012 2710.672057 2713.555033 2718.382999 2723.557301 2732.532463 2748.415390 2772.041995 2789.372412 2809.544323 2833.734220 2848.435875 2854.302709 2854.085158 2851.893450 2853.747700 2854.283270 2810.333574 2814.993115 2819.503260 2831.443405 2843.046906 2847.387375 2847.865491 2845.957375 2847.902851 2848.890120 2849.313205 2849.315736 2850.725368 2854.464609 2855.887366 2854.136034 2844.377892 2855.066754 2837.041326 2824.775584 2817.153878 2809.132071 2800.325314 2790.009413 2778.793855 2757.252734 2727.119185 2692.260809 2667.048582 2655.457822 2646.562280 2636.589856 2628.606005 2610.262203
2708.761897 2721.560914 2740.046569 2762.755405 2796.141825 2818.076475 2829.264261 2838.200272 2842.874918 2855.830471 2870.789552 2860.846410 2867.095481 2873.402927 2879.589420 2881.776372 2882.473932 2882.307107 2880.126249 2879.659136 2877.682186 2873.648274 2863.655135 2865.026889 2866.514050 2868.849193 2872.328433 2871.019514 2872.026432 2875.189146 2873.922318 2868.590342 2865.155456 2863.884262 2864.814266 2872.207688 2875.650272 2876.739111 2875.000692 2874.785314 2874.705928 2872.847480 2870.185505 2865.990502 2860.242794 2868.494357 2856.374539 2829.994561 2792.479455 2751.753574 2739.540445 2736.566990 2734.816031 2730.645003 2722.881347
2838.034234 2851.950891 2866.759355 2855.280968 2872.125447 2880.672455 2884.514429 2887.572985 2889.732815 2891.364160 2887.834127 2884.286255 2879.188912 2877.423176 2875.732881 2872.964868 2873.254169 2871.046148 2866.822160 2862.812267 2855.378970 2844.052748 2832.571518 2829.213169 2833.267269 2838.174855 2842.558628 2846.130570 2849.578684 2850.297509 2845.574845 2837.939132 2831.117165 2829.690125 2836.578031 2842.430753 2848.572130 2849.802295 2849.130627 2847.829372 2848.882313 2847.124438 2848.424493 2855.833328 2870.111202 2874.506879 2878.543676 2877.628378 2865.273731 2842.914103 2844.031578 2823.499731 2827.081071 2821.245936 2808.567139
2885.107451 2887.936258 2887.435265 2886.416811 2880.483958 2874.436394 2873.214991 2876.396420 2882.366030 2882.504410 2874.467282 2865.024666 2856.994394 2849.014533 2845.886920 2844.099369 2842.822132 2842.353368 2836.392409 2827.173258 2810.230158 2798.104456 2786.459024 2779.949477 2776.567510 2780.227376 2790.197693 2800.644621 2805.325082 2797.534017 2789.996413 2779.325066 2771.800591 2772.556292 2774.543104 2784.051728 2799.719872 2806.354235 2808.034186 2803.563626 2799.627539 2795.026656 2794.076378 2802.028554 2818.175979 2835.181066 2850.421056 2859.509379 2867.269319 2874.061683 2875.038333 2876.765239 2877.373708 2875.200325 2875.281266
2883.701698 2877.284315 2870.663257 2865.390704 2858.457453 2852.184623 2849.352087 2850.168273 2851.038344 2845.646571 2837.278988 2825.161644 2812.523025 2801.278981 2792.895501 2792.312606 2793.155504 2793.152118 2785.177571 2769.097160 2748.870949 2734.451258 2719.708418 2714.915141 2708.811612 2702.249075 2711.954774 2729.813918 2736.377967 2721.807420 2711.829603 2697.700925 2691.277881 2688.235160 2689.829409 2699.408071 2721.023471 2743.447193 2746.327999 2737.722769 2729.606215 2727.170573 2726.571106 2734.157904 2753.322017 2776.770978 2793.816077 2805.157832 2811.850470 2820.785378 2831.042785 2845.044956 2859.315016 2870.996952 2877.458104
2860.593090 2852.550309 2844.429813 2836.127822 2828.073375 2820.216216 2814.209372 2810.168788 2804.631325 2796.135395 2786.276726 2764.322546 2749.549761 2734.858010 2718.487194 2712.815049 2707.065308 2706.701283 2693.912974 2683.631141 2665.687603 2649.257576 2632.302212 2619.339247 2612.685267 2605.683022 2606.247423 2620.161380 2628.631887 2617.405264 2607.746486 2596.524128 2591.723614 2588.911817 2591.612960 2602.510522 2623.961229 2643.391379 2652.455151 2646.717505 2645.910518 2647.712548 2649.179793 2657.762162 2672.551158 2693.102341 2716.858312 2736.651450 2748.502365 2757.836842 2769.304695 2786.649388 2802.000534 2816.973250 2835.096475
2827.471002 2817.089585 2806.109972 2795.132033 2782.754186 2768.409680 2759.698385 2758.913334 2749.600179 2740.343208 2717.947098 2664.560949 2641.804295 2620.569071 2602.274350 2593.657058 2583.538315 2569.376334 2558.723151 2551.634988 2548.109113 2531.838907 2511.973665 2493.785620 2487.795798 2483.183718 2469.252633 2468.645947 2470.187394 2480.646326 2474.234833 2471.205824 2471.631922 2469.699991 2472.462246 2486.279969 2496.772048 2505.544999 2513.487018 2517.252204 2528.467759 2539.598892 2550.070856 2569.518822 2584.452920 2603.575569 2627.356497 2655.291958 2672.768921 2685.123688 2698.289767 2715.718299 2734.163216 2753.553516 2777.491099
2785.522688 2766.846369 2750.869341 2734.648593 2719.677524 2704.923588 2687.722767 2685.863577 2679.469960 2666.108049 2613.542806 2568.147591 2530.305503 2509.424223 2483.735061 2468.565716 2452.133475 2417.345149 2399.577823 2394.858189 2403.615610 2396.075525 2379.292246 2365.588479 2355.995997 2347.235571 2331.287251 2316.794253 2322.028785 2337.562981 2336.214248 2337.568710 2344.077150 2343.474792 2338.869086 2340.623326 2354.541362 2362.291833 2374.209203 2390.701318 2397.407040 2412.772676 2445.753667 2462.041103 2480.323893 2502.818679 2527.457650 2554.734907 2580.149259 2597.443660 2615.803767 2637.879317 2657.741499 2680.989406 2706.316530
2723.118806 2692.432621 2670.023963 2650.315908 2628.790918 2601.768722 2578.243203 2572.277274 2561.758434 2532.897978 2478.080142 2436.458336 2407.090529 2382.246080 2356.059711 2332.048607 2296.812045 2261.797283 2239.172218 2248.678957 2256.716977 2262.275954 2248.949980 2236.609448 2226.167843 2209.611737 2193.136675 2178.719618 2188.462163 2197.018823 2211.267319 2216.845937 2220.974048 2225.736920 2224.927115 2217.644169 2217.949106 2227.260781 2238.512797 2251.302456 2271.016839 2306.150956 2333.326700 2353.879300 2377.493135 2400.311053 2425.752145 2452.503828 2478.467955 2498.957201 2521.362725 2545.432347 2570.435449 2594.042980 2621.279806
2633.635484 2603.418994 2574.264923 2548.018344 2514.023947 2467.757555 2449.514356 2437.046667 2415.689742 2369.856209 2324.669109 2294.042087 2273.432086 2247.132853 2222.702764 2192.762561 2158.645467 2133.616689 2112.102950 2119.621076 2127.300716 2142.460185 2131.613758 2122.299108 2117.408861 2101.978466 2088.194646 2072.519153 2079.274930 2090.390130 2111.090289 2116.423273 2120.500251 2129.125241 2128.662758 2125.536734 2112.535627 2120.912020 2132.513209 2147.952755 2178.738830 2203.799166 2228.875348 2252.670644 2275.140318 2300.469111 2326.711817 2353.539104 2383.200962 2406.486612 2429.277572 2454.505773 2478.231053 2498.573387 2521.220452
2509.627601 2482.313224 2458.619474 2431.501169 2388.817514 2342.129425 2300.941292 2276.025924 2227.361517 2190.180449 2160.877969 2150.275579 2133.200782 2110.070874 2088.164925 2066.346529 2041.488245 2020.011660 1994.502253 1998.235131 2011.667556 2026.572337 2024.183935 2022.678101 2020.114113 2009.732378 1996.040399 1982.357243 1985.980768 2002.211808 2019.748576 2028.794018 2036.250006 2044.191264 2044.449834 2036.545616 2027.768964 2033.563499 2049.145112 2066.354683 2086.566854 2109.242267 2132.154626 2154.463553 2179.075928 2204.341988 2230.194109 2258.255692 2288.576957 2312.829055 2339.972702 2368.125057 2389.942318 2404.339189 2419.017681
2390.238346 2367.108936 2340.867803 2311.159728 2267.139745 2224.187370 2180.470189 2134.667405 2099.273015 2067.208932 2053.649276 2035.014171 2018.128418 2000.609096 1978.794700 1960.087086 1942.705321 1920.372353 1906.230483 1911.913015 1924.501629 1933.387095 1937.957099 1935.121584 1932.227035 1925.610161 1911.692881 1904.908484 1914.211615 1929.470381 1943.723943 1954.802996 1961.801294 1967.567732 1964.971680 1956.590530 1952.820948 1961.446622 1977.501154 1992.266731 2008.944461 2030.864725 2052.749349 2075.770714 2099.912512 2123.929428 2150.530793 2178.049022 2206.416701 2235.526946 2261.358542 2285.122265 2298.634086 2312.676594 2319.687740
2250.819899 2234.954455 2207.385599 2177.298458 2144.733459 2107.680764 2078.947342 2045.561366 2013.528776 1982.406846 1955.377179 1939.663497 1930.659327 1915.912469 1897.103943 1884.200873 1867.463986 1853.592290 1856.377707 1857.776656 1866.656514 1865.692147 1866.139360 1863.208168 1862.196417 1858.932159 1850.777846 1860.450951 1867.386498 1881.320284 1891.714286 1901.392031 1907.509152 1911.492343 1912.306956 1907.423075 1912.577939 1919.482666 1933.947534 1945.877493 1960.622453 1981.561011 1999.475011 2019.596838 2042.969068 2067.192503 2092.606802 2119.834608 2149.355542 2176.008625 2196.882048 2207.427857 2220.175933 2226.752759 2221.535206
