examples/3D/Borden05m/output-maps-SE27XX/psiliqL0028N0003.asc
ncols         160
nrows         34
xllcorner     620200.000000
yllcorner     5168000.000000
cellsize      0.500000
NODATA_value  -9999.0
[rows 0 to 24 of 34, columns 55 to 109 of 160]
-9999.0 -9999.0 -9999.0 -9999.0 -9999.0 -9999.0 -9999.0 -9999.0 -9999.0 -9999.0 -9999.0 -9999.0 -9999.0 -9999.0 -9999.0 -9999.0 -9999.0 -9999.0 -9999.0 -9999.0 -9999.0 -9999.0 -9999.0 -9999.0 -9999.0 -9999.0 -9999.0 -9999.0 -9999.0 -9999.0 -9999.0 -9999.0 -9999.0 -9999.0 -9999.0 -9999.0 -9999.0 -9999.0 -9999.0 -9999.0 -9999.0 -9999.0 -9999.0 -9999.0 -9999.0 -9999.0 -9999.0 -9999.0 -9999.0 -9999.0 -9999.0 -9999.0 -9999.0 -9999.0 -9999.0
-9999.0 -9999.0 -9999.0 -9999.0 3797.616462 3792.342790 3787.643332 3783.186384 3774.727099 3765.397592 3757.616151 3753.392683 3752.178461 3751.314003 3750.620938 3755.389748 3763.409037 3770.969727 3777.752724 3780.118825 3782.403945 3784.152235 3784.300754 3783.132062 3779.849445 3776.451030 3773.023282 3771.259748 3763.995058 3752.891322 3744.647530 3741.958993 3746.086189 3750.397051 3752.842439 3757.902562 3768.215556 3778.767101 3787.340809 3799.997652 3807.187074 3812.555451 3815.072217 3811.091648 3807.856409 3803.852328 3797.544478 3786.435375 -9999.0 -9999.0 -9999.0 -9999.0 -9999.0 -9999.0 -9999.0
3742.560613 3760.886821 3781.985112 3785.056545 3773.251169 3768.128480 3764.993318 3763.366993 3759.198783 3750.712442 3745.592846 3740.068307 3737.260069 3737.209850 3737.006987 3740.537652 3751.325057 3759.022723 3763.482454 3766.073177 3768.892899 3767.058496 3766.177842 3765.906699 3762.946259 3759.396550 3755.964173 3754.056636 3755.641732 3748.022379 3741.925951 3737.936251 3734.763223 3737.526866 3740.255918 3745.016672 3754.117351 3761.966149 3769.897627 3785.201023 3798.497299 3804.260538 3801.711815 3797.191136 3793.377347 3785.855805 3774.994859 3765.066026 3757.240601 3751.306443 3746.001874 3739.500060 3746.019499 3754.127398 3763.395484
3725.736172 3744.874760 3765.328988 3767.809928 3757.585189 3749.913638 3742.754110 3743.284275 3746.889349 3743.662365 3738.770057 3730.489129 3740.689858 3741.575494 3742.126976 3745.209504 3746.807233 3752.154830 3754.435091 3759.681514 3768.572190 3771.317179 3771.659079 3771.611911 3769.528553 3766.178835 3764.119872 3761.249908 3755.901764 3753.948825 3753.460956 3751.984712 3755.912418 3757.425722 3760.514261 3755.206017 3759.761590 3766.019044 3773.005878 3778.365495 3784.426166 3786.731769 3783.447426 3784.285116 3775.977418 3762.387970 3752.774108 3745.523320 3746.148779 3743.294125 3735.417065 3721.598187 3730.160476 3746.429808 3751.308077
3730.161680 3738.987628 3749.299582 3751.669062 3746.580326 3748.879309 3750.636330 3751.732841 3749.765115 3746.074260 3741.249341 3751.263540 3759.307135 3760.539020 3762.796067 3766.695641 3767.682363 3756.898632 3754.841552 3761.862934 3771.320175 3776.282054 3776.369767 3775.870931 3771.849208 3770.584501 3770.329352 3768.525201 3767.746520 3769.109874 3766.252769 3768.895869 3774.313557 3777.679962 3772.864545 3764.567727 3767.038011 3775.605867 3784.886351 3792.518713 3802.609742 3813.301594 3813.799181 3809.476853 3801.075904 3788.836197 3766.578644 3749.432594 3738.503193 3730.431488 3723.217302 3726.739336 3721.850747 3736.151540 3738.041951
3714.212318 3735.440403 3755.245209 3760.721738 3754.651965 3751.072842 3750.015138 3750.561761 3749.342300 3749.323947 3757.374451 3768.774262 3779.386965 3781.178281 3782.792735 3781.294265 3773.948592 3763.559829 3760.994960 3773.934002 3790.665603 3798.385462 3797.642099 3792.670576 3795.110895 3795.430711 3796.257919 3793.118113 3793.597432 3790.536311 3795.218658 3802.893810 3810.990364 3809.695686 3797.239459 3784.756049 3784.922342 3790.814569 3798.352007 3806.148479 3816.281862 3825.300569 3820.546356 3815.721837 3808.787842 3783.667974 3761.771855 3747.917378 3748.319859 3749.233284 3744.941956 3743.173966 3742.727248 3739.170511 3739.585159
3749.328153 3768.187085 3788.401068 3800.862915 3794.594944 3787.192548 3779.000403 3779.089620 3779.020850 3784.446487 3794.342598 3806.282891 3827.577161 3826.461635 3826.427572 3824.420861 3811.205564 3797.813010 3788.006338 3810.726846 3821.868046 3828.752222 3825.451667 3829.773077 3838.190244 3834.759031 3828.733019 3816.375292 3821.859133 3827.483020 3842.642474 3850.769299 3856.283159 3851.173798 3836.829397 3829.896023 3831.900034 3839.048410 3840.811838 3850.120764 3858.639832 3873.529317 3872.055968 3869.627280 3850.130311 3813.074319 3784.532206 3773.146832 3785.444468 3779.980541 3773.648178 3774.134551 3763.574133 3757.009974 3760.015623
3779.462733 3792.243705 3808.179908 3824.466343 3814.962762 3804.893505 3787.899253 3784.358394 3788.005282 3798.193699 3815.486252 3832.718236 3852.060384 3849.278956 3841.213983 3850.887206 3843.824685 3832.746310 3825.343283 3848.390792 3858.191123 3868.196222 3873.305628 3885.959103 3896.238182 3878.639395 3860.779913 3849.552551 3856.876831 3883.428753 3906.686264 3911.467670 3910.201803 3909.107811 3892.794176 3888.221531 3885.315448 3886.511220 3884.363574 3882.815759 3909.261252 3931.575423 3931.527849 3910.172936 3887.524999 3847.260701 3809.355353 3786.111941 3801.094696 3797.553248 3801.446572 3792.032516 3780.834848 3775.080136 3773.647364
3826.638114 3847.213898 3863.089282 3885.185874 3874.637043 3850.647477 3833.425922 3835.742269 3849.505896 3857.805347 3876.870369 3893.012375 3918.067327 3928.883769 3939.008884 3942.979353 3936.161588 3927.695684 3915.864441 3922.282807 3947.325394 3958.968561 3966.987529 3975.066684 3987.792951 3987.380431 3979.788197 3977.746001 3982.327685 3996.863921 4012.244073 4019.036821 4021.752190 4023.914940 4009.171062 3995.808557 3994.463366 3989.487620 3989.077542 3988.531269 4001.350803 4023.348782 4019.865863 3981.535268 3954.525935 3918.767548 3879.910435 3850.630772 3846.031415 3866.928227 3865.990779 3849.926586 3840.690552 3815.959748 3812.469656
3893.988369 3926.812015 3950.913544 3960.675922 3967.374891 3951.164479 3948.625939 3952.953685 3961.651721 3964.628516 3970.991573 4003.584388 4037.433698 4061.975142 4084.692533 4091.753486 4079.163440 4069.399301 4055.627396 4046.939877 4059.153513 4076.977299 4094.898277 4109.780206 4121.182558 4123.032505 4121.395664 4121.428703 4124.750338 4127.783948 4132.351410 4141.265375 4149.021741 4157.495816 4165.057993 4153.834360 4136.742195 4127.920436 4119.607883 4119.444693 4121.240735 4125.928296 4127.093685 4108.706566 4064.674201 4032.239926 3999.776053 3981.360058 3969.096757 3970.792578 3952.516474 3927.579634 3874.955578 3837.790920 3806.790813
3978.335180 4023.480302 4052.892852 4069.239207 4081.783352 4077.987074 4079.912934 4080.829535 4084.364275 4086.403460 4088.537756 4116.308886 4158.994892 4199.141192 4230.950965 4230.231780 4215.756915 4204.266500 4195.382081 4180.333443 4176.313075 4189.890664 4206.177215 4227.343928 4237.675676 4243.183814 4239.417080 4239.614113 4241.689187 4244.118900 4246.353781 4250.336527 4260.534956 4276.295284 4291.467283 4290.244154 4270.164156 4251.924545 4236.037206 4234.328059 4232.429560 4227.555330 4230.209709 4232.187896 4214.566555 4181.818121 4140.851104 4100.376144 4084.965923 4070.520755 4059.673169 4042.212821 3998.665863 3928.869305 3887.522063
4094.365690 4130.221308 4159.630805 4190.286156 4204.728862 4206.170476 4203.236557 4201.644525 4208.771596 4210.999234 4215.984973 4232.756851 4266.842891 4303.952313 4334.546054 4349.795989 4341.258120 4322.215923 4298.971000 4288.226944 4284.994752 4288.970773 4299.143326 4313.066860 4333.526313 4353.793079 4359.688715 4360.612245 4357.874505 4360.396804 4362.074635 4362.215211 4365.547060 4374.876582 4385.391871 4388.946803 4380.496309 4358.253427 4333.903698 4322.989549 4316.795404 4313.502815 4315.008706 4320.838363 4324.658327 4309.000886 4271.595678 4225.310543 4195.525162 4181.259254 4168.693949 4154.162654 4141.062812 4105.123700 4083.124420
4205.044207 4220.934471 4250.149088 4279.786616 4302.434397 4317.018015 4316.839159 4319.484275 4324.382214 4331.353971 4346.508750 4370.984265 4391.350244 4415.466950 4443.465664 4460.697762 4465.927738 4463.834596 4459.136631 4460.209015 4460.612635 4388.930849 4395.990404 4403.039606 4422.541697 4439.744974 4446.042120 4446.769632 4443.867012 4445.889723 4446.762813 4446.601118 4446.221432 4449.106159 4454.898075 4457.111721 4454.375090 4440.269355 4462.122857 4441.260184 4427.331002 4418.866744 4410.402560 4402.106398 4392.567451 4382.443364 4361.247208 4329.083188 4294.004652 4273.306499 4265.802379 4259.488259 4250.299427 4244.227369 4226.440744
4304.613829 4315.247599 4334.291749 4357.915937 4393.698553 4418.390789 4430.181020 4439.812980 4444.565133 4459.042852 4476.617854 4458.017020 4467.525297 4477.364597 4487.140986 4490.498280 4491.459552 4491.015994 4488.571988 4487.685312 4485.070469 4481.852340 4471.120021 4472.759033 4474.818647 4477.474928 4481.269943 4480.215345 4481.375198 4484.345923 4482.515787 4476.315817 4472.105061 4470.525091 4471.656924 4479.189795 4482.777865 4483.781227 4479.833887 4478.830934 4477.690870 4473.798785 4468.939588 4462.089550 4453.327004 4470.912716 4458.243213 4428.807583 4386.477136 4343.396560 4336.829666 4339.723285 4339.280560 4337.830078 4332.081854
4434.927132 4449.223379 4464.632228 4437.810221 4463.377885 4476.462418 4482.580518 4487.112702 4490.060240 4493.706853 4490.746311 4487.827502 4482.865106 4481.206631 4479.822506 4477.352295 4477.970595 4476.080405 4471.950332 4467.752740 4459.379612 4447.554558 4436.371886 4432.543014 4436.783237 4442.564370 4447.935850 4452.705693 4456.541895 4456.290312 4450.614308 4441.992087 4434.281337 4432.673726 4439.683707 4445.502537 4452.367676 4453.300749 4451.897371 4449.274575 4448.910889 4445.423324 4445.563417 4452.832887 4468.047564 4470.078318 4476.832788 4475.870893 4456.818730 4422.319272 4438.291333 4418.046590 4424.567341 4419.837117 4408.312270
4481.673644 4484.844852 4482.978754 4482.038701 4475.520067 4469.363493 4468.550676 4472.606285 4479.720914 4480.718109 4473.593492 4464.868426 4457.493955 4449.830287 4447.380884 4446.949350 4446.763106 4447.338386 4441.993399 4432.247386 4414.717103 4403.056207 4391.963082 4386.004245 4381.746333 4384.849175 4396.484214 4409.336995 4414.500846 4404.548891 4395.795638 4383.627323 4375.502698 4375.996195 4376.751459 4386.434350 4404.073357 4412.374879 4413.215676 4406.405724 4399.430746 4392.582505 4389.277084 4395.685830 4411.219838 4428.519603 4444.759304 4454.251911 4462.159341 4469.510336 4466.690688 4469.827844 4471.554065 4469.116870 4473.126140
4476.378108 4469.252498 4462.128286 4456.718272 4450.256243 4444.996145 4443.091721 4444.814288 4446.498648 4442.162553 4435.781705 4425.727010 4414.559904 4404.760150 4396.729802 4397.768619 4400.147969 4401.953739 4394.385639 4378.679615 4360.612023 4347.006752 4333.052525 4329.085993 4322.908038 4314.408042 4324.448723 4344.877740 4352.564783 4335.799743 4324.621305 4309.116824 4302.679205 4298.451543 4299.067665 4307.934079 4331.178642 4356.538627 4358.874457 4347.622928 4336.430036 4331.756253 4328.450638 4332.749509 4349.337689 4370.582619 4387.176181 4397.964310 4403.336722 4411.154283 4420.627546 4435.504087 4450.842846 4463.619834 4467.496605
4450.814430 4443.008070 4435.293983 4427.592721 4420.651804 4414.383340 4410.020807 4408.037998 4403.738074 4397.524508 4390.402611 4368.168206 4355.539813 4342.279522 4326.950246 4322.869257 4317.581804 4318.474964 4306.807464 4299.265089 4283.160643 4267.752044 4252.063480 4238.000626 4232.260836 4225.341555 4222.304763 4235.363076 4243.680310 4235.014740 4225.437165 4215.260624 4211.107500 4207.735454 4210.373329 4220.909232 4239.960224 4258.302172 4267.151703 4260.005516 4259.666020 4260.315423 4258.754179 4265.346318 4275.494892 4293.222375 4316.168674 4335.987182 4346.151338 4352.964736 4362.107291 4376.690713 4391.008029 4405.616391 4424.012269
4420.110361 4410.699740 4400.681147 4390.828024 4380.220964 4369.555728 4362.874529 4365.760538 4359.762763 4354.195028 4329.696836 4272.397356 4250.454444 4231.147891 4214.569782 4207.510329 4198.742097 4180.656816 4172.029556 4167.964499 4172.138263 4158.457747 4140.900342 4122.823260 4117.981629 4114.577873 4095.273507 4088.522268 4088.468283 4107.569586 4101.819003 4101.627610 4104.498666 4102.168690 4103.049721 4115.656853 4122.464770 4126.906825 4133.898700 4140.262496 4151.833938 4160.503931 4172.344119 4189.967860 4200.419524 4215.370690 4235.607949 4261.889637 4278.006032 4287.610586 4297.972454 4313.292022 4329.469980 4347.411331 4369.969966
4385.152776 4367.957539 4353.091874 4338.621838 4325.807399 4312.822488 4296.301617 4298.320001 4296.377352 4285.590122 4227.476510 4186.930320 4152.627282 4135.558504 4111.460172 4097.324074 4079.650989 4038.352049 4020.140890 4020.984749 4038.185853 4036.142212 4021.257906 4009.898519 4000.196462 3990.206963 3971.349421 3950.238911 3956.666354 3976.690533 3978.974704 3983.570530 3992.402530 3992.220254 3984.737647 3980.069411 3991.579196 3996.464075 4008.061338 4027.316328 4032.473513 4050.793912 4086.467609 4099.197101 4114.255061 4132.275141 4152.373524 4174.345868 4197.475404 4211.725252 4227.037935 4245.400667 4262.034887 4282.254436 4304.673929
4333.268194 4301.385825 4279.865138 4262.251498 4242.649715 4214.212955 4194.218718 4191.918370 4185.849464 4154.394938 4100.544551 4065.956870 4044.006942 4022.275506 3999.507033 3974.534620 3934.698480 3899.175818 3877.001228 3895.336778 3907.652348 3921.983474 3911.278577 3901.056200 3891.659584 3872.626222 3855.460256 3837.868132 3849.546453 3858.280336 3879.976437 3887.757356 3891.791340 3898.547270 3897.026124 3884.654077 3876.949505 3884.795598 3894.529866 3906.882099 3930.428840 3967.463138 3992.266956 4010.699800 4031.035293 4049.224958 4070.081028 4092.630775 4115.496857 4132.486706 4150.549254 4168.653295 4189.273650 4207.807510 4230.011736
4250.352387 4222.130931 4195.977921 4172.768075 4139.884094 4091.746568 4077.436688 4068.383111 4044.285673 3994.095353 3952.613178 3935.280519 3925.016289 3902.313425 3882.182496 3852.833947 3818.410717 3798.143747 3777.692524 3789.242290 3800.659190 3823.215266 3815.464722 3809.928304 3807.911970 3792.570368 3779.555826 3762.677998 3768.732141 3781.548014 3806.720862 3813.260256 3817.630387 3827.694176 3827.027961 3821.773032 3801.904983 3808.060285 3818.856665 3833.695721 3865.570399 3887.537062 3909.446078 3931.106232 3949.998671 3970.994313 3992.520524 4014.907468 4041.139156 4060.354416 4078.950143 4100.065642 4118.564798 4131.607848 4146.370849
4140.124278 4116.798328 4098.182744 4074.236275 4029.938984 3986.032975 3943.580635 3914.324213 3858.654721 3823.626986 3807.128205 3810.527090 3800.418712 3782.154116 3764.602950 3746.494039 3726.322914 3709.169810 3684.414767 3690.784936 3707.985410 3726.300063 3729.847267 3732.346051 3731.655860 3723.156312 3709.969377 3696.466148 3700.334951 3718.042880 3736.418417 3747.242194 3755.286644 3763.072051 3762.611182 3752.181915 3741.488002 3745.744788 3761.133010 3776.877305 3793.104096 3812.746726 3832.653512 3852.384422 3874.160180 3895.890506 3917.857745 3941.783081 3967.824664 3988.688309 4011.620166 4035.231753 4050.381596 4057.623422 4063.257856
4036.773113 4018.839664 3996.440309 3969.033597 3927.088562 3888.377146 3848.351869 3799.395565 3766.961920 3739.812324 3736.610995 3723.294507 3712.485904 3700.285594 3681.426623 3667.041887 3654.459914 3634.393227 3627.265240 3635.755946 3649.876330 3657.692222 3666.058650 3664.667457 3662.971944 3658.227955 3644.513725 3642.119603 3652.657392 3667.839628 3681.216086 3693.150570 3700.043466 3704.786506 3701.481784 3691.819339 3689.382842 3697.258934 3712.305913 3724.881898 3738.255096 3757.736983 3776.368338 3796.729400 3817.913342 3838.550775 3861.622482 3885.423386 3910.242607 3936.534719 3957.518681 3974.169903 3981.176733 3988.965200 3985.596197
3912.855115 3903.527352 3878.434395 3850.667128 3823.194732 3792.503358 3770.881831 3741.302359 3712.997116 3685.840178 3661.384783 3651.871240 3648.191938 3637.485244 3622.658938 3613.473210 3599.572112 3592.659907 3601.328065 3602.766560 3610.475555 3608.226023 3609.758569 3607.951695 3607.904408 3606.650027 3602.081656 3615.464288 3621.750867 3634.757075 3644.499059 3654.206753 3659.722154 3662.941900 3664.208729 3660.356199 3666.538417 3671.847395 3684.666161 3694.909453 3707.068869 3725.644929 3741.107215 3758.413511 3779.043434 3800.373317 3822.446646 3846.433454 3872.846951 3895.739670 3911.350662 3915.800931 3922.960501 3921.693721 3907.637099
