examples/3D/Borden05m/output-maps-SE27XX/psiliqL0018N0003.asc
ncols         160
nrows         34
xllcorner     620200.000000
yllcorner     5168000.000000
cellsize      0.500000
NODATA_value  -9999.0
[rows 0 to 24 of 34, columns 55 to 109 of 160]
-9999.0 -9999.0 -9999.0 -9999.0 -9999.0 -9999.0 -9999.0 -9999.0 -9999.0 -9999.0 -9999.0 -9999.0 -9999.0 -9999.0 -9999.0 -9999.0 -9999.0 -9999.0 -9999.0 -9999.0 -9999.0 -9999.0 -9999.0 -9999.0 -9999.0 -9999.0 -9999.0 -9999.0 -9999.0 -9999.0 -9999.0 -9999.0 -9999.0 -9999.0 -9999.0 -9999.0 -9999.0 -9999.0 -9999.0 -9999.0 -9999.0 -9999.0 -9999.0 -9999.0 -9999.0 -9999.0 -9999.0 -9999.0 -9999.0 -9999.0 -9999.0 -9999.0 -9999.0 -9999.0 -9999.0
-9999.0 -9999.0 -9999.0 -9999.0 1832.998259 1827.738192 1822.968603 1818.593509 1810.267530 1801.466247 1793.739459 1790.151908 1789.603570 1789.247735 1789.202044 1794.712888 1803.116371 1811.087492 1818.432679 1821.096247 1823.733866 1826.046921 1826.650674 1825.665253 1822.639990 1819.530729 1816.305135 1814.858714 1807.179637 1796.000415 1787.458309 1784.763029 1789.079187 1793.450634 1795.850852 1801.311788 1811.720958 1822.186319 1830.396105 1842.145191 1847.991137 1852.733169 1855.063670 1850.501813 1846.566463 1842.247337 1836.390368 1825.115878 -9999.0 -9999.0 -9999.0 -9999.0 -9999.0 -9999.0 -9999.0
1777.748059 1796.849097 1817.536856 1820.945600 1809.471287 1804.678428 1801.759733 1800.240308 1796.035932 1787.891627 1783.149795 1778.185497 1776.484839 1776.978697 1777.418601 1781.780631 1792.560148 1800.814714 1805.808717 1808.639314 1811.574150 1811.011018 1810.597158 1810.511712 1807.809829 1804.533833 1801.300261 1799.614250 1800.547667 1793.045811 1787.425605 1783.847115 1781.670908 1784.219766 1786.644067 1790.371055 1799.557176 1807.377673 1815.157520 1829.415482 1841.701246 1846.646051 1843.612590 1838.233459 1833.882507 1826.406930 1815.664534 1805.161159 1795.983706 1788.915887 1782.872881 1776.232892 1781.694503 1788.085331 1797.078992
1762.565073 1782.205245 1802.841403 1805.913053 1795.632992 1787.902589 1782.574531 1783.330800 1786.716463 1783.796257 1779.589682 1774.017692 1783.572692 1785.213255 1786.638042 1790.317517 1793.346627 1797.595151 1800.530176 1806.148256 1815.361100 1818.322482 1819.015262 1819.301472 1817.577862 1814.558735 1812.828966 1810.181493 1805.059165 1803.768674 1803.850443 1803.204772 1807.797981 1809.241906 1811.340674 1805.008798 1808.731061 1814.732204 1821.343811 1827.147455 1833.205700 1836.140175 1832.314311 1831.394173 1822.379932 1808.005316 1796.793854 1788.179935 1786.602111 1782.883180 1774.297194 1760.447026 1767.228742 1782.206574 1786.125931
1768.980397 1778.595010 1790.379706 1793.646080 1789.081523 1791.204043 1793.345208 1795.223676 1794.057443 1791.384061 1789.009908 1801.210967 1810.678070 1812.801198 1815.999511 1820.200920 1820.578123 1809.474314 1807.541629 1815.698286 1825.990014 1831.730000 1832.122326 1832.103601 1829.575027 1828.642850 1828.449283 1826.520348 1826.870739 1829.013698 1828.082380 1832.048706 1837.593211 1840.601015 1833.708841 1824.751037 1825.973366 1833.798940 1842.085820 1849.186387 1859.216949 1869.794803 1868.650856 1862.771318 1853.221580 1839.322890 1815.503123 1796.008485 1784.337066 1776.046351 1767.963234 1768.219772 1763.643827 1774.996077 1775.852652
1764.610424 1783.654435 1804.977814 1812.666538 1807.310109 1803.348160 1801.763149 1803.053568 1803.374278 1805.983930 1817.547878 1831.067705 1844.820802 1847.796743 1850.543317 1850.236112 1842.194494 1832.349993 1829.362932 1843.818636 1860.458134 1868.774666 1869.167021 1867.236615 1872.799517 1872.120409 1871.361831 1867.182237 1868.812330 1868.870263 1877.076807 1884.699224 1892.059422 1890.353715 1878.117786 1866.228110 1865.087321 1868.663877 1873.071335 1879.443426 1889.173075 1898.085126 1892.457798 1885.348599 1875.565736 1847.294812 1821.023391 1804.283361 1803.577127 1802.978387 1797.259275 1793.513139 1790.144583 1783.272985 1782.078868
1809.290945 1830.465998 1851.242812 1866.630948 1861.440094 1854.320810 1845.523748 1846.631558 1849.308442 1857.150219 1869.720185 1885.909439 1909.512632 1911.587253 1914.209844 1915.871541 1904.551272 1892.395014 1882.106632 1901.774509 1912.530386 1920.792079 1921.065477 1929.238243 1938.733180 1934.683926 1927.474402 1916.693558 1922.816295 1932.651572 1947.731289 1954.896482 1959.198904 1956.626487 1944.409154 1938.157936 1937.613251 1941.136960 1939.757652 1945.409768 1954.573087 1968.918922 1967.389166 1959.760613 1937.446306 1899.693234 1866.357486 1847.898100 1854.579220 1847.061627 1839.261423 1835.750271 1821.790785 1811.198696 1811.060902
1856.553146 1873.587267 1891.862610 1910.181643 1904.659143 1895.037838 1881.372806 1880.639213 1887.578280 1898.317915 1917.305307 1938.798458 1961.592080 1966.752664 1966.750892 1976.788927 1970.700100 1961.310487 1953.766179 1968.955628 1980.468825 1991.764315 2000.127319 2012.875703 2024.034127 2012.004211 1998.293600 1991.316684 1997.247110 2019.064970 2038.126053 2043.050437 2043.411687 2044.795713 2033.379902 2027.318012 2021.720126 2018.378506 2013.458849 2009.805156 2030.020424 2047.643748 2045.777245 2022.452524 1998.151967 1959.948196 1921.433525 1891.322533 1894.762876 1890.703879 1890.135664 1875.885219 1860.729298 1846.636023 1838.557882
1928.163058 1955.152078 1974.968375 1997.036404 1995.022963 1976.896231 1966.857808 1971.514599 1985.075202 1993.124056 2010.103027 2031.976971 2061.730644 2079.947850 2096.482306 2101.214912 2093.757808 2085.401497 2073.123508 2074.121372 2093.884736 2106.013646 2115.964368 2125.895538 2138.399834 2142.045943 2137.949115 2137.045480 2140.707371 2150.093462 2160.993599 2167.622740 2172.014893 2176.243584 2168.911771 2157.659869 2152.823799 2145.150779 2140.184033 2137.893391 2143.206516 2157.072758 2153.842203 2123.197548 2095.489719 2061.512104 2023.316880 1992.003843 1977.923687 1987.673927 1978.882878 1960.374673 1943.244617 1910.769970 1897.540626
2017.138979 2052.367450 2079.463112 2093.383063 2105.304858 2097.661472 2098.689673 2103.443012 2111.736897 2116.611139 2124.437653 2157.153095 2191.760687 2219.652802 2243.619913 2252.129650 2241.555833 2232.222926 2220.086070 2211.220888 2218.142373 2233.715603 2250.783943 2266.138916 2277.359091 2280.397074 2279.039291 2279.282618 2281.754049 2284.685935 2288.119947 2295.067043 2302.461750 2312.158467 2321.927977 2314.142710 2296.883061 2285.489866 2273.292785 2269.485278 2268.554385 2268.293654 2267.877981 2255.973138 2219.845190 2189.414799 2156.717175 2130.686977 2111.760307 2102.010982 2081.785148 2057.568235 2008.782800 1968.915836 1934.662623
2121.974910 2164.473714 2195.245446 2217.366976 2232.391251 2233.861101 2236.850242 2239.621117 2245.345664 2250.092578 2256.086699 2280.696413 2320.268772 2358.552771 2389.127247 2391.893074 2381.245171 2370.846356 2361.242046 2349.375585 2345.943278 2355.662098 2368.418754 2386.020640 2396.933670 2405.027930 2403.096564 2403.425775 2404.536891 2406.523177 2408.399257 2410.999925 2419.035420 2432.130396 2444.498630 2444.578579 2428.830059 2411.413181 2394.378348 2388.670272 2383.573821 2377.524861 2377.795546 2378.111798 2366.533743 2338.132893 2299.709053 2257.305568 2233.795980 2213.929475 2200.439132 2182.922821 2150.429532 2092.336355 2057.581739
2248.191368 2279.193316 2309.713828 2340.981408 2358.936320 2365.315728 2365.411815 2366.921408 2374.839882 2380.328908 2389.166091 2406.021587 2433.500764 2465.257802 2493.344865 2510.081772 2505.026978 2490.603722 2471.618939 2464.664577 2462.755741 2465.353626 2472.987494 2482.779750 2499.641106 2516.789888 2522.787792 2523.564767 2520.603218 2523.262960 2524.695954 2524.835965 2526.645260 2532.847129 2540.879747 2543.512609 2537.117626 2518.292163 2496.522273 2483.072872 2474.891116 2470.306655 2468.899596 2471.002422 2471.204637 2457.361406 2425.142751 2384.009467 2351.296028 2331.095609 2315.063623 2299.575878 2286.557160 2260.610582 2240.374423
2366.105025 2381.615371 2409.187567 2437.437959 2461.557770 2477.990988 2481.306908 2486.600120 2492.041750 2501.367325 2517.219764 2538.947366 2555.471195 2574.922578 2598.443677 2612.591910 2618.174326 2617.713140 2615.271449 2616.661498 2616.694890 2575.384629 2579.466975 2583.508538 2594.510832 2605.386269 2609.223308 2609.560111 2607.743150 2609.220510 2609.805306 2609.897718 2609.577430 2610.510020 2613.765699 2614.871934 2612.998621 2603.522621 2612.438431 2594.036808 2581.264146 2573.191252 2564.934908 2556.108012 2546.075738 2535.545301 2516.461718 2487.317856 2453.110480 2427.657015 2416.557747 2408.768467 2400.021335 2393.135308 2376.034814
2473.262664 2485.382910 2502.988988 2524.943166 2556.127759 2577.576660 2588.959273 2598.260784 2603.399504 2616.567672 2631.434217 2622.329336 2628.173570 2634.063556 2639.805174 2641.748034 2642.194784 2641.713399 2639.106968 2638.166958 2635.732305 2631.126731 2620.841409 2621.946807 2623.254920 2625.503911 2628.889308 2627.486483 2628.343814 2631.231954 2629.658397 2624.033089 2620.323434 2618.785511 2619.450051 2626.598852 2629.742856 2630.440142 2628.345108 2627.467492 2626.725547 2624.418107 2621.543823 2617.462852 2612.140339 2619.694030 2608.250672 2582.653444 2546.274672 2507.891420 2495.800631 2493.069586 2492.131771 2488.644586 2481.627047
2594.189568 2607.504819 2621.796457 2611.685817 2627.261289 2635.426569 2639.424230 2642.892782 2645.587566 2647.569917 2644.433459 2641.127025 2636.245865 2634.641995 2633.032902 2630.269329 2630.452097 2628.010898 2623.456201 2619.059009 2611.293436 2599.577766 2587.696507 2584.154799 2588.091810 2592.902428 2597.203874 2600.629687 2603.913947 2604.477030 2599.494170 2591.564926 2584.466873 2582.756650 2589.398239 2595.042293 2600.828407 2601.669478 2600.457082 2598.509460 2598.852201 2596.475705 2597.273238 2604.311251 2618.328170 2622.983967 2626.839897 2626.057997 2614.639148 2594.047816 2593.882038 2573.773659 2577.573445 2572.215469 2560.046365
2636.241804 2638.654947 2638.029173 2636.850815 2631.003284 2625.252037 2624.509368 2628.292620 2634.923761 2635.759341 2628.356607 2619.481451 2611.893170 2604.289700 2601.417540 2599.729049 2598.480742 2597.928982 2591.817896 2582.515973 2565.571673 2553.161865 2541.243123 2534.554009 2531.262801 2535.063876 2544.952277 2555.177438 2559.719034 2551.925017 2544.160179 2533.243006 2525.399322 2525.871731 2527.759412 2537.039098 2552.215018 2558.228593 2559.339716 2554.249133 2549.631717 2544.249464 2542.662406 2550.103943 2565.831999 2582.327241 2597.209962 2606.089330 2613.725293 2620.436287 2621.884347 2623.599718 2624.364786 2622.583148 2622.615674
2631.274116 2624.689369 2617.970223 2612.698369 2605.909158 2599.995206 2597.762190 2599.389113 2601.228437 2596.857668 2589.444186 2578.341842 2566.492014 2555.885205 2548.145068 2547.965738 2549.119465 2549.287959 2541.549897 2525.765587 2506.839126 2492.502164 2477.841294 2473.120055 2467.211915 2461.067979 2470.915830 2488.587838 2494.989995 2480.471396 2470.311180 2455.960440 2449.171280 2445.940981 2447.375398 2456.769006 2477.858327 2499.433210 2501.607073 2492.261783 2483.222549 2479.628428 2478.000283 2484.813213 2503.324686 2524.958988 2541.251156 2552.049485 2558.368879 2567.002782 2577.017916 2590.610652 2604.742256 2616.446473 2623.388907
2605.195917 2597.108271 2589.006972 2580.861128 2573.181633 2566.064185 2560.911614 2557.922379 2553.751450 2546.677980 2538.408554 2519.642495 2506.189138 2492.741147 2477.497598 2472.741094 2467.894000 2468.209543 2455.984350 2445.872390 2427.651219 2411.520636 2395.079459 2382.691255 2376.300362 2369.598830 2370.793600 2384.929804 2393.412882 2381.772421 2371.850749 2360.195682 2354.995133 2351.938576 2354.361810 2364.992625 2386.297231 2405.257889 2413.509547 2406.803977 2404.500335 2404.589422 2404.684506 2411.966921 2426.002579 2446.031995 2468.679952 2487.158354 2497.966535 2506.499431 2517.319730 2533.105574 2548.008517 2562.787156 2580.755699
2569.981005 2560.019745 2549.426123 2538.997068 2527.498036 2515.352583 2507.905779 2508.546078 2501.013764 2493.724525 2473.981979 2423.016852 2402.472739 2382.991585 2366.203591 2358.898547 2349.948126 2337.358504 2327.499968 2320.977775 2317.362947 2301.772014 2283.344488 2265.863569 2260.241751 2255.879267 2242.825309 2243.057385 2244.814307 2254.228758 2247.558142 2243.966852 2243.849729 2241.676930 2244.339464 2257.931708 2268.378321 2277.003291 2284.189330 2286.525440 2296.153488 2304.766395 2313.001069 2330.743223 2344.385393 2362.279922 2384.604142 2410.598324 2426.332281 2437.318630 2449.378673 2466.053368 2483.676104 2502.333782 2525.711974
2528.280186 2511.834206 2496.842402 2481.755087 2468.057539 2454.399724 2438.998337 2438.992223 2434.750978 2424.091469 2375.449611 2332.648554 2298.170541 2279.297152 2255.502414 2242.061761 2227.460751 2194.797574 2178.309831 2174.101590 2182.905271 2175.550276 2158.963907 2145.516715 2136.414935 2128.170140 2112.823147 2099.236920 2104.395774 2119.373617 2117.499314 2118.312237 2124.341822 2123.451948 2118.890230 2121.009092 2134.742433 2142.213364 2153.362676 2168.510216 2174.156166 2187.808485 2218.697351 2233.422442 2250.019721 2270.872419 2293.707269 2318.123515 2341.197883 2356.522709 2373.041656 2393.326346 2411.656883 2433.651321 2458.013609
2470.548230 2440.927720 2419.980484 2402.031036 2382.678691 2358.043546 2336.584786 2332.913490 2324.922140 2299.821431 2249.393751 2210.210760 2182.549999 2159.717024 2135.290201 2113.342711 2080.613508 2047.064336 2025.590285 2035.200191 2043.730217 2049.119502 2036.084196 2024.026706 2013.904269 1997.956737 1981.794193 1967.873104 1977.450514 1985.961724 1999.294314 2004.493510 2008.466730 2012.815875 2011.857559 2004.862616 2005.683334 2014.660926 2025.417352 2037.395286 2055.589085 2088.880321 2114.667016 2133.671171 2155.680907 2176.806202 2200.569231 2225.675092 2249.531529 2267.862918 2288.115314 2309.154444 2331.920337 2353.739462 2379.366529
2387.734084 2359.186547 2331.917938 2308.030997 2277.719728 2234.429046 2218.578803 2208.563011 2190.435323 2148.104004 2105.366282 2076.432449 2057.156091 2032.647776 2009.653041 1981.269247 1948.424145 1923.946193 1903.309160 1911.296833 1919.392544 1934.430962 1923.802144 1914.522516 1909.664377 1894.484329 1880.791130 1865.356639 1872.229946 1883.144237 1903.283503 1908.389734 1912.316303 1920.634986 1920.020946 1916.916352 1904.405965 1912.654509 1923.839647 1938.676655 1968.586935 1993.150503 2017.455223 2040.134602 2061.402341 2085.045226 2109.787879 2135.042178 2162.673950 2183.930918 2204.721418 2228.008595 2249.661415 2268.117784 2288.911181
2274.199514 2248.713641 2226.870067 2201.916181 2161.853660 2117.483034 2079.442615 2057.607746 2012.341087 1977.533808 1949.180411 1939.166071 1923.300927 1901.436681 1880.637714 1859.809220 1835.449422 1814.355963 1789.555627 1793.722503 1807.384246 1822.461460 1819.862624 1818.261203 1815.751533 1805.348888 1791.725506 1778.095192 1781.720596 1797.775066 1815.174772 1823.956019 1831.259773 1839.111915 1839.323185 1831.546811 1822.790754 1828.498803 1843.737371 1860.560164 1880.666904 1903.070684 1925.495267 1947.129241 1970.986557 1995.474856 2020.368117 2047.243335 2075.787550 2098.253060 2123.616881 2149.826860 2169.782050 2182.305553 2195.352136
2164.261633 2142.727915 2118.351917 2090.783642 2049.108972 2007.808487 1965.693498 1922.337937 1888.739334 1858.296111 1845.454039 1827.906275 1811.894607 1795.164038 1774.183209 1755.929631 1738.778118 1716.865881 1702.558395 1708.484478 1721.393520 1730.814592 1735.299598 1732.567111 1729.735751 1723.048163 1709.197026 1701.972344 1711.148442 1726.400718 1740.717676 1751.650788 1758.596273 1764.400011 1761.793983 1753.449291 1749.401869 1757.950402 1773.924144 1788.700643 1805.437658 1827.210416 1848.820703 1871.447906 1895.141000 1918.705462 1944.729660 1971.572138 1999.115141 2027.079283 2051.718468 2073.952763 2085.911382 2098.287029 2104.004065
2034.380268 2019.615048 1993.632689 1965.103121 1933.561750 1897.337418 1869.342598 1837.194792 1806.277914 1776.169932 1750.223593 1735.100896 1726.685081 1712.546136 1694.173498 1681.561791 1665.103778 1650.982226 1653.577863 1655.389559 1664.765504 1664.256900 1664.836526 1661.977070 1661.003398 1657.616448 1649.125919 1658.409576 1665.408737 1679.425730 1689.863863 1699.498319 1705.631201 1709.642432 1710.343371 1705.271797 1710.224081 1717.202930 1731.734244 1743.719825 1758.572840 1779.542454 1797.429735 1817.454715 1840.548886 1864.482265 1889.552857 1916.357583 1945.367716 1971.426837 1991.719924 2001.607837 2013.367605 2018.980372 2012.734730
