examples/3D/Borden05m/output-maps-SE27XX/thetaliqL0003N0002.asc
ncols         160
nrows         34
xllcorner     620200.000000
yllcorner     5168000.000000
cellsize      0.500000
NODATA_value  -9999.0
[rows 0 to 27 of 34, columns 63 to 125 of 160]
-9999.0 -9999.0 -9999.0 -9999.0 -9999.0 -9999.0 -9999.0 -9999.0 -9999.0 -9999.0 -9999.0 -9999.0 -9999.0 -9999.0 -9999.0 -9999.0 -9999.0 -9999.0 -9999.0 -9999.0 -9999.0 -9999.0 -9999.0 -9999.0 -9999.0 -9999.0 -9999.0 -9999.0 -9999.0 -9999.0 -9999.0 -9999.0 -9999.0 -9999.0 -9999.0 -9999.0 -9999.0 -9999.0 -9999.0 -9999.0 -9999.0 -9999.0 -9999.0 -9999.0 -9999.0 -9999.0 -9999.0 -9999.0 -9999.0 -9999.0 -9999.0 -9999.0 -9999.0 -9999.0 -9999.0 -9999.0 -9999.0 -9999.0 -9999.0 -9999.0 -9999.0 -9999.0 -9999.0
0.232020 0.230695 0.229100 0.228888 0.229105 0.228807 0.228118 0.228965 0.230053 0.230966 0.232281 0.231968 0.232100 0.232606 0.232744 0.232520 0.231916 0.231542 0.231095 0.231810 0.229964 0.227540 0.225684 0.225321 0.226953 0.227897 0.227675 0.228523 0.230411 0.231988 0.232434 0.234342 0.233945 0.234687 0.235980 0.234951 0.234751 0.234968 0.235427 0.232679 -9999.0 -9999.0 -9999.0 -9999.0 -9999.0 -9999.0 -9999.0 -9999.0 -9999.0 -9999.0 -9999.0 -9999.0 -9999.0 -9999.0 -9999.0 -9999.0 -9999.0 -9999.0 -9999.0 -9999.0 -9999.0 -9999.0 -9999.0
0.228131 0.226207 0.225771 0.224324 0.223691 0.223521 0.222917 0.223346 0.225745 0.227424 0.227869 0.227463 0.227249 0.226688 0.226308 0.226438 0.225858 0.225332 0.224770 0.224971 0.226544 0.224763 0.223876 0.222985 0.222008 0.222353 0.222636 0.222739 0.224972 0.225775 0.226300 0.229291 0.232067 0.232757 0.231588 0.230358 0.230736 0.230701 0.229610 0.228573 0.228713 0.228247 0.228065 0.226989 0.228630 0.228560 0.230341 0.231801 0.233523 0.236154 -9999.0 -9999.0 -9999.0 -9999.0 -9999.0 -9999.0 -9999.0 -9999.0 -9999.0 -9999.0 -9999.0 -9999.0 -9999.0
0.225310 0.224672 0.223253 0.221051 0.223482 0.223128 0.222882 0.223297 0.224070 0.224388 0.224740 0.225265 0.227395 0.227195 0.226992 0.227105 0.226740 0.226061 0.226145 0.225789 0.223986 0.224283 0.224726 0.224311 0.226082 0.226171 0.227210 0.224054 0.224551 0.225256 0.225723 0.226014 0.226394 0.226976 0.225598 0.226624 0.225601 0.223259 0.222782 0.223099 0.225203 0.226281 0.225094 0.220740 0.223040 0.227849 0.227416 0.226571 0.228836 0.231057 0.234267 0.233797 0.233509 0.233879 0.234539 0.231883 0.230261 0.229129 0.225276 -9999.0 -9999.0 -9999.0 -9999.0
0.225218 0.223653 0.221732 0.225566 0.227090 0.226181 0.226599 0.227717 0.227784 0.222979 0.221720 0.223536 0.225432 0.226203 0.225304 0.224865 0.224029 0.224052 0.224587 0.224098 0.224836 0.225453 0.224577 0.225752 0.227117 0.228458 0.225495 0.222797 0.222973 0.225210 0.226807 0.227569 0.229828 0.233428 0.232821 0.232049 0.231755 0.231484 0.227305 0.223483 0.221981 0.221328 0.220197 0.221178 0.220325 0.224193 0.223861 0.223217 0.225005 0.226362 0.228122 0.229371 0.229142 0.229623 0.230279 0.229594 0.227736 0.226834 0.226318 0.224709 0.221335 0.214904 0.215359
0.221071 0.221088 0.224419 0.226164 0.229219 0.227969 0.228027 0.227894 0.224698 0.222282 0.220631 0.225519 0.229392 0.230596 0.229472 0.228498 0.231955 0.230941 0.230544 0.228479 0.229200 0.228790 0.232395 0.233758 0.235681 0.234932 0.231313 0.228263 0.228127 0.228463 0.228085 0.228908 0.231143 0.233992 0.231836 0.230984 0.231353 0.225082 0.220237 0.218652 0.222277 0.224365 0.224034 0.224424 0.224655 0.222122 0.222758 0.223035 0.221798 0.224720 0.227626 0.227907 0.225355 0.224522 0.225754 0.225584 0.225880 0.224821 0.223637 0.222832 0.216841 0.218872 0.215605
0.227893 0.229089 0.230747 0.233952 0.240325 0.238831 0.239148 0.241259 0.237734 0.234462 0.229456 0.235072 0.236257 0.237974 0.237566 0.241721 0.245464 0.243163 0.240023 0.236181 0.238471 0.243376 0.247960 0.248961 0.249454 0.250264 0.246967 0.246170 0.245547 0.245956 0.243733 0.243817 0.247214 0.253138 0.253811 0.251089 0.245545 0.236938 0.229139 0.225008 0.230192 0.228744 0.228099 0.229036 0.225965 0.224238 0.227025 0.224662 0.222829 0.226827 0.227186 0.226564 0.223274 0.227262 0.226657 0.223495 0.221473 0.220485 0.219741 0.218233 0.219762 0.218877 0.216139
0.230422 0.231573 0.236233 0.242770 0.250213 0.254169 0.257967 0.262426 0.258969 0.255323 0.251162 0.252092 0.256926 0.261678 0.267477 0.274391 0.281832 0.280316 0.276827 0.276572 0.278103 0.285421 0.292095 0.294820 0.296662 0.300340 0.298036 0.293705 0.288630 0.283444 0.278760 0.274906 0.281026 0.287644 0.286342 0.273401 0.262677 0.251706 0.241551 0.230797 0.231180 0.233165 0.235069 0.231213 0.229462 0.226054 0.225468 0.225949 0.222062 0.224279 0.224702 0.227383 0.231488 0.232579 0.229087 0.227253 0.225166 0.222923 0.221140 0.222700 0.223332 0.221557 0.219717
0.267175 0.268913 0.274676 0.290318 0.313294 0.336724 0.351263 0.353008 0.349692 0.343027 0.330851 0.323896 0.333980 0.344764 0.352382 0.355163 0.356566 0.357429 0.357380 0.357397 0.357601 0.357814 0.358284 0.358856 0.359430 0.360111 0.360349 0.359541 0.358756 0.357856 0.356988 0.356801 0.356504 0.357094 0.356955 0.354138 0.342914 0.317476 0.294368 0.277502 0.264551 0.264803 0.259353 0.254840 0.249776 0.238367 0.235430 0.233838 0.224495 0.223594 0.226642 0.230667 0.233759 0.228504 0.226291 0.224331 0.222116 0.219200 0.220675 0.222575 0.223250 0.222719 0.222736
0.350489 0.353298 0.354765 0.358119 0.361689 0.364851 0.366785 0.367326 0.366754 0.365946 0.364866 0.363932 0.364177 0.365479 0.366706 0.367550 0.367968 0.368097 0.368031 0.368039 0.368071 0.368163 0.368201 0.368312 0.368495 0.368793 0.369116 0.369074 0.368674 0.368280 0.367699 0.367431 0.367296 0.366981 0.366921 0.366865 0.365090 0.362440 0.359241 0.355735 0.351146 0.334287 0.316475 0.303485 0.281969 0.263171 0.248615 0.238963 0.229817 0.228218 0.238849 0.248940 0.243915 0.242127 0.239239 0.234281 0.230293 0.225014 0.225994 0.227010 0.226492 0.225818 0.224987
0.366680 0.367090 0.367511 0.368186 0.369140 0.369688 0.369891 0.369917 0.369892 0.369846 0.369779 0.369699 0.369683 0.369737 0.369800 0.369876 0.369916 0.369952 0.369952 0.369950 0.369952 0.369952 0.369958 0.369958 0.369962 0.369978 0.369986 0.369988 0.369980 0.369953 0.369905 0.369870 0.369796 0.369726 0.369705 0.369702 0.369690 0.369435 0.368776 0.367212 0.365424 0.363148 0.361440 0.359788 0.358397 0.353833 0.345792 0.319741 0.295125 0.276062 0.286887 0.277384 0.271121 0.264305 0.255718 0.248906 0.242853 0.236431 0.235888 0.236126 0.234961 0.234706 0.233482
0.369851 0.369886 0.369930 0.369968 0.369987 0.369997 0.370000 0.370000 0.370000 0.370000 0.370000 0.370000 0.370000 0.370000 0.370000 0.370000 0.370000 0.370000 0.370000 0.370000 0.370000 0.370000 0.370000 0.370000 0.370000 0.370000 0.370000 0.370000 0.370000 0.370000 0.370000 0.370000 0.369999 0.369997 0.369996 0.369996 0.369995 0.369990 0.369966 0.369850 0.369527 0.369045 0.368539 0.368067 0.367713 0.367394 0.366470 0.364197 0.360529 0.356934 0.355052 0.352159 0.341624 0.317789 0.297350 0.284627 0.267081 0.252999 0.245867 0.244829 0.243729 0.242235 0.239855
0.370000 0.370000 0.370000 0.370000 0.370000 0.370000 0.370000 0.370000 0.370000 0.370000 0.370000 0.370000 0.370000 0.370000 0.370000 0.370000 0.370000 0.370000 0.370000 0.370000 0.370000 0.370000 0.370000 0.370000 0.370000 0.370000 0.370000 0.370000 0.370000 0.370000 0.370000 0.370000 0.370000 0.370000 0.370000 0.370000 0.370000 0.370000 0.370000 0.370000 0.369993 0.369960 0.369924 0.369881 0.369846 0.369816 0.369706 0.369463 0.368974 0.367967 0.366133 0.365335 0.363754 0.360861 0.358482 0.356791 0.350415 0.320608 0.296814 0.287086 0.273393 0.263414 0.257741
0.370000 0.370000 0.370000 0.370000 0.370000 0.370000 0.370000 0.370000 0.370000 0.370000 0.370000 0.370000 0.370000 0.370000 0.370000 0.370000 0.370000 0.370000 0.370000 0.370000 0.370000 0.370000 0.370000 0.370000 0.370000 0.370000 0.370000 0.370000 0.370000 0.370000 0.370000 0.370000 0.370000 0.370000 0.370000 0.370000 0.370000 0.370000 0.370000 0.370000 0.370000 0.370000 0.370000 0.369999 0.369999 0.369998 0.369997 0.369990 0.369955 0.369829 0.369481 0.369104 0.368761 0.368472 0.368149 0.367644 0.365745 0.362175 0.358691 0.355984 0.348351 0.323793 0.303263
0.370000 0.370000 0.370000 0.370000 0.370000 0.370000 0.370000 0.370000 0.370000 0.370000 0.370000 0.370000 0.370000 0.370000 0.370000 0.370000 0.370000 0.370000 0.370000 0.370000 0.370000 0.370000 0.370000 0.370000 0.370000 0.370000 0.370000 0.370000 0.370000 0.370000 0.370000 0.370000 0.370000 0.370000 0.370000 0.370000 0.370000 0.370000 0.370000 0.370000 0.370000 0.370000 0.370000 0.370000 0.370000 0.370000 0.370000 0.370000 0.370000 0.369997 0.369984 0.369928 0.369886 0.369856 0.369813 0.369751 0.369374 0.368607 0.367395 0.366073 0.364203 0.361332 0.358371
0.370000 0.370000 0.370000 0.370000 0.370000 0.370000 0.370000 0.370000 0.370000 0.370000 0.370000 0.370000 0.370000 0.370000 0.370000 0.370000 0.370000 0.370000 0.370000 0.370000 0.370000 0.370000 0.370000 0.370000 0.370000 0.370000 0.370000 0.370000 0.370000 0.370000 0.370000 0.370000 0.370000 0.370000 0.370000 0.370000 0.370000 0.370000 0.370000 0.370000 0.370000 0.370000 0.370000 0.370000 0.370000 0.370000 0.370000 0.370000 0.370000 0.370000 0.370000 0.370000 0.369999 0.369998 0.369997 0.369994 0.369973 0.369884 0.369640 0.369196 0.368531 0.367682 0.366600
0.370000 0.370000 0.370000 0.370000 0.370000 0.370000 0.370000 0.370000 0.370000 0.370000 0.370000 0.370000 0.369999 0.369997 0.369990 0.369987 0.369984 0.369985 0.369994 0.369998 0.369999 0.369997 0.369995 0.369983 0.369972 0.369968 0.369973 0.369986 0.369996 0.369999 0.369999 0.369998 0.369996 0.369993 0.369992 0.369996 0.369999 0.370000 0.370000 0.370000 0.370000 0.370000 0.370000 0.370000 0.370000 0.370000 0.370000 0.370000 0.370000 0.370000 0.370000 0.370000 0.370000 0.370000 0.370000 0.370000 0.370000 0.369997 0.369981 0.369924 0.369815 0.369658 0.369335
0.370000 0.370000 0.370000 0.370000 0.370000 0.369999 0.369997 0.369996 0.369995 0.369995 0.369985 0.369967 0.369919 0.369856 0.369755 0.369689 0.369645 0.369605 0.369711 0.369840 0.369888 0.369799 0.369712 0.369542 0.369431 0.369378 0.369405 0.369554 0.369788 0.369891 0.369911 0.369874 0.369830 0.369803 0.369798 0.369834 0.369910 0.369964 0.369988 0.369996 0.369998 0.369999 0.370000 0.370000 0.370000 0.370000 0.370000 0.370000 0.370000 0.370000 0.370000 0.370000 0.370000 0.370000 0.370000 0.370000 0.370000 0.370000 0.370000 0.369998 0.369991 0.369973 0.369941
0.369998 0.369996 0.369990 0.369924 0.369867 0.369770 0.369647 0.369591 0.369477 0.369396 0.369175 0.368985 0.368668 0.368190 0.367604 0.367018 0.366884 0.366740 0.366567 0.367139 0.367353 0.367175 0.366786 0.366318 0.366052 0.365890 0.366159 0.366905 0.367480 0.367942 0.368103 0.367832 0.368016 0.368223 0.368214 0.368720 0.369080 0.369413 0.369682 0.369850 0.369902 0.369933 0.369959 0.369983 0.369995 0.369999 0.370000 0.370000 0.370000 0.370000 0.370000 0.370000 0.370000 0.370000 0.370000 0.370000 0.370000 0.370000 0.370000 0.370000 0.370000 0.370000 0.369999
0.369923 0.369903 0.369706 0.369061 0.368174 0.367537 0.366605 0.366030 0.365133 0.362879 0.361420 0.360583 0.360797 0.359695 0.358078 0.356733 0.356191 0.355810 0.354590 0.353862 0.354460 0.355621 0.354506 0.353413 0.353531 0.353005 0.353260 0.355081 0.356709 0.357461 0.358218 0.358933 0.359332 0.360088 0.362782 0.364401 0.365576 0.366709 0.367698 0.368520 0.369014 0.369256 0.369476 0.369699 0.369829 0.369922 0.369974 0.369995 0.369999 0.370000 0.370000 0.370000 0.370000 0.370000 0.370000 0.370000 0.370000 0.370000 0.370000 0.370000 0.370000 0.370000 0.370000
0.368745 0.368444 0.366766 0.363847 0.360329 0.358082 0.355544 0.352863 0.341051 0.316962 0.304121 0.304327 0.307578 0.303727 0.294065 0.286213 0.280958 0.275753 0.268722 0.264696 0.268548 0.272528 0.271932 0.271353 0.272574 0.272285 0.271960 0.272872 0.280225 0.285183 0.290320 0.294452 0.297591 0.313234 0.333268 0.348275 0.355269 0.357996 0.360741 0.363598 0.365401 0.366300 0.367223 0.368043 0.368707 0.369196 0.369589 0.369841 0.369937 0.369969 0.369986 0.369995 0.369999 0.370000 0.370000 0.370000 0.370000 0.370000 0.370000 0.370000 0.370000 0.370000 0.370000
0.362142 0.359323 0.354559 0.339528 0.311088 0.294781 0.281996 0.270920 0.259839 0.250867 0.245399 0.249031 0.250861 0.254113 0.249141 0.245214 0.244365 0.240771 0.237613 0.233307 0.236754 0.238247 0.242288 0.241815 0.241862 0.243672 0.242778 0.242512 0.239917 0.242786 0.244372 0.246260 0.253500 0.260498 0.268190 0.275783 0.286229 0.299990 0.319472 0.344209 0.355209 0.358129 0.360583 0.363290 0.365096 0.366294 0.367406 0.368440 0.369086 0.369427 0.369676 0.369815 0.369928 0.369983 0.369997 0.370000 0.370000 0.370000 0.370000 0.370000 0.370000 0.370000 0.370000
0.307493 0.290650 0.269836 0.258242 0.252538 0.246687 0.242426 0.239211 0.233929 0.230334 0.224650 0.226931 0.230002 0.234449 0.230850 0.230392 0.231239 0.229163 0.226960 0.223259 0.223835 0.226792 0.230319 0.230100 0.230780 0.232813 0.232869 0.231236 0.227916 0.228679 0.230731 0.232666 0.236591 0.240267 0.243954 0.247233 0.252122 0.258158 0.265107 0.275018 0.289162 0.301463 0.321495 0.346612 0.355603 0.357791 0.359794 0.362840 0.364910 0.366373 0.367446 0.368120 0.369012 0.369587 0.369889 0.369980 0.369998 0.370000 0.370000 0.370000 0.370000 0.370000 0.370000
0.243270 0.236554 0.234189 0.231873 0.229321 0.227247 0.224978 0.222963 0.221367 0.218666 0.213124 0.215522 0.218766 0.222434 0.222595 0.222234 0.222591 0.221797 0.219284 0.214811 0.216732 0.219439 0.221866 0.222595 0.223032 0.224554 0.223437 0.221140 0.217861 0.219238 0.221704 0.222992 0.224638 0.227151 0.229826 0.232499 0.235660 0.238908 0.243423 0.248675 0.254914 0.262040 0.270358 0.281696 0.290145 0.300192 0.311652 0.332154 0.350667 0.356085 0.359029 0.361947 0.365139 0.367460 0.368877 0.369575 0.369873 0.369956 0.369984 0.369995 0.369999 0.370000 0.370000
0.230075 0.226307 0.224050 0.222365 0.223513 0.222798 0.220319 0.220598 0.219341 0.214905 0.216671 0.217979 0.221660 0.220913 0.220705 0.219836 0.220468 0.219922 0.215543 0.217855 0.218793 0.221325 0.221717 0.222219 0.222597 0.223040 0.222526 0.219409 0.220086 0.220878 0.223168 0.223142 0.223984 0.226581 0.227255 0.228774 0.231003 0.233391 0.236287 0.239883 0.245017 0.250345 0.255513 0.257071 0.260750 0.263950 0.261325 0.268297 0.276336 0.286968 0.302868 0.325864 0.352037 0.358735 0.364039 0.367021 0.368585 0.369447 0.369714 0.369877 0.369958 0.369990 0.369998
0.220639 0.217841 0.214975 0.216781 0.217147 0.217112 0.216648 0.215838 0.213927 0.216433 0.216760 0.216555 0.216278 0.216257 0.216569 0.216127 0.215876 0.216041 0.217901 0.218150 0.217542 0.218197 0.218698 0.219279 0.218533 0.218701 0.218766 0.219443 0.219350 0.218825 0.219911 0.220200 0.220482 0.221524 0.222227 0.223141 0.224961 0.226350 0.228163 0.231452 0.235569 0.238419 0.238674 0.240883 0.241863 0.239950 0.238323 0.241365 0.244592 0.247452 0.254208 0.261638 0.272511 0.302529 0.347471 0.358069 0.362989 0.366220 0.367822 0.368799 0.369359 0.369755 0.369912
0.218082 0.215669 0.215307 0.216679 0.216878 0.216908 0.215431 0.214051 0.215583 0.216160 0.216070 0.215473 0.216104 0.216359 0.217176 0.216394 0.216010 0.216237 0.216435 0.216316 0.216894 0.217299 0.217631 0.219556 0.218500 0.218408 0.219079 0.218786 0.218566 0.218028 0.219291 0.219717 0.219808 0.220879 0.221487 0.222150 0.223143 0.224858 0.228230 0.230804 0.234252 0.237593 0.238104 0.238574 0.237720 0.236914 0.233181 0.233095 0.236896 0.236049 0.238944 0.244110 0.244732 0.257301 0.277588 0.299341 0.335114 0.354738 0.361473 0.364727 0.366851 0.368300 0.369184
0.215049 0.215362 0.214211 0.214590 0.214504 0.213761 0.212848 0.214021 0.213961 0.213865 0.213949 0.213603 0.214194 0.214664 0.215142 0.214868 0.214815 0.213976 0.213954 0.214814 0.214890 0.215406 0.216528 0.218050 0.217046 0.216846 0.216871 0.216510 0.216549 0.215972 0.217023 0.217817 0.218009 0.219339 0.219894 0.219178 0.220676 0.223278 0.225905 0.227666 0.230531 0.235199 0.233676 0.233481 0.234090 0.231017 0.227322 0.227213 0.228404 0.227424 0.229870 0.231398 0.231239 0.237713 0.243424 0.250837 0.263078 0.287815 0.326076 0.352877 0.358839 0.363097 0.365792
