examples/3D/Borden05m/output-maps-SE27XX/thetaliqL0001N0004.asc
ncols         160
nrows         34
xllcorner     620200.000000
yllcorner     5168000.000000
cellsize      0.500000
NODATA_value  -9999.0
[rows 0 to 27 of 34, columns 63 to 125 of 160]
-9999.0 -9999.0 -9999.0 -9999.0 -9999.0 -9999.0 -9999.0 -9999.0 -9999.0 -9999.0 -9999.0 -9999.0 -9999.0 -9999.0 -9999.0 -9999.0 -9999.0 -9999.0 -9999.0 -9999.0 -9999.0 -9999.0 -9999.0 -9999.0 -9999.0 -9999.0 -9999.0 -9999.0 -9999.0 -9999.0 -9999.0 -9999.0 -9999.0 -9999.0 -9999.0 -9999.0 -9999.0 -9999.0 -9999.0 -9999.0 -9999.0 -9999.0 -9999.0 -9999.0 -9999.0 -9999.0 -9999.0 -9999.0 -9999.0 -9999.0 -9999.0 -9999.0 -9999.0 -9999.0 -9999.0 -9999.0 -9999.0 -9999.0 -9999.0 -9999.0 -9999.0 -9999.0 -9999.0
0.171815 0.171083 0.170235 0.170092 0.170179 0.170030 0.169712 0.170160 0.170746 0.171256 0.171961 0.171847 0.171942 0.172213 0.172286 0.172160 0.171833 0.171615 0.171360 0.171673 0.170706 0.169466 0.168525 0.168332 0.169119 0.169597 0.169525 0.169990 0.170991 0.171869 0.172201 0.173267 0.173157 0.173596 0.174277 0.173726 0.173574 0.173622 0.173782 0.172331 -9999.0 -9999.0 -9999.0 -9999.0 -9999.0 -9999.0 -9999.0 -9999.0 -9999.0 -9999.0 -9999.0 -9999.0 -9999.0 -9999.0 -9999.0 -9999.0 -9999.0 -9999.0 -9999.0 -9999.0 -9999.0 -9999.0 -9999.0
0.169826 0.168845 0.168588 0.167878 0.167581 0.167504 0.167233 0.167467 0.168637 0.169486 0.169744 0.169585 0.169511 0.169273 0.169096 0.169148 0.168849 0.168571 0.168276 0.168344 0.169047 0.168157 0.167712 0.167288 0.166851 0.167027 0.167173 0.167236 0.168350 0.168813 0.169157 0.170703 0.172165 0.172569 0.171994 0.171346 0.171476 0.171383 0.170757 0.170148 0.170065 0.169759 0.169623 0.169097 0.169908 0.169933 0.170884 0.171706 0.172673 0.174093 -9999.0 -9999.0 -9999.0 -9999.0 -9999.0 -9999.0 -9999.0 -9999.0 -9999.0 -9999.0 -9999.0 -9999.0 -9999.0
0.168406 0.168072 0.167389 0.166390 0.167531 0.167382 0.167285 0.167500 0.167892 0.168034 0.168225 0.168517 0.169588 0.169524 0.169438 0.169491 0.169303 0.168957 0.168974 0.168780 0.167902 0.168037 0.168251 0.168073 0.168944 0.168997 0.169477 0.167954 0.168208 0.168600 0.168898 0.169136 0.169413 0.169772 0.169105 0.169549 0.168976 0.167746 0.167398 0.167441 0.168336 0.168791 0.168187 0.166146 0.167224 0.169543 0.169399 0.169071 0.170256 0.171434 0.173073 0.172869 0.172732 0.172900 0.173174 0.171745 0.170814 0.170132 0.168204 -9999.0 -9999.0 -9999.0 -9999.0
0.168378 0.167645 0.166789 0.168669 0.169474 0.169079 0.169304 0.169845 0.169841 0.167503 0.166904 0.167821 0.168805 0.169238 0.168828 0.168631 0.168248 0.168246 0.168476 0.168217 0.168580 0.168905 0.168543 0.169165 0.169865 0.170516 0.169007 0.167663 0.167732 0.168836 0.169663 0.170119 0.171344 0.173245 0.172927 0.172460 0.172178 0.171841 0.169605 0.167634 0.166860 0.166522 0.165965 0.166371 0.165991 0.167791 0.167664 0.167390 0.168300 0.169026 0.169941 0.170588 0.170482 0.170701 0.170972 0.170542 0.169524 0.168963 0.168586 0.167661 0.165983 0.163015 0.163224
0.166617 0.166684 0.168373 0.169354 0.171004 0.170466 0.170533 0.170471 0.168836 0.167602 0.166786 0.169208 0.171213 0.171910 0.171414 0.171013 0.172823 0.172277 0.172006 0.170922 0.171316 0.171223 0.173186 0.173974 0.175019 0.174613 0.172666 0.171054 0.170942 0.171099 0.170913 0.171391 0.172655 0.174252 0.173132 0.172561 0.172504 0.169088 0.166491 0.165582 0.167214 0.168162 0.167965 0.168102 0.168152 0.166909 0.167188 0.167320 0.166761 0.168192 0.169643 0.169818 0.168597 0.168182 0.168717 0.168537 0.168564 0.167947 0.167273 0.166781 0.163970 0.164806 0.163362
0.170379 0.171074 0.172086 0.173991 0.177625 0.177034 0.177323 0.178529 0.176530 0.174670 0.172015 0.174951 0.175739 0.176836 0.176801 0.179270 0.181522 0.180141 0.178243 0.176102 0.177417 0.180414 0.183353 0.184147 0.184550 0.185100 0.182983 0.182323 0.181796 0.181909 0.180568 0.180647 0.182880 0.186727 0.187132 0.185039 0.181274 0.176007 0.171517 0.169160 0.171560 0.170790 0.170416 0.170758 0.169137 0.168180 0.169423 0.168231 0.167331 0.169255 0.169484 0.169233 0.167679 0.169564 0.169186 0.167586 0.166511 0.165930 0.165490 0.164737 0.165348 0.164899 0.163674
0.172771 0.173497 0.176216 0.180342 0.185633 0.189080 0.192094 0.195363 0.192867 0.190085 0.187037 0.187541 0.191245 0.195272 0.200208 0.206123 0.212927 0.210919 0.207186 0.206768 0.208429 0.216383 0.224597 0.228289 0.230660 0.234830 0.231776 0.226208 0.220021 0.214252 0.209552 0.206239 0.212765 0.220345 0.218828 0.205666 0.195951 0.186910 0.179700 0.173286 0.173181 0.174142 0.174973 0.172759 0.171616 0.169629 0.169127 0.169209 0.167222 0.168244 0.168518 0.169907 0.171971 0.172426 0.170573 0.169517 0.168354 0.167155 0.166231 0.166894 0.167138 0.166286 0.165440
0.199658 0.201426 0.206860 0.224229 0.252520 0.274516 0.289875 0.292615 0.287494 0.281541 0.271492 0.265773 0.274624 0.283222 0.290564 0.296844 0.302735 0.306895 0.306648 0.306709 0.307958 0.309481 0.312253 0.315594 0.318952 0.322542 0.323851 0.319668 0.314954 0.309499 0.304249 0.302561 0.300979 0.303673 0.303293 0.293617 0.278400 0.256363 0.228335 0.208679 0.197517 0.197031 0.192133 0.188246 0.184157 0.177061 0.175021 0.173837 0.168917 0.168408 0.170043 0.172205 0.173747 0.170954 0.169669 0.168495 0.167232 0.165692 0.166283 0.167112 0.167380 0.167094 0.167075
0.288779 0.291818 0.295628 0.312096 0.329403 0.342643 0.350924 0.353869 0.351758 0.349032 0.345525 0.341986 0.341771 0.346111 0.350892 0.354896 0.357160 0.357927 0.357600 0.357637 0.357866 0.358461 0.358845 0.359633 0.360794 0.362446 0.364110 0.363787 0.361496 0.359029 0.355347 0.353053 0.351941 0.350254 0.350037 0.349908 0.342314 0.331990 0.317106 0.299603 0.286754 0.272571 0.256526 0.239743 0.213026 0.195702 0.185338 0.178680 0.173015 0.171931 0.177864 0.183630 0.180569 0.179265 0.177288 0.174287 0.171909 0.169029 0.169339 0.169741 0.169414 0.169023 0.168555
0.350225 0.352261 0.354620 0.358571 0.363799 0.367081 0.368642 0.369060 0.368946 0.368654 0.368194 0.367803 0.367628 0.367872 0.368250 0.368732 0.369059 0.369313 0.369298 0.369335 0.369334 0.369362 0.369356 0.369403 0.369493 0.369630 0.369725 0.369745 0.369649 0.369405 0.368935 0.368329 0.367780 0.367344 0.367237 0.367240 0.367180 0.365598 0.361635 0.352579 0.342583 0.332878 0.326222 0.318612 0.311124 0.291272 0.279392 0.257136 0.228017 0.207325 0.218897 0.210138 0.203618 0.196444 0.189090 0.183971 0.179801 0.175804 0.175193 0.175156 0.174424 0.174157 0.173391
0.368389 0.368784 0.369135 0.369438 0.369691 0.369869 0.369970 0.369999 0.369999 0.369999 0.369996 0.369996 0.369996 0.369996 0.369997 0.369998 0.369999 0.370000 0.369998 0.370000 0.370000 0.370000 0.369998 0.370000 0.370000 0.370000 0.370000 0.370000 0.370000 0.370000 0.369999 0.369958 0.369911 0.369881 0.369858 0.369850 0.369833 0.369761 0.369444 0.368376 0.366090 0.363138 0.360103 0.357372 0.355143 0.353026 0.348903 0.340016 0.323111 0.304176 0.294573 0.288676 0.279273 0.258388 0.233805 0.216886 0.199670 0.188091 0.182612 0.181564 0.180589 0.179418 0.177826
0.369996 0.369999 0.370000 0.369999 0.370000 0.370000 0.370000 0.370000 0.370000 0.370000 0.370000 0.370000 0.370000 0.370000 0.370000 0.370000 0.370000 0.370000 0.370000 0.370000 0.370000 0.370000 0.370000 0.370000 0.370000 0.370000 0.370000 0.370000 0.370000 0.370000 0.370000 0.370000 0.370000 0.370000 0.370000 0.370000 0.370000 0.370000 0.369999 0.369958 0.369798 0.369382 0.368889 0.368552 0.368289 0.368031 0.367227 0.365571 0.362440 0.356009 0.344836 0.340061 0.333322 0.321792 0.311408 0.303449 0.284705 0.259059 0.232997 0.220410 0.206238 0.196346 0.190992
0.370000 0.370000 0.370000 0.370000 0.370000 0.370000 0.370000 0.370000 0.370000 0.370000 0.370000 0.370000 0.370000 0.370000 0.370000 0.370000 0.370000 0.370000 0.370000 0.370000 0.370000 0.370000 0.370000 0.370000 0.370000 0.370000 0.370000 0.370000 0.370000 0.370000 0.370000 0.370000 0.370000 0.370000 0.370000 0.370000 0.370000 0.370000 0.370000 0.370000 0.370000 0.369999 0.369965 0.369931 0.369929 0.369912 0.369876 0.369689 0.369230 0.368039 0.365385 0.362876 0.360799 0.359047 0.356918 0.353553 0.342882 0.327419 0.311683 0.299615 0.283537 0.264895 0.243330
0.370000 0.370000 0.370000 0.370000 0.370000 0.370000 0.370000 0.370000 0.370000 0.370000 0.370000 0.370000 0.370000 0.370000 0.370000 0.370000 0.370000 0.370000 0.370000 0.370000 0.370000 0.370000 0.370000 0.370000 0.370000 0.370000 0.370000 0.370000 0.370000 0.370000 0.370000 0.370000 0.370000 0.370000 0.370000 0.370000 0.370000 0.370000 0.370000 0.370000 0.370000 0.370000 0.370000 0.370000 0.370000 0.370000 0.370000 0.369993 0.369965 0.369867 0.369573 0.368953 0.368589 0.368295 0.367850 0.367273 0.364511 0.359542 0.351859 0.343294 0.333053 0.321414 0.308834
0.370000 0.370000 0.370000 0.370000 0.370000 0.370000 0.370000 0.370000 0.370000 0.370000 0.370000 0.370000 0.369998 0.369993 0.369985 0.369978 0.369977 0.369983 0.369990 0.369994 0.369995 0.369993 0.369990 0.369982 0.369974 0.369974 0.369978 0.369986 0.369993 0.369994 0.369994 0.369993 0.369992 0.369989 0.369990 0.369996 0.370000 0.370000 0.370000 0.370000 0.370000 0.370000 0.370000 0.370000 0.370000 0.370000 0.370000 0.370000 0.370000 0.370000 0.369992 0.369954 0.369922 0.369894 0.369827 0.369772 0.369422 0.368414 0.366332 0.363013 0.358436 0.352917 0.345827
0.370000 0.370000 0.370000 0.370000 0.369998 0.369993 0.369990 0.369990 0.369991 0.369990 0.369985 0.369966 0.369902 0.369813 0.369679 0.369625 0.369567 0.369538 0.369674 0.369806 0.369840 0.369756 0.369670 0.369497 0.369366 0.369322 0.369362 0.369523 0.369733 0.369850 0.369854 0.369800 0.369735 0.369700 0.369697 0.369796 0.369925 0.369973 0.369988 0.369994 0.369997 0.370000 0.370000 0.370000 0.370000 0.370000 0.370000 0.370000 0.370000 0.370000 0.370000 0.370000 0.370000 0.370000 0.369996 0.369989 0.369961 0.369835 0.369517 0.368797 0.367729 0.366342 0.363754
0.369990 0.369986 0.369979 0.369959 0.369911 0.369846 0.369746 0.369712 0.369690 0.369706 0.369566 0.369350 0.368791 0.368140 0.367266 0.366679 0.366217 0.365755 0.366425 0.367544 0.368034 0.367143 0.366405 0.365185 0.364470 0.364118 0.364265 0.365282 0.367161 0.368176 0.368426 0.368070 0.367704 0.367529 0.367545 0.367915 0.368704 0.369301 0.369632 0.369782 0.369861 0.369923 0.369958 0.369981 0.369992 0.369998 0.370000 0.370000 0.370000 0.370000 0.370000 0.370000 0.370000 0.370000 0.370000 0.370000 0.370000 0.369997 0.369973 0.369867 0.369694 0.369400 0.368941
0.369803 0.369749 0.369640 0.368780 0.368119 0.367138 0.366046 0.365616 0.364966 0.364670 0.363537 0.362432 0.360410 0.357294 0.353366 0.349317 0.347840 0.346474 0.345264 0.348632 0.349978 0.348928 0.346596 0.343962 0.342477 0.341574 0.342988 0.347378 0.351272 0.354449 0.355701 0.354364 0.355494 0.356698 0.356719 0.359745 0.362193 0.364581 0.366592 0.367978 0.368534 0.368918 0.369242 0.369547 0.369757 0.369888 0.369969 0.369993 0.369999 0.370000 0.370000 0.370000 0.370000 0.370000 0.370000 0.370000 0.370000 0.370000 0.370000 0.369997 0.369985 0.369960 0.369896
0.368683 0.368439 0.366670 0.362166 0.356680 0.352447 0.346603 0.343601 0.340942 0.333187 0.327606 0.323385 0.323407 0.317333 0.308628 0.301121 0.297749 0.295542 0.290694 0.289304 0.291137 0.295464 0.291656 0.289488 0.290566 0.289289 0.288360 0.293078 0.300375 0.304645 0.308862 0.312671 0.314883 0.317669 0.328341 0.334414 0.340075 0.347032 0.353300 0.358389 0.361638 0.363447 0.365103 0.366779 0.367870 0.368799 0.369431 0.369790 0.369910 0.369965 0.369985 0.369995 0.370000 0.370000 0.370000 0.370000 0.370000 0.370000 0.370000 0.370000 0.370000 0.370000 0.369998
0.360314 0.358174 0.348075 0.333471 0.318981 0.308362 0.296253 0.288756 0.276637 0.255541 0.240433 0.239993 0.243679 0.239149 0.227362 0.217968 0.212091 0.206811 0.200692 0.197455 0.200451 0.203843 0.203859 0.203785 0.205018 0.204920 0.204545 0.204789 0.211105 0.216243 0.222344 0.228045 0.233753 0.253919 0.273249 0.285062 0.296598 0.307529 0.319544 0.330860 0.339089 0.344472 0.350216 0.355307 0.359649 0.363114 0.366007 0.368030 0.368962 0.369371 0.369622 0.369799 0.369929 0.369981 0.369997 0.370000 0.370000 0.370000 0.370000 0.370000 0.370000 0.370000 0.370000
0.328793 0.315238 0.294704 0.272701 0.249496 0.228845 0.213249 0.202226 0.192889 0.185931 0.182095 0.184156 0.185389 0.187301 0.183993 0.181426 0.180714 0.178508 0.176591 0.174232 0.176101 0.177024 0.179321 0.179152 0.179253 0.180291 0.179777 0.179597 0.178253 0.179975 0.181094 0.182515 0.187442 0.193221 0.200753 0.209387 0.221724 0.239900 0.262405 0.282387 0.297569 0.308135 0.318232 0.328527 0.337131 0.344588 0.351857 0.358363 0.362460 0.364846 0.366704 0.367846 0.368921 0.369576 0.369854 0.369973 0.369994 0.370000 0.370000 0.370000 0.370000 0.370000 0.370000
0.242885 0.221012 0.200402 0.191474 0.186701 0.182450 0.179542 0.177390 0.174239 0.172104 0.169170 0.170267 0.171827 0.174104 0.172196 0.171856 0.172181 0.171031 0.169844 0.168007 0.168312 0.169807 0.171637 0.171593 0.171983 0.173045 0.173067 0.172231 0.170577 0.171018 0.172153 0.173319 0.175661 0.178011 0.180496 0.182876 0.186431 0.191282 0.197936 0.209048 0.226174 0.243250 0.265755 0.285856 0.298974 0.306857 0.316211 0.329293 0.337697 0.345611 0.352287 0.356627 0.362120 0.366077 0.368511 0.369542 0.369871 0.369948 0.369982 0.369995 0.370000 0.370000 0.370000
0.180660 0.176302 0.174539 0.173059 0.171526 0.170271 0.168980 0.167831 0.166887 0.165502 0.162876 0.163932 0.165443 0.167198 0.167238 0.167039 0.167163 0.166724 0.165516 0.163431 0.164301 0.165595 0.166799 0.167190 0.167440 0.168193 0.167667 0.166578 0.165035 0.165703 0.166933 0.167673 0.168644 0.170077 0.171650 0.173276 0.175243 0.177378 0.180376 0.184085 0.188841 0.194918 0.203635 0.217265 0.228058 0.240919 0.254615 0.272871 0.287553 0.300215 0.313096 0.325433 0.338970 0.352353 0.361116 0.365952 0.368361 0.369225 0.369617 0.369818 0.369946 0.369986 0.369997
0.171677 0.169548 0.168273 0.167306 0.167687 0.167224 0.165961 0.165964 0.165291 0.163195 0.163882 0.164475 0.166175 0.165896 0.165808 0.165404 0.165666 0.165379 0.163377 0.164352 0.164804 0.166005 0.166254 0.166534 0.166749 0.166981 0.166737 0.165294 0.165584 0.165989 0.167119 0.167212 0.167743 0.169130 0.169640 0.170590 0.171937 0.173437 0.175292 0.177639 0.180988 0.184647 0.188409 0.190023 0.193003 0.195781 0.194556 0.201273 0.209968 0.222065 0.242675 0.266155 0.288674 0.311793 0.333612 0.349940 0.359392 0.364976 0.367035 0.368419 0.369254 0.369687 0.369884
0.166306 0.164859 0.163435 0.164119 0.164214 0.164124 0.163840 0.163423 0.162506 0.163511 0.163633 0.163560 0.163481 0.163486 0.163621 0.163421 0.163304 0.163352 0.164126 0.164244 0.164008 0.164351 0.164619 0.164909 0.164611 0.164705 0.164733 0.165022 0.164992 0.164797 0.165347 0.165550 0.165774 0.166369 0.166822 0.167403 0.168447 0.169333 0.170480 0.172435 0.174902 0.176749 0.177173 0.178575 0.179248 0.178238 0.177365 0.179237 0.181366 0.183471 0.188481 0.195124 0.206464 0.241754 0.282330 0.310258 0.329954 0.345180 0.354521 0.360531 0.364355 0.367277 0.368686
0.164603 0.163398 0.163129 0.163670 0.163712 0.163683 0.162996 0.162343 0.162951 0.163182 0.163135 0.162882 0.163162 0.163279 0.163636 0.163293 0.163124 0.163222 0.163315 0.163274 0.163547 0.163759 0.163940 0.164812 0.164371 0.164350 0.164657 0.164539 0.164457 0.164249 0.164856 0.165103 0.165219 0.165793 0.166177 0.166616 0.167241 0.168245 0.170098 0.171643 0.173680 0.175671 0.176121 0.176474 0.176040 0.175558 0.173566 0.173559 0.175658 0.175395 0.177227 0.180470 0.181449 0.190716 0.210465 0.237662 0.272164 0.297508 0.322736 0.336097 0.348203 0.357120 0.362895
0.162922 0.162958 0.162401 0.162529 0.162461 0.162108 0.161671 0.162135 0.162091 0.162038 0.162069 0.161924 0.162186 0.162390 0.162601 0.162482 0.162462 0.162103 0.162101 0.162484 0.162544 0.162796 0.163312 0.164002 0.163584 0.163518 0.163543 0.163397 0.163429 0.163203 0.163701 0.164094 0.164245 0.164913 0.165258 0.165055 0.165888 0.167275 0.168730 0.169822 0.171484 0.174042 0.173393 0.173339 0.173619 0.171979 0.170037 0.169951 0.170571 0.170147 0.171509 0.172482 0.172684 0.176586 0.180507 0.186021 0.196850 0.224117 0.266721 0.291673 0.311756 0.329031 0.341834
