examples/3D/Borden05m/output-maps-SE27XX/watertableN0004.asc
ncols         160
nrows         34
xllcorner     620200.000000
yllcorner     5168000.000000
cellsize      0.500000
NODATA_value  -9999.0
[rows 0 to 24 of 34, columns 0 to 57 of 160]
-9999.0 -9999.0 -9999.0 -9999.0 -9999.0 -9999.0 -9999.0 -9999.0 -9999.0 -9999.0 -9999.0 -9999.0 -9999.0 -9999.0 -9999.0 -9999.0 -9999.0 -9999.0 -9999.0 -9999.0 -9999.0 -9999.0 -9999.0 -9999.0 -9999.0 -9999.0 -9999.0 -9999.0 -9999.0 -9999.0 -9999.0 -9999.0 -9999.0 -9999.0 -9999.0 -9999.0 -9999.0 -9999.0 -9999.0 -9999.0 -9999.0 -9999.0 -9999.0 -9999.0 -9999.0 -9999.0 -9999.0 -9999.0 -9999.0 -9999.0 -9999.0 -9999.0 -9999.0 -9999.0 -9999.0 -9999.0 -9999.0 -9999.0
-9999.0 -9999.0 -9999.0 -9999.0 -9999.0 -9999.0 -9999.0 -9999.0 -9999.0 -9999.0 -9999.0 -9999.0 -9999.0 -9999.0 -9999.0 -9999.0 -9999.0 -9999.0 -9999.0 -9999.0 -9999.0 -9999.0 -9999.0 -9999.0 -9999.0 -9999.0 -9999.0 -9999.0 -9999.0 -9999.0 -9999.0 -9999.0 -9999.0 -9999.0 -9999.0 -9999.0 -9999.0 -9999.0 -9999.0 -9999.0 -9999.0 -9999.0 -9999.0 -9999.0 -9999.0 -9999.0 -9999.0 -9999.0 -9999.0 -9999.0 -9999.0 -9999.0 -9999.0 -9999.0 -9999.0 -9999.0 -9999.0 -9999.0
-9999.0 -9999.0 -9999.0 -9999.0 -9999.0 -9999.0 -9999.0 -9999.0 -9999.0 -9999.0 -9999.0 -9999.0 -9999.0 -9999.0 -9999.0 -9999.0 -9999.0 -9999.0 -9999.0 -9999.0 -9999.0 -9999.0 -9999.0 -9999.0 -9999.0 -9999.0 -9999.0 -9999.0 -9999.0 -9999.0 -9999.0 -9999.0 -9999.0 -9999.0 -9999.0 -9999.0 -9999.0 -9999.0 -9999.0 -9999.0 -9999.0 -9999.0 -9999.0 -9999.0 -9999.0 -9999.0 -9999.0 1012.390453 1029.606415 1045.804377 1047.586847 1025.119812 1002.089501 978.757589 958.567939 900.000000 900.000000 900.000000
-9999.0 -9999.0 -9999.0 -9999.0 -9999.0 -9999.0 -9999.0 -9999.0 -9999.0 -9999.0 -9999.0 -9999.0 -9999.0 -9999.0 -9999.0 -9999.0 -9999.0 -9999.0 -9999.0 -9999.0 -9999.0 -9999.0 -9999.0 -9999.0 -9999.0 -9999.0 -9999.0 -9999.0 -9999.0 -9999.0 -9999.0 -9999.0 -9999.0 -9999.0 -9999.0 -9999.0 -9999.0 -9999.0 -9999.0 -9999.0 965.510651 959.729562 958.222007 968.903200 980.076729 991.827209 1011.479119 1029.120599 1044.300119 1047.027325 1044.431789 1038.898092 1016.261735 992.296281 973.104399 956.033145 900.000000 900.000000
-9999.0 -9999.0 -9999.0 -9999.0 -9999.0 -9999.0 -9999.0 -9999.0 -9999.0 -9999.0 -9999.0 -9999.0 -9999.0 -9999.0 -9999.0 -9999.0 -9999.0 -9999.0 -9999.0 -9999.0 -9999.0 -9999.0 -9999.0 -9999.0 -9999.0 -9999.0 -9999.0 -9999.0 -9999.0 -9999.0 -9999.0 -9999.0 -9999.0 -9999.0 1056.534132 1039.170018 1021.287169 1003.214799 986.848849 980.332716 974.557117 968.846976 972.850500 977.617756 988.815567 1007.239307 1026.628803 1040.588848 1043.066960 1045.578993 1041.233938 1028.328738 1011.890676 995.749771 975.149408 900.000000 900.000000 900.000000
-9999.0 -9999.0 -9999.0 -9999.0 -9999.0 -9999.0 -9999.0 -9999.0 -9999.0 -9999.0 -9999.0 -9999.0 -9999.0 -9999.0 -9999.0 -9999.0 -9999.0 -9999.0 -9999.0 -9999.0 -9999.0 -9999.0 -9999.0 -9999.0 -9999.0 -9999.0 -9999.0 -9999.0 1052.340369 1058.206827 1063.305659 1064.802381 1066.091939 1067.251584 1060.380955 1048.213537 1030.161057 1008.930155 996.317644 989.292504 982.879552 982.124242 986.927379 989.092769 988.933563 1000.449905 1011.875403 1022.554169 1032.801202 1033.973803 1024.502444 1010.803701 995.015405 980.449625 965.318612 900.000000 900.000000 900.000000
-9999.0 -9999.0 -9999.0 -9999.0 -9999.0 -9999.0 -9999.0 -9999.0 -9999.0 -9999.0 -9999.0 -9999.0 -9999.0 -9999.0 -9999.0 -9999.0 -9999.0 -9999.0 -9999.0 -9999.0 -9999.0 -9999.0 -9999.0 1081.668140 1075.705900 1069.262353 1061.959903 1061.086743 1065.292361 1070.912881 1074.040401 1075.579483 1077.150444 1072.769629 1064.498806 1050.944204 1035.210962 1013.837542 1005.349117 998.880992 986.649333 984.396024 979.608715 975.723314 977.526398 980.141160 991.852633 1000.445989 994.777206 988.606553 982.132245 974.597167 961.643381 900.000000 900.000000 900.000000 885.737166 865.809615
-9999.0 -9999.0 -9999.0 -9999.0 -9999.0 -9999.0 -9999.0 -9999.0 -9999.0 -9999.0 -9999.0 -9999.0 -9999.0 -9999.0 -9999.0 -9999.0 -9999.0 -9999.0 -9999.0 1100.000000 1100.000000 1100.000000 1100.000000 1099.148089 1096.941474 1089.989495 1081.913652 1079.776433 1081.352473 1082.923268 1081.376789 1078.691670 1074.466064 1063.084927 1049.338889 1035.284577 1021.284456 1000.652916 986.029318 972.260337 956.329443 957.562509 961.880580 963.964257 963.483304 962.780953 956.856510 900.000000 900.000000 900.000000 900.000000 900.000000 900.000000 894.655365 873.855899 852.552954 831.976141 811.720178
-9999.0 -9999.0 -9999.0 -9999.0 -9999.0 -9999.0 -9999.0 -9999.0 -9999.0 -9999.0 -9999.0 -9999.0 -9999.0 -9999.0 -9999.0 -9999.0 1100.000000 1100.000000 1100.000000 1100.000000 1100.000000 1100.000000 1100.000000 1100.000000 1100.000000 1100.000000 1095.405006 1086.873047 1079.032659 1071.718587 1065.763681 1062.992938 1055.281506 1045.583461 1033.661062 1018.090229 996.360931 973.741565 957.457547 900.000000 900.000000 900.000000 900.000000 900.000000 900.000000 900.000000 895.489903 888.522836 884.290834 864.835682 849.654555 843.286927 834.998474 815.698483 790.023159 760.590279 700.000000 697.827712
-9999.0 -9999.0 -9999.0 -9999.0 -9999.0 -9999.0 -9999.0 -9999.0 -9999.0 -9999.0 -9999.0 -9999.0 -9999.0 1179.507065 1175.391723 1166.180528 1157.769537 1155.511486 1100.000000 1100.000000 1100.000000 1100.000000 1100.000000 1100.000000 1100.000000 1096.612236 1087.426826 1075.675492 1067.178268 1059.873348 1052.631903 1046.025660 1032.260966 1016.749181 1000.669102 980.269436 958.451039 900.000000 900.000000 900.000000 885.321948 881.262333 882.466828 880.255515 871.433709 852.270570 831.644732 817.242846 793.268068 766.782007 700.000000 700.000000 700.000000 700.000000 682.992436 640.677473 597.417813 563.528136
-9999.0 -9999.0 -9999.0 -9999.0 -9999.0 -9999.0 -9999.0 -9999.0 -9999.0 -9999.0 1213.794192 1211.311457 1214.733155 1214.308232 1209.577729 1197.752610 1184.547970 1177.814920 1166.606826 1100.000000 1100.000000 1100.000000 1100.000000 1100.000000 1094.214991 1083.551395 1070.396517 1057.348692 1040.044044 1027.164378 1014.360706 993.569228 976.731946 959.948416 900.000000 900.000000 899.788860 868.811392 840.033593 823.988407 797.820891 781.714213 783.686604 782.516566 772.992297 700.000000 700.000000 691.451698 662.645177 629.854636 604.307200 586.451516 572.982648 557.597045 500.000000 500.000000 465.345254 433.762130
-9999.0 -9999.0 -9999.0 -9999.0 -9999.0 -9999.0 -9999.0 -9999.0 1237.816604 1230.870279 1224.669562 1227.673229 1232.288047 1235.723898 1222.576794 1206.902185 1191.075317 1174.050438 1158.217648 1100.000000 1100.000000 1100.000000 1089.036954 1077.179701 1065.277783 1050.014314 1036.172635 1018.181151 996.561198 981.534764 962.036532 900.000000 900.000000 899.777625 880.203226 860.332942 829.562406 791.992503 755.158427 700.000000 691.805339 661.720252 658.679163 653.177589 645.589995 614.143857 577.945098 500.000000 500.000000 478.860279 447.815720 430.443066 419.207652 405.822734 389.682366 325.000000 325.000000 321.420442
-9999.0 -9999.0 -9999.0 -9999.0 -9999.0 -9999.0 1263.876636 1239.837590 1225.084152 1232.868429 1241.549479 1244.928491 1248.539563 1227.941115 1206.576203 1189.756636 1173.150063 1155.862753 1100.000000 1100.000000 1090.412147 1073.571997 1058.500619 1038.855343 1024.458550 1010.016552 992.263149 968.154198 900.000000 900.000000 878.978843 849.758687 820.411922 797.621987 775.750591 700.000000 700.000000 669.287307 624.614203 587.768718 500.000000 500.000000 500.000000 500.000000 492.509331 473.040219 442.453227 411.814254 325.000000 325.000000 319.533118 307.571145 297.177098 285.664541 271.795882 256.985092 200.000000 200.000000
-9999.0 -9999.0 -9999.0 -9999.0 1297.146696 1276.291236 1255.972420 1225.283735 1202.770667 1207.981653 1200.839114 1200.316949 1201.643773 1198.639230 1192.445685 1174.542830 1156.628892 1100.000000 1100.000000 1082.658951 1040.345628 1023.318471 996.345885 963.597453 900.000000 900.000000 900.000000 892.057630 860.600778 821.998375 769.567548 700.000000 689.164804 659.788520 633.387715 604.478561 566.393763 500.000000 484.893781 448.764628 417.409608 392.380184 325.000000 325.000000 325.000000 325.000000 321.865490 296.371391 267.893641 200.000000 200.000000 187.841208 178.952938 168.444800 110.000000 110.000000 50.000000 50.000000
-9999.0 -9999.0 -9999.0 1300.000000 1300.000000 1269.268661 1241.943754 1211.015720 1179.294702 1173.299084 1164.668737 1158.417533 1100.000000 1100.000000 1100.000000 1100.000000 1100.000000 1087.849263 1066.309275 1029.109797 992.183709 957.250354 900.000000 890.527430 865.634144 847.867266 828.756590 801.259500 756.177819 700.000000 646.997862 583.486179 500.000000 500.000000 487.865364 460.766271 435.829945 401.092646 325.000000 325.000000 305.232421 279.983272 257.415412 200.000000 200.000000 200.000000 200.000000 187.976473 166.848983 110.000000 20.000000 0.000000 0.000000 0.000000 0.000000 0.000000 0.000000 0.000000
-9999.0 -9999.0 1391.694077 1354.374007 1300.000000 1268.223419 1215.424378 1181.560472 1100.000000 1100.000000 1100.000000 1089.071173 1071.667725 1062.823654 1045.517986 1027.599716 1013.074718 1008.533115 994.298064 957.951093 900.000000 848.958181 811.942987 700.000000 700.000000 683.313005 666.085487 636.073361 597.235706 500.000000 490.369450 437.273324 395.628840 325.000000 325.000000 325.000000 307.473198 282.854573 200.000000 200.000000 194.653367 168.609641 110.000000 50.000000 50.000000 50.000000 0.000000 0.000000 0.000000 0.000000 0.000000 0.000000 0.000000 0.000000 0.000000 0.000000 0.000000 0.000000
-9999.0 -9999.0 1417.483639 1372.974632 1300.000000 1261.688910 1184.255888 1100.000000 1100.000000 1057.381107 1037.536663 1012.679401 993.580021 975.425692 900.000000 900.000000 900.000000 900.000000 900.000000 854.629362 789.412676 700.000000 634.844400 566.301155 500.000000 500.000000 500.000000 485.812086 457.987529 410.083553 325.000000 296.069106 200.000000 200.000000 200.000000 189.467105 110.000000 110.000000 50.000000 20.000000 0.000000 0.000000 0.000000 0.000000 0.000000 0.000000 0.000000 0.000000 0.000000 0.000000 0.000000 0.000000 0.000000 0.000000 0.000000 0.000000 0.000000 0.000000
-9999.0 1500.000000 1453.190189 1399.089946 1300.000000 1259.052940 1172.440924 1090.166614 1037.354371 992.898767 962.652209 900.000000 886.403951 833.401471 803.078310 770.435863 771.098853 771.286049 777.642502 700.000000 660.710732 500.000000 436.016545 325.000000 325.000000 325.000000 325.000000 325.000000 319.267302 272.436768 196.801703 110.000000 20.000000 0.000000 0.000000 0.000000 0.000000 0.000000 0.000000 0.000000 0.000000 0.000000 0.000000 0.000000 0.000000 0.000000 0.000000 0.000000 0.000000 0.000000 0.000000 0.000000 0.000000 0.000000 0.000000 0.000000 0.000000 20.000000
-9999.0 1500.000000 1480.168306 1407.418603 1300.000000 1259.473514 1100.000000 1011.192900 961.423515 900.000000 891.598165 842.219175 700.000000 667.621137 623.970929 578.600694 580.970363 592.164731 592.255151 500.000000 486.251268 401.619762 278.750952 200.000000 200.000000 200.000000 200.000000 183.549027 110.000000 110.000000 0.000000 0.000000 0.000000 0.000000 0.000000 0.000000 0.000000 0.000000 0.000000 0.000000 0.000000 0.000000 0.000000 0.000000 0.000000 0.000000 0.000000 0.000000 20.000000 20.000000 50.000000 50.000000 50.000000 50.000000 50.000000 50.000000 50.000000 110.000000
-9999.0 1568.063705 1496.962176 1431.452174 1360.037656 1235.157630 1100.000000 973.169870 879.237450 836.220157 781.794560 680.753630 571.484605 482.097836 435.858623 412.574972 400.312057 404.473473 325.000000 325.000000 200.000000 110.000000 50.000000 0.000000 50.000000 50.000000 110.000000 110.000000 104.830689 50.000000 20.000000 0.000000 0.000000 0.000000 0.000000 0.000000 0.000000 0.000000 0.000000 0.000000 20.000000 20.000000 0.000000 0.000000 20.000000 50.000000 50.000000 50.000000 105.620085 110.000000 110.000000 110.000000 110.000000 110.000000 110.000000 110.000000 110.000000 172.472540
-9999.0 1664.495941 1575.982326 1500.000000 1386.755641 1210.899137 1080.945681 900.000000 773.259956 700.000000 606.011871 494.195612 404.663539 325.000000 308.364592 268.389219 200.000000 200.000000 179.058546 110.000000 0.000000 0.000000 0.000000 0.000000 0.000000 50.000000 110.000000 110.000000 110.000000 110.000000 110.000000 106.745380 50.000000 20.000000 50.000000 50.000000 50.000000 50.000000 50.000000 50.000000 110.000000 110.000000 110.000000 110.000000 110.000000 110.000000 110.000000 110.000000 110.000000 166.026331 174.368620 181.597753 184.953936 190.875833 192.617699 199.849740 200.000000 200.000000
-9999.0 1700.000000 1667.767408 1569.646193 1418.031585 1245.182803 1093.043744 900.000000 689.986399 565.537063 463.623165 413.321092 325.000000 289.188751 200.000000 196.762473 179.674326 172.951380 110.000000 110.000000 110.000000 110.000000 50.000000 50.000000 110.000000 110.000000 110.000000 166.908938 172.213744 168.688911 110.000000 110.000000 110.000000 110.000000 110.000000 110.000000 110.000000 110.000000 110.000000 110.000000 169.935521 177.669120 182.329788 185.361309 189.158744 191.081797 199.288255 200.000000 200.000000 200.000000 200.000000 200.000000 200.000000 200.000000 257.523614 267.910290 294.062485 319.327352
-9999.0 1845.657919 1700.000000 1621.914563 1488.181288 1300.000000 1198.643405 1016.577149 838.641136 597.699246 412.146851 325.000000 325.000000 311.788946 200.000000 200.000000 196.568262 200.000000 200.000000 200.000000 200.000000 200.000000 200.000000 191.555935 186.895043 187.541557 193.046219 200.000000 200.000000 200.000000 200.000000 200.000000 200.000000 200.000000 200.000000 200.000000 200.000000 200.000000 200.000000 200.000000 259.813917 269.181191 272.411188 272.222113 273.451390 277.053746 284.581224 294.659599 306.773915 317.697376 325.000000 325.000000 325.000000 325.000000 325.000000 325.000000 390.521078 412.585189
-9999.0 -9999.0 1798.165551 1682.858435 1567.169459 1435.176283 1300.000000 1100.000000 969.820756 700.000000 616.320560 500.000000 456.526739 415.894559 325.000000 317.232570 308.928763 300.906440 324.780545 323.299376 316.194561 307.683670 296.075680 284.538857 275.586601 271.037365 268.612056 271.363442 279.804830 292.433603 306.166821 315.791379 321.126399 324.918495 316.896809 306.246312 307.272164 313.264336 323.985066 325.000000 325.000000 325.000000 325.000000 325.000000 325.000000 325.000000 325.000000 388.149922 400.880133 413.622212 419.791029 425.976387 432.097623 442.991833 454.452823 467.765005 491.926155 500.000000
-9999.0 -9999.0 1884.758741 1771.398387 1649.786984 1500.000000 1408.194733 1300.000000 1100.000000 997.046162 880.877413 776.528559 690.936307 624.784432 574.926342 500.000000 488.053110 475.635489 469.066433 453.282250 431.734173 411.322417 397.582543 385.627541 325.000000 325.000000 325.000000 325.000000 325.000000 392.068344 409.941480 429.466441 439.578549 444.493391 439.981603 432.528340 437.061459 446.824837 460.901248 477.550907 491.139810 500.000000 500.000000 500.000000 500.000000 500.000000 500.000000 500.000000 500.000000 500.000000 561.912262 569.648367 574.272672 583.572086 595.477971 605.001420 627.531008 658.090873
