tests/3D/prealpiC/rec/SoilPressure0000L0003.asc
ncols         676
nrows         544
xllcorner     583000.000000
yllcorner     5000000.000000
cellsize      250.000000
NODATA_value  -9999.0
[rows 224 to 251 of 544, columns 496 to 557 of 676]
779.942 779.920 779.922 779.977 779.969 779.997 780.000 779.997 779.986 779.968 779.951 779.989 779.976 779.977 779.947 779.964 779.897 779.963 779.953 779.999 779.989 779.992 780.000 779.994 779.995 779.996 779.991 779.965 779.989 779.984 779.990 779.999 779.998 779.993 779.988 779.992 779.989 779.977 779.959 779.976 779.961 779.965 779.973 779.980 779.994 779.995 779.995 779.997 779.999 779.999 779.998 779.999 779.999 -9999.000 -9999.000 -9999.000 -9999.000 -9999.000 -9999.000 -9999.000 -9999.000 -9999.000
779.977 779.986 779.933 779.985 779.943 779.956 779.989 780.000 779.997 779.967 779.970 779.961 779.996 779.965 779.964 779.957 779.978 779.935 779.964 779.953 779.994 779.999 779.997 779.997 780.000 779.998 779.975 779.948 779.987 779.978 779.967 779.993 779.991 779.995 779.999 779.999 779.998 779.975 779.965 779.984 779.971 779.968 779.983 779.990 779.991 779.996 779.998 779.999 779.999 779.999 779.999 -9999.000 -9999.000 -9999.000 -9999.000 -9999.000 780.000 -9999.000 -9999.000 -9999.000 -9999.000 -9999.000
779.981 779.977 779.971 779.970 779.983 779.937 779.948 779.981 779.999 779.994 779.968 779.984 779.961 779.964 779.981 779.965 779.976 779.942 779.953 779.933 779.948 779.997 779.995 780.000 779.993 779.965 779.926 779.945 779.990 779.971 779.956 779.985 779.998 779.998 779.987 779.991 779.975 779.963 779.986 779.969 779.973 779.969 779.977 779.982 779.996 779.997 779.997 779.998 779.998 -9999.000 -9999.000 -9999.000 -9999.000 -9999.000 -9999.000 -9999.000 -9999.000 -9999.000 -9999.000 -9999.000 -9999.000 -9999.000
779.983 779.965 779.978 779.951 779.984 779.945 779.945 779.926 779.964 779.999 779.989 779.970 779.973 779.989 779.950 779.988 779.948 779.979 779.922 779.942 779.926 779.950 779.993 779.991 779.980 779.947 779.947 779.961 779.991 779.960 779.978 779.979 779.996 779.947 779.940 779.948 779.981 779.986 779.977 779.956 779.950 779.971 779.979 779.989 779.996 779.998 779.997 779.999 779.999 -9999.000 -9999.000 -9999.000 -9999.000 -9999.000 -9999.000 -9999.000 -9999.000 -9999.000 -9999.000 -9999.000 -9999.000 -9999.000
779.985 779.973 779.918 779.960 779.976 779.982 779.975 779.978 779.948 779.971 779.999 779.982 779.950 779.973 779.989 779.993 779.970 779.974 779.970 779.964 779.943 779.938 779.988 779.993 779.982 779.945 779.951 779.991 779.945 779.975 779.996 779.993 779.984 779.930 779.953 779.967 779.978 779.974 779.954 779.960 779.965 779.982 779.980 779.993 779.997 779.998 -9999.000 -9999.000 779.999 -9999.000 -9999.000 -9999.000 -9999.000 -9999.000 -9999.000 -9999.000 -9999.000 -9999.000 -9999.000 -9999.000 -9999.000 -9999.000
779.969 779.948 779.928 779.951 779.961 779.969 779.979 779.986 779.977 779.977 779.995 780.000 779.983 779.969 779.989 779.976 779.991 779.975 779.982 779.970 779.942 779.950 779.985 779.985 779.968 779.930 779.957 779.991 779.938 779.975 779.998 779.998 779.965 779.937 779.987 779.948 779.970 779.950 779.965 779.963 779.983 779.985 779.991 779.997 779.998 779.998 -9999.000 -9999.000 779.999 -9999.000 -9999.000 -9999.000 -9999.000 -9999.000 -9999.000 -9999.000 -9999.000 -9999.000 -9999.000 -9999.000 -9999.000 -9999.000
779.970 779.992 779.977 779.963 779.964 779.963 779.965 779.973 779.985 779.981 779.988 779.997 779.999 779.990 779.984 779.980 779.991 779.985 779.975 779.947 779.924 779.979 779.994 779.995 779.965 779.938 779.978 779.978 779.942 779.976 779.985 779.990 779.982 779.956 779.960 779.961 779.964 779.954 779.963 779.967 779.988 779.993 779.998 779.998 779.999 779.999 -9999.000 -9999.000 -9999.000 -9999.000 -9999.000 -9999.000 -9999.000 -9999.000 -9999.000 -9999.000 -9999.000 -9999.000 -9999.000 -9999.000 -9999.000 -9999.000
779.997 779.986 779.998 779.948 779.956 779.969 779.978 779.979 779.973 779.979 779.963 779.984 779.999 779.999 779.995 779.994 779.995 779.991 779.973 779.951 779.942 779.948 779.991 779.996 779.950 779.924 779.989 779.956 779.947 779.973 779.990 779.985 779.973 779.948 779.960 779.983 779.967 779.976 779.974 779.983 779.994 779.998 779.999 779.999 779.999 779.999 -9999.000 -9999.000 -9999.000 -9999.000 -9999.000 -9999.000 -9999.000 -9999.000 -9999.000 -9999.000 -9999.000 -9999.000 -9999.000 -9999.000 -9999.000 -9999.000
779.990 779.987 779.999 779.961 779.947 779.947 779.965 779.957 779.968 779.981 779.957 779.951 779.978 779.989 780.000 779.998 779.997 779.993 779.979 779.950 779.940 779.948 779.964 779.995 779.945 779.938 779.991 779.975 779.933 779.967 779.994 779.985 779.961 779.943 779.957 779.992 779.989 779.994 779.993 779.996 779.998 779.998 779.999 779.999 779.999 -9999.000 -9999.000 -9999.000 -9999.000 -9999.000 -9999.000 -9999.000 -9999.000 -9999.000 -9999.000 -9999.000 -9999.000 -9999.000 -9999.000 -9999.000 -9999.000 -9999.000
779.996 779.990 779.993 779.995 779.951 779.942 779.951 779.960 779.957 779.977 779.968 779.947 779.948 779.953 779.981 780.000 779.999 779.996 779.983 779.968 779.959 779.960 779.957 779.996 779.968 779.942 779.967 779.994 779.942 779.953 779.986 779.963 779.940 779.945 779.980 779.995 779.997 779.997 779.997 779.999 779.999 779.999 779.999 779.999 779.999 -9999.000 -9999.000 -9999.000 -9999.000 -9999.000 -9999.000 -9999.000 -9999.000 -9999.000 -9999.000 -9999.000 -9999.000 -9999.000 -9999.000 -9999.000 -9999.000 -9999.000
779.997 779.991 779.990 779.999 779.988 779.968 779.943 779.953 779.959 779.945 779.964 779.951 779.948 779.971 779.953 779.991 780.000 779.999 779.995 779.980 779.965 779.963 779.951 779.997 779.953 779.937 779.975 780.000 779.965 779.960 779.971 779.940 779.935 779.971 779.996 779.997 779.998 779.998 779.998 779.999 780.000 780.000 779.999 780.000 -9999.000 -9999.000 -9999.000 -9999.000 -9999.000 -9999.000 -9999.000 -9999.000 -9999.000 -9999.000 -9999.000 -9999.000 -9999.000 -9999.000 -9999.000 -9999.000 -9999.000 -9999.000
780.000 779.997 779.991 779.991 779.999 779.994 779.981 779.951 779.953 779.965 779.989 779.981 779.967 779.954 779.964 779.989 780.000 779.997 779.969 779.940 779.959 779.967 779.979 779.999 779.993 779.945 779.918 779.984 779.985 779.953 779.959 779.954 779.977 779.996 779.998 779.998 779.998 779.998 779.998 779.999 780.000 780.000 780.000 780.000 -9999.000 -9999.000 -9999.000 -9999.000 -9999.000 -9999.000 -9999.000 -9999.000 -9999.000 -9999.000 -9999.000 -9999.000 -9999.000 -9999.000 -9999.000 -9999.000 -9999.000 -9999.000
779.996 779.999 779.993 779.994 779.998 779.996 779.996 779.994 779.971 779.965 779.940 779.963 779.970 779.960 779.975 779.998 780.000 779.992 779.957 779.945 779.945 779.970 779.995 779.997 779.994 779.969 779.930 779.957 779.996 779.983 779.974 779.989 779.999 779.999 779.999 779.999 779.999 779.999 779.999 780.000 780.000 780.000 780.000 780.000 -9999.000 -9999.000 -9999.000 -9999.000 -9999.000 -9999.000 -9999.000 -9999.000 -9999.000 -9999.000 -9999.000 -9999.000 -9999.000 -9999.000 -9999.000 -9999.000 -9999.000 -9999.000
779.993 780.000 779.994 779.996 779.993 779.989 779.985 779.996 779.976 779.931 779.978 779.975 779.943 779.950 779.993 780.000 779.995 779.969 779.970 779.980 779.988 779.956 779.945 779.989 779.995 779.997 779.970 779.928 779.979 779.998 779.996 780.000 780.000 780.000 780.000 780.000 779.999 779.999 780.000 780.000 780.000 780.000 780.000 780.000 -9999.000 -9999.000 -9999.000 -9999.000 -9999.000 -9999.000 -9999.000 -9999.000 -9999.000 -9999.000 -9999.000 -9999.000 -9999.000 -9999.000 -9999.000 -9999.000 -9999.000 -9999.000
779.994 779.999 779.997 780.000 779.993 779.994 779.997 779.990 779.980 779.942 779.945 779.959 779.970 779.986 779.997 779.999 779.996 779.973 779.984 779.974 779.956 779.964 779.953 779.974 779.996 779.989 779.977 779.957 779.969 779.998 780.000 780.000 780.000 780.000 780.000 780.000 780.000 780.000 780.000 780.000 780.000 780.000 780.000 780.000 -9999.000 -9999.000 -9999.000 -9999.000 -9999.000 -9999.000 -9999.000 -9999.000 -9999.000 -9999.000 -9999.000 -9999.000 -9999.000 -9999.000 -9999.000 -9999.000 -9999.000 -9999.000
779.997 779.997 779.998 780.000 779.997 779.996 779.994 779.993 779.991 779.964 779.947 779.951 779.973 779.989 779.998 -9999.000 779.995 779.994 779.981 779.989 779.970 779.975 779.942 779.970 779.996 779.985 779.960 779.943 779.983 780.000 780.000 780.000 779.999 779.999 780.000 780.000 780.000 780.000 780.000 780.000 780.000 780.000 780.000 780.000 -9999.000 -9999.000 -9999.000 -9999.000 -9999.000 -9999.000 -9999.000 -9999.000 -9999.000 -9999.000 -9999.000 -9999.000 -9999.000 -9999.000 -9999.000 -9999.000 -9999.000 -9999.000
779.998 779.999 779.999 779.998 779.993 779.993 779.991 779.994 779.990 779.981 779.947 779.951 779.969 779.989 779.998 -9999.000 -9999.000 779.994 779.999 779.999 779.993 779.987 779.959 779.957 779.996 779.953 779.953 779.974 779.998 780.000 780.000 779.999 780.000 779.999 779.999 780.000 780.000 780.000 780.000 780.000 780.000 780.000 780.000 780.000 -9999.000 -9999.000 -9999.000 -9999.000 -9999.000 -9999.000 -9999.000 -9999.000 -9999.000 -9999.000 -9999.000 -9999.000 -9999.000 -9999.000 -9999.000 -9999.000 -9999.000 -9999.000
779.991 779.996 779.999 779.994 779.993 779.992 779.989 779.993 779.991 779.994 779.953 779.947 779.948 779.982 779.999 -9999.000 -9999.000 -9999.000 -9999.000 -9999.000 779.999 779.993 779.957 779.951 779.977 779.959 779.975 779.994 780.000 780.000 780.000 -9999.000 780.000 779.998 779.999 779.999 780.000 780.000 780.000 780.000 780.000 780.000 780.000 -9999.000 -9999.000 -9999.000 -9999.000 -9999.000 -9999.000 -9999.000 -9999.000 -9999.000 -9999.000 -9999.000 -9999.000 -9999.000 -9999.000 -9999.000 -9999.000 -9999.000 -9999.000 -9999.000
779.995 779.994 779.994 779.993 779.991 779.997 779.988 779.988 779.986 779.995 779.977 779.933 779.930 779.950 779.987 -9999.000 -9999.000 -9999.000 -9999.000 -9999.000 -9999.000 -9999.000 779.989 779.953 779.960 779.965 779.987 779.999 779.999 780.000 -9999.000 -9999.000 -9999.000 779.999 779.999 780.000 780.000 780.000 780.000 -9999.000 -9999.000 -9999.000 -9999.000 -9999.000 -9999.000 -9999.000 -9999.000 -9999.000 -9999.000 -9999.000 -9999.000 -9999.000 -9999.000 -9999.000 -9999.000 -9999.000 -9999.000 -9999.000 -9999.000 -9999.000 -9999.000 -9999.000
779.998 779.994 779.983 779.985 779.994 779.990 779.985 779.978 779.983 779.980 779.996 779.985 779.953 779.947 779.953 -9999.000 -9999.000 -9999.000 -9999.000 -9999.000 -9999.000 -9999.000 779.998 779.993 779.976 779.991 779.999 780.000 780.000 -9999.000 -9999.000 -9999.000 -9999.000 -9999.000 -9999.000 780.000 780.000 780.000 -9999.000 -9999.000 -9999.000 -9999.000 -9999.000 -9999.000 -9999.000 -9999.000 -9999.000 -9999.000 -9999.000 -9999.000 -9999.000 -9999.000 -9999.000 -9999.000 -9999.000 -9999.000 -9999.000 -9999.000 -9999.000 -9999.000 -9999.000 -9999.000
779.998 779.986 779.976 779.973 779.982 779.982 779.981 779.959 779.981 779.971 779.965 779.974 779.970 779.989 779.970 779.976 -9999.000 -9999.000 -9999.000 -9999.000 -9999.000 -9999.000 -9999.000 -9999.000 779.999 -9999.000 -9999.000 -9999.000 -9999.000 -9999.000 -9999.000 -9999.000 -9999.000 -9999.000 -9999.000 780.000 780.000 -9999.000 -9999.000 -9999.000 -9999.000 -9999.000 -9999.000 -9999.000 -9999.000 -9999.000 -9999.000 -9999.000 -9999.000 -9999.000 -9999.000 -9999.000 -9999.000 -9999.000 -9999.000 -9999.000 -9999.000 -9999.000 -9999.000 -9999.000 -9999.000 -9999.000
779.991 779.985 779.976 779.961 779.953 779.961 779.964 779.951 779.985 779.961 779.956 779.980 779.964 779.970 779.991 779.992 -9999.000 -9999.000 -9999.000 -9999.000 -9999.000 -9999.000 -9999.000 -9999.000 -9999.000 -9999.000 -9999.000 -9999.000 -9999.000 -9999.000 -9999.000 -9999.000 -9999.000 -9999.000 -9999.000 -9999.000 -9999.000 -9999.000 -9999.000 -9999.000 -9999.000 -9999.000 -9999.000 -9999.000 -9999.000 -9999.000 -9999.000 -9999.000 -9999.000 -9999.000 -9999.000 -9999.000 -9999.000 -9999.000 -9999.000 -9999.000 -9999.000 -9999.000 -9999.000 -9999.000 -9999.000 -9999.000
779.985 779.977 779.973 779.978 779.954 779.957 779.963 779.973 779.993 779.975 779.985 779.991 779.991 779.996 779.990 779.985 -9999.000 -9999.000 -9999.000 -9999.000 -9999.000 -9999.000 -9999.000 -9999.000 -9999.000 -9999.000 -9999.000 -9999.000 -9999.000 -9999.000 -9999.000 -9999.000 -9999.000 -9999.000 -9999.000 -9999.000 -9999.000 -9999.000 -9999.000 -9999.000 -9999.000 -9999.000 -9999.000 -9999.000 -9999.000 -9999.000 -9999.000 -9999.000 -9999.000 -9999.000 -9999.000 -9999.000 -9999.000 -9999.000 -9999.000 -9999.000 -9999.000 -9999.000 -9999.000 -9999.000 -9999.000 -9999.000
779.981 779.985 779.982 779.976 779.980 779.984 779.978 779.994 779.994 779.997 779.994 779.999 779.998 779.997 779.992 779.993 779.982 -9999.000 -9999.000 -9999.000 -9999.000 -9999.000 -9999.000 -9999.000 -9999.000 -9999.000 -9999.000 -9999.000 -9999.000 -9999.000 -9999.000 -9999.000 -9999.000 -9999.000 -9999.000 -9999.000 -9999.000 -9999.000 -9999.000 -9999.000 -9999.000 -9999.000 -9999.000 -9999.000 -9999.000 -9999.000 -9999.000 -9999.000 -9999.000 -9999.000 -9999.000 -9999.000 -9999.000 -9999.000 -9999.000 -9999.000 -9999.000 -9999.000 -9999.000 -9999.000 -9999.000 -9999.000
779.991 779.981 779.986 779.983 779.989 779.998 779.995 780.000 779.997 779.996 779.991 779.995 779.994 779.994 779.999 779.995 779.994 779.984 -9999.000 -9999.000 -9999.000 -9999.000 -9999.000 -9999.000 -9999.000 -9999.000 -9999.000 -9999.000 -9999.000 -9999.000 -9999.000 -9999.000 -9999.000 -9999.000 -9999.000 -9999.000 -9999.000 -9999.000 -9999.000 -9999.000 -9999.000 -9999.000 -9999.000 -9999.000 -9999.000 -9999.000 -9999.000 -9999.000 -9999.000 -9999.000 -9999.000 -9999.000 -9999.000 -9999.000 -9999.000 -9999.000 -9999.000 -9999.000 -9999.000 -9999.000 -9999.000 -9999.000
779.993 779.987 779.997 779.998 779.998 779.985 779.997 779.994 779.991 779.997 779.989 779.989 779.987 779.997 779.996 779.995 779.984 -9999.000 -9999.000 -9999.000 -9999.000 -9999.000 -9999.000 -9999.000 -9999.000 -9999.000 -9999.000 -9999.000 -9999.000 -9999.000 -9999.000 -9999.000 -9999.000 -9999.000 -9999.000 -9999.000 -9999.000 -9999.000 -9999.000 -9999.000 -9999.000 -9999.000 -9999.000 -9999.000 -9999.000 -9999.000 -9999.000 -9999.000 -9999.000 -9999.000 -9999.000 -9999.000 -9999.000 -9999.000 -9999.000 -9999.000 -9999.000 -9999.000 -9999.000 -9999.000 -9999.000 -9999.000
779.984 779.986 779.982 779.985 779.986 779.980 779.997 779.990 779.986 779.999 779.994 779.998 779.996 779.994 779.994 779.990 779.997 -9999.000 -9999.000 -9999.000 -9999.000 -9999.000 -9999.000 -9999.000 -9999.000 -9999.000 -9999.000 -9999.000 -9999.000 -9999.000 -9999.000 -9999.000 -9999.000 -9999.000 -9999.000 -9999.000 -9999.000 -9999.000 -9999.000 -9999.000 -9999.000 -9999.000 -9999.000 -9999.000 -9999.000 -9999.000 -9999.000 -9999.000 -9999.000 -9999.000 -9999.000 -9999.000 -9999.000 -9999.000 -9999.000 -9999.000 -9999.000 -9999.000 -9999.000 -9999.000 -9999.000 -9999.000
779.971 779.982 779.975 779.979 779.989 779.991 779.997 779.994 779.998 779.999 779.998 779.997 779.998 779.999 780.000 779.999 779.995 -9999.000 -9999.000 -9999.000 -9999.000 -9999.000 -9999.000 -9999.000 -9999.000 -9999.000 -9999.000 -9999.000 -9999.000 -9999.000 -9999.000 -9999.000 -9999.000 -9999.000 -9999.000 -9999.000 -9999.000 -9999.000 -9999.000 -9999.000 -9999.000 -9999.000 -9999.000 -9999.000 -9999.000 -9999.000 -9999.000 -9999.000 -9999.000 -9999.000 -9999.000 -9999.000 -9999.000 -9999.000 -9999.000 -9999.000 -9999.000 -9999.000 -9999.000 -9999.000 -9999.000 -9999.000
