tests/3D/panola/output-maps-SE27XX/psiliqL0003N0001.asc
ncols         33
nrows         75
xllcorner     -4.500000
yllcorner     -24.500000
cellsize      1.000000
NODATA_value  -9999.0
[rows 0 to 43 of 75, columns 0 to 32 of 33]
-9999.0 -9999.0 -9999.0 -9999.0 -9999.0 -9999.0 -9999.0 -9999.0 -9999.0 -9999.0 -9999.0 -9999.0 -9999.0 -9999.0 -9999.0 -9999.0 -9999.0 -9999.0 -9999.0 -9999.0 -9999.0 -9999.0 -9999.0 -9999.0 -9999.0 -9999.0 -9999.0 -9999.0 -9999.0 -9999.0 -9999.0 -9999.0 -9999.0
-9999.0 -9999.0 -9999.0 -9999.0 -9999.0 -9999.0 -9999.0 -9999.0 -9999.0 -9999.0 -9999.0 -9999.0 -9999.0 -9999.0 -9999.0 -9999.0 -9999.0 -9999.0 -9999.0 -9999.0 -9999.0 -9999.0 -9999.0 -9999.0 -9999.0 -9999.0 -9999.0 -9999.0 -9999.0 -9999.0 -9999.0 -9999.0 -9999.0
-9999.0 -9999.0 341.341111 320.557039 262.200200 149.254237 -84.742178 -98.291107 -103.627122 -105.079427 -105.097515 -105.098592 -105.098681 -105.098629 -105.098630 -105.098690 -105.098698 -105.098699 -105.098699 -105.098699 -105.098699 -105.098699 -105.098699 -105.098699 -105.098699 -105.098699 -105.098699 -105.098699 -105.098699 -105.098699 -105.098699 -9999.0 -9999.0
-9999.0 -9999.0 -800.000000 -800.000000 -800.000000 -800.000000 262.881366 131.992394 -90.598247 -104.405288 -104.606885 -104.614627 -104.614886 -104.603733 -104.603736 -104.614945 -104.615235 -104.615251 -104.615253 -104.615253 -104.615253 -104.615253 -104.615253 -104.615253 -104.615253 -104.615253 -104.615253 -104.615253 -104.615253 -104.615253 -104.615253 -9999.0 -9999.0
-9999.0 -9999.0 -800.000000 -800.000000 -800.000000 -800.000000 -800.000000 -800.000000 197.900416 -84.677291 -99.635243 -99.783897 -99.738548 -97.115952 -97.115965 -99.738722 -99.787068 -99.787768 -99.787788 -99.787790 -99.787789 -99.787790 -99.787790 -99.787790 -99.787790 -99.787790 -99.787790 -99.787789 -99.787758 -99.787789 -99.787789 -9999.0 -9999.0
-9999.0 -9999.0 -800.000000 -800.000000 -800.000000 -800.000000 -800.000000 -800.000000 296.968879 -59.339050 -95.659239 -96.204596 -91.765150 -90.222348 -90.222913 -91.765605 -96.201046 -96.283637 -96.284495 -96.284509 -96.284509 -96.284510 -96.284510 -96.284510 -96.284510 -96.284510 -96.284510 -96.284509 -96.284437 -96.284437 -96.284437 -9999.0 -9999.0
-9999.0 -9999.0 -800.000000 -800.000000 -800.000000 -800.000000 -800.000000 -800.000000 317.300948 -48.404789 -94.634394 -95.373789 -83.939199 57.188658 57.033550 -83.950879 -90.540563 -95.482377 -95.545232 -95.545611 -95.545614 -95.545616 -95.545617 -95.545617 -95.545617 -95.545617 -95.545617 -95.545615 -95.545532 -95.545531 -95.545531 -9999.0 -9999.0
-9999.0 -9999.0 -800.000000 -800.000000 -800.000000 -800.000000 -800.000000 438.801729 248.187545 -78.579517 -95.186917 -95.309976 -88.949318 -68.513258 -70.107777 -94.333298 -95.067964 -95.423773 -95.427734 -95.427771 -95.427537 -95.427618 -95.427774 -95.427776 -95.427776 -95.427776 -95.427776 -95.427775 -95.427771 -95.427690 -95.427689 -9999.0 -9999.0
-9999.0 -9999.0 -800.000000 -800.000000 -800.000000 -800.000000 -800.000000 457.067948 255.816028 -81.509749 -95.230684 -95.301967 -89.628185 -88.054110 -93.738196 -95.367485 -95.399204 -95.410817 -95.410989 -95.410754 -95.385115 -95.385118 -95.410754 -95.410994 -95.410997 -95.410997 -95.410997 -95.410996 -95.410995 -95.410991 -95.410909 -9999.0 -9999.0
-9999.0 -9999.0 -800.000000 -800.000000 -800.000000 -800.000000 -800.000000 467.684142 292.341688 -77.839336 -95.078150 -95.287284 -89.668161 -89.594860 -95.220324 -95.405714 -95.408399 -95.408718 -95.408644 -95.408477 -95.382122 -95.382120 -95.408474 -95.408726 -95.408729 -95.408729 -95.408728 -95.408728 -95.408727 -95.408646 -95.408642 -9999.0 -9999.0
-9999.0 -9999.0 -800.000000 -800.000000 -800.000000 -800.000000 -800.000000 505.439705 421.360654 165.010601 -84.263410 -95.028195 -89.753808 -89.667828 -90.342625 -95.317627 -95.407784 -95.408336 -95.408337 -95.408172 -95.381792 -95.381593 -95.407811 -95.408330 -95.408423 -95.408424 -95.408341 -95.408341 -95.408341 -95.408337 -95.408338 -9999.0 -9999.0
-9999.0 -9999.0 -800.000000 -800.000000 -800.000000 -800.000000 -800.000000 -800.000000 -800.000000 408.003797 206.325014 -80.453729 -94.607804 -94.959330 -95.013325 -95.403134 -95.408227 -95.408375 -95.408377 -95.408121 -95.381165 -95.347508 -95.348374 -95.407390 -95.408286 -95.408298 -95.408140 -95.408138 -95.408138 -95.408139 -95.408294 -9999.0 -9999.0
-9999.0 -9999.0 -800.000000 -800.000000 -800.000000 -800.000000 -800.000000 -800.000000 -800.000000 -800.000000 -800.000000 196.937760 -78.452296 -94.743326 -95.342864 -95.406087 -95.408205 -95.408361 -95.408370 -95.407722 -95.315171 -90.250306 -90.250332 -95.315877 -95.407572 -95.408126 -95.382620 -95.382312 -95.382310 -95.382463 -95.407971 -9999.0 -9999.0
-9999.0 -9999.0 -800.000000 -800.000000 -800.000000 -800.000000 -800.000000 -800.000000 -800.000000 -800.000000 -800.000000 433.600889 240.779304 -27.830166 -93.903866 -95.387797 -95.407354 -95.408296 -95.408349 -95.407301 -95.305941 -89.705261 -89.705260 -95.305799 -95.381791 -95.407952 -95.407426 -95.381755 -95.381588 -95.381398 -95.382086 -9999.0 -9999.0
-9999.0 -9999.0 -800.000000 -800.000000 -800.000000 -800.000000 -800.000000 -800.000000 -800.000000 -800.000000 -800.000000 -800.000000 -800.000000 176.163870 -64.961351 -94.900024 -95.401253 -95.407907 -95.407162 -95.347877 -95.271197 -89.670027 -89.670027 -95.271191 -95.347025 -95.381662 -95.407766 -95.381526 -95.380771 -95.347444 -95.346700 -9999.0 -9999.0
-9999.0 -9999.0 -800.000000 -800.000000 -800.000000 -800.000000 -800.000000 -800.000000 -800.000000 -800.000000 -800.000000 -800.000000 -800.000000 336.722119 0.684138 -92.855112 -95.378871 -95.405747 -95.282837 -90.246584 -90.128654 -89.547085 -89.547060 -90.128649 -90.246491 -95.281484 -95.380495 -95.346969 -95.280301 -90.245964 -90.139307 -9999.0 -9999.0
-9999.0 -9999.0 -800.000000 -800.000000 -800.000000 -800.000000 -800.000000 -800.000000 -800.000000 -800.000000 -800.000000 -800.000000 -800.000000 409.553379 -43.219814 -93.890291 -95.361200 -95.314957 -90.342329 -89.588533 -89.566438 -89.533319 -89.531553 -89.566175 -89.583167 -90.235493 -95.214748 -90.241603 -90.098301 -89.548158 -89.562289 -9999.0 -9999.0
-9999.0 -9999.0 -800.000000 -800.000000 -800.000000 -800.000000 -800.000000 -800.000000 -800.000000 -800.000000 -800.000000 -800.000000 -800.000000 -800.000000 70.013453 -88.477783 -95.305605 -95.398442 -94.948143 -89.772568 -89.542925 -89.649452 -89.534308 -89.531754 -89.532729 -89.577533 -90.079922 -89.354265 -87.241155 -87.192950 -89.284046 -9999.0 -9999.0
-9999.0 -9999.0 -800.000000 -800.000000 -800.000000 -800.000000 -800.000000 -800.000000 -800.000000 -800.000000 -800.000000 -800.000000 -800.000000 -800.000000 52.029064 -90.506306 -95.307581 -95.402532 -95.390742 -94.925492 -89.887661 -94.849681 -89.655069 -89.532375 -89.526526 -89.395411 -86.940348 -72.540854 117.423418 118.195054 -71.202134 -9999.0 -9999.0
-9999.0 -9999.0 -800.000000 -800.000000 -800.000000 -800.000000 -800.000000 -800.000000 -800.000000 -800.000000 -800.000000 -800.000000 -800.000000 -800.000000 160.748578 -84.348398 -95.239850 -95.401856 -95.407376 -95.391250 -95.023702 -95.289363 -89.670074 -89.532712 -89.404652 -79.903907 117.715021 183.652296 246.255199 252.340128 217.346232 -9999.0 -9999.0
-9999.0 -9999.0 -800.000000 -800.000000 -800.000000 -800.000000 -800.000000 -800.000000 -800.000000 -800.000000 -800.000000 -800.000000 -800.000000 406.323050 181.580965 -82.889632 -95.226356 -95.402218 -95.407775 -95.407869 -95.395763 -95.307116 -89.785749 -89.650905 -89.304450 -73.997972 187.089596 267.513228 301.401002 307.706324 299.530067 -9999.0 -9999.0
-9999.0 -9999.0 -800.000000 -800.000000 -800.000000 -800.000000 -800.000000 -800.000000 -800.000000 -800.000000 -800.000000 -800.000000 -800.000000 370.259943 28.157467 -90.109888 -95.319458 -95.403370 -95.375196 -95.407539 -95.407643 -95.377384 -94.990997 -94.913665 -89.508656 -71.893188 213.397091 291.918077 315.851038 321.794834 321.337516 -9999.0 -9999.0
-9999.0 -9999.0 -800.000000 -800.000000 -800.000000 -800.000000 -800.000000 -800.000000 -800.000000 -800.000000 -800.000000 -800.000000 -800.000000 210.059499 -69.292284 -94.422989 -95.366720 -95.342013 -90.458391 -95.318850 -95.381917 -95.381409 -95.369235 -95.361345 -94.667509 -72.865000 207.701645 282.977537 304.111977 309.660487 310.613275 -9999.0 -9999.0
-9999.0 -9999.0 -800.000000 -800.000000 -800.000000 -800.000000 -800.000000 -800.000000 -800.000000 -800.000000 -800.000000 287.686267 78.948631 -34.357708 -88.398453 -95.058342 -95.386993 -95.402694 -95.022768 -95.377620 -95.381569 -95.381680 -95.379317 -95.230021 -88.533066 -75.886866 150.318848 221.300239 239.410128 243.832758 244.777987 -9999.0 -9999.0
-9999.0 -9999.0 -800.000000 -800.000000 -800.000000 -800.000000 -800.000000 -800.000000 421.387123 383.991339 288.676899 133.248240 -64.659195 -78.294376 -92.455167 -95.200181 -95.394600 -95.407194 -95.395830 -95.381736 -95.381880 -95.406403 -95.262356 -85.208000 30.732186 -82.232016 -57.945967 -49.696831 -47.474580 -46.952879 -46.853923 -9999.0 -9999.0
-9999.0 -9999.0 -800.000000 -800.000000 -800.000000 -800.000000 479.818151 375.012920 307.188392 259.815217 204.177010 3.399786 -77.958370 -83.505825 -93.216818 -95.251345 -95.398097 -95.407689 -95.407957 -95.407566 -95.407555 -95.406954 -95.264332 -89.037545 -71.395358 -88.729608 -87.044096 -86.488118 -86.354287 -86.347871 -86.351993 -9999.0 -9999.0
-9999.0 -9999.0 -800.000000 -800.000000 455.942667 452.981074 -800.000000 189.171576 64.727939 29.069829 47.208886 -69.305904 -81.095284 -83.997283 -93.709691 -95.290928 -95.400737 -95.407876 -95.408251 -95.408270 -95.407889 -95.343124 -90.344264 -89.626452 -88.215997 -89.472423 -89.186721 -86.897026 -85.195924 -86.624453 -87.034174 -9999.0 -9999.0
-9999.0 -9999.0 -800.000000 -800.000000 436.651337 327.676346 68.057051 -32.303681 -64.726427 -69.414129 -69.381550 -78.100188 -80.611022 -84.929877 -94.217446 -95.327724 -95.403074 -95.408026 -95.408268 -95.408287 -95.408252 -95.404075 -95.015940 -94.982500 -94.853523 -89.312513 -72.828131 126.183583 209.809344 152.359718 109.019507 -9999.0 -9999.0
-9999.0 -9999.0 463.329183 449.495973 410.260420 274.846549 -37.926977 -70.291108 -75.053663 -76.203961 -76.701043 -78.230845 -80.260851 -87.130947 -94.612615 -95.354279 -95.404765 -95.408135 -95.408357 -95.408290 -95.408287 -95.408119 -95.395658 -95.368284 -95.208059 -82.214933 81.963188 171.532065 -800.000000 154.213524 -35.087281 -9999.0 -9999.0
-9999.0 -9999.0 496.611821 485.916880 450.155197 339.998662 41.126444 -70.267263 -74.962610 -76.056510 -76.774956 -77.820314 -80.166193 -89.277587 -94.861382 -95.371246 -95.405889 -95.408210 -95.408365 -95.408372 -95.408373 -95.408365 -95.407974 -95.405911 -95.259433 -88.698655 -65.298227 -49.175785 -55.290178 -53.070990 -82.834898 -9999.0 -9999.0
-9999.0 -9999.0 497.841542 492.684551 476.459436 429.474712 294.414026 62.315575 -40.421940 -74.780086 -76.375109 -77.504056 -80.360956 -91.052239 -95.053809 -95.384423 -95.406768 -95.408268 -95.408369 -95.408375 -95.408376 -95.408371 -95.407978 -95.343113 -90.345730 -89.734847 -93.531719 -92.464052 -91.662292 -92.627052 -89.391140 -9999.0 -9999.0
-9999.0 -9999.0 464.692434 476.522758 479.195738 453.752526 364.141317 84.222112 -63.877431 -75.049980 -76.045000 -77.443734 -81.589425 -92.828086 -95.215359 -95.395250 -95.407484 -95.408315 -95.408370 -95.408371 -95.408367 -95.408366 -95.408330 -95.404072 -95.016007 -94.989703 -95.318290 -95.283150 -95.136439 -95.178879 -89.657996 -9999.0 -9999.0
-9999.0 -9999.0 474.082177 473.035135 461.912039 431.218174 320.565163 -12.636800 -72.672508 -74.922126 -75.842255 -77.929061 -85.648670 -94.296566 -95.327463 -95.402466 -95.407891 -95.408257 -95.408340 -95.408284 -95.408201 -95.408195 -95.408171 -95.408072 -95.395908 -95.395135 -95.379362 -95.311167 -90.232965 -90.124611 -89.546457 -9999.0 -9999.0
-9999.0 -9999.0 500.040639 479.862592 435.969485 314.541051 93.271930 -62.060736 -73.817767 -74.686536 -75.723551 -79.430750 -90.794343 -94.984313 -95.353216 -95.380350 -95.407786 -95.408134 -95.407831 -95.406816 -95.405186 -95.405040 -95.406145 -95.407496 -95.407809 -95.407785 -95.381361 -95.305751 -89.701738 -89.567826 -89.531454 -9999.0 -9999.0
-9999.0 -9999.0 501.011372 482.335551 404.247802 161.228635 -55.677954 -72.626671 -73.755904 -73.838764 -72.003981 -83.496606 -93.718697 -95.252267 -95.371983 -95.380930 -95.381966 -95.405991 -95.399537 -95.380658 -95.331402 -95.321274 -95.346463 -95.386186 -95.404517 -95.407458 -95.406724 -95.305603 -89.671767 -89.534022 -89.530515 -9999.0 -9999.0
-9999.0 -9999.0 514.164619 489.170359 420.631161 200.227427 -52.780562 -72.237556 -72.679808 -74.772092 -77.822794 -90.072429 -94.891743 -95.343932 -95.378660 -95.405568 -95.398497 -95.374435 -95.231680 -94.473652 -89.469295 -87.990481 -89.218035 -93.560747 -95.190504 -95.339425 -95.380382 -95.307082 -89.782623 -89.538233 -89.530670 -9999.0 -9999.0
-9999.0 -9999.0 522.631821 507.716518 468.814304 373.842366 173.084975 -36.617312 -72.262821 -76.280315 -84.790122 -93.915739 -95.259260 -95.371427 -95.378549 -95.385663 -95.245459 -94.324852 -84.912958 24.409067 279.040945 319.437752 299.358267 214.168563 -65.556227 -89.558392 -95.265871 -95.340939 -94.889635 -89.769152 -89.538134 -9999.0 -9999.0
-9999.0 -9999.0 508.351129 507.730177 496.068050 457.825906 351.182881 84.423206 -70.901091 -80.189019 -91.730092 -95.006093 -95.317965 -95.342751 -95.353043 -94.912317 -88.379196 54.066717 317.396713 -800.000000 -800.000000 -800.000000 -800.000000 388.475206 262.432508 -57.024488 -89.397275 -90.126506 -90.227150 -94.860066 -89.774205 -9999.0 -9999.0
-9999.0 -9999.0 512.345410 525.858550 532.352602 516.188028 456.871286 301.958434 -48.258152 -87.473731 -94.437912 -90.154489 -90.100592 -90.185825 -94.411368 -60.128157 -800.000000 -800.000000 -800.000000 -800.000000 -800.000000 -800.000000 474.514236 473.482694 -800.000000 205.645873 -73.355629 -89.446000 -89.814295 -95.291522 -94.990666 -9999.0 -9999.0
-9999.0 -9999.0 529.737942 531.933734 533.807311 540.888941 524.650818 409.944872 -7.804999 -91.397770 -89.901643 -89.323171 -87.187933 -86.426011 -67.099233 213.447250 361.754023 442.976289 -800.000000 -800.000000 -800.000000 -800.000000 514.380871 492.400629 447.152675 308.981477 -58.289866 -94.460724 -94.985781 -95.376576 -95.369312 -9999.0 -9999.0
-9999.0 -9999.0 -800.000000 -800.000000 -800.000000 -800.000000 -800.000000 488.986452 265.310759 -30.454807 -84.052962 -72.040471 122.409226 166.378329 212.038120 291.541733 362.134646 426.927279 453.399483 472.743348 494.695294 -800.000000 -800.000000 517.143742 500.224708 410.104497 32.359183 -92.767377 -95.347563 -95.403958 -95.380995 -9999.0 -9999.0
-9999.0 -9999.0 -800.000000 -800.000000 -800.000000 -800.000000 -800.000000 -800.000000 475.015394 358.986632 176.017538 178.298273 232.545107 253.225909 267.950894 280.906911 267.702553 232.666516 371.637207 475.657205 -800.000000 -800.000000 -800.000000 -800.000000 -800.000000 -800.000000 309.857377 -30.470425 -92.883215 -95.266889 -95.344044 -9999.0 -9999.0
-9999.0 -9999.0 -800.000000 -800.000000 -800.000000 -800.000000 -800.000000 -800.000000 -800.000000 477.921718 379.068481 271.574265 232.996884 225.460341 220.035567 185.040957 0.843652 -34.650174 246.788065 457.165250 -800.000000 -800.000000 -800.000000 -800.000000 -800.000000 -800.000000 -800.000000 242.378548 135.060372 -79.950854 -90.005556 -9999.0 -9999.0
-9999.0 -9999.0 -800.000000 -800.000000 -800.000000 -800.000000 -800.000000 -800.000000 -800.000000 -800.000000 407.017399 156.381442 -24.493928 -49.101797 -51.469406 -55.728296 -81.367432 -80.340653 134.613777 441.439096 -800.000000 -800.000000 -800.000000 -800.000000 386.864376 374.367997 311.753426 256.291169 188.364150 -65.900632 -89.038264 -9999.0 -9999.0
