tests/3D/PSQL_test/output-maps-METEOIO-ON/SWEDENSITYN0049.asc
ncols         295
nrows         180
xllcorner     627200.000000
yllcorner     5109000.000000
cellsize      200.000000
NODATA_value  -9999.0
[rows 29 to 57 of 180, columns 67 to 133 of 295]
142.041 149.886 150.899 144.258 139.962 141.644 142.711 141.965 141.411 144.719 147.739 156.448 158.112 153.975 152.634 151.177 148.737 146.589 139.468 137.987 142.379 139.383 139.115 143.404 145.696 144.817 146.361 142.045 142.702 142.094 140.510 140.006 138.374 137.702 136.352 134.784 134.699 134.914 140.113 143.101 143.842 141.281 141.682 144.086 143.918 146.635 151.858 158.190 159.934 161.176 158.256 157.718 157.032 152.924 154.756 163.274 162.097 164.253 166.136 167.711 170.056 171.128 172.597 173.736 174.111 172.788 170.628
146.192 151.652 147.603 139.712 136.039 137.794 138.966 139.767 140.022 141.428 144.943 151.093 159.179 157.069 153.016 153.143 150.714 146.379 137.993 141.478 143.116 140.657 143.155 147.195 146.415 145.883 147.447 143.615 142.706 140.502 138.996 139.681 139.453 138.481 136.502 135.939 136.915 134.774 141.108 145.240 144.536 143.209 145.221 148.101 149.417 146.647 149.905 155.393 161.463 162.493 160.002 159.231 157.815 155.769 160.288 166.137 166.640 168.026 169.674 170.648 172.400 173.389 173.326 172.359 171.660 170.802 168.910
147.080 146.894 141.016 137.736 134.960 138.304 137.286 138.078 139.588 140.110 143.703 147.502 157.131 159.206 155.743 154.703 151.295 143.269 141.563 144.755 143.485 143.318 146.515 148.329 147.253 147.109 148.761 146.976 143.433 142.221 142.692 143.952 140.682 141.778 137.727 135.633 139.391 138.377 142.177 146.431 146.721 145.802 146.191 149.282 151.542 152.362 150.935 153.051 160.013 163.097 160.826 160.152 159.675 160.330 165.236 167.409 168.012 170.189 172.191 173.013 172.726 171.208 169.847 168.796 168.219 166.862 165.196
143.057 139.098 129.730 129.946 133.611 139.186 138.739 138.700 140.281 143.510 143.475 144.462 152.530 159.553 157.814 155.867 150.583 145.274 147.343 147.647 146.126 145.760 148.258 149.605 148.676 149.297 150.146 148.965 149.160 148.553 146.857 142.167 137.910 142.228 138.809 133.640 138.670 143.792 145.745 148.538 150.092 149.988 148.757 150.048 154.300 156.079 155.710 155.225 157.829 163.637 163.771 162.794 163.859 165.361 168.143 169.858 170.127 171.987 172.962 170.214 169.762 168.725 165.052 162.396 161.350 161.388 161.708
135.211 129.339 127.580 129.384 133.837 137.393 136.936 137.125 139.452 143.960 146.676 145.967 151.045 158.630 159.068 152.195 151.133 147.218 149.827 148.908 148.428 147.313 149.656 151.235 149.350 150.864 151.603 150.493 151.340 146.506 139.497 140.301 142.403 141.837 139.474 134.961 138.535 144.975 147.363 151.278 152.837 152.942 152.139 150.273 153.895 158.430 159.501 159.085 160.265 163.740 164.850 165.421 166.786 168.565 170.070 171.423 172.300 172.489 170.563 168.878 166.186 164.658 159.694 156.992 155.616 155.985 157.806
133.603 131.398 128.180 127.901 128.905 131.650 132.696 135.144 138.015 142.760 145.963 147.063 150.767 155.200 160.383 156.581 148.696 142.996 149.906 149.991 150.532 152.035 153.113 152.933 150.595 152.217 153.442 153.366 151.994 144.488 141.185 142.323 144.733 139.464 138.602 141.616 143.478 143.858 145.027 151.095 155.289 154.895 154.825 154.423 153.691 157.828 161.537 161.539 162.943 164.480 166.597 167.287 168.849 170.045 171.285 172.350 171.596 169.256 165.909 164.313 162.280 156.408 152.624 152.473 151.957 151.755 152.788
136.709 136.820 131.144 129.376 132.231 128.351 130.102 133.550 135.824 140.075 143.393 145.743 148.276 152.571 159.049 160.804 155.355 152.025 148.960 149.511 154.113 155.285 154.868 154.694 153.772 154.561 155.459 153.797 149.241 144.622 142.429 145.721 144.311 143.887 143.949 146.873 148.541 146.802 144.194 148.244 156.662 157.542 156.969 156.817 156.244 158.320 160.782 164.850 165.463 166.958 167.767 168.236 169.400 170.786 172.114 171.491 166.292 161.263 159.159 158.889 157.655 151.134 150.527 150.828 150.428 150.316 150.675
136.788 138.248 132.488 136.254 137.113 134.055 131.885 133.519 134.802 140.137 142.903 143.869 146.398 150.610 156.479 159.991 160.804 155.741 154.108 153.155 154.547 156.714 155.707 154.193 156.260 157.029 154.787 153.349 150.295 145.662 146.444 147.477 144.961 144.514 147.123 148.816 149.814 149.348 148.324 147.958 154.600 159.772 158.969 158.706 159.039 160.985 163.360 164.895 166.971 167.695 169.331 169.863 170.438 171.875 170.473 165.925 159.493 157.023 155.591 154.514 153.440 151.814 149.334 149.485 148.323 149.081 149.370
135.223 134.257 135.006 138.133 135.097 136.488 137.023 138.400 136.397 139.056 140.845 143.130 146.298 149.968 156.270 159.036 160.337 161.704 160.034 157.269 158.042 156.134 155.184 156.221 159.866 155.744 155.338 154.224 150.595 147.598 148.766 148.879 147.359 144.946 148.362 151.163 152.099 150.467 150.936 153.147 153.006 158.251 162.583 164.774 163.825 163.541 165.297 166.271 168.149 168.822 169.373 170.507 171.636 170.046 164.694 158.756 153.574 152.427 152.852 151.539 150.899 151.628 146.900 145.811 146.742 147.659 148.845
130.656 133.025 137.323 137.693 136.703 136.110 139.263 141.070 139.326 141.878 142.090 144.283 147.672 152.077 156.089 154.436 157.304 160.633 163.861 161.511 160.138 160.774 159.565 158.735 159.729 157.300 156.696 154.624 151.550 150.099 150.134 149.687 147.950 147.332 148.190 153.267 154.246 153.428 152.669 156.361 157.064 158.159 161.389 164.504 165.152 165.810 167.047 168.535 169.557 170.435 171.438 171.570 170.166 165.723 159.867 155.692 151.136 152.001 151.377 148.577 146.625 148.461 143.678 145.924 147.092 148.252 149.080
130.686 131.016 133.544 135.986 136.956 135.786 141.427 142.464 139.535 142.436 143.336 146.021 152.319 153.922 149.376 146.725 149.946 155.211 160.044 163.523 163.519 161.611 161.782 160.410 160.064 159.066 157.207 155.020 152.557 150.919 150.872 150.101 149.305 149.163 148.096 153.238 156.387 156.112 155.562 158.631 160.023 159.829 162.702 165.088 166.453 167.457 168.267 169.509 170.495 171.253 170.852 169.284 166.905 162.369 159.700 156.906 154.097 151.759 148.318 145.175 144.228 145.697 143.028 148.541 147.866 148.319 149.158
134.147 131.007 131.425 133.539 135.311 136.988 141.251 143.643 141.931 145.166 148.491 151.554 148.648 144.029 142.482 144.021 147.159 149.352 153.222 157.926 162.519 163.492 162.851 162.675 159.340 161.542 159.486 157.001 154.536 152.502 153.135 152.160 150.084 151.147 151.662 153.495 158.174 157.753 158.366 159.635 162.371 163.740 166.064 167.043 167.488 167.860 168.883 170.588 171.116 169.865 168.895 167.598 164.182 160.763 158.369 155.937 153.023 150.584 147.243 144.860 146.601 145.955 147.487 149.856 149.249 147.563 149.419
135.084 134.017 135.030 134.381 134.327 136.667 139.464 142.842 146.425 148.679 145.918 146.745 142.293 141.977 143.351 145.001 145.118 146.668 150.824 154.386 156.229 160.265 163.941 163.784 163.523 159.460 161.329 159.091 156.519 154.469 151.824 153.623 154.312 154.029 154.999 157.310 159.598 160.898 161.050 162.980 165.238 167.003 167.936 168.074 168.258 168.271 169.700 170.932 169.723 168.732 168.518 166.184 161.495 156.114 153.571 151.786 149.995 149.060 147.011 147.335 149.423 150.786 149.951 149.852 148.231 147.531 149.354
132.196 134.447 132.627 132.376 134.777 136.614 140.898 144.718 147.973 142.456 141.055 143.825 140.634 141.907 143.037 144.157 145.344 146.744 151.068 151.165 153.365 156.083 159.259 164.659 166.751 164.249 160.429 160.164 158.035 156.033 154.905 156.971 157.917 156.816 158.670 161.702 162.276 164.392 164.736 165.615 167.256 168.043 168.833 169.187 169.347 169.547 171.016 170.145 168.645 168.145 166.498 160.872 156.648 153.853 153.104 151.408 148.370 148.072 147.207 149.049 149.474 151.094 150.659 150.380 149.238 148.089 149.631
134.703 135.043 135.763 139.064 138.029 139.296 144.594 146.941 143.697 139.112 138.520 141.190 140.155 141.381 140.925 142.763 144.642 146.993 147.857 149.315 151.678 153.947 155.579 158.722 162.929 166.253 164.519 160.061 157.657 160.921 160.650 161.857 159.873 161.936 163.285 164.682 165.383 166.053 166.875 167.566 168.339 169.230 169.829 170.063 170.442 170.905 170.524 168.702 168.049 167.080 163.849 156.382 155.941 156.819 156.526 154.148 148.875 147.239 148.536 149.984 149.437 150.767 151.694 151.520 150.823 149.710 150.634
135.432 133.047 133.130 138.214 140.290 142.861 146.178 143.437 140.063 139.575 137.881 139.212 139.747 140.920 139.439 141.525 144.740 146.645 147.879 148.662 150.360 152.399 154.785 156.405 158.825 162.588 166.715 167.008 164.945 163.732 163.601 164.539 164.782 165.081 165.928 166.353 166.998 167.747 167.803 168.252 168.802 169.543 169.943 170.159 170.848 170.280 169.061 167.915 167.304 164.244 161.816 160.559 159.292 157.648 156.653 154.691 150.758 147.755 148.942 149.962 149.031 148.643 151.358 152.297 152.579 151.544 152.843
135.898 134.482 134.032 137.533 140.899 144.540 141.994 138.472 138.706 138.090 137.387 138.343 138.447 139.371 138.229 141.608 143.810 145.049 146.131 147.524 149.554 151.794 154.293 152.857 153.392 156.380 159.992 163.608 165.897 167.437 167.817 167.816 167.770 167.230 167.176 167.347 167.914 168.327 168.397 168.529 169.240 170.041 170.523 170.580 169.770 168.018 167.248 166.667 164.706 161.533 159.653 158.950 159.598 157.760 155.843 154.075 148.514 147.870 150.131 150.332 149.052 147.758 148.801 149.776 149.169 150.257 154.048
136.273 136.187 135.399 139.122 142.082 141.468 136.133 135.777 138.969 136.143 137.129 136.006 137.493 138.046 137.635 140.935 143.449 144.083 145.307 146.415 148.766 150.096 150.966 148.758 149.124 150.246 152.869 156.170 156.096 157.353 160.471 164.758 168.292 168.352 168.204 168.274 168.494 168.656 168.653 169.620 170.439 170.482 170.048 168.884 167.985 167.313 166.977 165.359 162.574 159.843 157.068 155.273 155.060 154.314 153.505 151.730 147.227 148.113 149.964 149.837 149.680 148.042 148.697 150.297 149.104 149.296 153.413
138.129 136.551 136.935 141.402 141.717 139.764 134.553 137.046 139.882 140.443 138.925 137.700 138.775 138.470 138.378 141.339 142.914 143.614 145.512 146.817 147.992 148.656 147.957 147.661 148.021 148.353 150.413 152.404 154.114 155.493 157.940 160.476 166.120 168.707 169.163 169.560 169.717 169.134 169.597 170.143 169.884 169.525 168.483 168.204 167.148 166.100 164.651 164.278 161.689 160.244 157.091 153.741 151.583 151.029 150.029 148.777 146.469 147.266 149.220 149.495 149.730 149.887 148.469 149.642 149.729 151.151 153.607
137.188 138.704 139.030 138.205 137.451 139.762 138.221 139.354 139.836 139.565 140.466 138.976 140.411 142.026 139.990 141.736 142.958 143.458 144.797 146.188 146.983 148.209 148.392 148.290 148.407 149.402 151.459 153.970 157.979 158.810 159.821 162.743 166.675 168.163 168.916 169.588 169.976 170.237 170.380 170.075 168.837 168.254 167.868 166.871 164.726 162.550 159.752 159.635 161.243 156.890 156.316 154.494 152.105 149.045 147.768 146.718 146.613 148.429 148.127 149.716 150.246 150.939 150.941 150.622 150.247 151.075 153.323
137.800 137.465 135.676 133.200 135.553 137.724 137.348 138.607 138.475 139.362 140.536 138.913 139.673 142.602 144.689 145.018 143.954 143.799 145.130 145.936 146.988 148.576 151.041 151.108 150.816 151.044 153.835 156.872 158.536 159.444 162.816 165.790 168.007 168.585 168.887 169.086 169.689 169.118 169.053 167.652 167.755 167.576 167.011 164.970 161.928 158.485 156.298 154.997 159.443 157.940 154.283 154.788 152.741 149.213 147.964 146.471 147.934 147.768 149.426 149.623 149.493 149.906 151.335 151.385 152.033 153.002 154.586
135.927 131.087 132.833 133.483 135.138 136.306 136.552 135.552 135.006 136.684 139.197 140.200 140.654 141.743 145.599 146.684 146.146 145.946 147.822 148.617 149.168 149.156 150.283 151.202 151.562 153.307 156.106 158.595 160.342 161.558 164.584 167.639 168.690 168.768 168.830 169.143 168.951 168.228 167.098 163.645 164.309 165.672 165.327 163.051 158.611 155.942 153.588 152.331 152.301 158.887 155.742 154.961 153.036 151.202 149.300 147.934 147.448 147.555 148.821 149.764 149.022 148.498 150.040 152.274 152.760 153.496 153.381
134.092 133.713 134.224 135.673 135.918 136.759 136.369 137.524 137.499 137.105 136.185 138.010 142.856 143.616 146.165 147.779 147.608 146.744 147.926 149.110 149.286 149.867 149.791 153.069 154.913 155.738 158.324 160.865 161.990 163.451 167.171 168.644 169.119 169.147 169.623 169.648 168.452 167.687 165.644 163.941 161.473 161.920 161.677 160.750 156.439 152.396 151.657 150.772 148.726 155.260 154.322 153.049 152.193 152.073 148.088 146.780 146.661 147.678 148.793 148.882 149.467 148.363 148.889 148.918 150.207 151.781 151.558
137.534 137.431 137.099 137.636 138.141 138.147 137.507 137.702 135.139 137.240 138.760 138.358 140.624 142.898 145.760 149.484 149.734 147.283 148.823 150.946 151.321 150.817 152.527 154.365 158.253 159.333 160.539 162.797 164.347 166.838 168.607 169.013 169.170 169.407 169.345 168.671 167.727 166.378 165.694 163.546 162.119 157.758 155.183 153.776 153.296 151.909 152.309 151.184 148.269 152.564 152.092 149.109 148.840 148.014 145.434 146.353 147.378 148.563 149.166 148.964 149.836 149.541 149.819 148.898 149.388 150.870 151.498
137.000 135.275 135.140 137.480 138.842 139.412 137.780 136.530 137.949 139.945 141.152 141.538 141.503 140.955 143.180 149.527 151.390 151.064 149.954 153.663 154.122 154.490 154.676 157.272 160.032 161.882 162.429 165.008 166.831 168.445 168.936 169.131 169.253 169.187 168.893 167.987 166.248 163.001 161.720 159.879 159.364 157.417 152.625 150.144 149.720 152.031 153.015 152.626 149.378 151.418 151.763 147.137 146.415 145.401 144.314 146.605 148.298 146.916 147.263 150.251 150.374 150.488 151.027 150.912 150.044 149.777 150.227
137.656 138.877 138.771 139.142 140.116 139.754 139.721 137.579 136.519 140.880 142.827 143.773 143.579 142.909 143.135 147.900 152.484 151.880 151.775 154.736 157.229 157.448 157.547 158.330 160.541 162.068 164.967 166.869 168.281 168.827 169.065 169.241 169.240 168.872 168.345 166.168 161.618 159.516 159.589 159.719 156.809 157.388 154.079 151.639 151.054 151.350 150.647 151.270 149.872 148.497 151.408 147.999 148.011 146.345 146.216 147.539 147.528 146.721 147.652 149.003 151.061 149.678 151.690 151.574 150.831 149.733 149.664
136.873 139.894 141.914 142.239 141.478 140.430 140.411 138.897 138.403 139.507 143.189 145.290 145.056 145.645 146.455 147.626 151.526 156.127 156.862 158.144 159.971 159.511 160.290 160.855 162.109 164.272 166.599 167.988 168.767 169.074 169.156 169.351 168.763 168.202 166.429 161.703 158.747 156.915 156.184 160.145 155.689 153.011 151.653 151.740 151.502 151.467 149.130 148.931 149.040 147.478 152.043 147.884 148.926 147.982 148.104 148.834 147.772 147.594 148.225 148.161 148.944 148.343 150.375 151.454 150.541 151.865 150.114
138.842 139.429 142.801 144.786 143.250 142.183 141.525 141.914 140.460 141.202 141.956 145.735 148.258 149.118 150.006 150.963 151.719 154.289 158.602 159.877 161.355 162.290 162.478 162.819 164.484 166.539 168.004 168.662 169.115 169.297 169.322 169.087 168.191 166.296 162.179 156.997 156.098 155.235 153.514 154.677 157.560 151.312 152.224 153.408 152.045 149.466 147.273 146.776 147.369 146.449 151.921 148.833 148.252 148.701 149.881 148.409 147.562 147.023 147.117 147.887 148.671 149.886 149.174 151.743 149.390 151.751 151.857
140.914 139.462 141.757 145.980 145.029 144.348 143.400 141.681 140.983 141.813 143.499 144.816 148.601 152.007 153.822 154.278 154.133 156.504 158.859 159.667 162.547 163.325 163.835 164.648 166.734 168.472 168.955 169.038 169.123 169.217 169.242 168.272 166.295 162.670 157.829 152.538 150.918 151.806 150.897 150.541 156.416 152.873 154.433 153.295 151.399 148.368 146.115 145.526 145.679 145.608 150.553 148.288 148.849 148.478 148.369 147.272 146.805 146.500 146.190 149.066 149.525 149.761 149.852 149.666 150.967 153.249 154.892
