GEOtop_1.45/templates/Duron/output_maps/pressureTOTL0001N0003.asc
ncols         148
nrows         94
xllcorner     702860.000000
yllcorner     5151965.000000
cellsize      10.000000
NODATA_value  -9999.0
[rows 26 to 51 of 94, columns 59 to 117 of 148]
-954.501899 -955.814227 -957.273594 -955.210184 -950.035002 -955.777029 -953.441243 -935.390435 -949.196464 -946.470327 -937.283545 -939.117403 -938.830600 -932.250998 -931.413540 -928.479710 -929.098324 -930.450219 -930.303673 -943.197440 -942.169185 -930.936345 -926.933714 -923.829818 -922.777782 -922.870999 -926.162293 -930.479783 -932.720025 -930.603616 -929.629016 -942.127629 -947.257378 -963.837192 -961.228185 -960.781669 -957.026176 -958.321942 -956.795678 -953.388048 -952.144141 -950.359015 -952.619007 -952.773041 -952.017682 -939.324139 -936.499079 -936.372753 -950.126835 -953.245149 -973.453710 -982.836420 -983.145542 -985.976354 -992.335472 -989.142046 -982.139757 -982.446867 -984.858398
-947.899911 -947.895102 -947.499161 -952.228148 -936.696350 -948.782235 -939.775193 -936.155050 -943.149249 -945.870231 -942.160099 -941.889183 -944.650123 -942.643999 -933.303676 -932.805168 -930.210136 -932.185646 -933.511657 -940.535952 -943.866976 -944.500378 -930.616957 -925.275123 -922.465125 -922.467593 -922.829501 -925.165130 -929.119556 -931.078789 -928.747126 -930.000839 -940.870346 -949.283520 -965.911898 -964.453762 -961.153389 -950.578432 -952.012490 -950.626934 -950.505209 -950.475263 -952.877050 -966.799224 -960.322663 -961.061759 -943.996068 -935.225463 -942.881387 -943.073184 -942.833136 -961.965238 -980.419661 -993.144060 -994.338180 -986.381023 -978.255403 -978.844378 -979.074889
-941.383050 -936.390890 -938.977339 -932.859766 -936.951331 -939.329942 -940.483194 -938.194456 -938.871711 -941.514240 -943.302629 -943.350969 -949.286006 -949.518838 -931.116163 -935.597066 -936.443912 -938.735130 -941.619553 -942.078859 -938.589008 -940.303281 -939.164012 -932.541454 -925.324156 -922.798304 -923.229857 -924.463537 -925.602271 -928.012458 -928.467032 -927.874790 -933.520992 -934.427775 -953.745829 -964.225773 -966.067255 -957.515728 -948.374504 -946.747403 -946.340689 -945.880585 -949.107172 -962.028050 -962.477791 -945.723286 -944.866554 -945.302117 -946.255386 -946.490818 -944.539191 -942.637151 -947.917921 -985.896865 -989.545780 -980.624884 -973.243173 -975.259125 -977.043559
-943.825171 -939.042880 -935.423666 -935.077538 -930.542631 -928.752469 -938.784282 -940.283362 -931.465737 -928.637237 -930.024266 -933.631457 -938.681945 -940.717497 -952.647563 -943.416530 -943.831698 -955.269122 -965.215176 -964.120474 -942.541351 -936.910001 -933.917029 -935.510861 -930.497058 -923.750154 -925.845300 -926.144517 -925.345973 -926.439134 -943.035346 -937.754823 -937.016023 -937.251909 -936.915167 -947.759627 -969.863322 -966.928373 -956.962941 -944.944341 -947.415428 -945.500640 -947.696050 -975.650783 -969.432309 -948.981650 -943.566322 -945.376318 -952.100048 -954.083421 -950.076400 -941.775457 -940.848968 -984.435738 -985.372347 -973.557212 -974.118269 -973.966246 -970.438043
-954.587780 -952.321100 -944.314370 -931.911506 -928.568624 -927.152527 -938.029312 -938.238744 -931.984088 -929.423614 -928.427025 -927.715393 -926.577663 -928.802583 -931.231072 -933.714301 -936.331684 -936.506858 -958.980364 -971.178859 -974.554375 -977.795512 -954.721093 -950.267720 -939.443936 -938.351877 -941.118937 -932.860679 -933.960408 -938.167490 -939.975163 -938.134473 -941.646631 -946.812438 -941.390873 -939.382609 -940.763107 -976.218129 -974.812057 -952.923550 -948.374113 -942.747522 -952.551639 -998.085420 -996.634830 -983.902122 -953.128721 -940.627884 -946.309881 -956.946577 -957.757688 -946.573683 -944.898684 -983.754988 -978.005228 -976.068070 -977.121169 -976.012410 -969.822819
-963.271479 -964.798338 -946.583940 -939.333605 -933.017590 -931.875835 -941.258626 -941.919742 -930.035110 -928.740013 -927.805681 -926.886692 -924.096575 -924.389896 -927.560739 -926.361205 -924.763904 -924.295447 -925.128133 -955.546952 -978.212669 -978.594579 -958.508607 -958.480213 -954.700010 -948.701430 -946.889920 -941.473981 -939.371413 -940.495848 -941.203425 -941.418745 -937.769246 -941.195994 -941.388741 -938.347010 -929.995955 -922.212165 -974.162528 -971.932165 -957.298999 -960.961361 -967.221211 -948.107766 -992.840749 -999.830889 -989.121396 -953.370300 -948.466736 -949.563932 -957.357474 -947.675410 -941.245601 -999.975244 -982.670689 -977.459370 -978.119466 -979.018732 -971.157932
-972.720344 -975.133456 -958.885720 -946.823360 -933.545843 -930.799650 -926.995021 -939.119476 -926.782389 -925.678052 -925.029661 -922.952407 -922.254832 -923.715581 -932.952869 -931.275971 -926.402122 -923.327059 -923.044829 -926.010539 -944.761805 -965.035074 -954.401982 -954.500228 -956.967300 -953.830693 -948.536325 -948.706621 -940.405955 -940.871526 -944.078847 -944.937723 -942.095891 -941.760192 -940.623376 -935.387403 -934.763188 -923.600745 -922.161976 -968.622188 -943.947384 -965.934734 -973.951798 -957.031947 -961.643395 -985.740664 -990.803760 -985.536007 -966.968988 -956.207907 -950.865857 -947.791247 -936.479920 -986.296867 -989.942930 -985.579220 -976.476510 -977.720963 -974.786149
-972.962567 -981.915440 -970.218975 -945.228905 -928.047687 -928.036172 -928.519949 -942.146370 -928.615339 -924.313538 -922.402004 -922.690127 -923.430723 -923.494215 -930.048668 -940.659173 -928.785871 -924.665896 -925.032435 -925.429584 -928.338338 -928.824939 -924.021568 -925.594071 -944.063867 -941.076513 -940.324323 -948.294415 -942.747804 -936.282812 -934.070406 -938.261406 -942.161389 -947.637656 -945.158173 -937.205291 -935.072507 -932.287981 -924.181138 -925.264829 -928.146546 -934.330845 -930.577761 -930.121550 -923.692777 -922.560120 -968.048947 -977.001207 -972.259068 -967.493489 -952.830443 -942.429851 -944.757811 -994.352699 -998.621038 -993.683200 -992.427124 -987.366819 -981.148545
-969.531980 -976.096902 -975.776919 -959.665380 -953.499323 -927.603258 -925.742806 -928.768517 -930.577834 -923.881853 -923.047744 -923.295159 -922.738199 -922.582883 -924.342073 -930.421757 -928.226347 -925.871661 -924.816922 -928.180437 -930.658649 -930.494686 -925.241694 -924.492630 -925.192884 -924.003160 -925.705853 -935.147099 -936.422808 -936.943061 -936.641737 -937.145829 -939.343988 -940.585728 -945.898038 -938.912835 -932.945632 -929.935062 -929.914489 -928.337593 -928.290278 -929.207543 -928.670118 -927.735138 -926.550758 -922.917499 -923.020492 -922.999606 -969.182037 -964.612203 -964.743725 -946.501486 -937.672712 -940.967473 -981.317978 -999.078217 -998.317437 -988.626757 -990.709359
-972.061990 -968.188520 -975.282775 -966.268655 -961.064076 -929.687375 -927.971399 -927.881791 -927.325397 -923.448257 -922.712630 -922.425761 -922.119547 -922.051757 -922.973532 -926.256065 -926.757599 -926.374328 -925.195091 -927.271948 -928.309661 -930.216241 -927.982049 -925.278333 -924.457944 -924.067332 -924.415320 -927.553558 -936.346755 -938.219131 -935.433450 -936.467185 -938.073739 -937.610949 -938.666804 -940.568703 -935.198415 -929.630983 -930.142867 -930.876263 -932.013224 -930.469751 -928.372110 -927.879636 -925.895900 -925.202874 -924.671917 -923.936260 -924.201529 -925.490530 -974.119206 -968.649126 -946.100643 -941.097733 -947.964799 -968.747480 -987.178838 -993.850061 -968.467109
-976.056120 -965.995377 -970.852441 -966.505784 -952.660076 -927.831336 -927.653971 -931.082851 -930.262361 -924.473207 -922.506386 -922.300310 -922.631243 -922.872381 -925.094868 -926.399377 -934.999493 -939.003760 -936.368705 -933.995621 -935.683626 -935.591715 -930.029449 -927.112471 -925.577297 -925.140235 -924.211952 -925.096945 -928.664689 -937.507839 -938.026387 -935.899307 -936.274321 -935.817014 -935.149945 -936.145457 -935.493035 -932.173980 -931.788908 -933.173303 -935.299848 -936.635268 -931.802493 -929.787209 -929.756852 -925.812219 -924.642865 -924.674650 -925.571017 -924.871969 -928.081244 -952.971871 -951.411569 -946.329235 -945.473344 -947.158775 -959.474114 -967.762314 -965.828882
-986.346318 -967.253782 -965.354068 -961.107733 -950.118560 -935.539661 -929.176867 -927.394924 -930.947315 -926.144795 -923.181713 -922.766984 -924.669650 -926.238872 -929.033138 -931.330891 -937.196632 -943.266709 -929.812231 -931.140338 -931.359320 -933.082743 -932.712463 -929.837144 -926.467888 -926.012094 -925.177227 -924.537735 -927.122097 -929.674390 -938.819146 -936.960494 -932.295620 -931.260964 -930.678655 -931.506666 -932.481346 -933.563271 -935.490665 -936.395171 -936.592798 -938.231464 -936.123095 -932.177229 -936.081610 -932.905522 -927.640980 -925.018735 -924.662949 -927.827818 -930.435203 -926.242427 -930.919694 -945.183692 -944.138329 -945.582215 -949.579962 -953.622412 -953.072054
-997.000877 -979.400622 -964.781196 -960.488837 -947.716604 -944.519856 -934.444714 -927.957706 -927.230950 -926.668921 -923.370242 -924.052554 -926.072259 -927.014948 -928.478437 -926.470475 -926.887940 -928.779936 -931.927525 -929.977579 -927.303305 -929.578368 -938.130154 -932.010094 -929.416506 -926.556282 -926.177038 -924.899318 -926.444765 -930.559445 -942.690239 -940.788991 -938.096539 -931.579964 -927.582863 -926.386119 -926.644888 -927.448054 -930.096023 -935.571086 -942.211502 -940.414644 -940.199467 -939.613252 -945.121875 -953.489470 -952.699322 -938.461202 -925.224111 -927.620958 -934.250584 -938.013080 -930.873132 -934.499483 -933.064107 -931.654186 -926.745795 -930.985498 -931.442348
-994.806811 -987.631794 -972.078483 -968.681023 -953.470192 -937.642484 -934.923419 -934.102070 -931.292780 -926.581108 -923.673093 -925.055793 -926.396720 -927.435138 -927.886791 -926.867361 -925.918291 -929.573483 -934.119382 -931.994231 -927.087645 -928.163971 -935.806181 -927.401316 -930.339676 -926.347791 -925.111804 -925.218529 -926.414608 -929.903600 -945.946510 -949.075557 -947.177180 -935.152113 -930.370720 -925.936229 -925.343807 -925.988070 -925.582942 -926.286678 -924.891850 -928.192782 -928.959792 -926.885787 -940.089057 -943.303772 -954.033590 -953.805618 -942.643937 -940.981523 -933.162069 -939.296771 -943.533305 -941.760184 -940.336015 -930.510762 -932.286689 -930.483578 -924.066506
-981.093567 -985.297806 -978.052277 -970.155163 -970.960060 -955.679635 -940.672483 -935.030641 -931.412423 -927.181100 -925.765267 -927.230166 -928.277160 -928.436288 -927.841815 -926.566186 -926.106646 -929.184338 -932.632658 -932.674298 -928.700599 -927.512714 -927.334912 -931.781317 -927.874214 -926.690487 -924.672221 -923.947843 -926.022462 -928.145597 -943.296429 -949.953366 -951.362394 -945.050579 -932.926531 -927.674672 -925.011149 -925.300503 -925.866049 -926.383006 -927.221518 -928.071918 -926.793278 -923.916256 -923.301728 -923.004554 -923.749673 -957.691799 -957.054289 -942.173129 -939.382877 -937.051673 -941.076310 -946.625995 -957.431688 -957.752839 -955.157430 -943.590589 -930.561314
-965.000681 -973.366333 -971.490399 -961.159092 -964.898486 -958.128308 -950.239882 -951.921895 -937.094945 -926.761535 -932.088594 -932.823616 -928.982201 -929.053687 -927.562704 -925.591229 -926.598889 -929.115800 -930.592540 -929.221276 -928.017054 -926.293116 -928.098787 -934.150127 -930.760021 -929.704130 -928.466756 -924.043775 -928.575613 -936.107358 -940.330308 -948.093234 -952.517251 -948.075706 -934.053024 -928.713755 -924.841427 -924.060739 -924.353048 -925.636226 -929.720152 -932.266480 -929.476046 -924.773026 -922.328813 -922.365145 -922.100151 -923.476327 -927.912213 -929.357670 -937.101134 -941.046276 -940.775880 -941.755651 -954.850847 -957.214793 -955.647435 -956.992518 -948.929022
-952.270096 -952.456946 -950.102979 -948.894646 -951.541639 -954.828739 -958.810387 -954.466198 -932.877447 -932.982658 -932.862270 -933.948405 -931.638762 -930.481406 -927.684126 -925.202819 -926.674477 -929.113129 -928.869584 -927.237226 -926.987275 -926.224251 -929.291168 -932.950995 -932.755202 -937.751162 -937.480646 -934.697042 -937.030058 -940.981105 -949.087703 -950.808747 -953.897297 -953.216283 -952.485874 -933.906907 -925.317581 -923.888571 -924.315319 -925.291901 -928.703850 -933.691074 -934.954669 -930.621477 -925.098573 -922.499099 -922.476103 -922.907956 -922.684042 -924.741108 -928.248121 -938.443625 -941.046137 -943.768947 -948.087752 -960.228734 -958.974487 -957.929220 -950.873866
-949.781033 -943.073526 -943.419528 -929.586711 -935.729660 -948.247994 -953.873383 -952.591256 -929.545881 -931.804278 -932.403180 -933.378410 -932.572450 -931.303506 -928.122323 -926.718372 -926.307539 -928.768497 -927.990352 -927.404326 -927.478586 -929.167753 -929.535629 -930.147070 -930.157518 -935.159054 -935.625802 -936.595619 -933.951788 -937.930894 -947.308516 -952.651755 -961.139600 -953.596307 -954.376394 -941.269764 -930.656525 -925.031898 -925.541024 -927.446849 -930.702159 -935.200784 -944.640021 -935.936828 -932.910643 -926.001781 -924.071795 -922.964888 -923.336578 -923.536901 -925.363079 -929.062909 -936.306939 -943.859145 -947.213837 -951.112159 -958.301644 -960.080407 -960.278797
-943.767243 -931.184494 -931.335025 -926.070262 -926.171276 -936.026725 -959.213489 -953.741090 -937.208521 -932.857870 -931.534672 -931.054072 -931.436671 -932.396631 -927.480695 -926.864607 -928.040688 -929.847860 -930.947348 -927.315489 -928.129101 -930.843975 -926.571769 -928.404979 -929.461644 -932.325338 -935.242725 -930.674683 -936.904194 -938.200233 -941.479277 -949.391797 -961.179097 -960.270306 -957.559159 -951.187619 -939.845357 -939.083172 -940.490756 -933.052801 -934.796112 -936.083294 -942.089395 -945.319810 -940.600596 -931.704062 -927.483046 -925.850546 -924.065820 -924.134325 -924.973377 -926.318428 -930.724224 -936.756589 -943.347394 -948.181491 -957.261945 -958.072285 -960.105349
-929.680346 -928.737721 -927.697588 -925.038359 -924.462586 -928.506522 -941.402768 -952.739142 -945.369445 -935.769996 -931.533960 -928.420137 -927.561785 -927.594328 -926.537978 -925.969568 -929.825276 -930.950396 -931.893163 -927.494042 -925.219980 -931.768270 -926.568871 -923.937137 -928.461047 -925.618908 -930.481276 -934.683955 -936.293685 -937.548490 -940.396152 -940.438861 -951.186203 -960.367579 -964.325391 -970.486019 -951.309876 -944.052118 -938.544299 -936.960471 -931.065073 -935.680474 -939.011951 -942.883496 -940.096402 -933.845546 -929.746884 -926.569821 -926.661294 -925.365080 -923.816011 -924.202075 -927.061215 -927.713406 -937.957878 -945.865267 -955.149403 -958.323327 -959.571270
-930.131062 -925.652539 -923.959287 -923.416239 -923.355739 -927.736625 -942.165987 -951.849709 -952.029371 -941.046695 -927.061783 -925.500944 -924.097094 -924.473380 -925.355397 -924.115974 -929.907009 -931.506976 -930.464095 -928.141885 -926.517261 -929.660884 -927.477615 -923.979896 -924.929653 -926.854559 -929.267900 -929.784561 -951.819606 -947.982249 -942.090814 -940.380054 -945.829761 -954.102192 -962.142754 -960.250848 -954.182868 -948.416650 -944.126486 -942.177342 -931.450879 -934.314283 -937.885692 -942.531594 -939.530968 -933.496245 -932.338281 -933.531799 -934.939052 -927.131271 -923.054025 -924.735882 -925.846257 -927.771255 -929.646992 -942.929070 -949.371392 -954.711306 -963.043748
-927.045088 -925.135164 -924.221344 -922.533626 -923.352324 -922.853750 -927.788536 -929.480782 -927.857917 -927.754598 -924.270884 -922.494794 -922.406588 -922.558095 -923.319716 -923.631676 -925.500886 -929.637232 -928.133815 -927.264192 -925.800312 -930.532106 -931.410168 -925.196002 -924.083377 -924.997452 -928.184839 -929.609054 -949.250839 -952.247107 -953.030402 -944.511850 -942.065410 -947.129489 -948.924498 -951.835550 -949.490083 -945.422075 -945.056713 -944.313154 -940.604069 -936.539632 -938.459378 -939.532693 -943.736499 -935.403878 -931.678410 -934.925358 -935.921322 -934.822321 -931.711941 -927.389357 -927.112513 -928.324117 -929.821575 -938.628647 -941.764518 -947.823992 -952.468266
-926.213761 -924.658204 -924.068824 -922.466847 -922.533654 -922.126597 -923.291479 -926.021246 -925.307902 -925.811814 -924.739170 -922.544532 -922.265574 -922.425770 -922.235784 -923.194240 -923.569557 -930.150128 -929.047492 -926.537979 -925.309698 -926.360952 -931.676430 -929.142848 -923.683882 -923.735431 -924.416039 -927.189423 -930.891934 -942.110031 -947.991614 -947.116224 -939.540037 -938.305431 -936.936485 -942.562886 -940.897065 -941.757240 -942.851349 -942.778035 -944.744402 -935.402924 -941.146142 -941.945518 -943.719109 -938.635036 -931.057070 -935.251298 -935.685988 -937.548485 -933.551126 -929.329310 -928.195650 -927.275631 -929.280630 -936.574216 -941.020188 -943.341448 -945.574654
-926.265510 -924.111175 -923.072693 -922.484817 -922.232314 -922.046176 -922.551715 -924.676169 -925.195346 -925.088418 -924.833325 -924.216656 -922.427424 -922.950659 -922.410802 -922.634289 -923.077923 -926.249341 -932.454358 -927.951560 -926.179840 -925.720147 -928.798628 -931.551788 -927.777661 -923.636838 -923.709971 -925.193009 -928.763609 -936.602967 -941.381491 -942.096708 -941.630293 -938.131532 -934.743103 -933.801458 -933.467990 -936.992752 -937.628571 -939.323540 -941.407000 -936.825062 -936.902785 -941.730499 -942.703821 -941.107666 -933.147012 -932.829976 -934.851997 -938.978593 -936.750918 -929.413563 -928.192538 -926.618512 -928.399793 -927.740930 -942.065440 -942.682847 -942.598400
-925.457902 -923.978084 -922.710556 -922.133593 -922.208537 -922.150086 -922.433440 -923.687989 -924.246556 -924.742592 -924.038243 -924.106312 -923.116407 -923.055623 -922.375493 -922.361483 -922.175647 -923.310466 -929.090654 -929.739731 -927.004776 -924.975963 -925.562010 -929.725498 -931.069844 -925.887503 -924.051017 -925.926796 -927.698863 -935.361168 -941.128388 -940.140248 -940.678247 -939.369090 -935.579495 -932.433962 -931.652110 -933.989854 -937.480514 -937.146848 -936.303459 -931.975647 -928.034592 -939.832633 -942.417273 -942.078924 -937.807859 -934.455806 -935.970372 -937.835598 -942.836502 -936.935241 -932.881668 -930.696841 -929.928792 -928.926574 -934.538959 -941.670554 -946.035451
-923.840917 -923.471733 -922.562836 -922.091963 -922.175248 -922.065338 -922.224971 -923.212934 -923.183311 -924.130087 -923.467371 -922.965270 -923.021069 -922.526897 -922.296417 -922.692041 -922.155686 -922.157577 -923.766530 -927.123988 -928.654993 -926.272545 -926.277577 -928.014273 -930.056444 -935.858287 -930.175921 -929.456137 -931.279358 -932.785661 -938.505308 -940.388814 -941.584327 -940.892582 -936.117445 -931.381059 -929.798946 -931.661290 -934.084742 -933.794758 -931.739216 -930.092410 -927.426969 -927.990567 -936.385266 -941.034843 -943.301617 -941.843322 -945.343268 -940.403403 -941.963165 -943.223882 -935.303383 -932.954961 -931.618345 -930.932291 -932.873233 -939.951105 -942.519973
