GEOtop_1.45/templates/Duron/output_maps/pressureLIQL0002N0002.asc
ncols         148
nrows         94
xllcorner     702860.000000
yllcorner     5151965.000000
cellsize      10.000000
NODATA_value  -9999.0
[rows 26 to 51 of 94, columns 0 to 58 of 148]
-9999.0 -9999.0 -9999.0 -9999.0 -9999.0 -9999.0 -9999.0 -9999.0 -9999.0 -9999.0 -9999.0 -500.913608 -505.483640 -501.407841 -499.767210 -510.299268 -508.484185 -504.864394 -500.406469 -495.496560 -492.930938 -491.599978 -486.428529 -484.861930 -485.445382 -485.112539 -484.013986 -483.195434 -480.521310 -482.611256 -482.779599 -478.690676 -479.579239 -479.877599 -476.794017 -476.707687 -475.524509 -478.205664 -477.403165 -475.139137 -475.417343 -475.901564 -475.309585 -475.987238 -475.396485 -477.760960 -479.412711 -476.316870 -475.965107 -474.291597 -477.159833 -481.244291 -473.005290 -473.579196 -472.663925 -472.398712 -475.020133 -479.785946 -482.356123
-9999.0 -9999.0 -9999.0 -9999.0 -9999.0 -9999.0 -9999.0 -9999.0 -9999.0 -9999.0 -9999.0 -497.918229 -499.885092 -496.399959 -491.518019 -493.461658 -496.467496 -498.014810 -492.617396 -488.841063 -489.192921 -487.296070 -485.663789 -486.125462 -484.154925 -481.709677 -482.485669 -481.237623 -481.846913 -483.097340 -480.698512 -480.501843 -480.127310 -477.450985 -476.669082 -477.113398 -477.604900 -476.772591 -475.450853 -475.782200 -475.503175 -475.191980 -473.845993 -474.698719 -475.086710 -476.311748 -481.507145 -480.808143 -474.706579 -470.872368 -471.469907 -476.167094 -474.241997 -474.349892 -473.118973 -472.762189 -474.492457 -476.267566 -475.035820
-9999.0 -9999.0 -9999.0 -9999.0 -9999.0 -9999.0 -9999.0 -9999.0 -9999.0 -9999.0 -9999.0 -9999.0 -492.807705 -490.379318 -489.039889 -488.094510 -488.816493 -487.772089 -483.549595 -485.620861 -485.523817 -484.105572 -483.002807 -482.840758 -481.540096 -481.840428 -481.609597 -480.778845 -485.175288 -483.029436 -478.479845 -480.603342 -478.162663 -475.719283 -476.517873 -476.051036 -475.626856 -477.901955 -476.342900 -474.992093 -476.775336 -476.060313 -474.891753 -474.959689 -474.479329 -474.268419 -476.364638 -479.790311 -474.654547 -471.887171 -472.510848 -475.910960 -473.971449 -473.590397 -472.263447 -473.615973 -474.871623 -473.198652 -471.438562
-9999.0 -9999.0 -9999.0 -9999.0 -9999.0 -9999.0 -9999.0 -9999.0 -9999.0 -9999.0 -9999.0 -9999.0 -9999.0 -482.889521 -483.825686 -484.196102 -484.395189 -483.309643 -483.553913 -484.935214 -483.621389 -482.412400 -483.230905 -482.838488 -480.936260 -480.589441 -479.345398 -480.355467 -483.777473 -478.904056 -476.855601 -477.761021 -475.697615 -475.459252 -476.203065 -476.403174 -476.960075 -475.922842 -478.459331 -475.683579 -476.467508 -478.647501 -477.040688 -474.945631 -473.437072 -473.025394 -473.661251 -478.233675 -477.932243 -472.685422 -471.368707 -473.419794 -477.195200 -476.749893 -473.625021 -472.269297 -475.291705 -473.309328 -472.317171
-9999.0 -9999.0 -9999.0 -9999.0 -9999.0 -9999.0 -9999.0 -9999.0 -9999.0 -9999.0 -9999.0 -9999.0 -9999.0 -480.840644 -480.378873 -479.358057 -478.133115 -479.921887 -483.123185 -484.342697 -482.520845 -481.324215 -481.494247 -480.006492 -479.375284 -479.275467 -478.228352 -480.028093 -480.522591 -475.305638 -475.812738 -499.395622 -481.414937 -480.377842 -478.202579 -476.748597 -476.720232 -477.043117 -476.806452 -475.374345 -476.110752 -476.100992 -475.685359 -475.024249 -473.490581 -472.431860 -474.618540 -478.681947 -476.082214 -472.651424 -471.175436 -471.295520 -473.653553 -479.172255 -477.687527 -476.912045 -474.434777 -470.832692 -477.530421
-9999.0 -9999.0 -9999.0 -9999.0 -9999.0 -9999.0 -9999.0 -9999.0 -9999.0 -9999.0 -9999.0 -9999.0 -9999.0 -9999.0 -477.562811 -474.811580 -475.821726 -480.657276 -481.004246 -483.542869 -488.635621 -486.689558 -481.829020 -477.012222 -476.891899 -475.484616 -475.015670 -477.127630 -478.372725 -482.774580 -481.556584 -511.567573 -509.181958 -498.316071 -475.972494 -475.584109 -475.985099 -475.241609 -475.122377 -474.867806 -474.363580 -475.010064 -473.348534 -473.532444 -474.687450 -475.988684 -479.529839 -478.541806 -472.391770 -471.552528 -471.578542 -471.658363 -471.727884 -473.939713 -475.837890 -475.173419 -477.032235 -474.200699 -494.347271
-9999.0 -9999.0 -9999.0 -9999.0 -9999.0 -9999.0 -9999.0 -9999.0 -9999.0 -9999.0 -9999.0 -9999.0 -9999.0 -9999.0 -9999.0 -473.363171 -471.235626 -475.624735 -479.641530 -476.148716 -483.128014 -483.076943 -490.995935 -487.582063 -476.309850 -475.610403 -473.596427 -475.345015 -480.388737 -491.522791 -496.302027 -519.633429 -528.638529 -520.557168 -485.902795 -475.752491 -474.750234 -473.668330 -474.047187 -473.524393 -474.811778 -474.181587 -473.331835 -472.614337 -472.746141 -475.082674 -476.521766 -477.532543 -474.802665 -472.251707 -471.319418 -472.788495 -472.918419 -474.580903 -475.140206 -480.433782 -482.375551 -488.586637 -530.127919
-9999.0 -9999.0 -9999.0 -9999.0 -9999.0 -9999.0 -9999.0 -9999.0 -9999.0 -9999.0 -9999.0 -9999.0 -9999.0 -9999.0 -9999.0 -9999.0 -9999.0 -473.971217 -478.491911 -485.860737 -476.317343 -476.923353 -486.770100 -489.167714 -481.563999 -478.616151 -479.776406 -478.459310 -493.952481 -503.729212 -495.859425 -490.442989 -535.183366 -556.996150 -515.543924 -479.510563 -473.643037 -472.450361 -474.140570 -473.839016 -474.408730 -475.033829 -474.248625 -473.489164 -472.496975 -471.858666 -482.412145 -477.417700 -473.121558 -473.027004 -472.179452 -472.508491 -475.164619 -478.406053 -481.701113 -489.750791 -495.842197 -511.952457 -550.140129
-9999.0 -9999.0 -9999.0 -9999.0 -9999.0 -9999.0 -9999.0 -9999.0 -9999.0 -9999.0 -9999.0 -9999.0 -9999.0 -9999.0 -9999.0 -9999.0 -9999.0 -9999.0 -471.321820 -481.998939 -477.007320 -480.251432 -483.273419 -488.782065 -492.867066 -483.982934 -493.074889 -502.430784 -502.347954 -496.355472 -488.564525 -488.017762 -520.326238 -562.086283 -548.779948 -497.070581 -476.401231 -474.173074 -473.461532 -474.079541 -473.809908 -473.723794 -473.180783 -473.460431 -474.627968 -477.004453 -478.727334 -473.703096 -471.657306 -472.044938 -471.896195 -471.921236 -472.385920 -472.865076 -486.601636 -503.428206 -497.727086 -522.918483 -550.552715
-9999.0 -9999.0 -9999.0 -9999.0 -9999.0 -9999.0 -9999.0 -9999.0 -9999.0 -9999.0 -9999.0 -9999.0 -9999.0 -9999.0 -9999.0 -9999.0 -9999.0 -9999.0 -9999.0 -9999.0 -471.160074 -475.017518 -480.128297 -484.936272 -488.070124 -495.331164 -492.567978 -501.542347 -498.808006 -492.583862 -487.540981 -486.561046 -522.633792 -570.842068 -556.051790 -509.363740 -481.906707 -473.565752 -473.956635 -473.991855 -473.911825 -474.881229 -473.629900 -473.656677 -472.012850 -477.897964 -480.244376 -473.053981 -471.821533 -471.281469 -471.353490 -471.761973 -472.145040 -486.939600 -492.170579 -487.317299 -494.492348 -520.998662 -560.317469
-9999.0 -9999.0 -9999.0 -9999.0 -9999.0 -9999.0 -9999.0 -9999.0 -9999.0 -9999.0 -9999.0 -9999.0 -9999.0 -9999.0 -9999.0 -9999.0 -9999.0 -9999.0 -9999.0 -9999.0 -9999.0 -9999.0 -476.143336 -475.790663 -479.543656 -486.307676 -485.274583 -490.209921 -495.671944 -491.887369 -486.642040 -495.117353 -546.713005 -564.324852 -552.634700 -519.975024 -482.143154 -472.957153 -473.846704 -474.374110 -473.619537 -473.290261 -473.683683 -473.750002 -472.340132 -475.877802 -478.925544 -474.777528 -470.735508 -470.748564 -472.062224 -472.185209 -470.710217 -487.781349 -487.523916 -487.932992 -499.911381 -523.586357 -556.727573
-9999.0 -9999.0 -9999.0 -9999.0 -9999.0 -9999.0 -9999.0 -9999.0 -9999.0 -9999.0 -9999.0 -9999.0 -9999.0 -9999.0 -9999.0 -9999.0 -9999.0 -9999.0 -9999.0 -9999.0 -9999.0 -9999.0 -9999.0 -470.749352 -477.007627 -482.844940 -490.058986 -499.575492 -500.637968 -493.310129 -476.541214 -511.878548 -562.361485 -564.092742 -552.914285 -521.533496 -480.648661 -472.583569 -474.127437 -474.126985 -471.972111 -473.442252 -473.448591 -473.139235 -476.953676 -475.764102 -472.686609 -471.711276 -471.214024 -470.985947 -470.935423 -472.221579 -479.133702 -482.473898 -487.796575 -495.217312 -504.516903 -525.614599 -556.189651
-9999.0 -9999.0 -9999.0 -9999.0 -9999.0 -9999.0 -9999.0 -9999.0 -9999.0 -9999.0 -9999.0 -9999.0 -9999.0 -9999.0 -9999.0 -9999.0 -9999.0 -9999.0 -9999.0 -9999.0 -9999.0 -9999.0 -9999.0 -9999.0 -9999.0 -487.716879 -502.103165 -497.900479 -494.016618 -490.904063 -496.272384 -521.992501 -559.197702 -562.414679 -554.367719 -523.755415 -480.924302 -473.074395 -474.269376 -472.597708 -473.581694 -474.393377 -473.135932 -476.021219 -476.169218 -471.466501 -471.020487 -471.342298 -470.727463 -471.210565 -472.041726 -477.547144 -480.889477 -484.727469 -495.822755 -507.767892 -511.497010 -523.314135 -546.191586
-9999.0 -9999.0 -9999.0 -9999.0 -9999.0 -9999.0 -9999.0 -9999.0 -9999.0 -9999.0 -9999.0 -9999.0 -9999.0 -9999.0 -9999.0 -9999.0 -9999.0 -9999.0 -9999.0 -9999.0 -9999.0 -9999.0 -9999.0 -9999.0 -9999.0 -9999.0 -9999.0 -483.272105 -481.789367 -501.968600 -538.399575 -540.853707 -540.239123 -552.094631 -550.118084 -537.024960 -501.902492 -472.646709 -472.959723 -473.696370 -474.008400 -472.889893 -472.178601 -474.120795 -474.454004 -471.508832 -470.849786 -471.074938 -470.952862 -470.997956 -476.175006 -497.809788 -492.669145 -496.813657 -512.738624 -510.373635 -521.009892 -521.623896 -529.093646
-9999.0 -9999.0 -9999.0 -9999.0 -9999.0 -9999.0 -9999.0 -9999.0 -9999.0 -9999.0 -9999.0 -9999.0 -9999.0 -9999.0 -9999.0 -9999.0 -9999.0 -9999.0 -9999.0 -9999.0 -9999.0 -9999.0 -9999.0 -9999.0 -9999.0 -9999.0 -9999.0 -9999.0 -503.868611 -519.736559 -511.030781 -498.746059 -532.225401 -560.087175 -556.260368 -546.825758 -525.980033 -489.722731 -473.783545 -472.269672 -472.526405 -472.414406 -471.635436 -471.890595 -473.247579 -472.084124 -470.996598 -470.599188 -470.885252 -483.915827 -503.850923 -529.206221 -505.590613 -511.145693 -515.086178 -519.017390 -518.638260 -510.922687 -514.647976
-9999.0 -9999.0 -9999.0 -9999.0 -9999.0 -9999.0 -9999.0 -9999.0 -9999.0 -9999.0 -9999.0 -9999.0 -9999.0 -9999.0 -9999.0 -9999.0 -9999.0 -9999.0 -9999.0 -9999.0 -9999.0 -9999.0 -9999.0 -9999.0 -9999.0 -9999.0 -9999.0 -9999.0 -9999.0 -485.910381 -500.732561 -533.445998 -543.462945 -566.302251 -576.578640 -558.920128 -544.160843 -518.121907 -487.851188 -482.730070 -472.085929 -472.550322 -472.261079 -472.205623 -471.846933 -471.328684 -472.185289 -480.567580 -479.652266 -498.005405 -515.549796 -525.348930 -517.651315 -527.417791 -525.310844 -527.444962 -520.067803 -525.353991 -533.542678
-9999.0 -9999.0 -9999.0 -9999.0 -9999.0 -9999.0 -9999.0 -9999.0 -9999.0 -9999.0 -9999.0 -9999.0 -9999.0 -9999.0 -9999.0 -9999.0 -9999.0 -9999.0 -9999.0 -9999.0 -9999.0 -9999.0 -9999.0 -9999.0 -9999.0 -9999.0 -9999.0 -9999.0 -9999.0 -9999.0 -501.735692 -498.764883 -538.156585 -571.638232 -585.719222 -577.369780 -553.003373 -539.108992 -516.497464 -502.396779 -487.001908 -475.192901 -471.720351 -472.658916 -474.933005 -492.094358 -485.502057 -503.331615 -521.963799 -515.608722 -520.401206 -516.221610 -541.536862 -548.651724 -548.317127 -547.628795 -548.966585 -557.719051 -563.831002
-9999.0 -9999.0 -9999.0 -9999.0 -9999.0 -9999.0 -9999.0 -9999.0 -9999.0 -9999.0 -9999.0 -9999.0 -9999.0 -9999.0 -9999.0 -9999.0 -9999.0 -9999.0 -9999.0 -9999.0 -9999.0 -9999.0 -9999.0 -9999.0 -9999.0 -9999.0 -9999.0 -9999.0 -9999.0 -9999.0 -9999.0 -501.785801 -505.921001 -543.210425 -575.280989 -572.516349 -551.411418 -539.141874 -524.534428 -511.091326 -508.376813 -495.970324 -480.185971 -483.450888 -496.590360 -507.280534 -518.872839 -545.304184 -551.525597 -526.986145 -526.645997 -540.313997 -562.958043 -556.568682 -554.731899 -561.663574 -556.538613 -572.477126 -592.113028
-9999.0 -9999.0 -9999.0 -9999.0 -9999.0 -9999.0 -9999.0 -9999.0 -9999.0 -9999.0 -9999.0 -9999.0 -9999.0 -9999.0 -9999.0 -9999.0 -9999.0 -9999.0 -9999.0 -9999.0 -9999.0 -9999.0 -9999.0 -9999.0 -9999.0 -9999.0 -9999.0 -9999.0 -9999.0 -9999.0 -9999.0 -9999.0 -513.842308 -530.723724 -552.230367 -549.124061 -540.533549 -530.165689 -518.853131 -509.106443 -504.737955 -499.412471 -497.983663 -507.755003 -524.306213 -521.065712 -534.379117 -554.858994 -538.816310 -527.090972 -532.069949 -554.787021 -559.576729 -542.474582 -550.850253 -550.215732 -549.682383 -601.755370 -617.693608
-9999.0 -9999.0 -9999.0 -9999.0 -9999.0 -9999.0 -9999.0 -9999.0 -9999.0 -9999.0 -9999.0 -9999.0 -9999.0 -9999.0 -9999.0 -9999.0 -9999.0 -9999.0 -9999.0 -9999.0 -9999.0 -9999.0 -9999.0 -9999.0 -9999.0 -9999.0 -9999.0 -9999.0 -9999.0 -9999.0 -9999.0 -9999.0 -518.910430 -531.031947 -546.867743 -547.919325 -540.336940 -531.391025 -516.799074 -511.183796 -506.325661 -497.779955 -506.565385 -523.042004 -535.047557 -532.940971 -561.044398 -560.850582 -538.186663 -546.392439 -538.329452 -563.194618 -551.902953 -543.487432 -560.779818 -561.227508 -605.949386 -642.620760 -589.648232
-9999.0 -9999.0 -9999.0 -9999.0 -9999.0 -9999.0 -9999.0 -9999.0 -9999.0 -9999.0 -9999.0 -9999.0 -9999.0 -9999.0 -9999.0 -9999.0 -9999.0 -9999.0 -9999.0 -9999.0 -9999.0 -9999.0 -9999.0 -9999.0 -9999.0 -9999.0 -9999.0 -9999.0 -9999.0 -9999.0 -9999.0 -9999.0 -9999.0 -529.233541 -535.872640 -541.955956 -534.514549 -527.971336 -519.765818 -512.463098 -505.587057 -494.037036 -517.891598 -519.823444 -516.244472 -521.761391 -550.632021 -545.250216 -534.690527 -551.576888 -549.003700 -553.962719 -546.037030 -552.355588 -566.096086 -597.430250 -651.612988 -611.726950 -549.207717
-9999.0 -9999.0 -9999.0 -9999.0 -9999.0 -9999.0 -9999.0 -9999.0 -9999.0 -9999.0 -9999.0 -9999.0 -9999.0 -9999.0 -9999.0 -9999.0 -9999.0 -9999.0 -9999.0 -9999.0 -9999.0 -9999.0 -9999.0 -9999.0 -9999.0 -9999.0 -9999.0 -9999.0 -9999.0 -9999.0 -9999.0 -9999.0 -9999.0 -9999.0 -536.949884 -532.584846 -524.297036 -512.482755 -509.627413 -509.462986 -500.304792 -495.750807 -497.811173 -495.753435 -486.723529 -495.830014 -525.216142 -512.958347 -512.199050 -515.568825 -524.097628 -535.210335 -548.102113 -555.671123 -579.946924 -636.988591 -619.276429 -543.773731 -514.966647
-9999.0 -9999.0 -9999.0 -9999.0 -9999.0 -9999.0 -9999.0 -9999.0 -9999.0 -9999.0 -9999.0 -9999.0 -9999.0 -9999.0 -9999.0 -9999.0 -9999.0 -9999.0 -9999.0 -9999.0 -9999.0 -9999.0 -9999.0 -9999.0 -9999.0 -9999.0 -9999.0 -9999.0 -9999.0 -9999.0 -9999.0 -9999.0 -9999.0 -9999.0 -9999.0 -525.922673 -521.068581 -510.753025 -501.913449 -493.951835 -489.304539 -493.275795 -491.509692 -484.567590 -481.455091 -498.942444 -520.970224 -506.360035 -509.745775 -489.264389 -508.745995 -529.818611 -556.038571 -570.911145 -611.147746 -623.094034 -541.512083 -521.568891 -514.456109
-9999.0 -9999.0 -9999.0 -9999.0 -9999.0 -9999.0 -9999.0 -9999.0 -9999.0 -9999.0 -9999.0 -9999.0 -9999.0 -9999.0 -9999.0 -9999.0 -9999.0 -9999.0 -9999.0 -9999.0 -9999.0 -9999.0 -9999.0 -9999.0 -9999.0 -9999.0 -9999.0 -9999.0 -9999.0 -9999.0 -9999.0 -9999.0 -9999.0 -9999.0 -9999.0 -9999.0 -9999.0 -9999.0 -489.781617 -483.167537 -476.588423 -481.488339 -479.690953 -478.046536 -478.475190 -503.179680 -528.259425 -520.732202 -506.565727 -483.020046 -506.370248 -527.779527 -559.309320 -578.379529 -620.700906 -573.663583 -516.964473 -525.816038 -516.580760
-9999.0 -9999.0 -9999.0 -9999.0 -9999.0 -9999.0 -9999.0 -9999.0 -9999.0 -9999.0 -9999.0 -9999.0 -9999.0 -9999.0 -9999.0 -9999.0 -9999.0 -9999.0 -9999.0 -9999.0 -9999.0 -9999.0 -9999.0 -9999.0 -9999.0 -9999.0 -9999.0 -9999.0 -9999.0 -9999.0 -9999.0 -9999.0 -9999.0 -9999.0 -9999.0 -9999.0 -9999.0 -9999.0 -9999.0 -471.633648 -475.405009 -475.716285 -474.801634 -474.195876 -480.560221 -500.622590 -537.108747 -521.971615 -486.015961 -477.100540 -513.187020 -533.421536 -560.266229 -607.299326 -625.030055 -539.457743 -521.213282 -523.283482 -524.049791
-9999.0 -9999.0 -9999.0 -9999.0 -9999.0 -9999.0 -9999.0 -9999.0 -9999.0 -9999.0 -9999.0 -9999.0 -9999.0 -9999.0 -9999.0 -9999.0 -9999.0 -9999.0 -9999.0 -9999.0 -9999.0 -9999.0 -9999.0 -9999.0 -9999.0 -9999.0 -9999.0 -9999.0 -9999.0 -9999.0 -9999.0 -9999.0 -9999.0 -9999.0 -9999.0 -9999.0 -9999.0 -9999.0 -9999.0 -9999.0 -9999.0 -9999.0 -9999.0 -9999.0 -9999.0 -503.449015 -505.409056 -520.158717 -9999.0 -9999.0 -523.770024 -546.297548 -574.151908 -622.050271 -591.853623 -531.088034 -519.775549 -517.290016 -535.353581
