GEOtop_1.45/templates/Duron/output_maps/pressureTOTL0001N0001.asc
ncols         148
nrows         94
xllcorner     702860.000000
yllcorner     5151965.000000
cellsize      10.000000
NODATA_value  -9999.0
[rows 0 to 25 of 94, columns 59 to 117 of 148]
-9999.0 -9999.0 -9999.0 -9999.0 -9999.0 -9999.0 -9999.0 -9999.0 -9999.0 -9999.0 -9999.0 -9999.0 -9999.0 -9999.0 -9999.0 -9999.0 -9999.0 -9999.0 -9999.0 -9999.0 -9999.0 -9999.0 -9999.0 -9999.0 -9999.0 -9999.0 -9999.0 -9999.0 -9999.0 -9999.0 -9999.0 -9999.0 -9999.0 -9999.0 -9999.0 -9999.0 -9999.0 -9999.0 -9999.0 -9999.0 -9999.0 -9999.0 -9999.0 -9999.0 -9999.0 -9999.0 -9999.0 -9999.0 -9999.0 -9999.0 -9999.0 -9999.0 -9999.0 -9999.0 -9999.0 -9999.0 -9999.0 -9999.0 -9999.0
-9999.0 -9999.0 -9999.0 -9999.0 -9999.0 -9999.0 -9999.0 -9999.0 -9999.0 -9999.0 -9999.0 -9999.0 -9999.0 -9999.0 -9999.0 -9999.0 -9999.0 -9999.0 -9999.0 -9999.0 -9999.0 -9999.0 -9999.0 -9999.0 -9999.0 -9999.0 -9999.0 -9999.0 -9999.0 -9999.0 -9999.0 -9999.0 -9999.0 -9999.0 -9999.0 -9999.0 -9999.0 -9999.0 -9999.0 -9999.0 -9999.0 -9999.0 -9999.0 -9999.0 -9999.0 -9999.0 -9999.0 -9999.0 -9999.0 -9999.0 -9999.0 -9999.0 -9999.0 -9999.0 -9999.0 -9999.0 -9999.0 -9999.0 -9999.0
-9999.0 -9999.0 -9999.0 -9999.0 -9999.0 -9999.0 -9999.0 -9999.0 -9999.0 -9999.0 -9999.0 -9999.0 -9999.0 -9999.0 -9999.0 -9999.0 -9999.0 -9999.0 -9999.0 -9999.0 -9999.0 -9999.0 -9999.0 -9999.0 -9999.0 -9999.0 -9999.0 -9999.0 -9999.0 -9999.0 -9999.0 -9999.0 -9999.0 -9999.0 -9999.0 -9999.0 -9999.0 -9999.0 -9999.0 -9999.0 -9999.0 -9999.0 -9999.0 -9999.0 -9999.0 -9999.0 -9999.0 -9999.0 -9999.0 -9999.0 -9999.0 -9999.0 -9999.0 -9999.0 -9999.0 -9999.0 -9999.0 -9999.0 -9999.0
-9999.0 -9999.0 -9999.0 -9999.0 -9999.0 -9999.0 -9999.0 -9999.0 -9999.0 -9999.0 -9999.0 -9999.0 -9999.0 -9999.0 -9999.0 -9999.0 -9999.0 -9999.0 -9999.0 -9999.0 -9999.0 -9999.0 -9999.0 -9999.0 -9999.0 -9999.0 -9999.0 -9999.0 -9999.0 -9999.0 -9999.0 -9999.0 -9999.0 -9999.0 -9999.0 -9999.0 -9999.0 -9999.0 -9999.0 -9999.0 -9999.0 -9999.0 -9999.0 -9999.0 -9999.0 -9999.0 -9999.0 -9999.0 -9999.0 -9999.0 -9999.0 -9999.0 -9999.0 -9999.0 -9999.0 -9999.0 -9999.0 -9999.0 -9999.0
-9999.0 -9999.0 -9999.0 -9999.0 -9999.0 -9999.0 -9999.0 -9999.0 -9999.0 -9999.0 -9999.0 -9999.0 -9999.0 -9999.0 -9999.0 -9999.0 -9999.0 -9999.0 -9999.0 -9999.0 -9999.0 -9999.0 -9999.0 -9999.0 -9999.0 -9999.0 -9999.0 -9999.0 -9999.0 -9999.0 -9999.0 -9999.0 -9999.0 -9999.0 -9999.0 -9999.0 -9999.0 -9999.0 -9999.0 -9999.0 -9999.0 -9999.0 -9999.0 -878.999847 -878.618595 -9999.0 -9999.0 -9999.0 -9999.0 -9999.0 -9999.0 -9999.0 -9999.0 -9999.0 -9999.0 -9999.0 -9999.0 -9999.0 -9999.0
-9999.0 -9999.0 -9999.0 -9999.0 -9999.0 -9999.0 -9999.0 -9999.0 -9999.0 -9999.0 -9999.0 -9999.0 -9999.0 -9999.0 -9999.0 -9999.0 -9999.0 -9999.0 -9999.0 -9999.0 -9999.0 -9999.0 -9999.0 -9999.0 -9999.0 -9999.0 -9999.0 -9999.0 -9999.0 -9999.0 -9999.0 -9999.0 -9999.0 -9999.0 -9999.0 -9999.0 -9999.0 -9999.0 -9999.0 -9999.0 -9999.0 -9999.0 -876.535660 -881.753695 -881.738777 -877.609961 -9999.0 -9999.0 -9999.0 -9999.0 -9999.0 -9999.0 -9999.0 -9999.0 -9999.0 -9999.0 -9999.0 -9999.0 -9999.0
-9999.0 -9999.0 -9999.0 -9999.0 -9999.0 -9999.0 -9999.0 -9999.0 -9999.0 -9999.0 -9999.0 -9999.0 -9999.0 -9999.0 -9999.0 -9999.0 -9999.0 -9999.0 -9999.0 -9999.0 -9999.0 -9999.0 -9999.0 -9999.0 -9999.0 -9999.0 -9999.0 -9999.0 -9999.0 -9999.0 -9999.0 -9999.0 -9999.0 -9999.0 -9999.0 -9999.0 -9999.0 -9999.0 -885.666630 -889.406196 -889.643071 -884.983042 -881.610002 -884.775016 -886.644611 -883.059776 -881.024899 -9999.0 -9999.0 -9999.0 -9999.0 -9999.0 -9999.0 -9999.0 -9999.0 -9999.0 -9999.0 -9999.0 -9999.0
-9999.0 -9999.0 -9999.0 -9999.0 -9999.0 -9999.0 -9999.0 -9999.0 -9999.0 -9999.0 -9999.0 -9999.0 -9999.0 -9999.0 -9999.0 -9999.0 -9999.0 -9999.0 -9999.0 -9999.0 -9999.0 -9999.0 -9999.0 -9999.0 -9999.0 -9999.0 -9999.0 -9999.0 -9999.0 -9999.0 -9999.0 -882.301657 -880.095956 -879.857229 -887.545949 -892.556225 -890.263349 -898.743147 -887.689372 -887.394716 -889.507615 -885.926626 -889.523300 -886.052311 -886.339868 -891.280577 -888.626126 -885.040107 -881.851794 -9999.0 -9999.0 -9999.0 -9999.0 -9999.0 -9999.0 -9999.0 -9999.0 -9999.0 -9999.0
-9999.0 -9999.0 -9999.0 -9999.0 -9999.0 -9999.0 -9999.0 -9999.0 -9999.0 -9999.0 -9999.0 -9999.0 -9999.0 -9999.0 -9999.0 -9999.0 -9999.0 -9999.0 -9999.0 -9999.0 -9999.0 -9999.0 -9999.0 -9999.0 -9999.0 -9999.0 -9999.0 -877.268946 -877.522470 -878.287991 -884.932569 -888.452234 -884.911519 -886.820369 -891.606394 -890.081566 -890.062436 -893.313829 -886.492486 -882.611914 -886.290847 -885.820951 -885.373862 -879.037060 -883.686750 -888.837187 -892.123804 -890.665392 -888.183112 -895.338514 -882.646933 -878.242202 -9999.0 -9999.0 -9999.0 -9999.0 -9999.0 -9999.0 -9999.0
-9999.0 -9999.0 -9999.0 -9999.0 -9999.0 -9999.0 -9999.0 -9999.0 -9999.0 -9999.0 -9999.0 -9999.0 -9999.0 -9999.0 -9999.0 -9999.0 -9999.0 -9999.0 -9999.0 -9999.0 -9999.0 -9999.0 -9999.0 -9999.0 -877.796369 -878.705906 -878.498730 -878.093492 -881.159707 -884.007738 -887.664667 -886.487679 -887.031463 -892.059739 -890.718741 -886.676538 -884.830903 -881.936275 -883.171202 -883.130977 -882.306518 -882.930218 -882.037223 -880.567453 -886.556470 -890.393866 -891.472516 -893.441845 -894.018474 -899.721492 -897.664604 -887.424044 -885.603308 -882.844595 -884.755946 -886.161469 -883.130393 -879.846767 -878.221227
-9999.0 -9999.0 -9999.0 -9999.0 -9999.0 -9999.0 -9999.0 -9999.0 -9999.0 -9999.0 -9999.0 -9999.0 -9999.0 -9999.0 -9999.0 -9999.0 -9999.0 -9999.0 -9999.0 -9999.0 -9999.0 -9999.0 -9999.0 -9999.0 -879.415348 -881.948776 -883.440346 -889.698398 -890.658117 -889.866141 -887.839254 -887.015706 -887.416783 -886.716970 -887.531821 -884.241296 -878.815367 -877.988813 -878.648655 -879.553449 -879.686374 -880.322545 -880.780434 -884.727985 -887.189302 -886.439605 -890.189593 -891.739743 -891.878340 -893.616597 -902.148849 -904.801376 -899.989846 -894.483827 -890.700158 -886.392024 -884.565976 -881.901526 -879.647465
-9999.0 -9999.0 -9999.0 -9999.0 -9999.0 -9999.0 -9999.0 -9999.0 -9999.0 -9999.0 -9999.0 -9999.0 -9999.0 -9999.0 -9999.0 -9999.0 -9999.0 -9999.0 -9999.0 -9999.0 -9999.0 -9999.0 -9999.0 -877.795801 -880.043055 -883.085936 -888.905952 -893.491920 -889.867682 -890.407546 -886.569243 -885.350413 -884.361120 -881.797830 -884.841986 -882.440768 -878.979634 -877.797056 -876.619787 -877.146718 -878.220280 -878.813090 -880.309378 -883.966721 -883.420840 -882.389084 -883.870915 -884.717411 -884.516229 -885.724048 -888.797576 -898.248496 -904.592195 -905.760821 -908.880151 -903.515880 -892.725349 -887.295597 -883.802922
-9999.0 -9999.0 -9999.0 -9999.0 -9999.0 -9999.0 -9999.0 -9999.0 -9999.0 -9999.0 -9999.0 -9999.0 -9999.0 -9999.0 -9999.0 -9999.0 -9999.0 -9999.0 -9999.0 -9999.0 -9999.0 -9999.0 -9999.0 -878.125461 -879.443672 -881.909567 -884.664908 -885.034007 -886.274714 -884.953940 -883.369530 -883.484298 -882.072363 -881.797262 -881.198036 -878.667474 -878.892898 -877.747683 -877.266896 -877.660668 -877.460987 -879.072253 -880.243143 -881.789529 -881.131238 -881.655978 -882.143418 -882.093779 -881.272908 -881.614945 -883.363864 -885.051885 -890.476660 -898.121493 -902.308424 -909.153035 -904.165002 -898.051417 -893.005352
-9999.0 -9999.0 -9999.0 -9999.0 -9999.0 -9999.0 -9999.0 -9999.0 -9999.0 -9999.0 -9999.0 -9999.0 -9999.0 -9999.0 -9999.0 -9999.0 -9999.0 -9999.0 -880.455754 -880.317320 -9999.0 -878.337907 -878.687173 -878.720501 -879.184435 -882.182300 -884.621806 -884.682005 -882.848040 -881.426292 -882.625765 -880.853080 -879.374129 -880.054121 -879.733316 -879.311789 -878.976073 -878.363305 -878.585246 -877.520347 -877.251275 -879.143795 -880.583070 -880.449012 -879.889184 -880.683592 -881.333426 -882.067681 -882.269958 -881.235996 -881.702880 -882.299392 -881.305110 -885.815868 -892.386840 -900.146407 -902.822985 -902.001096 -899.007457
-9999.0 -9999.0 -9999.0 -9999.0 -9999.0 -9999.0 -9999.0 -9999.0 -9999.0 -9999.0 -9999.0 -9999.0 -9999.0 -9999.0 -9999.0 -9999.0 -883.677936 -897.716555 -895.221890 -890.635606 -899.906729 -885.600612 -890.183221 -892.611172 -889.373854 -887.084407 -886.478928 -884.445227 -882.294174 -880.797094 -879.933398 -879.318789 -880.573056 -880.442182 -881.506612 -879.865160 -880.391110 -878.837113 -878.249971 -877.296191 -877.622748 -877.909004 -880.440376 -880.789157 -881.167838 -880.636645 -881.039664 -881.827703 -881.768370 -882.798464 -882.918001 -882.094232 -881.683487 -882.693924 -885.540682 -891.309364 -898.544349 -901.480831 -899.599133
-9999.0 -9999.0 -9999.0 -9999.0 -9999.0 -9999.0 -9999.0 -9999.0 -9999.0 -9999.0 -9999.0 -9999.0 -9999.0 -899.619042 -901.027570 -894.376791 -881.863004 -887.255436 -899.982010 -904.195166 -901.037337 -903.177264 -907.493308 -908.390502 -904.186857 -892.985020 -884.293643 -880.550719 -880.743674 -880.511235 -878.081746 -878.603543 -881.600365 -878.261196 -880.885465 -879.987664 -879.068108 -879.581311 -879.158859 -878.210505 -877.962848 -878.800972 -880.011440 -879.343486 -884.450280 -885.824884 -882.511748 -883.371110 -882.969499 -882.699812 -883.947018 -884.032739 -882.369922 -881.853154 -883.148076 -883.375082 -887.550233 -891.898234 -894.401483
-9999.0 -9999.0 -9999.0 -9999.0 -9999.0 -9999.0 -9999.0 -9999.0 -9999.0 -9999.0 -9999.0 -895.737560 -898.835593 -903.951370 -903.572066 -892.069986 -886.488956 -885.386316 -886.185581 -893.357376 -893.894670 -897.780479 -897.276860 -895.866378 -896.847037 -894.524574 -886.238758 -879.957977 -881.489658 -879.482635 -877.557644 -876.801984 -877.708212 -879.805056 -878.981293 -878.727656 -878.989066 -878.958521 -879.820554 -878.676432 -878.551330 -878.372808 -879.265391 -880.166933 -880.507028 -886.825652 -886.001852 -884.043216 -882.816393 -881.660953 -882.412367 -884.096500 -885.101148 -882.041463 -880.733331 -881.515842 -881.946272 -883.857628 -884.531851
-890.401535 -891.987873 -886.420847 -888.275910 -9999.0 -9999.0 -9999.0 -895.811988 -897.922238 -902.219780 -904.357965 -900.426388 -906.101126 -908.886524 -900.595312 -891.949162 -886.244545 -886.749159 -884.355693 -886.931867 -890.540951 -890.513216 -889.510372 -887.938929 -888.221239 -890.648880 -889.301320 -885.572548 -881.127374 -877.258085 -877.191233 -877.630923 -877.927417 -879.098374 -880.021844 -879.602959 -879.856041 -879.915072 -881.267366 -880.645623 -879.238493 -878.725734 -880.338562 -880.132041 -879.240512 -884.662541 -887.900185 -885.964210 -883.801545 -881.078066 -881.179194 -881.250975 -884.079244 -885.314411 -881.786051 -880.380332 -882.021970 -882.284816 -882.874867
-897.291197 -902.060989 -899.199373 -900.584470 -910.413866 -903.130487 -905.674377 -904.913329 -903.940144 -907.045751 -908.117031 -909.459333 -907.825507 -901.943522 -895.033292 -888.949233 -882.522857 -883.116667 -884.196325 -883.674023 -886.667999 -887.869191 -888.412306 -890.177322 -892.268398 -892.441168 -891.774848 -889.682387 -884.265828 -880.279911 -879.287498 -879.289563 -878.096563 -879.325492 -881.548396 -882.768876 -881.071298 -881.715732 -880.638156 -883.785238 -882.801282 -882.770557 -883.340889 -881.239282 -880.893138 -881.923987 -885.106212 -888.450923 -885.154310 -882.603104 -883.477010 -883.819406 -884.145756 -884.868850 -884.192916 -881.205281 -881.363871 -881.013834 -881.639221
-895.528005 -902.423378 -907.641927 -907.335690 -906.916860 -903.458610 -906.839025 -909.924899 -909.284007 -905.791912 -905.231576 -902.059442 -895.487529 -891.738132 -889.246204 -883.821629 -881.080021 -879.218383 -881.450846 -883.303170 -883.739931 -884.091279 -885.315160 -887.569132 -890.750765 -892.345376 -893.564007 -892.119676 -890.522569 -888.170522 -886.074927 -885.663772 -880.723687 -879.622873 -881.120756 -883.330792 -883.661212 -880.991479 -882.059787 -882.015969 -884.884042 -886.581004 -884.090354 -880.867616 -881.727644 -881.749343 -882.981332 -885.758553 -885.634184 -884.857002 -883.694834 -885.429886 -886.505803 -887.572612 -885.963665 -883.442912 -881.642710 -880.931080 -879.217475
-889.260458 -885.995290 -893.320154 -897.042926 -899.874026 -899.055188 -902.734149 -900.749983 -900.996483 -894.868831 -895.214519 -888.724134 -884.500642 -886.048423 -887.299431 -882.044992 -880.316704 -878.173360 -878.747169 -880.533980 -883.449834 -885.664111 -883.258086 -886.054711 -883.760326 -884.540303 -885.783546 -891.597004 -890.265138 -891.940155 -891.137175 -891.058602 -891.535879 -884.445629 -880.431593 -882.705295 -884.212113 -883.839365 -881.674582 -880.015316 -880.776532 -882.132938 -879.794515 -880.113287 -880.885459 -881.988540 -883.078957 -884.880845 -884.148285 -884.343482 -882.805871 -883.412725 -885.130460 -886.197372 -887.473154 -886.894383 -884.826337 -882.598280 -879.825792
-889.096046 -886.008322 -890.142758 -891.456085 -890.057552 -893.099489 -894.594398 -893.797662 -892.205757 -892.887357 -887.132851 -882.219202 -883.852947 -884.884234 -890.454898 -884.402748 -878.119660 -877.689788 -878.340217 -880.422037 -882.620349 -886.864208 -881.731379 -885.700933 -878.953190 -884.130091 -881.679932 -884.169711 -887.571211 -891.644585 -892.660170 -889.025538 -890.419967 -892.816459 -887.128623 -882.936150 -883.622231 -883.402940 -881.065065 -879.745195 -878.096142 -878.298942 -878.227502 -879.931747 -878.698573 -880.126654 -882.551636 -884.348214 -884.615550 -884.040504 -884.012112 -883.842274 -885.540210 -886.907971 -888.508836 -894.910805 -892.873597 -888.298724 -884.679091
-893.514694 -893.902176 -890.474006 -887.032184 -886.469381 -888.987440 -888.560175 -889.004500 -889.580206 -892.687064 -888.378736 -886.242350 -888.416385 -889.813420 -887.554421 -879.569164 -877.487619 -877.703141 -877.190880 -876.474450 -877.059018 -877.738469 -879.116697 -882.552775 -879.996941 -885.467573 -888.870629 -879.877254 -883.893226 -889.039115 -893.875428 -896.363459 -893.825906 -893.367405 -893.541241 -889.518782 -885.334107 -882.510971 -881.277124 -880.573344 -879.056665 -877.886644 -877.934655 -878.123352 -877.184617 -877.542817 -880.439311 -883.237640 -885.925265 -885.867652 -886.672247 -887.243789 -888.425219 -889.225526 -897.852869 -900.059716 -901.881280 -898.830720 -894.235304
-888.482090 -887.623333 -884.378791 -883.335214 -884.369443 -885.547453 -887.513091 -886.518995 -887.599485 -886.528759 -890.923341 -891.559781 -889.215950 -884.405763 -881.364099 -877.267767 -877.348360 -876.791522 -876.719580 -877.398273 -878.506666 -878.524118 -878.088684 -877.988391 -883.840588 -884.722943 -893.510027 -884.981704 -884.235200 -886.308783 -888.594176 -890.098502 -893.840337 -895.316869 -893.200690 -891.020986 -886.470148 -881.890796 -881.253241 -881.929946 -879.537741 -877.605777 -877.400658 -877.466899 -877.158342 -877.258204 -878.911248 -882.160478 -884.769025 -887.455206 -888.113603 -888.388961 -889.836095 -892.012361 -896.520604 -893.433415 -897.238113 -897.015315 -899.669899
-881.756596 -881.152572 -880.550681 -880.988665 -881.952067 -884.132856 -885.014611 -885.959601 -885.805717 -883.754066 -882.892246 -894.873990 -883.478157 -877.709147 -877.102093 -878.137765 -878.983640 -877.558671 -878.163817 -879.319498 -881.490566 -882.318179 -881.979256 -880.594252 -881.133498 -884.650072 -880.995833 -884.171010 -886.833322 -889.100423 -879.522687 -880.417168 -881.778862 -885.386642 -888.362637 -884.355412 -883.167565 -882.811884 -881.379808 -880.890203 -878.547836 -877.067013 -877.047793 -876.943611 -876.672041 -877.213813 -877.347471 -879.853985 -882.528820 -885.642312 -886.693214 -887.412116 -888.342130 -890.640242 -887.901528 -886.833049 -888.827390 -887.929804 -893.160863
-881.481869 -881.771270 -882.782814 -882.878421 -883.567199 -883.545969 -883.723705 -883.455791 -885.600824 -882.589427 -879.971671 -877.910210 -878.618824 -880.179141 -880.904432 -882.660433 -883.037396 -881.605071 -880.028444 -880.669537 -881.702822 -883.821489 -886.547412 -886.948505 -886.453833 -883.167094 -881.919186 -880.315881 -880.317557 -880.740790 -878.202172 -878.146382 -879.475956 -878.516436 -880.282709 -881.343898 -881.641868 -881.754821 -880.535296 -879.820490 -877.654675 -876.951971 -876.943868 -876.617975 -876.311344 -876.509784 -877.024099 -877.228917 -878.985242 -882.332572 -886.962624 -888.497125 -888.802034 -890.947257 -885.121042 -887.460493 -888.084465 -891.738780 -892.014206
