GEOtop_1.45/templates/Duron/output_maps/TL0002N0003.asc
ncols         148
nrows         94
xllcorner     702860.000000
yllcorner     5151965.000000
cellsize      10.000000
NODATA_value  -9999.0
[rows 56 to 83 of 94, columns 65 to 129 of 148]
7.092695 6.914341 6.627116 6.207651 6.140607 6.348950 6.548891 6.530998 6.426057 6.555160 6.609427 6.501394 6.464199 6.379123 6.524561 7.027875 6.855726 6.520169 6.970117 7.439858 7.499848 7.543301 7.651650 7.638812 7.645119 7.841886 8.004532 8.191070 8.226012 8.109966 7.957013 7.863325 7.849048 7.744713 7.414927 7.292871 7.077642 6.846833 7.040151 7.337743 7.639661 7.621055 7.414978 7.550768 7.743689 7.899925 7.885144 7.799559 7.829399 7.804139 7.752260 7.846883 7.952201 8.045304 7.927081 7.702793 7.423254 7.312168 6.827782 6.528157 7.003120 6.816057 7.194209 7.886799 8.564827
7.754121 7.378214 7.041412 6.799548 6.431059 6.440574 6.575028 6.647498 6.585250 6.591325 6.778027 6.696595 6.471488 6.344291 6.382603 6.612633 6.855945 6.792622 6.759637 7.316378 7.596741 7.538359 7.599207 7.632603 7.616422 7.680227 7.806753 7.943413 7.851362 7.696938 7.752151 7.762766 7.696383 7.667751 7.594607 7.327644 7.197054 7.344542 7.100264 7.092931 7.532326 7.730914 7.683443 7.453702 7.572857 7.734647 7.685560 7.759627 7.951027 7.904333 7.764806 8.031185 8.206470 8.205134 8.035655 7.883180 7.665040 7.491340 6.983506 6.416343 6.359930 6.779131 6.886532 7.803963 8.391057
-9999.0 -9999.0 7.632719 7.415410 7.031323 7.044796 7.102094 7.026332 6.840262 6.700586 7.196777 7.223332 7.066234 6.911693 6.897446 6.992618 6.991474 6.663032 6.947751 7.333145 7.675563 7.830681 7.622178 7.729377 7.689968 7.585545 7.485783 7.652107 7.770264 7.677098 7.626901 7.599185 7.713889 7.672338 7.485180 7.391862 7.244883 7.262610 7.240414 7.186406 7.409096 7.698889 7.747057 7.504935 7.624304 7.840123 7.692561 7.773018 8.009207 8.021449 8.094313 8.091027 8.001386 7.942446 7.888504 8.007290 7.903241 7.487490 7.014722 6.582100 6.728604 6.613161 6.996368 7.110734 8.588915
-9999.0 -9999.0 8.260208 7.476345 7.145523 6.953691 7.317396 7.536815 7.360752 7.159706 7.306236 7.176374 6.573590 5.371867 6.894177 7.186693 7.350416 7.335834 7.032810 7.530593 7.786480 7.744598 7.646237 7.634168 7.539258 7.428691 7.450097 7.564428 7.708229 7.661016 7.558423 7.602533 7.637102 7.568501 7.521584 7.347074 7.231984 7.118775 7.112800 7.396880 7.376061 7.688138 7.895672 7.851202 7.744354 7.809961 7.747542 7.901876 8.100722 8.067878 8.077888 7.946795 7.880430 7.958194 8.130495 8.099101 7.741881 7.454450 7.298960 7.187313 6.947699 6.492207 6.309729 8.296338 8.631159
-9999.0 -9999.0 8.258958 7.728552 7.378766 6.890870 6.797174 5.504363 5.434424 5.066809 5.069077 5.054985 5.833190 6.244754 5.652507 5.440484 5.400053 7.190174 7.624915 7.717649 7.792450 7.601965 7.508056 7.503044 7.479311 7.522147 7.401593 7.468039 7.679794 7.647578 7.442231 7.484174 7.736248 7.654484 7.419720 7.404927 7.564153 7.511264 7.336617 7.476930 7.456292 7.715369 7.891563 7.818954 7.536199 7.511381 7.961174 8.022100 7.994545 7.844107 7.901785 7.981030 8.050519 8.154429 8.064085 7.871834 7.617013 7.468596 7.393911 7.215904 7.205305 6.641030 6.131579 8.389133 8.733011
-9999.0 -9999.0 8.112680 7.985317 7.433849 6.965540 6.840702 6.259886 5.816126 6.207863 6.219621 6.176008 6.228031 7.016066 6.226839 6.627925 5.874637 7.028604 6.735309 7.925431 7.830866 7.676072 7.526606 7.506721 7.558599 7.455757 7.361829 7.591877 7.741527 7.490951 7.417372 7.606268 7.721286 7.786959 7.648655 7.491520 7.639495 7.585205 7.689124 7.711118 7.480661 7.660160 7.654297 7.472143 7.548059 7.546133 7.632610 8.092111 7.924231 7.753996 7.776582 7.789885 8.371910 8.102591 7.766267 7.489613 7.522745 7.598335 7.553049 7.293073 7.115470 6.895426 6.383559 8.378124 8.745587
-9999.0 -9999.0 7.915542 7.730169 7.021321 7.255851 7.135883 6.890556 6.981375 7.161101 7.236483 7.250171 7.148837 6.916680 6.545298 6.655696 7.194710 7.408017 7.886618 7.938846 7.936319 7.645589 7.533994 7.622572 7.561942 7.633431 7.453021 7.434094 7.661489 7.552728 7.388288 7.488038 7.633087 7.726432 7.488540 7.505569 7.667551 7.670859 7.615912 7.483280 7.467397 7.750419 7.649987 7.247096 7.504779 7.956759 7.977791 7.846377 7.729027 7.945367 8.105740 8.039966 7.968590 7.917738 7.741498 7.615084 7.614652 7.670061 7.699453 7.433716 7.116166 7.097228 7.105217 8.573613 8.723194
-9999.0 8.400964 8.341072 7.852695 7.491626 7.282204 7.327043 7.196979 6.911469 6.970884 7.181798 7.424500 7.381592 6.847596 6.383714 6.585262 7.250383 7.253915 7.547855 7.718252 7.801155 7.703786 7.618861 7.679921 7.632429 7.564498 7.615738 7.549679 7.690328 7.662340 7.389799 7.447218 7.594017 7.841464 8.115555 7.876888 7.625526 7.615563 7.380773 7.267385 7.592560 7.724141 7.594792 7.594481 7.404570 7.807514 7.893401 7.768516 7.920816 8.116010 7.966723 7.816249 7.879724 7.746078 7.792011 7.893242 7.758346 7.766418 7.747504 7.326946 7.093155 7.222481 6.945064 8.664233 8.680216
-9999.0 8.292787 8.199135 7.768179 7.567371 7.359723 7.393622 7.207150 7.118456 7.145471 6.971549 7.221545 7.510088 7.426923 6.874010 6.624416 7.219694 7.479287 7.052157 7.477285 7.719698 7.670775 7.683668 7.655711 7.640992 7.698054 7.723470 7.746237 7.674219 7.654740 7.579945 7.564882 7.563981 7.617931 7.907465 7.956813 7.665147 7.519587 7.489203 7.461705 7.587969 7.562222 7.738363 7.869310 7.532378 7.606043 7.806221 7.742591 7.891487 8.001391 7.843828 7.745566 7.826290 7.861465 7.850987 7.803478 7.863183 7.860142 7.862669 7.273470 6.813467 6.886483 8.174048 8.607439 8.725327
-9999.0 8.357058 8.298592 7.717781 7.585485 7.504431 7.428723 7.302459 7.135140 6.974097 7.052331 7.417202 7.548525 7.425707 7.380209 7.149979 7.174470 7.618207 7.637994 7.476619 7.006949 7.173412 7.553692 7.691564 7.590105 7.743531 7.841524 7.794473 7.796030 7.481156 7.449405 7.754009 7.810419 7.503420 7.455183 7.757897 7.788151 7.721762 7.626118 7.428032 7.518528 7.670171 7.719302 7.847917 7.734789 7.532715 7.607265 7.616156 7.852488 8.010186 7.828239 7.810629 7.826420 7.873458 7.905101 7.959872 7.962822 7.958317 7.646396 7.031195 7.047032 7.488339 8.511200 8.495993 8.521029
-9999.0 8.250638 8.235953 7.964257 7.688601 7.613260 7.512125 7.425441 7.223080 6.888256 6.939493 7.325989 7.617053 7.469849 7.331553 7.359608 7.267679 7.472376 7.784542 7.785393 7.507958 7.000547 7.070501 7.467467 7.569310 7.694711 7.868975 7.793525 7.752624 7.530836 7.393920 7.657618 7.834856 7.579297 7.240741 7.462968 7.712306 7.938039 7.874712 7.482087 7.406340 7.624753 7.819712 7.904299 7.676873 7.587095 7.700012 7.697593 7.739340 7.702045 7.773505 7.888202 7.848386 7.860132 7.919185 7.967111 8.001649 7.986110 7.412304 6.911689 7.450168 8.230240 8.473042 8.447725 8.147565
-9999.0 8.258699 8.062153 7.977956 7.864949 7.668630 7.514202 7.504006 7.453962 7.134617 6.839103 7.114009 7.548657 7.495131 7.390603 7.379500 7.396262 7.395937 7.620504 7.746112 7.745134 7.669202 7.287728 7.060131 7.405813 7.755981 7.733870 7.707584 7.662060 7.721314 7.581409 7.406523 7.545353 7.691908 7.431314 7.338793 7.635706 7.832850 7.899597 7.660498 7.445803 7.497446 7.691624 7.866131 7.788043 7.598591 7.659971 7.678308 7.728396 7.755732 7.745868 7.851949 7.866707 7.848091 7.889110 7.959186 7.988615 7.956751 7.564726 6.860605 7.349509 8.591405 8.533134 7.900773 8.521153
-9999.0 8.158435 8.123817 7.978760 7.859549 7.815707 7.633721 7.490487 7.499020 7.432482 7.130512 7.090435 7.388848 7.436580 7.429314 7.444214 7.423410 7.436962 7.511121 7.740026 7.799820 7.757289 7.674082 7.430989 7.221103 7.307195 7.604077 7.871228 7.723300 7.470534 7.559334 7.543600 7.533921 7.598929 7.455835 7.334493 7.490619 7.680258 7.865805 7.803548 7.625202 7.482609 7.528852 7.732663 7.849858 7.730461 7.559055 7.590694 7.591411 7.643289 7.777398 7.739995 7.822552 7.758734 7.803409 8.012909 8.070793 7.956025 7.844002 7.420431 7.172120 7.118191 8.339510 7.978127 8.066504
-9999.0 8.121010 8.128081 8.004961 7.900804 7.855292 7.645602 7.483970 7.500755 7.502283 7.294028 7.100517 7.155126 7.363638 7.491622 7.470838 7.460827 7.470584 7.535057 7.622304 7.738991 7.798767 7.686647 7.657522 7.521399 7.353116 7.339458 7.648704 7.835040 7.497922 7.440163 7.586080 7.466395 7.625232 7.803093 7.428331 7.159065 7.433073 7.735354 7.696148 7.556238 7.526290 7.619779 7.735010 7.727355 7.662798 7.576164 7.612834 7.699847 7.701737 7.662113 7.449170 7.573750 7.664926 7.567748 7.752069 7.854526 7.996392 7.989751 7.725736 7.541320 7.205261 6.980597 8.717816 7.887768
-9999.0 -9999.0 8.047222 7.970669 7.852935 7.754861 7.612902 7.387381 7.414123 7.494235 7.353765 7.214196 7.167024 7.217243 7.451827 7.507942 7.488808 7.572455 7.569343 7.589674 7.692554 7.773706 7.712327 7.612982 7.597987 7.488941 7.459495 7.438365 7.638555 7.681013 7.447667 7.461275 7.591600 7.629996 7.681649 7.673940 7.345090 7.410785 7.550380 7.531484 7.510846 7.649515 7.692778 7.694233 7.758605 7.721606 7.565123 7.503765 7.566461 7.720907 7.747449 7.524253 7.506453 7.659022 7.607719 7.436925 7.194527 7.603682 7.797817 7.862684 7.708203 7.458584 7.289589 8.327942 7.890998
-9999.0 -9999.0 8.144922 7.974974 7.809516 7.806332 7.630386 7.165937 7.081674 7.354198 7.306476 7.230454 7.247078 7.250020 7.432531 7.631651 7.537672 7.541039 7.643904 7.567103 7.673718 7.787645 7.670886 7.563228 7.595758 7.646333 7.579342 7.501683 7.366894 7.642251 7.621748 7.589045 7.603561 7.554606 7.633355 7.677494 7.584121 7.422625 7.314215 7.295183 7.367612 7.806395 7.911551 7.744078 7.839341 7.876999 7.686605 7.512408 7.532855 7.576619 7.670441 7.760607 7.667243 7.697109 7.786056 7.887741 7.638074 7.421546 7.276673 7.444784 7.694618 7.390729 6.660834 5.453710 8.660361
-9999.0 -9999.0 -9999.0 7.863100 7.872629 7.890512 7.720979 7.286830 6.961798 7.002905 7.087111 7.197697 7.318792 7.321135 7.395286 7.517333 7.581387 7.600898 7.564964 7.539186 7.559429 7.749956 7.786623 7.597258 7.538089 7.630207 7.632600 7.609670 7.667987 7.663140 7.475107 7.444427 7.605423 7.703927 7.653065 7.693366 7.725197 7.723410 7.606416 7.324818 7.042266 6.897595 7.584994 7.946724 7.840400 7.881554 7.910058 7.783561 7.649390 7.643844 7.519707 7.683968 7.850770 7.714602 7.673471 7.812367 7.838621 7.683075 7.522150 7.482815 7.494475 7.449452 6.627193 6.423953 8.161097
-9999.0 -9999.0 8.125420 7.969164 7.861410 7.818074 7.620831 7.342980 7.081973 7.000479 7.036891 7.148891 7.325432 7.364548 7.315833 7.331046 7.477189 7.668210 7.652435 7.451544 7.475939 7.741839 7.840687 7.692046 7.552606 7.543007 7.605233 7.529898 7.502517 7.588758 7.662751 7.593871 7.459001 7.646261 7.790199 7.746205 7.826559 7.819766 7.639099 7.499238 7.402977 7.335990 7.388880 7.649964 7.962916 7.805259 7.696983 7.800469 7.785270 7.707590 7.714584 7.694621 7.756951 7.751321 7.725338 7.807615 7.863399 7.745442 7.633944 7.687220 7.727648 7.588575 7.418984 5.637642 5.558899
-9999.0 -9999.0 8.245844 8.108410 7.918821 7.827979 7.614117 7.365578 7.206628 7.161816 7.103373 7.183245 7.354679 7.338018 7.225713 7.301368 7.539708 7.697844 7.770157 7.524405 7.365798 7.626735 7.794686 7.824843 7.710833 7.588203 7.616720 7.584563 7.475209 7.574123 7.694867 7.587477 7.477724 7.522787 7.720501 7.847072 7.813672 7.882739 7.764170 7.476623 7.454333 7.449524 7.487971 7.603135 7.865534 7.979543 7.756360 7.434231 7.518355 7.805275 7.760653 7.644478 7.753801 7.809617 7.774942 7.806460 7.889451 7.866614 7.761015 7.719841 7.743389 7.646970 7.530480 6.837583 5.622533
-9999.0 8.491904 8.398060 7.972396 7.984569 7.967805 7.690669 7.382177 7.299145 7.300885 7.279822 7.226886 7.373526 7.396366 7.255991 7.371227 7.543190 7.719263 7.846544 7.778027 7.474775 7.402334 7.596715 7.781210 7.804038 7.630088 7.619474 7.704812 7.698149 7.663926 7.698306 7.655212 7.592008 7.671517 7.680639 7.637184 7.699361 7.784410 7.821414 7.616623 7.497082 7.572318 7.666507 7.668578 7.755548 7.990922 8.006961 7.634197 7.232646 7.318001 7.637030 7.759922 7.878967 7.942024 7.838489 7.764819 7.760442 7.760557 7.822104 7.897038 7.766161 7.518782 7.501757 7.557408 6.754768
-9999.0 8.323553 8.305713 7.986502 7.983680 7.903653 7.715957 7.554491 7.484947 7.472839 7.376195 7.179554 7.231363 7.426946 7.469271 7.506523 7.667835 7.667463 7.737582 7.707676 7.576184 7.401758 7.368645 7.604608 7.670235 7.636535 7.680705 7.769722 7.758944 7.628995 7.634793 7.730250 7.721792 7.634433 7.705743 7.699093 7.649785 7.772633 7.845658 7.729521 7.555294 7.592950 7.756977 7.681059 7.763331 8.004222 7.863884 7.540086 7.339492 7.243117 7.510565 7.736100 7.881506 7.916818 7.833485 7.781223 7.651956 7.647088 7.748115 7.889041 7.887120 7.581206 7.414380 7.628806 7.514129
8.333038 8.142387 8.117337 8.042848 7.934166 7.830008 7.736827 7.656900 7.597390 7.527004 7.409540 7.238081 7.244687 7.420112 7.576266 7.718400 7.775019 7.750781 7.590835 7.630142 7.547848 7.428139 7.431517 7.480990 7.571744 7.641690 7.609319 7.592075 7.645302 7.653441 7.566823 7.589631 7.676941 7.708379 7.631727 7.643264 7.659695 7.642117 7.804468 7.832191 7.577107 7.672048 7.896422 7.794677 7.765648 8.043782 7.924019 7.422332 7.004861 6.736861 7.280217 7.593844 7.743053 7.839916 7.726955 7.617879 7.549207 7.549605 7.624754 7.567991 7.736622 7.752153 7.635556 7.657313 7.676881
8.194539 8.178631 8.084163 7.939934 7.777641 7.776206 7.733170 7.643624 7.631667 7.501632 7.429516 7.407935 7.359485 7.438590 7.524252 7.721082 7.867375 7.884964 7.712040 7.505236 7.556325 7.560066 7.523290 7.558415 7.446959 7.501189 7.557796 7.481535 7.597165 7.570159 7.586399 7.515276 7.545037 7.661825 7.525588 7.446751 7.547878 7.601584 7.731829 7.873004 7.799960 7.759596 7.899837 7.877568 7.835265 7.888325 8.333179 7.965392 7.477700 6.608126 6.908413 7.441656 7.750373 7.734208 7.679081 7.631270 7.560240 7.438243 7.230447 7.241319 7.401327 7.550069 7.593369 7.561765 7.584394
8.082513 8.113834 8.080377 7.884447 7.718504 7.744910 7.682943 7.582101 7.601365 7.588297 7.567059 7.566518 7.471167 7.460968 7.563391 7.670025 7.794094 7.832163 7.776983 7.666379 7.619490 7.660974 7.748453 7.717561 7.584426 7.460437 7.482116 7.503517 7.355850 7.343259 7.477625 7.391383 7.385364 7.595689 7.632230 7.563294 7.534297 7.349588 7.516779 7.852460 7.892823 7.791457 7.692161 7.723883 7.934805 8.088978 8.466225 7.730456 7.642369 7.371569 7.111648 7.378887 7.793740 7.720867 7.660997 7.643540 7.622207 7.596169 7.480725 6.926555 7.103534 7.217660 7.377524 7.424541 7.720994
8.071143 8.006300 7.944964 7.876326 7.747807 7.744806 7.717634 7.627082 7.642995 7.714108 7.675146 7.506157 7.467668 7.491454 7.599873 7.694677 7.692879 7.746587 7.659861 7.435578 7.572204 7.887840 7.878313 7.913628 7.841216 7.729200 7.640693 7.597293 7.507731 7.563704 7.623104 7.214991 7.227503 7.449448 7.556503 7.613992 7.623449 7.554437 7.659107 7.791156 7.780393 7.731636 7.697835 7.639649 7.539442 7.753732 8.117913 8.029060 7.729094 7.578214 7.532182 7.509161 7.808002 7.726508 7.517050 7.439331 7.461499 7.545949 7.473611 7.139459 7.122874 7.472300 7.434974 6.929266 7.306999
-9999.0 8.025863 7.941707 7.840391 7.706610 7.726719 7.846116 7.791823 7.716931 7.655242 7.634809 7.595241 7.458767 7.434648 7.476747 7.626216 7.685505 7.732994 7.671885 7.402630 7.557063 7.836134 7.703127 7.775913 7.900350 7.767525 7.721916 7.725289 7.702935 7.419615 7.320331 7.310101 7.342455 7.569510 7.724436 7.739860 7.724346 7.680838 7.728465 7.720541 7.705515 7.582941 7.474200 7.524030 7.699399 7.701052 7.754825 7.847661 7.711649 7.612427 7.548874 7.571710 7.607073 7.636919 7.660662 7.572423 7.302298 7.290607 7.298453 7.251673 7.114533 7.090493 7.326493 7.106225 7.194806
-9999.0 -9999.0 7.724063 7.667818 7.567639 7.685035 7.924599 8.022192 7.983170 7.797314 7.534471 7.451530 7.435302 7.455329 7.633108 7.718794 7.712892 7.522879 7.557121 7.517576 7.446682 7.585081 7.755233 7.789345 8.009731 7.841324 7.501400 7.624129 7.649529 7.407968 7.332112 7.310938 7.393688 7.660732 7.790566 7.913106 7.937908 7.731708 7.730800 7.773966 7.775134 7.489387 7.188614 7.223716 7.663959 7.740823 7.719219 7.722900 7.592370 7.544047 7.548531 7.511575 7.653650 7.698080 7.616663 7.608676 7.376500 7.265600 7.233091 7.042956 7.032680 6.794770 7.003107 7.288773 7.401451
-9999.0 -9999.0 -9999.0 7.527310 7.518362 7.559818 7.777976 7.996177 8.043443 7.918103 7.688462 7.525854 7.571673 7.587537 7.579447 7.662913 7.292882 7.175030 7.170434 7.164026 7.440188 7.291788 7.477198 7.904118 8.017434 7.903527 7.601111 7.334347 7.385022 7.458125 7.393049 7.344577 7.541024 7.688468 7.844816 7.992174 7.979992 7.864697 7.781737 7.832357 7.821653 7.814487 7.531601 7.215598 7.456911 7.855630 7.794580 7.823903 7.821390 7.565658 7.586318 7.510295 7.571946 7.686234 7.416643 7.360431 7.636349 7.399618 7.300928 7.152590 6.801378 6.714769 6.526477 6.892677 7.408040
