GEOtop_1.45/templates/Duron/output_maps/TL0001N0003.asc
ncols         148
nrows         94
xllcorner     702860.000000
yllcorner     5151965.000000
cellsize      10.000000
NODATA_value  -9999.0
[rows 0 to 27 of 94, columns 63 to 125 of 148]
-9999.0 -9999.0 -9999.0 -9999.0 -9999.0 -9999.0 -9999.0 -9999.0 -9999.0 -9999.0 -9999.0 -9999.0 -9999.0 -9999.0 -9999.0 -9999.0 -9999.0 -9999.0 -9999.0 -9999.0 -9999.0 -9999.0 -9999.0 -9999.0 -9999.0 -9999.0 -9999.0 -9999.0 -9999.0 -9999.0 -9999.0 -9999.0 -9999.0 -9999.0 -9999.0 -9999.0 -9999.0 -9999.0 -9999.0 -9999.0 -9999.0 -9999.0 -9999.0 -9999.0 -9999.0 -9999.0 -9999.0 -9999.0 -9999.0 -9999.0 -9999.0 -9999.0 -9999.0 -9999.0 -9999.0 -9999.0 -9999.0 -9999.0 -9999.0 -9999.0 -9999.0 -9999.0 -9999.0
-9999.0 -9999.0 -9999.0 -9999.0 -9999.0 -9999.0 -9999.0 -9999.0 -9999.0 -9999.0 -9999.0 -9999.0 -9999.0 -9999.0 -9999.0 -9999.0 -9999.0 -9999.0 -9999.0 -9999.0 -9999.0 -9999.0 -9999.0 -9999.0 -9999.0 -9999.0 -9999.0 -9999.0 -9999.0 -9999.0 -9999.0 -9999.0 -9999.0 -9999.0 -9999.0 -9999.0 -9999.0 -9999.0 -9999.0 -9999.0 -9999.0 -9999.0 -9999.0 -9999.0 -9999.0 -9999.0 -9999.0 -9999.0 -9999.0 -9999.0 -9999.0 -9999.0 -9999.0 -9999.0 -9999.0 -9999.0 -9999.0 -9999.0 -9999.0 -9999.0 -9999.0 -9999.0 -9999.0
-9999.0 -9999.0 -9999.0 -9999.0 -9999.0 -9999.0 -9999.0 -9999.0 -9999.0 -9999.0 -9999.0 -9999.0 -9999.0 -9999.0 -9999.0 -9999.0 -9999.0 -9999.0 -9999.0 -9999.0 -9999.0 -9999.0 -9999.0 -9999.0 -9999.0 -9999.0 -9999.0 -9999.0 -9999.0 -9999.0 -9999.0 -9999.0 -9999.0 -9999.0 -9999.0 -9999.0 -9999.0 -9999.0 -9999.0 -9999.0 -9999.0 -9999.0 -9999.0 -9999.0 -9999.0 -9999.0 -9999.0 -9999.0 -9999.0 -9999.0 -9999.0 -9999.0 -9999.0 -9999.0 -9999.0 -9999.0 -9999.0 -9999.0 -9999.0 -9999.0 -9999.0 -9999.0 -9999.0
-9999.0 -9999.0 -9999.0 -9999.0 -9999.0 -9999.0 -9999.0 -9999.0 -9999.0 -9999.0 -9999.0 -9999.0 -9999.0 -9999.0 -9999.0 -9999.0 -9999.0 -9999.0 -9999.0 -9999.0 -9999.0 -9999.0 -9999.0 -9999.0 -9999.0 -9999.0 -9999.0 -9999.0 -9999.0 -9999.0 -9999.0 -9999.0 -9999.0 -9999.0 -9999.0 -9999.0 -9999.0 -9999.0 -9999.0 -9999.0 -9999.0 -9999.0 -9999.0 -9999.0 -9999.0 -9999.0 -9999.0 -9999.0 -9999.0 -9999.0 -9999.0 -9999.0 -9999.0 -9999.0 -9999.0 -9999.0 -9999.0 -9999.0 -9999.0 -9999.0 -9999.0 -9999.0 -9999.0
-9999.0 -9999.0 -9999.0 -9999.0 -9999.0 -9999.0 -9999.0 -9999.0 -9999.0 -9999.0 -9999.0 -9999.0 -9999.0 -9999.0 -9999.0 -9999.0 -9999.0 -9999.0 -9999.0 -9999.0 -9999.0 -9999.0 -9999.0 -9999.0 -9999.0 -9999.0 -9999.0 -9999.0 -9999.0 -9999.0 -9999.0 -9999.0 -9999.0 -9999.0 -9999.0 -9999.0 -9999.0 -9999.0 -9999.0 12.010025 11.872049 -9999.0 -9999.0 -9999.0 -9999.0 -9999.0 -9999.0 -9999.0 -9999.0 -9999.0 -9999.0 -9999.0 -9999.0 -9999.0 -9999.0 -9999.0 -9999.0 -9999.0 -9999.0 -9999.0 -9999.0 -9999.0 -9999.0
-9999.0 -9999.0 -9999.0 -9999.0 -9999.0 -9999.0 -9999.0 -9999.0 -9999.0 -9999.0 -9999.0 -9999.0 -9999.0 -9999.0 -9999.0 -9999.0 -9999.0 -9999.0 -9999.0 -9999.0 -9999.0 -9999.0 -9999.0 -9999.0 -9999.0 -9999.0 -9999.0 -9999.0 -9999.0 -9999.0 -9999.0 -9999.0 -9999.0 -9999.0 -9999.0 -9999.0 -9999.0 -9999.0 11.061283 12.270156 12.215190 11.752062 -9999.0 -9999.0 -9999.0 -9999.0 -9999.0 -9999.0 -9999.0 -9999.0 -9999.0 -9999.0 -9999.0 -9999.0 -9999.0 -9999.0 -9999.0 -9999.0 -9999.0 -9999.0 -9999.0 -9999.0 -9999.0
-9999.0 -9999.0 -9999.0 -9999.0 -9999.0 -9999.0 -9999.0 -9999.0 -9999.0 -9999.0 -9999.0 -9999.0 -9999.0 -9999.0 -9999.0 -9999.0 -9999.0 -9999.0 -9999.0 -9999.0 -9999.0 -9999.0 -9999.0 -9999.0 -9999.0 -9999.0 -9999.0 -9999.0 -9999.0 -9999.0 -9999.0 -9999.0 -9999.0 -9999.0 11.828814 11.959202 12.091406 11.665007 11.085852 10.526857 12.459297 12.339692 12.169638 -9999.0 -9999.0 -9999.0 -9999.0 -9999.0 -9999.0 -9999.0 -9999.0 -9999.0 -9999.0 -9999.0 -9999.0 -9999.0 -9999.0 -9999.0 -9999.0 -9999.0 -9999.0 -9999.0 -9999.0
-9999.0 -9999.0 -9999.0 -9999.0 -9999.0 -9999.0 -9999.0 -9999.0 -9999.0 -9999.0 -9999.0 -9999.0 -9999.0 -9999.0 -9999.0 -9999.0 -9999.0 -9999.0 -9999.0 -9999.0 -9999.0 -9999.0 -9999.0 -9999.0 -9999.0 -9999.0 -9999.0 9.888315 10.207000 10.814554 10.926811 10.949845 11.373224 11.074690 11.029468 12.119192 12.027223 12.018192 10.346857 10.228933 12.398809 12.560600 12.503311 12.276102 12.109878 -9999.0 -9999.0 -9999.0 -9999.0 -9999.0 -9999.0 -9999.0 -9999.0 -9999.0 -9999.0 -9999.0 -9999.0 -9999.0 -9999.0 -9999.0 -9999.0 -9999.0 -9999.0
-9999.0 -9999.0 -9999.0 -9999.0 -9999.0 -9999.0 -9999.0 -9999.0 -9999.0 -9999.0 -9999.0 -9999.0 -9999.0 -9999.0 -9999.0 -9999.0 -9999.0 -9999.0 -9999.0 -9999.0 -9999.0 -9999.0 -9999.0 10.972402 11.102596 11.157228 11.024712 10.609004 10.230403 10.043784 10.153907 10.733551 11.115674 11.240490 11.393825 11.697869 11.979144 12.052771 11.931834 11.871563 12.160401 12.384451 12.539351 12.496036 12.437979 12.268394 12.078853 11.898478 -9999.0 -9999.0 -9999.0 -9999.0 -9999.0 -9999.0 -9999.0 -9999.0 -9999.0 -9999.0 -9999.0 -9999.0 -9999.0 -9999.0 -9999.0
-9999.0 -9999.0 -9999.0 -9999.0 -9999.0 -9999.0 -9999.0 -9999.0 -9999.0 -9999.0 -9999.0 -9999.0 -9999.0 -9999.0 -9999.0 -9999.0 -9999.0 -9999.0 -9999.0 -9999.0 11.479457 11.470880 11.249818 10.953967 11.118279 10.798520 10.529592 10.885179 10.583390 9.847558 9.929566 10.354775 10.849886 11.275703 12.009012 12.024245 12.042618 12.060338 11.978938 11.376699 12.181862 12.385904 12.498174 12.362232 12.314816 12.381192 12.517315 12.476683 12.417080 12.271211 12.280663 12.380057 12.305489 12.052933 11.845060 11.760113 11.943669 -9999.0 -9999.0 -9999.0 -9999.0 -9999.0 -9999.0
-9999.0 -9999.0 -9999.0 -9999.0 -9999.0 -9999.0 -9999.0 -9999.0 -9999.0 -9999.0 -9999.0 -9999.0 -9999.0 -9999.0 -9999.0 -9999.0 -9999.0 -9999.0 -9999.0 -9999.0 11.397812 11.536839 11.476981 10.782573 10.655452 10.998973 10.713951 10.611880 10.605914 10.231392 10.097032 10.522648 10.888509 10.991988 10.997469 11.744770 11.895781 11.992709 11.890133 10.906766 10.944664 12.319702 12.430940 12.274725 12.171570 12.266810 12.542018 12.671660 12.691409 12.655328 12.585033 12.485508 12.412586 12.260694 12.054791 12.024213 11.954614 12.039387 11.860431 11.684200 11.542096 -9999.0 -9999.0
-9999.0 -9999.0 -9999.0 -9999.0 -9999.0 -9999.0 -9999.0 -9999.0 -9999.0 -9999.0 -9999.0 -9999.0 -9999.0 -9999.0 -9999.0 -9999.0 -9999.0 -9999.0 -9999.0 11.008781 10.982592 11.059229 10.928699 10.884335 11.106430 11.126448 11.054410 10.983739 10.902619 10.730599 10.449077 9.850685 10.222500 10.995730 11.102571 11.402359 11.844710 11.840610 11.388601 11.175551 12.296144 12.279007 12.237930 12.201591 12.273360 12.321134 12.523152 12.619650 12.532396 12.502955 12.587723 12.704234 12.534849 12.420217 12.293570 12.245133 12.230422 12.179605 12.083332 11.935984 11.896543 11.741019 -9999.0
-9999.0 -9999.0 -9999.0 -9999.0 -9999.0 -9999.0 -9999.0 -9999.0 -9999.0 -9999.0 -9999.0 -9999.0 -9999.0 -9999.0 -9999.0 -9999.0 -9999.0 -9999.0 -9999.0 11.009769 10.668339 10.301003 10.414001 10.485898 10.796833 11.285669 11.221928 10.880367 11.111352 11.089318 10.984830 10.804915 10.259426 10.600791 10.883093 11.224026 11.667006 11.764667 11.326311 11.250686 12.217571 12.187753 12.164853 12.231150 12.152900 12.206023 12.355466 12.373441 12.540905 12.619404 12.653204 12.630034 12.611140 12.586131 12.443023 12.329121 12.323614 12.321437 12.263012 12.225026 12.144727 11.972446 11.851992
-9999.0 -9999.0 -9999.0 -9999.0 -9999.0 -9999.0 -9999.0 -9999.0 -9999.0 -9999.0 -9999.0 -9999.0 -9999.0 -9999.0 12.152029 12.141742 -9999.0 11.822064 11.845270 11.329637 10.864942 10.237909 10.011530 10.170239 10.462638 11.113524 11.323943 11.069070 10.777875 10.866222 11.297494 11.261212 10.872867 10.777001 10.701929 11.028376 11.318603 11.472173 11.344452 11.311165 12.007167 12.092152 12.184976 12.237307 12.261051 12.233777 12.272538 12.307632 12.240525 12.460728 12.643988 12.661720 12.603698 12.492171 12.413197 12.362276 12.304158 12.357435 12.408019 12.372861 12.306743 12.216025 12.031134
-9999.0 -9999.0 -9999.0 -9999.0 -9999.0 -9999.0 -9999.0 -9999.0 -9999.0 -9999.0 -9999.0 -9999.0 12.355976 12.563889 12.487667 12.217076 11.960366 12.008944 11.404242 11.478951 11.242820 10.547519 10.063633 10.108954 10.162366 10.585761 11.217180 11.358144 10.877398 10.525034 10.873674 11.332840 11.325974 11.167707 11.004987 10.987139 11.021742 10.973789 11.175621 11.107844 11.963135 12.131212 12.117164 12.208117 12.266127 12.343132 12.347379 12.293611 12.254887 12.311701 12.438097 12.543457 12.531517 12.509523 12.426631 12.231490 12.226012 12.347663 12.356361 12.301870 12.295216 12.327458 12.233630
-9999.0 -9999.0 -9999.0 -9999.0 -9999.0 -9999.0 -9999.0 -9999.0 -9999.0 9.101322 9.353924 9.976867 10.689001 12.011135 12.015375 12.177319 12.160041 11.997604 11.033879 11.009964 11.660203 11.226794 10.964342 10.607709 10.330363 10.307390 10.766738 11.091356 11.338080 11.153579 10.856659 10.617270 11.169376 11.465191 11.321441 11.248394 11.222571 10.757833 10.620782 11.085676 12.354760 12.244761 12.154915 12.333443 12.351384 12.328965 12.365484 12.362138 12.262406 12.266179 12.336078 12.271042 12.416051 12.539110 12.475122 12.306376 12.195886 12.244387 12.340185 12.195898 12.198400 12.114343 11.918017
-9999.0 -9999.0 -9999.0 -9999.0 -9999.0 -9999.0 -9999.0 9.739636 9.481515 9.006992 9.092248 9.703407 10.955192 11.234282 11.893815 12.066237 11.977220 11.198854 11.210949 11.233835 12.128930 12.162690 12.061428 11.218741 10.653383 10.480203 10.558158 10.894007 10.629410 10.675106 10.805902 10.883991 10.722660 11.085427 11.425220 11.408543 11.354810 11.088193 10.637764 10.558881 10.740238 12.219310 12.416251 12.392903 12.346502 12.252923 12.297149 12.384288 12.430855 12.291848 12.190087 12.227023 12.276320 12.364522 12.312650 12.071694 11.789418 12.333330 12.490970 12.224945 12.279685 12.174745 12.097494
-9999.0 -9999.0 -9999.0 10.825207 10.529402 10.035079 9.824392 9.776942 9.477721 9.027817 9.254422 9.680213 10.697316 11.540040 11.947308 12.219387 11.989061 11.292602 11.349494 11.404709 11.953085 12.214050 12.187182 11.189444 11.234362 11.315555 10.733212 10.620248 10.589098 10.348781 10.315036 10.703281 10.981071 10.882388 10.823376 11.435378 11.486216 11.204104 10.792350 10.740902 10.669030 12.422177 12.496712 12.485723 12.398336 12.227935 12.219437 12.224012 12.397501 12.459121 12.258184 12.137336 12.263543 12.275805 12.125284 11.869971 12.060186 12.344829 12.398793 12.283444 12.320429 12.122515 12.122225
10.999141 11.304080 11.272306 10.919479 10.464188 10.002055 9.791757 9.596932 9.404231 9.691165 9.733397 10.173066 10.630990 10.867999 11.848334 11.739099 11.670691 11.379116 11.433442 11.963165 12.061607 12.174535 12.108364 11.997804 11.842949 11.824178 11.903138 11.159318 10.551565 10.431293 10.020670 10.104110 10.623839 11.084976 11.055688 11.117709 11.787424 11.079670 10.951538 11.017826 10.899538 10.512511 12.462223 12.555639 12.433161 12.267973 12.293603 12.329416 12.377475 12.418059 12.369987 12.200038 12.212507 12.151196 11.992673 11.914516 11.981858 12.096489 12.019498 12.070349 12.107273 12.200082 12.062221
11.237596 11.333896 10.916618 10.805837 10.674696 10.106378 9.920531 10.015146 9.972562 9.860999 10.025975 10.227649 10.734201 11.201153 11.606158 11.770885 11.887661 11.379870 11.158643 11.411362 12.171512 12.220170 12.241739 12.112172 12.080396 12.092181 11.991842 11.973393 11.262117 10.510683 10.151541 9.798779 9.825491 10.607612 11.040255 11.161294 11.441123 11.028398 11.168063 11.194153 11.136342 12.284998 12.354313 12.469282 12.386333 12.311048 12.246923 12.352249 12.464259 12.502109 12.435820 12.333467 12.234208 12.106642 11.994376 12.015524 11.970146 12.088607 11.944090 11.803298 12.049268 12.075805 11.869310
11.223418 11.244822 10.980711 10.853868 11.091327 10.745566 10.064183 10.167184 10.357216 9.830563 10.044699 10.455272 10.652847 10.880030 11.236994 11.515199 11.611588 11.455268 11.073323 10.931402 11.935484 12.097146 12.126162 12.096566 12.067853 12.108366 12.189536 12.058387 12.099339 10.929129 10.489589 10.017710 9.716172 9.823980 10.461123 10.930479 11.331165 11.527727 11.415479 11.293175 11.219470 12.296351 12.354085 12.388198 12.337053 12.329485 12.276640 12.325050 12.411949 12.446434 12.500473 12.452188 12.331076 12.273629 12.069842 11.831605 11.715655 11.695352 11.785256 11.806127 11.862232 11.860821 11.806776
11.055183 11.045651 11.018494 11.079696 11.322417 11.096685 10.729728 10.657522 10.517953 10.160149 9.933677 10.071491 10.830565 10.884938 10.766202 11.123011 11.268502 11.257057 10.473877 10.654548 11.869096 12.173456 12.146449 12.158037 12.087474 12.048044 11.978954 11.882034 12.256695 12.192975 10.742333 10.452879 9.993870 9.850160 10.100698 10.435271 10.983166 11.402329 11.299498 11.075094 11.203543 12.161298 12.284687 12.366636 12.364521 12.354341 12.325760 12.291543 12.395968 12.458985 12.415852 12.317475 12.444489 12.452341 12.256370 12.032595 11.895787 11.797221 11.855398 11.834772 11.820156 11.844603 11.766842
11.333743 11.158642 10.983548 10.999296 11.240648 11.397861 11.363669 10.766157 10.594459 10.535991 10.210373 10.541617 10.873003 10.817200 10.959655 10.961307 10.734008 10.509287 10.302939 9.575604 9.978657 12.267276 12.438754 11.501523 11.474101 12.073496 12.002844 11.979023 11.918156 11.933956 11.953013 11.008912 10.783635 10.331520 10.213555 10.367093 10.724637 11.201553 11.256175 11.152307 11.236402 11.782366 12.086659 12.286903 12.369931 12.355909 12.271092 12.314577 12.383965 12.300933 11.871037 12.113429 12.516847 12.500655 12.279890 12.046367 12.070102 11.495177 12.031484 12.038386 11.910732 11.376059 11.221929
11.294666 11.376099 11.066974 10.862848 10.879958 11.163241 11.551197 11.156483 10.399917 10.686049 11.188690 10.827466 10.885742 10.808731 10.902530 10.894193 10.445795 10.481436 10.523712 10.444045 9.461303 9.114826 12.184010 12.337766 11.319979 11.371135 11.522633 11.929576 12.083307 12.173696 12.137694 11.580656 11.549723 11.273960 10.654809 10.395057 10.805942 11.270773 11.262849 11.103235 11.181403 11.308269 11.856968 12.108197 12.241501 12.279080 12.231395 12.273275 12.296001 12.289455 12.167572 12.418224 12.573177 12.508464 12.334340 12.057474 11.975923 10.519525 10.490661 11.833549 11.901282 10.612904 10.608180
10.911446 10.850536 11.047166 11.048977 11.086086 10.844498 10.797280 11.387387 11.503201 10.604162 10.702460 10.417442 10.373887 10.989124 10.916750 10.796502 10.006505 9.852034 9.831434 9.919846 9.777854 9.255151 9.794427 11.181351 11.115998 11.064068 11.730070 11.755787 11.698998 12.051273 12.171329 11.896164 11.750248 11.507989 11.064797 10.625827 10.771440 11.304052 11.304481 11.143493 11.084018 11.178727 11.238697 11.881853 12.084222 12.159228 12.216827 12.253418 12.215729 12.176890 12.360872 12.456342 12.568863 12.392896 11.879800 12.011668 12.158365 10.253688 10.737758 12.181547 12.192347 12.123014 12.351636
11.049878 10.898347 10.657227 10.664179 11.198574 11.573110 10.409280 10.712898 10.738328 10.247948 10.087236 9.901353 9.950323 10.450968 10.919398 10.888509 10.815620 9.875704 9.296716 9.014750 9.051491 9.488732 9.711565 9.925664 9.907617 9.839835 10.359720 11.301691 11.736251 11.775391 11.937333 11.901391 11.605756 11.626840 11.418887 11.111673 10.967138 11.181779 11.336729 11.270885 11.198561 10.866756 10.656274 11.129444 11.757107 12.025834 12.166768 12.176890 12.091959 11.933031 12.270467 12.545232 12.527946 12.384905 11.442888 12.178582 12.210772 11.134292 10.712738 10.433564 12.238363 12.228562 12.220663
10.962626 11.095665 11.154276 10.353542 11.208341 10.962709 10.432191 10.504348 10.452719 9.945905 9.753059 9.378312 9.526934 9.832692 9.846780 10.689527 10.666381 9.845752 9.437940 8.830374 8.518268 8.720973 9.497263 10.007509 10.187125 9.964392 9.852786 10.694372 11.053922 11.807654 11.712593 11.659931 11.547499 11.581793 11.441691 11.347756 11.347858 11.281351 11.394317 11.414098 11.460512 10.722376 10.499828 10.490101 11.238275 11.377763 12.088089 12.098323 11.956868 12.191731 12.566952 12.503707 12.135687 11.906564 12.180200 12.315633 12.365416 11.565168 10.146483 10.107802 12.185069 11.963512 12.048425
10.533759 11.296975 10.751722 10.452310 10.864450 11.066558 10.822869 10.801974 10.951614 10.751091 10.072311 10.157303 9.939481 10.079474 10.072270 10.507275 10.807059 10.892797 9.972000 9.245591 8.505319 8.085970 8.651226 9.355833 9.811534 10.034544 9.790098 9.911114 10.709029 11.144897 11.805819 11.786758 11.726082 11.241888 11.343629 11.337623 11.291182 11.282738 11.377972 12.021719 11.807686 11.836139 10.892022 10.392830 10.819423 10.839764 10.743990 10.941927 12.066690 12.527336 12.587274 12.336435 11.957825 11.899451 12.186116 12.135940 11.874875 11.458483 10.998907 11.000408 12.045467 11.946570 12.298376
