GEOtop_1.45/templates/Duron/output_maps/Tsmean0003.asc
ncols         148
nrows         94
xllcorner     702860.000000
yllcorner     5151965.000000
cellsize      10.000000
NODATA_value  -9999.0
[rows 28 to 55 of 94, columns 0 to 63 of 148]
-9999.0 -9999.0 -9999.0 -9999.0 -9999.0 -9999.0 -9999.0 -9999.0 -9999.0 -9999.0 -9999.0 -9999.0 11.125366 11.134168 10.996245 10.721551 10.476484 10.402778 10.619088 10.706717 10.590932 10.647269 10.779783 10.797734 10.735666 10.698036 10.711897 10.677057 10.361202 10.590547 10.810584 10.504184 10.604238 10.700004 10.522377 10.543916 10.593874 10.471203 10.526266 10.599250 10.416812 10.558657 10.656312 10.720630 10.759379 10.681646 10.442184 10.109439 10.520981 10.919904 10.908416 11.036311 10.840493 10.958581 11.000395 10.729033 10.622113 10.847331 10.962375 10.718372 10.438838 10.659988 10.114625 10.457086
-9999.0 -9999.0 -9999.0 -9999.0 -9999.0 -9999.0 -9999.0 -9999.0 -9999.0 -9999.0 -9999.0 -9999.0 -9999.0 11.023129 10.993007 10.858081 10.634081 10.473652 10.409248 10.583077 10.751086 10.715177 10.679079 10.711574 10.792006 10.764573 10.753688 10.686641 10.472209 10.535012 10.697447 10.592643 10.594859 10.802326 10.768301 10.631395 10.592107 10.628426 10.660564 10.617176 10.728494 10.450376 10.477934 10.649382 10.830714 10.803246 10.688218 10.211975 10.248858 10.793919 10.968800 10.650768 10.300298 10.423240 11.163666 11.067256 10.705211 10.635721 10.810392 10.997544 10.447785 9.915043 9.826757 9.307512
-9999.0 -9999.0 -9999.0 -9999.0 -9999.0 -9999.0 -9999.0 -9999.0 -9999.0 -9999.0 -9999.0 -9999.0 -9999.0 11.005184 10.934686 10.843389 10.742508 10.597612 10.324970 10.258366 10.587326 10.695615 10.727830 10.813695 10.815574 10.816980 10.741225 10.612729 10.593693 10.775032 10.425898 9.648088 10.067305 10.460535 10.755903 10.790843 10.742296 10.634374 10.637868 10.685786 10.654711 10.591702 10.544579 10.612062 10.777729 10.869109 10.717868 10.556539 10.489788 10.719038 10.935043 10.931001 10.670423 10.198781 10.255547 10.757131 11.178557 11.114746 11.527599 11.477363 10.765415 9.667706 8.328288 7.662649
-9999.0 -9999.0 -9999.0 -9999.0 -9999.0 -9999.0 -9999.0 -9999.0 -9999.0 -9999.0 -9999.0 -9999.0 -9999.0 -9999.0 11.147613 11.039399 10.637214 10.515000 10.423594 10.171588 9.666503 9.827948 10.037836 10.660564 10.756323 10.819888 10.792282 10.528609 10.654394 10.147042 11.164454 8.716670 8.690765 9.002473 10.669546 10.764719 10.733077 10.733126 10.646997 10.614442 10.656626 10.617039 10.714580 10.737773 10.515363 10.384813 10.488560 10.742370 10.747129 10.860472 10.865061 10.860496 10.911547 10.669581 10.403996 10.454418 10.315624 11.359468 11.499948 11.483421 11.189656 9.778659 8.437037 7.706698
-9999.0 -9999.0 -9999.0 -9999.0 -9999.0 -9999.0 -9999.0 -9999.0 -9999.0 -9999.0 -9999.0 -9999.0 -9999.0 -9999.0 -9999.0 11.360461 11.120069 10.417493 10.136408 10.370467 10.135307 9.927091 9.474476 9.637483 10.318555 10.410329 10.606199 10.440720 10.116216 11.117765 10.995852 8.317071 8.014908 8.260443 9.565429 10.608927 10.719670 10.710843 10.771546 10.649905 10.579714 10.631618 10.645860 10.758719 10.833649 10.462728 10.340277 10.285919 10.498744 10.773035 10.977300 10.816762 10.756519 10.801555 10.550615 10.162535 10.906898 11.354245 11.685402 11.664427 11.675357 10.718135 9.832128 8.400788
-9999.0 -9999.0 -9999.0 -9999.0 -9999.0 -9999.0 -9999.0 -9999.0 -9999.0 -9999.0 -9999.0 -9999.0 -9999.0 -9999.0 -9999.0 -9999.0 -9999.0 10.730625 10.226905 9.837059 10.525625 10.308874 9.704094 9.569119 10.070893 10.250154 10.233669 10.409568 10.895708 10.974601 11.119390 9.882135 7.894864 7.277753 8.470321 10.019136 10.415755 10.905186 10.793622 10.687910 10.734626 10.592881 10.575935 10.652670 10.847685 10.853509 10.565909 10.423639 10.790402 10.636772 10.856955 10.727362 10.476281 10.295625 10.431856 11.057614 11.010444 11.114526 11.571581 11.744054 12.087274 11.760489 10.547082 8.323465
-9999.0 -9999.0 -9999.0 -9999.0 -9999.0 -9999.0 -9999.0 -9999.0 -9999.0 -9999.0 -9999.0 -9999.0 -9999.0 -9999.0 -9999.0 -9999.0 -9999.0 -9999.0 10.900103 10.224357 10.306661 10.073055 9.892689 9.868892 9.749204 10.114057 10.004039 10.885352 10.936818 10.962563 10.996006 10.155492 8.332437 7.287906 7.595083 9.305154 10.296312 10.575780 10.878923 10.745729 10.759599 10.727370 10.771554 10.825628 10.743342 10.471315 10.530762 10.654111 10.887442 10.868111 10.747881 10.757417 10.744754 10.742379 11.175203 11.014224 11.092861 11.279020 11.673519 11.528263 11.945019 12.178472 11.436253 10.851913
-9999.0 -9999.0 -9999.0 -9999.0 -9999.0 -9999.0 -9999.0 -9999.0 -9999.0 -9999.0 -9999.0 -9999.0 -9999.0 -9999.0 -9999.0 -9999.0 -9999.0 -9999.0 -9999.0 -9999.0 10.922879 10.550238 10.312339 10.155772 9.806583 9.412690 10.525710 10.295101 10.570220 10.794469 10.788290 10.165750 8.217414 7.344017 7.613389 8.656244 10.164441 10.565121 10.659808 10.851058 10.810385 10.704237 10.760818 10.849607 10.996948 10.658984 10.063320 10.726106 10.800354 10.971542 10.812598 10.810101 10.706425 12.106003 11.939620 11.576692 11.376985 11.604435 11.951269 11.733261 11.751302 12.177021 11.878465 11.733620
-9999.0 -9999.0 -9999.0 -9999.0 -9999.0 -9999.0 -9999.0 -9999.0 -9999.0 -9999.0 -9999.0 -9999.0 -9999.0 -9999.0 -9999.0 -9999.0 -9999.0 -9999.0 -9999.0 -9999.0 -9999.0 -9999.0 10.660421 10.466121 10.248137 10.185662 10.789626 10.801486 10.726039 10.637789 10.276052 9.287780 8.148538 7.791794 7.910313 8.522628 10.195467 10.526034 10.574443 11.028594 10.855842 10.845139 10.754487 10.760385 10.926309 10.971026 10.567911 10.598308 10.933966 10.918968 10.717064 10.699845 10.934392 11.965665 12.205198 12.134511 11.996065 12.131180 12.198014 12.118871 11.715623 12.104259 12.060804 11.597665
-9999.0 -9999.0 -9999.0 -9999.0 -9999.0 -9999.0 -9999.0 -9999.0 -9999.0 -9999.0 -9999.0 -9999.0 -9999.0 -9999.0 -9999.0 -9999.0 -9999.0 -9999.0 -9999.0 -9999.0 -9999.0 -9999.0 -9999.0 11.026581 10.725792 10.868097 10.802187 10.722495 10.611922 10.684822 10.392880 8.678756 7.819753 7.749646 7.962171 8.493398 10.142650 10.665684 10.401470 10.613476 11.050098 10.788777 10.821047 10.761788 10.698057 10.828386 10.936669 10.769251 10.903639 10.876349 10.960618 10.886030 10.261032 11.475213 12.172105 12.176203 12.174620 12.422906 12.698922 12.602770 11.919427 11.982207 11.925976 11.463178
-9999.0 -9999.0 -9999.0 -9999.0 -9999.0 -9999.0 -9999.0 -9999.0 -9999.0 -9999.0 -9999.0 -9999.0 -9999.0 -9999.0 -9999.0 -9999.0 -9999.0 -9999.0 -9999.0 -9999.0 -9999.0 -9999.0 -9999.0 -9999.0 -9999.0 11.369849 11.000740 11.003123 10.974505 9.580470 9.286467 8.985362 7.838634 7.757507 7.629357 8.074847 10.009887 10.688919 10.487183 10.505665 11.162381 10.946955 10.839111 10.557281 10.620784 10.994315 10.972181 10.886636 10.965302 10.970141 10.729368 11.249216 11.243483 11.385310 11.729938 12.088395 12.064887 12.197412 12.726269 12.965700 12.542514 12.054493 11.948915 11.248396
-9999.0 -9999.0 -9999.0 -9999.0 -9999.0 -9999.0 -9999.0 -9999.0 -9999.0 -9999.0 -9999.0 -9999.0 -9999.0 -9999.0 -9999.0 -9999.0 -9999.0 -9999.0 -9999.0 -9999.0 -9999.0 -9999.0 -9999.0 -9999.0 -9999.0 -9999.0 -9999.0 10.966623 10.132801 10.358675 9.162053 8.710038 7.735341 7.605166 7.564346 7.849483 8.865790 10.490498 10.606626 10.393013 10.836811 11.131778 11.099629 10.729084 10.532283 10.919622 11.016491 10.931069 10.912406 10.874181 10.981115 10.587422 11.273180 11.548059 11.416060 11.724623 11.868222 11.994699 12.440477 12.991586 12.840849 12.418414 12.342983 11.639841
-9999.0 -9999.0 -9999.0 -9999.0 -9999.0 -9999.0 -9999.0 -9999.0 -9999.0 -9999.0 -9999.0 -9999.0 -9999.0 -9999.0 -9999.0 -9999.0 -9999.0 -9999.0 -9999.0 -9999.0 -9999.0 -9999.0 -9999.0 -9999.0 -9999.0 -9999.0 -9999.0 -9999.0 9.202387 9.594598 10.168706 9.159930 7.928146 7.251120 7.323241 7.543529 8.098181 9.337983 10.489753 10.523231 10.745227 10.800480 11.054622 10.965151 10.777536 10.738717 10.957566 11.012617 10.927062 11.750884 11.261542 11.048920 10.757807 11.126742 11.404258 11.498148 11.797527 11.868070 12.028666 12.630042 12.700210 12.655310 12.420022 12.368225
-9999.0 -9999.0 -9999.0 -9999.0 -9999.0 -9999.0 -9999.0 -9999.0 -9999.0 -9999.0 -9999.0 -9999.0 -9999.0 -9999.0 -9999.0 -9999.0 -9999.0 -9999.0 -9999.0 -9999.0 -9999.0 -9999.0 -9999.0 -9999.0 -9999.0 -9999.0 -9999.0 -9999.0 -9999.0 9.820016 9.152219 7.896644 7.603609 7.040543 6.834399 7.220285 7.576903 8.337311 9.421027 9.769878 10.320446 10.665589 10.701502 10.701061 10.937715 10.823218 10.709208 10.389459 10.996171 11.321799 11.515518 11.578047 10.687503 10.673295 11.027979 11.011866 11.339720 11.519703 11.427605 11.714312 12.254733 12.403642 12.055252 12.072163
-9999.0 -9999.0 -9999.0 -9999.0 -9999.0 -9999.0 -9999.0 -9999.0 -9999.0 -9999.0 -9999.0 -9999.0 -9999.0 -9999.0 -9999.0 -9999.0 -9999.0 -9999.0 -9999.0 -9999.0 -9999.0 -9999.0 -9999.0 -9999.0 -9999.0 -9999.0 -9999.0 -9999.0 -9999.0 -9999.0 10.134096 9.563396 7.818749 6.917479 6.658669 6.825757 7.349827 7.780020 8.434441 8.904250 9.496576 10.099912 10.390483 10.646400 10.466628 10.061686 10.914145 10.572712 10.250234 10.762376 11.440864 11.261345 10.131117 10.291239 10.454356 10.508640 10.636883 10.872942 10.791443 10.545945 10.929451 11.186333 11.383684 11.542299
-9999.0 -9999.0 -9999.0 -9999.0 -9999.0 -9999.0 -9999.0 -9999.0 -9999.0 -9999.0 -9999.0 -9999.0 -9999.0 -9999.0 -9999.0 -9999.0 -9999.0 -9999.0 -9999.0 -9999.0 -9999.0 -9999.0 -9999.0 -9999.0 -9999.0 -9999.0 -9999.0 -9999.0 -9999.0 -9999.0 -9999.0 9.152271 8.884373 7.605950 6.967245 6.954236 7.393036 7.739760 8.183141 8.691497 8.737903 9.098124 9.787000 9.879722 10.336825 10.263481 10.343652 10.101532 10.049419 10.376910 11.088238 11.567770 10.357643 10.073295 10.260859 10.179984 10.476835 10.576110 10.345359 9.992326 10.073562 10.551001 9.695633 10.357691
-9999.0 -9999.0 -9999.0 -9999.0 -9999.0 -9999.0 -9999.0 -9999.0 -9999.0 -9999.0 -9999.0 -9999.0 -9999.0 -9999.0 -9999.0 -9999.0 -9999.0 -9999.0 -9999.0 -9999.0 -9999.0 -9999.0 -9999.0 -9999.0 -9999.0 -9999.0 -9999.0 -9999.0 -9999.0 -9999.0 -9999.0 -9999.0 8.514326 8.044976 7.495548 7.465511 7.675943 7.970563 8.335845 8.670678 8.772694 8.963812 9.068591 10.406187 9.915480 9.900626 10.298395 10.149485 10.165829 10.141213 11.051322 11.658968 10.866192 10.307595 10.463007 10.396336 10.625599 10.547548 10.102843 9.937545 9.443316 9.818337 9.211798 9.267865
-9999.0 -9999.0 -9999.0 -9999.0 -9999.0 -9999.0 -9999.0 -9999.0 -9999.0 -9999.0 -9999.0 -9999.0 -9999.0 -9999.0 -9999.0 -9999.0 -9999.0 -9999.0 -9999.0 -9999.0 -9999.0 -9999.0 -9999.0 -9999.0 -9999.0 -9999.0 -9999.0 -9999.0 -9999.0 -9999.0 -9999.0 -9999.0 8.342932 7.986435 7.530232 7.483022 7.684495 7.937179 8.387536 8.567140 8.712496 9.071620 10.151895 10.526908 9.872970 9.795965 10.014984 9.956461 8.931294 9.821500 10.760383 11.644731 11.262036 10.408193 10.250924 10.092483 10.163043 10.323185 10.041676 9.086022 9.256389 9.423163 9.025281 8.806425
-9999.0 -9999.0 -9999.0 -9999.0 -9999.0 -9999.0 -9999.0 -9999.0 -9999.0 -9999.0 -9999.0 -9999.0 -9999.0 -9999.0 -9999.0 -9999.0 -9999.0 -9999.0 -9999.0 -9999.0 -9999.0 -9999.0 -9999.0 -9999.0 -9999.0 -9999.0 -9999.0 -9999.0 -9999.0 -9999.0 -9999.0 -9999.0 -9999.0 8.015978 7.819728 7.662503 7.853492 8.035073 8.283435 8.509037 8.737293 9.346076 11.151430 11.109862 10.512612 10.324142 10.747056 10.249371 9.657538 9.002086 10.984544 11.596796 11.753812 10.824903 10.596304 10.197789 9.540491 10.099533 10.691167 9.435690 8.981684 8.728017 8.551564 8.234727
-9999.0 -9999.0 -9999.0 -9999.0 -9999.0 -9999.0 -9999.0 -9999.0 -9999.0 -9999.0 -9999.0 -9999.0 -9999.0 -9999.0 -9999.0 -9999.0 -9999.0 -9999.0 -9999.0 -9999.0 -9999.0 -9999.0 -9999.0 -9999.0 -9999.0 -9999.0 -9999.0 -9999.0 -9999.0 -9999.0 -9999.0 -9999.0 -9999.0 -9999.0 7.853243 8.046747 8.234235 8.573946 8.632525 8.645246 8.925955 9.510622 10.712642 11.617417 11.619260 11.617807 11.807716 11.229358 10.293349 9.345892 11.106184 11.647121 11.995926 11.336397 10.942596 10.395985 10.141597 10.193604 9.495588 9.283530 9.044643 8.780652 8.152775 7.489296
-9999.0 -9999.0 -9999.0 -9999.0 -9999.0 -9999.0 -9999.0 -9999.0 -9999.0 -9999.0 -9999.0 -9999.0 -9999.0 -9999.0 -9999.0 -9999.0 -9999.0 -9999.0 -9999.0 -9999.0 -9999.0 -9999.0 -9999.0 -9999.0 -9999.0 -9999.0 -9999.0 -9999.0 -9999.0 -9999.0 -9999.0 -9999.0 -9999.0 -9999.0 -9999.0 8.304643 8.398313 8.725156 9.028139 9.350987 9.630225 9.751851 10.758906 11.390089 12.024199 12.200997 12.320734 11.727537 10.815837 10.326820 11.591111 11.859810 12.175588 11.878340 11.486755 10.702728 10.561716 9.983657 9.449504 9.071145 8.791253 8.671212 8.101434 7.497394
-9999.0 -9999.0 -9999.0 -9999.0 -9999.0 -9999.0 -9999.0 -9999.0 -9999.0 -9999.0 -9999.0 -9999.0 -9999.0 -9999.0 -9999.0 -9999.0 -9999.0 -9999.0 -9999.0 -9999.0 -9999.0 -9999.0 -9999.0 -9999.0 -9999.0 -9999.0 -9999.0 -9999.0 -9999.0 -9999.0 -9999.0 -9999.0 -9999.0 -9999.0 -9999.0 -9999.0 -9999.0 -9999.0 9.682160 9.932494 10.508066 10.948591 10.972860 11.070378 11.756144 12.395299 12.666247 12.172447 11.729089 10.179385 11.990292 12.087690 12.356764 12.386588 11.754042 11.680549 10.914737 10.477649 9.549302 9.093362 8.601331 8.396520 8.070892 7.799903
-9999.0 -9999.0 -9999.0 -9999.0 -9999.0 -9999.0 -9999.0 -9999.0 -9999.0 -9999.0 -9999.0 -9999.0 -9999.0 -9999.0 -9999.0 -9999.0 -9999.0 -9999.0 -9999.0 -9999.0 -9999.0 -9999.0 -9999.0 -9999.0 -9999.0 -9999.0 -9999.0 -9999.0 -9999.0 -9999.0 -9999.0 -9999.0 -9999.0 -9999.0 -9999.0 -9999.0 -9999.0 -9999.0 -9999.0 10.845615 10.604457 11.063972 11.075931 11.236609 11.657535 12.418739 12.785862 13.090811 11.874272 10.491917 12.237402 12.241984 12.322938 12.470978 11.989463 12.074405 11.021061 10.781324 9.201071 8.935556 8.646165 8.255414 7.952850 7.848014
-9999.0 -9999.0 -9999.0 -9999.0 -9999.0 -9999.0 -9999.0 -9999.0 -9999.0 -9999.0 -9999.0 -9999.0 -9999.0 -9999.0 -9999.0 -9999.0 -9999.0 -9999.0 -9999.0 -9999.0 -9999.0 -9999.0 -9999.0 -9999.0 -9999.0 -9999.0 -9999.0 -9999.0 -9999.0 -9999.0 -9999.0 -9999.0 -9999.0 -9999.0 -9999.0 -9999.0 -9999.0 -9999.0 -9999.0 -9999.0 -9999.0 -9999.0 -9999.0 -9999.0 -9999.0 12.516076 12.776226 13.068771 -9999.0 -9999.0 12.362738 12.243531 12.372015 12.243869 12.631136 12.385522 11.615425 10.534100 8.308214 8.321822 8.410194 8.036009 7.716912 7.619145
-9999.0 -9999.0 -9999.0 -9999.0 -9999.0 -9999.0 -9999.0 -9999.0 -9999.0 -9999.0 -9999.0 -9999.0 -9999.0 -9999.0 -9999.0 -9999.0 -9999.0 -9999.0 -9999.0 -9999.0 -9999.0 -9999.0 -9999.0 -9999.0 -9999.0 -9999.0 -9999.0 -9999.0 -9999.0 -9999.0 -9999.0 -9999.0 -9999.0 -9999.0 -9999.0 -9999.0 -9999.0 -9999.0 -9999.0 -9999.0 -9999.0 -9999.0 -9999.0 -9999.0 -9999.0 -9999.0 -9999.0 -9999.0 -9999.0 -9999.0 -9999.0 12.295403 12.450396 12.116132 12.970628 12.782009 12.441377 11.445792 9.269765 8.412982 8.176559 8.002331 7.667981 7.537193
-9999.0 -9999.0 -9999.0 -9999.0 -9999.0 -9999.0 -9999.0 -9999.0 -9999.0 -9999.0 -9999.0 -9999.0 -9999.0 -9999.0 -9999.0 -9999.0 -9999.0 -9999.0 -9999.0 -9999.0 -9999.0 -9999.0 -9999.0 -9999.0 -9999.0 -9999.0 -9999.0 -9999.0 -9999.0 -9999.0 -9999.0 -9999.0 -9999.0 -9999.0 -9999.0 -9999.0 -9999.0 -9999.0 -9999.0 -9999.0 -9999.0 -9999.0 -9999.0 -9999.0 -9999.0 -9999.0 -9999.0 -9999.0 -9999.0 -9999.0 -9999.0 -9999.0 -9999.0 -9999.0 12.944802 12.970782 12.732533 12.201903 11.344944 9.529617 8.296878 8.141502 7.851630 7.874448
-9999.0 -9999.0 -9999.0 -9999.0 -9999.0 -9999.0 -9999.0 -9999.0 -9999.0 -9999.0 -9999.0 -9999.0 -9999.0 -9999.0 -9999.0 -9999.0 -9999.0 -9999.0 -9999.0 -9999.0 -9999.0 -9999.0 -9999.0 -9999.0 -9999.0 -9999.0 -9999.0 -9999.0 -9999.0 -9999.0 -9999.0 -9999.0 -9999.0 -9999.0 -9999.0 -9999.0 -9999.0 -9999.0 -9999.0 -9999.0 -9999.0 -9999.0 -9999.0 -9999.0 -9999.0 -9999.0 -9999.0 -9999.0 -9999.0 -9999.0 -9999.0 -9999.0 -9999.0 -9999.0 -9999.0 -9999.0 -9999.0 11.332479 -9999.0 10.245761 9.125106 8.530178 8.034039 7.805952
-9999.0 -9999.0 -9999.0 -9999.0 -9999.0 -9999.0 -9999.0 -9999.0 -9999.0 -9999.0 -9999.0 -9999.0 -9999.0 -9999.0 -9999.0 -9999.0 -9999.0 -9999.0 -9999.0 -9999.0 -9999.0 -9999.0 -9999.0 -9999.0 -9999.0 -9999.0 -9999.0 -9999.0 -9999.0 -9999.0 -9999.0 -9999.0 -9999.0 -9999.0 -9999.0 -9999.0 -9999.0 -9999.0 -9999.0 -9999.0 -9999.0 -9999.0 -9999.0 -9999.0 -9999.0 -9999.0 -9999.0 -9999.0 -9999.0 -9999.0 -9999.0 -9999.0 -9999.0 -9999.0 -9999.0 -9999.0 -9999.0 -9999.0 -9999.0 -9999.0 -9999.0 9.040343 8.683333 8.618406
