GEOtop_1.45/templates/Duron/output_maps/watertable0003.asc
ncols         148
nrows         94
xllcorner     702860.000000
yllcorner     5151965.000000
cellsize      10.000000
NODATA_value  -9999.0
[rows 52 to 77 of 94, columns 59 to 117 of 148]
1153.690885 1134.511161 1153.646169 1162.815804 1180.095702 1181.053257 1130.829925 1118.341789 1132.576789 1127.031958 1111.443621 1125.915844 1115.887362 1145.935430 1133.668133 1089.027350 1078.975233 1151.580577 1103.043521 1095.380880 1047.946092 1082.389289 1085.160596 1065.224807 1090.624743 1094.130070 1064.565849 1022.449983 1010.830183 1015.372456 1003.382513 1012.567398 997.166568 998.751422 1014.366838 1028.429324 1036.910567 1022.911623 1027.808082 1031.687529 1032.933049 1051.873439 1079.660139 1084.612404 1120.121306 1130.510604 1123.736896 1055.132307 1046.809381 1056.806886 1056.356266 1029.869487 1027.032296 1037.443175 1042.508045 1037.812098 1036.539180 1023.422019 1001.815981
1092.439561 1126.227285 1132.586399 1152.310344 1141.962527 1181.562368 1159.823385 1118.786187 1115.207914 1130.747935 1134.103626 1132.975245 1135.957816 1142.645966 1155.802987 1104.576011 1088.569916 1083.878671 1086.485130 1077.837856 1048.208865 1103.495151 1153.468716 1093.053623 1080.768320 1054.137670 1056.317280 1059.968803 1005.672761 1004.034559 1002.730153 1004.576252 998.306918 1011.575926 1011.756332 1010.047858 1034.851498 1037.626252 1018.251398 1032.518821 1019.869446 1040.295442 1073.149999 1155.433379 1186.874421 1185.624444 1079.821196 1044.859017 1054.291730 1060.175136 1020.620210 1006.909846 1027.742052 1031.317406 1050.936296 1044.676204 1029.151053 1022.766365 1015.087971
1037.246035 1115.406164 1109.395635 1138.689979 1142.187885 1137.571866 1154.357044 1134.582602 1134.691553 1125.102060 1117.900339 1126.093853 1123.527584 1165.892809 1169.807067 1126.566828 1095.521154 1097.125396 1102.772449 1093.243722 1042.015928 1097.515641 1210.721527 1144.470893 1061.358305 1057.509909 1017.633881 1051.174157 1035.260995 1008.651812 1006.566228 1014.887168 1010.661226 1004.370921 1000.330058 1016.325867 1032.453208 1049.608098 1026.009760 1034.553252 1035.438734 1057.238028 1130.051561 1207.819250 1201.640702 1122.078809 1078.258887 1057.838714 1038.916280 1028.134597 1016.164510 1011.182592 1024.584590 1032.652580 1051.643728 1043.521671 1044.234388 1025.255725 1021.027491
-9999.0 -9999.0 1104.469604 1119.443722 1115.177412 1140.910926 1137.992769 1149.640640 1191.574371 1183.524282 1154.421648 1123.218353 1123.743772 1151.207125 1175.324705 1152.094086 1132.903654 1107.013646 1122.763434 1130.589468 1071.753085 1076.109040 1165.860970 1154.846128 1071.734710 1036.038718 1038.317433 1008.238009 1060.089682 1033.566899 1013.658827 1000.236680 1005.536936 1012.143188 1000.193587 1021.962964 1078.843702 1084.182910 1055.628093 1077.269895 1091.454124 1232.888276 1257.425706 1278.223651 1236.884988 1138.792464 1060.614295 1057.162592 1048.200984 1062.278601 1040.799991 1072.391156 1089.671408 1137.069757 1109.626162 1090.734159 1095.399327 1085.191758 1038.291755
-9999.0 -9999.0 -9999.0 -9999.0 1035.984541 1094.727697 1071.995008 1111.935923 1155.680151 1216.226489 1211.634915 1161.207877 1127.749727 1147.686945 1155.442125 1125.664539 1124.265912 1139.552755 1146.482845 1178.577007 1143.558051 1082.212686 1142.474479 1171.376909 1068.913641 1032.090248 1024.758188 1009.870460 1008.077119 1020.367172 1010.781544 1013.127203 1048.399536 1089.560029 1102.662027 1110.266324 1162.484350 1188.952014 1172.141151 1231.691585 1264.688747 1269.147621 1368.605512 1280.416076 1182.213764 1160.445422 1148.244696 1164.899538 1149.631697 1118.862324 1160.312682 1163.674229 1242.124978 1264.055446 1235.914071 1183.096271 1196.645697 1157.276030 1112.392147
-9999.0 -9999.0 -9999.0 -9999.0 -9999.0 -9999.0 1019.297146 1060.794469 1087.620995 1129.425348 1196.444451 1177.903631 1149.341582 1137.826698 1150.587353 1123.229065 1097.951965 1120.324477 1168.386176 1211.489026 1187.923002 1143.402258 1122.340376 1153.722646 1116.229533 1037.290982 1016.805305 1010.798300 1013.717126 1015.900495 1019.358277 1029.415333 1057.078374 1113.234226 1174.260118 1219.264446 1236.743639 1284.584759 1310.311875 1305.504339 1335.715140 1368.792377 1328.221647 1318.165741 1333.927304 1300.566598 1282.617312 1283.398468 1263.507392 1259.369759 1252.740308 1243.736500 1256.664955 1274.778634 1236.559872 1254.868773 1199.526855 1115.320186 1131.818371
-9999.0 -9999.0 -9999.0 -9999.0 -9999.0 -9999.0 -9999.0 -9999.0 1176.739524 1180.048958 1197.155989 1232.203348 1223.804957 1166.803837 1102.543266 1140.323986 1135.672674 1147.824012 1297.541583 1700.963204 1485.505809 1374.738412 1276.929350 1159.099880 1113.074322 1057.371452 1002.663376 1059.458872 1041.508104 1057.105272 1086.035753 1148.290428 1192.810473 1192.079881 1241.745003 1240.327530 1248.760535 1289.298447 1247.626437 1311.132693 1323.141982 1349.761881 1366.874740 1370.451204 1442.943071 1354.537962 1315.575293 1301.260037 1341.523844 1296.002155 1188.117763 1216.229167 1208.016375 1189.749436 1144.611739 1167.308215 1115.647088 1119.458960 1155.975678
-9999.0 -9999.0 -9999.0 -9999.0 -9999.0 -9999.0 -9999.0 -9999.0 1268.156603 1292.355465 1262.184623 1271.579230 1266.058426 1324.389522 1435.968790 1461.097520 1434.189980 1544.380046 1680.431356 1447.238668 1459.133128 1381.919809 1389.976852 1307.047916 1222.825416 1086.981640 1078.773339 1103.117237 1163.309283 1170.668761 1261.574131 1262.328899 1267.828033 1256.372927 1278.483188 1295.687668 1313.445133 1338.190496 1350.335891 1324.369362 1351.447642 1403.259882 1380.167047 1327.271301 1266.655805 1218.824909 1164.689904 1114.987177 1108.082302 1117.316327 1082.225759 1150.258557 1163.235592 1067.418065 1087.144596 1086.509880 1136.545829 1153.340974 1154.889325
-9999.0 -9999.0 -9999.0 -9999.0 -9999.0 -9999.0 -9999.0 -9999.0 1295.596302 1399.901355 1367.917960 1437.395796 1478.469107 1519.987603 1610.897703 1567.137196 1544.430158 1499.256230 1556.283853 1416.808704 1445.980382 1483.685867 1475.765170 1507.488096 1372.539853 1220.685034 1206.574498 1250.835321 1243.212551 1280.587567 1277.116747 1257.009306 1308.131273 1269.357480 1234.147336 1266.252470 1358.207319 1304.613847 1290.492770 1334.485225 1287.069056 1296.435958 1205.409324 1203.299002 1150.270062 1076.437764 1084.751545 1034.406665 1064.533058 1101.074456 1190.283740 1145.053162 1148.957746 1074.542386 1078.752170 1124.746526 1121.284017 1171.914514 1076.869054
-9999.0 -9999.0 -9999.0 -9999.0 -9999.0 -9999.0 -9999.0 -9999.0 1264.123378 1346.730816 1510.907935 1458.355555 1458.463958 1382.226678 1353.648013 1309.029448 1296.809529 1300.974536 1305.121053 1399.945205 1453.435520 1426.554153 1269.400686 1396.696362 1345.574599 1296.189095 1264.289035 1219.032644 1284.438347 1222.013111 1231.506069 1226.866661 1217.092644 1159.312200 1190.481396 1227.113639 1240.362838 1196.827367 1222.890529 1239.198982 1164.637705 1143.678927 1121.965540 1125.654239 1073.493585 1096.431897 1156.861337 1087.546535 1150.847354 1160.648717 1263.551729 1158.504887 1104.958208 1139.155050 1192.192692 1208.356517 1148.859656 1112.782933 1138.625206
-9999.0 -9999.0 -9999.0 -9999.0 -9999.0 -9999.0 -9999.0 -9999.0 1308.301904 1335.790812 1405.517483 1358.104696 1365.044700 1299.436349 1253.436632 1264.082376 1282.283466 1274.308961 1253.038739 1324.793018 1402.294761 1317.306484 1223.898691 1166.335568 1198.779196 1262.486685 1244.902876 1294.384385 1228.383138 1239.454623 1189.968940 1199.114378 1213.366890 1156.384425 1167.012450 1181.813557 1171.028596 1175.620136 1163.494827 1153.568772 1254.018892 1103.241578 1101.730111 1099.879081 1120.579565 1208.290798 1224.496981 1120.878182 1232.052618 1220.044728 1149.072968 1135.633010 1107.611971 1192.387896 1218.312361 1142.773728 1116.910040 1138.021736 1196.049477
-9999.0 -9999.0 -9999.0 -9999.0 -9999.0 -9999.0 -9999.0 1354.420428 1408.439631 1336.845016 1348.087941 1335.655569 1310.705784 1301.221687 1352.829901 1247.463296 1277.514871 1270.704173 1255.383540 1343.099822 1296.216486 1189.022254 1082.730204 1058.401960 1085.633916 1131.542556 1267.515037 1292.837741 1265.555030 1231.410807 1273.039194 1229.443032 1238.225854 1183.450423 1148.092888 1187.499757 1189.407098 1145.111711 1137.815489 1105.091673 1179.434932 1182.632771 1128.479156 1193.936016 1215.967392 1250.430549 1125.981627 1187.764035 1186.580054 1164.809346 1103.483823 1098.552303 1122.824431 1149.365665 1119.549889 1102.961848 1149.272459 1175.930248 1195.750073
-9999.0 -9999.0 -9999.0 -9999.0 -9999.0 -9999.0 -9999.0 1251.058954 1300.612899 1305.798621 1327.372671 1307.846526 1261.377274 1331.463160 1239.709012 1318.257023 1308.788581 1250.840403 1222.695780 1216.793715 1278.002955 1191.502507 1041.630131 1124.431196 1110.858249 1085.379348 1076.883981 1199.838841 1197.339505 1228.164615 1197.807536 1232.492018 1157.300752 1179.702822 1126.611059 1157.551860 1180.540992 1161.132381 1120.396732 1100.679353 1125.783530 1236.301447 1220.707004 1217.130612 1191.546387 1164.910055 1143.728856 1181.307249 1107.608099 1136.660662 1127.609552 1084.412573 1137.074587 1136.698842 1144.628927 1131.766030 1188.248531 1171.619849 1170.453487
-9999.0 -9999.0 -9999.0 -9999.0 -9999.0 -9999.0 -9999.0 1180.926324 1217.338564 1276.660555 1277.347319 1233.720186 1235.383976 1238.483163 1232.332077 1282.756237 1258.083487 1196.530114 1176.690046 1184.252185 1179.744417 1187.405635 1123.839995 1125.390921 1093.600842 1155.802537 1132.063486 1096.449761 1097.831602 1126.055048 1140.545403 1116.332806 1122.654448 1097.647087 1112.978353 1145.022494 1143.063022 1104.637598 1107.266607 1120.633633 1139.139622 1179.562376 1228.978201 1186.137674 1150.991744 1146.723959 1133.505163 1141.576014 1107.196787 1099.767188 1108.308433 1127.467091 1105.242384 1116.982693 1060.020180 1110.059984 1148.772569 1124.283943 1113.091192
-9999.0 -9999.0 -9999.0 -9999.0 -9999.0 -9999.0 -9999.0 1183.983040 1200.758446 1265.317572 1235.938969 1196.442054 1221.433147 1205.515325 1231.525540 1246.491978 1202.589134 1150.011739 1144.341310 1172.873250 1171.923368 1170.969599 1161.377551 1110.787966 1115.476861 1120.637741 1152.605816 1165.927786 1093.549816 1071.577170 1117.905744 1060.634826 1082.253070 1087.567971 1108.364537 1144.546650 1092.101387 1081.724251 1107.362174 1174.753624 1153.508178 1140.564872 1142.609286 1107.554563 1139.358523 1132.652530 1120.765830 1097.930193 1091.819249 1087.331625 1122.450440 1090.182403 1087.154719 1074.537253 1070.032396 1089.472502 1073.534865 1068.719669 1064.749250
-9999.0 -9999.0 -9999.0 -9999.0 -9999.0 -9999.0 -9999.0 1182.472520 1219.594707 1235.797262 1234.192132 1235.664928 1213.504379 1209.728628 1214.059944 1238.943926 1212.340375 1138.897926 1143.163817 1165.664034 1182.635804 1157.768720 1159.530139 1134.337892 1118.156015 1145.831272 1126.702098 1116.281843 1122.944075 1126.226584 1050.813669 1067.669759 1104.883520 1099.668772 1087.322253 1085.902628 1129.105488 1117.224089 1114.953985 1105.898893 1149.064074 1105.335785 1080.956044 1081.319883 1101.234876 1109.072351 1089.348980 1069.633486 1063.125724 1063.597064 1083.594011 1058.305718 1050.762219 1060.676997 1048.710244 1064.247491 1044.021700 1041.448865 1042.834992
-9999.0 -9999.0 -9999.0 -9999.0 -9999.0 -9999.0 -9999.0 1141.585811 1162.174359 1177.365352 1178.858274 1178.920718 1175.100413 1184.428898 1177.850090 1182.163538 1185.873955 1162.461450 1141.571941 1187.234507 1157.844485 1157.235732 1142.441907 1139.465017 1108.844811 1094.142600 1115.551897 1101.024707 1107.406899 1110.576645 1098.618691 1090.985469 1057.101934 1076.584431 1082.121400 1096.843077 1099.707055 1097.765813 1078.534257 1095.825867 1088.830813 1048.034807 1052.465681 1051.233973 1042.568947 1058.860031 1064.589834 1083.641801 1060.974725 1035.308332 1032.024469 1048.841883 1054.372284 1044.732997 1035.699693 1019.248935 1026.258275 1014.440862 1027.007269
-9999.0 -9999.0 -9999.0 -9999.0 -9999.0 -9999.0 -9999.0 1092.807185 1076.108406 1097.393065 1086.552889 1102.487506 1128.675564 1130.235140 1139.159031 1135.453905 1169.111717 1168.423110 1162.753932 1140.256415 1144.180077 1129.180972 1130.169220 1106.492814 1081.249290 1083.675795 1073.793202 1076.668134 1081.715199 1074.757633 1091.388032 1088.492843 1087.029603 1040.593973 1080.425816 1102.074614 1070.787221 1089.044493 1092.356443 1043.639831 1040.949839 1082.703439 1076.352829 1037.185767 1020.038015 1050.516063 1063.286135 1071.442291 1027.401596 1027.721384 1028.335214 1028.956790 1027.637394 1015.334669 1021.191051 1020.202657 1036.809321 1040.537725 1025.683326
-9999.0 -9999.0 -9999.0 -9999.0 -9999.0 -9999.0 -9999.0 -9999.0 1052.185047 1046.372209 1055.688680 1065.793582 1067.683820 1093.453378 1114.022795 1134.879093 1159.187159 1182.270901 1177.884396 1160.899109 1127.667485 1121.644737 1086.785943 1087.605044 1079.460616 1068.761174 1069.671819 1056.650148 1077.327359 1078.803018 1098.686939 1090.007569 1077.133170 1069.161153 1057.156517 1094.742959 1083.379607 1070.683417 1032.798787 1039.754546 1031.455437 1043.873240 1061.846378 1032.958461 1031.536439 1053.716615 1071.072717 1056.376272 1025.775533 1033.908576 1013.925142 1025.947621 1021.176229 1036.026904 1022.623527 1015.418428 1032.356243 1046.562716 1024.207854
-9999.0 -9999.0 -9999.0 -9999.0 -9999.0 -9999.0 -9999.0 -9999.0 1025.661086 1050.435206 1049.024534 1041.869018 1051.971771 1118.211026 1111.326454 1119.415229 1171.703393 1193.018900 1171.456815 1151.962192 1095.856998 1084.812878 1098.700337 1078.475592 1070.495214 1090.796475 1063.122979 1089.964630 1080.750817 1090.414474 1074.330518 1076.914818 1063.963126 1071.615666 1067.914054 1065.407406 1038.227435 1030.906782 1050.240157 1039.131403 1032.180074 1032.798633 1041.851470 1047.875245 1048.641659 1063.713798 1063.595935 1015.599086 1054.963849 1031.112489 1021.384966 1029.785057 1040.868449 1040.688313 1026.354644 1033.799992 1018.528204 1045.513917 1027.478148
-9999.0 -9999.0 -9999.0 -9999.0 -9999.0 -9999.0 -9999.0 -9999.0 -9999.0 1049.476939 1038.189760 1035.212945 1071.048871 1133.680957 1168.816080 1170.575374 1170.260316 1141.779574 1114.900327 1090.442591 1064.057849 1070.275031 1089.200611 1071.376077 1068.522588 1069.650925 1079.919075 1058.595390 1056.765609 1059.449499 1049.340584 1042.157308 1045.933628 1042.093740 1042.505328 1102.949655 1068.550495 1060.293374 1039.599189 1059.341530 1046.400127 1044.885708 1036.220424 1027.763834 1073.526805 1084.203956 1073.966045 1106.781955 1043.228966 1037.649030 1031.402550 1021.544730 1042.054778 1054.859035 1051.826250 1054.243289 1069.539859 1027.530833 1043.361970
-9999.0 -9999.0 -9999.0 -9999.0 -9999.0 -9999.0 -9999.0 -9999.0 1105.278660 1056.987365 1049.548745 1062.790309 1092.529512 1135.773837 1166.869052 1157.405277 1134.628388 1108.809017 1067.967581 1071.690341 1080.969899 1112.653787 1074.552860 1049.871849 1054.737199 1067.921355 1059.179875 1032.362927 1044.004926 1050.747793 1048.432997 1044.276539 1046.396363 1057.589682 1063.270984 1064.501390 1044.887222 1053.650654 1069.919534 1042.937448 1055.151617 1040.896672 1030.188742 1043.054855 1051.421233 1059.876951 1083.386701 1082.207189 1106.263891 1026.189999 1030.819770 1042.672780 1028.326489 1027.621458 1065.414322 1063.299917 1049.661222 1056.606267 1063.095843
-9999.0 -9999.0 -9999.0 -9999.0 -9999.0 -9999.0 -9999.0 -9999.0 1109.100026 1100.662929 1096.485742 1095.552746 1105.993932 1146.185612 1160.999287 1146.437086 1141.814174 1102.533380 1093.324862 1099.463431 1132.408624 1114.611384 1057.027046 1054.463964 1051.123731 1070.309144 1048.240872 1038.311711 1046.561300 1064.487746 1063.910363 1076.132045 1072.782730 1090.665472 1077.583743 1053.642750 1043.411266 1069.625674 1064.359259 1054.616955 1023.231451 1041.463289 1054.190610 1060.902612 1086.826098 1097.780506 1095.324709 1090.138050 1064.347403 1033.281942 1021.795573 1030.957172 1031.188904 1044.738587 1032.083289 1049.586074 1093.647053 1087.896744 1068.468298
-9999.0 -9999.0 -9999.0 -9999.0 -9999.0 -9999.0 -9999.0 1105.272527 1134.734341 1149.642898 1129.755722 1128.392869 1170.547343 1183.134369 1169.045722 1139.396600 1125.812826 1127.662273 1125.913250 1146.288694 1149.624100 1085.158525 1056.884302 1035.745168 1035.920660 1045.306566 1080.520671 1062.645893 1079.263402 1068.456834 1099.922379 1114.098073 1105.176067 1086.781229 1074.610231 1067.607175 1077.557098 1088.303444 1073.416106 1056.945979 1072.660600 1069.330161 1075.568560 1072.146088 1077.474018 1090.517568 1074.207590 1070.957717 1044.781169 1041.718576 1036.383836 1011.745697 1025.349789 1066.776862 1109.898727 1096.491155 1074.912393 1064.211918 1033.936971
-9999.0 -9999.0 -9999.0 -9999.0 -9999.0 -9999.0 -9999.0 1048.900197 1082.134156 1130.511996 1116.956925 1141.968288 1174.344808 1163.223897 1141.404353 1119.956208 1133.970884 1164.564194 1145.242597 1121.273678 1098.631729 1054.504294 1039.489879 1030.831249 1026.590998 1058.749300 1059.785499 1098.025027 1077.143396 1061.731761 1074.670871 1071.806919 1053.193653 1047.852243 1067.179629 1073.852368 1067.839967 1066.816272 1071.674489 1072.814342 1054.871327 1075.385412 1068.029150 1062.377505 1077.706171 1080.466167 1082.090241 1079.735965 1037.354462 1051.955614 1014.531259 1015.195383 1020.028852 1045.997358 1089.791671 1059.966666 1030.466401 1022.442888 1013.523916
-9999.0 -9999.0 -9999.0 -9999.0 -9999.0 -9999.0 1025.622980 1042.658574 1046.758127 1064.288174 1084.445681 1115.199334 1118.190263 1125.076779 1118.739013 1121.359069 1152.142870 1159.996138 1122.278847 1087.035873 1067.065467 1061.911559 1046.722884 1048.230716 1055.478606 1052.499202 1090.753279 1079.264566 1071.641664 1051.596553 1039.379953 1047.147026 1041.861503 1055.847426 1045.761902 1057.113787 1052.688088 1047.226501 1045.050551 1049.175587 1052.730602 1072.648117 1078.657001 1085.068419 1070.978855 1088.568261 1089.003258 1041.697749 1023.680036 1036.930752 1015.907759 1008.756414 1014.723934 1024.807818 1077.675628 1077.738779 1037.832338 1036.090328 1014.962233
