tests/3D/hillslope01/output_maps-SE27XX/psiliqL0058N0002.asc
ncols         104
nrows         10
xllcorner     -2.000000
yllcorner     0.000000
cellsize      1.000000
NODATA_value  -9999.0
-9999.0 -9999.0 -9999.0 -9999.0 -9999.0 -9999.0 -9999.0 -9999.0 -9999.0 -9999.0 -9999.0 -9999.0 -9999.0 -9999.0 -9999.0 -9999.0 -9999.0 -9999.0 -9999.0 -9999.0 -9999.0 -9999.0 -9999.0 -9999.0 -9999.0 -9999.0 -9999.0 -9999.0 -9999.0 -9999.0 -9999.0 -9999.0 -9999.0 -9999.0 -9999.0 -9999.0 -9999.0 -9999.0 -9999.0 -9999.0 -9999.0 -9999.0 -9999.0 -9999.0 -9999.0 -9999.0 -9999.0 -9999.0 -9999.0 -9999.0 -9999.0 -9999.0 -9999.0 -9999.0 -9999.0 -9999.0 -9999.0 -9999.0 -9999.0 -9999.0 -9999.0 -9999.0 -9999.0 -9999.0 -9999.0 -9999.0 -9999.0 -9999.0 -9999.0 -9999.0 -9999.0 -9999.0 -9999.0 -9999.0 -9999.0 -9999.0 -9999.0 -9999.0 -9999.0 -9999.0 -9999.0 -9999.0 -9999.0 -9999.0 -9999.0 -9999.0 -9999.0 -9999.0 -9999.0 -9999.0 -9999.0 -9999.0 -9999.0 -9999.0 -9999.0 -9999.0 -9999.0 -9999.0 -9999.0 -9999.0 -9999.0 -9999.0 -9999.0 -9999.0
-9999.0 -9999.0 -9999.0 -9999.0 -9999.0 -9999.0 -9999.0 -9999.0 -9999.0 -9999.0 -9999.0 -9999.0 -9999.0 -9999.0 -9999.0 -9999.0 -9999.0 -9999.0 -9999.0 -9999.0 -9999.0 -9999.0 -9999.0 -9999.0 -9999.0 -9999.0 -9999.0 -9999.0 -9999.0 -9999.0 -9999.0 -9999.0 -9999.0 -9999.0 -9999.0 -9999.0 -9999.0 -9999.0 -9999.0 -9999.0 -9999.0 -9999.0 -9999.0 -9999.0 -9999.0 -9999.0 -9999.0 -9999.0 -9999.0 -9999.0 -9999.0 -9999.0 -9999.0 -9999.0 -9999.0 -9999.0 -9999.0 -9999.0 -9999.0 -9999.0 -9999.0 -9999.0 -9999.0 -9999.0 -9999.0 -9999.0 -9999.0 -9999.0 -9999.0 -9999.0 -9999.0 -9999.0 -9999.0 -9999.0 -9999.0 -9999.0 -9999.0 -9999.0 -9999.0 -9999.0 -9999.0 -9999.0 -9999.0 -9999.0 -9999.0 -9999.0 -9999.0 -9999.0 -9999.0 -9999.0 -9999.0 -9999.0 -9999.0 -9999.0 -9999.0 -9999.0 -9999.0 -9999.0 -9999.0 -9999.0 -9999.0 -9999.0 -9999.0 -9999.0
-9999.0 -9999.0 5931.393974 5835.181336 5742.243900 5651.793669 5563.032314 5475.302702 5388.125749 5301.177183 5214.247807 5127.207400 5039.977611 4952.513211 4864.789500 4776.794016 4688.521248 4599.969377 4511.138319 4422.028624 4332.641018 4242.976505 4153.036961 4062.825843 3972.348333 3881.610860 3790.620467 3699.384266 3607.909028 3516.200866 3424.264973 3332.105398 3239.724839 3147.124467 3054.303817 2961.260922 2867.993043 2774.498392 2680.778071 2586.835511 2492.675197 2398.301830 2303.719903 2208.933491 2113.946150 2018.760857 1923.379978 1827.805248 1732.037748 1636.077899 1539.925450 1443.579466 1347.038326 1250.299709 1153.360584 1056.217195 958.865034 861.298811 763.512396 665.498733 567.249712 468.755956 370.006493 270.988226 171.685136 72.076938 -27.809453 -126.893763 -217.711447 -287.799234 -333.958612 -362.449478 -380.079052 -391.102480 -398.047917 -402.546778 -405.639860 -407.932132 -409.743374 -411.245292 -412.535376 -413.671668 -414.690718 -415.616677 -416.466155 -417.250996 -417.980071 -418.660509 -419.298940 -419.903018 -420.484735 -421.069261 -421.721805 -422.630107 -424.359596 -428.640596 -440.953200 -481.624426 -634.510231 -749.810654 -755.232180 -770.070395 -9999.0 -9999.0
-9999.0 -9999.0 5931.394463 5835.181728 5742.244161 5651.793821 5563.032394 5475.302741 5388.125768 5301.177191 5214.247811 5127.207402 5039.977612 4952.513211 4864.789500 4776.794016 4688.521248 4599.969377 4511.138318 4422.028624 4332.641018 4242.976505 4153.036961 4062.825842 3972.348332 3881.610860 3790.620467 3699.384266 3607.909028 3516.200865 3424.264972 3332.105398 3239.724839 3147.124467 3054.303817 2961.260922 2867.993043 2774.498392 2680.778071 2586.835511 2492.675197 2398.301830 2303.719903 2208.933492 2113.946150 2018.760857 1923.379978 1827.805248 1732.037748 1636.077900 1539.925450 1443.579466 1347.038326 1250.299709 1153.360584 1056.217195 958.865034 861.298811 763.512396 665.498733 567.249712 468.755956 370.006493 270.988226 171.685136 72.076938 -27.809453 -126.893763 -217.711447 -287.799235 -333.958612 -362.449479 -380.079053 -391.102481 -398.047917 -402.546779 -405.639860 -407.932132 -409.743375 -411.245293 -412.535377 -413.671669 -414.690719 -415.616677 -416.466156 -417.250997 -417.980072 -418.660509 -419.298941 -419.903019 -420.484735 -421.069262 -421.721806 -422.630108 -424.359597 -428.640598 -440.953203 -481.624434 -634.510252 -749.810655 -755.232180 -770.070395 -9999.0 -9999.0
-9999.0 -9999.0 5931.394935 5835.182107 5742.244416 5651.793971 5563.032474 5475.302781 5388.125786 5301.177199 5214.247814 5127.207403 5039.977612 4952.513211 4864.789500 4776.794016 4688.521248 4599.969377 4511.138318 4422.028624 4332.641018 4242.976504 4153.036961 4062.825842 3972.348332 3881.610860 3790.620467 3699.384265 3607.909028 3516.200865 3424.264972 3332.105398 3239.724839 3147.124467 3054.303817 2961.260922 2867.993044 2774.498392 2680.778071 2586.835511 2492.675197 2398.301830 2303.719903 2208.933492 2113.946150 2018.760857 1923.379978 1827.805248 1732.037748 1636.077900 1539.925450 1443.579466 1347.038326 1250.299709 1153.360584 1056.217195 958.865034 861.298811 763.512396 665.498733 567.249712 468.755956 370.006493 270.988226 171.685136 72.076938 -27.809453 -126.893763 -217.711447 -287.799235 -333.958612 -362.449479 -380.079053 -391.102481 -398.047918 -402.546780 -405.639861 -407.932133 -409.743376 -411.245293 -412.535378 -413.671670 -414.690720 -415.616678 -416.466157 -417.250998 -417.980072 -418.660510 -419.298942 -419.903020 -420.484736 -421.069263 -421.721807 -422.630109 -424.359598 -428.640599 -440.953206 -481.624442 -634.510272 -749.810656 -755.232180 -770.070395 -9999.0 -9999.0
-9999.0 -9999.0 5931.394935 5835.182107 5742.244416 5651.793971 5563.032474 5475.302781 5388.125786 5301.177199 5214.247814 5127.207403 5039.977612 4952.513211 4864.789500 4776.794016 4688.521248 4599.969377 4511.138318 4422.028624 4332.641018 4242.976504 4153.036961 4062.825842 3972.348332 3881.610860 3790.620467 3699.384265 3607.909028 3516.200865 3424.264972 3332.105398 3239.724839 3147.124467 3054.303817 2961.260922 2867.993044 2774.498392 2680.778071 2586.835511 2492.675197 2398.301830 2303.719903 2208.933492 2113.946150 2018.760857 1923.379978 1827.805248 1732.037748 1636.077900 1539.925450 1443.579466 1347.038326 1250.299709 1153.360584 1056.217195 958.865034 861.298811 763.512396 665.498733 567.249712 468.755956 370.006493 270.988226 171.685136 72.076938 -27.809453 -126.893763 -217.711447 -287.799235 -333.958612 -362.449479 -380.079053 -391.102481 -398.047918 -402.546780 -405.639861 -407.932133 -409.743376 -411.245293 -412.535378 -413.671670 -414.690720 -415.616678 -416.466157 -417.250998 -417.980072 -418.660510 -419.298942 -419.903020 -420.484736 -421.069263 -421.721807 -422.630109 -424.359598 -428.640599 -440.953206 -481.624442 -634.510272 -749.810656 -755.232180 -770.070395 -9999.0 -9999.0
-9999.0 -9999.0 5931.394463 5835.181728 5742.244161 5651.793821 5563.032395 5475.302741 5388.125768 5301.177191 5214.247811 5127.207402 5039.977612 4952.513211 4864.789500 4776.794016 4688.521248 4599.969377 4511.138318 4422.028624 4332.641018 4242.976505 4153.036961 4062.825842 3972.348332 3881.610860 3790.620467 3699.384266 3607.909028 3516.200865 3424.264972 3332.105398 3239.724839 3147.124467 3054.303817 2961.260922 2867.993043 2774.498392 2680.778071 2586.835511 2492.675197 2398.301830 2303.719903 2208.933492 2113.946150 2018.760857 1923.379978 1827.805248 1732.037748 1636.077900 1539.925450 1443.579466 1347.038326 1250.299709 1153.360584 1056.217195 958.865034 861.298811 763.512396 665.498733 567.249712 468.755956 370.006493 270.988226 171.685136 72.076938 -27.809453 -126.893763 -217.711447 -287.799235 -333.958612 -362.449479 -380.079053 -391.102481 -398.047917 -402.546779 -405.639860 -407.932132 -409.743375 -411.245293 -412.535377 -413.671669 -414.690719 -415.616677 -416.466156 -417.250997 -417.980072 -418.660509 -419.298941 -419.903019 -420.484735 -421.069262 -421.721806 -422.630108 -424.359597 -428.640598 -440.953203 -481.624434 -634.510252 -749.810655 -755.232180 -770.070395 -9999.0 -9999.0
-9999.0 -9999.0 5931.393974 5835.181336 5742.243900 5651.793669 5563.032314 5475.302702 5388.125749 5301.177183 5214.247807 5127.207400 5039.977611 4952.513211 4864.789500 4776.794016 4688.521248 4599.969377 4511.138319 4422.028624 4332.641018 4242.976505 4153.036961 4062.825843 3972.348333 3881.610860 3790.620467 3699.384266 3607.909028 3516.200866 3424.264973 3332.105398 3239.724839 3147.124467 3054.303817 2961.260922 2867.993043 2774.498392 2680.778071 2586.835511 2492.675197 2398.301830 2303.719903 2208.933491 2113.946150 2018.760857 1923.379978 1827.805248 1732.037748 1636.077899 1539.925450 1443.579466 1347.038326 1250.299709 1153.360584 1056.217195 958.865034 861.298811 763.512396 665.498733 567.249712 468.755956 370.006493 270.988226 171.685136 72.076938 -27.809453 -126.893763 -217.711447 -287.799234 -333.958612 -362.449478 -380.079052 -391.102480 -398.047917 -402.546778 -405.639860 -407.932132 -409.743374 -411.245292 -412.535376 -413.671668 -414.690718 -415.616677 -416.466155 -417.250996 -417.980071 -418.660509 -419.298940 -419.903018 -420.484735 -421.069261 -421.721805 -422.630107 -424.359596 -428.640596 -440.953200 -481.624426 -634.510231 -749.810654 -755.232180 -770.070395 -9999.0 -9999.0
-9999.0 -9999.0 -9999.0 -9999.0 -9999.0 -9999.0 -9999.0 -9999.0 -9999.0 -9999.0 -9999.0 -9999.0 -9999.0 -9999.0 -9999.0 -9999.0 -9999.0 -9999.0 -9999.0 -9999.0 -9999.0 -9999.0 -9999.0 -9999.0 -9999.0 -9999.0 -9999.0 -9999.0 -9999.0 -9999.0 -9999.0 -9999.0 -9999.0 -9999.0 -9999.0 -9999.0 -9999.0 -9999.0 -9999.0 -9999.0 -9999.0 -9999.0 -9999.0 -9999.0 -9999.0 -9999.0 -9999.0 -9999.0 -9999.0 -9999.0 -9999.0 -9999.0 -9999.0 -9999.0 -9999.0 -9999.0 -9999.0 -9999.0 -9999.0 -9999.0 -9999.0 -9999.0 -9999.0 -9999.0 -9999.0 -9999.0 -9999.0 -9999.0 -9999.0 -9999.0 -9999.0 -9999.0 -9999.0 -9999.0 -9999.0 -9999.0 -9999.0 -9999.0 -9999.0 -9999.0 -9999.0 -9999.0 -9999.0 -9999.0 -9999.0 -9999.0 -9999.0 -9999.0 -9999.0 -9999.0 -9999.0 -9999.0 -9999.0 -9999.0 -9999.0 -9999.0 -9999.0 -9999.0 -9999.0 -9999.0 -9999.0 -9999.0 -9999.0 -9999.0
-9999.0 -9999.0 -9999.0 -9999.0 -9999.0 -9999.0 -9999.0 -9999.0 -9999.0 -9999.0 -9999.0 -9999.0 -9999.0 -9999.0 -9999.0 -9999.0 -9999.0 -9999.0 -9999.0 -9999.0 -9999.0 -9999.0 -9999.0 -9999.0 -9999.0 -9999.0 -9999.0 -9999.0 -9999.0 -9999.0 -9999.0 -9999.0 -9999.0 -9999.0 -9999.0 -9999.0 -9999.0 -9999.0 -9999.0 -9999.0 -9999.0 -9999.0 -9999.0 -9999.0 -9999.0 -9999.0 -9999.0 -9999.0 -9999.0 -9999.0 -9999.0 -9999.0 -9999.0 -9999.0 -9999.0 -9999.0 -9999.0 -9999.0 -9999.0 -9999.0 -9999.0 -9999.0 -9999.0 -9999.0 -9999.0 -9999.0 -9999.0 -9999.0 -9999.0 -9999.0 -9999.0 -9999.0 -9999.0 -9999.0 -9999.0 -9999.0 -9999.0 -9999.0 -9999.0 -9999.0 -9999.0 -9999.0 -9999.0 -9999.0 -9999.0 -9999.0 -9999.0 -9999.0 -9999.0 -9999.0 -9999.0 -9999.0 -9999.0 -9999.0 -9999.0 -9999.0 -9999.0 -9999.0 -9999.0 -9999.0 -9999.0 -9999.0 -9999.0 -9999.0