tests/3D/hillslope01/output_maps-SE27XX/psiliqL0041N0001.asc
ncols         104
nrows         10
xllcorner     -2.000000
yllcorner     0.000000
cellsize      1.000000
NODATA_value  -9999.0
-9999.0 -9999.0 -9999.0 -9999.0 -9999.0 -9999.0 -9999.0 -9999.0 -9999.0 -9999.0 -9999.0 -9999.0 -9999.0 -9999.0 -9999.0 -9999.0 -9999.0 -9999.0 -9999.0 -9999.0 -9999.0 -9999.0 -9999.0 -9999.0 -9999.0 -9999.0 -9999.0 -9999.0 -9999.0 -9999.0 -9999.0 -9999.0 -9999.0 -9999.0 -9999.0 -9999.0 -9999.0 -9999.0 -9999.0 -9999.0 -9999.0 -9999.0 -9999.0 -9999.0 -9999.0 -9999.0 -9999.0 -9999.0 -9999.0 -9999.0 -9999.0 -9999.0 -9999.0 -9999.0 -9999.0 -9999.0 -9999.0 -9999.0 -9999.0 -9999.0 -9999.0 -9999.0 -9999.0 -9999.0 -9999.0 -9999.0 -9999.0 -9999.0 -9999.0 -9999.0 -9999.0 -9999.0 -9999.0 -9999.0 -9999.0 -9999.0 -9999.0 -9999.0 -9999.0 -9999.0 -9999.0 -9999.0 -9999.0 -9999.0 -9999.0 -9999.0 -9999.0 -9999.0 -9999.0 -9999.0 -9999.0 -9999.0 -9999.0 -9999.0 -9999.0 -9999.0 -9999.0 -9999.0 -9999.0 -9999.0 -9999.0 -9999.0 -9999.0 -9999.0
-9999.0 -9999.0 -9999.0 -9999.0 -9999.0 -9999.0 -9999.0 -9999.0 -9999.0 -9999.0 -9999.0 -9999.0 -9999.0 -9999.0 -9999.0 -9999.0 -9999.0 -9999.0 -9999.0 -9999.0 -9999.0 -9999.0 -9999.0 -9999.0 -9999.0 -9999.0 -9999.0 -9999.0 -9999.0 -9999.0 -9999.0 -9999.0 -9999.0 -9999.0 -9999.0 -9999.0 -9999.0 -9999.0 -9999.0 -9999.0 -9999.0 -9999.0 -9999.0 -9999.0 -9999.0 -9999.0 -9999.0 -9999.0 -9999.0 -9999.0 -9999.0 -9999.0 -9999.0 -9999.0 -9999.0 -9999.0 -9999.0 -9999.0 -9999.0 -9999.0 -9999.0 -9999.0 -9999.0 -9999.0 -9999.0 -9999.0 -9999.0 -9999.0 -9999.0 -9999.0 -9999.0 -9999.0 -9999.0 -9999.0 -9999.0 -9999.0 -9999.0 -9999.0 -9999.0 -9999.0 -9999.0 -9999.0 -9999.0 -9999.0 -9999.0 -9999.0 -9999.0 -9999.0 -9999.0 -9999.0 -9999.0 -9999.0 -9999.0 -9999.0 -9999.0 -9999.0 -9999.0 -9999.0 -9999.0 -9999.0 -9999.0 -9999.0 -9999.0 -9999.0
-9999.0 -9999.0 2699.342224 2599.338115 2499.449516 2399.787242 2300.415799 2201.364586 2102.643129 2004.251152 1906.182968 1808.428566 1710.973536 1613.800168 1516.893809 1420.263577 1323.960125 1228.110459 1132.972117 1038.979188 946.612596 856.299418 768.232731 682.337108 598.409228 516.229464 435.799567 357.169175 280.282358 204.772568 130.834644 58.581000 -12.262134 -81.778112 -150.071993 -217.939663 -286.470681 -355.847821 -427.065732 -500.266239 -574.124865 -647.583943 -717.779163 -781.723102 -837.565632 -883.562860 -920.074003 -945.066290 -957.511036 -966.748492 -974.201130 -980.348736 -985.478613 -989.835382 -993.583069 -996.850087 -999.733651 -1002.307919 -1004.630827 -1006.747684 -1008.694272 -1010.499185 -1012.185170 -1013.770590 -1015.270348 -1016.696432 -1018.058667 -1019.364965 -1020.621793 -1021.834309 -1023.006713 -1024.142494 -1025.244154 -1026.313928 -1027.353351 -1028.363711 -1029.345758 -1030.300225 -1031.227409 -1032.127510 -1033.000560 -1033.846444 -1034.664892 -1035.455495 -1036.217947 -1036.951772 -1037.656570 -1038.331503 -1038.976114 -1039.589736 -1040.171953 -1040.721663 -1041.238345 -1041.721528 -1042.170576 -1042.584990 -1042.965128 -1043.311119 -1043.624891 -1043.932218 -1044.615564 -1051.353334 -9999.0 -9999.0
-9999.0 -9999.0 2699.342224 2599.338115 2499.449516 2399.787242 2300.415799 2201.364586 2102.643129 2004.251152 1906.182968 1808.428566 1710.973536 1613.800168 1516.893809 1420.263577 1323.960125 1228.110459 1132.972117 1038.979189 946.612596 856.299418 768.232731 682.337109 598.409228 516.229464 435.799568 357.169175 280.282358 204.772568 130.834644 58.581000 -12.262134 -81.778112 -150.071993 -217.939663 -286.470681 -355.847821 -427.065732 -500.266239 -574.124865 -647.583943 -717.779163 -781.723102 -837.565632 -883.562860 -920.074003 -945.066290 -957.511036 -966.748492 -974.201130 -980.348736 -985.478613 -989.835382 -993.583069 -996.850087 -999.733651 -1002.307919 -1004.630827 -1006.747684 -1008.694272 -1010.499185 -1012.185170 -1013.770590 -1015.270348 -1016.696432 -1018.058667 -1019.364965 -1020.621793 -1021.834309 -1023.006713 -1024.142494 -1025.244154 -1026.313928 -1027.353351 -1028.363711 -1029.345758 -1030.300225 -1031.227409 -1032.127510 -1033.000560 -1033.846444 -1034.664892 -1035.455495 -1036.217947 -1036.951772 -1037.656570 -1038.331503 -1038.976114 -1039.589736 -1040.171953 -1040.721663 -1041.238345 -1041.721528 -1042.170576 -1042.584990 -1042.965128 -1043.311119 -1043.624891 -1043.932218 -1044.615564 -1051.353334 -9999.0 -9999.0
-9999.0 -9999.0 2699.342224 2599.338115 2499.449515 2399.787242 2300.415799 2201.364586 2102.643129 2004.251152 1906.182968 1808.428566 1710.973536 1613.800168 1516.893809 1420.263577 1323.960125 1228.110459 1132.972117 1038.979189 946.612596 856.299418 768.232731 682.337109 598.409228 516.229464 435.799568 357.169175 280.282358 204.772568 130.834644 58.581000 -12.262134 -81.778112 -150.071993 -217.939663 -286.470681 -355.847821 -427.065732 -500.266239 -574.124865 -647.583943 -717.779163 -781.723102 -837.565632 -883.562860 -920.074003 -945.066290 -957.511036 -966.748492 -974.201130 -980.348736 -985.478613 -989.835382 -993.583069 -996.850087 -999.733651 -1002.307919 -1004.630827 -1006.747684 -1008.694272 -1010.499185 -1012.185170 -1013.770590 -1015.270348 -1016.696432 -1018.058667 -1019.364965 -1020.621793 -1021.834309 -1023.006713 -1024.142494 -1025.244154 -1026.313928 -1027.353351 -1028.363711 -1029.345758 -1030.300225 -1031.227409 -1032.127510 -1033.000560 -1033.846444 -1034.664892 -1035.455495 -1036.217947 -1036.951772 -1037.656570 -1038.331503 -1038.976114 -1039.589736 -1040.171953 -1040.721663 -1041.238345 -1041.721528 -1042.170576 -1042.584990 -1042.965128 -1043.311119 -1043.624891 -1043.932218 -1044.615564 -1051.353334 -9999.0 -9999.0
-9999.0 -9999.0 2699.342224 2599.338115 2499.449516 2399.787242 2300.415799 2201.364586 2102.643129 2004.251152 1906.182968 1808.428566 1710.973536 1613.800168 1516.893809 1420.263577 1323.960125 1228.110459 1132.972117 1038.979189 946.612596 856.299418 768.232731 682.337109 598.409228 516.229464 435.799568 357.169175 280.282358 204.772568 130.834644 58.581000 -12.262134 -81.778112 -150.071993 -217.939663 -286.470681 -355.847821 -427.065732 -500.266239 -574.124865 -647.583943 -717.779163 -781.723102 -837.565632 -883.562860 -920.074003 -945.066290 -957.511036 -966.748492 -974.201130 -980.348736 -985.478613 -989.835382 -993.583069 -996.850087 -999.733651 -1002.307919 -1004.630827 -1006.747684 -1008.694272 -1010.499185 -1012.185170 -1013.770590 -1015.270348 -1016.696432 -1018.058667 -1019.364965 -1020.621793 -1021.834309 -1023.006713 -1024.142494 -1025.244154 -1026.313928 -1027.353351 -1028.363711 -1029.345758 -1030.300225 -1031.227409 -1032.127510 -1033.000560 -1033.846444 -1034.664892 -1035.455495 -1036.217947 -1036.951772 -1037.656570 -1038.331503 -1038.976114 -1039.589736 -1040.171953 -1040.721663 -1041.238345 -1041.721528 -1042.170576 -1042.584990 -1042.965128 -1043.311119 -1043.624891 -1043.932218 -1044.615564 -1051.353334 -9999.0 -9999.0
-9999.0 -9999.0 2699.342224 2599.338115 2499.449516 2399.787242 2300.415799 2201.364586 2102.643129 2004.251152 1906.182968 1808.428566 1710.973536 1613.800168 1516.893809 1420.263577 1323.960125 1228.110459 1132.972117 1038.979189 946.612596 856.299418 768.232731 682.337109 598.409228 516.229464 435.799568 357.169175 280.282358 204.772568 130.834644 58.581000 -12.262134 -81.778112 -150.071993 -217.939663 -286.470681 -355.847821 -427.065732 -500.266239 -574.124865 -647.583943 -717.779163 -781.723102 -837.565632 -883.562860 -920.074003 -945.066290 -957.511036 -966.748492 -974.201130 -980.348736 -985.478613 -989.835382 -993.583069 -996.850087 -999.733651 -1002.307919 -1004.630827 -1006.747684 -1008.694272 -1010.499185 -1012.185170 -1013.770590 -1015.270348 -1016.696432 -1018.058667 -1019.364965 -1020.621793 -1021.834309 -1023.006713 -1024.142494 -1025.244154 -1026.313928 -1027.353351 -1028.363711 -1029.345758 -1030.300225 -1031.227409 -1032.127510 -1033.000560 -1033.846444 -1034.664892 -1035.455495 -1036.217947 -1036.951772 -1037.656570 -1038.331503 -1038.976114 -1039.589736 -1040.171953 -1040.721663 -1041.238345 -1041.721528 -1042.170576 -1042.584990 -1042.965128 -1043.311119 -1043.624891 -1043.932218 -1044.615564 -1051.353334 -9999.0 -9999.0
-9999.0 -9999.0 2699.342224 2599.338115 2499.449516 2399.787242 2300.415799 2201.364586 2102.643129 2004.251152 1906.182968 1808.428566 1710.973536 1613.800168 1516.893809 1420.263577 1323.960125 1228.110459 1132.972117 1038.979188 946.612596 856.299418 768.232731 682.337108 598.409228 516.229464 435.799567 357.169175 280.282358 204.772568 130.834644 58.581000 -12.262134 -81.778112 -150.071993 -217.939663 -286.470681 -355.847821 -427.065732 -500.266239 -574.124865 -647.583943 -717.779163 -781.723102 -837.565632 -883.562860 -920.074003 -945.066290 -957.511036 -966.748492 -974.201130 -980.348736 -985.478613 -989.835382 -993.583069 -996.850087 -999.733651 -1002.307919 -1004.630827 -1006.747684 -1008.694272 -1010.499185 -1012.185170 -1013.770590 -1015.270348 -1016.696432 -1018.058667 -1019.364965 -1020.621793 -1021.834309 -1023.006713 -1024.142494 -1025.244154 -1026.313928 -1027.353351 -1028.363711 -1029.345758 -1030.300225 -1031.227409 -1032.127510 -1033.000560 -1033.846444 -1034.664892 -1035.455495 -1036.217947 -1036.951772 -1037.656570 -1038.331503 -1038.976114 -1039.589736 -1040.171953 -1040.721663 -1041.238345 -1041.721528 -1042.170576 -1042.584990 -1042.965128 -1043.311119 -1043.624891 -1043.932218 -1044.615564 -1051.353334 -9999.0 -9999.0
-9999.0 -9999.0 -9999.0 -9999.0 -9999.0 -9999.0 -9999.0 -9999.0 -9999.0 -9999.0 -9999.0 -9999.0 -9999.0 -9999.0 -9999.0 -9999.0 -9999.0 -9999.0 -9999.0 -9999.0 -9999.0 -9999.0 -9999.0 -9999.0 -9999.0 -9999.0 -9999.0 -9999.0 -9999.0 -9999.0 -9999.0 -9999.0 -9999.0 -9999.0 -9999.0 -9999.0 -9999.0 -9999.0 -9999.0 -9999.0 -9999.0 -9999.0 -9999.0 -9999.0 -9999.0 -9999.0 -9999.0 -9999.0 -9999.0 -9999.0 -9999.0 -9999.0 -9999.0 -9999.0 -9999.0 -9999.0 -9999.0 -9999.0 -9999.0 -9999.0 -9999.0 -9999.0 -9999.0 -9999.0 -9999.0 -9999.0 -9999.0 -9999.0 -9999.0 -9999.0 -9999.0 -9999.0 -9999.0 -9999.0 -9999.0 -9999.0 -9999.0 -9999.0 -9999.0 -9999.0 -9999.0 -9999.0 -9999.0 -9999.0 -9999.0 -9999.0 -9999.0 -9999.0 -9999.0 -9999.0 -9999.0 -9999.0 -9999.0 -9999.0 -9999.0 -9999.0 -9999.0 -9999.0 -9999.0 -9999.0 -9999.0 -9999.0 -9999.0 -9999.0
-9999.0 -9999.0 -9999.0 -9999.0 -9999.0 -9999.0 -9999.0 -9999.0 -9999.0 -9999.0 -9999.0 -9999.0 -9999.0 -9999.0 -9999.0 -9999.0 -9999.0 -9999.0 -9999.0 -9999.0 -9999.0 -9999.0 -9999.0 -9999.0 -9999.0 -9999.0 -9999.0 -9999.0 -9999.0 -9999.0 -9999.0 -9999.0 -9999.0 -9999.0 -9999.0 -9999.0 -9999.0 -9999.0 -9999.0 -9999.0 -9999.0 -9999.0 -9999.0 -9999.0 -9999.0 -9999.0 -9999.0 -9999.0 -9999.0 -9999.0 -9999.0 -9999.0 -9999.0 -9999.0 -9999.0 -9999.0 -9999.0 -9999.0 -9999.0 -9999.0 -9999.0 -9999.0 -9999.0 -9999.0 -9999.0 -9999.0 -9999.0 -9999.0 -9999.0 -9999.0 -9999.0 -9999.0 -9999.0 -9999.0 -9999.0 -9999.0 -9999.0 -9999.0 -9999.0 -9999.0 -9999.0 -9999.0 -9999.0 -9999.0 -9999.0 -9999.0 -9999.0 -9999.0 -9999.0 -9999.0 -9999.0 -9999.0 -9999.0 -9999.0 -9999.0 -9999.0 -9999.0 -9999.0 -9999.0 -9999.0 -9999.0 -9999.0 -9999.0 -9999.0