tests/3D/hillslope01/output_maps-SE27XX/psiliqL0039N0001.asc
ncols         104
nrows         10
xllcorner     -2.000000
yllcorner     0.000000
cellsize      1.000000
NODATA_value  -9999.0
-9999.0 -9999.0 -9999.0 -9999.0 -9999.0 -9999.0 -9999.0 -9999.0 -9999.0 -9999.0 -9999.0 -9999.0 -9999.0 -9999.0 -9999.0 -9999.0 -9999.0 -9999.0 -9999.0 -9999.0 -9999.0 -9999.0 -9999.0 -9999.0 -9999.0 -9999.0 -9999.0 -9999.0 -9999.0 -9999.0 -9999.0 -9999.0 -9999.0 -9999.0 -9999.0 -9999.0 -9999.0 -9999.0 -9999.0 -9999.0 -9999.0 -9999.0 -9999.0 -9999.0 -9999.0 -9999.0 -9999.0 -9999.0 -9999.0 -9999.0 -9999.0 -9999.0 -9999.0 -9999.0 -9999.0 -9999.0 -9999.0 -9999.0 -9999.0 -9999.0 -9999.0 -9999.0 -9999.0 -9999.0 -9999.0 -9999.0 -9999.0 -9999.0 -9999.0 -9999.0 -9999.0 -9999.0 -9999.0 -9999.0 -9999.0 -9999.0 -9999.0 -9999.0 -9999.0 -9999.0 -9999.0 -9999.0 -9999.0 -9999.0 -9999.0 -9999.0 -9999.0 -9999.0 -9999.0 -9999.0 -9999.0 -9999.0 -9999.0 -9999.0 -9999.0 -9999.0 -9999.0 -9999.0 -9999.0 -9999.0 -9999.0 -9999.0 -9999.0 -9999.0
-9999.0 -9999.0 -9999.0 -9999.0 -9999.0 -9999.0 -9999.0 -9999.0 -9999.0 -9999.0 -9999.0 -9999.0 -9999.0 -9999.0 -9999.0 -9999.0 -9999.0 -9999.0 -9999.0 -9999.0 -9999.0 -9999.0 -9999.0 -9999.0 -9999.0 -9999.0 -9999.0 -9999.0 -9999.0 -9999.0 -9999.0 -9999.0 -9999.0 -9999.0 -9999.0 -9999.0 -9999.0 -9999.0 -9999.0 -9999.0 -9999.0 -9999.0 -9999.0 -9999.0 -9999.0 -9999.0 -9999.0 -9999.0 -9999.0 -9999.0 -9999.0 -9999.0 -9999.0 -9999.0 -9999.0 -9999.0 -9999.0 -9999.0 -9999.0 -9999.0 -9999.0 -9999.0 -9999.0 -9999.0 -9999.0 -9999.0 -9999.0 -9999.0 -9999.0 -9999.0 -9999.0 -9999.0 -9999.0 -9999.0 -9999.0 -9999.0 -9999.0 -9999.0 -9999.0 -9999.0 -9999.0 -9999.0 -9999.0 -9999.0 -9999.0 -9999.0 -9999.0 -9999.0 -9999.0 -9999.0 -9999.0 -9999.0 -9999.0 -9999.0 -9999.0 -9999.0 -9999.0 -9999.0 -9999.0 -9999.0 -9999.0 -9999.0 -9999.0 -9999.0
-9999.0 -9999.0 2501.111268 2401.072776 2301.140747 2201.439953 2102.037494 2002.961037 1904.217356 1805.803560 1707.711459 1609.928159 1512.435267 1415.209036 1318.225762 1221.485472 1125.028575 1028.973738 933.582309 839.327749 746.734293 656.277069 568.160925 482.279482 398.390891 316.228205 235.815229 157.230197 80.432773 4.933158 -68.855329 -141.340454 -213.549159 -286.958639 -362.572181 -441.887514 -526.236491 -614.942656 -706.326048 -797.090735 -881.712693 -955.138240 -1014.443176 -1059.239670 -1091.655164 -1114.756982 -1130.820814 -1139.745492 -1143.250606 -1145.926047 -1148.136896 -1150.015381 -1151.633560 -1153.048592 -1154.302857 -1155.428449 -1156.450312 -1157.387901 -1158.256512 -1159.068341 -1159.833115 -1160.558725 -1161.251448 -1161.916391 -1162.557720 -1163.178759 -1163.782222 -1164.370256 -1164.944580 -1165.506483 -1166.056996 -1166.596952 -1167.126777 -1167.646913 -1168.157504 -1168.658665 -1169.150260 -1169.632242 -1170.104328 -1170.566256 -1171.017699 -1171.458272 -1171.887520 -1172.304927 -1172.710066 -1173.102419 -1173.481536 -1173.846677 -1174.197383 -1174.533050 -1174.853268 -1175.157152 -1175.444233 -1175.714053 -1175.966054 -1176.199763 -1176.415273 -1176.612456 -1176.792055 -1176.967350 -1177.387277 -1182.908607 -9999.0 -9999.0
-9999.0 -9999.0 2501.111268 2401.072776 2301.140747 2201.439953 2102.037494 2002.961037 1904.217355 1805.803560 1707.711459 1609.928159 1512.435267 1415.209036 1318.225762 1221.485472 1125.028575 1028.973738 933.582309 839.327749 746.734293 656.277069 568.160925 482.279482 398.390891 316.228205 235.815229 157.230197 80.432773 4.933158 -68.855329 -141.340454 -213.549159 -286.958639 -362.572181 -441.887514 -526.236491 -614.942656 -706.326048 -797.090735 -881.712693 -955.138240 -1014.443176 -1059.239670 -1091.655164 -1114.756982 -1130.820814 -1139.745492 -1143.250606 -1145.926047 -1148.136896 -1150.015381 -1151.633560 -1153.048592 -1154.302857 -1155.428449 -1156.450312 -1157.387901 -1158.256512 -1159.068341 -1159.833115 -1160.558725 -1161.251448 -1161.916391 -1162.557720 -1163.178759 -1163.782222 -1164.370256 -1164.944580 -1165.506483 -1166.056996 -1166.596952 -1167.126777 -1167.646913 -1168.157504 -1168.658665 -1169.150260 -1169.632242 -1170.104328 -1170.566256 -1171.017699 -1171.458272 -1171.887520 -1172.304927 -1172.710066 -1173.102419 -1173.481536 -1173.846677 -1174.197383 -1174.533050 -1174.853268 -1175.157152 -1175.444233 -1175.714053 -1175.966054 -1176.199763 -1176.415273 -1176.612456 -1176.792055 -1176.967350 -1177.387277 -1182.908607 -9999.0 -9999.0
-9999.0 -9999.0 2501.111268 2401.072776 2301.140747 2201.439953 2102.037494 2002.961037 1904.217355 1805.803560 1707.711459 1609.928159 1512.435267 1415.209036 1318.225762 1221.485472 1125.028575 1028.973738 933.582309 839.327749 746.734293 656.277069 568.160925 482.279482 398.390891 316.228205 235.815229 157.230197 80.432773 4.933158 -68.855329 -141.340454 -213.549159 -286.958639 -362.572181 -441.887514 -526.236491 -614.942656 -706.326048 -797.090735 -881.712693 -955.138240 -1014.443176 -1059.239670 -1091.655164 -1114.756982 -1130.820814 -1139.745492 -1143.250606 -1145.926047 -1148.136896 -1150.015381 -1151.633560 -1153.048592 -1154.302857 -1155.428449 -1156.450312 -1157.387901 -1158.256512 -1159.068341 -1159.833115 -1160.558725 -1161.251448 -1161.916391 -1162.557720 -1163.178759 -1163.782222 -1164.370256 -1164.944580 -1165.506483 -1166.056996 -1166.596952 -1167.126777 -1167.646913 -1168.157504 -1168.658665 -1169.150260 -1169.632242 -1170.104328 -1170.566256 -1171.017699 -1171.458272 -1171.887520 -1172.304927 -1172.710066 -1173.102419 -1173.481536 -1173.846677 -1174.197383 -1174.533050 -1174.853268 -1175.157152 -1175.444233 -1175.714053 -1175.966054 -1176.199763 -1176.415273 -1176.612456 -1176.792055 -1176.967350 -1177.387277 -1182.908607 -9999.0 -9999.0
-9999.0 -9999.0 2501.111268 2401.072776 2301.140747 2201.439953 2102.037494 2002.961037 1904.217355 1805.803560 1707.711459 1609.928159 1512.435267 1415.209036 1318.225762 1221.485472 1125.028575 1028.973738 933.582309 839.327749 746.734293 656.277069 568.160925 482.279482 398.390891 316.228205 235.815229 157.230197 80.432773 4.933158 -68.855329 -141.340454 -213.549159 -286.958639 -362.572181 -441.887514 -526.236491 -614.942656 -706.326048 -797.090735 -881.712693 -955.138240 -1014.443176 -1059.239670 -1091.655164 -1114.756982 -1130.820814 -1139.745492 -1143.250606 -1145.926047 -1148.136896 -1150.015381 -1151.633560 -1153.048592 -1154.302857 -1155.428449 -1156.450312 -1157.387901 -1158.256512 -1159.068341 -1159.833115 -1160.558725 -1161.251448 -1161.916391 -1162.557720 -1163.178759 -1163.782222 -1164.370256 -1164.944580 -1165.506483 -1166.056996 -1166.596952 -1167.126777 -1167.646913 -1168.157504 -1168.658665 -1169.150260 -1169.632242 -1170.104328 -1170.566256 -1171.017699 -1171.458272 -1171.887520 -1172.304927 -1172.710066 -1173.102419 -1173.481536 -1173.846677 -1174.197383 -1174.533050 -1174.853268 -1175.157152 -1175.444233 -1175.714053 -1175.966054 -1176.199763 -1176.415273 -1176.612456 -1176.792055 -1176.967350 -1177.387277 -1182.908607 -9999.0 -9999.0
-9999.0 -9999.0 2501.111268 2401.072776 2301.140747 2201.439953 2102.037494 2002.961037 1904.217355 1805.803560 1707.711459 1609.928159 1512.435267 1415.209036 1318.225762 1221.485472 1125.028575 1028.973738 933.582309 839.327749 746.734293 656.277069 568.160925 482.279482 398.390891 316.228205 235.815229 157.230197 80.432773 4.933158 -68.855329 -141.340454 -213.549159 -286.958639 -362.572181 -441.887514 -526.236491 -614.942656 -706.326048 -797.090735 -881.712693 -955.138240 -1014.443176 -1059.239670 -1091.655164 -1114.756982 -1130.820814 -1139.745492 -1143.250606 -1145.926047 -1148.136896 -1150.015381 -1151.633560 -1153.048592 -1154.302857 -1155.428449 -1156.450312 -1157.387901 -1158.256512 -1159.068341 -1159.833115 -1160.558725 -1161.251448 -1161.916391 -1162.557720 -1163.178759 -1163.782222 -1164.370256 -1164.944580 -1165.506483 -1166.056996 -1166.596952 -1167.126777 -1167.646913 -1168.157504 -1168.658665 -1169.150260 -1169.632242 -1170.104328 -1170.566256 -1171.017699 -1171.458272 -1171.887520 -1172.304927 -1172.710066 -1173.102419 -1173.481536 -1173.846677 -1174.197383 -1174.533050 -1174.853268 -1175.157152 -1175.444233 -1175.714053 -1175.966054 -1176.199763 -1176.415273 -1176.612456 -1176.792055 -1176.967350 -1177.387277 -1182.908607 -9999.0 -9999.0
-9999.0 -9999.0 2501.111268 2401.072776 2301.140747 2201.439953 2102.037494 2002.961037 1904.217356 1805.803560 1707.711459 1609.928159 1512.435267 1415.209036 1318.225762 1221.485472 1125.028575 1028.973738 933.582309 839.327749 746.734293 656.277069 568.160925 482.279482 398.390891 316.228205 235.815229 157.230197 80.432773 4.933158 -68.855329 -141.340454 -213.549159 -286.958639 -362.572181 -441.887514 -526.236491 -614.942656 -706.326048 -797.090735 -881.712693 -955.138240 -1014.443176 -1059.239670 -1091.655164 -1114.756982 -1130.820814 -1139.745492 -1143.250606 -1145.926047 -1148.136896 -1150.015381 -1151.633560 -1153.048592 -1154.302857 -1155.428449 -1156.450312 -1157.387901 -1158.256512 -1159.068341 -1159.833115 -1160.558725 -1161.251448 -1161.916391 -1162.557720 -1163.178759 -1163.782222 -1164.370256 -1164.944580 -1165.506483 -1166.056996 -1166.596952 -1167.126777 -1167.646913 -1168.157504 -1168.658665 -1169.150260 -1169.632242 -1170.104328 -1170.566256 -1171.017699 -1171.458272 -1171.887520 -1172.304927 -1172.710066 -1173.102419 -1173.481536 -1173.846677 -1174.197383 -1174.533050 -1174.853268 -1175.157152 -1175.444233 -1175.714053 -1175.966054 -1176.199763 -1176.415273 -1176.612456 -1176.792055 -1176.967350 -1177.387277 -1182.908607 -9999.0 -9999.0
-9999.0 -9999.0 -9999.0 -9999.0 -9999.0 -9999.0 -9999.0 -9999.0 -9999.0 -9999.0 -9999.0 -9999.0 -9999.0 -9999.0 -9999.0 -9999.0 -9999.0 -9999.0 -9999.0 -9999.0 -9999.0 -9999.0 -9999.0 -9999.0 -9999.0 -9999.0 -9999.0 -9999.0 -9999.0 -9999.0 -9999.0 -9999.0 -9999.0 -9999.0 -9999.0 -9999.0 -9999.0 -9999.0 -9999.0 -9999.0 -9999.0 -9999.0 -9999.0 -9999.0 -9999.0 -9999.0 -9999.0 -9999.0 -9999.0 -9999.0 -9999.0 -9999.0 -9999.0 -9999.0 -9999.0 -9999.0 -9999.0 -9999.0 -9999.0 -9999.0 -9999.0 -9999.0 -9999.0 -9999.0 -9999.0 -9999.0 -9999.0 -9999.0 -9999.0 -9999.0 -9999.0 -9999.0 -9999.0 -9999.0 -9999.0 -9999.0 -9999.0 -9999.0 -9999.0 -9999.0 -9999.0 -9999.0 -9999.0 -9999.0 -9999.0 -9999.0 -9999.0 -9999.0 -9999.0 -9999.0 -9999.0 -9999.0 -9999.0 -9999.0 -9999.0 -9999.0 -9999.0 -9999.0 -9999.0 -9999.0 -9999.0 -9999.0 -9999.0 -9999.0
-9999.0 -9999.0 -9999.0 -9999.0 -9999.0 -9999.0 -9999.0 -9999.0 -9999.0 -9999.0 -9999.0 -9999.0 -9999.0 -9999.0 -9999.0 -9999.0 -9999.0 -9999.0 -9999.0 -9999.0 -9999.0 -9999.0 -9999.0 -9999.0 -9999.0 -9999.0 -9999.0 -9999.0 -9999.0 -9999.0 -9999.0 -9999.0 -9999.0 -9999.0 -9999.0 -9999.0 -9999.0 -9999.0 -9999.0 -9999.0 -9999.0 -9999.0 -9999.0 -9999.0 -9999.0 -9999.0 -9999.0 -9999.0 -9999.0 -9999.0 -9999.0 -9999.0 -9999.0 -9999.0 -9999.0 -9999.0 -9999.0 -9999.0 -9999.0 -9999.0 -9999.0 -9999.0 -9999.0 -9999.0 -9999.0 -9999.0 -9999.0 -9999.0 -9999.0 -9999.0 -9999.0 -9999.0 -9999.0 -9999.0 -9999.0 -9999.0 -9999.0 -9999.0 -9999.0 -9999.0 -9999.0 -9999.0 -9999.0 -9999.0 -9999.0 -9999.0 -9999.0 -9999.0 -9999.0 -9999.0 -9999.0 -9999.0 -9999.0 -9999.0 -9999.0 -9999.0 -9999.0 -9999.0 -9999.0 -9999.0 -9999.0 -9999.0 -9999.0 -9999.0