tests/3D/hillslope01/output_maps-SE27XX/psiliqL0066N0002.asc
ncols         104
nrows         10
xllcorner     -2.000000
yllcorner     0.000000
cellsize      1.000000
NODATA_value  -9999.0
-9999.0 -9999.0 -9999.0 -9999.0 -9999.0 -9999.0 -9999.0 -9999.0 -9999.0 -9999.0 -9999.0 -9999.0 -9999.0 -9999.0 -9999.0 -9999.0 -9999.0 -9999.0 -9999.0 -9999.0 -9999.0 -9999.0 -9999.0 -9999.0 -9999.0 -9999.0 -9999.0 -9999.0 -9999.0 -9999.0 -9999.0 -9999.0 -9999.0 -9999.0 -9999.0 -9999.0 -9999.0 -9999.0 -9999.0 -9999.0 -9999.0 -9999.0 -9999.0 -9999.0 -9999.0 -9999.0 -9999.0 -9999.0 -9999.0 -9999.0 -9999.0 -9999.0 -9999.0 -9999.0 -9999.0 -9999.0 -9999.0 -9999.0 -9999.0 -9999.0 -9999.0 -9999.0 -9999.0 -9999.0 -9999.0 -9999.0 -9999.0 -9999.0 -9999.0 -9999.0 -9999.0 -9999.0 -9999.0 -9999.0 -9999.0 -9999.0 -9999.0 -9999.0 -9999.0 -9999.0 -9999.0 -9999.0 -9999.0 -9999.0 -9999.0 -9999.0 -9999.0 -9999.0 -9999.0 -9999.0 -9999.0 -9999.0 -9999.0 -9999.0 -9999.0 -9999.0 -9999.0 -9999.0 -9999.0 -9999.0 -9999.0 -9999.0 -9999.0 -9999.0
-9999.0 -9999.0 -9999.0 -9999.0 -9999.0 -9999.0 -9999.0 -9999.0 -9999.0 -9999.0 -9999.0 -9999.0 -9999.0 -9999.0 -9999.0 -9999.0 -9999.0 -9999.0 -9999.0 -9999.0 -9999.0 -9999.0 -9999.0 -9999.0 -9999.0 -9999.0 -9999.0 -9999.0 -9999.0 -9999.0 -9999.0 -9999.0 -9999.0 -9999.0 -9999.0 -9999.0 -9999.0 -9999.0 -9999.0 -9999.0 -9999.0 -9999.0 -9999.0 -9999.0 -9999.0 -9999.0 -9999.0 -9999.0 -9999.0 -9999.0 -9999.0 -9999.0 -9999.0 -9999.0 -9999.0 -9999.0 -9999.0 -9999.0 -9999.0 -9999.0 -9999.0 -9999.0 -9999.0 -9999.0 -9999.0 -9999.0 -9999.0 -9999.0 -9999.0 -9999.0 -9999.0 -9999.0 -9999.0 -9999.0 -9999.0 -9999.0 -9999.0 -9999.0 -9999.0 -9999.0 -9999.0 -9999.0 -9999.0 -9999.0 -9999.0 -9999.0 -9999.0 -9999.0 -9999.0 -9999.0 -9999.0 -9999.0 -9999.0 -9999.0 -9999.0 -9999.0 -9999.0 -9999.0 -9999.0 -9999.0 -9999.0 -9999.0 -9999.0 -9999.0
-9999.0 -9999.0 6731.447580 6634.613028 6540.613799 6448.911842 6358.915946 6270.091613 6182.008534 6094.344491 6006.869178 5919.423088 5831.898353 5744.223508 5656.352124 5568.254589 5479.912353 5391.314000 5302.452629 5213.324179 5123.926473 5034.258828 4944.322050 4854.118563 4763.652328 4672.928474 4581.952812 4490.731378 4399.270042 4307.574191 4215.648473 4123.496588 4031.121127 3938.523479 3845.703842 3752.661469 3659.395277 3565.904860 3472.191397 3378.257563 3284.106937 3189.743438 3095.170958 3000.393125 2905.413168 2810.233824 2714.857285 2619.285152 2523.518412 2427.557414 2331.401853 2235.050757 2138.502476 2041.754677 1944.804325 1847.647683 1750.280291 1652.696954 1554.891718 1456.857839 1358.587741 1260.072954 1161.304031 1062.270447 962.960507 863.361357 763.459708 663.247476 562.722813 461.907396 360.885903 259.817393 158.941294 58.658671 -40.676231 -138.894802 -236.441438 -333.101859 -423.702638 -494.609230 -545.245837 -580.268444 -604.507336 -621.570960 -633.880002 -643.014651 -649.986003 -655.440053 -659.799427 -663.347336 -666.277719 -668.726333 -670.791288 -672.547420 -674.058994 -675.393990 -676.627093 -677.775396 -678.751878 -679.969142 -683.736708 -700.519682 -9999.0 -9999.0
-9999.0 -9999.0 6731.447785 6634.613197 6540.613919 6448.911916 6358.915987 6270.091634 6182.008544 6094.344496 6006.869180 5919.423090 5831.898353 5744.223509 5656.352125 5568.254589 5479.912353 5391.314000 5302.452629 5213.324179 5123.926473 5034.258828 4944.322049 4854.118563 4763.652328 4672.928473 4581.952811 4490.731377 4399.270042 4307.574191 4215.648473 4123.496587 4031.121127 3938.523479 3845.703842 3752.661469 3659.395277 3565.904861 3472.191397 3378.257564 3284.106937 3189.743438 3095.170958 3000.393125 2905.413168 2810.233824 2714.857285 2619.285152 2523.518412 2427.557414 2331.401853 2235.050757 2138.502477 2041.754677 1944.804325 1847.647683 1750.280291 1652.696954 1554.891718 1456.857839 1358.587741 1260.072954 1161.304031 1062.270447 962.960507 863.361357 763.459708 663.247476 562.722813 461.907396 360.885903 259.817393 158.941294 58.658671 -40.676231 -138.894802 -236.441438 -333.101859 -423.702638 -494.609230 -545.245837 -580.268444 -604.507336 -621.570960 -633.880002 -643.014651 -649.986003 -655.440053 -659.799427 -663.347336 -666.277719 -668.726333 -670.791288 -672.547420 -674.058995 -675.393990 -676.627093 -677.775396 -678.751878 -679.969142 -683.736708 -700.519682 -9999.0 -9999.0
-9999.0 -9999.0 6731.447986 6634.613364 6540.614036 6448.911989 6358.916028 6270.091656 6182.008555 6094.344501 6006.869182 5919.423090 5831.898354 5744.223509 5656.352125 5568.254589 5479.912353 5391.314000 5302.452629 5213.324179 5123.926473 5034.258828 4944.322049 4854.118563 4763.652328 4672.928473 4581.952811 4490.731377 4399.270041 4307.574191 4215.648472 4123.496587 4031.121127 3938.523479 3845.703842 3752.661469 3659.395278 3565.904861 3472.191397 3378.257564 3284.106937 3189.743438 3095.170958 3000.393125 2905.413168 2810.233825 2714.857285 2619.285152 2523.518412 2427.557414 2331.401853 2235.050757 2138.502477 2041.754677 1944.804325 1847.647683 1750.280291 1652.696954 1554.891718 1456.857839 1358.587741 1260.072954 1161.304031 1062.270447 962.960507 863.361357 763.459708 663.247476 562.722813 461.907396 360.885903 259.817393 158.941294 58.658671 -40.676231 -138.894802 -236.441438 -333.101859 -423.702638 -494.609230 -545.245837 -580.268444 -604.507336 -621.570960 -633.880002 -643.014651 -649.986003 -655.440053 -659.799427 -663.347336 -666.277719 -668.726333 -670.791288 -672.547420 -674.058995 -675.393990 -676.627093 -677.775396 -678.751878 -679.969142 -683.736708 -700.519682 -9999.0 -9999.0
-9999.0 -9999.0 6731.447986 6634.613364 6540.614036 6448.911989 6358.916028 6270.091656 6182.008555 6094.344501 6006.869182 5919.423091 5831.898354 5744.223509 5656.352125 5568.254589 5479.912353 5391.314000 5302.452629 5213.324179 5123.926473 5034.258828 4944.322049 4854.118563 4763.652328 4672.928473 4581.952811 4490.731377 4399.270041 4307.574191 4215.648472 4123.496587 4031.121127 3938.523479 3845.703842 3752.661469 3659.395278 3565.904861 3472.191397 3378.257564 3284.106937 3189.743438 3095.170958 3000.393125 2905.413168 2810.233825 2714.857285 2619.285152 2523.518412 2427.557414 2331.401853 2235.050757 2138.502477 2041.754677 1944.804325 1847.647683 1750.280291 1652.696954 1554.891718 1456.857839 1358.587741 1260.072954 1161.304030 1062.270447 962.960507 863.361357 763.459708 663.247476 562.722813 461.907396 360.885903 259.817393 158.941294 58.658671 -40.676231 -138.894802 -236.441438 -333.101859 -423.702638 -494.609230 -545.245837 -580.268444 -604.507336 -621.570960 -633.880002 -643.014651 -649.986003 -655.440053 -659.799427 -663.347336 -666.277719 -668.726333 -670.791288 -672.547420 -674.058995 -675.393990 -676.627093 -677.775396 -678.751878 -679.969142 -683.736708 -700.519682 -9999.0 -9999.0
-9999.0 -9999.0 6731.447785 6634.613197 6540.613919 6448.911916 6358.915987 6270.091634 6182.008544 6094.344496 6006.869180 5919.423090 5831.898353 5744.223509 5656.352125 5568.254589 5479.912353 5391.314000 5302.452629 5213.324179 5123.926473 5034.258828 4944.322049 4854.118563 4763.652328 4672.928473 4581.952811 4490.731377 4399.270042 4307.574191 4215.648473 4123.496587 4031.121127 3938.523479 3845.703842 3752.661469 3659.395277 3565.904861 3472.191397 3378.257564 3284.106937 3189.743438 3095.170958 3000.393125 2905.413168 2810.233824 2714.857285 2619.285152 2523.518412 2427.557414 2331.401853 2235.050757 2138.502477 2041.754677 1944.804325 1847.647683 1750.280291 1652.696954 1554.891718 1456.857839 1358.587741 1260.072954 1161.304031 1062.270447 962.960507 863.361357 763.459708 663.247476 562.722813 461.907396 360.885903 259.817393 158.941294 58.658671 -40.676231 -138.894802 -236.441438 -333.101859 -423.702638 -494.609230 -545.245837 -580.268444 -604.507336 -621.570960 -633.880002 -643.014651 -649.986003 -655.440053 -659.799427 -663.347336 -666.277719 -668.726333 -670.791288 -672.547420 -674.058995 -675.393990 -676.627093 -677.775396 -678.751878 -679.969142 -683.736708 -700.519682 -9999.0 -9999.0
-9999.0 -9999.0 6731.447580 6634.613028 6540.613799 6448.911842 6358.915946 6270.091613 6182.008534 6094.344491 6006.869177 5919.423089 5831.898353 5744.223508 5656.352124 5568.254589 5479.912353 5391.314000 5302.452629 5213.324179 5123.926473 5034.258828 4944.322050 4854.118563 4763.652328 4672.928474 4581.952812 4490.731378 4399.270042 4307.574191 4215.648473 4123.496588 4031.121127 3938.523479 3845.703842 3752.661469 3659.395277 3565.904860 3472.191397 3378.257563 3284.106937 3189.743438 3095.170958 3000.393125 2905.413168 2810.233824 2714.857285 2619.285152 2523.518412 2427.557414 2331.401853 2235.050757 2138.502476 2041.754677 1944.804325 1847.647683 1750.280291 1652.696954 1554.891718 1456.857839 1358.587741 1260.072954 1161.304031 1062.270447 962.960507 863.361357 763.459708 663.247476 562.722813 461.907396 360.885903 259.817393 158.941294 58.658671 -40.676231 -138.894802 -236.441438 -333.101859 -423.702638 -494.609230 -545.245837 -580.268444 -604.507336 -621.570960 -633.880002 -643.014651 -649.986003 -655.440053 -659.799427 -663.347336 -666.277719 -668.726333 -670.791288 -672.547420 -674.058994 -675.393990 -676.627093 -677.775396 -678.751878 -679.969142 -683.736708 -700.519682 -9999.0 -9999.0
-9999.0 -9999.0 -9999.0 -9999.0 -9999.0 -9999.0 -9999.0 -9999.0 -9999.0 -9999.0 -9999.0 -9999.0 -9999.0 -9999.0 -9999.0 -9999.0 -9999.0 -9999.0 -9999.0 -9999.0 -9999.0 -9999.0 -9999.0 -9999.0 -9999.0 -9999.0 -9999.0 -9999.0 -9999.0 -9999.0 -9999.0 -9999.0 -9999.0 -9999.0 -9999.0 -9999.0 -9999.0 -9999.0 -9999.0 -9999.0 -9999.0 -9999.0 -9999.0 -9999.0 -9999.0 -9999.0 -9999.0 -9999.0 -9999.0 -9999.0 -9999.0 -9999.0 -9999.0 -9999.0 -9999.0 -9999.0 -9999.0 -9999.0 -9999.0 -9999.0 -9999.0 -9999.0 -9999.0 -9999.0 -9999.0 -9999.0 -9999.0 -9999.0 -9999.0 -9999.0 -9999.0 -9999.0 -9999.0 -9999.0 -9999.0 -9999.0 -9999.0 -9999.0 -9999.0 -9999.0 -9999.0 -9999.0 -9999.0 -9999.0 -9999.0 -9999.0 -9999.0 -9999.0 -9999.0 -9999.0 -9999.0 -9999.0 -9999.0 -9999.0 -9999.0 -9999.0 -9999.0 -9999.0 -9999.0 -9999.0 -9999.0 -9999.0 -9999.0 -9999.0
-9999.0 -9999.0 -9999.0 -9999.0 -9999.0 -9999.0 -9999.0 -9999.0 -9999.0 -9999.0 -9999.0 -9999.0 -9999.0 -9999.0 -9999.0 -9999.0 -9999.0 -9999.0 -9999.0 -9999.0 -9999.0 -9999.0 -9999.0 -9999.0 -9999.0 -9999.0 -9999.0 -9999.0 -9999.0 -9999.0 -9999.0 -9999.0 -9999.0 -9999.0 -9999.0 -9999.0 -9999.0 -9999.0 -9999.0 -9999.0 -9999.0 -9999.0 -9999.0 -9999.0 -9999.0 -9999.0 -9999.0 -9999.0 -9999.0 -9999.0 -9999.0 -9999.0 -9999.0 -9999.0 -9999.0 -9999.0 -9999.0 -9999.0 -9999.0 -9999.0 -9999.0 -9999.0 -9999.0 -9999.0 -9999.0 -9999.0 -9999.0 -9999.0 -9999.0 -9999.0 -9999.0 -9999.0 -9999.0 -9999.0 -9999.0 -9999.0 -9999.0 -9999.0 -9999.0 -9999.0 -9999.0 -9999.0 -9999.0 -9999.0 -9999.0 -9999.0 -9999.0 -9999.0 -9999.0 -9999.0 -9999.0 -9999.0 -9999.0 -9999.0 -9999.0 -9999.0 -9999.0 -9999.0 -9999.0 -9999.0 -9999.0 -9999.0 -9999.0 -9999.0