tests/3D/hillslope01/output_maps-SE27XX/psiliqL0057N0001.asc
ncols         104
nrows         10
xllcorner     -2.000000
yllcorner     0.000000
cellsize      1.000000
NODATA_value  -9999.0
-9999.0 -9999.0 -9999.0 -9999.0 -9999.0 -9999.0 -9999.0 -9999.0 -9999.0 -9999.0 -9999.0 -9999.0 -9999.0 -9999.0 -9999.0 -9999.0 -9999.0 -9999.0 -9999.0 -9999.0 -9999.0 -9999.0 -9999.0 -9999.0 -9999.0 -9999.0 -9999.0 -9999.0 -9999.0 -9999.0 -9999.0 -9999.0 -9999.0 -9999.0 -9999.0 -9999.0 -9999.0 -9999.0 -9999.0 -9999.0 -9999.0 -9999.0 -9999.0 -9999.0 -9999.0 -9999.0 -9999.0 -9999.0 -9999.0 -9999.0 -9999.0 -9999.0 -9999.0 -9999.0 -9999.0 -9999.0 -9999.0 -9999.0 -9999.0 -9999.0 -9999.0 -9999.0 -9999.0 -9999.0 -9999.0 -9999.0 -9999.0 -9999.0 -9999.0 -9999.0 -9999.0 -9999.0 -9999.0 -9999.0 -9999.0 -9999.0 -9999.0 -9999.0 -9999.0 -9999.0 -9999.0 -9999.0 -9999.0 -9999.0 -9999.0 -9999.0 -9999.0 -9999.0 -9999.0 -9999.0 -9999.0 -9999.0 -9999.0 -9999.0 -9999.0 -9999.0 -9999.0 -9999.0 -9999.0 -9999.0 -9999.0 -9999.0 -9999.0 -9999.0
-9999.0 -9999.0 -9999.0 -9999.0 -9999.0 -9999.0 -9999.0 -9999.0 -9999.0 -9999.0 -9999.0 -9999.0 -9999.0 -9999.0 -9999.0 -9999.0 -9999.0 -9999.0 -9999.0 -9999.0 -9999.0 -9999.0 -9999.0 -9999.0 -9999.0 -9999.0 -9999.0 -9999.0 -9999.0 -9999.0 -9999.0 -9999.0 -9999.0 -9999.0 -9999.0 -9999.0 -9999.0 -9999.0 -9999.0 -9999.0 -9999.0 -9999.0 -9999.0 -9999.0 -9999.0 -9999.0 -9999.0 -9999.0 -9999.0 -9999.0 -9999.0 -9999.0 -9999.0 -9999.0 -9999.0 -9999.0 -9999.0 -9999.0 -9999.0 -9999.0 -9999.0 -9999.0 -9999.0 -9999.0 -9999.0 -9999.0 -9999.0 -9999.0 -9999.0 -9999.0 -9999.0 -9999.0 -9999.0 -9999.0 -9999.0 -9999.0 -9999.0 -9999.0 -9999.0 -9999.0 -9999.0 -9999.0 -9999.0 -9999.0 -9999.0 -9999.0 -9999.0 -9999.0 -9999.0 -9999.0 -9999.0 -9999.0 -9999.0 -9999.0 -9999.0 -9999.0 -9999.0 -9999.0 -9999.0 -9999.0 -9999.0 -9999.0 -9999.0 -9999.0
-9999.0 -9999.0 4285.117095 4185.269030 4085.605401 3986.170412 3887.003617 3788.134615 3689.584111 3591.366930 3493.494936 3395.979599 3298.834848 3202.081280 3105.752994 3009.907693 2914.638612 2820.087470 2726.453123 2633.983196 2542.935907 2453.530489 2365.901330 2280.087004 2196.059962 2113.771331 2033.188312 1954.281835 1877.001557 1801.280154 1727.094898 1654.419168 1583.188255 1513.350025 1444.899966 1377.763877 1311.878258 1247.261404 1183.797814 1121.477995 1060.277476 1000.001177 940.830998 882.539123 825.179923 768.685069 712.897577 657.994158 603.549042 550.033635 496.685276 444.321129 391.996263 340.555413 289.032907 238.322130 187.390606 137.228614 86.682004 36.886142 -13.478578 -62.863426 -112.417525 -160.375437 -207.545572 -252.016070 -294.444526 -333.211740 -369.013202 -400.910352 -429.583808 -454.760682 -477.003395 -496.426994 -513.458719 -528.341911 -541.392957 -552.848418 -562.939437 -571.853646 -579.757319 -586.788125 -593.063630 -598.681794 -603.725186 -608.262722 -612.352335 -616.042359 -619.373609 -622.380466 -625.092005 -627.532711 -629.723708 -631.683343 -633.427526 -634.970433 -636.325596 -637.507300 -638.546260 -639.618153 -641.977551 -654.020207 -9999.0 -9999.0
-9999.0 -9999.0 4285.117095 4185.269030 4085.605401 3986.170412 3887.003617 3788.134615 3689.584111 3591.366930 3493.494935 3395.979598 3298.834848 3202.081280 3105.752994 3009.907693 2914.638612 2820.087470 2726.453123 2633.983196 2542.935907 2453.530489 2365.901331 2280.087004 2196.059962 2113.771331 2033.188312 1954.281835 1877.001557 1801.280154 1727.094898 1654.419168 1583.188255 1513.350025 1444.899966 1377.763877 1311.878258 1247.261404 1183.797814 1121.477995 1060.277476 1000.001177 940.830998 882.539123 825.179923 768.685069 712.897577 657.994158 603.549042 550.033635 496.685276 444.321129 391.996263 340.555413 289.032907 238.322130 187.390606 137.228614 86.682004 36.886142 -13.478578 -62.863426 -112.417525 -160.375437 -207.545572 -252.016070 -294.444526 -333.211740 -369.013202 -400.910352 -429.583808 -454.760682 -477.003395 -496.426994 -513.458719 -528.341911 -541.392957 -552.848418 -562.939437 -571.853646 -579.757319 -586.788125 -593.063630 -598.681794 -603.725186 -608.262722 -612.352335 -616.042359 -619.373609 -622.380466 -625.092005 -627.532711 -629.723708 -631.683343 -633.427526 -634.970433 -636.325596 -637.507300 -638.546260 -639.618153 -641.977551 -654.020207 -9999.0 -9999.0
-9999.0 -9999.0 4285.117095 4185.269030 4085.605401 3986.170412 3887.003617 3788.134615 3689.584110 3591.366930 3493.494935 3395.979598 3298.834847 3202.081280 3105.752993 3009.907693 2914.638612 2820.087470 2726.453123 2633.983196 2542.935907 2453.530489 2365.901331 2280.087004 2196.059962 2113.771331 2033.188312 1954.281835 1877.001557 1801.280154 1727.094898 1654.419168 1583.188255 1513.350025 1444.899966 1377.763877 1311.878258 1247.261404 1183.797814 1121.477995 1060.277476 1000.001177 940.830998 882.539123 825.179923 768.685069 712.897577 657.994158 603.549042 550.033635 496.685276 444.321129 391.996263 340.555413 289.032907 238.322130 187.390606 137.228614 86.682004 36.886142 -13.478578 -62.863426 -112.417525 -160.375437 -207.545572 -252.016070 -294.444526 -333.211740 -369.013202 -400.910352 -429.583808 -454.760682 -477.003395 -496.426994 -513.458719 -528.341911 -541.392957 -552.848418 -562.939437 -571.853646 -579.757319 -586.788125 -593.063630 -598.681794 -603.725186 -608.262722 -612.352335 -616.042359 -619.373609 -622.380466 -625.092005 -627.532711 -629.723708 -631.683343 -633.427526 -634.970433 -636.325596 -637.507300 -638.546260 -639.618153 -641.977551 -654.020207 -9999.0 -9999.0
-9999.0 -9999.0 4285.117095 4185.269029 4085.605401 3986.170412 3887.003617 3788.134615 3689.584110 3591.366930 3493.494935 3395.979598 3298.834847 3202.081280 3105.752993 3009.907693 2914.638612 2820.087470 2726.453123 2633.983196 2542.935907 2453.530489 2365.901331 2280.087004 2196.059962 2113.771331 2033.188312 1954.281835 1877.001557 1801.280154 1727.094898 1654.419168 1583.188255 1513.350025 1444.899966 1377.763877 1311.878258 1247.261404 1183.797814 1121.477995 1060.277476 1000.001177 940.830998 882.539123 825.179923 768.685069 712.897577 657.994158 603.549042 550.033635 496.685276 444.321129 391.996263 340.555413 289.032907 238.322130 187.390606 137.228614 86.682004 36.886142 -13.478578 -62.863426 -112.417525 -160.375437 -207.545572 -252.016070 -294.444526 -333.211740 -369.013202 -400.910352 -429.583808 -454.760682 -477.003395 -496.426994 -513.458719 -528.341911 -541.392957 -552.848418 -562.939437 -571.853646 -579.757319 -586.788125 -593.063630 -598.681794 -603.725186 -608.262722 -612.352335 -616.042359 -619.373609 -622.380466 -625.092005 -627.532711 -629.723708 -631.683343 -633.427526 -634.970433 -636.325596 -637.507300 -638.546260 -639.618153 -641.977551 -654.020207 -9999.0 -9999.0
-9999.0 -9999.0 4285.117095 4185.269030 4085.605401 3986.170412 3887.003617 3788.134615 3689.584110 3591.366930 3493.494935 3395.979598 3298.834848 3202.081280 3105.752993 3009.907693 2914.638612 2820.087470 2726.453123 2633.983196 2542.935907 2453.530489 2365.901331 2280.087004 2196.059962 2113.771331 2033.188312 1954.281835 1877.001557 1801.280154 1727.094898 1654.419168 1583.188255 1513.350025 1444.899966 1377.763877 1311.878258 1247.261404 1183.797814 1121.477995 1060.277476 1000.001177 940.830998 882.539123 825.179923 768.685069 712.897577 657.994158 603.549042 550.033635 496.685276 444.321129 391.996263 340.555413 289.032907 238.322130 187.390606 137.228614 86.682004 36.886142 -13.478578 -62.863426 -112.417525 -160.375437 -207.545572 -252.016070 -294.444526 -333.211740 -369.013202 -400.910352 -429.583808 -454.760682 -477.003395 -496.426994 -513.458719 -528.341911 -541.392957 -552.848418 -562.939437 -571.853646 -579.757319 -586.788125 -593.063630 -598.681794 -603.725186 -608.262722 -612.352335 -616.042359 -619.373609 -622.380466 -625.092005 -627.532711 -629.723708 -631.683343 -633.427526 -634.970433 -636.325596 -637.507300 -638.546260 -639.618153 -641.977551 -654.020207 -9999.0 -9999.0
-9999.0 -9999.0 4285.117095 4185.269030 4085.605401 3986.170412 3887.003618 3788.134615 3689.584111 3591.366930 3493.494936 3395.979599 3298.834848 3202.081280 3105.752994 3009.907693 2914.638612 2820.087470 2726.453123 2633.983196 2542.935907 2453.530489 2365.901330 2280.087004 2196.059962 2113.771331 2033.188312 1954.281835 1877.001557 1801.280154 1727.094898 1654.419168 1583.188255 1513.350025 1444.899966 1377.763877 1311.878258 1247.261404 1183.797814 1121.477995 1060.277476 1000.001177 940.830998 882.539123 825.179923 768.685069 712.897577 657.994158 603.549042 550.033635 496.685276 444.321129 391.996263 340.555413 289.032907 238.322130 187.390606 137.228614 86.682004 36.886142 -13.478578 -62.863426 -112.417525 -160.375437 -207.545572 -252.016070 -294.444526 -333.211740 -369.013202 -400.910352 -429.583808 -454.760682 -477.003395 -496.426994 -513.458719 -528.341911 -541.392957 -552.848418 -562.939437 -571.853646 -579.757319 -586.788125 -593.063630 -598.681794 -603.725186 -608.262722 -612.352335 -616.042359 -619.373609 -622.380466 -625.092005 -627.532711 -629.723708 -631.683343 -633.427526 -634.970433 -636.325596 -637.507300 -638.546260 -639.618153 -641.977551 -654.020207 -9999.0 -9999.0
-9999.0 -9999.0 -9999.0 -9999.0 -9999.0 -9999.0 -9999.0 -9999.0 -9999.0 -9999.0 -9999.0 -9999.0 -9999.0 -9999.0 -9999.0 -9999.0 -9999.0 -9999.0 -9999.0 -9999.0 -9999.0 -9999.0 -9999.0 -9999.0 -9999.0 -9999.0 -9999.0 -9999.0 -9999.0 -9999.0 -9999.0 -9999.0 -9999.0 -9999.0 -9999.0 -9999.0 -9999.0 -9999.0 -9999.0 -9999.0 -9999.0 -9999.0 -9999.0 -9999.0 -9999.0 -9999.0 -9999.0 -9999.0 -9999.0 -9999.0 -9999.0 -9999.0 -9999.0 -9999.0 -9999.0 -9999.0 -9999.0 -9999.0 -9999.0 -9999.0 -9999.0 -9999.0 -9999.0 -9999.0 -9999.0 -9999.0 -9999.0 -9999.0 -9999.0 -9999.0 -9999.0 -9999.0 -9999.0 -9999.0 -9999.0 -9999.0 -9999.0 -9999.0 -9999.0 -9999.0 -9999.0 -9999.0 -9999.0 -9999.0 -9999.0 -9999.0 -9999.0 -9999.0 -9999.0 -9999.0 -9999.0 -9999.0 -9999.0 -9999.0 -9999.0 -9999.0 -9999.0 -9999.0 -9999.0 -9999.0 -9999.0 -9999.0 -9999.0 -9999.0
-9999.0 -9999.0 -9999.0 -9999.0 -9999.0 -9999.0 -9999.0 -9999.0 -9999.0 -9999.0 -9999.0 -9999.0 -9999.0 -9999.0 -9999.0 -9999.0 -9999.0 -9999.0 -9999.0 -9999.0 -9999.0 -9999.0 -9999.0 -9999.0 -9999.0 -9999.0 -9999.0 -9999.0 -9999.0 -9999.0 -9999.0 -9999.0 -9999.0 -9999.0 -9999.0 -9999.0 -9999.0 -9999.0 -9999.0 -9999.0 -9999.0 -9999.0 -9999.0 -9999.0 -9999.0 -9999.0 -9999.0 -9999.0 -9999.0 -9999.0 -9999.0 -9999.0 -9999.0 -9999.0 -9999.0 -9999.0 -9999.0 -9999.0 -9999.0 -9999.0 -9999.0 -9999.0 -9999.0 -9999.0 -9999.0 -9999.0 -9999.0 -9999.0 -9999.0 -9999.0 -9999.0 -9999.0 -9999.0 -9999.0 -9999.0 -9999.0 -9999.0 -9999.0 -9999.0 -9999.0 -9999.0 -9999.0 -9999.0 -9999.0 -9999.0 -9999.0 -9999.0 -9999.0 -9999.0 -9999.0 -9999.0 -9999.0 -9999.0 -9999.0 -9999.0 -9999.0 -9999.0 -9999.0 -9999.0 -9999.0 -9999.0 -9999.0 -9999.0 -9999.0