tests/3D/hillslope01/output_maps-SE27XX/psiliqL0042N0002.asc
ncols         104
nrows         10
xllcorner     -2.000000
yllcorner     0.000000
cellsize      1.000000
NODATA_value  -9999.0
-9999.0 -9999.0 -9999.0 -9999.0 -9999.0 -9999.0 -9999.0 -9999.0 -9999.0 -9999.0 -9999.0 -9999.0 -9999.0 -9999.0 -9999.0 -9999.0 -9999.0 -9999.0 -9999.0 -9999.0 -9999.0 -9999.0 -9999.0 -9999.0 -9999.0 -9999.0 -9999.0 -9999.0 -9999.0 -9999.0 -9999.0 -9999.0 -9999.0 -9999.0 -9999.0 -9999.0 -9999.0 -9999.0 -9999.0 -9999.0 -9999.0 -9999.0 -9999.0 -9999.0 -9999.0 -9999.0 -9999.0 -9999.0 -9999.0 -9999.0 -9999.0 -9999.0 -9999.0 -9999.0 -9999.0 -9999.0 -9999.0 -9999.0 -9999.0 -9999.0 -9999.0 -9999.0 -9999.0 -9999.0 -9999.0 -9999.0 -9999.0 -9999.0 -9999.0 -9999.0 -9999.0 -9999.0 -9999.0 -9999.0 -9999.0 -9999.0 -9999.0 -9999.0 -9999.0 -9999.0 -9999.0 -9999.0 -9999.0 -9999.0 -9999.0 -9999.0 -9999.0 -9999.0 -9999.0 -9999.0 -9999.0 -9999.0 -9999.0 -9999.0 -9999.0 -9999.0 -9999.0 -9999.0 -9999.0 -9999.0 -9999.0 -9999.0 -9999.0 -9999.0
-9999.0 -9999.0 -9999.0 -9999.0 -9999.0 -9999.0 -9999.0 -9999.0 -9999.0 -9999.0 -9999.0 -9999.0 -9999.0 -9999.0 -9999.0 -9999.0 -9999.0 -9999.0 -9999.0 -9999.0 -9999.0 -9999.0 -9999.0 -9999.0 -9999.0 -9999.0 -9999.0 -9999.0 -9999.0 -9999.0 -9999.0 -9999.0 -9999.0 -9999.0 -9999.0 -9999.0 -9999.0 -9999.0 -9999.0 -9999.0 -9999.0 -9999.0 -9999.0 -9999.0 -9999.0 -9999.0 -9999.0 -9999.0 -9999.0 -9999.0 -9999.0 -9999.0 -9999.0 -9999.0 -9999.0 -9999.0 -9999.0 -9999.0 -9999.0 -9999.0 -9999.0 -9999.0 -9999.0 -9999.0 -9999.0 -9999.0 -9999.0 -9999.0 -9999.0 -9999.0 -9999.0 -9999.0 -9999.0 -9999.0 -9999.0 -9999.0 -9999.0 -9999.0 -9999.0 -9999.0 -9999.0 -9999.0 -9999.0 -9999.0 -9999.0 -9999.0 -9999.0 -9999.0 -9999.0 -9999.0 -9999.0 -9999.0 -9999.0 -9999.0 -9999.0 -9999.0 -9999.0 -9999.0 -9999.0 -9999.0 -9999.0 -9999.0 -9999.0 -9999.0
-9999.0 -9999.0 4323.459214 4229.704677 4140.680904 4054.451423 3969.495115 3884.877731 3800.106495 3714.952741 3629.329499 3543.220787 3456.643746 3369.629232 3282.211108 3194.420408 3106.283073 3017.819542 2929.044987 2839.969715 2750.599702 2660.937665 2570.985520 2480.748331 2390.234991 2299.455952 2208.421792 2117.142554 2025.627397 1933.884363 1841.920170 1749.739980 1657.347117 1564.742667 1471.924847 1378.888065 1285.622217 1192.116687 1098.375004 1004.405528 910.216265 815.814206 721.205364 626.394852 531.386959 436.185184 340.792277 245.210252 149.440404 53.483309 -42.529783 -136.825124 -220.708347 -282.043540 -318.873145 -338.235597 -347.691309 -352.138191 -354.190524 -355.128996 -355.556441 -355.751158 -355.840318 -355.881681 -355.901356 -355.911111 -355.916242 -355.919140 -355.920904 -355.922058 -355.922866 -355.923473 -355.923959 -355.924368 -355.924725 -355.925045 -355.925337 -355.925606 -355.925856 -355.926091 -355.926312 -355.926521 -355.926718 -355.926905 -355.927084 -355.927253 -355.927416 -355.927574 -355.927734 -355.927919 -355.928207 -355.928875 -355.930920 -355.937914 -355.962493 -356.048289 -356.340586 -357.303255 -360.396673 -370.819226 -421.887838 -814.840295 -9999.0 -9999.0
-9999.0 -9999.0 4323.462143 4229.706777 4140.682112 4054.452028 3969.495393 3884.877852 3800.106545 3714.952762 3629.329507 3543.220790 3456.643748 3369.629232 3282.211109 3194.420408 3106.283073 3017.819542 2929.044987 2839.969715 2750.599702 2660.937665 2570.985520 2480.748331 2390.234991 2299.455951 2208.421791 2117.142553 2025.627397 1933.884363 1841.920170 1749.739980 1657.347117 1564.742667 1471.924847 1378.888066 1285.622217 1192.116687 1098.375004 1004.405528 910.216265 815.814206 721.205364 626.394853 531.386959 436.185184 340.792277 245.210252 149.440404 53.483309 -42.529782 -136.825124 -220.708347 -282.043540 -318.873145 -338.235597 -347.691309 -352.138191 -354.190524 -355.128996 -355.556441 -355.751158 -355.840318 -355.881681 -355.901356 -355.911111 -355.916242 -355.919140 -355.920904 -355.922058 -355.922866 -355.923473 -355.923959 -355.924368 -355.924725 -355.925045 -355.925337 -355.925606 -355.925856 -355.926091 -355.926312 -355.926521 -355.926718 -355.926905 -355.927084 -355.927253 -355.927416 -355.927574 -355.927734 -355.927919 -355.928207 -355.928875 -355.930920 -355.937914 -355.962493 -356.048289 -356.340585 -357.303255 -360.396673 -370.819226 -421.887842 -814.840333 -9999.0 -9999.0
-9999.0 -9999.0 4323.464755 4229.708685 4140.683235 4054.452603 3969.495662 3884.877971 3800.106596 3714.952783 3629.329516 3543.220793 3456.643749 3369.629233 3282.211109 3194.420408 3106.283073 3017.819542 2929.044987 2839.969715 2750.599702 2660.937665 2570.985520 2480.748331 2390.234991 2299.455951 2208.421791 2117.142553 2025.627396 1933.884363 1841.920170 1749.739979 1657.347117 1564.742667 1471.924847 1378.888066 1285.622217 1192.116687 1098.375004 1004.405528 910.216265 815.814206 721.205364 626.394853 531.386959 436.185184 340.792277 245.210252 149.440404 53.483309 -42.529782 -136.825124 -220.708347 -282.043540 -318.873145 -338.235597 -347.691309 -352.138191 -354.190524 -355.128996 -355.556441 -355.751158 -355.840318 -355.881681 -355.901356 -355.911111 -355.916242 -355.919140 -355.920904 -355.922058 -355.922866 -355.923473 -355.923959 -355.924368 -355.924725 -355.925045 -355.925337 -355.925606 -355.925856 -355.926091 -355.926312 -355.926521 -355.926718 -355.926905 -355.927083 -355.927253 -355.927416 -355.927574 -355.927734 -355.927919 -355.928207 -355.928875 -355.930920 -355.937914 -355.962493 -356.048289 -356.340585 -357.303255 -360.396673 -370.819227 -421.887846 -814.840369 -9999.0 -9999.0
-9999.0 -9999.0 4323.464755 4229.708685 4140.683235 4054.452603 3969.495662 3884.877971 3800.106596 3714.952783 3629.329516 3543.220793 3456.643749 3369.629233 3282.211109 3194.420408 3106.283073 3017.819542 2929.044987 2839.969715 2750.599702 2660.937665 2570.985520 2480.748331 2390.234991 2299.455951 2208.421791 2117.142553 2025.627396 1933.884363 1841.920170 1749.739979 1657.347117 1564.742667 1471.924847 1378.888066 1285.622217 1192.116687 1098.375004 1004.405528 910.216265 815.814206 721.205364 626.394853 531.386959 436.185184 340.792277 245.210252 149.440404 53.483309 -42.529782 -136.825124 -220.708347 -282.043540 -318.873145 -338.235597 -347.691309 -352.138191 -354.190524 -355.128996 -355.556441 -355.751158 -355.840318 -355.881681 -355.901356 -355.911111 -355.916242 -355.919140 -355.920904 -355.922058 -355.922866 -355.923473 -355.923959 -355.924368 -355.924725 -355.925045 -355.925337 -355.925606 -355.925856 -355.926091 -355.926312 -355.926521 -355.926718 -355.926905 -355.927083 -355.927253 -355.927416 -355.927574 -355.927734 -355.927919 -355.928207 -355.928875 -355.930920 -355.937914 -355.962493 -356.048289 -356.340585 -357.303255 -360.396673 -370.819227 -421.887846 -814.840369 -9999.0 -9999.0
-9999.0 -9999.0 4323.462143 4229.706777 4140.682112 4054.452028 3969.495393 3884.877852 3800.106545 3714.952762 3629.329507 3543.220790 3456.643748 3369.629232 3282.211109 3194.420408 3106.283073 3017.819542 2929.044987 2839.969715 2750.599702 2660.937665 2570.985520 2480.748331 2390.234991 2299.455951 2208.421791 2117.142553 2025.627397 1933.884363 1841.920170 1749.739980 1657.347117 1564.742667 1471.924847 1378.888066 1285.622217 1192.116687 1098.375004 1004.405528 910.216265 815.814206 721.205364 626.394853 531.386959 436.185184 340.792277 245.210252 149.440404 53.483309 -42.529782 -136.825124 -220.708347 -282.043540 -318.873145 -338.235597 -347.691309 -352.138191 -354.190524 -355.128996 -355.556441 -355.751158 -355.840318 -355.881681 -355.901356 -355.911111 -355.916242 -355.919140 -355.920904 -355.922058 -355.922866 -355.923473 -355.923959 -355.924368 -355.924725 -355.925045 -355.925337 -355.925606 -355.925856 -355.926091 -355.926312 -355.926521 -355.926718 -355.926905 -355.927084 -355.927253 -355.927416 -355.927574 -355.927734 -355.927919 -355.928207 -355.928875 -355.930920 -355.937914 -355.962493 -356.048289 -356.340585 -357.303255 -360.396673 -370.819226 -421.887842 -814.840333 -9999.0 -9999.0
-9999.0 -9999.0 4323.459214 4229.704677 4140.680904 4054.451423 3969.495115 3884.877731 3800.106495 3714.952741 3629.329499 3543.220787 3456.643746 3369.629232 3282.211108 3194.420408 3106.283073 3017.819542 2929.044987 2839.969715 2750.599702 2660.937665 2570.985520 2480.748331 2390.234991 2299.455952 2208.421792 2117.142554 2025.627397 1933.884363 1841.920170 1749.739980 1657.347117 1564.742667 1471.924847 1378.888065 1285.622217 1192.116687 1098.375004 1004.405528 910.216265 815.814206 721.205364 626.394852 531.386959 436.185184 340.792277 245.210252 149.440404 53.483309 -42.529783 -136.825124 -220.708347 -282.043540 -318.873145 -338.235597 -347.691309 -352.138191 -354.190524 -355.128996 -355.556441 -355.751158 -355.840318 -355.881681 -355.901356 -355.911111 -355.916242 -355.919140 -355.920904 -355.922058 -355.922866 -355.923473 -355.923959 -355.924368 -355.924725 -355.925045 -355.925337 -355.925606 -355.925856 -355.926091 -355.926312 -355.926521 -355.926718 -355.926905 -355.927084 -355.927253 -355.927416 -355.927574 -355.927734 -355.927919 -355.928207 -355.928875 -355.930920 -355.937914 -355.962493 -356.048289 -356.340586 -357.303255 -360.396673 -370.819226 -421.887838 -814.840295 -9999.0 -9999.0
-9999.0 -9999.0 -9999.0 -9999.0 -9999.0 -9999.0 -9999.0 -9999.0 -9999.0 -9999.0 -9999.0 -9999.0 -9999.0 -9999.0 -9999.0 -9999.0 -9999.0 -9999.0 -9999.0 -9999.0 -9999.0 -9999.0 -9999.0 -9999.0 -9999.0 -9999.0 -9999.0 -9999.0 -9999.0 -9999.0 -9999.0 -9999.0 -9999.0 -9999.0 -9999.0 -9999.0 -9999.0 -9999.0 -9999.0 -9999.0 -9999.0 -9999.0 -9999.0 -9999.0 -9999.0 -9999.0 -9999.0 -9999.0 -9999.0 -9999.0 -9999.0 -9999.0 -9999.0 -9999.0 -9999.0 -9999.0 -9999.0 -9999.0 -9999.0 -9999.0 -9999.0 -9999.0 -9999.0 -9999.0 -9999.0 -9999.0 -9999.0 -9999.0 -9999.0 -9999.0 -9999.0 -9999.0 -9999.0 -9999.0 -9999.0 -9999.0 -9999.0 -9999.0 -9999.0 -9999.0 -9999.0 -9999.0 -9999.0 -9999.0 -9999.0 -9999.0 -9999.0 -9999.0 -9999.0 -9999.0 -9999.0 -9999.0 -9999.0 -9999.0 -9999.0 -9999.0 -9999.0 -9999.0 -9999.0 -9999.0 -9999.0 -9999.0 -9999.0 -9999.0
-9999.0 -9999.0 -9999.0 -9999.0 -9999.0 -9999.0 -9999.0 -9999.0 -9999.0 -9999.0 -9999.0 -9999.0 -9999.0 -9999.0 -9999.0 -9999.0 -9999.0 -9999.0 -9999.0 -9999.0 -9999.0 -9999.0 -9999.0 -9999.0 -9999.0 -9999.0 -9999.0 -9999.0 -9999.0 -9999.0 -9999.0 -9999.0 -9999.0 -9999.0 -9999.0 -9999.0 -9999.0 -9999.0 -9999.0 -9999.0 -9999.0 -9999.0 -9999.0 -9999.0 -9999.0 -9999.0 -9999.0 -9999.0 -9999.0 -9999.0 -9999.0 -9999.0 -9999.0 -9999.0 -9999.0 -9999.0 -9999.0 -9999.0 -9999.0 -9999.0 -9999.0 -9999.0 -9999.0 -9999.0 -9999.0 -9999.0 -9999.0 -9999.0 -9999.0 -9999.0 -9999.0 -9999.0 -9999.0 -9999.0 -9999.0 -9999.0 -9999.0 -9999.0 -9999.0 -9999.0 -9999.0 -9999.0 -9999.0 -9999.0 -9999.0 -9999.0 -9999.0 -9999.0 -9999.0 -9999.0 -9999.0 -9999.0 -9999.0 -9999.0 -9999.0 -9999.0 -9999.0 -9999.0 -9999.0 -9999.0 -9999.0 -9999.0 -9999.0 -9999.0