tests/3D/hillslope01/output_maps-SE27XX/psiliqL0046N0001.asc
ncols         104
nrows         10
xllcorner     -2.000000
yllcorner     0.000000
cellsize      1.000000
NODATA_value  -9999.0
-9999.0 -9999.0 -9999.0 -9999.0 -9999.0 -9999.0 -9999.0 -9999.0 -9999.0 -9999.0 -9999.0 -9999.0 -9999.0 -9999.0 -9999.0 -9999.0 -9999.0 -9999.0 -9999.0 -9999.0 -9999.0 -9999.0 -9999.0 -9999.0 -9999.0 -9999.0 -9999.0 -9999.0 -9999.0 -9999.0 -9999.0 -9999.0 -9999.0 -9999.0 -9999.0 -9999.0 -9999.0 -9999.0 -9999.0 -9999.0 -9999.0 -9999.0 -9999.0 -9999.0 -9999.0 -9999.0 -9999.0 -9999.0 -9999.0 -9999.0 -9999.0 -9999.0 -9999.0 -9999.0 -9999.0 -9999.0 -9999.0 -9999.0 -9999.0 -9999.0 -9999.0 -9999.0 -9999.0 -9999.0 -9999.0 -9999.0 -9999.0 -9999.0 -9999.0 -9999.0 -9999.0 -9999.0 -9999.0 -9999.0 -9999.0 -9999.0 -9999.0 -9999.0 -9999.0 -9999.0 -9999.0 -9999.0 -9999.0 -9999.0 -9999.0 -9999.0 -9999.0 -9999.0 -9999.0 -9999.0 -9999.0 -9999.0 -9999.0 -9999.0 -9999.0 -9999.0 -9999.0 -9999.0 -9999.0 -9999.0 -9999.0 -9999.0 -9999.0 -9999.0
-9999.0 -9999.0 -9999.0 -9999.0 -9999.0 -9999.0 -9999.0 -9999.0 -9999.0 -9999.0 -9999.0 -9999.0 -9999.0 -9999.0 -9999.0 -9999.0 -9999.0 -9999.0 -9999.0 -9999.0 -9999.0 -9999.0 -9999.0 -9999.0 -9999.0 -9999.0 -9999.0 -9999.0 -9999.0 -9999.0 -9999.0 -9999.0 -9999.0 -9999.0 -9999.0 -9999.0 -9999.0 -9999.0 -9999.0 -9999.0 -9999.0 -9999.0 -9999.0 -9999.0 -9999.0 -9999.0 -9999.0 -9999.0 -9999.0 -9999.0 -9999.0 -9999.0 -9999.0 -9999.0 -9999.0 -9999.0 -9999.0 -9999.0 -9999.0 -9999.0 -9999.0 -9999.0 -9999.0 -9999.0 -9999.0 -9999.0 -9999.0 -9999.0 -9999.0 -9999.0 -9999.0 -9999.0 -9999.0 -9999.0 -9999.0 -9999.0 -9999.0 -9999.0 -9999.0 -9999.0 -9999.0 -9999.0 -9999.0 -9999.0 -9999.0 -9999.0 -9999.0 -9999.0 -9999.0 -9999.0 -9999.0 -9999.0 -9999.0 -9999.0 -9999.0 -9999.0 -9999.0 -9999.0 -9999.0 -9999.0 -9999.0 -9999.0 -9999.0 -9999.0
-9999.0 -9999.0 3194.918172 3094.981050 2995.182965 2895.606140 2796.307081 2697.317140 2598.651088 2500.314423 2402.307509 2304.627497 2207.269681 2110.230305 2013.513949 1917.149393 1821.207164 1725.826534 1631.248917 1537.830457 1445.960775 1355.975284 1268.043149 1182.144267 1098.152915 1015.931332 935.452395 856.718744 779.664585 704.100976 630.091285 557.668398 486.675006 416.989517 348.825887 281.962048 216.195260 151.955400 88.672142 26.555088 -34.108591 -94.351929 -153.115603 -211.587440 -269.332302 -326.431869 -383.127603 -437.872979 -490.825561 -536.826581 -575.346879 -607.543376 -635.111682 -658.155856 -677.658951 -694.112892 -708.067950 -720.000049 -730.250989 -739.145799 -746.918570 -753.771454 -759.862951 -765.321054 -770.250059 -774.733551 -778.839968 -782.624774 -786.133438 -789.403131 -792.464354 -795.342350 -798.057703 -800.627617 -803.066157 -805.384997 -807.593642 -809.700127 -811.710938 -813.631429 -815.465978 -817.218179 -818.890861 -820.486279 -822.006394 -823.452654 -824.826328 -826.128022 -827.358520 -828.518284 -829.607837 -830.626940 -831.575837 -832.454869 -833.264127 -834.003884 -834.675433 -835.280257 -835.824898 -836.372764 -837.605188 -846.405436 -9999.0 -9999.0
-9999.0 -9999.0 3194.918172 3094.981050 2995.182965 2895.606140 2796.307080 2697.317140 2598.651088 2500.314423 2402.307508 2304.627497 2207.269681 2110.230305 2013.513949 1917.149393 1821.207164 1725.826534 1631.248917 1537.830457 1445.960775 1355.975284 1268.043149 1182.144267 1098.152915 1015.931332 935.452395 856.718744 779.664585 704.100976 630.091285 557.668398 486.675006 416.989518 348.825887 281.962048 216.195260 151.955400 88.672142 26.555088 -34.108591 -94.351929 -153.115603 -211.587440 -269.332302 -326.431869 -383.127603 -437.872979 -490.825561 -536.826581 -575.346879 -607.543376 -635.111682 -658.155856 -677.658951 -694.112892 -708.067950 -720.000049 -730.250989 -739.145799 -746.918570 -753.771454 -759.862951 -765.321054 -770.250059 -774.733551 -778.839968 -782.624774 -786.133438 -789.403131 -792.464354 -795.342350 -798.057703 -800.627617 -803.066157 -805.384997 -807.593642 -809.700127 -811.710938 -813.631429 -815.465978 -817.218179 -818.890861 -820.486279 -822.006394 -823.452654 -824.826328 -826.128022 -827.358520 -828.518284 -829.607837 -830.626940 -831.575837 -832.454869 -833.264127 -834.003884 -834.675433 -835.280257 -835.824898 -836.372764 -837.605188 -846.405436 -9999.0 -9999.0
-9999.0 -9999.0 3194.918172 3094.981050 2995.182965 2895.606140 2796.307080 2697.317140 2598.651088 2500.314423 2402.307508 2304.627497 2207.269681 2110.230305 2013.513949 1917.149393 1821.207164 1725.826534 1631.248917 1537.830457 1445.960775 1355.975284 1268.043149 1182.144267 1098.152915 1015.931332 935.452395 856.718744 779.664585 704.100976 630.091285 557.668398 486.675006 416.989518 348.825887 281.962048 216.195260 151.955400 88.672142 26.555088 -34.108591 -94.351929 -153.115603 -211.587440 -269.332302 -326.431869 -383.127603 -437.872979 -490.825561 -536.826581 -575.346879 -607.543376 -635.111682 -658.155856 -677.658951 -694.112892 -708.067950 -720.000049 -730.250989 -739.145799 -746.918570 -753.771454 -759.862951 -765.321054 -770.250059 -774.733551 -778.839968 -782.624774 -786.133438 -789.403131 -792.464354 -795.342350 -798.057703 -800.627617 -803.066157 -805.384997 -807.593642 -809.700127 -811.710938 -813.631429 -815.465978 -817.218179 -818.890862 -820.486279 -822.006394 -823.452654 -824.826328 -826.128022 -827.358520 -828.518284 -829.607837 -830.626940 -831.575837 -832.454869 -833.264127 -834.003884 -834.675433 -835.280257 -835.824898 -836.372764 -837.605188 -846.405436 -9999.0 -9999.0
-9999.0 -9999.0 3194.918172 3094.981050 2995.182965 2895.606140 2796.307080 2697.317140 2598.651088 2500.314423 2402.307508 2304.627497 2207.269681 2110.230305 2013.513949 1917.149393 1821.207164 1725.826534 1631.248917 1537.830457 1445.960775 1355.975284 1268.043149 1182.144267 1098.152915 1015.931332 935.452395 856.718744 779.664585 704.100976 630.091285 557.668398 486.675006 416.989518 348.825887 281.962048 216.195260 151.955400 88.672142 26.555088 -34.108591 -94.351929 -153.115603 -211.587440 -269.332302 -326.431869 -383.127603 -437.872979 -490.825561 -536.826581 -575.346879 -607.543376 -635.111682 -658.155856 -677.658951 -694.112892 -708.067950 -720.000049 -730.250989 -739.145799 -746.918570 -753.771454 -759.862951 -765.321054 -770.250059 -774.733551 -778.839968 -782.624774 -786.133438 -789.403131 -792.464354 -795.342350 -798.057703 -800.627617 -803.066157 -805.384997 -807.593642 -809.700127 -811.710938 -813.631429 -815.465978 -817.218179 -818.890862 -820.486279 -822.006394 -823.452654 -824.826328 -826.128022 -827.358520 -828.518284 -829.607837 -830.626940 -831.575837 -832.454869 -833.264127 -834.003884 -834.675433 -835.280257 -835.824898 -836.372764 -837.605188 -846.405436 -9999.0 -9999.0
-9999.0 -9999.0 3194.918172 3094.981050 2995.182965 2895.606140 2796.307080 2697.317140 2598.651088 2500.314423 2402.307508 2304.627497 2207.269681 2110.230305 2013.513949 1917.149393 1821.207164 1725.826534 1631.248917 1537.830457 1445.960775 1355.975284 1268.043149 1182.144267 1098.152915 1015.931332 935.452395 856.718744 779.664585 704.100976 630.091285 557.668398 486.675006 416.989518 348.825887 281.962048 216.195260 151.955400 88.672142 26.555088 -34.108591 -94.351929 -153.115603 -211.587440 -269.332302 -326.431869 -383.127603 -437.872979 -490.825561 -536.826581 -575.346879 -607.543376 -635.111682 -658.155856 -677.658951 -694.112892 -708.067950 -720.000049 -730.250989 -739.145799 -746.918570 -753.771454 -759.862951 -765.321054 -770.250059 -774.733551 -778.839968 -782.624774 -786.133438 -789.403131 -792.464354 -795.342350 -798.057703 -800.627617 -803.066157 -805.384997 -807.593642 -809.700127 -811.710938 -813.631429 -815.465978 -817.218179 -818.890861 -820.486279 -822.006394 -823.452654 -824.826328 -826.128022 -827.358520 -828.518284 -829.607837 -830.626940 -831.575837 -832.454869 -833.264127 -834.003884 -834.675433 -835.280257 -835.824898 -836.372764 -837.605188 -846.405436 -9999.0 -9999.0
-9999.0 -9999.0 3194.918172 3094.981050 2995.182965 2895.606140 2796.307081 2697.317140 2598.651088 2500.314423 2402.307509 2304.627497 2207.269681 2110.230305 2013.513949 1917.149393 1821.207164 1725.826534 1631.248917 1537.830457 1445.960775 1355.975284 1268.043149 1182.144267 1098.152915 1015.931332 935.452395 856.718744 779.664585 704.100976 630.091285 557.668398 486.675006 416.989517 348.825887 281.962048 216.195260 151.955400 88.672142 26.555088 -34.108591 -94.351929 -153.115603 -211.587440 -269.332302 -326.431869 -383.127603 -437.872979 -490.825561 -536.826581 -575.346879 -607.543376 -635.111682 -658.155856 -677.658951 -694.112892 -708.067950 -720.000049 -730.250989 -739.145799 -746.918570 -753.771454 -759.862951 -765.321054 -770.250059 -774.733551 -778.839968 -782.624774 -786.133438 -789.403131 -792.464354 -795.342350 -798.057703 -800.627617 -803.066157 -805.384997 -807.593642 -809.700127 -811.710938 -813.631429 -815.465978 -817.218179 -818.890861 -820.486279 -822.006394 -823.452654 -824.826328 -826.128022 -827.358520 -828.518284 -829.607837 -830.626940 -831.575837 -832.454869 -833.264127 -834.003884 -834.675433 -835.280257 -835.824898 -836.372764 -837.605188 -846.405436 -9999.0 -9999.0
-9999.0 -9999.0 -9999.0 -9999.0 -9999.0 -9999.0 -9999.0 -9999.0 -9999.0 -9999.0 -9999.0 -9999.0 -9999.0 -9999.0 -9999.0 -9999.0 -9999.0 -9999.0 -9999.0 -9999.0 -9999.0 -9999.0 -9999.0 -9999.0 -9999.0 -9999.0 -9999.0 -9999.0 -9999.0 -9999.0 -9999.0 -9999.0 -9999.0 -9999.0 -9999.0 -9999.0 -9999.0 -9999.0 -9999.0 -9999.0 -9999.0 -9999.0 -9999.0 -9999.0 -9999.0 -9999.0 -9999.0 -9999.0 -9999.0 -9999.0 -9999.0 -9999.0 -9999.0 -9999.0 -9999.0 -9999.0 -9999.0 -9999.0 -9999.0 -9999.0 -9999.0 -9999.0 -9999.0 -9999.0 -9999.0 -9999.0 -9999.0 -9999.0 -9999.0 -9999.0 -9999.0 -9999.0 -9999.0 -9999.0 -9999.0 -9999.0 -9999.0 -9999.0 -9999.0 -9999.0 -9999.0 -9999.0 -9999.0 -9999.0 -9999.0 -9999.0 -9999.0 -9999.0 -9999.0 -9999.0 -9999.0 -9999.0 -9999.0 -9999.0 -9999.0 -9999.0 -9999.0 -9999.0 -9999.0 -9999.0 -9999.0 -9999.0 -9999.0 -9999.0
-9999.0 -9999.0 -9999.0 -9999.0 -9999.0 -9999.0 -9999.0 -9999.0 -9999.0 -9999.0 -9999.0 -9999.0 -9999.0 -9999.0 -9999.0 -9999.0 -9999.0 -9999.0 -9999.0 -9999.0 -9999.0 -9999.0 -9999.0 -9999.0 -9999.0 -9999.0 -9999.0 -9999.0 -9999.0 -9999.0 -9999.0 -9999.0 -9999.0 -9999.0 -9999.0 -9999.0 -9999.0 -9999.0 -9999.0 -9999.0 -9999.0 -9999.0 -9999.0 -9999.0 -9999.0 -9999.0 -9999.0 -9999.0 -9999.0 -9999.0 -9999.0 -9999.0 -9999.0 -9999.0 -9999.0 -9999.0 -9999.0 -9999.0 -9999.0 -9999.0 -9999.0 -9999.0 -9999.0 -9999.0 -9999.0 -9999.0 -9999.0 -9999.0 -9999.0 -9999.0 -9999.0 -9999.0 -9999.0 -9999.0 -9999.0 -9999.0 -9999.0 -9999.0 -9999.0 -9999.0 -9999.0 -9999.0 -9999.0 -9999.0 -9999.0 -9999.0 -9999.0 -9999.0 -9999.0 -9999.0 -9999.0 -9999.0 -9999.0 -9999.0 -9999.0 -9999.0 -9999.0 -9999.0 -9999.0 -9999.0 -9999.0 -9999.0 -9999.0 -9999.0