tests/3D/hillslope01/output_maps-SE27XX/psiliqL0056N0001.asc
ncols         104
nrows         10
xllcorner     -2.000000
yllcorner     0.000000
cellsize      1.000000
NODATA_value  -9999.0
-9999.0 -9999.0 -9999.0 -9999.0 -9999.0 -9999.0 -9999.0 -9999.0 -9999.0 -9999.0 -9999.0 -9999.0 -9999.0 -9999.0 -9999.0 -9999.0 -9999.0 -9999.0 -9999.0 -9999.0 -9999.0 -9999.0 -9999.0 -9999.0 -9999.0 -9999.0 -9999.0 -9999.0 -9999.0 -9999.0 -9999.0 -9999.0 -9999.0 -9999.0 -9999.0 -9999.0 -9999.0 -9999.0 -9999.0 -9999.0 -9999.0 -9999.0 -9999.0 -9999.0 -9999.0 -9999.0 -9999.0 -9999.0 -9999.0 -9999.0 -9999.0 -9999.0 -9999.0 -9999.0 -9999.0 -9999.0 -9999.0 -9999.0 -9999.0 -9999.0 -9999.0 -9999.0 -9999.0 -9999.0 -9999.0 -9999.0 -9999.0 -9999.0 -9999.0 -9999.0 -9999.0 -9999.0 -9999.0 -9999.0 -9999.0 -9999.0 -9999.0 -9999.0 -9999.0 -9999.0 -9999.0 -9999.0 -9999.0 -9999.0 -9999.0 -9999.0 -9999.0 -9999.0 -9999.0 -9999.0 -9999.0 -9999.0 -9999.0 -9999.0 -9999.0 -9999.0 -9999.0 -9999.0 -9999.0 -9999.0 -9999.0 -9999.0 -9999.0 -9999.0
-9999.0 -9999.0 -9999.0 -9999.0 -9999.0 -9999.0 -9999.0 -9999.0 -9999.0 -9999.0 -9999.0 -9999.0 -9999.0 -9999.0 -9999.0 -9999.0 -9999.0 -9999.0 -9999.0 -9999.0 -9999.0 -9999.0 -9999.0 -9999.0 -9999.0 -9999.0 -9999.0 -9999.0 -9999.0 -9999.0 -9999.0 -9999.0 -9999.0 -9999.0 -9999.0 -9999.0 -9999.0 -9999.0 -9999.0 -9999.0 -9999.0 -9999.0 -9999.0 -9999.0 -9999.0 -9999.0 -9999.0 -9999.0 -9999.0 -9999.0 -9999.0 -9999.0 -9999.0 -9999.0 -9999.0 -9999.0 -9999.0 -9999.0 -9999.0 -9999.0 -9999.0 -9999.0 -9999.0 -9999.0 -9999.0 -9999.0 -9999.0 -9999.0 -9999.0 -9999.0 -9999.0 -9999.0 -9999.0 -9999.0 -9999.0 -9999.0 -9999.0 -9999.0 -9999.0 -9999.0 -9999.0 -9999.0 -9999.0 -9999.0 -9999.0 -9999.0 -9999.0 -9999.0 -9999.0 -9999.0 -9999.0 -9999.0 -9999.0 -9999.0 -9999.0 -9999.0 -9999.0 -9999.0 -9999.0 -9999.0 -9999.0 -9999.0 -9999.0 -9999.0
-9999.0 -9999.0 4186.014158 4086.160180 3986.487064 3887.041411 3787.864102 3688.985045 3590.424618 3492.196967 3394.313028 3296.783093 3199.619591 3102.841258 3006.480096 2910.591878 2815.268635 2720.652632 2626.946390 2534.404953 2443.295413 2353.844424 2266.188836 2180.364061 2096.336613 2014.052384 1933.477690 1854.584127 1777.319735 1701.612469 1627.442528 1554.785525 1483.572966 1413.750671 1345.321394 1278.205596 1212.335788 1147.742979 1084.297638 1021.997766 960.826166 900.556707 841.417204 783.141031 725.805073 669.338397 613.561052 558.700651 504.249517 450.795087 397.419572 345.125947 292.773765 241.404602 189.851908 139.216158 88.248862 38.168365 -12.422182 -61.968558 -111.665602 -159.768427 -207.148836 -251.867446 -294.659763 -333.808381 -370.083033 -402.436389 -431.595362 -457.229461 -479.910265 -499.744971 -517.151893 -532.385840 -545.755755 -557.509680 -567.876661 -577.051898 -585.202454 -592.470426 -598.975393 -604.817932 -610.082277 -614.839025 -619.147344 -623.056756 -626.608918 -629.838616 -632.775363 -635.444104 -637.866034 -640.058997 -642.038554 -643.818356 -645.410303 -646.825141 -648.073444 -649.166716 -650.131792 -651.132005 -653.372599 -665.144456 -9999.0 -9999.0
-9999.0 -9999.0 4186.014158 4086.160180 3986.487064 3887.041411 3787.864102 3688.985044 3590.424618 3492.196966 3394.313028 3296.783093 3199.619591 3102.841258 3006.480096 2910.591878 2815.268635 2720.652632 2626.946390 2534.404953 2443.295413 2353.844424 2266.188836 2180.364061 2096.336613 2014.052384 1933.477690 1854.584127 1777.319735 1701.612469 1627.442529 1554.785525 1483.572966 1413.750671 1345.321394 1278.205596 1212.335788 1147.742979 1084.297638 1021.997766 960.826166 900.556707 841.417204 783.141031 725.805073 669.338397 613.561052 558.700651 504.249517 450.795087 397.419572 345.125947 292.773765 241.404602 189.851908 139.216158 88.248862 38.168365 -12.422182 -61.968558 -111.665602 -159.768427 -207.148836 -251.867446 -294.659763 -333.808381 -370.083033 -402.436389 -431.595362 -457.229461 -479.910265 -499.744971 -517.151893 -532.385840 -545.755755 -557.509680 -567.876661 -577.051898 -585.202454 -592.470426 -598.975393 -604.817932 -610.082277 -614.839025 -619.147344 -623.056756 -626.608918 -629.838616 -632.775363 -635.444104 -637.866034 -640.058997 -642.038554 -643.818356 -645.410303 -646.825141 -648.073444 -649.166716 -650.131792 -651.132005 -653.372599 -665.144456 -9999.0 -9999.0
-9999.0 -9999.0 4186.014158 4086.160180 3986.487064 3887.041411 3787.864102 3688.985044 3590.424618 3492.196966 3394.313028 3296.783093 3199.619590 3102.841258 3006.480096 2910.591878 2815.268635 2720.652632 2626.946390 2534.404953 2443.295413 2353.844424 2266.188836 2180.364061 2096.336613 2014.052384 1933.477690 1854.584127 1777.319735 1701.612469 1627.442529 1554.785525 1483.572966 1413.750671 1345.321394 1278.205596 1212.335788 1147.742979 1084.297638 1021.997766 960.826166 900.556707 841.417204 783.141031 725.805073 669.338397 613.561052 558.700651 504.249517 450.795087 397.419572 345.125947 292.773765 241.404602 189.851908 139.216158 88.248862 38.168365 -12.422182 -61.968558 -111.665602 -159.768427 -207.148836 -251.867446 -294.659763 -333.808381 -370.083034 -402.436389 -431.595362 -457.229461 -479.910265 -499.744971 -517.151893 -532.385840 -545.755755 -557.509680 -567.876661 -577.051898 -585.202454 -592.470426 -598.975393 -604.817932 -610.082277 -614.839025 -619.147344 -623.056756 -626.608918 -629.838616 -632.775363 -635.444104 -637.866034 -640.058997 -642.038554 -643.818356 -645.410303 -646.825141 -648.073444 -649.166716 -650.131792 -651.132005 -653.372599 -665.144456 -9999.0 -9999.0
-9999.0 -9999.0 4186.014158 4086.160180 3986.487064 3887.041411 3787.864102 3688.985044 3590.424618 3492.196966 3394.313028 3296.783093 3199.619591 3102.841258 3006.480096 2910.591878 2815.268635 2720.652632 2626.946390 2534.404953 2443.295413 2353.844424 2266.188836 2180.364061 2096.336613 2014.052384 1933.477690 1854.584127 1777.319735 1701.612469 1627.442529 1554.785525 1483.572966 1413.750671 1345.321394 1278.205596 1212.335788 1147.742979 1084.297638 1021.997766 960.826166 900.556707 841.417204 783.141031 725.805073 669.338397 613.561052 558.700651 504.249517 450.795087 397.419572 345.125947 292.773765 241.404602 189.851908 139.216158 88.248862 38.168365 -12.422182 -61.968558 -111.665602 -159.768427 -207.148836 -251.867446 -294.659763 -333.808381 -370.083034 -402.436389 -431.595362 -457.229461 -479.910265 -499.744971 -517.151893 -532.385840 -545.755755 -557.509680 -567.876661 -577.051898 -585.202454 -592.470426 -598.975393 -604.817932 -610.082277 -614.839025 -619.147344 -623.056756 -626.608918 -629.838616 -632.775363 -635.444104 -637.866034 -640.058997 -642.038554 -643.818356 -645.410303 -646.825141 -648.073444 -649.166716 -650.131792 -651.132005 -653.372599 -665.144456 -9999.0 -9999.0
-9999.0 -9999.0 4186.014158 4086.160180 3986.487064 3887.041411 3787.864102 3688.985044 3590.424618 3492.196966 3394.313028 3296.783093 3199.619591 3102.841258 3006.480096 2910.591878 2815.268635 2720.652632 2626.946390 2534.404953 2443.295413 2353.844424 2266.188836 2180.364061 2096.336613 2014.052384 1933.477690 1854.584127 1777.319735 1701.612469 1627.442529 1554.785525 1483.572966 1413.750671 1345.321394 1278.205596 1212.335788 1147.742979 1084.297638 1021.997766 960.826166 900.556707 841.417204 783.141031 725.805073 669.338397 613.561052 558.700651 504.249517 450.795087 397.419572 345.125947 292.773765 241.404602 189.851908 139.216158 88.248862 38.168365 -12.422182 -61.968558 -111.665602 -159.768427 -207.148836 -251.867446 -294.659763 -333.808381 -370.083033 -402.436389 -431.595362 -457.229461 -479.910265 -499.744971 -517.151893 -532.385840 -545.755755 -557.509680 -567.876661 -577.051898 -585.202454 -592.470426 -598.975393 -604.817932 -610.082277 -614.839025 -619.147344 -623.056756 -626.608918 -629.838616 -632.775363 -635.444104 -637.866034 -640.058997 -642.038554 -643.818356 -645.410303 -646.825141 -648.073444 -649.166716 -650.131792 -651.132005 -653.372599 -665.144456 -9999.0 -9999.0
-9999.0 -9999.0 4186.014158 4086.160180 3986.487064 3887.041411 3787.864102 3688.985045 3590.424618 3492.196967 3394.313028 3296.783093 3199.619591 3102.841258 3006.480096 2910.591878 2815.268635 2720.652632 2626.946390 2534.404953 2443.295413 2353.844424 2266.188836 2180.364061 2096.336613 2014.052384 1933.477690 1854.584127 1777.319735 1701.612469 1627.442528 1554.785525 1483.572966 1413.750671 1345.321394 1278.205596 1212.335788 1147.742979 1084.297638 1021.997766 960.826166 900.556707 841.417204 783.141031 725.805073 669.338397 613.561052 558.700651 504.249517 450.795087 397.419572 345.125947 292.773765 241.404602 189.851908 139.216158 88.248862 38.168365 -12.422182 -61.968558 -111.665602 -159.768427 -207.148836 -251.867446 -294.659763 -333.808381 -370.083033 -402.436389 -431.595362 -457.229461 -479.910265 -499.744971 -517.151893 -532.385840 -545.755755 -557.509680 -567.876661 -577.051898 -585.202454 -592.470426 -598.975393 -604.817932 -610.082277 -614.839025 -619.147344 -623.056756 -626.608918 -629.838616 -632.775363 -635.444104 -637.866034 -640.058997 -642.038554 -643.818356 -645.410303 -646.825141 -648.073444 -649.166716 -650.131792 -651.132005 -653.372599 -665.144456 -9999.0 -9999.0
-9999.0 -9999.0 -9999.0 -9999.0 -9999.0 -9999.0 -9999.0 -9999.0 -9999.0 -9999.0 -9999.0 -9999.0 -9999.0 -9999.0 -9999.0 -9999.0 -9999.0 -9999.0 -9999.0 -9999.0 -9999.0 -9999.0 -9999.0 -9999.0 -9999.0 -9999.0 -9999.0 -9999.0 -9999.0 -9999.0 -9999.0 -9999.0 -9999.0 -9999.0 -9999.0 -9999.0 -9999.0 -9999.0 -9999.0 -9999.0 -9999.0 -9999.0 -9999.0 -9999.0 -9999.0 -9999.0 -9999.0 -9999.0 -9999.0 -9999.0 -9999.0 -9999.0 -9999.0 -9999.0 -9999.0 -9999.0 -9999.0 -9999.0 -9999.0 -9999.0 -9999.0 -9999.0 -9999.0 -9999.0 -9999.0 -9999.0 -9999.0 -9999.0 -9999.0 -9999.0 -9999.0 -9999.0 -9999.0 -9999.0 -9999.0 -9999.0 -9999.0 -9999.0 -9999.0 -9999.0 -9999.0 -9999.0 -9999.0 -9999.0 -9999.0 -9999.0 -9999.0 -9999.0 -9999.0 -9999.0 -9999.0 -9999.0 -9999.0 -9999.0 -9999.0 -9999.0 -9999.0 -9999.0 -9999.0 -9999.0 -9999.0 -9999.0 -9999.0 -9999.0
-9999.0 -9999.0 -9999.0 -9999.0 -9999.0 -9999.0 -9999.0 -9999.0 -9999.0 -9999.0 -9999.0 -9999.0 -9999.0 -9999.0 -9999.0 -9999.0 -9999.0 -9999.0 -9999.0 -9999.0 -9999.0 -9999.0 -9999.0 -9999.0 -9999.0 -9999.0 -9999.0 -9999.0 -9999.0 -9999.0 -9999.0 -9999.0 -9999.0 -9999.0 -9999.0 -9999.0 -9999.0 -9999.0 -9999.0 -9999.0 -9999.0 -9999.0 -9999.0 -9999.0 -9999.0 -9999.0 -9999.0 -9999.0 -9999.0 -9999.0 -9999.0 -9999.0 -9999.0 -9999.0 -9999.0 -9999.0 -9999.0 -9999.0 -9999.0 -9999.0 -9999.0 -9999.0 -9999.0 -9999.0 -9999.0 -9999.0 -9999.0 -9999.0 -9999.0 -9999.0 -9999.0 -9999.0 -9999.0 -9999.0 -9999.0 -9999.0 -9999.0 -9999.0 -9999.0 -9999.0 -9999.0 -9999.0 -9999.0 -9999.0 -9999.0 -9999.0 -9999.0 -9999.0 -9999.0 -9999.0 -9999.0 -9999.0 -9999.0 -9999.0 -9999.0 -9999.0 -9999.0 -9999.0 -9999.0 -9999.0 -9999.0 -9999.0 -9999.0 -9999.0