tests/3D/hillslope01/output_maps-SE27XX/thetaliqL0039N0001.asc
ncols         104
nrows         10
xllcorner     -2.000000
yllcorner     0.000000
cellsize      1.000000
NODATA_value  -9999.0
-9999.0 -9999.0 -9999.0 -9999.0 -9999.0 -9999.0 -9999.0 -9999.0 -9999.0 -9999.0 -9999.0 -9999.0 -9999.0 -9999.0 -9999.0 -9999.0 -9999.0 -9999.0 -9999.0 -9999.0 -9999.0 -9999.0 -9999.0 -9999.0 -9999.0 -9999.0 -9999.0 -9999.0 -9999.0 -9999.0 -9999.0 -9999.0 -9999.0 -9999.0 -9999.0 -9999.0 -9999.0 -9999.0 -9999.0 -9999.0 -9999.0 -9999.0 -9999.0 -9999.0 -9999.0 -9999.0 -9999.0 -9999.0 -9999.0 -9999.0 -9999.0 -9999.0 -9999.0 -9999.0 -9999.0 -9999.0 -9999.0 -9999.0 -9999.0 -9999.0 -9999.0 -9999.0 -9999.0 -9999.0 -9999.0 -9999.0 -9999.0 -9999.0 -9999.0 -9999.0 -9999.0 -9999.0 -9999.0 -9999.0 -9999.0 -9999.0 -9999.0 -9999.0 -9999.0 -9999.0 -9999.0 -9999.0 -9999.0 -9999.0 -9999.0 -9999.0 -9999.0 -9999.0 -9999.0 -9999.0 -9999.0 -9999.0 -9999.0 -9999.0 -9999.0 -9999.0 -9999.0 -9999.0 -9999.0 -9999.0 -9999.0 -9999.0 -9999.0 -9999.0
-9999.0 -9999.0 -9999.0 -9999.0 -9999.0 -9999.0 -9999.0 -9999.0 -9999.0 -9999.0 -9999.0 -9999.0 -9999.0 -9999.0 -9999.0 -9999.0 -9999.0 -9999.0 -9999.0 -9999.0 -9999.0 -9999.0 -9999.0 -9999.0 -9999.0 -9999.0 -9999.0 -9999.0 -9999.0 -9999.0 -9999.0 -9999.0 -9999.0 -9999.0 -9999.0 -9999.0 -9999.0 -9999.0 -9999.0 -9999.0 -9999.0 -9999.0 -9999.0 -9999.0 -9999.0 -9999.0 -9999.0 -9999.0 -9999.0 -9999.0 -9999.0 -9999.0 -9999.0 -9999.0 -9999.0 -9999.0 -9999.0 -9999.0 -9999.0 -9999.0 -9999.0 -9999.0 -9999.0 -9999.0 -9999.0 -9999.0 -9999.0 -9999.0 -9999.0 -9999.0 -9999.0 -9999.0 -9999.0 -9999.0 -9999.0 -9999.0 -9999.0 -9999.0 -9999.0 -9999.0 -9999.0 -9999.0 -9999.0 -9999.0 -9999.0 -9999.0 -9999.0 -9999.0 -9999.0 -9999.0 -9999.0 -9999.0 -9999.0 -9999.0 -9999.0 -9999.0 -9999.0 -9999.0 -9999.0 -9999.0 -9999.0 -9999.0 -9999.0 -9999.0
-9999.0 -9999.0 0.100000 0.100000 0.100000 0.100000 0.100000 0.100000 0.100000 0.100000 0.100000 0.100000 0.100000 0.100000 0.100000 0.100000 0.100000 0.100000 0.100000 0.100000 0.100000 0.100000 0.100000 0.100000 0.100000 0.100000 0.100000 0.100000 0.100000 0.100000 0.093939 0.081014 0.069221 0.060179 0.053413 0.048232 0.044155 0.040927 0.038372 0.036373 0.034859 0.033752 0.032970 0.032435 0.032074 0.031829 0.031665 0.031575 0.031541 0.031514 0.031493 0.031474 0.031458 0.031445 0.031432 0.031422 0.031412 0.031403 0.031394 0.031386 0.031379 0.031372 0.031365 0.031359 0.031353 0.031347 0.031341 0.031336 0.031330 0.031325 0.031320 0.031314 0.031309 0.031304 0.031300 0.031295 0.031290 0.031286 0.031281 0.031277 0.031273 0.031268 0.031264 0.031260 0.031257 0.031253 0.031249 0.031246 0.031243 0.031239 0.031236 0.031234 0.031231 0.031228 0.031226 0.031224 0.031222 0.031220 0.031218 0.031217 0.031213 0.031161 -9999.0 -9999.0
-9999.0 -9999.0 0.100000 0.100000 0.100000 0.100000 0.100000 0.100000 0.100000 0.100000 0.100000 0.100000 0.100000 0.100000 0.100000 0.100000 0.100000 0.100000 0.100000 0.100000 0.100000 0.100000 0.100000 0.100000 0.100000 0.100000 0.100000 0.100000 0.100000 0.100000 0.093939 0.081014 0.069221 0.060179 0.053413 0.048232 0.044155 0.040927 0.038372 0.036373 0.034859 0.033752 0.032970 0.032435 0.032074 0.031829 0.031665 0.031575 0.031541 0.031514 0.031493 0.031474 0.031458 0.031445 0.031432 0.031422 0.031412 0.031403 0.031394 0.031386 0.031379 0.031372 0.031365 0.031359 0.031353 0.031347 0.031341 0.031336 0.031330 0.031325 0.031320 0.031314 0.031309 0.031304 0.031300 0.031295 0.031290 0.031286 0.031281 0.031277 0.031273 0.031268 0.031264 0.031260 0.031257 0.031253 0.031249 0.031246 0.031243 0.031239 0.031236 0.031234 0.031231 0.031228 0.031226 0.031224 0.031222 0.031220 0.031218 0.031217 0.031213 0.031161 -9999.0 -9999.0
-9999.0 -9999.0 0.100000 0.100000 0.100000 0.100000 0.100000 0.100000 0.100000 0.100000 0.100000 0.100000 0.100000 0.100000 0.100000 0.100000 0.100000 0.100000 0.100000 0.100000 0.100000 0.100000 0.100000 0.100000 0.100000 0.100000 0.100000 0.100000 0.100000 0.100000 0.093939 0.081014 0.069221 0.060179 0.053413 0.048232 0.044155 0.040927 0.038372 0.036373 0.034859 0.033752 0.032970 0.032435 0.032074 0.031829 0.031665 0.031575 0.031541 0.031514 0.031493 0.031474 0.031458 0.031445 0.031432 0.031422 0.031412 0.031403 0.031394 0.031386 0.031379 0.031372 0.031365 0.031359 0.031353 0.031347 0.031341 0.031336 0.031330 0.031325 0.031320 0.031314 0.031309 0.031304 0.031300 0.031295 0.031290 0.031286 0.031281 0.031277 0.031273 0.031268 0.031264 0.031260 0.031257 0.031253 0.031249 0.031246 0.031243 0.031239 0.031236 0.031234 0.031231 0.031228 0.031226 0.031224 0.031222 0.031220 0.031218 0.031217 0.031213 0.031161 -9999.0 -9999.0
-9999.0 -9999.0 0.100000 0.100000 0.100000 0.100000 0.100000 0.100000 0.100000 0.100000 0.100000 0.100000 0.100000 0.100000 0.100000 0.100000 0.100000 0.100000 0.100000 0.100000 0.100000 0.100000 0.100000 0.100000 0.100000 0.100000 0.100000 0.100000 0.100000 0.100000 0.093939 0.081014 0.069221 0.060179 0.053413 0.048232 0.044155 0.040927 0.038372 0.036373 0.034859 0.033752 0.032970 0.032435 0.032074 0.031829 0.031665 0.031575 0.031541 0.031514 0.031493 0.031474 0.031458 0.031445 0.031432 0.031422 0.031412 0.031403 0.031394 0.031386 0.031379 0.031372 0.031365 0.031359 0.031353 0.031347 0.031341 0.031336 0.031330 0.031325 0.031320 0.031314 0.031309 0.031304 0.031300 0.031295 0.031290 0.031286 0.031281 0.031277 0.031273 0.031268 0.031264 0.031260 0.031257 0.031253 0.031249 0.031246 0.031243 0.031239 0.031236 0.031234 0.031231 0.031228 0.031226 0.031224 0.031222 0.031220 0.031218 0.031217 0.031213 0.031161 -9999.0 -9999.0
-9999.0 -9999.0 0.100000 0.100000 0.100000 0.100000 0.100000 0.100000 0.100000 0.100000 0.100000 0.100000 0.100000 0.100000 0.100000 0.100000 0.100000 0.100000 0.100000 0.100000 0.100000 0.100000 0.100000 0.100000 0.100000 0.100000 0.100000 0.100000 0.100000 0.100000 0.093939 0.081014 0.069221 0.060179 0.053413 0.048232 0.044155 0.040927 0.038372 0.036373 0.034859 0.033752 0.032970 0.032435 0.032074 0.031829 0.031665 0.031575 0.031541 0.031514 0.031493 0.031474 0.031458 0.031445 0.031432 0.031422 0.031412 0.031403 0.031394 0.031386 0.031379 0.031372 0.031365 0.031359 0.031353 0.031347 0.031341 0.031336 0.031330 0.031325 0.031320 0.031314 0.031309 0.031304 0.031300 0.031295 0.031290 0.031286 0.031281 0.031277 0.031273 0.031268 0.031264 0.031260 0.031257 0.031253 0.031249 0.031246 0.031243 0.031239 0.031236 0.031234 0.031231 0.031228 0.031226 0.031224 0.031222 0.031220 0.031218 0.031217 0.031213 0.031161 -9999.0 -9999.0
-9999.0 -9999.0 0.100000 0.100000 0.100000 0.100000 0.100000 0.100000 0.100000 0.100000 0.100000 0.100000 0.100000 0.100000 0.100000 0.100000 0.100000 0.100000 0.100000 0.100000 0.100000 0.100000 0.100000 0.100000 0.100000 0.100000 0.100000 0.100000 0.100000 0.100000 0.093939 0.081014 0.069221 0.060179 0.053413 0.048232 0.044155 0.040927 0.038372 0.036373 0.034859 0.033752 0.032970 0.032435 0.032074 0.031829 0.031665 0.031575 0.031541 0.031514 0.031493 0.031474 0.031458 0.031445 0.031432 0.031422 0.031412 0.031403 0.031394 0.031386 0.031379 0.031372 0.031365 0.031359 0.031353 0.031347 0.031341 0.031336 0.031330 0.031325 0.031320 0.031314 0.031309 0.031304 0.031300 0.031295 0.031290 0.031286 0.031281 0.031277 0.031273 0.031268 0.031264 0.031260 0.031257 0.031253 0.031249 0.031246 0.031243 0.031239 0.031236 0.031234 0.031231 0.031228 0.031226 0.031224 0.031222 0.031220 0.031218 0.031217 0.031213 0.031161 -9999.0 -9999.0
-9999.0 -9999.0 -9999.0 -9999.0 -9999.0 -9999.0 -9999.0 -9999.0 -9999.0 -9999.0 -9999.0 -9999.0 -9999.0 -9999.0 -9999.0 -9999.0 -9999.0 -9999.0 -9999.0 -9999.0 -9999.0 -9999.0 -9999.0 -9999.0 -9999.0 -9999.0 -9999.0 -9999.0 -9999.0 -9999.0 -9999.0 -9999.0 -9999.0 -9999.0 -9999.0 -9999.0 -9999.0 -9999.0 -9999.0 -9999.0 -9999.0 -9999.0 -9999.0 -9999.0 -9999.0 -9999.0 -9999.0 -9999.0 -9999.0 -9999.0 -9999.0 -9999.0 -9999.0 -9999.0 -9999.0 -9999.0 -9999.0 -9999.0 -9999.0 -9999.0 -9999.0 -9999.0 -9999.0 -9999.0 -9999.0 -9999.0 -9999.0 -9999.0 -9999.0 -9999.0 -9999.0 -9999.0 -9999.0 -9999.0 -9999.0 -9999.0 -9999.0 -9999.0 -9999.0 -9999.0 -9999.0 -9999.0 -9999.0 -9999.0 -9999.0 -9999.0 -9999.0 -9999.0 -9999.0 -9999.0 -9999.0 -9999.0 -9999.0 -9999.0 -9999.0 -9999.0 -9999.0 -9999.0 -9999.0 -9999.0 -9999.0 -9999.0 -9999.0 -9999.0
-9999.0 -9999.0 -9999.0 -9999.0 -9999.0 -9999.0 -9999.0 -9999.0 -9999.0 -9999.0 -9999.0 -9999.0 -9999.0 -9999.0 -9999.0 -9999.0 -9999.0 -9999.0 -9999.0 -9999.0 -9999.0 -9999.0 -9999.0 -9999.0 -9999.0 -9999.0 -9999.0 -9999.0 -9999.0 -9999.0 -9999.0 -9999.0 -9999.0 -9999.0 -9999.0 -9999.0 -9999.0 -9999.0 -9999.0 -9999.0 -9999.0 -9999.0 -9999.0 -9999.0 -9999.0 -9999.0 -9999.0 -9999.0 -9999.0 -9999.0 -9999.0 -9999.0 -9999.0 -9999.0 -9999.0 -9999.0 -9999.0 -9999.0 -9999.0 -9999.0 -9999.0 -9999.0 -9999.0 -9999.0 -9999.0 -9999.0 -9999.0 -9999.0 -9999.0 -9999.0 -9999.0 -9999.0 -9999.0 -9999.0 -9999.0 -9999.0 -9999.0 -9999.0 -9999.0 -9999.0 -9999.0 -9999.0 -9999.0 -9999.0 -9999.0 -9999.0 -9999.0 -9999.0 -9999.0 -9999.0 -9999.0 -9999.0 -9999.0 -9999.0 -9999.0 -9999.0 -9999.0 -9999.0 -9999.0 -9999.0 -9999.0 -9999.0 -9999.0 -9999.0