tests/3D/hillslope01/output_maps-SE27XX/thetaliqL0040N0001.asc
ncols         104
nrows         10
xllcorner     -2.000000
yllcorner     0.000000
cellsize      1.000000
NODATA_value  -9999.0
-9999.0 -9999.0 -9999.0 -9999.0 -9999.0 -9999.0 -9999.0 -9999.0 -9999.0 -9999.0 -9999.0 -9999.0 -9999.0 -9999.0 -9999.0 -9999.0 -9999.0 -9999.0 -9999.0 -9999.0 -9999.0 -9999.0 -9999.0 -9999.0 -9999.0 -9999.0 -9999.0 -9999.0 -9999.0 -9999.0 -9999.0 -9999.0 -9999.0 -9999.0 -9999.0 -9999.0 -9999.0 -9999.0 -9999.0 -9999.0 -9999.0 -9999.0 -9999.0 -9999.0 -9999.0 -9999.0 -9999.0 -9999.0 -9999.0 -9999.0 -9999.0 -9999.0 -9999.0 -9999.0 -9999.0 -9999.0 -9999.0 -9999.0 -9999.0 -9999.0 -9999.0 -9999.0 -9999.0 -9999.0 -9999.0 -9999.0 -9999.0 -9999.0 -9999.0 -9999.0 -9999.0 -9999.0 -9999.0 -9999.0 -9999.0 -9999.0 -9999.0 -9999.0 -9999.0 -9999.0 -9999.0 -9999.0 -9999.0 -9999.0 -9999.0 -9999.0 -9999.0 -9999.0 -9999.0 -9999.0 -9999.0 -9999.0 -9999.0 -9999.0 -9999.0 -9999.0 -9999.0 -9999.0 -9999.0 -9999.0 -9999.0 -9999.0 -9999.0 -9999.0
-9999.0 -9999.0 -9999.0 -9999.0 -9999.0 -9999.0 -9999.0 -9999.0 -9999.0 -9999.0 -9999.0 -9999.0 -9999.0 -9999.0 -9999.0 -9999.0 -9999.0 -9999.0 -9999.0 -9999.0 -9999.0 -9999.0 -9999.0 -9999.0 -9999.0 -9999.0 -9999.0 -9999.0 -9999.0 -9999.0 -9999.0 -9999.0 -9999.0 -9999.0 -9999.0 -9999.0 -9999.0 -9999.0 -9999.0 -9999.0 -9999.0 -9999.0 -9999.0 -9999.0 -9999.0 -9999.0 -9999.0 -9999.0 -9999.0 -9999.0 -9999.0 -9999.0 -9999.0 -9999.0 -9999.0 -9999.0 -9999.0 -9999.0 -9999.0 -9999.0 -9999.0 -9999.0 -9999.0 -9999.0 -9999.0 -9999.0 -9999.0 -9999.0 -9999.0 -9999.0 -9999.0 -9999.0 -9999.0 -9999.0 -9999.0 -9999.0 -9999.0 -9999.0 -9999.0 -9999.0 -9999.0 -9999.0 -9999.0 -9999.0 -9999.0 -9999.0 -9999.0 -9999.0 -9999.0 -9999.0 -9999.0 -9999.0 -9999.0 -9999.0 -9999.0 -9999.0 -9999.0 -9999.0 -9999.0 -9999.0 -9999.0 -9999.0 -9999.0 -9999.0
-9999.0 -9999.0 0.100000 0.100000 0.100000 0.100000 0.100000 0.100000 0.100000 0.100000 0.100000 0.100000 0.100000 0.100000 0.100000 0.100000 0.100000 0.100000 0.100000 0.100000 0.100000 0.100000 0.100000 0.100000 0.100000 0.100000 0.100000 0.100000 0.100000 0.100000 0.100000 0.097660 0.086395 0.073968 0.064057 0.056593 0.050898 0.046500 0.043034 0.040279 0.038120 0.036451 0.035190 0.034270 0.033610 0.033145 0.032822 0.032633 0.032551 0.032489 0.032439 0.032398 0.032363 0.032334 0.032308 0.032285 0.032265 0.032246 0.032230 0.032214 0.032200 0.032187 0.032174 0.032162 0.032151 0.032140 0.032130 0.032120 0.032110 0.032100 0.032091 0.032082 0.032074 0.032065 0.032057 0.032049 0.032041 0.032033 0.032026 0.032018 0.032011 0.032005 0.031998 0.031991 0.031985 0.031979 0.031973 0.031968 0.031963 0.031958 0.031953 0.031948 0.031944 0.031940 0.031936 0.031933 0.031930 0.031927 0.031924 0.031922 0.031916 0.031851 -9999.0 -9999.0
-9999.0 -9999.0 0.100000 0.100000 0.100000 0.100000 0.100000 0.100000 0.100000 0.100000 0.100000 0.100000 0.100000 0.100000 0.100000 0.100000 0.100000 0.100000 0.100000 0.100000 0.100000 0.100000 0.100000 0.100000 0.100000 0.100000 0.100000 0.100000 0.100000 0.100000 0.100000 0.097660 0.086395 0.073968 0.064057 0.056593 0.050898 0.046500 0.043034 0.040279 0.038120 0.036451 0.035190 0.034270 0.033610 0.033145 0.032822 0.032633 0.032551 0.032489 0.032439 0.032398 0.032363 0.032334 0.032308 0.032285 0.032265 0.032246 0.032230 0.032214 0.032200 0.032187 0.032174 0.032162 0.032151 0.032140 0.032130 0.032120 0.032110 0.032100 0.032091 0.032082 0.032074 0.032065 0.032057 0.032049 0.032041 0.032033 0.032026 0.032018 0.032011 0.032005 0.031998 0.031991 0.031985 0.031979 0.031973 0.031968 0.031963 0.031958 0.031953 0.031948 0.031944 0.031940 0.031936 0.031933 0.031930 0.031927 0.031924 0.031922 0.031916 0.031851 -9999.0 -9999.0
-9999.0 -9999.0 0.100000 0.100000 0.100000 0.100000 0.100000 0.100000 0.100000 0.100000 0.100000 0.100000 0.100000 0.100000 0.100000 0.100000 0.100000 0.100000 0.100000 0.100000 0.100000 0.100000 0.100000 0.100000 0.100000 0.100000 0.100000 0.100000 0.100000 0.100000 0.100000 0.097660 0.086395 0.073968 0.064057 0.056593 0.050898 0.046500 0.043034 0.040279 0.038120 0.036451 0.035190 0.034270 0.033610 0.033145 0.032822 0.032633 0.032551 0.032489 0.032439 0.032398 0.032363 0.032334 0.032308 0.032285 0.032265 0.032246 0.032230 0.032214 0.032200 0.032187 0.032174 0.032162 0.032151 0.032140 0.032130 0.032120 0.032110 0.032100 0.032091 0.032082 0.032074 0.032065 0.032057 0.032049 0.032041 0.032033 0.032026 0.032018 0.032011 0.032005 0.031998 0.031991 0.031985 0.031979 0.031973 0.031968 0.031963 0.031958 0.031953 0.031948 0.031944 0.031940 0.031936 0.031933 0.031930 0.031927 0.031924 0.031922 0.031916 0.031851 -9999.0 -9999.0
-9999.0 -9999.0 0.100000 0.100000 0.100000 0.100000 0.100000 0.100000 0.100000 0.100000 0.100000 0.100000 0.100000 0.100000 0.100000 0.100000 0.100000 0.100000 0.100000 0.100000 0.100000 0.100000 0.100000 0.100000 0.100000 0.100000 0.100000 0.100000 0.100000 0.100000 0.100000 0.097660 0.086395 0.073968 0.064057 0.056593 0.050898 0.046500 0.043034 0.040279 0.038120 0.036451 0.035190 0.034270 0.033610 0.033145 0.032822 0.032633 0.032551 0.032489 0.032439 0.032398 0.032363 0.032334 0.032308 0.032285 0.032265 0.032246 0.032230 0.032214 0.032200 0.032187 0.032174 0.032162 0.032151 0.032140 0.032130 0.032120 0.032110 0.032100 0.032091 0.032082 0.032074 0.032065 0.032057 0.032049 0.032041 0.032033 0.032026 0.032018 0.032011 0.032005 0.031998 0.031991 0.031985 0.031979 0.031973 0.031968 0.031963 0.031958 0.031953 0.031948 0.031944 0.031940 0.031936 0.031933 0.031930 0.031927 0.031924 0.031922 0.031916 0.031851 -9999.0 -9999.0
-9999.0 -9999.0 0.100000 0.100000 0.100000 0.100000 0.100000 0.100000 0.100000 0.100000 0.100000 0.100000 0.100000 0.100000 0.100000 0.100000 0.100000 0.100000 0.100000 0.100000 0.100000 0.100000 0.100000 0.100000 0.100000 0.100000 0.100000 0.100000 0.100000 0.100000 0.100000 0.097660 0.086395 0.073968 0.064057 0.056593 0.050898 0.046500 0.043034 0.040279 0.038120 0.036451 0.035190 0.034270 0.033610 0.033145 0.032822 0.032633 0.032551 0.032489 0.032439 0.032398 0.032363 0.032334 0.032308 0.032285 0.032265 0.032246 0.032230 0.032214 0.032200 0.032187 0.032174 0.032162 0.032151 0.032140 0.032130 0.032120 0.032110 0.032100 0.032091 0.032082 0.032074 0.032065 0.032057 0.032049 0.032041 0.032033 0.032026 0.032018 0.032011 0.032005 0.031998 0.031991 0.031985 0.031979 0.031973 0.031968 0.031963 0.031958 0.031953 0.031948 0.031944 0.031940 0.031936 0.031933 0.031930 0.031927 0.031924 0.031922 0.031916 0.031851 -9999.0 -9999.0
-9999.0 -9999.0 0.100000 0.100000 0.100000 0.100000 0.100000 0.100000 0.100000 0.100000 0.100000 0.100000 0.100000 0.100000 0.100000 0.100000 0.100000 0.100000 0.100000 0.100000 0.100000 0.100000 0.100000 0.100000 0.100000 0.100000 0.100000 0.100000 0.100000 0.100000 0.100000 0.097660 0.086395 0.073968 0.064057 0.056593 0.050898 0.046500 0.043034 0.040279 0.038120 0.036451 0.035190 0.034270 0.033610 0.033145 0.032822 0.032633 0.032551 0.032489 0.032439 0.032398 0.032363 0.032334 0.032308 0.032285 0.032265 0.032246 0.032230 0.032214 0.032200 0.032187 0.032174 0.032162 0.032151 0.032140 0.032130 0.032120 0.032110 0.032100 0.032091 0.032082 0.032074 0.032065 0.032057 0.032049 0.032041 0.032033 0.032026 0.032018 0.032011 0.032005 0.031998 0.031991 0.031985 0.031979 0.031973 0.031968 0.031963 0.031958 0.031953 0.031948 0.031944 0.031940 0.031936 0.031933 0.031930 0.031927 0.031924 0.031922 0.031916 0.031851 -9999.0 -9999.0
-9999.0 -9999.0 -9999.0 -9999.0 -9999.0 -9999.0 -9999.0 -9999.0 -9999.0 -9999.0 -9999.0 -9999.0 -9999.0 -9999.0 -9999.0 -9999.0 -9999.0 -9999.0 -9999.0 -9999.0 -9999.0 -9999.0 -9999.0 -9999.0 -9999.0 -9999.0 -9999.0 -9999.0 -9999.0 -9999.0 -9999.0 -9999.0 -9999.0 -9999.0 -9999.0 -9999.0 -9999.0 -9999.0 -9999.0 -9999.0 -9999.0 -9999.0 -9999.0 -9999.0 -9999.0 -9999.0 -9999.0 -9999.0 -9999.0 -9999.0 -9999.0 -9999.0 -9999.0 -9999.0 -9999.0 -9999.0 -9999.0 -9999.0 -9999.0 -9999.0 -9999.0 -9999.0 -9999.0 -9999.0 -9999.0 -9999.0 -9999.0 -9999.0 -9999.0 -9999.0 -9999.0 -9999.0 -9999.0 -9999.0 -9999.0 -9999.0 -9999.0 -9999.0 -9999.0 -9999.0 -9999.0 -9999.0 -9999.0 -9999.0 -9999.0 -9999.0 -9999.0 -9999.0 -9999.0 -9999.0 -9999.0 -9999.0 -9999.0 -9999.0 -9999.0 -9999.0 -9999.0 -9999.0 -9999.0 -9999.0 -9999.0 -9999.0 -9999.0 -9999.0
-9999.0 -9999.0 -9999.0 -9999.0 -9999.0 -9999.0 -9999.0 -9999.0 -9999.0 -9999.0 -9999.0 -9999.0 -9999.0 -9999.0 -9999.0 -9999.0 -9999.0 -9999.0 -9999.0 -9999.0 -9999.0 -9999.0 -9999.0 -9999.0 -9999.0 -9999.0 -9999.0 -9999.0 -9999.0 -9999.0 -9999.0 -9999.0 -9999.0 -9999.0 -9999.0 -9999.0 -9999.0 -9999.0 -9999.0 -9999.0 -9999.0 -9999.0 -9999.0 -9999.0 -9999.0 -9999.0 -9999.0 -9999.0 -9999.0 -9999.0 -9999.0 -9999.0 -9999.0 -9999.0 -9999.0 -9999.0 -9999.0 -9999.0 -9999.0 -9999.0 -9999.0 -9999.0 -9999.0 -9999.0 -9999.0 -9999.0 -9999.0 -9999.0 -9999.0 -9999.0 -9999.0 -9999.0 -9999.0 -9999.0 -9999.0 -9999.0 -9999.0 -9999.0 -9999.0 -9999.0 -9999.0 -9999.0 -9999.0 -9999.0 -9999.0 -9999.0 -9999.0 -9999.0 -9999.0 -9999.0 -9999.0 -9999.0 -9999.0 -9999.0 -9999.0 -9999.0 -9999.0 -9999.0 -9999.0 -9999.0 -9999.0 -9999.0 -9999.0 -9999.0