tests/3D/hillslope01/output_maps-SE27XX/wtN0002.asc
ncols         104
nrows         10
xllcorner     -2.000000
yllcorner     0.000000
cellsize      1.000000
NODATA_value  -9999.0
-9999.0 -9999.0 -9999.0 -9999.0 -9999.0 -9999.0 -9999.0 -9999.0 -9999.0 -9999.0 -9999.0 -9999.0 -9999.0 -9999.0 -9999.0 -9999.0 -9999.0 -9999.0 -9999.0 -9999.0 -9999.0 -9999.0 -9999.0 -9999.0 -9999.0 -9999.0 -9999.0 -9999.0 -9999.0 -9999.0 -9999.0 -9999.0 -9999.0 -9999.0 -9999.0 -9999.0 -9999.0 -9999.0 -9999.0 -9999.0 -9999.0 -9999.0 -9999.0 -9999.0 -9999.0 -9999.0 -9999.0 -9999.0 -9999.0 -9999.0 -9999.0 -9999.0 -9999.0 -9999.0 -9999.0 -9999.0 -9999.0 -9999.0 -9999.0 -9999.0 -9999.0 -9999.0 -9999.0 -9999.0 -9999.0 -9999.0 -9999.0 -9999.0 -9999.0 -9999.0 -9999.0 -9999.0 -9999.0 -9999.0 -9999.0 -9999.0 -9999.0 -9999.0 -9999.0 -9999.0 -9999.0 -9999.0 -9999.0 -9999.0 -9999.0 -9999.0 -9999.0 -9999.0 -9999.0 -9999.0 -9999.0 -9999.0 -9999.0 -9999.0 -9999.0 -9999.0 -9999.0 -9999.0 -9999.0 -9999.0 -9999.0 -9999.0 -9999.0 -9999.0
-9999.0 -9999.0 -9999.0 -9999.0 -9999.0 -9999.0 -9999.0 -9999.0 -9999.0 -9999.0 -9999.0 -9999.0 -9999.0 -9999.0 -9999.0 -9999.0 -9999.0 -9999.0 -9999.0 -9999.0 -9999.0 -9999.0 -9999.0 -9999.0 -9999.0 -9999.0 -9999.0 -9999.0 -9999.0 -9999.0 -9999.0 -9999.0 -9999.0 -9999.0 -9999.0 -9999.0 -9999.0 -9999.0 -9999.0 -9999.0 -9999.0 -9999.0 -9999.0 -9999.0 -9999.0 -9999.0 -9999.0 -9999.0 -9999.0 -9999.0 -9999.0 -9999.0 -9999.0 -9999.0 -9999.0 -9999.0 -9999.0 -9999.0 -9999.0 -9999.0 -9999.0 -9999.0 -9999.0 -9999.0 -9999.0 -9999.0 -9999.0 -9999.0 -9999.0 -9999.0 -9999.0 -9999.0 -9999.0 -9999.0 -9999.0 -9999.0 -9999.0 -9999.0 -9999.0 -9999.0 -9999.0 -9999.0 -9999.0 -9999.0 -9999.0 -9999.0 -9999.0 -9999.0 -9999.0 -9999.0 -9999.0 -9999.0 -9999.0 -9999.0 -9999.0 -9999.0 -9999.0 -9999.0 -9999.0 -9999.0 -9999.0 -9999.0 -9999.0 -9999.0
-9999.0 -9999.0 0.000000 0.000000 0.000000 84.789668 155.283634 231.116524 310.683499 392.938608 477.082347 562.578724 649.127701 736.304529 824.092612 912.409813 1001.161964 1090.285018 1179.736443 1269.490464 1359.536320 1449.880910 1540.552847 1631.481673 1722.721258 1814.242860 1906.021863 1998.038795 2090.278328 2182.728622 2275.380945 2368.229492 2461.271372 2554.506829 2647.939920 2741.580533 2835.449589 2929.558545 3023.918511 3118.511567 3213.324718 3308.348287 3403.574845 3498.998656 3594.615344 3690.421688 3786.415482 3882.595433 3978.961093 4075.512816 4172.251725 4269.179675 4366.299254 4463.613761 4561.127222 4658.844391 4756.770775 4854.912674 4953.277230 5051.872522 5150.707676 5249.793046 5349.140446 5448.763471 5548.677840 5648.901826 5749.457700 5850.354339 5951.601224 6053.175209 6154.933485 6256.655510 6358.063553 6458.697376 6558.247913 6656.532085 6753.556343 6849.417080 6944.243715 7038.146492 7131.222333 7223.568824 7315.333584 7406.548953 7497.232761 7587.479833 7677.353427 7766.935997 7856.321322 7945.614805 8034.920692 8124.346488 8214.012166 8303.917347 8394.149480 8484.913464 8576.377111 8668.723717 8762.159999 8856.926426 8953.313328 9051.686887 -9999.0 -9999.0
-9999.0 -9999.0 0.000000 0.000000 0.000000 84.785250 155.282145 231.116000 310.683316 392.938543 477.082324 562.578716 649.127698 736.304528 824.092611 912.409812 1001.161964 1090.285018 1179.736443 1269.490464 1359.536320 1449.880910 1540.552847 1631.481673 1722.721258 1814.242860 1906.021864 1998.038795 2090.278328 2182.728622 2275.380945 2368.229492 2461.271372 2554.506829 2647.939920 2741.580533 2835.449589 2929.558544 3023.918511 3118.511567 3213.324718 3308.348287 3403.574845 3498.998655 3594.615343 3690.421688 3786.415482 3882.595433 3978.961093 4075.512816 4172.251725 4269.179675 4366.299253 4463.613760 4561.127222 4658.844391 4756.770775 4854.912674 4953.277230 5051.872522 5150.707676 5249.793046 5349.140446 5448.763471 5548.677840 5648.901826 5749.457700 5850.354339 5951.601224 6053.175209 6154.933485 6256.655510 6358.063553 6458.697376 6558.247913 6656.532085 6753.556343 6849.417080 6944.243715 7038.146492 7131.222333 7223.568824 7315.333584 7406.548953 7497.232761 7587.479833 7677.353427 7766.935997 7856.321322 7945.614805 8034.920692 8124.346488 8214.012166 8303.917347 8394.149480 8484.913464 8576.377111 8668.723717 8762.159999 8856.926426 8953.313328 9051.686887 -9999.0 -9999.0
-9999.0 -9999.0 0.000000 0.000000 0.000000 84.781969 155.280876 231.115519 310.683141 392.938480 477.082301 562.578708 649.127695 736.304527 824.092611 912.409812 1001.161964 1090.285018 1179.736443 1269.490464 1359.536320 1449.880910 1540.552847 1631.481673 1722.721258 1814.242860 1906.021864 1998.038795 2090.278328 2182.728622 2275.380945 2368.229492 2461.271372 2554.506829 2647.939920 2741.580533 2835.449589 2929.558544 3023.918511 3118.511567 3213.324718 3308.348287 3403.574845 3498.998655 3594.615343 3690.421688 3786.415482 3882.595433 3978.961093 4075.512816 4172.251725 4269.179675 4366.299253 4463.613760 4561.127222 4658.844391 4756.770775 4854.912674 4953.277230 5051.872522 5150.707676 5249.793046 5349.140446 5448.763471 5548.677840 5648.901826 5749.457700 5850.354339 5951.601224 6053.175209 6154.933485 6256.655510 6358.063553 6458.697376 6558.247913 6656.532085 6753.556343 6849.417080 6944.243715 7038.146492 7131.222333 7223.568824 7315.333584 7406.548953 7497.232761 7587.479833 7677.353427 7766.935997 7856.321322 7945.614805 8034.920692 8124.346488 8214.012166 8303.917347 8394.149480 8484.913464 8576.377111 8668.723717 8762.159999 8856.926426 8953.313328 9051.686887 -9999.0 -9999.0
-9999.0 -9999.0 0.000000 0.000000 0.000000 84.781969 155.280876 231.115519 310.683141 392.938480 477.082301 562.578708 649.127695 736.304527 824.092611 912.409812 1001.161964 1090.285018 1179.736443 1269.490464 1359.536320 1449.880910 1540.552847 1631.481673 1722.721258 1814.242860 1906.021864 1998.038795 2090.278328 2182.728622 2275.380945 2368.229492 2461.271372 2554.506829 2647.939920 2741.580533 2835.449589 2929.558544 3023.918511 3118.511567 3213.324718 3308.348287 3403.574845 3498.998655 3594.615343 3690.421688 3786.415482 3882.595433 3978.961093 4075.512816 4172.251725 4269.179675 4366.299253 4463.613760 4561.127222 4658.844391 4756.770775 4854.912674 4953.277230 5051.872522 5150.707676 5249.793046 5349.140446 5448.763471 5548.677840 5648.901826 5749.457700 5850.354339 5951.601224 6053.175209 6154.933485 6256.655510 6358.063553 6458.697376 6558.247913 6656.532085 6753.556343 6849.417080 6944.243715 7038.146492 7131.222333 7223.568824 7315.333584 7406.548953 7497.232761 7587.479833 7677.353427 7766.935997 7856.321322 7945.614805 8034.920692 8124.346488 8214.012166 8303.917347 8394.149480 8484.913464 8576.377111 8668.723717 8762.159999 8856.926426 8953.313328 9051.686887 -9999.0 -9999.0
-9999.0 -9999.0 0.000000 0.000000 0.000000 84.785250 155.282145 231.116000 310.683316 392.938543 477.082324 562.578716 649.127698 736.304528 824.092611 912.409812 1001.161964 1090.285018 1179.736443 1269.490464 1359.536320 1449.880910 1540.552847 1631.481673 1722.721258 1814.242860 1906.021864 1998.038795 2090.278328 2182.728622 2275.380945 2368.229492 2461.271372 2554.506829 2647.939920 2741.580533 2835.449589 2929.558544 3023.918511 3118.511567 3213.324718 3308.348287 3403.574845 3498.998655 3594.615343 3690.421688 3786.415482 3882.595433 3978.961093 4075.512816 4172.251725 4269.179675 4366.299253 4463.613760 4561.127222 4658.844391 4756.770775 4854.912674 4953.277230 5051.872522 5150.707676 5249.793046 5349.140446 5448.763471 5548.677840 5648.901826 5749.457700 5850.354339 5951.601224 6053.175209 6154.933485 6256.655510 6358.063553 6458.697376 6558.247913 6656.532085 6753.556343 6849.417080 6944.243715 7038.146492 7131.222333 7223.568824 7315.333584 7406.548953 7497.232761 7587.479833 7677.353427 7766.935997 7856.321322 7945.614805 8034.920692 8124.346488 8214.012166 8303.917347 8394.149480 8484.913464 8576.377111 8668.723717 8762.159999 8856.926426 8953.313328 9051.686887 -9999.0 -9999.0
-9999.0 -9999.0 0.000000 0.000000 0.000000 84.789668 155.283634 231.116524 310.683499 392.938608 477.082347 562.578724 649.127701 736.304529 824.092612 912.409813 1001.161964 1090.285018 1179.736443 1269.490464 1359.536320 1449.880910 1540.552847 1631.481673 1722.721258 1814.242860 1906.021863 1998.038795 2090.278328 2182.728622 2275.380945 2368.229492 2461.271372 2554.506829 2647.939920 2741.580533 2835.449589 2929.558545 3023.918511 3118.511567 3213.324718 3308.348287 3403.574845 3498.998656 3594.615344 3690.421688 3786.415482 3882.595433 3978.961093 4075.512816 4172.251725 4269.179675 4366.299254 4463.613761 4561.127222 4658.844391 4756.770775 4854.912674 4953.277230 5051.872522 5150.707676 5249.793046 5349.140446 5448.763471 5548.677840 5648.901826 5749.457700 5850.354339 5951.601224 6053.175209 6154.933485 6256.655510 6358.063553 6458.697376 6558.247913 6656.532085 6753.556343 6849.417080 6944.243715 7038.146492 7131.222333 7223.568824 7315.333584 7406.548953 7497.232761 7587.479833 7677.353427 7766.935997 7856.321322 7945.614805 8034.920692 8124.346488 8214.012166 8303.917347 8394.149480 8484.913464 8576.377111 8668.723717 8762.159999 8856.926426 8953.313328 9051.686887 -9999.0 -9999.0
-9999.0 -9999.0 -9999.0 -9999.0 -9999.0 -9999.0 -9999.0 -9999.0 -9999.0 -9999.0 -9999.0 -9999.0 -9999.0 -9999.0 -9999.0 -9999.0 -9999.0 -9999.0 -9999.0 -9999.0 -9999.0 -9999.0 -9999.0 -9999.0 -9999.0 -9999.0 -9999.0 -9999.0 -9999.0 -9999.0 -9999.0 -9999.0 -9999.0 -9999.0 -9999.0 -9999.0 -9999.0 -9999.0 -9999.0 -9999.0 -9999.0 -9999.0 -9999.0 -9999.0 -9999.0 -9999.0 -9999.0 -9999.0 -9999.0 -9999.0 -9999.0 -9999.0 -9999.0 -9999.0 -9999.0 -9999.0 -9999.0 -9999.0 -9999.0 -9999.0 -9999.0 -9999.0 -9999.0 -9999.0 -9999.0 -9999.0 -9999.0 -9999.0 -9999.0 -9999.0 -9999.0 -9999.0 -9999.0 -9999.0 -9999.0 -9999.0 -9999.0 -9999.0 -9999.0 -9999.0 -9999.0 -9999.0 -9999.0 -9999.0 -9999.0 -9999.0 -9999.0 -9999.0 -9999.0 -9999.0 -9999.0 -9999.0 -9999.0 -9999.0 -9999.0 -9999.0 -9999.0 -9999.0 -9999.0 -9999.0 -9999.0 -9999.0 -9999.0 -9999.0
-9999.0 -9999.0 -9999.0 -9999.0 -9999.0 -9999.0 -9999.0 -9999.0 -9999.0 -9999.0 -9999.0 -9999.0 -9999.0 -9999.0 -9999.0 -9999.0 -9999.0 -9999.0 -9999.0 -9999.0 -9999.0 -9999.0 -9999.0 -9999.0 -9999.0 -9999.0 -9999.0 -9999.0 -9999.0 -9999.0 -9999.0 -9999.0 -9999.0 -9999.0 -9999.0 -9999.0 -9999.0 -9999.0 -9999.0 -9999.0 -9999.0 -9999.0 -9999.0 -9999.0 -9999.0 -9999.0 -9999.0 -9999.0 -9999.0 -9999.0 -9999.0 -9999.0 -9999.0 -9999.0 -9999.0 -9999.0 -9999.0 -9999.0 -9999.0 -9999.0 -9999.0 -9999.0 -9999.0 -9999.0 -9999.0 -9999.0 -9999.0 -9999.0 -9999.0 -9999.0 -9999.0 -9999.0 -9999.0 -9999.0 -9999.0 -9999.0 -9999.0 -9999.0 -9999.0 -9999.0 -9999.0 -9999.0 -9999.0 -9999.0 -9999.0 -9999.0 -9999.0 -9999.0 -9999.0 -9999.0 -9999.0 -9999.0 -9999.0 -9999.0 -9999.0 -9999.0 -9999.0 -9999.0 -9999.0 -9999.0 -9999.0 -9999.0 -9999.0 -9999.0