test_integration/test_sample_run/example/results/output_maps/SWEDENSITYN0018.asc
ncols         174
nrows         141
xllcorner     744500.000000
yllcorner     5140950.000000
cellsize      250.000000
NODATA_value  -9999.0
[rows 62 to 92 of 141, columns 69 to 137 of 174]
126.607 117.038 113.624 115.443 114.670 112.400 110.636 108.509 107.420 107.627 106.024 106.991 107.463 111.886 111.498 115.856 121.112 127.596 124.466 116.849 115.307 120.887 132.659 144.605 162.753 183.317 189.333 190.936 179.908 180.172 156.819 152.888 153.470 144.443 118.795 107.072 113.306 139.218 140.264 112.505 114.752 158.296 207.666 211.690 212.457 212.157 211.659 -nan -nan 208.816 173.503 177.066 173.915 157.935 143.440 118.578 124.886 146.502 168.413 211.246 -nan 79.506 82.669 -nan -nan 211.246 209.590 192.916 187.908
124.828 126.791 127.417 127.099 129.440 122.746 119.245 115.490 111.472 108.309 107.022 107.483 105.890 106.024 107.752 110.759 110.852 113.256 112.613 114.587 119.997 126.463 140.810 153.059 171.448 212.851 214.972 185.034 152.220 158.599 152.311 131.565 117.191 113.343 109.096 107.375 108.696 119.804 112.456 114.581 120.216 160.956 197.124 216.076 -nan -nan -nan -nan -nan 233.750 211.475 212.798 212.819 171.004 147.004 122.303 123.760 147.712 161.604 212.073 -nan -nan 67.249 -nan -nan -nan -nan -nan -nan
123.618 134.860 138.501 133.709 145.558 132.933 133.205 125.005 116.209 117.344 114.079 109.545 106.854 107.051 106.519 108.266 107.900 109.704 113.641 122.335 138.672 142.256 145.430 167.165 188.234 201.628 180.390 164.422 157.411 125.794 133.489 127.110 118.913 109.318 108.037 107.977 107.524 110.756 112.466 113.686 118.281 149.779 164.607 188.781 199.792 -nan -nan -nan -nan -nan -nan -nan -nan 174.283 141.027 124.532 122.929 146.628 158.414 192.282 212.829 -nan -nan -nan -nan -nan -nan -nan -nan
131.162 151.406 167.240 166.487 174.190 166.903 154.908 133.211 129.060 132.592 134.104 126.606 118.852 113.513 107.020 109.939 111.544 117.106 122.653 142.688 142.161 153.884 166.338 184.672 154.861 150.847 153.540 138.548 135.516 119.988 114.601 107.967 108.288 107.862 110.116 122.122 118.383 112.465 114.780 117.989 116.038 119.709 137.063 156.789 169.776 188.371 210.268 -nan -nan -nan -nan -nan -nan 165.924 184.590 166.859 132.019 131.375 143.957 174.400 194.688 -nan -nan -nan -nan -nan -nan -nan -nan
131.369 158.857 175.823 187.923 188.123 184.086 167.188 149.706 145.008 150.134 145.660 137.376 129.880 120.130 112.534 106.238 106.032 116.420 122.124 134.966 144.216 147.986 146.449 159.498 145.621 136.130 129.520 119.639 115.353 108.166 109.068 112.162 110.562 118.811 124.454 148.643 117.487 114.993 120.917 126.566 122.025 122.076 121.609 141.861 146.298 186.239 194.761 -nan -nan -nan -nan -nan 204.696 197.598 211.647 212.282 152.503 131.776 144.512 168.254 199.052 211.009 -nan -nan -nan -nan -nan -nan -nan
150.244 144.221 159.249 195.604 208.044 194.618 177.175 177.259 169.240 181.517 176.596 160.451 149.231 130.241 121.358 109.409 104.937 109.194 116.249 124.014 125.132 133.513 126.229 117.938 116.943 112.626 109.056 107.355 107.516 116.780 118.720 124.413 139.499 142.129 182.997 135.952 118.269 118.093 141.399 155.925 145.493 142.587 134.760 133.703 143.225 197.428 211.123 -nan -nan 57.324 -nan -nan 211.514 -nan -nan 191.190 146.124 143.192 147.465 152.383 166.753 210.787 -nan -nan 47.514 -nan -nan -nan 211.216
168.626 146.800 167.312 213.371 214.100 202.311 193.908 201.515 196.850 198.000 197.939 173.231 154.496 135.225 126.743 112.119 106.433 107.593 116.379 122.783 117.591 122.193 111.506 107.873 108.493 108.577 108.260 108.254 120.566 123.950 137.247 136.635 187.090 176.776 198.255 135.495 122.357 123.357 145.498 168.263 171.970 150.446 146.877 146.338 146.592 196.844 210.858 -nan -nan -nan -nan -nan -nan -nan -nan 211.185 154.193 144.390 147.450 172.609 199.064 -nan -nan -nan -nan -nan -nan 211.251 210.560
184.407 160.199 160.716 185.313 216.067 215.588 204.582 209.253 204.536 185.637 201.197 186.916 181.973 145.851 131.284 115.414 106.634 110.428 117.736 117.088 108.480 108.356 108.713 131.004 123.184 146.085 124.196 118.631 119.749 148.701 185.842 211.679 -nan -nan 192.693 144.046 134.025 129.161 146.646 207.929 211.358 192.921 209.689 187.572 163.672 167.238 190.709 -nan -nan -nan -nan -nan -nan -nan -nan 210.693 155.968 144.547 145.747 206.678 -nan -nan -nan 30.215 -nan -nan -nan -nan -nan
180.254 166.204 167.658 195.178 204.252 198.559 193.285 189.078 185.428 180.871 180.076 183.182 167.935 147.242 128.323 114.145 104.910 112.746 115.209 114.312 109.467 124.564 119.596 161.329 131.854 152.926 121.930 132.686 124.772 147.557 189.121 -nan -nan -nan 226.201 152.342 146.674 131.996 147.609 211.085 -nan -nan -nan 212.651 192.634 183.171 181.205 210.538 210.683 -nan -nan -nan -nan -nan -nan 174.956 156.534 144.918 148.691 211.971 -nan -nan -nan -nan -nan -nan -nan -nan -9999.000
193.755 182.335 178.986 201.720 212.353 202.792 197.290 203.609 205.961 210.583 182.405 131.777 129.911 133.174 127.280 110.243 104.358 108.874 109.443 115.684 109.388 138.122 172.254 213.872 -nan 150.306 174.562 206.814 184.749 158.848 181.190 -nan -nan -nan -nan 175.307 159.596 146.576 165.042 212.281 -nan -nan -nan -nan 211.057 203.700 196.015 200.451 210.155 -nan -nan 52.537 -nan -nan -nan 180.300 152.610 147.722 156.551 179.972 201.106 211.312 -nan -nan -nan -nan -nan -9999.000 -9999.000
203.738 192.843 192.295 204.429 213.783 202.488 205.002 212.026 213.806 214.591 185.122 137.139 119.553 121.168 119.344 109.975 104.227 108.483 113.988 110.704 112.313 151.671 201.398 -nan -nan 191.517 210.088 215.460 210.565 168.312 175.150 -nan -nan -nan -nan 205.394 173.341 157.711 169.155 194.118 203.643 -nan -nan -nan -nan 210.325 210.358 210.338 210.769 -nan -nan -nan -nan -nan -nan 178.430 154.867 151.587 159.304 171.970 185.034 210.832 -nan -nan -nan -nan -9999.000 -9999.000 -9999.000
213.329 213.409 213.097 213.310 210.138 208.039 212.357 -nan -nan 212.893 193.485 141.169 124.112 111.768 110.141 109.207 104.347 109.244 118.132 111.858 111.541 167.461 212.067 -nan -nan -nan -nan -nan -nan 193.999 210.465 -nan -nan -nan -nan -nan 182.952 179.542 186.324 204.225 210.180 210.960 -nan -nan -nan -nan -nan -nan -nan -nan -nan -nan -nan -nan -nan 170.460 156.858 152.497 156.634 165.840 183.450 186.501 199.839 209.956 -nan -nan -9999.000 -9999.000 -9999.000
211.896 229.527 213.207 213.137 210.321 211.441 -nan -nan -nan 215.643 182.188 140.382 126.961 118.853 111.543 106.258 104.646 110.387 115.096 105.564 111.542 183.491 211.562 -nan -nan -nan -nan -nan -nan 209.582 -nan -nan -nan -nan -nan 210.875 211.126 197.892 210.574 210.286 -nan -nan -nan -nan -nan -nan -nan -nan -nan -nan -nan -nan -nan -nan 211.021 170.537 163.303 153.901 156.498 161.241 166.170 188.114 193.716 209.984 -nan -nan -9999.000 -9999.000 -9999.000
-nan -nan 215.064 210.965 -nan -nan -nan -nan 214.274 195.279 177.162 137.428 122.828 116.049 110.878 105.674 106.103 108.299 105.927 119.490 141.607 186.151 213.318 201.600 -nan -nan -nan -nan -nan -nan -nan -nan 140.002 -nan -nan -nan -nan 213.850 -nan -nan -nan -nan -nan -nan -nan -nan -nan -nan -nan -nan -nan -nan -nan 210.496 198.605 179.527 167.911 155.557 154.367 164.473 181.532 -nan -nan -nan -nan -9999.000 -9999.000 -9999.000 -9999.000
-nan -nan 215.426 -nan -nan -nan -nan 213.866 203.930 171.121 152.126 138.743 120.310 113.847 110.075 106.060 105.680 105.594 105.483 116.954 135.971 154.240 169.700 177.690 183.535 212.002 204.179 210.345 -nan -nan -nan -nan -nan -nan -nan -nan -nan -nan -nan -nan -nan -nan -nan -nan -nan -nan 26.329 -nan -nan -nan -nan -nan -nan 201.554 189.268 172.554 163.143 158.888 156.264 168.285 200.140 -nan -nan -nan -nan -9999.000 -9999.000 -9999.000 -9999.000
-nan -nan -nan -nan -nan -nan -nan 204.945 177.175 149.527 137.370 125.526 117.288 109.205 106.190 106.227 104.888 108.186 110.394 114.041 116.544 121.156 124.626 141.763 151.576 162.417 174.298 193.979 209.879 -nan -nan -nan -nan -nan -nan -nan -nan -nan -nan -nan -nan -nan -nan -nan -nan -nan -nan -nan -nan -nan -nan 210.038 208.418 186.044 174.700 171.465 161.118 159.315 156.202 167.187 188.127 210.362 -nan -nan -nan -9999.000 -9999.000 -9999.000 -9999.000
-nan -nan -nan -nan -nan -nan 211.618 176.484 166.337 141.558 136.047 118.333 113.881 106.633 106.687 105.757 105.308 108.168 111.210 119.133 128.798 157.321 148.017 172.355 170.071 163.238 168.981 210.887 -nan -nan -nan -nan -nan -nan -nan -nan -nan -nan -nan -nan -nan -nan -nan -nan -nan -nan -nan -nan -nan -nan -nan 207.075 192.733 186.401 187.004 168.651 167.055 158.892 156.132 163.903 183.969 210.184 210.618 -nan 207.582 -9999.000 -9999.000 -9999.000 -9999.000
-nan -nan -nan -nan -nan -nan 214.120 184.446 172.140 151.306 138.689 119.404 111.900 107.065 105.899 105.738 105.491 107.018 108.389 112.620 118.269 142.339 147.140 164.429 186.104 179.798 180.888 210.481 210.275 -nan -nan -nan -nan -nan -nan -nan -nan -nan -nan -nan -nan -nan -nan -nan -nan -nan -nan -nan -nan -nan -nan 210.448 -nan 213.659 204.791 172.052 166.183 162.322 158.440 157.589 164.252 185.809 191.918 200.284 192.388 -9999.000 -9999.000 -9999.000 -9999.000
-nan -nan -nan -nan -nan -nan 212.307 205.624 179.878 146.701 136.515 118.852 114.173 107.443 106.317 107.282 109.371 112.294 110.391 111.930 114.738 125.317 142.316 154.656 173.263 174.318 172.151 189.314 210.007 -nan -nan -nan -nan -nan -nan -nan -nan -nan -nan -nan 210.167 209.875 210.041 209.853 210.405 209.888 -nan -nan -nan -nan -nan -nan -nan 206.197 187.168 168.726 163.804 163.993 161.441 159.797 161.027 169.675 171.351 174.940 175.910 -9999.000 -9999.000 -9999.000 -9999.000
-nan -nan -nan -nan 214.850 -nan -nan 214.899 192.560 155.645 139.974 125.286 114.895 107.945 106.695 111.418 112.332 114.151 116.045 115.439 113.217 116.724 125.719 149.089 160.786 157.368 162.789 178.190 193.461 210.132 210.241 210.196 208.173 210.502 214.813 -nan -nan -nan 213.568 209.568 188.312 188.969 195.253 187.420 200.388 194.403 -nan 214.592 209.410 -nan -nan -nan 210.209 191.691 181.463 172.820 171.955 165.915 164.506 161.905 160.950 163.805 160.509 173.655 182.546 182.298 -9999.000 -9999.000 -9999.000
-nan -nan -nan 211.767 212.551 212.595 211.560 212.833 203.165 172.793 144.977 134.663 113.070 108.438 109.245 113.719 114.444 116.632 118.135 116.956 113.430 116.134 121.421 142.235 153.617 148.693 155.698 170.912 184.107 198.073 208.498 190.291 185.289 201.815 209.899 209.731 209.789 201.605 197.399 183.571 174.484 172.653 178.416 174.696 176.471 194.531 209.243 205.743 210.137 -nan -nan -nan 210.439 201.391 191.304 180.474 188.810 184.193 175.117 162.848 164.310 160.458 165.087 178.884 190.016 187.188 -9999.000 -9999.000 -9999.000
-nan 220.974 194.773 186.355 184.528 174.718 186.994 187.475 196.317 168.792 153.882 118.201 109.704 108.538 109.200 114.747 118.774 120.521 116.706 118.867 116.085 116.845 121.124 131.143 141.189 154.522 157.700 161.539 165.487 171.594 181.523 176.454 164.991 177.824 178.967 188.064 209.382 184.516 173.880 180.047 164.741 156.815 160.130 169.488 165.010 167.368 174.175 179.419 189.957 200.953 205.034 209.984 -nan 210.675 210.775 200.530 211.093 201.023 181.373 164.802 161.304 182.286 188.338 175.942 181.565 200.916 -9999.000 -9999.000 -9999.000
-nan 216.466 188.030 161.186 168.970 155.350 157.847 176.982 190.688 156.060 135.524 115.843 109.623 109.017 110.322 121.741 121.606 121.511 115.320 119.738 116.655 116.646 122.266 122.246 125.559 130.872 145.447 152.929 157.695 173.078 181.289 174.770 163.148 166.914 176.539 197.633 199.115 169.663 153.738 153.528 149.318 151.536 153.069 152.704 155.440 158.903 164.104 171.330 178.166 184.331 195.200 210.568 -nan -nan 210.470 211.599 212.001 194.219 183.514 170.119 173.666 196.601 192.738 185.150 185.806 -9999.000 -9999.000 -9999.000 -9999.000
198.063 212.226 190.794 152.657 140.000 134.293 141.418 151.480 141.958 154.132 141.436 117.609 108.157 112.914 112.021 120.855 120.568 116.271 113.972 116.827 114.516 119.447 119.784 126.490 137.714 151.413 150.700 158.879 166.770 175.563 179.491 168.005 159.739 152.938 162.166 157.718 151.345 145.435 144.527 141.205 143.940 150.016 161.915 166.731 170.158 171.818 165.799 166.422 174.410 184.843 200.527 -nan -nan -nan -nan -nan 210.651 193.265 180.861 173.218 186.312 210.182 212.884 188.093 194.054 -9999.000 -9999.000 -9999.000 -9999.000
177.709 186.728 177.086 154.861 140.778 131.728 130.608 133.594 136.626 136.982 136.781 116.384 108.636 114.993 112.771 118.341 117.393 113.735 112.341 115.344 117.505 120.318 122.388 138.241 145.253 158.558 160.057 164.364 165.383 176.819 170.932 160.309 150.425 136.158 145.460 144.040 142.296 134.104 132.776 147.075 156.264 163.701 183.300 197.933 199.162 203.088 187.943 169.905 191.080 200.742 203.492 -nan -nan -nan -nan 210.213 210.531 192.300 181.072 178.633 187.108 194.159 211.277 198.587 200.306 -9999.000 -9999.000 -9999.000 -9999.000
149.709 150.763 146.966 134.221 132.026 130.727 125.460 128.550 121.607 123.473 118.189 112.354 109.183 109.273 109.836 111.821 111.431 112.645 114.346 117.499 118.278 119.210 122.244 148.124 150.198 159.424 153.365 149.651 152.792 147.983 144.337 141.520 133.942 127.004 129.870 129.479 127.636 144.972 155.915 168.626 171.666 178.333 206.738 209.866 210.602 209.917 199.872 177.656 194.325 195.010 200.773 209.689 209.348 213.874 211.036 210.283 197.918 181.468 179.322 186.915 195.513 204.241 210.521 211.721 209.752 -9999.000 -9999.000 -9999.000 -9999.000
148.833 144.016 138.315 143.310 146.063 131.944 122.900 120.403 118.688 119.164 114.862 112.775 109.565 107.070 107.683 108.442 108.377 108.375 113.033 115.956 115.780 119.045 120.575 137.849 134.979 136.284 133.721 138.106 140.203 138.251 132.330 128.017 125.689 125.228 124.790 126.206 132.754 155.166 162.683 191.025 209.488 181.698 209.388 -nan 209.753 197.316 190.317 181.771 187.314 210.006 210.172 210.251 -nan -nan 212.777 210.768 198.312 196.978 183.745 192.866 202.877 202.361 210.380 -nan 133.257 -9999.000 -9999.000 -9999.000 -9999.000
177.743 184.539 178.525 180.532 169.878 152.029 140.263 124.258 115.933 115.220 114.488 111.719 108.133 111.089 112.201 112.137 112.979 113.536 108.405 109.992 113.303 117.892 121.343 122.741 119.382 120.867 121.080 124.311 123.781 124.509 120.070 124.568 128.552 131.936 149.822 147.124 151.710 170.255 199.014 210.367 -nan 209.438 209.338 -nan -nan 209.872 209.670 192.211 207.392 -nan -nan -nan -nan -nan 227.580 211.370 211.344 209.142 196.476 204.069 210.584 210.298 209.918 -nan -nan -9999.000 -9999.000 -9999.000 -9999.000
201.016 211.559 195.192 188.411 182.916 160.489 147.182 134.985 127.238 114.662 113.695 109.477 108.486 113.344 116.441 115.703 116.734 114.883 114.938 114.791 111.144 113.467 119.136 116.286 114.588 115.508 115.664 116.826 117.614 120.509 125.065 139.270 148.652 157.422 161.567 164.004 161.169 174.589 200.181 -nan -nan -nan 209.431 -nan -nan -nan -nan 198.895 205.429 -nan -nan -nan -nan -nan -nan 208.986 210.677 210.670 206.106 208.352 210.872 210.997 209.398 -nan -9999.000 -9999.000 -9999.000 -9999.000 -9999.000
-nan 212.185 191.295 170.718 171.043 153.731 146.058 126.987 121.938 115.106 111.417 111.488 113.410 117.056 118.650 119.231 121.227 122.536 123.212 123.597 119.124 114.004 113.304 115.526 121.493 142.069 146.243 140.960 135.212 135.066 136.061 150.998 164.437 171.167 173.321 178.569 178.627 189.181 209.505 209.066 208.016 209.325 -nan -nan -nan -nan -nan 209.188 -9999.000 -9999.000 -9999.000 -9999.000 -9999.000 -9999.000 -9999.000 -nan -nan -nan 212.068 212.892 211.517 209.249 209.604 -9999.000 -9999.000 -9999.000 -9999.000 -9999.000 -9999.000
-nan 211.520 185.630 161.968 160.361 147.887 141.873 128.472 122.883 115.102 111.424 113.892 113.962 118.228 119.559 120.417 123.953 126.136 126.558 129.723 124.641 120.142 118.803 122.980 128.057 151.661 170.452 182.858 168.662 133.895 131.931 146.980 162.300 165.704 165.678 176.871 187.307 197.716 192.355 185.719 197.857 -nan -nan -nan -9999.000 -9999.000 -9999.000 -9999.000 -9999.000 -9999.000 -9999.000 -9999.000 -9999.000 -9999.000 -9999.000 -9999.000 -9999.000 -nan -nan -nan -nan 205.633 -9999.000 -9999.000 -9999.000 -9999.000 -9999.000 -9999.000 -9999.000
