examples/3D/hillslope02_superslab/output-maps-METEOIO-OFF/psiliqL0052N0003.asc
ncols         104
nrows         10
xllcorner     -2.000000
yllcorner     0.000000
cellsize      1.000000
NODATA_value  -9999.0
-9999.000 -9999.000 -9999.000 -9999.000 -9999.000 -9999.000 -9999.000 -9999.000 -9999.000 -9999.000 -9999.000 -9999.000 -9999.000 -9999.000 -9999.000 -9999.000 -9999.000 -9999.000 -9999.000 -9999.000 -9999.000 -9999.000 -9999.000 -9999.000 -9999.000 -9999.000 -9999.000 -9999.000 -9999.000 -9999.000 -9999.000 -9999.000 -9999.000 -9999.000 -9999.000 -9999.000 -9999.000 -9999.000 -9999.000 -9999.000 -9999.000 -9999.000 -9999.000 -9999.000 -9999.000 -9999.000 -9999.000 -9999.000 -9999.000 -9999.000 -9999.000 -9999.000 -9999.000 -9999.000 -9999.000 -9999.000 -9999.000 -9999.000 -9999.000 -9999.000 -9999.000 -9999.000 -9999.000 -9999.000 -9999.000 -9999.000 -9999.000 -9999.000 -9999.000 -9999.000 -9999.000 -9999.000 -9999.000 -9999.000 -9999.000 -9999.000 -9999.000 -9999.000 -9999.000 -9999.000 -9999.000 -9999.000 -9999.000 -9999.000 -9999.000 -9999.000 -9999.000 -9999.000 -9999.000 -9999.000 -9999.000 -9999.000 -9999.000 -9999.000 -9999.000 -9999.000 -9999.000 -9999.000 -9999.000 -9999.000 -9999.000 -9999.000 -9999.000 -9999.000
-9999.000 -9999.000 -9999.000 -9999.000 -9999.000 -9999.000 -9999.000 -9999.000 -9999.000 -9999.000 -9999.000 -9999.000 -9999.000 -9999.000 -9999.000 -9999.000 -9999.000 -9999.000 -9999.000 -9999.000 -9999.000 -9999.000 -9999.000 -9999.000 -9999.000 -9999.000 -9999.000 -9999.000 -9999.000 -9999.000 -9999.000 -9999.000 -9999.000 -9999.000 -9999.000 -9999.000 -9999.000 -9999.000 -9999.000 -9999.000 -9999.000 -9999.000 -9999.000 -9999.000 -9999.000 -9999.000 -9999.000 -9999.000 -9999.000 -9999.000 -9999.000 -9999.000 -9999.000 -9999.000 -9999.000 -9999.000 -9999.000 -9999.000 -9999.000 -9999.000 -9999.000 -9999.000 -9999.000 -9999.000 -9999.000 -9999.000 -9999.000 -9999.000 -9999.000 -9999.000 -9999.000 -9999.000 -9999.000 -9999.000 -9999.000 -9999.000 -9999.000 -9999.000 -9999.000 -9999.000 -9999.000 -9999.000 -9999.000 -9999.000 -9999.000 -9999.000 -9999.000 -9999.000 -9999.000 -9999.000 -9999.000 -9999.000 -9999.000 -9999.000 -9999.000 -9999.000 -9999.000 -9999.000 -9999.000 -9999.000 -9999.000 -9999.000 -9999.000 -9999.000
-9999.000 -9999.000 2613.642 2519.586 2428.847 2339.710 2251.517 2164.126 2077.602 1992.098 1907.807 1824.908 1743.530 1663.778 1585.690 1509.267 1434.481 1361.275 1289.567 1219.266 1150.256 1082.454 1015.752 950.028 885.205 821.172 757.782 694.882 632.386 570.180 508.239 446.822 385.983 325.779 266.284 207.691 222.044 230.383 233.292 231.020 194.656 129.432 66.541 6.885 -49.590 -103.231 -154.645 -204.458 -253.350 -302.078 -351.335 -401.743 -453.436 -502.384 -546.572 -587.711 -625.899 -661.113 -689.780 -689.135 -656.551 -606.881 -564.474 -557.451 -560.098 -563.680 -567.101 -570.296 -573.240 -575.998 -578.577 -580.986 -583.252 -585.366 -587.345 -589.187 -590.896 -592.473 -593.923 -595.245 -596.443 -597.521 -598.483 -599.334 -600.079 -600.727 -601.282 -601.754 -602.151 -602.480 -602.749 -602.966 -603.139 -603.274 -603.378 -603.458 -603.519 -603.582 -603.743 -604.500 -608.255 -625.789 -9999.000 -9999.000
-9999.000 -9999.000 2613.644 2519.588 2428.847 2339.710 2251.517 2164.126 2077.602 1992.098 1907.807 1824.908 1743.530 1663.778 1585.690 1509.267 1434.481 1361.275 1289.567 1219.266 1150.256 1082.454 1015.752 950.028 885.205 821.172 757.782 694.882 632.386 570.180 508.239 446.822 385.983 325.779 266.284 207.691 222.044 230.383 233.292 231.020 194.656 129.432 66.541 6.885 -49.590 -103.231 -154.645 -204.458 -253.350 -302.078 -351.335 -401.743 -453.436 -502.384 -546.572 -587.711 -625.899 -661.113 -689.780 -689.135 -656.551 -606.881 -564.474 -557.451 -560.098 -563.680 -567.101 -570.296 -573.240 -575.998 -578.577 -580.986 -583.252 -585.366 -587.345 -589.187 -590.896 -592.473 -593.923 -595.245 -596.443 -597.521 -598.483 -599.334 -600.079 -600.727 -601.282 -601.754 -602.151 -602.480 -602.749 -602.966 -603.139 -603.274 -603.378 -603.458 -603.519 -603.582 -603.743 -604.500 -608.255 -625.789 -9999.000 -9999.000
-9999.000 -9999.000 2613.646 2519.589 2428.848 2339.710 2251.517 2164.126 2077.602 1992.098 1907.807 1824.908 1743.530 1663.778 1585.690 1509.267 1434.481 1361.275 1289.567 1219.266 1150.256 1082.454 1015.752 950.028 885.205 821.172 757.782 694.882 632.386 570.180 508.239 446.822 385.983 325.779 266.284 207.691 222.044 230.383 233.292 231.020 194.656 129.432 66.541 6.885 -49.590 -103.231 -154.645 -204.458 -253.350 -302.078 -351.335 -401.743 -453.436 -502.384 -546.572 -587.711 -625.899 -661.113 -689.780 -689.135 -656.551 -606.881 -564.474 -557.451 -560.098 -563.680 -567.101 -570.296 -573.240 -575.998 -578.577 -580.986 -583.252 -585.366 -587.345 -589.187 -590.896 -592.473 -593.923 -595.245 -596.443 -597.521 -598.483 -599.334 -600.079 -600.727 -601.282 -601.754 -602.151 -602.480 -602.749 -602.966 -603.139 -603.274 -603.378 -603.458 -603.519 -603.582 -603.743 -604.500 -608.255 -625.789 -9999.000 -9999.000
-9999.000 -9999.000 2613.646 2519.589 2428.848 2339.710 2251.517 2164.126 2077.602 1992.098 1907.807 1824.908 1743.530 1663.778 1585.690 1509.267 1434.481 1361.275 1289.567 1219.266 1150.256 1082.454 1015.752 950.028 885.205 821.172 757.782 694.882 632.386 570.180 508.239 446.822 385.983 325.779 266.284 207.691 222.044 230.383 233.292 231.020 194.656 129.432 66.541 6.885 -49.590 -103.231 -154.645 -204.458 -253.350 -302.078 -351.335 -401.743 -453.436 -502.384 -546.572 -587.711 -625.899 -661.113 -689.780 -689.135 -656.551 -606.881 -564.474 -557.451 -560.098 -563.680 -567.101 -570.296 -573.240 -575.998 -578.577 -580.986 -583.252 -585.366 -587.345 -589.187 -590.896 -592.473 -593.923 -595.245 -596.443 -597.521 -598.483 -599.334 -600.079 -600.727 -601.282 -601.754 -602.151 -602.480 -602.749 -602.966 -603.139 -603.274 -603.378 -603.458 -603.519 -603.582 -603.743 -604.500 -608.255 -625.789 -9999.000 -9999.000
-9999.000 -9999.000 2613.644 2519.588 2428.847 2339.710 2251.517 2164.126 2077.602 1992.098 1907.807 1824.908 1743.530 1663.778 1585.690 1509.267 1434.481 1361.275 1289.567 1219.266 1150.256 1082.454 1015.752 950.028 885.205 821.172 757.782 694.882 632.386 570.180 508.239 446.822 385.983 325.779 266.284 207.691 222.044 230.383 233.292 231.020 194.656 129.432 66.541 6.885 -49.590 -103.231 -154.645 -204.458 -253.350 -302.078 -351.335 -401.743 -453.436 -502.384 -546.572 -587.711 -625.899 -661.113 -689.780 -689.135 -656.551 -606.881 -564.474 -557.451 -560.098 -563.680 -567.101 -570.296 -573.240 -575.998 -578.577 -580.986 -583.252 -585.366 -587.345 -589.187 -590.896 -592.473 -593.923 -595.245 -596.443 -597.521 -598.483 -599.334 -600.079 -600.727 -601.282 -601.754 -602.151 -602.480 -602.749 -602.966 -603.139 -603.274 -603.378 -603.458 -603.519 -603.582 -603.743 -604.500 -608.255 -625.789 -9999.000 -9999.000
-9999.000 -9999.000 2613.642 2519.586 2428.847 2339.710 2251.517 2164.126 2077.602 1992.098 1907.807 1824.908 1743.530 1663.778 1585.690 1509.267 1434.481 1361.275 1289.567 1219.266 1150.256 1082.454 1015.752 950.028 885.205 821.172 757.782 694.882 632.386 570.180 508.239 446.822 385.983 325.779 266.284 207.691 222.044 230.383 233.292 231.020 194.656 129.432 66.541 6.885 -49.590 -103.231 -154.645 -204.458 -253.350 -302.078 -351.335 -401.743 -453.436 -502.384 -546.572 -587.711 -625.899 -661.113 -689.780 -689.135 -656.551 -606.881 -564.474 -557.451 -560.098 -563.680 -567.101 -570.296 -573.240 -575.998 -578.577 -580.986 -583.252 -585.366 -587.345 -589.187 -590.896 -592.473 -593.923 -595.245 -596.443 -597.521 -598.483 -599.334 -600.079 -600.727 -601.282 -601.754 -602.151 -602.480 -602.749 -602.966 -603.139 -603.274 -603.378 -603.458 -603.519 -603.582 -603.743 -604.500 -608.255 -625.789 -9999.000 -9999.000
-9999.000 -9999.000 -9999.000 -9999.000 -9999.000 -9999.000 -9999.000 -9999.000 -9999.000 -9999.000 -9999.000 -9999.000 -9999.000 -9999.000 -9999.000 -9999.000 -9999.000 -9999.000 -9999.000 -9999.000 -9999.000 -9999.000 -9999.000 -9999.000 -9999.000 -9999.000 -9999.000 -9999.000 -9999.000 -9999.000 -9999.000 -9999.000 -9999.000 -9999.000 -9999.000 -9999.000 -9999.000 -9999.000 -9999.000 -9999.000 -9999.000 -9999.000 -9999.000 -9999.000 -9999.000 -9999.000 -9999.000 -9999.000 -9999.000 -9999.000 -9999.000 -9999.000 -9999.000 -9999.000 -9999.000 -9999.000 -9999.000 -9999.000 -9999.000 -9999.000 -9999.000 -9999.000 -9999.000 -9999.000 -9999.000 -9999.000 -9999.000 -9999.000 -9999.000 -9999.000 -9999.000 -9999.000 -9999.000 -9999.000 -9999.000 -9999.000 -9999.000 -9999.000 -9999.000 -9999.000 -9999.000 -9999.000 -9999.000 -9999.000 -9999.000 -9999.000 -9999.000 -9999.000 -9999.000 -9999.000 -9999.000 -9999.000 -9999.000 -9999.000 -9999.000 -9999.000 -9999.000 -9999.000 -9999.000 -9999.000 -9999.000 -9999.000 -9999.000 -9999.000
-9999.000 -9999.000 -9999.000 -9999.000 -9999.000 -9999.000 -9999.000 -9999.000 -9999.000 -9999.000 -9999.000 -9999.000 -9999.000 -9999.000 -9999.000 -9999.000 -9999.000 -9999.000 -9999.000 -9999.000 -9999.000 -9999.000 -9999.000 -9999.000 -9999.000 -9999.000 -9999.000 -9999.000 -9999.000 -9999.000 -9999.000 -9999.000 -9999.000 -9999.000 -9999.000 -9999.000 -9999.000 -9999.000 -9999.000 -9999.000 -9999.000 -9999.000 -9999.000 -9999.000 -9999.000 -9999.000 -9999.000 -9999.000 -9999.000 -9999.000 -9999.000 -9999.000 -9999.000 -9999.000 -9999.000 -9999.000 -9999.000 -9999.000 -9999.000 -9999.000 -9999.000 -9999.000 -9999.000 -9999.000 -9999.000 -9999.000 -9999.000 -9999.000 -9999.000 -9999.000 -9999.000 -9999.000 -9999.000 -9999.000 -9999.000 -9999.000 -9999.000 -9999.000 -9999.000 -9999.000 -9999.000 -9999.000 -9999.000 -9999.000 -9999.000 -9999.000 -9999.000 -9999.000 -9999.000 -9999.000 -9999.000 -9999.000 -9999.000 -9999.000 -9999.000 -9999.000 -9999.000 -9999.000 -9999.000 -9999.000 -9999.000 -9999.000 -9999.000 -9999.000