examples/3D/hillslope02_superslab/output-maps-METEOIO-OFF/psiliqL0067N0001.asc
ncols         104
nrows         10
xllcorner     -2.000000
yllcorner     0.000000
cellsize      1.000000
NODATA_value  -9999.0
-9999.000 -9999.000 -9999.000 -9999.000 -9999.000 -9999.000 -9999.000 -9999.000 -9999.000 -9999.000 -9999.000 -9999.000 -9999.000 -9999.000 -9999.000 -9999.000 -9999.000 -9999.000 -9999.000 -9999.000 -9999.000 -9999.000 -9999.000 -9999.000 -9999.000 -9999.000 -9999.000 -9999.000 -9999.000 -9999.000 -9999.000 -9999.000 -9999.000 -9999.000 -9999.000 -9999.000 -9999.000 -9999.000 -9999.000 -9999.000 -9999.000 -9999.000 -9999.000 -9999.000 -9999.000 -9999.000 -9999.000 -9999.000 -9999.000 -9999.000 -9999.000 -9999.000 -9999.000 -9999.000 -9999.000 -9999.000 -9999.000 -9999.000 -9999.000 -9999.000 -9999.000 -9999.000 -9999.000 -9999.000 -9999.000 -9999.000 -9999.000 -9999.000 -9999.000 -9999.000 -9999.000 -9999.000 -9999.000 -9999.000 -9999.000 -9999.000 -9999.000 -9999.000 -9999.000 -9999.000 -9999.000 -9999.000 -9999.000 -9999.000 -9999.000 -9999.000 -9999.000 -9999.000 -9999.000 -9999.000 -9999.000 -9999.000 -9999.000 -9999.000 -9999.000 -9999.000 -9999.000 -9999.000 -9999.000 -9999.000 -9999.000 -9999.000 -9999.000 -9999.000
-9999.000 -9999.000 -9999.000 -9999.000 -9999.000 -9999.000 -9999.000 -9999.000 -9999.000 -9999.000 -9999.000 -9999.000 -9999.000 -9999.000 -9999.000 -9999.000 -9999.000 -9999.000 -9999.000 -9999.000 -9999.000 -9999.000 -9999.000 -9999.000 -9999.000 -9999.000 -9999.000 -9999.000 -9999.000 -9999.000 -9999.000 -9999.000 -9999.000 -9999.000 -9999.000 -9999.000 -9999.000 -9999.000 -9999.000 -9999.000 -9999.000 -9999.000 -9999.000 -9999.000 -9999.000 -9999.000 -9999.000 -9999.000 -9999.000 -9999.000 -9999.000 -9999.000 -9999.000 -9999.000 -9999.000 -9999.000 -9999.000 -9999.000 -9999.000 -9999.000 -9999.000 -9999.000 -9999.000 -9999.000 -9999.000 -9999.000 -9999.000 -9999.000 -9999.000 -9999.000 -9999.000 -9999.000 -9999.000 -9999.000 -9999.000 -9999.000 -9999.000 -9999.000 -9999.000 -9999.000 -9999.000 -9999.000 -9999.000 -9999.000 -9999.000 -9999.000 -9999.000 -9999.000 -9999.000 -9999.000 -9999.000 -9999.000 -9999.000 -9999.000 -9999.000 -9999.000 -9999.000 -9999.000 -9999.000 -9999.000 -9999.000 -9999.000 -9999.000 -9999.000
-9999.000 -9999.000 -359.978 -472.837 -479.778 -398.267 -347.177 -329.526 -328.196 -345.064 -478.115 -1487.717 -1658.145 -1658.415 -1658.416 -1658.416 -1658.416 -1658.416 -1658.416 -1658.416 -1658.416 -1658.416 -1658.416 -1658.416 -1658.416 -1658.416 -1658.416 -1658.409 -1653.460 -1008.546 -459.467 -378.259 -359.498 -353.900 -352.097 -351.923 -352.804 -354.619 -357.433 -361.478 -367.264 -375.746 -387.822 -308.136 -240.915 -413.503 -806.575 -1633.042 -1658.562 -1658.566 -1658.555 -1658.729 -1658.434 -1658.416 -1658.416 -1658.416 -1658.416 -1658.416 -1658.416 -1658.416 -1658.416 -1658.357 -1624.680 -718.814 -575.400 -567.020 -566.517 -566.331 -566.149 -565.967 -565.785 -565.603 -565.421 -565.239 -565.058 -564.877 -564.696 -564.515 -564.334 -564.154 -563.973 -563.793 -563.614 -563.434 -563.255 -563.077 -562.899 -562.721 -562.545 -562.369 -562.195 -562.022 -561.851 -561.683 -561.520 -561.373 -561.332 -562.000 -566.930 -595.095 -771.250 -1593.131 -9999.000 -9999.000
-9999.000 -9999.000 -359.978 -472.837 -479.778 -398.267 -347.177 -329.526 -328.196 -345.064 -478.115 -1487.717 -1658.145 -1658.415 -1658.416 -1658.416 -1658.416 -1658.416 -1658.416 -1658.416 -1658.416 -1658.416 -1658.416 -1658.416 -1658.416 -1658.416 -1658.416 -1658.409 -1653.460 -1008.546 -459.467 -378.259 -359.498 -353.900 -352.097 -351.923 -352.804 -354.619 -357.433 -361.478 -367.264 -375.746 -387.822 -308.136 -240.915 -413.503 -806.575 -1633.042 -1658.562 -1658.566 -1658.555 -1658.729 -1658.434 -1658.416 -1658.416 -1658.416 -1658.416 -1658.416 -1658.416 -1658.416 -1658.416 -1658.357 -1624.680 -718.814 -575.400 -567.020 -566.517 -566.331 -566.149 -565.967 -565.785 -565.603 -565.421 -565.239 -565.058 -564.877 -564.696 -564.515 -564.334 -564.154 -563.973 -563.793 -563.614 -563.434 -563.255 -563.077 -562.899 -562.721 -562.545 -562.369 -562.195 -562.022 -561.851 -561.683 -561.520 -561.373 -561.332 -562.000 -566.930 -595.095 -771.250 -1593.131 -9999.000 -9999.000
-9999.000 -9999.000 -359.978 -472.837 -479.778 -398.267 -347.177 -329.526 -328.196 -345.064 -478.115 -1487.717 -1658.145 -1658.415 -1658.416 -1658.416 -1658.416 -1658.416 -1658.416 -1658.416 -1658.416 -1658.416 -1658.416 -1658.416 -1658.416 -1658.416 -1658.416 -1658.409 -1653.460 -1008.546 -459.467 -378.259 -359.498 -353.900 -352.097 -351.923 -352.804 -354.619 -357.433 -361.478 -367.264 -375.746 -387.822 -308.136 -240.915 -413.503 -806.575 -1633.042 -1658.562 -1658.566 -1658.555 -1658.729 -1658.434 -1658.416 -1658.416 -1658.416 -1658.416 -1658.416 -1658.416 -1658.416 -1658.416 -1658.357 -1624.680 -718.814 -575.400 -567.020 -566.517 -566.331 -566.149 -565.967 -565.785 -565.603 -565.421 -565.239 -565.058 -564.877 -564.696 -564.515 -564.334 -564.154 -563.973 -563.793 -563.614 -563.434 -563.255 -563.077 -562.899 -562.721 -562.545 -562.369 -562.195 -562.022 -561.851 -561.683 -561.520 -561.373 -561.332 -562.000 -566.930 -595.095 -771.250 -1593.131 -9999.000 -9999.000
-9999.000 -9999.000 -359.978 -472.837 -479.778 -398.267 -347.177 -329.526 -328.196 -345.064 -478.115 -1487.717 -1658.145 -1658.415 -1658.416 -1658.416 -1658.416 -1658.416 -1658.416 -1658.416 -1658.416 -1658.416 -1658.416 -1658.416 -1658.416 -1658.416 -1658.416 -1658.409 -1653.460 -1008.546 -459.467 -378.259 -359.498 -353.900 -352.097 -351.923 -352.804 -354.619 -357.433 -361.478 -367.264 -375.746 -387.822 -308.136 -240.915 -413.503 -806.575 -1633.042 -1658.562 -1658.566 -1658.555 -1658.729 -1658.434 -1658.416 -1658.416 -1658.416 -1658.416 -1658.416 -1658.416 -1658.416 -1658.416 -1658.357 -1624.680 -718.814 -575.400 -567.020 -566.517 -566.331 -566.149 -565.967 -565.785 -565.603 -565.421 -565.239 -565.058 -564.877 -564.696 -564.515 -564.334 -564.154 -563.973 -563.793 -563.614 -563.434 -563.255 -563.077 -562.899 -562.721 -562.545 -562.369 -562.195 -562.022 -561.851 -561.683 -561.520 -561.373 -561.332 -562.000 -566.930 -595.095 -771.250 -1593.131 -9999.000 -9999.000
-9999.000 -9999.000 -359.978 -472.837 -479.778 -398.267 -347.177 -329.526 -328.196 -345.064 -478.115 -1487.717 -1658.145 -1658.415 -1658.416 -1658.416 -1658.416 -1658.416 -1658.416 -1658.416 -1658.416 -1658.416 -1658.416 -1658.416 -1658.416 -1658.416 -1658.416 -1658.409 -1653.460 -1008.546 -459.467 -378.259 -359.498 -353.900 -352.097 -351.923 -352.804 -354.619 -357.433 -361.478 -367.264 -375.746 -387.822 -308.136 -240.915 -413.503 -806.575 -1633.042 -1658.562 -1658.566 -1658.555 -1658.729 -1658.434 -1658.416 -1658.416 -1658.416 -1658.416 -1658.416 -1658.416 -1658.416 -1658.416 -1658.357 -1624.680 -718.814 -575.400 -567.020 -566.517 -566.331 -566.149 -565.967 -565.785 -565.603 -565.421 -565.239 -565.058 -564.877 -564.696 -564.515 -564.334 -564.154 -563.973 -563.793 -563.614 -563.434 -563.255 -563.077 -562.899 -562.721 -562.545 -562.369 -562.195 -562.022 -561.851 -561.683 -561.520 -561.373 -561.332 -562.000 -566.930 -595.095 -771.250 -1593.131 -9999.000 -9999.000
-9999.000 -9999.000 -359.978 -472.837 -479.778 -398.267 -347.177 -329.526 -328.196 -345.064 -478.115 -1487.717 -1658.145 -1658.415 -1658.416 -1658.416 -1658.416 -1658.416 -1658.416 -1658.416 -1658.416 -1658.416 -1658.416 -1658.416 -1658.416 -1658.416 -1658.416 -1658.409 -1653.460 -1008.546 -459.467 -378.259 -359.498 -353.900 -352.097 -351.923 -352.804 -354.619 -357.433 -361.478 -367.264 -375.746 -387.822 -308.136 -240.915 -413.503 -806.575 -1633.042 -1658.562 -1658.566 -1658.555 -1658.729 -1658.434 -1658.416 -1658.416 -1658.416 -1658.416 -1658.416 -1658.416 -1658.416 -1658.416 -1658.357 -1624.680 -718.814 -575.400 -567.020 -566.517 -566.331 -566.149 -565.967 -565.785 -565.603 -565.421 -565.239 -565.058 -564.877 -564.696 -564.515 -564.334 -564.154 -563.973 -563.793 -563.614 -563.434 -563.255 -563.077 -562.899 -562.721 -562.545 -562.369 -562.195 -562.022 -561.851 -561.683 -561.520 -561.373 -561.332 -562.000 -566.930 -595.095 -771.250 -1593.131 -9999.000 -9999.000
-9999.000 -9999.000 -9999.000 -9999.000 -9999.000 -9999.000 -9999.000 -9999.000 -9999.000 -9999.000 -9999.000 -9999.000 -9999.000 -9999.000 -9999.000 -9999.000 -9999.000 -9999.000 -9999.000 -9999.000 -9999.000 -9999.000 -9999.000 -9999.000 -9999.000 -9999.000 -9999.000 -9999.000 -9999.000 -9999.000 -9999.000 -9999.000 -9999.000 -9999.000 -9999.000 -9999.000 -9999.000 -9999.000 -9999.000 -9999.000 -9999.000 -9999.000 -9999.000 -9999.000 -9999.000 -9999.000 -9999.000 -9999.000 -9999.000 -9999.000 -9999.000 -9999.000 -9999.000 -9999.000 -9999.000 -9999.000 -9999.000 -9999.000 -9999.000 -9999.000 -9999.000 -9999.000 -9999.000 -9999.000 -9999.000 -9999.000 -9999.000 -9999.000 -9999.000 -9999.000 -9999.000 -9999.000 -9999.000 -9999.000 -9999.000 -9999.000 -9999.000 -9999.000 -9999.000 -9999.000 -9999.000 -9999.000 -9999.000 -9999.000 -9999.000 -9999.000 -9999.000 -9999.000 -9999.000 -9999.000 -9999.000 -9999.000 -9999.000 -9999.000 -9999.000 -9999.000 -9999.000 -9999.000 -9999.000 -9999.000 -9999.000 -9999.000 -9999.000 -9999.000
-9999.000 -9999.000 -9999.000 -9999.000 -9999.000 -9999.000 -9999.000 -9999.000 -9999.000 -9999.000 -9999.000 -9999.000 -9999.000 -9999.000 -9999.000 -9999.000 -9999.000 -9999.000 -9999.000 -9999.000 -9999.000 -9999.000 -9999.000 -9999.000 -9999.000 -9999.000 -9999.000 -9999.000 -9999.000 -9999.000 -9999.000 -9999.000 -9999.000 -9999.000 -9999.000 -9999.000 -9999.000 -9999.000 -9999.000 -9999.000 -9999.000 -9999.000 -9999.000 -9999.000 -9999.000 -9999.000 -9999.000 -9999.000 -9999.000 -9999.000 -9999.000 -9999.000 -9999.000 -9999.000 -9999.000 -9999.000 -9999.000 -9999.000 -9999.000 -9999.000 -9999.000 -9999.000 -9999.000 -9999.000 -9999.000 -9999.000 -9999.000 -9999.000 -9999.000 -9999.000 -9999.000 -9999.000 -9999.000 -9999.000 -9999.000 -9999.000 -9999.000 -9999.000 -9999.000 -9999.000 -9999.000 -9999.000 -9999.000 -9999.000 -9999.000 -9999.000 -9999.000 -9999.000 -9999.000 -9999.000 -9999.000 -9999.000 -9999.000 -9999.000 -9999.000 -9999.000 -9999.000 -9999.000 -9999.000 -9999.000 -9999.000 -9999.000 -9999.000 -9999.000