examples/3D/hillslope02_superslab/output-maps-METEOIO-OFF/psiliqL0042N0001.asc
ncols         104
nrows         10
xllcorner     -2.000000
yllcorner     0.000000
cellsize      1.000000
NODATA_value  -9999.0
-9999.000 -9999.000 -9999.000 -9999.000 -9999.000 -9999.000 -9999.000 -9999.000 -9999.000 -9999.000 -9999.000 -9999.000 -9999.000 -9999.000 -9999.000 -9999.000 -9999.000 -9999.000 -9999.000 -9999.000 -9999.000 -9999.000 -9999.000 -9999.000 -9999.000 -9999.000 -9999.000 -9999.000 -9999.000 -9999.000 -9999.000 -9999.000 -9999.000 -9999.000 -9999.000 -9999.000 -9999.000 -9999.000 -9999.000 -9999.000 -9999.000 -9999.000 -9999.000 -9999.000 -9999.000 -9999.000 -9999.000 -9999.000 -9999.000 -9999.000 -9999.000 -9999.000 -9999.000 -9999.000 -9999.000 -9999.000 -9999.000 -9999.000 -9999.000 -9999.000 -9999.000 -9999.000 -9999.000 -9999.000 -9999.000 -9999.000 -9999.000 -9999.000 -9999.000 -9999.000 -9999.000 -9999.000 -9999.000 -9999.000 -9999.000 -9999.000 -9999.000 -9999.000 -9999.000 -9999.000 -9999.000 -9999.000 -9999.000 -9999.000 -9999.000 -9999.000 -9999.000 -9999.000 -9999.000 -9999.000 -9999.000 -9999.000 -9999.000 -9999.000 -9999.000 -9999.000 -9999.000 -9999.000 -9999.000 -9999.000 -9999.000 -9999.000 -9999.000 -9999.000
-9999.000 -9999.000 -9999.000 -9999.000 -9999.000 -9999.000 -9999.000 -9999.000 -9999.000 -9999.000 -9999.000 -9999.000 -9999.000 -9999.000 -9999.000 -9999.000 -9999.000 -9999.000 -9999.000 -9999.000 -9999.000 -9999.000 -9999.000 -9999.000 -9999.000 -9999.000 -9999.000 -9999.000 -9999.000 -9999.000 -9999.000 -9999.000 -9999.000 -9999.000 -9999.000 -9999.000 -9999.000 -9999.000 -9999.000 -9999.000 -9999.000 -9999.000 -9999.000 -9999.000 -9999.000 -9999.000 -9999.000 -9999.000 -9999.000 -9999.000 -9999.000 -9999.000 -9999.000 -9999.000 -9999.000 -9999.000 -9999.000 -9999.000 -9999.000 -9999.000 -9999.000 -9999.000 -9999.000 -9999.000 -9999.000 -9999.000 -9999.000 -9999.000 -9999.000 -9999.000 -9999.000 -9999.000 -9999.000 -9999.000 -9999.000 -9999.000 -9999.000 -9999.000 -9999.000 -9999.000 -9999.000 -9999.000 -9999.000 -9999.000 -9999.000 -9999.000 -9999.000 -9999.000 -9999.000 -9999.000 -9999.000 -9999.000 -9999.000 -9999.000 -9999.000 -9999.000 -9999.000 -9999.000 -9999.000 -9999.000 -9999.000 -9999.000 -9999.000 -9999.000
-9999.000 -9999.000 -337.221 -350.894 -343.543 -328.931 -318.395 -315.071 -316.380 -320.969 -332.259 -366.574 -409.086 -519.370 -830.853 -909.366 -907.483 -850.211 -748.692 -668.694 -604.557 -549.711 -501.538 -459.771 -425.019 -397.903 -378.777 -366.739 -359.608 -354.978 -351.524 -54.517 234.477 525.169 809.903 891.332 769.152 635.238 488.655 327.672 149.420 -48.848 -247.270 -512.756 -1273.076 -2867.882 -2896.019 -2896.040 -2896.040 -2896.040 -2896.040 -2896.040 -2896.040 -2896.040 -2896.040 -2896.040 -2896.040 -2896.040 -2896.034 -2891.358 -2027.314 -672.667 -377.047 -356.478 -355.798 -355.797 -355.795 -355.791 -355.787 -355.783 -355.779 -355.775 -355.770 -355.766 -355.762 -355.758 -355.754 -355.749 -355.745 -355.741 -355.737 -355.733 -355.728 -355.724 -355.720 -355.716 -355.712 -355.707 -355.703 -355.699 -355.695 -355.691 -355.686 -355.682 -355.678 -355.674 -355.671 -355.676 -355.745 -356.259 -359.457 -376.448 -9999.000 -9999.000
-9999.000 -9999.000 -337.221 -350.894 -343.543 -328.931 -318.395 -315.071 -316.380 -320.969 -332.259 -366.574 -409.086 -519.370 -830.853 -909.366 -907.483 -850.211 -748.692 -668.694 -604.557 -549.711 -501.538 -459.771 -425.019 -397.903 -378.777 -366.739 -359.608 -354.978 -351.524 -54.517 234.477 525.169 809.903 891.332 769.152 635.238 488.655 327.672 149.420 -48.848 -247.270 -512.756 -1273.076 -2867.882 -2896.019 -2896.040 -2896.040 -2896.040 -2896.040 -2896.040 -2896.040 -2896.040 -2896.040 -2896.040 -2896.040 -2896.040 -2896.034 -2891.358 -2027.314 -672.667 -377.047 -356.478 -355.798 -355.797 -355.795 -355.791 -355.787 -355.783 -355.779 -355.775 -355.770 -355.766 -355.762 -355.758 -355.754 -355.749 -355.745 -355.741 -355.737 -355.733 -355.728 -355.724 -355.720 -355.716 -355.712 -355.707 -355.703 -355.699 -355.695 -355.691 -355.686 -355.682 -355.678 -355.674 -355.671 -355.676 -355.745 -356.259 -359.457 -376.448 -9999.000 -9999.000
-9999.000 -9999.000 -337.221 -350.894 -343.543 -328.931 -318.395 -315.071 -316.380 -320.969 -332.259 -366.574 -409.086 -519.370 -830.853 -909.366 -907.483 -850.211 -748.692 -668.694 -604.557 -549.711 -501.538 -459.771 -425.019 -397.903 -378.777 -366.739 -359.608 -354.978 -351.524 -54.517 234.477 525.169 809.903 891.332 769.152 635.238 488.655 327.672 149.420 -48.848 -247.270 -512.756 -1273.076 -2867.882 -2896.019 -2896.040 -2896.040 -2896.040 -2896.040 -2896.040 -2896.040 -2896.040 -2896.040 -2896.040 -2896.040 -2896.040 -2896.034 -2891.358 -2027.314 -672.667 -377.047 -356.478 -355.798 -355.797 -355.795 -355.791 -355.787 -355.783 -355.779 -355.775 -355.770 -355.766 -355.762 -355.758 -355.754 -355.749 -355.745 -355.741 -355.737 -355.733 -355.728 -355.724 -355.720 -355.716 -355.712 -355.707 -355.703 -355.699 -355.695 -355.691 -355.686 -355.682 -355.678 -355.674 -355.671 -355.676 -355.745 -356.259 -359.457 -376.448 -9999.000 -9999.000
-9999.000 -9999.000 -337.221 -350.894 -343.543 -328.931 -318.395 -315.071 -316.380 -320.969 -332.259 -366.574 -409.086 -519.370 -830.853 -909.366 -907.483 -850.211 -748.692 -668.694 -604.557 -549.711 -501.538 -459.771 -425.019 -397.903 -378.777 -366.739 -359.608 -354.978 -351.524 -54.517 234.477 525.169 809.903 891.332 769.152 635.238 488.655 327.672 149.420 -48.848 -247.270 -512.756 -1273.076 -2867.882 -2896.019 -2896.040 -2896.040 -2896.040 -2896.040 -2896.040 -2896.040 -2896.040 -2896.040 -2896.040 -2896.040 -2896.040 -2896.034 -2891.358 -2027.314 -672.667 -377.047 -356.478 -355.798 -355.797 -355.795 -355.791 -355.787 -355.783 -355.779 -355.775 -355.770 -355.766 -355.762 -355.758 -355.754 -355.749 -355.745 -355.741 -355.737 -355.733 -355.728 -355.724 -355.720 -355.716 -355.712 -355.707 -355.703 -355.699 -355.695 -355.691 -355.686 -355.682 -355.678 -355.674 -355.671 -355.676 -355.745 -356.259 -359.457 -376.448 -9999.000 -9999.000
-9999.000 -9999.000 -337.221 -350.894 -343.543 -328.931 -318.395 -315.071 -316.380 -320.969 -332.259 -366.574 -409.086 -519.370 -830.853 -909.366 -907.483 -850.211 -748.692 -668.694 -604.557 -549.711 -501.538 -459.771 -425.019 -397.903 -378.777 -366.739 -359.608 -354.978 -351.524 -54.517 234.477 525.169 809.903 891.332 769.152 635.238 488.655 327.672 149.420 -48.848 -247.270 -512.756 -1273.076 -2867.882 -2896.019 -2896.040 -2896.040 -2896.040 -2896.040 -2896.040 -2896.040 -2896.040 -2896.040 -2896.040 -2896.040 -2896.040 -2896.034 -2891.358 -2027.314 -672.667 -377.047 -356.478 -355.798 -355.797 -355.795 -355.791 -355.787 -355.783 -355.779 -355.775 -355.770 -355.766 -355.762 -355.758 -355.754 -355.749 -355.745 -355.741 -355.737 -355.733 -355.728 -355.724 -355.720 -355.716 -355.712 -355.707 -355.703 -355.699 -355.695 -355.691 -355.686 -355.682 -355.678 -355.674 -355.671 -355.676 -355.745 -356.259 -359.457 -376.448 -9999.000 -9999.000
-9999.000 -9999.000 -337.221 -350.894 -343.543 -328.931 -318.395 -315.071 -316.380 -320.969 -332.259 -366.574 -409.086 -519.370 -830.853 -909.366 -907.483 -850.211 -748.692 -668.694 -604.557 -549.711 -501.538 -459.771 -425.019 -397.903 -378.777 -366.739 -359.608 -354.978 -351.524 -54.517 234.477 525.169 809.903 891.332 769.152 635.238 488.655 327.672 149.420 -48.848 -247.270 -512.756 -1273.076 -2867.882 -2896.019 -2896.040 -2896.040 -2896.040 -2896.040 -2896.040 -2896.040 -2896.040 -2896.040 -2896.040 -2896.040 -2896.040 -2896.034 -2891.358 -2027.314 -672.667 -377.047 -356.478 -355.798 -355.797 -355.795 -355.791 -355.787 -355.783 -355.779 -355.775 -355.770 -355.766 -355.762 -355.758 -355.754 -355.749 -355.745 -355.741 -355.737 -355.733 -355.728 -355.724 -355.720 -355.716 -355.712 -355.707 -355.703 -355.699 -355.695 -355.691 -355.686 -355.682 -355.678 -355.674 -355.671 -355.676 -355.745 -356.259 -359.457 -376.448 -9999.000 -9999.000
-9999.000 -9999.000 -9999.000 -9999.000 -9999.000 -9999.000 -9999.000 -9999.000 -9999.000 -9999.000 -9999.000 -9999.000 -9999.000 -9999.000 -9999.000 -9999.000 -9999.000 -9999.000 -9999.000 -9999.000 -9999.000 -9999.000 -9999.000 -9999.000 -9999.000 -9999.000 -9999.000 -9999.000 -9999.000 -9999.000 -9999.000 -9999.000 -9999.000 -9999.000 -9999.000 -9999.000 -9999.000 -9999.000 -9999.000 -9999.000 -9999.000 -9999.000 -9999.000 -9999.000 -9999.000 -9999.000 -9999.000 -9999.000 -9999.000 -9999.000 -9999.000 -9999.000 -9999.000 -9999.000 -9999.000 -9999.000 -9999.000 -9999.000 -9999.000 -9999.000 -9999.000 -9999.000 -9999.000 -9999.000 -9999.000 -9999.000 -9999.000 -9999.000 -9999.000 -9999.000 -9999.000 -9999.000 -9999.000 -9999.000 -9999.000 -9999.000 -9999.000 -9999.000 -9999.000 -9999.000 -9999.000 -9999.000 -9999.000 -9999.000 -9999.000 -9999.000 -9999.000 -9999.000 -9999.000 -9999.000 -9999.000 -9999.000 -9999.000 -9999.000 -9999.000 -9999.000 -9999.000 -9999.000 -9999.000 -9999.000 -9999.000 -9999.000 -9999.000 -9999.000
-9999.000 -9999.000 -9999.000 -9999.000 -9999.000 -9999.000 -9999.000 -9999.000 -9999.000 -9999.000 -9999.000 -9999.000 -9999.000 -9999.000 -9999.000 -9999.000 -9999.000 -9999.000 -9999.000 -9999.000 -9999.000 -9999.000 -9999.000 -9999.000 -9999.000 -9999.000 -9999.000 -9999.000 -9999.000 -9999.000 -9999.000 -9999.000 -9999.000 -9999.000 -9999.000 -9999.000 -9999.000 -9999.000 -9999.000 -9999.000 -9999.000 -9999.000 -9999.000 -9999.000 -9999.000 -9999.000 -9999.000 -9999.000 -9999.000 -9999.000 -9999.000 -9999.000 -9999.000 -9999.000 -9999.000 -9999.000 -9999.000 -9999.000 -9999.000 -9999.000 -9999.000 -9999.000 -9999.000 -9999.000 -9999.000 -9999.000 -9999.000 -9999.000 -9999.000 -9999.000 -9999.000 -9999.000 -9999.000 -9999.000 -9999.000 -9999.000 -9999.000 -9999.000 -9999.000 -9999.000 -9999.000 -9999.000 -9999.000 -9999.000 -9999.000 -9999.000 -9999.000 -9999.000 -9999.000 -9999.000 -9999.000 -9999.000 -9999.000 -9999.000 -9999.000 -9999.000 -9999.000 -9999.000 -9999.000 -9999.000 -9999.000 -9999.000 -9999.000 -9999.000