examples/3D/hillslope02_superslab/output-maps-METEOIO-OFF/psiliqL0038N0001.asc
ncols         104
nrows         10
xllcorner     -2.000000
yllcorner     0.000000
cellsize      1.000000
NODATA_value  -9999.0
-9999.000 -9999.000 -9999.000 -9999.000 -9999.000 -9999.000 -9999.000 -9999.000 -9999.000 -9999.000 -9999.000 -9999.000 -9999.000 -9999.000 -9999.000 -9999.000 -9999.000 -9999.000 -9999.000 -9999.000 -9999.000 -9999.000 -9999.000 -9999.000 -9999.000 -9999.000 -9999.000 -9999.000 -9999.000 -9999.000 -9999.000 -9999.000 -9999.000 -9999.000 -9999.000 -9999.000 -9999.000 -9999.000 -9999.000 -9999.000 -9999.000 -9999.000 -9999.000 -9999.000 -9999.000 -9999.000 -9999.000 -9999.000 -9999.000 -9999.000 -9999.000 -9999.000 -9999.000 -9999.000 -9999.000 -9999.000 -9999.000 -9999.000 -9999.000 -9999.000 -9999.000 -9999.000 -9999.000 -9999.000 -9999.000 -9999.000 -9999.000 -9999.000 -9999.000 -9999.000 -9999.000 -9999.000 -9999.000 -9999.000 -9999.000 -9999.000 -9999.000 -9999.000 -9999.000 -9999.000 -9999.000 -9999.000 -9999.000 -9999.000 -9999.000 -9999.000 -9999.000 -9999.000 -9999.000 -9999.000 -9999.000 -9999.000 -9999.000 -9999.000 -9999.000 -9999.000 -9999.000 -9999.000 -9999.000 -9999.000 -9999.000 -9999.000 -9999.000 -9999.000
-9999.000 -9999.000 -9999.000 -9999.000 -9999.000 -9999.000 -9999.000 -9999.000 -9999.000 -9999.000 -9999.000 -9999.000 -9999.000 -9999.000 -9999.000 -9999.000 -9999.000 -9999.000 -9999.000 -9999.000 -9999.000 -9999.000 -9999.000 -9999.000 -9999.000 -9999.000 -9999.000 -9999.000 -9999.000 -9999.000 -9999.000 -9999.000 -9999.000 -9999.000 -9999.000 -9999.000 -9999.000 -9999.000 -9999.000 -9999.000 -9999.000 -9999.000 -9999.000 -9999.000 -9999.000 -9999.000 -9999.000 -9999.000 -9999.000 -9999.000 -9999.000 -9999.000 -9999.000 -9999.000 -9999.000 -9999.000 -9999.000 -9999.000 -9999.000 -9999.000 -9999.000 -9999.000 -9999.000 -9999.000 -9999.000 -9999.000 -9999.000 -9999.000 -9999.000 -9999.000 -9999.000 -9999.000 -9999.000 -9999.000 -9999.000 -9999.000 -9999.000 -9999.000 -9999.000 -9999.000 -9999.000 -9999.000 -9999.000 -9999.000 -9999.000 -9999.000 -9999.000 -9999.000 -9999.000 -9999.000 -9999.000 -9999.000 -9999.000 -9999.000 -9999.000 -9999.000 -9999.000 -9999.000 -9999.000 -9999.000 -9999.000 -9999.000 -9999.000 -9999.000
-9999.000 -9999.000 -338.610 -350.926 -342.596 -327.380 -317.099 -314.149 -315.644 -320.174 -330.987 -364.755 -396.068 -443.849 -519.549 -524.983 -519.791 -506.969 -485.647 -466.594 -449.232 -432.570 -416.532 -401.612 -388.414 -377.400 -368.825 -362.481 -357.654 -74.301 207.557 501.962 800.985 905.220 806.296 695.845 574.113 440.698 294.737 134.596 -41.560 -203.927 -417.002 -837.471 -2675.810 -3093.317 -3094.059 -3094.059 -3094.059 -3094.059 -3094.059 -3094.059 -3094.059 -3094.059 -3094.059 -3094.059 -3094.059 -3094.059 -3094.042 -3080.659 -1849.049 -654.294 -370.425 -355.906 -355.706 -355.726 -355.724 -355.721 -355.716 -355.712 -355.708 -355.704 -355.700 -355.696 -355.692 -355.687 -355.683 -355.679 -355.675 -355.671 -355.667 -355.663 -355.658 -355.654 -355.650 -355.646 -355.642 -355.638 -355.634 -355.629 -355.625 -355.621 -355.617 -355.613 -355.609 -355.605 -355.601 -355.603 -355.653 -356.059 -358.783 -374.341 -9999.000 -9999.000
-9999.000 -9999.000 -338.610 -350.926 -342.596 -327.380 -317.099 -314.149 -315.644 -320.174 -330.987 -364.755 -396.068 -443.849 -519.549 -524.983 -519.791 -506.969 -485.647 -466.594 -449.232 -432.570 -416.532 -401.612 -388.414 -377.400 -368.825 -362.481 -357.654 -74.301 207.557 501.962 800.985 905.220 806.296 695.845 574.113 440.698 294.737 134.596 -41.560 -203.927 -417.002 -837.471 -2675.810 -3093.317 -3094.059 -3094.059 -3094.059 -3094.059 -3094.059 -3094.059 -3094.059 -3094.059 -3094.059 -3094.059 -3094.059 -3094.059 -3094.042 -3080.659 -1849.049 -654.294 -370.425 -355.906 -355.706 -355.726 -355.724 -355.721 -355.716 -355.712 -355.708 -355.704 -355.700 -355.696 -355.692 -355.687 -355.683 -355.679 -355.675 -355.671 -355.667 -355.663 -355.658 -355.654 -355.650 -355.646 -355.642 -355.638 -355.634 -355.629 -355.625 -355.621 -355.617 -355.613 -355.609 -355.605 -355.601 -355.603 -355.653 -356.059 -358.783 -374.341 -9999.000 -9999.000
-9999.000 -9999.000 -338.610 -350.926 -342.596 -327.380 -317.099 -314.149 -315.644 -320.174 -330.987 -364.755 -396.068 -443.849 -519.549 -524.983 -519.791 -506.969 -485.647 -466.594 -449.232 -432.570 -416.532 -401.612 -388.414 -377.400 -368.825 -362.481 -357.654 -74.301 207.557 501.962 800.985 905.220 806.296 695.845 574.113 440.698 294.737 134.596 -41.560 -203.927 -417.002 -837.471 -2675.810 -3093.317 -3094.059 -3094.059 -3094.059 -3094.059 -3094.059 -3094.059 -3094.059 -3094.059 -3094.059 -3094.059 -3094.059 -3094.059 -3094.042 -3080.659 -1849.049 -654.294 -370.425 -355.906 -355.706 -355.726 -355.724 -355.721 -355.716 -355.712 -355.708 -355.704 -355.700 -355.696 -355.692 -355.687 -355.683 -355.679 -355.675 -355.671 -355.667 -355.663 -355.658 -355.654 -355.650 -355.646 -355.642 -355.638 -355.634 -355.629 -355.625 -355.621 -355.617 -355.613 -355.609 -355.605 -355.601 -355.603 -355.653 -356.059 -358.783 -374.341 -9999.000 -9999.000
-9999.000 -9999.000 -338.610 -350.926 -342.596 -327.380 -317.099 -314.149 -315.644 -320.174 -330.987 -364.755 -396.068 -443.849 -519.549 -524.983 -519.791 -506.969 -485.647 -466.594 -449.232 -432.570 -416.532 -401.612 -388.414 -377.400 -368.825 -362.481 -357.654 -74.301 207.557 501.962 800.985 905.220 806.296 695.845 574.113 440.698 294.737 134.596 -41.560 -203.927 -417.002 -837.471 -2675.810 -3093.317 -3094.059 -3094.059 -3094.059 -3094.059 -3094.059 -3094.059 -3094.059 -3094.059 -3094.059 -3094.059 -3094.059 -3094.059 -3094.042 -3080.659 -1849.049 -654.294 -370.425 -355.906 -355.706 -355.726 -355.724 -355.721 -355.716 -355.712 -355.708 -355.704 -355.700 -355.696 -355.692 -355.687 -355.683 -355.679 -355.675 -355.671 -355.667 -355.663 -355.658 -355.654 -355.650 -355.646 -355.642 -355.638 -355.634 -355.629 -355.625 -355.621 -355.617 -355.613 -355.609 -355.605 -355.601 -355.603 -355.653 -356.059 -358.783 -374.341 -9999.000 -9999.000
-9999.000 -9999.000 -338.610 -350.926 -342.596 -327.380 -317.099 -314.149 -315.644 -320.174 -330.987 -364.755 -396.068 -443.849 -519.549 -524.983 -519.791 -506.969 -485.647 -466.594 -449.232 -432.570 -416.532 -401.612 -388.414 -377.400 -368.825 -362.481 -357.654 -74.301 207.557 501.962 800.985 905.220 806.296 695.845 574.113 440.698 294.737 134.596 -41.560 -203.927 -417.002 -837.471 -2675.810 -3093.317 -3094.059 -3094.059 -3094.059 -3094.059 -3094.059 -3094.059 -3094.059 -3094.059 -3094.059 -3094.059 -3094.059 -3094.059 -3094.042 -3080.659 -1849.049 -654.294 -370.425 -355.906 -355.706 -355.726 -355.724 -355.721 -355.716 -355.712 -355.708 -355.704 -355.700 -355.696 -355.692 -355.687 -355.683 -355.679 -355.675 -355.671 -355.667 -355.663 -355.658 -355.654 -355.650 -355.646 -355.642 -355.638 -355.634 -355.629 -355.625 -355.621 -355.617 -355.613 -355.609 -355.605 -355.601 -355.603 -355.653 -356.059 -358.783 -374.341 -9999.000 -9999.000
-9999.000 -9999.000 -338.610 -350.926 -342.596 -327.380 -317.099 -314.149 -315.644 -320.174 -330.987 -364.755 -396.068 -443.849 -519.549 -524.983 -519.791 -506.969 -485.647 -466.594 -449.232 -432.570 -416.532 -401.612 -388.414 -377.400 -368.825 -362.481 -357.654 -74.301 207.557 501.962 800.985 905.220 806.296 695.845 574.113 440.698 294.737 134.596 -41.560 -203.927 -417.002 -837.471 -2675.810 -3093.317 -3094.059 -3094.059 -3094.059 -3094.059 -3094.059 -3094.059 -3094.059 -3094.059 -3094.059 -3094.059 -3094.059 -3094.059 -3094.042 -3080.659 -1849.049 -654.294 -370.425 -355.906 -355.706 -355.726 -355.724 -355.721 -355.716 -355.712 -355.708 -355.704 -355.700 -355.696 -355.692 -355.687 -355.683 -355.679 -355.675 -355.671 -355.667 -355.663 -355.658 -355.654 -355.650 -355.646 -355.642 -355.638 -355.634 -355.629 -355.625 -355.621 -355.617 -355.613 -355.609 -355.605 -355.601 -355.603 -355.653 -356.059 -358.783 -374.341 -9999.000 -9999.000
-9999.000 -9999.000 -9999.000 -9999.000 -9999.000 -9999.000 -9999.000 -9999.000 -9999.000 -9999.000 -9999.000 -9999.000 -9999.000 -9999.000 -9999.000 -9999.000 -9999.000 -9999.000 -9999.000 -9999.000 -9999.000 -9999.000 -9999.000 -9999.000 -9999.000 -9999.000 -9999.000 -9999.000 -9999.000 -9999.000 -9999.000 -9999.000 -9999.000 -9999.000 -9999.000 -9999.000 -9999.000 -9999.000 -9999.000 -9999.000 -9999.000 -9999.000 -9999.000 -9999.000 -9999.000 -9999.000 -9999.000 -9999.000 -9999.000 -9999.000 -9999.000 -9999.000 -9999.000 -9999.000 -9999.000 -9999.000 -9999.000 -9999.000 -9999.000 -9999.000 -9999.000 -9999.000 -9999.000 -9999.000 -9999.000 -9999.000 -9999.000 -9999.000 -9999.000 -9999.000 -9999.000 -9999.000 -9999.000 -9999.000 -9999.000 -9999.000 -9999.000 -9999.000 -9999.000 -9999.000 -9999.000 -9999.000 -9999.000 -9999.000 -9999.000 -9999.000 -9999.000 -9999.000 -9999.000 -9999.000 -9999.000 -9999.000 -9999.000 -9999.000 -9999.000 -9999.000 -9999.000 -9999.000 -9999.000 -9999.000 -9999.000 -9999.000 -9999.000 -9999.000
-9999.000 -9999.000 -9999.000 -9999.000 -9999.000 -9999.000 -9999.000 -9999.000 -9999.000 -9999.000 -9999.000 -9999.000 -9999.000 -9999.000 -9999.000 -9999.000 -9999.000 -9999.000 -9999.000 -9999.000 -9999.000 -9999.000 -9999.000 -9999.000 -9999.000 -9999.000 -9999.000 -9999.000 -9999.000 -9999.000 -9999.000 -9999.000 -9999.000 -9999.000 -9999.000 -9999.000 -9999.000 -9999.000 -9999.000 -9999.000 -9999.000 -9999.000 -9999.000 -9999.000 -9999.000 -9999.000 -9999.000 -9999.000 -9999.000 -9999.000 -9999.000 -9999.000 -9999.000 -9999.000 -9999.000 -9999.000 -9999.000 -9999.000 -9999.000 -9999.000 -9999.000 -9999.000 -9999.000 -9999.000 -9999.000 -9999.000 -9999.000 -9999.000 -9999.000 -9999.000 -9999.000 -9999.000 -9999.000 -9999.000 -9999.000 -9999.000 -9999.000 -9999.000 -9999.000 -9999.000 -9999.000 -9999.000 -9999.000 -9999.000 -9999.000 -9999.000 -9999.000 -9999.000 -9999.000 -9999.000 -9999.000 -9999.000 -9999.000 -9999.000 -9999.000 -9999.000 -9999.000 -9999.000 -9999.000 -9999.000 -9999.000 -9999.000 -9999.000 -9999.000