examples/3D/hillslope02_superslab/output-maps-METEOIO-OFF/psiliqL0018N0001.asc
ncols         104
nrows         10
xllcorner     -2.000000
yllcorner     0.000000
cellsize      1.000000
NODATA_value  -9999.0
-9999.000 -9999.000 -9999.000 -9999.000 -9999.000 -9999.000 -9999.000 -9999.000 -9999.000 -9999.000 -9999.000 -9999.000 -9999.000 -9999.000 -9999.000 -9999.000 -9999.000 -9999.000 -9999.000 -9999.000 -9999.000 -9999.000 -9999.000 -9999.000 -9999.000 -9999.000 -9999.000 -9999.000 -9999.000 -9999.000 -9999.000 -9999.000 -9999.000 -9999.000 -9999.000 -9999.000 -9999.000 -9999.000 -9999.000 -9999.000 -9999.000 -9999.000 -9999.000 -9999.000 -9999.000 -9999.000 -9999.000 -9999.000 -9999.000 -9999.000 -9999.000 -9999.000 -9999.000 -9999.000 -9999.000 -9999.000 -9999.000 -9999.000 -9999.000 -9999.000 -9999.000 -9999.000 -9999.000 -9999.000 -9999.000 -9999.000 -9999.000 -9999.000 -9999.000 -9999.000 -9999.000 -9999.000 -9999.000 -9999.000 -9999.000 -9999.000 -9999.000 -9999.000 -9999.000 -9999.000 -9999.000 -9999.000 -9999.000 -9999.000 -9999.000 -9999.000 -9999.000 -9999.000 -9999.000 -9999.000 -9999.000 -9999.000 -9999.000 -9999.000 -9999.000 -9999.000 -9999.000 -9999.000 -9999.000 -9999.000 -9999.000 -9999.000 -9999.000 -9999.000
-9999.000 -9999.000 -9999.000 -9999.000 -9999.000 -9999.000 -9999.000 -9999.000 -9999.000 -9999.000 -9999.000 -9999.000 -9999.000 -9999.000 -9999.000 -9999.000 -9999.000 -9999.000 -9999.000 -9999.000 -9999.000 -9999.000 -9999.000 -9999.000 -9999.000 -9999.000 -9999.000 -9999.000 -9999.000 -9999.000 -9999.000 -9999.000 -9999.000 -9999.000 -9999.000 -9999.000 -9999.000 -9999.000 -9999.000 -9999.000 -9999.000 -9999.000 -9999.000 -9999.000 -9999.000 -9999.000 -9999.000 -9999.000 -9999.000 -9999.000 -9999.000 -9999.000 -9999.000 -9999.000 -9999.000 -9999.000 -9999.000 -9999.000 -9999.000 -9999.000 -9999.000 -9999.000 -9999.000 -9999.000 -9999.000 -9999.000 -9999.000 -9999.000 -9999.000 -9999.000 -9999.000 -9999.000 -9999.000 -9999.000 -9999.000 -9999.000 -9999.000 -9999.000 -9999.000 -9999.000 -9999.000 -9999.000 -9999.000 -9999.000 -9999.000 -9999.000 -9999.000 -9999.000 -9999.000 -9999.000 -9999.000 -9999.000 -9999.000 -9999.000 -9999.000 -9999.000 -9999.000 -9999.000 -9999.000 -9999.000 -9999.000 -9999.000 -9999.000 -9999.000
-9999.000 -9999.000 -346.111 -349.241 -333.497 -316.862 -309.604 -308.953 -311.463 -315.825 -324.074 -362.947 -388.172 -407.460 -416.026 -409.005 -402.120 -396.566 -391.066 -186.999 0.670 201.030 418.168 505.161 449.199 395.699 344.443 295.144 247.389 199.842 148.251 87.518 14.999 -67.589 -150.505 -213.986 -248.348 -262.905 -268.737 -271.649 -274.394 -284.159 -3119.428 -4084.087 -4084.158 -4084.158 -4084.158 -4084.158 -4084.158 -4084.158 -4084.158 -4084.158 -4084.158 -4084.158 -4084.158 -4084.158 -4084.158 -4084.158 -4084.158 -4084.158 -4084.089 -3160.059 -349.202 -355.331 -355.685 -355.698 -355.695 -355.690 -355.686 -355.682 -355.678 -355.674 -355.670 -355.666 -355.662 -355.657 -355.653 -355.649 -355.645 -355.641 -355.637 -355.633 -355.629 -355.624 -355.620 -355.616 -355.612 -355.608 -355.604 -355.600 -355.596 -355.591 -355.587 -355.583 -355.579 -355.575 -355.571 -355.567 -355.571 -355.652 -356.555 -365.097 -9999.000 -9999.000
-9999.000 -9999.000 -346.111 -349.241 -333.497 -316.862 -309.604 -308.953 -311.463 -315.825 -324.074 -362.947 -388.172 -407.460 -416.026 -409.005 -402.120 -396.566 -391.066 -186.999 0.670 201.030 418.168 505.161 449.199 395.699 344.443 295.144 247.389 199.842 148.251 87.518 14.999 -67.589 -150.505 -213.986 -248.348 -262.905 -268.737 -271.649 -274.394 -284.159 -3119.428 -4084.087 -4084.158 -4084.158 -4084.158 -4084.158 -4084.158 -4084.158 -4084.158 -4084.158 -4084.158 -4084.158 -4084.158 -4084.158 -4084.158 -4084.158 -4084.158 -4084.158 -4084.089 -3160.059 -349.202 -355.331 -355.685 -355.698 -355.695 -355.690 -355.686 -355.682 -355.678 -355.674 -355.670 -355.666 -355.662 -355.657 -355.653 -355.649 -355.645 -355.641 -355.637 -355.633 -355.629 -355.624 -355.620 -355.616 -355.612 -355.608 -355.604 -355.600 -355.596 -355.591 -355.587 -355.583 -355.579 -355.575 -355.571 -355.567 -355.571 -355.652 -356.555 -365.097 -9999.000 -9999.000
-9999.000 -9999.000 -346.111 -349.241 -333.497 -316.862 -309.604 -308.953 -311.463 -315.825 -324.074 -362.947 -388.172 -407.460 -416.026 -409.005 -402.120 -396.566 -391.066 -186.999 0.670 201.030 418.168 505.161 449.199 395.699 344.443 295.144 247.389 199.842 148.251 87.518 14.999 -67.589 -150.505 -213.986 -248.348 -262.905 -268.737 -271.649 -274.394 -284.159 -3119.428 -4084.087 -4084.158 -4084.158 -4084.158 -4084.158 -4084.158 -4084.158 -4084.158 -4084.158 -4084.158 -4084.158 -4084.158 -4084.158 -4084.158 -4084.158 -4084.158 -4084.158 -4084.089 -3160.059 -349.202 -355.331 -355.685 -355.698 -355.695 -355.690 -355.686 -355.682 -355.678 -355.674 -355.670 -355.666 -355.662 -355.657 -355.653 -355.649 -355.645 -355.641 -355.637 -355.633 -355.629 -355.624 -355.620 -355.616 -355.612 -355.608 -355.604 -355.600 -355.596 -355.591 -355.587 -355.583 -355.579 -355.575 -355.571 -355.567 -355.571 -355.652 -356.555 -365.097 -9999.000 -9999.000
-9999.000 -9999.000 -346.111 -349.241 -333.497 -316.862 -309.604 -308.953 -311.463 -315.825 -324.074 -362.947 -388.172 -407.460 -416.026 -409.005 -402.120 -396.566 -391.066 -186.999 0.670 201.030 418.168 505.161 449.199 395.699 344.443 295.144 247.389 199.842 148.251 87.518 14.999 -67.589 -150.505 -213.986 -248.348 -262.905 -268.737 -271.649 -274.394 -284.159 -3119.428 -4084.087 -4084.158 -4084.158 -4084.158 -4084.158 -4084.158 -4084.158 -4084.158 -4084.158 -4084.158 -4084.158 -4084.158 -4084.158 -4084.158 -4084.158 -4084.158 -4084.158 -4084.089 -3160.059 -349.202 -355.331 -355.685 -355.698 -355.695 -355.690 -355.686 -355.682 -355.678 -355.674 -355.670 -355.666 -355.662 -355.657 -355.653 -355.649 -355.645 -355.641 -355.637 -355.633 -355.629 -355.624 -355.620 -355.616 -355.612 -355.608 -355.604 -355.600 -355.596 -355.591 -355.587 -355.583 -355.579 -355.575 -355.571 -355.567 -355.571 -355.652 -356.555 -365.097 -9999.000 -9999.000
-9999.000 -9999.000 -346.111 -349.241 -333.497 -316.862 -309.604 -308.953 -311.463 -315.825 -324.074 -362.947 -388.172 -407.460 -416.026 -409.005 -402.120 -396.566 -391.066 -186.999 0.670 201.030 418.168 505.161 449.199 395.699 344.443 295.144 247.389 199.842 148.251 87.518 14.999 -67.589 -150.505 -213.986 -248.348 -262.905 -268.737 -271.649 -274.394 -284.159 -3119.428 -4084.087 -4084.158 -4084.158 -4084.158 -4084.158 -4084.158 -4084.158 -4084.158 -4084.158 -4084.158 -4084.158 -4084.158 -4084.158 -4084.158 -4084.158 -4084.158 -4084.158 -4084.089 -3160.059 -349.202 -355.331 -355.685 -355.698 -355.695 -355.690 -355.686 -355.682 -355.678 -355.674 -355.670 -355.666 -355.662 -355.657 -355.653 -355.649 -355.645 -355.641 -355.637 -355.633 -355.629 -355.624 -355.620 -355.616 -355.612 -355.608 -355.604 -355.600 -355.596 -355.591 -355.587 -355.583 -355.579 -355.575 -355.571 -355.567 -355.571 -355.652 -356.555 -365.097 -9999.000 -9999.000
-9999.000 -9999.000 -346.111 -349.241 -333.497 -316.862 -309.604 -308.953 -311.463 -315.825 -324.074 -362.947 -388.172 -407.460 -416.026 -409.005 -402.120 -396.566 -391.066 -186.999 0.670 201.030 418.168 505.161 449.199 395.699 344.443 295.144 247.389 199.842 148.251 87.518 14.999 -67.589 -150.505 -213.986 -248.348 -262.905 -268.737 -271.649 -274.394 -284.159 -3119.428 -4084.087 -4084.158 -4084.158 -4084.158 -4084.158 -4084.158 -4084.158 -4084.158 -4084.158 -4084.158 -4084.158 -4084.158 -4084.158 -4084.158 -4084.158 -4084.158 -4084.158 -4084.089 -3160.059 -349.202 -355.331 -355.685 -355.698 -355.695 -355.690 -355.686 -355.682 -355.678 -355.674 -355.670 -355.666 -355.662 -355.657 -355.653 -355.649 -355.645 -355.641 -355.637 -355.633 -355.629 -355.624 -355.620 -355.616 -355.612 -355.608 -355.604 -355.600 -355.596 -355.591 -355.587 -355.583 -355.579 -355.575 -355.571 -355.567 -355.571 -355.652 -356.555 -365.097 -9999.000 -9999.000
-9999.000 -9999.000 -9999.000 -9999.000 -9999.000 -9999.000 -9999.000 -9999.000 -9999.000 -9999.000 -9999.000 -9999.000 -9999.000 -9999.000 -9999.000 -9999.000 -9999.000 -9999.000 -9999.000 -9999.000 -9999.000 -9999.000 -9999.000 -9999.000 -9999.000 -9999.000 -9999.000 -9999.000 -9999.000 -9999.000 -9999.000 -9999.000 -9999.000 -9999.000 -9999.000 -9999.000 -9999.000 -9999.000 -9999.000 -9999.000 -9999.000 -9999.000 -9999.000 -9999.000 -9999.000 -9999.000 -9999.000 -9999.000 -9999.000 -9999.000 -9999.000 -9999.000 -9999.000 -9999.000 -9999.000 -9999.000 -9999.000 -9999.000 -9999.000 -9999.000 -9999.000 -9999.000 -9999.000 -9999.000 -9999.000 -9999.000 -9999.000 -9999.000 -9999.000 -9999.000 -9999.000 -9999.000 -9999.000 -9999.000 -9999.000 -9999.000 -9999.000 -9999.000 -9999.000 -9999.000 -9999.000 -9999.000 -9999.000 -9999.000 -9999.000 -9999.000 -9999.000 -9999.000 -9999.000 -9999.000 -9999.000 -9999.000 -9999.000 -9999.000 -9999.000 -9999.000 -9999.000 -9999.000 -9999.000 -9999.000 -9999.000 -9999.000 -9999.000 -9999.000
-9999.000 -9999.000 -9999.000 -9999.000 -9999.000 -9999.000 -9999.000 -9999.000 -9999.000 -9999.000 -9999.000 -9999.000 -9999.000 -9999.000 -9999.000 -9999.000 -9999.000 -9999.000 -9999.000 -9999.000 -9999.000 -9999.000 -9999.000 -9999.000 -9999.000 -9999.000 -9999.000 -9999.000 -9999.000 -9999.000 -9999.000 -9999.000 -9999.000 -9999.000 -9999.000 -9999.000 -9999.000 -9999.000 -9999.000 -9999.000 -9999.000 -9999.000 -9999.000 -9999.000 -9999.000 -9999.000 -9999.000 -9999.000 -9999.000 -9999.000 -9999.000 -9999.000 -9999.000 -9999.000 -9999.000 -9999.000 -9999.000 -9999.000 -9999.000 -9999.000 -9999.000 -9999.000 -9999.000 -9999.000 -9999.000 -9999.000 -9999.000 -9999.000 -9999.000 -9999.000 -9999.000 -9999.000 -9999.000 -9999.000 -9999.000 -9999.000 -9999.000 -9999.000 -9999.000 -9999.000 -9999.000 -9999.000 -9999.000 -9999.000 -9999.000 -9999.000 -9999.000 -9999.000 -9999.000 -9999.000 -9999.000 -9999.000 -9999.000 -9999.000 -9999.000 -9999.000 -9999.000 -9999.000 -9999.000 -9999.000 -9999.000 -9999.000 -9999.000 -9999.000