examples/3D/hillslope02_superslab/output-maps-METEOIO-OFF/psiliqL0015N0003.asc
ncols         104
nrows         10
xllcorner     -2.000000
yllcorner     0.000000
cellsize      1.000000
NODATA_value  -9999.0
-9999.000 -9999.000 -9999.000 -9999.000 -9999.000 -9999.000 -9999.000 -9999.000 -9999.000 -9999.000 -9999.000 -9999.000 -9999.000 -9999.000 -9999.000 -9999.000 -9999.000 -9999.000 -9999.000 -9999.000 -9999.000 -9999.000 -9999.000 -9999.000 -9999.000 -9999.000 -9999.000 -9999.000 -9999.000 -9999.000 -9999.000 -9999.000 -9999.000 -9999.000 -9999.000 -9999.000 -9999.000 -9999.000 -9999.000 -9999.000 -9999.000 -9999.000 -9999.000 -9999.000 -9999.000 -9999.000 -9999.000 -9999.000 -9999.000 -9999.000 -9999.000 -9999.000 -9999.000 -9999.000 -9999.000 -9999.000 -9999.000 -9999.000 -9999.000 -9999.000 -9999.000 -9999.000 -9999.000 -9999.000 -9999.000 -9999.000 -9999.000 -9999.000 -9999.000 -9999.000 -9999.000 -9999.000 -9999.000 -9999.000 -9999.000 -9999.000 -9999.000 -9999.000 -9999.000 -9999.000 -9999.000 -9999.000 -9999.000 -9999.000 -9999.000 -9999.000 -9999.000 -9999.000 -9999.000 -9999.000 -9999.000 -9999.000 -9999.000 -9999.000 -9999.000 -9999.000 -9999.000 -9999.000 -9999.000 -9999.000 -9999.000 -9999.000 -9999.000 -9999.000
-9999.000 -9999.000 -9999.000 -9999.000 -9999.000 -9999.000 -9999.000 -9999.000 -9999.000 -9999.000 -9999.000 -9999.000 -9999.000 -9999.000 -9999.000 -9999.000 -9999.000 -9999.000 -9999.000 -9999.000 -9999.000 -9999.000 -9999.000 -9999.000 -9999.000 -9999.000 -9999.000 -9999.000 -9999.000 -9999.000 -9999.000 -9999.000 -9999.000 -9999.000 -9999.000 -9999.000 -9999.000 -9999.000 -9999.000 -9999.000 -9999.000 -9999.000 -9999.000 -9999.000 -9999.000 -9999.000 -9999.000 -9999.000 -9999.000 -9999.000 -9999.000 -9999.000 -9999.000 -9999.000 -9999.000 -9999.000 -9999.000 -9999.000 -9999.000 -9999.000 -9999.000 -9999.000 -9999.000 -9999.000 -9999.000 -9999.000 -9999.000 -9999.000 -9999.000 -9999.000 -9999.000 -9999.000 -9999.000 -9999.000 -9999.000 -9999.000 -9999.000 -9999.000 -9999.000 -9999.000 -9999.000 -9999.000 -9999.000 -9999.000 -9999.000 -9999.000 -9999.000 -9999.000 -9999.000 -9999.000 -9999.000 -9999.000 -9999.000 -9999.000 -9999.000 -9999.000 -9999.000 -9999.000 -9999.000 -9999.000 -9999.000 -9999.000 -9999.000 -9999.000
-9999.000 -9999.000 748.159 669.397 586.632 500.819 413.740 326.367 239.269 152.844 67.627 -15.917 -98.007 -179.151 -260.032 -340.089 -414.477 -461.337 -459.754 -429.153 -386.113 -347.511 -373.475 -412.079 -457.854 -506.807 -555.829 -602.558 -645.422 -683.645 -717.086 -745.918 -770.334 -790.498 -806.622 -819.029 -828.148 -834.520 -838.783 -841.839 -847.212 -889.026 -2407.802 -4230.386 -4232.673 -4232.673 -4232.673 -4232.673 -4232.673 -4232.673 -4232.673 -4232.673 -4232.673 -4232.673 -4232.673 -4232.673 -4232.673 -4232.673 -4232.673 -4232.673 -4230.032 -2381.035 -871.610 -850.692 -849.811 -849.787 -849.787 -849.787 -849.787 -849.786 -849.786 -849.786 -849.786 -849.786 -849.785 -849.785 -849.785 -849.785 -849.785 -849.785 -849.784 -849.784 -849.784 -849.784 -849.784 -849.784 -849.783 -849.783 -849.783 -849.783 -849.782 -849.782 -849.782 -849.782 -849.782 -849.781 -849.781 -849.784 -849.812 -850.041 -851.772 -863.924 -9999.000 -9999.000
-9999.000 -9999.000 748.188 669.407 586.635 500.820 413.740 326.367 239.269 152.844 67.627 -15.917 -98.007 -179.151 -260.032 -340.089 -414.477 -461.337 -459.754 -429.153 -386.113 -347.511 -373.475 -412.079 -457.854 -506.807 -555.829 -602.558 -645.422 -683.645 -717.086 -745.918 -770.334 -790.498 -806.622 -819.029 -828.148 -834.520 -838.783 -841.839 -847.212 -889.026 -2407.802 -4230.386 -4232.673 -4232.673 -4232.673 -4232.673 -4232.673 -4232.673 -4232.673 -4232.673 -4232.673 -4232.673 -4232.673 -4232.673 -4232.673 -4232.673 -4232.673 -4232.673 -4230.032 -2381.035 -871.610 -850.692 -849.811 -849.787 -849.787 -849.787 -849.787 -849.786 -849.786 -849.786 -849.786 -849.786 -849.785 -849.785 -849.785 -849.785 -849.785 -849.785 -849.784 -849.784 -849.784 -849.784 -849.784 -849.784 -849.783 -849.783 -849.783 -849.783 -849.782 -849.782 -849.782 -849.782 -849.782 -849.781 -849.781 -849.784 -849.812 -850.041 -851.772 -863.924 -9999.000 -9999.000
-9999.000 -9999.000 748.200 669.412 586.638 500.821 413.741 326.367 239.269 152.844 67.627 -15.917 -98.007 -179.151 -260.032 -340.089 -414.477 -461.337 -459.754 -429.153 -386.113 -347.511 -373.475 -412.079 -457.854 -506.807 -555.829 -602.558 -645.422 -683.645 -717.086 -745.918 -770.334 -790.498 -806.622 -819.029 -828.148 -834.520 -838.783 -841.839 -847.212 -889.026 -2407.802 -4230.386 -4232.673 -4232.673 -4232.673 -4232.673 -4232.673 -4232.673 -4232.673 -4232.673 -4232.673 -4232.673 -4232.673 -4232.673 -4232.673 -4232.673 -4232.673 -4232.673 -4230.032 -2381.035 -871.610 -850.692 -849.811 -849.787 -849.787 -849.787 -849.787 -849.786 -849.786 -849.786 -849.786 -849.786 -849.785 -849.785 -849.785 -849.785 -849.785 -849.785 -849.784 -849.784 -849.784 -849.784 -849.784 -849.784 -849.783 -849.783 -849.783 -849.783 -849.782 -849.782 -849.782 -849.782 -849.782 -849.781 -849.781 -849.784 -849.812 -850.041 -851.772 -863.924 -9999.000 -9999.000
-9999.000 -9999.000 748.200 669.412 586.638 500.821 413.741 326.367 239.269 152.844 67.627 -15.917 -98.007 -179.151 -260.032 -340.089 -414.477 -461.337 -459.754 -429.153 -386.113 -347.511 -373.475 -412.079 -457.854 -506.807 -555.829 -602.558 -645.422 -683.645 -717.086 -745.918 -770.334 -790.498 -806.622 -819.029 -828.148 -834.520 -838.783 -841.839 -847.212 -889.026 -2407.802 -4230.386 -4232.673 -4232.673 -4232.673 -4232.673 -4232.673 -4232.673 -4232.673 -4232.673 -4232.673 -4232.673 -4232.673 -4232.673 -4232.673 -4232.673 -4232.673 -4232.673 -4230.032 -2381.035 -871.610 -850.692 -849.811 -849.787 -849.787 -849.787 -849.787 -849.786 -849.786 -849.786 -849.786 -849.786 -849.785 -849.785 -849.785 -849.785 -849.785 -849.785 -849.784 -849.784 -849.784 -849.784 -849.784 -849.784 -849.783 -849.783 -849.783 -849.783 -849.782 -849.782 -849.782 -849.782 -849.782 -849.781 -849.781 -849.784 -849.812 -850.041 -851.772 -863.924 -9999.000 -9999.000
-9999.000 -9999.000 748.188 669.407 586.635 500.820 413.740 326.367 239.269 152.844 67.627 -15.917 -98.007 -179.151 -260.032 -340.089 -414.477 -461.337 -459.754 -429.153 -386.113 -347.511 -373.475 -412.079 -457.854 -506.807 -555.829 -602.558 -645.422 -683.645 -717.086 -745.918 -770.334 -790.498 -806.622 -819.029 -828.148 -834.520 -838.783 -841.839 -847.212 -889.026 -2407.802 -4230.386 -4232.673 -4232.673 -4232.673 -4232.673 -4232.673 -4232.673 -4232.673 -4232.673 -4232.673 -4232.673 -4232.673 -4232.673 -4232.673 -4232.673 -4232.673 -4232.673 -4230.032 -2381.035 -871.610 -850.692 -849.811 -849.787 -849.787 -849.787 -849.787 -849.786 -849.786 -849.786 -849.786 -849.786 -849.785 -849.785 -849.785 -849.785 -849.785 -849.785 -849.784 -849.784 -849.784 -849.784 -849.784 -849.784 -849.783 -849.783 -849.783 -849.783 -849.782 -849.782 -849.782 -849.782 -849.782 -849.781 -849.781 -849.784 -849.812 -850.041 -851.772 -863.924 -9999.000 -9999.000
-9999.000 -9999.000 748.159 669.397 586.632 500.819 413.740 326.367 239.269 152.844 67.627 -15.917 -98.007 -179.151 -260.032 -340.089 -414.477 -461.337 -459.754 -429.153 -386.113 -347.511 -373.475 -412.079 -457.854 -506.807 -555.829 -602.558 -645.422 -683.645 -717.086 -745.918 -770.334 -790.498 -806.622 -819.029 -828.148 -834.520 -838.783 -841.839 -847.212 -889.026 -2407.802 -4230.386 -4232.673 -4232.673 -4232.673 -4232.673 -4232.673 -4232.673 -4232.673 -4232.673 -4232.673 -4232.673 -4232.673 -4232.673 -4232.673 -4232.673 -4232.673 -4232.673 -4230.032 -2381.035 -871.610 -850.692 -849.811 -849.787 -849.787 -849.787 -849.787 -849.786 -849.786 -849.786 -849.786 -849.786 -849.785 -849.785 -849.785 -849.785 -849.785 -849.785 -849.784 -849.784 -849.784 -849.784 -849.784 -849.784 -849.783 -849.783 -849.783 -849.783 -849.782 -849.782 -849.782 -849.782 -849.782 -849.781 -849.781 -849.784 -849.812 -850.041 -851.772 -863.924 -9999.000 -9999.000
-9999.000 -9999.000 -9999.000 -9999.000 -9999.000 -9999.000 -9999.000 -9999.000 -9999.000 -9999.000 -9999.000 -9999.000 -9999.000 -9999.000 -9999.000 -9999.000 -9999.000 -9999.000 -9999.000 -9999.000 -9999.000 -9999.000 -9999.000 -9999.000 -9999.000 -9999.000 -9999.000 -9999.000 -9999.000 -9999.000 -9999.000 -9999.000 -9999.000 -9999.000 -9999.000 -9999.000 -9999.000 -9999.000 -9999.000 -9999.000 -9999.000 -9999.000 -9999.000 -9999.000 -9999.000 -9999.000 -9999.000 -9999.000 -9999.000 -9999.000 -9999.000 -9999.000 -9999.000 -9999.000 -9999.000 -9999.000 -9999.000 -9999.000 -9999.000 -9999.000 -9999.000 -9999.000 -9999.000 -9999.000 -9999.000 -9999.000 -9999.000 -9999.000 -9999.000 -9999.000 -9999.000 -9999.000 -9999.000 -9999.000 -9999.000 -9999.000 -9999.000 -9999.000 -9999.000 -9999.000 -9999.000 -9999.000 -9999.000 -9999.000 -9999.000 -9999.000 -9999.000 -9999.000 -9999.000 -9999.000 -9999.000 -9999.000 -9999.000 -9999.000 -9999.000 -9999.000 -9999.000 -9999.000 -9999.000 -9999.000 -9999.000 -9999.000 -9999.000 -9999.000
-9999.000 -9999.000 -9999.000 -9999.000 -9999.000 -9999.000 -9999.000 -9999.000 -9999.000 -9999.000 -9999.000 -9999.000 -9999.000 -9999.000 -9999.000 -9999.000 -9999.000 -9999.000 -9999.000 -9999.000 -9999.000 -9999.000 -9999.000 -9999.000 -9999.000 -9999.000 -9999.000 -9999.000 -9999.000 -9999.000 -9999.000 -9999.000 -9999.000 -9999.000 -9999.000 -9999.000 -9999.000 -9999.000 -9999.000 -9999.000 -9999.000 -9999.000 -9999.000 -9999.000 -9999.000 -9999.000 -9999.000 -9999.000 -9999.000 -9999.000 -9999.000 -9999.000 -9999.000 -9999.000 -9999.000 -9999.000 -9999.000 -9999.000 -9999.000 -9999.000 -9999.000 -9999.000 -9999.000 -9999.000 -9999.000 -9999.000 -9999.000 -9999.000 -9999.000 -9999.000 -9999.000 -9999.000 -9999.000 -9999.000 -9999.000 -9999.000 -9999.000 -9999.000 -9999.000 -9999.000 -9999.000 -9999.000 -9999.000 -9999.000 -9999.000 -9999.000 -9999.000 -9999.000 -9999.000 -9999.000 -9999.000 -9999.000 -9999.000 -9999.000 -9999.000 -9999.000 -9999.000 -9999.000 -9999.000 -9999.000 -9999.000 -9999.000 -9999.000 -9999.000