examples/3D/hillslope02_superslab/output-maps-METEOIO-OFF/psiliqL0071N0003.asc
ncols         104
nrows         10
xllcorner     -2.000000
yllcorner     0.000000
cellsize      1.000000
NODATA_value  -9999.0
-9999.000 -9999.000 -9999.000 -9999.000 -9999.000 -9999.000 -9999.000 -9999.000 -9999.000 -9999.000 -9999.000 -9999.000 -9999.000 -9999.000 -9999.000 -9999.000 -9999.000 -9999.000 -9999.000 -9999.000 -9999.000 -9999.000 -9999.000 -9999.000 -9999.000 -9999.000 -9999.000 -9999.000 -9999.000 -9999.000 -9999.000 -9999.000 -9999.000 -9999.000 -9999.000 -9999.000 -9999.000 -9999.000 -9999.000 -9999.000 -9999.000 -9999.000 -9999.000 -9999.000 -9999.000 -9999.000 -9999.000 -9999.000 -9999.000 -9999.000 -9999.000 -9999.000 -9999.000 -9999.000 -9999.000 -9999.000 -9999.000 -9999.000 -9999.000 -9999.000 -9999.000 -9999.000 -9999.000 -9999.000 -9999.000 -9999.000 -9999.000 -9999.000 -9999.000 -9999.000 -9999.000 -9999.000 -9999.000 -9999.000 -9999.000 -9999.000 -9999.000 -9999.000 -9999.000 -9999.000 -9999.000 -9999.000 -9999.000 -9999.000 -9999.000 -9999.000 -9999.000 -9999.000 -9999.000 -9999.000 -9999.000 -9999.000 -9999.000 -9999.000 -9999.000 -9999.000 -9999.000 -9999.000 -9999.000 -9999.000 -9999.000 -9999.000 -9999.000 -9999.000
-9999.000 -9999.000 -9999.000 -9999.000 -9999.000 -9999.000 -9999.000 -9999.000 -9999.000 -9999.000 -9999.000 -9999.000 -9999.000 -9999.000 -9999.000 -9999.000 -9999.000 -9999.000 -9999.000 -9999.000 -9999.000 -9999.000 -9999.000 -9999.000 -9999.000 -9999.000 -9999.000 -9999.000 -9999.000 -9999.000 -9999.000 -9999.000 -9999.000 -9999.000 -9999.000 -9999.000 -9999.000 -9999.000 -9999.000 -9999.000 -9999.000 -9999.000 -9999.000 -9999.000 -9999.000 -9999.000 -9999.000 -9999.000 -9999.000 -9999.000 -9999.000 -9999.000 -9999.000 -9999.000 -9999.000 -9999.000 -9999.000 -9999.000 -9999.000 -9999.000 -9999.000 -9999.000 -9999.000 -9999.000 -9999.000 -9999.000 -9999.000 -9999.000 -9999.000 -9999.000 -9999.000 -9999.000 -9999.000 -9999.000 -9999.000 -9999.000 -9999.000 -9999.000 -9999.000 -9999.000 -9999.000 -9999.000 -9999.000 -9999.000 -9999.000 -9999.000 -9999.000 -9999.000 -9999.000 -9999.000 -9999.000 -9999.000 -9999.000 -9999.000 -9999.000 -9999.000 -9999.000 -9999.000 -9999.000 -9999.000 -9999.000 -9999.000 -9999.000 -9999.000
-9999.000 -9999.000 3561.654 3465.966 3373.513 3283.224 3194.436 3106.838 3020.345 2935.000 2850.907 2768.189 2686.951 2607.275 2529.203 2452.742 2377.871 2304.541 2232.682 2162.209 2093.027 2025.039 1958.144 1892.236 1827.214 1762.969 1699.381 1636.333 1573.742 1511.549 1449.760 1388.476 1327.770 1267.715 1208.391 1149.891 1092.322 1035.805 980.477 926.495 874.038 823.312 774.559 728.059 684.141 665.388 667.414 666.379 660.709 647.805 602.640 557.818 512.817 472.289 437.181 405.080 375.462 347.770 322.238 298.266 276.072 254.861 234.479 214.396 194.240 174.341 154.152 133.926 113.424 92.405 71.190 49.062 26.736 3.396 -20.376 -45.184 -70.531 -97.007 -123.959 -151.992 -180.453 -209.540 -239.157 -268.721 -298.247 -327.403 -355.591 -382.550 -407.930 -431.358 -452.528 -471.250 -487.450 -501.153 -512.477 -521.614 -528.811 -534.365 -538.690 -542.697 -549.373 -569.909 -9999.000 -9999.000
-9999.000 -9999.000 3561.655 3465.966 3373.513 3283.224 3194.436 3106.838 3020.345 2935.000 2850.907 2768.189 2686.951 2607.275 2529.203 2452.742 2377.871 2304.541 2232.682 2162.209 2093.027 2025.039 1958.144 1892.236 1827.214 1762.969 1699.381 1636.333 1573.742 1511.549 1449.760 1388.476 1327.770 1267.715 1208.391 1149.891 1092.322 1035.805 980.477 926.495 874.038 823.312 774.559 728.059 684.141 665.388 667.414 666.379 660.709 647.805 602.640 557.818 512.817 472.289 437.181 405.080 375.462 347.770 322.238 298.266 276.072 254.861 234.479 214.396 194.240 174.341 154.152 133.926 113.424 92.405 71.190 49.062 26.736 3.396 -20.376 -45.184 -70.531 -97.007 -123.959 -151.992 -180.453 -209.540 -239.157 -268.721 -298.247 -327.403 -355.591 -382.550 -407.930 -431.358 -452.528 -471.250 -487.450 -501.153 -512.477 -521.614 -528.811 -534.365 -538.690 -542.697 -549.373 -569.909 -9999.000 -9999.000
-9999.000 -9999.000 3561.656 3465.967 3373.513 3283.224 3194.436 3106.838 3020.345 2935.000 2850.907 2768.189 2686.951 2607.275 2529.203 2452.742 2377.871 2304.541 2232.682 2162.209 2093.027 2025.039 1958.144 1892.236 1827.214 1762.969 1699.381 1636.333 1573.742 1511.549 1449.760 1388.476 1327.770 1267.715 1208.391 1149.891 1092.322 1035.805 980.477 926.495 874.038 823.312 774.559 728.059 684.141 665.388 667.414 666.379 660.709 647.805 602.640 557.818 512.817 472.289 437.181 405.080 375.462 347.770 322.238 298.266 276.072 254.861 234.479 214.396 194.240 174.341 154.152 133.926 113.424 92.405 71.190 49.062 26.736 3.396 -20.376 -45.184 -70.531 -97.007 -123.959 -151.992 -180.453 -209.540 -239.157 -268.721 -298.247 -327.403 -355.591 -382.550 -407.930 -431.358 -452.528 -471.250 -487.450 -501.153 -512.477 -521.614 -528.811 -534.365 -538.690 -542.697 -549.373 -569.909 -9999.000 -9999.000
-9999.000 -9999.000 3561.656 3465.967 3373.513 3283.224 3194.436 3106.838 3020.345 2935.000 2850.907 2768.189 2686.951 2607.275 2529.203 2452.742 2377.871 2304.541 2232.682 2162.209 2093.027 2025.039 1958.144 1892.236 1827.214 1762.969 1699.381 1636.333 1573.742 1511.549 1449.760 1388.476 1327.770 1267.715 1208.391 1149.891 1092.322 1035.805 980.477 926.495 874.038 823.312 774.559 728.059 684.141 665.388 667.414 666.379 660.709 647.805 602.640 557.818 512.817 472.289 437.181 405.080 375.462 347.770 322.238 298.266 276.072 254.861 234.479 214.396 194.240 174.341 154.152 133.926 113.424 92.405 71.190 49.062 26.736 3.396 -20.376 -45.184 -70.531 -97.007 -123.959 -151.992 -180.453 -209.540 -239.157 -268.721 -298.247 -327.403 -355.591 -382.550 -407.930 -431.358 -452.528 -471.250 -487.450 -501.153 -512.477 -521.614 -528.811 -534.365 -538.690 -542.697 -549.373 -569.909 -9999.000 -9999.000
-9999.000 -9999.000 3561.655 3465.966 3373.513 3283.224 3194.436 3106.838 3020.345 2935.000 2850.907 2768.189 2686.951 2607.275 2529.203 2452.742 2377.871 2304.541 2232.682 2162.209 2093.027 2025.039 1958.144 1892.236 1827.214 1762.969 1699.381 1636.333 1573.742 1511.549 1449.760 1388.476 1327.770 1267.715 1208.391 1149.891 1092.322 1035.805 980.477 926.495 874.038 823.312 774.559 728.059 684.141 665.388 667.414 666.379 660.709 647.805 602.640 557.818 512.817 472.289 437.181 405.080 375.462 347.770 322.238 298.266 276.072 254.861 234.479 214.396 194.240 174.341 154.152 133.926 113.424 92.405 71.190 49.062 26.736 3.396 -20.376 -45.184 -70.531 -97.007 -123.959 -151.992 -180.453 -209.540 -239.157 -268.721 -298.247 -327.403 -355.591 -382.550 -407.930 -431.358 -452.528 -471.250 -487.450 -501.153 -512.477 -521.614 -528.811 -534.365 -538.690 -542.697 -549.373 -569.909 -9999.000 -9999.000
-9999.000 -9999.000 3561.654 3465.966 3373.513 3283.224 3194.436 3106.838 3020.345 2935.000 2850.907 2768.189 2686.951 2607.275 2529.203 2452.742 2377.871 2304.541 2232.682 2162.209 2093.027 2025.039 1958.144 1892.236 1827.214 1762.969 1699.381 1636.333 1573.742 1511.549 1449.760 1388.476 1327.770 1267.715 1208.391 1149.891 1092.322 1035.805 980.477 926.495 874.038 823.312 774.559 728.059 684.141 665.388 667.414 666.379 660.709 647.805 602.640 557.818 512.817 472.289 437.181 405.080 375.462 347.770 322.238 298.266 276.072 254.861 234.479 214.396 194.240 174.341 154.152 133.926 113.424 92.405 71.190 49.062 26.736 3.396 -20.376 -45.184 -70.531 -97.007 -123.959 -151.992 -180.453 -209.540 -239.157 -268.721 -298.247 -327.403 -355.591 -382.550 -407.930 -431.358 -452.528 -471.250 -487.450 -501.153 -512.477 -521.614 -528.811 -534.365 -538.690 -542.697 -549.373 -569.909 -9999.000 -9999.000
-9999.000 -9999.000 -9999.000 -9999.000 -9999.000 -9999.000 -9999.000 -9999.000 -9999.000 -9999.000 -9999.000 -9999.000 -9999.000 -9999.000 -9999.000 -9999.000 -9999.000 -9999.000 -9999.000 -9999.000 -9999.000 -9999.000 -9999.000 -9999.000 -9999.000 -9999.000 -9999.000 -9999.000 -9999.000 -9999.000 -9999.000 -9999.000 -9999.000 -9999.000 -9999.000 -9999.000 -9999.000 -9999.000 -9999.000 -9999.000 -9999.000 -9999.000 -9999.000 -9999.000 -9999.000 -9999.000 -9999.000 -9999.000 -9999.000 -9999.000 -9999.000 -9999.000 -9999.000 -9999.000 -9999.000 -9999.000 -9999.000 -9999.000 -9999.000 -9999.000 -9999.000 -9999.000 -9999.000 -9999.000 -9999.000 -9999.000 -9999.000 -9999.000 -9999.000 -9999.000 -9999.000 -9999.000 -9999.000 -9999.000 -9999.000 -9999.000 -9999.000 -9999.000 -9999.000 -9999.000 -9999.000 -9999.000 -9999.000 -9999.000 -9999.000 -9999.000 -9999.000 -9999.000 -9999.000 -9999.000 -9999.000 -9999.000 -9999.000 -9999.000 -9999.000 -9999.000 -9999.000 -9999.000 -9999.000 -9999.000 -9999.000 -9999.000 -9999.000 -9999.000
-9999.000 -9999.000 -9999.000 -9999.000 -9999.000 -9999.000 -9999.000 -9999.000 -9999.000 -9999.000 -9999.000 -9999.000 -9999.000 -9999.000 -9999.000 -9999.000 -9999.000 -9999.000 -9999.000 -9999.000 -9999.000 -9999.000 -9999.000 -9999.000 -9999.000 -9999.000 -9999.000 -9999.000 -9999.000 -9999.000 -9999.000 -9999.000 -9999.000 -9999.000 -9999.000 -9999.000 -9999.000 -9999.000 -9999.000 -9999.000 -9999.000 -9999.000 -9999.000 -9999.000 -9999.000 -9999.000 -9999.000 -9999.000 -9999.000 -9999.000 -9999.000 -9999.000 -9999.000 -9999.000 -9999.000 -9999.000 -9999.000 -9999.000 -9999.000 -9999.000 -9999.000 -9999.000 -9999.000 -9999.000 -9999.000 -9999.000 -9999.000 -9999.000 -9999.000 -9999.000 -9999.000 -9999.000 -9999.000 -9999.000 -9999.000 -9999.000 -9999.000 -9999.000 -9999.000 -9999.000 -9999.000 -9999.000 -9999.000 -9999.000 -9999.000 -9999.000 -9999.000 -9999.000 -9999.000 -9999.000 -9999.000 -9999.000 -9999.000 -9999.000 -9999.000 -9999.000 -9999.000 -9999.000 -9999.000 -9999.000 -9999.000 -9999.000 -9999.000 -9999.000