examples/3D/hillslope02_superslab/output-maps-METEOIO-OFF/psiliqL0021N0001.asc
ncols         104
nrows         10
xllcorner     -2.000000
yllcorner     0.000000
cellsize      1.000000
NODATA_value  -9999.0
-9999.000 -9999.000 -9999.000 -9999.000 -9999.000 -9999.000 -9999.000 -9999.000 -9999.000 -9999.000 -9999.000 -9999.000 -9999.000 -9999.000 -9999.000 -9999.000 -9999.000 -9999.000 -9999.000 -9999.000 -9999.000 -9999.000 -9999.000 -9999.000 -9999.000 -9999.000 -9999.000 -9999.000 -9999.000 -9999.000 -9999.000 -9999.000 -9999.000 -9999.000 -9999.000 -9999.000 -9999.000 -9999.000 -9999.000 -9999.000 -9999.000 -9999.000 -9999.000 -9999.000 -9999.000 -9999.000 -9999.000 -9999.000 -9999.000 -9999.000 -9999.000 -9999.000 -9999.000 -9999.000 -9999.000 -9999.000 -9999.000 -9999.000 -9999.000 -9999.000 -9999.000 -9999.000 -9999.000 -9999.000 -9999.000 -9999.000 -9999.000 -9999.000 -9999.000 -9999.000 -9999.000 -9999.000 -9999.000 -9999.000 -9999.000 -9999.000 -9999.000 -9999.000 -9999.000 -9999.000 -9999.000 -9999.000 -9999.000 -9999.000 -9999.000 -9999.000 -9999.000 -9999.000 -9999.000 -9999.000 -9999.000 -9999.000 -9999.000 -9999.000 -9999.000 -9999.000 -9999.000 -9999.000 -9999.000 -9999.000 -9999.000 -9999.000 -9999.000 -9999.000
-9999.000 -9999.000 -9999.000 -9999.000 -9999.000 -9999.000 -9999.000 -9999.000 -9999.000 -9999.000 -9999.000 -9999.000 -9999.000 -9999.000 -9999.000 -9999.000 -9999.000 -9999.000 -9999.000 -9999.000 -9999.000 -9999.000 -9999.000 -9999.000 -9999.000 -9999.000 -9999.000 -9999.000 -9999.000 -9999.000 -9999.000 -9999.000 -9999.000 -9999.000 -9999.000 -9999.000 -9999.000 -9999.000 -9999.000 -9999.000 -9999.000 -9999.000 -9999.000 -9999.000 -9999.000 -9999.000 -9999.000 -9999.000 -9999.000 -9999.000 -9999.000 -9999.000 -9999.000 -9999.000 -9999.000 -9999.000 -9999.000 -9999.000 -9999.000 -9999.000 -9999.000 -9999.000 -9999.000 -9999.000 -9999.000 -9999.000 -9999.000 -9999.000 -9999.000 -9999.000 -9999.000 -9999.000 -9999.000 -9999.000 -9999.000 -9999.000 -9999.000 -9999.000 -9999.000 -9999.000 -9999.000 -9999.000 -9999.000 -9999.000 -9999.000 -9999.000 -9999.000 -9999.000 -9999.000 -9999.000 -9999.000 -9999.000 -9999.000 -9999.000 -9999.000 -9999.000 -9999.000 -9999.000 -9999.000 -9999.000 -9999.000 -9999.000 -9999.000 -9999.000
-9999.000 -9999.000 -344.940 -349.855 -335.496 -318.727 -310.831 -309.814 -312.181 -316.569 -325.293 -363.044 -388.318 -407.613 -416.226 -409.550 -403.003 -397.906 -392.733 -388.101 -273.699 -74.007 131.118 354.162 597.127 543.763 492.521 443.206 395.323 347.346 295.104 233.786 160.832 75.797 -20.945 -121.671 -202.903 -246.958 -264.282 -270.627 -274.423 -285.616 -3084.644 -3935.584 -3935.644 -3935.644 -3935.644 -3935.644 -3935.644 -3935.644 -3935.644 -3935.644 -3935.644 -3935.644 -3935.644 -3935.644 -3935.644 -3935.644 -3935.644 -3935.644 -3935.590 -3137.137 -348.770 -355.258 -355.679 -355.698 -355.695 -355.690 -355.686 -355.682 -355.678 -355.674 -355.670 -355.666 -355.662 -355.657 -355.653 -355.649 -355.645 -355.641 -355.637 -355.633 -355.629 -355.624 -355.620 -355.616 -355.612 -355.608 -355.604 -355.600 -355.596 -355.591 -355.587 -355.583 -355.579 -355.575 -355.571 -355.568 -355.575 -355.687 -356.818 -366.497 -9999.000 -9999.000
-9999.000 -9999.000 -344.940 -349.855 -335.496 -318.727 -310.831 -309.814 -312.181 -316.569 -325.293 -363.044 -388.318 -407.613 -416.226 -409.550 -403.003 -397.906 -392.733 -388.101 -273.699 -74.007 131.118 354.162 597.127 543.763 492.521 443.206 395.323 347.346 295.104 233.786 160.832 75.797 -20.945 -121.671 -202.903 -246.958 -264.282 -270.627 -274.423 -285.616 -3084.644 -3935.584 -3935.644 -3935.644 -3935.644 -3935.644 -3935.644 -3935.644 -3935.644 -3935.644 -3935.644 -3935.644 -3935.644 -3935.644 -3935.644 -3935.644 -3935.644 -3935.644 -3935.590 -3137.137 -348.770 -355.258 -355.679 -355.698 -355.695 -355.690 -355.686 -355.682 -355.678 -355.674 -355.670 -355.666 -355.662 -355.657 -355.653 -355.649 -355.645 -355.641 -355.637 -355.633 -355.629 -355.624 -355.620 -355.616 -355.612 -355.608 -355.604 -355.600 -355.596 -355.591 -355.587 -355.583 -355.579 -355.575 -355.571 -355.568 -355.575 -355.687 -356.818 -366.497 -9999.000 -9999.000
-9999.000 -9999.000 -344.940 -349.855 -335.496 -318.727 -310.831 -309.814 -312.181 -316.569 -325.293 -363.044 -388.318 -407.613 -416.226 -409.550 -403.003 -397.906 -392.733 -388.101 -273.699 -74.007 131.118 354.162 597.127 543.763 492.521 443.206 395.323 347.346 295.104 233.786 160.832 75.797 -20.945 -121.671 -202.903 -246.958 -264.282 -270.627 -274.423 -285.616 -3084.644 -3935.584 -3935.644 -3935.644 -3935.644 -3935.644 -3935.644 -3935.644 -3935.644 -3935.644 -3935.644 -3935.644 -3935.644 -3935.644 -3935.644 -3935.644 -3935.644 -3935.644 -3935.590 -3137.137 -348.770 -355.258 -355.679 -355.698 -355.695 -355.690 -355.686 -355.682 -355.678 -355.674 -355.670 -355.666 -355.662 -355.657 -355.653 -355.649 -355.645 -355.641 -355.637 -355.633 -355.629 -355.624 -355.620 -355.616 -355.612 -355.608 -355.604 -355.600 -355.596 -355.591 -355.587 -355.583 -355.579 -355.575 -355.571 -355.568 -355.575 -355.687 -356.818 -366.497 -9999.000 -9999.000
-9999.000 -9999.000 -344.940 -349.855 -335.496 -318.727 -310.831 -309.814 -312.181 -316.569 -325.293 -363.044 -388.318 -407.613 -416.226 -409.550 -403.003 -397.906 -392.733 -388.101 -273.699 -74.007 131.118 354.162 597.127 543.763 492.521 443.206 395.323 347.346 295.104 233.786 160.832 75.797 -20.945 -121.671 -202.903 -246.958 -264.282 -270.627 -274.423 -285.616 -3084.644 -3935.584 -3935.644 -3935.644 -3935.644 -3935.644 -3935.644 -3935.644 -3935.644 -3935.644 -3935.644 -3935.644 -3935.644 -3935.644 -3935.644 -3935.644 -3935.644 -3935.644 -3935.590 -3137.137 -348.770 -355.258 -355.679 -355.698 -355.695 -355.690 -355.686 -355.682 -355.678 -355.674 -355.670 -355.666 -355.662 -355.657 -355.653 -355.649 -355.645 -355.641 -355.637 -355.633 -355.629 -355.624 -355.620 -355.616 -355.612 -355.608 -355.604 -355.600 -355.596 -355.591 -355.587 -355.583 -355.579 -355.575 -355.571 -355.568 -355.575 -355.687 -356.818 -366.497 -9999.000 -9999.000
-9999.000 -9999.000 -344.940 -349.855 -335.496 -318.727 -310.831 -309.814 -312.181 -316.569 -325.293 -363.044 -388.318 -407.613 -416.226 -409.550 -403.003 -397.906 -392.733 -388.101 -273.699 -74.007 131.118 354.162 597.127 543.763 492.521 443.206 395.323 347.346 295.104 233.786 160.832 75.797 -20.945 -121.671 -202.903 -246.958 -264.282 -270.627 -274.423 -285.616 -3084.644 -3935.584 -3935.644 -3935.644 -3935.644 -3935.644 -3935.644 -3935.644 -3935.644 -3935.644 -3935.644 -3935.644 -3935.644 -3935.644 -3935.644 -3935.644 -3935.644 -3935.644 -3935.590 -3137.137 -348.770 -355.258 -355.679 -355.698 -355.695 -355.690 -355.686 -355.682 -355.678 -355.674 -355.670 -355.666 -355.662 -355.657 -355.653 -355.649 -355.645 -355.641 -355.637 -355.633 -355.629 -355.624 -355.620 -355.616 -355.612 -355.608 -355.604 -355.600 -355.596 -355.591 -355.587 -355.583 -355.579 -355.575 -355.571 -355.568 -355.575 -355.687 -356.818 -366.497 -9999.000 -9999.000
-9999.000 -9999.000 -344.940 -349.855 -335.496 -318.727 -310.831 -309.814 -312.181 -316.569 -325.293 -363.044 -388.318 -407.613 -416.226 -409.550 -403.003 -397.906 -392.733 -388.101 -273.699 -74.007 131.118 354.162 597.127 543.763 492.521 443.206 395.323 347.346 295.104 233.786 160.832 75.797 -20.945 -121.671 -202.903 -246.958 -264.282 -270.627 -274.423 -285.616 -3084.644 -3935.584 -3935.644 -3935.644 -3935.644 -3935.644 -3935.644 -3935.644 -3935.644 -3935.644 -3935.644 -3935.644 -3935.644 -3935.644 -3935.644 -3935.644 -3935.644 -3935.644 -3935.590 -3137.137 -348.770 -355.258 -355.679 -355.698 -355.695 -355.690 -355.686 -355.682 -355.678 -355.674 -355.670 -355.666 -355.662 -355.657 -355.653 -355.649 -355.645 -355.641 -355.637 -355.633 -355.629 -355.624 -355.620 -355.616 -355.612 -355.608 -355.604 -355.600 -355.596 -355.591 -355.587 -355.583 -355.579 -355.575 -355.571 -355.568 -355.575 -355.687 -356.818 -366.497 -9999.000 -9999.000
-9999.000 -9999.000 -9999.000 -9999.000 -9999.000 -9999.000 -9999.000 -9999.000 -9999.000 -9999.000 -9999.000 -9999.000 -9999.000 -9999.000 -9999.000 -9999.000 -9999.000 -9999.000 -9999.000 -9999.000 -9999.000 -9999.000 -9999.000 -9999.000 -9999.000 -9999.000 -9999.000 -9999.000 -9999.000 -9999.000 -9999.000 -9999.000 -9999.000 -9999.000 -9999.000 -9999.000 -9999.000 -9999.000 -9999.000 -9999.000 -9999.000 -9999.000 -9999.000 -9999.000 -9999.000 -9999.000 -9999.000 -9999.000 -9999.000 -9999.000 -9999.000 -9999.000 -9999.000 -9999.000 -9999.000 -9999.000 -9999.000 -9999.000 -9999.000 -9999.000 -9999.000 -9999.000 -9999.000 -9999.000 -9999.000 -9999.000 -9999.000 -9999.000 -9999.000 -9999.000 -9999.000 -9999.000 -9999.000 -9999.000 -9999.000 -9999.000 -9999.000 -9999.000 -9999.000 -9999.000 -9999.000 -9999.000 -9999.000 -9999.000 -9999.000 -9999.000 -9999.000 -9999.000 -9999.000 -9999.000 -9999.000 -9999.000 -9999.000 -9999.000 -9999.000 -9999.000 -9999.000 -9999.000 -9999.000 -9999.000 -9999.000 -9999.000 -9999.000 -9999.000
-9999.000 -9999.000 -9999.000 -9999.000 -9999.000 -9999.000 -9999.000 -9999.000 -9999.000 -9999.000 -9999.000 -9999.000 -9999.000 -9999.000 -9999.000 -9999.000 -9999.000 -9999.000 -9999.000 -9999.000 -9999.000 -9999.000 -9999.000 -9999.000 -9999.000 -9999.000 -9999.000 -9999.000 -9999.000 -9999.000 -9999.000 -9999.000 -9999.000 -9999.000 -9999.000 -9999.000 -9999.000 -9999.000 -9999.000 -9999.000 -9999.000 -9999.000 -9999.000 -9999.000 -9999.000 -9999.000 -9999.000 -9999.000 -9999.000 -9999.000 -9999.000 -9999.000 -9999.000 -9999.000 -9999.000 -9999.000 -9999.000 -9999.000 -9999.000 -9999.000 -9999.000 -9999.000 -9999.000 -9999.000 -9999.000 -9999.000 -9999.000 -9999.000 -9999.000 -9999.000 -9999.000 -9999.000 -9999.000 -9999.000 -9999.000 -9999.000 -9999.000 -9999.000 -9999.000 -9999.000 -9999.000 -9999.000 -9999.000 -9999.000 -9999.000 -9999.000 -9999.000 -9999.000 -9999.000 -9999.000 -9999.000 -9999.000 -9999.000 -9999.000 -9999.000 -9999.000 -9999.000 -9999.000 -9999.000 -9999.000 -9999.000 -9999.000 -9999.000 -9999.000