examples/3D/hillslope02_superslab/output-maps-METEOIO-OFF/psiliqL0074N0001.asc
ncols         104
nrows         10
xllcorner     -2.000000
yllcorner     0.000000
cellsize      1.000000
NODATA_value  -9999.0
-9999.000 -9999.000 -9999.000 -9999.000 -9999.000 -9999.000 -9999.000 -9999.000 -9999.000 -9999.000 -9999.000 -9999.000 -9999.000 -9999.000 -9999.000 -9999.000 -9999.000 -9999.000 -9999.000 -9999.000 -9999.000 -9999.000 -9999.000 -9999.000 -9999.000 -9999.000 -9999.000 -9999.000 -9999.000 -9999.000 -9999.000 -9999.000 -9999.000 -9999.000 -9999.000 -9999.000 -9999.000 -9999.000 -9999.000 -9999.000 -9999.000 -9999.000 -9999.000 -9999.000 -9999.000 -9999.000 -9999.000 -9999.000 -9999.000 -9999.000 -9999.000 -9999.000 -9999.000 -9999.000 -9999.000 -9999.000 -9999.000 -9999.000 -9999.000 -9999.000 -9999.000 -9999.000 -9999.000 -9999.000 -9999.000 -9999.000 -9999.000 -9999.000 -9999.000 -9999.000 -9999.000 -9999.000 -9999.000 -9999.000 -9999.000 -9999.000 -9999.000 -9999.000 -9999.000 -9999.000 -9999.000 -9999.000 -9999.000 -9999.000 -9999.000 -9999.000 -9999.000 -9999.000 -9999.000 -9999.000 -9999.000 -9999.000 -9999.000 -9999.000 -9999.000 -9999.000 -9999.000 -9999.000 -9999.000 -9999.000 -9999.000 -9999.000 -9999.000 -9999.000
-9999.000 -9999.000 -9999.000 -9999.000 -9999.000 -9999.000 -9999.000 -9999.000 -9999.000 -9999.000 -9999.000 -9999.000 -9999.000 -9999.000 -9999.000 -9999.000 -9999.000 -9999.000 -9999.000 -9999.000 -9999.000 -9999.000 -9999.000 -9999.000 -9999.000 -9999.000 -9999.000 -9999.000 -9999.000 -9999.000 -9999.000 -9999.000 -9999.000 -9999.000 -9999.000 -9999.000 -9999.000 -9999.000 -9999.000 -9999.000 -9999.000 -9999.000 -9999.000 -9999.000 -9999.000 -9999.000 -9999.000 -9999.000 -9999.000 -9999.000 -9999.000 -9999.000 -9999.000 -9999.000 -9999.000 -9999.000 -9999.000 -9999.000 -9999.000 -9999.000 -9999.000 -9999.000 -9999.000 -9999.000 -9999.000 -9999.000 -9999.000 -9999.000 -9999.000 -9999.000 -9999.000 -9999.000 -9999.000 -9999.000 -9999.000 -9999.000 -9999.000 -9999.000 -9999.000 -9999.000 -9999.000 -9999.000 -9999.000 -9999.000 -9999.000 -9999.000 -9999.000 -9999.000 -9999.000 -9999.000 -9999.000 -9999.000 -9999.000 -9999.000 -9999.000 -9999.000 -9999.000 -9999.000 -9999.000 -9999.000 -9999.000 -9999.000 -9999.000 -9999.000
-9999.000 -9999.000 -599.986 -1158.075 -1245.969 -1140.217 -587.809 -416.872 -390.057 -493.589 -1238.576 -1311.684 -1311.870 -1311.878 -1311.880 -1311.881 -1311.881 -1311.881 -1311.881 -1311.881 -1311.881 -1311.881 -1311.881 -1311.881 -1311.881 -1311.881 -1311.881 -1311.881 -1311.880 -1311.365 -1191.589 -547.685 -406.767 -372.981 -362.360 -358.718 -358.023 -359.133 -361.824 -366.501 -374.864 -391.990 -428.203 -518.037 -878.554 -1302.605 -1311.042 -1311.346 -1311.569 -1311.869 -1312.238 -1313.394 -1311.955 -1311.884 -1311.881 -1311.881 -1311.881 -1311.881 -1311.881 -1311.881 -1311.881 -1311.881 -1311.880 -1311.660 -1310.653 -1310.506 -1310.496 -1310.491 -1310.487 -1310.483 -1310.479 -1310.476 -1310.474 -1310.474 -1310.475 -1310.480 -1310.489 -1310.503 -1310.525 -1310.555 -1310.598 -1310.656 -1310.734 -1310.836 -1310.968 -1311.138 -1311.352 -1311.621 -1311.955 -1312.368 -1312.875 -1313.495 -1314.250 -1315.168 -1316.285 -1317.647 -1319.319 -1321.411 -1324.156 -1328.129 -1334.123 -1348.651 -9999.000 -9999.000
-9999.000 -9999.000 -599.986 -1158.075 -1245.969 -1140.217 -587.809 -416.872 -390.057 -493.589 -1238.576 -1311.684 -1311.870 -1311.878 -1311.880 -1311.881 -1311.881 -1311.881 -1311.881 -1311.881 -1311.881 -1311.881 -1311.881 -1311.881 -1311.881 -1311.881 -1311.881 -1311.881 -1311.880 -1311.365 -1191.589 -547.685 -406.767 -372.981 -362.360 -358.718 -358.023 -359.133 -361.824 -366.501 -374.864 -391.990 -428.203 -518.037 -878.554 -1302.605 -1311.042 -1311.346 -1311.569 -1311.869 -1312.238 -1313.394 -1311.955 -1311.884 -1311.881 -1311.881 -1311.881 -1311.881 -1311.881 -1311.881 -1311.881 -1311.881 -1311.880 -1311.660 -1310.653 -1310.506 -1310.496 -1310.491 -1310.487 -1310.483 -1310.479 -1310.476 -1310.474 -1310.474 -1310.475 -1310.480 -1310.489 -1310.503 -1310.525 -1310.555 -1310.598 -1310.656 -1310.734 -1310.836 -1310.968 -1311.138 -1311.352 -1311.621 -1311.955 -1312.368 -1312.875 -1313.495 -1314.250 -1315.168 -1316.285 -1317.647 -1319.319 -1321.411 -1324.156 -1328.129 -1334.123 -1348.651 -9999.000 -9999.000
-9999.000 -9999.000 -599.986 -1158.075 -1245.969 -1140.217 -587.809 -416.872 -390.057 -493.589 -1238.576 -1311.684 -1311.870 -1311.878 -1311.880 -1311.881 -1311.881 -1311.881 -1311.881 -1311.881 -1311.881 -1311.881 -1311.881 -1311.881 -1311.881 -1311.881 -1311.881 -1311.881 -1311.880 -1311.365 -1191.589 -547.685 -406.767 -372.981 -362.360 -358.718 -358.023 -359.133 -361.824 -366.501 -374.864 -391.990 -428.203 -518.037 -878.554 -1302.605 -1311.042 -1311.346 -1311.569 -1311.869 -1312.238 -1313.394 -1311.955 -1311.884 -1311.881 -1311.881 -1311.881 -1311.881 -1311.881 -1311.881 -1311.881 -1311.881 -1311.880 -1311.660 -1310.653 -1310.506 -1310.496 -1310.491 -1310.487 -1310.483 -1310.479 -1310.476 -1310.474 -1310.474 -1310.475 -1310.480 -1310.489 -1310.503 -1310.525 -1310.555 -1310.598 -1310.656 -1310.734 -1310.836 -1310.968 -1311.138 -1311.352 -1311.621 -1311.955 -1312.368 -1312.875 -1313.495 -1314.250 -1315.168 -1316.285 -1317.647 -1319.319 -1321.411 -1324.156 -1328.129 -1334.123 -1348.651 -9999.000 -9999.000
-9999.000 -9999.000 -599.986 -1158.075 -1245.969 -1140.217 -587.809 -416.872 -390.057 -493.589 -1238.576 -1311.684 -1311.870 -1311.878 -1311.880 -1311.881 -1311.881 -1311.881 -1311.881 -1311.881 -1311.881 -1311.881 -1311.881 -1311.881 -1311.881 -1311.881 -1311.881 -1311.881 -1311.880 -1311.365 -1191.589 -547.685 -406.767 -372.981 -362.360 -358.718 -358.023 -359.133 -361.824 -366.501 -374.864 -391.990 -428.203 -518.037 -878.554 -1302.605 -1311.042 -1311.346 -1311.569 -1311.869 -1312.238 -1313.394 -1311.955 -1311.884 -1311.881 -1311.881 -1311.881 -1311.881 -1311.881 -1311.881 -1311.881 -1311.881 -1311.880 -1311.660 -1310.653 -1310.506 -1310.496 -1310.491 -1310.487 -1310.483 -1310.479 -1310.476 -1310.474 -1310.474 -1310.475 -1310.480 -1310.489 -1310.503 -1310.525 -1310.555 -1310.598 -1310.656 -1310.734 -1310.836 -1310.968 -1311.138 -1311.352 -1311.621 -1311.955 -1312.368 -1312.875 -1313.495 -1314.250 -1315.168 -1316.285 -1317.647 -1319.319 -1321.411 -1324.156 -1328.129 -1334.123 -1348.651 -9999.000 -9999.000
-9999.000 -9999.000 -599.986 -1158.075 -1245.969 -1140.217 -587.809 -416.872 -390.057 -493.589 -1238.576 -1311.684 -1311.870 -1311.878 -1311.880 -1311.881 -1311.881 -1311.881 -1311.881 -1311.881 -1311.881 -1311.881 -1311.881 -1311.881 -1311.881 -1311.881 -1311.881 -1311.881 -1311.880 -1311.365 -1191.589 -547.685 -406.767 -372.981 -362.360 -358.718 -358.023 -359.133 -361.824 -366.501 -374.864 -391.990 -428.203 -518.037 -878.554 -1302.605 -1311.042 -1311.346 -1311.569 -1311.869 -1312.238 -1313.394 -1311.955 -1311.884 -1311.881 -1311.881 -1311.881 -1311.881 -1311.881 -1311.881 -1311.881 -1311.881 -1311.880 -1311.660 -1310.653 -1310.506 -1310.496 -1310.491 -1310.487 -1310.483 -1310.479 -1310.476 -1310.474 -1310.474 -1310.475 -1310.480 -1310.489 -1310.503 -1310.525 -1310.555 -1310.598 -1310.656 -1310.734 -1310.836 -1310.968 -1311.138 -1311.352 -1311.621 -1311.955 -1312.368 -1312.875 -1313.495 -1314.250 -1315.168 -1316.285 -1317.647 -1319.319 -1321.411 -1324.156 -1328.129 -1334.123 -1348.651 -9999.000 -9999.000
-9999.000 -9999.000 -599.986 -1158.075 -1245.969 -1140.217 -587.809 -416.872 -390.057 -493.589 -1238.576 -1311.684 -1311.870 -1311.878 -1311.880 -1311.881 -1311.881 -1311.881 -1311.881 -1311.881 -1311.881 -1311.881 -1311.881 -1311.881 -1311.881 -1311.881 -1311.881 -1311.881 -1311.880 -1311.365 -1191.589 -547.685 -406.767 -372.981 -362.360 -358.718 -358.023 -359.133 -361.824 -366.501 -374.864 -391.990 -428.203 -518.037 -878.554 -1302.605 -1311.042 -1311.346 -1311.569 -1311.869 -1312.238 -1313.394 -1311.955 -1311.884 -1311.881 -1311.881 -1311.881 -1311.881 -1311.881 -1311.881 -1311.881 -1311.881 -1311.880 -1311.660 -1310.653 -1310.506 -1310.496 -1310.491 -1310.487 -1310.483 -1310.479 -1310.476 -1310.474 -1310.474 -1310.475 -1310.480 -1310.489 -1310.503 -1310.525 -1310.555 -1310.598 -1310.656 -1310.734 -1310.836 -1310.968 -1311.138 -1311.352 -1311.621 -1311.955 -1312.368 -1312.875 -1313.495 -1314.250 -1315.168 -1316.285 -1317.647 -1319.319 -1321.411 -1324.156 -1328.129 -1334.123 -1348.651 -9999.000 -9999.000
-9999.000 -9999.000 -9999.000 -9999.000 -9999.000 -9999.000 -9999.000 -9999.000 -9999.000 -9999.000 -9999.000 -9999.000 -9999.000 -9999.000 -9999.000 -9999.000 -9999.000 -9999.000 -9999.000 -9999.000 -9999.000 -9999.000 -9999.000 -9999.000 -9999.000 -9999.000 -9999.000 -9999.000 -9999.000 -9999.000 -9999.000 -9999.000 -9999.000 -9999.000 -9999.000 -9999.000 -9999.000 -9999.000 -9999.000 -9999.000 -9999.000 -9999.000 -9999.000 -9999.000 -9999.000 -9999.000 -9999.000 -9999.000 -9999.000 -9999.000 -9999.000 -9999.000 -9999.000 -9999.000 -9999.000 -9999.000 -9999.000 -9999.000 -9999.000 -9999.000 -9999.000 -9999.000 -9999.000 -9999.000 -9999.000 -9999.000 -9999.000 -9999.000 -9999.000 -9999.000 -9999.000 -9999.000 -9999.000 -9999.000 -9999.000 -9999.000 -9999.000 -9999.000 -9999.000 -9999.000 -9999.000 -9999.000 -9999.000 -9999.000 -9999.000 -9999.000 -9999.000 -9999.000 -9999.000 -9999.000 -9999.000 -9999.000 -9999.000 -9999.000 -9999.000 -9999.000 -9999.000 -9999.000 -9999.000 -9999.000 -9999.000 -9999.000 -9999.000 -9999.000
-9999.000 -9999.000 -9999.000 -9999.000 -9999.000 -9999.000 -9999.000 -9999.000 -9999.000 -9999.000 -9999.000 -9999.000 -9999.000 -9999.000 -9999.000 -9999.000 -9999.000 -9999.000 -9999.000 -9999.000 -9999.000 -9999.000 -9999.000 -9999.000 -9999.000 -9999.000 -9999.000 -9999.000 -9999.000 -9999.000 -9999.000 -9999.000 -9999.000 -9999.000 -9999.000 -9999.000 -9999.000 -9999.000 -9999.000 -9999.000 -9999.000 -9999.000 -9999.000 -9999.000 -9999.000 -9999.000 -9999.000 -9999.000 -9999.000 -9999.000 -9999.000 -9999.000 -9999.000 -9999.000 -9999.000 -9999.000 -9999.000 -9999.000 -9999.000 -9999.000 -9999.000 -9999.000 -9999.000 -9999.000 -9999.000 -9999.000 -9999.000 -9999.000 -9999.000 -9999.000 -9999.000 -9999.000 -9999.000 -9999.000 -9999.000 -9999.000 -9999.000 -9999.000 -9999.000 -9999.000 -9999.000 -9999.000 -9999.000 -9999.000 -9999.000 -9999.000 -9999.000 -9999.000 -9999.000 -9999.000 -9999.000 -9999.000 -9999.000 -9999.000 -9999.000 -9999.000 -9999.000 -9999.000 -9999.000 -9999.000 -9999.000 -9999.000 -9999.000 -9999.000