examples/3D/hillslope02_superslab/output-maps-METEOIO-OFF/psiliqL0039N0002.asc
ncols         104
nrows         10
xllcorner     -2.000000
yllcorner     0.000000
cellsize      1.000000
NODATA_value  -9999.0
-9999.000 -9999.000 -9999.000 -9999.000 -9999.000 -9999.000 -9999.000 -9999.000 -9999.000 -9999.000 -9999.000 -9999.000 -9999.000 -9999.000 -9999.000 -9999.000 -9999.000 -9999.000 -9999.000 -9999.000 -9999.000 -9999.000 -9999.000 -9999.000 -9999.000 -9999.000 -9999.000 -9999.000 -9999.000 -9999.000 -9999.000 -9999.000 -9999.000 -9999.000 -9999.000 -9999.000 -9999.000 -9999.000 -9999.000 -9999.000 -9999.000 -9999.000 -9999.000 -9999.000 -9999.000 -9999.000 -9999.000 -9999.000 -9999.000 -9999.000 -9999.000 -9999.000 -9999.000 -9999.000 -9999.000 -9999.000 -9999.000 -9999.000 -9999.000 -9999.000 -9999.000 -9999.000 -9999.000 -9999.000 -9999.000 -9999.000 -9999.000 -9999.000 -9999.000 -9999.000 -9999.000 -9999.000 -9999.000 -9999.000 -9999.000 -9999.000 -9999.000 -9999.000 -9999.000 -9999.000 -9999.000 -9999.000 -9999.000 -9999.000 -9999.000 -9999.000 -9999.000 -9999.000 -9999.000 -9999.000 -9999.000 -9999.000 -9999.000 -9999.000 -9999.000 -9999.000 -9999.000 -9999.000 -9999.000 -9999.000 -9999.000 -9999.000 -9999.000 -9999.000
-9999.000 -9999.000 -9999.000 -9999.000 -9999.000 -9999.000 -9999.000 -9999.000 -9999.000 -9999.000 -9999.000 -9999.000 -9999.000 -9999.000 -9999.000 -9999.000 -9999.000 -9999.000 -9999.000 -9999.000 -9999.000 -9999.000 -9999.000 -9999.000 -9999.000 -9999.000 -9999.000 -9999.000 -9999.000 -9999.000 -9999.000 -9999.000 -9999.000 -9999.000 -9999.000 -9999.000 -9999.000 -9999.000 -9999.000 -9999.000 -9999.000 -9999.000 -9999.000 -9999.000 -9999.000 -9999.000 -9999.000 -9999.000 -9999.000 -9999.000 -9999.000 -9999.000 -9999.000 -9999.000 -9999.000 -9999.000 -9999.000 -9999.000 -9999.000 -9999.000 -9999.000 -9999.000 -9999.000 -9999.000 -9999.000 -9999.000 -9999.000 -9999.000 -9999.000 -9999.000 -9999.000 -9999.000 -9999.000 -9999.000 -9999.000 -9999.000 -9999.000 -9999.000 -9999.000 -9999.000 -9999.000 -9999.000 -9999.000 -9999.000 -9999.000 -9999.000 -9999.000 -9999.000 -9999.000 -9999.000 -9999.000 -9999.000 -9999.000 -9999.000 -9999.000 -9999.000 -9999.000 -9999.000 -9999.000 -9999.000 -9999.000 -9999.000 -9999.000 -9999.000
-9999.000 -9999.000 427.265 326.029 224.269 121.128 16.366 -88.787 -184.093 -251.557 -298.036 -351.610 -384.350 -404.956 -412.571 -407.006 -399.589 -391.462 -382.966 -375.352 -369.147 -364.137 -359.928 -356.232 -352.895 -349.824 -346.958 -344.257 -341.716 -168.500 161.595 503.280 849.803 1194.806 1095.526 986.149 866.933 737.733 598.071 447.098 283.515 105.341 -84.346 -262.706 -457.404 -690.015 -1041.525 -1806.748 -2963.582 -3044.108 -3044.553 -3044.554 -3044.554 -3044.554 -3044.554 -3044.554 -3044.554 -3044.471 -3025.243 -2114.824 -956.228 -564.010 -365.066 -355.536 -355.653 -355.695 -355.696 -355.692 -355.687 -355.683 -355.679 -355.675 -355.671 -355.667 -355.663 -355.659 -355.654 -355.650 -355.646 -355.642 -355.638 -355.634 -355.630 -355.626 -355.622 -355.618 -355.614 -355.609 -355.605 -355.601 -355.597 -355.593 -355.589 -355.585 -355.581 -355.577 -355.573 -355.576 -355.627 -356.050 -358.852 -374.629 -9999.000 -9999.000
-9999.000 -9999.000 427.325 326.052 224.276 121.130 16.367 -88.786 -184.093 -251.557 -298.036 -351.610 -384.350 -404.956 -412.571 -407.006 -399.589 -391.462 -382.966 -375.352 -369.147 -364.137 -359.928 -356.232 -352.895 -349.824 -346.958 -344.257 -341.716 -168.500 161.595 503.280 849.803 1194.806 1095.526 986.149 866.933 737.733 598.071 447.098 283.515 105.341 -84.346 -262.706 -457.404 -690.015 -1041.525 -1806.748 -2963.582 -3044.108 -3044.553 -3044.554 -3044.554 -3044.554 -3044.554 -3044.554 -3044.554 -3044.471 -3025.243 -2114.824 -956.228 -564.010 -365.066 -355.536 -355.653 -355.695 -355.696 -355.692 -355.687 -355.683 -355.679 -355.675 -355.671 -355.667 -355.663 -355.659 -355.654 -355.650 -355.646 -355.642 -355.638 -355.634 -355.630 -355.626 -355.622 -355.618 -355.614 -355.609 -355.605 -355.601 -355.597 -355.593 -355.589 -355.585 -355.581 -355.577 -355.573 -355.576 -355.627 -356.050 -358.852 -374.629 -9999.000 -9999.000
-9999.000 -9999.000 427.355 326.066 224.281 121.132 16.368 -88.786 -184.093 -251.557 -298.036 -351.610 -384.350 -404.956 -412.571 -407.006 -399.589 -391.462 -382.966 -375.352 -369.147 -364.137 -359.928 -356.232 -352.895 -349.824 -346.958 -344.257 -341.716 -168.500 161.595 503.280 849.803 1194.806 1095.526 986.149 866.933 737.733 598.071 447.098 283.515 105.341 -84.346 -262.706 -457.404 -690.015 -1041.525 -1806.748 -2963.582 -3044.108 -3044.553 -3044.554 -3044.554 -3044.554 -3044.554 -3044.554 -3044.554 -3044.471 -3025.243 -2114.824 -956.228 -564.010 -365.066 -355.536 -355.653 -355.695 -355.696 -355.692 -355.687 -355.683 -355.679 -355.675 -355.671 -355.667 -355.663 -355.659 -355.654 -355.650 -355.646 -355.642 -355.638 -355.634 -355.630 -355.626 -355.622 -355.618 -355.614 -355.609 -355.605 -355.601 -355.597 -355.593 -355.589 -355.585 -355.581 -355.577 -355.573 -355.576 -355.627 -356.050 -358.852 -374.629 -9999.000 -9999.000
-9999.000 -9999.000 427.355 326.066 224.281 121.132 16.368 -88.786 -184.093 -251.557 -298.036 -351.610 -384.350 -404.956 -412.571 -407.006 -399.589 -391.462 -382.966 -375.352 -369.147 -364.137 -359.928 -356.232 -352.895 -349.824 -346.958 -344.257 -341.716 -168.500 161.595 503.280 849.803 1194.806 1095.526 986.149 866.933 737.733 598.071 447.098 283.515 105.341 -84.346 -262.706 -457.404 -690.015 -1041.525 -1806.748 -2963.582 -3044.108 -3044.553 -3044.554 -3044.554 -3044.554 -3044.554 -3044.554 -3044.554 -3044.471 -3025.243 -2114.824 -956.228 -564.010 -365.066 -355.536 -355.653 -355.695 -355.696 -355.692 -355.687 -355.683 -355.679 -355.675 -355.671 -355.667 -355.663 -355.659 -355.654 -355.650 -355.646 -355.642 -355.638 -355.634 -355.630 -355.626 -355.622 -355.618 -355.614 -355.609 -355.605 -355.601 -355.597 -355.593 -355.589 -355.585 -355.581 -355.577 -355.573 -355.576 -355.627 -356.050 -358.852 -374.629 -9999.000 -9999.000
-9999.000 -9999.000 427.325 326.052 224.276 121.130 16.367 -88.786 -184.093 -251.557 -298.036 -351.610 -384.350 -404.956 -412.571 -407.006 -399.589 -391.462 -382.966 -375.352 -369.147 -364.137 -359.928 -356.232 -352.895 -349.824 -346.958 -344.257 -341.716 -168.500 161.595 503.280 849.803 1194.806 1095.526 986.149 866.933 737.733 598.071 447.098 283.515 105.341 -84.346 -262.706 -457.404 -690.015 -1041.525 -1806.748 -2963.582 -3044.108 -3044.553 -3044.554 -3044.554 -3044.554 -3044.554 -3044.554 -3044.554 -3044.471 -3025.243 -2114.824 -956.228 -564.010 -365.066 -355.536 -355.653 -355.695 -355.696 -355.692 -355.687 -355.683 -355.679 -355.675 -355.671 -355.667 -355.663 -355.659 -355.654 -355.650 -355.646 -355.642 -355.638 -355.634 -355.630 -355.626 -355.622 -355.618 -355.614 -355.609 -355.605 -355.601 -355.597 -355.593 -355.589 -355.585 -355.581 -355.577 -355.573 -355.576 -355.627 -356.050 -358.852 -374.629 -9999.000 -9999.000
-9999.000 -9999.000 427.265 326.029 224.269 121.128 16.366 -88.787 -184.093 -251.557 -298.036 -351.610 -384.350 -404.956 -412.571 -407.006 -399.589 -391.462 -382.966 -375.352 -369.147 -364.137 -359.928 -356.232 -352.895 -349.824 -346.958 -344.257 -341.716 -168.500 161.595 503.280 849.803 1194.806 1095.526 986.149 866.933 737.733 598.071 447.098 283.515 105.341 -84.346 -262.706 -457.404 -690.015 -1041.525 -1806.748 -2963.582 -3044.108 -3044.553 -3044.554 -3044.554 -3044.554 -3044.554 -3044.554 -3044.554 -3044.471 -3025.243 -2114.824 -956.228 -564.010 -365.066 -355.536 -355.653 -355.695 -355.696 -355.692 -355.687 -355.683 -355.679 -355.675 -355.671 -355.667 -355.663 -355.659 -355.654 -355.650 -355.646 -355.642 -355.638 -355.634 -355.630 -355.626 -355.622 -355.618 -355.614 -355.609 -355.605 -355.601 -355.597 -355.593 -355.589 -355.585 -355.581 -355.577 -355.573 -355.576 -355.627 -356.050 -358.852 -374.629 -9999.000 -9999.000
-9999.000 -9999.000 -9999.000 -9999.000 -9999.000 -9999.000 -9999.000 -9999.000 -9999.000 -9999.000 -9999.000 -9999.000 -9999.000 -9999.000 -9999.000 -9999.000 -9999.000 -9999.000 -9999.000 -9999.000 -9999.000 -9999.000 -9999.000 -9999.000 -9999.000 -9999.000 -9999.000 -9999.000 -9999.000 -9999.000 -9999.000 -9999.000 -9999.000 -9999.000 -9999.000 -9999.000 -9999.000 -9999.000 -9999.000 -9999.000 -9999.000 -9999.000 -9999.000 -9999.000 -9999.000 -9999.000 -9999.000 -9999.000 -9999.000 -9999.000 -9999.000 -9999.000 -9999.000 -9999.000 -9999.000 -9999.000 -9999.000 -9999.000 -9999.000 -9999.000 -9999.000 -9999.000 -9999.000 -9999.000 -9999.000 -9999.000 -9999.000 -9999.000 -9999.000 -9999.000 -9999.000 -9999.000 -9999.000 -9999.000 -9999.000 -9999.000 -9999.000 -9999.000 -9999.000 -9999.000 -9999.000 -9999.000 -9999.000 -9999.000 -9999.000 -9999.000 -9999.000 -9999.000 -9999.000 -9999.000 -9999.000 -9999.000 -9999.000 -9999.000 -9999.000 -9999.000 -9999.000 -9999.000 -9999.000 -9999.000 -9999.000 -9999.000 -9999.000 -9999.000
-9999.000 -9999.000 -9999.000 -9999.000 -9999.000 -9999.000 -9999.000 -9999.000 -9999.000 -9999.000 -9999.000 -9999.000 -9999.000 -9999.000 -9999.000 -9999.000 -9999.000 -9999.000 -9999.000 -9999.000 -9999.000 -9999.000 -9999.000 -9999.000 -9999.000 -9999.000 -9999.000 -9999.000 -9999.000 -9999.000 -9999.000 -9999.000 -9999.000 -9999.000 -9999.000 -9999.000 -9999.000 -9999.000 -9999.000 -9999.000 -9999.000 -9999.000 -9999.000 -9999.000 -9999.000 -9999.000 -9999.000 -9999.000 -9999.000 -9999.000 -9999.000 -9999.000 -9999.000 -9999.000 -9999.000 -9999.000 -9999.000 -9999.000 -9999.000 -9999.000 -9999.000 -9999.000 -9999.000 -9999.000 -9999.000 -9999.000 -9999.000 -9999.000 -9999.000 -9999.000 -9999.000 -9999.000 -9999.000 -9999.000 -9999.000 -9999.000 -9999.000 -9999.000 -9999.000 -9999.000 -9999.000 -9999.000 -9999.000 -9999.000 -9999.000 -9999.000 -9999.000 -9999.000 -9999.000 -9999.000 -9999.000 -9999.000 -9999.000 -9999.000 -9999.000 -9999.000 -9999.000 -9999.000 -9999.000 -9999.000 -9999.000 -9999.000 -9999.000 -9999.000