examples/3D/hillslope02_superslab/output-maps-METEOIO-OFF/psiliqL0033N0003.asc
ncols         104
nrows         10
xllcorner     -2.000000
yllcorner     0.000000
cellsize      1.000000
NODATA_value  -9999.0
-9999.000 -9999.000 -9999.000 -9999.000 -9999.000 -9999.000 -9999.000 -9999.000 -9999.000 -9999.000 -9999.000 -9999.000 -9999.000 -9999.000 -9999.000 -9999.000 -9999.000 -9999.000 -9999.000 -9999.000 -9999.000 -9999.000 -9999.000 -9999.000 -9999.000 -9999.000 -9999.000 -9999.000 -9999.000 -9999.000 -9999.000 -9999.000 -9999.000 -9999.000 -9999.000 -9999.000 -9999.000 -9999.000 -9999.000 -9999.000 -9999.000 -9999.000 -9999.000 -9999.000 -9999.000 -9999.000 -9999.000 -9999.000 -9999.000 -9999.000 -9999.000 -9999.000 -9999.000 -9999.000 -9999.000 -9999.000 -9999.000 -9999.000 -9999.000 -9999.000 -9999.000 -9999.000 -9999.000 -9999.000 -9999.000 -9999.000 -9999.000 -9999.000 -9999.000 -9999.000 -9999.000 -9999.000 -9999.000 -9999.000 -9999.000 -9999.000 -9999.000 -9999.000 -9999.000 -9999.000 -9999.000 -9999.000 -9999.000 -9999.000 -9999.000 -9999.000 -9999.000 -9999.000 -9999.000 -9999.000 -9999.000 -9999.000 -9999.000 -9999.000 -9999.000 -9999.000 -9999.000 -9999.000 -9999.000 -9999.000 -9999.000 -9999.000 -9999.000 -9999.000
-9999.000 -9999.000 -9999.000 -9999.000 -9999.000 -9999.000 -9999.000 -9999.000 -9999.000 -9999.000 -9999.000 -9999.000 -9999.000 -9999.000 -9999.000 -9999.000 -9999.000 -9999.000 -9999.000 -9999.000 -9999.000 -9999.000 -9999.000 -9999.000 -9999.000 -9999.000 -9999.000 -9999.000 -9999.000 -9999.000 -9999.000 -9999.000 -9999.000 -9999.000 -9999.000 -9999.000 -9999.000 -9999.000 -9999.000 -9999.000 -9999.000 -9999.000 -9999.000 -9999.000 -9999.000 -9999.000 -9999.000 -9999.000 -9999.000 -9999.000 -9999.000 -9999.000 -9999.000 -9999.000 -9999.000 -9999.000 -9999.000 -9999.000 -9999.000 -9999.000 -9999.000 -9999.000 -9999.000 -9999.000 -9999.000 -9999.000 -9999.000 -9999.000 -9999.000 -9999.000 -9999.000 -9999.000 -9999.000 -9999.000 -9999.000 -9999.000 -9999.000 -9999.000 -9999.000 -9999.000 -9999.000 -9999.000 -9999.000 -9999.000 -9999.000 -9999.000 -9999.000 -9999.000 -9999.000 -9999.000 -9999.000 -9999.000 -9999.000 -9999.000 -9999.000 -9999.000 -9999.000 -9999.000 -9999.000 -9999.000 -9999.000 -9999.000 -9999.000 -9999.000
-9999.000 -9999.000 1660.162 1570.323 1482.826 1395.390 1307.899 1220.648 1133.954 1048.117 963.466 880.272 798.662 718.798 640.697 564.336 489.685 416.679 345.199 275.179 206.412 138.890 72.496 7.027 -57.416 -120.775 -133.860 -100.347 -70.695 -45.746 -25.638 -98.108 -170.142 -241.658 -311.932 -379.455 -441.720 -497.696 -545.791 -585.730 -619.695 -665.184 -813.948 -914.970 -1055.786 -1245.861 -1537.096 -2079.196 -2944.132 -3320.341 -3341.080 -3341.572 -3341.583 -3341.584 -3341.584 -3341.584 -3341.578 -3340.656 -3240.100 -2050.469 -1221.981 -916.148 -714.204 -693.192 -691.555 -691.467 -691.472 -691.482 -691.492 -691.503 -691.514 -691.526 -691.537 -691.549 -691.561 -691.573 -691.584 -691.596 -691.606 -691.616 -691.625 -691.634 -691.641 -691.648 -691.654 -691.659 -691.663 -691.667 -691.670 -691.672 -691.674 -691.676 -691.677 -691.677 -691.678 -691.678 -691.680 -691.689 -691.755 -692.200 -694.903 -709.968 -9999.000 -9999.000
-9999.000 -9999.000 1660.170 1570.327 1482.828 1395.390 1307.899 1220.649 1133.954 1048.117 963.466 880.272 798.662 718.798 640.697 564.336 489.685 416.679 345.199 275.179 206.412 138.890 72.496 7.027 -57.416 -120.775 -133.860 -100.347 -70.695 -45.746 -25.638 -98.108 -170.142 -241.658 -311.932 -379.455 -441.720 -497.696 -545.791 -585.730 -619.695 -665.184 -813.948 -914.970 -1055.786 -1245.861 -1537.096 -2079.196 -2944.132 -3320.341 -3341.080 -3341.572 -3341.583 -3341.584 -3341.584 -3341.584 -3341.578 -3340.656 -3240.100 -2050.469 -1221.981 -916.148 -714.204 -693.192 -691.555 -691.467 -691.472 -691.482 -691.492 -691.503 -691.514 -691.526 -691.537 -691.549 -691.561 -691.573 -691.584 -691.596 -691.606 -691.616 -691.625 -691.634 -691.641 -691.648 -691.654 -691.659 -691.663 -691.667 -691.670 -691.672 -691.674 -691.676 -691.677 -691.677 -691.678 -691.678 -691.680 -691.689 -691.755 -692.200 -694.903 -709.968 -9999.000 -9999.000
-9999.000 -9999.000 1660.176 1570.331 1482.829 1395.391 1307.899 1220.649 1133.954 1048.117 963.466 880.272 798.662 718.798 640.697 564.336 489.685 416.679 345.199 275.179 206.412 138.890 72.496 7.027 -57.416 -120.775 -133.860 -100.347 -70.695 -45.746 -25.638 -98.108 -170.142 -241.658 -311.932 -379.455 -441.720 -497.696 -545.791 -585.730 -619.695 -665.184 -813.948 -914.970 -1055.786 -1245.861 -1537.096 -2079.196 -2944.132 -3320.341 -3341.080 -3341.572 -3341.583 -3341.584 -3341.584 -3341.584 -3341.578 -3340.656 -3240.100 -2050.469 -1221.981 -916.148 -714.204 -693.192 -691.555 -691.467 -691.472 -691.482 -691.492 -691.503 -691.514 -691.526 -691.537 -691.549 -691.561 -691.573 -691.584 -691.596 -691.606 -691.616 -691.625 -691.634 -691.641 -691.648 -691.654 -691.659 -691.663 -691.667 -691.670 -691.672 -691.674 -691.676 -691.677 -691.677 -691.678 -691.678 -691.680 -691.689 -691.755 -692.200 -694.903 -709.968 -9999.000 -9999.000
-9999.000 -9999.000 1660.176 1570.331 1482.829 1395.391 1307.899 1220.649 1133.954 1048.117 963.466 880.272 798.662 718.798 640.697 564.336 489.685 416.679 345.199 275.179 206.412 138.890 72.496 7.027 -57.416 -120.775 -133.860 -100.347 -70.695 -45.746 -25.638 -98.108 -170.142 -241.658 -311.932 -379.455 -441.720 -497.696 -545.791 -585.730 -619.695 -665.184 -813.948 -914.970 -1055.786 -1245.861 -1537.096 -2079.196 -2944.132 -3320.341 -3341.080 -3341.572 -3341.583 -3341.584 -3341.584 -3341.584 -3341.578 -3340.656 -3240.100 -2050.469 -1221.981 -916.148 -714.204 -693.192 -691.555 -691.467 -691.472 -691.482 -691.492 -691.503 -691.514 -691.526 -691.537 -691.549 -691.561 -691.573 -691.584 -691.596 -691.606 -691.616 -691.625 -691.634 -691.641 -691.648 -691.654 -691.659 -691.663 -691.667 -691.670 -691.672 -691.674 -691.676 -691.677 -691.677 -691.678 -691.678 -691.680 -691.689 -691.755 -692.200 -694.903 -709.968 -9999.000 -9999.000
-9999.000 -9999.000 1660.170 1570.327 1482.828 1395.390 1307.899 1220.649 1133.954 1048.117 963.466 880.272 798.662 718.798 640.697 564.336 489.685 416.679 345.199 275.179 206.412 138.890 72.496 7.027 -57.416 -120.775 -133.860 -100.347 -70.695 -45.746 -25.638 -98.108 -170.142 -241.658 -311.932 -379.455 -441.720 -497.696 -545.791 -585.730 -619.695 -665.184 -813.948 -914.970 -1055.786 -1245.861 -1537.096 -2079.196 -2944.132 -3320.341 -3341.080 -3341.572 -3341.583 -3341.584 -3341.584 -3341.584 -3341.578 -3340.656 -3240.100 -2050.469 -1221.981 -916.148 -714.204 -693.192 -691.555 -691.467 -691.472 -691.482 -691.492 -691.503 -691.514 -691.526 -691.537 -691.549 -691.561 -691.573 -691.584 -691.596 -691.606 -691.616 -691.625 -691.634 -691.641 -691.648 -691.654 -691.659 -691.663 -691.667 -691.670 -691.672 -691.674 -691.676 -691.677 -691.677 -691.678 -691.678 -691.680 -691.689 -691.755 -692.200 -694.903 -709.968 -9999.000 -9999.000
-9999.000 -9999.000 1660.162 1570.323 1482.826 1395.390 1307.899 1220.648 1133.954 1048.117 963.466 880.272 798.662 718.798 640.697 564.336 489.685 416.679 345.199 275.179 206.412 138.890 72.496 7.027 -57.416 -120.775 -133.860 -100.347 -70.695 -45.746 -25.638 -98.108 -170.142 -241.658 -311.932 -379.455 -441.720 -497.696 -545.791 -585.730 -619.695 -665.184 -813.948 -914.970 -1055.786 -1245.861 -1537.096 -2079.196 -2944.132 -3320.341 -3341.080 -3341.572 -3341.583 -3341.584 -3341.584 -3341.584 -3341.578 -3340.656 -3240.100 -2050.469 -1221.981 -916.148 -714.204 -693.192 -691.555 -691.467 -691.472 -691.482 -691.492 -691.503 -691.514 -691.526 -691.537 -691.549 -691.561 -691.573 -691.584 -691.596 -691.606 -691.616 -691.625 -691.634 -691.641 -691.648 -691.654 -691.659 -691.663 -691.667 -691.670 -691.672 -691.674 -691.676 -691.677 -691.677 -691.678 -691.678 -691.680 -691.689 -691.755 -692.200 -694.903 -709.968 -9999.000 -9999.000
-9999.000 -9999.000 -9999.000 -9999.000 -9999.000 -9999.000 -9999.000 -9999.000 -9999.000 -9999.000 -9999.000 -9999.000 -9999.000 -9999.000 -9999.000 -9999.000 -9999.000 -9999.000 -9999.000 -9999.000 -9999.000 -9999.000 -9999.000 -9999.000 -9999.000 -9999.000 -9999.000 -9999.000 -9999.000 -9999.000 -9999.000 -9999.000 -9999.000 -9999.000 -9999.000 -9999.000 -9999.000 -9999.000 -9999.000 -9999.000 -9999.000 -9999.000 -9999.000 -9999.000 -9999.000 -9999.000 -9999.000 -9999.000 -9999.000 -9999.000 -9999.000 -9999.000 -9999.000 -9999.000 -9999.000 -9999.000 -9999.000 -9999.000 -9999.000 -9999.000 -9999.000 -9999.000 -9999.000 -9999.000 -9999.000 -9999.000 -9999.000 -9999.000 -9999.000 -9999.000 -9999.000 -9999.000 -9999.000 -9999.000 -9999.000 -9999.000 -9999.000 -9999.000 -9999.000 -9999.000 -9999.000 -9999.000 -9999.000 -9999.000 -9999.000 -9999.000 -9999.000 -9999.000 -9999.000 -9999.000 -9999.000 -9999.000 -9999.000 -9999.000 -9999.000 -9999.000 -9999.000 -9999.000 -9999.000 -9999.000 -9999.000 -9999.000 -9999.000 -9999.000
-9999.000 -9999.000 -9999.000 -9999.000 -9999.000 -9999.000 -9999.000 -9999.000 -9999.000 -9999.000 -9999.000 -9999.000 -9999.000 -9999.000 -9999.000 -9999.000 -9999.000 -9999.000 -9999.000 -9999.000 -9999.000 -9999.000 -9999.000 -9999.000 -9999.000 -9999.000 -9999.000 -9999.000 -9999.000 -9999.000 -9999.000 -9999.000 -9999.000 -9999.000 -9999.000 -9999.000 -9999.000 -9999.000 -9999.000 -9999.000 -9999.000 -9999.000 -9999.000 -9999.000 -9999.000 -9999.000 -9999.000 -9999.000 -9999.000 -9999.000 -9999.000 -9999.000 -9999.000 -9999.000 -9999.000 -9999.000 -9999.000 -9999.000 -9999.000 -9999.000 -9999.000 -9999.000 -9999.000 -9999.000 -9999.000 -9999.000 -9999.000 -9999.000 -9999.000 -9999.000 -9999.000 -9999.000 -9999.000 -9999.000 -9999.000 -9999.000 -9999.000 -9999.000 -9999.000 -9999.000 -9999.000 -9999.000 -9999.000 -9999.000 -9999.000 -9999.000 -9999.000 -9999.000 -9999.000 -9999.000 -9999.000 -9999.000 -9999.000 -9999.000 -9999.000 -9999.000 -9999.000 -9999.000 -9999.000 -9999.000 -9999.000 -9999.000 -9999.000 -9999.000