examples/3D/hillslope02_superslab/output-maps-METEOIO-OFF/psiliqL0025N0002.asc
ncols         104
nrows         10
xllcorner     -2.000000
yllcorner     0.000000
cellsize      1.000000
NODATA_value  -9999.0
-9999.000 -9999.000 -9999.000 -9999.000 -9999.000 -9999.000 -9999.000 -9999.000 -9999.000 -9999.000 -9999.000 -9999.000 -9999.000 -9999.000 -9999.000 -9999.000 -9999.000 -9999.000 -9999.000 -9999.000 -9999.000 -9999.000 -9999.000 -9999.000 -9999.000 -9999.000 -9999.000 -9999.000 -9999.000 -9999.000 -9999.000 -9999.000 -9999.000 -9999.000 -9999.000 -9999.000 -9999.000 -9999.000 -9999.000 -9999.000 -9999.000 -9999.000 -9999.000 -9999.000 -9999.000 -9999.000 -9999.000 -9999.000 -9999.000 -9999.000 -9999.000 -9999.000 -9999.000 -9999.000 -9999.000 -9999.000 -9999.000 -9999.000 -9999.000 -9999.000 -9999.000 -9999.000 -9999.000 -9999.000 -9999.000 -9999.000 -9999.000 -9999.000 -9999.000 -9999.000 -9999.000 -9999.000 -9999.000 -9999.000 -9999.000 -9999.000 -9999.000 -9999.000 -9999.000 -9999.000 -9999.000 -9999.000 -9999.000 -9999.000 -9999.000 -9999.000 -9999.000 -9999.000 -9999.000 -9999.000 -9999.000 -9999.000 -9999.000 -9999.000 -9999.000 -9999.000 -9999.000 -9999.000 -9999.000 -9999.000 -9999.000 -9999.000 -9999.000 -9999.000
-9999.000 -9999.000 -9999.000 -9999.000 -9999.000 -9999.000 -9999.000 -9999.000 -9999.000 -9999.000 -9999.000 -9999.000 -9999.000 -9999.000 -9999.000 -9999.000 -9999.000 -9999.000 -9999.000 -9999.000 -9999.000 -9999.000 -9999.000 -9999.000 -9999.000 -9999.000 -9999.000 -9999.000 -9999.000 -9999.000 -9999.000 -9999.000 -9999.000 -9999.000 -9999.000 -9999.000 -9999.000 -9999.000 -9999.000 -9999.000 -9999.000 -9999.000 -9999.000 -9999.000 -9999.000 -9999.000 -9999.000 -9999.000 -9999.000 -9999.000 -9999.000 -9999.000 -9999.000 -9999.000 -9999.000 -9999.000 -9999.000 -9999.000 -9999.000 -9999.000 -9999.000 -9999.000 -9999.000 -9999.000 -9999.000 -9999.000 -9999.000 -9999.000 -9999.000 -9999.000 -9999.000 -9999.000 -9999.000 -9999.000 -9999.000 -9999.000 -9999.000 -9999.000 -9999.000 -9999.000 -9999.000 -9999.000 -9999.000 -9999.000 -9999.000 -9999.000 -9999.000 -9999.000 -9999.000 -9999.000 -9999.000 -9999.000 -9999.000 -9999.000 -9999.000 -9999.000 -9999.000 -9999.000 -9999.000 -9999.000 -9999.000 -9999.000 -9999.000 -9999.000
-9999.000 -9999.000 -221.926 -261.727 -275.321 -282.005 -286.722 -290.935 -295.338 -301.574 -317.823 -363.022 -389.068 -407.551 -414.997 -408.084 -400.451 -392.256 -383.540 -375.733 -369.402 -364.332 -221.911 41.835 324.944 629.286 954.479 905.020 854.202 801.088 742.711 675.860 598.894 511.392 413.433 305.310 187.445 59.771 -75.161 -190.538 -251.576 -281.255 -1006.815 -1909.448 -3666.803 -3737.511 -3737.623 -3737.624 -3737.624 -3737.624 -3737.624 -3737.624 -3737.624 -3737.624 -3737.624 -3737.624 -3737.624 -3737.624 -3737.619 -3735.937 -2927.610 -1159.440 -348.730 -355.124 -355.669 -355.699 -355.696 -355.692 -355.688 -355.684 -355.680 -355.676 -355.672 -355.668 -355.663 -355.659 -355.655 -355.651 -355.647 -355.643 -355.639 -355.635 -355.630 -355.626 -355.622 -355.618 -355.614 -355.610 -355.606 -355.602 -355.597 -355.593 -355.589 -355.585 -355.581 -355.577 -355.573 -355.570 -355.583 -355.746 -357.206 -368.336 -9999.000 -9999.000
-9999.000 -9999.000 -221.488 -261.666 -275.317 -282.005 -286.722 -290.935 -295.338 -301.574 -317.823 -363.022 -389.068 -407.551 -414.997 -408.084 -400.451 -392.256 -383.540 -375.733 -369.402 -364.332 -221.911 41.835 324.944 629.286 954.479 905.020 854.202 801.088 742.711 675.860 598.894 511.392 413.433 305.310 187.445 59.771 -75.161 -190.538 -251.576 -281.255 -1006.815 -1909.448 -3666.803 -3737.511 -3737.623 -3737.624 -3737.624 -3737.624 -3737.624 -3737.624 -3737.624 -3737.624 -3737.624 -3737.624 -3737.624 -3737.624 -3737.619 -3735.937 -2927.610 -1159.440 -348.730 -355.124 -355.669 -355.699 -355.696 -355.692 -355.688 -355.684 -355.680 -355.676 -355.672 -355.668 -355.663 -355.659 -355.655 -355.651 -355.647 -355.643 -355.639 -355.635 -355.630 -355.626 -355.622 -355.618 -355.614 -355.610 -355.606 -355.602 -355.597 -355.593 -355.589 -355.585 -355.581 -355.577 -355.573 -355.570 -355.583 -355.746 -357.206 -368.336 -9999.000 -9999.000
-9999.000 -9999.000 -221.405 -261.653 -275.315 -282.005 -286.722 -290.935 -295.338 -301.574 -317.823 -363.022 -389.068 -407.551 -414.997 -408.084 -400.451 -392.256 -383.540 -375.733 -369.402 -364.332 -221.911 41.835 324.944 629.286 954.479 905.020 854.202 801.088 742.711 675.860 598.894 511.392 413.433 305.310 187.445 59.771 -75.161 -190.538 -251.576 -281.255 -1006.815 -1909.448 -3666.803 -3737.511 -3737.623 -3737.624 -3737.624 -3737.624 -3737.624 -3737.624 -3737.624 -3737.624 -3737.624 -3737.624 -3737.624 -3737.624 -3737.619 -3735.937 -2927.610 -1159.440 -348.730 -355.124 -355.669 -355.699 -355.696 -355.692 -355.688 -355.684 -355.680 -355.676 -355.672 -355.668 -355.663 -355.659 -355.655 -355.651 -355.647 -355.643 -355.639 -355.635 -355.630 -355.626 -355.622 -355.618 -355.614 -355.610 -355.606 -355.602 -355.597 -355.593 -355.589 -355.585 -355.581 -355.577 -355.573 -355.570 -355.583 -355.746 -357.206 -368.336 -9999.000 -9999.000
-9999.000 -9999.000 -221.405 -261.653 -275.315 -282.005 -286.722 -290.935 -295.338 -301.574 -317.823 -363.022 -389.068 -407.551 -414.997 -408.084 -400.451 -392.256 -383.540 -375.733 -369.402 -364.332 -221.911 41.835 324.944 629.286 954.479 905.020 854.202 801.088 742.711 675.860 598.894 511.392 413.433 305.310 187.445 59.771 -75.161 -190.538 -251.576 -281.255 -1006.815 -1909.448 -3666.803 -3737.511 -3737.623 -3737.624 -3737.624 -3737.624 -3737.624 -3737.624 -3737.624 -3737.624 -3737.624 -3737.624 -3737.624 -3737.624 -3737.619 -3735.937 -2927.610 -1159.440 -348.730 -355.124 -355.669 -355.699 -355.696 -355.692 -355.688 -355.684 -355.680 -355.676 -355.672 -355.668 -355.663 -355.659 -355.655 -355.651 -355.647 -355.643 -355.639 -355.635 -355.630 -355.626 -355.622 -355.618 -355.614 -355.610 -355.606 -355.602 -355.597 -355.593 -355.589 -355.585 -355.581 -355.577 -355.573 -355.570 -355.583 -355.746 -357.206 -368.336 -9999.000 -9999.000
-9999.000 -9999.000 -221.488 -261.666 -275.317 -282.005 -286.722 -290.935 -295.338 -301.574 -317.823 -363.022 -389.068 -407.551 -414.997 -408.084 -400.451 -392.256 -383.540 -375.733 -369.402 -364.332 -221.911 41.835 324.944 629.286 954.479 905.020 854.202 801.088 742.711 675.860 598.894 511.392 413.433 305.310 187.445 59.771 -75.161 -190.538 -251.576 -281.255 -1006.815 -1909.448 -3666.803 -3737.511 -3737.623 -3737.624 -3737.624 -3737.624 -3737.624 -3737.624 -3737.624 -3737.624 -3737.624 -3737.624 -3737.624 -3737.624 -3737.619 -3735.937 -2927.610 -1159.440 -348.730 -355.124 -355.669 -355.699 -355.696 -355.692 -355.688 -355.684 -355.680 -355.676 -355.672 -355.668 -355.663 -355.659 -355.655 -355.651 -355.647 -355.643 -355.639 -355.635 -355.630 -355.626 -355.622 -355.618 -355.614 -355.610 -355.606 -355.602 -355.597 -355.593 -355.589 -355.585 -355.581 -355.577 -355.573 -355.570 -355.583 -355.746 -357.206 -368.336 -9999.000 -9999.000
-9999.000 -9999.000 -221.926 -261.727 -275.321 -282.005 -286.722 -290.935 -295.338 -301.574 -317.823 -363.022 -389.068 -407.551 -414.997 -408.084 -400.451 -392.256 -383.540 -375.733 -369.402 -364.332 -221.911 41.835 324.944 629.286 954.479 905.020 854.202 801.088 742.711 675.860 598.894 511.392 413.433 305.310 187.445 59.771 -75.161 -190.538 -251.576 -281.255 -1006.815 -1909.448 -3666.803 -3737.511 -3737.623 -3737.624 -3737.624 -3737.624 -3737.624 -3737.624 -3737.624 -3737.624 -3737.624 -3737.624 -3737.624 -3737.624 -3737.619 -3735.937 -2927.610 -1159.440 -348.730 -355.124 -355.669 -355.699 -355.696 -355.692 -355.688 -355.684 -355.680 -355.676 -355.672 -355.668 -355.663 -355.659 -355.655 -355.651 -355.647 -355.643 -355.639 -355.635 -355.630 -355.626 -355.622 -355.618 -355.614 -355.610 -355.606 -355.602 -355.597 -355.593 -355.589 -355.585 -355.581 -355.577 -355.573 -355.570 -355.583 -355.746 -357.206 -368.336 -9999.000 -9999.000
-9999.000 -9999.000 -9999.000 -9999.000 -9999.000 -9999.000 -9999.000 -9999.000 -9999.000 -9999.000 -9999.000 -9999.000 -9999.000 -9999.000 -9999.000 -9999.000 -9999.000 -9999.000 -9999.000 -9999.000 -9999.000 -9999.000 -9999.000 -9999.000 -9999.000 -9999.000 -9999.000 -9999.000 -9999.000 -9999.000 -9999.000 -9999.000 -9999.000 -9999.000 -9999.000 -9999.000 -9999.000 -9999.000 -9999.000 -9999.000 -9999.000 -9999.000 -9999.000 -9999.000 -9999.000 -9999.000 -9999.000 -9999.000 -9999.000 -9999.000 -9999.000 -9999.000 -9999.000 -9999.000 -9999.000 -9999.000 -9999.000 -9999.000 -9999.000 -9999.000 -9999.000 -9999.000 -9999.000 -9999.000 -9999.000 -9999.000 -9999.000 -9999.000 -9999.000 -9999.000 -9999.000 -9999.000 -9999.000 -9999.000 -9999.000 -9999.000 -9999.000 -9999.000 -9999.000 -9999.000 -9999.000 -9999.000 -9999.000 -9999.000 -9999.000 -9999.000 -9999.000 -9999.000 -9999.000 -9999.000 -9999.000 -9999.000 -9999.000 -9999.000 -9999.000 -9999.000 -9999.000 -9999.000 -9999.000 -9999.000 -9999.000 -9999.000 -9999.000 -9999.000
-9999.000 -9999.000 -9999.000 -9999.000 -9999.000 -9999.000 -9999.000 -9999.000 -9999.000 -9999.000 -9999.000 -9999.000 -9999.000 -9999.000 -9999.000 -9999.000 -9999.000 -9999.000 -9999.000 -9999.000 -9999.000 -9999.000 -9999.000 -9999.000 -9999.000 -9999.000 -9999.000 -9999.000 -9999.000 -9999.000 -9999.000 -9999.000 -9999.000 -9999.000 -9999.000 -9999.000 -9999.000 -9999.000 -9999.000 -9999.000 -9999.000 -9999.000 -9999.000 -9999.000 -9999.000 -9999.000 -9999.000 -9999.000 -9999.000 -9999.000 -9999.000 -9999.000 -9999.000 -9999.000 -9999.000 -9999.000 -9999.000 -9999.000 -9999.000 -9999.000 -9999.000 -9999.000 -9999.000 -9999.000 -9999.000 -9999.000 -9999.000 -9999.000 -9999.000 -9999.000 -9999.000 -9999.000 -9999.000 -9999.000 -9999.000 -9999.000 -9999.000 -9999.000 -9999.000 -9999.000 -9999.000 -9999.000 -9999.000 -9999.000 -9999.000 -9999.000 -9999.000 -9999.000 -9999.000 -9999.000 -9999.000 -9999.000 -9999.000 -9999.000 -9999.000 -9999.000 -9999.000 -9999.000 -9999.000 -9999.000 -9999.000 -9999.000 -9999.000 -9999.000