examples/3D/hillslope02_superslab/output-maps-METEOIO-OFF/psiliqL0053N0001.asc
ncols         104
nrows         10
xllcorner     -2.000000
yllcorner     0.000000
cellsize      1.000000
NODATA_value  -9999.0
-9999.000 -9999.000 -9999.000 -9999.000 -9999.000 -9999.000 -9999.000 -9999.000 -9999.000 -9999.000 -9999.000 -9999.000 -9999.000 -9999.000 -9999.000 -9999.000 -9999.000 -9999.000 -9999.000 -9999.000 -9999.000 -9999.000 -9999.000 -9999.000 -9999.000 -9999.000 -9999.000 -9999.000 -9999.000 -9999.000 -9999.000 -9999.000 -9999.000 -9999.000 -9999.000 -9999.000 -9999.000 -9999.000 -9999.000 -9999.000 -9999.000 -9999.000 -9999.000 -9999.000 -9999.000 -9999.000 -9999.000 -9999.000 -9999.000 -9999.000 -9999.000 -9999.000 -9999.000 -9999.000 -9999.000 -9999.000 -9999.000 -9999.000 -9999.000 -9999.000 -9999.000 -9999.000 -9999.000 -9999.000 -9999.000 -9999.000 -9999.000 -9999.000 -9999.000 -9999.000 -9999.000 -9999.000 -9999.000 -9999.000 -9999.000 -9999.000 -9999.000 -9999.000 -9999.000 -9999.000 -9999.000 -9999.000 -9999.000 -9999.000 -9999.000 -9999.000 -9999.000 -9999.000 -9999.000 -9999.000 -9999.000 -9999.000 -9999.000 -9999.000 -9999.000 -9999.000 -9999.000 -9999.000 -9999.000 -9999.000 -9999.000 -9999.000 -9999.000 -9999.000
-9999.000 -9999.000 -9999.000 -9999.000 -9999.000 -9999.000 -9999.000 -9999.000 -9999.000 -9999.000 -9999.000 -9999.000 -9999.000 -9999.000 -9999.000 -9999.000 -9999.000 -9999.000 -9999.000 -9999.000 -9999.000 -9999.000 -9999.000 -9999.000 -9999.000 -9999.000 -9999.000 -9999.000 -9999.000 -9999.000 -9999.000 -9999.000 -9999.000 -9999.000 -9999.000 -9999.000 -9999.000 -9999.000 -9999.000 -9999.000 -9999.000 -9999.000 -9999.000 -9999.000 -9999.000 -9999.000 -9999.000 -9999.000 -9999.000 -9999.000 -9999.000 -9999.000 -9999.000 -9999.000 -9999.000 -9999.000 -9999.000 -9999.000 -9999.000 -9999.000 -9999.000 -9999.000 -9999.000 -9999.000 -9999.000 -9999.000 -9999.000 -9999.000 -9999.000 -9999.000 -9999.000 -9999.000 -9999.000 -9999.000 -9999.000 -9999.000 -9999.000 -9999.000 -9999.000 -9999.000 -9999.000 -9999.000 -9999.000 -9999.000 -9999.000 -9999.000 -9999.000 -9999.000 -9999.000 -9999.000 -9999.000 -9999.000 -9999.000 -9999.000 -9999.000 -9999.000 -9999.000 -9999.000 -9999.000 -9999.000 -9999.000 -9999.000 -9999.000 -9999.000
-9999.000 -9999.000 -334.060 -352.033 -346.707 -332.968 -321.762 -317.512 -318.400 -323.477 -338.307 -404.621 -804.442 -2291.814 -2351.445 -2351.485 -2351.485 -2351.485 -2351.485 -2351.485 -2351.485 -2351.485 -2351.482 -2351.447 -2350.199 -2217.849 -931.385 -500.082 -394.568 -365.053 -355.617 -351.610 -349.471 -348.365 -348.062 -348.480 -195.643 69.540 310.479 518.588 681.911 480.641 261.285 33.593 -188.695 -470.854 -1538.437 -2348.378 -2351.483 -2351.486 -2351.485 -2351.485 -2351.485 -2351.485 -2351.485 -2351.485 -2351.485 -2351.485 -2351.485 -2351.446 -2319.966 -1084.019 -424.313 -363.035 -358.626 -358.373 -358.357 -358.351 -358.345 -358.339 -358.333 -358.327 -358.321 -358.316 -358.310 -358.304 -358.298 -358.292 -358.286 -358.280 -358.274 -358.268 -358.262 -358.256 -358.250 -358.244 -358.238 -358.232 -358.226 -358.220 -358.215 -358.209 -358.203 -358.197 -358.191 -358.186 -358.184 -358.211 -358.415 -359.620 -365.773 -393.764 -9999.000 -9999.000
-9999.000 -9999.000 -334.060 -352.033 -346.707 -332.968 -321.762 -317.512 -318.400 -323.477 -338.307 -404.621 -804.442 -2291.814 -2351.445 -2351.485 -2351.485 -2351.485 -2351.485 -2351.485 -2351.485 -2351.485 -2351.482 -2351.447 -2350.199 -2217.849 -931.385 -500.082 -394.568 -365.053 -355.617 -351.610 -349.471 -348.365 -348.062 -348.480 -195.643 69.540 310.479 518.588 681.911 480.641 261.285 33.593 -188.695 -470.854 -1538.437 -2348.378 -2351.483 -2351.486 -2351.485 -2351.485 -2351.485 -2351.485 -2351.485 -2351.485 -2351.485 -2351.485 -2351.485 -2351.446 -2319.966 -1084.019 -424.313 -363.035 -358.626 -358.373 -358.357 -358.351 -358.345 -358.339 -358.333 -358.327 -358.321 -358.316 -358.310 -358.304 -358.298 -358.292 -358.286 -358.280 -358.274 -358.268 -358.262 -358.256 -358.250 -358.244 -358.238 -358.232 -358.226 -358.220 -358.215 -358.209 -358.203 -358.197 -358.191 -358.186 -358.184 -358.211 -358.415 -359.620 -365.773 -393.764 -9999.000 -9999.000
-9999.000 -9999.000 -334.060 -352.033 -346.707 -332.968 -321.762 -317.512 -318.400 -323.477 -338.307 -404.621 -804.442 -2291.814 -2351.445 -2351.485 -2351.485 -2351.485 -2351.485 -2351.485 -2351.485 -2351.485 -2351.482 -2351.447 -2350.199 -2217.849 -931.385 -500.082 -394.568 -365.053 -355.617 -351.610 -349.471 -348.365 -348.062 -348.480 -195.643 69.540 310.479 518.588 681.911 480.641 261.285 33.593 -188.695 -470.854 -1538.437 -2348.378 -2351.483 -2351.486 -2351.485 -2351.485 -2351.485 -2351.485 -2351.485 -2351.485 -2351.485 -2351.485 -2351.485 -2351.446 -2319.966 -1084.019 -424.313 -363.035 -358.626 -358.373 -358.357 -358.351 -358.345 -358.339 -358.333 -358.327 -358.321 -358.316 -358.310 -358.304 -358.298 -358.292 -358.286 -358.280 -358.274 -358.268 -358.262 -358.256 -358.250 -358.244 -358.238 -358.232 -358.226 -358.220 -358.215 -358.209 -358.203 -358.197 -358.191 -358.186 -358.184 -358.211 -358.415 -359.620 -365.773 -393.764 -9999.000 -9999.000
-9999.000 -9999.000 -334.060 -352.033 -346.707 -332.968 -321.762 -317.512 -318.400 -323.477 -338.307 -404.621 -804.442 -2291.814 -2351.445 -2351.485 -2351.485 -2351.485 -2351.485 -2351.485 -2351.485 -2351.485 -2351.482 -2351.447 -2350.199 -2217.849 -931.385 -500.082 -394.568 -365.053 -355.617 -351.610 -349.471 -348.365 -348.062 -348.480 -195.643 69.540 310.479 518.588 681.911 480.641 261.285 33.593 -188.695 -470.854 -1538.437 -2348.378 -2351.483 -2351.486 -2351.485 -2351.485 -2351.485 -2351.485 -2351.485 -2351.485 -2351.485 -2351.485 -2351.485 -2351.446 -2319.966 -1084.019 -424.313 -363.035 -358.626 -358.373 -358.357 -358.351 -358.345 -358.339 -358.333 -358.327 -358.321 -358.316 -358.310 -358.304 -358.298 -358.292 -358.286 -358.280 -358.274 -358.268 -358.262 -358.256 -358.250 -358.244 -358.238 -358.232 -358.226 -358.220 -358.215 -358.209 -358.203 -358.197 -358.191 -358.186 -358.184 -358.211 -358.415 -359.620 -365.773 -393.764 -9999.000 -9999.000
-9999.000 -9999.000 -334.060 -352.033 -346.707 -332.968 -321.762 -317.512 -318.400 -323.477 -338.307 -404.621 -804.442 -2291.814 -2351.445 -2351.485 -2351.485 -2351.485 -2351.485 -2351.485 -2351.485 -2351.485 -2351.482 -2351.447 -2350.199 -2217.849 -931.385 -500.082 -394.568 -365.053 -355.617 -351.610 -349.471 -348.365 -348.062 -348.480 -195.643 69.540 310.479 518.588 681.911 480.641 261.285 33.593 -188.695 -470.854 -1538.437 -2348.378 -2351.483 -2351.486 -2351.485 -2351.485 -2351.485 -2351.485 -2351.485 -2351.485 -2351.485 -2351.485 -2351.485 -2351.446 -2319.966 -1084.019 -424.313 -363.035 -358.626 -358.373 -358.357 -358.351 -358.345 -358.339 -358.333 -358.327 -358.321 -358.316 -358.310 -358.304 -358.298 -358.292 -358.286 -358.280 -358.274 -358.268 -358.262 -358.256 -358.250 -358.244 -358.238 -358.232 -358.226 -358.220 -358.215 -358.209 -358.203 -358.197 -358.191 -358.186 -358.184 -358.211 -358.415 -359.620 -365.773 -393.764 -9999.000 -9999.000
-9999.000 -9999.000 -334.060 -352.033 -346.707 -332.968 -321.762 -317.512 -318.400 -323.477 -338.307 -404.621 -804.442 -2291.814 -2351.445 -2351.485 -2351.485 -2351.485 -2351.485 -2351.485 -2351.485 -2351.485 -2351.482 -2351.447 -2350.199 -2217.849 -931.385 -500.082 -394.568 -365.053 -355.617 -351.610 -349.471 -348.365 -348.062 -348.480 -195.643 69.540 310.479 518.588 681.911 480.641 261.285 33.593 -188.695 -470.854 -1538.437 -2348.378 -2351.483 -2351.486 -2351.485 -2351.485 -2351.485 -2351.485 -2351.485 -2351.485 -2351.485 -2351.485 -2351.485 -2351.446 -2319.966 -1084.019 -424.313 -363.035 -358.626 -358.373 -358.357 -358.351 -358.345 -358.339 -358.333 -358.327 -358.321 -358.316 -358.310 -358.304 -358.298 -358.292 -358.286 -358.280 -358.274 -358.268 -358.262 -358.256 -358.250 -358.244 -358.238 -358.232 -358.226 -358.220 -358.215 -358.209 -358.203 -358.197 -358.191 -358.186 -358.184 -358.211 -358.415 -359.620 -365.773 -393.764 -9999.000 -9999.000
-9999.000 -9999.000 -9999.000 -9999.000 -9999.000 -9999.000 -9999.000 -9999.000 -9999.000 -9999.000 -9999.000 -9999.000 -9999.000 -9999.000 -9999.000 -9999.000 -9999.000 -9999.000 -9999.000 -9999.000 -9999.000 -9999.000 -9999.000 -9999.000 -9999.000 -9999.000 -9999.000 -9999.000 -9999.000 -9999.000 -9999.000 -9999.000 -9999.000 -9999.000 -9999.000 -9999.000 -9999.000 -9999.000 -9999.000 -9999.000 -9999.000 -9999.000 -9999.000 -9999.000 -9999.000 -9999.000 -9999.000 -9999.000 -9999.000 -9999.000 -9999.000 -9999.000 -9999.000 -9999.000 -9999.000 -9999.000 -9999.000 -9999.000 -9999.000 -9999.000 -9999.000 -9999.000 -9999.000 -9999.000 -9999.000 -9999.000 -9999.000 -9999.000 -9999.000 -9999.000 -9999.000 -9999.000 -9999.000 -9999.000 -9999.000 -9999.000 -9999.000 -9999.000 -9999.000 -9999.000 -9999.000 -9999.000 -9999.000 -9999.000 -9999.000 -9999.000 -9999.000 -9999.000 -9999.000 -9999.000 -9999.000 -9999.000 -9999.000 -9999.000 -9999.000 -9999.000 -9999.000 -9999.000 -9999.000 -9999.000 -9999.000 -9999.000 -9999.000 -9999.000
-9999.000 -9999.000 -9999.000 -9999.000 -9999.000 -9999.000 -9999.000 -9999.000 -9999.000 -9999.000 -9999.000 -9999.000 -9999.000 -9999.000 -9999.000 -9999.000 -9999.000 -9999.000 -9999.000 -9999.000 -9999.000 -9999.000 -9999.000 -9999.000 -9999.000 -9999.000 -9999.000 -9999.000 -9999.000 -9999.000 -9999.000 -9999.000 -9999.000 -9999.000 -9999.000 -9999.000 -9999.000 -9999.000 -9999.000 -9999.000 -9999.000 -9999.000 -9999.000 -9999.000 -9999.000 -9999.000 -9999.000 -9999.000 -9999.000 -9999.000 -9999.000 -9999.000 -9999.000 -9999.000 -9999.000 -9999.000 -9999.000 -9999.000 -9999.000 -9999.000 -9999.000 -9999.000 -9999.000 -9999.000 -9999.000 -9999.000 -9999.000 -9999.000 -9999.000 -9999.000 -9999.000 -9999.000 -9999.000 -9999.000 -9999.000 -9999.000 -9999.000 -9999.000 -9999.000 -9999.000 -9999.000 -9999.000 -9999.000 -9999.000 -9999.000 -9999.000 -9999.000 -9999.000 -9999.000 -9999.000 -9999.000 -9999.000 -9999.000 -9999.000 -9999.000 -9999.000 -9999.000 -9999.000 -9999.000 -9999.000 -9999.000 -9999.000 -9999.000 -9999.000