examples/3D/hillslope02_superslab/output-maps-METEOIO-OFF/psiliqL0032N0001.asc
ncols         104
nrows         10
xllcorner     -2.000000
yllcorner     0.000000
cellsize      1.000000
NODATA_value  -9999.0
-9999.000 -9999.000 -9999.000 -9999.000 -9999.000 -9999.000 -9999.000 -9999.000 -9999.000 -9999.000 -9999.000 -9999.000 -9999.000 -9999.000 -9999.000 -9999.000 -9999.000 -9999.000 -9999.000 -9999.000 -9999.000 -9999.000 -9999.000 -9999.000 -9999.000 -9999.000 -9999.000 -9999.000 -9999.000 -9999.000 -9999.000 -9999.000 -9999.000 -9999.000 -9999.000 -9999.000 -9999.000 -9999.000 -9999.000 -9999.000 -9999.000 -9999.000 -9999.000 -9999.000 -9999.000 -9999.000 -9999.000 -9999.000 -9999.000 -9999.000 -9999.000 -9999.000 -9999.000 -9999.000 -9999.000 -9999.000 -9999.000 -9999.000 -9999.000 -9999.000 -9999.000 -9999.000 -9999.000 -9999.000 -9999.000 -9999.000 -9999.000 -9999.000 -9999.000 -9999.000 -9999.000 -9999.000 -9999.000 -9999.000 -9999.000 -9999.000 -9999.000 -9999.000 -9999.000 -9999.000 -9999.000 -9999.000 -9999.000 -9999.000 -9999.000 -9999.000 -9999.000 -9999.000 -9999.000 -9999.000 -9999.000 -9999.000 -9999.000 -9999.000 -9999.000 -9999.000 -9999.000 -9999.000 -9999.000 -9999.000 -9999.000 -9999.000 -9999.000 -9999.000
-9999.000 -9999.000 -9999.000 -9999.000 -9999.000 -9999.000 -9999.000 -9999.000 -9999.000 -9999.000 -9999.000 -9999.000 -9999.000 -9999.000 -9999.000 -9999.000 -9999.000 -9999.000 -9999.000 -9999.000 -9999.000 -9999.000 -9999.000 -9999.000 -9999.000 -9999.000 -9999.000 -9999.000 -9999.000 -9999.000 -9999.000 -9999.000 -9999.000 -9999.000 -9999.000 -9999.000 -9999.000 -9999.000 -9999.000 -9999.000 -9999.000 -9999.000 -9999.000 -9999.000 -9999.000 -9999.000 -9999.000 -9999.000 -9999.000 -9999.000 -9999.000 -9999.000 -9999.000 -9999.000 -9999.000 -9999.000 -9999.000 -9999.000 -9999.000 -9999.000 -9999.000 -9999.000 -9999.000 -9999.000 -9999.000 -9999.000 -9999.000 -9999.000 -9999.000 -9999.000 -9999.000 -9999.000 -9999.000 -9999.000 -9999.000 -9999.000 -9999.000 -9999.000 -9999.000 -9999.000 -9999.000 -9999.000 -9999.000 -9999.000 -9999.000 -9999.000 -9999.000 -9999.000 -9999.000 -9999.000 -9999.000 -9999.000 -9999.000 -9999.000 -9999.000 -9999.000 -9999.000 -9999.000 -9999.000 -9999.000 -9999.000 -9999.000 -9999.000 -9999.000
-9999.000 -9999.000 -340.775 -350.855 -340.767 -324.714 -315.025 -312.706 -314.505 -318.974 -329.126 -363.700 -390.175 -414.586 -433.376 -428.938 -423.702 -418.535 -411.818 -405.430 -399.084 -392.578 -386.039 -379.728 -373.867 -368.514 -112.190 140.166 414.116 708.782 835.288 772.296 697.870 611.514 513.264 403.449 282.416 149.812 4.880 -139.991 -237.381 -288.403 -589.306 -1353.841 -3220.966 -3390.728 -3391.089 -3391.089 -3391.089 -3391.089 -3391.089 -3391.089 -3391.089 -3391.089 -3391.089 -3391.089 -3391.089 -3391.089 -3391.049 -3362.809 -1831.070 -686.084 -361.649 -355.413 -355.670 -355.701 -355.699 -355.695 -355.691 -355.687 -355.683 -355.678 -355.674 -355.670 -355.666 -355.662 -355.658 -355.654 -355.650 -355.645 -355.641 -355.637 -355.633 -355.629 -355.625 -355.621 -355.617 -355.612 -355.608 -355.604 -355.600 -355.596 -355.592 -355.588 -355.584 -355.580 -355.576 -355.575 -355.604 -355.881 -357.988 -371.542 -9999.000 -9999.000
-9999.000 -9999.000 -340.775 -350.855 -340.767 -324.714 -315.025 -312.706 -314.505 -318.974 -329.126 -363.700 -390.175 -414.586 -433.376 -428.938 -423.702 -418.535 -411.818 -405.430 -399.084 -392.578 -386.039 -379.728 -373.867 -368.514 -112.190 140.166 414.116 708.782 835.288 772.296 697.870 611.514 513.264 403.449 282.416 149.812 4.880 -139.991 -237.381 -288.403 -589.306 -1353.841 -3220.966 -3390.728 -3391.089 -3391.089 -3391.089 -3391.089 -3391.089 -3391.089 -3391.089 -3391.089 -3391.089 -3391.089 -3391.089 -3391.089 -3391.049 -3362.809 -1831.070 -686.084 -361.649 -355.413 -355.670 -355.701 -355.699 -355.695 -355.691 -355.687 -355.683 -355.678 -355.674 -355.670 -355.666 -355.662 -355.658 -355.654 -355.650 -355.645 -355.641 -355.637 -355.633 -355.629 -355.625 -355.621 -355.617 -355.612 -355.608 -355.604 -355.600 -355.596 -355.592 -355.588 -355.584 -355.580 -355.576 -355.575 -355.604 -355.881 -357.988 -371.542 -9999.000 -9999.000
-9999.000 -9999.000 -340.775 -350.855 -340.767 -324.714 -315.025 -312.706 -314.505 -318.974 -329.126 -363.700 -390.175 -414.586 -433.376 -428.938 -423.702 -418.535 -411.818 -405.430 -399.084 -392.578 -386.039 -379.728 -373.867 -368.514 -112.190 140.166 414.116 708.782 835.288 772.296 697.870 611.514 513.264 403.449 282.416 149.812 4.880 -139.991 -237.381 -288.403 -589.306 -1353.841 -3220.966 -3390.728 -3391.089 -3391.089 -3391.089 -3391.089 -3391.089 -3391.089 -3391.089 -3391.089 -3391.089 -3391.089 -3391.089 -3391.089 -3391.049 -3362.809 -1831.070 -686.084 -361.649 -355.413 -355.670 -355.701 -355.699 -355.695 -355.691 -355.687 -355.683 -355.678 -355.674 -355.670 -355.666 -355.662 -355.658 -355.654 -355.650 -355.645 -355.641 -355.637 -355.633 -355.629 -355.625 -355.621 -355.617 -355.612 -355.608 -355.604 -355.600 -355.596 -355.592 -355.588 -355.584 -355.580 -355.576 -355.575 -355.604 -355.881 -357.988 -371.542 -9999.000 -9999.000
-9999.000 -9999.000 -340.775 -350.855 -340.767 -324.714 -315.025 -312.706 -314.505 -318.974 -329.126 -363.700 -390.175 -414.586 -433.376 -428.938 -423.702 -418.535 -411.818 -405.430 -399.084 -392.578 -386.039 -379.728 -373.867 -368.514 -112.190 140.166 414.116 708.782 835.288 772.296 697.870 611.514 513.264 403.449 282.416 149.812 4.880 -139.991 -237.381 -288.403 -589.306 -1353.841 -3220.966 -3390.728 -3391.089 -3391.089 -3391.089 -3391.089 -3391.089 -3391.089 -3391.089 -3391.089 -3391.089 -3391.089 -3391.089 -3391.089 -3391.049 -3362.809 -1831.070 -686.084 -361.649 -355.413 -355.670 -355.701 -355.699 -355.695 -355.691 -355.687 -355.683 -355.678 -355.674 -355.670 -355.666 -355.662 -355.658 -355.654 -355.650 -355.645 -355.641 -355.637 -355.633 -355.629 -355.625 -355.621 -355.617 -355.612 -355.608 -355.604 -355.600 -355.596 -355.592 -355.588 -355.584 -355.580 -355.576 -355.575 -355.604 -355.881 -357.988 -371.542 -9999.000 -9999.000
-9999.000 -9999.000 -340.775 -350.855 -340.767 -324.714 -315.025 -312.706 -314.505 -318.974 -329.126 -363.700 -390.175 -414.586 -433.376 -428.938 -423.702 -418.535 -411.818 -405.430 -399.084 -392.578 -386.039 -379.728 -373.867 -368.514 -112.190 140.166 414.116 708.782 835.288 772.296 697.870 611.514 513.264 403.449 282.416 149.812 4.880 -139.991 -237.381 -288.403 -589.306 -1353.841 -3220.966 -3390.728 -3391.089 -3391.089 -3391.089 -3391.089 -3391.089 -3391.089 -3391.089 -3391.089 -3391.089 -3391.089 -3391.089 -3391.089 -3391.049 -3362.809 -1831.070 -686.084 -361.649 -355.413 -355.670 -355.701 -355.699 -355.695 -355.691 -355.687 -355.683 -355.678 -355.674 -355.670 -355.666 -355.662 -355.658 -355.654 -355.650 -355.645 -355.641 -355.637 -355.633 -355.629 -355.625 -355.621 -355.617 -355.612 -355.608 -355.604 -355.600 -355.596 -355.592 -355.588 -355.584 -355.580 -355.576 -355.575 -355.604 -355.881 -357.988 -371.542 -9999.000 -9999.000
-9999.000 -9999.000 -340.775 -350.855 -340.767 -324.714 -315.025 -312.706 -314.505 -318.974 -329.126 -363.700 -390.175 -414.586 -433.376 -428.938 -423.702 -418.535 -411.818 -405.430 -399.084 -392.578 -386.039 -379.728 -373.867 -368.514 -112.190 140.166 414.116 708.782 835.288 772.296 697.870 611.514 513.264 403.449 282.416 149.812 4.880 -139.991 -237.381 -288.403 -589.306 -1353.841 -3220.966 -3390.728 -3391.089 -3391.089 -3391.089 -3391.089 -3391.089 -3391.089 -3391.089 -3391.089 -3391.089 -3391.089 -3391.089 -3391.089 -3391.049 -3362.809 -1831.070 -686.084 -361.649 -355.413 -355.670 -355.701 -355.699 -355.695 -355.691 -355.687 -355.683 -355.678 -355.674 -355.670 -355.666 -355.662 -355.658 -355.654 -355.650 -355.645 -355.641 -355.637 -355.633 -355.629 -355.625 -355.621 -355.617 -355.612 -355.608 -355.604 -355.600 -355.596 -355.592 -355.588 -355.584 -355.580 -355.576 -355.575 -355.604 -355.881 -357.988 -371.542 -9999.000 -9999.000
-9999.000 -9999.000 -9999.000 -9999.000 -9999.000 -9999.000 -9999.000 -9999.000 -9999.000 -9999.000 -9999.000 -9999.000 -9999.000 -9999.000 -9999.000 -9999.000 -9999.000 -9999.000 -9999.000 -9999.000 -9999.000 -9999.000 -9999.000 -9999.000 -9999.000 -9999.000 -9999.000 -9999.000 -9999.000 -9999.000 -9999.000 -9999.000 -9999.000 -9999.000 -9999.000 -9999.000 -9999.000 -9999.000 -9999.000 -9999.000 -9999.000 -9999.000 -9999.000 -9999.000 -9999.000 -9999.000 -9999.000 -9999.000 -9999.000 -9999.000 -9999.000 -9999.000 -9999.000 -9999.000 -9999.000 -9999.000 -9999.000 -9999.000 -9999.000 -9999.000 -9999.000 -9999.000 -9999.000 -9999.000 -9999.000 -9999.000 -9999.000 -9999.000 -9999.000 -9999.000 -9999.000 -9999.000 -9999.000 -9999.000 -9999.000 -9999.000 -9999.000 -9999.000 -9999.000 -9999.000 -9999.000 -9999.000 -9999.000 -9999.000 -9999.000 -9999.000 -9999.000 -9999.000 -9999.000 -9999.000 -9999.000 -9999.000 -9999.000 -9999.000 -9999.000 -9999.000 -9999.000 -9999.000 -9999.000 -9999.000 -9999.000 -9999.000 -9999.000 -9999.000
-9999.000 -9999.000 -9999.000 -9999.000 -9999.000 -9999.000 -9999.000 -9999.000 -9999.000 -9999.000 -9999.000 -9999.000 -9999.000 -9999.000 -9999.000 -9999.000 -9999.000 -9999.000 -9999.000 -9999.000 -9999.000 -9999.000 -9999.000 -9999.000 -9999.000 -9999.000 -9999.000 -9999.000 -9999.000 -9999.000 -9999.000 -9999.000 -9999.000 -9999.000 -9999.000 -9999.000 -9999.000 -9999.000 -9999.000 -9999.000 -9999.000 -9999.000 -9999.000 -9999.000 -9999.000 -9999.000 -9999.000 -9999.000 -9999.000 -9999.000 -9999.000 -9999.000 -9999.000 -9999.000 -9999.000 -9999.000 -9999.000 -9999.000 -9999.000 -9999.000 -9999.000 -9999.000 -9999.000 -9999.000 -9999.000 -9999.000 -9999.000 -9999.000 -9999.000 -9999.000 -9999.000 -9999.000 -9999.000 -9999.000 -9999.000 -9999.000 -9999.000 -9999.000 -9999.000 -9999.000 -9999.000 -9999.000 -9999.000 -9999.000 -9999.000 -9999.000 -9999.000 -9999.000 -9999.000 -9999.000 -9999.000 -9999.000 -9999.000 -9999.000 -9999.000 -9999.000 -9999.000 -9999.000 -9999.000 -9999.000 -9999.000 -9999.000 -9999.000 -9999.000