examples/3D/hillslope02_superslab/output-maps-METEOIO-OFF/psiliqL0009N0002.asc
ncols         104
nrows         10
xllcorner     -2.000000
yllcorner     0.000000
cellsize      1.000000
NODATA_value  -9999.0
-9999.000 -9999.000 -9999.000 -9999.000 -9999.000 -9999.000 -9999.000 -9999.000 -9999.000 -9999.000 -9999.000 -9999.000 -9999.000 -9999.000 -9999.000 -9999.000 -9999.000 -9999.000 -9999.000 -9999.000 -9999.000 -9999.000 -9999.000 -9999.000 -9999.000 -9999.000 -9999.000 -9999.000 -9999.000 -9999.000 -9999.000 -9999.000 -9999.000 -9999.000 -9999.000 -9999.000 -9999.000 -9999.000 -9999.000 -9999.000 -9999.000 -9999.000 -9999.000 -9999.000 -9999.000 -9999.000 -9999.000 -9999.000 -9999.000 -9999.000 -9999.000 -9999.000 -9999.000 -9999.000 -9999.000 -9999.000 -9999.000 -9999.000 -9999.000 -9999.000 -9999.000 -9999.000 -9999.000 -9999.000 -9999.000 -9999.000 -9999.000 -9999.000 -9999.000 -9999.000 -9999.000 -9999.000 -9999.000 -9999.000 -9999.000 -9999.000 -9999.000 -9999.000 -9999.000 -9999.000 -9999.000 -9999.000 -9999.000 -9999.000 -9999.000 -9999.000 -9999.000 -9999.000 -9999.000 -9999.000 -9999.000 -9999.000 -9999.000 -9999.000 -9999.000 -9999.000 -9999.000 -9999.000 -9999.000 -9999.000 -9999.000 -9999.000 -9999.000 -9999.000
-9999.000 -9999.000 -9999.000 -9999.000 -9999.000 -9999.000 -9999.000 -9999.000 -9999.000 -9999.000 -9999.000 -9999.000 -9999.000 -9999.000 -9999.000 -9999.000 -9999.000 -9999.000 -9999.000 -9999.000 -9999.000 -9999.000 -9999.000 -9999.000 -9999.000 -9999.000 -9999.000 -9999.000 -9999.000 -9999.000 -9999.000 -9999.000 -9999.000 -9999.000 -9999.000 -9999.000 -9999.000 -9999.000 -9999.000 -9999.000 -9999.000 -9999.000 -9999.000 -9999.000 -9999.000 -9999.000 -9999.000 -9999.000 -9999.000 -9999.000 -9999.000 -9999.000 -9999.000 -9999.000 -9999.000 -9999.000 -9999.000 -9999.000 -9999.000 -9999.000 -9999.000 -9999.000 -9999.000 -9999.000 -9999.000 -9999.000 -9999.000 -9999.000 -9999.000 -9999.000 -9999.000 -9999.000 -9999.000 -9999.000 -9999.000 -9999.000 -9999.000 -9999.000 -9999.000 -9999.000 -9999.000 -9999.000 -9999.000 -9999.000 -9999.000 -9999.000 -9999.000 -9999.000 -9999.000 -9999.000 -9999.000 -9999.000 -9999.000 -9999.000 -9999.000 -9999.000 -9999.000 -9999.000 -9999.000 -9999.000 -9999.000 -9999.000 -9999.000 -9999.000
-9999.000 -9999.000 -291.825 -290.187 -285.594 -285.623 -287.841 -291.083 -294.941 -299.936 -314.060 -363.515 -388.658 -408.028 -338.585 -183.211 -22.516 173.728 422.044 420.241 406.246 379.774 344.825 304.673 260.932 214.668 166.635 117.426 67.478 16.687 -37.842 -97.885 -158.026 -207.426 -239.115 -255.586 -263.284 -267.088 -269.437 -271.340 -273.380 -279.352 -2667.950 -4527.134 -4528.118 -4528.118 -4528.119 -4528.120 -4528.120 -4528.121 -4528.122 -4528.122 -4528.123 -4528.124 -4528.125 -4528.125 -4528.126 -4528.127 -4528.128 -4528.128 -4526.995 -2649.090 -351.252 -355.543 -355.699 -355.701 -355.697 -355.693 -355.689 -355.685 -355.680 -355.676 -355.672 -355.668 -355.664 -355.660 -355.656 -355.652 -355.647 -355.643 -355.639 -355.635 -355.631 -355.627 -355.623 -355.619 -355.614 -355.610 -355.606 -355.602 -355.598 -355.594 -355.590 -355.586 -355.581 -355.577 -355.573 -355.569 -355.567 -355.587 -355.929 -360.813 -9999.000 -9999.000
-9999.000 -9999.000 -290.871 -290.148 -285.593 -285.623 -287.841 -291.083 -294.941 -299.936 -314.060 -363.515 -388.658 -408.028 -338.585 -183.211 -22.516 173.728 422.044 420.241 406.246 379.774 344.825 304.673 260.932 214.668 166.635 117.426 67.478 16.687 -37.842 -97.885 -158.026 -207.426 -239.115 -255.586 -263.284 -267.088 -269.437 -271.340 -273.380 -279.352 -2667.950 -4527.134 -4528.118 -4528.118 -4528.119 -4528.120 -4528.120 -4528.121 -4528.122 -4528.122 -4528.123 -4528.124 -4528.125 -4528.125 -4528.126 -4528.127 -4528.128 -4528.128 -4526.995 -2649.090 -351.252 -355.543 -355.699 -355.701 -355.697 -355.693 -355.689 -355.685 -355.680 -355.676 -355.672 -355.668 -355.664 -355.660 -355.656 -355.652 -355.647 -355.643 -355.639 -355.635 -355.631 -355.627 -355.623 -355.619 -355.614 -355.610 -355.606 -355.602 -355.598 -355.594 -355.590 -355.586 -355.581 -355.577 -355.573 -355.569 -355.567 -355.587 -355.929 -360.813 -9999.000 -9999.000
-9999.000 -9999.000 -290.781 -290.144 -285.592 -285.623 -287.841 -291.083 -294.941 -299.936 -314.060 -363.515 -388.658 -408.028 -338.585 -183.211 -22.516 173.728 422.044 420.241 406.246 379.774 344.825 304.673 260.932 214.668 166.635 117.426 67.478 16.687 -37.842 -97.885 -158.026 -207.426 -239.115 -255.586 -263.284 -267.088 -269.437 -271.340 -273.380 -279.352 -2667.950 -4527.134 -4528.118 -4528.118 -4528.119 -4528.120 -4528.120 -4528.121 -4528.122 -4528.122 -4528.123 -4528.124 -4528.125 -4528.125 -4528.126 -4528.127 -4528.128 -4528.128 -4526.995 -2649.090 -351.252 -355.543 -355.699 -355.701 -355.697 -355.693 -355.689 -355.685 -355.680 -355.676 -355.672 -355.668 -355.664 -355.660 -355.656 -355.652 -355.647 -355.643 -355.639 -355.635 -355.631 -355.627 -355.623 -355.619 -355.614 -355.610 -355.606 -355.602 -355.598 -355.594 -355.590 -355.586 -355.581 -355.577 -355.573 -355.569 -355.567 -355.587 -355.929 -360.813 -9999.000 -9999.000
-9999.000 -9999.000 -290.781 -290.144 -285.592 -285.623 -287.841 -291.083 -294.941 -299.936 -314.060 -363.515 -388.658 -408.028 -338.585 -183.211 -22.516 173.728 422.044 420.241 406.246 379.774 344.825 304.673 260.932 214.668 166.635 117.426 67.478 16.687 -37.842 -97.885 -158.026 -207.426 -239.115 -255.586 -263.284 -267.088 -269.437 -271.340 -273.380 -279.352 -2667.950 -4527.134 -4528.118 -4528.118 -4528.119 -4528.120 -4528.120 -4528.121 -4528.122 -4528.122 -4528.123 -4528.124 -4528.125 -4528.125 -4528.126 -4528.127 -4528.128 -4528.128 -4526.995 -2649.090 -351.252 -355.543 -355.699 -355.701 -355.697 -355.693 -355.689 -355.685 -355.680 -355.676 -355.672 -355.668 -355.664 -355.660 -355.656 -355.652 -355.647 -355.643 -355.639 -355.635 -355.631 -355.627 -355.623 -355.619 -355.614 -355.610 -355.606 -355.602 -355.598 -355.594 -355.590 -355.586 -355.581 -355.577 -355.573 -355.569 -355.567 -355.587 -355.929 -360.813 -9999.000 -9999.000
-9999.000 -9999.000 -290.871 -290.148 -285.593 -285.623 -287.841 -291.083 -294.941 -299.936 -314.060 -363.515 -388.658 -408.028 -338.585 -183.211 -22.516 173.728 422.044 420.241 406.246 379.774 344.825 304.673 260.932 214.668 166.635 117.426 67.478 16.687 -37.842 -97.885 -158.026 -207.426 -239.115 -255.586 -263.284 -267.088 -269.437 -271.340 -273.380 -279.352 -2667.950 -4527.134 -4528.118 -4528.118 -4528.119 -4528.120 -4528.120 -4528.121 -4528.122 -4528.122 -4528.123 -4528.124 -4528.125 -4528.125 -4528.126 -4528.127 -4528.128 -4528.128 -4526.995 -2649.090 -351.252 -355.543 -355.699 -355.701 -355.697 -355.693 -355.689 -355.685 -355.680 -355.676 -355.672 -355.668 -355.664 -355.660 -355.656 -355.652 -355.647 -355.643 -355.639 -355.635 -355.631 -355.627 -355.623 -355.619 -355.614 -355.610 -355.606 -355.602 -355.598 -355.594 -355.590 -355.586 -355.581 -355.577 -355.573 -355.569 -355.567 -355.587 -355.929 -360.813 -9999.000 -9999.000
-9999.000 -9999.000 -291.825 -290.187 -285.594 -285.623 -287.841 -291.083 -294.941 -299.936 -314.060 -363.515 -388.658 -408.028 -338.585 -183.211 -22.516 173.728 422.044 420.241 406.246 379.774 344.825 304.673 260.932 214.668 166.635 117.426 67.478 16.687 -37.842 -97.885 -158.026 -207.426 -239.115 -255.586 -263.284 -267.088 -269.437 -271.340 -273.380 -279.352 -2667.950 -4527.134 -4528.118 -4528.118 -4528.119 -4528.120 -4528.120 -4528.121 -4528.122 -4528.122 -4528.123 -4528.124 -4528.125 -4528.125 -4528.126 -4528.127 -4528.128 -4528.128 -4526.995 -2649.090 -351.252 -355.543 -355.699 -355.701 -355.697 -355.693 -355.689 -355.685 -355.680 -355.676 -355.672 -355.668 -355.664 -355.660 -355.656 -355.652 -355.647 -355.643 -355.639 -355.635 -355.631 -355.627 -355.623 -355.619 -355.614 -355.610 -355.606 -355.602 -355.598 -355.594 -355.590 -355.586 -355.581 -355.577 -355.573 -355.569 -355.567 -355.587 -355.929 -360.813 -9999.000 -9999.000
-9999.000 -9999.000 -9999.000 -9999.000 -9999.000 -9999.000 -9999.000 -9999.000 -9999.000 -9999.000 -9999.000 -9999.000 -9999.000 -9999.000 -9999.000 -9999.000 -9999.000 -9999.000 -9999.000 -9999.000 -9999.000 -9999.000 -9999.000 -9999.000 -9999.000 -9999.000 -9999.000 -9999.000 -9999.000 -9999.000 -9999.000 -9999.000 -9999.000 -9999.000 -9999.000 -9999.000 -9999.000 -9999.000 -9999.000 -9999.000 -9999.000 -9999.000 -9999.000 -9999.000 -9999.000 -9999.000 -9999.000 -9999.000 -9999.000 -9999.000 -9999.000 -9999.000 -9999.000 -9999.000 -9999.000 -9999.000 -9999.000 -9999.000 -9999.000 -9999.000 -9999.000 -9999.000 -9999.000 -9999.000 -9999.000 -9999.000 -9999.000 -9999.000 -9999.000 -9999.000 -9999.000 -9999.000 -9999.000 -9999.000 -9999.000 -9999.000 -9999.000 -9999.000 -9999.000 -9999.000 -9999.000 -9999.000 -9999.000 -9999.000 -9999.000 -9999.000 -9999.000 -9999.000 -9999.000 -9999.000 -9999.000 -9999.000 -9999.000 -9999.000 -9999.000 -9999.000 -9999.000 -9999.000 -9999.000 -9999.000 -9999.000 -9999.000 -9999.000 -9999.000
-9999.000 -9999.000 -9999.000 -9999.000 -9999.000 -9999.000 -9999.000 -9999.000 -9999.000 -9999.000 -9999.000 -9999.000 -9999.000 -9999.000 -9999.000 -9999.000 -9999.000 -9999.000 -9999.000 -9999.000 -9999.000 -9999.000 -9999.000 -9999.000 -9999.000 -9999.000 -9999.000 -9999.000 -9999.000 -9999.000 -9999.000 -9999.000 -9999.000 -9999.000 -9999.000 -9999.000 -9999.000 -9999.000 -9999.000 -9999.000 -9999.000 -9999.000 -9999.000 -9999.000 -9999.000 -9999.000 -9999.000 -9999.000 -9999.000 -9999.000 -9999.000 -9999.000 -9999.000 -9999.000 -9999.000 -9999.000 -9999.000 -9999.000 -9999.000 -9999.000 -9999.000 -9999.000 -9999.000 -9999.000 -9999.000 -9999.000 -9999.000 -9999.000 -9999.000 -9999.000 -9999.000 -9999.000 -9999.000 -9999.000 -9999.000 -9999.000 -9999.000 -9999.000 -9999.000 -9999.000 -9999.000 -9999.000 -9999.000 -9999.000 -9999.000 -9999.000 -9999.000 -9999.000 -9999.000 -9999.000 -9999.000 -9999.000 -9999.000 -9999.000 -9999.000 -9999.000 -9999.000 -9999.000 -9999.000 -9999.000 -9999.000 -9999.000 -9999.000 -9999.000