examples/3D/hillslope02_superslab/output-maps-METEOIO-OFF/psiliqL0082N0003.asc
ncols         104
nrows         10
xllcorner     -2.000000
yllcorner     0.000000
cellsize      1.000000
NODATA_value  -9999.0
-9999.000 -9999.000 -9999.000 -9999.000 -9999.000 -9999.000 -9999.000 -9999.000 -9999.000 -9999.000 -9999.000 -9999.000 -9999.000 -9999.000 -9999.000 -9999.000 -9999.000 -9999.000 -9999.000 -9999.000 -9999.000 -9999.000 -9999.000 -9999.000 -9999.000 -9999.000 -9999.000 -9999.000 -9999.000 -9999.000 -9999.000 -9999.000 -9999.000 -9999.000 -9999.000 -9999.000 -9999.000 -9999.000 -9999.000 -9999.000 -9999.000 -9999.000 -9999.000 -9999.000 -9999.000 -9999.000 -9999.000 -9999.000 -9999.000 -9999.000 -9999.000 -9999.000 -9999.000 -9999.000 -9999.000 -9999.000 -9999.000 -9999.000 -9999.000 -9999.000 -9999.000 -9999.000 -9999.000 -9999.000 -9999.000 -9999.000 -9999.000 -9999.000 -9999.000 -9999.000 -9999.000 -9999.000 -9999.000 -9999.000 -9999.000 -9999.000 -9999.000 -9999.000 -9999.000 -9999.000 -9999.000 -9999.000 -9999.000 -9999.000 -9999.000 -9999.000 -9999.000 -9999.000 -9999.000 -9999.000 -9999.000 -9999.000 -9999.000 -9999.000 -9999.000 -9999.000 -9999.000 -9999.000 -9999.000 -9999.000 -9999.000 -9999.000 -9999.000 -9999.000
-9999.000 -9999.000 -9999.000 -9999.000 -9999.000 -9999.000 -9999.000 -9999.000 -9999.000 -9999.000 -9999.000 -9999.000 -9999.000 -9999.000 -9999.000 -9999.000 -9999.000 -9999.000 -9999.000 -9999.000 -9999.000 -9999.000 -9999.000 -9999.000 -9999.000 -9999.000 -9999.000 -9999.000 -9999.000 -9999.000 -9999.000 -9999.000 -9999.000 -9999.000 -9999.000 -9999.000 -9999.000 -9999.000 -9999.000 -9999.000 -9999.000 -9999.000 -9999.000 -9999.000 -9999.000 -9999.000 -9999.000 -9999.000 -9999.000 -9999.000 -9999.000 -9999.000 -9999.000 -9999.000 -9999.000 -9999.000 -9999.000 -9999.000 -9999.000 -9999.000 -9999.000 -9999.000 -9999.000 -9999.000 -9999.000 -9999.000 -9999.000 -9999.000 -9999.000 -9999.000 -9999.000 -9999.000 -9999.000 -9999.000 -9999.000 -9999.000 -9999.000 -9999.000 -9999.000 -9999.000 -9999.000 -9999.000 -9999.000 -9999.000 -9999.000 -9999.000 -9999.000 -9999.000 -9999.000 -9999.000 -9999.000 -9999.000 -9999.000 -9999.000 -9999.000 -9999.000 -9999.000 -9999.000 -9999.000 -9999.000 -9999.000 -9999.000 -9999.000 -9999.000
-9999.000 -9999.000 4108.667 4012.547 3919.573 3828.889 3739.874 3652.183 3565.686 3480.384 3396.353 3313.695 3232.504 3152.855 3074.789 2998.316 2923.416 2850.043 2778.132 2707.600 2638.355 2570.302 2503.340 2437.364 2372.272 2307.955 2244.300 2181.202 2118.582 2056.394 1994.647 1933.408 1872.751 1812.750 1753.488 1695.058 1637.569 1581.143 1525.919 1472.056 1419.737 1369.172 1320.607 1274.329 1230.677 1190.058 1152.965 1120.014 1091.986 1069.903 1055.435 1064.133 1055.300 1017.065 982.877 950.987 921.299 893.595 867.877 843.819 821.332 799.920 779.288 759.029 738.862 718.814 698.620 678.304 657.715 636.707 615.335 593.295 570.798 547.512 523.579 498.724 473.089 446.361 418.776 389.973 360.165 329.168 296.765 263.242 228.327 191.827 153.893 114.471 73.377 30.489 -14.259 -60.770 -108.894 -158.312 -208.469 -258.508 -307.261 -353.311 -395.116 -431.642 -464.074 -500.903 -9999.000 -9999.000
-9999.000 -9999.000 4108.667 4012.548 3919.573 3828.889 3739.874 3652.183 3565.686 3480.384 3396.353 3313.695 3232.504 3152.855 3074.789 2998.316 2923.416 2850.043 2778.132 2707.600 2638.355 2570.302 2503.340 2437.364 2372.272 2307.955 2244.300 2181.202 2118.582 2056.394 1994.647 1933.408 1872.751 1812.750 1753.488 1695.058 1637.569 1581.143 1525.919 1472.056 1419.737 1369.172 1320.607 1274.329 1230.677 1190.058 1152.965 1120.014 1091.986 1069.903 1055.435 1064.133 1055.300 1017.065 982.877 950.987 921.299 893.595 867.877 843.819 821.332 799.920 779.288 759.029 738.862 718.814 698.620 678.304 657.715 636.707 615.335 593.295 570.798 547.512 523.579 498.724 473.089 446.361 418.776 389.973 360.165 329.168 296.765 263.242 228.327 191.827 153.893 114.471 73.377 30.489 -14.259 -60.770 -108.894 -158.312 -208.469 -258.508 -307.261 -353.311 -395.116 -431.642 -464.074 -500.903 -9999.000 -9999.000
-9999.000 -9999.000 4108.668 4012.548 3919.573 3828.890 3739.874 3652.183 3565.686 3480.384 3396.353 3313.695 3232.504 3152.855 3074.789 2998.316 2923.416 2850.043 2778.132 2707.600 2638.355 2570.302 2503.340 2437.364 2372.272 2307.955 2244.300 2181.202 2118.582 2056.394 1994.647 1933.408 1872.751 1812.750 1753.488 1695.058 1637.569 1581.143 1525.919 1472.056 1419.737 1369.172 1320.607 1274.329 1230.677 1190.058 1152.965 1120.014 1091.986 1069.903 1055.435 1064.133 1055.300 1017.065 982.877 950.987 921.299 893.595 867.877 843.819 821.332 799.920 779.288 759.029 738.862 718.814 698.620 678.304 657.715 636.707 615.335 593.295 570.798 547.512 523.579 498.724 473.089 446.361 418.776 389.973 360.165 329.168 296.765 263.242 228.327 191.827 153.893 114.471 73.377 30.489 -14.259 -60.770 -108.894 -158.312 -208.469 -258.508 -307.261 -353.311 -395.116 -431.642 -464.074 -500.903 -9999.000 -9999.000
-9999.000 -9999.000 4108.668 4012.548 3919.573 3828.890 3739.874 3652.183 3565.686 3480.384 3396.353 3313.695 3232.504 3152.855 3074.789 2998.316 2923.416 2850.043 2778.132 2707.600 2638.355 2570.302 2503.340 2437.364 2372.272 2307.955 2244.300 2181.202 2118.582 2056.394 1994.647 1933.408 1872.751 1812.750 1753.488 1695.058 1637.569 1581.143 1525.919 1472.056 1419.737 1369.172 1320.607 1274.329 1230.677 1190.058 1152.965 1120.014 1091.986 1069.903 1055.435 1064.133 1055.300 1017.065 982.877 950.987 921.299 893.595 867.877 843.819 821.332 799.920 779.288 759.029 738.862 718.814 698.620 678.304 657.715 636.707 615.335 593.295 570.798 547.512 523.579 498.724 473.089 446.361 418.776 389.973 360.165 329.168 296.765 263.242 228.327 191.827 153.893 114.471 73.377 30.489 -14.259 -60.770 -108.894 -158.312 -208.469 -258.508 -307.261 -353.311 -395.116 -431.642 -464.074 -500.903 -9999.000 -9999.000
-9999.000 -9999.000 4108.667 4012.548 3919.573 3828.889 3739.874 3652.183 3565.686 3480.384 3396.353 3313.695 3232.504 3152.855 3074.789 2998.316 2923.416 2850.043 2778.132 2707.600 2638.355 2570.302 2503.340 2437.364 2372.272 2307.955 2244.300 2181.202 2118.582 2056.394 1994.647 1933.408 1872.751 1812.750 1753.488 1695.058 1637.569 1581.143 1525.919 1472.056 1419.737 1369.172 1320.607 1274.329 1230.677 1190.058 1152.965 1120.014 1091.986 1069.903 1055.435 1064.133 1055.300 1017.065 982.877 950.987 921.299 893.595 867.877 843.819 821.332 799.920 779.288 759.029 738.862 718.814 698.620 678.304 657.715 636.707 615.335 593.295 570.798 547.512 523.579 498.724 473.089 446.361 418.776 389.973 360.165 329.168 296.765 263.242 228.327 191.827 153.893 114.471 73.377 30.489 -14.259 -60.770 -108.894 -158.312 -208.469 -258.508 -307.261 -353.311 -395.116 -431.642 -464.074 -500.903 -9999.000 -9999.000
-9999.000 -9999.000 4108.667 4012.547 3919.573 3828.889 3739.874 3652.183 3565.686 3480.384 3396.353 3313.695 3232.504 3152.855 3074.789 2998.316 2923.416 2850.043 2778.132 2707.600 2638.355 2570.302 2503.340 2437.364 2372.272 2307.955 2244.300 2181.202 2118.582 2056.394 1994.647 1933.408 1872.751 1812.750 1753.488 1695.058 1637.569 1581.143 1525.919 1472.056 1419.737 1369.172 1320.607 1274.329 1230.677 1190.058 1152.965 1120.014 1091.986 1069.903 1055.435 1064.133 1055.300 1017.065 982.877 950.987 921.299 893.595 867.877 843.819 821.332 799.920 779.288 759.029 738.862 718.814 698.620 678.304 657.715 636.707 615.335 593.295 570.798 547.512 523.579 498.724 473.089 446.361 418.776 389.973 360.165 329.168 296.765 263.242 228.327 191.827 153.893 114.471 73.377 30.489 -14.259 -60.770 -108.894 -158.312 -208.469 -258.508 -307.261 -353.311 -395.116 -431.642 -464.074 -500.903 -9999.000 -9999.000
-9999.000 -9999.000 -9999.000 -9999.000 -9999.000 -9999.000 -9999.000 -9999.000 -9999.000 -9999.000 -9999.000 -9999.000 -9999.000 -9999.000 -9999.000 -9999.000 -9999.000 -9999.000 -9999.000 -9999.000 -9999.000 -9999.000 -9999.000 -9999.000 -9999.000 -9999.000 -9999.000 -9999.000 -9999.000 -9999.000 -9999.000 -9999.000 -9999.000 -9999.000 -9999.000 -9999.000 -9999.000 -9999.000 -9999.000 -9999.000 -9999.000 -9999.000 -9999.000 -9999.000 -9999.000 -9999.000 -9999.000 -9999.000 -9999.000 -9999.000 -9999.000 -9999.000 -9999.000 -9999.000 -9999.000 -9999.000 -9999.000 -9999.000 -9999.000 -9999.000 -9999.000 -9999.000 -9999.000 -9999.000 -9999.000 -9999.000 -9999.000 -9999.000 -9999.000 -9999.000 -9999.000 -9999.000 -9999.000 -9999.000 -9999.000 -9999.000 -9999.000 -9999.000 -9999.000 -9999.000 -9999.000 -9999.000 -9999.000 -9999.000 -9999.000 -9999.000 -9999.000 -9999.000 -9999.000 -9999.000 -9999.000 -9999.000 -9999.000 -9999.000 -9999.000 -9999.000 -9999.000 -9999.000 -9999.000 -9999.000 -9999.000 -9999.000 -9999.000 -9999.000
-9999.000 -9999.000 -9999.000 -9999.000 -9999.000 -9999.000 -9999.000 -9999.000 -9999.000 -9999.000 -9999.000 -9999.000 -9999.000 -9999.000 -9999.000 -9999.000 -9999.000 -9999.000 -9999.000 -9999.000 -9999.000 -9999.000 -9999.000 -9999.000 -9999.000 -9999.000 -9999.000 -9999.000 -9999.000 -9999.000 -9999.000 -9999.000 -9999.000 -9999.000 -9999.000 -9999.000 -9999.000 -9999.000 -9999.000 -9999.000 -9999.000 -9999.000 -9999.000 -9999.000 -9999.000 -9999.000 -9999.000 -9999.000 -9999.000 -9999.000 -9999.000 -9999.000 -9999.000 -9999.000 -9999.000 -9999.000 -9999.000 -9999.000 -9999.000 -9999.000 -9999.000 -9999.000 -9999.000 -9999.000 -9999.000 -9999.000 -9999.000 -9999.000 -9999.000 -9999.000 -9999.000 -9999.000 -9999.000 -9999.000 -9999.000 -9999.000 -9999.000 -9999.000 -9999.000 -9999.000 -9999.000 -9999.000 -9999.000 -9999.000 -9999.000 -9999.000 -9999.000 -9999.000 -9999.000 -9999.000 -9999.000 -9999.000 -9999.000 -9999.000 -9999.000 -9999.000 -9999.000 -9999.000 -9999.000 -9999.000 -9999.000 -9999.000 -9999.000 -9999.000