examples/3D/hillslope02_superslab/output-maps-METEOIO-OFF/psiliqL0006N0003.asc
ncols         104
nrows         10
xllcorner     -2.000000
yllcorner     0.000000
cellsize      1.000000
NODATA_value  -9999.0
-9999.000 -9999.000 -9999.000 -9999.000 -9999.000 -9999.000 -9999.000 -9999.000 -9999.000 -9999.000 -9999.000 -9999.000 -9999.000 -9999.000 -9999.000 -9999.000 -9999.000 -9999.000 -9999.000 -9999.000 -9999.000 -9999.000 -9999.000 -9999.000 -9999.000 -9999.000 -9999.000 -9999.000 -9999.000 -9999.000 -9999.000 -9999.000 -9999.000 -9999.000 -9999.000 -9999.000 -9999.000 -9999.000 -9999.000 -9999.000 -9999.000 -9999.000 -9999.000 -9999.000 -9999.000 -9999.000 -9999.000 -9999.000 -9999.000 -9999.000 -9999.000 -9999.000 -9999.000 -9999.000 -9999.000 -9999.000 -9999.000 -9999.000 -9999.000 -9999.000 -9999.000 -9999.000 -9999.000 -9999.000 -9999.000 -9999.000 -9999.000 -9999.000 -9999.000 -9999.000 -9999.000 -9999.000 -9999.000 -9999.000 -9999.000 -9999.000 -9999.000 -9999.000 -9999.000 -9999.000 -9999.000 -9999.000 -9999.000 -9999.000 -9999.000 -9999.000 -9999.000 -9999.000 -9999.000 -9999.000 -9999.000 -9999.000 -9999.000 -9999.000 -9999.000 -9999.000 -9999.000 -9999.000 -9999.000 -9999.000 -9999.000 -9999.000 -9999.000 -9999.000
-9999.000 -9999.000 -9999.000 -9999.000 -9999.000 -9999.000 -9999.000 -9999.000 -9999.000 -9999.000 -9999.000 -9999.000 -9999.000 -9999.000 -9999.000 -9999.000 -9999.000 -9999.000 -9999.000 -9999.000 -9999.000 -9999.000 -9999.000 -9999.000 -9999.000 -9999.000 -9999.000 -9999.000 -9999.000 -9999.000 -9999.000 -9999.000 -9999.000 -9999.000 -9999.000 -9999.000 -9999.000 -9999.000 -9999.000 -9999.000 -9999.000 -9999.000 -9999.000 -9999.000 -9999.000 -9999.000 -9999.000 -9999.000 -9999.000 -9999.000 -9999.000 -9999.000 -9999.000 -9999.000 -9999.000 -9999.000 -9999.000 -9999.000 -9999.000 -9999.000 -9999.000 -9999.000 -9999.000 -9999.000 -9999.000 -9999.000 -9999.000 -9999.000 -9999.000 -9999.000 -9999.000 -9999.000 -9999.000 -9999.000 -9999.000 -9999.000 -9999.000 -9999.000 -9999.000 -9999.000 -9999.000 -9999.000 -9999.000 -9999.000 -9999.000 -9999.000 -9999.000 -9999.000 -9999.000 -9999.000 -9999.000 -9999.000 -9999.000 -9999.000 -9999.000 -9999.000 -9999.000 -9999.000 -9999.000 -9999.000 -9999.000 -9999.000 -9999.000 -9999.000
-9999.000 -9999.000 286.404 219.797 139.278 53.852 -33.241 -120.968 -209.534 -301.035 -400.076 -508.509 -637.335 -737.693 -774.155 -773.584 -747.691 -700.189 -663.411 -643.461 -644.258 -662.592 -692.263 -727.943 -765.506 -802.076 -835.958 -866.404 -893.290 -916.799 -937.204 -954.737 -969.536 -981.642 -991.104 -998.097 -1002.930 -1006.043 -1007.933 -1009.214 -1012.023 -1032.512 -882.503 -952.169 -952.846 -953.072 -953.285 -953.485 -953.672 -953.926 -954.181 -954.422 -954.642 -954.894 -955.200 -955.485 -955.739 -956.072 -956.438 -956.756 -956.510 -883.333 -1020.147 -1015.495 -1015.294 -1015.297 -1015.298 -1015.298 -1015.298 -1015.297 -1015.297 -1015.297 -1015.297 -1015.296 -1015.296 -1015.296 -1015.296 -1015.295 -1015.295 -1015.295 -1015.295 -1015.294 -1015.294 -1015.294 -1015.294 -1015.293 -1015.293 -1015.293 -1015.293 -1015.292 -1015.292 -1015.292 -1015.292 -1015.291 -1015.291 -1015.291 -1015.291 -1015.292 -1015.308 -1015.452 -1016.695 -1026.838 -9999.000 -9999.000
-9999.000 -9999.000 286.459 219.811 139.282 53.853 -33.240 -120.968 -209.534 -301.035 -400.076 -508.509 -637.335 -737.693 -774.155 -773.584 -747.691 -700.189 -663.411 -643.461 -644.258 -662.592 -692.263 -727.943 -765.506 -802.076 -835.958 -866.404 -893.290 -916.799 -937.204 -954.737 -969.536 -981.642 -991.104 -998.097 -1002.930 -1006.043 -1007.933 -1009.214 -1012.023 -1032.512 -882.503 -952.169 -952.846 -953.072 -953.285 -953.485 -953.672 -953.926 -954.181 -954.422 -954.642 -954.894 -955.200 -955.485 -955.739 -956.072 -956.438 -956.756 -956.510 -883.333 -1020.147 -1015.495 -1015.294 -1015.297 -1015.298 -1015.298 -1015.298 -1015.297 -1015.297 -1015.297 -1015.297 -1015.296 -1015.296 -1015.296 -1015.296 -1015.295 -1015.295 -1015.295 -1015.295 -1015.294 -1015.294 -1015.294 -1015.294 -1015.293 -1015.293 -1015.293 -1015.293 -1015.292 -1015.292 -1015.292 -1015.292 -1015.291 -1015.291 -1015.291 -1015.291 -1015.292 -1015.308 -1015.452 -1016.695 -1026.838 -9999.000 -9999.000
-9999.000 -9999.000 286.476 219.818 139.284 53.854 -33.240 -120.967 -209.534 -301.035 -400.076 -508.509 -637.335 -737.693 -774.155 -773.584 -747.691 -700.189 -663.411 -643.461 -644.258 -662.592 -692.263 -727.943 -765.506 -802.076 -835.958 -866.404 -893.290 -916.799 -937.204 -954.737 -969.536 -981.642 -991.104 -998.097 -1002.930 -1006.043 -1007.933 -1009.214 -1012.023 -1032.512 -882.503 -952.169 -952.846 -953.072 -953.285 -953.485 -953.672 -953.926 -954.181 -954.422 -954.642 -954.894 -955.200 -955.485 -955.739 -956.072 -956.438 -956.756 -956.510 -883.333 -1020.147 -1015.495 -1015.294 -1015.297 -1015.298 -1015.298 -1015.298 -1015.297 -1015.297 -1015.297 -1015.297 -1015.296 -1015.296 -1015.296 -1015.296 -1015.295 -1015.295 -1015.295 -1015.295 -1015.294 -1015.294 -1015.294 -1015.294 -1015.293 -1015.293 -1015.293 -1015.293 -1015.292 -1015.292 -1015.292 -1015.292 -1015.291 -1015.291 -1015.291 -1015.291 -1015.292 -1015.308 -1015.452 -1016.695 -1026.838 -9999.000 -9999.000
-9999.000 -9999.000 286.476 219.818 139.284 53.854 -33.240 -120.967 -209.534 -301.035 -400.076 -508.509 -637.335 -737.693 -774.155 -773.584 -747.691 -700.189 -663.411 -643.461 -644.258 -662.592 -692.263 -727.943 -765.506 -802.076 -835.958 -866.404 -893.290 -916.799 -937.204 -954.737 -969.536 -981.642 -991.104 -998.097 -1002.930 -1006.043 -1007.933 -1009.214 -1012.023 -1032.512 -882.503 -952.169 -952.846 -953.072 -953.285 -953.485 -953.672 -953.926 -954.181 -954.422 -954.642 -954.894 -955.200 -955.485 -955.739 -956.072 -956.438 -956.756 -956.510 -883.333 -1020.147 -1015.495 -1015.294 -1015.297 -1015.298 -1015.298 -1015.298 -1015.297 -1015.297 -1015.297 -1015.297 -1015.296 -1015.296 -1015.296 -1015.296 -1015.295 -1015.295 -1015.295 -1015.295 -1015.294 -1015.294 -1015.294 -1015.294 -1015.293 -1015.293 -1015.293 -1015.293 -1015.292 -1015.292 -1015.292 -1015.292 -1015.291 -1015.291 -1015.291 -1015.291 -1015.292 -1015.308 -1015.452 -1016.695 -1026.838 -9999.000 -9999.000
-9999.000 -9999.000 286.459 219.811 139.282 53.853 -33.240 -120.968 -209.534 -301.035 -400.076 -508.509 -637.335 -737.693 -774.155 -773.584 -747.691 -700.189 -663.411 -643.461 -644.258 -662.592 -692.263 -727.943 -765.506 -802.076 -835.958 -866.404 -893.290 -916.799 -937.204 -954.737 -969.536 -981.642 -991.104 -998.097 -1002.930 -1006.043 -1007.933 -1009.214 -1012.023 -1032.512 -882.503 -952.169 -952.846 -953.072 -953.285 -953.485 -953.672 -953.926 -954.181 -954.422 -954.642 -954.894 -955.200 -955.485 -955.739 -956.072 -956.438 -956.756 -956.510 -883.333 -1020.147 -1015.495 -1015.294 -1015.297 -1015.298 -1015.298 -1015.298 -1015.297 -1015.297 -1015.297 -1015.297 -1015.296 -1015.296 -1015.296 -1015.296 -1015.295 -1015.295 -1015.295 -1015.295 -1015.294 -1015.294 -1015.294 -1015.294 -1015.293 -1015.293 -1015.293 -1015.293 -1015.292 -1015.292 -1015.292 -1015.292 -1015.291 -1015.291 -1015.291 -1015.291 -1015.292 -1015.308 -1015.452 -1016.695 -1026.838 -9999.000 -9999.000
-9999.000 -9999.000 286.404 219.797 139.278 53.852 -33.241 -120.968 -209.534 -301.035 -400.076 -508.509 -637.335 -737.693 -774.155 -773.584 -747.691 -700.189 -663.411 -643.461 -644.258 -662.592 -692.263 -727.943 -765.506 -802.076 -835.958 -866.404 -893.290 -916.799 -937.204 -954.737 -969.536 -981.642 -991.104 -998.097 -1002.930 -1006.043 -1007.933 -1009.214 -1012.023 -1032.512 -882.503 -952.169 -952.846 -953.072 -953.285 -953.485 -953.672 -953.926 -954.181 -954.422 -954.642 -954.894 -955.200 -955.485 -955.739 -956.072 -956.438 -956.756 -956.510 -883.333 -1020.147 -1015.495 -1015.294 -1015.297 -1015.298 -1015.298 -1015.298 -1015.297 -1015.297 -1015.297 -1015.297 -1015.296 -1015.296 -1015.296 -1015.296 -1015.295 -1015.295 -1015.295 -1015.295 -1015.294 -1015.294 -1015.294 -1015.294 -1015.293 -1015.293 -1015.293 -1015.293 -1015.292 -1015.292 -1015.292 -1015.292 -1015.291 -1015.291 -1015.291 -1015.291 -1015.292 -1015.308 -1015.452 -1016.695 -1026.838 -9999.000 -9999.000
-9999.000 -9999.000 -9999.000 -9999.000 -9999.000 -9999.000 -9999.000 -9999.000 -9999.000 -9999.000 -9999.000 -9999.000 -9999.000 -9999.000 -9999.000 -9999.000 -9999.000 -9999.000 -9999.000 -9999.000 -9999.000 -9999.000 -9999.000 -9999.000 -9999.000 -9999.000 -9999.000 -9999.000 -9999.000 -9999.000 -9999.000 -9999.000 -9999.000 -9999.000 -9999.000 -9999.000 -9999.000 -9999.000 -9999.000 -9999.000 -9999.000 -9999.000 -9999.000 -9999.000 -9999.000 -9999.000 -9999.000 -9999.000 -9999.000 -9999.000 -9999.000 -9999.000 -9999.000 -9999.000 -9999.000 -9999.000 -9999.000 -9999.000 -9999.000 -9999.000 -9999.000 -9999.000 -9999.000 -9999.000 -9999.000 -9999.000 -9999.000 -9999.000 -9999.000 -9999.000 -9999.000 -9999.000 -9999.000 -9999.000 -9999.000 -9999.000 -9999.000 -9999.000 -9999.000 -9999.000 -9999.000 -9999.000 -9999.000 -9999.000 -9999.000 -9999.000 -9999.000 -9999.000 -9999.000 -9999.000 -9999.000 -9999.000 -9999.000 -9999.000 -9999.000 -9999.000 -9999.000 -9999.000 -9999.000 -9999.000 -9999.000 -9999.000 -9999.000 -9999.000
-9999.000 -9999.000 -9999.000 -9999.000 -9999.000 -9999.000 -9999.000 -9999.000 -9999.000 -9999.000 -9999.000 -9999.000 -9999.000 -9999.000 -9999.000 -9999.000 -9999.000 -9999.000 -9999.000 -9999.000 -9999.000 -9999.000 -9999.000 -9999.000 -9999.000 -9999.000 -9999.000 -9999.000 -9999.000 -9999.000 -9999.000 -9999.000 -9999.000 -9999.000 -9999.000 -9999.000 -9999.000 -9999.000 -9999.000 -9999.000 -9999.000 -9999.000 -9999.000 -9999.000 -9999.000 -9999.000 -9999.000 -9999.000 -9999.000 -9999.000 -9999.000 -9999.000 -9999.000 -9999.000 -9999.000 -9999.000 -9999.000 -9999.000 -9999.000 -9999.000 -9999.000 -9999.000 -9999.000 -9999.000 -9999.000 -9999.000 -9999.000 -9999.000 -9999.000 -9999.000 -9999.000 -9999.000 -9999.000 -9999.000 -9999.000 -9999.000 -9999.000 -9999.000 -9999.000 -9999.000 -9999.000 -9999.000 -9999.000 -9999.000 -9999.000 -9999.000 -9999.000 -9999.000 -9999.000 -9999.000 -9999.000 -9999.000 -9999.000 -9999.000 -9999.000 -9999.000 -9999.000 -9999.000 -9999.000 -9999.000 -9999.000 -9999.000 -9999.000 -9999.000