examples/3D/hillslope02_superslab/output-maps-METEOIO-OFF/psiliqL0073N0001.asc
ncols         104
nrows         10
xllcorner     -2.000000
yllcorner     0.000000
cellsize      1.000000
NODATA_value  -9999.0
-9999.000 -9999.000 -9999.000 -9999.000 -9999.000 -9999.000 -9999.000 -9999.000 -9999.000 -9999.000 -9999.000 -9999.000 -9999.000 -9999.000 -9999.000 -9999.000 -9999.000 -9999.000 -9999.000 -9999.000 -9999.000 -9999.000 -9999.000 -9999.000 -9999.000 -9999.000 -9999.000 -9999.000 -9999.000 -9999.000 -9999.000 -9999.000 -9999.000 -9999.000 -9999.000 -9999.000 -9999.000 -9999.000 -9999.000 -9999.000 -9999.000 -9999.000 -9999.000 -9999.000 -9999.000 -9999.000 -9999.000 -9999.000 -9999.000 -9999.000 -9999.000 -9999.000 -9999.000 -9999.000 -9999.000 -9999.000 -9999.000 -9999.000 -9999.000 -9999.000 -9999.000 -9999.000 -9999.000 -9999.000 -9999.000 -9999.000 -9999.000 -9999.000 -9999.000 -9999.000 -9999.000 -9999.000 -9999.000 -9999.000 -9999.000 -9999.000 -9999.000 -9999.000 -9999.000 -9999.000 -9999.000 -9999.000 -9999.000 -9999.000 -9999.000 -9999.000 -9999.000 -9999.000 -9999.000 -9999.000 -9999.000 -9999.000 -9999.000 -9999.000 -9999.000 -9999.000 -9999.000 -9999.000 -9999.000 -9999.000 -9999.000 -9999.000 -9999.000 -9999.000
-9999.000 -9999.000 -9999.000 -9999.000 -9999.000 -9999.000 -9999.000 -9999.000 -9999.000 -9999.000 -9999.000 -9999.000 -9999.000 -9999.000 -9999.000 -9999.000 -9999.000 -9999.000 -9999.000 -9999.000 -9999.000 -9999.000 -9999.000 -9999.000 -9999.000 -9999.000 -9999.000 -9999.000 -9999.000 -9999.000 -9999.000 -9999.000 -9999.000 -9999.000 -9999.000 -9999.000 -9999.000 -9999.000 -9999.000 -9999.000 -9999.000 -9999.000 -9999.000 -9999.000 -9999.000 -9999.000 -9999.000 -9999.000 -9999.000 -9999.000 -9999.000 -9999.000 -9999.000 -9999.000 -9999.000 -9999.000 -9999.000 -9999.000 -9999.000 -9999.000 -9999.000 -9999.000 -9999.000 -9999.000 -9999.000 -9999.000 -9999.000 -9999.000 -9999.000 -9999.000 -9999.000 -9999.000 -9999.000 -9999.000 -9999.000 -9999.000 -9999.000 -9999.000 -9999.000 -9999.000 -9999.000 -9999.000 -9999.000 -9999.000 -9999.000 -9999.000 -9999.000 -9999.000 -9999.000 -9999.000 -9999.000 -9999.000 -9999.000 -9999.000 -9999.000 -9999.000 -9999.000 -9999.000 -9999.000 -9999.000 -9999.000 -9999.000 -9999.000 -9999.000
-9999.000 -9999.000 -525.992 -1169.739 -1278.566 -951.162 -503.362 -388.722 -370.868 -446.607 -1179.234 -1360.866 -1361.377 -1361.384 -1361.385 -1361.386 -1361.386 -1361.386 -1361.386 -1361.386 -1361.386 -1361.386 -1361.386 -1361.386 -1361.386 -1361.386 -1361.386 -1361.386 -1361.382 -1359.681 -1070.352 -496.125 -393.367 -367.806 -359.692 -357.028 -356.780 -358.096 -360.840 -365.374 -373.085 -387.889 -417.311 -485.128 -741.398 -1328.751 -1360.774 -1360.985 -1361.222 -1361.556 -1361.720 -1362.668 -1361.452 -1361.389 -1361.386 -1361.386 -1361.386 -1361.386 -1361.386 -1361.386 -1361.386 -1361.386 -1361.381 -1360.247 -1354.886 -1354.088 -1354.035 -1354.008 -1353.981 -1353.954 -1353.927 -1353.900 -1353.874 -1353.849 -1353.825 -1353.802 -1353.782 -1353.766 -1353.754 -1353.749 -1353.752 -1353.765 -1353.792 -1353.836 -1353.901 -1353.994 -1354.120 -1354.287 -1354.504 -1354.781 -1355.132 -1355.572 -1356.119 -1356.797 -1357.635 -1358.675 -1359.981 -1361.712 -1364.463 -1370.058 -1378.544 -1392.162 -9999.000 -9999.000
-9999.000 -9999.000 -525.992 -1169.739 -1278.566 -951.162 -503.362 -388.722 -370.868 -446.607 -1179.234 -1360.866 -1361.377 -1361.384 -1361.385 -1361.386 -1361.386 -1361.386 -1361.386 -1361.386 -1361.386 -1361.386 -1361.386 -1361.386 -1361.386 -1361.386 -1361.386 -1361.386 -1361.382 -1359.681 -1070.352 -496.125 -393.367 -367.806 -359.692 -357.028 -356.780 -358.096 -360.840 -365.374 -373.085 -387.889 -417.311 -485.128 -741.398 -1328.751 -1360.774 -1360.985 -1361.222 -1361.556 -1361.720 -1362.668 -1361.452 -1361.389 -1361.386 -1361.386 -1361.386 -1361.386 -1361.386 -1361.386 -1361.386 -1361.386 -1361.381 -1360.247 -1354.886 -1354.088 -1354.035 -1354.008 -1353.981 -1353.954 -1353.927 -1353.900 -1353.874 -1353.849 -1353.825 -1353.802 -1353.782 -1353.766 -1353.754 -1353.749 -1353.752 -1353.765 -1353.792 -1353.836 -1353.901 -1353.994 -1354.120 -1354.287 -1354.504 -1354.781 -1355.132 -1355.572 -1356.119 -1356.797 -1357.635 -1358.675 -1359.981 -1361.712 -1364.463 -1370.058 -1378.544 -1392.162 -9999.000 -9999.000
-9999.000 -9999.000 -525.992 -1169.739 -1278.566 -951.162 -503.362 -388.722 -370.868 -446.607 -1179.234 -1360.866 -1361.377 -1361.384 -1361.385 -1361.386 -1361.386 -1361.386 -1361.386 -1361.386 -1361.386 -1361.386 -1361.386 -1361.386 -1361.386 -1361.386 -1361.386 -1361.386 -1361.382 -1359.681 -1070.352 -496.125 -393.367 -367.806 -359.692 -357.028 -356.780 -358.096 -360.840 -365.374 -373.085 -387.889 -417.311 -485.128 -741.398 -1328.751 -1360.774 -1360.985 -1361.222 -1361.556 -1361.720 -1362.668 -1361.452 -1361.389 -1361.386 -1361.386 -1361.386 -1361.386 -1361.386 -1361.386 -1361.386 -1361.386 -1361.381 -1360.247 -1354.886 -1354.088 -1354.035 -1354.008 -1353.981 -1353.954 -1353.927 -1353.900 -1353.874 -1353.849 -1353.825 -1353.802 -1353.782 -1353.766 -1353.754 -1353.749 -1353.752 -1353.765 -1353.792 -1353.836 -1353.901 -1353.994 -1354.120 -1354.287 -1354.504 -1354.781 -1355.132 -1355.572 -1356.119 -1356.797 -1357.635 -1358.675 -1359.981 -1361.712 -1364.463 -1370.058 -1378.544 -1392.162 -9999.000 -9999.000
-9999.000 -9999.000 -525.992 -1169.739 -1278.566 -951.162 -503.362 -388.722 -370.868 -446.607 -1179.234 -1360.866 -1361.377 -1361.384 -1361.385 -1361.386 -1361.386 -1361.386 -1361.386 -1361.386 -1361.386 -1361.386 -1361.386 -1361.386 -1361.386 -1361.386 -1361.386 -1361.386 -1361.382 -1359.681 -1070.352 -496.125 -393.367 -367.806 -359.692 -357.028 -356.780 -358.096 -360.840 -365.374 -373.085 -387.889 -417.311 -485.128 -741.398 -1328.751 -1360.774 -1360.985 -1361.222 -1361.556 -1361.720 -1362.668 -1361.452 -1361.389 -1361.386 -1361.386 -1361.386 -1361.386 -1361.386 -1361.386 -1361.386 -1361.386 -1361.381 -1360.247 -1354.886 -1354.088 -1354.035 -1354.008 -1353.981 -1353.954 -1353.927 -1353.900 -1353.874 -1353.849 -1353.825 -1353.802 -1353.782 -1353.766 -1353.754 -1353.749 -1353.752 -1353.765 -1353.792 -1353.836 -1353.901 -1353.994 -1354.120 -1354.287 -1354.504 -1354.781 -1355.132 -1355.572 -1356.119 -1356.797 -1357.635 -1358.675 -1359.981 -1361.712 -1364.463 -1370.058 -1378.544 -1392.162 -9999.000 -9999.000
-9999.000 -9999.000 -525.992 -1169.739 -1278.566 -951.162 -503.362 -388.722 -370.868 -446.607 -1179.234 -1360.866 -1361.377 -1361.384 -1361.385 -1361.386 -1361.386 -1361.386 -1361.386 -1361.386 -1361.386 -1361.386 -1361.386 -1361.386 -1361.386 -1361.386 -1361.386 -1361.386 -1361.382 -1359.681 -1070.352 -496.125 -393.367 -367.806 -359.692 -357.028 -356.780 -358.096 -360.840 -365.374 -373.085 -387.889 -417.311 -485.128 -741.398 -1328.751 -1360.774 -1360.985 -1361.222 -1361.556 -1361.720 -1362.668 -1361.452 -1361.389 -1361.386 -1361.386 -1361.386 -1361.386 -1361.386 -1361.386 -1361.386 -1361.386 -1361.381 -1360.247 -1354.886 -1354.088 -1354.035 -1354.008 -1353.981 -1353.954 -1353.927 -1353.900 -1353.874 -1353.849 -1353.825 -1353.802 -1353.782 -1353.766 -1353.754 -1353.749 -1353.752 -1353.765 -1353.792 -1353.836 -1353.901 -1353.994 -1354.120 -1354.287 -1354.504 -1354.781 -1355.132 -1355.572 -1356.119 -1356.797 -1357.635 -1358.675 -1359.981 -1361.712 -1364.463 -1370.058 -1378.544 -1392.162 -9999.000 -9999.000
-9999.000 -9999.000 -525.992 -1169.739 -1278.566 -951.162 -503.362 -388.722 -370.868 -446.607 -1179.234 -1360.866 -1361.377 -1361.384 -1361.385 -1361.386 -1361.386 -1361.386 -1361.386 -1361.386 -1361.386 -1361.386 -1361.386 -1361.386 -1361.386 -1361.386 -1361.386 -1361.386 -1361.382 -1359.681 -1070.352 -496.125 -393.367 -367.806 -359.692 -357.028 -356.780 -358.096 -360.840 -365.374 -373.085 -387.889 -417.311 -485.128 -741.398 -1328.751 -1360.774 -1360.985 -1361.222 -1361.556 -1361.720 -1362.668 -1361.452 -1361.389 -1361.386 -1361.386 -1361.386 -1361.386 -1361.386 -1361.386 -1361.386 -1361.386 -1361.381 -1360.247 -1354.886 -1354.088 -1354.035 -1354.008 -1353.981 -1353.954 -1353.927 -1353.900 -1353.874 -1353.849 -1353.825 -1353.802 -1353.782 -1353.766 -1353.754 -1353.749 -1353.752 -1353.765 -1353.792 -1353.836 -1353.901 -1353.994 -1354.120 -1354.287 -1354.504 -1354.781 -1355.132 -1355.572 -1356.119 -1356.797 -1357.635 -1358.675 -1359.981 -1361.712 -1364.463 -1370.058 -1378.544 -1392.162 -9999.000 -9999.000
-9999.000 -9999.000 -9999.000 -9999.000 -9999.000 -9999.000 -9999.000 -9999.000 -9999.000 -9999.000 -9999.000 -9999.000 -9999.000 -9999.000 -9999.000 -9999.000 -9999.000 -9999.000 -9999.000 -9999.000 -9999.000 -9999.000 -9999.000 -9999.000 -9999.000 -9999.000 -9999.000 -9999.000 -9999.000 -9999.000 -9999.000 -9999.000 -9999.000 -9999.000 -9999.000 -9999.000 -9999.000 -9999.000 -9999.000 -9999.000 -9999.000 -9999.000 -9999.000 -9999.000 -9999.000 -9999.000 -9999.000 -9999.000 -9999.000 -9999.000 -9999.000 -9999.000 -9999.000 -9999.000 -9999.000 -9999.000 -9999.000 -9999.000 -9999.000 -9999.000 -9999.000 -9999.000 -9999.000 -9999.000 -9999.000 -9999.000 -9999.000 -9999.000 -9999.000 -9999.000 -9999.000 -9999.000 -9999.000 -9999.000 -9999.000 -9999.000 -9999.000 -9999.000 -9999.000 -9999.000 -9999.000 -9999.000 -9999.000 -9999.000 -9999.000 -9999.000 -9999.000 -9999.000 -9999.000 -9999.000 -9999.000 -9999.000 -9999.000 -9999.000 -9999.000 -9999.000 -9999.000 -9999.000 -9999.000 -9999.000 -9999.000 -9999.000 -9999.000 -9999.000
-9999.000 -9999.000 -9999.000 -9999.000 -9999.000 -9999.000 -9999.000 -9999.000 -9999.000 -9999.000 -9999.000 -9999.000 -9999.000 -9999.000 -9999.000 -9999.000 -9999.000 -9999.000 -9999.000 -9999.000 -9999.000 -9999.000 -9999.000 -9999.000 -9999.000 -9999.000 -9999.000 -9999.000 -9999.000 -9999.000 -9999.000 -9999.000 -9999.000 -9999.000 -9999.000 -9999.000 -9999.000 -9999.000 -9999.000 -9999.000 -9999.000 -9999.000 -9999.000 -9999.000 -9999.000 -9999.000 -9999.000 -9999.000 -9999.000 -9999.000 -9999.000 -9999.000 -9999.000 -9999.000 -9999.000 -9999.000 -9999.000 -9999.000 -9999.000 -9999.000 -9999.000 -9999.000 -9999.000 -9999.000 -9999.000 -9999.000 -9999.000 -9999.000 -9999.000 -9999.000 -9999.000 -9999.000 -9999.000 -9999.000 -9999.000 -9999.000 -9999.000 -9999.000 -9999.000 -9999.000 -9999.000 -9999.000 -9999.000 -9999.000 -9999.000 -9999.000 -9999.000 -9999.000 -9999.000 -9999.000 -9999.000 -9999.000 -9999.000 -9999.000 -9999.000 -9999.000 -9999.000 -9999.000 -9999.000 -9999.000 -9999.000 -9999.000 -9999.000 -9999.000