examples/3D/hillslope02_superslab/output-maps-METEOIO-OFF/psiliqL0068N0002.asc
ncols         104
nrows         10
xllcorner     -2.000000
yllcorner     0.000000
cellsize      1.000000
NODATA_value  -9999.0
-9999.000 -9999.000 -9999.000 -9999.000 -9999.000 -9999.000 -9999.000 -9999.000 -9999.000 -9999.000 -9999.000 -9999.000 -9999.000 -9999.000 -9999.000 -9999.000 -9999.000 -9999.000 -9999.000 -9999.000 -9999.000 -9999.000 -9999.000 -9999.000 -9999.000 -9999.000 -9999.000 -9999.000 -9999.000 -9999.000 -9999.000 -9999.000 -9999.000 -9999.000 -9999.000 -9999.000 -9999.000 -9999.000 -9999.000 -9999.000 -9999.000 -9999.000 -9999.000 -9999.000 -9999.000 -9999.000 -9999.000 -9999.000 -9999.000 -9999.000 -9999.000 -9999.000 -9999.000 -9999.000 -9999.000 -9999.000 -9999.000 -9999.000 -9999.000 -9999.000 -9999.000 -9999.000 -9999.000 -9999.000 -9999.000 -9999.000 -9999.000 -9999.000 -9999.000 -9999.000 -9999.000 -9999.000 -9999.000 -9999.000 -9999.000 -9999.000 -9999.000 -9999.000 -9999.000 -9999.000 -9999.000 -9999.000 -9999.000 -9999.000 -9999.000 -9999.000 -9999.000 -9999.000 -9999.000 -9999.000 -9999.000 -9999.000 -9999.000 -9999.000 -9999.000 -9999.000 -9999.000 -9999.000 -9999.000 -9999.000 -9999.000 -9999.000 -9999.000 -9999.000
-9999.000 -9999.000 -9999.000 -9999.000 -9999.000 -9999.000 -9999.000 -9999.000 -9999.000 -9999.000 -9999.000 -9999.000 -9999.000 -9999.000 -9999.000 -9999.000 -9999.000 -9999.000 -9999.000 -9999.000 -9999.000 -9999.000 -9999.000 -9999.000 -9999.000 -9999.000 -9999.000 -9999.000 -9999.000 -9999.000 -9999.000 -9999.000 -9999.000 -9999.000 -9999.000 -9999.000 -9999.000 -9999.000 -9999.000 -9999.000 -9999.000 -9999.000 -9999.000 -9999.000 -9999.000 -9999.000 -9999.000 -9999.000 -9999.000 -9999.000 -9999.000 -9999.000 -9999.000 -9999.000 -9999.000 -9999.000 -9999.000 -9999.000 -9999.000 -9999.000 -9999.000 -9999.000 -9999.000 -9999.000 -9999.000 -9999.000 -9999.000 -9999.000 -9999.000 -9999.000 -9999.000 -9999.000 -9999.000 -9999.000 -9999.000 -9999.000 -9999.000 -9999.000 -9999.000 -9999.000 -9999.000 -9999.000 -9999.000 -9999.000 -9999.000 -9999.000 -9999.000 -9999.000 -9999.000 -9999.000 -9999.000 -9999.000 -9999.000 -9999.000 -9999.000 -9999.000 -9999.000 -9999.000 -9999.000 -9999.000 -9999.000 -9999.000 -9999.000 -9999.000
-9999.000 -9999.000 1859.253 1758.165 1656.026 1552.724 1448.194 1342.489 1235.754 1128.260 1020.549 913.826 810.117 710.833 617.121 529.662 448.587 373.779 305.084 242.120 184.554 131.875 83.659 39.433 -1.358 -39.462 -75.190 -108.618 -140.073 -169.319 -196.230 -220.833 -242.853 -262.197 -278.935 -293.189 -305.180 -315.268 -323.893 -331.536 -338.691 -345.796 -353.028 -360.108 -130.459 38.707 168.901 258.991 193.804 4.362 -181.651 -394.645 -828.043 -1556.810 -1597.485 -1584.874 -1554.329 -1484.852 -1350.239 -1088.757 -684.141 -461.276 -358.585 -333.211 -323.806 -315.563 -307.464 -299.829 -292.961 -287.223 -282.779 -279.685 -277.983 -277.651 -278.626 -280.809 -284.069 -288.210 -293.060 -298.471 -304.269 -310.184 -316.091 -321.826 -327.214 -332.186 -336.634 -340.528 -343.861 -346.636 -348.897 -350.697 -352.095 -353.153 -353.933 -354.494 -354.890 -355.196 -355.627 -357.093 -363.227 -386.886 -9999.000 -9999.000
-9999.000 -9999.000 1859.263 1758.170 1656.029 1552.725 1448.195 1342.490 1235.754 1128.260 1020.549 913.826 810.117 710.833 617.121 529.662 448.587 373.779 305.084 242.120 184.554 131.875 83.659 39.433 -1.358 -39.462 -75.190 -108.618 -140.073 -169.319 -196.230 -220.833 -242.853 -262.197 -278.935 -293.189 -305.180 -315.268 -323.893 -331.536 -338.691 -345.796 -353.028 -360.108 -130.459 38.707 168.901 258.991 193.804 4.362 -181.651 -394.645 -828.043 -1556.810 -1597.485 -1584.874 -1554.329 -1484.852 -1350.239 -1088.757 -684.141 -461.276 -358.585 -333.211 -323.806 -315.563 -307.464 -299.829 -292.961 -287.223 -282.779 -279.685 -277.983 -277.651 -278.626 -280.809 -284.069 -288.210 -293.060 -298.471 -304.269 -310.184 -316.091 -321.826 -327.214 -332.186 -336.634 -340.528 -343.861 -346.636 -348.897 -350.697 -352.095 -353.153 -353.933 -354.494 -354.890 -355.196 -355.627 -357.093 -363.227 -386.886 -9999.000 -9999.000
-9999.000 -9999.000 1859.270 1758.175 1656.031 1552.726 1448.195 1342.490 1235.754 1128.260 1020.549 913.826 810.117 710.833 617.121 529.662 448.587 373.779 305.084 242.120 184.554 131.875 83.659 39.433 -1.358 -39.462 -75.190 -108.618 -140.073 -169.319 -196.230 -220.833 -242.853 -262.197 -278.935 -293.189 -305.180 -315.268 -323.893 -331.536 -338.691 -345.796 -353.028 -360.108 -130.459 38.707 168.901 258.991 193.804 4.362 -181.651 -394.645 -828.043 -1556.810 -1597.485 -1584.874 -1554.329 -1484.852 -1350.239 -1088.757 -684.141 -461.276 -358.585 -333.211 -323.806 -315.563 -307.464 -299.829 -292.961 -287.223 -282.779 -279.685 -277.983 -277.651 -278.626 -280.809 -284.069 -288.210 -293.060 -298.471 -304.269 -310.184 -316.091 -321.826 -327.214 -332.186 -336.634 -340.528 -343.861 -346.636 -348.897 -350.697 -352.095 -353.153 -353.933 -354.494 -354.890 -355.196 -355.627 -357.093 -363.227 -386.886 -9999.000 -9999.000
-9999.000 -9999.000 1859.270 1758.175 1656.031 1552.726 1448.195 1342.490 1235.754 1128.260 1020.549 913.826 810.117 710.833 617.121 529.662 448.587 373.779 305.084 242.120 184.554 131.875 83.659 39.433 -1.358 -39.462 -75.190 -108.618 -140.073 -169.319 -196.230 -220.833 -242.853 -262.197 -278.935 -293.189 -305.180 -315.268 -323.893 -331.536 -338.691 -345.796 -353.028 -360.108 -130.459 38.707 168.901 258.991 193.804 4.362 -181.651 -394.645 -828.043 -1556.810 -1597.485 -1584.874 -1554.329 -1484.852 -1350.239 -1088.757 -684.141 -461.276 -358.585 -333.211 -323.806 -315.563 -307.464 -299.829 -292.961 -287.223 -282.779 -279.685 -277.983 -277.651 -278.626 -280.809 -284.069 -288.210 -293.060 -298.471 -304.269 -310.184 -316.091 -321.826 -327.214 -332.186 -336.634 -340.528 -343.861 -346.636 -348.897 -350.697 -352.095 -353.153 -353.933 -354.494 -354.890 -355.196 -355.627 -357.093 -363.227 -386.886 -9999.000 -9999.000
-9999.000 -9999.000 1859.263 1758.170 1656.029 1552.725 1448.195 1342.490 1235.754 1128.260 1020.549 913.826 810.117 710.833 617.121 529.662 448.587 373.779 305.084 242.120 184.554 131.875 83.659 39.433 -1.358 -39.462 -75.190 -108.618 -140.073 -169.319 -196.230 -220.833 -242.853 -262.197 -278.935 -293.189 -305.180 -315.268 -323.893 -331.536 -338.691 -345.796 -353.028 -360.108 -130.459 38.707 168.901 258.991 193.804 4.362 -181.651 -394.645 -828.043 -1556.810 -1597.485 -1584.874 -1554.329 -1484.852 -1350.239 -1088.757 -684.141 -461.276 -358.585 -333.211 -323.806 -315.563 -307.464 -299.829 -292.961 -287.223 -282.779 -279.685 -277.983 -277.651 -278.626 -280.809 -284.069 -288.210 -293.060 -298.471 -304.269 -310.184 -316.091 -321.826 -327.214 -332.186 -336.634 -340.528 -343.861 -346.636 -348.897 -350.697 -352.095 -353.153 -353.933 -354.494 -354.890 -355.196 -355.627 -357.093 -363.227 -386.886 -9999.000 -9999.000
-9999.000 -9999.000 1859.253 1758.165 1656.026 1552.724 1448.194 1342.489 1235.754 1128.260 1020.549 913.826 810.117 710.833 617.121 529.662 448.587 373.779 305.084 242.120 184.554 131.875 83.659 39.433 -1.358 -39.462 -75.190 -108.618 -140.073 -169.319 -196.230 -220.833 -242.853 -262.197 -278.935 -293.189 -305.180 -315.268 -323.893 -331.536 -338.691 -345.796 -353.028 -360.108 -130.459 38.707 168.901 258.991 193.804 4.362 -181.651 -394.645 -828.043 -1556.810 -1597.485 -1584.874 -1554.329 -1484.852 -1350.239 -1088.757 -684.141 -461.276 -358.585 -333.211 -323.806 -315.563 -307.464 -299.829 -292.961 -287.223 -282.779 -279.685 -277.983 -277.651 -278.626 -280.809 -284.069 -288.210 -293.060 -298.471 -304.269 -310.184 -316.091 -321.826 -327.214 -332.186 -336.634 -340.528 -343.861 -346.636 -348.897 -350.697 -352.095 -353.153 -353.933 -354.494 -354.890 -355.196 -355.627 -357.093 -363.227 -386.886 -9999.000 -9999.000
-9999.000 -9999.000 -9999.000 -9999.000 -9999.000 -9999.000 -9999.000 -9999.000 -9999.000 -9999.000 -9999.000 -9999.000 -9999.000 -9999.000 -9999.000 -9999.000 -9999.000 -9999.000 -9999.000 -9999.000 -9999.000 -9999.000 -9999.000 -9999.000 -9999.000 -9999.000 -9999.000 -9999.000 -9999.000 -9999.000 -9999.000 -9999.000 -9999.000 -9999.000 -9999.000 -9999.000 -9999.000 -9999.000 -9999.000 -9999.000 -9999.000 -9999.000 -9999.000 -9999.000 -9999.000 -9999.000 -9999.000 -9999.000 -9999.000 -9999.000 -9999.000 -9999.000 -9999.000 -9999.000 -9999.000 -9999.000 -9999.000 -9999.000 -9999.000 -9999.000 -9999.000 -9999.000 -9999.000 -9999.000 -9999.000 -9999.000 -9999.000 -9999.000 -9999.000 -9999.000 -9999.000 -9999.000 -9999.000 -9999.000 -9999.000 -9999.000 -9999.000 -9999.000 -9999.000 -9999.000 -9999.000 -9999.000 -9999.000 -9999.000 -9999.000 -9999.000 -9999.000 -9999.000 -9999.000 -9999.000 -9999.000 -9999.000 -9999.000 -9999.000 -9999.000 -9999.000 -9999.000 -9999.000 -9999.000 -9999.000 -9999.000 -9999.000 -9999.000 -9999.000
-9999.000 -9999.000 -9999.000 -9999.000 -9999.000 -9999.000 -9999.000 -9999.000 -9999.000 -9999.000 -9999.000 -9999.000 -9999.000 -9999.000 -9999.000 -9999.000 -9999.000 -9999.000 -9999.000 -9999.000 -9999.000 -9999.000 -9999.000 -9999.000 -9999.000 -9999.000 -9999.000 -9999.000 -9999.000 -9999.000 -9999.000 -9999.000 -9999.000 -9999.000 -9999.000 -9999.000 -9999.000 -9999.000 -9999.000 -9999.000 -9999.000 -9999.000 -9999.000 -9999.000 -9999.000 -9999.000 -9999.000 -9999.000 -9999.000 -9999.000 -9999.000 -9999.000 -9999.000 -9999.000 -9999.000 -9999.000 -9999.000 -9999.000 -9999.000 -9999.000 -9999.000 -9999.000 -9999.000 -9999.000 -9999.000 -9999.000 -9999.000 -9999.000 -9999.000 -9999.000 -9999.000 -9999.000 -9999.000 -9999.000 -9999.000 -9999.000 -9999.000 -9999.000 -9999.000 -9999.000 -9999.000 -9999.000 -9999.000 -9999.000 -9999.000 -9999.000 -9999.000 -9999.000 -9999.000 -9999.000 -9999.000 -9999.000 -9999.000 -9999.000 -9999.000 -9999.000 -9999.000 -9999.000 -9999.000 -9999.000 -9999.000 -9999.000 -9999.000 -9999.000