examples/3D/hillslope02_superslab/output-maps-METEOIO-OFF/psiliqL0064N0003.asc
ncols         104
nrows         10
xllcorner     -2.000000
yllcorner     0.000000
cellsize      1.000000
NODATA_value  -9999.0
-9999.000 -9999.000 -9999.000 -9999.000 -9999.000 -9999.000 -9999.000 -9999.000 -9999.000 -9999.000 -9999.000 -9999.000 -9999.000 -9999.000 -9999.000 -9999.000 -9999.000 -9999.000 -9999.000 -9999.000 -9999.000 -9999.000 -9999.000 -9999.000 -9999.000 -9999.000 -9999.000 -9999.000 -9999.000 -9999.000 -9999.000 -9999.000 -9999.000 -9999.000 -9999.000 -9999.000 -9999.000 -9999.000 -9999.000 -9999.000 -9999.000 -9999.000 -9999.000 -9999.000 -9999.000 -9999.000 -9999.000 -9999.000 -9999.000 -9999.000 -9999.000 -9999.000 -9999.000 -9999.000 -9999.000 -9999.000 -9999.000 -9999.000 -9999.000 -9999.000 -9999.000 -9999.000 -9999.000 -9999.000 -9999.000 -9999.000 -9999.000 -9999.000 -9999.000 -9999.000 -9999.000 -9999.000 -9999.000 -9999.000 -9999.000 -9999.000 -9999.000 -9999.000 -9999.000 -9999.000 -9999.000 -9999.000 -9999.000 -9999.000 -9999.000 -9999.000 -9999.000 -9999.000 -9999.000 -9999.000 -9999.000 -9999.000 -9999.000 -9999.000 -9999.000 -9999.000 -9999.000 -9999.000 -9999.000 -9999.000 -9999.000 -9999.000 -9999.000 -9999.000
-9999.000 -9999.000 -9999.000 -9999.000 -9999.000 -9999.000 -9999.000 -9999.000 -9999.000 -9999.000 -9999.000 -9999.000 -9999.000 -9999.000 -9999.000 -9999.000 -9999.000 -9999.000 -9999.000 -9999.000 -9999.000 -9999.000 -9999.000 -9999.000 -9999.000 -9999.000 -9999.000 -9999.000 -9999.000 -9999.000 -9999.000 -9999.000 -9999.000 -9999.000 -9999.000 -9999.000 -9999.000 -9999.000 -9999.000 -9999.000 -9999.000 -9999.000 -9999.000 -9999.000 -9999.000 -9999.000 -9999.000 -9999.000 -9999.000 -9999.000 -9999.000 -9999.000 -9999.000 -9999.000 -9999.000 -9999.000 -9999.000 -9999.000 -9999.000 -9999.000 -9999.000 -9999.000 -9999.000 -9999.000 -9999.000 -9999.000 -9999.000 -9999.000 -9999.000 -9999.000 -9999.000 -9999.000 -9999.000 -9999.000 -9999.000 -9999.000 -9999.000 -9999.000 -9999.000 -9999.000 -9999.000 -9999.000 -9999.000 -9999.000 -9999.000 -9999.000 -9999.000 -9999.000 -9999.000 -9999.000 -9999.000 -9999.000 -9999.000 -9999.000 -9999.000 -9999.000 -9999.000 -9999.000 -9999.000 -9999.000 -9999.000 -9999.000 -9999.000 -9999.000
-9999.000 -9999.000 3212.894 3117.641 3025.681 2935.746 2847.151 2759.627 2673.132 2587.743 2503.592 2420.819 2339.539 2259.839 2181.762 2105.312 2030.467 1957.175 1885.363 1814.943 1745.814 1677.884 1611.049 1545.199 1480.239 1416.058 1352.530 1289.527 1226.964 1164.765 1102.936 1041.610 980.862 920.760 861.383 802.822 745.183 688.587 633.169 579.083 526.506 475.766 479.226 479.203 476.446 471.146 442.356 393.402 345.998 299.733 254.357 209.522 165.095 124.759 89.467 57.304 27.812 0.094 -25.230 -49.129 -71.043 -92.040 -112.027 -131.698 -151.461 -170.757 -190.190 -209.420 -228.597 -247.960 -267.054 -286.414 -305.470 -324.578 -343.432 -362.090 -380.366 -398.224 -415.462 -432.080 -447.815 -462.697 -476.537 -489.302 -500.951 -511.421 -520.727 -528.894 -535.961 -541.987 -547.054 -551.251 -554.674 -557.420 -559.586 -561.264 -562.543 -563.523 -564.392 -565.818 -570.514 -589.535 -9999.000 -9999.000
-9999.000 -9999.000 3212.895 3117.642 3025.682 2935.747 2847.152 2759.627 2673.132 2587.743 2503.592 2420.819 2339.539 2259.839 2181.762 2105.312 2030.467 1957.175 1885.363 1814.943 1745.814 1677.884 1611.049 1545.199 1480.239 1416.058 1352.530 1289.527 1226.964 1164.765 1102.936 1041.610 980.862 920.760 861.383 802.822 745.183 688.587 633.169 579.083 526.506 475.766 479.226 479.203 476.446 471.146 442.356 393.402 345.998 299.733 254.357 209.522 165.095 124.759 89.467 57.304 27.812 0.094 -25.230 -49.129 -71.043 -92.040 -112.027 -131.698 -151.461 -170.757 -190.190 -209.420 -228.597 -247.960 -267.054 -286.414 -305.470 -324.578 -343.432 -362.090 -380.366 -398.224 -415.462 -432.080 -447.815 -462.697 -476.537 -489.302 -500.951 -511.421 -520.727 -528.894 -535.961 -541.987 -547.054 -551.251 -554.674 -557.420 -559.586 -561.264 -562.543 -563.523 -564.392 -565.818 -570.514 -589.535 -9999.000 -9999.000
-9999.000 -9999.000 3212.896 3117.643 3025.682 2935.747 2847.152 2759.627 2673.132 2587.743 2503.592 2420.819 2339.539 2259.839 2181.762 2105.312 2030.467 1957.175 1885.363 1814.943 1745.814 1677.884 1611.049 1545.199 1480.239 1416.058 1352.530 1289.527 1226.964 1164.765 1102.936 1041.610 980.862 920.760 861.383 802.822 745.183 688.587 633.169 579.083 526.506 475.766 479.226 479.203 476.446 471.146 442.356 393.402 345.998 299.733 254.357 209.522 165.095 124.759 89.467 57.304 27.812 0.094 -25.230 -49.129 -71.043 -92.040 -112.027 -131.698 -151.461 -170.757 -190.190 -209.420 -228.597 -247.960 -267.054 -286.414 -305.470 -324.578 -343.432 -362.090 -380.366 -398.224 -415.462 -432.080 -447.815 -462.697 -476.537 -489.302 -500.951 -511.421 -520.727 -528.894 -535.961 -541.987 -547.054 -551.251 -554.674 -557.420 -559.586 -561.264 -562.543 -563.523 -564.392 -565.818 -570.514 -589.535 -9999.000 -9999.000
-9999.000 -9999.000 3212.896 3117.643 3025.682 2935.747 2847.152 2759.627 2673.132 2587.743 2503.592 2420.819 2339.539 2259.839 2181.762 2105.312 2030.467 1957.175 1885.363 1814.943 1745.814 1677.884 1611.049 1545.199 1480.239 1416.058 1352.530 1289.527 1226.964 1164.765 1102.936 1041.610 980.862 920.760 861.383 802.822 745.183 688.587 633.169 579.083 526.506 475.766 479.226 479.203 476.446 471.146 442.356 393.402 345.998 299.733 254.357 209.522 165.095 124.759 89.467 57.304 27.812 0.094 -25.230 -49.129 -71.043 -92.040 -112.027 -131.698 -151.461 -170.757 -190.190 -209.420 -228.597 -247.960 -267.054 -286.414 -305.470 -324.578 -343.432 -362.090 -380.366 -398.224 -415.462 -432.080 -447.815 -462.697 -476.537 -489.302 -500.951 -511.421 -520.727 -528.894 -535.961 -541.987 -547.054 -551.251 -554.674 -557.420 -559.586 -561.264 -562.543 -563.523 -564.392 -565.818 -570.514 -589.535 -9999.000 -9999.000
-9999.000 -9999.000 3212.895 3117.642 3025.682 2935.747 2847.152 2759.627 2673.132 2587.743 2503.592 2420.819 2339.539 2259.839 2181.762 2105.312 2030.467 1957.175 1885.363 1814.943 1745.814 1677.884 1611.049 1545.199 1480.239 1416.058 1352.530 1289.527 1226.964 1164.765 1102.936 1041.610 980.862 920.760 861.383 802.822 745.183 688.587 633.169 579.083 526.506 475.766 479.226 479.203 476.446 471.146 442.356 393.402 345.998 299.733 254.357 209.522 165.095 124.759 89.467 57.304 27.812 0.094 -25.230 -49.129 -71.043 -92.040 -112.027 -131.698 -151.461 -170.757 -190.190 -209.420 -228.597 -247.960 -267.054 -286.414 -305.470 -324.578 -343.432 -362.090 -380.366 -398.224 -415.462 -432.080 -447.815 -462.697 -476.537 -489.302 -500.951 -511.421 -520.727 -528.894 -535.961 -541.987 -547.054 -551.251 -554.674 -557.420 -559.586 -561.264 -562.543 -563.523 -564.392 -565.818 -570.514 -589.535 -9999.000 -9999.000
-9999.000 -9999.000 3212.894 3117.641 3025.681 2935.746 2847.151 2759.627 2673.132 2587.743 2503.592 2420.819 2339.539 2259.839 2181.762 2105.312 2030.467 1957.175 1885.363 1814.943 1745.814 1677.884 1611.049 1545.199 1480.239 1416.058 1352.530 1289.527 1226.964 1164.765 1102.936 1041.610 980.862 920.760 861.383 802.822 745.183 688.587 633.169 579.083 526.506 475.766 479.226 479.203 476.446 471.146 442.356 393.402 345.998 299.733 254.357 209.522 165.095 124.759 89.467 57.304 27.812 0.094 -25.230 -49.129 -71.043 -92.040 -112.027 -131.698 -151.461 -170.757 -190.190 -209.420 -228.597 -247.960 -267.054 -286.414 -305.470 -324.578 -343.432 -362.090 -380.366 -398.224 -415.462 -432.080 -447.815 -462.697 -476.537 -489.302 -500.951 -511.421 -520.727 -528.894 -535.961 -541.987 -547.054 -551.251 -554.674 -557.420 -559.586 -561.264 -562.543 -563.523 -564.392 -565.818 -570.514 -589.535 -9999.000 -9999.000
-9999.000 -9999.000 -9999.000 -9999.000 -9999.000 -9999.000 -9999.000 -9999.000 -9999.000 -9999.000 -9999.000 -9999.000 -9999.000 -9999.000 -9999.000 -9999.000 -9999.000 -9999.000 -9999.000 -9999.000 -9999.000 -9999.000 -9999.000 -9999.000 -9999.000 -9999.000 -9999.000 -9999.000 -9999.000 -9999.000 -9999.000 -9999.000 -9999.000 -9999.000 -9999.000 -9999.000 -9999.000 -9999.000 -9999.000 -9999.000 -9999.000 -9999.000 -9999.000 -9999.000 -9999.000 -9999.000 -9999.000 -9999.000 -9999.000 -9999.000 -9999.000 -9999.000 -9999.000 -9999.000 -9999.000 -9999.000 -9999.000 -9999.000 -9999.000 -9999.000 -9999.000 -9999.000 -9999.000 -9999.000 -9999.000 -9999.000 -9999.000 -9999.000 -9999.000 -9999.000 -9999.000 -9999.000 -9999.000 -9999.000 -9999.000 -9999.000 -9999.000 -9999.000 -9999.000 -9999.000 -9999.000 -9999.000 -9999.000 -9999.000 -9999.000 -9999.000 -9999.000 -9999.000 -9999.000 -9999.000 -9999.000 -9999.000 -9999.000 -9999.000 -9999.000 -9999.000 -9999.000 -9999.000 -9999.000 -9999.000 -9999.000 -9999.000 -9999.000 -9999.000
-9999.000 -9999.000 -9999.000 -9999.000 -9999.000 -9999.000 -9999.000 -9999.000 -9999.000 -9999.000 -9999.000 -9999.000 -9999.000 -9999.000 -9999.000 -9999.000 -9999.000 -9999.000 -9999.000 -9999.000 -9999.000 -9999.000 -9999.000 -9999.000 -9999.000 -9999.000 -9999.000 -9999.000 -9999.000 -9999.000 -9999.000 -9999.000 -9999.000 -9999.000 -9999.000 -9999.000 -9999.000 -9999.000 -9999.000 -9999.000 -9999.000 -9999.000 -9999.000 -9999.000 -9999.000 -9999.000 -9999.000 -9999.000 -9999.000 -9999.000 -9999.000 -9999.000 -9999.000 -9999.000 -9999.000 -9999.000 -9999.000 -9999.000 -9999.000 -9999.000 -9999.000 -9999.000 -9999.000 -9999.000 -9999.000 -9999.000 -9999.000 -9999.000 -9999.000 -9999.000 -9999.000 -9999.000 -9999.000 -9999.000 -9999.000 -9999.000 -9999.000 -9999.000 -9999.000 -9999.000 -9999.000 -9999.000 -9999.000 -9999.000 -9999.000 -9999.000 -9999.000 -9999.000 -9999.000 -9999.000 -9999.000 -9999.000 -9999.000 -9999.000 -9999.000 -9999.000 -9999.000 -9999.000 -9999.000 -9999.000 -9999.000 -9999.000 -9999.000 -9999.000