examples/3D/hillslope02_superslab/output-maps-METEOIO-OFF/psiliqL0065N0003.asc
ncols         104
nrows         10
xllcorner     -2.000000
yllcorner     0.000000
cellsize      1.000000
NODATA_value  -9999.0
-9999.000 -9999.000 -9999.000 -9999.000 -9999.000 -9999.000 -9999.000 -9999.000 -9999.000 -9999.000 -9999.000 -9999.000 -9999.000 -9999.000 -9999.000 -9999.000 -9999.000 -9999.000 -9999.000 -9999.000 -9999.000 -9999.000 -9999.000 -9999.000 -9999.000 -9999.000 -9999.000 -9999.000 -9999.000 -9999.000 -9999.000 -9999.000 -9999.000 -9999.000 -9999.000 -9999.000 -9999.000 -9999.000 -9999.000 -9999.000 -9999.000 -9999.000 -9999.000 -9999.000 -9999.000 -9999.000 -9999.000 -9999.000 -9999.000 -9999.000 -9999.000 -9999.000 -9999.000 -9999.000 -9999.000 -9999.000 -9999.000 -9999.000 -9999.000 -9999.000 -9999.000 -9999.000 -9999.000 -9999.000 -9999.000 -9999.000 -9999.000 -9999.000 -9999.000 -9999.000 -9999.000 -9999.000 -9999.000 -9999.000 -9999.000 -9999.000 -9999.000 -9999.000 -9999.000 -9999.000 -9999.000 -9999.000 -9999.000 -9999.000 -9999.000 -9999.000 -9999.000 -9999.000 -9999.000 -9999.000 -9999.000 -9999.000 -9999.000 -9999.000 -9999.000 -9999.000 -9999.000 -9999.000 -9999.000 -9999.000 -9999.000 -9999.000 -9999.000 -9999.000
-9999.000 -9999.000 -9999.000 -9999.000 -9999.000 -9999.000 -9999.000 -9999.000 -9999.000 -9999.000 -9999.000 -9999.000 -9999.000 -9999.000 -9999.000 -9999.000 -9999.000 -9999.000 -9999.000 -9999.000 -9999.000 -9999.000 -9999.000 -9999.000 -9999.000 -9999.000 -9999.000 -9999.000 -9999.000 -9999.000 -9999.000 -9999.000 -9999.000 -9999.000 -9999.000 -9999.000 -9999.000 -9999.000 -9999.000 -9999.000 -9999.000 -9999.000 -9999.000 -9999.000 -9999.000 -9999.000 -9999.000 -9999.000 -9999.000 -9999.000 -9999.000 -9999.000 -9999.000 -9999.000 -9999.000 -9999.000 -9999.000 -9999.000 -9999.000 -9999.000 -9999.000 -9999.000 -9999.000 -9999.000 -9999.000 -9999.000 -9999.000 -9999.000 -9999.000 -9999.000 -9999.000 -9999.000 -9999.000 -9999.000 -9999.000 -9999.000 -9999.000 -9999.000 -9999.000 -9999.000 -9999.000 -9999.000 -9999.000 -9999.000 -9999.000 -9999.000 -9999.000 -9999.000 -9999.000 -9999.000 -9999.000 -9999.000 -9999.000 -9999.000 -9999.000 -9999.000 -9999.000 -9999.000 -9999.000 -9999.000 -9999.000 -9999.000 -9999.000 -9999.000
-9999.000 -9999.000 3262.751 3167.426 3075.387 2985.397 2896.772 2809.236 2722.742 2637.360 2553.218 2470.454 2389.181 2309.484 2231.408 2154.957 2080.108 2006.810 1934.990 1864.562 1795.425 1727.486 1660.641 1594.782 1529.812 1465.622 1402.084 1339.074 1276.506 1214.309 1152.486 1091.167 1030.425 970.331 910.962 852.410 794.782 738.198 682.794 628.724 576.166 525.323 502.774 504.177 502.791 498.873 491.936 443.123 395.735 349.483 304.115 259.280 214.801 174.444 139.164 107.005 77.490 49.779 24.419 0.473 -21.467 -42.517 -62.677 -82.543 -102.535 -122.115 -141.925 -161.612 -181.364 -201.423 -221.340 -241.714 -261.897 -282.351 -302.686 -323.048 -343.169 -363.077 -382.476 -401.417 -419.530 -436.860 -453.155 -468.332 -482.327 -495.024 -506.402 -516.469 -525.244 -532.776 -539.146 -544.449 -548.795 -552.296 -555.068 -557.222 -558.868 -560.125 -561.202 -562.788 -567.630 -586.800 -9999.000 -9999.000
-9999.000 -9999.000 3262.752 3167.427 3075.387 2985.397 2896.772 2809.236 2722.742 2637.360 2553.218 2470.454 2389.181 2309.484 2231.408 2154.957 2080.108 2006.810 1934.990 1864.562 1795.425 1727.486 1660.641 1594.782 1529.812 1465.622 1402.084 1339.074 1276.506 1214.309 1152.486 1091.167 1030.425 970.331 910.962 852.410 794.782 738.198 682.794 628.724 576.166 525.323 502.774 504.177 502.791 498.873 491.936 443.123 395.735 349.483 304.115 259.280 214.801 174.444 139.164 107.005 77.490 49.779 24.419 0.473 -21.467 -42.517 -62.677 -82.543 -102.535 -122.115 -141.925 -161.612 -181.364 -201.423 -221.340 -241.714 -261.897 -282.351 -302.686 -323.048 -343.169 -363.077 -382.476 -401.417 -419.530 -436.860 -453.155 -468.332 -482.327 -495.024 -506.402 -516.469 -525.244 -532.776 -539.146 -544.449 -548.795 -552.296 -555.068 -557.222 -558.868 -560.125 -561.202 -562.788 -567.630 -586.800 -9999.000 -9999.000
-9999.000 -9999.000 3262.753 3167.427 3075.388 2985.397 2896.772 2809.237 2722.742 2637.360 2553.218 2470.454 2389.181 2309.484 2231.408 2154.957 2080.108 2006.810 1934.990 1864.562 1795.425 1727.486 1660.641 1594.782 1529.812 1465.622 1402.084 1339.074 1276.506 1214.309 1152.486 1091.167 1030.425 970.331 910.962 852.410 794.782 738.198 682.794 628.724 576.166 525.323 502.774 504.177 502.791 498.873 491.936 443.123 395.735 349.483 304.115 259.280 214.801 174.444 139.164 107.005 77.490 49.779 24.419 0.473 -21.467 -42.517 -62.677 -82.543 -102.535 -122.115 -141.925 -161.612 -181.364 -201.423 -221.340 -241.714 -261.897 -282.351 -302.686 -323.048 -343.169 -363.077 -382.476 -401.417 -419.530 -436.860 -453.155 -468.332 -482.327 -495.024 -506.402 -516.469 -525.244 -532.776 -539.146 -544.449 -548.795 -552.296 -555.068 -557.222 -558.868 -560.125 -561.202 -562.788 -567.630 -586.800 -9999.000 -9999.000
-9999.000 -9999.000 3262.753 3167.427 3075.388 2985.397 2896.772 2809.237 2722.742 2637.360 2553.218 2470.454 2389.181 2309.484 2231.408 2154.957 2080.108 2006.810 1934.990 1864.562 1795.425 1727.486 1660.641 1594.782 1529.812 1465.622 1402.084 1339.074 1276.506 1214.309 1152.486 1091.167 1030.425 970.331 910.962 852.410 794.782 738.198 682.794 628.724 576.166 525.323 502.774 504.177 502.791 498.873 491.936 443.123 395.735 349.483 304.115 259.280 214.801 174.444 139.164 107.005 77.490 49.779 24.419 0.473 -21.467 -42.517 -62.677 -82.543 -102.535 -122.115 -141.925 -161.612 -181.364 -201.423 -221.340 -241.714 -261.897 -282.351 -302.686 -323.048 -343.169 -363.077 -382.476 -401.417 -419.530 -436.860 -453.155 -468.332 -482.327 -495.024 -506.402 -516.469 -525.244 -532.776 -539.146 -544.449 -548.795 -552.296 -555.068 -557.222 -558.868 -560.125 -561.202 -562.788 -567.630 -586.800 -9999.000 -9999.000
-9999.000 -9999.000 3262.752 3167.427 3075.387 2985.397 2896.772 2809.236 2722.742 2637.360 2553.218 2470.454 2389.181 2309.484 2231.408 2154.957 2080.108 2006.810 1934.990 1864.562 1795.425 1727.486 1660.641 1594.782 1529.812 1465.622 1402.084 1339.074 1276.506 1214.309 1152.486 1091.167 1030.425 970.331 910.962 852.410 794.782 738.198 682.794 628.724 576.166 525.323 502.774 504.177 502.791 498.873 491.936 443.123 395.735 349.483 304.115 259.280 214.801 174.444 139.164 107.005 77.490 49.779 24.419 0.473 -21.467 -42.517 -62.677 -82.543 -102.535 -122.115 -141.925 -161.612 -181.364 -201.423 -221.340 -241.714 -261.897 -282.351 -302.686 -323.048 -343.169 -363.077 -382.476 -401.417 -419.530 -436.860 -453.155 -468.332 -482.327 -495.024 -506.402 -516.469 -525.244 -532.776 -539.146 -544.449 -548.795 -552.296 -555.068 -557.222 -558.868 -560.125 -561.202 -562.788 -567.630 -586.800 -9999.000 -9999.000
-9999.000 -9999.000 3262.751 3167.426 3075.387 2985.397 2896.772 2809.236 2722.742 2637.360 2553.218 2470.454 2389.181 2309.484 2231.408 2154.957 2080.108 2006.810 1934.990 1864.562 1795.425 1727.486 1660.641 1594.782 1529.812 1465.622 1402.084 1339.074 1276.506 1214.309 1152.486 1091.167 1030.425 970.331 910.962 852.410 794.782 738.198 682.794 628.724 576.166 525.323 502.774 504.177 502.791 498.873 491.936 443.123 395.735 349.483 304.115 259.280 214.801 174.444 139.164 107.005 77.490 49.779 24.419 0.473 -21.467 -42.517 -62.677 -82.543 -102.535 -122.115 -141.925 -161.612 -181.364 -201.423 -221.340 -241.714 -261.897 -282.351 -302.686 -323.048 -343.169 -363.077 -382.476 -401.417 -419.530 -436.860 -453.155 -468.332 -482.327 -495.024 -506.402 -516.469 -525.244 -532.776 -539.146 -544.449 -548.795 -552.296 -555.068 -557.222 -558.868 -560.125 -561.202 -562.788 -567.630 -586.800 -9999.000 -9999.000
-9999.000 -9999.000 -9999.000 -9999.000 -9999.000 -9999.000 -9999.000 -9999.000 -9999.000 -9999.000 -9999.000 -9999.000 -9999.000 -9999.000 -9999.000 -9999.000 -9999.000 -9999.000 -9999.000 -9999.000 -9999.000 -9999.000 -9999.000 -9999.000 -9999.000 -9999.000 -9999.000 -9999.000 -9999.000 -9999.000 -9999.000 -9999.000 -9999.000 -9999.000 -9999.000 -9999.000 -9999.000 -9999.000 -9999.000 -9999.000 -9999.000 -9999.000 -9999.000 -9999.000 -9999.000 -9999.000 -9999.000 -9999.000 -9999.000 -9999.000 -9999.000 -9999.000 -9999.000 -9999.000 -9999.000 -9999.000 -9999.000 -9999.000 -9999.000 -9999.000 -9999.000 -9999.000 -9999.000 -9999.000 -9999.000 -9999.000 -9999.000 -9999.000 -9999.000 -9999.000 -9999.000 -9999.000 -9999.000 -9999.000 -9999.000 -9999.000 -9999.000 -9999.000 -9999.000 -9999.000 -9999.000 -9999.000 -9999.000 -9999.000 -9999.000 -9999.000 -9999.000 -9999.000 -9999.000 -9999.000 -9999.000 -9999.000 -9999.000 -9999.000 -9999.000 -9999.000 -9999.000 -9999.000 -9999.000 -9999.000 -9999.000 -9999.000 -9999.000 -9999.000
-9999.000 -9999.000 -9999.000 -9999.000 -9999.000 -9999.000 -9999.000 -9999.000 -9999.000 -9999.000 -9999.000 -9999.000 -9999.000 -9999.000 -9999.000 -9999.000 -9999.000 -9999.000 -9999.000 -9999.000 -9999.000 -9999.000 -9999.000 -9999.000 -9999.000 -9999.000 -9999.000 -9999.000 -9999.000 -9999.000 -9999.000 -9999.000 -9999.000 -9999.000 -9999.000 -9999.000 -9999.000 -9999.000 -9999.000 -9999.000 -9999.000 -9999.000 -9999.000 -9999.000 -9999.000 -9999.000 -9999.000 -9999.000 -9999.000 -9999.000 -9999.000 -9999.000 -9999.000 -9999.000 -9999.000 -9999.000 -9999.000 -9999.000 -9999.000 -9999.000 -9999.000 -9999.000 -9999.000 -9999.000 -9999.000 -9999.000 -9999.000 -9999.000 -9999.000 -9999.000 -9999.000 -9999.000 -9999.000 -9999.000 -9999.000 -9999.000 -9999.000 -9999.000 -9999.000 -9999.000 -9999.000 -9999.000 -9999.000 -9999.000 -9999.000 -9999.000 -9999.000 -9999.000 -9999.000 -9999.000 -9999.000 -9999.000 -9999.000 -9999.000 -9999.000 -9999.000 -9999.000 -9999.000 -9999.000 -9999.000 -9999.000 -9999.000 -9999.000 -9999.000