examples/3D/hillslope02_superslab/output-maps-METEOIO-OFF/psiliqL0089N0002.asc
ncols         104
nrows         10
xllcorner     -2.000000
yllcorner     0.000000
cellsize      1.000000
NODATA_value  -9999.0
-9999.000 -9999.000 -9999.000 -9999.000 -9999.000 -9999.000 -9999.000 -9999.000 -9999.000 -9999.000 -9999.000 -9999.000 -9999.000 -9999.000 -9999.000 -9999.000 -9999.000 -9999.000 -9999.000 -9999.000 -9999.000 -9999.000 -9999.000 -9999.000 -9999.000 -9999.000 -9999.000 -9999.000 -9999.000 -9999.000 -9999.000 -9999.000 -9999.000 -9999.000 -9999.000 -9999.000 -9999.000 -9999.000 -9999.000 -9999.000 -9999.000 -9999.000 -9999.000 -9999.000 -9999.000 -9999.000 -9999.000 -9999.000 -9999.000 -9999.000 -9999.000 -9999.000 -9999.000 -9999.000 -9999.000 -9999.000 -9999.000 -9999.000 -9999.000 -9999.000 -9999.000 -9999.000 -9999.000 -9999.000 -9999.000 -9999.000 -9999.000 -9999.000 -9999.000 -9999.000 -9999.000 -9999.000 -9999.000 -9999.000 -9999.000 -9999.000 -9999.000 -9999.000 -9999.000 -9999.000 -9999.000 -9999.000 -9999.000 -9999.000 -9999.000 -9999.000 -9999.000 -9999.000 -9999.000 -9999.000 -9999.000 -9999.000 -9999.000 -9999.000 -9999.000 -9999.000 -9999.000 -9999.000 -9999.000 -9999.000 -9999.000 -9999.000 -9999.000 -9999.000
-9999.000 -9999.000 -9999.000 -9999.000 -9999.000 -9999.000 -9999.000 -9999.000 -9999.000 -9999.000 -9999.000 -9999.000 -9999.000 -9999.000 -9999.000 -9999.000 -9999.000 -9999.000 -9999.000 -9999.000 -9999.000 -9999.000 -9999.000 -9999.000 -9999.000 -9999.000 -9999.000 -9999.000 -9999.000 -9999.000 -9999.000 -9999.000 -9999.000 -9999.000 -9999.000 -9999.000 -9999.000 -9999.000 -9999.000 -9999.000 -9999.000 -9999.000 -9999.000 -9999.000 -9999.000 -9999.000 -9999.000 -9999.000 -9999.000 -9999.000 -9999.000 -9999.000 -9999.000 -9999.000 -9999.000 -9999.000 -9999.000 -9999.000 -9999.000 -9999.000 -9999.000 -9999.000 -9999.000 -9999.000 -9999.000 -9999.000 -9999.000 -9999.000 -9999.000 -9999.000 -9999.000 -9999.000 -9999.000 -9999.000 -9999.000 -9999.000 -9999.000 -9999.000 -9999.000 -9999.000 -9999.000 -9999.000 -9999.000 -9999.000 -9999.000 -9999.000 -9999.000 -9999.000 -9999.000 -9999.000 -9999.000 -9999.000 -9999.000 -9999.000 -9999.000 -9999.000 -9999.000 -9999.000 -9999.000 -9999.000 -9999.000 -9999.000 -9999.000 -9999.000
-9999.000 -9999.000 2897.617 2796.527 2694.344 2591.037 2486.604 2381.137 2274.846 2168.134 2061.699 1956.652 1854.428 1756.322 1663.362 1576.208 1495.137 1420.160 1351.131 1287.763 1229.699 1176.505 1127.729 1082.875 1041.392 1002.686 966.262 931.560 897.959 865.010 832.221 799.061 765.259 730.488 694.420 656.928 617.990 577.598 535.819 492.816 448.861 404.425 360.175 316.932 275.662 237.432 203.150 174.178 151.393 135.682 127.088 124.761 124.854 131.715 152.195 183.152 221.384 264.762 311.794 361.396 412.604 463.673 511.769 553.916 589.680 619.764 644.572 665.012 681.407 693.997 703.264 709.502 712.916 713.684 711.955 707.843 701.435 692.854 682.238 669.589 654.860 638.157 619.510 598.754 576.084 551.251 524.417 495.289 463.971 430.325 394.083 355.157 313.441 268.690 220.614 168.861 112.970 52.266 -13.715 -85.547 -162.239 -242.378 -9999.000 -9999.000
-9999.000 -9999.000 2897.620 2796.530 2694.346 2591.037 2486.605 2381.137 2274.846 2168.134 2061.699 1956.652 1854.428 1756.322 1663.362 1576.208 1495.137 1420.160 1351.131 1287.763 1229.699 1176.505 1127.729 1082.875 1041.392 1002.686 966.262 931.560 897.959 865.010 832.221 799.061 765.259 730.488 694.420 656.928 617.990 577.598 535.819 492.816 448.861 404.425 360.175 316.932 275.662 237.432 203.150 174.178 151.393 135.682 127.088 124.761 124.854 131.715 152.195 183.152 221.384 264.762 311.794 361.396 412.604 463.673 511.769 553.916 589.680 619.764 644.572 665.012 681.407 693.997 703.264 709.502 712.916 713.684 711.955 707.843 701.435 692.854 682.238 669.589 654.860 638.157 619.510 598.754 576.084 551.251 524.417 495.289 463.971 430.325 394.083 355.157 313.441 268.690 220.614 168.861 112.970 52.266 -13.715 -85.547 -162.239 -242.378 -9999.000 -9999.000
-9999.000 -9999.000 2897.623 2796.532 2694.347 2591.038 2486.605 2381.137 2274.846 2168.134 2061.699 1956.652 1854.428 1756.322 1663.362 1576.208 1495.137 1420.160 1351.131 1287.763 1229.699 1176.505 1127.729 1082.875 1041.392 1002.686 966.262 931.560 897.959 865.010 832.221 799.061 765.259 730.488 694.420 656.928 617.990 577.598 535.819 492.816 448.861 404.425 360.175 316.932 275.662 237.432 203.150 174.178 151.393 135.682 127.088 124.761 124.854 131.715 152.195 183.152 221.384 264.762 311.794 361.396 412.604 463.673 511.769 553.916 589.680 619.764 644.572 665.012 681.407 693.997 703.264 709.502 712.916 713.684 711.955 707.843 701.435 692.854 682.238 669.589 654.860 638.157 619.510 598.754 576.084 551.251 524.417 495.289 463.971 430.325 394.083 355.157 313.441 268.690 220.614 168.861 112.970 52.266 -13.715 -85.547 -162.239 -242.378 -9999.000 -9999.000
-9999.000 -9999.000 2897.623 2796.532 2694.347 2591.038 2486.605 2381.137 2274.846 2168.134 2061.699 1956.652 1854.428 1756.322 1663.362 1576.208 1495.137 1420.160 1351.131 1287.763 1229.699 1176.505 1127.729 1082.875 1041.392 1002.686 966.262 931.560 897.959 865.010 832.221 799.061 765.259 730.488 694.420 656.928 617.990 577.598 535.819 492.816 448.861 404.425 360.175 316.932 275.662 237.432 203.150 174.178 151.393 135.682 127.088 124.761 124.854 131.715 152.195 183.152 221.384 264.762 311.794 361.396 412.604 463.673 511.769 553.916 589.680 619.764 644.572 665.012 681.407 693.997 703.264 709.502 712.916 713.684 711.955 707.843 701.435 692.854 682.238 669.589 654.860 638.157 619.510 598.754 576.084 551.251 524.417 495.289 463.971 430.325 394.083 355.157 313.441 268.690 220.614 168.861 112.970 52.266 -13.715 -85.547 -162.239 -242.378 -9999.000 -9999.000
-9999.000 -9999.000 2897.620 2796.530 2694.346 2591.037 2486.605 2381.137 2274.846 2168.134 2061.699 1956.652 1854.428 1756.322 1663.362 1576.208 1495.137 1420.160 1351.131 1287.763 1229.699 1176.505 1127.729 1082.875 1041.392 1002.686 966.262 931.560 897.959 865.010 832.221 799.061 765.259 730.488 694.420 656.928 617.990 577.598 535.819 492.816 448.861 404.425 360.175 316.932 275.662 237.432 203.150 174.178 151.393 135.682 127.088 124.761 124.854 131.715 152.195 183.152 221.384 264.762 311.794 361.396 412.604 463.673 511.769 553.916 589.680 619.764 644.572 665.012 681.407 693.997 703.264 709.502 712.916 713.684 711.955 707.843 701.435 692.854 682.238 669.589 654.860 638.157 619.510 598.754 576.084 551.251 524.417 495.289 463.971 430.325 394.083 355.157 313.441 268.690 220.614 168.861 112.970 52.266 -13.715 -85.547 -162.239 -242.378 -9999.000 -9999.000
-9999.000 -9999.000 2897.617 2796.527 2694.344 2591.037 2486.604 2381.137 2274.846 2168.134 2061.699 1956.652 1854.428 1756.322 1663.362 1576.208 1495.137 1420.160 1351.131 1287.763 1229.699 1176.505 1127.729 1082.875 1041.392 1002.686 966.262 931.560 897.959 865.010 832.221 799.061 765.259 730.488 694.420 656.928 617.990 577.598 535.819 492.816 448.861 404.425 360.175 316.932 275.662 237.432 203.150 174.178 151.393 135.682 127.088 124.761 124.854 131.715 152.195 183.152 221.384 264.762 311.794 361.396 412.604 463.673 511.769 553.916 589.680 619.764 644.572 665.012 681.407 693.997 703.264 709.502 712.916 713.684 711.955 707.843 701.435 692.854 682.238 669.589 654.860 638.157 619.510 598.754 576.084 551.251 524.417 495.289 463.971 430.325 394.083 355.157 313.441 268.690 220.614 168.861 112.970 52.266 -13.715 -85.547 -162.239 -242.378 -9999.000 -9999.000
-9999.000 -9999.000 -9999.000 -9999.000 -9999.000 -9999.000 -9999.000 -9999.000 -9999.000 -9999.000 -9999.000 -9999.000 -9999.000 -9999.000 -9999.000 -9999.000 -9999.000 -9999.000 -9999.000 -9999.000 -9999.000 -9999.000 -9999.000 -9999.000 -9999.000 -9999.000 -9999.000 -9999.000 -9999.000 -9999.000 -9999.000 -9999.000 -9999.000 -9999.000 -9999.000 -9999.000 -9999.000 -9999.000 -9999.000 -9999.000 -9999.000 -9999.000 -9999.000 -9999.000 -9999.000 -9999.000 -9999.000 -9999.000 -9999.000 -9999.000 -9999.000 -9999.000 -9999.000 -9999.000 -9999.000 -9999.000 -9999.000 -9999.000 -9999.000 -9999.000 -9999.000 -9999.000 -9999.000 -9999.000 -9999.000 -9999.000 -9999.000 -9999.000 -9999.000 -9999.000 -9999.000 -9999.000 -9999.000 -9999.000 -9999.000 -9999.000 -9999.000 -9999.000 -9999.000 -9999.000 -9999.000 -9999.000 -9999.000 -9999.000 -9999.000 -9999.000 -9999.000 -9999.000 -9999.000 -9999.000 -9999.000 -9999.000 -9999.000 -9999.000 -9999.000 -9999.000 -9999.000 -9999.000 -9999.000 -9999.000 -9999.000 -9999.000 -9999.000 -9999.000
-9999.000 -9999.000 -9999.000 -9999.000 -9999.000 -9999.000 -9999.000 -9999.000 -9999.000 -9999.000 -9999.000 -9999.000 -9999.000 -9999.000 -9999.000 -9999.000 -9999.000 -9999.000 -9999.000 -9999.000 -9999.000 -9999.000 -9999.000 -9999.000 -9999.000 -9999.000 -9999.000 -9999.000 -9999.000 -9999.000 -9999.000 -9999.000 -9999.000 -9999.000 -9999.000 -9999.000 -9999.000 -9999.000 -9999.000 -9999.000 -9999.000 -9999.000 -9999.000 -9999.000 -9999.000 -9999.000 -9999.000 -9999.000 -9999.000 -9999.000 -9999.000 -9999.000 -9999.000 -9999.000 -9999.000 -9999.000 -9999.000 -9999.000 -9999.000 -9999.000 -9999.000 -9999.000 -9999.000 -9999.000 -9999.000 -9999.000 -9999.000 -9999.000 -9999.000 -9999.000 -9999.000 -9999.000 -9999.000 -9999.000 -9999.000 -9999.000 -9999.000 -9999.000 -9999.000 -9999.000 -9999.000 -9999.000 -9999.000 -9999.000 -9999.000 -9999.000 -9999.000 -9999.000 -9999.000 -9999.000 -9999.000 -9999.000 -9999.000 -9999.000 -9999.000 -9999.000 -9999.000 -9999.000 -9999.000 -9999.000 -9999.000 -9999.000 -9999.000 -9999.000