examples/3D/hillslope02_superslab/output-maps-METEOIO-OFF/psiliqL0059N0001.asc
ncols         104
nrows         10
xllcorner     -2.000000
yllcorner     0.000000
cellsize      1.000000
NODATA_value  -9999.0
-9999.000 -9999.000 -9999.000 -9999.000 -9999.000 -9999.000 -9999.000 -9999.000 -9999.000 -9999.000 -9999.000 -9999.000 -9999.000 -9999.000 -9999.000 -9999.000 -9999.000 -9999.000 -9999.000 -9999.000 -9999.000 -9999.000 -9999.000 -9999.000 -9999.000 -9999.000 -9999.000 -9999.000 -9999.000 -9999.000 -9999.000 -9999.000 -9999.000 -9999.000 -9999.000 -9999.000 -9999.000 -9999.000 -9999.000 -9999.000 -9999.000 -9999.000 -9999.000 -9999.000 -9999.000 -9999.000 -9999.000 -9999.000 -9999.000 -9999.000 -9999.000 -9999.000 -9999.000 -9999.000 -9999.000 -9999.000 -9999.000 -9999.000 -9999.000 -9999.000 -9999.000 -9999.000 -9999.000 -9999.000 -9999.000 -9999.000 -9999.000 -9999.000 -9999.000 -9999.000 -9999.000 -9999.000 -9999.000 -9999.000 -9999.000 -9999.000 -9999.000 -9999.000 -9999.000 -9999.000 -9999.000 -9999.000 -9999.000 -9999.000 -9999.000 -9999.000 -9999.000 -9999.000 -9999.000 -9999.000 -9999.000 -9999.000 -9999.000 -9999.000 -9999.000 -9999.000 -9999.000 -9999.000 -9999.000 -9999.000 -9999.000 -9999.000 -9999.000 -9999.000
-9999.000 -9999.000 -9999.000 -9999.000 -9999.000 -9999.000 -9999.000 -9999.000 -9999.000 -9999.000 -9999.000 -9999.000 -9999.000 -9999.000 -9999.000 -9999.000 -9999.000 -9999.000 -9999.000 -9999.000 -9999.000 -9999.000 -9999.000 -9999.000 -9999.000 -9999.000 -9999.000 -9999.000 -9999.000 -9999.000 -9999.000 -9999.000 -9999.000 -9999.000 -9999.000 -9999.000 -9999.000 -9999.000 -9999.000 -9999.000 -9999.000 -9999.000 -9999.000 -9999.000 -9999.000 -9999.000 -9999.000 -9999.000 -9999.000 -9999.000 -9999.000 -9999.000 -9999.000 -9999.000 -9999.000 -9999.000 -9999.000 -9999.000 -9999.000 -9999.000 -9999.000 -9999.000 -9999.000 -9999.000 -9999.000 -9999.000 -9999.000 -9999.000 -9999.000 -9999.000 -9999.000 -9999.000 -9999.000 -9999.000 -9999.000 -9999.000 -9999.000 -9999.000 -9999.000 -9999.000 -9999.000 -9999.000 -9999.000 -9999.000 -9999.000 -9999.000 -9999.000 -9999.000 -9999.000 -9999.000 -9999.000 -9999.000 -9999.000 -9999.000 -9999.000 -9999.000 -9999.000 -9999.000 -9999.000 -9999.000 -9999.000 -9999.000 -9999.000 -9999.000
-9999.000 -9999.000 -334.673 -360.121 -355.671 -338.459 -324.698 -319.302 -319.954 -326.330 -352.334 -551.236 -1836.153 -2054.195 -2054.455 -2054.455 -2054.455 -2054.455 -2054.455 -2054.455 -2054.455 -2054.455 -2054.455 -2054.455 -2054.455 -2054.455 -2054.104 -1812.186 -592.899 -403.500 -365.134 -354.906 -351.253 -349.698 -349.233 -349.588 -350.689 -352.559 -355.292 -219.197 -1.564 165.856 274.898 324.729 85.160 -165.553 -511.211 -1800.835 -2054.187 -2054.468 -2054.464 -2054.466 -2054.456 -2054.455 -2054.455 -2054.455 -2054.455 -2054.455 -2054.455 -2054.455 -2053.899 -1781.212 -561.995 -387.022 -372.602 -371.659 -371.600 -371.583 -371.568 -371.553 -371.538 -371.523 -371.508 -371.493 -371.478 -371.463 -371.448 -371.433 -371.418 -371.403 -371.388 -371.373 -371.358 -371.343 -371.328 -371.313 -371.298 -371.283 -371.268 -371.253 -371.238 -371.223 -371.209 -371.194 -371.179 -371.166 -371.166 -371.245 -371.801 -374.841 -390.021 -463.898 -9999.000 -9999.000
-9999.000 -9999.000 -334.673 -360.121 -355.671 -338.459 -324.698 -319.302 -319.954 -326.330 -352.334 -551.236 -1836.153 -2054.195 -2054.455 -2054.455 -2054.455 -2054.455 -2054.455 -2054.455 -2054.455 -2054.455 -2054.455 -2054.455 -2054.455 -2054.455 -2054.104 -1812.186 -592.899 -403.500 -365.134 -354.906 -351.253 -349.698 -349.233 -349.588 -350.689 -352.559 -355.292 -219.197 -1.564 165.856 274.898 324.729 85.160 -165.553 -511.211 -1800.835 -2054.187 -2054.468 -2054.464 -2054.466 -2054.456 -2054.455 -2054.455 -2054.455 -2054.455 -2054.455 -2054.455 -2054.455 -2053.899 -1781.212 -561.995 -387.022 -372.602 -371.659 -371.600 -371.583 -371.568 -371.553 -371.538 -371.523 -371.508 -371.493 -371.478 -371.463 -371.448 -371.433 -371.418 -371.403 -371.388 -371.373 -371.358 -371.343 -371.328 -371.313 -371.298 -371.283 -371.268 -371.253 -371.238 -371.223 -371.209 -371.194 -371.179 -371.166 -371.166 -371.245 -371.801 -374.841 -390.021 -463.898 -9999.000 -9999.000
-9999.000 -9999.000 -334.673 -360.121 -355.671 -338.459 -324.698 -319.302 -319.954 -326.330 -352.334 -551.236 -1836.153 -2054.195 -2054.455 -2054.455 -2054.455 -2054.455 -2054.455 -2054.455 -2054.455 -2054.455 -2054.455 -2054.455 -2054.455 -2054.455 -2054.104 -1812.186 -592.899 -403.500 -365.134 -354.906 -351.253 -349.698 -349.233 -349.588 -350.689 -352.559 -355.292 -219.197 -1.564 165.856 274.898 324.729 85.160 -165.553 -511.211 -1800.835 -2054.187 -2054.468 -2054.464 -2054.466 -2054.456 -2054.455 -2054.455 -2054.455 -2054.455 -2054.455 -2054.455 -2054.455 -2053.899 -1781.212 -561.995 -387.022 -372.602 -371.659 -371.600 -371.583 -371.568 -371.553 -371.538 -371.523 -371.508 -371.493 -371.478 -371.463 -371.448 -371.433 -371.418 -371.403 -371.388 -371.373 -371.358 -371.343 -371.328 -371.313 -371.298 -371.283 -371.268 -371.253 -371.238 -371.223 -371.209 -371.194 -371.179 -371.166 -371.166 -371.245 -371.801 -374.841 -390.021 -463.898 -9999.000 -9999.000
-9999.000 -9999.000 -334.673 -360.121 -355.671 -338.459 -324.698 -319.302 -319.954 -326.330 -352.334 -551.236 -1836.153 -2054.195 -2054.455 -2054.455 -2054.455 -2054.455 -2054.455 -2054.455 -2054.455 -2054.455 -2054.455 -2054.455 -2054.455 -2054.455 -2054.104 -1812.186 -592.899 -403.500 -365.134 -354.906 -351.253 -349.698 -349.233 -349.588 -350.689 -352.559 -355.292 -219.197 -1.564 165.856 274.898 324.729 85.160 -165.553 -511.211 -1800.835 -2054.187 -2054.468 -2054.464 -2054.466 -2054.456 -2054.455 -2054.455 -2054.455 -2054.455 -2054.455 -2054.455 -2054.455 -2053.899 -1781.212 -561.995 -387.022 -372.602 -371.659 -371.600 -371.583 -371.568 -371.553 -371.538 -371.523 -371.508 -371.493 -371.478 -371.463 -371.448 -371.433 -371.418 -371.403 -371.388 -371.373 -371.358 -371.343 -371.328 -371.313 -371.298 -371.283 -371.268 -371.253 -371.238 -371.223 -371.209 -371.194 -371.179 -371.166 -371.166 -371.245 -371.801 -374.841 -390.021 -463.898 -9999.000 -9999.000
-9999.000 -9999.000 -334.673 -360.121 -355.671 -338.459 -324.698 -319.302 -319.954 -326.330 -352.334 -551.236 -1836.153 -2054.195 -2054.455 -2054.455 -2054.455 -2054.455 -2054.455 -2054.455 -2054.455 -2054.455 -2054.455 -2054.455 -2054.455 -2054.455 -2054.104 -1812.186 -592.899 -403.500 -365.134 -354.906 -351.253 -349.698 -349.233 -349.588 -350.689 -352.559 -355.292 -219.197 -1.564 165.856 274.898 324.729 85.160 -165.553 -511.211 -1800.835 -2054.187 -2054.468 -2054.464 -2054.466 -2054.456 -2054.455 -2054.455 -2054.455 -2054.455 -2054.455 -2054.455 -2054.455 -2053.899 -1781.212 -561.995 -387.022 -372.602 -371.659 -371.600 -371.583 -371.568 -371.553 -371.538 -371.523 -371.508 -371.493 -371.478 -371.463 -371.448 -371.433 -371.418 -371.403 -371.388 -371.373 -371.358 -371.343 -371.328 -371.313 -371.298 -371.283 -371.268 -371.253 -371.238 -371.223 -371.209 -371.194 -371.179 -371.166 -371.166 -371.245 -371.801 -374.841 -390.021 -463.898 -9999.000 -9999.000
-9999.000 -9999.000 -334.673 -360.121 -355.671 -338.459 -324.698 -319.302 -319.954 -326.330 -352.334 -551.236 -1836.153 -2054.195 -2054.455 -2054.455 -2054.455 -2054.455 -2054.455 -2054.455 -2054.455 -2054.455 -2054.455 -2054.455 -2054.455 -2054.455 -2054.104 -1812.186 -592.899 -403.500 -365.134 -354.906 -351.253 -349.698 -349.233 -349.588 -350.689 -352.559 -355.292 -219.197 -1.564 165.856 274.898 324.729 85.160 -165.553 -511.211 -1800.835 -2054.187 -2054.468 -2054.464 -2054.466 -2054.456 -2054.455 -2054.455 -2054.455 -2054.455 -2054.455 -2054.455 -2054.455 -2053.899 -1781.212 -561.995 -387.022 -372.602 -371.659 -371.600 -371.583 -371.568 -371.553 -371.538 -371.523 -371.508 -371.493 -371.478 -371.463 -371.448 -371.433 -371.418 -371.403 -371.388 -371.373 -371.358 -371.343 -371.328 -371.313 -371.298 -371.283 -371.268 -371.253 -371.238 -371.223 -371.209 -371.194 -371.179 -371.166 -371.166 -371.245 -371.801 -374.841 -390.021 -463.898 -9999.000 -9999.000
-9999.000 -9999.000 -9999.000 -9999.000 -9999.000 -9999.000 -9999.000 -9999.000 -9999.000 -9999.000 -9999.000 -9999.000 -9999.000 -9999.000 -9999.000 -9999.000 -9999.000 -9999.000 -9999.000 -9999.000 -9999.000 -9999.000 -9999.000 -9999.000 -9999.000 -9999.000 -9999.000 -9999.000 -9999.000 -9999.000 -9999.000 -9999.000 -9999.000 -9999.000 -9999.000 -9999.000 -9999.000 -9999.000 -9999.000 -9999.000 -9999.000 -9999.000 -9999.000 -9999.000 -9999.000 -9999.000 -9999.000 -9999.000 -9999.000 -9999.000 -9999.000 -9999.000 -9999.000 -9999.000 -9999.000 -9999.000 -9999.000 -9999.000 -9999.000 -9999.000 -9999.000 -9999.000 -9999.000 -9999.000 -9999.000 -9999.000 -9999.000 -9999.000 -9999.000 -9999.000 -9999.000 -9999.000 -9999.000 -9999.000 -9999.000 -9999.000 -9999.000 -9999.000 -9999.000 -9999.000 -9999.000 -9999.000 -9999.000 -9999.000 -9999.000 -9999.000 -9999.000 -9999.000 -9999.000 -9999.000 -9999.000 -9999.000 -9999.000 -9999.000 -9999.000 -9999.000 -9999.000 -9999.000 -9999.000 -9999.000 -9999.000 -9999.000 -9999.000 -9999.000
-9999.000 -9999.000 -9999.000 -9999.000 -9999.000 -9999.000 -9999.000 -9999.000 -9999.000 -9999.000 -9999.000 -9999.000 -9999.000 -9999.000 -9999.000 -9999.000 -9999.000 -9999.000 -9999.000 -9999.000 -9999.000 -9999.000 -9999.000 -9999.000 -9999.000 -9999.000 -9999.000 -9999.000 -9999.000 -9999.000 -9999.000 -9999.000 -9999.000 -9999.000 -9999.000 -9999.000 -9999.000 -9999.000 -9999.000 -9999.000 -9999.000 -9999.000 -9999.000 -9999.000 -9999.000 -9999.000 -9999.000 -9999.000 -9999.000 -9999.000 -9999.000 -9999.000 -9999.000 -9999.000 -9999.000 -9999.000 -9999.000 -9999.000 -9999.000 -9999.000 -9999.000 -9999.000 -9999.000 -9999.000 -9999.000 -9999.000 -9999.000 -9999.000 -9999.000 -9999.000 -9999.000 -9999.000 -9999.000 -9999.000 -9999.000 -9999.000 -9999.000 -9999.000 -9999.000 -9999.000 -9999.000 -9999.000 -9999.000 -9999.000 -9999.000 -9999.000 -9999.000 -9999.000 -9999.000 -9999.000 -9999.000 -9999.000 -9999.000 -9999.000 -9999.000 -9999.000 -9999.000 -9999.000 -9999.000 -9999.000 -9999.000 -9999.000 -9999.000 -9999.000