examples/3D/hillslope02_superslab/output-maps-METEOIO-OFF/psiliqL0093N0002.asc
ncols         104
nrows         10
xllcorner     -2.000000
yllcorner     0.000000
cellsize      1.000000
NODATA_value  -9999.0
-9999.000 -9999.000 -9999.000 -9999.000 -9999.000 -9999.000 -9999.000 -9999.000 -9999.000 -9999.000 -9999.000 -9999.000 -9999.000 -9999.000 -9999.000 -9999.000 -9999.000 -9999.000 -9999.000 -9999.000 -9999.000 -9999.000 -9999.000 -9999.000 -9999.000 -9999.000 -9999.000 -9999.000 -9999.000 -9999.000 -9999.000 -9999.000 -9999.000 -9999.000 -9999.000 -9999.000 -9999.000 -9999.000 -9999.000 -9999.000 -9999.000 -9999.000 -9999.000 -9999.000 -9999.000 -9999.000 -9999.000 -9999.000 -9999.000 -9999.000 -9999.000 -9999.000 -9999.000 -9999.000 -9999.000 -9999.000 -9999.000 -9999.000 -9999.000 -9999.000 -9999.000 -9999.000 -9999.000 -9999.000 -9999.000 -9999.000 -9999.000 -9999.000 -9999.000 -9999.000 -9999.000 -9999.000 -9999.000 -9999.000 -9999.000 -9999.000 -9999.000 -9999.000 -9999.000 -9999.000 -9999.000 -9999.000 -9999.000 -9999.000 -9999.000 -9999.000 -9999.000 -9999.000 -9999.000 -9999.000 -9999.000 -9999.000 -9999.000 -9999.000 -9999.000 -9999.000 -9999.000 -9999.000 -9999.000 -9999.000 -9999.000 -9999.000 -9999.000 -9999.000
-9999.000 -9999.000 -9999.000 -9999.000 -9999.000 -9999.000 -9999.000 -9999.000 -9999.000 -9999.000 -9999.000 -9999.000 -9999.000 -9999.000 -9999.000 -9999.000 -9999.000 -9999.000 -9999.000 -9999.000 -9999.000 -9999.000 -9999.000 -9999.000 -9999.000 -9999.000 -9999.000 -9999.000 -9999.000 -9999.000 -9999.000 -9999.000 -9999.000 -9999.000 -9999.000 -9999.000 -9999.000 -9999.000 -9999.000 -9999.000 -9999.000 -9999.000 -9999.000 -9999.000 -9999.000 -9999.000 -9999.000 -9999.000 -9999.000 -9999.000 -9999.000 -9999.000 -9999.000 -9999.000 -9999.000 -9999.000 -9999.000 -9999.000 -9999.000 -9999.000 -9999.000 -9999.000 -9999.000 -9999.000 -9999.000 -9999.000 -9999.000 -9999.000 -9999.000 -9999.000 -9999.000 -9999.000 -9999.000 -9999.000 -9999.000 -9999.000 -9999.000 -9999.000 -9999.000 -9999.000 -9999.000 -9999.000 -9999.000 -9999.000 -9999.000 -9999.000 -9999.000 -9999.000 -9999.000 -9999.000 -9999.000 -9999.000 -9999.000 -9999.000 -9999.000 -9999.000 -9999.000 -9999.000 -9999.000 -9999.000 -9999.000 -9999.000 -9999.000 -9999.000
-9999.000 -9999.000 3095.535 2994.444 2892.259 2788.952 2684.528 2579.081 2472.830 2366.184 2259.851 2154.934 2052.830 1954.819 1861.921 1774.794 1693.725 1618.735 1549.680 1486.278 1428.174 1374.938 1326.115 1281.209 1239.672 1200.918 1164.442 1129.684 1096.039 1063.044 1030.208 997.020 963.188 928.388 892.308 854.813 815.874 775.489 733.725 690.749 646.838 602.464 558.291 515.137 473.965 435.824 401.662 372.775 350.066 334.356 325.673 323.082 323.529 330.919 351.186 381.862 419.892 463.128 510.055 559.558 610.600 661.414 709.256 751.351 787.167 817.294 842.177 862.652 879.073 891.704 900.999 907.257 910.688 911.470 909.751 905.648 899.252 890.682 880.067 867.415 852.694 835.993 817.335 796.591 773.904 749.080 722.225 693.102 661.771 628.103 591.852 552.914 511.176 466.398 418.288 366.492 310.540 249.778 183.604 110.720 29.721 -60.874 -9999.000 -9999.000
-9999.000 -9999.000 3095.538 2994.446 2892.260 2788.953 2684.529 2579.081 2472.830 2366.184 2259.851 2154.934 2052.830 1954.819 1861.921 1774.794 1693.725 1618.735 1549.680 1486.278 1428.174 1374.938 1326.115 1281.209 1239.672 1200.918 1164.442 1129.684 1096.039 1063.044 1030.208 997.020 963.188 928.388 892.308 854.813 815.874 775.489 733.725 690.749 646.838 602.464 558.291 515.137 473.965 435.824 401.662 372.775 350.066 334.356 325.673 323.082 323.529 330.919 351.186 381.862 419.892 463.128 510.055 559.558 610.600 661.414 709.256 751.351 787.167 817.294 842.177 862.652 879.073 891.704 900.999 907.257 910.688 911.470 909.751 905.648 899.252 890.682 880.067 867.415 852.694 835.993 817.335 796.591 773.904 749.080 722.225 693.102 661.771 628.103 591.852 552.914 511.176 466.398 418.288 366.492 310.540 249.778 183.604 110.720 29.721 -60.874 -9999.000 -9999.000
-9999.000 -9999.000 3095.540 2994.448 2892.262 2788.953 2684.529 2579.082 2472.830 2366.184 2259.851 2154.934 2052.830 1954.819 1861.921 1774.794 1693.725 1618.735 1549.680 1486.278 1428.174 1374.938 1326.115 1281.209 1239.672 1200.918 1164.442 1129.684 1096.039 1063.044 1030.208 997.020 963.188 928.388 892.308 854.813 815.874 775.489 733.725 690.749 646.838 602.464 558.291 515.137 473.965 435.824 401.662 372.775 350.066 334.356 325.673 323.082 323.529 330.919 351.186 381.862 419.892 463.128 510.055 559.558 610.600 661.414 709.256 751.351 787.167 817.294 842.177 862.652 879.073 891.704 900.999 907.257 910.688 911.470 909.751 905.648 899.252 890.682 880.067 867.415 852.694 835.993 817.335 796.591 773.904 749.080 722.225 693.102 661.771 628.103 591.852 552.914 511.176 466.398 418.288 366.492 310.540 249.778 183.604 110.720 29.721 -60.874 -9999.000 -9999.000
-9999.000 -9999.000 3095.540 2994.448 2892.262 2788.953 2684.529 2579.082 2472.830 2366.184 2259.851 2154.934 2052.830 1954.819 1861.921 1774.794 1693.725 1618.735 1549.680 1486.278 1428.174 1374.938 1326.115 1281.209 1239.672 1200.918 1164.442 1129.684 1096.039 1063.044 1030.208 997.020 963.188 928.388 892.308 854.813 815.874 775.489 733.725 690.749 646.838 602.464 558.291 515.137 473.965 435.824 401.662 372.775 350.066 334.356 325.673 323.082 323.529 330.919 351.186 381.862 419.892 463.128 510.055 559.558 610.600 661.414 709.256 751.351 787.167 817.294 842.177 862.652 879.073 891.704 900.999 907.257 910.688 911.470 909.751 905.648 899.252 890.682 880.067 867.415 852.694 835.993 817.335 796.591 773.904 749.080 722.225 693.102 661.771 628.103 591.852 552.914 511.176 466.398 418.288 366.492 310.540 249.778 183.604 110.720 29.721 -60.874 -9999.000 -9999.000
-9999.000 -9999.000 3095.538 2994.446 2892.260 2788.953 2684.529 2579.081 2472.830 2366.184 2259.851 2154.934 2052.830 1954.819 1861.921 1774.794 1693.725 1618.735 1549.680 1486.278 1428.174 1374.938 1326.115 1281.209 1239.672 1200.918 1164.442 1129.684 1096.039 1063.044 1030.208 997.020 963.188 928.388 892.308 854.813 815.874 775.489 733.725 690.749 646.838 602.464 558.291 515.137 473.965 435.824 401.662 372.775 350.066 334.356 325.673 323.082 323.529 330.919 351.186 381.862 419.892 463.128 510.055 559.558 610.600 661.414 709.256 751.351 787.167 817.294 842.177 862.652 879.073 891.704 900.999 907.257 910.688 911.470 909.751 905.648 899.252 890.682 880.067 867.415 852.694 835.993 817.335 796.591 773.904 749.080 722.225 693.102 661.771 628.103 591.852 552.914 511.176 466.398 418.288 366.492 310.540 249.778 183.604 110.720 29.721 -60.874 -9999.000 -9999.000
-9999.000 -9999.000 3095.535 2994.444 2892.259 2788.952 2684.528 2579.081 2472.830 2366.184 2259.851 2154.934 2052.830 1954.819 1861.921 1774.794 1693.725 1618.735 1549.680 1486.278 1428.174 1374.938 1326.115 1281.209 1239.672 1200.918 1164.442 1129.684 1096.039 1063.044 1030.208 997.020 963.188 928.388 892.308 854.813 815.874 775.489 733.725 690.749 646.838 602.464 558.291 515.137 473.965 435.824 401.662 372.775 350.066 334.356 325.673 323.082 323.529 330.919 351.186 381.862 419.892 463.128 510.055 559.558 610.600 661.414 709.256 751.351 787.167 817.294 842.177 862.652 879.073 891.704 900.999 907.257 910.688 911.470 909.751 905.648 899.252 890.682 880.067 867.415 852.694 835.993 817.335 796.591 773.904 749.080 722.225 693.102 661.771 628.103 591.852 552.914 511.176 466.398 418.288 366.492 310.540 249.778 183.604 110.720 29.721 -60.874 -9999.000 -9999.000
-9999.000 -9999.000 -9999.000 -9999.000 -9999.000 -9999.000 -9999.000 -9999.000 -9999.000 -9999.000 -9999.000 -9999.000 -9999.000 -9999.000 -9999.000 -9999.000 -9999.000 -9999.000 -9999.000 -9999.000 -9999.000 -9999.000 -9999.000 -9999.000 -9999.000 -9999.000 -9999.000 -9999.000 -9999.000 -9999.000 -9999.000 -9999.000 -9999.000 -9999.000 -9999.000 -9999.000 -9999.000 -9999.000 -9999.000 -9999.000 -9999.000 -9999.000 -9999.000 -9999.000 -9999.000 -9999.000 -9999.000 -9999.000 -9999.000 -9999.000 -9999.000 -9999.000 -9999.000 -9999.000 -9999.000 -9999.000 -9999.000 -9999.000 -9999.000 -9999.000 -9999.000 -9999.000 -9999.000 -9999.000 -9999.000 -9999.000 -9999.000 -9999.000 -9999.000 -9999.000 -9999.000 -9999.000 -9999.000 -9999.000 -9999.000 -9999.000 -9999.000 -9999.000 -9999.000 -9999.000 -9999.000 -9999.000 -9999.000 -9999.000 -9999.000 -9999.000 -9999.000 -9999.000 -9999.000 -9999.000 -9999.000 -9999.000 -9999.000 -9999.000 -9999.000 -9999.000 -9999.000 -9999.000 -9999.000 -9999.000 -9999.000 -9999.000 -9999.000 -9999.000
-9999.000 -9999.000 -9999.000 -9999.000 -9999.000 -9999.000 -9999.000 -9999.000 -9999.000 -9999.000 -9999.000 -9999.000 -9999.000 -9999.000 -9999.000 -9999.000 -9999.000 -9999.000 -9999.000 -9999.000 -9999.000 -9999.000 -9999.000 -9999.000 -9999.000 -9999.000 -9999.000 -9999.000 -9999.000 -9999.000 -9999.000 -9999.000 -9999.000 -9999.000 -9999.000 -9999.000 -9999.000 -9999.000 -9999.000 -9999.000 -9999.000 -9999.000 -9999.000 -9999.000 -9999.000 -9999.000 -9999.000 -9999.000 -9999.000 -9999.000 -9999.000 -9999.000 -9999.000 -9999.000 -9999.000 -9999.000 -9999.000 -9999.000 -9999.000 -9999.000 -9999.000 -9999.000 -9999.000 -9999.000 -9999.000 -9999.000 -9999.000 -9999.000 -9999.000 -9999.000 -9999.000 -9999.000 -9999.000 -9999.000 -9999.000 -9999.000 -9999.000 -9999.000 -9999.000 -9999.000 -9999.000 -9999.000 -9999.000 -9999.000 -9999.000 -9999.000 -9999.000 -9999.000 -9999.000 -9999.000 -9999.000 -9999.000 -9999.000 -9999.000 -9999.000 -9999.000 -9999.000 -9999.000 -9999.000 -9999.000 -9999.000 -9999.000 -9999.000 -9999.000