examples/3D/hillslope02_superslab/output-maps-METEOIO-OFF/psiliqL0042N0002.asc
ncols         104
nrows         10
xllcorner     -2.000000
yllcorner     0.000000
cellsize      1.000000
NODATA_value  -9999.0
-9999.000 -9999.000 -9999.000 -9999.000 -9999.000 -9999.000 -9999.000 -9999.000 -9999.000 -9999.000 -9999.000 -9999.000 -9999.000 -9999.000 -9999.000 -9999.000 -9999.000 -9999.000 -9999.000 -9999.000 -9999.000 -9999.000 -9999.000 -9999.000 -9999.000 -9999.000 -9999.000 -9999.000 -9999.000 -9999.000 -9999.000 -9999.000 -9999.000 -9999.000 -9999.000 -9999.000 -9999.000 -9999.000 -9999.000 -9999.000 -9999.000 -9999.000 -9999.000 -9999.000 -9999.000 -9999.000 -9999.000 -9999.000 -9999.000 -9999.000 -9999.000 -9999.000 -9999.000 -9999.000 -9999.000 -9999.000 -9999.000 -9999.000 -9999.000 -9999.000 -9999.000 -9999.000 -9999.000 -9999.000 -9999.000 -9999.000 -9999.000 -9999.000 -9999.000 -9999.000 -9999.000 -9999.000 -9999.000 -9999.000 -9999.000 -9999.000 -9999.000 -9999.000 -9999.000 -9999.000 -9999.000 -9999.000 -9999.000 -9999.000 -9999.000 -9999.000 -9999.000 -9999.000 -9999.000 -9999.000 -9999.000 -9999.000 -9999.000 -9999.000 -9999.000 -9999.000 -9999.000 -9999.000 -9999.000 -9999.000 -9999.000 -9999.000 -9999.000 -9999.000
-9999.000 -9999.000 -9999.000 -9999.000 -9999.000 -9999.000 -9999.000 -9999.000 -9999.000 -9999.000 -9999.000 -9999.000 -9999.000 -9999.000 -9999.000 -9999.000 -9999.000 -9999.000 -9999.000 -9999.000 -9999.000 -9999.000 -9999.000 -9999.000 -9999.000 -9999.000 -9999.000 -9999.000 -9999.000 -9999.000 -9999.000 -9999.000 -9999.000 -9999.000 -9999.000 -9999.000 -9999.000 -9999.000 -9999.000 -9999.000 -9999.000 -9999.000 -9999.000 -9999.000 -9999.000 -9999.000 -9999.000 -9999.000 -9999.000 -9999.000 -9999.000 -9999.000 -9999.000 -9999.000 -9999.000 -9999.000 -9999.000 -9999.000 -9999.000 -9999.000 -9999.000 -9999.000 -9999.000 -9999.000 -9999.000 -9999.000 -9999.000 -9999.000 -9999.000 -9999.000 -9999.000 -9999.000 -9999.000 -9999.000 -9999.000 -9999.000 -9999.000 -9999.000 -9999.000 -9999.000 -9999.000 -9999.000 -9999.000 -9999.000 -9999.000 -9999.000 -9999.000 -9999.000 -9999.000 -9999.000 -9999.000 -9999.000 -9999.000 -9999.000 -9999.000 -9999.000 -9999.000 -9999.000 -9999.000 -9999.000 -9999.000 -9999.000 -9999.000 -9999.000
-9999.000 -9999.000 575.295 474.103 372.261 269.086 164.354 58.157 -49.293 -153.553 -241.757 -319.469 -369.066 -398.104 -409.410 -405.636 -398.893 -391.049 -382.717 -375.201 -369.051 -364.071 -359.878 -356.194 -352.865 -349.799 -346.937 -344.240 -341.704 -339.381 -337.344 6.809 346.944 688.325 1024.280 1132.660 1013.163 883.663 743.662 592.291 428.277 250.058 59.296 -126.809 -306.402 -507.154 -758.735 -1176.056 -2146.961 -2880.536 -2895.962 -2896.039 -2896.040 -2896.040 -2896.040 -2896.040 -2896.039 -2895.952 -2876.631 -2005.927 -913.937 -548.921 -367.423 -355.723 -355.656 -355.694 -355.695 -355.691 -355.686 -355.682 -355.678 -355.674 -355.670 -355.666 -355.661 -355.657 -355.653 -355.649 -355.645 -355.641 -355.637 -355.633 -355.629 -355.625 -355.621 -355.617 -355.613 -355.609 -355.605 -355.601 -355.597 -355.593 -355.589 -355.585 -355.581 -355.577 -355.573 -355.578 -355.642 -356.137 -359.255 -375.946 -9999.000 -9999.000
-9999.000 -9999.000 575.344 474.123 372.267 269.088 164.355 58.157 -49.293 -153.553 -241.757 -319.469 -369.066 -398.104 -409.410 -405.636 -398.893 -391.049 -382.717 -375.201 -369.051 -364.071 -359.878 -356.194 -352.865 -349.799 -346.937 -344.240 -341.704 -339.381 -337.344 6.809 346.944 688.325 1024.280 1132.660 1013.163 883.663 743.662 592.291 428.277 250.058 59.296 -126.809 -306.402 -507.154 -758.735 -1176.056 -2146.961 -2880.536 -2895.962 -2896.039 -2896.040 -2896.040 -2896.040 -2896.040 -2896.039 -2895.952 -2876.631 -2005.927 -913.937 -548.921 -367.423 -355.723 -355.656 -355.694 -355.695 -355.691 -355.686 -355.682 -355.678 -355.674 -355.670 -355.666 -355.661 -355.657 -355.653 -355.649 -355.645 -355.641 -355.637 -355.633 -355.629 -355.625 -355.621 -355.617 -355.613 -355.609 -355.605 -355.601 -355.597 -355.593 -355.589 -355.585 -355.581 -355.577 -355.573 -355.578 -355.642 -356.137 -359.255 -375.946 -9999.000 -9999.000
-9999.000 -9999.000 575.370 474.135 372.272 269.090 164.356 58.157 -49.293 -153.553 -241.757 -319.469 -369.066 -398.104 -409.410 -405.636 -398.893 -391.049 -382.717 -375.201 -369.051 -364.071 -359.878 -356.194 -352.865 -349.799 -346.937 -344.240 -341.704 -339.381 -337.344 6.809 346.944 688.325 1024.280 1132.660 1013.163 883.663 743.662 592.291 428.277 250.058 59.296 -126.809 -306.402 -507.154 -758.735 -1176.056 -2146.961 -2880.536 -2895.962 -2896.039 -2896.040 -2896.040 -2896.040 -2896.040 -2896.039 -2895.952 -2876.631 -2005.927 -913.937 -548.921 -367.423 -355.723 -355.656 -355.694 -355.695 -355.691 -355.686 -355.682 -355.678 -355.674 -355.670 -355.666 -355.661 -355.657 -355.653 -355.649 -355.645 -355.641 -355.637 -355.633 -355.629 -355.625 -355.621 -355.617 -355.613 -355.609 -355.605 -355.601 -355.597 -355.593 -355.589 -355.585 -355.581 -355.577 -355.573 -355.578 -355.642 -356.137 -359.255 -375.946 -9999.000 -9999.000
-9999.000 -9999.000 575.370 474.135 372.272 269.090 164.356 58.157 -49.293 -153.553 -241.757 -319.469 -369.066 -398.104 -409.410 -405.636 -398.893 -391.049 -382.717 -375.201 -369.051 -364.071 -359.878 -356.194 -352.865 -349.799 -346.937 -344.240 -341.704 -339.381 -337.344 6.809 346.944 688.325 1024.280 1132.660 1013.163 883.663 743.662 592.291 428.277 250.058 59.296 -126.809 -306.402 -507.154 -758.735 -1176.056 -2146.961 -2880.536 -2895.962 -2896.039 -2896.040 -2896.040 -2896.040 -2896.040 -2896.039 -2895.952 -2876.631 -2005.927 -913.937 -548.921 -367.423 -355.723 -355.656 -355.694 -355.695 -355.691 -355.686 -355.682 -355.678 -355.674 -355.670 -355.666 -355.661 -355.657 -355.653 -355.649 -355.645 -355.641 -355.637 -355.633 -355.629 -355.625 -355.621 -355.617 -355.613 -355.609 -355.605 -355.601 -355.597 -355.593 -355.589 -355.585 -355.581 -355.577 -355.573 -355.578 -355.642 -356.137 -359.255 -375.946 -9999.000 -9999.000
-9999.000 -9999.000 575.344 474.123 372.267 269.088 164.355 58.157 -49.293 -153.553 -241.757 -319.469 -369.066 -398.104 -409.410 -405.636 -398.893 -391.049 -382.717 -375.201 -369.051 -364.071 -359.878 -356.194 -352.865 -349.799 -346.937 -344.240 -341.704 -339.381 -337.344 6.809 346.944 688.325 1024.280 1132.660 1013.163 883.663 743.662 592.291 428.277 250.058 59.296 -126.809 -306.402 -507.154 -758.735 -1176.056 -2146.961 -2880.536 -2895.962 -2896.039 -2896.040 -2896.040 -2896.040 -2896.040 -2896.039 -2895.952 -2876.631 -2005.927 -913.937 -548.921 -367.423 -355.723 -355.656 -355.694 -355.695 -355.691 -355.686 -355.682 -355.678 -355.674 -355.670 -355.666 -355.661 -355.657 -355.653 -355.649 -355.645 -355.641 -355.637 -355.633 -355.629 -355.625 -355.621 -355.617 -355.613 -355.609 -355.605 -355.601 -355.597 -355.593 -355.589 -355.585 -355.581 -355.577 -355.573 -355.578 -355.642 -356.137 -359.255 -375.946 -9999.000 -9999.000
-9999.000 -9999.000 575.295 474.103 372.261 269.086 164.354 58.157 -49.293 -153.553 -241.757 -319.469 -369.066 -398.104 -409.410 -405.636 -398.893 -391.049 -382.717 -375.201 -369.051 -364.071 -359.878 -356.194 -352.865 -349.799 -346.937 -344.240 -341.704 -339.381 -337.344 6.809 346.944 688.325 1024.280 1132.660 1013.163 883.663 743.662 592.291 428.277 250.058 59.296 -126.809 -306.402 -507.154 -758.735 -1176.056 -2146.961 -2880.536 -2895.962 -2896.039 -2896.040 -2896.040 -2896.040 -2896.040 -2896.039 -2895.952 -2876.631 -2005.927 -913.937 -548.921 -367.423 -355.723 -355.656 -355.694 -355.695 -355.691 -355.686 -355.682 -355.678 -355.674 -355.670 -355.666 -355.661 -355.657 -355.653 -355.649 -355.645 -355.641 -355.637 -355.633 -355.629 -355.625 -355.621 -355.617 -355.613 -355.609 -355.605 -355.601 -355.597 -355.593 -355.589 -355.585 -355.581 -355.577 -355.573 -355.578 -355.642 -356.137 -359.255 -375.946 -9999.000 -9999.000
-9999.000 -9999.000 -9999.000 -9999.000 -9999.000 -9999.000 -9999.000 -9999.000 -9999.000 -9999.000 -9999.000 -9999.000 -9999.000 -9999.000 -9999.000 -9999.000 -9999.000 -9999.000 -9999.000 -9999.000 -9999.000 -9999.000 -9999.000 -9999.000 -9999.000 -9999.000 -9999.000 -9999.000 -9999.000 -9999.000 -9999.000 -9999.000 -9999.000 -9999.000 -9999.000 -9999.000 -9999.000 -9999.000 -9999.000 -9999.000 -9999.000 -9999.000 -9999.000 -9999.000 -9999.000 -9999.000 -9999.000 -9999.000 -9999.000 -9999.000 -9999.000 -9999.000 -9999.000 -9999.000 -9999.000 -9999.000 -9999.000 -9999.000 -9999.000 -9999.000 -9999.000 -9999.000 -9999.000 -9999.000 -9999.000 -9999.000 -9999.000 -9999.000 -9999.000 -9999.000 -9999.000 -9999.000 -9999.000 -9999.000 -9999.000 -9999.000 -9999.000 -9999.000 -9999.000 -9999.000 -9999.000 -9999.000 -9999.000 -9999.000 -9999.000 -9999.000 -9999.000 -9999.000 -9999.000 -9999.000 -9999.000 -9999.000 -9999.000 -9999.000 -9999.000 -9999.000 -9999.000 -9999.000 -9999.000 -9999.000 -9999.000 -9999.000 -9999.000 -9999.000
-9999.000 -9999.000 -9999.000 -9999.000 -9999.000 -9999.000 -9999.000 -9999.000 -9999.000 -9999.000 -9999.000 -9999.000 -9999.000 -9999.000 -9999.000 -9999.000 -9999.000 -9999.000 -9999.000 -9999.000 -9999.000 -9999.000 -9999.000 -9999.000 -9999.000 -9999.000 -9999.000 -9999.000 -9999.000 -9999.000 -9999.000 -9999.000 -9999.000 -9999.000 -9999.000 -9999.000 -9999.000 -9999.000 -9999.000 -9999.000 -9999.000 -9999.000 -9999.000 -9999.000 -9999.000 -9999.000 -9999.000 -9999.000 -9999.000 -9999.000 -9999.000 -9999.000 -9999.000 -9999.000 -9999.000 -9999.000 -9999.000 -9999.000 -9999.000 -9999.000 -9999.000 -9999.000 -9999.000 -9999.000 -9999.000 -9999.000 -9999.000 -9999.000 -9999.000 -9999.000 -9999.000 -9999.000 -9999.000 -9999.000 -9999.000 -9999.000 -9999.000 -9999.000 -9999.000 -9999.000 -9999.000 -9999.000 -9999.000 -9999.000 -9999.000 -9999.000 -9999.000 -9999.000 -9999.000 -9999.000 -9999.000 -9999.000 -9999.000 -9999.000 -9999.000 -9999.000 -9999.000 -9999.000 -9999.000 -9999.000 -9999.000 -9999.000 -9999.000 -9999.000