examples/3D/hillslope02_superslab/output-maps-METEOIO-OFF/psiliqL0003N0003.asc
ncols         104
nrows         10
xllcorner     -2.000000
yllcorner     0.000000
cellsize      1.000000
NODATA_value  -9999.0
-9999.000 -9999.000 -9999.000 -9999.000 -9999.000 -9999.000 -9999.000 -9999.000 -9999.000 -9999.000 -9999.000 -9999.000 -9999.000 -9999.000 -9999.000 -9999.000 -9999.000 -9999.000 -9999.000 -9999.000 -9999.000 -9999.000 -9999.000 -9999.000 -9999.000 -9999.000 -9999.000 -9999.000 -9999.000 -9999.000 -9999.000 -9999.000 -9999.000 -9999.000 -9999.000 -9999.000 -9999.000 -9999.000 -9999.000 -9999.000 -9999.000 -9999.000 -9999.000 -9999.000 -9999.000 -9999.000 -9999.000 -9999.000 -9999.000 -9999.000 -9999.000 -9999.000 -9999.000 -9999.000 -9999.000 -9999.000 -9999.000 -9999.000 -9999.000 -9999.000 -9999.000 -9999.000 -9999.000 -9999.000 -9999.000 -9999.000 -9999.000 -9999.000 -9999.000 -9999.000 -9999.000 -9999.000 -9999.000 -9999.000 -9999.000 -9999.000 -9999.000 -9999.000 -9999.000 -9999.000 -9999.000 -9999.000 -9999.000 -9999.000 -9999.000 -9999.000 -9999.000 -9999.000 -9999.000 -9999.000 -9999.000 -9999.000 -9999.000 -9999.000 -9999.000 -9999.000 -9999.000 -9999.000 -9999.000 -9999.000 -9999.000 -9999.000 -9999.000 -9999.000
-9999.000 -9999.000 -9999.000 -9999.000 -9999.000 -9999.000 -9999.000 -9999.000 -9999.000 -9999.000 -9999.000 -9999.000 -9999.000 -9999.000 -9999.000 -9999.000 -9999.000 -9999.000 -9999.000 -9999.000 -9999.000 -9999.000 -9999.000 -9999.000 -9999.000 -9999.000 -9999.000 -9999.000 -9999.000 -9999.000 -9999.000 -9999.000 -9999.000 -9999.000 -9999.000 -9999.000 -9999.000 -9999.000 -9999.000 -9999.000 -9999.000 -9999.000 -9999.000 -9999.000 -9999.000 -9999.000 -9999.000 -9999.000 -9999.000 -9999.000 -9999.000 -9999.000 -9999.000 -9999.000 -9999.000 -9999.000 -9999.000 -9999.000 -9999.000 -9999.000 -9999.000 -9999.000 -9999.000 -9999.000 -9999.000 -9999.000 -9999.000 -9999.000 -9999.000 -9999.000 -9999.000 -9999.000 -9999.000 -9999.000 -9999.000 -9999.000 -9999.000 -9999.000 -9999.000 -9999.000 -9999.000 -9999.000 -9999.000 -9999.000 -9999.000 -9999.000 -9999.000 -9999.000 -9999.000 -9999.000 -9999.000 -9999.000 -9999.000 -9999.000 -9999.000 -9999.000 -9999.000 -9999.000 -9999.000 -9999.000 -9999.000 -9999.000 -9999.000 -9999.000
-9999.000 -9999.000 131.976 70.578 -9.559 -94.956 -182.480 -271.827 -365.165 -471.791 -615.396 -795.147 -882.747 -917.221 -905.164 -874.877 -803.945 -754.103 -723.201 -712.131 -720.629 -743.239 -773.942 -807.800 -841.396 -872.787 -901.144 -926.309 -948.442 -967.819 -984.704 -999.278 -1011.607 -1021.653 -1029.409 -1035.020 -1038.778 -1041.097 -1042.431 -1043.273 -1044.997 -1053.385 -648.377 -661.127 -661.464 -661.617 -661.763 -661.901 -662.030 -662.201 -662.373 -662.537 -662.688 -662.860 -663.066 -663.259 -663.434 -663.662 -663.910 -664.131 -664.177 -650.959 -1045.226 -1048.887 -1048.979 -1048.989 -1048.990 -1048.990 -1048.990 -1048.989 -1048.989 -1048.989 -1048.989 -1048.988 -1048.988 -1048.988 -1048.988 -1048.987 -1048.987 -1048.987 -1048.987 -1048.986 -1048.986 -1048.986 -1048.986 -1048.985 -1048.985 -1048.985 -1048.985 -1048.984 -1048.984 -1048.984 -1048.984 -1048.983 -1048.983 -1048.983 -1048.983 -1048.983 -1048.993 -1049.093 -1050.015 -1058.298 -9999.000 -9999.000
-9999.000 -9999.000 132.044 70.592 -9.555 -94.955 -182.479 -271.827 -365.165 -471.791 -615.396 -795.147 -882.747 -917.221 -905.164 -874.877 -803.945 -754.103 -723.201 -712.131 -720.629 -743.239 -773.942 -807.800 -841.396 -872.787 -901.144 -926.309 -948.442 -967.819 -984.704 -999.278 -1011.607 -1021.653 -1029.409 -1035.020 -1038.778 -1041.097 -1042.431 -1043.273 -1044.997 -1053.385 -648.377 -661.127 -661.464 -661.617 -661.763 -661.901 -662.030 -662.201 -662.373 -662.537 -662.688 -662.860 -663.066 -663.259 -663.434 -663.662 -663.910 -664.131 -664.177 -650.959 -1045.226 -1048.887 -1048.979 -1048.989 -1048.990 -1048.990 -1048.990 -1048.989 -1048.989 -1048.989 -1048.989 -1048.988 -1048.988 -1048.988 -1048.988 -1048.987 -1048.987 -1048.987 -1048.987 -1048.986 -1048.986 -1048.986 -1048.986 -1048.985 -1048.985 -1048.985 -1048.985 -1048.984 -1048.984 -1048.984 -1048.984 -1048.983 -1048.983 -1048.983 -1048.983 -1048.983 -1048.993 -1049.093 -1050.015 -1058.298 -9999.000 -9999.000
-9999.000 -9999.000 132.061 70.599 -9.552 -94.954 -182.479 -271.827 -365.165 -471.791 -615.396 -795.147 -882.747 -917.221 -905.164 -874.877 -803.945 -754.103 -723.201 -712.131 -720.629 -743.239 -773.942 -807.800 -841.396 -872.787 -901.144 -926.309 -948.442 -967.819 -984.704 -999.278 -1011.607 -1021.653 -1029.409 -1035.020 -1038.778 -1041.097 -1042.431 -1043.273 -1044.997 -1053.385 -648.377 -661.127 -661.464 -661.617 -661.763 -661.901 -662.030 -662.201 -662.373 -662.537 -662.688 -662.860 -663.066 -663.259 -663.434 -663.662 -663.910 -664.131 -664.177 -650.959 -1045.226 -1048.887 -1048.979 -1048.989 -1048.990 -1048.990 -1048.990 -1048.989 -1048.989 -1048.989 -1048.989 -1048.988 -1048.988 -1048.988 -1048.988 -1048.987 -1048.987 -1048.987 -1048.987 -1048.986 -1048.986 -1048.986 -1048.986 -1048.985 -1048.985 -1048.985 -1048.985 -1048.984 -1048.984 -1048.984 -1048.984 -1048.983 -1048.983 -1048.983 -1048.983 -1048.983 -1048.993 -1049.093 -1050.015 -1058.298 -9999.000 -9999.000
-9999.000 -9999.000 132.061 70.599 -9.552 -94.954 -182.479 -271.827 -365.165 -471.791 -615.396 -795.147 -882.747 -917.221 -905.164 -874.877 -803.945 -754.103 -723.201 -712.131 -720.629 -743.239 -773.942 -807.800 -841.396 -872.787 -901.144 -926.309 -948.442 -967.819 -984.704 -999.278 -1011.607 -1021.653 -1029.409 -1035.020 -1038.778 -1041.097 -1042.431 -1043.273 -1044.997 -1053.385 -648.377 -661.127 -661.464 -661.617 -661.763 -661.901 -662.030 -662.201 -662.373 -662.537 -662.688 -662.860 -663.066 -663.259 -663.434 -663.662 -663.910 -664.131 -664.177 -650.959 -1045.226 -1048.887 -1048.979 -1048.989 -1048.990 -1048.990 -1048.990 -1048.989 -1048.989 -1048.989 -1048.989 -1048.988 -1048.988 -1048.988 -1048.988 -1048.987 -1048.987 -1048.987 -1048.987 -1048.986 -1048.986 -1048.986 -1048.986 -1048.985 -1048.985 -1048.985 -1048.985 -1048.984 -1048.984 -1048.984 -1048.984 -1048.983 -1048.983 -1048.983 -1048.983 -1048.983 -1048.993 -1049.093 -1050.015 -1058.298 -9999.000 -9999.000
-9999.000 -9999.000 132.044 70.592 -9.555 -94.955 -182.479 -271.827 -365.165 -471.791 -615.396 -795.147 -882.747 -917.221 -905.164 -874.877 -803.945 -754.103 -723.201 -712.131 -720.629 -743.239 -773.942 -807.800 -841.396 -872.787 -901.144 -926.309 -948.442 -967.819 -984.704 -999.278 -1011.607 -1021.653 -1029.409 -1035.020 -1038.778 -1041.097 -1042.431 -1043.273 -1044.997 -1053.385 -648.377 -661.127 -661.464 -661.617 -661.763 -661.901 -662.030 -662.201 -662.373 -662.537 -662.688 -662.860 -663.066 -663.259 -663.434 -663.662 -663.910 -664.131 -664.177 -650.959 -1045.226 -1048.887 -1048.979 -1048.989 -1048.990 -1048.990 -1048.990 -1048.989 -1048.989 -1048.989 -1048.989 -1048.988 -1048.988 -1048.988 -1048.988 -1048.987 -1048.987 -1048.987 -1048.987 -1048.986 -1048.986 -1048.986 -1048.986 -1048.985 -1048.985 -1048.985 -1048.985 -1048.984 -1048.984 -1048.984 -1048.984 -1048.983 -1048.983 -1048.983 -1048.983 -1048.983 -1048.993 -1049.093 -1050.015 -1058.298 -9999.000 -9999.000
-9999.000 -9999.000 131.976 70.578 -9.559 -94.956 -182.480 -271.827 -365.165 -471.791 -615.396 -795.147 -882.747 -917.221 -905.164 -874.877 -803.945 -754.103 -723.201 -712.131 -720.629 -743.239 -773.942 -807.800 -841.396 -872.787 -901.144 -926.309 -948.442 -967.819 -984.704 -999.278 -1011.607 -1021.653 -1029.409 -1035.020 -1038.778 -1041.097 -1042.431 -1043.273 -1044.997 -1053.385 -648.377 -661.127 -661.464 -661.617 -661.763 -661.901 -662.030 -662.201 -662.373 -662.537 -662.688 -662.860 -663.066 -663.259 -663.434 -663.662 -663.910 -664.131 -664.177 -650.959 -1045.226 -1048.887 -1048.979 -1048.989 -1048.990 -1048.990 -1048.990 -1048.989 -1048.989 -1048.989 -1048.989 -1048.988 -1048.988 -1048.988 -1048.988 -1048.987 -1048.987 -1048.987 -1048.987 -1048.986 -1048.986 -1048.986 -1048.986 -1048.985 -1048.985 -1048.985 -1048.985 -1048.984 -1048.984 -1048.984 -1048.984 -1048.983 -1048.983 -1048.983 -1048.983 -1048.983 -1048.993 -1049.093 -1050.015 -1058.298 -9999.000 -9999.000
-9999.000 -9999.000 -9999.000 -9999.000 -9999.000 -9999.000 -9999.000 -9999.000 -9999.000 -9999.000 -9999.000 -9999.000 -9999.000 -9999.000 -9999.000 -9999.000 -9999.000 -9999.000 -9999.000 -9999.000 -9999.000 -9999.000 -9999.000 -9999.000 -9999.000 -9999.000 -9999.000 -9999.000 -9999.000 -9999.000 -9999.000 -9999.000 -9999.000 -9999.000 -9999.000 -9999.000 -9999.000 -9999.000 -9999.000 -9999.000 -9999.000 -9999.000 -9999.000 -9999.000 -9999.000 -9999.000 -9999.000 -9999.000 -9999.000 -9999.000 -9999.000 -9999.000 -9999.000 -9999.000 -9999.000 -9999.000 -9999.000 -9999.000 -9999.000 -9999.000 -9999.000 -9999.000 -9999.000 -9999.000 -9999.000 -9999.000 -9999.000 -9999.000 -9999.000 -9999.000 -9999.000 -9999.000 -9999.000 -9999.000 -9999.000 -9999.000 -9999.000 -9999.000 -9999.000 -9999.000 -9999.000 -9999.000 -9999.000 -9999.000 -9999.000 -9999.000 -9999.000 -9999.000 -9999.000 -9999.000 -9999.000 -9999.000 -9999.000 -9999.000 -9999.000 -9999.000 -9999.000 -9999.000 -9999.000 -9999.000 -9999.000 -9999.000 -9999.000 -9999.000
-9999.000 -9999.000 -9999.000 -9999.000 -9999.000 -9999.000 -9999.000 -9999.000 -9999.000 -9999.000 -9999.000 -9999.000 -9999.000 -9999.000 -9999.000 -9999.000 -9999.000 -9999.000 -9999.000 -9999.000 -9999.000 -9999.000 -9999.000 -9999.000 -9999.000 -9999.000 -9999.000 -9999.000 -9999.000 -9999.000 -9999.000 -9999.000 -9999.000 -9999.000 -9999.000 -9999.000 -9999.000 -9999.000 -9999.000 -9999.000 -9999.000 -9999.000 -9999.000 -9999.000 -9999.000 -9999.000 -9999.000 -9999.000 -9999.000 -9999.000 -9999.000 -9999.000 -9999.000 -9999.000 -9999.000 -9999.000 -9999.000 -9999.000 -9999.000 -9999.000 -9999.000 -9999.000 -9999.000 -9999.000 -9999.000 -9999.000 -9999.000 -9999.000 -9999.000 -9999.000 -9999.000 -9999.000 -9999.000 -9999.000 -9999.000 -9999.000 -9999.000 -9999.000 -9999.000 -9999.000 -9999.000 -9999.000 -9999.000 -9999.000 -9999.000 -9999.000 -9999.000 -9999.000 -9999.000 -9999.000 -9999.000 -9999.000 -9999.000 -9999.000 -9999.000 -9999.000 -9999.000 -9999.000 -9999.000 -9999.000 -9999.000 -9999.000 -9999.000 -9999.000