examples/3D/hillslope02_superslab/output-maps-METEOIO-OFF/psiliqL0031N0003.asc
ncols         104
nrows         10
xllcorner     -2.000000
yllcorner     0.000000
cellsize      1.000000
NODATA_value  -9999.0
-9999.000 -9999.000 -9999.000 -9999.000 -9999.000 -9999.000 -9999.000 -9999.000 -9999.000 -9999.000 -9999.000 -9999.000 -9999.000 -9999.000 -9999.000 -9999.000 -9999.000 -9999.000 -9999.000 -9999.000 -9999.000 -9999.000 -9999.000 -9999.000 -9999.000 -9999.000 -9999.000 -9999.000 -9999.000 -9999.000 -9999.000 -9999.000 -9999.000 -9999.000 -9999.000 -9999.000 -9999.000 -9999.000 -9999.000 -9999.000 -9999.000 -9999.000 -9999.000 -9999.000 -9999.000 -9999.000 -9999.000 -9999.000 -9999.000 -9999.000 -9999.000 -9999.000 -9999.000 -9999.000 -9999.000 -9999.000 -9999.000 -9999.000 -9999.000 -9999.000 -9999.000 -9999.000 -9999.000 -9999.000 -9999.000 -9999.000 -9999.000 -9999.000 -9999.000 -9999.000 -9999.000 -9999.000 -9999.000 -9999.000 -9999.000 -9999.000 -9999.000 -9999.000 -9999.000 -9999.000 -9999.000 -9999.000 -9999.000 -9999.000 -9999.000 -9999.000 -9999.000 -9999.000 -9999.000 -9999.000 -9999.000 -9999.000 -9999.000 -9999.000 -9999.000 -9999.000 -9999.000 -9999.000 -9999.000 -9999.000 -9999.000 -9999.000 -9999.000 -9999.000
-9999.000 -9999.000 -9999.000 -9999.000 -9999.000 -9999.000 -9999.000 -9999.000 -9999.000 -9999.000 -9999.000 -9999.000 -9999.000 -9999.000 -9999.000 -9999.000 -9999.000 -9999.000 -9999.000 -9999.000 -9999.000 -9999.000 -9999.000 -9999.000 -9999.000 -9999.000 -9999.000 -9999.000 -9999.000 -9999.000 -9999.000 -9999.000 -9999.000 -9999.000 -9999.000 -9999.000 -9999.000 -9999.000 -9999.000 -9999.000 -9999.000 -9999.000 -9999.000 -9999.000 -9999.000 -9999.000 -9999.000 -9999.000 -9999.000 -9999.000 -9999.000 -9999.000 -9999.000 -9999.000 -9999.000 -9999.000 -9999.000 -9999.000 -9999.000 -9999.000 -9999.000 -9999.000 -9999.000 -9999.000 -9999.000 -9999.000 -9999.000 -9999.000 -9999.000 -9999.000 -9999.000 -9999.000 -9999.000 -9999.000 -9999.000 -9999.000 -9999.000 -9999.000 -9999.000 -9999.000 -9999.000 -9999.000 -9999.000 -9999.000 -9999.000 -9999.000 -9999.000 -9999.000 -9999.000 -9999.000 -9999.000 -9999.000 -9999.000 -9999.000 -9999.000 -9999.000 -9999.000 -9999.000 -9999.000 -9999.000 -9999.000 -9999.000 -9999.000 -9999.000
-9999.000 -9999.000 1559.351 1470.255 1383.212 1295.973 1208.549 1121.301 1034.576 948.689 863.988 780.756 699.114 619.237 541.135 464.783 390.148 317.169 245.718 175.735 106.996 39.510 -26.804 -92.145 -155.987 -168.789 -133.778 -101.814 -74.240 -51.716 -123.926 -195.409 -265.606 -334.158 -399.976 -461.147 -515.546 -562.334 -600.750 -631.301 -657.343 -699.865 -880.671 -994.640 -1168.682 -1421.336 -1829.681 -2600.476 -3341.457 -3437.935 -3440.547 -3440.593 -3440.594 -3440.594 -3440.594 -3440.594 -3440.590 -3439.963 -3366.805 -2233.732 -1298.635 -958.368 -726.372 -705.657 -704.112 -704.029 -704.030 -704.035 -704.040 -704.046 -704.052 -704.058 -704.064 -704.071 -704.078 -704.084 -704.091 -704.097 -704.104 -704.109 -704.115 -704.120 -704.124 -704.128 -704.131 -704.134 -704.137 -704.139 -704.141 -704.142 -704.143 -704.144 -704.144 -704.145 -704.145 -704.145 -704.146 -704.154 -704.215 -704.633 -707.227 -722.004 -9999.000 -9999.000
-9999.000 -9999.000 1559.361 1470.260 1383.214 1295.974 1208.549 1121.302 1034.576 948.689 863.988 780.756 699.114 619.237 541.135 464.783 390.148 317.169 245.718 175.735 106.996 39.510 -26.804 -92.145 -155.987 -168.789 -133.778 -101.814 -74.240 -51.716 -123.926 -195.409 -265.606 -334.158 -399.976 -461.147 -515.546 -562.334 -600.750 -631.301 -657.343 -699.865 -880.671 -994.640 -1168.682 -1421.336 -1829.681 -2600.476 -3341.457 -3437.935 -3440.547 -3440.593 -3440.594 -3440.594 -3440.594 -3440.594 -3440.590 -3439.963 -3366.805 -2233.732 -1298.635 -958.368 -726.372 -705.657 -704.112 -704.029 -704.030 -704.035 -704.040 -704.046 -704.052 -704.058 -704.064 -704.071 -704.078 -704.084 -704.091 -704.097 -704.104 -704.109 -704.115 -704.120 -704.124 -704.128 -704.131 -704.134 -704.137 -704.139 -704.141 -704.142 -704.143 -704.144 -704.144 -704.145 -704.145 -704.145 -704.146 -704.154 -704.215 -704.633 -707.227 -722.004 -9999.000 -9999.000
-9999.000 -9999.000 1559.367 1470.264 1383.216 1295.974 1208.550 1121.302 1034.576 948.689 863.988 780.756 699.114 619.237 541.135 464.783 390.148 317.169 245.718 175.735 106.996 39.510 -26.804 -92.145 -155.987 -168.789 -133.778 -101.814 -74.240 -51.716 -123.926 -195.409 -265.606 -334.158 -399.976 -461.147 -515.546 -562.334 -600.750 -631.301 -657.343 -699.865 -880.671 -994.640 -1168.682 -1421.336 -1829.681 -2600.476 -3341.457 -3437.935 -3440.547 -3440.593 -3440.594 -3440.594 -3440.594 -3440.594 -3440.590 -3439.963 -3366.805 -2233.732 -1298.635 -958.368 -726.372 -705.657 -704.112 -704.029 -704.030 -704.035 -704.040 -704.046 -704.052 -704.058 -704.064 -704.071 -704.078 -704.084 -704.091 -704.097 -704.104 -704.109 -704.115 -704.120 -704.124 -704.128 -704.131 -704.134 -704.137 -704.139 -704.141 -704.142 -704.143 -704.144 -704.144 -704.145 -704.145 -704.145 -704.146 -704.154 -704.215 -704.633 -707.227 -722.004 -9999.000 -9999.000
-9999.000 -9999.000 1559.367 1470.264 1383.216 1295.974 1208.550 1121.302 1034.576 948.689 863.988 780.756 699.114 619.237 541.135 464.783 390.148 317.169 245.718 175.735 106.996 39.510 -26.804 -92.145 -155.987 -168.789 -133.778 -101.814 -74.240 -51.716 -123.926 -195.409 -265.606 -334.158 -399.976 -461.147 -515.546 -562.334 -600.750 -631.301 -657.343 -699.865 -880.671 -994.640 -1168.682 -1421.336 -1829.681 -2600.476 -3341.457 -3437.935 -3440.547 -3440.593 -3440.594 -3440.594 -3440.594 -3440.594 -3440.590 -3439.963 -3366.805 -2233.732 -1298.635 -958.368 -726.372 -705.657 -704.112 -704.029 -704.030 -704.035 -704.040 -704.046 -704.052 -704.058 -704.064 -704.071 -704.078 -704.084 -704.091 -704.097 -704.104 -704.109 -704.115 -704.120 -704.124 -704.128 -704.131 -704.134 -704.137 -704.139 -704.141 -704.142 -704.143 -704.144 -704.144 -704.145 -704.145 -704.145 -704.146 -704.154 -704.215 -704.633 -707.227 -722.004 -9999.000 -9999.000
-9999.000 -9999.000 1559.361 1470.260 1383.214 1295.974 1208.549 1121.302 1034.576 948.689 863.988 780.756 699.114 619.237 541.135 464.783 390.148 317.169 245.718 175.735 106.996 39.510 -26.804 -92.145 -155.987 -168.789 -133.778 -101.814 -74.240 -51.716 -123.926 -195.409 -265.606 -334.158 -399.976 -461.147 -515.546 -562.334 -600.750 -631.301 -657.343 -699.865 -880.671 -994.640 -1168.682 -1421.336 -1829.681 -2600.476 -3341.457 -3437.935 -3440.547 -3440.593 -3440.594 -3440.594 -3440.594 -3440.594 -3440.590 -3439.963 -3366.805 -2233.732 -1298.635 -958.368 -726.372 -705.657 -704.112 -704.029 -704.030 -704.035 -704.040 -704.046 -704.052 -704.058 -704.064 -704.071 -704.078 -704.084 -704.091 -704.097 -704.104 -704.109 -704.115 -704.120 -704.124 -704.128 -704.131 -704.134 -704.137 -704.139 -704.141 -704.142 -704.143 -704.144 -704.144 -704.145 -704.145 -704.145 -704.146 -704.154 -704.215 -704.633 -707.227 -722.004 -9999.000 -9999.000
-9999.000 -9999.000 1559.351 1470.255 1383.212 1295.973 1208.549 1121.301 1034.576 948.689 863.988 780.756 699.114 619.237 541.135 464.783 390.148 317.169 245.718 175.735 106.996 39.510 -26.804 -92.145 -155.987 -168.789 -133.778 -101.814 -74.240 -51.716 -123.926 -195.409 -265.606 -334.158 -399.976 -461.147 -515.546 -562.334 -600.750 -631.301 -657.343 -699.865 -880.671 -994.640 -1168.682 -1421.336 -1829.681 -2600.476 -3341.457 -3437.935 -3440.547 -3440.593 -3440.594 -3440.594 -3440.594 -3440.594 -3440.590 -3439.963 -3366.805 -2233.732 -1298.635 -958.368 -726.372 -705.657 -704.112 -704.029 -704.030 -704.035 -704.040 -704.046 -704.052 -704.058 -704.064 -704.071 -704.078 -704.084 -704.091 -704.097 -704.104 -704.109 -704.115 -704.120 -704.124 -704.128 -704.131 -704.134 -704.137 -704.139 -704.141 -704.142 -704.143 -704.144 -704.144 -704.145 -704.145 -704.145 -704.146 -704.154 -704.215 -704.633 -707.227 -722.004 -9999.000 -9999.000
-9999.000 -9999.000 -9999.000 -9999.000 -9999.000 -9999.000 -9999.000 -9999.000 -9999.000 -9999.000 -9999.000 -9999.000 -9999.000 -9999.000 -9999.000 -9999.000 -9999.000 -9999.000 -9999.000 -9999.000 -9999.000 -9999.000 -9999.000 -9999.000 -9999.000 -9999.000 -9999.000 -9999.000 -9999.000 -9999.000 -9999.000 -9999.000 -9999.000 -9999.000 -9999.000 -9999.000 -9999.000 -9999.000 -9999.000 -9999.000 -9999.000 -9999.000 -9999.000 -9999.000 -9999.000 -9999.000 -9999.000 -9999.000 -9999.000 -9999.000 -9999.000 -9999.000 -9999.000 -9999.000 -9999.000 -9999.000 -9999.000 -9999.000 -9999.000 -9999.000 -9999.000 -9999.000 -9999.000 -9999.000 -9999.000 -9999.000 -9999.000 -9999.000 -9999.000 -9999.000 -9999.000 -9999.000 -9999.000 -9999.000 -9999.000 -9999.000 -9999.000 -9999.000 -9999.000 -9999.000 -9999.000 -9999.000 -9999.000 -9999.000 -9999.000 -9999.000 -9999.000 -9999.000 -9999.000 -9999.000 -9999.000 -9999.000 -9999.000 -9999.000 -9999.000 -9999.000 -9999.000 -9999.000 -9999.000 -9999.000 -9999.000 -9999.000 -9999.000 -9999.000
-9999.000 -9999.000 -9999.000 -9999.000 -9999.000 -9999.000 -9999.000 -9999.000 -9999.000 -9999.000 -9999.000 -9999.000 -9999.000 -9999.000 -9999.000 -9999.000 -9999.000 -9999.000 -9999.000 -9999.000 -9999.000 -9999.000 -9999.000 -9999.000 -9999.000 -9999.000 -9999.000 -9999.000 -9999.000 -9999.000 -9999.000 -9999.000 -9999.000 -9999.000 -9999.000 -9999.000 -9999.000 -9999.000 -9999.000 -9999.000 -9999.000 -9999.000 -9999.000 -9999.000 -9999.000 -9999.000 -9999.000 -9999.000 -9999.000 -9999.000 -9999.000 -9999.000 -9999.000 -9999.000 -9999.000 -9999.000 -9999.000 -9999.000 -9999.000 -9999.000 -9999.000 -9999.000 -9999.000 -9999.000 -9999.000 -9999.000 -9999.000 -9999.000 -9999.000 -9999.000 -9999.000 -9999.000 -9999.000 -9999.000 -9999.000 -9999.000 -9999.000 -9999.000 -9999.000 -9999.000 -9999.000 -9999.000 -9999.000 -9999.000 -9999.000 -9999.000 -9999.000 -9999.000 -9999.000 -9999.000 -9999.000 -9999.000 -9999.000 -9999.000 -9999.000 -9999.000 -9999.000 -9999.000 -9999.000 -9999.000 -9999.000 -9999.000 -9999.000 -9999.000