examples/3D/hillslope02_superslab/output-maps-METEOIO-OFF/psiliqL0017N0003.asc
ncols         104
nrows         10
xllcorner     -2.000000
yllcorner     0.000000
cellsize      1.000000
NODATA_value  -9999.0
-9999.000 -9999.000 -9999.000 -9999.000 -9999.000 -9999.000 -9999.000 -9999.000 -9999.000 -9999.000 -9999.000 -9999.000 -9999.000 -9999.000 -9999.000 -9999.000 -9999.000 -9999.000 -9999.000 -9999.000 -9999.000 -9999.000 -9999.000 -9999.000 -9999.000 -9999.000 -9999.000 -9999.000 -9999.000 -9999.000 -9999.000 -9999.000 -9999.000 -9999.000 -9999.000 -9999.000 -9999.000 -9999.000 -9999.000 -9999.000 -9999.000 -9999.000 -9999.000 -9999.000 -9999.000 -9999.000 -9999.000 -9999.000 -9999.000 -9999.000 -9999.000 -9999.000 -9999.000 -9999.000 -9999.000 -9999.000 -9999.000 -9999.000 -9999.000 -9999.000 -9999.000 -9999.000 -9999.000 -9999.000 -9999.000 -9999.000 -9999.000 -9999.000 -9999.000 -9999.000 -9999.000 -9999.000 -9999.000 -9999.000 -9999.000 -9999.000 -9999.000 -9999.000 -9999.000 -9999.000 -9999.000 -9999.000 -9999.000 -9999.000 -9999.000 -9999.000 -9999.000 -9999.000 -9999.000 -9999.000 -9999.000 -9999.000 -9999.000 -9999.000 -9999.000 -9999.000 -9999.000 -9999.000 -9999.000 -9999.000 -9999.000 -9999.000 -9999.000 -9999.000
-9999.000 -9999.000 -9999.000 -9999.000 -9999.000 -9999.000 -9999.000 -9999.000 -9999.000 -9999.000 -9999.000 -9999.000 -9999.000 -9999.000 -9999.000 -9999.000 -9999.000 -9999.000 -9999.000 -9999.000 -9999.000 -9999.000 -9999.000 -9999.000 -9999.000 -9999.000 -9999.000 -9999.000 -9999.000 -9999.000 -9999.000 -9999.000 -9999.000 -9999.000 -9999.000 -9999.000 -9999.000 -9999.000 -9999.000 -9999.000 -9999.000 -9999.000 -9999.000 -9999.000 -9999.000 -9999.000 -9999.000 -9999.000 -9999.000 -9999.000 -9999.000 -9999.000 -9999.000 -9999.000 -9999.000 -9999.000 -9999.000 -9999.000 -9999.000 -9999.000 -9999.000 -9999.000 -9999.000 -9999.000 -9999.000 -9999.000 -9999.000 -9999.000 -9999.000 -9999.000 -9999.000 -9999.000 -9999.000 -9999.000 -9999.000 -9999.000 -9999.000 -9999.000 -9999.000 -9999.000 -9999.000 -9999.000 -9999.000 -9999.000 -9999.000 -9999.000 -9999.000 -9999.000 -9999.000 -9999.000 -9999.000 -9999.000 -9999.000 -9999.000 -9999.000 -9999.000 -9999.000 -9999.000 -9999.000 -9999.000 -9999.000 -9999.000 -9999.000 -9999.000
-9999.000 -9999.000 850.126 769.474 686.141 600.184 513.087 425.746 338.708 252.365 167.226 83.702 1.796 -78.199 -156.971 -235.017 -311.425 -381.805 -418.065 -405.382 -371.418 -328.355 -290.234 -330.299 -378.622 -431.034 -484.402 -536.217 -584.589 -628.348 -667.032 -700.661 -729.366 -753.248 -772.496 -787.453 -798.601 -806.530 -811.943 -815.837 -821.978 -864.801 -2399.280 -4131.612 -4133.663 -4133.663 -4133.663 -4133.663 -4133.663 -4133.663 -4133.663 -4133.663 -4133.663 -4133.663 -4133.663 -4133.663 -4133.663 -4133.663 -4133.663 -4133.663 -4131.309 -2375.594 -847.210 -826.036 -825.052 -825.021 -825.021 -825.020 -825.020 -825.020 -825.020 -825.020 -825.020 -825.019 -825.019 -825.019 -825.019 -825.019 -825.019 -825.019 -825.019 -825.019 -825.018 -825.018 -825.018 -825.018 -825.018 -825.018 -825.017 -825.017 -825.017 -825.017 -825.017 -825.016 -825.016 -825.016 -825.016 -825.020 -825.050 -825.300 -827.138 -839.661 -9999.000 -9999.000
-9999.000 -9999.000 850.151 769.483 686.144 600.185 513.087 425.746 338.708 252.365 167.226 83.702 1.796 -78.199 -156.971 -235.017 -311.425 -381.805 -418.065 -405.382 -371.418 -328.355 -290.234 -330.299 -378.622 -431.034 -484.402 -536.217 -584.589 -628.348 -667.032 -700.661 -729.366 -753.248 -772.496 -787.453 -798.601 -806.530 -811.943 -815.837 -821.978 -864.801 -2399.280 -4131.612 -4133.663 -4133.663 -4133.663 -4133.663 -4133.663 -4133.663 -4133.663 -4133.663 -4133.663 -4133.663 -4133.663 -4133.663 -4133.663 -4133.663 -4133.663 -4133.663 -4131.309 -2375.594 -847.210 -826.036 -825.052 -825.021 -825.021 -825.020 -825.020 -825.020 -825.020 -825.020 -825.020 -825.019 -825.019 -825.019 -825.019 -825.019 -825.019 -825.019 -825.019 -825.019 -825.018 -825.018 -825.018 -825.018 -825.018 -825.018 -825.017 -825.017 -825.017 -825.017 -825.017 -825.016 -825.016 -825.016 -825.016 -825.020 -825.050 -825.300 -827.138 -839.661 -9999.000 -9999.000
-9999.000 -9999.000 850.162 769.488 686.146 600.185 513.087 425.746 338.708 252.366 167.226 83.702 1.796 -78.199 -156.971 -235.017 -311.425 -381.805 -418.065 -405.382 -371.418 -328.355 -290.234 -330.299 -378.622 -431.034 -484.402 -536.217 -584.589 -628.348 -667.032 -700.661 -729.366 -753.248 -772.496 -787.453 -798.601 -806.530 -811.943 -815.837 -821.978 -864.801 -2399.280 -4131.612 -4133.663 -4133.663 -4133.663 -4133.663 -4133.663 -4133.663 -4133.663 -4133.663 -4133.663 -4133.663 -4133.663 -4133.663 -4133.663 -4133.663 -4133.663 -4133.663 -4131.309 -2375.594 -847.210 -826.036 -825.052 -825.021 -825.021 -825.020 -825.020 -825.020 -825.020 -825.020 -825.020 -825.019 -825.019 -825.019 -825.019 -825.019 -825.019 -825.019 -825.019 -825.019 -825.018 -825.018 -825.018 -825.018 -825.018 -825.018 -825.017 -825.017 -825.017 -825.017 -825.017 -825.016 -825.016 -825.016 -825.016 -825.020 -825.050 -825.300 -827.138 -839.661 -9999.000 -9999.000
-9999.000 -9999.000 850.162 769.488 686.146 600.185 513.087 425.746 338.708 252.366 167.226 83.702 1.796 -78.199 -156.971 -235.017 -311.425 -381.805 -418.065 -405.382 -371.418 -328.355 -290.234 -330.299 -378.622 -431.034 -484.402 -536.217 -584.589 -628.348 -667.032 -700.661 -729.366 -753.248 -772.496 -787.453 -798.601 -806.530 -811.943 -815.837 -821.978 -864.801 -2399.280 -4131.612 -4133.663 -4133.663 -4133.663 -4133.663 -4133.663 -4133.663 -4133.663 -4133.663 -4133.663 -4133.663 -4133.663 -4133.663 -4133.663 -4133.663 -4133.663 -4133.663 -4131.309 -2375.594 -847.210 -826.036 -825.052 -825.021 -825.021 -825.020 -825.020 -825.020 -825.020 -825.020 -825.020 -825.019 -825.019 -825.019 -825.019 -825.019 -825.019 -825.019 -825.019 -825.019 -825.018 -825.018 -825.018 -825.018 -825.018 -825.018 -825.017 -825.017 -825.017 -825.017 -825.017 -825.016 -825.016 -825.016 -825.016 -825.020 -825.050 -825.300 -827.138 -839.661 -9999.000 -9999.000
-9999.000 -9999.000 850.151 769.483 686.144 600.185 513.087 425.746 338.708 252.365 167.226 83.702 1.796 -78.199 -156.971 -235.017 -311.425 -381.805 -418.065 -405.382 -371.418 -328.355 -290.234 -330.299 -378.622 -431.034 -484.402 -536.217 -584.589 -628.348 -667.032 -700.661 -729.366 -753.248 -772.496 -787.453 -798.601 -806.530 -811.943 -815.837 -821.978 -864.801 -2399.280 -4131.612 -4133.663 -4133.663 -4133.663 -4133.663 -4133.663 -4133.663 -4133.663 -4133.663 -4133.663 -4133.663 -4133.663 -4133.663 -4133.663 -4133.663 -4133.663 -4133.663 -4131.309 -2375.594 -847.210 -826.036 -825.052 -825.021 -825.021 -825.020 -825.020 -825.020 -825.020 -825.020 -825.020 -825.019 -825.019 -825.019 -825.019 -825.019 -825.019 -825.019 -825.019 -825.019 -825.018 -825.018 -825.018 -825.018 -825.018 -825.018 -825.017 -825.017 -825.017 -825.017 -825.017 -825.016 -825.016 -825.016 -825.016 -825.020 -825.050 -825.300 -827.138 -839.661 -9999.000 -9999.000
-9999.000 -9999.000 850.126 769.474 686.141 600.184 513.087 425.746 338.708 252.365 167.226 83.702 1.796 -78.199 -156.971 -235.017 -311.425 -381.805 -418.065 -405.382 -371.418 -328.355 -290.234 -330.299 -378.622 -431.034 -484.402 -536.217 -584.589 -628.348 -667.032 -700.661 -729.366 -753.248 -772.496 -787.453 -798.601 -806.530 -811.943 -815.837 -821.978 -864.801 -2399.280 -4131.612 -4133.663 -4133.663 -4133.663 -4133.663 -4133.663 -4133.663 -4133.663 -4133.663 -4133.663 -4133.663 -4133.663 -4133.663 -4133.663 -4133.663 -4133.663 -4133.663 -4131.309 -2375.594 -847.210 -826.036 -825.052 -825.021 -825.021 -825.020 -825.020 -825.020 -825.020 -825.020 -825.020 -825.019 -825.019 -825.019 -825.019 -825.019 -825.019 -825.019 -825.019 -825.019 -825.018 -825.018 -825.018 -825.018 -825.018 -825.018 -825.017 -825.017 -825.017 -825.017 -825.017 -825.016 -825.016 -825.016 -825.016 -825.020 -825.050 -825.300 -827.138 -839.661 -9999.000 -9999.000
-9999.000 -9999.000 -9999.000 -9999.000 -9999.000 -9999.000 -9999.000 -9999.000 -9999.000 -9999.000 -9999.000 -9999.000 -9999.000 -9999.000 -9999.000 -9999.000 -9999.000 -9999.000 -9999.000 -9999.000 -9999.000 -9999.000 -9999.000 -9999.000 -9999.000 -9999.000 -9999.000 -9999.000 -9999.000 -9999.000 -9999.000 -9999.000 -9999.000 -9999.000 -9999.000 -9999.000 -9999.000 -9999.000 -9999.000 -9999.000 -9999.000 -9999.000 -9999.000 -9999.000 -9999.000 -9999.000 -9999.000 -9999.000 -9999.000 -9999.000 -9999.000 -9999.000 -9999.000 -9999.000 -9999.000 -9999.000 -9999.000 -9999.000 -9999.000 -9999.000 -9999.000 -9999.000 -9999.000 -9999.000 -9999.000 -9999.000 -9999.000 -9999.000 -9999.000 -9999.000 -9999.000 -9999.000 -9999.000 -9999.000 -9999.000 -9999.000 -9999.000 -9999.000 -9999.000 -9999.000 -9999.000 -9999.000 -9999.000 -9999.000 -9999.000 -9999.000 -9999.000 -9999.000 -9999.000 -9999.000 -9999.000 -9999.000 -9999.000 -9999.000 -9999.000 -9999.000 -9999.000 -9999.000 -9999.000 -9999.000 -9999.000 -9999.000 -9999.000 -9999.000
-9999.000 -9999.000 -9999.000 -9999.000 -9999.000 -9999.000 -9999.000 -9999.000 -9999.000 -9999.000 -9999.000 -9999.000 -9999.000 -9999.000 -9999.000 -9999.000 -9999.000 -9999.000 -9999.000 -9999.000 -9999.000 -9999.000 -9999.000 -9999.000 -9999.000 -9999.000 -9999.000 -9999.000 -9999.000 -9999.000 -9999.000 -9999.000 -9999.000 -9999.000 -9999.000 -9999.000 -9999.000 -9999.000 -9999.000 -9999.000 -9999.000 -9999.000 -9999.000 -9999.000 -9999.000 -9999.000 -9999.000 -9999.000 -9999.000 -9999.000 -9999.000 -9999.000 -9999.000 -9999.000 -9999.000 -9999.000 -9999.000 -9999.000 -9999.000 -9999.000 -9999.000 -9999.000 -9999.000 -9999.000 -9999.000 -9999.000 -9999.000 -9999.000 -9999.000 -9999.000 -9999.000 -9999.000 -9999.000 -9999.000 -9999.000 -9999.000 -9999.000 -9999.000 -9999.000 -9999.000 -9999.000 -9999.000 -9999.000 -9999.000 -9999.000 -9999.000 -9999.000 -9999.000 -9999.000 -9999.000 -9999.000 -9999.000 -9999.000 -9999.000 -9999.000 -9999.000 -9999.000 -9999.000 -9999.000 -9999.000 -9999.000 -9999.000 -9999.000 -9999.000