examples/3D/hillslope02_superslab/output-maps-METEOIO-OFF/psiliqL0095N0003.asc
ncols         104
nrows         10
xllcorner     -2.000000
yllcorner     0.000000
cellsize      1.000000
NODATA_value  -9999.0
-9999.000 -9999.000 -9999.000 -9999.000 -9999.000 -9999.000 -9999.000 -9999.000 -9999.000 -9999.000 -9999.000 -9999.000 -9999.000 -9999.000 -9999.000 -9999.000 -9999.000 -9999.000 -9999.000 -9999.000 -9999.000 -9999.000 -9999.000 -9999.000 -9999.000 -9999.000 -9999.000 -9999.000 -9999.000 -9999.000 -9999.000 -9999.000 -9999.000 -9999.000 -9999.000 -9999.000 -9999.000 -9999.000 -9999.000 -9999.000 -9999.000 -9999.000 -9999.000 -9999.000 -9999.000 -9999.000 -9999.000 -9999.000 -9999.000 -9999.000 -9999.000 -9999.000 -9999.000 -9999.000 -9999.000 -9999.000 -9999.000 -9999.000 -9999.000 -9999.000 -9999.000 -9999.000 -9999.000 -9999.000 -9999.000 -9999.000 -9999.000 -9999.000 -9999.000 -9999.000 -9999.000 -9999.000 -9999.000 -9999.000 -9999.000 -9999.000 -9999.000 -9999.000 -9999.000 -9999.000 -9999.000 -9999.000 -9999.000 -9999.000 -9999.000 -9999.000 -9999.000 -9999.000 -9999.000 -9999.000 -9999.000 -9999.000 -9999.000 -9999.000 -9999.000 -9999.000 -9999.000 -9999.000 -9999.000 -9999.000 -9999.000 -9999.000 -9999.000 -9999.000
-9999.000 -9999.000 -9999.000 -9999.000 -9999.000 -9999.000 -9999.000 -9999.000 -9999.000 -9999.000 -9999.000 -9999.000 -9999.000 -9999.000 -9999.000 -9999.000 -9999.000 -9999.000 -9999.000 -9999.000 -9999.000 -9999.000 -9999.000 -9999.000 -9999.000 -9999.000 -9999.000 -9999.000 -9999.000 -9999.000 -9999.000 -9999.000 -9999.000 -9999.000 -9999.000 -9999.000 -9999.000 -9999.000 -9999.000 -9999.000 -9999.000 -9999.000 -9999.000 -9999.000 -9999.000 -9999.000 -9999.000 -9999.000 -9999.000 -9999.000 -9999.000 -9999.000 -9999.000 -9999.000 -9999.000 -9999.000 -9999.000 -9999.000 -9999.000 -9999.000 -9999.000 -9999.000 -9999.000 -9999.000 -9999.000 -9999.000 -9999.000 -9999.000 -9999.000 -9999.000 -9999.000 -9999.000 -9999.000 -9999.000 -9999.000 -9999.000 -9999.000 -9999.000 -9999.000 -9999.000 -9999.000 -9999.000 -9999.000 -9999.000 -9999.000 -9999.000 -9999.000 -9999.000 -9999.000 -9999.000 -9999.000 -9999.000 -9999.000 -9999.000 -9999.000 -9999.000 -9999.000 -9999.000 -9999.000 -9999.000 -9999.000 -9999.000 -9999.000 -9999.000
-9999.000 -9999.000 4753.644 4657.299 4564.038 4473.126 4383.974 4296.224 4209.720 4124.440 4040.444 3957.820 3876.656 3797.023 3718.961 3642.481 3567.564 3494.167 3422.224 3351.658 3282.376 3214.285 3147.283 3081.267 3016.133 2951.774 2888.081 2824.954 2762.319 2700.134 2638.408 2577.197 2516.569 2456.600 2397.374 2338.986 2281.544 2225.172 2170.009 2116.217 2063.979 2013.510 1965.057 1918.911 1875.419 1834.994 1798.144 1765.502 1737.878 1716.324 1702.198 1696.590 1689.650 1659.758 1626.943 1595.309 1565.620 1537.897 1512.087 1487.959 1465.319 1443.780 1423.010 1402.653 1382.458 1362.340 1342.127 1321.764 1301.131 1280.112 1258.673 1236.653 1214.086 1190.805 1166.812 1141.964 1116.265 1089.562 1061.906 1033.127 1003.272 972.224 939.863 906.275 871.307 834.827 796.873 757.396 716.255 673.327 628.508 581.700 532.794 481.657 428.114 371.922 312.728 250.018 183.447 112.106 34.619 -51.313 -9999.000 -9999.000
-9999.000 -9999.000 4753.644 4657.299 4564.038 4473.126 4383.974 4296.224 4209.720 4124.440 4040.444 3957.820 3876.656 3797.023 3718.961 3642.481 3567.564 3494.167 3422.224 3351.658 3282.376 3214.285 3147.283 3081.267 3016.133 2951.774 2888.081 2824.954 2762.319 2700.134 2638.408 2577.197 2516.569 2456.600 2397.374 2338.986 2281.544 2225.172 2170.009 2116.217 2063.979 2013.510 1965.057 1918.911 1875.419 1834.994 1798.144 1765.502 1737.878 1716.324 1702.198 1696.590 1689.650 1659.758 1626.943 1595.309 1565.620 1537.897 1512.087 1487.959 1465.319 1443.780 1423.010 1402.653 1382.458 1362.340 1342.127 1321.764 1301.131 1280.112 1258.673 1236.653 1214.086 1190.805 1166.812 1141.964 1116.265 1089.562 1061.906 1033.127 1003.272 972.224 939.863 906.275 871.307 834.827 796.873 757.396 716.255 673.327 628.508 581.700 532.794 481.657 428.114 371.922 312.728 250.018 183.447 112.106 34.619 -51.313 -9999.000 -9999.000
-9999.000 -9999.000 4753.645 4657.299 4564.038 4473.126 4383.974 4296.224 4209.720 4124.440 4040.444 3957.820 3876.656 3797.023 3718.961 3642.481 3567.564 3494.167 3422.224 3351.658 3282.376 3214.285 3147.283 3081.267 3016.133 2951.774 2888.081 2824.954 2762.319 2700.134 2638.408 2577.197 2516.569 2456.600 2397.374 2338.986 2281.544 2225.172 2170.009 2116.217 2063.979 2013.510 1965.057 1918.911 1875.419 1834.994 1798.144 1765.502 1737.878 1716.324 1702.198 1696.590 1689.650 1659.758 1626.943 1595.309 1565.620 1537.897 1512.087 1487.959 1465.319 1443.780 1423.010 1402.653 1382.458 1362.340 1342.127 1321.764 1301.131 1280.112 1258.673 1236.653 1214.086 1190.805 1166.812 1141.964 1116.265 1089.562 1061.906 1033.127 1003.272 972.224 939.863 906.275 871.307 834.827 796.873 757.396 716.255 673.327 628.508 581.700 532.794 481.657 428.114 371.922 312.728 250.018 183.447 112.106 34.619 -51.313 -9999.000 -9999.000
-9999.000 -9999.000 4753.645 4657.299 4564.038 4473.126 4383.974 4296.224 4209.720 4124.440 4040.444 3957.820 3876.656 3797.023 3718.961 3642.481 3567.564 3494.167 3422.224 3351.658 3282.376 3214.285 3147.283 3081.267 3016.133 2951.774 2888.081 2824.954 2762.319 2700.134 2638.408 2577.197 2516.569 2456.600 2397.374 2338.986 2281.544 2225.172 2170.009 2116.217 2063.979 2013.510 1965.057 1918.911 1875.419 1834.994 1798.144 1765.502 1737.878 1716.324 1702.198 1696.590 1689.650 1659.758 1626.943 1595.309 1565.620 1537.897 1512.087 1487.959 1465.319 1443.780 1423.010 1402.653 1382.458 1362.340 1342.127 1321.764 1301.131 1280.112 1258.673 1236.653 1214.086 1190.805 1166.812 1141.964 1116.265 1089.562 1061.906 1033.127 1003.272 972.224 939.863 906.275 871.307 834.827 796.873 757.396 716.255 673.327 628.508 581.700 532.794 481.657 428.114 371.922 312.728 250.018 183.447 112.106 34.619 -51.313 -9999.000 -9999.000
-9999.000 -9999.000 4753.644 4657.299 4564.038 4473.126 4383.974 4296.224 4209.720 4124.440 4040.444 3957.820 3876.656 3797.023 3718.961 3642.481 3567.564 3494.167 3422.224 3351.658 3282.376 3214.285 3147.283 3081.267 3016.133 2951.774 2888.081 2824.954 2762.319 2700.134 2638.408 2577.197 2516.569 2456.600 2397.374 2338.986 2281.544 2225.172 2170.009 2116.217 2063.979 2013.510 1965.057 1918.911 1875.419 1834.994 1798.144 1765.502 1737.878 1716.324 1702.198 1696.590 1689.650 1659.758 1626.943 1595.309 1565.620 1537.897 1512.087 1487.959 1465.319 1443.780 1423.010 1402.653 1382.458 1362.340 1342.127 1321.764 1301.131 1280.112 1258.673 1236.653 1214.086 1190.805 1166.812 1141.964 1116.265 1089.562 1061.906 1033.127 1003.272 972.224 939.863 906.275 871.307 834.827 796.873 757.396 716.255 673.327 628.508 581.700 532.794 481.657 428.114 371.922 312.728 250.018 183.447 112.106 34.619 -51.313 -9999.000 -9999.000
-9999.000 -9999.000 4753.644 4657.299 4564.038 4473.126 4383.974 4296.224 4209.720 4124.440 4040.444 3957.820 3876.656 3797.023 3718.961 3642.481 3567.564 3494.167 3422.224 3351.658 3282.376 3214.285 3147.283 3081.267 3016.133 2951.774 2888.081 2824.954 2762.319 2700.134 2638.408 2577.197 2516.569 2456.600 2397.374 2338.986 2281.544 2225.172 2170.009 2116.217 2063.979 2013.510 1965.057 1918.911 1875.419 1834.994 1798.144 1765.502 1737.878 1716.324 1702.198 1696.590 1689.650 1659.758 1626.943 1595.309 1565.620 1537.897 1512.087 1487.959 1465.319 1443.780 1423.010 1402.653 1382.458 1362.340 1342.127 1321.764 1301.131 1280.112 1258.673 1236.653 1214.086 1190.805 1166.812 1141.964 1116.265 1089.562 1061.906 1033.127 1003.272 972.224 939.863 906.275 871.307 834.827 796.873 757.396 716.255 673.327 628.508 581.700 532.794 481.657 428.114 371.922 312.728 250.018 183.447 112.106 34.619 -51.313 -9999.000 -9999.000
-9999.000 -9999.000 -9999.000 -9999.000 -9999.000 -9999.000 -9999.000 -9999.000 -9999.000 -9999.000 -9999.000 -9999.000 -9999.000 -9999.000 -9999.000 -9999.000 -9999.000 -9999.000 -9999.000 -9999.000 -9999.000 -9999.000 -9999.000 -9999.000 -9999.000 -9999.000 -9999.000 -9999.000 -9999.000 -9999.000 -9999.000 -9999.000 -9999.000 -9999.000 -9999.000 -9999.000 -9999.000 -9999.000 -9999.000 -9999.000 -9999.000 -9999.000 -9999.000 -9999.000 -9999.000 -9999.000 -9999.000 -9999.000 -9999.000 -9999.000 -9999.000 -9999.000 -9999.000 -9999.000 -9999.000 -9999.000 -9999.000 -9999.000 -9999.000 -9999.000 -9999.000 -9999.000 -9999.000 -9999.000 -9999.000 -9999.000 -9999.000 -9999.000 -9999.000 -9999.000 -9999.000 -9999.000 -9999.000 -9999.000 -9999.000 -9999.000 -9999.000 -9999.000 -9999.000 -9999.000 -9999.000 -9999.000 -9999.000 -9999.000 -9999.000 -9999.000 -9999.000 -9999.000 -9999.000 -9999.000 -9999.000 -9999.000 -9999.000 -9999.000 -9999.000 -9999.000 -9999.000 -9999.000 -9999.000 -9999.000 -9999.000 -9999.000 -9999.000 -9999.000
-9999.000 -9999.000 -9999.000 -9999.000 -9999.000 -9999.000 -9999.000 -9999.000 -9999.000 -9999.000 -9999.000 -9999.000 -9999.000 -9999.000 -9999.000 -9999.000 -9999.000 -9999.000 -9999.000 -9999.000 -9999.000 -9999.000 -9999.000 -9999.000 -9999.000 -9999.000 -9999.000 -9999.000 -9999.000 -9999.000 -9999.000 -9999.000 -9999.000 -9999.000 -9999.000 -9999.000 -9999.000 -9999.000 -9999.000 -9999.000 -9999.000 -9999.000 -9999.000 -9999.000 -9999.000 -9999.000 -9999.000 -9999.000 -9999.000 -9999.000 -9999.000 -9999.000 -9999.000 -9999.000 -9999.000 -9999.000 -9999.000 -9999.000 -9999.000 -9999.000 -9999.000 -9999.000 -9999.000 -9999.000 -9999.000 -9999.000 -9999.000 -9999.000 -9999.000 -9999.000 -9999.000 -9999.000 -9999.000 -9999.000 -9999.000 -9999.000 -9999.000 -9999.000 -9999.000 -9999.000 -9999.000 -9999.000 -9999.000 -9999.000 -9999.000 -9999.000 -9999.000 -9999.000 -9999.000 -9999.000 -9999.000 -9999.000 -9999.000 -9999.000 -9999.000 -9999.000 -9999.000 -9999.000 -9999.000 -9999.000 -9999.000 -9999.000 -9999.000 -9999.000