examples/3D/hillslope02_superslab/output-maps-METEOIO-OFF/psiliqL0063N0001.asc
ncols         104
nrows         10
xllcorner     -2.000000
yllcorner     0.000000
cellsize      1.000000
NODATA_value  -9999.0
-9999.000 -9999.000 -9999.000 -9999.000 -9999.000 -9999.000 -9999.000 -9999.000 -9999.000 -9999.000 -9999.000 -9999.000 -9999.000 -9999.000 -9999.000 -9999.000 -9999.000 -9999.000 -9999.000 -9999.000 -9999.000 -9999.000 -9999.000 -9999.000 -9999.000 -9999.000 -9999.000 -9999.000 -9999.000 -9999.000 -9999.000 -9999.000 -9999.000 -9999.000 -9999.000 -9999.000 -9999.000 -9999.000 -9999.000 -9999.000 -9999.000 -9999.000 -9999.000 -9999.000 -9999.000 -9999.000 -9999.000 -9999.000 -9999.000 -9999.000 -9999.000 -9999.000 -9999.000 -9999.000 -9999.000 -9999.000 -9999.000 -9999.000 -9999.000 -9999.000 -9999.000 -9999.000 -9999.000 -9999.000 -9999.000 -9999.000 -9999.000 -9999.000 -9999.000 -9999.000 -9999.000 -9999.000 -9999.000 -9999.000 -9999.000 -9999.000 -9999.000 -9999.000 -9999.000 -9999.000 -9999.000 -9999.000 -9999.000 -9999.000 -9999.000 -9999.000 -9999.000 -9999.000 -9999.000 -9999.000 -9999.000 -9999.000 -9999.000 -9999.000 -9999.000 -9999.000 -9999.000 -9999.000 -9999.000 -9999.000 -9999.000 -9999.000 -9999.000 -9999.000
-9999.000 -9999.000 -9999.000 -9999.000 -9999.000 -9999.000 -9999.000 -9999.000 -9999.000 -9999.000 -9999.000 -9999.000 -9999.000 -9999.000 -9999.000 -9999.000 -9999.000 -9999.000 -9999.000 -9999.000 -9999.000 -9999.000 -9999.000 -9999.000 -9999.000 -9999.000 -9999.000 -9999.000 -9999.000 -9999.000 -9999.000 -9999.000 -9999.000 -9999.000 -9999.000 -9999.000 -9999.000 -9999.000 -9999.000 -9999.000 -9999.000 -9999.000 -9999.000 -9999.000 -9999.000 -9999.000 -9999.000 -9999.000 -9999.000 -9999.000 -9999.000 -9999.000 -9999.000 -9999.000 -9999.000 -9999.000 -9999.000 -9999.000 -9999.000 -9999.000 -9999.000 -9999.000 -9999.000 -9999.000 -9999.000 -9999.000 -9999.000 -9999.000 -9999.000 -9999.000 -9999.000 -9999.000 -9999.000 -9999.000 -9999.000 -9999.000 -9999.000 -9999.000 -9999.000 -9999.000 -9999.000 -9999.000 -9999.000 -9999.000 -9999.000 -9999.000 -9999.000 -9999.000 -9999.000 -9999.000 -9999.000 -9999.000 -9999.000 -9999.000 -9999.000 -9999.000 -9999.000 -9999.000 -9999.000 -9999.000 -9999.000 -9999.000 -9999.000 -9999.000
-9999.000 -9999.000 -340.001 -383.858 -380.906 -351.551 -330.075 -321.953 -322.190 -331.265 -383.888 -956.680 -1847.023 -1856.426 -1856.436 -1856.436 -1856.436 -1856.436 -1856.436 -1856.436 -1856.436 -1856.436 -1856.436 -1856.436 -1856.436 -1856.436 -1856.435 -1855.412 -1450.729 -513.930 -387.394 -361.027 -353.682 -351.113 -350.305 -350.526 -351.577 -353.446 -356.226 -360.116 -365.473 -250.371 -84.183 15.947 43.121 9.387 -327.693 -1356.728 -1855.553 -1856.492 -1856.480 -1856.509 -1856.440 -1856.436 -1856.436 -1856.436 -1856.436 -1856.436 -1856.436 -1856.436 -1856.424 -1846.788 -1002.666 -451.740 -412.659 -410.173 -410.020 -409.975 -409.932 -409.888 -409.845 -409.802 -409.759 -409.716 -409.673 -409.630 -409.586 -409.543 -409.500 -409.458 -409.415 -409.372 -409.329 -409.286 -409.243 -409.201 -409.158 -409.115 -409.073 -409.031 -408.988 -408.946 -408.904 -408.863 -408.822 -408.786 -408.780 -408.978 -410.375 -418.018 -459.455 -706.904 -9999.000 -9999.000
-9999.000 -9999.000 -340.001 -383.858 -380.906 -351.551 -330.075 -321.953 -322.190 -331.265 -383.888 -956.680 -1847.023 -1856.426 -1856.436 -1856.436 -1856.436 -1856.436 -1856.436 -1856.436 -1856.436 -1856.436 -1856.436 -1856.436 -1856.436 -1856.436 -1856.435 -1855.412 -1450.729 -513.930 -387.394 -361.027 -353.682 -351.113 -350.305 -350.526 -351.577 -353.446 -356.226 -360.116 -365.473 -250.371 -84.183 15.947 43.121 9.387 -327.693 -1356.728 -1855.553 -1856.492 -1856.480 -1856.509 -1856.440 -1856.436 -1856.436 -1856.436 -1856.436 -1856.436 -1856.436 -1856.436 -1856.424 -1846.788 -1002.666 -451.740 -412.659 -410.173 -410.020 -409.975 -409.932 -409.888 -409.845 -409.802 -409.759 -409.716 -409.673 -409.630 -409.586 -409.543 -409.500 -409.458 -409.415 -409.372 -409.329 -409.286 -409.243 -409.201 -409.158 -409.115 -409.073 -409.031 -408.988 -408.946 -408.904 -408.863 -408.822 -408.786 -408.780 -408.978 -410.375 -418.018 -459.455 -706.904 -9999.000 -9999.000
-9999.000 -9999.000 -340.001 -383.858 -380.906 -351.551 -330.075 -321.953 -322.190 -331.265 -383.888 -956.680 -1847.023 -1856.426 -1856.436 -1856.436 -1856.436 -1856.436 -1856.436 -1856.436 -1856.436 -1856.436 -1856.436 -1856.436 -1856.436 -1856.436 -1856.435 -1855.412 -1450.729 -513.930 -387.394 -361.027 -353.682 -351.113 -350.305 -350.526 -351.577 -353.446 -356.226 -360.116 -365.473 -250.371 -84.183 15.947 43.121 9.387 -327.693 -1356.728 -1855.553 -1856.492 -1856.480 -1856.509 -1856.440 -1856.436 -1856.436 -1856.436 -1856.436 -1856.436 -1856.436 -1856.436 -1856.424 -1846.788 -1002.666 -451.740 -412.659 -410.173 -410.020 -409.975 -409.932 -409.888 -409.845 -409.802 -409.759 -409.716 -409.673 -409.630 -409.586 -409.543 -409.500 -409.458 -409.415 -409.372 -409.329 -409.286 -409.243 -409.201 -409.158 -409.115 -409.073 -409.031 -408.988 -408.946 -408.904 -408.863 -408.822 -408.786 -408.780 -408.978 -410.375 -418.018 -459.455 -706.904 -9999.000 -9999.000
-9999.000 -9999.000 -340.001 -383.858 -380.906 -351.551 -330.075 -321.953 -322.190 -331.265 -383.888 -956.680 -1847.023 -1856.426 -1856.436 -1856.436 -1856.436 -1856.436 -1856.436 -1856.436 -1856.436 -1856.436 -1856.436 -1856.436 -1856.436 -1856.436 -1856.435 -1855.412 -1450.729 -513.930 -387.394 -361.027 -353.682 -351.113 -350.305 -350.526 -351.577 -353.446 -356.226 -360.116 -365.473 -250.371 -84.183 15.947 43.121 9.387 -327.693 -1356.728 -1855.553 -1856.492 -1856.480 -1856.509 -1856.440 -1856.436 -1856.436 -1856.436 -1856.436 -1856.436 -1856.436 -1856.436 -1856.424 -1846.788 -1002.666 -451.740 -412.659 -410.173 -410.020 -409.975 -409.932 -409.888 -409.845 -409.802 -409.759 -409.716 -409.673 -409.630 -409.586 -409.543 -409.500 -409.458 -409.415 -409.372 -409.329 -409.286 -409.243 -409.201 -409.158 -409.115 -409.073 -409.031 -408.988 -408.946 -408.904 -408.863 -408.822 -408.786 -408.780 -408.978 -410.375 -418.018 -459.455 -706.904 -9999.000 -9999.000
-9999.000 -9999.000 -340.001 -383.858 -380.906 -351.551 -330.075 -321.953 -322.190 -331.265 -383.888 -956.680 -1847.023 -1856.426 -1856.436 -1856.436 -1856.436 -1856.436 -1856.436 -1856.436 -1856.436 -1856.436 -1856.436 -1856.436 -1856.436 -1856.436 -1856.435 -1855.412 -1450.729 -513.930 -387.394 -361.027 -353.682 -351.113 -350.305 -350.526 -351.577 -353.446 -356.226 -360.116 -365.473 -250.371 -84.183 15.947 43.121 9.387 -327.693 -1356.728 -1855.553 -1856.492 -1856.480 -1856.509 -1856.440 -1856.436 -1856.436 -1856.436 -1856.436 -1856.436 -1856.436 -1856.436 -1856.424 -1846.788 -1002.666 -451.740 -412.659 -410.173 -410.020 -409.975 -409.932 -409.888 -409.845 -409.802 -409.759 -409.716 -409.673 -409.630 -409.586 -409.543 -409.500 -409.458 -409.415 -409.372 -409.329 -409.286 -409.243 -409.201 -409.158 -409.115 -409.073 -409.031 -408.988 -408.946 -408.904 -408.863 -408.822 -408.786 -408.780 -408.978 -410.375 -418.018 -459.455 -706.904 -9999.000 -9999.000
-9999.000 -9999.000 -340.001 -383.858 -380.906 -351.551 -330.075 -321.953 -322.190 -331.265 -383.888 -956.680 -1847.023 -1856.426 -1856.436 -1856.436 -1856.436 -1856.436 -1856.436 -1856.436 -1856.436 -1856.436 -1856.436 -1856.436 -1856.436 -1856.436 -1856.435 -1855.412 -1450.729 -513.930 -387.394 -361.027 -353.682 -351.113 -350.305 -350.526 -351.577 -353.446 -356.226 -360.116 -365.473 -250.371 -84.183 15.947 43.121 9.387 -327.693 -1356.728 -1855.553 -1856.492 -1856.480 -1856.509 -1856.440 -1856.436 -1856.436 -1856.436 -1856.436 -1856.436 -1856.436 -1856.436 -1856.424 -1846.788 -1002.666 -451.740 -412.659 -410.173 -410.020 -409.975 -409.932 -409.888 -409.845 -409.802 -409.759 -409.716 -409.673 -409.630 -409.586 -409.543 -409.500 -409.458 -409.415 -409.372 -409.329 -409.286 -409.243 -409.201 -409.158 -409.115 -409.073 -409.031 -408.988 -408.946 -408.904 -408.863 -408.822 -408.786 -408.780 -408.978 -410.375 -418.018 -459.455 -706.904 -9999.000 -9999.000
-9999.000 -9999.000 -9999.000 -9999.000 -9999.000 -9999.000 -9999.000 -9999.000 -9999.000 -9999.000 -9999.000 -9999.000 -9999.000 -9999.000 -9999.000 -9999.000 -9999.000 -9999.000 -9999.000 -9999.000 -9999.000 -9999.000 -9999.000 -9999.000 -9999.000 -9999.000 -9999.000 -9999.000 -9999.000 -9999.000 -9999.000 -9999.000 -9999.000 -9999.000 -9999.000 -9999.000 -9999.000 -9999.000 -9999.000 -9999.000 -9999.000 -9999.000 -9999.000 -9999.000 -9999.000 -9999.000 -9999.000 -9999.000 -9999.000 -9999.000 -9999.000 -9999.000 -9999.000 -9999.000 -9999.000 -9999.000 -9999.000 -9999.000 -9999.000 -9999.000 -9999.000 -9999.000 -9999.000 -9999.000 -9999.000 -9999.000 -9999.000 -9999.000 -9999.000 -9999.000 -9999.000 -9999.000 -9999.000 -9999.000 -9999.000 -9999.000 -9999.000 -9999.000 -9999.000 -9999.000 -9999.000 -9999.000 -9999.000 -9999.000 -9999.000 -9999.000 -9999.000 -9999.000 -9999.000 -9999.000 -9999.000 -9999.000 -9999.000 -9999.000 -9999.000 -9999.000 -9999.000 -9999.000 -9999.000 -9999.000 -9999.000 -9999.000 -9999.000 -9999.000
-9999.000 -9999.000 -9999.000 -9999.000 -9999.000 -9999.000 -9999.000 -9999.000 -9999.000 -9999.000 -9999.000 -9999.000 -9999.000 -9999.000 -9999.000 -9999.000 -9999.000 -9999.000 -9999.000 -9999.000 -9999.000 -9999.000 -9999.000 -9999.000 -9999.000 -9999.000 -9999.000 -9999.000 -9999.000 -9999.000 -9999.000 -9999.000 -9999.000 -9999.000 -9999.000 -9999.000 -9999.000 -9999.000 -9999.000 -9999.000 -9999.000 -9999.000 -9999.000 -9999.000 -9999.000 -9999.000 -9999.000 -9999.000 -9999.000 -9999.000 -9999.000 -9999.000 -9999.000 -9999.000 -9999.000 -9999.000 -9999.000 -9999.000 -9999.000 -9999.000 -9999.000 -9999.000 -9999.000 -9999.000 -9999.000 -9999.000 -9999.000 -9999.000 -9999.000 -9999.000 -9999.000 -9999.000 -9999.000 -9999.000 -9999.000 -9999.000 -9999.000 -9999.000 -9999.000 -9999.000 -9999.000 -9999.000 -9999.000 -9999.000 -9999.000 -9999.000 -9999.000 -9999.000 -9999.000 -9999.000 -9999.000 -9999.000 -9999.000 -9999.000 -9999.000 -9999.000 -9999.000 -9999.000 -9999.000 -9999.000 -9999.000 -9999.000 -9999.000 -9999.000