examples/3D/hillslope02_superslab/output-maps-METEOIO-OFF/psiliqL0002N0002.asc
ncols         104
nrows         10
xllcorner     -2.000000
yllcorner     0.000000
cellsize      1.000000
NODATA_value  -9999.0
-9999.000 -9999.000 -9999.000 -9999.000 -9999.000 -9999.000 -9999.000 -9999.000 -9999.000 -9999.000 -9999.000 -9999.000 -9999.000 -9999.000 -9999.000 -9999.000 -9999.000 -9999.000 -9999.000 -9999.000 -9999.000 -9999.000 -9999.000 -9999.000 -9999.000 -9999.000 -9999.000 -9999.000 -9999.000 -9999.000 -9999.000 -9999.000 -9999.000 -9999.000 -9999.000 -9999.000 -9999.000 -9999.000 -9999.000 -9999.000 -9999.000 -9999.000 -9999.000 -9999.000 -9999.000 -9999.000 -9999.000 -9999.000 -9999.000 -9999.000 -9999.000 -9999.000 -9999.000 -9999.000 -9999.000 -9999.000 -9999.000 -9999.000 -9999.000 -9999.000 -9999.000 -9999.000 -9999.000 -9999.000 -9999.000 -9999.000 -9999.000 -9999.000 -9999.000 -9999.000 -9999.000 -9999.000 -9999.000 -9999.000 -9999.000 -9999.000 -9999.000 -9999.000 -9999.000 -9999.000 -9999.000 -9999.000 -9999.000 -9999.000 -9999.000 -9999.000 -9999.000 -9999.000 -9999.000 -9999.000 -9999.000 -9999.000 -9999.000 -9999.000 -9999.000 -9999.000 -9999.000 -9999.000 -9999.000 -9999.000 -9999.000 -9999.000 -9999.000 -9999.000
-9999.000 -9999.000 -9999.000 -9999.000 -9999.000 -9999.000 -9999.000 -9999.000 -9999.000 -9999.000 -9999.000 -9999.000 -9999.000 -9999.000 -9999.000 -9999.000 -9999.000 -9999.000 -9999.000 -9999.000 -9999.000 -9999.000 -9999.000 -9999.000 -9999.000 -9999.000 -9999.000 -9999.000 -9999.000 -9999.000 -9999.000 -9999.000 -9999.000 -9999.000 -9999.000 -9999.000 -9999.000 -9999.000 -9999.000 -9999.000 -9999.000 -9999.000 -9999.000 -9999.000 -9999.000 -9999.000 -9999.000 -9999.000 -9999.000 -9999.000 -9999.000 -9999.000 -9999.000 -9999.000 -9999.000 -9999.000 -9999.000 -9999.000 -9999.000 -9999.000 -9999.000 -9999.000 -9999.000 -9999.000 -9999.000 -9999.000 -9999.000 -9999.000 -9999.000 -9999.000 -9999.000 -9999.000 -9999.000 -9999.000 -9999.000 -9999.000 -9999.000 -9999.000 -9999.000 -9999.000 -9999.000 -9999.000 -9999.000 -9999.000 -9999.000 -9999.000 -9999.000 -9999.000 -9999.000 -9999.000 -9999.000 -9999.000 -9999.000 -9999.000 -9999.000 -9999.000 -9999.000 -9999.000 -9999.000 -9999.000 -9999.000 -9999.000 -9999.000 -9999.000
-9999.000 -9999.000 -281.318 -277.133 -272.697 -272.732 -274.715 -277.598 -280.992 -285.007 -296.610 -142.374 -97.710 -69.470 -11.590 75.286 75.233 75.088 74.876 74.134 61.123 34.915 -0.019 -39.821 -82.633 -126.584 -169.513 -208.851 -239.371 -249.474 -247.245 -246.760 -248.512 -250.670 -252.573 -254.208 -255.702 -257.155 -258.617 -260.116 -261.704 -264.504 -184.271 -192.295 -192.390 -192.405 -192.420 -192.436 -192.452 -192.469 -192.487 -192.506 -192.524 -192.544 -192.563 -192.583 -192.602 -192.621 -192.640 -192.657 -192.569 -184.524 -333.561 -335.050 -335.076 -335.073 -335.069 -335.066 -335.062 -335.058 -335.055 -335.051 -335.048 -335.044 -335.040 -335.037 -335.033 -335.029 -335.026 -335.022 -335.018 -335.015 -335.011 -335.007 -335.004 -335.000 -334.997 -334.993 -334.989 -334.986 -334.982 -334.978 -334.975 -334.971 -334.967 -334.964 -334.960 -334.956 -334.953 -334.953 -335.012 -336.514 -9999.000 -9999.000
-9999.000 -9999.000 -280.345 -277.121 -272.697 -272.732 -274.715 -277.598 -280.992 -285.007 -296.610 -142.374 -97.710 -69.470 -11.590 75.286 75.233 75.088 74.876 74.134 61.123 34.915 -0.019 -39.821 -82.633 -126.584 -169.513 -208.851 -239.371 -249.474 -247.245 -246.760 -248.512 -250.670 -252.573 -254.208 -255.702 -257.155 -258.617 -260.116 -261.704 -264.504 -184.271 -192.295 -192.390 -192.405 -192.420 -192.436 -192.452 -192.469 -192.487 -192.506 -192.524 -192.544 -192.563 -192.583 -192.602 -192.621 -192.640 -192.657 -192.569 -184.524 -333.561 -335.050 -335.076 -335.073 -335.069 -335.066 -335.062 -335.058 -335.055 -335.051 -335.048 -335.044 -335.040 -335.037 -335.033 -335.029 -335.026 -335.022 -335.018 -335.015 -335.011 -335.007 -335.004 -335.000 -334.997 -334.993 -334.989 -334.986 -334.982 -334.978 -334.975 -334.971 -334.967 -334.964 -334.960 -334.956 -334.953 -334.953 -335.012 -336.514 -9999.000 -9999.000
-9999.000 -9999.000 -280.282 -277.120 -272.697 -272.732 -274.715 -277.598 -280.992 -285.007 -296.610 -142.374 -97.710 -69.470 -11.590 75.286 75.233 75.088 74.876 74.134 61.123 34.915 -0.019 -39.821 -82.633 -126.584 -169.513 -208.851 -239.371 -249.474 -247.245 -246.760 -248.512 -250.670 -252.573 -254.208 -255.702 -257.155 -258.617 -260.116 -261.704 -264.504 -184.271 -192.295 -192.390 -192.405 -192.420 -192.436 -192.452 -192.469 -192.487 -192.506 -192.524 -192.544 -192.563 -192.583 -192.602 -192.621 -192.640 -192.657 -192.569 -184.524 -333.561 -335.050 -335.076 -335.073 -335.069 -335.066 -335.062 -335.058 -335.055 -335.051 -335.048 -335.044 -335.040 -335.037 -335.033 -335.029 -335.026 -335.022 -335.018 -335.015 -335.011 -335.007 -335.004 -335.000 -334.997 -334.993 -334.989 -334.986 -334.982 -334.978 -334.975 -334.971 -334.967 -334.964 -334.960 -334.956 -334.953 -334.953 -335.012 -336.514 -9999.000 -9999.000
-9999.000 -9999.000 -280.282 -277.120 -272.697 -272.732 -274.715 -277.598 -280.992 -285.007 -296.610 -142.374 -97.710 -69.470 -11.590 75.286 75.233 75.088 74.876 74.134 61.123 34.915 -0.019 -39.821 -82.633 -126.584 -169.513 -208.851 -239.371 -249.474 -247.245 -246.760 -248.512 -250.670 -252.573 -254.208 -255.702 -257.155 -258.617 -260.116 -261.704 -264.504 -184.271 -192.295 -192.390 -192.405 -192.420 -192.436 -192.452 -192.469 -192.487 -192.506 -192.524 -192.544 -192.563 -192.583 -192.602 -192.621 -192.640 -192.657 -192.569 -184.524 -333.561 -335.050 -335.076 -335.073 -335.069 -335.066 -335.062 -335.058 -335.055 -335.051 -335.048 -335.044 -335.040 -335.037 -335.033 -335.029 -335.026 -335.022 -335.018 -335.015 -335.011 -335.007 -335.004 -335.000 -334.997 -334.993 -334.989 -334.986 -334.982 -334.978 -334.975 -334.971 -334.967 -334.964 -334.960 -334.956 -334.953 -334.953 -335.012 -336.514 -9999.000 -9999.000
-9999.000 -9999.000 -280.345 -277.121 -272.697 -272.732 -274.715 -277.598 -280.992 -285.007 -296.610 -142.374 -97.710 -69.470 -11.590 75.286 75.233 75.088 74.876 74.134 61.123 34.915 -0.019 -39.821 -82.633 -126.584 -169.513 -208.851 -239.371 -249.474 -247.245 -246.760 -248.512 -250.670 -252.573 -254.208 -255.702 -257.155 -258.617 -260.116 -261.704 -264.504 -184.271 -192.295 -192.390 -192.405 -192.420 -192.436 -192.452 -192.469 -192.487 -192.506 -192.524 -192.544 -192.563 -192.583 -192.602 -192.621 -192.640 -192.657 -192.569 -184.524 -333.561 -335.050 -335.076 -335.073 -335.069 -335.066 -335.062 -335.058 -335.055 -335.051 -335.048 -335.044 -335.040 -335.037 -335.033 -335.029 -335.026 -335.022 -335.018 -335.015 -335.011 -335.007 -335.004 -335.000 -334.997 -334.993 -334.989 -334.986 -334.982 -334.978 -334.975 -334.971 -334.967 -334.964 -334.960 -334.956 -334.953 -334.953 -335.012 -336.514 -9999.000 -9999.000
-9999.000 -9999.000 -281.318 -277.133 -272.697 -272.732 -274.715 -277.598 -280.992 -285.007 -296.610 -142.374 -97.710 -69.470 -11.590 75.286 75.233 75.088 74.876 74.134 61.123 34.915 -0.019 -39.821 -82.633 -126.584 -169.513 -208.851 -239.371 -249.474 -247.245 -246.760 -248.512 -250.670 -252.573 -254.208 -255.702 -257.155 -258.617 -260.116 -261.704 -264.504 -184.271 -192.295 -192.390 -192.405 -192.420 -192.436 -192.452 -192.469 -192.487 -192.506 -192.524 -192.544 -192.563 -192.583 -192.602 -192.621 -192.640 -192.657 -192.569 -184.524 -333.561 -335.050 -335.076 -335.073 -335.069 -335.066 -335.062 -335.058 -335.055 -335.051 -335.048 -335.044 -335.040 -335.037 -335.033 -335.029 -335.026 -335.022 -335.018 -335.015 -335.011 -335.007 -335.004 -335.000 -334.997 -334.993 -334.989 -334.986 -334.982 -334.978 -334.975 -334.971 -334.967 -334.964 -334.960 -334.956 -334.953 -334.953 -335.012 -336.514 -9999.000 -9999.000
-9999.000 -9999.000 -9999.000 -9999.000 -9999.000 -9999.000 -9999.000 -9999.000 -9999.000 -9999.000 -9999.000 -9999.000 -9999.000 -9999.000 -9999.000 -9999.000 -9999.000 -9999.000 -9999.000 -9999.000 -9999.000 -9999.000 -9999.000 -9999.000 -9999.000 -9999.000 -9999.000 -9999.000 -9999.000 -9999.000 -9999.000 -9999.000 -9999.000 -9999.000 -9999.000 -9999.000 -9999.000 -9999.000 -9999.000 -9999.000 -9999.000 -9999.000 -9999.000 -9999.000 -9999.000 -9999.000 -9999.000 -9999.000 -9999.000 -9999.000 -9999.000 -9999.000 -9999.000 -9999.000 -9999.000 -9999.000 -9999.000 -9999.000 -9999.000 -9999.000 -9999.000 -9999.000 -9999.000 -9999.000 -9999.000 -9999.000 -9999.000 -9999.000 -9999.000 -9999.000 -9999.000 -9999.000 -9999.000 -9999.000 -9999.000 -9999.000 -9999.000 -9999.000 -9999.000 -9999.000 -9999.000 -9999.000 -9999.000 -9999.000 -9999.000 -9999.000 -9999.000 -9999.000 -9999.000 -9999.000 -9999.000 -9999.000 -9999.000 -9999.000 -9999.000 -9999.000 -9999.000 -9999.000 -9999.000 -9999.000 -9999.000 -9999.000 -9999.000 -9999.000
-9999.000 -9999.000 -9999.000 -9999.000 -9999.000 -9999.000 -9999.000 -9999.000 -9999.000 -9999.000 -9999.000 -9999.000 -9999.000 -9999.000 -9999.000 -9999.000 -9999.000 -9999.000 -9999.000 -9999.000 -9999.000 -9999.000 -9999.000 -9999.000 -9999.000 -9999.000 -9999.000 -9999.000 -9999.000 -9999.000 -9999.000 -9999.000 -9999.000 -9999.000 -9999.000 -9999.000 -9999.000 -9999.000 -9999.000 -9999.000 -9999.000 -9999.000 -9999.000 -9999.000 -9999.000 -9999.000 -9999.000 -9999.000 -9999.000 -9999.000 -9999.000 -9999.000 -9999.000 -9999.000 -9999.000 -9999.000 -9999.000 -9999.000 -9999.000 -9999.000 -9999.000 -9999.000 -9999.000 -9999.000 -9999.000 -9999.000 -9999.000 -9999.000 -9999.000 -9999.000 -9999.000 -9999.000 -9999.000 -9999.000 -9999.000 -9999.000 -9999.000 -9999.000 -9999.000 -9999.000 -9999.000 -9999.000 -9999.000 -9999.000 -9999.000 -9999.000 -9999.000 -9999.000 -9999.000 -9999.000 -9999.000 -9999.000 -9999.000 -9999.000 -9999.000 -9999.000 -9999.000 -9999.000 -9999.000 -9999.000 -9999.000 -9999.000 -9999.000 -9999.000