examples/3D/hillslope02_superslab/output-maps-METEOIO-OFF/psiliqL0081N0002.asc
ncols         104
nrows         10
xllcorner     -2.000000
yllcorner     0.000000
cellsize      1.000000
NODATA_value  -9999.0
-9999.000 -9999.000 -9999.000 -9999.000 -9999.000 -9999.000 -9999.000 -9999.000 -9999.000 -9999.000 -9999.000 -9999.000 -9999.000 -9999.000 -9999.000 -9999.000 -9999.000 -9999.000 -9999.000 -9999.000 -9999.000 -9999.000 -9999.000 -9999.000 -9999.000 -9999.000 -9999.000 -9999.000 -9999.000 -9999.000 -9999.000 -9999.000 -9999.000 -9999.000 -9999.000 -9999.000 -9999.000 -9999.000 -9999.000 -9999.000 -9999.000 -9999.000 -9999.000 -9999.000 -9999.000 -9999.000 -9999.000 -9999.000 -9999.000 -9999.000 -9999.000 -9999.000 -9999.000 -9999.000 -9999.000 -9999.000 -9999.000 -9999.000 -9999.000 -9999.000 -9999.000 -9999.000 -9999.000 -9999.000 -9999.000 -9999.000 -9999.000 -9999.000 -9999.000 -9999.000 -9999.000 -9999.000 -9999.000 -9999.000 -9999.000 -9999.000 -9999.000 -9999.000 -9999.000 -9999.000 -9999.000 -9999.000 -9999.000 -9999.000 -9999.000 -9999.000 -9999.000 -9999.000 -9999.000 -9999.000 -9999.000 -9999.000 -9999.000 -9999.000 -9999.000 -9999.000 -9999.000 -9999.000 -9999.000 -9999.000 -9999.000 -9999.000 -9999.000 -9999.000
-9999.000 -9999.000 -9999.000 -9999.000 -9999.000 -9999.000 -9999.000 -9999.000 -9999.000 -9999.000 -9999.000 -9999.000 -9999.000 -9999.000 -9999.000 -9999.000 -9999.000 -9999.000 -9999.000 -9999.000 -9999.000 -9999.000 -9999.000 -9999.000 -9999.000 -9999.000 -9999.000 -9999.000 -9999.000 -9999.000 -9999.000 -9999.000 -9999.000 -9999.000 -9999.000 -9999.000 -9999.000 -9999.000 -9999.000 -9999.000 -9999.000 -9999.000 -9999.000 -9999.000 -9999.000 -9999.000 -9999.000 -9999.000 -9999.000 -9999.000 -9999.000 -9999.000 -9999.000 -9999.000 -9999.000 -9999.000 -9999.000 -9999.000 -9999.000 -9999.000 -9999.000 -9999.000 -9999.000 -9999.000 -9999.000 -9999.000 -9999.000 -9999.000 -9999.000 -9999.000 -9999.000 -9999.000 -9999.000 -9999.000 -9999.000 -9999.000 -9999.000 -9999.000 -9999.000 -9999.000 -9999.000 -9999.000 -9999.000 -9999.000 -9999.000 -9999.000 -9999.000 -9999.000 -9999.000 -9999.000 -9999.000 -9999.000 -9999.000 -9999.000 -9999.000 -9999.000 -9999.000 -9999.000 -9999.000 -9999.000 -9999.000 -9999.000 -9999.000 -9999.000
-9999.000 -9999.000 2501.911 2400.822 2298.649 2195.340 2090.880 1985.346 1878.931 1772.005 1665.231 1559.753 1457.136 1358.719 1265.557 1178.316 1097.240 1022.308 953.365 890.106 832.173 779.118 730.493 685.807 644.504 605.951 569.697 535.183 501.721 468.922 436.291 403.218 369.515 334.842 298.815 261.330 222.394 181.980 140.151 97.064 52.965 8.326 -36.117 -79.468 -120.631 -158.372 -191.619 -219.308 -240.664 -254.696 -185.316 -108.131 -268.523 -283.127 -257.792 -221.572 -179.444 -133.631 -85.315 -35.121 16.624 68.541 117.510 159.807 195.376 225.330 249.874 270.209 286.527 298.975 308.152 314.325 317.685 318.409 316.644 312.505 306.060 297.438 286.821 274.183 259.425 242.713 224.111 203.304 180.700 155.829 129.074 99.921 68.644 35.076 -1.129 -39.835 -80.870 -123.885 -167.892 -211.069 -250.900 -284.839 -311.412 -331.549 -350.196 -381.881 -9999.000 -9999.000
-9999.000 -9999.000 2501.915 2400.825 2298.650 2195.341 2090.880 1985.346 1878.932 1772.005 1665.231 1559.753 1457.136 1358.719 1265.557 1178.316 1097.240 1022.308 953.365 890.106 832.173 779.118 730.493 685.807 644.504 605.951 569.697 535.183 501.721 468.922 436.291 403.218 369.515 334.842 298.815 261.330 222.394 181.980 140.151 97.064 52.965 8.326 -36.117 -79.468 -120.631 -158.372 -191.619 -219.308 -240.664 -254.696 -185.316 -108.131 -268.523 -283.127 -257.792 -221.572 -179.444 -133.631 -85.315 -35.121 16.624 68.541 117.510 159.807 195.376 225.330 249.874 270.209 286.527 298.975 308.152 314.325 317.685 318.409 316.644 312.505 306.060 297.438 286.821 274.183 259.425 242.713 224.111 203.304 180.700 155.829 129.074 99.921 68.644 35.076 -1.129 -39.835 -80.870 -123.885 -167.892 -211.069 -250.900 -284.839 -311.412 -331.549 -350.196 -381.881 -9999.000 -9999.000
-9999.000 -9999.000 2501.919 2400.828 2298.652 2195.341 2090.881 1985.346 1878.932 1772.005 1665.231 1559.753 1457.136 1358.719 1265.557 1178.316 1097.240 1022.308 953.365 890.106 832.173 779.118 730.493 685.807 644.504 605.951 569.697 535.183 501.721 468.922 436.291 403.218 369.515 334.842 298.815 261.330 222.394 181.980 140.151 97.064 52.965 8.326 -36.117 -79.468 -120.631 -158.372 -191.619 -219.308 -240.664 -254.696 -185.316 -108.131 -268.523 -283.127 -257.792 -221.572 -179.444 -133.631 -85.315 -35.121 16.624 68.541 117.510 159.807 195.376 225.330 249.874 270.209 286.527 298.975 308.152 314.325 317.685 318.409 316.644 312.505 306.060 297.438 286.821 274.183 259.425 242.713 224.111 203.304 180.700 155.829 129.074 99.921 68.644 35.076 -1.129 -39.835 -80.870 -123.885 -167.892 -211.069 -250.900 -284.839 -311.412 -331.549 -350.196 -381.881 -9999.000 -9999.000
-9999.000 -9999.000 2501.919 2400.828 2298.652 2195.341 2090.881 1985.346 1878.932 1772.005 1665.231 1559.753 1457.136 1358.719 1265.557 1178.316 1097.240 1022.308 953.365 890.106 832.173 779.118 730.493 685.807 644.504 605.951 569.697 535.183 501.721 468.922 436.291 403.218 369.515 334.842 298.815 261.330 222.394 181.980 140.151 97.064 52.965 8.326 -36.117 -79.468 -120.631 -158.372 -191.619 -219.308 -240.664 -254.696 -185.316 -108.131 -268.523 -283.127 -257.792 -221.572 -179.444 -133.631 -85.315 -35.121 16.624 68.541 117.510 159.807 195.376 225.330 249.874 270.209 286.527 298.975 308.152 314.325 317.685 318.409 316.644 312.505 306.060 297.438 286.821 274.183 259.425 242.713 224.111 203.304 180.700 155.829 129.074 99.921 68.644 35.076 -1.129 -39.835 -80.870 -123.885 -167.892 -211.069 -250.900 -284.839 -311.412 -331.549 -350.196 -381.881 -9999.000 -9999.000
-9999.000 -9999.000 2501.915 2400.825 2298.650 2195.341 2090.880 1985.346 1878.932 1772.005 1665.231 1559.753 1457.136 1358.719 1265.557 1178.316 1097.240 1022.308 953.365 890.106 832.173 779.118 730.493 685.807 644.504 605.951 569.697 535.183 501.721 468.922 436.291 403.218 369.515 334.842 298.815 261.330 222.394 181.980 140.151 97.064 52.965 8.326 -36.117 -79.468 -120.631 -158.372 -191.619 -219.308 -240.664 -254.696 -185.316 -108.131 -268.523 -283.127 -257.792 -221.572 -179.444 -133.631 -85.315 -35.121 16.624 68.541 117.510 159.807 195.376 225.330 249.874 270.209 286.527 298.975 308.152 314.325 317.685 318.409 316.644 312.505 306.060 297.438 286.821 274.183 259.425 242.713 224.111 203.304 180.700 155.829 129.074 99.921 68.644 35.076 -1.129 -39.835 -80.870 -123.885 -167.892 -211.069 -250.900 -284.839 -311.412 -331.549 -350.196 -381.881 -9999.000 -9999.000
-9999.000 -9999.000 2501.911 2400.822 2298.649 2195.340 2090.880 1985.346 1878.931 1772.005 1665.231 1559.753 1457.136 1358.719 1265.557 1178.316 1097.240 1022.308 953.365 890.106 832.173 779.118 730.493 685.807 644.504 605.951 569.697 535.183 501.721 468.922 436.291 403.218 369.515 334.842 298.815 261.330 222.394 181.980 140.151 97.064 52.965 8.326 -36.117 -79.468 -120.631 -158.372 -191.619 -219.308 -240.664 -254.696 -185.316 -108.131 -268.523 -283.127 -257.792 -221.572 -179.444 -133.631 -85.315 -35.121 16.624 68.541 117.510 159.807 195.376 225.330 249.874 270.209 286.527 298.975 308.152 314.325 317.685 318.409 316.644 312.505 306.060 297.438 286.821 274.183 259.425 242.713 224.111 203.304 180.700 155.829 129.074 99.921 68.644 35.076 -1.129 -39.835 -80.870 -123.885 -167.892 -211.069 -250.900 -284.839 -311.412 -331.549 -350.196 -381.881 -9999.000 -9999.000
-9999.000 -9999.000 -9999.000 -9999.000 -9999.000 -9999.000 -9999.000 -9999.000 -9999.000 -9999.000 -9999.000 -9999.000 -9999.000 -9999.000 -9999.000 -9999.000 -9999.000 -9999.000 -9999.000 -9999.000 -9999.000 -9999.000 -9999.000 -9999.000 -9999.000 -9999.000 -9999.000 -9999.000 -9999.000 -9999.000 -9999.000 -9999.000 -9999.000 -9999.000 -9999.000 -9999.000 -9999.000 -9999.000 -9999.000 -9999.000 -9999.000 -9999.000 -9999.000 -9999.000 -9999.000 -9999.000 -9999.000 -9999.000 -9999.000 -9999.000 -9999.000 -9999.000 -9999.000 -9999.000 -9999.000 -9999.000 -9999.000 -9999.000 -9999.000 -9999.000 -9999.000 -9999.000 -9999.000 -9999.000 -9999.000 -9999.000 -9999.000 -9999.000 -9999.000 -9999.000 -9999.000 -9999.000 -9999.000 -9999.000 -9999.000 -9999.000 -9999.000 -9999.000 -9999.000 -9999.000 -9999.000 -9999.000 -9999.000 -9999.000 -9999.000 -9999.000 -9999.000 -9999.000 -9999.000 -9999.000 -9999.000 -9999.000 -9999.000 -9999.000 -9999.000 -9999.000 -9999.000 -9999.000 -9999.000 -9999.000 -9999.000 -9999.000 -9999.000 -9999.000
-9999.000 -9999.000 -9999.000 -9999.000 -9999.000 -9999.000 -9999.000 -9999.000 -9999.000 -9999.000 -9999.000 -9999.000 -9999.000 -9999.000 -9999.000 -9999.000 -9999.000 -9999.000 -9999.000 -9999.000 -9999.000 -9999.000 -9999.000 -9999.000 -9999.000 -9999.000 -9999.000 -9999.000 -9999.000 -9999.000 -9999.000 -9999.000 -9999.000 -9999.000 -9999.000 -9999.000 -9999.000 -9999.000 -9999.000 -9999.000 -9999.000 -9999.000 -9999.000 -9999.000 -9999.000 -9999.000 -9999.000 -9999.000 -9999.000 -9999.000 -9999.000 -9999.000 -9999.000 -9999.000 -9999.000 -9999.000 -9999.000 -9999.000 -9999.000 -9999.000 -9999.000 -9999.000 -9999.000 -9999.000 -9999.000 -9999.000 -9999.000 -9999.000 -9999.000 -9999.000 -9999.000 -9999.000 -9999.000 -9999.000 -9999.000 -9999.000 -9999.000 -9999.000 -9999.000 -9999.000 -9999.000 -9999.000 -9999.000 -9999.000 -9999.000 -9999.000 -9999.000 -9999.000 -9999.000 -9999.000 -9999.000 -9999.000 -9999.000 -9999.000 -9999.000 -9999.000 -9999.000 -9999.000 -9999.000 -9999.000 -9999.000 -9999.000 -9999.000 -9999.000