examples/3D/hillslope02_superslab/output-maps-METEOIO-OFF/psiliqL0012N0003.asc
ncols         104
nrows         10
xllcorner     -2.000000
yllcorner     0.000000
cellsize      1.000000
NODATA_value  -9999.0
-9999.000 -9999.000 -9999.000 -9999.000 -9999.000 -9999.000 -9999.000 -9999.000 -9999.000 -9999.000 -9999.000 -9999.000 -9999.000 -9999.000 -9999.000 -9999.000 -9999.000 -9999.000 -9999.000 -9999.000 -9999.000 -9999.000 -9999.000 -9999.000 -9999.000 -9999.000 -9999.000 -9999.000 -9999.000 -9999.000 -9999.000 -9999.000 -9999.000 -9999.000 -9999.000 -9999.000 -9999.000 -9999.000 -9999.000 -9999.000 -9999.000 -9999.000 -9999.000 -9999.000 -9999.000 -9999.000 -9999.000 -9999.000 -9999.000 -9999.000 -9999.000 -9999.000 -9999.000 -9999.000 -9999.000 -9999.000 -9999.000 -9999.000 -9999.000 -9999.000 -9999.000 -9999.000 -9999.000 -9999.000 -9999.000 -9999.000 -9999.000 -9999.000 -9999.000 -9999.000 -9999.000 -9999.000 -9999.000 -9999.000 -9999.000 -9999.000 -9999.000 -9999.000 -9999.000 -9999.000 -9999.000 -9999.000 -9999.000 -9999.000 -9999.000 -9999.000 -9999.000 -9999.000 -9999.000 -9999.000 -9999.000 -9999.000 -9999.000 -9999.000 -9999.000 -9999.000 -9999.000 -9999.000 -9999.000 -9999.000 -9999.000 -9999.000 -9999.000 -9999.000
-9999.000 -9999.000 -9999.000 -9999.000 -9999.000 -9999.000 -9999.000 -9999.000 -9999.000 -9999.000 -9999.000 -9999.000 -9999.000 -9999.000 -9999.000 -9999.000 -9999.000 -9999.000 -9999.000 -9999.000 -9999.000 -9999.000 -9999.000 -9999.000 -9999.000 -9999.000 -9999.000 -9999.000 -9999.000 -9999.000 -9999.000 -9999.000 -9999.000 -9999.000 -9999.000 -9999.000 -9999.000 -9999.000 -9999.000 -9999.000 -9999.000 -9999.000 -9999.000 -9999.000 -9999.000 -9999.000 -9999.000 -9999.000 -9999.000 -9999.000 -9999.000 -9999.000 -9999.000 -9999.000 -9999.000 -9999.000 -9999.000 -9999.000 -9999.000 -9999.000 -9999.000 -9999.000 -9999.000 -9999.000 -9999.000 -9999.000 -9999.000 -9999.000 -9999.000 -9999.000 -9999.000 -9999.000 -9999.000 -9999.000 -9999.000 -9999.000 -9999.000 -9999.000 -9999.000 -9999.000 -9999.000 -9999.000 -9999.000 -9999.000 -9999.000 -9999.000 -9999.000 -9999.000 -9999.000 -9999.000 -9999.000 -9999.000 -9999.000 -9999.000 -9999.000 -9999.000 -9999.000 -9999.000 -9999.000 -9999.000 -9999.000 -9999.000 -9999.000 -9999.000
-9999.000 -9999.000 594.810 519.360 437.427 351.797 264.726 177.293 90.098 3.551 -81.829 -166.434 -251.885 -338.740 -424.992 -502.449 -548.866 -545.164 -513.667 -466.614 -450.042 -459.887 -486.447 -523.376 -565.754 -609.790 -652.652 -692.460 -728.232 -759.704 -787.015 -810.425 -830.149 -846.346 -859.188 -868.932 -875.947 -880.717 -883.807 -886.001 -890.402 -928.564 -2419.556 -4378.506 -4381.188 -4381.188 -4381.188 -4381.188 -4381.188 -4381.188 -4381.188 -4381.188 -4381.188 -4381.188 -4381.188 -4381.188 -4381.188 -4381.188 -4381.188 -4381.188 -4378.058 -2388.144 -912.314 -893.550 -892.867 -892.853 -892.853 -892.853 -892.853 -892.853 -892.852 -892.852 -892.852 -892.852 -892.852 -892.851 -892.851 -892.851 -892.851 -892.850 -892.850 -892.850 -892.850 -892.850 -892.849 -892.849 -892.849 -892.849 -892.848 -892.848 -892.848 -892.848 -892.848 -892.847 -892.847 -892.847 -892.847 -892.849 -892.872 -893.071 -894.640 -906.198 -9999.000 -9999.000
-9999.000 -9999.000 594.845 519.371 437.430 351.798 264.726 177.293 90.098 3.551 -81.829 -166.434 -251.885 -338.740 -424.992 -502.449 -548.866 -545.164 -513.667 -466.614 -450.042 -459.887 -486.447 -523.376 -565.754 -609.790 -652.652 -692.460 -728.232 -759.704 -787.015 -810.425 -830.149 -846.346 -859.188 -868.932 -875.947 -880.717 -883.807 -886.001 -890.402 -928.564 -2419.556 -4378.506 -4381.188 -4381.188 -4381.188 -4381.188 -4381.188 -4381.188 -4381.188 -4381.188 -4381.188 -4381.188 -4381.188 -4381.188 -4381.188 -4381.188 -4381.188 -4381.188 -4378.058 -2388.144 -912.314 -893.550 -892.867 -892.853 -892.853 -892.853 -892.853 -892.853 -892.852 -892.852 -892.852 -892.852 -892.852 -892.851 -892.851 -892.851 -892.851 -892.850 -892.850 -892.850 -892.850 -892.850 -892.849 -892.849 -892.849 -892.849 -892.848 -892.848 -892.848 -892.848 -892.848 -892.847 -892.847 -892.847 -892.847 -892.849 -892.872 -893.071 -894.640 -906.198 -9999.000 -9999.000
-9999.000 -9999.000 594.859 519.377 437.433 351.799 264.726 177.293 90.098 3.552 -81.829 -166.434 -251.885 -338.740 -424.992 -502.449 -548.866 -545.164 -513.667 -466.614 -450.042 -459.887 -486.447 -523.376 -565.754 -609.790 -652.652 -692.460 -728.232 -759.704 -787.015 -810.425 -830.149 -846.346 -859.188 -868.932 -875.947 -880.717 -883.807 -886.001 -890.402 -928.564 -2419.556 -4378.506 -4381.188 -4381.188 -4381.188 -4381.188 -4381.188 -4381.188 -4381.188 -4381.188 -4381.188 -4381.188 -4381.188 -4381.188 -4381.188 -4381.188 -4381.188 -4381.188 -4378.058 -2388.144 -912.314 -893.550 -892.867 -892.853 -892.853 -892.853 -892.853 -892.853 -892.852 -892.852 -892.852 -892.852 -892.852 -892.851 -892.851 -892.851 -892.851 -892.850 -892.850 -892.850 -892.850 -892.850 -892.849 -892.849 -892.849 -892.849 -892.848 -892.848 -892.848 -892.848 -892.848 -892.847 -892.847 -892.847 -892.847 -892.849 -892.872 -893.071 -894.640 -906.198 -9999.000 -9999.000
-9999.000 -9999.000 594.859 519.377 437.433 351.799 264.726 177.293 90.098 3.552 -81.829 -166.434 -251.885 -338.740 -424.992 -502.449 -548.866 -545.164 -513.667 -466.614 -450.042 -459.887 -486.447 -523.376 -565.754 -609.790 -652.652 -692.460 -728.232 -759.704 -787.015 -810.425 -830.149 -846.346 -859.188 -868.932 -875.947 -880.717 -883.807 -886.001 -890.402 -928.564 -2419.556 -4378.506 -4381.188 -4381.188 -4381.188 -4381.188 -4381.188 -4381.188 -4381.188 -4381.188 -4381.188 -4381.188 -4381.188 -4381.188 -4381.188 -4381.188 -4381.188 -4381.188 -4378.058 -2388.144 -912.314 -893.550 -892.867 -892.853 -892.853 -892.853 -892.853 -892.853 -892.852 -892.852 -892.852 -892.852 -892.852 -892.851 -892.851 -892.851 -892.851 -892.850 -892.850 -892.850 -892.850 -892.850 -892.849 -892.849 -892.849 -892.849 -892.848 -892.848 -892.848 -892.848 -892.848 -892.847 -892.847 -892.847 -892.847 -892.849 -892.872 -893.071 -894.640 -906.198 -9999.000 -9999.000
-9999.000 -9999.000 594.845 519.371 437.430 351.798 264.726 177.293 90.098 3.551 -81.829 -166.434 -251.885 -338.740 -424.992 -502.449 -548.866 -545.164 -513.667 -466.614 -450.042 -459.887 -486.447 -523.376 -565.754 -609.790 -652.652 -692.460 -728.232 -759.704 -787.015 -810.425 -830.149 -846.346 -859.188 -868.932 -875.947 -880.717 -883.807 -886.001 -890.402 -928.564 -2419.556 -4378.506 -4381.188 -4381.188 -4381.188 -4381.188 -4381.188 -4381.188 -4381.188 -4381.188 -4381.188 -4381.188 -4381.188 -4381.188 -4381.188 -4381.188 -4381.188 -4381.188 -4378.058 -2388.144 -912.314 -893.550 -892.867 -892.853 -892.853 -892.853 -892.853 -892.853 -892.852 -892.852 -892.852 -892.852 -892.852 -892.851 -892.851 -892.851 -892.851 -892.850 -892.850 -892.850 -892.850 -892.850 -892.849 -892.849 -892.849 -892.849 -892.848 -892.848 -892.848 -892.848 -892.848 -892.847 -892.847 -892.847 -892.847 -892.849 -892.872 -893.071 -894.640 -906.198 -9999.000 -9999.000
-9999.000 -9999.000 594.810 519.360 437.427 351.797 264.726 177.293 90.098 3.551 -81.829 -166.434 -251.885 -338.740 -424.992 -502.449 -548.866 -545.164 -513.667 -466.614 -450.042 -459.887 -486.447 -523.376 -565.754 -609.790 -652.652 -692.460 -728.232 -759.704 -787.015 -810.425 -830.149 -846.346 -859.188 -868.932 -875.947 -880.717 -883.807 -886.001 -890.402 -928.564 -2419.556 -4378.506 -4381.188 -4381.188 -4381.188 -4381.188 -4381.188 -4381.188 -4381.188 -4381.188 -4381.188 -4381.188 -4381.188 -4381.188 -4381.188 -4381.188 -4381.188 -4381.188 -4378.058 -2388.144 -912.314 -893.550 -892.867 -892.853 -892.853 -892.853 -892.853 -892.853 -892.852 -892.852 -892.852 -892.852 -892.852 -892.851 -892.851 -892.851 -892.851 -892.850 -892.850 -892.850 -892.850 -892.850 -892.849 -892.849 -892.849 -892.849 -892.848 -892.848 -892.848 -892.848 -892.848 -892.847 -892.847 -892.847 -892.847 -892.849 -892.872 -893.071 -894.640 -906.198 -9999.000 -9999.000
-9999.000 -9999.000 -9999.000 -9999.000 -9999.000 -9999.000 -9999.000 -9999.000 -9999.000 -9999.000 -9999.000 -9999.000 -9999.000 -9999.000 -9999.000 -9999.000 -9999.000 -9999.000 -9999.000 -9999.000 -9999.000 -9999.000 -9999.000 -9999.000 -9999.000 -9999.000 -9999.000 -9999.000 -9999.000 -9999.000 -9999.000 -9999.000 -9999.000 -9999.000 -9999.000 -9999.000 -9999.000 -9999.000 -9999.000 -9999.000 -9999.000 -9999.000 -9999.000 -9999.000 -9999.000 -9999.000 -9999.000 -9999.000 -9999.000 -9999.000 -9999.000 -9999.000 -9999.000 -9999.000 -9999.000 -9999.000 -9999.000 -9999.000 -9999.000 -9999.000 -9999.000 -9999.000 -9999.000 -9999.000 -9999.000 -9999.000 -9999.000 -9999.000 -9999.000 -9999.000 -9999.000 -9999.000 -9999.000 -9999.000 -9999.000 -9999.000 -9999.000 -9999.000 -9999.000 -9999.000 -9999.000 -9999.000 -9999.000 -9999.000 -9999.000 -9999.000 -9999.000 -9999.000 -9999.000 -9999.000 -9999.000 -9999.000 -9999.000 -9999.000 -9999.000 -9999.000 -9999.000 -9999.000 -9999.000 -9999.000 -9999.000 -9999.000 -9999.000 -9999.000
-9999.000 -9999.000 -9999.000 -9999.000 -9999.000 -9999.000 -9999.000 -9999.000 -9999.000 -9999.000 -9999.000 -9999.000 -9999.000 -9999.000 -9999.000 -9999.000 -9999.000 -9999.000 -9999.000 -9999.000 -9999.000 -9999.000 -9999.000 -9999.000 -9999.000 -9999.000 -9999.000 -9999.000 -9999.000 -9999.000 -9999.000 -9999.000 -9999.000 -9999.000 -9999.000 -9999.000 -9999.000 -9999.000 -9999.000 -9999.000 -9999.000 -9999.000 -9999.000 -9999.000 -9999.000 -9999.000 -9999.000 -9999.000 -9999.000 -9999.000 -9999.000 -9999.000 -9999.000 -9999.000 -9999.000 -9999.000 -9999.000 -9999.000 -9999.000 -9999.000 -9999.000 -9999.000 -9999.000 -9999.000 -9999.000 -9999.000 -9999.000 -9999.000 -9999.000 -9999.000 -9999.000 -9999.000 -9999.000 -9999.000 -9999.000 -9999.000 -9999.000 -9999.000 -9999.000 -9999.000 -9999.000 -9999.000 -9999.000 -9999.000 -9999.000 -9999.000 -9999.000 -9999.000 -9999.000 -9999.000 -9999.000 -9999.000 -9999.000 -9999.000 -9999.000 -9999.000 -9999.000 -9999.000 -9999.000 -9999.000 -9999.000 -9999.000 -9999.000 -9999.000