examples/3D/hillslope02_superslab/output-maps-METEOIO-OFF/psiliqL0016N0002.asc
ncols         104
nrows         10
xllcorner     -2.000000
yllcorner     0.000000
cellsize      1.000000
NODATA_value  -9999.0
-9999.000 -9999.000 -9999.000 -9999.000 -9999.000 -9999.000 -9999.000 -9999.000 -9999.000 -9999.000 -9999.000 -9999.000 -9999.000 -9999.000 -9999.000 -9999.000 -9999.000 -9999.000 -9999.000 -9999.000 -9999.000 -9999.000 -9999.000 -9999.000 -9999.000 -9999.000 -9999.000 -9999.000 -9999.000 -9999.000 -9999.000 -9999.000 -9999.000 -9999.000 -9999.000 -9999.000 -9999.000 -9999.000 -9999.000 -9999.000 -9999.000 -9999.000 -9999.000 -9999.000 -9999.000 -9999.000 -9999.000 -9999.000 -9999.000 -9999.000 -9999.000 -9999.000 -9999.000 -9999.000 -9999.000 -9999.000 -9999.000 -9999.000 -9999.000 -9999.000 -9999.000 -9999.000 -9999.000 -9999.000 -9999.000 -9999.000 -9999.000 -9999.000 -9999.000 -9999.000 -9999.000 -9999.000 -9999.000 -9999.000 -9999.000 -9999.000 -9999.000 -9999.000 -9999.000 -9999.000 -9999.000 -9999.000 -9999.000 -9999.000 -9999.000 -9999.000 -9999.000 -9999.000 -9999.000 -9999.000 -9999.000 -9999.000 -9999.000 -9999.000 -9999.000 -9999.000 -9999.000 -9999.000 -9999.000 -9999.000 -9999.000 -9999.000 -9999.000 -9999.000
-9999.000 -9999.000 -9999.000 -9999.000 -9999.000 -9999.000 -9999.000 -9999.000 -9999.000 -9999.000 -9999.000 -9999.000 -9999.000 -9999.000 -9999.000 -9999.000 -9999.000 -9999.000 -9999.000 -9999.000 -9999.000 -9999.000 -9999.000 -9999.000 -9999.000 -9999.000 -9999.000 -9999.000 -9999.000 -9999.000 -9999.000 -9999.000 -9999.000 -9999.000 -9999.000 -9999.000 -9999.000 -9999.000 -9999.000 -9999.000 -9999.000 -9999.000 -9999.000 -9999.000 -9999.000 -9999.000 -9999.000 -9999.000 -9999.000 -9999.000 -9999.000 -9999.000 -9999.000 -9999.000 -9999.000 -9999.000 -9999.000 -9999.000 -9999.000 -9999.000 -9999.000 -9999.000 -9999.000 -9999.000 -9999.000 -9999.000 -9999.000 -9999.000 -9999.000 -9999.000 -9999.000 -9999.000 -9999.000 -9999.000 -9999.000 -9999.000 -9999.000 -9999.000 -9999.000 -9999.000 -9999.000 -9999.000 -9999.000 -9999.000 -9999.000 -9999.000 -9999.000 -9999.000 -9999.000 -9999.000 -9999.000 -9999.000 -9999.000 -9999.000 -9999.000 -9999.000 -9999.000 -9999.000 -9999.000 -9999.000 -9999.000 -9999.000 -9999.000 -9999.000
-9999.000 -9999.000 -287.838 -289.546 -285.621 -285.740 -287.986 -291.251 -295.185 -300.667 -315.770 -363.252 -388.862 -407.839 -416.130 -408.503 -400.894 -392.656 -179.705 38.987 288.419 562.780 690.156 649.732 605.807 559.413 511.277 461.918 411.538 359.487 302.623 237.146 161.280 74.702 -22.096 -121.265 -200.821 -244.788 -262.833 -269.681 -273.387 -282.395 -2644.976 -4182.506 -4183.168 -4183.168 -4183.168 -4183.168 -4183.168 -4183.168 -4183.168 -4183.168 -4183.168 -4183.168 -4183.168 -4183.168 -4183.168 -4183.168 -4183.168 -4183.168 -4182.437 -2641.742 -349.062 -355.353 -355.689 -355.700 -355.697 -355.693 -355.688 -355.684 -355.680 -355.676 -355.672 -355.668 -355.664 -355.660 -355.655 -355.651 -355.647 -355.643 -355.639 -355.635 -355.631 -355.627 -355.622 -355.618 -355.614 -355.610 -355.606 -355.602 -355.598 -355.594 -355.589 -355.585 -355.581 -355.577 -355.573 -355.569 -355.571 -355.634 -356.395 -364.152 -9999.000 -9999.000
-9999.000 -9999.000 -287.005 -289.490 -285.618 -285.739 -287.986 -291.251 -295.185 -300.667 -315.770 -363.252 -388.862 -407.839 -416.130 -408.503 -400.894 -392.656 -179.705 38.987 288.419 562.780 690.156 649.732 605.807 559.413 511.277 461.918 411.538 359.487 302.623 237.146 161.280 74.702 -22.096 -121.265 -200.821 -244.788 -262.833 -269.681 -273.387 -282.395 -2644.976 -4182.506 -4183.168 -4183.168 -4183.168 -4183.168 -4183.168 -4183.168 -4183.168 -4183.168 -4183.168 -4183.168 -4183.168 -4183.168 -4183.168 -4183.168 -4183.168 -4183.168 -4182.437 -2641.742 -349.062 -355.353 -355.689 -355.700 -355.697 -355.693 -355.688 -355.684 -355.680 -355.676 -355.672 -355.668 -355.664 -355.660 -355.655 -355.651 -355.647 -355.643 -355.639 -355.635 -355.631 -355.627 -355.622 -355.618 -355.614 -355.610 -355.606 -355.602 -355.598 -355.594 -355.589 -355.585 -355.581 -355.577 -355.573 -355.569 -355.571 -355.634 -356.395 -364.152 -9999.000 -9999.000
-9999.000 -9999.000 -286.902 -289.482 -285.618 -285.739 -287.986 -291.251 -295.185 -300.667 -315.770 -363.252 -388.862 -407.839 -416.130 -408.503 -400.894 -392.656 -179.705 38.987 288.419 562.780 690.156 649.732 605.807 559.413 511.277 461.918 411.538 359.487 302.623 237.146 161.280 74.702 -22.096 -121.265 -200.821 -244.788 -262.833 -269.681 -273.387 -282.395 -2644.976 -4182.506 -4183.168 -4183.168 -4183.168 -4183.168 -4183.168 -4183.168 -4183.168 -4183.168 -4183.168 -4183.168 -4183.168 -4183.168 -4183.168 -4183.168 -4183.168 -4183.168 -4182.437 -2641.742 -349.062 -355.353 -355.689 -355.700 -355.697 -355.693 -355.688 -355.684 -355.680 -355.676 -355.672 -355.668 -355.664 -355.660 -355.655 -355.651 -355.647 -355.643 -355.639 -355.635 -355.631 -355.627 -355.622 -355.618 -355.614 -355.610 -355.606 -355.602 -355.598 -355.594 -355.589 -355.585 -355.581 -355.577 -355.573 -355.569 -355.571 -355.634 -356.395 -364.152 -9999.000 -9999.000
-9999.000 -9999.000 -286.902 -289.482 -285.618 -285.739 -287.986 -291.251 -295.185 -300.667 -315.770 -363.252 -388.862 -407.839 -416.130 -408.503 -400.894 -392.656 -179.705 38.987 288.419 562.780 690.156 649.732 605.807 559.413 511.277 461.918 411.538 359.487 302.623 237.146 161.280 74.702 -22.096 -121.265 -200.821 -244.788 -262.833 -269.681 -273.387 -282.395 -2644.976 -4182.506 -4183.168 -4183.168 -4183.168 -4183.168 -4183.168 -4183.168 -4183.168 -4183.168 -4183.168 -4183.168 -4183.168 -4183.168 -4183.168 -4183.168 -4183.168 -4183.168 -4182.437 -2641.742 -349.062 -355.353 -355.689 -355.700 -355.697 -355.693 -355.688 -355.684 -355.680 -355.676 -355.672 -355.668 -355.664 -355.660 -355.655 -355.651 -355.647 -355.643 -355.639 -355.635 -355.631 -355.627 -355.622 -355.618 -355.614 -355.610 -355.606 -355.602 -355.598 -355.594 -355.589 -355.585 -355.581 -355.577 -355.573 -355.569 -355.571 -355.634 -356.395 -364.152 -9999.000 -9999.000
-9999.000 -9999.000 -287.005 -289.490 -285.618 -285.739 -287.986 -291.251 -295.185 -300.667 -315.770 -363.252 -388.862 -407.839 -416.130 -408.503 -400.894 -392.656 -179.705 38.987 288.419 562.780 690.156 649.732 605.807 559.413 511.277 461.918 411.538 359.487 302.623 237.146 161.280 74.702 -22.096 -121.265 -200.821 -244.788 -262.833 -269.681 -273.387 -282.395 -2644.976 -4182.506 -4183.168 -4183.168 -4183.168 -4183.168 -4183.168 -4183.168 -4183.168 -4183.168 -4183.168 -4183.168 -4183.168 -4183.168 -4183.168 -4183.168 -4183.168 -4183.168 -4182.437 -2641.742 -349.062 -355.353 -355.689 -355.700 -355.697 -355.693 -355.688 -355.684 -355.680 -355.676 -355.672 -355.668 -355.664 -355.660 -355.655 -355.651 -355.647 -355.643 -355.639 -355.635 -355.631 -355.627 -355.622 -355.618 -355.614 -355.610 -355.606 -355.602 -355.598 -355.594 -355.589 -355.585 -355.581 -355.577 -355.573 -355.569 -355.571 -355.634 -356.395 -364.152 -9999.000 -9999.000
-9999.000 -9999.000 -287.838 -289.546 -285.621 -285.740 -287.986 -291.251 -295.185 -300.667 -315.770 -363.252 -388.862 -407.839 -416.130 -408.503 -400.894 -392.656 -179.705 38.987 288.419 562.780 690.156 649.732 605.807 559.413 511.277 461.918 411.538 359.487 302.623 237.146 161.280 74.702 -22.096 -121.265 -200.821 -244.788 -262.833 -269.681 -273.387 -282.395 -2644.976 -4182.506 -4183.168 -4183.168 -4183.168 -4183.168 -4183.168 -4183.168 -4183.168 -4183.168 -4183.168 -4183.168 -4183.168 -4183.168 -4183.168 -4183.168 -4183.168 -4183.168 -4182.437 -2641.742 -349.062 -355.353 -355.689 -355.700 -355.697 -355.693 -355.688 -355.684 -355.680 -355.676 -355.672 -355.668 -355.664 -355.660 -355.655 -355.651 -355.647 -355.643 -355.639 -355.635 -355.631 -355.627 -355.622 -355.618 -355.614 -355.610 -355.606 -355.602 -355.598 -355.594 -355.589 -355.585 -355.581 -355.577 -355.573 -355.569 -355.571 -355.634 -356.395 -364.152 -9999.000 -9999.000
-9999.000 -9999.000 -9999.000 -9999.000 -9999.000 -9999.000 -9999.000 -9999.000 -9999.000 -9999.000 -9999.000 -9999.000 -9999.000 -9999.000 -9999.000 -9999.000 -9999.000 -9999.000 -9999.000 -9999.000 -9999.000 -9999.000 -9999.000 -9999.000 -9999.000 -9999.000 -9999.000 -9999.000 -9999.000 -9999.000 -9999.000 -9999.000 -9999.000 -9999.000 -9999.000 -9999.000 -9999.000 -9999.000 -9999.000 -9999.000 -9999.000 -9999.000 -9999.000 -9999.000 -9999.000 -9999.000 -9999.000 -9999.000 -9999.000 -9999.000 -9999.000 -9999.000 -9999.000 -9999.000 -9999.000 -9999.000 -9999.000 -9999.000 -9999.000 -9999.000 -9999.000 -9999.000 -9999.000 -9999.000 -9999.000 -9999.000 -9999.000 -9999.000 -9999.000 -9999.000 -9999.000 -9999.000 -9999.000 -9999.000 -9999.000 -9999.000 -9999.000 -9999.000 -9999.000 -9999.000 -9999.000 -9999.000 -9999.000 -9999.000 -9999.000 -9999.000 -9999.000 -9999.000 -9999.000 -9999.000 -9999.000 -9999.000 -9999.000 -9999.000 -9999.000 -9999.000 -9999.000 -9999.000 -9999.000 -9999.000 -9999.000 -9999.000 -9999.000 -9999.000
-9999.000 -9999.000 -9999.000 -9999.000 -9999.000 -9999.000 -9999.000 -9999.000 -9999.000 -9999.000 -9999.000 -9999.000 -9999.000 -9999.000 -9999.000 -9999.000 -9999.000 -9999.000 -9999.000 -9999.000 -9999.000 -9999.000 -9999.000 -9999.000 -9999.000 -9999.000 -9999.000 -9999.000 -9999.000 -9999.000 -9999.000 -9999.000 -9999.000 -9999.000 -9999.000 -9999.000 -9999.000 -9999.000 -9999.000 -9999.000 -9999.000 -9999.000 -9999.000 -9999.000 -9999.000 -9999.000 -9999.000 -9999.000 -9999.000 -9999.000 -9999.000 -9999.000 -9999.000 -9999.000 -9999.000 -9999.000 -9999.000 -9999.000 -9999.000 -9999.000 -9999.000 -9999.000 -9999.000 -9999.000 -9999.000 -9999.000 -9999.000 -9999.000 -9999.000 -9999.000 -9999.000 -9999.000 -9999.000 -9999.000 -9999.000 -9999.000 -9999.000 -9999.000 -9999.000 -9999.000 -9999.000 -9999.000 -9999.000 -9999.000 -9999.000 -9999.000 -9999.000 -9999.000 -9999.000 -9999.000 -9999.000 -9999.000 -9999.000 -9999.000 -9999.000 -9999.000 -9999.000 -9999.000 -9999.000 -9999.000 -9999.000 -9999.000 -9999.000 -9999.000