examples/3D/hillslope02_superslab/output-maps-METEOIO-OFF/psiliqL0036N0002.asc
ncols         104
nrows         10
xllcorner     -2.000000
yllcorner     0.000000
cellsize      1.000000
NODATA_value  -9999.0
-9999.000 -9999.000 -9999.000 -9999.000 -9999.000 -9999.000 -9999.000 -9999.000 -9999.000 -9999.000 -9999.000 -9999.000 -9999.000 -9999.000 -9999.000 -9999.000 -9999.000 -9999.000 -9999.000 -9999.000 -9999.000 -9999.000 -9999.000 -9999.000 -9999.000 -9999.000 -9999.000 -9999.000 -9999.000 -9999.000 -9999.000 -9999.000 -9999.000 -9999.000 -9999.000 -9999.000 -9999.000 -9999.000 -9999.000 -9999.000 -9999.000 -9999.000 -9999.000 -9999.000 -9999.000 -9999.000 -9999.000 -9999.000 -9999.000 -9999.000 -9999.000 -9999.000 -9999.000 -9999.000 -9999.000 -9999.000 -9999.000 -9999.000 -9999.000 -9999.000 -9999.000 -9999.000 -9999.000 -9999.000 -9999.000 -9999.000 -9999.000 -9999.000 -9999.000 -9999.000 -9999.000 -9999.000 -9999.000 -9999.000 -9999.000 -9999.000 -9999.000 -9999.000 -9999.000 -9999.000 -9999.000 -9999.000 -9999.000 -9999.000 -9999.000 -9999.000 -9999.000 -9999.000 -9999.000 -9999.000 -9999.000 -9999.000 -9999.000 -9999.000 -9999.000 -9999.000 -9999.000 -9999.000 -9999.000 -9999.000 -9999.000 -9999.000 -9999.000 -9999.000
-9999.000 -9999.000 -9999.000 -9999.000 -9999.000 -9999.000 -9999.000 -9999.000 -9999.000 -9999.000 -9999.000 -9999.000 -9999.000 -9999.000 -9999.000 -9999.000 -9999.000 -9999.000 -9999.000 -9999.000 -9999.000 -9999.000 -9999.000 -9999.000 -9999.000 -9999.000 -9999.000 -9999.000 -9999.000 -9999.000 -9999.000 -9999.000 -9999.000 -9999.000 -9999.000 -9999.000 -9999.000 -9999.000 -9999.000 -9999.000 -9999.000 -9999.000 -9999.000 -9999.000 -9999.000 -9999.000 -9999.000 -9999.000 -9999.000 -9999.000 -9999.000 -9999.000 -9999.000 -9999.000 -9999.000 -9999.000 -9999.000 -9999.000 -9999.000 -9999.000 -9999.000 -9999.000 -9999.000 -9999.000 -9999.000 -9999.000 -9999.000 -9999.000 -9999.000 -9999.000 -9999.000 -9999.000 -9999.000 -9999.000 -9999.000 -9999.000 -9999.000 -9999.000 -9999.000 -9999.000 -9999.000 -9999.000 -9999.000 -9999.000 -9999.000 -9999.000 -9999.000 -9999.000 -9999.000 -9999.000 -9999.000 -9999.000 -9999.000 -9999.000 -9999.000 -9999.000 -9999.000 -9999.000 -9999.000 -9999.000 -9999.000 -9999.000 -9999.000 -9999.000
-9999.000 -9999.000 279.261 177.967 76.308 -26.658 -127.598 -210.257 -261.077 -289.004 -314.487 -360.173 -388.090 -406.668 -413.554 -407.446 -399.867 -391.675 -383.111 -375.446 -369.209 -364.183 -359.965 -356.262 -352.920 -349.845 -346.975 -344.203 -21.493 305.731 648.246 999.642 1136.609 1047.958 948.952 839.856 720.925 592.035 452.730 302.186 139.077 -38.238 -217.614 -407.482 -627.173 -932.545 -1533.334 -2873.077 -3190.732 -3193.059 -3193.069 -3193.069 -3193.069 -3193.069 -3193.069 -3193.069 -3193.069 -3192.998 -3175.924 -2267.914 -1015.591 -584.407 -362.400 -355.376 -355.652 -355.696 -355.696 -355.692 -355.688 -355.684 -355.680 -355.675 -355.671 -355.667 -355.663 -355.659 -355.655 -355.651 -355.647 -355.642 -355.638 -355.634 -355.630 -355.626 -355.622 -355.618 -355.614 -355.610 -355.605 -355.601 -355.597 -355.593 -355.589 -355.585 -355.581 -355.577 -355.573 -355.574 -355.615 -355.970 -358.466 -373.301 -9999.000 -9999.000
-9999.000 -9999.000 279.336 177.993 76.315 -26.656 -127.597 -210.257 -261.077 -289.004 -314.487 -360.173 -388.090 -406.668 -413.554 -407.446 -399.867 -391.675 -383.111 -375.446 -369.209 -364.183 -359.965 -356.262 -352.920 -349.845 -346.975 -344.203 -21.493 305.731 648.246 999.642 1136.609 1047.958 948.952 839.856 720.925 592.035 452.730 302.186 139.077 -38.238 -217.614 -407.482 -627.173 -932.545 -1533.334 -2873.077 -3190.732 -3193.059 -3193.069 -3193.069 -3193.069 -3193.069 -3193.069 -3193.069 -3193.069 -3192.998 -3175.924 -2267.914 -1015.591 -584.407 -362.400 -355.376 -355.652 -355.696 -355.696 -355.692 -355.688 -355.684 -355.680 -355.675 -355.671 -355.667 -355.663 -355.659 -355.655 -355.651 -355.647 -355.642 -355.638 -355.634 -355.630 -355.626 -355.622 -355.618 -355.614 -355.610 -355.605 -355.601 -355.597 -355.593 -355.589 -355.585 -355.581 -355.577 -355.573 -355.574 -355.615 -355.970 -358.466 -373.301 -9999.000 -9999.000
-9999.000 -9999.000 279.370 178.008 76.321 -26.654 -127.597 -210.257 -261.077 -289.004 -314.487 -360.173 -388.090 -406.668 -413.554 -407.446 -399.867 -391.675 -383.111 -375.446 -369.209 -364.183 -359.965 -356.262 -352.920 -349.845 -346.975 -344.203 -21.493 305.731 648.246 999.642 1136.609 1047.958 948.952 839.856 720.925 592.035 452.730 302.186 139.077 -38.238 -217.614 -407.482 -627.173 -932.545 -1533.334 -2873.077 -3190.732 -3193.059 -3193.069 -3193.069 -3193.069 -3193.069 -3193.069 -3193.069 -3193.069 -3192.998 -3175.924 -2267.914 -1015.591 -584.407 -362.400 -355.376 -355.652 -355.696 -355.696 -355.692 -355.688 -355.684 -355.680 -355.675 -355.671 -355.667 -355.663 -355.659 -355.655 -355.651 -355.647 -355.642 -355.638 -355.634 -355.630 -355.626 -355.622 -355.618 -355.614 -355.610 -355.605 -355.601 -355.597 -355.593 -355.589 -355.585 -355.581 -355.577 -355.573 -355.574 -355.615 -355.970 -358.466 -373.301 -9999.000 -9999.000
-9999.000 -9999.000 279.370 178.008 76.321 -26.654 -127.597 -210.257 -261.077 -289.004 -314.487 -360.173 -388.090 -406.668 -413.554 -407.446 -399.867 -391.675 -383.111 -375.446 -369.209 -364.183 -359.965 -356.262 -352.920 -349.845 -346.975 -344.203 -21.493 305.731 648.246 999.642 1136.609 1047.958 948.952 839.856 720.925 592.035 452.730 302.186 139.077 -38.238 -217.614 -407.482 -627.173 -932.545 -1533.334 -2873.077 -3190.732 -3193.059 -3193.069 -3193.069 -3193.069 -3193.069 -3193.069 -3193.069 -3193.069 -3192.998 -3175.924 -2267.914 -1015.591 -584.407 -362.400 -355.376 -355.652 -355.696 -355.696 -355.692 -355.688 -355.684 -355.680 -355.675 -355.671 -355.667 -355.663 -355.659 -355.655 -355.651 -355.647 -355.642 -355.638 -355.634 -355.630 -355.626 -355.622 -355.618 -355.614 -355.610 -355.605 -355.601 -355.597 -355.593 -355.589 -355.585 -355.581 -355.577 -355.573 -355.574 -355.615 -355.970 -358.466 -373.301 -9999.000 -9999.000
-9999.000 -9999.000 279.336 177.993 76.315 -26.656 -127.597 -210.257 -261.077 -289.004 -314.487 -360.173 -388.090 -406.668 -413.554 -407.446 -399.867 -391.675 -383.111 -375.446 -369.209 -364.183 -359.965 -356.262 -352.920 -349.845 -346.975 -344.203 -21.493 305.731 648.246 999.642 1136.609 1047.958 948.952 839.856 720.925 592.035 452.730 302.186 139.077 -38.238 -217.614 -407.482 -627.173 -932.545 -1533.334 -2873.077 -3190.732 -3193.059 -3193.069 -3193.069 -3193.069 -3193.069 -3193.069 -3193.069 -3193.069 -3192.998 -3175.924 -2267.914 -1015.591 -584.407 -362.400 -355.376 -355.652 -355.696 -355.696 -355.692 -355.688 -355.684 -355.680 -355.675 -355.671 -355.667 -355.663 -355.659 -355.655 -355.651 -355.647 -355.642 -355.638 -355.634 -355.630 -355.626 -355.622 -355.618 -355.614 -355.610 -355.605 -355.601 -355.597 -355.593 -355.589 -355.585 -355.581 -355.577 -355.573 -355.574 -355.615 -355.970 -358.466 -373.301 -9999.000 -9999.000
-9999.000 -9999.000 279.261 177.967 76.308 -26.658 -127.598 -210.257 -261.077 -289.004 -314.487 -360.173 -388.090 -406.668 -413.554 -407.446 -399.867 -391.675 -383.111 -375.446 -369.209 -364.183 -359.965 -356.262 -352.920 -349.845 -346.975 -344.203 -21.493 305.731 648.246 999.642 1136.609 1047.958 948.952 839.856 720.925 592.035 452.730 302.186 139.077 -38.238 -217.614 -407.482 -627.173 -932.545 -1533.334 -2873.077 -3190.732 -3193.059 -3193.069 -3193.069 -3193.069 -3193.069 -3193.069 -3193.069 -3193.069 -3192.998 -3175.924 -2267.914 -1015.591 -584.407 -362.400 -355.376 -355.652 -355.696 -355.696 -355.692 -355.688 -355.684 -355.680 -355.675 -355.671 -355.667 -355.663 -355.659 -355.655 -355.651 -355.647 -355.642 -355.638 -355.634 -355.630 -355.626 -355.622 -355.618 -355.614 -355.610 -355.605 -355.601 -355.597 -355.593 -355.589 -355.585 -355.581 -355.577 -355.573 -355.574 -355.615 -355.970 -358.466 -373.301 -9999.000 -9999.000
-9999.000 -9999.000 -9999.000 -9999.000 -9999.000 -9999.000 -9999.000 -9999.000 -9999.000 -9999.000 -9999.000 -9999.000 -9999.000 -9999.000 -9999.000 -9999.000 -9999.000 -9999.000 -9999.000 -9999.000 -9999.000 -9999.000 -9999.000 -9999.000 -9999.000 -9999.000 -9999.000 -9999.000 -9999.000 -9999.000 -9999.000 -9999.000 -9999.000 -9999.000 -9999.000 -9999.000 -9999.000 -9999.000 -9999.000 -9999.000 -9999.000 -9999.000 -9999.000 -9999.000 -9999.000 -9999.000 -9999.000 -9999.000 -9999.000 -9999.000 -9999.000 -9999.000 -9999.000 -9999.000 -9999.000 -9999.000 -9999.000 -9999.000 -9999.000 -9999.000 -9999.000 -9999.000 -9999.000 -9999.000 -9999.000 -9999.000 -9999.000 -9999.000 -9999.000 -9999.000 -9999.000 -9999.000 -9999.000 -9999.000 -9999.000 -9999.000 -9999.000 -9999.000 -9999.000 -9999.000 -9999.000 -9999.000 -9999.000 -9999.000 -9999.000 -9999.000 -9999.000 -9999.000 -9999.000 -9999.000 -9999.000 -9999.000 -9999.000 -9999.000 -9999.000 -9999.000 -9999.000 -9999.000 -9999.000 -9999.000 -9999.000 -9999.000 -9999.000 -9999.000
-9999.000 -9999.000 -9999.000 -9999.000 -9999.000 -9999.000 -9999.000 -9999.000 -9999.000 -9999.000 -9999.000 -9999.000 -9999.000 -9999.000 -9999.000 -9999.000 -9999.000 -9999.000 -9999.000 -9999.000 -9999.000 -9999.000 -9999.000 -9999.000 -9999.000 -9999.000 -9999.000 -9999.000 -9999.000 -9999.000 -9999.000 -9999.000 -9999.000 -9999.000 -9999.000 -9999.000 -9999.000 -9999.000 -9999.000 -9999.000 -9999.000 -9999.000 -9999.000 -9999.000 -9999.000 -9999.000 -9999.000 -9999.000 -9999.000 -9999.000 -9999.000 -9999.000 -9999.000 -9999.000 -9999.000 -9999.000 -9999.000 -9999.000 -9999.000 -9999.000 -9999.000 -9999.000 -9999.000 -9999.000 -9999.000 -9999.000 -9999.000 -9999.000 -9999.000 -9999.000 -9999.000 -9999.000 -9999.000 -9999.000 -9999.000 -9999.000 -9999.000 -9999.000 -9999.000 -9999.000 -9999.000 -9999.000 -9999.000 -9999.000 -9999.000 -9999.000 -9999.000 -9999.000 -9999.000 -9999.000 -9999.000 -9999.000 -9999.000 -9999.000 -9999.000 -9999.000 -9999.000 -9999.000 -9999.000 -9999.000 -9999.000 -9999.000 -9999.000 -9999.000