examples/3D/hillslope02_superslab/output-maps-METEOIO-OFF/psiliqL0077N0003.asc
ncols         104
nrows         10
xllcorner     -2.000000
yllcorner     0.000000
cellsize      1.000000
NODATA_value  -9999.0
-9999.000 -9999.000 -9999.000 -9999.000 -9999.000 -9999.000 -9999.000 -9999.000 -9999.000 -9999.000 -9999.000 -9999.000 -9999.000 -9999.000 -9999.000 -9999.000 -9999.000 -9999.000 -9999.000 -9999.000 -9999.000 -9999.000 -9999.000 -9999.000 -9999.000 -9999.000 -9999.000 -9999.000 -9999.000 -9999.000 -9999.000 -9999.000 -9999.000 -9999.000 -9999.000 -9999.000 -9999.000 -9999.000 -9999.000 -9999.000 -9999.000 -9999.000 -9999.000 -9999.000 -9999.000 -9999.000 -9999.000 -9999.000 -9999.000 -9999.000 -9999.000 -9999.000 -9999.000 -9999.000 -9999.000 -9999.000 -9999.000 -9999.000 -9999.000 -9999.000 -9999.000 -9999.000 -9999.000 -9999.000 -9999.000 -9999.000 -9999.000 -9999.000 -9999.000 -9999.000 -9999.000 -9999.000 -9999.000 -9999.000 -9999.000 -9999.000 -9999.000 -9999.000 -9999.000 -9999.000 -9999.000 -9999.000 -9999.000 -9999.000 -9999.000 -9999.000 -9999.000 -9999.000 -9999.000 -9999.000 -9999.000 -9999.000 -9999.000 -9999.000 -9999.000 -9999.000 -9999.000 -9999.000 -9999.000 -9999.000 -9999.000 -9999.000 -9999.000 -9999.000
-9999.000 -9999.000 -9999.000 -9999.000 -9999.000 -9999.000 -9999.000 -9999.000 -9999.000 -9999.000 -9999.000 -9999.000 -9999.000 -9999.000 -9999.000 -9999.000 -9999.000 -9999.000 -9999.000 -9999.000 -9999.000 -9999.000 -9999.000 -9999.000 -9999.000 -9999.000 -9999.000 -9999.000 -9999.000 -9999.000 -9999.000 -9999.000 -9999.000 -9999.000 -9999.000 -9999.000 -9999.000 -9999.000 -9999.000 -9999.000 -9999.000 -9999.000 -9999.000 -9999.000 -9999.000 -9999.000 -9999.000 -9999.000 -9999.000 -9999.000 -9999.000 -9999.000 -9999.000 -9999.000 -9999.000 -9999.000 -9999.000 -9999.000 -9999.000 -9999.000 -9999.000 -9999.000 -9999.000 -9999.000 -9999.000 -9999.000 -9999.000 -9999.000 -9999.000 -9999.000 -9999.000 -9999.000 -9999.000 -9999.000 -9999.000 -9999.000 -9999.000 -9999.000 -9999.000 -9999.000 -9999.000 -9999.000 -9999.000 -9999.000 -9999.000 -9999.000 -9999.000 -9999.000 -9999.000 -9999.000 -9999.000 -9999.000 -9999.000 -9999.000 -9999.000 -9999.000 -9999.000 -9999.000 -9999.000 -9999.000 -9999.000 -9999.000 -9999.000 -9999.000
-9999.000 -9999.000 3860.175 3764.219 3671.446 3580.919 3491.994 3404.342 3317.847 3232.529 3148.474 3065.792 2984.582 2904.923 2826.854 2750.386 2675.497 2602.142 2530.251 2459.743 2390.523 2322.495 2255.560 2189.611 2124.547 2060.258 1996.629 1933.552 1870.943 1808.753 1746.990 1685.733 1625.056 1565.034 1505.747 1447.290 1389.769 1333.306 1278.041 1224.130 1171.756 1121.127 1072.487 1026.120 982.363 941.613 904.359 871.201 859.765 862.708 858.837 844.314 810.301 769.650 734.934 702.934 673.264 645.568 619.919 595.902 573.525 552.195 531.660 511.470 491.313 471.319 451.131 430.849 410.293 389.286 367.968 345.903 323.465 300.166 276.282 251.413 225.832 199.073 171.551 142.720 112.949 81.991 49.547 16.075 -18.769 -55.112 -92.586 -131.106 -170.584 -210.713 -250.999 -290.778 -329.264 -365.622 -399.033 -428.799 -454.436 -475.762 -492.980 -506.995 -520.910 -545.767 -9999.000 -9999.000
-9999.000 -9999.000 3860.175 3764.219 3671.447 3580.919 3491.994 3404.342 3317.847 3232.529 3148.474 3065.792 2984.582 2904.923 2826.854 2750.386 2675.497 2602.142 2530.251 2459.743 2390.523 2322.495 2255.560 2189.611 2124.547 2060.258 1996.629 1933.552 1870.943 1808.753 1746.990 1685.733 1625.056 1565.034 1505.747 1447.290 1389.769 1333.306 1278.041 1224.130 1171.756 1121.127 1072.487 1026.120 982.363 941.613 904.359 871.201 859.765 862.708 858.837 844.314 810.301 769.650 734.934 702.934 673.264 645.568 619.919 595.902 573.525 552.195 531.660 511.470 491.313 471.319 451.131 430.849 410.293 389.286 367.968 345.903 323.465 300.166 276.282 251.413 225.832 199.073 171.551 142.720 112.949 81.991 49.547 16.075 -18.769 -55.112 -92.586 -131.106 -170.584 -210.713 -250.999 -290.778 -329.264 -365.622 -399.033 -428.799 -454.436 -475.762 -492.980 -506.995 -520.910 -545.767 -9999.000 -9999.000
-9999.000 -9999.000 3860.176 3764.220 3671.447 3580.919 3491.994 3404.342 3317.847 3232.529 3148.474 3065.792 2984.582 2904.923 2826.854 2750.386 2675.497 2602.142 2530.251 2459.743 2390.523 2322.495 2255.560 2189.611 2124.547 2060.258 1996.629 1933.552 1870.943 1808.753 1746.990 1685.733 1625.056 1565.034 1505.747 1447.290 1389.769 1333.306 1278.041 1224.130 1171.756 1121.127 1072.487 1026.120 982.363 941.613 904.359 871.201 859.765 862.708 858.837 844.314 810.301 769.650 734.934 702.934 673.264 645.568 619.919 595.902 573.525 552.195 531.660 511.470 491.313 471.319 451.131 430.849 410.293 389.286 367.968 345.903 323.465 300.166 276.282 251.413 225.832 199.073 171.551 142.720 112.949 81.991 49.547 16.075 -18.769 -55.112 -92.586 -131.106 -170.584 -210.713 -250.999 -290.778 -329.264 -365.622 -399.033 -428.799 -454.436 -475.762 -492.980 -506.995 -520.910 -545.767 -9999.000 -9999.000
-9999.000 -9999.000 3860.176 3764.220 3671.447 3580.919 3491.994 3404.342 3317.847 3232.529 3148.474 3065.792 2984.582 2904.923 2826.854 2750.386 2675.497 2602.142 2530.251 2459.743 2390.523 2322.495 2255.560 2189.611 2124.547 2060.258 1996.629 1933.552 1870.943 1808.753 1746.990 1685.733 1625.056 1565.034 1505.747 1447.290 1389.769 1333.306 1278.041 1224.130 1171.756 1121.127 1072.487 1026.120 982.363 941.613 904.359 871.201 859.765 862.708 858.837 844.314 810.301 769.650 734.934 702.934 673.264 645.568 619.919 595.902 573.525 552.195 531.660 511.470 491.313 471.319 451.131 430.849 410.293 389.286 367.968 345.903 323.465 300.166 276.282 251.413 225.832 199.073 171.551 142.720 112.949 81.991 49.547 16.075 -18.769 -55.112 -92.586 -131.106 -170.584 -210.713 -250.999 -290.778 -329.264 -365.622 -399.033 -428.799 -454.436 -475.762 -492.980 -506.995 -520.910 -545.767 -9999.000 -9999.000
-9999.000 -9999.000 3860.175 3764.219 3671.447 3580.919 3491.994 3404.342 3317.847 3232.529 3148.474 3065.792 2984.582 2904.923 2826.854 2750.386 2675.497 2602.142 2530.251 2459.743 2390.523 2322.495 2255.560 2189.611 2124.547 2060.258 1996.629 1933.552 1870.943 1808.753 1746.990 1685.733 1625.056 1565.034 1505.747 1447.290 1389.769 1333.306 1278.041 1224.130 1171.756 1121.127 1072.487 1026.120 982.363 941.613 904.359 871.201 859.765 862.708 858.837 844.314 810.301 769.650 734.934 702.934 673.264 645.568 619.919 595.902 573.525 552.195 531.660 511.470 491.313 471.319 451.131 430.849 410.293 389.286 367.968 345.903 323.465 300.166 276.282 251.413 225.832 199.073 171.551 142.720 112.949 81.991 49.547 16.075 -18.769 -55.112 -92.586 -131.106 -170.584 -210.713 -250.999 -290.778 -329.264 -365.622 -399.033 -428.799 -454.436 -475.762 -492.980 -506.995 -520.910 -545.767 -9999.000 -9999.000
-9999.000 -9999.000 3860.175 3764.219 3671.446 3580.919 3491.994 3404.342 3317.847 3232.529 3148.474 3065.792 2984.582 2904.923 2826.854 2750.386 2675.497 2602.142 2530.251 2459.743 2390.523 2322.495 2255.560 2189.611 2124.547 2060.258 1996.629 1933.552 1870.943 1808.753 1746.990 1685.733 1625.056 1565.034 1505.747 1447.290 1389.769 1333.306 1278.041 1224.130 1171.756 1121.127 1072.487 1026.120 982.363 941.613 904.359 871.201 859.765 862.708 858.837 844.314 810.301 769.650 734.934 702.934 673.264 645.568 619.919 595.902 573.525 552.195 531.660 511.470 491.313 471.319 451.131 430.849 410.293 389.286 367.968 345.903 323.465 300.166 276.282 251.413 225.832 199.073 171.551 142.720 112.949 81.991 49.547 16.075 -18.769 -55.112 -92.586 -131.106 -170.584 -210.713 -250.999 -290.778 -329.264 -365.622 -399.033 -428.799 -454.436 -475.762 -492.980 -506.995 -520.910 -545.767 -9999.000 -9999.000
-9999.000 -9999.000 -9999.000 -9999.000 -9999.000 -9999.000 -9999.000 -9999.000 -9999.000 -9999.000 -9999.000 -9999.000 -9999.000 -9999.000 -9999.000 -9999.000 -9999.000 -9999.000 -9999.000 -9999.000 -9999.000 -9999.000 -9999.000 -9999.000 -9999.000 -9999.000 -9999.000 -9999.000 -9999.000 -9999.000 -9999.000 -9999.000 -9999.000 -9999.000 -9999.000 -9999.000 -9999.000 -9999.000 -9999.000 -9999.000 -9999.000 -9999.000 -9999.000 -9999.000 -9999.000 -9999.000 -9999.000 -9999.000 -9999.000 -9999.000 -9999.000 -9999.000 -9999.000 -9999.000 -9999.000 -9999.000 -9999.000 -9999.000 -9999.000 -9999.000 -9999.000 -9999.000 -9999.000 -9999.000 -9999.000 -9999.000 -9999.000 -9999.000 -9999.000 -9999.000 -9999.000 -9999.000 -9999.000 -9999.000 -9999.000 -9999.000 -9999.000 -9999.000 -9999.000 -9999.000 -9999.000 -9999.000 -9999.000 -9999.000 -9999.000 -9999.000 -9999.000 -9999.000 -9999.000 -9999.000 -9999.000 -9999.000 -9999.000 -9999.000 -9999.000 -9999.000 -9999.000 -9999.000 -9999.000 -9999.000 -9999.000 -9999.000 -9999.000 -9999.000
-9999.000 -9999.000 -9999.000 -9999.000 -9999.000 -9999.000 -9999.000 -9999.000 -9999.000 -9999.000 -9999.000 -9999.000 -9999.000 -9999.000 -9999.000 -9999.000 -9999.000 -9999.000 -9999.000 -9999.000 -9999.000 -9999.000 -9999.000 -9999.000 -9999.000 -9999.000 -9999.000 -9999.000 -9999.000 -9999.000 -9999.000 -9999.000 -9999.000 -9999.000 -9999.000 -9999.000 -9999.000 -9999.000 -9999.000 -9999.000 -9999.000 -9999.000 -9999.000 -9999.000 -9999.000 -9999.000 -9999.000 -9999.000 -9999.000 -9999.000 -9999.000 -9999.000 -9999.000 -9999.000 -9999.000 -9999.000 -9999.000 -9999.000 -9999.000 -9999.000 -9999.000 -9999.000 -9999.000 -9999.000 -9999.000 -9999.000 -9999.000 -9999.000 -9999.000 -9999.000 -9999.000 -9999.000 -9999.000 -9999.000 -9999.000 -9999.000 -9999.000 -9999.000 -9999.000 -9999.000 -9999.000 -9999.000 -9999.000 -9999.000 -9999.000 -9999.000 -9999.000 -9999.000 -9999.000 -9999.000 -9999.000 -9999.000 -9999.000 -9999.000 -9999.000 -9999.000 -9999.000 -9999.000 -9999.000 -9999.000 -9999.000 -9999.000 -9999.000 -9999.000