examples/3D/hillslope02_superslab/output-maps-METEOIO-OFF/psiliqL0051N0002.asc
ncols         104
nrows         10
xllcorner     -2.000000
yllcorner     0.000000
cellsize      1.000000
NODATA_value  -9999.0
-9999.000 -9999.000 -9999.000 -9999.000 -9999.000 -9999.000 -9999.000 -9999.000 -9999.000 -9999.000 -9999.000 -9999.000 -9999.000 -9999.000 -9999.000 -9999.000 -9999.000 -9999.000 -9999.000 -9999.000 -9999.000 -9999.000 -9999.000 -9999.000 -9999.000 -9999.000 -9999.000 -9999.000 -9999.000 -9999.000 -9999.000 -9999.000 -9999.000 -9999.000 -9999.000 -9999.000 -9999.000 -9999.000 -9999.000 -9999.000 -9999.000 -9999.000 -9999.000 -9999.000 -9999.000 -9999.000 -9999.000 -9999.000 -9999.000 -9999.000 -9999.000 -9999.000 -9999.000 -9999.000 -9999.000 -9999.000 -9999.000 -9999.000 -9999.000 -9999.000 -9999.000 -9999.000 -9999.000 -9999.000 -9999.000 -9999.000 -9999.000 -9999.000 -9999.000 -9999.000 -9999.000 -9999.000 -9999.000 -9999.000 -9999.000 -9999.000 -9999.000 -9999.000 -9999.000 -9999.000 -9999.000 -9999.000 -9999.000 -9999.000 -9999.000 -9999.000 -9999.000 -9999.000 -9999.000 -9999.000 -9999.000 -9999.000 -9999.000 -9999.000 -9999.000 -9999.000 -9999.000 -9999.000 -9999.000 -9999.000 -9999.000 -9999.000 -9999.000 -9999.000
-9999.000 -9999.000 -9999.000 -9999.000 -9999.000 -9999.000 -9999.000 -9999.000 -9999.000 -9999.000 -9999.000 -9999.000 -9999.000 -9999.000 -9999.000 -9999.000 -9999.000 -9999.000 -9999.000 -9999.000 -9999.000 -9999.000 -9999.000 -9999.000 -9999.000 -9999.000 -9999.000 -9999.000 -9999.000 -9999.000 -9999.000 -9999.000 -9999.000 -9999.000 -9999.000 -9999.000 -9999.000 -9999.000 -9999.000 -9999.000 -9999.000 -9999.000 -9999.000 -9999.000 -9999.000 -9999.000 -9999.000 -9999.000 -9999.000 -9999.000 -9999.000 -9999.000 -9999.000 -9999.000 -9999.000 -9999.000 -9999.000 -9999.000 -9999.000 -9999.000 -9999.000 -9999.000 -9999.000 -9999.000 -9999.000 -9999.000 -9999.000 -9999.000 -9999.000 -9999.000 -9999.000 -9999.000 -9999.000 -9999.000 -9999.000 -9999.000 -9999.000 -9999.000 -9999.000 -9999.000 -9999.000 -9999.000 -9999.000 -9999.000 -9999.000 -9999.000 -9999.000 -9999.000 -9999.000 -9999.000 -9999.000 -9999.000 -9999.000 -9999.000 -9999.000 -9999.000 -9999.000 -9999.000 -9999.000 -9999.000 -9999.000 -9999.000 -9999.000 -9999.000
-9999.000 -9999.000 1019.536 918.415 816.410 713.162 608.509 502.496 395.182 286.630 176.943 67.224 -38.801 -141.214 -237.663 -311.614 -351.389 -367.080 -370.213 -368.333 -365.047 -361.592 -358.259 -355.090 -352.085 -349.231 -346.514 -343.922 -341.470 -339.221 -337.318 -335.873 -334.939 -334.520 -334.603 -156.614 169.711 480.865 769.947 1029.680 864.427 685.802 496.731 306.695 117.317 -70.050 -247.484 -441.106 -678.183 -1064.920 -1964.993 -2444.031 -2450.464 -2450.495 -2450.495 -2450.495 -2450.495 -2450.425 -2437.495 -1806.505 -841.593 -520.835 -373.133 -356.382 -355.658 -355.660 -355.653 -355.642 -355.631 -355.620 -355.611 -355.604 -355.597 -355.593 -355.590 -355.588 -355.587 -355.588 -355.589 -355.590 -355.592 -355.593 -355.595 -355.596 -355.597 -355.597 -355.597 -355.596 -355.595 -355.593 -355.591 -355.588 -355.585 -355.582 -355.579 -355.575 -355.574 -355.586 -355.700 -356.449 -360.554 -379.835 -9999.000 -9999.000
-9999.000 -9999.000 1019.563 918.428 816.414 713.164 608.510 502.496 395.182 286.630 176.943 67.224 -38.801 -141.214 -237.663 -311.614 -351.389 -367.080 -370.213 -368.333 -365.047 -361.592 -358.259 -355.090 -352.085 -349.231 -346.514 -343.922 -341.470 -339.221 -337.318 -335.873 -334.939 -334.520 -334.603 -156.614 169.711 480.865 769.947 1029.680 864.427 685.802 496.731 306.695 117.317 -70.050 -247.484 -441.106 -678.183 -1064.920 -1964.993 -2444.031 -2450.464 -2450.495 -2450.495 -2450.495 -2450.495 -2450.425 -2437.495 -1806.505 -841.593 -520.835 -373.133 -356.382 -355.658 -355.660 -355.653 -355.642 -355.631 -355.620 -355.611 -355.604 -355.597 -355.593 -355.590 -355.588 -355.587 -355.588 -355.589 -355.590 -355.592 -355.594 -355.595 -355.596 -355.597 -355.597 -355.597 -355.596 -355.595 -355.593 -355.591 -355.588 -355.585 -355.582 -355.579 -355.575 -355.574 -355.586 -355.700 -356.449 -360.554 -379.835 -9999.000 -9999.000
-9999.000 -9999.000 1019.580 918.438 816.418 713.166 608.510 502.496 395.182 286.630 176.943 67.224 -38.801 -141.214 -237.663 -311.614 -351.389 -367.080 -370.213 -368.333 -365.047 -361.592 -358.259 -355.090 -352.085 -349.231 -346.514 -343.922 -341.470 -339.221 -337.318 -335.873 -334.939 -334.520 -334.603 -156.614 169.711 480.865 769.947 1029.680 864.427 685.802 496.731 306.695 117.317 -70.050 -247.484 -441.106 -678.183 -1064.920 -1964.993 -2444.031 -2450.464 -2450.495 -2450.495 -2450.495 -2450.495 -2450.425 -2437.495 -1806.505 -841.593 -520.835 -373.133 -356.382 -355.658 -355.660 -355.653 -355.642 -355.631 -355.620 -355.611 -355.604 -355.597 -355.593 -355.590 -355.588 -355.587 -355.588 -355.589 -355.590 -355.592 -355.594 -355.595 -355.596 -355.597 -355.597 -355.597 -355.596 -355.595 -355.593 -355.591 -355.588 -355.585 -355.582 -355.579 -355.575 -355.574 -355.586 -355.700 -356.449 -360.554 -379.835 -9999.000 -9999.000
-9999.000 -9999.000 1019.580 918.438 816.418 713.166 608.510 502.496 395.182 286.630 176.943 67.224 -38.801 -141.214 -237.663 -311.614 -351.389 -367.080 -370.213 -368.333 -365.047 -361.592 -358.259 -355.090 -352.085 -349.231 -346.514 -343.922 -341.470 -339.221 -337.318 -335.873 -334.939 -334.520 -334.603 -156.614 169.711 480.865 769.947 1029.680 864.427 685.802 496.731 306.695 117.317 -70.050 -247.484 -441.106 -678.183 -1064.920 -1964.993 -2444.031 -2450.464 -2450.495 -2450.495 -2450.495 -2450.495 -2450.425 -2437.495 -1806.505 -841.593 -520.835 -373.133 -356.382 -355.658 -355.660 -355.653 -355.642 -355.631 -355.620 -355.611 -355.604 -355.597 -355.593 -355.590 -355.588 -355.587 -355.588 -355.589 -355.590 -355.592 -355.594 -355.595 -355.596 -355.597 -355.597 -355.597 -355.596 -355.595 -355.593 -355.591 -355.588 -355.585 -355.582 -355.579 -355.575 -355.574 -355.586 -355.700 -356.449 -360.554 -379.835 -9999.000 -9999.000
-9999.000 -9999.000 1019.563 918.428 816.414 713.164 608.510 502.496 395.182 286.630 176.943 67.224 -38.801 -141.214 -237.663 -311.614 -351.389 -367.080 -370.213 -368.333 -365.047 -361.592 -358.259 -355.090 -352.085 -349.231 -346.514 -343.922 -341.470 -339.221 -337.318 -335.873 -334.939 -334.520 -334.603 -156.614 169.711 480.865 769.947 1029.680 864.427 685.802 496.731 306.695 117.317 -70.050 -247.484 -441.106 -678.183 -1064.920 -1964.993 -2444.031 -2450.464 -2450.495 -2450.495 -2450.495 -2450.495 -2450.425 -2437.495 -1806.505 -841.593 -520.835 -373.133 -356.382 -355.658 -355.660 -355.653 -355.642 -355.631 -355.620 -355.611 -355.604 -355.597 -355.593 -355.590 -355.588 -355.587 -355.588 -355.589 -355.590 -355.592 -355.594 -355.595 -355.596 -355.597 -355.597 -355.597 -355.596 -355.595 -355.593 -355.591 -355.588 -355.585 -355.582 -355.579 -355.575 -355.574 -355.586 -355.700 -356.449 -360.554 -379.835 -9999.000 -9999.000
-9999.000 -9999.000 1019.536 918.415 816.410 713.162 608.509 502.496 395.182 286.630 176.943 67.224 -38.801 -141.214 -237.663 -311.614 -351.389 -367.080 -370.213 -368.333 -365.047 -361.592 -358.259 -355.090 -352.085 -349.231 -346.514 -343.922 -341.470 -339.221 -337.318 -335.873 -334.939 -334.520 -334.603 -156.614 169.711 480.865 769.947 1029.680 864.427 685.802 496.731 306.695 117.317 -70.050 -247.484 -441.106 -678.183 -1064.920 -1964.993 -2444.031 -2450.464 -2450.495 -2450.495 -2450.495 -2450.495 -2450.425 -2437.495 -1806.505 -841.593 -520.835 -373.133 -356.382 -355.658 -355.660 -355.653 -355.642 -355.631 -355.620 -355.611 -355.604 -355.597 -355.593 -355.590 -355.588 -355.587 -355.588 -355.589 -355.590 -355.592 -355.593 -355.595 -355.596 -355.597 -355.597 -355.597 -355.596 -355.595 -355.593 -355.591 -355.588 -355.585 -355.582 -355.579 -355.575 -355.574 -355.586 -355.700 -356.449 -360.554 -379.835 -9999.000 -9999.000
-9999.000 -9999.000 -9999.000 -9999.000 -9999.000 -9999.000 -9999.000 -9999.000 -9999.000 -9999.000 -9999.000 -9999.000 -9999.000 -9999.000 -9999.000 -9999.000 -9999.000 -9999.000 -9999.000 -9999.000 -9999.000 -9999.000 -9999.000 -9999.000 -9999.000 -9999.000 -9999.000 -9999.000 -9999.000 -9999.000 -9999.000 -9999.000 -9999.000 -9999.000 -9999.000 -9999.000 -9999.000 -9999.000 -9999.000 -9999.000 -9999.000 -9999.000 -9999.000 -9999.000 -9999.000 -9999.000 -9999.000 -9999.000 -9999.000 -9999.000 -9999.000 -9999.000 -9999.000 -9999.000 -9999.000 -9999.000 -9999.000 -9999.000 -9999.000 -9999.000 -9999.000 -9999.000 -9999.000 -9999.000 -9999.000 -9999.000 -9999.000 -9999.000 -9999.000 -9999.000 -9999.000 -9999.000 -9999.000 -9999.000 -9999.000 -9999.000 -9999.000 -9999.000 -9999.000 -9999.000 -9999.000 -9999.000 -9999.000 -9999.000 -9999.000 -9999.000 -9999.000 -9999.000 -9999.000 -9999.000 -9999.000 -9999.000 -9999.000 -9999.000 -9999.000 -9999.000 -9999.000 -9999.000 -9999.000 -9999.000 -9999.000 -9999.000 -9999.000 -9999.000
-9999.000 -9999.000 -9999.000 -9999.000 -9999.000 -9999.000 -9999.000 -9999.000 -9999.000 -9999.000 -9999.000 -9999.000 -9999.000 -9999.000 -9999.000 -9999.000 -9999.000 -9999.000 -9999.000 -9999.000 -9999.000 -9999.000 -9999.000 -9999.000 -9999.000 -9999.000 -9999.000 -9999.000 -9999.000 -9999.000 -9999.000 -9999.000 -9999.000 -9999.000 -9999.000 -9999.000 -9999.000 -9999.000 -9999.000 -9999.000 -9999.000 -9999.000 -9999.000 -9999.000 -9999.000 -9999.000 -9999.000 -9999.000 -9999.000 -9999.000 -9999.000 -9999.000 -9999.000 -9999.000 -9999.000 -9999.000 -9999.000 -9999.000 -9999.000 -9999.000 -9999.000 -9999.000 -9999.000 -9999.000 -9999.000 -9999.000 -9999.000 -9999.000 -9999.000 -9999.000 -9999.000 -9999.000 -9999.000 -9999.000 -9999.000 -9999.000 -9999.000 -9999.000 -9999.000 -9999.000 -9999.000 -9999.000 -9999.000 -9999.000 -9999.000 -9999.000 -9999.000 -9999.000 -9999.000 -9999.000 -9999.000 -9999.000 -9999.000 -9999.000 -9999.000 -9999.000 -9999.000 -9999.000 -9999.000 -9999.000 -9999.000 -9999.000 -9999.000 -9999.000