examples/3D/hillslope02_superslab/output-maps-METEOIO-OFF/psiliqL0019N0002.asc
ncols         104
nrows         10
xllcorner     -2.000000
yllcorner     0.000000
cellsize      1.000000
NODATA_value  -9999.0
-9999.000 -9999.000 -9999.000 -9999.000 -9999.000 -9999.000 -9999.000 -9999.000 -9999.000 -9999.000 -9999.000 -9999.000 -9999.000 -9999.000 -9999.000 -9999.000 -9999.000 -9999.000 -9999.000 -9999.000 -9999.000 -9999.000 -9999.000 -9999.000 -9999.000 -9999.000 -9999.000 -9999.000 -9999.000 -9999.000 -9999.000 -9999.000 -9999.000 -9999.000 -9999.000 -9999.000 -9999.000 -9999.000 -9999.000 -9999.000 -9999.000 -9999.000 -9999.000 -9999.000 -9999.000 -9999.000 -9999.000 -9999.000 -9999.000 -9999.000 -9999.000 -9999.000 -9999.000 -9999.000 -9999.000 -9999.000 -9999.000 -9999.000 -9999.000 -9999.000 -9999.000 -9999.000 -9999.000 -9999.000 -9999.000 -9999.000 -9999.000 -9999.000 -9999.000 -9999.000 -9999.000 -9999.000 -9999.000 -9999.000 -9999.000 -9999.000 -9999.000 -9999.000 -9999.000 -9999.000 -9999.000 -9999.000 -9999.000 -9999.000 -9999.000 -9999.000 -9999.000 -9999.000 -9999.000 -9999.000 -9999.000 -9999.000 -9999.000 -9999.000 -9999.000 -9999.000 -9999.000 -9999.000 -9999.000 -9999.000 -9999.000 -9999.000 -9999.000 -9999.000
-9999.000 -9999.000 -9999.000 -9999.000 -9999.000 -9999.000 -9999.000 -9999.000 -9999.000 -9999.000 -9999.000 -9999.000 -9999.000 -9999.000 -9999.000 -9999.000 -9999.000 -9999.000 -9999.000 -9999.000 -9999.000 -9999.000 -9999.000 -9999.000 -9999.000 -9999.000 -9999.000 -9999.000 -9999.000 -9999.000 -9999.000 -9999.000 -9999.000 -9999.000 -9999.000 -9999.000 -9999.000 -9999.000 -9999.000 -9999.000 -9999.000 -9999.000 -9999.000 -9999.000 -9999.000 -9999.000 -9999.000 -9999.000 -9999.000 -9999.000 -9999.000 -9999.000 -9999.000 -9999.000 -9999.000 -9999.000 -9999.000 -9999.000 -9999.000 -9999.000 -9999.000 -9999.000 -9999.000 -9999.000 -9999.000 -9999.000 -9999.000 -9999.000 -9999.000 -9999.000 -9999.000 -9999.000 -9999.000 -9999.000 -9999.000 -9999.000 -9999.000 -9999.000 -9999.000 -9999.000 -9999.000 -9999.000 -9999.000 -9999.000 -9999.000 -9999.000 -9999.000 -9999.000 -9999.000 -9999.000 -9999.000 -9999.000 -9999.000 -9999.000 -9999.000 -9999.000 -9999.000 -9999.000 -9999.000 -9999.000 -9999.000 -9999.000 -9999.000 -9999.000
-9999.000 -9999.000 -283.320 -288.120 -285.214 -285.636 -287.992 -291.303 -295.290 -300.986 -316.478 -363.165 -388.938 -407.748 -415.740 -408.367 -400.746 -392.571 -383.773 -257.881 -27.191 224.359 499.892 797.601 753.703 707.225 659.025 609.594 559.048 506.576 449.131 383.157 306.916 220.032 122.606 14.962 -97.412 -191.744 -244.252 -264.596 -272.372 -283.444 -2629.353 -4034.096 -4034.653 -4034.653 -4034.653 -4034.653 -4034.653 -4034.653 -4034.653 -4034.653 -4034.653 -4034.653 -4034.653 -4034.653 -4034.653 -4034.653 -4034.653 -4034.653 -4034.049 -2632.754 -348.285 -355.262 -355.683 -355.700 -355.697 -355.692 -355.688 -355.684 -355.680 -355.676 -355.672 -355.668 -355.664 -355.659 -355.655 -355.651 -355.647 -355.643 -355.639 -355.635 -355.631 -355.627 -355.622 -355.618 -355.614 -355.610 -355.606 -355.602 -355.598 -355.594 -355.589 -355.585 -355.581 -355.577 -355.573 -355.570 -355.574 -355.665 -356.641 -365.560 -9999.000 -9999.000
-9999.000 -9999.000 -282.550 -288.058 -285.211 -285.636 -287.992 -291.303 -295.290 -300.986 -316.478 -363.165 -388.938 -407.748 -415.740 -408.367 -400.746 -392.571 -383.773 -257.881 -27.191 224.359 499.892 797.601 753.703 707.225 659.025 609.594 559.048 506.576 449.131 383.157 306.916 220.032 122.606 14.962 -97.412 -191.744 -244.252 -264.596 -272.372 -283.444 -2629.353 -4034.096 -4034.653 -4034.653 -4034.653 -4034.653 -4034.653 -4034.653 -4034.653 -4034.653 -4034.653 -4034.653 -4034.653 -4034.653 -4034.653 -4034.653 -4034.653 -4034.653 -4034.049 -2632.754 -348.285 -355.262 -355.683 -355.700 -355.697 -355.692 -355.688 -355.684 -355.680 -355.676 -355.672 -355.668 -355.664 -355.659 -355.655 -355.651 -355.647 -355.643 -355.639 -355.635 -355.631 -355.627 -355.622 -355.618 -355.614 -355.610 -355.606 -355.602 -355.598 -355.594 -355.589 -355.585 -355.581 -355.577 -355.573 -355.570 -355.574 -355.665 -356.641 -365.560 -9999.000 -9999.000
-9999.000 -9999.000 -282.445 -288.048 -285.210 -285.636 -287.992 -291.303 -295.290 -300.986 -316.478 -363.165 -388.938 -407.748 -415.740 -408.367 -400.746 -392.571 -383.773 -257.881 -27.191 224.359 499.892 797.601 753.703 707.225 659.025 609.594 559.048 506.576 449.131 383.157 306.916 220.032 122.606 14.962 -97.412 -191.744 -244.252 -264.596 -272.372 -283.444 -2629.353 -4034.096 -4034.653 -4034.653 -4034.653 -4034.653 -4034.653 -4034.653 -4034.653 -4034.653 -4034.653 -4034.653 -4034.653 -4034.653 -4034.653 -4034.653 -4034.653 -4034.653 -4034.049 -2632.754 -348.285 -355.262 -355.683 -355.700 -355.697 -355.692 -355.688 -355.684 -355.680 -355.676 -355.672 -355.668 -355.664 -355.659 -355.655 -355.651 -355.647 -355.643 -355.639 -355.635 -355.631 -355.627 -355.622 -355.618 -355.614 -355.610 -355.606 -355.602 -355.598 -355.594 -355.589 -355.585 -355.581 -355.577 -355.573 -355.570 -355.574 -355.665 -356.641 -365.560 -9999.000 -9999.000
-9999.000 -9999.000 -282.445 -288.048 -285.210 -285.636 -287.992 -291.303 -295.290 -300.986 -316.478 -363.165 -388.938 -407.748 -415.740 -408.367 -400.746 -392.571 -383.773 -257.881 -27.191 224.359 499.892 797.601 753.703 707.225 659.025 609.594 559.048 506.576 449.131 383.157 306.916 220.032 122.606 14.962 -97.412 -191.744 -244.252 -264.596 -272.372 -283.444 -2629.353 -4034.096 -4034.653 -4034.653 -4034.653 -4034.653 -4034.653 -4034.653 -4034.653 -4034.653 -4034.653 -4034.653 -4034.653 -4034.653 -4034.653 -4034.653 -4034.653 -4034.653 -4034.049 -2632.754 -348.285 -355.262 -355.683 -355.700 -355.697 -355.692 -355.688 -355.684 -355.680 -355.676 -355.672 -355.668 -355.664 -355.659 -355.655 -355.651 -355.647 -355.643 -355.639 -355.635 -355.631 -355.627 -355.622 -355.618 -355.614 -355.610 -355.606 -355.602 -355.598 -355.594 -355.589 -355.585 -355.581 -355.577 -355.573 -355.570 -355.574 -355.665 -356.641 -365.560 -9999.000 -9999.000
-9999.000 -9999.000 -282.550 -288.058 -285.211 -285.636 -287.992 -291.303 -295.290 -300.986 -316.478 -363.165 -388.938 -407.748 -415.740 -408.367 -400.746 -392.571 -383.773 -257.881 -27.191 224.359 499.892 797.601 753.703 707.225 659.025 609.594 559.048 506.576 449.131 383.157 306.916 220.032 122.606 14.962 -97.412 -191.744 -244.252 -264.596 -272.372 -283.444 -2629.353 -4034.096 -4034.653 -4034.653 -4034.653 -4034.653 -4034.653 -4034.653 -4034.653 -4034.653 -4034.653 -4034.653 -4034.653 -4034.653 -4034.653 -4034.653 -4034.653 -4034.653 -4034.049 -2632.754 -348.285 -355.262 -355.683 -355.700 -355.697 -355.692 -355.688 -355.684 -355.680 -355.676 -355.672 -355.668 -355.664 -355.659 -355.655 -355.651 -355.647 -355.643 -355.639 -355.635 -355.631 -355.627 -355.622 -355.618 -355.614 -355.610 -355.606 -355.602 -355.598 -355.594 -355.589 -355.585 -355.581 -355.577 -355.573 -355.570 -355.574 -355.665 -356.641 -365.560 -9999.000 -9999.000
-9999.000 -9999.000 -283.320 -288.120 -285.214 -285.636 -287.992 -291.303 -295.290 -300.986 -316.478 -363.165 -388.938 -407.748 -415.740 -408.367 -400.746 -392.571 -383.773 -257.881 -27.191 224.359 499.892 797.601 753.703 707.225 659.025 609.594 559.048 506.576 449.131 383.157 306.916 220.032 122.606 14.962 -97.412 -191.744 -244.252 -264.596 -272.372 -283.444 -2629.353 -4034.096 -4034.653 -4034.653 -4034.653 -4034.653 -4034.653 -4034.653 -4034.653 -4034.653 -4034.653 -4034.653 -4034.653 -4034.653 -4034.653 -4034.653 -4034.653 -4034.653 -4034.049 -2632.754 -348.285 -355.262 -355.683 -355.700 -355.697 -355.692 -355.688 -355.684 -355.680 -355.676 -355.672 -355.668 -355.664 -355.659 -355.655 -355.651 -355.647 -355.643 -355.639 -355.635 -355.631 -355.627 -355.622 -355.618 -355.614 -355.610 -355.606 -355.602 -355.598 -355.594 -355.589 -355.585 -355.581 -355.577 -355.573 -355.570 -355.574 -355.665 -356.641 -365.560 -9999.000 -9999.000
-9999.000 -9999.000 -9999.000 -9999.000 -9999.000 -9999.000 -9999.000 -9999.000 -9999.000 -9999.000 -9999.000 -9999.000 -9999.000 -9999.000 -9999.000 -9999.000 -9999.000 -9999.000 -9999.000 -9999.000 -9999.000 -9999.000 -9999.000 -9999.000 -9999.000 -9999.000 -9999.000 -9999.000 -9999.000 -9999.000 -9999.000 -9999.000 -9999.000 -9999.000 -9999.000 -9999.000 -9999.000 -9999.000 -9999.000 -9999.000 -9999.000 -9999.000 -9999.000 -9999.000 -9999.000 -9999.000 -9999.000 -9999.000 -9999.000 -9999.000 -9999.000 -9999.000 -9999.000 -9999.000 -9999.000 -9999.000 -9999.000 -9999.000 -9999.000 -9999.000 -9999.000 -9999.000 -9999.000 -9999.000 -9999.000 -9999.000 -9999.000 -9999.000 -9999.000 -9999.000 -9999.000 -9999.000 -9999.000 -9999.000 -9999.000 -9999.000 -9999.000 -9999.000 -9999.000 -9999.000 -9999.000 -9999.000 -9999.000 -9999.000 -9999.000 -9999.000 -9999.000 -9999.000 -9999.000 -9999.000 -9999.000 -9999.000 -9999.000 -9999.000 -9999.000 -9999.000 -9999.000 -9999.000 -9999.000 -9999.000 -9999.000 -9999.000 -9999.000 -9999.000
-9999.000 -9999.000 -9999.000 -9999.000 -9999.000 -9999.000 -9999.000 -9999.000 -9999.000 -9999.000 -9999.000 -9999.000 -9999.000 -9999.000 -9999.000 -9999.000 -9999.000 -9999.000 -9999.000 -9999.000 -9999.000 -9999.000 -9999.000 -9999.000 -9999.000 -9999.000 -9999.000 -9999.000 -9999.000 -9999.000 -9999.000 -9999.000 -9999.000 -9999.000 -9999.000 -9999.000 -9999.000 -9999.000 -9999.000 -9999.000 -9999.000 -9999.000 -9999.000 -9999.000 -9999.000 -9999.000 -9999.000 -9999.000 -9999.000 -9999.000 -9999.000 -9999.000 -9999.000 -9999.000 -9999.000 -9999.000 -9999.000 -9999.000 -9999.000 -9999.000 -9999.000 -9999.000 -9999.000 -9999.000 -9999.000 -9999.000 -9999.000 -9999.000 -9999.000 -9999.000 -9999.000 -9999.000 -9999.000 -9999.000 -9999.000 -9999.000 -9999.000 -9999.000 -9999.000 -9999.000 -9999.000 -9999.000 -9999.000 -9999.000 -9999.000 -9999.000 -9999.000 -9999.000 -9999.000 -9999.000 -9999.000 -9999.000 -9999.000 -9999.000 -9999.000 -9999.000 -9999.000 -9999.000 -9999.000 -9999.000 -9999.000 -9999.000 -9999.000 -9999.000