examples/3D/hillslope02_superslab/output-maps-METEOIO-OFF/psiliqL0093N0001.asc
ncols         104
nrows         10
xllcorner     -2.000000
yllcorner     0.000000
cellsize      1.000000
NODATA_value  -9999.0
-9999.000 -9999.000 -9999.000 -9999.000 -9999.000 -9999.000 -9999.000 -9999.000 -9999.000 -9999.000 -9999.000 -9999.000 -9999.000 -9999.000 -9999.000 -9999.000 -9999.000 -9999.000 -9999.000 -9999.000 -9999.000 -9999.000 -9999.000 -9999.000 -9999.000 -9999.000 -9999.000 -9999.000 -9999.000 -9999.000 -9999.000 -9999.000 -9999.000 -9999.000 -9999.000 -9999.000 -9999.000 -9999.000 -9999.000 -9999.000 -9999.000 -9999.000 -9999.000 -9999.000 -9999.000 -9999.000 -9999.000 -9999.000 -9999.000 -9999.000 -9999.000 -9999.000 -9999.000 -9999.000 -9999.000 -9999.000 -9999.000 -9999.000 -9999.000 -9999.000 -9999.000 -9999.000 -9999.000 -9999.000 -9999.000 -9999.000 -9999.000 -9999.000 -9999.000 -9999.000 -9999.000 -9999.000 -9999.000 -9999.000 -9999.000 -9999.000 -9999.000 -9999.000 -9999.000 -9999.000 -9999.000 -9999.000 -9999.000 -9999.000 -9999.000 -9999.000 -9999.000 -9999.000 -9999.000 -9999.000 -9999.000 -9999.000 -9999.000 -9999.000 -9999.000 -9999.000 -9999.000 -9999.000 -9999.000 -9999.000 -9999.000 -9999.000 -9999.000 -9999.000
-9999.000 -9999.000 -9999.000 -9999.000 -9999.000 -9999.000 -9999.000 -9999.000 -9999.000 -9999.000 -9999.000 -9999.000 -9999.000 -9999.000 -9999.000 -9999.000 -9999.000 -9999.000 -9999.000 -9999.000 -9999.000 -9999.000 -9999.000 -9999.000 -9999.000 -9999.000 -9999.000 -9999.000 -9999.000 -9999.000 -9999.000 -9999.000 -9999.000 -9999.000 -9999.000 -9999.000 -9999.000 -9999.000 -9999.000 -9999.000 -9999.000 -9999.000 -9999.000 -9999.000 -9999.000 -9999.000 -9999.000 -9999.000 -9999.000 -9999.000 -9999.000 -9999.000 -9999.000 -9999.000 -9999.000 -9999.000 -9999.000 -9999.000 -9999.000 -9999.000 -9999.000 -9999.000 -9999.000 -9999.000 -9999.000 -9999.000 -9999.000 -9999.000 -9999.000 -9999.000 -9999.000 -9999.000 -9999.000 -9999.000 -9999.000 -9999.000 -9999.000 -9999.000 -9999.000 -9999.000 -9999.000 -9999.000 -9999.000 -9999.000 -9999.000 -9999.000 -9999.000 -9999.000 -9999.000 -9999.000 -9999.000 -9999.000 -9999.000 -9999.000 -9999.000 -9999.000 -9999.000 -9999.000 -9999.000 -9999.000 -9999.000 -9999.000 -9999.000 -9999.000
-9999.000 -9999.000 25.396 -70.530 -160.175 -239.478 -301.604 -340.940 -359.655 -367.025 -369.755 -370.742 -371.094 -371.219 -371.263 -371.279 -371.284 -371.286 -371.287 -371.287 -371.287 -371.287 -371.287 -371.287 -371.287 -371.287 -371.287 -371.287 -371.286 -371.285 -371.281 -371.268 -371.206 -370.792 -368.561 -362.608 -353.734 -345.462 -341.292 -344.281 -357.531 -369.207 -371.121 -371.267 -371.280 -371.281 -371.281 -371.280 -371.280 -371.281 -371.289 -371.328 -371.298 -371.292 -371.291 -371.291 -371.293 -371.296 -371.301 -371.308 -371.319 -371.333 -371.354 -371.384 -371.424 -371.480 -371.555 -371.654 -371.784 -371.953 -372.169 -372.441 -372.781 -373.200 -373.710 -374.324 -375.055 -375.919 -376.929 -378.099 -379.444 -380.981 -382.724 -384.690 -386.898 -389.368 -392.123 -395.190 -398.600 -402.392 -406.614 -411.328 -416.611 -422.570 -429.348 -437.145 -446.257 -457.140 -470.548 -487.855 -512.003 -551.376 -9999.000 -9999.000
-9999.000 -9999.000 25.396 -70.530 -160.175 -239.478 -301.604 -340.940 -359.655 -367.025 -369.755 -370.742 -371.094 -371.219 -371.263 -371.279 -371.284 -371.286 -371.287 -371.287 -371.287 -371.287 -371.287 -371.287 -371.287 -371.287 -371.287 -371.287 -371.286 -371.285 -371.281 -371.268 -371.206 -370.792 -368.561 -362.608 -353.734 -345.462 -341.292 -344.281 -357.531 -369.207 -371.121 -371.267 -371.280 -371.281 -371.281 -371.280 -371.280 -371.281 -371.289 -371.328 -371.298 -371.292 -371.291 -371.291 -371.293 -371.296 -371.301 -371.308 -371.319 -371.333 -371.354 -371.384 -371.424 -371.480 -371.555 -371.654 -371.784 -371.953 -372.169 -372.441 -372.781 -373.200 -373.710 -374.324 -375.055 -375.919 -376.929 -378.099 -379.444 -380.981 -382.724 -384.690 -386.898 -389.368 -392.123 -395.190 -398.600 -402.392 -406.614 -411.328 -416.611 -422.570 -429.348 -437.145 -446.257 -457.140 -470.548 -487.855 -512.003 -551.376 -9999.000 -9999.000
-9999.000 -9999.000 25.396 -70.530 -160.175 -239.478 -301.604 -340.940 -359.655 -367.025 -369.755 -370.742 -371.094 -371.219 -371.263 -371.279 -371.284 -371.286 -371.287 -371.287 -371.287 -371.287 -371.287 -371.287 -371.287 -371.287 -371.287 -371.287 -371.286 -371.285 -371.281 -371.268 -371.206 -370.792 -368.561 -362.608 -353.734 -345.462 -341.292 -344.281 -357.531 -369.207 -371.121 -371.267 -371.280 -371.281 -371.281 -371.280 -371.280 -371.281 -371.289 -371.328 -371.298 -371.292 -371.291 -371.291 -371.293 -371.296 -371.301 -371.308 -371.319 -371.333 -371.354 -371.384 -371.424 -371.480 -371.555 -371.654 -371.784 -371.953 -372.169 -372.441 -372.781 -373.200 -373.710 -374.324 -375.055 -375.919 -376.929 -378.099 -379.444 -380.981 -382.724 -384.690 -386.898 -389.368 -392.123 -395.190 -398.600 -402.392 -406.614 -411.328 -416.611 -422.570 -429.348 -437.145 -446.257 -457.140 -470.548 -487.855 -512.003 -551.376 -9999.000 -9999.000
-9999.000 -9999.000 25.396 -70.530 -160.175 -239.478 -301.604 -340.940 -359.655 -367.025 -369.755 -370.742 -371.094 -371.219 -371.263 -371.279 -371.284 -371.286 -371.287 -371.287 -371.287 -371.287 -371.287 -371.287 -371.287 -371.287 -371.287 -371.287 -371.286 -371.285 -371.281 -371.268 -371.206 -370.792 -368.561 -362.608 -353.734 -345.462 -341.292 -344.281 -357.531 -369.207 -371.121 -371.267 -371.280 -371.281 -371.281 -371.280 -371.280 -371.281 -371.289 -371.328 -371.298 -371.292 -371.291 -371.291 -371.293 -371.296 -371.301 -371.308 -371.319 -371.333 -371.354 -371.384 -371.424 -371.480 -371.555 -371.654 -371.784 -371.953 -372.169 -372.441 -372.781 -373.200 -373.710 -374.324 -375.055 -375.919 -376.929 -378.099 -379.444 -380.981 -382.724 -384.690 -386.898 -389.368 -392.123 -395.190 -398.600 -402.392 -406.614 -411.328 -416.611 -422.570 -429.348 -437.145 -446.257 -457.140 -470.548 -487.855 -512.003 -551.376 -9999.000 -9999.000
-9999.000 -9999.000 25.396 -70.530 -160.175 -239.478 -301.604 -340.940 -359.655 -367.025 -369.755 -370.742 -371.094 -371.219 -371.263 -371.279 -371.284 -371.286 -371.287 -371.287 -371.287 -371.287 -371.287 -371.287 -371.287 -371.287 -371.287 -371.287 -371.286 -371.285 -371.281 -371.268 -371.206 -370.792 -368.561 -362.608 -353.734 -345.462 -341.292 -344.281 -357.531 -369.207 -371.121 -371.267 -371.280 -371.281 -371.281 -371.280 -371.280 -371.281 -371.289 -371.328 -371.298 -371.292 -371.291 -371.291 -371.293 -371.296 -371.301 -371.308 -371.319 -371.333 -371.354 -371.384 -371.424 -371.480 -371.555 -371.654 -371.784 -371.953 -372.169 -372.441 -372.781 -373.200 -373.710 -374.324 -375.055 -375.919 -376.929 -378.099 -379.444 -380.981 -382.724 -384.690 -386.898 -389.368 -392.123 -395.190 -398.600 -402.392 -406.614 -411.328 -416.611 -422.570 -429.348 -437.145 -446.257 -457.140 -470.548 -487.855 -512.003 -551.376 -9999.000 -9999.000
-9999.000 -9999.000 25.396 -70.530 -160.175 -239.478 -301.604 -340.940 -359.655 -367.025 -369.755 -370.742 -371.094 -371.219 -371.263 -371.279 -371.284 -371.286 -371.287 -371.287 -371.287 -371.287 -371.287 -371.287 -371.287 -371.287 -371.287 -371.287 -371.286 -371.285 -371.281 -371.268 -371.206 -370.792 -368.561 -362.608 -353.734 -345.462 -341.292 -344.281 -357.531 -369.207 -371.121 -371.267 -371.280 -371.281 -371.281 -371.280 -371.280 -371.281 -371.289 -371.328 -371.298 -371.292 -371.291 -371.291 -371.293 -371.296 -371.301 -371.308 -371.319 -371.333 -371.354 -371.384 -371.424 -371.480 -371.555 -371.654 -371.784 -371.953 -372.169 -372.441 -372.781 -373.200 -373.710 -374.324 -375.055 -375.919 -376.929 -378.099 -379.444 -380.981 -382.724 -384.690 -386.898 -389.368 -392.123 -395.190 -398.600 -402.392 -406.614 -411.328 -416.611 -422.570 -429.348 -437.145 -446.257 -457.140 -470.548 -487.855 -512.003 -551.376 -9999.000 -9999.000
-9999.000 -9999.000 -9999.000 -9999.000 -9999.000 -9999.000 -9999.000 -9999.000 -9999.000 -9999.000 -9999.000 -9999.000 -9999.000 -9999.000 -9999.000 -9999.000 -9999.000 -9999.000 -9999.000 -9999.000 -9999.000 -9999.000 -9999.000 -9999.000 -9999.000 -9999.000 -9999.000 -9999.000 -9999.000 -9999.000 -9999.000 -9999.000 -9999.000 -9999.000 -9999.000 -9999.000 -9999.000 -9999.000 -9999.000 -9999.000 -9999.000 -9999.000 -9999.000 -9999.000 -9999.000 -9999.000 -9999.000 -9999.000 -9999.000 -9999.000 -9999.000 -9999.000 -9999.000 -9999.000 -9999.000 -9999.000 -9999.000 -9999.000 -9999.000 -9999.000 -9999.000 -9999.000 -9999.000 -9999.000 -9999.000 -9999.000 -9999.000 -9999.000 -9999.000 -9999.000 -9999.000 -9999.000 -9999.000 -9999.000 -9999.000 -9999.000 -9999.000 -9999.000 -9999.000 -9999.000 -9999.000 -9999.000 -9999.000 -9999.000 -9999.000 -9999.000 -9999.000 -9999.000 -9999.000 -9999.000 -9999.000 -9999.000 -9999.000 -9999.000 -9999.000 -9999.000 -9999.000 -9999.000 -9999.000 -9999.000 -9999.000 -9999.000 -9999.000 -9999.000
-9999.000 -9999.000 -9999.000 -9999.000 -9999.000 -9999.000 -9999.000 -9999.000 -9999.000 -9999.000 -9999.000 -9999.000 -9999.000 -9999.000 -9999.000 -9999.000 -9999.000 -9999.000 -9999.000 -9999.000 -9999.000 -9999.000 -9999.000 -9999.000 -9999.000 -9999.000 -9999.000 -9999.000 -9999.000 -9999.000 -9999.000 -9999.000 -9999.000 -9999.000 -9999.000 -9999.000 -9999.000 -9999.000 -9999.000 -9999.000 -9999.000 -9999.000 -9999.000 -9999.000 -9999.000 -9999.000 -9999.000 -9999.000 -9999.000 -9999.000 -9999.000 -9999.000 -9999.000 -9999.000 -9999.000 -9999.000 -9999.000 -9999.000 -9999.000 -9999.000 -9999.000 -9999.000 -9999.000 -9999.000 -9999.000 -9999.000 -9999.000 -9999.000 -9999.000 -9999.000 -9999.000 -9999.000 -9999.000 -9999.000 -9999.000 -9999.000 -9999.000 -9999.000 -9999.000 -9999.000 -9999.000 -9999.000 -9999.000 -9999.000 -9999.000 -9999.000 -9999.000 -9999.000 -9999.000 -9999.000 -9999.000 -9999.000 -9999.000 -9999.000 -9999.000 -9999.000 -9999.000 -9999.000 -9999.000 -9999.000 -9999.000 -9999.000 -9999.000 -9999.000