examples/3D/hillslope02_superslab/output-maps-METEOIO-OFF/psiliqL0068N0003.asc
ncols         104
nrows         10
xllcorner     -2.000000
yllcorner     0.000000
cellsize      1.000000
NODATA_value  -9999.0
-9999.000 -9999.000 -9999.000 -9999.000 -9999.000 -9999.000 -9999.000 -9999.000 -9999.000 -9999.000 -9999.000 -9999.000 -9999.000 -9999.000 -9999.000 -9999.000 -9999.000 -9999.000 -9999.000 -9999.000 -9999.000 -9999.000 -9999.000 -9999.000 -9999.000 -9999.000 -9999.000 -9999.000 -9999.000 -9999.000 -9999.000 -9999.000 -9999.000 -9999.000 -9999.000 -9999.000 -9999.000 -9999.000 -9999.000 -9999.000 -9999.000 -9999.000 -9999.000 -9999.000 -9999.000 -9999.000 -9999.000 -9999.000 -9999.000 -9999.000 -9999.000 -9999.000 -9999.000 -9999.000 -9999.000 -9999.000 -9999.000 -9999.000 -9999.000 -9999.000 -9999.000 -9999.000 -9999.000 -9999.000 -9999.000 -9999.000 -9999.000 -9999.000 -9999.000 -9999.000 -9999.000 -9999.000 -9999.000 -9999.000 -9999.000 -9999.000 -9999.000 -9999.000 -9999.000 -9999.000 -9999.000 -9999.000 -9999.000 -9999.000 -9999.000 -9999.000 -9999.000 -9999.000 -9999.000 -9999.000 -9999.000 -9999.000 -9999.000 -9999.000 -9999.000 -9999.000 -9999.000 -9999.000 -9999.000 -9999.000 -9999.000 -9999.000 -9999.000 -9999.000
-9999.000 -9999.000 -9999.000 -9999.000 -9999.000 -9999.000 -9999.000 -9999.000 -9999.000 -9999.000 -9999.000 -9999.000 -9999.000 -9999.000 -9999.000 -9999.000 -9999.000 -9999.000 -9999.000 -9999.000 -9999.000 -9999.000 -9999.000 -9999.000 -9999.000 -9999.000 -9999.000 -9999.000 -9999.000 -9999.000 -9999.000 -9999.000 -9999.000 -9999.000 -9999.000 -9999.000 -9999.000 -9999.000 -9999.000 -9999.000 -9999.000 -9999.000 -9999.000 -9999.000 -9999.000 -9999.000 -9999.000 -9999.000 -9999.000 -9999.000 -9999.000 -9999.000 -9999.000 -9999.000 -9999.000 -9999.000 -9999.000 -9999.000 -9999.000 -9999.000 -9999.000 -9999.000 -9999.000 -9999.000 -9999.000 -9999.000 -9999.000 -9999.000 -9999.000 -9999.000 -9999.000 -9999.000 -9999.000 -9999.000 -9999.000 -9999.000 -9999.000 -9999.000 -9999.000 -9999.000 -9999.000 -9999.000 -9999.000 -9999.000 -9999.000 -9999.000 -9999.000 -9999.000 -9999.000 -9999.000 -9999.000 -9999.000 -9999.000 -9999.000 -9999.000 -9999.000 -9999.000 -9999.000 -9999.000 -9999.000 -9999.000 -9999.000 -9999.000 -9999.000
-9999.000 -9999.000 3412.252 3316.732 3224.473 3134.326 3045.616 2958.049 2871.556 2786.194 2702.078 2619.338 2538.083 2458.397 2380.323 2303.867 2229.006 2155.692 2083.851 2013.400 1944.239 1876.275 1809.404 1743.519 1678.522 1614.303 1550.738 1487.709 1425.129 1362.933 1301.129 1239.828 1179.105 1119.031 1059.685 1001.161 943.564 887.014 831.650 777.626 725.121 674.339 625.520 579.079 581.866 582.098 579.609 573.365 544.927 498.719 453.383 408.550 363.856 323.424 288.207 256.071 226.497 198.799 173.345 149.391 127.313 106.166 85.878 65.861 45.696 25.862 5.664 -14.522 -34.954 -55.904 -76.950 -98.846 -120.816 -143.590 -166.630 -190.364 -214.340 -238.896 -263.466 -288.387 -313.005 -337.438 -361.361 -384.424 -406.531 -427.367 -446.666 -464.320 -480.202 -494.230 -506.397 -516.760 -525.426 -532.535 -538.253 -542.759 -546.240 -548.896 -551.021 -553.395 -558.871 -578.584 -9999.000 -9999.000
-9999.000 -9999.000 3412.253 3316.733 3224.474 3134.326 3045.616 2958.049 2871.556 2786.194 2702.078 2619.338 2538.083 2458.397 2380.323 2303.867 2229.006 2155.692 2083.851 2013.400 1944.239 1876.275 1809.404 1743.519 1678.522 1614.303 1550.738 1487.709 1425.129 1362.933 1301.129 1239.828 1179.105 1119.031 1059.685 1001.161 943.564 887.014 831.650 777.626 725.121 674.339 625.520 579.079 581.866 582.098 579.609 573.365 544.927 498.719 453.383 408.550 363.856 323.424 288.207 256.071 226.497 198.799 173.345 149.391 127.313 106.166 85.878 65.861 45.696 25.862 5.664 -14.522 -34.954 -55.904 -76.950 -98.846 -120.816 -143.590 -166.630 -190.364 -214.340 -238.896 -263.466 -288.387 -313.005 -337.438 -361.361 -384.424 -406.531 -427.367 -446.666 -464.320 -480.202 -494.230 -506.397 -516.760 -525.426 -532.535 -538.253 -542.759 -546.240 -548.896 -551.021 -553.395 -558.871 -578.584 -9999.000 -9999.000
-9999.000 -9999.000 3412.254 3316.733 3224.474 3134.327 3045.617 2958.049 2871.556 2786.194 2702.078 2619.338 2538.083 2458.397 2380.323 2303.867 2229.006 2155.692 2083.851 2013.400 1944.239 1876.275 1809.404 1743.519 1678.522 1614.303 1550.738 1487.709 1425.129 1362.933 1301.129 1239.828 1179.105 1119.031 1059.685 1001.161 943.564 887.014 831.650 777.626 725.121 674.339 625.520 579.079 581.866 582.098 579.609 573.365 544.927 498.719 453.383 408.550 363.856 323.424 288.207 256.071 226.497 198.799 173.345 149.391 127.313 106.166 85.878 65.861 45.696 25.862 5.664 -14.522 -34.954 -55.904 -76.950 -98.846 -120.816 -143.590 -166.630 -190.364 -214.340 -238.896 -263.466 -288.387 -313.005 -337.438 -361.361 -384.424 -406.531 -427.367 -446.666 -464.320 -480.202 -494.230 -506.397 -516.760 -525.426 -532.535 -538.253 -542.759 -546.240 -548.896 -551.021 -553.395 -558.871 -578.584 -9999.000 -9999.000
-9999.000 -9999.000 3412.254 3316.733 3224.474 3134.327 3045.617 2958.049 2871.556 2786.194 2702.078 2619.338 2538.083 2458.397 2380.323 2303.867 2229.006 2155.692 2083.851 2013.400 1944.239 1876.275 1809.404 1743.519 1678.522 1614.303 1550.738 1487.709 1425.129 1362.933 1301.129 1239.828 1179.105 1119.031 1059.685 1001.161 943.564 887.014 831.650 777.626 725.121 674.339 625.520 579.079 581.866 582.098 579.609 573.365 544.927 498.719 453.383 408.550 363.856 323.424 288.207 256.071 226.497 198.799 173.345 149.391 127.313 106.166 85.878 65.861 45.696 25.862 5.664 -14.522 -34.954 -55.904 -76.950 -98.846 -120.816 -143.590 -166.630 -190.364 -214.340 -238.896 -263.466 -288.387 -313.005 -337.438 -361.361 -384.424 -406.531 -427.367 -446.666 -464.320 -480.202 -494.230 -506.397 -516.760 -525.426 -532.535 -538.253 -542.759 -546.240 -548.896 -551.021 -553.395 -558.871 -578.584 -9999.000 -9999.000
-9999.000 -9999.000 3412.253 3316.733 3224.474 3134.326 3045.616 2958.049 2871.556 2786.194 2702.078 2619.338 2538.083 2458.397 2380.323 2303.867 2229.006 2155.692 2083.851 2013.400 1944.239 1876.275 1809.404 1743.519 1678.522 1614.303 1550.738 1487.709 1425.129 1362.933 1301.129 1239.828 1179.105 1119.031 1059.685 1001.161 943.564 887.014 831.650 777.626 725.121 674.339 625.520 579.079 581.866 582.098 579.609 573.365 544.927 498.719 453.383 408.550 363.856 323.424 288.207 256.071 226.497 198.799 173.345 149.391 127.313 106.166 85.878 65.861 45.696 25.862 5.664 -14.522 -34.954 -55.904 -76.950 -98.846 -120.816 -143.590 -166.630 -190.364 -214.340 -238.896 -263.466 -288.387 -313.005 -337.438 -361.361 -384.424 -406.531 -427.367 -446.666 -464.320 -480.202 -494.230 -506.397 -516.760 -525.426 -532.535 -538.253 -542.759 -546.240 -548.896 -551.021 -553.395 -558.871 -578.584 -9999.000 -9999.000
-9999.000 -9999.000 3412.252 3316.732 3224.473 3134.326 3045.616 2958.049 2871.556 2786.194 2702.078 2619.338 2538.083 2458.397 2380.323 2303.867 2229.006 2155.692 2083.851 2013.400 1944.239 1876.275 1809.404 1743.519 1678.522 1614.303 1550.738 1487.709 1425.129 1362.933 1301.129 1239.828 1179.105 1119.031 1059.685 1001.161 943.564 887.014 831.650 777.626 725.121 674.339 625.520 579.079 581.866 582.098 579.609 573.365 544.927 498.719 453.383 408.550 363.856 323.424 288.207 256.071 226.497 198.799 173.345 149.391 127.313 106.166 85.878 65.861 45.696 25.862 5.664 -14.522 -34.954 -55.904 -76.950 -98.846 -120.816 -143.590 -166.630 -190.364 -214.340 -238.896 -263.466 -288.387 -313.005 -337.438 -361.361 -384.424 -406.531 -427.367 -446.666 -464.320 -480.202 -494.230 -506.397 -516.760 -525.426 -532.535 -538.253 -542.759 -546.240 -548.896 -551.021 -553.395 -558.871 -578.584 -9999.000 -9999.000
-9999.000 -9999.000 -9999.000 -9999.000 -9999.000 -9999.000 -9999.000 -9999.000 -9999.000 -9999.000 -9999.000 -9999.000 -9999.000 -9999.000 -9999.000 -9999.000 -9999.000 -9999.000 -9999.000 -9999.000 -9999.000 -9999.000 -9999.000 -9999.000 -9999.000 -9999.000 -9999.000 -9999.000 -9999.000 -9999.000 -9999.000 -9999.000 -9999.000 -9999.000 -9999.000 -9999.000 -9999.000 -9999.000 -9999.000 -9999.000 -9999.000 -9999.000 -9999.000 -9999.000 -9999.000 -9999.000 -9999.000 -9999.000 -9999.000 -9999.000 -9999.000 -9999.000 -9999.000 -9999.000 -9999.000 -9999.000 -9999.000 -9999.000 -9999.000 -9999.000 -9999.000 -9999.000 -9999.000 -9999.000 -9999.000 -9999.000 -9999.000 -9999.000 -9999.000 -9999.000 -9999.000 -9999.000 -9999.000 -9999.000 -9999.000 -9999.000 -9999.000 -9999.000 -9999.000 -9999.000 -9999.000 -9999.000 -9999.000 -9999.000 -9999.000 -9999.000 -9999.000 -9999.000 -9999.000 -9999.000 -9999.000 -9999.000 -9999.000 -9999.000 -9999.000 -9999.000 -9999.000 -9999.000 -9999.000 -9999.000 -9999.000 -9999.000 -9999.000 -9999.000
-9999.000 -9999.000 -9999.000 -9999.000 -9999.000 -9999.000 -9999.000 -9999.000 -9999.000 -9999.000 -9999.000 -9999.000 -9999.000 -9999.000 -9999.000 -9999.000 -9999.000 -9999.000 -9999.000 -9999.000 -9999.000 -9999.000 -9999.000 -9999.000 -9999.000 -9999.000 -9999.000 -9999.000 -9999.000 -9999.000 -9999.000 -9999.000 -9999.000 -9999.000 -9999.000 -9999.000 -9999.000 -9999.000 -9999.000 -9999.000 -9999.000 -9999.000 -9999.000 -9999.000 -9999.000 -9999.000 -9999.000 -9999.000 -9999.000 -9999.000 -9999.000 -9999.000 -9999.000 -9999.000 -9999.000 -9999.000 -9999.000 -9999.000 -9999.000 -9999.000 -9999.000 -9999.000 -9999.000 -9999.000 -9999.000 -9999.000 -9999.000 -9999.000 -9999.000 -9999.000 -9999.000 -9999.000 -9999.000 -9999.000 -9999.000 -9999.000 -9999.000 -9999.000 -9999.000 -9999.000 -9999.000 -9999.000 -9999.000 -9999.000 -9999.000 -9999.000 -9999.000 -9999.000 -9999.000 -9999.000 -9999.000 -9999.000 -9999.000 -9999.000 -9999.000 -9999.000 -9999.000 -9999.000 -9999.000 -9999.000 -9999.000 -9999.000 -9999.000 -9999.000