examples/3D/hillslope02_superslab/output-maps-METEOIO-OFF/psiliqL0039N0003.asc
ncols         104
nrows         10
xllcorner     -2.000000
yllcorner     0.000000
cellsize      1.000000
NODATA_value  -9999.0
-9999.000 -9999.000 -9999.000 -9999.000 -9999.000 -9999.000 -9999.000 -9999.000 -9999.000 -9999.000 -9999.000 -9999.000 -9999.000 -9999.000 -9999.000 -9999.000 -9999.000 -9999.000 -9999.000 -9999.000 -9999.000 -9999.000 -9999.000 -9999.000 -9999.000 -9999.000 -9999.000 -9999.000 -9999.000 -9999.000 -9999.000 -9999.000 -9999.000 -9999.000 -9999.000 -9999.000 -9999.000 -9999.000 -9999.000 -9999.000 -9999.000 -9999.000 -9999.000 -9999.000 -9999.000 -9999.000 -9999.000 -9999.000 -9999.000 -9999.000 -9999.000 -9999.000 -9999.000 -9999.000 -9999.000 -9999.000 -9999.000 -9999.000 -9999.000 -9999.000 -9999.000 -9999.000 -9999.000 -9999.000 -9999.000 -9999.000 -9999.000 -9999.000 -9999.000 -9999.000 -9999.000 -9999.000 -9999.000 -9999.000 -9999.000 -9999.000 -9999.000 -9999.000 -9999.000 -9999.000 -9999.000 -9999.000 -9999.000 -9999.000 -9999.000 -9999.000 -9999.000 -9999.000 -9999.000 -9999.000 -9999.000 -9999.000 -9999.000 -9999.000 -9999.000 -9999.000 -9999.000 -9999.000 -9999.000 -9999.000 -9999.000 -9999.000 -9999.000 -9999.000
-9999.000 -9999.000 -9999.000 -9999.000 -9999.000 -9999.000 -9999.000 -9999.000 -9999.000 -9999.000 -9999.000 -9999.000 -9999.000 -9999.000 -9999.000 -9999.000 -9999.000 -9999.000 -9999.000 -9999.000 -9999.000 -9999.000 -9999.000 -9999.000 -9999.000 -9999.000 -9999.000 -9999.000 -9999.000 -9999.000 -9999.000 -9999.000 -9999.000 -9999.000 -9999.000 -9999.000 -9999.000 -9999.000 -9999.000 -9999.000 -9999.000 -9999.000 -9999.000 -9999.000 -9999.000 -9999.000 -9999.000 -9999.000 -9999.000 -9999.000 -9999.000 -9999.000 -9999.000 -9999.000 -9999.000 -9999.000 -9999.000 -9999.000 -9999.000 -9999.000 -9999.000 -9999.000 -9999.000 -9999.000 -9999.000 -9999.000 -9999.000 -9999.000 -9999.000 -9999.000 -9999.000 -9999.000 -9999.000 -9999.000 -9999.000 -9999.000 -9999.000 -9999.000 -9999.000 -9999.000 -9999.000 -9999.000 -9999.000 -9999.000 -9999.000 -9999.000 -9999.000 -9999.000 -9999.000 -9999.000 -9999.000 -9999.000 -9999.000 -9999.000 -9999.000 -9999.000 -9999.000 -9999.000 -9999.000 -9999.000 -9999.000 -9999.000 -9999.000 -9999.000
-9999.000 -9999.000 1962.019 1870.379 1781.654 1693.637 1605.931 1518.656 1432.038 1346.331 1261.816 1178.728 1097.203 1017.377 939.280 862.896 788.196 715.118 643.558 573.434 504.585 436.964 370.458 304.898 240.268 176.454 113.278 50.520 -11.825 -27.440 -0.228 22.468 40.157 52.053 -21.968 -96.339 -169.017 -240.250 -308.524 -373.146 -433.285 -493.011 -577.336 -650.715 -731.546 -825.329 -942.758 -1107.473 -1364.151 -1798.815 -2435.189 -2884.071 -3005.260 -3031.400 -3038.525 -3041.154 -3042.256 -3040.815 -2871.775 -1680.011 -1055.212 -822.185 -679.951 -659.412 -657.596 -657.540 -657.606 -657.676 -657.746 -657.815 -657.884 -657.951 -658.017 -658.082 -658.145 -658.206 -658.264 -658.319 -658.371 -658.419 -658.464 -658.504 -658.540 -658.572 -658.601 -658.625 -658.646 -658.664 -658.679 -658.691 -658.701 -658.708 -658.714 -658.719 -658.722 -658.725 -658.728 -658.742 -658.826 -659.357 -662.388 -678.282 -9999.000 -9999.000
-9999.000 -9999.000 1962.025 1870.382 1781.656 1693.638 1605.932 1518.656 1432.038 1346.331 1261.816 1178.728 1097.203 1017.377 939.280 862.896 788.196 715.118 643.558 573.434 504.585 436.964 370.458 304.898 240.268 176.454 113.278 50.520 -11.825 -27.440 -0.228 22.468 40.157 52.053 -21.968 -96.339 -169.017 -240.250 -308.524 -373.146 -433.285 -493.011 -577.336 -650.715 -731.546 -825.329 -942.758 -1107.473 -1364.151 -1798.815 -2435.189 -2884.071 -3005.260 -3031.400 -3038.525 -3041.154 -3042.256 -3040.815 -2871.775 -1680.011 -1055.212 -822.185 -679.951 -659.412 -657.596 -657.540 -657.606 -657.676 -657.746 -657.815 -657.884 -657.951 -658.017 -658.082 -658.145 -658.206 -658.264 -658.319 -658.371 -658.419 -658.464 -658.504 -658.540 -658.572 -658.601 -658.625 -658.646 -658.664 -658.679 -658.691 -658.701 -658.708 -658.714 -658.719 -658.722 -658.725 -658.728 -658.742 -658.826 -659.357 -662.388 -678.282 -9999.000 -9999.000
-9999.000 -9999.000 1962.029 1870.385 1781.657 1693.638 1605.932 1518.656 1432.038 1346.331 1261.816 1178.728 1097.203 1017.377 939.280 862.896 788.196 715.118 643.558 573.434 504.585 436.964 370.458 304.898 240.268 176.454 113.278 50.520 -11.825 -27.440 -0.228 22.468 40.157 52.053 -21.968 -96.339 -169.017 -240.250 -308.524 -373.146 -433.285 -493.011 -577.336 -650.715 -731.546 -825.329 -942.758 -1107.473 -1364.151 -1798.815 -2435.189 -2884.071 -3005.260 -3031.400 -3038.525 -3041.154 -3042.256 -3040.815 -2871.775 -1680.011 -1055.212 -822.185 -679.951 -659.412 -657.596 -657.540 -657.606 -657.676 -657.746 -657.815 -657.884 -657.951 -658.017 -658.082 -658.145 -658.206 -658.264 -658.319 -658.371 -658.419 -658.464 -658.504 -658.540 -658.572 -658.601 -658.625 -658.646 -658.664 -658.679 -658.691 -658.701 -658.708 -658.714 -658.719 -658.722 -658.725 -658.728 -658.742 -658.826 -659.357 -662.388 -678.282 -9999.000 -9999.000
-9999.000 -9999.000 1962.029 1870.385 1781.657 1693.638 1605.932 1518.656 1432.038 1346.331 1261.816 1178.728 1097.203 1017.377 939.280 862.896 788.196 715.118 643.558 573.434 504.585 436.964 370.458 304.898 240.268 176.454 113.278 50.520 -11.825 -27.440 -0.228 22.468 40.157 52.053 -21.968 -96.339 -169.017 -240.250 -308.524 -373.146 -433.285 -493.011 -577.336 -650.715 -731.546 -825.329 -942.758 -1107.473 -1364.151 -1798.815 -2435.189 -2884.071 -3005.260 -3031.400 -3038.525 -3041.154 -3042.256 -3040.815 -2871.775 -1680.011 -1055.212 -822.185 -679.951 -659.412 -657.596 -657.540 -657.606 -657.676 -657.746 -657.815 -657.884 -657.951 -658.017 -658.082 -658.145 -658.206 -658.264 -658.319 -658.371 -658.419 -658.464 -658.504 -658.540 -658.572 -658.601 -658.625 -658.646 -658.664 -658.679 -658.691 -658.701 -658.708 -658.714 -658.719 -658.722 -658.725 -658.728 -658.742 -658.826 -659.357 -662.388 -678.282 -9999.000 -9999.000
-9999.000 -9999.000 1962.025 1870.382 1781.656 1693.638 1605.932 1518.656 1432.038 1346.331 1261.816 1178.728 1097.203 1017.377 939.280 862.896 788.196 715.118 643.558 573.434 504.585 436.964 370.458 304.898 240.268 176.454 113.278 50.520 -11.825 -27.440 -0.228 22.468 40.157 52.053 -21.968 -96.339 -169.017 -240.250 -308.524 -373.146 -433.285 -493.011 -577.336 -650.715 -731.546 -825.329 -942.758 -1107.473 -1364.151 -1798.815 -2435.189 -2884.071 -3005.260 -3031.400 -3038.525 -3041.154 -3042.256 -3040.815 -2871.775 -1680.011 -1055.212 -822.185 -679.951 -659.412 -657.596 -657.540 -657.606 -657.676 -657.746 -657.815 -657.884 -657.951 -658.017 -658.082 -658.145 -658.206 -658.264 -658.319 -658.371 -658.419 -658.464 -658.504 -658.540 -658.572 -658.601 -658.625 -658.646 -658.664 -658.679 -658.691 -658.701 -658.708 -658.714 -658.719 -658.722 -658.725 -658.728 -658.742 -658.826 -659.357 -662.388 -678.282 -9999.000 -9999.000
-9999.000 -9999.000 1962.019 1870.379 1781.654 1693.637 1605.931 1518.656 1432.038 1346.331 1261.816 1178.728 1097.203 1017.377 939.280 862.896 788.196 715.118 643.558 573.434 504.585 436.964 370.458 304.898 240.268 176.454 113.278 50.520 -11.825 -27.440 -0.228 22.468 40.157 52.053 -21.968 -96.339 -169.017 -240.250 -308.524 -373.146 -433.285 -493.011 -577.336 -650.715 -731.546 -825.329 -942.758 -1107.473 -1364.151 -1798.815 -2435.189 -2884.071 -3005.260 -3031.400 -3038.525 -3041.154 -3042.256 -3040.815 -2871.775 -1680.011 -1055.212 -822.185 -679.951 -659.412 -657.596 -657.540 -657.606 -657.676 -657.746 -657.815 -657.884 -657.951 -658.017 -658.082 -658.145 -658.206 -658.264 -658.319 -658.371 -658.419 -658.464 -658.504 -658.540 -658.572 -658.601 -658.625 -658.646 -658.664 -658.679 -658.691 -658.701 -658.708 -658.714 -658.719 -658.722 -658.725 -658.728 -658.742 -658.826 -659.357 -662.388 -678.282 -9999.000 -9999.000
-9999.000 -9999.000 -9999.000 -9999.000 -9999.000 -9999.000 -9999.000 -9999.000 -9999.000 -9999.000 -9999.000 -9999.000 -9999.000 -9999.000 -9999.000 -9999.000 -9999.000 -9999.000 -9999.000 -9999.000 -9999.000 -9999.000 -9999.000 -9999.000 -9999.000 -9999.000 -9999.000 -9999.000 -9999.000 -9999.000 -9999.000 -9999.000 -9999.000 -9999.000 -9999.000 -9999.000 -9999.000 -9999.000 -9999.000 -9999.000 -9999.000 -9999.000 -9999.000 -9999.000 -9999.000 -9999.000 -9999.000 -9999.000 -9999.000 -9999.000 -9999.000 -9999.000 -9999.000 -9999.000 -9999.000 -9999.000 -9999.000 -9999.000 -9999.000 -9999.000 -9999.000 -9999.000 -9999.000 -9999.000 -9999.000 -9999.000 -9999.000 -9999.000 -9999.000 -9999.000 -9999.000 -9999.000 -9999.000 -9999.000 -9999.000 -9999.000 -9999.000 -9999.000 -9999.000 -9999.000 -9999.000 -9999.000 -9999.000 -9999.000 -9999.000 -9999.000 -9999.000 -9999.000 -9999.000 -9999.000 -9999.000 -9999.000 -9999.000 -9999.000 -9999.000 -9999.000 -9999.000 -9999.000 -9999.000 -9999.000 -9999.000 -9999.000 -9999.000 -9999.000
-9999.000 -9999.000 -9999.000 -9999.000 -9999.000 -9999.000 -9999.000 -9999.000 -9999.000 -9999.000 -9999.000 -9999.000 -9999.000 -9999.000 -9999.000 -9999.000 -9999.000 -9999.000 -9999.000 -9999.000 -9999.000 -9999.000 -9999.000 -9999.000 -9999.000 -9999.000 -9999.000 -9999.000 -9999.000 -9999.000 -9999.000 -9999.000 -9999.000 -9999.000 -9999.000 -9999.000 -9999.000 -9999.000 -9999.000 -9999.000 -9999.000 -9999.000 -9999.000 -9999.000 -9999.000 -9999.000 -9999.000 -9999.000 -9999.000 -9999.000 -9999.000 -9999.000 -9999.000 -9999.000 -9999.000 -9999.000 -9999.000 -9999.000 -9999.000 -9999.000 -9999.000 -9999.000 -9999.000 -9999.000 -9999.000 -9999.000 -9999.000 -9999.000 -9999.000 -9999.000 -9999.000 -9999.000 -9999.000 -9999.000 -9999.000 -9999.000 -9999.000 -9999.000 -9999.000 -9999.000 -9999.000 -9999.000 -9999.000 -9999.000 -9999.000 -9999.000 -9999.000 -9999.000 -9999.000 -9999.000 -9999.000 -9999.000 -9999.000 -9999.000 -9999.000 -9999.000 -9999.000 -9999.000 -9999.000 -9999.000 -9999.000 -9999.000 -9999.000 -9999.000