examples/3D/hillslope02_superslab/output-maps-METEOIO-OFF/psiliqL0034N0001.asc
ncols         104
nrows         10
xllcorner     -2.000000
yllcorner     0.000000
cellsize      1.000000
NODATA_value  -9999.0
-9999.000 -9999.000 -9999.000 -9999.000 -9999.000 -9999.000 -9999.000 -9999.000 -9999.000 -9999.000 -9999.000 -9999.000 -9999.000 -9999.000 -9999.000 -9999.000 -9999.000 -9999.000 -9999.000 -9999.000 -9999.000 -9999.000 -9999.000 -9999.000 -9999.000 -9999.000 -9999.000 -9999.000 -9999.000 -9999.000 -9999.000 -9999.000 -9999.000 -9999.000 -9999.000 -9999.000 -9999.000 -9999.000 -9999.000 -9999.000 -9999.000 -9999.000 -9999.000 -9999.000 -9999.000 -9999.000 -9999.000 -9999.000 -9999.000 -9999.000 -9999.000 -9999.000 -9999.000 -9999.000 -9999.000 -9999.000 -9999.000 -9999.000 -9999.000 -9999.000 -9999.000 -9999.000 -9999.000 -9999.000 -9999.000 -9999.000 -9999.000 -9999.000 -9999.000 -9999.000 -9999.000 -9999.000 -9999.000 -9999.000 -9999.000 -9999.000 -9999.000 -9999.000 -9999.000 -9999.000 -9999.000 -9999.000 -9999.000 -9999.000 -9999.000 -9999.000 -9999.000 -9999.000 -9999.000 -9999.000 -9999.000 -9999.000 -9999.000 -9999.000 -9999.000 -9999.000 -9999.000 -9999.000 -9999.000 -9999.000 -9999.000 -9999.000 -9999.000 -9999.000
-9999.000 -9999.000 -9999.000 -9999.000 -9999.000 -9999.000 -9999.000 -9999.000 -9999.000 -9999.000 -9999.000 -9999.000 -9999.000 -9999.000 -9999.000 -9999.000 -9999.000 -9999.000 -9999.000 -9999.000 -9999.000 -9999.000 -9999.000 -9999.000 -9999.000 -9999.000 -9999.000 -9999.000 -9999.000 -9999.000 -9999.000 -9999.000 -9999.000 -9999.000 -9999.000 -9999.000 -9999.000 -9999.000 -9999.000 -9999.000 -9999.000 -9999.000 -9999.000 -9999.000 -9999.000 -9999.000 -9999.000 -9999.000 -9999.000 -9999.000 -9999.000 -9999.000 -9999.000 -9999.000 -9999.000 -9999.000 -9999.000 -9999.000 -9999.000 -9999.000 -9999.000 -9999.000 -9999.000 -9999.000 -9999.000 -9999.000 -9999.000 -9999.000 -9999.000 -9999.000 -9999.000 -9999.000 -9999.000 -9999.000 -9999.000 -9999.000 -9999.000 -9999.000 -9999.000 -9999.000 -9999.000 -9999.000 -9999.000 -9999.000 -9999.000 -9999.000 -9999.000 -9999.000 -9999.000 -9999.000 -9999.000 -9999.000 -9999.000 -9999.000 -9999.000 -9999.000 -9999.000 -9999.000 -9999.000 -9999.000 -9999.000 -9999.000 -9999.000 -9999.000
-9999.000 -9999.000 -340.044 -350.903 -341.442 -325.649 -315.732 -313.195 -314.891 -319.377 -329.752 -363.940 -391.299 -419.789 -447.340 -444.213 -439.056 -432.863 -424.101 -415.865 -407.833 -399.688 -391.556 -383.768 -376.638 -370.359 -364.932 -99.604 163.761 447.919 748.724 870.573 795.897 709.299 610.828 500.804 379.534 246.652 101.377 -56.093 -194.531 -277.750 -543.417 -1210.750 -3091.821 -3291.663 -3292.079 -3292.079 -3292.079 -3292.079 -3292.079 -3292.079 -3292.079 -3292.079 -3292.079 -3292.079 -3292.079 -3292.079 -3292.044 -3266.732 -1791.983 -666.417 -364.588 -355.542 -355.675 -355.705 -355.703 -355.699 -355.695 -355.691 -355.687 -355.683 -355.678 -355.674 -355.670 -355.666 -355.662 -355.658 -355.654 -355.650 -355.645 -355.641 -355.637 -355.633 -355.629 -355.625 -355.621 -355.617 -355.612 -355.608 -355.604 -355.600 -355.596 -355.592 -355.588 -355.584 -355.580 -355.580 -355.615 -355.932 -358.236 -372.458 -9999.000 -9999.000
-9999.000 -9999.000 -340.044 -350.903 -341.442 -325.649 -315.732 -313.195 -314.891 -319.377 -329.752 -363.940 -391.299 -419.789 -447.340 -444.213 -439.056 -432.863 -424.101 -415.865 -407.833 -399.688 -391.556 -383.768 -376.638 -370.359 -364.932 -99.604 163.761 447.919 748.724 870.573 795.897 709.299 610.828 500.804 379.534 246.652 101.377 -56.093 -194.531 -277.750 -543.417 -1210.750 -3091.821 -3291.663 -3292.079 -3292.079 -3292.079 -3292.079 -3292.079 -3292.079 -3292.079 -3292.079 -3292.079 -3292.079 -3292.079 -3292.079 -3292.044 -3266.732 -1791.983 -666.417 -364.588 -355.542 -355.675 -355.705 -355.703 -355.699 -355.695 -355.691 -355.687 -355.683 -355.679 -355.674 -355.670 -355.666 -355.662 -355.658 -355.654 -355.650 -355.645 -355.641 -355.637 -355.633 -355.629 -355.625 -355.621 -355.617 -355.612 -355.608 -355.604 -355.600 -355.596 -355.592 -355.588 -355.584 -355.580 -355.580 -355.615 -355.932 -358.236 -372.458 -9999.000 -9999.000
-9999.000 -9999.000 -340.044 -350.903 -341.442 -325.649 -315.732 -313.195 -314.891 -319.377 -329.752 -363.940 -391.299 -419.789 -447.340 -444.213 -439.056 -432.863 -424.101 -415.865 -407.833 -399.688 -391.556 -383.768 -376.638 -370.359 -364.932 -99.604 163.761 447.919 748.724 870.573 795.897 709.299 610.828 500.804 379.534 246.652 101.377 -56.093 -194.531 -277.750 -543.417 -1210.750 -3091.821 -3291.663 -3292.079 -3292.079 -3292.079 -3292.079 -3292.079 -3292.079 -3292.079 -3292.079 -3292.079 -3292.079 -3292.079 -3292.079 -3292.044 -3266.732 -1791.983 -666.417 -364.588 -355.542 -355.675 -355.705 -355.703 -355.699 -355.695 -355.691 -355.687 -355.683 -355.679 -355.674 -355.670 -355.666 -355.662 -355.658 -355.654 -355.650 -355.645 -355.641 -355.637 -355.633 -355.629 -355.625 -355.621 -355.617 -355.612 -355.608 -355.604 -355.600 -355.596 -355.592 -355.588 -355.584 -355.580 -355.580 -355.615 -355.932 -358.236 -372.458 -9999.000 -9999.000
-9999.000 -9999.000 -340.044 -350.903 -341.442 -325.649 -315.732 -313.195 -314.891 -319.377 -329.752 -363.940 -391.299 -419.789 -447.340 -444.213 -439.056 -432.863 -424.101 -415.865 -407.833 -399.688 -391.556 -383.768 -376.638 -370.359 -364.932 -99.604 163.761 447.919 748.724 870.573 795.897 709.299 610.828 500.804 379.534 246.652 101.377 -56.093 -194.531 -277.750 -543.417 -1210.750 -3091.821 -3291.663 -3292.079 -3292.079 -3292.079 -3292.079 -3292.079 -3292.079 -3292.079 -3292.079 -3292.079 -3292.079 -3292.079 -3292.079 -3292.044 -3266.732 -1791.983 -666.417 -364.588 -355.542 -355.675 -355.705 -355.703 -355.699 -355.695 -355.691 -355.687 -355.683 -355.679 -355.674 -355.670 -355.666 -355.662 -355.658 -355.654 -355.650 -355.645 -355.641 -355.637 -355.633 -355.629 -355.625 -355.621 -355.617 -355.612 -355.608 -355.604 -355.600 -355.596 -355.592 -355.588 -355.584 -355.580 -355.580 -355.615 -355.932 -358.236 -372.458 -9999.000 -9999.000
-9999.000 -9999.000 -340.044 -350.903 -341.442 -325.649 -315.732 -313.195 -314.891 -319.377 -329.752 -363.940 -391.299 -419.789 -447.340 -444.213 -439.056 -432.863 -424.101 -415.865 -407.833 -399.688 -391.556 -383.768 -376.638 -370.359 -364.932 -99.604 163.761 447.919 748.724 870.573 795.897 709.299 610.828 500.804 379.534 246.652 101.377 -56.093 -194.531 -277.750 -543.417 -1210.750 -3091.821 -3291.663 -3292.079 -3292.079 -3292.079 -3292.079 -3292.079 -3292.079 -3292.079 -3292.079 -3292.079 -3292.079 -3292.079 -3292.079 -3292.044 -3266.732 -1791.983 -666.417 -364.588 -355.542 -355.675 -355.705 -355.703 -355.699 -355.695 -355.691 -355.687 -355.683 -355.679 -355.674 -355.670 -355.666 -355.662 -355.658 -355.654 -355.650 -355.645 -355.641 -355.637 -355.633 -355.629 -355.625 -355.621 -355.617 -355.612 -355.608 -355.604 -355.600 -355.596 -355.592 -355.588 -355.584 -355.580 -355.580 -355.615 -355.932 -358.236 -372.458 -9999.000 -9999.000
-9999.000 -9999.000 -340.044 -350.903 -341.442 -325.649 -315.732 -313.195 -314.891 -319.377 -329.752 -363.940 -391.299 -419.789 -447.340 -444.213 -439.056 -432.863 -424.101 -415.865 -407.833 -399.688 -391.556 -383.768 -376.638 -370.359 -364.932 -99.604 163.761 447.919 748.724 870.573 795.897 709.299 610.828 500.804 379.534 246.652 101.377 -56.093 -194.531 -277.750 -543.417 -1210.750 -3091.821 -3291.663 -3292.079 -3292.079 -3292.079 -3292.079 -3292.079 -3292.079 -3292.079 -3292.079 -3292.079 -3292.079 -3292.079 -3292.079 -3292.044 -3266.732 -1791.983 -666.417 -364.588 -355.542 -355.675 -355.705 -355.703 -355.699 -355.695 -355.691 -355.687 -355.683 -355.678 -355.674 -355.670 -355.666 -355.662 -355.658 -355.654 -355.650 -355.645 -355.641 -355.637 -355.633 -355.629 -355.625 -355.621 -355.617 -355.612 -355.608 -355.604 -355.600 -355.596 -355.592 -355.588 -355.584 -355.580 -355.580 -355.615 -355.932 -358.236 -372.458 -9999.000 -9999.000
-9999.000 -9999.000 -9999.000 -9999.000 -9999.000 -9999.000 -9999.000 -9999.000 -9999.000 -9999.000 -9999.000 -9999.000 -9999.000 -9999.000 -9999.000 -9999.000 -9999.000 -9999.000 -9999.000 -9999.000 -9999.000 -9999.000 -9999.000 -9999.000 -9999.000 -9999.000 -9999.000 -9999.000 -9999.000 -9999.000 -9999.000 -9999.000 -9999.000 -9999.000 -9999.000 -9999.000 -9999.000 -9999.000 -9999.000 -9999.000 -9999.000 -9999.000 -9999.000 -9999.000 -9999.000 -9999.000 -9999.000 -9999.000 -9999.000 -9999.000 -9999.000 -9999.000 -9999.000 -9999.000 -9999.000 -9999.000 -9999.000 -9999.000 -9999.000 -9999.000 -9999.000 -9999.000 -9999.000 -9999.000 -9999.000 -9999.000 -9999.000 -9999.000 -9999.000 -9999.000 -9999.000 -9999.000 -9999.000 -9999.000 -9999.000 -9999.000 -9999.000 -9999.000 -9999.000 -9999.000 -9999.000 -9999.000 -9999.000 -9999.000 -9999.000 -9999.000 -9999.000 -9999.000 -9999.000 -9999.000 -9999.000 -9999.000 -9999.000 -9999.000 -9999.000 -9999.000 -9999.000 -9999.000 -9999.000 -9999.000 -9999.000 -9999.000 -9999.000 -9999.000
-9999.000 -9999.000 -9999.000 -9999.000 -9999.000 -9999.000 -9999.000 -9999.000 -9999.000 -9999.000 -9999.000 -9999.000 -9999.000 -9999.000 -9999.000 -9999.000 -9999.000 -9999.000 -9999.000 -9999.000 -9999.000 -9999.000 -9999.000 -9999.000 -9999.000 -9999.000 -9999.000 -9999.000 -9999.000 -9999.000 -9999.000 -9999.000 -9999.000 -9999.000 -9999.000 -9999.000 -9999.000 -9999.000 -9999.000 -9999.000 -9999.000 -9999.000 -9999.000 -9999.000 -9999.000 -9999.000 -9999.000 -9999.000 -9999.000 -9999.000 -9999.000 -9999.000 -9999.000 -9999.000 -9999.000 -9999.000 -9999.000 -9999.000 -9999.000 -9999.000 -9999.000 -9999.000 -9999.000 -9999.000 -9999.000 -9999.000 -9999.000 -9999.000 -9999.000 -9999.000 -9999.000 -9999.000 -9999.000 -9999.000 -9999.000 -9999.000 -9999.000 -9999.000 -9999.000 -9999.000 -9999.000 -9999.000 -9999.000 -9999.000 -9999.000 -9999.000 -9999.000 -9999.000 -9999.000 -9999.000 -9999.000 -9999.000 -9999.000 -9999.000 -9999.000 -9999.000 -9999.000 -9999.000 -9999.000 -9999.000 -9999.000 -9999.000 -9999.000 -9999.000