examples/3D/hillslope02_superslab/output-maps-METEOIO-OFF/psiliqL0054N0001.asc
ncols         104
nrows         10
xllcorner     -2.000000
yllcorner     0.000000
cellsize      1.000000
NODATA_value  -9999.0
-9999.000 -9999.000 -9999.000 -9999.000 -9999.000 -9999.000 -9999.000 -9999.000 -9999.000 -9999.000 -9999.000 -9999.000 -9999.000 -9999.000 -9999.000 -9999.000 -9999.000 -9999.000 -9999.000 -9999.000 -9999.000 -9999.000 -9999.000 -9999.000 -9999.000 -9999.000 -9999.000 -9999.000 -9999.000 -9999.000 -9999.000 -9999.000 -9999.000 -9999.000 -9999.000 -9999.000 -9999.000 -9999.000 -9999.000 -9999.000 -9999.000 -9999.000 -9999.000 -9999.000 -9999.000 -9999.000 -9999.000 -9999.000 -9999.000 -9999.000 -9999.000 -9999.000 -9999.000 -9999.000 -9999.000 -9999.000 -9999.000 -9999.000 -9999.000 -9999.000 -9999.000 -9999.000 -9999.000 -9999.000 -9999.000 -9999.000 -9999.000 -9999.000 -9999.000 -9999.000 -9999.000 -9999.000 -9999.000 -9999.000 -9999.000 -9999.000 -9999.000 -9999.000 -9999.000 -9999.000 -9999.000 -9999.000 -9999.000 -9999.000 -9999.000 -9999.000 -9999.000 -9999.000 -9999.000 -9999.000 -9999.000 -9999.000 -9999.000 -9999.000 -9999.000 -9999.000 -9999.000 -9999.000 -9999.000 -9999.000 -9999.000 -9999.000 -9999.000 -9999.000
-9999.000 -9999.000 -9999.000 -9999.000 -9999.000 -9999.000 -9999.000 -9999.000 -9999.000 -9999.000 -9999.000 -9999.000 -9999.000 -9999.000 -9999.000 -9999.000 -9999.000 -9999.000 -9999.000 -9999.000 -9999.000 -9999.000 -9999.000 -9999.000 -9999.000 -9999.000 -9999.000 -9999.000 -9999.000 -9999.000 -9999.000 -9999.000 -9999.000 -9999.000 -9999.000 -9999.000 -9999.000 -9999.000 -9999.000 -9999.000 -9999.000 -9999.000 -9999.000 -9999.000 -9999.000 -9999.000 -9999.000 -9999.000 -9999.000 -9999.000 -9999.000 -9999.000 -9999.000 -9999.000 -9999.000 -9999.000 -9999.000 -9999.000 -9999.000 -9999.000 -9999.000 -9999.000 -9999.000 -9999.000 -9999.000 -9999.000 -9999.000 -9999.000 -9999.000 -9999.000 -9999.000 -9999.000 -9999.000 -9999.000 -9999.000 -9999.000 -9999.000 -9999.000 -9999.000 -9999.000 -9999.000 -9999.000 -9999.000 -9999.000 -9999.000 -9999.000 -9999.000 -9999.000 -9999.000 -9999.000 -9999.000 -9999.000 -9999.000 -9999.000 -9999.000 -9999.000 -9999.000 -9999.000 -9999.000 -9999.000 -9999.000 -9999.000 -9999.000 -9999.000
-9999.000 -9999.000 -333.920 -352.563 -347.379 -333.487 -322.111 -317.751 -318.606 -323.798 -339.517 -416.317 -960.798 -2279.002 -2301.965 -2301.980 -2301.980 -2301.980 -2301.980 -2301.980 -2301.980 -2301.980 -2301.980 -2301.977 -2301.877 -2288.500 -1309.283 -557.944 -406.617 -367.910 -356.437 -351.963 -349.704 -348.558 -348.240 -348.652 -349.705 -65.108 181.042 395.878 567.348 529.172 309.767 82.026 -146.762 -403.919 -1243.042 -2293.632 -2301.975 -2301.981 -2301.981 -2301.981 -2301.980 -2301.980 -2301.980 -2301.980 -2301.980 -2301.980 -2301.980 -2301.959 -2284.208 -1183.278 -435.419 -364.877 -359.611 -359.297 -359.277 -359.270 -359.263 -359.257 -359.250 -359.244 -359.237 -359.230 -359.224 -359.217 -359.211 -359.204 -359.198 -359.191 -359.184 -359.178 -359.171 -359.165 -359.158 -359.152 -359.145 -359.138 -359.132 -359.125 -359.119 -359.112 -359.106 -359.099 -359.093 -359.087 -359.086 -359.117 -359.352 -360.712 -367.573 -398.705 -9999.000 -9999.000
-9999.000 -9999.000 -333.920 -352.563 -347.379 -333.487 -322.111 -317.751 -318.606 -323.798 -339.517 -416.317 -960.798 -2279.002 -2301.965 -2301.980 -2301.980 -2301.980 -2301.980 -2301.980 -2301.980 -2301.980 -2301.980 -2301.977 -2301.877 -2288.500 -1309.283 -557.944 -406.617 -367.910 -356.437 -351.963 -349.704 -348.558 -348.240 -348.652 -349.705 -65.108 181.042 395.878 567.348 529.172 309.767 82.026 -146.762 -403.919 -1243.042 -2293.632 -2301.975 -2301.981 -2301.981 -2301.981 -2301.980 -2301.980 -2301.980 -2301.980 -2301.980 -2301.980 -2301.980 -2301.959 -2284.208 -1183.278 -435.419 -364.877 -359.611 -359.297 -359.277 -359.270 -359.263 -359.257 -359.250 -359.244 -359.237 -359.230 -359.224 -359.217 -359.211 -359.204 -359.198 -359.191 -359.184 -359.178 -359.171 -359.165 -359.158 -359.152 -359.145 -359.138 -359.132 -359.125 -359.119 -359.112 -359.106 -359.099 -359.093 -359.087 -359.086 -359.117 -359.352 -360.712 -367.573 -398.705 -9999.000 -9999.000
-9999.000 -9999.000 -333.920 -352.563 -347.379 -333.487 -322.111 -317.751 -318.606 -323.798 -339.517 -416.317 -960.798 -2279.002 -2301.965 -2301.980 -2301.980 -2301.980 -2301.980 -2301.980 -2301.980 -2301.980 -2301.980 -2301.977 -2301.877 -2288.500 -1309.283 -557.944 -406.617 -367.910 -356.437 -351.963 -349.704 -348.558 -348.240 -348.652 -349.705 -65.108 181.042 395.878 567.348 529.172 309.767 82.026 -146.762 -403.919 -1243.042 -2293.632 -2301.975 -2301.981 -2301.981 -2301.981 -2301.980 -2301.980 -2301.980 -2301.980 -2301.980 -2301.980 -2301.980 -2301.959 -2284.208 -1183.278 -435.419 -364.877 -359.611 -359.297 -359.277 -359.270 -359.263 -359.257 -359.250 -359.244 -359.237 -359.230 -359.224 -359.217 -359.211 -359.204 -359.198 -359.191 -359.184 -359.178 -359.171 -359.165 -359.158 -359.152 -359.145 -359.138 -359.132 -359.125 -359.119 -359.112 -359.106 -359.099 -359.093 -359.087 -359.086 -359.117 -359.352 -360.712 -367.573 -398.705 -9999.000 -9999.000
-9999.000 -9999.000 -333.920 -352.563 -347.379 -333.487 -322.111 -317.751 -318.606 -323.798 -339.517 -416.317 -960.798 -2279.002 -2301.965 -2301.980 -2301.980 -2301.980 -2301.980 -2301.980 -2301.980 -2301.980 -2301.980 -2301.977 -2301.877 -2288.500 -1309.283 -557.944 -406.617 -367.910 -356.437 -351.963 -349.704 -348.558 -348.240 -348.652 -349.705 -65.108 181.042 395.878 567.348 529.172 309.767 82.026 -146.762 -403.919 -1243.042 -2293.632 -2301.975 -2301.981 -2301.981 -2301.981 -2301.980 -2301.980 -2301.980 -2301.980 -2301.980 -2301.980 -2301.980 -2301.959 -2284.208 -1183.278 -435.419 -364.877 -359.611 -359.297 -359.277 -359.270 -359.263 -359.257 -359.250 -359.244 -359.237 -359.230 -359.224 -359.217 -359.211 -359.204 -359.198 -359.191 -359.184 -359.178 -359.171 -359.165 -359.158 -359.152 -359.145 -359.138 -359.132 -359.125 -359.119 -359.112 -359.106 -359.099 -359.093 -359.087 -359.086 -359.117 -359.352 -360.712 -367.573 -398.705 -9999.000 -9999.000
-9999.000 -9999.000 -333.920 -352.563 -347.379 -333.487 -322.111 -317.751 -318.606 -323.798 -339.517 -416.317 -960.798 -2279.002 -2301.965 -2301.980 -2301.980 -2301.980 -2301.980 -2301.980 -2301.980 -2301.980 -2301.980 -2301.977 -2301.877 -2288.500 -1309.283 -557.944 -406.617 -367.910 -356.437 -351.963 -349.704 -348.558 -348.240 -348.652 -349.705 -65.108 181.042 395.878 567.348 529.172 309.767 82.026 -146.762 -403.919 -1243.042 -2293.632 -2301.975 -2301.981 -2301.981 -2301.981 -2301.980 -2301.980 -2301.980 -2301.980 -2301.980 -2301.980 -2301.980 -2301.959 -2284.208 -1183.278 -435.419 -364.877 -359.611 -359.297 -359.277 -359.270 -359.263 -359.257 -359.250 -359.244 -359.237 -359.230 -359.224 -359.217 -359.211 -359.204 -359.198 -359.191 -359.184 -359.178 -359.171 -359.165 -359.158 -359.152 -359.145 -359.138 -359.132 -359.125 -359.119 -359.112 -359.106 -359.099 -359.093 -359.087 -359.086 -359.117 -359.352 -360.712 -367.573 -398.705 -9999.000 -9999.000
-9999.000 -9999.000 -333.920 -352.563 -347.379 -333.487 -322.111 -317.751 -318.606 -323.798 -339.517 -416.317 -960.798 -2279.002 -2301.965 -2301.980 -2301.980 -2301.980 -2301.980 -2301.980 -2301.980 -2301.980 -2301.980 -2301.977 -2301.877 -2288.500 -1309.283 -557.944 -406.617 -367.910 -356.437 -351.963 -349.704 -348.558 -348.240 -348.652 -349.705 -65.108 181.042 395.878 567.348 529.172 309.767 82.026 -146.762 -403.919 -1243.042 -2293.632 -2301.975 -2301.981 -2301.981 -2301.981 -2301.980 -2301.980 -2301.980 -2301.980 -2301.980 -2301.980 -2301.980 -2301.959 -2284.208 -1183.278 -435.419 -364.877 -359.611 -359.297 -359.277 -359.270 -359.263 -359.257 -359.250 -359.244 -359.237 -359.230 -359.224 -359.217 -359.211 -359.204 -359.198 -359.191 -359.184 -359.178 -359.171 -359.165 -359.158 -359.152 -359.145 -359.138 -359.132 -359.125 -359.119 -359.112 -359.106 -359.099 -359.093 -359.087 -359.086 -359.117 -359.352 -360.712 -367.573 -398.705 -9999.000 -9999.000
-9999.000 -9999.000 -9999.000 -9999.000 -9999.000 -9999.000 -9999.000 -9999.000 -9999.000 -9999.000 -9999.000 -9999.000 -9999.000 -9999.000 -9999.000 -9999.000 -9999.000 -9999.000 -9999.000 -9999.000 -9999.000 -9999.000 -9999.000 -9999.000 -9999.000 -9999.000 -9999.000 -9999.000 -9999.000 -9999.000 -9999.000 -9999.000 -9999.000 -9999.000 -9999.000 -9999.000 -9999.000 -9999.000 -9999.000 -9999.000 -9999.000 -9999.000 -9999.000 -9999.000 -9999.000 -9999.000 -9999.000 -9999.000 -9999.000 -9999.000 -9999.000 -9999.000 -9999.000 -9999.000 -9999.000 -9999.000 -9999.000 -9999.000 -9999.000 -9999.000 -9999.000 -9999.000 -9999.000 -9999.000 -9999.000 -9999.000 -9999.000 -9999.000 -9999.000 -9999.000 -9999.000 -9999.000 -9999.000 -9999.000 -9999.000 -9999.000 -9999.000 -9999.000 -9999.000 -9999.000 -9999.000 -9999.000 -9999.000 -9999.000 -9999.000 -9999.000 -9999.000 -9999.000 -9999.000 -9999.000 -9999.000 -9999.000 -9999.000 -9999.000 -9999.000 -9999.000 -9999.000 -9999.000 -9999.000 -9999.000 -9999.000 -9999.000 -9999.000 -9999.000
-9999.000 -9999.000 -9999.000 -9999.000 -9999.000 -9999.000 -9999.000 -9999.000 -9999.000 -9999.000 -9999.000 -9999.000 -9999.000 -9999.000 -9999.000 -9999.000 -9999.000 -9999.000 -9999.000 -9999.000 -9999.000 -9999.000 -9999.000 -9999.000 -9999.000 -9999.000 -9999.000 -9999.000 -9999.000 -9999.000 -9999.000 -9999.000 -9999.000 -9999.000 -9999.000 -9999.000 -9999.000 -9999.000 -9999.000 -9999.000 -9999.000 -9999.000 -9999.000 -9999.000 -9999.000 -9999.000 -9999.000 -9999.000 -9999.000 -9999.000 -9999.000 -9999.000 -9999.000 -9999.000 -9999.000 -9999.000 -9999.000 -9999.000 -9999.000 -9999.000 -9999.000 -9999.000 -9999.000 -9999.000 -9999.000 -9999.000 -9999.000 -9999.000 -9999.000 -9999.000 -9999.000 -9999.000 -9999.000 -9999.000 -9999.000 -9999.000 -9999.000 -9999.000 -9999.000 -9999.000 -9999.000 -9999.000 -9999.000 -9999.000 -9999.000 -9999.000 -9999.000 -9999.000 -9999.000 -9999.000 -9999.000 -9999.000 -9999.000 -9999.000 -9999.000 -9999.000 -9999.000 -9999.000 -9999.000 -9999.000 -9999.000 -9999.000 -9999.000 -9999.000