examples/3D/hillslope02_superslab/output-maps-METEOIO-OFF/psiliqL0065N0002.asc
ncols         104
nrows         10
xllcorner     -2.000000
yllcorner     0.000000
cellsize      1.000000
NODATA_value  -9999.0
-9999.000 -9999.000 -9999.000 -9999.000 -9999.000 -9999.000 -9999.000 -9999.000 -9999.000 -9999.000 -9999.000 -9999.000 -9999.000 -9999.000 -9999.000 -9999.000 -9999.000 -9999.000 -9999.000 -9999.000 -9999.000 -9999.000 -9999.000 -9999.000 -9999.000 -9999.000 -9999.000 -9999.000 -9999.000 -9999.000 -9999.000 -9999.000 -9999.000 -9999.000 -9999.000 -9999.000 -9999.000 -9999.000 -9999.000 -9999.000 -9999.000 -9999.000 -9999.000 -9999.000 -9999.000 -9999.000 -9999.000 -9999.000 -9999.000 -9999.000 -9999.000 -9999.000 -9999.000 -9999.000 -9999.000 -9999.000 -9999.000 -9999.000 -9999.000 -9999.000 -9999.000 -9999.000 -9999.000 -9999.000 -9999.000 -9999.000 -9999.000 -9999.000 -9999.000 -9999.000 -9999.000 -9999.000 -9999.000 -9999.000 -9999.000 -9999.000 -9999.000 -9999.000 -9999.000 -9999.000 -9999.000 -9999.000 -9999.000 -9999.000 -9999.000 -9999.000 -9999.000 -9999.000 -9999.000 -9999.000 -9999.000 -9999.000 -9999.000 -9999.000 -9999.000 -9999.000 -9999.000 -9999.000 -9999.000 -9999.000 -9999.000 -9999.000 -9999.000 -9999.000
-9999.000 -9999.000 -9999.000 -9999.000 -9999.000 -9999.000 -9999.000 -9999.000 -9999.000 -9999.000 -9999.000 -9999.000 -9999.000 -9999.000 -9999.000 -9999.000 -9999.000 -9999.000 -9999.000 -9999.000 -9999.000 -9999.000 -9999.000 -9999.000 -9999.000 -9999.000 -9999.000 -9999.000 -9999.000 -9999.000 -9999.000 -9999.000 -9999.000 -9999.000 -9999.000 -9999.000 -9999.000 -9999.000 -9999.000 -9999.000 -9999.000 -9999.000 -9999.000 -9999.000 -9999.000 -9999.000 -9999.000 -9999.000 -9999.000 -9999.000 -9999.000 -9999.000 -9999.000 -9999.000 -9999.000 -9999.000 -9999.000 -9999.000 -9999.000 -9999.000 -9999.000 -9999.000 -9999.000 -9999.000 -9999.000 -9999.000 -9999.000 -9999.000 -9999.000 -9999.000 -9999.000 -9999.000 -9999.000 -9999.000 -9999.000 -9999.000 -9999.000 -9999.000 -9999.000 -9999.000 -9999.000 -9999.000 -9999.000 -9999.000 -9999.000 -9999.000 -9999.000 -9999.000 -9999.000 -9999.000 -9999.000 -9999.000 -9999.000 -9999.000 -9999.000 -9999.000 -9999.000 -9999.000 -9999.000 -9999.000 -9999.000 -9999.000 -9999.000 -9999.000
-9999.000 -9999.000 1711.012 1609.922 1507.797 1404.499 1299.950 1194.197 1087.369 979.710 871.713 764.591 660.548 560.997 467.118 379.599 298.530 223.760 155.143 92.267 34.815 -17.716 -65.781 -109.744 -149.320 -183.920 -213.276 -237.553 -257.374 -273.358 -286.186 -296.572 -305.052 -312.048 -317.927 -322.985 -327.474 -331.639 -335.723 -339.976 -344.658 -349.996 -213.613 5.920 183.868 323.069 423.137 235.374 47.455 -137.190 -325.803 -579.224 -1225.015 -1747.431 -1756.628 -1755.845 -1753.858 -1748.635 -1729.990 -1471.796 -769.456 -489.079 -372.914 -350.336 -346.171 -343.449 -340.731 -338.095 -335.660 -333.562 -331.900 -330.728 -330.074 -329.942 -330.309 -331.129 -332.339 -333.859 -335.615 -337.535 -339.541 -341.546 -343.507 -345.363 -347.078 -348.626 -349.990 -351.166 -352.161 -352.981 -353.643 -354.167 -354.571 -354.876 -355.100 -355.261 -355.377 -355.488 -355.765 -357.036 -362.775 -385.695 -9999.000 -9999.000
-9999.000 -9999.000 1711.023 1609.928 1507.800 1404.500 1299.950 1194.197 1087.369 979.710 871.713 764.591 660.548 560.997 467.118 379.599 298.530 223.760 155.143 92.267 34.815 -17.716 -65.781 -109.744 -149.320 -183.920 -213.276 -237.553 -257.374 -273.358 -286.186 -296.572 -305.052 -312.048 -317.927 -322.985 -327.474 -331.639 -335.723 -339.976 -344.658 -349.996 -213.613 5.920 183.868 323.069 423.137 235.374 47.455 -137.190 -325.803 -579.224 -1225.015 -1747.431 -1756.628 -1755.845 -1753.858 -1748.635 -1729.990 -1471.796 -769.456 -489.079 -372.914 -350.336 -346.171 -343.449 -340.731 -338.095 -335.660 -333.562 -331.900 -330.728 -330.074 -329.942 -330.309 -331.129 -332.339 -333.859 -335.615 -337.535 -339.541 -341.546 -343.507 -345.363 -347.078 -348.626 -349.990 -351.166 -352.161 -352.981 -353.643 -354.167 -354.571 -354.876 -355.100 -355.261 -355.377 -355.488 -355.765 -357.036 -362.775 -385.695 -9999.000 -9999.000
-9999.000 -9999.000 1711.031 1609.934 1507.803 1404.502 1299.951 1194.197 1087.369 979.710 871.713 764.591 660.548 560.997 467.118 379.599 298.530 223.760 155.143 92.267 34.815 -17.716 -65.781 -109.744 -149.320 -183.920 -213.276 -237.553 -257.374 -273.358 -286.186 -296.572 -305.052 -312.048 -317.927 -322.985 -327.474 -331.639 -335.723 -339.976 -344.658 -349.996 -213.613 5.920 183.868 323.069 423.137 235.374 47.455 -137.190 -325.803 -579.224 -1225.015 -1747.431 -1756.628 -1755.845 -1753.858 -1748.635 -1729.990 -1471.796 -769.456 -489.079 -372.914 -350.336 -346.171 -343.449 -340.731 -338.095 -335.660 -333.562 -331.900 -330.728 -330.074 -329.942 -330.309 -331.129 -332.339 -333.859 -335.615 -337.535 -339.541 -341.546 -343.507 -345.363 -347.078 -348.626 -349.990 -351.166 -352.161 -352.981 -353.643 -354.167 -354.571 -354.876 -355.100 -355.261 -355.377 -355.488 -355.765 -357.036 -362.775 -385.695 -9999.000 -9999.000
-9999.000 -9999.000 1711.031 1609.934 1507.803 1404.502 1299.951 1194.197 1087.369 979.710 871.713 764.591 660.548 560.997 467.118 379.599 298.530 223.760 155.143 92.267 34.815 -17.716 -65.781 -109.744 -149.320 -183.920 -213.276 -237.553 -257.374 -273.358 -286.186 -296.572 -305.052 -312.048 -317.927 -322.985 -327.474 -331.639 -335.723 -339.976 -344.658 -349.996 -213.613 5.920 183.868 323.069 423.137 235.374 47.455 -137.190 -325.803 -579.224 -1225.015 -1747.431 -1756.628 -1755.845 -1753.858 -1748.635 -1729.990 -1471.796 -769.456 -489.079 -372.914 -350.336 -346.171 -343.449 -340.731 -338.095 -335.660 -333.562 -331.900 -330.728 -330.074 -329.942 -330.309 -331.129 -332.339 -333.859 -335.615 -337.535 -339.541 -341.546 -343.507 -345.363 -347.078 -348.626 -349.990 -351.166 -352.161 -352.981 -353.643 -354.167 -354.571 -354.876 -355.100 -355.261 -355.377 -355.488 -355.765 -357.036 -362.775 -385.695 -9999.000 -9999.000
-9999.000 -9999.000 1711.023 1609.928 1507.800 1404.500 1299.950 1194.197 1087.369 979.710 871.713 764.591 660.548 560.997 467.118 379.599 298.530 223.760 155.143 92.267 34.815 -17.716 -65.781 -109.744 -149.320 -183.920 -213.276 -237.553 -257.374 -273.358 -286.186 -296.572 -305.052 -312.048 -317.927 -322.985 -327.474 -331.639 -335.723 -339.976 -344.658 -349.996 -213.613 5.920 183.868 323.069 423.137 235.374 47.455 -137.190 -325.803 -579.224 -1225.015 -1747.431 -1756.628 -1755.845 -1753.858 -1748.635 -1729.990 -1471.796 -769.456 -489.079 -372.914 -350.336 -346.171 -343.449 -340.731 -338.095 -335.660 -333.562 -331.900 -330.728 -330.074 -329.942 -330.309 -331.129 -332.339 -333.859 -335.615 -337.535 -339.541 -341.546 -343.507 -345.363 -347.078 -348.626 -349.990 -351.166 -352.161 -352.981 -353.643 -354.167 -354.571 -354.876 -355.100 -355.261 -355.377 -355.488 -355.765 -357.036 -362.775 -385.695 -9999.000 -9999.000
-9999.000 -9999.000 1711.012 1609.922 1507.797 1404.499 1299.950 1194.197 1087.369 979.710 871.713 764.591 660.548 560.997 467.118 379.599 298.530 223.760 155.143 92.267 34.815 -17.716 -65.781 -109.744 -149.320 -183.920 -213.276 -237.553 -257.374 -273.358 -286.186 -296.572 -305.052 -312.048 -317.927 -322.985 -327.474 -331.639 -335.723 -339.976 -344.658 -349.996 -213.613 5.920 183.868 323.069 423.137 235.374 47.455 -137.190 -325.803 -579.224 -1225.015 -1747.431 -1756.628 -1755.845 -1753.858 -1748.635 -1729.990 -1471.796 -769.456 -489.079 -372.914 -350.336 -346.171 -343.449 -340.731 -338.095 -335.660 -333.562 -331.900 -330.728 -330.074 -329.942 -330.309 -331.129 -332.339 -333.859 -335.615 -337.535 -339.541 -341.546 -343.507 -345.363 -347.078 -348.626 -349.990 -351.166 -352.161 -352.981 -353.643 -354.167 -354.571 -354.876 -355.100 -355.261 -355.377 -355.488 -355.765 -357.036 -362.775 -385.695 -9999.000 -9999.000
-9999.000 -9999.000 -9999.000 -9999.000 -9999.000 -9999.000 -9999.000 -9999.000 -9999.000 -9999.000 -9999.000 -9999.000 -9999.000 -9999.000 -9999.000 -9999.000 -9999.000 -9999.000 -9999.000 -9999.000 -9999.000 -9999.000 -9999.000 -9999.000 -9999.000 -9999.000 -9999.000 -9999.000 -9999.000 -9999.000 -9999.000 -9999.000 -9999.000 -9999.000 -9999.000 -9999.000 -9999.000 -9999.000 -9999.000 -9999.000 -9999.000 -9999.000 -9999.000 -9999.000 -9999.000 -9999.000 -9999.000 -9999.000 -9999.000 -9999.000 -9999.000 -9999.000 -9999.000 -9999.000 -9999.000 -9999.000 -9999.000 -9999.000 -9999.000 -9999.000 -9999.000 -9999.000 -9999.000 -9999.000 -9999.000 -9999.000 -9999.000 -9999.000 -9999.000 -9999.000 -9999.000 -9999.000 -9999.000 -9999.000 -9999.000 -9999.000 -9999.000 -9999.000 -9999.000 -9999.000 -9999.000 -9999.000 -9999.000 -9999.000 -9999.000 -9999.000 -9999.000 -9999.000 -9999.000 -9999.000 -9999.000 -9999.000 -9999.000 -9999.000 -9999.000 -9999.000 -9999.000 -9999.000 -9999.000 -9999.000 -9999.000 -9999.000 -9999.000 -9999.000
-9999.000 -9999.000 -9999.000 -9999.000 -9999.000 -9999.000 -9999.000 -9999.000 -9999.000 -9999.000 -9999.000 -9999.000 -9999.000 -9999.000 -9999.000 -9999.000 -9999.000 -9999.000 -9999.000 -9999.000 -9999.000 -9999.000 -9999.000 -9999.000 -9999.000 -9999.000 -9999.000 -9999.000 -9999.000 -9999.000 -9999.000 -9999.000 -9999.000 -9999.000 -9999.000 -9999.000 -9999.000 -9999.000 -9999.000 -9999.000 -9999.000 -9999.000 -9999.000 -9999.000 -9999.000 -9999.000 -9999.000 -9999.000 -9999.000 -9999.000 -9999.000 -9999.000 -9999.000 -9999.000 -9999.000 -9999.000 -9999.000 -9999.000 -9999.000 -9999.000 -9999.000 -9999.000 -9999.000 -9999.000 -9999.000 -9999.000 -9999.000 -9999.000 -9999.000 -9999.000 -9999.000 -9999.000 -9999.000 -9999.000 -9999.000 -9999.000 -9999.000 -9999.000 -9999.000 -9999.000 -9999.000 -9999.000 -9999.000 -9999.000 -9999.000 -9999.000 -9999.000 -9999.000 -9999.000 -9999.000 -9999.000 -9999.000 -9999.000 -9999.000 -9999.000 -9999.000 -9999.000 -9999.000 -9999.000 -9999.000 -9999.000 -9999.000 -9999.000 -9999.000