examples/3D/hillslope02_superslab/output-maps-METEOIO-OFF/psiliqL0033N0002.asc
ncols         104
nrows         10
xllcorner     -2.000000
yllcorner     0.000000
cellsize      1.000000
NODATA_value  -9999.0
-9999.000 -9999.000 -9999.000 -9999.000 -9999.000 -9999.000 -9999.000 -9999.000 -9999.000 -9999.000 -9999.000 -9999.000 -9999.000 -9999.000 -9999.000 -9999.000 -9999.000 -9999.000 -9999.000 -9999.000 -9999.000 -9999.000 -9999.000 -9999.000 -9999.000 -9999.000 -9999.000 -9999.000 -9999.000 -9999.000 -9999.000 -9999.000 -9999.000 -9999.000 -9999.000 -9999.000 -9999.000 -9999.000 -9999.000 -9999.000 -9999.000 -9999.000 -9999.000 -9999.000 -9999.000 -9999.000 -9999.000 -9999.000 -9999.000 -9999.000 -9999.000 -9999.000 -9999.000 -9999.000 -9999.000 -9999.000 -9999.000 -9999.000 -9999.000 -9999.000 -9999.000 -9999.000 -9999.000 -9999.000 -9999.000 -9999.000 -9999.000 -9999.000 -9999.000 -9999.000 -9999.000 -9999.000 -9999.000 -9999.000 -9999.000 -9999.000 -9999.000 -9999.000 -9999.000 -9999.000 -9999.000 -9999.000 -9999.000 -9999.000 -9999.000 -9999.000 -9999.000 -9999.000 -9999.000 -9999.000 -9999.000 -9999.000 -9999.000 -9999.000 -9999.000 -9999.000 -9999.000 -9999.000 -9999.000 -9999.000 -9999.000 -9999.000 -9999.000 -9999.000
-9999.000 -9999.000 -9999.000 -9999.000 -9999.000 -9999.000 -9999.000 -9999.000 -9999.000 -9999.000 -9999.000 -9999.000 -9999.000 -9999.000 -9999.000 -9999.000 -9999.000 -9999.000 -9999.000 -9999.000 -9999.000 -9999.000 -9999.000 -9999.000 -9999.000 -9999.000 -9999.000 -9999.000 -9999.000 -9999.000 -9999.000 -9999.000 -9999.000 -9999.000 -9999.000 -9999.000 -9999.000 -9999.000 -9999.000 -9999.000 -9999.000 -9999.000 -9999.000 -9999.000 -9999.000 -9999.000 -9999.000 -9999.000 -9999.000 -9999.000 -9999.000 -9999.000 -9999.000 -9999.000 -9999.000 -9999.000 -9999.000 -9999.000 -9999.000 -9999.000 -9999.000 -9999.000 -9999.000 -9999.000 -9999.000 -9999.000 -9999.000 -9999.000 -9999.000 -9999.000 -9999.000 -9999.000 -9999.000 -9999.000 -9999.000 -9999.000 -9999.000 -9999.000 -9999.000 -9999.000 -9999.000 -9999.000 -9999.000 -9999.000 -9999.000 -9999.000 -9999.000 -9999.000 -9999.000 -9999.000 -9999.000 -9999.000 -9999.000 -9999.000 -9999.000 -9999.000 -9999.000 -9999.000 -9999.000 -9999.000 -9999.000 -9999.000 -9999.000 -9999.000
-9999.000 -9999.000 131.284 29.912 -70.851 -163.908 -231.072 -268.174 -286.848 -299.120 -318.206 -362.284 -388.943 -407.154 -414.034 -407.666 -400.046 -391.841 -383.232 -375.526 -369.263 -364.224 -359.999 -356.290 -352.943 -349.865 -189.094 114.906 438.181 779.656 1135.225 1067.527 989.650 901.315 802.602 693.781 575.138 446.567 307.638 157.551 -4.978 -163.594 -348.809 -564.256 -839.208 -1319.860 -2530.217 -3329.982 -3341.537 -3341.584 -3341.584 -3341.584 -3341.584 -3341.584 -3341.584 -3341.584 -3341.584 -3341.533 -3328.710 -2489.431 -1104.417 -613.724 -359.347 -355.248 -355.654 -355.697 -355.696 -355.692 -355.688 -355.684 -355.680 -355.676 -355.671 -355.667 -355.663 -355.659 -355.655 -355.651 -355.647 -355.643 -355.638 -355.634 -355.630 -355.626 -355.622 -355.618 -355.614 -355.610 -355.606 -355.601 -355.597 -355.593 -355.589 -355.585 -355.581 -355.577 -355.573 -355.573 -355.604 -355.899 -358.096 -371.963 -9999.000 -9999.000
-9999.000 -9999.000 131.377 29.941 -70.843 -163.906 -231.072 -268.174 -286.848 -299.120 -318.206 -362.284 -388.943 -407.154 -414.034 -407.666 -400.046 -391.841 -383.232 -375.526 -369.263 -364.224 -359.999 -356.290 -352.943 -349.865 -189.094 114.906 438.181 779.656 1135.225 1067.527 989.650 901.315 802.602 693.781 575.138 446.567 307.638 157.551 -4.978 -163.594 -348.809 -564.256 -839.208 -1319.860 -2530.217 -3329.982 -3341.537 -3341.584 -3341.584 -3341.584 -3341.584 -3341.584 -3341.584 -3341.584 -3341.584 -3341.533 -3328.710 -2489.431 -1104.417 -613.724 -359.347 -355.248 -355.654 -355.697 -355.696 -355.692 -355.688 -355.684 -355.680 -355.676 -355.671 -355.667 -355.663 -355.659 -355.655 -355.651 -355.647 -355.643 -355.638 -355.634 -355.630 -355.626 -355.622 -355.618 -355.614 -355.610 -355.606 -355.601 -355.597 -355.593 -355.589 -355.585 -355.581 -355.577 -355.573 -355.573 -355.604 -355.899 -358.096 -371.963 -9999.000 -9999.000
-9999.000 -9999.000 131.415 29.957 -70.837 -163.904 -231.071 -268.174 -286.848 -299.120 -318.206 -362.284 -388.943 -407.154 -414.034 -407.666 -400.046 -391.841 -383.232 -375.526 -369.263 -364.224 -359.999 -356.290 -352.943 -349.865 -189.094 114.906 438.181 779.656 1135.225 1067.527 989.650 901.315 802.602 693.781 575.138 446.567 307.638 157.551 -4.978 -163.594 -348.809 -564.256 -839.208 -1319.860 -2530.217 -3329.982 -3341.537 -3341.584 -3341.584 -3341.584 -3341.584 -3341.584 -3341.584 -3341.584 -3341.584 -3341.533 -3328.710 -2489.431 -1104.417 -613.724 -359.347 -355.248 -355.654 -355.697 -355.696 -355.692 -355.688 -355.684 -355.680 -355.676 -355.671 -355.667 -355.663 -355.659 -355.655 -355.651 -355.647 -355.643 -355.638 -355.634 -355.630 -355.626 -355.622 -355.618 -355.614 -355.610 -355.606 -355.601 -355.597 -355.593 -355.589 -355.585 -355.581 -355.577 -355.573 -355.573 -355.604 -355.899 -358.096 -371.963 -9999.000 -9999.000
-9999.000 -9999.000 131.415 29.957 -70.837 -163.904 -231.071 -268.174 -286.848 -299.120 -318.206 -362.284 -388.943 -407.154 -414.034 -407.666 -400.046 -391.841 -383.232 -375.526 -369.263 -364.224 -359.999 -356.290 -352.943 -349.865 -189.094 114.906 438.181 779.656 1135.225 1067.527 989.650 901.315 802.602 693.781 575.138 446.567 307.638 157.551 -4.978 -163.594 -348.809 -564.256 -839.208 -1319.860 -2530.217 -3329.982 -3341.537 -3341.584 -3341.584 -3341.584 -3341.584 -3341.584 -3341.584 -3341.584 -3341.584 -3341.533 -3328.710 -2489.431 -1104.417 -613.724 -359.347 -355.248 -355.654 -355.697 -355.696 -355.692 -355.688 -355.684 -355.680 -355.676 -355.671 -355.667 -355.663 -355.659 -355.655 -355.651 -355.647 -355.643 -355.638 -355.634 -355.630 -355.626 -355.622 -355.618 -355.614 -355.610 -355.606 -355.601 -355.597 -355.593 -355.589 -355.585 -355.581 -355.577 -355.573 -355.573 -355.604 -355.899 -358.096 -371.963 -9999.000 -9999.000
-9999.000 -9999.000 131.377 29.941 -70.843 -163.906 -231.072 -268.174 -286.848 -299.120 -318.206 -362.284 -388.943 -407.154 -414.034 -407.666 -400.046 -391.841 -383.232 -375.526 -369.263 -364.224 -359.999 -356.290 -352.943 -349.865 -189.094 114.906 438.181 779.656 1135.225 1067.527 989.650 901.315 802.602 693.781 575.138 446.567 307.638 157.551 -4.978 -163.594 -348.809 -564.256 -839.208 -1319.860 -2530.217 -3329.982 -3341.537 -3341.584 -3341.584 -3341.584 -3341.584 -3341.584 -3341.584 -3341.584 -3341.584 -3341.533 -3328.710 -2489.431 -1104.417 -613.724 -359.347 -355.248 -355.654 -355.697 -355.696 -355.692 -355.688 -355.684 -355.680 -355.676 -355.671 -355.667 -355.663 -355.659 -355.655 -355.651 -355.647 -355.643 -355.638 -355.634 -355.630 -355.626 -355.622 -355.618 -355.614 -355.610 -355.606 -355.601 -355.597 -355.593 -355.589 -355.585 -355.581 -355.577 -355.573 -355.573 -355.604 -355.899 -358.096 -371.963 -9999.000 -9999.000
-9999.000 -9999.000 131.284 29.912 -70.851 -163.908 -231.072 -268.174 -286.848 -299.120 -318.206 -362.284 -388.943 -407.154 -414.034 -407.666 -400.046 -391.841 -383.232 -375.526 -369.263 -364.224 -359.999 -356.290 -352.943 -349.865 -189.094 114.906 438.181 779.656 1135.225 1067.527 989.650 901.315 802.602 693.781 575.138 446.567 307.638 157.551 -4.978 -163.594 -348.809 -564.256 -839.208 -1319.860 -2530.217 -3329.982 -3341.537 -3341.584 -3341.584 -3341.584 -3341.584 -3341.584 -3341.584 -3341.584 -3341.584 -3341.533 -3328.710 -2489.431 -1104.417 -613.724 -359.347 -355.248 -355.654 -355.697 -355.696 -355.692 -355.688 -355.684 -355.680 -355.676 -355.671 -355.667 -355.663 -355.659 -355.655 -355.651 -355.647 -355.643 -355.638 -355.634 -355.630 -355.626 -355.622 -355.618 -355.614 -355.610 -355.606 -355.601 -355.597 -355.593 -355.589 -355.585 -355.581 -355.577 -355.573 -355.573 -355.604 -355.899 -358.096 -371.963 -9999.000 -9999.000
-9999.000 -9999.000 -9999.000 -9999.000 -9999.000 -9999.000 -9999.000 -9999.000 -9999.000 -9999.000 -9999.000 -9999.000 -9999.000 -9999.000 -9999.000 -9999.000 -9999.000 -9999.000 -9999.000 -9999.000 -9999.000 -9999.000 -9999.000 -9999.000 -9999.000 -9999.000 -9999.000 -9999.000 -9999.000 -9999.000 -9999.000 -9999.000 -9999.000 -9999.000 -9999.000 -9999.000 -9999.000 -9999.000 -9999.000 -9999.000 -9999.000 -9999.000 -9999.000 -9999.000 -9999.000 -9999.000 -9999.000 -9999.000 -9999.000 -9999.000 -9999.000 -9999.000 -9999.000 -9999.000 -9999.000 -9999.000 -9999.000 -9999.000 -9999.000 -9999.000 -9999.000 -9999.000 -9999.000 -9999.000 -9999.000 -9999.000 -9999.000 -9999.000 -9999.000 -9999.000 -9999.000 -9999.000 -9999.000 -9999.000 -9999.000 -9999.000 -9999.000 -9999.000 -9999.000 -9999.000 -9999.000 -9999.000 -9999.000 -9999.000 -9999.000 -9999.000 -9999.000 -9999.000 -9999.000 -9999.000 -9999.000 -9999.000 -9999.000 -9999.000 -9999.000 -9999.000 -9999.000 -9999.000 -9999.000 -9999.000 -9999.000 -9999.000 -9999.000 -9999.000
-9999.000 -9999.000 -9999.000 -9999.000 -9999.000 -9999.000 -9999.000 -9999.000 -9999.000 -9999.000 -9999.000 -9999.000 -9999.000 -9999.000 -9999.000 -9999.000 -9999.000 -9999.000 -9999.000 -9999.000 -9999.000 -9999.000 -9999.000 -9999.000 -9999.000 -9999.000 -9999.000 -9999.000 -9999.000 -9999.000 -9999.000 -9999.000 -9999.000 -9999.000 -9999.000 -9999.000 -9999.000 -9999.000 -9999.000 -9999.000 -9999.000 -9999.000 -9999.000 -9999.000 -9999.000 -9999.000 -9999.000 -9999.000 -9999.000 -9999.000 -9999.000 -9999.000 -9999.000 -9999.000 -9999.000 -9999.000 -9999.000 -9999.000 -9999.000 -9999.000 -9999.000 -9999.000 -9999.000 -9999.000 -9999.000 -9999.000 -9999.000 -9999.000 -9999.000 -9999.000 -9999.000 -9999.000 -9999.000 -9999.000 -9999.000 -9999.000 -9999.000 -9999.000 -9999.000 -9999.000 -9999.000 -9999.000 -9999.000 -9999.000 -9999.000 -9999.000 -9999.000 -9999.000 -9999.000 -9999.000 -9999.000 -9999.000 -9999.000 -9999.000 -9999.000 -9999.000 -9999.000 -9999.000 -9999.000 -9999.000 -9999.000 -9999.000 -9999.000 -9999.000