examples/3D/hillslope02_superslab/output-maps-METEOIO-OFF/psiliqL0026N0001.asc
ncols         104
nrows         10
xllcorner     -2.000000
yllcorner     0.000000
cellsize      1.000000
NODATA_value  -9999.0
-9999.000 -9999.000 -9999.000 -9999.000 -9999.000 -9999.000 -9999.000 -9999.000 -9999.000 -9999.000 -9999.000 -9999.000 -9999.000 -9999.000 -9999.000 -9999.000 -9999.000 -9999.000 -9999.000 -9999.000 -9999.000 -9999.000 -9999.000 -9999.000 -9999.000 -9999.000 -9999.000 -9999.000 -9999.000 -9999.000 -9999.000 -9999.000 -9999.000 -9999.000 -9999.000 -9999.000 -9999.000 -9999.000 -9999.000 -9999.000 -9999.000 -9999.000 -9999.000 -9999.000 -9999.000 -9999.000 -9999.000 -9999.000 -9999.000 -9999.000 -9999.000 -9999.000 -9999.000 -9999.000 -9999.000 -9999.000 -9999.000 -9999.000 -9999.000 -9999.000 -9999.000 -9999.000 -9999.000 -9999.000 -9999.000 -9999.000 -9999.000 -9999.000 -9999.000 -9999.000 -9999.000 -9999.000 -9999.000 -9999.000 -9999.000 -9999.000 -9999.000 -9999.000 -9999.000 -9999.000 -9999.000 -9999.000 -9999.000 -9999.000 -9999.000 -9999.000 -9999.000 -9999.000 -9999.000 -9999.000 -9999.000 -9999.000 -9999.000 -9999.000 -9999.000 -9999.000 -9999.000 -9999.000 -9999.000 -9999.000 -9999.000 -9999.000 -9999.000 -9999.000
-9999.000 -9999.000 -9999.000 -9999.000 -9999.000 -9999.000 -9999.000 -9999.000 -9999.000 -9999.000 -9999.000 -9999.000 -9999.000 -9999.000 -9999.000 -9999.000 -9999.000 -9999.000 -9999.000 -9999.000 -9999.000 -9999.000 -9999.000 -9999.000 -9999.000 -9999.000 -9999.000 -9999.000 -9999.000 -9999.000 -9999.000 -9999.000 -9999.000 -9999.000 -9999.000 -9999.000 -9999.000 -9999.000 -9999.000 -9999.000 -9999.000 -9999.000 -9999.000 -9999.000 -9999.000 -9999.000 -9999.000 -9999.000 -9999.000 -9999.000 -9999.000 -9999.000 -9999.000 -9999.000 -9999.000 -9999.000 -9999.000 -9999.000 -9999.000 -9999.000 -9999.000 -9999.000 -9999.000 -9999.000 -9999.000 -9999.000 -9999.000 -9999.000 -9999.000 -9999.000 -9999.000 -9999.000 -9999.000 -9999.000 -9999.000 -9999.000 -9999.000 -9999.000 -9999.000 -9999.000 -9999.000 -9999.000 -9999.000 -9999.000 -9999.000 -9999.000 -9999.000 -9999.000 -9999.000 -9999.000 -9999.000 -9999.000 -9999.000 -9999.000 -9999.000 -9999.000 -9999.000 -9999.000 -9999.000 -9999.000 -9999.000 -9999.000 -9999.000 -9999.000
-9999.000 -9999.000 -343.018 -350.501 -338.258 -321.627 -312.802 -311.179 -313.292 -317.717 -327.144 -363.262 -388.724 -408.655 -418.505 -412.498 -406.621 -402.029 -397.003 -392.298 -387.672 -383.021 -378.325 -146.954 73.859 313.870 575.010 689.907 641.886 593.398 540.306 478.139 404.497 318.862 221.258 112.047 -8.117 -129.725 -219.221 -258.693 -272.345 -289.031 -901.001 -2404.536 -3678.077 -3688.103 -3688.119 -3688.119 -3688.119 -3688.119 -3688.119 -3688.119 -3688.119 -3688.119 -3688.119 -3688.119 -3688.119 -3688.119 -3688.117 -3686.727 -3117.309 -1028.803 -351.253 -355.211 -355.670 -355.697 -355.695 -355.691 -355.687 -355.683 -355.679 -355.674 -355.670 -355.666 -355.662 -355.658 -355.654 -355.650 -355.646 -355.641 -355.637 -355.633 -355.629 -355.625 -355.621 -355.617 -355.613 -355.608 -355.604 -355.600 -355.596 -355.592 -355.588 -355.584 -355.580 -355.575 -355.572 -355.569 -355.584 -355.761 -357.311 -368.803 -9999.000 -9999.000
-9999.000 -9999.000 -343.018 -350.501 -338.258 -321.627 -312.802 -311.179 -313.292 -317.717 -327.144 -363.262 -388.724 -408.655 -418.505 -412.498 -406.621 -402.029 -397.003 -392.298 -387.672 -383.021 -378.325 -146.954 73.859 313.870 575.010 689.907 641.886 593.398 540.306 478.139 404.497 318.862 221.258 112.047 -8.117 -129.725 -219.221 -258.693 -272.345 -289.031 -901.001 -2404.536 -3678.077 -3688.103 -3688.119 -3688.119 -3688.119 -3688.119 -3688.119 -3688.119 -3688.119 -3688.119 -3688.119 -3688.119 -3688.119 -3688.119 -3688.117 -3686.727 -3117.309 -1028.803 -351.253 -355.211 -355.670 -355.697 -355.695 -355.691 -355.687 -355.683 -355.679 -355.674 -355.670 -355.666 -355.662 -355.658 -355.654 -355.650 -355.646 -355.641 -355.637 -355.633 -355.629 -355.625 -355.621 -355.617 -355.613 -355.608 -355.604 -355.600 -355.596 -355.592 -355.588 -355.584 -355.580 -355.575 -355.572 -355.569 -355.584 -355.761 -357.311 -368.803 -9999.000 -9999.000
-9999.000 -9999.000 -343.018 -350.501 -338.258 -321.627 -312.802 -311.179 -313.292 -317.717 -327.144 -363.262 -388.724 -408.655 -418.505 -412.498 -406.621 -402.029 -397.003 -392.298 -387.672 -383.021 -378.325 -146.954 73.859 313.870 575.010 689.907 641.886 593.398 540.306 478.139 404.497 318.862 221.258 112.047 -8.117 -129.725 -219.221 -258.693 -272.345 -289.031 -901.001 -2404.536 -3678.077 -3688.103 -3688.119 -3688.119 -3688.119 -3688.119 -3688.119 -3688.119 -3688.119 -3688.119 -3688.119 -3688.119 -3688.119 -3688.119 -3688.117 -3686.727 -3117.309 -1028.803 -351.253 -355.211 -355.670 -355.697 -355.695 -355.691 -355.687 -355.683 -355.679 -355.674 -355.670 -355.666 -355.662 -355.658 -355.654 -355.650 -355.646 -355.641 -355.637 -355.633 -355.629 -355.625 -355.621 -355.617 -355.613 -355.608 -355.604 -355.600 -355.596 -355.592 -355.588 -355.584 -355.580 -355.575 -355.572 -355.569 -355.584 -355.761 -357.311 -368.803 -9999.000 -9999.000
-9999.000 -9999.000 -343.018 -350.501 -338.258 -321.627 -312.802 -311.179 -313.292 -317.717 -327.144 -363.262 -388.724 -408.655 -418.505 -412.498 -406.621 -402.029 -397.003 -392.298 -387.672 -383.021 -378.325 -146.954 73.859 313.870 575.010 689.907 641.886 593.398 540.306 478.139 404.497 318.862 221.258 112.047 -8.117 -129.725 -219.221 -258.693 -272.345 -289.031 -901.001 -2404.536 -3678.077 -3688.103 -3688.119 -3688.119 -3688.119 -3688.119 -3688.119 -3688.119 -3688.119 -3688.119 -3688.119 -3688.119 -3688.119 -3688.119 -3688.117 -3686.727 -3117.309 -1028.803 -351.253 -355.211 -355.670 -355.697 -355.695 -355.691 -355.687 -355.683 -355.679 -355.674 -355.670 -355.666 -355.662 -355.658 -355.654 -355.650 -355.646 -355.641 -355.637 -355.633 -355.629 -355.625 -355.621 -355.617 -355.613 -355.608 -355.604 -355.600 -355.596 -355.592 -355.588 -355.584 -355.580 -355.575 -355.572 -355.569 -355.584 -355.761 -357.311 -368.803 -9999.000 -9999.000
-9999.000 -9999.000 -343.018 -350.501 -338.258 -321.627 -312.802 -311.179 -313.292 -317.717 -327.144 -363.262 -388.724 -408.655 -418.505 -412.498 -406.621 -402.029 -397.003 -392.298 -387.672 -383.021 -378.325 -146.954 73.859 313.870 575.010 689.907 641.886 593.398 540.306 478.139 404.497 318.862 221.258 112.047 -8.117 -129.725 -219.221 -258.693 -272.345 -289.031 -901.001 -2404.536 -3678.077 -3688.103 -3688.119 -3688.119 -3688.119 -3688.119 -3688.119 -3688.119 -3688.119 -3688.119 -3688.119 -3688.119 -3688.119 -3688.119 -3688.117 -3686.727 -3117.309 -1028.803 -351.253 -355.211 -355.670 -355.697 -355.695 -355.691 -355.687 -355.683 -355.679 -355.674 -355.670 -355.666 -355.662 -355.658 -355.654 -355.650 -355.646 -355.641 -355.637 -355.633 -355.629 -355.625 -355.621 -355.617 -355.613 -355.608 -355.604 -355.600 -355.596 -355.592 -355.588 -355.584 -355.580 -355.575 -355.572 -355.569 -355.584 -355.761 -357.311 -368.803 -9999.000 -9999.000
-9999.000 -9999.000 -343.018 -350.501 -338.258 -321.627 -312.802 -311.179 -313.292 -317.717 -327.144 -363.262 -388.724 -408.655 -418.505 -412.498 -406.621 -402.029 -397.003 -392.298 -387.672 -383.021 -378.325 -146.954 73.859 313.870 575.010 689.907 641.886 593.398 540.306 478.139 404.497 318.862 221.258 112.047 -8.117 -129.725 -219.221 -258.693 -272.345 -289.031 -901.001 -2404.536 -3678.077 -3688.103 -3688.119 -3688.119 -3688.119 -3688.119 -3688.119 -3688.119 -3688.119 -3688.119 -3688.119 -3688.119 -3688.119 -3688.119 -3688.117 -3686.727 -3117.309 -1028.803 -351.253 -355.211 -355.670 -355.697 -355.695 -355.691 -355.687 -355.683 -355.679 -355.674 -355.670 -355.666 -355.662 -355.658 -355.654 -355.650 -355.646 -355.641 -355.637 -355.633 -355.629 -355.625 -355.621 -355.617 -355.613 -355.608 -355.604 -355.600 -355.596 -355.592 -355.588 -355.584 -355.580 -355.575 -355.572 -355.569 -355.584 -355.761 -357.311 -368.803 -9999.000 -9999.000
-9999.000 -9999.000 -9999.000 -9999.000 -9999.000 -9999.000 -9999.000 -9999.000 -9999.000 -9999.000 -9999.000 -9999.000 -9999.000 -9999.000 -9999.000 -9999.000 -9999.000 -9999.000 -9999.000 -9999.000 -9999.000 -9999.000 -9999.000 -9999.000 -9999.000 -9999.000 -9999.000 -9999.000 -9999.000 -9999.000 -9999.000 -9999.000 -9999.000 -9999.000 -9999.000 -9999.000 -9999.000 -9999.000 -9999.000 -9999.000 -9999.000 -9999.000 -9999.000 -9999.000 -9999.000 -9999.000 -9999.000 -9999.000 -9999.000 -9999.000 -9999.000 -9999.000 -9999.000 -9999.000 -9999.000 -9999.000 -9999.000 -9999.000 -9999.000 -9999.000 -9999.000 -9999.000 -9999.000 -9999.000 -9999.000 -9999.000 -9999.000 -9999.000 -9999.000 -9999.000 -9999.000 -9999.000 -9999.000 -9999.000 -9999.000 -9999.000 -9999.000 -9999.000 -9999.000 -9999.000 -9999.000 -9999.000 -9999.000 -9999.000 -9999.000 -9999.000 -9999.000 -9999.000 -9999.000 -9999.000 -9999.000 -9999.000 -9999.000 -9999.000 -9999.000 -9999.000 -9999.000 -9999.000 -9999.000 -9999.000 -9999.000 -9999.000 -9999.000 -9999.000
-9999.000 -9999.000 -9999.000 -9999.000 -9999.000 -9999.000 -9999.000 -9999.000 -9999.000 -9999.000 -9999.000 -9999.000 -9999.000 -9999.000 -9999.000 -9999.000 -9999.000 -9999.000 -9999.000 -9999.000 -9999.000 -9999.000 -9999.000 -9999.000 -9999.000 -9999.000 -9999.000 -9999.000 -9999.000 -9999.000 -9999.000 -9999.000 -9999.000 -9999.000 -9999.000 -9999.000 -9999.000 -9999.000 -9999.000 -9999.000 -9999.000 -9999.000 -9999.000 -9999.000 -9999.000 -9999.000 -9999.000 -9999.000 -9999.000 -9999.000 -9999.000 -9999.000 -9999.000 -9999.000 -9999.000 -9999.000 -9999.000 -9999.000 -9999.000 -9999.000 -9999.000 -9999.000 -9999.000 -9999.000 -9999.000 -9999.000 -9999.000 -9999.000 -9999.000 -9999.000 -9999.000 -9999.000 -9999.000 -9999.000 -9999.000 -9999.000 -9999.000 -9999.000 -9999.000 -9999.000 -9999.000 -9999.000 -9999.000 -9999.000 -9999.000 -9999.000 -9999.000 -9999.000 -9999.000 -9999.000 -9999.000 -9999.000 -9999.000 -9999.000 -9999.000 -9999.000 -9999.000 -9999.000 -9999.000 -9999.000 -9999.000 -9999.000 -9999.000 -9999.000