examples/3D/hillslope02_superslab/output-maps-METEOIO-OFF/psiliqL0091N0003.asc
ncols         104
nrows         10
xllcorner     -2.000000
yllcorner     0.000000
cellsize      1.000000
NODATA_value  -9999.0
-9999.000 -9999.000 -9999.000 -9999.000 -9999.000 -9999.000 -9999.000 -9999.000 -9999.000 -9999.000 -9999.000 -9999.000 -9999.000 -9999.000 -9999.000 -9999.000 -9999.000 -9999.000 -9999.000 -9999.000 -9999.000 -9999.000 -9999.000 -9999.000 -9999.000 -9999.000 -9999.000 -9999.000 -9999.000 -9999.000 -9999.000 -9999.000 -9999.000 -9999.000 -9999.000 -9999.000 -9999.000 -9999.000 -9999.000 -9999.000 -9999.000 -9999.000 -9999.000 -9999.000 -9999.000 -9999.000 -9999.000 -9999.000 -9999.000 -9999.000 -9999.000 -9999.000 -9999.000 -9999.000 -9999.000 -9999.000 -9999.000 -9999.000 -9999.000 -9999.000 -9999.000 -9999.000 -9999.000 -9999.000 -9999.000 -9999.000 -9999.000 -9999.000 -9999.000 -9999.000 -9999.000 -9999.000 -9999.000 -9999.000 -9999.000 -9999.000 -9999.000 -9999.000 -9999.000 -9999.000 -9999.000 -9999.000 -9999.000 -9999.000 -9999.000 -9999.000 -9999.000 -9999.000 -9999.000 -9999.000 -9999.000 -9999.000 -9999.000 -9999.000 -9999.000 -9999.000 -9999.000 -9999.000 -9999.000 -9999.000 -9999.000 -9999.000 -9999.000 -9999.000
-9999.000 -9999.000 -9999.000 -9999.000 -9999.000 -9999.000 -9999.000 -9999.000 -9999.000 -9999.000 -9999.000 -9999.000 -9999.000 -9999.000 -9999.000 -9999.000 -9999.000 -9999.000 -9999.000 -9999.000 -9999.000 -9999.000 -9999.000 -9999.000 -9999.000 -9999.000 -9999.000 -9999.000 -9999.000 -9999.000 -9999.000 -9999.000 -9999.000 -9999.000 -9999.000 -9999.000 -9999.000 -9999.000 -9999.000 -9999.000 -9999.000 -9999.000 -9999.000 -9999.000 -9999.000 -9999.000 -9999.000 -9999.000 -9999.000 -9999.000 -9999.000 -9999.000 -9999.000 -9999.000 -9999.000 -9999.000 -9999.000 -9999.000 -9999.000 -9999.000 -9999.000 -9999.000 -9999.000 -9999.000 -9999.000 -9999.000 -9999.000 -9999.000 -9999.000 -9999.000 -9999.000 -9999.000 -9999.000 -9999.000 -9999.000 -9999.000 -9999.000 -9999.000 -9999.000 -9999.000 -9999.000 -9999.000 -9999.000 -9999.000 -9999.000 -9999.000 -9999.000 -9999.000 -9999.000 -9999.000 -9999.000 -9999.000 -9999.000 -9999.000 -9999.000 -9999.000 -9999.000 -9999.000 -9999.000 -9999.000 -9999.000 -9999.000 -9999.000 -9999.000
-9999.000 -9999.000 4555.355 4459.051 4365.844 4274.976 4185.850 4098.112 4011.609 3926.326 3842.323 3759.693 3678.524 3598.887 3520.825 3444.346 3369.432 3296.039 3224.103 3153.543 3084.269 3016.184 2949.190 2883.182 2818.056 2753.705 2690.019 2626.898 2564.266 2502.081 2440.351 2379.134 2318.500 2258.525 2199.292 2140.896 2083.445 2027.062 1971.888 1918.082 1865.829 1815.341 1766.866 1720.695 1677.172 1636.710 1599.813 1567.112 1539.410 1517.756 1503.559 1498.678 1493.290 1461.967 1428.840 1397.147 1367.455 1339.736 1313.943 1289.829 1267.218 1245.703 1224.959 1204.621 1184.432 1164.327 1144.119 1123.764 1103.139 1082.123 1060.696 1038.673 1016.119 992.838 968.856 944.007 918.319 891.613 863.969 835.187 805.340 774.301 741.934 708.357 673.399 636.916 598.966 559.499 518.367 475.447 430.636 383.835 334.939 283.815 230.290 174.124 114.967 52.284 -14.172 -84.849 -160.088 -240.373 -9999.000 -9999.000
-9999.000 -9999.000 4555.355 4459.052 4365.844 4274.976 4185.850 4098.112 4011.609 3926.326 3842.323 3759.693 3678.524 3598.887 3520.825 3444.346 3369.432 3296.039 3224.103 3153.543 3084.269 3016.184 2949.190 2883.182 2818.056 2753.705 2690.019 2626.898 2564.266 2502.081 2440.351 2379.134 2318.500 2258.525 2199.292 2140.896 2083.445 2027.062 1971.888 1918.082 1865.829 1815.341 1766.866 1720.695 1677.172 1636.710 1599.813 1567.112 1539.410 1517.756 1503.559 1498.678 1493.290 1461.967 1428.840 1397.147 1367.455 1339.736 1313.943 1289.829 1267.218 1245.703 1224.959 1204.621 1184.432 1164.327 1144.119 1123.764 1103.139 1082.123 1060.696 1038.673 1016.119 992.838 968.856 944.007 918.319 891.613 863.969 835.187 805.340 774.301 741.934 708.357 673.399 636.916 598.966 559.499 518.367 475.447 430.636 383.835 334.939 283.815 230.290 174.124 114.967 52.284 -14.172 -84.849 -160.088 -240.373 -9999.000 -9999.000
-9999.000 -9999.000 4555.355 4459.052 4365.845 4274.976 4185.850 4098.112 4011.609 3926.326 3842.323 3759.693 3678.524 3598.887 3520.825 3444.346 3369.432 3296.039 3224.103 3153.543 3084.269 3016.184 2949.190 2883.182 2818.056 2753.705 2690.019 2626.898 2564.266 2502.081 2440.351 2379.134 2318.500 2258.525 2199.292 2140.896 2083.445 2027.062 1971.888 1918.082 1865.829 1815.341 1766.866 1720.695 1677.172 1636.710 1599.813 1567.112 1539.410 1517.756 1503.559 1498.678 1493.290 1461.967 1428.840 1397.147 1367.455 1339.736 1313.943 1289.829 1267.218 1245.703 1224.959 1204.621 1184.432 1164.327 1144.119 1123.764 1103.139 1082.123 1060.696 1038.673 1016.119 992.838 968.856 944.007 918.319 891.613 863.969 835.187 805.340 774.301 741.934 708.357 673.399 636.916 598.966 559.499 518.367 475.447 430.636 383.835 334.939 283.815 230.290 174.124 114.967 52.284 -14.172 -84.849 -160.088 -240.373 -9999.000 -9999.000
-9999.000 -9999.000 4555.355 4459.052 4365.845 4274.976 4185.850 4098.112 4011.609 3926.326 3842.323 3759.693 3678.524 3598.887 3520.825 3444.346 3369.432 3296.039 3224.103 3153.543 3084.269 3016.184 2949.190 2883.182 2818.056 2753.705 2690.019 2626.898 2564.266 2502.081 2440.351 2379.134 2318.500 2258.525 2199.292 2140.896 2083.445 2027.062 1971.888 1918.082 1865.829 1815.341 1766.866 1720.695 1677.172 1636.710 1599.813 1567.112 1539.410 1517.756 1503.559 1498.678 1493.290 1461.967 1428.840 1397.147 1367.455 1339.736 1313.943 1289.829 1267.218 1245.703 1224.959 1204.621 1184.432 1164.327 1144.119 1123.764 1103.139 1082.123 1060.696 1038.673 1016.119 992.838 968.856 944.007 918.319 891.613 863.969 835.187 805.340 774.301 741.934 708.357 673.399 636.916 598.966 559.499 518.367 475.447 430.636 383.835 334.939 283.815 230.290 174.124 114.967 52.284 -14.172 -84.849 -160.088 -240.373 -9999.000 -9999.000
-9999.000 -9999.000 4555.355 4459.052 4365.844 4274.976 4185.850 4098.112 4011.609 3926.326 3842.323 3759.693 3678.524 3598.887 3520.825 3444.346 3369.432 3296.039 3224.103 3153.543 3084.269 3016.184 2949.190 2883.182 2818.056 2753.705 2690.019 2626.898 2564.266 2502.081 2440.351 2379.134 2318.500 2258.525 2199.292 2140.896 2083.445 2027.062 1971.888 1918.082 1865.829 1815.341 1766.866 1720.695 1677.172 1636.710 1599.813 1567.112 1539.410 1517.756 1503.559 1498.678 1493.290 1461.967 1428.840 1397.147 1367.455 1339.736 1313.943 1289.829 1267.218 1245.703 1224.959 1204.621 1184.432 1164.327 1144.119 1123.764 1103.139 1082.123 1060.696 1038.673 1016.119 992.838 968.856 944.007 918.319 891.613 863.969 835.187 805.340 774.301 741.934 708.357 673.399 636.916 598.966 559.499 518.367 475.447 430.636 383.835 334.939 283.815 230.290 174.124 114.967 52.284 -14.172 -84.849 -160.088 -240.373 -9999.000 -9999.000
-9999.000 -9999.000 4555.355 4459.051 4365.844 4274.976 4185.850 4098.112 4011.609 3926.326 3842.323 3759.693 3678.524 3598.887 3520.825 3444.346 3369.432 3296.039 3224.103 3153.543 3084.269 3016.184 2949.190 2883.182 2818.056 2753.705 2690.019 2626.898 2564.266 2502.081 2440.351 2379.134 2318.500 2258.525 2199.292 2140.896 2083.445 2027.062 1971.888 1918.082 1865.829 1815.341 1766.866 1720.695 1677.172 1636.710 1599.813 1567.112 1539.410 1517.756 1503.559 1498.678 1493.290 1461.967 1428.840 1397.147 1367.455 1339.736 1313.943 1289.829 1267.218 1245.703 1224.959 1204.621 1184.432 1164.327 1144.119 1123.764 1103.139 1082.123 1060.696 1038.673 1016.119 992.838 968.856 944.007 918.319 891.613 863.969 835.187 805.340 774.301 741.934 708.357 673.399 636.916 598.966 559.499 518.367 475.447 430.636 383.835 334.939 283.815 230.290 174.124 114.967 52.284 -14.172 -84.849 -160.088 -240.373 -9999.000 -9999.000
-9999.000 -9999.000 -9999.000 -9999.000 -9999.000 -9999.000 -9999.000 -9999.000 -9999.000 -9999.000 -9999.000 -9999.000 -9999.000 -9999.000 -9999.000 -9999.000 -9999.000 -9999.000 -9999.000 -9999.000 -9999.000 -9999.000 -9999.000 -9999.000 -9999.000 -9999.000 -9999.000 -9999.000 -9999.000 -9999.000 -9999.000 -9999.000 -9999.000 -9999.000 -9999.000 -9999.000 -9999.000 -9999.000 -9999.000 -9999.000 -9999.000 -9999.000 -9999.000 -9999.000 -9999.000 -9999.000 -9999.000 -9999.000 -9999.000 -9999.000 -9999.000 -9999.000 -9999.000 -9999.000 -9999.000 -9999.000 -9999.000 -9999.000 -9999.000 -9999.000 -9999.000 -9999.000 -9999.000 -9999.000 -9999.000 -9999.000 -9999.000 -9999.000 -9999.000 -9999.000 -9999.000 -9999.000 -9999.000 -9999.000 -9999.000 -9999.000 -9999.000 -9999.000 -9999.000 -9999.000 -9999.000 -9999.000 -9999.000 -9999.000 -9999.000 -9999.000 -9999.000 -9999.000 -9999.000 -9999.000 -9999.000 -9999.000 -9999.000 -9999.000 -9999.000 -9999.000 -9999.000 -9999.000 -9999.000 -9999.000 -9999.000 -9999.000 -9999.000 -9999.000
-9999.000 -9999.000 -9999.000 -9999.000 -9999.000 -9999.000 -9999.000 -9999.000 -9999.000 -9999.000 -9999.000 -9999.000 -9999.000 -9999.000 -9999.000 -9999.000 -9999.000 -9999.000 -9999.000 -9999.000 -9999.000 -9999.000 -9999.000 -9999.000 -9999.000 -9999.000 -9999.000 -9999.000 -9999.000 -9999.000 -9999.000 -9999.000 -9999.000 -9999.000 -9999.000 -9999.000 -9999.000 -9999.000 -9999.000 -9999.000 -9999.000 -9999.000 -9999.000 -9999.000 -9999.000 -9999.000 -9999.000 -9999.000 -9999.000 -9999.000 -9999.000 -9999.000 -9999.000 -9999.000 -9999.000 -9999.000 -9999.000 -9999.000 -9999.000 -9999.000 -9999.000 -9999.000 -9999.000 -9999.000 -9999.000 -9999.000 -9999.000 -9999.000 -9999.000 -9999.000 -9999.000 -9999.000 -9999.000 -9999.000 -9999.000 -9999.000 -9999.000 -9999.000 -9999.000 -9999.000 -9999.000 -9999.000 -9999.000 -9999.000 -9999.000 -9999.000 -9999.000 -9999.000 -9999.000 -9999.000 -9999.000 -9999.000 -9999.000 -9999.000 -9999.000 -9999.000 -9999.000 -9999.000 -9999.000 -9999.000 -9999.000 -9999.000 -9999.000 -9999.000