examples/3D/hillslope02_superslab/output-maps-METEOIO-OFF/psiliqL0055N0001.asc
ncols         104
nrows         10
xllcorner     -2.000000
yllcorner     0.000000
cellsize      1.000000
NODATA_value  -9999.0
-9999.000 -9999.000 -9999.000 -9999.000 -9999.000 -9999.000 -9999.000 -9999.000 -9999.000 -9999.000 -9999.000 -9999.000 -9999.000 -9999.000 -9999.000 -9999.000 -9999.000 -9999.000 -9999.000 -9999.000 -9999.000 -9999.000 -9999.000 -9999.000 -9999.000 -9999.000 -9999.000 -9999.000 -9999.000 -9999.000 -9999.000 -9999.000 -9999.000 -9999.000 -9999.000 -9999.000 -9999.000 -9999.000 -9999.000 -9999.000 -9999.000 -9999.000 -9999.000 -9999.000 -9999.000 -9999.000 -9999.000 -9999.000 -9999.000 -9999.000 -9999.000 -9999.000 -9999.000 -9999.000 -9999.000 -9999.000 -9999.000 -9999.000 -9999.000 -9999.000 -9999.000 -9999.000 -9999.000 -9999.000 -9999.000 -9999.000 -9999.000 -9999.000 -9999.000 -9999.000 -9999.000 -9999.000 -9999.000 -9999.000 -9999.000 -9999.000 -9999.000 -9999.000 -9999.000 -9999.000 -9999.000 -9999.000 -9999.000 -9999.000 -9999.000 -9999.000 -9999.000 -9999.000 -9999.000 -9999.000 -9999.000 -9999.000 -9999.000 -9999.000 -9999.000 -9999.000 -9999.000 -9999.000 -9999.000 -9999.000 -9999.000 -9999.000 -9999.000 -9999.000
-9999.000 -9999.000 -9999.000 -9999.000 -9999.000 -9999.000 -9999.000 -9999.000 -9999.000 -9999.000 -9999.000 -9999.000 -9999.000 -9999.000 -9999.000 -9999.000 -9999.000 -9999.000 -9999.000 -9999.000 -9999.000 -9999.000 -9999.000 -9999.000 -9999.000 -9999.000 -9999.000 -9999.000 -9999.000 -9999.000 -9999.000 -9999.000 -9999.000 -9999.000 -9999.000 -9999.000 -9999.000 -9999.000 -9999.000 -9999.000 -9999.000 -9999.000 -9999.000 -9999.000 -9999.000 -9999.000 -9999.000 -9999.000 -9999.000 -9999.000 -9999.000 -9999.000 -9999.000 -9999.000 -9999.000 -9999.000 -9999.000 -9999.000 -9999.000 -9999.000 -9999.000 -9999.000 -9999.000 -9999.000 -9999.000 -9999.000 -9999.000 -9999.000 -9999.000 -9999.000 -9999.000 -9999.000 -9999.000 -9999.000 -9999.000 -9999.000 -9999.000 -9999.000 -9999.000 -9999.000 -9999.000 -9999.000 -9999.000 -9999.000 -9999.000 -9999.000 -9999.000 -9999.000 -9999.000 -9999.000 -9999.000 -9999.000 -9999.000 -9999.000 -9999.000 -9999.000 -9999.000 -9999.000 -9999.000 -9999.000 -9999.000 -9999.000 -9999.000 -9999.000
-9999.000 -9999.000 -333.844 -353.296 -348.250 -334.099 -322.492 -318.004 -318.824 -324.160 -341.013 -431.360 -1171.578 -2244.293 -2252.469 -2252.475 -2252.475 -2252.475 -2252.475 -2252.475 -2252.475 -2252.475 -2252.475 -2252.475 -2252.467 -2251.188 -1858.506 -647.286 -423.113 -371.647 -357.453 -352.367 -349.953 -348.759 -348.422 -348.828 -349.940 -201.258 51.682 273.276 453.302 577.998 358.270 130.462 -103.565 -345.116 -1006.796 -2231.618 -2252.461 -2252.477 -2252.476 -2252.476 -2252.475 -2252.475 -2252.475 -2252.475 -2252.475 -2252.475 -2252.475 -2252.464 -2242.880 -1297.262 -449.377 -367.263 -360.929 -360.539 -360.515 -360.507 -360.499 -360.492 -360.485 -360.477 -360.470 -360.462 -360.455 -360.447 -360.440 -360.433 -360.425 -360.418 -360.410 -360.403 -360.395 -360.388 -360.381 -360.373 -360.366 -360.359 -360.351 -360.344 -360.336 -360.329 -360.322 -360.314 -360.307 -360.301 -360.300 -360.337 -360.610 -362.164 -369.929 -405.237 -9999.000 -9999.000
-9999.000 -9999.000 -333.844 -353.296 -348.250 -334.099 -322.492 -318.004 -318.824 -324.160 -341.013 -431.360 -1171.578 -2244.293 -2252.469 -2252.475 -2252.475 -2252.475 -2252.475 -2252.475 -2252.475 -2252.475 -2252.475 -2252.475 -2252.467 -2251.188 -1858.506 -647.286 -423.113 -371.647 -357.453 -352.367 -349.953 -348.759 -348.422 -348.828 -349.940 -201.258 51.682 273.276 453.302 577.998 358.270 130.462 -103.565 -345.116 -1006.796 -2231.618 -2252.461 -2252.477 -2252.476 -2252.476 -2252.475 -2252.475 -2252.475 -2252.475 -2252.475 -2252.475 -2252.475 -2252.464 -2242.880 -1297.262 -449.377 -367.263 -360.929 -360.539 -360.515 -360.507 -360.499 -360.492 -360.485 -360.477 -360.470 -360.462 -360.455 -360.447 -360.440 -360.433 -360.425 -360.418 -360.410 -360.403 -360.395 -360.388 -360.381 -360.373 -360.366 -360.359 -360.351 -360.344 -360.336 -360.329 -360.322 -360.314 -360.307 -360.301 -360.300 -360.337 -360.610 -362.164 -369.929 -405.237 -9999.000 -9999.000
-9999.000 -9999.000 -333.844 -353.296 -348.250 -334.099 -322.492 -318.004 -318.824 -324.160 -341.013 -431.360 -1171.578 -2244.293 -2252.469 -2252.475 -2252.475 -2252.475 -2252.475 -2252.475 -2252.475 -2252.475 -2252.475 -2252.475 -2252.467 -2251.188 -1858.506 -647.286 -423.113 -371.647 -357.453 -352.367 -349.953 -348.759 -348.422 -348.828 -349.940 -201.258 51.682 273.276 453.302 577.998 358.270 130.462 -103.565 -345.116 -1006.796 -2231.618 -2252.461 -2252.477 -2252.476 -2252.476 -2252.475 -2252.475 -2252.475 -2252.475 -2252.475 -2252.475 -2252.475 -2252.464 -2242.880 -1297.262 -449.377 -367.263 -360.929 -360.539 -360.515 -360.507 -360.499 -360.492 -360.485 -360.477 -360.470 -360.462 -360.455 -360.447 -360.440 -360.433 -360.425 -360.418 -360.410 -360.403 -360.395 -360.388 -360.381 -360.373 -360.366 -360.359 -360.351 -360.344 -360.336 -360.329 -360.322 -360.314 -360.307 -360.301 -360.300 -360.337 -360.610 -362.164 -369.929 -405.237 -9999.000 -9999.000
-9999.000 -9999.000 -333.844 -353.296 -348.250 -334.099 -322.492 -318.004 -318.824 -324.160 -341.013 -431.360 -1171.578 -2244.293 -2252.469 -2252.475 -2252.475 -2252.475 -2252.475 -2252.475 -2252.475 -2252.475 -2252.475 -2252.475 -2252.467 -2251.188 -1858.506 -647.286 -423.113 -371.647 -357.453 -352.367 -349.953 -348.759 -348.422 -348.828 -349.940 -201.258 51.682 273.276 453.302 577.998 358.270 130.462 -103.565 -345.116 -1006.796 -2231.618 -2252.461 -2252.477 -2252.476 -2252.476 -2252.475 -2252.475 -2252.475 -2252.475 -2252.475 -2252.475 -2252.475 -2252.464 -2242.880 -1297.262 -449.377 -367.263 -360.929 -360.539 -360.515 -360.507 -360.499 -360.492 -360.485 -360.477 -360.470 -360.462 -360.455 -360.447 -360.440 -360.433 -360.425 -360.418 -360.410 -360.403 -360.395 -360.388 -360.381 -360.373 -360.366 -360.359 -360.351 -360.344 -360.336 -360.329 -360.322 -360.314 -360.307 -360.301 -360.300 -360.337 -360.610 -362.164 -369.929 -405.237 -9999.000 -9999.000
-9999.000 -9999.000 -333.844 -353.296 -348.250 -334.099 -322.492 -318.004 -318.824 -324.160 -341.013 -431.360 -1171.578 -2244.293 -2252.469 -2252.475 -2252.475 -2252.475 -2252.475 -2252.475 -2252.475 -2252.475 -2252.475 -2252.475 -2252.467 -2251.188 -1858.506 -647.286 -423.113 -371.647 -357.453 -352.367 -349.953 -348.759 -348.422 -348.828 -349.940 -201.258 51.682 273.276 453.302 577.998 358.270 130.462 -103.565 -345.116 -1006.796 -2231.618 -2252.461 -2252.477 -2252.476 -2252.476 -2252.475 -2252.475 -2252.475 -2252.475 -2252.475 -2252.475 -2252.475 -2252.464 -2242.880 -1297.262 -449.377 -367.263 -360.929 -360.539 -360.515 -360.507 -360.499 -360.492 -360.485 -360.477 -360.470 -360.462 -360.455 -360.447 -360.440 -360.433 -360.425 -360.418 -360.410 -360.403 -360.395 -360.388 -360.381 -360.373 -360.366 -360.359 -360.351 -360.344 -360.336 -360.329 -360.322 -360.314 -360.307 -360.301 -360.300 -360.337 -360.610 -362.164 -369.929 -405.237 -9999.000 -9999.000
-9999.000 -9999.000 -333.844 -353.296 -348.250 -334.099 -322.492 -318.004 -318.824 -324.160 -341.013 -431.360 -1171.578 -2244.293 -2252.469 -2252.475 -2252.475 -2252.475 -2252.475 -2252.475 -2252.475 -2252.475 -2252.475 -2252.475 -2252.467 -2251.188 -1858.506 -647.286 -423.113 -371.647 -357.453 -352.367 -349.953 -348.759 -348.422 -348.828 -349.940 -201.258 51.682 273.276 453.302 577.998 358.270 130.462 -103.565 -345.116 -1006.796 -2231.618 -2252.461 -2252.477 -2252.476 -2252.476 -2252.475 -2252.475 -2252.475 -2252.475 -2252.475 -2252.475 -2252.475 -2252.464 -2242.880 -1297.262 -449.377 -367.263 -360.929 -360.539 -360.515 -360.507 -360.499 -360.492 -360.485 -360.477 -360.470 -360.462 -360.455 -360.447 -360.440 -360.433 -360.425 -360.418 -360.410 -360.403 -360.395 -360.388 -360.381 -360.373 -360.366 -360.359 -360.351 -360.344 -360.336 -360.329 -360.322 -360.314 -360.307 -360.301 -360.300 -360.337 -360.610 -362.164 -369.929 -405.237 -9999.000 -9999.000
-9999.000 -9999.000 -9999.000 -9999.000 -9999.000 -9999.000 -9999.000 -9999.000 -9999.000 -9999.000 -9999.000 -9999.000 -9999.000 -9999.000 -9999.000 -9999.000 -9999.000 -9999.000 -9999.000 -9999.000 -9999.000 -9999.000 -9999.000 -9999.000 -9999.000 -9999.000 -9999.000 -9999.000 -9999.000 -9999.000 -9999.000 -9999.000 -9999.000 -9999.000 -9999.000 -9999.000 -9999.000 -9999.000 -9999.000 -9999.000 -9999.000 -9999.000 -9999.000 -9999.000 -9999.000 -9999.000 -9999.000 -9999.000 -9999.000 -9999.000 -9999.000 -9999.000 -9999.000 -9999.000 -9999.000 -9999.000 -9999.000 -9999.000 -9999.000 -9999.000 -9999.000 -9999.000 -9999.000 -9999.000 -9999.000 -9999.000 -9999.000 -9999.000 -9999.000 -9999.000 -9999.000 -9999.000 -9999.000 -9999.000 -9999.000 -9999.000 -9999.000 -9999.000 -9999.000 -9999.000 -9999.000 -9999.000 -9999.000 -9999.000 -9999.000 -9999.000 -9999.000 -9999.000 -9999.000 -9999.000 -9999.000 -9999.000 -9999.000 -9999.000 -9999.000 -9999.000 -9999.000 -9999.000 -9999.000 -9999.000 -9999.000 -9999.000 -9999.000 -9999.000
-9999.000 -9999.000 -9999.000 -9999.000 -9999.000 -9999.000 -9999.000 -9999.000 -9999.000 -9999.000 -9999.000 -9999.000 -9999.000 -9999.000 -9999.000 -9999.000 -9999.000 -9999.000 -9999.000 -9999.000 -9999.000 -9999.000 -9999.000 -9999.000 -9999.000 -9999.000 -9999.000 -9999.000 -9999.000 -9999.000 -9999.000 -9999.000 -9999.000 -9999.000 -9999.000 -9999.000 -9999.000 -9999.000 -9999.000 -9999.000 -9999.000 -9999.000 -9999.000 -9999.000 -9999.000 -9999.000 -9999.000 -9999.000 -9999.000 -9999.000 -9999.000 -9999.000 -9999.000 -9999.000 -9999.000 -9999.000 -9999.000 -9999.000 -9999.000 -9999.000 -9999.000 -9999.000 -9999.000 -9999.000 -9999.000 -9999.000 -9999.000 -9999.000 -9999.000 -9999.000 -9999.000 -9999.000 -9999.000 -9999.000 -9999.000 -9999.000 -9999.000 -9999.000 -9999.000 -9999.000 -9999.000 -9999.000 -9999.000 -9999.000 -9999.000 -9999.000 -9999.000 -9999.000 -9999.000 -9999.000 -9999.000 -9999.000 -9999.000 -9999.000 -9999.000 -9999.000 -9999.000 -9999.000 -9999.000 -9999.000 -9999.000 -9999.000 -9999.000 -9999.000