examples/3D/hillslope02_superslab/output-maps-METEOIO-OFF/psiliqL0008N0003.asc
ncols         104
nrows         10
xllcorner     -2.000000
yllcorner     0.000000
cellsize      1.000000
NODATA_value  -9999.0
-9999.000 -9999.000 -9999.000 -9999.000 -9999.000 -9999.000 -9999.000 -9999.000 -9999.000 -9999.000 -9999.000 -9999.000 -9999.000 -9999.000 -9999.000 -9999.000 -9999.000 -9999.000 -9999.000 -9999.000 -9999.000 -9999.000 -9999.000 -9999.000 -9999.000 -9999.000 -9999.000 -9999.000 -9999.000 -9999.000 -9999.000 -9999.000 -9999.000 -9999.000 -9999.000 -9999.000 -9999.000 -9999.000 -9999.000 -9999.000 -9999.000 -9999.000 -9999.000 -9999.000 -9999.000 -9999.000 -9999.000 -9999.000 -9999.000 -9999.000 -9999.000 -9999.000 -9999.000 -9999.000 -9999.000 -9999.000 -9999.000 -9999.000 -9999.000 -9999.000 -9999.000 -9999.000 -9999.000 -9999.000 -9999.000 -9999.000 -9999.000 -9999.000 -9999.000 -9999.000 -9999.000 -9999.000 -9999.000 -9999.000 -9999.000 -9999.000 -9999.000 -9999.000 -9999.000 -9999.000 -9999.000 -9999.000 -9999.000 -9999.000 -9999.000 -9999.000 -9999.000 -9999.000 -9999.000 -9999.000 -9999.000 -9999.000 -9999.000 -9999.000 -9999.000 -9999.000 -9999.000 -9999.000 -9999.000 -9999.000 -9999.000 -9999.000 -9999.000 -9999.000
-9999.000 -9999.000 -9999.000 -9999.000 -9999.000 -9999.000 -9999.000 -9999.000 -9999.000 -9999.000 -9999.000 -9999.000 -9999.000 -9999.000 -9999.000 -9999.000 -9999.000 -9999.000 -9999.000 -9999.000 -9999.000 -9999.000 -9999.000 -9999.000 -9999.000 -9999.000 -9999.000 -9999.000 -9999.000 -9999.000 -9999.000 -9999.000 -9999.000 -9999.000 -9999.000 -9999.000 -9999.000 -9999.000 -9999.000 -9999.000 -9999.000 -9999.000 -9999.000 -9999.000 -9999.000 -9999.000 -9999.000 -9999.000 -9999.000 -9999.000 -9999.000 -9999.000 -9999.000 -9999.000 -9999.000 -9999.000 -9999.000 -9999.000 -9999.000 -9999.000 -9999.000 -9999.000 -9999.000 -9999.000 -9999.000 -9999.000 -9999.000 -9999.000 -9999.000 -9999.000 -9999.000 -9999.000 -9999.000 -9999.000 -9999.000 -9999.000 -9999.000 -9999.000 -9999.000 -9999.000 -9999.000 -9999.000 -9999.000 -9999.000 -9999.000 -9999.000 -9999.000 -9999.000 -9999.000 -9999.000 -9999.000 -9999.000 -9999.000 -9999.000 -9999.000 -9999.000 -9999.000 -9999.000 -9999.000 -9999.000 -9999.000 -9999.000 -9999.000 -9999.000
-9999.000 -9999.000 389.479 319.548 238.616 153.150 66.053 -21.454 -108.919 -196.968 -287.436 -382.471 -487.556 -590.196 -666.489 -695.442 -681.793 -643.819 -605.727 -581.966 -578.443 -594.148 -622.721 -658.627 -697.482 -736.056 -772.265 -805.040 -834.063 -859.440 -881.434 -900.296 -916.196 -929.215 -939.436 -947.053 -952.384 -955.875 -958.038 -959.533 -962.807 -989.518 -1449.010 -1816.257 -1818.163 -1818.657 -1819.121 -1819.558 -1819.965 -1820.523 -1821.087 -1821.615 -1822.098 -1822.648 -1823.328 -1823.951 -1824.507 -1825.232 -1826.030 -1826.716 -1825.543 -1440.473 -975.905 -966.087 -965.737 -965.735 -965.736 -965.735 -965.735 -965.735 -965.735 -965.734 -965.734 -965.734 -965.734 -965.733 -965.733 -965.733 -965.733 -965.732 -965.732 -965.732 -965.732 -965.731 -965.731 -965.731 -965.731 -965.730 -965.730 -965.730 -965.730 -965.729 -965.729 -965.729 -965.729 -965.728 -965.728 -965.730 -965.748 -965.909 -967.259 -977.907 -9999.000 -9999.000
-9999.000 -9999.000 389.527 319.561 238.620 153.151 66.053 -21.454 -108.919 -196.968 -287.436 -382.471 -487.556 -590.196 -666.489 -695.442 -681.793 -643.819 -605.727 -581.966 -578.443 -594.148 -622.721 -658.627 -697.482 -736.056 -772.265 -805.040 -834.063 -859.440 -881.434 -900.296 -916.196 -929.215 -939.436 -947.053 -952.384 -955.875 -958.038 -959.533 -962.807 -989.518 -1449.010 -1816.257 -1818.163 -1818.657 -1819.121 -1819.558 -1819.965 -1820.523 -1821.087 -1821.615 -1822.098 -1822.648 -1823.328 -1823.951 -1824.507 -1825.232 -1826.030 -1826.716 -1825.543 -1440.473 -975.905 -966.087 -965.737 -965.735 -965.736 -965.735 -965.735 -965.735 -965.735 -965.734 -965.734 -965.734 -965.734 -965.733 -965.733 -965.733 -965.733 -965.732 -965.732 -965.732 -965.732 -965.731 -965.731 -965.731 -965.731 -965.730 -965.730 -965.730 -965.730 -965.729 -965.729 -965.729 -965.729 -965.728 -965.728 -965.730 -965.748 -965.909 -967.259 -977.907 -9999.000 -9999.000
-9999.000 -9999.000 389.542 319.568 238.623 153.152 66.053 -21.454 -108.919 -196.968 -287.436 -382.471 -487.556 -590.196 -666.489 -695.442 -681.793 -643.819 -605.727 -581.966 -578.443 -594.148 -622.721 -658.627 -697.482 -736.056 -772.265 -805.040 -834.063 -859.440 -881.434 -900.296 -916.196 -929.215 -939.436 -947.053 -952.384 -955.875 -958.038 -959.533 -962.807 -989.518 -1449.010 -1816.257 -1818.163 -1818.657 -1819.121 -1819.558 -1819.965 -1820.523 -1821.087 -1821.615 -1822.098 -1822.648 -1823.328 -1823.951 -1824.507 -1825.232 -1826.030 -1826.716 -1825.543 -1440.473 -975.905 -966.087 -965.737 -965.735 -965.736 -965.735 -965.735 -965.735 -965.735 -965.734 -965.734 -965.734 -965.734 -965.733 -965.733 -965.733 -965.733 -965.732 -965.732 -965.732 -965.732 -965.731 -965.731 -965.731 -965.731 -965.730 -965.730 -965.730 -965.730 -965.729 -965.729 -965.729 -965.729 -965.728 -965.728 -965.730 -965.748 -965.909 -967.259 -977.907 -9999.000 -9999.000
-9999.000 -9999.000 389.542 319.568 238.623 153.152 66.053 -21.454 -108.919 -196.968 -287.436 -382.471 -487.556 -590.196 -666.489 -695.442 -681.793 -643.819 -605.727 -581.966 -578.443 -594.148 -622.721 -658.627 -697.482 -736.056 -772.265 -805.040 -834.063 -859.440 -881.434 -900.296 -916.196 -929.215 -939.436 -947.053 -952.384 -955.875 -958.038 -959.533 -962.807 -989.518 -1449.010 -1816.257 -1818.163 -1818.657 -1819.121 -1819.558 -1819.965 -1820.523 -1821.087 -1821.615 -1822.098 -1822.648 -1823.328 -1823.951 -1824.507 -1825.232 -1826.030 -1826.716 -1825.543 -1440.473 -975.905 -966.087 -965.737 -965.735 -965.736 -965.735 -965.735 -965.735 -965.735 -965.734 -965.734 -965.734 -965.734 -965.733 -965.733 -965.733 -965.733 -965.732 -965.732 -965.732 -965.732 -965.731 -965.731 -965.731 -965.731 -965.730 -965.730 -965.730 -965.730 -965.729 -965.729 -965.729 -965.729 -965.728 -965.728 -965.730 -965.748 -965.909 -967.259 -977.907 -9999.000 -9999.000
-9999.000 -9999.000 389.527 319.561 238.620 153.151 66.053 -21.454 -108.919 -196.968 -287.436 -382.471 -487.556 -590.196 -666.489 -695.442 -681.793 -643.819 -605.727 -581.966 -578.443 -594.148 -622.721 -658.627 -697.482 -736.056 -772.265 -805.040 -834.063 -859.440 -881.434 -900.296 -916.196 -929.215 -939.436 -947.053 -952.384 -955.875 -958.038 -959.533 -962.807 -989.518 -1449.010 -1816.257 -1818.163 -1818.657 -1819.121 -1819.558 -1819.965 -1820.523 -1821.087 -1821.615 -1822.098 -1822.648 -1823.328 -1823.951 -1824.507 -1825.232 -1826.030 -1826.716 -1825.543 -1440.473 -975.905 -966.087 -965.737 -965.735 -965.736 -965.735 -965.735 -965.735 -965.735 -965.734 -965.734 -965.734 -965.734 -965.733 -965.733 -965.733 -965.733 -965.732 -965.732 -965.732 -965.732 -965.731 -965.731 -965.731 -965.731 -965.730 -965.730 -965.730 -965.730 -965.729 -965.729 -965.729 -965.729 -965.728 -965.728 -965.730 -965.748 -965.909 -967.259 -977.907 -9999.000 -9999.000
-9999.000 -9999.000 389.479 319.548 238.616 153.150 66.053 -21.454 -108.919 -196.968 -287.436 -382.471 -487.556 -590.196 -666.489 -695.442 -681.793 -643.819 -605.727 -581.966 -578.443 -594.148 -622.721 -658.627 -697.482 -736.056 -772.265 -805.040 -834.063 -859.440 -881.434 -900.296 -916.196 -929.215 -939.436 -947.053 -952.384 -955.875 -958.038 -959.533 -962.807 -989.518 -1449.010 -1816.257 -1818.163 -1818.657 -1819.121 -1819.558 -1819.965 -1820.523 -1821.087 -1821.615 -1822.098 -1822.648 -1823.328 -1823.951 -1824.507 -1825.232 -1826.030 -1826.716 -1825.543 -1440.473 -975.905 -966.087 -965.737 -965.735 -965.736 -965.735 -965.735 -965.735 -965.735 -965.734 -965.734 -965.734 -965.734 -965.733 -965.733 -965.733 -965.733 -965.732 -965.732 -965.732 -965.732 -965.731 -965.731 -965.731 -965.731 -965.730 -965.730 -965.730 -965.730 -965.729 -965.729 -965.729 -965.729 -965.728 -965.728 -965.730 -965.748 -965.909 -967.259 -977.907 -9999.000 -9999.000
-9999.000 -9999.000 -9999.000 -9999.000 -9999.000 -9999.000 -9999.000 -9999.000 -9999.000 -9999.000 -9999.000 -9999.000 -9999.000 -9999.000 -9999.000 -9999.000 -9999.000 -9999.000 -9999.000 -9999.000 -9999.000 -9999.000 -9999.000 -9999.000 -9999.000 -9999.000 -9999.000 -9999.000 -9999.000 -9999.000 -9999.000 -9999.000 -9999.000 -9999.000 -9999.000 -9999.000 -9999.000 -9999.000 -9999.000 -9999.000 -9999.000 -9999.000 -9999.000 -9999.000 -9999.000 -9999.000 -9999.000 -9999.000 -9999.000 -9999.000 -9999.000 -9999.000 -9999.000 -9999.000 -9999.000 -9999.000 -9999.000 -9999.000 -9999.000 -9999.000 -9999.000 -9999.000 -9999.000 -9999.000 -9999.000 -9999.000 -9999.000 -9999.000 -9999.000 -9999.000 -9999.000 -9999.000 -9999.000 -9999.000 -9999.000 -9999.000 -9999.000 -9999.000 -9999.000 -9999.000 -9999.000 -9999.000 -9999.000 -9999.000 -9999.000 -9999.000 -9999.000 -9999.000 -9999.000 -9999.000 -9999.000 -9999.000 -9999.000 -9999.000 -9999.000 -9999.000 -9999.000 -9999.000 -9999.000 -9999.000 -9999.000 -9999.000 -9999.000 -9999.000
-9999.000 -9999.000 -9999.000 -9999.000 -9999.000 -9999.000 -9999.000 -9999.000 -9999.000 -9999.000 -9999.000 -9999.000 -9999.000 -9999.000 -9999.000 -9999.000 -9999.000 -9999.000 -9999.000 -9999.000 -9999.000 -9999.000 -9999.000 -9999.000 -9999.000 -9999.000 -9999.000 -9999.000 -9999.000 -9999.000 -9999.000 -9999.000 -9999.000 -9999.000 -9999.000 -9999.000 -9999.000 -9999.000 -9999.000 -9999.000 -9999.000 -9999.000 -9999.000 -9999.000 -9999.000 -9999.000 -9999.000 -9999.000 -9999.000 -9999.000 -9999.000 -9999.000 -9999.000 -9999.000 -9999.000 -9999.000 -9999.000 -9999.000 -9999.000 -9999.000 -9999.000 -9999.000 -9999.000 -9999.000 -9999.000 -9999.000 -9999.000 -9999.000 -9999.000 -9999.000 -9999.000 -9999.000 -9999.000 -9999.000 -9999.000 -9999.000 -9999.000 -9999.000 -9999.000 -9999.000 -9999.000 -9999.000 -9999.000 -9999.000 -9999.000 -9999.000 -9999.000 -9999.000 -9999.000 -9999.000 -9999.000 -9999.000 -9999.000 -9999.000 -9999.000 -9999.000 -9999.000 -9999.000 -9999.000 -9999.000 -9999.000 -9999.000 -9999.000 -9999.000