examples/3D/hillslope02_superslab/output-maps-METEOIO-OFF/psiliqL0060N0001.asc
ncols         104
nrows         10
xllcorner     -2.000000
yllcorner     0.000000
cellsize      1.000000
NODATA_value  -9999.0
-9999.000 -9999.000 -9999.000 -9999.000 -9999.000 -9999.000 -9999.000 -9999.000 -9999.000 -9999.000 -9999.000 -9999.000 -9999.000 -9999.000 -9999.000 -9999.000 -9999.000 -9999.000 -9999.000 -9999.000 -9999.000 -9999.000 -9999.000 -9999.000 -9999.000 -9999.000 -9999.000 -9999.000 -9999.000 -9999.000 -9999.000 -9999.000 -9999.000 -9999.000 -9999.000 -9999.000 -9999.000 -9999.000 -9999.000 -9999.000 -9999.000 -9999.000 -9999.000 -9999.000 -9999.000 -9999.000 -9999.000 -9999.000 -9999.000 -9999.000 -9999.000 -9999.000 -9999.000 -9999.000 -9999.000 -9999.000 -9999.000 -9999.000 -9999.000 -9999.000 -9999.000 -9999.000 -9999.000 -9999.000 -9999.000 -9999.000 -9999.000 -9999.000 -9999.000 -9999.000 -9999.000 -9999.000 -9999.000 -9999.000 -9999.000 -9999.000 -9999.000 -9999.000 -9999.000 -9999.000 -9999.000 -9999.000 -9999.000 -9999.000 -9999.000 -9999.000 -9999.000 -9999.000 -9999.000 -9999.000 -9999.000 -9999.000 -9999.000 -9999.000 -9999.000 -9999.000 -9999.000 -9999.000 -9999.000 -9999.000 -9999.000 -9999.000 -9999.000 -9999.000
-9999.000 -9999.000 -9999.000 -9999.000 -9999.000 -9999.000 -9999.000 -9999.000 -9999.000 -9999.000 -9999.000 -9999.000 -9999.000 -9999.000 -9999.000 -9999.000 -9999.000 -9999.000 -9999.000 -9999.000 -9999.000 -9999.000 -9999.000 -9999.000 -9999.000 -9999.000 -9999.000 -9999.000 -9999.000 -9999.000 -9999.000 -9999.000 -9999.000 -9999.000 -9999.000 -9999.000 -9999.000 -9999.000 -9999.000 -9999.000 -9999.000 -9999.000 -9999.000 -9999.000 -9999.000 -9999.000 -9999.000 -9999.000 -9999.000 -9999.000 -9999.000 -9999.000 -9999.000 -9999.000 -9999.000 -9999.000 -9999.000 -9999.000 -9999.000 -9999.000 -9999.000 -9999.000 -9999.000 -9999.000 -9999.000 -9999.000 -9999.000 -9999.000 -9999.000 -9999.000 -9999.000 -9999.000 -9999.000 -9999.000 -9999.000 -9999.000 -9999.000 -9999.000 -9999.000 -9999.000 -9999.000 -9999.000 -9999.000 -9999.000 -9999.000 -9999.000 -9999.000 -9999.000 -9999.000 -9999.000 -9999.000 -9999.000 -9999.000 -9999.000 -9999.000 -9999.000 -9999.000 -9999.000 -9999.000 -9999.000 -9999.000 -9999.000 -9999.000 -9999.000
-9999.000 -9999.000 -335.376 -363.614 -359.373 -340.458 -325.579 -319.767 -320.355 -327.182 -357.447 -610.026 -1884.895 -2004.831 -2004.950 -2004.950 -2004.950 -2004.950 -2004.950 -2004.950 -2004.950 -2004.950 -2004.950 -2004.950 -2004.950 -2004.950 -2004.877 -1936.266 -697.508 -419.378 -368.646 -355.940 -351.705 -349.988 -349.466 -349.800 -350.894 -352.766 -355.511 -359.267 -114.969 63.277 184.907 247.089 133.565 -125.780 -444.363 -1649.355 -2004.488 -2004.969 -2004.964 -2004.968 -2004.952 -2004.951 -2004.950 -2004.950 -2004.950 -2004.950 -2004.950 -2004.950 -2004.708 -1851.725 -619.483 -396.626 -378.469 -377.281 -377.207 -377.186 -377.167 -377.148 -377.129 -377.110 -377.091 -377.072 -377.053 -377.034 -377.015 -376.996 -376.977 -376.958 -376.940 -376.921 -376.902 -376.883 -376.864 -376.845 -376.826 -376.807 -376.789 -376.770 -376.751 -376.732 -376.714 -376.695 -376.677 -376.661 -376.660 -376.758 -377.442 -381.175 -400.027 -495.051 -9999.000 -9999.000
-9999.000 -9999.000 -335.376 -363.614 -359.373 -340.458 -325.579 -319.767 -320.355 -327.182 -357.447 -610.026 -1884.895 -2004.831 -2004.950 -2004.950 -2004.950 -2004.950 -2004.950 -2004.950 -2004.950 -2004.950 -2004.950 -2004.950 -2004.950 -2004.950 -2004.877 -1936.266 -697.508 -419.378 -368.646 -355.940 -351.705 -349.988 -349.466 -349.800 -350.894 -352.766 -355.511 -359.267 -114.969 63.277 184.907 247.089 133.565 -125.780 -444.363 -1649.355 -2004.488 -2004.969 -2004.964 -2004.968 -2004.952 -2004.951 -2004.950 -2004.950 -2004.950 -2004.950 -2004.950 -2004.950 -2004.708 -1851.725 -619.484 -396.626 -378.469 -377.281 -377.207 -377.186 -377.167 -377.148 -377.129 -377.110 -377.091 -377.072 -377.053 -377.034 -377.015 -376.996 -376.977 -376.958 -376.940 -376.921 -376.902 -376.883 -376.864 -376.845 -376.826 -376.807 -376.789 -376.770 -376.751 -376.732 -376.714 -376.695 -376.677 -376.661 -376.660 -376.758 -377.442 -381.175 -400.027 -495.051 -9999.000 -9999.000
-9999.000 -9999.000 -335.376 -363.614 -359.373 -340.458 -325.579 -319.767 -320.355 -327.182 -357.447 -610.026 -1884.895 -2004.831 -2004.950 -2004.950 -2004.950 -2004.950 -2004.950 -2004.950 -2004.950 -2004.950 -2004.950 -2004.950 -2004.950 -2004.950 -2004.877 -1936.266 -697.508 -419.378 -368.646 -355.940 -351.705 -349.988 -349.466 -349.800 -350.894 -352.766 -355.511 -359.267 -114.969 63.277 184.907 247.089 133.565 -125.780 -444.363 -1649.355 -2004.488 -2004.969 -2004.964 -2004.968 -2004.952 -2004.951 -2004.950 -2004.950 -2004.950 -2004.950 -2004.950 -2004.950 -2004.708 -1851.725 -619.484 -396.626 -378.469 -377.281 -377.207 -377.186 -377.167 -377.148 -377.129 -377.110 -377.091 -377.072 -377.053 -377.034 -377.015 -376.996 -376.977 -376.958 -376.940 -376.921 -376.902 -376.883 -376.864 -376.845 -376.826 -376.807 -376.789 -376.770 -376.751 -376.732 -376.714 -376.695 -376.677 -376.661 -376.660 -376.758 -377.442 -381.175 -400.027 -495.051 -9999.000 -9999.000
-9999.000 -9999.000 -335.376 -363.614 -359.373 -340.458 -325.579 -319.767 -320.355 -327.182 -357.447 -610.026 -1884.895 -2004.831 -2004.950 -2004.950 -2004.950 -2004.950 -2004.950 -2004.950 -2004.950 -2004.950 -2004.950 -2004.950 -2004.950 -2004.950 -2004.877 -1936.266 -697.508 -419.378 -368.646 -355.940 -351.705 -349.988 -349.466 -349.800 -350.894 -352.766 -355.511 -359.267 -114.969 63.277 184.907 247.089 133.565 -125.780 -444.363 -1649.355 -2004.488 -2004.969 -2004.964 -2004.968 -2004.952 -2004.951 -2004.950 -2004.950 -2004.950 -2004.950 -2004.950 -2004.950 -2004.708 -1851.725 -619.484 -396.626 -378.469 -377.281 -377.207 -377.186 -377.167 -377.148 -377.129 -377.110 -377.091 -377.072 -377.053 -377.034 -377.015 -376.996 -376.977 -376.958 -376.940 -376.921 -376.902 -376.883 -376.864 -376.845 -376.826 -376.807 -376.789 -376.770 -376.751 -376.732 -376.714 -376.695 -376.677 -376.661 -376.660 -376.758 -377.442 -381.175 -400.027 -495.051 -9999.000 -9999.000
-9999.000 -9999.000 -335.376 -363.614 -359.373 -340.458 -325.579 -319.767 -320.355 -327.182 -357.447 -610.026 -1884.895 -2004.831 -2004.950 -2004.950 -2004.950 -2004.950 -2004.950 -2004.950 -2004.950 -2004.950 -2004.950 -2004.950 -2004.950 -2004.950 -2004.877 -1936.266 -697.508 -419.378 -368.646 -355.940 -351.705 -349.988 -349.466 -349.800 -350.894 -352.766 -355.511 -359.267 -114.969 63.277 184.907 247.089 133.565 -125.780 -444.363 -1649.355 -2004.488 -2004.969 -2004.964 -2004.968 -2004.952 -2004.951 -2004.950 -2004.950 -2004.950 -2004.950 -2004.950 -2004.950 -2004.708 -1851.725 -619.484 -396.626 -378.469 -377.281 -377.207 -377.186 -377.167 -377.148 -377.129 -377.110 -377.091 -377.072 -377.053 -377.034 -377.015 -376.996 -376.977 -376.958 -376.940 -376.921 -376.902 -376.883 -376.864 -376.845 -376.826 -376.807 -376.789 -376.770 -376.751 -376.732 -376.714 -376.695 -376.677 -376.661 -376.660 -376.758 -377.442 -381.175 -400.027 -495.051 -9999.000 -9999.000
-9999.000 -9999.000 -335.376 -363.614 -359.373 -340.458 -325.579 -319.767 -320.355 -327.182 -357.447 -610.026 -1884.895 -2004.831 -2004.950 -2004.950 -2004.950 -2004.950 -2004.950 -2004.950 -2004.950 -2004.950 -2004.950 -2004.950 -2004.950 -2004.950 -2004.877 -1936.266 -697.508 -419.378 -368.646 -355.940 -351.705 -349.988 -349.466 -349.800 -350.894 -352.766 -355.511 -359.267 -114.969 63.277 184.907 247.089 133.565 -125.780 -444.363 -1649.355 -2004.488 -2004.969 -2004.964 -2004.968 -2004.952 -2004.951 -2004.950 -2004.950 -2004.950 -2004.950 -2004.950 -2004.950 -2004.708 -1851.725 -619.483 -396.626 -378.469 -377.281 -377.207 -377.186 -377.167 -377.148 -377.129 -377.110 -377.091 -377.072 -377.053 -377.034 -377.015 -376.996 -376.977 -376.958 -376.940 -376.921 -376.902 -376.883 -376.864 -376.845 -376.826 -376.807 -376.789 -376.770 -376.751 -376.732 -376.714 -376.695 -376.677 -376.661 -376.660 -376.758 -377.442 -381.175 -400.027 -495.051 -9999.000 -9999.000
-9999.000 -9999.000 -9999.000 -9999.000 -9999.000 -9999.000 -9999.000 -9999.000 -9999.000 -9999.000 -9999.000 -9999.000 -9999.000 -9999.000 -9999.000 -9999.000 -9999.000 -9999.000 -9999.000 -9999.000 -9999.000 -9999.000 -9999.000 -9999.000 -9999.000 -9999.000 -9999.000 -9999.000 -9999.000 -9999.000 -9999.000 -9999.000 -9999.000 -9999.000 -9999.000 -9999.000 -9999.000 -9999.000 -9999.000 -9999.000 -9999.000 -9999.000 -9999.000 -9999.000 -9999.000 -9999.000 -9999.000 -9999.000 -9999.000 -9999.000 -9999.000 -9999.000 -9999.000 -9999.000 -9999.000 -9999.000 -9999.000 -9999.000 -9999.000 -9999.000 -9999.000 -9999.000 -9999.000 -9999.000 -9999.000 -9999.000 -9999.000 -9999.000 -9999.000 -9999.000 -9999.000 -9999.000 -9999.000 -9999.000 -9999.000 -9999.000 -9999.000 -9999.000 -9999.000 -9999.000 -9999.000 -9999.000 -9999.000 -9999.000 -9999.000 -9999.000 -9999.000 -9999.000 -9999.000 -9999.000 -9999.000 -9999.000 -9999.000 -9999.000 -9999.000 -9999.000 -9999.000 -9999.000 -9999.000 -9999.000 -9999.000 -9999.000 -9999.000 -9999.000
-9999.000 -9999.000 -9999.000 -9999.000 -9999.000 -9999.000 -9999.000 -9999.000 -9999.000 -9999.000 -9999.000 -9999.000 -9999.000 -9999.000 -9999.000 -9999.000 -9999.000 -9999.000 -9999.000 -9999.000 -9999.000 -9999.000 -9999.000 -9999.000 -9999.000 -9999.000 -9999.000 -9999.000 -9999.000 -9999.000 -9999.000 -9999.000 -9999.000 -9999.000 -9999.000 -9999.000 -9999.000 -9999.000 -9999.000 -9999.000 -9999.000 -9999.000 -9999.000 -9999.000 -9999.000 -9999.000 -9999.000 -9999.000 -9999.000 -9999.000 -9999.000 -9999.000 -9999.000 -9999.000 -9999.000 -9999.000 -9999.000 -9999.000 -9999.000 -9999.000 -9999.000 -9999.000 -9999.000 -9999.000 -9999.000 -9999.000 -9999.000 -9999.000 -9999.000 -9999.000 -9999.000 -9999.000 -9999.000 -9999.000 -9999.000 -9999.000 -9999.000 -9999.000 -9999.000 -9999.000 -9999.000 -9999.000 -9999.000 -9999.000 -9999.000 -9999.000 -9999.000 -9999.000 -9999.000 -9999.000 -9999.000 -9999.000 -9999.000 -9999.000 -9999.000 -9999.000 -9999.000 -9999.000 -9999.000 -9999.000 -9999.000 -9999.000 -9999.000 -9999.000