examples/3D/hillslope02_superslab/output-maps-METEOIO-OFF/psiliqL0056N0002.asc
ncols         104
nrows         10
xllcorner     -2.000000
yllcorner     0.000000
cellsize      1.000000
NODATA_value  -9999.0
-9999.000 -9999.000 -9999.000 -9999.000 -9999.000 -9999.000 -9999.000 -9999.000 -9999.000 -9999.000 -9999.000 -9999.000 -9999.000 -9999.000 -9999.000 -9999.000 -9999.000 -9999.000 -9999.000 -9999.000 -9999.000 -9999.000 -9999.000 -9999.000 -9999.000 -9999.000 -9999.000 -9999.000 -9999.000 -9999.000 -9999.000 -9999.000 -9999.000 -9999.000 -9999.000 -9999.000 -9999.000 -9999.000 -9999.000 -9999.000 -9999.000 -9999.000 -9999.000 -9999.000 -9999.000 -9999.000 -9999.000 -9999.000 -9999.000 -9999.000 -9999.000 -9999.000 -9999.000 -9999.000 -9999.000 -9999.000 -9999.000 -9999.000 -9999.000 -9999.000 -9999.000 -9999.000 -9999.000 -9999.000 -9999.000 -9999.000 -9999.000 -9999.000 -9999.000 -9999.000 -9999.000 -9999.000 -9999.000 -9999.000 -9999.000 -9999.000 -9999.000 -9999.000 -9999.000 -9999.000 -9999.000 -9999.000 -9999.000 -9999.000 -9999.000 -9999.000 -9999.000 -9999.000 -9999.000 -9999.000 -9999.000 -9999.000 -9999.000 -9999.000 -9999.000 -9999.000 -9999.000 -9999.000 -9999.000 -9999.000 -9999.000 -9999.000 -9999.000 -9999.000
-9999.000 -9999.000 -9999.000 -9999.000 -9999.000 -9999.000 -9999.000 -9999.000 -9999.000 -9999.000 -9999.000 -9999.000 -9999.000 -9999.000 -9999.000 -9999.000 -9999.000 -9999.000 -9999.000 -9999.000 -9999.000 -9999.000 -9999.000 -9999.000 -9999.000 -9999.000 -9999.000 -9999.000 -9999.000 -9999.000 -9999.000 -9999.000 -9999.000 -9999.000 -9999.000 -9999.000 -9999.000 -9999.000 -9999.000 -9999.000 -9999.000 -9999.000 -9999.000 -9999.000 -9999.000 -9999.000 -9999.000 -9999.000 -9999.000 -9999.000 -9999.000 -9999.000 -9999.000 -9999.000 -9999.000 -9999.000 -9999.000 -9999.000 -9999.000 -9999.000 -9999.000 -9999.000 -9999.000 -9999.000 -9999.000 -9999.000 -9999.000 -9999.000 -9999.000 -9999.000 -9999.000 -9999.000 -9999.000 -9999.000 -9999.000 -9999.000 -9999.000 -9999.000 -9999.000 -9999.000 -9999.000 -9999.000 -9999.000 -9999.000 -9999.000 -9999.000 -9999.000 -9999.000 -9999.000 -9999.000 -9999.000 -9999.000 -9999.000 -9999.000 -9999.000 -9999.000 -9999.000 -9999.000 -9999.000 -9999.000 -9999.000 -9999.000 -9999.000 -9999.000
-9999.000 -9999.000 1266.431 1165.329 1063.267 959.995 855.381 749.465 642.333 534.118 425.100 316.469 211.235 110.726 16.263 -71.590 -153.572 -227.167 -281.534 -314.511 -332.237 -341.023 -344.911 -346.119 -345.862 -344.797 -343.287 -341.539 -339.696 -337.902 -336.341 -335.158 -334.426 -334.163 -334.368 -335.038 -336.178 -337.762 -13.874 274.018 529.836 744.723 739.819 549.981 360.770 172.262 -15.580 -194.469 -382.462 -609.018 -978.521 -1879.026 -2199.844 -2202.955 -2202.970 -2202.970 -2202.970 -2202.915 -2194.154 -1722.778 -821.066 -511.356 -375.546 -356.666 -355.492 -355.412 -355.347 -355.280 -355.216 -355.161 -355.115 -355.081 -355.060 -355.053 -355.058 -355.074 -355.099 -355.133 -355.171 -355.214 -355.258 -355.302 -355.344 -355.384 -355.421 -355.453 -355.481 -355.504 -355.523 -355.538 -355.550 -355.558 -355.564 -355.567 -355.568 -355.569 -355.570 -355.590 -355.740 -356.652 -361.327 -381.957 -9999.000 -9999.000
-9999.000 -9999.000 1266.451 1165.339 1063.271 959.996 855.381 749.466 642.333 534.118 425.100 316.469 211.235 110.726 16.263 -71.590 -153.572 -227.167 -281.534 -314.511 -332.237 -341.023 -344.911 -346.119 -345.862 -344.797 -343.287 -341.539 -339.696 -337.902 -336.341 -335.158 -334.426 -334.163 -334.368 -335.038 -336.178 -337.762 -13.874 274.018 529.836 744.723 739.819 549.981 360.770 172.262 -15.580 -194.469 -382.462 -609.018 -978.521 -1879.026 -2199.844 -2202.955 -2202.970 -2202.970 -2202.970 -2202.915 -2194.154 -1722.778 -821.066 -511.356 -375.546 -356.666 -355.492 -355.412 -355.347 -355.280 -355.216 -355.161 -355.115 -355.081 -355.060 -355.053 -355.058 -355.074 -355.099 -355.133 -355.171 -355.214 -355.258 -355.302 -355.344 -355.384 -355.421 -355.453 -355.481 -355.504 -355.523 -355.538 -355.550 -355.558 -355.564 -355.567 -355.568 -355.569 -355.570 -355.590 -355.740 -356.652 -361.327 -381.957 -9999.000 -9999.000
-9999.000 -9999.000 1266.464 1165.346 1063.275 959.998 855.382 749.466 642.333 534.118 425.100 316.469 211.235 110.726 16.263 -71.590 -153.572 -227.167 -281.534 -314.511 -332.237 -341.023 -344.911 -346.119 -345.862 -344.797 -343.287 -341.539 -339.696 -337.902 -336.341 -335.158 -334.426 -334.163 -334.368 -335.038 -336.178 -337.762 -13.874 274.018 529.836 744.723 739.819 549.981 360.770 172.262 -15.580 -194.469 -382.462 -609.018 -978.521 -1879.026 -2199.844 -2202.955 -2202.970 -2202.970 -2202.970 -2202.915 -2194.154 -1722.778 -821.066 -511.356 -375.546 -356.666 -355.492 -355.412 -355.347 -355.280 -355.216 -355.161 -355.115 -355.081 -355.060 -355.053 -355.058 -355.074 -355.099 -355.133 -355.171 -355.214 -355.258 -355.302 -355.344 -355.384 -355.421 -355.453 -355.481 -355.504 -355.523 -355.538 -355.550 -355.558 -355.564 -355.567 -355.568 -355.569 -355.570 -355.590 -355.740 -356.652 -361.327 -381.957 -9999.000 -9999.000
-9999.000 -9999.000 1266.464 1165.346 1063.275 959.998 855.382 749.466 642.333 534.118 425.100 316.469 211.235 110.726 16.263 -71.590 -153.572 -227.167 -281.534 -314.511 -332.237 -341.023 -344.911 -346.119 -345.862 -344.797 -343.287 -341.539 -339.696 -337.902 -336.341 -335.158 -334.426 -334.163 -334.368 -335.038 -336.178 -337.762 -13.874 274.018 529.836 744.723 739.819 549.981 360.770 172.262 -15.580 -194.469 -382.462 -609.018 -978.521 -1879.026 -2199.844 -2202.955 -2202.970 -2202.970 -2202.970 -2202.915 -2194.154 -1722.778 -821.066 -511.356 -375.546 -356.666 -355.492 -355.412 -355.347 -355.280 -355.216 -355.161 -355.115 -355.081 -355.060 -355.053 -355.058 -355.074 -355.099 -355.133 -355.171 -355.214 -355.258 -355.302 -355.344 -355.384 -355.421 -355.453 -355.481 -355.504 -355.523 -355.538 -355.550 -355.558 -355.564 -355.567 -355.568 -355.569 -355.570 -355.590 -355.740 -356.652 -361.327 -381.957 -9999.000 -9999.000
-9999.000 -9999.000 1266.451 1165.339 1063.271 959.996 855.381 749.466 642.333 534.118 425.100 316.469 211.235 110.726 16.263 -71.590 -153.572 -227.167 -281.534 -314.511 -332.237 -341.023 -344.911 -346.119 -345.862 -344.797 -343.287 -341.539 -339.696 -337.902 -336.341 -335.158 -334.426 -334.163 -334.368 -335.038 -336.178 -337.762 -13.874 274.018 529.836 744.723 739.819 549.981 360.770 172.262 -15.580 -194.469 -382.462 -609.018 -978.521 -1879.026 -2199.844 -2202.955 -2202.970 -2202.970 -2202.970 -2202.915 -2194.154 -1722.778 -821.066 -511.356 -375.546 -356.666 -355.492 -355.412 -355.347 -355.280 -355.216 -355.161 -355.115 -355.081 -355.060 -355.053 -355.058 -355.074 -355.099 -355.133 -355.171 -355.214 -355.258 -355.302 -355.344 -355.384 -355.421 -355.453 -355.481 -355.504 -355.523 -355.538 -355.550 -355.558 -355.564 -355.567 -355.568 -355.569 -355.570 -355.590 -355.740 -356.652 -361.327 -381.957 -9999.000 -9999.000
-9999.000 -9999.000 1266.431 1165.329 1063.267 959.995 855.381 749.465 642.333 534.118 425.100 316.469 211.235 110.726 16.263 -71.590 -153.572 -227.167 -281.534 -314.511 -332.237 -341.023 -344.911 -346.119 -345.862 -344.797 -343.287 -341.539 -339.696 -337.902 -336.341 -335.158 -334.426 -334.163 -334.368 -335.038 -336.178 -337.762 -13.874 274.018 529.836 744.723 739.819 549.981 360.770 172.262 -15.580 -194.469 -382.462 -609.018 -978.521 -1879.026 -2199.844 -2202.955 -2202.970 -2202.970 -2202.970 -2202.915 -2194.154 -1722.778 -821.066 -511.356 -375.546 -356.666 -355.492 -355.412 -355.347 -355.280 -355.216 -355.161 -355.115 -355.081 -355.060 -355.053 -355.058 -355.074 -355.099 -355.133 -355.171 -355.214 -355.258 -355.302 -355.344 -355.384 -355.421 -355.453 -355.481 -355.504 -355.523 -355.538 -355.550 -355.558 -355.564 -355.567 -355.568 -355.569 -355.570 -355.590 -355.740 -356.652 -361.327 -381.957 -9999.000 -9999.000
-9999.000 -9999.000 -9999.000 -9999.000 -9999.000 -9999.000 -9999.000 -9999.000 -9999.000 -9999.000 -9999.000 -9999.000 -9999.000 -9999.000 -9999.000 -9999.000 -9999.000 -9999.000 -9999.000 -9999.000 -9999.000 -9999.000 -9999.000 -9999.000 -9999.000 -9999.000 -9999.000 -9999.000 -9999.000 -9999.000 -9999.000 -9999.000 -9999.000 -9999.000 -9999.000 -9999.000 -9999.000 -9999.000 -9999.000 -9999.000 -9999.000 -9999.000 -9999.000 -9999.000 -9999.000 -9999.000 -9999.000 -9999.000 -9999.000 -9999.000 -9999.000 -9999.000 -9999.000 -9999.000 -9999.000 -9999.000 -9999.000 -9999.000 -9999.000 -9999.000 -9999.000 -9999.000 -9999.000 -9999.000 -9999.000 -9999.000 -9999.000 -9999.000 -9999.000 -9999.000 -9999.000 -9999.000 -9999.000 -9999.000 -9999.000 -9999.000 -9999.000 -9999.000 -9999.000 -9999.000 -9999.000 -9999.000 -9999.000 -9999.000 -9999.000 -9999.000 -9999.000 -9999.000 -9999.000 -9999.000 -9999.000 -9999.000 -9999.000 -9999.000 -9999.000 -9999.000 -9999.000 -9999.000 -9999.000 -9999.000 -9999.000 -9999.000 -9999.000 -9999.000
-9999.000 -9999.000 -9999.000 -9999.000 -9999.000 -9999.000 -9999.000 -9999.000 -9999.000 -9999.000 -9999.000 -9999.000 -9999.000 -9999.000 -9999.000 -9999.000 -9999.000 -9999.000 -9999.000 -9999.000 -9999.000 -9999.000 -9999.000 -9999.000 -9999.000 -9999.000 -9999.000 -9999.000 -9999.000 -9999.000 -9999.000 -9999.000 -9999.000 -9999.000 -9999.000 -9999.000 -9999.000 -9999.000 -9999.000 -9999.000 -9999.000 -9999.000 -9999.000 -9999.000 -9999.000 -9999.000 -9999.000 -9999.000 -9999.000 -9999.000 -9999.000 -9999.000 -9999.000 -9999.000 -9999.000 -9999.000 -9999.000 -9999.000 -9999.000 -9999.000 -9999.000 -9999.000 -9999.000 -9999.000 -9999.000 -9999.000 -9999.000 -9999.000 -9999.000 -9999.000 -9999.000 -9999.000 -9999.000 -9999.000 -9999.000 -9999.000 -9999.000 -9999.000 -9999.000 -9999.000 -9999.000 -9999.000 -9999.000 -9999.000 -9999.000 -9999.000 -9999.000 -9999.000 -9999.000 -9999.000 -9999.000 -9999.000 -9999.000 -9999.000 -9999.000 -9999.000 -9999.000 -9999.000 -9999.000 -9999.000 -9999.000 -9999.000 -9999.000 -9999.000