examples/3D/hillslope02_superslab/output-maps-METEOIO-OFF/psiliqL0034N0003.asc
ncols         104
nrows         10
xllcorner     -2.000000
yllcorner     0.000000
cellsize      1.000000
NODATA_value  -9999.0
-9999.000 -9999.000 -9999.000 -9999.000 -9999.000 -9999.000 -9999.000 -9999.000 -9999.000 -9999.000 -9999.000 -9999.000 -9999.000 -9999.000 -9999.000 -9999.000 -9999.000 -9999.000 -9999.000 -9999.000 -9999.000 -9999.000 -9999.000 -9999.000 -9999.000 -9999.000 -9999.000 -9999.000 -9999.000 -9999.000 -9999.000 -9999.000 -9999.000 -9999.000 -9999.000 -9999.000 -9999.000 -9999.000 -9999.000 -9999.000 -9999.000 -9999.000 -9999.000 -9999.000 -9999.000 -9999.000 -9999.000 -9999.000 -9999.000 -9999.000 -9999.000 -9999.000 -9999.000 -9999.000 -9999.000 -9999.000 -9999.000 -9999.000 -9999.000 -9999.000 -9999.000 -9999.000 -9999.000 -9999.000 -9999.000 -9999.000 -9999.000 -9999.000 -9999.000 -9999.000 -9999.000 -9999.000 -9999.000 -9999.000 -9999.000 -9999.000 -9999.000 -9999.000 -9999.000 -9999.000 -9999.000 -9999.000 -9999.000 -9999.000 -9999.000 -9999.000 -9999.000 -9999.000 -9999.000 -9999.000 -9999.000 -9999.000 -9999.000 -9999.000 -9999.000 -9999.000 -9999.000 -9999.000 -9999.000 -9999.000 -9999.000 -9999.000 -9999.000 -9999.000
-9999.000 -9999.000 -9999.000 -9999.000 -9999.000 -9999.000 -9999.000 -9999.000 -9999.000 -9999.000 -9999.000 -9999.000 -9999.000 -9999.000 -9999.000 -9999.000 -9999.000 -9999.000 -9999.000 -9999.000 -9999.000 -9999.000 -9999.000 -9999.000 -9999.000 -9999.000 -9999.000 -9999.000 -9999.000 -9999.000 -9999.000 -9999.000 -9999.000 -9999.000 -9999.000 -9999.000 -9999.000 -9999.000 -9999.000 -9999.000 -9999.000 -9999.000 -9999.000 -9999.000 -9999.000 -9999.000 -9999.000 -9999.000 -9999.000 -9999.000 -9999.000 -9999.000 -9999.000 -9999.000 -9999.000 -9999.000 -9999.000 -9999.000 -9999.000 -9999.000 -9999.000 -9999.000 -9999.000 -9999.000 -9999.000 -9999.000 -9999.000 -9999.000 -9999.000 -9999.000 -9999.000 -9999.000 -9999.000 -9999.000 -9999.000 -9999.000 -9999.000 -9999.000 -9999.000 -9999.000 -9999.000 -9999.000 -9999.000 -9999.000 -9999.000 -9999.000 -9999.000 -9999.000 -9999.000 -9999.000 -9999.000 -9999.000 -9999.000 -9999.000 -9999.000 -9999.000 -9999.000 -9999.000 -9999.000 -9999.000 -9999.000 -9999.000 -9999.000 -9999.000
-9999.000 -9999.000 1710.529 1620.349 1532.633 1445.098 1357.573 1270.320 1183.640 1097.827 1013.200 930.025 848.430 768.572 690.472 614.107 539.447 466.428 394.935 324.896 256.115 188.576 122.162 56.669 -7.851 -71.466 -133.826 -99.531 -68.871 -42.780 -21.507 -48.880 -121.382 -193.763 -265.486 -335.319 -400.741 -460.792 -513.597 -558.509 -596.993 -644.448 -779.280 -874.640 -1001.790 -1168.486 -1416.529 -1862.694 -2655.363 -3234.613 -3290.377 -3292.024 -3292.074 -3292.078 -3292.078 -3292.079 -3292.072 -3290.991 -3177.192 -1974.464 -1188.871 -897.695 -708.295 -687.235 -685.555 -685.465 -685.474 -685.488 -685.502 -685.517 -685.532 -685.548 -685.563 -685.579 -685.595 -685.611 -685.626 -685.640 -685.654 -685.667 -685.679 -685.690 -685.700 -685.709 -685.716 -685.723 -685.729 -685.733 -685.737 -685.741 -685.743 -685.745 -685.746 -685.748 -685.748 -685.749 -685.750 -685.760 -685.829 -686.288 -689.046 -704.253 -9999.000 -9999.000
-9999.000 -9999.000 1710.537 1620.353 1532.635 1445.099 1357.573 1270.320 1183.640 1097.827 1013.200 930.025 848.430 768.572 690.472 614.107 539.447 466.428 394.935 324.896 256.115 188.576 122.162 56.669 -7.851 -71.466 -133.826 -99.531 -68.871 -42.780 -21.507 -48.880 -121.382 -193.763 -265.486 -335.319 -400.741 -460.792 -513.597 -558.509 -596.993 -644.448 -779.280 -874.640 -1001.790 -1168.486 -1416.529 -1862.694 -2655.363 -3234.613 -3290.377 -3292.024 -3292.074 -3292.078 -3292.078 -3292.079 -3292.072 -3290.991 -3177.192 -1974.464 -1188.871 -897.695 -708.295 -687.235 -685.555 -685.465 -685.474 -685.488 -685.502 -685.517 -685.532 -685.548 -685.563 -685.579 -685.595 -685.611 -685.626 -685.640 -685.654 -685.667 -685.679 -685.690 -685.700 -685.709 -685.716 -685.723 -685.729 -685.733 -685.737 -685.741 -685.743 -685.745 -685.746 -685.748 -685.748 -685.749 -685.750 -685.760 -685.829 -686.288 -689.046 -704.253 -9999.000 -9999.000
-9999.000 -9999.000 1710.542 1620.356 1532.636 1445.099 1357.573 1270.320 1183.640 1097.827 1013.200 930.025 848.430 768.572 690.472 614.107 539.447 466.428 394.935 324.896 256.115 188.576 122.162 56.669 -7.851 -71.466 -133.826 -99.531 -68.871 -42.780 -21.507 -48.880 -121.382 -193.763 -265.486 -335.319 -400.741 -460.792 -513.597 -558.509 -596.993 -644.448 -779.280 -874.640 -1001.790 -1168.486 -1416.529 -1862.694 -2655.363 -3234.613 -3290.377 -3292.024 -3292.074 -3292.078 -3292.078 -3292.079 -3292.072 -3290.991 -3177.192 -1974.464 -1188.871 -897.695 -708.295 -687.235 -685.555 -685.465 -685.474 -685.488 -685.502 -685.517 -685.532 -685.548 -685.563 -685.579 -685.595 -685.611 -685.626 -685.640 -685.654 -685.667 -685.679 -685.690 -685.700 -685.709 -685.716 -685.723 -685.729 -685.733 -685.737 -685.741 -685.743 -685.745 -685.746 -685.748 -685.748 -685.749 -685.750 -685.760 -685.829 -686.288 -689.046 -704.253 -9999.000 -9999.000
-9999.000 -9999.000 1710.542 1620.356 1532.636 1445.099 1357.573 1270.320 1183.640 1097.827 1013.200 930.025 848.430 768.572 690.472 614.107 539.447 466.428 394.935 324.896 256.115 188.576 122.162 56.669 -7.851 -71.466 -133.826 -99.531 -68.871 -42.780 -21.507 -48.880 -121.382 -193.763 -265.486 -335.319 -400.741 -460.792 -513.597 -558.509 -596.993 -644.448 -779.280 -874.640 -1001.790 -1168.486 -1416.529 -1862.694 -2655.363 -3234.613 -3290.377 -3292.024 -3292.074 -3292.078 -3292.078 -3292.079 -3292.072 -3290.991 -3177.192 -1974.464 -1188.871 -897.695 -708.295 -687.235 -685.555 -685.465 -685.474 -685.488 -685.502 -685.517 -685.532 -685.548 -685.563 -685.579 -685.595 -685.611 -685.626 -685.640 -685.654 -685.667 -685.679 -685.690 -685.700 -685.709 -685.716 -685.723 -685.729 -685.733 -685.737 -685.741 -685.743 -685.745 -685.746 -685.748 -685.748 -685.749 -685.750 -685.760 -685.829 -686.288 -689.046 -704.253 -9999.000 -9999.000
-9999.000 -9999.000 1710.537 1620.353 1532.635 1445.099 1357.573 1270.320 1183.640 1097.827 1013.200 930.025 848.430 768.572 690.472 614.107 539.447 466.428 394.935 324.896 256.115 188.576 122.162 56.669 -7.851 -71.466 -133.826 -99.531 -68.871 -42.780 -21.507 -48.880 -121.382 -193.763 -265.486 -335.319 -400.741 -460.792 -513.597 -558.509 -596.993 -644.448 -779.280 -874.640 -1001.790 -1168.486 -1416.529 -1862.694 -2655.363 -3234.613 -3290.377 -3292.024 -3292.074 -3292.078 -3292.078 -3292.079 -3292.072 -3290.991 -3177.192 -1974.464 -1188.871 -897.695 -708.295 -687.235 -685.555 -685.465 -685.474 -685.488 -685.502 -685.517 -685.532 -685.548 -685.563 -685.579 -685.595 -685.611 -685.626 -685.640 -685.654 -685.667 -685.679 -685.690 -685.700 -685.709 -685.716 -685.723 -685.729 -685.733 -685.737 -685.741 -685.743 -685.745 -685.746 -685.748 -685.748 -685.749 -685.750 -685.760 -685.829 -686.288 -689.046 -704.253 -9999.000 -9999.000
-9999.000 -9999.000 1710.529 1620.349 1532.633 1445.098 1357.573 1270.320 1183.640 1097.827 1013.200 930.025 848.430 768.572 690.472 614.107 539.447 466.428 394.935 324.896 256.115 188.576 122.162 56.669 -7.851 -71.466 -133.826 -99.531 -68.871 -42.780 -21.507 -48.880 -121.382 -193.763 -265.486 -335.319 -400.741 -460.792 -513.597 -558.509 -596.993 -644.448 -779.280 -874.640 -1001.790 -1168.486 -1416.529 -1862.694 -2655.363 -3234.613 -3290.377 -3292.024 -3292.074 -3292.078 -3292.078 -3292.079 -3292.072 -3290.991 -3177.192 -1974.464 -1188.871 -897.695 -708.295 -687.235 -685.555 -685.465 -685.474 -685.488 -685.502 -685.517 -685.532 -685.548 -685.563 -685.579 -685.595 -685.611 -685.626 -685.640 -685.654 -685.667 -685.679 -685.690 -685.700 -685.709 -685.716 -685.723 -685.729 -685.733 -685.737 -685.741 -685.743 -685.745 -685.746 -685.748 -685.748 -685.749 -685.750 -685.760 -685.829 -686.288 -689.046 -704.253 -9999.000 -9999.000
-9999.000 -9999.000 -9999.000 -9999.000 -9999.000 -9999.000 -9999.000 -9999.000 -9999.000 -9999.000 -9999.000 -9999.000 -9999.000 -9999.000 -9999.000 -9999.000 -9999.000 -9999.000 -9999.000 -9999.000 -9999.000 -9999.000 -9999.000 -9999.000 -9999.000 -9999.000 -9999.000 -9999.000 -9999.000 -9999.000 -9999.000 -9999.000 -9999.000 -9999.000 -9999.000 -9999.000 -9999.000 -9999.000 -9999.000 -9999.000 -9999.000 -9999.000 -9999.000 -9999.000 -9999.000 -9999.000 -9999.000 -9999.000 -9999.000 -9999.000 -9999.000 -9999.000 -9999.000 -9999.000 -9999.000 -9999.000 -9999.000 -9999.000 -9999.000 -9999.000 -9999.000 -9999.000 -9999.000 -9999.000 -9999.000 -9999.000 -9999.000 -9999.000 -9999.000 -9999.000 -9999.000 -9999.000 -9999.000 -9999.000 -9999.000 -9999.000 -9999.000 -9999.000 -9999.000 -9999.000 -9999.000 -9999.000 -9999.000 -9999.000 -9999.000 -9999.000 -9999.000 -9999.000 -9999.000 -9999.000 -9999.000 -9999.000 -9999.000 -9999.000 -9999.000 -9999.000 -9999.000 -9999.000 -9999.000 -9999.000 -9999.000 -9999.000 -9999.000 -9999.000
-9999.000 -9999.000 -9999.000 -9999.000 -9999.000 -9999.000 -9999.000 -9999.000 -9999.000 -9999.000 -9999.000 -9999.000 -9999.000 -9999.000 -9999.000 -9999.000 -9999.000 -9999.000 -9999.000 -9999.000 -9999.000 -9999.000 -9999.000 -9999.000 -9999.000 -9999.000 -9999.000 -9999.000 -9999.000 -9999.000 -9999.000 -9999.000 -9999.000 -9999.000 -9999.000 -9999.000 -9999.000 -9999.000 -9999.000 -9999.000 -9999.000 -9999.000 -9999.000 -9999.000 -9999.000 -9999.000 -9999.000 -9999.000 -9999.000 -9999.000 -9999.000 -9999.000 -9999.000 -9999.000 -9999.000 -9999.000 -9999.000 -9999.000 -9999.000 -9999.000 -9999.000 -9999.000 -9999.000 -9999.000 -9999.000 -9999.000 -9999.000 -9999.000 -9999.000 -9999.000 -9999.000 -9999.000 -9999.000 -9999.000 -9999.000 -9999.000 -9999.000 -9999.000 -9999.000 -9999.000 -9999.000 -9999.000 -9999.000 -9999.000 -9999.000 -9999.000 -9999.000 -9999.000 -9999.000 -9999.000 -9999.000 -9999.000 -9999.000 -9999.000 -9999.000 -9999.000 -9999.000 -9999.000 -9999.000 -9999.000 -9999.000 -9999.000 -9999.000 -9999.000