examples/3D/hillslope02_superslab/output-maps-METEOIO-OFF/psiliqL0088N0002.asc
ncols         104
nrows         10
xllcorner     -2.000000
yllcorner     0.000000
cellsize      1.000000
NODATA_value  -9999.0
-9999.000 -9999.000 -9999.000 -9999.000 -9999.000 -9999.000 -9999.000 -9999.000 -9999.000 -9999.000 -9999.000 -9999.000 -9999.000 -9999.000 -9999.000 -9999.000 -9999.000 -9999.000 -9999.000 -9999.000 -9999.000 -9999.000 -9999.000 -9999.000 -9999.000 -9999.000 -9999.000 -9999.000 -9999.000 -9999.000 -9999.000 -9999.000 -9999.000 -9999.000 -9999.000 -9999.000 -9999.000 -9999.000 -9999.000 -9999.000 -9999.000 -9999.000 -9999.000 -9999.000 -9999.000 -9999.000 -9999.000 -9999.000 -9999.000 -9999.000 -9999.000 -9999.000 -9999.000 -9999.000 -9999.000 -9999.000 -9999.000 -9999.000 -9999.000 -9999.000 -9999.000 -9999.000 -9999.000 -9999.000 -9999.000 -9999.000 -9999.000 -9999.000 -9999.000 -9999.000 -9999.000 -9999.000 -9999.000 -9999.000 -9999.000 -9999.000 -9999.000 -9999.000 -9999.000 -9999.000 -9999.000 -9999.000 -9999.000 -9999.000 -9999.000 -9999.000 -9999.000 -9999.000 -9999.000 -9999.000 -9999.000 -9999.000 -9999.000 -9999.000 -9999.000 -9999.000 -9999.000 -9999.000 -9999.000 -9999.000 -9999.000 -9999.000 -9999.000 -9999.000
-9999.000 -9999.000 -9999.000 -9999.000 -9999.000 -9999.000 -9999.000 -9999.000 -9999.000 -9999.000 -9999.000 -9999.000 -9999.000 -9999.000 -9999.000 -9999.000 -9999.000 -9999.000 -9999.000 -9999.000 -9999.000 -9999.000 -9999.000 -9999.000 -9999.000 -9999.000 -9999.000 -9999.000 -9999.000 -9999.000 -9999.000 -9999.000 -9999.000 -9999.000 -9999.000 -9999.000 -9999.000 -9999.000 -9999.000 -9999.000 -9999.000 -9999.000 -9999.000 -9999.000 -9999.000 -9999.000 -9999.000 -9999.000 -9999.000 -9999.000 -9999.000 -9999.000 -9999.000 -9999.000 -9999.000 -9999.000 -9999.000 -9999.000 -9999.000 -9999.000 -9999.000 -9999.000 -9999.000 -9999.000 -9999.000 -9999.000 -9999.000 -9999.000 -9999.000 -9999.000 -9999.000 -9999.000 -9999.000 -9999.000 -9999.000 -9999.000 -9999.000 -9999.000 -9999.000 -9999.000 -9999.000 -9999.000 -9999.000 -9999.000 -9999.000 -9999.000 -9999.000 -9999.000 -9999.000 -9999.000 -9999.000 -9999.000 -9999.000 -9999.000 -9999.000 -9999.000 -9999.000 -9999.000 -9999.000 -9999.000 -9999.000 -9999.000 -9999.000 -9999.000
-9999.000 -9999.000 2848.144 2747.055 2644.873 2541.565 2437.130 2331.655 2225.353 2118.620 2012.152 1907.064 1804.802 1706.666 1613.687 1526.524 1445.452 1370.480 1301.459 1238.102 1180.050 1126.870 1078.108 1033.270 991.805 953.114 916.706 882.022 848.435 815.500 782.726 749.575 715.782 681.021 644.957 607.466 568.528 528.133 486.349 443.339 399.370 354.914 310.640 267.368 226.068 187.809 153.489 124.490 101.682 85.969 77.403 75.164 75.144 81.832 102.383 133.430 171.725 215.148 262.213 311.846 363.107 414.256 462.433 504.596 540.343 570.414 595.197 615.627 632.014 644.591 653.849 660.080 663.489 664.253 662.520 658.406 651.995 643.409 632.794 620.145 605.414 588.710 570.067 549.306 526.642 501.807 474.979 445.849 414.535 380.896 344.658 305.735 264.026 219.284 171.218 119.479 63.607 2.936 -62.573 -132.706 -204.851 -278.041 -9999.000 -9999.000
-9999.000 -9999.000 2848.148 2747.057 2644.874 2541.565 2437.130 2331.656 2225.353 2118.620 2012.152 1907.064 1804.802 1706.666 1613.687 1526.524 1445.452 1370.480 1301.459 1238.102 1180.050 1126.870 1078.108 1033.270 991.805 953.114 916.706 882.022 848.435 815.500 782.726 749.575 715.782 681.021 644.957 607.466 568.528 528.133 486.349 443.339 399.370 354.914 310.640 267.368 226.068 187.809 153.489 124.490 101.682 85.969 77.403 75.164 75.144 81.832 102.383 133.430 171.725 215.148 262.213 311.846 363.107 414.256 462.433 504.596 540.343 570.414 595.197 615.627 632.014 644.591 653.849 660.080 663.489 664.253 662.520 658.406 651.995 643.409 632.794 620.145 605.414 588.710 570.067 549.306 526.642 501.807 474.979 445.849 414.535 380.896 344.658 305.735 264.026 219.284 171.218 119.479 63.607 2.936 -62.573 -132.706 -204.851 -278.041 -9999.000 -9999.000
-9999.000 -9999.000 2848.151 2747.059 2644.875 2541.566 2437.130 2331.656 2225.353 2118.620 2012.152 1907.064 1804.802 1706.666 1613.687 1526.524 1445.452 1370.480 1301.459 1238.102 1180.050 1126.870 1078.108 1033.270 991.805 953.114 916.706 882.022 848.435 815.500 782.726 749.575 715.782 681.021 644.957 607.466 568.528 528.133 486.349 443.339 399.370 354.914 310.640 267.368 226.068 187.809 153.489 124.490 101.682 85.969 77.403 75.164 75.144 81.832 102.383 133.430 171.725 215.148 262.213 311.846 363.107 414.256 462.433 504.596 540.343 570.414 595.197 615.627 632.014 644.591 653.849 660.080 663.489 664.253 662.520 658.406 651.995 643.409 632.794 620.145 605.414 588.710 570.067 549.306 526.642 501.807 474.979 445.849 414.535 380.896 344.658 305.735 264.026 219.284 171.218 119.479 63.607 2.936 -62.573 -132.706 -204.851 -278.041 -9999.000 -9999.000
-9999.000 -9999.000 2848.151 2747.059 2644.875 2541.566 2437.130 2331.656 2225.353 2118.620 2012.152 1907.064 1804.802 1706.666 1613.687 1526.524 1445.452 1370.480 1301.459 1238.102 1180.050 1126.870 1078.108 1033.270 991.805 953.114 916.706 882.022 848.435 815.500 782.726 749.575 715.782 681.021 644.957 607.466 568.528 528.133 486.349 443.339 399.370 354.914 310.640 267.368 226.068 187.809 153.489 124.490 101.682 85.969 77.403 75.164 75.144 81.832 102.383 133.430 171.725 215.148 262.213 311.846 363.107 414.256 462.433 504.596 540.343 570.414 595.197 615.627 632.014 644.591 653.849 660.080 663.489 664.253 662.520 658.406 651.995 643.409 632.794 620.145 605.414 588.710 570.067 549.306 526.642 501.807 474.979 445.849 414.535 380.896 344.658 305.735 264.026 219.284 171.218 119.479 63.607 2.936 -62.573 -132.706 -204.851 -278.041 -9999.000 -9999.000
-9999.000 -9999.000 2848.148 2747.057 2644.874 2541.565 2437.130 2331.656 2225.353 2118.620 2012.152 1907.064 1804.802 1706.666 1613.687 1526.524 1445.452 1370.480 1301.459 1238.102 1180.050 1126.870 1078.108 1033.270 991.805 953.114 916.706 882.022 848.435 815.500 782.726 749.575 715.782 681.021 644.957 607.466 568.528 528.133 486.349 443.339 399.370 354.914 310.640 267.368 226.068 187.809 153.489 124.490 101.682 85.969 77.403 75.164 75.144 81.832 102.383 133.430 171.725 215.148 262.213 311.846 363.107 414.256 462.433 504.596 540.343 570.414 595.197 615.627 632.014 644.591 653.849 660.080 663.489 664.253 662.520 658.406 651.995 643.409 632.794 620.145 605.414 588.710 570.067 549.306 526.642 501.807 474.979 445.849 414.535 380.896 344.658 305.735 264.026 219.284 171.218 119.479 63.607 2.936 -62.573 -132.706 -204.851 -278.041 -9999.000 -9999.000
-9999.000 -9999.000 2848.144 2747.055 2644.873 2541.565 2437.130 2331.655 2225.353 2118.620 2012.152 1907.064 1804.802 1706.666 1613.687 1526.524 1445.452 1370.480 1301.459 1238.102 1180.050 1126.870 1078.108 1033.270 991.805 953.114 916.706 882.022 848.435 815.500 782.726 749.575 715.782 681.021 644.957 607.466 568.528 528.133 486.349 443.339 399.370 354.914 310.640 267.368 226.068 187.809 153.489 124.490 101.682 85.969 77.403 75.164 75.144 81.832 102.383 133.430 171.725 215.148 262.213 311.846 363.107 414.256 462.433 504.596 540.343 570.414 595.197 615.627 632.014 644.591 653.849 660.080 663.489 664.253 662.520 658.406 651.995 643.409 632.794 620.145 605.414 588.710 570.067 549.306 526.642 501.807 474.979 445.849 414.535 380.896 344.658 305.735 264.026 219.284 171.218 119.479 63.607 2.936 -62.573 -132.706 -204.851 -278.041 -9999.000 -9999.000
-9999.000 -9999.000 -9999.000 -9999.000 -9999.000 -9999.000 -9999.000 -9999.000 -9999.000 -9999.000 -9999.000 -9999.000 -9999.000 -9999.000 -9999.000 -9999.000 -9999.000 -9999.000 -9999.000 -9999.000 -9999.000 -9999.000 -9999.000 -9999.000 -9999.000 -9999.000 -9999.000 -9999.000 -9999.000 -9999.000 -9999.000 -9999.000 -9999.000 -9999.000 -9999.000 -9999.000 -9999.000 -9999.000 -9999.000 -9999.000 -9999.000 -9999.000 -9999.000 -9999.000 -9999.000 -9999.000 -9999.000 -9999.000 -9999.000 -9999.000 -9999.000 -9999.000 -9999.000 -9999.000 -9999.000 -9999.000 -9999.000 -9999.000 -9999.000 -9999.000 -9999.000 -9999.000 -9999.000 -9999.000 -9999.000 -9999.000 -9999.000 -9999.000 -9999.000 -9999.000 -9999.000 -9999.000 -9999.000 -9999.000 -9999.000 -9999.000 -9999.000 -9999.000 -9999.000 -9999.000 -9999.000 -9999.000 -9999.000 -9999.000 -9999.000 -9999.000 -9999.000 -9999.000 -9999.000 -9999.000 -9999.000 -9999.000 -9999.000 -9999.000 -9999.000 -9999.000 -9999.000 -9999.000 -9999.000 -9999.000 -9999.000 -9999.000 -9999.000 -9999.000
-9999.000 -9999.000 -9999.000 -9999.000 -9999.000 -9999.000 -9999.000 -9999.000 -9999.000 -9999.000 -9999.000 -9999.000 -9999.000 -9999.000 -9999.000 -9999.000 -9999.000 -9999.000 -9999.000 -9999.000 -9999.000 -9999.000 -9999.000 -9999.000 -9999.000 -9999.000 -9999.000 -9999.000 -9999.000 -9999.000 -9999.000 -9999.000 -9999.000 -9999.000 -9999.000 -9999.000 -9999.000 -9999.000 -9999.000 -9999.000 -9999.000 -9999.000 -9999.000 -9999.000 -9999.000 -9999.000 -9999.000 -9999.000 -9999.000 -9999.000 -9999.000 -9999.000 -9999.000 -9999.000 -9999.000 -9999.000 -9999.000 -9999.000 -9999.000 -9999.000 -9999.000 -9999.000 -9999.000 -9999.000 -9999.000 -9999.000 -9999.000 -9999.000 -9999.000 -9999.000 -9999.000 -9999.000 -9999.000 -9999.000 -9999.000 -9999.000 -9999.000 -9999.000 -9999.000 -9999.000 -9999.000 -9999.000 -9999.000 -9999.000 -9999.000 -9999.000 -9999.000 -9999.000 -9999.000 -9999.000 -9999.000 -9999.000 -9999.000 -9999.000 -9999.000 -9999.000 -9999.000 -9999.000 -9999.000 -9999.000 -9999.000 -9999.000 -9999.000 -9999.000