examples/3D/hillslope02_superslab/output-maps-METEOIO-OFF/psiliqL0012N0001.asc
ncols         104
nrows         10
xllcorner     -2.000000
yllcorner     0.000000
cellsize      1.000000
NODATA_value  -9999.0
-9999.000 -9999.000 -9999.000 -9999.000 -9999.000 -9999.000 -9999.000 -9999.000 -9999.000 -9999.000 -9999.000 -9999.000 -9999.000 -9999.000 -9999.000 -9999.000 -9999.000 -9999.000 -9999.000 -9999.000 -9999.000 -9999.000 -9999.000 -9999.000 -9999.000 -9999.000 -9999.000 -9999.000 -9999.000 -9999.000 -9999.000 -9999.000 -9999.000 -9999.000 -9999.000 -9999.000 -9999.000 -9999.000 -9999.000 -9999.000 -9999.000 -9999.000 -9999.000 -9999.000 -9999.000 -9999.000 -9999.000 -9999.000 -9999.000 -9999.000 -9999.000 -9999.000 -9999.000 -9999.000 -9999.000 -9999.000 -9999.000 -9999.000 -9999.000 -9999.000 -9999.000 -9999.000 -9999.000 -9999.000 -9999.000 -9999.000 -9999.000 -9999.000 -9999.000 -9999.000 -9999.000 -9999.000 -9999.000 -9999.000 -9999.000 -9999.000 -9999.000 -9999.000 -9999.000 -9999.000 -9999.000 -9999.000 -9999.000 -9999.000 -9999.000 -9999.000 -9999.000 -9999.000 -9999.000 -9999.000 -9999.000 -9999.000 -9999.000 -9999.000 -9999.000 -9999.000 -9999.000 -9999.000 -9999.000 -9999.000 -9999.000 -9999.000 -9999.000 -9999.000
-9999.000 -9999.000 -9999.000 -9999.000 -9999.000 -9999.000 -9999.000 -9999.000 -9999.000 -9999.000 -9999.000 -9999.000 -9999.000 -9999.000 -9999.000 -9999.000 -9999.000 -9999.000 -9999.000 -9999.000 -9999.000 -9999.000 -9999.000 -9999.000 -9999.000 -9999.000 -9999.000 -9999.000 -9999.000 -9999.000 -9999.000 -9999.000 -9999.000 -9999.000 -9999.000 -9999.000 -9999.000 -9999.000 -9999.000 -9999.000 -9999.000 -9999.000 -9999.000 -9999.000 -9999.000 -9999.000 -9999.000 -9999.000 -9999.000 -9999.000 -9999.000 -9999.000 -9999.000 -9999.000 -9999.000 -9999.000 -9999.000 -9999.000 -9999.000 -9999.000 -9999.000 -9999.000 -9999.000 -9999.000 -9999.000 -9999.000 -9999.000 -9999.000 -9999.000 -9999.000 -9999.000 -9999.000 -9999.000 -9999.000 -9999.000 -9999.000 -9999.000 -9999.000 -9999.000 -9999.000 -9999.000 -9999.000 -9999.000 -9999.000 -9999.000 -9999.000 -9999.000 -9999.000 -9999.000 -9999.000 -9999.000 -9999.000 -9999.000 -9999.000 -9999.000 -9999.000 -9999.000 -9999.000 -9999.000 -9999.000 -9999.000 -9999.000 -9999.000 -9999.000
-9999.000 -9999.000 -348.481 -347.335 -328.815 -313.023 -307.145 -307.190 -309.952 -314.256 -321.429 -362.820 -387.940 -407.469 -416.439 -408.704 -230.219 -61.344 121.366 317.514 390.011 328.126 267.482 209.005 152.966 99.421 48.156 -1.075 -48.188 -92.786 -135.889 -177.729 -213.862 -239.358 -254.226 -261.882 -265.836 -268.252 -270.135 -271.902 -274.039 -281.376 -3171.932 -4381.084 -4381.188 -4381.188 -4381.188 -4381.188 -4381.188 -4381.188 -4381.188 -4381.188 -4381.188 -4381.188 -4381.188 -4381.188 -4381.188 -4381.188 -4381.188 -4381.188 -4381.077 -3185.594 -350.783 -355.487 -355.694 -355.698 -355.695 -355.691 -355.686 -355.682 -355.678 -355.674 -355.670 -355.666 -355.662 -355.658 -355.653 -355.649 -355.645 -355.641 -355.637 -355.633 -355.629 -355.625 -355.620 -355.616 -355.612 -355.608 -355.604 -355.600 -355.596 -355.592 -355.588 -355.583 -355.579 -355.575 -355.571 -355.567 -355.566 -355.602 -356.108 -362.258 -9999.000 -9999.000
-9999.000 -9999.000 -348.481 -347.335 -328.815 -313.023 -307.145 -307.190 -309.952 -314.256 -321.429 -362.820 -387.940 -407.469 -416.439 -408.704 -230.219 -61.344 121.366 317.514 390.011 328.126 267.482 209.005 152.966 99.421 48.156 -1.075 -48.188 -92.786 -135.889 -177.729 -213.862 -239.358 -254.226 -261.882 -265.836 -268.252 -270.135 -271.902 -274.039 -281.376 -3171.932 -4381.084 -4381.188 -4381.188 -4381.188 -4381.188 -4381.188 -4381.188 -4381.188 -4381.188 -4381.188 -4381.188 -4381.188 -4381.188 -4381.188 -4381.188 -4381.188 -4381.188 -4381.077 -3185.594 -350.783 -355.487 -355.694 -355.698 -355.695 -355.691 -355.686 -355.682 -355.678 -355.674 -355.670 -355.666 -355.662 -355.658 -355.653 -355.649 -355.645 -355.641 -355.637 -355.633 -355.629 -355.625 -355.620 -355.616 -355.612 -355.608 -355.604 -355.600 -355.596 -355.592 -355.588 -355.583 -355.579 -355.575 -355.571 -355.567 -355.566 -355.602 -356.108 -362.258 -9999.000 -9999.000
-9999.000 -9999.000 -348.481 -347.335 -328.815 -313.023 -307.145 -307.190 -309.952 -314.256 -321.429 -362.820 -387.940 -407.469 -416.439 -408.704 -230.219 -61.344 121.366 317.514 390.011 328.126 267.482 209.005 152.966 99.421 48.156 -1.075 -48.188 -92.786 -135.889 -177.729 -213.862 -239.358 -254.226 -261.882 -265.836 -268.252 -270.135 -271.902 -274.039 -281.376 -3171.932 -4381.084 -4381.188 -4381.188 -4381.188 -4381.188 -4381.188 -4381.188 -4381.188 -4381.188 -4381.188 -4381.188 -4381.188 -4381.188 -4381.188 -4381.188 -4381.188 -4381.188 -4381.077 -3185.594 -350.783 -355.487 -355.694 -355.698 -355.695 -355.691 -355.686 -355.682 -355.678 -355.674 -355.670 -355.666 -355.662 -355.658 -355.653 -355.649 -355.645 -355.641 -355.637 -355.633 -355.629 -355.625 -355.620 -355.616 -355.612 -355.608 -355.604 -355.600 -355.596 -355.592 -355.588 -355.583 -355.579 -355.575 -355.571 -355.567 -355.566 -355.602 -356.108 -362.258 -9999.000 -9999.000
-9999.000 -9999.000 -348.481 -347.335 -328.815 -313.023 -307.145 -307.190 -309.952 -314.256 -321.429 -362.820 -387.940 -407.469 -416.439 -408.704 -230.219 -61.344 121.366 317.514 390.011 328.126 267.482 209.005 152.966 99.421 48.156 -1.075 -48.188 -92.786 -135.889 -177.729 -213.862 -239.358 -254.226 -261.882 -265.836 -268.252 -270.135 -271.902 -274.039 -281.376 -3171.932 -4381.084 -4381.188 -4381.188 -4381.188 -4381.188 -4381.188 -4381.188 -4381.188 -4381.188 -4381.188 -4381.188 -4381.188 -4381.188 -4381.188 -4381.188 -4381.188 -4381.188 -4381.077 -3185.594 -350.783 -355.487 -355.694 -355.698 -355.695 -355.691 -355.686 -355.682 -355.678 -355.674 -355.670 -355.666 -355.662 -355.658 -355.653 -355.649 -355.645 -355.641 -355.637 -355.633 -355.629 -355.625 -355.620 -355.616 -355.612 -355.608 -355.604 -355.600 -355.596 -355.592 -355.588 -355.583 -355.579 -355.575 -355.571 -355.567 -355.566 -355.602 -356.108 -362.258 -9999.000 -9999.000
-9999.000 -9999.000 -348.481 -347.335 -328.815 -313.023 -307.145 -307.190 -309.952 -314.256 -321.429 -362.820 -387.940 -407.469 -416.439 -408.704 -230.219 -61.344 121.366 317.514 390.011 328.126 267.482 209.005 152.966 99.421 48.156 -1.075 -48.188 -92.786 -135.889 -177.729 -213.862 -239.358 -254.226 -261.882 -265.836 -268.252 -270.135 -271.902 -274.039 -281.376 -3171.932 -4381.084 -4381.188 -4381.188 -4381.188 -4381.188 -4381.188 -4381.188 -4381.188 -4381.188 -4381.188 -4381.188 -4381.188 -4381.188 -4381.188 -4381.188 -4381.188 -4381.188 -4381.077 -3185.594 -350.783 -355.487 -355.694 -355.698 -355.695 -355.691 -355.686 -355.682 -355.678 -355.674 -355.670 -355.666 -355.662 -355.658 -355.653 -355.649 -355.645 -355.641 -355.637 -355.633 -355.629 -355.625 -355.620 -355.616 -355.612 -355.608 -355.604 -355.600 -355.596 -355.592 -355.588 -355.583 -355.579 -355.575 -355.571 -355.567 -355.566 -355.602 -356.108 -362.258 -9999.000 -9999.000
-9999.000 -9999.000 -348.481 -347.335 -328.815 -313.023 -307.145 -307.190 -309.952 -314.256 -321.429 -362.820 -387.940 -407.469 -416.439 -408.704 -230.219 -61.344 121.366 317.514 390.011 328.126 267.482 209.005 152.966 99.421 48.156 -1.075 -48.188 -92.786 -135.889 -177.729 -213.862 -239.358 -254.226 -261.882 -265.836 -268.252 -270.135 -271.902 -274.039 -281.376 -3171.932 -4381.084 -4381.188 -4381.188 -4381.188 -4381.188 -4381.188 -4381.188 -4381.188 -4381.188 -4381.188 -4381.188 -4381.188 -4381.188 -4381.188 -4381.188 -4381.188 -4381.188 -4381.077 -3185.594 -350.783 -355.487 -355.694 -355.698 -355.695 -355.691 -355.686 -355.682 -355.678 -355.674 -355.670 -355.666 -355.662 -355.658 -355.653 -355.649 -355.645 -355.641 -355.637 -355.633 -355.629 -355.625 -355.620 -355.616 -355.612 -355.608 -355.604 -355.600 -355.596 -355.592 -355.588 -355.583 -355.579 -355.575 -355.571 -355.567 -355.566 -355.602 -356.108 -362.258 -9999.000 -9999.000
-9999.000 -9999.000 -9999.000 -9999.000 -9999.000 -9999.000 -9999.000 -9999.000 -9999.000 -9999.000 -9999.000 -9999.000 -9999.000 -9999.000 -9999.000 -9999.000 -9999.000 -9999.000 -9999.000 -9999.000 -9999.000 -9999.000 -9999.000 -9999.000 -9999.000 -9999.000 -9999.000 -9999.000 -9999.000 -9999.000 -9999.000 -9999.000 -9999.000 -9999.000 -9999.000 -9999.000 -9999.000 -9999.000 -9999.000 -9999.000 -9999.000 -9999.000 -9999.000 -9999.000 -9999.000 -9999.000 -9999.000 -9999.000 -9999.000 -9999.000 -9999.000 -9999.000 -9999.000 -9999.000 -9999.000 -9999.000 -9999.000 -9999.000 -9999.000 -9999.000 -9999.000 -9999.000 -9999.000 -9999.000 -9999.000 -9999.000 -9999.000 -9999.000 -9999.000 -9999.000 -9999.000 -9999.000 -9999.000 -9999.000 -9999.000 -9999.000 -9999.000 -9999.000 -9999.000 -9999.000 -9999.000 -9999.000 -9999.000 -9999.000 -9999.000 -9999.000 -9999.000 -9999.000 -9999.000 -9999.000 -9999.000 -9999.000 -9999.000 -9999.000 -9999.000 -9999.000 -9999.000 -9999.000 -9999.000 -9999.000 -9999.000 -9999.000 -9999.000 -9999.000
-9999.000 -9999.000 -9999.000 -9999.000 -9999.000 -9999.000 -9999.000 -9999.000 -9999.000 -9999.000 -9999.000 -9999.000 -9999.000 -9999.000 -9999.000 -9999.000 -9999.000 -9999.000 -9999.000 -9999.000 -9999.000 -9999.000 -9999.000 -9999.000 -9999.000 -9999.000 -9999.000 -9999.000 -9999.000 -9999.000 -9999.000 -9999.000 -9999.000 -9999.000 -9999.000 -9999.000 -9999.000 -9999.000 -9999.000 -9999.000 -9999.000 -9999.000 -9999.000 -9999.000 -9999.000 -9999.000 -9999.000 -9999.000 -9999.000 -9999.000 -9999.000 -9999.000 -9999.000 -9999.000 -9999.000 -9999.000 -9999.000 -9999.000 -9999.000 -9999.000 -9999.000 -9999.000 -9999.000 -9999.000 -9999.000 -9999.000 -9999.000 -9999.000 -9999.000 -9999.000 -9999.000 -9999.000 -9999.000 -9999.000 -9999.000 -9999.000 -9999.000 -9999.000 -9999.000 -9999.000 -9999.000 -9999.000 -9999.000 -9999.000 -9999.000 -9999.000 -9999.000 -9999.000 -9999.000 -9999.000 -9999.000 -9999.000 -9999.000 -9999.000 -9999.000 -9999.000 -9999.000 -9999.000 -9999.000 -9999.000 -9999.000 -9999.000 -9999.000 -9999.000