examples/3D/hillslope02_superslab/output-maps-METEOIO-OFF/psiliqL0028N0003.asc
ncols         104
nrows         10
xllcorner     -2.000000
yllcorner     0.000000
cellsize      1.000000
NODATA_value  -9999.0
-9999.000 -9999.000 -9999.000 -9999.000 -9999.000 -9999.000 -9999.000 -9999.000 -9999.000 -9999.000 -9999.000 -9999.000 -9999.000 -9999.000 -9999.000 -9999.000 -9999.000 -9999.000 -9999.000 -9999.000 -9999.000 -9999.000 -9999.000 -9999.000 -9999.000 -9999.000 -9999.000 -9999.000 -9999.000 -9999.000 -9999.000 -9999.000 -9999.000 -9999.000 -9999.000 -9999.000 -9999.000 -9999.000 -9999.000 -9999.000 -9999.000 -9999.000 -9999.000 -9999.000 -9999.000 -9999.000 -9999.000 -9999.000 -9999.000 -9999.000 -9999.000 -9999.000 -9999.000 -9999.000 -9999.000 -9999.000 -9999.000 -9999.000 -9999.000 -9999.000 -9999.000 -9999.000 -9999.000 -9999.000 -9999.000 -9999.000 -9999.000 -9999.000 -9999.000 -9999.000 -9999.000 -9999.000 -9999.000 -9999.000 -9999.000 -9999.000 -9999.000 -9999.000 -9999.000 -9999.000 -9999.000 -9999.000 -9999.000 -9999.000 -9999.000 -9999.000 -9999.000 -9999.000 -9999.000 -9999.000 -9999.000 -9999.000 -9999.000 -9999.000 -9999.000 -9999.000 -9999.000 -9999.000 -9999.000 -9999.000 -9999.000 -9999.000 -9999.000 -9999.000
-9999.000 -9999.000 -9999.000 -9999.000 -9999.000 -9999.000 -9999.000 -9999.000 -9999.000 -9999.000 -9999.000 -9999.000 -9999.000 -9999.000 -9999.000 -9999.000 -9999.000 -9999.000 -9999.000 -9999.000 -9999.000 -9999.000 -9999.000 -9999.000 -9999.000 -9999.000 -9999.000 -9999.000 -9999.000 -9999.000 -9999.000 -9999.000 -9999.000 -9999.000 -9999.000 -9999.000 -9999.000 -9999.000 -9999.000 -9999.000 -9999.000 -9999.000 -9999.000 -9999.000 -9999.000 -9999.000 -9999.000 -9999.000 -9999.000 -9999.000 -9999.000 -9999.000 -9999.000 -9999.000 -9999.000 -9999.000 -9999.000 -9999.000 -9999.000 -9999.000 -9999.000 -9999.000 -9999.000 -9999.000 -9999.000 -9999.000 -9999.000 -9999.000 -9999.000 -9999.000 -9999.000 -9999.000 -9999.000 -9999.000 -9999.000 -9999.000 -9999.000 -9999.000 -9999.000 -9999.000 -9999.000 -9999.000 -9999.000 -9999.000 -9999.000 -9999.000 -9999.000 -9999.000 -9999.000 -9999.000 -9999.000 -9999.000 -9999.000 -9999.000 -9999.000 -9999.000 -9999.000 -9999.000 -9999.000 -9999.000 -9999.000 -9999.000 -9999.000 -9999.000
-9999.000 -9999.000 1407.930 1320.117 1233.796 1146.852 1059.521 972.271 885.493 799.525 714.744 631.453 549.760 469.862 391.761 315.421 240.814 167.877 96.468 26.547 -42.080 -109.459 -175.290 -237.131 -202.697 -166.756 -133.210 -103.853 -127.029 -197.842 -267.520 -334.882 -399.223 -459.756 -515.196 -563.837 -604.736 -637.813 -663.437 -682.862 -700.312 -740.443 -983.024 -1121.046 -1366.089 -1784.139 -2500.040 -3394.505 -3583.481 -3589.015 -3589.108 -3589.109 -3589.109 -3589.109 -3589.109 -3589.109 -3589.107 -3588.845 -3554.894 -2628.321 -1449.539 -1041.451 -745.558 -725.984 -724.584 -724.512 -724.511 -724.513 -724.514 -724.516 -724.519 -724.521 -724.524 -724.526 -724.529 -724.532 -724.535 -724.537 -724.540 -724.542 -724.545 -724.547 -724.549 -724.550 -724.552 -724.553 -724.554 -724.555 -724.556 -724.556 -724.556 -724.557 -724.557 -724.557 -724.557 -724.557 -724.557 -724.564 -724.618 -724.996 -727.427 -741.758 -9999.000 -9999.000
-9999.000 -9999.000 1407.942 1320.123 1233.799 1146.853 1059.522 972.271 885.493 799.525 714.744 631.453 549.760 469.862 391.761 315.421 240.814 167.877 96.468 26.547 -42.080 -109.459 -175.290 -237.131 -202.697 -166.756 -133.210 -103.853 -127.029 -197.842 -267.520 -334.882 -399.223 -459.756 -515.196 -563.837 -604.736 -637.813 -663.437 -682.862 -700.312 -740.443 -983.024 -1121.046 -1366.089 -1784.139 -2500.040 -3394.505 -3583.481 -3589.015 -3589.108 -3589.109 -3589.109 -3589.109 -3589.109 -3589.109 -3589.107 -3588.845 -3554.894 -2628.321 -1449.539 -1041.451 -745.558 -725.984 -724.584 -724.512 -724.511 -724.513 -724.514 -724.516 -724.519 -724.521 -724.524 -724.526 -724.529 -724.532 -724.535 -724.537 -724.540 -724.542 -724.545 -724.547 -724.549 -724.550 -724.552 -724.553 -724.554 -724.555 -724.556 -724.556 -724.556 -724.557 -724.557 -724.557 -724.557 -724.557 -724.557 -724.564 -724.618 -724.996 -727.427 -741.758 -9999.000 -9999.000
-9999.000 -9999.000 1407.949 1320.126 1233.800 1146.854 1059.522 972.271 885.493 799.525 714.744 631.453 549.760 469.862 391.761 315.421 240.814 167.877 96.468 26.547 -42.080 -109.459 -175.290 -237.131 -202.697 -166.756 -133.210 -103.853 -127.029 -197.842 -267.520 -334.882 -399.223 -459.756 -515.196 -563.837 -604.736 -637.813 -663.437 -682.862 -700.312 -740.443 -983.024 -1121.046 -1366.089 -1784.139 -2500.040 -3394.505 -3583.481 -3589.015 -3589.108 -3589.109 -3589.109 -3589.109 -3589.109 -3589.109 -3589.107 -3588.845 -3554.894 -2628.321 -1449.539 -1041.451 -745.558 -725.984 -724.584 -724.512 -724.511 -724.513 -724.514 -724.516 -724.519 -724.521 -724.524 -724.526 -724.529 -724.532 -724.535 -724.537 -724.540 -724.542 -724.545 -724.547 -724.549 -724.550 -724.552 -724.553 -724.554 -724.555 -724.556 -724.556 -724.556 -724.557 -724.557 -724.557 -724.557 -724.557 -724.557 -724.564 -724.618 -724.996 -727.427 -741.758 -9999.000 -9999.000
-9999.000 -9999.000 1407.949 1320.126 1233.800 1146.854 1059.522 972.271 885.493 799.525 714.744 631.453 549.760 469.862 391.761 315.421 240.814 167.877 96.468 26.547 -42.080 -109.459 -175.290 -237.131 -202.697 -166.756 -133.210 -103.853 -127.029 -197.842 -267.520 -334.882 -399.223 -459.756 -515.196 -563.837 -604.736 -637.813 -663.437 -682.862 -700.312 -740.443 -983.024 -1121.046 -1366.089 -1784.139 -2500.040 -3394.505 -3583.481 -3589.015 -3589.108 -3589.109 -3589.109 -3589.109 -3589.109 -3589.109 -3589.107 -3588.845 -3554.894 -2628.321 -1449.539 -1041.451 -745.558 -725.984 -724.584 -724.512 -724.511 -724.513 -724.514 -724.516 -724.519 -724.521 -724.524 -724.526 -724.529 -724.532 -724.535 -724.537 -724.540 -724.542 -724.545 -724.547 -724.549 -724.550 -724.552 -724.553 -724.554 -724.555 -724.556 -724.556 -724.556 -724.557 -724.557 -724.557 -724.557 -724.557 -724.557 -724.564 -724.618 -724.996 -727.427 -741.758 -9999.000 -9999.000
-9999.000 -9999.000 1407.942 1320.123 1233.799 1146.853 1059.522 972.271 885.493 799.525 714.744 631.453 549.760 469.862 391.761 315.421 240.814 167.877 96.468 26.547 -42.080 -109.459 -175.290 -237.131 -202.697 -166.756 -133.210 -103.853 -127.029 -197.842 -267.520 -334.882 -399.223 -459.756 -515.196 -563.837 -604.736 -637.813 -663.437 -682.862 -700.312 -740.443 -983.024 -1121.046 -1366.089 -1784.139 -2500.040 -3394.505 -3583.481 -3589.015 -3589.108 -3589.109 -3589.109 -3589.109 -3589.109 -3589.109 -3589.107 -3588.845 -3554.894 -2628.321 -1449.539 -1041.451 -745.558 -725.984 -724.584 -724.512 -724.511 -724.513 -724.514 -724.516 -724.519 -724.521 -724.524 -724.526 -724.529 -724.532 -724.535 -724.537 -724.540 -724.542 -724.545 -724.547 -724.549 -724.550 -724.552 -724.553 -724.554 -724.555 -724.556 -724.556 -724.556 -724.557 -724.557 -724.557 -724.557 -724.557 -724.557 -724.564 -724.618 -724.996 -727.427 -741.758 -9999.000 -9999.000
-9999.000 -9999.000 1407.930 1320.117 1233.796 1146.852 1059.521 972.271 885.493 799.525 714.744 631.453 549.760 469.862 391.761 315.421 240.814 167.877 96.468 26.547 -42.080 -109.459 -175.290 -237.131 -202.697 -166.756 -133.210 -103.853 -127.029 -197.842 -267.520 -334.882 -399.223 -459.756 -515.196 -563.837 -604.736 -637.813 -663.437 -682.862 -700.312 -740.443 -983.024 -1121.046 -1366.089 -1784.139 -2500.040 -3394.505 -3583.481 -3589.015 -3589.108 -3589.109 -3589.109 -3589.109 -3589.109 -3589.109 -3589.107 -3588.845 -3554.894 -2628.321 -1449.539 -1041.451 -745.558 -725.984 -724.584 -724.512 -724.511 -724.513 -724.514 -724.516 -724.519 -724.521 -724.524 -724.526 -724.529 -724.532 -724.535 -724.537 -724.540 -724.542 -724.545 -724.547 -724.549 -724.550 -724.552 -724.553 -724.554 -724.555 -724.556 -724.556 -724.556 -724.557 -724.557 -724.557 -724.557 -724.557 -724.557 -724.564 -724.618 -724.996 -727.427 -741.758 -9999.000 -9999.000
-9999.000 -9999.000 -9999.000 -9999.000 -9999.000 -9999.000 -9999.000 -9999.000 -9999.000 -9999.000 -9999.000 -9999.000 -9999.000 -9999.000 -9999.000 -9999.000 -9999.000 -9999.000 -9999.000 -9999.000 -9999.000 -9999.000 -9999.000 -9999.000 -9999.000 -9999.000 -9999.000 -9999.000 -9999.000 -9999.000 -9999.000 -9999.000 -9999.000 -9999.000 -9999.000 -9999.000 -9999.000 -9999.000 -9999.000 -9999.000 -9999.000 -9999.000 -9999.000 -9999.000 -9999.000 -9999.000 -9999.000 -9999.000 -9999.000 -9999.000 -9999.000 -9999.000 -9999.000 -9999.000 -9999.000 -9999.000 -9999.000 -9999.000 -9999.000 -9999.000 -9999.000 -9999.000 -9999.000 -9999.000 -9999.000 -9999.000 -9999.000 -9999.000 -9999.000 -9999.000 -9999.000 -9999.000 -9999.000 -9999.000 -9999.000 -9999.000 -9999.000 -9999.000 -9999.000 -9999.000 -9999.000 -9999.000 -9999.000 -9999.000 -9999.000 -9999.000 -9999.000 -9999.000 -9999.000 -9999.000 -9999.000 -9999.000 -9999.000 -9999.000 -9999.000 -9999.000 -9999.000 -9999.000 -9999.000 -9999.000 -9999.000 -9999.000 -9999.000 -9999.000
-9999.000 -9999.000 -9999.000 -9999.000 -9999.000 -9999.000 -9999.000 -9999.000 -9999.000 -9999.000 -9999.000 -9999.000 -9999.000 -9999.000 -9999.000 -9999.000 -9999.000 -9999.000 -9999.000 -9999.000 -9999.000 -9999.000 -9999.000 -9999.000 -9999.000 -9999.000 -9999.000 -9999.000 -9999.000 -9999.000 -9999.000 -9999.000 -9999.000 -9999.000 -9999.000 -9999.000 -9999.000 -9999.000 -9999.000 -9999.000 -9999.000 -9999.000 -9999.000 -9999.000 -9999.000 -9999.000 -9999.000 -9999.000 -9999.000 -9999.000 -9999.000 -9999.000 -9999.000 -9999.000 -9999.000 -9999.000 -9999.000 -9999.000 -9999.000 -9999.000 -9999.000 -9999.000 -9999.000 -9999.000 -9999.000 -9999.000 -9999.000 -9999.000 -9999.000 -9999.000 -9999.000 -9999.000 -9999.000 -9999.000 -9999.000 -9999.000 -9999.000 -9999.000 -9999.000 -9999.000 -9999.000 -9999.000 -9999.000 -9999.000 -9999.000 -9999.000 -9999.000 -9999.000 -9999.000 -9999.000 -9999.000 -9999.000 -9999.000 -9999.000 -9999.000 -9999.000 -9999.000 -9999.000 -9999.000 -9999.000 -9999.000 -9999.000 -9999.000 -9999.000