examples/3D/hillslope02_superslab/output-maps-METEOIO-OFF/psiliqL0064N0001.asc
ncols         104
nrows         10
xllcorner     -2.000000
yllcorner     0.000000
cellsize      1.000000
NODATA_value  -9999.0
-9999.000 -9999.000 -9999.000 -9999.000 -9999.000 -9999.000 -9999.000 -9999.000 -9999.000 -9999.000 -9999.000 -9999.000 -9999.000 -9999.000 -9999.000 -9999.000 -9999.000 -9999.000 -9999.000 -9999.000 -9999.000 -9999.000 -9999.000 -9999.000 -9999.000 -9999.000 -9999.000 -9999.000 -9999.000 -9999.000 -9999.000 -9999.000 -9999.000 -9999.000 -9999.000 -9999.000 -9999.000 -9999.000 -9999.000 -9999.000 -9999.000 -9999.000 -9999.000 -9999.000 -9999.000 -9999.000 -9999.000 -9999.000 -9999.000 -9999.000 -9999.000 -9999.000 -9999.000 -9999.000 -9999.000 -9999.000 -9999.000 -9999.000 -9999.000 -9999.000 -9999.000 -9999.000 -9999.000 -9999.000 -9999.000 -9999.000 -9999.000 -9999.000 -9999.000 -9999.000 -9999.000 -9999.000 -9999.000 -9999.000 -9999.000 -9999.000 -9999.000 -9999.000 -9999.000 -9999.000 -9999.000 -9999.000 -9999.000 -9999.000 -9999.000 -9999.000 -9999.000 -9999.000 -9999.000 -9999.000 -9999.000 -9999.000 -9999.000 -9999.000 -9999.000 -9999.000 -9999.000 -9999.000 -9999.000 -9999.000 -9999.000 -9999.000 -9999.000 -9999.000
-9999.000 -9999.000 -9999.000 -9999.000 -9999.000 -9999.000 -9999.000 -9999.000 -9999.000 -9999.000 -9999.000 -9999.000 -9999.000 -9999.000 -9999.000 -9999.000 -9999.000 -9999.000 -9999.000 -9999.000 -9999.000 -9999.000 -9999.000 -9999.000 -9999.000 -9999.000 -9999.000 -9999.000 -9999.000 -9999.000 -9999.000 -9999.000 -9999.000 -9999.000 -9999.000 -9999.000 -9999.000 -9999.000 -9999.000 -9999.000 -9999.000 -9999.000 -9999.000 -9999.000 -9999.000 -9999.000 -9999.000 -9999.000 -9999.000 -9999.000 -9999.000 -9999.000 -9999.000 -9999.000 -9999.000 -9999.000 -9999.000 -9999.000 -9999.000 -9999.000 -9999.000 -9999.000 -9999.000 -9999.000 -9999.000 -9999.000 -9999.000 -9999.000 -9999.000 -9999.000 -9999.000 -9999.000 -9999.000 -9999.000 -9999.000 -9999.000 -9999.000 -9999.000 -9999.000 -9999.000 -9999.000 -9999.000 -9999.000 -9999.000 -9999.000 -9999.000 -9999.000 -9999.000 -9999.000 -9999.000 -9999.000 -9999.000 -9999.000 -9999.000 -9999.000 -9999.000 -9999.000 -9999.000 -9999.000 -9999.000 -9999.000 -9999.000 -9999.000 -9999.000
-9999.000 -9999.000 -342.906 -396.243 -394.249 -358.194 -332.632 -323.131 -323.152 -333.447 -398.518 -1137.241 -1803.402 -1806.927 -1806.931 -1806.931 -1806.931 -1806.931 -1806.931 -1806.931 -1806.931 -1806.931 -1806.931 -1806.931 -1806.931 -1806.931 -1806.930 -1806.671 -1653.924 -575.263 -398.175 -363.781 -354.667 -351.621 -350.655 -350.813 -351.838 -353.702 -356.492 -360.415 -365.851 -373.335 -175.591 -60.757 -26.138 -87.530 -349.917 -1421.941 -1806.433 -1807.007 -1806.993 -1807.042 -1806.937 -1806.931 -1806.931 -1806.931 -1806.931 -1806.931 -1806.931 -1806.931 -1806.927 -1804.180 -1246.125 -486.053 -433.999 -430.743 -430.544 -430.482 -430.423 -430.363 -430.304 -430.245 -430.186 -430.126 -430.067 -430.008 -429.949 -429.890 -429.831 -429.772 -429.713 -429.655 -429.596 -429.537 -429.479 -429.420 -429.362 -429.303 -429.245 -429.187 -429.129 -429.072 -429.015 -428.958 -428.903 -428.853 -428.844 -429.101 -430.937 -441.049 -497.725 -866.137 -9999.000 -9999.000
-9999.000 -9999.000 -342.906 -396.243 -394.249 -358.194 -332.632 -323.131 -323.152 -333.447 -398.518 -1137.241 -1803.402 -1806.927 -1806.931 -1806.931 -1806.931 -1806.931 -1806.931 -1806.931 -1806.931 -1806.931 -1806.931 -1806.931 -1806.931 -1806.931 -1806.930 -1806.671 -1653.924 -575.263 -398.175 -363.781 -354.667 -351.621 -350.655 -350.813 -351.838 -353.702 -356.492 -360.415 -365.851 -373.335 -175.591 -60.757 -26.138 -87.530 -349.917 -1421.941 -1806.433 -1807.007 -1806.993 -1807.042 -1806.937 -1806.931 -1806.931 -1806.931 -1806.931 -1806.931 -1806.931 -1806.931 -1806.927 -1804.180 -1246.125 -486.053 -433.999 -430.743 -430.544 -430.482 -430.423 -430.363 -430.304 -430.245 -430.186 -430.126 -430.067 -430.008 -429.949 -429.890 -429.831 -429.772 -429.713 -429.655 -429.596 -429.537 -429.479 -429.420 -429.362 -429.303 -429.245 -429.187 -429.129 -429.072 -429.015 -428.958 -428.903 -428.853 -428.844 -429.101 -430.937 -441.049 -497.725 -866.137 -9999.000 -9999.000
-9999.000 -9999.000 -342.906 -396.243 -394.249 -358.194 -332.632 -323.131 -323.152 -333.447 -398.518 -1137.241 -1803.402 -1806.927 -1806.931 -1806.931 -1806.931 -1806.931 -1806.931 -1806.931 -1806.931 -1806.931 -1806.931 -1806.931 -1806.931 -1806.931 -1806.930 -1806.671 -1653.924 -575.263 -398.175 -363.781 -354.667 -351.621 -350.655 -350.813 -351.838 -353.702 -356.492 -360.415 -365.851 -373.335 -175.591 -60.757 -26.138 -87.530 -349.917 -1421.941 -1806.433 -1807.007 -1806.993 -1807.042 -1806.937 -1806.931 -1806.931 -1806.931 -1806.931 -1806.931 -1806.931 -1806.931 -1806.927 -1804.180 -1246.125 -486.053 -433.999 -430.743 -430.544 -430.482 -430.423 -430.363 -430.304 -430.245 -430.186 -430.126 -430.067 -430.008 -429.949 -429.890 -429.831 -429.772 -429.713 -429.655 -429.596 -429.537 -429.479 -429.420 -429.362 -429.303 -429.245 -429.187 -429.129 -429.072 -429.015 -428.958 -428.903 -428.853 -428.844 -429.101 -430.937 -441.049 -497.725 -866.137 -9999.000 -9999.000
-9999.000 -9999.000 -342.906 -396.243 -394.249 -358.194 -332.632 -323.131 -323.152 -333.447 -398.518 -1137.241 -1803.402 -1806.927 -1806.931 -1806.931 -1806.931 -1806.931 -1806.931 -1806.931 -1806.931 -1806.931 -1806.931 -1806.931 -1806.931 -1806.931 -1806.930 -1806.671 -1653.924 -575.263 -398.175 -363.781 -354.667 -351.621 -350.655 -350.813 -351.838 -353.702 -356.492 -360.415 -365.851 -373.335 -175.591 -60.757 -26.138 -87.530 -349.917 -1421.941 -1806.433 -1807.007 -1806.993 -1807.042 -1806.937 -1806.931 -1806.931 -1806.931 -1806.931 -1806.931 -1806.931 -1806.931 -1806.927 -1804.180 -1246.125 -486.053 -433.999 -430.743 -430.544 -430.482 -430.423 -430.363 -430.304 -430.245 -430.186 -430.126 -430.067 -430.008 -429.949 -429.890 -429.831 -429.772 -429.713 -429.655 -429.596 -429.537 -429.479 -429.420 -429.362 -429.303 -429.245 -429.187 -429.129 -429.072 -429.015 -428.958 -428.903 -428.853 -428.844 -429.101 -430.937 -441.049 -497.725 -866.137 -9999.000 -9999.000
-9999.000 -9999.000 -342.906 -396.243 -394.249 -358.194 -332.632 -323.131 -323.152 -333.447 -398.518 -1137.241 -1803.402 -1806.927 -1806.931 -1806.931 -1806.931 -1806.931 -1806.931 -1806.931 -1806.931 -1806.931 -1806.931 -1806.931 -1806.931 -1806.931 -1806.930 -1806.671 -1653.924 -575.263 -398.175 -363.781 -354.667 -351.621 -350.655 -350.813 -351.838 -353.702 -356.492 -360.415 -365.851 -373.335 -175.591 -60.757 -26.138 -87.530 -349.917 -1421.941 -1806.433 -1807.007 -1806.993 -1807.042 -1806.937 -1806.931 -1806.931 -1806.931 -1806.931 -1806.931 -1806.931 -1806.931 -1806.927 -1804.180 -1246.125 -486.053 -433.999 -430.743 -430.544 -430.482 -430.423 -430.363 -430.304 -430.245 -430.186 -430.126 -430.067 -430.008 -429.949 -429.890 -429.831 -429.772 -429.713 -429.655 -429.596 -429.537 -429.479 -429.420 -429.362 -429.303 -429.245 -429.187 -429.129 -429.072 -429.015 -428.958 -428.903 -428.853 -428.844 -429.101 -430.937 -441.049 -497.725 -866.137 -9999.000 -9999.000
-9999.000 -9999.000 -342.906 -396.243 -394.249 -358.194 -332.632 -323.131 -323.152 -333.447 -398.518 -1137.241 -1803.402 -1806.927 -1806.931 -1806.931 -1806.931 -1806.931 -1806.931 -1806.931 -1806.931 -1806.931 -1806.931 -1806.931 -1806.931 -1806.931 -1806.930 -1806.671 -1653.924 -575.263 -398.175 -363.781 -354.667 -351.621 -350.655 -350.813 -351.838 -353.702 -356.492 -360.415 -365.851 -373.335 -175.591 -60.757 -26.138 -87.530 -349.917 -1421.941 -1806.433 -1807.007 -1806.993 -1807.042 -1806.937 -1806.931 -1806.931 -1806.931 -1806.931 -1806.931 -1806.931 -1806.931 -1806.927 -1804.180 -1246.125 -486.053 -433.999 -430.743 -430.544 -430.482 -430.423 -430.363 -430.304 -430.245 -430.186 -430.126 -430.067 -430.008 -429.949 -429.890 -429.831 -429.772 -429.713 -429.655 -429.596 -429.537 -429.479 -429.420 -429.362 -429.303 -429.245 -429.187 -429.129 -429.072 -429.015 -428.958 -428.903 -428.853 -428.844 -429.101 -430.937 -441.049 -497.725 -866.137 -9999.000 -9999.000
-9999.000 -9999.000 -9999.000 -9999.000 -9999.000 -9999.000 -9999.000 -9999.000 -9999.000 -9999.000 -9999.000 -9999.000 -9999.000 -9999.000 -9999.000 -9999.000 -9999.000 -9999.000 -9999.000 -9999.000 -9999.000 -9999.000 -9999.000 -9999.000 -9999.000 -9999.000 -9999.000 -9999.000 -9999.000 -9999.000 -9999.000 -9999.000 -9999.000 -9999.000 -9999.000 -9999.000 -9999.000 -9999.000 -9999.000 -9999.000 -9999.000 -9999.000 -9999.000 -9999.000 -9999.000 -9999.000 -9999.000 -9999.000 -9999.000 -9999.000 -9999.000 -9999.000 -9999.000 -9999.000 -9999.000 -9999.000 -9999.000 -9999.000 -9999.000 -9999.000 -9999.000 -9999.000 -9999.000 -9999.000 -9999.000 -9999.000 -9999.000 -9999.000 -9999.000 -9999.000 -9999.000 -9999.000 -9999.000 -9999.000 -9999.000 -9999.000 -9999.000 -9999.000 -9999.000 -9999.000 -9999.000 -9999.000 -9999.000 -9999.000 -9999.000 -9999.000 -9999.000 -9999.000 -9999.000 -9999.000 -9999.000 -9999.000 -9999.000 -9999.000 -9999.000 -9999.000 -9999.000 -9999.000 -9999.000 -9999.000 -9999.000 -9999.000 -9999.000 -9999.000
-9999.000 -9999.000 -9999.000 -9999.000 -9999.000 -9999.000 -9999.000 -9999.000 -9999.000 -9999.000 -9999.000 -9999.000 -9999.000 -9999.000 -9999.000 -9999.000 -9999.000 -9999.000 -9999.000 -9999.000 -9999.000 -9999.000 -9999.000 -9999.000 -9999.000 -9999.000 -9999.000 -9999.000 -9999.000 -9999.000 -9999.000 -9999.000 -9999.000 -9999.000 -9999.000 -9999.000 -9999.000 -9999.000 -9999.000 -9999.000 -9999.000 -9999.000 -9999.000 -9999.000 -9999.000 -9999.000 -9999.000 -9999.000 -9999.000 -9999.000 -9999.000 -9999.000 -9999.000 -9999.000 -9999.000 -9999.000 -9999.000 -9999.000 -9999.000 -9999.000 -9999.000 -9999.000 -9999.000 -9999.000 -9999.000 -9999.000 -9999.000 -9999.000 -9999.000 -9999.000 -9999.000 -9999.000 -9999.000 -9999.000 -9999.000 -9999.000 -9999.000 -9999.000 -9999.000 -9999.000 -9999.000 -9999.000 -9999.000 -9999.000 -9999.000 -9999.000 -9999.000 -9999.000 -9999.000 -9999.000 -9999.000 -9999.000 -9999.000 -9999.000 -9999.000 -9999.000 -9999.000 -9999.000 -9999.000 -9999.000 -9999.000 -9999.000 -9999.000 -9999.000