examples/3D/hillslope02_superslab/output-maps-METEOIO-OFF/psiliqL0032N0002.asc
ncols         104
nrows         10
xllcorner     -2.000000
yllcorner     0.000000
cellsize      1.000000
NODATA_value  -9999.0
-9999.000 -9999.000 -9999.000 -9999.000 -9999.000 -9999.000 -9999.000 -9999.000 -9999.000 -9999.000 -9999.000 -9999.000 -9999.000 -9999.000 -9999.000 -9999.000 -9999.000 -9999.000 -9999.000 -9999.000 -9999.000 -9999.000 -9999.000 -9999.000 -9999.000 -9999.000 -9999.000 -9999.000 -9999.000 -9999.000 -9999.000 -9999.000 -9999.000 -9999.000 -9999.000 -9999.000 -9999.000 -9999.000 -9999.000 -9999.000 -9999.000 -9999.000 -9999.000 -9999.000 -9999.000 -9999.000 -9999.000 -9999.000 -9999.000 -9999.000 -9999.000 -9999.000 -9999.000 -9999.000 -9999.000 -9999.000 -9999.000 -9999.000 -9999.000 -9999.000 -9999.000 -9999.000 -9999.000 -9999.000 -9999.000 -9999.000 -9999.000 -9999.000 -9999.000 -9999.000 -9999.000 -9999.000 -9999.000 -9999.000 -9999.000 -9999.000 -9999.000 -9999.000 -9999.000 -9999.000 -9999.000 -9999.000 -9999.000 -9999.000 -9999.000 -9999.000 -9999.000 -9999.000 -9999.000 -9999.000 -9999.000 -9999.000 -9999.000 -9999.000 -9999.000 -9999.000 -9999.000 -9999.000 -9999.000 -9999.000 -9999.000 -9999.000 -9999.000 -9999.000
-9999.000 -9999.000 -9999.000 -9999.000 -9999.000 -9999.000 -9999.000 -9999.000 -9999.000 -9999.000 -9999.000 -9999.000 -9999.000 -9999.000 -9999.000 -9999.000 -9999.000 -9999.000 -9999.000 -9999.000 -9999.000 -9999.000 -9999.000 -9999.000 -9999.000 -9999.000 -9999.000 -9999.000 -9999.000 -9999.000 -9999.000 -9999.000 -9999.000 -9999.000 -9999.000 -9999.000 -9999.000 -9999.000 -9999.000 -9999.000 -9999.000 -9999.000 -9999.000 -9999.000 -9999.000 -9999.000 -9999.000 -9999.000 -9999.000 -9999.000 -9999.000 -9999.000 -9999.000 -9999.000 -9999.000 -9999.000 -9999.000 -9999.000 -9999.000 -9999.000 -9999.000 -9999.000 -9999.000 -9999.000 -9999.000 -9999.000 -9999.000 -9999.000 -9999.000 -9999.000 -9999.000 -9999.000 -9999.000 -9999.000 -9999.000 -9999.000 -9999.000 -9999.000 -9999.000 -9999.000 -9999.000 -9999.000 -9999.000 -9999.000 -9999.000 -9999.000 -9999.000 -9999.000 -9999.000 -9999.000 -9999.000 -9999.000 -9999.000 -9999.000 -9999.000 -9999.000 -9999.000 -9999.000 -9999.000 -9999.000 -9999.000 -9999.000 -9999.000 -9999.000
-9999.000 -9999.000 81.965 -19.360 -117.647 -199.357 -250.520 -276.694 -290.174 -300.298 -318.520 -362.542 -389.033 -407.235 -414.163 -407.725 -400.099 -391.894 -383.271 -375.552 -369.280 -364.238 -360.010 -356.299 -352.951 -349.803 -45.370 263.027 591.316 937.561 1086.174 1018.482 940.715 852.485 753.869 645.138 526.591 398.129 259.330 109.402 -51.542 -196.730 -391.373 -620.815 -927.563 -1514.721 -2950.016 -3387.863 -3391.077 -3391.089 -3391.089 -3391.089 -3391.089 -3391.089 -3391.089 -3391.089 -3391.089 -3391.045 -3379.985 -2584.848 -1144.931 -626.683 -358.223 -355.214 -355.655 -355.697 -355.696 -355.692 -355.688 -355.684 -355.680 -355.676 -355.671 -355.667 -355.663 -355.659 -355.655 -355.651 -355.647 -355.643 -355.639 -355.634 -355.630 -355.626 -355.622 -355.618 -355.614 -355.610 -355.606 -355.601 -355.597 -355.593 -355.589 -355.585 -355.581 -355.577 -355.573 -355.572 -355.601 -355.877 -357.977 -371.514 -9999.000 -9999.000
-9999.000 -9999.000 82.064 -19.330 -117.639 -199.355 -250.519 -276.694 -290.174 -300.298 -318.520 -362.542 -389.033 -407.235 -414.163 -407.725 -400.099 -391.894 -383.271 -375.552 -369.280 -364.238 -360.010 -356.299 -352.951 -349.803 -45.370 263.027 591.316 937.561 1086.174 1018.482 940.715 852.485 753.869 645.138 526.591 398.129 259.330 109.402 -51.542 -196.730 -391.373 -620.815 -927.563 -1514.721 -2950.016 -3387.863 -3391.077 -3391.089 -3391.089 -3391.089 -3391.089 -3391.089 -3391.089 -3391.089 -3391.089 -3391.045 -3379.985 -2584.848 -1144.931 -626.683 -358.223 -355.214 -355.655 -355.697 -355.696 -355.692 -355.688 -355.684 -355.680 -355.676 -355.671 -355.667 -355.663 -355.659 -355.655 -355.651 -355.647 -355.643 -355.639 -355.634 -355.630 -355.626 -355.622 -355.618 -355.614 -355.610 -355.606 -355.601 -355.597 -355.593 -355.589 -355.585 -355.581 -355.577 -355.573 -355.572 -355.601 -355.877 -357.977 -371.514 -9999.000 -9999.000
-9999.000 -9999.000 82.104 -19.313 -117.634 -199.354 -250.519 -276.694 -290.174 -300.298 -318.520 -362.542 -389.033 -407.235 -414.163 -407.725 -400.099 -391.894 -383.271 -375.552 -369.280 -364.238 -360.010 -356.299 -352.951 -349.803 -45.370 263.027 591.316 937.561 1086.174 1018.482 940.715 852.485 753.869 645.138 526.591 398.129 259.330 109.402 -51.542 -196.730 -391.373 -620.815 -927.563 -1514.721 -2950.016 -3387.863 -3391.077 -3391.089 -3391.089 -3391.089 -3391.089 -3391.089 -3391.089 -3391.089 -3391.089 -3391.045 -3379.985 -2584.848 -1144.931 -626.683 -358.223 -355.214 -355.655 -355.697 -355.696 -355.692 -355.688 -355.684 -355.680 -355.676 -355.671 -355.667 -355.663 -355.659 -355.655 -355.651 -355.647 -355.643 -355.639 -355.634 -355.630 -355.626 -355.622 -355.618 -355.614 -355.610 -355.606 -355.601 -355.597 -355.593 -355.589 -355.585 -355.581 -355.577 -355.573 -355.572 -355.601 -355.877 -357.977 -371.514 -9999.000 -9999.000
-9999.000 -9999.000 82.104 -19.313 -117.634 -199.354 -250.519 -276.694 -290.174 -300.298 -318.520 -362.542 -389.033 -407.235 -414.163 -407.725 -400.099 -391.894 -383.271 -375.552 -369.280 -364.238 -360.010 -356.299 -352.951 -349.803 -45.370 263.027 591.316 937.561 1086.174 1018.482 940.715 852.485 753.869 645.138 526.591 398.129 259.330 109.402 -51.542 -196.730 -391.373 -620.815 -927.563 -1514.721 -2950.016 -3387.863 -3391.077 -3391.089 -3391.089 -3391.089 -3391.089 -3391.089 -3391.089 -3391.089 -3391.089 -3391.045 -3379.985 -2584.848 -1144.931 -626.683 -358.223 -355.214 -355.655 -355.697 -355.696 -355.692 -355.688 -355.684 -355.680 -355.676 -355.671 -355.667 -355.663 -355.659 -355.655 -355.651 -355.647 -355.643 -355.639 -355.634 -355.630 -355.626 -355.622 -355.618 -355.614 -355.610 -355.606 -355.601 -355.597 -355.593 -355.589 -355.585 -355.581 -355.577 -355.573 -355.572 -355.601 -355.877 -357.977 -371.514 -9999.000 -9999.000
-9999.000 -9999.000 82.064 -19.330 -117.639 -199.355 -250.519 -276.694 -290.174 -300.298 -318.520 -362.542 -389.033 -407.235 -414.163 -407.725 -400.099 -391.894 -383.271 -375.552 -369.280 -364.238 -360.010 -356.299 -352.951 -349.803 -45.370 263.027 591.316 937.561 1086.174 1018.482 940.715 852.485 753.869 645.138 526.591 398.129 259.330 109.402 -51.542 -196.730 -391.373 -620.815 -927.563 -1514.721 -2950.016 -3387.863 -3391.077 -3391.089 -3391.089 -3391.089 -3391.089 -3391.089 -3391.089 -3391.089 -3391.089 -3391.045 -3379.985 -2584.848 -1144.931 -626.683 -358.223 -355.214 -355.655 -355.697 -355.696 -355.692 -355.688 -355.684 -355.680 -355.676 -355.671 -355.667 -355.663 -355.659 -355.655 -355.651 -355.647 -355.643 -355.639 -355.634 -355.630 -355.626 -355.622 -355.618 -355.614 -355.610 -355.606 -355.601 -355.597 -355.593 -355.589 -355.585 -355.581 -355.577 -355.573 -355.572 -355.601 -355.877 -357.977 -371.514 -9999.000 -9999.000
-9999.000 -9999.000 81.965 -19.360 -117.647 -199.357 -250.520 -276.694 -290.174 -300.298 -318.520 -362.542 -389.033 -407.235 -414.163 -407.725 -400.099 -391.894 -383.271 -375.552 -369.280 -364.238 -360.010 -356.299 -352.951 -349.803 -45.370 263.027 591.316 937.561 1086.174 1018.482 940.715 852.485 753.869 645.138 526.591 398.129 259.330 109.402 -51.542 -196.730 -391.373 -620.815 -927.563 -1514.721 -2950.016 -3387.863 -3391.077 -3391.089 -3391.089 -3391.089 -3391.089 -3391.089 -3391.089 -3391.089 -3391.089 -3391.045 -3379.985 -2584.848 -1144.931 -626.683 -358.223 -355.214 -355.655 -355.697 -355.696 -355.692 -355.688 -355.684 -355.680 -355.676 -355.671 -355.667 -355.663 -355.659 -355.655 -355.651 -355.647 -355.643 -355.639 -355.634 -355.630 -355.626 -355.622 -355.618 -355.614 -355.610 -355.606 -355.601 -355.597 -355.593 -355.589 -355.585 -355.581 -355.577 -355.573 -355.572 -355.601 -355.877 -357.977 -371.514 -9999.000 -9999.000
-9999.000 -9999.000 -9999.000 -9999.000 -9999.000 -9999.000 -9999.000 -9999.000 -9999.000 -9999.000 -9999.000 -9999.000 -9999.000 -9999.000 -9999.000 -9999.000 -9999.000 -9999.000 -9999.000 -9999.000 -9999.000 -9999.000 -9999.000 -9999.000 -9999.000 -9999.000 -9999.000 -9999.000 -9999.000 -9999.000 -9999.000 -9999.000 -9999.000 -9999.000 -9999.000 -9999.000 -9999.000 -9999.000 -9999.000 -9999.000 -9999.000 -9999.000 -9999.000 -9999.000 -9999.000 -9999.000 -9999.000 -9999.000 -9999.000 -9999.000 -9999.000 -9999.000 -9999.000 -9999.000 -9999.000 -9999.000 -9999.000 -9999.000 -9999.000 -9999.000 -9999.000 -9999.000 -9999.000 -9999.000 -9999.000 -9999.000 -9999.000 -9999.000 -9999.000 -9999.000 -9999.000 -9999.000 -9999.000 -9999.000 -9999.000 -9999.000 -9999.000 -9999.000 -9999.000 -9999.000 -9999.000 -9999.000 -9999.000 -9999.000 -9999.000 -9999.000 -9999.000 -9999.000 -9999.000 -9999.000 -9999.000 -9999.000 -9999.000 -9999.000 -9999.000 -9999.000 -9999.000 -9999.000 -9999.000 -9999.000 -9999.000 -9999.000 -9999.000 -9999.000
-9999.000 -9999.000 -9999.000 -9999.000 -9999.000 -9999.000 -9999.000 -9999.000 -9999.000 -9999.000 -9999.000 -9999.000 -9999.000 -9999.000 -9999.000 -9999.000 -9999.000 -9999.000 -9999.000 -9999.000 -9999.000 -9999.000 -9999.000 -9999.000 -9999.000 -9999.000 -9999.000 -9999.000 -9999.000 -9999.000 -9999.000 -9999.000 -9999.000 -9999.000 -9999.000 -9999.000 -9999.000 -9999.000 -9999.000 -9999.000 -9999.000 -9999.000 -9999.000 -9999.000 -9999.000 -9999.000 -9999.000 -9999.000 -9999.000 -9999.000 -9999.000 -9999.000 -9999.000 -9999.000 -9999.000 -9999.000 -9999.000 -9999.000 -9999.000 -9999.000 -9999.000 -9999.000 -9999.000 -9999.000 -9999.000 -9999.000 -9999.000 -9999.000 -9999.000 -9999.000 -9999.000 -9999.000 -9999.000 -9999.000 -9999.000 -9999.000 -9999.000 -9999.000 -9999.000 -9999.000 -9999.000 -9999.000 -9999.000 -9999.000 -9999.000 -9999.000 -9999.000 -9999.000 -9999.000 -9999.000 -9999.000 -9999.000 -9999.000 -9999.000 -9999.000 -9999.000 -9999.000 -9999.000 -9999.000 -9999.000 -9999.000 -9999.000 -9999.000 -9999.000