examples/3D/hillslope02_superslab/output-maps-METEOIO-OFF/psiliqL0046N0003.asc
ncols         104
nrows         10
xllcorner     -2.000000
yllcorner     0.000000
cellsize      1.000000
NODATA_value  -9999.0
-9999.000 -9999.000 -9999.000 -9999.000 -9999.000 -9999.000 -9999.000 -9999.000 -9999.000 -9999.000 -9999.000 -9999.000 -9999.000 -9999.000 -9999.000 -9999.000 -9999.000 -9999.000 -9999.000 -9999.000 -9999.000 -9999.000 -9999.000 -9999.000 -9999.000 -9999.000 -9999.000 -9999.000 -9999.000 -9999.000 -9999.000 -9999.000 -9999.000 -9999.000 -9999.000 -9999.000 -9999.000 -9999.000 -9999.000 -9999.000 -9999.000 -9999.000 -9999.000 -9999.000 -9999.000 -9999.000 -9999.000 -9999.000 -9999.000 -9999.000 -9999.000 -9999.000 -9999.000 -9999.000 -9999.000 -9999.000 -9999.000 -9999.000 -9999.000 -9999.000 -9999.000 -9999.000 -9999.000 -9999.000 -9999.000 -9999.000 -9999.000 -9999.000 -9999.000 -9999.000 -9999.000 -9999.000 -9999.000 -9999.000 -9999.000 -9999.000 -9999.000 -9999.000 -9999.000 -9999.000 -9999.000 -9999.000 -9999.000 -9999.000 -9999.000 -9999.000 -9999.000 -9999.000 -9999.000 -9999.000 -9999.000 -9999.000 -9999.000 -9999.000 -9999.000 -9999.000 -9999.000 -9999.000 -9999.000 -9999.000 -9999.000 -9999.000 -9999.000 -9999.000
-9999.000 -9999.000 -9999.000 -9999.000 -9999.000 -9999.000 -9999.000 -9999.000 -9999.000 -9999.000 -9999.000 -9999.000 -9999.000 -9999.000 -9999.000 -9999.000 -9999.000 -9999.000 -9999.000 -9999.000 -9999.000 -9999.000 -9999.000 -9999.000 -9999.000 -9999.000 -9999.000 -9999.000 -9999.000 -9999.000 -9999.000 -9999.000 -9999.000 -9999.000 -9999.000 -9999.000 -9999.000 -9999.000 -9999.000 -9999.000 -9999.000 -9999.000 -9999.000 -9999.000 -9999.000 -9999.000 -9999.000 -9999.000 -9999.000 -9999.000 -9999.000 -9999.000 -9999.000 -9999.000 -9999.000 -9999.000 -9999.000 -9999.000 -9999.000 -9999.000 -9999.000 -9999.000 -9999.000 -9999.000 -9999.000 -9999.000 -9999.000 -9999.000 -9999.000 -9999.000 -9999.000 -9999.000 -9999.000 -9999.000 -9999.000 -9999.000 -9999.000 -9999.000 -9999.000 -9999.000 -9999.000 -9999.000 -9999.000 -9999.000 -9999.000 -9999.000 -9999.000 -9999.000 -9999.000 -9999.000 -9999.000 -9999.000 -9999.000 -9999.000 -9999.000 -9999.000 -9999.000 -9999.000 -9999.000 -9999.000 -9999.000 -9999.000 -9999.000 -9999.000
-9999.000 -9999.000 2313.253 2220.118 2130.206 2041.557 1953.587 1866.256 1779.699 1694.114 1609.730 1526.750 1445.311 1365.527 1287.434 1211.028 1136.279 1063.127 991.482 921.256 852.317 784.593 717.974 652.323 587.583 523.643 460.342 397.504 335.058 272.849 210.821 149.352 88.555 110.683 126.948 136.736 140.784 104.522 33.767 -35.389 -102.874 -168.224 -231.912 -293.040 -352.407 -411.044 -470.518 -532.939 -601.006 -678.155 -767.464 -869.301 -981.510 -1094.492 -1199.428 -1296.894 -1384.753 -1457.944 -1464.211 -1156.276 -880.043 -730.022 -636.372 -619.285 -618.068 -618.593 -619.220 -619.822 -620.389 -620.926 -621.438 -621.924 -622.388 -622.829 -623.246 -623.639 -624.008 -624.352 -624.670 -624.962 -625.228 -625.469 -625.684 -625.874 -626.041 -626.186 -626.310 -626.416 -626.504 -626.576 -626.636 -626.683 -626.721 -626.750 -626.772 -626.789 -626.803 -626.828 -626.942 -627.584 -631.001 -647.800 -9999.000 -9999.000
-9999.000 -9999.000 2313.257 2220.120 2130.207 2041.557 1953.587 1866.256 1779.699 1694.114 1609.730 1526.750 1445.311 1365.527 1287.434 1211.028 1136.279 1063.127 991.482 921.256 852.317 784.593 717.974 652.323 587.583 523.643 460.342 397.504 335.058 272.849 210.821 149.352 88.555 110.683 126.948 136.736 140.784 104.522 33.767 -35.389 -102.874 -168.224 -231.912 -293.040 -352.407 -411.044 -470.518 -532.939 -601.006 -678.155 -767.464 -869.301 -981.510 -1094.492 -1199.428 -1296.894 -1384.753 -1457.944 -1464.211 -1156.276 -880.043 -730.022 -636.372 -619.285 -618.068 -618.593 -619.220 -619.822 -620.389 -620.926 -621.438 -621.924 -622.388 -622.829 -623.246 -623.639 -624.008 -624.352 -624.670 -624.962 -625.228 -625.469 -625.684 -625.874 -626.041 -626.186 -626.310 -626.416 -626.504 -626.576 -626.636 -626.683 -626.721 -626.750 -626.772 -626.789 -626.803 -626.828 -626.942 -627.584 -631.001 -647.800 -9999.000 -9999.000
-9999.000 -9999.000 2313.259 2220.122 2130.208 2041.557 1953.587 1866.256 1779.699 1694.114 1609.730 1526.750 1445.311 1365.527 1287.434 1211.028 1136.279 1063.127 991.482 921.256 852.317 784.593 717.974 652.323 587.583 523.643 460.342 397.504 335.058 272.849 210.821 149.352 88.555 110.683 126.948 136.736 140.784 104.522 33.767 -35.389 -102.874 -168.224 -231.912 -293.040 -352.407 -411.044 -470.518 -532.939 -601.006 -678.155 -767.464 -869.301 -981.510 -1094.492 -1199.428 -1296.894 -1384.753 -1457.944 -1464.211 -1156.276 -880.043 -730.022 -636.372 -619.285 -618.068 -618.593 -619.220 -619.822 -620.389 -620.926 -621.438 -621.924 -622.388 -622.829 -623.246 -623.639 -624.008 -624.352 -624.670 -624.962 -625.228 -625.469 -625.684 -625.874 -626.041 -626.186 -626.310 -626.416 -626.504 -626.576 -626.636 -626.683 -626.721 -626.750 -626.772 -626.789 -626.803 -626.828 -626.942 -627.584 -631.001 -647.800 -9999.000 -9999.000
-9999.000 -9999.000 2313.259 2220.122 2130.208 2041.557 1953.587 1866.256 1779.699 1694.114 1609.730 1526.750 1445.311 1365.527 1287.434 1211.028 1136.279 1063.127 991.482 921.256 852.317 784.593 717.974 652.323 587.583 523.643 460.342 397.504 335.058 272.849 210.821 149.352 88.555 110.683 126.948 136.736 140.784 104.522 33.767 -35.389 -102.874 -168.224 -231.912 -293.040 -352.407 -411.044 -470.518 -532.939 -601.006 -678.155 -767.464 -869.301 -981.510 -1094.492 -1199.428 -1296.894 -1384.753 -1457.944 -1464.211 -1156.276 -880.043 -730.022 -636.372 -619.285 -618.068 -618.593 -619.220 -619.822 -620.389 -620.926 -621.438 -621.924 -622.388 -622.829 -623.246 -623.639 -624.008 -624.352 -624.670 -624.962 -625.228 -625.469 -625.684 -625.874 -626.041 -626.186 -626.310 -626.416 -626.504 -626.576 -626.636 -626.683 -626.721 -626.750 -626.772 -626.789 -626.803 -626.828 -626.942 -627.584 -631.001 -647.800 -9999.000 -9999.000
-9999.000 -9999.000 2313.257 2220.120 2130.207 2041.557 1953.587 1866.256 1779.699 1694.114 1609.730 1526.750 1445.311 1365.527 1287.434 1211.028 1136.279 1063.127 991.482 921.256 852.317 784.593 717.974 652.323 587.583 523.643 460.342 397.504 335.058 272.849 210.821 149.352 88.555 110.683 126.948 136.736 140.784 104.522 33.767 -35.389 -102.874 -168.224 -231.912 -293.040 -352.407 -411.044 -470.518 -532.939 -601.006 -678.155 -767.464 -869.301 -981.510 -1094.492 -1199.428 -1296.894 -1384.753 -1457.944 -1464.211 -1156.276 -880.043 -730.022 -636.372 -619.285 -618.068 -618.593 -619.220 -619.822 -620.389 -620.926 -621.438 -621.924 -622.388 -622.829 -623.246 -623.639 -624.008 -624.352 -624.670 -624.962 -625.228 -625.469 -625.684 -625.874 -626.041 -626.186 -626.310 -626.416 -626.504 -626.576 -626.636 -626.683 -626.721 -626.750 -626.772 -626.789 -626.803 -626.828 -626.942 -627.584 -631.001 -647.800 -9999.000 -9999.000
-9999.000 -9999.000 2313.253 2220.118 2130.206 2041.557 1953.587 1866.256 1779.699 1694.114 1609.730 1526.750 1445.311 1365.527 1287.434 1211.028 1136.279 1063.127 991.482 921.256 852.317 784.593 717.974 652.323 587.583 523.643 460.342 397.504 335.058 272.849 210.821 149.352 88.555 110.683 126.948 136.736 140.784 104.522 33.767 -35.389 -102.874 -168.224 -231.912 -293.040 -352.407 -411.044 -470.518 -532.939 -601.006 -678.155 -767.464 -869.301 -981.510 -1094.492 -1199.428 -1296.894 -1384.753 -1457.944 -1464.211 -1156.276 -880.043 -730.022 -636.372 -619.285 -618.068 -618.593 -619.220 -619.822 -620.389 -620.926 -621.438 -621.924 -622.388 -622.829 -623.246 -623.639 -624.008 -624.352 -624.670 -624.962 -625.228 -625.469 -625.684 -625.874 -626.041 -626.186 -626.310 -626.416 -626.504 -626.576 -626.636 -626.683 -626.721 -626.750 -626.772 -626.789 -626.803 -626.828 -626.942 -627.584 -631.001 -647.800 -9999.000 -9999.000
-9999.000 -9999.000 -9999.000 -9999.000 -9999.000 -9999.000 -9999.000 -9999.000 -9999.000 -9999.000 -9999.000 -9999.000 -9999.000 -9999.000 -9999.000 -9999.000 -9999.000 -9999.000 -9999.000 -9999.000 -9999.000 -9999.000 -9999.000 -9999.000 -9999.000 -9999.000 -9999.000 -9999.000 -9999.000 -9999.000 -9999.000 -9999.000 -9999.000 -9999.000 -9999.000 -9999.000 -9999.000 -9999.000 -9999.000 -9999.000 -9999.000 -9999.000 -9999.000 -9999.000 -9999.000 -9999.000 -9999.000 -9999.000 -9999.000 -9999.000 -9999.000 -9999.000 -9999.000 -9999.000 -9999.000 -9999.000 -9999.000 -9999.000 -9999.000 -9999.000 -9999.000 -9999.000 -9999.000 -9999.000 -9999.000 -9999.000 -9999.000 -9999.000 -9999.000 -9999.000 -9999.000 -9999.000 -9999.000 -9999.000 -9999.000 -9999.000 -9999.000 -9999.000 -9999.000 -9999.000 -9999.000 -9999.000 -9999.000 -9999.000 -9999.000 -9999.000 -9999.000 -9999.000 -9999.000 -9999.000 -9999.000 -9999.000 -9999.000 -9999.000 -9999.000 -9999.000 -9999.000 -9999.000 -9999.000 -9999.000 -9999.000 -9999.000 -9999.000 -9999.000
-9999.000 -9999.000 -9999.000 -9999.000 -9999.000 -9999.000 -9999.000 -9999.000 -9999.000 -9999.000 -9999.000 -9999.000 -9999.000 -9999.000 -9999.000 -9999.000 -9999.000 -9999.000 -9999.000 -9999.000 -9999.000 -9999.000 -9999.000 -9999.000 -9999.000 -9999.000 -9999.000 -9999.000 -9999.000 -9999.000 -9999.000 -9999.000 -9999.000 -9999.000 -9999.000 -9999.000 -9999.000 -9999.000 -9999.000 -9999.000 -9999.000 -9999.000 -9999.000 -9999.000 -9999.000 -9999.000 -9999.000 -9999.000 -9999.000 -9999.000 -9999.000 -9999.000 -9999.000 -9999.000 -9999.000 -9999.000 -9999.000 -9999.000 -9999.000 -9999.000 -9999.000 -9999.000 -9999.000 -9999.000 -9999.000 -9999.000 -9999.000 -9999.000 -9999.000 -9999.000 -9999.000 -9999.000 -9999.000 -9999.000 -9999.000 -9999.000 -9999.000 -9999.000 -9999.000 -9999.000 -9999.000 -9999.000 -9999.000 -9999.000 -9999.000 -9999.000 -9999.000 -9999.000 -9999.000 -9999.000 -9999.000 -9999.000 -9999.000 -9999.000 -9999.000 -9999.000 -9999.000 -9999.000 -9999.000 -9999.000 -9999.000 -9999.000 -9999.000 -9999.000