examples/3D/hillslope02_superslab/output-maps-METEOIO-OFF/psiliqL0069N0003.asc
ncols         104
nrows         10
xllcorner     -2.000000
yllcorner     0.000000
cellsize      1.000000
NODATA_value  -9999.0
-9999.000 -9999.000 -9999.000 -9999.000 -9999.000 -9999.000 -9999.000 -9999.000 -9999.000 -9999.000 -9999.000 -9999.000 -9999.000 -9999.000 -9999.000 -9999.000 -9999.000 -9999.000 -9999.000 -9999.000 -9999.000 -9999.000 -9999.000 -9999.000 -9999.000 -9999.000 -9999.000 -9999.000 -9999.000 -9999.000 -9999.000 -9999.000 -9999.000 -9999.000 -9999.000 -9999.000 -9999.000 -9999.000 -9999.000 -9999.000 -9999.000 -9999.000 -9999.000 -9999.000 -9999.000 -9999.000 -9999.000 -9999.000 -9999.000 -9999.000 -9999.000 -9999.000 -9999.000 -9999.000 -9999.000 -9999.000 -9999.000 -9999.000 -9999.000 -9999.000 -9999.000 -9999.000 -9999.000 -9999.000 -9999.000 -9999.000 -9999.000 -9999.000 -9999.000 -9999.000 -9999.000 -9999.000 -9999.000 -9999.000 -9999.000 -9999.000 -9999.000 -9999.000 -9999.000 -9999.000 -9999.000 -9999.000 -9999.000 -9999.000 -9999.000 -9999.000 -9999.000 -9999.000 -9999.000 -9999.000 -9999.000 -9999.000 -9999.000 -9999.000 -9999.000 -9999.000 -9999.000 -9999.000 -9999.000 -9999.000 -9999.000 -9999.000 -9999.000 -9999.000
-9999.000 -9999.000 -9999.000 -9999.000 -9999.000 -9999.000 -9999.000 -9999.000 -9999.000 -9999.000 -9999.000 -9999.000 -9999.000 -9999.000 -9999.000 -9999.000 -9999.000 -9999.000 -9999.000 -9999.000 -9999.000 -9999.000 -9999.000 -9999.000 -9999.000 -9999.000 -9999.000 -9999.000 -9999.000 -9999.000 -9999.000 -9999.000 -9999.000 -9999.000 -9999.000 -9999.000 -9999.000 -9999.000 -9999.000 -9999.000 -9999.000 -9999.000 -9999.000 -9999.000 -9999.000 -9999.000 -9999.000 -9999.000 -9999.000 -9999.000 -9999.000 -9999.000 -9999.000 -9999.000 -9999.000 -9999.000 -9999.000 -9999.000 -9999.000 -9999.000 -9999.000 -9999.000 -9999.000 -9999.000 -9999.000 -9999.000 -9999.000 -9999.000 -9999.000 -9999.000 -9999.000 -9999.000 -9999.000 -9999.000 -9999.000 -9999.000 -9999.000 -9999.000 -9999.000 -9999.000 -9999.000 -9999.000 -9999.000 -9999.000 -9999.000 -9999.000 -9999.000 -9999.000 -9999.000 -9999.000 -9999.000 -9999.000 -9999.000 -9999.000 -9999.000 -9999.000 -9999.000 -9999.000 -9999.000 -9999.000 -9999.000 -9999.000 -9999.000 -9999.000
-9999.000 -9999.000 3462.064 3366.485 3274.158 3183.962 3095.226 3007.648 2921.155 2835.799 2751.691 2668.958 2587.710 2508.027 2429.954 2353.496 2278.632 2205.312 2133.465 2063.006 1993.838 1925.865 1858.986 1793.093 1728.088 1663.860 1600.287 1537.251 1474.667 1412.473 1350.674 1289.378 1228.661 1168.594 1109.256 1050.740 993.152 936.614 881.262 827.253 774.764 724.002 675.205 628.654 608.238 609.855 608.868 604.356 594.523 548.460 503.137 458.306 413.520 373.059 337.872 305.747 276.156 248.461 222.980 199.020 176.902 155.733 135.413 115.372 95.211 75.354 55.160 34.957 14.477 -6.549 -27.697 -49.758 -71.936 -95.021 -118.454 -142.738 -167.395 -192.864 -218.531 -244.832 -271.086 -297.434 -323.599 -349.135 -373.960 -397.720 -420.027 -440.721 -459.597 -476.487 -491.311 -504.072 -514.846 -523.760 -530.984 -536.713 -541.163 -544.567 -547.254 -550.046 -555.837 -575.781 -9999.000 -9999.000
-9999.000 -9999.000 3462.065 3366.485 3274.159 3183.963 3095.226 3007.648 2921.155 2835.799 2751.691 2668.958 2587.710 2508.027 2429.954 2353.496 2278.632 2205.312 2133.465 2063.006 1993.838 1925.865 1858.986 1793.093 1728.088 1663.860 1600.287 1537.251 1474.667 1412.473 1350.674 1289.378 1228.661 1168.594 1109.256 1050.740 993.152 936.614 881.262 827.253 774.764 724.002 675.205 628.654 608.238 609.855 608.868 604.356 594.523 548.460 503.137 458.306 413.520 373.059 337.872 305.747 276.156 248.461 222.980 199.020 176.902 155.733 135.413 115.372 95.211 75.354 55.160 34.957 14.477 -6.549 -27.697 -49.758 -71.936 -95.021 -118.454 -142.738 -167.395 -192.864 -218.531 -244.832 -271.086 -297.434 -323.599 -349.135 -373.960 -397.720 -420.027 -440.721 -459.597 -476.487 -491.311 -504.072 -514.846 -523.760 -530.984 -536.713 -541.163 -544.567 -547.254 -550.046 -555.837 -575.781 -9999.000 -9999.000
-9999.000 -9999.000 3462.065 3366.486 3274.159 3183.963 3095.226 3007.648 2921.156 2835.799 2751.691 2668.958 2587.710 2508.027 2429.954 2353.496 2278.632 2205.312 2133.465 2063.006 1993.838 1925.865 1858.986 1793.093 1728.088 1663.860 1600.287 1537.251 1474.667 1412.473 1350.674 1289.378 1228.661 1168.594 1109.256 1050.740 993.152 936.614 881.262 827.253 774.764 724.002 675.205 628.654 608.238 609.855 608.868 604.356 594.523 548.460 503.137 458.306 413.520 373.059 337.872 305.747 276.156 248.461 222.980 199.020 176.902 155.733 135.413 115.372 95.211 75.354 55.160 34.957 14.477 -6.549 -27.697 -49.758 -71.936 -95.021 -118.454 -142.738 -167.395 -192.864 -218.531 -244.832 -271.086 -297.434 -323.599 -349.135 -373.960 -397.720 -420.027 -440.721 -459.597 -476.487 -491.311 -504.072 -514.846 -523.760 -530.984 -536.713 -541.163 -544.567 -547.254 -550.046 -555.837 -575.781 -9999.000 -9999.000
-9999.000 -9999.000 3462.065 3366.486 3274.159 3183.963 3095.226 3007.648 2921.156 2835.799 2751.691 2668.958 2587.710 2508.027 2429.954 2353.496 2278.632 2205.312 2133.465 2063.006 1993.838 1925.865 1858.986 1793.093 1728.088 1663.860 1600.287 1537.251 1474.667 1412.473 1350.674 1289.378 1228.661 1168.594 1109.256 1050.740 993.152 936.614 881.262 827.253 774.764 724.002 675.205 628.654 608.238 609.855 608.868 604.356 594.523 548.460 503.137 458.306 413.520 373.059 337.872 305.747 276.156 248.461 222.980 199.020 176.902 155.733 135.413 115.372 95.211 75.354 55.160 34.957 14.477 -6.549 -27.697 -49.758 -71.936 -95.021 -118.454 -142.738 -167.395 -192.864 -218.531 -244.832 -271.086 -297.434 -323.599 -349.135 -373.960 -397.720 -420.027 -440.721 -459.597 -476.487 -491.311 -504.072 -514.846 -523.760 -530.984 -536.713 -541.163 -544.567 -547.254 -550.046 -555.837 -575.781 -9999.000 -9999.000
-9999.000 -9999.000 3462.065 3366.485 3274.159 3183.963 3095.226 3007.648 2921.155 2835.799 2751.691 2668.958 2587.710 2508.027 2429.954 2353.496 2278.632 2205.312 2133.465 2063.006 1993.838 1925.865 1858.986 1793.093 1728.088 1663.860 1600.287 1537.251 1474.667 1412.473 1350.674 1289.378 1228.661 1168.594 1109.256 1050.740 993.152 936.614 881.262 827.253 774.764 724.002 675.205 628.654 608.238 609.855 608.868 604.356 594.523 548.460 503.137 458.306 413.520 373.059 337.872 305.747 276.156 248.461 222.980 199.020 176.902 155.733 135.413 115.372 95.211 75.354 55.160 34.957 14.477 -6.549 -27.697 -49.758 -71.936 -95.021 -118.454 -142.738 -167.395 -192.864 -218.531 -244.832 -271.086 -297.434 -323.599 -349.135 -373.960 -397.720 -420.027 -440.721 -459.597 -476.487 -491.311 -504.072 -514.846 -523.760 -530.984 -536.713 -541.163 -544.567 -547.254 -550.046 -555.837 -575.781 -9999.000 -9999.000
-9999.000 -9999.000 3462.064 3366.485 3274.158 3183.962 3095.226 3007.648 2921.155 2835.799 2751.691 2668.958 2587.710 2508.027 2429.954 2353.496 2278.632 2205.312 2133.465 2063.006 1993.838 1925.865 1858.986 1793.093 1728.088 1663.860 1600.287 1537.251 1474.667 1412.473 1350.674 1289.378 1228.661 1168.594 1109.256 1050.740 993.152 936.614 881.262 827.253 774.764 724.002 675.205 628.654 608.238 609.855 608.868 604.356 594.523 548.460 503.137 458.306 413.520 373.059 337.872 305.747 276.156 248.461 222.980 199.020 176.902 155.733 135.413 115.372 95.211 75.354 55.160 34.957 14.477 -6.549 -27.697 -49.758 -71.936 -95.021 -118.454 -142.738 -167.395 -192.864 -218.531 -244.832 -271.086 -297.434 -323.599 -349.135 -373.960 -397.720 -420.027 -440.721 -459.597 -476.487 -491.311 -504.072 -514.846 -523.760 -530.984 -536.713 -541.163 -544.567 -547.254 -550.046 -555.837 -575.781 -9999.000 -9999.000
-9999.000 -9999.000 -9999.000 -9999.000 -9999.000 -9999.000 -9999.000 -9999.000 -9999.000 -9999.000 -9999.000 -9999.000 -9999.000 -9999.000 -9999.000 -9999.000 -9999.000 -9999.000 -9999.000 -9999.000 -9999.000 -9999.000 -9999.000 -9999.000 -9999.000 -9999.000 -9999.000 -9999.000 -9999.000 -9999.000 -9999.000 -9999.000 -9999.000 -9999.000 -9999.000 -9999.000 -9999.000 -9999.000 -9999.000 -9999.000 -9999.000 -9999.000 -9999.000 -9999.000 -9999.000 -9999.000 -9999.000 -9999.000 -9999.000 -9999.000 -9999.000 -9999.000 -9999.000 -9999.000 -9999.000 -9999.000 -9999.000 -9999.000 -9999.000 -9999.000 -9999.000 -9999.000 -9999.000 -9999.000 -9999.000 -9999.000 -9999.000 -9999.000 -9999.000 -9999.000 -9999.000 -9999.000 -9999.000 -9999.000 -9999.000 -9999.000 -9999.000 -9999.000 -9999.000 -9999.000 -9999.000 -9999.000 -9999.000 -9999.000 -9999.000 -9999.000 -9999.000 -9999.000 -9999.000 -9999.000 -9999.000 -9999.000 -9999.000 -9999.000 -9999.000 -9999.000 -9999.000 -9999.000 -9999.000 -9999.000 -9999.000 -9999.000 -9999.000 -9999.000
-9999.000 -9999.000 -9999.000 -9999.000 -9999.000 -9999.000 -9999.000 -9999.000 -9999.000 -9999.000 -9999.000 -9999.000 -9999.000 -9999.000 -9999.000 -9999.000 -9999.000 -9999.000 -9999.000 -9999.000 -9999.000 -9999.000 -9999.000 -9999.000 -9999.000 -9999.000 -9999.000 -9999.000 -9999.000 -9999.000 -9999.000 -9999.000 -9999.000 -9999.000 -9999.000 -9999.000 -9999.000 -9999.000 -9999.000 -9999.000 -9999.000 -9999.000 -9999.000 -9999.000 -9999.000 -9999.000 -9999.000 -9999.000 -9999.000 -9999.000 -9999.000 -9999.000 -9999.000 -9999.000 -9999.000 -9999.000 -9999.000 -9999.000 -9999.000 -9999.000 -9999.000 -9999.000 -9999.000 -9999.000 -9999.000 -9999.000 -9999.000 -9999.000 -9999.000 -9999.000 -9999.000 -9999.000 -9999.000 -9999.000 -9999.000 -9999.000 -9999.000 -9999.000 -9999.000 -9999.000 -9999.000 -9999.000 -9999.000 -9999.000 -9999.000 -9999.000 -9999.000 -9999.000 -9999.000 -9999.000 -9999.000 -9999.000 -9999.000 -9999.000 -9999.000 -9999.000 -9999.000 -9999.000 -9999.000 -9999.000 -9999.000 -9999.000 -9999.000 -9999.000