examples/3D/hillslope02_superslab/output-maps-METEOIO-OFF/psiliqL0035N0003.asc
ncols         104
nrows         10
xllcorner     -2.000000
yllcorner     0.000000
cellsize      1.000000
NODATA_value  -9999.0
-9999.000 -9999.000 -9999.000 -9999.000 -9999.000 -9999.000 -9999.000 -9999.000 -9999.000 -9999.000 -9999.000 -9999.000 -9999.000 -9999.000 -9999.000 -9999.000 -9999.000 -9999.000 -9999.000 -9999.000 -9999.000 -9999.000 -9999.000 -9999.000 -9999.000 -9999.000 -9999.000 -9999.000 -9999.000 -9999.000 -9999.000 -9999.000 -9999.000 -9999.000 -9999.000 -9999.000 -9999.000 -9999.000 -9999.000 -9999.000 -9999.000 -9999.000 -9999.000 -9999.000 -9999.000 -9999.000 -9999.000 -9999.000 -9999.000 -9999.000 -9999.000 -9999.000 -9999.000 -9999.000 -9999.000 -9999.000 -9999.000 -9999.000 -9999.000 -9999.000 -9999.000 -9999.000 -9999.000 -9999.000 -9999.000 -9999.000 -9999.000 -9999.000 -9999.000 -9999.000 -9999.000 -9999.000 -9999.000 -9999.000 -9999.000 -9999.000 -9999.000 -9999.000 -9999.000 -9999.000 -9999.000 -9999.000 -9999.000 -9999.000 -9999.000 -9999.000 -9999.000 -9999.000 -9999.000 -9999.000 -9999.000 -9999.000 -9999.000 -9999.000 -9999.000 -9999.000 -9999.000 -9999.000 -9999.000 -9999.000 -9999.000 -9999.000 -9999.000 -9999.000
-9999.000 -9999.000 -9999.000 -9999.000 -9999.000 -9999.000 -9999.000 -9999.000 -9999.000 -9999.000 -9999.000 -9999.000 -9999.000 -9999.000 -9999.000 -9999.000 -9999.000 -9999.000 -9999.000 -9999.000 -9999.000 -9999.000 -9999.000 -9999.000 -9999.000 -9999.000 -9999.000 -9999.000 -9999.000 -9999.000 -9999.000 -9999.000 -9999.000 -9999.000 -9999.000 -9999.000 -9999.000 -9999.000 -9999.000 -9999.000 -9999.000 -9999.000 -9999.000 -9999.000 -9999.000 -9999.000 -9999.000 -9999.000 -9999.000 -9999.000 -9999.000 -9999.000 -9999.000 -9999.000 -9999.000 -9999.000 -9999.000 -9999.000 -9999.000 -9999.000 -9999.000 -9999.000 -9999.000 -9999.000 -9999.000 -9999.000 -9999.000 -9999.000 -9999.000 -9999.000 -9999.000 -9999.000 -9999.000 -9999.000 -9999.000 -9999.000 -9999.000 -9999.000 -9999.000 -9999.000 -9999.000 -9999.000 -9999.000 -9999.000 -9999.000 -9999.000 -9999.000 -9999.000 -9999.000 -9999.000 -9999.000 -9999.000 -9999.000 -9999.000 -9999.000 -9999.000 -9999.000 -9999.000 -9999.000 -9999.000 -9999.000 -9999.000 -9999.000 -9999.000
-9999.000 -9999.000 1760.873 1670.368 1582.439 1494.807 1407.246 1319.990 1233.324 1147.533 1062.930 979.773 898.193 818.342 740.242 663.873 589.205 516.174 444.666 374.610 305.815 238.259 171.826 106.320 41.758 -21.938 -84.876 -98.636 -67.003 -39.780 -17.297 0.459 -72.242 -145.177 -217.906 -289.478 -357.436 -421.005 -478.161 -527.979 -571.195 -620.911 -743.087 -833.265 -948.338 -1095.371 -1307.461 -1672.992 -2346.850 -3095.449 -3236.546 -3242.295 -3242.538 -3242.564 -3242.569 -3242.571 -3242.564 -3241.321 -3114.906 -1906.363 -1158.492 -880.635 -702.489 -681.436 -679.717 -679.627 -679.642 -679.661 -679.681 -679.701 -679.722 -679.743 -679.764 -679.785 -679.806 -679.826 -679.846 -679.865 -679.883 -679.900 -679.916 -679.930 -679.943 -679.954 -679.964 -679.973 -679.980 -679.986 -679.992 -679.996 -679.999 -680.002 -680.004 -680.005 -680.006 -680.007 -680.009 -680.019 -680.091 -680.564 -683.376 -698.723 -9999.000 -9999.000
-9999.000 -9999.000 1760.880 1670.372 1582.441 1494.807 1407.246 1319.990 1233.324 1147.533 1062.930 979.773 898.193 818.342 740.242 663.873 589.205 516.174 444.666 374.610 305.815 238.259 171.826 106.320 41.758 -21.938 -84.876 -98.636 -67.003 -39.780 -17.297 0.459 -72.242 -145.177 -217.906 -289.478 -357.436 -421.005 -478.161 -527.979 -571.195 -620.911 -743.087 -833.265 -948.338 -1095.371 -1307.461 -1672.992 -2346.850 -3095.449 -3236.546 -3242.295 -3242.538 -3242.564 -3242.569 -3242.571 -3242.564 -3241.321 -3114.906 -1906.363 -1158.492 -880.635 -702.489 -681.436 -679.717 -679.627 -679.642 -679.661 -679.681 -679.701 -679.722 -679.743 -679.764 -679.785 -679.806 -679.826 -679.846 -679.865 -679.883 -679.900 -679.916 -679.930 -679.943 -679.954 -679.964 -679.973 -679.980 -679.986 -679.992 -679.996 -679.999 -680.002 -680.004 -680.005 -680.006 -680.007 -680.009 -680.019 -680.091 -680.564 -683.376 -698.723 -9999.000 -9999.000
-9999.000 -9999.000 1760.885 1670.375 1582.442 1494.808 1407.247 1319.990 1233.324 1147.533 1062.930 979.773 898.193 818.342 740.242 663.873 589.205 516.174 444.666 374.610 305.815 238.259 171.826 106.320 41.758 -21.938 -84.876 -98.636 -67.003 -39.780 -17.297 0.459 -72.242 -145.177 -217.906 -289.478 -357.436 -421.005 -478.161 -527.979 -571.195 -620.911 -743.087 -833.265 -948.338 -1095.371 -1307.461 -1672.992 -2346.850 -3095.449 -3236.546 -3242.295 -3242.538 -3242.564 -3242.569 -3242.571 -3242.564 -3241.321 -3114.906 -1906.363 -1158.492 -880.635 -702.489 -681.436 -679.717 -679.627 -679.642 -679.661 -679.681 -679.701 -679.722 -679.743 -679.764 -679.785 -679.806 -679.826 -679.846 -679.865 -679.883 -679.900 -679.916 -679.930 -679.943 -679.954 -679.964 -679.973 -679.980 -679.986 -679.992 -679.996 -679.999 -680.002 -680.004 -680.005 -680.006 -680.007 -680.009 -680.019 -680.091 -680.564 -683.376 -698.723 -9999.000 -9999.000
-9999.000 -9999.000 1760.885 1670.375 1582.442 1494.808 1407.247 1319.990 1233.324 1147.533 1062.930 979.773 898.193 818.342 740.242 663.873 589.205 516.174 444.666 374.610 305.815 238.259 171.826 106.320 41.758 -21.938 -84.876 -98.636 -67.003 -39.780 -17.297 0.459 -72.242 -145.177 -217.906 -289.478 -357.436 -421.005 -478.161 -527.979 -571.195 -620.911 -743.087 -833.265 -948.338 -1095.371 -1307.461 -1672.992 -2346.850 -3095.449 -3236.546 -3242.295 -3242.538 -3242.564 -3242.569 -3242.571 -3242.564 -3241.321 -3114.906 -1906.363 -1158.492 -880.635 -702.489 -681.436 -679.717 -679.627 -679.642 -679.661 -679.681 -679.701 -679.722 -679.743 -679.764 -679.785 -679.806 -679.826 -679.846 -679.865 -679.883 -679.900 -679.916 -679.930 -679.943 -679.954 -679.964 -679.973 -679.980 -679.986 -679.992 -679.996 -679.999 -680.002 -680.004 -680.005 -680.006 -680.007 -680.009 -680.019 -680.091 -680.564 -683.376 -698.723 -9999.000 -9999.000
-9999.000 -9999.000 1760.880 1670.372 1582.441 1494.807 1407.246 1319.990 1233.324 1147.533 1062.930 979.773 898.193 818.342 740.242 663.873 589.205 516.174 444.666 374.610 305.815 238.259 171.826 106.320 41.758 -21.938 -84.876 -98.636 -67.003 -39.780 -17.297 0.459 -72.242 -145.177 -217.906 -289.478 -357.436 -421.005 -478.161 -527.979 -571.195 -620.911 -743.087 -833.265 -948.338 -1095.371 -1307.461 -1672.992 -2346.850 -3095.449 -3236.546 -3242.295 -3242.538 -3242.564 -3242.569 -3242.571 -3242.564 -3241.321 -3114.906 -1906.363 -1158.492 -880.635 -702.489 -681.436 -679.717 -679.627 -679.642 -679.661 -679.681 -679.701 -679.722 -679.743 -679.764 -679.785 -679.806 -679.826 -679.846 -679.865 -679.883 -679.900 -679.916 -679.930 -679.943 -679.954 -679.964 -679.973 -679.980 -679.986 -679.992 -679.996 -679.999 -680.002 -680.004 -680.005 -680.006 -680.007 -680.009 -680.019 -680.091 -680.564 -683.376 -698.723 -9999.000 -9999.000
-9999.000 -9999.000 1760.873 1670.368 1582.439 1494.807 1407.246 1319.990 1233.324 1147.533 1062.930 979.773 898.193 818.342 740.242 663.873 589.205 516.174 444.666 374.610 305.815 238.259 171.826 106.320 41.758 -21.938 -84.876 -98.636 -67.003 -39.780 -17.297 0.459 -72.242 -145.177 -217.906 -289.478 -357.436 -421.005 -478.161 -527.979 -571.195 -620.911 -743.087 -833.265 -948.338 -1095.371 -1307.461 -1672.992 -2346.850 -3095.449 -3236.546 -3242.295 -3242.538 -3242.564 -3242.569 -3242.571 -3242.564 -3241.321 -3114.906 -1906.363 -1158.492 -880.635 -702.489 -681.436 -679.717 -679.627 -679.642 -679.661 -679.681 -679.701 -679.722 -679.743 -679.764 -679.785 -679.806 -679.826 -679.846 -679.865 -679.883 -679.900 -679.916 -679.930 -679.943 -679.954 -679.964 -679.973 -679.980 -679.986 -679.992 -679.996 -679.999 -680.002 -680.004 -680.005 -680.006 -680.007 -680.009 -680.019 -680.091 -680.564 -683.376 -698.723 -9999.000 -9999.000
-9999.000 -9999.000 -9999.000 -9999.000 -9999.000 -9999.000 -9999.000 -9999.000 -9999.000 -9999.000 -9999.000 -9999.000 -9999.000 -9999.000 -9999.000 -9999.000 -9999.000 -9999.000 -9999.000 -9999.000 -9999.000 -9999.000 -9999.000 -9999.000 -9999.000 -9999.000 -9999.000 -9999.000 -9999.000 -9999.000 -9999.000 -9999.000 -9999.000 -9999.000 -9999.000 -9999.000 -9999.000 -9999.000 -9999.000 -9999.000 -9999.000 -9999.000 -9999.000 -9999.000 -9999.000 -9999.000 -9999.000 -9999.000 -9999.000 -9999.000 -9999.000 -9999.000 -9999.000 -9999.000 -9999.000 -9999.000 -9999.000 -9999.000 -9999.000 -9999.000 -9999.000 -9999.000 -9999.000 -9999.000 -9999.000 -9999.000 -9999.000 -9999.000 -9999.000 -9999.000 -9999.000 -9999.000 -9999.000 -9999.000 -9999.000 -9999.000 -9999.000 -9999.000 -9999.000 -9999.000 -9999.000 -9999.000 -9999.000 -9999.000 -9999.000 -9999.000 -9999.000 -9999.000 -9999.000 -9999.000 -9999.000 -9999.000 -9999.000 -9999.000 -9999.000 -9999.000 -9999.000 -9999.000 -9999.000 -9999.000 -9999.000 -9999.000 -9999.000 -9999.000
-9999.000 -9999.000 -9999.000 -9999.000 -9999.000 -9999.000 -9999.000 -9999.000 -9999.000 -9999.000 -9999.000 -9999.000 -9999.000 -9999.000 -9999.000 -9999.000 -9999.000 -9999.000 -9999.000 -9999.000 -9999.000 -9999.000 -9999.000 -9999.000 -9999.000 -9999.000 -9999.000 -9999.000 -9999.000 -9999.000 -9999.000 -9999.000 -9999.000 -9999.000 -9999.000 -9999.000 -9999.000 -9999.000 -9999.000 -9999.000 -9999.000 -9999.000 -9999.000 -9999.000 -9999.000 -9999.000 -9999.000 -9999.000 -9999.000 -9999.000 -9999.000 -9999.000 -9999.000 -9999.000 -9999.000 -9999.000 -9999.000 -9999.000 -9999.000 -9999.000 -9999.000 -9999.000 -9999.000 -9999.000 -9999.000 -9999.000 -9999.000 -9999.000 -9999.000 -9999.000 -9999.000 -9999.000 -9999.000 -9999.000 -9999.000 -9999.000 -9999.000 -9999.000 -9999.000 -9999.000 -9999.000 -9999.000 -9999.000 -9999.000 -9999.000 -9999.000 -9999.000 -9999.000 -9999.000 -9999.000 -9999.000 -9999.000 -9999.000 -9999.000 -9999.000 -9999.000 -9999.000 -9999.000 -9999.000 -9999.000 -9999.000 -9999.000 -9999.000 -9999.000