examples/3D/hillslope02_superslab/output-maps-METEOIO-OFF/psiliqL0077N0001.asc
ncols         104
nrows         10
xllcorner     -2.000000
yllcorner     0.000000
cellsize      1.000000
NODATA_value  -9999.0
-9999.000 -9999.000 -9999.000 -9999.000 -9999.000 -9999.000 -9999.000 -9999.000 -9999.000 -9999.000 -9999.000 -9999.000 -9999.000 -9999.000 -9999.000 -9999.000 -9999.000 -9999.000 -9999.000 -9999.000 -9999.000 -9999.000 -9999.000 -9999.000 -9999.000 -9999.000 -9999.000 -9999.000 -9999.000 -9999.000 -9999.000 -9999.000 -9999.000 -9999.000 -9999.000 -9999.000 -9999.000 -9999.000 -9999.000 -9999.000 -9999.000 -9999.000 -9999.000 -9999.000 -9999.000 -9999.000 -9999.000 -9999.000 -9999.000 -9999.000 -9999.000 -9999.000 -9999.000 -9999.000 -9999.000 -9999.000 -9999.000 -9999.000 -9999.000 -9999.000 -9999.000 -9999.000 -9999.000 -9999.000 -9999.000 -9999.000 -9999.000 -9999.000 -9999.000 -9999.000 -9999.000 -9999.000 -9999.000 -9999.000 -9999.000 -9999.000 -9999.000 -9999.000 -9999.000 -9999.000 -9999.000 -9999.000 -9999.000 -9999.000 -9999.000 -9999.000 -9999.000 -9999.000 -9999.000 -9999.000 -9999.000 -9999.000 -9999.000 -9999.000 -9999.000 -9999.000 -9999.000 -9999.000 -9999.000 -9999.000 -9999.000 -9999.000 -9999.000 -9999.000
-9999.000 -9999.000 -9999.000 -9999.000 -9999.000 -9999.000 -9999.000 -9999.000 -9999.000 -9999.000 -9999.000 -9999.000 -9999.000 -9999.000 -9999.000 -9999.000 -9999.000 -9999.000 -9999.000 -9999.000 -9999.000 -9999.000 -9999.000 -9999.000 -9999.000 -9999.000 -9999.000 -9999.000 -9999.000 -9999.000 -9999.000 -9999.000 -9999.000 -9999.000 -9999.000 -9999.000 -9999.000 -9999.000 -9999.000 -9999.000 -9999.000 -9999.000 -9999.000 -9999.000 -9999.000 -9999.000 -9999.000 -9999.000 -9999.000 -9999.000 -9999.000 -9999.000 -9999.000 -9999.000 -9999.000 -9999.000 -9999.000 -9999.000 -9999.000 -9999.000 -9999.000 -9999.000 -9999.000 -9999.000 -9999.000 -9999.000 -9999.000 -9999.000 -9999.000 -9999.000 -9999.000 -9999.000 -9999.000 -9999.000 -9999.000 -9999.000 -9999.000 -9999.000 -9999.000 -9999.000 -9999.000 -9999.000 -9999.000 -9999.000 -9999.000 -9999.000 -9999.000 -9999.000 -9999.000 -9999.000 -9999.000 -9999.000 -9999.000 -9999.000 -9999.000 -9999.000 -9999.000 -9999.000 -9999.000 -9999.000 -9999.000 -9999.000 -9999.000 -9999.000
-9999.000 -9999.000 -792.867 -968.967 -1062.559 -1117.059 -1030.020 -610.725 -514.620 -798.086 -1160.162 -1163.279 -1163.340 -1163.358 -1163.363 -1163.365 -1163.366 -1163.366 -1163.366 -1163.366 -1163.366 -1163.366 -1163.366 -1163.366 -1163.366 -1163.366 -1163.366 -1163.366 -1163.366 -1163.348 -1158.680 -835.877 -480.911 -400.104 -375.814 -366.950 -363.884 -363.878 -366.236 -371.522 -382.998 -411.861 -484.430 -696.318 -1130.471 -1162.863 -1162.816 -1162.431 -1162.650 -1162.903 -1163.320 -1165.455 -1163.455 -1163.370 -1163.367 -1163.366 -1163.366 -1163.366 -1163.366 -1163.366 -1163.367 -1163.367 -1163.367 -1163.365 -1163.358 -1163.357 -1163.359 -1163.361 -1163.364 -1163.368 -1163.375 -1163.385 -1163.398 -1163.417 -1163.443 -1163.479 -1163.526 -1163.590 -1163.673 -1163.782 -1163.921 -1164.098 -1164.321 -1164.600 -1164.944 -1165.365 -1165.877 -1166.496 -1167.238 -1168.125 -1169.178 -1170.427 -1171.904 -1173.653 -1175.725 -1178.193 -1181.156 -1184.759 -1189.235 -1195.024 -1203.417 -1222.337 -9999.000 -9999.000
-9999.000 -9999.000 -792.867 -968.967 -1062.559 -1117.059 -1030.020 -610.725 -514.620 -798.086 -1160.162 -1163.279 -1163.340 -1163.358 -1163.363 -1163.365 -1163.366 -1163.366 -1163.366 -1163.366 -1163.366 -1163.366 -1163.366 -1163.366 -1163.366 -1163.366 -1163.366 -1163.366 -1163.366 -1163.348 -1158.680 -835.877 -480.911 -400.104 -375.814 -366.950 -363.884 -363.878 -366.236 -371.522 -382.998 -411.861 -484.430 -696.318 -1130.471 -1162.863 -1162.816 -1162.431 -1162.650 -1162.903 -1163.320 -1165.455 -1163.455 -1163.370 -1163.367 -1163.366 -1163.366 -1163.366 -1163.366 -1163.366 -1163.367 -1163.367 -1163.367 -1163.365 -1163.358 -1163.357 -1163.359 -1163.361 -1163.364 -1163.368 -1163.375 -1163.385 -1163.398 -1163.417 -1163.443 -1163.479 -1163.526 -1163.590 -1163.673 -1163.782 -1163.921 -1164.098 -1164.321 -1164.600 -1164.944 -1165.365 -1165.877 -1166.496 -1167.238 -1168.125 -1169.178 -1170.427 -1171.904 -1173.653 -1175.725 -1178.193 -1181.156 -1184.759 -1189.235 -1195.024 -1203.417 -1222.337 -9999.000 -9999.000
-9999.000 -9999.000 -792.867 -968.967 -1062.559 -1117.059 -1030.020 -610.725 -514.620 -798.086 -1160.162 -1163.279 -1163.340 -1163.358 -1163.363 -1163.365 -1163.366 -1163.366 -1163.366 -1163.366 -1163.366 -1163.366 -1163.366 -1163.366 -1163.366 -1163.366 -1163.366 -1163.366 -1163.366 -1163.348 -1158.680 -835.877 -480.911 -400.104 -375.814 -366.950 -363.884 -363.878 -366.236 -371.522 -382.998 -411.861 -484.430 -696.318 -1130.471 -1162.863 -1162.816 -1162.431 -1162.650 -1162.903 -1163.320 -1165.455 -1163.455 -1163.370 -1163.367 -1163.366 -1163.366 -1163.366 -1163.366 -1163.366 -1163.367 -1163.367 -1163.367 -1163.365 -1163.358 -1163.357 -1163.359 -1163.361 -1163.364 -1163.368 -1163.375 -1163.385 -1163.398 -1163.417 -1163.443 -1163.479 -1163.526 -1163.590 -1163.673 -1163.782 -1163.921 -1164.098 -1164.321 -1164.600 -1164.944 -1165.365 -1165.877 -1166.496 -1167.238 -1168.125 -1169.178 -1170.427 -1171.904 -1173.653 -1175.725 -1178.193 -1181.156 -1184.759 -1189.235 -1195.024 -1203.417 -1222.337 -9999.000 -9999.000
-9999.000 -9999.000 -792.867 -968.967 -1062.559 -1117.059 -1030.020 -610.725 -514.620 -798.086 -1160.162 -1163.279 -1163.340 -1163.358 -1163.363 -1163.365 -1163.366 -1163.366 -1163.366 -1163.366 -1163.366 -1163.366 -1163.366 -1163.366 -1163.366 -1163.366 -1163.366 -1163.366 -1163.366 -1163.348 -1158.680 -835.877 -480.911 -400.104 -375.814 -366.950 -363.884 -363.878 -366.236 -371.522 -382.998 -411.861 -484.430 -696.318 -1130.471 -1162.863 -1162.816 -1162.431 -1162.650 -1162.903 -1163.320 -1165.455 -1163.455 -1163.370 -1163.367 -1163.366 -1163.366 -1163.366 -1163.366 -1163.366 -1163.367 -1163.367 -1163.367 -1163.365 -1163.358 -1163.357 -1163.359 -1163.361 -1163.364 -1163.368 -1163.375 -1163.385 -1163.398 -1163.417 -1163.443 -1163.479 -1163.526 -1163.590 -1163.673 -1163.782 -1163.921 -1164.098 -1164.321 -1164.600 -1164.944 -1165.365 -1165.877 -1166.496 -1167.238 -1168.125 -1169.178 -1170.427 -1171.904 -1173.653 -1175.725 -1178.193 -1181.156 -1184.759 -1189.235 -1195.024 -1203.417 -1222.337 -9999.000 -9999.000
-9999.000 -9999.000 -792.867 -968.967 -1062.559 -1117.059 -1030.020 -610.725 -514.620 -798.086 -1160.162 -1163.279 -1163.340 -1163.358 -1163.363 -1163.365 -1163.366 -1163.366 -1163.366 -1163.366 -1163.366 -1163.366 -1163.366 -1163.366 -1163.366 -1163.366 -1163.366 -1163.366 -1163.366 -1163.348 -1158.680 -835.877 -480.911 -400.104 -375.814 -366.950 -363.884 -363.878 -366.236 -371.522 -382.998 -411.861 -484.430 -696.318 -1130.471 -1162.863 -1162.816 -1162.431 -1162.650 -1162.903 -1163.320 -1165.455 -1163.455 -1163.370 -1163.367 -1163.366 -1163.366 -1163.366 -1163.366 -1163.366 -1163.367 -1163.367 -1163.367 -1163.365 -1163.358 -1163.357 -1163.359 -1163.361 -1163.364 -1163.368 -1163.375 -1163.385 -1163.398 -1163.417 -1163.443 -1163.479 -1163.526 -1163.590 -1163.673 -1163.782 -1163.921 -1164.098 -1164.321 -1164.600 -1164.944 -1165.365 -1165.877 -1166.496 -1167.238 -1168.125 -1169.178 -1170.427 -1171.904 -1173.653 -1175.725 -1178.193 -1181.156 -1184.759 -1189.235 -1195.024 -1203.417 -1222.337 -9999.000 -9999.000
-9999.000 -9999.000 -792.867 -968.967 -1062.559 -1117.059 -1030.020 -610.725 -514.620 -798.086 -1160.162 -1163.279 -1163.340 -1163.358 -1163.363 -1163.365 -1163.366 -1163.366 -1163.366 -1163.366 -1163.366 -1163.366 -1163.366 -1163.366 -1163.366 -1163.366 -1163.366 -1163.366 -1163.366 -1163.348 -1158.680 -835.877 -480.911 -400.104 -375.814 -366.950 -363.884 -363.878 -366.236 -371.522 -382.998 -411.861 -484.430 -696.318 -1130.471 -1162.863 -1162.816 -1162.431 -1162.650 -1162.903 -1163.320 -1165.455 -1163.455 -1163.370 -1163.367 -1163.366 -1163.366 -1163.366 -1163.366 -1163.366 -1163.367 -1163.367 -1163.367 -1163.365 -1163.358 -1163.357 -1163.359 -1163.361 -1163.364 -1163.368 -1163.375 -1163.385 -1163.398 -1163.417 -1163.443 -1163.479 -1163.526 -1163.590 -1163.673 -1163.782 -1163.921 -1164.098 -1164.321 -1164.600 -1164.944 -1165.365 -1165.877 -1166.496 -1167.238 -1168.125 -1169.178 -1170.427 -1171.904 -1173.653 -1175.725 -1178.193 -1181.156 -1184.759 -1189.235 -1195.024 -1203.417 -1222.337 -9999.000 -9999.000
-9999.000 -9999.000 -9999.000 -9999.000 -9999.000 -9999.000 -9999.000 -9999.000 -9999.000 -9999.000 -9999.000 -9999.000 -9999.000 -9999.000 -9999.000 -9999.000 -9999.000 -9999.000 -9999.000 -9999.000 -9999.000 -9999.000 -9999.000 -9999.000 -9999.000 -9999.000 -9999.000 -9999.000 -9999.000 -9999.000 -9999.000 -9999.000 -9999.000 -9999.000 -9999.000 -9999.000 -9999.000 -9999.000 -9999.000 -9999.000 -9999.000 -9999.000 -9999.000 -9999.000 -9999.000 -9999.000 -9999.000 -9999.000 -9999.000 -9999.000 -9999.000 -9999.000 -9999.000 -9999.000 -9999.000 -9999.000 -9999.000 -9999.000 -9999.000 -9999.000 -9999.000 -9999.000 -9999.000 -9999.000 -9999.000 -9999.000 -9999.000 -9999.000 -9999.000 -9999.000 -9999.000 -9999.000 -9999.000 -9999.000 -9999.000 -9999.000 -9999.000 -9999.000 -9999.000 -9999.000 -9999.000 -9999.000 -9999.000 -9999.000 -9999.000 -9999.000 -9999.000 -9999.000 -9999.000 -9999.000 -9999.000 -9999.000 -9999.000 -9999.000 -9999.000 -9999.000 -9999.000 -9999.000 -9999.000 -9999.000 -9999.000 -9999.000 -9999.000 -9999.000
-9999.000 -9999.000 -9999.000 -9999.000 -9999.000 -9999.000 -9999.000 -9999.000 -9999.000 -9999.000 -9999.000 -9999.000 -9999.000 -9999.000 -9999.000 -9999.000 -9999.000 -9999.000 -9999.000 -9999.000 -9999.000 -9999.000 -9999.000 -9999.000 -9999.000 -9999.000 -9999.000 -9999.000 -9999.000 -9999.000 -9999.000 -9999.000 -9999.000 -9999.000 -9999.000 -9999.000 -9999.000 -9999.000 -9999.000 -9999.000 -9999.000 -9999.000 -9999.000 -9999.000 -9999.000 -9999.000 -9999.000 -9999.000 -9999.000 -9999.000 -9999.000 -9999.000 -9999.000 -9999.000 -9999.000 -9999.000 -9999.000 -9999.000 -9999.000 -9999.000 -9999.000 -9999.000 -9999.000 -9999.000 -9999.000 -9999.000 -9999.000 -9999.000 -9999.000 -9999.000 -9999.000 -9999.000 -9999.000 -9999.000 -9999.000 -9999.000 -9999.000 -9999.000 -9999.000 -9999.000 -9999.000 -9999.000 -9999.000 -9999.000 -9999.000 -9999.000 -9999.000 -9999.000 -9999.000 -9999.000 -9999.000 -9999.000 -9999.000 -9999.000 -9999.000 -9999.000 -9999.000 -9999.000 -9999.000 -9999.000 -9999.000 -9999.000 -9999.000 -9999.000