examples/3D/hillslope02_superslab/output-maps-METEOIO-OFF/psiliqL0054N0002.asc
ncols         104
nrows         10
xllcorner     -2.000000
yllcorner     0.000000
cellsize      1.000000
NODATA_value  -9999.0
-9999.000 -9999.000 -9999.000 -9999.000 -9999.000 -9999.000 -9999.000 -9999.000 -9999.000 -9999.000 -9999.000 -9999.000 -9999.000 -9999.000 -9999.000 -9999.000 -9999.000 -9999.000 -9999.000 -9999.000 -9999.000 -9999.000 -9999.000 -9999.000 -9999.000 -9999.000 -9999.000 -9999.000 -9999.000 -9999.000 -9999.000 -9999.000 -9999.000 -9999.000 -9999.000 -9999.000 -9999.000 -9999.000 -9999.000 -9999.000 -9999.000 -9999.000 -9999.000 -9999.000 -9999.000 -9999.000 -9999.000 -9999.000 -9999.000 -9999.000 -9999.000 -9999.000 -9999.000 -9999.000 -9999.000 -9999.000 -9999.000 -9999.000 -9999.000 -9999.000 -9999.000 -9999.000 -9999.000 -9999.000 -9999.000 -9999.000 -9999.000 -9999.000 -9999.000 -9999.000 -9999.000 -9999.000 -9999.000 -9999.000 -9999.000 -9999.000 -9999.000 -9999.000 -9999.000 -9999.000 -9999.000 -9999.000 -9999.000 -9999.000 -9999.000 -9999.000 -9999.000 -9999.000 -9999.000 -9999.000 -9999.000 -9999.000 -9999.000 -9999.000 -9999.000 -9999.000 -9999.000 -9999.000 -9999.000 -9999.000 -9999.000 -9999.000 -9999.000 -9999.000
-9999.000 -9999.000 -9999.000 -9999.000 -9999.000 -9999.000 -9999.000 -9999.000 -9999.000 -9999.000 -9999.000 -9999.000 -9999.000 -9999.000 -9999.000 -9999.000 -9999.000 -9999.000 -9999.000 -9999.000 -9999.000 -9999.000 -9999.000 -9999.000 -9999.000 -9999.000 -9999.000 -9999.000 -9999.000 -9999.000 -9999.000 -9999.000 -9999.000 -9999.000 -9999.000 -9999.000 -9999.000 -9999.000 -9999.000 -9999.000 -9999.000 -9999.000 -9999.000 -9999.000 -9999.000 -9999.000 -9999.000 -9999.000 -9999.000 -9999.000 -9999.000 -9999.000 -9999.000 -9999.000 -9999.000 -9999.000 -9999.000 -9999.000 -9999.000 -9999.000 -9999.000 -9999.000 -9999.000 -9999.000 -9999.000 -9999.000 -9999.000 -9999.000 -9999.000 -9999.000 -9999.000 -9999.000 -9999.000 -9999.000 -9999.000 -9999.000 -9999.000 -9999.000 -9999.000 -9999.000 -9999.000 -9999.000 -9999.000 -9999.000 -9999.000 -9999.000 -9999.000 -9999.000 -9999.000 -9999.000 -9999.000 -9999.000 -9999.000 -9999.000 -9999.000 -9999.000 -9999.000 -9999.000 -9999.000 -9999.000 -9999.000 -9999.000 -9999.000 -9999.000
-9999.000 -9999.000 1167.665 1066.557 964.515 861.252 756.622 650.668 543.464 435.116 325.839 216.797 111.261 10.511 -84.409 -173.567 -252.540 -307.039 -336.050 -348.878 -353.581 -354.525 -353.708 -352.039 -349.968 -347.720 -345.412 -343.107 -340.862 -338.771 -336.988 -335.636 -334.775 -334.412 -334.541 -335.151 -336.183 -3.132 299.457 575.834 817.457 831.530 642.577 452.671 263.394 74.826 -110.132 -288.643 -490.083 -755.858 -1271.731 -2213.722 -2301.453 -2301.978 -2301.980 -2301.980 -2301.980 -2301.920 -2291.581 -1756.465 -828.215 -514.835 -374.658 -356.585 -355.606 -355.573 -355.546 -355.515 -355.485 -355.459 -355.437 -355.420 -355.409 -355.403 -355.403 -355.407 -355.416 -355.428 -355.442 -355.458 -355.474 -355.491 -355.507 -355.521 -355.535 -355.546 -355.556 -355.564 -355.569 -355.574 -355.576 -355.578 -355.578 -355.577 -355.575 -355.573 -355.573 -355.589 -355.724 -356.568 -361.014 -381.111 -9999.000 -9999.000
-9999.000 -9999.000 1167.687 1066.568 964.519 861.253 756.623 650.669 543.464 435.116 325.839 216.797 111.261 10.511 -84.409 -173.567 -252.540 -307.039 -336.050 -348.878 -353.581 -354.525 -353.708 -352.039 -349.968 -347.720 -345.412 -343.107 -340.862 -338.771 -336.988 -335.636 -334.775 -334.412 -334.541 -335.151 -336.183 -3.132 299.457 575.834 817.457 831.530 642.577 452.671 263.394 74.826 -110.132 -288.643 -490.083 -755.858 -1271.731 -2213.722 -2301.453 -2301.978 -2301.980 -2301.980 -2301.980 -2301.920 -2291.581 -1756.465 -828.215 -514.835 -374.658 -356.585 -355.606 -355.573 -355.546 -355.515 -355.485 -355.459 -355.437 -355.420 -355.409 -355.403 -355.403 -355.407 -355.416 -355.428 -355.442 -355.458 -355.474 -355.491 -355.507 -355.521 -355.535 -355.546 -355.556 -355.564 -355.569 -355.574 -355.576 -355.578 -355.578 -355.577 -355.575 -355.573 -355.573 -355.589 -355.724 -356.568 -361.014 -381.111 -9999.000 -9999.000
-9999.000 -9999.000 1167.702 1066.576 964.523 861.255 756.624 650.669 543.464 435.116 325.839 216.797 111.261 10.511 -84.409 -173.567 -252.540 -307.039 -336.050 -348.878 -353.581 -354.525 -353.708 -352.039 -349.968 -347.720 -345.412 -343.107 -340.862 -338.771 -336.988 -335.636 -334.775 -334.412 -334.541 -335.151 -336.183 -3.132 299.457 575.834 817.457 831.530 642.577 452.671 263.394 74.826 -110.132 -288.643 -490.083 -755.858 -1271.731 -2213.722 -2301.453 -2301.978 -2301.980 -2301.980 -2301.980 -2301.920 -2291.581 -1756.465 -828.215 -514.835 -374.658 -356.585 -355.606 -355.573 -355.546 -355.515 -355.485 -355.459 -355.437 -355.420 -355.409 -355.403 -355.403 -355.407 -355.416 -355.428 -355.442 -355.458 -355.474 -355.491 -355.507 -355.521 -355.535 -355.546 -355.556 -355.564 -355.569 -355.574 -355.576 -355.578 -355.578 -355.577 -355.575 -355.573 -355.573 -355.589 -355.724 -356.568 -361.014 -381.111 -9999.000 -9999.000
-9999.000 -9999.000 1167.702 1066.576 964.523 861.255 756.624 650.669 543.464 435.116 325.839 216.797 111.261 10.511 -84.409 -173.567 -252.540 -307.039 -336.050 -348.878 -353.581 -354.525 -353.708 -352.039 -349.968 -347.720 -345.412 -343.107 -340.862 -338.771 -336.988 -335.636 -334.775 -334.412 -334.541 -335.151 -336.183 -3.132 299.457 575.834 817.457 831.530 642.577 452.671 263.394 74.826 -110.132 -288.643 -490.083 -755.858 -1271.731 -2213.722 -2301.453 -2301.978 -2301.980 -2301.980 -2301.980 -2301.920 -2291.581 -1756.465 -828.215 -514.835 -374.658 -356.585 -355.606 -355.573 -355.546 -355.515 -355.485 -355.459 -355.437 -355.420 -355.409 -355.403 -355.403 -355.407 -355.416 -355.428 -355.442 -355.458 -355.474 -355.491 -355.507 -355.521 -355.535 -355.546 -355.556 -355.564 -355.569 -355.574 -355.576 -355.578 -355.578 -355.577 -355.575 -355.573 -355.573 -355.589 -355.724 -356.568 -361.014 -381.111 -9999.000 -9999.000
-9999.000 -9999.000 1167.687 1066.568 964.519 861.253 756.623 650.669 543.464 435.116 325.839 216.797 111.261 10.511 -84.409 -173.567 -252.540 -307.039 -336.050 -348.878 -353.581 -354.525 -353.708 -352.039 -349.968 -347.720 -345.412 -343.107 -340.862 -338.771 -336.988 -335.636 -334.775 -334.412 -334.541 -335.151 -336.183 -3.132 299.457 575.834 817.457 831.530 642.577 452.671 263.394 74.826 -110.132 -288.643 -490.083 -755.858 -1271.731 -2213.722 -2301.453 -2301.978 -2301.980 -2301.980 -2301.980 -2301.920 -2291.581 -1756.465 -828.215 -514.835 -374.658 -356.585 -355.606 -355.573 -355.546 -355.515 -355.485 -355.459 -355.437 -355.420 -355.409 -355.403 -355.403 -355.407 -355.416 -355.428 -355.442 -355.458 -355.474 -355.491 -355.507 -355.521 -355.535 -355.546 -355.556 -355.564 -355.569 -355.574 -355.576 -355.578 -355.578 -355.577 -355.575 -355.573 -355.573 -355.589 -355.724 -356.568 -361.014 -381.111 -9999.000 -9999.000
-9999.000 -9999.000 1167.665 1066.557 964.515 861.252 756.622 650.668 543.464 435.116 325.839 216.797 111.261 10.511 -84.409 -173.567 -252.540 -307.039 -336.050 -348.878 -353.581 -354.525 -353.708 -352.039 -349.968 -347.720 -345.412 -343.107 -340.862 -338.771 -336.988 -335.636 -334.775 -334.412 -334.541 -335.151 -336.183 -3.132 299.457 575.834 817.457 831.530 642.577 452.671 263.394 74.826 -110.132 -288.643 -490.083 -755.858 -1271.731 -2213.722 -2301.453 -2301.978 -2301.980 -2301.980 -2301.980 -2301.920 -2291.581 -1756.465 -828.215 -514.835 -374.658 -356.585 -355.606 -355.573 -355.546 -355.515 -355.485 -355.459 -355.437 -355.420 -355.409 -355.403 -355.403 -355.407 -355.416 -355.428 -355.442 -355.458 -355.474 -355.491 -355.507 -355.521 -355.535 -355.546 -355.556 -355.564 -355.569 -355.574 -355.576 -355.578 -355.578 -355.577 -355.575 -355.573 -355.573 -355.589 -355.724 -356.568 -361.014 -381.111 -9999.000 -9999.000
-9999.000 -9999.000 -9999.000 -9999.000 -9999.000 -9999.000 -9999.000 -9999.000 -9999.000 -9999.000 -9999.000 -9999.000 -9999.000 -9999.000 -9999.000 -9999.000 -9999.000 -9999.000 -9999.000 -9999.000 -9999.000 -9999.000 -9999.000 -9999.000 -9999.000 -9999.000 -9999.000 -9999.000 -9999.000 -9999.000 -9999.000 -9999.000 -9999.000 -9999.000 -9999.000 -9999.000 -9999.000 -9999.000 -9999.000 -9999.000 -9999.000 -9999.000 -9999.000 -9999.000 -9999.000 -9999.000 -9999.000 -9999.000 -9999.000 -9999.000 -9999.000 -9999.000 -9999.000 -9999.000 -9999.000 -9999.000 -9999.000 -9999.000 -9999.000 -9999.000 -9999.000 -9999.000 -9999.000 -9999.000 -9999.000 -9999.000 -9999.000 -9999.000 -9999.000 -9999.000 -9999.000 -9999.000 -9999.000 -9999.000 -9999.000 -9999.000 -9999.000 -9999.000 -9999.000 -9999.000 -9999.000 -9999.000 -9999.000 -9999.000 -9999.000 -9999.000 -9999.000 -9999.000 -9999.000 -9999.000 -9999.000 -9999.000 -9999.000 -9999.000 -9999.000 -9999.000 -9999.000 -9999.000 -9999.000 -9999.000 -9999.000 -9999.000 -9999.000 -9999.000
-9999.000 -9999.000 -9999.000 -9999.000 -9999.000 -9999.000 -9999.000 -9999.000 -9999.000 -9999.000 -9999.000 -9999.000 -9999.000 -9999.000 -9999.000 -9999.000 -9999.000 -9999.000 -9999.000 -9999.000 -9999.000 -9999.000 -9999.000 -9999.000 -9999.000 -9999.000 -9999.000 -9999.000 -9999.000 -9999.000 -9999.000 -9999.000 -9999.000 -9999.000 -9999.000 -9999.000 -9999.000 -9999.000 -9999.000 -9999.000 -9999.000 -9999.000 -9999.000 -9999.000 -9999.000 -9999.000 -9999.000 -9999.000 -9999.000 -9999.000 -9999.000 -9999.000 -9999.000 -9999.000 -9999.000 -9999.000 -9999.000 -9999.000 -9999.000 -9999.000 -9999.000 -9999.000 -9999.000 -9999.000 -9999.000 -9999.000 -9999.000 -9999.000 -9999.000 -9999.000 -9999.000 -9999.000 -9999.000 -9999.000 -9999.000 -9999.000 -9999.000 -9999.000 -9999.000 -9999.000 -9999.000 -9999.000 -9999.000 -9999.000 -9999.000 -9999.000 -9999.000 -9999.000 -9999.000 -9999.000 -9999.000 -9999.000 -9999.000 -9999.000 -9999.000 -9999.000 -9999.000 -9999.000 -9999.000 -9999.000 -9999.000 -9999.000 -9999.000 -9999.000