examples/3D/hillslope02_superslab/output-maps-METEOIO-OFF/psiliqL0096N0002.asc
ncols         104
nrows         10
xllcorner     -2.000000
yllcorner     0.000000
cellsize      1.000000
NODATA_value  -9999.0
-9999.000 -9999.000 -9999.000 -9999.000 -9999.000 -9999.000 -9999.000 -9999.000 -9999.000 -9999.000 -9999.000 -9999.000 -9999.000 -9999.000 -9999.000 -9999.000 -9999.000 -9999.000 -9999.000 -9999.000 -9999.000 -9999.000 -9999.000 -9999.000 -9999.000 -9999.000 -9999.000 -9999.000 -9999.000 -9999.000 -9999.000 -9999.000 -9999.000 -9999.000 -9999.000 -9999.000 -9999.000 -9999.000 -9999.000 -9999.000 -9999.000 -9999.000 -9999.000 -9999.000 -9999.000 -9999.000 -9999.000 -9999.000 -9999.000 -9999.000 -9999.000 -9999.000 -9999.000 -9999.000 -9999.000 -9999.000 -9999.000 -9999.000 -9999.000 -9999.000 -9999.000 -9999.000 -9999.000 -9999.000 -9999.000 -9999.000 -9999.000 -9999.000 -9999.000 -9999.000 -9999.000 -9999.000 -9999.000 -9999.000 -9999.000 -9999.000 -9999.000 -9999.000 -9999.000 -9999.000 -9999.000 -9999.000 -9999.000 -9999.000 -9999.000 -9999.000 -9999.000 -9999.000 -9999.000 -9999.000 -9999.000 -9999.000 -9999.000 -9999.000 -9999.000 -9999.000 -9999.000 -9999.000 -9999.000 -9999.000 -9999.000 -9999.000 -9999.000 -9999.000
-9999.000 -9999.000 -9999.000 -9999.000 -9999.000 -9999.000 -9999.000 -9999.000 -9999.000 -9999.000 -9999.000 -9999.000 -9999.000 -9999.000 -9999.000 -9999.000 -9999.000 -9999.000 -9999.000 -9999.000 -9999.000 -9999.000 -9999.000 -9999.000 -9999.000 -9999.000 -9999.000 -9999.000 -9999.000 -9999.000 -9999.000 -9999.000 -9999.000 -9999.000 -9999.000 -9999.000 -9999.000 -9999.000 -9999.000 -9999.000 -9999.000 -9999.000 -9999.000 -9999.000 -9999.000 -9999.000 -9999.000 -9999.000 -9999.000 -9999.000 -9999.000 -9999.000 -9999.000 -9999.000 -9999.000 -9999.000 -9999.000 -9999.000 -9999.000 -9999.000 -9999.000 -9999.000 -9999.000 -9999.000 -9999.000 -9999.000 -9999.000 -9999.000 -9999.000 -9999.000 -9999.000 -9999.000 -9999.000 -9999.000 -9999.000 -9999.000 -9999.000 -9999.000 -9999.000 -9999.000 -9999.000 -9999.000 -9999.000 -9999.000 -9999.000 -9999.000 -9999.000 -9999.000 -9999.000 -9999.000 -9999.000 -9999.000 -9999.000 -9999.000 -9999.000 -9999.000 -9999.000 -9999.000 -9999.000 -9999.000 -9999.000 -9999.000 -9999.000 -9999.000
-9999.000 -9999.000 3244.001 3142.911 3040.724 2937.417 2832.998 2727.561 2621.328 2514.714 2408.430 2303.574 2201.525 2103.560 2010.691 1923.576 1842.508 1767.512 1698.445 1635.027 1576.904 1523.648 1474.803 1429.873 1388.310 1349.534 1313.033 1278.249 1244.583 1211.566 1178.708 1145.506 1111.660 1076.847 1040.760 1003.264 964.325 923.942 882.186 839.223 795.333 750.988 706.851 663.740 622.614 584.516 550.410 521.564 498.889 483.180 474.454 471.747 472.355 479.986 500.160 530.705 568.639 611.808 658.684 708.139 759.103 809.797 857.521 899.590 935.429 965.577 990.496 1010.987 1027.420 1040.071 1049.379 1055.646 1059.085 1059.874 1058.160 1054.062 1047.670 1039.106 1028.492 1015.839 1001.121 984.421 965.758 945.019 922.325 897.504 870.640 841.518 810.182 776.504 740.247 701.305 659.556 614.765 566.639 514.822 458.841 398.051 331.821 258.875 177.801 86.985 -9999.000 -9999.000
-9999.000 -9999.000 3244.004 3142.913 3040.725 2937.418 2832.998 2727.561 2621.328 2514.714 2408.430 2303.574 2201.525 2103.560 2010.691 1923.576 1842.508 1767.512 1698.445 1635.027 1576.904 1523.648 1474.803 1429.873 1388.310 1349.534 1313.033 1278.249 1244.583 1211.566 1178.708 1145.506 1111.660 1076.847 1040.760 1003.264 964.325 923.942 882.186 839.223 795.333 750.988 706.851 663.740 622.614 584.516 550.410 521.564 498.889 483.180 474.454 471.747 472.355 479.986 500.160 530.705 568.639 611.808 658.684 708.139 759.103 809.797 857.521 899.590 935.429 965.577 990.496 1010.987 1027.420 1040.071 1049.379 1055.646 1059.085 1059.874 1058.160 1054.062 1047.670 1039.106 1028.492 1015.839 1001.121 984.421 965.758 945.019 922.325 897.504 870.640 841.518 810.182 776.504 740.247 701.305 659.556 614.765 566.639 514.822 458.841 398.051 331.821 258.875 177.801 86.985 -9999.000 -9999.000
-9999.000 -9999.000 3244.007 3142.914 3040.727 2937.419 2832.999 2727.561 2621.328 2514.714 2408.430 2303.574 2201.525 2103.560 2010.691 1923.576 1842.508 1767.512 1698.445 1635.027 1576.904 1523.648 1474.803 1429.873 1388.310 1349.534 1313.033 1278.249 1244.583 1211.566 1178.708 1145.506 1111.660 1076.847 1040.760 1003.264 964.325 923.942 882.186 839.223 795.333 750.988 706.851 663.740 622.614 584.516 550.410 521.564 498.889 483.180 474.454 471.747 472.355 479.986 500.160 530.705 568.639 611.808 658.684 708.139 759.103 809.797 857.521 899.590 935.429 965.577 990.496 1010.987 1027.420 1040.071 1049.379 1055.646 1059.085 1059.874 1058.160 1054.062 1047.670 1039.106 1028.492 1015.839 1001.121 984.421 965.758 945.019 922.325 897.504 870.640 841.518 810.182 776.504 740.247 701.305 659.556 614.765 566.639 514.822 458.841 398.051 331.821 258.875 177.801 86.985 -9999.000 -9999.000
-9999.000 -9999.000 3244.007 3142.914 3040.727 2937.419 2832.999 2727.561 2621.328 2514.714 2408.430 2303.574 2201.525 2103.560 2010.691 1923.576 1842.508 1767.512 1698.445 1635.027 1576.904 1523.648 1474.803 1429.873 1388.310 1349.534 1313.033 1278.249 1244.583 1211.566 1178.708 1145.506 1111.660 1076.847 1040.760 1003.264 964.325 923.942 882.186 839.223 795.333 750.988 706.851 663.740 622.614 584.516 550.410 521.564 498.889 483.180 474.454 471.747 472.355 479.986 500.160 530.705 568.639 611.808 658.684 708.139 759.103 809.797 857.521 899.590 935.429 965.577 990.496 1010.987 1027.420 1040.071 1049.379 1055.646 1059.085 1059.874 1058.160 1054.062 1047.670 1039.106 1028.492 1015.839 1001.121 984.421 965.758 945.019 922.325 897.504 870.640 841.518 810.182 776.504 740.247 701.305 659.556 614.765 566.639 514.822 458.841 398.051 331.821 258.875 177.801 86.985 -9999.000 -9999.000
-9999.000 -9999.000 3244.004 3142.913 3040.725 2937.418 2832.998 2727.561 2621.328 2514.714 2408.430 2303.574 2201.525 2103.560 2010.691 1923.576 1842.508 1767.512 1698.445 1635.027 1576.904 1523.648 1474.803 1429.873 1388.310 1349.534 1313.033 1278.249 1244.583 1211.566 1178.708 1145.506 1111.660 1076.847 1040.760 1003.264 964.325 923.942 882.186 839.223 795.333 750.988 706.851 663.740 622.614 584.516 550.410 521.564 498.889 483.180 474.454 471.747 472.355 479.986 500.160 530.705 568.639 611.808 658.684 708.139 759.103 809.797 857.521 899.590 935.429 965.577 990.496 1010.987 1027.420 1040.071 1049.379 1055.646 1059.085 1059.874 1058.160 1054.062 1047.670 1039.106 1028.492 1015.839 1001.121 984.421 965.758 945.019 922.325 897.504 870.640 841.518 810.182 776.504 740.247 701.305 659.556 614.765 566.639 514.822 458.841 398.051 331.821 258.875 177.801 86.985 -9999.000 -9999.000
-9999.000 -9999.000 3244.001 3142.911 3040.724 2937.417 2832.998 2727.561 2621.328 2514.714 2408.430 2303.574 2201.525 2103.560 2010.691 1923.576 1842.508 1767.512 1698.445 1635.027 1576.904 1523.648 1474.803 1429.873 1388.310 1349.534 1313.033 1278.249 1244.583 1211.566 1178.708 1145.506 1111.660 1076.847 1040.760 1003.264 964.325 923.942 882.186 839.223 795.333 750.988 706.851 663.740 622.614 584.516 550.410 521.564 498.889 483.180 474.454 471.747 472.355 479.986 500.160 530.705 568.639 611.808 658.684 708.139 759.103 809.797 857.521 899.590 935.429 965.577 990.496 1010.987 1027.420 1040.071 1049.379 1055.646 1059.085 1059.874 1058.160 1054.062 1047.670 1039.106 1028.492 1015.839 1001.121 984.421 965.758 945.019 922.325 897.504 870.640 841.518 810.182 776.504 740.247 701.305 659.556 614.765 566.639 514.822 458.841 398.051 331.821 258.875 177.801 86.985 -9999.000 -9999.000
-9999.000 -9999.000 -9999.000 -9999.000 -9999.000 -9999.000 -9999.000 -9999.000 -9999.000 -9999.000 -9999.000 -9999.000 -9999.000 -9999.000 -9999.000 -9999.000 -9999.000 -9999.000 -9999.000 -9999.000 -9999.000 -9999.000 -9999.000 -9999.000 -9999.000 -9999.000 -9999.000 -9999.000 -9999.000 -9999.000 -9999.000 -9999.000 -9999.000 -9999.000 -9999.000 -9999.000 -9999.000 -9999.000 -9999.000 -9999.000 -9999.000 -9999.000 -9999.000 -9999.000 -9999.000 -9999.000 -9999.000 -9999.000 -9999.000 -9999.000 -9999.000 -9999.000 -9999.000 -9999.000 -9999.000 -9999.000 -9999.000 -9999.000 -9999.000 -9999.000 -9999.000 -9999.000 -9999.000 -9999.000 -9999.000 -9999.000 -9999.000 -9999.000 -9999.000 -9999.000 -9999.000 -9999.000 -9999.000 -9999.000 -9999.000 -9999.000 -9999.000 -9999.000 -9999.000 -9999.000 -9999.000 -9999.000 -9999.000 -9999.000 -9999.000 -9999.000 -9999.000 -9999.000 -9999.000 -9999.000 -9999.000 -9999.000 -9999.000 -9999.000 -9999.000 -9999.000 -9999.000 -9999.000 -9999.000 -9999.000 -9999.000 -9999.000 -9999.000 -9999.000
-9999.000 -9999.000 -9999.000 -9999.000 -9999.000 -9999.000 -9999.000 -9999.000 -9999.000 -9999.000 -9999.000 -9999.000 -9999.000 -9999.000 -9999.000 -9999.000 -9999.000 -9999.000 -9999.000 -9999.000 -9999.000 -9999.000 -9999.000 -9999.000 -9999.000 -9999.000 -9999.000 -9999.000 -9999.000 -9999.000 -9999.000 -9999.000 -9999.000 -9999.000 -9999.000 -9999.000 -9999.000 -9999.000 -9999.000 -9999.000 -9999.000 -9999.000 -9999.000 -9999.000 -9999.000 -9999.000 -9999.000 -9999.000 -9999.000 -9999.000 -9999.000 -9999.000 -9999.000 -9999.000 -9999.000 -9999.000 -9999.000 -9999.000 -9999.000 -9999.000 -9999.000 -9999.000 -9999.000 -9999.000 -9999.000 -9999.000 -9999.000 -9999.000 -9999.000 -9999.000 -9999.000 -9999.000 -9999.000 -9999.000 -9999.000 -9999.000 -9999.000 -9999.000 -9999.000 -9999.000 -9999.000 -9999.000 -9999.000 -9999.000 -9999.000 -9999.000 -9999.000 -9999.000 -9999.000 -9999.000 -9999.000 -9999.000 -9999.000 -9999.000 -9999.000 -9999.000 -9999.000 -9999.000 -9999.000 -9999.000 -9999.000 -9999.000 -9999.000 -9999.000