examples/3D/hillslope02_superslab/output-maps-METEOIO-OFF/psiliqL0031N0001.asc
ncols         104
nrows         10
xllcorner     -2.000000
yllcorner     0.000000
cellsize      1.000000
NODATA_value  -9999.0
-9999.000 -9999.000 -9999.000 -9999.000 -9999.000 -9999.000 -9999.000 -9999.000 -9999.000 -9999.000 -9999.000 -9999.000 -9999.000 -9999.000 -9999.000 -9999.000 -9999.000 -9999.000 -9999.000 -9999.000 -9999.000 -9999.000 -9999.000 -9999.000 -9999.000 -9999.000 -9999.000 -9999.000 -9999.000 -9999.000 -9999.000 -9999.000 -9999.000 -9999.000 -9999.000 -9999.000 -9999.000 -9999.000 -9999.000 -9999.000 -9999.000 -9999.000 -9999.000 -9999.000 -9999.000 -9999.000 -9999.000 -9999.000 -9999.000 -9999.000 -9999.000 -9999.000 -9999.000 -9999.000 -9999.000 -9999.000 -9999.000 -9999.000 -9999.000 -9999.000 -9999.000 -9999.000 -9999.000 -9999.000 -9999.000 -9999.000 -9999.000 -9999.000 -9999.000 -9999.000 -9999.000 -9999.000 -9999.000 -9999.000 -9999.000 -9999.000 -9999.000 -9999.000 -9999.000 -9999.000 -9999.000 -9999.000 -9999.000 -9999.000 -9999.000 -9999.000 -9999.000 -9999.000 -9999.000 -9999.000 -9999.000 -9999.000 -9999.000 -9999.000 -9999.000 -9999.000 -9999.000 -9999.000 -9999.000 -9999.000 -9999.000 -9999.000 -9999.000 -9999.000
-9999.000 -9999.000 -9999.000 -9999.000 -9999.000 -9999.000 -9999.000 -9999.000 -9999.000 -9999.000 -9999.000 -9999.000 -9999.000 -9999.000 -9999.000 -9999.000 -9999.000 -9999.000 -9999.000 -9999.000 -9999.000 -9999.000 -9999.000 -9999.000 -9999.000 -9999.000 -9999.000 -9999.000 -9999.000 -9999.000 -9999.000 -9999.000 -9999.000 -9999.000 -9999.000 -9999.000 -9999.000 -9999.000 -9999.000 -9999.000 -9999.000 -9999.000 -9999.000 -9999.000 -9999.000 -9999.000 -9999.000 -9999.000 -9999.000 -9999.000 -9999.000 -9999.000 -9999.000 -9999.000 -9999.000 -9999.000 -9999.000 -9999.000 -9999.000 -9999.000 -9999.000 -9999.000 -9999.000 -9999.000 -9999.000 -9999.000 -9999.000 -9999.000 -9999.000 -9999.000 -9999.000 -9999.000 -9999.000 -9999.000 -9999.000 -9999.000 -9999.000 -9999.000 -9999.000 -9999.000 -9999.000 -9999.000 -9999.000 -9999.000 -9999.000 -9999.000 -9999.000 -9999.000 -9999.000 -9999.000 -9999.000 -9999.000 -9999.000 -9999.000 -9999.000 -9999.000 -9999.000 -9999.000 -9999.000 -9999.000 -9999.000 -9999.000 -9999.000 -9999.000
-9999.000 -9999.000 -341.143 -350.820 -340.401 -324.229 -314.665 -312.459 -314.309 -318.771 -328.809 -363.603 -389.782 -412.850 -428.877 -424.023 -418.716 -413.831 -407.718 -401.891 -396.076 -390.104 -384.097 -378.284 -372.852 -238.985 2.463 259.977 539.219 839.609 786.068 723.199 648.901 562.665 464.525 354.813 233.900 101.438 -42.328 -174.873 -250.213 -290.607 -611.256 -1425.806 -3288.306 -3440.273 -3440.594 -3440.594 -3440.594 -3440.594 -3440.594 -3440.594 -3440.594 -3440.594 -3440.594 -3440.594 -3440.594 -3440.594 -3440.555 -3412.968 -1878.228 -700.966 -360.128 -355.360 -355.668 -355.699 -355.698 -355.694 -355.690 -355.685 -355.681 -355.677 -355.673 -355.669 -355.665 -355.661 -355.657 -355.652 -355.648 -355.644 -355.640 -355.636 -355.632 -355.628 -355.624 -355.619 -355.615 -355.611 -355.607 -355.603 -355.599 -355.595 -355.591 -355.586 -355.582 -355.578 -355.574 -355.573 -355.599 -355.858 -357.868 -371.086 -9999.000 -9999.000
-9999.000 -9999.000 -341.143 -350.820 -340.401 -324.229 -314.665 -312.459 -314.309 -318.771 -328.809 -363.603 -389.782 -412.850 -428.877 -424.023 -418.716 -413.831 -407.718 -401.891 -396.076 -390.104 -384.097 -378.284 -372.852 -238.985 2.463 259.977 539.219 839.609 786.068 723.199 648.901 562.665 464.525 354.813 233.900 101.438 -42.328 -174.873 -250.213 -290.607 -611.256 -1425.806 -3288.306 -3440.273 -3440.594 -3440.594 -3440.594 -3440.594 -3440.594 -3440.594 -3440.594 -3440.594 -3440.594 -3440.594 -3440.594 -3440.594 -3440.555 -3412.968 -1878.228 -700.966 -360.128 -355.360 -355.668 -355.699 -355.698 -355.694 -355.690 -355.685 -355.681 -355.677 -355.673 -355.669 -355.665 -355.661 -355.657 -355.652 -355.648 -355.644 -355.640 -355.636 -355.632 -355.628 -355.624 -355.619 -355.615 -355.611 -355.607 -355.603 -355.599 -355.595 -355.591 -355.586 -355.582 -355.578 -355.574 -355.573 -355.599 -355.858 -357.868 -371.086 -9999.000 -9999.000
-9999.000 -9999.000 -341.143 -350.820 -340.401 -324.229 -314.665 -312.459 -314.309 -318.771 -328.809 -363.603 -389.782 -412.850 -428.877 -424.023 -418.716 -413.831 -407.718 -401.891 -396.076 -390.104 -384.097 -378.284 -372.852 -238.985 2.463 259.977 539.219 839.609 786.068 723.199 648.901 562.665 464.525 354.813 233.900 101.438 -42.328 -174.873 -250.213 -290.607 -611.256 -1425.806 -3288.306 -3440.273 -3440.594 -3440.594 -3440.594 -3440.594 -3440.594 -3440.594 -3440.594 -3440.594 -3440.594 -3440.594 -3440.594 -3440.594 -3440.555 -3412.968 -1878.228 -700.966 -360.128 -355.360 -355.668 -355.699 -355.698 -355.694 -355.690 -355.685 -355.681 -355.677 -355.673 -355.669 -355.665 -355.661 -355.657 -355.652 -355.648 -355.644 -355.640 -355.636 -355.632 -355.628 -355.624 -355.619 -355.615 -355.611 -355.607 -355.603 -355.599 -355.595 -355.591 -355.586 -355.582 -355.578 -355.574 -355.573 -355.599 -355.858 -357.868 -371.086 -9999.000 -9999.000
-9999.000 -9999.000 -341.143 -350.820 -340.401 -324.229 -314.665 -312.459 -314.309 -318.771 -328.809 -363.603 -389.782 -412.850 -428.877 -424.023 -418.716 -413.831 -407.718 -401.891 -396.076 -390.104 -384.097 -378.284 -372.852 -238.985 2.463 259.977 539.219 839.609 786.068 723.199 648.901 562.665 464.525 354.813 233.900 101.438 -42.328 -174.873 -250.213 -290.607 -611.256 -1425.806 -3288.306 -3440.273 -3440.594 -3440.594 -3440.594 -3440.594 -3440.594 -3440.594 -3440.594 -3440.594 -3440.594 -3440.594 -3440.594 -3440.594 -3440.555 -3412.968 -1878.228 -700.966 -360.128 -355.360 -355.668 -355.699 -355.698 -355.694 -355.690 -355.685 -355.681 -355.677 -355.673 -355.669 -355.665 -355.661 -355.657 -355.652 -355.648 -355.644 -355.640 -355.636 -355.632 -355.628 -355.624 -355.619 -355.615 -355.611 -355.607 -355.603 -355.599 -355.595 -355.591 -355.586 -355.582 -355.578 -355.574 -355.573 -355.599 -355.858 -357.868 -371.086 -9999.000 -9999.000
-9999.000 -9999.000 -341.143 -350.820 -340.401 -324.229 -314.665 -312.459 -314.309 -318.771 -328.809 -363.603 -389.782 -412.850 -428.877 -424.023 -418.716 -413.831 -407.718 -401.891 -396.076 -390.104 -384.097 -378.284 -372.852 -238.985 2.463 259.977 539.219 839.609 786.068 723.199 648.901 562.665 464.525 354.813 233.900 101.438 -42.328 -174.873 -250.213 -290.607 -611.256 -1425.806 -3288.306 -3440.273 -3440.594 -3440.594 -3440.594 -3440.594 -3440.594 -3440.594 -3440.594 -3440.594 -3440.594 -3440.594 -3440.594 -3440.594 -3440.555 -3412.968 -1878.228 -700.966 -360.128 -355.360 -355.668 -355.699 -355.698 -355.694 -355.690 -355.685 -355.681 -355.677 -355.673 -355.669 -355.665 -355.661 -355.657 -355.652 -355.648 -355.644 -355.640 -355.636 -355.632 -355.628 -355.624 -355.619 -355.615 -355.611 -355.607 -355.603 -355.599 -355.595 -355.591 -355.586 -355.582 -355.578 -355.574 -355.573 -355.599 -355.858 -357.868 -371.086 -9999.000 -9999.000
-9999.000 -9999.000 -341.143 -350.820 -340.401 -324.229 -314.665 -312.459 -314.309 -318.771 -328.809 -363.603 -389.782 -412.850 -428.877 -424.023 -418.716 -413.831 -407.718 -401.891 -396.076 -390.104 -384.097 -378.284 -372.852 -238.985 2.463 259.977 539.219 839.609 786.068 723.199 648.901 562.665 464.525 354.813 233.900 101.438 -42.328 -174.873 -250.213 -290.607 -611.256 -1425.806 -3288.306 -3440.273 -3440.594 -3440.594 -3440.594 -3440.594 -3440.594 -3440.594 -3440.594 -3440.594 -3440.594 -3440.594 -3440.594 -3440.594 -3440.555 -3412.968 -1878.228 -700.966 -360.128 -355.360 -355.668 -355.699 -355.698 -355.694 -355.690 -355.685 -355.681 -355.677 -355.673 -355.669 -355.665 -355.661 -355.657 -355.652 -355.648 -355.644 -355.640 -355.636 -355.632 -355.628 -355.624 -355.619 -355.615 -355.611 -355.607 -355.603 -355.599 -355.595 -355.591 -355.586 -355.582 -355.578 -355.574 -355.573 -355.599 -355.858 -357.868 -371.086 -9999.000 -9999.000
-9999.000 -9999.000 -9999.000 -9999.000 -9999.000 -9999.000 -9999.000 -9999.000 -9999.000 -9999.000 -9999.000 -9999.000 -9999.000 -9999.000 -9999.000 -9999.000 -9999.000 -9999.000 -9999.000 -9999.000 -9999.000 -9999.000 -9999.000 -9999.000 -9999.000 -9999.000 -9999.000 -9999.000 -9999.000 -9999.000 -9999.000 -9999.000 -9999.000 -9999.000 -9999.000 -9999.000 -9999.000 -9999.000 -9999.000 -9999.000 -9999.000 -9999.000 -9999.000 -9999.000 -9999.000 -9999.000 -9999.000 -9999.000 -9999.000 -9999.000 -9999.000 -9999.000 -9999.000 -9999.000 -9999.000 -9999.000 -9999.000 -9999.000 -9999.000 -9999.000 -9999.000 -9999.000 -9999.000 -9999.000 -9999.000 -9999.000 -9999.000 -9999.000 -9999.000 -9999.000 -9999.000 -9999.000 -9999.000 -9999.000 -9999.000 -9999.000 -9999.000 -9999.000 -9999.000 -9999.000 -9999.000 -9999.000 -9999.000 -9999.000 -9999.000 -9999.000 -9999.000 -9999.000 -9999.000 -9999.000 -9999.000 -9999.000 -9999.000 -9999.000 -9999.000 -9999.000 -9999.000 -9999.000 -9999.000 -9999.000 -9999.000 -9999.000 -9999.000 -9999.000
-9999.000 -9999.000 -9999.000 -9999.000 -9999.000 -9999.000 -9999.000 -9999.000 -9999.000 -9999.000 -9999.000 -9999.000 -9999.000 -9999.000 -9999.000 -9999.000 -9999.000 -9999.000 -9999.000 -9999.000 -9999.000 -9999.000 -9999.000 -9999.000 -9999.000 -9999.000 -9999.000 -9999.000 -9999.000 -9999.000 -9999.000 -9999.000 -9999.000 -9999.000 -9999.000 -9999.000 -9999.000 -9999.000 -9999.000 -9999.000 -9999.000 -9999.000 -9999.000 -9999.000 -9999.000 -9999.000 -9999.000 -9999.000 -9999.000 -9999.000 -9999.000 -9999.000 -9999.000 -9999.000 -9999.000 -9999.000 -9999.000 -9999.000 -9999.000 -9999.000 -9999.000 -9999.000 -9999.000 -9999.000 -9999.000 -9999.000 -9999.000 -9999.000 -9999.000 -9999.000 -9999.000 -9999.000 -9999.000 -9999.000 -9999.000 -9999.000 -9999.000 -9999.000 -9999.000 -9999.000 -9999.000 -9999.000 -9999.000 -9999.000 -9999.000 -9999.000 -9999.000 -9999.000 -9999.000 -9999.000 -9999.000 -9999.000 -9999.000 -9999.000 -9999.000 -9999.000 -9999.000 -9999.000 -9999.000 -9999.000 -9999.000 -9999.000 -9999.000 -9999.000