examples/3D/hillslope02_superslab/output-maps-METEOIO-OFF/psiliqL0061N0002.asc
ncols         104
nrows         10
xllcorner     -2.000000
yllcorner     0.000000
cellsize      1.000000
NODATA_value  -9999.0
-9999.000 -9999.000 -9999.000 -9999.000 -9999.000 -9999.000 -9999.000 -9999.000 -9999.000 -9999.000 -9999.000 -9999.000 -9999.000 -9999.000 -9999.000 -9999.000 -9999.000 -9999.000 -9999.000 -9999.000 -9999.000 -9999.000 -9999.000 -9999.000 -9999.000 -9999.000 -9999.000 -9999.000 -9999.000 -9999.000 -9999.000 -9999.000 -9999.000 -9999.000 -9999.000 -9999.000 -9999.000 -9999.000 -9999.000 -9999.000 -9999.000 -9999.000 -9999.000 -9999.000 -9999.000 -9999.000 -9999.000 -9999.000 -9999.000 -9999.000 -9999.000 -9999.000 -9999.000 -9999.000 -9999.000 -9999.000 -9999.000 -9999.000 -9999.000 -9999.000 -9999.000 -9999.000 -9999.000 -9999.000 -9999.000 -9999.000 -9999.000 -9999.000 -9999.000 -9999.000 -9999.000 -9999.000 -9999.000 -9999.000 -9999.000 -9999.000 -9999.000 -9999.000 -9999.000 -9999.000 -9999.000 -9999.000 -9999.000 -9999.000 -9999.000 -9999.000 -9999.000 -9999.000 -9999.000 -9999.000 -9999.000 -9999.000 -9999.000 -9999.000 -9999.000 -9999.000 -9999.000 -9999.000 -9999.000 -9999.000 -9999.000 -9999.000 -9999.000 -9999.000
-9999.000 -9999.000 -9999.000 -9999.000 -9999.000 -9999.000 -9999.000 -9999.000 -9999.000 -9999.000 -9999.000 -9999.000 -9999.000 -9999.000 -9999.000 -9999.000 -9999.000 -9999.000 -9999.000 -9999.000 -9999.000 -9999.000 -9999.000 -9999.000 -9999.000 -9999.000 -9999.000 -9999.000 -9999.000 -9999.000 -9999.000 -9999.000 -9999.000 -9999.000 -9999.000 -9999.000 -9999.000 -9999.000 -9999.000 -9999.000 -9999.000 -9999.000 -9999.000 -9999.000 -9999.000 -9999.000 -9999.000 -9999.000 -9999.000 -9999.000 -9999.000 -9999.000 -9999.000 -9999.000 -9999.000 -9999.000 -9999.000 -9999.000 -9999.000 -9999.000 -9999.000 -9999.000 -9999.000 -9999.000 -9999.000 -9999.000 -9999.000 -9999.000 -9999.000 -9999.000 -9999.000 -9999.000 -9999.000 -9999.000 -9999.000 -9999.000 -9999.000 -9999.000 -9999.000 -9999.000 -9999.000 -9999.000 -9999.000 -9999.000 -9999.000 -9999.000 -9999.000 -9999.000 -9999.000 -9999.000 -9999.000 -9999.000 -9999.000 -9999.000 -9999.000 -9999.000 -9999.000 -9999.000 -9999.000 -9999.000 -9999.000 -9999.000 -9999.000 -9999.000
-9999.000 -9999.000 1513.394 1412.300 1310.199 1206.910 1102.333 996.510 889.552 781.655 673.235 565.505 460.966 361.020 266.894 179.292 98.237 23.528 -44.924 -107.846 -164.939 -212.873 -249.924 -276.667 -295.105 -307.479 -315.628 -320.880 -324.188 -326.243 -327.579 -328.592 -329.534 -330.547 -331.727 -333.139 -334.843 -336.911 -339.442 -342.557 -188.241 70.364 287.837 465.441 604.398 415.823 227.978 40.328 -142.547 -326.446 -549.876 -947.771 -1838.998 -1954.750 -1955.428 -1955.416 -1955.382 -1955.264 -1949.512 -1625.771 -804.268 -502.679 -376.663 -355.911 -353.934 -353.370 -352.837 -352.313 -351.824 -351.398 -351.055 -350.811 -350.673 -350.641 -350.712 -350.875 -351.116 -351.419 -351.768 -352.148 -352.540 -352.931 -353.310 -353.666 -353.993 -354.286 -354.543 -354.764 -354.949 -355.101 -355.224 -355.320 -355.394 -355.448 -355.488 -355.516 -355.538 -355.579 -355.778 -356.872 -362.129 -384.051 -9999.000 -9999.000
-9999.000 -9999.000 1513.408 1412.308 1310.202 1206.911 1102.333 996.510 889.552 781.655 673.235 565.505 460.966 361.020 266.894 179.292 98.237 23.528 -44.924 -107.846 -164.939 -212.873 -249.924 -276.667 -295.105 -307.479 -315.628 -320.880 -324.188 -326.243 -327.579 -328.592 -329.534 -330.547 -331.727 -333.139 -334.843 -336.911 -339.442 -342.557 -188.241 70.364 287.837 465.441 604.398 415.823 227.978 40.328 -142.547 -326.446 -549.876 -947.771 -1838.998 -1954.750 -1955.428 -1955.416 -1955.382 -1955.264 -1949.512 -1625.771 -804.268 -502.679 -376.663 -355.911 -353.935 -353.370 -352.837 -352.313 -351.824 -351.398 -351.055 -350.811 -350.673 -350.641 -350.712 -350.875 -351.116 -351.419 -351.768 -352.148 -352.540 -352.931 -353.310 -353.666 -353.993 -354.286 -354.543 -354.764 -354.949 -355.101 -355.224 -355.320 -355.394 -355.448 -355.488 -355.516 -355.538 -355.579 -355.778 -356.872 -362.129 -384.051 -9999.000 -9999.000
-9999.000 -9999.000 1513.418 1412.315 1310.205 1206.912 1102.334 996.510 889.552 781.655 673.235 565.505 460.966 361.020 266.894 179.292 98.237 23.528 -44.924 -107.846 -164.939 -212.873 -249.924 -276.667 -295.105 -307.479 -315.628 -320.880 -324.188 -326.243 -327.579 -328.592 -329.534 -330.547 -331.727 -333.139 -334.843 -336.911 -339.442 -342.557 -188.241 70.364 287.837 465.441 604.398 415.823 227.978 40.328 -142.547 -326.446 -549.876 -947.771 -1838.998 -1954.750 -1955.428 -1955.416 -1955.382 -1955.264 -1949.512 -1625.771 -804.268 -502.679 -376.663 -355.911 -353.935 -353.370 -352.837 -352.313 -351.824 -351.398 -351.055 -350.811 -350.673 -350.641 -350.712 -350.875 -351.116 -351.419 -351.768 -352.148 -352.540 -352.931 -353.310 -353.666 -353.993 -354.286 -354.543 -354.764 -354.949 -355.101 -355.224 -355.320 -355.394 -355.448 -355.488 -355.516 -355.538 -355.579 -355.778 -356.872 -362.129 -384.051 -9999.000 -9999.000
-9999.000 -9999.000 1513.418 1412.315 1310.205 1206.912 1102.334 996.510 889.552 781.655 673.235 565.505 460.966 361.020 266.894 179.292 98.237 23.528 -44.924 -107.846 -164.939 -212.873 -249.924 -276.667 -295.105 -307.479 -315.628 -320.880 -324.188 -326.243 -327.579 -328.592 -329.534 -330.547 -331.727 -333.139 -334.843 -336.911 -339.442 -342.557 -188.241 70.364 287.837 465.441 604.398 415.823 227.978 40.328 -142.547 -326.446 -549.876 -947.771 -1838.998 -1954.750 -1955.428 -1955.416 -1955.382 -1955.264 -1949.512 -1625.771 -804.268 -502.679 -376.663 -355.911 -353.935 -353.370 -352.837 -352.313 -351.824 -351.398 -351.055 -350.811 -350.673 -350.641 -350.712 -350.875 -351.116 -351.419 -351.768 -352.148 -352.540 -352.931 -353.310 -353.666 -353.993 -354.286 -354.543 -354.764 -354.949 -355.101 -355.224 -355.320 -355.394 -355.448 -355.488 -355.516 -355.538 -355.579 -355.778 -356.872 -362.129 -384.051 -9999.000 -9999.000
-9999.000 -9999.000 1513.408 1412.308 1310.202 1206.911 1102.333 996.510 889.552 781.655 673.235 565.505 460.966 361.020 266.894 179.292 98.237 23.528 -44.924 -107.846 -164.939 -212.873 -249.924 -276.667 -295.105 -307.479 -315.628 -320.880 -324.188 -326.243 -327.579 -328.592 -329.534 -330.547 -331.727 -333.139 -334.843 -336.911 -339.442 -342.557 -188.241 70.364 287.837 465.441 604.398 415.823 227.978 40.328 -142.547 -326.446 -549.876 -947.771 -1838.998 -1954.750 -1955.428 -1955.416 -1955.382 -1955.264 -1949.512 -1625.771 -804.268 -502.679 -376.663 -355.911 -353.935 -353.370 -352.837 -352.313 -351.824 -351.398 -351.055 -350.811 -350.673 -350.641 -350.712 -350.875 -351.116 -351.419 -351.768 -352.148 -352.540 -352.931 -353.310 -353.666 -353.993 -354.286 -354.543 -354.764 -354.949 -355.101 -355.224 -355.320 -355.394 -355.448 -355.488 -355.516 -355.538 -355.579 -355.778 -356.872 -362.129 -384.051 -9999.000 -9999.000
-9999.000 -9999.000 1513.394 1412.300 1310.199 1206.910 1102.333 996.510 889.552 781.655 673.235 565.505 460.966 361.020 266.894 179.292 98.237 23.528 -44.924 -107.846 -164.939 -212.873 -249.924 -276.667 -295.105 -307.479 -315.628 -320.880 -324.188 -326.243 -327.579 -328.592 -329.534 -330.547 -331.727 -333.139 -334.843 -336.911 -339.442 -342.557 -188.241 70.364 287.837 465.441 604.398 415.823 227.978 40.328 -142.547 -326.446 -549.876 -947.771 -1838.998 -1954.750 -1955.428 -1955.416 -1955.382 -1955.264 -1949.512 -1625.771 -804.268 -502.679 -376.663 -355.911 -353.934 -353.370 -352.837 -352.313 -351.824 -351.398 -351.055 -350.811 -350.673 -350.641 -350.712 -350.875 -351.116 -351.419 -351.768 -352.148 -352.540 -352.931 -353.310 -353.666 -353.993 -354.286 -354.543 -354.764 -354.949 -355.101 -355.224 -355.320 -355.394 -355.448 -355.488 -355.516 -355.538 -355.579 -355.778 -356.872 -362.129 -384.051 -9999.000 -9999.000
-9999.000 -9999.000 -9999.000 -9999.000 -9999.000 -9999.000 -9999.000 -9999.000 -9999.000 -9999.000 -9999.000 -9999.000 -9999.000 -9999.000 -9999.000 -9999.000 -9999.000 -9999.000 -9999.000 -9999.000 -9999.000 -9999.000 -9999.000 -9999.000 -9999.000 -9999.000 -9999.000 -9999.000 -9999.000 -9999.000 -9999.000 -9999.000 -9999.000 -9999.000 -9999.000 -9999.000 -9999.000 -9999.000 -9999.000 -9999.000 -9999.000 -9999.000 -9999.000 -9999.000 -9999.000 -9999.000 -9999.000 -9999.000 -9999.000 -9999.000 -9999.000 -9999.000 -9999.000 -9999.000 -9999.000 -9999.000 -9999.000 -9999.000 -9999.000 -9999.000 -9999.000 -9999.000 -9999.000 -9999.000 -9999.000 -9999.000 -9999.000 -9999.000 -9999.000 -9999.000 -9999.000 -9999.000 -9999.000 -9999.000 -9999.000 -9999.000 -9999.000 -9999.000 -9999.000 -9999.000 -9999.000 -9999.000 -9999.000 -9999.000 -9999.000 -9999.000 -9999.000 -9999.000 -9999.000 -9999.000 -9999.000 -9999.000 -9999.000 -9999.000 -9999.000 -9999.000 -9999.000 -9999.000 -9999.000 -9999.000 -9999.000 -9999.000 -9999.000 -9999.000
-9999.000 -9999.000 -9999.000 -9999.000 -9999.000 -9999.000 -9999.000 -9999.000 -9999.000 -9999.000 -9999.000 -9999.000 -9999.000 -9999.000 -9999.000 -9999.000 -9999.000 -9999.000 -9999.000 -9999.000 -9999.000 -9999.000 -9999.000 -9999.000 -9999.000 -9999.000 -9999.000 -9999.000 -9999.000 -9999.000 -9999.000 -9999.000 -9999.000 -9999.000 -9999.000 -9999.000 -9999.000 -9999.000 -9999.000 -9999.000 -9999.000 -9999.000 -9999.000 -9999.000 -9999.000 -9999.000 -9999.000 -9999.000 -9999.000 -9999.000 -9999.000 -9999.000 -9999.000 -9999.000 -9999.000 -9999.000 -9999.000 -9999.000 -9999.000 -9999.000 -9999.000 -9999.000 -9999.000 -9999.000 -9999.000 -9999.000 -9999.000 -9999.000 -9999.000 -9999.000 -9999.000 -9999.000 -9999.000 -9999.000 -9999.000 -9999.000 -9999.000 -9999.000 -9999.000 -9999.000 -9999.000 -9999.000 -9999.000 -9999.000 -9999.000 -9999.000 -9999.000 -9999.000 -9999.000 -9999.000 -9999.000 -9999.000 -9999.000 -9999.000 -9999.000 -9999.000 -9999.000 -9999.000 -9999.000 -9999.000 -9999.000 -9999.000 -9999.000 -9999.000