examples/3D/hillslope02_superslab/output-maps-METEOIO-OFF/psiliqL0071N0002.asc
ncols         104
nrows         10
xllcorner     -2.000000
yllcorner     0.000000
cellsize      1.000000
NODATA_value  -9999.0
-9999.000 -9999.000 -9999.000 -9999.000 -9999.000 -9999.000 -9999.000 -9999.000 -9999.000 -9999.000 -9999.000 -9999.000 -9999.000 -9999.000 -9999.000 -9999.000 -9999.000 -9999.000 -9999.000 -9999.000 -9999.000 -9999.000 -9999.000 -9999.000 -9999.000 -9999.000 -9999.000 -9999.000 -9999.000 -9999.000 -9999.000 -9999.000 -9999.000 -9999.000 -9999.000 -9999.000 -9999.000 -9999.000 -9999.000 -9999.000 -9999.000 -9999.000 -9999.000 -9999.000 -9999.000 -9999.000 -9999.000 -9999.000 -9999.000 -9999.000 -9999.000 -9999.000 -9999.000 -9999.000 -9999.000 -9999.000 -9999.000 -9999.000 -9999.000 -9999.000 -9999.000 -9999.000 -9999.000 -9999.000 -9999.000 -9999.000 -9999.000 -9999.000 -9999.000 -9999.000 -9999.000 -9999.000 -9999.000 -9999.000 -9999.000 -9999.000 -9999.000 -9999.000 -9999.000 -9999.000 -9999.000 -9999.000 -9999.000 -9999.000 -9999.000 -9999.000 -9999.000 -9999.000 -9999.000 -9999.000 -9999.000 -9999.000 -9999.000 -9999.000 -9999.000 -9999.000 -9999.000 -9999.000 -9999.000 -9999.000 -9999.000 -9999.000 -9999.000 -9999.000
-9999.000 -9999.000 -9999.000 -9999.000 -9999.000 -9999.000 -9999.000 -9999.000 -9999.000 -9999.000 -9999.000 -9999.000 -9999.000 -9999.000 -9999.000 -9999.000 -9999.000 -9999.000 -9999.000 -9999.000 -9999.000 -9999.000 -9999.000 -9999.000 -9999.000 -9999.000 -9999.000 -9999.000 -9999.000 -9999.000 -9999.000 -9999.000 -9999.000 -9999.000 -9999.000 -9999.000 -9999.000 -9999.000 -9999.000 -9999.000 -9999.000 -9999.000 -9999.000 -9999.000 -9999.000 -9999.000 -9999.000 -9999.000 -9999.000 -9999.000 -9999.000 -9999.000 -9999.000 -9999.000 -9999.000 -9999.000 -9999.000 -9999.000 -9999.000 -9999.000 -9999.000 -9999.000 -9999.000 -9999.000 -9999.000 -9999.000 -9999.000 -9999.000 -9999.000 -9999.000 -9999.000 -9999.000 -9999.000 -9999.000 -9999.000 -9999.000 -9999.000 -9999.000 -9999.000 -9999.000 -9999.000 -9999.000 -9999.000 -9999.000 -9999.000 -9999.000 -9999.000 -9999.000 -9999.000 -9999.000 -9999.000 -9999.000 -9999.000 -9999.000 -9999.000 -9999.000 -9999.000 -9999.000 -9999.000 -9999.000 -9999.000 -9999.000 -9999.000 -9999.000
-9999.000 -9999.000 2007.519 1906.431 1804.281 1700.976 1596.464 1490.805 1384.155 1276.815 1169.364 1062.995 959.589 860.545 766.985 679.583 598.506 523.663 454.898 391.853 334.185 281.403 233.075 188.722 147.786 109.522 73.606 39.481 6.276 -26.186 -58.309 -90.611 -122.764 -154.547 -185.536 -214.905 -241.782 -265.584 -286.075 -303.423 -318.140 -330.907 -342.264 -352.381 -361.587 -252.463 -84.142 38.089 119.175 150.991 -43.509 -242.196 -576.414 -1278.129 -1343.209 -1255.534 -1126.875 -976.113 -826.999 -682.001 -521.776 -394.977 -314.532 -282.983 -262.203 -242.975 -225.449 -209.880 -196.677 -186.252 -178.429 -173.103 -170.215 -169.655 -171.298 -175.025 -180.727 -188.169 -197.116 -207.468 -219.115 -231.585 -244.653 -258.112 -271.393 -284.358 -296.501 -307.654 -317.579 -326.130 -333.305 -339.156 -343.780 -347.328 -349.972 -351.885 -353.232 -354.187 -355.069 -356.917 -363.548 -387.969 -9999.000 -9999.000
-9999.000 -9999.000 2007.527 1906.436 1804.283 1700.977 1596.465 1490.805 1384.155 1276.815 1169.364 1062.995 959.589 860.545 766.985 679.583 598.506 523.663 454.898 391.853 334.185 281.403 233.075 188.722 147.786 109.522 73.606 39.481 6.276 -26.186 -58.309 -90.611 -122.764 -154.547 -185.536 -214.905 -241.782 -265.584 -286.075 -303.423 -318.140 -330.907 -342.264 -352.381 -361.587 -252.463 -84.142 38.089 119.175 150.991 -43.509 -242.196 -576.414 -1278.129 -1343.209 -1255.534 -1126.875 -976.113 -826.999 -682.001 -521.776 -394.977 -314.532 -282.983 -262.203 -242.975 -225.449 -209.880 -196.677 -186.252 -178.429 -173.103 -170.215 -169.655 -171.298 -175.025 -180.727 -188.169 -197.116 -207.468 -219.115 -231.585 -244.653 -258.112 -271.393 -284.358 -296.501 -307.654 -317.579 -326.130 -333.305 -339.156 -343.780 -347.328 -349.972 -351.885 -353.232 -354.187 -355.069 -356.917 -363.548 -387.969 -9999.000 -9999.000
-9999.000 -9999.000 2007.533 1906.440 1804.286 1700.978 1596.465 1490.805 1384.156 1276.815 1169.364 1062.995 959.589 860.545 766.985 679.583 598.506 523.663 454.898 391.853 334.185 281.403 233.075 188.722 147.786 109.522 73.606 39.481 6.276 -26.186 -58.309 -90.611 -122.764 -154.547 -185.536 -214.905 -241.782 -265.584 -286.075 -303.423 -318.140 -330.907 -342.264 -352.381 -361.587 -252.463 -84.142 38.089 119.175 150.991 -43.509 -242.196 -576.414 -1278.129 -1343.209 -1255.534 -1126.875 -976.113 -826.999 -682.001 -521.776 -394.977 -314.532 -282.983 -262.203 -242.975 -225.449 -209.880 -196.677 -186.252 -178.429 -173.103 -170.215 -169.655 -171.298 -175.025 -180.727 -188.169 -197.116 -207.468 -219.115 -231.585 -244.653 -258.112 -271.393 -284.358 -296.501 -307.654 -317.579 -326.130 -333.305 -339.156 -343.780 -347.328 -349.972 -351.885 -353.232 -354.187 -355.069 -356.917 -363.548 -387.969 -9999.000 -9999.000
-9999.000 -9999.000 2007.533 1906.440 1804.286 1700.978 1596.465 1490.805 1384.156 1276.815 1169.364 1062.995 959.589 860.545 766.985 679.583 598.506 523.663 454.898 391.853 334.185 281.403 233.075 188.722 147.786 109.522 73.606 39.481 6.276 -26.186 -58.309 -90.611 -122.764 -154.547 -185.536 -214.905 -241.782 -265.584 -286.075 -303.423 -318.140 -330.907 -342.264 -352.381 -361.587 -252.463 -84.142 38.089 119.175 150.991 -43.509 -242.196 -576.414 -1278.129 -1343.209 -1255.534 -1126.875 -976.113 -826.999 -682.001 -521.776 -394.977 -314.532 -282.983 -262.203 -242.975 -225.449 -209.880 -196.677 -186.252 -178.429 -173.103 -170.215 -169.655 -171.298 -175.025 -180.727 -188.169 -197.116 -207.468 -219.115 -231.585 -244.653 -258.112 -271.393 -284.358 -296.501 -307.654 -317.579 -326.130 -333.305 -339.156 -343.780 -347.328 -349.972 -351.885 -353.232 -354.187 -355.069 -356.917 -363.548 -387.969 -9999.000 -9999.000
-9999.000 -9999.000 2007.527 1906.436 1804.283 1700.977 1596.465 1490.805 1384.155 1276.815 1169.364 1062.995 959.589 860.545 766.985 679.583 598.506 523.663 454.898 391.853 334.185 281.403 233.075 188.722 147.786 109.522 73.606 39.481 6.276 -26.186 -58.309 -90.611 -122.764 -154.547 -185.536 -214.905 -241.782 -265.584 -286.075 -303.423 -318.140 -330.907 -342.264 -352.381 -361.587 -252.463 -84.142 38.089 119.175 150.991 -43.509 -242.196 -576.414 -1278.129 -1343.209 -1255.534 -1126.875 -976.113 -826.999 -682.001 -521.776 -394.977 -314.532 -282.983 -262.203 -242.975 -225.449 -209.880 -196.677 -186.252 -178.429 -173.103 -170.215 -169.655 -171.298 -175.025 -180.727 -188.169 -197.116 -207.468 -219.115 -231.585 -244.653 -258.112 -271.393 -284.358 -296.501 -307.654 -317.579 -326.130 -333.305 -339.156 -343.780 -347.328 -349.972 -351.885 -353.232 -354.187 -355.069 -356.917 -363.548 -387.969 -9999.000 -9999.000
-9999.000 -9999.000 2007.519 1906.431 1804.281 1700.976 1596.464 1490.805 1384.155 1276.815 1169.364 1062.995 959.589 860.545 766.985 679.583 598.506 523.663 454.898 391.853 334.185 281.403 233.075 188.722 147.786 109.522 73.606 39.481 6.276 -26.186 -58.309 -90.611 -122.764 -154.547 -185.536 -214.905 -241.782 -265.584 -286.075 -303.423 -318.140 -330.907 -342.264 -352.381 -361.587 -252.463 -84.142 38.089 119.175 150.991 -43.509 -242.196 -576.414 -1278.129 -1343.209 -1255.534 -1126.875 -976.113 -826.999 -682.001 -521.776 -394.977 -314.532 -282.983 -262.203 -242.975 -225.449 -209.880 -196.677 -186.252 -178.429 -173.103 -170.215 -169.655 -171.298 -175.025 -180.727 -188.169 -197.116 -207.468 -219.115 -231.585 -244.653 -258.112 -271.393 -284.358 -296.501 -307.654 -317.579 -326.130 -333.305 -339.156 -343.780 -347.328 -349.972 -351.885 -353.232 -354.187 -355.069 -356.917 -363.548 -387.969 -9999.000 -9999.000
-9999.000 -9999.000 -9999.000 -9999.000 -9999.000 -9999.000 -9999.000 -9999.000 -9999.000 -9999.000 -9999.000 -9999.000 -9999.000 -9999.000 -9999.000 -9999.000 -9999.000 -9999.000 -9999.000 -9999.000 -9999.000 -9999.000 -9999.000 -9999.000 -9999.000 -9999.000 -9999.000 -9999.000 -9999.000 -9999.000 -9999.000 -9999.000 -9999.000 -9999.000 -9999.000 -9999.000 -9999.000 -9999.000 -9999.000 -9999.000 -9999.000 -9999.000 -9999.000 -9999.000 -9999.000 -9999.000 -9999.000 -9999.000 -9999.000 -9999.000 -9999.000 -9999.000 -9999.000 -9999.000 -9999.000 -9999.000 -9999.000 -9999.000 -9999.000 -9999.000 -9999.000 -9999.000 -9999.000 -9999.000 -9999.000 -9999.000 -9999.000 -9999.000 -9999.000 -9999.000 -9999.000 -9999.000 -9999.000 -9999.000 -9999.000 -9999.000 -9999.000 -9999.000 -9999.000 -9999.000 -9999.000 -9999.000 -9999.000 -9999.000 -9999.000 -9999.000 -9999.000 -9999.000 -9999.000 -9999.000 -9999.000 -9999.000 -9999.000 -9999.000 -9999.000 -9999.000 -9999.000 -9999.000 -9999.000 -9999.000 -9999.000 -9999.000 -9999.000 -9999.000
-9999.000 -9999.000 -9999.000 -9999.000 -9999.000 -9999.000 -9999.000 -9999.000 -9999.000 -9999.000 -9999.000 -9999.000 -9999.000 -9999.000 -9999.000 -9999.000 -9999.000 -9999.000 -9999.000 -9999.000 -9999.000 -9999.000 -9999.000 -9999.000 -9999.000 -9999.000 -9999.000 -9999.000 -9999.000 -9999.000 -9999.000 -9999.000 -9999.000 -9999.000 -9999.000 -9999.000 -9999.000 -9999.000 -9999.000 -9999.000 -9999.000 -9999.000 -9999.000 -9999.000 -9999.000 -9999.000 -9999.000 -9999.000 -9999.000 -9999.000 -9999.000 -9999.000 -9999.000 -9999.000 -9999.000 -9999.000 -9999.000 -9999.000 -9999.000 -9999.000 -9999.000 -9999.000 -9999.000 -9999.000 -9999.000 -9999.000 -9999.000 -9999.000 -9999.000 -9999.000 -9999.000 -9999.000 -9999.000 -9999.000 -9999.000 -9999.000 -9999.000 -9999.000 -9999.000 -9999.000 -9999.000 -9999.000 -9999.000 -9999.000 -9999.000 -9999.000 -9999.000 -9999.000 -9999.000 -9999.000 -9999.000 -9999.000 -9999.000 -9999.000 -9999.000 -9999.000 -9999.000 -9999.000 -9999.000 -9999.000 -9999.000 -9999.000 -9999.000 -9999.000