examples/3D/hillslope02_superslab/output-maps-METEOIO-OFF/psiliqL0019N0003.asc
ncols         104
nrows         10
xllcorner     -2.000000
yllcorner     0.000000
cellsize      1.000000
NODATA_value  -9999.0
-9999.000 -9999.000 -9999.000 -9999.000 -9999.000 -9999.000 -9999.000 -9999.000 -9999.000 -9999.000 -9999.000 -9999.000 -9999.000 -9999.000 -9999.000 -9999.000 -9999.000 -9999.000 -9999.000 -9999.000 -9999.000 -9999.000 -9999.000 -9999.000 -9999.000 -9999.000 -9999.000 -9999.000 -9999.000 -9999.000 -9999.000 -9999.000 -9999.000 -9999.000 -9999.000 -9999.000 -9999.000 -9999.000 -9999.000 -9999.000 -9999.000 -9999.000 -9999.000 -9999.000 -9999.000 -9999.000 -9999.000 -9999.000 -9999.000 -9999.000 -9999.000 -9999.000 -9999.000 -9999.000 -9999.000 -9999.000 -9999.000 -9999.000 -9999.000 -9999.000 -9999.000 -9999.000 -9999.000 -9999.000 -9999.000 -9999.000 -9999.000 -9999.000 -9999.000 -9999.000 -9999.000 -9999.000 -9999.000 -9999.000 -9999.000 -9999.000 -9999.000 -9999.000 -9999.000 -9999.000 -9999.000 -9999.000 -9999.000 -9999.000 -9999.000 -9999.000 -9999.000 -9999.000 -9999.000 -9999.000 -9999.000 -9999.000 -9999.000 -9999.000 -9999.000 -9999.000 -9999.000 -9999.000 -9999.000 -9999.000 -9999.000 -9999.000 -9999.000 -9999.000
-9999.000 -9999.000 -9999.000 -9999.000 -9999.000 -9999.000 -9999.000 -9999.000 -9999.000 -9999.000 -9999.000 -9999.000 -9999.000 -9999.000 -9999.000 -9999.000 -9999.000 -9999.000 -9999.000 -9999.000 -9999.000 -9999.000 -9999.000 -9999.000 -9999.000 -9999.000 -9999.000 -9999.000 -9999.000 -9999.000 -9999.000 -9999.000 -9999.000 -9999.000 -9999.000 -9999.000 -9999.000 -9999.000 -9999.000 -9999.000 -9999.000 -9999.000 -9999.000 -9999.000 -9999.000 -9999.000 -9999.000 -9999.000 -9999.000 -9999.000 -9999.000 -9999.000 -9999.000 -9999.000 -9999.000 -9999.000 -9999.000 -9999.000 -9999.000 -9999.000 -9999.000 -9999.000 -9999.000 -9999.000 -9999.000 -9999.000 -9999.000 -9999.000 -9999.000 -9999.000 -9999.000 -9999.000 -9999.000 -9999.000 -9999.000 -9999.000 -9999.000 -9999.000 -9999.000 -9999.000 -9999.000 -9999.000 -9999.000 -9999.000 -9999.000 -9999.000 -9999.000 -9999.000 -9999.000 -9999.000 -9999.000 -9999.000 -9999.000 -9999.000 -9999.000 -9999.000 -9999.000 -9999.000 -9999.000 -9999.000 -9999.000 -9999.000 -9999.000 -9999.000
-9999.000 -9999.000 951.902 869.577 785.675 699.559 612.436 525.122 438.140 351.876 266.809 183.329 101.454 21.504 -56.549 -133.206 -208.717 -282.282 -349.762 -377.980 -357.313 -320.817 -278.869 -242.170 -292.887 -348.620 -406.186 -463.071 -517.213 -567.092 -611.855 -651.259 -685.313 -713.980 -737.347 -755.711 -769.601 -779.657 -786.656 -791.706 -798.783 -841.740 -2389.916 -4032.815 -4034.653 -4034.653 -4034.653 -4034.653 -4034.653 -4034.653 -4034.653 -4034.653 -4034.653 -4034.653 -4034.653 -4034.653 -4034.653 -4034.653 -4034.653 -4034.653 -4032.557 -2369.391 -824.690 -803.872 -802.803 -802.765 -802.765 -802.765 -802.765 -802.765 -802.764 -802.764 -802.764 -802.764 -802.764 -802.764 -802.764 -802.764 -802.764 -802.764 -802.764 -802.764 -802.764 -802.764 -802.764 -802.764 -802.764 -802.764 -802.764 -802.763 -802.763 -802.763 -802.763 -802.763 -802.762 -802.762 -802.762 -802.766 -802.801 -803.072 -805.018 -817.895 -9999.000 -9999.000
-9999.000 -9999.000 951.923 869.585 785.678 699.560 612.436 525.123 438.140 351.876 266.809 183.329 101.454 21.504 -56.549 -133.206 -208.717 -282.282 -349.762 -377.980 -357.313 -320.817 -278.869 -242.170 -292.887 -348.620 -406.186 -463.071 -517.213 -567.092 -611.855 -651.259 -685.313 -713.980 -737.347 -755.711 -769.601 -779.657 -786.656 -791.706 -798.783 -841.740 -2389.916 -4032.815 -4034.653 -4034.653 -4034.653 -4034.653 -4034.653 -4034.653 -4034.653 -4034.653 -4034.653 -4034.653 -4034.653 -4034.653 -4034.653 -4034.653 -4034.653 -4034.653 -4032.557 -2369.391 -824.690 -803.872 -802.803 -802.765 -802.765 -802.765 -802.765 -802.765 -802.764 -802.764 -802.764 -802.764 -802.764 -802.764 -802.764 -802.764 -802.764 -802.764 -802.764 -802.764 -802.764 -802.764 -802.764 -802.764 -802.764 -802.764 -802.764 -802.763 -802.763 -802.763 -802.763 -802.763 -802.762 -802.762 -802.762 -802.766 -802.801 -803.072 -805.018 -817.895 -9999.000 -9999.000
-9999.000 -9999.000 951.934 869.591 785.680 699.561 612.436 525.123 438.140 351.876 266.809 183.329 101.454 21.504 -56.549 -133.206 -208.717 -282.282 -349.762 -377.980 -357.313 -320.817 -278.869 -242.170 -292.887 -348.620 -406.186 -463.071 -517.213 -567.092 -611.855 -651.259 -685.313 -713.980 -737.347 -755.711 -769.601 -779.657 -786.656 -791.706 -798.783 -841.740 -2389.916 -4032.815 -4034.653 -4034.653 -4034.653 -4034.653 -4034.653 -4034.653 -4034.653 -4034.653 -4034.653 -4034.653 -4034.653 -4034.653 -4034.653 -4034.653 -4034.653 -4034.653 -4032.557 -2369.391 -824.690 -803.872 -802.803 -802.765 -802.765 -802.765 -802.765 -802.765 -802.764 -802.764 -802.764 -802.764 -802.764 -802.764 -802.764 -802.764 -802.764 -802.764 -802.764 -802.764 -802.764 -802.764 -802.764 -802.764 -802.764 -802.764 -802.764 -802.763 -802.763 -802.763 -802.763 -802.763 -802.762 -802.762 -802.762 -802.766 -802.801 -803.072 -805.018 -817.895 -9999.000 -9999.000
-9999.000 -9999.000 951.934 869.591 785.680 699.561 612.436 525.123 438.140 351.876 266.809 183.329 101.454 21.504 -56.549 -133.206 -208.717 -282.282 -349.762 -377.980 -357.313 -320.817 -278.869 -242.170 -292.887 -348.620 -406.186 -463.071 -517.213 -567.092 -611.855 -651.259 -685.313 -713.980 -737.347 -755.711 -769.601 -779.657 -786.656 -791.706 -798.783 -841.740 -2389.916 -4032.815 -4034.653 -4034.653 -4034.653 -4034.653 -4034.653 -4034.653 -4034.653 -4034.653 -4034.653 -4034.653 -4034.653 -4034.653 -4034.653 -4034.653 -4034.653 -4034.653 -4032.557 -2369.391 -824.690 -803.872 -802.803 -802.765 -802.765 -802.765 -802.765 -802.765 -802.764 -802.764 -802.764 -802.764 -802.764 -802.764 -802.764 -802.764 -802.764 -802.764 -802.764 -802.764 -802.764 -802.764 -802.764 -802.764 -802.764 -802.764 -802.764 -802.763 -802.763 -802.763 -802.763 -802.763 -802.762 -802.762 -802.762 -802.766 -802.801 -803.072 -805.018 -817.895 -9999.000 -9999.000
-9999.000 -9999.000 951.923 869.585 785.678 699.560 612.436 525.123 438.140 351.876 266.809 183.329 101.454 21.504 -56.549 -133.206 -208.717 -282.282 -349.762 -377.980 -357.313 -320.817 -278.869 -242.170 -292.887 -348.620 -406.186 -463.071 -517.213 -567.092 -611.855 -651.259 -685.313 -713.980 -737.347 -755.711 -769.601 -779.657 -786.656 -791.706 -798.783 -841.740 -2389.916 -4032.815 -4034.653 -4034.653 -4034.653 -4034.653 -4034.653 -4034.653 -4034.653 -4034.653 -4034.653 -4034.653 -4034.653 -4034.653 -4034.653 -4034.653 -4034.653 -4034.653 -4032.557 -2369.391 -824.690 -803.872 -802.803 -802.765 -802.765 -802.765 -802.765 -802.765 -802.764 -802.764 -802.764 -802.764 -802.764 -802.764 -802.764 -802.764 -802.764 -802.764 -802.764 -802.764 -802.764 -802.764 -802.764 -802.764 -802.764 -802.764 -802.764 -802.763 -802.763 -802.763 -802.763 -802.763 -802.762 -802.762 -802.762 -802.766 -802.801 -803.072 -805.018 -817.895 -9999.000 -9999.000
-9999.000 -9999.000 951.902 869.577 785.675 699.559 612.436 525.122 438.140 351.876 266.809 183.329 101.454 21.504 -56.549 -133.206 -208.717 -282.282 -349.762 -377.980 -357.313 -320.817 -278.869 -242.170 -292.887 -348.620 -406.186 -463.071 -517.213 -567.092 -611.855 -651.259 -685.313 -713.980 -737.347 -755.711 -769.601 -779.657 -786.656 -791.706 -798.783 -841.740 -2389.916 -4032.815 -4034.653 -4034.653 -4034.653 -4034.653 -4034.653 -4034.653 -4034.653 -4034.653 -4034.653 -4034.653 -4034.653 -4034.653 -4034.653 -4034.653 -4034.653 -4034.653 -4032.557 -2369.391 -824.690 -803.872 -802.803 -802.765 -802.765 -802.765 -802.765 -802.765 -802.764 -802.764 -802.764 -802.764 -802.764 -802.764 -802.764 -802.764 -802.764 -802.764 -802.764 -802.764 -802.764 -802.764 -802.764 -802.764 -802.764 -802.764 -802.764 -802.763 -802.763 -802.763 -802.763 -802.763 -802.762 -802.762 -802.762 -802.766 -802.801 -803.072 -805.018 -817.895 -9999.000 -9999.000
-9999.000 -9999.000 -9999.000 -9999.000 -9999.000 -9999.000 -9999.000 -9999.000 -9999.000 -9999.000 -9999.000 -9999.000 -9999.000 -9999.000 -9999.000 -9999.000 -9999.000 -9999.000 -9999.000 -9999.000 -9999.000 -9999.000 -9999.000 -9999.000 -9999.000 -9999.000 -9999.000 -9999.000 -9999.000 -9999.000 -9999.000 -9999.000 -9999.000 -9999.000 -9999.000 -9999.000 -9999.000 -9999.000 -9999.000 -9999.000 -9999.000 -9999.000 -9999.000 -9999.000 -9999.000 -9999.000 -9999.000 -9999.000 -9999.000 -9999.000 -9999.000 -9999.000 -9999.000 -9999.000 -9999.000 -9999.000 -9999.000 -9999.000 -9999.000 -9999.000 -9999.000 -9999.000 -9999.000 -9999.000 -9999.000 -9999.000 -9999.000 -9999.000 -9999.000 -9999.000 -9999.000 -9999.000 -9999.000 -9999.000 -9999.000 -9999.000 -9999.000 -9999.000 -9999.000 -9999.000 -9999.000 -9999.000 -9999.000 -9999.000 -9999.000 -9999.000 -9999.000 -9999.000 -9999.000 -9999.000 -9999.000 -9999.000 -9999.000 -9999.000 -9999.000 -9999.000 -9999.000 -9999.000 -9999.000 -9999.000 -9999.000 -9999.000 -9999.000 -9999.000
-9999.000 -9999.000 -9999.000 -9999.000 -9999.000 -9999.000 -9999.000 -9999.000 -9999.000 -9999.000 -9999.000 -9999.000 -9999.000 -9999.000 -9999.000 -9999.000 -9999.000 -9999.000 -9999.000 -9999.000 -9999.000 -9999.000 -9999.000 -9999.000 -9999.000 -9999.000 -9999.000 -9999.000 -9999.000 -9999.000 -9999.000 -9999.000 -9999.000 -9999.000 -9999.000 -9999.000 -9999.000 -9999.000 -9999.000 -9999.000 -9999.000 -9999.000 -9999.000 -9999.000 -9999.000 -9999.000 -9999.000 -9999.000 -9999.000 -9999.000 -9999.000 -9999.000 -9999.000 -9999.000 -9999.000 -9999.000 -9999.000 -9999.000 -9999.000 -9999.000 -9999.000 -9999.000 -9999.000 -9999.000 -9999.000 -9999.000 -9999.000 -9999.000 -9999.000 -9999.000 -9999.000 -9999.000 -9999.000 -9999.000 -9999.000 -9999.000 -9999.000 -9999.000 -9999.000 -9999.000 -9999.000 -9999.000 -9999.000 -9999.000 -9999.000 -9999.000 -9999.000 -9999.000 -9999.000 -9999.000 -9999.000 -9999.000 -9999.000 -9999.000 -9999.000 -9999.000 -9999.000 -9999.000 -9999.000 -9999.000 -9999.000 -9999.000 -9999.000 -9999.000