examples/3D/hillslope02_superslab/output-maps-METEOIO-OFF/psiliqL0058N0002.asc
ncols         104
nrows         10
xllcorner     -2.000000
yllcorner     0.000000
cellsize      1.000000
NODATA_value  -9999.0
-9999.000 -9999.000 -9999.000 -9999.000 -9999.000 -9999.000 -9999.000 -9999.000 -9999.000 -9999.000 -9999.000 -9999.000 -9999.000 -9999.000 -9999.000 -9999.000 -9999.000 -9999.000 -9999.000 -9999.000 -9999.000 -9999.000 -9999.000 -9999.000 -9999.000 -9999.000 -9999.000 -9999.000 -9999.000 -9999.000 -9999.000 -9999.000 -9999.000 -9999.000 -9999.000 -9999.000 -9999.000 -9999.000 -9999.000 -9999.000 -9999.000 -9999.000 -9999.000 -9999.000 -9999.000 -9999.000 -9999.000 -9999.000 -9999.000 -9999.000 -9999.000 -9999.000 -9999.000 -9999.000 -9999.000 -9999.000 -9999.000 -9999.000 -9999.000 -9999.000 -9999.000 -9999.000 -9999.000 -9999.000 -9999.000 -9999.000 -9999.000 -9999.000 -9999.000 -9999.000 -9999.000 -9999.000 -9999.000 -9999.000 -9999.000 -9999.000 -9999.000 -9999.000 -9999.000 -9999.000 -9999.000 -9999.000 -9999.000 -9999.000 -9999.000 -9999.000 -9999.000 -9999.000 -9999.000 -9999.000 -9999.000 -9999.000 -9999.000 -9999.000 -9999.000 -9999.000 -9999.000 -9999.000 -9999.000 -9999.000 -9999.000 -9999.000 -9999.000 -9999.000
-9999.000 -9999.000 -9999.000 -9999.000 -9999.000 -9999.000 -9999.000 -9999.000 -9999.000 -9999.000 -9999.000 -9999.000 -9999.000 -9999.000 -9999.000 -9999.000 -9999.000 -9999.000 -9999.000 -9999.000 -9999.000 -9999.000 -9999.000 -9999.000 -9999.000 -9999.000 -9999.000 -9999.000 -9999.000 -9999.000 -9999.000 -9999.000 -9999.000 -9999.000 -9999.000 -9999.000 -9999.000 -9999.000 -9999.000 -9999.000 -9999.000 -9999.000 -9999.000 -9999.000 -9999.000 -9999.000 -9999.000 -9999.000 -9999.000 -9999.000 -9999.000 -9999.000 -9999.000 -9999.000 -9999.000 -9999.000 -9999.000 -9999.000 -9999.000 -9999.000 -9999.000 -9999.000 -9999.000 -9999.000 -9999.000 -9999.000 -9999.000 -9999.000 -9999.000 -9999.000 -9999.000 -9999.000 -9999.000 -9999.000 -9999.000 -9999.000 -9999.000 -9999.000 -9999.000 -9999.000 -9999.000 -9999.000 -9999.000 -9999.000 -9999.000 -9999.000 -9999.000 -9999.000 -9999.000 -9999.000 -9999.000 -9999.000 -9999.000 -9999.000 -9999.000 -9999.000 -9999.000 -9999.000 -9999.000 -9999.000 -9999.000 -9999.000 -9999.000 -9999.000
-9999.000 -9999.000 1365.208 1264.110 1162.031 1058.751 954.152 848.275 741.213 633.128 524.358 416.108 311.162 210.888 116.558 28.901 -52.152 -127.332 -195.448 -250.113 -287.654 -310.961 -324.608 -332.184 -336.094 -337.806 -338.196 -337.780 -336.897 -335.810 -334.779 -333.994 -333.564 -333.532 -333.914 -334.719 -335.963 -337.687 -339.900 -27.482 242.618 474.659 663.005 647.284 458.139 269.690 81.762 -103.304 -282.118 -486.304 -772.635 -1438.843 -2087.972 -2103.882 -2103.960 -2103.959 -2103.958 -2103.907 -2096.554 -1687.094 -814.730 -508.074 -376.265 -356.624 -355.214 -355.037 -354.886 -354.734 -354.592 -354.468 -354.367 -354.294 -354.252 -354.239 -354.256 -354.299 -354.365 -354.448 -354.544 -354.649 -354.757 -354.865 -354.969 -355.067 -355.157 -355.237 -355.307 -355.367 -355.417 -355.457 -355.489 -355.514 -355.532 -355.545 -355.553 -355.559 -355.564 -355.590 -355.757 -356.739 -361.645 -382.798 -9999.000 -9999.000
-9999.000 -9999.000 1365.225 1264.119 1162.035 1058.752 954.153 848.275 741.213 633.128 524.358 416.108 311.162 210.888 116.558 28.901 -52.152 -127.332 -195.448 -250.113 -287.654 -310.961 -324.608 -332.184 -336.094 -337.806 -338.196 -337.780 -336.897 -335.810 -334.779 -333.994 -333.564 -333.532 -333.914 -334.719 -335.963 -337.687 -339.900 -27.482 242.618 474.659 663.005 647.284 458.139 269.690 81.762 -103.304 -282.118 -486.304 -772.635 -1438.843 -2087.972 -2103.882 -2103.960 -2103.959 -2103.958 -2103.907 -2096.554 -1687.094 -814.730 -508.074 -376.265 -356.624 -355.214 -355.037 -354.886 -354.734 -354.592 -354.468 -354.367 -354.294 -354.252 -354.239 -354.256 -354.299 -354.365 -354.448 -354.544 -354.649 -354.757 -354.865 -354.969 -355.067 -355.157 -355.237 -355.307 -355.367 -355.417 -355.457 -355.489 -355.514 -355.532 -355.545 -355.553 -355.559 -355.564 -355.590 -355.757 -356.739 -361.645 -382.798 -9999.000 -9999.000
-9999.000 -9999.000 1365.237 1264.126 1162.038 1058.754 954.153 848.275 741.213 633.128 524.358 416.108 311.162 210.888 116.558 28.901 -52.152 -127.332 -195.448 -250.113 -287.654 -310.961 -324.608 -332.184 -336.094 -337.806 -338.196 -337.780 -336.897 -335.810 -334.779 -333.994 -333.564 -333.532 -333.914 -334.719 -335.963 -337.687 -339.900 -27.482 242.618 474.659 663.005 647.284 458.139 269.690 81.762 -103.304 -282.118 -486.304 -772.635 -1438.843 -2087.972 -2103.882 -2103.960 -2103.959 -2103.958 -2103.907 -2096.554 -1687.094 -814.730 -508.074 -376.265 -356.624 -355.214 -355.037 -354.886 -354.734 -354.592 -354.468 -354.367 -354.294 -354.252 -354.239 -354.256 -354.299 -354.365 -354.448 -354.544 -354.649 -354.757 -354.865 -354.969 -355.067 -355.157 -355.237 -355.307 -355.367 -355.417 -355.457 -355.489 -355.514 -355.532 -355.545 -355.553 -355.559 -355.564 -355.590 -355.757 -356.739 -361.645 -382.798 -9999.000 -9999.000
-9999.000 -9999.000 1365.237 1264.126 1162.038 1058.754 954.153 848.275 741.213 633.128 524.358 416.108 311.162 210.888 116.558 28.901 -52.152 -127.332 -195.448 -250.113 -287.654 -310.961 -324.608 -332.184 -336.094 -337.806 -338.196 -337.780 -336.897 -335.810 -334.779 -333.994 -333.564 -333.532 -333.914 -334.719 -335.963 -337.687 -339.900 -27.482 242.618 474.659 663.005 647.284 458.139 269.690 81.762 -103.304 -282.118 -486.304 -772.635 -1438.843 -2087.972 -2103.882 -2103.960 -2103.959 -2103.958 -2103.907 -2096.554 -1687.094 -814.730 -508.074 -376.265 -356.624 -355.214 -355.037 -354.886 -354.734 -354.592 -354.468 -354.367 -354.294 -354.252 -354.239 -354.256 -354.299 -354.365 -354.448 -354.544 -354.649 -354.757 -354.865 -354.969 -355.067 -355.157 -355.237 -355.307 -355.367 -355.417 -355.457 -355.489 -355.514 -355.532 -355.545 -355.553 -355.559 -355.564 -355.590 -355.757 -356.739 -361.645 -382.798 -9999.000 -9999.000
-9999.000 -9999.000 1365.225 1264.119 1162.035 1058.752 954.153 848.275 741.213 633.128 524.358 416.108 311.162 210.888 116.558 28.901 -52.152 -127.332 -195.448 -250.113 -287.654 -310.961 -324.608 -332.184 -336.094 -337.806 -338.196 -337.780 -336.897 -335.810 -334.779 -333.994 -333.564 -333.532 -333.914 -334.719 -335.963 -337.687 -339.900 -27.482 242.618 474.659 663.005 647.284 458.139 269.690 81.762 -103.304 -282.118 -486.304 -772.635 -1438.843 -2087.972 -2103.882 -2103.960 -2103.959 -2103.958 -2103.907 -2096.554 -1687.094 -814.730 -508.074 -376.265 -356.624 -355.214 -355.037 -354.886 -354.734 -354.592 -354.468 -354.367 -354.294 -354.252 -354.239 -354.256 -354.299 -354.365 -354.448 -354.544 -354.649 -354.757 -354.865 -354.969 -355.067 -355.157 -355.237 -355.307 -355.367 -355.417 -355.457 -355.489 -355.514 -355.532 -355.545 -355.553 -355.559 -355.564 -355.590 -355.757 -356.739 -361.645 -382.798 -9999.000 -9999.000
-9999.000 -9999.000 1365.208 1264.110 1162.031 1058.751 954.152 848.275 741.213 633.128 524.358 416.108 311.162 210.888 116.558 28.901 -52.152 -127.332 -195.448 -250.113 -287.654 -310.961 -324.608 -332.184 -336.094 -337.806 -338.196 -337.780 -336.897 -335.810 -334.779 -333.994 -333.564 -333.532 -333.914 -334.719 -335.963 -337.687 -339.900 -27.482 242.618 474.659 663.005 647.284 458.139 269.690 81.762 -103.304 -282.118 -486.304 -772.635 -1438.843 -2087.972 -2103.882 -2103.960 -2103.959 -2103.958 -2103.907 -2096.554 -1687.094 -814.730 -508.074 -376.265 -356.624 -355.214 -355.037 -354.886 -354.734 -354.592 -354.468 -354.367 -354.294 -354.252 -354.239 -354.256 -354.299 -354.365 -354.448 -354.544 -354.649 -354.757 -354.865 -354.969 -355.067 -355.157 -355.237 -355.307 -355.367 -355.417 -355.457 -355.489 -355.514 -355.532 -355.545 -355.553 -355.559 -355.564 -355.590 -355.757 -356.739 -361.645 -382.798 -9999.000 -9999.000
-9999.000 -9999.000 -9999.000 -9999.000 -9999.000 -9999.000 -9999.000 -9999.000 -9999.000 -9999.000 -9999.000 -9999.000 -9999.000 -9999.000 -9999.000 -9999.000 -9999.000 -9999.000 -9999.000 -9999.000 -9999.000 -9999.000 -9999.000 -9999.000 -9999.000 -9999.000 -9999.000 -9999.000 -9999.000 -9999.000 -9999.000 -9999.000 -9999.000 -9999.000 -9999.000 -9999.000 -9999.000 -9999.000 -9999.000 -9999.000 -9999.000 -9999.000 -9999.000 -9999.000 -9999.000 -9999.000 -9999.000 -9999.000 -9999.000 -9999.000 -9999.000 -9999.000 -9999.000 -9999.000 -9999.000 -9999.000 -9999.000 -9999.000 -9999.000 -9999.000 -9999.000 -9999.000 -9999.000 -9999.000 -9999.000 -9999.000 -9999.000 -9999.000 -9999.000 -9999.000 -9999.000 -9999.000 -9999.000 -9999.000 -9999.000 -9999.000 -9999.000 -9999.000 -9999.000 -9999.000 -9999.000 -9999.000 -9999.000 -9999.000 -9999.000 -9999.000 -9999.000 -9999.000 -9999.000 -9999.000 -9999.000 -9999.000 -9999.000 -9999.000 -9999.000 -9999.000 -9999.000 -9999.000 -9999.000 -9999.000 -9999.000 -9999.000 -9999.000 -9999.000
-9999.000 -9999.000 -9999.000 -9999.000 -9999.000 -9999.000 -9999.000 -9999.000 -9999.000 -9999.000 -9999.000 -9999.000 -9999.000 -9999.000 -9999.000 -9999.000 -9999.000 -9999.000 -9999.000 -9999.000 -9999.000 -9999.000 -9999.000 -9999.000 -9999.000 -9999.000 -9999.000 -9999.000 -9999.000 -9999.000 -9999.000 -9999.000 -9999.000 -9999.000 -9999.000 -9999.000 -9999.000 -9999.000 -9999.000 -9999.000 -9999.000 -9999.000 -9999.000 -9999.000 -9999.000 -9999.000 -9999.000 -9999.000 -9999.000 -9999.000 -9999.000 -9999.000 -9999.000 -9999.000 -9999.000 -9999.000 -9999.000 -9999.000 -9999.000 -9999.000 -9999.000 -9999.000 -9999.000 -9999.000 -9999.000 -9999.000 -9999.000 -9999.000 -9999.000 -9999.000 -9999.000 -9999.000 -9999.000 -9999.000 -9999.000 -9999.000 -9999.000 -9999.000 -9999.000 -9999.000 -9999.000 -9999.000 -9999.000 -9999.000 -9999.000 -9999.000 -9999.000 -9999.000 -9999.000 -9999.000 -9999.000 -9999.000 -9999.000 -9999.000 -9999.000 -9999.000 -9999.000 -9999.000 -9999.000 -9999.000 -9999.000 -9999.000 -9999.000 -9999.000