examples/3D/hillslope02_superslab/output-maps-METEOIO-OFF/thetaliqL0072N0002.asc
ncols         104
nrows         10
xllcorner     -2.000000
yllcorner     0.000000
cellsize      1.000000
NODATA_value  -9999.0
-9999.000 -9999.000 -9999.000 -9999.000 -9999.000 -9999.000 -9999.000 -9999.000 -9999.000 -9999.000 -9999.000 -9999.000 -9999.000 -9999.000 -9999.000 -9999.000 -9999.000 -9999.000 -9999.000 -9999.000 -9999.000 -9999.000 -9999.000 -9999.000 -9999.000 -9999.000 -9999.000 -9999.000 -9999.000 -9999.000 -9999.000 -9999.000 -9999.000 -9999.000 -9999.000 -9999.000 -9999.000 -9999.000 -9999.000 -9999.000 -9999.000 -9999.000 -9999.000 -9999.000 -9999.000 -9999.000 -9999.000 -9999.000 -9999.000 -9999.000 -9999.000 -9999.000 -9999.000 -9999.000 -9999.000 -9999.000 -9999.000 -9999.000 -9999.000 -9999.000 -9999.000 -9999.000 -9999.000 -9999.000 -9999.000 -9999.000 -9999.000 -9999.000 -9999.000 -9999.000 -9999.000 -9999.000 -9999.000 -9999.000 -9999.000 -9999.000 -9999.000 -9999.000 -9999.000 -9999.000 -9999.000 -9999.000 -9999.000 -9999.000 -9999.000 -9999.000 -9999.000 -9999.000 -9999.000 -9999.000 -9999.000 -9999.000 -9999.000 -9999.000 -9999.000 -9999.000 -9999.000 -9999.000 -9999.000 -9999.000 -9999.000 -9999.000 -9999.000 -9999.000
-9999.000 -9999.000 -9999.000 -9999.000 -9999.000 -9999.000 -9999.000 -9999.000 -9999.000 -9999.000 -9999.000 -9999.000 -9999.000 -9999.000 -9999.000 -9999.000 -9999.000 -9999.000 -9999.000 -9999.000 -9999.000 -9999.000 -9999.000 -9999.000 -9999.000 -9999.000 -9999.000 -9999.000 -9999.000 -9999.000 -9999.000 -9999.000 -9999.000 -9999.000 -9999.000 -9999.000 -9999.000 -9999.000 -9999.000 -9999.000 -9999.000 -9999.000 -9999.000 -9999.000 -9999.000 -9999.000 -9999.000 -9999.000 -9999.000 -9999.000 -9999.000 -9999.000 -9999.000 -9999.000 -9999.000 -9999.000 -9999.000 -9999.000 -9999.000 -9999.000 -9999.000 -9999.000 -9999.000 -9999.000 -9999.000 -9999.000 -9999.000 -9999.000 -9999.000 -9999.000 -9999.000 -9999.000 -9999.000 -9999.000 -9999.000 -9999.000 -9999.000 -9999.000 -9999.000 -9999.000 -9999.000 -9999.000 -9999.000 -9999.000 -9999.000 -9999.000 -9999.000 -9999.000 -9999.000 -9999.000 -9999.000 -9999.000 -9999.000 -9999.000 -9999.000 -9999.000 -9999.000 -9999.000 -9999.000 -9999.000 -9999.000 -9999.000 -9999.000 -9999.000
-9999.000 -9999.000 0.100 0.100 0.100 0.100 0.100 0.100 0.100 0.100 0.100 0.100 0.100 0.100 0.100 0.100 0.100 0.100 0.100 0.100 0.100 0.100 0.100 0.100 0.100 0.100 0.100 0.100 0.100 0.100 0.100 0.098 0.093 0.087 0.081 0.075 0.070 0.066 0.063 0.060 0.058 0.057 0.056 0.055 0.054 0.053 0.100 0.100 0.100 0.100 0.100 0.072 0.045 0.031 0.031 0.032 0.034 0.036 0.039 0.042 0.047 0.054 0.060 0.064 0.067 0.070 0.073 0.076 0.079 0.081 0.082 0.084 0.084 0.084 0.084 0.083 0.082 0.081 0.079 0.077 0.075 0.072 0.070 0.068 0.066 0.064 0.062 0.060 0.059 0.058 0.057 0.056 0.055 0.055 0.055 0.054 0.054 0.054 0.054 0.054 0.053 0.052 -9999.000 -9999.000
-9999.000 -9999.000 0.100 0.100 0.100 0.100 0.100 0.100 0.100 0.100 0.100 0.100 0.100 0.100 0.100 0.100 0.100 0.100 0.100 0.100 0.100 0.100 0.100 0.100 0.100 0.100 0.100 0.100 0.100 0.100 0.100 0.098 0.093 0.087 0.081 0.075 0.070 0.066 0.063 0.060 0.058 0.057 0.056 0.055 0.054 0.053 0.100 0.100 0.100 0.100 0.100 0.072 0.045 0.031 0.031 0.032 0.034 0.036 0.039 0.042 0.047 0.054 0.060 0.064 0.067 0.070 0.073 0.076 0.079 0.081 0.082 0.084 0.084 0.084 0.084 0.083 0.082 0.081 0.079 0.077 0.075 0.072 0.070 0.068 0.066 0.064 0.062 0.060 0.059 0.058 0.057 0.056 0.055 0.055 0.055 0.054 0.054 0.054 0.054 0.054 0.053 0.052 -9999.000 -9999.000
-9999.000 -9999.000 0.100 0.100 0.100 0.100 0.100 0.100 0.100 0.100 0.100 0.100 0.100 0.100 0.100 0.100 0.100 0.100 0.100 0.100 0.100 0.100 0.100 0.100 0.100 0.100 0.100 0.100 0.100 0.100 0.100 0.098 0.093 0.087 0.081 0.075 0.070 0.066 0.063 0.060 0.058 0.057 0.056 0.055 0.054 0.053 0.100 0.100 0.100 0.100 0.100 0.072 0.045 0.031 0.031 0.032 0.034 0.036 0.039 0.042 0.047 0.054 0.060 0.064 0.067 0.070 0.073 0.076 0.079 0.081 0.082 0.084 0.084 0.084 0.084 0.083 0.082 0.081 0.079 0.077 0.075 0.072 0.070 0.068 0.066 0.064 0.062 0.060 0.059 0.058 0.057 0.056 0.055 0.055 0.055 0.054 0.054 0.054 0.054 0.054 0.053 0.052 -9999.000 -9999.000
-9999.000 -9999.000 0.100 0.100 0.100 0.100 0.100 0.100 0.100 0.100 0.100 0.100 0.100 0.100 0.100 0.100 0.100 0.100 0.100 0.100 0.100 0.100 0.100 0.100 0.100 0.100 0.100 0.100 0.100 0.100 0.100 0.098 0.093 0.087 0.081 0.075 0.070 0.066 0.063 0.060 0.058 0.057 0.056 0.055 0.054 0.053 0.100 0.100 0.100 0.100 0.100 0.072 0.045 0.031 0.031 0.032 0.034 0.036 0.039 0.042 0.047 0.054 0.060 0.064 0.067 0.070 0.073 0.076 0.079 0.081 0.082 0.084 0.084 0.084 0.084 0.083 0.082 0.081 0.079 0.077 0.075 0.072 0.070 0.068 0.066 0.064 0.062 0.060 0.059 0.058 0.057 0.056 0.055 0.055 0.055 0.054 0.054 0.054 0.054 0.054 0.053 0.052 -9999.000 -9999.000
-9999.000 -9999.000 0.100 0.100 0.100 0.100 0.100 0.100 0.100 0.100 0.100 0.100 0.100 0.100 0.100 0.100 0.100 0.100 0.100 0.100 0.100 0.100 0.100 0.100 0.100 0.100 0.100 0.100 0.100 0.100 0.100 0.098 0.093 0.087 0.081 0.075 0.070 0.066 0.063 0.060 0.058 0.057 0.056 0.055 0.054 0.053 0.100 0.100 0.100 0.100 0.100 0.072 0.045 0.031 0.031 0.032 0.034 0.036 0.039 0.042 0.047 0.054 0.060 0.064 0.067 0.070 0.073 0.076 0.079 0.081 0.082 0.084 0.084 0.084 0.084 0.083 0.082 0.081 0.079 0.077 0.075 0.072 0.070 0.068 0.066 0.064 0.062 0.060 0.059 0.058 0.057 0.056 0.055 0.055 0.055 0.054 0.054 0.054 0.054 0.054 0.053 0.052 -9999.000 -9999.000
-9999.000 -9999.000 0.100 0.100 0.100 0.100 0.100 0.100 0.100 0.100 0.100 0.100 0.100 0.100 0.100 0.100 0.100 0.100 0.100 0.100 0.100 0.100 0.100 0.100 0.100 0.100 0.100 0.100 0.100 0.100 0.100 0.098 0.093 0.087 0.081 0.075 0.070 0.066 0.063 0.060 0.058 0.057 0.056 0.055 0.054 0.053 0.100 0.100 0.100 0.100 0.100 0.072 0.045 0.031 0.031 0.032 0.034 0.036 0.039 0.042 0.047 0.054 0.060 0.064 0.067 0.070 0.073 0.076 0.079 0.081 0.082 0.084 0.084 0.084 0.084 0.083 0.082 0.081 0.079 0.077 0.075 0.072 0.070 0.068 0.066 0.064 0.062 0.060 0.059 0.058 0.057 0.056 0.055 0.055 0.055 0.054 0.054 0.054 0.054 0.054 0.053 0.052 -9999.000 -9999.000
-9999.000 -9999.000 -9999.000 -9999.000 -9999.000 -9999.000 -9999.000 -9999.000 -9999.000 -9999.000 -9999.000 -9999.000 -9999.000 -9999.000 -9999.000 -9999.000 -9999.000 -9999.000 -9999.000 -9999.000 -9999.000 -9999.000 -9999.000 -9999.000 -9999.000 -9999.000 -9999.000 -9999.000 -9999.000 -9999.000 -9999.000 -9999.000 -9999.000 -9999.000 -9999.000 -9999.000 -9999.000 -9999.000 -9999.000 -9999.000 -9999.000 -9999.000 -9999.000 -9999.000 -9999.000 -9999.000 -9999.000 -9999.000 -9999.000 -9999.000 -9999.000 -9999.000 -9999.000 -9999.000 -9999.000 -9999.000 -9999.000 -9999.000 -9999.000 -9999.000 -9999.000 -9999.000 -9999.000 -9999.000 -9999.000 -9999.000 -9999.000 -9999.000 -9999.000 -9999.000 -9999.000 -9999.000 -9999.000 -9999.000 -9999.000 -9999.000 -9999.000 -9999.000 -9999.000 -9999.000 -9999.000 -9999.000 -9999.000 -9999.000 -9999.000 -9999.000 -9999.000 -9999.000 -9999.000 -9999.000 -9999.000 -9999.000 -9999.000 -9999.000 -9999.000 -9999.000 -9999.000 -9999.000 -9999.000 -9999.000 -9999.000 -9999.000 -9999.000 -9999.000
-9999.000 -9999.000 -9999.000 -9999.000 -9999.000 -9999.000 -9999.000 -9999.000 -9999.000 -9999.000 -9999.000 -9999.000 -9999.000 -9999.000 -9999.000 -9999.000 -9999.000 -9999.000 -9999.000 -9999.000 -9999.000 -9999.000 -9999.000 -9999.000 -9999.000 -9999.000 -9999.000 -9999.000 -9999.000 -9999.000 -9999.000 -9999.000 -9999.000 -9999.000 -9999.000 -9999.000 -9999.000 -9999.000 -9999.000 -9999.000 -9999.000 -9999.000 -9999.000 -9999.000 -9999.000 -9999.000 -9999.000 -9999.000 -9999.000 -9999.000 -9999.000 -9999.000 -9999.000 -9999.000 -9999.000 -9999.000 -9999.000 -9999.000 -9999.000 -9999.000 -9999.000 -9999.000 -9999.000 -9999.000 -9999.000 -9999.000 -9999.000 -9999.000 -9999.000 -9999.000 -9999.000 -9999.000 -9999.000 -9999.000 -9999.000 -9999.000 -9999.000 -9999.000 -9999.000 -9999.000 -9999.000 -9999.000 -9999.000 -9999.000 -9999.000 -9999.000 -9999.000 -9999.000 -9999.000 -9999.000 -9999.000 -9999.000 -9999.000 -9999.000 -9999.000 -9999.000 -9999.000 -9999.000 -9999.000 -9999.000 -9999.000 -9999.000 -9999.000 -9999.000