test_integration/test_sample_run/example/results.meteodistr/output_maps/snowdepthN0059.asc
ncols         174
nrows         141
xllcorner     744500.000000
yllcorner     5140950.000000
cellsize      250.000000
NODATA_value  -9999.0
[rows 30 to 59 of 141, columns 0 to 66 of 174]
-9999.000 -9999.000 -9999.000 -9999.000 -9999.000 -9999.000 -9999.000 -9999.000 -9999.000 -9999.000 -9999.000 -9999.000 -9999.000 -9999.000 -9999.000 -9999.000 -9999.000 -9999.000 -9999.000 -9999.000 -9999.000 -9999.000 -9999.000 -9999.000 -9999.000 -9999.000 -9999.000 -9999.000 -9999.000 -9999.000 -9999.000 -9999.000 -9999.000 -9999.000 -9999.000 -9999.000 -9999.000 -9999.000 80.465 77.285 82.417 82.615 58.847 88.661 110.160 97.789 -9999.000 -9999.000 -9999.000 -9999.000 -9999.000 -9999.000 -9999.000 -9999.000 -9999.000 -9999.000 -9999.000 -9999.000 -9999.000 -9999.000 76.900 86.223 83.890 89.008 133.952 150.567 104.605
-9999.000 -9999.000 -9999.000 -9999.000 -9999.000 -9999.000 -9999.000 -9999.000 -9999.000 -9999.000 -9999.000 -9999.000 -9999.000 -9999.000 -9999.000 -9999.000 -9999.000 -9999.000 -9999.000 -9999.000 -9999.000 -9999.000 -9999.000 -9999.000 -9999.000 -9999.000 -9999.000 -9999.000 -9999.000 -9999.000 -9999.000 -9999.000 -9999.000 -9999.000 -9999.000 -9999.000 -9999.000 56.981 31.213 80.463 91.781 86.456 83.080 94.238 96.283 51.577 30.212 60.041 -9999.000 -9999.000 -9999.000 -9999.000 -9999.000 -9999.000 -9999.000 -9999.000 -9999.000 -9999.000 -9999.000 54.714 87.115 84.743 77.792 70.739 102.008 124.024 140.352
-9999.000 -9999.000 -9999.000 -9999.000 -9999.000 -9999.000 -9999.000 -9999.000 -9999.000 -9999.000 -9999.000 -9999.000 -9999.000 -9999.000 -9999.000 -9999.000 -9999.000 -9999.000 -9999.000 -9999.000 -9999.000 -9999.000 -9999.000 -9999.000 -9999.000 -9999.000 -9999.000 -9999.000 -9999.000 -9999.000 -9999.000 -9999.000 -9999.000 -9999.000 -9999.000 -9999.000 67.841 76.363 96.108 87.673 88.967 79.623 69.498 68.243 61.815 58.205 77.706 78.146 69.994 -9999.000 -9999.000 -9999.000 -9999.000 -9999.000 -9999.000 -9999.000 0.000 34.099 65.969 90.916 94.540 83.154 61.034 80.736 104.624 108.568 185.883
-9999.000 -9999.000 -9999.000 -9999.000 -9999.000 -9999.000 -9999.000 -9999.000 -9999.000 -9999.000 -9999.000 -9999.000 -9999.000 -9999.000 -9999.000 -9999.000 -9999.000 -9999.000 -9999.000 -9999.000 -9999.000 -9999.000 -9999.000 -9999.000 -9999.000 -9999.000 -9999.000 -9999.000 -9999.000 -9999.000 -9999.000 -9999.000 -9999.000 -9999.000 -9999.000 48.842 73.277 87.236 97.667 105.456 76.671 73.757 62.852 41.842 42.254 36.823 71.442 70.383 46.150 35.806 52.057 111.026 85.633 81.556 47.677 35.939 0.000 63.868 97.851 86.748 81.296 91.064 47.457 73.698 106.281 96.646 83.730
-9999.000 -9999.000 -9999.000 -9999.000 -9999.000 -9999.000 -9999.000 -9999.000 -9999.000 -9999.000 -9999.000 -9999.000 -9999.000 -9999.000 -9999.000 -9999.000 -9999.000 -9999.000 -9999.000 -9999.000 -9999.000 -9999.000 -9999.000 -9999.000 -9999.000 -9999.000 -9999.000 -9999.000 -9999.000 -9999.000 -9999.000 -9999.000 -9999.000 23.498 40.030 57.920 82.992 77.416 87.215 107.656 83.611 80.486 58.723 42.518 43.797 70.689 92.488 99.363 117.416 133.572 93.452 82.761 115.123 103.128 102.207 98.268 83.127 68.943 64.608 57.884 77.126 84.128 39.366 68.351 84.975 75.492 71.355
-9999.000 -9999.000 -9999.000 -9999.000 -9999.000 -9999.000 -9999.000 -9999.000 -9999.000 -9999.000 -9999.000 -9999.000 -9999.000 -9999.000 -9999.000 -9999.000 -9999.000 -9999.000 -9999.000 -9999.000 -9999.000 -9999.000 -9999.000 -9999.000 -9999.000 -9999.000 -9999.000 -9999.000 -9999.000 -9999.000 -9999.000 -9999.000 36.032 25.553 70.066 77.914 73.960 62.745 91.447 98.071 81.003 82.939 56.784 48.561 60.873 81.805 94.249 104.923 125.021 118.906 92.272 75.844 130.065 108.530 126.145 111.465 88.020 81.108 42.836 55.897 72.429 84.485 53.690 67.028 64.279 64.402 69.870
-9999.000 -9999.000 -9999.000 -9999.000 -9999.000 -9999.000 -9999.000 -9999.000 -9999.000 -9999.000 -9999.000 -9999.000 -9999.000 -9999.000 -9999.000 -9999.000 -9999.000 -9999.000 -9999.000 -9999.000 -9999.000 -9999.000 -9999.000 -9999.000 -9999.000 -9999.000 -9999.000 -9999.000 -9999.000 -9999.000 -9999.000 -9999.000 -9999.000 50.073 62.842 58.955 73.588 73.420 69.560 79.666 78.412 71.143 58.750 56.406 67.203 84.107 83.250 94.866 79.538 83.550 133.463 128.088 80.191 90.456 108.747 94.508 94.543 86.778 72.183 48.783 51.849 64.070 54.774 62.100 54.538 81.842 94.147
-9999.000 -9999.000 -9999.000 -9999.000 -9999.000 -9999.000 -9999.000 -9999.000 -9999.000 -9999.000 -9999.000 -9999.000 -9999.000 -9999.000 -9999.000 -9999.000 -9999.000 -9999.000 -9999.000 -9999.000 -9999.000 -9999.000 -9999.000 -9999.000 -9999.000 -9999.000 -9999.000 -9999.000 -9999.000 -9999.000 -9999.000 -9999.000 -9999.000 82.236 95.671 68.369 44.709 61.513 23.957 49.189 61.949 83.509 61.449 61.511 61.191 73.309 83.798 72.650 81.758 100.281 110.741 126.266 77.416 46.243 60.549 77.273 115.017 91.279 80.687 56.213 18.691 28.923 49.799 51.704 63.507 91.928 116.223
-9999.000 -9999.000 -9999.000 -9999.000 -9999.000 -9999.000 -9999.000 -9999.000 -9999.000 -9999.000 -9999.000 -9999.000 -9999.000 -9999.000 -9999.000 -9999.000 -9999.000 -9999.000 -9999.000 -9999.000 -9999.000 -9999.000 -9999.000 -9999.000 -9999.000 -9999.000 -9999.000 -9999.000 -9999.000 -9999.000 -9999.000 -9999.000 -9999.000 86.272 96.305 89.610 79.699 31.947 33.451 34.461 36.004 54.395 55.973 54.794 72.521 81.005 72.817 79.294 93.016 96.841 77.415 81.238 74.717 76.181 45.452 58.405 108.782 100.982 82.570 70.328 39.034 31.442 46.356 46.962 80.379 98.895 117.038
-9999.000 -9999.000 -9999.000 -9999.000 -9999.000 -9999.000 -9999.000 -9999.000 -9999.000 -9999.000 -9999.000 -9999.000 -9999.000 -9999.000 -9999.000 -9999.000 -9999.000 -9999.000 -9999.000 -9999.000 -9999.000 -9999.000 -9999.000 -9999.000 -9999.000 -9999.000 -9999.000 -9999.000 -9999.000 -9999.000 -9999.000 -9999.000 -9999.000 34.894 81.534 81.423 82.807 51.092 32.810 9.552 18.545 18.845 45.884 49.072 77.603 85.380 64.318 77.831 80.562 71.239 64.143 70.542 89.428 87.414 64.490 56.112 73.733 91.615 85.405 89.245 42.391 33.902 46.335 34.636 73.124 91.061 97.371
-9999.000 -9999.000 -9999.000 -9999.000 -9999.000 -9999.000 -9999.000 -9999.000 -9999.000 -9999.000 -9999.000 -9999.000 -9999.000 -9999.000 -9999.000 -9999.000 -9999.000 -9999.000 -9999.000 -9999.000 -9999.000 -9999.000 -9999.000 -9999.000 -9999.000 -9999.000 -9999.000 -9999.000 -9999.000 -9999.000 -9999.000 -9999.000 0.000 18.985 46.845 52.480 42.550 68.901 80.343 66.760 48.401 27.674 29.987 46.737 64.366 80.921 49.872 58.585 63.691 63.631 70.749 82.187 84.744 89.526 76.376 44.711 55.618 79.198 85.067 76.621 54.552 56.365 41.946 38.837 52.723 82.214 98.027
-9999.000 -9999.000 -9999.000 -9999.000 -9999.000 -9999.000 -9999.000 -9999.000 -9999.000 -9999.000 -9999.000 -9999.000 -9999.000 -9999.000 -9999.000 -9999.000 -9999.000 -9999.000 -9999.000 -9999.000 -9999.000 -9999.000 -9999.000 -9999.000 -9999.000 -9999.000 -9999.000 -9999.000 -9999.000 -9999.000 -9999.000 0.000 0.000 39.214 52.849 61.041 92.748 93.417 93.686 87.553 74.170 54.850 31.775 39.488 51.712 58.149 32.072 55.470 49.187 48.336 70.920 57.438 71.475 84.016 78.579 30.912 41.982 51.591 67.001 55.763 65.203 53.628 42.522 43.958 61.989 81.527 88.649
-9999.000 -9999.000 -9999.000 -9999.000 -9999.000 -9999.000 -9999.000 -9999.000 -9999.000 -9999.000 -9999.000 -9999.000 -9999.000 -9999.000 -9999.000 -9999.000 -9999.000 -9999.000 -9999.000 -9999.000 -9999.000 -9999.000 -9999.000 -9999.000 -9999.000 -9999.000 -9999.000 -9999.000 -9999.000 -9999.000 29.587 41.791 88.417 95.975 98.320 101.163 95.697 88.791 89.802 84.784 80.609 68.394 46.506 30.311 28.916 16.574 21.266 46.544 32.873 33.454 44.859 45.246 56.896 69.133 70.437 61.203 39.453 46.045 92.810 90.162 59.972 44.150 50.348 55.944 51.018 87.796 67.950
-9999.000 -9999.000 -9999.000 -9999.000 -9999.000 -9999.000 -9999.000 -9999.000 -9999.000 -9999.000 -9999.000 -9999.000 -9999.000 -9999.000 -9999.000 -9999.000 -9999.000 -9999.000 -9999.000 -9999.000 -9999.000 -9999.000 -9999.000 -9999.000 -9999.000 -9999.000 -9999.000 -9999.000 -9999.000 -9999.000 40.867 97.198 113.382 111.073 112.837 104.871 95.164 103.655 105.330 96.687 67.474 59.134 47.875 37.750 15.363 0.000 20.125 10.022 25.141 13.828 16.746 56.599 44.643 45.669 63.820 66.172 28.731 49.006 72.207 75.121 60.820 46.809 47.083 53.046 73.214 61.878 52.904
-9999.000 -9999.000 -9999.000 -9999.000 -9999.000 -9999.000 -9999.000 -9999.000 -9999.000 -9999.000 -9999.000 -9999.000 -9999.000 -9999.000 -9999.000 -9999.000 -9999.000 -9999.000 -9999.000 -9999.000 -9999.000 -9999.000 -9999.000 -9999.000 -9999.000 -9999.000 -9999.000 -9999.000 -9999.000 -9999.000 95.857 115.375 114.082 112.875 96.350 108.531 103.282 100.124 78.300 65.191 33.477 45.739 77.034 74.141 67.853 58.643 35.557 16.718 15.784 13.879 18.247 22.497 35.413 25.747 52.310 29.570 41.609 57.637 40.353 60.842 39.279 30.449 48.818 44.845 68.738 81.302 41.178
-9999.000 -9999.000 -9999.000 -9999.000 -9999.000 -9999.000 -9999.000 -9999.000 -9999.000 -9999.000 -9999.000 -9999.000 -9999.000 -9999.000 -9999.000 -9999.000 -9999.000 -9999.000 -9999.000 -9999.000 -9999.000 -9999.000 58.987 68.118 54.832 64.620 69.716 -9999.000 -9999.000 -9999.000 96.549 124.373 119.237 116.791 116.303 106.896 117.737 76.990 50.841 37.677 40.482 66.641 79.718 78.092 74.364 74.561 68.009 61.169 33.469 21.107 11.292 14.074 14.670 15.922 20.640 22.499 41.246 26.561 15.689 21.525 15.781 10.568 41.529 57.611 84.749 76.756 44.018
-9999.000 -9999.000 -9999.000 -9999.000 -9999.000 -9999.000 -9999.000 -9999.000 -9999.000 -9999.000 -9999.000 -9999.000 -9999.000 -9999.000 -9999.000 -9999.000 -9999.000 -9999.000 -9999.000 -9999.000 -9999.000 56.820 69.578 88.889 95.548 103.665 88.676 77.070 -9999.000 70.811 115.700 126.653 125.648 117.517 120.081 102.234 70.467 77.508 51.625 39.320 63.002 77.505 75.697 90.835 78.489 72.219 73.272 64.116 56.796 37.003 22.233 22.574 11.336 11.947 0.000 19.435 12.384 0.000 0.000 0.000 0.000 16.708 38.803 63.352 62.997 69.366 62.157
-9999.000 -9999.000 -9999.000 -9999.000 -9999.000 -9999.000 -9999.000 -9999.000 -9999.000 -9999.000 -9999.000 -9999.000 -9999.000 -9999.000 -9999.000 -9999.000 -9999.000 -9999.000 -9999.000 46.075 48.224 68.214 90.702 95.313 98.664 99.152 126.320 117.008 107.978 85.041 128.973 94.640 85.105 82.551 88.936 73.188 41.531 49.130 38.351 51.667 83.666 76.754 95.483 94.646 89.090 85.472 78.494 70.713 59.711 44.147 21.474 9.902 10.969 0.000 0.000 0.000 0.000 0.000 0.000 0.000 0.000 29.725 39.289 44.588 30.981 53.814 40.452
-9999.000 -9999.000 -9999.000 -9999.000 -9999.000 -9999.000 -9999.000 -9999.000 -9999.000 -9999.000 -9999.000 -9999.000 -9999.000 -9999.000 -9999.000 -9999.000 25.549 27.896 32.599 47.523 84.360 84.095 92.684 101.624 109.170 85.803 98.258 123.430 131.567 127.159 133.392 89.920 83.364 62.030 53.536 57.229 46.747 42.992 55.565 87.171 84.063 89.564 98.868 99.337 98.173 90.598 77.044 76.606 56.146 54.602 34.082 18.600 16.810 15.725 21.907 23.896 24.779 24.527 12.460 8.857 22.575 18.279 18.115 17.308 29.463 34.234 25.643
-9999.000 -9999.000 -9999.000 -9999.000 -9999.000 -9999.000 -9999.000 -9999.000 -9999.000 -9999.000 -9999.000 -9999.000 -9999.000 -9999.000 -9999.000 -9999.000 9.875 71.561 74.782 78.084 89.484 87.151 89.834 96.507 114.553 121.038 80.515 108.714 126.244 132.887 128.816 90.971 88.970 58.460 52.696 46.024 47.996 54.655 91.804 87.490 85.889 88.668 107.775 109.632 92.125 77.382 66.686 34.779 35.271 49.151 28.739 31.146 25.081 25.332 23.928 21.395 21.366 22.010 25.892 29.447 24.495 6.978 0.000 0.000 9.445 8.623 9.427
-9999.000 -9999.000 -9999.000 -9999.000 -9999.000 -9999.000 -9999.000 -9999.000 -9999.000 -9999.000 -9999.000 -9999.000 -9999.000 -9999.000 -9999.000 27.791 26.084 77.082 74.197 80.826 83.845 84.740 89.925 89.802 95.300 135.100 127.635 89.056 94.433 145.820 91.885 82.751 71.989 63.561 55.860 62.635 94.669 93.942 90.957 100.395 93.121 94.927 78.778 68.860 59.195 59.080 53.616 41.209 30.065 25.582 25.184 32.183 41.453 52.440 57.377 55.687 55.657 54.339 53.582 55.438 35.039 25.854 10.990 13.264 0.000 10.796 7.133
-9999.000 -9999.000 -9999.000 -9999.000 -9999.000 -9999.000 -9999.000 -9999.000 -9999.000 -9999.000 -9999.000 -9999.000 -9999.000 -9999.000 16.726 31.735 74.732 73.201 77.782 83.203 81.894 83.678 85.238 89.193 90.567 95.874 137.390 133.896 96.851 101.953 81.720 86.511 74.308 70.572 66.352 88.524 98.115 99.915 103.008 95.138 99.477 103.091 58.083 56.675 24.701 39.999 25.407 29.303 17.766 19.181 35.793 48.478 58.656 60.395 62.926 62.368 61.379 61.313 63.153 58.477 41.979 34.546 18.068 11.478 11.623 0.000 12.715
-9999.000 -9999.000 -9999.000 -9999.000 -9999.000 -9999.000 -9999.000 -9999.000 -9999.000 -9999.000 -9999.000 -9999.000 -9999.000 12.497 26.497 75.672 72.875 74.351 75.546 80.476 84.268 87.141 85.469 86.249 93.401 92.565 101.717 138.751 72.594 66.952 66.969 79.147 77.068 77.848 100.511 100.938 97.853 103.980 98.808 91.401 105.174 76.695 53.986 51.594 48.848 40.895 24.659 26.020 21.179 22.558 45.061 57.077 62.659 67.811 69.603 74.845 72.210 75.472 73.220 58.777 51.899 46.602 28.676 24.501 17.237 11.420 15.851
-9999.000 -9999.000 -9999.000 -9999.000 -9999.000 -9999.000 -9999.000 -9999.000 -9999.000 -9999.000 -9999.000 -9999.000 0.000 26.358 69.120 72.642 70.272 72.951 76.519 80.666 87.480 88.308 91.985 88.280 93.829 92.312 83.884 82.634 84.154 76.506 74.567 82.916 84.384 86.231 107.353 101.589 101.883 107.869 98.275 90.319 72.491 55.661 40.616 46.722 63.615 48.186 32.644 28.560 34.399 34.644 54.221 54.109 72.983 77.911 80.565 84.193 86.129 84.435 74.888 68.972 59.009 53.354 37.847 29.665 23.258 19.383 15.001
-9999.000 -9999.000 -9999.000 -9999.000 21.830 -9999.000 -9999.000 -9999.000 -9999.000 -9999.000 -9999.000 21.167 21.558 70.832 70.721 66.259 72.127 74.980 78.470 78.600 83.975 83.651 90.065 86.356 75.915 66.722 59.720 63.576 80.606 88.971 80.208 77.960 89.907 89.431 94.114 100.348 98.559 88.241 79.061 68.002 44.756 42.896 49.593 53.983 61.327 50.667 41.461 28.593 30.462 38.127 56.596 61.732 72.890 85.219 88.851 93.993 79.976 81.142 63.445 60.886 38.680 36.457 34.008 40.960 36.658 35.283 24.047
-9999.000 -9999.000 -9999.000 -9999.000 11.079 0.000 0.000 0.000 10.448 19.484 22.804 14.759 65.011 75.992 70.418 69.983 68.311 71.592 76.242 76.900 82.118 83.962 82.164 78.349 62.833 51.193 59.267 58.320 74.870 82.851 84.359 80.313 99.288 92.434 99.689 104.235 92.979 72.964 47.696 42.439 53.417 59.330 62.756 59.210 60.481 40.361 24.808 21.104 30.592 45.732 51.886 65.375 76.704 86.214 89.275 85.585 57.746 36.120 44.302 34.075 22.618 20.841 25.957 55.293 56.040 55.497 36.959
-9999.000 -9999.000 -9999.000 -9999.000 33.960 16.535 55.870 63.268 62.233 70.612 71.755 79.911 74.635 74.372 70.589 70.440 67.467 64.088 73.810 74.428 80.146 76.140 65.573 69.194 76.166 78.091 75.017 72.504 79.677 85.075 88.019 88.513 98.008 111.151 105.847 106.111 80.462 67.309 50.959 50.687 46.014 55.905 57.470 47.433 39.739 31.183 11.284 22.512 49.165 49.068 60.217 65.797 78.445 86.146 78.463 64.743 36.307 21.307 16.581 28.800 34.234 31.628 42.215 57.658 61.497 60.565 53.042
-9999.000 -9999.000 -9999.000 -9999.000 -9999.000 29.648 62.253 59.409 65.526 73.264 81.235 78.081 78.605 70.205 66.881 68.211 62.992 63.644 71.343 75.633 78.485 64.276 69.095 69.383 68.912 71.718 80.289 73.854 75.145 78.103 81.238 97.843 98.552 117.446 104.289 80.335 77.063 68.669 66.016 56.023 44.922 44.222 36.022 20.945 13.574 22.142 13.538 36.161 52.102 47.841 50.225 57.963 75.872 82.528 76.831 60.767 39.318 42.241 35.174 20.658 19.988 34.257 49.480 54.238 67.065 66.865 62.099
-9999.000 -9999.000 -9999.000 -9999.000 -9999.000 20.303 73.453 65.540 65.979 73.395 81.012 78.490 77.754 76.769 66.613 67.053 60.381 66.849 73.138 79.631 61.454 69.557 67.129 67.837 72.103 69.608 81.146 82.577 81.370 70.542 77.860 85.125 93.774 85.323 71.713 57.233 62.106 67.241 75.125 80.186 65.075 43.561 37.165 31.990 16.141 15.493 34.709 42.658 39.265 41.128 41.487 42.133 64.622 77.144 84.199 83.203 76.965 71.379 55.919 39.320 28.233 39.398 56.882 49.216 71.920 72.025 65.612
-9999.000 -9999.000 -9999.000 -9999.000 -9999.000 0.000 72.330 66.713 58.991 55.979 69.968 76.690 79.225 69.178 66.646 62.721 58.140 67.662 69.895 78.079 49.562 66.190 56.938 60.096 70.605 76.879 77.368 81.917 77.220 64.777 71.886 71.659 83.743 61.207 31.683 27.269 36.129 47.760 60.919 68.520 62.552 56.549 40.637 28.984 21.640 21.871 38.204 52.066 50.420 50.443 52.503 53.163 62.026 68.492 79.978 77.143 73.809 58.274 44.679 31.426 34.679 47.898 62.166 63.171 68.121 75.731 58.574
