test_integration/test_sample_run/example/results.meteodistr/output_maps/snowdepthN0039.asc
ncols         174
nrows         141
xllcorner     744500.000000
yllcorner     5140950.000000
cellsize      250.000000
NODATA_value  -9999.0
[rows 29 to 57 of 141, columns 0 to 65 of 174]
-9999.000 -9999.000 -9999.000 -9999.000 -9999.000 -9999.000 -9999.000 -9999.000 -9999.000 -9999.000 -9999.000 -9999.000 -9999.000 -9999.000 -9999.000 -9999.000 -9999.000 -9999.000 -9999.000 -9999.000 -9999.000 -9999.000 -9999.000 -9999.000 -9999.000 -9999.000 -9999.000 -9999.000 -9999.000 -9999.000 -9999.000 -9999.000 -9999.000 -9999.000 -9999.000 -9999.000 -9999.000 -9999.000 -9999.000 137.401 130.948 133.709 133.555 -9999.000 154.865 -9999.000 -9999.000 -9999.000 -9999.000 -9999.000 -9999.000 -9999.000 -9999.000 -9999.000 -9999.000 -9999.000 -9999.000 -9999.000 -9999.000 -9999.000 -9999.000 117.959 153.796 149.608 143.403 126.631
-9999.000 -9999.000 -9999.000 -9999.000 -9999.000 -9999.000 -9999.000 -9999.000 -9999.000 -9999.000 -9999.000 -9999.000 -9999.000 -9999.000 -9999.000 -9999.000 -9999.000 -9999.000 -9999.000 -9999.000 -9999.000 -9999.000 -9999.000 -9999.000 -9999.000 -9999.000 -9999.000 -9999.000 -9999.000 -9999.000 -9999.000 -9999.000 -9999.000 -9999.000 -9999.000 -9999.000 -9999.000 -9999.000 170.134 129.104 144.985 144.364 138.752 139.966 151.942 174.445 -9999.000 -9999.000 -9999.000 -9999.000 -9999.000 -9999.000 -9999.000 -9999.000 -9999.000 -9999.000 -9999.000 -9999.000 -9999.000 -9999.000 138.006 140.698 125.320 160.436 160.250 179.719
-9999.000 -9999.000 -9999.000 -9999.000 -9999.000 -9999.000 -9999.000 -9999.000 -9999.000 -9999.000 -9999.000 -9999.000 -9999.000 -9999.000 -9999.000 -9999.000 -9999.000 -9999.000 -9999.000 -9999.000 -9999.000 -9999.000 -9999.000 -9999.000 -9999.000 -9999.000 -9999.000 -9999.000 -9999.000 -9999.000 -9999.000 -9999.000 -9999.000 -9999.000 -9999.000 -9999.000 -9999.000 153.431 130.202 145.752 144.653 143.822 128.028 138.416 168.210 144.602 131.240 143.657 -9999.000 -9999.000 -9999.000 -9999.000 -9999.000 -9999.000 -9999.000 -9999.000 -9999.000 -9999.000 -9999.000 185.879 144.548 145.673 131.467 114.195 148.220 183.993
-9999.000 -9999.000 -9999.000 -9999.000 -9999.000 -9999.000 -9999.000 -9999.000 -9999.000 -9999.000 -9999.000 -9999.000 -9999.000 -9999.000 -9999.000 -9999.000 -9999.000 -9999.000 -9999.000 -9999.000 -9999.000 -9999.000 -9999.000 -9999.000 -9999.000 -9999.000 -9999.000 -9999.000 -9999.000 -9999.000 -9999.000 -9999.000 -9999.000 -9999.000 -9999.000 -9999.000 155.131 158.668 152.039 144.451 146.989 136.304 118.167 115.923 118.432 125.340 143.105 143.438 152.359 -9999.000 -9999.000 -9999.000 -9999.000 -9999.000 -9999.000 -9999.000 122.256 120.550 116.487 184.033 144.044 118.775 115.776 115.744 139.225 157.773
-9999.000 -9999.000 -9999.000 -9999.000 -9999.000 -9999.000 -9999.000 -9999.000 -9999.000 -9999.000 -9999.000 -9999.000 -9999.000 -9999.000 -9999.000 -9999.000 -9999.000 -9999.000 -9999.000 -9999.000 -9999.000 -9999.000 -9999.000 -9999.000 -9999.000 -9999.000 -9999.000 -9999.000 -9999.000 -9999.000 -9999.000 -9999.000 -9999.000 -9999.000 -9999.000 148.055 153.216 156.108 159.335 146.645 131.947 117.336 113.986 110.408 115.677 103.622 114.242 124.612 135.094 135.341 131.916 250.694 131.740 149.903 143.135 133.020 114.599 111.849 136.503 155.057 124.864 126.052 105.846 106.953 147.222 181.776
-9999.000 -9999.000 -9999.000 -9999.000 -9999.000 -9999.000 -9999.000 -9999.000 -9999.000 -9999.000 -9999.000 -9999.000 -9999.000 -9999.000 -9999.000 -9999.000 -9999.000 -9999.000 -9999.000 -9999.000 -9999.000 -9999.000 -9999.000 -9999.000 -9999.000 -9999.000 -9999.000 -9999.000 -9999.000 -9999.000 -9999.000 -9999.000 -9999.000 128.027 140.316 145.288 143.504 139.048 153.807 146.850 119.745 120.847 106.341 101.097 100.508 106.954 118.352 126.126 138.512 153.122 128.163 167.072 140.741 144.278 151.188 143.845 129.260 118.406 124.523 126.535 135.825 116.822 100.614 103.210 128.600 138.791
-9999.000 -9999.000 -9999.000 -9999.000 -9999.000 -9999.000 -9999.000 -9999.000 -9999.000 -9999.000 -9999.000 -9999.000 -9999.000 -9999.000 -9999.000 -9999.000 -9999.000 -9999.000 -9999.000 -9999.000 -9999.000 -9999.000 -9999.000 -9999.000 -9999.000 -9999.000 -9999.000 -9999.000 -9999.000 -9999.000 -9999.000 -9999.000 129.972 120.262 122.542 132.441 126.504 111.985 139.323 155.185 127.111 120.420 98.393 96.272 99.352 105.729 119.587 122.001 153.675 174.383 163.184 127.622 195.075 129.524 145.698 145.177 123.139 125.384 110.806 118.198 131.124 122.798 100.645 105.522 120.502 119.654
-9999.000 -9999.000 -9999.000 -9999.000 -9999.000 -9999.000 -9999.000 -9999.000 -9999.000 -9999.000 -9999.000 -9999.000 -9999.000 -9999.000 -9999.000 -9999.000 -9999.000 -9999.000 -9999.000 -9999.000 -9999.000 -9999.000 -9999.000 -9999.000 -9999.000 -9999.000 -9999.000 -9999.000 -9999.000 -9999.000 -9999.000 -9999.000 -9999.000 126.692 115.962 111.840 119.840 115.516 115.595 127.524 115.228 108.576 97.516 98.414 98.383 116.097 111.487 140.657 147.168 142.016 160.945 163.354 154.552 177.103 161.966 136.936 122.844 125.512 113.784 115.916 117.984 112.636 100.774 113.235 119.609 129.901
-9999.000 -9999.000 -9999.000 -9999.000 -9999.000 -9999.000 -9999.000 -9999.000 -9999.000 -9999.000 -9999.000 -9999.000 -9999.000 -9999.000 -9999.000 -9999.000 -9999.000 -9999.000 -9999.000 -9999.000 -9999.000 -9999.000 -9999.000 -9999.000 -9999.000 -9999.000 -9999.000 -9999.000 -9999.000 -9999.000 -9999.000 -9999.000 -9999.000 130.354 126.771 115.388 103.707 111.553 98.788 110.416 110.883 120.044 94.929 96.779 94.625 108.458 116.521 122.487 134.536 133.788 150.185 189.328 126.315 125.725 117.826 140.418 136.546 123.397 111.634 100.939 91.961 96.614 95.633 108.384 111.059 120.795
-9999.000 -9999.000 -9999.000 -9999.000 -9999.000 -9999.000 -9999.000 -9999.000 -9999.000 -9999.000 -9999.000 -9999.000 -9999.000 -9999.000 -9999.000 -9999.000 -9999.000 -9999.000 -9999.000 -9999.000 -9999.000 -9999.000 -9999.000 -9999.000 -9999.000 -9999.000 -9999.000 -9999.000 -9999.000 -9999.000 -9999.000 -9999.000 -9999.000 144.513 127.531 111.126 110.688 101.140 99.024 104.140 105.584 104.603 94.985 93.505 104.806 109.098 112.365 122.727 132.766 150.473 141.536 136.171 121.505 128.943 110.021 111.930 163.111 122.791 107.165 101.827 95.766 95.267 91.403 95.509 100.923 125.865
-9999.000 -9999.000 -9999.000 -9999.000 -9999.000 -9999.000 -9999.000 -9999.000 -9999.000 -9999.000 -9999.000 -9999.000 -9999.000 -9999.000 -9999.000 -9999.000 -9999.000 -9999.000 -9999.000 -9999.000 -9999.000 -9999.000 -9999.000 -9999.000 -9999.000 -9999.000 -9999.000 -9999.000 -9999.000 -9999.000 -9999.000 -9999.000 -9999.000 134.412 127.996 128.324 110.222 94.976 95.230 80.499 85.152 87.483 96.762 87.975 99.848 112.020 103.820 114.315 136.573 126.931 118.467 124.225 144.330 127.036 110.255 114.645 119.354 134.122 102.761 105.055 87.528 91.191 93.121 74.830 102.450 122.599
-9999.000 -9999.000 -9999.000 -9999.000 -9999.000 -9999.000 -9999.000 -9999.000 -9999.000 -9999.000 -9999.000 -9999.000 -9999.000 -9999.000 -9999.000 -9999.000 -9999.000 -9999.000 -9999.000 -9999.000 -9999.000 -9999.000 -9999.000 -9999.000 -9999.000 -9999.000 -9999.000 -9999.000 -9999.000 -9999.000 -9999.000 -9999.000 113.588 114.587 110.627 112.076 98.273 94.121 97.914 92.693 87.930 80.703 88.651 87.815 95.992 117.153 101.159 115.433 110.844 118.070 119.958 130.185 148.972 130.857 107.676 110.374 113.163 133.685 117.370 105.185 79.688 87.916 90.453 75.761 88.616 123.892
-9999.000 -9999.000 -9999.000 -9999.000 -9999.000 -9999.000 -9999.000 -9999.000 -9999.000 -9999.000 -9999.000 -9999.000 -9999.000 -9999.000 -9999.000 -9999.000 -9999.000 -9999.000 -9999.000 -9999.000 -9999.000 -9999.000 -9999.000 -9999.000 -9999.000 -9999.000 -9999.000 -9999.000 -9999.000 -9999.000 -9999.000 107.945 102.571 106.326 101.585 99.010 105.720 101.655 104.736 96.938 98.762 90.232 81.723 79.032 90.180 104.521 98.569 109.795 110.873 119.584 113.506 112.162 121.060 128.283 105.979 98.278 96.078 110.642 114.595 107.994 96.510 92.376 88.407 73.744 99.197 116.014
-9999.000 -9999.000 -9999.000 -9999.000 -9999.000 -9999.000 -9999.000 -9999.000 -9999.000 -9999.000 -9999.000 -9999.000 -9999.000 -9999.000 -9999.000 -9999.000 -9999.000 -9999.000 -9999.000 -9999.000 -9999.000 -9999.000 -9999.000 -9999.000 -9999.000 -9999.000 -9999.000 -9999.000 -9999.000 -9999.000 113.382 110.947 116.871 116.356 108.628 110.598 107.323 101.861 102.286 96.052 90.528 89.447 84.974 73.382 79.550 84.062 87.175 100.881 97.523 92.928 110.405 103.077 113.220 116.847 105.929 95.768 96.007 106.380 124.262 108.494 83.457 86.115 87.405 79.906 82.015 126.985
-9999.000 -9999.000 -9999.000 -9999.000 -9999.000 -9999.000 -9999.000 -9999.000 -9999.000 -9999.000 -9999.000 -9999.000 -9999.000 -9999.000 -9999.000 -9999.000 -9999.000 -9999.000 -9999.000 -9999.000 -9999.000 -9999.000 -9999.000 -9999.000 -9999.000 -9999.000 -9999.000 -9999.000 -9999.000 -9999.000 115.243 128.732 127.681 124.049 127.701 116.639 111.281 122.981 119.564 114.674 87.898 82.886 79.252 78.313 64.021 59.111 74.679 68.540 88.659 80.505 74.096 113.999 104.842 118.158 102.442 104.558 90.321 94.451 110.228 101.866 86.296 80.112 79.854 82.652 109.318 115.533
-9999.000 -9999.000 -9999.000 -9999.000 -9999.000 -9999.000 -9999.000 -9999.000 -9999.000 -9999.000 -9999.000 -9999.000 -9999.000 -9999.000 -9999.000 -9999.000 -9999.000 -9999.000 -9999.000 -9999.000 -9999.000 -9999.000 -9999.000 -9999.000 -9999.000 -9999.000 -9999.000 -9999.000 -9999.000 -9999.000 127.316 130.342 138.311 128.483 131.148 121.656 123.527 148.129 114.631 102.640 78.377 81.787 82.798 79.561 83.997 81.090 76.370 64.024 62.565 71.961 72.345 79.421 97.272 89.973 99.196 82.587 89.861 101.760 99.488 101.471 78.972 77.843 83.963 76.856 99.426 120.819
-9999.000 -9999.000 -9999.000 -9999.000 -9999.000 -9999.000 -9999.000 -9999.000 -9999.000 -9999.000 -9999.000 -9999.000 -9999.000 -9999.000 -9999.000 -9999.000 -9999.000 -9999.000 -9999.000 -9999.000 -9999.000 -9999.000 112.549 114.741 110.559 111.999 126.122 -9999.000 -9999.000 -9999.000 137.773 141.547 141.744 135.193 132.722 122.776 149.914 110.741 106.744 89.383 74.249 90.282 86.864 85.629 80.507 80.475 78.040 76.728 66.139 63.004 61.891 66.752 75.003 77.982 83.574 78.165 85.862 83.669 78.389 86.771 66.067 59.608 69.655 75.956 111.576 115.893
-9999.000 -9999.000 -9999.000 -9999.000 -9999.000 -9999.000 -9999.000 -9999.000 -9999.000 -9999.000 -9999.000 -9999.000 -9999.000 -9999.000 -9999.000 -9999.000 -9999.000 -9999.000 -9999.000 -9999.000 -9999.000 108.135 113.809 120.193 120.688 123.421 133.677 133.359 -9999.000 149.875 142.038 149.721 148.132 160.195 138.713 150.304 118.321 120.873 95.497 82.434 86.987 84.159 83.674 100.084 86.050 78.722 79.692 68.784 69.522 67.968 64.172 70.601 66.136 69.652 60.056 74.468 69.209 59.481 60.396 55.965 50.253 59.559 59.851 84.230 110.191 108.550
-9999.000 -9999.000 -9999.000 -9999.000 -9999.000 -9999.000 -9999.000 -9999.000 -9999.000 -9999.000 -9999.000 -9999.000 -9999.000 -9999.000 -9999.000 -9999.000 -9999.000 -9999.000 -9999.000 106.695 103.787 108.695 118.785 121.254 121.881 132.331 144.411 148.194 150.306 154.289 148.518 159.131 152.947 136.919 147.727 127.472 109.287 110.003 87.145 88.938 91.777 85.933 109.696 104.494 100.288 97.123 86.670 77.521 64.522 65.493 61.120 58.674 60.704 55.436 51.530 53.777 53.268 47.806 46.909 45.377 47.639 53.342 61.206 92.853 89.562 104.037
-9999.000 -9999.000 -9999.000 -9999.000 -9999.000 -9999.000 -9999.000 -9999.000 -9999.000 -9999.000 -9999.000 -9999.000 -9999.000 -9999.000 -9999.000 -9999.000 111.307 106.189 101.998 104.959 110.228 111.886 120.658 124.542 128.831 118.933 154.146 142.855 153.508 159.293 155.937 143.000 134.846 117.548 121.305 114.068 107.116 99.255 93.646 95.756 94.241 102.881 115.748 115.879 113.761 112.941 97.385 106.918 72.262 63.984 61.533 58.018 58.485 57.613 59.380 60.959 61.033 59.711 54.332 52.814 55.039 50.921 63.434 61.274 80.457 95.530
-9999.000 -9999.000 -9999.000 -9999.000 -9999.000 -9999.000 -9999.000 -9999.000 -9999.000 -9999.000 -9999.000 -9999.000 -9999.000 -9999.000 -9999.000 -9999.000 103.428 106.842 108.228 108.738 112.960 115.033 119.484 123.638 138.645 138.985 119.360 147.513 181.814 163.558 181.160 139.752 125.974 113.500 116.875 106.064 104.228 94.034 104.288 98.900 102.578 106.257 123.985 133.014 120.638 108.982 96.011 81.449 76.643 72.003 58.154 59.094 57.238 56.883 57.314 57.004 56.826 55.889 55.461 54.809 55.328 49.465 43.693 44.402 59.535 70.633
-9999.000 -9999.000 -9999.000 -9999.000 -9999.000 -9999.000 -9999.000 -9999.000 -9999.000 -9999.000 -9999.000 -9999.000 -9999.000 -9999.000 -9999.000 106.549 101.598 109.868 109.569 109.648 112.828 115.277 121.083 124.091 127.808 156.492 145.738 128.772 156.604 171.306 151.044 126.139 125.803 107.062 101.447 99.564 103.767 105.399 104.270 111.746 109.205 113.674 126.971 112.098 114.884 105.492 93.249 78.276 71.103 62.752 54.930 58.176 58.261 59.104 59.462 57.654 57.604 56.196 55.404 57.345 55.931 54.418 52.668 49.535 47.488 58.050
-9999.000 -9999.000 -9999.000 -9999.000 -9999.000 -9999.000 -9999.000 -9999.000 -9999.000 -9999.000 -9999.000 -9999.000 -9999.000 -9999.000 105.213 106.452 109.425 108.741 108.077 111.035 113.660 115.681 121.078 124.700 126.000 148.626 160.162 155.160 149.870 182.127 129.902 120.424 119.174 107.567 103.727 106.510 110.906 116.087 115.707 121.246 112.599 127.837 113.633 110.940 89.295 93.835 77.602 73.094 60.144 58.032 58.053 59.251 61.031 63.333 66.517 66.212 65.087 65.129 67.089 61.635 55.914 55.979 52.218 50.837 49.018 46.997
-9999.000 -9999.000 -9999.000 -9999.000 -9999.000 -9999.000 -9999.000 -9999.000 -9999.000 -9999.000 -9999.000 -9999.000 -9999.000 112.005 106.105 111.780 107.797 107.949 107.390 110.389 113.846 116.953 120.784 122.581 128.860 138.557 158.239 173.720 140.110 128.054 121.208 120.564 110.378 109.547 111.225 113.122 115.353 117.999 123.981 119.326 121.938 118.355 107.421 101.663 94.306 88.375 73.224 66.633 57.585 57.243 60.301 62.977 66.356 72.335 74.732 81.319 78.588 82.237 79.388 64.207 56.912 56.337 53.477 52.855 52.554 51.260
-9999.000 -9999.000 -9999.000 -9999.000 -9999.000 -9999.000 -9999.000 -9999.000 -9999.000 -9999.000 -9999.000 -9999.000 107.448 106.061 108.282 109.968 105.175 106.467 107.139 109.652 115.130 119.685 124.887 124.409 129.942 144.325 138.787 158.412 138.084 128.426 126.729 121.735 115.575 116.077 121.347 121.896 121.499 125.739 125.301 124.413 116.681 106.643 95.009 102.643 98.243 82.577 69.436 65.798 61.010 59.725 61.226 63.626 79.291 85.342 89.452 94.161 97.327 95.257 88.169 74.747 64.092 59.674 54.149 53.887 52.719 52.066
-9999.000 -9999.000 -9999.000 -9999.000 131.498 -9999.000 -9999.000 -9999.000 -9999.000 -9999.000 -9999.000 108.589 105.804 109.538 108.038 104.873 104.482 105.307 107.016 109.616 116.152 118.313 125.758 125.024 122.154 121.367 117.848 121.203 150.767 130.792 123.279 124.476 121.254 118.288 124.241 125.177 123.899 130.355 119.966 122.130 102.981 99.734 100.849 101.743 96.076 83.397 70.784 62.843 60.414 57.945 66.257 70.764 86.369 95.252 100.696 107.692 106.100 107.305 87.300 86.892 65.240 60.689 55.396 54.663 52.851 52.403
-9999.000 -9999.000 -9999.000 -9999.000 120.911 138.922 106.884 108.665 107.923 117.729 106.824 103.529 109.428 110.263 105.670 104.141 103.064 103.071 106.355 108.238 114.608 118.247 121.989 121.131 112.947 117.159 111.961 112.459 126.755 132.473 126.024 126.907 127.483 120.661 125.583 129.134 129.069 112.341 106.124 103.158 102.515 106.775 98.917 99.465 93.845 76.515 62.975 58.403 58.538 58.319 64.571 77.872 92.404 103.135 103.156 108.975 99.814 87.116 83.102 68.684 57.473 56.116 54.821 60.313 59.060 57.974
-9999.000 -9999.000 -9999.000 -9999.000 116.662 117.645 111.603 111.784 110.567 118.501 111.642 114.700 110.628 109.418 104.175 103.014 100.787 99.431 103.307 105.158 114.091 116.856 111.560 112.875 116.679 120.112 118.335 116.254 128.015 135.058 128.272 127.525 131.289 125.581 129.611 132.767 116.969 114.922 103.882 100.835 102.955 101.388 97.887 92.803 82.815 67.827 54.026 57.140 60.298 61.212 73.187 82.488 97.596 107.653 108.437 112.390 82.850 73.517 69.079 71.312 61.590 56.563 56.400 62.770 64.199 63.303
-9999.000 -9999.000 -9999.000 -9999.000 -9999.000 112.150 107.128 108.055 109.020 113.913 116.357 113.478 109.152 104.444 101.712 100.541 97.598 96.664 101.400 104.832 112.634 107.126 109.455 110.100 109.752 112.919 119.011 115.959 116.770 130.534 129.101 130.438 132.519 133.744 137.423 127.533 116.043 110.871 104.703 101.599 93.458 93.300 81.098 72.428 66.653 63.380 52.211 58.179 65.942 65.919 74.428 85.632 101.584 103.422 106.089 96.311 74.876 73.416 67.860 62.051 58.421 60.103 58.851 67.747 70.848 70.600
