test_integration/test_sample_run/example/results.meteodistr/output_maps/snowdepthN0031.asc
ncols         174
nrows         141
xllcorner     744500.000000
yllcorner     5140950.000000
cellsize      250.000000
NODATA_value  -9999.0
[rows 87 to 115 of 141, columns 0 to 65 of 174]
-9999.000 -9999.000 -9999.000 -9999.000 -9999.000 -9999.000 -9999.000 -9999.000 -9999.000 -9999.000 -9999.000 134.504 124.768 126.064 119.913 124.067 129.725 101.306 162.434 131.697 115.427 130.742 121.484 156.096 144.771 125.168 101.799 98.271 83.458 91.890 94.335 87.240 98.195 108.303 112.211 128.010 136.976 106.636 87.380 80.337 111.629 115.580 97.577 93.235 78.968 84.194 80.826 84.055 93.923 106.731 106.410 80.644 79.462 75.357 68.683 62.209 55.975 53.927 63.655 69.471 62.162 55.495 59.016 49.339 42.074 36.032
-9999.000 -9999.000 -9999.000 -9999.000 -9999.000 -9999.000 -9999.000 -9999.000 -9999.000 -9999.000 -9999.000 -9999.000 128.508 132.531 129.442 129.383 121.985 122.339 184.127 120.914 120.975 124.831 119.493 165.149 143.502 127.966 86.185 114.470 110.374 97.106 88.744 84.241 90.213 100.209 106.035 122.777 107.909 89.451 78.139 67.919 90.676 84.550 91.796 93.005 72.799 70.023 74.627 71.750 81.547 86.087 97.126 87.125 83.031 77.315 66.612 62.048 53.523 50.024 59.440 65.601 56.321 53.193 51.220 44.890 39.007 37.252
-9999.000 -9999.000 -9999.000 -9999.000 -9999.000 -9999.000 -9999.000 -9999.000 -9999.000 -9999.000 -9999.000 -9999.000 132.257 135.542 135.934 134.641 132.034 159.538 151.819 122.081 128.547 131.996 128.768 118.251 165.607 139.951 97.888 101.295 101.835 101.347 83.652 77.661 72.736 73.490 92.037 107.925 92.254 91.557 71.798 68.560 75.355 63.878 73.714 89.195 72.298 63.583 63.931 76.238 79.187 83.289 86.560 77.358 74.132 69.465 62.606 57.190 46.142 45.258 58.046 57.517 56.515 54.361 48.608 43.076 40.417 37.777
-9999.000 -9999.000 -9999.000 -9999.000 -9999.000 -9999.000 -9999.000 -9999.000 -9999.000 -9999.000 -9999.000 -9999.000 135.601 132.785 145.495 136.827 135.160 182.339 142.381 144.588 141.223 137.533 137.855 148.002 146.177 183.041 105.697 103.949 104.029 91.595 86.697 85.840 72.419 73.215 84.698 86.082 76.585 79.898 72.461 67.273 75.979 66.041 66.325 82.378 67.591 61.554 64.207 71.693 77.878 84.731 86.886 73.313 70.081 66.871 56.071 50.217 46.911 43.420 47.401 44.881 41.526 47.546 51.009 43.525 40.240 39.671
-9999.000 -9999.000 -9999.000 -9999.000 -9999.000 -9999.000 -9999.000 -9999.000 -9999.000 -9999.000 -9999.000 -9999.000 -9999.000 -9999.000 -9999.000 -9999.000 -9999.000 154.045 135.063 145.885 139.678 139.422 137.374 150.630 154.660 169.662 116.589 127.758 117.223 99.440 84.057 76.261 71.879 66.333 67.784 56.699 53.708 48.025 60.534 61.295 50.475 49.793 43.660 46.489 70.445 56.779 62.014 69.226 77.267 84.051 84.976 76.809 67.692 62.155 56.131 49.095 40.936 35.771 37.199 38.051 36.669 36.467 43.618 48.689 44.469 44.623
-9999.000 -9999.000 -9999.000 -9999.000 -9999.000 -9999.000 -9999.000 -9999.000 -9999.000 -9999.000 -9999.000 -9999.000 -9999.000 -9999.000 -9999.000 -9999.000 -9999.000 -9999.000 142.938 140.918 137.786 139.786 141.838 153.542 164.352 161.590 115.057 115.181 121.353 115.432 78.599 69.771 69.627 68.682 57.907 57.069 55.748 55.322 55.811 59.494 52.345 48.177 43.258 38.533 47.179 52.751 52.749 55.561 67.300 82.012 76.593 70.534 74.030 63.705 49.491 48.195 38.886 34.269 31.298 31.526 37.108 40.279 42.258 43.646 47.794 43.836
-9999.000 -9999.000 -9999.000 -9999.000 -9999.000 -9999.000 -9999.000 -9999.000 -9999.000 -9999.000 -9999.000 -9999.000 -9999.000 -9999.000 -9999.000 -9999.000 -9999.000 -9999.000 -9999.000 -9999.000 141.761 142.391 147.833 168.367 148.541 131.658 91.257 98.708 97.098 73.288 73.734 73.579 69.667 73.447 70.558 67.029 65.550 63.708 61.819 60.543 56.867 52.084 48.832 42.345 32.431 33.664 47.849 58.474 62.972 57.530 44.184 45.745 62.572 65.524 45.415 43.584 34.851 35.832 24.221 28.173 35.809 34.602 37.061 44.356 38.076 34.198
-9999.000 -9999.000 -9999.000 -9999.000 -9999.000 -9999.000 -9999.000 -9999.000 -9999.000 -9999.000 -9999.000 -9999.000 -9999.000 -9999.000 -9999.000 -9999.000 -9999.000 -9999.000 -9999.000 -9999.000 -9999.000 148.845 149.119 170.370 127.956 92.558 81.946 97.193 85.466 86.054 78.019 73.914 73.778 71.686 63.160 64.107 61.958 56.574 57.896 57.406 52.843 49.694 49.566 47.787 44.182 36.668 37.161 49.225 46.219 42.508 41.625 42.984 54.996 48.932 38.611 36.810 26.509 28.262 25.135 27.140 31.985 33.128 42.964 41.121 32.466 28.809
-9999.000 -9999.000 -9999.000 -9999.000 -9999.000 -9999.000 -9999.000 -9999.000 -9999.000 -9999.000 -9999.000 -9999.000 -9999.000 -9999.000 -9999.000 -9999.000 -9999.000 -9999.000 -9999.000 -9999.000 -9999.000 -9999.000 170.206 130.727 79.320 78.185 95.289 103.452 96.138 86.092 83.609 79.263 77.970 72.332 62.742 75.204 66.517 62.079 59.396 55.356 55.660 53.106 51.569 51.620 44.200 36.572 27.218 23.480 31.410 30.807 37.232 51.054 35.295 34.397 39.140 34.027 25.218 17.486 24.951 22.456 30.226 43.346 35.967 31.854 31.151 24.853
-9999.000 -9999.000 -9999.000 -9999.000 -9999.000 -9999.000 -9999.000 -9999.000 -9999.000 -9999.000 -9999.000 -9999.000 -9999.000 -9999.000 -9999.000 -9999.000 -9999.000 -9999.000 -9999.000 -9999.000 -9999.000 -9999.000 -9999.000 89.788 86.281 104.974 105.979 105.671 91.772 88.148 81.937 75.623 76.339 68.031 83.110 75.817 78.355 77.561 65.395 61.962 61.835 70.407 64.930 54.717 36.102 35.688 32.759 26.604 27.743 28.694 38.961 37.526 41.090 36.532 41.492 31.845 23.152 20.549 25.476 23.831 35.377 32.504 27.989 23.530 28.266 22.329
-9999.000 -9999.000 -9999.000 -9999.000 -9999.000 -9999.000 -9999.000 -9999.000 -9999.000 -9999.000 -9999.000 -9999.000 -9999.000 -9999.000 -9999.000 -9999.000 -9999.000 -9999.000 -9999.000 -9999.000 -9999.000 -9999.000 -9999.000 98.382 104.526 110.863 108.974 106.714 98.444 94.031 84.897 71.295 82.251 70.675 99.696 79.407 87.380 88.811 78.397 88.690 94.821 69.741 53.370 45.359 37.757 35.976 33.780 30.676 27.744 26.508 29.018 25.805 33.750 30.422 36.360 25.159 15.010 18.249 24.767 30.011 35.137 25.014 20.126 14.431 18.712 19.902
-9999.000 -9999.000 -9999.000 -9999.000 -9999.000 -9999.000 -9999.000 -9999.000 -9999.000 -9999.000 -9999.000 -9999.000 -9999.000 -9999.000 -9999.000 -9999.000 -9999.000 -9999.000 -9999.000 -9999.000 -9999.000 -9999.000 -9999.000 118.329 106.697 107.435 112.830 109.591 108.077 100.731 81.836 88.322 75.258 76.672 120.767 96.491 101.959 112.643 118.736 85.283 65.426 63.227 48.860 49.464 42.368 39.762 35.678 33.936 27.671 25.668 21.823 19.539 24.416 24.781 17.900 18.694 20.578 19.480 25.877 35.220 32.251 25.471 16.855 10.668 10.657 14.062
-9999.000 -9999.000 -9999.000 -9999.000 -9999.000 -9999.000 -9999.000 -9999.000 -9999.000 -9999.000 -9999.000 -9999.000 -9999.000 -9999.000 -9999.000 -9999.000 -9999.000 -9999.000 -9999.000 -9999.000 -9999.000 -9999.000 -9999.000 127.265 117.651 116.950 123.787 119.919 115.467 92.024 98.640 106.192 99.474 113.496 131.075 112.963 120.655 95.309 66.240 61.357 67.732 69.636 60.534 53.690 51.253 41.074 39.325 35.837 26.592 24.306 19.684 16.506 18.149 18.295 11.114 13.126 20.982 26.183 31.473 34.865 31.320 24.776 16.994 9.817 13.415 9.695
-9999.000 -9999.000 -9999.000 -9999.000 -9999.000 -9999.000 -9999.000 -9999.000 -9999.000 -9999.000 -9999.000 -9999.000 -9999.000 -9999.000 -9999.000 -9999.000 -9999.000 -9999.000 -9999.000 -9999.000 -9999.000 -9999.000 -9999.000 131.844 111.309 114.302 129.942 123.466 94.057 100.982 126.870 143.345 138.531 137.947 110.615 99.339 76.972 72.058 73.188 78.855 71.156 65.427 68.266 60.249 48.733 45.903 43.974 34.933 29.100 25.860 23.417 20.862 16.071 13.392 13.661 11.632 19.043 24.155 28.613 25.931 27.278 23.133 15.055 9.796 12.667 12.335
-9999.000 -9999.000 -9999.000 -9999.000 -9999.000 -9999.000 -9999.000 -9999.000 -9999.000 -9999.000 -9999.000 -9999.000 -9999.000 -9999.000 -9999.000 -9999.000 -9999.000 -9999.000 -9999.000 -9999.000 -9999.000 -9999.000 -9999.000 -9999.000 124.037 126.672 137.085 121.976 111.686 143.230 137.655 129.227 118.529 108.911 109.727 87.383 66.530 75.908 80.721 77.758 78.022 68.132 80.530 64.868 55.559 51.867 44.862 38.561 31.001 30.253 28.622 24.117 20.698 16.018 12.694 14.103 17.968 11.727 17.815 17.510 18.236 16.923 11.366 9.291 11.752 10.788
-9999.000 -9999.000 -9999.000 -9999.000 -9999.000 -9999.000 -9999.000 -9999.000 -9999.000 -9999.000 -9999.000 -9999.000 -9999.000 -9999.000 -9999.000 -9999.000 -9999.000 -9999.000 -9999.000 -9999.000 -9999.000 -9999.000 -9999.000 -9999.000 133.085 139.686 134.146 123.473 146.949 148.567 119.284 121.383 113.353 100.675 81.994 73.508 77.244 81.130 75.955 73.279 78.761 89.614 80.817 66.072 60.220 53.508 39.154 36.948 33.811 34.224 33.151 27.821 25.037 21.911 17.462 9.786 11.795 8.727 12.808 9.334 9.912 11.418 10.018 8.911 10.099 10.223
-9999.000 -9999.000 -9999.000 -9999.000 -9999.000 -9999.000 -9999.000 -9999.000 -9999.000 -9999.000 -9999.000 -9999.000 -9999.000 -9999.000 -9999.000 -9999.000 -9999.000 -9999.000 -9999.000 -9999.000 -9999.000 -9999.000 -9999.000 -9999.000 147.605 145.288 143.518 152.705 145.274 132.628 122.734 119.011 102.454 93.094 76.886 82.304 83.401 78.917 80.163 91.927 86.767 106.582 87.029 79.568 65.517 51.127 48.601 41.421 38.456 40.216 39.321 33.572 31.374 27.070 22.662 16.130 9.836 10.409 0.350 9.566 0.298 10.362 10.786 8.596 9.308 0.054
-9999.000 -9999.000 -9999.000 -9999.000 -9999.000 -9999.000 -9999.000 -9999.000 -9999.000 -9999.000 -9999.000 -9999.000 -9999.000 -9999.000 -9999.000 -9999.000 -9999.000 -9999.000 -9999.000 -9999.000 -9999.000 -9999.000 -9999.000 -9999.000 152.265 154.290 156.802 152.073 141.152 123.558 110.675 112.696 102.581 98.397 86.062 84.248 78.288 88.654 90.650 86.314 -9999.000 83.052 67.048 68.163 60.180 54.152 41.199 42.629 39.841 43.850 40.657 33.835 34.593 30.153 26.977 16.531 10.557 7.279 9.318 9.209 9.401 9.811 9.560 9.257 9.046 0.059
-9999.000 -9999.000 -9999.000 -9999.000 -9999.000 -9999.000 -9999.000 -9999.000 -9999.000 -9999.000 -9999.000 -9999.000 -9999.000 -9999.000 -9999.000 -9999.000 -9999.000 -9999.000 -9999.000 -9999.000 -9999.000 -9999.000 -9999.000 -9999.000 148.132 169.305 152.784 158.063 157.914 153.328 120.096 103.573 101.502 95.482 92.368 89.455 93.329 96.802 -9999.000 -9999.000 -9999.000 -9999.000 68.938 64.447 59.423 53.760 48.115 46.170 49.023 48.057 42.778 39.284 38.306 36.357 30.504 20.742 17.877 15.386 7.897 9.763 0.162 0.157 9.709 10.830 9.426 0.072
-9999.000 -9999.000 -9999.000 -9999.000 -9999.000 -9999.000 -9999.000 -9999.000 -9999.000 -9999.000 -9999.000 -9999.000 -9999.000 -9999.000 -9999.000 -9999.000 -9999.000 -9999.000 -9999.000 -9999.000 -9999.000 -9999.000 -9999.000 -9999.000 -9999.000 166.311 181.103 166.685 154.466 131.494 130.395 120.161 109.868 106.671 100.689 100.675 98.696 -9999.000 -9999.000 -9999.000 -9999.000 -9999.000 -9999.000 66.867 61.570 57.006 52.951 53.918 53.520 47.829 46.940 46.641 42.068 40.128 29.189 26.131 21.949 17.144 10.600 9.009 0.192 0.156 0.136 0.139 0.111 0.079
-9999.000 -9999.000 -9999.000 -9999.000 -9999.000 -9999.000 -9999.000 -9999.000 -9999.000 -9999.000 -9999.000 -9999.000 -9999.000 -9999.000 -9999.000 -9999.000 -9999.000 -9999.000 -9999.000 -9999.000 -9999.000 -9999.000 -9999.000 -9999.000 -9999.000 -9999.000 -9999.000 146.905 120.549 133.794 120.750 115.040 113.032 111.496 -9999.000 -9999.000 -9999.000 -9999.000 -9999.000 -9999.000 -9999.000 -9999.000 -9999.000 -9999.000 63.562 62.711 58.193 56.825 52.730 54.079 -9999.000 -9999.000 -9999.000 -9999.000 -9999.000 29.164 17.059 18.479 15.058 10.607 9.148 8.249 0.152 0.112 0.095 0.086
-9999.000 -9999.000 -9999.000 -9999.000 -9999.000 -9999.000 -9999.000 -9999.000 -9999.000 -9999.000 -9999.000 -9999.000 -9999.000 -9999.000 -9999.000 -9999.000 -9999.000 -9999.000 -9999.000 -9999.000 -9999.000 -9999.000 -9999.000 -9999.000 -9999.000 -9999.000 -9999.000 -9999.000 -9999.000 -9999.000 -9999.000 -9999.000 -9999.000 -9999.000 -9999.000 -9999.000 -9999.000 -9999.000 -9999.000 -9999.000 -9999.000 -9999.000 -9999.000 -9999.000 67.253 -9999.000 -9999.000 -9999.000 -9999.000 -9999.000 -9999.000 -9999.000 -9999.000 -9999.000 -9999.000 -9999.000 21.297 19.256 16.024 11.655 7.302 8.878 0.172 0.136 0.100 0.077
-9999.000 -9999.000 -9999.000 -9999.000 -9999.000 -9999.000 -9999.000 -9999.000 -9999.000 -9999.000 -9999.000 -9999.000 -9999.000 -9999.000 -9999.000 -9999.000 -9999.000 -9999.000 -9999.000 -9999.000 -9999.000 -9999.000 -9999.000 -9999.000 -9999.000 -9999.000 -9999.000 -9999.000 -9999.000 -9999.000 -9999.000 -9999.000 -9999.000 -9999.000 -9999.000 -9999.000 -9999.000 -9999.000 -9999.000 -9999.000 -9999.000 -9999.000 -9999.000 -9999.000 -9999.000 -9999.000 -9999.000 -9999.000 -9999.000 -9999.000 -9999.000 -9999.000 -9999.000 -9999.000 -9999.000 -9999.000 -9999.000 18.634 12.558 12.619 9.405 0.246 0.190 0.147 0.102 0.095
-9999.000 -9999.000 -9999.000 -9999.000 -9999.000 -9999.000 -9999.000 -9999.000 -9999.000 -9999.000 -9999.000 -9999.000 -9999.000 -9999.000 -9999.000 -9999.000 -9999.000 -9999.000 -9999.000 -9999.000 -9999.000 -9999.000 -9999.000 -9999.000 -9999.000 -9999.000 -9999.000 -9999.000 -9999.000 -9999.000 -9999.000 -9999.000 -9999.000 -9999.000 -9999.000 -9999.000 -9999.000 -9999.000 -9999.000 -9999.000 -9999.000 -9999.000 -9999.000 -9999.000 -9999.000 -9999.000 -9999.000 -9999.000 -9999.000 -9999.000 -9999.000 -9999.000 -9999.000 -9999.000 -9999.000 -9999.000 -9999.000 -9999.000 12.753 8.247 0.308 0.250 0.212 0.139 0.122 0.135
-9999.000 -9999.000 -9999.000 -9999.000 -9999.000 -9999.000 -9999.000 -9999.000 -9999.000 -9999.000 -9999.000 -9999.000 -9999.000 -9999.000 -9999.000 -9999.000 -9999.000 -9999.000 -9999.000 -9999.000 -9999.000 -9999.000 -9999.000 -9999.000 -9999.000 -9999.000 -9999.000 -9999.000 -9999.000 -9999.000 -9999.000 -9999.000 -9999.000 -9999.000 -9999.000 -9999.000 -9999.000 -9999.000 -9999.000 -9999.000 -9999.000 -9999.000 -9999.000 -9999.000 -9999.000 -9999.000 -9999.000 -9999.000 -9999.000 -9999.000 -9999.000 -9999.000 -9999.000 -9999.000 -9999.000 -9999.000 -9999.000 -9999.000 -9999.000 -9999.000 -9999.000 0.287 0.196 0.168 0.143 0.136
-9999.000 -9999.000 -9999.000 -9999.000 -9999.000 -9999.000 -9999.000 -9999.000 -9999.000 -9999.000 -9999.000 -9999.000 -9999.000 -9999.000 -9999.000 -9999.000 -9999.000 -9999.000 -9999.000 -9999.000 -9999.000 -9999.000 -9999.000 -9999.000 -9999.000 -9999.000 -9999.000 -9999.000 -9999.000 -9999.000 -9999.000 -9999.000 -9999.000 -9999.000 -9999.000 -9999.000 -9999.000 -9999.000 -9999.000 -9999.000 -9999.000 -9999.000 -9999.000 -9999.000 -9999.000 -9999.000 -9999.000 -9999.000 -9999.000 -9999.000 -9999.000 -9999.000 -9999.000 -9999.000 -9999.000 -9999.000 -9999.000 -9999.000 -9999.000 -9999.000 -9999.000 -9999.000 -9999.000 0.174 0.166 0.194
-9999.000 -9999.000 -9999.000 -9999.000 -9999.000 -9999.000 -9999.000 -9999.000 -9999.000 -9999.000 -9999.000 -9999.000 -9999.000 -9999.000 -9999.000 -9999.000 -9999.000 -9999.000 -9999.000 -9999.000 -9999.000 -9999.000 -9999.000 -9999.000 -9999.000 -9999.000 -9999.000 -9999.000 -9999.000 -9999.000 -9999.000 -9999.000 -9999.000 -9999.000 -9999.000 -9999.000 -9999.000 -9999.000 -9999.000 -9999.000 -9999.000 -9999.000 -9999.000 -9999.000 -9999.000 -9999.000 -9999.000 -9999.000 -9999.000 -9999.000 -9999.000 -9999.000 -9999.000 -9999.000 -9999.000 -9999.000 -9999.000 -9999.000 -9999.000 -9999.000 -9999.000 -9999.000 -9999.000 -9999.000 0.253 9.973
-9999.000 -9999.000 -9999.000 -9999.000 -9999.000 -9999.000 -9999.000 -9999.000 -9999.000 -9999.000 -9999.000 -9999.000 -9999.000 -9999.000 -9999.000 -9999.000 -9999.000 -9999.000 -9999.000 -9999.000 -9999.000 -9999.000 -9999.000 -9999.000 -9999.000 -9999.000 -9999.000 -9999.000 -9999.000 -9999.000 -9999.000 -9999.000 -9999.000 -9999.000 -9999.000 -9999.000 -9999.000 -9999.000 -9999.000 -9999.000 -9999.000 -9999.000 -9999.000 -9999.000 -9999.000 -9999.000 -9999.000 -9999.000 -9999.000 -9999.000 -9999.000 -9999.000 -9999.000 -9999.000 -9999.000 -9999.000 -9999.000 -9999.000 -9999.000 -9999.000 -9999.000 -9999.000 -9999.000 -9999.000 0.351 8.180
-9999.000 -9999.000 -9999.000 -9999.000 -9999.000 -9999.000 -9999.000 -9999.000 -9999.000 -9999.000 -9999.000 -9999.000 -9999.000 -9999.000 -9999.000 -9999.000 -9999.000 -9999.000 -9999.000 -9999.000 -9999.000 -9999.000 -9999.000 -9999.000 -9999.000 -9999.000 -9999.000 -9999.000 -9999.000 -9999.000 -9999.000 -9999.000 -9999.000 -9999.000 -9999.000 -9999.000 -9999.000 -9999.000 -9999.000 -9999.000 -9999.000 -9999.000 -9999.000 -9999.000 -9999.000 -9999.000 -9999.000 -9999.000 -9999.000 -9999.000 -9999.000 -9999.000 -9999.000 -9999.000 -9999.000 -9999.000 -9999.000 -9999.000 -9999.000 -9999.000 -9999.000 -9999.000 -9999.000 -9999.000 0.284 0.316
