test_integration/test_sample_run/example/results.meteodistr/output_maps/snowdepthN0016.asc
ncols         174
nrows         141
xllcorner     744500.000000
yllcorner     5140950.000000
cellsize      250.000000
NODATA_value  -9999.0
[rows 58 to 86 of 141, columns 0 to 64 of 174]
-9999.000 -9999.000 -9999.000 -9999.000 -9999.000 164.657 147.223 152.128 149.914 166.283 164.071 157.766 148.554 142.006 131.583 130.160 124.328 124.088 131.613 143.698 147.866 149.347 149.726 151.299 154.338 154.911 167.491 170.868 180.331 174.754 176.866 190.308 197.410 205.061 179.315 134.380 132.018 129.311 123.159 114.802 104.250 96.727 89.568 80.207 71.402 67.942 63.717 65.165 71.731 75.798 82.349 84.946 103.349 135.320 139.190 112.520 91.981 86.607 77.402 71.367 65.931 65.657 65.824 71.438 82.448
-9999.000 -9999.000 -9999.000 -9999.000 -9999.000 150.664 147.509 143.788 140.426 141.170 154.801 159.780 148.862 131.729 127.814 125.461 118.786 119.576 130.970 148.561 129.929 142.115 136.025 138.144 146.282 149.809 159.589 171.743 173.996 159.851 164.278 163.955 197.572 153.393 110.720 112.189 119.398 128.867 128.602 118.906 102.553 94.219 81.834 74.559 66.256 65.438 65.643 67.699 71.982 72.635 79.564 84.472 105.837 124.719 149.913 132.610 114.998 86.650 73.075 66.368 64.809 62.922 71.165 76.851 92.392
-9999.000 -9999.000 -9999.000 -9999.000 -9999.000 148.456 146.162 141.622 136.764 135.780 138.665 139.316 138.083 133.694 124.286 118.899 114.934 113.354 121.623 137.640 127.337 132.134 131.436 132.889 141.985 148.740 155.317 158.838 148.918 145.610 152.728 140.636 149.058 112.399 113.018 128.328 124.290 114.625 116.231 115.859 93.161 90.804 79.559 67.397 66.425 65.197 63.832 68.392 69.651 76.127 88.037 94.641 108.493 121.799 137.083 114.624 87.352 89.945 70.451 65.392 66.878 65.582 79.494 84.463 93.623
-9999.000 -9999.000 -9999.000 -9999.000 -9999.000 146.255 139.104 137.974 132.560 132.286 132.333 135.250 130.755 127.332 119.444 115.398 110.640 110.686 110.597 117.031 118.994 121.235 122.908 128.114 142.148 144.145 146.120 143.898 137.994 141.522 141.564 141.273 104.569 114.278 124.229 119.453 112.353 109.218 104.780 94.356 88.089 86.639 70.530 60.978 64.722 64.835 61.212 70.781 87.319 91.237 93.637 94.291 111.014 123.401 125.015 111.626 84.643 77.401 61.442 67.219 67.402 71.967 87.200 96.203 101.700
-9999.000 -9999.000 -9999.000 -9999.000 -9999.000 143.743 136.935 134.591 131.993 128.672 125.915 131.119 131.365 125.652 115.562 113.222 108.428 108.305 107.765 112.611 114.635 117.709 118.271 122.549 135.095 138.730 139.535 138.360 133.515 135.276 133.126 129.157 120.026 111.071 120.049 113.149 108.338 101.879 84.344 89.463 88.704 80.376 60.157 63.554 64.472 63.269 64.934 76.525 99.487 104.099 95.983 95.931 113.513 113.955 122.407 99.166 83.142 70.106 63.675 66.520 69.787 71.061 87.560 103.758 109.718
-9999.000 -9999.000 -9999.000 -9999.000 151.988 142.929 128.426 128.639 127.533 126.344 118.806 114.667 119.628 128.444 121.118 110.574 104.294 103.320 103.872 104.314 110.887 114.571 114.888 118.994 123.768 130.290 129.705 128.309 124.874 125.931 121.290 117.008 108.063 99.440 106.226 102.782 90.814 78.291 74.466 74.797 74.030 59.369 62.318 63.968 64.318 63.585 68.894 76.466 94.677 103.195 107.732 110.944 111.637 99.818 104.958 85.135 72.730 67.047 67.368 70.187 74.728 77.839 83.795 83.409 103.502
-9999.000 -9999.000 -9999.000 -9999.000 -9999.000 161.579 150.553 124.034 124.442 116.876 108.806 107.531 112.861 109.529 116.321 104.799 105.359 101.563 101.178 101.610 105.335 110.594 109.520 113.301 115.701 118.570 120.158 121.466 117.456 116.380 109.243 107.334 102.319 98.398 90.991 86.181 76.565 73.461 73.915 70.755 63.565 63.253 63.312 63.442 61.665 63.831 67.720 69.533 81.484 96.288 110.659 116.450 97.150 91.660 86.906 78.967 68.764 69.727 67.556 66.925 70.042 76.678 83.329 88.453 102.935
-9999.000 -9999.000 -9999.000 -9999.000 -9999.000 -9999.000 136.887 137.932 135.462 138.451 138.430 128.624 106.247 106.681 97.484 101.306 98.816 98.660 96.905 96.624 100.067 104.637 104.023 105.012 106.097 112.474 110.124 111.786 105.376 104.689 97.356 99.859 97.926 89.094 75.281 73.110 68.327 69.383 67.888 66.214 66.001 62.772 64.912 61.435 67.223 70.803 75.457 74.969 76.785 81.658 90.032 94.717 93.207 87.301 72.004 70.901 70.663 71.803 70.642 75.905 86.005 93.052 101.594 104.491 110.139
-9999.000 -9999.000 -9999.000 -9999.000 -9999.000 155.019 144.424 135.157 117.662 129.017 138.592 136.585 147.602 113.254 95.971 100.024 97.891 97.657 95.583 94.138 97.945 98.811 99.575 99.141 103.009 110.115 102.442 99.021 99.887 98.419 93.956 91.178 86.551 82.248 72.716 74.210 70.571 68.628 66.059 65.140 62.828 62.742 63.529 58.379 79.969 76.468 81.906 73.664 81.406 86.190 90.561 88.904 89.607 84.511 75.148 74.230 72.611 71.620 71.858 73.921 81.021 84.761 103.180 117.166 128.170
-9999.000 -9999.000 -9999.000 -9999.000 -9999.000 162.265 155.326 139.968 149.765 111.742 116.435 125.534 113.473 111.071 95.739 96.033 95.630 94.766 92.264 88.926 90.838 92.139 92.157 92.599 93.121 94.458 86.664 88.848 92.194 86.702 82.050 77.582 72.511 68.023 69.745 70.061 68.105 67.108 66.574 65.592 63.160 63.335 69.229 75.928 102.329 79.073 95.609 84.700 85.754 88.170 90.686 88.059 86.665 81.211 75.459 75.330 75.070 75.827 76.803 78.660 79.207 78.701 90.988 89.736 98.377
-9999.000 -9999.000 -9999.000 -9999.000 -9999.000 -9999.000 165.509 144.559 215.721 140.351 100.860 119.096 115.569 104.175 93.476 94.794 93.422 91.883 88.082 87.378 86.883 88.331 87.844 86.890 82.161 79.815 79.969 81.022 81.224 81.457 78.342 74.749 69.282 69.349 69.103 68.405 67.606 68.455 65.920 62.909 56.779 69.647 78.261 90.111 90.150 80.859 99.131 89.916 88.280 77.992 81.991 84.847 85.618 79.440 76.120 76.693 75.399 77.410 82.384 82.245 82.954 83.346 86.812 94.436 95.404
-9999.000 -9999.000 -9999.000 -9999.000 -9999.000 -9999.000 176.111 176.410 203.862 165.618 120.232 109.266 109.113 99.695 90.009 93.453 92.094 93.024 91.461 88.168 83.528 83.031 82.944 81.273 78.771 75.548 74.822 73.662 70.988 71.978 68.631 69.219 69.681 68.977 68.474 68.176 67.345 66.953 68.084 58.436 67.355 106.595 85.700 91.220 96.059 101.768 96.530 80.309 88.642 91.813 95.496 92.397 85.966 82.487 74.532 76.690 78.451 81.437 89.834 86.222 86.628 86.674 89.947 92.282 95.780
-9999.000 -9999.000 -9999.000 -9999.000 -9999.000 -9999.000 -9999.000 213.782 191.409 171.514 139.437 138.175 91.030 93.029 90.886 93.702 78.118 86.841 91.353 89.230 83.990 80.512 80.324 79.709 76.953 75.238 74.351 73.229 72.234 71.254 70.221 69.637 68.749 68.362 65.172 64.529 65.108 69.490 72.460 65.553 83.094 102.445 95.110 98.931 105.095 154.526 141.522 126.008 85.347 94.437 117.403 102.046 92.754 80.851 74.672 74.991 85.164 84.373 91.318 85.970 84.495 83.647 82.904 89.533 94.754
-9999.000 -9999.000 -9999.000 -9999.000 -9999.000 -9999.000 -9999.000 197.013 189.730 166.009 174.521 125.775 97.651 86.955 93.911 78.603 93.272 103.731 92.799 87.153 87.155 83.566 77.744 78.043 75.540 74.851 73.656 72.749 71.526 70.948 69.717 69.486 67.296 67.953 68.545 71.555 75.865 74.301 76.446 69.123 84.782 86.866 94.497 116.932 175.728 164.563 156.013 165.823 113.829 153.430 135.861 102.746 91.110 87.013 75.293 76.070 82.095 99.545 104.719 94.869 93.003 95.190 93.621 93.175 98.362
-9999.000 -9999.000 -9999.000 -9999.000 -9999.000 -9999.000 -9999.000 -9999.000 220.773 209.490 151.674 125.061 86.528 94.515 95.047 70.763 99.352 114.817 112.406 92.672 85.100 86.966 78.294 78.368 75.953 75.000 73.822 72.440 71.275 70.329 66.513 61.147 65.665 65.068 79.530 97.004 82.428 72.255 66.444 74.929 83.407 91.704 115.752 142.416 205.623 205.194 132.473 148.316 205.031 148.867 117.327 111.787 98.413 78.825 80.483 76.191 79.390 111.592 121.181 104.106 106.169 103.682 107.716 101.080 97.586
-9999.000 -9999.000 -9999.000 -9999.000 -9999.000 -9999.000 -9999.000 -9999.000 222.067 189.172 147.554 136.809 105.800 110.127 96.315 72.889 133.035 145.285 144.122 110.932 79.436 78.378 75.186 75.368 74.595 73.836 72.602 71.817 70.724 66.376 69.757 73.202 85.453 79.407 87.073 95.815 87.913 85.396 84.434 95.470 103.138 120.011 122.011 127.285 166.926 193.564 191.379 172.987 206.320 144.742 115.469 100.799 73.119 85.320 87.560 79.071 82.989 134.210 119.899 119.412 124.212 110.556 129.909 116.393 100.786
-9999.000 -9999.000 -9999.000 -9999.000 -9999.000 -9999.000 -9999.000 165.780 181.775 170.708 146.887 146.204 114.437 109.672 81.613 114.652 172.750 158.576 109.858 99.146 80.764 75.406 74.730 75.494 73.410 71.563 65.783 70.842 68.205 72.123 83.479 80.773 101.900 91.374 80.648 94.127 103.533 94.265 105.402 107.826 116.979 120.307 140.601 148.648 158.251 152.302 223.215 188.825 206.163 151.577 78.010 78.695 86.376 88.711 90.447 80.419 87.304 142.893 124.364 120.857 122.229 108.011 144.861 119.251 106.809
-9999.000 -9999.000 -9999.000 -9999.000 -9999.000 -9999.000 175.251 177.990 163.814 155.587 155.687 150.220 135.516 111.876 90.019 146.328 199.181 144.891 144.033 133.008 79.558 64.406 71.899 75.323 75.456 70.767 66.789 73.757 79.906 88.522 91.406 96.354 104.274 101.641 97.886 113.666 146.741 107.104 120.828 121.624 131.266 145.007 159.064 162.692 176.122 183.975 171.116 200.751 205.324 98.782 102.558 96.659 82.005 95.918 95.384 88.627 101.031 130.895 136.735 125.712 120.696 126.858 164.795 120.385 110.127
-9999.000 -9999.000 -9999.000 -9999.000 -9999.000 200.296 174.914 168.260 160.088 160.775 156.314 157.515 143.390 127.144 114.349 191.501 160.018 145.924 145.674 138.405 66.312 61.680 74.581 74.007 69.035 67.457 79.349 83.994 93.164 92.792 92.228 115.394 114.514 109.468 159.421 111.423 159.418 123.859 132.305 138.200 141.995 161.264 168.839 172.215 176.736 188.095 185.108 216.648 177.390 150.176 133.213 102.748 79.165 99.636 92.438 98.300 96.050 109.752 127.705 121.068 120.426 129.002 159.458 125.262 113.374
-9999.000 -9999.000 -9999.000 196.283 216.837 206.689 177.529 171.877 162.929 161.022 155.336 153.961 159.653 137.093 147.085 206.580 190.105 144.654 146.764 82.630 51.026 74.510 76.845 69.425 75.234 82.109 128.044 94.487 108.397 98.866 120.154 117.091 128.713 176.761 153.770 140.788 177.664 156.676 147.332 150.439 154.613 169.929 172.598 174.637 177.877 181.652 198.460 197.532 197.127 134.712 133.336 106.643 91.075 105.300 100.370 90.261 110.856 136.975 125.402 125.868 144.545 169.065 123.465 126.940 118.394
-9999.000 -9999.000 188.880 219.373 214.737 207.096 182.468 170.499 138.931 116.053 155.023 158.686 171.147 136.990 160.947 224.617 228.614 169.630 117.660 71.026 60.051 75.896 77.049 66.627 91.088 93.609 155.424 103.842 113.741 131.740 130.585 137.855 139.416 176.461 158.249 161.122 162.905 161.355 170.508 168.906 168.896 178.273 176.447 177.841 170.176 183.355 189.967 229.938 129.326 117.713 116.436 111.186 103.110 106.425 101.884 97.536 122.715 159.712 168.836 173.741 159.123 136.546 122.712 128.364 124.667
-9999.000 -9999.000 198.938 215.741 230.738 204.004 163.866 154.165 138.050 166.357 145.051 173.613 178.060 152.890 154.990 243.762 212.452 158.531 109.642 86.296 70.172 81.527 77.178 75.881 84.674 101.740 169.819 121.712 132.334 147.258 155.967 160.144 167.632 158.134 179.852 182.892 161.288 186.290 156.703 169.146 178.873 180.300 186.352 173.080 205.534 206.952 210.763 214.873 155.411 108.222 108.239 116.812 99.381 110.162 102.439 113.026 128.435 162.152 167.453 128.132 112.102 115.094 130.440 122.259 110.622
-9999.000 -9999.000 -9999.000 216.218 223.337 196.794 201.105 147.029 215.408 184.640 161.678 179.884 184.493 153.728 149.497 282.481 181.705 148.917 110.860 92.927 81.255 94.822 90.608 83.222 97.269 126.353 172.981 146.625 152.278 159.192 170.393 160.631 167.739 164.790 167.972 194.806 218.450 157.516 160.153 157.966 186.378 178.117 165.750 178.351 178.987 208.967 198.135 203.203 152.188 143.544 107.600 98.639 121.048 104.061 103.540 106.159 123.613 177.619 118.344 115.210 118.642 116.628 112.390 103.857 100.684
-9999.000 -9999.000 -9999.000 -9999.000 -9999.000 -9999.000 228.413 242.485 182.381 167.867 182.772 187.900 185.743 133.343 167.137 251.128 130.281 119.656 84.522 101.314 100.618 88.059 111.049 111.783 94.155 121.377 221.971 151.301 174.735 179.493 157.658 152.952 171.793 160.101 178.025 202.753 158.015 180.077 164.854 173.275 190.734 169.856 185.675 172.715 192.542 192.567 209.167 208.657 155.948 151.195 148.854 117.063 121.602 116.439 118.256 139.430 171.487 114.781 117.067 112.418 107.840 101.023 91.158 97.947 91.417
-9999.000 -9999.000 -9999.000 -9999.000 -9999.000 -9999.000 -9999.000 305.448 184.509 148.338 139.434 141.873 155.688 149.677 298.956 166.476 109.551 106.848 92.995 96.824 93.225 82.111 98.630 139.798 108.820 144.742 194.441 169.118 175.285 169.215 152.900 128.643 165.483 187.105 172.995 223.962 142.488 163.973 182.701 171.358 176.596 170.028 186.966 210.437 190.122 199.133 222.142 201.797 201.962 186.876 208.831 120.315 138.138 144.847 154.951 130.044 120.320 104.263 106.458 107.276 102.700 94.131 90.981 89.539 84.566
-9999.000 -9999.000 -9999.000 -9999.000 -9999.000 -9999.000 -9999.000 325.852 305.748 293.097 267.721 243.936 263.056 288.163 190.124 153.230 92.205 118.224 127.954 88.933 79.019 105.873 124.730 149.744 131.971 119.970 203.979 162.481 159.856 141.652 161.592 220.995 161.327 179.946 232.823 162.367 180.565 173.247 182.946 203.523 200.628 182.703 144.421 158.672 152.038 133.136 193.466 181.945 163.287 150.779 134.761 120.957 97.413 113.249 109.390 113.457 91.565 100.151 99.103 99.871 97.784 92.758 84.665 78.018 75.682
-9999.000 -9999.000 -9999.000 -9999.000 -9999.000 -9999.000 -9999.000 -9999.000 210.629 204.013 209.936 213.546 218.961 213.131 176.791 127.123 105.767 140.168 100.818 141.963 112.225 122.888 141.776 121.910 128.365 131.043 192.245 204.328 194.742 199.403 194.017 217.471 197.929 217.061 196.473 190.619 191.548 203.044 190.533 172.381 144.153 154.711 129.191 130.304 153.875 105.336 143.410 143.026 143.972 114.989 98.686 106.019 104.760 99.750 99.532 101.087 95.906 101.799 92.480 94.146 95.644 86.786 74.965 69.132 63.873
-9999.000 -9999.000 -9999.000 -9999.000 -9999.000 -9999.000 -9999.000 -9999.000 -9999.000 221.385 207.881 185.174 180.566 163.348 142.936 113.299 130.206 133.443 97.183 202.078 141.845 133.693 122.475 143.128 163.330 185.468 192.056 195.095 192.226 182.921 224.656 215.670 208.965 168.125 144.901 211.469 136.373 118.328 122.394 109.049 115.477 149.076 105.826 120.472 136.391 112.110 114.837 136.084 155.686 115.097 109.533 97.239 92.092 88.221 89.270 89.445 84.994 88.288 80.261 79.792 89.943 79.318 70.093 62.293 55.929
-9999.000 -9999.000 -9999.000 -9999.000 -9999.000 -9999.000 -9999.000 -9999.000 -9999.000 -9999.000 214.886 194.469 172.821 154.824 134.657 143.145 141.249 101.805 117.816 189.303 116.116 155.237 124.281 163.261 207.499 168.913 123.838 122.643 115.611 121.800 121.292 125.269 133.540 142.300 128.006 161.391 131.148 133.317 122.020 113.569 136.772 137.882 106.333 103.242 112.663 104.981 110.017 131.739 115.266 141.216 93.108 100.652 88.764 87.657 79.648 79.762 74.259 73.349 74.388 75.974 72.178 74.168 65.625 54.297 51.336
