test_integration/test_sample_run/example/results.meteodistr/output_maps/snowdepthN0064.asc
ncols         174
nrows         141
xllcorner     744500.000000
yllcorner     5140950.000000
cellsize      250.000000
NODATA_value  -9999.0
[rows 60 to 89 of 141, columns 0 to 66 of 174]
-9999.000 -9999.000 -9999.000 -9999.000 -9999.000 10.911 66.093 71.636 60.922 56.107 55.708 54.672 55.582 63.987 62.373 61.858 59.616 58.633 59.661 56.622 52.950 56.075 58.607 64.748 74.096 74.835 70.814 67.566 59.109 54.396 63.215 54.985 49.009 44.642 32.542 46.727 53.480 45.280 52.189 54.628 40.258 43.955 40.309 18.638 28.722 33.676 39.099 58.552 63.163 66.914 62.328 60.819 64.096 67.746 61.104 64.644 22.266 33.813 22.167 24.421 47.123 53.511 66.700 72.419 71.676 74.420 63.343
-9999.000 -9999.000 -9999.000 -9999.000 -9999.000 23.162 65.033 68.405 67.257 60.823 56.883 62.933 59.105 60.628 59.317 61.078 57.455 57.010 45.911 45.676 50.755 54.081 56.315 66.755 73.786 66.861 66.058 57.992 55.165 60.234 58.270 52.547 16.337 27.237 50.512 47.800 52.218 51.541 39.131 30.885 33.603 45.727 21.642 13.888 29.055 33.882 43.027 55.487 74.482 76.731 68.966 56.056 69.362 61.096 55.530 56.576 36.600 27.112 6.706 26.276 46.781 48.742 67.249 79.331 82.542 79.353 73.843
-9999.000 -9999.000 -9999.000 -9999.000 -9999.000 49.256 71.843 67.315 66.069 64.222 55.134 56.800 65.842 67.982 67.923 66.782 64.800 57.421 51.123 51.687 57.700 60.041 61.833 63.877 61.130 67.335 62.948 59.838 55.617 60.143 55.368 52.642 51.091 37.584 52.316 53.879 47.666 43.021 16.342 25.550 38.650 26.117 8.773 29.530 43.139 34.666 44.559 46.783 66.438 78.154 79.356 72.873 65.198 52.952 56.698 36.835 32.236 21.057 22.195 42.954 47.296 38.149 41.871 54.111 79.084 82.308 82.091
-9999.000 -9999.000 -9999.000 -9999.000 64.986 75.827 92.436 72.093 66.263 65.902 54.831 58.880 51.717 55.667 73.072 69.604 66.262 56.659 53.677 49.788 62.246 61.158 58.314 59.547 56.818 58.212 55.820 53.558 52.207 53.428 49.343 48.311 45.608 31.781 40.666 42.871 29.437 14.500 15.886 19.084 13.357 11.350 33.515 42.166 51.802 44.548 35.250 32.423 48.248 66.145 85.442 87.805 61.044 32.673 37.523 24.866 15.993 16.544 33.778 45.928 52.083 55.688 44.293 36.890 61.098 74.321 57.134
-9999.000 -9999.000 -9999.000 -9999.000 -9999.000 69.725 63.640 90.469 89.645 90.388 85.792 85.624 74.709 61.322 49.931 50.258 58.862 58.424 54.258 52.415 55.475 60.749 57.251 56.584 52.985 55.380 48.948 55.025 54.846 52.267 42.213 43.358 44.670 44.219 23.767 19.275 16.714 18.286 25.716 27.644 20.350 34.561 44.782 52.230 57.950 60.415 60.210 44.112 28.146 41.892 54.894 63.504 47.235 32.594 16.383 17.498 16.301 31.766 47.936 55.037 59.365 66.530 71.148 74.836 75.143 65.560 39.788
-9999.000 -9999.000 -9999.000 -9999.000 -9999.000 -9999.000 37.257 93.005 95.229 97.095 93.882 90.415 82.399 83.117 45.918 50.891 49.881 56.779 53.607 51.176 53.607 54.135 53.584 48.366 49.239 58.704 50.692 49.538 44.651 44.653 35.548 40.425 42.898 44.449 14.888 15.947 12.718 19.626 27.759 27.041 32.434 44.401 49.508 53.047 60.566 64.289 67.061 67.911 67.273 48.998 36.511 25.274 34.977 46.904 17.511 18.284 28.147 41.792 48.978 54.496 66.187 69.125 81.898 84.357 87.639 74.273 57.043
-9999.000 -9999.000 -9999.000 -9999.000 -9999.000 66.409 83.277 98.442 87.192 94.323 78.282 67.837 72.796 74.424 61.842 56.804 56.389 57.046 55.365 48.780 51.059 47.446 49.202 46.193 52.755 57.280 41.873 36.289 43.377 39.490 37.157 30.626 25.262 24.725 21.834 27.451 32.802 32.129 35.609 36.170 43.148 57.362 58.743 53.017 68.849 67.325 70.731 65.146 71.613 70.116 68.082 50.465 42.824 41.793 38.421 39.895 50.602 53.088 54.035 36.603 32.267 34.635 52.381 56.589 67.612 79.882 67.740
-9999.000 -9999.000 -9999.000 -9999.000 -9999.000 79.473 90.867 97.844 103.676 82.018 82.191 67.599 44.865 41.744 42.648 49.200 52.998 51.495 47.797 44.714 42.078 43.418 42.450 41.886 35.308 30.393 22.950 28.795 37.532 31.209 28.120 19.565 11.190 6.944 23.949 28.283 31.995 36.379 39.002 37.365 56.469 57.354 61.734 64.169 82.271 66.947 77.668 71.322 73.604 75.707 76.990 70.439 63.010 48.059 45.734 48.243 53.924 60.580 66.805 58.305 37.927 26.727 25.385 18.355 32.718 63.473 80.125
-9999.000 -9999.000 -9999.000 -9999.000 -9999.000 -9999.000 86.455 99.198 97.610 96.271 70.184 84.718 71.667 53.787 44.155 50.490 51.609 57.362 62.361 56.245 47.622 40.998 40.733 36.488 25.202 16.886 21.781 24.354 22.107 26.446 24.952 25.597 23.518 30.187 35.066 34.736 36.828 38.826 43.450 44.413 51.021 60.005 66.998 72.797 72.749 65.189 78.187 73.286 73.635 66.148 68.595 71.093 71.253 63.822 51.538 52.069 63.268 63.880 70.387 66.512 62.665 47.989 36.238 45.324 39.337 46.129 79.965
-9999.000 -9999.000 -9999.000 -9999.000 -9999.000 -9999.000 85.257 107.227 76.132 81.623 85.639 81.911 76.434 58.635 64.983 62.839 72.942 78.266 76.587 69.281 54.160 44.521 37.818 36.178 33.452 26.299 28.170 24.094 17.220 20.986 20.548 25.824 37.438 36.908 37.244 42.775 45.934 44.157 52.146 43.796 54.237 82.756 69.392 71.253 74.153 78.055 74.540 64.184 71.100 72.399 75.015 73.359 70.646 65.727 53.203 51.271 67.223 69.694 74.472 69.725 67.641 68.357 61.487 56.248 50.666 45.388 48.743
-9999.000 -9999.000 -9999.000 -9999.000 -9999.000 -9999.000 -9999.000 86.764 89.530 90.037 98.494 96.820 65.813 61.033 68.000 70.534 66.391 72.077 75.744 74.841 67.134 58.495 45.945 41.142 38.493 40.572 40.251 38.128 41.230 38.365 41.217 47.049 47.793 52.013 59.709 59.322 59.505 60.911 60.804 53.214 52.276 63.325 73.491 75.548 80.392 107.355 100.080 92.413 67.110 73.204 87.727 77.978 71.066 62.187 52.677 50.508 68.814 70.570 75.256 71.659 71.945 71.362 70.249 74.727 74.578 55.505 61.793
-9999.000 -9999.000 -9999.000 -9999.000 -9999.000 -9999.000 -9999.000 112.920 116.172 110.345 107.984 85.016 60.036 66.679 77.932 57.360 72.349 79.952 73.556 71.065 69.788 66.963 49.003 44.009 42.951 44.100 42.217 40.857 42.404 41.596 47.895 47.467 61.227 62.072 61.072 62.397 65.680 65.258 67.897 60.689 52.265 60.802 69.542 85.627 115.013 102.536 91.364 106.907 86.656 107.091 94.708 71.082 64.747 55.466 53.521 51.621 58.926 78.609 82.003 76.653 76.126 77.354 75.776 75.809 78.651 71.947 70.090
-9999.000 -9999.000 -9999.000 -9999.000 -9999.000 -9999.000 -9999.000 -9999.000 99.602 117.240 88.363 80.315 58.955 75.705 78.106 58.580 75.502 85.614 84.293 71.976 65.022 55.720 46.322 45.031 42.808 41.938 49.862 40.308 50.448 49.862 60.633 56.270 58.573 58.678 65.710 78.266 68.560 63.079 58.757 62.830 64.536 63.917 71.929 83.583 90.273 104.365 95.731 102.533 117.755 97.766 64.902 62.055 49.835 33.167 59.842 54.108 57.100 85.009 89.348 81.864 83.349 81.626 83.631 79.335 77.791 82.218 68.585
-9999.000 -9999.000 -9999.000 -9999.000 -9999.000 -9999.000 -9999.000 -9999.000 31.395 82.720 76.044 76.391 78.591 82.184 75.998 57.217 94.335 100.985 83.188 71.701 50.769 47.272 43.912 48.527 48.601 47.086 51.683 53.718 61.547 59.932 61.179 62.377 69.868 66.036 72.601 77.003 70.157 69.535 68.089 75.021 78.878 81.574 67.053 62.183 71.084 78.593 123.231 111.642 117.959 100.318 67.016 46.598 22.921 42.884 64.228 55.388 58.606 96.523 87.881 89.559 92.230 84.511 95.543 87.086 78.374 84.495 75.544
-9999.000 -9999.000 -9999.000 -9999.000 -9999.000 -9999.000 -9999.000 25.991 10.731 62.577 72.960 72.314 79.883 84.978 59.707 83.976 110.216 82.579 66.649 75.448 63.247 53.406 38.938 50.811 55.300 62.935 59.944 64.011 61.271 62.411 69.468 66.518 79.295 72.450 64.746 73.700 78.420 73.516 80.931 81.768 86.388 88.276 97.111 80.638 70.086 78.366 85.328 117.286 124.334 96.530 39.147 47.351 45.012 68.004 66.572 63.409 54.947 83.280 90.351 90.316 91.016 82.189 99.776 86.761 79.407 83.588 75.089
-9999.000 -9999.000 -9999.000 -9999.000 -9999.000 -9999.000 0.000 35.233 65.734 55.932 70.792 80.482 94.555 83.818 68.210 99.482 102.817 83.291 88.314 94.798 57.723 44.283 41.613 49.620 62.528 62.047 56.728 63.542 67.175 72.396 72.669 74.373 79.319 77.018 74.440 84.762 102.339 80.053 88.925 88.922 92.995 100.543 100.042 97.155 87.141 87.473 75.388 108.916 90.044 48.355 76.318 73.267 58.558 73.929 72.333 70.449 71.095 80.494 96.887 92.444 89.155 92.267 96.629 86.113 81.459 79.262 80.161
-9999.000 -9999.000 -9999.000 -9999.000 -9999.000 20.080 18.495 68.640 68.078 90.555 90.805 86.919 97.410 90.919 83.850 117.511 100.119 101.297 97.462 77.183 19.053 26.831 43.468 52.785 59.705 56.432 62.750 67.796 74.531 73.762 71.942 81.342 84.357 81.492 96.865 82.142 94.292 89.663 94.640 97.572 98.217 92.344 95.322 95.538 93.849 97.143 101.223 87.775 86.532 87.443 93.261 75.048 57.675 73.973 71.744 74.324 73.772 82.497 92.775 89.170 88.810 94.056 83.977 82.572 79.545 79.690 84.384
-9999.000 -9999.000 -9999.000 26.782 45.802 61.787 85.361 105.825 108.724 108.063 103.746 104.653 102.949 93.678 101.036 123.893 119.542 99.755 99.765 36.687 19.389 32.401 50.467 48.006 60.637 62.581 92.192 72.739 82.372 75.507 88.054 78.732 85.841 113.908 102.168 99.004 93.770 101.060 100.494 101.929 97.589 98.634 99.375 98.850 102.357 97.853 114.178 121.959 95.727 77.057 67.585 52.769 63.669 76.302 75.703 62.439 82.249 97.973 91.789 91.829 100.668 105.471 76.281 82.044 82.013 86.338 87.709
-9999.000 -9999.000 69.900 77.253 110.666 100.847 114.826 111.822 97.639 84.486 104.808 106.953 109.814 96.182 102.071 130.374 105.006 91.302 70.000 30.024 39.711 64.459 64.240 56.958 66.027 71.143 101.778 77.773 84.445 93.982 93.808 96.170 80.106 73.851 108.885 105.260 107.803 105.124 96.660 98.143 102.407 95.595 102.958 100.759 109.088 108.123 94.160 112.534 84.382 56.881 67.518 65.749 77.838 79.866 75.102 70.131 78.286 96.810 107.042 96.464 72.912 62.051 65.418 79.319 79.777 76.782 76.056
-9999.000 -9999.000 81.952 79.226 114.142 115.559 106.638 105.109 97.551 113.038 100.427 112.742 114.508 105.562 98.324 137.287 94.000 99.914 59.419 55.010 56.046 68.722 64.330 62.279 60.654 75.748 109.788 87.685 94.344 95.731 101.331 97.757 92.643 75.850 98.138 116.526 109.492 107.114 88.235 86.038 102.656 88.415 90.744 88.645 99.998 113.749 93.417 83.766 98.720 79.012 79.645 85.208 74.903 81.790 74.880 76.197 89.761 102.032 83.094 64.352 30.302 30.618 66.355 65.342 58.129 52.969 66.394
-9999.000 -9999.000 -9999.000 75.387 98.659 117.454 125.086 103.567 131.228 93.090 106.020 115.132 117.263 105.601 102.326 130.712 81.816 79.716 47.112 44.484 63.563 73.022 70.745 65.707 61.401 89.671 113.032 99.772 98.941 101.964 91.251 96.719 99.182 98.590 89.896 106.022 87.858 92.182 93.946 95.048 98.309 97.410 107.040 93.445 86.706 95.452 119.329 114.029 91.720 98.578 81.121 74.011 86.726 77.416 76.824 78.529 88.046 82.588 59.345 50.807 50.401 43.968 42.930 43.915 40.609 54.308 54.397
-9999.000 -9999.000 -9999.000 -9999.000 -9999.000 -9999.000 99.387 142.689 99.593 107.973 116.576 118.623 117.773 93.878 113.083 98.505 58.218 53.225 32.428 57.514 74.766 71.050 78.846 82.976 48.198 84.931 100.187 100.059 97.753 99.091 103.265 105.516 105.914 108.482 100.935 122.356 72.148 82.431 104.826 109.654 92.807 94.761 117.818 110.837 101.172 96.359 116.710 99.002 103.553 102.948 103.820 85.136 85.133 84.263 85.795 93.223 86.058 45.610 45.374 54.385 53.158 36.567 17.488 36.793 30.640 53.506 37.967
-9999.000 -9999.000 -9999.000 -9999.000 -9999.000 -9999.000 -9999.000 123.689 117.645 102.408 97.731 98.571 105.830 105.267 111.541 99.641 41.631 40.783 71.119 74.498 73.465 65.463 66.768 96.865 68.149 72.120 81.909 89.792 102.539 95.048 104.130 92.930 107.634 105.434 108.972 91.324 95.607 104.849 105.641 109.589 113.575 103.717 81.151 98.844 80.318 90.773 86.635 87.314 86.270 105.761 97.653 84.071 77.171 83.950 90.269 51.511 37.754 33.925 38.649 47.120 52.867 47.394 37.112 32.164 29.014 47.844 42.889
-9999.000 -9999.000 -9999.000 -9999.000 -9999.000 -9999.000 -9999.000 78.967 84.945 143.932 149.234 143.660 139.139 126.295 66.924 75.171 36.623 55.685 91.333 67.716 60.867 78.857 88.375 89.885 93.007 53.663 111.445 109.255 102.757 98.173 102.696 131.134 107.252 94.568 116.988 83.378 107.818 110.151 105.396 121.683 106.851 90.600 48.609 65.349 51.586 53.205 83.411 82.272 71.634 60.212 46.186 68.387 40.680 25.189 28.881 40.585 11.145 25.857 33.715 43.075 50.717 54.579 43.331 23.381 18.008 29.848 56.595
-9999.000 -9999.000 -9999.000 -9999.000 -9999.000 -9999.000 -9999.000 -9999.000 12.657 17.407 64.178 70.053 71.667 72.538 73.531 50.156 58.300 81.047 68.822 99.363 82.444 88.041 92.666 87.631 91.036 92.306 94.886 112.134 117.834 121.170 120.476 84.216 118.703 88.675 80.044 108.072 86.129 80.811 67.962 71.255 54.675 77.178 41.559 42.908 69.666 25.301 61.177 66.074 81.321 19.263 16.463 18.521 43.841 24.001 24.295 32.021 26.317 46.271 33.690 39.196 61.034 51.557 36.696 25.924 12.660 9.729 36.998
-9999.000 -9999.000 -9999.000 -9999.000 -9999.000 -9999.000 -9999.000 -9999.000 -9999.000 40.566 28.638 57.896 50.560 57.918 57.640 42.241 74.661 86.575 70.145 99.518 78.048 90.529 82.056 99.014 111.465 97.842 75.660 75.284 75.245 73.227 91.465 86.775 84.648 71.487 55.237 85.586 54.540 20.920 13.870 22.038 22.593 64.222 11.849 42.202 58.347 18.641 36.588 54.910 83.869 79.149 37.563 17.305 20.967 14.733 18.625 24.210 18.128 27.658 20.251 23.288 39.554 42.716 35.756 24.395 14.588 0.000 10.653
-9999.000 -9999.000 -9999.000 -9999.000 -9999.000 -9999.000 -9999.000 -9999.000 -9999.000 -9999.000 51.772 36.977 62.294 59.719 50.445 72.339 94.481 75.053 85.965 91.591 48.512 79.125 86.144 98.147 94.187 76.819 25.857 17.576 12.597 21.256 26.720 24.834 33.088 54.199 26.465 66.675 70.281 43.894 30.532 23.648 65.320 69.678 40.272 30.241 32.194 20.845 44.132 53.826 37.139 91.967 63.807 49.937 30.032 34.705 12.078 13.864 16.030 15.743 21.314 32.442 12.831 21.219 34.106 20.033 8.909 0.000 0.000
-9999.000 -9999.000 -9999.000 -9999.000 -9999.000 -9999.000 -9999.000 -9999.000 -9999.000 -9999.000 -9999.000 36.750 31.442 74.157 73.171 87.758 96.018 77.891 121.427 89.579 67.730 83.207 89.835 117.770 95.154 91.964 47.250 28.122 26.425 21.679 16.592 0.000 21.041 21.753 31.021 59.033 82.955 52.477 13.939 20.181 62.266 49.871 61.653 27.775 13.721 12.366 11.684 19.543 25.234 46.268 78.735 55.425 50.060 49.677 26.494 15.186 0.000 0.000 31.715 44.554 18.653 10.258 15.149 16.629 12.764 0.000 0.000
-9999.000 -9999.000 -9999.000 -9999.000 -9999.000 -9999.000 -9999.000 -9999.000 -9999.000 -9999.000 -9999.000 -9999.000 43.016 78.975 97.082 100.184 91.262 92.039 103.804 71.561 84.719 85.921 76.359 86.532 105.114 94.979 65.488 79.529 55.372 31.716 18.070 0.000 9.597 19.003 37.459 56.250 43.200 32.656 9.640 0.000 25.307 15.253 21.840 51.360 11.529 15.551 17.676 0.000 21.293 23.195 36.713 45.403 50.686 49.552 38.462 34.400 10.931 16.957 38.625 35.321 31.392 26.761 16.376 9.897 20.165 31.714 22.878
-9999.000 -9999.000 -9999.000 -9999.000 -9999.000 -9999.000 -9999.000 -9999.000 -9999.000 -9999.000 -9999.000 -9999.000 56.825 91.474 105.589 95.170 97.512 118.478 91.928 63.581 96.983 93.474 77.082 49.729 113.678 103.175 75.364 76.265 76.437 59.505 28.674 14.856 0.000 15.842 33.720 36.271 17.038 40.755 12.092 17.848 19.109 0.000 18.173 40.472 18.885 13.126 16.447 24.925 25.822 27.399 29.580 21.616 23.317 27.414 18.594 18.324 15.477 12.445 23.160 12.595 21.300 40.172 39.961 35.525 35.083 32.795 30.670
