test_integration/test_sample_run/example/results.meteodistr/output_maps/snowdepthN0041.asc
ncols         174
nrows         141
xllcorner     744500.000000
yllcorner     5140950.000000
cellsize      250.000000
NODATA_value  -9999.0
[rows 0 to 28 of 141, columns 66 to 131 of 174]
-9999.000 -9999.000 -9999.000 -9999.000 -9999.000 -9999.000 -9999.000 -9999.000 -9999.000 -9999.000 -9999.000 -9999.000 -9999.000 -9999.000 -9999.000 -9999.000 -9999.000 -9999.000 -9999.000 -9999.000 -9999.000 -9999.000 -9999.000 -9999.000 -9999.000 -9999.000 -9999.000 -9999.000 -9999.000 -9999.000 -9999.000 -9999.000 -9999.000 -9999.000 -9999.000 -9999.000 -9999.000 -9999.000 -9999.000 -9999.000 -9999.000 -9999.000 -9999.000 -9999.000 -9999.000 -9999.000 -9999.000 -9999.000 -9999.000 -9999.000 -9999.000 -9999.000 -9999.000 -9999.000 -9999.000 -9999.000 -9999.000 -9999.000 -9999.000 -9999.000 -9999.000 -9999.000 -9999.000 -9999.000 -9999.000 -9999.000
-9999.000 -9999.000 -9999.000 -9999.000 -9999.000 -9999.000 -9999.000 -9999.000 -9999.000 -9999.000 -9999.000 -9999.000 -9999.000 -9999.000 -9999.000 -9999.000 -9999.000 -9999.000 -9999.000 -9999.000 -9999.000 -9999.000 -9999.000 -9999.000 -9999.000 -9999.000 -9999.000 -9999.000 -9999.000 -9999.000 -9999.000 -9999.000 -9999.000 -9999.000 -9999.000 -9999.000 -9999.000 -9999.000 -9999.000 -9999.000 -9999.000 -9999.000 -9999.000 -9999.000 -9999.000 -9999.000 -9999.000 -9999.000 -9999.000 -9999.000 -9999.000 -9999.000 -9999.000 -9999.000 -9999.000 -9999.000 -9999.000 -9999.000 -9999.000 -9999.000 -9999.000 -9999.000 -9999.000 -9999.000 -9999.000 -9999.000
-9999.000 -9999.000 -9999.000 -9999.000 -9999.000 -9999.000 -9999.000 -9999.000 -9999.000 -9999.000 -9999.000 -9999.000 -9999.000 -9999.000 -9999.000 -9999.000 -9999.000 -9999.000 -9999.000 -9999.000 -9999.000 -9999.000 -9999.000 -9999.000 -9999.000 -9999.000 -9999.000 -9999.000 -9999.000 -9999.000 -9999.000 -9999.000 -9999.000 -9999.000 -9999.000 -9999.000 -9999.000 -9999.000 -9999.000 -9999.000 -9999.000 -9999.000 -9999.000 -9999.000 -9999.000 -9999.000 -9999.000 -9999.000 -9999.000 -9999.000 -9999.000 -9999.000 -9999.000 -9999.000 -9999.000 -9999.000 -9999.000 -9999.000 -9999.000 -9999.000 -9999.000 -9999.000 -9999.000 -9999.000 -9999.000 -9999.000
-9999.000 -9999.000 -9999.000 -9999.000 -9999.000 -9999.000 -9999.000 -9999.000 -9999.000 -9999.000 -9999.000 -9999.000 -9999.000 -9999.000 -9999.000 -9999.000 -9999.000 -9999.000 -9999.000 -9999.000 -9999.000 -9999.000 -9999.000 -9999.000 -9999.000 -9999.000 -9999.000 -9999.000 -9999.000 -9999.000 -9999.000 -9999.000 -9999.000 -9999.000 -9999.000 -9999.000 -9999.000 -9999.000 -9999.000 -9999.000 -9999.000 -9999.000 -9999.000 -9999.000 -9999.000 -9999.000 -9999.000 -9999.000 -9999.000 -9999.000 -9999.000 -9999.000 -9999.000 -9999.000 -9999.000 -9999.000 -9999.000 -9999.000 -9999.000 -9999.000 -9999.000 -9999.000 -9999.000 -9999.000 -9999.000 -9999.000
-9999.000 -9999.000 -9999.000 -9999.000 -9999.000 -9999.000 -9999.000 -9999.000 -9999.000 -9999.000 -9999.000 -9999.000 -9999.000 -9999.000 -9999.000 -9999.000 -9999.000 -9999.000 -9999.000 -9999.000 -9999.000 -9999.000 -9999.000 -9999.000 -9999.000 -9999.000 -9999.000 189.912 -9999.000 -9999.000 -9999.000 -9999.000 -9999.000 -9999.000 -9999.000 -9999.000 -9999.000 -9999.000 -9999.000 -9999.000 -9999.000 -9999.000 -9999.000 -9999.000 -9999.000 -9999.000 -9999.000 -9999.000 -9999.000 -9999.000 -9999.000 -9999.000 -9999.000 -9999.000 -9999.000 -9999.000 -9999.000 -9999.000 -9999.000 -9999.000 -9999.000 -9999.000 -9999.000 -9999.000 -9999.000 -9999.000
-9999.000 -9999.000 -9999.000 -9999.000 -9999.000 -9999.000 -9999.000 -9999.000 -9999.000 -9999.000 -9999.000 -9999.000 -9999.000 -9999.000 -9999.000 -9999.000 -9999.000 -9999.000 -9999.000 -9999.000 -9999.000 -9999.000 -9999.000 -9999.000 -9999.000 -9999.000 165.336 165.160 158.244 165.570 150.757 150.145 -9999.000 -9999.000 -9999.000 -9999.000 -9999.000 -9999.000 -9999.000 -9999.000 -9999.000 -9999.000 -9999.000 -9999.000 -9999.000 -9999.000 -9999.000 -9999.000 -9999.000 -9999.000 -9999.000 -9999.000 -9999.000 -9999.000 -9999.000 -9999.000 -9999.000 -9999.000 -9999.000 -9999.000 -9999.000 -9999.000 -9999.000 -9999.000 -9999.000 -9999.000
-9999.000 -9999.000 -9999.000 -9999.000 -9999.000 -9999.000 -9999.000 -9999.000 -9999.000 -9999.000 -9999.000 -9999.000 -9999.000 -9999.000 -9999.000 -9999.000 -9999.000 -9999.000 -9999.000 -9999.000 206.825 201.371 184.227 163.972 160.288 154.167 168.000 172.238 162.988 161.353 159.110 150.114 169.255 168.342 -9999.000 -9999.000 -9999.000 -9999.000 -9999.000 -9999.000 -9999.000 -9999.000 -9999.000 -9999.000 -9999.000 -9999.000 -9999.000 -9999.000 -9999.000 -9999.000 -9999.000 -9999.000 -9999.000 -9999.000 -9999.000 -9999.000 -9999.000 -9999.000 -9999.000 -9999.000 -9999.000 -9999.000 -9999.000 -9999.000 -9999.000 -9999.000
-9999.000 -9999.000 -9999.000 -9999.000 -9999.000 -9999.000 -9999.000 -9999.000 -9999.000 -9999.000 -9999.000 -9999.000 -9999.000 -9999.000 -9999.000 -9999.000 -9999.000 -9999.000 -9999.000 -9999.000 209.386 209.289 167.993 159.952 149.322 152.590 163.956 168.761 157.999 146.608 151.774 141.673 169.062 161.433 151.358 -9999.000 -9999.000 -9999.000 -9999.000 -9999.000 -9999.000 -9999.000 -9999.000 -9999.000 -9999.000 -9999.000 -9999.000 -9999.000 -9999.000 -9999.000 -9999.000 -9999.000 -9999.000 -9999.000 -9999.000 -9999.000 -9999.000 -9999.000 -9999.000 -9999.000 -9999.000 -9999.000 -9999.000 -9999.000 -9999.000 -9999.000
-9999.000 -9999.000 -9999.000 -9999.000 -9999.000 -9999.000 -9999.000 -9999.000 -9999.000 -9999.000 -9999.000 -9999.000 208.544 204.017 -9999.000 -9999.000 -9999.000 -9999.000 -9999.000 226.894 215.690 175.401 163.835 163.903 156.317 145.722 148.574 153.802 150.785 145.300 142.369 140.839 156.058 165.006 148.716 135.942 -9999.000 -9999.000 -9999.000 -9999.000 -9999.000 -9999.000 -9999.000 -9999.000 -9999.000 -9999.000 -9999.000 -9999.000 -9999.000 -9999.000 -9999.000 -9999.000 -9999.000 -9999.000 -9999.000 -9999.000 -9999.000 -9999.000 -9999.000 -9999.000 -9999.000 -9999.000 -9999.000 -9999.000 -9999.000 -9999.000
-9999.000 -9999.000 -9999.000 -9999.000 -9999.000 -9999.000 -9999.000 -9999.000 -9999.000 -9999.000 201.101 199.178 193.364 194.155 191.950 197.186 202.239 204.630 199.696 224.137 218.264 208.774 171.430 167.700 154.625 147.253 134.341 132.722 138.313 142.601 131.158 130.438 146.355 144.585 140.896 135.675 146.591 -9999.000 -9999.000 -9999.000 -9999.000 -9999.000 -9999.000 -9999.000 -9999.000 -9999.000 -9999.000 -9999.000 -9999.000 -9999.000 -9999.000 -9999.000 -9999.000 -9999.000 -9999.000 -9999.000 -9999.000 -9999.000 -9999.000 -9999.000 -9999.000 -9999.000 -9999.000 -9999.000 -9999.000 -9999.000
-9999.000 -9999.000 -9999.000 -9999.000 -9999.000 -9999.000 -9999.000 -9999.000 184.898 200.332 199.104 200.681 192.524 193.732 198.102 200.977 205.090 205.236 208.425 217.145 221.198 215.908 201.936 172.915 151.694 147.952 144.690 140.601 133.901 133.276 131.912 126.733 131.048 129.707 135.123 140.434 132.521 128.496 -9999.000 -9999.000 -9999.000 -9999.000 -9999.000 -9999.000 -9999.000 -9999.000 -9999.000 -9999.000 -9999.000 -9999.000 -9999.000 -9999.000 -9999.000 -9999.000 -9999.000 -9999.000 -9999.000 -9999.000 -9999.000 -9999.000 -9999.000 -9999.000 -9999.000 -9999.000 -9999.000 -9999.000
-9999.000 -9999.000 -9999.000 -9999.000 -9999.000 -9999.000 -9999.000 148.531 169.622 191.929 197.977 194.544 191.376 186.543 164.053 165.287 199.206 166.646 169.094 207.529 225.152 226.958 178.219 169.811 160.092 154.937 148.057 143.621 134.641 127.443 125.353 116.515 117.387 122.612 130.351 125.494 129.120 124.454 127.102 137.240 -9999.000 -9999.000 -9999.000 -9999.000 -9999.000 -9999.000 -9999.000 -9999.000 -9999.000 -9999.000 -9999.000 -9999.000 -9999.000 -9999.000 -9999.000 -9999.000 -9999.000 -9999.000 -9999.000 -9999.000 -9999.000 -9999.000 -9999.000 111.846 106.475 107.720
-9999.000 -9999.000 -9999.000 -9999.000 -9999.000 -9999.000 123.419 138.807 151.379 160.983 191.402 192.590 188.816 182.969 157.621 159.079 163.658 161.889 165.721 166.929 211.466 215.951 177.058 171.828 163.290 161.372 156.946 148.803 136.789 130.614 127.243 123.592 119.073 116.245 122.595 122.893 130.272 132.967 134.894 140.489 135.202 -9999.000 -9999.000 -9999.000 -9999.000 -9999.000 -9999.000 -9999.000 -9999.000 -9999.000 -9999.000 -9999.000 -9999.000 -9999.000 -9999.000 -9999.000 -9999.000 -9999.000 -9999.000 -9999.000 -9999.000 -9999.000 108.997 106.768 112.421 107.626
-9999.000 -9999.000 -9999.000 -9999.000 -9999.000 97.512 110.395 125.084 135.992 142.644 149.951 158.615 159.265 153.876 147.373 147.755 151.395 152.225 161.377 158.215 165.995 209.918 222.687 178.350 174.758 168.681 155.821 151.972 145.040 137.705 128.796 129.829 121.110 117.731 112.800 112.323 121.736 125.893 128.869 138.803 129.081 118.720 143.702 -9999.000 -9999.000 -9999.000 -9999.000 -9999.000 -9999.000 -9999.000 -9999.000 -9999.000 -9999.000 -9999.000 -9999.000 -9999.000 -9999.000 -9999.000 -9999.000 133.641 124.336 116.584 109.538 107.250 106.335 112.309
-9999.000 -9999.000 -9999.000 -9999.000 -9999.000 89.367 99.393 109.735 116.613 121.335 121.760 130.959 148.558 148.787 144.132 137.510 137.625 145.574 148.572 153.724 157.945 162.250 219.506 219.301 171.210 161.095 156.350 152.916 142.874 140.143 135.571 132.228 126.029 123.008 116.823 110.122 112.610 114.308 124.977 132.300 125.303 120.686 138.468 137.746 -9999.000 -9999.000 -9999.000 -9999.000 -9999.000 -9999.000 133.506 132.844 119.347 112.254 104.399 99.391 104.709 108.104 111.045 122.177 127.617 116.863 111.390 102.636 101.064 102.816
-9999.000 -9999.000 -9999.000 -9999.000 73.529 78.255 88.453 94.082 101.511 103.687 109.175 110.970 128.937 140.504 134.303 131.901 131.072 130.321 138.527 144.083 148.230 147.272 173.017 211.288 167.068 164.324 159.340 156.918 153.093 147.007 142.386 139.691 131.698 126.222 118.124 114.067 108.712 117.685 118.246 116.735 114.251 115.498 124.781 127.338 111.480 -9999.000 -9999.000 -9999.000 -9999.000 172.550 152.445 123.573 119.278 120.066 109.725 103.276 108.230 109.910 113.540 116.964 112.819 108.460 99.766 101.022 98.443 97.778
-9999.000 -9999.000 -9999.000 73.128 74.313 79.209 85.747 86.733 98.921 105.098 108.647 109.821 114.188 123.449 130.674 129.165 128.820 124.239 135.132 138.796 145.074 143.897 156.877 209.678 168.363 165.842 161.747 156.236 158.932 153.630 150.401 143.559 133.065 127.467 118.849 115.338 106.569 108.821 111.360 110.588 112.208 107.375 109.900 120.576 111.216 105.123 116.676 125.506 136.734 148.228 135.941 138.228 122.915 113.704 109.161 105.231 106.948 108.445 114.350 110.867 104.312 102.661 95.082 98.546 91.370 104.660
-9999.000 -9999.000 80.882 78.123 78.035 81.820 88.766 96.868 97.331 99.984 101.189 102.838 106.956 110.430 124.465 126.639 124.153 120.970 122.637 131.936 141.046 143.188 144.851 163.512 174.857 172.082 164.808 170.296 160.984 160.495 152.554 143.919 134.243 130.543 119.373 113.532 108.036 103.804 108.021 108.750 109.797 105.273 102.382 108.977 114.415 109.611 117.944 125.714 143.036 150.330 124.057 119.098 119.698 117.599 107.104 104.411 100.561 103.111 109.933 106.053 100.080 95.131 94.836 90.460 88.551 99.777
-9999.000 -9999.000 84.185 84.013 78.558 82.407 91.290 91.829 100.362 100.575 99.112 102.866 102.638 106.052 115.045 123.484 120.673 119.499 121.603 122.934 131.890 139.932 143.381 147.831 174.099 174.407 178.445 169.837 160.971 155.226 148.540 142.591 132.830 126.254 117.467 112.120 108.283 107.927 112.962 115.393 115.920 116.096 114.515 112.188 114.385 112.544 122.182 130.737 145.140 134.210 132.913 130.383 122.717 114.340 106.026 105.625 98.361 95.702 95.061 97.095 96.806 92.907 98.316 98.413 87.813 98.608
-9999.000 96.833 101.456 102.251 97.718 87.664 87.042 92.046 95.519 102.060 104.258 103.488 100.771 99.111 106.351 115.767 116.612 114.882 119.686 125.104 124.938 124.921 139.000 146.305 150.156 157.845 168.211 173.394 156.070 151.601 146.253 141.275 127.257 121.817 111.994 106.758 108.435 105.327 119.564 124.779 120.863 123.091 119.102 117.161 118.110 117.753 119.153 128.733 123.312 116.447 124.493 130.245 126.628 122.873 112.934 103.573 101.532 99.999 92.663 92.839 87.637 92.174 91.954 90.794 95.787 95.048
102.083 91.877 99.194 95.748 103.112 102.835 85.967 96.210 90.466 98.400 100.214 104.652 102.079 101.762 100.014 108.419 113.839 112.486 115.971 115.708 127.500 133.266 136.166 128.133 137.229 144.616 156.908 172.091 158.122 149.225 141.942 138.455 127.224 121.336 109.204 104.831 107.320 105.551 112.363 128.326 128.240 131.170 123.416 120.285 124.230 125.666 126.929 134.347 129.502 121.547 111.889 108.375 117.022 119.078 113.030 111.506 107.101 103.897 94.078 89.902 94.461 93.358 91.958 91.465 91.114 89.687
92.184 100.204 99.609 97.570 97.897 100.194 94.245 93.477 88.832 97.072 97.837 96.958 104.219 101.164 96.540 98.582 110.570 107.775 113.838 115.687 120.735 124.723 120.023 124.605 131.871 137.080 154.329 165.103 148.340 144.874 139.496 128.875 127.909 115.255 102.938 103.740 106.695 111.237 115.631 118.701 121.082 122.370 132.457 130.617 128.862 130.963 137.745 137.535 128.472 121.219 111.815 104.092 100.026 96.075 93.082 91.782 90.000 88.914 91.684 90.794 94.673 94.002 91.601 89.327 85.613 84.144
85.767 100.827 97.800 95.473 97.562 99.605 90.215 94.225 88.317 92.305 94.259 95.731 95.658 100.483 98.649 93.613 104.451 105.693 104.835 111.275 110.882 117.290 123.280 123.899 133.826 140.244 154.747 158.446 149.820 142.084 130.697 129.623 120.134 114.897 102.139 104.293 100.620 103.329 115.266 122.133 110.509 108.524 122.958 128.645 141.645 135.721 132.536 132.712 131.443 123.258 115.959 111.986 108.513 106.176 101.413 98.792 98.483 95.976 92.763 96.041 93.067 93.636 91.384 89.489 87.818 85.823
83.670 96.596 94.215 94.519 92.819 90.225 89.079 86.655 87.850 87.305 89.445 90.835 91.559 95.050 98.454 95.323 92.204 101.823 99.708 103.098 103.542 107.696 125.311 127.306 137.103 141.890 138.520 151.134 154.662 145.492 137.774 128.744 117.386 109.457 102.335 101.599 97.571 99.800 113.021 108.115 108.966 109.985 117.613 125.203 130.113 130.553 142.742 146.616 130.846 124.140 119.327 119.021 115.998 111.781 107.262 104.341 103.882 104.310 101.502 101.547 94.964 94.356 90.728 89.372 86.913 84.851
90.291 94.289 91.884 89.636 90.582 88.119 90.125 87.690 88.049 88.622 88.109 88.145 88.977 91.019 94.381 95.260 93.067 92.911 98.122 99.848 108.873 111.064 120.281 122.693 130.455 132.218 135.652 140.780 156.010 145.091 135.694 126.150 116.159 111.427 104.717 101.950 98.096 99.974 105.569 108.005 111.408 110.921 117.355 124.964 128.585 140.122 175.127 154.062 153.894 139.937 124.146 119.815 120.474 116.963 115.074 107.509 112.720 110.153 109.450 101.593 93.797 97.016 94.583 90.751 84.493 83.872
99.484 98.825 93.302 93.042 91.329 90.571 89.501 87.776 88.700 88.860 89.451 89.492 89.375 88.692 90.123 91.297 91.802 90.783 93.640 94.654 102.379 109.405 116.209 118.865 123.960 125.333 129.596 133.312 149.955 144.385 127.575 121.657 115.783 110.090 102.884 100.560 97.576 99.673 97.901 102.620 110.127 114.396 134.987 140.007 152.592 167.595 165.138 145.050 136.504 133.423 130.688 131.375 131.520 124.017 122.940 119.228 121.818 118.666 106.440 104.486 97.085 98.230 98.517 94.073 88.238 84.503
104.044 97.675 87.889 85.620 93.818 91.315 91.788 89.949 88.915 89.469 90.677 91.878 90.113 90.640 89.407 89.146 90.923 90.885 93.083 92.749 96.912 104.325 114.603 117.406 118.426 117.684 123.370 125.911 142.965 143.644 127.806 120.763 112.046 107.742 103.509 99.302 94.802 92.220 98.168 103.171 105.536 102.909 107.316 119.294 125.781 126.455 137.041 135.338 132.304 133.934 131.019 127.184 117.333 124.458 133.692 127.565 128.739 114.177 106.629 99.086 96.471 92.542 97.024 94.055 90.212 83.898
115.644 106.672 106.030 97.886 93.524 91.073 93.595 94.415 93.788 91.198 95.768 96.266 91.575 91.863 89.962 89.650 88.929 88.699 89.090 90.071 91.945 95.806 107.628 107.756 107.540 111.634 118.290 121.706 134.291 140.629 129.046 125.073 114.434 109.717 102.847 97.496 90.491 86.091 97.129 102.864 100.064 100.462 103.536 105.957 108.882 112.195 110.058 109.579 119.410 130.263 128.555 121.797 111.334 107.574 114.974 135.997 127.793 117.981 103.264 101.205 99.350 100.254 95.949 91.905 86.415 85.072
113.876 133.872 132.646 103.884 94.329 101.694 101.142 97.533 98.100 100.119 92.488 98.285 96.346 94.806 89.570 91.062 90.221 88.735 88.267 88.564 90.790 92.559 98.218 100.960 106.208 108.432 117.257 121.883 125.976 139.958 134.614 126.080 117.069 111.702 106.372 100.141 91.538 86.769 90.496 101.545 104.677 102.729 107.115 111.022 112.749 112.494 110.947 105.441 112.063 113.566 131.422 123.827 115.889 107.902 112.653 120.217 118.149 113.204 110.848 100.631 93.877 94.405 93.378 87.015 82.098 79.429
