test_integration/test_sample_run/example/results.meteodistr/output_maps/snowdepthN0003.asc
ncols         174
nrows         141
xllcorner     744500.000000
yllcorner     5140950.000000
cellsize      250.000000
NODATA_value  -9999.0
[rows 31 to 61 of 141, columns 0 to 69 of 174]
-9999.000 -9999.000 -9999.000 -9999.000 -9999.000 -9999.000 -9999.000 -9999.000 -9999.000 -9999.000 -9999.000 -9999.000 -9999.000 -9999.000 -9999.000 -9999.000 -9999.000 -9999.000 -9999.000 -9999.000 -9999.000 -9999.000 -9999.000 -9999.000 -9999.000 -9999.000 -9999.000 -9999.000 -9999.000 -9999.000 -9999.000 -9999.000 -9999.000 -9999.000 -9999.000 -9999.000 -9999.000 25.292 21.126 22.060 21.366 21.448 19.125 20.382 27.255 23.447 21.183 23.208 -9999.000 -9999.000 -9999.000 -9999.000 -9999.000 -9999.000 -9999.000 -9999.000 -9999.000 -9999.000 -9999.000 33.092 20.180 22.293 20.120 15.966 22.820 30.859 23.800 15.608 13.560 16.609
-9999.000 -9999.000 -9999.000 -9999.000 -9999.000 -9999.000 -9999.000 -9999.000 -9999.000 -9999.000 -9999.000 -9999.000 -9999.000 -9999.000 -9999.000 -9999.000 -9999.000 -9999.000 -9999.000 -9999.000 -9999.000 -9999.000 -9999.000 -9999.000 -9999.000 -9999.000 -9999.000 -9999.000 -9999.000 -9999.000 -9999.000 -9999.000 -9999.000 -9999.000 -9999.000 -9999.000 24.740 25.401 22.671 21.226 21.859 19.841 17.121 16.512 17.821 15.628 21.637 22.117 24.733 -9999.000 -9999.000 -9999.000 -9999.000 -9999.000 -9999.000 -9999.000 20.751 19.068 17.070 31.612 19.730 15.244 17.242 16.578 18.593 24.353 36.019 18.417 13.765 14.900
-9999.000 -9999.000 -9999.000 -9999.000 -9999.000 -9999.000 -9999.000 -9999.000 -9999.000 -9999.000 -9999.000 -9999.000 -9999.000 -9999.000 -9999.000 -9999.000 -9999.000 -9999.000 -9999.000 -9999.000 -9999.000 -9999.000 -9999.000 -9999.000 -9999.000 -9999.000 -9999.000 -9999.000 -9999.000 -9999.000 -9999.000 -9999.000 -9999.000 -9999.000 -9999.000 23.547 24.044 24.053 24.149 20.764 18.899 16.022 15.681 13.221 12.384 10.858 15.576 18.761 21.503 21.738 15.140 37.460 14.707 21.960 22.125 20.296 14.679 15.667 15.348 24.931 16.099 16.073 14.745 11.408 20.324 30.202 25.716 27.646 17.748 20.136
-9999.000 -9999.000 -9999.000 -9999.000 -9999.000 -9999.000 -9999.000 -9999.000 -9999.000 -9999.000 -9999.000 -9999.000 -9999.000 -9999.000 -9999.000 -9999.000 -9999.000 -9999.000 -9999.000 -9999.000 -9999.000 -9999.000 -9999.000 -9999.000 -9999.000 -9999.000 -9999.000 -9999.000 -9999.000 -9999.000 -9999.000 -9999.000 -9999.000 20.505 22.398 22.697 21.723 20.959 23.202 20.286 15.419 15.340 13.772 12.227 12.095 13.807 14.785 14.813 17.332 20.321 16.396 26.885 15.462 18.508 21.207 19.830 17.714 16.437 13.401 13.682 19.896 14.381 13.322 10.625 18.478 21.330 20.950 21.861 23.992 20.044
-9999.000 -9999.000 -9999.000 -9999.000 -9999.000 -9999.000 -9999.000 -9999.000 -9999.000 -9999.000 -9999.000 -9999.000 -9999.000 -9999.000 -9999.000 -9999.000 -9999.000 -9999.000 -9999.000 -9999.000 -9999.000 -9999.000 -9999.000 -9999.000 -9999.000 -9999.000 -9999.000 -9999.000 -9999.000 -9999.000 -9999.000 -9999.000 19.563 18.274 17.977 19.403 17.955 15.708 19.898 22.523 16.647 15.097 9.511 11.318 11.796 10.435 14.026 14.217 20.851 26.116 24.563 18.588 29.763 15.027 18.140 18.734 15.520 16.203 12.525 12.150 18.597 12.654 12.187 10.531 15.399 17.076 19.363 18.375 25.567 22.047
-9999.000 -9999.000 -9999.000 -9999.000 -9999.000 -9999.000 -9999.000 -9999.000 -9999.000 -9999.000 -9999.000 -9999.000 -9999.000 -9999.000 -9999.000 -9999.000 -9999.000 -9999.000 -9999.000 -9999.000 -9999.000 -9999.000 -9999.000 -9999.000 -9999.000 -9999.000 -9999.000 -9999.000 -9999.000 -9999.000 -9999.000 -9999.000 -9999.000 17.642 16.007 15.312 16.702 15.539 15.617 18.110 14.025 11.835 10.597 11.079 10.768 11.555 13.319 19.454 21.855 20.698 21.918 22.521 23.254 27.019 22.386 16.672 13.390 14.917 13.849 11.289 13.207 10.961 11.702 11.006 11.895 17.547 17.888 16.042 23.854 25.356
-9999.000 -9999.000 -9999.000 -9999.000 -9999.000 -9999.000 -9999.000 -9999.000 -9999.000 -9999.000 -9999.000 -9999.000 -9999.000 -9999.000 -9999.000 -9999.000 -9999.000 -9999.000 -9999.000 -9999.000 -9999.000 -9999.000 -9999.000 -9999.000 -9999.000 -9999.000 -9999.000 -9999.000 -9999.000 -9999.000 -9999.000 -9999.000 -9999.000 16.153 15.387 14.723 12.473 14.895 10.044 13.987 14.442 14.229 8.714 10.473 10.139 10.483 14.586 17.036 18.825 16.637 19.822 27.700 15.882 14.362 15.934 19.407 15.157 11.784 12.302 11.332 8.628 8.998 10.286 9.967 10.258 13.170 15.355 18.815 25.370 21.423
-9999.000 -9999.000 -9999.000 -9999.000 -9999.000 -9999.000 -9999.000 -9999.000 -9999.000 -9999.000 -9999.000 -9999.000 -9999.000 -9999.000 -9999.000 -9999.000 -9999.000 -9999.000 -9999.000 -9999.000 -9999.000 -9999.000 -9999.000 -9999.000 -9999.000 -9999.000 -9999.000 -9999.000 -9999.000 -9999.000 -9999.000 -9999.000 -9999.000 19.498 15.333 12.189 12.276 10.024 9.924 10.251 10.559 12.495 8.529 9.635 9.407 10.319 14.022 16.033 17.105 20.696 20.032 18.846 14.845 16.566 13.006 12.766 21.948 11.544 9.526 9.999 8.847 8.268 9.004 8.186 8.695 11.580 18.645 23.926 18.271 20.822
-9999.000 -9999.000 -9999.000 -9999.000 -9999.000 -9999.000 -9999.000 -9999.000 -9999.000 -9999.000 -9999.000 -9999.000 -9999.000 -9999.000 -9999.000 -9999.000 -9999.000 -9999.000 -9999.000 -9999.000 -9999.000 -9999.000 -9999.000 -9999.000 -9999.000 -9999.000 -9999.000 -9999.000 -9999.000 -9999.000 -9999.000 -9999.000 -9999.000 19.667 17.243 16.454 10.682 8.508 8.641 7.409 7.890 8.280 8.562 8.408 8.885 12.472 12.088 13.869 18.184 17.000 15.671 16.449 18.358 14.339 12.559 10.436 14.516 14.619 8.724 8.761 6.677 6.975 7.565 5.828 8.525 13.181 16.551 23.554 13.617 13.340
-9999.000 -9999.000 -9999.000 -9999.000 -9999.000 -9999.000 -9999.000 -9999.000 -9999.000 -9999.000 -9999.000 -9999.000 -9999.000 -9999.000 -9999.000 -9999.000 -9999.000 -9999.000 -9999.000 -9999.000 -9999.000 -9999.000 -9999.000 -9999.000 -9999.000 -9999.000 -9999.000 -9999.000 -9999.000 -9999.000 -9999.000 -9999.000 15.005 13.451 12.357 10.904 9.117 9.053 8.737 8.323 8.096 6.656 7.327 7.038 8.394 13.710 11.483 10.718 13.426 14.952 15.065 16.602 19.144 14.230 10.646 9.849 9.868 16.400 12.039 8.551 5.519 6.758 6.798 5.423 6.746 10.221 16.022 18.288 12.670 13.607
-9999.000 -9999.000 -9999.000 -9999.000 -9999.000 -9999.000 -9999.000 -9999.000 -9999.000 -9999.000 -9999.000 -9999.000 -9999.000 -9999.000 -9999.000 -9999.000 -9999.000 -9999.000 -9999.000 -9999.000 -9999.000 -9999.000 -9999.000 -9999.000 -9999.000 -9999.000 -9999.000 -9999.000 -9999.000 -9999.000 -9999.000 13.643 11.782 11.478 11.320 10.542 10.384 9.478 8.992 7.871 7.535 6.158 4.988 5.969 7.565 11.767 8.783 9.607 9.931 10.776 13.386 12.420 14.719 14.901 8.766 8.203 7.706 11.518 9.158 8.304 6.675 6.081 5.451 4.828 7.214 8.782 16.472 12.626 12.054 11.110
-9999.000 -9999.000 -9999.000 -9999.000 -9999.000 -9999.000 -9999.000 -9999.000 -9999.000 -9999.000 -9999.000 -9999.000 -9999.000 -9999.000 -9999.000 -9999.000 -9999.000 -9999.000 -9999.000 -9999.000 -9999.000 -9999.000 -9999.000 -9999.000 -9999.000 -9999.000 -9999.000 -9999.000 -9999.000 -9999.000 15.105 13.955 13.267 12.756 10.765 11.095 9.655 9.117 9.055 8.259 7.133 6.122 4.501 4.565 6.599 7.294 7.195 9.438 8.382 7.929 9.594 10.437 10.806 13.084 8.423 8.074 7.588 8.433 11.915 7.936 5.255 4.843 4.863 4.760 5.329 9.209 13.126 11.541 9.130 7.821
-9999.000 -9999.000 -9999.000 -9999.000 -9999.000 -9999.000 -9999.000 -9999.000 -9999.000 -9999.000 -9999.000 -9999.000 -9999.000 -9999.000 -9999.000 -9999.000 -9999.000 -9999.000 -9999.000 -9999.000 -9999.000 -9999.000 -9999.000 -9999.000 -9999.000 -9999.000 -9999.000 -9999.000 -9999.000 -9999.000 15.139 15.717 14.264 13.759 14.102 12.126 10.256 11.697 12.190 10.435 7.190 5.911 3.586 3.377 3.524 3.665 4.993 5.261 7.075 6.240 5.835 9.232 9.388 9.580 9.191 7.572 6.467 6.761 10.386 8.203 5.317 3.805 3.772 4.755 6.963 8.436 8.716 8.844 5.947 6.558
-9999.000 -9999.000 -9999.000 -9999.000 -9999.000 -9999.000 -9999.000 -9999.000 -9999.000 -9999.000 -9999.000 -9999.000 -9999.000 -9999.000 -9999.000 -9999.000 -9999.000 -9999.000 -9999.000 -9999.000 -9999.000 -9999.000 -9999.000 -9999.000 -9999.000 -9999.000 -9999.000 -9999.000 -9999.000 -9999.000 15.133 15.087 16.863 13.890 15.376 12.585 11.717 19.091 12.590 9.002 6.211 5.662 3.518 3.177 0.000 3.059 3.398 2.868 3.721 4.720 5.110 6.018 7.552 6.837 8.732 5.487 5.741 6.985 6.943 8.021 4.611 0.000 0.000 4.084 5.666 9.506 6.677 6.208 4.490 5.060
-9999.000 -9999.000 -9999.000 -9999.000 -9999.000 -9999.000 -9999.000 -9999.000 -9999.000 -9999.000 -9999.000 -9999.000 -9999.000 -9999.000 -9999.000 -9999.000 -9999.000 -9999.000 -9999.000 -9999.000 -9999.000 -9999.000 14.187 14.521 14.506 14.590 17.024 -9999.000 -9999.000 -9999.000 17.181 16.730 17.377 14.642 15.146 12.727 18.741 12.136 9.416 7.442 5.430 5.311 5.853 6.037 4.347 0.000 0.000 0.000 0.000 0.000 0.000 4.039 5.101 5.287 5.737 4.315 5.039 5.214 4.839 5.431 3.489 0.000 2.472 3.580 5.994 8.020 5.178 4.212 4.474 4.116
-9999.000 -9999.000 -9999.000 -9999.000 -9999.000 -9999.000 -9999.000 -9999.000 -9999.000 -9999.000 -9999.000 -9999.000 -9999.000 -9999.000 -9999.000 -9999.000 -9999.000 -9999.000 -9999.000 -9999.000 -9999.000 13.256 14.111 14.426 14.193 14.213 17.388 17.707 -9999.000 20.442 17.538 18.678 18.249 20.969 15.523 19.376 14.343 11.085 7.995 6.589 5.808 5.070 6.011 8.486 5.829 5.031 4.313 2.263 0.000 0.000 0.000 0.000 0.000 3.654 3.202 0.000 0.000 0.000 0.000 2.746 0.000 0.000 0.000 3.827 6.170 6.548 4.845 3.990 3.644 3.680
-9999.000 -9999.000 -9999.000 -9999.000 -9999.000 -9999.000 -9999.000 -9999.000 -9999.000 -9999.000 -9999.000 -9999.000 -9999.000 -9999.000 -9999.000 -9999.000 -9999.000 -9999.000 -9999.000 12.926 12.596 13.107 13.952 14.288 14.189 16.669 17.419 18.659 18.783 20.906 17.691 21.889 20.592 18.206 19.043 11.961 9.785 9.685 7.098 6.638 6.265 6.397 8.824 8.891 7.511 7.186 5.633 4.720 2.210 0.000 0.000 0.000 0.000 0.000 0.000 0.000 0.000 0.000 0.000 0.000 0.000 0.000 0.000 4.209 3.986 5.296 3.434 2.853 2.896 2.746
-9999.000 -9999.000 -9999.000 -9999.000 -9999.000 -9999.000 -9999.000 -9999.000 -9999.000 -9999.000 -9999.000 -9999.000 -9999.000 -9999.000 -9999.000 -9999.000 14.789 13.348 12.240 12.573 12.203 12.600 14.211 14.677 15.168 14.151 21.272 16.264 18.136 20.859 18.334 17.602 17.266 14.811 12.739 10.207 9.307 8.384 7.238 6.661 7.089 8.048 9.406 9.298 8.888 9.916 7.783 7.453 3.958 0.000 0.000 0.000 0.000 0.000 0.000 0.000 0.000 0.000 0.000 0.000 0.000 0.000 0.000 2.315 2.983 3.675 2.472 0.000 2.170 2.340
-9999.000 -9999.000 -9999.000 -9999.000 -9999.000 -9999.000 -9999.000 -9999.000 -9999.000 -9999.000 -9999.000 -9999.000 -9999.000 -9999.000 -9999.000 -9999.000 12.982 12.354 12.173 12.220 12.594 13.217 14.111 14.675 17.116 15.713 14.783 18.854 25.339 21.103 24.770 16.563 14.598 11.438 10.521 9.158 8.760 8.689 7.863 7.656 8.978 8.434 11.532 13.368 11.149 8.151 6.513 5.140 3.569 0.000 0.000 0.000 0.000 0.000 0.000 0.000 0.000 0.000 0.000 0.000 0.000 0.000 0.000 0.000 1.606 2.096 0.000 0.000 1.889 1.938
-9999.000 -9999.000 -9999.000 -9999.000 -9999.000 -9999.000 -9999.000 -9999.000 -9999.000 -9999.000 -9999.000 -9999.000 -9999.000 -9999.000 -9999.000 13.491 12.422 12.627 12.244 12.015 12.767 13.318 14.394 15.061 15.784 19.459 17.013 17.081 21.470 21.752 20.014 14.040 11.673 11.313 10.349 9.711 8.931 8.147 8.269 9.853 9.688 9.114 14.086 11.208 8.902 7.695 6.323 4.582 0.000 0.000 0.000 0.000 0.000 0.000 0.000 0.000 0.000 0.000 0.000 0.000 0.000 0.000 0.000 0.000 0.000 0.000 0.000 0.000 0.000 0.000
-9999.000 -9999.000 -9999.000 -9999.000 -9999.000 -9999.000 -9999.000 -9999.000 -9999.000 -9999.000 -9999.000 -9999.000 -9999.000 -9999.000 13.476 13.375 12.454 12.265 12.043 12.218 12.997 13.396 14.590 15.289 15.493 19.961 19.476 18.310 20.011 25.901 15.037 13.035 10.696 11.147 10.310 9.817 10.199 9.453 10.663 12.083 9.992 12.894 10.203 8.494 6.580 6.615 4.809 3.524 0.000 0.000 0.000 0.000 0.000 0.000 0.000 0.000 0.000 0.000 0.000 0.000 0.000 0.000 0.000 0.000 0.000 0.000 0.000 0.000 0.000 0.000
-9999.000 -9999.000 -9999.000 -9999.000 -9999.000 -9999.000 -9999.000 -9999.000 -9999.000 -9999.000 -9999.000 -9999.000 -9999.000 13.695 13.517 13.012 12.129 11.940 11.691 12.157 12.872 13.432 14.405 14.889 15.899 18.089 21.463 22.540 18.798 16.531 14.328 13.755 11.229 10.952 9.877 10.478 11.151 11.266 12.535 11.808 11.518 12.262 8.146 7.468 6.399 5.604 3.714 0.000 0.000 0.000 0.000 0.000 0.000 0.000 0.000 2.829 2.642 2.699 2.072 0.000 0.000 0.000 0.000 0.000 0.000 0.000 0.000 0.000 0.000 0.000
-9999.000 -9999.000 -9999.000 -9999.000 -9999.000 -9999.000 -9999.000 -9999.000 -9999.000 -9999.000 -9999.000 -9999.000 14.215 13.454 12.615 12.673 11.535 11.615 11.480 11.959 12.962 13.969 14.896 14.942 16.015 19.039 18.682 21.753 16.841 16.387 15.505 13.990 11.981 12.092 11.656 12.314 12.172 12.626 12.655 12.754 12.134 8.065 6.952 7.296 6.377 4.788 0.000 0.000 0.000 0.000 0.000 0.000 3.018 3.504 3.731 3.849 3.890 3.478 2.820 1.649 0.000 0.000 0.000 0.000 0.000 0.000 0.000 0.000 0.000 0.000
-9999.000 -9999.000 -9999.000 -9999.000 20.513 -9999.000 -9999.000 -9999.000 -9999.000 -9999.000 -9999.000 14.515 13.402 12.858 12.277 11.700 11.272 11.282 11.406 12.017 13.312 13.826 15.034 15.443 15.565 15.794 15.038 15.451 19.759 15.386 14.311 14.259 12.699 12.340 13.223 12.918 12.674 13.938 12.719 9.689 7.893 7.456 7.071 6.774 5.936 4.634 0.000 0.000 0.000 0.000 0.000 0.000 3.762 4.175 4.434 4.685 5.315 4.158 2.694 2.422 0.000 0.000 0.000 0.000 0.000 0.000 0.000 0.000 0.000 0.000
-9999.000 -9999.000 -9999.000 -9999.000 18.318 15.410 10.920 14.128 14.936 16.608 13.922 13.007 12.955 12.600 11.652 11.283 10.940 10.946 11.428 11.864 13.021 13.741 15.081 14.953 13.559 12.327 13.498 13.554 16.087 16.093 14.439 14.543 13.523 12.504 13.190 13.447 13.637 11.353 8.275 8.020 8.280 7.543 6.453 6.166 5.560 3.626 0.000 0.000 0.000 0.000 0.000 3.001 4.103 4.751 5.442 5.616 4.040 3.157 2.502 0.000 0.000 0.000 0.000 0.000 0.000 0.000 0.000 0.000 0.000 0.000
-9999.000 -9999.000 -9999.000 -9999.000 15.609 12.804 14.171 14.170 13.939 15.315 13.323 13.649 12.769 12.436 11.178 10.879 10.457 10.308 10.885 11.238 12.886 13.893 13.051 13.332 13.857 14.173 14.015 13.685 15.912 16.034 14.301 14.260 14.385 11.947 13.647 13.844 11.989 9.098 7.938 8.043 7.472 7.174 6.320 5.728 4.751 0.000 0.000 0.000 0.000 0.000 0.000 3.466 4.437 4.970 6.040 4.863 3.065 2.315 1.507 0.000 0.000 0.000 0.000 0.000 0.000 0.000 0.000 0.000 0.000 0.000
-9999.000 -9999.000 -9999.000 -9999.000 -9999.000 14.557 12.592 13.041 13.316 14.061 13.885 13.155 12.138 11.344 10.711 10.370 9.814 9.667 10.421 11.017 12.880 12.027 12.275 12.362 12.316 12.922 13.715 13.361 13.453 15.819 14.874 14.412 14.710 13.761 15.050 13.589 9.285 8.489 7.600 7.087 6.173 6.105 4.746 3.391 2.581 0.000 0.000 0.000 0.000 0.000 2.631 3.772 4.694 5.477 5.704 3.886 2.367 0.000 0.000 0.000 0.000 0.000 0.000 0.000 0.000 0.000 0.000 0.000 0.000 0.000
-9999.000 -9999.000 -9999.000 -9999.000 -9999.000 14.255 12.293 12.558 12.378 13.962 13.643 12.963 11.977 11.288 10.178 9.951 9.317 9.282 10.081 11.177 11.603 11.576 11.590 11.668 11.866 11.890 12.981 13.199 14.017 13.484 13.498 14.562 15.056 15.591 13.380 9.628 9.121 8.570 7.799 6.890 5.715 4.918 3.800 0.000 0.000 0.000 0.000 0.000 0.000 0.000 0.000 3.063 4.221 5.622 5.493 3.916 2.661 2.040 0.000 0.000 0.000 0.000 0.000 0.000 0.000 0.000 0.000 0.000 0.000 0.000
-9999.000 -9999.000 -9999.000 -9999.000 -9999.000 12.708 12.177 11.645 11.325 11.487 12.706 13.118 12.033 10.313 9.745 9.462 8.651 8.872 9.989 11.520 9.802 10.817 10.217 10.369 11.029 11.331 12.206 13.214 13.356 12.039 12.267 12.274 14.956 11.256 7.759 7.559 7.778 8.308 8.083 7.221 5.602 4.724 2.726 0.000 0.000 0.000 0.000 0.000 0.000 0.000 0.000 3.000 4.247 5.039 5.929 4.798 3.702 2.214 0.000 0.000 0.000 0.000 0.000 0.000 0.000 0.000 0.000 0.000 0.000 0.000
-9999.000 -9999.000 -9999.000 -9999.000 -9999.000 12.270 11.925 11.377 10.840 10.784 11.071 11.099 10.921 10.402 9.401 8.805 8.148 8.230 9.140 10.524 9.422 9.847 9.680 9.768 10.595 11.159 11.729 11.992 11.091 10.630 11.154 10.184 10.999 7.908 7.539 8.443 7.957 7.085 6.960 6.942 4.876 4.116 2.539 0.000 0.000 0.000 0.000 0.000 0.000 0.000 2.680 3.456 4.202 4.803 5.280 4.031 2.409 2.147 0.000 0.000 0.000 0.000 0.000 0.000 0.000 0.000 0.000 0.000 0.000 0.000
-9999.000 -9999.000 -9999.000 -9999.000 -9999.000 11.924 11.128 10.959 10.331 10.310 10.313 10.528 10.056 9.677 8.861 8.319 7.617 7.693 7.946 8.551 8.558 8.748 8.830 9.322 10.531 10.638 10.788 10.544 9.950 10.095 10.059 9.980 7.122 7.642 8.090 7.601 6.820 6.255 5.917 5.038 3.801 3.119 0.000 0.000 0.000 0.000 0.000 0.000 3.313 3.247 2.941 3.378 4.270 4.701 4.562 3.763 2.178 1.381 0.000 0.000 0.000 0.000 0.000 1.095 0.996 0.000 0.000 0.000 0.000 0.000
