test_integration/test_sample_run/example/results.meteodistr/output_maps/snowdepthN0012.asc
ncols         174
nrows         141
xllcorner     744500.000000
yllcorner     5140950.000000
cellsize      250.000000
NODATA_value  -9999.0
[rows 0 to 29 of 141, columns 66 to 131 of 174]
-9999.000 -9999.000 -9999.000 -9999.000 -9999.000 -9999.000 -9999.000 -9999.000 -9999.000 -9999.000 -9999.000 -9999.000 -9999.000 -9999.000 -9999.000 -9999.000 -9999.000 -9999.000 -9999.000 -9999.000 -9999.000 -9999.000 -9999.000 -9999.000 -9999.000 -9999.000 -9999.000 -9999.000 -9999.000 -9999.000 -9999.000 -9999.000 -9999.000 -9999.000 -9999.000 -9999.000 -9999.000 -9999.000 -9999.000 -9999.000 -9999.000 -9999.000 -9999.000 -9999.000 -9999.000 -9999.000 -9999.000 -9999.000 -9999.000 -9999.000 -9999.000 -9999.000 -9999.000 -9999.000 -9999.000 -9999.000 -9999.000 -9999.000 -9999.000 -9999.000 -9999.000 -9999.000 -9999.000 -9999.000 -9999.000 -9999.000
-9999.000 -9999.000 -9999.000 -9999.000 -9999.000 -9999.000 -9999.000 -9999.000 -9999.000 -9999.000 -9999.000 -9999.000 -9999.000 -9999.000 -9999.000 -9999.000 -9999.000 -9999.000 -9999.000 -9999.000 -9999.000 -9999.000 -9999.000 -9999.000 -9999.000 -9999.000 -9999.000 -9999.000 -9999.000 -9999.000 -9999.000 -9999.000 -9999.000 -9999.000 -9999.000 -9999.000 -9999.000 -9999.000 -9999.000 -9999.000 -9999.000 -9999.000 -9999.000 -9999.000 -9999.000 -9999.000 -9999.000 -9999.000 -9999.000 -9999.000 -9999.000 -9999.000 -9999.000 -9999.000 -9999.000 -9999.000 -9999.000 -9999.000 -9999.000 -9999.000 -9999.000 -9999.000 -9999.000 -9999.000 -9999.000 -9999.000
-9999.000 -9999.000 -9999.000 -9999.000 -9999.000 -9999.000 -9999.000 -9999.000 -9999.000 -9999.000 -9999.000 -9999.000 -9999.000 -9999.000 -9999.000 -9999.000 -9999.000 -9999.000 -9999.000 -9999.000 -9999.000 -9999.000 -9999.000 -9999.000 -9999.000 -9999.000 -9999.000 -9999.000 -9999.000 -9999.000 -9999.000 -9999.000 -9999.000 -9999.000 -9999.000 -9999.000 -9999.000 -9999.000 -9999.000 -9999.000 -9999.000 -9999.000 -9999.000 -9999.000 -9999.000 -9999.000 -9999.000 -9999.000 -9999.000 -9999.000 -9999.000 -9999.000 -9999.000 -9999.000 -9999.000 -9999.000 -9999.000 -9999.000 -9999.000 -9999.000 -9999.000 -9999.000 -9999.000 -9999.000 -9999.000 -9999.000
-9999.000 -9999.000 -9999.000 -9999.000 -9999.000 -9999.000 -9999.000 -9999.000 -9999.000 -9999.000 -9999.000 -9999.000 -9999.000 -9999.000 -9999.000 -9999.000 -9999.000 -9999.000 -9999.000 -9999.000 -9999.000 -9999.000 -9999.000 -9999.000 -9999.000 -9999.000 -9999.000 -9999.000 -9999.000 -9999.000 -9999.000 -9999.000 -9999.000 -9999.000 -9999.000 -9999.000 -9999.000 -9999.000 -9999.000 -9999.000 -9999.000 -9999.000 -9999.000 -9999.000 -9999.000 -9999.000 -9999.000 -9999.000 -9999.000 -9999.000 -9999.000 -9999.000 -9999.000 -9999.000 -9999.000 -9999.000 -9999.000 -9999.000 -9999.000 -9999.000 -9999.000 -9999.000 -9999.000 -9999.000 -9999.000 -9999.000
-9999.000 -9999.000 -9999.000 -9999.000 -9999.000 -9999.000 -9999.000 -9999.000 -9999.000 -9999.000 -9999.000 -9999.000 -9999.000 -9999.000 -9999.000 -9999.000 -9999.000 -9999.000 -9999.000 -9999.000 -9999.000 -9999.000 -9999.000 -9999.000 -9999.000 -9999.000 -9999.000 258.386 -9999.000 -9999.000 -9999.000 -9999.000 -9999.000 -9999.000 -9999.000 -9999.000 -9999.000 -9999.000 -9999.000 -9999.000 -9999.000 -9999.000 -9999.000 -9999.000 -9999.000 -9999.000 -9999.000 -9999.000 -9999.000 -9999.000 -9999.000 -9999.000 -9999.000 -9999.000 -9999.000 -9999.000 -9999.000 -9999.000 -9999.000 -9999.000 -9999.000 -9999.000 -9999.000 -9999.000 -9999.000 -9999.000
-9999.000 -9999.000 -9999.000 -9999.000 -9999.000 -9999.000 -9999.000 -9999.000 -9999.000 -9999.000 -9999.000 -9999.000 -9999.000 -9999.000 -9999.000 -9999.000 -9999.000 -9999.000 -9999.000 -9999.000 -9999.000 -9999.000 -9999.000 -9999.000 -9999.000 -9999.000 238.848 233.886 224.957 231.751 209.522 208.585 -9999.000 -9999.000 -9999.000 -9999.000 -9999.000 -9999.000 -9999.000 -9999.000 -9999.000 -9999.000 -9999.000 -9999.000 -9999.000 -9999.000 -9999.000 -9999.000 -9999.000 -9999.000 -9999.000 -9999.000 -9999.000 -9999.000 -9999.000 -9999.000 -9999.000 -9999.000 -9999.000 -9999.000 -9999.000 -9999.000 -9999.000 -9999.000 -9999.000 -9999.000
-9999.000 -9999.000 -9999.000 -9999.000 -9999.000 -9999.000 -9999.000 -9999.000 -9999.000 -9999.000 -9999.000 -9999.000 -9999.000 -9999.000 -9999.000 -9999.000 -9999.000 -9999.000 -9999.000 -9999.000 268.230 257.904 239.766 228.962 225.045 216.986 235.788 232.027 219.084 216.737 210.437 202.745 234.092 241.314 -9999.000 -9999.000 -9999.000 -9999.000 -9999.000 -9999.000 -9999.000 -9999.000 -9999.000 -9999.000 -9999.000 -9999.000 -9999.000 -9999.000 -9999.000 -9999.000 -9999.000 -9999.000 -9999.000 -9999.000 -9999.000 -9999.000 -9999.000 -9999.000 -9999.000 -9999.000 -9999.000 -9999.000 -9999.000 -9999.000 -9999.000 -9999.000
-9999.000 -9999.000 -9999.000 -9999.000 -9999.000 -9999.000 -9999.000 -9999.000 -9999.000 -9999.000 -9999.000 -9999.000 -9999.000 -9999.000 -9999.000 -9999.000 -9999.000 -9999.000 -9999.000 -9999.000 258.142 242.725 223.826 210.089 195.916 200.640 219.087 224.259 206.294 191.317 196.817 182.938 229.807 222.990 211.617 -9999.000 -9999.000 -9999.000 -9999.000 -9999.000 -9999.000 -9999.000 -9999.000 -9999.000 -9999.000 -9999.000 -9999.000 -9999.000 -9999.000 -9999.000 -9999.000 -9999.000 -9999.000 -9999.000 -9999.000 -9999.000 -9999.000 -9999.000 -9999.000 -9999.000 -9999.000 -9999.000 -9999.000 -9999.000 -9999.000 -9999.000
-9999.000 -9999.000 -9999.000 -9999.000 -9999.000 -9999.000 -9999.000 -9999.000 -9999.000 -9999.000 -9999.000 -9999.000 266.714 263.659 -9999.000 -9999.000 -9999.000 -9999.000 -9999.000 275.557 250.451 229.690 210.587 208.768 198.752 187.674 195.494 202.589 193.853 184.994 182.301 180.876 208.988 220.757 202.214 187.530 -9999.000 -9999.000 -9999.000 -9999.000 -9999.000 -9999.000 -9999.000 -9999.000 -9999.000 -9999.000 -9999.000 -9999.000 -9999.000 -9999.000 -9999.000 -9999.000 -9999.000 -9999.000 -9999.000 -9999.000 -9999.000 -9999.000 -9999.000 -9999.000 -9999.000 -9999.000 -9999.000 -9999.000 -9999.000 -9999.000
-9999.000 -9999.000 -9999.000 -9999.000 -9999.000 -9999.000 -9999.000 -9999.000 -9999.000 -9999.000 251.723 249.559 244.935 245.937 246.888 254.982 263.949 269.653 267.551 295.782 255.236 236.902 218.252 210.229 190.617 182.737 170.346 169.088 174.814 177.082 162.714 163.120 192.509 189.108 181.246 179.047 203.564 -9999.000 -9999.000 -9999.000 -9999.000 -9999.000 -9999.000 -9999.000 -9999.000 -9999.000 -9999.000 -9999.000 -9999.000 -9999.000 -9999.000 -9999.000 -9999.000 -9999.000 -9999.000 -9999.000 -9999.000 -9999.000 -9999.000 -9999.000 -9999.000 -9999.000 -9999.000 -9999.000 -9999.000 -9999.000
-9999.000 -9999.000 -9999.000 -9999.000 -9999.000 -9999.000 -9999.000 -9999.000 226.423 252.017 244.491 238.620 223.753 222.992 235.102 240.747 250.004 249.171 255.030 276.769 257.996 240.777 228.824 221.887 185.641 176.463 174.059 170.886 164.231 164.450 160.168 157.986 168.779 164.572 170.513 180.386 180.931 176.597 -9999.000 -9999.000 -9999.000 -9999.000 -9999.000 -9999.000 -9999.000 -9999.000 -9999.000 -9999.000 -9999.000 -9999.000 -9999.000 -9999.000 -9999.000 -9999.000 -9999.000 -9999.000 -9999.000 -9999.000 -9999.000 -9999.000 -9999.000 -9999.000 -9999.000 -9999.000 -9999.000 -9999.000
-9999.000 -9999.000 -9999.000 -9999.000 -9999.000 -9999.000 -9999.000 186.144 208.003 221.079 230.329 222.199 217.187 208.766 212.539 216.941 233.260 223.404 228.816 242.718 278.126 257.906 232.001 219.762 199.849 187.333 174.499 168.050 156.516 149.175 148.264 141.303 144.385 151.182 159.920 157.145 163.315 162.931 171.538 182.137 -9999.000 -9999.000 -9999.000 -9999.000 -9999.000 -9999.000 -9999.000 -9999.000 -9999.000 -9999.000 -9999.000 -9999.000 -9999.000 -9999.000 -9999.000 -9999.000 -9999.000 -9999.000 -9999.000 -9999.000 -9999.000 -9999.000 -9999.000 136.626 128.303 127.582
-9999.000 -9999.000 -9999.000 -9999.000 -9999.000 -9999.000 145.695 170.358 185.027 200.702 215.607 215.270 206.619 204.157 200.506 204.124 214.554 212.269 218.880 225.293 256.315 262.607 229.629 220.516 202.721 198.914 192.271 178.531 157.308 145.326 143.909 141.619 141.882 138.672 147.797 149.918 159.826 163.072 170.188 183.883 183.995 -9999.000 -9999.000 -9999.000 -9999.000 -9999.000 -9999.000 -9999.000 -9999.000 -9999.000 -9999.000 -9999.000 -9999.000 -9999.000 -9999.000 -9999.000 -9999.000 -9999.000 -9999.000 -9999.000 -9999.000 -9999.000 131.625 126.231 124.741 121.659
-9999.000 -9999.000 -9999.000 -9999.000 -9999.000 112.380 124.601 143.297 161.366 171.563 185.259 197.468 195.060 187.681 180.704 185.219 193.110 193.269 211.164 209.048 223.677 247.209 248.269 229.215 223.847 216.286 194.606 187.026 173.340 160.256 141.849 144.274 135.128 132.980 131.794 132.555 147.147 153.541 157.798 174.146 171.042 156.447 196.764 -9999.000 -9999.000 -9999.000 -9999.000 -9999.000 -9999.000 -9999.000 -9999.000 -9999.000 -9999.000 -9999.000 -9999.000 -9999.000 -9999.000 -9999.000 -9999.000 173.055 148.316 135.388 121.363 115.801 114.146 120.323
-9999.000 -9999.000 -9999.000 -9999.000 -9999.000 88.571 107.390 123.415 134.693 143.931 145.476 158.779 180.423 178.048 173.569 167.462 170.233 182.851 191.147 199.009 209.553 217.438 260.804 247.567 224.637 207.317 195.880 188.795 168.575 159.611 152.558 147.357 136.411 133.206 129.709 125.512 132.088 133.660 151.363 165.530 156.193 147.247 187.537 186.723 -9999.000 -9999.000 -9999.000 -9999.000 -9999.000 -9999.000 140.467 149.962 137.410 132.942 125.782 121.131 130.233 134.063 136.496 155.599 148.428 131.008 117.371 104.690 104.302 104.616
-9999.000 -9999.000 -9999.000 -9999.000 68.877 74.012 82.515 99.564 109.542 113.910 122.403 126.967 153.282 167.207 156.881 155.218 156.198 158.545 172.135 183.025 191.850 192.591 235.121 241.695 218.268 210.848 199.747 194.240 185.092 173.365 165.661 160.907 148.304 139.615 126.954 125.184 123.301 136.035 141.800 141.645 137.801 139.978 159.143 168.208 150.953 -9999.000 -9999.000 -9999.000 -9999.000 229.795 179.578 124.459 120.149 129.758 120.719 113.154 121.653 124.387 129.349 137.578 125.533 115.037 100.738 101.368 98.824 96.052
-9999.000 -9999.000 -9999.000 67.201 68.247 71.932 78.286 89.651 103.110 111.644 117.958 121.904 131.763 145.030 149.356 147.512 149.715 146.874 165.484 172.183 184.020 184.385 209.591 241.886 217.274 210.880 202.394 189.697 197.772 187.139 181.659 171.049 153.325 143.076 128.766 123.481 117.760 124.869 130.705 130.084 131.125 126.898 134.068 149.280 144.262 137.600 159.003 170.513 185.785 201.258 174.097 170.102 133.868 117.075 113.340 113.507 116.854 118.705 128.841 124.271 112.363 104.503 92.649 96.600 87.360 88.053
-9999.000 -9999.000 76.436 72.806 70.907 74.594 81.847 90.186 97.168 100.768 105.646 109.575 118.318 123.934 141.602 141.782 140.999 138.414 145.413 159.931 174.705 181.230 189.503 217.920 226.854 221.389 206.289 216.227 202.837 202.071 189.204 174.897 157.034 149.871 131.282 120.447 115.171 114.678 120.114 121.243 124.108 119.923 118.556 128.594 136.651 130.581 144.393 153.606 177.963 191.892 148.612 142.658 139.536 130.693 110.446 108.479 106.320 109.111 122.079 113.185 100.656 92.579 91.170 85.080 82.016 81.953
-9999.000 -9999.000 80.202 78.436 72.142 75.722 84.547 95.097 103.608 101.118 96.667 104.778 109.846 116.168 128.964 138.578 134.354 134.028 140.120 145.170 163.936 176.259 182.395 191.418 234.023 231.675 233.556 220.117 204.753 197.169 184.809 173.624 156.564 146.222 131.716 121.802 113.073 112.833 115.632 119.704 121.855 120.422 127.670 128.468 131.323 128.147 145.125 157.942 186.836 167.861 158.640 150.636 136.605 122.161 105.565 105.558 101.288 97.883 97.649 98.374 95.349 88.973 80.527 79.882 79.376 79.497
-9999.000 107.558 100.517 99.802 94.356 82.694 80.289 90.484 100.457 108.781 107.346 103.067 102.423 103.301 116.538 128.754 127.733 126.578 136.580 146.354 147.841 150.233 173.643 189.993 198.481 208.780 224.289 226.880 196.352 188.767 181.721 171.139 148.042 138.713 123.005 115.324 113.895 109.284 130.642 134.344 128.450 131.237 127.599 128.090 129.756 133.138 140.215 156.839 153.384 142.296 151.921 155.399 142.986 131.077 110.298 96.283 93.208 92.938 83.430 79.027 73.219 75.813 73.188 71.284 75.050 74.895
101.577 105.413 108.781 106.468 101.545 100.467 79.727 88.031 92.632 104.156 105.501 110.909 100.784 103.802 106.580 119.236 123.621 122.668 129.900 131.988 149.088 161.077 171.678 162.698 177.147 187.033 204.835 228.612 202.255 186.297 172.540 168.843 145.819 136.862 117.184 110.182 111.176 111.487 126.726 150.228 145.065 150.456 132.330 126.116 136.136 139.223 145.967 161.900 156.729 143.420 131.074 126.564 137.425 138.343 125.489 119.185 108.496 101.370 87.174 81.594 74.802 73.387 70.856 69.942 70.310 68.977
89.836 97.263 96.710 94.408 105.018 96.624 88.663 85.243 89.543 101.860 101.574 101.127 108.511 100.510 98.767 104.003 118.453 115.891 125.888 129.527 141.506 150.318 146.445 151.396 162.497 170.063 197.830 216.664 187.199 180.725 170.780 154.391 150.131 127.577 107.243 107.660 112.148 121.074 129.008 135.632 141.005 144.333 151.300 144.859 140.286 146.124 155.559 159.632 148.403 138.904 122.923 114.646 108.963 100.967 95.450 91.458 87.062 84.427 84.849 81.580 73.598 72.256 69.290 66.746 64.276 63.172
81.372 97.411 93.743 90.866 93.505 95.782 83.349 84.820 87.622 96.171 97.085 97.934 99.000 101.978 97.182 95.278 112.999 111.092 115.454 125.464 129.675 136.679 141.911 144.290 160.199 173.443 201.768 205.137 186.316 171.886 153.589 150.439 138.403 129.034 105.217 106.673 105.543 110.529 128.026 140.708 126.880 123.342 144.781 150.627 167.684 149.687 139.861 140.409 138.674 130.113 118.521 115.388 112.836 108.442 99.934 94.870 85.735 82.827 80.581 75.762 72.718 72.320 69.095 66.608 64.522 62.659
78.365 91.081 87.620 87.631 85.937 82.769 90.418 86.228 85.476 86.749 89.502 91.351 91.798 96.165 97.240 93.959 94.738 106.818 104.697 112.036 112.715 118.622 143.643 149.695 167.529 178.477 176.569 194.497 192.582 176.838 161.053 146.379 129.519 117.729 103.454 101.482 99.418 103.480 127.079 120.667 119.974 119.252 131.929 142.846 145.719 140.115 152.179 163.600 134.683 124.613 118.268 123.060 116.167 110.194 98.670 96.834 95.260 88.240 84.449 83.990 85.262 74.109 68.688 66.601 63.499 61.054
83.791 94.397 91.901 89.551 87.081 88.221 89.532 86.599 84.550 85.665 85.043 85.499 86.708 90.072 93.652 92.995 92.301 94.117 100.604 104.274 116.776 123.019 140.252 144.494 159.468 162.804 168.805 177.180 196.556 175.614 161.686 145.728 127.752 117.789 105.711 100.669 98.051 102.908 116.811 116.199 113.947 110.849 117.687 128.149 130.772 155.356 219.974 189.354 187.941 158.329 128.887 117.160 118.366 111.968 109.545 98.246 106.575 100.583 102.336 93.526 74.773 75.898 72.784 68.500 61.236 59.772
93.010 96.680 90.249 89.280 88.456 88.697 87.216 84.703 84.962 84.907 84.557 84.202 84.352 84.020 87.018 87.362 87.440 87.454 92.640 95.887 108.361 120.273 132.603 137.220 148.212 151.245 157.657 164.388 188.382 175.005 147.687 138.608 128.366 117.581 103.601 99.039 96.536 103.972 102.996 104.296 115.135 122.764 156.264 162.198 185.232 216.599 212.458 174.035 164.319 158.354 150.531 143.976 145.205 126.477 121.875 113.011 119.757 116.302 101.923 87.305 77.466 77.223 77.049 71.839 65.242 60.831
98.589 91.448 80.696 77.510 83.657 87.590 88.047 84.680 82.150 82.098 83.488 84.167 83.322 83.751 83.476 83.531 85.637 85.694 90.962 92.094 101.353 113.277 129.414 134.351 139.671 138.624 147.280 151.686 177.862 175.284 147.725 133.466 119.429 112.029 104.489 96.712 92.949 92.342 97.812 107.518 117.773 115.053 121.439 144.890 158.199 159.641 174.921 166.397 157.455 156.549 150.377 146.000 134.462 141.356 150.086 130.932 136.601 111.079 92.209 91.452 86.672 81.982 75.458 71.570 67.106 60.241
117.611 101.932 101.260 92.139 86.344 89.418 89.318 89.537 88.341 86.106 89.322 90.741 83.272 83.415 82.537 82.027 81.872 82.312 84.488 86.210 92.441 99.592 118.493 121.752 121.429 126.867 136.620 142.736 164.654 170.135 147.575 138.964 120.408 112.099 100.242 91.436 84.347 81.641 96.750 107.818 107.389 108.522 115.608 121.625 127.717 135.567 130.210 127.831 142.301 154.147 145.845 134.662 122.746 117.624 125.683 150.324 136.916 116.339 97.032 83.106 79.269 79.553 74.041 69.211 63.353 61.272
109.544 149.720 154.114 111.835 87.146 100.025 97.429 93.926 92.989 95.816 86.756 93.572 89.238 86.728 79.236 82.110 80.714 80.694 81.428 83.409 88.962 93.831 106.537 107.900 114.150 118.192 133.567 142.952 151.835 169.767 154.366 140.326 123.125 114.424 105.466 93.453 82.404 79.826 87.832 104.583 109.548 108.734 118.029 125.920 131.017 132.032 129.186 119.395 129.272 131.229 147.638 132.713 121.655 115.318 119.127 139.223 133.031 117.425 93.762 82.420 73.672 72.861 71.282 64.413 58.592 56.605
134.397 130.098 121.748 116.189 108.293 110.041 108.586 114.425 110.228 115.785 97.894 96.571 100.951 98.335 89.488 83.801 82.643 78.628 78.035 77.283 83.627 89.147 91.671 100.567 113.367 118.561 128.339 131.758 139.415 158.075 159.467 143.969 130.088 118.567 107.653 98.102 79.498 80.408 81.671 96.701 105.051 103.614 112.887 120.219 122.412 117.022 121.732 108.724 113.886 112.104 144.253 125.708 115.216 113.858 121.373 109.309 94.715 91.456 82.301 83.227 72.645 69.439 64.812 61.729 59.085 54.803
