test_integration/test_sample_run/example/results.meteodistr/output_maps/snowdepthN0109.asc
ncols         174
nrows         141
xllcorner     744500.000000
yllcorner     5140950.000000
cellsize      250.000000
NODATA_value  -9999.0
[rows 62 to 92 of 141, columns 68 to 135 of 174]
0.000 0.000 14.442 36.714 33.813 35.702 32.037 27.994 14.248 0.000 0.000 0.000 0.000 0.000 0.000 0.000 0.000 0.000 0.000 0.000 0.000 0.000 6.708 12.502 31.346 45.758 63.487 65.966 33.736 0.000 14.904 14.419 0.000 0.000 0.000 0.000 0.000 0.000 0.000 0.000 0.000 0.000 17.463 55.304 72.500 70.677 71.959 66.773 71.565 68.075 57.343 62.666 50.306 54.176 43.925 17.789 20.177 0.000 0.000 0.000 9.888 27.587 56.048 85.069 53.829 40.325 52.065 60.083
0.000 0.000 42.028 41.599 43.136 41.090 38.562 36.245 32.646 19.720 18.113 20.393 0.000 0.000 0.000 0.000 0.000 0.000 0.000 0.000 9.108 33.380 38.981 31.556 42.157 43.656 58.121 26.945 0.000 0.000 0.000 0.000 0.000 0.000 0.000 0.000 0.000 0.000 0.000 0.000 0.000 0.000 0.000 0.000 17.814 38.769 73.466 77.683 80.462 75.495 62.794 64.780 67.546 58.517 13.072 0.000 28.302 19.210 0.000 0.000 0.000 11.361 19.703 17.130 72.497 66.564 60.195 62.355
0.000 23.177 43.192 46.423 43.872 47.761 40.915 41.727 32.952 35.693 35.406 31.035 28.124 24.253 7.944 0.000 0.000 0.000 0.000 17.715 33.196 40.887 49.452 48.524 51.446 11.151 0.000 0.000 0.000 0.000 0.000 0.000 0.000 0.000 16.060 18.799 27.977 22.915 0.000 0.000 0.000 0.000 0.000 0.000 0.000 0.000 0.000 0.000 35.149 50.767 73.925 63.409 79.023 42.699 0.000 38.957 33.415 28.885 10.098 0.000 0.000 0.000 0.000 7.123 43.934 49.456 57.892 69.179
29.445 26.044 41.849 55.667 52.753 57.665 51.644 44.745 39.321 41.933 42.538 42.273 36.385 31.905 24.534 0.000 0.000 0.000 18.062 22.835 30.324 25.642 32.250 28.166 14.286 0.000 0.000 0.000 0.000 0.000 0.000 0.000 0.000 20.911 29.067 27.051 35.056 30.594 15.155 27.611 35.098 21.057 0.000 0.000 0.000 0.000 0.000 0.000 25.863 46.318 85.012 86.319 36.763 0.000 57.465 53.333 32.260 33.943 0.000 0.000 0.000 0.000 0.000 6.462 0.000 42.206 80.863 68.811
44.671 39.132 9.612 15.353 59.922 61.135 54.762 41.980 46.572 47.938 48.731 47.115 43.249 37.515 26.915 19.719 0.000 0.000 0.000 0.000 0.000 0.000 0.000 0.000 0.000 0.000 0.000 0.000 0.000 0.000 18.425 23.590 32.253 26.566 30.740 25.440 39.402 0.000 21.308 39.188 42.776 42.355 44.147 43.039 0.000 0.000 35.852 23.171 45.367 53.329 78.067 58.585 0.000 10.262 62.801 66.798 44.708 21.172 22.719 0.000 0.000 0.000 13.846 21.035 61.120 69.677 43.439 27.387
43.346 46.165 0.000 8.410 50.292 65.914 46.755 52.477 56.351 54.732 58.401 54.670 49.849 39.135 25.125 20.227 0.000 0.000 0.000 0.000 0.000 0.000 0.000 0.000 0.000 0.000 7.193 26.234 10.913 27.903 35.082 35.938 39.410 28.412 36.252 51.976 0.000 7.054 27.940 35.536 53.343 43.842 49.008 47.542 44.795 32.264 38.018 55.572 67.143 76.027 75.392 32.605 8.078 70.197 71.009 71.918 0.000 0.000 14.236 9.902 22.361 25.271 45.477 43.932 66.513 92.760 8.175 0.000
37.108 45.878 30.426 11.573 19.234 44.864 50.517 59.331 63.874 63.358 41.461 56.546 41.807 38.571 22.773 6.633 0.000 0.000 0.000 0.000 0.000 0.000 0.000 0.000 28.580 29.948 24.347 26.687 25.240 37.482 38.059 33.403 27.110 44.293 44.093 33.862 0.000 34.112 33.033 15.122 54.773 50.730 47.918 42.045 44.505 43.240 0.000 22.919 32.028 37.993 26.524 16.319 48.384 75.494 76.805 51.999 15.345 0.000 0.000 0.000 43.280 49.436 54.007 57.233 75.879 39.528 0.000 8.870
32.634 30.663 36.575 11.157 0.000 14.684 33.727 34.882 22.264 19.193 0.000 12.694 39.678 34.729 13.758 0.000 0.000 0.000 0.000 0.000 0.000 0.000 14.837 24.948 29.465 37.350 37.596 39.895 36.036 36.903 38.164 48.517 47.425 71.279 69.551 20.145 16.196 44.308 29.297 7.944 52.445 68.749 53.937 60.517 50.540 55.130 13.646 0.000 0.000 0.000 0.000 58.459 80.354 85.387 82.461 13.871 0.000 0.000 0.000 7.172 37.480 59.652 68.108 70.249 55.004 0.000 0.000 8.728
17.500 27.352 42.616 36.167 43.022 22.674 10.370 15.184 17.834 23.051 50.269 0.000 0.000 0.000 0.000 0.000 0.000 0.000 0.000 0.000 0.000 0.000 34.092 20.714 36.622 24.729 58.668 32.366 27.673 30.137 41.767 11.033 71.730 76.815 73.621 34.679 25.766 48.064 41.213 19.448 40.232 68.743 73.876 73.837 68.335 60.999 65.085 38.673 0.000 0.000 29.296 56.083 86.977 86.593 66.480 8.863 0.000 0.000 7.502 14.424 9.726 8.751 0.000 0.000 0.000 6.865 58.600 71.189
40.795 49.554 49.782 44.056 42.110 45.276 36.034 46.562 58.106 63.222 62.040 7.634 0.000 0.000 0.000 0.000 0.000 0.000 0.000 0.000 0.000 0.000 18.140 31.104 53.967 41.720 45.601 38.416 50.486 43.112 60.036 17.046 50.037 88.640 69.716 22.130 43.297 53.277 50.483 28.511 24.010 0.000 46.791 85.125 75.111 63.840 73.670 74.101 61.925 49.017 13.057 31.714 83.741 85.154 57.471 13.039 0.000 0.000 22.156 16.794 0.000 0.000 0.000 0.000 0.000 0.000 32.313 70.108
58.930 47.638 54.584 54.799 48.011 30.770 38.698 55.573 63.253 65.123 45.910 8.290 0.000 0.000 0.000 0.000 0.000 0.000 0.000 14.203 0.000 0.000 13.459 37.163 59.634 66.530 36.999 51.392 58.713 56.591 56.487 44.277 34.635 92.446 68.104 35.315 58.584 56.142 56.890 51.435 17.724 11.724 0.000 23.226 43.082 74.679 76.204 75.218 71.704 76.867 58.167 20.282 10.738 9.729 17.261 0.000 0.000 0.000 12.707 15.716 7.877 9.749 0.000 0.000 0.000 8.258 0.000 -9999.000
62.296 49.646 61.025 61.851 48.198 27.486 55.107 56.142 70.252 65.342 32.191 0.000 0.000 0.000 0.000 0.000 0.000 0.000 0.000 0.000 0.000 0.000 13.538 34.102 47.758 74.250 71.869 75.109 85.152 49.835 66.407 54.554 60.690 96.057 74.331 67.541 49.561 58.781 67.485 68.565 74.633 76.616 52.810 38.264 63.634 87.460 81.932 78.473 78.710 84.716 86.703 82.165 37.862 12.299 0.000 0.000 0.000 17.948 6.825 11.121 8.989 11.782 17.349 38.911 66.382 55.979 0.000 -9999.000
64.259 60.408 63.403 52.560 38.143 57.072 59.479 63.047 39.827 22.608 0.000 0.000 0.000 0.000 0.000 0.000 0.000 0.000 0.000 0.000 11.227 7.935 10.075 42.865 8.704 11.556 26.359 32.228 0.000 62.618 52.134 63.366 74.203 96.897 45.988 44.091 54.053 71.874 71.099 70.112 76.411 76.818 87.311 83.253 86.312 95.136 84.488 77.640 84.242 82.709 80.144 89.464 68.220 30.197 5.972 0.000 8.946 34.578 13.943 13.041 20.440 32.686 63.006 58.728 56.564 63.050 66.428 -9999.000
59.662 65.380 45.021 34.729 50.561 58.344 67.832 58.030 0.000 0.000 0.000 0.000 0.000 0.000 0.000 0.000 0.000 0.000 0.000 0.000 9.309 21.043 0.000 0.000 0.000 0.000 0.000 0.000 0.000 31.416 89.974 83.144 78.505 91.137 0.000 16.997 74.664 82.527 73.150 81.792 76.027 89.182 88.431 81.638 91.583 92.625 92.664 92.560 110.330 101.869 87.676 49.165 6.509 0.000 0.000 0.000 21.773 16.072 20.334 14.504 33.371 45.934 56.730 68.131 78.884 77.131 -9999.000 -9999.000
27.867 25.756 21.081 45.799 53.813 59.200 41.023 7.941 0.000 0.000 0.000 0.000 0.000 0.000 0.000 0.000 0.000 0.000 0.000 0.000 0.000 0.000 0.000 0.000 0.000 0.000 0.000 0.000 0.000 0.000 8.971 76.360 80.825 59.755 54.013 80.875 85.058 84.535 75.493 78.639 77.479 99.664 83.454 84.188 87.280 90.316 72.971 54.011 31.402 27.784 0.000 0.000 0.000 0.000 0.000 0.000 8.306 0.000 22.136 21.052 28.007 39.881 26.501 16.686 11.943 0.000 -9999.000 -9999.000
34.902 19.402 50.611 57.995 56.140 58.705 11.026 0.000 0.000 0.000 0.000 0.000 0.000 0.000 0.000 0.000 0.000 0.000 0.000 0.000 0.000 0.000 32.065 19.581 36.364 0.000 0.000 0.000 22.304 39.399 47.892 56.801 66.278 31.295 89.394 89.776 79.824 84.560 81.664 98.747 110.112 83.031 100.470 93.510 47.712 0.000 0.000 0.000 0.000 0.000 20.306 11.969 0.000 0.000 6.050 16.232 14.358 23.353 13.148 17.752 20.370 14.201 9.059 0.000 0.000 0.000 -9999.000 -9999.000
52.233 53.918 61.304 61.435 60.829 48.647 0.000 0.000 0.000 0.000 0.000 0.000 0.000 0.000 0.000 0.000 0.000 0.000 0.000 0.000 0.000 0.000 43.304 35.147 50.921 55.092 35.351 23.548 44.992 47.835 46.586 36.005 0.000 0.000 48.845 39.627 87.764 88.497 87.971 54.831 7.628 0.000 0.000 0.000 0.000 0.000 0.000 0.000 16.717 29.053 41.702 17.617 29.299 76.378 69.606 60.411 20.712 16.962 16.569 22.030 7.769 9.799 7.377 0.000 0.000 0.000 -9999.000 -9999.000
58.338 60.694 51.083 65.719 45.758 23.364 0.000 9.940 23.859 8.671 0.000 0.000 0.000 0.000 0.000 0.000 0.000 0.000 0.000 0.000 0.000 0.000 0.000 0.000 0.000 33.363 43.390 30.185 19.906 0.000 15.736 6.974 0.000 0.000 0.000 0.000 29.382 53.881 26.153 0.000 0.000 0.000 0.000 0.000 0.000 0.000 0.000 11.272 20.311 0.000 26.669 44.629 78.500 80.883 60.136 32.804 18.162 21.186 26.682 23.691 0.000 0.000 0.000 0.000 0.000 0.000 -9999.000 -9999.000
34.710 55.973 49.448 20.526 0.000 0.000 22.312 33.920 34.775 11.246 0.000 0.000 0.000 0.000 0.000 0.000 0.000 0.000 0.000 0.000 0.000 0.000 0.000 0.000 0.000 0.000 0.000 0.000 0.000 13.622 18.586 0.000 0.000 0.000 0.000 0.000 0.000 0.000 0.000 0.000 0.000 0.000 0.000 0.000 0.000 0.000 0.000 27.777 16.646 6.596 42.211 80.176 75.111 27.858 0.000 0.000 19.173 34.817 30.752 26.229 23.280 6.584 0.000 0.000 0.000 0.000 -9999.000 -9999.000
18.836 35.492 0.000 0.000 0.000 0.000 0.000 6.574 11.133 17.892 5.881 0.000 0.000 0.000 0.000 0.000 0.000 0.000 0.000 6.810 0.000 0.000 0.000 0.000 0.000 0.000 0.000 0.000 9.082 7.921 0.000 0.000 0.000 0.000 0.000 0.000 0.000 0.000 0.000 0.000 0.000 0.000 0.000 0.000 0.000 0.000 6.796 24.223 0.000 26.488 45.256 32.371 23.440 10.730 24.113 29.363 42.230 59.200 54.518 45.640 22.172 23.737 7.161 13.974 33.562 6.031 0.000 -9999.000
0.000 0.000 0.000 0.000 0.000 0.000 0.000 0.000 0.000 7.844 0.000 0.000 0.000 0.000 0.000 0.000 0.000 0.000 0.000 0.000 0.000 0.000 0.000 0.000 0.000 0.000 0.000 7.726 8.557 0.000 0.000 0.000 0.000 0.000 0.000 0.000 0.000 7.800 0.000 0.000 0.000 0.000 0.000 0.000 0.000 0.000 6.592 0.000 0.000 24.596 0.000 0.000 27.541 59.656 61.736 64.671 65.230 69.110 63.547 50.219 28.205 31.987 55.117 54.948 34.682 32.850 10.251 -9999.000
0.000 0.000 0.000 0.000 0.000 0.000 0.000 0.000 0.000 0.000 0.000 0.000 0.000 0.000 0.000 0.000 0.000 0.000 0.000 0.000 0.000 0.000 0.000 0.000 0.000 0.000 0.000 0.000 0.000 0.000 0.000 0.000 0.000 0.000 0.000 0.000 22.188 22.956 0.000 0.000 0.000 0.000 0.000 0.000 0.000 0.000 0.000 0.000 0.000 0.000 0.000 6.747 45.454 81.529 70.417 65.235 71.961 74.542 45.295 35.478 36.915 46.567 63.691 61.829 34.045 0.000 25.726 -9999.000
0.000 0.000 0.000 0.000 0.000 0.000 0.000 0.000 0.000 0.000 0.000 0.000 0.000 0.000 0.000 0.000 0.000 0.000 0.000 0.000 0.000 0.000 0.000 0.000 0.000 0.000 0.000 0.000 0.000 12.907 36.096 26.710 7.074 0.000 0.000 8.583 0.000 0.000 0.000 0.000 0.000 0.000 8.141 33.779 47.257 43.991 28.008 8.872 7.884 15.030 22.240 37.614 62.241 69.105 66.680 67.889 76.788 43.565 24.100 26.346 34.165 58.434 62.993 57.398 48.866 8.752 -9999.000 -9999.000
0.000 0.000 0.000 0.000 0.000 0.000 0.000 0.000 0.000 0.000 0.000 0.000 0.000 0.000 0.000 0.000 0.000 0.000 0.000 0.000 0.000 0.000 0.000 0.000 21.655 27.222 44.469 40.256 40.559 34.723 36.224 9.797 0.000 0.000 0.000 0.000 0.000 0.000 0.000 0.000 24.385 48.475 48.897 59.488 64.224 66.271 66.139 62.522 28.301 48.941 54.622 47.294 58.155 44.444 55.073 65.897 41.387 26.519 26.180 22.564 41.631 52.211 40.809 57.740 47.473 13.432 -9999.000 -9999.000
0.000 0.000 0.000 0.000 0.000 0.000 0.000 0.000 0.000 0.000 0.000 0.000 0.000 0.000 0.000 0.000 0.000 0.000 0.000 0.000 0.000 0.000 0.000 0.000 28.365 26.983 33.359 26.067 6.501 0.000 0.000 0.000 0.000 0.000 0.000 0.000 0.000 0.000 18.160 44.103 48.722 53.606 58.660 66.335 75.513 75.549 76.154 64.540 59.704 63.210 55.779 43.112 27.543 18.803 30.584 25.829 22.341 18.480 16.410 26.214 55.310 47.469 34.286 47.674 64.744 19.188 -9999.000 -9999.000
0.000 0.000 0.000 0.000 0.000 0.000 0.000 0.000 0.000 0.000 0.000 0.000 0.000 0.000 0.000 0.000 0.000 0.000 0.000 0.000 0.000 0.000 0.000 0.000 7.538 0.000 0.000 0.000 0.000 0.000 0.000 0.000 0.000 0.000 0.000 0.000 0.000 9.896 42.481 50.600 61.394 66.357 62.879 70.401 77.689 65.740 40.844 38.625 58.798 40.503 53.064 54.533 32.877 39.739 50.355 41.818 34.149 21.417 29.476 35.422 56.865 56.396 49.186 54.095 73.918 39.438 -9999.000 -9999.000
9.086 9.418 9.842 9.215 8.918 7.274 0.000 0.000 0.000 0.000 0.000 0.000 0.000 0.000 0.000 0.000 0.000 0.000 0.000 0.000 0.000 0.000 0.000 0.000 0.000 0.000 0.000 0.000 0.000 0.000 0.000 0.000 0.000 0.000 18.912 40.111 42.146 34.165 47.640 53.983 66.035 79.022 70.482 62.359 75.240 50.013 46.972 57.549 58.491 58.256 77.055 78.770 80.342 79.815 61.537 52.012 49.842 59.215 63.160 57.841 56.441 55.675 48.591 44.907 74.904 52.170 -9999.000 -9999.000
9.401 9.776 10.823 11.004 12.512 7.626 0.000 0.000 0.000 0.000 0.000 0.000 0.000 0.000 0.000 0.000 0.000 0.000 0.000 0.000 0.000 0.000 0.000 0.000 0.000 0.000 0.000 0.000 0.000 0.000 0.000 0.000 17.055 37.214 39.491 48.165 48.510 46.463 53.800 65.824 80.467 76.138 79.213 62.378 73.022 83.538 79.498 72.810 57.600 58.125 80.597 85.005 88.704 82.909 54.267 50.160 57.360 66.274 56.364 61.703 55.876 54.504 58.588 37.038 0.000 14.609 -9999.000 -9999.000
9.840 10.336 7.091 0.000 0.000 0.000 0.000 0.000 0.000 0.000 0.000 0.000 0.000 0.000 0.000 0.000 0.000 0.000 0.000 11.129 10.918 0.000 0.000 0.000 0.000 0.000 24.453 25.315 29.371 30.632 20.812 24.348 38.145 45.900 51.277 58.259 61.160 59.707 50.256 53.109 47.181 31.100 59.353 76.576 67.545 89.875 80.211 66.152 30.367 9.192 0.000 9.628 57.990 41.677 18.207 60.389 59.793 65.007 64.694 68.316 65.390 59.914 56.154 0.000 0.000 -9999.000 -9999.000 -9999.000
0.000 11.489 0.000 0.000 0.000 0.000 0.000 0.000 0.000 0.000 0.000 0.000 0.000 0.000 0.000 0.000 0.000 0.000 10.784 13.565 18.260 13.809 0.000 0.000 0.000 15.684 32.864 32.282 27.421 32.235 37.997 26.756 29.844 44.654 43.651 39.996 61.285 68.296 61.250 41.520 0.000 0.000 47.680 82.170 34.335 13.053 32.073 58.125 46.458 -9999.000 -9999.000 -9999.000 -9999.000 -9999.000 -9999.000 -9999.000 60.638 52.950 42.300 76.667 77.508 73.886 8.994 10.187 -9999.000 -9999.000 -9999.000 -9999.000
0.000 0.000 0.000 0.000 0.000 0.000 0.000 0.000 0.000 0.000 0.000 0.000 0.000 0.000 0.000 0.000 0.000 0.000 0.000 0.000 11.513 17.950 17.982 17.474 22.961 26.650 30.696 45.612 55.402 37.675 14.006 11.270 0.000 0.000 0.000 0.000 11.424 5.935 13.882 7.705 14.093 46.852 33.930 25.128 71.961 -9999.000 -9999.000 -9999.000 -9999.000 -9999.000 -9999.000 -9999.000 -9999.000 -9999.000 -9999.000 -9999.000 -9999.000 -9999.000 57.519 60.217 82.915 62.573 25.498 -9999.000 -9999.000 -9999.000 -9999.000 -9999.000
