test_integration/test_sample_run/example/results.meteodistr/output_maps/snowdepthN0092.asc
ncols         174
nrows         141
xllcorner     744500.000000
yllcorner     5140950.000000
cellsize      250.000000
NODATA_value  -9999.0
[rows 30 to 59 of 141, columns 68 to 135 of 174]
88.439 82.051 91.062 88.827 87.549 69.970 89.920 89.903 77.906 72.017 68.001 61.383 60.847 69.985 61.619 58.784 38.548 37.147 24.863 23.974 46.054 48.763 40.567 29.617 33.736 39.852 54.375 57.006 46.011 38.015 37.835 38.233 46.796 43.967 35.738 28.570 19.437 13.390 18.997 18.037 12.359 14.349 0.000 0.000 8.123 20.559 33.261 56.868 46.406 74.141 66.138 54.441 9.629 0.000 0.000 0.000 0.000 0.000 0.000 0.000 0.000 9.597 9.867 17.919 19.198 18.415 20.096 19.468
83.105 87.426 105.244 100.312 74.158 88.257 96.083 90.052 60.276 81.090 75.625 54.479 54.523 50.156 47.318 52.264 44.258 36.012 24.190 22.619 31.211 30.745 18.609 28.662 45.743 57.676 61.785 54.814 35.484 25.202 13.692 13.725 22.059 29.032 27.421 21.467 16.392 8.560 8.593 12.281 12.289 0.000 0.000 0.000 14.086 34.522 62.545 51.912 14.017 7.774 79.119 67.800 0.000 0.000 0.000 0.000 0.000 0.000 0.000 0.000 0.000 6.645 8.812 13.319 18.738 17.675 19.067 20.973
83.258 95.371 104.486 98.635 97.869 97.843 93.556 56.497 59.283 80.294 72.996 70.745 53.220 51.424 45.256 44.995 44.650 42.420 35.484 23.828 24.002 25.297 44.288 57.495 60.238 55.462 58.047 46.102 31.874 27.336 23.455 10.113 0.000 0.000 0.000 13.692 32.706 19.738 18.756 13.488 11.283 11.863 20.813 32.467 45.021 53.255 59.595 12.810 0.000 0.000 24.843 62.305 55.857 55.488 17.387 7.764 0.000 13.170 17.287 24.302 29.041 21.860 21.573 23.544 17.417 16.190 17.482 29.943
96.737 110.739 101.251 100.736 102.749 103.325 39.712 53.829 73.854 66.943 84.590 78.961 72.432 63.920 47.040 44.428 44.465 43.304 36.855 30.891 18.593 29.437 55.104 52.254 55.222 51.189 46.261 39.293 32.017 23.300 18.948 19.077 11.567 0.000 0.000 30.765 66.153 59.673 50.776 49.847 49.114 59.070 66.954 62.978 80.157 75.716 40.648 0.000 11.564 0.000 0.000 0.000 34.958 43.594 46.086 45.174 35.508 47.273 40.307 43.791 52.381 38.975 42.640 36.961 14.697 14.952 15.744 16.464
121.933 117.460 125.441 112.034 104.777 86.839 73.351 105.216 99.849 99.005 86.901 79.549 78.993 60.307 54.601 52.430 46.470 43.405 36.255 35.519 27.129 33.845 40.501 44.851 38.366 42.289 33.279 32.300 48.181 47.577 24.540 24.177 6.939 0.000 21.408 55.783 65.232 77.204 78.544 76.672 81.894 79.733 83.959 80.242 85.686 88.156 50.778 38.172 11.583 13.483 0.000 0.000 0.000 12.896 59.195 69.183 74.369 72.160 69.261 70.267 68.598 65.121 66.107 62.416 47.591 21.983 11.967 0.000
110.463 124.444 66.435 54.956 91.175 81.771 107.312 104.244 104.321 101.120 79.775 87.949 72.503 66.875 72.072 65.395 58.191 48.391 35.108 37.710 28.463 24.778 21.591 26.987 23.022 26.232 27.772 22.778 51.182 49.649 44.026 29.648 7.452 0.000 48.619 57.282 55.306 77.688 84.825 83.611 87.638 88.221 90.787 91.762 90.903 69.730 48.047 45.256 21.647 0.000 0.000 0.000 9.392 17.763 54.852 78.903 80.457 59.866 76.101 73.873 74.140 69.363 65.653 63.534 50.442 23.561 12.112 15.961
88.424 71.852 56.239 43.739 62.933 111.190 109.591 104.911 79.124 69.325 62.975 64.427 54.804 52.615 52.019 50.414 54.287 46.197 39.795 38.734 30.880 13.452 6.183 0.000 8.552 14.208 18.503 23.718 38.379 49.997 38.282 32.179 17.721 8.008 41.913 46.188 47.525 49.160 79.760 87.470 80.814 82.687 77.543 88.336 80.964 51.805 32.271 29.648 31.000 31.092 0.000 12.205 14.979 38.287 26.570 32.547 30.176 35.907 75.299 79.683 74.571 71.270 68.130 67.010 30.823 23.753 0.000 25.648
54.301 54.477 69.488 56.084 68.697 127.914 96.068 55.866 33.891 43.099 42.762 33.064 33.499 34.838 31.602 37.073 40.398 40.586 40.468 38.339 35.856 17.779 0.000 0.000 0.000 0.000 9.831 21.756 28.220 48.362 33.201 31.498 19.301 17.067 21.099 30.925 36.717 34.533 56.436 66.115 57.099 49.130 49.958 59.957 53.600 52.635 42.877 29.488 11.049 42.610 9.464 27.738 46.022 47.038 0.000 0.000 0.000 34.028 64.963 77.155 76.606 80.306 82.868 45.415 14.255 24.647 0.000 10.538
26.603 35.492 49.689 36.337 71.261 92.781 57.894 50.830 30.956 29.025 20.080 18.009 29.471 41.790 34.235 38.722 25.894 36.975 42.492 44.379 39.450 35.712 14.793 20.145 0.000 0.000 8.446 15.019 24.669 29.444 35.943 35.881 16.587 11.527 21.697 30.131 45.061 47.139 38.082 20.771 16.345 17.309 32.895 37.080 52.791 55.476 47.005 45.402 25.566 10.311 13.243 27.879 48.871 45.175 10.781 0.000 11.282 36.183 28.454 56.203 54.232 51.767 25.463 0.000 0.000 0.000 0.000 11.292
31.025 0.000 10.409 18.431 72.492 55.112 65.759 52.761 47.775 40.320 28.814 39.661 44.235 57.324 56.216 49.450 39.729 48.989 52.128 50.159 41.089 34.989 30.978 14.945 0.000 0.000 10.961 14.865 10.882 9.215 34.057 31.521 7.901 0.000 33.819 35.046 42.802 48.967 27.844 0.000 12.712 12.007 28.014 35.835 56.713 65.156 51.217 49.051 48.712 24.036 12.727 10.779 16.562 29.359 0.000 0.000 22.845 17.179 9.540 14.719 0.000 0.000 10.973 0.000 0.000 0.000 12.800 24.809
51.450 42.595 36.488 50.133 50.196 22.083 85.972 84.927 85.282 88.311 89.453 87.049 63.943 48.413 54.253 48.853 70.727 70.600 59.258 55.024 49.133 50.819 48.605 16.202 22.180 11.161 0.000 0.000 0.000 0.000 20.136 21.094 10.146 0.000 26.179 30.308 39.807 41.798 0.000 0.000 17.542 33.387 43.707 39.850 54.789 65.040 59.378 56.768 68.262 60.196 33.282 6.522 0.000 14.057 16.619 0.000 8.824 0.000 14.197 0.000 0.000 0.000 0.000 0.000 0.000 0.000 19.060 30.131
31.280 16.043 18.431 50.321 55.232 89.076 118.325 106.898 91.982 103.820 97.239 79.475 56.249 49.773 53.943 61.475 75.124 69.526 63.237 54.150 48.027 49.329 52.835 51.599 50.171 32.842 0.000 0.000 0.000 0.000 0.000 15.942 6.497 0.000 19.251 28.513 38.543 19.033 0.000 0.000 33.938 42.755 50.210 50.241 59.828 56.167 57.267 58.672 54.307 51.061 49.316 18.085 13.817 10.991 20.507 9.744 0.000 0.000 0.000 0.000 0.000 0.000 0.000 0.000 0.000 0.000 16.129 10.235
21.195 0.000 54.435 68.559 85.010 99.146 126.051 107.572 85.659 61.102 47.092 54.218 47.668 55.592 60.727 66.389 57.909 54.377 51.888 46.136 47.012 44.757 65.546 64.474 52.440 39.385 18.964 0.000 0.000 0.000 0.000 0.000 8.854 11.916 25.154 32.286 23.710 0.000 0.000 35.141 34.195 37.600 46.657 55.920 52.268 30.284 32.247 39.659 38.578 46.422 34.956 29.275 0.000 12.739 33.199 15.339 0.000 0.000 0.000 0.000 0.000 0.000 0.000 0.000 0.000 0.000 0.000 0.000
0.000 0.000 69.983 81.297 90.223 111.431 119.691 65.561 21.041 28.503 43.993 49.788 55.249 67.204 69.029 67.663 58.774 52.137 46.983 48.527 48.759 45.123 48.474 45.934 49.625 47.395 43.084 12.915 0.000 0.000 0.000 0.000 10.874 6.480 17.300 19.290 0.000 0.000 8.244 34.646 46.646 48.296 50.112 56.749 29.215 11.955 6.681 12.830 19.357 28.373 13.411 16.335 10.754 24.235 36.571 20.996 0.000 0.000 0.000 0.000 0.000 0.000 0.000 0.000 0.000 0.000 0.000 0.000
0.000 0.000 29.239 66.954 68.504 57.392 72.270 65.906 71.668 87.593 85.325 76.649 72.502 81.564 73.429 76.676 62.942 61.205 48.216 48.499 43.467 45.959 38.177 44.533 72.806 70.411 64.635 63.602 55.869 48.406 8.266 0.000 0.000 5.868 11.533 0.000 0.000 0.000 40.726 30.704 30.259 38.341 48.874 52.401 27.393 15.905 13.613 13.462 0.000 0.000 0.000 0.000 27.205 50.339 23.473 16.959 19.539 0.000 0.000 0.000 0.000 0.000 0.000 0.000 20.000 44.246 0.000 0.000
0.000 8.515 11.211 21.002 32.518 34.386 51.350 92.197 102.531 98.054 91.159 85.263 85.075 91.571 76.712 74.885 72.703 65.190 49.328 48.396 41.616 44.384 37.829 51.792 70.444 77.385 72.991 72.848 65.778 50.176 53.118 45.131 13.335 15.379 0.000 0.000 0.000 8.848 24.935 10.943 6.356 16.980 32.472 44.723 42.411 27.749 10.255 0.000 0.000 0.000 0.000 0.000 27.521 23.667 0.000 0.000 17.351 10.201 0.000 0.000 0.000 0.000 0.000 27.870 47.057 49.668 45.619 28.898
0.000 26.438 35.750 31.582 46.446 36.992 51.440 42.149 68.323 106.733 89.485 78.911 83.241 82.882 55.923 55.462 67.017 57.503 58.411 54.565 45.314 41.373 44.770 54.253 66.047 65.824 77.304 71.338 65.198 65.498 66.056 64.652 56.976 41.997 0.000 0.000 6.134 11.827 9.285 13.531 32.719 33.355 23.479 22.981 42.831 43.109 37.428 29.218 15.585 11.689 0.000 0.000 13.808 0.000 0.000 0.000 0.000 0.000 0.000 0.000 14.864 26.429 40.273 39.772 49.818 51.512 50.537 47.792
13.631 24.106 49.776 55.309 70.447 63.400 33.340 9.735 21.910 58.757 87.091 75.135 62.445 55.896 42.348 43.898 52.175 51.584 51.317 48.198 45.377 43.257 49.527 53.114 63.056 69.446 66.882 61.095 72.412 73.043 71.631 71.156 64.596 57.682 34.029 5.680 0.000 0.000 24.694 33.410 26.637 21.629 23.729 15.015 42.519 42.902 48.279 51.022 35.317 21.812 0.000 0.000 0.000 0.000 0.000 0.000 0.000 0.000 0.000 25.902 44.520 50.033 50.223 40.651 55.227 59.599 45.144 49.014
27.021 27.711 33.244 34.786 33.688 16.422 12.582 34.098 14.086 36.276 45.721 58.423 51.820 36.885 32.533 17.295 29.636 29.637 43.534 51.396 47.658 50.015 65.092 57.017 50.525 58.170 47.306 52.493 66.478 76.182 74.400 69.682 62.983 57.691 44.013 40.241 11.309 0.000 10.263 12.721 17.259 10.766 17.004 22.570 32.010 33.114 31.745 41.340 34.993 24.075 12.761 9.705 0.000 0.000 0.000 0.000 0.000 11.838 37.616 36.227 38.541 44.414 49.839 48.298 58.746 65.789 57.215 55.628
23.474 13.243 25.241 0.000 13.693 0.000 0.000 14.995 0.000 24.984 35.213 33.518 46.852 31.133 16.522 0.000 9.084 15.217 47.768 50.709 50.460 61.501 71.446 65.544 48.458 37.497 32.156 47.069 65.303 64.774 63.167 63.618 65.493 53.366 50.055 44.533 20.970 0.000 0.000 10.564 9.636 13.703 15.340 14.735 13.485 0.000 0.000 0.000 9.725 16.734 20.814 19.058 0.000 0.000 0.000 0.000 30.628 31.219 53.358 55.074 45.590 35.685 46.801 52.042 69.185 71.404 60.787 62.911
0.000 0.000 0.000 0.000 0.000 0.000 0.000 0.000 0.000 11.342 13.849 12.550 46.558 42.149 18.291 17.793 0.000 18.517 39.228 42.695 58.944 58.613 48.623 41.392 34.374 20.409 33.706 37.286 33.027 33.266 49.460 53.969 67.560 59.212 61.398 51.637 36.128 7.327 0.000 0.000 0.000 0.000 0.000 0.000 0.000 0.000 0.000 0.000 0.000 0.000 0.000 0.000 0.000 0.000 8.250 30.900 48.853 43.400 35.220 59.942 59.988 49.798 51.474 39.173 68.297 74.212 66.186 66.384
0.000 0.000 0.000 0.000 0.000 0.000 0.000 0.000 0.000 0.000 0.000 0.000 24.411 41.013 14.978 14.652 0.000 14.338 18.616 28.662 52.488 50.374 32.320 26.642 28.587 30.210 39.185 37.907 12.022 9.986 27.616 39.041 52.099 66.653 66.102 54.059 39.355 35.938 0.000 0.000 0.000 0.000 0.000 0.000 0.000 0.000 0.000 0.000 0.000 0.000 0.000 0.000 0.000 0.000 26.045 38.871 49.979 56.591 28.153 33.731 64.363 60.509 62.660 57.415 53.462 81.849 69.268 74.562
0.000 0.000 0.000 0.000 0.000 0.000 8.996 0.000 0.000 0.000 0.000 0.000 0.000 19.681 9.739 9.892 6.329 13.076 15.176 26.604 40.550 39.427 28.033 32.166 32.419 30.354 34.153 30.066 14.474 12.665 9.714 7.024 7.323 29.724 51.298 48.990 43.719 52.648 36.075 9.927 0.000 0.000 0.000 0.000 0.000 0.000 0.000 0.000 0.000 0.000 0.000 0.000 0.000 13.275 27.649 30.120 39.199 53.381 61.172 36.704 52.053 65.583 58.521 69.252 73.345 77.816 75.119 73.839
0.000 0.000 0.000 0.000 0.000 0.000 10.129 0.000 0.000 0.000 0.000 0.000 7.385 9.712 6.422 6.949 14.469 25.979 42.375 43.309 39.591 35.455 40.248 38.655 32.160 32.601 30.215 18.170 11.091 8.427 10.978 0.000 0.000 0.000 21.164 38.400 55.743 59.220 46.214 32.740 0.000 0.000 0.000 0.000 0.000 0.000 0.000 0.000 0.000 0.000 21.942 8.876 0.000 22.768 36.686 32.160 40.927 51.449 67.287 66.860 64.476 50.531 54.060 53.016 83.540 80.212 79.402 80.211
0.000 0.000 0.000 0.000 0.000 0.000 0.000 0.000 0.000 0.000 0.000 13.946 19.678 6.680 10.426 12.400 19.850 42.263 65.285 59.145 48.627 44.476 45.823 36.379 36.982 35.437 27.530 25.210 37.684 37.116 11.329 0.000 0.000 0.000 0.000 0.000 20.509 33.932 46.234 47.061 13.066 0.000 0.000 0.000 0.000 0.000 0.000 0.000 27.339 42.193 51.894 40.840 13.737 9.545 26.916 35.459 20.010 18.563 33.507 55.044 69.222 65.413 44.817 26.230 35.403 24.623 46.731 39.541
0.000 0.000 0.000 0.000 0.000 0.000 0.000 0.000 0.000 0.000 13.068 14.206 0.000 0.000 0.000 0.000 30.981 42.298 56.659 54.391 48.828 43.605 29.441 27.354 32.382 31.458 33.958 42.649 62.926 62.191 43.363 33.255 0.000 0.000 0.000 0.000 0.000 0.000 24.458 36.539 20.139 0.000 0.000 0.000 0.000 0.000 20.517 38.253 47.813 56.564 58.496 53.543 18.604 0.000 9.478 13.350 0.000 11.083 16.516 21.639 35.057 50.172 55.274 36.371 0.000 0.000 0.000 0.000
16.394 11.112 0.000 0.000 0.000 0.000 0.000 0.000 0.000 15.436 0.000 0.000 0.000 0.000 0.000 0.000 36.389 42.524 42.946 40.744 38.261 35.991 36.704 41.925 19.378 51.782 54.888 53.227 69.983 68.682 66.671 60.337 50.450 55.494 26.036 8.723 0.000 0.000 0.000 0.000 0.000 0.000 11.074 14.086 22.723 34.293 48.398 51.619 55.779 56.347 58.027 37.232 13.191 12.531 0.000 0.000 14.482 20.071 36.938 24.623 14.888 10.601 11.847 0.000 0.000 0.000 0.000 0.000
33.580 32.584 8.739 0.000 0.000 0.000 0.000 0.000 0.000 0.000 0.000 0.000 0.000 0.000 0.000 26.655 44.774 48.138 33.207 40.609 31.791 33.844 33.858 37.054 17.708 55.214 47.264 44.305 49.620 55.212 50.041 54.307 71.058 69.283 47.716 30.964 0.000 0.000 0.000 0.000 0.000 8.125 8.544 23.643 41.926 49.871 57.334 46.233 59.466 64.571 46.293 19.733 27.615 16.974 0.000 0.000 9.558 9.138 12.726 8.208 9.552 7.895 0.000 0.000 11.529 10.730 0.000 14.504
46.884 51.201 30.753 16.846 0.000 0.000 0.000 0.000 0.000 0.000 0.000 0.000 0.000 0.000 16.437 21.015 42.633 32.445 22.782 14.026 0.000 0.000 0.000 0.000 26.926 23.974 30.594 36.655 35.711 37.442 47.004 55.381 41.834 18.112 11.814 10.211 0.000 0.000 21.944 10.565 9.443 16.841 30.362 42.911 51.862 51.938 60.949 65.557 57.407 70.392 57.039 45.150 30.371 39.116 28.801 12.020 12.828 12.434 13.589 27.883 49.207 48.147 66.240 66.993 52.222 18.092 9.090 0.000
53.934 47.246 50.197 47.368 17.746 0.000 0.000 0.000 0.000 0.000 0.000 0.000 0.000 0.000 22.726 18.368 6.386 0.000 16.272 0.000 0.000 0.000 0.000 0.000 20.149 20.030 33.599 46.227 48.065 43.150 56.495 13.210 0.000 0.000 0.000 0.000 0.000 12.458 56.595 46.884 18.164 22.831 48.886 57.758 63.275 66.679 70.641 70.802 72.148 77.147 72.573 61.077 35.504 58.850 44.881 30.133 17.509 9.561 31.342 55.098 70.508 72.708 78.138 79.662 81.299 64.384 22.047 10.221
