test_integration/test_sample_run/example/results.meteodistr/output_maps/snowdepthN0062.asc
ncols         174
nrows         141
xllcorner     744500.000000
yllcorner     5140950.000000
cellsize      250.000000
NODATA_value  -9999.0
[rows 0 to 29 of 141, columns 67 to 133 of 174]
-9999.000 -9999.000 -9999.000 -9999.000 -9999.000 -9999.000 -9999.000 -9999.000 -9999.000 -9999.000 -9999.000 -9999.000 -9999.000 -9999.000 -9999.000 -9999.000 -9999.000 -9999.000 -9999.000 -9999.000 -9999.000 -9999.000 -9999.000 -9999.000 -9999.000 -9999.000 -9999.000 -9999.000 -9999.000 -9999.000 -9999.000 -9999.000 -9999.000 -9999.000 -9999.000 -9999.000 -9999.000 -9999.000 -9999.000 -9999.000 -9999.000 -9999.000 -9999.000 -9999.000 -9999.000 -9999.000 -9999.000 -9999.000 -9999.000 -9999.000 -9999.000 -9999.000 -9999.000 -9999.000 -9999.000 -9999.000 -9999.000 -9999.000 -9999.000 -9999.000 -9999.000 -9999.000 -9999.000 -9999.000 -9999.000 -9999.000 -9999.000
-9999.000 -9999.000 -9999.000 -9999.000 -9999.000 -9999.000 -9999.000 -9999.000 -9999.000 -9999.000 -9999.000 -9999.000 -9999.000 -9999.000 -9999.000 -9999.000 -9999.000 -9999.000 -9999.000 -9999.000 -9999.000 -9999.000 -9999.000 -9999.000 -9999.000 -9999.000 -9999.000 -9999.000 -9999.000 -9999.000 -9999.000 -9999.000 -9999.000 -9999.000 -9999.000 -9999.000 -9999.000 -9999.000 -9999.000 -9999.000 -9999.000 -9999.000 -9999.000 -9999.000 -9999.000 -9999.000 -9999.000 -9999.000 -9999.000 -9999.000 -9999.000 -9999.000 -9999.000 -9999.000 -9999.000 -9999.000 -9999.000 -9999.000 -9999.000 -9999.000 -9999.000 -9999.000 -9999.000 -9999.000 -9999.000 -9999.000 -9999.000
-9999.000 -9999.000 -9999.000 -9999.000 -9999.000 -9999.000 -9999.000 -9999.000 -9999.000 -9999.000 -9999.000 -9999.000 -9999.000 -9999.000 -9999.000 -9999.000 -9999.000 -9999.000 -9999.000 -9999.000 -9999.000 -9999.000 -9999.000 -9999.000 -9999.000 -9999.000 -9999.000 -9999.000 -9999.000 -9999.000 -9999.000 -9999.000 -9999.000 -9999.000 -9999.000 -9999.000 -9999.000 -9999.000 -9999.000 -9999.000 -9999.000 -9999.000 -9999.000 -9999.000 -9999.000 -9999.000 -9999.000 -9999.000 -9999.000 -9999.000 -9999.000 -9999.000 -9999.000 -9999.000 -9999.000 -9999.000 -9999.000 -9999.000 -9999.000 -9999.000 -9999.000 -9999.000 -9999.000 -9999.000 -9999.000 -9999.000 -9999.000
-9999.000 -9999.000 -9999.000 -9999.000 -9999.000 -9999.000 -9999.000 -9999.000 -9999.000 -9999.000 -9999.000 -9999.000 -9999.000 -9999.000 -9999.000 -9999.000 -9999.000 -9999.000 -9999.000 -9999.000 -9999.000 -9999.000 -9999.000 -9999.000 -9999.000 -9999.000 -9999.000 -9999.000 -9999.000 -9999.000 -9999.000 -9999.000 -9999.000 -9999.000 -9999.000 -9999.000 -9999.000 -9999.000 -9999.000 -9999.000 -9999.000 -9999.000 -9999.000 -9999.000 -9999.000 -9999.000 -9999.000 -9999.000 -9999.000 -9999.000 -9999.000 -9999.000 -9999.000 -9999.000 -9999.000 -9999.000 -9999.000 -9999.000 -9999.000 -9999.000 -9999.000 -9999.000 -9999.000 -9999.000 -9999.000 -9999.000 -9999.000
-9999.000 -9999.000 -9999.000 -9999.000 -9999.000 -9999.000 -9999.000 -9999.000 -9999.000 -9999.000 -9999.000 -9999.000 -9999.000 -9999.000 -9999.000 -9999.000 -9999.000 -9999.000 -9999.000 -9999.000 -9999.000 -9999.000 -9999.000 -9999.000 -9999.000 -9999.000 78.832 -9999.000 -9999.000 -9999.000 -9999.000 -9999.000 -9999.000 -9999.000 -9999.000 -9999.000 -9999.000 -9999.000 -9999.000 -9999.000 -9999.000 -9999.000 -9999.000 -9999.000 -9999.000 -9999.000 -9999.000 -9999.000 -9999.000 -9999.000 -9999.000 -9999.000 -9999.000 -9999.000 -9999.000 -9999.000 -9999.000 -9999.000 -9999.000 -9999.000 -9999.000 -9999.000 -9999.000 -9999.000 -9999.000 -9999.000 -9999.000
-9999.000 -9999.000 -9999.000 -9999.000 -9999.000 -9999.000 -9999.000 -9999.000 -9999.000 -9999.000 -9999.000 -9999.000 -9999.000 -9999.000 -9999.000 -9999.000 -9999.000 -9999.000 -9999.000 -9999.000 -9999.000 -9999.000 -9999.000 -9999.000 -9999.000 43.409 53.130 48.107 59.153 46.892 61.508 -9999.000 -9999.000 -9999.000 -9999.000 -9999.000 -9999.000 -9999.000 -9999.000 -9999.000 -9999.000 -9999.000 -9999.000 -9999.000 -9999.000 -9999.000 -9999.000 -9999.000 -9999.000 -9999.000 -9999.000 -9999.000 -9999.000 -9999.000 -9999.000 -9999.000 -9999.000 -9999.000 -9999.000 -9999.000 -9999.000 -9999.000 -9999.000 -9999.000 -9999.000 -9999.000 -9999.000
-9999.000 -9999.000 -9999.000 -9999.000 -9999.000 -9999.000 -9999.000 -9999.000 -9999.000 -9999.000 -9999.000 -9999.000 -9999.000 -9999.000 -9999.000 -9999.000 -9999.000 -9999.000 -9999.000 82.619 81.086 69.827 62.938 50.134 44.503 71.735 107.102 79.560 77.512 81.420 75.774 85.590 51.215 -9999.000 -9999.000 -9999.000 -9999.000 -9999.000 -9999.000 -9999.000 -9999.000 -9999.000 -9999.000 -9999.000 -9999.000 -9999.000 -9999.000 -9999.000 -9999.000 -9999.000 -9999.000 -9999.000 -9999.000 -9999.000 -9999.000 -9999.000 -9999.000 -9999.000 -9999.000 -9999.000 -9999.000 -9999.000 -9999.000 -9999.000 -9999.000 -9999.000 -9999.000
-9999.000 -9999.000 -9999.000 -9999.000 -9999.000 -9999.000 -9999.000 -9999.000 -9999.000 -9999.000 -9999.000 -9999.000 -9999.000 -9999.000 -9999.000 -9999.000 -9999.000 -9999.000 -9999.000 108.890 125.815 86.512 79.182 77.393 74.505 86.729 93.184 80.899 76.222 77.843 80.582 96.206 60.438 42.408 -9999.000 -9999.000 -9999.000 -9999.000 -9999.000 -9999.000 -9999.000 -9999.000 -9999.000 -9999.000 -9999.000 -9999.000 -9999.000 -9999.000 -9999.000 -9999.000 -9999.000 -9999.000 -9999.000 -9999.000 -9999.000 -9999.000 -9999.000 -9999.000 -9999.000 -9999.000 -9999.000 -9999.000 -9999.000 -9999.000 -9999.000 -9999.000 -9999.000
-9999.000 -9999.000 -9999.000 -9999.000 -9999.000 -9999.000 -9999.000 -9999.000 -9999.000 -9999.000 -9999.000 118.763 100.122 -9999.000 -9999.000 -9999.000 -9999.000 -9999.000 120.619 113.389 135.981 95.172 101.317 86.293 78.182 74.677 73.351 76.404 72.142 73.187 85.233 81.448 86.711 52.333 39.989 -9999.000 -9999.000 -9999.000 -9999.000 -9999.000 -9999.000 -9999.000 -9999.000 -9999.000 -9999.000 -9999.000 -9999.000 -9999.000 -9999.000 -9999.000 -9999.000 -9999.000 -9999.000 -9999.000 -9999.000 -9999.000 -9999.000 -9999.000 -9999.000 -9999.000 -9999.000 -9999.000 -9999.000 -9999.000 -9999.000 -9999.000 -9999.000
-9999.000 -9999.000 -9999.000 -9999.000 -9999.000 -9999.000 -9999.000 -9999.000 -9999.000 101.174 101.951 81.652 84.667 74.116 80.647 91.644 89.973 71.142 115.369 141.849 139.988 134.433 125.108 101.891 77.967 66.442 69.579 70.576 75.250 69.886 78.862 77.850 71.288 70.820 59.885 52.786 -9999.000 -9999.000 -9999.000 -9999.000 -9999.000 -9999.000 -9999.000 -9999.000 -9999.000 -9999.000 -9999.000 -9999.000 -9999.000 -9999.000 -9999.000 -9999.000 -9999.000 -9999.000 -9999.000 -9999.000 -9999.000 -9999.000 -9999.000 -9999.000 -9999.000 -9999.000 -9999.000 -9999.000 -9999.000 -9999.000 -9999.000
-9999.000 -9999.000 -9999.000 -9999.000 -9999.000 -9999.000 -9999.000 83.055 97.195 104.596 126.914 112.936 114.478 124.161 125.803 127.105 116.999 125.752 135.703 163.797 165.575 160.206 139.695 104.652 106.905 87.459 77.400 75.426 69.489 77.172 75.864 68.958 73.513 75.017 80.026 31.675 17.798 -9999.000 -9999.000 -9999.000 -9999.000 -9999.000 -9999.000 -9999.000 -9999.000 -9999.000 -9999.000 -9999.000 -9999.000 -9999.000 -9999.000 -9999.000 -9999.000 -9999.000 -9999.000 -9999.000 -9999.000 -9999.000 -9999.000 -9999.000 -9999.000 -9999.000 -9999.000 -9999.000 -9999.000 -9999.000 -9999.000
-9999.000 -9999.000 -9999.000 -9999.000 -9999.000 -9999.000 67.869 76.096 122.096 141.350 130.007 126.188 112.816 89.129 88.795 118.084 82.465 89.757 127.635 165.806 174.252 144.122 110.144 111.085 121.651 119.599 110.026 86.392 71.934 72.875 61.076 65.074 63.334 74.194 72.022 67.982 33.422 26.527 55.962 -9999.000 -9999.000 -9999.000 -9999.000 -9999.000 -9999.000 -9999.000 -9999.000 -9999.000 -9999.000 -9999.000 -9999.000 -9999.000 -9999.000 -9999.000 -9999.000 -9999.000 -9999.000 -9999.000 -9999.000 -9999.000 -9999.000 -9999.000 8.170 10.885 19.154 -9999.000 -9999.000
-9999.000 -9999.000 -9999.000 -9999.000 -9999.000 63.668 65.904 83.963 90.404 127.097 132.121 126.471 115.179 82.883 86.462 85.698 83.552 97.994 93.518 130.905 141.009 144.110 121.318 126.802 129.417 118.202 110.286 102.970 100.854 78.408 73.999 68.086 61.867 75.641 72.971 74.602 77.214 75.554 67.035 28.957 -9999.000 -9999.000 -9999.000 -9999.000 -9999.000 -9999.000 -9999.000 -9999.000 -9999.000 -9999.000 -9999.000 -9999.000 -9999.000 -9999.000 -9999.000 -9999.000 -9999.000 -9999.000 -9999.000 -9999.000 -9999.000 0.000 11.611 65.500 45.140 36.817 -9999.000
-9999.000 -9999.000 -9999.000 -9999.000 50.143 73.470 80.250 78.280 78.203 80.089 88.812 96.724 87.122 78.519 77.537 75.871 84.571 92.688 82.553 90.511 131.569 177.009 153.491 133.767 118.069 102.277 101.676 100.969 98.365 101.321 98.885 72.645 71.924 64.369 64.860 70.001 70.325 75.454 78.037 39.087 39.810 50.943 -9999.000 -9999.000 -9999.000 -9999.000 -9999.000 -9999.000 -9999.000 -9999.000 -9999.000 -9999.000 -9999.000 -9999.000 -9999.000 -9999.000 -9999.000 -9999.000 25.779 45.876 31.274 33.484 58.087 60.581 73.756 36.333 23.376
-9999.000 -9999.000 -9999.000 -9999.000 24.390 69.906 71.371 69.614 70.921 67.015 70.956 84.931 89.791 79.187 72.230 72.862 79.296 75.881 85.061 84.616 90.379 159.354 160.009 107.764 97.159 100.020 102.082 106.787 112.243 115.478 109.134 103.712 94.682 71.995 67.220 65.941 70.936 77.533 70.599 67.256 77.613 53.208 29.525 -9999.000 -9999.000 -9999.000 -9999.000 -9999.000 -9999.000 101.044 82.079 51.414 27.021 11.167 12.947 13.467 12.238 32.263 28.736 79.645 73.027 72.582 55.824 54.529 58.469 62.682 15.821
-9999.000 -9999.000 -9999.000 22.167 20.853 62.637 62.870 71.688 63.555 62.733 68.926 73.977 80.205 74.343 71.386 70.381 76.904 80.542 77.162 77.789 80.798 100.588 134.467 101.214 104.872 110.242 112.758 123.216 122.706 117.401 113.591 101.883 95.443 85.029 71.802 70.079 76.823 70.260 64.434 58.557 76.876 65.992 28.481 0.000 -9999.000 -9999.000 -9999.000 -9999.000 85.331 97.182 89.166 88.200 85.141 65.862 57.647 67.347 67.211 71.703 62.914 60.411 58.434 45.097 55.294 49.235 49.443 59.461 51.960
-9999.000 -9999.000 49.775 39.203 68.848 73.748 64.481 67.093 70.382 69.454 66.805 73.505 68.082 78.470 75.721 72.686 77.914 75.237 75.807 82.388 82.642 86.199 129.506 114.186 119.750 122.337 131.286 118.762 117.754 114.933 104.650 93.460 91.567 85.090 78.485 65.931 67.985 65.387 59.494 63.266 64.117 55.091 64.066 16.980 13.055 12.165 14.332 33.890 46.654 69.778 79.785 82.965 79.279 76.584 63.579 62.563 65.657 73.749 59.674 47.251 50.282 42.689 51.961 39.391 55.028 56.969 50.594
-9999.000 54.287 68.103 69.648 72.924 79.171 71.849 76.301 75.072 70.037 67.078 66.942 69.887 75.109 80.766 71.849 74.698 77.176 80.817 84.804 82.683 80.234 90.490 129.370 127.356 134.982 133.300 113.884 113.016 101.097 94.625 89.547 88.493 82.802 81.167 70.680 59.008 62.796 65.055 65.325 58.196 50.729 57.565 66.323 64.404 72.831 88.784 94.590 79.205 75.085 65.123 68.306 74.285 74.498 63.804 55.901 62.730 68.317 58.235 48.411 38.374 45.854 42.347 43.468 49.733 46.290 49.921
-9999.000 73.620 75.076 70.781 74.362 80.340 63.673 76.207 80.851 78.611 74.753 66.628 69.937 72.900 77.159 72.564 73.507 76.362 76.730 73.947 78.841 81.525 88.150 127.482 135.287 147.290 115.349 106.060 92.449 88.899 88.533 81.679 75.943 72.291 70.645 70.878 79.891 99.480 100.365 95.307 91.126 73.797 69.185 71.020 79.255 87.226 89.954 78.592 75.480 82.205 83.879 79.423 75.557 73.264 72.082 55.224 46.418 35.024 35.405 40.043 45.437 37.866 39.929 49.985 51.026 48.231 58.210
62.727 86.997 89.508 85.754 77.573 77.309 58.348 66.497 70.119 80.376 83.924 65.966 65.853 69.264 71.681 71.904 72.244 76.338 72.805 76.495 81.366 88.270 77.620 76.370 82.838 98.905 115.854 102.926 96.681 84.901 89.213 77.256 74.573 73.830 70.339 72.021 82.473 98.161 111.200 106.726 112.603 96.745 87.536 89.611 81.358 79.518 81.287 64.880 58.206 71.986 75.365 85.579 96.186 93.138 84.927 76.916 64.405 24.790 17.043 10.667 24.783 32.291 36.542 54.956 46.778 50.592 48.370
33.618 77.383 72.769 63.362 88.696 75.929 67.530 61.428 70.644 68.178 69.148 79.982 68.837 63.873 71.201 71.764 73.229 73.083 76.204 86.848 83.365 79.076 73.154 75.291 80.603 94.299 105.353 95.182 91.941 87.383 79.129 82.354 76.694 70.758 69.106 77.404 79.350 79.402 81.186 94.564 94.234 108.098 108.702 105.245 99.240 92.468 82.829 73.974 72.598 59.643 56.334 68.625 69.584 67.196 75.180 75.852 73.103 60.904 52.551 42.146 40.540 44.925 48.227 42.293 39.838 46.889 38.621
76.812 68.467 65.382 72.155 81.903 79.580 75.582 61.630 70.459 69.277 63.048 70.401 72.416 59.646 62.567 72.439 70.469 74.275 76.439 74.079 72.077 65.749 70.993 79.667 87.695 102.160 94.592 84.325 81.804 79.289 73.434 73.828 72.915 66.497 67.451 75.724 75.876 77.792 75.089 78.836 77.664 103.422 111.595 116.531 112.137 109.991 94.448 79.643 73.526 65.813 51.346 41.062 34.134 30.767 31.534 34.057 35.050 50.631 55.908 64.274 61.314 57.724 51.422 40.886 38.498 33.318 39.239
72.131 66.292 61.454 63.667 72.380 70.369 67.618 57.237 62.363 65.384 63.571 64.215 65.410 66.350 60.477 67.888 70.461 69.697 70.101 62.870 71.976 76.868 84.748 95.349 94.805 87.805 88.198 93.086 91.537 78.986 80.510 69.372 70.155 66.963 70.004 65.540 71.541 81.140 75.882 65.124 70.715 81.362 90.405 106.826 122.543 118.027 118.431 111.887 93.777 88.332 81.966 72.146 69.249 70.490 68.553 90.378 88.687 83.032 87.568 84.475 77.897 65.763 62.896 56.199 47.697 36.544 43.031
64.072 61.177 60.856 56.332 50.179 62.892 66.415 62.333 52.853 55.816 58.624 59.164 61.119 66.189 64.910 56.232 67.287 59.519 62.338 65.113 77.750 91.081 83.815 89.262 78.386 77.785 80.538 102.882 95.962 97.698 89.096 75.777 72.824 71.618 69.252 64.575 70.190 73.840 62.911 74.640 83.955 84.802 94.221 105.295 113.061 123.352 126.395 111.647 107.433 104.863 96.702 99.416 92.300 95.421 93.861 93.674 92.265 90.421 90.369 72.210 69.892 71.212 71.509 56.605 51.595 45.553 29.711
73.677 71.241 68.568 59.751 63.606 63.958 62.078 64.953 57.652 58.664 57.968 60.289 60.279 62.039 66.722 57.669 57.932 64.257 68.260 76.253 76.062 74.595 74.688 74.825 75.239 74.667 77.364 97.973 96.139 83.666 76.982 74.990 73.679 70.359 67.824 65.146 70.496 64.545 73.251 95.877 98.220 104.946 111.260 110.515 118.006 130.347 98.310 101.770 102.128 92.822 107.325 107.960 104.997 102.698 96.729 100.863 98.484 95.105 78.947 53.548 66.058 79.869 73.212 65.495 59.711 50.115 45.563
90.586 82.780 77.871 69.313 67.460 64.644 62.126 59.816 60.373 63.103 62.505 62.123 58.114 57.273 59.427 61.034 57.188 63.179 65.056 71.041 75.154 75.026 76.945 74.342 73.376 78.666 78.316 89.315 93.678 79.660 72.839 75.987 72.165 70.378 69.343 67.526 62.524 59.388 78.525 87.414 88.194 104.603 113.060 116.722 104.149 90.778 88.347 80.286 76.355 80.042 107.340 101.631 110.710 109.332 105.491 108.263 99.141 73.461 63.244 71.869 82.595 76.571 69.251 72.751 63.686 50.880 49.303
87.646 79.362 77.765 85.207 70.597 66.992 68.474 70.509 71.122 70.940 74.480 63.949 63.140 61.532 60.916 62.763 62.860 63.548 61.657 66.203 67.831 75.482 74.494 73.205 71.879 75.879 81.403 83.283 86.797 80.124 81.423 72.421 73.337 70.876 68.540 58.002 53.653 71.491 75.426 63.694 57.485 60.694 70.691 70.735 66.541 70.428 76.681 81.933 78.932 81.555 79.249 70.862 81.307 96.699 113.347 102.170 78.232 74.306 67.395 67.923 65.990 65.377 62.293 58.022 58.460 47.118 49.801
92.531 91.811 85.149 82.976 75.688 81.313 83.194 83.880 84.532 81.287 79.007 74.511 74.738 62.404 63.643 61.747 61.042 57.031 58.519 57.980 62.721 74.541 67.269 64.175 73.419 77.386 80.220 78.563 84.395 83.821 87.200 81.867 79.844 72.552 70.216 57.768 50.800 69.271 68.550 61.658 58.375 58.819 54.770 51.891 55.427 46.855 45.682 62.695 77.531 80.577 80.988 64.763 63.741 77.539 104.854 90.610 84.480 82.608 72.322 55.833 55.264 60.449 55.334 41.950 47.548 46.366 47.223
119.070 92.888 81.958 82.167 86.721 90.356 89.632 90.777 91.825 84.862 81.665 85.299 83.478 76.564 69.939 66.045 63.352 58.888 57.547 58.676 58.842 56.418 59.366 73.435 75.573 77.639 77.384 76.838 80.948 94.526 87.962 86.762 84.258 79.780 78.612 62.946 53.691 58.932 68.191 72.797 66.277 70.659 66.761 65.759 56.841 55.765 46.966 60.286 63.989 91.795 87.473 78.240 67.475 76.476 73.585 71.190 71.409 61.066 62.515 56.711 47.262 48.985 44.321 43.134 36.121 47.372 47.904
86.170 80.187 77.043 88.155 99.815 97.820 98.536 99.729 98.081 91.527 87.377 84.196 85.362 82.563 78.056 74.833 64.528 59.229 56.128 57.534 56.091 56.373 72.229 76.977 76.083 71.928 73.770 74.449 77.714 88.391 85.690 82.320 82.577 76.512 74.535 63.592 60.757 53.390 60.469 66.032 65.158 65.870 66.762 61.111 52.118 60.950 47.656 54.085 63.027 92.020 107.628 78.137 67.215 69.380 42.400 30.722 36.087 29.433 47.667 53.396 54.828 45.087 44.194 51.191 45.833 48.375 48.478
