test_integration/test_sample_run/example/results.meteodistr/output_maps/snowdepthN0086.asc
ncols         174
nrows         141
xllcorner     744500.000000
yllcorner     5140950.000000
cellsize      250.000000
NODATA_value  -9999.0
[rows 30 to 59 of 141, columns 68 to 135 of 174]
89.176 82.423 92.447 90.155 88.134 70.222 90.694 90.632 78.215 72.342 68.242 61.588 61.054 70.266 61.828 58.983 38.690 37.277 24.954 24.061 46.213 48.938 40.708 29.704 33.844 39.969 54.589 57.177 46.153 38.148 37.962 38.363 46.941 44.105 35.853 28.653 19.497 13.434 19.052 18.093 12.399 14.349 0.000 0.000 8.210 20.622 33.365 57.116 46.585 74.404 66.575 54.648 9.629 0.000 0.000 0.000 0.000 0.000 0.000 0.000 0.000 9.632 9.901 17.973 19.256 18.469 20.157 19.526
84.724 87.984 106.776 101.789 74.468 88.868 97.500 90.600 60.465 81.561 75.935 54.647 54.690 50.308 47.474 52.417 44.408 36.123 24.272 22.699 31.310 30.836 18.672 28.746 45.897 57.897 62.001 54.978 35.603 25.268 13.742 13.766 22.119 29.121 27.503 21.531 16.442 8.696 8.719 12.281 12.289 0.000 0.000 0.000 14.086 34.627 62.829 52.113 14.056 7.824 79.517 68.128 0.000 0.000 0.000 0.000 0.000 0.000 0.000 0.000 0.000 6.675 8.842 13.356 18.794 17.725 19.123 21.037
84.959 97.115 106.098 99.441 99.354 99.317 93.992 56.700 59.462 80.605 73.302 71.017 53.379 51.576 45.401 45.146 44.779 42.560 35.595 23.904 24.074 25.366 44.419 57.694 60.445 55.658 58.249 46.226 31.965 27.405 23.526 10.150 0.000 0.000 0.000 13.736 32.797 19.793 18.806 13.528 11.283 11.863 20.875 32.563 45.166 53.477 59.826 12.810 0.000 0.000 24.920 62.596 56.150 55.715 17.441 7.805 0.000 13.170 17.341 24.382 29.141 21.928 21.639 23.618 17.467 16.235 17.532 30.049
98.054 112.216 103.125 102.450 104.339 104.935 39.858 54.023 74.108 67.148 85.063 79.376 72.713 64.122 47.189 44.564 44.597 43.420 36.969 30.978 18.647 29.519 55.289 52.427 55.392 51.360 46.402 39.407 32.100 23.359 19.004 19.128 11.567 0.000 0.000 30.847 66.434 59.862 50.924 50.013 49.276 59.269 67.222 63.201 80.701 76.056 40.765 0.000 11.564 0.000 0.000 0.000 35.066 43.763 46.269 45.350 35.633 47.464 40.458 43.968 52.629 39.122 42.804 37.093 14.736 14.992 15.787 16.511
123.341 119.380 127.377 113.470 106.217 87.186 73.644 106.707 101.318 100.411 87.371 79.919 79.442 60.503 54.763 52.576 46.593 43.534 36.348 35.616 27.200 33.939 40.612 44.976 38.474 42.420 33.361 32.385 48.316 47.732 24.600 24.236 7.076 0.000 21.472 56.015 65.468 77.864 79.261 77.297 82.998 80.510 84.948 80.925 86.431 88.895 50.944 38.282 11.613 13.483 0.000 0.000 0.000 12.931 59.490 69.681 75.321 72.929 70.034 71.262 69.582 66.049 67.020 63.160 47.838 22.048 11.996 0.000
111.018 126.599 66.622 55.100 91.532 82.087 108.903 105.894 105.993 102.716 80.112 88.567 72.770 67.093 72.350 65.599 58.353 48.516 35.196 37.810 28.533 24.838 21.642 27.050 23.082 26.291 27.834 22.838 51.337 49.814 44.154 29.727 7.576 0.000 48.795 57.526 55.514 78.165 85.627 84.486 88.572 89.318 91.957 92.945 91.741 69.974 48.213 45.416 21.705 0.000 0.000 0.000 9.392 17.810 55.052 79.847 81.676 60.166 77.256 75.034 75.310 70.474 66.670 64.506 50.748 23.634 12.142 16.005
88.752 72.076 56.478 43.903 63.100 113.015 111.328 105.550 79.374 69.546 63.178 64.613 54.981 52.753 52.156 50.545 54.428 46.334 39.889 38.824 30.952 13.487 6.306 0.000 8.652 14.240 18.547 23.780 38.472 50.143 38.384 32.260 17.771 8.110 42.056 46.364 47.683 49.319 80.186 88.292 81.233 83.149 77.830 88.920 81.273 51.998 32.365 29.730 31.087 31.179 0.000 12.236 15.016 38.409 26.645 32.646 30.259 36.039 76.261 80.956 75.823 72.488 69.302 68.105 30.938 23.828 0.000 25.732
54.460 54.646 69.724 56.250 68.928 129.464 96.606 56.052 33.979 43.249 42.880 33.163 33.581 34.923 31.673 37.161 40.502 40.687 40.561 38.441 35.938 17.822 0.000 0.000 0.000 0.000 9.911 21.805 28.282 48.503 33.284 31.572 19.353 17.111 21.154 31.018 36.817 34.633 56.658 66.333 57.266 49.275 50.120 60.160 53.779 52.833 43.016 29.569 11.049 42.740 9.464 27.810 46.212 47.204 0.000 0.000 0.000 34.151 65.362 78.122 78.034 81.837 84.311 45.653 14.298 24.723 0.000 10.566
26.672 35.583 49.884 36.453 71.588 93.092 58.086 50.991 31.034 29.107 20.126 18.044 29.546 41.896 34.313 38.807 25.948 37.057 42.598 44.500 39.539 35.825 14.825 20.185 0.000 0.000 8.516 15.050 24.730 29.513 36.033 35.993 16.630 11.556 21.752 30.219 45.201 47.293 38.194 20.820 16.382 17.350 32.983 37.183 52.944 55.650 47.165 45.550 25.634 10.311 13.279 27.968 49.069 45.321 10.781 0.000 11.282 36.321 28.557 56.456 54.458 51.955 25.546 0.000 0.000 0.000 0.000 11.322
31.114 0.000 10.409 18.464 72.888 55.283 66.028 52.950 47.932 40.435 28.893 39.766 44.351 57.483 56.366 49.595 39.834 49.112 52.265 50.292 41.219 35.102 31.054 14.976 0.000 0.000 10.961 14.865 10.905 9.266 34.139 31.607 7.901 0.000 33.917 35.155 42.931 49.124 27.910 0.000 12.712 12.033 28.087 35.943 56.895 65.394 51.405 49.218 48.892 24.105 12.760 10.808 16.608 29.452 0.000 0.000 22.914 17.227 9.571 14.719 0.000 0.000 10.973 0.000 0.000 0.000 12.800 24.894
51.654 42.721 36.596 50.304 50.426 22.132 86.283 85.517 85.756 89.086 90.748 87.876 64.139 48.554 54.398 48.977 71.069 70.925 59.439 55.186 49.299 50.976 48.747 16.235 22.227 11.183 0.000 0.000 0.000 0.000 20.178 21.147 10.146 0.000 26.247 30.395 39.951 41.912 0.000 0.000 17.581 33.481 43.843 39.976 54.990 65.254 59.610 56.977 68.678 60.498 33.385 6.554 0.000 14.093 16.664 0.000 8.851 0.000 14.197 0.000 0.000 0.000 0.000 0.000 0.000 0.000 19.113 30.248
31.378 16.076 18.470 50.485 55.496 89.436 119.697 108.518 93.663 105.431 98.536 80.008 56.426 49.900 54.097 61.659 75.466 69.784 63.438 54.295 48.158 49.512 53.011 51.763 50.322 32.923 0.000 0.000 0.000 0.000 0.000 15.977 6.497 0.000 19.295 28.592 38.647 19.075 0.000 0.000 34.033 42.887 50.380 50.418 60.079 56.340 57.466 58.880 54.490 51.266 49.509 18.132 13.817 11.018 20.563 9.772 0.000 0.000 0.000 0.000 0.000 0.000 0.000 0.000 0.000 0.000 16.176 10.268
21.260 0.000 54.609 68.862 86.138 100.987 128.017 108.235 85.957 61.321 47.241 54.404 47.805 55.770 60.906 66.592 58.073 54.530 52.025 46.251 47.129 44.865 65.857 64.773 52.607 39.489 19.001 0.000 0.000 0.000 0.000 0.000 8.894 11.939 25.215 32.379 23.763 0.000 0.000 35.250 34.287 37.709 46.808 56.138 52.457 30.365 32.332 39.776 38.690 46.591 35.066 29.360 0.000 12.739 33.304 15.377 0.000 0.000 0.000 0.000 0.000 0.000 0.000 0.000 0.000 0.000 0.000 0.000
0.000 0.000 70.305 82.197 91.786 112.336 120.507 65.830 21.097 28.571 44.122 49.955 55.436 67.413 69.247 67.877 58.943 52.284 47.113 48.653 48.885 45.245 48.602 46.063 49.770 47.526 43.190 12.937 0.000 0.000 0.000 0.000 10.874 6.517 17.337 19.336 0.000 0.000 8.279 34.754 46.789 48.457 50.292 56.977 29.300 11.982 6.710 12.860 19.404 28.457 13.445 16.375 10.754 24.305 36.690 21.054 0.000 0.000 0.000 0.000 0.000 0.000 0.000 0.000 0.000 0.000 0.000 0.000
0.000 0.000 29.341 67.363 68.892 57.563 72.464 66.238 71.952 88.178 85.931 76.958 72.787 82.068 73.697 77.021 63.141 61.387 48.342 48.630 43.584 46.074 38.259 44.682 73.464 71.041 65.083 64.129 56.105 48.552 8.266 0.000 0.000 5.901 11.533 0.000 0.000 0.000 40.855 30.796 30.357 38.450 49.038 52.574 27.463 15.942 13.613 13.462 0.000 0.000 0.000 0.000 27.283 50.529 23.540 17.000 19.587 0.000 0.000 0.000 0.000 0.000 0.000 0.000 20.047 44.548 0.000 0.000
0.000 8.529 11.241 21.075 32.615 34.495 51.507 92.652 104.149 99.919 92.709 85.913 85.774 92.692 77.005 75.163 72.979 65.391 49.452 48.522 41.725 44.505 37.910 51.974 70.854 78.272 73.726 73.670 66.267 50.343 53.327 45.255 13.357 15.404 0.000 0.000 0.000 8.876 24.999 10.943 6.386 17.023 32.587 44.860 42.535 27.818 10.255 0.000 0.000 0.000 0.000 0.000 27.602 23.734 0.000 0.000 17.391 10.201 0.000 0.000 0.000 0.000 0.000 27.940 47.601 50.280 45.923 28.978
0.000 26.501 35.865 31.690 46.598 37.102 51.648 42.273 68.516 107.527 90.995 79.500 83.655 83.290 56.087 55.625 67.230 57.667 58.580 54.717 45.431 41.485 44.918 54.470 66.294 66.138 78.164 71.897 65.574 65.955 66.602 65.225 57.314 42.101 0.000 0.000 6.161 11.851 9.285 13.561 32.818 33.459 23.551 23.037 42.953 43.237 37.544 29.301 15.623 11.689 0.000 0.000 13.840 0.000 0.000 0.000 0.000 0.000 0.000 0.000 14.890 26.487 40.433 39.943 50.488 52.217 51.084 48.376
13.631 24.161 49.959 55.523 70.730 63.595 33.410 9.735 21.963 58.960 87.390 75.714 62.666 56.060 42.454 44.021 52.324 51.731 51.454 48.320 45.501 43.374 49.656 53.315 63.248 69.722 67.189 61.359 73.005 73.730 72.301 71.826 65.100 58.015 34.103 5.869 0.000 0.000 24.754 33.507 26.709 21.685 23.784 15.047 42.646 43.022 48.457 51.208 35.423 21.868 0.000 0.000 0.000 0.000 0.000 0.000 0.000 0.000 0.000 25.963 44.709 50.416 50.632 40.831 55.936 60.542 45.389 49.696
27.078 27.778 33.350 34.907 33.787 16.450 12.582 34.177 14.113 36.377 45.879 58.638 51.990 36.985 32.610 17.325 29.701 29.698 43.648 51.538 47.786 50.152 65.411 57.246 50.678 58.343 47.435 52.640 66.814 76.963 75.107 70.180 63.303 57.962 44.151 40.336 11.309 0.000 10.284 12.747 17.298 10.790 17.045 22.637 32.095 33.204 31.825 41.474 35.099 24.136 12.789 9.729 0.000 0.000 0.000 0.000 0.000 11.857 37.727 36.330 38.662 44.594 50.148 48.762 59.353 66.729 57.999 56.396
23.521 13.266 25.305 0.000 13.693 0.000 0.000 15.025 0.000 25.042 35.307 33.603 46.984 31.209 16.558 0.000 9.084 15.243 47.890 50.854 50.598 61.696 71.840 65.775 48.583 37.592 32.230 47.208 65.523 65.033 63.451 63.910 65.844 53.576 50.244 44.673 21.006 0.000 0.000 10.564 9.660 13.703 15.340 14.770 13.513 0.000 0.000 0.000 9.725 16.773 20.864 19.099 0.000 0.000 0.000 0.000 30.699 31.298 53.820 55.546 45.775 35.806 47.027 52.410 70.132 72.444 61.622 63.744
0.000 0.000 0.000 0.000 0.000 0.000 0.000 0.000 0.000 11.373 13.876 12.574 46.677 42.281 18.327 17.828 0.000 18.553 39.323 42.796 59.126 58.793 48.747 41.496 34.456 20.448 33.784 37.380 33.104 33.342 49.596 54.127 67.946 59.481 61.763 51.848 36.215 7.347 0.000 0.000 0.000 0.000 0.000 0.000 0.000 0.000 0.000 0.000 0.000 0.000 0.000 0.000 0.000 0.000 8.268 30.969 49.103 43.565 35.334 60.530 60.597 50.053 51.805 39.333 69.128 75.525 67.282 67.519
0.000 0.000 0.000 0.000 0.000 0.000 0.000 0.000 0.000 0.000 0.000 0.000 24.466 41.140 15.005 14.678 0.000 14.362 18.652 28.724 52.636 50.515 32.395 26.700 28.650 30.275 39.284 38.001 12.046 10.007 27.677 39.143 52.250 67.015 66.520 54.294 39.457 36.017 0.000 0.000 0.000 0.000 0.000 0.000 0.000 0.000 0.000 0.000 0.000 0.000 0.000 0.000 0.000 0.000 26.101 38.982 50.207 56.992 28.233 33.842 65.133 61.336 63.195 58.091 53.752 83.418 70.465 75.884
0.000 0.000 0.000 0.000 0.000 0.000 9.010 0.000 0.000 0.000 0.000 0.000 0.000 19.723 9.754 9.892 6.337 13.096 15.202 26.666 40.656 39.518 28.103 32.237 32.492 30.420 34.232 30.133 14.501 12.687 9.732 7.043 7.342 29.793 51.459 49.160 43.853 52.886 36.152 9.927 0.000 0.000 0.000 0.000 0.000 0.000 0.000 0.000 0.000 0.000 0.000 0.000 0.000 13.295 27.713 30.202 39.329 53.650 61.804 36.831 52.319 66.205 58.955 70.529 74.712 78.604 76.474 74.631
0.000 0.000 0.000 0.000 0.000 0.000 10.145 0.000 0.000 0.000 0.000 0.000 7.396 9.727 6.430 6.958 14.469 26.034 42.493 43.443 39.691 35.537 40.358 38.766 32.245 32.690 30.293 18.209 11.109 8.443 10.978 0.000 0.000 0.000 21.215 38.509 55.982 59.550 46.375 32.813 0.000 0.000 0.000 0.000 0.000 0.000 0.000 0.000 0.000 0.000 21.980 8.895 0.000 22.813 36.793 32.252 41.070 51.675 68.160 67.793 65.065 50.744 54.361 53.292 85.364 81.116 80.708 81.680
0.000 0.000 0.000 0.000 0.000 0.000 0.000 0.000 0.000 0.000 0.000 13.968 19.716 6.689 10.426 12.400 19.882 42.380 65.587 59.417 48.760 44.605 45.940 36.479 37.089 35.538 27.599 25.268 37.781 37.216 11.348 0.000 0.000 0.000 0.000 0.000 20.555 34.022 46.390 47.254 13.085 0.000 0.000 0.000 0.000 0.000 0.000 0.000 27.389 42.320 52.186 40.961 13.758 9.545 26.986 35.568 20.060 18.610 33.618 55.291 69.720 65.796 45.000 26.333 35.554 24.693 46.921 39.685
0.000 0.000 0.000 0.000 0.000 0.000 0.000 0.000 0.000 0.000 13.087 14.229 0.000 0.000 0.000 0.000 31.045 42.418 56.846 54.554 48.963 43.719 29.511 27.420 32.468 31.535 34.046 42.771 63.210 62.494 43.481 33.335 0.000 0.000 0.000 0.000 0.000 0.000 24.516 36.639 20.176 0.000 0.000 0.000 0.000 0.000 20.550 38.341 47.997 56.941 58.920 53.850 18.637 0.000 9.478 13.378 0.000 11.083 16.558 21.700 35.178 50.376 55.514 36.505 0.000 0.000 0.000 0.000
16.411 11.112 0.000 0.000 0.000 0.000 0.000 0.000 0.000 15.455 0.000 0.000 0.000 0.000 0.000 0.000 36.475 42.645 43.072 40.851 38.354 36.089 36.795 42.039 19.416 51.942 55.073 53.398 70.431 69.111 67.112 60.630 50.640 55.732 26.091 8.740 0.000 0.000 0.000 0.000 0.000 0.000 11.074 14.105 22.758 34.367 48.582 51.833 56.117 56.631 58.323 37.343 13.214 12.551 0.000 0.000 14.513 20.122 37.064 24.695 14.925 10.627 11.877 0.000 0.000 0.000 0.000 0.000
33.629 32.628 8.739 0.000 0.000 0.000 0.000 0.000 0.000 0.000 0.000 0.000 0.000 0.000 0.000 26.701 44.898 48.285 33.290 40.713 31.876 33.934 33.941 37.147 17.740 55.398 47.443 44.462 49.758 55.440 50.192 54.496 71.940 70.005 47.876 31.037 0.000 0.000 0.000 0.000 0.000 8.125 8.562 23.684 42.035 50.065 57.707 46.382 59.810 65.049 46.447 19.779 27.680 17.005 0.000 0.000 9.581 9.160 12.755 8.229 9.576 7.915 0.000 0.000 11.529 10.730 0.000 14.504
47.014 51.429 30.795 16.861 0.000 0.000 0.000 0.000 0.000 0.000 0.000 0.000 0.000 0.000 16.457 21.047 42.752 32.523 22.829 14.050 0.000 0.000 0.000 0.000 26.986 24.027 30.674 36.762 35.818 37.550 47.139 55.579 41.971 18.150 11.835 10.211 0.000 0.000 21.975 10.579 9.460 16.864 30.417 43.027 52.092 52.159 61.295 66.236 57.684 71.117 57.329 45.313 30.452 39.218 28.864 12.020 12.828 12.434 13.618 27.965 49.392 48.337 66.626 67.400 52.426 18.139 9.112 0.000
54.141 47.373 50.404 47.540 17.763 0.000 0.000 0.000 0.000 0.000 0.000 0.000 0.000 0.000 22.760 18.395 6.395 0.000 16.300 0.000 0.000 0.000 0.000 0.000 20.188 20.070 33.687 46.373 48.244 43.281 56.755 13.236 0.000 0.000 0.000 0.000 0.000 12.474 57.137 47.046 18.190 22.869 49.091 58.297 64.020 67.494 71.540 71.617 73.002 78.086 73.526 61.598 35.612 59.403 45.034 30.203 17.544 9.561 31.441 55.367 71.564 73.825 79.376 80.972 82.634 64.780 22.110 10.243
