test_integration/test_sample_run/example/results.meteodistr/output_maps/snowdepthN0078.asc
ncols         174
nrows         141
xllcorner     744500.000000
yllcorner     5140950.000000
cellsize      250.000000
NODATA_value  -9999.0
[rows 30 to 59 of 141, columns 68 to 135 of 174]
90.196 82.974 94.358 91.954 88.918 70.539 91.730 91.624 78.636 72.755 68.524 61.813 61.276 70.603 62.052 59.187 38.795 37.369 25.003 24.110 46.361 49.114 40.842 29.772 33.941 40.079 54.838 57.378 46.306 38.283 38.088 38.494 47.092 44.244 35.956 28.716 19.535 13.458 19.092 18.135 12.422 14.349 0.000 0.000 8.223 20.677 33.470 57.427 46.797 74.763 67.158 54.895 9.629 0.000 0.000 0.000 0.000 0.000 0.000 0.000 0.000 9.654 9.924 18.026 19.315 18.525 20.221 19.588
87.134 88.848 108.932 103.862 74.886 89.704 99.461 91.369 60.688 82.185 76.353 54.827 54.868 50.462 47.617 52.573 44.536 36.203 24.318 22.745 31.386 30.908 18.712 28.811 46.057 58.161 62.270 55.168 35.723 25.322 13.774 13.789 22.165 29.201 27.569 21.576 16.472 8.708 8.732 12.281 12.289 0.000 0.000 0.000 14.086 34.735 63.189 52.352 14.090 7.838 80.086 68.556 0.000 0.000 0.000 0.000 0.000 0.000 0.000 0.000 0.000 6.689 8.861 13.391 18.851 17.778 19.182 21.106
87.571 99.624 108.364 100.578 101.410 101.354 94.660 56.940 59.676 81.054 73.706 71.363 53.552 51.739 45.538 45.291 44.904 42.688 35.686 23.954 24.124 25.417 44.549 57.923 60.697 55.891 58.497 46.360 32.053 27.467 23.588 10.168 0.000 0.000 0.000 13.759 32.878 19.833 18.842 13.552 11.283 11.863 20.927 32.659 45.327 53.745 60.115 12.810 0.000 0.000 25.001 62.966 56.510 55.991 17.489 7.821 0.000 13.170 17.390 24.463 29.248 21.998 21.708 23.697 17.518 16.282 17.584 30.169
99.971 114.422 105.835 104.907 106.594 107.200 40.020 54.256 74.454 67.413 85.713 79.937 73.094 64.374 47.346 44.702 44.727 43.537 37.073 31.050 18.681 29.589 55.504 52.626 55.591 51.559 46.560 39.530 32.181 23.409 19.049 19.167 11.567 0.000 0.000 30.920 66.808 60.090 51.093 50.198 49.456 59.517 67.578 63.489 81.462 76.557 40.895 0.000 11.564 0.000 0.000 0.000 35.183 43.956 46.480 45.552 35.769 47.685 40.628 44.172 52.934 39.288 42.996 37.243 14.776 15.034 15.832 16.562
125.535 122.190 130.272 115.619 108.301 87.718 74.054 108.780 103.361 102.364 88.031 80.434 80.049 60.746 54.953 52.744 46.728 43.667 36.435 35.708 27.260 34.030 40.730 45.111 38.590 42.566 33.446 32.472 48.468 47.908 24.651 24.285 7.085 0.000 21.525 56.294 65.777 78.742 80.219 78.137 84.518 81.564 86.303 81.863 87.470 89.923 51.140 38.401 11.635 13.483 0.000 0.000 0.000 12.961 59.865 70.379 76.611 73.979 71.067 72.596 70.895 67.273 68.227 64.133 48.139 22.119 12.026 0.000
112.073 129.811 66.877 55.286 92.097 82.568 111.169 108.234 108.366 104.993 80.603 89.425 73.135 67.378 72.734 65.864 58.552 48.660 35.283 37.911 28.597 24.892 21.686 27.110 23.138 26.348 27.895 22.896 51.519 50.008 44.295 29.804 7.588 0.000 48.996 57.828 55.764 78.822 86.725 85.686 89.864 90.838 93.591 94.600 92.920 70.298 48.408 45.600 21.761 0.000 0.000 0.000 9.392 17.855 55.295 81.146 83.353 60.554 78.833 76.617 76.909 71.981 68.038 65.811 51.131 23.715 12.172 16.052
89.303 72.399 56.809 44.113 63.325 115.661 113.832 106.555 79.747 69.851 63.448 64.861 55.207 52.924 52.322 50.704 54.602 46.490 39.989 38.919 31.024 13.514 6.314 0.000 8.665 14.265 18.588 23.842 38.573 50.313 38.495 32.342 17.811 8.121 42.214 46.568 47.866 49.505 80.794 89.434 81.844 83.820 78.242 89.758 81.720 52.232 32.466 29.816 31.179 31.270 0.000 12.260 15.048 38.545 26.725 32.755 30.350 36.188 77.588 82.731 77.545 74.167 70.917 69.609 31.072 23.912 0.000 25.830
54.677 54.877 70.066 56.484 69.267 131.940 97.413 56.303 34.082 43.435 43.022 33.278 33.673 35.019 31.750 37.260 40.621 40.800 40.664 38.553 36.025 17.861 0.000 0.000 0.000 0.000 9.926 21.853 28.345 48.668 33.371 31.648 19.398 17.144 21.206 31.115 36.925 34.742 56.939 66.620 57.474 49.447 50.314 60.420 53.998 53.074 43.176 29.655 11.049 42.886 9.464 27.885 46.436 47.399 0.000 0.000 0.000 34.292 65.923 79.483 80.055 84.011 86.367 45.945 14.345 24.810 0.000 10.596
26.757 35.696 50.147 36.599 72.088 93.625 58.358 51.204 31.126 29.204 20.177 18.082 29.632 42.022 34.401 38.903 26.005 37.150 42.721 44.642 39.638 35.952 14.851 20.224 0.000 0.000 8.529 15.077 24.794 29.587 36.131 36.116 16.666 11.576 21.804 30.313 45.364 47.476 38.322 20.869 16.416 17.388 33.081 37.299 53.130 55.866 47.353 45.722 25.702 10.311 13.310 28.065 49.306 45.492 10.781 0.000 11.282 36.481 28.675 56.782 54.746 52.192 25.641 0.000 0.000 0.000 0.000 11.355
31.222 0.000 10.409 18.502 73.519 55.518 66.432 53.209 48.133 40.577 28.987 39.894 44.495 57.692 56.561 49.777 39.959 49.263 52.437 50.458 41.374 35.234 31.137 15.004 0.000 0.000 10.961 14.865 10.923 9.279 34.228 31.700 7.901 0.000 34.023 35.277 43.080 49.312 27.980 0.000 12.712 12.056 28.167 36.066 57.123 65.706 51.631 49.417 49.107 24.177 12.789 10.832 16.654 29.555 0.000 0.000 22.988 17.279 9.599 14.719 0.000 0.000 10.973 0.000 0.000 0.000 12.800 24.995
51.938 42.886 36.733 50.545 50.750 22.192 86.775 86.376 86.456 90.196 92.627 89.043 64.406 48.735 54.587 49.133 71.561 71.392 59.676 55.393 49.505 51.170 48.920 16.265 22.275 11.200 0.000 0.000 0.000 0.000 20.219 21.199 10.146 0.000 26.318 30.489 40.120 42.044 0.000 0.000 17.619 33.586 44.003 40.123 55.244 65.536 59.906 57.240 69.267 60.893 33.498 6.566 0.000 14.129 16.709 0.000 8.871 0.000 14.197 0.000 0.000 0.000 0.000 0.000 0.000 0.000 19.174 30.390
31.503 16.117 18.519 50.715 55.890 90.122 121.879 110.962 96.180 107.828 100.445 80.770 56.660 50.066 54.303 61.906 75.967 70.149 63.713 54.481 48.321 49.745 53.235 51.970 50.509 33.014 0.000 0.000 0.000 0.000 0.000 16.010 6.497 0.000 19.338 28.678 38.767 19.116 0.000 0.000 34.140 43.041 50.586 50.636 60.405 56.555 57.718 59.144 54.717 51.516 49.742 18.179 13.817 11.043 20.621 9.792 0.000 0.000 0.000 0.000 0.000 0.000 0.000 0.000 0.000 0.000 16.230 10.306
21.341 0.000 54.862 69.393 87.908 103.908 131.075 109.312 86.437 61.620 47.440 54.664 47.981 56.007 61.148 66.873 58.291 54.727 52.201 46.393 47.275 44.999 66.306 65.198 52.819 39.611 19.038 0.000 0.000 0.000 0.000 0.000 8.908 11.955 25.281 32.482 23.819 0.000 0.000 35.374 34.391 37.834 46.989 56.416 52.693 30.455 32.427 39.912 38.818 46.792 35.189 29.453 0.000 12.739 33.423 15.416 0.000 0.000 0.000 0.000 0.000 0.000 0.000 0.000 0.000 0.000 0.000 0.000
0.000 0.000 70.812 83.809 94.339 113.831 121.906 66.240 21.165 28.657 44.289 50.178 55.692 67.707 69.559 68.178 59.169 52.480 47.280 48.812 49.043 45.396 48.761 46.222 49.952 47.688 43.317 12.957 0.000 0.000 0.000 0.000 10.874 6.524 17.373 19.381 0.000 0.000 8.292 34.877 46.960 48.654 50.513 57.271 29.397 12.007 6.722 12.888 19.453 28.550 13.476 16.415 10.754 24.380 36.825 21.115 0.000 0.000 0.000 0.000 0.000 0.000 0.000 0.000 0.000 0.000 0.000 0.000
0.000 0.000 29.474 68.044 69.512 57.813 72.752 66.750 72.372 89.044 86.820 77.428 73.203 82.804 74.097 77.537 63.414 61.634 48.503 48.799 43.730 46.218 38.357 44.867 74.381 71.904 65.689 64.829 56.414 48.731 8.266 0.000 0.000 5.906 11.533 0.000 0.000 0.000 41.004 30.899 30.469 38.577 49.239 52.789 27.541 15.980 13.613 13.462 0.000 0.000 0.000 0.000 27.368 50.763 23.613 17.043 19.637 0.000 0.000 0.000 0.000 0.000 0.000 0.000 20.101 44.927 0.000 0.000
0.000 8.547 11.279 21.166 32.739 34.637 51.725 93.371 106.628 102.772 95.066 86.868 86.797 94.346 77.463 75.583 73.387 65.671 49.611 48.683 41.861 44.657 38.007 52.209 71.453 79.514 74.739 74.798 66.926 50.553 53.592 45.404 13.376 15.426 0.000 0.000 0.000 8.889 25.067 10.943 6.397 17.066 32.720 45.023 42.681 27.894 10.255 0.000 0.000 0.000 0.000 0.000 27.692 23.808 0.000 0.000 17.432 10.201 0.000 0.000 0.000 0.000 0.000 28.022 48.315 51.089 46.309 29.072
0.000 26.580 36.017 31.831 46.809 37.248 51.942 42.436 68.799 108.784 93.330 80.377 84.292 83.916 56.322 55.855 67.533 57.887 58.809 54.917 45.580 41.625 45.105 54.758 66.640 66.582 79.372 72.680 66.098 66.575 67.337 65.987 57.747 42.222 0.000 0.000 6.168 11.871 9.285 13.588 32.931 33.578 23.631 23.099 43.098 43.388 37.677 29.393 15.660 11.689 0.000 0.000 13.871 0.000 0.000 0.000 0.000 0.000 0.000 0.000 14.917 26.553 40.630 40.156 51.385 53.163 51.807 49.152
13.631 24.232 50.218 55.842 71.180 63.874 33.498 9.735 22.029 59.260 87.894 76.629 63.008 56.279 42.591 44.181 52.527 51.931 51.632 48.476 45.662 43.522 49.820 53.580 63.511 70.118 67.625 61.721 73.839 74.685 73.224 72.744 65.773 58.447 34.186 5.874 0.000 0.000 24.818 33.617 26.788 21.745 23.843 15.079 42.796 43.164 48.674 51.437 35.543 21.928 0.000 0.000 0.000 0.000 0.000 0.000 0.000 0.000 0.000 26.030 44.942 50.907 51.160 41.059 56.903 61.847 45.702 50.620
27.150 27.865 33.487 35.066 33.915 16.485 12.582 34.277 14.146 36.509 46.090 58.953 52.228 37.112 32.708 17.361 29.781 29.774 43.794 51.723 47.951 50.327 65.867 57.556 50.878 58.572 47.599 52.827 67.295 78.063 76.099 70.876 63.748 58.320 44.316 40.445 11.309 0.000 10.301 12.772 17.339 10.812 17.087 22.712 32.192 33.306 31.915 41.631 35.220 24.202 12.814 9.745 0.000 0.000 0.000 0.000 0.000 11.874 37.858 36.451 38.806 44.818 50.549 49.375 60.184 68.037 59.076 57.452
23.580 13.294 25.386 0.000 13.693 0.000 0.000 15.062 0.000 25.115 35.426 33.713 47.162 31.304 16.602 0.000 9.084 15.274 48.050 51.048 50.776 61.962 72.420 66.096 48.741 37.707 32.320 47.382 65.822 65.392 63.846 64.317 66.342 53.845 50.481 44.841 21.040 0.000 0.000 10.564 9.677 13.703 15.340 14.805 13.541 0.000 0.000 0.000 9.725 16.813 20.915 19.140 0.000 0.000 0.000 0.000 30.778 31.387 54.418 56.162 46.004 35.952 47.318 52.902 71.479 73.914 62.775 64.903
0.000 0.000 0.000 0.000 0.000 0.000 0.000 0.000 0.000 11.411 13.909 12.603 46.837 42.454 18.372 17.872 0.000 18.597 39.444 42.924 59.371 59.035 48.908 41.625 34.557 20.495 33.877 37.494 33.196 33.432 49.766 54.328 68.501 59.842 62.252 52.115 36.313 7.354 0.000 0.000 0.000 0.000 0.000 0.000 0.000 0.000 0.000 0.000 0.000 0.000 0.000 0.000 0.000 0.000 8.278 31.046 49.417 43.765 35.468 61.313 61.413 50.383 52.242 39.534 70.310 77.413 68.834 69.126
0.000 0.000 0.000 0.000 0.000 0.000 0.000 0.000 0.000 0.000 0.000 0.000 24.534 41.306 15.039 14.710 0.000 14.391 18.696 28.801 52.829 50.695 32.488 26.769 28.726 30.353 39.405 38.117 12.072 10.027 27.748 39.265 52.440 67.535 67.100 54.596 39.576 36.107 0.000 0.000 0.000 0.000 0.000 0.000 0.000 0.000 0.000 0.000 0.000 0.000 0.000 0.000 0.000 0.000 26.162 39.112 50.494 57.516 28.324 33.974 66.182 62.469 63.933 59.028 54.147 85.726 72.183 77.800
0.000 0.000 0.000 0.000 0.000 0.000 9.027 0.000 0.000 0.000 0.000 0.000 0.000 19.775 9.771 9.892 6.346 13.121 15.234 26.743 40.789 39.633 28.189 32.324 32.581 30.499 34.328 30.214 14.532 12.712 9.749 7.057 7.356 29.872 51.663 49.370 44.014 53.190 36.237 9.927 0.000 0.000 0.000 0.000 0.000 0.000 0.000 0.000 0.000 0.000 0.000 0.000 0.000 13.313 27.784 30.295 39.484 53.998 62.649 36.984 52.665 67.066 59.551 72.374 76.693 79.815 78.449 75.821
0.000 0.000 0.000 0.000 0.000 0.000 10.165 0.000 0.000 0.000 0.000 0.000 7.410 9.746 6.440 6.968 14.469 26.101 42.646 43.617 39.818 35.640 40.497 38.904 32.349 32.799 30.388 18.255 11.130 8.456 10.978 0.000 0.000 0.000 21.272 38.637 56.294 59.985 46.571 32.894 0.000 0.000 0.000 0.000 0.000 0.000 0.000 0.000 0.000 0.000 22.017 8.905 0.000 22.861 36.918 32.359 41.242 51.963 69.358 69.077 65.875 51.019 54.769 53.668 88.110 82.469 82.624 83.841
0.000 0.000 0.000 0.000 0.000 0.000 0.000 0.000 0.000 0.000 0.000 13.996 19.764 6.700 10.426 12.400 19.922 42.532 66.049 59.794 48.931 44.771 46.088 36.602 37.221 35.662 27.682 25.336 37.898 37.337 11.369 0.000 0.000 0.000 0.000 0.000 20.605 34.126 46.580 47.488 13.101 0.000 0.000 0.000 0.000 0.000 0.000 0.000 27.441 42.470 52.551 41.101 13.777 9.545 27.065 35.694 20.115 18.662 33.749 55.614 70.446 66.366 45.233 26.460 35.743 24.777 47.165 39.864
0.000 0.000 0.000 0.000 0.000 0.000 0.000 0.000 0.000 0.000 13.110 14.257 0.000 0.000 0.000 0.000 31.126 42.574 57.109 54.771 49.137 43.865 29.598 27.499 32.572 31.629 34.152 42.924 63.610 62.911 43.626 33.429 0.000 0.000 0.000 0.000 0.000 0.000 24.580 36.755 20.213 0.000 0.000 0.000 0.000 0.000 20.582 38.441 48.223 57.426 59.471 54.240 18.670 0.000 9.478 13.407 0.000 11.083 16.603 21.771 35.323 50.638 55.833 36.671 0.000 0.000 0.000 0.000
16.432 11.112 0.000 0.000 0.000 0.000 0.000 0.000 0.000 15.480 0.000 0.000 0.000 0.000 0.000 0.000 36.586 42.802 43.236 40.988 38.471 36.212 36.909 42.181 19.461 52.151 55.316 53.620 71.083 69.728 67.724 61.031 50.883 56.047 26.152 8.752 0.000 0.000 0.000 0.000 0.000 0.000 11.074 14.121 22.793 34.449 48.809 52.101 56.552 57.002 58.716 37.472 13.236 12.568 0.000 0.000 14.545 20.179 37.215 24.778 14.966 10.655 11.912 0.000 0.000 0.000 0.000 0.000
33.692 32.683 8.739 0.000 0.000 0.000 0.000 0.000 0.000 0.000 0.000 0.000 0.000 0.000 0.000 26.758 45.064 48.482 33.395 40.845 31.983 34.045 34.043 37.263 17.778 55.640 47.673 44.660 49.932 55.740 50.384 54.743 73.151 70.987 48.076 31.121 0.000 0.000 0.000 0.000 0.000 8.125 8.570 23.725 42.163 50.307 58.189 46.563 60.267 65.691 46.632 19.828 27.752 17.035 0.000 0.000 9.599 9.178 12.787 8.247 9.598 7.933 0.000 0.000 11.529 10.730 0.000 14.504
47.190 51.740 30.848 16.881 0.000 0.000 0.000 0.000 0.000 0.000 0.000 0.000 0.000 0.000 16.481 21.087 42.907 32.621 22.887 14.080 0.000 0.000 0.000 0.000 27.059 24.091 30.771 36.893 35.950 37.681 47.308 55.839 42.138 18.191 11.856 10.211 0.000 0.000 22.007 10.589 9.469 16.884 30.477 43.163 52.382 52.438 61.758 67.144 58.046 72.104 57.701 45.509 30.543 39.335 28.934 12.020 12.828 12.434 13.650 28.061 49.627 48.577 67.195 68.004 52.691 18.194 9.134 0.000
54.436 47.545 50.685 47.770 17.784 0.000 0.000 0.000 0.000 0.000 0.000 0.000 0.000 0.000 22.801 18.427 6.405 0.000 16.334 0.000 0.000 0.000 0.000 0.000 20.234 20.117 33.794 46.557 48.473 43.443 57.098 13.264 0.000 0.000 0.000 0.000 0.000 12.487 57.841 47.243 18.214 22.908 49.344 58.997 65.003 68.577 72.744 72.730 74.174 79.391 74.821 62.284 35.736 60.119 45.216 30.281 17.582 9.561 31.558 55.722 73.036 75.384 81.139 82.831 84.544 65.326 22.184 10.268
