test_integration/test_sample_run/example/results.meteodistr/output_maps/snowdepthN0066.asc
ncols         174
nrows         141
xllcorner     744500.000000
yllcorner     5140950.000000
cellsize      250.000000
NODATA_value  -9999.0
[rows 30 to 59 of 141, columns 0 to 66 of 174]
-9999.000 -9999.000 -9999.000 -9999.000 -9999.000 -9999.000 -9999.000 -9999.000 -9999.000 -9999.000 -9999.000 -9999.000 -9999.000 -9999.000 -9999.000 -9999.000 -9999.000 -9999.000 -9999.000 -9999.000 -9999.000 -9999.000 -9999.000 -9999.000 -9999.000 -9999.000 -9999.000 -9999.000 -9999.000 -9999.000 -9999.000 -9999.000 -9999.000 -9999.000 -9999.000 -9999.000 -9999.000 -9999.000 79.519 75.978 81.899 82.112 58.107 87.218 108.282 96.603 -9999.000 -9999.000 -9999.000 -9999.000 -9999.000 -9999.000 -9999.000 -9999.000 -9999.000 -9999.000 -9999.000 -9999.000 -9999.000 -9999.000 75.183 85.080 82.791 88.351 131.145 146.900 101.750
-9999.000 -9999.000 -9999.000 -9999.000 -9999.000 -9999.000 -9999.000 -9999.000 -9999.000 -9999.000 -9999.000 -9999.000 -9999.000 -9999.000 -9999.000 -9999.000 -9999.000 -9999.000 -9999.000 -9999.000 -9999.000 -9999.000 -9999.000 -9999.000 -9999.000 -9999.000 -9999.000 -9999.000 -9999.000 -9999.000 -9999.000 -9999.000 -9999.000 -9999.000 -9999.000 -9999.000 -9999.000 56.139 30.913 79.920 91.128 85.891 82.184 93.344 95.553 50.939 30.002 59.197 -9999.000 -9999.000 -9999.000 -9999.000 -9999.000 -9999.000 -9999.000 -9999.000 -9999.000 -9999.000 -9999.000 54.139 85.741 84.067 77.108 69.800 100.856 122.598 135.820
-9999.000 -9999.000 -9999.000 -9999.000 -9999.000 -9999.000 -9999.000 -9999.000 -9999.000 -9999.000 -9999.000 -9999.000 -9999.000 -9999.000 -9999.000 -9999.000 -9999.000 -9999.000 -9999.000 -9999.000 -9999.000 -9999.000 -9999.000 -9999.000 -9999.000 -9999.000 -9999.000 -9999.000 -9999.000 -9999.000 -9999.000 -9999.000 -9999.000 -9999.000 -9999.000 -9999.000 66.883 75.245 95.344 87.068 88.364 79.021 68.700 67.581 61.046 57.430 77.244 77.074 68.768 -9999.000 -9999.000 -9999.000 -9999.000 -9999.000 -9999.000 -9999.000 0.000 33.872 64.998 90.109 93.163 82.126 60.338 79.460 102.681 107.251 180.178
-9999.000 -9999.000 -9999.000 -9999.000 -9999.000 -9999.000 -9999.000 -9999.000 -9999.000 -9999.000 -9999.000 -9999.000 -9999.000 -9999.000 -9999.000 -9999.000 -9999.000 -9999.000 -9999.000 -9999.000 -9999.000 -9999.000 -9999.000 -9999.000 -9999.000 -9999.000 -9999.000 -9999.000 -9999.000 -9999.000 -9999.000 -9999.000 -9999.000 -9999.000 -9999.000 48.457 72.281 86.665 96.914 104.433 76.014 72.904 62.415 41.451 41.774 36.449 70.644 69.529 45.658 35.490 50.880 108.798 83.585 80.382 47.246 35.487 0.000 63.286 94.760 85.493 79.982 89.884 47.132 72.301 104.538 95.896 82.795
-9999.000 -9999.000 -9999.000 -9999.000 -9999.000 -9999.000 -9999.000 -9999.000 -9999.000 -9999.000 -9999.000 -9999.000 -9999.000 -9999.000 -9999.000 -9999.000 -9999.000 -9999.000 -9999.000 -9999.000 -9999.000 -9999.000 -9999.000 -9999.000 -9999.000 -9999.000 -9999.000 -9999.000 -9999.000 -9999.000 -9999.000 -9999.000 -9999.000 23.298 39.603 57.248 82.184 76.890 86.647 106.522 82.717 79.859 58.164 42.279 43.453 69.891 91.182 97.724 114.527 130.134 91.930 82.100 108.804 101.841 101.271 97.414 82.235 68.395 63.567 56.874 76.369 83.143 38.984 67.250 83.579 74.804 70.434
-9999.000 -9999.000 -9999.000 -9999.000 -9999.000 -9999.000 -9999.000 -9999.000 -9999.000 -9999.000 -9999.000 -9999.000 -9999.000 -9999.000 -9999.000 -9999.000 -9999.000 -9999.000 -9999.000 -9999.000 -9999.000 -9999.000 -9999.000 -9999.000 -9999.000 -9999.000 -9999.000 -9999.000 -9999.000 -9999.000 -9999.000 -9999.000 35.674 25.392 69.299 77.083 73.298 62.053 90.689 97.255 80.369 82.154 56.239 48.274 60.341 80.402 92.638 101.898 122.427 117.620 91.590 75.011 128.366 104.943 122.775 109.964 87.133 80.503 42.432 55.155 71.894 83.048 53.310 65.973 63.554 63.536 69.305
-9999.000 -9999.000 -9999.000 -9999.000 -9999.000 -9999.000 -9999.000 -9999.000 -9999.000 -9999.000 -9999.000 -9999.000 -9999.000 -9999.000 -9999.000 -9999.000 -9999.000 -9999.000 -9999.000 -9999.000 -9999.000 -9999.000 -9999.000 -9999.000 -9999.000 -9999.000 -9999.000 -9999.000 -9999.000 -9999.000 -9999.000 -9999.000 -9999.000 49.485 62.420 58.533 72.719 72.648 68.719 78.557 77.512 70.401 58.261 56.059 66.622 82.946 82.288 93.957 78.856 82.684 130.891 125.929 79.619 89.782 107.590 93.408 92.957 86.029 71.455 48.207 51.266 63.233 54.396 61.328 53.821 80.955 93.281
-9999.000 -9999.000 -9999.000 -9999.000 -9999.000 -9999.000 -9999.000 -9999.000 -9999.000 -9999.000 -9999.000 -9999.000 -9999.000 -9999.000 -9999.000 -9999.000 -9999.000 -9999.000 -9999.000 -9999.000 -9999.000 -9999.000 -9999.000 -9999.000 -9999.000 -9999.000 -9999.000 -9999.000 -9999.000 -9999.000 -9999.000 -9999.000 -9999.000 81.236 94.736 67.866 44.409 60.895 23.753 48.805 61.344 82.751 60.889 61.025 60.718 72.393 82.928 71.740 80.891 98.981 109.133 124.772 76.485 45.695 59.810 76.780 111.637 89.484 79.985 55.755 18.569 28.723 49.501 51.213 62.751 90.479 112.783
-9999.000 -9999.000 -9999.000 -9999.000 -9999.000 -9999.000 -9999.000 -9999.000 -9999.000 -9999.000 -9999.000 -9999.000 -9999.000 -9999.000 -9999.000 -9999.000 -9999.000 -9999.000 -9999.000 -9999.000 -9999.000 -9999.000 -9999.000 -9999.000 -9999.000 -9999.000 -9999.000 -9999.000 -9999.000 -9999.000 -9999.000 -9999.000 -9999.000 85.193 95.141 88.176 78.989 31.740 33.221 34.139 35.729 53.986 55.483 54.461 71.671 79.797 72.126 78.699 92.134 96.007 76.518 79.969 73.897 75.428 45.123 57.862 107.800 96.583 80.844 69.705 38.790 31.270 46.102 46.589 78.267 95.002 115.204
-9999.000 -9999.000 -9999.000 -9999.000 -9999.000 -9999.000 -9999.000 -9999.000 -9999.000 -9999.000 -9999.000 -9999.000 -9999.000 -9999.000 -9999.000 -9999.000 -9999.000 -9999.000 -9999.000 -9999.000 -9999.000 -9999.000 -9999.000 -9999.000 -9999.000 -9999.000 -9999.000 -9999.000 -9999.000 -9999.000 -9999.000 -9999.000 -9999.000 34.678 80.800 80.810 81.279 50.695 32.643 9.510 18.459 18.733 45.584 48.802 76.551 84.672 63.793 76.895 80.009 70.443 63.369 69.612 88.760 86.571 63.758 55.426 72.937 90.575 82.732 86.798 42.114 33.741 46.055 34.393 71.707 89.911 96.036
-9999.000 -9999.000 -9999.000 -9999.000 -9999.000 -9999.000 -9999.000 -9999.000 -9999.000 -9999.000 -9999.000 -9999.000 -9999.000 -9999.000 -9999.000 -9999.000 -9999.000 -9999.000 -9999.000 -9999.000 -9999.000 -9999.000 -9999.000 -9999.000 -9999.000 -9999.000 -9999.000 -9999.000 -9999.000 -9999.000 -9999.000 -9999.000 0.000 18.985 46.432 51.934 42.205 68.370 79.616 66.273 48.144 27.551 29.856 46.454 63.701 80.304 49.579 57.920 63.142 63.179 69.956 81.352 84.196 88.573 75.520 44.326 54.834 78.256 84.162 75.307 54.110 56.026 41.722 38.593 51.996 80.678 96.935
-9999.000 -9999.000 -9999.000 -9999.000 -9999.000 -9999.000 -9999.000 -9999.000 -9999.000 -9999.000 -9999.000 -9999.000 -9999.000 -9999.000 -9999.000 -9999.000 -9999.000 -9999.000 -9999.000 -9999.000 -9999.000 -9999.000 -9999.000 -9999.000 -9999.000 -9999.000 -9999.000 -9999.000 -9999.000 -9999.000 -9999.000 0.000 0.000 38.920 52.390 60.579 91.519 91.665 91.638 85.745 73.443 54.510 31.653 39.281 51.267 57.780 31.886 54.926 48.676 47.797 70.146 56.965 70.673 83.309 77.014 30.708 41.542 51.223 66.255 55.225 64.619 53.289 42.293 43.639 61.140 79.820 87.822
-9999.000 -9999.000 -9999.000 -9999.000 -9999.000 -9999.000 -9999.000 -9999.000 -9999.000 -9999.000 -9999.000 -9999.000 -9999.000 -9999.000 -9999.000 -9999.000 -9999.000 -9999.000 -9999.000 -9999.000 -9999.000 -9999.000 -9999.000 -9999.000 -9999.000 -9999.000 -9999.000 -9999.000 -9999.000 -9999.000 29.241 41.468 87.656 94.868 96.082 99.262 93.442 86.326 87.421 82.684 79.040 67.869 46.271 30.189 28.744 16.480 21.176 46.201 32.673 33.201 44.433 44.948 56.347 68.404 69.591 60.757 39.167 45.631 92.029 87.725 59.459 43.926 50.076 55.484 50.384 85.787 67.248
-9999.000 -9999.000 -9999.000 -9999.000 -9999.000 -9999.000 -9999.000 -9999.000 -9999.000 -9999.000 -9999.000 -9999.000 -9999.000 -9999.000 -9999.000 -9999.000 -9999.000 -9999.000 -9999.000 -9999.000 -9999.000 -9999.000 -9999.000 -9999.000 -9999.000 -9999.000 -9999.000 -9999.000 -9999.000 -9999.000 40.399 96.350 110.738 108.706 110.142 102.582 92.134 100.101 102.594 93.782 66.692 58.706 47.628 37.601 15.363 0.000 20.061 9.982 25.018 13.774 16.656 55.993 44.284 45.176 63.280 65.569 28.597 48.608 71.471 74.383 60.272 46.569 46.841 52.582 72.248 61.237 52.121
-9999.000 -9999.000 -9999.000 -9999.000 -9999.000 -9999.000 -9999.000 -9999.000 -9999.000 -9999.000 -9999.000 -9999.000 -9999.000 -9999.000 -9999.000 -9999.000 -9999.000 -9999.000 -9999.000 -9999.000 -9999.000 -9999.000 -9999.000 -9999.000 -9999.000 -9999.000 -9999.000 -9999.000 -9999.000 -9999.000 94.450 112.823 112.402 110.035 95.465 105.889 99.179 99.287 77.411 64.474 33.249 45.479 75.757 72.924 67.361 58.295 35.422 16.676 15.784 13.839 18.177 22.368 35.187 25.588 51.969 29.409 41.397 57.159 40.057 60.414 39.023 30.332 48.566 44.547 67.922 80.750 40.811
-9999.000 -9999.000 -9999.000 -9999.000 -9999.000 -9999.000 -9999.000 -9999.000 -9999.000 -9999.000 -9999.000 -9999.000 -9999.000 -9999.000 -9999.000 -9999.000 -9999.000 -9999.000 -9999.000 -9999.000 -9999.000 -9999.000 58.487 67.220 54.369 63.701 68.855 -9999.000 -9999.000 -9999.000 95.278 121.253 117.233 113.228 113.874 103.870 116.269 76.136 50.354 37.369 40.245 66.140 78.223 76.510 73.054 73.352 67.346 60.795 33.355 21.056 11.269 14.033 14.615 15.864 20.537 22.422 41.047 26.435 15.624 21.410 15.716 10.568 41.335 57.081 83.055 76.159 43.682
-9999.000 -9999.000 -9999.000 -9999.000 -9999.000 -9999.000 -9999.000 -9999.000 -9999.000 -9999.000 -9999.000 -9999.000 -9999.000 -9999.000 -9999.000 -9999.000 -9999.000 -9999.000 -9999.000 -9999.000 -9999.000 56.313 68.715 88.188 94.596 101.886 87.792 76.143 -9999.000 69.768 113.659 124.071 123.119 116.195 116.995 101.353 69.808 76.398 51.107 39.071 62.556 76.087 74.093 89.219 76.906 70.814 71.966 63.147 56.511 36.882 22.180 22.509 11.310 11.916 0.000 19.378 12.353 0.000 0.000 0.000 0.000 16.671 38.593 62.601 62.451 68.774 61.608
-9999.000 -9999.000 -9999.000 -9999.000 -9999.000 -9999.000 -9999.000 -9999.000 -9999.000 -9999.000 -9999.000 -9999.000 -9999.000 -9999.000 -9999.000 -9999.000 -9999.000 -9999.000 -9999.000 45.758 47.724 67.369 89.960 94.390 97.334 98.146 123.118 115.045 105.597 84.301 125.573 93.934 84.512 81.631 88.259 72.137 41.098 48.637 38.080 51.325 82.045 75.021 92.873 92.655 86.917 83.292 76.899 69.321 58.896 43.962 21.423 9.883 10.947 0.000 0.000 0.000 0.000 0.000 0.000 0.000 0.000 29.633 39.065 44.277 30.803 53.451 40.209
-9999.000 -9999.000 -9999.000 -9999.000 -9999.000 -9999.000 -9999.000 -9999.000 -9999.000 -9999.000 -9999.000 -9999.000 -9999.000 -9999.000 -9999.000 -9999.000 25.397 27.720 32.388 47.222 83.708 83.394 91.871 100.377 107.322 84.818 97.433 119.754 127.423 125.255 129.323 89.085 82.439 61.349 52.953 56.573 46.335 42.664 55.181 85.410 82.165 87.314 96.099 96.387 95.313 89.552 76.306 75.842 55.751 54.222 33.983 18.559 16.775 15.695 21.854 23.837 24.717 24.466 12.439 8.843 22.522 18.233 18.059 17.308 29.312 34.026 25.513
-9999.000 -9999.000 -9999.000 -9999.000 -9999.000 -9999.000 -9999.000 -9999.000 -9999.000 -9999.000 -9999.000 -9999.000 -9999.000 -9999.000 -9999.000 -9999.000 9.875 70.875 74.298 77.554 88.692 86.427 89.051 95.423 112.710 117.673 79.500 107.165 124.675 130.386 127.065 89.988 87.945 57.864 52.151 45.620 47.594 54.298 89.912 85.319 84.817 86.250 104.833 107.954 91.075 76.412 66.104 34.597 35.115 48.893 28.663 31.064 25.019 25.269 23.870 21.347 21.318 21.961 25.833 29.375 24.439 6.967 0.000 0.000 9.420 8.598 9.427
-9999.000 -9999.000 -9999.000 -9999.000 -9999.000 -9999.000 -9999.000 -9999.000 -9999.000 -9999.000 -9999.000 -9999.000 -9999.000 -9999.000 -9999.000 27.533 25.945 76.465 73.704 80.226 83.177 84.048 89.120 88.972 94.059 131.646 124.246 87.622 93.632 141.949 90.650 81.611 70.972 63.006 55.475 62.187 92.788 91.728 88.547 98.062 91.782 91.903 78.129 68.268 58.602 58.547 53.197 40.980 29.949 25.505 25.121 32.097 41.329 52.208 56.850 55.188 55.164 53.867 53.118 54.990 34.946 25.794 10.970 13.264 0.000 10.796 7.119
-9999.000 -9999.000 -9999.000 -9999.000 -9999.000 -9999.000 -9999.000 -9999.000 -9999.000 -9999.000 -9999.000 -9999.000 -9999.000 -9999.000 16.588 31.540 74.105 72.738 77.210 82.545 81.269 83.004 84.537 88.295 89.497 95.019 133.499 130.042 95.643 101.095 80.569 85.391 73.359 69.934 65.873 87.548 96.139 97.039 100.695 94.216 97.312 101.801 57.565 56.142 24.549 39.740 25.291 29.179 17.724 19.136 35.692 48.302 58.105 59.709 62.084 61.463 60.504 60.417 62.237 57.811 41.845 34.455 18.032 11.458 11.623 0.000 12.690
-9999.000 -9999.000 -9999.000 -9999.000 -9999.000 -9999.000 -9999.000 -9999.000 -9999.000 -9999.000 -9999.000 -9999.000 -9999.000 12.378 26.349 75.027 72.308 73.865 75.048 79.859 83.595 86.399 84.763 85.430 92.257 91.540 100.781 136.091 71.781 66.256 66.279 78.283 76.209 77.193 98.155 98.588 96.474 101.907 97.744 90.631 103.212 76.110 53.494 51.192 48.517 40.657 24.564 25.931 21.129 22.503 44.906 56.659 61.799 66.782 68.450 73.476 70.843 74.049 72.031 58.160 51.551 46.446 28.609 24.448 17.204 11.400 15.818
-9999.000 -9999.000 -9999.000 -9999.000 -9999.000 -9999.000 -9999.000 -9999.000 -9999.000 -9999.000 -9999.000 -9999.000 0.000 26.196 68.510 72.087 69.763 72.430 75.971 80.025 86.752 87.554 91.165 87.484 92.695 91.367 82.815 81.846 83.409 75.498 73.937 81.923 83.583 85.519 104.690 100.192 100.432 106.034 97.267 89.581 71.947 55.057 40.328 46.385 63.146 47.897 32.514 28.471 34.296 34.546 53.915 53.788 71.680 76.416 78.825 82.287 84.010 82.463 73.924 67.846 58.413 53.021 37.747 29.595 23.209 19.344 14.974
-9999.000 -9999.000 -9999.000 -9999.000 21.641 -9999.000 -9999.000 -9999.000 -9999.000 -9999.000 -9999.000 21.167 21.435 70.188 70.194 65.807 71.583 74.421 77.889 77.953 83.300 82.983 89.275 85.559 75.194 65.881 59.035 62.998 80.038 88.083 79.514 77.272 89.089 88.679 93.273 99.194 97.459 87.520 78.425 67.182 44.372 42.586 49.257 53.580 60.905 50.371 41.268 28.509 30.378 38.012 56.247 61.146 71.951 83.371 86.710 91.593 79.344 80.069 62.969 60.464 38.519 36.337 33.921 40.852 36.560 35.193 23.996
-9999.000 -9999.000 -9999.000 -9999.000 11.079 0.000 0.000 0.000 10.448 19.350 22.804 14.659 64.543 75.402 69.903 69.473 67.846 71.047 75.701 76.321 81.464 83.281 81.437 77.519 62.200 50.745 58.810 57.851 73.978 82.245 83.682 79.733 98.175 91.598 98.531 102.919 92.188 72.297 47.234 42.131 53.045 58.833 62.300 58.735 60.077 40.167 24.732 21.054 30.509 45.558 51.604 64.705 75.610 84.549 87.737 84.789 57.335 35.918 44.054 33.931 22.559 20.792 25.897 54.977 55.656 55.102 36.865
-9999.000 -9999.000 -9999.000 -9999.000 33.514 16.535 55.438 62.638 61.760 70.045 71.057 79.229 74.027 73.781 70.057 69.920 66.965 63.655 73.183 73.781 79.480 75.586 65.078 68.566 75.343 77.501 74.399 71.858 78.963 84.408 87.272 87.783 97.089 108.264 104.306 104.716 79.477 66.557 50.546 50.352 45.690 55.459 57.065 47.143 39.523 31.058 11.262 22.457 48.969 48.844 59.773 65.244 77.362 84.692 77.848 64.116 36.089 21.224 16.536 28.700 34.122 31.547 42.086 57.252 60.887 59.966 52.602
-9999.000 -9999.000 -9999.000 -9999.000 -9999.000 29.418 61.774 59.001 64.967 72.545 80.638 77.538 77.963 69.693 66.402 67.721 62.549 63.200 70.773 74.960 77.857 63.815 68.499 68.775 68.294 71.168 79.630 73.254 74.441 77.470 80.619 96.950 97.626 114.534 103.199 79.666 76.100 67.948 65.445 55.600 44.657 43.955 35.841 20.875 13.540 22.074 13.511 36.055 51.857 47.627 49.922 57.532 75.071 81.722 76.287 60.232 39.092 42.041 35.054 20.607 19.941 34.160 49.303 53.981 66.227 66.063 61.356
-9999.000 -9999.000 -9999.000 -9999.000 -9999.000 20.128 72.742 65.053 65.465 72.827 80.417 77.884 77.162 76.142 66.148 66.577 59.969 66.348 72.506 78.993 61.011 69.011 66.616 67.315 71.438 69.076 80.441 81.868 80.784 69.966 76.964 84.464 92.942 84.617 70.929 56.560 61.459 66.523 74.351 79.195 64.575 43.325 36.989 31.865 16.105 15.460 34.608 42.509 39.128 40.969 41.294 41.898 63.995 76.536 83.447 81.718 75.320 70.300 55.617 39.187 28.158 39.278 56.504 49.008 70.905 71.010 65.032
-9999.000 -9999.000 -9999.000 -9999.000 -9999.000 0.000 71.709 66.216 58.574 55.575 69.348 76.007 78.547 68.633 66.176 62.290 57.752 66.994 69.325 77.492 49.205 65.692 56.551 59.676 70.058 76.190 76.778 81.307 76.417 64.179 71.161 70.888 83.068 60.622 31.336 27.065 35.893 47.418 60.489 67.864 62.071 56.176 40.443 28.885 21.588 21.818 38.085 51.832 50.195 50.208 52.196 52.794 61.459 67.782 79.331 76.510 73.103 57.843 44.464 31.337 34.579 47.718 61.535 62.627 67.598 74.697 58.251
