test_integration/test_sample_run/example/results.meteodistr/output_maps/snowdepthN0119.asc
ncols         174
nrows         141
xllcorner     744500.000000
yllcorner     5140950.000000
cellsize      250.000000
NODATA_value  -9999.0
[rows 60 to 89 of 141, columns 0 to 68 of 174]
-9999.000 -9999.000 -9999.000 -9999.000 -9999.000 0.000 0.000 5.945 0.000 0.000 0.000 0.000 0.000 0.000 0.000 0.000 0.000 0.000 0.000 0.000 0.000 0.000 0.000 6.205 30.207 24.232 13.612 0.000 0.000 0.000 0.000 0.000 0.000 0.000 0.000 0.000 0.000 0.000 0.000 0.000 0.000 0.000 0.000 0.000 0.000 0.000 0.000 32.698 41.955 43.455 26.309 21.841 18.283 13.922 0.000 0.000 0.000 0.000 0.000 0.000 6.105 28.878 42.767 49.470 37.911 33.501 13.009 28.256 28.716
-9999.000 -9999.000 -9999.000 -9999.000 -9999.000 0.000 0.000 0.000 0.000 0.000 0.000 0.000 0.000 0.000 0.000 0.000 0.000 0.000 0.000 0.000 0.000 0.000 0.000 17.230 23.936 5.691 0.000 0.000 0.000 0.000 0.000 0.000 0.000 0.000 0.000 0.000 0.000 0.000 0.000 0.000 0.000 0.000 0.000 0.000 0.000 0.000 10.304 29.553 52.369 47.834 28.779 10.703 27.123 0.000 0.000 0.000 0.000 0.000 0.000 0.000 8.320 16.173 40.234 54.241 53.531 39.445 39.016 44.893 0.000
-9999.000 -9999.000 -9999.000 -9999.000 -9999.000 0.000 20.024 0.000 11.051 0.000 0.000 0.000 11.070 16.081 10.517 9.422 0.000 0.000 0.000 0.000 0.000 0.000 0.000 5.719 0.000 10.897 0.000 0.000 0.000 0.000 0.000 0.000 0.000 0.000 0.000 0.000 0.000 0.000 0.000 0.000 0.000 0.000 0.000 0.000 0.000 0.000 11.002 6.028 24.058 36.855 50.235 43.895 12.686 0.000 0.000 0.000 0.000 0.000 0.000 0.000 7.908 0.000 0.000 0.000 39.456 44.462 45.716 0.000 0.000
-9999.000 -9999.000 -9999.000 -9999.000 0.000 27.649 58.449 17.527 11.704 12.185 0.000 0.000 0.000 0.000 20.723 0.000 0.000 0.000 0.000 0.000 0.000 0.000 0.000 0.000 0.000 0.000 0.000 0.000 0.000 0.000 0.000 0.000 0.000 0.000 0.000 0.000 0.000 0.000 0.000 0.000 0.000 0.000 0.000 0.000 10.153 0.000 0.000 0.000 0.000 19.402 57.481 58.681 0.000 0.000 0.000 0.000 0.000 0.000 0.000 8.376 12.338 22.295 0.000 0.000 13.898 21.217 0.000 0.000 0.000
-9999.000 -9999.000 -9999.000 -9999.000 -9999.000 6.315 0.000 42.786 54.353 67.554 63.226 60.170 22.226 0.000 0.000 0.000 0.000 0.000 0.000 0.000 0.000 0.000 0.000 0.000 0.000 0.000 0.000 0.000 0.000 0.000 0.000 0.000 0.000 0.000 0.000 0.000 0.000 0.000 0.000 0.000 0.000 0.000 13.832 26.695 35.516 36.147 30.145 0.000 0.000 0.000 0.000 0.000 0.000 0.000 0.000 0.000 0.000 0.000 5.284 30.263 37.505 45.301 50.938 54.689 41.970 0.000 0.000 0.000 0.000
-9999.000 -9999.000 -9999.000 -9999.000 -9999.000 -9999.000 0.000 67.100 70.549 67.593 62.302 58.071 55.407 45.505 0.000 0.000 0.000 0.000 0.000 0.000 0.000 0.000 0.000 0.000 0.000 0.000 0.000 0.000 0.000 0.000 0.000 0.000 0.000 0.000 0.000 0.000 0.000 0.000 0.000 0.000 0.000 13.582 21.084 29.316 39.538 42.531 43.659 32.082 15.901 0.000 0.000 0.000 0.000 0.000 0.000 0.000 0.000 0.000 9.133 23.012 37.756 40.125 59.997 62.233 61.277 26.626 0.000 0.000 14.151
-9999.000 -9999.000 -9999.000 -9999.000 -9999.000 0.000 53.416 72.017 65.208 62.746 25.833 10.318 14.900 5.661 0.000 0.000 0.000 0.000 0.000 0.000 0.000 0.000 0.000 0.000 0.000 0.000 0.000 0.000 0.000 0.000 0.000 0.000 0.000 0.000 0.000 0.000 0.000 0.000 0.000 0.000 11.494 33.416 36.625 31.624 47.268 45.567 49.203 43.907 46.987 28.955 17.028 0.000 0.000 0.000 0.000 0.000 0.000 9.400 15.977 0.000 0.000 0.000 0.000 0.000 7.692 30.313 23.733 35.733 33.600
-9999.000 -9999.000 -9999.000 -9999.000 -9999.000 31.880 60.813 73.803 79.373 50.452 20.365 0.000 0.000 0.000 0.000 0.000 0.000 0.000 0.000 0.000 0.000 0.000 0.000 0.000 0.000 0.000 0.000 0.000 0.000 0.000 0.000 0.000 0.000 0.000 0.000 0.000 0.000 0.000 0.000 0.000 32.473 35.428 40.120 42.974 60.072 45.557 56.391 49.906 51.701 53.600 43.825 30.278 11.478 0.000 0.000 0.000 11.098 25.763 36.741 16.077 0.000 0.000 0.000 0.000 0.000 0.000 55.081 48.450 29.313
-9999.000 -9999.000 -9999.000 -9999.000 -9999.000 -9999.000 57.675 71.305 69.391 48.037 6.980 28.809 10.236 0.000 0.000 0.000 0.000 0.000 0.000 0.000 0.000 0.000 0.000 0.000 0.000 0.000 0.000 0.000 0.000 0.000 0.000 0.000 0.000 0.000 0.000 0.000 0.000 0.000 0.000 14.046 28.773 39.179 45.221 51.266 51.696 45.034 56.680 51.963 51.926 44.795 47.471 47.800 31.922 19.225 9.499 13.616 34.559 35.602 42.827 29.354 22.171 0.000 0.000 0.000 0.000 0.000 44.678 44.759 19.862
-9999.000 -9999.000 -9999.000 -9999.000 -9999.000 -9999.000 53.369 80.796 20.857 12.772 29.734 48.847 15.904 0.000 16.263 29.038 42.201 42.309 38.398 22.079 0.000 0.000 0.000 0.000 0.000 0.000 0.000 0.000 0.000 0.000 0.000 0.000 0.000 0.000 0.000 0.000 0.000 9.229 18.420 16.759 32.898 60.126 48.280 50.148 52.786 55.926 52.998 43.794 49.625 51.332 54.183 43.629 30.914 19.374 10.933 13.649 45.212 48.627 48.213 35.179 33.625 28.637 18.036 5.949 0.000 0.000 0.000 16.213 12.848
-9999.000 -9999.000 -9999.000 -9999.000 -9999.000 -9999.000 -9999.000 49.118 44.580 45.798 73.491 57.890 5.904 20.409 39.690 42.817 44.618 50.193 47.324 35.298 19.931 10.929 0.000 0.000 0.000 0.000 0.000 0.000 0.000 0.000 0.000 6.943 16.009 17.113 35.695 37.012 34.750 30.935 32.078 27.968 17.805 27.553 52.369 53.618 57.177 77.465 75.920 68.594 46.175 51.492 64.776 38.460 19.510 6.967 8.755 16.473 44.755 49.863 51.754 43.961 51.245 50.689 49.872 50.291 39.077 6.462 14.414 15.626 0.000
-9999.000 -9999.000 -9999.000 -9999.000 -9999.000 -9999.000 -9999.000 82.064 87.957 81.360 74.196 19.968 0.000 33.949 48.564 30.183 51.304 58.239 48.062 39.300 23.782 19.584 0.000 0.000 0.000 0.000 0.000 0.000 0.000 0.000 15.420 15.087 37.222 39.435 39.027 41.268 42.037 36.040 45.606 37.341 16.806 36.609 47.216 62.290 85.013 69.953 54.969 81.708 62.761 82.416 44.452 6.587 11.572 0.000 10.555 17.745 33.935 57.506 55.635 48.234 55.006 55.773 55.243 52.554 40.821 37.013 32.517 25.272 24.012
-9999.000 -9999.000 -9999.000 -9999.000 -9999.000 -9999.000 -9999.000 -9999.000 57.967 84.612 11.860 10.318 25.779 51.728 54.525 37.138 54.029 63.516 61.497 38.959 11.038 0.000 0.000 0.000 0.000 0.000 0.000 0.000 5.465 10.702 36.652 33.922 37.200 36.358 42.005 55.792 42.185 41.246 37.028 41.480 42.043 40.051 41.214 49.837 59.126 69.438 71.527 77.508 93.570 39.871 0.000 0.000 0.000 0.000 27.610 26.824 33.313 62.813 45.296 53.510 61.604 58.893 62.077 51.508 37.305 52.258 23.087 32.241 47.289
-9999.000 -9999.000 -9999.000 -9999.000 -9999.000 -9999.000 -9999.000 -9999.000 0.000 11.705 0.000 0.000 48.050 56.644 52.856 37.193 70.859 72.184 35.368 9.659 0.000 0.000 0.000 0.000 14.153 8.904 13.267 19.060 31.812 35.543 39.380 41.019 48.863 45.115 50.543 55.078 49.693 48.062 47.261 53.422 57.277 54.269 24.209 10.534 15.773 31.340 91.108 83.237 85.404 60.161 0.000 0.000 0.000 0.000 33.298 29.102 34.836 73.351 40.721 60.777 65.082 61.705 72.312 48.172 34.315 47.482 33.256 35.146 50.479
-9999.000 -9999.000 -9999.000 -9999.000 -9999.000 -9999.000 -9999.000 0.000 0.000 0.000 0.000 11.601 47.305 61.477 37.992 60.898 82.792 38.450 0.000 30.960 26.193 17.039 0.000 17.500 26.440 37.883 37.228 41.141 38.819 40.600 47.483 45.458 57.462 51.594 44.159 52.184 57.408 52.088 58.959 59.722 63.823 65.798 68.092 37.340 14.586 32.679 35.985 89.610 95.708 28.827 0.000 0.000 0.000 38.749 36.755 40.522 25.354 41.325 54.567 67.300 68.086 60.003 71.508 36.693 31.631 41.766 30.319 37.827 54.685
-9999.000 -9999.000 -9999.000 -9999.000 -9999.000 -9999.000 0.000 0.000 0.000 0.000 13.836 28.130 61.962 60.926 46.818 74.089 71.040 15.098 52.658 70.186 0.000 8.724 0.000 15.673 36.759 39.686 36.210 41.837 45.771 50.415 50.658 53.418 58.101 55.886 53.466 62.334 74.302 52.707 66.326 66.274 69.695 77.008 72.294 72.844 56.640 54.381 21.476 87.368 37.026 0.000 26.524 37.443 16.886 45.573 44.298 49.161 47.409 39.838 61.395 69.786 66.446 69.356 65.994 33.460 32.534 28.511 40.636 51.255 51.392
-9999.000 -9999.000 -9999.000 -9999.000 -9999.000 0.000 0.000 0.000 0.000 30.225 60.670 55.779 72.264 67.144 60.512 89.915 65.604 68.846 72.016 0.000 0.000 0.000 0.000 21.999 37.670 35.508 42.707 46.435 52.909 52.413 51.015 56.741 62.105 59.168 62.756 59.315 69.480 66.538 71.473 73.956 70.496 67.610 68.495 69.886 68.991 72.886 78.890 45.578 25.150 16.475 57.865 23.020 16.059 44.488 47.076 51.850 52.562 60.686 69.906 66.665 65.714 70.398 33.710 20.455 24.384 31.698 56.071 50.901 9.564
-9999.000 -9999.000 -9999.000 0.000 0.000 0.000 44.182 72.428 81.673 73.356 73.937 73.316 77.108 68.514 76.184 95.070 87.620 70.927 57.349 0.000 0.000 0.000 11.088 17.588 39.183 40.911 69.602 49.094 59.994 54.630 65.505 53.289 60.696 84.527 72.284 75.067 63.286 73.348 69.648 73.143 73.007 72.701 73.893 76.376 79.014 75.413 90.260 92.920 44.792 12.674 0.000 0.000 20.200 47.315 51.516 38.651 59.583 74.261 68.170 68.132 77.103 74.094 8.703 19.170 30.416 50.090 52.991 33.651 16.437
-9999.000 -9999.000 0.000 15.417 85.268 69.415 87.491 83.999 73.681 61.270 77.588 79.478 81.824 69.860 74.897 100.309 69.696 54.674 0.000 0.000 0.000 39.691 39.170 31.336 42.921 49.621 74.980 55.833 62.147 71.025 71.020 72.649 42.532 24.821 79.164 79.321 80.097 78.985 65.743 70.969 76.416 67.954 77.462 78.568 81.797 84.038 69.583 83.653 20.782 0.000 0.000 0.000 46.578 50.301 50.849 46.881 50.423 67.309 79.452 66.205 11.134 0.000 0.000 14.894 23.698 20.808 23.887 34.766 38.353
-9999.000 -9999.000 7.232 22.299 89.683 89.318 79.704 76.166 72.938 79.362 75.948 85.227 86.878 76.384 71.695 106.296 47.912 36.142 0.000 0.000 18.662 45.842 42.490 40.657 38.648 53.458 81.660 61.928 71.221 67.486 74.611 69.071 66.695 33.211 76.372 87.289 78.849 74.065 33.322 55.044 78.137 53.203 59.058 60.010 78.282 87.089 58.772 32.216 39.732 44.783 51.799 62.796 53.753 59.891 52.637 51.743 65.913 73.522 26.647 0.000 0.000 0.000 0.000 0.000 0.000 0.000 12.500 34.993 48.382
-9999.000 -9999.000 -9999.000 10.213 64.865 89.376 92.925 76.963 98.755 26.444 78.861 87.135 88.852 75.974 75.085 102.775 12.284 0.000 0.000 0.000 33.866 45.134 49.604 44.304 35.133 66.330 83.229 62.718 72.565 75.057 60.674 68.660 76.030 75.359 60.767 84.206 41.517 21.095 59.734 70.354 72.540 72.594 80.659 67.130 51.054 67.900 91.842 83.475 40.880 74.951 58.684 51.732 60.075 55.968 55.234 54.987 65.329 30.312 0.000 0.000 0.000 0.000 0.000 0.000 0.000 0.000 0.000 0.000 19.911
-9999.000 -9999.000 -9999.000 -9999.000 -9999.000 -9999.000 73.851 107.527 50.274 80.669 87.540 89.474 88.639 69.230 83.602 52.397 0.000 0.000 0.000 5.694 42.788 48.607 51.253 61.060 10.036 61.535 64.291 46.397 69.982 73.862 77.239 76.824 80.912 78.401 78.216 91.989 0.000 29.815 78.659 81.865 58.460 72.310 87.772 81.571 78.916 73.155 93.258 62.459 62.316 78.643 77.901 55.333 40.927 62.012 63.351 66.240 40.170 0.000 0.000 0.000 0.000 0.000 0.000 0.000 0.000 0.000 0.000 0.000 9.752
-9999.000 -9999.000 -9999.000 -9999.000 -9999.000 -9999.000 -9999.000 82.795 86.394 76.529 72.552 73.455 80.017 76.840 75.346 24.312 0.000 0.000 48.962 52.279 50.946 43.374 41.218 65.579 39.863 27.981 24.342 55.874 71.284 70.224 80.066 68.916 80.182 82.645 81.837 36.535 60.248 79.286 82.565 82.476 83.562 78.212 36.938 67.827 29.792 54.939 40.206 32.531 42.618 82.854 62.906 32.637 8.701 35.191 35.914 0.000 0.000 0.000 0.000 0.000 0.000 0.000 0.000 0.000 0.000 0.000 0.000 0.000 0.000
-9999.000 -9999.000 -9999.000 -9999.000 -9999.000 -9999.000 -9999.000 0.000 18.234 112.854 114.258 107.806 108.986 92.415 0.000 0.000 0.000 11.445 67.455 46.390 40.161 56.542 63.666 67.059 69.174 0.000 89.387 75.624 77.580 74.015 75.961 99.597 71.683 71.559 93.087 5.678 82.681 82.866 82.198 93.407 75.665 51.767 0.000 0.000 0.000 0.000 38.511 22.275 0.000 0.000 0.000 0.000 0.000 0.000 0.000 0.000 0.000 0.000 0.000 0.000 0.000 0.000 0.000 0.000 0.000 0.000 12.059 0.000 0.000
-9999.000 -9999.000 -9999.000 -9999.000 -9999.000 -9999.000 -9999.000 -9999.000 0.000 0.000 0.000 0.000 0.000 0.000 0.000 0.000 10.988 55.028 44.654 75.004 53.073 60.587 67.627 64.510 67.115 67.878 71.471 84.769 90.352 91.705 91.424 44.851 89.803 50.907 15.647 76.554 45.797 28.353 13.904 0.000 0.000 0.000 0.000 0.000 0.000 0.000 0.000 0.000 13.494 0.000 0.000 0.000 0.000 0.000 0.000 0.000 0.000 0.000 0.000 0.000 12.707 0.000 0.000 0.000 0.000 0.000 0.000 0.000 0.000
-9999.000 -9999.000 -9999.000 -9999.000 -9999.000 -9999.000 -9999.000 -9999.000 -9999.000 0.000 0.000 0.000 0.000 0.000 0.000 0.000 41.569 60.190 47.617 77.465 0.000 57.041 56.804 74.861 80.502 73.993 19.499 13.914 16.584 18.174 55.074 29.507 27.648 0.000 0.000 37.059 0.000 0.000 0.000 0.000 0.000 0.000 0.000 0.000 0.000 0.000 0.000 0.000 20.214 30.184 0.000 0.000 0.000 0.000 0.000 0.000 0.000 0.000 0.000 0.000 0.000 0.000 0.000 0.000 0.000 0.000 0.000 0.000 0.000
-9999.000 -9999.000 -9999.000 -9999.000 -9999.000 -9999.000 -9999.000 -9999.000 -9999.000 -9999.000 0.000 0.000 0.000 0.000 0.000 15.239 69.145 52.376 63.021 36.121 0.000 43.412 61.863 69.344 56.431 7.085 0.000 0.000 0.000 0.000 0.000 0.000 0.000 0.000 0.000 0.000 0.000 0.000 0.000 0.000 9.237 0.000 0.000 0.000 0.000 0.000 0.000 0.000 0.000 41.901 9.978 0.000 0.000 0.000 0.000 0.000 0.000 0.000 0.000 0.000 0.000 0.000 0.000 0.000 0.000 0.000 0.000 0.000 0.000
-9999.000 -9999.000 -9999.000 -9999.000 -9999.000 -9999.000 -9999.000 -9999.000 -9999.000 -9999.000 -9999.000 0.000 0.000 0.000 10.480 60.916 71.685 54.897 90.254 24.894 15.424 47.759 65.173 87.620 39.481 45.135 0.000 0.000 0.000 0.000 0.000 0.000 0.000 0.000 0.000 0.000 13.193 0.000 0.000 0.000 10.815 0.000 0.000 0.000 0.000 0.000 0.000 0.000 0.000 0.000 30.881 0.000 0.000 0.000 0.000 0.000 0.000 0.000 0.000 0.000 0.000 0.000 0.000 0.000 0.000 0.000 0.000 0.000 0.000
-9999.000 -9999.000 -9999.000 -9999.000 -9999.000 -9999.000 -9999.000 -9999.000 -9999.000 -9999.000 -9999.000 -9999.000 0.000 32.627 68.173 73.177 67.676 67.942 68.946 0.000 38.445 58.910 49.537 35.388 80.648 62.487 21.182 22.816 0.000 0.000 0.000 0.000 0.000 0.000 0.000 0.000 0.000 0.000 0.000 0.000 0.000 0.000 0.000 0.000 0.000 0.000 0.000 0.000 0.000 0.000 0.000 0.000 0.000 0.000 0.000 0.000 0.000 0.000 9.106 0.000 0.000 0.000 0.000 0.000 0.000 0.000 0.000 0.000 0.000
-9999.000 -9999.000 -9999.000 -9999.000 -9999.000 -9999.000 -9999.000 -9999.000 -9999.000 -9999.000 -9999.000 -9999.000 0.000 61.090 78.024 72.122 73.390 88.041 32.435 0.000 67.162 67.990 30.383 0.000 91.378 72.074 39.553 26.935 24.613 0.000 0.000 0.000 0.000 0.000 0.000 0.000 0.000 0.000 0.000 0.000 0.000 0.000 0.000 0.000 0.000 0.000 0.000 0.000 0.000 0.000 0.000 0.000 0.000 0.000 0.000 0.000 0.000 0.000 0.000 0.000 0.000 0.000 0.000 0.000 12.051 12.318 13.147 12.350 6.643
