test_integration/test_sample_run/example/results.meteodistr/output_maps/snowdepthN0076.asc
ncols         174
nrows         141
xllcorner     744500.000000
yllcorner     5140950.000000
cellsize      250.000000
NODATA_value  -9999.0
[rows 0 to 29 of 141, columns 68 to 135 of 174]
-9999.000 -9999.000 -9999.000 -9999.000 -9999.000 -9999.000 -9999.000 -9999.000 -9999.000 -9999.000 -9999.000 -9999.000 -9999.000 -9999.000 -9999.000 -9999.000 -9999.000 -9999.000 -9999.000 -9999.000 -9999.000 -9999.000 -9999.000 -9999.000 -9999.000 -9999.000 -9999.000 -9999.000 -9999.000 -9999.000 -9999.000 -9999.000 -9999.000 -9999.000 -9999.000 -9999.000 -9999.000 -9999.000 -9999.000 -9999.000 -9999.000 -9999.000 -9999.000 -9999.000 -9999.000 -9999.000 -9999.000 -9999.000 -9999.000 -9999.000 -9999.000 -9999.000 -9999.000 -9999.000 -9999.000 -9999.000 -9999.000 -9999.000 -9999.000 -9999.000 -9999.000 -9999.000 -9999.000 -9999.000 -9999.000 -9999.000 -9999.000 -9999.000
-9999.000 -9999.000 -9999.000 -9999.000 -9999.000 -9999.000 -9999.000 -9999.000 -9999.000 -9999.000 -9999.000 -9999.000 -9999.000 -9999.000 -9999.000 -9999.000 -9999.000 -9999.000 -9999.000 -9999.000 -9999.000 -9999.000 -9999.000 -9999.000 -9999.000 -9999.000 -9999.000 -9999.000 -9999.000 -9999.000 -9999.000 -9999.000 -9999.000 -9999.000 -9999.000 -9999.000 -9999.000 -9999.000 -9999.000 -9999.000 -9999.000 -9999.000 -9999.000 -9999.000 -9999.000 -9999.000 -9999.000 -9999.000 -9999.000 -9999.000 -9999.000 -9999.000 -9999.000 -9999.000 -9999.000 -9999.000 -9999.000 -9999.000 -9999.000 -9999.000 -9999.000 -9999.000 -9999.000 -9999.000 -9999.000 -9999.000 -9999.000 -9999.000
-9999.000 -9999.000 -9999.000 -9999.000 -9999.000 -9999.000 -9999.000 -9999.000 -9999.000 -9999.000 -9999.000 -9999.000 -9999.000 -9999.000 -9999.000 -9999.000 -9999.000 -9999.000 -9999.000 -9999.000 -9999.000 -9999.000 -9999.000 -9999.000 -9999.000 -9999.000 -9999.000 -9999.000 -9999.000 -9999.000 -9999.000 -9999.000 -9999.000 -9999.000 -9999.000 -9999.000 -9999.000 -9999.000 -9999.000 -9999.000 -9999.000 -9999.000 -9999.000 -9999.000 -9999.000 -9999.000 -9999.000 -9999.000 -9999.000 -9999.000 -9999.000 -9999.000 -9999.000 -9999.000 -9999.000 -9999.000 -9999.000 -9999.000 -9999.000 -9999.000 -9999.000 -9999.000 -9999.000 -9999.000 -9999.000 -9999.000 -9999.000 -9999.000
-9999.000 -9999.000 -9999.000 -9999.000 -9999.000 -9999.000 -9999.000 -9999.000 -9999.000 -9999.000 -9999.000 -9999.000 -9999.000 -9999.000 -9999.000 -9999.000 -9999.000 -9999.000 -9999.000 -9999.000 -9999.000 -9999.000 -9999.000 -9999.000 -9999.000 -9999.000 -9999.000 -9999.000 -9999.000 -9999.000 -9999.000 -9999.000 -9999.000 -9999.000 -9999.000 -9999.000 -9999.000 -9999.000 -9999.000 -9999.000 -9999.000 -9999.000 -9999.000 -9999.000 -9999.000 -9999.000 -9999.000 -9999.000 -9999.000 -9999.000 -9999.000 -9999.000 -9999.000 -9999.000 -9999.000 -9999.000 -9999.000 -9999.000 -9999.000 -9999.000 -9999.000 -9999.000 -9999.000 -9999.000 -9999.000 -9999.000 -9999.000 -9999.000
-9999.000 -9999.000 -9999.000 -9999.000 -9999.000 -9999.000 -9999.000 -9999.000 -9999.000 -9999.000 -9999.000 -9999.000 -9999.000 -9999.000 -9999.000 -9999.000 -9999.000 -9999.000 -9999.000 -9999.000 -9999.000 -9999.000 -9999.000 -9999.000 -9999.000 0.000 -9999.000 -9999.000 -9999.000 -9999.000 -9999.000 -9999.000 -9999.000 -9999.000 -9999.000 -9999.000 -9999.000 -9999.000 -9999.000 -9999.000 -9999.000 -9999.000 -9999.000 -9999.000 -9999.000 -9999.000 -9999.000 -9999.000 -9999.000 -9999.000 -9999.000 -9999.000 -9999.000 -9999.000 -9999.000 -9999.000 -9999.000 -9999.000 -9999.000 -9999.000 -9999.000 -9999.000 -9999.000 -9999.000 -9999.000 -9999.000 -9999.000 -9999.000
-9999.000 -9999.000 -9999.000 -9999.000 -9999.000 -9999.000 -9999.000 -9999.000 -9999.000 -9999.000 -9999.000 -9999.000 -9999.000 -9999.000 -9999.000 -9999.000 -9999.000 -9999.000 -9999.000 -9999.000 -9999.000 -9999.000 -9999.000 -9999.000 0.000 0.000 0.000 0.000 0.000 0.000 -9999.000 -9999.000 -9999.000 -9999.000 -9999.000 -9999.000 -9999.000 -9999.000 -9999.000 -9999.000 -9999.000 -9999.000 -9999.000 -9999.000 -9999.000 -9999.000 -9999.000 -9999.000 -9999.000 -9999.000 -9999.000 -9999.000 -9999.000 -9999.000 -9999.000 -9999.000 -9999.000 -9999.000 -9999.000 -9999.000 -9999.000 -9999.000 -9999.000 -9999.000 -9999.000 -9999.000 -9999.000 -9999.000
-9999.000 -9999.000 -9999.000 -9999.000 -9999.000 -9999.000 -9999.000 -9999.000 -9999.000 -9999.000 -9999.000 -9999.000 -9999.000 -9999.000 -9999.000 -9999.000 -9999.000 -9999.000 18.333 7.134 0.000 0.000 0.000 0.000 0.000 62.919 42.706 39.211 47.646 13.053 43.553 0.000 -9999.000 -9999.000 -9999.000 -9999.000 -9999.000 -9999.000 -9999.000 -9999.000 -9999.000 -9999.000 -9999.000 -9999.000 -9999.000 -9999.000 -9999.000 -9999.000 -9999.000 -9999.000 -9999.000 -9999.000 -9999.000 -9999.000 -9999.000 -9999.000 -9999.000 -9999.000 -9999.000 -9999.000 -9999.000 -9999.000 -9999.000 -9999.000 -9999.000 -9999.000 -9999.000 -9999.000
-9999.000 -9999.000 -9999.000 -9999.000 -9999.000 -9999.000 -9999.000 -9999.000 -9999.000 -9999.000 -9999.000 -9999.000 -9999.000 -9999.000 -9999.000 -9999.000 -9999.000 -9999.000 53.888 72.554 49.700 39.991 28.159 37.107 53.615 55.076 46.198 31.656 44.098 55.355 62.367 0.000 0.000 -9999.000 -9999.000 -9999.000 -9999.000 -9999.000 -9999.000 -9999.000 -9999.000 -9999.000 -9999.000 -9999.000 -9999.000 -9999.000 -9999.000 -9999.000 -9999.000 -9999.000 -9999.000 -9999.000 -9999.000 -9999.000 -9999.000 -9999.000 -9999.000 -9999.000 -9999.000 -9999.000 -9999.000 -9999.000 -9999.000 -9999.000 -9999.000 -9999.000 -9999.000 -9999.000
-9999.000 -9999.000 -9999.000 -9999.000 -9999.000 -9999.000 -9999.000 -9999.000 -9999.000 -9999.000 56.167 36.812 -9999.000 -9999.000 -9999.000 -9999.000 -9999.000 65.493 60.332 106.300 58.691 68.329 53.454 39.024 33.628 33.849 41.359 35.019 34.595 53.861 51.088 55.653 0.000 0.000 -9999.000 -9999.000 -9999.000 -9999.000 -9999.000 -9999.000 -9999.000 -9999.000 -9999.000 -9999.000 -9999.000 -9999.000 -9999.000 -9999.000 -9999.000 -9999.000 -9999.000 -9999.000 -9999.000 -9999.000 -9999.000 -9999.000 -9999.000 -9999.000 -9999.000 -9999.000 -9999.000 -9999.000 -9999.000 -9999.000 -9999.000 -9999.000 -9999.000 -9999.000
-9999.000 -9999.000 -9999.000 -9999.000 -9999.000 -9999.000 -9999.000 -9999.000 26.619 31.558 6.685 13.046 0.000 6.808 18.910 15.435 0.000 49.669 92.496 97.806 105.569 105.565 74.529 44.591 19.673 16.875 26.490 42.161 25.767 49.031 40.694 28.002 27.089 0.000 0.000 -9999.000 -9999.000 -9999.000 -9999.000 -9999.000 -9999.000 -9999.000 -9999.000 -9999.000 -9999.000 -9999.000 -9999.000 -9999.000 -9999.000 -9999.000 -9999.000 -9999.000 -9999.000 -9999.000 -9999.000 -9999.000 -9999.000 -9999.000 -9999.000 -9999.000 -9999.000 -9999.000 -9999.000 -9999.000 -9999.000 -9999.000 -9999.000 -9999.000
-9999.000 -9999.000 -9999.000 -9999.000 -9999.000 -9999.000 14.455 21.237 34.790 73.788 66.631 64.025 66.625 67.395 73.384 71.310 69.479 71.586 142.431 147.812 143.693 121.790 80.143 86.265 57.438 47.862 35.784 27.910 37.803 38.730 19.164 16.753 34.657 47.443 0.000 0.000 -9999.000 -9999.000 -9999.000 -9999.000 -9999.000 -9999.000 -9999.000 -9999.000 -9999.000 -9999.000 -9999.000 -9999.000 -9999.000 -9999.000 -9999.000 -9999.000 -9999.000 -9999.000 -9999.000 -9999.000 -9999.000 -9999.000 -9999.000 -9999.000 -9999.000 -9999.000 -9999.000 -9999.000 -9999.000 -9999.000 -9999.000 -9999.000
-9999.000 -9999.000 -9999.000 -9999.000 -9999.000 0.000 7.464 65.577 97.789 75.629 72.708 65.574 51.186 54.032 66.978 43.540 55.110 74.596 145.562 155.811 125.987 79.644 86.490 106.866 107.147 93.879 59.463 35.138 35.774 13.003 7.811 14.240 36.696 24.471 19.451 0.000 0.000 0.000 -9999.000 -9999.000 -9999.000 -9999.000 -9999.000 -9999.000 -9999.000 -9999.000 -9999.000 -9999.000 -9999.000 -9999.000 -9999.000 -9999.000 -9999.000 -9999.000 -9999.000 -9999.000 -9999.000 -9999.000 -9999.000 -9999.000 -9999.000 0.000 0.000 0.000 -9999.000 -9999.000 -9999.000 -9999.000
-9999.000 -9999.000 -9999.000 -9999.000 10.032 7.747 51.615 54.657 79.433 86.920 79.740 68.359 46.524 53.193 49.297 46.189 64.320 61.155 76.339 90.908 127.305 96.497 110.625 116.776 100.316 91.497 86.121 85.528 53.851 44.320 22.407 15.743 31.847 28.124 38.060 51.012 44.406 20.459 0.000 -9999.000 -9999.000 -9999.000 -9999.000 -9999.000 -9999.000 -9999.000 -9999.000 -9999.000 -9999.000 -9999.000 -9999.000 -9999.000 -9999.000 -9999.000 -9999.000 -9999.000 -9999.000 -9999.000 -9999.000 -9999.000 0.000 0.000 24.224 0.000 0.000 -9999.000 -9999.000 -9999.000
-9999.000 -9999.000 -9999.000 0.000 37.231 57.530 49.223 46.686 45.912 56.176 62.500 55.044 45.876 44.670 39.325 53.816 61.855 47.689 55.701 77.896 162.422 143.095 116.712 93.429 75.736 77.023 79.321 78.163 87.486 83.685 45.728 39.144 22.130 22.992 33.713 32.952 45.818 51.398 0.000 0.000 0.000 -9999.000 -9999.000 -9999.000 -9999.000 -9999.000 -9999.000 -9999.000 -9999.000 -9999.000 -9999.000 -9999.000 -9999.000 -9999.000 -9999.000 -9999.000 -9999.000 0.000 0.000 0.000 0.000 7.955 18.667 46.302 0.000 0.000 -9999.000 -9999.000
-9999.000 -9999.000 -9999.000 0.000 44.105 47.443 35.278 25.037 17.683 27.644 55.494 58.214 48.917 34.439 35.497 48.664 42.191 55.614 53.545 58.557 134.801 137.976 75.972 65.208 72.143 77.443 89.084 95.950 107.532 98.827 93.306 79.603 42.342 26.615 23.657 37.725 51.272 32.461 20.748 45.600 0.000 0.000 -9999.000 -9999.000 -9999.000 -9999.000 -9999.000 -9999.000 86.214 53.981 0.000 0.000 0.000 0.000 0.000 0.000 0.000 0.000 42.020 29.305 35.144 10.542 10.983 18.593 25.548 0.000 0.000 -9999.000
-9999.000 -9999.000 0.000 0.000 23.646 26.349 35.878 17.930 18.683 23.590 41.450 50.879 43.647 36.757 34.825 34.976 46.661 45.840 45.133 52.152 64.181 86.985 68.076 75.664 86.264 91.646 111.283 113.953 107.522 102.353 87.567 79.491 65.341 42.107 31.585 49.225 27.405 10.892 10.999 38.042 21.233 0.000 0.000 -9999.000 -9999.000 -9999.000 -9999.000 44.757 71.251 74.316 71.168 63.665 25.570 8.916 26.426 24.740 36.441 14.623 9.766 10.027 0.000 10.275 10.536 15.625 21.747 13.333 0.000 0.000
-9999.000 15.376 0.000 45.324 48.866 41.617 43.120 46.744 39.996 32.972 31.715 29.715 51.607 49.495 43.338 40.481 47.279 47.094 56.194 58.236 59.410 79.158 87.447 97.653 104.215 122.529 100.168 102.176 99.568 86.605 72.897 72.474 65.116 55.197 27.670 29.132 16.250 7.900 21.429 16.873 12.276 9.384 0.000 0.000 0.000 0.000 0.000 0.000 18.058 48.033 64.221 61.933 49.309 27.880 24.972 29.255 39.856 13.679 0.000 0.000 0.000 6.367 0.000 14.156 16.985 13.718 30.893 12.622
17.224 49.733 60.708 57.871 62.771 63.606 58.945 54.748 40.570 32.682 28.510 29.764 49.281 56.286 43.389 42.138 40.852 52.013 59.980 58.624 44.565 57.961 108.798 107.301 124.751 119.727 91.904 91.212 77.109 70.670 65.810 66.022 61.014 60.626 38.131 18.863 23.247 26.840 26.848 8.078 10.080 14.744 15.628 12.569 29.294 58.165 74.127 50.351 23.586 7.512 22.722 45.724 42.888 24.736 13.214 26.988 28.520 11.233 0.000 0.000 0.000 0.000 0.000 7.402 0.000 8.533 16.818 0.000
65.599 70.866 66.941 70.263 58.876 41.604 56.604 65.757 61.759 53.599 32.129 33.851 43.045 52.591 45.644 45.312 49.409 49.504 41.950 45.509 55.691 64.072 88.380 111.208 133.557 89.445 80.250 62.627 59.954 61.884 58.650 50.228 47.156 46.197 48.007 62.757 92.079 92.810 83.688 77.201 47.993 30.312 38.957 51.261 59.784 66.872 47.804 29.461 52.843 63.382 58.036 53.734 52.312 49.610 13.143 0.000 0.000 0.000 0.000 0.000 0.000 0.000 12.466 10.461 13.051 18.486 10.282 0.000
70.934 83.854 80.116 72.690 59.269 29.044 38.075 47.682 62.635 69.510 41.111 31.672 38.873 42.579 46.298 45.686 50.671 42.128 43.555 55.318 66.416 47.006 38.468 51.590 65.777 88.249 77.921 70.694 58.537 63.139 53.097 49.659 46.369 30.716 48.971 68.084 87.686 105.238 100.140 107.411 85.078 70.976 74.400 62.011 49.758 48.330 10.342 0.000 23.042 42.910 63.418 82.565 81.430 72.592 60.645 30.120 0.000 0.000 0.000 0.000 0.000 0.000 17.902 11.688 9.920 14.777 9.340 0.000
45.837 49.605 37.821 65.791 56.623 38.742 26.835 42.021 42.729 45.185 62.813 45.918 28.034 35.994 47.425 45.480 47.075 48.830 66.709 60.874 41.211 24.215 34.429 45.947 65.564 72.855 65.321 64.017 60.377 52.281 61.501 53.236 41.785 28.975 58.284 60.608 52.432 58.562 78.802 77.136 101.364 102.739 96.358 87.115 75.959 59.455 37.272 28.348 10.856 9.942 22.359 25.070 27.211 44.930 49.469 45.755 27.659 14.818 0.000 0.000 0.000 7.849 0.000 0.000 13.484 0.000 0.000 0.000
25.955 21.680 44.604 48.661 49.664 42.807 28.797 44.587 41.282 30.401 46.880 49.199 23.169 26.767 49.062 41.208 49.813 52.625 47.358 36.292 19.597 32.333 51.018 65.741 77.900 61.509 58.339 55.137 52.137 39.183 46.405 49.023 30.958 34.467 53.939 55.097 54.367 49.580 52.704 50.006 91.281 104.273 111.271 104.113 98.636 75.499 52.237 41.258 24.824 0.000 0.000 0.000 0.000 0.000 0.000 0.000 8.374 19.935 35.298 29.927 24.758 14.688 0.000 0.000 0.000 0.000 0.000 0.000
21.563 15.370 18.768 30.913 33.934 35.878 25.927 26.826 31.613 32.823 27.429 39.609 42.837 26.072 33.503 42.709 34.385 38.373 20.790 30.984 53.317 66.239 76.787 73.377 60.071 55.081 66.076 66.331 54.099 58.004 35.132 36.998 32.229 40.320 30.983 44.375 61.904 47.499 24.933 32.539 55.601 71.970 92.903 117.232 112.484 112.869 103.598 78.889 72.482 62.373 48.789 37.975 40.477 40.500 86.556 85.142 76.021 83.514 80.314 61.922 41.163 37.360 25.317 10.607 0.000 0.000 0.000 10.269
14.671 15.372 7.078 0.000 29.343 40.838 31.682 12.268 15.810 20.759 21.095 27.795 42.749 34.428 15.338 34.569 20.917 24.090 27.691 51.348 73.938 63.948 67.423 50.932 39.385 50.814 79.828 72.826 78.352 68.003 53.997 39.917 42.272 40.878 32.320 43.439 45.122 16.286 49.687 66.438 67.058 78.303 93.881 106.623 117.136 120.840 104.908 100.759 97.643 84.832 89.395 79.239 88.638 87.039 89.081 87.118 85.599 85.501 53.663 47.112 52.219 52.875 26.224 18.438 8.764 0.000 11.735 0.000
50.968 40.097 27.183 36.034 35.105 30.730 36.928 25.798 23.034 21.798 26.169 24.261 30.070 38.461 22.314 18.016 30.802 35.550 57.335 53.277 48.772 47.843 45.480 41.309 43.457 49.351 72.416 73.233 57.958 53.178 52.998 51.999 48.655 44.367 36.623 44.251 19.619 38.463 87.132 91.246 99.752 105.831 104.040 110.489 116.468 74.290 80.736 86.724 77.134 101.976 102.476 99.703 97.298 91.735 95.226 92.840 85.473 56.197 17.183 36.971 65.577 56.301 45.923 35.814 18.112 10.679 8.448 0.000
74.675 65.369 51.700 41.872 36.824 31.289 30.773 31.224 36.113 38.414 34.206 26.741 24.129 27.332 30.014 23.279 31.700 34.164 44.193 50.785 47.429 49.663 42.639 39.044 47.687 50.151 62.486 69.390 57.449 46.088 47.932 43.964 44.891 42.614 38.004 27.840 17.088 59.460 74.379 74.321 92.490 103.004 103.620 77.050 59.097 67.133 46.613 44.618 56.565 98.672 89.582 104.787 103.755 99.726 102.756 88.672 46.719 27.708 49.110 67.996 56.406 45.730 55.984 42.045 19.764 17.843 7.503 9.764
75.599 74.094 79.405 52.697 47.517 48.576 51.788 55.001 53.707 59.723 42.981 41.103 32.968 32.213 34.394 34.276 33.292 29.080 34.840 38.027 49.450 45.981 33.720 31.359 42.901 49.072 58.219 59.208 58.597 61.873 49.096 46.949 44.460 42.137 18.449 13.342 47.379 51.338 25.984 15.088 19.292 28.774 18.359 11.879 16.647 32.462 43.777 53.307 59.769 53.229 27.630 54.817 81.678 107.751 91.097 59.966 46.133 36.027 41.385 47.147 35.488 31.835 26.643 32.413 14.057 19.315 11.109 10.857
86.553 80.093 73.550 63.640 70.774 74.733 76.809 80.277 69.724 65.012 60.147 60.218 40.073 40.585 33.848 32.966 24.696 25.688 23.073 28.776 41.193 22.435 16.417 36.075 50.550 53.661 50.947 56.199 59.030 66.441 60.773 59.640 53.375 51.966 21.413 14.232 44.160 36.148 19.266 18.557 12.403 16.561 0.000 0.000 0.000 0.000 9.870 41.410 58.725 55.401 20.777 19.617 50.116 93.645 71.792 64.287 61.590 47.373 15.959 13.740 26.619 20.108 12.079 11.136 13.796 15.422 16.235 16.567
73.148 57.215 58.146 75.689 84.031 85.122 87.245 87.606 79.944 69.355 76.117 74.031 64.846 51.559 44.821 37.366 28.889 25.452 25.623 24.428 11.357 14.530 40.195 49.137 54.052 49.452 44.454 55.924 75.323 67.556 68.578 66.676 61.265 62.396 41.266 19.246 27.523 40.857 42.293 32.209 35.994 28.826 18.063 14.008 0.000 0.000 10.140 15.319 73.378 67.178 55.928 32.595 49.554 30.541 22.593 30.962 16.671 29.492 22.400 8.871 7.013 0.000 8.468 0.000 15.241 17.415 21.614 20.621
46.615 49.680 75.376 90.539 91.451 90.837 93.454 89.737 86.712 77.233 71.219 73.680 71.244 65.764 59.893 42.315 30.819 25.298 25.378 17.880 16.528 48.751 58.434 51.342 41.810 35.932 43.177 52.156 65.489 63.040 60.089 62.644 54.913 57.388 37.358 31.791 19.206 26.355 33.816 31.658 30.517 23.652 13.782 0.000 7.985 0.000 15.506 24.975 74.848 99.452 57.297 31.913 34.691 0.000 0.000 0.000 0.000 10.566 16.499 19.188 8.577 9.026 18.580 11.540 17.812 19.173 20.828 19.802
