test_integration/test_sample_run/example/results.meteodistr/output_maps/snowdepthN0106.asc
ncols         174
nrows         141
xllcorner     744500.000000
yllcorner     5140950.000000
cellsize      250.000000
NODATA_value  -9999.0
[rows 62 to 92 of 141, columns 68 to 135 of 174]
0.000 0.000 14.447 36.772 33.850 35.758 32.075 28.015 14.253 0.000 0.000 0.000 0.000 0.000 0.000 0.000 0.000 0.000 0.000 0.000 0.000 0.000 6.708 12.508 31.374 45.825 63.749 66.219 33.769 0.000 14.913 14.427 0.000 0.000 0.000 0.000 0.000 0.000 0.000 0.000 0.000 0.000 17.478 55.413 72.787 71.010 72.456 67.122 71.986 68.435 57.527 63.002 50.481 54.378 44.032 17.803 20.193 0.000 0.000 0.000 9.896 27.618 56.147 85.345 53.911 40.402 52.234 60.343
0.000 0.000 42.111 41.691 43.226 41.184 38.640 36.312 32.692 19.730 18.120 20.403 0.000 0.000 0.000 0.000 0.000 0.000 0.000 0.000 9.111 33.414 39.044 31.584 42.213 43.718 58.211 26.967 0.000 0.000 0.000 0.000 0.000 0.000 0.000 0.000 0.000 0.000 0.000 0.000 0.000 0.000 0.000 0.000 17.826 38.812 73.616 77.854 80.640 75.800 63.061 65.113 67.904 58.744 13.081 0.000 28.331 19.224 0.000 0.000 0.000 11.370 19.723 17.143 72.650 66.899 60.467 62.638
0.000 23.189 43.275 46.546 43.979 47.894 41.011 41.826 32.993 35.752 35.472 31.086 28.164 24.273 7.944 0.000 0.000 0.000 0.000 17.724 33.238 40.966 49.599 48.660 51.562 11.159 0.000 0.000 0.000 0.000 0.000 0.000 0.000 0.000 16.064 18.805 28.023 22.930 0.000 0.000 0.000 0.000 0.000 0.000 0.000 0.000 0.000 0.000 35.187 50.819 74.327 63.697 79.446 42.764 0.000 39.067 33.505 28.913 10.098 0.000 0.000 0.000 0.000 7.123 43.986 49.525 58.155 69.562
29.468 26.060 41.906 55.842 52.920 57.859 51.797 44.858 39.392 42.030 42.642 42.378 36.462 31.963 24.554 0.000 0.000 0.000 18.072 22.849 30.347 25.662 32.281 28.192 14.294 0.000 0.000 0.000 0.000 0.000 0.000 0.000 0.000 20.922 29.115 27.097 35.142 30.627 15.162 27.637 35.153 21.069 0.000 0.000 0.000 0.000 0.000 0.000 25.887 46.378 85.438 86.761 36.806 0.000 57.754 53.531 32.345 34.017 0.000 0.000 0.000 0.000 0.000 6.462 0.000 42.269 81.386 69.019
44.783 39.180 9.612 15.362 60.086 61.333 54.880 42.033 46.701 48.073 48.874 47.247 43.357 37.598 26.940 19.733 0.000 0.000 0.000 0.000 0.000 0.000 0.000 0.000 0.000 0.000 0.000 0.000 0.000 0.000 18.433 23.603 32.319 26.610 30.810 25.499 39.453 0.000 21.322 39.289 42.917 42.510 44.320 43.196 0.000 0.000 35.891 23.189 45.433 53.423 78.189 58.656 0.000 10.269 63.108 67.142 44.780 21.190 22.738 0.000 0.000 0.000 13.856 21.054 61.378 70.059 43.488 27.416
43.422 46.289 0.000 8.410 50.363 66.171 46.817 52.580 56.543 54.910 58.608 54.844 49.996 39.201 25.146 20.242 0.000 0.000 0.000 0.000 0.000 0.000 0.000 0.000 0.000 0.000 7.195 26.272 10.916 27.944 35.160 36.024 39.518 28.482 36.347 52.156 0.000 7.054 27.964 35.577 53.558 43.976 49.217 47.757 44.896 32.304 38.060 55.675 67.291 76.239 75.508 32.635 8.084 70.456 71.422 72.222 0.000 0.000 14.246 9.908 22.381 25.295 45.544 44.023 66.907 93.259 8.175 0.000
37.157 45.978 30.448 11.579 19.248 44.920 50.591 59.487 64.100 63.596 41.503 56.671 41.864 38.631 22.788 6.635 0.000 0.000 0.000 0.000 0.000 0.000 0.000 0.000 28.618 29.994 24.378 26.724 25.274 37.574 38.157 33.487 27.178 44.432 44.228 33.896 0.000 34.152 33.069 15.133 54.995 50.904 48.099 42.170 44.686 43.418 0.000 22.941 32.060 38.035 26.545 16.332 48.448 75.911 77.108 52.056 15.356 0.000 0.000 0.000 43.386 49.608 54.221 57.477 76.176 39.569 0.000 8.870
32.667 30.691 36.614 11.162 0.000 14.693 33.757 34.915 22.281 19.206 0.000 12.702 39.719 34.767 13.765 0.000 0.000 0.000 0.000 0.000 0.000 0.000 14.842 24.981 29.531 37.441 37.695 40.000 36.124 36.996 38.266 48.672 47.588 71.605 69.880 20.161 16.208 44.430 29.326 7.948 52.584 69.136 54.135 60.768 50.711 55.387 13.654 0.000 0.000 0.000 0.000 58.526 80.707 85.844 82.705 13.880 0.000 0.000 0.000 7.176 37.528 59.869 68.378 70.404 55.068 0.000 0.000 8.728
17.511 27.372 42.669 36.201 43.073 22.691 10.375 15.193 17.846 23.068 50.350 0.000 0.000 0.000 0.000 0.000 0.000 0.000 0.000 0.000 0.000 0.000 34.167 20.751 36.722 24.789 58.927 32.443 27.741 30.210 41.888 11.041 72.017 77.242 73.731 34.731 25.796 48.234 41.277 19.464 40.279 68.840 74.236 74.206 68.701 61.278 65.349 38.721 0.000 0.000 29.325 56.144 87.482 87.115 66.571 8.863 0.000 0.000 7.506 14.435 9.726 8.756 0.000 0.000 0.000 6.865 58.692 71.719
40.847 49.635 49.875 44.115 42.158 45.330 36.068 46.623 58.241 63.460 62.270 7.634 0.000 0.000 0.000 0.000 0.000 0.000 0.000 0.000 0.000 0.000 18.153 31.186 54.172 41.865 45.747 38.525 50.662 43.243 60.368 17.059 50.112 89.120 69.846 22.150 43.411 53.520 50.681 28.539 24.034 0.000 46.849 85.387 75.344 64.064 74.038 74.470 62.026 49.077 13.066 31.747 83.874 85.342 57.545 13.048 0.000 0.000 22.175 16.806 0.000 0.000 0.000 0.000 0.000 0.000 32.346 70.375
59.121 47.707 54.735 54.949 48.079 30.799 38.737 55.679 63.507 65.383 45.975 8.295 0.000 0.000 0.000 0.000 0.000 0.000 0.000 14.209 0.000 0.000 13.470 37.210 59.737 66.754 37.106 51.575 58.950 56.807 56.789 44.439 34.676 92.819 68.235 35.352 58.840 56.381 57.196 51.538 17.736 11.731 0.000 23.242 43.124 75.034 76.609 75.620 72.077 77.293 58.272 20.299 10.744 9.734 17.273 0.000 0.000 0.000 12.716 15.728 7.877 9.749 0.000 0.000 0.000 8.258 0.000 -9999.000
62.501 49.722 61.259 62.090 48.262 27.509 55.219 56.279 70.591 65.568 32.224 0.000 0.000 0.000 0.000 0.000 0.000 0.000 0.000 0.000 0.000 0.000 13.549 34.140 47.826 74.410 72.267 75.484 85.585 50.005 66.849 54.762 60.861 96.396 74.517 67.786 49.621 59.068 67.937 69.025 74.997 77.016 52.886 38.319 63.720 87.786 82.410 78.918 79.161 85.206 87.200 82.450 37.901 12.306 0.000 0.000 0.000 17.961 6.828 11.128 8.994 11.789 17.364 38.961 66.561 56.051 0.000 -9999.000
64.493 60.646 63.629 52.642 38.183 57.218 59.711 63.312 39.865 22.627 0.000 0.000 0.000 0.000 0.000 0.000 0.000 0.000 0.000 0.000 11.229 7.942 10.083 42.919 8.710 11.564 26.380 32.257 0.000 62.766 52.358 63.682 74.504 97.189 46.032 44.152 54.145 72.241 71.458 70.458 76.828 77.238 87.795 83.675 86.809 95.721 84.996 78.083 84.730 83.206 80.616 90.008 68.309 30.221 5.972 0.000 8.951 34.619 13.953 13.050 20.457 32.722 63.307 58.999 56.791 63.509 66.857 -9999.000
59.774 65.633 45.083 34.763 50.642 58.550 68.166 58.131 0.000 0.000 0.000 0.000 0.000 0.000 0.000 0.000 0.000 0.000 0.000 0.000 9.313 21.061 0.000 0.000 0.000 0.000 0.000 0.000 0.000 31.447 90.481 83.585 78.687 91.288 0.000 17.010 74.858 82.979 73.533 82.260 76.452 89.727 88.966 82.118 92.114 93.182 93.255 93.084 111.043 102.489 87.828 49.212 6.512 0.000 0.000 0.000 21.787 16.083 20.350 14.514 33.405 46.012 56.904 68.457 79.305 77.654 -9999.000 -9999.000
27.893 25.778 21.098 45.861 53.915 59.357 41.070 7.941 0.000 0.000 0.000 0.000 0.000 0.000 0.000 0.000 0.000 0.000 0.000 0.000 0.000 0.000 0.000 0.000 0.000 0.000 0.000 0.000 0.000 0.000 8.976 76.528 80.965 59.816 54.092 81.287 85.538 84.980 75.906 79.095 77.895 100.281 83.970 84.700 87.466 90.464 73.068 54.070 31.427 27.810 0.000 0.000 0.000 0.000 0.000 0.000 8.306 0.000 22.155 21.070 28.033 39.928 26.527 16.698 11.950 0.000 -9999.000 -9999.000
34.938 19.417 50.695 58.165 56.267 58.825 11.033 0.000 0.000 0.000 0.000 0.000 0.000 0.000 0.000 0.000 0.000 0.000 0.000 0.000 0.000 0.000 32.098 19.593 36.407 0.000 0.000 0.000 22.324 39.450 47.962 56.905 66.364 31.322 89.688 90.202 80.283 85.029 82.070 99.320 110.632 83.150 100.851 93.681 47.755 0.000 0.000 0.000 0.000 0.000 20.321 11.976 0.000 0.000 6.050 16.242 14.366 23.368 13.157 17.766 20.386 14.211 9.064 0.000 0.000 0.000 -9999.000 -9999.000
52.342 54.047 61.527 61.677 61.030 48.716 0.000 0.000 0.000 0.000 0.000 0.000 0.000 0.000 0.000 0.000 0.000 0.000 0.000 0.000 0.000 0.000 43.370 35.188 51.055 55.289 35.388 23.568 45.048 47.897 46.652 36.051 0.000 0.000 48.892 39.661 87.992 88.791 88.144 54.885 7.628 0.000 0.000 0.000 0.000 0.000 0.000 0.000 16.730 29.077 41.745 17.630 29.324 76.786 69.943 60.539 20.725 16.972 16.581 22.049 7.769 9.799 7.377 0.000 0.000 0.000 -9999.000 -9999.000
58.507 60.928 51.167 66.018 45.822 23.385 0.000 9.947 23.884 8.676 0.000 0.000 0.000 0.000 0.000 0.000 0.000 0.000 0.000 0.000 0.000 0.000 0.000 0.000 0.000 33.392 43.447 30.216 19.921 0.000 15.747 6.974 0.000 0.000 0.000 0.000 29.406 53.948 26.181 0.000 0.000 0.000 0.000 0.000 0.000 0.000 0.000 11.279 20.324 0.000 26.689 44.678 78.926 81.291 60.210 32.833 18.175 21.199 26.701 23.707 0.000 0.000 0.000 0.000 0.000 0.000 -9999.000 -9999.000
34.748 56.111 49.533 20.543 0.000 0.000 22.331 33.965 34.827 11.253 0.000 0.000 0.000 0.000 0.000 0.000 0.000 0.000 0.000 0.000 0.000 0.000 0.000 0.000 0.000 0.000 0.000 0.000 0.000 13.630 18.600 0.000 0.000 0.000 0.000 0.000 0.000 0.000 0.000 0.000 0.000 0.000 0.000 0.000 0.000 0.000 0.000 27.807 16.658 6.596 42.252 80.381 75.234 27.880 0.000 0.000 19.186 34.851 30.780 26.247 23.295 6.584 0.000 0.000 0.000 0.000 -9999.000 -9999.000
18.854 35.532 0.000 0.000 0.000 0.000 0.000 6.578 11.140 17.910 5.881 0.000 0.000 0.000 0.000 0.000 0.000 0.000 0.000 6.810 0.000 0.000 0.000 0.000 0.000 0.000 0.000 0.000 9.082 7.921 0.000 0.000 0.000 0.000 0.000 0.000 0.000 0.000 0.000 0.000 0.000 0.000 0.000 0.000 0.000 0.000 6.796 24.242 0.000 26.515 45.305 32.397 23.457 10.736 24.129 29.390 42.278 59.362 54.625 45.695 22.187 23.753 7.164 13.984 33.593 6.038 0.000 -9999.000
0.000 0.000 0.000 0.000 0.000 0.000 0.000 0.000 0.000 7.844 0.000 0.000 0.000 0.000 0.000 0.000 0.000 0.000 0.000 0.000 0.000 0.000 0.000 0.000 0.000 0.000 0.000 7.726 8.557 0.000 0.000 0.000 0.000 0.000 0.000 0.000 0.000 7.808 0.000 0.000 0.000 0.000 0.000 0.000 0.000 0.000 6.592 0.000 0.000 24.616 0.000 0.000 27.563 59.731 61.829 64.851 65.445 69.429 63.748 50.290 28.229 32.014 55.240 55.069 34.715 32.881 10.256 -9999.000
0.000 0.000 0.000 0.000 0.000 0.000 0.000 0.000 0.000 0.000 0.000 0.000 0.000 0.000 0.000 0.000 0.000 0.000 0.000 0.000 0.000 0.000 0.000 0.000 0.000 0.000 0.000 0.000 0.000 0.000 0.000 0.000 0.000 0.000 0.000 0.000 22.205 22.972 0.000 0.000 0.000 0.000 0.000 0.000 0.000 0.000 0.000 0.000 0.000 0.000 0.000 6.752 45.506 81.867 70.582 65.332 72.282 74.817 45.348 35.512 36.951 46.624 63.953 61.982 34.080 0.000 25.749 -9999.000
0.000 0.000 0.000 0.000 0.000 0.000 0.000 0.000 0.000 0.000 0.000 0.000 0.000 0.000 0.000 0.000 0.000 0.000 0.000 0.000 0.000 0.000 0.000 0.000 0.000 0.000 0.000 0.000 0.000 12.916 36.138 26.731 7.081 0.000 0.000 8.583 0.000 0.000 0.000 0.000 0.000 0.000 8.171 33.815 47.345 44.055 28.033 8.894 7.884 15.039 22.256 37.658 62.335 69.205 66.784 68.011 77.063 43.612 24.117 26.367 34.198 58.595 63.114 57.472 48.931 8.761 -9999.000 -9999.000
0.000 0.000 0.000 0.000 0.000 0.000 0.000 0.000 0.000 0.000 0.000 0.000 0.000 0.000 0.000 0.000 0.000 0.000 0.000 0.000 0.000 0.000 0.000 0.000 21.671 27.247 44.583 40.308 40.608 34.762 36.259 9.802 0.000 0.000 0.000 0.000 0.000 0.000 0.000 0.000 24.414 48.596 49.013 59.821 64.648 66.663 66.496 62.792 28.325 49.008 54.705 47.356 58.232 44.491 55.143 65.985 41.430 26.539 26.201 22.581 41.679 52.283 40.853 57.812 47.534 13.440 -9999.000 -9999.000
0.000 0.000 0.000 0.000 0.000 0.000 0.000 0.000 0.000 0.000 0.000 0.000 0.000 0.000 0.000 0.000 0.000 0.000 0.000 0.000 0.000 0.000 0.000 0.000 28.394 27.008 33.393 26.090 6.501 0.000 0.000 0.000 0.000 0.000 0.000 0.000 0.000 0.000 18.179 44.227 48.963 53.885 58.941 66.643 75.908 75.948 76.535 64.751 59.823 63.319 55.862 43.160 27.567 18.815 30.608 25.848 22.358 18.492 16.420 26.234 55.392 47.529 34.319 47.735 64.914 19.202 -9999.000 -9999.000
0.000 0.000 0.000 0.000 0.000 0.000 0.000 0.000 0.000 0.000 0.000 0.000 0.000 0.000 0.000 0.000 0.000 0.000 0.000 0.000 0.000 0.000 0.000 0.000 7.538 0.000 0.000 0.000 0.000 0.000 0.000 0.000 0.000 0.000 0.000 0.000 0.000 9.896 42.578 50.836 61.752 66.806 63.015 70.582 77.943 65.840 40.887 38.664 58.909 40.546 53.139 54.612 32.906 39.778 50.417 41.862 34.182 21.431 29.503 35.458 56.946 56.481 49.251 54.169 74.266 39.485 -9999.000 -9999.000
9.086 9.418 9.858 9.228 8.932 7.283 0.000 0.000 0.000 0.000 0.000 0.000 0.000 0.000 0.000 0.000 0.000 0.000 0.000 0.000 0.000 0.000 0.000 0.000 0.000 0.000 0.000 0.000 0.000 0.000 0.000 0.000 0.000 0.000 18.929 40.265 42.323 34.226 47.825 54.262 66.373 79.447 70.707 62.461 75.387 50.074 47.032 57.639 58.593 58.362 77.452 79.146 80.767 80.105 61.616 52.078 49.903 59.295 63.271 57.930 56.527 55.756 48.654 44.963 75.073 52.263 -9999.000 -9999.000
9.421 9.795 10.845 11.027 12.536 7.626 0.000 0.000 0.000 0.000 0.000 0.000 0.000 0.000 0.000 0.000 0.000 0.000 0.000 0.000 0.000 0.000 0.000 0.000 0.000 0.000 0.000 0.000 0.000 0.000 0.000 0.000 17.068 37.313 39.650 48.391 48.745 46.621 53.980 66.060 80.818 76.324 79.624 62.472 73.148 83.981 79.916 73.072 57.692 58.223 80.882 85.390 89.143 83.224 54.335 50.221 57.435 66.374 56.436 61.793 55.956 54.579 58.672 37.080 0.000 14.618 -9999.000 -9999.000
9.853 10.356 7.091 0.000 0.000 0.000 0.000 0.000 0.000 0.000 0.000 0.000 0.000 0.000 0.000 0.000 0.000 0.000 0.000 11.134 10.923 0.000 0.000 0.000 0.000 0.000 24.486 25.352 29.432 30.702 20.826 24.370 38.246 46.102 51.524 58.542 61.539 60.068 50.327 53.191 47.237 31.126 59.435 76.761 67.648 90.208 80.468 66.282 30.408 9.192 0.000 9.665 58.112 41.733 18.222 60.519 59.924 65.101 64.792 68.487 65.501 60.001 56.234 0.000 0.000 -9999.000 -9999.000 -9999.000
0.000 11.506 0.000 0.000 0.000 0.000 0.000 0.000 0.000 0.000 0.000 0.000 0.000 0.000 0.000 0.000 0.000 0.000 10.789 13.572 18.277 13.817 0.000 0.000 0.000 15.692 32.942 32.360 27.484 32.314 38.076 26.781 29.874 44.721 43.705 40.042 61.408 68.578 61.359 41.565 0.000 0.000 47.741 82.423 34.378 13.067 32.110 58.255 46.540 -9999.000 -9999.000 -9999.000 -9999.000 -9999.000 -9999.000 -9999.000 60.765 53.053 42.353 76.956 77.873 74.114 9.009 10.192 -9999.000 -9999.000 -9999.000 -9999.000
0.000 0.000 0.000 0.000 0.000 0.000 0.000 0.000 0.000 0.000 0.000 0.000 0.000 0.000 0.000 0.000 0.000 0.000 0.000 0.000 11.519 17.964 18.000 17.483 22.981 26.689 30.738 45.720 55.627 37.760 14.016 11.278 0.000 0.000 0.000 0.000 11.431 5.955 13.890 7.705 14.101 46.915 33.984 25.155 72.129 -9999.000 -9999.000 -9999.000 -9999.000 -9999.000 -9999.000 -9999.000 -9999.000 -9999.000 -9999.000 -9999.000 -9999.000 -9999.000 57.635 60.342 83.361 62.710 25.522 -9999.000 -9999.000 -9999.000 -9999.000 -9999.000
