test_integration/test_sample_run/example/results.meteodistr/output_maps/snowdepthN0026.asc
ncols         174
nrows         141
xllcorner     744500.000000
yllcorner     5140950.000000
cellsize      250.000000
NODATA_value  -9999.0
[rows 87 to 115 of 141, columns 66 to 131 of 174]
33.389 29.564 25.656 22.782 20.946 20.540 22.452 26.585 25.384 21.674 24.649 20.043 22.063 17.174 15.145 13.759 13.386 16.297 19.778 20.832 25.854 33.092 40.446 43.105 46.067 47.497 68.158 74.426 79.423 75.187 73.863 77.609 67.732 66.866 67.915 68.363 65.111 67.890 69.039 68.986 75.357 79.114 89.538 94.314 106.161 114.832 121.729 128.237 121.034 112.055 108.315 112.670 114.722 115.733 115.158 118.804 124.941 121.694 116.391 107.079 103.724 102.909 106.416 110.005 111.903 116.282
36.574 35.445 32.313 29.476 30.401 29.378 29.341 30.736 26.081 22.015 16.751 15.536 17.373 15.246 14.907 12.737 11.721 14.255 16.799 18.565 18.540 26.136 33.370 36.180 44.447 46.267 57.583 56.401 55.720 59.047 65.765 64.405 67.649 65.566 63.689 63.290 64.300 61.967 64.524 65.675 77.249 82.534 93.822 116.880 111.928 116.353 129.834 119.569 115.844 114.184 110.789 110.503 114.752 118.455 120.134 125.839 128.221 123.649 117.623 112.529 111.468 106.296 108.968 113.270 111.659 111.402
34.841 33.560 30.566 32.088 31.510 32.406 35.744 34.119 30.163 27.375 20.313 13.713 11.515 13.520 11.111 9.909 17.074 20.883 22.413 25.563 28.756 20.375 23.009 29.453 39.232 48.697 47.158 42.133 46.121 48.133 54.985 50.753 54.204 51.039 60.131 64.020 64.402 74.253 74.268 77.282 88.575 100.694 121.757 129.021 118.155 122.492 132.620 125.270 120.352 117.730 114.977 109.982 126.831 130.689 135.747 134.305 128.395 124.542 122.978 121.013 114.444 111.965 113.270 115.401 116.583 112.179
34.092 38.939 38.154 32.119 38.417 34.933 31.577 32.615 27.346 26.205 23.629 21.375 9.628 9.745 8.726 9.860 17.922 25.625 26.967 30.877 29.564 31.429 33.077 27.681 30.944 41.735 39.475 40.112 44.340 44.175 48.540 49.970 51.946 55.735 65.967 72.183 78.336 89.148 88.580 87.778 93.628 105.450 121.332 127.773 131.101 127.339 130.930 143.288 134.011 118.892 114.327 110.075 119.659 132.977 140.403 141.707 125.640 124.163 121.993 122.181 118.200 114.302 114.922 117.254 118.024 114.864
45.345 40.161 37.276 38.059 31.393 26.185 20.736 22.895 20.582 20.871 14.269 12.673 8.891 5.532 10.544 14.850 22.014 26.713 30.205 35.409 39.691 42.728 44.930 39.763 34.107 33.027 38.822 46.979 57.378 56.290 50.338 55.425 70.373 71.149 77.498 88.122 95.739 99.810 104.880 103.592 107.510 116.460 110.762 108.721 117.112 131.295 135.626 143.035 140.602 129.488 117.580 -9999.000 -9999.000 -9999.000 -9999.000 -9999.000 -9999.000 -9999.000 136.762 124.698 124.567 122.568 121.617 121.302 119.879 119.457
40.685 39.581 36.500 32.111 23.794 19.156 16.832 16.912 16.145 15.562 14.208 11.693 7.861 7.476 11.445 13.520 20.783 25.309 29.572 36.512 42.503 45.702 50.350 46.890 42.512 42.600 49.261 53.176 60.688 77.343 83.803 71.620 62.354 70.757 73.929 86.768 88.870 91.398 93.318 100.042 108.351 106.705 107.357 108.528 116.661 136.360 140.042 -9999.000 -9999.000 -9999.000 -9999.000 -9999.000 -9999.000 -9999.000 -9999.000 -9999.000 -9999.000 -9999.000 -9999.000 -9999.000 127.199 127.598 128.783 127.548 122.016 -9999.000
29.974 32.906 31.200 23.634 14.206 13.185 12.757 12.083 12.686 10.621 9.173 7.352 5.866 6.132 10.161 14.408 17.887 20.561 28.420 33.855 40.726 44.664 52.119 54.532 52.324 52.470 56.458 65.173 82.226 88.180 93.063 88.662 74.318 74.146 77.412 77.622 75.983 84.134 90.215 86.814 93.490 101.179 112.003 115.945 120.998 -9999.000 -9999.000 -9999.000 -9999.000 -9999.000 -9999.000 -9999.000 -9999.000 -9999.000 -9999.000 -9999.000 -9999.000 -9999.000 -9999.000 -9999.000 -9999.000 136.068 146.248 136.929 -9999.000 -9999.000
23.226 25.314 20.417 16.734 13.773 11.223 8.277 8.667 10.419 9.701 7.804 8.095 8.171 8.416 9.007 12.221 16.790 20.875 27.869 33.331 41.261 45.578 50.456 57.732 61.168 57.400 58.486 60.807 70.613 89.928 87.041 91.080 83.308 79.966 76.466 77.457 78.360 82.916 86.587 86.952 84.865 95.269 108.355 121.085 -9999.000 -9999.000 -9999.000 -9999.000 -9999.000 -9999.000 -9999.000 -9999.000 -9999.000 -9999.000 -9999.000 -9999.000 -9999.000 -9999.000 -9999.000 -9999.000 -9999.000 -9999.000 141.440 -9999.000 -9999.000 -9999.000
17.377 11.357 9.851 14.536 13.370 11.473 8.806 7.676 7.715 8.569 0.000 0.000 0.000 6.687 6.980 7.172 15.653 23.040 34.580 39.399 46.764 53.382 56.623 60.432 66.142 65.659 67.641 73.416 85.291 91.797 87.757 93.446 86.388 80.046 79.076 80.670 80.853 87.240 -9999.000 -9999.000 -9999.000 104.219 100.430 -9999.000 -9999.000 -9999.000 -9999.000 -9999.000 -9999.000 -9999.000 -9999.000 -9999.000 -9999.000 -9999.000 -9999.000 -9999.000 -9999.000 -9999.000 -9999.000 -9999.000 -9999.000 -9999.000 -9999.000 -9999.000 -9999.000 -9999.000
16.778 11.523 9.162 9.187 10.530 10.433 10.739 9.149 8.854 9.141 8.985 0.000 6.451 14.043 15.538 10.276 13.091 19.362 29.002 31.990 38.152 41.295 50.704 56.416 67.624 75.841 78.583 77.500 81.406 87.391 98.673 97.397 95.355 87.507 82.101 84.281 92.809 -9999.000 -9999.000 -9999.000 -9999.000 -9999.000 -9999.000 -9999.000 -9999.000 -9999.000 -9999.000 -9999.000 -9999.000 -9999.000 -9999.000 -9999.000 -9999.000 -9999.000 -9999.000 -9999.000 -9999.000 -9999.000 -9999.000 -9999.000 -9999.000 -9999.000 -9999.000 -9999.000 -9999.000 -9999.000
15.818 11.263 11.672 11.333 12.363 9.754 8.450 9.005 0.000 0.000 0.000 0.000 10.881 18.064 21.740 22.237 24.662 19.610 18.591 18.430 24.538 31.811 35.783 39.178 52.652 55.489 57.437 64.280 73.267 80.736 77.428 81.819 86.660 94.023 88.831 91.885 -9999.000 -9999.000 -9999.000 -9999.000 -9999.000 -9999.000 -9999.000 -9999.000 -9999.000 -9999.000 -9999.000 -9999.000 -9999.000 -9999.000 -9999.000 -9999.000 -9999.000 -9999.000 -9999.000 -9999.000 -9999.000 -9999.000 -9999.000 -9999.000 -9999.000 -9999.000 -9999.000 -9999.000 -9999.000 -9999.000
12.218 9.373 10.791 9.810 10.358 10.097 10.400 9.532 9.066 0.000 0.000 7.579 10.022 16.767 24.319 27.011 27.226 25.128 28.292 29.276 30.575 32.958 35.508 38.854 44.793 50.660 54.708 57.579 62.433 63.533 68.553 73.314 77.655 85.976 85.032 -9999.000 -9999.000 -9999.000 -9999.000 -9999.000 -9999.000 -9999.000 -9999.000 -9999.000 -9999.000 -9999.000 -9999.000 -9999.000 -9999.000 -9999.000 -9999.000 -9999.000 -9999.000 -9999.000 -9999.000 -9999.000 -9999.000 -9999.000 -9999.000 -9999.000 -9999.000 -9999.000 -9999.000 -9999.000 -9999.000 -9999.000
10.152 9.116 9.910 9.165 0.000 0.000 0.000 0.000 0.000 0.000 0.000 9.155 11.607 17.563 27.707 31.299 29.783 31.476 35.258 37.767 38.827 38.403 33.675 34.633 44.593 48.210 52.364 54.960 58.075 61.634 65.955 68.740 76.108 74.590 77.969 85.937 -9999.000 -9999.000 -9999.000 -9999.000 -9999.000 -9999.000 -9999.000 -9999.000 -9999.000 -9999.000 -9999.000 -9999.000 -9999.000 -9999.000 -9999.000 -9999.000 -9999.000 -9999.000 -9999.000 -9999.000 -9999.000 -9999.000 -9999.000 -9999.000 -9999.000 -9999.000 -9999.000 -9999.000 -9999.000 -9999.000
9.765 11.360 0.000 0.000 0.000 0.000 0.000 0.000 0.000 0.000 8.112 9.559 13.023 15.697 23.659 31.014 30.981 33.493 37.678 43.309 42.831 40.334 37.246 38.130 45.990 48.632 53.620 57.315 61.464 64.121 68.490 71.587 76.282 78.447 78.522 81.979 -9999.000 -9999.000 -9999.000 -9999.000 -9999.000 -9999.000 -9999.000 -9999.000 -9999.000 -9999.000 -9999.000 -9999.000 -9999.000 -9999.000 -9999.000 -9999.000 -9999.000 -9999.000 -9999.000 -9999.000 -9999.000 -9999.000 -9999.000 -9999.000 -9999.000 -9999.000 -9999.000 -9999.000 -9999.000 -9999.000
11.828 9.079 0.000 0.000 0.000 0.000 0.000 0.000 0.000 0.000 9.501 14.476 17.498 20.069 20.964 27.217 37.070 39.443 45.573 48.632 53.899 52.956 42.671 41.075 49.095 55.138 58.383 59.974 66.320 68.345 74.105 75.786 78.902 80.036 79.377 -9999.000 -9999.000 -9999.000 -9999.000 -9999.000 -9999.000 -9999.000 -9999.000 -9999.000 -9999.000 -9999.000 -9999.000 -9999.000 -9999.000 -9999.000 -9999.000 -9999.000 -9999.000 -9999.000 -9999.000 -9999.000 -9999.000 -9999.000 -9999.000 -9999.000 -9999.000 -9999.000 -9999.000 -9999.000 -9999.000 -9999.000
10.078 0.000 0.000 0.000 0.000 0.000 0.000 0.000 0.000 0.000 9.125 14.221 22.389 24.493 25.656 28.623 39.846 51.969 53.954 56.171 67.294 54.595 45.439 44.740 46.310 57.990 66.075 61.971 71.678 74.022 76.035 79.602 78.315 80.414 -9999.000 -9999.000 -9999.000 -9999.000 -9999.000 -9999.000 -9999.000 -9999.000 -9999.000 -9999.000 -9999.000 -9999.000 -9999.000 -9999.000 -9999.000 -9999.000 -9999.000 -9999.000 -9999.000 -9999.000 -9999.000 -9999.000 -9999.000 -9999.000 -9999.000 -9999.000 -9999.000 -9999.000 -9999.000 -9999.000 -9999.000 -9999.000
0.000 10.117 0.000 0.000 0.000 0.000 0.000 8.500 9.689 8.486 7.495 9.292 18.655 26.899 30.226 31.786 40.349 51.272 67.732 68.467 72.891 58.783 50.766 45.870 46.874 48.539 66.094 79.170 73.371 84.431 86.199 86.813 90.991 -9999.000 -9999.000 -9999.000 -9999.000 -9999.000 -9999.000 -9999.000 -9999.000 -9999.000 -9999.000 -9999.000 -9999.000 -9999.000 -9999.000 -9999.000 -9999.000 -9999.000 -9999.000 -9999.000 -9999.000 -9999.000 -9999.000 -9999.000 -9999.000 -9999.000 -9999.000 -9999.000 -9999.000 -9999.000 -9999.000 -9999.000 -9999.000 -9999.000
0.000 0.000 0.000 0.000 0.000 0.000 0.000 8.239 11.933 13.723 14.809 12.084 17.763 28.911 31.303 34.726 41.518 48.322 58.614 81.799 67.745 61.809 52.259 50.088 47.567 47.987 61.407 90.073 81.455 88.332 88.695 90.461 -9999.000 -9999.000 -9999.000 -9999.000 -9999.000 -9999.000 -9999.000 -9999.000 -9999.000 -9999.000 -9999.000 -9999.000 -9999.000 -9999.000 -9999.000 -9999.000 -9999.000 -9999.000 -9999.000 -9999.000 -9999.000 -9999.000 -9999.000 -9999.000 -9999.000 -9999.000 -9999.000 -9999.000 -9999.000 -9999.000 -9999.000 -9999.000 -9999.000 -9999.000
0.000 0.000 0.000 0.000 0.000 0.000 9.541 9.219 15.187 18.370 19.311 19.235 18.107 27.525 38.099 40.415 50.916 56.964 63.448 81.253 78.071 66.838 58.368 49.639 50.208 53.350 60.765 71.722 99.184 93.230 103.951 -9999.000 -9999.000 -9999.000 -9999.000 -9999.000 -9999.000 -9999.000 -9999.000 -9999.000 -9999.000 -9999.000 -9999.000 -9999.000 -9999.000 -9999.000 -9999.000 -9999.000 -9999.000 -9999.000 -9999.000 -9999.000 -9999.000 -9999.000 -9999.000 -9999.000 -9999.000 -9999.000 -9999.000 -9999.000 -9999.000 -9999.000 -9999.000 -9999.000 -9999.000 -9999.000
0.000 0.000 0.000 0.000 0.000 0.000 0.000 10.818 13.193 17.478 23.262 23.433 22.706 27.496 39.593 47.609 55.523 54.604 66.546 81.711 96.091 66.789 57.377 56.077 49.925 56.805 63.718 70.044 97.865 93.878 -9999.000 -9999.000 -9999.000 -9999.000 -9999.000 -9999.000 -9999.000 -9999.000 -9999.000 -9999.000 -9999.000 -9999.000 -9999.000 -9999.000 -9999.000 -9999.000 -9999.000 -9999.000 -9999.000 -9999.000 -9999.000 -9999.000 -9999.000 -9999.000 -9999.000 -9999.000 -9999.000 -9999.000 -9999.000 -9999.000 -9999.000 -9999.000 -9999.000 -9999.000 -9999.000 -9999.000
0.000 0.000 0.000 0.000 8.762 9.043 0.000 10.838 9.073 9.118 25.870 28.704 28.634 34.627 42.814 51.040 64.558 60.147 74.945 81.611 93.621 88.832 62.938 55.983 51.749 59.529 65.447 67.487 83.939 98.827 -9999.000 -9999.000 -9999.000 -9999.000 -9999.000 -9999.000 -9999.000 -9999.000 -9999.000 -9999.000 -9999.000 -9999.000 -9999.000 -9999.000 -9999.000 -9999.000 -9999.000 -9999.000 -9999.000 -9999.000 -9999.000 -9999.000 -9999.000 -9999.000 -9999.000 -9999.000 -9999.000 -9999.000 -9999.000 -9999.000 -9999.000 -9999.000 -9999.000 -9999.000 -9999.000 -9999.000
0.000 0.000 0.000 9.020 8.131 8.741 0.000 8.807 7.676 13.454 22.794 30.785 38.985 44.719 47.709 49.612 61.763 89.915 69.991 81.806 89.830 105.986 71.556 58.198 52.189 62.364 62.376 70.268 90.901 102.523 -9999.000 -9999.000 -9999.000 -9999.000 -9999.000 -9999.000 -9999.000 -9999.000 -9999.000 -9999.000 -9999.000 -9999.000 -9999.000 -9999.000 -9999.000 -9999.000 -9999.000 -9999.000 -9999.000 -9999.000 -9999.000 -9999.000 -9999.000 -9999.000 -9999.000 -9999.000 -9999.000 -9999.000 -9999.000 -9999.000 -9999.000 -9999.000 -9999.000 -9999.000 -9999.000 -9999.000
0.000 0.000 7.814 9.164 11.673 11.766 8.303 9.504 8.860 24.414 19.108 21.176 33.204 47.724 55.033 60.143 66.535 85.231 83.304 85.791 92.729 99.747 80.397 66.957 58.760 67.489 72.062 78.023 82.233 123.381 -9999.000 -9999.000 -9999.000 -9999.000 -9999.000 -9999.000 -9999.000 -9999.000 -9999.000 -9999.000 -9999.000 -9999.000 -9999.000 -9999.000 -9999.000 -9999.000 -9999.000 -9999.000 -9999.000 -9999.000 -9999.000 -9999.000 -9999.000 -9999.000 -9999.000 -9999.000 -9999.000 -9999.000 -9999.000 -9999.000 -9999.000 -9999.000 -9999.000 -9999.000 -9999.000 -9999.000
0.000 0.000 9.224 11.675 14.410 15.542 13.239 12.308 8.903 9.102 17.790 19.956 27.278 31.902 57.877 70.507 71.205 73.185 103.154 110.278 99.389 79.490 72.960 73.593 68.876 68.571 71.600 78.362 100.540 -9999.000 -9999.000 -9999.000 -9999.000 -9999.000 -9999.000 -9999.000 -9999.000 -9999.000 -9999.000 -9999.000 -9999.000 -9999.000 -9999.000 -9999.000 -9999.000 -9999.000 -9999.000 -9999.000 -9999.000 -9999.000 -9999.000 -9999.000 -9999.000 -9999.000 -9999.000 -9999.000 -9999.000 -9999.000 -9999.000 -9999.000 -9999.000 -9999.000 -9999.000 -9999.000 -9999.000 -9999.000
0.000 8.432 11.717 14.206 19.450 19.590 18.340 18.553 16.591 12.211 17.297 19.772 23.166 28.077 46.903 65.365 75.539 78.478 94.468 117.078 122.306 85.702 82.073 76.611 75.992 80.086 82.506 90.647 97.971 -9999.000 -9999.000 -9999.000 -9999.000 -9999.000 -9999.000 -9999.000 -9999.000 -9999.000 -9999.000 -9999.000 -9999.000 -9999.000 -9999.000 -9999.000 -9999.000 -9999.000 -9999.000 -9999.000 -9999.000 -9999.000 -9999.000 -9999.000 -9999.000 -9999.000 -9999.000 -9999.000 -9999.000 -9999.000 -9999.000 -9999.000 -9999.000 -9999.000 -9999.000 -9999.000 -9999.000 -9999.000
9.647 14.089 18.607 19.456 23.584 24.159 23.150 23.118 20.736 20.611 17.168 19.993 27.041 26.198 39.236 58.046 76.644 88.027 95.726 103.309 116.605 118.936 93.554 81.218 77.888 79.791 87.350 95.874 108.311 -9999.000 -9999.000 -9999.000 -9999.000 -9999.000 -9999.000 -9999.000 -9999.000 -9999.000 -9999.000 -9999.000 -9999.000 -9999.000 -9999.000 -9999.000 -9999.000 -9999.000 -9999.000 -9999.000 -9999.000 -9999.000 -9999.000 -9999.000 -9999.000 -9999.000 -9999.000 -9999.000 -9999.000 -9999.000 -9999.000 -9999.000 -9999.000 -9999.000 -9999.000 -9999.000 -9999.000 -9999.000
15.086 15.427 18.147 22.395 31.996 30.231 30.396 29.507 26.739 25.055 23.770 21.130 26.659 27.758 31.639 42.368 70.216 97.005 101.629 93.423 119.288 116.794 83.295 95.525 90.334 82.813 88.215 86.754 112.717 -9999.000 -9999.000 -9999.000 -9999.000 -9999.000 -9999.000 -9999.000 -9999.000 -9999.000 -9999.000 -9999.000 -9999.000 -9999.000 -9999.000 -9999.000 -9999.000 -9999.000 -9999.000 -9999.000 -9999.000 -9999.000 -9999.000 -9999.000 -9999.000 -9999.000 -9999.000 -9999.000 -9999.000 -9999.000 -9999.000 -9999.000 -9999.000 -9999.000 -9999.000 -9999.000 -9999.000 -9999.000
11.119 12.809 16.110 18.245 27.455 36.311 36.129 36.643 32.593 27.671 27.298 25.693 25.628 30.703 35.859 42.920 56.786 74.132 90.963 117.643 128.107 128.796 92.645 81.914 83.798 95.913 85.333 94.332 -9999.000 -9999.000 -9999.000 -9999.000 -9999.000 -9999.000 -9999.000 -9999.000 -9999.000 -9999.000 -9999.000 -9999.000 -9999.000 -9999.000 -9999.000 -9999.000 -9999.000 -9999.000 -9999.000 -9999.000 -9999.000 -9999.000 -9999.000 -9999.000 -9999.000 -9999.000 -9999.000 -9999.000 -9999.000 -9999.000 -9999.000 -9999.000 -9999.000 -9999.000 -9999.000 -9999.000 -9999.000 -9999.000
11.945 17.971 13.779 15.450 23.533 29.716 42.465 44.139 39.509 35.100 33.126 31.817 27.722 30.901 37.773 35.984 48.111 66.473 69.962 106.863 102.542 95.923 144.106 115.902 112.165 136.543 143.537 155.589 -9999.000 -9999.000 -9999.000 -9999.000 -9999.000 -9999.000 -9999.000 -9999.000 -9999.000 -9999.000 -9999.000 -9999.000 -9999.000 -9999.000 -9999.000 -9999.000 -9999.000 -9999.000 -9999.000 -9999.000 -9999.000 -9999.000 -9999.000 -9999.000 -9999.000 -9999.000 -9999.000 -9999.000 -9999.000 -9999.000 -9999.000 -9999.000 -9999.000 -9999.000 -9999.000 -9999.000 -9999.000 -9999.000
