test_integration/test_sample_run/example/results.meteodistr/output_maps/SWEDENSITYN0084.asc
ncols         174
nrows         141
xllcorner     744500.000000
yllcorner     5140950.000000
cellsize      250.000000
NODATA_value  -9999.0
[rows 60 to 89 of 141, columns 0 to 65 of 174]
-9999.000 -9999.000 -9999.000 -9999.000 -9999.000 nan 169.784 170.336 169.927 170.643 171.121 172.286 171.710 170.251 171.151 164.678 165.407 166.498 164.795 170.653 173.010 170.544 169.591 168.401 168.864 166.908 167.632 167.013 169.232 68.088 167.514 163.866 nan nan nan nan 169.834 nan 68.973 170.764 nan 37.350 59.392 nan nan 86.163 184.800 161.584 135.086 137.753 169.118 165.999 163.208 162.282 164.721 162.476 nan nan nan nan 182.353 170.662 150.351 136.030 162.629 162.100
-9999.000 -9999.000 -9999.000 -9999.000 -9999.000 nan 168.829 169.749 169.097 169.388 170.502 169.315 169.663 169.215 166.028 164.984 167.651 169.073 nan nan 60.734 166.197 170.118 166.888 167.148 169.125 167.401 170.085 171.606 169.223 169.070 59.231 nan nan 77.221 12.301 172.226 173.389 nan nan nan 176.410 nan nan nan 189.743 179.950 164.312 129.731 132.206 167.296 167.102 162.996 164.567 166.249 166.409 nan nan nan nan 180.081 174.144 160.676 136.393 136.584 149.769
-9999.000 -9999.000 -9999.000 -9999.000 -9999.000 nan 169.455 168.823 171.421 169.254 170.494 170.284 171.675 169.290 161.411 167.318 167.936 169.520 171.974 171.999 166.141 164.612 164.487 161.408 168.761 167.449 167.978 168.712 170.359 168.546 168.707 nan 12.363 nan 167.122 171.575 nan nan nan nan nan nan nan nan 184.127 187.437 176.383 169.735 166.256 160.037 131.523 160.099 164.564 169.970 164.434 nan nan nan nan 183.660 179.132 180.090 172.424 169.709 160.885 152.778
-9999.000 -9999.000 -9999.000 -9999.000 169.768 165.489 133.703 170.595 168.364 172.072 172.109 168.320 168.989 170.290 160.622 167.639 169.424 170.224 171.051 172.831 167.126 165.419 166.381 164.601 164.128 168.479 169.713 171.204 172.182 171.104 nan nan nan nan nan nan nan nan nan nan nan nan 202.801 187.664 181.627 184.669 182.802 2.890 170.806 166.404 135.960 128.917 167.538 nan nan nan nan nan 59.929 180.303 177.219 175.559 177.956 61.342 165.499 168.444
-9999.000 -9999.000 -9999.000 -9999.000 -9999.000 168.852 166.769 147.554 140.283 128.363 128.729 129.786 165.943 168.023 nan 94.281 168.870 169.721 170.811 170.941 169.088 167.563 168.351 168.000 169.922 169.527 54.974 165.756 170.447 72.983 nan nan nan 12.283 nan nan nan nan nan nan nan 185.811 181.764 177.665 141.118 145.187 152.179 180.308 nan 47.195 167.477 166.098 83.904 nan nan nan nan nan 180.725 172.017 156.729 136.519 129.709 129.207 160.846 169.221
-9999.000 -9999.000 -9999.000 -9999.000 -9999.000 -9999.000 nan 142.629 130.178 131.132 138.953 138.078 125.872 129.115 53.069 173.340 173.950 170.106 171.077 171.594 169.881 170.221 170.608 69.820 172.360 167.754 171.813 45.467 nan nan nan nan nan 53.556 nan nan nan nan nan nan 188.911 181.752 178.621 167.748 132.838 134.986 132.296 141.651 153.234 173.456 nan nan nan 172.579 nan nan nan 181.695 177.824 171.632 161.214 160.486 126.960 125.092 125.367 153.515
-9999.000 -9999.000 -9999.000 -9999.000 -9999.000 163.902 169.401 123.759 120.130 125.353 163.038 168.091 171.123 159.435 166.352 169.241 170.081 169.922 170.414 173.418 171.218 174.405 173.657 70.284 169.626 168.268 nan nan nan nan nan nan nan nan nan nan 18.155 18.742 184.876 184.698 181.788 150.654 137.561 133.149 128.302 132.108 128.750 131.687 133.376 155.647 163.749 171.559 65.598 72.095 77.959 182.285 178.408 176.673 177.202 183.174 nan 15.676 165.315 166.546 166.674 152.721
-9999.000 -9999.000 -9999.000 -9999.000 -9999.000 165.397 161.280 122.893 116.071 115.911 146.902 162.128 nan nan nan 173.682 171.129 171.863 174.506 177.073 31.255 57.215 nan nan nan nan nan nan nan nan nan nan nan nan nan nan 20.006 184.063 182.219 183.760 153.749 133.433 130.100 125.834 127.598 126.430 125.898 126.855 129.751 130.823 130.706 156.353 169.863 173.421 176.796 177.005 174.999 167.056 142.816 175.575 183.517 nan nan nan nan 166.101
-9999.000 -9999.000 -9999.000 -9999.000 -9999.000 -9999.000 166.865 127.753 166.703 125.264 145.536 150.759 164.585 168.557 nan 172.376 171.760 169.957 173.784 170.633 174.050 nan nan nan nan nan nan nan nan nan nan nan nan nan 94.749 94.956 183.371 181.417 179.962 178.833 136.023 126.297 128.208 125.193 123.909 119.696 122.957 125.069 127.787 126.011 124.981 126.205 139.344 159.930 173.878 175.138 156.990 158.451 135.458 161.470 169.623 175.079 nan 174.394 nan 167.531
-9999.000 -9999.000 -9999.000 -9999.000 -9999.000 -9999.000 165.002 132.515 163.199 158.065 143.094 122.684 154.645 164.605 168.378 168.684 159.541 137.855 142.016 159.923 171.146 176.148 nan nan nan nan nan nan nan nan nan nan 188.101 182.594 182.377 178.771 175.077 178.974 174.809 171.916 137.561 125.820 123.848 119.344 114.580 112.661 115.695 117.979 123.014 119.143 118.672 122.095 131.751 153.857 171.327 174.146 131.296 129.868 130.589 153.053 162.713 159.993 169.313 169.826 170.020 170.653
-9999.000 -9999.000 -9999.000 -9999.000 -9999.000 -9999.000 -9999.000 159.318 167.128 158.547 121.363 122.858 148.286 161.788 164.793 164.067 128.618 128.186 129.970 138.987 158.715 169.921 174.825 179.086 38.445 178.192 178.528 180.879 178.065 180.023 178.589 176.099 176.171 180.720 143.676 135.818 135.556 156.535 157.856 161.298 160.030 160.084 118.794 114.164 109.230 114.785 116.936 114.224 114.158 114.421 116.877 124.274 146.063 152.330 170.017 171.165 140.319 124.874 125.269 129.484 129.001 128.965 127.482 129.141 149.834 167.030
-9999.000 -9999.000 -9999.000 -9999.000 -9999.000 -9999.000 -9999.000 137.423 127.149 118.197 128.192 142.578 159.904 149.302 150.405 164.639 121.622 123.484 124.978 127.219 156.455 159.814 172.273 175.530 176.910 175.747 177.099 178.023 177.245 177.934 175.140 175.667 141.497 135.674 130.944 128.577 129.381 143.294 133.806 133.929 160.346 151.508 124.936 112.937 112.110 122.928 142.494 127.918 106.797 113.977 131.583 142.729 151.300 162.763 169.366 167.825 156.286 121.309 122.402 125.928 124.449 124.753 121.143 123.115 134.945 159.426
-9999.000 -9999.000 -9999.000 -9999.000 -9999.000 -9999.000 -9999.000 -9999.000 167.666 132.785 149.739 144.586 151.989 132.579 131.648 125.519 120.283 121.549 122.079 123.177 153.498 166.804 172.513 176.083 175.991 176.759 178.528 178.080 177.375 173.149 139.683 135.113 129.873 131.531 138.132 128.738 127.224 129.667 129.787 125.648 138.039 146.904 147.870 146.674 154.248 151.411 111.623 117.945 128.929 141.311 151.190 157.451 160.898 nan 164.356 166.573 152.439 120.806 136.632 124.943 123.369 124.600 119.148 120.230 133.650 130.401
-9999.000 -9999.000 -9999.000 -9999.000 -9999.000 -9999.000 -9999.000 -9999.000 nan 157.621 156.349 157.785 130.802 140.345 127.488 115.860 117.294 120.122 158.763 153.345 159.525 168.219 173.489 173.972 173.418 179.461 177.044 179.800 150.199 139.869 129.751 127.753 125.347 125.737 128.945 127.198 122.824 125.652 123.288 124.467 122.139 148.855 153.271 148.489 152.123 159.717 112.423 118.412 138.266 115.357 153.349 23.199 nan 170.898 161.744 162.819 148.560 122.447 141.141 126.451 124.790 121.992 118.261 121.866 133.297 133.762
-9999.000 -9999.000 -9999.000 -9999.000 -9999.000 -9999.000 -9999.000 nan nan 163.202 156.346 163.692 142.811 128.939 137.089 112.844 125.563 158.928 156.917 136.854 147.004 166.304 176.953 172.468 173.540 147.425 133.648 133.300 131.657 129.210 128.078 125.629 125.457 123.735 121.738 123.620 117.556 122.800 123.553 122.853 121.513 119.516 131.787 153.700 155.340 150.286 156.417 120.783 119.715 136.016 43.226 154.043 168.175 153.968 157.868 138.210 151.997 156.059 130.481 123.531 122.743 118.201 125.721 138.889 144.118 142.796
-9999.000 -9999.000 -9999.000 -9999.000 -9999.000 -9999.000 nan nan 163.047 nan 164.328 157.722 142.244 123.374 117.016 120.773 158.206 152.853 151.348 119.073 145.561 162.668 174.328 172.440 157.754 130.722 125.604 129.216 127.773 127.559 125.951 121.100 121.202 118.212 115.152 122.434 119.540 119.524 121.474 121.089 121.705 119.693 131.915 138.325 160.727 160.919 152.617 136.738 158.220 51.775 125.498 118.617 154.713 140.435 145.831 122.862 148.024 157.593 135.104 121.051 118.156 116.832 144.796 141.572 141.493 153.368
-9999.000 -9999.000 -9999.000 -9999.000 -9999.000 nan nan 162.490 163.829 155.891 153.885 160.399 127.602 122.073 112.093 123.658 127.877 122.893 125.465 158.539 nan nan 175.025 169.977 129.525 124.936 118.662 124.798 126.586 125.496 122.752 135.781 116.234 113.210 137.248 119.448 143.150 117.529 120.442 120.982 127.875 148.962 149.607 150.799 157.157 157.037 143.896 160.574 154.996 148.701 119.091 138.151 148.049 146.320 131.941 125.981 116.409 116.356 118.300 117.397 114.413 113.969 159.567 147.851 146.214 149.569
-9999.000 -9999.000 -9999.000 nan nan 71.510 166.055 135.699 125.365 126.494 129.932 132.879 130.004 127.512 114.873 122.299 117.322 115.098 122.934 nan nan 49.839 171.512 165.292 124.390 128.686 117.263 121.738 124.360 120.077 121.845 147.118 133.275 117.977 122.187 115.504 162.455 122.427 121.735 124.503 128.511 141.428 141.660 142.984 137.542 147.481 127.674 119.093 159.447 148.519 156.045 152.098 149.402 144.725 129.052 144.986 112.275 112.426 112.087 112.713 114.987 123.035 147.605 147.306 147.899 129.678
-9999.000 -9999.000 158.606 161.469 151.677 168.925 124.565 122.896 119.329 116.130 122.948 123.900 127.579 121.360 130.115 123.617 165.969 150.954 149.180 nan 165.512 144.805 146.732 142.511 141.045 119.927 124.980 119.720 122.006 120.219 120.775 122.686 154.845 160.301 115.241 119.060 119.707 119.353 147.114 142.490 131.771 155.321 135.942 139.676 116.808 127.987 154.380 147.987 134.875 151.879 155.842 155.582 124.893 135.032 129.915 130.899 142.875 140.371 120.793 146.776 150.743 151.687 153.278 151.812 152.136 157.340
-9999.000 -9999.000 158.275 160.745 155.549 133.927 117.941 116.517 110.712 111.131 117.297 124.006 124.256 117.340 130.462 123.930 159.093 139.246 151.338 152.172 141.268 130.929 127.653 125.900 138.662 113.577 120.692 116.997 120.093 135.807 125.359 138.987 155.296 157.228 144.145 117.095 113.270 132.798 154.368 161.441 136.946 160.562 161.061 153.417 156.016 132.986 161.610 158.493 138.992 117.676 115.693 119.427 117.218 122.157 125.010 138.139 119.480 128.618 158.487 149.814 nan nan 157.515 156.811 157.563 160.826
-9999.000 -9999.000 -9999.000 165.740 170.262 125.641 116.405 107.325 117.559 154.001 119.616 123.658 123.278 116.554 113.644 155.028 152.750 150.877 nan 2.423 139.393 142.620 122.812 123.339 147.954 114.084 116.157 119.740 125.456 127.481 162.467 140.121 137.886 134.086 153.455 138.643 161.919 144.788 147.525 134.487 152.001 148.608 118.271 155.805 154.054 160.148 119.961 129.276 143.948 115.915 105.701 112.294 115.966 118.386 115.927 116.661 112.803 158.389 148.378 35.348 22.626 nan nan nan nan 159.460
-9999.000 -9999.000 -9999.000 -9999.000 -9999.000 -9999.000 159.652 115.955 140.925 116.524 121.501 121.879 120.783 111.764 109.381 161.524 145.177 27.955 nan 164.296 144.818 128.384 145.392 120.724 151.433 116.358 165.200 137.751 149.173 149.302 121.945 116.885 127.846 115.447 136.353 120.662 152.132 156.046 120.626 119.354 161.422 142.608 113.967 116.484 144.951 154.362 126.053 157.237 116.598 113.143 108.212 108.363 125.995 115.237 112.185 128.889 156.736 nan nan 155.574 158.923 nan nan nan nan 158.743
-9999.000 -9999.000 -9999.000 -9999.000 -9999.000 -9999.000 -9999.000 169.646 110.054 110.255 109.932 111.447 112.069 104.764 166.551 134.741 nan nan 121.685 124.255 127.051 126.273 149.331 137.604 151.331 147.806 158.370 158.213 141.289 149.271 114.738 108.742 118.758 134.239 116.188 158.453 128.732 119.590 131.310 115.306 116.737 123.793 153.884 163.069 159.771 155.162 156.239 158.109 158.310 129.509 158.646 127.546 152.350 151.585 150.879 nan nan nan nan 28.274 157.408 160.016 nan nan nan 159.443
-9999.000 -9999.000 -9999.000 -9999.000 -9999.000 -9999.000 -9999.000 160.312 161.362 138.814 121.575 115.864 130.295 165.467 156.438 146.820 nan 157.542 123.321 111.995 116.370 120.446 129.676 147.025 121.705 146.506 136.533 115.772 119.914 114.132 127.936 117.894 119.108 151.256 141.963 153.442 127.169 114.364 131.003 118.577 139.841 154.632 nan 151.058 nan 48.475 154.098 156.690 152.054 145.684 nan 145.282 nan nan nan nan nan nan nan 18.757 158.592 159.310 161.754 nan nan nan
-9999.000 -9999.000 -9999.000 -9999.000 -9999.000 -9999.000 -9999.000 -9999.000 nan nan 159.474 151.362 153.508 153.623 154.683 nan 149.212 160.876 139.870 111.132 109.836 120.942 138.127 117.032 115.866 114.801 158.505 136.021 121.525 119.666 120.713 155.630 121.599 162.411 155.079 133.341 156.772 155.062 158.962 148.915 nan 150.392 nan nan 155.226 nan 143.965 149.410 148.159 nan nan nan nan nan nan nan nan 85.090 nan nan 154.501 155.103 19.197 nan nan nan
-9999.000 -9999.000 -9999.000 -9999.000 -9999.000 -9999.000 -9999.000 -9999.000 -9999.000 nan nan 38.831 nan nan 13.351 nan 158.655 148.842 118.234 158.591 150.944 135.182 137.802 112.727 112.978 152.654 158.133 162.420 159.384 155.899 162.395 153.012 155.952 155.078 27.415 160.006 nan nan nan nan nan 154.364 nan nan 154.967 nan nan 55.140 154.479 138.060 nan nan nan nan nan nan nan nan nan nan nan 155.257 83.636 nan nan nan
-9999.000 -9999.000 -9999.000 -9999.000 -9999.000 -9999.000 -9999.000 -9999.000 -9999.000 -9999.000 nan nan 161.668 1.087 nan 156.630 134.221 115.750 107.471 157.629 44.737 161.341 121.612 137.903 164.889 161.308 nan nan nan nan nan nan nan nan nan 151.260 152.699 nan nan nan 155.822 153.748 nan nan nan nan 18.462 49.685 nan 141.608 138.389 155.020 nan nan nan nan nan nan nan 1.895 nan nan 66.289 nan nan nan
-9999.000 -9999.000 -9999.000 -9999.000 -9999.000 -9999.000 -9999.000 -9999.000 -9999.000 -9999.000 -9999.000 nan nan 161.944 163.036 161.425 122.145 109.638 113.638 136.364 153.014 155.933 117.872 115.272 152.298 124.686 27.819 nan nan nan nan nan nan nan nan 151.119 156.470 81.761 nan nan 152.622 nan 153.804 nan nan nan nan nan nan nan 138.788 144.845 154.627 157.182 nan nan nan nan 71.307 155.395 nan nan nan nan nan nan
-9999.000 -9999.000 -9999.000 -9999.000 -9999.000 -9999.000 -9999.000 -9999.000 -9999.000 -9999.000 -9999.000 -9999.000 nan 163.459 138.436 128.853 116.369 109.260 165.099 147.527 144.758 145.572 141.165 155.894 114.021 111.146 134.505 150.992 162.872 nan nan nan nan nan nan 152.080 nan nan nan nan nan nan nan 160.233 nan nan nan nan nan nan nan 90.730 154.885 154.724 157.262 89.648 nan nan 153.163 72.636 41.218 nan nan nan nan 151.873
-9999.000 -9999.000 -9999.000 -9999.000 -9999.000 -9999.000 -9999.000 -9999.000 -9999.000 -9999.000 -9999.000 -9999.000 53.154 164.243 122.293 142.591 112.911 114.248 156.336 150.896 131.964 146.033 158.556 24.672 131.765 108.464 108.496 137.222 143.626 159.487 nan nan nan nan nan nan nan nan nan nan nan nan nan 1.230 nan nan nan nan nan nan nan nan nan nan nan nan nan nan nan nan nan 149.943 141.712 146.347 124.848 123.572
