test_integration/test_sample_run/example/results.meteodistr/output_maps/SWEDENSITYN0082.asc
ncols         174
nrows         141
xllcorner     744500.000000
yllcorner     5140950.000000
cellsize      250.000000
NODATA_value  -9999.0
[rows 0 to 29 of 141, columns 66 to 131 of 174]
-9999.000 -9999.000 -9999.000 -9999.000 -9999.000 -9999.000 -9999.000 -9999.000 -9999.000 -9999.000 -9999.000 -9999.000 -9999.000 -9999.000 -9999.000 -9999.000 -9999.000 -9999.000 -9999.000 -9999.000 -9999.000 -9999.000 -9999.000 -9999.000 -9999.000 -9999.000 -9999.000 -9999.000 -9999.000 -9999.000 -9999.000 -9999.000 -9999.000 -9999.000 -9999.000 -9999.000 -9999.000 -9999.000 -9999.000 -9999.000 -9999.000 -9999.000 -9999.000 -9999.000 -9999.000 -9999.000 -9999.000 -9999.000 -9999.000 -9999.000 -9999.000 -9999.000 -9999.000 -9999.000 -9999.000 -9999.000 -9999.000 -9999.000 -9999.000 -9999.000 -9999.000 -9999.000 -9999.000 -9999.000 -9999.000 -9999.000
-9999.000 -9999.000 -9999.000 -9999.000 -9999.000 -9999.000 -9999.000 -9999.000 -9999.000 -9999.000 -9999.000 -9999.000 -9999.000 -9999.000 -9999.000 -9999.000 -9999.000 -9999.000 -9999.000 -9999.000 -9999.000 -9999.000 -9999.000 -9999.000 -9999.000 -9999.000 -9999.000 -9999.000 -9999.000 -9999.000 -9999.000 -9999.000 -9999.000 -9999.000 -9999.000 -9999.000 -9999.000 -9999.000 -9999.000 -9999.000 -9999.000 -9999.000 -9999.000 -9999.000 -9999.000 -9999.000 -9999.000 -9999.000 -9999.000 -9999.000 -9999.000 -9999.000 -9999.000 -9999.000 -9999.000 -9999.000 -9999.000 -9999.000 -9999.000 -9999.000 -9999.000 -9999.000 -9999.000 -9999.000 -9999.000 -9999.000
-9999.000 -9999.000 -9999.000 -9999.000 -9999.000 -9999.000 -9999.000 -9999.000 -9999.000 -9999.000 -9999.000 -9999.000 -9999.000 -9999.000 -9999.000 -9999.000 -9999.000 -9999.000 -9999.000 -9999.000 -9999.000 -9999.000 -9999.000 -9999.000 -9999.000 -9999.000 -9999.000 -9999.000 -9999.000 -9999.000 -9999.000 -9999.000 -9999.000 -9999.000 -9999.000 -9999.000 -9999.000 -9999.000 -9999.000 -9999.000 -9999.000 -9999.000 -9999.000 -9999.000 -9999.000 -9999.000 -9999.000 -9999.000 -9999.000 -9999.000 -9999.000 -9999.000 -9999.000 -9999.000 -9999.000 -9999.000 -9999.000 -9999.000 -9999.000 -9999.000 -9999.000 -9999.000 -9999.000 -9999.000 -9999.000 -9999.000
-9999.000 -9999.000 -9999.000 -9999.000 -9999.000 -9999.000 -9999.000 -9999.000 -9999.000 -9999.000 -9999.000 -9999.000 -9999.000 -9999.000 -9999.000 -9999.000 -9999.000 -9999.000 -9999.000 -9999.000 -9999.000 -9999.000 -9999.000 -9999.000 -9999.000 -9999.000 -9999.000 -9999.000 -9999.000 -9999.000 -9999.000 -9999.000 -9999.000 -9999.000 -9999.000 -9999.000 -9999.000 -9999.000 -9999.000 -9999.000 -9999.000 -9999.000 -9999.000 -9999.000 -9999.000 -9999.000 -9999.000 -9999.000 -9999.000 -9999.000 -9999.000 -9999.000 -9999.000 -9999.000 -9999.000 -9999.000 -9999.000 -9999.000 -9999.000 -9999.000 -9999.000 -9999.000 -9999.000 -9999.000 -9999.000 -9999.000
-9999.000 -9999.000 -9999.000 -9999.000 -9999.000 -9999.000 -9999.000 -9999.000 -9999.000 -9999.000 -9999.000 -9999.000 -9999.000 -9999.000 -9999.000 -9999.000 -9999.000 -9999.000 -9999.000 -9999.000 -9999.000 -9999.000 -9999.000 -9999.000 -9999.000 -9999.000 -9999.000 nan -9999.000 -9999.000 -9999.000 -9999.000 -9999.000 -9999.000 -9999.000 -9999.000 -9999.000 -9999.000 -9999.000 -9999.000 -9999.000 -9999.000 -9999.000 -9999.000 -9999.000 -9999.000 -9999.000 -9999.000 -9999.000 -9999.000 -9999.000 -9999.000 -9999.000 -9999.000 -9999.000 -9999.000 -9999.000 -9999.000 -9999.000 -9999.000 -9999.000 -9999.000 -9999.000 -9999.000 -9999.000 -9999.000
-9999.000 -9999.000 -9999.000 -9999.000 -9999.000 -9999.000 -9999.000 -9999.000 -9999.000 -9999.000 -9999.000 -9999.000 -9999.000 -9999.000 -9999.000 -9999.000 -9999.000 -9999.000 -9999.000 -9999.000 -9999.000 -9999.000 -9999.000 -9999.000 -9999.000 -9999.000 nan nan nan nan nan nan -9999.000 -9999.000 -9999.000 -9999.000 -9999.000 -9999.000 -9999.000 -9999.000 -9999.000 -9999.000 -9999.000 -9999.000 -9999.000 -9999.000 -9999.000 -9999.000 -9999.000 -9999.000 -9999.000 -9999.000 -9999.000 -9999.000 -9999.000 -9999.000 -9999.000 -9999.000 -9999.000 -9999.000 -9999.000 -9999.000 -9999.000 -9999.000 -9999.000 -9999.000
-9999.000 -9999.000 -9999.000 -9999.000 -9999.000 -9999.000 -9999.000 -9999.000 -9999.000 -9999.000 -9999.000 -9999.000 -9999.000 -9999.000 -9999.000 -9999.000 -9999.000 -9999.000 -9999.000 -9999.000 26.230 61.893 nan nan nan nan nan 180.756 170.212 171.360 171.029 163.829 161.555 nan -9999.000 -9999.000 -9999.000 -9999.000 -9999.000 -9999.000 -9999.000 -9999.000 -9999.000 -9999.000 -9999.000 -9999.000 -9999.000 -9999.000 -9999.000 -9999.000 -9999.000 -9999.000 -9999.000 -9999.000 -9999.000 -9999.000 -9999.000 -9999.000 -9999.000 -9999.000 -9999.000 -9999.000 -9999.000 -9999.000 -9999.000 -9999.000
-9999.000 -9999.000 -9999.000 -9999.000 -9999.000 -9999.000 -9999.000 -9999.000 -9999.000 -9999.000 -9999.000 -9999.000 -9999.000 -9999.000 -9999.000 -9999.000 -9999.000 -9999.000 -9999.000 -9999.000 147.602 179.129 169.223 173.895 167.118 174.217 170.779 179.479 172.922 169.907 173.753 169.222 173.395 nan nan -9999.000 -9999.000 -9999.000 -9999.000 -9999.000 -9999.000 -9999.000 -9999.000 -9999.000 -9999.000 -9999.000 -9999.000 -9999.000 -9999.000 -9999.000 -9999.000 -9999.000 -9999.000 -9999.000 -9999.000 -9999.000 -9999.000 -9999.000 -9999.000 -9999.000 -9999.000 -9999.000 -9999.000 -9999.000 -9999.000 -9999.000
-9999.000 -9999.000 -9999.000 -9999.000 -9999.000 -9999.000 -9999.000 -9999.000 -9999.000 -9999.000 -9999.000 -9999.000 155.330 158.086 -9999.000 -9999.000 -9999.000 -9999.000 -9999.000 160.153 165.177 178.349 180.564 182.025 176.413 165.801 166.936 173.105 173.721 177.111 172.426 162.785 169.883 168.342 nan nan -9999.000 -9999.000 -9999.000 -9999.000 -9999.000 -9999.000 -9999.000 -9999.000 -9999.000 -9999.000 -9999.000 -9999.000 -9999.000 -9999.000 -9999.000 -9999.000 -9999.000 -9999.000 -9999.000 -9999.000 -9999.000 -9999.000 -9999.000 -9999.000 -9999.000 -9999.000 -9999.000 -9999.000 -9999.000 -9999.000
-9999.000 -9999.000 -9999.000 -9999.000 -9999.000 -9999.000 -9999.000 -9999.000 -9999.000 -9999.000 162.455 159.723 162.937 163.942 nan 157.522 158.345 157.630 nan 170.206 175.941 176.278 181.447 180.868 183.297 176.900 179.448 174.096 176.559 177.837 177.559 167.895 166.667 174.502 175.776 nan nan -9999.000 -9999.000 -9999.000 -9999.000 -9999.000 -9999.000 -9999.000 -9999.000 -9999.000 -9999.000 -9999.000 -9999.000 -9999.000 -9999.000 -9999.000 -9999.000 -9999.000 -9999.000 -9999.000 -9999.000 -9999.000 -9999.000 -9999.000 -9999.000 -9999.000 -9999.000 -9999.000 -9999.000 -9999.000
-9999.000 -9999.000 -9999.000 -9999.000 -9999.000 -9999.000 -9999.000 -9999.000 166.486 159.983 163.381 185.822 164.610 173.784 183.553 183.033 182.014 155.831 167.711 180.522 165.414 151.865 152.573 174.252 180.865 182.075 184.981 178.452 171.563 179.135 165.857 169.948 172.936 165.212 169.068 166.105 nan nan -9999.000 -9999.000 -9999.000 -9999.000 -9999.000 -9999.000 -9999.000 -9999.000 -9999.000 -9999.000 -9999.000 -9999.000 -9999.000 -9999.000 -9999.000 -9999.000 -9999.000 -9999.000 -9999.000 -9999.000 -9999.000 -9999.000 -9999.000 -9999.000 -9999.000 -9999.000 -9999.000 -9999.000
-9999.000 -9999.000 -9999.000 -9999.000 -9999.000 -9999.000 -9999.000 nan 167.661 186.445 181.269 184.723 185.181 174.373 177.768 169.749 172.405 168.784 167.190 178.554 170.577 149.018 171.426 181.057 181.853 177.477 170.131 179.692 184.862 178.112 172.946 178.985 165.901 178.569 170.960 166.996 174.641 nan nan nan -9999.000 -9999.000 -9999.000 -9999.000 -9999.000 -9999.000 -9999.000 -9999.000 -9999.000 -9999.000 -9999.000 -9999.000 -9999.000 -9999.000 -9999.000 -9999.000 -9999.000 -9999.000 -9999.000 -9999.000 -9999.000 -9999.000 -9999.000 nan nan nan
-9999.000 -9999.000 -9999.000 -9999.000 -9999.000 -9999.000 180.573 78.364 178.579 179.546 184.112 182.845 183.169 184.688 176.502 172.882 172.983 174.615 173.836 169.470 179.437 178.408 168.611 181.450 178.921 168.328 180.464 180.034 179.859 180.514 180.266 179.340 171.959 179.534 166.939 167.747 168.907 178.759 172.010 28.001 nan -9999.000 -9999.000 -9999.000 -9999.000 -9999.000 -9999.000 -9999.000 -9999.000 -9999.000 -9999.000 -9999.000 -9999.000 -9999.000 -9999.000 -9999.000 -9999.000 -9999.000 -9999.000 -9999.000 -9999.000 -9999.000 nan nan 170.492 nan
-9999.000 -9999.000 -9999.000 -9999.000 -9999.000 nan 170.690 181.247 185.181 182.836 180.043 176.369 185.928 178.715 177.178 176.428 175.708 174.612 172.810 173.309 173.509 179.255 139.981 149.625 178.580 181.074 182.247 182.980 183.369 181.718 180.694 183.010 181.312 175.303 177.121 175.903 177.676 175.330 173.377 176.661 nan nan nan -9999.000 -9999.000 -9999.000 -9999.000 -9999.000 -9999.000 -9999.000 -9999.000 -9999.000 -9999.000 -9999.000 -9999.000 -9999.000 -9999.000 -9999.000 -9999.000 nan nan nan nan 168.905 170.138 166.905
-9999.000 -9999.000 -9999.000 -9999.000 -9999.000 nan 173.691 173.889 172.687 172.279 177.324 173.475 179.804 186.920 178.702 174.372 173.283 177.614 175.807 172.762 171.042 172.243 171.253 162.664 179.377 179.504 180.832 182.392 180.053 177.128 156.000 165.900 168.537 182.501 179.694 172.575 172.612 176.178 170.674 174.299 175.175 163.835 nan nan -9999.000 -9999.000 -9999.000 -9999.000 -9999.000 -9999.000 158.491 164.794 nan nan nan nan nan nan nan nan 161.390 163.111 166.896 170.825 172.548 166.316
-9999.000 -9999.000 -9999.000 -9999.000 nan nan 169.189 173.893 175.284 175.298 180.479 169.745 176.222 184.897 183.744 179.083 177.791 163.773 170.758 177.801 175.973 172.780 178.504 176.184 179.001 180.510 181.775 180.102 167.973 155.709 161.702 166.674 179.763 180.459 183.257 178.149 170.116 171.623 169.393 169.423 179.606 162.241 172.639 nan nan -9999.000 -9999.000 -9999.000 -9999.000 163.713 168.334 157.647 164.756 172.485 172.920 170.328 164.993 164.825 165.145 167.848 170.367 170.235 nan 172.810 41.723 57.921
-9999.000 -9999.000 -9999.000 167.073 nan 154.836 157.045 177.482 175.627 179.925 183.912 183.020 168.733 178.670 185.958 181.084 184.077 165.707 178.414 176.778 172.117 167.268 163.727 177.517 180.742 179.450 177.858 153.076 178.228 179.179 179.458 180.120 180.989 181.480 182.239 182.977 174.562 171.032 169.033 173.693 176.962 165.867 23.878 168.795 nan nan nan nan nan nan 163.084 169.190 163.617 164.473 168.422 174.970 172.132 170.953 166.236 70.531 nan nan nan 174.537 nan 164.297
-9999.000 -9999.000 165.221 149.465 142.707 154.149 153.875 161.541 172.799 177.812 179.384 178.088 175.835 172.758 184.101 187.046 183.495 174.618 166.949 170.857 179.319 169.498 166.922 175.016 177.982 177.683 157.859 169.135 180.112 179.477 180.957 181.627 181.884 182.097 182.068 182.645 174.081 180.764 179.658 178.428 177.527 171.654 2.406 53.527 167.374 164.444 163.710 153.524 173.098 169.980 161.034 164.732 168.636 166.587 167.013 172.756 174.148 170.493 165.307 171.598 nan nan nan nan nan 166.844
-9999.000 -9999.000 134.571 130.056 130.965 132.584 154.466 170.888 173.500 174.879 178.311 183.823 178.007 173.935 176.367 183.900 182.463 179.699 175.214 173.902 174.980 171.159 174.917 172.948 180.385 177.083 161.630 180.046 180.210 178.857 179.838 181.724 178.194 179.633 178.539 179.541 179.915 181.240 154.759 156.943 178.678 177.717 176.457 171.900 175.253 162.102 156.044 160.438 163.498 164.264 169.997 172.096 170.199 168.982 167.659 171.188 175.494 nan nan nan nan nan nan nan 175.268 168.366
-9999.000 167.271 146.624 130.152 130.724 129.412 154.168 173.840 174.674 175.502 178.045 178.548 180.808 179.549 177.772 178.421 182.618 179.786 175.752 178.687 172.511 169.417 174.458 174.918 167.284 172.532 178.797 178.746 179.697 180.284 178.599 181.174 176.013 178.011 177.210 173.343 182.506 175.884 168.504 144.122 148.350 138.113 174.637 179.938 176.645 174.453 161.353 161.160 167.056 nan 163.948 166.849 175.207 170.854 154.997 160.854 168.567 169.897 nan nan nan nan nan nan 168.531 48.048
161.293 nan 166.759 167.212 161.041 150.989 151.490 169.488 173.552 176.883 180.475 176.569 180.751 182.764 179.463 174.793 182.544 177.507 178.439 172.455 177.770 179.571 163.103 166.425 167.879 165.919 178.561 179.090 177.470 179.982 181.849 176.840 176.391 177.846 170.420 172.568 183.220 168.868 163.652 179.992 178.252 177.913 146.627 141.066 156.228 175.196 174.348 175.603 170.542 166.432 42.884 16.933 165.208 166.701 171.951 168.243 169.874 171.585 170.965 173.380 nan nan nan 173.095 nan nan
nan 161.735 166.746 167.316 169.619 157.054 156.625 164.516 174.838 176.047 178.787 181.152 179.441 180.727 183.418 179.956 183.130 181.166 178.776 175.774 176.077 173.440 177.743 174.871 169.866 173.658 178.878 177.615 175.244 175.284 177.187 170.723 177.402 175.312 176.182 180.938 174.243 179.533 174.545 175.048 170.944 170.876 176.416 149.943 135.932 149.981 164.751 178.535 168.543 173.763 171.386 nan nan nan nan nan nan nan 177.292 172.677 170.117 168.678 169.031 170.786 nan nan
166.172 167.746 168.277 170.961 169.230 168.552 165.177 170.725 177.792 175.467 178.448 182.396 178.418 178.481 180.438 180.432 176.904 182.205 172.688 178.180 179.116 172.273 180.823 175.298 178.015 178.201 174.555 177.242 179.597 180.155 177.161 178.439 174.678 168.974 176.216 176.044 175.308 173.023 175.764 174.984 177.339 167.208 166.310 176.992 175.575 132.830 127.668 128.938 141.754 170.263 170.978 173.842 173.000 174.425 173.081 173.055 136.641 137.373 151.298 133.771 134.239 162.379 169.827 169.091 168.735 172.384
nan 170.272 172.228 172.433 173.497 nan 173.655 175.516 177.623 180.058 179.018 179.567 179.762 182.794 179.753 182.279 180.605 180.523 182.254 180.360 178.255 166.310 179.693 173.875 176.528 176.563 164.282 174.832 180.035 179.999 178.953 178.942 175.779 171.784 176.700 177.348 178.405 173.353 174.331 172.844 173.266 165.392 172.391 175.856 159.968 128.882 121.718 128.466 127.492 129.195 132.914 164.573 150.721 165.369 137.715 142.056 131.407 128.818 129.318 129.231 169.805 166.545 168.357 168.085 168.339 169.511
166.585 171.117 171.696 171.852 172.494 173.485 173.030 176.826 177.294 180.013 178.283 179.846 180.184 179.883 183.047 182.768 184.201 180.421 180.459 174.605 179.723 173.972 175.585 175.230 174.716 171.053 174.193 175.815 179.745 179.755 174.920 174.682 175.452 175.845 177.374 178.461 181.567 174.364 169.652 172.225 159.604 142.040 128.882 127.440 124.081 131.426 168.219 173.713 174.827 168.945 163.497 130.347 131.425 131.708 130.551 130.210 132.420 130.581 145.879 166.792 166.194 168.559 159.734 163.674 170.305 169.420
132.568 143.161 153.014 171.197 171.140 172.787 173.775 177.718 180.185 180.679 181.216 183.145 181.779 182.960 184.098 183.818 183.338 183.796 180.901 178.183 174.298 173.706 173.437 171.911 172.509 175.077 168.906 171.418 179.283 179.493 173.265 176.899 176.633 177.884 180.624 179.549 177.382 178.490 173.593 165.733 170.188 168.798 166.290 153.346 164.341 174.402 170.261 170.237 167.723 165.693 172.456 154.557 171.007 132.286 129.631 127.275 129.573 147.065 166.555 163.924 166.301 159.389 165.671 167.757 161.517 169.228
129.145 129.993 129.524 130.826 137.951 177.449 175.085 175.597 177.676 177.669 178.652 179.115 178.917 179.690 182.308 183.216 182.548 182.002 181.189 179.181 176.243 178.887 173.575 174.005 170.249 170.438 167.409 160.929 177.460 179.875 170.947 176.099 174.772 178.496 177.565 179.194 179.773 180.091 174.533 167.719 173.982 172.143 166.235 162.926 158.511 159.940 158.733 165.282 161.128 172.325 172.346 171.380 164.529 166.641 171.450 130.685 159.846 162.039 163.255 167.921 170.195 168.542 167.425 167.104 167.625 168.186
129.189 124.950 124.538 124.941 138.038 168.551 165.399 158.236 153.971 144.173 172.166 176.600 179.349 180.496 180.423 184.799 182.591 183.188 183.658 180.828 179.198 176.184 169.634 169.327 170.915 169.417 170.240 167.190 171.291 179.293 178.291 178.748 177.394 178.734 175.753 176.589 180.613 180.415 174.363 173.805 170.560 174.001 166.876 50.582 nan nan nan nan 168.987 165.627 172.494 172.379 169.447 164.903 163.507 165.357 169.346 164.162 161.419 165.256 167.150 168.322 166.391 166.997 3.497 169.537
123.481 130.894 169.905 158.952 149.221 161.194 144.119 138.945 137.341 137.386 144.728 175.522 161.095 162.632 174.510 181.010 182.105 181.959 182.864 181.700 179.894 177.845 179.241 176.412 171.095 168.590 172.230 170.012 170.020 177.678 178.925 177.906 175.169 177.374 179.700 173.967 178.737 180.561 173.670 178.027 171.738 173.133 167.619 172.444 165.759 59.646 nan nan 169.527 166.857 173.311 172.029 169.225 168.580 162.931 160.841 161.177 163.990 161.838 162.897 166.534 32.171 171.335 nan 47.321 nan
120.323 158.600 159.693 164.932 165.061 143.179 140.275 146.157 139.393 149.934 136.069 159.047 175.897 173.977 170.897 176.813 178.376 181.181 183.347 182.252 180.932 179.909 177.132 175.254 177.715 172.972 174.014 168.524 170.631 176.953 178.790 178.704 178.909 177.186 178.722 175.455 177.602 180.151 176.219 176.067 177.066 173.684 172.105 166.810 171.088 nan 168.676 nan 62.874 167.818 170.628 135.814 165.695 171.297 168.025 nan nan nan nan 3.161 167.844 167.397 32.585 47.439 168.293 170.812
