test_integration/test_sample_run/example/results.meteodistr/output_maps/SWEDENSITYN0164.asc
ncols         174
nrows         141
xllcorner     744500.000000
yllcorner     5140950.000000
cellsize      250.000000
NODATA_value  -9999.0
[rows 64 to 95 of 141, columns 71 to 141 of 174]
183.511 185.050 182.499 184.319 194.910 nan 167.981 195.218 201.710 15.366 nan nan nan nan nan nan nan 5.803 209.522 200.137 201.117 206.579 nan nan nan nan nan nan nan nan nan nan nan 27.925 nan nan nan nan nan nan nan nan nan nan nan nan nan 178.906 180.112 193.976 nan nan 188.693 198.949 nan nan nan nan nan nan nan nan nan 172.848 173.381 195.221 nan nan nan nan nan
200.058 180.506 194.443 187.266 140.500 nan 193.342 185.971 189.147 212.538 nan nan nan nan nan nan nan nan nan nan nan nan nan nan nan nan nan nan nan nan nan 223.692 108.451 192.717 nan nan nan nan nan nan nan nan nan nan nan nan nan 184.112 179.327 nan nan 187.773 181.720 196.833 nan nan nan nan nan nan nan nan nan 168.480 204.826 nan nan nan nan nan nan
nan 204.385 201.930 210.165 nan 199.193 186.072 181.900 199.538 199.860 43.833 nan nan nan nan nan nan nan nan nan nan nan nan nan nan nan nan nan nan 217.674 99.594 192.405 100.113 nan nan nan 224.302 196.201 195.020 206.513 nan nan nan nan nan 74.493 212.037 220.972 214.897 nan nan 182.962 184.235 nan nan nan nan nan nan nan nan 190.929 186.506 nan nan nan nan nan nan nan 187.593
nan 215.436 200.421 nan 85.906 184.688 184.498 187.777 193.583 199.780 nan nan nan nan nan nan nan nan nan nan nan nan nan nan 88.616 nan 227.043 208.670 200.260 192.908 186.373 188.120 180.433 nan nan nan nan 188.291 189.849 192.697 198.686 227.563 nan nan 215.478 206.247 209.481 220.326 nan nan 207.999 193.876 201.247 nan nan nan nan nan nan 216.737 203.211 174.548 178.628 nan nan nan nan nan 186.614 184.618 179.209
nan nan nan nan 206.061 200.126 200.151 nan 211.059 nan nan nan nan nan nan nan nan nan nan nan nan 69.942 225.587 37.811 115.124 63.336 201.746 193.040 188.734 185.510 178.926 180.194 nan nan nan nan nan 194.295 182.541 188.660 188.554 191.309 202.074 nan nan nan nan nan nan nan 193.365 206.085 nan nan nan nan nan 203.869 192.230 190.823 184.584 194.094 nan nan nan nan 190.711 183.585 177.259 172.441 177.911
nan nan nan nan nan nan nan nan nan nan nan nan nan nan nan nan nan nan nan nan 57.862 190.224 192.919 186.818 193.770 193.780 193.467 194.406 197.076 176.007 196.547 180.512 nan nan 73.169 nan nan 201.233 185.304 181.099 181.250 186.815 194.358 nan nan nan nan nan 225.239 207.024 204.699 214.536 nan nan nan nan nan 213.529 195.476 195.785 204.189 nan nan nan nan 202.611 181.413 179.299 176.894 177.036 199.924
nan nan nan nan nan nan nan nan nan nan nan nan nan nan nan nan nan nan nan 206.394 nan 180.261 130.008 188.565 192.451 187.319 190.966 201.768 nan 196.418 188.345 229.325 nan nan 211.468 232.905 nan 217.649 222.612 186.232 190.677 187.319 200.289 205.892 nan nan nan nan 224.133 183.243 187.825 226.273 nan nan nan nan nan nan nan nan nan nan nan 219.293 192.904 180.532 -9999.000 -9999.000 -9999.000 nan -9999.000
nan nan nan nan nan 208.702 198.064 197.724 nan nan nan nan nan nan nan nan nan nan nan nan 195.061 178.706 181.322 188.363 180.106 178.014 179.437 192.105 nan 212.558 182.800 216.893 nan 202.081 205.089 214.354 nan nan nan nan 216.878 207.089 204.422 203.574 208.443 222.494 16.895 nan nan 228.445 220.930 213.774 nan nan nan nan nan nan nan nan nan nan nan nan 202.828 -9999.000 -9999.000 -9999.000 -9999.000 -9999.000 -9999.000
202.385 nan nan nan 212.930 198.764 198.593 nan nan nan nan nan nan nan nan nan nan nan nan nan 212.226 216.367 202.874 179.960 179.161 178.090 189.874 189.091 185.829 nan 205.555 215.597 nan 187.915 205.175 195.213 223.485 nan nan nan nan nan 200.765 198.249 194.468 188.067 191.950 219.277 nan nan nan nan nan nan nan nan nan nan nan nan nan nan nan nan -9999.000 -9999.000 -9999.000 -9999.000 -9999.000 -9999.000 -9999.000
196.560 nan nan 211.373 204.827 194.352 202.702 nan nan nan nan nan nan nan nan nan nan nan nan nan nan 104.484 213.375 171.998 177.009 178.424 191.523 186.131 179.843 200.225 209.678 210.123 199.881 10.815 190.445 188.904 194.131 204.292 207.910 58.241 nan 220.710 215.615 193.104 188.669 185.490 192.221 209.089 213.182 nan nan nan nan nan nan nan nan nan nan nan 52.226 205.810 231.551 nan -9999.000 -9999.000 -9999.000 -9999.000 -9999.000 -9999.000 -9999.000
nan nan 205.788 183.852 189.256 nan nan nan nan nan nan nan nan nan nan nan nan nan nan nan 109.258 nan nan nan nan nan 207.047 181.520 180.828 193.751 212.783 nan nan nan 194.227 193.342 189.735 192.490 188.212 203.384 210.565 194.507 190.585 189.053 183.906 183.627 186.954 186.383 190.555 229.958 nan nan nan nan nan nan nan nan nan 199.656 183.041 179.536 186.306 204.162 -9999.000 -9999.000 -9999.000 -9999.000 -9999.000 -9999.000 -9999.000
nan 66.170 195.549 187.330 214.825 nan nan nan nan nan nan nan nan nan nan nan nan nan nan nan nan nan nan nan nan nan nan 188.288 204.326 199.492 234.664 nan nan 215.437 204.150 189.159 190.849 188.132 185.575 190.983 191.697 192.932 180.247 184.156 177.138 186.286 193.411 234.118 nan nan nan nan nan nan nan nan nan nan 213.172 197.861 187.600 175.593 183.259 -9999.000 -9999.000 -9999.000 -9999.000 -9999.000 -9999.000 -9999.000 -9999.000
nan 210.845 202.713 nan nan nan nan nan nan nan nan nan nan nan nan nan nan nan nan nan nan nan nan nan nan nan nan nan 208.763 217.419 223.398 nan 206.577 205.415 207.734 186.652 185.036 183.280 188.896 188.211 184.893 222.241 236.220 223.571 nan nan nan nan nan nan nan nan nan nan nan nan nan nan nan nan nan nan nan -9999.000 -9999.000 -9999.000 -9999.000 -9999.000 -9999.000 -9999.000 -9999.000
201.142 206.923 210.852 nan nan nan nan nan nan nan nan nan nan nan nan nan nan nan nan 83.580 nan 225.535 nan nan nan nan nan 108.723 210.452 220.573 nan 215.996 206.398 190.538 200.190 187.885 178.829 213.335 231.548 219.708 236.872 nan nan nan nan nan nan nan nan nan nan nan nan nan nan nan nan nan nan nan nan nan nan -9999.000 -9999.000 -9999.000 -9999.000 -9999.000 -9999.000 -9999.000 -9999.000
196.679 199.146 nan nan nan nan nan nan nan nan nan nan nan nan nan nan nan nan nan nan nan 205.179 202.361 nan nan 218.920 87.998 nan nan nan nan nan nan 222.453 219.558 223.869 nan nan nan nan nan nan nan nan nan nan nan nan nan nan 199.526 205.391 215.736 nan nan nan nan nan nan nan nan nan nan -9999.000 -9999.000 -9999.000 -9999.000 -9999.000 -9999.000 -9999.000 -9999.000
191.504 nan nan nan nan nan nan nan nan nan nan nan nan nan nan nan nan nan nan nan nan nan nan nan nan nan nan nan nan nan nan nan nan nan nan nan nan nan nan nan nan nan nan nan nan nan nan nan nan 207.774 207.708 226.177 nan nan nan nan nan nan nan nan nan nan nan -9999.000 -9999.000 -9999.000 -9999.000 -9999.000 -9999.000 -9999.000 -9999.000
nan nan nan nan nan nan nan nan nan nan nan nan nan nan nan nan nan nan nan nan nan nan nan nan nan nan nan nan nan nan nan nan nan nan nan nan nan nan nan nan nan nan nan nan nan nan nan nan 221.471 231.547 nan nan nan nan nan nan nan nan nan nan nan nan nan -9999.000 -9999.000 -9999.000 -9999.000 -9999.000 -9999.000 -9999.000 -9999.000
nan nan nan nan nan nan nan nan nan nan nan nan nan nan nan nan nan nan nan nan nan nan nan nan nan nan nan nan nan nan nan nan nan nan nan nan nan nan nan nan nan nan nan nan nan nan nan nan nan nan nan nan nan nan 217.637 220.125 nan nan nan nan nan nan nan nan -9999.000 -9999.000 -9999.000 -9999.000 -9999.000 -9999.000 -9999.000
nan nan nan nan nan nan nan nan nan nan nan nan nan nan nan nan nan nan nan nan nan nan nan nan nan nan nan nan nan nan nan nan nan nan nan nan nan nan nan nan nan nan nan nan nan nan nan nan nan nan 227.441 223.752 214.475 212.678 199.900 209.874 242.049 nan nan 217.231 215.978 nan nan nan -9999.000 -9999.000 -9999.000 -9999.000 -9999.000 -9999.000 -9999.000
nan nan nan nan nan nan nan nan nan nan nan nan nan nan nan nan nan nan nan nan nan nan nan nan nan nan nan nan nan nan nan nan nan nan nan nan nan nan nan nan nan nan nan nan nan nan nan nan nan nan 213.620 218.373 228.093 201.549 206.766 nan nan nan 122.023 204.678 211.277 nan nan nan -9999.000 -9999.000 -9999.000 -9999.000 -9999.000 -9999.000 -9999.000
nan nan nan nan nan nan nan nan nan nan nan nan nan nan nan nan nan nan nan nan nan nan nan nan nan nan nan nan nan nan nan nan nan nan nan nan nan nan nan nan nan nan nan nan nan nan nan nan nan 219.641 230.955 226.563 226.259 212.455 nan nan nan nan 213.447 217.599 227.082 nan nan -9999.000 -9999.000 -9999.000 -9999.000 -9999.000 -9999.000 -9999.000 -9999.000
nan nan nan nan nan nan nan nan nan nan nan nan nan nan nan nan nan nan nan nan nan nan nan 206.661 nan nan nan nan nan nan nan nan nan nan nan nan nan nan nan 226.634 206.055 189.420 196.378 192.543 209.586 nan nan 223.675 nan 224.171 nan nan 231.651 nan nan nan nan nan 226.035 nan 226.567 nan nan -9999.000 -9999.000 -9999.000 -9999.000 -9999.000 -9999.000 -9999.000 -9999.000
nan nan nan nan nan nan nan nan nan nan nan nan nan nan nan nan nan nan nan nan nan nan nan nan nan nan nan nan nan nan nan nan nan nan nan nan 222.354 203.496 202.371 208.567 202.349 203.755 199.328 207.791 209.559 226.954 228.658 228.600 nan nan nan nan nan nan nan nan nan 229.279 nan nan nan 212.042 nan -9999.000 -9999.000 -9999.000 -9999.000 -9999.000 -9999.000 -9999.000 -9999.000
nan nan nan nan nan nan nan nan nan nan nan nan nan nan nan nan nan nan nan nan nan nan nan nan nan nan nan nan nan nan nan nan nan nan nan 215.990 208.278 191.430 187.594 224.769 222.003 215.526 230.781 nan nan 226.839 nan nan 48.899 nan nan nan nan nan nan nan nan 226.713 227.590 nan 225.827 200.392 nan -9999.000 -9999.000 -9999.000 -9999.000 -9999.000 -9999.000 -9999.000 -9999.000
nan nan nan nan nan nan nan nan nan nan nan nan nan nan nan nan nan nan nan nan nan nan nan nan nan nan nan nan nan nan nan nan 212.581 202.784 nan 211.586 206.297 204.608 201.117 218.918 220.391 230.425 nan nan 106.533 226.966 222.974 205.781 213.294 204.731 213.920 230.342 nan nan 226.301 221.992 227.162 227.484 226.045 nan nan 217.355 141.478 -9999.000 -9999.000 -9999.000 -9999.000 -9999.000 -9999.000 -9999.000 -9999.000
nan nan nan nan nan nan nan nan nan nan nan nan nan nan nan nan nan nan nan nan nan nan nan nan nan nan nan nan nan nan nan 208.782 199.837 196.697 212.429 210.601 208.093 214.041 224.822 211.470 228.879 231.866 207.859 205.930 209.363 222.376 222.062 216.710 212.498 212.388 215.349 nan nan 223.732 229.539 224.438 231.404 226.622 227.849 225.728 nan nan nan -9999.000 -9999.000 -9999.000 -9999.000 -9999.000 -9999.000 -9999.000 -9999.000
nan nan nan nan nan nan nan nan nan nan nan nan nan nan nan nan nan nan nan nan nan nan nan nan 40.780 224.177 95.067 nan nan 58.081 208.433 198.378 208.711 192.942 206.566 228.075 223.717 nan nan 222.703 224.749 226.641 218.867 216.173 213.410 nan nan nan nan 225.833 nan nan 226.075 229.718 231.310 227.272 215.949 226.175 225.671 225.926 nan nan -9999.000 -9999.000 -9999.000 -9999.000 -9999.000 -9999.000 -9999.000 -9999.000 -9999.000
nan nan nan nan nan nan nan nan nan nan nan nan nan nan nan nan nan nan nan nan nan nan nan 214.045 189.936 186.816 191.411 nan nan nan 26.481 nan nan 227.168 206.950 223.628 nan nan nan nan 219.059 nan nan nan 223.688 nan -9999.000 -9999.000 -9999.000 -9999.000 -9999.000 -9999.000 -9999.000 229.895 137.856 nan 207.556 209.527 208.982 nan nan -9999.000 -9999.000 -9999.000 -9999.000 -9999.000 -9999.000 -9999.000 -9999.000 -9999.000 -9999.000
nan nan nan nan nan nan nan nan nan nan nan nan nan nan nan nan nan nan nan nan nan nan nan nan 208.458 185.475 nan nan nan nan nan nan nan nan nan nan nan nan nan nan nan 228.188 -9999.000 -9999.000 -9999.000 -9999.000 -9999.000 -9999.000 -9999.000 -9999.000 -9999.000 -9999.000 -9999.000 -9999.000 -9999.000 227.002 225.048 198.073 225.954 nan -9999.000 -9999.000 -9999.000 -9999.000 -9999.000 -9999.000 -9999.000 -9999.000 -9999.000 -9999.000 -9999.000
nan nan nan nan nan nan nan nan nan nan nan nan nan nan nan nan nan nan nan nan nan nan nan nan nan nan nan nan nan nan nan nan nan nan nan nan nan 221.892 nan nan -9999.000 -9999.000 -9999.000 -9999.000 -9999.000 -9999.000 -9999.000 -9999.000 -9999.000 -9999.000 -9999.000 -9999.000 -9999.000 -9999.000 -9999.000 -9999.000 228.666 nan nan -9999.000 -9999.000 -9999.000 -9999.000 -9999.000 -9999.000 -9999.000 -9999.000 -9999.000 -9999.000 -9999.000 -9999.000
nan nan nan nan nan nan nan nan nan nan nan nan nan nan nan nan nan nan nan nan nan 193.323 nan nan nan nan nan nan nan nan nan nan nan nan nan nan nan nan nan -9999.000 -9999.000 -9999.000 -9999.000 -9999.000 -9999.000 -9999.000 -9999.000 -9999.000 -9999.000 -9999.000 -9999.000 -9999.000 -9999.000 -9999.000 -9999.000 -9999.000 -9999.000 nan -9999.000 -9999.000 -9999.000 -9999.000 -9999.000 -9999.000 -9999.000 -9999.000 -9999.000 -9999.000 -9999.000 -9999.000 -9999.000
nan nan nan nan nan nan nan nan nan nan nan nan nan nan nan nan nan nan nan nan 201.629 205.732 36.453 nan nan nan nan nan nan nan nan nan 216.431 -9999.000 -9999.000 -9999.000 nan nan -9999.000 -9999.000 -9999.000 -9999.000 -9999.000 -9999.000 -9999.000 -9999.000 -9999.000 -9999.000 -9999.000 -9999.000 -9999.000 -9999.000 -9999.000 -9999.000 -9999.000 -9999.000 -9999.000 -9999.000 -9999.000 -9999.000 -9999.000 -9999.000 -9999.000 -9999.000 -9999.000 -9999.000 -9999.000 -9999.000 -9999.000 -9999.000 -9999.000
