test_integration/test_sample_run/example/results.meteodistr/output_maps/SWEDENSITYN0029.asc
ncols         174
nrows         141
xllcorner     744500.000000
yllcorner     5140950.000000
cellsize      250.000000
NODATA_value  -9999.0
[rows 29 to 57 of 141, columns 0 to 65 of 174]
-9999.000 -9999.000 -9999.000 -9999.000 -9999.000 -9999.000 -9999.000 -9999.000 -9999.000 -9999.000 -9999.000 -9999.000 -9999.000 -9999.000 -9999.000 -9999.000 -9999.000 -9999.000 -9999.000 -9999.000 -9999.000 -9999.000 -9999.000 -9999.000 -9999.000 -9999.000 -9999.000 -9999.000 -9999.000 -9999.000 -9999.000 -9999.000 -9999.000 -9999.000 -9999.000 -9999.000 -9999.000 -9999.000 -9999.000 100.168 103.459 103.751 103.177 -9999.000 96.372 -9999.000 -9999.000 -9999.000 -9999.000 -9999.000 -9999.000 -9999.000 -9999.000 -9999.000 -9999.000 -9999.000 -9999.000 -9999.000 -9999.000 -9999.000 -9999.000 101.333 96.896 84.056 85.864 79.780
-9999.000 -9999.000 -9999.000 -9999.000 -9999.000 -9999.000 -9999.000 -9999.000 -9999.000 -9999.000 -9999.000 -9999.000 -9999.000 -9999.000 -9999.000 -9999.000 -9999.000 -9999.000 -9999.000 -9999.000 -9999.000 -9999.000 -9999.000 -9999.000 -9999.000 -9999.000 -9999.000 -9999.000 -9999.000 -9999.000 -9999.000 -9999.000 -9999.000 -9999.000 -9999.000 -9999.000 -9999.000 -9999.000 87.292 89.555 100.497 101.179 103.143 96.430 87.795 89.876 -9999.000 -9999.000 -9999.000 -9999.000 -9999.000 -9999.000 -9999.000 -9999.000 -9999.000 -9999.000 -9999.000 -9999.000 -9999.000 -9999.000 77.671 92.072 99.083 93.167 88.912 84.810
-9999.000 -9999.000 -9999.000 -9999.000 -9999.000 -9999.000 -9999.000 -9999.000 -9999.000 -9999.000 -9999.000 -9999.000 -9999.000 -9999.000 -9999.000 -9999.000 -9999.000 -9999.000 -9999.000 -9999.000 -9999.000 -9999.000 -9999.000 -9999.000 -9999.000 -9999.000 -9999.000 -9999.000 -9999.000 -9999.000 -9999.000 -9999.000 -9999.000 -9999.000 -9999.000 -9999.000 -9999.000 97.338 99.909 97.246 99.217 101.095 102.517 92.595 92.966 95.850 100.897 100.825 -9999.000 -9999.000 -9999.000 -9999.000 -9999.000 -9999.000 -9999.000 -9999.000 -9999.000 -9999.000 -9999.000 87.360 83.594 93.143 101.943 90.122 88.357 88.922
-9999.000 -9999.000 -9999.000 -9999.000 -9999.000 -9999.000 -9999.000 -9999.000 -9999.000 -9999.000 -9999.000 -9999.000 -9999.000 -9999.000 -9999.000 -9999.000 -9999.000 -9999.000 -9999.000 -9999.000 -9999.000 -9999.000 -9999.000 -9999.000 -9999.000 -9999.000 -9999.000 -9999.000 -9999.000 -9999.000 -9999.000 -9999.000 -9999.000 -9999.000 -9999.000 -9999.000 96.378 95.512 94.116 98.694 99.594 100.435 106.677 94.465 94.673 81.264 101.155 96.200 95.586 -9999.000 -9999.000 -9999.000 -9999.000 -9999.000 -9999.000 -9999.000 95.724 101.581 88.301 87.440 80.910 85.810 106.102 97.262 82.698 85.588
-9999.000 -9999.000 -9999.000 -9999.000 -9999.000 -9999.000 -9999.000 -9999.000 -9999.000 -9999.000 -9999.000 -9999.000 -9999.000 -9999.000 -9999.000 -9999.000 -9999.000 -9999.000 -9999.000 -9999.000 -9999.000 -9999.000 -9999.000 -9999.000 -9999.000 -9999.000 -9999.000 -9999.000 -9999.000 -9999.000 -9999.000 -9999.000 -9999.000 -9999.000 -9999.000 97.661 97.051 96.679 94.516 93.566 100.151 100.968 109.739 91.169 81.292 85.627 92.877 99.429 101.765 100.679 71.674 76.873 72.490 94.047 99.677 102.576 86.460 99.804 71.562 88.484 82.523 86.991 109.593 76.952 80.456 89.807
-9999.000 -9999.000 -9999.000 -9999.000 -9999.000 -9999.000 -9999.000 -9999.000 -9999.000 -9999.000 -9999.000 -9999.000 -9999.000 -9999.000 -9999.000 -9999.000 -9999.000 -9999.000 -9999.000 -9999.000 -9999.000 -9999.000 -9999.000 -9999.000 -9999.000 -9999.000 -9999.000 -9999.000 -9999.000 -9999.000 -9999.000 -9999.000 -9999.000 100.799 100.398 99.533 98.671 98.646 97.155 91.004 95.687 102.444 110.248 105.335 104.694 114.740 102.062 91.824 87.583 87.578 82.177 86.201 69.401 87.780 95.280 96.702 101.619 106.400 75.762 72.466 97.008 87.441 112.743 77.881 86.837 92.636
-9999.000 -9999.000 -9999.000 -9999.000 -9999.000 -9999.000 -9999.000 -9999.000 -9999.000 -9999.000 -9999.000 -9999.000 -9999.000 -9999.000 -9999.000 -9999.000 -9999.000 -9999.000 -9999.000 -9999.000 -9999.000 -9999.000 -9999.000 -9999.000 -9999.000 -9999.000 -9999.000 -9999.000 -9999.000 -9999.000 -9999.000 -9999.000 101.208 104.698 99.724 99.743 101.567 102.323 95.297 92.299 96.962 93.687 91.232 117.817 117.459 88.889 87.095 83.395 84.904 89.641 94.164 89.118 84.022 78.089 87.045 90.006 98.087 105.014 91.813 79.659 102.042 79.631 117.261 79.387 85.202 97.070
-9999.000 -9999.000 -9999.000 -9999.000 -9999.000 -9999.000 -9999.000 -9999.000 -9999.000 -9999.000 -9999.000 -9999.000 -9999.000 -9999.000 -9999.000 -9999.000 -9999.000 -9999.000 -9999.000 -9999.000 -9999.000 -9999.000 -9999.000 -9999.000 -9999.000 -9999.000 -9999.000 -9999.000 -9999.000 -9999.000 -9999.000 -9999.000 -9999.000 100.404 106.514 102.756 102.843 106.589 91.132 95.462 92.615 93.426 109.033 120.593 109.343 85.768 89.439 91.184 95.013 96.443 88.307 85.948 90.976 89.235 86.470 84.584 86.195 98.745 109.830 85.927 86.158 80.983 118.036 83.637 79.317 102.205
-9999.000 -9999.000 -9999.000 -9999.000 -9999.000 -9999.000 -9999.000 -9999.000 -9999.000 -9999.000 -9999.000 -9999.000 -9999.000 -9999.000 -9999.000 -9999.000 -9999.000 -9999.000 -9999.000 -9999.000 -9999.000 -9999.000 -9999.000 -9999.000 -9999.000 -9999.000 -9999.000 -9999.000 -9999.000 -9999.000 -9999.000 -9999.000 -9999.000 89.589 96.256 107.127 101.840 106.639 87.086 95.084 106.030 95.109 93.685 121.666 111.906 86.702 95.838 100.667 100.855 88.865 83.024 84.932 84.306 81.987 94.330 97.414 82.992 81.413 102.771 112.695 93.747 94.193 120.103 90.804 85.839 85.676
-9999.000 -9999.000 -9999.000 -9999.000 -9999.000 -9999.000 -9999.000 -9999.000 -9999.000 -9999.000 -9999.000 -9999.000 -9999.000 -9999.000 -9999.000 -9999.000 -9999.000 -9999.000 -9999.000 -9999.000 -9999.000 -9999.000 -9999.000 -9999.000 -9999.000 -9999.000 -9999.000 -9999.000 -9999.000 -9999.000 -9999.000 -9999.000 -9999.000 89.987 90.212 92.270 104.860 95.793 95.938 85.251 90.919 101.563 94.844 122.755 96.743 87.272 100.272 102.036 93.155 92.050 92.530 88.482 89.194 99.241 94.451 89.170 92.236 75.502 84.790 107.159 107.264 103.714 121.595 95.692 81.868 73.777
-9999.000 -9999.000 -9999.000 -9999.000 -9999.000 -9999.000 -9999.000 -9999.000 -9999.000 -9999.000 -9999.000 -9999.000 -9999.000 -9999.000 -9999.000 -9999.000 -9999.000 -9999.000 -9999.000 -9999.000 -9999.000 -9999.000 -9999.000 -9999.000 -9999.000 -9999.000 -9999.000 -9999.000 -9999.000 -9999.000 -9999.000 -9999.000 -9999.000 98.730 99.940 97.429 84.276 95.385 107.351 106.886 107.126 96.544 102.956 124.280 93.081 102.689 104.158 96.884 98.438 99.940 97.133 97.160 95.309 92.012 104.915 82.131 91.565 84.652 83.252 88.007 104.005 114.280 113.613 100.260 77.726 87.381
-9999.000 -9999.000 -9999.000 -9999.000 -9999.000 -9999.000 -9999.000 -9999.000 -9999.000 -9999.000 -9999.000 -9999.000 -9999.000 -9999.000 -9999.000 -9999.000 -9999.000 -9999.000 -9999.000 -9999.000 -9999.000 -9999.000 -9999.000 -9999.000 -9999.000 -9999.000 -9999.000 -9999.000 -9999.000 -9999.000 -9999.000 -9999.000 90.520 85.489 90.751 84.070 91.028 111.875 113.334 121.037 124.462 113.678 112.729 110.664 91.039 107.013 109.941 83.139 98.036 100.906 102.082 98.664 96.773 87.204 95.291 88.771 77.282 98.366 93.590 82.306 98.372 125.046 117.120 106.871 80.335 73.575
-9999.000 -9999.000 -9999.000 -9999.000 -9999.000 -9999.000 -9999.000 -9999.000 -9999.000 -9999.000 -9999.000 -9999.000 -9999.000 -9999.000 -9999.000 -9999.000 -9999.000 -9999.000 -9999.000 -9999.000 -9999.000 -9999.000 -9999.000 -9999.000 -9999.000 -9999.000 -9999.000 -9999.000 -9999.000 -9999.000 -9999.000 92.638 94.900 96.096 105.477 107.707 109.171 106.001 97.712 100.922 105.555 114.419 122.082 114.011 94.090 109.941 99.857 91.075 83.763 84.091 103.514 93.156 99.898 95.796 81.444 102.831 84.437 93.810 85.623 91.177 98.780 111.296 117.467 101.726 80.931 75.884
-9999.000 -9999.000 -9999.000 -9999.000 -9999.000 -9999.000 -9999.000 -9999.000 -9999.000 -9999.000 -9999.000 -9999.000 -9999.000 -9999.000 -9999.000 -9999.000 -9999.000 -9999.000 -9999.000 -9999.000 -9999.000 -9999.000 -9999.000 -9999.000 -9999.000 -9999.000 -9999.000 -9999.000 -9999.000 -9999.000 98.122 101.654 101.706 102.863 98.064 104.228 94.968 87.727 89.770 91.526 99.905 108.117 119.958 120.602 102.406 97.177 110.235 100.534 97.680 92.065 85.056 101.544 88.365 100.148 82.538 113.882 94.144 86.906 101.329 85.531 97.433 116.359 117.193 100.468 82.509 73.072
-9999.000 -9999.000 -9999.000 -9999.000 -9999.000 -9999.000 -9999.000 -9999.000 -9999.000 -9999.000 -9999.000 -9999.000 -9999.000 -9999.000 -9999.000 -9999.000 -9999.000 -9999.000 -9999.000 -9999.000 -9999.000 -9999.000 -9999.000 -9999.000 -9999.000 -9999.000 -9999.000 -9999.000 -9999.000 -9999.000 105.369 100.904 92.652 96.208 91.544 96.910 83.553 79.299 88.269 84.334 93.601 105.094 119.937 125.743 131.435 130.117 121.908 111.629 104.939 109.893 102.734 88.127 95.815 83.975 101.491 94.382 107.687 93.070 104.743 98.653 93.361 116.138 118.095 93.922 83.733 86.556
-9999.000 -9999.000 -9999.000 -9999.000 -9999.000 -9999.000 -9999.000 -9999.000 -9999.000 -9999.000 -9999.000 -9999.000 -9999.000 -9999.000 -9999.000 -9999.000 -9999.000 -9999.000 -9999.000 -9999.000 -9999.000 -9999.000 -9999.000 -9999.000 -9999.000 -9999.000 -9999.000 -9999.000 -9999.000 -9999.000 94.046 92.929 94.168 90.175 97.892 93.272 78.047 95.181 92.061 83.605 97.910 110.945 111.532 111.455 116.282 121.109 125.275 130.291 127.540 121.259 114.343 100.480 96.209 95.727 106.505 102.668 111.904 93.311 92.111 103.747 100.329 119.894 117.494 104.101 83.721 101.597
-9999.000 -9999.000 -9999.000 -9999.000 -9999.000 -9999.000 -9999.000 -9999.000 -9999.000 -9999.000 -9999.000 -9999.000 -9999.000 -9999.000 -9999.000 -9999.000 -9999.000 -9999.000 -9999.000 -9999.000 -9999.000 -9999.000 108.909 107.936 108.791 103.535 98.532 -9999.000 -9999.000 -9999.000 92.289 88.441 92.944 83.409 93.180 84.586 91.448 89.830 84.444 89.599 110.753 114.976 104.542 99.836 107.264 110.955 117.419 121.583 131.127 135.238 132.762 122.210 112.163 112.843 101.925 117.790 114.494 106.217 107.854 98.891 110.740 131.442 119.844 93.457 82.549 101.157
-9999.000 -9999.000 -9999.000 -9999.000 -9999.000 -9999.000 -9999.000 -9999.000 -9999.000 -9999.000 -9999.000 -9999.000 -9999.000 -9999.000 -9999.000 -9999.000 -9999.000 -9999.000 -9999.000 -9999.000 -9999.000 109.554 107.316 104.681 100.612 93.009 95.864 97.308 -9999.000 91.672 90.963 87.891 88.675 88.649 87.083 94.133 92.566 78.583 86.327 98.516 111.156 106.327 97.086 104.732 100.236 101.789 105.875 111.822 127.174 134.594 135.474 126.567 128.003 123.308 125.056 121.623 125.031 126.322 126.107 123.994 129.912 135.559 114.329 87.817 90.803 101.209
-9999.000 -9999.000 -9999.000 -9999.000 -9999.000 -9999.000 -9999.000 -9999.000 -9999.000 -9999.000 -9999.000 -9999.000 -9999.000 -9999.000 -9999.000 -9999.000 -9999.000 -9999.000 -9999.000 111.540 113.537 107.819 102.932 100.340 94.623 93.539 87.598 89.853 85.840 91.689 85.835 92.385 93.122 95.929 92.173 76.773 82.339 84.180 93.360 107.831 103.607 93.769 88.015 99.368 92.234 89.668 98.969 100.252 113.135 130.030 136.997 134.121 133.502 135.240 135.772 135.945 136.411 136.418 135.012 134.307 138.359 134.193 111.507 95.848 98.569 100.986
-9999.000 -9999.000 -9999.000 -9999.000 -9999.000 -9999.000 -9999.000 -9999.000 -9999.000 -9999.000 -9999.000 -9999.000 -9999.000 -9999.000 -9999.000 -9999.000 102.914 103.508 109.882 112.790 107.791 102.847 100.293 97.999 94.087 92.522 91.891 84.152 81.326 88.752 81.438 90.012 97.452 98.219 83.604 80.104 87.745 91.666 101.513 102.538 94.613 90.242 84.779 84.194 85.766 98.165 105.979 93.671 106.101 119.923 138.527 138.493 137.712 139.279 137.901 137.214 137.788 138.265 141.240 140.753 139.792 133.237 122.125 118.997 104.208 95.378
-9999.000 -9999.000 -9999.000 -9999.000 -9999.000 -9999.000 -9999.000 -9999.000 -9999.000 -9999.000 -9999.000 -9999.000 -9999.000 -9999.000 -9999.000 -9999.000 101.450 104.887 109.205 109.563 103.900 102.852 99.595 94.744 91.615 86.337 90.876 82.891 84.461 85.358 84.035 84.469 87.882 88.202 83.034 87.820 96.662 115.415 97.388 91.227 102.210 84.462 85.784 93.161 91.923 85.219 93.332 107.326 117.891 119.839 138.753 141.180 140.040 140.271 139.639 139.982 140.346 141.750 143.963 143.996 142.525 140.135 133.948 129.572 122.505 113.678
-9999.000 -9999.000 -9999.000 -9999.000 -9999.000 -9999.000 -9999.000 -9999.000 -9999.000 -9999.000 -9999.000 -9999.000 -9999.000 -9999.000 -9999.000 100.386 107.448 107.642 108.734 107.294 104.373 102.527 98.835 95.979 90.669 84.813 86.814 92.401 89.021 81.677 86.864 83.610 77.644 97.668 103.194 108.535 102.955 95.202 88.573 95.235 101.146 81.973 99.680 97.315 82.376 88.267 94.920 108.808 121.602 130.378 140.154 141.615 142.724 138.144 131.008 131.422 131.926 132.111 131.918 134.704 143.697 143.086 138.645 135.608 129.551 124.390
-9999.000 -9999.000 -9999.000 -9999.000 -9999.000 -9999.000 -9999.000 -9999.000 -9999.000 -9999.000 -9999.000 -9999.000 -9999.000 -9999.000 100.490 104.876 105.096 108.552 109.877 105.418 104.626 102.196 99.384 96.507 90.470 90.235 81.992 83.200 86.060 85.098 81.298 82.576 80.663 101.139 106.646 104.710 97.011 86.523 94.413 99.741 94.719 95.364 89.842 84.144 95.055 97.684 108.960 116.249 133.438 136.330 141.787 138.967 129.197 122.372 116.398 113.020 113.573 112.387 112.790 120.737 139.603 143.452 143.545 140.547 136.873 134.062
-9999.000 -9999.000 -9999.000 -9999.000 -9999.000 -9999.000 -9999.000 -9999.000 -9999.000 -9999.000 -9999.000 -9999.000 -9999.000 91.858 104.832 103.298 106.763 108.539 109.271 105.350 103.866 101.325 99.705 96.858 91.428 90.154 88.473 82.359 92.362 86.837 88.431 90.690 92.661 100.353 96.964 94.307 99.643 95.367 98.431 101.507 93.961 99.716 84.736 89.992 100.417 104.677 116.525 123.979 137.129 138.767 138.721 126.998 115.350 112.043 108.419 103.337 101.559 101.586 107.206 117.906 129.489 140.179 144.804 144.385 142.085 139.770
-9999.000 -9999.000 -9999.000 -9999.000 -9999.000 -9999.000 -9999.000 -9999.000 -9999.000 -9999.000 -9999.000 -9999.000 97.804 102.497 104.889 105.462 108.412 109.658 108.077 103.887 101.540 100.363 98.656 95.958 91.268 91.690 91.280 88.945 88.620 95.179 95.951 95.119 95.810 103.252 91.047 97.615 97.208 95.174 97.924 99.883 100.605 81.750 93.917 97.544 100.470 107.357 122.370 130.541 137.259 140.589 130.284 122.032 104.455 100.898 95.395 93.563 90.386 91.742 102.155 106.536 119.568 128.054 142.841 144.321 144.262 143.610
-9999.000 -9999.000 -9999.000 -9999.000 94.465 -9999.000 -9999.000 -9999.000 -9999.000 -9999.000 -9999.000 98.297 100.652 102.632 105.796 107.936 109.956 110.061 106.759 103.712 102.176 101.061 97.637 98.278 94.989 93.410 93.633 89.552 91.428 89.785 96.068 98.333 96.418 101.750 98.260 97.275 97.186 97.577 99.029 82.060 87.586 93.142 98.861 100.608 103.000 109.266 119.767 133.287 138.547 140.321 122.254 114.046 100.763 95.050 90.910 88.805 103.796 88.892 103.265 105.784 122.536 131.791 140.070 143.735 144.203 145.219
-9999.000 -9999.000 -9999.000 -9999.000 98.491 69.517 76.496 94.556 99.296 102.917 98.760 102.948 104.639 104.947 107.617 109.484 111.039 110.643 107.340 104.986 102.057 100.540 101.395 101.830 100.597 87.983 98.523 95.478 97.750 95.559 97.240 99.871 94.527 99.791 95.796 95.265 97.110 97.220 84.623 92.294 100.820 94.610 101.457 103.625 105.237 113.476 128.395 136.878 139.935 135.031 121.207 106.306 96.032 90.420 97.592 99.498 94.465 101.162 106.483 115.924 133.490 137.231 142.409 134.652 134.916 134.935
-9999.000 -9999.000 -9999.000 -9999.000 92.159 80.364 98.903 103.189 101.975 100.330 101.373 103.673 105.984 105.508 107.168 109.493 111.443 111.891 107.882 104.293 101.033 103.265 102.900 103.254 102.667 102.307 101.846 98.134 97.791 95.100 95.512 98.835 95.543 90.196 92.832 92.984 96.410 82.905 91.082 102.325 97.175 102.059 102.633 105.037 108.756 117.880 134.858 138.535 134.942 128.022 112.326 104.288 93.285 89.563 102.180 87.083 99.642 111.263 121.603 121.479 129.482 137.913 141.404 128.670 125.980 125.600
-9999.000 -9999.000 -9999.000 -9999.000 -9999.000 96.681 100.466 106.149 105.872 104.398 103.570 103.837 104.989 107.639 109.631 110.995 113.017 113.021 107.651 104.490 104.634 105.632 105.405 104.788 104.319 103.440 102.240 102.117 97.827 98.020 97.470 96.288 95.316 88.774 93.557 92.556 81.331 86.405 93.170 98.615 105.687 103.315 110.566 119.346 125.330 126.655 139.817 139.962 128.069 127.274 112.977 103.013 91.740 100.167 103.757 90.879 106.938 117.801 128.874 132.742 135.339 138.271 135.187 125.506 117.874 119.095
