test_integration/test_sample_run/example/results.meteodistr/output_maps/SWEDENSITYN0187.asc
ncols         174
nrows         141
xllcorner     744500.000000
yllcorner     5140950.000000
cellsize      250.000000
NODATA_value  -9999.0
[rows 64 to 95 of 141, columns 72 to 143 of 174]
201.058 198.718 200.137 210.178 nan nan 169.424 nan nan nan nan nan nan nan nan nan nan nan 215.320 216.125 221.073 nan nan nan nan nan nan nan nan nan nan nan nan nan nan nan nan nan nan nan nan nan nan nan nan nan 180.824 181.710 210.694 nan nan 207.044 8.929 nan nan nan nan nan nan nan nan nan 174.646 175.501 196.849 nan nan nan nan nan nan nan
196.227 210.589 203.252 nan nan 209.697 202.300 204.751 nan nan nan nan nan nan nan nan nan nan nan nan nan nan nan nan nan nan nan nan nan nan nan nan 206.692 nan nan nan nan nan nan nan nan nan nan nan nan nan 192.744 183.448 nan nan 193.858 185.881 211.050 nan nan nan nan nan nan nan nan nan 174.144 218.860 nan nan nan nan nan nan nan nan
220.143 217.780 nan nan 214.047 202.080 198.213 214.843 nan nan nan nan nan nan nan nan nan nan nan nan nan nan nan nan nan nan nan nan nan nan nan nan nan nan nan nan 210.289 208.992 219.247 nan nan nan nan nan nan 220.507 232.208 221.104 nan nan 185.221 185.887 nan nan nan nan nan nan nan nan 205.954 191.153 nan nan nan nan nan nan nan 204.117 196.652 nan
25.869 216.378 nan nan 201.018 202.326 205.891 209.203 27.595 nan nan nan nan nan nan nan nan nan nan nan nan nan nan nan nan nan nan 208.438 207.162 62.545 206.926 184.006 nan nan nan nan 196.190 202.728 205.772 214.498 nan nan nan 229.639 216.144 215.815 229.457 nan nan 214.265 195.735 214.002 nan nan nan nan nan nan 228.479 215.450 176.277 183.349 nan nan nan nan nan 199.254 202.089 191.111 181.566 218.197
nan nan nan 103.649 215.714 215.876 nan nan nan nan nan nan nan nan nan nan nan nan nan nan nan nan nan nan nan 203.861 207.202 202.003 11.194 183.678 186.512 nan nan nan nan nan 204.142 186.527 196.400 198.836 204.441 213.797 nan nan nan nan nan nan nan 207.995 218.650 nan nan nan nan nan 219.876 207.338 202.440 188.123 207.992 nan nan nan nan 205.417 193.611 186.436 178.130 184.033 nan 223.036
nan nan nan nan nan nan nan nan nan nan nan nan nan nan nan nan nan nan nan nan 138.171 206.499 202.462 207.519 207.339 207.114 209.065 213.547 177.480 197.892 182.228 nan nan nan nan nan 214.710 186.899 182.489 182.776 190.113 202.196 nan nan nan nan nan nan 208.077 221.156 215.537 nan nan nan nan nan 20.154 211.401 205.547 214.369 nan nan nan nan 210.667 185.508 183.999 179.829 178.871 212.193 nan -9999.000
nan nan nan nan nan nan nan nan nan nan nan nan nan nan nan nan nan nan 122.804 nan 198.992 nan 199.193 198.124 nan 43.850 nan nan 197.888 198.400 230.034 nan nan 217.583 nan nan nan 235.881 194.743 201.986 188.718 206.367 221.479 nan nan nan nan nan 187.000 192.490 229.665 nan nan nan nan nan nan nan nan nan nan nan 232.086 195.825 182.112 -9999.000 -9999.000 -9999.000 nan -9999.000 -9999.000 -9999.000
nan nan nan nan nan 213.949 212.811 nan nan nan nan nan nan nan nan nan nan nan nan 213.381 182.463 182.755 204.910 190.908 181.537 186.526 200.864 nan 222.528 186.939 219.383 nan 205.500 218.326 228.158 nan nan nan nan 227.113 207.986 209.644 205.117 220.834 238.100 nan nan nan 242.351 234.292 216.642 nan nan nan nan nan nan nan nan nan nan nan nan 206.955 -9999.000 -9999.000 -9999.000 -9999.000 -9999.000 -9999.000 -9999.000 -9999.000
nan nan nan nan 214.970 214.539 nan nan nan nan nan nan nan nan nan nan nan nan nan nan 230.338 208.662 189.876 182.700 179.727 195.799 195.977 192.948 nan 217.504 216.255 nan 191.616 218.479 202.215 238.235 nan nan nan nan nan 201.860 212.389 206.185 189.708 201.839 227.712 nan nan nan nan nan nan nan nan nan nan nan nan nan nan nan nan -9999.000 -9999.000 -9999.000 -9999.000 -9999.000 -9999.000 -9999.000 -9999.000 -9999.000
nan nan nan 220.340 210.846 218.631 nan nan nan nan nan nan nan nan nan nan nan nan nan nan nan 223.749 174.112 179.069 182.997 197.724 188.919 181.280 215.761 220.006 221.310 200.797 nan 193.095 191.171 195.865 212.868 220.605 nan nan 233.191 230.473 202.625 196.413 192.033 199.146 225.784 216.296 nan nan nan nan nan nan nan nan nan nan nan nan 220.020 251.135 nan -9999.000 -9999.000 -9999.000 -9999.000 -9999.000 -9999.000 -9999.000 -9999.000 -9999.000
nan 221.453 193.603 204.361 nan nan nan nan nan nan nan nan nan nan nan nan nan nan nan nan nan nan nan nan nan 209.379 182.889 182.347 194.953 224.666 nan nan nan 195.661 194.852 191.222 208.610 196.303 213.674 223.804 201.059 193.702 193.619 189.847 187.540 191.624 192.137 196.526 230.391 nan nan nan nan nan nan nan nan nan 210.981 186.152 181.502 188.992 209.007 -9999.000 -9999.000 -9999.000 -9999.000 -9999.000 -9999.000 -9999.000 -9999.000 -9999.000
nan 211.781 199.131 232.082 nan nan nan nan nan nan nan nan nan nan nan nan nan nan nan nan nan nan nan nan nan nan 195.221 219.587 203.926 249.057 nan nan 224.554 220.634 192.213 199.392 195.952 188.611 195.389 197.259 197.814 182.548 186.741 179.595 189.092 196.153 248.534 nan nan nan nan nan nan nan nan nan nan 227.549 211.990 188.958 181.087 189.141 -9999.000 -9999.000 -9999.000 -9999.000 -9999.000 -9999.000 -9999.000 -9999.000 -9999.000 -9999.000
nan 218.461 nan nan nan nan nan nan nan nan nan nan nan nan nan nan nan nan nan nan nan nan nan nan nan nan nan 215.234 231.709 nan nan 220.061 206.523 217.604 193.709 190.635 188.315 191.810 192.507 188.522 236.591 249.829 224.074 nan nan nan nan nan nan nan nan nan nan nan nan nan nan nan nan nan nan nan -9999.000 -9999.000 -9999.000 -9999.000 -9999.000 -9999.000 -9999.000 -9999.000 -9999.000 -9999.000
221.566 nan nan nan nan nan nan nan nan nan nan nan nan nan nan nan nan nan nan nan nan nan nan nan nan nan nan 223.670 234.205 nan 231.091 217.209 199.654 207.301 196.880 181.064 216.087 232.087 225.281 250.392 nan nan nan nan nan nan nan nan nan nan nan nan nan nan nan nan nan nan nan nan nan nan -9999.000 -9999.000 -9999.000 -9999.000 -9999.000 -9999.000 -9999.000 -9999.000 -9999.000 -9999.000
215.364 nan nan nan nan nan nan nan nan nan nan nan nan nan nan nan nan nan nan nan 219.126 216.710 nan nan nan nan nan nan nan nan nan nan 234.339 233.068 239.971 nan nan nan nan nan nan nan nan nan nan nan nan nan nan 213.417 208.164 226.270 nan nan nan nan nan nan nan nan nan nan -9999.000 -9999.000 -9999.000 -9999.000 -9999.000 -9999.000 -9999.000 -9999.000 -9999.000 -9999.000
nan nan nan nan nan nan nan nan nan nan nan nan nan nan nan nan nan nan nan nan nan nan nan nan nan nan nan nan nan nan nan nan nan nan nan nan nan nan nan nan nan nan nan nan nan nan nan nan 212.837 223.058 231.565 nan nan nan nan nan nan nan nan nan nan nan -9999.000 -9999.000 -9999.000 -9999.000 -9999.000 -9999.000 -9999.000 -9999.000 -9999.000 -9999.000
nan nan nan nan nan nan nan nan nan nan nan nan nan nan nan nan nan nan nan nan nan nan nan nan nan nan nan nan nan nan nan nan nan nan nan nan nan nan nan nan nan nan nan nan nan nan nan 222.257 232.067 nan nan nan nan nan nan nan nan nan nan nan nan nan -9999.000 -9999.000 -9999.000 -9999.000 -9999.000 -9999.000 -9999.000 -9999.000 -9999.000 -9999.000
nan nan nan nan nan nan nan nan nan nan nan nan nan nan nan nan nan nan nan nan nan nan nan nan nan nan nan nan nan nan nan nan nan nan nan nan nan nan nan nan nan nan nan nan nan nan nan nan nan nan nan nan nan 229.159 230.296 nan nan nan nan nan nan nan nan -9999.000 -9999.000 -9999.000 -9999.000 -9999.000 -9999.000 -9999.000 -9999.000 -9999.000
nan nan nan nan nan nan nan nan nan nan nan nan nan nan nan nan nan nan nan nan nan nan nan nan nan nan nan nan nan nan nan nan nan nan nan nan nan nan nan nan nan nan nan nan nan nan nan nan nan 232.831 228.336 219.122 216.937 201.050 216.101 nan nan nan 231.101 230.501 nan nan nan -9999.000 -9999.000 -9999.000 -9999.000 -9999.000 -9999.000 -9999.000 -9999.000 -9999.000
nan nan nan nan nan nan nan nan nan nan nan nan nan nan nan nan nan nan nan nan nan nan nan nan nan nan nan nan nan nan nan nan nan nan nan nan nan nan nan nan nan nan nan nan nan nan nan nan nan 221.024 219.414 231.231 202.658 207.736 nan nan nan nan 212.993 220.750 nan nan nan -9999.000 -9999.000 -9999.000 -9999.000 -9999.000 -9999.000 -9999.000 -9999.000 -9999.000
nan nan nan nan nan nan nan nan nan nan nan nan nan nan nan nan nan nan nan nan nan nan nan nan nan nan nan nan nan nan nan nan nan nan nan nan nan nan nan nan nan nan nan nan nan nan nan nan 233.103 231.378 229.407 227.958 213.359 nan nan nan nan 226.777 230.026 236.469 nan nan -9999.000 -9999.000 -9999.000 -9999.000 -9999.000 -9999.000 -9999.000 -9999.000 -9999.000 -9999.000
nan nan nan nan nan nan nan nan nan nan nan nan nan nan nan nan nan nan nan nan nan nan nan nan nan nan nan nan nan nan nan nan nan nan nan nan nan nan 240.440 208.571 192.079 198.629 194.265 213.139 nan nan 21.715 nan 235.473 nan nan 232.018 nan nan nan nan nan 236.089 nan 234.758 nan nan -9999.000 -9999.000 -9999.000 -9999.000 -9999.000 -9999.000 -9999.000 -9999.000 -9999.000 -9999.000
nan nan nan nan nan nan nan nan nan nan nan nan nan nan nan nan nan nan nan nan nan nan nan nan nan nan nan nan nan nan nan nan nan nan nan 235.731 208.218 205.554 211.695 203.358 206.849 205.172 208.810 211.975 231.084 234.802 nan nan nan nan nan nan nan nan nan nan 237.358 nan nan nan 217.831 nan -9999.000 -9999.000 -9999.000 -9999.000 -9999.000 -9999.000 -9999.000 -9999.000 -9999.000 -9999.000
nan nan nan nan nan nan nan nan nan nan nan nan nan nan nan nan nan nan nan nan nan nan nan nan nan nan nan nan nan nan nan nan nan nan nan 212.296 193.974 189.506 226.241 222.641 216.391 231.141 nan nan 227.995 nan nan nan nan nan nan nan nan nan nan nan 236.665 238.156 nan nan 201.611 nan -9999.000 -9999.000 -9999.000 -9999.000 -9999.000 -9999.000 -9999.000 -9999.000 -9999.000 -9999.000
nan nan nan nan nan nan nan nan nan nan nan nan nan nan nan nan nan nan nan nan nan nan nan nan nan nan nan nan nan nan nan 230.308 209.559 nan 223.164 209.515 205.511 213.920 219.608 230.328 230.970 nan nan nan 229.226 235.790 218.735 220.790 217.170 214.851 230.642 nan nan 227.900 229.913 231.122 236.721 nan nan nan 218.145 nan -9999.000 -9999.000 -9999.000 -9999.000 -9999.000 -9999.000 -9999.000 -9999.000 -9999.000 -9999.000
nan nan nan nan nan nan nan nan nan nan nan nan nan nan nan nan nan nan nan nan nan nan nan nan nan nan nan nan nan nan 226.899 204.895 201.686 229.690 227.249 208.904 217.661 225.420 217.249 232.517 232.363 223.672 217.159 210.190 nan 233.493 230.877 226.438 227.680 225.149 nan nan nan 232.255 nan 241.063 nan nan 235.620 nan nan nan -9999.000 -9999.000 -9999.000 -9999.000 -9999.000 -9999.000 -9999.000 -9999.000 -9999.000 -9999.000
nan nan nan nan nan nan nan nan nan nan nan nan nan nan nan nan nan nan nan nan nan nan nan nan nan nan nan nan nan 215.444 202.424 210.325 195.483 209.400 237.704 230.247 nan nan nan 225.414 228.012 232.787 216.951 214.002 nan nan nan nan nan nan nan 231.491 234.613 234.053 230.002 217.335 228.795 238.485 nan nan nan -9999.000 -9999.000 -9999.000 -9999.000 -9999.000 -9999.000 -9999.000 -9999.000 -9999.000 -9999.000 -9999.000
nan nan nan nan nan nan nan nan nan nan nan nan nan nan nan nan nan nan nan nan nan nan nan 209.684 nan 198.619 nan nan nan nan nan nan 227.594 208.521 230.571 nan nan nan nan 233.040 nan nan nan 224.003 nan -9999.000 -9999.000 -9999.000 -9999.000 -9999.000 -9999.000 -9999.000 230.202 nan nan 208.539 219.604 209.861 nan nan -9999.000 -9999.000 -9999.000 -9999.000 -9999.000 -9999.000 -9999.000 -9999.000 -9999.000 -9999.000 -9999.000 -9999.000
nan nan nan nan nan nan nan nan nan nan nan nan nan nan nan nan nan nan nan nan nan nan nan 224.455 188.036 nan nan nan nan nan nan nan nan nan nan nan nan nan nan nan 228.692 -9999.000 -9999.000 -9999.000 -9999.000 -9999.000 -9999.000 -9999.000 -9999.000 -9999.000 -9999.000 -9999.000 -9999.000 -9999.000 228.181 235.653 213.400 228.753 nan -9999.000 -9999.000 -9999.000 -9999.000 -9999.000 -9999.000 -9999.000 -9999.000 -9999.000 -9999.000 -9999.000 -9999.000 -9999.000
nan nan nan nan nan nan nan nan nan nan nan nan nan nan nan nan nan nan nan nan nan nan nan nan nan nan nan nan nan nan nan nan nan nan nan nan 222.489 nan nan -9999.000 -9999.000 -9999.000 -9999.000 -9999.000 -9999.000 -9999.000 -9999.000 -9999.000 -9999.000 -9999.000 -9999.000 -9999.000 -9999.000 -9999.000 -9999.000 229.163 nan nan -9999.000 -9999.000 -9999.000 -9999.000 -9999.000 -9999.000 -9999.000 -9999.000 -9999.000 -9999.000 -9999.000 -9999.000 -9999.000 -9999.000
nan nan nan nan nan nan nan nan nan nan nan nan nan nan nan nan nan nan nan nan 204.331 nan nan nan nan nan nan nan nan nan nan nan nan nan nan nan nan nan -9999.000 -9999.000 -9999.000 -9999.000 -9999.000 -9999.000 -9999.000 -9999.000 -9999.000 -9999.000 -9999.000 -9999.000 -9999.000 -9999.000 -9999.000 -9999.000 -9999.000 -9999.000 nan -9999.000 -9999.000 -9999.000 -9999.000 -9999.000 -9999.000 -9999.000 -9999.000 -9999.000 -9999.000 -9999.000 -9999.000 -9999.000 -9999.000 -9999.000
nan nan nan nan nan nan nan nan nan nan nan nan nan nan nan nan nan nan nan nan 221.051 nan nan nan nan nan nan nan nan nan nan 29.596 -9999.000 -9999.000 -9999.000 nan nan -9999.000 -9999.000 -9999.000 -9999.000 -9999.000 -9999.000 -9999.000 -9999.000 -9999.000 -9999.000 -9999.000 -9999.000 -9999.000 -9999.000 -9999.000 -9999.000 -9999.000 -9999.000 -9999.000 -9999.000 -9999.000 -9999.000 -9999.000 -9999.000 -9999.000 -9999.000 -9999.000 -9999.000 -9999.000 -9999.000 -9999.000 -9999.000 -9999.000 -9999.000 -9999.000
