test_integration/test_sample_run/example/results.meteodistr/output_maps/SWEDENSITYN0062.asc
ncols         174
nrows         141
xllcorner     744500.000000
yllcorner     5140950.000000
cellsize      250.000000
NODATA_value  -9999.0
[rows 87 to 115 of 141, columns 65 to 129 of 174]
nan nan nan nan nan nan nan nan nan nan nan nan nan nan nan nan nan nan nan nan nan nan 182.613 176.007 174.624 170.912 164.750 149.396 151.307 151.024 153.794 155.297 154.488 61.300 46.167 160.808 160.588 164.536 161.775 162.089 160.460 144.492 132.299 128.845 128.230 150.032 146.250 142.638 155.111 157.763 156.221 155.751 158.817 157.185 156.239 158.956 157.938 156.388 156.294 154.992 153.630 154.804 156.188 153.499 152.233
129.356 143.147 132.430 130.629 152.789 130.745 134.183 130.687 131.823 161.672 173.762 nan nan nan nan nan nan nan nan nan nan nan nan 62.189 182.351 172.375 168.866 159.975 53.542 13.750 163.403 159.534 160.566 159.852 161.813 163.382 164.804 163.031 145.739 143.952 148.273 134.833 129.578 133.805 128.462 144.854 152.618 151.845 156.108 157.189 156.354 156.131 156.388 129.081 132.065 128.107 138.944 154.101 156.160 154.572 152.622 145.983 154.191 152.375 152.621
115.853 118.979 117.471 119.208 122.242 120.623 121.713 122.069 127.795 143.963 148.409 171.985 nan nan nan nan nan 197.533 191.615 193.184 188.153 184.278 20.887 nan 79.322 178.814 167.402 69.199 47.556 180.992 67.401 168.646 174.444 171.277 173.836 162.917 145.663 136.571 133.035 133.815 137.935 134.991 138.294 136.536 147.638 130.278 154.842 155.012 128.554 128.161 137.910 156.545 152.227 138.501 135.157 131.150 136.818 155.621 156.585 154.846 149.788 153.643 150.810 153.364 153.434
112.015 113.001 112.177 114.696 118.193 131.286 141.921 10.162 149.677 13.267 62.496 nan 74.598 nan nan nan nan 191.356 182.264 182.588 179.099 182.538 163.795 165.556 189.980 188.587 178.517 182.653 181.106 152.874 152.573 151.656 150.837 168.820 159.798 138.805 133.102 131.496 135.775 131.367 131.878 156.203 152.308 155.648 159.214 155.314 148.477 153.191 141.000 139.992 143.897 156.674 148.100 147.012 153.767 154.355 153.211 151.608 152.349 152.053 153.110 148.945 141.405 147.713 152.116
107.336 106.127 109.276 132.661 113.662 35.971 nan nan nan nan nan nan nan nan nan nan 14.318 185.161 178.560 174.888 171.200 161.747 157.007 146.168 157.539 184.701 186.580 177.868 161.709 132.092 130.047 131.643 133.636 142.551 154.680 151.485 150.926 157.502 157.440 151.173 136.914 155.125 157.425 152.185 151.618 155.788 142.519 159.710 150.755 157.191 150.659 152.616 -9999.000 -9999.000 -9999.000 -9999.000 -9999.000 -9999.000 -9999.000 150.075 149.918 153.922 134.820 127.614 137.693
124.530 nan 85.533 130.147 0.832 nan nan nan nan nan nan nan nan nan nan nan nan nan 16.125 174.795 169.400 162.360 160.395 155.744 147.941 149.326 164.382 151.433 139.680 137.477 131.084 125.642 127.287 153.717 155.951 152.933 149.316 147.249 146.319 149.807 149.756 155.740 152.994 155.576 154.704 143.927 159.119 152.461 -9999.000 -9999.000 -9999.000 -9999.000 -9999.000 -9999.000 -9999.000 -9999.000 -9999.000 -9999.000 -9999.000 -9999.000 -9999.000 150.767 151.923 124.465 145.203
nan nan nan nan nan nan nan nan nan nan nan nan nan nan nan nan nan nan nan 175.733 171.581 164.818 160.860 154.211 137.388 134.717 140.011 153.029 147.726 147.897 147.620 156.470 149.494 137.438 144.450 154.982 155.413 156.089 152.585 146.869 150.931 144.790 150.024 148.449 156.267 157.600 -9999.000 -9999.000 -9999.000 -9999.000 -9999.000 -9999.000 -9999.000 -9999.000 -9999.000 -9999.000 -9999.000 -9999.000 -9999.000 -9999.000 -9999.000 -9999.000 148.506 154.335 149.186
nan nan nan nan nan nan nan nan nan nan nan nan nan nan nan nan nan nan 186.181 173.881 170.020 157.806 153.800 152.960 151.145 130.153 131.711 133.619 150.857 146.803 146.918 156.909 150.342 150.553 153.850 156.359 155.099 154.583 153.182 150.836 152.335 158.119 143.466 145.792 158.074 -9999.000 -9999.000 -9999.000 -9999.000 -9999.000 -9999.000 -9999.000 -9999.000 -9999.000 -9999.000 -9999.000 -9999.000 -9999.000 -9999.000 -9999.000 -9999.000 -9999.000 -9999.000 152.423 -9999.000
nan nan nan nan nan nan nan nan nan nan nan nan nan nan nan nan nan nan 177.343 159.633 157.032 150.454 149.106 150.301 148.648 140.992 128.204 127.630 133.149 148.558 146.587 158.206 148.800 137.522 145.125 140.674 141.629 151.950 147.358 -9999.000 -9999.000 -9999.000 158.619 147.545 -9999.000 -9999.000 -9999.000 -9999.000 -9999.000 -9999.000 -9999.000 -9999.000 -9999.000 -9999.000 -9999.000 -9999.000 -9999.000 -9999.000 -9999.000 -9999.000 -9999.000 -9999.000 -9999.000 -9999.000 -9999.000
nan nan nan nan nan nan nan nan nan nan nan nan nan nan 181.773 174.114 205.043 2.557 nan nan nan nan 42.877 156.986 153.864 146.730 146.598 147.674 148.855 147.877 147.106 144.013 144.173 148.490 133.300 131.553 154.955 146.819 -9999.000 -9999.000 -9999.000 -9999.000 -9999.000 -9999.000 -9999.000 -9999.000 -9999.000 -9999.000 -9999.000 -9999.000 -9999.000 -9999.000 -9999.000 -9999.000 -9999.000 -9999.000 -9999.000 -9999.000 -9999.000 -9999.000 -9999.000 -9999.000 -9999.000 -9999.000 -9999.000
nan nan nan nan nan nan nan nan nan nan nan nan nan nan 169.099 153.404 146.137 152.419 nan nan nan nan nan nan nan 157.067 39.444 52.072 154.217 149.474 149.557 151.480 151.211 150.098 149.073 157.136 148.917 -9999.000 -9999.000 -9999.000 -9999.000 -9999.000 -9999.000 -9999.000 -9999.000 -9999.000 -9999.000 -9999.000 -9999.000 -9999.000 -9999.000 -9999.000 -9999.000 -9999.000 -9999.000 -9999.000 -9999.000 -9999.000 -9999.000 -9999.000 -9999.000 -9999.000 -9999.000 -9999.000 -9999.000
nan nan nan nan nan nan nan nan nan nan nan nan nan nan 89.019 137.959 135.484 160.782 156.724 146.525 145.268 150.113 173.040 170.937 56.184 56.694 163.558 161.057 158.675 156.132 156.768 155.428 153.956 151.083 148.784 159.561 -9999.000 -9999.000 -9999.000 -9999.000 -9999.000 -9999.000 -9999.000 -9999.000 -9999.000 -9999.000 -9999.000 -9999.000 -9999.000 -9999.000 -9999.000 -9999.000 -9999.000 -9999.000 -9999.000 -9999.000 -9999.000 -9999.000 -9999.000 -9999.000 -9999.000 -9999.000 -9999.000 -9999.000 -9999.000
nan nan nan nan nan nan nan nan nan nan nan nan nan nan 76.086 148.510 145.920 154.874 132.510 129.687 128.426 128.908 134.568 174.747 173.673 166.422 165.427 161.416 160.541 159.399 157.745 155.547 154.293 151.970 153.294 nan nan -9999.000 -9999.000 -9999.000 -9999.000 -9999.000 -9999.000 -9999.000 -9999.000 -9999.000 -9999.000 -9999.000 -9999.000 -9999.000 -9999.000 -9999.000 -9999.000 -9999.000 -9999.000 -9999.000 -9999.000 -9999.000 -9999.000 -9999.000 -9999.000 -9999.000 -9999.000 -9999.000 -9999.000
nan nan nan nan nan nan nan nan nan nan nan nan nan nan nan nan 153.400 126.950 125.550 124.809 124.682 124.585 126.439 135.222 169.880 159.388 157.065 153.397 153.491 149.481 147.951 142.098 144.804 151.142 151.270 157.817 157.440 -9999.000 -9999.000 -9999.000 -9999.000 -9999.000 -9999.000 -9999.000 -9999.000 -9999.000 -9999.000 -9999.000 -9999.000 -9999.000 -9999.000 -9999.000 -9999.000 -9999.000 -9999.000 -9999.000 -9999.000 -9999.000 -9999.000 -9999.000 -9999.000 -9999.000 -9999.000 -9999.000 -9999.000
nan nan nan nan nan nan nan nan nan nan nan nan 165.905 143.592 162.491 nan 151.534 119.837 119.619 118.842 120.126 118.391 121.354 145.112 159.412 152.878 130.801 129.211 130.456 131.856 129.405 129.599 129.953 131.193 152.991 157.064 -9999.000 -9999.000 -9999.000 -9999.000 -9999.000 -9999.000 -9999.000 -9999.000 -9999.000 -9999.000 -9999.000 -9999.000 -9999.000 -9999.000 -9999.000 -9999.000 -9999.000 -9999.000 -9999.000 -9999.000 -9999.000 -9999.000 -9999.000 -9999.000 -9999.000 -9999.000 -9999.000 -9999.000 -9999.000
nan nan nan nan nan nan nan nan nan nan nan nan nan 147.942 138.789 151.721 146.346 136.879 116.101 115.100 115.663 116.671 138.849 144.127 146.873 157.863 146.699 126.554 125.891 129.926 126.695 126.665 127.037 128.687 148.077 -9999.000 -9999.000 -9999.000 -9999.000 -9999.000 -9999.000 -9999.000 -9999.000 -9999.000 -9999.000 -9999.000 -9999.000 -9999.000 -9999.000 -9999.000 -9999.000 -9999.000 -9999.000 -9999.000 -9999.000 -9999.000 -9999.000 -9999.000 -9999.000 -9999.000 -9999.000 -9999.000 -9999.000 -9999.000 -9999.000
nan nan nan nan nan nan nan nan nan 166.026 nan nan nan nan 144.329 127.335 143.188 136.603 133.504 115.969 111.414 123.953 133.123 143.181 139.365 160.222 151.135 142.967 122.612 125.225 127.364 123.123 125.178 125.690 -9999.000 -9999.000 -9999.000 -9999.000 -9999.000 -9999.000 -9999.000 -9999.000 -9999.000 -9999.000 -9999.000 -9999.000 -9999.000 -9999.000 -9999.000 -9999.000 -9999.000 -9999.000 -9999.000 -9999.000 -9999.000 -9999.000 -9999.000 -9999.000 -9999.000 -9999.000 -9999.000 -9999.000 -9999.000 -9999.000 -9999.000
nan nan nan nan nan nan nan nan nan 155.672 142.385 142.692 nan nan 140.370 120.983 120.680 118.716 135.695 130.147 112.124 114.570 119.016 138.007 146.124 156.152 149.347 142.655 142.410 121.275 124.530 121.432 121.015 -9999.000 -9999.000 -9999.000 -9999.000 -9999.000 -9999.000 -9999.000 -9999.000 -9999.000 -9999.000 -9999.000 -9999.000 -9999.000 -9999.000 -9999.000 -9999.000 -9999.000 -9999.000 -9999.000 -9999.000 -9999.000 -9999.000 -9999.000 -9999.000 -9999.000 -9999.000 -9999.000 -9999.000 -9999.000 -9999.000 -9999.000 -9999.000
nan nan nan nan nan nan nan nan nan 153.676 128.362 126.479 133.592 nan 138.956 115.678 114.871 111.568 114.973 130.322 122.346 108.950 112.688 135.313 142.843 150.959 148.699 144.700 141.131 120.465 142.379 124.162 -9999.000 -9999.000 -9999.000 -9999.000 -9999.000 -9999.000 -9999.000 -9999.000 -9999.000 -9999.000 -9999.000 -9999.000 -9999.000 -9999.000 -9999.000 -9999.000 -9999.000 -9999.000 -9999.000 -9999.000 -9999.000 -9999.000 -9999.000 -9999.000 -9999.000 -9999.000 -9999.000 -9999.000 -9999.000 -9999.000 -9999.000 -9999.000 -9999.000
nan nan nan nan nan nan nan nan nan nan nan 123.119 123.512 125.377 137.132 132.056 111.798 109.978 111.256 118.399 128.382 111.561 109.226 131.793 130.295 148.220 146.759 144.281 141.160 141.440 127.239 -9999.000 -9999.000 -9999.000 -9999.000 -9999.000 -9999.000 -9999.000 -9999.000 -9999.000 -9999.000 -9999.000 -9999.000 -9999.000 -9999.000 -9999.000 -9999.000 -9999.000 -9999.000 -9999.000 -9999.000 -9999.000 -9999.000 -9999.000 -9999.000 -9999.000 -9999.000 -9999.000 -9999.000 -9999.000 -9999.000 -9999.000 -9999.000 -9999.000 -9999.000
nan nan nan nan nan nan nan nan nan nan nan 137.076 120.324 115.716 116.169 130.758 125.512 104.058 102.065 110.161 130.976 130.659 108.786 112.392 138.106 139.847 146.695 144.046 140.643 137.325 132.445 -9999.000 -9999.000 -9999.000 -9999.000 -9999.000 -9999.000 -9999.000 -9999.000 -9999.000 -9999.000 -9999.000 -9999.000 -9999.000 -9999.000 -9999.000 -9999.000 -9999.000 -9999.000 -9999.000 -9999.000 -9999.000 -9999.000 -9999.000 -9999.000 -9999.000 -9999.000 -9999.000 -9999.000 -9999.000 -9999.000 -9999.000 -9999.000 -9999.000 -9999.000
nan nan nan nan nan nan nan nan nan nan 78.782 nan 46.921 130.586 111.145 112.748 126.596 120.121 104.200 104.669 107.643 110.057 111.909 117.672 136.759 133.300 135.961 142.369 137.571 135.492 135.695 -9999.000 -9999.000 -9999.000 -9999.000 -9999.000 -9999.000 -9999.000 -9999.000 -9999.000 -9999.000 -9999.000 -9999.000 -9999.000 -9999.000 -9999.000 -9999.000 -9999.000 -9999.000 -9999.000 -9999.000 -9999.000 -9999.000 -9999.000 -9999.000 -9999.000 -9999.000 -9999.000 -9999.000 -9999.000 -9999.000 -9999.000 -9999.000 -9999.000 -9999.000
nan nan nan nan nan nan 90.498 nan nan nan 52.346 nan nan nan 127.139 106.386 114.498 121.773 123.755 99.816 102.142 104.254 129.917 130.457 134.528 121.911 126.547 123.939 132.286 136.398 131.541 -9999.000 -9999.000 -9999.000 -9999.000 -9999.000 -9999.000 -9999.000 -9999.000 -9999.000 -9999.000 -9999.000 -9999.000 -9999.000 -9999.000 -9999.000 -9999.000 -9999.000 -9999.000 -9999.000 -9999.000 -9999.000 -9999.000 -9999.000 -9999.000 -9999.000 -9999.000 -9999.000 -9999.000 -9999.000 -9999.000 -9999.000 -9999.000 -9999.000 -9999.000
nan nan nan nan nan 163.059 159.041 166.552 157.963 nan nan nan nan nan nan 121.935 117.709 125.422 120.016 102.370 102.616 101.328 115.272 116.160 118.296 120.612 122.517 127.141 130.600 134.103 -9999.000 -9999.000 -9999.000 -9999.000 -9999.000 -9999.000 -9999.000 -9999.000 -9999.000 -9999.000 -9999.000 -9999.000 -9999.000 -9999.000 -9999.000 -9999.000 -9999.000 -9999.000 -9999.000 -9999.000 -9999.000 -9999.000 -9999.000 -9999.000 -9999.000 -9999.000 -9999.000 -9999.000 -9999.000 -9999.000 -9999.000 -9999.000 -9999.000 -9999.000 -9999.000
nan nan nan 90.281 162.655 129.600 133.260 135.344 133.609 163.055 nan nan nan nan nan 8.457 126.253 117.488 122.925 120.129 126.749 106.736 102.775 107.146 110.429 118.012 119.080 119.749 127.821 134.193 -9999.000 -9999.000 -9999.000 -9999.000 -9999.000 -9999.000 -9999.000 -9999.000 -9999.000 -9999.000 -9999.000 -9999.000 -9999.000 -9999.000 -9999.000 -9999.000 -9999.000 -9999.000 -9999.000 -9999.000 -9999.000 -9999.000 -9999.000 -9999.000 -9999.000 -9999.000 -9999.000 -9999.000 -9999.000 -9999.000 -9999.000 -9999.000 -9999.000 -9999.000 -9999.000
nan 74.502 165.435 156.554 143.467 122.578 123.795 123.900 125.487 128.393 160.627 nan nan nan nan nan 124.673 116.590 114.892 124.542 124.640 114.479 103.396 112.663 113.920 116.375 116.536 116.917 117.086 133.013 -9999.000 -9999.000 -9999.000 -9999.000 -9999.000 -9999.000 -9999.000 -9999.000 -9999.000 -9999.000 -9999.000 -9999.000 -9999.000 -9999.000 -9999.000 -9999.000 -9999.000 -9999.000 -9999.000 -9999.000 -9999.000 -9999.000 -9999.000 -9999.000 -9999.000 -9999.000 -9999.000 -9999.000 -9999.000 -9999.000 -9999.000 -9999.000 -9999.000 -9999.000 -9999.000
nan 42.317 nan 45.245 146.517 137.824 119.814 119.051 119.608 122.825 127.847 161.840 nan nan nan nan 33.224 119.715 121.774 109.259 103.206 103.411 103.373 110.434 112.306 114.237 108.792 111.959 112.656 128.825 -9999.000 -9999.000 -9999.000 -9999.000 -9999.000 -9999.000 -9999.000 -9999.000 -9999.000 -9999.000 -9999.000 -9999.000 -9999.000 -9999.000 -9999.000 -9999.000 -9999.000 -9999.000 -9999.000 -9999.000 -9999.000 -9999.000 -9999.000 -9999.000 -9999.000 -9999.000 -9999.000 -9999.000 -9999.000 -9999.000 -9999.000 -9999.000 -9999.000 -9999.000 -9999.000
nan nan nan nan nan nan 137.762 116.658 116.904 121.056 130.175 143.271 161.648 nan 35.271 7.257 nan 20.343 120.887 120.947 102.055 126.290 128.852 98.398 106.864 109.047 102.936 102.511 102.419 -9999.000 -9999.000 -9999.000 -9999.000 -9999.000 -9999.000 -9999.000 -9999.000 -9999.000 -9999.000 -9999.000 -9999.000 -9999.000 -9999.000 -9999.000 -9999.000 -9999.000 -9999.000 -9999.000 -9999.000 -9999.000 -9999.000 -9999.000 -9999.000 -9999.000 -9999.000 -9999.000 -9999.000 -9999.000 -9999.000 -9999.000 -9999.000 -9999.000 -9999.000 -9999.000 -9999.000
nan nan 169.784 nan nan nan 25.940 119.209 114.344 138.210 120.246 130.654 130.778 nan 45.021 32.373 nan nan 123.519 119.556 120.491 123.229 121.583 129.191 105.442 104.739 106.887 108.072 135.816 -9999.000 -9999.000 -9999.000 -9999.000 -9999.000 -9999.000 -9999.000 -9999.000 -9999.000 -9999.000 -9999.000 -9999.000 -9999.000 -9999.000 -9999.000 -9999.000 -9999.000 -9999.000 -9999.000 -9999.000 -9999.000 -9999.000 -9999.000 -9999.000 -9999.000 -9999.000 -9999.000 -9999.000 -9999.000 -9999.000 -9999.000 -9999.000 -9999.000 -9999.000 -9999.000 -9999.000
