test_integration/test_sample_run/example/results.meteodistr/output_maps/SWEDENSITYN0100.asc
ncols         174
nrows         141
xllcorner     744500.000000
yllcorner     5140950.000000
cellsize      250.000000
NODATA_value  -9999.0
[rows 60 to 89 of 141, columns 0 to 66 of 174]
-9999.000 -9999.000 -9999.000 -9999.000 -9999.000 nan 188.217 188.906 188.441 nan nan nan nan 188.818 189.741 102.723 51.707 186.581 184.083 nan nan 4.930 78.297 187.034 187.927 186.038 186.065 185.337 nan nan 185.965 nan nan nan nan nan nan nan nan nan nan nan nan nan nan nan 36.624 183.274 160.157 162.011 188.943 185.394 182.302 181.370 183.275 182.171 nan nan nan nan 200.289 191.141 171.583 159.579 182.178 181.826 186.830
-9999.000 -9999.000 -9999.000 -9999.000 -9999.000 nan 187.484 188.335 187.818 187.276 nan 188.023 74.424 188.026 nan 112.674 64.200 3.880 nan nan nan nan 99.526 185.641 185.979 187.616 185.947 nan nan 118.538 18.296 nan nan nan nan nan nan nan nan nan nan nan nan nan nan nan 198.066 185.264 154.809 157.215 187.148 186.557 182.199 183.820 nan nan nan nan nan nan 198.122 194.197 180.260 161.244 161.848 172.574 161.450
-9999.000 -9999.000 -9999.000 -9999.000 -9999.000 nan 188.280 187.540 189.935 187.994 nan nan 190.161 188.121 181.088 186.418 188.125 0.944 nan nan 61.860 184.321 183.842 180.699 187.300 186.158 186.686 97.429 nan 186.467 nan nan nan nan nan nan nan nan nan nan nan nan nan nan nan nan 194.711 188.805 185.355 180.113 157.208 180.389 183.581 nan nan nan nan nan nan 202.152 197.740 nan nan 116.749 182.024 175.482 164.726
-9999.000 -9999.000 -9999.000 -9999.000 187.477 186.821 157.890 189.379 187.234 190.598 nan 39.479 nan nan 180.433 186.723 189.399 10.304 nan nan 186.375 184.811 185.794 183.436 nan 118.718 nan nan nan nan nan nan nan nan nan nan nan nan nan nan nan nan nan 125.924 199.738 202.700 nan nan nan 185.422 160.868 154.001 187.631 nan nan nan nan nan nan 198.498 197.384 195.454 45.757 nan 184.335 187.371 102.819
-9999.000 -9999.000 -9999.000 -9999.000 -9999.000 187.292 nan 170.829 163.644 154.789 155.413 154.958 186.108 189.324 nan nan 61.839 100.599 nan nan 15.553 188.846 41.329 nan nan nan nan nan nan nan nan nan nan nan nan nan nan nan nan nan nan nan 199.792 196.337 165.862 169.255 175.126 35.182 nan nan 58.764 185.449 nan nan nan nan nan nan 198.786 192.638 178.230 160.047 154.703 153.670 180.570 188.008 nan
-9999.000 -9999.000 -9999.000 -9999.000 -9999.000 -9999.000 nan 167.302 157.177 158.074 165.078 161.194 151.278 155.760 nan nan nan 84.814 nan nan nan nan nan nan nan 72.175 nan nan nan nan nan nan nan nan nan nan nan nan nan nan nan 199.787 196.778 187.884 158.163 160.280 157.282 166.379 175.911 192.592 nan nan nan nan nan nan nan nan 197.583 191.249 181.027 180.102 152.943 152.421 152.004 174.228 188.685
-9999.000 -9999.000 -9999.000 -9999.000 -9999.000 133.507 188.170 150.099 142.246 151.633 183.427 186.850 189.672 179.153 187.501 nan 54.098 144.692 57.355 nan nan nan nan nan nan nan nan nan nan nan nan nan nan nan nan nan nan nan nan nan 199.898 173.710 162.840 159.040 153.639 157.804 153.987 157.063 158.453 177.334 184.243 nan nan nan nan nan 197.194 197.019 197.364 nan nan nan 184.522 70.268 185.377 175.284 170.165
-9999.000 -9999.000 -9999.000 -9999.000 -9999.000 186.617 182.928 142.471 129.848 141.705 168.276 181.747 nan nan nan nan nan nan nan nan nan nan nan nan nan nan nan nan nan nan nan nan nan nan nan nan nan nan nan nan 176.309 159.219 156.182 151.509 152.693 152.242 151.103 152.293 155.042 156.039 156.107 177.516 189.847 nan nan 196.029 195.425 187.401 165.680 195.439 nan nan nan nan nan 185.190 151.184
-9999.000 -9999.000 -9999.000 -9999.000 -9999.000 -9999.000 185.624 148.942 181.471 144.110 166.782 172.073 184.297 nan nan nan nan 189.378 194.295 189.848 nan nan nan nan nan nan nan nan nan nan nan nan nan nan nan nan nan nan 198.383 197.035 161.172 152.257 154.271 150.620 149.414 145.721 150.409 150.579 153.333 151.950 150.645 151.901 162.771 180.872 194.126 195.499 178.307 179.294 159.286 181.929 189.451 140.183 nan nan nan nan 175.151
-9999.000 -9999.000 -9999.000 -9999.000 -9999.000 -9999.000 183.186 151.594 183.067 178.662 166.693 148.791 175.476 55.418 189.329 189.584 181.192 162.127 165.496 181.456 190.601 nan nan nan nan nan nan nan nan nan nan nan nan nan nan 41.062 194.072 197.417 193.252 190.458 161.131 152.401 149.878 145.525 141.376 136.319 143.458 144.387 149.099 146.681 146.552 149.830 156.230 174.936 191.805 194.550 155.955 154.638 155.968 174.068 182.741 180.323 188.470 188.751 99.196 nan nan
-9999.000 -9999.000 -9999.000 -9999.000 -9999.000 -9999.000 -9999.000 176.916 185.097 178.022 142.339 147.358 169.474 182.220 185.949 185.394 154.670 153.781 155.290 163.096 180.571 190.595 nan nan nan nan nan nan nan nan 41.200 194.639 194.564 198.731 167.987 161.410 161.199 178.947 180.089 182.559 180.945 179.463 147.048 140.485 130.142 135.619 132.642 132.302 142.806 142.739 138.451 151.915 167.580 173.316 190.804 191.742 162.940 151.106 150.990 154.609 154.389 154.193 153.053 155.082 171.092 185.958 183.240
-9999.000 -9999.000 -9999.000 -9999.000 -9999.000 -9999.000 -9999.000 154.973 147.578 140.664 150.694 166.245 179.661 171.277 173.319 185.628 147.356 151.012 151.594 152.867 178.216 181.449 46.994 nan nan nan nan nan 34.921 nan 193.633 194.119 166.159 161.329 156.896 154.194 154.932 167.323 159.618 159.535 181.212 172.087 150.176 129.332 129.632 142.389 162.943 148.084 122.340 124.474 151.812 164.381 171.983 182.724 190.181 188.648 176.390 148.638 150.338 152.867 149.855 150.144 148.963 148.903 160.123 179.320 182.970
-9999.000 -9999.000 -9999.000 -9999.000 -9999.000 -9999.000 -9999.000 -9999.000 186.087 147.698 171.553 167.474 172.978 157.967 157.651 152.805 148.215 145.908 148.572 150.317 175.679 186.683 nan nan nan nan 196.857 nan 195.835 191.816 164.694 160.799 156.027 157.829 161.862 153.866 152.634 156.003 156.384 151.823 161.206 167.477 169.546 160.184 158.702 162.577 125.098 134.156 142.078 155.434 170.921 176.935 nan nan 185.557 187.531 173.168 145.152 162.016 150.502 149.898 151.293 142.443 148.704 158.919 156.854 182.665
-9999.000 -9999.000 -9999.000 -9999.000 -9999.000 -9999.000 -9999.000 -9999.000 nan 176.788 175.168 177.040 154.703 163.662 153.626 143.083 135.487 144.055 178.897 173.578 67.171 nan 135.248 133.040 192.079 197.867 195.326 198.686 173.528 164.731 155.627 153.546 151.171 151.357 154.670 152.493 148.379 151.589 149.406 149.912 149.864 169.775 172.781 167.432 168.361 168.052 129.862 138.035 151.573 127.405 172.689 nan nan 28.357 182.804 183.697 169.038 141.899 165.630 153.665 150.675 148.375 136.227 149.484 158.963 159.614 180.945
-9999.000 -9999.000 -9999.000 -9999.000 -9999.000 -9999.000 -9999.000 nan nan 27.473 175.666 182.373 165.178 154.909 160.412 133.180 147.811 176.548 176.370 160.314 170.154 186.776 nan 191.133 193.372 171.135 159.650 159.302 157.840 155.124 153.564 151.309 151.059 149.203 147.852 149.526 142.376 148.764 151.204 150.336 146.031 141.446 154.717 175.209 174.544 167.293 160.392 137.808 135.192 147.320 nan nan nan 175.877 179.086 161.993 171.968 177.768 155.391 147.538 145.543 142.855 148.173 163.349 167.582 167.015 180.397
-9999.000 -9999.000 -9999.000 -9999.000 -9999.000 -9999.000 nan nan 121.199 nan 182.682 179.330 164.680 151.003 143.884 135.962 174.531 174.587 174.247 139.492 167.045 181.967 30.683 191.137 179.924 157.019 151.850 155.433 153.335 153.014 151.750 148.670 148.137 144.838 141.233 148.583 142.596 148.168 144.602 143.771 142.388 136.079 156.137 157.873 179.363 178.636 167.202 146.363 161.002 nan 152.210 147.253 176.225 163.591 167.935 148.599 168.798 179.155 158.356 141.534 138.831 134.954 164.217 165.157 165.734 175.553 176.045
-9999.000 -9999.000 -9999.000 -9999.000 -9999.000 nan nan 180.779 181.949 177.928 176.109 181.127 154.450 145.609 132.362 142.570 150.639 150.335 150.552 177.781 nan nan 91.264 188.784 156.033 152.040 145.420 150.895 152.049 151.008 148.362 160.143 138.139 134.990 162.575 146.296 164.102 138.341 140.164 140.013 149.443 168.459 168.457 168.196 172.960 169.802 156.185 178.463 166.727 169.437 139.686 162.306 169.822 168.250 156.120 150.703 144.497 138.870 137.293 137.371 133.435 130.521 179.419 170.631 169.514 172.450 153.767
-9999.000 -9999.000 -9999.000 nan nan nan 184.390 156.791 148.904 153.182 154.838 157.308 153.575 149.586 126.938 139.933 136.655 129.151 141.866 nan nan nan 190.300 184.430 150.477 153.259 135.546 147.649 151.864 148.043 145.484 168.028 151.329 138.136 144.907 130.939 181.977 144.959 145.859 147.376 150.585 159.539 158.707 158.409 151.969 160.138 140.730 135.463 177.883 167.814 175.222 nan 170.412 166.945 153.384 165.764 131.433 124.784 128.331 129.430 127.079 142.471 169.112 170.134 171.174 155.720 157.550
-9999.000 -9999.000 175.206 179.795 165.166 184.873 145.220 144.827 138.042 139.538 147.492 148.144 149.365 142.380 138.846 141.231 176.619 169.746 169.602 nan 185.050 168.609 170.380 166.175 163.077 146.247 149.580 147.734 147.853 139.758 140.720 143.048 176.227 177.011 135.072 139.035 142.008 139.675 166.603 161.425 151.800 172.097 152.793 153.828 135.323 141.710 167.916 156.339 152.538 nan 175.382 175.681 150.495 159.234 153.969 154.092 164.739 158.800 140.534 162.271 169.297 nan 172.565 174.070 174.701 179.100 179.437
-9999.000 -9999.000 179.039 180.543 167.122 149.079 138.358 138.088 122.632 131.880 133.854 145.693 145.526 139.528 138.932 140.844 177.367 153.458 68.761 173.119 165.355 157.367 154.353 152.957 160.882 139.598 142.465 140.339 139.816 160.394 149.438 161.802 174.411 178.128 157.256 135.501 133.033 147.948 172.929 180.034 152.685 178.816 178.532 172.236 166.012 145.966 177.017 176.403 146.892 143.367 141.642 143.032 144.735 148.888 151.180 162.099 136.286 146.304 168.992 168.356 nan nan 176.442 176.187 108.437 nan 177.887
-9999.000 -9999.000 -9999.000 183.140 186.808 142.560 133.761 117.036 135.300 167.370 141.475 144.717 143.907 138.546 122.802 165.610 170.694 169.473 nan nan 163.629 166.561 148.725 150.197 168.102 131.951 137.226 139.240 149.683 151.923 183.453 161.743 154.322 152.827 172.636 149.292 179.881 163.846 168.465 156.354 165.633 163.459 137.351 171.622 162.150 172.018 135.336 141.950 154.027 130.166 120.629 139.013 136.922 145.170 141.488 140.878 126.490 165.057 99.173 nan nan nan nan nan nan 118.075 178.335
-9999.000 -9999.000 -9999.000 -9999.000 -9999.000 -9999.000 169.960 131.043 161.662 135.421 141.938 141.901 140.442 126.500 119.082 178.532 nan nan nan 185.437 167.964 155.029 166.832 146.058 173.108 127.902 177.818 156.226 167.458 165.799 144.542 138.011 145.389 135.429 149.820 138.076 170.136 173.659 141.005 139.203 177.896 158.253 131.501 135.863 155.787 166.148 136.012 169.192 126.643 123.709 117.659 120.114 148.396 135.963 129.557 143.841 175.287 nan nan nan nan nan nan nan nan 178.723 nan
-9999.000 -9999.000 -9999.000 -9999.000 -9999.000 -9999.000 -9999.000 178.052 126.042 120.131 121.075 123.409 121.835 115.165 173.409 143.122 nan nan 148.349 150.679 153.718 153.463 170.139 160.529 171.384 164.460 176.231 178.254 158.397 167.181 126.184 121.361 139.710 146.165 133.384 176.636 143.759 138.448 144.441 132.350 137.534 141.669 159.022 174.248 166.315 159.379 174.644 161.767 176.019 141.155 170.037 138.933 172.450 173.686 165.202 nan nan nan nan nan nan nan nan nan nan 7.713 nan
-9999.000 -9999.000 -9999.000 -9999.000 -9999.000 -9999.000 -9999.000 169.266 164.864 152.902 138.788 132.686 146.329 174.677 173.063 165.166 nan 178.551 147.791 141.614 143.776 148.575 155.565 170.005 143.574 101.077 148.137 136.263 139.948 128.634 135.803 133.828 140.061 164.997 151.662 172.100 143.786 130.680 144.373 132.927 151.290 172.922 nan 168.873 nan 21.145 159.162 162.085 169.802 69.313 nan 164.293 nan nan nan nan nan nan nan nan 57.656 179.007 nan nan nan nan 170.991
-9999.000 -9999.000 -9999.000 -9999.000 -9999.000 -9999.000 -9999.000 -9999.000 nan nan 168.465 158.570 163.109 164.146 171.927 nan 168.803 181.165 161.749 122.241 128.685 146.266 159.839 138.868 135.936 134.038 171.597 150.277 138.479 137.028 139.058 159.982 138.994 180.749 160.428 148.137 164.325 159.947 172.477 168.071 nan 168.982 nan nan 174.451 nan 161.495 167.153 167.876 nan nan nan nan nan nan nan nan nan nan nan 174.458 175.498 nan nan nan nan nan
-9999.000 -9999.000 -9999.000 -9999.000 -9999.000 -9999.000 -9999.000 -9999.000 -9999.000 nan nan nan nan nan nan nan 178.187 170.446 145.986 170.192 170.387 159.635 162.002 124.868 131.860 166.974 166.972 174.291 170.027 165.456 179.563 157.460 173.814 172.851 nan 177.929 nan nan nan nan nan nan nan nan nan nan nan nan 168.778 162.029 nan nan nan nan nan nan nan nan nan nan nan nan nan nan nan nan nan
-9999.000 -9999.000 -9999.000 -9999.000 -9999.000 -9999.000 -9999.000 -9999.000 -9999.000 -9999.000 nan nan nan nan nan 175.819 156.863 144.612 120.501 176.311 nan 181.789 144.288 156.711 181.744 181.022 nan nan nan nan nan nan nan nan nan 167.877 171.863 nan nan nan 174.615 174.234 nan nan nan nan nan nan nan 154.872 161.201 nan nan nan nan nan nan nan nan nan nan nan nan nan nan nan nan
-9999.000 -9999.000 -9999.000 -9999.000 -9999.000 -9999.000 -9999.000 -9999.000 -9999.000 -9999.000 -9999.000 nan nan 181.027 181.715 182.946 142.617 131.187 130.831 154.379 172.471 176.663 134.825 133.813 172.717 143.639 nan nan nan nan nan nan nan nan nan 32.362 177.382 nan nan nan 171.856 nan 173.729 nan nan nan nan nan nan nan 161.542 166.018 175.582 177.443 nan nan nan nan nan 175.590 nan nan nan nan nan nan nan
-9999.000 -9999.000 -9999.000 -9999.000 -9999.000 -9999.000 -9999.000 -9999.000 -9999.000 -9999.000 -9999.000 -9999.000 nan 184.238 163.429 154.085 135.572 120.023 175.171 166.203 167.913 168.723 153.963 159.727 124.484 121.700 157.809 172.239 nan nan nan nan nan nan nan nan nan nan nan nan nan nan nan nan nan nan nan nan nan nan nan nan 175.570 175.366 nan nan nan nan 173.579 nan nan nan nan nan nan 174.341 nan
-9999.000 -9999.000 -9999.000 -9999.000 -9999.000 -9999.000 -9999.000 -9999.000 -9999.000 -9999.000 -9999.000 -9999.000 nan 184.968 146.054 161.295 125.183 131.506 161.410 94.971 157.257 167.492 179.306 nan 140.714 117.924 130.881 161.463 165.508 180.809 nan nan nan nan nan nan nan nan nan nan nan nan nan nan nan nan nan nan nan nan nan nan nan nan nan nan nan nan nan nan nan 171.146 164.177 168.957 151.683 150.501 154.235
