test_integration/test_sample_run/example/results.meteodistr/output_maps/SWEDENSITYN0016.asc
ncols         174
nrows         141
xllcorner     744500.000000
yllcorner     5140950.000000
cellsize      250.000000
NODATA_value  -9999.0
[rows 60 to 89 of 141, columns 67 to 133 of 174]
94.861 96.703 99.162 101.551 104.466 114.042 124.377 129.484 123.407 126.628 124.051 119.396 116.029 111.844 114.763 102.956 98.246 95.818 94.218 90.066 94.808 98.702 101.979 104.835 103.742 97.730 94.706 93.314 91.844 89.894 91.029 92.402 102.474 108.392 112.181 117.835 124.766 139.147 124.494 107.523 116.353 132.445 131.201 111.700 107.237 101.564 99.930 98.986 98.468 94.107 92.711 92.594 97.003 108.779 105.433 111.663 114.144 114.229 107.484 97.618 89.926 79.383 77.777 78.281 76.697 75.251 77.091
87.676 90.737 99.934 107.236 113.575 116.391 115.084 128.628 132.300 132.544 132.911 128.669 127.779 119.804 123.320 108.581 106.307 104.535 101.807 95.698 99.766 107.873 107.116 104.794 101.432 95.704 91.878 89.062 87.522 85.928 86.848 89.980 93.740 100.986 104.094 110.045 115.618 139.730 117.873 104.137 104.392 129.345 124.134 99.833 89.248 86.388 87.359 86.415 86.835 84.133 84.089 86.585 89.535 99.723 97.410 101.552 108.920 114.546 107.160 97.012 86.880 77.057 72.609 69.516 68.980 68.420 71.259
83.043 93.599 102.220 110.932 114.564 111.921 113.148 116.460 119.673 127.346 133.160 133.608 134.124 129.377 128.144 116.081 117.026 111.273 106.169 101.485 104.149 110.899 112.456 107.251 101.499 94.646 89.195 84.712 84.054 84.277 86.959 87.193 93.477 95.209 95.422 101.617 114.442 140.366 125.248 104.251 104.324 128.924 122.252 95.070 83.585 81.793 82.560 82.116 80.166 77.983 78.716 83.004 90.706 89.477 90.186 94.336 102.086 113.843 107.581 97.379 90.013 78.928 73.558 68.371 66.076 67.262 72.229
86.708 98.748 103.366 101.559 101.139 101.287 99.878 104.504 107.863 112.177 117.740 127.415 134.429 135.025 135.673 134.734 127.688 119.446 119.521 115.010 116.036 113.501 108.461 103.572 99.835 91.890 87.073 79.239 79.697 85.450 94.341 92.692 95.134 104.803 115.625 123.070 136.402 141.106 138.000 114.411 129.483 124.783 114.145 94.863 85.498 80.225 78.769 76.552 74.281 73.097 72.489 79.387 82.666 79.904 81.773 90.933 100.838 110.780 108.808 99.874 92.183 80.308 75.100 69.936 67.322 68.361 68.686
90.096 97.210 103.562 96.283 93.949 96.854 90.891 97.381 97.465 102.831 111.089 109.922 113.877 122.927 135.337 136.755 136.466 127.585 129.454 124.178 115.473 106.573 100.120 95.597 94.580 88.146 83.901 81.335 86.286 90.673 93.167 107.002 104.629 107.234 114.643 135.785 141.294 140.285 141.806 132.748 130.166 126.756 117.019 99.079 94.333 88.052 85.426 79.046 77.572 75.900 73.032 75.124 76.536 76.236 78.100 90.411 100.786 108.665 110.219 100.618 93.696 84.527 77.959 72.687 70.425 65.655 65.511
90.353 97.839 98.889 88.980 84.413 84.451 82.807 84.478 87.893 97.654 100.274 98.239 97.478 102.148 108.968 115.980 138.021 128.902 119.185 111.375 106.354 98.646 95.563 91.511 88.429 84.978 92.417 94.140 93.890 99.830 103.874 113.012 121.818 139.797 140.679 141.464 134.703 113.105 117.792 130.822 125.434 118.621 122.303 115.855 106.364 97.356 93.543 88.703 82.738 76.075 74.344 70.177 68.588 73.485 78.952 93.374 88.305 92.208 105.619 105.736 99.084 89.519 84.091 77.001 73.151 71.637 69.458
88.544 90.515 99.095 86.677 82.627 80.279 80.374 81.201 84.673 90.091 91.931 89.985 91.870 95.895 100.415 108.163 119.101 144.457 138.370 112.651 107.250 101.466 98.343 94.170 95.024 91.106 96.320 103.163 105.360 113.153 119.056 139.060 139.884 128.468 133.591 116.362 110.936 102.438 120.308 125.771 115.310 110.644 114.534 114.534 114.703 106.254 103.684 89.901 87.793 80.599 74.617 69.104 68.760 76.474 85.076 85.945 81.904 82.171 96.945 106.141 101.914 91.339 83.870 81.975 77.099 72.911 66.438
80.529 85.050 90.785 92.386 86.780 78.948 77.061 79.525 82.800 82.753 84.436 82.088 83.221 87.341 91.211 100.790 107.963 129.107 145.867 130.216 113.653 106.353 105.698 102.970 105.935 113.688 115.433 124.599 136.689 142.123 143.252 119.954 116.067 111.021 105.068 101.523 90.298 106.835 119.993 119.870 106.600 100.867 104.789 106.730 108.562 108.917 105.515 87.586 85.345 76.774 74.394 70.054 68.818 77.997 84.191 79.846 76.282 86.815 99.690 103.780 101.355 96.787 91.776 81.925 75.994 66.064 64.890
74.720 81.979 85.191 92.058 84.922 76.261 74.299 78.339 79.981 78.515 79.525 79.341 79.573 84.556 89.764 98.267 103.834 121.999 146.469 135.690 114.047 108.151 113.495 109.517 125.159 138.837 139.662 140.822 141.924 143.081 114.159 111.296 105.592 103.267 88.635 91.622 87.314 107.447 115.455 114.257 105.245 95.764 94.704 101.066 102.229 105.033 104.713 88.247 84.156 76.467 71.967 69.305 72.505 78.517 80.475 77.559 75.006 83.199 97.323 103.704 101.671 91.056 84.061 77.233 70.465 65.103 63.251
74.609 79.618 82.352 88.114 87.207 81.511 75.604 76.552 78.226 77.619 78.317 82.097 79.330 82.366 83.421 93.612 102.723 115.755 146.979 128.491 113.221 114.605 136.091 137.432 138.524 105.450 110.167 101.301 110.499 116.238 115.414 99.155 89.057 82.684 80.645 77.874 88.378 105.210 109.464 111.013 105.055 87.071 84.682 89.680 86.977 91.166 97.967 97.066 90.211 81.243 79.566 75.603 74.097 77.222 76.593 75.633 76.227 82.679 97.288 104.103 102.498 83.778 77.562 71.397 66.940 64.231 67.194
75.709 80.445 83.646 86.861 85.981 80.216 78.450 79.791 80.788 81.548 82.696 83.612 83.866 83.203 86.818 93.661 104.199 119.118 152.887 122.801 117.301 120.911 137.040 108.859 113.084 92.605 104.017 96.750 112.627 106.872 111.032 100.144 88.667 77.132 80.128 77.009 82.115 100.629 105.940 110.914 103.012 85.743 80.429 80.241 82.746 84.163 90.762 93.613 93.946 86.907 83.680 76.807 73.946 74.174 75.573 75.200 78.307 92.562 100.059 104.449 99.559 83.018 76.412 72.649 68.851 66.456 68.644
75.880 80.136 81.462 83.632 83.962 79.387 77.735 79.511 80.455 79.253 78.897 78.376 83.723 101.097 102.607 103.110 105.263 130.840 156.898 138.742 135.364 120.614 137.930 100.815 89.602 78.824 77.933 97.733 91.090 84.676 89.627 99.562 91.331 75.125 73.536 76.720 81.398 94.955 101.807 106.906 98.670 85.014 83.591 77.826 78.315 79.291 85.612 89.743 91.051 90.138 87.647 80.458 75.436 70.686 70.986 74.428 79.364 91.729 101.939 103.392 99.809 90.850 85.203 80.319 76.594 74.962 73.746
75.822 77.848 79.799 81.997 81.871 79.068 77.994 79.966 79.077 77.810 77.282 77.700 83.579 98.962 112.296 110.887 113.190 133.900 158.765 139.643 122.276 137.681 129.046 96.028 83.616 75.483 74.858 86.456 84.200 80.965 84.728 95.383 93.731 76.548 72.751 73.856 83.669 88.803 96.983 103.457 98.668 92.234 90.524 84.250 79.966 79.789 82.643 88.021 88.319 87.640 85.892 83.405 78.457 73.667 73.526 73.066 79.618 92.896 101.744 102.537 99.419 93.544 89.519 81.693 79.926 79.472 76.758
75.695 75.322 78.626 78.319 78.219 77.605 78.930 79.055 77.376 73.014 74.239 76.979 82.347 97.626 108.977 130.965 138.007 140.172 159.693 140.761 116.753 134.122 131.041 91.886 82.953 76.874 73.251 72.181 73.749 70.130 77.010 89.324 84.777 75.623 70.939 72.867 80.164 81.808 94.952 96.532 94.645 91.268 88.755 87.041 85.018 82.446 79.992 84.305 82.662 79.990 80.863 82.417 81.704 78.728 77.900 80.593 83.050 95.689 101.685 102.997 100.791 95.546 90.735 89.381 85.905 82.573 79.378
75.368 74.376 77.111 75.728 76.473 78.071 79.340 76.645 74.663 72.543 74.135 77.842 85.504 98.798 107.296 115.546 135.668 157.558 160.657 138.118 123.138 155.741 132.090 88.486 83.099 75.625 72.812 71.715 73.587 71.612 74.146 85.946 79.983 72.852 70.615 70.753 76.018 86.685 90.465 92.808 88.616 88.367 83.813 86.498 84.609 80.685 80.092 81.168 78.553 76.530 78.692 79.381 78.710 77.123 78.172 82.877 85.706 96.474 100.256 102.998 101.356 97.551 95.578 89.231 87.132 82.168 80.044
74.700 71.847 72.818 74.594 76.773 77.649 75.478 70.823 70.601 74.342 76.978 83.123 87.444 101.073 111.631 121.444 136.779 162.917 157.335 147.806 155.863 116.469 101.506 88.696 81.475 86.096 80.596 78.070 77.720 80.329 73.646 73.351 77.830 70.788 69.642 75.411 81.010 85.359 86.886 87.537 83.247 83.432 78.340 84.039 81.522 76.272 75.495 76.446 72.675 71.725 73.219 73.748 75.982 78.306 81.397 86.666 90.571 94.980 97.800 102.821 102.518 97.043 91.642 80.589 74.956 70.359 70.742
72.923 73.240 73.361 75.410 77.173 76.337 73.231 70.740 71.932 77.317 81.643 89.392 95.312 104.856 115.263 130.102 144.345 163.929 160.978 160.678 161.355 122.591 107.527 98.152 93.839 92.651 91.328 83.431 88.079 86.378 81.879 78.110 75.363 72.050 70.173 77.805 80.064 85.467 85.157 82.006 80.145 78.155 75.820 81.072 78.315 75.113 72.929 74.820 71.953 72.395 73.704 77.615 80.588 83.869 86.074 91.010 93.114 97.404 101.355 102.280 102.363 96.323 87.803 80.952 76.374 71.253 70.536
72.898 74.122 75.571 76.959 75.741 74.988 72.636 72.633 74.916 81.968 88.645 96.938 102.717 110.889 121.540 150.303 166.198 165.793 166.929 150.589 144.785 132.197 125.202 117.151 113.791 107.189 103.385 98.436 96.108 91.416 87.464 80.570 75.140 70.836 71.526 75.726 75.971 81.810 82.355 76.488 73.814 73.846 73.916 76.277 75.001 75.905 75.773 77.657 77.142 77.272 79.550 82.048 83.852 89.605 91.011 94.962 98.022 98.471 100.899 102.696 102.794 97.221 91.058 84.953 81.095 78.243 78.755
72.486 74.203 75.556 73.416 73.831 73.621 72.099 74.595 80.183 89.516 92.507 101.435 107.405 120.320 132.064 163.133 167.193 167.653 167.966 153.316 143.257 120.479 111.257 98.969 104.719 95.712 96.836 101.162 98.261 89.163 83.456 78.887 76.326 74.333 75.950 75.932 76.047 77.977 80.265 75.113 74.379 76.193 75.871 78.609 77.776 78.349 80.893 81.938 81.744 80.924 80.454 82.208 85.741 92.161 94.457 95.347 94.844 99.694 101.275 103.251 103.219 98.594 92.588 86.971 84.016 82.145 82.753
72.207 72.031 72.743 73.081 70.817 71.954 72.913 77.801 81.463 88.647 91.761 98.396 103.892 120.184 142.919 164.117 168.225 168.696 169.004 160.010 153.813 140.846 124.286 108.137 105.671 98.344 93.255 95.959 95.951 89.615 88.563 83.541 80.570 80.708 81.006 79.304 80.552 79.977 80.047 76.558 77.295 81.596 85.790 86.232 87.222 88.197 88.706 87.818 86.023 84.305 84.945 84.199 88.481 90.272 87.327 88.025 91.631 99.129 102.017 102.716 102.967 102.736 98.331 92.054 89.883 87.844 88.770
72.100 72.002 71.642 72.160 70.322 73.774 74.008 78.309 81.030 84.280 90.485 100.714 108.968 122.422 135.606 165.027 165.911 162.658 152.893 143.651 150.374 144.173 135.380 115.751 109.417 101.940 97.434 97.988 99.140 94.533 91.146 85.668 84.294 85.292 85.699 84.979 84.755 83.198 83.063 81.773 82.930 86.363 92.319 93.335 92.899 92.930 92.056 91.845 89.364 86.876 88.624 87.116 86.010 85.108 86.848 92.332 95.528 100.655 101.687 102.652 102.941 102.479 101.604 96.870 95.878 94.495 93.821
76.476 73.030 71.114 71.882 73.950 77.235 80.425 77.965 79.326 83.361 87.874 98.215 104.619 114.961 134.784 165.890 166.615 146.198 144.759 138.325 132.600 134.658 142.335 131.554 116.627 106.765 103.148 103.072 103.746 98.758 95.044 91.056 90.920 91.624 94.867 91.712 91.566 90.185 90.455 88.766 92.092 96.117 100.332 100.136 98.818 100.181 97.382 98.273 90.890 91.090 92.934 86.775 85.397 87.575 91.285 95.716 97.884 100.161 99.774 100.849 102.285 102.662 102.026 100.648 99.323 95.273 92.336
78.941 73.223 72.500 77.303 79.522 82.308 83.985 81.963 83.436 84.648 86.180 93.831 102.975 108.523 146.077 166.713 158.888 142.257 138.456 131.410 128.112 133.734 142.915 134.719 122.903 110.708 106.248 108.882 106.647 101.452 98.161 95.525 94.728 98.308 99.859 97.196 96.046 94.846 95.236 98.140 99.033 102.056 104.425 104.807 102.765 104.081 103.011 98.841 95.768 96.105 92.433 90.022 90.174 89.822 92.225 94.321 95.673 97.983 95.067 95.841 98.112 102.644 101.625 100.461 98.540 94.384 90.887
84.340 81.004 78.480 81.207 88.421 90.949 91.400 93.841 90.659 90.611 88.310 95.567 100.556 128.086 160.613 167.433 162.064 139.888 127.069 124.744 133.900 129.990 137.669 134.002 124.723 115.525 112.917 107.181 106.750 104.546 104.128 103.259 100.839 102.947 106.559 103.062 102.978 101.099 97.591 102.133 104.781 103.155 108.078 112.150 110.751 106.280 108.778 106.350 103.628 101.818 99.071 96.563 95.464 91.504 88.565 91.126 91.193 93.662 90.568 92.612 96.519 100.901 101.150 94.553 92.692 95.590 93.134
84.407 85.538 80.696 82.474 91.368 99.306 96.683 101.080 100.051 94.094 90.361 100.579 109.444 137.480 167.027 163.161 159.267 121.769 121.513 124.660 140.671 127.573 135.055 136.037 123.492 124.279 120.305 117.423 112.053 109.634 108.485 103.389 101.385 104.066 109.153 106.950 104.109 99.638 99.238 106.377 113.663 113.791 115.805 114.870 113.906 113.707 112.324 110.828 109.109 104.786 102.357 100.332 97.542 90.989 87.045 89.361 91.857 89.850 89.200 94.141 96.302 99.826 97.903 91.507 91.903 93.412 92.284
86.528 89.919 89.039 85.802 91.380 103.087 108.963 112.229 107.609 103.017 106.831 102.133 107.077 134.876 174.398 151.697 154.078 124.942 126.987 140.815 147.519 136.166 144.242 129.537 129.615 119.352 115.228 109.545 110.581 108.109 106.212 103.150 102.531 106.434 110.792 113.651 110.541 112.139 114.741 117.859 120.231 120.997 120.102 115.371 110.377 107.141 105.811 105.076 107.163 108.035 103.795 100.611 96.848 89.364 87.127 87.662 87.663 88.306 90.761 94.662 97.409 99.336 94.520 89.693 88.756 92.905 90.621
87.480 95.379 95.579 93.253 95.754 103.272 109.799 115.580 115.909 116.254 114.823 110.686 114.233 143.238 175.299 145.003 154.775 133.877 137.797 148.572 151.090 142.644 135.499 128.711 125.362 114.981 111.956 107.239 107.292 106.643 106.985 103.043 105.352 110.390 114.861 121.308 117.941 118.921 121.070 123.222 123.408 117.033 112.837 108.538 102.643 99.856 99.435 98.654 101.138 105.696 99.987 97.923 96.765 90.868 89.323 89.677 89.822 91.192 92.195 95.175 97.720 97.653 94.708 92.565 88.838 90.706 89.750
95.126 102.843 106.240 105.786 107.685 115.233 116.992 119.664 123.651 119.721 129.593 124.901 140.650 163.141 176.524 175.046 170.150 160.904 162.422 154.439 148.702 137.013 134.786 132.658 126.280 110.412 110.195 107.282 110.233 112.515 111.899 114.470 116.841 119.397 122.170 133.306 127.083 128.824 131.664 118.498 113.333 106.665 105.427 104.111 98.861 96.531 94.790 96.032 99.174 103.417 99.644 99.160 97.550 95.373 93.076 90.916 91.166 92.248 94.913 98.183 98.513 95.503 93.171 91.079 88.405 86.503 87.910
102.432 105.570 107.774 110.048 113.404 110.281 108.750 117.580 131.064 138.310 143.300 139.318 156.973 166.890 177.291 183.286 178.748 175.265 173.297 173.517 153.086 144.828 145.054 134.525 131.029 116.040 117.536 117.701 119.213 118.528 118.469 119.721 122.165 130.446 135.737 137.115 138.420 135.339 123.831 113.894 109.169 101.405 97.579 103.425 97.215 94.345 97.235 100.132 101.233 102.606 101.114 96.689 95.054 93.032 90.699 90.061 90.732 92.312 95.105 94.791 97.285 94.438 92.090 91.593 87.678 82.729 84.963
90.919 93.733 98.170 96.297 97.908 97.254 100.389 106.600 112.533 128.272 160.498 162.572 163.520 174.004 184.709 169.078 160.996 164.362 158.587 153.595 171.020 167.869 154.686 139.197 130.428 128.064 137.136 134.017 134.341 128.622 135.775 134.874 144.795 138.074 130.639 123.589 116.486 117.805 115.610 106.481 100.351 95.124 94.718 97.947 96.502 92.876 93.320 94.791 96.328 100.673 97.483 89.937 89.854 87.289 87.520 89.182 90.496 91.021 90.966 92.876 94.576 92.579 90.895 89.966 88.345 82.996 82.135
