test_integration/test_sample_run/example/results.meteodistr/output_maps/SWEDENSITYN0055.asc
ncols         174
nrows         141
xllcorner     744500.000000
yllcorner     5140950.000000
cellsize      250.000000
NODATA_value  -9999.0
[rows 58 to 86 of 141, columns 65 to 129 of 174]
126.829 139.180 157.090 147.002 140.902 167.940 172.831 172.172 170.425 168.737 168.463 59.675 nan 54.916 165.706 161.429 162.299 162.663 156.670 145.155 145.745 146.297 144.523 145.713 147.441 149.290 150.398 149.294 146.638 145.218 144.627 142.739 145.136 148.601 146.384 144.013 149.280 154.302 157.990 159.745 173.688 173.277 175.157 175.588 174.561 168.619 157.648 141.167 142.237 134.617 126.997 137.969 125.090 135.296 145.519 151.640 157.820 159.771 165.239 155.820 149.035 146.148 143.146 142.033 139.372
128.267 151.037 154.612 139.741 148.301 141.484 144.783 172.326 172.896 170.275 170.892 174.003 nan 168.494 168.458 165.317 168.601 160.325 156.989 149.360 150.267 147.968 152.553 155.683 160.976 161.290 164.320 150.330 148.998 147.175 146.084 142.157 146.494 140.085 147.245 154.431 157.356 157.675 162.769 176.226 175.345 133.076 149.030 171.990 167.868 145.926 131.910 127.194 126.468 125.438 124.320 123.425 122.966 122.708 124.007 148.521 129.609 149.415 158.222 154.493 151.123 142.238 134.000 116.000 115.511
133.444 143.199 134.414 138.463 160.004 161.280 165.246 166.789 172.992 173.780 171.585 172.635 171.447 170.629 168.607 170.030 168.909 161.396 161.339 160.808 160.727 151.288 156.063 163.825 163.522 163.442 157.261 148.892 147.115 135.871 125.717 136.587 138.795 138.367 146.142 153.762 158.118 162.449 165.743 176.902 160.030 128.584 132.254 168.263 168.177 127.383 124.243 121.920 121.946 121.844 122.255 120.055 120.513 120.755 121.319 126.698 125.191 128.822 148.223 155.673 150.083 141.610 139.132 111.107 109.325
125.178 123.206 123.069 150.096 161.138 166.036 169.809 167.328 169.336 175.101 174.744 174.587 174.499 173.229 173.766 171.362 171.500 166.083 67.417 165.904 162.135 159.349 160.110 167.956 163.733 159.265 152.876 145.817 132.843 120.088 119.647 137.271 148.694 141.109 121.526 123.891 124.520 129.649 156.471 176.751 160.251 146.662 130.520 166.462 162.415 128.561 115.501 115.438 116.718 116.386 116.036 114.657 115.373 121.812 126.010 121.627 121.551 122.712 130.750 155.661 149.518 141.111 135.718 133.307 120.031
126.254 120.799 142.837 158.611 164.836 164.967 139.612 145.527 139.294 144.391 152.629 171.485 174.283 174.734 174.771 173.391 172.027 170.307 64.397 167.440 165.439 164.872 165.419 164.669 165.093 159.841 152.989 145.338 134.499 116.758 120.699 149.375 148.483 149.637 147.004 143.551 148.043 151.581 161.720 177.030 169.690 151.640 155.142 167.271 159.890 138.070 128.206 123.309 119.891 114.125 112.394 111.475 111.573 116.040 120.170 116.522 117.930 120.989 144.249 149.823 150.420 143.120 138.948 131.770 129.427
143.230 143.424 150.315 162.631 163.943 134.417 130.984 134.253 128.843 133.073 135.659 140.798 164.787 167.922 162.126 175.044 175.621 178.281 173.597 170.436 44.204 nan 169.780 163.941 143.553 134.818 147.490 133.631 132.201 140.534 145.036 140.613 148.702 150.680 148.920 158.590 nan nan nan 179.378 178.577 39.859 nan 164.050 153.586 140.138 138.167 142.328 145.327 137.739 137.988 140.275 116.018 112.074 114.463 112.408 113.331 139.406 145.839 147.255 150.049 145.558 139.467 132.623 131.237
144.597 147.754 154.553 156.138 159.426 130.809 125.085 127.551 123.029 127.203 127.296 136.050 140.006 135.085 137.945 144.649 157.197 174.842 175.341 172.034 172.355 167.714 163.421 138.183 129.526 123.880 122.670 123.943 138.081 141.153 144.690 149.180 146.628 nan nan 52.051 166.541 175.411 175.118 147.141 161.250 172.124 167.654 163.727 160.897 147.198 146.223 142.479 139.570 130.629 141.970 143.153 150.113 108.055 108.131 115.725 122.537 140.817 121.758 125.851 150.509 145.355 142.736 136.242 131.759
122.863 146.764 150.102 147.300 156.283 133.031 120.437 118.306 119.245 118.556 122.031 130.386 129.575 127.307 126.291 129.363 134.267 145.924 175.277 172.450 167.640 160.142 155.617 151.470 147.132 143.847 142.923 146.500 152.072 nan 50.998 nan nan 166.898 168.073 175.360 168.248 148.779 143.359 128.125 146.694 164.980 151.939 139.888 157.873 156.090 32.173 147.704 146.633 142.573 136.691 137.822 141.211 109.857 106.980 130.171 131.815 120.948 116.525 116.326 126.667 152.059 146.639 140.339 137.330
120.466 120.747 123.085 124.069 140.274 148.373 144.794 120.033 119.332 122.924 130.038 122.632 123.504 121.489 123.270 126.168 128.622 139.907 148.898 179.596 59.487 165.487 162.681 159.427 156.504 152.842 157.329 nan nan nan nan nan 21.161 174.250 167.766 140.124 143.120 130.776 125.504 140.961 158.847 160.590 130.809 127.578 129.897 130.604 131.349 153.178 151.258 140.346 144.909 131.229 130.004 142.440 138.192 129.928 136.113 116.471 113.824 123.917 142.022 148.376 146.943 140.027 138.510
140.681 112.972 114.372 123.179 123.782 158.004 149.264 127.349 115.366 129.292 125.216 117.654 118.652 117.423 117.529 120.833 125.191 140.457 144.553 170.653 179.822 62.126 164.615 162.368 164.712 164.444 nan 162.906 164.567 160.018 147.824 173.239 151.521 136.142 131.735 127.488 122.532 121.687 116.900 148.650 157.464 156.343 139.430 123.653 124.331 126.419 127.547 138.760 138.337 139.815 133.733 129.636 128.209 143.116 138.409 132.918 130.590 114.593 115.345 136.034 144.156 147.354 146.645 143.581 140.265
141.178 130.051 110.496 125.678 121.219 152.642 144.082 137.442 139.582 124.976 120.485 117.581 117.412 143.033 121.333 127.122 124.641 147.614 156.014 168.798 179.799 173.100 164.217 163.419 168.046 166.281 167.491 151.751 150.933 151.765 151.775 151.828 131.569 128.279 123.520 121.715 114.912 116.864 140.110 146.415 146.238 148.677 145.378 121.195 119.528 122.989 122.746 124.867 124.650 138.959 134.094 137.095 136.338 139.867 134.734 141.990 117.361 123.988 144.135 135.879 143.967 148.921 146.885 120.818 113.307
144.186 140.037 137.034 134.934 138.974 139.794 148.399 143.861 138.783 141.400 140.333 140.300 142.703 144.284 141.434 139.710 132.989 147.193 155.808 164.912 180.252 168.695 164.725 166.560 177.089 173.051 150.813 124.817 129.669 121.778 129.037 132.813 131.952 120.795 116.593 110.621 119.273 110.220 137.404 144.589 130.295 150.854 144.451 121.050 115.721 117.000 116.109 117.663 122.751 151.132 141.346 142.014 128.792 137.990 149.679 122.035 120.827 135.633 140.982 134.539 143.009 148.868 143.604 125.601 111.875
143.235 139.563 139.670 140.800 144.692 134.524 144.968 137.136 140.681 142.161 142.585 142.813 144.428 128.850 145.789 149.014 151.466 152.462 158.095 169.254 186.440 168.630 168.656 167.632 173.936 129.519 132.624 116.628 122.229 123.316 129.974 123.653 126.657 121.894 136.932 118.125 116.380 147.533 119.687 131.937 129.318 143.537 142.595 136.065 148.643 116.963 118.329 115.422 119.699 129.495 144.357 144.840 142.363 137.097 151.350 112.394 115.070 145.568 134.781 141.107 147.507 148.187 141.994 133.298 133.059
133.651 138.628 135.745 130.275 126.758 125.736 134.238 138.713 137.708 142.404 134.975 120.857 115.211 114.210 138.009 nan nan 20.794 162.295 81.906 188.542 178.125 174.902 168.315 173.422 144.651 114.166 109.201 105.675 121.613 115.963 113.066 115.598 125.063 138.553 128.204 113.106 134.834 135.860 120.252 124.482 131.016 141.273 133.504 141.963 144.045 136.153 127.218 119.153 125.684 127.035 149.542 150.028 138.538 134.717 144.529 136.751 138.025 134.416 140.446 148.509 146.951 144.492 141.403 138.449
115.221 138.472 135.295 114.071 127.550 118.879 119.131 131.722 139.122 141.961 123.843 112.903 113.870 126.586 137.753 152.513 166.587 nan nan 175.418 187.222 175.602 165.349 176.239 169.362 137.957 126.145 136.190 116.152 113.064 113.319 111.424 114.981 122.044 118.954 128.794 126.072 130.112 138.292 117.541 124.694 125.685 136.229 143.677 145.799 142.532 148.216 152.918 118.676 123.426 122.083 122.201 120.410 146.194 137.443 139.870 146.997 139.751 132.773 140.682 148.116 147.132 145.452 143.647 141.497
114.045 134.678 134.135 113.048 125.635 113.387 113.929 131.545 140.881 122.148 118.375 109.539 112.499 134.169 139.591 152.241 160.457 175.512 nan 38.888 187.488 176.077 165.663 174.816 171.285 135.529 135.241 131.656 133.522 104.886 106.976 107.725 107.506 119.051 113.973 115.639 130.486 125.721 120.723 143.525 121.213 122.668 122.004 127.786 123.268 151.877 137.875 150.279 134.470 119.967 117.281 115.104 118.534 121.938 136.340 148.459 148.624 141.273 138.431 143.049 147.855 146.644 146.230 144.256 147.467
116.689 134.223 131.325 111.977 112.244 113.073 124.634 137.051 117.100 109.929 109.244 142.359 135.715 137.909 140.779 155.362 162.611 163.972 175.157 nan 187.619 175.945 0.087 183.744 151.464 133.911 134.952 131.856 133.037 142.215 148.968 141.034 119.424 114.818 111.371 109.609 133.957 147.891 122.234 134.860 124.341 125.705 123.317 121.865 118.254 126.148 124.512 119.176 120.296 117.319 114.221 111.761 114.037 114.574 118.315 150.435 147.792 141.049 137.828 145.887 144.894 145.519 144.154 141.789 140.182
121.837 122.607 119.790 119.673 110.271 126.623 137.454 126.970 109.799 106.192 128.098 135.828 136.700 143.650 144.757 158.598 165.808 170.887 177.275 16.543 186.010 nan nan 157.863 141.403 138.471 132.765 143.331 134.408 134.733 134.160 134.943 135.248 114.602 121.252 129.047 143.478 126.071 139.304 140.873 124.373 121.691 118.358 118.048 115.084 121.179 116.028 117.463 113.320 114.957 110.352 117.127 117.403 145.006 148.247 143.782 139.859 142.759 144.800 149.506 143.440 148.166 146.876 144.155 129.469
118.933 111.547 116.994 135.194 135.971 137.110 129.670 120.574 114.012 132.095 131.912 135.977 140.640 150.673 48.232 164.430 167.986 25.025 4.651 63.156 89.900 188.813 186.862 168.824 162.596 nan nan 12.825 25.438 138.576 45.622 134.173 135.497 137.982 134.106 140.684 147.703 140.207 120.826 123.892 126.745 117.207 114.948 113.906 117.264 115.709 113.056 139.258 148.219 150.636 151.869 148.315 135.213 136.558 133.465 141.037 141.841 144.663 149.443 153.075 143.362 144.905 144.452 142.899 140.040
109.898 110.425 122.679 134.679 136.595 122.015 113.672 117.732 118.437 132.985 131.787 139.999 147.763 160.752 91.418 28.519 25.923 nan nan 84.898 22.563 182.432 178.803 172.606 168.694 148.661 158.035 143.465 152.309 150.554 147.493 137.755 134.724 131.438 130.057 146.822 141.052 133.417 122.537 116.469 121.762 113.298 113.486 131.575 148.112 137.513 148.005 152.494 132.856 130.865 141.038 140.934 141.228 148.217 144.746 142.975 148.501 149.155 151.903 151.949 157.583 145.385 144.256 144.506 138.736
126.750 127.464 118.891 115.547 115.684 110.030 109.294 111.190 125.045 132.892 135.849 148.182 147.372 155.426 162.216 2.350 nan nan 59.996 67.888 98.453 186.048 179.739 166.737 154.670 133.328 142.554 125.286 122.774 146.236 143.615 139.231 139.448 137.606 135.319 138.569 140.266 154.297 154.039 139.324 136.685 140.464 152.274 129.427 125.151 141.026 140.799 128.718 137.665 142.950 148.633 137.397 149.371 150.628 141.554 151.705 126.368 126.908 140.306 152.406 157.036 151.827 145.093 145.311 142.038
131.563 131.982 122.570 110.530 108.844 120.195 107.590 123.853 132.526 134.418 137.289 129.932 142.658 148.673 154.315 167.325 182.541 nan 36.625 192.793 191.830 187.986 186.347 71.673 39.244 159.879 150.618 144.119 151.762 149.593 140.962 144.297 144.569 139.540 143.879 143.514 133.720 131.429 132.453 151.378 153.048 136.493 139.262 134.403 134.651 141.332 142.226 143.281 147.014 150.097 139.191 151.948 149.265 154.616 151.310 123.658 124.898 149.958 148.481 144.789 157.072 159.235 155.821 144.045 145.821
132.221 131.280 129.799 133.104 112.047 118.969 131.946 130.919 130.138 136.637 125.618 119.372 140.701 150.481 159.464 167.941 175.061 nan nan 189.318 183.670 178.583 181.962 178.482 176.787 167.007 155.572 147.672 146.281 142.088 143.715 142.423 146.849 142.147 144.053 145.535 144.506 143.783 134.749 146.172 147.249 142.360 137.303 139.703 143.764 148.834 147.648 147.725 150.067 151.152 142.593 141.899 149.649 156.606 142.849 149.012 150.293 144.600 149.385 152.484 155.376 157.027 159.714 158.828 143.255
132.725 131.789 132.401 129.232 130.412 128.868 127.702 132.278 137.052 134.540 137.262 136.110 130.436 143.788 151.565 157.123 84.702 nan 192.400 179.930 178.848 175.897 168.819 172.273 178.161 175.267 162.933 151.212 149.130 150.802 148.717 145.211 150.510 147.747 147.312 146.128 151.528 145.654 146.358 145.850 146.184 142.834 147.173 149.036 151.361 149.648 149.502 149.707 148.406 148.778 148.390 141.087 145.309 153.991 156.406 150.737 147.146 152.633 153.460 154.573 141.382 143.627 156.941 155.050 157.421
132.123 133.575 132.932 125.720 126.701 130.823 nan nan 141.077 nan 139.921 139.763 137.521 142.164 150.437 112.560 nan nan 187.647 178.192 175.942 170.381 170.158 172.039 178.657 173.490 165.116 153.217 151.302 150.909 147.604 145.870 141.222 149.763 148.435 151.504 149.710 150.235 151.653 152.330 150.601 149.962 149.402 148.977 150.546 151.610 150.264 153.756 148.997 148.419 147.579 151.800 149.403 150.490 146.565 156.385 150.811 147.256 136.965 137.909 127.808 132.055 149.580 157.558 157.531
130.810 122.846 140.656 nan 133.025 133.522 nan nan nan nan nan 147.247 141.054 149.383 152.870 nan nan nan 192.071 176.635 166.471 165.788 174.219 168.290 173.617 171.799 162.471 158.557 156.964 149.439 148.698 148.350 148.880 142.824 151.727 150.227 156.962 149.939 151.271 150.018 159.157 149.005 154.675 150.813 145.626 160.023 145.904 150.660 154.318 155.208 153.192 151.593 151.120 152.197 148.933 154.311 133.110 141.216 148.230 127.613 133.277 150.570 153.863 156.270 157.350
132.890 130.776 137.048 40.257 52.733 135.949 142.922 nan nan nan nan 31.118 nan 154.873 25.327 nan nan 190.364 189.698 163.922 165.525 170.884 178.540 169.395 174.087 171.340 162.071 162.216 157.764 155.128 151.002 149.532 148.560 142.568 156.603 151.697 154.595 144.016 150.841 148.991 142.441 150.279 155.346 155.752 151.755 157.258 162.315 158.966 159.376 159.997 151.786 149.557 153.796 152.748 147.232 148.245 151.500 146.004 147.579 135.505 153.033 151.818 152.722 154.543 134.561
nan 133.439 137.777 nan nan 3.717 142.708 20.794 nan nan nan nan nan 64.677 161.789 nan nan 184.664 186.683 170.700 172.674 nan 183.103 175.561 179.736 165.034 166.245 153.028 151.276 130.054 142.857 147.318 144.400 152.716 151.924 155.231 146.606 154.867 150.403 40.090 nan 158.078 155.612 150.248 148.872 146.071 130.366 127.059 132.099 131.508 136.111 154.152 154.531 153.943 151.391 149.948 156.286 153.273 150.898 153.402 151.184 151.806 153.880 154.176 151.609
nan nan 1.339 nan nan nan nan nan nan nan nan nan nan nan nan nan nan nan nan nan nan 1.818 183.878 178.781 170.561 166.539 160.971 146.311 148.790 148.371 148.238 146.028 147.025 142.855 150.261 152.202 153.392 160.360 157.026 156.689 157.262 153.173 144.621 131.604 129.563 131.551 130.422 127.493 126.847 128.179 137.219 153.733 150.766 154.956 155.467 147.576 153.535 156.853 155.873 149.537 151.783 153.383 154.659 153.510 152.427
