test_integration/test_sample_run/example/results.meteodistr/output_maps/SWEDENSITYN0185.asc
ncols         174
nrows         141
xllcorner     744500.000000
yllcorner     5140950.000000
cellsize      250.000000
NODATA_value  -9999.0
[rows 64 to 95 of 141, columns 72 to 143 of 174]
201.017 198.673 200.098 210.151 nan nan 169.418 nan nan nan nan nan nan nan nan nan nan nan 215.264 216.068 220.964 nan nan nan nan nan nan nan nan nan nan nan nan nan nan nan nan nan nan nan nan nan nan nan nan nan 180.705 181.610 210.631 nan nan 207.010 8.665 nan nan nan nan nan nan nan nan nan 174.543 175.383 196.779 nan nan nan nan nan nan nan
196.172 210.554 203.212 nan nan 209.670 202.265 204.718 nan nan nan nan nan nan nan nan nan nan nan nan nan nan nan nan nan nan nan nan nan nan nan nan 206.642 nan nan nan nan nan nan nan nan nan nan nan nan nan 192.655 183.339 nan nan 193.786 185.799 211.031 nan nan nan nan nan nan nan nan nan 174.026 218.826 nan nan nan nan nan nan nan nan
220.124 217.758 nan nan 214.024 202.040 198.166 214.816 nan nan nan nan nan nan nan nan nan nan nan nan nan nan nan nan nan nan nan nan nan nan nan nan nan nan nan nan 210.252 208.959 219.228 nan nan nan nan nan nan 220.494 232.168 221.046 nan nan 185.126 185.788 nan nan nan nan nan nan nan nan 205.906 191.083 nan nan nan nan nan nan nan 204.072 196.615 nan
25.867 216.346 nan nan 200.971 202.279 205.847 209.167 27.582 nan nan nan nan nan nan nan nan nan nan nan nan nan nan nan nan nan nan 208.401 207.117 62.254 206.892 183.913 nan nan nan nan 196.123 202.686 205.729 214.466 nan nan nan 229.624 216.102 215.768 229.415 nan nan 214.220 195.657 213.950 nan nan nan nan nan nan 228.463 215.427 176.176 183.241 nan nan nan nan nan 199.197 202.050 191.057 181.492 218.169
nan nan nan 103.643 215.688 215.848 nan nan nan nan nan nan nan nan nan nan nan nan nan nan nan nan nan nan nan 203.791 207.153 201.955 10.872 183.595 186.436 nan nan nan nan nan 204.094 186.451 196.349 198.795 204.403 213.775 nan nan nan nan nan nan nan 207.935 218.603 nan nan nan nan nan 219.856 207.300 202.394 188.053 207.939 nan nan nan nan 205.372 193.551 186.377 178.054 183.956 nan 223.019
nan nan nan nan nan nan nan nan nan nan nan nan nan nan nan nan nan nan nan nan 137.991 206.445 202.399 207.468 207.294 207.076 209.019 213.506 177.379 197.811 182.118 nan nan nan nan nan 214.685 186.804 182.407 182.686 190.053 202.149 nan nan nan nan nan nan 208.018 221.106 215.478 nan nan nan nan nan 19.914 211.359 205.494 214.323 nan nan nan nan 210.623 185.426 183.926 179.746 178.765 212.170 nan -9999.000
nan nan nan nan nan nan nan nan nan nan nan nan nan nan nan nan nan nan 122.664 nan 198.931 nan 199.115 198.089 nan 43.564 nan nan 197.807 198.314 229.992 nan nan 217.564 nan nan nan 235.857 194.663 201.920 188.637 206.327 221.451 nan nan nan nan nan 186.892 192.393 229.633 nan nan nan nan nan nan nan nan nan nan nan 232.058 195.741 182.021 -9999.000 -9999.000 -9999.000 nan -9999.000 -9999.000 -9999.000
nan nan nan nan nan 213.918 212.779 nan nan nan nan nan nan nan nan nan nan nan nan 213.296 182.369 182.666 204.862 190.840 181.442 186.449 200.797 nan 222.515 186.827 219.339 nan 205.475 218.300 228.139 nan nan nan nan 227.074 207.937 209.611 205.053 220.789 238.091 nan nan nan 242.319 234.256 216.605 nan nan nan nan nan nan nan nan nan nan nan nan 206.900 -9999.000 -9999.000 -9999.000 -9999.000 -9999.000 -9999.000 -9999.000 -9999.000
nan nan nan nan 214.931 214.505 nan nan nan nan nan nan nan nan nan nan nan nan nan nan 230.292 208.602 189.820 182.610 179.621 195.737 195.912 192.895 nan 217.442 216.214 nan 191.555 218.453 202.161 238.222 nan nan nan nan nan 201.801 212.333 206.123 189.614 201.769 227.699 nan nan nan nan nan nan nan nan nan nan nan nan nan nan nan nan -9999.000 -9999.000 -9999.000 -9999.000 -9999.000 -9999.000 -9999.000 -9999.000 -9999.000
nan nan nan 220.311 210.798 218.599 nan nan nan nan nan nan nan nan nan nan nan nan nan nan nan 223.694 173.977 178.940 182.881 197.662 188.828 181.196 215.733 219.947 221.278 200.748 nan 193.031 191.087 195.793 212.816 220.562 nan nan 233.179 230.440 202.555 196.336 191.947 199.068 225.743 216.247 nan nan nan nan nan nan nan nan nan nan nan nan 219.986 251.130 nan -9999.000 -9999.000 -9999.000 -9999.000 -9999.000 -9999.000 -9999.000 -9999.000 -9999.000
nan 221.411 193.535 204.308 nan nan nan nan nan nan nan nan nan nan nan nan nan nan nan nan nan nan nan nan nan 209.324 182.810 182.258 194.882 224.611 nan nan nan 195.579 194.767 191.137 208.548 196.229 213.615 223.760 200.988 193.604 193.531 189.764 187.444 191.536 192.053 196.441 230.369 nan nan nan nan nan nan nan nan nan 210.935 186.067 181.411 188.902 208.954 -9999.000 -9999.000 -9999.000 -9999.000 -9999.000 -9999.000 -9999.000 -9999.000 -9999.000
nan 211.743 199.070 232.055 nan nan nan nan nan nan nan nan nan nan nan nan nan nan nan nan nan nan nan nan nan nan 195.128 219.542 203.867 249.025 nan nan 224.517 220.587 192.125 199.318 195.879 188.513 195.296 197.183 197.740 182.435 186.637 179.478 188.981 196.065 248.513 nan nan nan nan nan nan nan nan nan nan 227.537 211.954 188.877 180.981 189.047 -9999.000 -9999.000 -9999.000 -9999.000 -9999.000 -9999.000 -9999.000 -9999.000 -9999.000 -9999.000
nan 218.429 nan nan nan nan nan nan nan nan nan nan nan nan nan nan nan nan nan nan nan nan nan nan nan nan nan 215.190 231.681 nan nan 220.019 206.465 217.551 193.636 190.549 188.229 191.716 192.416 188.429 236.565 249.809 224.051 nan nan nan nan nan nan nan nan nan nan nan nan nan nan nan nan nan nan nan -9999.000 -9999.000 -9999.000 -9999.000 -9999.000 -9999.000 -9999.000 -9999.000 -9999.000 -9999.000
221.508 nan nan nan nan nan nan nan nan nan nan nan nan nan nan nan nan nan nan nan nan nan nan nan nan nan nan 223.655 234.185 nan 231.059 217.165 199.583 207.238 196.815 180.948 216.028 232.060 225.236 250.370 nan nan nan nan nan nan nan nan nan nan nan nan nan nan nan nan nan nan nan nan nan nan -9999.000 -9999.000 -9999.000 -9999.000 -9999.000 -9999.000 -9999.000 -9999.000 -9999.000 -9999.000
215.330 nan nan nan nan nan nan nan nan nan nan nan nan nan nan nan nan nan nan nan 219.083 216.669 nan nan nan nan nan nan nan nan nan nan 234.311 233.036 239.946 nan nan nan nan nan nan nan nan nan nan nan nan nan nan 213.358 208.109 226.251 nan nan nan nan nan nan nan nan nan nan -9999.000 -9999.000 -9999.000 -9999.000 -9999.000 -9999.000 -9999.000 -9999.000 -9999.000 -9999.000
nan nan nan nan nan nan nan nan nan nan nan nan nan nan nan nan nan nan nan nan nan nan nan nan nan nan nan nan nan nan nan nan nan nan nan nan nan nan nan nan nan nan nan nan nan nan nan nan 212.783 223.016 231.551 nan nan nan nan nan nan nan nan nan nan nan -9999.000 -9999.000 -9999.000 -9999.000 -9999.000 -9999.000 -9999.000 -9999.000 -9999.000 -9999.000
nan nan nan nan nan nan nan nan nan nan nan nan nan nan nan nan nan nan nan nan nan nan nan nan nan nan nan nan nan nan nan nan nan nan nan nan nan nan nan nan nan nan nan nan nan nan nan 222.216 232.040 nan nan nan nan nan nan nan nan nan nan nan nan nan -9999.000 -9999.000 -9999.000 -9999.000 -9999.000 -9999.000 -9999.000 -9999.000 -9999.000 -9999.000
nan nan nan nan nan nan nan nan nan nan nan nan nan nan nan nan nan nan nan nan nan nan nan nan nan nan nan nan nan nan nan nan nan nan nan nan nan nan nan nan nan nan nan nan nan nan nan nan nan nan nan nan nan 229.141 230.283 nan nan nan nan nan nan nan nan -9999.000 -9999.000 -9999.000 -9999.000 -9999.000 -9999.000 -9999.000 -9999.000 -9999.000
nan nan nan nan nan nan nan nan nan nan nan nan nan nan nan nan nan nan nan nan nan nan nan nan nan nan nan nan nan nan nan nan nan nan nan nan nan nan nan nan nan nan nan nan nan nan nan nan nan 232.818 228.318 219.093 216.903 200.988 216.068 nan nan nan 231.087 230.485 nan nan nan -9999.000 -9999.000 -9999.000 -9999.000 -9999.000 -9999.000 -9999.000 -9999.000 -9999.000
nan nan nan nan nan nan nan nan nan nan nan nan nan nan nan nan nan nan nan nan nan nan nan nan nan nan nan nan nan nan nan nan nan nan nan nan nan nan nan nan nan nan nan nan nan nan nan nan nan 220.981 219.383 231.212 202.599 207.685 nan nan nan nan 212.954 220.721 nan nan nan -9999.000 -9999.000 -9999.000 -9999.000 -9999.000 -9999.000 -9999.000 -9999.000 -9999.000
nan nan nan nan nan nan nan nan nan nan nan nan nan nan nan nan nan nan nan nan nan nan nan nan nan nan nan nan nan nan nan nan nan nan nan nan nan nan nan nan nan nan nan nan nan nan nan nan 233.086 231.357 229.386 227.935 213.312 nan nan nan nan 226.757 230.005 236.458 nan nan -9999.000 -9999.000 -9999.000 -9999.000 -9999.000 -9999.000 -9999.000 -9999.000 -9999.000 -9999.000
nan nan nan nan nan nan nan nan nan nan nan nan nan nan nan nan nan nan nan nan nan nan nan nan nan nan nan nan nan nan nan nan nan nan nan nan nan nan 240.429 208.524 192.000 198.558 194.189 213.104 nan nan 23.473 nan 235.463 nan nan 232.000 nan nan nan nan nan 236.079 nan 234.747 nan nan -9999.000 -9999.000 -9999.000 -9999.000 -9999.000 -9999.000 -9999.000 -9999.000 -9999.000 -9999.000
nan nan nan nan nan nan nan nan nan nan nan nan nan nan nan nan nan nan nan nan nan nan nan nan nan nan nan nan nan nan nan nan nan nan nan 235.718 208.181 205.509 211.656 203.299 206.785 205.106 208.752 211.940 231.066 234.781 nan nan nan nan nan nan nan nan nan nan 237.348 nan nan nan 217.799 nan -9999.000 -9999.000 -9999.000 -9999.000 -9999.000 -9999.000 -9999.000 -9999.000 -9999.000 -9999.000
nan nan nan nan nan nan nan nan nan nan nan nan nan nan nan nan nan nan nan nan nan nan nan nan nan nan nan nan nan nan nan nan nan nan nan 212.265 193.904 189.420 226.215 222.606 216.344 231.122 nan nan 227.979 nan nan nan nan nan nan nan nan nan nan nan 236.654 238.147 nan nan 201.544 nan -9999.000 -9999.000 -9999.000 -9999.000 -9999.000 -9999.000 -9999.000 -9999.000 -9999.000 -9999.000
nan nan nan nan nan nan nan nan nan nan nan nan nan nan nan nan nan nan nan nan nan nan nan nan nan nan nan nan nan nan nan 230.293 209.525 nan 223.144 209.477 205.458 213.865 219.569 230.310 230.941 nan nan nan 229.212 235.778 218.688 220.744 217.120 214.800 230.628 nan nan 227.885 229.894 231.109 236.711 nan nan nan 218.103 nan -9999.000 -9999.000 -9999.000 -9999.000 -9999.000 -9999.000 -9999.000 -9999.000 -9999.000 -9999.000
nan nan nan nan nan nan nan nan nan nan nan nan nan nan nan nan nan nan nan nan nan nan nan nan nan nan nan nan nan nan 226.883 204.855 201.640 229.674 227.231 208.857 217.612 225.388 217.200 232.501 232.337 223.631 217.111 210.145 nan 233.480 230.842 226.397 227.635 225.112 nan nan nan 232.236 nan 241.050 nan nan 235.610 nan nan nan -9999.000 -9999.000 -9999.000 -9999.000 -9999.000 -9999.000 -9999.000 -9999.000 -9999.000 -9999.000
nan nan nan nan nan nan nan nan nan nan nan nan nan nan nan nan nan nan nan nan nan nan nan nan nan nan nan nan nan 215.419 202.378 210.287 195.416 209.358 237.693 230.234 nan nan nan 225.378 227.989 232.753 216.908 213.970 nan nan nan nan nan nan nan 231.474 234.597 234.034 229.982 217.303 228.772 238.475 nan nan nan -9999.000 -9999.000 -9999.000 -9999.000 -9999.000 -9999.000 -9999.000 -9999.000 -9999.000 -9999.000 -9999.000
nan nan nan nan nan nan nan nan nan nan nan nan nan nan nan nan nan nan nan nan nan nan nan 209.659 nan 198.582 nan nan nan nan nan nan 227.573 208.472 230.551 nan nan nan nan 233.006 nan nan nan 223.985 nan -9999.000 -9999.000 -9999.000 -9999.000 -9999.000 -9999.000 -9999.000 230.185 nan nan 208.488 219.562 209.816 nan nan -9999.000 -9999.000 -9999.000 -9999.000 -9999.000 -9999.000 -9999.000 -9999.000 -9999.000 -9999.000 -9999.000 -9999.000
nan nan nan nan nan nan nan nan nan nan nan nan nan nan nan nan nan nan nan nan nan nan nan 224.439 187.962 nan nan nan nan nan nan nan nan nan nan nan nan nan nan nan 228.663 -9999.000 -9999.000 -9999.000 -9999.000 -9999.000 -9999.000 -9999.000 -9999.000 -9999.000 -9999.000 -9999.000 -9999.000 -9999.000 228.166 235.637 213.346 228.730 nan -9999.000 -9999.000 -9999.000 -9999.000 -9999.000 -9999.000 -9999.000 -9999.000 -9999.000 -9999.000 -9999.000 -9999.000 -9999.000
nan nan nan nan nan nan nan nan nan nan nan nan nan nan nan nan nan nan nan nan nan nan nan nan nan nan nan nan nan nan nan nan nan nan nan nan 222.456 nan nan -9999.000 -9999.000 -9999.000 -9999.000 -9999.000 -9999.000 -9999.000 -9999.000 -9999.000 -9999.000 -9999.000 -9999.000 -9999.000 -9999.000 -9999.000 -9999.000 229.135 nan nan -9999.000 -9999.000 -9999.000 -9999.000 -9999.000 -9999.000 -9999.000 -9999.000 -9999.000 -9999.000 -9999.000 -9999.000 -9999.000 -9999.000
nan nan nan nan nan nan nan nan nan nan nan nan nan nan nan nan nan nan nan nan 204.301 nan nan nan nan nan nan nan nan nan nan nan nan nan nan nan nan nan -9999.000 -9999.000 -9999.000 -9999.000 -9999.000 -9999.000 -9999.000 -9999.000 -9999.000 -9999.000 -9999.000 -9999.000 -9999.000 -9999.000 -9999.000 -9999.000 -9999.000 -9999.000 nan -9999.000 -9999.000 -9999.000 -9999.000 -9999.000 -9999.000 -9999.000 -9999.000 -9999.000 -9999.000 -9999.000 -9999.000 -9999.000 -9999.000 -9999.000
nan nan nan nan nan nan nan nan nan nan nan nan nan nan nan nan nan nan nan nan 221.031 nan nan nan nan nan nan nan nan nan nan 34.925 -9999.000 -9999.000 -9999.000 nan nan -9999.000 -9999.000 -9999.000 -9999.000 -9999.000 -9999.000 -9999.000 -9999.000 -9999.000 -9999.000 -9999.000 -9999.000 -9999.000 -9999.000 -9999.000 -9999.000 -9999.000 -9999.000 -9999.000 -9999.000 -9999.000 -9999.000 -9999.000 -9999.000 -9999.000 -9999.000 -9999.000 -9999.000 -9999.000 -9999.000 -9999.000 -9999.000 -9999.000 -9999.000 -9999.000
