test_integration/test_sample_run/example/results.meteodistr/output_maps/SWEDENSITYN0032.asc
ncols         174
nrows         141
xllcorner     744500.000000
yllcorner     5140950.000000
cellsize      250.000000
NODATA_value  -9999.0
[rows 87 to 115 of 141, columns 66 to 131 of 174]
125.005 126.308 133.350 134.069 133.483 134.919 140.216 143.207 145.176 145.861 144.465 149.542 146.083 156.437 173.735 184.006 181.207 176.815 168.988 169.743 166.054 161.485 154.071 151.839 147.487 139.807 119.069 120.135 117.781 120.533 122.282 121.164 124.280 126.408 127.836 128.779 137.378 132.411 133.544 133.872 123.943 120.110 115.616 114.973 121.195 118.746 118.608 120.973 122.143 121.346 123.920 125.381 124.070 122.866 124.059 122.462 120.544 120.462 119.985 121.011 122.000 123.364 119.393 118.699 118.547 116.762
114.824 113.958 117.612 128.044 122.578 126.904 122.634 123.609 139.310 152.925 156.674 160.194 156.506 170.241 177.807 185.620 190.208 185.175 181.047 180.093 178.076 164.892 158.560 158.211 149.305 144.935 129.609 132.193 131.655 131.450 128.302 128.326 128.309 130.082 135.968 138.802 137.683 138.437 136.237 127.601 120.426 117.113 120.363 113.678 121.427 119.723 119.434 120.681 123.090 122.846 123.881 124.002 113.963 115.199 112.652 115.285 118.535 118.751 118.092 118.208 117.240 119.889 119.217 118.620 118.909 115.028
106.550 104.596 107.077 110.882 109.220 110.518 110.215 114.142 122.828 129.632 149.112 176.785 176.508 176.587 184.830 192.180 179.013 173.231 174.729 169.342 164.791 177.479 174.806 165.278 154.991 143.073 145.348 152.498 149.205 147.168 138.875 145.166 142.335 149.293 138.121 132.631 127.271 122.251 123.272 121.804 115.526 118.159 115.617 117.867 115.601 121.571 119.420 112.975 112.597 115.515 122.478 119.346 113.887 114.059 111.977 112.456 117.651 119.123 118.894 116.190 117.817 118.247 119.268 118.668 117.114 117.173
97.807 96.266 98.361 105.278 103.737 109.311 120.554 118.413 132.039 137.136 141.454 146.608 178.822 182.079 194.031 194.566 171.667 162.553 163.068 159.197 163.043 158.533 157.329 170.644 164.700 153.611 159.148 160.261 147.803 147.613 146.264 145.297 143.629 135.448 125.277 122.294 119.927 119.669 118.786 119.443 124.168 119.282 121.368 123.038 120.931 118.987 118.447 114.825 112.614 112.588 119.470 124.459 121.357 120.468 114.371 112.889 115.079 114.090 113.698 116.841 116.160 116.061 116.781 117.503 117.483 119.760
88.147 90.843 98.504 96.769 103.982 120.000 131.357 130.731 135.637 137.225 150.146 161.339 179.283 145.356 188.548 178.030 164.882 156.981 153.796 149.827 140.424 137.739 135.457 145.449 164.829 165.448 156.976 135.656 122.094 119.890 122.456 124.585 126.366 126.471 121.810 118.686 125.343 125.538 122.214 120.150 121.697 123.805 124.895 126.686 122.350 115.780 119.905 120.508 117.178 111.279 113.731 -9999.000 -9999.000 -9999.000 -9999.000 -9999.000 -9999.000 -9999.000 108.693 109.558 114.789 112.923 110.735 112.952 118.252 117.306
89.002 90.522 93.897 97.362 112.796 127.207 134.815 135.514 139.994 142.220 151.459 163.476 120.198 113.102 178.814 178.497 162.073 155.973 152.229 146.841 138.446 135.893 130.160 133.597 141.762 145.290 134.079 125.726 118.137 113.835 111.816 114.303 126.072 127.755 123.072 119.297 118.681 118.939 126.749 126.891 127.209 127.588 128.335 122.300 118.515 120.010 113.972 -9999.000 -9999.000 -9999.000 -9999.000 -9999.000 -9999.000 -9999.000 -9999.000 -9999.000 -9999.000 -9999.000 -9999.000 -9999.000 110.452 112.975 107.195 107.559 114.635 -9999.000
96.679 94.121 95.098 103.003 125.901 133.451 138.411 140.252 144.368 149.710 160.545 167.258 42.674 54.911 179.102 173.586 164.238 163.698 151.736 147.452 140.829 136.225 127.507 124.244 125.663 129.518 125.916 117.870 114.652 114.647 124.777 115.052 119.279 124.302 125.116 123.898 124.465 120.944 118.815 119.591 116.773 126.243 120.036 119.755 119.924 -9999.000 -9999.000 -9999.000 -9999.000 -9999.000 -9999.000 -9999.000 -9999.000 -9999.000 -9999.000 -9999.000 -9999.000 -9999.000 -9999.000 -9999.000 -9999.000 109.491 111.353 110.198 -9999.000 -9999.000
108.804 101.197 108.636 122.697 128.479 137.036 139.262 142.844 145.204 150.525 94.994 108.371 58.114 71.529 176.339 173.339 167.888 165.506 153.014 148.426 133.808 129.246 126.380 121.091 118.669 121.347 124.014 122.066 115.743 113.481 128.750 115.515 118.705 121.465 125.110 125.883 125.239 123.797 123.370 121.491 132.026 115.317 122.506 120.448 -9999.000 -9999.000 -9999.000 -9999.000 -9999.000 -9999.000 -9999.000 -9999.000 -9999.000 -9999.000 -9999.000 -9999.000 -9999.000 -9999.000 -9999.000 -9999.000 -9999.000 -9999.000 110.309 -9999.000 -9999.000 -9999.000
121.919 120.047 123.909 124.384 129.484 134.402 143.467 144.996 81.677 53.330 147.811 150.524 154.539 93.590 195.353 92.124 162.948 154.474 136.439 132.446 123.722 120.842 119.918 119.431 116.490 116.104 115.404 115.802 113.850 113.833 127.398 114.940 116.748 120.586 122.703 122.257 120.483 118.717 -9999.000 -9999.000 -9999.000 122.256 124.942 -9999.000 -9999.000 -9999.000 -9999.000 -9999.000 -9999.000 -9999.000 -9999.000 -9999.000 -9999.000 -9999.000 -9999.000 -9999.000 -9999.000 -9999.000 -9999.000 -9999.000 -9999.000 -9999.000 -9999.000 -9999.000 -9999.000 -9999.000
110.457 83.483 41.440 125.786 129.911 134.815 139.054 144.157 64.484 82.332 14.252 153.436 64.340 164.113 164.145 188.459 175.494 153.531 142.037 140.943 138.714 137.377 126.130 122.467 114.895 113.841 114.170 116.162 114.727 113.614 112.028 113.690 115.231 117.227 118.903 120.110 117.558 -9999.000 -9999.000 -9999.000 -9999.000 -9999.000 -9999.000 -9999.000 -9999.000 -9999.000 -9999.000 -9999.000 -9999.000 -9999.000 -9999.000 -9999.000 -9999.000 -9999.000 -9999.000 -9999.000 -9999.000 -9999.000 -9999.000 -9999.000 -9999.000 -9999.000 -9999.000 -9999.000 -9999.000 -9999.000
116.417 127.421 41.864 20.785 43.820 86.374 97.488 71.402 135.872 140.659 148.117 150.580 155.802 147.867 145.951 141.536 146.506 162.825 161.413 160.657 146.949 145.049 142.399 140.827 125.517 125.559 125.607 121.931 116.037 114.622 115.994 116.274 116.681 116.124 127.398 117.474 -9999.000 -9999.000 -9999.000 -9999.000 -9999.000 -9999.000 -9999.000 -9999.000 -9999.000 -9999.000 -9999.000 -9999.000 -9999.000 -9999.000 -9999.000 -9999.000 -9999.000 -9999.000 -9999.000 -9999.000 -9999.000 -9999.000 -9999.000 -9999.000 -9999.000 -9999.000 -9999.000 -9999.000 -9999.000 -9999.000
123.391 125.397 62.781 33.399 28.214 24.644 35.582 32.834 12.682 139.257 145.612 145.613 156.789 147.209 130.717 128.433 138.596 149.533 141.637 140.346 145.721 152.323 145.172 144.900 138.151 132.859 130.164 127.650 123.602 123.354 121.777 120.516 118.626 115.483 132.991 -9999.000 -9999.000 -9999.000 -9999.000 -9999.000 -9999.000 -9999.000 -9999.000 -9999.000 -9999.000 -9999.000 -9999.000 -9999.000 -9999.000 -9999.000 -9999.000 -9999.000 -9999.000 -9999.000 -9999.000 -9999.000 -9999.000 -9999.000 -9999.000 -9999.000 -9999.000 -9999.000 -9999.000 -9999.000 -9999.000 -9999.000
126.462 128.156 70.202 15.416 nan nan 106.901 121.244 128.375 130.733 142.785 83.454 149.167 141.333 122.704 121.412 129.848 124.753 120.845 119.287 119.836 126.669 153.657 149.955 140.005 137.853 134.184 132.675 130.254 128.147 125.898 124.167 120.718 120.861 122.926 121.413 -9999.000 -9999.000 -9999.000 -9999.000 -9999.000 -9999.000 -9999.000 -9999.000 -9999.000 -9999.000 -9999.000 -9999.000 -9999.000 -9999.000 -9999.000 -9999.000 -9999.000 -9999.000 -9999.000 -9999.000 -9999.000 -9999.000 -9999.000 -9999.000 -9999.000 -9999.000 -9999.000 -9999.000 -9999.000 -9999.000
82.719 54.526 nan nan nan nan nan 118.127 113.267 124.420 97.160 152.894 147.124 140.637 133.963 125.786 117.730 115.733 114.576 113.988 113.968 116.321 127.508 147.591 134.893 132.094 127.148 126.390 123.132 122.371 120.903 120.967 120.647 120.602 122.471 120.935 -9999.000 -9999.000 -9999.000 -9999.000 -9999.000 -9999.000 -9999.000 -9999.000 -9999.000 -9999.000 -9999.000 -9999.000 -9999.000 -9999.000 -9999.000 -9999.000 -9999.000 -9999.000 -9999.000 -9999.000 -9999.000 -9999.000 -9999.000 -9999.000 -9999.000 -9999.000 -9999.000 -9999.000 -9999.000 -9999.000
43.866 1.770 nan nan nan nan nan nan 106.155 127.884 145.929 143.740 138.575 140.031 137.506 124.161 107.482 107.413 105.889 107.410 104.662 107.942 114.634 135.644 126.535 119.298 118.204 119.584 117.958 117.327 116.742 117.081 117.659 118.658 121.914 -9999.000 -9999.000 -9999.000 -9999.000 -9999.000 -9999.000 -9999.000 -9999.000 -9999.000 -9999.000 -9999.000 -9999.000 -9999.000 -9999.000 -9999.000 -9999.000 -9999.000 -9999.000 -9999.000 -9999.000 -9999.000 -9999.000 -9999.000 -9999.000 -9999.000 -9999.000 -9999.000 -9999.000 -9999.000 -9999.000 -9999.000
28.620 nan nan nan nan nan nan 86.744 119.926 127.254 103.214 139.439 122.772 123.019 126.947 117.841 104.849 100.346 99.647 100.348 99.775 106.045 114.195 125.759 131.988 116.588 113.864 114.038 115.349 113.450 113.469 113.489 114.372 115.565 -9999.000 -9999.000 -9999.000 -9999.000 -9999.000 -9999.000 -9999.000 -9999.000 -9999.000 -9999.000 -9999.000 -9999.000 -9999.000 -9999.000 -9999.000 -9999.000 -9999.000 -9999.000 -9999.000 -9999.000 -9999.000 -9999.000 -9999.000 -9999.000 -9999.000 -9999.000 -9999.000 -9999.000 -9999.000 -9999.000 -9999.000 -9999.000
114.600 6.209 nan nan nan nan 101.423 25.526 145.833 147.434 65.724 139.666 134.173 117.591 113.801 114.129 104.122 98.384 93.176 93.206 96.203 103.203 110.401 118.426 134.142 121.024 110.206 107.663 111.859 109.425 107.752 108.829 108.793 -9999.000 -9999.000 -9999.000 -9999.000 -9999.000 -9999.000 -9999.000 -9999.000 -9999.000 -9999.000 -9999.000 -9999.000 -9999.000 -9999.000 -9999.000 -9999.000 -9999.000 -9999.000 -9999.000 -9999.000 -9999.000 -9999.000 -9999.000 -9999.000 -9999.000 -9999.000 -9999.000 -9999.000 -9999.000 -9999.000 -9999.000 -9999.000 -9999.000
114.638 108.946 nan nan nan nan 113.728 92.791 140.749 137.226 137.614 141.596 134.488 111.498 109.505 108.926 105.415 102.063 93.953 90.834 95.632 100.292 109.291 114.020 129.893 120.735 109.722 106.272 105.816 108.180 102.978 102.712 -9999.000 -9999.000 -9999.000 -9999.000 -9999.000 -9999.000 -9999.000 -9999.000 -9999.000 -9999.000 -9999.000 -9999.000 -9999.000 -9999.000 -9999.000 -9999.000 -9999.000 -9999.000 -9999.000 -9999.000 -9999.000 -9999.000 -9999.000 -9999.000 -9999.000 -9999.000 -9999.000 -9999.000 -9999.000 -9999.000 -9999.000 -9999.000 -9999.000 -9999.000
105.289 96.401 nan nan 101.333 117.192 87.411 141.424 130.972 119.632 117.284 126.476 134.519 108.710 100.858 99.922 94.686 98.164 92.933 89.962 88.895 93.611 102.913 110.822 122.971 119.846 111.794 106.421 100.985 103.243 94.858 -9999.000 -9999.000 -9999.000 -9999.000 -9999.000 -9999.000 -9999.000 -9999.000 -9999.000 -9999.000 -9999.000 -9999.000 -9999.000 -9999.000 -9999.000 -9999.000 -9999.000 -9999.000 -9999.000 -9999.000 -9999.000 -9999.000 -9999.000 -9999.000 -9999.000 -9999.000 -9999.000 -9999.000 -9999.000 -9999.000 -9999.000 -9999.000 -9999.000 -9999.000 -9999.000
115.422 105.652 99.282 103.808 102.300 95.554 125.558 78.754 135.204 130.629 112.334 113.191 115.755 107.284 98.953 94.719 92.330 94.064 91.671 88.088 87.570 89.257 102.671 106.841 119.637 116.988 111.686 106.648 100.018 99.154 -9999.000 -9999.000 -9999.000 -9999.000 -9999.000 -9999.000 -9999.000 -9999.000 -9999.000 -9999.000 -9999.000 -9999.000 -9999.000 -9999.000 -9999.000 -9999.000 -9999.000 -9999.000 -9999.000 -9999.000 -9999.000 -9999.000 -9999.000 -9999.000 -9999.000 -9999.000 -9999.000 -9999.000 -9999.000 -9999.000 -9999.000 -9999.000 -9999.000 -9999.000 -9999.000 -9999.000
117.233 115.056 116.944 121.203 74.536 62.600 113.871 33.046 95.221 134.075 106.995 107.835 102.248 102.186 96.236 90.167 85.116 84.401 90.149 90.358 87.918 86.315 93.284 102.475 114.451 116.431 111.336 106.665 96.672 91.820 -9999.000 -9999.000 -9999.000 -9999.000 -9999.000 -9999.000 -9999.000 -9999.000 -9999.000 -9999.000 -9999.000 -9999.000 -9999.000 -9999.000 -9999.000 -9999.000 -9999.000 -9999.000 -9999.000 -9999.000 -9999.000 -9999.000 -9999.000 -9999.000 -9999.000 -9999.000 -9999.000 -9999.000 -9999.000 -9999.000 -9999.000 -9999.000 -9999.000 -9999.000 -9999.000 -9999.000
130.209 126.047 128.117 130.824 94.674 77.256 130.500 31.744 127.058 137.875 115.347 106.067 96.941 94.279 95.907 91.340 83.293 81.525 85.551 86.837 88.109 86.229 90.510 98.888 112.498 114.025 110.476 102.934 95.300 90.670 -9999.000 -9999.000 -9999.000 -9999.000 -9999.000 -9999.000 -9999.000 -9999.000 -9999.000 -9999.000 -9999.000 -9999.000 -9999.000 -9999.000 -9999.000 -9999.000 -9999.000 -9999.000 -9999.000 -9999.000 -9999.000 -9999.000 -9999.000 -9999.000 -9999.000 -9999.000 -9999.000 -9999.000 -9999.000 -9999.000 -9999.000 -9999.000 -9999.000 -9999.000 -9999.000 -9999.000
138.412 130.724 30.541 149.377 146.405 147.159 151.880 28.493 135.421 117.121 130.860 127.073 97.917 91.563 88.406 90.333 84.693 82.352 79.830 81.371 82.568 85.485 89.746 96.586 108.063 110.919 106.488 102.431 94.642 90.083 -9999.000 -9999.000 -9999.000 -9999.000 -9999.000 -9999.000 -9999.000 -9999.000 -9999.000 -9999.000 -9999.000 -9999.000 -9999.000 -9999.000 -9999.000 -9999.000 -9999.000 -9999.000 -9999.000 -9999.000 -9999.000 -9999.000 -9999.000 -9999.000 -9999.000 -9999.000 -9999.000 -9999.000 -9999.000 -9999.000 -9999.000 -9999.000 -9999.000 -9999.000 -9999.000 -9999.000
143.516 140.480 147.047 147.457 141.848 139.271 146.343 154.860 90.292 134.934 134.487 131.363 115.060 100.512 85.767 88.162 86.786 81.176 78.114 79.089 78.946 83.541 92.622 99.084 105.144 108.414 104.462 95.347 89.358 -9999.000 -9999.000 -9999.000 -9999.000 -9999.000 -9999.000 -9999.000 -9999.000 -9999.000 -9999.000 -9999.000 -9999.000 -9999.000 -9999.000 -9999.000 -9999.000 -9999.000 -9999.000 -9999.000 -9999.000 -9999.000 -9999.000 -9999.000 -9999.000 -9999.000 -9999.000 -9999.000 -9999.000 -9999.000 -9999.000 -9999.000 -9999.000 -9999.000 -9999.000 -9999.000 -9999.000 -9999.000
144.866 153.138 147.655 142.437 121.402 125.734 128.647 126.455 148.686 140.453 135.712 134.218 129.421 110.690 89.598 88.673 85.242 82.990 78.279 79.607 79.187 80.911 85.692 90.235 100.806 102.064 102.672 96.355 91.807 -9999.000 -9999.000 -9999.000 -9999.000 -9999.000 -9999.000 -9999.000 -9999.000 -9999.000 -9999.000 -9999.000 -9999.000 -9999.000 -9999.000 -9999.000 -9999.000 -9999.000 -9999.000 -9999.000 -9999.000 -9999.000 -9999.000 -9999.000 -9999.000 -9999.000 -9999.000 -9999.000 -9999.000 -9999.000 -9999.000 -9999.000 -9999.000 -9999.000 -9999.000 -9999.000 -9999.000 -9999.000
152.687 145.123 132.096 124.934 112.001 113.446 113.935 115.866 119.680 138.509 139.155 135.790 130.624 122.754 93.613 88.758 84.748 84.121 82.319 81.725 81.476 79.158 82.434 87.909 98.264 98.319 97.725 96.645 92.580 -9999.000 -9999.000 -9999.000 -9999.000 -9999.000 -9999.000 -9999.000 -9999.000 -9999.000 -9999.000 -9999.000 -9999.000 -9999.000 -9999.000 -9999.000 -9999.000 -9999.000 -9999.000 -9999.000 -9999.000 -9999.000 -9999.000 -9999.000 -9999.000 -9999.000 -9999.000 -9999.000 -9999.000 -9999.000 -9999.000 -9999.000 -9999.000 -9999.000 -9999.000 -9999.000 -9999.000 -9999.000
145.386 143.190 136.664 118.468 105.415 107.362 106.692 107.444 111.704 118.412 138.272 138.131 133.661 131.372 110.263 91.314 82.254 83.237 83.456 80.984 78.062 77.913 83.275 90.427 93.374 88.097 91.040 90.349 91.421 -9999.000 -9999.000 -9999.000 -9999.000 -9999.000 -9999.000 -9999.000 -9999.000 -9999.000 -9999.000 -9999.000 -9999.000 -9999.000 -9999.000 -9999.000 -9999.000 -9999.000 -9999.000 -9999.000 -9999.000 -9999.000 -9999.000 -9999.000 -9999.000 -9999.000 -9999.000 -9999.000 -9999.000 -9999.000 -9999.000 -9999.000 -9999.000 -9999.000 -9999.000 -9999.000 -9999.000 -9999.000
147.626 141.395 135.197 132.725 116.315 104.619 102.621 102.778 106.213 113.781 122.569 138.504 135.095 126.385 109.472 94.950 86.105 82.958 79.068 77.487 78.925 78.845 77.463 85.664 87.660 81.304 81.775 79.976 -9999.000 -9999.000 -9999.000 -9999.000 -9999.000 -9999.000 -9999.000 -9999.000 -9999.000 -9999.000 -9999.000 -9999.000 -9999.000 -9999.000 -9999.000 -9999.000 -9999.000 -9999.000 -9999.000 -9999.000 -9999.000 -9999.000 -9999.000 -9999.000 -9999.000 -9999.000 -9999.000 -9999.000 -9999.000 -9999.000 -9999.000 -9999.000 -9999.000 -9999.000 -9999.000 -9999.000 -9999.000 -9999.000
155.108 149.508 143.763 137.373 126.153 109.191 96.529 97.416 103.472 107.281 112.491 117.432 136.391 130.818 118.090 113.321 92.949 87.233 82.568 77.906 81.188 81.238 80.159 81.060 81.328 79.233 85.575 85.238 -9999.000 -9999.000 -9999.000 -9999.000 -9999.000 -9999.000 -9999.000 -9999.000 -9999.000 -9999.000 -9999.000 -9999.000 -9999.000 -9999.000 -9999.000 -9999.000 -9999.000 -9999.000 -9999.000 -9999.000 -9999.000 -9999.000 -9999.000 -9999.000 -9999.000 -9999.000 -9999.000 -9999.000 -9999.000 -9999.000 -9999.000 -9999.000 -9999.000 -9999.000 -9999.000 -9999.000 -9999.000 -9999.000
