test_integration/test_sample_run/example/results.meteodistr/output_maps/SWEDENSITYN0152.asc
ncols         174
nrows         141
xllcorner     744500.000000
yllcorner     5140950.000000
cellsize      250.000000
NODATA_value  -9999.0
[rows 64 to 95 of 141, columns 0 to 70 of 174]
-9999.000 -9999.000 -9999.000 -9999.000 -9999.000 nan nan 211.880 208.347 185.013 184.127 188.964 nan nan nan nan nan nan nan nan nan nan nan nan nan nan nan nan nan nan nan nan nan nan nan nan nan nan nan nan nan nan nan nan 209.545 210.805 57.349 nan nan nan nan nan nan nan nan nan nan nan nan nan 215.418 200.069 186.767 184.606 63.050 nan nan nan nan nan 205.574
-9999.000 -9999.000 -9999.000 -9999.000 -9999.000 -9999.000 nan 204.152 190.966 196.106 201.461 203.603 189.475 199.297 nan nan nan nan nan nan nan nan nan nan nan nan nan nan nan nan nan nan nan nan nan nan nan nan nan nan nan nan nan 78.963 188.302 187.602 189.079 209.662 nan nan nan nan nan nan nan nan nan nan nan nan 2.263 71.610 195.985 185.277 194.773 nan nan nan nan nan 213.456
-9999.000 -9999.000 -9999.000 -9999.000 -9999.000 nan 224.718 180.959 172.875 196.276 nan nan nan nan nan nan nan nan nan nan nan nan nan nan nan nan nan nan nan nan nan nan nan nan nan nan nan nan nan nan nan 214.716 205.781 199.067 180.530 184.389 180.944 183.030 192.385 120.054 nan nan nan nan nan nan nan nan nan nan nan nan nan nan nan nan nan 199.834 202.012 nan nan
-9999.000 -9999.000 -9999.000 -9999.000 -9999.000 nan 220.728 185.997 159.409 188.972 nan nan nan nan nan nan nan nan nan nan nan nan nan nan nan nan nan nan nan nan nan nan nan nan nan nan nan nan nan nan 90.336 203.186 196.461 187.103 186.130 179.103 179.130 179.502 182.151 183.297 198.382 nan nan nan nan nan nan nan 76.550 nan nan nan nan nan nan nan 187.842 187.555 nan 199.511 nan
-9999.000 -9999.000 -9999.000 -9999.000 -9999.000 -9999.000 218.714 192.259 217.025 190.160 nan nan nan nan nan nan nan nan nan nan nan nan nan nan nan nan nan nan nan nan nan nan nan nan nan nan nan nan nan nan 204.408 178.575 181.102 186.279 177.192 173.264 178.525 178.230 180.640 178.735 177.784 182.850 41.842 nan nan nan nan nan 200.519 nan nan nan nan nan nan nan 213.731 197.324 nan 22.663 nan
-9999.000 -9999.000 -9999.000 -9999.000 -9999.000 -9999.000 221.271 199.467 nan nan nan 192.372 nan nan nan nan 223.174 205.384 208.625 nan nan nan nan nan nan nan nan nan nan nan nan nan nan nan nan nan nan nan nan nan 202.962 193.597 177.275 179.756 171.224 167.160 172.639 172.086 176.758 174.660 175.239 192.289 89.701 nan nan nan 197.138 198.011 199.780 nan nan nan nan nan nan nan nan nan nan nan nan
-9999.000 -9999.000 -9999.000 -9999.000 -9999.000 -9999.000 -9999.000 nan 223.176 214.163 174.499 195.342 nan nan 88.393 224.433 181.814 181.135 197.615 205.229 nan nan nan nan nan nan nan nan nan nan nan nan nan nan 210.224 197.638 199.764 nan nan nan nan nan 180.099 169.954 163.940 164.658 167.984 166.895 170.676 171.411 169.725 195.486 nan nan nan nan 202.569 178.244 182.940 196.534 186.177 180.935 179.791 196.228 13.816 nan nan nan nan nan nan
-9999.000 -9999.000 -9999.000 -9999.000 -9999.000 -9999.000 -9999.000 202.126 188.787 172.388 196.127 nan nan nan 214.319 9.712 180.643 179.378 187.936 195.081 nan nan nan nan nan nan nan nan nan nan nan nan 209.809 205.902 199.937 180.488 186.489 209.229 187.576 202.704 nan 210.839 191.304 176.004 159.391 187.054 201.368 186.603 156.255 154.295 194.813 nan nan nan nan nan nan 178.384 188.562 196.624 177.859 182.724 177.215 180.536 201.512 nan nan nan nan nan nan
-9999.000 -9999.000 -9999.000 -9999.000 -9999.000 -9999.000 -9999.000 -9999.000 220.979 193.487 nan nan nan 200.836 193.400 181.183 181.797 177.422 179.409 192.761 nan nan nan nan nan nan nan nan nan nan 207.209 190.483 182.758 187.262 203.948 196.675 192.906 183.292 184.137 183.433 200.691 206.280 56.831 118.430 200.293 204.831 156.824 165.469 183.041 92.526 nan nan nan nan nan nan 61.890 185.338 203.375 195.873 180.580 196.488 174.174 190.101 200.298 198.966 nan nan 199.410 nan 202.205
-9999.000 -9999.000 -9999.000 -9999.000 -9999.000 -9999.000 -9999.000 -9999.000 nan nan nan nan 198.307 204.810 196.609 176.852 171.659 176.718 nan nan nan nan nan nan nan nan nan nan nan 207.362 192.119 188.830 178.521 178.306 182.035 190.927 176.032 178.862 176.777 185.749 185.489 208.524 nan nan nan nan 156.723 174.345 198.055 179.402 nan nan nan nan nan nan 109.912 188.694 206.330 198.118 195.200 194.042 170.485 192.915 202.332 202.236 nan nan 201.898 nan 196.051
-9999.000 -9999.000 -9999.000 -9999.000 -9999.000 -9999.000 -9999.000 nan nan nan nan nan 204.944 184.139 201.924 169.185 187.400 208.550 nan 202.357 59.105 nan nan nan nan 213.169 192.671 188.725 186.819 190.599 197.451 182.108 186.726 177.056 175.173 177.466 173.330 176.775 179.625 187.609 184.448 176.002 197.153 nan nan nan nan 172.770 167.780 nan nan nan nan 216.643 22.058 203.396 nan nan 197.775 193.108 191.136 176.914 188.725 205.276 nan 207.742 nan nan 200.679 194.582 199.024
-9999.000 -9999.000 -9999.000 -9999.000 -9999.000 -9999.000 nan nan nan nan nan nan 203.621 179.905 181.461 187.144 212.684 nan 210.516 174.252 nan nan nan nan 108.239 200.335 178.101 182.636 180.254 193.183 193.946 176.818 177.048 174.398 171.661 178.209 178.587 187.009 176.779 181.171 191.622 177.657 194.667 196.543 212.390 211.025 nan 191.999 nan nan 62.738 191.207 nan 203.838 206.946 182.187 206.891 86.582 199.384 177.296 176.528 171.732 201.949 30.478 nan nan 11.202 210.336 213.493 198.094 nan
-9999.000 -9999.000 -9999.000 -9999.000 -9999.000 nan nan nan nan nan 207.046 215.168 186.942 187.851 166.487 179.345 196.790 184.086 179.645 nan nan nan nan nan 200.233 191.781 172.956 178.139 179.833 178.781 192.816 200.625 168.730 167.503 201.559 175.425 202.289 171.941 174.029 179.895 192.534 205.880 206.160 205.979 210.775 208.509 196.127 43.902 nan nan 189.303 nan nan 207.292 197.289 192.716 172.691 169.725 170.961 170.659 167.457 162.930 nan nan nan nan 196.634 208.701 nan nan nan
-9999.000 -9999.000 -9999.000 nan nan nan 216.933 197.749 181.411 196.811 188.458 199.085 196.086 193.599 172.276 174.860 172.060 171.771 189.853 nan nan nan nan nan 193.205 193.982 168.363 183.472 180.519 176.277 179.479 206.667 193.157 172.011 186.019 162.823 216.481 183.123 184.807 186.913 187.814 197.744 197.104 196.594 195.126 199.689 184.662 168.335 214.259 nan nan nan nan 206.190 195.237 205.067 176.771 155.860 160.815 162.324 167.482 186.448 nan nan nan 199.813 199.739 nan nan nan nan
-9999.000 -9999.000 nan nan 207.777 222.037 179.184 176.278 171.091 170.018 179.065 180.873 193.100 189.652 186.784 175.124 216.797 204.908 nan nan nan 209.525 212.350 56.054 202.158 184.093 185.330 176.158 177.832 174.748 173.598 192.105 nan nan 169.651 170.687 174.351 172.981 204.525 199.444 197.102 207.710 196.563 192.563 170.205 188.012 203.111 201.591 nan nan nan nan 193.599 200.258 196.138 194.538 203.730 198.256 181.386 200.413 nan nan nan nan nan nan nan nan nan 204.910 196.412
-9999.000 -9999.000 nan nan 209.499 194.335 169.554 169.061 154.014 163.166 165.027 177.387 182.481 171.584 186.194 172.597 210.249 nan nan nan nan 195.357 182.259 181.064 200.891 176.879 177.637 176.410 172.925 198.120 185.277 200.720 210.848 nan 197.068 167.326 161.504 193.618 nan 212.672 196.280 213.786 212.747 208.711 199.729 192.977 210.888 nan 42.290 191.109 183.115 174.298 173.121 184.412 193.183 201.286 184.026 185.694 nan nan nan nan nan nan nan nan nan nan 200.675 196.245 97.453
-9999.000 -9999.000 -9999.000 nan 211.802 184.553 162.712 147.219 160.846 nan 174.147 175.769 174.133 170.638 177.484 207.135 nan nan nan nan 204.863 209.751 176.512 177.876 nan 170.015 169.467 189.617 186.213 189.753 221.147 206.172 195.251 196.569 208.251 194.179 111.462 nan 207.760 195.984 203.863 200.708 170.671 207.581 nan 206.408 172.795 189.762 nan 161.820 156.520 169.179 177.046 173.924 170.783 183.784 178.337 nan nan nan nan nan nan nan nan nan nan nan nan 203.799 nan
-9999.000 -9999.000 -9999.000 -9999.000 -9999.000 -9999.000 200.879 156.064 197.129 166.871 172.079 171.507 169.736 158.941 155.509 207.509 nan nan nan nan 208.913 183.601 206.090 176.545 nan 177.286 216.911 198.839 205.974 203.143 176.816 170.090 187.563 171.170 190.290 177.254 nan nan 179.451 178.093 214.616 197.336 161.989 172.019 194.266 202.419 180.252 207.633 178.993 154.574 147.094 171.450 193.061 169.020 164.027 188.992 nan nan nan nan nan nan nan nan nan nan nan nan nan nan nan
-9999.000 -9999.000 -9999.000 -9999.000 -9999.000 -9999.000 -9999.000 214.897 155.022 152.250 153.711 155.667 153.202 147.556 208.109 nan nan nan 179.848 179.032 182.323 182.351 209.987 198.372 64.308 nan nan 210.892 201.292 204.093 157.175 153.810 172.925 191.391 171.344 nan 189.743 174.235 191.263 163.113 170.977 185.383 nan 209.388 nan 201.702 nan nan 97.824 188.086 206.144 34.924 nan nan nan nan nan nan nan nan nan nan nan nan nan nan nan nan nan nan nan
-9999.000 -9999.000 -9999.000 -9999.000 -9999.000 -9999.000 -9999.000 nan nan 191.848 166.143 156.213 184.413 217.132 nan nan nan nan 188.644 169.694 171.460 176.968 198.324 205.867 182.040 nan 194.475 175.387 172.735 159.657 184.291 163.396 180.585 202.387 197.398 nan 188.927 161.748 191.609 168.992 196.941 208.608 nan nan nan nan nan nan nan nan nan nan nan nan nan nan nan nan nan nan nan nan nan nan nan nan nan nan nan nan nan
-9999.000 -9999.000 -9999.000 -9999.000 -9999.000 -9999.000 -9999.000 -9999.000 nan nan nan nan nan nan nan nan nan 220.236 201.474 154.539 175.374 190.898 197.747 169.748 169.549 167.255 206.410 195.766 175.993 172.190 173.856 nan 178.394 213.473 nan 194.049 nan nan nan nan nan nan nan nan nan nan nan nan nan nan nan nan nan nan nan nan nan nan nan nan nan nan nan nan nan nan nan nan nan nan nan
-9999.000 -9999.000 -9999.000 -9999.000 -9999.000 -9999.000 -9999.000 -9999.000 -9999.000 nan nan nan nan nan nan nan nan 211.396 189.500 202.833 nan 200.849 201.855 162.220 164.626 205.889 nan nan nan nan 212.100 nan nan nan nan nan nan nan nan nan nan nan nan nan nan nan nan nan nan nan nan nan nan nan nan nan nan nan nan nan nan nan nan nan nan nan nan nan nan nan nan
-9999.000 -9999.000 -9999.000 -9999.000 -9999.000 -9999.000 -9999.000 -9999.000 -9999.000 -9999.000 nan nan nan nan nan nan 197.361 173.188 159.907 nan nan nan 188.475 197.408 216.214 nan nan nan nan nan nan nan nan nan nan nan nan nan nan nan nan nan nan nan nan nan nan nan nan 32.553 nan nan nan nan nan nan nan nan nan nan nan nan nan nan nan nan nan nan nan nan nan
-9999.000 -9999.000 -9999.000 -9999.000 -9999.000 -9999.000 -9999.000 -9999.000 -9999.000 -9999.000 -9999.000 nan nan nan nan 217.367 189.315 170.328 159.559 nan nan 216.765 182.459 162.955 nan 187.932 nan nan nan nan nan nan nan nan nan nan nan nan nan nan nan nan nan nan nan nan nan nan nan nan nan nan nan nan nan nan nan nan nan nan nan nan nan nan nan nan nan nan nan nan nan
-9999.000 -9999.000 -9999.000 -9999.000 -9999.000 -9999.000 -9999.000 -9999.000 -9999.000 -9999.000 -9999.000 -9999.000 nan nan 202.149 194.816 173.363 165.030 210.175 nan 207.570 207.949 196.003 nan 154.917 172.920 nan nan nan nan nan nan nan nan nan nan nan nan nan nan nan nan nan nan nan nan nan nan nan nan nan nan nan nan nan nan nan nan nan nan nan nan nan nan nan nan nan nan nan nan nan
-9999.000 -9999.000 -9999.000 -9999.000 -9999.000 -9999.000 -9999.000 -9999.000 -9999.000 -9999.000 -9999.000 -9999.000 nan 222.219 184.625 201.175 169.057 165.798 nan nan 197.891 205.418 nan nan 186.301 163.033 177.628 nan nan nan nan nan nan nan nan nan nan nan nan nan nan nan nan nan nan nan nan nan nan nan nan nan nan nan nan nan nan nan nan nan nan nan nan nan nan nan nan nan nan nan nan
-9999.000 -9999.000 -9999.000 -9999.000 -9999.000 -9999.000 -9999.000 -9999.000 -9999.000 -9999.000 -9999.000 -9999.000 nan nan 216.067 212.895 181.887 nan nan 46.252 203.389 217.532 214.351 195.487 191.710 175.976 nan 23.039 196.541 60.765 nan nan nan nan nan nan nan nan nan nan nan nan nan nan nan nan nan nan nan nan nan nan nan nan nan nan nan nan nan nan nan nan nan nan nan nan nan nan nan nan nan
-9999.000 -9999.000 -9999.000 -9999.000 -9999.000 -9999.000 -9999.000 -9999.000 -9999.000 -9999.000 -9999.000 -9999.000 -9999.000 -9999.000 -9999.000 -9999.000 -9999.000 nan nan 219.966 210.582 217.148 199.496 185.711 179.031 nan nan nan 194.006 191.173 nan nan nan nan nan nan nan nan nan nan nan nan nan nan nan nan nan nan nan nan nan nan nan nan nan nan nan nan nan nan nan nan nan nan nan nan nan nan nan nan nan
-9999.000 -9999.000 -9999.000 -9999.000 -9999.000 -9999.000 -9999.000 -9999.000 -9999.000 -9999.000 -9999.000 -9999.000 -9999.000 -9999.000 -9999.000 -9999.000 -9999.000 -9999.000 nan nan nan 195.399 190.584 191.821 200.444 nan nan nan nan nan nan nan nan nan nan nan nan nan nan nan nan nan nan nan nan nan nan nan nan nan nan nan nan nan nan nan nan nan nan nan nan nan nan nan nan nan nan nan nan nan nan
-9999.000 -9999.000 -9999.000 -9999.000 -9999.000 -9999.000 -9999.000 -9999.000 -9999.000 -9999.000 -9999.000 -9999.000 -9999.000 -9999.000 -9999.000 -9999.000 -9999.000 -9999.000 -9999.000 -9999.000 nan 210.099 190.915 186.346 nan nan nan nan nan nan nan nan nan nan nan nan nan nan nan nan nan nan nan nan nan nan nan nan nan nan nan nan nan nan nan nan nan nan nan nan nan nan nan nan nan nan nan nan nan nan nan
-9999.000 -9999.000 -9999.000 -9999.000 -9999.000 -9999.000 -9999.000 -9999.000 -9999.000 -9999.000 -9999.000 -9999.000 -9999.000 -9999.000 -9999.000 -9999.000 -9999.000 -9999.000 -9999.000 -9999.000 -9999.000 206.480 200.814 212.889 nan nan nan nan nan nan nan 68.260 198.819 192.437 182.997 182.979 182.892 181.677 182.417 182.778 183.096 96.412 85.018 nan nan nan nan nan nan nan nan nan nan nan nan nan nan nan nan nan nan nan nan nan nan nan nan nan nan nan nan
-9999.000 -9999.000 -9999.000 -9999.000 -9999.000 -9999.000 -9999.000 -9999.000 -9999.000 -9999.000 -9999.000 -9999.000 -9999.000 -9999.000 -9999.000 -9999.000 -9999.000 -9999.000 -9999.000 -9999.000 -9999.000 -9999.000 nan nan nan nan nan nan nan nan nan 192.543 189.109 179.510 173.137 184.350 175.639 174.351 177.769 179.453 178.418 177.262 94.733 nan nan nan nan nan nan nan nan nan nan nan nan nan nan nan nan nan nan nan nan nan nan nan nan nan nan nan nan
