test_integration/test_sample_run/example/results.meteodistr/output_maps/SWEDENSITYN0069.asc
ncols         174
nrows         141
xllcorner     744500.000000
yllcorner     5140950.000000
cellsize      250.000000
NODATA_value  -9999.0
[rows 58 to 86 of 141, columns 0 to 64 of 174]
-9999.000 -9999.000 -9999.000 -9999.000 -9999.000 154.621 150.477 151.291 145.329 147.801 149.747 147.713 148.181 147.737 155.425 153.215 152.864 147.904 145.385 147.345 147.348 147.420 146.098 146.167 142.906 146.765 144.913 144.950 149.350 145.657 138.811 148.638 147.037 145.058 142.636 149.486 152.186 147.865 147.273 141.493 156.301 168.981 169.253 172.925 184.288 184.597 181.571 164.006 161.990 159.358 153.395 147.948 138.156 146.397 143.958 129.876 120.968 130.441 164.150 178.612 182.112 166.263 148.376 158.500 130.613
-9999.000 -9999.000 -9999.000 -9999.000 -9999.000 nan 153.344 152.621 146.083 143.756 142.884 145.507 146.882 153.923 154.926 154.830 152.579 140.345 145.547 148.840 152.466 146.710 151.341 146.309 147.189 145.033 146.927 148.828 141.325 144.229 139.758 137.163 145.761 150.118 146.670 155.681 159.901 152.902 153.675 143.784 158.057 163.109 170.010 176.061 183.087 183.068 165.829 159.426 159.042 157.374 150.428 145.043 139.130 137.567 146.136 144.840 148.858 157.940 170.961 180.678 165.949 162.281 137.432 142.205 146.708
-9999.000 -9999.000 -9999.000 -9999.000 -9999.000 72.488 153.872 152.336 150.774 146.105 148.246 152.972 155.942 156.989 158.215 150.739 145.636 143.570 140.630 152.842 157.323 149.533 150.328 146.916 147.879 145.470 146.044 144.749 150.295 150.250 144.354 138.201 132.420 148.137 158.005 158.858 153.781 160.537 152.941 156.823 164.391 167.100 171.791 182.809 182.606 166.448 165.486 142.056 130.433 129.709 148.665 144.935 141.252 139.754 141.244 150.392 166.775 167.458 176.236 181.242 163.500 150.958 134.482 129.261 140.336
-9999.000 -9999.000 -9999.000 -9999.000 -9999.000 168.566 151.731 151.642 149.122 147.449 149.731 149.937 153.621 154.530 152.421 150.386 150.162 145.861 144.937 155.849 149.578 143.212 147.708 145.665 145.801 147.789 145.305 151.913 152.941 148.298 145.832 153.078 156.756 159.129 155.981 157.452 158.576 158.498 164.893 166.371 169.605 169.430 177.364 186.875 181.564 166.442 161.127 143.976 123.909 126.351 146.280 145.878 141.203 141.618 143.618 157.203 166.126 170.689 nan 183.248 161.010 154.632 138.745 125.877 125.658
-9999.000 -9999.000 -9999.000 -9999.000 -9999.000 159.613 147.990 149.354 151.886 148.847 147.238 149.835 152.358 148.554 142.237 148.974 149.067 148.243 146.372 151.204 144.661 141.609 141.893 138.586 146.985 145.749 145.799 151.044 153.070 147.719 147.572 147.414 157.725 163.212 150.078 157.372 159.728 165.562 173.262 170.489 171.914 171.451 nan 183.305 167.191 165.923 157.186 148.991 145.175 135.901 125.477 135.506 142.761 144.155 143.276 161.387 168.360 176.255 181.428 164.584 159.905 158.628 148.391 146.914 137.702
-9999.000 -9999.000 -9999.000 -9999.000 149.855 147.203 122.038 152.039 150.106 152.793 157.035 147.204 143.139 152.113 141.664 152.493 153.580 151.747 149.566 149.442 145.134 143.197 143.845 141.625 138.579 146.137 150.670 154.804 154.897 152.221 150.341 157.001 163.370 166.755 158.699 165.312 167.682 174.907 164.279 181.521 182.537 53.075 184.975 169.164 159.951 162.496 160.459 154.834 147.830 145.226 123.410 122.049 151.013 166.040 164.663 167.935 178.225 181.993 165.114 161.085 157.840 155.895 156.799 153.554 143.621
-9999.000 -9999.000 -9999.000 -9999.000 -9999.000 147.701 155.161 125.638 126.287 122.090 122.622 123.727 144.751 146.163 155.495 163.358 154.631 152.983 150.996 147.560 146.228 145.377 145.375 144.077 146.893 147.593 148.602 146.361 152.689 154.320 161.524 162.720 165.160 163.275 168.544 171.169 156.704 161.068 161.941 163.218 165.340 165.515 163.030 158.582 137.045 135.501 138.832 156.342 151.321 146.980 143.811 148.548 165.495 170.271 170.705 173.144 181.848 180.182 161.660 152.401 139.737 128.292 124.353 123.827 138.064
-9999.000 -9999.000 -9999.000 -9999.000 -9999.000 -9999.000 144.229 130.365 123.164 123.107 127.526 124.042 119.321 121.874 164.060 158.642 158.267 151.891 152.799 148.800 147.307 148.901 149.867 151.670 150.057 145.232 151.572 156.614 161.459 162.124 167.374 161.611 165.242 167.850 179.248 162.848 166.539 165.763 164.832 164.894 165.175 163.029 159.717 146.325 128.094 130.370 127.301 132.045 130.369 150.074 154.289 167.315 167.422 165.774 180.692 181.587 180.953 161.611 158.554 151.904 139.624 138.494 120.436 118.529 118.519
-9999.000 -9999.000 -9999.000 -9999.000 -9999.000 139.826 145.703 116.157 113.030 118.236 143.031 147.020 150.302 145.216 159.266 157.150 153.213 151.251 152.312 152.382 148.000 155.014 153.890 152.732 146.118 147.216 164.053 166.063 162.018 166.488 169.184 168.296 170.557 170.994 177.528 177.307 161.069 162.837 164.243 164.584 163.005 138.233 133.197 128.621 122.727 127.021 123.252 126.702 128.252 135.436 142.772 158.818 164.708 170.248 174.519 171.887 159.047 157.249 157.949 160.186 155.097 150.067 142.013 142.005 144.714
-9999.000 -9999.000 -9999.000 -9999.000 -9999.000 147.578 137.208 114.500 107.885 107.265 128.551 149.097 163.009 161.634 163.881 162.721 154.073 155.089 160.780 159.412 157.389 159.044 159.661 156.165 159.896 166.564 171.333 169.760 166.667 169.427 172.197 176.968 86.142 nan 181.318 163.061 163.025 162.476 162.546 163.901 138.732 128.718 125.006 119.982 121.347 120.721 119.853 121.100 124.207 125.301 124.903 134.072 150.837 164.497 163.783 157.231 155.459 146.485 132.258 155.856 159.258 157.921 156.686 169.854 145.738
-9999.000 -9999.000 -9999.000 -9999.000 -9999.000 -9999.000 147.071 113.512 144.491 108.941 129.831 129.245 150.095 162.079 165.390 158.265 155.090 150.287 153.500 149.910 156.762 161.039 163.470 169.775 173.005 175.429 175.225 173.613 173.593 172.565 174.309 175.335 179.839 180.078 161.363 161.804 161.846 160.748 160.796 159.895 128.477 120.817 122.658 118.919 117.733 113.172 116.483 118.998 122.014 120.264 119.075 120.256 125.773 135.773 153.930 155.558 137.843 137.384 127.928 137.698 147.997 154.600 153.182 149.890 148.782
-9999.000 -9999.000 -9999.000 -9999.000 -9999.000 -9999.000 146.901 120.841 144.095 142.837 120.274 115.459 137.977 158.526 147.497 148.163 137.167 127.191 127.945 138.226 154.281 159.933 164.836 170.116 174.735 175.895 176.997 177.868 182.584 162.797 165.117 163.457 168.387 160.510 160.751 159.005 155.199 159.699 155.376 152.674 123.840 119.095 117.713 112.248 106.814 104.421 108.111 111.103 116.639 112.266 111.715 115.215 120.595 130.114 151.671 154.444 125.818 124.376 124.697 132.258 138.893 137.731 148.725 148.961 148.013
-9999.000 -9999.000 -9999.000 -9999.000 -9999.000 -9999.000 -9999.000 148.299 143.686 140.995 113.822 113.575 131.761 140.698 142.393 142.690 123.115 122.470 124.058 126.025 136.964 150.281 159.136 162.455 167.111 156.011 156.393 157.629 157.666 158.846 158.550 156.716 156.877 158.926 134.370 131.283 130.953 135.843 139.266 139.124 138.577 138.271 111.565 106.088 99.972 105.698 108.702 105.789 106.423 106.570 109.140 112.999 123.786 135.411 150.214 151.253 125.239 118.940 119.125 123.792 123.576 123.559 121.974 123.462 131.530
-9999.000 -9999.000 -9999.000 -9999.000 -9999.000 -9999.000 -9999.000 124.160 118.935 110.655 118.244 122.298 150.111 128.375 127.419 143.996 114.891 116.969 118.652 121.062 131.663 135.522 159.786 159.690 161.050 154.964 156.139 156.817 157.147 157.853 155.695 156.278 132.774 131.068 125.683 123.298 123.916 129.324 128.756 125.022 138.828 129.174 109.600 101.785 103.954 112.341 124.631 119.374 96.936 105.174 110.411 125.878 135.311 154.086 149.518 147.556 134.632 114.466 115.413 119.328 118.214 118.324 114.596 116.611 122.699
-9999.000 -9999.000 -9999.000 -9999.000 -9999.000 -9999.000 -9999.000 -9999.000 143.254 121.828 132.521 127.495 129.904 123.546 125.742 119.713 113.227 114.626 115.142 116.334 135.823 155.616 164.274 161.667 154.705 155.382 154.983 156.749 157.704 153.520 132.246 130.656 124.835 126.604 126.077 122.444 121.289 124.367 124.625 119.936 123.323 122.366 123.935 121.738 132.207 131.465 102.523 109.725 119.223 112.993 141.787 148.195 152.424 141.634 143.653 146.287 130.322 113.378 118.162 117.973 116.570 117.649 111.967 112.930 119.785
-9999.000 -9999.000 -9999.000 -9999.000 -9999.000 -9999.000 -9999.000 -9999.000 166.675 144.142 145.232 144.519 116.168 125.604 120.845 108.460 109.238 111.860 138.041 138.974 156.348 145.732 153.050 153.296 153.605 156.071 154.763 157.556 136.803 129.971 124.454 122.175 119.418 119.984 123.241 121.222 116.605 119.676 117.126 117.944 115.194 124.749 129.835 123.257 126.814 137.183 103.788 109.974 122.153 104.962 143.518 145.693 137.065 148.671 140.189 142.097 125.757 114.666 117.647 117.998 117.288 114.267 110.311 111.301 116.407
-9999.000 -9999.000 -9999.000 -9999.000 -9999.000 -9999.000 -9999.000 147.601 63.596 148.272 140.946 139.586 121.158 122.624 120.639 104.070 118.052 137.460 134.505 120.818 124.884 146.111 155.231 152.654 154.040 133.946 128.828 128.324 126.643 123.793 122.243 119.713 118.974 117.523 115.438 117.233 110.327 116.314 116.944 115.975 114.127 112.079 115.627 129.784 131.043 125.657 136.808 112.621 111.216 111.414 137.584 150.172 142.926 131.899 135.739 124.244 129.304 133.811 115.105 116.223 115.340 110.589 113.137 114.646 119.618
-9999.000 -9999.000 -9999.000 -9999.000 -9999.000 -9999.000 nan 153.371 146.576 144.627 142.029 139.110 120.784 116.577 109.325 108.545 138.613 137.275 132.164 111.315 131.325 142.374 153.965 152.548 136.112 125.305 120.120 123.863 122.161 121.607 119.435 114.380 114.406 111.069 107.567 115.522 110.636 112.084 114.339 113.637 113.311 111.757 119.707 124.092 139.072 139.364 128.024 122.826 137.482 135.210 118.121 109.915 132.653 124.754 126.790 116.286 123.934 132.139 115.954 113.651 110.264 108.631 126.798 113.563 117.090
-9999.000 -9999.000 -9999.000 -9999.000 -9999.000 154.821 147.065 146.182 140.860 135.456 137.088 140.949 120.356 114.199 103.179 115.940 116.047 113.631 118.286 145.040 128.709 150.411 154.797 149.984 124.057 119.265 111.962 118.751 120.584 119.400 116.170 118.068 108.507 105.013 122.300 112.069 127.282 109.735 112.913 113.265 114.417 129.678 130.635 131.193 134.681 135.531 126.850 139.075 137.631 129.156 110.050 112.284 124.819 126.294 120.542 114.944 108.915 108.712 110.628 109.703 106.057 105.513 138.568 122.955 122.828
-9999.000 -9999.000 -9999.000 nan 147.669 150.616 143.687 123.274 118.393 119.715 121.747 118.760 120.858 115.413 104.292 114.420 108.512 106.108 111.390 143.403 8.846 159.756 151.369 144.813 116.660 116.597 109.600 114.966 117.710 113.253 114.595 122.359 112.004 109.676 115.002 107.263 138.439 114.568 112.304 112.737 118.055 126.099 126.375 127.172 123.019 128.629 117.764 110.687 135.387 132.984 139.942 142.635 126.021 124.806 117.679 119.975 102.474 103.535 103.293 104.000 106.002 112.141 127.770 124.564 120.402
-9999.000 -9999.000 134.086 143.437 137.129 144.448 117.299 115.555 111.693 108.226 115.584 116.504 119.911 110.406 108.917 115.476 141.631 128.701 136.170 145.819 143.030 132.796 131.311 123.015 121.384 112.482 116.486 112.600 115.070 112.609 113.489 114.912 131.757 138.017 106.107 111.627 112.215 111.772 129.407 126.407 120.007 133.869 122.754 124.957 108.755 116.519 133.311 131.667 112.988 144.255 141.241 142.802 115.972 118.199 117.408 112.713 117.121 117.166 111.265 127.150 124.834 134.916 140.315 130.733 127.258
-9999.000 -9999.000 137.721 142.272 139.154 124.268 110.433 107.805 101.344 101.022 109.260 116.914 117.236 108.595 108.272 115.808 138.731 114.522 144.842 142.955 125.518 125.207 121.991 120.046 118.733 105.056 112.606 108.915 112.625 119.202 116.412 125.108 133.684 134.486 126.812 108.764 103.876 119.172 129.035 139.999 123.787 138.920 139.378 132.777 135.585 121.883 139.626 137.081 109.947 108.656 107.569 112.026 109.795 115.021 114.044 114.995 107.204 111.787 136.029 135.295 141.838 142.727 136.309 138.088 141.652
-9999.000 -9999.000 -9999.000 143.392 144.908 116.046 107.540 97.082 109.384 137.761 112.099 116.483 116.049 107.564 99.240 137.646 137.122 138.504 143.089 148.094 124.420 128.323 116.424 117.050 125.004 105.327 108.328 111.351 117.226 117.470 138.955 126.203 124.744 121.944 130.457 123.783 140.860 123.236 124.619 120.644 132.475 130.101 110.576 133.125 132.713 138.087 111.434 117.294 114.409 107.499 95.768 103.777 107.402 111.055 108.069 105.125 102.041 134.714 137.089 142.758 140.401 135.465 140.670 146.165 147.566
-9999.000 -9999.000 -9999.000 -9999.000 -9999.000 -9999.000 140.874 106.956 119.825 108.813 113.806 114.319 113.001 102.459 97.499 141.576 141.235 140.181 146.428 139.212 128.254 122.474 118.704 113.720 127.524 100.912 141.570 112.033 131.201 131.652 114.470 108.139 118.022 105.752 121.429 112.229 133.370 135.240 112.352 110.704 139.701 125.385 105.531 108.206 127.619 131.963 115.541 133.048 105.013 104.081 98.160 97.878 108.012 107.146 103.329 110.316 136.423 142.187 144.123 141.132 142.679 148.308 149.425 146.643 152.484
-9999.000 -9999.000 -9999.000 -9999.000 -9999.000 -9999.000 -9999.000 143.709 101.556 100.211 100.003 101.880 102.490 94.101 142.869 110.976 136.960 140.314 114.795 117.757 120.890 120.173 126.213 116.080 128.297 122.630 136.581 135.583 125.898 130.071 106.123 99.090 111.097 120.315 107.816 136.984 107.732 111.776 118.969 107.485 108.567 113.315 130.414 139.230 137.267 131.982 134.411 136.481 136.594 116.754 134.131 103.517 132.809 126.942 122.690 129.783 128.998 140.638 145.513 140.909 140.843 145.787 146.124 149.380 147.073
-9999.000 -9999.000 -9999.000 -9999.000 -9999.000 -9999.000 -9999.000 138.843 149.037 127.941 113.603 107.233 121.319 142.068 140.451 135.190 139.289 133.250 115.848 103.702 109.053 113.386 117.882 130.740 113.711 122.005 124.589 106.220 112.562 105.543 107.513 109.301 106.107 129.102 129.392 133.751 116.682 106.464 118.808 109.535 124.072 133.134 133.404 125.336 126.867 117.098 130.390 133.183 126.501 119.009 125.700 129.451 140.910 141.824 135.114 141.067 57.020 145.480 145.003 139.484 139.947 140.341 146.673 152.354 157.124
-9999.000 -9999.000 -9999.000 -9999.000 -9999.000 -9999.000 -9999.000 -9999.000 32.035 153.143 134.125 124.750 126.838 132.210 138.597 136.210 125.190 141.895 116.299 101.814 99.941 113.212 121.708 109.213 107.733 106.352 134.759 124.562 113.268 111.137 112.955 135.327 113.012 141.128 131.599 119.641 136.288 131.571 135.810 122.824 133.598 132.888 142.229 127.338 130.635 117.188 117.812 131.144 127.457 137.726 nan 135.226 145.111 145.147 142.391 143.975 147.975 136.626 144.688 135.585 128.995 139.061 151.583 154.311 5.348
-9999.000 -9999.000 -9999.000 -9999.000 -9999.000 -9999.000 -9999.000 -9999.000 -9999.000 143.620 153.981 139.137 137.647 132.554 139.562 123.513 136.489 126.523 105.672 137.700 137.697 116.269 117.065 103.508 103.626 132.715 135.266 140.510 136.722 132.644 141.197 131.373 134.545 136.108 120.337 138.911 144.238 135.337 71.287 9.720 7.678 133.738 37.012 125.176 133.458 124.605 119.051 124.210 128.105 110.120 143.380 142.068 144.248 149.881 148.344 147.674 148.236 146.104 149.482 130.169 133.576 143.161 151.143 153.911 nan
-9999.000 -9999.000 -9999.000 -9999.000 -9999.000 -9999.000 -9999.000 -9999.000 -9999.000 -9999.000 152.636 155.160 140.943 137.371 125.880 133.117 120.642 107.814 97.401 136.354 124.185 143.496 109.946 115.658 141.667 140.627 139.224 136.194 73.205 127.236 115.333 127.065 136.065 139.809 129.347 125.099 140.133 143.938 141.914 141.102 131.000 135.707 148.843 125.072 143.642 129.110 120.525 127.445 124.244 110.406 118.468 141.672 148.783 148.658 150.405 148.661 18.249 16.421 151.356 133.300 144.593 148.285 151.483 155.203 42.831
