test_integration/test_sample_run/example/results.meteodistr/output_maps/SWEDENSITYN0076.asc
ncols         174
nrows         141
xllcorner     744500.000000
yllcorner     5140950.000000
cellsize      250.000000
NODATA_value  -9999.0
[rows 0 to 29 of 141, columns 66 to 131 of 174]
-9999.000 -9999.000 -9999.000 -9999.000 -9999.000 -9999.000 -9999.000 -9999.000 -9999.000 -9999.000 -9999.000 -9999.000 -9999.000 -9999.000 -9999.000 -9999.000 -9999.000 -9999.000 -9999.000 -9999.000 -9999.000 -9999.000 -9999.000 -9999.000 -9999.000 -9999.000 -9999.000 -9999.000 -9999.000 -9999.000 -9999.000 -9999.000 -9999.000 -9999.000 -9999.000 -9999.000 -9999.000 -9999.000 -9999.000 -9999.000 -9999.000 -9999.000 -9999.000 -9999.000 -9999.000 -9999.000 -9999.000 -9999.000 -9999.000 -9999.000 -9999.000 -9999.000 -9999.000 -9999.000 -9999.000 -9999.000 -9999.000 -9999.000 -9999.000 -9999.000 -9999.000 -9999.000 -9999.000 -9999.000 -9999.000 -9999.000
-9999.000 -9999.000 -9999.000 -9999.000 -9999.000 -9999.000 -9999.000 -9999.000 -9999.000 -9999.000 -9999.000 -9999.000 -9999.000 -9999.000 -9999.000 -9999.000 -9999.000 -9999.000 -9999.000 -9999.000 -9999.000 -9999.000 -9999.000 -9999.000 -9999.000 -9999.000 -9999.000 -9999.000 -9999.000 -9999.000 -9999.000 -9999.000 -9999.000 -9999.000 -9999.000 -9999.000 -9999.000 -9999.000 -9999.000 -9999.000 -9999.000 -9999.000 -9999.000 -9999.000 -9999.000 -9999.000 -9999.000 -9999.000 -9999.000 -9999.000 -9999.000 -9999.000 -9999.000 -9999.000 -9999.000 -9999.000 -9999.000 -9999.000 -9999.000 -9999.000 -9999.000 -9999.000 -9999.000 -9999.000 -9999.000 -9999.000
-9999.000 -9999.000 -9999.000 -9999.000 -9999.000 -9999.000 -9999.000 -9999.000 -9999.000 -9999.000 -9999.000 -9999.000 -9999.000 -9999.000 -9999.000 -9999.000 -9999.000 -9999.000 -9999.000 -9999.000 -9999.000 -9999.000 -9999.000 -9999.000 -9999.000 -9999.000 -9999.000 -9999.000 -9999.000 -9999.000 -9999.000 -9999.000 -9999.000 -9999.000 -9999.000 -9999.000 -9999.000 -9999.000 -9999.000 -9999.000 -9999.000 -9999.000 -9999.000 -9999.000 -9999.000 -9999.000 -9999.000 -9999.000 -9999.000 -9999.000 -9999.000 -9999.000 -9999.000 -9999.000 -9999.000 -9999.000 -9999.000 -9999.000 -9999.000 -9999.000 -9999.000 -9999.000 -9999.000 -9999.000 -9999.000 -9999.000
-9999.000 -9999.000 -9999.000 -9999.000 -9999.000 -9999.000 -9999.000 -9999.000 -9999.000 -9999.000 -9999.000 -9999.000 -9999.000 -9999.000 -9999.000 -9999.000 -9999.000 -9999.000 -9999.000 -9999.000 -9999.000 -9999.000 -9999.000 -9999.000 -9999.000 -9999.000 -9999.000 -9999.000 -9999.000 -9999.000 -9999.000 -9999.000 -9999.000 -9999.000 -9999.000 -9999.000 -9999.000 -9999.000 -9999.000 -9999.000 -9999.000 -9999.000 -9999.000 -9999.000 -9999.000 -9999.000 -9999.000 -9999.000 -9999.000 -9999.000 -9999.000 -9999.000 -9999.000 -9999.000 -9999.000 -9999.000 -9999.000 -9999.000 -9999.000 -9999.000 -9999.000 -9999.000 -9999.000 -9999.000 -9999.000 -9999.000
-9999.000 -9999.000 -9999.000 -9999.000 -9999.000 -9999.000 -9999.000 -9999.000 -9999.000 -9999.000 -9999.000 -9999.000 -9999.000 -9999.000 -9999.000 -9999.000 -9999.000 -9999.000 -9999.000 -9999.000 -9999.000 -9999.000 -9999.000 -9999.000 -9999.000 -9999.000 -9999.000 nan -9999.000 -9999.000 -9999.000 -9999.000 -9999.000 -9999.000 -9999.000 -9999.000 -9999.000 -9999.000 -9999.000 -9999.000 -9999.000 -9999.000 -9999.000 -9999.000 -9999.000 -9999.000 -9999.000 -9999.000 -9999.000 -9999.000 -9999.000 -9999.000 -9999.000 -9999.000 -9999.000 -9999.000 -9999.000 -9999.000 -9999.000 -9999.000 -9999.000 -9999.000 -9999.000 -9999.000 -9999.000 -9999.000
-9999.000 -9999.000 -9999.000 -9999.000 -9999.000 -9999.000 -9999.000 -9999.000 -9999.000 -9999.000 -9999.000 -9999.000 -9999.000 -9999.000 -9999.000 -9999.000 -9999.000 -9999.000 -9999.000 -9999.000 -9999.000 -9999.000 -9999.000 -9999.000 -9999.000 -9999.000 nan nan nan nan nan nan -9999.000 -9999.000 -9999.000 -9999.000 -9999.000 -9999.000 -9999.000 -9999.000 -9999.000 -9999.000 -9999.000 -9999.000 -9999.000 -9999.000 -9999.000 -9999.000 -9999.000 -9999.000 -9999.000 -9999.000 -9999.000 -9999.000 -9999.000 -9999.000 -9999.000 -9999.000 -9999.000 -9999.000 -9999.000 -9999.000 -9999.000 -9999.000 -9999.000 -9999.000
-9999.000 -9999.000 -9999.000 -9999.000 -9999.000 -9999.000 -9999.000 -9999.000 -9999.000 -9999.000 -9999.000 -9999.000 -9999.000 -9999.000 -9999.000 -9999.000 -9999.000 -9999.000 -9999.000 -9999.000 26.289 62.928 nan nan nan nan nan 180.159 169.563 170.731 170.365 163.320 161.373 nan -9999.000 -9999.000 -9999.000 -9999.000 -9999.000 -9999.000 -9999.000 -9999.000 -9999.000 -9999.000 -9999.000 -9999.000 -9999.000 -9999.000 -9999.000 -9999.000 -9999.000 -9999.000 -9999.000 -9999.000 -9999.000 -9999.000 -9999.000 -9999.000 -9999.000 -9999.000 -9999.000 -9999.000 -9999.000 -9999.000 -9999.000 -9999.000
-9999.000 -9999.000 -9999.000 -9999.000 -9999.000 -9999.000 -9999.000 -9999.000 -9999.000 -9999.000 -9999.000 -9999.000 -9999.000 -9999.000 -9999.000 -9999.000 -9999.000 -9999.000 -9999.000 -9999.000 146.466 178.391 168.595 173.324 166.487 173.653 170.117 178.937 172.298 169.295 173.149 168.557 172.680 nan nan -9999.000 -9999.000 -9999.000 -9999.000 -9999.000 -9999.000 -9999.000 -9999.000 -9999.000 -9999.000 -9999.000 -9999.000 -9999.000 -9999.000 -9999.000 -9999.000 -9999.000 -9999.000 -9999.000 -9999.000 -9999.000 -9999.000 -9999.000 -9999.000 -9999.000 -9999.000 -9999.000 -9999.000 -9999.000 -9999.000 -9999.000
-9999.000 -9999.000 -9999.000 -9999.000 -9999.000 -9999.000 -9999.000 -9999.000 -9999.000 -9999.000 -9999.000 -9999.000 154.539 158.077 -9999.000 -9999.000 -9999.000 -9999.000 -9999.000 159.459 164.662 177.171 180.016 181.361 175.835 165.115 166.280 172.519 173.117 176.567 171.834 161.989 169.210 167.585 nan nan -9999.000 -9999.000 -9999.000 -9999.000 -9999.000 -9999.000 -9999.000 -9999.000 -9999.000 -9999.000 -9999.000 -9999.000 -9999.000 -9999.000 -9999.000 -9999.000 -9999.000 -9999.000 -9999.000 -9999.000 -9999.000 -9999.000 -9999.000 -9999.000 -9999.000 -9999.000 -9999.000 -9999.000 -9999.000 -9999.000
-9999.000 -9999.000 -9999.000 -9999.000 -9999.000 -9999.000 -9999.000 -9999.000 -9999.000 -9999.000 162.440 159.521 162.498 164.115 nan 159.952 158.613 157.945 nan 170.007 174.912 175.134 180.290 179.683 182.596 176.335 178.904 173.467 176.019 177.273 177.036 167.253 165.976 173.955 175.247 nan nan -9999.000 -9999.000 -9999.000 -9999.000 -9999.000 -9999.000 -9999.000 -9999.000 -9999.000 -9999.000 -9999.000 -9999.000 -9999.000 -9999.000 -9999.000 -9999.000 -9999.000 -9999.000 -9999.000 -9999.000 -9999.000 -9999.000 -9999.000 -9999.000 -9999.000 -9999.000 -9999.000 -9999.000 -9999.000
-9999.000 -9999.000 -9999.000 -9999.000 -9999.000 -9999.000 -9999.000 -9999.000 166.453 159.673 163.049 185.200 163.669 173.138 182.947 182.413 181.337 154.648 166.961 179.836 162.900 149.379 150.093 172.740 180.087 181.181 184.450 177.889 170.952 178.620 165.155 169.325 172.334 164.505 168.443 165.392 nan nan -9999.000 -9999.000 -9999.000 -9999.000 -9999.000 -9999.000 -9999.000 -9999.000 -9999.000 -9999.000 -9999.000 -9999.000 -9999.000 -9999.000 -9999.000 -9999.000 -9999.000 -9999.000 -9999.000 -9999.000 -9999.000 -9999.000 -9999.000 -9999.000 -9999.000 -9999.000 -9999.000 -9999.000
-9999.000 -9999.000 -9999.000 -9999.000 -9999.000 -9999.000 -9999.000 nan 168.757 185.882 180.279 184.043 184.526 173.704 177.278 169.130 171.743 168.177 166.521 177.782 168.119 146.656 169.650 180.248 180.958 176.225 168.812 178.637 184.316 177.578 172.352 178.346 164.193 177.964 170.350 166.379 174.092 nan nan nan -9999.000 -9999.000 -9999.000 -9999.000 -9999.000 -9999.000 -9999.000 -9999.000 -9999.000 -9999.000 -9999.000 -9999.000 -9999.000 -9999.000 -9999.000 -9999.000 -9999.000 -9999.000 -9999.000 -9999.000 -9999.000 -9999.000 -9999.000 nan nan nan
-9999.000 -9999.000 -9999.000 -9999.000 -9999.000 -9999.000 180.292 80.770 178.049 179.015 183.372 182.005 182.390 184.053 175.983 172.290 172.434 174.055 173.194 168.770 178.667 177.446 166.674 180.416 177.643 166.902 179.306 179.028 178.941 179.578 179.663 178.783 171.372 178.967 166.300 167.138 168.272 178.184 171.391 27.729 nan -9999.000 -9999.000 -9999.000 -9999.000 -9999.000 -9999.000 -9999.000 -9999.000 -9999.000 -9999.000 -9999.000 -9999.000 -9999.000 -9999.000 -9999.000 -9999.000 -9999.000 -9999.000 -9999.000 -9999.000 -9999.000 nan nan 170.101 nan
-9999.000 -9999.000 -9999.000 -9999.000 -9999.000 nan 170.746 180.600 184.686 182.355 179.555 175.762 185.394 178.143 176.651 175.903 175.176 174.034 172.125 172.765 172.909 178.448 137.464 147.787 177.237 180.073 181.512 182.221 182.554 180.932 179.706 182.097 180.767 174.725 176.601 175.384 177.172 174.808 172.767 176.065 nan nan nan -9999.000 -9999.000 -9999.000 -9999.000 -9999.000 -9999.000 -9999.000 -9999.000 -9999.000 -9999.000 -9999.000 -9999.000 -9999.000 -9999.000 -9999.000 -9999.000 nan nan nan nan 168.430 169.767 166.298
-9999.000 -9999.000 -9999.000 -9999.000 -9999.000 nan 172.531 173.025 171.906 171.577 176.697 172.913 179.230 186.415 178.163 173.824 172.717 177.096 175.247 172.135 170.413 171.586 169.658 160.178 178.605 178.876 180.115 181.609 179.075 175.994 154.510 164.680 167.396 181.637 179.149 172.025 172.069 175.650 169.998 173.787 174.684 163.154 nan nan -9999.000 -9999.000 -9999.000 -9999.000 -9999.000 -9999.000 156.561 164.042 nan nan nan nan nan nan nan nan 160.749 162.608 166.396 170.472 172.214 165.916
-9999.000 -9999.000 -9999.000 -9999.000 nan nan 167.243 172.543 174.423 174.371 179.786 169.060 175.643 184.400 183.251 178.556 177.257 163.052 170.141 177.244 175.397 172.211 177.857 175.182 178.332 179.731 180.852 179.085 166.587 154.162 160.319 165.396 178.788 179.602 182.603 177.590 169.535 170.948 168.832 168.741 179.052 161.552 172.155 nan nan -9999.000 -9999.000 -9999.000 -9999.000 163.471 167.219 156.662 163.883 171.798 172.503 169.772 164.498 164.340 164.599 167.452 169.911 169.868 nan 172.475 41.665 57.882
-9999.000 -9999.000 -9999.000 165.994 nan 152.917 155.449 176.413 174.722 179.221 183.301 182.436 168.007 178.075 185.449 180.527 183.569 164.981 177.842 176.183 171.446 166.520 162.877 176.641 179.799 178.329 176.604 151.368 177.039 177.937 178.264 179.176 180.237 180.734 181.586 182.433 174.039 170.481 168.433 172.475 176.495 165.280 23.516 167.823 nan nan nan nan nan nan 162.574 168.596 162.779 163.674 167.745 174.564 171.728 170.517 165.669 70.451 nan nan nan 174.124 nan 163.880
-9999.000 -9999.000 165.155 148.092 140.287 152.196 151.946 160.122 171.826 177.027 178.679 177.390 175.130 172.059 183.554 186.501 182.958 173.998 166.227 170.180 178.704 168.746 166.204 174.341 176.682 176.403 156.168 167.676 179.065 178.436 180.166 180.930 181.244 181.457 181.474 182.059 173.504 180.290 179.200 177.967 177.066 170.591 1.987 53.256 166.832 163.856 163.134 152.322 172.230 169.346 160.486 163.956 168.188 165.946 166.414 172.342 173.788 170.064 164.816 171.241 nan nan nan nan nan 166.409
-9999.000 -9999.000 132.338 127.076 128.126 129.834 152.688 169.640 172.529 173.935 177.508 183.188 177.299 173.220 175.708 183.327 181.893 179.114 174.576 173.269 174.351 170.472 174.283 172.261 179.451 175.829 159.439 179.058 179.339 178.229 179.244 181.139 177.538 179.046 177.959 178.982 179.341 180.606 153.378 155.622 177.658 176.756 175.868 171.395 174.741 161.280 154.984 159.403 162.784 163.747 169.341 171.326 169.465 168.308 166.975 170.529 175.147 nan nan nan nan nan nan nan 174.961 168.006
-9999.000 167.080 144.255 127.013 127.701 126.549 152.513 172.426 173.582 174.613 177.227 177.680 180.144 178.877 177.111 177.772 182.032 179.183 175.095 178.080 171.861 168.699 173.707 174.273 166.531 171.828 178.119 177.778 178.895 179.596 177.939 180.573 175.371 177.406 176.623 172.797 181.949 175.074 167.317 142.450 146.806 136.212 173.544 179.124 175.747 173.694 160.545 160.371 166.525 nan 163.443 166.256 174.551 169.754 153.678 159.689 167.795 169.417 nan nan nan nan nan nan 168.134 48.020
160.414 nan 165.206 165.718 159.315 148.938 149.876 168.303 172.268 175.967 179.682 175.783 179.995 182.135 178.751 174.077 181.935 176.855 177.806 171.758 177.047 178.915 162.268 165.667 167.149 165.143 177.877 178.324 176.804 179.362 181.271 176.195 175.675 177.211 169.776 172.017 182.632 168.006 162.820 179.336 177.362 177.049 145.042 139.254 154.838 174.018 173.419 174.919 170.033 165.929 42.689 16.586 164.732 166.240 171.541 167.647 169.224 171.012 170.536 173.034 nan nan nan 172.729 nan nan
nan 160.245 164.901 165.226 168.282 155.582 155.296 163.361 173.678 175.145 177.956 180.310 178.716 180.076 182.682 179.249 182.511 180.547 178.126 175.091 175.421 172.757 177.050 174.232 169.152 172.851 178.035 176.975 174.551 174.600 176.549 170.073 176.794 174.688 175.673 180.451 173.544 178.901 173.854 174.424 170.234 170.203 175.313 148.358 133.915 148.342 163.451 177.740 167.884 173.256 170.962 nan nan nan nan nan nan nan 176.910 172.305 169.599 168.186 168.586 170.424 nan nan
163.188 166.255 166.375 168.593 167.183 167.110 163.888 169.626 176.651 174.352 177.527 181.591 177.558 177.744 179.760 179.719 176.196 181.583 171.969 177.535 178.416 171.576 180.210 174.494 177.132 177.376 173.801 176.654 178.943 179.498 176.526 177.769 174.109 168.341 175.703 175.473 174.795 172.418 175.029 174.376 176.895 166.639 165.507 176.169 174.374 130.663 125.396 126.691 139.936 169.304 170.137 173.142 172.386 173.942 172.555 172.525 134.737 135.541 149.964 131.752 132.215 161.217 169.251 168.542 168.288 172.067
nan 168.332 170.057 170.369 169.593 nan 172.427 174.554 176.623 178.350 177.694 178.538 178.811 182.026 179.049 181.617 179.707 179.869 181.556 179.697 177.616 165.489 178.851 173.136 175.792 175.884 163.473 174.122 179.171 179.253 178.106 178.232 175.106 171.173 176.133 176.790 177.919 172.764 173.736 172.328 172.608 164.281 171.545 174.852 158.477 126.593 119.132 126.161 125.241 127.030 130.916 163.309 149.269 164.117 135.880 140.369 129.340 126.598 127.095 127.005 169.102 165.888 167.612 167.301 167.885 169.125
165.377 170.051 170.625 170.735 171.185 172.374 171.919 175.774 176.379 179.014 177.262 178.873 179.342 179.048 182.333 182.107 183.486 179.623 179.812 173.912 179.034 173.241 174.896 174.557 174.030 170.329 173.514 175.137 178.981 178.997 174.291 174.003 174.786 175.189 176.770 177.896 181.090 173.779 169.112 171.657 158.288 140.280 126.634 125.166 121.527 129.154 166.742 172.901 173.928 167.915 162.511 128.174 129.293 129.574 128.397 128.055 130.302 128.390 144.306 166.102 165.784 168.019 158.403 162.776 169.680 168.896
130.172 141.235 151.435 170.094 170.076 171.758 172.740 176.727 179.256 179.794 180.417 182.407 181.031 182.195 183.343 183.123 182.680 183.117 180.262 177.536 173.592 172.963 172.709 171.163 171.794 174.419 168.138 170.682 178.643 178.798 172.535 176.297 176.011 177.314 180.085 179.012 176.856 178.034 173.088 164.864 169.240 167.819 165.028 151.791 162.915 173.560 169.652 169.504 167.093 165.062 171.765 153.147 169.840 130.156 127.403 124.951 127.329 145.576 165.946 163.437 165.616 157.968 164.828 167.118 160.573 168.641
126.645 127.384 127.012 128.403 135.704 176.612 174.157 174.767 176.885 176.876 177.896 178.321 178.164 178.958 181.607 182.543 181.892 181.359 180.552 178.537 175.584 178.256 172.830 173.288 169.552 169.762 166.638 160.018 176.732 179.295 170.159 175.366 174.127 177.909 176.994 178.661 179.311 179.603 173.927 166.982 173.525 171.660 165.727 162.362 157.923 159.348 158.172 164.770 160.427 171.686 171.602 170.731 164.043 165.907 170.428 128.462 158.534 161.223 162.612 167.404 169.653 167.899 166.901 166.606 167.177 167.695
126.639 122.070 121.646 122.160 135.901 167.292 164.015 156.708 152.398 142.469 171.076 175.735 178.574 179.771 179.715 184.154 181.938 182.557 183.018 180.191 178.544 175.541 168.876 168.603 170.151 168.714 169.475 166.367 170.535 178.731 177.683 178.067 176.752 178.115 175.085 175.955 180.174 179.953 173.790 173.287 170.068 173.558 166.335 50.400 nan nan nan nan 168.389 165.037 171.770 171.711 169.041 164.458 162.798 164.071 168.473 163.350 160.583 164.622 166.761 167.961 165.931 166.588 3.488 169.208
120.458 128.372 168.771 157.702 147.769 159.846 142.237 137.006 135.338 135.392 143.099 174.586 159.807 161.381 173.622 180.367 181.512 181.316 182.243 181.074 179.269 177.212 178.360 175.656 170.385 167.799 171.462 169.250 169.294 176.954 178.116 177.212 174.401 176.649 179.073 173.281 178.216 180.135 173.195 177.527 171.151 172.651 167.058 171.994 165.266 59.477 nan nan 169.086 166.426 172.468 171.249 168.543 168.108 162.224 160.319 160.707 163.510 161.401 162.399 166.109 32.119 171.000 nan 47.293 nan
117.271 157.459 158.472 163.851 163.778 141.335 138.347 144.452 137.407 148.330 134.123 157.812 174.960 172.935 169.892 175.982 177.664 180.604 182.742 181.640 180.325 179.234 176.430 174.548 176.956 172.217 173.354 167.845 169.929 176.263 178.133 178.071 178.297 176.532 178.156 174.751 177.112 179.700 175.777 175.629 176.609 173.212 171.638 166.316 170.644 nan 167.994 nan 62.767 167.368 169.681 133.914 164.933 170.846 167.546 nan nan nan nan 3.133 167.468 166.996 32.548 47.410 167.907 170.493
