test_integration/test_sample_run/example/results.meteodistr/output_maps/SWEDENSITYN0054.asc
ncols         174
nrows         141
xllcorner     744500.000000
yllcorner     5140950.000000
cellsize      250.000000
NODATA_value  -9999.0
[rows 29 to 57 of 141, columns 65 to 129 of 174]
102.114 103.416 130.575 135.399 142.435 137.938 124.843 125.971 130.185 125.382 132.959 123.588 137.172 152.460 148.316 144.988 152.423 156.285 160.163 161.546 160.042 158.425 155.679 151.578 154.806 158.355 152.387 155.241 143.102 152.005 158.188 155.034 153.833 154.316 152.542 155.731 152.751 155.509 158.148 152.153 152.884 154.332 150.153 148.098 139.864 142.533 147.897 137.095 140.092 145.447 141.798 145.643 118.858 142.710 147.110 143.057 141.415 129.525 131.002 136.100 138.256 141.919 141.877 143.379 144.074
118.027 109.622 101.778 127.128 140.279 116.705 117.893 136.923 151.210 132.157 133.860 146.586 139.845 153.850 155.943 155.668 150.072 155.529 156.277 161.398 160.883 160.012 157.785 154.421 154.699 148.066 154.368 148.159 154.923 146.518 156.824 153.332 145.623 146.693 148.343 155.401 151.797 152.978 159.482 155.456 152.610 151.971 147.469 148.321 148.876 140.717 149.840 148.363 144.795 146.801 136.048 135.991 145.691 117.785 148.922 138.283 131.247 135.074 135.880 140.267 140.734 141.915 142.440 143.458 143.628
143.877 106.721 92.190 102.024 126.723 118.708 116.174 141.148 137.107 117.515 138.461 150.266 137.305 145.019 155.228 156.141 156.174 158.043 157.415 158.112 163.913 160.549 156.795 154.833 155.798 149.426 155.801 153.143 150.193 153.366 157.702 143.642 152.605 140.786 153.623 153.493 148.428 151.690 156.471 156.022 154.978 153.834 152.503 151.670 151.312 150.285 150.383 148.596 148.654 144.985 143.314 140.941 142.653 133.309 135.017 136.721 142.475 144.403 143.822 143.902 143.105 145.340 146.163 146.213 145.423
135.463 114.657 113.382 98.540 108.673 115.782 129.909 116.685 116.810 144.671 148.870 152.721 145.643 142.043 147.117 155.499 155.975 158.700 158.435 157.708 159.564 158.133 157.392 155.405 157.673 156.723 155.979 155.774 151.050 150.623 157.220 147.119 152.344 145.825 147.175 153.664 152.041 150.676 156.790 158.808 156.323 156.896 154.578 153.589 154.575 148.546 150.397 150.549 144.315 148.197 146.950 144.686 129.838 136.525 135.714 130.481 140.163 143.978 143.832 144.614 144.305 143.763 143.656 143.596 144.124
145.942 131.029 140.973 109.052 115.505 106.068 109.225 114.353 114.134 142.772 148.468 150.284 153.061 139.005 137.018 144.152 152.435 155.966 157.751 157.676 158.309 160.426 158.416 157.010 154.521 155.573 152.977 157.088 152.251 152.545 152.938 151.382 152.802 146.723 153.346 154.783 151.575 154.198 159.788 147.568 157.077 156.883 157.671 156.520 153.009 146.987 150.363 133.118 141.142 150.435 147.364 147.510 144.773 134.254 143.175 144.899 139.076 141.738 143.187 144.611 143.935 144.180 142.519 136.960 143.580
139.025 128.461 123.581 118.709 111.642 113.459 115.381 114.747 139.419 139.495 119.801 117.511 118.822 140.235 139.845 135.915 148.650 152.956 156.298 156.804 158.068 160.617 157.775 156.833 153.198 153.369 154.510 149.565 146.676 151.673 148.434 155.524 148.712 155.508 156.601 155.641 152.052 151.947 145.233 150.101 133.748 131.872 133.982 119.673 128.764 123.850 128.353 127.901 128.770 150.478 151.366 147.718 146.807 146.178 138.217 142.409 144.279 136.100 124.696 119.821 119.681 120.524 119.703 118.677 119.247
125.990 143.006 135.317 134.093 106.351 145.461 146.701 139.135 138.368 116.502 113.310 112.661 112.168 138.350 132.439 145.149 149.481 143.065 151.358 154.696 157.128 158.249 157.664 157.605 155.012 153.584 154.164 147.401 153.973 154.414 144.877 155.992 148.720 151.128 151.912 150.535 155.279 149.305 143.138 151.618 136.154 128.871 126.649 124.919 122.240 120.593 120.353 127.312 149.387 143.737 147.303 148.379 148.127 149.703 143.709 147.556 145.860 146.209 117.454 117.011 134.930 116.721 114.860 114.648 113.153
135.528 144.867 123.394 137.104 138.532 127.206 135.628 150.324 110.057 112.725 137.402 148.494 144.114 144.501 148.643 147.372 150.883 153.475 154.357 154.665 156.200 160.677 161.549 158.366 148.943 154.314 152.781 152.392 151.226 147.593 145.232 154.382 154.210 150.033 152.046 150.379 156.554 147.504 142.855 147.853 149.086 138.875 127.207 138.952 137.233 149.311 134.826 147.864 143.036 145.471 147.923 148.162 150.316 142.779 149.547 149.108 147.230 145.386 144.979 147.312 140.064 115.557 114.189 111.701 110.207
124.367 107.175 120.112 144.872 143.105 141.698 149.446 146.395 119.823 131.800 144.285 140.589 139.156 144.688 137.096 147.434 149.412 152.503 153.621 152.596 152.978 160.420 159.018 159.805 150.958 153.782 150.075 151.633 153.342 152.212 150.846 154.118 155.024 150.427 153.706 150.794 156.076 150.511 146.761 152.179 147.322 142.564 151.201 152.683 153.429 149.079 150.706 150.369 142.522 145.001 148.079 149.112 150.654 145.678 151.539 140.055 147.765 142.420 142.261 142.331 139.444 123.676 114.255 105.633 105.268
100.725 126.505 133.286 130.766 140.535 129.374 132.473 132.991 144.334 137.061 141.954 140.903 133.975 140.754 146.680 143.579 149.080 153.225 157.836 154.081 157.372 157.202 158.002 160.645 149.909 153.918 157.237 149.996 151.407 152.366 152.059 147.003 151.308 150.992 144.210 151.276 156.320 152.109 147.056 149.241 147.370 146.020 147.226 147.956 146.069 146.697 146.564 150.742 146.607 143.921 146.645 150.069 150.592 145.986 142.232 144.089 148.252 142.561 141.864 143.290 137.681 133.546 132.356 135.534 136.788
130.747 127.771 142.450 133.187 133.262 131.729 145.711 129.770 145.855 132.113 139.702 141.858 141.032 138.381 146.129 154.615 151.271 151.377 153.266 155.323 155.274 155.209 155.124 149.189 147.837 153.285 153.320 155.945 154.930 151.521 145.834 151.711 152.714 153.813 145.523 152.986 160.325 150.117 145.999 149.195 148.951 150.926 149.727 149.433 148.551 146.087 142.985 150.786 143.603 142.575 146.206 143.654 145.294 146.854 144.607 140.755 141.307 144.968 147.798 141.656 139.341 135.790 132.433 130.538 129.834
119.608 135.266 129.223 131.487 140.330 133.408 142.955 126.884 134.392 140.822 123.591 132.370 123.792 116.217 125.102 150.277 151.943 151.344 152.637 140.430 140.730 152.523 152.330 146.974 151.099 153.081 154.693 155.168 156.292 153.644 151.610 145.838 153.125 153.325 147.873 153.848 163.110 150.182 147.365 139.895 152.123 150.539 147.580 149.784 147.053 146.469 143.299 144.742 146.694 141.226 144.703 126.185 132.571 147.235 147.193 145.087 141.767 144.070 149.417 143.396 143.089 137.710 137.672 134.971 133.876
117.004 136.776 132.365 126.930 133.687 135.252 145.831 128.785 138.870 120.318 109.940 106.487 112.160 115.339 125.587 143.423 152.184 150.933 150.652 139.227 143.568 148.525 153.699 154.568 147.126 146.257 149.400 152.948 153.816 159.731 157.142 155.268 151.811 156.349 151.187 155.554 165.941 152.626 147.404 151.195 151.300 148.888 150.852 147.781 147.556 145.750 143.304 141.758 148.786 143.151 144.125 146.389 140.223 142.504 147.253 146.366 143.202 145.319 147.753 148.314 146.150 142.527 142.185 139.562 140.519
114.506 132.236 134.285 121.699 129.003 149.946 136.431 111.914 100.789 110.257 132.711 140.705 133.621 136.746 138.324 144.125 149.981 150.019 150.574 151.211 150.282 151.937 153.066 154.285 155.373 135.708 136.834 148.273 152.856 157.113 159.442 159.503 157.143 154.452 151.368 156.295 164.175 151.443 147.320 152.001 145.351 153.831 145.500 149.503 147.604 145.831 141.164 144.242 143.949 146.523 143.360 145.586 141.348 142.815 147.294 148.293 144.728 144.398 147.200 152.967 148.367 146.902 145.668 143.749 142.323
131.569 117.979 130.554 126.215 138.760 134.116 105.195 91.253 124.081 130.467 130.033 129.887 137.754 139.644 142.254 145.343 149.706 149.029 149.232 150.256 150.058 151.211 151.842 153.223 155.436 153.870 151.230 150.980 151.603 155.490 160.248 164.338 167.315 163.445 161.132 157.677 164.979 153.382 149.298 149.398 151.486 153.719 144.955 150.028 146.664 142.748 142.622 140.156 143.569 144.228 144.481 146.456 142.704 145.915 147.382 150.287 144.568 144.919 145.289 158.520 154.611 153.437 152.296 151.044 nan
147.834 130.434 124.597 140.503 141.962 124.130 112.722 122.204 140.116 142.118 122.835 136.997 126.838 126.133 137.228 139.998 132.184 143.714 137.487 147.232 147.665 150.461 151.565 152.790 153.592 157.463 145.833 126.874 127.772 130.140 131.345 141.474 151.895 163.370 165.753 163.573 167.276 156.838 155.337 156.177 156.605 148.730 144.101 139.315 148.025 144.892 148.567 145.414 143.727 146.021 147.395 143.815 144.144 147.166 150.946 147.729 144.182 143.594 145.079 150.435 155.453 157.567 157.288 16.327 nan
142.302 136.598 143.980 147.028 144.065 128.251 121.222 127.247 124.336 138.557 130.279 106.978 103.615 108.129 124.117 123.973 118.804 140.485 141.541 140.654 146.818 149.772 150.985 153.092 153.482 157.253 143.293 133.336 123.466 125.903 125.955 129.502 147.131 143.673 153.640 164.328 165.976 166.403 163.405 165.070 156.487 148.651 150.041 147.488 143.470 135.439 146.360 147.291 147.821 139.854 144.191 148.451 149.776 151.023 158.227 145.538 143.364 146.355 147.706 150.870 152.810 167.161 65.838 65.235 171.263
139.156 136.273 142.121 144.339 141.558 131.918 125.537 130.440 130.853 126.492 129.969 144.740 128.427 94.492 120.390 134.991 134.890 146.704 147.794 145.441 145.816 147.564 149.607 151.477 153.243 146.774 142.378 145.040 144.818 123.261 126.992 131.645 130.617 129.440 129.876 135.115 157.779 169.239 165.901 160.318 154.473 154.639 151.115 144.314 142.655 137.180 144.583 148.652 145.282 142.194 145.339 147.232 149.115 153.207 156.020 147.685 149.001 152.681 153.388 155.219 156.024 167.015 165.804 160.257 157.709
141.566 142.330 149.340 150.205 140.618 130.389 127.785 133.833 143.981 140.173 136.716 130.002 138.110 139.148 107.456 139.364 142.527 142.970 144.172 149.213 146.829 147.881 149.040 151.091 152.431 152.917 143.738 150.696 140.865 142.702 141.661 125.925 125.453 126.575 126.507 128.419 132.180 158.981 169.112 166.764 164.404 151.583 147.899 146.231 144.682 149.260 146.645 147.280 150.003 145.475 143.601 144.650 147.726 152.973 158.589 151.301 154.280 158.969 77.319 79.067 174.189 164.792 155.021 139.965 128.082
140.120 143.709 156.233 147.202 140.289 130.516 125.029 128.854 138.059 129.887 138.939 134.804 131.280 133.877 132.871 137.986 137.755 142.583 145.636 145.509 147.814 146.978 148.404 151.419 150.903 139.006 139.949 150.411 149.413 150.156 151.821 136.852 123.604 124.455 128.486 133.328 134.486 149.650 158.725 170.205 164.596 153.307 150.994 147.788 146.595 143.825 138.256 146.715 146.743 149.808 142.031 144.632 146.503 152.930 156.487 157.448 158.240 168.349 169.250 170.478 164.242 151.922 151.824 148.311 140.216
153.354 11.461 156.622 145.936 143.149 135.114 133.041 124.116 134.273 128.165 132.689 137.186 134.198 133.181 133.712 139.340 140.044 137.053 142.108 141.441 146.761 150.216 147.910 149.776 149.429 137.251 145.776 152.840 148.201 149.684 152.058 147.899 144.764 148.071 140.493 130.075 140.172 141.420 149.913 166.086 171.100 160.714 154.193 150.347 149.827 146.232 143.680 146.667 140.128 145.146 145.256 146.348 148.726 149.881 155.882 167.228 166.001 175.542 173.070 158.430 154.524 126.531 125.982 140.951 142.484
8.441 164.679 157.829 152.682 148.603 140.305 140.700 131.612 133.407 133.634 132.239 134.114 122.851 132.605 133.867 141.030 134.390 141.509 142.738 146.180 144.136 148.129 151.068 147.492 147.935 152.323 150.347 148.302 148.958 151.261 149.658 150.310 151.416 151.231 151.169 128.136 135.456 130.489 138.884 157.729 171.287 166.058 160.624 154.155 151.452 148.887 146.605 145.167 147.050 150.570 153.590 154.348 153.275 154.140 155.525 164.208 169.518 167.847 159.790 135.795 143.588 144.838 123.052 122.716 130.940
nan 166.256 161.102 160.416 157.636 149.162 154.058 139.380 143.813 140.768 130.632 140.761 133.978 129.002 133.127 138.158 133.697 142.453 144.037 149.720 145.823 144.741 147.098 148.280 148.205 147.635 148.407 148.982 151.331 150.471 150.490 143.832 143.436 150.548 150.244 151.269 129.463 127.759 136.481 153.144 161.277 173.461 172.800 164.104 158.956 153.124 150.902 150.527 153.753 152.894 156.773 163.063 71.339 59.044 174.123 166.271 172.441 158.809 152.727 138.014 128.537 146.464 141.892 119.885 116.760
169.360 166.499 164.936 164.208 159.940 56.035 158.355 144.283 147.438 141.337 140.659 145.634 142.260 136.666 138.946 136.726 137.882 144.612 146.498 149.807 148.010 146.472 143.685 146.830 150.826 142.910 150.548 150.453 151.273 151.125 150.245 147.791 148.457 147.827 143.546 143.779 151.280 146.921 144.551 149.339 136.320 163.004 171.468 170.522 161.454 154.760 150.905 153.940 157.430 159.621 160.592 172.875 175.411 175.191 173.673 173.409 168.141 155.856 150.059 145.685 134.541 123.413 141.918 130.211 118.727
169.692 170.088 nan nan 7.381 34.058 158.303 158.810 157.558 142.967 142.098 159.913 152.612 147.317 147.561 141.798 140.759 146.896 148.628 153.508 148.166 145.433 141.648 147.589 148.966 145.856 144.195 144.414 143.820 144.859 144.947 149.313 150.670 150.293 151.325 151.785 151.086 146.034 148.775 138.450 131.987 144.209 159.625 176.092 170.763 159.984 158.472 71.164 168.916 57.056 8.487 176.185 171.503 166.763 169.036 170.875 159.797 150.865 148.635 143.652 138.225 119.637 118.380 120.291 135.835
169.108 169.433 169.855 170.541 169.167 54.425 nan 160.273 158.797 145.710 145.631 160.350 158.009 149.720 145.949 141.895 142.559 147.472 150.016 153.607 145.416 133.610 137.435 147.755 148.849 151.462 144.481 143.480 143.662 145.003 147.636 150.711 149.231 151.441 154.053 151.730 157.191 153.087 151.846 149.606 150.283 145.935 140.745 171.795 175.810 168.303 169.820 173.617 176.683 174.652 172.223 167.501 153.499 137.838 153.237 168.405 162.386 150.112 147.565 145.678 143.631 140.060 135.928 122.951 125.162
144.080 169.625 170.295 170.412 170.160 171.905 169.973 nan 162.663 6.231 nan 164.994 160.644 149.801 146.206 146.120 147.792 153.242 160.308 151.788 144.061 142.886 146.347 147.466 148.197 145.371 145.594 144.766 147.121 147.287 147.895 136.461 135.097 149.551 153.045 157.474 159.031 163.897 163.840 157.285 154.260 150.898 151.266 161.755 175.297 177.503 179.709 176.651 175.377 169.046 162.314 144.193 132.930 130.833 133.572 162.733 170.390 153.484 149.345 151.623 148.307 142.055 139.216 137.265 135.904
135.184 138.837 146.103 168.508 170.236 170.262 168.917 168.328 166.032 30.394 64.215 162.836 157.269 153.533 157.389 154.263 155.186 162.556 162.959 148.810 144.127 142.342 146.154 147.993 143.030 147.601 148.132 147.877 148.008 146.432 148.059 128.836 129.331 129.274 132.525 142.971 138.793 157.115 160.960 163.579 166.550 164.322 160.489 165.740 175.512 175.427 173.886 171.555 163.392 144.099 141.129 134.418 135.837 134.528 149.261 160.896 165.812 161.672 156.087 150.522 144.857 140.911 140.181 138.365 136.898
130.582 129.521 133.565 166.175 169.046 170.117 171.353 171.564 170.900 169.337 167.239 161.302 161.082 57.126 nan 160.866 158.323 164.532 156.553 146.081 143.260 143.842 147.303 141.051 143.203 146.848 147.895 150.010 146.194 141.153 142.996 151.470 141.021 147.318 144.007 123.842 125.333 147.154 152.497 169.723 177.129 51.060 65.804 175.015 175.672 173.261 167.282 158.935 143.139 133.659 150.772 132.592 128.966 148.409 150.279 154.949 161.609 167.438 160.131 148.981 147.978 142.620 142.782 141.044 140.145
