test_integration/test_sample_run/example/results.meteodistr/output_maps/SWEDENSITYN0182.asc
ncols         174
nrows         141
xllcorner     744500.000000
yllcorner     5140950.000000
cellsize      250.000000
NODATA_value  -9999.0
[rows 64 to 95 of 141, columns 0 to 71 of 174]
-9999.000 -9999.000 -9999.000 -9999.000 -9999.000 nan nan 26.493 224.036 187.643 186.629 197.147 nan nan nan nan nan nan nan nan nan nan nan nan nan nan nan nan nan nan nan nan nan nan nan nan nan nan nan nan nan nan nan nan 85.498 nan nan nan nan nan nan nan nan nan nan nan nan nan nan nan nan 215.849 203.725 201.923 nan nan nan nan nan nan nan 200.046
-9999.000 -9999.000 -9999.000 -9999.000 -9999.000 -9999.000 nan 212.267 193.306 198.095 204.142 208.529 192.456 216.099 nan nan nan nan nan nan nan nan nan nan nan nan nan nan nan nan nan nan nan nan nan nan nan nan nan nan nan nan nan nan 204.967 203.872 207.604 nan nan nan nan nan nan nan nan nan nan nan nan nan nan nan 212.577 197.391 211.152 nan nan nan nan nan nan 215.795
-9999.000 -9999.000 -9999.000 -9999.000 -9999.000 nan 236.037 183.817 175.778 199.752 nan nan nan nan nan nan nan nan nan nan nan nan nan nan nan nan nan nan nan nan nan nan nan nan nan nan nan nan nan nan nan nan nan 212.949 195.648 201.049 193.915 199.711 208.776 nan nan nan nan nan nan nan nan nan nan nan nan nan nan nan nan nan nan nan nan nan nan nan
-9999.000 -9999.000 -9999.000 -9999.000 -9999.000 nan 235.572 193.045 163.762 190.527 nan nan nan nan nan nan nan nan nan nan nan nan nan nan nan nan nan nan nan nan nan nan nan nan nan nan nan nan nan nan nan 216.244 210.029 204.642 193.903 190.346 183.395 188.968 196.037 197.912 213.943 nan nan nan nan nan nan nan nan nan nan nan nan nan nan nan 204.525 203.968 nan nan nan nan
-9999.000 -9999.000 -9999.000 -9999.000 -9999.000 -9999.000 230.429 201.483 228.451 193.270 nan nan nan nan nan nan nan nan nan nan nan nan nan nan nan nan nan nan nan nan nan nan nan nan nan nan nan nan nan nan nan 192.668 195.789 201.995 180.503 175.430 180.891 183.293 190.203 192.259 186.981 201.173 nan nan nan nan nan nan nan nan nan nan nan nan nan nan nan 212.869 nan nan nan nan
-9999.000 -9999.000 -9999.000 -9999.000 -9999.000 -9999.000 229.707 217.054 nan nan nan 197.596 nan nan nan nan 233.711 218.155 nan nan nan nan nan nan nan nan nan nan nan nan nan nan nan nan nan nan nan nan nan nan nan 206.982 181.220 189.915 173.648 169.891 175.018 174.262 180.525 176.940 177.560 209.152 nan nan nan nan 213.356 214.447 215.915 nan nan nan nan nan nan nan nan nan nan nan nan nan
-9999.000 -9999.000 -9999.000 -9999.000 -9999.000 -9999.000 -9999.000 nan 227.408 227.273 177.620 198.472 nan nan nan 237.628 189.801 185.953 214.762 nan nan nan nan nan nan nan nan nan nan nan nan nan nan nan 28.427 213.543 211.928 nan nan nan nan nan 188.125 172.491 166.906 171.846 171.742 170.231 172.940 173.791 172.785 209.272 nan nan nan nan 216.787 187.409 201.171 211.952 203.142 196.660 193.309 212.295 nan nan nan nan nan nan nan nan
-9999.000 -9999.000 -9999.000 -9999.000 -9999.000 -9999.000 -9999.000 216.055 195.978 178.712 213.140 nan nan nan 106.174 nan 187.149 181.734 193.218 211.174 nan nan nan nan nan nan nan nan nan nan nan nan 171.785 220.647 215.629 195.108 202.700 nan 203.423 210.829 nan nan 206.361 184.392 165.072 204.300 207.880 202.303 159.966 159.488 208.641 nan nan nan nan nan nan 184.486 201.443 212.596 186.892 199.996 179.873 195.156 nan nan nan nan nan nan nan nan
-9999.000 -9999.000 -9999.000 -9999.000 -9999.000 -9999.000 -9999.000 -9999.000 221.594 203.006 nan nan nan 216.301 202.850 198.090 188.726 180.061 181.814 204.402 nan nan nan nan nan nan nan nan nan nan 9.106 205.671 198.540 202.682 219.583 214.500 208.638 199.594 199.916 196.610 218.190 163.845 nan nan 213.833 218.066 161.114 169.578 193.900 nan nan nan nan nan nan nan nan 197.279 75.062 211.859 186.281 212.989 176.921 202.802 nan 215.195 nan nan 212.272 nan nan 215.352
-9999.000 -9999.000 -9999.000 -9999.000 -9999.000 -9999.000 -9999.000 -9999.000 nan nan nan nan 213.680 222.166 213.963 184.812 174.752 179.622 nan nan nan nan nan nan nan nan nan nan nan nan 208.280 206.009 182.695 183.902 190.532 206.924 178.277 183.720 179.378 196.640 192.955 223.058 nan nan nan nan 161.366 186.943 214.061 181.378 nan nan nan nan nan nan nan 198.153 nan 214.582 211.926 210.930 173.905 206.955 nan 104.814 nan nan 219.063 nan 212.769 212.606
-9999.000 -9999.000 -9999.000 -9999.000 -9999.000 -9999.000 -9999.000 nan nan nan nan nan 220.665 186.622 215.221 171.911 203.817 98.308 nan 206.422 nan nan nan nan nan nan 208.827 204.567 202.554 206.484 214.666 194.588 194.834 179.343 177.281 179.772 175.860 179.095 182.046 195.598 191.429 179.787 213.017 nan nan nan nan 179.652 173.960 nan nan nan nan nan nan 71.638 nan nan 213.000 203.347 209.913 188.276 191.014 nan nan nan nan nan 217.156 211.002 215.658 nan
-9999.000 -9999.000 -9999.000 -9999.000 -9999.000 -9999.000 nan nan nan nan nan nan 219.910 182.388 194.579 195.672 214.055 nan 223.413 177.144 nan nan nan nan nan 215.854 187.580 197.217 190.520 208.243 204.343 179.114 179.512 176.843 174.098 180.862 181.460 188.727 179.560 185.643 203.343 180.529 196.568 202.963 231.293 227.865 nan 208.047 nan nan nan 202.354 nan nan 218.546 200.084 222.408 nan 215.204 181.961 183.810 178.557 207.161 nan nan nan nan 91.740 nan 215.296 nan nan
-9999.000 -9999.000 -9999.000 -9999.000 -9999.000 nan nan nan nan nan 219.682 231.370 189.415 195.094 169.394 188.067 207.428 186.643 182.553 nan nan nan nan nan 215.531 208.357 175.088 181.764 183.364 181.063 210.753 215.841 171.705 170.375 203.025 178.036 210.811 174.893 177.151 182.622 202.300 218.001 213.838 214.828 223.285 218.335 203.585 nan nan nan 192.342 nan nan 218.444 212.809 209.092 175.113 172.645 174.396 173.877 170.758 166.727 nan nan nan nan 213.068 nan nan nan nan nan
-9999.000 -9999.000 -9999.000 nan nan nan nan 214.704 188.340 211.548 197.778 204.147 210.338 209.078 175.776 180.468 178.063 174.685 192.906 nan nan nan nan nan 209.382 209.120 171.698 189.023 182.927 178.621 182.043 221.375 208.086 180.623 193.824 166.768 224.162 200.872 187.133 189.246 190.028 202.091 200.552 202.929 209.875 209.344 198.795 174.756 215.882 nan nan nan nan 222.029 211.157 nan 188.175 160.343 164.581 166.036 171.622 202.022 nan nan nan 216.027 216.050 nan nan nan nan 216.371
-9999.000 -9999.000 nan nan 223.361 223.215 184.998 181.878 174.487 172.865 190.333 192.957 207.247 191.518 204.115 179.330 218.054 206.084 nan nan nan 219.676 225.133 nan 216.320 201.317 187.831 178.573 180.466 177.751 176.833 199.724 nan nan 180.062 177.564 181.510 181.923 206.917 202.695 212.518 213.481 212.103 197.620 180.130 205.690 219.286 218.573 nan nan nan nan 209.108 215.433 210.556 209.687 217.380 211.143 199.304 201.770 nan nan nan nan nan nan nan nan nan nan 212.901 214.733
-9999.000 -9999.000 nan nan 225.015 207.639 175.728 172.599 158.453 169.765 168.897 182.706 191.833 179.323 203.474 176.446 211.357 nan nan nan nan 211.471 194.116 187.950 212.513 184.567 188.698 178.819 176.118 205.979 187.718 210.393 222.766 nan 206.805 173.713 167.745 209.081 nan 232.077 211.861 233.870 229.232 223.758 207.876 207.474 222.066 nan nan 192.335 184.919 178.685 175.599 191.888 209.112 216.487 202.035 189.345 nan nan nan nan nan nan nan nan nan nan 3.675 212.581 nan 207.758
-9999.000 -9999.000 -9999.000 nan 222.769 191.996 167.089 152.571 165.213 nan 180.911 180.663 178.731 173.663 185.752 210.594 nan nan nan nan 208.717 223.090 178.744 179.917 nan 173.885 176.122 191.349 188.586 191.995 235.491 219.690 206.275 198.429 223.080 210.039 15.136 nan 212.139 200.200 208.012 202.460 181.268 208.840 nan 217.930 181.743 202.329 nan 166.184 160.073 171.703 179.341 176.522 174.788 200.052 191.439 nan nan nan nan nan nan nan nan nan nan nan nan nan nan nan
-9999.000 -9999.000 -9999.000 -9999.000 -9999.000 -9999.000 216.471 161.155 198.435 172.845 176.651 175.795 174.053 162.902 160.217 208.641 nan nan nan nan 223.360 189.919 221.224 179.154 nan 193.887 218.019 205.647 207.397 205.019 186.978 177.775 205.775 174.581 196.091 184.431 nan nan 195.677 192.845 215.856 205.646 168.014 180.453 199.713 213.458 191.729 208.720 180.896 159.688 152.658 173.658 202.197 172.068 167.360 204.374 nan nan nan nan nan nan nan nan nan nan nan nan nan nan nan nan
-9999.000 -9999.000 -9999.000 -9999.000 -9999.000 -9999.000 -9999.000 216.049 159.797 157.149 158.282 160.117 158.220 152.928 213.512 nan nan nan 181.836 181.279 185.397 187.424 219.957 210.702 nan nan nan 222.798 212.935 219.693 161.865 158.034 187.288 207.436 183.271 nan 198.066 189.187 207.289 169.254 177.138 188.421 nan 210.557 nan nan nan nan nan 204.074 207.258 nan nan nan nan nan nan nan nan nan nan nan nan nan nan nan nan nan nan nan nan nan
-9999.000 -9999.000 -9999.000 -9999.000 -9999.000 -9999.000 -9999.000 nan nan 194.689 170.524 161.022 187.595 223.989 nan nan nan nan 195.538 172.005 173.581 179.386 214.460 222.745 193.122 nan 211.613 178.251 180.063 163.822 202.127 167.463 183.148 214.970 208.742 nan 206.744 167.930 207.742 175.509 213.811 209.550 nan nan nan nan nan nan nan nan nan nan nan nan nan nan nan nan nan nan nan nan nan nan nan nan nan nan nan nan nan nan
-9999.000 -9999.000 -9999.000 -9999.000 -9999.000 -9999.000 -9999.000 -9999.000 nan nan nan nan nan nan nan nan nan 232.216 214.550 159.022 177.399 196.301 207.464 172.795 172.730 170.615 220.507 212.661 184.966 178.753 183.554 nan 186.588 226.306 nan 209.963 nan nan nan nan nan nan nan nan nan nan nan nan nan nan nan nan nan nan nan nan nan nan nan nan nan nan nan nan nan nan nan nan nan nan nan nan
-9999.000 -9999.000 -9999.000 -9999.000 -9999.000 -9999.000 -9999.000 -9999.000 -9999.000 nan nan nan nan nan nan nan nan 225.485 203.686 211.586 nan 213.605 216.359 166.023 171.464 213.946 nan nan nan nan 226.484 nan nan nan nan nan nan nan nan nan nan nan nan nan nan nan nan nan nan nan nan nan nan nan nan nan nan nan nan nan nan nan nan nan nan nan nan nan nan nan nan nan
-9999.000 -9999.000 -9999.000 -9999.000 -9999.000 -9999.000 -9999.000 -9999.000 -9999.000 -9999.000 nan nan nan nan nan nan 201.427 188.382 163.283 nan nan nan 201.283 209.669 217.174 nan nan nan nan nan nan nan nan nan nan nan nan nan nan nan nan nan nan nan nan nan nan nan nan nan nan nan nan nan nan nan nan nan nan nan nan nan nan nan nan nan nan nan nan nan nan nan
-9999.000 -9999.000 -9999.000 -9999.000 -9999.000 -9999.000 -9999.000 -9999.000 -9999.000 -9999.000 -9999.000 nan nan nan nan 231.570 196.843 174.085 165.319 nan nan nan 193.652 168.760 nan 195.633 nan nan nan nan nan nan nan nan nan nan nan nan nan nan nan nan nan nan nan nan nan nan nan nan nan nan nan nan nan nan nan nan nan nan nan nan nan nan nan nan nan nan nan nan nan nan
-9999.000 -9999.000 -9999.000 -9999.000 -9999.000 -9999.000 -9999.000 -9999.000 -9999.000 -9999.000 -9999.000 -9999.000 nan nan 203.730 196.817 179.661 168.140 211.416 nan nan 221.694 53.961 nan 159.882 175.314 nan nan nan nan nan nan nan nan nan nan nan nan nan nan nan nan nan nan nan nan nan nan nan nan nan nan nan nan nan nan nan nan nan nan nan nan nan nan nan nan nan nan nan nan nan nan
-9999.000 -9999.000 -9999.000 -9999.000 -9999.000 -9999.000 -9999.000 -9999.000 -9999.000 -9999.000 -9999.000 -9999.000 nan 236.261 202.551 208.931 172.218 173.978 nan nan 199.594 212.462 nan nan 201.051 166.630 179.274 nan nan nan nan nan nan nan nan nan nan nan nan nan nan nan nan nan nan nan nan nan nan nan nan nan nan nan nan nan nan nan nan nan nan nan nan nan nan nan nan nan nan nan nan nan
-9999.000 -9999.000 -9999.000 -9999.000 -9999.000 -9999.000 -9999.000 -9999.000 -9999.000 -9999.000 -9999.000 -9999.000 nan nan 223.800 225.111 193.904 nan nan nan 204.865 222.617 227.948 207.451 206.675 179.123 nan nan 204.647 nan nan nan nan nan nan nan nan nan nan nan nan nan nan nan nan nan nan nan nan nan nan nan nan nan nan nan nan nan nan nan nan nan nan nan nan nan nan nan nan nan nan nan
-9999.000 -9999.000 -9999.000 -9999.000 -9999.000 -9999.000 -9999.000 -9999.000 -9999.000 -9999.000 -9999.000 -9999.000 -9999.000 -9999.000 -9999.000 -9999.000 -9999.000 nan nan 220.938 212.146 225.368 208.506 192.392 193.425 nan nan nan 200.556 192.551 nan nan nan nan nan nan nan nan nan nan nan nan nan nan nan nan nan nan nan nan nan nan nan nan nan nan nan nan nan nan nan nan nan nan nan nan nan nan nan nan nan nan
-9999.000 -9999.000 -9999.000 -9999.000 -9999.000 -9999.000 -9999.000 -9999.000 -9999.000 -9999.000 -9999.000 -9999.000 -9999.000 -9999.000 -9999.000 -9999.000 -9999.000 -9999.000 nan nan nan 200.227 194.949 198.860 nan nan nan nan nan nan nan nan nan nan nan nan nan nan nan nan nan nan nan nan nan nan nan nan nan nan nan nan nan nan nan nan nan nan nan nan nan nan nan nan nan nan nan nan nan nan nan nan
-9999.000 -9999.000 -9999.000 -9999.000 -9999.000 -9999.000 -9999.000 -9999.000 -9999.000 -9999.000 -9999.000 -9999.000 -9999.000 -9999.000 -9999.000 -9999.000 -9999.000 -9999.000 -9999.000 -9999.000 nan 225.483 197.371 194.929 nan nan nan nan nan nan nan nan nan nan nan nan nan nan nan nan nan nan nan nan nan nan nan nan nan nan nan nan nan nan nan nan nan nan nan nan nan nan nan nan nan nan nan nan nan nan nan nan
-9999.000 -9999.000 -9999.000 -9999.000 -9999.000 -9999.000 -9999.000 -9999.000 -9999.000 -9999.000 -9999.000 -9999.000 -9999.000 -9999.000 -9999.000 -9999.000 -9999.000 -9999.000 -9999.000 -9999.000 -9999.000 38.553 208.834 213.849 nan nan nan nan nan nan nan nan 214.863 208.848 200.230 199.937 199.868 194.586 195.722 193.489 nan nan nan nan nan nan nan nan nan nan nan nan nan nan nan nan nan nan nan nan nan nan nan nan nan nan nan nan nan nan nan nan
-9999.000 -9999.000 -9999.000 -9999.000 -9999.000 -9999.000 -9999.000 -9999.000 -9999.000 -9999.000 -9999.000 -9999.000 -9999.000 -9999.000 -9999.000 -9999.000 -9999.000 -9999.000 -9999.000 -9999.000 -9999.000 -9999.000 nan nan nan nan nan nan nan nan nan 209.701 206.760 183.797 175.039 194.123 178.180 176.940 183.067 187.964 185.252 181.764 nan nan nan nan nan nan nan nan nan nan nan nan nan nan nan nan nan nan nan nan nan nan nan nan nan nan nan nan nan nan
