test_integration/test_sample_run/example/results.meteodistr/output_maps/SWEN0040.asc
ncols         174
nrows         141
xllcorner     744500.000000
yllcorner     5140950.000000
cellsize      250.000000
NODATA_value  -9999.0
[rows 0 to 30 of 141, columns 69 to 137 of 174]
-9999.000 -9999.000 -9999.000 -9999.000 -9999.000 -9999.000 -9999.000 -9999.000 -9999.000 -9999.000 -9999.000 -9999.000 -9999.000 -9999.000 -9999.000 -9999.000 -9999.000 -9999.000 -9999.000 -9999.000 -9999.000 -9999.000 -9999.000 -9999.000 -9999.000 -9999.000 -9999.000 -9999.000 -9999.000 -9999.000 -9999.000 -9999.000 -9999.000 -9999.000 -9999.000 -9999.000 -9999.000 -9999.000 -9999.000 -9999.000 -9999.000 -9999.000 -9999.000 -9999.000 -9999.000 -9999.000 -9999.000 -9999.000 -9999.000 -9999.000 -9999.000 -9999.000 -9999.000 -9999.000 -9999.000 -9999.000 -9999.000 -9999.000 -9999.000 -9999.000 -9999.000 -9999.000 -9999.000 -9999.000 -9999.000 -9999.000 -9999.000 -9999.000 -9999.000
-9999.000 -9999.000 -9999.000 -9999.000 -9999.000 -9999.000 -9999.000 -9999.000 -9999.000 -9999.000 -9999.000 -9999.000 -9999.000 -9999.000 -9999.000 -9999.000 -9999.000 -9999.000 -9999.000 -9999.000 -9999.000 -9999.000 -9999.000 -9999.000 -9999.000 -9999.000 -9999.000 -9999.000 -9999.000 -9999.000 -9999.000 -9999.000 -9999.000 -9999.000 -9999.000 -9999.000 -9999.000 -9999.000 -9999.000 -9999.000 -9999.000 -9999.000 -9999.000 -9999.000 -9999.000 -9999.000 -9999.000 -9999.000 -9999.000 -9999.000 -9999.000 -9999.000 -9999.000 -9999.000 -9999.000 -9999.000 -9999.000 -9999.000 -9999.000 -9999.000 -9999.000 -9999.000 -9999.000 -9999.000 -9999.000 -9999.000 -9999.000 -9999.000 -9999.000
-9999.000 -9999.000 -9999.000 -9999.000 -9999.000 -9999.000 -9999.000 -9999.000 -9999.000 -9999.000 -9999.000 -9999.000 -9999.000 -9999.000 -9999.000 -9999.000 -9999.000 -9999.000 -9999.000 -9999.000 -9999.000 -9999.000 -9999.000 -9999.000 -9999.000 -9999.000 -9999.000 -9999.000 -9999.000 -9999.000 -9999.000 -9999.000 -9999.000 -9999.000 -9999.000 -9999.000 -9999.000 -9999.000 -9999.000 -9999.000 -9999.000 -9999.000 -9999.000 -9999.000 -9999.000 -9999.000 -9999.000 -9999.000 -9999.000 -9999.000 -9999.000 -9999.000 -9999.000 -9999.000 -9999.000 -9999.000 -9999.000 -9999.000 -9999.000 -9999.000 -9999.000 -9999.000 -9999.000 -9999.000 -9999.000 -9999.000 -9999.000 -9999.000 -9999.000
-9999.000 -9999.000 -9999.000 -9999.000 -9999.000 -9999.000 -9999.000 -9999.000 -9999.000 -9999.000 -9999.000 -9999.000 -9999.000 -9999.000 -9999.000 -9999.000 -9999.000 -9999.000 -9999.000 -9999.000 -9999.000 -9999.000 -9999.000 -9999.000 -9999.000 -9999.000 -9999.000 -9999.000 -9999.000 -9999.000 -9999.000 -9999.000 -9999.000 -9999.000 -9999.000 -9999.000 -9999.000 -9999.000 -9999.000 -9999.000 -9999.000 -9999.000 -9999.000 -9999.000 -9999.000 -9999.000 -9999.000 -9999.000 -9999.000 -9999.000 -9999.000 -9999.000 -9999.000 -9999.000 -9999.000 -9999.000 -9999.000 -9999.000 -9999.000 -9999.000 -9999.000 -9999.000 -9999.000 -9999.000 -9999.000 -9999.000 -9999.000 -9999.000 -9999.000
-9999.000 -9999.000 -9999.000 -9999.000 -9999.000 -9999.000 -9999.000 -9999.000 -9999.000 -9999.000 -9999.000 -9999.000 -9999.000 -9999.000 -9999.000 -9999.000 -9999.000 -9999.000 -9999.000 -9999.000 -9999.000 -9999.000 -9999.000 -9999.000 22.131 -9999.000 -9999.000 -9999.000 -9999.000 -9999.000 -9999.000 -9999.000 -9999.000 -9999.000 -9999.000 -9999.000 -9999.000 -9999.000 -9999.000 -9999.000 -9999.000 -9999.000 -9999.000 -9999.000 -9999.000 -9999.000 -9999.000 -9999.000 -9999.000 -9999.000 -9999.000 -9999.000 -9999.000 -9999.000 -9999.000 -9999.000 -9999.000 -9999.000 -9999.000 -9999.000 -9999.000 -9999.000 -9999.000 -9999.000 -9999.000 -9999.000 -9999.000 -9999.000 -9999.000
-9999.000 -9999.000 -9999.000 -9999.000 -9999.000 -9999.000 -9999.000 -9999.000 -9999.000 -9999.000 -9999.000 -9999.000 -9999.000 -9999.000 -9999.000 -9999.000 -9999.000 -9999.000 -9999.000 -9999.000 -9999.000 -9999.000 -9999.000 20.652 20.785 19.639 20.757 18.890 18.707 -9999.000 -9999.000 -9999.000 -9999.000 -9999.000 -9999.000 -9999.000 -9999.000 -9999.000 -9999.000 -9999.000 -9999.000 -9999.000 -9999.000 -9999.000 -9999.000 -9999.000 -9999.000 -9999.000 -9999.000 -9999.000 -9999.000 -9999.000 -9999.000 -9999.000 -9999.000 -9999.000 -9999.000 -9999.000 -9999.000 -9999.000 -9999.000 -9999.000 -9999.000 -9999.000 -9999.000 -9999.000 -9999.000 -9999.000 -9999.000
-9999.000 -9999.000 -9999.000 -9999.000 -9999.000 -9999.000 -9999.000 -9999.000 -9999.000 -9999.000 -9999.000 -9999.000 -9999.000 -9999.000 -9999.000 -9999.000 -9999.000 23.854 23.057 21.930 20.986 20.303 19.437 21.271 21.442 20.324 20.005 19.955 18.776 20.531 20.806 -9999.000 -9999.000 -9999.000 -9999.000 -9999.000 -9999.000 -9999.000 -9999.000 -9999.000 -9999.000 -9999.000 -9999.000 -9999.000 -9999.000 -9999.000 -9999.000 -9999.000 -9999.000 -9999.000 -9999.000 -9999.000 -9999.000 -9999.000 -9999.000 -9999.000 -9999.000 -9999.000 -9999.000 -9999.000 -9999.000 -9999.000 -9999.000 -9999.000 -9999.000 -9999.000 -9999.000 -9999.000 -9999.000
-9999.000 -9999.000 -9999.000 -9999.000 -9999.000 -9999.000 -9999.000 -9999.000 -9999.000 -9999.000 -9999.000 -9999.000 -9999.000 -9999.000 -9999.000 -9999.000 -9999.000 23.207 22.368 21.104 20.320 18.976 19.408 20.579 21.105 19.830 18.507 19.329 17.503 20.481 20.131 18.952 -9999.000 -9999.000 -9999.000 -9999.000 -9999.000 -9999.000 -9999.000 -9999.000 -9999.000 -9999.000 -9999.000 -9999.000 -9999.000 -9999.000 -9999.000 -9999.000 -9999.000 -9999.000 -9999.000 -9999.000 -9999.000 -9999.000 -9999.000 -9999.000 -9999.000 -9999.000 -9999.000 -9999.000 -9999.000 -9999.000 -9999.000 -9999.000 -9999.000 -9999.000 -9999.000 -9999.000 -9999.000
-9999.000 -9999.000 -9999.000 -9999.000 -9999.000 -9999.000 -9999.000 -9999.000 -9999.000 25.461 24.681 -9999.000 -9999.000 -9999.000 -9999.000 -9999.000 23.593 22.353 21.283 20.533 20.793 20.234 18.673 18.753 19.406 18.982 18.631 18.176 17.584 19.110 20.258 18.737 16.837 -9999.000 -9999.000 -9999.000 -9999.000 -9999.000 -9999.000 -9999.000 -9999.000 -9999.000 -9999.000 -9999.000 -9999.000 -9999.000 -9999.000 -9999.000 -9999.000 -9999.000 -9999.000 -9999.000 -9999.000 -9999.000 -9999.000 -9999.000 -9999.000 -9999.000 -9999.000 -9999.000 -9999.000 -9999.000 -9999.000 -9999.000 -9999.000 -9999.000 -9999.000 -9999.000 -9999.000
-9999.000 -9999.000 -9999.000 -9999.000 -9999.000 -9999.000 -9999.000 25.416 24.947 23.922 23.769 23.214 23.568 23.876 23.867 23.193 25.527 22.811 21.761 21.015 20.432 19.251 19.204 17.245 16.943 17.773 18.412 17.020 16.378 18.215 17.933 17.786 17.066 18.077 -9999.000 -9999.000 -9999.000 -9999.000 -9999.000 -9999.000 -9999.000 -9999.000 -9999.000 -9999.000 -9999.000 -9999.000 -9999.000 -9999.000 -9999.000 -9999.000 -9999.000 -9999.000 -9999.000 -9999.000 -9999.000 -9999.000 -9999.000 -9999.000 -9999.000 -9999.000 -9999.000 -9999.000 -9999.000 -9999.000 -9999.000 -9999.000 -9999.000 -9999.000 -9999.000
-9999.000 -9999.000 -9999.000 -9999.000 -9999.000 23.211 25.324 24.975 24.336 22.949 22.212 22.727 22.825 23.146 22.599 22.758 24.257 23.225 22.075 21.560 21.027 18.537 18.397 18.745 18.479 17.501 17.269 17.295 16.130 16.422 16.357 17.274 17.531 16.492 16.142 -9999.000 -9999.000 -9999.000 -9999.000 -9999.000 -9999.000 -9999.000 -9999.000 -9999.000 -9999.000 -9999.000 -9999.000 -9999.000 -9999.000 -9999.000 -9999.000 -9999.000 -9999.000 -9999.000 -9999.000 -9999.000 -9999.000 -9999.000 -9999.000 -9999.000 -9999.000 -9999.000 -9999.000 -9999.000 -9999.000 -9999.000 -9999.000 -9999.000 -9999.000
-9999.000 -9999.000 -9999.000 -9999.000 20.152 21.968 23.178 24.044 23.432 22.911 21.858 21.470 21.432 22.295 21.348 21.340 21.911 24.457 22.842 21.390 20.806 19.706 18.844 18.049 17.753 17.295 16.924 16.581 15.172 15.139 15.794 16.841 16.002 16.329 15.975 16.064 17.214 -9999.000 -9999.000 -9999.000 -9999.000 -9999.000 -9999.000 -9999.000 -9999.000 -9999.000 -9999.000 -9999.000 -9999.000 -9999.000 -9999.000 -9999.000 -9999.000 -9999.000 -9999.000 -9999.000 -9999.000 -9999.000 -9999.000 -9999.000 13.889 13.326 13.335 -9999.000 -9999.000 -9999.000 -9999.000 -9999.000 -9999.000
-9999.000 -9999.000 -9999.000 16.557 18.692 20.282 21.481 22.712 22.738 22.161 21.645 20.787 20.807 21.167 20.921 20.967 20.729 22.747 23.312 21.218 20.841 19.732 19.439 19.169 18.205 16.793 16.246 16.801 16.485 15.610 15.233 15.958 15.878 16.741 16.896 16.862 17.745 16.877 -9999.000 -9999.000 -9999.000 -9999.000 -9999.000 -9999.000 -9999.000 -9999.000 -9999.000 -9999.000 -9999.000 -9999.000 -9999.000 -9999.000 -9999.000 -9999.000 -9999.000 -9999.000 -9999.000 -9999.000 -9999.000 13.651 13.321 13.562 13.077 13.123 -9999.000 -9999.000 -9999.000 -9999.000 -9999.000
-9999.000 -9999.000 12.413 13.928 16.383 18.138 19.049 19.883 21.078 21.092 20.566 19.649 19.410 19.784 19.838 20.534 20.099 20.633 22.328 22.275 21.063 20.854 20.391 19.140 18.865 18.110 17.102 16.112 16.439 16.124 15.772 14.891 14.721 15.695 16.187 16.366 17.317 16.294 14.872 17.521 -9999.000 -9999.000 -9999.000 -9999.000 -9999.000 -9999.000 -9999.000 -9999.000 -9999.000 -9999.000 -9999.000 -9999.000 -9999.000 -9999.000 -9999.000 -9999.000 16.228 14.597 13.754 13.121 12.878 12.790 13.004 12.974 14.566 -9999.000 -9999.000 -9999.000 -9999.000
-9999.000 -9999.000 10.003 12.060 14.021 15.548 16.113 16.138 17.304 19.772 19.765 19.303 18.242 18.036 18.944 19.107 19.603 19.768 20.073 23.019 22.099 20.752 19.742 19.362 18.982 17.524 17.200 16.537 16.203 15.552 15.630 15.694 14.686 14.781 14.856 15.664 16.698 15.865 14.719 16.884 17.129 -9999.000 -9999.000 -9999.000 -9999.000 -9999.000 -9999.000 13.429 14.883 14.403 14.467 13.566 12.736 13.302 13.709 13.734 14.928 14.731 13.494 12.624 12.067 12.247 11.645 12.320 13.210 13.650 -9999.000 -9999.000 -9999.000
-9999.000 8.297 8.823 9.912 11.788 13.292 14.178 14.910 14.967 17.103 18.667 18.042 17.707 17.446 17.127 18.027 18.559 18.879 18.342 21.200 21.828 20.455 20.203 19.597 19.328 18.456 17.481 17.153 16.847 16.179 15.688 15.119 15.374 14.409 15.333 15.268 14.987 14.728 14.355 15.277 15.972 13.924 -9999.000 -9999.000 -9999.000 -9999.000 19.950 15.779 11.777 12.638 14.209 13.775 13.030 13.349 13.499 13.540 13.908 12.995 12.495 11.427 12.195 11.974 11.359 11.973 11.993 12.679 13.256 13.293 12.030
8.154 8.337 8.885 9.778 11.207 12.783 14.003 14.854 14.975 15.299 16.450 17.517 17.444 17.282 16.490 17.633 18.045 18.524 17.998 19.208 21.864 20.354 20.095 19.579 18.447 19.281 18.558 18.240 17.468 16.418 15.886 15.046 15.199 14.323 14.296 14.524 14.395 14.652 13.568 13.598 15.112 14.151 13.061 14.246 15.370 16.645 17.941 15.803 15.781 13.245 12.489 13.135 13.391 13.184 13.273 13.826 13.206 12.238 11.630 11.228 11.881 11.220 10.789 11.772 11.566 12.223 12.118 12.338 11.730
8.531 8.655 9.191 10.045 11.018 11.981 12.838 13.814 14.198 14.584 15.001 16.733 16.982 16.787 16.256 16.124 17.187 18.049 18.104 18.050 20.263 20.968 20.564 19.378 19.972 19.415 19.462 18.690 17.634 16.675 16.311 15.082 14.587 14.694 13.938 14.468 14.536 14.558 13.807 13.222 13.953 14.667 13.870 14.585 15.114 16.564 17.636 14.391 14.295 14.533 13.990 12.655 13.171 12.589 12.628 13.473 12.691 11.840 11.348 11.536 11.125 11.138 10.585 10.886 11.224 11.553 11.371 11.666 11.136
8.904 8.509 9.100 10.343 11.388 12.335 12.279 12.616 13.922 14.121 14.485 15.549 16.544 16.330 16.152 16.151 16.010 16.921 17.957 18.044 18.102 21.217 21.295 21.209 20.276 19.440 19.070 18.389 17.631 16.616 16.016 15.194 14.629 14.523 14.425 13.990 14.313 14.748 14.438 14.899 14.650 14.764 13.838 14.532 15.269 17.167 15.561 15.468 15.206 14.426 13.386 12.478 13.030 12.501 11.650 11.172 11.383 11.369 11.113 10.715 10.828 11.112 10.681 10.614 10.981 11.345 10.636 10.699 10.820
10.590 10.253 9.211 9.754 11.122 12.090 13.077 13.226 13.099 13.789 13.727 14.450 15.668 15.831 15.590 15.930 16.566 16.446 15.954 17.250 18.280 18.642 19.536 20.567 20.708 18.610 18.494 18.253 17.412 15.917 15.482 14.579 14.315 14.654 13.281 14.538 14.839 14.552 14.464 14.624 14.921 14.634 14.608 14.608 15.732 15.076 14.195 15.221 15.668 14.961 14.021 12.356 11.478 11.919 12.260 11.007 10.399 9.889 10.342 10.438 10.456 10.745 10.513 10.546 10.489 11.054 9.840 9.927 10.200
11.142 11.087 10.897 9.494 11.024 11.604 12.786 13.231 13.769 13.209 14.016 13.694 14.739 15.462 15.321 15.563 15.359 16.264 17.025 17.313 16.198 17.219 18.091 19.113 20.902 19.056 17.988 17.583 17.264 15.779 15.349 13.996 14.121 14.325 13.535 14.229 16.249 15.907 16.169 14.544 14.140 14.746 15.001 15.183 16.337 15.805 14.921 13.870 13.333 14.390 14.460 13.650 13.387 12.859 12.344 11.411 11.216 10.831 10.719 10.622 10.532 10.347 10.106 10.273 9.945 10.368 9.922 10.114 10.411
10.385 11.494 10.870 10.471 10.810 11.617 12.661 12.890 13.125 13.859 13.457 13.478 13.540 15.040 14.749 15.270 15.384 15.769 16.223 15.483 16.176 16.706 16.898 18.581 20.080 18.000 17.939 17.311 16.287 16.187 14.406 13.219 14.198 14.056 14.553 14.955 15.262 15.485 15.541 15.936 15.296 14.715 15.257 15.931 16.336 15.524 14.803 13.699 13.075 12.392 11.646 11.422 11.233 11.246 11.229 11.603 11.346 10.865 10.841 10.603 10.386 10.086 9.816 9.702 9.939 9.368 9.711 9.880 10.292
10.463 10.623 10.818 10.143 11.012 11.629 12.173 12.536 12.934 13.094 13.546 13.518 13.003 14.231 14.539 14.126 14.871 14.595 15.481 16.152 15.655 16.379 17.057 18.925 19.265 18.133 17.158 16.211 16.325 15.590 14.734 13.197 14.172 13.596 13.496 14.621 15.689 14.365 13.868 15.191 15.681 16.648 15.121 13.920 14.111 14.331 13.964 13.416 13.562 13.534 13.185 12.614 12.333 11.490 11.368 11.230 10.833 10.457 10.643 10.514 10.347 10.186 9.988 9.451 9.938 9.510 9.276 9.717 9.983
10.737 10.483 10.272 11.367 11.300 11.610 11.673 12.059 12.419 12.627 13.134 13.411 13.351 12.769 14.023 13.719 14.019 14.057 13.996 15.767 16.142 17.012 17.817 17.275 18.683 18.703 17.610 16.611 15.622 14.738 14.005 13.344 13.849 13.307 12.920 14.712 14.075 14.432 13.861 14.387 15.055 14.709 13.327 13.770 15.053 12.989 12.650 12.627 13.689 13.174 12.926 11.873 12.041 11.351 10.862 10.712 10.691 11.203 10.431 10.315 10.235 10.056 9.876 9.698 9.263 9.485 9.322 9.101 9.500
11.279 11.127 11.388 11.538 11.452 11.612 11.869 11.964 12.168 12.412 12.671 13.117 13.241 13.076 12.946 13.568 13.634 14.422 14.588 15.577 15.813 16.533 16.780 17.029 17.500 19.030 17.457 16.651 15.528 14.505 14.111 13.527 13.666 13.413 13.047 13.860 14.299 13.655 12.665 12.484 13.087 12.486 14.096 19.267 17.373 17.484 15.181 12.987 12.891 13.067 12.737 12.315 11.577 12.227 11.744 12.155 11.399 10.165 10.883 10.608 10.200 9.717 9.738 9.601 9.432 9.416 9.036 9.138 9.113
11.444 11.521 11.597 11.555 11.545 11.753 11.898 12.046 12.177 12.304 12.361 12.622 12.765 12.865 12.788 13.090 13.021 13.686 14.498 15.235 15.457 15.895 16.065 16.388 16.610 18.435 17.324 15.441 15.190 14.789 14.101 13.339 13.508 13.368 13.411 13.163 12.817 12.884 12.910 15.105 15.461 16.685 19.279 18.803 16.062 15.818 15.631 15.457 14.916 15.026 13.450 13.032 12.281 12.894 12.739 11.852 10.826 10.568 10.887 10.915 10.486 9.934 9.649 9.461 9.354 9.235 9.023 8.928 8.581
9.462 10.830 11.603 11.767 11.568 11.569 11.688 11.939 12.030 12.200 12.352 12.418 12.505 12.716 12.740 13.017 12.816 13.065 13.847 15.043 15.344 15.304 15.220 15.700 15.736 17.613 17.451 15.426 14.670 14.015 13.925 13.590 13.299 13.070 12.558 12.841 13.030 13.485 12.672 12.274 13.969 14.609 14.659 15.696 15.337 15.228 15.654 15.489 15.241 14.240 14.719 15.356 13.646 14.255 12.053 11.008 11.566 11.463 11.143 10.708 10.488 10.120 9.534 9.314 9.278 9.113 8.962 8.679 8.651
9.720 10.130 11.236 11.613 11.688 11.666 11.361 12.092 12.290 11.906 12.131 12.308 12.373 12.424 12.498 12.560 12.547 12.582 12.855 14.192 14.201 14.104 14.633 15.124 15.219 16.639 17.196 15.705 15.186 14.048 13.707 13.135 12.612 12.584 11.752 12.664 13.602 13.170 12.729 12.683 12.795 12.906 13.487 12.726 12.786 14.467 15.613 15.165 14.344 13.689 12.919 13.163 15.157 14.153 12.570 11.185 10.443 10.842 10.968 10.611 10.251 9.808 9.623 9.146 9.176 9.001 8.861 8.721 8.598
11.201 10.121 12.115 11.893 11.579 11.706 11.776 11.380 12.498 12.147 11.935 11.663 12.262 12.274 12.367 12.404 12.388 12.534 12.528 13.100 13.576 14.134 14.040 14.887 15.452 15.764 17.341 16.200 15.197 14.126 13.803 13.448 12.435 12.106 12.010 11.823 13.394 13.714 13.196 13.484 13.878 13.958 13.848 13.541 12.720 13.764 13.795 15.429 14.134 13.757 12.968 12.572 14.047 13.680 12.471 10.776 10.259 10.163 10.505 10.384 9.754 9.479 9.309 9.204 9.067 8.922 8.774 8.658 8.563
12.476 12.385 12.740 12.580 13.069 12.767 13.278 11.550 12.189 13.004 12.826 12.134 12.035 12.168 12.094 12.174 12.047 12.318 12.546 12.609 13.243 14.075 14.308 14.650 14.701 15.049 16.530 16.741 15.527 14.707 13.954 13.567 12.687 11.589 12.289 11.527 12.660 13.440 12.984 13.224 13.752 13.752 13.140 13.560 12.696 12.841 12.503 14.828 13.169 12.887 13.283 13.247 11.926 10.587 10.513 10.230 10.728 10.181 10.280 9.966 9.772 9.581 9.257 9.132 8.989 8.841 8.668 8.623 8.597
13.897 12.011 11.729 13.824 13.984 13.472 13.619 13.712 12.169 12.961 13.296 12.757 12.570 12.349 11.819 12.004 12.105 12.252 12.134 12.658 13.398 14.054 13.953 14.339 14.438 14.556 16.070 16.309 15.011 14.281 14.034 13.660 12.634 11.481 12.274 11.904 11.853 12.580 12.710 12.543 12.613 12.791 12.753 13.226 13.389 13.023 11.721 12.361 15.434 11.012 13.491 12.286 10.527 9.915 10.111 10.468 10.483 10.262 10.154 9.828 9.674 9.437 9.263 9.057 8.912 8.762 8.586 8.519 8.233
