test_integration/test_sample_run/example/results.meteodistr/output_maps/SWEN0070.asc
ncols         174
nrows         141
xllcorner     744500.000000
yllcorner     5140950.000000
cellsize      250.000000
NODATA_value  -9999.0
[rows 31 to 61 of 141, columns 0 to 69 of 174]
-9999.000 -9999.000 -9999.000 -9999.000 -9999.000 -9999.000 -9999.000 -9999.000 -9999.000 -9999.000 -9999.000 -9999.000 -9999.000 -9999.000 -9999.000 -9999.000 -9999.000 -9999.000 -9999.000 -9999.000 -9999.000 -9999.000 -9999.000 -9999.000 -9999.000 -9999.000 -9999.000 -9999.000 -9999.000 -9999.000 -9999.000 -9999.000 -9999.000 -9999.000 -9999.000 -9999.000 -9999.000 6.754 1.703 12.077 13.997 13.265 11.426 13.513 14.380 4.985 2.491 8.116 -9999.000 -9999.000 -9999.000 -9999.000 -9999.000 -9999.000 -9999.000 -9999.000 -9999.000 -9999.000 -9999.000 6.563 10.906 12.440 11.173 9.252 14.304 18.224 15.538 10.637 10.373 13.845
-9999.000 -9999.000 -9999.000 -9999.000 -9999.000 -9999.000 -9999.000 -9999.000 -9999.000 -9999.000 -9999.000 -9999.000 -9999.000 -9999.000 -9999.000 -9999.000 -9999.000 -9999.000 -9999.000 -9999.000 -9999.000 -9999.000 -9999.000 -9999.000 -9999.000 -9999.000 -9999.000 -9999.000 -9999.000 -9999.000 -9999.000 -9999.000 -9999.000 -9999.000 -9999.000 -9999.000 9.330 10.436 14.279 13.332 13.586 11.559 9.400 9.385 7.907 6.293 12.011 10.938 9.293 -9999.000 -9999.000 -9999.000 -9999.000 -9999.000 -9999.000 -9999.000 0.000 4.510 8.841 13.485 12.078 11.011 8.205 10.557 13.054 15.043 22.256 12.036 10.277 12.106
-9999.000 -9999.000 -9999.000 -9999.000 -9999.000 -9999.000 -9999.000 -9999.000 -9999.000 -9999.000 -9999.000 -9999.000 -9999.000 -9999.000 -9999.000 -9999.000 -9999.000 -9999.000 -9999.000 -9999.000 -9999.000 -9999.000 -9999.000 -9999.000 -9999.000 -9999.000 -9999.000 -9999.000 -9999.000 -9999.000 -9999.000 -9999.000 -9999.000 -9999.000 -9999.000 5.903 10.126 13.238 14.598 15.331 10.725 9.426 8.850 5.144 3.766 4.813 9.651 9.311 5.897 5.129 6.154 15.297 8.933 10.284 6.075 2.890 0.000 8.983 10.908 10.900 9.783 11.644 6.524 9.034 13.618 14.281 11.140 14.029 12.685 14.886
-9999.000 -9999.000 -9999.000 -9999.000 -9999.000 -9999.000 -9999.000 -9999.000 -9999.000 -9999.000 -9999.000 -9999.000 -9999.000 -9999.000 -9999.000 -9999.000 -9999.000 -9999.000 -9999.000 -9999.000 -9999.000 -9999.000 -9999.000 -9999.000 -9999.000 -9999.000 -9999.000 -9999.000 -9999.000 -9999.000 -9999.000 -9999.000 -9999.000 1.134 3.927 7.174 11.517 11.365 13.259 15.427 10.796 11.840 7.079 4.886 5.546 9.884 12.485 12.993 13.764 15.649 11.913 11.556 10.933 14.304 15.085 14.517 11.195 10.122 7.980 6.834 10.870 10.559 4.676 8.612 10.791 10.567 9.274 10.626 16.817 15.163
-9999.000 -9999.000 -9999.000 -9999.000 -9999.000 -9999.000 -9999.000 -9999.000 -9999.000 -9999.000 -9999.000 -9999.000 -9999.000 -9999.000 -9999.000 -9999.000 -9999.000 -9999.000 -9999.000 -9999.000 -9999.000 -9999.000 -9999.000 -9999.000 -9999.000 -9999.000 -9999.000 -9999.000 -9999.000 -9999.000 -9999.000 -9999.000 2.496 1.960 9.404 10.784 10.538 8.364 13.406 14.452 11.821 11.086 5.925 6.888 8.664 10.456 11.792 11.507 15.279 17.423 13.896 10.274 18.906 11.414 14.551 15.081 12.370 12.116 5.447 7.062 10.748 10.175 7.726 8.443 8.477 8.211 10.097 11.557 17.868 15.595
-9999.000 -9999.000 -9999.000 -9999.000 -9999.000 -9999.000 -9999.000 -9999.000 -9999.000 -9999.000 -9999.000 -9999.000 -9999.000 -9999.000 -9999.000 -9999.000 -9999.000 -9999.000 -9999.000 -9999.000 -9999.000 -9999.000 -9999.000 -9999.000 -9999.000 -9999.000 -9999.000 -9999.000 -9999.000 -9999.000 -9999.000 -9999.000 -9999.000 5.241 9.194 8.402 9.868 10.281 9.129 10.356 10.133 8.784 6.996 8.414 9.677 11.051 11.236 13.527 11.153 11.436 16.944 16.782 11.563 13.273 15.450 12.760 11.863 12.617 10.207 6.284 6.672 6.818 8.146 8.144 6.885 11.277 13.857 12.629 15.573 14.318
-9999.000 -9999.000 -9999.000 -9999.000 -9999.000 -9999.000 -9999.000 -9999.000 -9999.000 -9999.000 -9999.000 -9999.000 -9999.000 -9999.000 -9999.000 -9999.000 -9999.000 -9999.000 -9999.000 -9999.000 -9999.000 -9999.000 -9999.000 -9999.000 -9999.000 -9999.000 -9999.000 -9999.000 -9999.000 -9999.000 -9999.000 -9999.000 -9999.000 11.493 13.654 9.695 5.799 8.196 1.929 6.632 7.860 11.820 7.125 8.990 8.873 9.834 11.552 9.633 11.252 13.719 14.575 18.420 9.692 4.314 7.759 11.479 12.699 11.092 11.661 6.900 0.466 2.913 7.488 7.040 8.474 11.764 12.864 14.841 12.281 11.576
-9999.000 -9999.000 -9999.000 -9999.000 -9999.000 -9999.000 -9999.000 -9999.000 -9999.000 -9999.000 -9999.000 -9999.000 -9999.000 -9999.000 -9999.000 -9999.000 -9999.000 -9999.000 -9999.000 -9999.000 -9999.000 -9999.000 -9999.000 -9999.000 -9999.000 -9999.000 -9999.000 -9999.000 -9999.000 -9999.000 -9999.000 -9999.000 -9999.000 12.502 12.921 11.392 11.255 2.581 4.071 3.467 3.555 6.330 6.051 8.288 9.973 10.623 10.239 11.586 13.288 14.127 10.425 10.251 9.302 10.727 5.319 7.973 16.098 10.361 9.474 9.709 3.675 3.666 7.013 6.565 9.216 10.455 15.168 19.099 9.567 10.574
-9999.000 -9999.000 -9999.000 -9999.000 -9999.000 -9999.000 -9999.000 -9999.000 -9999.000 -9999.000 -9999.000 -9999.000 -9999.000 -9999.000 -9999.000 -9999.000 -9999.000 -9999.000 -9999.000 -9999.000 -9999.000 -9999.000 -9999.000 -9999.000 -9999.000 -9999.000 -9999.000 -9999.000 -9999.000 -9999.000 -9999.000 -9999.000 -9999.000 2.944 11.443 11.966 9.673 5.105 2.821 0.000 1.402 0.489 4.704 7.465 10.327 12.503 9.140 10.548 11.949 9.590 8.311 9.126 13.356 12.288 7.763 7.286 10.030 12.374 9.410 10.257 3.909 4.481 6.863 4.851 8.848 12.215 12.699 16.888 8.901 6.214
-9999.000 -9999.000 -9999.000 -9999.000 -9999.000 -9999.000 -9999.000 -9999.000 -9999.000 -9999.000 -9999.000 -9999.000 -9999.000 -9999.000 -9999.000 -9999.000 -9999.000 -9999.000 -9999.000 -9999.000 -9999.000 -9999.000 -9999.000 -9999.000 -9999.000 -9999.000 -9999.000 -9999.000 -9999.000 -9999.000 -9999.000 -9999.000 0.000 0.000 4.437 4.944 3.343 9.238 11.651 9.725 6.355 2.028 2.866 6.920 8.756 11.882 6.904 7.660 8.853 9.161 9.553 11.291 12.832 12.255 10.056 6.047 6.903 10.781 11.186 8.697 6.251 8.610 6.244 5.613 6.584 10.204 13.502 10.840 10.758 11.145
-9999.000 -9999.000 -9999.000 -9999.000 -9999.000 -9999.000 -9999.000 -9999.000 -9999.000 -9999.000 -9999.000 -9999.000 -9999.000 -9999.000 -9999.000 -9999.000 -9999.000 -9999.000 -9999.000 -9999.000 -9999.000 -9999.000 -9999.000 -9999.000 -9999.000 -9999.000 -9999.000 -9999.000 -9999.000 -9999.000 -9999.000 0.000 0.000 3.446 6.785 8.840 12.427 11.636 11.194 10.682 10.615 7.042 3.746 5.909 7.110 8.432 2.568 7.492 6.392 6.099 9.660 7.901 9.624 11.957 8.787 2.093 5.435 6.544 7.679 5.873 8.255 7.747 6.413 6.193 7.894 9.873 12.266 8.754 9.502 8.300
-9999.000 -9999.000 -9999.000 -9999.000 -9999.000 -9999.000 -9999.000 -9999.000 -9999.000 -9999.000 -9999.000 -9999.000 -9999.000 -9999.000 -9999.000 -9999.000 -9999.000 -9999.000 -9999.000 -9999.000 -9999.000 -9999.000 -9999.000 -9999.000 -9999.000 -9999.000 -9999.000 -9999.000 -9999.000 -9999.000 0.576 3.517 12.931 13.222 11.730 12.549 11.227 9.979 10.259 9.765 9.822 9.614 6.183 4.681 4.105 0.000 1.605 6.500 3.127 4.402 5.453 6.144 7.596 8.994 8.077 8.278 5.459 6.124 13.670 10.321 7.259 6.233 7.715 7.876 6.452 10.454 9.101 9.064 8.235 6.887
-9999.000 -9999.000 -9999.000 -9999.000 -9999.000 -9999.000 -9999.000 -9999.000 -9999.000 -9999.000 -9999.000 -9999.000 -9999.000 -9999.000 -9999.000 -9999.000 -9999.000 -9999.000 -9999.000 -9999.000 -9999.000 -9999.000 -9999.000 -9999.000 -9999.000 -9999.000 -9999.000 -9999.000 -9999.000 -9999.000 3.526 14.469 13.260 13.350 13.111 12.521 10.450 11.024 11.844 10.812 8.038 7.289 5.971 5.135 0.000 0.000 2.160 0.350 1.982 0.000 2.012 7.475 5.820 4.834 7.871 8.070 3.544 6.752 9.982 10.352 7.243 6.719 7.194 7.266 9.696 8.284 6.329 6.313 2.169 4.010
-9999.000 -9999.000 -9999.000 -9999.000 -9999.000 -9999.000 -9999.000 -9999.000 -9999.000 -9999.000 -9999.000 -9999.000 -9999.000 -9999.000 -9999.000 -9999.000 -9999.000 -9999.000 -9999.000 -9999.000 -9999.000 -9999.000 -9999.000 -9999.000 -9999.000 -9999.000 -9999.000 -9999.000 -9999.000 -9999.000 13.766 13.730 14.953 12.960 13.994 12.668 10.936 14.816 10.193 7.157 1.907 4.843 9.780 9.371 10.242 8.976 4.288 0.730 0.000 0.577 2.247 2.814 3.983 2.300 6.248 1.553 6.259 8.029 4.993 7.740 3.334 3.794 7.477 6.406 9.152 12.132 4.029 3.023 0.000 5.570
-9999.000 -9999.000 -9999.000 -9999.000 -9999.000 -9999.000 -9999.000 -9999.000 -9999.000 -9999.000 -9999.000 -9999.000 -9999.000 -9999.000 -9999.000 -9999.000 -9999.000 -9999.000 -9999.000 -9999.000 -9999.000 -9999.000 8.801 9.550 7.992 8.748 10.007 -9999.000 -9999.000 -9999.000 14.052 14.312 15.233 12.650 14.064 11.703 16.149 9.716 4.575 2.425 5.924 9.982 9.792 9.331 9.188 9.432 9.564 8.872 3.690 1.969 0.782 1.497 0.681 0.875 0.453 0.755 6.254 2.974 0.806 0.577 0.000 0.000 6.339 7.862 10.421 11.040 3.820 0.000 4.547 6.774
-9999.000 -9999.000 -9999.000 -9999.000 -9999.000 -9999.000 -9999.000 -9999.000 -9999.000 -9999.000 -9999.000 -9999.000 -9999.000 -9999.000 -9999.000 -9999.000 -9999.000 -9999.000 -9999.000 -9999.000 -9999.000 8.419 9.817 13.255 13.642 12.978 13.283 11.043 -9999.000 9.826 15.198 15.406 15.355 16.940 13.722 15.059 9.063 8.920 4.741 4.681 9.407 9.603 8.922 11.366 9.413 8.637 9.000 8.070 8.974 5.332 2.988 2.614 0.000 0.000 0.000 0.830 0.000 0.000 0.000 0.000 0.000 2.794 5.697 8.245 8.683 9.610 7.232 5.304 5.905 8.301
-9999.000 -9999.000 -9999.000 -9999.000 -9999.000 -9999.000 -9999.000 -9999.000 -9999.000 -9999.000 -9999.000 -9999.000 -9999.000 -9999.000 -9999.000 -9999.000 -9999.000 -9999.000 -9999.000 6.075 6.695 9.590 13.471 13.681 13.008 14.226 14.511 15.740 15.222 12.814 14.707 14.067 12.604 11.075 13.078 8.161 3.010 4.328 2.941 7.013 10.323 8.911 10.852 11.403 10.325 9.703 9.393 8.394 7.613 5.951 2.410 0.000 0.000 0.000 0.000 0.000 0.000 0.000 0.000 0.000 0.000 4.803 5.698 6.243 3.839 7.131 3.592 1.362 7.132 7.429
-9999.000 -9999.000 -9999.000 -9999.000 -9999.000 -9999.000 -9999.000 -9999.000 -9999.000 -9999.000 -9999.000 -9999.000 -9999.000 -9999.000 -9999.000 -9999.000 0.738 1.150 2.738 6.284 12.517 12.202 13.584 13.798 13.774 11.545 14.403 13.616 14.279 16.918 14.572 12.719 11.366 7.702 5.436 5.464 4.084 3.681 7.696 10.708 9.898 10.425 11.038 11.008 10.999 12.231 11.118 10.820 6.972 7.327 4.265 1.633 1.241 0.853 2.406 2.761 2.761 2.605 0.000 0.000 3.545 2.971 2.680 0.000 4.266 3.455 0.903 1.739 8.151 7.733
-9999.000 -9999.000 -9999.000 -9999.000 -9999.000 -9999.000 -9999.000 -9999.000 -9999.000 -9999.000 -9999.000 -9999.000 -9999.000 -9999.000 -9999.000 -9999.000 0.000 9.490 11.305 11.763 12.964 12.759 13.094 13.323 14.652 13.562 10.805 14.279 18.205 16.718 18.515 12.393 11.432 6.176 5.069 3.956 4.913 7.908 11.126 10.065 11.528 10.102 11.986 14.130 12.433 9.587 8.316 2.771 3.259 6.170 2.945 4.846 3.701 3.804 2.969 2.324 2.250 2.349 3.327 4.132 3.279 0.000 0.000 0.000 0.713 0.000 0.000 6.348 7.743 6.733
-9999.000 -9999.000 -9999.000 -9999.000 -9999.000 -9999.000 -9999.000 -9999.000 -9999.000 -9999.000 -9999.000 -9999.000 -9999.000 -9999.000 -9999.000 0.572 0.939 11.194 11.124 11.993 12.302 12.399 12.994 12.867 12.615 15.539 14.547 11.316 13.697 16.741 11.873 10.429 7.799 7.670 6.647 8.239 11.658 11.042 10.344 11.786 12.142 10.542 11.150 8.990 6.253 6.419 5.737 3.978 2.386 1.818 3.443 5.174 6.959 8.380 8.005 7.781 7.805 7.619 7.500 7.915 5.471 3.818 0.287 0.000 0.000 0.000 0.000 5.426 5.434 4.856
-9999.000 -9999.000 -9999.000 -9999.000 -9999.000 -9999.000 -9999.000 -9999.000 -9999.000 -9999.000 -9999.000 -9999.000 -9999.000 -9999.000 0.000 2.046 10.829 11.064 11.516 12.223 12.090 12.242 12.417 12.405 12.128 13.799 15.326 14.958 12.746 14.687 10.075 10.809 8.602 9.299 9.224 12.202 11.939 11.122 12.163 13.603 11.907 13.901 6.703 5.860 0.573 3.517 0.980 1.978 0.303 2.097 5.768 7.973 8.124 8.033 8.084 7.847 7.746 7.683 7.946 7.712 6.159 5.105 1.864 0.555 0.000 0.000 0.928 3.178 3.460 3.643
-9999.000 -9999.000 -9999.000 -9999.000 -9999.000 -9999.000 -9999.000 -9999.000 -9999.000 -9999.000 -9999.000 -9999.000 -9999.000 0.000 1.151 10.922 10.690 11.188 11.401 11.830 12.373 12.695 12.467 12.081 12.503 12.545 14.590 17.271 9.706 8.276 7.824 10.446 10.158 11.113 11.897 11.904 12.800 12.582 13.787 13.512 12.898 10.958 5.421 5.273 5.208 3.971 1.164 1.709 1.261 3.074 7.426 8.267 8.001 8.534 8.595 9.091 8.654 9.095 9.117 7.865 7.561 7.707 4.091 3.434 1.863 0.497 2.037 0.167 0.000 0.067
-9999.000 -9999.000 -9999.000 -9999.000 -9999.000 -9999.000 -9999.000 -9999.000 -9999.000 -9999.000 -9999.000 -9999.000 0.000 0.804 9.226 10.660 10.383 10.945 11.366 11.760 12.812 12.863 13.375 12.681 12.565 12.711 11.014 11.226 11.902 10.016 10.672 10.549 11.856 12.720 12.374 13.387 13.307 13.558 13.898 13.282 10.576 5.421 3.402 5.111 8.307 5.375 3.004 2.637 5.175 5.761 8.235 8.077 8.891 9.399 9.454 9.819 9.838 9.753 9.830 8.499 7.967 7.875 5.598 4.382 3.023 2.229 1.253 0.000 0.000 0.000
-9999.000 -9999.000 -9999.000 -9999.000 0.685 -9999.000 -9999.000 -9999.000 -9999.000 -9999.000 -9999.000 0.000 0.000 9.453 10.247 9.443 10.674 11.026 11.583 11.286 12.283 12.248 13.050 12.167 10.625 8.522 7.665 8.567 11.806 12.279 11.151 10.892 12.902 13.197 13.790 13.792 13.652 12.910 11.306 7.773 3.964 3.910 5.698 6.755 8.109 6.044 4.701 2.745 4.492 6.333 8.433 8.495 9.552 10.075 10.263 10.772 11.623 10.721 8.509 8.190 4.281 4.278 4.393 6.804 6.183 5.981 3.286 2.854 1.263 0.000
-9999.000 -9999.000 -9999.000 -9999.000 0.000 0.000 0.000 0.000 0.000 0.176 0.000 0.000 8.960 11.034 10.384 10.346 10.194 10.540 11.313 11.249 11.980 12.252 11.671 10.910 8.226 6.532 8.301 8.038 9.999 12.143 12.219 11.917 13.665 13.544 13.690 14.028 13.646 9.839 4.259 3.935 6.589 7.321 8.347 8.072 8.135 4.186 1.638 1.376 4.777 7.370 7.822 8.877 9.888 10.529 11.236 12.065 7.060 3.216 4.827 3.130 1.356 1.401 3.357 8.378 8.203 8.045 5.819 3.952 3.517 2.228
-9999.000 -9999.000 -9999.000 -9999.000 1.218 0.000 6.499 8.132 8.824 10.072 9.536 11.469 10.904 10.892 10.325 10.405 9.869 9.481 10.666 10.689 11.460 11.124 9.382 9.640 10.469 11.405 10.902 10.231 11.145 12.390 12.770 12.994 14.242 12.721 13.784 14.138 10.870 7.620 5.210 6.176 5.263 7.016 7.437 5.692 3.986 2.506 0.000 2.213 7.926 7.648 8.691 9.338 10.226 10.925 11.390 8.101 2.947 0.574 0.211 2.543 3.720 3.775 7.043 8.390 8.403 8.257 7.416 7.731 6.187 4.455
-9999.000 -9999.000 -9999.000 -9999.000 -9999.000 1.182 7.738 8.199 9.221 10.194 12.048 11.619 11.345 10.348 9.821 10.073 9.231 9.359 10.359 10.863 11.337 9.287 9.774 9.774 9.654 10.441 11.588 10.716 10.559 11.074 11.890 14.311 14.347 13.552 14.849 11.433 9.433 8.140 8.351 7.007 5.396 5.031 3.356 0.785 0.000 0.926 0.000 5.998 8.155 7.476 7.378 8.278 10.512 11.499 11.354 7.159 3.715 4.893 4.007 1.355 1.381 4.981 8.095 8.456 8.769 8.823 8.126 7.840 7.831 7.740
-9999.000 -9999.000 -9999.000 -9999.000 -9999.000 0.000 9.687 9.478 9.472 10.718 11.987 11.449 11.380 11.076 9.735 9.907 8.809 9.776 10.500 11.594 8.815 10.059 9.676 9.781 10.158 10.097 11.605 11.816 12.021 10.012 10.616 12.507 13.610 12.220 9.418 5.592 6.746 8.183 10.494 10.826 8.834 5.005 3.880 3.037 0.295 0.159 4.931 6.959 6.326 6.516 6.319 6.182 8.803 11.163 11.956 10.247 9.006 8.985 7.961 4.974 3.156 6.520 8.358 7.752 9.203 9.224 9.190 8.020 8.183 8.106
-9999.000 -9999.000 -9999.000 -9999.000 -9999.000 0.000 9.861 9.647 8.517 7.949 9.859 11.001 11.319 9.617 9.821 8.981 8.522 9.358 10.052 11.485 6.158 9.587 7.946 8.692 10.271 11.004 11.238 12.055 10.712 8.769 9.890 9.674 12.055 7.034 1.412 0.883 3.193 5.821 8.463 9.487 8.129 7.260 4.581 2.598 1.626 2.157 6.305 8.245 7.966 7.883 7.830 7.632 8.515 9.281 11.545 11.028 10.183 7.297 5.392 3.350 5.475 7.729 8.417 8.871 9.883 9.810 8.792 8.707 8.778 8.648
-9999.000 -9999.000 -9999.000 -9999.000 -9999.000 0.000 9.532 10.614 8.928 8.145 8.046 7.439 7.406 8.979 8.859 8.146 8.412 8.364 8.332 7.792 7.048 8.172 8.537 9.457 10.893 10.816 10.278 9.690 7.833 7.211 9.051 7.542 5.166 3.538 2.054 5.591 6.594 5.158 6.915 6.669 4.000 5.035 4.596 0.637 3.353 5.396 6.454 8.264 8.155 8.587 9.218 8.765 8.996 9.402 8.502 7.952 0.557 3.043 0.940 2.049 7.683 8.043 8.893 9.260 9.986 10.112 9.172 8.925 9.027 8.302
-9999.000 -9999.000 -9999.000 -9999.000 -9999.000 1.341 9.464 10.085 9.866 8.900 8.308 9.217 8.288 8.471 7.787 8.167 8.193 8.264 6.611 5.631 6.467 7.393 8.270 9.666 10.689 9.822 9.533 8.029 7.284 8.743 8.382 6.720 0.000 1.522 6.213 5.743 6.371 6.656 4.403 2.486 3.185 5.784 0.920 0.000 4.016 5.620 6.912 7.944 9.104 9.570 10.027 8.135 9.728 8.595 7.722 6.720 3.374 1.847 0.000 3.286 7.510 7.510 9.263 9.860 10.236 10.164 9.309 9.115 8.265 4.372
