test_integration/test_sample_run/example/results.meteodistr/output_maps/SWEN0005.asc
ncols         174
nrows         141
xllcorner     744500.000000
yllcorner     5140950.000000
cellsize      250.000000
NODATA_value  -9999.0
[rows 62 to 92 of 141, columns 0 to 70 of 174]
-9999.000 -9999.000 -9999.000 -9999.000 -9999.000 2.439 2.381 2.360 2.333 2.298 2.227 2.261 2.285 2.208 2.104 2.082 2.028 2.007 1.964 1.996 2.037 2.051 2.035 2.012 2.117 2.154 2.125 2.090 2.031 2.040 1.979 1.897 1.804 1.693 1.813 1.719 1.648 1.540 1.303 1.360 1.300 1.150 0.721 0.624 0.618 0.591 0.716 0.905 1.179 1.183 1.058 1.007 1.082 1.028 1.029 0.794 0.651 0.484 0.340 0.303 0.325 0.324 0.370 0.377 0.338 0.278 0.216 0.160 0.093 0.063 0.036
-9999.000 -9999.000 -9999.000 -9999.000 2.508 2.363 2.169 2.264 2.286 2.262 2.177 2.088 2.103 2.202 2.127 2.002 1.952 1.946 1.931 1.904 1.977 2.008 1.987 1.990 1.996 2.052 2.026 1.993 1.957 1.946 1.868 1.793 1.678 1.594 1.644 1.587 1.425 1.204 1.070 1.060 1.036 0.718 0.618 0.620 0.615 0.610 0.769 0.890 1.119 1.155 1.129 1.106 1.069 0.920 0.900 0.710 0.542 0.430 0.347 0.358 0.369 0.361 0.352 0.312 0.338 0.319 0.237 0.153 0.104 0.085 0.074
-9999.000 -9999.000 -9999.000 -9999.000 -9999.000 2.549 2.370 2.111 2.161 2.079 1.976 1.973 2.090 2.022 2.053 1.920 1.952 1.912 1.894 1.875 1.895 1.946 1.912 1.918 1.913 1.926 1.923 1.931 1.874 1.839 1.727 1.695 1.629 1.603 1.452 1.373 1.177 1.064 1.003 0.922 0.743 0.652 0.620 0.612 0.616 0.632 0.714 0.776 0.949 1.065 1.142 1.145 0.935 0.855 0.770 0.649 0.497 0.427 0.359 0.343 0.364 0.374 0.373 0.356 0.364 0.334 0.238 0.185 0.138 0.105 0.111
-9999.000 -9999.000 -9999.000 -9999.000 -9999.000 -9999.000 2.256 2.315 2.219 2.253 2.253 2.102 1.819 1.871 1.823 1.910 1.875 1.858 1.809 1.793 1.829 1.864 1.845 1.821 1.817 1.880 1.824 1.818 1.731 1.705 1.611 1.628 1.589 1.439 1.161 1.085 0.922 0.900 0.842 0.772 0.739 0.620 0.688 0.655 0.826 0.817 0.884 0.802 0.843 0.898 0.964 0.959 0.921 0.807 0.601 0.541 0.468 0.444 0.416 0.452 0.486 0.492 0.474 0.438 0.412 0.324 0.259 0.216 0.163 0.145 0.156
-9999.000 -9999.000 -9999.000 -9999.000 -9999.000 2.464 2.339 2.157 1.833 2.076 2.300 2.256 2.354 1.876 1.745 1.873 1.842 1.825 1.769 1.728 1.796 1.786 1.783 1.753 1.774 1.841 1.717 1.654 1.675 1.630 1.573 1.509 1.403 1.307 1.057 1.040 0.925 0.859 0.765 0.721 0.638 0.696 0.730 0.710 1.038 0.931 1.002 0.842 0.887 0.933 0.958 0.901 0.868 0.769 0.618 0.552 0.498 0.456 0.432 0.437 0.463 0.463 0.504 0.520 0.517 0.396 0.282 0.244 0.209 0.171 0.199
-9999.000 -9999.000 -9999.000 -9999.000 -9999.000 2.473 2.387 2.074 2.044 1.614 1.869 2.111 1.965 1.925 1.759 1.806 1.782 1.752 1.689 1.603 1.638 1.653 1.642 1.641 1.637 1.619 1.492 1.515 1.561 1.440 1.327 1.219 1.096 0.958 0.931 0.921 0.855 0.807 0.778 0.735 0.739 0.802 0.904 0.991 1.267 0.987 1.120 0.996 0.978 0.966 0.967 0.892 0.830 0.719 0.613 0.573 0.542 0.528 0.510 0.486 0.457 0.428 0.479 0.437 0.432 0.473 0.367 0.301 0.275 0.225 0.231
-9999.000 -9999.000 -9999.000 -9999.000 -9999.000 -9999.000 2.472 2.073 2.868 1.891 1.565 1.974 2.006 1.858 1.754 1.766 1.724 1.680 1.585 1.557 1.539 1.561 1.538 1.509 1.405 1.356 1.333 1.343 1.339 1.322 1.240 1.128 0.953 0.922 0.898 0.869 0.836 0.843 0.767 0.707 0.731 0.958 1.054 1.125 1.091 0.923 1.113 1.018 1.000 0.857 0.856 0.860 0.844 0.726 0.635 0.602 0.571 0.558 0.575 0.530 0.497 0.468 0.468 0.489 0.459 0.434 0.518 0.410 0.331 0.299 0.270
-9999.000 -9999.000 -9999.000 -9999.000 -9999.000 -9999.000 2.534 2.424 2.778 2.260 1.800 1.723 1.853 1.769 1.675 1.725 1.687 1.702 1.660 1.577 1.455 1.432 1.421 1.373 1.293 1.195 1.146 1.118 1.044 1.059 0.954 0.944 0.934 0.904 0.880 0.862 0.833 0.811 0.837 0.722 0.917 1.344 1.082 1.043 1.006 1.009 0.977 0.844 0.952 0.909 0.908 0.887 0.832 0.788 0.630 0.617 0.630 0.627 0.672 0.591 0.553 0.519 0.512 0.499 0.498 0.469 0.486 0.530 0.416 0.385 0.324
-9999.000 -9999.000 -9999.000 -9999.000 -9999.000 -9999.000 -9999.000 2.850 2.608 2.388 2.033 1.983 1.482 1.647 1.683 1.723 1.426 1.539 1.624 1.604 1.475 1.372 1.340 1.312 1.220 1.155 1.115 1.077 1.039 1.005 0.966 0.941 0.908 0.889 0.834 0.839 0.844 0.892 0.941 0.873 1.110 1.291 1.086 1.036 1.013 1.403 1.303 1.148 0.820 0.871 1.039 0.928 0.878 0.763 0.638 0.613 0.712 0.666 0.683 0.626 0.574 0.536 0.511 0.524 0.525 0.512 0.521 0.570 0.455 0.430 0.386
-9999.000 -9999.000 -9999.000 -9999.000 -9999.000 -9999.000 -9999.000 2.607 2.543 2.234 2.333 1.788 1.525 1.536 1.738 1.436 1.463 1.637 1.523 1.483 1.544 1.451 1.281 1.256 1.170 1.134 1.095 1.060 1.018 0.990 0.951 0.935 0.905 0.912 1.009 1.062 1.111 1.029 1.034 0.944 1.125 1.069 1.004 1.105 1.524 1.444 1.406 1.531 0.960 1.240 1.122 0.891 0.862 0.814 0.670 0.654 0.684 0.770 0.778 0.692 0.649 0.633 0.588 0.562 0.573 0.552 0.578 0.611 0.511 0.496 0.467
-9999.000 -9999.000 -9999.000 -9999.000 -9999.000 -9999.000 -9999.000 -9999.000 2.818 2.611 2.024 1.734 1.389 1.664 1.719 1.234 1.496 1.706 1.678 1.442 1.455 1.517 1.306 1.267 1.180 1.141 1.098 1.049 1.007 0.976 0.913 0.829 0.990 0.940 1.209 1.398 1.191 1.026 0.911 1.029 1.086 1.057 1.185 1.327 1.781 1.733 1.165 1.316 1.641 1.208 1.002 1.005 0.911 0.751 0.738 0.676 0.665 0.842 0.890 0.776 0.757 0.712 0.677 0.624 0.599 0.612 0.628 0.665 0.576 0.558 0.520
-9999.000 -9999.000 -9999.000 -9999.000 -9999.000 -9999.000 -9999.000 -9999.000 2.828 2.392 1.999 1.927 1.634 1.845 1.632 1.089 1.779 1.948 2.012 1.604 1.309 1.352 1.222 1.171 1.135 1.105 1.060 1.032 1.004 0.954 1.085 1.149 1.266 1.179 1.304 1.361 1.188 1.179 1.125 1.230 1.239 1.369 1.287 1.218 1.471 1.661 1.555 1.468 1.686 1.167 1.002 0.895 0.710 0.842 0.837 0.720 0.684 0.982 0.892 0.881 0.871 0.753 0.794 0.708 0.647 0.683 0.687 0.705 0.674 0.619 0.598
-9999.000 -9999.000 -9999.000 -9999.000 -9999.000 -9999.000 -9999.000 2.140 2.399 2.221 2.038 2.098 1.726 1.854 1.276 1.506 2.276 2.077 1.575 1.524 1.342 1.279 1.177 1.168 1.107 1.064 0.971 1.064 1.047 1.138 1.299 1.214 1.437 1.281 1.114 1.268 1.242 1.220 1.328 1.310 1.337 1.318 1.465 1.484 1.471 1.348 1.815 1.577 1.612 1.159 0.671 0.758 0.865 0.876 0.861 0.733 0.716 1.050 0.915 0.900 0.872 0.732 0.894 0.744 0.702 0.742 0.728 0.740 0.724 0.655 0.708
-9999.000 -9999.000 -9999.000 -9999.000 -9999.000 -9999.000 2.192 2.318 2.224 2.138 2.214 2.182 2.043 1.723 1.301 1.850 2.505 1.877 2.028 1.779 1.178 1.100 1.122 1.166 1.212 1.146 1.079 1.186 1.272 1.362 1.347 1.300 1.371 1.273 1.173 1.427 1.635 1.269 1.418 1.388 1.416 1.480 1.588 1.576 1.634 1.643 1.454 1.614 1.583 0.804 0.937 0.872 0.816 0.934 0.903 0.802 0.842 0.995 1.012 0.921 0.837 0.826 1.013 0.759 0.729 0.768 0.764 0.742 0.800 0.756 0.757
-9999.000 -9999.000 -9999.000 -9999.000 -9999.000 2.600 2.312 2.268 2.251 2.282 2.270 2.295 2.084 1.813 1.487 2.372 2.014 1.964 1.977 1.843 1.005 1.026 1.156 1.170 1.132 1.077 1.128 1.280 1.411 1.376 1.289 1.462 1.369 1.261 1.762 1.334 1.748 1.383 1.484 1.511 1.505 1.621 1.658 1.641 1.627 1.663 1.586 1.766 1.437 1.250 1.132 0.883 0.776 0.971 0.875 0.844 0.773 0.841 0.940 0.874 0.819 0.842 1.014 0.814 0.766 0.786 0.772 0.808 0.810 0.799 0.771
-9999.000 -9999.000 -9999.000 2.566 2.839 2.697 2.397 2.374 2.321 2.324 2.263 2.210 2.207 1.878 1.789 2.455 2.227 1.773 1.862 1.115 0.866 1.190 1.232 1.135 1.159 1.177 1.599 1.322 1.520 1.323 1.544 1.466 1.432 1.859 1.734 1.521 1.891 1.643 1.567 1.583 1.570 1.677 1.666 1.640 1.611 1.586 1.650 1.614 1.564 1.112 1.138 0.923 0.870 1.002 0.913 0.754 0.811 0.950 0.877 0.865 0.935 1.045 0.804 0.848 0.817 0.820 0.826 0.825 0.806 0.789 0.784
-9999.000 -9999.000 2.465 2.876 2.794 2.701 2.440 2.329 1.935 1.614 2.156 2.206 2.325 1.835 1.905 2.595 2.647 2.012 1.474 1.012 1.012 1.218 1.265 1.099 1.301 1.281 1.897 1.376 1.514 1.626 1.620 1.658 1.598 1.874 1.685 1.704 1.732 1.660 1.763 1.721 1.671 1.727 1.670 1.638 1.502 1.575 1.557 1.793 1.045 1.010 1.042 1.025 0.973 0.997 0.910 0.798 0.910 1.113 1.138 1.161 1.044 0.875 0.826 0.883 0.871 0.858 0.843 0.830 0.794 0.790 0.804
-9999.000 -9999.000 2.579 2.816 2.909 2.614 2.123 2.011 1.717 1.994 1.913 2.325 2.355 1.990 1.819 2.727 2.438 1.856 1.411 1.212 1.163 1.369 1.268 1.208 1.165 1.258 1.966 1.488 1.643 1.772 1.810 1.866 1.880 1.735 1.840 1.828 1.597 1.807 1.604 1.711 1.729 1.734 1.729 1.565 1.739 1.734 1.744 1.723 1.231 0.926 0.960 1.052 0.886 0.997 0.884 0.892 0.947 1.125 1.141 0.882 0.800 0.809 0.918 0.862 0.798 0.806 0.832 0.838 0.828 0.802 0.826
-9999.000 -9999.000 -9999.000 2.816 2.812 2.461 2.406 1.745 2.545 2.217 2.098 2.356 2.377 1.963 1.708 3.100 2.059 1.748 1.423 1.282 1.312 1.535 1.346 1.251 1.244 1.476 1.937 1.715 1.810 1.851 1.962 1.858 1.863 1.788 1.731 1.906 2.091 1.535 1.636 1.576 1.775 1.701 1.545 1.621 1.557 1.740 1.621 1.610 1.234 1.199 0.868 0.843 1.005 0.913 0.862 0.839 0.884 1.212 0.833 0.835 0.881 0.856 0.812 0.765 0.758 0.796 0.791 0.796 0.829 0.831 0.833
-9999.000 -9999.000 -9999.000 -9999.000 -9999.000 -9999.000 2.689 2.698 2.084 2.074 2.331 2.370 2.313 1.624 1.842 2.723 1.524 1.460 1.184 1.517 1.597 1.416 1.521 1.518 1.239 1.332 2.367 1.715 2.011 2.025 1.799 1.707 1.868 1.676 1.796 1.965 1.573 1.809 1.628 1.654 1.798 1.588 1.615 1.536 1.648 1.600 1.650 1.609 1.250 1.206 1.122 0.907 0.991 0.958 0.919 1.048 1.219 0.828 0.861 0.842 0.828 0.780 0.710 0.756 0.722 0.765 0.734 0.691 0.742 0.823 0.769
-9999.000 -9999.000 -9999.000 -9999.000 -9999.000 -9999.000 -9999.000 3.415 2.102 1.760 1.668 1.707 1.831 1.658 3.230 1.776 1.327 1.348 1.364 1.458 1.470 1.290 1.376 1.804 1.409 1.589 2.147 1.929 2.012 1.913 1.630 1.350 1.772 1.872 1.699 2.084 1.433 1.636 1.742 1.597 1.649 1.555 1.615 1.802 1.614 1.629 1.758 1.584 1.587 1.436 1.527 0.923 1.101 1.153 1.174 1.005 0.872 0.779 0.811 0.825 0.797 0.746 0.738 0.713 0.693 0.731 0.694 0.628 0.651 0.688 0.606
-9999.000 -9999.000 -9999.000 -9999.000 -9999.000 -9999.000 -9999.000 3.620 3.394 3.236 2.938 2.658 2.914 3.133 2.110 1.688 1.165 1.645 1.756 1.147 1.086 1.453 1.678 1.910 1.673 1.389 2.191 1.792 1.782 1.543 1.637 2.126 1.639 1.807 2.201 1.590 1.780 1.628 1.732 1.800 1.786 1.624 1.316 1.384 1.353 1.113 1.552 1.440 1.312 1.158 1.005 0.913 0.806 0.941 0.869 0.905 0.724 0.799 0.791 0.793 0.777 0.738 0.689 0.643 0.634 0.650 0.648 0.585 0.533 0.617 0.592
-9999.000 -9999.000 -9999.000 -9999.000 -9999.000 -9999.000 -9999.000 -9999.000 2.412 2.329 2.360 2.368 2.461 2.334 2.017 1.471 1.373 1.957 1.331 1.622 1.327 1.612 1.836 1.518 1.541 1.526 2.027 2.177 2.046 2.038 2.043 2.155 1.973 2.123 1.872 1.851 1.844 1.859 1.754 1.513 1.288 1.387 1.212 1.197 1.393 0.943 1.155 1.159 1.190 0.965 0.807 0.846 0.869 0.852 0.829 0.829 0.787 0.820 0.751 0.753 0.754 0.685 0.612 0.583 0.538 0.530 0.629 0.531 0.521 0.556 0.555
-9999.000 -9999.000 -9999.000 -9999.000 -9999.000 -9999.000 -9999.000 -9999.000 -9999.000 2.631 2.464 2.184 2.125 1.882 1.695 1.424 1.775 1.834 1.212 2.286 1.645 1.700 1.541 1.591 1.814 2.067 2.025 2.071 2.018 1.870 2.236 2.114 2.021 1.687 1.429 2.003 1.359 1.162 1.213 1.052 1.138 1.395 1.053 1.160 1.267 1.066 1.001 1.161 1.272 0.974 0.949 0.838 0.798 0.795 0.775 0.766 0.727 0.727 0.673 0.654 0.698 0.622 0.571 0.521 0.461 0.443 0.536 0.474 0.438 0.409 0.489
-9999.000 -9999.000 -9999.000 -9999.000 -9999.000 -9999.000 -9999.000 -9999.000 -9999.000 -9999.000 2.578 2.356 2.122 1.904 1.710 1.897 1.923 1.335 1.348 2.136 1.435 1.981 1.501 1.812 2.261 1.915 1.375 1.350 1.262 1.316 1.258 1.272 1.337 1.441 1.346 1.565 1.345 1.397 1.255 1.154 1.382 1.314 1.117 1.029 1.071 1.036 0.970 1.133 0.982 1.152 0.809 0.890 0.800 0.803 0.718 0.696 0.651 0.621 0.637 0.635 0.578 0.580 0.525 0.450 0.402 0.396 0.443 0.406 0.312 0.305 0.316
-9999.000 -9999.000 -9999.000 -9999.000 -9999.000 -9999.000 -9999.000 -9999.000 -9999.000 -9999.000 -9999.000 2.216 2.158 2.100 2.045 2.058 1.798 1.263 2.091 1.566 1.551 1.799 1.483 1.996 1.957 1.512 1.321 1.343 1.193 1.176 1.174 1.081 1.156 1.281 1.348 1.421 1.539 1.198 1.033 0.979 1.223 1.227 1.055 1.076 0.882 0.948 0.813 0.813 0.901 0.964 0.949 0.742 0.768 0.735 0.691 0.637 0.591 0.549 0.589 0.607 0.544 0.493 0.500 0.429 0.354 0.320 0.317 0.272 0.198 0.166 0.164
-9999.000 -9999.000 -9999.000 -9999.000 -9999.000 -9999.000 -9999.000 -9999.000 -9999.000 -9999.000 -9999.000 -9999.000 2.179 2.217 2.063 1.991 1.615 1.449 2.744 1.428 1.621 1.666 1.411 2.409 1.694 1.448 1.093 1.555 1.552 1.409 1.220 1.162 1.146 1.232 1.310 1.394 1.208 1.043 1.004 0.923 0.993 0.918 1.021 1.042 0.881 0.852 0.822 0.786 0.810 0.805 0.887 0.805 0.785 0.729 0.644 0.611 0.548 0.510 0.527 0.562 0.488 0.471 0.445 0.383 0.304 0.254 0.241 0.201 0.155 0.142 0.125
-9999.000 -9999.000 -9999.000 -9999.000 -9999.000 -9999.000 -9999.000 -9999.000 -9999.000 -9999.000 -9999.000 -9999.000 2.258 2.244 2.032 2.036 1.631 2.051 2.093 1.517 1.895 1.951 1.975 1.405 2.136 1.519 1.117 1.264 1.368 1.404 1.260 1.210 1.089 1.064 1.157 1.277 1.103 1.104 0.973 1.010 0.963 0.849 0.935 1.046 0.885 0.841 0.775 0.845 0.826 0.829 0.830 0.743 0.714 0.667 0.616 0.553 0.472 0.441 0.502 0.488 0.473 0.446 0.394 0.348 0.318 0.291 0.244 0.238 0.206 0.199 0.206
-9999.000 -9999.000 -9999.000 -9999.000 -9999.000 -9999.000 -9999.000 -9999.000 -9999.000 -9999.000 -9999.000 -9999.000 2.244 2.189 2.228 2.067 1.628 2.771 1.666 1.866 2.089 2.066 2.025 1.814 1.657 2.299 1.163 1.267 1.330 1.227 1.230 1.294 1.164 1.097 1.107 1.060 1.005 0.985 0.954 0.988 0.973 0.906 0.855 0.951 0.820 0.812 0.792 0.799 0.823 0.849 0.842 0.718 0.698 0.649 0.558 0.506 0.467 0.430 0.431 0.406 0.373 0.381 0.386 0.322 0.294 0.284 0.240 0.267 0.267 0.210 0.268
-9999.000 -9999.000 -9999.000 -9999.000 -9999.000 -9999.000 -9999.000 -9999.000 -9999.000 -9999.000 -9999.000 -9999.000 -9999.000 -9999.000 -9999.000 -9999.000 -9999.000 2.266 2.019 2.153 2.133 2.081 1.903 1.761 1.868 2.219 1.302 1.538 1.461 1.239 1.108 1.097 1.145 1.055 1.006 0.851 0.847 0.778 0.909 0.919 0.773 0.754 0.677 0.659 0.877 0.752 0.738 0.769 0.803 0.835 0.821 0.731 0.648 0.595 0.547 0.476 0.388 0.356 0.362 0.349 0.318 0.297 0.312 0.327 0.286 0.279 0.268 0.241 0.241 0.242 0.199
-9999.000 -9999.000 -9999.000 -9999.000 -9999.000 -9999.000 -9999.000 -9999.000 -9999.000 -9999.000 -9999.000 -9999.000 -9999.000 -9999.000 -9999.000 -9999.000 -9999.000 -9999.000 2.002 2.110 2.123 2.008 1.907 1.774 2.266 1.754 1.280 1.412 1.763 1.399 1.003 0.994 1.083 1.096 0.959 0.925 0.877 0.855 0.838 0.863 0.760 0.676 0.601 0.573 0.660 0.707 0.685 0.639 0.686 0.794 0.718 0.662 0.689 0.569 0.474 0.461 0.350 0.305 0.298 0.279 0.292 0.298 0.289 0.274 0.279 0.250 0.223 0.215 0.202 0.186 0.146
