test_integration/test_sample_run/example/results.meteodistr/output_maps/SWEN0023.asc
ncols         174
nrows         141
xllcorner     744500.000000
yllcorner     5140950.000000
cellsize      250.000000
NODATA_value  -9999.0
[rows 0 to 30 of 141, columns 69 to 137 of 174]
-9999.000 -9999.000 -9999.000 -9999.000 -9999.000 -9999.000 -9999.000 -9999.000 -9999.000 -9999.000 -9999.000 -9999.000 -9999.000 -9999.000 -9999.000 -9999.000 -9999.000 -9999.000 -9999.000 -9999.000 -9999.000 -9999.000 -9999.000 -9999.000 -9999.000 -9999.000 -9999.000 -9999.000 -9999.000 -9999.000 -9999.000 -9999.000 -9999.000 -9999.000 -9999.000 -9999.000 -9999.000 -9999.000 -9999.000 -9999.000 -9999.000 -9999.000 -9999.000 -9999.000 -9999.000 -9999.000 -9999.000 -9999.000 -9999.000 -9999.000 -9999.000 -9999.000 -9999.000 -9999.000 -9999.000 -9999.000 -9999.000 -9999.000 -9999.000 -9999.000 -9999.000 -9999.000 -9999.000 -9999.000 -9999.000 -9999.000 -9999.000 -9999.000 -9999.000
-9999.000 -9999.000 -9999.000 -9999.000 -9999.000 -9999.000 -9999.000 -9999.000 -9999.000 -9999.000 -9999.000 -9999.000 -9999.000 -9999.000 -9999.000 -9999.000 -9999.000 -9999.000 -9999.000 -9999.000 -9999.000 -9999.000 -9999.000 -9999.000 -9999.000 -9999.000 -9999.000 -9999.000 -9999.000 -9999.000 -9999.000 -9999.000 -9999.000 -9999.000 -9999.000 -9999.000 -9999.000 -9999.000 -9999.000 -9999.000 -9999.000 -9999.000 -9999.000 -9999.000 -9999.000 -9999.000 -9999.000 -9999.000 -9999.000 -9999.000 -9999.000 -9999.000 -9999.000 -9999.000 -9999.000 -9999.000 -9999.000 -9999.000 -9999.000 -9999.000 -9999.000 -9999.000 -9999.000 -9999.000 -9999.000 -9999.000 -9999.000 -9999.000 -9999.000
-9999.000 -9999.000 -9999.000 -9999.000 -9999.000 -9999.000 -9999.000 -9999.000 -9999.000 -9999.000 -9999.000 -9999.000 -9999.000 -9999.000 -9999.000 -9999.000 -9999.000 -9999.000 -9999.000 -9999.000 -9999.000 -9999.000 -9999.000 -9999.000 -9999.000 -9999.000 -9999.000 -9999.000 -9999.000 -9999.000 -9999.000 -9999.000 -9999.000 -9999.000 -9999.000 -9999.000 -9999.000 -9999.000 -9999.000 -9999.000 -9999.000 -9999.000 -9999.000 -9999.000 -9999.000 -9999.000 -9999.000 -9999.000 -9999.000 -9999.000 -9999.000 -9999.000 -9999.000 -9999.000 -9999.000 -9999.000 -9999.000 -9999.000 -9999.000 -9999.000 -9999.000 -9999.000 -9999.000 -9999.000 -9999.000 -9999.000 -9999.000 -9999.000 -9999.000
-9999.000 -9999.000 -9999.000 -9999.000 -9999.000 -9999.000 -9999.000 -9999.000 -9999.000 -9999.000 -9999.000 -9999.000 -9999.000 -9999.000 -9999.000 -9999.000 -9999.000 -9999.000 -9999.000 -9999.000 -9999.000 -9999.000 -9999.000 -9999.000 -9999.000 -9999.000 -9999.000 -9999.000 -9999.000 -9999.000 -9999.000 -9999.000 -9999.000 -9999.000 -9999.000 -9999.000 -9999.000 -9999.000 -9999.000 -9999.000 -9999.000 -9999.000 -9999.000 -9999.000 -9999.000 -9999.000 -9999.000 -9999.000 -9999.000 -9999.000 -9999.000 -9999.000 -9999.000 -9999.000 -9999.000 -9999.000 -9999.000 -9999.000 -9999.000 -9999.000 -9999.000 -9999.000 -9999.000 -9999.000 -9999.000 -9999.000 -9999.000 -9999.000 -9999.000
-9999.000 -9999.000 -9999.000 -9999.000 -9999.000 -9999.000 -9999.000 -9999.000 -9999.000 -9999.000 -9999.000 -9999.000 -9999.000 -9999.000 -9999.000 -9999.000 -9999.000 -9999.000 -9999.000 -9999.000 -9999.000 -9999.000 -9999.000 -9999.000 21.660 -9999.000 -9999.000 -9999.000 -9999.000 -9999.000 -9999.000 -9999.000 -9999.000 -9999.000 -9999.000 -9999.000 -9999.000 -9999.000 -9999.000 -9999.000 -9999.000 -9999.000 -9999.000 -9999.000 -9999.000 -9999.000 -9999.000 -9999.000 -9999.000 -9999.000 -9999.000 -9999.000 -9999.000 -9999.000 -9999.000 -9999.000 -9999.000 -9999.000 -9999.000 -9999.000 -9999.000 -9999.000 -9999.000 -9999.000 -9999.000 -9999.000 -9999.000 -9999.000 -9999.000
-9999.000 -9999.000 -9999.000 -9999.000 -9999.000 -9999.000 -9999.000 -9999.000 -9999.000 -9999.000 -9999.000 -9999.000 -9999.000 -9999.000 -9999.000 -9999.000 -9999.000 -9999.000 -9999.000 -9999.000 -9999.000 -9999.000 -9999.000 20.620 20.514 19.636 20.419 18.928 18.800 -9999.000 -9999.000 -9999.000 -9999.000 -9999.000 -9999.000 -9999.000 -9999.000 -9999.000 -9999.000 -9999.000 -9999.000 -9999.000 -9999.000 -9999.000 -9999.000 -9999.000 -9999.000 -9999.000 -9999.000 -9999.000 -9999.000 -9999.000 -9999.000 -9999.000 -9999.000 -9999.000 -9999.000 -9999.000 -9999.000 -9999.000 -9999.000 -9999.000 -9999.000 -9999.000 -9999.000 -9999.000 -9999.000 -9999.000 -9999.000
-9999.000 -9999.000 -9999.000 -9999.000 -9999.000 -9999.000 -9999.000 -9999.000 -9999.000 -9999.000 -9999.000 -9999.000 -9999.000 -9999.000 -9999.000 -9999.000 -9999.000 23.299 22.527 21.432 20.742 20.200 19.603 20.978 20.927 19.838 19.536 19.505 18.506 20.164 20.576 -9999.000 -9999.000 -9999.000 -9999.000 -9999.000 -9999.000 -9999.000 -9999.000 -9999.000 -9999.000 -9999.000 -9999.000 -9999.000 -9999.000 -9999.000 -9999.000 -9999.000 -9999.000 -9999.000 -9999.000 -9999.000 -9999.000 -9999.000 -9999.000 -9999.000 -9999.000 -9999.000 -9999.000 -9999.000 -9999.000 -9999.000 -9999.000 -9999.000 -9999.000 -9999.000 -9999.000 -9999.000 -9999.000
-9999.000 -9999.000 -9999.000 -9999.000 -9999.000 -9999.000 -9999.000 -9999.000 -9999.000 -9999.000 -9999.000 -9999.000 -9999.000 -9999.000 -9999.000 -9999.000 -9999.000 22.661 21.831 20.548 19.797 18.607 18.960 20.069 20.592 19.363 18.121 18.905 17.133 20.032 19.794 19.109 -9999.000 -9999.000 -9999.000 -9999.000 -9999.000 -9999.000 -9999.000 -9999.000 -9999.000 -9999.000 -9999.000 -9999.000 -9999.000 -9999.000 -9999.000 -9999.000 -9999.000 -9999.000 -9999.000 -9999.000 -9999.000 -9999.000 -9999.000 -9999.000 -9999.000 -9999.000 -9999.000 -9999.000 -9999.000 -9999.000 -9999.000 -9999.000 -9999.000 -9999.000 -9999.000 -9999.000 -9999.000
-9999.000 -9999.000 -9999.000 -9999.000 -9999.000 -9999.000 -9999.000 -9999.000 -9999.000 24.789 24.044 -9999.000 -9999.000 -9999.000 -9999.000 -9999.000 23.026 21.835 20.717 20.000 20.265 19.733 18.287 18.359 18.944 18.539 18.231 17.849 17.215 18.697 19.832 18.686 17.138 -9999.000 -9999.000 -9999.000 -9999.000 -9999.000 -9999.000 -9999.000 -9999.000 -9999.000 -9999.000 -9999.000 -9999.000 -9999.000 -9999.000 -9999.000 -9999.000 -9999.000 -9999.000 -9999.000 -9999.000 -9999.000 -9999.000 -9999.000 -9999.000 -9999.000 -9999.000 -9999.000 -9999.000 -9999.000 -9999.000 -9999.000 -9999.000 -9999.000 -9999.000 -9999.000 -9999.000
-9999.000 -9999.000 -9999.000 -9999.000 -9999.000 -9999.000 -9999.000 24.741 24.287 23.293 23.152 22.628 22.977 23.283 23.280 22.636 24.889 22.245 21.232 20.474 19.904 18.773 18.746 17.098 16.817 17.494 18.008 16.895 16.056 17.836 17.572 17.480 17.098 18.207 -9999.000 -9999.000 -9999.000 -9999.000 -9999.000 -9999.000 -9999.000 -9999.000 -9999.000 -9999.000 -9999.000 -9999.000 -9999.000 -9999.000 -9999.000 -9999.000 -9999.000 -9999.000 -9999.000 -9999.000 -9999.000 -9999.000 -9999.000 -9999.000 -9999.000 -9999.000 -9999.000 -9999.000 -9999.000 -9999.000 -9999.000 -9999.000 -9999.000 -9999.000 -9999.000
-9999.000 -9999.000 -9999.000 -9999.000 -9999.000 22.604 24.651 24.307 23.643 22.315 21.614 22.116 22.219 22.536 22.019 22.180 23.631 22.646 21.540 21.046 20.491 18.076 17.955 18.311 18.070 17.274 17.058 17.064 15.885 16.261 16.161 17.053 17.212 16.884 16.691 -9999.000 -9999.000 -9999.000 -9999.000 -9999.000 -9999.000 -9999.000 -9999.000 -9999.000 -9999.000 -9999.000 -9999.000 -9999.000 -9999.000 -9999.000 -9999.000 -9999.000 -9999.000 -9999.000 -9999.000 -9999.000 -9999.000 -9999.000 -9999.000 -9999.000 -9999.000 -9999.000 -9999.000 -9999.000 -9999.000 -9999.000 -9999.000 -9999.000 -9999.000
-9999.000 -9999.000 -9999.000 -9999.000 20.034 21.421 22.531 23.365 22.781 22.286 21.275 20.866 20.830 21.726 20.758 20.751 21.376 23.834 22.287 20.832 20.267 19.214 18.384 17.623 17.347 16.926 16.693 16.419 15.229 15.175 15.787 16.638 15.907 16.207 16.424 16.507 17.271 -9999.000 -9999.000 -9999.000 -9999.000 -9999.000 -9999.000 -9999.000 -9999.000 -9999.000 -9999.000 -9999.000 -9999.000 -9999.000 -9999.000 -9999.000 -9999.000 -9999.000 -9999.000 -9999.000 -9999.000 -9999.000 -9999.000 -9999.000 13.940 13.448 13.361 -9999.000 -9999.000 -9999.000 -9999.000 -9999.000 -9999.000
-9999.000 -9999.000 -9999.000 16.246 18.459 19.747 20.874 22.096 22.124 21.575 21.071 20.256 20.241 20.583 20.355 20.397 20.163 22.195 22.747 20.668 20.303 19.239 18.959 18.709 17.781 16.430 15.915 16.476 16.231 15.606 15.284 15.870 15.808 16.527 16.636 16.611 17.641 17.212 -9999.000 -9999.000 -9999.000 -9999.000 -9999.000 -9999.000 -9999.000 -9999.000 -9999.000 -9999.000 -9999.000 -9999.000 -9999.000 -9999.000 -9999.000 -9999.000 -9999.000 -9999.000 -9999.000 -9999.000 -9999.000 13.700 13.355 13.546 13.098 13.141 -9999.000 -9999.000 -9999.000 -9999.000 -9999.000
-9999.000 -9999.000 12.306 13.714 16.011 17.707 18.604 19.390 20.492 20.509 20.004 19.213 18.977 19.328 19.315 19.980 19.567 20.080 21.805 21.751 20.526 20.319 19.881 18.679 18.424 17.703 16.741 15.797 16.126 15.839 15.639 14.922 14.741 15.584 16.041 16.138 17.068 16.676 15.125 17.548 -9999.000 -9999.000 -9999.000 -9999.000 -9999.000 -9999.000 -9999.000 -9999.000 -9999.000 -9999.000 -9999.000 -9999.000 -9999.000 -9999.000 -9999.000 -9999.000 16.338 14.612 13.783 13.153 12.879 12.789 12.992 12.988 14.560 -9999.000 -9999.000 -9999.000 -9999.000
-9999.000 -9999.000 10.046 11.904 13.758 15.247 15.989 16.106 17.148 19.244 19.238 18.831 17.979 17.756 18.478 18.653 19.089 19.247 19.546 22.482 21.599 20.224 19.253 18.900 18.539 17.134 16.838 16.205 15.892 15.272 15.361 15.502 14.706 14.794 14.697 15.446 16.508 15.773 14.563 16.978 17.429 -9999.000 -9999.000 -9999.000 -9999.000 -9999.000 -9999.000 13.406 14.872 14.417 14.497 13.868 13.060 13.629 13.930 13.773 15.061 14.708 13.488 12.627 12.079 12.258 11.654 12.313 13.229 13.662 -9999.000 -9999.000 -9999.000
-9999.000 8.395 8.887 9.819 11.627 13.049 14.036 14.901 14.924 16.815 18.190 17.634 17.455 17.216 16.916 17.640 18.113 18.410 17.877 20.647 21.341 19.943 19.707 19.128 18.877 18.034 17.095 16.792 16.510 15.878 15.414 14.875 15.201 14.363 15.132 15.209 15.001 14.760 14.209 15.152 16.336 14.545 -9999.000 -9999.000 -9999.000 -9999.000 19.867 15.711 11.749 12.623 14.189 13.771 13.041 13.352 13.503 13.541 13.902 13.000 12.508 11.448 12.212 11.990 11.378 11.976 11.988 12.694 13.256 13.287 12.041
8.226 8.408 8.838 9.691 11.064 12.576 13.732 14.574 14.828 15.191 16.300 17.094 17.066 16.976 16.282 17.246 17.644 18.057 17.550 18.715 21.384 19.845 19.604 19.111 18.015 18.839 18.144 17.844 17.106 16.111 15.607 14.803 14.969 14.324 14.250 14.557 14.444 14.648 13.449 13.491 15.038 14.673 13.318 14.694 15.831 16.858 17.923 15.719 15.705 13.220 12.484 13.139 13.397 13.192 13.282 13.826 13.213 12.255 11.652 11.252 11.901 11.243 10.788 11.777 11.570 12.209 12.099 12.308 11.710
8.551 8.605 9.127 9.943 10.870 11.802 12.615 13.546 14.002 14.489 14.929 16.376 16.582 16.486 16.032 15.881 16.808 17.604 17.657 17.607 19.753 20.440 20.055 18.908 19.491 18.966 19.021 18.283 17.267 16.362 16.020 14.837 14.368 14.550 14.010 14.478 14.516 14.537 13.815 13.215 13.920 14.665 13.821 14.498 15.024 16.442 17.497 14.339 14.259 14.503 13.971 12.659 13.182 12.606 12.645 13.477 12.704 11.866 11.380 11.563 11.145 11.159 10.597 10.878 11.230 11.552 11.367 11.650 11.115
8.813 8.426 9.007 10.232 11.250 12.154 12.073 12.391 13.648 13.936 14.350 15.299 16.168 15.991 15.867 15.831 15.668 16.579 17.547 17.606 17.656 20.693 20.781 20.705 19.791 18.993 18.642 17.991 17.267 16.306 15.735 14.948 14.409 14.321 14.236 13.818 14.144 14.588 14.294 14.760 14.590 14.657 13.749 14.434 15.166 17.027 15.471 15.394 15.147 14.393 13.373 12.486 13.042 12.519 11.675 11.199 11.412 11.398 11.132 10.746 10.859 11.128 10.700 10.615 10.963 11.343 10.606 10.657 10.768
10.454 10.125 9.084 9.637 11.003 11.920 12.858 12.988 12.852 13.517 13.499 14.245 15.389 15.502 15.314 15.606 16.262 16.151 15.598 16.839 17.837 18.192 19.064 20.070 20.213 18.182 18.083 17.862 17.056 15.627 15.217 14.350 14.143 14.454 13.113 14.346 14.651 14.385 14.307 14.483 14.792 14.518 14.504 14.512 15.627 15.000 14.140 15.156 15.602 14.913 13.993 12.355 11.481 11.939 12.286 11.064 10.452 9.949 10.390 10.483 10.503 10.775 10.544 10.561 10.487 11.046 9.846 9.918 10.168
11.028 10.997 10.750 9.371 10.906 11.445 12.579 12.999 13.511 12.958 13.738 13.485 14.581 15.146 15.067 15.274 15.072 15.898 16.636 16.963 16.003 16.893 17.668 18.659 20.406 18.619 17.587 17.214 16.918 15.494 15.087 13.784 13.926 14.126 13.363 14.047 16.029 15.708 15.976 14.396 14.016 14.619 14.883 15.071 16.214 15.703 14.849 13.827 13.302 14.353 14.427 13.635 13.380 12.863 12.357 11.432 11.236 10.874 10.763 10.665 10.574 10.386 10.144 10.295 9.966 10.359 9.935 10.106 10.372
10.269 11.367 10.726 10.330 10.664 11.457 12.459 12.670 12.890 13.596 13.199 13.278 13.347 14.732 14.549 14.960 15.061 15.457 15.998 15.394 15.977 16.342 16.521 18.142 19.607 17.594 17.548 16.954 15.978 15.891 14.168 13.025 14.079 13.862 14.355 14.758 15.067 15.300 15.367 15.753 15.139 14.578 15.125 15.794 16.207 15.428 14.730 13.656 13.051 12.382 11.651 11.435 11.251 11.269 11.253 11.629 11.366 10.894 10.873 10.637 10.425 10.130 9.859 9.738 9.969 9.396 9.735 9.879 10.267
10.346 10.497 10.673 10.008 10.864 11.466 11.984 12.328 12.707 12.859 13.290 13.260 12.788 14.062 14.287 13.966 14.686 14.564 15.348 15.812 15.323 16.019 16.669 18.479 18.814 17.726 16.789 15.896 16.017 15.329 14.489 13.004 13.973 13.467 13.320 14.425 15.484 14.330 13.729 15.026 15.515 16.462 14.981 13.811 14.011 14.243 13.897 13.370 13.526 13.507 13.171 12.611 12.339 11.487 11.366 11.230 10.835 10.467 10.661 10.538 10.373 10.215 10.022 9.491 9.960 9.536 9.301 9.711 9.962
10.618 10.358 10.158 11.213 11.134 11.442 11.500 11.869 12.209 12.409 12.895 13.159 13.101 12.669 13.860 13.598 13.971 13.988 13.717 15.429 15.798 16.632 17.408 16.902 18.253 18.279 17.226 16.275 15.329 14.483 13.782 13.149 13.652 13.172 12.757 14.529 13.935 14.329 13.716 14.238 14.900 14.564 13.211 13.643 14.911 12.907 12.585 12.576 13.638 13.138 12.902 11.858 12.037 11.335 10.821 10.680 10.658 11.199 10.436 10.329 10.251 10.079 9.904 9.727 9.297 9.509 9.344 9.121 9.503
11.128 11.002 11.236 11.380 11.287 11.441 11.691 11.776 11.968 12.202 12.458 12.878 12.994 12.885 12.832 13.378 13.411 14.132 14.294 15.262 15.501 16.186 16.451 16.667 17.111 18.597 17.076 16.317 15.238 14.255 13.883 13.325 13.471 13.246 12.880 13.769 14.140 13.498 12.538 12.360 12.960 12.370 13.953 19.011 17.170 17.292 15.060 12.923 12.838 13.020 12.701 12.286 11.555 12.210 11.726 12.144 11.389 10.170 10.889 10.609 10.204 9.730 9.755 9.625 9.457 9.435 9.061 9.152 9.122
11.276 11.359 11.439 11.391 11.377 11.581 11.718 11.857 11.977 12.095 12.145 12.402 12.533 12.629 12.586 12.877 12.794 13.423 14.219 14.956 15.158 15.623 15.809 16.057 16.262 18.020 16.945 15.145 14.913 14.534 13.873 13.139 13.315 13.198 13.289 13.119 12.668 12.736 12.767 14.909 15.265 16.447 19.010 18.550 15.887 15.676 15.505 15.348 14.818 14.934 13.390 12.985 12.247 12.856 12.708 11.842 10.789 10.557 10.877 10.906 10.483 9.935 9.655 9.476 9.374 9.254 9.042 8.945 8.600
9.308 10.655 11.435 11.596 11.390 11.385 11.502 11.747 11.831 11.994 12.138 12.198 12.279 12.484 12.508 12.796 12.596 12.831 13.598 14.764 15.071 15.121 15.060 15.413 15.421 17.223 17.070 15.129 14.405 13.781 13.703 13.384 13.108 12.922 12.482 12.682 12.872 13.330 12.540 12.150 13.815 14.447 14.505 15.520 15.181 15.089 15.517 15.369 15.135 14.162 14.635 15.258 13.579 14.186 12.025 10.998 11.556 11.450 11.121 10.696 10.482 10.119 9.536 9.330 9.292 9.128 8.976 8.698 8.666
9.529 9.953 11.057 11.432 11.503 11.477 11.162 11.893 12.086 11.705 11.924 12.092 12.153 12.201 12.273 12.368 12.326 12.390 12.626 13.944 14.139 13.990 14.466 14.829 14.922 16.294 16.829 15.403 14.906 13.811 13.487 12.938 12.434 12.423 11.612 12.505 13.438 13.073 12.592 12.552 12.669 12.785 13.363 12.620 12.689 14.348 15.473 15.041 14.248 13.618 12.865 13.102 15.054 14.075 12.527 11.148 10.389 10.822 10.947 10.597 10.244 9.815 9.625 9.158 9.188 9.011 8.871 8.728 8.603
11.015 9.949 11.927 11.702 11.386 11.510 11.574 11.175 12.288 11.940 11.728 11.453 12.047 12.055 12.145 12.184 12.180 12.346 12.327 13.011 13.493 13.906 13.778 14.598 15.154 15.466 16.972 15.877 14.914 13.884 13.578 13.240 12.258 11.946 11.861 11.681 13.221 13.544 13.044 13.330 13.725 13.812 13.717 13.417 12.620 13.653 13.688 15.290 14.029 13.674 12.904 12.514 13.962 13.605 12.421 10.708 10.201 10.141 10.497 10.375 9.753 9.485 9.319 9.212 9.074 8.929 8.780 8.660 8.557
12.280 12.191 12.529 12.374 12.846 12.548 13.043 11.344 11.982 12.776 12.600 11.924 11.827 11.957 11.881 11.956 11.834 12.116 12.452 12.503 13.001 13.811 14.040 14.413 14.507 14.773 16.196 16.400 15.232 14.444 13.721 13.354 12.500 11.432 12.127 11.388 12.502 13.277 12.833 13.072 13.604 13.613 13.013 13.430 12.596 12.742 12.419 14.692 13.067 12.809 13.209 13.170 11.876 10.531 10.454 10.191 10.674 10.156 10.262 9.960 9.771 9.578 9.259 9.135 8.992 8.844 8.672 8.619 8.590
13.650 11.810 11.530 13.580 13.738 13.235 13.373 13.462 11.961 12.735 13.059 12.533 12.350 12.136 11.610 11.793 11.891 12.054 11.942 12.435 13.153 13.820 13.780 14.131 14.186 14.284 15.750 15.985 14.732 14.031 13.799 13.442 12.447 11.318 12.107 11.753 11.709 12.437 12.566 12.403 12.480 12.659 12.630 13.098 13.269 12.916 11.640 12.265 15.268 10.940 13.402 12.217 10.455 9.869 10.063 10.427 10.449 10.240 10.136 9.817 9.666 9.431 9.259 9.054 8.911 8.761 8.586 8.509 8.220
