test_integration/test_sample_run/example/results.meteodistr/output_maps/SWEN0108.asc
ncols         174
nrows         141
xllcorner     744500.000000
yllcorner     5140950.000000
cellsize      250.000000
NODATA_value  -9999.0
[rows 62 to 92 of 141, columns 0 to 69 of 174]
-9999.000 -9999.000 -9999.000 -9999.000 -9999.000 0.000 6.908 3.757 4.213 3.055 0.000 0.000 4.252 6.224 5.209 3.960 2.621 0.023 0.000 0.000 0.597 1.337 2.355 3.365 2.804 3.904 2.394 0.670 0.000 1.457 0.000 0.000 0.000 0.000 0.000 0.000 0.000 0.000 0.000 0.000 0.000 0.000 0.000 0.000 0.000 0.000 2.849 2.051 5.968 8.854 9.065 8.484 4.473 0.000 0.000 0.000 0.000 0.000 0.000 1.392 2.861 0.000 0.000 0.909 9.188 9.980 9.602 3.775 0.000 0.000
-9999.000 -9999.000 -9999.000 -9999.000 1.715 7.612 10.845 6.732 5.250 4.406 0.000 0.365 0.000 0.000 6.931 3.833 3.518 0.101 0.000 0.000 2.358 2.274 1.465 1.791 0.000 0.937 0.000 0.000 0.000 0.000 0.000 0.000 0.000 0.000 0.000 0.000 0.000 0.000 0.000 0.000 0.000 0.000 0.000 0.685 3.767 2.254 0.000 0.000 0.000 5.531 9.918 10.168 1.234 0.000 0.000 0.000 0.000 0.000 0.000 2.316 3.955 5.163 0.416 0.000 4.222 7.096 0.731 0.000 0.000 0.000
-9999.000 -9999.000 -9999.000 -9999.000 -9999.000 3.508 0.000 9.665 10.695 10.856 10.174 10.020 7.352 2.261 0.000 0.000 0.597 0.810 0.000 0.000 0.145 1.630 0.382 0.000 0.000 0.000 0.000 0.000 0.000 0.000 0.000 0.000 0.000 0.000 0.000 0.000 0.000 0.000 0.000 0.000 0.000 0.000 2.931 5.429 6.139 6.357 6.594 0.230 0.000 0.000 0.547 1.790 0.000 0.000 0.000 0.000 0.000 0.000 3.054 5.974 6.754 7.402 8.099 8.660 8.701 3.771 0.000 0.000 0.000 4.645
-9999.000 -9999.000 -9999.000 -9999.000 -9999.000 -9999.000 0.000 11.571 11.444 11.520 11.303 10.754 9.271 9.153 0.000 0.000 0.000 0.643 0.000 0.000 0.000 0.000 0.000 0.000 0.000 0.712 0.000 0.000 0.000 0.000 0.000 0.000 0.000 0.000 0.000 0.000 0.000 0.000 0.000 0.000 0.000 2.881 4.318 5.695 6.386 7.034 7.303 7.054 6.012 1.653 0.000 0.000 0.000 0.000 0.000 0.000 0.000 0.000 3.346 5.099 7.373 7.791 9.484 9.827 10.245 7.631 2.746 2.424 5.608 5.143
-9999.000 -9999.000 -9999.000 -9999.000 -9999.000 0.966 10.831 11.220 9.654 10.938 8.149 5.028 6.187 5.207 2.475 0.000 0.369 0.942 0.397 0.000 0.000 0.000 0.000 0.000 0.000 0.000 0.000 0.000 0.000 0.000 0.000 0.000 0.000 0.000 0.000 0.000 0.000 0.000 0.000 0.000 2.461 6.024 6.198 5.219 7.457 7.368 7.786 7.061 8.041 7.786 6.745 0.000 0.000 0.000 0.000 0.000 2.781 4.153 4.929 0.000 0.000 0.000 1.617 0.654 4.862 8.551 6.698 7.640 7.171 7.196
-9999.000 -9999.000 -9999.000 -9999.000 -9999.000 8.314 11.906 10.972 10.869 8.499 6.954 2.648 0.000 0.000 0.000 0.000 0.000 0.000 0.000 0.000 0.000 0.000 0.000 0.000 0.000 0.000 0.000 0.000 0.000 0.000 0.000 0.000 0.000 0.000 0.000 0.000 0.000 0.000 0.000 0.000 5.929 5.836 6.411 6.678 9.482 7.124 8.795 7.819 8.244 8.608 8.601 7.713 5.457 0.000 0.000 1.552 4.338 6.366 7.313 5.446 0.000 0.000 0.000 0.000 0.000 2.654 9.097 8.059 7.372 7.354
-9999.000 -9999.000 -9999.000 -9999.000 -9999.000 -9999.000 11.209 10.997 13.442 9.942 4.776 8.219 4.408 0.000 0.000 0.000 0.000 2.083 3.598 2.398 0.000 0.000 0.000 0.000 0.000 0.000 0.000 0.000 0.000 0.000 0.000 0.000 0.000 0.000 0.000 0.000 0.000 0.000 1.862 2.924 4.817 6.108 7.160 7.953 7.964 6.755 8.812 8.065 8.196 6.990 7.356 7.679 7.366 6.181 2.991 3.836 7.126 7.160 7.743 7.347 6.386 0.820 0.000 0.000 0.000 0.000 8.916 9.237 6.497 7.541
-9999.000 -9999.000 -9999.000 -9999.000 -9999.000 -9999.000 10.626 12.683 7.279 7.027 8.207 8.791 6.332 0.373 4.705 5.541 8.343 8.631 8.296 6.826 1.917 0.000 0.000 0.000 0.000 0.000 0.000 0.000 0.000 0.000 0.000 0.000 0.000 0.000 0.000 0.280 1.735 1.966 4.475 3.519 5.379 9.473 7.448 7.528 7.729 7.933 7.872 6.512 7.626 7.774 8.209 7.792 7.003 6.189 4.670 3.648 7.325 7.715 8.381 7.730 7.751 7.017 5.523 3.488 0.752 0.000 0.000 6.384 5.924 5.646
-9999.000 -9999.000 -9999.000 -9999.000 -9999.000 -9999.000 -9999.000 10.253 10.949 11.156 10.961 10.686 4.524 5.201 7.447 8.020 7.079 7.942 8.354 7.812 6.380 3.948 0.000 0.000 0.000 0.000 0.000 0.000 0.000 0.000 0.395 2.700 3.262 4.704 6.222 6.202 6.154 6.331 6.678 5.502 3.594 5.589 7.948 7.810 7.790 11.025 10.597 9.523 6.805 7.605 9.363 7.949 6.298 4.547 4.269 3.876 7.519 7.755 8.318 8.015 8.133 8.033 7.847 8.470 8.482 2.912 4.336 6.270 3.254 5.185
-9999.000 -9999.000 -9999.000 -9999.000 -9999.000 -9999.000 -9999.000 13.676 13.507 11.945 12.496 7.235 2.126 7.287 8.556 5.716 7.796 9.094 7.988 7.397 6.936 6.281 0.450 0.000 0.000 0.000 0.000 0.000 0.234 0.000 3.130 3.072 6.406 6.598 6.258 6.516 6.918 6.877 7.461 6.074 3.468 6.362 7.253 8.438 11.624 11.236 10.960 12.541 8.132 10.915 10.006 5.005 4.502 1.967 4.563 3.907 6.135 8.840 9.253 8.464 8.509 8.646 8.504 8.304 8.608 8.114 7.115 7.861 7.330 8.771
-9999.000 -9999.000 -9999.000 -9999.000 -9999.000 -9999.000 -9999.000 -9999.000 12.595 13.977 6.903 6.030 5.722 8.392 8.860 5.811 8.270 9.627 9.521 7.367 5.099 1.633 0.000 0.000 0.000 0.000 2.655 0.000 2.445 3.319 6.265 5.683 5.931 5.943 7.137 8.849 7.245 6.590 5.921 6.457 6.896 6.783 7.182 8.470 10.366 13.485 9.472 10.944 13.784 10.120 2.069 1.517 0.000 0.000 6.148 5.060 5.820 9.468 9.979 9.137 9.565 9.217 9.192 8.701 8.215 9.315 6.166 8.437 9.424 8.552
-9999.000 -9999.000 -9999.000 -9999.000 -9999.000 -9999.000 -9999.000 -9999.000 0.000 7.075 3.105 4.198 8.461 9.485 8.368 5.465 10.053 11.043 8.982 4.576 0.631 0.000 0.864 0.830 2.849 1.903 4.017 5.060 6.596 6.059 6.268 6.450 7.599 7.011 8.043 8.664 7.592 7.494 7.265 8.258 8.871 9.585 4.877 2.804 4.688 7.502 12.414 11.979 14.126 10.040 3.258 0.000 0.000 0.253 6.819 5.382 5.946 10.872 9.559 10.371 10.647 9.491 10.323 9.430 7.990 9.476 8.076 8.436 10.010 8.883
-9999.000 -9999.000 -9999.000 -9999.000 -9999.000 -9999.000 -9999.000 0.000 0.000 0.214 2.001 5.394 9.051 9.863 6.187 8.477 12.774 9.291 4.765 7.171 6.292 4.644 0.000 3.479 5.267 6.688 6.169 6.786 6.337 6.446 7.490 7.063 8.966 7.935 6.712 8.047 8.471 7.994 9.220 9.291 9.674 9.693 11.006 7.648 4.459 6.524 8.500 12.887 13.497 8.648 0.000 0.000 0.000 7.604 7.256 6.679 4.391 8.790 10.238 10.323 10.317 8.903 11.053 9.091 8.151 9.354 7.868 8.509 10.236 9.328
-9999.000 -9999.000 -9999.000 -9999.000 -9999.000 -9999.000 0.000 0.000 0.891 0.000 4.053 8.012 11.078 9.535 6.947 10.522 14.081 5.882 10.983 10.310 3.190 2.972 0.207 3.127 6.766 6.375 5.625 6.662 7.205 7.935 7.910 8.191 8.906 8.377 7.819 9.609 11.061 8.707 9.978 9.913 10.335 10.988 11.776 11.884 10.960 10.653 5.659 13.162 10.187 0.000 7.034 7.336 5.152 8.182 8.091 7.523 8.111 8.786 11.025 10.311 9.624 9.795 12.074 8.936 8.362 8.106 9.271 9.541 10.534 10.289
-9999.000 -9999.000 -9999.000 -9999.000 -9999.000 0.000 0.000 2.004 2.875 8.866 11.629 10.918 11.535 10.167 8.379 13.338 11.350 11.017 11.335 4.544 0.000 0.000 0.774 4.293 6.010 5.523 6.387 7.204 8.289 8.156 7.802 9.283 8.939 8.328 11.609 9.002 11.854 9.615 10.472 10.833 11.007 11.839 12.308 12.383 12.501 13.009 12.645 9.778 8.647 7.258 9.974 6.974 4.846 8.322 7.748 8.028 7.850 8.769 10.043 9.567 9.179 9.665 9.468 7.465 7.560 8.323 9.544 10.030 5.052 4.685
-9999.000 -9999.000 -9999.000 0.000 0.000 0.000 10.073 12.851 12.638 12.716 12.436 12.210 12.247 10.597 10.219 13.862 12.604 10.225 10.731 0.000 0.000 0.000 3.035 3.358 6.039 6.402 9.875 7.797 9.429 8.350 9.902 9.087 9.411 12.180 11.530 10.349 12.742 11.352 11.038 11.243 11.334 12.266 12.385 12.394 12.378 12.410 13.178 13.156 10.786 5.290 2.127 0.000 5.692 8.688 8.253 6.478 8.183 9.817 9.205 9.279 10.356 11.546 5.886 7.243 8.439 9.669 9.991 8.697 6.363 3.534
-9999.000 -9999.000 2.216 5.429 15.008 14.338 13.213 12.658 10.655 8.904 11.888 12.227 12.948 10.362 10.798 14.747 14.594 11.223 3.811 0.000 1.889 6.919 6.847 5.278 7.103 7.483 11.647 8.533 9.533 10.368 10.436 10.836 8.173 6.824 11.232 11.502 11.847 11.501 12.350 12.237 12.075 12.645 12.426 12.390 11.582 12.334 12.042 14.575 7.351 0.000 3.080 3.722 8.384 8.757 8.188 7.370 8.514 11.126 11.642 12.062 4.205 0.000 2.469 6.594 7.609 7.147 7.369 8.727 8.829 8.960
-9999.000 -9999.000 5.925 6.195 15.705 14.130 11.515 11.034 9.513 11.034 10.688 12.923 13.164 11.164 10.328 15.598 11.163 9.744 0.607 1.795 5.490 7.405 6.725 6.377 6.304 7.735 12.100 9.316 10.406 11.217 11.592 12.067 12.258 6.980 12.271 12.352 11.031 12.462 8.740 10.863 12.500 10.979 11.718 10.862 13.392 13.595 11.889 8.108 9.846 7.767 8.337 9.345 8.043 9.233 8.173 8.529 9.355 11.152 8.412 1.886 0.000 0.000 2.619 2.541 0.787 0.000 5.014 8.270 9.405 9.348
-9999.000 -9999.000 -9999.000 4.707 12.959 13.275 13.050 9.695 13.981 9.217 11.631 13.138 13.326 11.051 9.797 17.811 7.151 5.016 0.000 0.000 6.623 8.208 7.601 6.838 5.958 9.168 11.946 10.805 11.401 11.772 12.243 12.050 12.202 11.840 10.790 12.914 9.912 8.213 11.537 11.287 12.848 12.505 11.570 12.304 9.418 12.516 12.962 13.051 9.360 10.279 7.506 7.453 9.060 8.414 8.102 8.019 8.690 8.542 0.900 0.000 0.000 0.000 0.000 0.000 0.000 0.940 1.749 0.613 6.271 9.211
-9999.000 -9999.000 -9999.000 -9999.000 -9999.000 -9999.000 12.755 14.825 10.535 11.460 12.962 13.249 12.991 9.247 10.674 11.940 0.000 0.000 0.000 3.490 8.541 7.751 8.681 9.252 1.747 8.245 13.636 10.722 12.680 12.899 11.598 11.119 12.277 11.148 12.038 13.392 2.432 8.004 11.529 11.860 12.168 11.698 12.100 11.685 12.712 12.544 13.202 12.772 10.420 10.354 9.841 7.996 8.847 8.800 8.604 10.019 8.892 0.000 0.000 0.000 0.000 0.000 0.000 0.000 0.000 2.070 0.000 0.000 3.310 6.355
-9999.000 -9999.000 -9999.000 -9999.000 -9999.000 -9999.000 -9999.000 16.159 11.579 9.845 9.377 9.638 10.420 9.554 14.132 8.296 0.000 0.000 7.483 8.126 8.070 6.838 7.090 11.021 6.895 5.456 7.388 11.503 12.727 12.216 10.714 8.895 11.690 12.450 11.461 9.467 10.010 11.463 12.322 11.486 12.016 11.501 8.088 13.466 8.182 10.168 8.870 9.115 9.553 12.091 12.669 7.927 5.891 8.481 9.190 0.000 0.000 0.000 0.000 0.000 0.000 0.000 0.000 0.000 0.000 0.062 0.000 0.000 0.000 0.000
-9999.000 -9999.000 -9999.000 -9999.000 -9999.000 -9999.000 -9999.000 2.938 7.258 18.194 16.592 15.000 16.613 17.739 2.505 3.482 0.000 2.053 10.369 6.778 5.937 8.688 10.211 11.611 10.349 0.776 13.655 11.275 11.329 10.037 10.745 13.950 11.012 12.041 14.903 6.208 12.309 11.429 12.268 12.975 12.975 11.203 0.000 1.106 0.000 0.392 8.465 8.089 3.018 0.540 0.000 4.513 0.000 0.000 0.000 0.000 0.000 0.000 0.000 0.000 0.512 2.503 0.000 0.000 0.000 0.000 3.975 0.000 0.000 0.000
-9999.000 -9999.000 -9999.000 -9999.000 -9999.000 -9999.000 -9999.000 -9999.000 0.000 0.000 2.455 2.661 2.930 3.705 2.703 0.000 3.518 10.083 7.322 9.760 7.930 9.759 11.095 9.340 9.550 9.536 12.554 13.712 13.032 13.116 13.272 9.099 13.081 10.529 6.900 12.627 9.373 7.640 4.389 2.290 0.000 4.760 0.000 0.000 2.476 0.000 2.185 2.196 6.739 0.000 0.000 0.000 0.000 0.000 0.000 0.000 0.000 0.000 0.000 0.000 5.007 2.044 0.000 0.000 0.000 0.000 0.000 0.000 0.000 0.000
-9999.000 -9999.000 -9999.000 -9999.000 -9999.000 -9999.000 -9999.000 -9999.000 -9999.000 0.000 0.000 0.000 0.000 0.000 0.000 0.000 7.466 10.438 7.137 13.555 4.872 10.320 9.379 9.903 11.199 12.824 6.370 6.587 6.307 5.844 11.253 8.018 7.954 3.893 0.000 9.160 0.000 0.000 0.000 0.000 0.000 0.000 0.000 0.000 0.000 0.000 0.000 0.000 7.604 8.111 0.000 0.000 0.000 0.000 0.000 0.000 0.000 0.000 0.000 0.000 0.000 0.000 0.000 0.000 0.000 0.000 0.000 0.000 0.000 0.000
-9999.000 -9999.000 -9999.000 -9999.000 -9999.000 -9999.000 -9999.000 -9999.000 -9999.000 -9999.000 0.000 0.000 0.000 0.000 0.000 4.460 11.193 7.835 8.070 9.509 0.000 9.004 9.233 11.132 12.335 5.822 0.000 0.000 0.000 0.000 0.000 0.000 0.000 0.000 0.000 1.323 3.443 0.000 0.000 0.000 2.850 3.207 0.000 0.000 0.000 0.000 0.000 0.000 0.000 9.694 4.893 0.000 0.000 0.000 0.000 0.000 0.000 0.000 0.000 0.000 0.000 0.000 0.000 0.000 0.000 0.000 0.000 0.000 0.000 0.000
-9999.000 -9999.000 -9999.000 -9999.000 -9999.000 -9999.000 -9999.000 -9999.000 -9999.000 -9999.000 -9999.000 0.000 0.000 4.201 4.994 11.654 10.658 7.515 12.384 8.160 4.148 9.055 9.156 12.264 10.339 9.409 0.000 0.000 0.000 0.000 0.000 0.000 0.000 0.000 0.000 0.261 6.746 0.000 0.000 0.000 3.304 0.000 3.064 0.000 0.000 0.000 0.000 0.000 0.000 0.000 8.117 2.950 1.496 2.124 0.000 0.000 0.000 0.000 0.000 2.189 0.000 0.000 0.000 0.000 0.000 0.000 0.000 0.000 0.000 0.000
-9999.000 -9999.000 -9999.000 -9999.000 -9999.000 -9999.000 -9999.000 -9999.000 -9999.000 -9999.000 -9999.000 -9999.000 0.000 9.097 11.939 11.627 9.593 8.688 13.810 4.286 8.833 10.101 7.760 8.621 10.681 9.117 5.511 7.123 0.000 0.000 0.000 0.000 0.000 0.000 0.000 0.000 0.000 0.000 0.000 0.000 0.000 0.000 0.000 0.000 0.000 0.000 0.000 0.000 0.000 0.000 0.000 0.000 1.515 1.780 0.000 0.000 0.000 0.000 2.145 0.000 0.000 0.000 0.000 0.000 0.000 1.254 0.000 0.144 0.819 0.450
-9999.000 -9999.000 -9999.000 -9999.000 -9999.000 -9999.000 -9999.000 -9999.000 -9999.000 -9999.000 -9999.000 -9999.000 0.000 12.448 11.827 11.881 9.724 12.132 9.810 0.857 11.461 11.855 6.644 0.000 13.303 9.672 6.963 7.199 6.903 1.671 0.000 0.000 0.000 0.000 0.000 0.000 0.000 0.000 0.000 0.000 0.000 0.000 0.000 0.000 0.000 0.000 0.000 0.000 0.000 0.000 0.000 0.000 0.000 0.000 0.000 0.000 0.000 0.000 0.000 0.000 0.000 2.110 2.499 1.902 2.535 2.322 2.057 1.918 1.450 1.530
-9999.000 -9999.000 -9999.000 -9999.000 -9999.000 -9999.000 -9999.000 -9999.000 -9999.000 -9999.000 -9999.000 -9999.000 4.495 5.181 12.487 11.176 9.489 5.996 6.191 10.318 12.617 12.568 12.379 11.217 9.851 14.520 7.106 7.427 8.042 6.648 5.223 0.000 0.000 0.000 0.000 0.000 0.000 0.000 0.000 0.000 0.000 0.000 0.000 0.000 0.000 0.000 0.000 0.000 0.000 2.545 1.738 0.000 0.000 0.000 0.000 0.000 0.000 0.000 0.000 0.000 0.000 0.000 2.535 2.856 2.596 2.599 1.897 2.412 1.625 1.609
-9999.000 -9999.000 -9999.000 -9999.000 -9999.000 -9999.000 -9999.000 -9999.000 -9999.000 -9999.000 -9999.000 -9999.000 -9999.000 -9999.000 -9999.000 -9999.000 -9999.000 0.000 0.000 12.848 10.427 12.649 11.708 11.017 11.675 8.801 5.486 8.022 9.489 8.097 5.112 0.000 0.000 0.000 0.000 0.000 0.000 0.000 0.000 0.000 0.000 0.000 0.000 0.000 0.000 0.000 0.000 0.000 3.161 5.512 5.124 4.604 4.753 3.455 0.000 0.000 0.000 0.000 0.000 0.000 0.000 0.000 0.000 3.077 3.009 2.905 2.986 0.551 0.000 1.865
-9999.000 -9999.000 -9999.000 -9999.000 -9999.000 -9999.000 -9999.000 -9999.000 -9999.000 -9999.000 -9999.000 -9999.000 -9999.000 -9999.000 -9999.000 -9999.000 -9999.000 -9999.000 1.544 1.599 4.107 12.279 11.750 11.015 10.160 6.419 2.013 0.000 5.475 0.000 0.000 0.000 0.000 0.000 0.000 0.000 0.000 0.000 0.000 0.000 0.000 0.000 0.000 0.000 0.000 0.000 0.000 0.000 0.000 0.000 0.000 0.000 1.844 3.952 0.000 0.000 0.000 0.000 0.000 0.000 0.000 0.000 0.000 0.000 0.000 0.000 0.000 0.000 0.000 0.000
