test_integration/test_sample_run/example/results.meteodistr/output_maps/SWEN0047.asc
ncols         174
nrows         141
xllcorner     744500.000000
yllcorner     5140950.000000
cellsize      250.000000
NODATA_value  -9999.0
[rows 62 to 92 of 141, columns 69 to 137 of 174]
6.988 8.215 8.157 8.128 8.014 7.802 7.818 7.605 7.394 6.668 6.371 6.165 6.465 5.816 5.590 6.675 6.788 6.407 6.095 7.685 8.707 8.820 8.937 9.337 10.121 10.405 11.153 12.198 10.691 10.982 10.913 10.886 9.604 6.838 4.835 6.220 6.948 9.170 5.889 7.082 6.785 6.995 10.960 12.672 11.867 11.301 10.434 10.990 10.576 10.586 10.735 8.740 9.420 9.309 8.050 8.629 8.097 8.549 8.283 8.963 10.102 11.375 14.016 11.374 8.936 9.397 9.660 8.380 6.715
8.929 8.472 8.039 8.487 7.838 7.943 7.684 7.741 7.907 7.431 7.629 6.977 6.373 5.296 5.854 6.414 5.186 4.915 6.429 8.533 8.321 8.614 8.831 9.308 9.466 11.542 11.672 9.009 9.226 7.214 7.668 4.835 2.708 1.949 3.890 7.189 6.323 6.171 3.771 8.738 7.325 7.920 9.935 12.477 13.784 13.743 14.284 14.948 12.452 10.393 10.426 10.535 9.839 8.546 7.081 8.707 8.634 8.582 8.172 8.862 10.130 11.013 12.338 13.069 9.713 9.350 9.553 8.790 9.235
8.918 8.476 8.307 8.132 8.373 7.710 7.921 7.993 7.847 7.485 6.983 7.025 7.257 7.161 6.037 6.803 7.291 7.616 7.907 7.852 8.476 9.139 9.068 9.700 11.013 9.360 7.270 7.734 7.498 3.866 5.372 5.389 7.273 7.619 7.805 7.339 7.511 7.715 8.624 8.761 7.668 7.902 7.756 9.125 9.931 11.045 11.841 13.767 15.604 11.279 9.668 12.858 10.495 6.499 7.769 7.427 8.760 8.554 8.784 8.841 9.341 10.664 10.489 12.812 12.653 8.438 9.974 11.247 11.379
8.844 8.527 9.300 8.665 9.534 8.665 8.435 8.163 8.057 8.004 7.961 7.465 7.260 7.438 7.045 6.499 7.591 8.295 8.355 9.044 9.670 10.107 10.597 11.050 6.942 5.476 6.164 4.628 5.022 7.020 7.100 7.217 7.644 7.567 7.059 7.625 8.825 8.614 8.732 8.997 9.167 6.936 6.990 8.281 8.608 10.453 10.231 12.583 13.893 12.920 12.952 11.365 7.611 10.157 9.140 6.754 7.845 9.114 8.409 9.225 9.606 9.478 11.293 10.688 11.010 11.223 11.462 11.145 9.429
8.835 8.703 10.009 10.258 10.209 10.109 9.449 8.413 8.510 8.467 8.525 8.294 7.789 7.619 7.120 5.630 5.135 7.178 8.337 8.920 9.026 8.996 7.317 5.200 4.922 4.779 3.821 5.458 5.530 7.702 7.789 7.752 6.958 7.137 6.127 10.575 7.156 8.931 8.617 8.755 8.849 9.382 9.479 8.852 8.448 10.586 11.937 11.292 11.306 15.017 13.743 7.726 11.203 10.346 10.548 10.297 7.379 9.422 8.731 8.631 10.440 10.947 10.909 9.440 9.853 15.094 10.887 9.717 7.262
8.490 9.373 8.785 9.626 10.412 10.240 10.051 9.264 9.104 9.526 9.131 8.986 8.563 7.990 7.451 6.265 5.489 5.470 7.473 8.796 7.034 6.997 4.301 6.139 6.792 7.100 6.971 6.584 7.411 7.994 7.914 8.224 6.366 7.361 8.891 5.900 8.674 8.726 8.778 9.813 8.614 9.538 9.541 10.350 8.075 9.989 11.342 12.027 13.104 15.387 11.638 8.864 12.730 11.282 11.925 6.615 7.855 9.969 9.903 10.051 9.301 9.317 8.010 9.176 13.698 10.606 9.375 7.170 7.468
8.916 9.459 8.373 9.667 11.216 10.234 10.406 10.500 10.320 10.910 10.418 9.343 8.575 8.387 7.870 6.012 5.427 6.345 7.828 8.391 6.753 6.634 7.065 7.531 7.664 6.778 7.189 6.971 8.140 8.036 7.119 6.136 7.818 7.949 11.163 6.118 9.291 9.164 8.953 9.763 9.023 9.048 8.237 8.786 8.613 9.607 11.414 11.647 13.483 14.372 10.676 12.546 12.467 12.875 13.882 8.023 7.002 10.000 9.300 8.373 8.455 8.547 8.477 11.459 13.510 9.495 9.936 9.138 9.622
9.578 9.395 9.537 8.986 10.559 10.946 10.867 10.908 10.615 10.372 10.759 10.445 9.595 7.878 6.852 5.658 5.037 6.959 8.439 6.465 5.701 7.773 6.799 6.502 7.926 7.502 8.312 7.958 8.064 7.549 8.576 7.833 11.922 10.525 8.049 8.093 9.727 10.039 7.740 9.482 10.941 9.211 9.958 8.927 10.101 11.709 10.159 11.553 10.696 12.525 16.258 13.862 14.068 14.910 11.052 6.256 6.101 9.822 7.878 7.911 9.646 10.496 11.971 16.508 9.654 10.229 10.692 10.665 9.013
9.682 9.575 9.422 9.834 10.699 10.444 10.455 10.431 10.373 10.146 10.177 7.030 5.617 6.359 6.062 3.964 4.507 7.151 6.678 7.850 6.942 7.408 5.563 6.976 5.801 10.454 7.271 6.319 6.850 8.173 8.154 11.772 12.485 15.073 8.793 7.726 9.843 10.122 7.621 9.266 14.416 11.850 12.266 11.032 10.790 12.207 12.534 12.003 11.805 12.573 16.344 13.443 13.724 15.086 8.972 4.783 7.997 10.350 8.034 8.337 10.867 11.133 11.016 10.561 10.716 11.793 11.492 9.343 -9999.000
9.905 9.727 9.650 10.042 10.780 10.484 10.465 10.442 10.335 10.168 7.598 2.004 2.468 5.219 5.796 3.010 4.278 5.661 6.716 7.705 6.252 6.240 6.133 8.547 6.946 8.607 7.172 8.406 7.728 10.895 7.576 10.165 13.651 13.434 10.462 8.556 10.030 10.398 8.592 11.524 12.262 15.123 15.593 13.384 11.496 12.954 13.145 13.760 12.682 11.809 12.239 16.461 15.683 12.461 9.365 7.053 8.445 10.564 9.888 9.617 9.485 10.450 10.276 8.772 11.190 13.266 12.010 -9999.000 -9999.000
9.955 9.673 9.603 10.204 10.645 10.446 10.371 10.007 10.481 10.392 7.682 5.273 5.217 4.461 3.676 4.151 4.406 6.135 7.890 6.431 5.457 5.941 7.852 11.547 11.269 6.838 8.617 9.305 9.556 10.126 8.222 9.109 15.148 12.695 10.692 9.989 10.450 10.548 10.923 12.661 12.956 11.884 14.538 15.668 12.614 13.082 12.864 12.183 12.935 13.749 12.673 13.811 13.539 11.598 7.995 6.614 9.793 10.884 10.639 10.909 10.541 11.010 10.547 10.985 11.413 11.404 -9999.000 -9999.000 -9999.000
10.029 9.756 9.938 10.539 10.411 10.240 9.750 10.539 10.833 10.025 7.026 5.091 6.015 4.129 3.813 4.058 4.511 6.211 8.303 6.400 4.562 5.971 9.359 11.019 13.265 10.324 11.353 12.776 8.691 11.046 9.091 10.114 16.119 13.107 11.817 12.226 10.320 11.504 11.597 13.233 13.193 14.677 14.568 15.125 15.678 13.577 12.779 12.527 13.906 14.704 15.041 15.456 13.318 9.139 9.469 7.080 10.774 11.003 10.785 10.807 11.632 11.343 11.178 11.967 12.134 10.674 -9999.000 -9999.000 -9999.000
9.666 10.276 10.393 10.245 10.014 9.153 9.610 11.336 10.582 8.320 5.937 5.152 6.230 6.583 4.794 2.845 4.763 6.386 4.195 6.131 4.185 6.249 9.658 10.451 12.489 14.013 14.997 11.571 11.142 8.901 9.970 11.485 16.668 15.229 10.847 11.408 12.498 12.524 11.967 12.966 12.528 14.909 14.333 14.037 15.362 13.638 12.206 13.060 13.121 12.749 14.361 16.753 12.771 11.136 9.728 9.354 11.076 11.108 11.026 11.371 11.096 10.746 9.890 9.218 10.379 11.016 -9999.000 -9999.000 -9999.000
10.263 10.266 10.174 10.182 9.191 9.933 11.014 9.835 8.252 6.095 5.728 4.449 4.726 4.639 4.199 3.462 4.773 4.072 3.176 6.289 6.483 7.852 10.739 7.490 8.592 10.870 9.812 9.987 12.723 14.166 13.662 13.434 17.866 9.967 12.074 14.439 14.092 12.375 13.399 12.408 14.010 14.544 13.225 14.486 14.248 14.431 13.952 17.158 16.207 17.462 14.905 11.514 10.605 9.919 10.479 11.236 10.827 11.013 10.988 10.911 9.457 9.575 10.299 11.483 11.900 -9999.000 -9999.000 -9999.000 -9999.000
10.273 9.917 10.069 9.841 9.823 11.095 9.865 7.355 5.850 4.682 4.260 4.399 4.390 3.565 3.174 3.560 4.081 4.305 4.945 6.071 6.672 5.824 4.506 6.760 7.012 8.391 7.200 11.315 10.191 12.436 13.733 15.051 16.751 12.470 13.757 14.464 14.486 12.155 12.458 12.064 15.796 13.377 13.165 16.005 20.031 19.234 19.224 15.156 12.639 10.908 10.846 9.826 10.548 10.637 10.562 10.723 10.725 11.527 11.159 10.367 10.527 11.544 11.579 12.637 9.952 -9999.000 -9999.000 -9999.000 -9999.000
9.734 9.735 9.746 9.825 10.431 10.260 7.280 4.901 4.906 4.479 4.469 3.634 3.537 1.750 2.353 3.848 3.832 5.853 6.645 7.265 7.574 8.390 8.077 8.963 9.375 7.584 10.299 11.501 11.452 11.389 12.065 17.051 14.076 16.078 15.028 12.995 14.039 12.683 15.041 18.864 19.648 18.221 19.522 17.729 12.599 13.122 11.696 12.078 12.230 13.577 11.782 10.663 10.977 11.119 12.118 11.986 11.764 11.565 11.264 10.933 11.133 11.738 12.017 10.109 5.478 -9999.000 -9999.000 -9999.000 -9999.000
9.471 9.629 9.451 9.798 10.454 8.718 5.908 5.307 6.882 5.896 5.567 3.519 2.996 1.902 3.686 3.721 3.954 4.844 6.101 7.351 7.296 9.627 9.229 9.792 10.093 10.806 9.982 10.359 11.882 13.445 14.923 12.323 12.293 17.885 16.729 16.632 16.128 16.303 19.225 13.106 10.968 12.044 11.268 10.667 10.651 12.260 13.528 14.823 15.228 14.433 11.307 12.545 13.453 12.758 12.673 11.242 11.595 11.612 11.390 10.953 11.025 11.949 11.502 10.600 7.573 -9999.000 -9999.000 -9999.000 -9999.000
9.345 9.608 9.767 9.988 9.330 8.321 8.156 7.654 7.922 6.839 5.373 3.730 3.337 2.714 3.580 3.907 4.445 5.233 4.962 5.325 5.598 6.818 8.744 9.165 11.741 11.655 11.309 12.214 12.345 12.475 13.582 11.378 12.555 12.961 12.917 16.283 16.965 16.436 11.579 10.020 8.364 10.071 9.312 9.759 11.759 12.957 14.470 15.001 13.268 14.285 14.032 13.640 14.063 14.284 11.287 10.672 11.873 11.942 11.755 11.348 10.536 11.174 10.456 9.861 7.125 -9999.000 -9999.000 -9999.000 -9999.000
9.464 9.470 9.625 8.683 8.275 8.555 8.577 7.855 6.945 5.189 4.905 4.965 4.190 2.412 3.467 5.050 5.664 6.679 6.459 6.766 6.273 6.800 8.009 8.842 10.338 10.517 10.991 11.037 11.787 12.926 12.250 11.647 10.908 11.566 12.691 13.320 13.209 11.280 9.841 9.335 9.797 11.001 12.200 12.137 13.587 12.976 15.316 14.440 13.482 16.005 15.684 15.808 12.652 10.737 10.667 11.342 12.291 12.020 11.889 11.803 11.417 11.058 10.314 10.816 10.076 -9999.000 -9999.000 -9999.000 -9999.000
9.204 8.513 6.143 6.079 6.484 8.749 8.542 7.954 7.035 6.378 6.156 5.676 2.795 2.303 3.908 5.783 6.305 6.805 7.154 7.283 6.309 6.163 7.469 8.465 9.815 9.025 10.376 10.832 11.716 12.264 11.532 10.550 10.075 11.882 12.102 11.953 11.745 10.217 8.890 8.954 10.488 11.619 12.177 11.650 12.094 13.893 14.792 12.421 14.968 15.233 15.353 12.907 11.525 12.470 13.119 12.782 12.258 11.831 11.759 11.895 11.804 11.418 11.541 11.767 12.127 11.265 -9999.000 -9999.000 -9999.000
6.945 4.695 3.908 4.294 5.823 5.037 5.728 7.185 7.698 6.018 6.039 3.215 0.885 2.691 4.634 6.063 6.571 6.993 6.975 6.905 6.850 7.452 7.577 8.205 9.095 10.093 10.015 10.697 11.458 10.984 11.530 10.180 10.945 12.191 12.380 12.692 13.478 10.429 10.799 11.910 11.449 10.722 10.990 12.696 11.521 13.698 11.637 12.637 14.762 13.050 12.163 14.477 14.198 13.782 13.060 12.861 12.534 12.311 11.822 11.751 11.963 11.457 11.179 11.890 12.689 12.261 -9999.000 -9999.000 -9999.000
5.918 5.104 2.610 2.760 3.805 2.483 4.239 5.943 7.086 4.688 3.233 0.000 0.639 3.073 4.091 5.952 6.789 7.207 5.763 7.396 7.274 7.538 7.861 8.037 7.869 9.770 10.500 10.820 10.380 11.523 12.238 11.172 10.288 11.494 12.505 13.712 14.708 10.896 9.918 10.629 9.155 9.878 10.651 11.485 10.511 10.518 10.564 12.689 12.670 12.576 13.854 14.803 14.968 14.314 14.360 13.209 13.890 13.252 12.135 11.927 11.718 11.361 12.372 12.324 11.938 12.210 -9999.000 -9999.000 -9999.000
5.446 5.031 3.303 2.357 2.682 1.843 3.348 5.204 3.393 3.255 2.238 1.114 1.187 3.808 4.240 6.435 6.754 5.384 5.362 6.989 6.648 7.433 8.172 8.389 8.843 9.034 9.609 10.499 10.626 11.555 13.271 11.208 11.138 11.133 12.339 12.535 9.095 7.006 7.412 7.534 10.422 12.372 12.573 12.596 12.537 12.831 12.749 13.048 13.857 14.172 13.841 13.876 16.119 14.398 14.505 14.313 14.418 11.991 12.339 12.489 11.544 12.730 12.873 12.674 12.161 -9999.000 -9999.000 -9999.000 -9999.000
3.277 4.035 2.978 2.158 0.719 1.270 2.598 1.491 0.326 4.740 3.039 0.904 0.747 4.826 4.444 5.709 4.750 3.651 5.137 5.936 6.588 7.610 7.801 8.279 8.591 9.440 10.114 10.635 11.164 12.302 12.299 10.317 10.451 9.019 9.865 6.435 5.186 7.874 10.997 11.461 11.357 11.245 11.236 11.449 12.008 12.200 12.580 13.309 13.376 13.931 13.429 14.526 16.260 15.951 15.574 14.813 12.612 12.421 12.592 12.683 12.264 13.512 13.323 12.768 12.188 -9999.000 -9999.000 -9999.000 -9999.000
1.788 1.405 1.319 1.213 1.768 2.114 1.321 1.198 1.776 1.643 0.590 0.000 1.385 3.407 3.245 3.934 3.152 3.662 5.117 6.512 7.141 7.632 7.792 8.304 8.959 10.166 10.862 11.212 11.102 10.626 8.355 7.892 8.181 7.712 8.814 9.053 9.119 11.124 10.554 9.928 10.486 11.235 12.318 13.542 13.446 13.989 13.214 13.563 13.927 15.002 14.552 14.624 14.410 14.920 14.321 13.493 12.858 12.167 13.159 12.868 13.169 13.188 13.867 12.679 12.362 -9999.000 -9999.000 -9999.000 -9999.000
0.209 0.000 0.000 0.493 2.922 2.361 1.306 1.554 0.460 0.571 0.000 0.000 1.366 0.043 1.551 1.577 1.852 3.594 5.594 6.582 6.570 7.102 7.231 8.640 9.541 9.315 8.010 8.291 8.659 6.227 6.103 6.892 7.248 8.795 8.824 9.002 10.139 10.124 10.236 11.075 11.581 13.704 14.428 15.201 16.247 15.101 13.873 14.266 14.932 14.995 14.922 14.975 15.161 15.573 15.170 14.003 12.440 13.202 13.244 13.168 13.455 13.580 13.787 12.771 13.048 -9999.000 -9999.000 -9999.000 -9999.000
3.829 3.771 3.787 3.654 3.873 3.437 2.864 0.685 0.483 0.442 0.281 0.972 0.481 1.342 2.253 2.461 2.946 3.159 3.922 4.601 5.392 7.001 7.351 7.260 5.789 5.407 6.244 7.857 6.998 7.675 7.086 8.251 9.083 9.792 9.507 9.697 9.137 10.031 10.356 11.965 14.015 14.468 14.724 16.225 15.215 15.081 14.856 14.552 14.477 13.686 14.268 14.067 15.006 15.668 15.154 14.372 13.850 13.578 13.287 13.438 13.807 13.616 12.993 14.362 13.151 -9999.000 -9999.000 -9999.000 -9999.000
3.538 3.422 3.572 3.931 3.915 3.774 3.641 2.284 1.367 0.000 0.665 0.000 0.090 3.340 3.970 4.329 4.782 5.053 3.154 3.820 4.742 6.111 7.512 5.377 5.298 6.900 5.985 6.517 5.859 6.493 7.503 9.197 9.321 8.943 9.830 9.927 10.173 10.939 12.591 14.827 15.954 14.427 15.665 16.534 14.826 14.213 14.317 14.897 13.823 14.963 15.396 15.574 15.478 15.540 15.311 15.086 14.499 13.960 13.743 13.930 14.064 13.952 13.359 13.844 14.589 -9999.000 -9999.000 -9999.000 -9999.000
3.329 3.908 3.463 2.744 2.930 2.218 2.445 1.983 1.957 0.000 0.000 0.000 1.772 3.364 4.524 4.796 5.346 5.301 5.472 5.739 5.057 5.094 6.083 5.650 7.257 7.314 7.291 7.932 8.120 8.360 8.347 8.991 9.560 10.135 11.494 11.328 11.292 12.388 13.357 15.501 16.013 16.616 15.888 16.146 16.959 15.662 14.026 14.050 14.230 14.926 16.302 16.172 16.061 13.646 14.461 14.141 14.702 14.170 13.724 13.834 14.115 14.174 13.835 12.073 -9999.000 -9999.000 -9999.000 -9999.000 -9999.000
3.598 1.791 1.231 0.387 0.844 0.523 0.698 0.000 0.000 0.000 0.000 1.727 2.766 3.935 4.263 5.017 5.706 5.977 6.319 6.548 6.322 6.011 5.551 6.833 6.995 7.548 7.267 6.675 7.497 9.663 9.787 10.200 11.249 12.846 13.464 13.711 13.274 13.935 15.282 13.012 13.352 15.130 15.854 16.718 17.331 16.723 14.806 13.874 -9999.000 -9999.000 -9999.000 -9999.000 -9999.000 -9999.000 -9999.000 14.882 13.795 14.485 14.179 13.737 13.991 14.250 14.052 -9999.000 -9999.000 -9999.000 -9999.000 -9999.000 -9999.000
1.623 0.062 0.000 0.000 0.000 0.000 0.000 0.000 0.000 0.000 0.000 1.632 2.086 3.141 3.517 4.643 5.746 6.281 6.639 6.999 6.753 6.592 6.822 7.207 7.213 7.680 9.359 9.935 8.748 8.386 9.841 9.856 11.145 10.155 11.561 12.666 13.462 14.102 13.242 14.279 14.107 14.337 16.788 16.304 -9999.000 -9999.000 -9999.000 -9999.000 -9999.000 -9999.000 -9999.000 -9999.000 -9999.000 -9999.000 -9999.000 -9999.000 -9999.000 14.157 14.502 13.943 13.701 14.023 -9999.000 -9999.000 -9999.000 -9999.000 -9999.000 -9999.000 -9999.000
