test_integration/test_sample_run/example/results.meteodistr/output_maps/SWEN0049.asc
ncols         174
nrows         141
xllcorner     744500.000000
yllcorner     5140950.000000
cellsize      250.000000
NODATA_value  -9999.0
[rows 31 to 61 of 141, columns 0 to 68 of 174]
-9999.000 -9999.000 -9999.000 -9999.000 -9999.000 -9999.000 -9999.000 -9999.000 -9999.000 -9999.000 -9999.000 -9999.000 -9999.000 -9999.000 -9999.000 -9999.000 -9999.000 -9999.000 -9999.000 -9999.000 -9999.000 -9999.000 -9999.000 -9999.000 -9999.000 -9999.000 -9999.000 -9999.000 -9999.000 -9999.000 -9999.000 -9999.000 -9999.000 -9999.000 -9999.000 -9999.000 -9999.000 9.480 5.999 12.556 14.094 13.847 11.675 14.834 15.632 7.924 6.637 10.237 -9999.000 -9999.000 -9999.000 -9999.000 -9999.000 -9999.000 -9999.000 -9999.000 -9999.000 -9999.000 -9999.000 9.998 11.521 12.566 11.175 10.413 15.315 19.332 15.405 10.564 10.367
-9999.000 -9999.000 -9999.000 -9999.000 -9999.000 -9999.000 -9999.000 -9999.000 -9999.000 -9999.000 -9999.000 -9999.000 -9999.000 -9999.000 -9999.000 -9999.000 -9999.000 -9999.000 -9999.000 -9999.000 -9999.000 -9999.000 -9999.000 -9999.000 -9999.000 -9999.000 -9999.000 -9999.000 -9999.000 -9999.000 -9999.000 -9999.000 -9999.000 -9999.000 -9999.000 -9999.000 10.606 11.336 14.291 13.555 14.145 12.087 10.407 10.460 8.938 7.781 12.838 13.034 11.457 -9999.000 -9999.000 -9999.000 -9999.000 -9999.000 -9999.000 -9999.000 2.455 7.275 11.066 16.090 12.062 11.013 9.212 11.403 12.988 15.916 22.184 11.993 10.282
-9999.000 -9999.000 -9999.000 -9999.000 -9999.000 -9999.000 -9999.000 -9999.000 -9999.000 -9999.000 -9999.000 -9999.000 -9999.000 -9999.000 -9999.000 -9999.000 -9999.000 -9999.000 -9999.000 -9999.000 -9999.000 -9999.000 -9999.000 -9999.000 -9999.000 -9999.000 -9999.000 -9999.000 -9999.000 -9999.000 -9999.000 -9999.000 -9999.000 -9999.000 -9999.000 8.989 11.148 14.111 15.018 15.299 11.286 9.997 9.981 7.017 6.503 6.783 10.714 10.210 8.591 8.809 9.559 18.478 10.432 11.117 9.108 6.967 1.941 10.374 10.871 11.164 10.275 12.135 8.091 9.052 13.548 15.609 11.142 14.036 12.624
-9999.000 -9999.000 -9999.000 -9999.000 -9999.000 -9999.000 -9999.000 -9999.000 -9999.000 -9999.000 -9999.000 -9999.000 -9999.000 -9999.000 -9999.000 -9999.000 -9999.000 -9999.000 -9999.000 -9999.000 -9999.000 -9999.000 -9999.000 -9999.000 -9999.000 -9999.000 -9999.000 -9999.000 -9999.000 -9999.000 -9999.000 -9999.000 -9999.000 5.746 7.555 9.444 11.509 11.621 13.965 15.469 11.452 11.832 8.712 7.392 7.306 10.946 13.523 12.973 13.699 15.559 11.896 11.565 10.879 14.286 15.043 14.482 11.503 11.164 9.549 8.119 10.940 11.289 6.917 8.829 11.349 10.804 9.957 11.238 16.702
-9999.000 -9999.000 -9999.000 -9999.000 -9999.000 -9999.000 -9999.000 -9999.000 -9999.000 -9999.000 -9999.000 -9999.000 -9999.000 -9999.000 -9999.000 -9999.000 -9999.000 -9999.000 -9999.000 -9999.000 -9999.000 -9999.000 -9999.000 -9999.000 -9999.000 -9999.000 -9999.000 -9999.000 -9999.000 -9999.000 -9999.000 -9999.000 6.574 6.111 10.252 10.852 10.597 9.612 14.591 14.452 11.842 11.519 7.712 8.332 9.897 10.441 11.750 11.452 15.198 17.826 14.970 11.271 18.947 11.375 14.474 15.025 12.358 12.103 7.213 8.650 11.274 10.743 8.039 9.225 9.748 9.028 10.975 12.306 17.760
-9999.000 -9999.000 -9999.000 -9999.000 -9999.000 -9999.000 -9999.000 -9999.000 -9999.000 -9999.000 -9999.000 -9999.000 -9999.000 -9999.000 -9999.000 -9999.000 -9999.000 -9999.000 -9999.000 -9999.000 -9999.000 -9999.000 -9999.000 -9999.000 -9999.000 -9999.000 -9999.000 -9999.000 -9999.000 -9999.000 -9999.000 -9999.000 -9999.000 8.147 9.988 9.433 10.220 11.123 10.204 10.429 10.702 9.784 8.381 9.526 10.521 11.030 11.336 14.895 11.166 11.404 16.847 16.694 11.636 14.050 15.503 12.747 11.836 12.598 10.219 7.962 7.945 8.250 9.235 9.681 8.471 12.545 15.105 12.580 16.968
-9999.000 -9999.000 -9999.000 -9999.000 -9999.000 -9999.000 -9999.000 -9999.000 -9999.000 -9999.000 -9999.000 -9999.000 -9999.000 -9999.000 -9999.000 -9999.000 -9999.000 -9999.000 -9999.000 -9999.000 -9999.000 -9999.000 -9999.000 -9999.000 -9999.000 -9999.000 -9999.000 -9999.000 -9999.000 -9999.000 -9999.000 -9999.000 -9999.000 11.748 13.641 10.346 7.678 9.271 4.972 8.048 9.082 11.835 8.557 9.912 10.074 10.435 11.981 10.558 11.455 13.677 14.510 18.474 10.273 6.743 8.826 11.507 12.652 11.073 11.643 7.952 4.140 5.240 8.793 8.722 10.022 11.706 12.795 14.765 13.499
-9999.000 -9999.000 -9999.000 -9999.000 -9999.000 -9999.000 -9999.000 -9999.000 -9999.000 -9999.000 -9999.000 -9999.000 -9999.000 -9999.000 -9999.000 -9999.000 -9999.000 -9999.000 -9999.000 -9999.000 -9999.000 -9999.000 -9999.000 -9999.000 -9999.000 -9999.000 -9999.000 -9999.000 -9999.000 -9999.000 -9999.000 -9999.000 -9999.000 12.884 12.905 11.378 11.459 5.910 6.615 6.044 6.464 8.001 7.771 9.277 10.935 10.590 11.165 12.109 14.254 15.387 10.984 10.273 10.181 10.813 7.506 9.495 16.858 10.296 9.943 10.185 5.620 6.010 8.419 8.311 9.166 10.374 15.095 18.980 10.105
-9999.000 -9999.000 -9999.000 -9999.000 -9999.000 -9999.000 -9999.000 -9999.000 -9999.000 -9999.000 -9999.000 -9999.000 -9999.000 -9999.000 -9999.000 -9999.000 -9999.000 -9999.000 -9999.000 -9999.000 -9999.000 -9999.000 -9999.000 -9999.000 -9999.000 -9999.000 -9999.000 -9999.000 -9999.000 -9999.000 -9999.000 -9999.000 -9999.000 6.958 11.545 12.026 10.174 7.161 6.180 3.235 4.756 4.129 7.198 8.818 10.291 12.742 10.260 11.220 12.134 10.302 9.303 9.785 13.493 12.308 8.641 9.067 10.980 12.373 9.376 10.198 6.102 6.632 8.357 6.686 8.801 12.285 14.232 16.882 9.910
-9999.000 -9999.000 -9999.000 -9999.000 -9999.000 -9999.000 -9999.000 -9999.000 -9999.000 -9999.000 -9999.000 -9999.000 -9999.000 -9999.000 -9999.000 -9999.000 -9999.000 -9999.000 -9999.000 -9999.000 -9999.000 -9999.000 -9999.000 -9999.000 -9999.000 -9999.000 -9999.000 -9999.000 -9999.000 -9999.000 -9999.000 -9999.000 1.191 2.424 6.792 7.294 6.074 10.271 11.636 9.977 7.357 4.140 5.969 8.445 9.658 12.458 8.387 9.140 9.980 9.915 10.417 11.532 13.449 12.259 10.526 7.848 8.482 10.948 11.631 9.450 7.636 9.304 7.791 7.387 7.817 10.149 14.441 11.354 11.216
-9999.000 -9999.000 -9999.000 -9999.000 -9999.000 -9999.000 -9999.000 -9999.000 -9999.000 -9999.000 -9999.000 -9999.000 -9999.000 -9999.000 -9999.000 -9999.000 -9999.000 -9999.000 -9999.000 -9999.000 -9999.000 -9999.000 -9999.000 -9999.000 -9999.000 -9999.000 -9999.000 -9999.000 -9999.000 -9999.000 -9999.000 1.391 1.988 6.382 8.098 9.569 12.406 11.611 11.171 10.644 10.580 8.219 6.370 7.529 8.549 9.343 5.878 8.917 7.899 7.595 10.601 9.066 10.413 11.970 9.428 4.363 7.203 8.174 8.991 7.541 9.214 8.482 7.832 7.622 8.880 9.815 13.673 9.583 9.987
-9999.000 -9999.000 -9999.000 -9999.000 -9999.000 -9999.000 -9999.000 -9999.000 -9999.000 -9999.000 -9999.000 -9999.000 -9999.000 -9999.000 -9999.000 -9999.000 -9999.000 -9999.000 -9999.000 -9999.000 -9999.000 -9999.000 -9999.000 -9999.000 -9999.000 -9999.000 -9999.000 -9999.000 -9999.000 -9999.000 4.884 6.679 13.121 13.200 11.705 12.523 11.204 9.932 10.212 9.724 9.790 10.093 7.938 6.418 5.940 3.660 5.035 7.882 6.077 6.293 7.375 7.843 8.896 9.582 9.307 9.030 7.210 7.677 14.092 10.248 8.361 7.394 9.005 8.724 7.442 10.372 9.881 9.814 9.208
-9999.000 -9999.000 -9999.000 -9999.000 -9999.000 -9999.000 -9999.000 -9999.000 -9999.000 -9999.000 -9999.000 -9999.000 -9999.000 -9999.000 -9999.000 -9999.000 -9999.000 -9999.000 -9999.000 -9999.000 -9999.000 -9999.000 -9999.000 -9999.000 -9999.000 -9999.000 -9999.000 -9999.000 -9999.000 -9999.000 6.861 14.696 13.232 13.319 13.083 12.495 10.392 10.962 11.818 10.761 8.923 8.547 7.558 7.108 2.486 1.227 5.032 3.456 5.217 3.805 4.413 8.816 7.440 6.847 8.946 9.290 5.942 8.273 10.714 10.478 8.347 7.289 8.567 8.556 10.234 9.661 7.608 7.835 4.864
-9999.000 -9999.000 -9999.000 -9999.000 -9999.000 -9999.000 -9999.000 -9999.000 -9999.000 -9999.000 -9999.000 -9999.000 -9999.000 -9999.000 -9999.000 -9999.000 -9999.000 -9999.000 -9999.000 -9999.000 -9999.000 -9999.000 -9999.000 -9999.000 -9999.000 -9999.000 -9999.000 -9999.000 -9999.000 -9999.000 13.807 13.690 14.909 12.934 13.972 12.643 10.835 15.218 10.633 8.630 4.664 6.770 9.751 9.344 10.211 8.966 5.600 2.701 2.495 3.999 4.699 5.045 6.481 5.159 7.952 4.631 7.820 9.317 6.948 8.747 5.536 5.532 8.753 7.859 9.261 12.181 6.601 5.739 2.935
-9999.000 -9999.000 -9999.000 -9999.000 -9999.000 -9999.000 -9999.000 -9999.000 -9999.000 -9999.000 -9999.000 -9999.000 -9999.000 -9999.000 -9999.000 -9999.000 -9999.000 -9999.000 -9999.000 -9999.000 -9999.000 -9999.000 10.400 10.878 10.348 10.720 11.617 -9999.000 -9999.000 -9999.000 14.708 14.279 15.182 12.624 14.028 11.677 16.088 10.456 6.779 5.082 6.197 10.932 9.761 9.300 9.165 9.408 9.539 9.375 5.364 3.483 3.774 4.189 3.990 4.289 4.086 4.385 7.719 5.547 4.129 4.209 2.589 1.717 7.732 7.819 10.324 11.022 6.317 3.216 6.523
-9999.000 -9999.000 -9999.000 -9999.000 -9999.000 -9999.000 -9999.000 -9999.000 -9999.000 -9999.000 -9999.000 -9999.000 -9999.000 -9999.000 -9999.000 -9999.000 -9999.000 -9999.000 -9999.000 -9999.000 -9999.000 10.395 10.988 13.953 13.621 12.953 14.872 13.225 -9999.000 10.920 15.190 15.344 15.295 16.911 13.691 15.682 9.671 10.000 6.797 5.642 9.394 9.576 8.892 11.346 9.384 8.610 8.975 8.051 8.949 6.028 5.214 5.191 3.501 3.587 1.303 4.382 3.504 1.477 1.344 0.000 0.000 4.505 6.997 8.188 9.766 9.744 8.536 7.211 7.377
-9999.000 -9999.000 -9999.000 -9999.000 -9999.000 -9999.000 -9999.000 -9999.000 -9999.000 -9999.000 -9999.000 -9999.000 -9999.000 -9999.000 -9999.000 -9999.000 -9999.000 -9999.000 -9999.000 8.554 9.041 10.929 13.640 13.661 12.984 14.237 14.471 15.735 15.331 14.028 14.658 15.032 13.105 11.340 13.242 9.297 5.921 6.819 5.333 8.033 10.292 8.878 10.807 11.384 10.290 9.668 9.364 8.370 7.596 6.976 4.784 3.160 3.194 1.441 0.565 1.286 1.126 0.000 0.000 0.000 0.000 6.156 6.934 7.688 6.002 8.409 5.907 4.625 8.267
-9999.000 -9999.000 -9999.000 -9999.000 -9999.000 -9999.000 -9999.000 -9999.000 -9999.000 -9999.000 -9999.000 -9999.000 -9999.000 -9999.000 -9999.000 -9999.000 5.153 5.215 6.383 8.543 13.007 12.743 13.589 13.774 13.745 12.504 15.525 13.592 14.249 16.849 14.543 12.717 11.545 8.921 7.375 7.389 6.738 6.343 8.106 10.678 9.861 10.354 11.020 10.962 10.953 12.215 11.133 10.791 8.029 7.887 5.991 4.199 3.981 3.776 4.708 5.002 5.040 4.884 3.183 2.742 4.977 4.520 4.673 2.624 5.988 5.983 4.008 4.818 9.154
-9999.000 -9999.000 -9999.000 -9999.000 -9999.000 -9999.000 -9999.000 -9999.000 -9999.000 -9999.000 -9999.000 -9999.000 -9999.000 -9999.000 -9999.000 -9999.000 3.019 9.993 11.338 11.782 12.950 13.167 13.382 13.301 14.613 13.539 11.804 14.241 18.428 16.646 18.592 12.424 11.881 7.742 7.466 6.616 7.134 8.730 11.109 10.032 11.512 10.025 11.956 14.096 12.424 10.237 9.339 5.431 5.754 7.424 4.975 5.857 5.050 5.117 4.924 4.561 4.523 4.559 5.133 4.975 5.041 2.678 0.402 0.711 3.461 2.804 1.496 7.483 8.798
-9999.000 -9999.000 -9999.000 -9999.000 -9999.000 -9999.000 -9999.000 -9999.000 -9999.000 -9999.000 -9999.000 -9999.000 -9999.000 -9999.000 -9999.000 4.798 5.123 11.223 11.703 12.712 13.023 13.184 13.499 13.581 13.351 15.478 14.522 12.054 15.087 16.655 11.887 10.860 9.191 8.822 8.135 9.241 11.640 11.026 10.306 11.767 12.127 10.451 12.062 9.634 7.946 8.041 7.448 6.023 5.032 4.413 4.591 6.061 7.408 8.361 7.992 7.769 7.794 7.608 7.490 7.905 5.905 5.273 3.246 2.172 1.636 1.689 2.565 6.716 6.779
-9999.000 -9999.000 -9999.000 -9999.000 -9999.000 -9999.000 -9999.000 -9999.000 -9999.000 -9999.000 -9999.000 -9999.000 -9999.000 -9999.000 3.737 5.804 10.833 11.075 11.873 12.894 12.882 13.182 13.448 13.711 13.143 14.990 15.294 14.931 14.228 15.248 10.526 11.201 9.822 9.950 9.749 12.187 11.917 11.106 12.139 13.584 11.885 13.874 8.195 7.657 4.183 6.215 4.266 4.750 3.424 3.855 6.358 8.412 8.110 8.019 8.071 7.835 7.734 7.671 7.935 7.703 6.911 5.816 4.046 3.245 1.919 0.493 3.562 4.874 5.289
-9999.000 -9999.000 -9999.000 -9999.000 -9999.000 -9999.000 -9999.000 -9999.000 -9999.000 -9999.000 -9999.000 -9999.000 -9999.000 3.262 5.248 10.911 10.684 11.228 11.446 12.704 13.129 13.263 13.479 13.379 13.586 13.875 15.795 17.189 10.173 9.279 8.979 10.880 10.538 11.148 11.880 11.883 12.781 12.560 13.766 13.572 12.871 11.018 7.300 7.241 7.309 6.427 4.285 4.420 3.892 4.563 8.009 8.248 7.987 8.520 8.581 9.077 8.641 9.082 9.104 7.855 7.553 7.695 5.447 4.993 4.008 3.235 4.017 3.191 2.751
-9999.000 -9999.000 -9999.000 -9999.000 -9999.000 -9999.000 -9999.000 -9999.000 -9999.000 -9999.000 -9999.000 -9999.000 1.502 5.008 9.851 10.676 10.427 11.149 12.029 12.575 13.012 13.535 13.971 13.634 13.684 14.006 11.501 11.956 11.926 10.224 10.712 11.007 11.842 13.327 12.356 13.365 13.285 13.530 13.877 13.827 10.638 7.193 6.050 7.187 9.218 7.022 5.296 5.069 5.978 6.481 8.215 8.048 8.874 9.383 9.437 9.801 9.821 9.737 9.773 8.489 7.959 7.865 6.387 5.619 4.757 4.234 3.614 1.592 1.450
-9999.000 -9999.000 -9999.000 -9999.000 5.490 -9999.000 -9999.000 -9999.000 -9999.000 -9999.000 -9999.000 2.730 4.603 9.939 10.399 9.960 10.816 11.449 12.395 12.365 13.180 13.040 13.964 12.844 11.481 9.493 8.867 9.620 12.385 12.272 11.300 11.404 13.076 13.512 13.852 13.771 13.631 13.502 11.297 8.853 6.478 6.548 7.672 8.218 9.066 7.481 6.309 5.016 5.573 7.181 8.403 8.461 9.494 10.053 10.242 10.747 12.205 10.637 9.074 8.810 5.936 5.833 5.702 7.011 6.510 6.452 4.899 4.622 3.508
-9999.000 -9999.000 -9999.000 -9999.000 3.944 0.581 0.000 2.379 4.346 5.207 2.966 3.962 9.820 11.021 10.422 10.510 10.572 11.097 11.453 11.483 12.910 13.150 11.730 11.171 9.184 8.196 9.507 9.239 10.727 12.164 12.219 12.512 13.650 13.560 13.669 14.005 13.786 10.181 6.632 6.671 8.218 8.450 9.296 8.845 9.028 6.136 4.265 4.003 5.774 8.079 8.123 8.832 9.822 10.452 11.222 12.053 8.254 5.826 6.698 5.154 3.872 3.904 5.050 8.362 8.196 8.040 6.274 5.248 4.974
-9999.000 -9999.000 -9999.000 -9999.000 5.163 2.022 8.361 9.287 9.819 10.518 9.973 11.528 10.922 10.889 10.337 10.516 10.302 10.199 11.307 11.139 12.420 11.571 10.050 10.333 11.025 11.472 11.548 11.131 11.432 12.792 12.939 13.446 14.324 12.705 13.760 14.113 10.839 8.884 7.407 7.957 7.284 8.300 8.816 7.619 6.266 4.790 2.360 4.459 8.351 8.088 8.651 9.284 10.152 10.839 12.168 8.740 5.377 3.841 3.615 5.126 5.453 5.315 7.523 8.368 8.397 8.252 7.412 7.727 6.554
-9999.000 -9999.000 -9999.000 -9999.000 -9999.000 5.190 8.912 9.420 10.096 10.757 12.108 11.655 11.323 10.364 10.055 10.242 9.711 10.125 10.846 11.246 11.823 9.855 10.396 10.407 10.375 11.086 11.626 11.389 11.365 11.946 12.376 14.370 14.505 13.525 14.823 11.527 10.228 9.260 9.287 8.325 7.479 7.212 5.847 4.150 3.242 3.887 2.810 6.829 8.734 8.307 8.400 9.396 10.435 11.491 11.367 8.286 5.684 6.409 5.609 4.146 3.974 6.201 8.205 8.895 8.763 8.817 8.121 7.835 7.852
-9999.000 -9999.000 -9999.000 -9999.000 -9999.000 4.210 10.248 10.078 10.396 11.258 12.030 11.830 11.662 11.049 9.873 10.057 9.375 10.493 10.933 11.649 9.551 10.528 10.322 10.394 10.721 10.790 11.687 12.402 12.077 10.570 11.169 13.206 14.304 12.675 9.689 7.412 8.244 8.999 10.450 10.765 9.375 7.035 6.195 5.434 3.511 3.334 6.167 7.601 7.255 7.515 7.502 7.524 9.536 11.197 11.945 10.174 8.995 8.969 8.459 6.327 5.106 7.139 8.333 8.570 9.187 9.216 9.146 8.296 8.164
-9999.000 -9999.000 -9999.000 -9999.000 -9999.000 2.389 10.346 10.090 9.468 9.013 10.509 11.111 11.297 9.945 9.881 9.474 9.164 10.217 10.580 11.754 7.874 10.222 8.984 9.532 10.874 11.590 11.491 12.066 11.053 9.412 10.610 10.568 12.556 8.254 4.427 4.438 6.189 7.629 9.202 9.581 8.943 8.250 6.394 5.001 4.150 4.464 6.966 8.563 8.461 8.681 8.801 8.707 9.701 10.077 12.149 11.089 10.242 8.213 6.728 5.127 6.163 8.183 8.394 8.828 9.813 9.763 8.836 8.660 8.754
-9999.000 -9999.000 -9999.000 -9999.000 -9999.000 4.332 9.972 10.636 9.606 9.127 8.969 8.700 8.700 9.500 9.303 8.923 9.050 9.467 9.534 8.898 8.418 8.982 9.228 10.232 11.126 11.382 10.913 10.326 8.951 8.588 9.903 8.855 7.039 5.716 5.225 7.602 8.146 7.349 8.467 8.285 6.159 6.878 6.259 3.591 5.281 6.202 7.238 8.249 8.144 8.576 9.433 9.577 10.093 10.263 9.183 8.801 3.748 5.445 3.681 4.326 8.095 8.012 8.859 9.249 9.921 10.045 9.120 8.900 8.994
-9999.000 -9999.000 -9999.000 -9999.000 -9999.000 5.768 9.914 10.291 10.272 9.650 9.126 9.789 9.181 9.245 8.789 8.902 8.815 9.248 7.931 7.685 7.995 8.402 9.137 10.436 11.224 10.389 10.184 9.032 8.641 9.455 9.217 8.257 3.431 4.986 7.852 7.545 8.070 8.235 6.707 5.287 5.673 7.252 3.806 2.922 5.575 6.364 7.743 7.915 9.091 9.557 9.976 9.099 10.401 9.347 8.435 7.918 5.396 4.347 1.634 5.138 8.214 8.338 9.204 9.830 10.197 10.107 9.300 9.109 8.545
