test_integration/test_sample_run/example/results.meteodistr/output_maps/SWEN0002.asc
ncols         174
nrows         141
xllcorner     744500.000000
yllcorner     5140950.000000
cellsize      250.000000
NODATA_value  -9999.0
[rows 31 to 61 of 141, columns 71 to 141 of 174]
0.039 0.038 0.042 0.039 0.045 0.043 0.043 0.044 0.047 0.048 0.044 0.038 0.033 0.022 0.020 0.021 0.025 0.041 0.056 0.064 0.067 0.078 0.083 0.088 0.101 0.095 0.092 0.091 0.092 0.093 0.084 0.051 0.035 0.042 0.052 0.063 0.069 0.083 0.081 0.079 0.081 0.081 0.082 0.076 0.079 0.072 0.074 0.070 0.061 0.057 0.054 0.053 0.050 0.052 0.047 0.037 0.033 0.029 0.029 0.028 0.026 0.026 0.026 0.027 0.027 0.037 0.050 0.064 0.065 0.065 0.070
0.048 0.042 0.042 0.052 0.047 0.050 0.050 0.047 0.049 0.048 0.044 0.038 0.035 0.026 0.021 0.020 0.021 0.037 0.051 0.059 0.074 0.083 0.088 0.096 0.104 0.098 0.095 0.093 0.089 0.075 0.071 0.046 0.032 0.032 0.040 0.056 0.058 0.070 0.069 0.074 0.086 0.089 0.084 0.088 0.083 0.077 0.068 0.084 0.070 0.062 0.064 0.055 0.050 0.048 0.045 0.039 0.036 0.033 0.031 0.028 0.028 0.028 0.029 0.029 0.029 0.054 0.062 0.067 0.065 0.063 0.070
0.045 0.047 0.048 0.053 0.052 0.055 0.058 0.055 0.053 0.054 0.055 0.045 0.039 0.030 0.026 0.020 0.019 0.028 0.041 0.064 0.080 0.091 0.094 0.101 0.106 0.099 0.098 0.095 0.074 0.053 0.041 0.027 0.023 0.045 0.044 0.051 0.056 0.060 0.068 0.080 0.093 0.094 0.095 0.100 0.088 0.086 0.080 0.072 0.080 0.081 0.070 0.065 0.059 0.050 0.047 0.044 0.042 0.039 0.036 0.035 0.034 0.031 0.031 0.031 0.038 0.059 0.068 0.069 0.066 0.069 0.071
0.057 0.053 0.057 0.050 0.057 0.054 0.056 0.061 0.059 0.058 0.057 0.042 0.040 0.032 0.027 0.022 0.019 0.024 0.038 0.067 0.083 0.094 0.099 0.102 0.109 0.106 0.103 0.080 0.071 0.046 0.030 0.018 0.032 0.067 0.065 0.072 0.073 0.083 0.092 0.098 0.098 0.104 0.106 0.104 0.100 0.095 0.092 0.087 0.080 0.082 0.084 0.079 0.069 0.062 0.065 0.052 0.051 0.052 0.042 0.043 0.040 0.032 0.033 0.033 0.032 0.059 0.070 0.076 0.078 0.093 0.098
0.070 0.063 0.059 0.060 0.058 0.059 0.059 0.062 0.064 0.064 0.064 0.058 0.051 0.039 0.032 0.021 0.019 0.022 0.035 0.056 0.077 0.089 0.100 0.105 0.109 0.116 0.108 0.082 0.062 0.032 0.018 0.022 0.044 0.078 0.102 0.113 0.110 0.113 0.110 0.112 0.112 0.118 0.122 0.109 0.102 0.101 0.096 0.092 0.089 0.092 0.093 0.093 0.087 0.086 0.086 0.081 0.079 0.080 0.075 0.067 0.065 0.049 0.034 0.035 0.035 0.049 0.067 0.077 0.093 0.103 0.093
0.072 0.077 0.063 0.064 0.076 0.082 0.072 0.068 0.072 0.068 0.070 0.069 0.061 0.049 0.037 0.021 0.020 0.019 0.027 0.044 0.058 0.073 0.089 0.107 0.111 0.121 0.115 0.087 0.063 0.028 0.009 0.032 0.057 0.091 0.122 0.126 0.124 0.128 0.129 0.136 0.132 0.138 0.122 0.116 0.115 0.109 0.090 0.087 0.088 0.091 0.098 0.099 0.103 0.098 0.094 0.091 0.093 0.086 0.083 0.079 0.080 0.057 0.038 0.037 0.038 0.064 0.075 0.090 0.089 0.090 0.092
0.075 0.072 0.081 0.072 0.074 0.074 0.076 0.073 0.072 0.072 0.074 0.070 0.062 0.053 0.038 0.024 0.021 0.019 0.016 0.024 0.032 0.047 0.060 0.081 0.098 0.121 0.124 0.082 0.059 0.025 0.005 0.028 0.055 0.088 0.102 0.130 0.145 0.148 0.147 0.144 0.149 0.148 0.129 0.120 0.118 0.103 0.112 0.075 0.087 0.091 0.112 0.094 0.098 0.098 0.091 0.098 0.102 0.093 0.098 0.105 0.090 0.070 0.041 0.029 0.047 0.085 0.082 0.079 0.095 0.098 0.102
0.075 0.073 0.095 0.069 0.070 0.078 0.075 0.068 0.072 0.075 0.071 0.058 0.056 0.047 0.039 0.025 0.024 0.019 0.016 0.015 0.026 0.032 0.041 0.066 0.083 0.110 0.124 0.086 0.062 0.025 0.004 0.020 0.047 0.089 0.112 0.138 0.144 0.145 0.143 0.147 0.151 0.159 0.142 0.133 0.124 0.099 0.104 0.075 0.088 0.113 0.122 0.095 0.102 0.088 0.095 0.103 0.109 0.126 0.127 0.107 0.092 0.073 0.048 0.018 0.037 0.069 0.082 0.091 0.082 0.113 0.094
0.074 0.063 0.094 0.066 0.076 0.075 0.075 0.075 0.079 0.082 0.083 0.065 0.058 0.041 0.039 0.032 0.030 0.021 0.018 0.008 0.018 0.012 0.021 0.040 0.057 0.084 0.101 0.087 0.062 0.018 0.000 0.020 0.048 0.096 0.122 0.152 0.145 0.146 0.146 0.147 0.149 0.169 0.152 0.137 0.135 0.105 0.085 0.070 0.078 0.113 0.128 0.075 0.071 0.085 0.107 0.110 0.115 0.113 0.116 0.116 0.097 0.066 0.025 0.018 0.042 0.077 0.096 0.102 0.112 0.089 0.092
0.073 0.074 0.077 0.084 0.070 0.077 0.075 0.071 0.078 0.085 0.087 0.072 0.062 0.049 0.051 0.040 0.038 0.025 0.018 0.012 0.007 0.003 0.006 0.026 0.042 0.062 0.076 0.084 0.058 0.013 0.000 0.024 0.049 0.093 0.135 0.131 0.123 0.137 0.149 0.159 0.158 0.172 0.172 0.148 0.145 0.122 0.105 0.066 0.070 0.086 0.124 0.077 0.055 0.084 0.088 0.122 0.116 0.120 0.115 0.112 0.084 0.051 0.018 0.022 0.062 0.088 0.101 0.128 0.105 0.083 0.078
0.077 0.073 0.081 0.089 0.078 0.067 0.080 0.080 0.076 0.080 0.086 0.078 0.069 0.074 0.070 0.055 0.050 0.035 0.027 0.016 0.004 0.005 0.002 0.000 0.014 0.028 0.046 0.060 0.047 0.005 0.000 0.013 0.043 0.097 0.125 0.083 0.072 0.124 0.152 0.169 0.168 0.179 0.192 0.167 0.161 0.154 0.125 0.082 0.065 0.075 0.111 0.079 0.052 0.064 0.072 0.101 0.110 0.123 0.122 0.100 0.070 0.029 0.000 0.032 0.088 0.103 0.117 0.111 0.100 0.071 0.075
0.068 0.061 0.067 0.090 0.095 0.095 0.079 0.081 0.081 0.081 0.085 0.082 0.080 0.083 0.082 0.067 0.055 0.041 0.036 0.025 0.024 0.017 0.007 0.000 0.000 0.006 0.024 0.034 0.041 0.000 0.000 0.014 0.045 0.098 0.097 0.050 0.078 0.122 0.153 0.178 0.177 0.194 0.195 0.184 0.175 0.164 0.139 0.098 0.070 0.066 0.100 0.085 0.051 0.044 0.063 0.077 0.086 0.093 0.107 0.061 0.078 0.019 0.000 0.041 0.065 0.099 0.098 0.096 0.083 0.066 0.060
0.058 0.059 0.088 0.102 0.076 0.069 0.080 0.084 0.087 0.087 0.091 0.094 0.089 0.089 0.084 0.069 0.060 0.050 0.040 0.042 0.027 0.018 0.007 0.000 0.000 0.000 0.000 0.000 0.005 0.000 0.000 0.008 0.045 0.073 0.060 0.028 0.070 0.121 0.148 0.181 0.194 0.205 0.192 0.185 0.184 0.181 0.150 0.097 0.073 0.047 0.077 0.097 0.051 0.010 0.030 0.042 0.051 0.060 0.055 0.028 0.009 0.004 0.000 0.021 0.042 0.078 0.078 0.082 0.069 0.045 0.060
0.056 0.074 0.088 0.101 0.067 0.080 0.082 0.083 0.087 0.089 0.094 0.100 0.099 0.096 0.088 0.073 0.069 0.056 0.046 0.042 0.030 0.029 0.021 0.008 0.000 0.000 0.000 0.000 0.000 0.000 0.000 0.000 0.023 0.040 0.026 0.031 0.077 0.143 0.184 0.202 0.216 0.213 0.202 0.190 0.188 0.150 0.130 0.084 0.060 0.045 0.098 0.100 0.063 0.013 0.008 0.018 0.024 0.025 0.019 0.000 0.000 0.000 0.000 0.000 0.010 0.035 0.043 0.062 0.051 0.042 0.073
0.050 0.061 0.070 0.092 0.081 0.076 0.074 0.074 0.085 0.088 0.093 0.103 0.107 0.105 0.102 0.077 0.067 0.055 0.053 0.042 0.041 0.061 0.054 0.036 0.030 0.013 0.000 0.000 0.000 0.000 0.000 0.000 0.000 0.000 0.000 0.046 0.067 0.095 0.133 0.196 0.227 0.224 0.209 0.174 0.147 0.104 0.089 0.057 0.019 0.053 0.112 0.091 0.060 0.029 0.005 0.000 0.000 0.000 0.000 0.000 0.000 0.009 0.023 0.007 0.000 0.000 0.000 0.014 0.009 0.048 0.048
0.050 0.064 0.065 0.074 0.083 0.095 0.094 0.069 0.078 0.095 0.100 0.104 0.112 0.115 0.108 0.084 0.080 0.060 0.054 0.041 0.049 0.082 0.078 0.062 0.051 0.031 0.015 0.005 0.000 0.000 0.000 0.000 0.000 0.000 0.006 0.016 0.034 0.094 0.144 0.193 0.226 0.240 0.221 0.168 0.136 0.091 0.064 0.032 0.009 0.054 0.085 0.059 0.048 0.020 0.003 0.000 0.000 0.000 0.000 0.000 0.011 0.058 0.061 0.038 0.017 0.022 0.000 0.000 0.000 0.027 0.060
0.048 0.058 0.072 0.070 0.066 0.073 0.088 0.097 0.073 0.090 0.099 0.099 0.111 0.119 0.119 0.101 0.083 0.063 0.058 0.052 0.066 0.108 0.110 0.099 0.084 0.061 0.051 0.038 0.039 0.016 0.000 0.000 0.000 0.000 0.000 0.010 0.047 0.093 0.129 0.181 0.218 0.251 0.240 0.191 0.153 0.099 0.067 0.015 0.000 0.042 0.045 0.019 0.000 0.000 0.000 0.000 0.000 0.000 0.004 0.025 0.044 0.123 0.138 0.068 0.065 0.111 0.068 0.030 0.000 0.007 0.026
0.043 0.052 0.056 0.056 0.067 0.064 0.075 0.087 0.079 0.084 0.093 0.096 0.103 0.115 0.111 0.096 0.092 0.068 0.061 0.059 0.068 0.115 0.138 0.123 0.099 0.086 0.074 0.066 0.060 0.036 0.020 0.000 0.000 0.000 0.000 0.011 0.039 0.081 0.111 0.167 0.201 0.259 0.257 0.220 0.173 0.110 0.066 0.011 0.000 0.014 0.012 0.000 0.000 0.000 0.000 0.000 0.000 0.016 0.034 0.056 0.083 0.157 0.164 0.095 0.118 0.158 0.083 0.028 0.010 0.000 0.010
0.038 0.043 0.045 0.045 0.056 0.057 0.061 0.079 0.074 0.080 0.086 0.081 0.072 0.087 0.087 0.096 0.100 0.076 0.078 0.099 0.103 0.123 0.142 0.115 0.123 0.135 0.122 0.106 0.101 0.071 0.045 0.000 0.000 0.000 0.000 0.000 0.014 0.059 0.075 0.123 0.176 0.237 0.225 0.179 0.165 0.120 0.078 0.021 0.000 0.000 0.000 0.000 0.000 0.000 0.000 0.014 0.023 0.038 0.054 0.093 0.158 0.184 0.185 0.155 0.160 0.167 0.089 0.064 0.045 0.021 0.019
0.021 0.034 0.035 0.039 0.046 0.049 0.052 0.067 0.069 0.080 0.080 0.064 0.062 0.057 0.073 0.093 0.103 0.089 0.095 0.116 0.114 0.122 0.116 0.107 0.113 0.143 0.145 0.138 0.134 0.094 0.064 0.026 0.000 0.000 0.000 0.000 0.000 0.034 0.061 0.097 0.137 0.199 0.156 0.114 0.086 0.071 0.058 0.025 0.000 0.000 0.000 0.000 0.000 0.000 0.000 0.044 0.065 0.068 0.068 0.132 0.180 0.194 0.193 0.173 0.167 0.168 0.124 0.096 0.066 0.032 0.034
0.006 0.019 0.018 0.023 0.037 0.034 0.039 0.054 0.063 0.077 0.077 0.049 0.047 0.032 0.053 0.078 0.090 0.106 0.105 0.104 0.095 0.101 0.102 0.105 0.113 0.109 0.105 0.137 0.154 0.144 0.105 0.074 0.036 0.000 0.000 0.000 0.000 0.000 0.002 0.047 0.081 0.117 0.085 0.069 0.026 0.005 0.000 0.000 0.000 0.000 0.000 0.000 0.000 0.032 0.037 0.049 0.110 0.122 0.130 0.210 0.176 0.196 0.219 0.186 0.194 0.167 0.159 0.118 0.107 0.075 0.053
0.000 0.009 0.008 0.015 0.024 0.017 0.024 0.040 0.049 0.067 0.066 0.039 0.034 0.025 0.037 0.054 0.073 0.105 0.111 0.092 0.087 0.096 0.100 0.103 0.106 0.088 0.085 0.102 0.124 0.142 0.135 0.106 0.061 0.000 0.000 0.000 0.000 0.000 0.000 0.018 0.065 0.077 0.038 0.022 0.000 0.000 0.000 0.000 0.000 0.000 0.000 0.000 0.000 0.047 0.067 0.068 0.084 0.164 0.222 0.208 0.202 0.211 0.260 0.208 0.223 0.187 0.173 0.146 0.136 0.112 0.085
0.000 0.000 0.000 0.007 0.013 0.002 0.007 0.017 0.022 0.043 0.048 0.027 0.018 0.007 0.024 0.042 0.063 0.093 0.094 0.080 0.081 0.084 0.083 0.092 0.090 0.061 0.054 0.068 0.073 0.068 0.084 0.106 0.088 0.035 0.015 0.000 0.000 0.000 0.000 0.000 0.013 0.000 0.000 0.000 0.000 0.000 0.000 0.000 0.000 0.000 0.000 0.000 0.012 0.074 0.106 0.150 0.159 0.207 0.241 0.216 0.224 0.241 0.265 0.235 0.227 0.205 0.175 0.173 0.162 0.126 0.085
0.000 0.000 0.000 0.004 0.006 0.000 0.000 0.007 0.014 0.035 0.036 0.019 0.012 0.000 0.024 0.054 0.073 0.095 0.097 0.094 0.082 0.083 0.088 0.084 0.069 0.044 0.034 0.037 0.027 0.058 0.024 0.068 0.070 0.068 0.049 0.000 0.000 0.000 0.000 0.000 0.000 0.000 0.000 0.000 0.000 0.000 0.000 0.000 0.000 0.000 0.000 0.007 0.031 0.092 0.135 0.205 0.245 0.286 0.277 0.259 0.218 0.254 0.292 0.273 0.252 0.190 0.195 0.190 0.171 0.133 0.111
0.000 0.000 0.000 0.000 0.000 0.000 0.000 0.002 0.011 0.021 0.019 0.005 0.000 0.000 0.029 0.068 0.096 0.109 0.103 0.085 0.072 0.079 0.075 0.072 0.068 0.072 0.063 0.028 0.004 0.000 0.000 0.000 0.000 0.006 0.024 0.028 0.012 0.000 0.000 0.000 0.000 0.000 0.000 0.000 0.000 0.000 0.000 0.000 0.000 0.000 0.000 0.000 0.054 0.064 0.086 0.157 0.225 0.290 0.299 0.282 0.294 0.248 0.229 0.252 0.209 0.217 0.221 0.203 0.182 0.145 0.119
0.000 0.000 0.000 0.000 0.000 0.000 0.000 0.000 0.002 0.007 0.002 0.000 0.000 0.000 0.030 0.067 0.094 0.111 0.095 0.077 0.067 0.070 0.071 0.074 0.079 0.096 0.093 0.066 0.043 0.000 0.000 0.000 0.000 0.000 0.000 0.000 0.000 0.000 0.000 0.000 0.000 0.000 0.000 0.000 0.000 0.000 0.022 0.042 0.017 0.000 0.000 0.000 0.008 0.024 0.095 0.185 0.224 0.302 0.294 0.300 0.282 0.275 0.285 0.264 0.248 0.237 0.225 0.209 0.195 0.170 0.117
0.000 0.000 0.000 0.000 0.000 0.000 0.000 0.000 0.000 0.000 0.000 0.000 0.000 0.006 0.037 0.065 0.089 0.097 0.095 0.079 0.074 0.040 0.097 0.104 0.097 0.149 0.144 0.115 0.086 0.057 0.057 0.000 0.000 0.000 0.000 0.000 0.000 0.000 0.000 0.000 0.000 0.000 0.000 0.000 0.001 0.060 0.092 0.094 0.041 0.000 0.000 0.000 0.000 0.064 0.082 0.187 0.229 0.259 0.309 0.298 0.293 0.295 0.295 0.275 0.262 0.245 0.235 0.212 0.175 0.140 0.112
0.000 0.000 0.000 0.000 0.000 0.000 0.000 0.000 0.000 0.000 0.000 0.000 0.000 0.015 0.042 0.053 0.088 0.089 0.079 0.062 0.057 0.041 0.097 0.104 0.109 0.138 0.159 0.093 0.092 0.146 0.087 0.000 0.000 0.000 0.000 0.000 0.000 0.000 0.000 0.000 0.000 0.000 0.000 0.050 0.033 0.097 0.138 0.091 0.029 0.000 0.000 0.000 0.000 0.000 0.073 0.142 0.172 0.242 0.296 0.332 0.326 0.323 0.312 0.291 0.270 0.257 0.245 0.199 0.173 0.120 0.095
0.000 0.000 0.000 0.000 0.000 0.000 0.000 0.000 0.000 0.000 0.000 0.000 0.000 0.018 0.027 0.042 0.035 0.029 0.009 0.006 0.000 0.027 0.058 0.088 0.096 0.140 0.145 0.157 0.139 0.060 0.026 0.000 0.000 0.000 0.000 0.000 0.000 0.000 0.000 0.000 0.000 0.000 0.029 0.080 0.133 0.170 0.245 0.192 0.122 0.007 0.000 0.000 0.000 0.000 0.040 0.142 0.229 0.292 0.317 0.337 0.334 0.334 0.315 0.300 0.275 0.246 0.224 0.194 0.165 0.123 0.097
0.000 0.000 0.000 0.000 0.000 0.000 0.000 0.000 0.000 0.000 0.000 0.000 0.000 0.000 0.000 0.026 0.003 0.000 0.000 0.000 0.000 0.019 0.064 0.095 0.127 0.176 0.176 0.160 0.024 0.000 0.000 0.000 0.000 0.000 0.000 0.008 0.000 0.000 0.000 0.000 0.020 0.096 0.133 0.156 0.177 0.248 0.297 0.297 0.184 0.020 0.063 0.000 0.000 0.000 0.029 0.154 0.240 0.330 0.327 0.305 0.307 0.309 0.288 0.300 0.293 0.231 0.218 0.189 0.166 0.124 0.098
0.000 0.000 0.000 0.000 0.000 0.000 0.000 0.000 0.000 0.000 0.000 0.000 0.000 0.000 0.000 0.000 0.000 0.000 0.000 0.000 0.000 0.042 0.100 0.154 0.200 0.263 0.271 0.220 0.156 0.055 0.020 0.000 0.000 0.000 0.000 0.063 0.058 0.000 0.000 0.111 0.280 0.389 0.395 0.425 0.397 0.418 0.439 0.461 0.365 0.145 0.200 0.113 0.018 0.000 0.035 0.164 0.297 0.355 0.405 0.372 0.336 0.370 0.299 0.286 0.315 0.286 0.249 0.220 0.195 0.165 0.126
