test_integration/test_sample_run/example/results.meteodistr/output_maps/SWEN0044.asc
ncols         174
nrows         141
xllcorner     744500.000000
yllcorner     5140950.000000
cellsize      250.000000
NODATA_value  -9999.0
[rows 62 to 92 of 141, columns 0 to 68 of 174]
-9999.000 -9999.000 -9999.000 -9999.000 -9999.000 12.340 12.107 12.038 11.938 11.795 11.472 11.700 11.874 11.519 11.035 11.017 10.906 10.833 10.628 10.794 11.050 11.146 11.107 11.054 11.745 12.044 11.973 11.868 11.631 11.791 11.544 11.148 10.786 10.237 11.034 10.733 10.499 9.994 8.781 9.307 9.627 8.706 7.116 8.195 8.398 8.169 7.855 8.356 10.070 10.471 9.813 9.736 10.671 10.659 11.070 9.299 8.553 7.832 7.779 8.621 8.590 8.271 9.024 10.312 10.724 10.585 10.147 9.353 7.872
-9999.000 -9999.000 -9999.000 -9999.000 12.707 12.008 11.073 11.596 11.745 11.664 11.280 10.879 11.003 11.539 11.178 10.685 10.576 10.620 10.579 10.467 10.890 11.023 11.017 11.013 11.109 11.538 11.486 11.390 11.286 11.328 11.015 10.683 10.135 9.901 10.266 10.086 9.258 8.343 8.508 8.512 8.395 6.741 7.951 8.326 8.347 8.180 8.207 8.442 9.677 10.304 10.344 10.532 10.696 9.798 10.009 8.601 8.017 7.798 8.535 8.719 8.979 9.105 9.390 8.913 10.023 10.947 9.831 8.148 8.173
-9999.000 -9999.000 -9999.000 -9999.000 -9999.000 12.999 12.130 10.906 11.148 10.834 10.336 10.413 11.037 10.778 10.887 10.341 10.623 10.505 10.465 10.408 10.542 10.855 10.728 10.763 10.777 10.940 11.012 11.079 10.921 10.814 10.290 10.248 10.045 10.100 9.235 8.881 8.279 8.357 8.704 8.425 7.600 8.045 8.235 8.235 7.868 8.106 8.284 8.048 8.482 9.551 10.450 10.859 9.482 9.615 8.791 8.296 7.904 8.564 8.600 8.325 8.214 8.434 8.726 9.134 10.220 10.592 9.183 8.955 8.647
-9999.000 -9999.000 -9999.000 -9999.000 -9999.000 -9999.000 11.539 11.968 11.525 11.740 11.787 11.026 9.646 9.955 9.863 10.426 10.312 10.352 10.239 10.167 10.281 10.515 10.489 10.384 10.422 10.814 10.578 10.599 10.265 10.224 9.832 10.051 9.933 9.391 8.397 8.330 7.930 8.305 8.281 8.111 8.281 8.159 8.227 7.707 7.664 8.284 8.426 8.864 8.675 8.711 9.091 9.352 9.506 9.228 8.141 8.165 8.575 8.833 8.585 8.587 9.126 9.440 9.692 9.818 10.197 9.341 9.196 9.146 8.786
-9999.000 -9999.000 -9999.000 -9999.000 -9999.000 12.671 12.067 11.190 9.621 10.918 12.080 11.897 12.471 10.021 9.450 10.277 10.277 10.272 10.148 10.013 10.175 10.170 10.225 10.116 10.285 10.680 10.087 9.819 10.084 9.904 9.716 9.441 9.122 8.787 8.404 8.700 8.545 8.458 8.316 8.262 8.122 7.858 7.742 6.740 8.321 8.438 8.587 8.146 9.064 9.401 9.640 9.442 9.532 9.141 8.705 8.853 8.771 8.706 8.687 8.663 8.765 8.731 9.655 10.633 11.376 9.877 8.387 8.844 8.496
-9999.000 -9999.000 -9999.000 -9999.000 -9999.000 12.780 12.370 10.877 10.780 8.534 9.898 11.145 10.457 10.293 9.593 10.063 10.131 10.070 9.888 9.717 9.737 9.820 9.795 9.769 9.593 9.522 9.099 9.358 9.661 9.246 9.029 8.709 8.272 7.816 8.446 8.495 8.409 8.365 8.329 8.261 7.765 7.295 7.611 7.574 9.813 7.952 9.148 8.498 9.007 9.348 9.475 9.342 9.364 9.026 8.822 8.889 8.837 8.797 8.743 9.055 9.089 8.533 9.078 9.031 9.323 10.878 9.356 8.512 8.904
-9999.000 -9999.000 -9999.000 -9999.000 -9999.000 -9999.000 12.873 10.917 15.120 10.035 8.316 10.551 10.743 10.054 9.677 10.042 9.986 9.885 9.672 9.636 9.550 9.596 9.561 9.448 9.026 8.691 8.883 8.924 8.845 8.962 8.787 8.572 8.323 8.447 8.455 8.409 8.363 8.405 8.223 7.881 6.479 7.137 8.092 8.505 8.410 7.227 8.931 8.569 8.842 7.827 8.031 8.409 8.842 8.583 8.750 8.900 8.638 8.687 8.893 9.060 9.188 9.291 9.225 9.720 9.547 9.338 11.067 9.623 8.935
-9999.000 -9999.000 -9999.000 -9999.000 -9999.000 -9999.000 13.256 12.725 14.688 11.957 9.622 9.258 9.975 9.624 9.507 9.982 9.886 9.810 9.663 9.486 9.335 9.311 9.279 9.155 8.981 8.725 8.721 8.601 8.370 8.439 8.258 8.378 8.460 8.417 8.383 8.347 8.275 8.243 8.213 6.911 6.616 9.673 8.021 7.823 7.707 7.907 7.851 6.974 8.137 7.952 8.195 8.285 8.385 8.393 8.410 8.747 8.347 8.548 9.156 9.114 9.289 9.301 9.542 9.670 9.749 9.536 9.898 11.013 9.721
-9999.000 -9999.000 -9999.000 -9999.000 -9999.000 -9999.000 -9999.000 15.034 13.831 12.703 10.929 10.711 8.024 9.006 9.588 9.963 8.048 8.685 9.250 9.294 9.103 9.069 9.136 9.084 8.893 8.800 8.742 8.665 8.601 8.530 8.471 8.431 8.369 8.330 7.940 7.701 7.705 8.194 8.394 7.340 7.993 9.312 8.013 7.789 7.766 11.004 10.475 9.473 6.952 7.590 9.323 8.608 8.517 7.948 8.269 8.322 8.482 8.255 8.814 8.745 8.764 8.692 8.442 9.093 9.688 9.720 9.965 10.952 9.638
-9999.000 -9999.000 -9999.000 -9999.000 -9999.000 -9999.000 -9999.000 13.806 13.527 11.932 12.519 9.681 8.287 8.440 9.784 8.199 8.142 9.166 8.567 8.460 9.079 8.977 8.850 8.955 8.797 8.749 8.670 8.607 8.529 8.481 8.405 8.379 8.041 8.042 7.572 7.582 8.021 8.336 8.630 7.483 8.127 7.744 7.412 8.319 11.637 11.263 11.227 12.532 8.109 10.764 10.014 8.200 8.216 8.272 8.157 8.147 7.833 8.817 9.277 8.993 8.843 8.992 8.514 8.677 9.504 9.738 10.038 10.774 9.810
-9999.000 -9999.000 -9999.000 -9999.000 -9999.000 -9999.000 -9999.000 -9999.000 15.039 14.025 10.941 9.424 7.568 9.202 9.671 6.895 8.359 9.597 9.496 8.209 8.443 9.082 8.782 8.929 8.786 8.726 8.648 8.551 8.474 8.400 7.930 7.269 7.212 7.332 8.166 9.428 8.184 7.733 7.222 7.414 7.828 7.691 8.770 9.990 13.640 13.562 9.373 10.829 13.778 10.442 8.884 9.186 8.603 7.603 8.518 7.941 7.340 9.427 10.324 9.482 9.530 9.423 9.155 8.767 9.163 9.779 10.211 10.782 9.870
-9999.000 -9999.000 -9999.000 -9999.000 -9999.000 -9999.000 -9999.000 -9999.000 15.142 12.868 10.828 10.516 8.952 10.144 9.024 6.052 9.996 11.013 11.362 9.158 7.527 8.228 8.522 8.718 8.679 8.623 8.541 8.466 8.339 7.698 7.507 7.506 8.201 7.793 8.809 9.178 8.029 8.180 7.830 8.686 8.901 9.988 9.537 9.184 11.263 12.990 12.429 11.992 14.148 10.063 8.848 8.129 6.724 8.684 8.907 7.823 7.256 10.740 10.105 10.331 10.555 9.450 10.266 9.451 8.943 9.952 10.324 10.593 10.300
-9999.000 -9999.000 -9999.000 -9999.000 -9999.000 -9999.000 -9999.000 11.393 12.861 11.975 11.016 11.427 9.503 10.237 7.082 8.442 12.755 11.700 8.960 8.745 7.807 8.114 8.561 8.708 8.536 8.339 7.628 8.109 7.657 7.615 8.359 7.830 9.262 8.359 7.332 8.477 8.445 8.385 9.280 9.291 9.639 9.657 10.902 11.137 11.273 10.581 14.526 12.892 13.481 9.929 5.894 6.881 8.366 8.853 8.926 7.758 7.464 11.155 10.132 10.280 10.271 8.872 11.039 9.527 9.253 10.035 10.232 10.389 10.314
-9999.000 -9999.000 -9999.000 -9999.000 -9999.000 -9999.000 11.610 12.418 11.982 11.566 12.045 11.930 11.216 9.568 7.268 10.409 14.115 10.667 11.552 10.279 6.821 6.609 8.236 8.639 8.422 7.667 6.707 7.756 8.079 8.661 8.529 8.332 8.884 8.355 7.798 9.585 11.036 8.767 9.943 9.874 10.227 10.865 11.762 11.883 12.556 12.874 11.607 13.173 13.200 6.854 8.238 7.863 7.700 9.074 9.028 8.041 8.657 10.483 10.967 10.269 9.582 9.693 12.103 9.349 9.215 9.919 10.052 9.900 10.769
-9999.000 -9999.000 -9999.000 -9999.000 -9999.000 13.870 12.360 12.210 12.177 12.409 12.404 12.604 11.511 10.119 8.350 13.328 11.374 11.141 11.310 10.645 5.779 6.588 8.532 8.340 7.301 6.620 6.875 7.910 8.835 8.653 8.197 9.395 8.910 8.303 11.650 8.986 11.850 9.583 10.429 10.780 10.893 11.839 12.317 12.399 12.522 13.044 12.676 14.425 11.950 10.658 9.910 7.911 7.130 9.192 8.499 8.345 7.840 8.742 10.005 9.534 9.145 9.623 11.748 9.700 9.333 9.757 9.744 10.303 10.405
-9999.000 -9999.000 -9999.000 13.607 15.158 14.469 12.909 12.845 12.613 12.689 12.410 12.182 12.223 10.512 10.076 13.849 12.624 10.173 10.753 6.460 5.116 8.362 8.580 7.443 6.945 7.152 9.835 8.193 9.508 8.368 9.868 9.453 9.338 12.192 11.512 10.293 12.874 11.338 11.015 11.225 11.312 12.277 12.399 12.412 12.406 12.440 13.190 13.161 13.000 9.465 9.894 8.221 7.941 9.358 8.727 7.364 8.099 9.721 9.172 9.245 10.208 11.571 9.126 9.827 9.645 9.842 10.039 10.124 9.958
-9999.000 -9999.000 13.088 15.367 15.014 14.562 13.193 12.640 10.614 8.887 11.865 12.203 12.926 10.320 10.750 14.712 15.102 11.511 8.519 5.854 6.228 8.463 8.333 6.904 7.874 7.824 11.624 8.559 9.509 10.324 10.396 10.739 10.437 12.325 11.216 11.492 11.835 11.493 12.370 12.247 12.074 12.674 12.449 12.418 11.583 12.356 12.436 14.628 8.706 8.567 9.064 9.113 8.850 9.262 8.633 7.724 8.974 11.137 11.649 12.121 11.084 9.522 9.161 9.986 10.018 9.996 9.935 9.861 9.491
-9999.000 -9999.000 13.753 15.093 15.711 14.133 11.507 11.008 9.450 11.011 10.631 12.906 13.149 11.144 10.296 15.533 13.929 10.701 8.178 7.083 6.943 8.479 7.725 7.353 7.072 7.717 12.091 9.294 10.366 11.197 11.569 12.052 12.266 11.442 12.288 12.366 11.011 12.540 11.281 12.204 12.525 12.750 12.918 11.869 13.427 13.632 13.961 14.043 10.235 7.862 8.330 9.321 8.028 9.212 8.334 8.560 9.264 11.148 11.529 9.121 8.417 8.669 10.018 9.561 8.981 9.176 9.565 9.700 9.630
-9999.000 -9999.000 -9999.000 15.127 15.176 13.320 13.083 9.585 13.986 12.204 11.621 13.127 13.316 11.030 9.703 17.736 11.767 10.099 8.266 7.520 7.797 9.242 8.079 7.549 7.580 9.082 11.955 10.749 11.379 11.749 12.584 12.040 12.201 11.838 11.589 12.933 14.389 10.726 11.544 11.281 12.892 12.535 11.573 12.321 12.017 13.689 12.970 13.114 10.272 10.186 7.511 7.448 9.052 8.398 8.089 8.016 8.597 11.918 8.377 8.555 9.194 9.078 8.745 8.368 8.397 8.907 8.916 9.015 9.435
-9999.000 -9999.000 -9999.000 -9999.000 -9999.000 -9999.000 14.660 14.793 11.458 11.467 12.960 13.249 12.996 9.205 10.500 15.611 8.759 8.447 6.894 8.910 9.456 8.562 9.161 9.228 7.554 8.218 14.689 10.780 12.690 12.905 11.580 11.095 12.271 11.132 12.065 13.388 10.881 12.624 11.525 11.862 13.094 11.723 12.112 11.705 12.755 12.589 13.213 13.107 10.415 10.236 9.703 7.986 8.903 8.780 8.581 9.955 11.710 8.124 8.603 8.587 8.593 8.215 7.577 8.187 7.900 8.464 8.163 7.703 8.319
-9999.000 -9999.000 -9999.000 -9999.000 -9999.000 -9999.000 -9999.000 18.754 11.593 9.793 9.334 9.596 10.352 9.436 18.473 10.189 7.642 7.827 7.996 8.607 8.729 7.733 8.299 10.994 8.643 9.810 13.348 12.081 12.733 12.217 10.598 8.864 11.688 12.478 11.459 14.242 9.950 11.459 12.352 11.492 12.035 11.510 12.120 13.764 12.510 12.830 14.102 12.906 13.173 12.123 13.131 8.117 9.862 10.537 10.921 9.506 8.380 7.621 8.092 8.380 8.242 7.829 7.844 7.664 7.497 8.023 7.626 6.908 7.205
-9999.000 -9999.000 -9999.000 -9999.000 -9999.000 -9999.000 -9999.000 19.914 18.781 18.076 16.490 14.980 16.533 17.882 12.030 9.704 6.749 9.571 10.338 6.810 6.477 8.743 10.170 11.611 10.309 8.590 13.676 11.268 11.318 9.958 10.649 13.932 10.906 12.072 14.928 10.927 12.333 11.434 12.309 12.979 13.064 12.039 9.918 10.603 10.516 8.797 12.448 11.736 10.919 9.796 8.643 8.019 7.207 8.556 8.064 8.558 6.963 7.830 7.902 8.067 8.034 7.748 7.291 6.858 6.825 7.076 7.117 6.588 5.825
-9999.000 -9999.000 -9999.000 -9999.000 -9999.000 -9999.000 -9999.000 -9999.000 13.346 12.949 13.217 13.333 13.944 13.286 11.532 8.478 7.977 11.415 7.850 9.662 7.958 9.733 11.084 9.315 9.522 9.503 12.671 13.753 13.037 13.118 13.287 14.153 13.093 14.259 12.691 12.707 12.809 13.080 12.494 10.944 9.441 10.346 9.153 9.190 10.873 7.451 9.298 9.495 9.937 8.154 6.931 7.413 7.785 7.775 7.712 7.868 7.601 8.084 7.526 7.679 7.826 7.201 6.492 6.251 6.009 5.761 6.918 5.982 5.946
-9999.000 -9999.000 -9999.000 -9999.000 -9999.000 -9999.000 -9999.000 -9999.000 -9999.000 14.700 13.842 12.334 12.066 10.759 9.764 8.243 10.344 10.774 7.173 13.576 9.860 10.283 9.393 9.794 11.182 12.852 12.690 13.101 12.884 12.042 14.589 13.924 13.448 11.332 9.749 13.802 9.476 8.193 8.651 7.613 8.344 10.421 7.958 8.941 9.923 8.450 8.083 9.540 10.656 8.314 8.224 7.390 7.177 7.279 7.245 7.300 7.030 7.195 6.742 6.668 7.280 6.568 6.104 5.631 5.481 5.106 5.930 5.498 5.373
-9999.000 -9999.000 -9999.000 -9999.000 -9999.000 -9999.000 -9999.000 -9999.000 -9999.000 -9999.000 14.528 13.330 12.074 10.940 9.880 11.012 11.191 7.871 8.017 12.709 8.615 11.947 9.176 11.090 14.001 11.926 8.654 8.553 8.068 8.497 8.207 8.386 8.911 9.736 9.179 10.826 9.427 9.903 9.012 8.399 10.220 9.860 8.487 7.950 8.407 8.238 7.855 9.345 8.239 9.873 7.061 7.910 7.239 7.404 6.710 6.625 6.307 6.141 6.433 6.547 6.049 6.181 5.692 4.991 5.148 4.891 5.048 4.828 4.433
-9999.000 -9999.000 -9999.000 -9999.000 -9999.000 -9999.000 -9999.000 -9999.000 -9999.000 -9999.000 -9999.000 12.559 12.296 12.052 11.801 11.950 10.572 7.473 12.390 9.394 9.339 10.927 9.092 12.276 12.126 9.500 8.352 8.544 7.643 7.611 7.672 7.122 7.722 8.666 9.212 9.866 10.831 8.530 7.421 7.116 9.081 9.229 8.065 8.328 6.923 7.565 6.597 6.710 7.579 8.268 8.319 6.642 6.995 6.808 6.508 6.106 5.782 5.474 6.039 6.357 5.797 5.334 5.525 4.814 4.549 4.582 4.202 3.784 3.505
-9999.000 -9999.000 -9999.000 -9999.000 -9999.000 -9999.000 -9999.000 -9999.000 -9999.000 -9999.000 -9999.000 -9999.000 12.448 12.768 11.950 11.605 9.527 8.603 16.385 8.562 9.809 10.157 8.664 14.876 10.593 9.130 6.927 9.951 10.005 9.160 8.003 7.691 7.686 8.360 8.998 9.707 8.510 7.438 7.229 6.693 7.367 6.908 7.807 8.118 6.904 6.781 6.660 6.475 6.847 6.931 7.794 7.236 7.211 6.804 6.135 5.946 5.522 5.291 5.485 5.984 5.320 5.232 5.069 4.595 4.234 4.112 4.204 4.029 3.820
-9999.000 -9999.000 -9999.000 -9999.000 -9999.000 -9999.000 -9999.000 -9999.000 -9999.000 -9999.000 -9999.000 -9999.000 12.948 12.961 11.804 11.887 9.648 12.136 12.454 9.132 11.449 11.864 12.095 8.678 13.316 9.595 7.112 8.127 8.876 9.177 8.292 8.025 7.276 7.192 7.966 8.914 7.778 7.907 7.001 7.357 7.117 6.355 7.118 8.166 6.966 6.747 6.295 7.013 7.002 7.185 7.343 6.683 6.559 6.258 5.918 5.434 5.096 4.681 5.310 5.302 5.284 5.120 4.650 4.326 4.122 3.812 3.659 3.453 3.237
-9999.000 -9999.000 -9999.000 -9999.000 -9999.000 -9999.000 -9999.000 -9999.000 -9999.000 -9999.000 -9999.000 -9999.000 12.900 12.644 12.958 12.073 9.589 16.449 9.971 11.199 12.652 12.601 12.443 11.210 10.379 14.514 7.414 8.161 8.661 8.064 8.147 8.628 7.839 7.435 7.627 7.397 7.062 7.045 6.883 7.348 7.222 6.806 6.522 7.413 6.489 6.681 6.514 6.666 7.017 7.423 7.519 6.512 6.465 6.162 5.418 5.144 5.108 4.675 4.643 4.504 4.255 4.500 4.735 4.075 3.837 3.791 3.260 3.665 3.672
-9999.000 -9999.000 -9999.000 -9999.000 -9999.000 -9999.000 -9999.000 -9999.000 -9999.000 -9999.000 -9999.000 -9999.000 -9999.000 -9999.000 -9999.000 -9999.000 -9999.000 13.455 12.048 12.980 12.952 12.726 11.720 10.990 11.686 14.022 8.311 9.926 9.536 8.175 7.366 7.317 7.906 7.285 6.900 5.885 5.985 5.631 6.715 7.081 5.924 6.039 5.409 5.171 6.950 6.496 6.055 6.440 6.888 7.352 7.395 6.707 6.078 5.725 5.403 4.879 4.590 4.313 4.142 4.134 4.133 3.725 3.997 4.346 3.945 3.961 3.898 3.564 3.583
-9999.000 -9999.000 -9999.000 -9999.000 -9999.000 -9999.000 -9999.000 -9999.000 -9999.000 -9999.000 -9999.000 -9999.000 -9999.000 -9999.000 -9999.000 -9999.000 -9999.000 -9999.000 11.972 12.730 12.900 12.300 11.771 11.019 14.232 11.054 8.179 9.103 11.450 9.214 6.672 6.629 7.544 7.761 6.883 6.826 6.838 6.840 6.755 6.967 6.415 6.191 5.695 4.857 5.378 6.126 5.871 5.362 5.894 7.020 6.463 6.091 6.527 5.536 4.739 4.763 4.177 4.221 3.845 3.810 3.774 3.875 3.919 3.891 4.120 3.838 3.525 3.489 3.340
