test_integration/test_sample_run/example/results.meteodistr/output_maps/SWEN0039.asc
ncols         174
nrows         141
xllcorner     744500.000000
yllcorner     5140950.000000
cellsize      250.000000
NODATA_value  -9999.0
[rows 31 to 61 of 141, columns 69 to 137 of 174]
13.817 14.019 13.178 12.758 13.793 12.644 14.353 13.519 12.962 13.032 13.389 13.274 13.071 12.837 12.274 11.745 12.043 11.987 11.774 12.269 13.109 13.153 13.259 13.547 13.957 14.505 16.216 14.721 13.887 13.448 13.378 13.390 12.612 11.453 11.903 11.802 11.741 12.035 11.908 12.129 11.805 11.677 12.269 12.533 12.996 12.436 13.247 12.527 13.195 12.815 11.470 10.895 10.524 10.299 9.936 10.512 10.163 9.763 9.729 9.615 9.538 9.348 9.160 8.989 8.837 8.684 8.409 7.962 8.127
11.987 13.633 14.797 12.822 12.817 15.662 13.702 14.352 13.903 12.577 12.635 12.985 12.843 12.707 12.556 11.876 11.834 11.859 11.597 11.906 12.741 13.165 13.177 13.643 13.975 14.863 15.667 14.335 13.574 12.946 12.734 12.218 11.811 11.144 11.523 11.697 11.553 12.037 11.985 11.965 12.066 12.201 12.439 12.763 12.207 13.149 12.687 12.098 10.913 13.857 11.746 10.495 11.004 10.551 10.788 10.520 10.256 10.092 9.915 9.665 9.458 9.221 9.069 8.919 8.764 8.605 7.939 8.146 8.366
14.775 12.507 12.706 13.296 13.323 14.462 14.007 14.492 14.736 13.559 12.714 12.501 12.966 12.603 12.476 12.091 11.952 11.740 11.640 11.620 11.885 12.681 13.206 13.985 14.053 14.598 14.973 13.592 13.247 12.760 12.175 11.647 10.856 10.838 11.166 11.441 11.704 11.989 12.098 12.049 11.910 11.854 12.074 12.352 12.680 13.619 12.226 12.247 11.477 10.517 11.968 12.340 10.778 10.385 10.732 10.495 10.291 10.119 9.878 9.547 9.430 9.214 9.045 8.845 8.695 8.468 7.966 7.913 8.012
15.006 16.207 14.954 13.814 14.596 12.566 14.019 13.116 13.121 14.016 13.090 12.513 12.156 12.092 12.429 12.070 11.919 11.738 11.614 11.540 11.451 12.501 13.216 13.497 13.946 13.959 14.487 13.802 13.025 12.361 12.289 11.299 10.895 11.019 10.470 11.746 11.453 11.497 11.499 11.054 11.496 11.669 11.809 12.604 13.061 13.047 12.703 12.293 12.021 11.594 10.742 11.108 11.492 10.943 10.633 10.229 10.272 9.740 9.410 9.119 8.639 8.860 8.562 8.549 8.630 8.461 7.560 7.063 7.786
15.410 17.888 17.251 15.386 14.150 14.050 13.363 13.322 12.928 13.254 13.374 12.862 12.566 12.267 12.181 11.910 11.720 11.456 11.526 11.458 11.407 11.906 12.745 12.901 13.199 13.511 13.589 14.192 12.928 12.154 11.588 10.672 10.741 10.744 10.598 11.560 12.158 12.289 11.897 12.358 12.090 12.317 12.450 13.251 13.958 12.617 11.934 11.923 11.430 11.139 10.896 11.311 11.476 11.567 10.922 10.692 10.833 10.056 9.624 9.655 8.917 8.483 8.198 8.142 8.371 8.395 7.970 6.864 6.959
17.711 13.337 16.635 17.630 14.034 14.042 16.456 17.381 14.962 13.547 14.136 12.829 12.874 12.813 12.683 12.156 11.599 11.278 11.500 11.407 11.124 11.280 11.542 12.024 12.345 12.940 13.149 13.950 12.965 12.109 11.336 10.306 10.578 10.571 11.051 11.750 12.602 12.853 12.629 13.101 13.199 13.974 13.686 14.458 12.842 12.305 12.367 11.796 11.482 11.058 11.284 11.205 11.253 11.217 11.678 11.144 10.850 10.245 10.393 9.527 9.016 8.558 8.506 7.471 8.159 8.294 7.580 7.081 7.366
16.432 15.522 16.264 15.557 17.289 14.924 15.141 14.748 14.871 13.757 13.211 12.763 12.800 12.574 12.579 12.255 11.605 11.368 11.446 11.328 11.098 10.916 11.004 11.180 11.312 12.001 12.545 13.143 13.213 11.723 11.224 10.193 10.430 10.354 10.910 11.814 11.361 12.423 13.851 14.147 14.030 13.788 14.352 14.385 12.636 11.816 11.683 11.468 11.739 10.822 11.164 11.006 11.503 10.731 10.607 10.347 10.156 10.104 10.475 9.463 9.913 10.523 8.855 7.114 7.487 7.861 7.254 8.204 7.629
16.487 13.340 15.467 14.853 19.283 13.703 13.530 14.690 13.881 12.144 12.462 12.624 12.426 12.381 12.497 12.088 11.751 11.351 11.427 11.275 11.121 10.927 11.234 11.006 10.879 11.451 11.929 12.600 12.992 11.837 11.132 10.087 10.340 10.267 10.432 11.488 11.810 12.357 12.884 12.982 12.741 13.152 13.567 14.325 12.883 12.072 11.315 11.385 11.195 10.888 10.671 11.137 11.512 10.641 10.561 10.345 9.512 9.707 10.214 11.816 11.799 9.856 8.375 7.540 7.322 7.665 6.779 6.680 7.214
12.555 13.284 14.756 12.352 18.211 12.549 14.031 13.634 13.158 12.878 13.201 13.277 12.976 12.192 12.088 11.769 11.836 11.539 11.420 11.189 11.030 10.778 10.973 10.574 10.448 10.782 11.142 11.689 12.243 12.127 10.932 9.587 9.955 10.022 10.307 11.438 12.089 12.762 12.148 12.223 12.224 12.308 12.508 14.211 12.837 11.539 11.466 10.845 10.835 10.732 10.130 10.587 11.058 9.808 9.522 10.004 9.866 9.492 10.009 9.790 10.009 9.884 8.242 6.786 6.703 7.370 5.598 6.401 8.149
14.062 13.957 13.999 14.007 14.410 15.406 12.565 13.406 12.702 11.751 12.423 13.080 13.089 12.370 12.138 11.624 11.676 11.531 11.473 11.020 10.962 10.760 10.614 10.544 10.345 10.334 10.741 11.037 11.518 12.059 10.679 9.370 9.711 9.941 10.461 11.145 12.438 11.647 11.290 12.126 12.088 12.406 12.337 13.529 13.542 11.673 11.398 10.891 10.598 10.362 10.301 9.792 10.955 9.621 9.640 9.705 9.255 9.758 9.283 9.585 9.156 8.945 7.178 6.817 7.102 6.606 5.869 7.016 8.194
12.856 13.374 14.458 13.644 14.921 16.071 13.611 11.398 13.294 12.813 11.830 11.981 12.716 12.575 12.426 12.284 12.018 11.637 11.682 11.235 11.003 10.667 10.395 10.494 10.472 10.024 10.011 10.144 10.756 11.208 10.647 9.283 9.481 9.557 10.002 11.258 12.136 10.334 10.800 11.341 11.914 12.397 12.271 13.097 14.088 12.275 11.839 11.369 10.586 10.077 10.371 9.908 10.644 9.780 9.679 9.299 9.213 9.070 9.178 9.121 9.148 7.776 7.743 6.508 6.795 5.604 6.589 7.813 9.011
10.628 13.880 12.704 11.179 12.037 15.944 16.523 16.057 12.783 12.631 12.168 11.789 12.688 12.668 12.552 12.672 12.475 11.932 11.667 11.394 11.319 10.898 10.879 10.713 10.352 10.106 9.972 9.717 9.766 10.305 10.553 9.338 9.444 9.551 10.105 11.421 10.996 10.273 10.776 11.314 11.622 12.244 12.124 13.304 13.353 12.598 12.019 11.275 10.885 10.247 10.217 9.816 10.261 9.961 9.413 8.747 8.975 8.763 8.825 8.597 8.726 7.548 7.762 6.159 6.779 6.181 6.128 7.141 7.187
11.014 12.293 10.807 10.835 16.028 18.030 13.133 11.436 12.820 12.970 12.970 12.389 12.754 12.740 12.565 12.619 12.330 11.929 11.789 11.501 11.421 11.366 10.922 10.691 10.292 9.807 9.671 9.568 9.302 9.300 9.475 9.715 9.372 9.403 10.334 10.916 10.098 10.420 10.191 11.263 11.485 11.685 12.501 13.158 12.322 11.862 11.757 11.573 10.823 10.044 9.947 9.699 9.838 10.295 8.632 8.437 8.213 8.265 8.261 8.172 7.513 7.031 6.102 7.072 6.877 6.167 6.043 6.152 6.141
10.281 9.540 10.633 13.871 16.090 18.070 11.492 13.315 13.170 12.717 12.740 12.413 12.538 12.759 12.481 12.504 12.107 11.924 11.904 11.593 11.403 11.314 11.002 10.610 10.258 9.841 9.355 9.561 9.823 9.398 9.355 9.412 9.056 9.324 9.768 9.780 9.827 10.101 9.953 11.024 11.857 12.228 13.085 12.844 12.113 11.426 11.277 10.512 10.229 9.739 9.436 9.554 9.994 10.178 8.871 8.269 8.433 7.988 7.866 7.539 6.959 6.878 7.018 7.111 6.614 6.893 6.149 5.596 5.638
10.305 9.068 9.726 11.811 13.216 16.941 14.401 12.908 12.003 11.489 12.468 12.297 12.350 12.901 12.772 12.342 12.164 11.559 11.627 11.565 11.520 11.281 11.129 11.124 10.764 10.398 10.141 9.898 9.889 9.466 9.384 9.083 9.034 9.045 9.270 9.148 9.337 10.105 10.432 10.565 10.476 11.098 12.914 12.697 11.776 11.085 10.630 10.074 9.796 9.142 8.990 8.963 10.261 9.693 9.111 8.626 8.220 7.541 7.374 7.214 6.737 7.128 6.813 6.328 6.608 6.820 6.960 6.807 5.962
10.426 10.217 10.132 12.840 12.846 14.079 15.292 16.731 15.711 10.915 11.518 13.277 13.207 12.886 13.192 12.768 11.963 11.617 11.700 11.389 11.379 11.201 11.017 11.536 11.337 10.818 10.660 10.286 9.986 9.760 9.400 8.894 8.875 8.908 9.024 9.270 9.804 9.935 9.734 10.233 10.960 11.086 12.059 12.791 11.737 10.919 10.726 10.175 9.757 9.095 9.020 9.145 9.594 8.959 8.747 8.225 7.851 7.262 7.373 7.353 7.069 6.841 6.338 6.464 6.677 6.902 6.369 5.239 5.391
9.303 9.925 10.521 12.493 15.106 14.073 12.657 13.235 15.121 15.693 11.010 12.714 13.040 12.232 12.901 12.962 12.459 11.875 11.434 11.330 11.448 11.320 11.189 11.866 11.753 11.436 11.189 10.739 10.567 10.377 10.293 9.617 9.029 8.749 8.831 8.944 8.897 9.458 10.001 10.557 10.822 11.290 11.431 12.599 11.994 11.222 10.731 10.120 9.567 8.746 8.707 9.072 8.932 8.195 7.757 7.301 7.240 7.453 7.516 7.615 7.350 7.259 6.411 7.218 7.510 7.302 6.304 6.426 5.728
9.382 9.773 10.168 12.211 12.782 12.290 13.851 12.325 13.520 14.693 12.265 12.025 12.338 11.881 12.141 12.466 12.070 11.934 11.721 11.250 11.371 11.047 11.089 11.771 12.287 11.879 11.501 11.043 10.855 10.763 10.619 10.213 9.664 8.968 8.858 8.774 8.632 9.393 9.928 10.389 10.462 10.952 11.174 12.214 12.115 11.487 10.794 10.019 9.370 8.691 8.772 8.602 8.454 7.734 7.722 7.432 7.462 7.141 7.499 7.897 7.919 7.539 6.645 8.028 8.520 7.498 7.188 8.782 6.063
9.557 10.281 10.136 11.136 11.310 10.939 12.670 11.930 11.840 14.033 11.850 11.755 11.581 11.037 11.445 11.479 11.682 12.121 11.899 11.413 11.493 11.523 11.707 12.064 12.180 11.755 11.961 11.852 11.459 11.284 11.048 10.543 10.048 9.295 9.064 8.643 8.286 8.774 9.352 10.139 10.195 10.249 10.778 11.565 11.151 10.625 10.537 10.164 9.545 8.783 8.610 8.148 8.048 7.357 7.420 7.533 7.535 7.677 7.975 8.248 8.050 7.315 7.558 9.039 9.238 7.924 8.272 8.915 6.516
9.012 9.827 8.961 10.427 10.282 10.694 11.587 11.312 10.848 12.526 11.714 12.233 11.008 10.675 11.342 10.732 11.449 11.938 11.981 11.590 11.737 12.042 11.936 11.912 11.597 11.667 11.684 11.916 11.918 11.823 11.549 10.696 10.293 9.596 9.202 8.502 8.413 8.548 8.773 9.440 9.899 10.069 10.123 10.849 9.914 9.749 9.189 9.272 9.308 8.956 8.492 7.968 7.835 7.552 7.402 7.753 7.724 8.359 8.484 8.434 7.816 7.648 8.218 9.080 9.213 8.351 8.280 8.528 7.087
8.831 8.963 8.589 9.558 9.670 10.273 11.014 10.484 8.963 10.872 11.149 12.220 10.879 10.179 10.746 10.664 10.815 11.357 11.638 11.932 11.801 11.635 11.491 11.563 11.567 11.612 11.646 11.289 11.153 11.588 11.872 11.517 10.782 10.253 9.563 8.748 8.270 8.232 7.735 8.555 8.975 9.530 9.915 10.054 9.480 9.503 8.945 8.429 8.155 7.788 7.805 8.060 7.626 7.738 7.821 8.492 8.529 8.542 9.012 8.759 7.925 8.993 7.632 8.729 10.014 8.623 9.250 8.133 8.025
7.665 7.747 8.494 8.896 9.352 10.375 10.983 9.386 9.157 9.333 10.344 11.317 10.668 9.938 10.424 10.586 10.721 10.910 11.177 11.765 11.717 11.275 11.403 11.483 11.464 11.485 11.412 10.987 10.951 10.940 11.062 11.251 11.405 10.863 9.911 9.153 8.607 8.228 8.332 8.124 8.691 9.150 9.907 9.493 9.037 8.783 8.472 7.820 7.746 7.613 7.702 7.650 7.498 7.868 8.186 8.767 8.968 8.593 8.399 8.528 9.280 8.511 8.442 9.004 11.312 9.281 10.176 8.776 8.382
6.669 6.849 7.384 8.644 7.926 9.483 10.325 8.831 8.903 9.118 9.687 10.849 10.666 9.816 10.067 10.158 10.487 10.873 11.055 11.563 11.413 11.238 11.296 11.261 11.198 11.261 11.006 10.558 10.550 10.557 10.294 10.377 10.265 11.016 10.626 9.821 9.369 8.659 8.265 7.641 7.938 8.750 9.176 8.331 8.238 7.784 7.362 7.575 7.888 7.755 7.763 7.678 7.810 8.245 8.385 8.858 9.070 9.032 8.825 9.197 9.263 8.458 8.934 9.868 11.011 10.034 9.925 9.213 8.077
6.984 7.037 6.096 7.342 7.546 8.496 8.851 8.841 9.176 9.742 10.139 10.892 10.308 9.747 9.884 10.178 10.069 10.799 11.122 11.541 11.471 11.318 11.155 11.179 11.184 11.011 10.711 10.479 10.470 10.373 10.028 10.286 9.577 9.867 10.145 10.543 10.112 9.091 8.288 7.723 7.484 8.355 8.320 8.060 7.712 7.882 7.910 7.693 7.813 8.177 7.742 7.685 7.762 8.541 8.685 9.040 9.245 9.697 9.822 10.386 10.196 9.690 8.286 9.910 11.588 11.049 10.540 8.136 8.626
7.517 6.998 7.024 6.237 7.101 6.997 7.020 8.093 8.611 9.252 10.113 10.253 9.491 9.065 9.257 9.821 9.884 10.900 11.484 11.607 11.313 11.007 10.995 11.040 10.959 10.906 10.862 10.728 10.421 10.068 9.944 9.575 9.549 8.995 8.935 9.429 9.774 10.131 9.281 7.854 7.868 7.429 7.249 7.463 7.785 7.848 7.974 8.212 8.653 8.842 8.389 7.959 7.729 8.076 9.133 9.027 8.880 9.002 9.326 10.037 10.515 10.091 10.715 9.179 8.635 9.773 8.307 8.857 9.367
7.788 7.656 7.671 7.269 7.256 7.016 7.591 8.408 8.599 9.324 8.748 9.053 8.979 8.134 9.221 9.129 9.945 10.901 11.402 11.513 11.019 10.907 10.903 10.799 10.893 10.869 10.885 10.840 10.682 10.241 9.817 9.371 9.240 9.236 9.200 8.910 8.659 8.772 8.904 8.156 7.780 7.908 7.905 7.774 7.910 8.171 8.662 8.684 9.091 9.380 8.755 7.849 7.944 8.012 8.531 8.629 8.549 9.467 9.563 9.954 9.842 10.239 9.803 9.735 10.323 9.786 9.439 9.292 9.091
8.037 7.854 7.354 7.148 6.997 6.983 7.305 8.020 9.089 7.533 6.988 8.322 9.207 8.337 8.730 9.197 10.317 10.942 11.307 11.260 11.087 10.928 10.733 10.468 10.952 11.077 10.990 11.385 11.161 10.892 10.575 9.681 9.780 9.417 9.076 8.234 7.649 7.241 7.341 7.230 7.487 7.651 8.016 8.210 8.427 8.826 9.162 9.363 9.780 9.952 9.001 8.126 8.148 8.001 7.742 8.852 8.810 9.293 9.854 9.757 10.079 9.670 9.681 9.966 10.213 9.765 9.533 9.133 9.038
8.101 7.858 7.562 7.339 7.348 7.758 7.630 6.905 6.804 7.208 7.386 9.038 8.669 9.149 8.502 9.440 10.670 10.666 10.877 10.656 10.171 10.187 9.910 10.468 10.814 11.014 11.036 11.209 11.270 10.592 10.691 11.202 9.921 9.196 9.275 8.890 7.876 7.584 7.679 7.622 7.604 7.884 8.146 8.533 9.013 9.701 9.320 9.725 10.045 9.563 8.978 8.590 8.051 8.169 7.957 7.826 8.578 9.357 9.504 9.708 10.159 10.354 10.377 10.489 10.355 9.891 9.376 9.165 9.001
8.617 8.028 7.729 7.529 7.277 7.466 7.448 6.862 6.338 7.620 7.143 7.981 7.447 8.862 8.566 9.559 10.030 10.549 9.529 9.096 8.826 8.982 9.033 9.955 10.409 10.828 10.854 11.154 11.219 11.146 10.683 9.187 9.157 9.092 8.470 7.060 7.428 8.035 8.372 8.035 8.249 8.100 8.300 8.716 9.168 9.675 9.870 9.995 10.697 9.816 8.863 8.755 8.456 8.439 8.227 8.291 8.198 8.746 9.263 9.152 9.407 10.100 10.218 10.438 10.034 9.746 9.426 9.149 8.844
9.166 9.036 8.592 7.925 7.660 7.129 7.373 7.292 7.325 7.260 7.588 7.292 7.024 8.108 9.037 8.229 8.842 9.999 9.217 8.450 8.896 9.170 9.320 9.646 10.351 10.601 10.648 11.051 11.045 10.455 8.988 9.425 9.282 8.945 8.511 7.377 7.611 9.336 8.001 8.222 8.030 7.675 7.066 7.684 8.431 8.799 9.324 9.480 10.339 10.289 8.642 8.491 8.679 8.131 8.489 8.557 8.003 8.407 8.185 9.170 9.258 8.758 8.995 9.251 8.813 9.351 9.345 9.071 8.996
8.285 7.731 7.520 8.050 8.287 7.460 7.265 7.168 6.984 7.050 6.854 7.208 6.835 7.390 7.358 7.734 7.976 9.248 8.812 8.078 8.503 9.281 9.276 9.666 10.263 10.489 10.868 11.530 11.658 11.008 9.926 8.950 8.567 8.552 8.480 7.476 7.713 9.732 8.941 7.947 7.344 7.046 8.043 9.383 9.858 10.049 9.577 9.926 10.451 11.006 10.114 8.180 9.186 8.054 8.055 8.717 7.984 8.036 8.161 9.435 11.004 10.334 9.496 10.689 8.789 8.579 9.694 9.020 8.908
