test_integration/test_sample_run/example/results.meteodistr/output_maps/SWEN0102.asc
ncols         174
nrows         141
xllcorner     744500.000000
yllcorner     5140950.000000
cellsize      250.000000
NODATA_value  -9999.0
[rows 62 to 92 of 141, columns 0 to 69 of 174]
-9999.000 -9999.000 -9999.000 -9999.000 -9999.000 0.000 6.902 3.750 4.207 3.049 0.000 0.000 4.246 6.218 5.204 3.955 2.616 0.009 0.000 0.000 0.583 1.325 2.350 3.360 2.798 3.898 2.388 0.656 0.000 1.445 0.000 0.000 0.000 0.000 0.000 0.000 0.000 0.000 0.000 0.000 0.000 0.000 0.000 0.000 0.000 0.000 2.847 2.049 5.965 8.850 9.057 8.480 4.471 0.000 0.000 0.000 0.000 0.000 0.000 1.391 2.860 0.000 0.000 0.908 9.174 9.961 9.578 3.774 0.000 0.000
-9999.000 -9999.000 -9999.000 -9999.000 1.717 7.629 10.844 6.726 5.244 4.400 0.000 0.350 0.000 0.000 6.925 3.828 3.514 0.087 0.000 0.000 2.354 2.269 1.455 1.780 0.000 0.924 0.000 0.000 0.000 0.000 0.000 0.000 0.000 0.000 0.000 0.000 0.000 0.000 0.000 0.000 0.000 0.000 0.000 0.681 3.765 2.252 0.000 0.000 0.000 5.528 9.906 10.152 1.231 0.000 0.000 0.000 0.000 0.000 0.000 2.315 3.955 5.162 0.415 0.000 4.221 7.090 0.730 0.000 0.000 0.000
-9999.000 -9999.000 -9999.000 -9999.000 -9999.000 3.513 0.000 9.666 10.693 10.854 10.174 10.018 7.350 2.256 0.000 0.000 0.584 0.799 0.000 0.000 0.133 1.620 0.370 0.000 0.000 0.000 0.000 0.000 0.000 0.000 0.000 0.000 0.000 0.000 0.000 0.000 0.000 0.000 0.000 0.000 0.000 0.000 2.929 5.427 6.138 6.356 6.593 0.226 0.000 0.000 0.544 1.787 0.000 0.000 0.000 0.000 0.000 0.000 3.054 5.973 6.752 7.395 8.085 8.643 8.690 3.770 0.000 0.000 0.000 4.644
-9999.000 -9999.000 -9999.000 -9999.000 -9999.000 -9999.000 0.000 11.568 11.440 11.516 11.299 10.752 9.269 9.151 0.000 0.000 0.000 0.633 0.000 0.000 0.000 0.000 0.000 0.000 0.000 0.701 0.000 0.000 0.000 0.000 0.000 0.000 0.000 0.000 0.000 0.000 0.000 0.000 0.000 0.000 0.000 2.879 4.316 5.694 6.384 7.032 7.300 7.053 6.010 1.650 0.000 0.000 0.000 0.000 0.000 0.000 0.000 0.000 3.345 5.098 7.369 7.784 9.458 9.798 10.215 7.621 2.745 2.424 5.606 5.142
-9999.000 -9999.000 -9999.000 -9999.000 -9999.000 0.962 10.857 11.216 9.649 10.939 8.145 5.022 6.181 5.201 2.471 0.000 0.358 0.933 0.387 0.000 0.000 0.000 0.000 0.000 0.000 0.000 0.000 0.000 0.000 0.000 0.000 0.000 0.000 0.000 0.000 0.000 0.000 0.000 0.000 0.000 2.459 6.023 6.197 5.218 7.454 7.367 7.783 7.059 8.039 7.785 6.743 0.000 0.000 0.000 0.000 0.000 2.780 4.152 4.928 0.000 0.000 0.000 1.615 0.653 4.861 8.537 6.690 7.629 7.160 7.192
-9999.000 -9999.000 -9999.000 -9999.000 -9999.000 8.339 11.911 10.962 10.845 8.493 6.950 2.643 0.000 0.000 0.000 0.000 0.000 0.000 0.000 0.000 0.000 0.000 0.000 0.000 0.000 0.000 0.000 0.000 0.000 0.000 0.000 0.000 0.000 0.000 0.000 0.000 0.000 0.000 0.000 0.000 5.927 5.834 6.410 6.675 9.475 7.121 8.789 7.815 8.240 8.605 8.596 7.711 5.455 0.000 0.000 1.550 4.337 6.365 7.311 5.445 0.000 0.000 0.000 0.000 0.000 2.653 9.073 8.041 7.364 7.344
-9999.000 -9999.000 -9999.000 -9999.000 -9999.000 -9999.000 11.238 10.989 13.433 9.924 4.769 8.218 4.403 0.000 0.000 0.000 0.000 2.079 3.595 2.394 0.000 0.000 0.000 0.000 0.000 0.000 0.000 0.000 0.000 0.000 0.000 0.000 0.000 0.000 0.000 0.000 0.000 0.000 1.859 2.923 4.816 6.106 7.158 7.950 7.960 6.751 8.805 8.061 8.192 6.988 7.352 7.675 7.364 6.180 2.990 3.835 7.125 7.159 7.739 7.345 6.385 0.819 0.000 0.000 0.000 0.000 8.901 9.213 6.492 7.533
-9999.000 -9999.000 -9999.000 -9999.000 -9999.000 -9999.000 10.648 12.682 7.268 7.016 8.207 8.791 6.328 0.362 4.701 5.538 8.342 8.630 8.295 6.824 1.914 0.000 0.000 0.000 0.000 0.000 0.000 0.000 0.000 0.000 0.000 0.000 0.000 0.000 0.000 0.275 1.732 1.963 4.473 3.517 5.377 9.467 7.446 7.523 7.720 7.919 7.863 6.509 7.624 7.767 8.199 7.785 7.000 6.187 4.669 3.647 7.322 7.710 8.372 7.727 7.749 7.015 5.522 3.487 0.751 0.000 0.000 6.382 5.923 5.644
-9999.000 -9999.000 -9999.000 -9999.000 -9999.000 -9999.000 -9999.000 10.263 10.942 11.150 10.953 10.679 4.519 5.198 7.447 8.020 7.079 7.941 8.353 7.811 6.378 3.945 0.000 0.000 0.000 0.000 0.000 0.000 0.000 0.000 0.389 2.697 3.260 4.702 6.221 6.201 6.153 6.330 6.677 5.501 3.591 5.585 7.943 7.801 7.773 11.021 10.566 9.500 6.799 7.596 9.344 7.941 6.295 4.546 4.268 3.875 7.516 7.748 8.309 8.008 8.126 8.027 7.839 8.460 8.475 2.912 4.335 6.269 3.253 5.184
-9999.000 -9999.000 -9999.000 -9999.000 -9999.000 -9999.000 -9999.000 13.681 13.504 11.937 12.488 7.229 2.121 7.286 8.557 5.715 7.796 9.093 7.987 7.396 6.934 6.279 0.443 0.000 0.000 0.000 0.000 0.000 0.228 0.000 3.127 3.069 6.405 6.597 6.257 6.514 6.916 6.876 7.460 6.073 3.465 6.360 7.246 8.415 11.619 11.232 10.956 12.538 8.111 10.881 9.982 5.003 4.500 1.965 4.562 3.906 6.132 8.826 9.236 8.456 8.499 8.635 8.489 8.292 8.597 8.109 7.110 7.855 7.325 8.763
-9999.000 -9999.000 -9999.000 -9999.000 -9999.000 -9999.000 -9999.000 -9999.000 12.606 13.965 6.892 6.021 5.720 8.394 8.861 5.814 8.273 9.624 9.519 7.366 5.096 1.627 0.000 0.000 0.000 0.000 2.652 0.000 2.443 3.317 6.264 5.682 5.930 5.942 7.136 8.845 7.243 6.589 5.920 6.455 6.895 6.780 7.174 8.455 10.345 13.480 9.443 10.919 13.780 10.098 2.067 1.514 0.000 0.000 6.147 5.059 5.818 9.450 9.963 9.124 9.548 9.202 9.174 8.683 8.207 9.300 6.164 8.430 9.407 8.546
-9999.000 -9999.000 -9999.000 -9999.000 -9999.000 -9999.000 -9999.000 -9999.000 0.000 7.062 3.099 4.191 8.465 9.487 8.371 5.465 10.039 11.038 8.978 4.571 0.623 0.000 0.858 0.825 2.847 1.899 4.015 5.058 6.595 6.058 6.266 6.448 7.596 7.009 8.042 8.661 7.590 7.493 7.264 8.256 8.866 9.582 4.873 2.801 4.684 7.495 12.411 11.976 14.122 10.010 3.256 0.000 0.000 0.252 6.818 5.380 5.943 10.845 9.549 10.354 10.626 9.473 10.297 9.407 7.982 9.462 8.070 8.430 9.992 8.877
-9999.000 -9999.000 -9999.000 -9999.000 -9999.000 -9999.000 -9999.000 0.000 0.000 0.197 1.995 5.387 9.052 9.866 6.188 8.465 12.768 9.285 4.760 7.171 6.292 4.642 0.000 3.477 5.265 6.688 6.169 6.785 6.336 6.444 7.488 7.061 8.963 7.933 6.710 8.048 8.464 7.994 9.216 9.286 9.665 9.681 10.993 7.640 4.456 6.516 8.489 12.882 13.493 8.629 0.000 0.000 0.000 7.604 7.256 6.678 4.389 8.781 10.218 10.305 10.297 8.888 11.051 9.078 8.145 9.344 7.864 8.503 10.215 9.314
-9999.000 -9999.000 -9999.000 -9999.000 -9999.000 -9999.000 0.000 0.000 0.875 0.000 4.047 8.008 11.081 9.541 6.952 10.500 14.074 5.875 10.980 10.298 3.186 2.970 0.201 3.125 6.765 6.374 5.623 6.661 7.204 7.933 7.908 8.190 8.903 8.373 7.813 9.607 11.057 8.703 9.968 9.902 10.319 10.964 11.772 11.881 10.957 10.649 5.655 13.159 10.169 0.000 7.031 7.332 5.150 8.182 8.090 7.520 8.108 8.778 11.015 10.292 9.604 9.771 12.072 8.923 8.354 8.101 9.265 9.532 10.521 10.269
-9999.000 -9999.000 -9999.000 -9999.000 -9999.000 0.000 0.000 1.998 2.870 8.862 11.626 10.915 11.531 10.164 8.366 13.330 11.344 11.014 11.331 4.539 0.000 0.000 0.769 4.291 6.009 5.522 6.386 7.204 8.288 8.156 7.801 9.281 8.929 8.316 11.606 9.003 11.850 9.602 10.457 10.816 10.990 11.836 12.304 12.380 12.497 13.006 12.642 9.773 8.634 7.249 9.952 6.967 4.845 8.321 7.747 8.022 7.844 8.756 10.024 9.551 9.160 9.642 9.454 7.458 7.554 8.319 9.532 10.020 5.051 4.684
-9999.000 -9999.000 -9999.000 0.000 0.000 0.000 10.068 12.846 12.634 12.712 12.433 12.206 12.242 10.593 10.191 13.851 12.595 10.200 10.713 0.000 0.000 0.000 3.033 3.356 6.038 6.402 9.861 7.798 9.429 8.349 9.895 9.084 9.396 12.175 11.526 10.327 12.739 11.348 11.035 11.241 11.330 12.263 12.382 12.390 12.375 12.407 13.175 13.152 10.780 5.287 2.126 0.000 5.690 8.688 8.250 6.475 8.167 9.792 9.184 9.258 10.327 11.544 5.884 7.237 8.432 9.657 9.977 8.692 6.362 3.534
-9999.000 -9999.000 2.210 5.423 15.000 14.331 13.206 12.652 10.645 8.902 11.884 12.223 12.942 10.355 10.768 14.732 14.585 11.215 3.806 0.000 1.887 6.921 6.848 5.278 7.103 7.486 11.643 8.535 9.532 10.355 10.425 10.822 8.166 6.818 11.228 11.498 11.843 11.497 12.346 12.233 12.071 12.642 12.423 12.387 11.578 12.331 12.039 14.573 7.339 0.000 3.078 3.721 8.382 8.756 8.186 7.366 8.503 11.124 11.641 12.061 4.204 0.000 2.468 6.590 7.604 7.144 7.366 8.723 8.825 8.956
-9999.000 -9999.000 5.919 6.189 15.695 14.121 11.507 11.028 9.488 11.026 10.671 12.917 13.158 11.160 10.299 15.578 11.154 9.722 0.597 1.791 5.491 7.406 6.726 6.378 6.303 7.729 12.095 9.307 10.395 11.214 11.588 12.063 12.254 6.973 12.267 12.347 11.027 12.458 8.736 10.860 12.496 10.976 11.714 10.859 13.389 13.592 11.885 8.105 9.824 7.756 8.329 9.337 8.039 9.228 8.169 8.522 9.335 11.150 8.406 1.885 0.000 0.000 2.618 2.540 0.786 0.000 5.013 8.266 9.397 9.338
-9999.000 -9999.000 -9999.000 4.701 12.961 13.269 13.039 9.661 13.967 9.197 11.625 13.132 13.319 11.047 9.765 17.795 7.137 5.008 0.000 0.000 6.624 8.210 7.602 6.841 5.953 9.150 11.940 10.788 11.397 11.769 12.239 12.047 12.198 11.836 10.786 12.910 9.907 8.199 11.534 11.284 12.845 12.502 11.567 12.301 9.404 12.513 12.959 13.048 9.343 10.254 7.493 7.447 9.046 8.410 8.096 8.011 8.672 8.538 0.899 0.000 0.000 0.000 0.000 0.000 0.000 0.939 1.748 0.613 6.270 9.206
-9999.000 -9999.000 -9999.000 -9999.000 -9999.000 -9999.000 12.751 14.809 10.525 11.453 12.955 13.241 12.984 9.227 10.640 11.930 0.000 0.000 0.000 3.487 8.544 7.753 8.680 9.250 1.744 8.226 13.629 10.704 12.676 12.895 11.594 11.115 12.274 11.145 12.034 13.386 2.429 7.995 11.526 11.856 12.165 11.695 12.097 11.682 12.709 12.541 13.199 12.768 10.391 10.326 9.811 7.980 8.835 8.788 8.590 10.001 8.890 0.000 0.000 0.000 0.000 0.000 0.000 0.000 0.000 2.070 0.000 0.000 3.310 6.354
-9999.000 -9999.000 -9999.000 -9999.000 -9999.000 -9999.000 -9999.000 16.156 11.569 9.819 9.352 9.614 10.392 9.521 14.125 8.270 0.000 0.000 7.490 8.132 8.073 6.843 7.090 11.020 6.893 5.449 7.384 11.499 12.724 12.213 10.685 8.874 11.686 12.446 11.456 9.461 9.990 11.460 12.318 11.482 12.012 11.497 8.081 13.462 8.177 10.150 8.867 9.103 9.548 12.089 12.667 7.915 5.888 8.474 9.181 0.000 0.000 0.000 0.000 0.000 0.000 0.000 0.000 0.000 0.000 0.061 0.000 0.000 0.000 0.000
-9999.000 -9999.000 -9999.000 -9999.000 -9999.000 -9999.000 -9999.000 2.931 7.245 18.170 16.569 14.981 16.591 17.727 2.499 3.475 0.000 2.050 10.371 6.779 5.941 8.693 10.212 11.609 10.345 0.769 13.650 11.271 11.325 10.015 10.713 13.942 11.008 12.037 14.899 6.203 12.306 11.425 12.265 12.972 12.972 11.198 0.000 1.102 0.000 0.390 8.455 8.083 3.016 0.538 0.000 4.511 0.000 0.000 0.000 0.000 0.000 0.000 0.000 0.000 0.511 2.503 0.000 0.000 0.000 0.000 3.974 0.000 0.000 0.000
-9999.000 -9999.000 -9999.000 -9999.000 -9999.000 -9999.000 -9999.000 -9999.000 0.000 0.000 2.449 2.655 2.924 3.698 2.697 0.000 3.514 10.091 7.325 9.733 7.915 9.757 11.095 9.333 9.539 9.524 12.548 13.707 13.026 13.110 13.266 9.085 13.076 10.523 6.895 12.623 9.361 7.634 4.386 2.288 0.000 4.757 0.000 0.000 2.475 0.000 2.183 2.194 6.734 0.000 0.000 0.000 0.000 0.000 0.000 0.000 0.000 0.000 0.000 0.000 5.007 2.044 0.000 0.000 0.000 0.000 0.000 0.000 0.000 0.000
-9999.000 -9999.000 -9999.000 -9999.000 -9999.000 -9999.000 -9999.000 -9999.000 -9999.000 0.000 0.000 0.000 0.000 0.000 0.000 0.000 7.466 10.445 7.138 13.549 4.866 10.318 9.379 9.878 11.194 12.820 6.364 6.581 6.301 5.839 11.248 8.010 7.950 3.890 0.000 9.155 0.000 0.000 0.000 0.000 0.000 0.000 0.000 0.000 0.000 0.000 0.000 0.000 7.600 8.104 0.000 0.000 0.000 0.000 0.000 0.000 0.000 0.000 0.000 0.000 0.000 0.000 0.000 0.000 0.000 0.000 0.000 0.000 0.000 0.000
-9999.000 -9999.000 -9999.000 -9999.000 -9999.000 -9999.000 -9999.000 -9999.000 -9999.000 -9999.000 0.000 0.000 0.000 0.000 0.000 4.456 11.199 7.843 8.052 9.503 0.000 9.003 9.227 11.127 12.330 5.817 0.000 0.000 0.000 0.000 0.000 0.000 0.000 0.000 0.000 1.318 3.441 0.000 0.000 0.000 2.848 3.205 0.000 0.000 0.000 0.000 0.000 0.000 0.000 9.682 4.892 0.000 0.000 0.000 0.000 0.000 0.000 0.000 0.000 0.000 0.000 0.000 0.000 0.000 0.000 0.000 0.000 0.000 0.000 0.000
-9999.000 -9999.000 -9999.000 -9999.000 -9999.000 -9999.000 -9999.000 -9999.000 -9999.000 -9999.000 -9999.000 0.000 0.000 4.196 4.989 11.651 10.649 7.504 12.377 8.144 4.144 9.055 9.140 12.258 10.334 9.394 0.000 0.000 0.000 0.000 0.000 0.000 0.000 0.000 0.000 0.257 6.742 0.000 0.000 0.000 3.302 0.000 3.063 0.000 0.000 0.000 0.000 0.000 0.000 0.000 8.111 2.949 1.495 2.123 0.000 0.000 0.000 0.000 0.000 2.189 0.000 0.000 0.000 0.000 0.000 0.000 0.000 0.000 0.000 0.000
-9999.000 -9999.000 -9999.000 -9999.000 -9999.000 -9999.000 -9999.000 -9999.000 -9999.000 -9999.000 -9999.000 -9999.000 0.000 9.090 11.936 11.623 9.582 8.664 13.804 4.280 8.834 10.101 7.749 8.609 10.652 9.093 5.510 7.125 0.000 0.000 0.000 0.000 0.000 0.000 0.000 0.000 0.000 0.000 0.000 0.000 0.000 0.000 0.000 0.000 0.000 0.000 0.000 0.000 0.000 0.000 0.000 0.000 1.514 1.779 0.000 0.000 0.000 0.000 2.144 0.000 0.000 0.000 0.000 0.000 0.000 1.254 0.000 0.144 0.819 0.450
-9999.000 -9999.000 -9999.000 -9999.000 -9999.000 -9999.000 -9999.000 -9999.000 -9999.000 -9999.000 -9999.000 -9999.000 0.000 12.444 11.822 11.877 9.700 12.125 9.790 0.849 11.457 11.852 6.638 0.000 13.298 9.639 6.952 7.198 6.903 1.667 0.000 0.000 0.000 0.000 0.000 0.000 0.000 0.000 0.000 0.000 0.000 0.000 0.000 0.000 0.000 0.000 0.000 0.000 0.000 0.000 0.000 0.000 0.000 0.000 0.000 0.000 0.000 0.000 0.000 0.000 0.000 2.110 2.499 1.902 2.535 2.322 2.057 1.917 1.450 1.530
-9999.000 -9999.000 -9999.000 -9999.000 -9999.000 -9999.000 -9999.000 -9999.000 -9999.000 -9999.000 -9999.000 -9999.000 4.492 5.179 12.492 11.184 9.471 5.983 6.183 10.308 12.613 12.564 12.375 11.214 9.829 14.509 7.095 7.424 8.042 6.649 5.222 0.000 0.000 0.000 0.000 0.000 0.000 0.000 0.000 0.000 0.000 0.000 0.000 0.000 0.000 0.000 0.000 0.000 0.000 2.544 1.737 0.000 0.000 0.000 0.000 0.000 0.000 0.000 0.000 0.000 0.000 0.000 2.535 2.856 2.595 2.599 1.897 2.412 1.625 1.608
-9999.000 -9999.000 -9999.000 -9999.000 -9999.000 -9999.000 -9999.000 -9999.000 -9999.000 -9999.000 -9999.000 -9999.000 -9999.000 -9999.000 -9999.000 -9999.000 -9999.000 0.000 0.000 12.843 10.423 12.645 11.704 11.012 11.670 8.795 5.480 8.015 9.484 8.096 5.110 0.000 0.000 0.000 0.000 0.000 0.000 0.000 0.000 0.000 0.000 0.000 0.000 0.000 0.000 0.000 0.000 0.000 3.161 5.511 5.123 4.603 4.753 3.454 0.000 0.000 0.000 0.000 0.000 0.000 0.000 0.000 0.000 3.076 3.009 2.904 2.986 0.551 0.000 1.865
-9999.000 -9999.000 -9999.000 -9999.000 -9999.000 -9999.000 -9999.000 -9999.000 -9999.000 -9999.000 -9999.000 -9999.000 -9999.000 -9999.000 -9999.000 -9999.000 -9999.000 -9999.000 1.534 1.590 4.103 12.275 11.746 11.010 10.139 6.412 2.010 0.000 5.472 0.000 0.000 0.000 0.000 0.000 0.000 0.000 0.000 0.000 0.000 0.000 0.000 0.000 0.000 0.000 0.000 0.000 0.000 0.000 0.000 0.000 0.000 0.000 1.844 3.952 0.000 0.000 0.000 0.000 0.000 0.000 0.000 0.000 0.000 0.000 0.000 0.000 0.000 0.000 0.000 0.000
