test_integration/test_sample_run/example/results.meteodistr/output_maps/SWEN0029.asc
ncols         174
nrows         141
xllcorner     744500.000000
yllcorner     5140950.000000
cellsize      250.000000
NODATA_value  -9999.0
[rows 31 to 61 of 141, columns 0 to 68 of 174]
-9999.000 -9999.000 -9999.000 -9999.000 -9999.000 -9999.000 -9999.000 -9999.000 -9999.000 -9999.000 -9999.000 -9999.000 -9999.000 -9999.000 -9999.000 -9999.000 -9999.000 -9999.000 -9999.000 -9999.000 -9999.000 -9999.000 -9999.000 -9999.000 -9999.000 -9999.000 -9999.000 -9999.000 -9999.000 -9999.000 -9999.000 -9999.000 -9999.000 -9999.000 -9999.000 -9999.000 -9999.000 17.889 15.158 16.437 16.529 16.714 14.918 14.777 18.658 16.325 15.444 17.038 -9999.000 -9999.000 -9999.000 -9999.000 -9999.000 -9999.000 -9999.000 -9999.000 -9999.000 -9999.000 -9999.000 20.375 13.841 15.736 15.286 11.645 15.226 19.863 15.296 10.513 10.361
-9999.000 -9999.000 -9999.000 -9999.000 -9999.000 -9999.000 -9999.000 -9999.000 -9999.000 -9999.000 -9999.000 -9999.000 -9999.000 -9999.000 -9999.000 -9999.000 -9999.000 -9999.000 -9999.000 -9999.000 -9999.000 -9999.000 -9999.000 -9999.000 -9999.000 -9999.000 -9999.000 -9999.000 -9999.000 -9999.000 -9999.000 -9999.000 -9999.000 -9999.000 -9999.000 -9999.000 17.923 18.188 16.681 16.447 16.922 15.615 14.214 12.512 12.951 11.550 16.702 16.236 17.477 -9999.000 -9999.000 -9999.000 -9999.000 -9999.000 -9999.000 -9999.000 13.841 14.230 12.067 19.946 13.155 11.487 13.903 12.798 12.929 15.819 22.165 11.987 10.271
-9999.000 -9999.000 -9999.000 -9999.000 -9999.000 -9999.000 -9999.000 -9999.000 -9999.000 -9999.000 -9999.000 -9999.000 -9999.000 -9999.000 -9999.000 -9999.000 -9999.000 -9999.000 -9999.000 -9999.000 -9999.000 -9999.000 -9999.000 -9999.000 -9999.000 -9999.000 -9999.000 -9999.000 -9999.000 -9999.000 -9999.000 -9999.000 -9999.000 -9999.000 -9999.000 17.183 17.731 17.703 17.733 15.870 15.043 13.344 13.957 11.369 10.410 9.777 12.080 14.243 16.041 16.039 10.581 22.963 10.645 16.697 16.860 15.905 11.600 12.699 10.863 16.115 11.610 12.285 12.998 9.038 13.491 19.863 16.778 17.888 12.612
-9999.000 -9999.000 -9999.000 -9999.000 -9999.000 -9999.000 -9999.000 -9999.000 -9999.000 -9999.000 -9999.000 -9999.000 -9999.000 -9999.000 -9999.000 -9999.000 -9999.000 -9999.000 -9999.000 -9999.000 -9999.000 -9999.000 -9999.000 -9999.000 -9999.000 -9999.000 -9999.000 -9999.000 -9999.000 -9999.000 -9999.000 -9999.000 -9999.000 15.026 16.548 17.037 16.370 15.797 17.478 15.430 12.885 13.781 12.950 11.813 11.640 13.512 13.480 12.929 13.640 15.459 11.874 17.055 10.859 14.393 16.777 15.992 14.895 14.206 10.464 10.145 15.199 11.513 12.628 8.819 12.939 14.991 14.894 15.291 16.599
-9999.000 -9999.000 -9999.000 -9999.000 -9999.000 -9999.000 -9999.000 -9999.000 -9999.000 -9999.000 -9999.000 -9999.000 -9999.000 -9999.000 -9999.000 -9999.000 -9999.000 -9999.000 -9999.000 -9999.000 -9999.000 -9999.000 -9999.000 -9999.000 -9999.000 -9999.000 -9999.000 -9999.000 -9999.000 -9999.000 -9999.000 -9999.000 15.302 14.518 14.025 15.134 14.642 13.019 15.298 16.791 13.960 12.673 9.865 12.253 12.630 10.377 11.715 11.415 15.104 18.831 18.287 13.287 20.033 11.355 14.399 14.970 13.586 14.786 11.500 10.433 15.285 10.860 12.909 9.211 11.846 13.420 15.058 14.083 17.650
-9999.000 -9999.000 -9999.000 -9999.000 -9999.000 -9999.000 -9999.000 -9999.000 -9999.000 -9999.000 -9999.000 -9999.000 -9999.000 -9999.000 -9999.000 -9999.000 -9999.000 -9999.000 -9999.000 -9999.000 -9999.000 -9999.000 -9999.000 -9999.000 -9999.000 -9999.000 -9999.000 -9999.000 -9999.000 -9999.000 -9999.000 -9999.000 -9999.000 14.756 13.922 12.987 13.995 13.845 12.058 14.009 11.949 11.181 11.513 12.744 11.635 10.985 11.315 14.845 16.310 15.874 16.743 16.598 16.527 19.148 16.509 13.061 11.850 13.868 13.829 10.988 11.532 10.075 12.975 10.493 10.524 15.198 15.034 12.541 16.869
-9999.000 -9999.000 -9999.000 -9999.000 -9999.000 -9999.000 -9999.000 -9999.000 -9999.000 -9999.000 -9999.000 -9999.000 -9999.000 -9999.000 -9999.000 -9999.000 -9999.000 -9999.000 -9999.000 -9999.000 -9999.000 -9999.000 -9999.000 -9999.000 -9999.000 -9999.000 -9999.000 -9999.000 -9999.000 -9999.000 -9999.000 -9999.000 -9999.000 13.333 13.658 13.748 11.836 13.376 9.459 12.040 13.166 12.769 9.752 12.600 11.429 10.394 12.645 14.136 15.578 13.625 14.443 19.632 12.186 11.846 12.873 15.808 12.630 11.075 12.697 12.454 9.445 10.000 12.405 10.915 10.572 11.675 12.748 14.677 18.770
-9999.000 -9999.000 -9999.000 -9999.000 -9999.000 -9999.000 -9999.000 -9999.000 -9999.000 -9999.000 -9999.000 -9999.000 -9999.000 -9999.000 -9999.000 -9999.000 -9999.000 -9999.000 -9999.000 -9999.000 -9999.000 -9999.000 -9999.000 -9999.000 -9999.000 -9999.000 -9999.000 -9999.000 -9999.000 -9999.000 -9999.000 -9999.000 -9999.000 15.388 12.919 11.396 12.699 10.646 10.440 9.783 10.619 11.813 9.869 12.231 11.067 10.529 12.714 14.239 14.209 16.232 15.295 14.110 12.419 14.661 11.955 11.479 17.901 10.268 10.030 11.872 11.150 10.656 11.914 10.021 9.079 10.301 15.007 18.861 14.952
-9999.000 -9999.000 -9999.000 -9999.000 -9999.000 -9999.000 -9999.000 -9999.000 -9999.000 -9999.000 -9999.000 -9999.000 -9999.000 -9999.000 -9999.000 -9999.000 -9999.000 -9999.000 -9999.000 -9999.000 -9999.000 -9999.000 -9999.000 -9999.000 -9999.000 -9999.000 -9999.000 -9999.000 -9999.000 -9999.000 -9999.000 -9999.000 -9999.000 15.569 14.600 14.208 10.259 9.912 10.935 9.149 9.729 9.192 10.743 11.551 10.224 12.723 12.028 12.534 15.491 14.587 13.304 13.967 15.982 13.204 12.974 10.460 12.590 12.820 9.419 10.212 9.760 11.032 11.332 8.071 8.739 12.265 14.186 19.087 12.533
-9999.000 -9999.000 -9999.000 -9999.000 -9999.000 -9999.000 -9999.000 -9999.000 -9999.000 -9999.000 -9999.000 -9999.000 -9999.000 -9999.000 -9999.000 -9999.000 -9999.000 -9999.000 -9999.000 -9999.000 -9999.000 -9999.000 -9999.000 -9999.000 -9999.000 -9999.000 -9999.000 -9999.000 -9999.000 -9999.000 -9999.000 -9999.000 12.308 11.365 11.345 10.429 9.845 11.283 11.780 11.829 11.511 9.639 10.558 10.289 9.597 13.969 12.276 10.651 12.367 13.647 14.003 14.782 16.825 12.900 11.467 10.891 9.661 15.170 12.370 9.534 8.475 11.589 11.303 8.605 7.769 10.115 14.390 15.856 12.381
-9999.000 -9999.000 -9999.000 -9999.000 -9999.000 -9999.000 -9999.000 -9999.000 -9999.000 -9999.000 -9999.000 -9999.000 -9999.000 -9999.000 -9999.000 -9999.000 -9999.000 -9999.000 -9999.000 -9999.000 -9999.000 -9999.000 -9999.000 -9999.000 -9999.000 -9999.000 -9999.000 -9999.000 -9999.000 -9999.000 -9999.000 11.829 11.170 11.460 11.907 11.686 12.385 11.589 11.146 10.594 11.131 10.875 10.416 9.453 9.277 12.686 10.731 11.007 10.279 11.102 13.317 12.037 13.903 14.122 9.512 10.990 8.909 11.951 10.912 10.932 10.401 10.921 10.982 8.037 8.822 9.749 15.742 12.689 13.132
-9999.000 -9999.000 -9999.000 -9999.000 -9999.000 -9999.000 -9999.000 -9999.000 -9999.000 -9999.000 -9999.000 -9999.000 -9999.000 -9999.000 -9999.000 -9999.000 -9999.000 -9999.000 -9999.000 -9999.000 -9999.000 -9999.000 -9999.000 -9999.000 -9999.000 -9999.000 -9999.000 -9999.000 -9999.000 -9999.000 12.900 12.897 13.176 13.184 11.683 12.499 11.176 9.837 10.122 9.654 9.786 10.272 10.649 9.215 8.724 8.868 10.247 11.160 10.419 9.391 10.408 11.833 11.331 13.333 9.642 11.766 9.944 10.229 14.181 10.267 8.829 10.574 10.841 8.652 7.366 10.323 14.006 12.942 11.095
-9999.000 -9999.000 -9999.000 -9999.000 -9999.000 -9999.000 -9999.000 -9999.000 -9999.000 -9999.000 -9999.000 -9999.000 -9999.000 -9999.000 -9999.000 -9999.000 -9999.000 -9999.000 -9999.000 -9999.000 -9999.000 -9999.000 -9999.000 -9999.000 -9999.000 -9999.000 -9999.000 -9999.000 -9999.000 -9999.000 13.912 14.664 13.198 13.289 13.051 12.469 10.287 10.844 11.795 10.724 8.983 9.266 9.893 10.251 8.678 7.917 9.507 8.020 9.973 9.401 8.140 11.081 11.264 10.983 11.489 10.904 10.452 9.666 12.990 11.168 8.809 9.789 9.912 8.474 10.152 11.376 11.021 11.690 8.827
-9999.000 -9999.000 -9999.000 -9999.000 -9999.000 -9999.000 -9999.000 -9999.000 -9999.000 -9999.000 -9999.000 -9999.000 -9999.000 -9999.000 -9999.000 -9999.000 -9999.000 -9999.000 -9999.000 -9999.000 -9999.000 -9999.000 -9999.000 -9999.000 -9999.000 -9999.000 -9999.000 -9999.000 -9999.000 -9999.000 13.800 13.653 14.862 12.905 14.485 12.614 10.717 16.428 11.847 9.440 8.293 9.558 9.716 9.316 10.219 10.225 9.956 8.599 8.240 9.106 8.691 8.597 10.275 9.423 11.636 9.101 10.721 10.485 10.116 11.657 8.535 9.808 10.427 8.553 9.168 13.991 10.425 9.552 8.755
-9999.000 -9999.000 -9999.000 -9999.000 -9999.000 -9999.000 -9999.000 -9999.000 -9999.000 -9999.000 -9999.000 -9999.000 -9999.000 -9999.000 -9999.000 -9999.000 -9999.000 -9999.000 -9999.000 -9999.000 -9999.000 -9999.000 13.837 14.012 13.687 13.316 14.456 -9999.000 -9999.000 -9999.000 14.884 14.231 15.122 12.594 13.990 11.655 15.996 11.294 9.962 8.764 8.651 10.942 9.699 9.224 9.138 9.392 9.551 9.680 8.925 8.756 8.455 8.491 8.882 9.337 9.172 9.689 10.408 9.531 9.027 9.337 7.684 8.076 8.711 7.727 10.226 13.321 10.138 9.227 10.935
-9999.000 -9999.000 -9999.000 -9999.000 -9999.000 -9999.000 -9999.000 -9999.000 -9999.000 -9999.000 -9999.000 -9999.000 -9999.000 -9999.000 -9999.000 -9999.000 -9999.000 -9999.000 -9999.000 -9999.000 -9999.000 13.360 13.787 14.017 13.598 12.926 14.954 15.253 -9999.000 16.525 15.155 15.272 15.225 16.820 13.654 16.550 12.583 10.556 9.045 8.783 10.228 9.524 8.816 11.331 9.308 8.567 8.950 8.042 9.114 9.423 8.938 9.269 8.757 8.946 7.769 9.469 8.998 7.767 7.888 7.181 6.688 8.313 7.126 8.082 11.345 12.426 10.573 10.246 10.940
-9999.000 -9999.000 -9999.000 -9999.000 -9999.000 -9999.000 -9999.000 -9999.000 -9999.000 -9999.000 -9999.000 -9999.000 -9999.000 -9999.000 -9999.000 -9999.000 -9999.000 -9999.000 -9999.000 13.335 13.177 13.197 13.624 13.639 12.962 14.201 14.423 15.691 15.342 16.893 14.604 17.416 16.742 15.231 15.927 10.911 9.958 10.260 8.894 10.221 10.223 8.796 10.698 11.369 10.193 9.572 9.293 8.335 7.607 8.759 8.579 8.058 8.311 7.664 7.137 7.466 7.418 6.644 6.449 6.204 6.713 7.325 7.135 9.779 9.694 11.949 9.503 9.506 10.757
-9999.000 -9999.000 -9999.000 -9999.000 -9999.000 -9999.000 -9999.000 -9999.000 -9999.000 -9999.000 -9999.000 -9999.000 -9999.000 -9999.000 -9999.000 -9999.000 13.179 12.556 12.603 13.187 12.999 12.735 13.572 13.748 13.714 12.492 16.692 13.553 14.199 16.758 14.487 14.871 15.174 13.284 11.553 10.127 10.418 10.030 10.280 10.607 9.776 10.258 10.911 10.846 10.837 12.235 11.222 10.996 8.101 7.931 8.727 8.205 8.230 8.193 8.372 8.571 8.617 8.451 7.820 7.572 7.850 6.934 8.076 7.631 9.054 10.101 8.508 9.551 10.064
-9999.000 -9999.000 -9999.000 -9999.000 -9999.000 -9999.000 -9999.000 -9999.000 -9999.000 -9999.000 -9999.000 -9999.000 -9999.000 -9999.000 -9999.000 -9999.000 12.184 12.400 12.950 13.048 12.940 13.156 13.365 13.279 14.567 13.504 12.445 14.197 18.673 16.558 18.488 13.541 12.663 11.207 10.802 10.318 11.020 11.671 11.086 9.937 11.497 9.919 11.938 14.075 12.447 10.282 9.848 9.285 9.456 8.955 8.249 8.522 8.176 8.137 8.167 8.142 8.138 8.082 8.134 8.031 8.040 7.054 5.958 5.876 7.600 8.541 8.248 9.953 9.828
-9999.000 -9999.000 -9999.000 -9999.000 -9999.000 -9999.000 -9999.000 -9999.000 -9999.000 -9999.000 -9999.000 -9999.000 -9999.000 -9999.000 -9999.000 12.265 12.331 13.033 13.064 12.899 13.016 13.175 13.482 13.562 13.331 15.404 14.472 13.900 16.521 16.554 15.439 11.917 10.900 11.718 11.583 11.797 11.625 11.003 10.204 11.751 12.111 10.338 14.514 12.367 10.515 10.310 9.697 8.999 8.982 8.412 7.847 8.410 8.484 8.339 7.972 7.750 7.774 7.589 7.470 7.888 8.193 7.929 7.447 6.855 6.296 7.484 8.088 9.284 9.491
-9999.000 -9999.000 -9999.000 -9999.000 -9999.000 -9999.000 -9999.000 -9999.000 -9999.000 -9999.000 -9999.000 -9999.000 -9999.000 -9999.000 12.191 12.716 12.719 12.964 13.002 12.889 13.196 13.203 13.610 13.751 13.127 15.720 15.222 14.868 15.168 18.996 12.029 11.335 10.704 12.120 12.166 12.177 11.901 11.079 12.122 13.579 11.868 13.848 11.590 10.359 9.294 10.011 8.947 8.872 8.242 8.091 8.403 8.410 8.087 7.995 8.044 7.807 7.705 7.642 7.903 7.687 7.965 8.187 7.624 7.274 6.840 6.427 7.766 8.049 8.707
-9999.000 -9999.000 -9999.000 -9999.000 -9999.000 -9999.000 -9999.000 -9999.000 -9999.000 -9999.000 -9999.000 -9999.000 -9999.000 12.106 12.702 12.850 12.682 12.858 12.827 12.817 13.127 13.253 13.610 13.521 13.566 14.585 16.584 17.086 15.146 13.056 12.358 12.519 11.509 12.200 11.864 11.867 12.767 12.541 13.754 13.565 12.850 13.426 10.078 10.108 10.284 9.920 8.932 8.548 8.082 8.111 8.562 8.224 7.961 8.487 8.543 8.993 8.565 8.985 9.034 7.853 7.552 8.064 7.876 7.762 7.603 7.299 7.522 7.476 7.462
-9999.000 -9999.000 -9999.000 -9999.000 -9999.000 -9999.000 -9999.000 -9999.000 -9999.000 -9999.000 -9999.000 -9999.000 12.444 12.455 12.613 12.853 12.471 12.771 12.660 12.571 13.004 13.522 13.951 13.618 13.664 15.456 14.842 16.702 14.197 14.183 14.035 13.232 12.414 13.399 12.338 13.353 13.266 13.508 13.865 14.089 13.340 9.626 9.809 10.969 10.732 9.415 8.817 8.861 8.583 8.588 8.191 8.020 8.821 9.289 9.331 9.687 9.702 9.629 9.716 8.441 7.938 7.858 7.881 7.918 7.735 7.606 7.477 6.642 6.486
-9999.000 -9999.000 -9999.000 -9999.000 14.707 -9999.000 -9999.000 -9999.000 -9999.000 -9999.000 -9999.000 12.612 12.370 12.538 12.637 12.437 12.518 12.628 12.511 12.568 13.261 13.460 13.961 14.036 13.424 13.183 12.831 12.656 16.225 13.489 13.533 13.960 13.149 13.504 13.837 13.758 13.614 14.517 13.543 11.084 9.970 10.254 10.911 11.091 10.685 9.652 8.801 8.613 8.573 8.311 8.374 8.428 9.398 9.943 10.122 10.623 12.209 10.605 9.705 9.848 8.298 8.232 7.924 8.003 7.749 7.734 7.744 7.663 7.276
-9999.000 -9999.000 -9999.000 -9999.000 14.010 10.885 9.070 12.252 12.696 14.085 12.405 12.330 12.777 12.826 12.467 12.438 12.431 12.402 12.511 12.545 13.063 13.393 14.064 14.028 12.925 11.842 12.627 12.360 14.323 14.621 14.001 14.448 13.645 13.551 13.650 13.983 14.316 12.366 9.939 10.545 11.452 11.096 10.894 11.078 10.600 9.107 8.328 8.186 8.375 8.061 8.093 8.781 9.716 10.332 11.212 12.063 10.417 9.599 9.496 8.343 7.886 7.884 7.964 8.324 8.159 8.006 7.832 7.680 7.626
-9999.000 -9999.000 -9999.000 -9999.000 12.601 10.601 12.543 13.020 12.753 13.529 12.682 13.292 12.985 12.779 12.214 12.280 12.173 12.055 12.184 12.090 12.905 13.614 12.923 13.149 13.583 13.948 13.716 13.045 14.443 14.804 13.990 14.357 14.306 12.684 13.734 14.094 12.794 10.595 10.485 11.328 10.970 11.197 10.871 10.472 9.551 8.306 7.446 8.084 8.333 8.064 8.615 9.198 10.039 10.719 12.395 10.920 8.953 8.696 8.813 9.075 8.228 7.983 8.147 8.321 8.350 8.208 7.387 7.697 7.770
-9999.000 -9999.000 -9999.000 -9999.000 -9999.000 12.599 12.014 12.798 12.909 13.362 13.486 13.107 12.637 12.302 12.132 12.058 11.859 11.744 11.877 12.034 13.163 12.599 12.873 12.899 12.820 13.156 13.775 13.425 13.028 14.743 14.414 14.348 14.477 13.498 14.787 13.504 10.494 10.645 10.802 10.958 10.608 10.397 9.475 9.022 8.662 8.280 7.438 8.324 8.708 8.663 8.823 9.484 10.320 11.483 12.265 9.655 8.515 9.096 9.090 8.490 8.115 8.523 8.164 8.830 8.700 8.752 8.073 7.795 7.849
-9999.000 -9999.000 -9999.000 -9999.000 -9999.000 12.523 11.986 12.755 12.425 13.330 13.353 13.027 12.613 12.269 11.825 11.866 11.627 11.542 11.621 12.271 12.257 12.620 12.518 12.603 12.798 12.693 13.364 13.537 13.887 13.319 13.616 14.316 14.675 15.036 13.075 10.117 10.536 10.969 11.058 10.739 10.316 9.981 9.556 9.013 8.421 8.102 8.371 8.447 8.797 8.948 9.068 8.713 9.425 11.711 11.956 10.130 8.908 8.895 8.695 8.599 8.293 8.583 8.287 8.593 9.081 9.115 9.059 8.396 8.121
-9999.000 -9999.000 -9999.000 -9999.000 -9999.000 12.019 12.267 12.395 12.087 11.774 12.751 13.115 12.425 11.514 11.678 11.585 11.381 11.096 11.534 12.718 11.426 12.270 11.860 11.924 12.419 12.466 12.818 13.529 13.523 12.548 12.958 12.498 14.707 11.523 8.705 9.388 10.490 11.367 11.576 10.929 10.056 9.709 9.086 8.663 8.191 8.137 8.533 8.543 8.847 8.706 8.800 8.647 9.660 10.895 12.562 11.463 10.251 8.460 8.064 8.090 8.398 8.142 8.337 8.753 9.703 9.660 9.039 8.938 8.694
-9999.000 -9999.000 -9999.000 -9999.000 -9999.000 12.373 12.386 12.304 12.096 11.824 11.865 11.887 11.862 11.757 11.394 11.163 11.157 10.697 10.790 11.859 11.513 11.685 11.756 11.790 12.122 12.426 12.627 12.718 11.950 11.979 12.369 11.189 11.046 8.858 9.754 11.287 11.180 10.553 10.851 10.647 9.315 9.534 8.862 8.091 8.410 8.436 8.284 8.226 8.122 8.546 9.376 9.486 10.072 10.782 11.664 10.016 8.477 9.116 7.879 7.991 8.652 7.969 8.779 9.143 9.811 9.943 9.051 8.831 8.924
-9999.000 -9999.000 -9999.000 -9999.000 -9999.000 12.485 12.152 12.148 11.983 11.861 11.775 12.005 11.750 11.586 11.193 11.035 10.942 10.797 10.409 10.708 11.125 11.156 11.333 11.420 12.180 12.283 12.249 12.021 11.660 12.054 11.905 11.767 8.863 9.912 11.219 10.918 10.557 10.613 10.129 9.349 9.348 9.482 8.111 7.507 8.280 8.376 7.758 7.891 9.040 9.497 9.899 9.485 10.289 11.148 11.166 9.982 8.547 8.264 7.059 8.259 8.410 8.284 9.096 9.715 10.081 10.004 9.200 9.004 8.985
