test_integration/test_sample_run/example/results.meteodistr/output_maps/SWEN0097.asc
ncols         174
nrows         141
xllcorner     744500.000000
yllcorner     5140950.000000
cellsize      250.000000
NODATA_value  -9999.0
[rows 31 to 61 of 141, columns 70 to 139 of 174]
14.140 13.261 11.940 13.820 12.751 14.338 9.497 12.358 12.138 8.091 8.222 7.223 6.445 7.561 5.573 4.039 1.565 1.471 3.411 3.236 0.000 2.862 6.593 9.020 10.262 8.877 3.756 1.779 0.000 0.000 0.727 2.036 1.632 0.118 0.000 0.000 0.000 0.000 0.000 0.000 0.000 0.000 0.000 3.744 9.582 7.625 0.000 0.000 12.189 9.909 0.000 0.000 0.000 0.000 0.000 0.000 0.000 0.000 0.000 0.000 0.000 0.000 0.000 0.000 0.213 1.109 6.380 6.973 7.632 7.522
13.760 14.827 12.929 12.926 15.705 8.711 9.392 13.387 11.365 11.101 7.849 7.474 5.943 5.701 5.860 5.179 3.771 1.649 1.889 2.084 6.117 9.061 9.745 8.661 9.353 6.707 3.097 2.142 0.807 0.000 0.000 0.000 0.000 0.000 3.249 0.310 0.000 0.000 0.000 0.000 0.520 3.366 5.997 7.613 9.230 0.000 0.000 0.000 2.048 8.355 6.665 7.096 0.000 0.000 0.000 0.000 0.000 0.868 1.922 0.055 0.015 0.787 0.000 0.000 0.000 2.851 6.214 7.354 7.637 7.230
12.631 12.806 13.411 13.443 5.349 7.901 12.454 11.187 13.161 12.037 11.382 9.953 6.176 5.628 5.681 5.654 3.969 2.961 0.172 3.029 8.487 7.898 8.774 7.685 6.797 4.898 3.038 1.219 0.000 0.000 0.000 0.000 0.000 3.378 10.248 9.148 7.517 7.177 7.063 9.250 10.392 10.006 11.956 12.129 4.957 0.000 0.000 0.000 0.000 0.000 3.379 4.569 5.072 5.044 3.211 5.550 4.200 4.826 6.390 3.919 4.681 3.550 0.000 0.000 0.000 0.000 3.366 7.190 7.603 7.300
16.428 15.039 13.871 14.532 12.139 14.133 13.216 13.211 13.902 12.520 11.817 9.013 7.910 7.660 6.305 5.384 3.924 3.820 2.353 4.109 5.558 6.351 4.893 5.589 3.967 3.397 6.452 5.863 1.323 1.236 0.000 0.000 1.253 7.929 10.157 10.865 10.801 10.774 10.879 10.964 11.247 11.438 12.617 12.696 6.704 4.236 0.000 0.000 0.000 0.000 0.000 0.000 7.518 9.094 9.223 9.021 8.626 8.534 8.126 7.650 7.685 7.066 5.220 0.272 0.000 0.000 0.000 4.575 7.837 8.635
11.057 8.537 15.260 13.693 14.166 13.469 13.427 13.010 12.886 13.312 11.530 10.406 11.216 10.109 8.813 6.683 3.559 4.273 2.585 2.069 1.484 2.503 1.543 2.410 2.754 1.453 7.255 6.260 5.151 2.121 0.000 0.000 6.572 8.183 8.184 11.590 11.793 11.506 12.091 12.010 12.385 12.533 13.357 11.222 5.885 5.328 0.295 0.000 0.000 0.000 0.000 0.000 7.861 10.288 10.037 8.357 9.453 9.137 9.205 8.360 7.781 7.384 5.497 1.526 0.000 0.000 0.000 1.290 4.444 4.166
8.736 6.829 10.768 14.147 14.152 16.579 13.796 11.264 9.709 10.436 7.879 7.771 7.611 7.235 8.032 5.763 4.634 4.601 2.976 0.000 0.000 0.000 0.000 0.000 0.178 1.638 4.690 6.609 4.017 2.692 0.000 0.000 5.282 6.088 6.647 7.058 12.407 12.349 12.776 13.102 13.090 13.771 13.581 6.595 2.760 2.377 2.518 2.565 0.000 0.000 0.000 4.484 2.209 3.181 2.383 3.994 9.713 10.171 9.422 8.761 8.235 7.622 2.126 1.590 0.000 2.216 4.375 0.000 2.698 2.358
11.095 9.505 11.554 17.523 14.924 9.184 4.522 5.961 5.695 3.405 3.454 3.668 2.997 4.095 4.636 4.626 4.809 4.351 3.908 0.000 0.000 0.000 0.000 0.000 0.000 1.346 2.699 6.298 2.971 2.608 0.000 0.000 0.947 3.054 4.481 4.196 8.439 10.631 8.793 7.052 7.401 9.608 7.713 6.731 4.792 2.193 0.000 4.974 0.000 2.288 5.729 6.187 0.000 0.000 0.000 3.735 9.306 10.320 9.579 10.036 10.500 4.747 0.000 1.810 0.000 0.000 2.409 2.246 0.000 6.945
7.641 5.074 11.269 16.008 9.403 7.572 3.671 3.088 0.585 0.007 2.474 5.015 3.509 4.635 1.780 4.038 5.263 5.654 4.693 3.508 0.000 0.487 0.000 0.000 0.000 0.000 1.872 2.507 3.569 3.155 0.000 0.000 1.128 3.090 6.191 6.592 4.901 0.995 0.000 0.189 3.739 4.585 7.762 8.097 5.633 5.276 1.468 0.000 0.000 2.239 6.654 5.540 0.000 0.000 0.000 4.184 2.894 8.160 8.013 6.945 1.346 0.000 0.000 0.000 0.000 0.000 5.128 6.666 7.821 1.824
0.000 2.150 11.001 8.996 10.500 7.927 6.471 4.937 2.398 4.668 5.784 8.676 8.502 6.585 4.550 6.963 7.582 7.138 4.577 3.243 2.630 0.000 0.000 0.000 0.000 0.000 0.000 0.000 3.267 2.291 0.000 0.000 3.659 4.016 5.772 7.004 2.521 0.000 0.000 0.000 2.781 4.522 8.952 9.795 6.335 6.040 5.661 0.652 0.000 0.000 0.000 2.049 0.000 0.000 1.271 0.000 0.000 0.000 0.000 0.000 0.000 0.000 0.000 0.000 0.000 2.248 5.357 8.091 8.852 3.271
5.233 7.956 7.628 3.235 14.453 12.533 13.403 12.713 11.796 12.360 10.069 6.638 8.097 6.925 10.547 10.584 9.014 8.060 6.215 6.532 6.143 0.000 0.575 0.000 0.000 0.000 0.000 0.000 0.000 0.000 0.000 0.000 2.148 2.984 4.862 5.406 0.000 0.000 0.000 3.645 6.006 5.254 8.217 10.212 8.509 7.773 9.063 7.649 2.727 0.000 0.000 0.000 0.000 0.000 0.000 0.000 0.000 0.000 0.000 0.000 0.000 0.000 0.000 0.000 0.943 3.222 2.776 6.018 7.147 5.223
1.812 7.985 8.528 14.994 16.223 13.645 11.441 13.349 12.843 11.672 8.092 6.940 7.871 9.477 11.624 10.771 9.641 7.971 6.682 6.463 6.779 6.708 6.586 2.967 0.000 0.000 0.000 0.000 0.000 0.000 0.000 0.000 0.491 2.789 4.993 0.137 0.000 0.000 4.012 5.741 7.227 7.238 9.126 8.380 8.251 8.491 7.643 6.008 5.704 0.000 0.000 0.000 0.000 0.000 0.000 0.000 0.000 0.000 0.000 0.000 0.000 0.000 0.000 0.000 0.162 0.000 2.602 0.000 0.000 0.000
8.724 10.913 11.236 12.094 16.087 16.618 14.426 8.922 6.317 7.444 6.150 8.016 9.387 10.689 8.849 8.107 7.508 6.265 6.473 6.025 9.146 8.983 6.834 4.141 0.000 0.000 0.000 0.000 0.000 0.000 0.000 0.000 1.984 3.487 1.703 0.000 0.000 3.857 3.952 4.756 6.550 8.281 7.701 2.791 2.988 4.296 3.996 5.202 2.973 1.976 0.000 0.000 2.656 0.000 0.000 0.000 0.000 0.000 0.000 0.000 0.000 0.000 0.000 0.000 0.000 0.000 0.000 0.000 0.000 0.000
11.052 11.002 11.017 16.143 18.201 10.214 1.697 2.898 5.660 6.633 7.753 10.760 11.237 10.869 8.985 7.418 6.134 6.794 6.844 5.836 6.802 5.500 6.301 5.839 5.047 0.000 0.000 0.000 0.000 0.000 0.000 0.000 0.000 0.288 0.000 0.000 0.000 3.920 6.530 6.778 7.108 8.412 2.666 0.000 0.000 0.000 0.000 1.714 0.000 0.000 0.000 1.522 3.481 0.000 0.000 0.000 0.000 0.000 0.000 0.000 0.000 0.000 0.000 0.000 0.000 0.000 0.000 0.000 0.000 0.000
3.675 9.919 10.294 9.373 12.244 9.920 11.228 13.151 12.715 12.370 11.434 12.335 11.891 11.986 9.694 9.374 6.754 6.601 5.357 6.285 4.388 5.299 9.465 8.911 8.104 7.684 7.380 6.076 0.000 0.000 0.000 0.000 0.000 0.000 0.000 0.000 4.883 3.187 2.968 4.915 6.933 7.672 2.191 0.000 0.000 0.000 0.000 0.000 0.000 0.000 2.357 6.830 0.634 0.000 0.000 0.000 0.000 0.000 0.000 0.000 0.000 0.000 0.912 4.805 0.000 0.000 0.000 0.000 0.000 0.000
0.000 2.374 5.041 5.273 8.193 14.364 12.925 12.020 11.504 12.464 12.279 12.387 12.505 12.127 11.523 10.313 7.015 6.765 5.050 5.640 4.351 7.194 10.333 9.814 9.192 8.998 8.203 6.176 6.667 5.413 0.000 0.000 0.000 0.000 0.000 0.000 1.777 0.000 0.000 0.000 3.565 5.965 5.023 1.949 0.000 0.000 0.000 0.000 0.000 0.000 2.486 1.303 0.000 0.000 0.000 0.000 0.000 0.000 0.000 0.000 0.000 2.676 4.833 5.269 5.175 2.856 2.938 0.000 0.000 0.000
4.591 4.134 7.383 5.782 7.805 6.624 11.562 15.772 11.019 11.489 13.286 13.216 8.393 8.441 10.765 8.587 8.759 8.087 5.844 4.911 5.426 7.762 10.156 9.937 9.852 9.264 8.555 8.318 8.199 7.739 6.790 4.907 0.000 0.000 0.000 0.000 0.000 0.000 3.550 3.669 1.691 1.624 5.257 4.958 3.502 1.897 0.000 0.000 0.000 0.000 0.000 0.000 0.000 0.000 0.000 0.000 0.000 0.000 0.000 2.273 4.691 4.640 5.312 5.571 5.390 5.004 3.806 3.854 3.056 0.000
7.367 8.458 11.164 10.416 5.206 0.000 3.004 9.413 14.640 10.308 9.672 8.305 5.360 5.800 7.561 7.351 7.460 6.761 5.760 5.414 7.184 7.496 9.927 10.592 10.112 8.784 9.398 9.331 9.128 8.958 7.834 6.875 3.143 0.000 0.000 0.000 1.746 3.472 2.092 1.145 1.811 0.000 5.328 5.079 5.804 6.161 3.080 0.000 0.000 0.000 0.000 0.000 0.000 0.000 0.000 0.000 0.000 2.047 5.434 5.722 5.751 4.872 6.354 6.721 5.328 5.168 5.689 4.056 0.000 0.000
4.171 4.665 5.006 1.889 0.000 4.768 1.328 5.737 7.103 8.882 7.211 4.363 3.337 0.000 3.019 2.850 5.430 7.412 6.344 7.149 9.632 8.269 7.404 8.762 6.246 7.548 9.744 9.814 9.618 9.127 8.321 7.208 4.860 4.487 0.000 0.000 0.000 0.000 0.000 0.000 0.026 1.378 3.316 3.087 2.756 4.255 2.965 0.514 0.000 0.000 0.000 0.000 0.000 0.000 0.000 0.000 4.363 4.177 4.632 5.540 6.115 5.475 7.306 7.570 6.495 6.292 8.112 0.000 0.000 3.676
2.787 0.000 0.000 0.000 0.000 0.598 0.000 3.376 5.242 4.054 6.355 3.142 0.000 0.000 0.000 0.000 6.687 7.121 7.228 9.481 10.675 10.075 6.962 4.199 3.032 6.372 10.032 9.881 9.575 9.321 8.727 6.502 5.892 4.969 0.000 0.000 0.000 0.000 0.000 0.000 0.000 0.000 0.000 0.000 0.000 0.000 0.000 0.000 0.000 0.000 0.000 0.000 0.000 0.000 3.012 3.210 6.148 6.414 5.766 4.048 5.968 6.613 8.731 8.616 6.765 7.552 0.000 0.000 4.992 4.455
0.000 0.000 0.000 0.000 0.000 0.000 0.000 0.000 0.303 0.000 6.573 4.958 0.000 0.000 0.000 0.410 4.989 5.523 8.820 8.858 6.908 5.152 3.609 0.322 3.441 4.309 3.470 3.363 6.962 7.805 9.030 7.597 7.625 6.110 3.449 0.000 0.000 0.000 0.000 0.000 0.000 0.000 0.000 0.000 0.000 0.000 0.000 0.000 0.000 0.000 0.000 0.000 0.000 3.120 5.969 5.312 3.884 7.124 7.153 6.415 6.544 4.904 8.894 9.233 7.966 7.932 0.000 6.172 5.102 4.460
0.000 0.000 0.000 0.000 0.000 0.000 0.000 0.000 0.000 0.000 2.237 4.651 0.000 0.000 0.000 0.000 0.486 2.753 7.677 7.272 3.150 2.023 2.444 2.799 4.595 4.308 0.000 0.000 2.377 4.507 7.399 8.939 8.512 6.478 4.020 3.541 0.000 0.000 0.000 0.000 0.000 0.000 0.000 0.000 0.000 0.000 0.000 0.000 0.000 0.000 0.000 0.000 1.958 4.709 6.371 6.947 2.566 3.633 7.729 7.037 8.231 6.939 7.513 10.092 8.262 9.293 7.497 7.520 3.457 5.961
0.000 0.000 0.000 0.000 0.000 0.000 0.000 0.000 0.000 0.000 0.000 0.161 0.000 0.000 0.000 0.000 0.000 2.346 5.206 4.734 2.055 3.194 3.288 2.834 3.569 2.623 0.000 0.000 0.000 0.000 0.000 2.436 6.449 5.719 4.781 6.199 3.674 0.000 0.000 0.000 0.000 0.000 0.000 0.000 0.000 0.000 0.000 0.000 0.000 0.000 0.000 0.000 2.334 2.935 4.603 6.887 7.315 4.278 6.900 8.518 7.784 8.506 9.073 11.212 9.296 9.692 8.740 2.637 4.217 6.299
0.000 0.000 0.000 0.000 0.000 0.000 0.000 0.000 0.000 0.000 0.000 0.000 0.000 0.000 0.000 2.230 5.593 5.726 4.969 3.821 4.554 4.244 2.953 3.016 2.567 0.000 0.000 0.000 0.000 0.000 0.000 0.000 0.241 3.814 6.942 7.282 5.175 2.803 0.000 0.000 0.000 0.000 0.000 0.000 0.000 0.000 0.000 0.000 0.670 0.000 0.000 1.327 4.067 3.315 4.940 6.793 8.146 8.041 8.340 6.932 7.453 7.559 9.951 10.982 10.053 9.994 7.114 0.007 6.766 5.783
0.000 0.000 0.000 0.000 0.000 0.000 0.000 0.000 0.000 0.000 1.298 0.000 0.000 0.000 0.495 5.639 9.655 8.565 7.034 5.770 6.012 3.731 3.879 3.551 1.937 1.349 3.867 3.787 0.000 0.000 0.000 0.000 0.000 0.000 0.000 2.881 5.202 5.129 0.000 0.000 0.000 0.000 0.000 0.000 0.000 0.000 2.466 5.137 6.047 4.402 0.000 0.000 2.104 3.807 0.590 0.201 3.642 7.611 9.669 9.363 5.951 2.752 4.605 2.492 6.033 4.642 0.000 3.010 5.855 3.954
0.000 0.000 0.000 0.000 0.000 0.000 0.000 0.000 0.000 0.000 0.000 0.000 0.000 0.000 3.544 5.664 8.467 8.074 7.027 5.435 2.360 1.990 2.996 2.732 3.206 4.972 8.770 8.265 4.941 2.957 0.000 0.000 0.000 0.000 0.000 0.000 1.175 3.330 0.000 0.000 0.000 0.000 0.000 0.000 0.472 4.591 6.141 7.019 6.972 6.064 0.000 0.000 0.000 0.000 0.000 0.000 0.000 1.519 4.044 6.842 7.963 4.469 0.000 0.000 0.000 0.000 0.000 0.332 1.414 2.267
0.000 0.000 0.000 0.000 0.000 0.000 0.000 0.326 0.000 0.000 0.000 0.000 0.000 0.000 4.635 5.701 5.734 5.287 4.545 3.650 3.764 4.871 0.000 6.968 7.549 7.320 9.695 9.264 8.645 7.758 6.003 7.024 1.475 0.000 0.000 0.000 0.000 0.000 0.000 0.000 0.000 0.000 1.385 3.986 6.272 6.708 7.035 7.434 7.457 3.410 0.000 0.000 0.000 0.000 0.000 1.119 4.273 2.018 0.000 0.000 0.000 0.000 0.000 0.000 0.000 0.000 0.000 0.000 0.000 0.000
0.000 0.000 0.000 0.000 0.000 0.000 0.000 0.000 0.000 0.000 0.000 0.000 0.000 2.843 6.205 6.733 3.650 5.207 3.036 3.289 3.225 3.788 0.000 7.983 5.881 5.493 7.183 7.574 6.313 7.055 8.636 8.329 5.531 2.257 0.000 0.000 0.000 0.000 0.000 0.000 0.000 1.822 5.490 6.607 7.211 5.939 7.867 8.320 5.388 0.000 1.591 0.000 0.000 0.000 0.000 0.000 0.000 0.000 0.000 0.000 0.000 0.000 0.000 0.000 0.000 0.000 0.000 0.000 0.000 0.000
3.086 0.000 0.000 0.000 0.000 0.000 0.000 0.000 0.000 0.000 0.000 0.000 0.000 1.770 5.760 3.490 1.604 0.000 0.000 0.000 0.000 0.000 2.052 1.571 2.634 3.882 3.699 3.800 5.691 7.689 4.691 0.000 0.000 0.000 0.000 0.000 1.407 0.000 0.000 0.000 3.332 5.772 6.913 6.984 8.313 8.060 7.797 8.768 6.898 4.905 2.104 4.167 2.690 0.000 0.000 0.000 0.000 2.693 6.837 6.622 9.660 9.517 7.265 0.269 0.000 0.000 0.000 0.000 0.000 0.000
6.243 5.786 0.127 0.000 0.000 0.000 0.000 0.000 0.000 0.000 0.000 0.000 1.996 1.235 0.000 0.000 0.000 0.000 0.000 0.000 0.000 0.000 0.773 0.424 3.302 5.877 6.240 5.163 7.769 0.000 0.000 0.000 0.000 0.000 0.000 0.000 6.547 5.959 0.039 1.680 6.311 6.844 7.559 8.104 8.780 8.953 9.128 9.824 8.751 6.907 3.002 6.620 5.668 2.943 0.000 0.000 3.234 7.545 8.700 9.104 10.153 10.283 10.492 8.620 0.466 0.000 0.000 0.000 0.000 0.000
0.743 0.000 0.276 0.369 0.000 0.000 0.000 0.000 0.000 0.000 0.000 0.000 0.000 0.000 0.000 0.000 0.000 0.000 0.000 0.000 0.000 1.483 4.069 7.445 8.922 9.817 9.799 9.449 6.785 2.571 0.000 0.000 0.000 0.000 0.000 3.840 7.963 5.729 0.611 0.153 6.313 5.786 6.618 7.509 7.961 8.576 8.905 9.945 9.563 6.805 7.323 7.468 6.616 5.853 0.000 0.000 2.991 5.808 9.103 9.316 8.777 9.051 9.309 8.389 5.404 7.853 7.301 5.602 4.844 2.479
0.000 0.000 0.000 2.882 0.000 0.000 0.000 0.000 0.000 0.000 0.000 0.000 0.000 0.000 0.000 0.000 0.000 0.000 0.000 0.000 0.000 3.756 6.061 9.287 10.023 10.495 10.630 9.536 8.772 8.485 7.450 7.250 6.714 1.195 0.000 0.000 5.989 6.596 0.000 0.000 5.710 7.416 9.123 9.704 10.009 9.343 9.953 10.506 10.497 8.297 7.220 8.388 6.526 6.357 0.259 0.000 2.083 3.159 7.118 11.057 10.406 9.562 10.761 7.609 6.165 9.011 8.337 8.305 7.667 7.292
