tests/3D/WG1_2.0_001/INmaps500/aspect.asc
ncols         17
nrows         27
xllcorner     624603.750000
yllcorner     5171346.250000
cellsize      500.000000
NODATA_value  -9999.0
-9999.0 -9999.0 -9999.0 -9999.0 -9999.0 -9999.0 -9999.0 -9999.0 -9999.0 -9999.0 -9999.0 -9999.0 -9999.0 -9999.0 -9999.0 -9999.0 -9999.0
-9999.0 -9999.0 -9999.0 -9999.0 -9999.0 -9999.0 -9999.0 -9999.0 -9999.0 -9999.0 -9999.0 153.283000 245.637000 221.692000 -9999.0 -9999.0 -9999.0
-9999.0 -9999.0 -9999.0 -9999.0 -9999.0 -9999.0 -9999.0 -9999.0 -9999.0 146.771000 112.484000 180.000000 225.000000 262.940000 199.115000 -9999.0 -9999.0
-9999.0 -9999.0 -9999.0 -9999.0 -9999.0 -9999.0 -9999.0 -9999.0 149.941000 90.000000 198.007000 95.267000 270.000000 131.376000 209.053000 -9999.0 -9999.0
-9999.0 -9999.0 -9999.0 -9999.0 -9999.0 -9999.0 -9999.0 -9999.0 130.143000 120.065000 271.172000 112.555000 348.377000 225.000000 196.138000 -9999.0 -9999.0
-9999.0 -9999.0 -9999.0 -9999.0 -9999.0 -9999.0 -9999.0 190.490000 90.000000 123.393000 225.000000 225.000000 270.000000 343.869000 328.780000 -9999.0 -9999.0
-9999.0 -9999.0 -9999.0 -9999.0 -9999.0 -9999.0 110.411000 103.954000 164.867000 107.198000 313.846000 315.000000 308.281000 180.000000 206.052000 -9999.0 -9999.0
-9999.0 -9999.0 -9999.0 -9999.0 -9999.0 -9999.0 207.870000 96.060000 34.116000 71.732000 235.074000 315.000000 198.268000 180.000000 318.795000 -9999.0 -9999.0
-9999.0 -9999.0 -9999.0 -9999.0 -9999.0 -9999.0 33.854000 50.534000 77.463000 100.936000 125.325000 210.761000 211.220000 297.481000 297.081000 -9999.0 -9999.0
-9999.0 -9999.0 -9999.0 -9999.0 -9999.0 -9999.0 -9999.0 135.000000 77.016000 118.154000 135.000000 252.141000 299.678000 221.506000 204.286000 -9999.0 -9999.0
-9999.0 -9999.0 -9999.0 -9999.0 -9999.0 -9999.0 222.508000 154.056000 102.386000 108.435000 116.323000 260.841000 329.384000 110.001000 135.000000 270.000000 -9999.0
-9999.0 -9999.0 -9999.0 -9999.0 -9999.0 110.330000 225.000000 151.878000 135.000000 105.460000 135.000000 270.000000 294.725000 172.369000 315.000000 268.260000 -9999.0
-9999.0 -9999.0 -9999.0 167.308000 45.000000 191.622000 122.120000 142.314000 177.807000 138.330000 101.353000 258.121000 324.641000 315.000000 216.843000 251.278000 -9999.0
-9999.0 -9999.0 -9999.0 131.567000 212.175000 180.000000 245.903000 146.348000 147.781000 202.741000 150.158000 266.125000 190.901000 271.705000 315.976000 225.000000 -9999.0
-9999.0 -9999.0 120.132000 100.798000 168.878000 55.201000 90.000000 149.262000 109.721000 205.387000 320.788000 343.213000 205.095000 214.472000 270.000000 296.382000 -9999.0
-9999.0 174.242000 180.000000 92.288000 45.000000 223.480000 180.000000 111.726000 106.204000 261.698000 298.645000 20.589000 296.354000 323.495000 299.798000 -9999.0 -9999.0
-9999.0 165.395000 112.716000 158.060000 162.000000 194.037000 180.000000 152.395000 0.000000 228.665000 240.834000 0.000000 323.361000 270.000000 359.479000 243.839000 -9999.0
-9999.0 178.495000 153.300000 180.000000 164.823000 164.156000 182.629000 135.000000 281.581000 270.000000 224.440000 237.910000 304.643000 299.209000 285.672000 -9999.0 -9999.0
-9999.0 180.000000 45.000000 125.789000 159.578000 225.114000 353.490000 343.116000 321.506000 338.791000 331.454000 255.039000 270.000000 228.386000 -9999.0 -9999.0 -9999.0
-9999.0 -9999.0 93.101000 176.148000 346.680000 343.049000 336.298000 306.463000 21.379000 265.183000 225.000000 341.346000 260.681000 339.033000 -9999.0 -9999.0 -9999.0
-9999.0 -9999.0 135.000000 242.009000 309.313000 349.236000 284.140000 315.000000 41.748000 246.516000 267.623000 191.508000 0.000000 -9999.0 -9999.0 -9999.0 -9999.0
-9999.0 -9999.0 -9999.0 -9999.0 344.262000 317.262000 8.159000 220.073000 76.415000 293.880000 245.499000 257.261000 270.767000 -9999.0 -9999.0 -9999.0 -9999.0
-9999.0 -9999.0 -9999.0 -9999.0 -9999.0 311.851000 17.743000 355.728000 125.987000 48.706000 90.000000 245.773000 151.369000 237.060000 -9999.0 -9999.0 -9999.0
-9999.0 -9999.0 -9999.0 -9999.0 -9999.0 -9999.0 3.564000 39.350000 45.000000 28.664000 46.266000 290.777000 281.330000 278.016000 285.869000 -9999.0 -9999.0
-9999.0 -9999.0 -9999.0 -9999.0 -9999.0 -9999.0 -9999.0 359.983000 290.038000 75.630000 33.165000 270.000000 279.923000 220.235000 -9999.0 -9999.0 -9999.0
-9999.0 -9999.0 -9999.0 -9999.0 -9999.0 -9999.0 -9999.0 -9999.0 91.130000 61.581000 3.097000 347.041000 45.000000 45.000000 267.093000 -9999.0 -9999.0
-9999.0 -9999.0 -9999.0 -9999.0 -9999.0 -9999.0 -9999.0 -9999.0 -9999.0 -9999.0 -9999.0 -9999.0 -9999.0 -9999.0 -9999.0 -9999.0 -9999.0