tests/3D/WG1_2.0_001/INmaps500/slope.asc
ncols         17
nrows         27
xllcorner     624603.750000
yllcorner     5171346.250000
cellsize      500.000000
NODATA_value  -9999.0
-9999.0 -9999.0 -9999.0 -9999.0 -9999.0 -9999.0 -9999.0 -9999.0 -9999.0 -9999.0 -9999.0 -9999.0 -9999.0 -9999.0 -9999.0 -9999.0 -9999.0
-9999.0 -9999.0 -9999.0 -9999.0 -9999.0 -9999.0 -9999.0 -9999.0 -9999.0 -9999.0 -9999.0 8.888867 37.321898 16.259969 -9999.0 -9999.0 -9999.0
-9999.0 -9999.0 -9999.0 -9999.0 -9999.0 -9999.0 -9999.0 -9999.0 -9999.0 55.709832 40.680003 16.767037 37.918920 25.450785 45.823446 -9999.0 -9999.0
-9999.0 -9999.0 -9999.0 -9999.0 -9999.0 -9999.0 -9999.0 -9999.0 39.998757 29.522223 39.519191 17.700385 36.493974 57.157697 26.619046 -9999.0 -9999.0
-9999.0 -9999.0 -9999.0 -9999.0 -9999.0 -9999.0 -9999.0 -9999.0 33.040184 18.447522 54.044244 12.551786 30.673869 39.299175 28.080662 -9999.0 -9999.0
-9999.0 -9999.0 -9999.0 -9999.0 -9999.0 -9999.0 -9999.0 28.053160 27.541508 39.709986 16.919444 11.930127 24.156474 25.125345 33.837741 -9999.0 -9999.0
-9999.0 -9999.0 -9999.0 -9999.0 -9999.0 -9999.0 45.589106 18.312304 37.554519 37.234235 61.877150 39.268235 21.055626 17.588085 16.369404 -9999.0 -9999.0
-9999.0 -9999.0 -9999.0 -9999.0 -9999.0 -9999.0 32.881475 33.653249 34.640455 34.828385 43.246854 61.037767 40.422172 25.608349 55.323659 -9999.0 -9999.0
-9999.0 -9999.0 -9999.0 -9999.0 -9999.0 -9999.0 37.053181 41.794406 28.363703 48.269402 15.762642 29.136623 16.819749 27.751784 49.177541 -9999.0 -9999.0
-9999.0 -9999.0 -9999.0 -9999.0 -9999.0 -9999.0 -9999.0 17.676894 36.372507 36.566739 43.101896 37.732136 26.900941 59.873517 31.997401 -9999.0 -9999.0
-9999.0 -9999.0 -9999.0 -9999.0 -9999.0 -9999.0 22.761321 35.304513 22.920031 28.219890 35.329151 35.683811 42.311214 30.489949 13.095523 28.191815 -9999.0
-9999.0 -9999.0 -9999.0 -9999.0 -9999.0 31.210157 29.440863 27.962059 19.988206 36.230413 29.412788 32.589839 49.619291 23.267816 32.605309 7.150513 -9999.0
-9999.0 -9999.0 -9999.0 34.552220 58.111098 37.540768 31.420433 17.564021 23.084470 17.302179 15.069936 39.019572 48.720320 6.806739 12.751176 32.398471 -9999.0
-9999.0 -9999.0 -9999.0 23.550284 40.307008 4.533815 39.926564 20.936451 31.388920 41.291349 33.319215 18.792443 42.087761 35.592138 24.123242 19.073765 -9999.0
-9999.0 -9999.0 25.319578 23.690659 15.586171 45.105529 19.060587 20.501576 28.405529 11.072409 19.816318 36.456159 24.221218 30.993006 60.262555 30.840026 -9999.0
-9999.0 35.397333 35.773193 24.260179 41.038102 37.994550 1.197482 15.721389 24.775268 49.067533 42.222406 6.248105 60.475122 19.996227 17.763411 -9999.0 -9999.0
-9999.0 32.120014 26.792079 31.869631 33.855503 29.675203 37.925795 39.684776 2.816088 37.722968 51.500884 44.962863 45.487692 45.200068 28.842122 42.123857 -9999.0
-9999.0 24.001775 43.158046 35.829343 34.568263 22.628395 33.010963 32.931895 28.895980 46.832997 35.892368 37.101882 30.209200 35.856272 9.250404 -9999.0 -9999.0
-9999.0 32.664324 8.490089 28.612366 18.507110 23.051811 20.415059 32.537700 34.880525 34.398667 34.351685 21.135840 38.965714 30.146747 -9999.0 -9999.0 -9999.0
-9999.0 -9999.0 33.793624 22.265140 27.413739 36.126135 42.987877 39.818275 11.397276 38.159562 11.813817 36.710552 18.475597 32.765737 -9999.0 -9999.0 -9999.0
-9999.0 -9999.0 24.288254 27.527184 43.308161 36.501995 50.675252 42.524355 36.371934 25.644445 37.655932 32.176164 20.806962 -9999.0 -9999.0 -9999.0 -9999.0
-9999.0 -9999.0 -9999.0 -9999.0 32.228876 32.808709 13.475967 33.900194 31.669096 6.580993 24.786154 28.992810 33.856076 -9999.0 -9999.0 -9999.0 -9999.0
-9999.0 -9999.0 -9999.0 -9999.0 -9999.0 39.213804 34.761349 30.674441 29.095943 40.048031 29.422529 46.240559 28.687997 27.361600 -9999.0 -9999.0 -9999.0
-9999.0 -9999.0 -9999.0 -9999.0 -9999.0 -9999.0 34.967041 32.696982 21.724841 25.275460 24.756933 30.087160 21.198865 34.261730 34.979073 -9999.0 -9999.0
-9999.0 -9999.0 -9999.0 -9999.0 -9999.0 -9999.0 -9999.0 45.951788 33.550117 34.908600 30.342126 24.022401 21.910479 31.065199 -9999.0 -9999.0 -9999.0
-9999.0 -9999.0 -9999.0 -9999.0 -9999.0 -9999.0 -9999.0 -9999.0 46.792317 38.509066 36.726022 35.083925 29.166990 19.902835 53.007763 -9999.0 -9999.0
-9999.0 -9999.0 -9999.0 -9999.0 -9999.0 -9999.0 -9999.0 -9999.0 -9999.0 -9999.0 -9999.0 -9999.0 -9999.0 -9999.0 -9999.0 -9999.0 -9999.0