examples/3D/hillslope01/output-maps-METEOIO-ON/psiliqL0025N0002.asc
ncols         104
nrows         10
xllcorner     -2.000000
yllcorner     0.000000
cellsize      1.000000
NODATA_value  -9999.0
-9999.000 -9999.000 -9999.000 -9999.000 -9999.000 -9999.000 -9999.000 -9999.000 -9999.000 -9999.000 -9999.000 -9999.000 -9999.000 -9999.000 -9999.000 -9999.000 -9999.000 -9999.000 -9999.000 -9999.000 -9999.000 -9999.000 -9999.000 -9999.000 -9999.000 -9999.000 -9999.000 -9999.000 -9999.000 -9999.000 -9999.000 -9999.000 -9999.000 -9999.000 -9999.000 -9999.000 -9999.000 -9999.000 -9999.000 -9999.000 -9999.000 -9999.000 -9999.000 -9999.000 -9999.000 -9999.000 -9999.000 -9999.000 -9999.000 -9999.000 -9999.000 -9999.000 -9999.000 -9999.000 -9999.000 -9999.000 -9999.000 -9999.000 -9999.000 -9999.000 -9999.000 -9999.000 -9999.000 -9999.000 -9999.000 -9999.000 -9999.000 -9999.000 -9999.000 -9999.000 -9999.000 -9999.000 -9999.000 -9999.000 -9999.000 -9999.000 -9999.000 -9999.000 -9999.000 -9999.000 -9999.000 -9999.000 -9999.000 -9999.000 -9999.000 -9999.000 -9999.000 -9999.000 -9999.000 -9999.000 -9999.000 -9999.000 -9999.000 -9999.000 -9999.000 -9999.000 -9999.000 -9999.000 -9999.000 -9999.000 -9999.000 -9999.000 -9999.000 -9999.000
-9999.000 -9999.000 -9999.000 -9999.000 -9999.000 -9999.000 -9999.000 -9999.000 -9999.000 -9999.000 -9999.000 -9999.000 -9999.000 -9999.000 -9999.000 -9999.000 -9999.000 -9999.000 -9999.000 -9999.000 -9999.000 -9999.000 -9999.000 -9999.000 -9999.000 -9999.000 -9999.000 -9999.000 -9999.000 -9999.000 -9999.000 -9999.000 -9999.000 -9999.000 -9999.000 -9999.000 -9999.000 -9999.000 -9999.000 -9999.000 -9999.000 -9999.000 -9999.000 -9999.000 -9999.000 -9999.000 -9999.000 -9999.000 -9999.000 -9999.000 -9999.000 -9999.000 -9999.000 -9999.000 -9999.000 -9999.000 -9999.000 -9999.000 -9999.000 -9999.000 -9999.000 -9999.000 -9999.000 -9999.000 -9999.000 -9999.000 -9999.000 -9999.000 -9999.000 -9999.000 -9999.000 -9999.000 -9999.000 -9999.000 -9999.000 -9999.000 -9999.000 -9999.000 -9999.000 -9999.000 -9999.000 -9999.000 -9999.000 -9999.000 -9999.000 -9999.000 -9999.000 -9999.000 -9999.000 -9999.000 -9999.000 -9999.000 -9999.000 -9999.000 -9999.000 -9999.000 -9999.000 -9999.000 -9999.000 -9999.000 -9999.000 -9999.000 -9999.000 -9999.000
-9999.000 -9999.000 1473.508 1373.928 1274.773 1176.068 1077.848 980.139 882.952 786.295 690.173 594.588 499.533 405.009 311.028 217.606 124.759 32.504 -59.095 -150.302 -242.037 -335.985 -434.795 -542.156 -663.133 -804.550 -975.384 -1186.408 -1446.707 -1752.209 -2064.132 -2305.536 -2435.676 -2489.631 -2510.141 -2518.134 -2521.472 -2522.984 -2523.729 -2524.124 -2524.350 -2524.488 -2524.576 -2524.636 -2524.678 -2524.709 -2524.732 -2524.749 -2524.754 -2524.755 -2524.757 -2524.758 -2524.759 -2524.760 -2524.761 -2524.762 -2524.762 -2524.763 -2524.764 -2524.765 -2524.765 -2524.766 -2524.767 -2524.768 -2524.768 -2524.769 -2524.770 -2524.771 -2524.771 -2524.772 -2524.773 -2524.774 -2524.775 -2524.775 -2524.776 -2524.777 -2524.778 -2524.779 -2524.780 -2524.781 -2524.781 -2524.782 -2524.783 -2524.784 -2524.785 -2524.786 -2524.786 -2524.787 -2524.788 -2524.789 -2524.790 -2524.790 -2524.791 -2524.792 -2524.792 -2524.793 -2524.794 -2524.794 -2524.795 -2524.799 -2524.951 -2529.903 -9999.000 -9999.000
-9999.000 -9999.000 1473.508 1373.928 1274.773 1176.068 1077.848 980.139 882.952 786.295 690.173 594.588 499.533 405.009 311.028 217.606 124.759 32.504 -59.095 -150.302 -242.037 -335.985 -434.795 -542.156 -663.133 -804.550 -975.384 -1186.408 -1446.707 -1752.209 -2064.132 -2305.536 -2435.676 -2489.631 -2510.141 -2518.134 -2521.472 -2522.984 -2523.729 -2524.124 -2524.350 -2524.488 -2524.576 -2524.636 -2524.678 -2524.709 -2524.732 -2524.749 -2524.754 -2524.755 -2524.757 -2524.758 -2524.759 -2524.760 -2524.761 -2524.762 -2524.762 -2524.763 -2524.764 -2524.765 -2524.765 -2524.766 -2524.767 -2524.768 -2524.768 -2524.769 -2524.770 -2524.771 -2524.771 -2524.772 -2524.773 -2524.774 -2524.775 -2524.775 -2524.776 -2524.777 -2524.778 -2524.779 -2524.780 -2524.781 -2524.781 -2524.782 -2524.783 -2524.784 -2524.785 -2524.786 -2524.786 -2524.787 -2524.788 -2524.789 -2524.790 -2524.790 -2524.791 -2524.792 -2524.792 -2524.793 -2524.794 -2524.794 -2524.795 -2524.799 -2524.951 -2529.903 -9999.000 -9999.000
-9999.000 -9999.000 1473.508 1373.928 1274.773 1176.068 1077.848 980.139 882.952 786.295 690.173 594.588 499.533 405.009 311.028 217.606 124.759 32.504 -59.095 -150.302 -242.037 -335.985 -434.795 -542.156 -663.133 -804.550 -975.384 -1186.408 -1446.707 -1752.209 -2064.132 -2305.536 -2435.676 -2489.631 -2510.141 -2518.134 -2521.472 -2522.984 -2523.729 -2524.124 -2524.350 -2524.488 -2524.576 -2524.636 -2524.678 -2524.709 -2524.732 -2524.749 -2524.754 -2524.755 -2524.757 -2524.758 -2524.759 -2524.760 -2524.761 -2524.762 -2524.762 -2524.763 -2524.764 -2524.765 -2524.765 -2524.766 -2524.767 -2524.768 -2524.768 -2524.769 -2524.770 -2524.771 -2524.771 -2524.772 -2524.773 -2524.774 -2524.775 -2524.775 -2524.776 -2524.777 -2524.778 -2524.779 -2524.780 -2524.781 -2524.781 -2524.782 -2524.783 -2524.784 -2524.785 -2524.786 -2524.786 -2524.787 -2524.788 -2524.789 -2524.790 -2524.790 -2524.791 -2524.792 -2524.792 -2524.793 -2524.794 -2524.794 -2524.795 -2524.799 -2524.951 -2529.903 -9999.000 -9999.000
-9999.000 -9999.000 1473.508 1373.928 1274.773 1176.068 1077.848 980.139 882.952 786.295 690.173 594.588 499.533 405.009 311.028 217.606 124.759 32.504 -59.095 -150.302 -242.037 -335.985 -434.795 -542.156 -663.133 -804.550 -975.384 -1186.408 -1446.707 -1752.209 -2064.132 -2305.536 -2435.676 -2489.631 -2510.141 -2518.134 -2521.472 -2522.984 -2523.729 -2524.124 -2524.350 -2524.488 -2524.576 -2524.636 -2524.678 -2524.709 -2524.732 -2524.749 -2524.754 -2524.755 -2524.757 -2524.758 -2524.759 -2524.760 -2524.761 -2524.762 -2524.762 -2524.763 -2524.764 -2524.765 -2524.765 -2524.766 -2524.767 -2524.768 -2524.768 -2524.769 -2524.770 -2524.771 -2524.771 -2524.772 -2524.773 -2524.774 -2524.775 -2524.775 -2524.776 -2524.777 -2524.778 -2524.779 -2524.780 -2524.781 -2524.781 -2524.782 -2524.783 -2524.784 -2524.785 -2524.786 -2524.786 -2524.787 -2524.788 -2524.789 -2524.790 -2524.790 -2524.791 -2524.792 -2524.792 -2524.793 -2524.794 -2524.794 -2524.795 -2524.799 -2524.951 -2529.903 -9999.000 -9999.000
-9999.000 -9999.000 1473.508 1373.928 1274.773 1176.068 1077.848 980.139 882.952 786.295 690.173 594.588 499.533 405.009 311.028 217.606 124.759 32.504 -59.095 -150.302 -242.037 -335.985 -434.795 -542.156 -663.133 -804.550 -975.384 -1186.408 -1446.707 -1752.209 -2064.132 -2305.536 -2435.676 -2489.631 -2510.141 -2518.134 -2521.472 -2522.984 -2523.729 -2524.124 -2524.350 -2524.488 -2524.576 -2524.636 -2524.678 -2524.709 -2524.732 -2524.749 -2524.754 -2524.755 -2524.757 -2524.758 -2524.759 -2524.760 -2524.761 -2524.762 -2524.762 -2524.763 -2524.764 -2524.765 -2524.765 -2524.766 -2524.767 -2524.768 -2524.768 -2524.769 -2524.770 -2524.771 -2524.771 -2524.772 -2524.773 -2524.774 -2524.775 -2524.775 -2524.776 -2524.777 -2524.778 -2524.779 -2524.780 -2524.781 -2524.781 -2524.782 -2524.783 -2524.784 -2524.785 -2524.786 -2524.786 -2524.787 -2524.788 -2524.789 -2524.790 -2524.790 -2524.791 -2524.792 -2524.792 -2524.793 -2524.794 -2524.794 -2524.795 -2524.799 -2524.951 -2529.903 -9999.000 -9999.000
-9999.000 -9999.000 1473.508 1373.928 1274.773 1176.068 1077.848 980.139 882.952 786.295 690.173 594.588 499.533 405.009 311.028 217.606 124.759 32.504 -59.095 -150.302 -242.037 -335.985 -434.795 -542.156 -663.133 -804.550 -975.384 -1186.408 -1446.707 -1752.209 -2064.132 -2305.536 -2435.676 -2489.631 -2510.141 -2518.134 -2521.472 -2522.984 -2523.729 -2524.124 -2524.350 -2524.488 -2524.576 -2524.636 -2524.678 -2524.709 -2524.732 -2524.749 -2524.754 -2524.755 -2524.757 -2524.758 -2524.759 -2524.760 -2524.761 -2524.762 -2524.762 -2524.763 -2524.764 -2524.765 -2524.765 -2524.766 -2524.767 -2524.768 -2524.768 -2524.769 -2524.770 -2524.771 -2524.771 -2524.772 -2524.773 -2524.774 -2524.775 -2524.775 -2524.776 -2524.777 -2524.778 -2524.779 -2524.780 -2524.781 -2524.781 -2524.782 -2524.783 -2524.784 -2524.785 -2524.786 -2524.786 -2524.787 -2524.788 -2524.789 -2524.790 -2524.790 -2524.791 -2524.792 -2524.792 -2524.793 -2524.794 -2524.794 -2524.795 -2524.799 -2524.951 -2529.903 -9999.000 -9999.000
-9999.000 -9999.000 -9999.000 -9999.000 -9999.000 -9999.000 -9999.000 -9999.000 -9999.000 -9999.000 -9999.000 -9999.000 -9999.000 -9999.000 -9999.000 -9999.000 -9999.000 -9999.000 -9999.000 -9999.000 -9999.000 -9999.000 -9999.000 -9999.000 -9999.000 -9999.000 -9999.000 -9999.000 -9999.000 -9999.000 -9999.000 -9999.000 -9999.000 -9999.000 -9999.000 -9999.000 -9999.000 -9999.000 -9999.000 -9999.000 -9999.000 -9999.000 -9999.000 -9999.000 -9999.000 -9999.000 -9999.000 -9999.000 -9999.000 -9999.000 -9999.000 -9999.000 -9999.000 -9999.000 -9999.000 -9999.000 -9999.000 -9999.000 -9999.000 -9999.000 -9999.000 -9999.000 -9999.000 -9999.000 -9999.000 -9999.000 -9999.000 -9999.000 -9999.000 -9999.000 -9999.000 -9999.000 -9999.000 -9999.000 -9999.000 -9999.000 -9999.000 -9999.000 -9999.000 -9999.000 -9999.000 -9999.000 -9999.000 -9999.000 -9999.000 -9999.000 -9999.000 -9999.000 -9999.000 -9999.000 -9999.000 -9999.000 -9999.000 -9999.000 -9999.000 -9999.000 -9999.000 -9999.000 -9999.000 -9999.000 -9999.000 -9999.000 -9999.000 -9999.000
-9999.000 -9999.000 -9999.000 -9999.000 -9999.000 -9999.000 -9999.000 -9999.000 -9999.000 -9999.000 -9999.000 -9999.000 -9999.000 -9999.000 -9999.000 -9999.000 -9999.000 -9999.000 -9999.000 -9999.000 -9999.000 -9999.000 -9999.000 -9999.000 -9999.000 -9999.000 -9999.000 -9999.000 -9999.000 -9999.000 -9999.000 -9999.000 -9999.000 -9999.000 -9999.000 -9999.000 -9999.000 -9999.000 -9999.000 -9999.000 -9999.000 -9999.000 -9999.000 -9999.000 -9999.000 -9999.000 -9999.000 -9999.000 -9999.000 -9999.000 -9999.000 -9999.000 -9999.000 -9999.000 -9999.000 -9999.000 -9999.000 -9999.000 -9999.000 -9999.000 -9999.000 -9999.000 -9999.000 -9999.000 -9999.000 -9999.000 -9999.000 -9999.000 -9999.000 -9999.000 -9999.000 -9999.000 -9999.000 -9999.000 -9999.000 -9999.000 -9999.000 -9999.000 -9999.000 -9999.000 -9999.000 -9999.000 -9999.000 -9999.000 -9999.000 -9999.000 -9999.000 -9999.000 -9999.000 -9999.000 -9999.000 -9999.000 -9999.000 -9999.000 -9999.000 -9999.000 -9999.000 -9999.000 -9999.000 -9999.000 -9999.000 -9999.000 -9999.000 -9999.000