examples/3D/hillslope01/output-maps-METEOIO-ON/psiliqL0026N0003.asc
ncols         104
nrows         10
xllcorner     -2.000000
yllcorner     0.000000
cellsize      1.000000
NODATA_value  -9999.0
-9999.000 -9999.000 -9999.000 -9999.000 -9999.000 -9999.000 -9999.000 -9999.000 -9999.000 -9999.000 -9999.000 -9999.000 -9999.000 -9999.000 -9999.000 -9999.000 -9999.000 -9999.000 -9999.000 -9999.000 -9999.000 -9999.000 -9999.000 -9999.000 -9999.000 -9999.000 -9999.000 -9999.000 -9999.000 -9999.000 -9999.000 -9999.000 -9999.000 -9999.000 -9999.000 -9999.000 -9999.000 -9999.000 -9999.000 -9999.000 -9999.000 -9999.000 -9999.000 -9999.000 -9999.000 -9999.000 -9999.000 -9999.000 -9999.000 -9999.000 -9999.000 -9999.000 -9999.000 -9999.000 -9999.000 -9999.000 -9999.000 -9999.000 -9999.000 -9999.000 -9999.000 -9999.000 -9999.000 -9999.000 -9999.000 -9999.000 -9999.000 -9999.000 -9999.000 -9999.000 -9999.000 -9999.000 -9999.000 -9999.000 -9999.000 -9999.000 -9999.000 -9999.000 -9999.000 -9999.000 -9999.000 -9999.000 -9999.000 -9999.000 -9999.000 -9999.000 -9999.000 -9999.000 -9999.000 -9999.000 -9999.000 -9999.000 -9999.000 -9999.000 -9999.000 -9999.000 -9999.000 -9999.000 -9999.000 -9999.000 -9999.000 -9999.000 -9999.000 -9999.000
-9999.000 -9999.000 -9999.000 -9999.000 -9999.000 -9999.000 -9999.000 -9999.000 -9999.000 -9999.000 -9999.000 -9999.000 -9999.000 -9999.000 -9999.000 -9999.000 -9999.000 -9999.000 -9999.000 -9999.000 -9999.000 -9999.000 -9999.000 -9999.000 -9999.000 -9999.000 -9999.000 -9999.000 -9999.000 -9999.000 -9999.000 -9999.000 -9999.000 -9999.000 -9999.000 -9999.000 -9999.000 -9999.000 -9999.000 -9999.000 -9999.000 -9999.000 -9999.000 -9999.000 -9999.000 -9999.000 -9999.000 -9999.000 -9999.000 -9999.000 -9999.000 -9999.000 -9999.000 -9999.000 -9999.000 -9999.000 -9999.000 -9999.000 -9999.000 -9999.000 -9999.000 -9999.000 -9999.000 -9999.000 -9999.000 -9999.000 -9999.000 -9999.000 -9999.000 -9999.000 -9999.000 -9999.000 -9999.000 -9999.000 -9999.000 -9999.000 -9999.000 -9999.000 -9999.000 -9999.000 -9999.000 -9999.000 -9999.000 -9999.000 -9999.000 -9999.000 -9999.000 -9999.000 -9999.000 -9999.000 -9999.000 -9999.000 -9999.000 -9999.000 -9999.000 -9999.000 -9999.000 -9999.000 -9999.000 -9999.000 -9999.000 -9999.000 -9999.000 -9999.000
-9999.000 -9999.000 1968.907 1869.029 1769.290 1669.719 1570.355 1471.225 1372.339 1273.701 1175.315 1077.191 979.340 881.766 784.473 687.460 590.730 494.280 398.108 302.216 206.611 111.298 16.283 -78.391 -172.962 -268.007 -364.610 -464.431 -569.686 -683.243 -808.641 -950.048 -1111.869 -1297.545 -1506.757 -1730.746 -1948.367 -2130.762 -2258.730 -2335.342 -2376.992 -2398.943 -2410.659 -2417.137 -2420.885 -2423.159 -2424.600 -2425.514 -2425.862 -2425.997 -2426.098 -2426.181 -2426.252 -2426.313 -2426.366 -2426.413 -2426.455 -2426.493 -2426.529 -2426.562 -2426.593 -2426.622 -2426.650 -2426.677 -2426.703 -2426.728 -2426.753 -2426.777 -2426.800 -2426.823 -2426.846 -2426.869 -2426.891 -2426.913 -2426.934 -2426.956 -2426.977 -2426.998 -2427.019 -2427.039 -2427.059 -2427.079 -2427.098 -2427.117 -2427.136 -2427.154 -2427.172 -2427.189 -2427.206 -2427.222 -2427.237 -2427.252 -2427.266 -2427.279 -2427.292 -2427.304 -2427.315 -2427.325 -2427.334 -2427.361 -2427.803 -2435.882 -9999.000 -9999.000
-9999.000 -9999.000 1968.907 1869.029 1769.290 1669.719 1570.355 1471.225 1372.339 1273.701 1175.315 1077.191 979.340 881.766 784.473 687.460 590.730 494.280 398.108 302.216 206.611 111.298 16.283 -78.391 -172.962 -268.007 -364.610 -464.431 -569.686 -683.243 -808.641 -950.048 -1111.869 -1297.545 -1506.757 -1730.746 -1948.367 -2130.762 -2258.730 -2335.342 -2376.992 -2398.943 -2410.659 -2417.137 -2420.885 -2423.159 -2424.600 -2425.514 -2425.862 -2425.997 -2426.098 -2426.181 -2426.252 -2426.313 -2426.366 -2426.413 -2426.455 -2426.493 -2426.529 -2426.562 -2426.593 -2426.622 -2426.650 -2426.677 -2426.703 -2426.728 -2426.753 -2426.777 -2426.800 -2426.823 -2426.846 -2426.869 -2426.891 -2426.913 -2426.934 -2426.956 -2426.977 -2426.998 -2427.019 -2427.039 -2427.059 -2427.079 -2427.098 -2427.117 -2427.136 -2427.154 -2427.172 -2427.189 -2427.206 -2427.222 -2427.237 -2427.252 -2427.266 -2427.279 -2427.292 -2427.304 -2427.315 -2427.325 -2427.334 -2427.361 -2427.803 -2435.882 -9999.000 -9999.000
-9999.000 -9999.000 1968.907 1869.029 1769.290 1669.719 1570.355 1471.225 1372.339 1273.701 1175.315 1077.191 979.340 881.766 784.473 687.460 590.730 494.280 398.108 302.216 206.611 111.298 16.283 -78.391 -172.962 -268.007 -364.610 -464.431 -569.686 -683.243 -808.641 -950.048 -1111.869 -1297.545 -1506.757 -1730.746 -1948.367 -2130.762 -2258.730 -2335.342 -2376.992 -2398.943 -2410.659 -2417.137 -2420.885 -2423.159 -2424.600 -2425.514 -2425.862 -2425.997 -2426.098 -2426.181 -2426.252 -2426.313 -2426.366 -2426.413 -2426.455 -2426.493 -2426.529 -2426.562 -2426.593 -2426.622 -2426.650 -2426.677 -2426.703 -2426.728 -2426.753 -2426.777 -2426.800 -2426.823 -2426.846 -2426.869 -2426.891 -2426.913 -2426.934 -2426.956 -2426.977 -2426.998 -2427.019 -2427.039 -2427.059 -2427.079 -2427.098 -2427.117 -2427.136 -2427.154 -2427.172 -2427.189 -2427.206 -2427.222 -2427.237 -2427.252 -2427.266 -2427.279 -2427.292 -2427.304 -2427.315 -2427.325 -2427.334 -2427.361 -2427.803 -2435.882 -9999.000 -9999.000
-9999.000 -9999.000 1968.907 1869.029 1769.290 1669.719 1570.355 1471.225 1372.339 1273.701 1175.315 1077.191 979.340 881.766 784.473 687.460 590.730 494.280 398.108 302.216 206.611 111.298 16.283 -78.391 -172.962 -268.007 -364.610 -464.431 -569.686 -683.243 -808.641 -950.048 -1111.869 -1297.545 -1506.757 -1730.746 -1948.367 -2130.762 -2258.730 -2335.342 -2376.992 -2398.943 -2410.659 -2417.137 -2420.885 -2423.159 -2424.600 -2425.514 -2425.862 -2425.997 -2426.098 -2426.181 -2426.252 -2426.313 -2426.366 -2426.413 -2426.455 -2426.493 -2426.529 -2426.562 -2426.593 -2426.622 -2426.650 -2426.677 -2426.703 -2426.728 -2426.753 -2426.777 -2426.800 -2426.823 -2426.846 -2426.869 -2426.891 -2426.913 -2426.934 -2426.956 -2426.977 -2426.998 -2427.019 -2427.039 -2427.059 -2427.079 -2427.098 -2427.117 -2427.136 -2427.154 -2427.172 -2427.189 -2427.206 -2427.222 -2427.237 -2427.252 -2427.266 -2427.279 -2427.292 -2427.304 -2427.315 -2427.325 -2427.334 -2427.361 -2427.803 -2435.882 -9999.000 -9999.000
-9999.000 -9999.000 1968.907 1869.029 1769.290 1669.719 1570.355 1471.225 1372.339 1273.701 1175.315 1077.191 979.340 881.766 784.473 687.460 590.730 494.280 398.108 302.216 206.611 111.298 16.283 -78.391 -172.962 -268.007 -364.610 -464.431 -569.686 -683.243 -808.641 -950.048 -1111.869 -1297.545 -1506.757 -1730.746 -1948.367 -2130.762 -2258.730 -2335.342 -2376.992 -2398.943 -2410.659 -2417.137 -2420.885 -2423.159 -2424.600 -2425.514 -2425.862 -2425.997 -2426.098 -2426.181 -2426.252 -2426.313 -2426.366 -2426.413 -2426.455 -2426.493 -2426.529 -2426.562 -2426.593 -2426.622 -2426.650 -2426.677 -2426.703 -2426.728 -2426.753 -2426.777 -2426.800 -2426.823 -2426.846 -2426.869 -2426.891 -2426.913 -2426.934 -2426.956 -2426.977 -2426.998 -2427.019 -2427.039 -2427.059 -2427.079 -2427.098 -2427.117 -2427.136 -2427.154 -2427.172 -2427.189 -2427.206 -2427.222 -2427.237 -2427.252 -2427.266 -2427.279 -2427.292 -2427.304 -2427.315 -2427.325 -2427.334 -2427.361 -2427.803 -2435.882 -9999.000 -9999.000
-9999.000 -9999.000 1968.907 1869.029 1769.290 1669.719 1570.355 1471.225 1372.339 1273.701 1175.315 1077.191 979.340 881.766 784.473 687.460 590.730 494.280 398.108 302.216 206.611 111.298 16.283 -78.391 -172.962 -268.007 -364.610 -464.431 -569.686 -683.243 -808.641 -950.048 -1111.869 -1297.545 -1506.757 -1730.746 -1948.367 -2130.762 -2258.730 -2335.342 -2376.992 -2398.943 -2410.659 -2417.137 -2420.885 -2423.159 -2424.600 -2425.514 -2425.862 -2425.997 -2426.098 -2426.181 -2426.252 -2426.313 -2426.366 -2426.413 -2426.455 -2426.493 -2426.529 -2426.562 -2426.593 -2426.622 -2426.650 -2426.677 -2426.703 -2426.728 -2426.753 -2426.777 -2426.800 -2426.823 -2426.846 -2426.869 -2426.891 -2426.913 -2426.934 -2426.956 -2426.977 -2426.998 -2427.019 -2427.039 -2427.059 -2427.079 -2427.098 -2427.117 -2427.136 -2427.154 -2427.172 -2427.189 -2427.206 -2427.222 -2427.237 -2427.252 -2427.266 -2427.279 -2427.292 -2427.304 -2427.315 -2427.325 -2427.334 -2427.361 -2427.803 -2435.882 -9999.000 -9999.000
-9999.000 -9999.000 -9999.000 -9999.000 -9999.000 -9999.000 -9999.000 -9999.000 -9999.000 -9999.000 -9999.000 -9999.000 -9999.000 -9999.000 -9999.000 -9999.000 -9999.000 -9999.000 -9999.000 -9999.000 -9999.000 -9999.000 -9999.000 -9999.000 -9999.000 -9999.000 -9999.000 -9999.000 -9999.000 -9999.000 -9999.000 -9999.000 -9999.000 -9999.000 -9999.000 -9999.000 -9999.000 -9999.000 -9999.000 -9999.000 -9999.000 -9999.000 -9999.000 -9999.000 -9999.000 -9999.000 -9999.000 -9999.000 -9999.000 -9999.000 -9999.000 -9999.000 -9999.000 -9999.000 -9999.000 -9999.000 -9999.000 -9999.000 -9999.000 -9999.000 -9999.000 -9999.000 -9999.000 -9999.000 -9999.000 -9999.000 -9999.000 -9999.000 -9999.000 -9999.000 -9999.000 -9999.000 -9999.000 -9999.000 -9999.000 -9999.000 -9999.000 -9999.000 -9999.000 -9999.000 -9999.000 -9999.000 -9999.000 -9999.000 -9999.000 -9999.000 -9999.000 -9999.000 -9999.000 -9999.000 -9999.000 -9999.000 -9999.000 -9999.000 -9999.000 -9999.000 -9999.000 -9999.000 -9999.000 -9999.000 -9999.000 -9999.000 -9999.000 -9999.000
-9999.000 -9999.000 -9999.000 -9999.000 -9999.000 -9999.000 -9999.000 -9999.000 -9999.000 -9999.000 -9999.000 -9999.000 -9999.000 -9999.000 -9999.000 -9999.000 -9999.000 -9999.000 -9999.000 -9999.000 -9999.000 -9999.000 -9999.000 -9999.000 -9999.000 -9999.000 -9999.000 -9999.000 -9999.000 -9999.000 -9999.000 -9999.000 -9999.000 -9999.000 -9999.000 -9999.000 -9999.000 -9999.000 -9999.000 -9999.000 -9999.000 -9999.000 -9999.000 -9999.000 -9999.000 -9999.000 -9999.000 -9999.000 -9999.000 -9999.000 -9999.000 -9999.000 -9999.000 -9999.000 -9999.000 -9999.000 -9999.000 -9999.000 -9999.000 -9999.000 -9999.000 -9999.000 -9999.000 -9999.000 -9999.000 -9999.000 -9999.000 -9999.000 -9999.000 -9999.000 -9999.000 -9999.000 -9999.000 -9999.000 -9999.000 -9999.000 -9999.000 -9999.000 -9999.000 -9999.000 -9999.000 -9999.000 -9999.000 -9999.000 -9999.000 -9999.000 -9999.000 -9999.000 -9999.000 -9999.000 -9999.000 -9999.000 -9999.000 -9999.000 -9999.000 -9999.000 -9999.000 -9999.000 -9999.000 -9999.000 -9999.000 -9999.000 -9999.000 -9999.000