examples/3D/hillslope01/output-maps-METEOIO-ON/psiliqL0075N0003.asc
ncols         104
nrows         10
xllcorner     -2.000000
yllcorner     0.000000
cellsize      1.000000
NODATA_value  -9999.0
-9999.000 -9999.000 -9999.000 -9999.000 -9999.000 -9999.000 -9999.000 -9999.000 -9999.000 -9999.000 -9999.000 -9999.000 -9999.000 -9999.000 -9999.000 -9999.000 -9999.000 -9999.000 -9999.000 -9999.000 -9999.000 -9999.000 -9999.000 -9999.000 -9999.000 -9999.000 -9999.000 -9999.000 -9999.000 -9999.000 -9999.000 -9999.000 -9999.000 -9999.000 -9999.000 -9999.000 -9999.000 -9999.000 -9999.000 -9999.000 -9999.000 -9999.000 -9999.000 -9999.000 -9999.000 -9999.000 -9999.000 -9999.000 -9999.000 -9999.000 -9999.000 -9999.000 -9999.000 -9999.000 -9999.000 -9999.000 -9999.000 -9999.000 -9999.000 -9999.000 -9999.000 -9999.000 -9999.000 -9999.000 -9999.000 -9999.000 -9999.000 -9999.000 -9999.000 -9999.000 -9999.000 -9999.000 -9999.000 -9999.000 -9999.000 -9999.000 -9999.000 -9999.000 -9999.000 -9999.000 -9999.000 -9999.000 -9999.000 -9999.000 -9999.000 -9999.000 -9999.000 -9999.000 -9999.000 -9999.000 -9999.000 -9999.000 -9999.000 -9999.000 -9999.000 -9999.000 -9999.000 -9999.000 -9999.000 -9999.000 -9999.000 -9999.000 -9999.000 -9999.000
-9999.000 -9999.000 -9999.000 -9999.000 -9999.000 -9999.000 -9999.000 -9999.000 -9999.000 -9999.000 -9999.000 -9999.000 -9999.000 -9999.000 -9999.000 -9999.000 -9999.000 -9999.000 -9999.000 -9999.000 -9999.000 -9999.000 -9999.000 -9999.000 -9999.000 -9999.000 -9999.000 -9999.000 -9999.000 -9999.000 -9999.000 -9999.000 -9999.000 -9999.000 -9999.000 -9999.000 -9999.000 -9999.000 -9999.000 -9999.000 -9999.000 -9999.000 -9999.000 -9999.000 -9999.000 -9999.000 -9999.000 -9999.000 -9999.000 -9999.000 -9999.000 -9999.000 -9999.000 -9999.000 -9999.000 -9999.000 -9999.000 -9999.000 -9999.000 -9999.000 -9999.000 -9999.000 -9999.000 -9999.000 -9999.000 -9999.000 -9999.000 -9999.000 -9999.000 -9999.000 -9999.000 -9999.000 -9999.000 -9999.000 -9999.000 -9999.000 -9999.000 -9999.000 -9999.000 -9999.000 -9999.000 -9999.000 -9999.000 -9999.000 -9999.000 -9999.000 -9999.000 -9999.000 -9999.000 -9999.000 -9999.000 -9999.000 -9999.000 -9999.000 -9999.000 -9999.000 -9999.000 -9999.000 -9999.000 -9999.000 -9999.000 -9999.000 -9999.000 -9999.000
-9999.000 -9999.000 6825.159 6725.362 6625.770 6526.389 6427.225 6328.283 6229.572 6131.099 6032.871 5934.893 5837.172 5739.713 5642.521 5545.601 5448.956 5352.590 5256.508 5160.713 5065.208 4969.999 4875.089 4780.482 4686.183 4592.196 4498.524 4405.170 4312.138 4219.430 4127.048 4034.993 3943.266 3851.867 3760.798 3670.059 3579.652 3489.581 3399.847 3310.452 3221.394 3132.673 3044.285 2956.228 2868.500 2781.101 2694.034 2607.300 2520.895 2434.815 2349.050 2263.592 2178.437 2093.590 2009.055 1924.824 1840.883 1757.215 1673.807 1590.659 1507.791 1425.194 1342.845 1260.715 1178.777 1097.045 1015.557 934.287 853.192 772.219 691.321 610.632 530.125 449.736 369.392 288.993 208.676 128.515 48.396 -31.722 -111.518 -190.173 -266.430 -339.217 -407.305 -469.562 -525.058 -573.473 -615.014 -650.100 -679.342 -703.473 -723.254 -739.388 -752.491 -763.101 -771.676 -778.636 -784.505 -790.482 -800.304 -826.538 -9999.000 -9999.000
-9999.000 -9999.000 6825.159 6725.362 6625.770 6526.389 6427.225 6328.283 6229.572 6131.099 6032.871 5934.893 5837.172 5739.713 5642.521 5545.601 5448.956 5352.590 5256.508 5160.713 5065.208 4969.999 4875.089 4780.482 4686.183 4592.196 4498.524 4405.170 4312.138 4219.430 4127.048 4034.993 3943.266 3851.867 3760.798 3670.059 3579.652 3489.581 3399.847 3310.452 3221.394 3132.673 3044.285 2956.228 2868.500 2781.101 2694.034 2607.300 2520.895 2434.815 2349.050 2263.592 2178.437 2093.590 2009.055 1924.824 1840.883 1757.215 1673.807 1590.659 1507.791 1425.194 1342.845 1260.715 1178.777 1097.045 1015.557 934.287 853.192 772.219 691.321 610.632 530.125 449.736 369.392 288.993 208.676 128.515 48.396 -31.722 -111.518 -190.173 -266.430 -339.217 -407.305 -469.562 -525.058 -573.473 -615.014 -650.100 -679.342 -703.473 -723.254 -739.388 -752.491 -763.101 -771.676 -778.636 -784.505 -790.482 -800.304 -826.538 -9999.000 -9999.000
-9999.000 -9999.000 6825.159 6725.362 6625.770 6526.389 6427.225 6328.283 6229.572 6131.099 6032.871 5934.893 5837.172 5739.713 5642.521 5545.601 5448.956 5352.590 5256.508 5160.713 5065.208 4969.999 4875.089 4780.482 4686.183 4592.196 4498.524 4405.170 4312.138 4219.430 4127.048 4034.993 3943.266 3851.867 3760.798 3670.059 3579.652 3489.581 3399.847 3310.452 3221.394 3132.673 3044.285 2956.228 2868.500 2781.101 2694.034 2607.300 2520.895 2434.815 2349.050 2263.592 2178.437 2093.590 2009.055 1924.824 1840.883 1757.215 1673.807 1590.659 1507.791 1425.194 1342.845 1260.715 1178.777 1097.045 1015.557 934.287 853.192 772.219 691.321 610.632 530.125 449.736 369.392 288.993 208.676 128.515 48.396 -31.722 -111.518 -190.173 -266.430 -339.217 -407.305 -469.562 -525.058 -573.473 -615.014 -650.100 -679.342 -703.473 -723.254 -739.388 -752.491 -763.101 -771.676 -778.636 -784.505 -790.482 -800.304 -826.538 -9999.000 -9999.000
-9999.000 -9999.000 6825.159 6725.362 6625.770 6526.389 6427.225 6328.283 6229.572 6131.099 6032.871 5934.893 5837.172 5739.713 5642.521 5545.601 5448.956 5352.590 5256.508 5160.713 5065.208 4969.999 4875.089 4780.482 4686.183 4592.196 4498.524 4405.170 4312.138 4219.430 4127.048 4034.993 3943.266 3851.867 3760.798 3670.059 3579.652 3489.581 3399.847 3310.452 3221.394 3132.673 3044.285 2956.228 2868.500 2781.101 2694.034 2607.300 2520.895 2434.815 2349.050 2263.592 2178.437 2093.590 2009.055 1924.824 1840.883 1757.215 1673.807 1590.659 1507.791 1425.194 1342.845 1260.715 1178.777 1097.045 1015.557 934.287 853.192 772.219 691.321 610.632 530.125 449.736 369.392 288.993 208.676 128.515 48.396 -31.722 -111.518 -190.173 -266.430 -339.217 -407.305 -469.562 -525.058 -573.473 -615.014 -650.100 -679.342 -703.473 -723.254 -739.388 -752.491 -763.101 -771.676 -778.636 -784.505 -790.482 -800.304 -826.538 -9999.000 -9999.000
-9999.000 -9999.000 6825.159 6725.362 6625.770 6526.389 6427.225 6328.283 6229.572 6131.099 6032.871 5934.893 5837.172 5739.713 5642.521 5545.601 5448.956 5352.590 5256.508 5160.713 5065.208 4969.999 4875.089 4780.482 4686.183 4592.196 4498.524 4405.170 4312.138 4219.430 4127.048 4034.993 3943.266 3851.867 3760.798 3670.059 3579.652 3489.581 3399.847 3310.452 3221.394 3132.673 3044.285 2956.228 2868.500 2781.101 2694.034 2607.300 2520.895 2434.815 2349.050 2263.592 2178.437 2093.590 2009.055 1924.824 1840.883 1757.215 1673.807 1590.659 1507.791 1425.194 1342.845 1260.715 1178.777 1097.045 1015.557 934.287 853.192 772.219 691.321 610.632 530.125 449.736 369.392 288.993 208.676 128.515 48.396 -31.722 -111.518 -190.173 -266.430 -339.217 -407.305 -469.562 -525.058 -573.473 -615.014 -650.100 -679.342 -703.473 -723.254 -739.388 -752.491 -763.101 -771.676 -778.636 -784.505 -790.482 -800.304 -826.538 -9999.000 -9999.000
-9999.000 -9999.000 6825.159 6725.362 6625.770 6526.389 6427.225 6328.283 6229.572 6131.099 6032.871 5934.893 5837.172 5739.713 5642.521 5545.601 5448.956 5352.590 5256.508 5160.713 5065.208 4969.999 4875.089 4780.482 4686.183 4592.196 4498.524 4405.170 4312.138 4219.430 4127.048 4034.993 3943.266 3851.867 3760.798 3670.059 3579.652 3489.581 3399.847 3310.452 3221.394 3132.673 3044.285 2956.228 2868.500 2781.101 2694.034 2607.300 2520.895 2434.815 2349.050 2263.592 2178.437 2093.590 2009.055 1924.824 1840.883 1757.215 1673.807 1590.659 1507.791 1425.194 1342.845 1260.715 1178.777 1097.045 1015.557 934.287 853.192 772.219 691.321 610.632 530.125 449.736 369.392 288.993 208.676 128.515 48.396 -31.722 -111.518 -190.173 -266.430 -339.217 -407.305 -469.562 -525.058 -573.473 -615.014 -650.100 -679.342 -703.473 -723.254 -739.388 -752.491 -763.101 -771.676 -778.636 -784.505 -790.482 -800.304 -826.538 -9999.000 -9999.000
-9999.000 -9999.000 -9999.000 -9999.000 -9999.000 -9999.000 -9999.000 -9999.000 -9999.000 -9999.000 -9999.000 -9999.000 -9999.000 -9999.000 -9999.000 -9999.000 -9999.000 -9999.000 -9999.000 -9999.000 -9999.000 -9999.000 -9999.000 -9999.000 -9999.000 -9999.000 -9999.000 -9999.000 -9999.000 -9999.000 -9999.000 -9999.000 -9999.000 -9999.000 -9999.000 -9999.000 -9999.000 -9999.000 -9999.000 -9999.000 -9999.000 -9999.000 -9999.000 -9999.000 -9999.000 -9999.000 -9999.000 -9999.000 -9999.000 -9999.000 -9999.000 -9999.000 -9999.000 -9999.000 -9999.000 -9999.000 -9999.000 -9999.000 -9999.000 -9999.000 -9999.000 -9999.000 -9999.000 -9999.000 -9999.000 -9999.000 -9999.000 -9999.000 -9999.000 -9999.000 -9999.000 -9999.000 -9999.000 -9999.000 -9999.000 -9999.000 -9999.000 -9999.000 -9999.000 -9999.000 -9999.000 -9999.000 -9999.000 -9999.000 -9999.000 -9999.000 -9999.000 -9999.000 -9999.000 -9999.000 -9999.000 -9999.000 -9999.000 -9999.000 -9999.000 -9999.000 -9999.000 -9999.000 -9999.000 -9999.000 -9999.000 -9999.000 -9999.000 -9999.000
-9999.000 -9999.000 -9999.000 -9999.000 -9999.000 -9999.000 -9999.000 -9999.000 -9999.000 -9999.000 -9999.000 -9999.000 -9999.000 -9999.000 -9999.000 -9999.000 -9999.000 -9999.000 -9999.000 -9999.000 -9999.000 -9999.000 -9999.000 -9999.000 -9999.000 -9999.000 -9999.000 -9999.000 -9999.000 -9999.000 -9999.000 -9999.000 -9999.000 -9999.000 -9999.000 -9999.000 -9999.000 -9999.000 -9999.000 -9999.000 -9999.000 -9999.000 -9999.000 -9999.000 -9999.000 -9999.000 -9999.000 -9999.000 -9999.000 -9999.000 -9999.000 -9999.000 -9999.000 -9999.000 -9999.000 -9999.000 -9999.000 -9999.000 -9999.000 -9999.000 -9999.000 -9999.000 -9999.000 -9999.000 -9999.000 -9999.000 -9999.000 -9999.000 -9999.000 -9999.000 -9999.000 -9999.000 -9999.000 -9999.000 -9999.000 -9999.000 -9999.000 -9999.000 -9999.000 -9999.000 -9999.000 -9999.000 -9999.000 -9999.000 -9999.000 -9999.000 -9999.000 -9999.000 -9999.000 -9999.000 -9999.000 -9999.000 -9999.000 -9999.000 -9999.000 -9999.000 -9999.000 -9999.000 -9999.000 -9999.000 -9999.000 -9999.000 -9999.000 -9999.000