examples/3D/hillslope01/output-maps-METEOIO-ON/psiliqL0087N0003.asc
ncols         104
nrows         10
xllcorner     -2.000000
yllcorner     0.000000
cellsize      1.000000
NODATA_value  -9999.0
-9999.000 -9999.000 -9999.000 -9999.000 -9999.000 -9999.000 -9999.000 -9999.000 -9999.000 -9999.000 -9999.000 -9999.000 -9999.000 -9999.000 -9999.000 -9999.000 -9999.000 -9999.000 -9999.000 -9999.000 -9999.000 -9999.000 -9999.000 -9999.000 -9999.000 -9999.000 -9999.000 -9999.000 -9999.000 -9999.000 -9999.000 -9999.000 -9999.000 -9999.000 -9999.000 -9999.000 -9999.000 -9999.000 -9999.000 -9999.000 -9999.000 -9999.000 -9999.000 -9999.000 -9999.000 -9999.000 -9999.000 -9999.000 -9999.000 -9999.000 -9999.000 -9999.000 -9999.000 -9999.000 -9999.000 -9999.000 -9999.000 -9999.000 -9999.000 -9999.000 -9999.000 -9999.000 -9999.000 -9999.000 -9999.000 -9999.000 -9999.000 -9999.000 -9999.000 -9999.000 -9999.000 -9999.000 -9999.000 -9999.000 -9999.000 -9999.000 -9999.000 -9999.000 -9999.000 -9999.000 -9999.000 -9999.000 -9999.000 -9999.000 -9999.000 -9999.000 -9999.000 -9999.000 -9999.000 -9999.000 -9999.000 -9999.000 -9999.000 -9999.000 -9999.000 -9999.000 -9999.000 -9999.000 -9999.000 -9999.000 -9999.000 -9999.000 -9999.000 -9999.000
-9999.000 -9999.000 -9999.000 -9999.000 -9999.000 -9999.000 -9999.000 -9999.000 -9999.000 -9999.000 -9999.000 -9999.000 -9999.000 -9999.000 -9999.000 -9999.000 -9999.000 -9999.000 -9999.000 -9999.000 -9999.000 -9999.000 -9999.000 -9999.000 -9999.000 -9999.000 -9999.000 -9999.000 -9999.000 -9999.000 -9999.000 -9999.000 -9999.000 -9999.000 -9999.000 -9999.000 -9999.000 -9999.000 -9999.000 -9999.000 -9999.000 -9999.000 -9999.000 -9999.000 -9999.000 -9999.000 -9999.000 -9999.000 -9999.000 -9999.000 -9999.000 -9999.000 -9999.000 -9999.000 -9999.000 -9999.000 -9999.000 -9999.000 -9999.000 -9999.000 -9999.000 -9999.000 -9999.000 -9999.000 -9999.000 -9999.000 -9999.000 -9999.000 -9999.000 -9999.000 -9999.000 -9999.000 -9999.000 -9999.000 -9999.000 -9999.000 -9999.000 -9999.000 -9999.000 -9999.000 -9999.000 -9999.000 -9999.000 -9999.000 -9999.000 -9999.000 -9999.000 -9999.000 -9999.000 -9999.000 -9999.000 -9999.000 -9999.000 -9999.000 -9999.000 -9999.000 -9999.000 -9999.000 -9999.000 -9999.000 -9999.000 -9999.000 -9999.000 -9999.000
-9999.000 -9999.000 8013.756 7913.964 7814.381 7715.012 7615.860 7516.934 7418.238 7319.780 7221.565 7123.601 7025.892 6928.445 6831.263 6734.353 6637.717 6541.361 6445.288 6349.502 6254.007 6158.807 6063.906 5969.309 5875.018 5781.039 5687.374 5594.027 5501.001 5408.297 5315.918 5223.866 5132.142 5040.746 4949.680 4858.944 4768.542 4678.473 4588.741 4499.345 4410.285 4321.560 4233.168 4145.109 4057.379 3969.980 3882.910 3796.170 3709.755 3623.662 3537.886 3452.419 3367.260 3282.408 3197.858 3113.606 3029.642 2945.956 2862.539 2779.388 2696.502 2613.873 2531.487 2449.328 2367.383 2285.650 2204.129 2122.805 2041.654 1960.651 1879.783 1799.066 1718.486 1638.012 1557.605 1477.236 1396.922 1316.666 1236.426 1156.145 1075.773 995.314 914.812 834.206 753.419 672.372 590.996 509.427 427.593 345.380 262.682 179.396 95.398 10.871 -73.917 -158.327 -241.131 -320.630 -394.927 -462.431 -522.973 -581.599 -9999.000 -9999.000
-9999.000 -9999.000 8013.756 7913.964 7814.381 7715.012 7615.860 7516.934 7418.238 7319.780 7221.565 7123.601 7025.892 6928.445 6831.263 6734.353 6637.717 6541.361 6445.288 6349.502 6254.007 6158.807 6063.906 5969.309 5875.018 5781.039 5687.374 5594.027 5501.001 5408.297 5315.918 5223.866 5132.142 5040.746 4949.680 4858.944 4768.542 4678.473 4588.741 4499.345 4410.285 4321.560 4233.168 4145.109 4057.379 3969.980 3882.910 3796.170 3709.755 3623.662 3537.886 3452.419 3367.260 3282.408 3197.858 3113.606 3029.642 2945.956 2862.539 2779.388 2696.502 2613.873 2531.487 2449.328 2367.383 2285.650 2204.129 2122.805 2041.654 1960.651 1879.783 1799.066 1718.486 1638.012 1557.605 1477.236 1396.922 1316.666 1236.426 1156.145 1075.773 995.314 914.812 834.206 753.419 672.372 590.996 509.427 427.593 345.380 262.682 179.396 95.398 10.871 -73.917 -158.327 -241.131 -320.630 -394.927 -462.431 -522.973 -581.599 -9999.000 -9999.000
-9999.000 -9999.000 8013.756 7913.964 7814.381 7715.012 7615.860 7516.934 7418.238 7319.780 7221.565 7123.601 7025.892 6928.445 6831.263 6734.353 6637.717 6541.361 6445.288 6349.502 6254.007 6158.807 6063.906 5969.309 5875.018 5781.039 5687.374 5594.027 5501.001 5408.297 5315.918 5223.866 5132.142 5040.746 4949.680 4858.944 4768.542 4678.473 4588.741 4499.345 4410.285 4321.560 4233.168 4145.109 4057.379 3969.980 3882.910 3796.170 3709.755 3623.662 3537.886 3452.419 3367.260 3282.408 3197.858 3113.606 3029.642 2945.956 2862.539 2779.388 2696.502 2613.873 2531.487 2449.328 2367.383 2285.650 2204.129 2122.805 2041.654 1960.651 1879.783 1799.066 1718.486 1638.012 1557.605 1477.236 1396.922 1316.666 1236.426 1156.145 1075.773 995.314 914.812 834.206 753.419 672.372 590.996 509.427 427.593 345.380 262.682 179.396 95.398 10.871 -73.917 -158.327 -241.131 -320.630 -394.927 -462.431 -522.973 -581.599 -9999.000 -9999.000
-9999.000 -9999.000 8013.756 7913.964 7814.381 7715.012 7615.860 7516.934 7418.238 7319.780 7221.565 7123.601 7025.892 6928.445 6831.263 6734.353 6637.717 6541.361 6445.288 6349.502 6254.007 6158.807 6063.906 5969.309 5875.018 5781.039 5687.374 5594.027 5501.001 5408.297 5315.918 5223.866 5132.142 5040.746 4949.680 4858.944 4768.542 4678.473 4588.741 4499.345 4410.285 4321.560 4233.168 4145.109 4057.379 3969.980 3882.910 3796.170 3709.755 3623.662 3537.886 3452.419 3367.260 3282.408 3197.858 3113.606 3029.642 2945.956 2862.539 2779.388 2696.502 2613.873 2531.487 2449.328 2367.383 2285.650 2204.129 2122.805 2041.654 1960.651 1879.783 1799.066 1718.486 1638.012 1557.605 1477.236 1396.922 1316.666 1236.426 1156.145 1075.773 995.314 914.812 834.206 753.419 672.372 590.996 509.427 427.593 345.380 262.682 179.396 95.398 10.871 -73.917 -158.327 -241.131 -320.630 -394.927 -462.431 -522.973 -581.599 -9999.000 -9999.000
-9999.000 -9999.000 8013.756 7913.964 7814.381 7715.012 7615.860 7516.934 7418.238 7319.780 7221.565 7123.601 7025.892 6928.445 6831.263 6734.353 6637.717 6541.361 6445.288 6349.502 6254.007 6158.807 6063.906 5969.309 5875.018 5781.039 5687.374 5594.027 5501.001 5408.297 5315.918 5223.866 5132.142 5040.746 4949.680 4858.944 4768.542 4678.473 4588.741 4499.345 4410.285 4321.560 4233.168 4145.109 4057.379 3969.980 3882.910 3796.170 3709.755 3623.662 3537.886 3452.419 3367.260 3282.408 3197.858 3113.606 3029.642 2945.956 2862.539 2779.388 2696.502 2613.873 2531.487 2449.328 2367.383 2285.650 2204.129 2122.805 2041.654 1960.651 1879.783 1799.066 1718.486 1638.012 1557.605 1477.236 1396.922 1316.666 1236.426 1156.145 1075.773 995.314 914.812 834.206 753.419 672.372 590.996 509.427 427.593 345.380 262.682 179.396 95.398 10.871 -73.917 -158.327 -241.131 -320.630 -394.927 -462.431 -522.973 -581.599 -9999.000 -9999.000
-9999.000 -9999.000 8013.756 7913.964 7814.381 7715.012 7615.860 7516.934 7418.238 7319.780 7221.565 7123.601 7025.892 6928.445 6831.263 6734.353 6637.717 6541.361 6445.288 6349.502 6254.007 6158.807 6063.906 5969.309 5875.018 5781.039 5687.374 5594.027 5501.001 5408.297 5315.918 5223.866 5132.142 5040.746 4949.680 4858.944 4768.542 4678.473 4588.741 4499.345 4410.285 4321.560 4233.168 4145.109 4057.379 3969.980 3882.910 3796.170 3709.755 3623.662 3537.886 3452.419 3367.260 3282.408 3197.858 3113.606 3029.642 2945.956 2862.539 2779.388 2696.502 2613.873 2531.487 2449.328 2367.383 2285.650 2204.129 2122.805 2041.654 1960.651 1879.783 1799.066 1718.486 1638.012 1557.605 1477.236 1396.922 1316.666 1236.426 1156.145 1075.773 995.314 914.812 834.206 753.419 672.372 590.996 509.427 427.593 345.380 262.682 179.396 95.398 10.871 -73.917 -158.327 -241.131 -320.630 -394.927 -462.431 -522.973 -581.599 -9999.000 -9999.000
-9999.000 -9999.000 -9999.000 -9999.000 -9999.000 -9999.000 -9999.000 -9999.000 -9999.000 -9999.000 -9999.000 -9999.000 -9999.000 -9999.000 -9999.000 -9999.000 -9999.000 -9999.000 -9999.000 -9999.000 -9999.000 -9999.000 -9999.000 -9999.000 -9999.000 -9999.000 -9999.000 -9999.000 -9999.000 -9999.000 -9999.000 -9999.000 -9999.000 -9999.000 -9999.000 -9999.000 -9999.000 -9999.000 -9999.000 -9999.000 -9999.000 -9999.000 -9999.000 -9999.000 -9999.000 -9999.000 -9999.000 -9999.000 -9999.000 -9999.000 -9999.000 -9999.000 -9999.000 -9999.000 -9999.000 -9999.000 -9999.000 -9999.000 -9999.000 -9999.000 -9999.000 -9999.000 -9999.000 -9999.000 -9999.000 -9999.000 -9999.000 -9999.000 -9999.000 -9999.000 -9999.000 -9999.000 -9999.000 -9999.000 -9999.000 -9999.000 -9999.000 -9999.000 -9999.000 -9999.000 -9999.000 -9999.000 -9999.000 -9999.000 -9999.000 -9999.000 -9999.000 -9999.000 -9999.000 -9999.000 -9999.000 -9999.000 -9999.000 -9999.000 -9999.000 -9999.000 -9999.000 -9999.000 -9999.000 -9999.000 -9999.000 -9999.000 -9999.000 -9999.000
-9999.000 -9999.000 -9999.000 -9999.000 -9999.000 -9999.000 -9999.000 -9999.000 -9999.000 -9999.000 -9999.000 -9999.000 -9999.000 -9999.000 -9999.000 -9999.000 -9999.000 -9999.000 -9999.000 -9999.000 -9999.000 -9999.000 -9999.000 -9999.000 -9999.000 -9999.000 -9999.000 -9999.000 -9999.000 -9999.000 -9999.000 -9999.000 -9999.000 -9999.000 -9999.000 -9999.000 -9999.000 -9999.000 -9999.000 -9999.000 -9999.000 -9999.000 -9999.000 -9999.000 -9999.000 -9999.000 -9999.000 -9999.000 -9999.000 -9999.000 -9999.000 -9999.000 -9999.000 -9999.000 -9999.000 -9999.000 -9999.000 -9999.000 -9999.000 -9999.000 -9999.000 -9999.000 -9999.000 -9999.000 -9999.000 -9999.000 -9999.000 -9999.000 -9999.000 -9999.000 -9999.000 -9999.000 -9999.000 -9999.000 -9999.000 -9999.000 -9999.000 -9999.000 -9999.000 -9999.000 -9999.000 -9999.000 -9999.000 -9999.000 -9999.000 -9999.000 -9999.000 -9999.000 -9999.000 -9999.000 -9999.000 -9999.000 -9999.000 -9999.000 -9999.000 -9999.000 -9999.000 -9999.000 -9999.000 -9999.000 -9999.000 -9999.000 -9999.000 -9999.000