examples/3D/hillslope01/output-maps-METEOIO-ON/psiliqL0050N0003.asc
ncols         104
nrows         10
xllcorner     -2.000000
yllcorner     0.000000
cellsize      1.000000
NODATA_value  -9999.0
-9999.000 -9999.000 -9999.000 -9999.000 -9999.000 -9999.000 -9999.000 -9999.000 -9999.000 -9999.000 -9999.000 -9999.000 -9999.000 -9999.000 -9999.000 -9999.000 -9999.000 -9999.000 -9999.000 -9999.000 -9999.000 -9999.000 -9999.000 -9999.000 -9999.000 -9999.000 -9999.000 -9999.000 -9999.000 -9999.000 -9999.000 -9999.000 -9999.000 -9999.000 -9999.000 -9999.000 -9999.000 -9999.000 -9999.000 -9999.000 -9999.000 -9999.000 -9999.000 -9999.000 -9999.000 -9999.000 -9999.000 -9999.000 -9999.000 -9999.000 -9999.000 -9999.000 -9999.000 -9999.000 -9999.000 -9999.000 -9999.000 -9999.000 -9999.000 -9999.000 -9999.000 -9999.000 -9999.000 -9999.000 -9999.000 -9999.000 -9999.000 -9999.000 -9999.000 -9999.000 -9999.000 -9999.000 -9999.000 -9999.000 -9999.000 -9999.000 -9999.000 -9999.000 -9999.000 -9999.000 -9999.000 -9999.000 -9999.000 -9999.000 -9999.000 -9999.000 -9999.000 -9999.000 -9999.000 -9999.000 -9999.000 -9999.000 -9999.000 -9999.000 -9999.000 -9999.000 -9999.000 -9999.000 -9999.000 -9999.000 -9999.000 -9999.000 -9999.000 -9999.000
-9999.000 -9999.000 -9999.000 -9999.000 -9999.000 -9999.000 -9999.000 -9999.000 -9999.000 -9999.000 -9999.000 -9999.000 -9999.000 -9999.000 -9999.000 -9999.000 -9999.000 -9999.000 -9999.000 -9999.000 -9999.000 -9999.000 -9999.000 -9999.000 -9999.000 -9999.000 -9999.000 -9999.000 -9999.000 -9999.000 -9999.000 -9999.000 -9999.000 -9999.000 -9999.000 -9999.000 -9999.000 -9999.000 -9999.000 -9999.000 -9999.000 -9999.000 -9999.000 -9999.000 -9999.000 -9999.000 -9999.000 -9999.000 -9999.000 -9999.000 -9999.000 -9999.000 -9999.000 -9999.000 -9999.000 -9999.000 -9999.000 -9999.000 -9999.000 -9999.000 -9999.000 -9999.000 -9999.000 -9999.000 -9999.000 -9999.000 -9999.000 -9999.000 -9999.000 -9999.000 -9999.000 -9999.000 -9999.000 -9999.000 -9999.000 -9999.000 -9999.000 -9999.000 -9999.000 -9999.000 -9999.000 -9999.000 -9999.000 -9999.000 -9999.000 -9999.000 -9999.000 -9999.000 -9999.000 -9999.000 -9999.000 -9999.000 -9999.000 -9999.000 -9999.000 -9999.000 -9999.000 -9999.000 -9999.000 -9999.000 -9999.000 -9999.000 -9999.000 -9999.000
-9999.000 -9999.000 4348.004 4248.185 4148.551 4049.114 3949.886 3850.878 3752.103 3653.567 3555.279 3457.246 3359.475 3261.970 3164.737 3067.778 2971.096 2874.695 2778.576 2682.744 2587.201 2491.953 2397.004 2302.360 2208.024 2114.002 2020.298 1926.916 1833.861 1741.135 1648.740 1556.677 1464.946 1373.543 1282.462 1191.700 1101.270 1011.181 921.438 832.044 742.999 654.301 565.944 477.912 390.177 302.743 215.676 128.969 42.617 -43.345 -128.964 -214.339 -299.538 -384.199 -467.178 -546.910 -622.063 -691.226 -753.247 -807.332 -853.457 -892.148 -924.191 -950.486 -971.964 -989.515 -1003.903 -1015.757 -1025.593 -1033.827 -1040.786 -1046.726 -1051.851 -1056.318 -1060.251 -1063.746 -1066.881 -1069.715 -1072.296 -1074.662 -1076.842 -1078.862 -1080.739 -1082.490 -1084.126 -1085.657 -1087.092 -1088.436 -1089.694 -1090.870 -1091.968 -1092.990 -1093.936 -1094.810 -1095.612 -1096.343 -1097.006 -1097.615 -1098.256 -1099.439 -1103.845 -1123.891 -9999.000 -9999.000
-9999.000 -9999.000 4348.004 4248.185 4148.551 4049.114 3949.886 3850.878 3752.103 3653.567 3555.279 3457.246 3359.475 3261.970 3164.737 3067.778 2971.096 2874.695 2778.576 2682.744 2587.201 2491.953 2397.004 2302.360 2208.024 2114.002 2020.298 1926.916 1833.861 1741.135 1648.740 1556.677 1464.946 1373.543 1282.462 1191.700 1101.270 1011.181 921.438 832.044 742.999 654.301 565.944 477.912 390.177 302.743 215.676 128.969 42.617 -43.345 -128.964 -214.339 -299.538 -384.199 -467.178 -546.910 -622.063 -691.226 -753.247 -807.332 -853.457 -892.148 -924.191 -950.486 -971.964 -989.515 -1003.903 -1015.757 -1025.593 -1033.827 -1040.786 -1046.726 -1051.851 -1056.318 -1060.251 -1063.746 -1066.881 -1069.715 -1072.296 -1074.662 -1076.842 -1078.862 -1080.739 -1082.490 -1084.126 -1085.657 -1087.092 -1088.436 -1089.694 -1090.870 -1091.968 -1092.990 -1093.936 -1094.810 -1095.612 -1096.343 -1097.006 -1097.615 -1098.256 -1099.439 -1103.845 -1123.891 -9999.000 -9999.000
-9999.000 -9999.000 4348.004 4248.185 4148.551 4049.114 3949.886 3850.878 3752.103 3653.567 3555.279 3457.246 3359.475 3261.970 3164.737 3067.778 2971.096 2874.695 2778.576 2682.744 2587.201 2491.953 2397.004 2302.360 2208.024 2114.002 2020.298 1926.916 1833.861 1741.135 1648.740 1556.677 1464.946 1373.543 1282.462 1191.700 1101.270 1011.181 921.438 832.044 742.999 654.301 565.944 477.912 390.177 302.743 215.676 128.969 42.617 -43.345 -128.964 -214.339 -299.538 -384.199 -467.178 -546.910 -622.063 -691.226 -753.247 -807.332 -853.457 -892.148 -924.191 -950.486 -971.964 -989.515 -1003.903 -1015.757 -1025.593 -1033.827 -1040.786 -1046.726 -1051.851 -1056.318 -1060.251 -1063.746 -1066.881 -1069.715 -1072.296 -1074.662 -1076.842 -1078.862 -1080.739 -1082.490 -1084.126 -1085.657 -1087.092 -1088.436 -1089.694 -1090.870 -1091.968 -1092.990 -1093.936 -1094.810 -1095.612 -1096.343 -1097.006 -1097.615 -1098.256 -1099.439 -1103.845 -1123.891 -9999.000 -9999.000
-9999.000 -9999.000 4348.004 4248.185 4148.551 4049.114 3949.886 3850.878 3752.103 3653.567 3555.279 3457.246 3359.475 3261.970 3164.737 3067.778 2971.096 2874.695 2778.576 2682.744 2587.201 2491.953 2397.004 2302.360 2208.024 2114.002 2020.298 1926.916 1833.861 1741.135 1648.740 1556.677 1464.946 1373.543 1282.462 1191.700 1101.270 1011.181 921.438 832.044 742.999 654.301 565.944 477.912 390.177 302.743 215.676 128.969 42.617 -43.345 -128.964 -214.339 -299.538 -384.199 -467.178 -546.910 -622.063 -691.226 -753.247 -807.332 -853.457 -892.148 -924.191 -950.486 -971.964 -989.515 -1003.903 -1015.757 -1025.593 -1033.827 -1040.786 -1046.726 -1051.851 -1056.318 -1060.251 -1063.746 -1066.881 -1069.715 -1072.296 -1074.662 -1076.842 -1078.862 -1080.739 -1082.490 -1084.126 -1085.657 -1087.092 -1088.436 -1089.694 -1090.870 -1091.968 -1092.990 -1093.936 -1094.810 -1095.612 -1096.343 -1097.006 -1097.615 -1098.256 -1099.439 -1103.845 -1123.891 -9999.000 -9999.000
-9999.000 -9999.000 4348.004 4248.185 4148.551 4049.114 3949.886 3850.878 3752.103 3653.567 3555.279 3457.246 3359.475 3261.970 3164.737 3067.778 2971.096 2874.695 2778.576 2682.744 2587.201 2491.953 2397.004 2302.360 2208.024 2114.002 2020.298 1926.916 1833.861 1741.135 1648.740 1556.677 1464.946 1373.543 1282.462 1191.700 1101.270 1011.181 921.438 832.044 742.999 654.301 565.944 477.912 390.177 302.743 215.676 128.969 42.617 -43.345 -128.964 -214.339 -299.538 -384.199 -467.178 -546.910 -622.063 -691.226 -753.247 -807.332 -853.457 -892.148 -924.191 -950.486 -971.964 -989.515 -1003.903 -1015.757 -1025.593 -1033.827 -1040.786 -1046.726 -1051.851 -1056.318 -1060.251 -1063.746 -1066.881 -1069.715 -1072.296 -1074.662 -1076.842 -1078.862 -1080.739 -1082.490 -1084.126 -1085.657 -1087.092 -1088.436 -1089.694 -1090.870 -1091.968 -1092.990 -1093.936 -1094.810 -1095.612 -1096.343 -1097.006 -1097.615 -1098.256 -1099.439 -1103.845 -1123.891 -9999.000 -9999.000
-9999.000 -9999.000 4348.004 4248.185 4148.551 4049.114 3949.886 3850.878 3752.103 3653.567 3555.279 3457.246 3359.475 3261.970 3164.737 3067.778 2971.096 2874.695 2778.576 2682.744 2587.201 2491.953 2397.004 2302.360 2208.024 2114.002 2020.298 1926.916 1833.861 1741.135 1648.740 1556.677 1464.946 1373.543 1282.462 1191.700 1101.270 1011.181 921.438 832.044 742.999 654.301 565.944 477.912 390.177 302.743 215.676 128.969 42.617 -43.345 -128.964 -214.339 -299.538 -384.199 -467.178 -546.910 -622.063 -691.226 -753.247 -807.332 -853.457 -892.148 -924.191 -950.486 -971.964 -989.515 -1003.903 -1015.757 -1025.593 -1033.827 -1040.786 -1046.726 -1051.851 -1056.318 -1060.251 -1063.746 -1066.881 -1069.715 -1072.296 -1074.662 -1076.842 -1078.862 -1080.739 -1082.490 -1084.126 -1085.657 -1087.092 -1088.436 -1089.694 -1090.870 -1091.968 -1092.990 -1093.936 -1094.810 -1095.612 -1096.343 -1097.006 -1097.615 -1098.256 -1099.439 -1103.845 -1123.891 -9999.000 -9999.000
-9999.000 -9999.000 -9999.000 -9999.000 -9999.000 -9999.000 -9999.000 -9999.000 -9999.000 -9999.000 -9999.000 -9999.000 -9999.000 -9999.000 -9999.000 -9999.000 -9999.000 -9999.000 -9999.000 -9999.000 -9999.000 -9999.000 -9999.000 -9999.000 -9999.000 -9999.000 -9999.000 -9999.000 -9999.000 -9999.000 -9999.000 -9999.000 -9999.000 -9999.000 -9999.000 -9999.000 -9999.000 -9999.000 -9999.000 -9999.000 -9999.000 -9999.000 -9999.000 -9999.000 -9999.000 -9999.000 -9999.000 -9999.000 -9999.000 -9999.000 -9999.000 -9999.000 -9999.000 -9999.000 -9999.000 -9999.000 -9999.000 -9999.000 -9999.000 -9999.000 -9999.000 -9999.000 -9999.000 -9999.000 -9999.000 -9999.000 -9999.000 -9999.000 -9999.000 -9999.000 -9999.000 -9999.000 -9999.000 -9999.000 -9999.000 -9999.000 -9999.000 -9999.000 -9999.000 -9999.000 -9999.000 -9999.000 -9999.000 -9999.000 -9999.000 -9999.000 -9999.000 -9999.000 -9999.000 -9999.000 -9999.000 -9999.000 -9999.000 -9999.000 -9999.000 -9999.000 -9999.000 -9999.000 -9999.000 -9999.000 -9999.000 -9999.000 -9999.000 -9999.000
-9999.000 -9999.000 -9999.000 -9999.000 -9999.000 -9999.000 -9999.000 -9999.000 -9999.000 -9999.000 -9999.000 -9999.000 -9999.000 -9999.000 -9999.000 -9999.000 -9999.000 -9999.000 -9999.000 -9999.000 -9999.000 -9999.000 -9999.000 -9999.000 -9999.000 -9999.000 -9999.000 -9999.000 -9999.000 -9999.000 -9999.000 -9999.000 -9999.000 -9999.000 -9999.000 -9999.000 -9999.000 -9999.000 -9999.000 -9999.000 -9999.000 -9999.000 -9999.000 -9999.000 -9999.000 -9999.000 -9999.000 -9999.000 -9999.000 -9999.000 -9999.000 -9999.000 -9999.000 -9999.000 -9999.000 -9999.000 -9999.000 -9999.000 -9999.000 -9999.000 -9999.000 -9999.000 -9999.000 -9999.000 -9999.000 -9999.000 -9999.000 -9999.000 -9999.000 -9999.000 -9999.000 -9999.000 -9999.000 -9999.000 -9999.000 -9999.000 -9999.000 -9999.000 -9999.000 -9999.000 -9999.000 -9999.000 -9999.000 -9999.000 -9999.000 -9999.000 -9999.000 -9999.000 -9999.000 -9999.000 -9999.000 -9999.000 -9999.000 -9999.000 -9999.000 -9999.000 -9999.000 -9999.000 -9999.000 -9999.000 -9999.000 -9999.000 -9999.000 -9999.000