examples/3D/hillslope01/output-maps-METEOIO-ON/psiliqL0021N0002.asc
ncols         104
nrows         10
xllcorner     -2.000000
yllcorner     0.000000
cellsize      1.000000
NODATA_value  -9999.0
-9999.000 -9999.000 -9999.000 -9999.000 -9999.000 -9999.000 -9999.000 -9999.000 -9999.000 -9999.000 -9999.000 -9999.000 -9999.000 -9999.000 -9999.000 -9999.000 -9999.000 -9999.000 -9999.000 -9999.000 -9999.000 -9999.000 -9999.000 -9999.000 -9999.000 -9999.000 -9999.000 -9999.000 -9999.000 -9999.000 -9999.000 -9999.000 -9999.000 -9999.000 -9999.000 -9999.000 -9999.000 -9999.000 -9999.000 -9999.000 -9999.000 -9999.000 -9999.000 -9999.000 -9999.000 -9999.000 -9999.000 -9999.000 -9999.000 -9999.000 -9999.000 -9999.000 -9999.000 -9999.000 -9999.000 -9999.000 -9999.000 -9999.000 -9999.000 -9999.000 -9999.000 -9999.000 -9999.000 -9999.000 -9999.000 -9999.000 -9999.000 -9999.000 -9999.000 -9999.000 -9999.000 -9999.000 -9999.000 -9999.000 -9999.000 -9999.000 -9999.000 -9999.000 -9999.000 -9999.000 -9999.000 -9999.000 -9999.000 -9999.000 -9999.000 -9999.000 -9999.000 -9999.000 -9999.000 -9999.000 -9999.000 -9999.000 -9999.000 -9999.000 -9999.000 -9999.000 -9999.000 -9999.000 -9999.000 -9999.000 -9999.000 -9999.000 -9999.000 -9999.000
-9999.000 -9999.000 -9999.000 -9999.000 -9999.000 -9999.000 -9999.000 -9999.000 -9999.000 -9999.000 -9999.000 -9999.000 -9999.000 -9999.000 -9999.000 -9999.000 -9999.000 -9999.000 -9999.000 -9999.000 -9999.000 -9999.000 -9999.000 -9999.000 -9999.000 -9999.000 -9999.000 -9999.000 -9999.000 -9999.000 -9999.000 -9999.000 -9999.000 -9999.000 -9999.000 -9999.000 -9999.000 -9999.000 -9999.000 -9999.000 -9999.000 -9999.000 -9999.000 -9999.000 -9999.000 -9999.000 -9999.000 -9999.000 -9999.000 -9999.000 -9999.000 -9999.000 -9999.000 -9999.000 -9999.000 -9999.000 -9999.000 -9999.000 -9999.000 -9999.000 -9999.000 -9999.000 -9999.000 -9999.000 -9999.000 -9999.000 -9999.000 -9999.000 -9999.000 -9999.000 -9999.000 -9999.000 -9999.000 -9999.000 -9999.000 -9999.000 -9999.000 -9999.000 -9999.000 -9999.000 -9999.000 -9999.000 -9999.000 -9999.000 -9999.000 -9999.000 -9999.000 -9999.000 -9999.000 -9999.000 -9999.000 -9999.000 -9999.000 -9999.000 -9999.000 -9999.000 -9999.000 -9999.000 -9999.000 -9999.000 -9999.000 -9999.000 -9999.000 -9999.000
-9999.000 -9999.000 1076.029 976.438 877.257 778.518 680.265 582.528 485.317 388.640 292.501 196.901 101.826 7.277 -86.689 -180.662 -275.932 -374.947 -481.524 -601.341 -742.842 -918.874 -1148.964 -1460.283 -1876.777 -2364.105 -2732.076 -2874.050 -2909.649 -2917.901 -2919.949 -2920.513 -2920.687 -2920.748 -2920.771 -2920.781 -2920.786 -2920.788 -2920.789 -2920.790 -2920.791 -2920.791 -2920.791 -2920.792 -2920.792 -2920.792 -2920.792 -2920.792 -2920.792 -2920.792 -2920.792 -2920.792 -2920.792 -2920.792 -2920.792 -2920.792 -2920.792 -2920.792 -2920.792 -2920.792 -2920.792 -2920.792 -2920.792 -2920.792 -2920.792 -2920.792 -2920.792 -2920.792 -2920.792 -2920.792 -2920.792 -2920.792 -2920.792 -2920.792 -2920.792 -2920.792 -2920.792 -2920.792 -2920.792 -2920.792 -2920.792 -2920.792 -2920.792 -2920.792 -2920.792 -2920.792 -2920.792 -2920.792 -2920.792 -2920.792 -2920.792 -2920.792 -2920.792 -2920.792 -2920.792 -2920.792 -2920.792 -2920.792 -2920.792 -2920.793 -2920.873 -2924.533 -9999.000 -9999.000
-9999.000 -9999.000 1076.029 976.438 877.257 778.518 680.265 582.528 485.317 388.640 292.501 196.901 101.826 7.277 -86.689 -180.662 -275.932 -374.947 -481.524 -601.341 -742.842 -918.874 -1148.964 -1460.283 -1876.777 -2364.105 -2732.076 -2874.050 -2909.649 -2917.901 -2919.949 -2920.513 -2920.687 -2920.748 -2920.771 -2920.781 -2920.786 -2920.788 -2920.789 -2920.790 -2920.791 -2920.791 -2920.791 -2920.792 -2920.792 -2920.792 -2920.792 -2920.792 -2920.792 -2920.792 -2920.792 -2920.792 -2920.792 -2920.792 -2920.792 -2920.792 -2920.792 -2920.792 -2920.792 -2920.792 -2920.792 -2920.792 -2920.792 -2920.792 -2920.792 -2920.792 -2920.792 -2920.792 -2920.792 -2920.792 -2920.792 -2920.792 -2920.792 -2920.792 -2920.792 -2920.792 -2920.792 -2920.792 -2920.792 -2920.792 -2920.792 -2920.792 -2920.792 -2920.792 -2920.792 -2920.792 -2920.792 -2920.792 -2920.792 -2920.792 -2920.792 -2920.792 -2920.792 -2920.792 -2920.792 -2920.792 -2920.792 -2920.792 -2920.792 -2920.793 -2920.873 -2924.533 -9999.000 -9999.000
-9999.000 -9999.000 1076.029 976.438 877.257 778.518 680.265 582.528 485.317 388.640 292.501 196.901 101.826 7.277 -86.689 -180.662 -275.932 -374.947 -481.524 -601.341 -742.842 -918.874 -1148.964 -1460.283 -1876.777 -2364.105 -2732.076 -2874.050 -2909.649 -2917.901 -2919.949 -2920.513 -2920.687 -2920.748 -2920.771 -2920.781 -2920.786 -2920.788 -2920.789 -2920.790 -2920.791 -2920.791 -2920.791 -2920.792 -2920.792 -2920.792 -2920.792 -2920.792 -2920.792 -2920.792 -2920.792 -2920.792 -2920.792 -2920.792 -2920.792 -2920.792 -2920.792 -2920.792 -2920.792 -2920.792 -2920.792 -2920.792 -2920.792 -2920.792 -2920.792 -2920.792 -2920.792 -2920.792 -2920.792 -2920.792 -2920.792 -2920.792 -2920.792 -2920.792 -2920.792 -2920.792 -2920.792 -2920.792 -2920.792 -2920.792 -2920.792 -2920.792 -2920.792 -2920.792 -2920.792 -2920.792 -2920.792 -2920.792 -2920.792 -2920.792 -2920.792 -2920.792 -2920.792 -2920.792 -2920.792 -2920.792 -2920.792 -2920.792 -2920.792 -2920.793 -2920.873 -2924.533 -9999.000 -9999.000
-9999.000 -9999.000 1076.029 976.438 877.257 778.518 680.265 582.528 485.317 388.640 292.501 196.901 101.826 7.277 -86.689 -180.662 -275.932 -374.947 -481.524 -601.341 -742.842 -918.874 -1148.964 -1460.283 -1876.777 -2364.105 -2732.076 -2874.050 -2909.649 -2917.901 -2919.949 -2920.513 -2920.687 -2920.748 -2920.771 -2920.781 -2920.786 -2920.788 -2920.789 -2920.790 -2920.791 -2920.791 -2920.791 -2920.792 -2920.792 -2920.792 -2920.792 -2920.792 -2920.792 -2920.792 -2920.792 -2920.792 -2920.792 -2920.792 -2920.792 -2920.792 -2920.792 -2920.792 -2920.792 -2920.792 -2920.792 -2920.792 -2920.792 -2920.792 -2920.792 -2920.792 -2920.792 -2920.792 -2920.792 -2920.792 -2920.792 -2920.792 -2920.792 -2920.792 -2920.792 -2920.792 -2920.792 -2920.792 -2920.792 -2920.792 -2920.792 -2920.792 -2920.792 -2920.792 -2920.792 -2920.792 -2920.792 -2920.792 -2920.792 -2920.792 -2920.792 -2920.792 -2920.792 -2920.792 -2920.792 -2920.792 -2920.792 -2920.792 -2920.792 -2920.793 -2920.873 -2924.533 -9999.000 -9999.000
-9999.000 -9999.000 1076.029 976.438 877.257 778.518 680.265 582.528 485.317 388.640 292.501 196.901 101.826 7.277 -86.689 -180.662 -275.932 -374.947 -481.524 -601.341 -742.842 -918.874 -1148.964 -1460.283 -1876.777 -2364.105 -2732.076 -2874.050 -2909.649 -2917.901 -2919.949 -2920.513 -2920.687 -2920.748 -2920.771 -2920.781 -2920.786 -2920.788 -2920.789 -2920.790 -2920.791 -2920.791 -2920.791 -2920.792 -2920.792 -2920.792 -2920.792 -2920.792 -2920.792 -2920.792 -2920.792 -2920.792 -2920.792 -2920.792 -2920.792 -2920.792 -2920.792 -2920.792 -2920.792 -2920.792 -2920.792 -2920.792 -2920.792 -2920.792 -2920.792 -2920.792 -2920.792 -2920.792 -2920.792 -2920.792 -2920.792 -2920.792 -2920.792 -2920.792 -2920.792 -2920.792 -2920.792 -2920.792 -2920.792 -2920.792 -2920.792 -2920.792 -2920.792 -2920.792 -2920.792 -2920.792 -2920.792 -2920.792 -2920.792 -2920.792 -2920.792 -2920.792 -2920.792 -2920.792 -2920.792 -2920.792 -2920.792 -2920.792 -2920.792 -2920.793 -2920.873 -2924.533 -9999.000 -9999.000
-9999.000 -9999.000 1076.029 976.438 877.257 778.518 680.265 582.528 485.317 388.640 292.501 196.901 101.826 7.277 -86.689 -180.662 -275.932 -374.947 -481.524 -601.341 -742.842 -918.874 -1148.964 -1460.283 -1876.777 -2364.105 -2732.076 -2874.050 -2909.649 -2917.901 -2919.949 -2920.513 -2920.687 -2920.748 -2920.771 -2920.781 -2920.786 -2920.788 -2920.789 -2920.790 -2920.791 -2920.791 -2920.791 -2920.792 -2920.792 -2920.792 -2920.792 -2920.792 -2920.792 -2920.792 -2920.792 -2920.792 -2920.792 -2920.792 -2920.792 -2920.792 -2920.792 -2920.792 -2920.792 -2920.792 -2920.792 -2920.792 -2920.792 -2920.792 -2920.792 -2920.792 -2920.792 -2920.792 -2920.792 -2920.792 -2920.792 -2920.792 -2920.792 -2920.792 -2920.792 -2920.792 -2920.792 -2920.792 -2920.792 -2920.792 -2920.792 -2920.792 -2920.792 -2920.792 -2920.792 -2920.792 -2920.792 -2920.792 -2920.792 -2920.792 -2920.792 -2920.792 -2920.792 -2920.792 -2920.792 -2920.792 -2920.792 -2920.792 -2920.792 -2920.793 -2920.873 -2924.533 -9999.000 -9999.000
-9999.000 -9999.000 -9999.000 -9999.000 -9999.000 -9999.000 -9999.000 -9999.000 -9999.000 -9999.000 -9999.000 -9999.000 -9999.000 -9999.000 -9999.000 -9999.000 -9999.000 -9999.000 -9999.000 -9999.000 -9999.000 -9999.000 -9999.000 -9999.000 -9999.000 -9999.000 -9999.000 -9999.000 -9999.000 -9999.000 -9999.000 -9999.000 -9999.000 -9999.000 -9999.000 -9999.000 -9999.000 -9999.000 -9999.000 -9999.000 -9999.000 -9999.000 -9999.000 -9999.000 -9999.000 -9999.000 -9999.000 -9999.000 -9999.000 -9999.000 -9999.000 -9999.000 -9999.000 -9999.000 -9999.000 -9999.000 -9999.000 -9999.000 -9999.000 -9999.000 -9999.000 -9999.000 -9999.000 -9999.000 -9999.000 -9999.000 -9999.000 -9999.000 -9999.000 -9999.000 -9999.000 -9999.000 -9999.000 -9999.000 -9999.000 -9999.000 -9999.000 -9999.000 -9999.000 -9999.000 -9999.000 -9999.000 -9999.000 -9999.000 -9999.000 -9999.000 -9999.000 -9999.000 -9999.000 -9999.000 -9999.000 -9999.000 -9999.000 -9999.000 -9999.000 -9999.000 -9999.000 -9999.000 -9999.000 -9999.000 -9999.000 -9999.000 -9999.000 -9999.000
-9999.000 -9999.000 -9999.000 -9999.000 -9999.000 -9999.000 -9999.000 -9999.000 -9999.000 -9999.000 -9999.000 -9999.000 -9999.000 -9999.000 -9999.000 -9999.000 -9999.000 -9999.000 -9999.000 -9999.000 -9999.000 -9999.000 -9999.000 -9999.000 -9999.000 -9999.000 -9999.000 -9999.000 -9999.000 -9999.000 -9999.000 -9999.000 -9999.000 -9999.000 -9999.000 -9999.000 -9999.000 -9999.000 -9999.000 -9999.000 -9999.000 -9999.000 -9999.000 -9999.000 -9999.000 -9999.000 -9999.000 -9999.000 -9999.000 -9999.000 -9999.000 -9999.000 -9999.000 -9999.000 -9999.000 -9999.000 -9999.000 -9999.000 -9999.000 -9999.000 -9999.000 -9999.000 -9999.000 -9999.000 -9999.000 -9999.000 -9999.000 -9999.000 -9999.000 -9999.000 -9999.000 -9999.000 -9999.000 -9999.000 -9999.000 -9999.000 -9999.000 -9999.000 -9999.000 -9999.000 -9999.000 -9999.000 -9999.000 -9999.000 -9999.000 -9999.000 -9999.000 -9999.000 -9999.000 -9999.000 -9999.000 -9999.000 -9999.000 -9999.000 -9999.000 -9999.000 -9999.000 -9999.000 -9999.000 -9999.000 -9999.000 -9999.000 -9999.000 -9999.000