examples/3D/hillslope01/output-maps-METEOIO-ON/psiliqL0056N0002.asc
ncols         104
nrows         10
xllcorner     -2.000000
yllcorner     0.000000
cellsize      1.000000
NODATA_value  -9999.0
-9999.000 -9999.000 -9999.000 -9999.000 -9999.000 -9999.000 -9999.000 -9999.000 -9999.000 -9999.000 -9999.000 -9999.000 -9999.000 -9999.000 -9999.000 -9999.000 -9999.000 -9999.000 -9999.000 -9999.000 -9999.000 -9999.000 -9999.000 -9999.000 -9999.000 -9999.000 -9999.000 -9999.000 -9999.000 -9999.000 -9999.000 -9999.000 -9999.000 -9999.000 -9999.000 -9999.000 -9999.000 -9999.000 -9999.000 -9999.000 -9999.000 -9999.000 -9999.000 -9999.000 -9999.000 -9999.000 -9999.000 -9999.000 -9999.000 -9999.000 -9999.000 -9999.000 -9999.000 -9999.000 -9999.000 -9999.000 -9999.000 -9999.000 -9999.000 -9999.000 -9999.000 -9999.000 -9999.000 -9999.000 -9999.000 -9999.000 -9999.000 -9999.000 -9999.000 -9999.000 -9999.000 -9999.000 -9999.000 -9999.000 -9999.000 -9999.000 -9999.000 -9999.000 -9999.000 -9999.000 -9999.000 -9999.000 -9999.000 -9999.000 -9999.000 -9999.000 -9999.000 -9999.000 -9999.000 -9999.000 -9999.000 -9999.000 -9999.000 -9999.000 -9999.000 -9999.000 -9999.000 -9999.000 -9999.000 -9999.000 -9999.000 -9999.000 -9999.000 -9999.000
-9999.000 -9999.000 -9999.000 -9999.000 -9999.000 -9999.000 -9999.000 -9999.000 -9999.000 -9999.000 -9999.000 -9999.000 -9999.000 -9999.000 -9999.000 -9999.000 -9999.000 -9999.000 -9999.000 -9999.000 -9999.000 -9999.000 -9999.000 -9999.000 -9999.000 -9999.000 -9999.000 -9999.000 -9999.000 -9999.000 -9999.000 -9999.000 -9999.000 -9999.000 -9999.000 -9999.000 -9999.000 -9999.000 -9999.000 -9999.000 -9999.000 -9999.000 -9999.000 -9999.000 -9999.000 -9999.000 -9999.000 -9999.000 -9999.000 -9999.000 -9999.000 -9999.000 -9999.000 -9999.000 -9999.000 -9999.000 -9999.000 -9999.000 -9999.000 -9999.000 -9999.000 -9999.000 -9999.000 -9999.000 -9999.000 -9999.000 -9999.000 -9999.000 -9999.000 -9999.000 -9999.000 -9999.000 -9999.000 -9999.000 -9999.000 -9999.000 -9999.000 -9999.000 -9999.000 -9999.000 -9999.000 -9999.000 -9999.000 -9999.000 -9999.000 -9999.000 -9999.000 -9999.000 -9999.000 -9999.000 -9999.000 -9999.000 -9999.000 -9999.000 -9999.000 -9999.000 -9999.000 -9999.000 -9999.000 -9999.000 -9999.000 -9999.000 -9999.000 -9999.000
-9999.000 -9999.000 4551.620 4452.095 4353.049 4254.487 4156.421 4058.858 3961.807 3865.278 3769.277 3673.810 3578.884 3484.507 3390.685 3297.429 3204.748 3112.653 3021.151 2930.253 2839.963 2750.287 2661.225 2572.776 2484.938 2397.718 2311.125 2225.167 2139.846 2055.160 1971.097 1887.649 1804.828 1722.646 1641.101 1560.176 1479.847 1400.114 1321.009 1242.526 1164.627 1087.262 1010.483 934.318 858.717 783.589 708.980 634.980 561.500 488.364 415.754 343.738 272.120 200.608 129.832 59.527 -10.775 -80.487 -149.250 -217.176 -283.510 -346.976 -407.287 -463.609 -514.929 -561.332 -602.539 -638.652 -670.150 -697.351 -720.798 -740.986 -758.357 -773.352 -786.332 -797.616 -807.476 -816.136 -823.784 -830.574 -836.636 -842.075 -846.977 -851.414 -855.445 -859.117 -862.470 -865.538 -868.347 -870.919 -873.273 -875.424 -877.385 -879.166 -880.777 -882.225 -883.519 -884.676 -885.781 -887.310 -891.753 -910.823 -9999.000 -9999.000
-9999.000 -9999.000 4551.620 4452.095 4353.049 4254.487 4156.421 4058.858 3961.807 3865.278 3769.277 3673.810 3578.884 3484.507 3390.685 3297.429 3204.748 3112.653 3021.151 2930.253 2839.963 2750.287 2661.225 2572.776 2484.938 2397.718 2311.125 2225.167 2139.846 2055.160 1971.097 1887.649 1804.828 1722.646 1641.101 1560.176 1479.847 1400.114 1321.009 1242.526 1164.627 1087.262 1010.483 934.318 858.717 783.589 708.980 634.980 561.500 488.364 415.754 343.738 272.120 200.608 129.832 59.527 -10.775 -80.487 -149.250 -217.176 -283.510 -346.976 -407.287 -463.609 -514.929 -561.332 -602.539 -638.652 -670.150 -697.351 -720.798 -740.986 -758.357 -773.352 -786.332 -797.616 -807.476 -816.136 -823.784 -830.574 -836.636 -842.075 -846.977 -851.414 -855.445 -859.117 -862.470 -865.538 -868.347 -870.919 -873.273 -875.424 -877.385 -879.166 -880.777 -882.225 -883.519 -884.676 -885.781 -887.310 -891.753 -910.823 -9999.000 -9999.000
-9999.000 -9999.000 4551.620 4452.095 4353.049 4254.487 4156.421 4058.858 3961.807 3865.278 3769.277 3673.810 3578.884 3484.507 3390.685 3297.429 3204.748 3112.653 3021.151 2930.253 2839.963 2750.287 2661.225 2572.776 2484.938 2397.718 2311.125 2225.167 2139.846 2055.160 1971.097 1887.649 1804.828 1722.646 1641.101 1560.176 1479.847 1400.114 1321.009 1242.526 1164.627 1087.262 1010.483 934.318 858.717 783.589 708.980 634.980 561.500 488.364 415.754 343.738 272.120 200.608 129.832 59.527 -10.775 -80.487 -149.250 -217.176 -283.510 -346.976 -407.287 -463.609 -514.929 -561.332 -602.539 -638.652 -670.150 -697.351 -720.798 -740.986 -758.357 -773.352 -786.332 -797.616 -807.476 -816.136 -823.784 -830.574 -836.636 -842.075 -846.977 -851.414 -855.445 -859.117 -862.470 -865.538 -868.347 -870.919 -873.273 -875.424 -877.385 -879.166 -880.777 -882.225 -883.519 -884.676 -885.781 -887.310 -891.753 -910.823 -9999.000 -9999.000
-9999.000 -9999.000 4551.620 4452.095 4353.049 4254.487 4156.421 4058.858 3961.807 3865.278 3769.277 3673.810 3578.884 3484.507 3390.685 3297.429 3204.748 3112.653 3021.151 2930.253 2839.963 2750.287 2661.225 2572.776 2484.938 2397.718 2311.125 2225.167 2139.846 2055.160 1971.097 1887.649 1804.828 1722.646 1641.101 1560.176 1479.847 1400.114 1321.009 1242.526 1164.627 1087.262 1010.483 934.318 858.717 783.589 708.980 634.980 561.500 488.364 415.754 343.738 272.120 200.608 129.832 59.527 -10.775 -80.487 -149.250 -217.176 -283.510 -346.976 -407.287 -463.609 -514.929 -561.332 -602.539 -638.652 -670.150 -697.351 -720.798 -740.986 -758.357 -773.352 -786.332 -797.616 -807.476 -816.136 -823.784 -830.574 -836.636 -842.075 -846.977 -851.414 -855.445 -859.117 -862.470 -865.538 -868.347 -870.919 -873.273 -875.424 -877.385 -879.166 -880.777 -882.225 -883.519 -884.676 -885.781 -887.310 -891.753 -910.823 -9999.000 -9999.000
-9999.000 -9999.000 4551.620 4452.095 4353.049 4254.487 4156.421 4058.858 3961.807 3865.278 3769.277 3673.810 3578.884 3484.507 3390.685 3297.429 3204.748 3112.653 3021.151 2930.253 2839.963 2750.287 2661.225 2572.776 2484.938 2397.718 2311.125 2225.167 2139.846 2055.160 1971.097 1887.649 1804.828 1722.646 1641.101 1560.176 1479.847 1400.114 1321.009 1242.526 1164.627 1087.262 1010.483 934.318 858.717 783.589 708.980 634.980 561.500 488.364 415.754 343.738 272.120 200.608 129.832 59.527 -10.775 -80.487 -149.250 -217.176 -283.510 -346.976 -407.287 -463.609 -514.929 -561.332 -602.539 -638.652 -670.150 -697.351 -720.798 -740.986 -758.357 -773.352 -786.332 -797.616 -807.476 -816.136 -823.784 -830.574 -836.636 -842.075 -846.977 -851.414 -855.445 -859.117 -862.470 -865.538 -868.347 -870.919 -873.273 -875.424 -877.385 -879.166 -880.777 -882.225 -883.519 -884.676 -885.781 -887.310 -891.753 -910.823 -9999.000 -9999.000
-9999.000 -9999.000 4551.620 4452.095 4353.049 4254.487 4156.421 4058.858 3961.807 3865.278 3769.277 3673.810 3578.884 3484.507 3390.685 3297.429 3204.748 3112.653 3021.151 2930.253 2839.963 2750.287 2661.225 2572.776 2484.938 2397.718 2311.125 2225.167 2139.846 2055.160 1971.097 1887.649 1804.828 1722.646 1641.101 1560.176 1479.847 1400.114 1321.009 1242.526 1164.627 1087.262 1010.483 934.318 858.717 783.589 708.980 634.980 561.500 488.364 415.754 343.738 272.120 200.608 129.832 59.527 -10.775 -80.487 -149.250 -217.176 -283.510 -346.976 -407.287 -463.609 -514.929 -561.332 -602.539 -638.652 -670.150 -697.351 -720.798 -740.986 -758.357 -773.352 -786.332 -797.616 -807.476 -816.136 -823.784 -830.574 -836.636 -842.075 -846.977 -851.414 -855.445 -859.117 -862.470 -865.538 -868.347 -870.919 -873.273 -875.424 -877.385 -879.166 -880.777 -882.225 -883.519 -884.676 -885.781 -887.310 -891.753 -910.823 -9999.000 -9999.000
-9999.000 -9999.000 -9999.000 -9999.000 -9999.000 -9999.000 -9999.000 -9999.000 -9999.000 -9999.000 -9999.000 -9999.000 -9999.000 -9999.000 -9999.000 -9999.000 -9999.000 -9999.000 -9999.000 -9999.000 -9999.000 -9999.000 -9999.000 -9999.000 -9999.000 -9999.000 -9999.000 -9999.000 -9999.000 -9999.000 -9999.000 -9999.000 -9999.000 -9999.000 -9999.000 -9999.000 -9999.000 -9999.000 -9999.000 -9999.000 -9999.000 -9999.000 -9999.000 -9999.000 -9999.000 -9999.000 -9999.000 -9999.000 -9999.000 -9999.000 -9999.000 -9999.000 -9999.000 -9999.000 -9999.000 -9999.000 -9999.000 -9999.000 -9999.000 -9999.000 -9999.000 -9999.000 -9999.000 -9999.000 -9999.000 -9999.000 -9999.000 -9999.000 -9999.000 -9999.000 -9999.000 -9999.000 -9999.000 -9999.000 -9999.000 -9999.000 -9999.000 -9999.000 -9999.000 -9999.000 -9999.000 -9999.000 -9999.000 -9999.000 -9999.000 -9999.000 -9999.000 -9999.000 -9999.000 -9999.000 -9999.000 -9999.000 -9999.000 -9999.000 -9999.000 -9999.000 -9999.000 -9999.000 -9999.000 -9999.000 -9999.000 -9999.000 -9999.000 -9999.000
-9999.000 -9999.000 -9999.000 -9999.000 -9999.000 -9999.000 -9999.000 -9999.000 -9999.000 -9999.000 -9999.000 -9999.000 -9999.000 -9999.000 -9999.000 -9999.000 -9999.000 -9999.000 -9999.000 -9999.000 -9999.000 -9999.000 -9999.000 -9999.000 -9999.000 -9999.000 -9999.000 -9999.000 -9999.000 -9999.000 -9999.000 -9999.000 -9999.000 -9999.000 -9999.000 -9999.000 -9999.000 -9999.000 -9999.000 -9999.000 -9999.000 -9999.000 -9999.000 -9999.000 -9999.000 -9999.000 -9999.000 -9999.000 -9999.000 -9999.000 -9999.000 -9999.000 -9999.000 -9999.000 -9999.000 -9999.000 -9999.000 -9999.000 -9999.000 -9999.000 -9999.000 -9999.000 -9999.000 -9999.000 -9999.000 -9999.000 -9999.000 -9999.000 -9999.000 -9999.000 -9999.000 -9999.000 -9999.000 -9999.000 -9999.000 -9999.000 -9999.000 -9999.000 -9999.000 -9999.000 -9999.000 -9999.000 -9999.000 -9999.000 -9999.000 -9999.000 -9999.000 -9999.000 -9999.000 -9999.000 -9999.000 -9999.000 -9999.000 -9999.000 -9999.000 -9999.000 -9999.000 -9999.000 -9999.000 -9999.000 -9999.000 -9999.000 -9999.000 -9999.000