examples/3D/hillslope01/output-maps-METEOIO-ON/psiliqL0064N0003.asc
ncols         104
nrows         10
xllcorner     -2.000000
yllcorner     0.000000
cellsize      1.000000
NODATA_value  -9999.0
-9999.000 -9999.000 -9999.000 -9999.000 -9999.000 -9999.000 -9999.000 -9999.000 -9999.000 -9999.000 -9999.000 -9999.000 -9999.000 -9999.000 -9999.000 -9999.000 -9999.000 -9999.000 -9999.000 -9999.000 -9999.000 -9999.000 -9999.000 -9999.000 -9999.000 -9999.000 -9999.000 -9999.000 -9999.000 -9999.000 -9999.000 -9999.000 -9999.000 -9999.000 -9999.000 -9999.000 -9999.000 -9999.000 -9999.000 -9999.000 -9999.000 -9999.000 -9999.000 -9999.000 -9999.000 -9999.000 -9999.000 -9999.000 -9999.000 -9999.000 -9999.000 -9999.000 -9999.000 -9999.000 -9999.000 -9999.000 -9999.000 -9999.000 -9999.000 -9999.000 -9999.000 -9999.000 -9999.000 -9999.000 -9999.000 -9999.000 -9999.000 -9999.000 -9999.000 -9999.000 -9999.000 -9999.000 -9999.000 -9999.000 -9999.000 -9999.000 -9999.000 -9999.000 -9999.000 -9999.000 -9999.000 -9999.000 -9999.000 -9999.000 -9999.000 -9999.000 -9999.000 -9999.000 -9999.000 -9999.000 -9999.000 -9999.000 -9999.000 -9999.000 -9999.000 -9999.000 -9999.000 -9999.000 -9999.000 -9999.000 -9999.000 -9999.000 -9999.000 -9999.000
-9999.000 -9999.000 -9999.000 -9999.000 -9999.000 -9999.000 -9999.000 -9999.000 -9999.000 -9999.000 -9999.000 -9999.000 -9999.000 -9999.000 -9999.000 -9999.000 -9999.000 -9999.000 -9999.000 -9999.000 -9999.000 -9999.000 -9999.000 -9999.000 -9999.000 -9999.000 -9999.000 -9999.000 -9999.000 -9999.000 -9999.000 -9999.000 -9999.000 -9999.000 -9999.000 -9999.000 -9999.000 -9999.000 -9999.000 -9999.000 -9999.000 -9999.000 -9999.000 -9999.000 -9999.000 -9999.000 -9999.000 -9999.000 -9999.000 -9999.000 -9999.000 -9999.000 -9999.000 -9999.000 -9999.000 -9999.000 -9999.000 -9999.000 -9999.000 -9999.000 -9999.000 -9999.000 -9999.000 -9999.000 -9999.000 -9999.000 -9999.000 -9999.000 -9999.000 -9999.000 -9999.000 -9999.000 -9999.000 -9999.000 -9999.000 -9999.000 -9999.000 -9999.000 -9999.000 -9999.000 -9999.000 -9999.000 -9999.000 -9999.000 -9999.000 -9999.000 -9999.000 -9999.000 -9999.000 -9999.000 -9999.000 -9999.000 -9999.000 -9999.000 -9999.000 -9999.000 -9999.000 -9999.000 -9999.000 -9999.000 -9999.000 -9999.000 -9999.000 -9999.000
-9999.000 -9999.000 5735.358 5635.554 5535.949 5436.550 5337.364 5238.400 5139.666 5041.171 4942.922 4844.924 4747.185 4649.710 4552.503 4455.568 4358.909 4262.531 4166.435 4070.627 3975.109 3879.886 3784.962 3690.342 3596.030 3502.030 3408.347 3314.983 3221.943 3129.229 3036.842 2944.783 2853.054 2761.653 2670.579 2579.833 2489.420 2399.343 2309.607 2220.212 2131.158 2042.443 1954.064 1866.012 1778.284 1690.881 1603.816 1517.091 1430.704 1344.645 1258.903 1173.458 1088.296 1003.453 918.939 834.744 750.846 667.215 583.812 500.640 417.801 335.262 252.984 170.917 88.965 7.181 -74.097 -154.674 -234.017 -311.302 -385.420 -454.765 -518.394 -575.565 -625.870 -669.233 -706.041 -736.973 -762.755 -784.126 -801.808 -816.450 -828.603 -838.725 -847.197 -854.327 -860.364 -865.504 -869.907 -873.696 -876.973 -879.817 -882.290 -884.445 -886.321 -887.953 -889.373 -890.637 -891.939 -894.114 -900.542 -923.949 -9999.000 -9999.000
-9999.000 -9999.000 5735.358 5635.554 5535.949 5436.550 5337.364 5238.400 5139.666 5041.171 4942.922 4844.924 4747.185 4649.710 4552.503 4455.568 4358.909 4262.531 4166.435 4070.627 3975.109 3879.886 3784.962 3690.342 3596.030 3502.030 3408.347 3314.983 3221.943 3129.229 3036.842 2944.783 2853.054 2761.653 2670.579 2579.833 2489.420 2399.343 2309.607 2220.212 2131.158 2042.443 1954.064 1866.012 1778.284 1690.881 1603.816 1517.091 1430.704 1344.645 1258.903 1173.458 1088.296 1003.453 918.939 834.744 750.846 667.215 583.812 500.640 417.801 335.262 252.984 170.917 88.965 7.181 -74.097 -154.674 -234.017 -311.302 -385.420 -454.765 -518.394 -575.565 -625.870 -669.233 -706.041 -736.973 -762.755 -784.126 -801.808 -816.450 -828.603 -838.725 -847.197 -854.327 -860.364 -865.504 -869.907 -873.696 -876.973 -879.817 -882.290 -884.445 -886.321 -887.953 -889.373 -890.637 -891.939 -894.114 -900.542 -923.949 -9999.000 -9999.000
-9999.000 -9999.000 5735.358 5635.554 5535.949 5436.550 5337.364 5238.400 5139.666 5041.171 4942.922 4844.924 4747.185 4649.710 4552.503 4455.568 4358.909 4262.531 4166.435 4070.627 3975.109 3879.886 3784.962 3690.342 3596.030 3502.030 3408.347 3314.983 3221.943 3129.229 3036.842 2944.783 2853.054 2761.653 2670.579 2579.833 2489.420 2399.343 2309.607 2220.212 2131.158 2042.443 1954.064 1866.012 1778.284 1690.881 1603.816 1517.091 1430.704 1344.645 1258.903 1173.458 1088.296 1003.453 918.939 834.744 750.846 667.215 583.812 500.640 417.801 335.262 252.984 170.917 88.965 7.181 -74.097 -154.674 -234.017 -311.302 -385.420 -454.765 -518.394 -575.565 -625.870 -669.233 -706.041 -736.973 -762.755 -784.126 -801.808 -816.450 -828.603 -838.725 -847.197 -854.327 -860.364 -865.504 -869.907 -873.696 -876.973 -879.817 -882.290 -884.445 -886.321 -887.953 -889.373 -890.637 -891.939 -894.114 -900.542 -923.949 -9999.000 -9999.000
-9999.000 -9999.000 5735.358 5635.554 5535.949 5436.550 5337.364 5238.400 5139.666 5041.171 4942.922 4844.924 4747.185 4649.710 4552.503 4455.568 4358.909 4262.531 4166.435 4070.627 3975.109 3879.886 3784.962 3690.342 3596.030 3502.030 3408.347 3314.983 3221.943 3129.229 3036.842 2944.783 2853.054 2761.653 2670.579 2579.833 2489.420 2399.343 2309.607 2220.212 2131.158 2042.443 1954.064 1866.012 1778.284 1690.881 1603.816 1517.091 1430.704 1344.645 1258.903 1173.458 1088.296 1003.453 918.939 834.744 750.846 667.215 583.812 500.640 417.801 335.262 252.984 170.917 88.965 7.181 -74.097 -154.674 -234.017 -311.302 -385.420 -454.765 -518.394 -575.565 -625.870 -669.233 -706.041 -736.973 -762.755 -784.126 -801.808 -816.450 -828.603 -838.725 -847.197 -854.327 -860.364 -865.504 -869.907 -873.696 -876.973 -879.817 -882.290 -884.445 -886.321 -887.953 -889.373 -890.637 -891.939 -894.114 -900.542 -923.949 -9999.000 -9999.000
-9999.000 -9999.000 5735.358 5635.554 5535.949 5436.550 5337.364 5238.400 5139.666 5041.171 4942.922 4844.924 4747.185 4649.710 4552.503 4455.568 4358.909 4262.531 4166.435 4070.627 3975.109 3879.886 3784.962 3690.342 3596.030 3502.030 3408.347 3314.983 3221.943 3129.229 3036.842 2944.783 2853.054 2761.653 2670.579 2579.833 2489.420 2399.343 2309.607 2220.212 2131.158 2042.443 1954.064 1866.012 1778.284 1690.881 1603.816 1517.091 1430.704 1344.645 1258.903 1173.458 1088.296 1003.453 918.939 834.744 750.846 667.215 583.812 500.640 417.801 335.262 252.984 170.917 88.965 7.181 -74.097 -154.674 -234.017 -311.302 -385.420 -454.765 -518.394 -575.565 -625.870 -669.233 -706.041 -736.973 -762.755 -784.126 -801.808 -816.450 -828.603 -838.725 -847.197 -854.327 -860.364 -865.504 -869.907 -873.696 -876.973 -879.817 -882.290 -884.445 -886.321 -887.953 -889.373 -890.637 -891.939 -894.114 -900.542 -923.949 -9999.000 -9999.000
-9999.000 -9999.000 5735.358 5635.554 5535.949 5436.550 5337.364 5238.400 5139.666 5041.171 4942.922 4844.924 4747.185 4649.710 4552.503 4455.568 4358.909 4262.531 4166.435 4070.627 3975.109 3879.886 3784.962 3690.342 3596.030 3502.030 3408.347 3314.983 3221.943 3129.229 3036.842 2944.783 2853.054 2761.653 2670.579 2579.833 2489.420 2399.343 2309.607 2220.212 2131.158 2042.443 1954.064 1866.012 1778.284 1690.881 1603.816 1517.091 1430.704 1344.645 1258.903 1173.458 1088.296 1003.453 918.939 834.744 750.846 667.215 583.812 500.640 417.801 335.262 252.984 170.917 88.965 7.181 -74.097 -154.674 -234.017 -311.302 -385.420 -454.765 -518.394 -575.565 -625.870 -669.233 -706.041 -736.973 -762.755 -784.126 -801.808 -816.450 -828.603 -838.725 -847.197 -854.327 -860.364 -865.504 -869.907 -873.696 -876.973 -879.817 -882.290 -884.445 -886.321 -887.953 -889.373 -890.637 -891.939 -894.114 -900.542 -923.949 -9999.000 -9999.000
-9999.000 -9999.000 -9999.000 -9999.000 -9999.000 -9999.000 -9999.000 -9999.000 -9999.000 -9999.000 -9999.000 -9999.000 -9999.000 -9999.000 -9999.000 -9999.000 -9999.000 -9999.000 -9999.000 -9999.000 -9999.000 -9999.000 -9999.000 -9999.000 -9999.000 -9999.000 -9999.000 -9999.000 -9999.000 -9999.000 -9999.000 -9999.000 -9999.000 -9999.000 -9999.000 -9999.000 -9999.000 -9999.000 -9999.000 -9999.000 -9999.000 -9999.000 -9999.000 -9999.000 -9999.000 -9999.000 -9999.000 -9999.000 -9999.000 -9999.000 -9999.000 -9999.000 -9999.000 -9999.000 -9999.000 -9999.000 -9999.000 -9999.000 -9999.000 -9999.000 -9999.000 -9999.000 -9999.000 -9999.000 -9999.000 -9999.000 -9999.000 -9999.000 -9999.000 -9999.000 -9999.000 -9999.000 -9999.000 -9999.000 -9999.000 -9999.000 -9999.000 -9999.000 -9999.000 -9999.000 -9999.000 -9999.000 -9999.000 -9999.000 -9999.000 -9999.000 -9999.000 -9999.000 -9999.000 -9999.000 -9999.000 -9999.000 -9999.000 -9999.000 -9999.000 -9999.000 -9999.000 -9999.000 -9999.000 -9999.000 -9999.000 -9999.000 -9999.000 -9999.000
-9999.000 -9999.000 -9999.000 -9999.000 -9999.000 -9999.000 -9999.000 -9999.000 -9999.000 -9999.000 -9999.000 -9999.000 -9999.000 -9999.000 -9999.000 -9999.000 -9999.000 -9999.000 -9999.000 -9999.000 -9999.000 -9999.000 -9999.000 -9999.000 -9999.000 -9999.000 -9999.000 -9999.000 -9999.000 -9999.000 -9999.000 -9999.000 -9999.000 -9999.000 -9999.000 -9999.000 -9999.000 -9999.000 -9999.000 -9999.000 -9999.000 -9999.000 -9999.000 -9999.000 -9999.000 -9999.000 -9999.000 -9999.000 -9999.000 -9999.000 -9999.000 -9999.000 -9999.000 -9999.000 -9999.000 -9999.000 -9999.000 -9999.000 -9999.000 -9999.000 -9999.000 -9999.000 -9999.000 -9999.000 -9999.000 -9999.000 -9999.000 -9999.000 -9999.000 -9999.000 -9999.000 -9999.000 -9999.000 -9999.000 -9999.000 -9999.000 -9999.000 -9999.000 -9999.000 -9999.000 -9999.000 -9999.000 -9999.000 -9999.000 -9999.000 -9999.000 -9999.000 -9999.000 -9999.000 -9999.000 -9999.000 -9999.000 -9999.000 -9999.000 -9999.000 -9999.000 -9999.000 -9999.000 -9999.000 -9999.000 -9999.000 -9999.000 -9999.000 -9999.000