examples/3D/hillslope01/output-maps-METEOIO-ON/psiliqL0100N0001.asc
ncols         104
nrows         10
xllcorner     -2.000000
yllcorner     0.000000
cellsize      1.000000
NODATA_value  -9999.0
-9999.000 -9999.000 -9999.000 -9999.000 -9999.000 -9999.000 -9999.000 -9999.000 -9999.000 -9999.000 -9999.000 -9999.000 -9999.000 -9999.000 -9999.000 -9999.000 -9999.000 -9999.000 -9999.000 -9999.000 -9999.000 -9999.000 -9999.000 -9999.000 -9999.000 -9999.000 -9999.000 -9999.000 -9999.000 -9999.000 -9999.000 -9999.000 -9999.000 -9999.000 -9999.000 -9999.000 -9999.000 -9999.000 -9999.000 -9999.000 -9999.000 -9999.000 -9999.000 -9999.000 -9999.000 -9999.000 -9999.000 -9999.000 -9999.000 -9999.000 -9999.000 -9999.000 -9999.000 -9999.000 -9999.000 -9999.000 -9999.000 -9999.000 -9999.000 -9999.000 -9999.000 -9999.000 -9999.000 -9999.000 -9999.000 -9999.000 -9999.000 -9999.000 -9999.000 -9999.000 -9999.000 -9999.000 -9999.000 -9999.000 -9999.000 -9999.000 -9999.000 -9999.000 -9999.000 -9999.000 -9999.000 -9999.000 -9999.000 -9999.000 -9999.000 -9999.000 -9999.000 -9999.000 -9999.000 -9999.000 -9999.000 -9999.000 -9999.000 -9999.000 -9999.000 -9999.000 -9999.000 -9999.000 -9999.000 -9999.000 -9999.000 -9999.000 -9999.000 -9999.000
-9999.000 -9999.000 -9999.000 -9999.000 -9999.000 -9999.000 -9999.000 -9999.000 -9999.000 -9999.000 -9999.000 -9999.000 -9999.000 -9999.000 -9999.000 -9999.000 -9999.000 -9999.000 -9999.000 -9999.000 -9999.000 -9999.000 -9999.000 -9999.000 -9999.000 -9999.000 -9999.000 -9999.000 -9999.000 -9999.000 -9999.000 -9999.000 -9999.000 -9999.000 -9999.000 -9999.000 -9999.000 -9999.000 -9999.000 -9999.000 -9999.000 -9999.000 -9999.000 -9999.000 -9999.000 -9999.000 -9999.000 -9999.000 -9999.000 -9999.000 -9999.000 -9999.000 -9999.000 -9999.000 -9999.000 -9999.000 -9999.000 -9999.000 -9999.000 -9999.000 -9999.000 -9999.000 -9999.000 -9999.000 -9999.000 -9999.000 -9999.000 -9999.000 -9999.000 -9999.000 -9999.000 -9999.000 -9999.000 -9999.000 -9999.000 -9999.000 -9999.000 -9999.000 -9999.000 -9999.000 -9999.000 -9999.000 -9999.000 -9999.000 -9999.000 -9999.000 -9999.000 -9999.000 -9999.000 -9999.000 -9999.000 -9999.000 -9999.000 -9999.000 -9999.000 -9999.000 -9999.000 -9999.000 -9999.000 -9999.000 -9999.000 -9999.000 -9999.000 -9999.000
-9999.000 -9999.000 8052.523 7953.795 7856.344 7760.176 7665.300 7571.729 7479.478 7388.561 7298.994 7210.794 7123.974 7038.548 6954.525 6871.915 6790.726 6710.961 6632.626 6555.720 6480.242 6406.189 6333.554 6262.329 6192.503 6124.063 6056.992 5991.272 5926.883 5863.800 5801.999 5741.453 5682.129 5623.998 5567.026 5511.176 5456.413 5402.698 5349.990 5298.247 5247.424 5197.476 5148.357 5100.018 5052.412 5005.491 4959.205 4913.508 4868.348 4823.677 4779.441 4735.587 4692.064 4648.821 4605.807 4562.974 4520.271 4477.646 4435.048 4392.426 4349.730 4306.913 4263.927 4220.723 4177.248 4133.453 4089.286 4044.699 3999.646 3954.080 3907.957 3861.228 3813.844 3765.754 3716.907 3667.250 3616.734 3565.306 3512.917 3459.512 3405.047 3349.462 3292.707 3234.718 3175.430 3114.780 3052.698 2989.126 2923.982 2857.182 2788.660 2718.316 2646.033 2571.716 2495.263 2416.515 2335.299 2251.449 2164.801 2075.169 1982.311 1885.969 -9999.000 -9999.000
-9999.000 -9999.000 8052.523 7953.795 7856.344 7760.176 7665.300 7571.729 7479.478 7388.561 7298.994 7210.794 7123.974 7038.548 6954.525 6871.915 6790.726 6710.961 6632.626 6555.720 6480.242 6406.189 6333.554 6262.329 6192.503 6124.063 6056.992 5991.272 5926.883 5863.800 5801.999 5741.453 5682.129 5623.998 5567.026 5511.176 5456.413 5402.698 5349.990 5298.247 5247.424 5197.476 5148.357 5100.018 5052.412 5005.491 4959.205 4913.508 4868.348 4823.677 4779.441 4735.587 4692.064 4648.821 4605.807 4562.974 4520.271 4477.646 4435.048 4392.426 4349.730 4306.913 4263.927 4220.723 4177.248 4133.453 4089.286 4044.699 3999.646 3954.080 3907.957 3861.228 3813.844 3765.754 3716.907 3667.250 3616.734 3565.306 3512.917 3459.512 3405.047 3349.462 3292.707 3234.718 3175.430 3114.780 3052.698 2989.126 2923.982 2857.182 2788.660 2718.316 2646.033 2571.716 2495.263 2416.515 2335.299 2251.449 2164.801 2075.169 1982.311 1885.969 -9999.000 -9999.000
-9999.000 -9999.000 8052.523 7953.795 7856.344 7760.176 7665.300 7571.729 7479.478 7388.561 7298.994 7210.794 7123.974 7038.548 6954.525 6871.915 6790.726 6710.961 6632.626 6555.720 6480.242 6406.189 6333.554 6262.329 6192.503 6124.063 6056.992 5991.272 5926.883 5863.800 5801.999 5741.453 5682.129 5623.998 5567.026 5511.176 5456.413 5402.698 5349.990 5298.247 5247.424 5197.476 5148.357 5100.018 5052.412 5005.491 4959.205 4913.508 4868.348 4823.677 4779.441 4735.587 4692.064 4648.821 4605.807 4562.974 4520.271 4477.646 4435.048 4392.426 4349.730 4306.913 4263.927 4220.723 4177.248 4133.453 4089.286 4044.699 3999.646 3954.080 3907.957 3861.228 3813.844 3765.754 3716.907 3667.250 3616.734 3565.306 3512.917 3459.512 3405.047 3349.462 3292.707 3234.718 3175.430 3114.780 3052.698 2989.126 2923.982 2857.182 2788.660 2718.316 2646.033 2571.716 2495.263 2416.515 2335.299 2251.449 2164.801 2075.169 1982.311 1885.969 -9999.000 -9999.000
-9999.000 -9999.000 8052.523 7953.795 7856.344 7760.176 7665.300 7571.729 7479.478 7388.561 7298.994 7210.794 7123.974 7038.548 6954.525 6871.915 6790.726 6710.961 6632.626 6555.720 6480.242 6406.189 6333.554 6262.329 6192.503 6124.063 6056.992 5991.272 5926.883 5863.800 5801.999 5741.453 5682.129 5623.998 5567.026 5511.176 5456.413 5402.698 5349.990 5298.247 5247.424 5197.476 5148.357 5100.018 5052.412 5005.491 4959.205 4913.508 4868.348 4823.677 4779.441 4735.587 4692.064 4648.821 4605.807 4562.974 4520.271 4477.646 4435.048 4392.426 4349.730 4306.913 4263.927 4220.723 4177.248 4133.453 4089.286 4044.699 3999.646 3954.080 3907.957 3861.228 3813.844 3765.754 3716.907 3667.250 3616.734 3565.306 3512.917 3459.512 3405.047 3349.462 3292.707 3234.718 3175.430 3114.780 3052.698 2989.126 2923.982 2857.182 2788.660 2718.316 2646.033 2571.716 2495.263 2416.515 2335.299 2251.449 2164.801 2075.169 1982.311 1885.969 -9999.000 -9999.000
-9999.000 -9999.000 8052.523 7953.795 7856.344 7760.176 7665.300 7571.729 7479.478 7388.561 7298.994 7210.794 7123.974 7038.548 6954.525 6871.915 6790.726 6710.961 6632.626 6555.720 6480.242 6406.189 6333.554 6262.329 6192.503 6124.063 6056.992 5991.272 5926.883 5863.800 5801.999 5741.453 5682.129 5623.998 5567.026 5511.176 5456.413 5402.698 5349.990 5298.247 5247.424 5197.476 5148.357 5100.018 5052.412 5005.491 4959.205 4913.508 4868.348 4823.677 4779.441 4735.587 4692.064 4648.821 4605.807 4562.974 4520.271 4477.646 4435.048 4392.426 4349.730 4306.913 4263.927 4220.723 4177.248 4133.453 4089.286 4044.699 3999.646 3954.080 3907.957 3861.228 3813.844 3765.754 3716.907 3667.250 3616.734 3565.306 3512.917 3459.512 3405.047 3349.462 3292.707 3234.718 3175.430 3114.780 3052.698 2989.126 2923.982 2857.182 2788.660 2718.316 2646.033 2571.716 2495.263 2416.515 2335.299 2251.449 2164.801 2075.169 1982.311 1885.969 -9999.000 -9999.000
-9999.000 -9999.000 8052.523 7953.795 7856.344 7760.176 7665.300 7571.729 7479.478 7388.561 7298.994 7210.794 7123.974 7038.548 6954.525 6871.915 6790.726 6710.961 6632.626 6555.720 6480.242 6406.189 6333.554 6262.329 6192.503 6124.063 6056.992 5991.272 5926.883 5863.800 5801.999 5741.453 5682.129 5623.998 5567.026 5511.176 5456.413 5402.698 5349.990 5298.247 5247.424 5197.476 5148.357 5100.018 5052.412 5005.491 4959.205 4913.508 4868.348 4823.677 4779.441 4735.587 4692.064 4648.821 4605.807 4562.974 4520.271 4477.646 4435.048 4392.426 4349.730 4306.913 4263.927 4220.723 4177.248 4133.453 4089.286 4044.699 3999.646 3954.080 3907.957 3861.228 3813.844 3765.754 3716.907 3667.250 3616.734 3565.306 3512.917 3459.512 3405.047 3349.462 3292.707 3234.718 3175.430 3114.780 3052.698 2989.126 2923.982 2857.182 2788.660 2718.316 2646.033 2571.716 2495.263 2416.515 2335.299 2251.449 2164.801 2075.169 1982.311 1885.969 -9999.000 -9999.000
-9999.000 -9999.000 -9999.000 -9999.000 -9999.000 -9999.000 -9999.000 -9999.000 -9999.000 -9999.000 -9999.000 -9999.000 -9999.000 -9999.000 -9999.000 -9999.000 -9999.000 -9999.000 -9999.000 -9999.000 -9999.000 -9999.000 -9999.000 -9999.000 -9999.000 -9999.000 -9999.000 -9999.000 -9999.000 -9999.000 -9999.000 -9999.000 -9999.000 -9999.000 -9999.000 -9999.000 -9999.000 -9999.000 -9999.000 -9999.000 -9999.000 -9999.000 -9999.000 -9999.000 -9999.000 -9999.000 -9999.000 -9999.000 -9999.000 -9999.000 -9999.000 -9999.000 -9999.000 -9999.000 -9999.000 -9999.000 -9999.000 -9999.000 -9999.000 -9999.000 -9999.000 -9999.000 -9999.000 -9999.000 -9999.000 -9999.000 -9999.000 -9999.000 -9999.000 -9999.000 -9999.000 -9999.000 -9999.000 -9999.000 -9999.000 -9999.000 -9999.000 -9999.000 -9999.000 -9999.000 -9999.000 -9999.000 -9999.000 -9999.000 -9999.000 -9999.000 -9999.000 -9999.000 -9999.000 -9999.000 -9999.000 -9999.000 -9999.000 -9999.000 -9999.000 -9999.000 -9999.000 -9999.000 -9999.000 -9999.000 -9999.000 -9999.000 -9999.000 -9999.000
-9999.000 -9999.000 -9999.000 -9999.000 -9999.000 -9999.000 -9999.000 -9999.000 -9999.000 -9999.000 -9999.000 -9999.000 -9999.000 -9999.000 -9999.000 -9999.000 -9999.000 -9999.000 -9999.000 -9999.000 -9999.000 -9999.000 -9999.000 -9999.000 -9999.000 -9999.000 -9999.000 -9999.000 -9999.000 -9999.000 -9999.000 -9999.000 -9999.000 -9999.000 -9999.000 -9999.000 -9999.000 -9999.000 -9999.000 -9999.000 -9999.000 -9999.000 -9999.000 -9999.000 -9999.000 -9999.000 -9999.000 -9999.000 -9999.000 -9999.000 -9999.000 -9999.000 -9999.000 -9999.000 -9999.000 -9999.000 -9999.000 -9999.000 -9999.000 -9999.000 -9999.000 -9999.000 -9999.000 -9999.000 -9999.000 -9999.000 -9999.000 -9999.000 -9999.000 -9999.000 -9999.000 -9999.000 -9999.000 -9999.000 -9999.000 -9999.000 -9999.000 -9999.000 -9999.000 -9999.000 -9999.000 -9999.000 -9999.000 -9999.000 -9999.000 -9999.000 -9999.000 -9999.000 -9999.000 -9999.000 -9999.000 -9999.000 -9999.000 -9999.000 -9999.000 -9999.000 -9999.000 -9999.000 -9999.000 -9999.000 -9999.000 -9999.000 -9999.000 -9999.000