examples/3D/hillslope01/output-maps-METEOIO-ON/psiliqL0037N0002.asc
ncols         104
nrows         10
xllcorner     -2.000000
yllcorner     0.000000
cellsize      1.000000
NODATA_value  -9999.0
-9999.000 -9999.000 -9999.000 -9999.000 -9999.000 -9999.000 -9999.000 -9999.000 -9999.000 -9999.000 -9999.000 -9999.000 -9999.000 -9999.000 -9999.000 -9999.000 -9999.000 -9999.000 -9999.000 -9999.000 -9999.000 -9999.000 -9999.000 -9999.000 -9999.000 -9999.000 -9999.000 -9999.000 -9999.000 -9999.000 -9999.000 -9999.000 -9999.000 -9999.000 -9999.000 -9999.000 -9999.000 -9999.000 -9999.000 -9999.000 -9999.000 -9999.000 -9999.000 -9999.000 -9999.000 -9999.000 -9999.000 -9999.000 -9999.000 -9999.000 -9999.000 -9999.000 -9999.000 -9999.000 -9999.000 -9999.000 -9999.000 -9999.000 -9999.000 -9999.000 -9999.000 -9999.000 -9999.000 -9999.000 -9999.000 -9999.000 -9999.000 -9999.000 -9999.000 -9999.000 -9999.000 -9999.000 -9999.000 -9999.000 -9999.000 -9999.000 -9999.000 -9999.000 -9999.000 -9999.000 -9999.000 -9999.000 -9999.000 -9999.000 -9999.000 -9999.000 -9999.000 -9999.000 -9999.000 -9999.000 -9999.000 -9999.000 -9999.000 -9999.000 -9999.000 -9999.000 -9999.000 -9999.000 -9999.000 -9999.000 -9999.000 -9999.000 -9999.000 -9999.000
-9999.000 -9999.000 -9999.000 -9999.000 -9999.000 -9999.000 -9999.000 -9999.000 -9999.000 -9999.000 -9999.000 -9999.000 -9999.000 -9999.000 -9999.000 -9999.000 -9999.000 -9999.000 -9999.000 -9999.000 -9999.000 -9999.000 -9999.000 -9999.000 -9999.000 -9999.000 -9999.000 -9999.000 -9999.000 -9999.000 -9999.000 -9999.000 -9999.000 -9999.000 -9999.000 -9999.000 -9999.000 -9999.000 -9999.000 -9999.000 -9999.000 -9999.000 -9999.000 -9999.000 -9999.000 -9999.000 -9999.000 -9999.000 -9999.000 -9999.000 -9999.000 -9999.000 -9999.000 -9999.000 -9999.000 -9999.000 -9999.000 -9999.000 -9999.000 -9999.000 -9999.000 -9999.000 -9999.000 -9999.000 -9999.000 -9999.000 -9999.000 -9999.000 -9999.000 -9999.000 -9999.000 -9999.000 -9999.000 -9999.000 -9999.000 -9999.000 -9999.000 -9999.000 -9999.000 -9999.000 -9999.000 -9999.000 -9999.000 -9999.000 -9999.000 -9999.000 -9999.000 -9999.000 -9999.000 -9999.000 -9999.000 -9999.000 -9999.000 -9999.000 -9999.000 -9999.000 -9999.000 -9999.000 -9999.000 -9999.000 -9999.000 -9999.000 -9999.000 -9999.000
-9999.000 -9999.000 2665.541 2565.989 2466.891 2368.262 2270.119 2172.479 2075.354 1978.754 1882.684 1787.148 1692.149 1597.692 1503.785 1410.442 1317.674 1225.495 1133.920 1042.961 952.627 862.926 773.853 685.394 597.509 510.230 423.587 337.605 252.300 167.667 83.672 0.145 -82.613 -164.913 -247.182 -330.131 -414.670 -501.631 -591.352 -683.988 -779.026 -875.080 -969.725 -1059.549 -1141.114 -1211.739 -1270.149 -1316.138 -1348.308 -1366.889 -1380.265 -1390.723 -1399.130 -1405.980 -1411.654 -1416.419 -1420.476 -1423.977 -1427.036 -1429.740 -1432.158 -1434.342 -1436.333 -1438.166 -1439.865 -1441.452 -1442.944 -1444.355 -1445.695 -1446.975 -1448.200 -1449.377 -1450.511 -1451.606 -1452.665 -1453.690 -1454.684 -1455.647 -1456.582 -1457.488 -1458.366 -1459.216 -1460.040 -1460.836 -1461.604 -1462.344 -1463.056 -1463.739 -1464.393 -1465.016 -1465.609 -1466.170 -1466.698 -1467.194 -1467.655 -1468.082 -1468.473 -1468.831 -1469.163 -1469.583 -1471.243 -1484.160 -9999.000 -9999.000
-9999.000 -9999.000 2665.541 2565.989 2466.891 2368.262 2270.119 2172.479 2075.354 1978.754 1882.684 1787.148 1692.149 1597.692 1503.785 1410.442 1317.674 1225.495 1133.920 1042.961 952.627 862.926 773.853 685.394 597.509 510.230 423.587 337.605 252.300 167.667 83.672 0.145 -82.613 -164.913 -247.182 -330.131 -414.670 -501.631 -591.352 -683.988 -779.026 -875.080 -969.725 -1059.549 -1141.114 -1211.739 -1270.149 -1316.138 -1348.308 -1366.889 -1380.265 -1390.723 -1399.130 -1405.980 -1411.654 -1416.419 -1420.476 -1423.977 -1427.036 -1429.740 -1432.158 -1434.342 -1436.333 -1438.166 -1439.865 -1441.452 -1442.944 -1444.355 -1445.695 -1446.975 -1448.200 -1449.377 -1450.511 -1451.606 -1452.665 -1453.690 -1454.684 -1455.647 -1456.582 -1457.488 -1458.366 -1459.216 -1460.040 -1460.836 -1461.604 -1462.344 -1463.056 -1463.739 -1464.393 -1465.016 -1465.609 -1466.170 -1466.698 -1467.194 -1467.655 -1468.082 -1468.473 -1468.831 -1469.163 -1469.583 -1471.243 -1484.160 -9999.000 -9999.000
-9999.000 -9999.000 2665.541 2565.989 2466.891 2368.262 2270.119 2172.479 2075.354 1978.754 1882.684 1787.148 1692.149 1597.692 1503.785 1410.442 1317.674 1225.495 1133.920 1042.961 952.627 862.926 773.853 685.394 597.509 510.230 423.587 337.605 252.300 167.667 83.672 0.145 -82.613 -164.913 -247.182 -330.131 -414.670 -501.631 -591.352 -683.988 -779.026 -875.080 -969.725 -1059.549 -1141.114 -1211.739 -1270.149 -1316.138 -1348.308 -1366.889 -1380.265 -1390.723 -1399.130 -1405.980 -1411.654 -1416.419 -1420.476 -1423.977 -1427.036 -1429.740 -1432.158 -1434.342 -1436.333 -1438.166 -1439.865 -1441.452 -1442.944 -1444.355 -1445.695 -1446.975 -1448.200 -1449.377 -1450.511 -1451.606 -1452.665 -1453.690 -1454.684 -1455.647 -1456.582 -1457.488 -1458.366 -1459.216 -1460.040 -1460.836 -1461.604 -1462.344 -1463.056 -1463.739 -1464.393 -1465.016 -1465.609 -1466.170 -1466.698 -1467.194 -1467.655 -1468.082 -1468.473 -1468.831 -1469.163 -1469.583 -1471.243 -1484.160 -9999.000 -9999.000
-9999.000 -9999.000 2665.541 2565.989 2466.891 2368.262 2270.119 2172.479 2075.354 1978.754 1882.684 1787.148 1692.149 1597.692 1503.785 1410.442 1317.674 1225.495 1133.920 1042.961 952.627 862.926 773.853 685.394 597.509 510.230 423.587 337.605 252.300 167.667 83.672 0.145 -82.613 -164.913 -247.182 -330.131 -414.670 -501.631 -591.352 -683.988 -779.026 -875.080 -969.725 -1059.549 -1141.114 -1211.739 -1270.149 -1316.138 -1348.308 -1366.889 -1380.265 -1390.723 -1399.130 -1405.980 -1411.654 -1416.419 -1420.476 -1423.977 -1427.036 -1429.740 -1432.158 -1434.342 -1436.333 -1438.166 -1439.865 -1441.452 -1442.944 -1444.355 -1445.695 -1446.975 -1448.200 -1449.377 -1450.511 -1451.606 -1452.665 -1453.690 -1454.684 -1455.647 -1456.582 -1457.488 -1458.366 -1459.216 -1460.040 -1460.836 -1461.604 -1462.344 -1463.056 -1463.739 -1464.393 -1465.016 -1465.609 -1466.170 -1466.698 -1467.194 -1467.655 -1468.082 -1468.473 -1468.831 -1469.163 -1469.583 -1471.243 -1484.160 -9999.000 -9999.000
-9999.000 -9999.000 2665.541 2565.989 2466.891 2368.262 2270.119 2172.479 2075.354 1978.754 1882.684 1787.148 1692.149 1597.692 1503.785 1410.442 1317.674 1225.495 1133.920 1042.961 952.627 862.926 773.853 685.394 597.509 510.230 423.587 337.605 252.300 167.667 83.672 0.145 -82.613 -164.913 -247.182 -330.131 -414.670 -501.631 -591.352 -683.988 -779.026 -875.080 -969.725 -1059.549 -1141.114 -1211.739 -1270.149 -1316.138 -1348.308 -1366.889 -1380.265 -1390.723 -1399.130 -1405.980 -1411.654 -1416.419 -1420.476 -1423.977 -1427.036 -1429.740 -1432.158 -1434.342 -1436.333 -1438.166 -1439.865 -1441.452 -1442.944 -1444.355 -1445.695 -1446.975 -1448.200 -1449.377 -1450.511 -1451.606 -1452.665 -1453.690 -1454.684 -1455.647 -1456.582 -1457.488 -1458.366 -1459.216 -1460.040 -1460.836 -1461.604 -1462.344 -1463.056 -1463.739 -1464.393 -1465.016 -1465.609 -1466.170 -1466.698 -1467.194 -1467.655 -1468.082 -1468.473 -1468.831 -1469.163 -1469.583 -1471.243 -1484.160 -9999.000 -9999.000
-9999.000 -9999.000 2665.541 2565.989 2466.891 2368.262 2270.119 2172.479 2075.354 1978.754 1882.684 1787.148 1692.149 1597.692 1503.785 1410.442 1317.674 1225.495 1133.920 1042.961 952.627 862.926 773.853 685.394 597.509 510.230 423.587 337.605 252.300 167.667 83.672 0.145 -82.613 -164.913 -247.182 -330.131 -414.670 -501.631 -591.352 -683.988 -779.026 -875.080 -969.725 -1059.549 -1141.114 -1211.739 -1270.149 -1316.138 -1348.308 -1366.889 -1380.265 -1390.723 -1399.130 -1405.980 -1411.654 -1416.419 -1420.476 -1423.977 -1427.036 -1429.740 -1432.158 -1434.342 -1436.333 -1438.166 -1439.865 -1441.452 -1442.944 -1444.355 -1445.695 -1446.975 -1448.200 -1449.377 -1450.511 -1451.606 -1452.665 -1453.690 -1454.684 -1455.647 -1456.582 -1457.488 -1458.366 -1459.216 -1460.040 -1460.836 -1461.604 -1462.344 -1463.056 -1463.739 -1464.393 -1465.016 -1465.609 -1466.170 -1466.698 -1467.194 -1467.655 -1468.082 -1468.473 -1468.831 -1469.163 -1469.583 -1471.243 -1484.160 -9999.000 -9999.000
-9999.000 -9999.000 -9999.000 -9999.000 -9999.000 -9999.000 -9999.000 -9999.000 -9999.000 -9999.000 -9999.000 -9999.000 -9999.000 -9999.000 -9999.000 -9999.000 -9999.000 -9999.000 -9999.000 -9999.000 -9999.000 -9999.000 -9999.000 -9999.000 -9999.000 -9999.000 -9999.000 -9999.000 -9999.000 -9999.000 -9999.000 -9999.000 -9999.000 -9999.000 -9999.000 -9999.000 -9999.000 -9999.000 -9999.000 -9999.000 -9999.000 -9999.000 -9999.000 -9999.000 -9999.000 -9999.000 -9999.000 -9999.000 -9999.000 -9999.000 -9999.000 -9999.000 -9999.000 -9999.000 -9999.000 -9999.000 -9999.000 -9999.000 -9999.000 -9999.000 -9999.000 -9999.000 -9999.000 -9999.000 -9999.000 -9999.000 -9999.000 -9999.000 -9999.000 -9999.000 -9999.000 -9999.000 -9999.000 -9999.000 -9999.000 -9999.000 -9999.000 -9999.000 -9999.000 -9999.000 -9999.000 -9999.000 -9999.000 -9999.000 -9999.000 -9999.000 -9999.000 -9999.000 -9999.000 -9999.000 -9999.000 -9999.000 -9999.000 -9999.000 -9999.000 -9999.000 -9999.000 -9999.000 -9999.000 -9999.000 -9999.000 -9999.000 -9999.000 -9999.000
-9999.000 -9999.000 -9999.000 -9999.000 -9999.000 -9999.000 -9999.000 -9999.000 -9999.000 -9999.000 -9999.000 -9999.000 -9999.000 -9999.000 -9999.000 -9999.000 -9999.000 -9999.000 -9999.000 -9999.000 -9999.000 -9999.000 -9999.000 -9999.000 -9999.000 -9999.000 -9999.000 -9999.000 -9999.000 -9999.000 -9999.000 -9999.000 -9999.000 -9999.000 -9999.000 -9999.000 -9999.000 -9999.000 -9999.000 -9999.000 -9999.000 -9999.000 -9999.000 -9999.000 -9999.000 -9999.000 -9999.000 -9999.000 -9999.000 -9999.000 -9999.000 -9999.000 -9999.000 -9999.000 -9999.000 -9999.000 -9999.000 -9999.000 -9999.000 -9999.000 -9999.000 -9999.000 -9999.000 -9999.000 -9999.000 -9999.000 -9999.000 -9999.000 -9999.000 -9999.000 -9999.000 -9999.000 -9999.000 -9999.000 -9999.000 -9999.000 -9999.000 -9999.000 -9999.000 -9999.000 -9999.000 -9999.000 -9999.000 -9999.000 -9999.000 -9999.000 -9999.000 -9999.000 -9999.000 -9999.000 -9999.000 -9999.000 -9999.000 -9999.000 -9999.000 -9999.000 -9999.000 -9999.000 -9999.000 -9999.000 -9999.000 -9999.000 -9999.000 -9999.000