examples/3D/hillslope01/output-maps-METEOIO-ON/psiliqL0051N0003.asc
ncols         104
nrows         10
xllcorner     -2.000000
yllcorner     0.000000
cellsize      1.000000
NODATA_value  -9999.0
-9999.000 -9999.000 -9999.000 -9999.000 -9999.000 -9999.000 -9999.000 -9999.000 -9999.000 -9999.000 -9999.000 -9999.000 -9999.000 -9999.000 -9999.000 -9999.000 -9999.000 -9999.000 -9999.000 -9999.000 -9999.000 -9999.000 -9999.000 -9999.000 -9999.000 -9999.000 -9999.000 -9999.000 -9999.000 -9999.000 -9999.000 -9999.000 -9999.000 -9999.000 -9999.000 -9999.000 -9999.000 -9999.000 -9999.000 -9999.000 -9999.000 -9999.000 -9999.000 -9999.000 -9999.000 -9999.000 -9999.000 -9999.000 -9999.000 -9999.000 -9999.000 -9999.000 -9999.000 -9999.000 -9999.000 -9999.000 -9999.000 -9999.000 -9999.000 -9999.000 -9999.000 -9999.000 -9999.000 -9999.000 -9999.000 -9999.000 -9999.000 -9999.000 -9999.000 -9999.000 -9999.000 -9999.000 -9999.000 -9999.000 -9999.000 -9999.000 -9999.000 -9999.000 -9999.000 -9999.000 -9999.000 -9999.000 -9999.000 -9999.000 -9999.000 -9999.000 -9999.000 -9999.000 -9999.000 -9999.000 -9999.000 -9999.000 -9999.000 -9999.000 -9999.000 -9999.000 -9999.000 -9999.000 -9999.000 -9999.000 -9999.000 -9999.000 -9999.000 -9999.000
-9999.000 -9999.000 -9999.000 -9999.000 -9999.000 -9999.000 -9999.000 -9999.000 -9999.000 -9999.000 -9999.000 -9999.000 -9999.000 -9999.000 -9999.000 -9999.000 -9999.000 -9999.000 -9999.000 -9999.000 -9999.000 -9999.000 -9999.000 -9999.000 -9999.000 -9999.000 -9999.000 -9999.000 -9999.000 -9999.000 -9999.000 -9999.000 -9999.000 -9999.000 -9999.000 -9999.000 -9999.000 -9999.000 -9999.000 -9999.000 -9999.000 -9999.000 -9999.000 -9999.000 -9999.000 -9999.000 -9999.000 -9999.000 -9999.000 -9999.000 -9999.000 -9999.000 -9999.000 -9999.000 -9999.000 -9999.000 -9999.000 -9999.000 -9999.000 -9999.000 -9999.000 -9999.000 -9999.000 -9999.000 -9999.000 -9999.000 -9999.000 -9999.000 -9999.000 -9999.000 -9999.000 -9999.000 -9999.000 -9999.000 -9999.000 -9999.000 -9999.000 -9999.000 -9999.000 -9999.000 -9999.000 -9999.000 -9999.000 -9999.000 -9999.000 -9999.000 -9999.000 -9999.000 -9999.000 -9999.000 -9999.000 -9999.000 -9999.000 -9999.000 -9999.000 -9999.000 -9999.000 -9999.000 -9999.000 -9999.000 -9999.000 -9999.000 -9999.000 -9999.000
-9999.000 -9999.000 4447.113 4347.295 4247.664 4148.230 4049.005 3950.002 3851.230 3752.697 3654.413 3556.383 3458.614 3361.112 3263.880 3166.923 3070.243 2973.844 2877.727 2781.897 2686.356 2591.110 2496.164 2401.521 2307.187 2213.167 2119.465 2026.085 1933.031 1840.305 1747.911 1655.849 1564.118 1472.714 1381.634 1290.873 1200.445 1110.358 1020.615 931.221 842.175 753.476 665.116 577.082 489.348 401.918 314.851 228.143 141.787 55.776 -29.883 -115.216 -200.375 -285.132 -369.164 -451.227 -530.163 -604.594 -673.129 -734.488 -788.046 -833.853 -872.369 -904.319 -930.572 -952.069 -969.676 -984.130 -996.053 -1005.959 -1014.258 -1021.276 -1027.269 -1032.440 -1036.945 -1040.911 -1044.433 -1047.589 -1050.439 -1053.032 -1055.405 -1057.589 -1059.607 -1061.480 -1063.222 -1064.847 -1066.363 -1067.778 -1069.100 -1070.332 -1071.480 -1072.545 -1073.531 -1074.439 -1075.271 -1076.028 -1076.714 -1077.345 -1078.011 -1079.248 -1083.793 -1104.101 -9999.000 -9999.000
-9999.000 -9999.000 4447.113 4347.295 4247.664 4148.230 4049.005 3950.002 3851.230 3752.697 3654.413 3556.383 3458.614 3361.112 3263.880 3166.923 3070.243 2973.844 2877.727 2781.897 2686.356 2591.110 2496.164 2401.521 2307.187 2213.167 2119.465 2026.085 1933.031 1840.305 1747.911 1655.849 1564.118 1472.714 1381.634 1290.873 1200.445 1110.358 1020.615 931.221 842.175 753.476 665.116 577.082 489.348 401.918 314.851 228.143 141.787 55.776 -29.883 -115.216 -200.375 -285.132 -369.164 -451.227 -530.163 -604.594 -673.129 -734.488 -788.046 -833.853 -872.369 -904.319 -930.572 -952.069 -969.676 -984.130 -996.053 -1005.959 -1014.258 -1021.276 -1027.269 -1032.440 -1036.945 -1040.911 -1044.433 -1047.589 -1050.439 -1053.032 -1055.405 -1057.589 -1059.607 -1061.480 -1063.222 -1064.847 -1066.363 -1067.778 -1069.100 -1070.332 -1071.480 -1072.545 -1073.531 -1074.439 -1075.271 -1076.028 -1076.714 -1077.345 -1078.011 -1079.248 -1083.793 -1104.101 -9999.000 -9999.000
-9999.000 -9999.000 4447.113 4347.295 4247.664 4148.230 4049.005 3950.002 3851.230 3752.697 3654.413 3556.383 3458.614 3361.112 3263.880 3166.923 3070.243 2973.844 2877.727 2781.897 2686.356 2591.110 2496.164 2401.521 2307.187 2213.167 2119.465 2026.085 1933.031 1840.305 1747.911 1655.849 1564.118 1472.714 1381.634 1290.873 1200.445 1110.358 1020.615 931.221 842.175 753.476 665.116 577.082 489.348 401.918 314.851 228.143 141.787 55.776 -29.883 -115.216 -200.375 -285.132 -369.164 -451.227 -530.163 -604.594 -673.129 -734.488 -788.046 -833.853 -872.369 -904.319 -930.572 -952.069 -969.676 -984.130 -996.053 -1005.959 -1014.258 -1021.276 -1027.269 -1032.440 -1036.945 -1040.911 -1044.433 -1047.589 -1050.439 -1053.032 -1055.405 -1057.589 -1059.607 -1061.480 -1063.222 -1064.847 -1066.363 -1067.778 -1069.100 -1070.332 -1071.480 -1072.545 -1073.531 -1074.439 -1075.271 -1076.028 -1076.714 -1077.345 -1078.011 -1079.248 -1083.793 -1104.101 -9999.000 -9999.000
-9999.000 -9999.000 4447.113 4347.295 4247.664 4148.230 4049.005 3950.002 3851.230 3752.697 3654.413 3556.383 3458.614 3361.112 3263.880 3166.923 3070.243 2973.844 2877.727 2781.897 2686.356 2591.110 2496.164 2401.521 2307.187 2213.167 2119.465 2026.085 1933.031 1840.305 1747.911 1655.849 1564.118 1472.714 1381.634 1290.873 1200.445 1110.358 1020.615 931.221 842.175 753.476 665.116 577.082 489.348 401.918 314.851 228.143 141.787 55.776 -29.883 -115.216 -200.375 -285.132 -369.164 -451.227 -530.163 -604.594 -673.129 -734.488 -788.046 -833.853 -872.369 -904.319 -930.572 -952.069 -969.676 -984.130 -996.053 -1005.959 -1014.258 -1021.276 -1027.269 -1032.440 -1036.945 -1040.911 -1044.433 -1047.589 -1050.439 -1053.032 -1055.405 -1057.589 -1059.607 -1061.480 -1063.222 -1064.847 -1066.363 -1067.778 -1069.100 -1070.332 -1071.480 -1072.545 -1073.531 -1074.439 -1075.271 -1076.028 -1076.714 -1077.345 -1078.011 -1079.248 -1083.793 -1104.101 -9999.000 -9999.000
-9999.000 -9999.000 4447.113 4347.295 4247.664 4148.230 4049.005 3950.002 3851.230 3752.697 3654.413 3556.383 3458.614 3361.112 3263.880 3166.923 3070.243 2973.844 2877.727 2781.897 2686.356 2591.110 2496.164 2401.521 2307.187 2213.167 2119.465 2026.085 1933.031 1840.305 1747.911 1655.849 1564.118 1472.714 1381.634 1290.873 1200.445 1110.358 1020.615 931.221 842.175 753.476 665.116 577.082 489.348 401.918 314.851 228.143 141.787 55.776 -29.883 -115.216 -200.375 -285.132 -369.164 -451.227 -530.163 -604.594 -673.129 -734.488 -788.046 -833.853 -872.369 -904.319 -930.572 -952.069 -969.676 -984.130 -996.053 -1005.959 -1014.258 -1021.276 -1027.269 -1032.440 -1036.945 -1040.911 -1044.433 -1047.589 -1050.439 -1053.032 -1055.405 -1057.589 -1059.607 -1061.480 -1063.222 -1064.847 -1066.363 -1067.778 -1069.100 -1070.332 -1071.480 -1072.545 -1073.531 -1074.439 -1075.271 -1076.028 -1076.714 -1077.345 -1078.011 -1079.248 -1083.793 -1104.101 -9999.000 -9999.000
-9999.000 -9999.000 4447.113 4347.295 4247.664 4148.230 4049.005 3950.002 3851.230 3752.697 3654.413 3556.383 3458.614 3361.112 3263.880 3166.923 3070.243 2973.844 2877.727 2781.897 2686.356 2591.110 2496.164 2401.521 2307.187 2213.167 2119.465 2026.085 1933.031 1840.305 1747.911 1655.849 1564.118 1472.714 1381.634 1290.873 1200.445 1110.358 1020.615 931.221 842.175 753.476 665.116 577.082 489.348 401.918 314.851 228.143 141.787 55.776 -29.883 -115.216 -200.375 -285.132 -369.164 -451.227 -530.163 -604.594 -673.129 -734.488 -788.046 -833.853 -872.369 -904.319 -930.572 -952.069 -969.676 -984.130 -996.053 -1005.959 -1014.258 -1021.276 -1027.269 -1032.440 -1036.945 -1040.911 -1044.433 -1047.589 -1050.439 -1053.032 -1055.405 -1057.589 -1059.607 -1061.480 -1063.222 -1064.847 -1066.363 -1067.778 -1069.100 -1070.332 -1071.480 -1072.545 -1073.531 -1074.439 -1075.271 -1076.028 -1076.714 -1077.345 -1078.011 -1079.248 -1083.793 -1104.101 -9999.000 -9999.000
-9999.000 -9999.000 -9999.000 -9999.000 -9999.000 -9999.000 -9999.000 -9999.000 -9999.000 -9999.000 -9999.000 -9999.000 -9999.000 -9999.000 -9999.000 -9999.000 -9999.000 -9999.000 -9999.000 -9999.000 -9999.000 -9999.000 -9999.000 -9999.000 -9999.000 -9999.000 -9999.000 -9999.000 -9999.000 -9999.000 -9999.000 -9999.000 -9999.000 -9999.000 -9999.000 -9999.000 -9999.000 -9999.000 -9999.000 -9999.000 -9999.000 -9999.000 -9999.000 -9999.000 -9999.000 -9999.000 -9999.000 -9999.000 -9999.000 -9999.000 -9999.000 -9999.000 -9999.000 -9999.000 -9999.000 -9999.000 -9999.000 -9999.000 -9999.000 -9999.000 -9999.000 -9999.000 -9999.000 -9999.000 -9999.000 -9999.000 -9999.000 -9999.000 -9999.000 -9999.000 -9999.000 -9999.000 -9999.000 -9999.000 -9999.000 -9999.000 -9999.000 -9999.000 -9999.000 -9999.000 -9999.000 -9999.000 -9999.000 -9999.000 -9999.000 -9999.000 -9999.000 -9999.000 -9999.000 -9999.000 -9999.000 -9999.000 -9999.000 -9999.000 -9999.000 -9999.000 -9999.000 -9999.000 -9999.000 -9999.000 -9999.000 -9999.000 -9999.000 -9999.000
-9999.000 -9999.000 -9999.000 -9999.000 -9999.000 -9999.000 -9999.000 -9999.000 -9999.000 -9999.000 -9999.000 -9999.000 -9999.000 -9999.000 -9999.000 -9999.000 -9999.000 -9999.000 -9999.000 -9999.000 -9999.000 -9999.000 -9999.000 -9999.000 -9999.000 -9999.000 -9999.000 -9999.000 -9999.000 -9999.000 -9999.000 -9999.000 -9999.000 -9999.000 -9999.000 -9999.000 -9999.000 -9999.000 -9999.000 -9999.000 -9999.000 -9999.000 -9999.000 -9999.000 -9999.000 -9999.000 -9999.000 -9999.000 -9999.000 -9999.000 -9999.000 -9999.000 -9999.000 -9999.000 -9999.000 -9999.000 -9999.000 -9999.000 -9999.000 -9999.000 -9999.000 -9999.000 -9999.000 -9999.000 -9999.000 -9999.000 -9999.000 -9999.000 -9999.000 -9999.000 -9999.000 -9999.000 -9999.000 -9999.000 -9999.000 -9999.000 -9999.000 -9999.000 -9999.000 -9999.000 -9999.000 -9999.000 -9999.000 -9999.000 -9999.000 -9999.000 -9999.000 -9999.000 -9999.000 -9999.000 -9999.000 -9999.000 -9999.000 -9999.000 -9999.000 -9999.000 -9999.000 -9999.000 -9999.000 -9999.000 -9999.000 -9999.000 -9999.000 -9999.000