examples/3D/hillslope01/output-maps-METEOIO-ON/psiliqL0082N0001.asc
ncols         104
nrows         10
xllcorner     -2.000000
yllcorner     0.000000
cellsize      1.000000
NODATA_value  -9999.0
-9999.000 -9999.000 -9999.000 -9999.000 -9999.000 -9999.000 -9999.000 -9999.000 -9999.000 -9999.000 -9999.000 -9999.000 -9999.000 -9999.000 -9999.000 -9999.000 -9999.000 -9999.000 -9999.000 -9999.000 -9999.000 -9999.000 -9999.000 -9999.000 -9999.000 -9999.000 -9999.000 -9999.000 -9999.000 -9999.000 -9999.000 -9999.000 -9999.000 -9999.000 -9999.000 -9999.000 -9999.000 -9999.000 -9999.000 -9999.000 -9999.000 -9999.000 -9999.000 -9999.000 -9999.000 -9999.000 -9999.000 -9999.000 -9999.000 -9999.000 -9999.000 -9999.000 -9999.000 -9999.000 -9999.000 -9999.000 -9999.000 -9999.000 -9999.000 -9999.000 -9999.000 -9999.000 -9999.000 -9999.000 -9999.000 -9999.000 -9999.000 -9999.000 -9999.000 -9999.000 -9999.000 -9999.000 -9999.000 -9999.000 -9999.000 -9999.000 -9999.000 -9999.000 -9999.000 -9999.000 -9999.000 -9999.000 -9999.000 -9999.000 -9999.000 -9999.000 -9999.000 -9999.000 -9999.000 -9999.000 -9999.000 -9999.000 -9999.000 -9999.000 -9999.000 -9999.000 -9999.000 -9999.000 -9999.000 -9999.000 -9999.000 -9999.000 -9999.000 -9999.000
-9999.000 -9999.000 -9999.000 -9999.000 -9999.000 -9999.000 -9999.000 -9999.000 -9999.000 -9999.000 -9999.000 -9999.000 -9999.000 -9999.000 -9999.000 -9999.000 -9999.000 -9999.000 -9999.000 -9999.000 -9999.000 -9999.000 -9999.000 -9999.000 -9999.000 -9999.000 -9999.000 -9999.000 -9999.000 -9999.000 -9999.000 -9999.000 -9999.000 -9999.000 -9999.000 -9999.000 -9999.000 -9999.000 -9999.000 -9999.000 -9999.000 -9999.000 -9999.000 -9999.000 -9999.000 -9999.000 -9999.000 -9999.000 -9999.000 -9999.000 -9999.000 -9999.000 -9999.000 -9999.000 -9999.000 -9999.000 -9999.000 -9999.000 -9999.000 -9999.000 -9999.000 -9999.000 -9999.000 -9999.000 -9999.000 -9999.000 -9999.000 -9999.000 -9999.000 -9999.000 -9999.000 -9999.000 -9999.000 -9999.000 -9999.000 -9999.000 -9999.000 -9999.000 -9999.000 -9999.000 -9999.000 -9999.000 -9999.000 -9999.000 -9999.000 -9999.000 -9999.000 -9999.000 -9999.000 -9999.000 -9999.000 -9999.000 -9999.000 -9999.000 -9999.000 -9999.000 -9999.000 -9999.000 -9999.000 -9999.000 -9999.000 -9999.000 -9999.000 -9999.000
-9999.000 -9999.000 6268.204 6169.471 6072.008 5975.823 5880.926 5787.331 5695.053 5604.109 5514.516 5426.291 5339.450 5254.005 5169.968 5087.346 5006.147 4926.377 4848.040 4771.136 4695.665 4621.622 4549.001 4477.795 4407.991 4339.578 4272.538 4206.853 4142.503 4079.463 4017.709 3957.213 3897.943 3839.869 3782.955 3727.168 3672.470 3618.823 3566.187 3514.518 3463.771 3413.903 3364.863 3316.607 3269.081 3222.241 3176.035 3130.422 3085.348 3040.765 2996.618 2952.852 2909.416 2866.254 2823.326 2780.575 2737.960 2695.423 2652.911 2610.373 2567.752 2525.021 2482.115 2438.999 2395.610 2351.899 2307.817 2263.304 2218.335 2172.835 2126.801 2080.148 2032.858 1984.846 1936.093 1886.515 1836.095 1784.742 1732.453 1679.113 1624.757 1569.245 1512.609 1454.726 1395.539 1335.023 1273.013 1209.592 1144.606 1077.879 1009.546 939.416 867.274 793.106 716.940 638.499 557.561 473.973 387.615 298.414 206.044 110.036 -9999.000 -9999.000
-9999.000 -9999.000 6268.204 6169.471 6072.008 5975.823 5880.926 5787.331 5695.053 5604.109 5514.516 5426.291 5339.450 5254.005 5169.968 5087.346 5006.147 4926.377 4848.040 4771.136 4695.665 4621.622 4549.001 4477.795 4407.991 4339.578 4272.538 4206.853 4142.503 4079.463 4017.709 3957.213 3897.943 3839.869 3782.955 3727.168 3672.470 3618.823 3566.187 3514.518 3463.771 3413.903 3364.863 3316.607 3269.081 3222.241 3176.035 3130.422 3085.348 3040.765 2996.618 2952.852 2909.416 2866.254 2823.326 2780.575 2737.960 2695.423 2652.911 2610.373 2567.752 2525.021 2482.115 2438.999 2395.610 2351.899 2307.817 2263.304 2218.335 2172.835 2126.801 2080.148 2032.858 1984.846 1936.093 1886.515 1836.095 1784.742 1732.453 1679.113 1624.757 1569.245 1512.609 1454.726 1395.539 1335.023 1273.013 1209.592 1144.606 1077.879 1009.546 939.416 867.274 793.106 716.940 638.499 557.561 473.973 387.615 298.414 206.044 110.036 -9999.000 -9999.000
-9999.000 -9999.000 6268.204 6169.471 6072.008 5975.823 5880.926 5787.331 5695.053 5604.109 5514.516 5426.291 5339.450 5254.005 5169.968 5087.346 5006.147 4926.377 4848.040 4771.136 4695.665 4621.622 4549.001 4477.795 4407.991 4339.578 4272.538 4206.853 4142.503 4079.463 4017.709 3957.213 3897.943 3839.869 3782.955 3727.168 3672.470 3618.823 3566.187 3514.518 3463.771 3413.903 3364.863 3316.607 3269.081 3222.241 3176.035 3130.422 3085.348 3040.765 2996.618 2952.852 2909.416 2866.254 2823.326 2780.575 2737.960 2695.423 2652.911 2610.373 2567.752 2525.021 2482.115 2438.999 2395.610 2351.899 2307.817 2263.304 2218.335 2172.835 2126.801 2080.148 2032.858 1984.846 1936.093 1886.515 1836.095 1784.742 1732.453 1679.113 1624.757 1569.245 1512.609 1454.726 1395.539 1335.023 1273.013 1209.592 1144.606 1077.879 1009.546 939.416 867.274 793.106 716.940 638.499 557.561 473.973 387.615 298.414 206.044 110.036 -9999.000 -9999.000
-9999.000 -9999.000 6268.204 6169.471 6072.008 5975.823 5880.926 5787.331 5695.053 5604.109 5514.516 5426.291 5339.450 5254.005 5169.968 5087.346 5006.147 4926.377 4848.040 4771.136 4695.665 4621.622 4549.001 4477.795 4407.991 4339.578 4272.538 4206.853 4142.503 4079.463 4017.709 3957.213 3897.943 3839.869 3782.955 3727.168 3672.470 3618.823 3566.187 3514.518 3463.771 3413.903 3364.863 3316.607 3269.081 3222.241 3176.035 3130.422 3085.348 3040.765 2996.618 2952.852 2909.416 2866.254 2823.326 2780.575 2737.960 2695.423 2652.911 2610.373 2567.752 2525.021 2482.115 2438.999 2395.610 2351.899 2307.817 2263.304 2218.335 2172.835 2126.801 2080.148 2032.858 1984.846 1936.093 1886.515 1836.095 1784.742 1732.453 1679.113 1624.757 1569.245 1512.609 1454.726 1395.539 1335.023 1273.013 1209.592 1144.606 1077.879 1009.546 939.416 867.274 793.106 716.940 638.499 557.561 473.973 387.615 298.414 206.044 110.036 -9999.000 -9999.000
-9999.000 -9999.000 6268.204 6169.471 6072.008 5975.823 5880.926 5787.331 5695.053 5604.109 5514.516 5426.291 5339.450 5254.005 5169.968 5087.346 5006.147 4926.377 4848.040 4771.136 4695.665 4621.622 4549.001 4477.795 4407.991 4339.578 4272.538 4206.853 4142.503 4079.463 4017.709 3957.213 3897.943 3839.869 3782.955 3727.168 3672.470 3618.823 3566.187 3514.518 3463.771 3413.903 3364.863 3316.607 3269.081 3222.241 3176.035 3130.422 3085.348 3040.765 2996.618 2952.852 2909.416 2866.254 2823.326 2780.575 2737.960 2695.423 2652.911 2610.373 2567.752 2525.021 2482.115 2438.999 2395.610 2351.899 2307.817 2263.304 2218.335 2172.835 2126.801 2080.148 2032.858 1984.846 1936.093 1886.515 1836.095 1784.742 1732.453 1679.113 1624.757 1569.245 1512.609 1454.726 1395.539 1335.023 1273.013 1209.592 1144.606 1077.879 1009.546 939.416 867.274 793.106 716.940 638.499 557.561 473.973 387.615 298.414 206.044 110.036 -9999.000 -9999.000
-9999.000 -9999.000 6268.204 6169.471 6072.008 5975.823 5880.926 5787.331 5695.053 5604.109 5514.516 5426.291 5339.450 5254.005 5169.968 5087.346 5006.147 4926.377 4848.040 4771.136 4695.665 4621.622 4549.001 4477.795 4407.991 4339.578 4272.538 4206.853 4142.503 4079.463 4017.709 3957.213 3897.943 3839.869 3782.955 3727.168 3672.470 3618.823 3566.187 3514.518 3463.771 3413.903 3364.863 3316.607 3269.081 3222.241 3176.035 3130.422 3085.348 3040.765 2996.618 2952.852 2909.416 2866.254 2823.326 2780.575 2737.960 2695.423 2652.911 2610.373 2567.752 2525.021 2482.115 2438.999 2395.610 2351.899 2307.817 2263.304 2218.335 2172.835 2126.801 2080.148 2032.858 1984.846 1936.093 1886.515 1836.095 1784.742 1732.453 1679.113 1624.757 1569.245 1512.609 1454.726 1395.539 1335.023 1273.013 1209.592 1144.606 1077.879 1009.546 939.416 867.274 793.106 716.940 638.499 557.561 473.973 387.615 298.414 206.044 110.036 -9999.000 -9999.000
-9999.000 -9999.000 -9999.000 -9999.000 -9999.000 -9999.000 -9999.000 -9999.000 -9999.000 -9999.000 -9999.000 -9999.000 -9999.000 -9999.000 -9999.000 -9999.000 -9999.000 -9999.000 -9999.000 -9999.000 -9999.000 -9999.000 -9999.000 -9999.000 -9999.000 -9999.000 -9999.000 -9999.000 -9999.000 -9999.000 -9999.000 -9999.000 -9999.000 -9999.000 -9999.000 -9999.000 -9999.000 -9999.000 -9999.000 -9999.000 -9999.000 -9999.000 -9999.000 -9999.000 -9999.000 -9999.000 -9999.000 -9999.000 -9999.000 -9999.000 -9999.000 -9999.000 -9999.000 -9999.000 -9999.000 -9999.000 -9999.000 -9999.000 -9999.000 -9999.000 -9999.000 -9999.000 -9999.000 -9999.000 -9999.000 -9999.000 -9999.000 -9999.000 -9999.000 -9999.000 -9999.000 -9999.000 -9999.000 -9999.000 -9999.000 -9999.000 -9999.000 -9999.000 -9999.000 -9999.000 -9999.000 -9999.000 -9999.000 -9999.000 -9999.000 -9999.000 -9999.000 -9999.000 -9999.000 -9999.000 -9999.000 -9999.000 -9999.000 -9999.000 -9999.000 -9999.000 -9999.000 -9999.000 -9999.000 -9999.000 -9999.000 -9999.000 -9999.000 -9999.000
-9999.000 -9999.000 -9999.000 -9999.000 -9999.000 -9999.000 -9999.000 -9999.000 -9999.000 -9999.000 -9999.000 -9999.000 -9999.000 -9999.000 -9999.000 -9999.000 -9999.000 -9999.000 -9999.000 -9999.000 -9999.000 -9999.000 -9999.000 -9999.000 -9999.000 -9999.000 -9999.000 -9999.000 -9999.000 -9999.000 -9999.000 -9999.000 -9999.000 -9999.000 -9999.000 -9999.000 -9999.000 -9999.000 -9999.000 -9999.000 -9999.000 -9999.000 -9999.000 -9999.000 -9999.000 -9999.000 -9999.000 -9999.000 -9999.000 -9999.000 -9999.000 -9999.000 -9999.000 -9999.000 -9999.000 -9999.000 -9999.000 -9999.000 -9999.000 -9999.000 -9999.000 -9999.000 -9999.000 -9999.000 -9999.000 -9999.000 -9999.000 -9999.000 -9999.000 -9999.000 -9999.000 -9999.000 -9999.000 -9999.000 -9999.000 -9999.000 -9999.000 -9999.000 -9999.000 -9999.000 -9999.000 -9999.000 -9999.000 -9999.000 -9999.000 -9999.000 -9999.000 -9999.000 -9999.000 -9999.000 -9999.000 -9999.000 -9999.000 -9999.000 -9999.000 -9999.000 -9999.000 -9999.000 -9999.000 -9999.000 -9999.000 -9999.000 -9999.000 -9999.000