examples/3D/hillslope01/output-maps-METEOIO-ON/psiliqL0036N0001.asc
ncols         104
nrows         10
xllcorner     -2.000000
yllcorner     0.000000
cellsize      1.000000
NODATA_value  -9999.0
-9999.000 -9999.000 -9999.000 -9999.000 -9999.000 -9999.000 -9999.000 -9999.000 -9999.000 -9999.000 -9999.000 -9999.000 -9999.000 -9999.000 -9999.000 -9999.000 -9999.000 -9999.000 -9999.000 -9999.000 -9999.000 -9999.000 -9999.000 -9999.000 -9999.000 -9999.000 -9999.000 -9999.000 -9999.000 -9999.000 -9999.000 -9999.000 -9999.000 -9999.000 -9999.000 -9999.000 -9999.000 -9999.000 -9999.000 -9999.000 -9999.000 -9999.000 -9999.000 -9999.000 -9999.000 -9999.000 -9999.000 -9999.000 -9999.000 -9999.000 -9999.000 -9999.000 -9999.000 -9999.000 -9999.000 -9999.000 -9999.000 -9999.000 -9999.000 -9999.000 -9999.000 -9999.000 -9999.000 -9999.000 -9999.000 -9999.000 -9999.000 -9999.000 -9999.000 -9999.000 -9999.000 -9999.000 -9999.000 -9999.000 -9999.000 -9999.000 -9999.000 -9999.000 -9999.000 -9999.000 -9999.000 -9999.000 -9999.000 -9999.000 -9999.000 -9999.000 -9999.000 -9999.000 -9999.000 -9999.000 -9999.000 -9999.000 -9999.000 -9999.000 -9999.000 -9999.000 -9999.000 -9999.000 -9999.000 -9999.000 -9999.000 -9999.000 -9999.000 -9999.000
-9999.000 -9999.000 -9999.000 -9999.000 -9999.000 -9999.000 -9999.000 -9999.000 -9999.000 -9999.000 -9999.000 -9999.000 -9999.000 -9999.000 -9999.000 -9999.000 -9999.000 -9999.000 -9999.000 -9999.000 -9999.000 -9999.000 -9999.000 -9999.000 -9999.000 -9999.000 -9999.000 -9999.000 -9999.000 -9999.000 -9999.000 -9999.000 -9999.000 -9999.000 -9999.000 -9999.000 -9999.000 -9999.000 -9999.000 -9999.000 -9999.000 -9999.000 -9999.000 -9999.000 -9999.000 -9999.000 -9999.000 -9999.000 -9999.000 -9999.000 -9999.000 -9999.000 -9999.000 -9999.000 -9999.000 -9999.000 -9999.000 -9999.000 -9999.000 -9999.000 -9999.000 -9999.000 -9999.000 -9999.000 -9999.000 -9999.000 -9999.000 -9999.000 -9999.000 -9999.000 -9999.000 -9999.000 -9999.000 -9999.000 -9999.000 -9999.000 -9999.000 -9999.000 -9999.000 -9999.000 -9999.000 -9999.000 -9999.000 -9999.000 -9999.000 -9999.000 -9999.000 -9999.000 -9999.000 -9999.000 -9999.000 -9999.000 -9999.000 -9999.000 -9999.000 -9999.000 -9999.000 -9999.000 -9999.000 -9999.000 -9999.000 -9999.000 -9999.000 -9999.000
-9999.000 -9999.000 1690.095 1591.285 1493.667 1397.266 1302.101 1208.190 1115.557 1024.240 934.282 845.734 758.641 673.034 588.892 506.109 424.727 344.856 266.569 189.751 114.227 40.265 -32.000 -102.994 -173.334 -243.392 -314.582 -388.111 -464.659 -545.595 -631.331 -721.369 -815.124 -909.915 -1002.408 -1088.916 -1165.518 -1230.181 -1282.182 -1322.608 -1353.308 -1376.375 -1393.700 -1406.798 -1416.803 -1424.622 -1430.656 -1435.173 -1436.887 -1438.143 -1439.233 -1440.209 -1441.094 -1441.906 -1442.659 -1443.363 -1444.027 -1444.659 -1445.263 -1445.847 -1446.412 -1446.964 -1447.504 -1448.035 -1448.558 -1449.076 -1449.590 -1450.100 -1450.606 -1451.111 -1451.613 -1452.113 -1452.611 -1453.106 -1453.599 -1454.090 -1454.577 -1455.060 -1455.539 -1456.013 -1456.482 -1456.944 -1457.398 -1457.845 -1458.283 -1458.712 -1459.129 -1459.535 -1459.929 -1460.308 -1460.674 -1461.024 -1461.357 -1461.672 -1461.969 -1462.246 -1462.503 -1462.740 -1462.956 -1463.177 -1463.826 -1471.618 -9999.000 -9999.000
-9999.000 -9999.000 1690.095 1591.285 1493.667 1397.266 1302.101 1208.190 1115.557 1024.240 934.282 845.734 758.641 673.034 588.892 506.109 424.727 344.856 266.569 189.751 114.227 40.265 -32.000 -102.994 -173.334 -243.392 -314.582 -388.111 -464.659 -545.595 -631.331 -721.369 -815.124 -909.915 -1002.408 -1088.916 -1165.518 -1230.181 -1282.182 -1322.608 -1353.308 -1376.375 -1393.700 -1406.798 -1416.803 -1424.622 -1430.656 -1435.173 -1436.887 -1438.143 -1439.233 -1440.209 -1441.094 -1441.906 -1442.659 -1443.363 -1444.027 -1444.659 -1445.263 -1445.847 -1446.412 -1446.964 -1447.504 -1448.035 -1448.558 -1449.076 -1449.590 -1450.100 -1450.606 -1451.111 -1451.613 -1452.113 -1452.611 -1453.106 -1453.599 -1454.090 -1454.577 -1455.060 -1455.539 -1456.013 -1456.482 -1456.944 -1457.398 -1457.845 -1458.283 -1458.712 -1459.129 -1459.535 -1459.929 -1460.308 -1460.674 -1461.024 -1461.357 -1461.672 -1461.969 -1462.246 -1462.503 -1462.740 -1462.956 -1463.177 -1463.826 -1471.618 -9999.000 -9999.000
-9999.000 -9999.000 1690.095 1591.285 1493.667 1397.266 1302.101 1208.190 1115.557 1024.240 934.282 845.734 758.641 673.034 588.892 506.109 424.727 344.856 266.569 189.751 114.227 40.265 -32.000 -102.994 -173.334 -243.392 -314.582 -388.111 -464.659 -545.595 -631.331 -721.369 -815.124 -909.915 -1002.408 -1088.916 -1165.518 -1230.181 -1282.182 -1322.608 -1353.308 -1376.375 -1393.700 -1406.798 -1416.803 -1424.622 -1430.656 -1435.173 -1436.887 -1438.143 -1439.233 -1440.209 -1441.094 -1441.906 -1442.659 -1443.363 -1444.027 -1444.659 -1445.263 -1445.847 -1446.412 -1446.964 -1447.504 -1448.035 -1448.558 -1449.076 -1449.590 -1450.100 -1450.606 -1451.111 -1451.613 -1452.113 -1452.611 -1453.106 -1453.599 -1454.090 -1454.577 -1455.060 -1455.539 -1456.013 -1456.482 -1456.944 -1457.398 -1457.845 -1458.283 -1458.712 -1459.129 -1459.535 -1459.929 -1460.308 -1460.674 -1461.024 -1461.357 -1461.672 -1461.969 -1462.246 -1462.503 -1462.740 -1462.956 -1463.177 -1463.826 -1471.618 -9999.000 -9999.000
-9999.000 -9999.000 1690.095 1591.285 1493.667 1397.266 1302.101 1208.190 1115.557 1024.240 934.282 845.734 758.641 673.034 588.892 506.109 424.727 344.856 266.569 189.751 114.227 40.265 -32.000 -102.994 -173.334 -243.392 -314.582 -388.111 -464.659 -545.595 -631.331 -721.369 -815.124 -909.915 -1002.408 -1088.916 -1165.518 -1230.181 -1282.182 -1322.608 -1353.308 -1376.375 -1393.700 -1406.798 -1416.803 -1424.622 -1430.656 -1435.173 -1436.887 -1438.143 -1439.233 -1440.209 -1441.094 -1441.906 -1442.659 -1443.363 -1444.027 -1444.659 -1445.263 -1445.847 -1446.412 -1446.964 -1447.504 -1448.035 -1448.558 -1449.076 -1449.590 -1450.100 -1450.606 -1451.111 -1451.613 -1452.113 -1452.611 -1453.106 -1453.599 -1454.090 -1454.577 -1455.060 -1455.539 -1456.013 -1456.482 -1456.944 -1457.398 -1457.845 -1458.283 -1458.712 -1459.129 -1459.535 -1459.929 -1460.308 -1460.674 -1461.024 -1461.357 -1461.672 -1461.969 -1462.246 -1462.503 -1462.740 -1462.956 -1463.177 -1463.826 -1471.618 -9999.000 -9999.000
-9999.000 -9999.000 1690.095 1591.285 1493.667 1397.266 1302.101 1208.190 1115.557 1024.240 934.282 845.734 758.641 673.034 588.892 506.109 424.727 344.856 266.569 189.751 114.227 40.265 -32.000 -102.994 -173.334 -243.392 -314.582 -388.111 -464.659 -545.595 -631.331 -721.369 -815.124 -909.915 -1002.408 -1088.916 -1165.518 -1230.181 -1282.182 -1322.608 -1353.308 -1376.375 -1393.700 -1406.798 -1416.803 -1424.622 -1430.656 -1435.173 -1436.887 -1438.143 -1439.233 -1440.209 -1441.094 -1441.906 -1442.659 -1443.363 -1444.027 -1444.659 -1445.263 -1445.847 -1446.412 -1446.964 -1447.504 -1448.035 -1448.558 -1449.076 -1449.590 -1450.100 -1450.606 -1451.111 -1451.613 -1452.113 -1452.611 -1453.106 -1453.599 -1454.090 -1454.577 -1455.060 -1455.539 -1456.013 -1456.482 -1456.944 -1457.398 -1457.845 -1458.283 -1458.712 -1459.129 -1459.535 -1459.929 -1460.308 -1460.674 -1461.024 -1461.357 -1461.672 -1461.969 -1462.246 -1462.503 -1462.740 -1462.956 -1463.177 -1463.826 -1471.618 -9999.000 -9999.000
-9999.000 -9999.000 1690.095 1591.285 1493.667 1397.266 1302.101 1208.190 1115.557 1024.240 934.282 845.734 758.641 673.034 588.892 506.109 424.727 344.856 266.569 189.751 114.227 40.265 -32.000 -102.994 -173.334 -243.392 -314.582 -388.111 -464.659 -545.595 -631.331 -721.369 -815.124 -909.915 -1002.408 -1088.916 -1165.518 -1230.181 -1282.182 -1322.608 -1353.308 -1376.375 -1393.700 -1406.798 -1416.803 -1424.622 -1430.656 -1435.173 -1436.887 -1438.143 -1439.233 -1440.209 -1441.094 -1441.906 -1442.659 -1443.363 -1444.027 -1444.659 -1445.263 -1445.847 -1446.412 -1446.964 -1447.504 -1448.035 -1448.558 -1449.076 -1449.590 -1450.100 -1450.606 -1451.111 -1451.613 -1452.113 -1452.611 -1453.106 -1453.599 -1454.090 -1454.577 -1455.060 -1455.539 -1456.013 -1456.482 -1456.944 -1457.398 -1457.845 -1458.283 -1458.712 -1459.129 -1459.535 -1459.929 -1460.308 -1460.674 -1461.024 -1461.357 -1461.672 -1461.969 -1462.246 -1462.503 -1462.740 -1462.956 -1463.177 -1463.826 -1471.618 -9999.000 -9999.000
-9999.000 -9999.000 -9999.000 -9999.000 -9999.000 -9999.000 -9999.000 -9999.000 -9999.000 -9999.000 -9999.000 -9999.000 -9999.000 -9999.000 -9999.000 -9999.000 -9999.000 -9999.000 -9999.000 -9999.000 -9999.000 -9999.000 -9999.000 -9999.000 -9999.000 -9999.000 -9999.000 -9999.000 -9999.000 -9999.000 -9999.000 -9999.000 -9999.000 -9999.000 -9999.000 -9999.000 -9999.000 -9999.000 -9999.000 -9999.000 -9999.000 -9999.000 -9999.000 -9999.000 -9999.000 -9999.000 -9999.000 -9999.000 -9999.000 -9999.000 -9999.000 -9999.000 -9999.000 -9999.000 -9999.000 -9999.000 -9999.000 -9999.000 -9999.000 -9999.000 -9999.000 -9999.000 -9999.000 -9999.000 -9999.000 -9999.000 -9999.000 -9999.000 -9999.000 -9999.000 -9999.000 -9999.000 -9999.000 -9999.000 -9999.000 -9999.000 -9999.000 -9999.000 -9999.000 -9999.000 -9999.000 -9999.000 -9999.000 -9999.000 -9999.000 -9999.000 -9999.000 -9999.000 -9999.000 -9999.000 -9999.000 -9999.000 -9999.000 -9999.000 -9999.000 -9999.000 -9999.000 -9999.000 -9999.000 -9999.000 -9999.000 -9999.000 -9999.000 -9999.000
-9999.000 -9999.000 -9999.000 -9999.000 -9999.000 -9999.000 -9999.000 -9999.000 -9999.000 -9999.000 -9999.000 -9999.000 -9999.000 -9999.000 -9999.000 -9999.000 -9999.000 -9999.000 -9999.000 -9999.000 -9999.000 -9999.000 -9999.000 -9999.000 -9999.000 -9999.000 -9999.000 -9999.000 -9999.000 -9999.000 -9999.000 -9999.000 -9999.000 -9999.000 -9999.000 -9999.000 -9999.000 -9999.000 -9999.000 -9999.000 -9999.000 -9999.000 -9999.000 -9999.000 -9999.000 -9999.000 -9999.000 -9999.000 -9999.000 -9999.000 -9999.000 -9999.000 -9999.000 -9999.000 -9999.000 -9999.000 -9999.000 -9999.000 -9999.000 -9999.000 -9999.000 -9999.000 -9999.000 -9999.000 -9999.000 -9999.000 -9999.000 -9999.000 -9999.000 -9999.000 -9999.000 -9999.000 -9999.000 -9999.000 -9999.000 -9999.000 -9999.000 -9999.000 -9999.000 -9999.000 -9999.000 -9999.000 -9999.000 -9999.000 -9999.000 -9999.000 -9999.000 -9999.000 -9999.000 -9999.000 -9999.000 -9999.000 -9999.000 -9999.000 -9999.000 -9999.000 -9999.000 -9999.000 -9999.000 -9999.000 -9999.000 -9999.000 -9999.000 -9999.000