examples/3D/hillslope01/output-maps-METEOIO-ON/psiliqL0068N0002.asc
ncols         104
nrows         10
xllcorner     -2.000000
yllcorner     0.000000
cellsize      1.000000
NODATA_value  -9999.0
-9999.000 -9999.000 -9999.000 -9999.000 -9999.000 -9999.000 -9999.000 -9999.000 -9999.000 -9999.000 -9999.000 -9999.000 -9999.000 -9999.000 -9999.000 -9999.000 -9999.000 -9999.000 -9999.000 -9999.000 -9999.000 -9999.000 -9999.000 -9999.000 -9999.000 -9999.000 -9999.000 -9999.000 -9999.000 -9999.000 -9999.000 -9999.000 -9999.000 -9999.000 -9999.000 -9999.000 -9999.000 -9999.000 -9999.000 -9999.000 -9999.000 -9999.000 -9999.000 -9999.000 -9999.000 -9999.000 -9999.000 -9999.000 -9999.000 -9999.000 -9999.000 -9999.000 -9999.000 -9999.000 -9999.000 -9999.000 -9999.000 -9999.000 -9999.000 -9999.000 -9999.000 -9999.000 -9999.000 -9999.000 -9999.000 -9999.000 -9999.000 -9999.000 -9999.000 -9999.000 -9999.000 -9999.000 -9999.000 -9999.000 -9999.000 -9999.000 -9999.000 -9999.000 -9999.000 -9999.000 -9999.000 -9999.000 -9999.000 -9999.000 -9999.000 -9999.000 -9999.000 -9999.000 -9999.000 -9999.000 -9999.000 -9999.000 -9999.000 -9999.000 -9999.000 -9999.000 -9999.000 -9999.000 -9999.000 -9999.000 -9999.000 -9999.000 -9999.000 -9999.000
-9999.000 -9999.000 -9999.000 -9999.000 -9999.000 -9999.000 -9999.000 -9999.000 -9999.000 -9999.000 -9999.000 -9999.000 -9999.000 -9999.000 -9999.000 -9999.000 -9999.000 -9999.000 -9999.000 -9999.000 -9999.000 -9999.000 -9999.000 -9999.000 -9999.000 -9999.000 -9999.000 -9999.000 -9999.000 -9999.000 -9999.000 -9999.000 -9999.000 -9999.000 -9999.000 -9999.000 -9999.000 -9999.000 -9999.000 -9999.000 -9999.000 -9999.000 -9999.000 -9999.000 -9999.000 -9999.000 -9999.000 -9999.000 -9999.000 -9999.000 -9999.000 -9999.000 -9999.000 -9999.000 -9999.000 -9999.000 -9999.000 -9999.000 -9999.000 -9999.000 -9999.000 -9999.000 -9999.000 -9999.000 -9999.000 -9999.000 -9999.000 -9999.000 -9999.000 -9999.000 -9999.000 -9999.000 -9999.000 -9999.000 -9999.000 -9999.000 -9999.000 -9999.000 -9999.000 -9999.000 -9999.000 -9999.000 -9999.000 -9999.000 -9999.000 -9999.000 -9999.000 -9999.000 -9999.000 -9999.000 -9999.000 -9999.000 -9999.000 -9999.000 -9999.000 -9999.000 -9999.000 -9999.000 -9999.000 -9999.000 -9999.000 -9999.000 -9999.000 -9999.000
-9999.000 -9999.000 5741.965 5642.450 5543.421 5444.885 5346.847 5249.316 5152.297 5055.800 4959.831 4864.397 4769.505 4675.162 4581.377 4488.158 4395.513 4303.451 4211.980 4121.107 4030.839 3941.178 3852.128 3763.691 3675.869 3588.666 3502.087 3416.135 3330.813 3246.118 3162.049 3078.603 2995.782 2913.587 2832.016 2751.062 2670.715 2590.973 2511.838 2433.303 2355.354 2277.974 2201.169 2124.934 2049.251 1974.095 1899.464 1825.365 1751.766 1678.630 1605.973 1533.792 1462.029 1390.640 1319.699 1249.151 1178.909 1109.022 1039.501 970.227 901.174 832.474 763.970 695.507 627.404 559.454 491.368 423.605 355.966 288.050 220.328 152.736 84.739 16.711 -50.911 -118.314 -184.536 -248.319 -309.330 -366.510 -418.803 -466.221 -508.456 -545.489 -577.774 -605.646 -629.554 -650.011 -667.461 -682.321 -694.972 -705.735 -714.890 -722.671 -729.277 -734.875 -739.606 -743.609 -747.107 -750.838 -757.785 -779.857 -9999.000 -9999.000
-9999.000 -9999.000 5741.965 5642.450 5543.421 5444.885 5346.847 5249.316 5152.297 5055.800 4959.831 4864.397 4769.505 4675.162 4581.377 4488.158 4395.513 4303.451 4211.980 4121.107 4030.839 3941.178 3852.128 3763.691 3675.869 3588.666 3502.087 3416.135 3330.813 3246.118 3162.049 3078.603 2995.782 2913.587 2832.016 2751.062 2670.715 2590.973 2511.838 2433.303 2355.354 2277.974 2201.169 2124.934 2049.251 1974.095 1899.464 1825.365 1751.766 1678.630 1605.973 1533.792 1462.029 1390.640 1319.699 1249.151 1178.909 1109.022 1039.501 970.227 901.174 832.474 763.970 695.507 627.404 559.454 491.368 423.605 355.966 288.050 220.328 152.736 84.739 16.711 -50.911 -118.314 -184.536 -248.319 -309.330 -366.510 -418.803 -466.221 -508.456 -545.489 -577.774 -605.646 -629.554 -650.011 -667.461 -682.321 -694.972 -705.735 -714.890 -722.671 -729.277 -734.875 -739.606 -743.609 -747.107 -750.838 -757.785 -779.857 -9999.000 -9999.000
-9999.000 -9999.000 5741.965 5642.450 5543.421 5444.885 5346.847 5249.316 5152.297 5055.800 4959.831 4864.397 4769.505 4675.162 4581.377 4488.158 4395.513 4303.451 4211.980 4121.107 4030.839 3941.178 3852.128 3763.691 3675.869 3588.666 3502.087 3416.135 3330.813 3246.118 3162.049 3078.603 2995.782 2913.587 2832.016 2751.062 2670.715 2590.973 2511.838 2433.303 2355.354 2277.974 2201.169 2124.934 2049.251 1974.095 1899.464 1825.365 1751.766 1678.630 1605.973 1533.792 1462.029 1390.640 1319.699 1249.151 1178.909 1109.022 1039.501 970.227 901.174 832.474 763.970 695.507 627.404 559.454 491.368 423.605 355.966 288.050 220.328 152.736 84.739 16.711 -50.911 -118.314 -184.536 -248.319 -309.330 -366.510 -418.803 -466.221 -508.456 -545.489 -577.774 -605.646 -629.554 -650.011 -667.461 -682.321 -694.972 -705.735 -714.890 -722.671 -729.277 -734.875 -739.606 -743.609 -747.107 -750.838 -757.785 -779.857 -9999.000 -9999.000
-9999.000 -9999.000 5741.965 5642.450 5543.421 5444.885 5346.847 5249.316 5152.297 5055.800 4959.831 4864.397 4769.505 4675.162 4581.377 4488.158 4395.513 4303.451 4211.980 4121.107 4030.839 3941.178 3852.128 3763.691 3675.869 3588.666 3502.087 3416.135 3330.813 3246.118 3162.049 3078.603 2995.782 2913.587 2832.016 2751.062 2670.715 2590.973 2511.838 2433.303 2355.354 2277.974 2201.169 2124.934 2049.251 1974.095 1899.464 1825.365 1751.766 1678.630 1605.973 1533.792 1462.029 1390.640 1319.699 1249.151 1178.909 1109.022 1039.501 970.227 901.174 832.474 763.970 695.507 627.404 559.454 491.368 423.605 355.966 288.050 220.328 152.736 84.739 16.711 -50.911 -118.314 -184.536 -248.319 -309.330 -366.510 -418.803 -466.221 -508.456 -545.489 -577.774 -605.646 -629.554 -650.011 -667.461 -682.321 -694.972 -705.735 -714.890 -722.671 -729.277 -734.875 -739.606 -743.609 -747.107 -750.838 -757.785 -779.857 -9999.000 -9999.000
-9999.000 -9999.000 5741.965 5642.450 5543.421 5444.885 5346.847 5249.316 5152.297 5055.800 4959.831 4864.397 4769.505 4675.162 4581.377 4488.158 4395.513 4303.451 4211.980 4121.107 4030.839 3941.178 3852.128 3763.691 3675.869 3588.666 3502.087 3416.135 3330.813 3246.118 3162.049 3078.603 2995.782 2913.587 2832.016 2751.062 2670.715 2590.973 2511.838 2433.303 2355.354 2277.974 2201.169 2124.934 2049.251 1974.095 1899.464 1825.365 1751.766 1678.630 1605.973 1533.792 1462.029 1390.640 1319.699 1249.151 1178.909 1109.022 1039.501 970.227 901.174 832.474 763.970 695.507 627.404 559.454 491.368 423.605 355.966 288.050 220.328 152.736 84.739 16.711 -50.911 -118.314 -184.536 -248.319 -309.330 -366.510 -418.803 -466.221 -508.456 -545.489 -577.774 -605.646 -629.554 -650.011 -667.461 -682.321 -694.972 -705.735 -714.890 -722.671 -729.277 -734.875 -739.606 -743.609 -747.107 -750.838 -757.785 -779.857 -9999.000 -9999.000
-9999.000 -9999.000 5741.965 5642.450 5543.421 5444.885 5346.847 5249.316 5152.297 5055.800 4959.831 4864.397 4769.505 4675.162 4581.377 4488.158 4395.513 4303.451 4211.980 4121.107 4030.839 3941.178 3852.128 3763.691 3675.869 3588.666 3502.087 3416.135 3330.813 3246.118 3162.049 3078.603 2995.782 2913.587 2832.016 2751.062 2670.715 2590.973 2511.838 2433.303 2355.354 2277.974 2201.169 2124.934 2049.251 1974.095 1899.464 1825.365 1751.766 1678.630 1605.973 1533.792 1462.029 1390.640 1319.699 1249.151 1178.909 1109.022 1039.501 970.227 901.174 832.474 763.970 695.507 627.404 559.454 491.368 423.605 355.966 288.050 220.328 152.736 84.739 16.711 -50.911 -118.314 -184.536 -248.319 -309.330 -366.510 -418.803 -466.221 -508.456 -545.489 -577.774 -605.646 -629.554 -650.011 -667.461 -682.321 -694.972 -705.735 -714.890 -722.671 -729.277 -734.875 -739.606 -743.609 -747.107 -750.838 -757.785 -779.857 -9999.000 -9999.000
-9999.000 -9999.000 -9999.000 -9999.000 -9999.000 -9999.000 -9999.000 -9999.000 -9999.000 -9999.000 -9999.000 -9999.000 -9999.000 -9999.000 -9999.000 -9999.000 -9999.000 -9999.000 -9999.000 -9999.000 -9999.000 -9999.000 -9999.000 -9999.000 -9999.000 -9999.000 -9999.000 -9999.000 -9999.000 -9999.000 -9999.000 -9999.000 -9999.000 -9999.000 -9999.000 -9999.000 -9999.000 -9999.000 -9999.000 -9999.000 -9999.000 -9999.000 -9999.000 -9999.000 -9999.000 -9999.000 -9999.000 -9999.000 -9999.000 -9999.000 -9999.000 -9999.000 -9999.000 -9999.000 -9999.000 -9999.000 -9999.000 -9999.000 -9999.000 -9999.000 -9999.000 -9999.000 -9999.000 -9999.000 -9999.000 -9999.000 -9999.000 -9999.000 -9999.000 -9999.000 -9999.000 -9999.000 -9999.000 -9999.000 -9999.000 -9999.000 -9999.000 -9999.000 -9999.000 -9999.000 -9999.000 -9999.000 -9999.000 -9999.000 -9999.000 -9999.000 -9999.000 -9999.000 -9999.000 -9999.000 -9999.000 -9999.000 -9999.000 -9999.000 -9999.000 -9999.000 -9999.000 -9999.000 -9999.000 -9999.000 -9999.000 -9999.000 -9999.000 -9999.000
-9999.000 -9999.000 -9999.000 -9999.000 -9999.000 -9999.000 -9999.000 -9999.000 -9999.000 -9999.000 -9999.000 -9999.000 -9999.000 -9999.000 -9999.000 -9999.000 -9999.000 -9999.000 -9999.000 -9999.000 -9999.000 -9999.000 -9999.000 -9999.000 -9999.000 -9999.000 -9999.000 -9999.000 -9999.000 -9999.000 -9999.000 -9999.000 -9999.000 -9999.000 -9999.000 -9999.000 -9999.000 -9999.000 -9999.000 -9999.000 -9999.000 -9999.000 -9999.000 -9999.000 -9999.000 -9999.000 -9999.000 -9999.000 -9999.000 -9999.000 -9999.000 -9999.000 -9999.000 -9999.000 -9999.000 -9999.000 -9999.000 -9999.000 -9999.000 -9999.000 -9999.000 -9999.000 -9999.000 -9999.000 -9999.000 -9999.000 -9999.000 -9999.000 -9999.000 -9999.000 -9999.000 -9999.000 -9999.000 -9999.000 -9999.000 -9999.000 -9999.000 -9999.000 -9999.000 -9999.000 -9999.000 -9999.000 -9999.000 -9999.000 -9999.000 -9999.000 -9999.000 -9999.000 -9999.000 -9999.000 -9999.000 -9999.000 -9999.000 -9999.000 -9999.000 -9999.000 -9999.000 -9999.000 -9999.000 -9999.000 -9999.000 -9999.000 -9999.000 -9999.000