examples/3D/hillslope01/output-maps-METEOIO-ON/psiliqL0088N0003.asc
ncols         104
nrows         10
xllcorner     -2.000000
yllcorner     0.000000
cellsize      1.000000
NODATA_value  -9999.0
-9999.000 -9999.000 -9999.000 -9999.000 -9999.000 -9999.000 -9999.000 -9999.000 -9999.000 -9999.000 -9999.000 -9999.000 -9999.000 -9999.000 -9999.000 -9999.000 -9999.000 -9999.000 -9999.000 -9999.000 -9999.000 -9999.000 -9999.000 -9999.000 -9999.000 -9999.000 -9999.000 -9999.000 -9999.000 -9999.000 -9999.000 -9999.000 -9999.000 -9999.000 -9999.000 -9999.000 -9999.000 -9999.000 -9999.000 -9999.000 -9999.000 -9999.000 -9999.000 -9999.000 -9999.000 -9999.000 -9999.000 -9999.000 -9999.000 -9999.000 -9999.000 -9999.000 -9999.000 -9999.000 -9999.000 -9999.000 -9999.000 -9999.000 -9999.000 -9999.000 -9999.000 -9999.000 -9999.000 -9999.000 -9999.000 -9999.000 -9999.000 -9999.000 -9999.000 -9999.000 -9999.000 -9999.000 -9999.000 -9999.000 -9999.000 -9999.000 -9999.000 -9999.000 -9999.000 -9999.000 -9999.000 -9999.000 -9999.000 -9999.000 -9999.000 -9999.000 -9999.000 -9999.000 -9999.000 -9999.000 -9999.000 -9999.000 -9999.000 -9999.000 -9999.000 -9999.000 -9999.000 -9999.000 -9999.000 -9999.000 -9999.000 -9999.000 -9999.000 -9999.000
-9999.000 -9999.000 -9999.000 -9999.000 -9999.000 -9999.000 -9999.000 -9999.000 -9999.000 -9999.000 -9999.000 -9999.000 -9999.000 -9999.000 -9999.000 -9999.000 -9999.000 -9999.000 -9999.000 -9999.000 -9999.000 -9999.000 -9999.000 -9999.000 -9999.000 -9999.000 -9999.000 -9999.000 -9999.000 -9999.000 -9999.000 -9999.000 -9999.000 -9999.000 -9999.000 -9999.000 -9999.000 -9999.000 -9999.000 -9999.000 -9999.000 -9999.000 -9999.000 -9999.000 -9999.000 -9999.000 -9999.000 -9999.000 -9999.000 -9999.000 -9999.000 -9999.000 -9999.000 -9999.000 -9999.000 -9999.000 -9999.000 -9999.000 -9999.000 -9999.000 -9999.000 -9999.000 -9999.000 -9999.000 -9999.000 -9999.000 -9999.000 -9999.000 -9999.000 -9999.000 -9999.000 -9999.000 -9999.000 -9999.000 -9999.000 -9999.000 -9999.000 -9999.000 -9999.000 -9999.000 -9999.000 -9999.000 -9999.000 -9999.000 -9999.000 -9999.000 -9999.000 -9999.000 -9999.000 -9999.000 -9999.000 -9999.000 -9999.000 -9999.000 -9999.000 -9999.000 -9999.000 -9999.000 -9999.000 -9999.000 -9999.000 -9999.000 -9999.000 -9999.000
-9999.000 -9999.000 8112.793 8013.001 7913.418 7814.049 7714.899 7615.973 7517.278 7418.821 7320.607 7222.643 7124.935 7027.489 6930.308 6833.398 6736.763 6640.407 6544.335 6448.549 6353.055 6257.855 6162.955 6068.358 5974.068 5880.089 5786.425 5693.078 5600.052 5507.348 5414.970 5322.918 5231.194 5139.798 5048.732 4957.997 4867.594 4777.526 4687.794 4598.398 4509.337 4420.612 4332.221 4244.161 4156.431 4069.032 3981.962 3895.221 3808.806 3722.713 3636.935 3551.469 3466.309 3381.456 3296.906 3212.653 3128.688 3045.000 2961.583 2878.431 2795.544 2712.914 2630.527 2548.366 2466.420 2384.687 2303.164 2221.837 2140.684 2059.679 1978.812 1898.092 1817.509 1737.032 1656.621 1576.252 1495.937 1415.677 1335.431 1255.145 1174.773 1094.315 1013.807 933.193 852.398 771.345 689.975 608.399 526.554 444.328 361.618 278.323 194.330 109.790 24.567 -61.230 -146.953 -231.385 -312.778 -389.177 -459.351 -526.080 -9999.000 -9999.000
-9999.000 -9999.000 8112.793 8013.001 7913.418 7814.049 7714.899 7615.973 7517.278 7418.821 7320.607 7222.643 7124.935 7027.489 6930.308 6833.398 6736.763 6640.407 6544.335 6448.549 6353.055 6257.855 6162.955 6068.358 5974.068 5880.089 5786.425 5693.078 5600.052 5507.348 5414.970 5322.918 5231.194 5139.798 5048.732 4957.997 4867.594 4777.526 4687.794 4598.398 4509.337 4420.612 4332.221 4244.161 4156.431 4069.032 3981.962 3895.221 3808.806 3722.713 3636.935 3551.469 3466.309 3381.456 3296.906 3212.653 3128.688 3045.000 2961.583 2878.431 2795.544 2712.914 2630.527 2548.366 2466.420 2384.687 2303.164 2221.837 2140.684 2059.679 1978.812 1898.092 1817.509 1737.032 1656.621 1576.252 1495.937 1415.677 1335.431 1255.145 1174.773 1094.315 1013.807 933.193 852.398 771.345 689.975 608.399 526.554 444.328 361.618 278.323 194.330 109.790 24.567 -61.230 -146.953 -231.385 -312.778 -389.177 -459.351 -526.080 -9999.000 -9999.000
-9999.000 -9999.000 8112.793 8013.001 7913.418 7814.049 7714.899 7615.973 7517.278 7418.821 7320.607 7222.643 7124.935 7027.489 6930.308 6833.398 6736.763 6640.407 6544.335 6448.549 6353.055 6257.855 6162.955 6068.358 5974.068 5880.089 5786.425 5693.078 5600.052 5507.348 5414.970 5322.918 5231.194 5139.798 5048.732 4957.997 4867.594 4777.526 4687.794 4598.398 4509.337 4420.612 4332.221 4244.161 4156.431 4069.032 3981.962 3895.221 3808.806 3722.713 3636.935 3551.469 3466.309 3381.456 3296.906 3212.653 3128.688 3045.000 2961.583 2878.431 2795.544 2712.914 2630.527 2548.366 2466.420 2384.687 2303.164 2221.837 2140.684 2059.679 1978.812 1898.092 1817.509 1737.032 1656.621 1576.252 1495.937 1415.677 1335.431 1255.145 1174.773 1094.315 1013.807 933.193 852.398 771.345 689.975 608.399 526.554 444.328 361.618 278.323 194.330 109.790 24.567 -61.230 -146.953 -231.385 -312.778 -389.177 -459.351 -526.080 -9999.000 -9999.000
-9999.000 -9999.000 8112.793 8013.001 7913.418 7814.049 7714.899 7615.973 7517.278 7418.821 7320.607 7222.643 7124.935 7027.489 6930.308 6833.398 6736.763 6640.407 6544.335 6448.549 6353.055 6257.855 6162.955 6068.358 5974.068 5880.089 5786.425 5693.078 5600.052 5507.348 5414.970 5322.918 5231.194 5139.798 5048.732 4957.997 4867.594 4777.526 4687.794 4598.398 4509.337 4420.612 4332.221 4244.161 4156.431 4069.032 3981.962 3895.221 3808.806 3722.713 3636.935 3551.469 3466.309 3381.456 3296.906 3212.653 3128.688 3045.000 2961.583 2878.431 2795.544 2712.914 2630.527 2548.366 2466.420 2384.687 2303.164 2221.837 2140.684 2059.679 1978.812 1898.092 1817.509 1737.032 1656.621 1576.252 1495.937 1415.677 1335.431 1255.145 1174.773 1094.315 1013.807 933.193 852.398 771.345 689.975 608.399 526.554 444.328 361.618 278.323 194.330 109.790 24.567 -61.230 -146.953 -231.385 -312.778 -389.177 -459.351 -526.080 -9999.000 -9999.000
-9999.000 -9999.000 8112.793 8013.001 7913.418 7814.049 7714.899 7615.973 7517.278 7418.821 7320.607 7222.643 7124.935 7027.489 6930.308 6833.398 6736.763 6640.407 6544.335 6448.549 6353.055 6257.855 6162.955 6068.358 5974.068 5880.089 5786.425 5693.078 5600.052 5507.348 5414.970 5322.918 5231.194 5139.798 5048.732 4957.997 4867.594 4777.526 4687.794 4598.398 4509.337 4420.612 4332.221 4244.161 4156.431 4069.032 3981.962 3895.221 3808.806 3722.713 3636.935 3551.469 3466.309 3381.456 3296.906 3212.653 3128.688 3045.000 2961.583 2878.431 2795.544 2712.914 2630.527 2548.366 2466.420 2384.687 2303.164 2221.837 2140.684 2059.679 1978.812 1898.092 1817.509 1737.032 1656.621 1576.252 1495.937 1415.677 1335.431 1255.145 1174.773 1094.315 1013.807 933.193 852.398 771.345 689.975 608.399 526.554 444.328 361.618 278.323 194.330 109.790 24.567 -61.230 -146.953 -231.385 -312.778 -389.177 -459.351 -526.080 -9999.000 -9999.000
-9999.000 -9999.000 8112.793 8013.001 7913.418 7814.049 7714.899 7615.973 7517.278 7418.821 7320.607 7222.643 7124.935 7027.489 6930.308 6833.398 6736.763 6640.407 6544.335 6448.549 6353.055 6257.855 6162.955 6068.358 5974.068 5880.089 5786.425 5693.078 5600.052 5507.348 5414.970 5322.918 5231.194 5139.798 5048.732 4957.997 4867.594 4777.526 4687.794 4598.398 4509.337 4420.612 4332.221 4244.161 4156.431 4069.032 3981.962 3895.221 3808.806 3722.713 3636.935 3551.469 3466.309 3381.456 3296.906 3212.653 3128.688 3045.000 2961.583 2878.431 2795.544 2712.914 2630.527 2548.366 2466.420 2384.687 2303.164 2221.837 2140.684 2059.679 1978.812 1898.092 1817.509 1737.032 1656.621 1576.252 1495.937 1415.677 1335.431 1255.145 1174.773 1094.315 1013.807 933.193 852.398 771.345 689.975 608.399 526.554 444.328 361.618 278.323 194.330 109.790 24.567 -61.230 -146.953 -231.385 -312.778 -389.177 -459.351 -526.080 -9999.000 -9999.000
-9999.000 -9999.000 -9999.000 -9999.000 -9999.000 -9999.000 -9999.000 -9999.000 -9999.000 -9999.000 -9999.000 -9999.000 -9999.000 -9999.000 -9999.000 -9999.000 -9999.000 -9999.000 -9999.000 -9999.000 -9999.000 -9999.000 -9999.000 -9999.000 -9999.000 -9999.000 -9999.000 -9999.000 -9999.000 -9999.000 -9999.000 -9999.000 -9999.000 -9999.000 -9999.000 -9999.000 -9999.000 -9999.000 -9999.000 -9999.000 -9999.000 -9999.000 -9999.000 -9999.000 -9999.000 -9999.000 -9999.000 -9999.000 -9999.000 -9999.000 -9999.000 -9999.000 -9999.000 -9999.000 -9999.000 -9999.000 -9999.000 -9999.000 -9999.000 -9999.000 -9999.000 -9999.000 -9999.000 -9999.000 -9999.000 -9999.000 -9999.000 -9999.000 -9999.000 -9999.000 -9999.000 -9999.000 -9999.000 -9999.000 -9999.000 -9999.000 -9999.000 -9999.000 -9999.000 -9999.000 -9999.000 -9999.000 -9999.000 -9999.000 -9999.000 -9999.000 -9999.000 -9999.000 -9999.000 -9999.000 -9999.000 -9999.000 -9999.000 -9999.000 -9999.000 -9999.000 -9999.000 -9999.000 -9999.000 -9999.000 -9999.000 -9999.000 -9999.000 -9999.000
-9999.000 -9999.000 -9999.000 -9999.000 -9999.000 -9999.000 -9999.000 -9999.000 -9999.000 -9999.000 -9999.000 -9999.000 -9999.000 -9999.000 -9999.000 -9999.000 -9999.000 -9999.000 -9999.000 -9999.000 -9999.000 -9999.000 -9999.000 -9999.000 -9999.000 -9999.000 -9999.000 -9999.000 -9999.000 -9999.000 -9999.000 -9999.000 -9999.000 -9999.000 -9999.000 -9999.000 -9999.000 -9999.000 -9999.000 -9999.000 -9999.000 -9999.000 -9999.000 -9999.000 -9999.000 -9999.000 -9999.000 -9999.000 -9999.000 -9999.000 -9999.000 -9999.000 -9999.000 -9999.000 -9999.000 -9999.000 -9999.000 -9999.000 -9999.000 -9999.000 -9999.000 -9999.000 -9999.000 -9999.000 -9999.000 -9999.000 -9999.000 -9999.000 -9999.000 -9999.000 -9999.000 -9999.000 -9999.000 -9999.000 -9999.000 -9999.000 -9999.000 -9999.000 -9999.000 -9999.000 -9999.000 -9999.000 -9999.000 -9999.000 -9999.000 -9999.000 -9999.000 -9999.000 -9999.000 -9999.000 -9999.000 -9999.000 -9999.000 -9999.000 -9999.000 -9999.000 -9999.000 -9999.000 -9999.000 -9999.000 -9999.000 -9999.000 -9999.000 -9999.000