examples/3D/hillslope01/output-maps-METEOIO-ON/psiliqL0046N0002.asc
ncols         104
nrows         10
xllcorner     -2.000000
yllcorner     0.000000
cellsize      1.000000
NODATA_value  -9999.0
-9999.000 -9999.000 -9999.000 -9999.000 -9999.000 -9999.000 -9999.000 -9999.000 -9999.000 -9999.000 -9999.000 -9999.000 -9999.000 -9999.000 -9999.000 -9999.000 -9999.000 -9999.000 -9999.000 -9999.000 -9999.000 -9999.000 -9999.000 -9999.000 -9999.000 -9999.000 -9999.000 -9999.000 -9999.000 -9999.000 -9999.000 -9999.000 -9999.000 -9999.000 -9999.000 -9999.000 -9999.000 -9999.000 -9999.000 -9999.000 -9999.000 -9999.000 -9999.000 -9999.000 -9999.000 -9999.000 -9999.000 -9999.000 -9999.000 -9999.000 -9999.000 -9999.000 -9999.000 -9999.000 -9999.000 -9999.000 -9999.000 -9999.000 -9999.000 -9999.000 -9999.000 -9999.000 -9999.000 -9999.000 -9999.000 -9999.000 -9999.000 -9999.000 -9999.000 -9999.000 -9999.000 -9999.000 -9999.000 -9999.000 -9999.000 -9999.000 -9999.000 -9999.000 -9999.000 -9999.000 -9999.000 -9999.000 -9999.000 -9999.000 -9999.000 -9999.000 -9999.000 -9999.000 -9999.000 -9999.000 -9999.000 -9999.000 -9999.000 -9999.000 -9999.000 -9999.000 -9999.000 -9999.000 -9999.000 -9999.000 -9999.000 -9999.000 -9999.000 -9999.000
-9999.000 -9999.000 -9999.000 -9999.000 -9999.000 -9999.000 -9999.000 -9999.000 -9999.000 -9999.000 -9999.000 -9999.000 -9999.000 -9999.000 -9999.000 -9999.000 -9999.000 -9999.000 -9999.000 -9999.000 -9999.000 -9999.000 -9999.000 -9999.000 -9999.000 -9999.000 -9999.000 -9999.000 -9999.000 -9999.000 -9999.000 -9999.000 -9999.000 -9999.000 -9999.000 -9999.000 -9999.000 -9999.000 -9999.000 -9999.000 -9999.000 -9999.000 -9999.000 -9999.000 -9999.000 -9999.000 -9999.000 -9999.000 -9999.000 -9999.000 -9999.000 -9999.000 -9999.000 -9999.000 -9999.000 -9999.000 -9999.000 -9999.000 -9999.000 -9999.000 -9999.000 -9999.000 -9999.000 -9999.000 -9999.000 -9999.000 -9999.000 -9999.000 -9999.000 -9999.000 -9999.000 -9999.000 -9999.000 -9999.000 -9999.000 -9999.000 -9999.000 -9999.000 -9999.000 -9999.000 -9999.000 -9999.000 -9999.000 -9999.000 -9999.000 -9999.000 -9999.000 -9999.000 -9999.000 -9999.000 -9999.000 -9999.000 -9999.000 -9999.000 -9999.000 -9999.000 -9999.000 -9999.000 -9999.000 -9999.000 -9999.000 -9999.000 -9999.000 -9999.000
-9999.000 -9999.000 3559.152 3459.615 3360.546 3261.954 3163.853 3066.254 2969.168 2872.605 2776.570 2681.069 2586.107 2491.692 2397.830 2304.533 2211.811 2119.677 2028.141 1937.214 1846.904 1757.214 1668.143 1579.683 1491.826 1404.583 1317.970 1232.002 1146.687 1062.019 977.971 894.507 811.676 729.506 648.000 567.128 486.813 407.050 327.977 249.577 171.782 94.366 17.578 -58.386 -133.787 -208.996 -283.901 -358.265 -432.094 -505.167 -576.173 -641.192 -699.747 -751.799 -796.894 -835.639 -868.507 -896.107 -919.317 -938.789 -955.177 -969.046 -980.846 -990.965 -999.710 -1007.331 -1014.030 -1019.968 -1025.276 -1030.058 -1034.399 -1038.366 -1042.016 -1045.393 -1048.534 -1051.469 -1054.223 -1056.815 -1059.262 -1061.577 -1063.771 -1065.854 -1067.831 -1069.711 -1071.496 -1073.191 -1074.798 -1076.321 -1077.760 -1079.117 -1080.393 -1081.588 -1082.702 -1083.737 -1084.690 -1085.564 -1086.358 -1087.078 -1087.760 -1088.685 -1091.753 -1108.122 -9999.000 -9999.000
-9999.000 -9999.000 3559.152 3459.615 3360.546 3261.954 3163.853 3066.254 2969.168 2872.605 2776.570 2681.069 2586.107 2491.692 2397.830 2304.533 2211.811 2119.677 2028.141 1937.214 1846.904 1757.214 1668.143 1579.683 1491.826 1404.583 1317.970 1232.002 1146.687 1062.019 977.971 894.507 811.676 729.506 648.000 567.128 486.813 407.050 327.977 249.577 171.782 94.366 17.578 -58.386 -133.787 -208.996 -283.901 -358.265 -432.094 -505.167 -576.173 -641.192 -699.747 -751.799 -796.894 -835.639 -868.507 -896.107 -919.317 -938.789 -955.177 -969.046 -980.846 -990.965 -999.710 -1007.331 -1014.030 -1019.968 -1025.276 -1030.058 -1034.399 -1038.366 -1042.016 -1045.393 -1048.534 -1051.469 -1054.223 -1056.815 -1059.262 -1061.577 -1063.771 -1065.854 -1067.831 -1069.711 -1071.496 -1073.191 -1074.798 -1076.321 -1077.760 -1079.117 -1080.393 -1081.588 -1082.702 -1083.737 -1084.690 -1085.564 -1086.358 -1087.078 -1087.760 -1088.685 -1091.753 -1108.122 -9999.000 -9999.000
-9999.000 -9999.000 3559.152 3459.615 3360.546 3261.954 3163.853 3066.254 2969.168 2872.605 2776.570 2681.069 2586.107 2491.692 2397.830 2304.533 2211.811 2119.677 2028.141 1937.214 1846.904 1757.214 1668.143 1579.683 1491.826 1404.583 1317.970 1232.002 1146.687 1062.019 977.971 894.507 811.676 729.506 648.000 567.128 486.813 407.050 327.977 249.577 171.782 94.366 17.578 -58.386 -133.787 -208.996 -283.901 -358.265 -432.094 -505.167 -576.173 -641.192 -699.747 -751.799 -796.894 -835.639 -868.507 -896.107 -919.317 -938.789 -955.177 -969.046 -980.846 -990.965 -999.710 -1007.331 -1014.030 -1019.968 -1025.276 -1030.058 -1034.399 -1038.366 -1042.016 -1045.393 -1048.534 -1051.469 -1054.223 -1056.815 -1059.262 -1061.577 -1063.771 -1065.854 -1067.831 -1069.711 -1071.496 -1073.191 -1074.798 -1076.321 -1077.760 -1079.117 -1080.393 -1081.588 -1082.702 -1083.737 -1084.690 -1085.564 -1086.358 -1087.078 -1087.760 -1088.685 -1091.753 -1108.122 -9999.000 -9999.000
-9999.000 -9999.000 3559.152 3459.615 3360.546 3261.954 3163.853 3066.254 2969.168 2872.605 2776.570 2681.069 2586.107 2491.692 2397.830 2304.533 2211.811 2119.677 2028.141 1937.214 1846.904 1757.214 1668.143 1579.683 1491.826 1404.583 1317.970 1232.002 1146.687 1062.019 977.971 894.507 811.676 729.506 648.000 567.128 486.813 407.050 327.977 249.577 171.782 94.366 17.578 -58.386 -133.787 -208.996 -283.901 -358.265 -432.094 -505.167 -576.173 -641.192 -699.747 -751.799 -796.894 -835.639 -868.507 -896.107 -919.317 -938.789 -955.177 -969.046 -980.846 -990.965 -999.710 -1007.331 -1014.030 -1019.968 -1025.276 -1030.058 -1034.399 -1038.366 -1042.016 -1045.393 -1048.534 -1051.469 -1054.223 -1056.815 -1059.262 -1061.577 -1063.771 -1065.854 -1067.831 -1069.711 -1071.496 -1073.191 -1074.798 -1076.321 -1077.760 -1079.117 -1080.393 -1081.588 -1082.702 -1083.737 -1084.690 -1085.564 -1086.358 -1087.078 -1087.760 -1088.685 -1091.753 -1108.122 -9999.000 -9999.000
-9999.000 -9999.000 3559.152 3459.615 3360.546 3261.954 3163.853 3066.254 2969.168 2872.605 2776.570 2681.069 2586.107 2491.692 2397.830 2304.533 2211.811 2119.677 2028.141 1937.214 1846.904 1757.214 1668.143 1579.683 1491.826 1404.583 1317.970 1232.002 1146.687 1062.019 977.971 894.507 811.676 729.506 648.000 567.128 486.813 407.050 327.977 249.577 171.782 94.366 17.578 -58.386 -133.787 -208.996 -283.901 -358.265 -432.094 -505.167 -576.173 -641.192 -699.747 -751.799 -796.894 -835.639 -868.507 -896.107 -919.317 -938.789 -955.177 -969.046 -980.846 -990.965 -999.710 -1007.331 -1014.030 -1019.968 -1025.276 -1030.058 -1034.399 -1038.366 -1042.016 -1045.393 -1048.534 -1051.469 -1054.223 -1056.815 -1059.262 -1061.577 -1063.771 -1065.854 -1067.831 -1069.711 -1071.496 -1073.191 -1074.798 -1076.321 -1077.760 -1079.117 -1080.393 -1081.588 -1082.702 -1083.737 -1084.690 -1085.564 -1086.358 -1087.078 -1087.760 -1088.685 -1091.753 -1108.122 -9999.000 -9999.000
-9999.000 -9999.000 3559.152 3459.615 3360.546 3261.954 3163.853 3066.254 2969.168 2872.605 2776.570 2681.069 2586.107 2491.692 2397.830 2304.533 2211.811 2119.677 2028.141 1937.214 1846.904 1757.214 1668.143 1579.683 1491.826 1404.583 1317.970 1232.002 1146.687 1062.019 977.971 894.507 811.676 729.506 648.000 567.128 486.813 407.050 327.977 249.577 171.782 94.366 17.578 -58.386 -133.787 -208.996 -283.901 -358.265 -432.094 -505.167 -576.173 -641.192 -699.747 -751.799 -796.894 -835.639 -868.507 -896.107 -919.317 -938.789 -955.177 -969.046 -980.846 -990.965 -999.710 -1007.331 -1014.030 -1019.968 -1025.276 -1030.058 -1034.399 -1038.366 -1042.016 -1045.393 -1048.534 -1051.469 -1054.223 -1056.815 -1059.262 -1061.577 -1063.771 -1065.854 -1067.831 -1069.711 -1071.496 -1073.191 -1074.798 -1076.321 -1077.760 -1079.117 -1080.393 -1081.588 -1082.702 -1083.737 -1084.690 -1085.564 -1086.358 -1087.078 -1087.760 -1088.685 -1091.753 -1108.122 -9999.000 -9999.000
-9999.000 -9999.000 -9999.000 -9999.000 -9999.000 -9999.000 -9999.000 -9999.000 -9999.000 -9999.000 -9999.000 -9999.000 -9999.000 -9999.000 -9999.000 -9999.000 -9999.000 -9999.000 -9999.000 -9999.000 -9999.000 -9999.000 -9999.000 -9999.000 -9999.000 -9999.000 -9999.000 -9999.000 -9999.000 -9999.000 -9999.000 -9999.000 -9999.000 -9999.000 -9999.000 -9999.000 -9999.000 -9999.000 -9999.000 -9999.000 -9999.000 -9999.000 -9999.000 -9999.000 -9999.000 -9999.000 -9999.000 -9999.000 -9999.000 -9999.000 -9999.000 -9999.000 -9999.000 -9999.000 -9999.000 -9999.000 -9999.000 -9999.000 -9999.000 -9999.000 -9999.000 -9999.000 -9999.000 -9999.000 -9999.000 -9999.000 -9999.000 -9999.000 -9999.000 -9999.000 -9999.000 -9999.000 -9999.000 -9999.000 -9999.000 -9999.000 -9999.000 -9999.000 -9999.000 -9999.000 -9999.000 -9999.000 -9999.000 -9999.000 -9999.000 -9999.000 -9999.000 -9999.000 -9999.000 -9999.000 -9999.000 -9999.000 -9999.000 -9999.000 -9999.000 -9999.000 -9999.000 -9999.000 -9999.000 -9999.000 -9999.000 -9999.000 -9999.000 -9999.000
-9999.000 -9999.000 -9999.000 -9999.000 -9999.000 -9999.000 -9999.000 -9999.000 -9999.000 -9999.000 -9999.000 -9999.000 -9999.000 -9999.000 -9999.000 -9999.000 -9999.000 -9999.000 -9999.000 -9999.000 -9999.000 -9999.000 -9999.000 -9999.000 -9999.000 -9999.000 -9999.000 -9999.000 -9999.000 -9999.000 -9999.000 -9999.000 -9999.000 -9999.000 -9999.000 -9999.000 -9999.000 -9999.000 -9999.000 -9999.000 -9999.000 -9999.000 -9999.000 -9999.000 -9999.000 -9999.000 -9999.000 -9999.000 -9999.000 -9999.000 -9999.000 -9999.000 -9999.000 -9999.000 -9999.000 -9999.000 -9999.000 -9999.000 -9999.000 -9999.000 -9999.000 -9999.000 -9999.000 -9999.000 -9999.000 -9999.000 -9999.000 -9999.000 -9999.000 -9999.000 -9999.000 -9999.000 -9999.000 -9999.000 -9999.000 -9999.000 -9999.000 -9999.000 -9999.000 -9999.000 -9999.000 -9999.000 -9999.000 -9999.000 -9999.000 -9999.000 -9999.000 -9999.000 -9999.000 -9999.000 -9999.000 -9999.000 -9999.000 -9999.000 -9999.000 -9999.000 -9999.000 -9999.000 -9999.000 -9999.000 -9999.000 -9999.000 -9999.000 -9999.000