examples/3D/hillslope01/output-maps-METEOIO-ON/psiliqL0052N0001.asc
ncols         104
nrows         10
xllcorner     -2.000000
yllcorner     0.000000
cellsize      1.000000
NODATA_value  -9999.0
-9999.000 -9999.000 -9999.000 -9999.000 -9999.000 -9999.000 -9999.000 -9999.000 -9999.000 -9999.000 -9999.000 -9999.000 -9999.000 -9999.000 -9999.000 -9999.000 -9999.000 -9999.000 -9999.000 -9999.000 -9999.000 -9999.000 -9999.000 -9999.000 -9999.000 -9999.000 -9999.000 -9999.000 -9999.000 -9999.000 -9999.000 -9999.000 -9999.000 -9999.000 -9999.000 -9999.000 -9999.000 -9999.000 -9999.000 -9999.000 -9999.000 -9999.000 -9999.000 -9999.000 -9999.000 -9999.000 -9999.000 -9999.000 -9999.000 -9999.000 -9999.000 -9999.000 -9999.000 -9999.000 -9999.000 -9999.000 -9999.000 -9999.000 -9999.000 -9999.000 -9999.000 -9999.000 -9999.000 -9999.000 -9999.000 -9999.000 -9999.000 -9999.000 -9999.000 -9999.000 -9999.000 -9999.000 -9999.000 -9999.000 -9999.000 -9999.000 -9999.000 -9999.000 -9999.000 -9999.000 -9999.000 -9999.000 -9999.000 -9999.000 -9999.000 -9999.000 -9999.000 -9999.000 -9999.000 -9999.000 -9999.000 -9999.000 -9999.000 -9999.000 -9999.000 -9999.000 -9999.000 -9999.000 -9999.000 -9999.000 -9999.000 -9999.000 -9999.000 -9999.000
-9999.000 -9999.000 -9999.000 -9999.000 -9999.000 -9999.000 -9999.000 -9999.000 -9999.000 -9999.000 -9999.000 -9999.000 -9999.000 -9999.000 -9999.000 -9999.000 -9999.000 -9999.000 -9999.000 -9999.000 -9999.000 -9999.000 -9999.000 -9999.000 -9999.000 -9999.000 -9999.000 -9999.000 -9999.000 -9999.000 -9999.000 -9999.000 -9999.000 -9999.000 -9999.000 -9999.000 -9999.000 -9999.000 -9999.000 -9999.000 -9999.000 -9999.000 -9999.000 -9999.000 -9999.000 -9999.000 -9999.000 -9999.000 -9999.000 -9999.000 -9999.000 -9999.000 -9999.000 -9999.000 -9999.000 -9999.000 -9999.000 -9999.000 -9999.000 -9999.000 -9999.000 -9999.000 -9999.000 -9999.000 -9999.000 -9999.000 -9999.000 -9999.000 -9999.000 -9999.000 -9999.000 -9999.000 -9999.000 -9999.000 -9999.000 -9999.000 -9999.000 -9999.000 -9999.000 -9999.000 -9999.000 -9999.000 -9999.000 -9999.000 -9999.000 -9999.000 -9999.000 -9999.000 -9999.000 -9999.000 -9999.000 -9999.000 -9999.000 -9999.000 -9999.000 -9999.000 -9999.000 -9999.000 -9999.000 -9999.000 -9999.000 -9999.000 -9999.000 -9999.000
-9999.000 -9999.000 3285.398 3186.626 3089.089 2992.797 2897.766 2804.014 2711.564 2620.441 2530.674 2442.294 2355.324 2269.779 2185.660 2102.962 2021.697 1941.890 1863.550 1786.663 1711.217 1637.231 1564.707 1493.601 1423.921 1355.682 1288.818 1223.335 1159.245 1096.415 1034.949 974.772 915.796 858.122 801.456 746.115 691.722 638.553 586.274 535.112 484.744 435.437 386.753 339.158 291.884 245.855 199.656 154.942 110.038 66.245 22.524 -20.777 -63.313 -106.266 -147.560 -189.045 -228.892 -267.774 -305.560 -341.218 -375.778 -407.889 -438.175 -466.565 -492.730 -517.156 -539.568 -560.244 -579.292 -596.764 -612.865 -627.655 -641.281 -653.840 -665.431 -676.148 -686.068 -695.268 -703.809 -711.751 -719.144 -726.032 -732.453 -738.443 -744.030 -749.241 -754.097 -758.619 -762.823 -766.724 -770.336 -773.668 -776.731 -779.533 -782.083 -784.387 -786.454 -788.292 -789.936 -791.601 -794.822 -809.323 -9999.000 -9999.000
-9999.000 -9999.000 3285.398 3186.626 3089.089 2992.797 2897.766 2804.014 2711.564 2620.441 2530.674 2442.294 2355.324 2269.779 2185.660 2102.962 2021.697 1941.890 1863.550 1786.663 1711.217 1637.231 1564.707 1493.601 1423.921 1355.682 1288.818 1223.335 1159.245 1096.415 1034.949 974.772 915.796 858.122 801.456 746.115 691.722 638.553 586.274 535.112 484.744 435.437 386.753 339.158 291.884 245.855 199.656 154.942 110.038 66.245 22.524 -20.777 -63.313 -106.266 -147.560 -189.045 -228.892 -267.774 -305.560 -341.218 -375.778 -407.889 -438.175 -466.565 -492.730 -517.156 -539.568 -560.244 -579.292 -596.764 -612.865 -627.655 -641.281 -653.840 -665.431 -676.148 -686.068 -695.268 -703.809 -711.751 -719.144 -726.032 -732.453 -738.443 -744.030 -749.241 -754.097 -758.619 -762.823 -766.724 -770.336 -773.668 -776.731 -779.533 -782.083 -784.387 -786.454 -788.292 -789.936 -791.601 -794.822 -809.323 -9999.000 -9999.000
-9999.000 -9999.000 3285.398 3186.626 3089.089 2992.797 2897.766 2804.014 2711.564 2620.441 2530.674 2442.294 2355.324 2269.779 2185.660 2102.962 2021.697 1941.890 1863.550 1786.663 1711.217 1637.231 1564.707 1493.601 1423.921 1355.682 1288.818 1223.335 1159.245 1096.415 1034.949 974.772 915.796 858.122 801.456 746.115 691.722 638.553 586.274 535.112 484.744 435.437 386.753 339.158 291.884 245.855 199.656 154.942 110.038 66.245 22.524 -20.777 -63.313 -106.266 -147.560 -189.045 -228.892 -267.774 -305.560 -341.218 -375.778 -407.889 -438.175 -466.565 -492.730 -517.156 -539.568 -560.244 -579.292 -596.764 -612.865 -627.655 -641.281 -653.840 -665.431 -676.148 -686.068 -695.268 -703.809 -711.751 -719.144 -726.032 -732.453 -738.443 -744.030 -749.241 -754.097 -758.619 -762.823 -766.724 -770.336 -773.668 -776.731 -779.533 -782.083 -784.387 -786.454 -788.292 -789.936 -791.601 -794.822 -809.323 -9999.000 -9999.000
-9999.000 -9999.000 3285.398 3186.626 3089.089 2992.797 2897.766 2804.014 2711.564 2620.441 2530.674 2442.294 2355.324 2269.779 2185.660 2102.962 2021.697 1941.890 1863.550 1786.663 1711.217 1637.231 1564.707 1493.601 1423.921 1355.682 1288.818 1223.335 1159.245 1096.415 1034.949 974.772 915.796 858.122 801.456 746.115 691.722 638.553 586.274 535.112 484.744 435.437 386.753 339.158 291.884 245.855 199.656 154.942 110.038 66.245 22.524 -20.777 -63.313 -106.266 -147.560 -189.045 -228.892 -267.774 -305.560 -341.218 -375.778 -407.889 -438.175 -466.565 -492.730 -517.156 -539.568 -560.244 -579.292 -596.764 -612.865 -627.655 -641.281 -653.840 -665.431 -676.148 -686.068 -695.268 -703.809 -711.751 -719.144 -726.032 -732.453 -738.443 -744.030 -749.241 -754.097 -758.619 -762.823 -766.724 -770.336 -773.668 -776.731 -779.533 -782.083 -784.387 -786.454 -788.292 -789.936 -791.601 -794.822 -809.323 -9999.000 -9999.000
-9999.000 -9999.000 3285.398 3186.626 3089.089 2992.797 2897.766 2804.014 2711.564 2620.441 2530.674 2442.294 2355.324 2269.779 2185.660 2102.962 2021.697 1941.890 1863.550 1786.663 1711.217 1637.231 1564.707 1493.601 1423.921 1355.682 1288.818 1223.335 1159.245 1096.415 1034.949 974.772 915.796 858.122 801.456 746.115 691.722 638.553 586.274 535.112 484.744 435.437 386.753 339.158 291.884 245.855 199.656 154.942 110.038 66.245 22.524 -20.777 -63.313 -106.266 -147.560 -189.045 -228.892 -267.774 -305.560 -341.218 -375.778 -407.889 -438.175 -466.565 -492.730 -517.156 -539.568 -560.244 -579.292 -596.764 -612.865 -627.655 -641.281 -653.840 -665.431 -676.148 -686.068 -695.268 -703.809 -711.751 -719.144 -726.032 -732.453 -738.443 -744.030 -749.241 -754.097 -758.619 -762.823 -766.724 -770.336 -773.668 -776.731 -779.533 -782.083 -784.387 -786.454 -788.292 -789.936 -791.601 -794.822 -809.323 -9999.000 -9999.000
-9999.000 -9999.000 3285.398 3186.626 3089.089 2992.797 2897.766 2804.014 2711.564 2620.441 2530.674 2442.294 2355.324 2269.779 2185.660 2102.962 2021.697 1941.890 1863.550 1786.663 1711.217 1637.231 1564.707 1493.601 1423.921 1355.682 1288.818 1223.335 1159.245 1096.415 1034.949 974.772 915.796 858.122 801.456 746.115 691.722 638.553 586.274 535.112 484.744 435.437 386.753 339.158 291.884 245.855 199.656 154.942 110.038 66.245 22.524 -20.777 -63.313 -106.266 -147.560 -189.045 -228.892 -267.774 -305.560 -341.218 -375.778 -407.889 -438.175 -466.565 -492.730 -517.156 -539.568 -560.244 -579.292 -596.764 -612.865 -627.655 -641.281 -653.840 -665.431 -676.148 -686.068 -695.268 -703.809 -711.751 -719.144 -726.032 -732.453 -738.443 -744.030 -749.241 -754.097 -758.619 -762.823 -766.724 -770.336 -773.668 -776.731 -779.533 -782.083 -784.387 -786.454 -788.292 -789.936 -791.601 -794.822 -809.323 -9999.000 -9999.000
-9999.000 -9999.000 -9999.000 -9999.000 -9999.000 -9999.000 -9999.000 -9999.000 -9999.000 -9999.000 -9999.000 -9999.000 -9999.000 -9999.000 -9999.000 -9999.000 -9999.000 -9999.000 -9999.000 -9999.000 -9999.000 -9999.000 -9999.000 -9999.000 -9999.000 -9999.000 -9999.000 -9999.000 -9999.000 -9999.000 -9999.000 -9999.000 -9999.000 -9999.000 -9999.000 -9999.000 -9999.000 -9999.000 -9999.000 -9999.000 -9999.000 -9999.000 -9999.000 -9999.000 -9999.000 -9999.000 -9999.000 -9999.000 -9999.000 -9999.000 -9999.000 -9999.000 -9999.000 -9999.000 -9999.000 -9999.000 -9999.000 -9999.000 -9999.000 -9999.000 -9999.000 -9999.000 -9999.000 -9999.000 -9999.000 -9999.000 -9999.000 -9999.000 -9999.000 -9999.000 -9999.000 -9999.000 -9999.000 -9999.000 -9999.000 -9999.000 -9999.000 -9999.000 -9999.000 -9999.000 -9999.000 -9999.000 -9999.000 -9999.000 -9999.000 -9999.000 -9999.000 -9999.000 -9999.000 -9999.000 -9999.000 -9999.000 -9999.000 -9999.000 -9999.000 -9999.000 -9999.000 -9999.000 -9999.000 -9999.000 -9999.000 -9999.000 -9999.000 -9999.000
-9999.000 -9999.000 -9999.000 -9999.000 -9999.000 -9999.000 -9999.000 -9999.000 -9999.000 -9999.000 -9999.000 -9999.000 -9999.000 -9999.000 -9999.000 -9999.000 -9999.000 -9999.000 -9999.000 -9999.000 -9999.000 -9999.000 -9999.000 -9999.000 -9999.000 -9999.000 -9999.000 -9999.000 -9999.000 -9999.000 -9999.000 -9999.000 -9999.000 -9999.000 -9999.000 -9999.000 -9999.000 -9999.000 -9999.000 -9999.000 -9999.000 -9999.000 -9999.000 -9999.000 -9999.000 -9999.000 -9999.000 -9999.000 -9999.000 -9999.000 -9999.000 -9999.000 -9999.000 -9999.000 -9999.000 -9999.000 -9999.000 -9999.000 -9999.000 -9999.000 -9999.000 -9999.000 -9999.000 -9999.000 -9999.000 -9999.000 -9999.000 -9999.000 -9999.000 -9999.000 -9999.000 -9999.000 -9999.000 -9999.000 -9999.000 -9999.000 -9999.000 -9999.000 -9999.000 -9999.000 -9999.000 -9999.000 -9999.000 -9999.000 -9999.000 -9999.000 -9999.000 -9999.000 -9999.000 -9999.000 -9999.000 -9999.000 -9999.000 -9999.000 -9999.000 -9999.000 -9999.000 -9999.000 -9999.000 -9999.000 -9999.000 -9999.000 -9999.000 -9999.000