examples/3D/hillslope01/output-maps-METEOIO-ON/psiliqL0047N0001.asc
ncols         104
nrows         10
xllcorner     -2.000000
yllcorner     0.000000
cellsize      1.000000
NODATA_value  -9999.0
-9999.000 -9999.000 -9999.000 -9999.000 -9999.000 -9999.000 -9999.000 -9999.000 -9999.000 -9999.000 -9999.000 -9999.000 -9999.000 -9999.000 -9999.000 -9999.000 -9999.000 -9999.000 -9999.000 -9999.000 -9999.000 -9999.000 -9999.000 -9999.000 -9999.000 -9999.000 -9999.000 -9999.000 -9999.000 -9999.000 -9999.000 -9999.000 -9999.000 -9999.000 -9999.000 -9999.000 -9999.000 -9999.000 -9999.000 -9999.000 -9999.000 -9999.000 -9999.000 -9999.000 -9999.000 -9999.000 -9999.000 -9999.000 -9999.000 -9999.000 -9999.000 -9999.000 -9999.000 -9999.000 -9999.000 -9999.000 -9999.000 -9999.000 -9999.000 -9999.000 -9999.000 -9999.000 -9999.000 -9999.000 -9999.000 -9999.000 -9999.000 -9999.000 -9999.000 -9999.000 -9999.000 -9999.000 -9999.000 -9999.000 -9999.000 -9999.000 -9999.000 -9999.000 -9999.000 -9999.000 -9999.000 -9999.000 -9999.000 -9999.000 -9999.000 -9999.000 -9999.000 -9999.000 -9999.000 -9999.000 -9999.000 -9999.000 -9999.000 -9999.000 -9999.000 -9999.000 -9999.000 -9999.000 -9999.000 -9999.000 -9999.000 -9999.000 -9999.000 -9999.000
-9999.000 -9999.000 -9999.000 -9999.000 -9999.000 -9999.000 -9999.000 -9999.000 -9999.000 -9999.000 -9999.000 -9999.000 -9999.000 -9999.000 -9999.000 -9999.000 -9999.000 -9999.000 -9999.000 -9999.000 -9999.000 -9999.000 -9999.000 -9999.000 -9999.000 -9999.000 -9999.000 -9999.000 -9999.000 -9999.000 -9999.000 -9999.000 -9999.000 -9999.000 -9999.000 -9999.000 -9999.000 -9999.000 -9999.000 -9999.000 -9999.000 -9999.000 -9999.000 -9999.000 -9999.000 -9999.000 -9999.000 -9999.000 -9999.000 -9999.000 -9999.000 -9999.000 -9999.000 -9999.000 -9999.000 -9999.000 -9999.000 -9999.000 -9999.000 -9999.000 -9999.000 -9999.000 -9999.000 -9999.000 -9999.000 -9999.000 -9999.000 -9999.000 -9999.000 -9999.000 -9999.000 -9999.000 -9999.000 -9999.000 -9999.000 -9999.000 -9999.000 -9999.000 -9999.000 -9999.000 -9999.000 -9999.000 -9999.000 -9999.000 -9999.000 -9999.000 -9999.000 -9999.000 -9999.000 -9999.000 -9999.000 -9999.000 -9999.000 -9999.000 -9999.000 -9999.000 -9999.000 -9999.000 -9999.000 -9999.000 -9999.000 -9999.000 -9999.000 -9999.000
-9999.000 -9999.000 2787.194 2688.412 2590.853 2494.532 2399.464 2305.669 2213.170 2121.996 2032.179 1943.755 1856.751 1771.185 1687.051 1604.332 1523.043 1443.223 1364.888 1288.010 1212.561 1138.588 1066.101 995.012 925.355 857.177 790.349 724.907 660.921 598.097 536.722 476.647 417.700 360.221 303.490 248.384 193.956 141.014 88.727 37.795 -12.588 -61.544 -110.197 -157.509 -204.887 -250.691 -296.953 -341.219 -385.095 -425.457 -463.446 -499.129 -531.686 -562.082 -589.512 -614.509 -637.311 -657.827 -676.487 -693.382 -708.689 -722.645 -735.358 -746.989 -757.671 -767.505 -776.599 -785.034 -792.885 -800.219 -807.089 -813.544 -819.625 -825.367 -830.802 -835.954 -840.845 -845.495 -849.920 -854.132 -858.144 -861.965 -865.604 -869.066 -872.358 -875.484 -878.448 -881.253 -883.902 -886.396 -888.737 -890.927 -892.965 -894.852 -896.590 -898.178 -899.618 -900.914 -902.082 -903.273 -905.743 -918.756 -9999.000 -9999.000
-9999.000 -9999.000 2787.194 2688.412 2590.853 2494.532 2399.464 2305.669 2213.170 2121.996 2032.179 1943.755 1856.751 1771.185 1687.051 1604.332 1523.043 1443.223 1364.888 1288.010 1212.561 1138.588 1066.101 995.012 925.355 857.177 790.349 724.907 660.921 598.097 536.722 476.647 417.700 360.221 303.490 248.384 193.956 141.014 88.727 37.795 -12.588 -61.544 -110.197 -157.509 -204.887 -250.691 -296.953 -341.219 -385.095 -425.457 -463.446 -499.129 -531.686 -562.082 -589.512 -614.509 -637.311 -657.827 -676.487 -693.382 -708.689 -722.645 -735.358 -746.989 -757.671 -767.505 -776.599 -785.034 -792.885 -800.219 -807.089 -813.544 -819.625 -825.367 -830.802 -835.954 -840.845 -845.495 -849.920 -854.132 -858.144 -861.965 -865.604 -869.066 -872.358 -875.484 -878.448 -881.253 -883.902 -886.396 -888.737 -890.927 -892.965 -894.852 -896.590 -898.178 -899.618 -900.914 -902.082 -903.273 -905.743 -918.756 -9999.000 -9999.000
-9999.000 -9999.000 2787.194 2688.412 2590.853 2494.532 2399.464 2305.669 2213.170 2121.996 2032.179 1943.755 1856.751 1771.185 1687.051 1604.332 1523.043 1443.223 1364.888 1288.010 1212.561 1138.588 1066.101 995.012 925.355 857.177 790.349 724.907 660.921 598.097 536.722 476.647 417.700 360.221 303.490 248.384 193.956 141.014 88.727 37.795 -12.588 -61.544 -110.197 -157.509 -204.887 -250.691 -296.953 -341.219 -385.095 -425.457 -463.446 -499.129 -531.686 -562.082 -589.512 -614.509 -637.311 -657.827 -676.487 -693.382 -708.689 -722.645 -735.358 -746.989 -757.671 -767.505 -776.599 -785.034 -792.885 -800.219 -807.089 -813.544 -819.625 -825.367 -830.802 -835.954 -840.845 -845.495 -849.920 -854.132 -858.144 -861.965 -865.604 -869.066 -872.358 -875.484 -878.448 -881.253 -883.902 -886.396 -888.737 -890.927 -892.965 -894.852 -896.590 -898.178 -899.618 -900.914 -902.082 -903.273 -905.743 -918.756 -9999.000 -9999.000
-9999.000 -9999.000 2787.194 2688.412 2590.853 2494.532 2399.464 2305.669 2213.170 2121.996 2032.179 1943.755 1856.751 1771.185 1687.051 1604.332 1523.043 1443.223 1364.888 1288.010 1212.561 1138.588 1066.101 995.012 925.355 857.177 790.349 724.907 660.921 598.097 536.722 476.647 417.700 360.221 303.490 248.384 193.956 141.014 88.727 37.795 -12.588 -61.544 -110.197 -157.509 -204.887 -250.691 -296.953 -341.219 -385.095 -425.457 -463.446 -499.129 -531.686 -562.082 -589.512 -614.509 -637.311 -657.827 -676.487 -693.382 -708.689 -722.645 -735.358 -746.989 -757.671 -767.505 -776.599 -785.034 -792.885 -800.219 -807.089 -813.544 -819.625 -825.367 -830.802 -835.954 -840.845 -845.495 -849.920 -854.132 -858.144 -861.965 -865.604 -869.066 -872.358 -875.484 -878.448 -881.253 -883.902 -886.396 -888.737 -890.927 -892.965 -894.852 -896.590 -898.178 -899.618 -900.914 -902.082 -903.273 -905.743 -918.756 -9999.000 -9999.000
-9999.000 -9999.000 2787.194 2688.412 2590.853 2494.532 2399.464 2305.669 2213.170 2121.996 2032.179 1943.755 1856.751 1771.185 1687.051 1604.332 1523.043 1443.223 1364.888 1288.010 1212.561 1138.588 1066.101 995.012 925.355 857.177 790.349 724.907 660.921 598.097 536.722 476.647 417.700 360.221 303.490 248.384 193.956 141.014 88.727 37.795 -12.588 -61.544 -110.197 -157.509 -204.887 -250.691 -296.953 -341.219 -385.095 -425.457 -463.446 -499.129 -531.686 -562.082 -589.512 -614.509 -637.311 -657.827 -676.487 -693.382 -708.689 -722.645 -735.358 -746.989 -757.671 -767.505 -776.599 -785.034 -792.885 -800.219 -807.089 -813.544 -819.625 -825.367 -830.802 -835.954 -840.845 -845.495 -849.920 -854.132 -858.144 -861.965 -865.604 -869.066 -872.358 -875.484 -878.448 -881.253 -883.902 -886.396 -888.737 -890.927 -892.965 -894.852 -896.590 -898.178 -899.618 -900.914 -902.082 -903.273 -905.743 -918.756 -9999.000 -9999.000
-9999.000 -9999.000 2787.194 2688.412 2590.853 2494.532 2399.464 2305.669 2213.170 2121.996 2032.179 1943.755 1856.751 1771.185 1687.051 1604.332 1523.043 1443.223 1364.888 1288.010 1212.561 1138.588 1066.101 995.012 925.355 857.177 790.349 724.907 660.921 598.097 536.722 476.647 417.700 360.221 303.490 248.384 193.956 141.014 88.727 37.795 -12.588 -61.544 -110.197 -157.509 -204.887 -250.691 -296.953 -341.219 -385.095 -425.457 -463.446 -499.129 -531.686 -562.082 -589.512 -614.509 -637.311 -657.827 -676.487 -693.382 -708.689 -722.645 -735.358 -746.989 -757.671 -767.505 -776.599 -785.034 -792.885 -800.219 -807.089 -813.544 -819.625 -825.367 -830.802 -835.954 -840.845 -845.495 -849.920 -854.132 -858.144 -861.965 -865.604 -869.066 -872.358 -875.484 -878.448 -881.253 -883.902 -886.396 -888.737 -890.927 -892.965 -894.852 -896.590 -898.178 -899.618 -900.914 -902.082 -903.273 -905.743 -918.756 -9999.000 -9999.000
-9999.000 -9999.000 -9999.000 -9999.000 -9999.000 -9999.000 -9999.000 -9999.000 -9999.000 -9999.000 -9999.000 -9999.000 -9999.000 -9999.000 -9999.000 -9999.000 -9999.000 -9999.000 -9999.000 -9999.000 -9999.000 -9999.000 -9999.000 -9999.000 -9999.000 -9999.000 -9999.000 -9999.000 -9999.000 -9999.000 -9999.000 -9999.000 -9999.000 -9999.000 -9999.000 -9999.000 -9999.000 -9999.000 -9999.000 -9999.000 -9999.000 -9999.000 -9999.000 -9999.000 -9999.000 -9999.000 -9999.000 -9999.000 -9999.000 -9999.000 -9999.000 -9999.000 -9999.000 -9999.000 -9999.000 -9999.000 -9999.000 -9999.000 -9999.000 -9999.000 -9999.000 -9999.000 -9999.000 -9999.000 -9999.000 -9999.000 -9999.000 -9999.000 -9999.000 -9999.000 -9999.000 -9999.000 -9999.000 -9999.000 -9999.000 -9999.000 -9999.000 -9999.000 -9999.000 -9999.000 -9999.000 -9999.000 -9999.000 -9999.000 -9999.000 -9999.000 -9999.000 -9999.000 -9999.000 -9999.000 -9999.000 -9999.000 -9999.000 -9999.000 -9999.000 -9999.000 -9999.000 -9999.000 -9999.000 -9999.000 -9999.000 -9999.000 -9999.000 -9999.000
-9999.000 -9999.000 -9999.000 -9999.000 -9999.000 -9999.000 -9999.000 -9999.000 -9999.000 -9999.000 -9999.000 -9999.000 -9999.000 -9999.000 -9999.000 -9999.000 -9999.000 -9999.000 -9999.000 -9999.000 -9999.000 -9999.000 -9999.000 -9999.000 -9999.000 -9999.000 -9999.000 -9999.000 -9999.000 -9999.000 -9999.000 -9999.000 -9999.000 -9999.000 -9999.000 -9999.000 -9999.000 -9999.000 -9999.000 -9999.000 -9999.000 -9999.000 -9999.000 -9999.000 -9999.000 -9999.000 -9999.000 -9999.000 -9999.000 -9999.000 -9999.000 -9999.000 -9999.000 -9999.000 -9999.000 -9999.000 -9999.000 -9999.000 -9999.000 -9999.000 -9999.000 -9999.000 -9999.000 -9999.000 -9999.000 -9999.000 -9999.000 -9999.000 -9999.000 -9999.000 -9999.000 -9999.000 -9999.000 -9999.000 -9999.000 -9999.000 -9999.000 -9999.000 -9999.000 -9999.000 -9999.000 -9999.000 -9999.000 -9999.000 -9999.000 -9999.000 -9999.000 -9999.000 -9999.000 -9999.000 -9999.000 -9999.000 -9999.000 -9999.000 -9999.000 -9999.000 -9999.000 -9999.000 -9999.000 -9999.000 -9999.000 -9999.000 -9999.000 -9999.000