examples/3D/hillslope01/output-maps-METEOIO-ON/psiliqL0027N0001.asc
ncols         104
nrows         10
xllcorner     -2.000000
yllcorner     0.000000
cellsize      1.000000
NODATA_value  -9999.0
-9999.000 -9999.000 -9999.000 -9999.000 -9999.000 -9999.000 -9999.000 -9999.000 -9999.000 -9999.000 -9999.000 -9999.000 -9999.000 -9999.000 -9999.000 -9999.000 -9999.000 -9999.000 -9999.000 -9999.000 -9999.000 -9999.000 -9999.000 -9999.000 -9999.000 -9999.000 -9999.000 -9999.000 -9999.000 -9999.000 -9999.000 -9999.000 -9999.000 -9999.000 -9999.000 -9999.000 -9999.000 -9999.000 -9999.000 -9999.000 -9999.000 -9999.000 -9999.000 -9999.000 -9999.000 -9999.000 -9999.000 -9999.000 -9999.000 -9999.000 -9999.000 -9999.000 -9999.000 -9999.000 -9999.000 -9999.000 -9999.000 -9999.000 -9999.000 -9999.000 -9999.000 -9999.000 -9999.000 -9999.000 -9999.000 -9999.000 -9999.000 -9999.000 -9999.000 -9999.000 -9999.000 -9999.000 -9999.000 -9999.000 -9999.000 -9999.000 -9999.000 -9999.000 -9999.000 -9999.000 -9999.000 -9999.000 -9999.000 -9999.000 -9999.000 -9999.000 -9999.000 -9999.000 -9999.000 -9999.000 -9999.000 -9999.000 -9999.000 -9999.000 -9999.000 -9999.000 -9999.000 -9999.000 -9999.000 -9999.000 -9999.000 -9999.000 -9999.000 -9999.000
-9999.000 -9999.000 -9999.000 -9999.000 -9999.000 -9999.000 -9999.000 -9999.000 -9999.000 -9999.000 -9999.000 -9999.000 -9999.000 -9999.000 -9999.000 -9999.000 -9999.000 -9999.000 -9999.000 -9999.000 -9999.000 -9999.000 -9999.000 -9999.000 -9999.000 -9999.000 -9999.000 -9999.000 -9999.000 -9999.000 -9999.000 -9999.000 -9999.000 -9999.000 -9999.000 -9999.000 -9999.000 -9999.000 -9999.000 -9999.000 -9999.000 -9999.000 -9999.000 -9999.000 -9999.000 -9999.000 -9999.000 -9999.000 -9999.000 -9999.000 -9999.000 -9999.000 -9999.000 -9999.000 -9999.000 -9999.000 -9999.000 -9999.000 -9999.000 -9999.000 -9999.000 -9999.000 -9999.000 -9999.000 -9999.000 -9999.000 -9999.000 -9999.000 -9999.000 -9999.000 -9999.000 -9999.000 -9999.000 -9999.000 -9999.000 -9999.000 -9999.000 -9999.000 -9999.000 -9999.000 -9999.000 -9999.000 -9999.000 -9999.000 -9999.000 -9999.000 -9999.000 -9999.000 -9999.000 -9999.000 -9999.000 -9999.000 -9999.000 -9999.000 -9999.000 -9999.000 -9999.000 -9999.000 -9999.000 -9999.000 -9999.000 -9999.000 -9999.000 -9999.000
-9999.000 -9999.000 791.414 692.578 594.891 498.406 403.148 309.120 216.346 124.872 34.755 -53.879 -141.500 -229.928 -322.362 -423.892 -541.739 -686.324 -873.033 -1122.548 -1451.566 -1836.098 -2138.786 -2271.413 -2310.865 -2321.737 -2324.950 -2326.009 -2326.400 -2326.562 -2326.636 -2326.673 -2326.694 -2326.706 -2326.713 -2326.718 -2326.722 -2326.724 -2326.726 -2326.727 -2326.729 -2326.729 -2326.730 -2326.731 -2326.731 -2326.732 -2326.732 -2326.732 -2326.733 -2326.733 -2326.733 -2326.733 -2326.733 -2326.733 -2326.733 -2326.733 -2326.733 -2326.733 -2326.733 -2326.733 -2326.733 -2326.733 -2326.733 -2326.733 -2326.733 -2326.733 -2326.733 -2326.733 -2326.733 -2326.733 -2326.733 -2326.733 -2326.733 -2326.733 -2326.733 -2326.733 -2326.733 -2326.733 -2326.733 -2326.733 -2326.733 -2326.733 -2326.734 -2326.734 -2326.734 -2326.734 -2326.734 -2326.734 -2326.734 -2326.734 -2326.734 -2326.734 -2326.734 -2326.734 -2326.734 -2326.734 -2326.734 -2326.734 -2326.734 -2326.735 -2326.787 -2329.716 -9999.000 -9999.000
-9999.000 -9999.000 791.414 692.578 594.891 498.406 403.148 309.120 216.346 124.872 34.755 -53.879 -141.500 -229.928 -322.362 -423.892 -541.739 -686.324 -873.033 -1122.548 -1451.566 -1836.098 -2138.786 -2271.413 -2310.865 -2321.737 -2324.950 -2326.009 -2326.400 -2326.562 -2326.636 -2326.673 -2326.694 -2326.706 -2326.713 -2326.718 -2326.722 -2326.724 -2326.726 -2326.727 -2326.729 -2326.729 -2326.730 -2326.731 -2326.731 -2326.732 -2326.732 -2326.732 -2326.733 -2326.733 -2326.733 -2326.733 -2326.733 -2326.733 -2326.733 -2326.733 -2326.733 -2326.733 -2326.733 -2326.733 -2326.733 -2326.733 -2326.733 -2326.733 -2326.733 -2326.733 -2326.733 -2326.733 -2326.733 -2326.733 -2326.733 -2326.733 -2326.733 -2326.733 -2326.733 -2326.733 -2326.733 -2326.733 -2326.733 -2326.733 -2326.733 -2326.733 -2326.734 -2326.734 -2326.734 -2326.734 -2326.734 -2326.734 -2326.734 -2326.734 -2326.734 -2326.734 -2326.734 -2326.734 -2326.734 -2326.734 -2326.734 -2326.734 -2326.734 -2326.735 -2326.787 -2329.716 -9999.000 -9999.000
-9999.000 -9999.000 791.414 692.578 594.891 498.406 403.148 309.120 216.346 124.872 34.755 -53.879 -141.500 -229.928 -322.362 -423.892 -541.739 -686.324 -873.033 -1122.548 -1451.566 -1836.098 -2138.786 -2271.413 -2310.865 -2321.737 -2324.950 -2326.009 -2326.400 -2326.562 -2326.636 -2326.673 -2326.694 -2326.706 -2326.713 -2326.718 -2326.722 -2326.724 -2326.726 -2326.727 -2326.729 -2326.729 -2326.730 -2326.731 -2326.731 -2326.732 -2326.732 -2326.732 -2326.733 -2326.733 -2326.733 -2326.733 -2326.733 -2326.733 -2326.733 -2326.733 -2326.733 -2326.733 -2326.733 -2326.733 -2326.733 -2326.733 -2326.733 -2326.733 -2326.733 -2326.733 -2326.733 -2326.733 -2326.733 -2326.733 -2326.733 -2326.733 -2326.733 -2326.733 -2326.733 -2326.733 -2326.733 -2326.733 -2326.733 -2326.733 -2326.733 -2326.733 -2326.734 -2326.734 -2326.734 -2326.734 -2326.734 -2326.734 -2326.734 -2326.734 -2326.734 -2326.734 -2326.734 -2326.734 -2326.734 -2326.734 -2326.734 -2326.734 -2326.734 -2326.735 -2326.787 -2329.716 -9999.000 -9999.000
-9999.000 -9999.000 791.414 692.578 594.891 498.406 403.148 309.120 216.346 124.872 34.755 -53.879 -141.500 -229.928 -322.362 -423.892 -541.739 -686.324 -873.033 -1122.548 -1451.566 -1836.098 -2138.786 -2271.413 -2310.865 -2321.737 -2324.950 -2326.009 -2326.400 -2326.562 -2326.636 -2326.673 -2326.694 -2326.706 -2326.713 -2326.718 -2326.722 -2326.724 -2326.726 -2326.727 -2326.729 -2326.729 -2326.730 -2326.731 -2326.731 -2326.732 -2326.732 -2326.732 -2326.733 -2326.733 -2326.733 -2326.733 -2326.733 -2326.733 -2326.733 -2326.733 -2326.733 -2326.733 -2326.733 -2326.733 -2326.733 -2326.733 -2326.733 -2326.733 -2326.733 -2326.733 -2326.733 -2326.733 -2326.733 -2326.733 -2326.733 -2326.733 -2326.733 -2326.733 -2326.733 -2326.733 -2326.733 -2326.733 -2326.733 -2326.733 -2326.733 -2326.733 -2326.734 -2326.734 -2326.734 -2326.734 -2326.734 -2326.734 -2326.734 -2326.734 -2326.734 -2326.734 -2326.734 -2326.734 -2326.734 -2326.734 -2326.734 -2326.734 -2326.734 -2326.735 -2326.787 -2329.716 -9999.000 -9999.000
-9999.000 -9999.000 791.414 692.578 594.891 498.406 403.148 309.120 216.346 124.872 34.755 -53.879 -141.500 -229.928 -322.362 -423.892 -541.739 -686.324 -873.033 -1122.548 -1451.566 -1836.098 -2138.786 -2271.413 -2310.865 -2321.737 -2324.950 -2326.009 -2326.400 -2326.562 -2326.636 -2326.673 -2326.694 -2326.706 -2326.713 -2326.718 -2326.722 -2326.724 -2326.726 -2326.727 -2326.729 -2326.729 -2326.730 -2326.731 -2326.731 -2326.732 -2326.732 -2326.732 -2326.733 -2326.733 -2326.733 -2326.733 -2326.733 -2326.733 -2326.733 -2326.733 -2326.733 -2326.733 -2326.733 -2326.733 -2326.733 -2326.733 -2326.733 -2326.733 -2326.733 -2326.733 -2326.733 -2326.733 -2326.733 -2326.733 -2326.733 -2326.733 -2326.733 -2326.733 -2326.733 -2326.733 -2326.733 -2326.733 -2326.733 -2326.733 -2326.733 -2326.733 -2326.734 -2326.734 -2326.734 -2326.734 -2326.734 -2326.734 -2326.734 -2326.734 -2326.734 -2326.734 -2326.734 -2326.734 -2326.734 -2326.734 -2326.734 -2326.734 -2326.734 -2326.735 -2326.787 -2329.716 -9999.000 -9999.000
-9999.000 -9999.000 791.414 692.578 594.891 498.406 403.148 309.120 216.346 124.872 34.755 -53.879 -141.500 -229.928 -322.362 -423.892 -541.739 -686.324 -873.033 -1122.548 -1451.566 -1836.098 -2138.786 -2271.413 -2310.865 -2321.737 -2324.950 -2326.009 -2326.400 -2326.562 -2326.636 -2326.673 -2326.694 -2326.706 -2326.713 -2326.718 -2326.722 -2326.724 -2326.726 -2326.727 -2326.729 -2326.729 -2326.730 -2326.731 -2326.731 -2326.732 -2326.732 -2326.732 -2326.733 -2326.733 -2326.733 -2326.733 -2326.733 -2326.733 -2326.733 -2326.733 -2326.733 -2326.733 -2326.733 -2326.733 -2326.733 -2326.733 -2326.733 -2326.733 -2326.733 -2326.733 -2326.733 -2326.733 -2326.733 -2326.733 -2326.733 -2326.733 -2326.733 -2326.733 -2326.733 -2326.733 -2326.733 -2326.733 -2326.733 -2326.733 -2326.733 -2326.733 -2326.734 -2326.734 -2326.734 -2326.734 -2326.734 -2326.734 -2326.734 -2326.734 -2326.734 -2326.734 -2326.734 -2326.734 -2326.734 -2326.734 -2326.734 -2326.734 -2326.734 -2326.735 -2326.787 -2329.716 -9999.000 -9999.000
-9999.000 -9999.000 -9999.000 -9999.000 -9999.000 -9999.000 -9999.000 -9999.000 -9999.000 -9999.000 -9999.000 -9999.000 -9999.000 -9999.000 -9999.000 -9999.000 -9999.000 -9999.000 -9999.000 -9999.000 -9999.000 -9999.000 -9999.000 -9999.000 -9999.000 -9999.000 -9999.000 -9999.000 -9999.000 -9999.000 -9999.000 -9999.000 -9999.000 -9999.000 -9999.000 -9999.000 -9999.000 -9999.000 -9999.000 -9999.000 -9999.000 -9999.000 -9999.000 -9999.000 -9999.000 -9999.000 -9999.000 -9999.000 -9999.000 -9999.000 -9999.000 -9999.000 -9999.000 -9999.000 -9999.000 -9999.000 -9999.000 -9999.000 -9999.000 -9999.000 -9999.000 -9999.000 -9999.000 -9999.000 -9999.000 -9999.000 -9999.000 -9999.000 -9999.000 -9999.000 -9999.000 -9999.000 -9999.000 -9999.000 -9999.000 -9999.000 -9999.000 -9999.000 -9999.000 -9999.000 -9999.000 -9999.000 -9999.000 -9999.000 -9999.000 -9999.000 -9999.000 -9999.000 -9999.000 -9999.000 -9999.000 -9999.000 -9999.000 -9999.000 -9999.000 -9999.000 -9999.000 -9999.000 -9999.000 -9999.000 -9999.000 -9999.000 -9999.000 -9999.000
-9999.000 -9999.000 -9999.000 -9999.000 -9999.000 -9999.000 -9999.000 -9999.000 -9999.000 -9999.000 -9999.000 -9999.000 -9999.000 -9999.000 -9999.000 -9999.000 -9999.000 -9999.000 -9999.000 -9999.000 -9999.000 -9999.000 -9999.000 -9999.000 -9999.000 -9999.000 -9999.000 -9999.000 -9999.000 -9999.000 -9999.000 -9999.000 -9999.000 -9999.000 -9999.000 -9999.000 -9999.000 -9999.000 -9999.000 -9999.000 -9999.000 -9999.000 -9999.000 -9999.000 -9999.000 -9999.000 -9999.000 -9999.000 -9999.000 -9999.000 -9999.000 -9999.000 -9999.000 -9999.000 -9999.000 -9999.000 -9999.000 -9999.000 -9999.000 -9999.000 -9999.000 -9999.000 -9999.000 -9999.000 -9999.000 -9999.000 -9999.000 -9999.000 -9999.000 -9999.000 -9999.000 -9999.000 -9999.000 -9999.000 -9999.000 -9999.000 -9999.000 -9999.000 -9999.000 -9999.000 -9999.000 -9999.000 -9999.000 -9999.000 -9999.000 -9999.000 -9999.000 -9999.000 -9999.000 -9999.000 -9999.000 -9999.000 -9999.000 -9999.000 -9999.000 -9999.000 -9999.000 -9999.000 -9999.000 -9999.000 -9999.000 -9999.000 -9999.000 -9999.000