examples/3D/hillslope01/output-maps-METEOIO-ON/psiliqL0049N0003.asc
ncols         104
nrows         10
xllcorner     -2.000000
yllcorner     0.000000
cellsize      1.000000
NODATA_value  -9999.0
-9999.000 -9999.000 -9999.000 -9999.000 -9999.000 -9999.000 -9999.000 -9999.000 -9999.000 -9999.000 -9999.000 -9999.000 -9999.000 -9999.000 -9999.000 -9999.000 -9999.000 -9999.000 -9999.000 -9999.000 -9999.000 -9999.000 -9999.000 -9999.000 -9999.000 -9999.000 -9999.000 -9999.000 -9999.000 -9999.000 -9999.000 -9999.000 -9999.000 -9999.000 -9999.000 -9999.000 -9999.000 -9999.000 -9999.000 -9999.000 -9999.000 -9999.000 -9999.000 -9999.000 -9999.000 -9999.000 -9999.000 -9999.000 -9999.000 -9999.000 -9999.000 -9999.000 -9999.000 -9999.000 -9999.000 -9999.000 -9999.000 -9999.000 -9999.000 -9999.000 -9999.000 -9999.000 -9999.000 -9999.000 -9999.000 -9999.000 -9999.000 -9999.000 -9999.000 -9999.000 -9999.000 -9999.000 -9999.000 -9999.000 -9999.000 -9999.000 -9999.000 -9999.000 -9999.000 -9999.000 -9999.000 -9999.000 -9999.000 -9999.000 -9999.000 -9999.000 -9999.000 -9999.000 -9999.000 -9999.000 -9999.000 -9999.000 -9999.000 -9999.000 -9999.000 -9999.000 -9999.000 -9999.000 -9999.000 -9999.000 -9999.000 -9999.000 -9999.000 -9999.000
-9999.000 -9999.000 -9999.000 -9999.000 -9999.000 -9999.000 -9999.000 -9999.000 -9999.000 -9999.000 -9999.000 -9999.000 -9999.000 -9999.000 -9999.000 -9999.000 -9999.000 -9999.000 -9999.000 -9999.000 -9999.000 -9999.000 -9999.000 -9999.000 -9999.000 -9999.000 -9999.000 -9999.000 -9999.000 -9999.000 -9999.000 -9999.000 -9999.000 -9999.000 -9999.000 -9999.000 -9999.000 -9999.000 -9999.000 -9999.000 -9999.000 -9999.000 -9999.000 -9999.000 -9999.000 -9999.000 -9999.000 -9999.000 -9999.000 -9999.000 -9999.000 -9999.000 -9999.000 -9999.000 -9999.000 -9999.000 -9999.000 -9999.000 -9999.000 -9999.000 -9999.000 -9999.000 -9999.000 -9999.000 -9999.000 -9999.000 -9999.000 -9999.000 -9999.000 -9999.000 -9999.000 -9999.000 -9999.000 -9999.000 -9999.000 -9999.000 -9999.000 -9999.000 -9999.000 -9999.000 -9999.000 -9999.000 -9999.000 -9999.000 -9999.000 -9999.000 -9999.000 -9999.000 -9999.000 -9999.000 -9999.000 -9999.000 -9999.000 -9999.000 -9999.000 -9999.000 -9999.000 -9999.000 -9999.000 -9999.000 -9999.000 -9999.000 -9999.000 -9999.000
-9999.000 -9999.000 4248.894 4149.073 4049.437 3949.996 3850.764 3751.753 3652.973 3554.434 3456.143 3358.107 3260.333 3162.826 3065.590 2968.629 2871.946 2775.543 2679.422 2583.588 2488.043 2392.793 2297.842 2203.195 2108.857 2014.833 1921.128 1827.744 1734.688 1641.961 1549.566 1457.503 1365.771 1274.368 1183.287 1092.523 1002.091 912.002 822.258 732.864 643.820 555.123 466.768 378.740 291.004 203.564 116.497 29.792 -56.497 -142.442 -228.133 -313.606 -398.790 -482.905 -563.749 -639.866 -709.876 -772.609 -827.385 -874.007 -912.992 -945.198 -971.582 -993.094 -1010.627 -1024.971 -1036.772 -1046.551 -1054.727 -1061.632 -1067.523 -1072.604 -1077.032 -1080.932 -1084.399 -1087.510 -1090.325 -1092.891 -1095.246 -1097.419 -1099.435 -1101.313 -1103.067 -1104.711 -1106.253 -1107.701 -1109.063 -1110.342 -1111.542 -1112.667 -1113.719 -1114.700 -1115.610 -1116.451 -1117.225 -1117.931 -1118.572 -1119.161 -1119.777 -1120.908 -1125.172 -1144.952 -9999.000 -9999.000
-9999.000 -9999.000 4248.894 4149.073 4049.437 3949.996 3850.764 3751.753 3652.973 3554.434 3456.143 3358.107 3260.333 3162.826 3065.590 2968.629 2871.946 2775.543 2679.422 2583.588 2488.043 2392.793 2297.842 2203.195 2108.857 2014.833 1921.128 1827.744 1734.688 1641.961 1549.566 1457.503 1365.771 1274.368 1183.287 1092.523 1002.091 912.002 822.258 732.864 643.820 555.123 466.768 378.740 291.004 203.564 116.497 29.792 -56.497 -142.442 -228.133 -313.606 -398.790 -482.905 -563.749 -639.866 -709.876 -772.609 -827.385 -874.007 -912.992 -945.198 -971.582 -993.094 -1010.627 -1024.971 -1036.772 -1046.551 -1054.727 -1061.632 -1067.523 -1072.604 -1077.032 -1080.932 -1084.399 -1087.510 -1090.325 -1092.891 -1095.246 -1097.419 -1099.435 -1101.313 -1103.067 -1104.711 -1106.253 -1107.701 -1109.063 -1110.342 -1111.542 -1112.667 -1113.719 -1114.700 -1115.610 -1116.451 -1117.225 -1117.931 -1118.572 -1119.161 -1119.777 -1120.908 -1125.172 -1144.952 -9999.000 -9999.000
-9999.000 -9999.000 4248.894 4149.073 4049.437 3949.996 3850.764 3751.753 3652.973 3554.434 3456.143 3358.107 3260.333 3162.826 3065.590 2968.629 2871.946 2775.543 2679.422 2583.588 2488.043 2392.793 2297.842 2203.195 2108.857 2014.833 1921.128 1827.744 1734.688 1641.961 1549.566 1457.503 1365.771 1274.368 1183.287 1092.523 1002.091 912.002 822.258 732.864 643.820 555.123 466.768 378.740 291.004 203.564 116.497 29.792 -56.497 -142.442 -228.133 -313.606 -398.790 -482.905 -563.749 -639.866 -709.876 -772.609 -827.385 -874.007 -912.992 -945.198 -971.582 -993.094 -1010.627 -1024.971 -1036.772 -1046.551 -1054.727 -1061.632 -1067.523 -1072.604 -1077.032 -1080.932 -1084.399 -1087.510 -1090.325 -1092.891 -1095.246 -1097.419 -1099.435 -1101.313 -1103.067 -1104.711 -1106.253 -1107.701 -1109.063 -1110.342 -1111.542 -1112.667 -1113.719 -1114.700 -1115.610 -1116.451 -1117.225 -1117.931 -1118.572 -1119.161 -1119.777 -1120.908 -1125.172 -1144.952 -9999.000 -9999.000
-9999.000 -9999.000 4248.894 4149.073 4049.437 3949.996 3850.764 3751.753 3652.973 3554.434 3456.143 3358.107 3260.333 3162.826 3065.590 2968.629 2871.946 2775.543 2679.422 2583.588 2488.043 2392.793 2297.842 2203.195 2108.857 2014.833 1921.128 1827.744 1734.688 1641.961 1549.566 1457.503 1365.771 1274.368 1183.287 1092.523 1002.091 912.002 822.258 732.864 643.820 555.123 466.768 378.740 291.004 203.564 116.497 29.792 -56.497 -142.442 -228.133 -313.606 -398.790 -482.905 -563.749 -639.866 -709.876 -772.609 -827.385 -874.007 -912.992 -945.198 -971.582 -993.094 -1010.627 -1024.971 -1036.772 -1046.551 -1054.727 -1061.632 -1067.523 -1072.604 -1077.032 -1080.932 -1084.399 -1087.510 -1090.325 -1092.891 -1095.246 -1097.419 -1099.435 -1101.313 -1103.067 -1104.711 -1106.253 -1107.701 -1109.063 -1110.342 -1111.542 -1112.667 -1113.719 -1114.700 -1115.610 -1116.451 -1117.225 -1117.931 -1118.572 -1119.161 -1119.777 -1120.908 -1125.172 -1144.952 -9999.000 -9999.000
-9999.000 -9999.000 4248.894 4149.073 4049.437 3949.996 3850.764 3751.753 3652.973 3554.434 3456.143 3358.107 3260.333 3162.826 3065.590 2968.629 2871.946 2775.543 2679.422 2583.588 2488.043 2392.793 2297.842 2203.195 2108.857 2014.833 1921.128 1827.744 1734.688 1641.961 1549.566 1457.503 1365.771 1274.368 1183.287 1092.523 1002.091 912.002 822.258 732.864 643.820 555.123 466.768 378.740 291.004 203.564 116.497 29.792 -56.497 -142.442 -228.133 -313.606 -398.790 -482.905 -563.749 -639.866 -709.876 -772.609 -827.385 -874.007 -912.992 -945.198 -971.582 -993.094 -1010.627 -1024.971 -1036.772 -1046.551 -1054.727 -1061.632 -1067.523 -1072.604 -1077.032 -1080.932 -1084.399 -1087.510 -1090.325 -1092.891 -1095.246 -1097.419 -1099.435 -1101.313 -1103.067 -1104.711 -1106.253 -1107.701 -1109.063 -1110.342 -1111.542 -1112.667 -1113.719 -1114.700 -1115.610 -1116.451 -1117.225 -1117.931 -1118.572 -1119.161 -1119.777 -1120.908 -1125.172 -1144.952 -9999.000 -9999.000
-9999.000 -9999.000 4248.894 4149.073 4049.437 3949.996 3850.764 3751.753 3652.973 3554.434 3456.143 3358.107 3260.333 3162.826 3065.590 2968.629 2871.946 2775.543 2679.422 2583.588 2488.043 2392.793 2297.842 2203.195 2108.857 2014.833 1921.128 1827.744 1734.688 1641.961 1549.566 1457.503 1365.771 1274.368 1183.287 1092.523 1002.091 912.002 822.258 732.864 643.820 555.123 466.768 378.740 291.004 203.564 116.497 29.792 -56.497 -142.442 -228.133 -313.606 -398.790 -482.905 -563.749 -639.866 -709.876 -772.609 -827.385 -874.007 -912.992 -945.198 -971.582 -993.094 -1010.627 -1024.971 -1036.772 -1046.551 -1054.727 -1061.632 -1067.523 -1072.604 -1077.032 -1080.932 -1084.399 -1087.510 -1090.325 -1092.891 -1095.246 -1097.419 -1099.435 -1101.313 -1103.067 -1104.711 -1106.253 -1107.701 -1109.063 -1110.342 -1111.542 -1112.667 -1113.719 -1114.700 -1115.610 -1116.451 -1117.225 -1117.931 -1118.572 -1119.161 -1119.777 -1120.908 -1125.172 -1144.952 -9999.000 -9999.000
-9999.000 -9999.000 -9999.000 -9999.000 -9999.000 -9999.000 -9999.000 -9999.000 -9999.000 -9999.000 -9999.000 -9999.000 -9999.000 -9999.000 -9999.000 -9999.000 -9999.000 -9999.000 -9999.000 -9999.000 -9999.000 -9999.000 -9999.000 -9999.000 -9999.000 -9999.000 -9999.000 -9999.000 -9999.000 -9999.000 -9999.000 -9999.000 -9999.000 -9999.000 -9999.000 -9999.000 -9999.000 -9999.000 -9999.000 -9999.000 -9999.000 -9999.000 -9999.000 -9999.000 -9999.000 -9999.000 -9999.000 -9999.000 -9999.000 -9999.000 -9999.000 -9999.000 -9999.000 -9999.000 -9999.000 -9999.000 -9999.000 -9999.000 -9999.000 -9999.000 -9999.000 -9999.000 -9999.000 -9999.000 -9999.000 -9999.000 -9999.000 -9999.000 -9999.000 -9999.000 -9999.000 -9999.000 -9999.000 -9999.000 -9999.000 -9999.000 -9999.000 -9999.000 -9999.000 -9999.000 -9999.000 -9999.000 -9999.000 -9999.000 -9999.000 -9999.000 -9999.000 -9999.000 -9999.000 -9999.000 -9999.000 -9999.000 -9999.000 -9999.000 -9999.000 -9999.000 -9999.000 -9999.000 -9999.000 -9999.000 -9999.000 -9999.000 -9999.000 -9999.000
-9999.000 -9999.000 -9999.000 -9999.000 -9999.000 -9999.000 -9999.000 -9999.000 -9999.000 -9999.000 -9999.000 -9999.000 -9999.000 -9999.000 -9999.000 -9999.000 -9999.000 -9999.000 -9999.000 -9999.000 -9999.000 -9999.000 -9999.000 -9999.000 -9999.000 -9999.000 -9999.000 -9999.000 -9999.000 -9999.000 -9999.000 -9999.000 -9999.000 -9999.000 -9999.000 -9999.000 -9999.000 -9999.000 -9999.000 -9999.000 -9999.000 -9999.000 -9999.000 -9999.000 -9999.000 -9999.000 -9999.000 -9999.000 -9999.000 -9999.000 -9999.000 -9999.000 -9999.000 -9999.000 -9999.000 -9999.000 -9999.000 -9999.000 -9999.000 -9999.000 -9999.000 -9999.000 -9999.000 -9999.000 -9999.000 -9999.000 -9999.000 -9999.000 -9999.000 -9999.000 -9999.000 -9999.000 -9999.000 -9999.000 -9999.000 -9999.000 -9999.000 -9999.000 -9999.000 -9999.000 -9999.000 -9999.000 -9999.000 -9999.000 -9999.000 -9999.000 -9999.000 -9999.000 -9999.000 -9999.000 -9999.000 -9999.000 -9999.000 -9999.000 -9999.000 -9999.000 -9999.000 -9999.000 -9999.000 -9999.000 -9999.000 -9999.000 -9999.000 -9999.000