examples/3D/hillslope01/output-maps-METEOIO-ON/psiliqL0058N0003.asc
ncols         104
nrows         10
xllcorner     -2.000000
yllcorner     0.000000
cellsize      1.000000
NODATA_value  -9999.0
-9999.000 -9999.000 -9999.000 -9999.000 -9999.000 -9999.000 -9999.000 -9999.000 -9999.000 -9999.000 -9999.000 -9999.000 -9999.000 -9999.000 -9999.000 -9999.000 -9999.000 -9999.000 -9999.000 -9999.000 -9999.000 -9999.000 -9999.000 -9999.000 -9999.000 -9999.000 -9999.000 -9999.000 -9999.000 -9999.000 -9999.000 -9999.000 -9999.000 -9999.000 -9999.000 -9999.000 -9999.000 -9999.000 -9999.000 -9999.000 -9999.000 -9999.000 -9999.000 -9999.000 -9999.000 -9999.000 -9999.000 -9999.000 -9999.000 -9999.000 -9999.000 -9999.000 -9999.000 -9999.000 -9999.000 -9999.000 -9999.000 -9999.000 -9999.000 -9999.000 -9999.000 -9999.000 -9999.000 -9999.000 -9999.000 -9999.000 -9999.000 -9999.000 -9999.000 -9999.000 -9999.000 -9999.000 -9999.000 -9999.000 -9999.000 -9999.000 -9999.000 -9999.000 -9999.000 -9999.000 -9999.000 -9999.000 -9999.000 -9999.000 -9999.000 -9999.000 -9999.000 -9999.000 -9999.000 -9999.000 -9999.000 -9999.000 -9999.000 -9999.000 -9999.000 -9999.000 -9999.000 -9999.000 -9999.000 -9999.000 -9999.000 -9999.000 -9999.000 -9999.000
-9999.000 -9999.000 -9999.000 -9999.000 -9999.000 -9999.000 -9999.000 -9999.000 -9999.000 -9999.000 -9999.000 -9999.000 -9999.000 -9999.000 -9999.000 -9999.000 -9999.000 -9999.000 -9999.000 -9999.000 -9999.000 -9999.000 -9999.000 -9999.000 -9999.000 -9999.000 -9999.000 -9999.000 -9999.000 -9999.000 -9999.000 -9999.000 -9999.000 -9999.000 -9999.000 -9999.000 -9999.000 -9999.000 -9999.000 -9999.000 -9999.000 -9999.000 -9999.000 -9999.000 -9999.000 -9999.000 -9999.000 -9999.000 -9999.000 -9999.000 -9999.000 -9999.000 -9999.000 -9999.000 -9999.000 -9999.000 -9999.000 -9999.000 -9999.000 -9999.000 -9999.000 -9999.000 -9999.000 -9999.000 -9999.000 -9999.000 -9999.000 -9999.000 -9999.000 -9999.000 -9999.000 -9999.000 -9999.000 -9999.000 -9999.000 -9999.000 -9999.000 -9999.000 -9999.000 -9999.000 -9999.000 -9999.000 -9999.000 -9999.000 -9999.000 -9999.000 -9999.000 -9999.000 -9999.000 -9999.000 -9999.000 -9999.000 -9999.000 -9999.000 -9999.000 -9999.000 -9999.000 -9999.000 -9999.000 -9999.000 -9999.000 -9999.000 -9999.000 -9999.000
-9999.000 -9999.000 5140.823 5041.013 4941.398 4841.984 4742.782 4643.802 4545.053 4446.542 4348.278 4250.267 4152.515 4055.028 3957.810 3860.866 3764.198 3667.811 3571.706 3475.888 3380.361 3285.128 3190.195 3095.565 3001.244 2907.236 2813.544 2720.174 2627.128 2534.409 2442.019 2349.959 2258.228 2166.825 2075.748 1984.997 1894.578 1804.498 1714.759 1625.364 1536.314 1447.605 1359.232 1271.186 1183.456 1096.046 1008.981 922.263 835.888 749.848 664.126 578.696 493.514 408.668 324.172 240.006 156.145 72.554 -10.849 -93.967 -176.384 -257.722 -337.261 -413.987 -486.698 -553.905 -614.596 -668.263 -714.787 -754.400 -787.636 -815.297 -838.201 -857.115 -872.739 -885.688 -896.473 -905.511 -913.139 -919.628 -925.195 -930.009 -934.206 -937.893 -941.154 -944.057 -946.655 -948.991 -951.098 -953.004 -954.729 -956.292 -957.706 -958.983 -960.132 -961.161 -962.081 -962.921 -963.821 -965.478 -971.005 -993.043 -9999.000 -9999.000
-9999.000 -9999.000 5140.823 5041.013 4941.398 4841.984 4742.782 4643.802 4545.053 4446.542 4348.278 4250.267 4152.515 4055.028 3957.810 3860.866 3764.198 3667.811 3571.706 3475.888 3380.361 3285.128 3190.195 3095.565 3001.244 2907.236 2813.544 2720.174 2627.128 2534.409 2442.019 2349.959 2258.228 2166.825 2075.748 1984.997 1894.578 1804.498 1714.759 1625.364 1536.314 1447.605 1359.232 1271.186 1183.456 1096.046 1008.981 922.263 835.888 749.848 664.126 578.696 493.514 408.668 324.172 240.006 156.145 72.554 -10.849 -93.967 -176.384 -257.722 -337.261 -413.987 -486.698 -553.905 -614.596 -668.263 -714.787 -754.400 -787.636 -815.297 -838.201 -857.115 -872.739 -885.688 -896.473 -905.511 -913.139 -919.628 -925.195 -930.009 -934.206 -937.893 -941.154 -944.057 -946.655 -948.991 -951.098 -953.004 -954.729 -956.292 -957.706 -958.983 -960.132 -961.161 -962.081 -962.921 -963.821 -965.478 -971.005 -993.043 -9999.000 -9999.000
-9999.000 -9999.000 5140.823 5041.013 4941.398 4841.984 4742.782 4643.802 4545.053 4446.542 4348.278 4250.267 4152.515 4055.028 3957.810 3860.866 3764.198 3667.811 3571.706 3475.888 3380.361 3285.128 3190.195 3095.565 3001.244 2907.236 2813.544 2720.174 2627.128 2534.409 2442.019 2349.959 2258.228 2166.825 2075.748 1984.997 1894.578 1804.498 1714.759 1625.364 1536.314 1447.605 1359.232 1271.186 1183.456 1096.046 1008.981 922.263 835.888 749.848 664.126 578.696 493.514 408.668 324.172 240.006 156.145 72.554 -10.849 -93.967 -176.384 -257.722 -337.261 -413.987 -486.698 -553.905 -614.596 -668.263 -714.787 -754.400 -787.636 -815.297 -838.201 -857.115 -872.739 -885.688 -896.473 -905.511 -913.139 -919.628 -925.195 -930.009 -934.206 -937.893 -941.154 -944.057 -946.655 -948.991 -951.098 -953.004 -954.729 -956.292 -957.706 -958.983 -960.132 -961.161 -962.081 -962.921 -963.821 -965.478 -971.005 -993.043 -9999.000 -9999.000
-9999.000 -9999.000 5140.823 5041.013 4941.398 4841.984 4742.782 4643.802 4545.053 4446.542 4348.278 4250.267 4152.515 4055.028 3957.810 3860.866 3764.198 3667.811 3571.706 3475.888 3380.361 3285.128 3190.195 3095.565 3001.244 2907.236 2813.544 2720.174 2627.128 2534.409 2442.019 2349.959 2258.228 2166.825 2075.748 1984.997 1894.578 1804.498 1714.759 1625.364 1536.314 1447.605 1359.232 1271.186 1183.456 1096.046 1008.981 922.263 835.888 749.848 664.126 578.696 493.514 408.668 324.172 240.006 156.145 72.554 -10.849 -93.967 -176.384 -257.722 -337.261 -413.987 -486.698 -553.905 -614.596 -668.263 -714.787 -754.400 -787.636 -815.297 -838.201 -857.115 -872.739 -885.688 -896.473 -905.511 -913.139 -919.628 -925.195 -930.009 -934.206 -937.893 -941.154 -944.057 -946.655 -948.991 -951.098 -953.004 -954.729 -956.292 -957.706 -958.983 -960.132 -961.161 -962.081 -962.921 -963.821 -965.478 -971.005 -993.043 -9999.000 -9999.000
-9999.000 -9999.000 5140.823 5041.013 4941.398 4841.984 4742.782 4643.802 4545.053 4446.542 4348.278 4250.267 4152.515 4055.028 3957.810 3860.866 3764.198 3667.811 3571.706 3475.888 3380.361 3285.128 3190.195 3095.565 3001.244 2907.236 2813.544 2720.174 2627.128 2534.409 2442.019 2349.959 2258.228 2166.825 2075.748 1984.997 1894.578 1804.498 1714.759 1625.364 1536.314 1447.605 1359.232 1271.186 1183.456 1096.046 1008.981 922.263 835.888 749.848 664.126 578.696 493.514 408.668 324.172 240.006 156.145 72.554 -10.849 -93.967 -176.384 -257.722 -337.261 -413.987 -486.698 -553.905 -614.596 -668.263 -714.787 -754.400 -787.636 -815.297 -838.201 -857.115 -872.739 -885.688 -896.473 -905.511 -913.139 -919.628 -925.195 -930.009 -934.206 -937.893 -941.154 -944.057 -946.655 -948.991 -951.098 -953.004 -954.729 -956.292 -957.706 -958.983 -960.132 -961.161 -962.081 -962.921 -963.821 -965.478 -971.005 -993.043 -9999.000 -9999.000
-9999.000 -9999.000 5140.823 5041.013 4941.398 4841.984 4742.782 4643.802 4545.053 4446.542 4348.278 4250.267 4152.515 4055.028 3957.810 3860.866 3764.198 3667.811 3571.706 3475.888 3380.361 3285.128 3190.195 3095.565 3001.244 2907.236 2813.544 2720.174 2627.128 2534.409 2442.019 2349.959 2258.228 2166.825 2075.748 1984.997 1894.578 1804.498 1714.759 1625.364 1536.314 1447.605 1359.232 1271.186 1183.456 1096.046 1008.981 922.263 835.888 749.848 664.126 578.696 493.514 408.668 324.172 240.006 156.145 72.554 -10.849 -93.967 -176.384 -257.722 -337.261 -413.987 -486.698 -553.905 -614.596 -668.263 -714.787 -754.400 -787.636 -815.297 -838.201 -857.115 -872.739 -885.688 -896.473 -905.511 -913.139 -919.628 -925.195 -930.009 -934.206 -937.893 -941.154 -944.057 -946.655 -948.991 -951.098 -953.004 -954.729 -956.292 -957.706 -958.983 -960.132 -961.161 -962.081 -962.921 -963.821 -965.478 -971.005 -993.043 -9999.000 -9999.000
-9999.000 -9999.000 -9999.000 -9999.000 -9999.000 -9999.000 -9999.000 -9999.000 -9999.000 -9999.000 -9999.000 -9999.000 -9999.000 -9999.000 -9999.000 -9999.000 -9999.000 -9999.000 -9999.000 -9999.000 -9999.000 -9999.000 -9999.000 -9999.000 -9999.000 -9999.000 -9999.000 -9999.000 -9999.000 -9999.000 -9999.000 -9999.000 -9999.000 -9999.000 -9999.000 -9999.000 -9999.000 -9999.000 -9999.000 -9999.000 -9999.000 -9999.000 -9999.000 -9999.000 -9999.000 -9999.000 -9999.000 -9999.000 -9999.000 -9999.000 -9999.000 -9999.000 -9999.000 -9999.000 -9999.000 -9999.000 -9999.000 -9999.000 -9999.000 -9999.000 -9999.000 -9999.000 -9999.000 -9999.000 -9999.000 -9999.000 -9999.000 -9999.000 -9999.000 -9999.000 -9999.000 -9999.000 -9999.000 -9999.000 -9999.000 -9999.000 -9999.000 -9999.000 -9999.000 -9999.000 -9999.000 -9999.000 -9999.000 -9999.000 -9999.000 -9999.000 -9999.000 -9999.000 -9999.000 -9999.000 -9999.000 -9999.000 -9999.000 -9999.000 -9999.000 -9999.000 -9999.000 -9999.000 -9999.000 -9999.000 -9999.000 -9999.000 -9999.000 -9999.000
-9999.000 -9999.000 -9999.000 -9999.000 -9999.000 -9999.000 -9999.000 -9999.000 -9999.000 -9999.000 -9999.000 -9999.000 -9999.000 -9999.000 -9999.000 -9999.000 -9999.000 -9999.000 -9999.000 -9999.000 -9999.000 -9999.000 -9999.000 -9999.000 -9999.000 -9999.000 -9999.000 -9999.000 -9999.000 -9999.000 -9999.000 -9999.000 -9999.000 -9999.000 -9999.000 -9999.000 -9999.000 -9999.000 -9999.000 -9999.000 -9999.000 -9999.000 -9999.000 -9999.000 -9999.000 -9999.000 -9999.000 -9999.000 -9999.000 -9999.000 -9999.000 -9999.000 -9999.000 -9999.000 -9999.000 -9999.000 -9999.000 -9999.000 -9999.000 -9999.000 -9999.000 -9999.000 -9999.000 -9999.000 -9999.000 -9999.000 -9999.000 -9999.000 -9999.000 -9999.000 -9999.000 -9999.000 -9999.000 -9999.000 -9999.000 -9999.000 -9999.000 -9999.000 -9999.000 -9999.000 -9999.000 -9999.000 -9999.000 -9999.000 -9999.000 -9999.000 -9999.000 -9999.000 -9999.000 -9999.000 -9999.000 -9999.000 -9999.000 -9999.000 -9999.000 -9999.000 -9999.000 -9999.000 -9999.000 -9999.000 -9999.000 -9999.000 -9999.000 -9999.000