examples/3D/hillslope01/output-maps-METEOIO-ON/psiliqL0080N0002.asc
ncols         104
nrows         10
xllcorner     -2.000000
yllcorner     0.000000
cellsize      1.000000
NODATA_value  -9999.0
-9999.000 -9999.000 -9999.000 -9999.000 -9999.000 -9999.000 -9999.000 -9999.000 -9999.000 -9999.000 -9999.000 -9999.000 -9999.000 -9999.000 -9999.000 -9999.000 -9999.000 -9999.000 -9999.000 -9999.000 -9999.000 -9999.000 -9999.000 -9999.000 -9999.000 -9999.000 -9999.000 -9999.000 -9999.000 -9999.000 -9999.000 -9999.000 -9999.000 -9999.000 -9999.000 -9999.000 -9999.000 -9999.000 -9999.000 -9999.000 -9999.000 -9999.000 -9999.000 -9999.000 -9999.000 -9999.000 -9999.000 -9999.000 -9999.000 -9999.000 -9999.000 -9999.000 -9999.000 -9999.000 -9999.000 -9999.000 -9999.000 -9999.000 -9999.000 -9999.000 -9999.000 -9999.000 -9999.000 -9999.000 -9999.000 -9999.000 -9999.000 -9999.000 -9999.000 -9999.000 -9999.000 -9999.000 -9999.000 -9999.000 -9999.000 -9999.000 -9999.000 -9999.000 -9999.000 -9999.000 -9999.000 -9999.000 -9999.000 -9999.000 -9999.000 -9999.000 -9999.000 -9999.000 -9999.000 -9999.000 -9999.000 -9999.000 -9999.000 -9999.000 -9999.000 -9999.000 -9999.000 -9999.000 -9999.000 -9999.000 -9999.000 -9999.000 -9999.000 -9999.000
-9999.000 -9999.000 -9999.000 -9999.000 -9999.000 -9999.000 -9999.000 -9999.000 -9999.000 -9999.000 -9999.000 -9999.000 -9999.000 -9999.000 -9999.000 -9999.000 -9999.000 -9999.000 -9999.000 -9999.000 -9999.000 -9999.000 -9999.000 -9999.000 -9999.000 -9999.000 -9999.000 -9999.000 -9999.000 -9999.000 -9999.000 -9999.000 -9999.000 -9999.000 -9999.000 -9999.000 -9999.000 -9999.000 -9999.000 -9999.000 -9999.000 -9999.000 -9999.000 -9999.000 -9999.000 -9999.000 -9999.000 -9999.000 -9999.000 -9999.000 -9999.000 -9999.000 -9999.000 -9999.000 -9999.000 -9999.000 -9999.000 -9999.000 -9999.000 -9999.000 -9999.000 -9999.000 -9999.000 -9999.000 -9999.000 -9999.000 -9999.000 -9999.000 -9999.000 -9999.000 -9999.000 -9999.000 -9999.000 -9999.000 -9999.000 -9999.000 -9999.000 -9999.000 -9999.000 -9999.000 -9999.000 -9999.000 -9999.000 -9999.000 -9999.000 -9999.000 -9999.000 -9999.000 -9999.000 -9999.000 -9999.000 -9999.000 -9999.000 -9999.000 -9999.000 -9999.000 -9999.000 -9999.000 -9999.000 -9999.000 -9999.000 -9999.000 -9999.000 -9999.000
-9999.000 -9999.000 6931.624 6832.114 6733.097 6634.576 6536.557 6439.046 6342.049 6245.573 6149.626 6054.215 5959.346 5865.027 5771.267 5678.072 5585.451 5493.411 5401.961 5311.106 5220.851 5131.203 5042.163 4953.736 4865.924 4778.730 4692.158 4606.210 4520.888 4436.191 4352.119 4268.671 4185.845 4103.642 4022.057 3941.087 3860.726 3780.969 3701.814 3623.252 3545.274 3467.873 3391.040 3314.768 3239.044 3163.854 3089.190 3015.039 2941.386 2868.212 2795.506 2723.254 2651.430 2580.014 2509.001 2438.368 2368.083 2298.136 2228.510 2159.167 2090.085 2021.260 1952.647 1884.206 1815.960 1747.852 1679.826 1611.917 1544.073 1476.214 1408.378 1340.527 1272.558 1204.498 1136.346 1067.969 999.352 930.577 861.474 791.913 722.149 651.982 581.194 509.957 438.295 365.943 292.649 218.911 144.468 69.052 -7.603 -84.216 -160.009 -233.757 -303.820 -368.488 -426.402 -477.071 -520.429 -557.050 -589.239 -626.034 -9999.000 -9999.000
-9999.000 -9999.000 6931.624 6832.114 6733.097 6634.576 6536.557 6439.046 6342.049 6245.573 6149.626 6054.215 5959.346 5865.027 5771.267 5678.072 5585.451 5493.411 5401.961 5311.106 5220.851 5131.203 5042.163 4953.736 4865.924 4778.730 4692.158 4606.210 4520.888 4436.191 4352.119 4268.671 4185.845 4103.642 4022.057 3941.087 3860.726 3780.969 3701.814 3623.252 3545.274 3467.873 3391.040 3314.768 3239.044 3163.854 3089.190 3015.039 2941.386 2868.212 2795.506 2723.254 2651.430 2580.014 2509.001 2438.368 2368.083 2298.136 2228.510 2159.167 2090.085 2021.260 1952.647 1884.206 1815.960 1747.852 1679.826 1611.917 1544.073 1476.214 1408.378 1340.527 1272.558 1204.498 1136.346 1067.969 999.352 930.577 861.474 791.913 722.149 651.982 581.194 509.957 438.295 365.943 292.649 218.911 144.468 69.052 -7.603 -84.216 -160.009 -233.757 -303.820 -368.488 -426.402 -477.071 -520.429 -557.050 -589.239 -626.034 -9999.000 -9999.000
-9999.000 -9999.000 6931.624 6832.114 6733.097 6634.576 6536.557 6439.046 6342.049 6245.573 6149.626 6054.215 5959.346 5865.027 5771.267 5678.072 5585.451 5493.411 5401.961 5311.106 5220.851 5131.203 5042.163 4953.736 4865.924 4778.730 4692.158 4606.210 4520.888 4436.191 4352.119 4268.671 4185.845 4103.642 4022.057 3941.087 3860.726 3780.969 3701.814 3623.252 3545.274 3467.873 3391.040 3314.768 3239.044 3163.854 3089.190 3015.039 2941.386 2868.212 2795.506 2723.254 2651.430 2580.014 2509.001 2438.368 2368.083 2298.136 2228.510 2159.167 2090.085 2021.260 1952.647 1884.206 1815.960 1747.852 1679.826 1611.917 1544.073 1476.214 1408.378 1340.527 1272.558 1204.498 1136.346 1067.969 999.352 930.577 861.474 791.913 722.149 651.982 581.194 509.957 438.295 365.943 292.649 218.911 144.468 69.052 -7.603 -84.216 -160.009 -233.757 -303.820 -368.488 -426.402 -477.071 -520.429 -557.050 -589.239 -626.034 -9999.000 -9999.000
-9999.000 -9999.000 6931.624 6832.114 6733.097 6634.576 6536.557 6439.046 6342.049 6245.573 6149.626 6054.215 5959.346 5865.027 5771.267 5678.072 5585.451 5493.411 5401.961 5311.106 5220.851 5131.203 5042.163 4953.736 4865.924 4778.730 4692.158 4606.210 4520.888 4436.191 4352.119 4268.671 4185.845 4103.642 4022.057 3941.087 3860.726 3780.969 3701.814 3623.252 3545.274 3467.873 3391.040 3314.768 3239.044 3163.854 3089.190 3015.039 2941.386 2868.212 2795.506 2723.254 2651.430 2580.014 2509.001 2438.368 2368.083 2298.136 2228.510 2159.167 2090.085 2021.260 1952.647 1884.206 1815.960 1747.852 1679.826 1611.917 1544.073 1476.214 1408.378 1340.527 1272.558 1204.498 1136.346 1067.969 999.352 930.577 861.474 791.913 722.149 651.982 581.194 509.957 438.295 365.943 292.649 218.911 144.468 69.052 -7.603 -84.216 -160.009 -233.757 -303.820 -368.488 -426.402 -477.071 -520.429 -557.050 -589.239 -626.034 -9999.000 -9999.000
-9999.000 -9999.000 6931.624 6832.114 6733.097 6634.576 6536.557 6439.046 6342.049 6245.573 6149.626 6054.215 5959.346 5865.027 5771.267 5678.072 5585.451 5493.411 5401.961 5311.106 5220.851 5131.203 5042.163 4953.736 4865.924 4778.730 4692.158 4606.210 4520.888 4436.191 4352.119 4268.671 4185.845 4103.642 4022.057 3941.087 3860.726 3780.969 3701.814 3623.252 3545.274 3467.873 3391.040 3314.768 3239.044 3163.854 3089.190 3015.039 2941.386 2868.212 2795.506 2723.254 2651.430 2580.014 2509.001 2438.368 2368.083 2298.136 2228.510 2159.167 2090.085 2021.260 1952.647 1884.206 1815.960 1747.852 1679.826 1611.917 1544.073 1476.214 1408.378 1340.527 1272.558 1204.498 1136.346 1067.969 999.352 930.577 861.474 791.913 722.149 651.982 581.194 509.957 438.295 365.943 292.649 218.911 144.468 69.052 -7.603 -84.216 -160.009 -233.757 -303.820 -368.488 -426.402 -477.071 -520.429 -557.050 -589.239 -626.034 -9999.000 -9999.000
-9999.000 -9999.000 6931.624 6832.114 6733.097 6634.576 6536.557 6439.046 6342.049 6245.573 6149.626 6054.215 5959.346 5865.027 5771.267 5678.072 5585.451 5493.411 5401.961 5311.106 5220.851 5131.203 5042.163 4953.736 4865.924 4778.730 4692.158 4606.210 4520.888 4436.191 4352.119 4268.671 4185.845 4103.642 4022.057 3941.087 3860.726 3780.969 3701.814 3623.252 3545.274 3467.873 3391.040 3314.768 3239.044 3163.854 3089.190 3015.039 2941.386 2868.212 2795.506 2723.254 2651.430 2580.014 2509.001 2438.368 2368.083 2298.136 2228.510 2159.167 2090.085 2021.260 1952.647 1884.206 1815.960 1747.852 1679.826 1611.917 1544.073 1476.214 1408.378 1340.527 1272.558 1204.498 1136.346 1067.969 999.352 930.577 861.474 791.913 722.149 651.982 581.194 509.957 438.295 365.943 292.649 218.911 144.468 69.052 -7.603 -84.216 -160.009 -233.757 -303.820 -368.488 -426.402 -477.071 -520.429 -557.050 -589.239 -626.034 -9999.000 -9999.000
-9999.000 -9999.000 -9999.000 -9999.000 -9999.000 -9999.000 -9999.000 -9999.000 -9999.000 -9999.000 -9999.000 -9999.000 -9999.000 -9999.000 -9999.000 -9999.000 -9999.000 -9999.000 -9999.000 -9999.000 -9999.000 -9999.000 -9999.000 -9999.000 -9999.000 -9999.000 -9999.000 -9999.000 -9999.000 -9999.000 -9999.000 -9999.000 -9999.000 -9999.000 -9999.000 -9999.000 -9999.000 -9999.000 -9999.000 -9999.000 -9999.000 -9999.000 -9999.000 -9999.000 -9999.000 -9999.000 -9999.000 -9999.000 -9999.000 -9999.000 -9999.000 -9999.000 -9999.000 -9999.000 -9999.000 -9999.000 -9999.000 -9999.000 -9999.000 -9999.000 -9999.000 -9999.000 -9999.000 -9999.000 -9999.000 -9999.000 -9999.000 -9999.000 -9999.000 -9999.000 -9999.000 -9999.000 -9999.000 -9999.000 -9999.000 -9999.000 -9999.000 -9999.000 -9999.000 -9999.000 -9999.000 -9999.000 -9999.000 -9999.000 -9999.000 -9999.000 -9999.000 -9999.000 -9999.000 -9999.000 -9999.000 -9999.000 -9999.000 -9999.000 -9999.000 -9999.000 -9999.000 -9999.000 -9999.000 -9999.000 -9999.000 -9999.000 -9999.000 -9999.000
-9999.000 -9999.000 -9999.000 -9999.000 -9999.000 -9999.000 -9999.000 -9999.000 -9999.000 -9999.000 -9999.000 -9999.000 -9999.000 -9999.000 -9999.000 -9999.000 -9999.000 -9999.000 -9999.000 -9999.000 -9999.000 -9999.000 -9999.000 -9999.000 -9999.000 -9999.000 -9999.000 -9999.000 -9999.000 -9999.000 -9999.000 -9999.000 -9999.000 -9999.000 -9999.000 -9999.000 -9999.000 -9999.000 -9999.000 -9999.000 -9999.000 -9999.000 -9999.000 -9999.000 -9999.000 -9999.000 -9999.000 -9999.000 -9999.000 -9999.000 -9999.000 -9999.000 -9999.000 -9999.000 -9999.000 -9999.000 -9999.000 -9999.000 -9999.000 -9999.000 -9999.000 -9999.000 -9999.000 -9999.000 -9999.000 -9999.000 -9999.000 -9999.000 -9999.000 -9999.000 -9999.000 -9999.000 -9999.000 -9999.000 -9999.000 -9999.000 -9999.000 -9999.000 -9999.000 -9999.000 -9999.000 -9999.000 -9999.000 -9999.000 -9999.000 -9999.000 -9999.000 -9999.000 -9999.000 -9999.000 -9999.000 -9999.000 -9999.000 -9999.000 -9999.000 -9999.000 -9999.000 -9999.000 -9999.000 -9999.000 -9999.000 -9999.000 -9999.000 -9999.000