examples/3D/hillslope01/output-maps-METEOIO-ON/psiliqL0070N0001.asc
ncols         104
nrows         10
xllcorner     -2.000000
yllcorner     0.000000
cellsize      1.000000
NODATA_value  -9999.0
-9999.000 -9999.000 -9999.000 -9999.000 -9999.000 -9999.000 -9999.000 -9999.000 -9999.000 -9999.000 -9999.000 -9999.000 -9999.000 -9999.000 -9999.000 -9999.000 -9999.000 -9999.000 -9999.000 -9999.000 -9999.000 -9999.000 -9999.000 -9999.000 -9999.000 -9999.000 -9999.000 -9999.000 -9999.000 -9999.000 -9999.000 -9999.000 -9999.000 -9999.000 -9999.000 -9999.000 -9999.000 -9999.000 -9999.000 -9999.000 -9999.000 -9999.000 -9999.000 -9999.000 -9999.000 -9999.000 -9999.000 -9999.000 -9999.000 -9999.000 -9999.000 -9999.000 -9999.000 -9999.000 -9999.000 -9999.000 -9999.000 -9999.000 -9999.000 -9999.000 -9999.000 -9999.000 -9999.000 -9999.000 -9999.000 -9999.000 -9999.000 -9999.000 -9999.000 -9999.000 -9999.000 -9999.000 -9999.000 -9999.000 -9999.000 -9999.000 -9999.000 -9999.000 -9999.000 -9999.000 -9999.000 -9999.000 -9999.000 -9999.000 -9999.000 -9999.000 -9999.000 -9999.000 -9999.000 -9999.000 -9999.000 -9999.000 -9999.000 -9999.000 -9999.000 -9999.000 -9999.000 -9999.000 -9999.000 -9999.000 -9999.000 -9999.000 -9999.000 -9999.000
-9999.000 -9999.000 -9999.000 -9999.000 -9999.000 -9999.000 -9999.000 -9999.000 -9999.000 -9999.000 -9999.000 -9999.000 -9999.000 -9999.000 -9999.000 -9999.000 -9999.000 -9999.000 -9999.000 -9999.000 -9999.000 -9999.000 -9999.000 -9999.000 -9999.000 -9999.000 -9999.000 -9999.000 -9999.000 -9999.000 -9999.000 -9999.000 -9999.000 -9999.000 -9999.000 -9999.000 -9999.000 -9999.000 -9999.000 -9999.000 -9999.000 -9999.000 -9999.000 -9999.000 -9999.000 -9999.000 -9999.000 -9999.000 -9999.000 -9999.000 -9999.000 -9999.000 -9999.000 -9999.000 -9999.000 -9999.000 -9999.000 -9999.000 -9999.000 -9999.000 -9999.000 -9999.000 -9999.000 -9999.000 -9999.000 -9999.000 -9999.000 -9999.000 -9999.000 -9999.000 -9999.000 -9999.000 -9999.000 -9999.000 -9999.000 -9999.000 -9999.000 -9999.000 -9999.000 -9999.000 -9999.000 -9999.000 -9999.000 -9999.000 -9999.000 -9999.000 -9999.000 -9999.000 -9999.000 -9999.000 -9999.000 -9999.000 -9999.000 -9999.000 -9999.000 -9999.000 -9999.000 -9999.000 -9999.000 -9999.000 -9999.000 -9999.000 -9999.000 -9999.000
-9999.000 -9999.000 5076.414 4977.670 4880.186 4783.972 4689.037 4595.399 4503.073 4412.080 4322.440 4234.172 4147.293 4061.818 3977.755 3895.111 3813.896 3734.116 3655.777 3578.877 3503.415 3429.389 3356.794 3285.619 3215.854 3147.488 3080.501 3014.877 2950.594 2887.626 2825.953 2765.545 2706.369 2648.394 2591.578 2535.899 2481.311 2427.784 2375.269 2323.730 2273.114 2223.384 2174.481 2126.369 2078.978 2032.285 1986.203 1940.744 1895.809 1851.387 1807.391 1763.778 1720.497 1677.459 1634.693 1592.064 1549.617 1507.229 1464.863 1422.487 1379.959 1337.405 1294.608 1251.667 1208.422 1164.850 1120.938 1076.510 1031.742 986.273 940.470 893.881 846.821 798.880 750.355 700.839 650.667 599.345 547.355 493.960 439.968 384.409 328.097 270.377 211.283 151.198 89.034 26.007 -38.206 -103.294 -166.580 -227.655 -285.193 -337.488 -384.192 -425.117 -460.233 -489.890 -514.642 -535.255 -553.760 -579.120 -9999.000 -9999.000
-9999.000 -9999.000 5076.414 4977.670 4880.186 4783.972 4689.037 4595.399 4503.073 4412.080 4322.440 4234.172 4147.293 4061.818 3977.755 3895.111 3813.896 3734.116 3655.777 3578.877 3503.415 3429.389 3356.794 3285.619 3215.854 3147.488 3080.501 3014.877 2950.594 2887.626 2825.953 2765.545 2706.369 2648.394 2591.578 2535.899 2481.311 2427.784 2375.269 2323.730 2273.114 2223.384 2174.481 2126.369 2078.978 2032.285 1986.203 1940.744 1895.809 1851.387 1807.391 1763.778 1720.497 1677.459 1634.693 1592.064 1549.617 1507.229 1464.863 1422.487 1379.959 1337.405 1294.608 1251.667 1208.422 1164.850 1120.938 1076.510 1031.742 986.273 940.470 893.881 846.821 798.880 750.355 700.839 650.667 599.345 547.355 493.960 439.968 384.409 328.097 270.377 211.283 151.198 89.034 26.007 -38.206 -103.294 -166.580 -227.655 -285.193 -337.488 -384.192 -425.117 -460.233 -489.890 -514.642 -535.255 -553.760 -579.120 -9999.000 -9999.000
-9999.000 -9999.000 5076.414 4977.670 4880.186 4783.972 4689.037 4595.399 4503.073 4412.080 4322.440 4234.172 4147.293 4061.818 3977.755 3895.111 3813.896 3734.116 3655.777 3578.877 3503.415 3429.389 3356.794 3285.619 3215.854 3147.488 3080.501 3014.877 2950.594 2887.626 2825.953 2765.545 2706.369 2648.394 2591.578 2535.899 2481.311 2427.784 2375.269 2323.730 2273.114 2223.384 2174.481 2126.369 2078.978 2032.285 1986.203 1940.744 1895.809 1851.387 1807.391 1763.778 1720.497 1677.459 1634.693 1592.064 1549.617 1507.229 1464.863 1422.487 1379.959 1337.405 1294.608 1251.667 1208.422 1164.850 1120.938 1076.510 1031.742 986.273 940.470 893.881 846.821 798.880 750.355 700.839 650.667 599.345 547.355 493.960 439.968 384.409 328.097 270.377 211.283 151.198 89.034 26.007 -38.206 -103.294 -166.580 -227.655 -285.193 -337.488 -384.192 -425.117 -460.233 -489.890 -514.642 -535.255 -553.760 -579.120 -9999.000 -9999.000
-9999.000 -9999.000 5076.414 4977.670 4880.186 4783.972 4689.037 4595.399 4503.073 4412.080 4322.440 4234.172 4147.293 4061.818 3977.755 3895.111 3813.896 3734.116 3655.777 3578.877 3503.415 3429.389 3356.794 3285.619 3215.854 3147.488 3080.501 3014.877 2950.594 2887.626 2825.953 2765.545 2706.369 2648.394 2591.578 2535.899 2481.311 2427.784 2375.269 2323.730 2273.114 2223.384 2174.481 2126.369 2078.978 2032.285 1986.203 1940.744 1895.809 1851.387 1807.391 1763.778 1720.497 1677.459 1634.693 1592.064 1549.617 1507.229 1464.863 1422.487 1379.959 1337.405 1294.608 1251.667 1208.422 1164.850 1120.938 1076.510 1031.742 986.273 940.470 893.881 846.821 798.880 750.355 700.839 650.667 599.345 547.355 493.960 439.968 384.409 328.097 270.377 211.283 151.198 89.034 26.007 -38.206 -103.294 -166.580 -227.655 -285.193 -337.488 -384.192 -425.117 -460.233 -489.890 -514.642 -535.255 -553.760 -579.120 -9999.000 -9999.000
-9999.000 -9999.000 5076.414 4977.670 4880.186 4783.972 4689.037 4595.399 4503.073 4412.080 4322.440 4234.172 4147.293 4061.818 3977.755 3895.111 3813.896 3734.116 3655.777 3578.877 3503.415 3429.389 3356.794 3285.619 3215.854 3147.488 3080.501 3014.877 2950.594 2887.626 2825.953 2765.545 2706.369 2648.394 2591.578 2535.899 2481.311 2427.784 2375.269 2323.730 2273.114 2223.384 2174.481 2126.369 2078.978 2032.285 1986.203 1940.744 1895.809 1851.387 1807.391 1763.778 1720.497 1677.459 1634.693 1592.064 1549.617 1507.229 1464.863 1422.487 1379.959 1337.405 1294.608 1251.667 1208.422 1164.850 1120.938 1076.510 1031.742 986.273 940.470 893.881 846.821 798.880 750.355 700.839 650.667 599.345 547.355 493.960 439.968 384.409 328.097 270.377 211.283 151.198 89.034 26.007 -38.206 -103.294 -166.580 -227.655 -285.193 -337.488 -384.192 -425.117 -460.233 -489.890 -514.642 -535.255 -553.760 -579.120 -9999.000 -9999.000
-9999.000 -9999.000 5076.414 4977.670 4880.186 4783.972 4689.037 4595.399 4503.073 4412.080 4322.440 4234.172 4147.293 4061.818 3977.755 3895.111 3813.896 3734.116 3655.777 3578.877 3503.415 3429.389 3356.794 3285.619 3215.854 3147.488 3080.501 3014.877 2950.594 2887.626 2825.953 2765.545 2706.369 2648.394 2591.578 2535.899 2481.311 2427.784 2375.269 2323.730 2273.114 2223.384 2174.481 2126.369 2078.978 2032.285 1986.203 1940.744 1895.809 1851.387 1807.391 1763.778 1720.497 1677.459 1634.693 1592.064 1549.617 1507.229 1464.863 1422.487 1379.959 1337.405 1294.608 1251.667 1208.422 1164.850 1120.938 1076.510 1031.742 986.273 940.470 893.881 846.821 798.880 750.355 700.839 650.667 599.345 547.355 493.960 439.968 384.409 328.097 270.377 211.283 151.198 89.034 26.007 -38.206 -103.294 -166.580 -227.655 -285.193 -337.488 -384.192 -425.117 -460.233 -489.890 -514.642 -535.255 -553.760 -579.120 -9999.000 -9999.000
-9999.000 -9999.000 -9999.000 -9999.000 -9999.000 -9999.000 -9999.000 -9999.000 -9999.000 -9999.000 -9999.000 -9999.000 -9999.000 -9999.000 -9999.000 -9999.000 -9999.000 -9999.000 -9999.000 -9999.000 -9999.000 -9999.000 -9999.000 -9999.000 -9999.000 -9999.000 -9999.000 -9999.000 -9999.000 -9999.000 -9999.000 -9999.000 -9999.000 -9999.000 -9999.000 -9999.000 -9999.000 -9999.000 -9999.000 -9999.000 -9999.000 -9999.000 -9999.000 -9999.000 -9999.000 -9999.000 -9999.000 -9999.000 -9999.000 -9999.000 -9999.000 -9999.000 -9999.000 -9999.000 -9999.000 -9999.000 -9999.000 -9999.000 -9999.000 -9999.000 -9999.000 -9999.000 -9999.000 -9999.000 -9999.000 -9999.000 -9999.000 -9999.000 -9999.000 -9999.000 -9999.000 -9999.000 -9999.000 -9999.000 -9999.000 -9999.000 -9999.000 -9999.000 -9999.000 -9999.000 -9999.000 -9999.000 -9999.000 -9999.000 -9999.000 -9999.000 -9999.000 -9999.000 -9999.000 -9999.000 -9999.000 -9999.000 -9999.000 -9999.000 -9999.000 -9999.000 -9999.000 -9999.000 -9999.000 -9999.000 -9999.000 -9999.000 -9999.000 -9999.000
-9999.000 -9999.000 -9999.000 -9999.000 -9999.000 -9999.000 -9999.000 -9999.000 -9999.000 -9999.000 -9999.000 -9999.000 -9999.000 -9999.000 -9999.000 -9999.000 -9999.000 -9999.000 -9999.000 -9999.000 -9999.000 -9999.000 -9999.000 -9999.000 -9999.000 -9999.000 -9999.000 -9999.000 -9999.000 -9999.000 -9999.000 -9999.000 -9999.000 -9999.000 -9999.000 -9999.000 -9999.000 -9999.000 -9999.000 -9999.000 -9999.000 -9999.000 -9999.000 -9999.000 -9999.000 -9999.000 -9999.000 -9999.000 -9999.000 -9999.000 -9999.000 -9999.000 -9999.000 -9999.000 -9999.000 -9999.000 -9999.000 -9999.000 -9999.000 -9999.000 -9999.000 -9999.000 -9999.000 -9999.000 -9999.000 -9999.000 -9999.000 -9999.000 -9999.000 -9999.000 -9999.000 -9999.000 -9999.000 -9999.000 -9999.000 -9999.000 -9999.000 -9999.000 -9999.000 -9999.000 -9999.000 -9999.000 -9999.000 -9999.000 -9999.000 -9999.000 -9999.000 -9999.000 -9999.000 -9999.000 -9999.000 -9999.000 -9999.000 -9999.000 -9999.000 -9999.000 -9999.000 -9999.000 -9999.000 -9999.000 -9999.000 -9999.000 -9999.000 -9999.000