examples/3D/hillslope01/output-maps-METEOIO-ON/psiliqL0069N0002.asc
ncols         104
nrows         10
xllcorner     -2.000000
yllcorner     0.000000
cellsize      1.000000
NODATA_value  -9999.0
-9999.000 -9999.000 -9999.000 -9999.000 -9999.000 -9999.000 -9999.000 -9999.000 -9999.000 -9999.000 -9999.000 -9999.000 -9999.000 -9999.000 -9999.000 -9999.000 -9999.000 -9999.000 -9999.000 -9999.000 -9999.000 -9999.000 -9999.000 -9999.000 -9999.000 -9999.000 -9999.000 -9999.000 -9999.000 -9999.000 -9999.000 -9999.000 -9999.000 -9999.000 -9999.000 -9999.000 -9999.000 -9999.000 -9999.000 -9999.000 -9999.000 -9999.000 -9999.000 -9999.000 -9999.000 -9999.000 -9999.000 -9999.000 -9999.000 -9999.000 -9999.000 -9999.000 -9999.000 -9999.000 -9999.000 -9999.000 -9999.000 -9999.000 -9999.000 -9999.000 -9999.000 -9999.000 -9999.000 -9999.000 -9999.000 -9999.000 -9999.000 -9999.000 -9999.000 -9999.000 -9999.000 -9999.000 -9999.000 -9999.000 -9999.000 -9999.000 -9999.000 -9999.000 -9999.000 -9999.000 -9999.000 -9999.000 -9999.000 -9999.000 -9999.000 -9999.000 -9999.000 -9999.000 -9999.000 -9999.000 -9999.000 -9999.000 -9999.000 -9999.000 -9999.000 -9999.000 -9999.000 -9999.000 -9999.000 -9999.000 -9999.000 -9999.000 -9999.000 -9999.000
-9999.000 -9999.000 -9999.000 -9999.000 -9999.000 -9999.000 -9999.000 -9999.000 -9999.000 -9999.000 -9999.000 -9999.000 -9999.000 -9999.000 -9999.000 -9999.000 -9999.000 -9999.000 -9999.000 -9999.000 -9999.000 -9999.000 -9999.000 -9999.000 -9999.000 -9999.000 -9999.000 -9999.000 -9999.000 -9999.000 -9999.000 -9999.000 -9999.000 -9999.000 -9999.000 -9999.000 -9999.000 -9999.000 -9999.000 -9999.000 -9999.000 -9999.000 -9999.000 -9999.000 -9999.000 -9999.000 -9999.000 -9999.000 -9999.000 -9999.000 -9999.000 -9999.000 -9999.000 -9999.000 -9999.000 -9999.000 -9999.000 -9999.000 -9999.000 -9999.000 -9999.000 -9999.000 -9999.000 -9999.000 -9999.000 -9999.000 -9999.000 -9999.000 -9999.000 -9999.000 -9999.000 -9999.000 -9999.000 -9999.000 -9999.000 -9999.000 -9999.000 -9999.000 -9999.000 -9999.000 -9999.000 -9999.000 -9999.000 -9999.000 -9999.000 -9999.000 -9999.000 -9999.000 -9999.000 -9999.000 -9999.000 -9999.000 -9999.000 -9999.000 -9999.000 -9999.000 -9999.000 -9999.000 -9999.000 -9999.000 -9999.000 -9999.000 -9999.000 -9999.000
-9999.000 -9999.000 5841.130 5741.615 5642.588 5544.053 5446.017 5348.488 5251.471 5154.976 5059.009 4963.577 4868.688 4774.348 4680.565 4587.348 4494.706 4402.646 4311.177 4220.307 4130.039 4040.380 3951.331 3862.895 3775.074 3687.872 3601.293 3515.342 3430.020 3345.325 3261.256 3177.809 3094.987 3012.792 2931.220 2850.264 2769.915 2690.172 2611.035 2532.497 2454.545 2377.164 2300.355 2224.117 2148.430 2073.270 1998.636 1924.532 1850.927 1777.787 1705.126 1632.937 1561.167 1489.778 1418.828 1348.270 1278.026 1208.133 1138.599 1069.319 1000.266 931.551 863.032 794.580 726.458 658.486 590.418 522.636 454.968 387.069 319.335 251.705 183.721 115.696 47.823 -20.464 -88.525 -155.285 -220.562 -283.404 -342.191 -396.726 -446.401 -490.620 -529.688 -563.776 -593.178 -618.426 -639.991 -658.335 -673.911 -687.117 -698.296 -707.749 -715.731 -722.456 -728.108 -732.859 -736.965 -741.193 -748.552 -770.926 -9999.000 -9999.000
-9999.000 -9999.000 5841.130 5741.615 5642.588 5544.053 5446.017 5348.488 5251.471 5154.976 5059.009 4963.577 4868.688 4774.348 4680.565 4587.348 4494.706 4402.646 4311.177 4220.307 4130.039 4040.380 3951.331 3862.895 3775.074 3687.872 3601.293 3515.342 3430.020 3345.325 3261.256 3177.809 3094.987 3012.792 2931.220 2850.264 2769.915 2690.172 2611.035 2532.497 2454.545 2377.164 2300.355 2224.117 2148.430 2073.270 1998.636 1924.532 1850.927 1777.787 1705.126 1632.937 1561.167 1489.778 1418.828 1348.270 1278.026 1208.133 1138.599 1069.319 1000.266 931.551 863.032 794.580 726.458 658.486 590.418 522.636 454.968 387.069 319.335 251.705 183.721 115.696 47.823 -20.464 -88.525 -155.285 -220.562 -283.404 -342.191 -396.726 -446.401 -490.620 -529.688 -563.776 -593.178 -618.426 -639.991 -658.335 -673.911 -687.117 -698.296 -707.749 -715.731 -722.456 -728.108 -732.859 -736.965 -741.193 -748.552 -770.926 -9999.000 -9999.000
-9999.000 -9999.000 5841.130 5741.615 5642.588 5544.053 5446.017 5348.488 5251.471 5154.976 5059.009 4963.577 4868.688 4774.348 4680.565 4587.348 4494.706 4402.646 4311.177 4220.307 4130.039 4040.380 3951.331 3862.895 3775.074 3687.872 3601.293 3515.342 3430.020 3345.325 3261.256 3177.809 3094.987 3012.792 2931.220 2850.264 2769.915 2690.172 2611.035 2532.497 2454.545 2377.164 2300.355 2224.117 2148.430 2073.270 1998.636 1924.532 1850.927 1777.787 1705.126 1632.937 1561.167 1489.778 1418.828 1348.270 1278.026 1208.133 1138.599 1069.319 1000.266 931.551 863.032 794.580 726.458 658.486 590.418 522.636 454.968 387.069 319.335 251.705 183.721 115.696 47.823 -20.464 -88.525 -155.285 -220.562 -283.404 -342.191 -396.726 -446.401 -490.620 -529.688 -563.776 -593.178 -618.426 -639.991 -658.335 -673.911 -687.117 -698.296 -707.749 -715.731 -722.456 -728.108 -732.859 -736.965 -741.193 -748.552 -770.926 -9999.000 -9999.000
-9999.000 -9999.000 5841.130 5741.615 5642.588 5544.053 5446.017 5348.488 5251.471 5154.976 5059.009 4963.577 4868.688 4774.348 4680.565 4587.348 4494.706 4402.646 4311.177 4220.307 4130.039 4040.380 3951.331 3862.895 3775.074 3687.872 3601.293 3515.342 3430.020 3345.325 3261.256 3177.809 3094.987 3012.792 2931.220 2850.264 2769.915 2690.172 2611.035 2532.497 2454.545 2377.164 2300.355 2224.117 2148.430 2073.270 1998.636 1924.532 1850.927 1777.787 1705.126 1632.937 1561.167 1489.778 1418.828 1348.270 1278.026 1208.133 1138.599 1069.319 1000.266 931.551 863.032 794.580 726.458 658.486 590.418 522.636 454.968 387.069 319.335 251.705 183.721 115.696 47.823 -20.464 -88.525 -155.285 -220.562 -283.404 -342.191 -396.726 -446.401 -490.620 -529.688 -563.776 -593.178 -618.426 -639.991 -658.335 -673.911 -687.117 -698.296 -707.749 -715.731 -722.456 -728.108 -732.859 -736.965 -741.193 -748.552 -770.926 -9999.000 -9999.000
-9999.000 -9999.000 5841.130 5741.615 5642.588 5544.053 5446.017 5348.488 5251.471 5154.976 5059.009 4963.577 4868.688 4774.348 4680.565 4587.348 4494.706 4402.646 4311.177 4220.307 4130.039 4040.380 3951.331 3862.895 3775.074 3687.872 3601.293 3515.342 3430.020 3345.325 3261.256 3177.809 3094.987 3012.792 2931.220 2850.264 2769.915 2690.172 2611.035 2532.497 2454.545 2377.164 2300.355 2224.117 2148.430 2073.270 1998.636 1924.532 1850.927 1777.787 1705.126 1632.937 1561.167 1489.778 1418.828 1348.270 1278.026 1208.133 1138.599 1069.319 1000.266 931.551 863.032 794.580 726.458 658.486 590.418 522.636 454.968 387.069 319.335 251.705 183.721 115.696 47.823 -20.464 -88.525 -155.285 -220.562 -283.404 -342.191 -396.726 -446.401 -490.620 -529.688 -563.776 -593.178 -618.426 -639.991 -658.335 -673.911 -687.117 -698.296 -707.749 -715.731 -722.456 -728.108 -732.859 -736.965 -741.193 -748.552 -770.926 -9999.000 -9999.000
-9999.000 -9999.000 5841.130 5741.615 5642.588 5544.053 5446.017 5348.488 5251.471 5154.976 5059.009 4963.577 4868.688 4774.348 4680.565 4587.348 4494.706 4402.646 4311.177 4220.307 4130.039 4040.380 3951.331 3862.895 3775.074 3687.872 3601.293 3515.342 3430.020 3345.325 3261.256 3177.809 3094.987 3012.792 2931.220 2850.264 2769.915 2690.172 2611.035 2532.497 2454.545 2377.164 2300.355 2224.117 2148.430 2073.270 1998.636 1924.532 1850.927 1777.787 1705.126 1632.937 1561.167 1489.778 1418.828 1348.270 1278.026 1208.133 1138.599 1069.319 1000.266 931.551 863.032 794.580 726.458 658.486 590.418 522.636 454.968 387.069 319.335 251.705 183.721 115.696 47.823 -20.464 -88.525 -155.285 -220.562 -283.404 -342.191 -396.726 -446.401 -490.620 -529.688 -563.776 -593.178 -618.426 -639.991 -658.335 -673.911 -687.117 -698.296 -707.749 -715.731 -722.456 -728.108 -732.859 -736.965 -741.193 -748.552 -770.926 -9999.000 -9999.000
-9999.000 -9999.000 -9999.000 -9999.000 -9999.000 -9999.000 -9999.000 -9999.000 -9999.000 -9999.000 -9999.000 -9999.000 -9999.000 -9999.000 -9999.000 -9999.000 -9999.000 -9999.000 -9999.000 -9999.000 -9999.000 -9999.000 -9999.000 -9999.000 -9999.000 -9999.000 -9999.000 -9999.000 -9999.000 -9999.000 -9999.000 -9999.000 -9999.000 -9999.000 -9999.000 -9999.000 -9999.000 -9999.000 -9999.000 -9999.000 -9999.000 -9999.000 -9999.000 -9999.000 -9999.000 -9999.000 -9999.000 -9999.000 -9999.000 -9999.000 -9999.000 -9999.000 -9999.000 -9999.000 -9999.000 -9999.000 -9999.000 -9999.000 -9999.000 -9999.000 -9999.000 -9999.000 -9999.000 -9999.000 -9999.000 -9999.000 -9999.000 -9999.000 -9999.000 -9999.000 -9999.000 -9999.000 -9999.000 -9999.000 -9999.000 -9999.000 -9999.000 -9999.000 -9999.000 -9999.000 -9999.000 -9999.000 -9999.000 -9999.000 -9999.000 -9999.000 -9999.000 -9999.000 -9999.000 -9999.000 -9999.000 -9999.000 -9999.000 -9999.000 -9999.000 -9999.000 -9999.000 -9999.000 -9999.000 -9999.000 -9999.000 -9999.000 -9999.000 -9999.000
-9999.000 -9999.000 -9999.000 -9999.000 -9999.000 -9999.000 -9999.000 -9999.000 -9999.000 -9999.000 -9999.000 -9999.000 -9999.000 -9999.000 -9999.000 -9999.000 -9999.000 -9999.000 -9999.000 -9999.000 -9999.000 -9999.000 -9999.000 -9999.000 -9999.000 -9999.000 -9999.000 -9999.000 -9999.000 -9999.000 -9999.000 -9999.000 -9999.000 -9999.000 -9999.000 -9999.000 -9999.000 -9999.000 -9999.000 -9999.000 -9999.000 -9999.000 -9999.000 -9999.000 -9999.000 -9999.000 -9999.000 -9999.000 -9999.000 -9999.000 -9999.000 -9999.000 -9999.000 -9999.000 -9999.000 -9999.000 -9999.000 -9999.000 -9999.000 -9999.000 -9999.000 -9999.000 -9999.000 -9999.000 -9999.000 -9999.000 -9999.000 -9999.000 -9999.000 -9999.000 -9999.000 -9999.000 -9999.000 -9999.000 -9999.000 -9999.000 -9999.000 -9999.000 -9999.000 -9999.000 -9999.000 -9999.000 -9999.000 -9999.000 -9999.000 -9999.000 -9999.000 -9999.000 -9999.000 -9999.000 -9999.000 -9999.000 -9999.000 -9999.000 -9999.000 -9999.000 -9999.000 -9999.000 -9999.000 -9999.000 -9999.000 -9999.000 -9999.000 -9999.000