examples/3D/hillslope01/output-maps-METEOIO-ON/psiliqL0085N0003.asc
ncols         104
nrows         10
xllcorner     -2.000000
yllcorner     0.000000
cellsize      1.000000
NODATA_value  -9999.0
-9999.000 -9999.000 -9999.000 -9999.000 -9999.000 -9999.000 -9999.000 -9999.000 -9999.000 -9999.000 -9999.000 -9999.000 -9999.000 -9999.000 -9999.000 -9999.000 -9999.000 -9999.000 -9999.000 -9999.000 -9999.000 -9999.000 -9999.000 -9999.000 -9999.000 -9999.000 -9999.000 -9999.000 -9999.000 -9999.000 -9999.000 -9999.000 -9999.000 -9999.000 -9999.000 -9999.000 -9999.000 -9999.000 -9999.000 -9999.000 -9999.000 -9999.000 -9999.000 -9999.000 -9999.000 -9999.000 -9999.000 -9999.000 -9999.000 -9999.000 -9999.000 -9999.000 -9999.000 -9999.000 -9999.000 -9999.000 -9999.000 -9999.000 -9999.000 -9999.000 -9999.000 -9999.000 -9999.000 -9999.000 -9999.000 -9999.000 -9999.000 -9999.000 -9999.000 -9999.000 -9999.000 -9999.000 -9999.000 -9999.000 -9999.000 -9999.000 -9999.000 -9999.000 -9999.000 -9999.000 -9999.000 -9999.000 -9999.000 -9999.000 -9999.000 -9999.000 -9999.000 -9999.000 -9999.000 -9999.000 -9999.000 -9999.000 -9999.000 -9999.000 -9999.000 -9999.000 -9999.000 -9999.000 -9999.000 -9999.000 -9999.000 -9999.000 -9999.000 -9999.000
-9999.000 -9999.000 -9999.000 -9999.000 -9999.000 -9999.000 -9999.000 -9999.000 -9999.000 -9999.000 -9999.000 -9999.000 -9999.000 -9999.000 -9999.000 -9999.000 -9999.000 -9999.000 -9999.000 -9999.000 -9999.000 -9999.000 -9999.000 -9999.000 -9999.000 -9999.000 -9999.000 -9999.000 -9999.000 -9999.000 -9999.000 -9999.000 -9999.000 -9999.000 -9999.000 -9999.000 -9999.000 -9999.000 -9999.000 -9999.000 -9999.000 -9999.000 -9999.000 -9999.000 -9999.000 -9999.000 -9999.000 -9999.000 -9999.000 -9999.000 -9999.000 -9999.000 -9999.000 -9999.000 -9999.000 -9999.000 -9999.000 -9999.000 -9999.000 -9999.000 -9999.000 -9999.000 -9999.000 -9999.000 -9999.000 -9999.000 -9999.000 -9999.000 -9999.000 -9999.000 -9999.000 -9999.000 -9999.000 -9999.000 -9999.000 -9999.000 -9999.000 -9999.000 -9999.000 -9999.000 -9999.000 -9999.000 -9999.000 -9999.000 -9999.000 -9999.000 -9999.000 -9999.000 -9999.000 -9999.000 -9999.000 -9999.000 -9999.000 -9999.000 -9999.000 -9999.000 -9999.000 -9999.000 -9999.000 -9999.000 -9999.000 -9999.000 -9999.000 -9999.000
-9999.000 -9999.000 7815.677 7715.884 7616.300 7516.929 7417.777 7318.848 7220.150 7121.690 7023.474 6925.508 6827.798 6730.349 6633.166 6536.255 6439.618 6343.260 6247.186 6151.399 6055.903 5960.702 5865.800 5771.201 5676.910 5582.930 5489.264 5395.916 5302.889 5210.184 5117.805 5025.753 4934.028 4842.632 4751.565 4660.829 4570.426 4480.358 4390.625 4301.229 4212.169 4123.445 4035.054 3946.994 3859.265 3771.866 3684.797 3598.057 3511.644 3425.552 3339.777 3254.312 3169.153 3084.301 2999.754 2915.504 2831.543 2747.859 2664.443 2581.293 2498.409 2415.784 2333.402 2251.247 2169.303 2087.571 2006.054 1924.736 1843.591 1762.591 1681.723 1601.008 1520.437 1439.972 1359.571 1279.202 1198.889 1118.643 1038.416 958.146 877.777 797.313 716.824 636.238 555.470 474.435 393.044 311.489 229.682 147.498 64.826 -18.405 -101.733 -183.961 -263.885 -339.954 -410.519 -474.146 -529.928 -577.913 -620.219 -665.548 -9999.000 -9999.000
-9999.000 -9999.000 7815.677 7715.884 7616.300 7516.929 7417.777 7318.848 7220.150 7121.690 7023.474 6925.508 6827.798 6730.349 6633.166 6536.255 6439.618 6343.260 6247.186 6151.399 6055.903 5960.702 5865.800 5771.201 5676.910 5582.930 5489.264 5395.916 5302.889 5210.184 5117.805 5025.753 4934.028 4842.632 4751.565 4660.829 4570.426 4480.358 4390.625 4301.229 4212.169 4123.445 4035.054 3946.994 3859.265 3771.866 3684.797 3598.057 3511.644 3425.552 3339.777 3254.312 3169.153 3084.301 2999.754 2915.504 2831.543 2747.859 2664.443 2581.293 2498.409 2415.784 2333.402 2251.247 2169.303 2087.571 2006.054 1924.736 1843.591 1762.591 1681.723 1601.008 1520.437 1439.972 1359.571 1279.202 1198.889 1118.643 1038.416 958.146 877.777 797.313 716.824 636.238 555.470 474.435 393.044 311.489 229.682 147.498 64.826 -18.405 -101.733 -183.961 -263.885 -339.954 -410.519 -474.146 -529.928 -577.913 -620.219 -665.548 -9999.000 -9999.000
-9999.000 -9999.000 7815.677 7715.884 7616.300 7516.929 7417.777 7318.848 7220.150 7121.690 7023.474 6925.508 6827.798 6730.349 6633.166 6536.255 6439.618 6343.260 6247.186 6151.399 6055.903 5960.702 5865.800 5771.201 5676.910 5582.930 5489.264 5395.916 5302.889 5210.184 5117.805 5025.753 4934.028 4842.632 4751.565 4660.829 4570.426 4480.358 4390.625 4301.229 4212.169 4123.445 4035.054 3946.994 3859.265 3771.866 3684.797 3598.057 3511.644 3425.552 3339.777 3254.312 3169.153 3084.301 2999.754 2915.504 2831.543 2747.859 2664.443 2581.293 2498.409 2415.784 2333.402 2251.247 2169.303 2087.571 2006.054 1924.736 1843.591 1762.591 1681.723 1601.008 1520.437 1439.972 1359.571 1279.202 1198.889 1118.643 1038.416 958.146 877.777 797.313 716.824 636.238 555.470 474.435 393.044 311.489 229.682 147.498 64.826 -18.405 -101.733 -183.961 -263.885 -339.954 -410.519 -474.146 -529.928 -577.913 -620.219 -665.548 -9999.000 -9999.000
-9999.000 -9999.000 7815.677 7715.884 7616.300 7516.929 7417.777 7318.848 7220.150 7121.690 7023.474 6925.508 6827.798 6730.349 6633.166 6536.255 6439.618 6343.260 6247.186 6151.399 6055.903 5960.702 5865.800 5771.201 5676.910 5582.930 5489.264 5395.916 5302.889 5210.184 5117.805 5025.753 4934.028 4842.632 4751.565 4660.829 4570.426 4480.358 4390.625 4301.229 4212.169 4123.445 4035.054 3946.994 3859.265 3771.866 3684.797 3598.057 3511.644 3425.552 3339.777 3254.312 3169.153 3084.301 2999.754 2915.504 2831.543 2747.859 2664.443 2581.293 2498.409 2415.784 2333.402 2251.247 2169.303 2087.571 2006.054 1924.736 1843.591 1762.591 1681.723 1601.008 1520.437 1439.972 1359.571 1279.202 1198.889 1118.643 1038.416 958.146 877.777 797.313 716.824 636.238 555.470 474.435 393.044 311.489 229.682 147.498 64.826 -18.405 -101.733 -183.961 -263.885 -339.954 -410.519 -474.146 -529.928 -577.913 -620.219 -665.548 -9999.000 -9999.000
-9999.000 -9999.000 7815.677 7715.884 7616.300 7516.929 7417.777 7318.848 7220.150 7121.690 7023.474 6925.508 6827.798 6730.349 6633.166 6536.255 6439.618 6343.260 6247.186 6151.399 6055.903 5960.702 5865.800 5771.201 5676.910 5582.930 5489.264 5395.916 5302.889 5210.184 5117.805 5025.753 4934.028 4842.632 4751.565 4660.829 4570.426 4480.358 4390.625 4301.229 4212.169 4123.445 4035.054 3946.994 3859.265 3771.866 3684.797 3598.057 3511.644 3425.552 3339.777 3254.312 3169.153 3084.301 2999.754 2915.504 2831.543 2747.859 2664.443 2581.293 2498.409 2415.784 2333.402 2251.247 2169.303 2087.571 2006.054 1924.736 1843.591 1762.591 1681.723 1601.008 1520.437 1439.972 1359.571 1279.202 1198.889 1118.643 1038.416 958.146 877.777 797.313 716.824 636.238 555.470 474.435 393.044 311.489 229.682 147.498 64.826 -18.405 -101.733 -183.961 -263.885 -339.954 -410.519 -474.146 -529.928 -577.913 -620.219 -665.548 -9999.000 -9999.000
-9999.000 -9999.000 7815.677 7715.884 7616.300 7516.929 7417.777 7318.848 7220.150 7121.690 7023.474 6925.508 6827.798 6730.349 6633.166 6536.255 6439.618 6343.260 6247.186 6151.399 6055.903 5960.702 5865.800 5771.201 5676.910 5582.930 5489.264 5395.916 5302.889 5210.184 5117.805 5025.753 4934.028 4842.632 4751.565 4660.829 4570.426 4480.358 4390.625 4301.229 4212.169 4123.445 4035.054 3946.994 3859.265 3771.866 3684.797 3598.057 3511.644 3425.552 3339.777 3254.312 3169.153 3084.301 2999.754 2915.504 2831.543 2747.859 2664.443 2581.293 2498.409 2415.784 2333.402 2251.247 2169.303 2087.571 2006.054 1924.736 1843.591 1762.591 1681.723 1601.008 1520.437 1439.972 1359.571 1279.202 1198.889 1118.643 1038.416 958.146 877.777 797.313 716.824 636.238 555.470 474.435 393.044 311.489 229.682 147.498 64.826 -18.405 -101.733 -183.961 -263.885 -339.954 -410.519 -474.146 -529.928 -577.913 -620.219 -665.548 -9999.000 -9999.000
-9999.000 -9999.000 -9999.000 -9999.000 -9999.000 -9999.000 -9999.000 -9999.000 -9999.000 -9999.000 -9999.000 -9999.000 -9999.000 -9999.000 -9999.000 -9999.000 -9999.000 -9999.000 -9999.000 -9999.000 -9999.000 -9999.000 -9999.000 -9999.000 -9999.000 -9999.000 -9999.000 -9999.000 -9999.000 -9999.000 -9999.000 -9999.000 -9999.000 -9999.000 -9999.000 -9999.000 -9999.000 -9999.000 -9999.000 -9999.000 -9999.000 -9999.000 -9999.000 -9999.000 -9999.000 -9999.000 -9999.000 -9999.000 -9999.000 -9999.000 -9999.000 -9999.000 -9999.000 -9999.000 -9999.000 -9999.000 -9999.000 -9999.000 -9999.000 -9999.000 -9999.000 -9999.000 -9999.000 -9999.000 -9999.000 -9999.000 -9999.000 -9999.000 -9999.000 -9999.000 -9999.000 -9999.000 -9999.000 -9999.000 -9999.000 -9999.000 -9999.000 -9999.000 -9999.000 -9999.000 -9999.000 -9999.000 -9999.000 -9999.000 -9999.000 -9999.000 -9999.000 -9999.000 -9999.000 -9999.000 -9999.000 -9999.000 -9999.000 -9999.000 -9999.000 -9999.000 -9999.000 -9999.000 -9999.000 -9999.000 -9999.000 -9999.000 -9999.000 -9999.000
-9999.000 -9999.000 -9999.000 -9999.000 -9999.000 -9999.000 -9999.000 -9999.000 -9999.000 -9999.000 -9999.000 -9999.000 -9999.000 -9999.000 -9999.000 -9999.000 -9999.000 -9999.000 -9999.000 -9999.000 -9999.000 -9999.000 -9999.000 -9999.000 -9999.000 -9999.000 -9999.000 -9999.000 -9999.000 -9999.000 -9999.000 -9999.000 -9999.000 -9999.000 -9999.000 -9999.000 -9999.000 -9999.000 -9999.000 -9999.000 -9999.000 -9999.000 -9999.000 -9999.000 -9999.000 -9999.000 -9999.000 -9999.000 -9999.000 -9999.000 -9999.000 -9999.000 -9999.000 -9999.000 -9999.000 -9999.000 -9999.000 -9999.000 -9999.000 -9999.000 -9999.000 -9999.000 -9999.000 -9999.000 -9999.000 -9999.000 -9999.000 -9999.000 -9999.000 -9999.000 -9999.000 -9999.000 -9999.000 -9999.000 -9999.000 -9999.000 -9999.000 -9999.000 -9999.000 -9999.000 -9999.000 -9999.000 -9999.000 -9999.000 -9999.000 -9999.000 -9999.000 -9999.000 -9999.000 -9999.000 -9999.000 -9999.000 -9999.000 -9999.000 -9999.000 -9999.000 -9999.000 -9999.000 -9999.000 -9999.000 -9999.000 -9999.000 -9999.000 -9999.000