examples/3D/hillslope01/output-maps-METEOIO-ON/psiliqL0030N0002.asc
ncols         104
nrows         10
xllcorner     -2.000000
yllcorner     0.000000
cellsize      1.000000
NODATA_value  -9999.0
-9999.000 -9999.000 -9999.000 -9999.000 -9999.000 -9999.000 -9999.000 -9999.000 -9999.000 -9999.000 -9999.000 -9999.000 -9999.000 -9999.000 -9999.000 -9999.000 -9999.000 -9999.000 -9999.000 -9999.000 -9999.000 -9999.000 -9999.000 -9999.000 -9999.000 -9999.000 -9999.000 -9999.000 -9999.000 -9999.000 -9999.000 -9999.000 -9999.000 -9999.000 -9999.000 -9999.000 -9999.000 -9999.000 -9999.000 -9999.000 -9999.000 -9999.000 -9999.000 -9999.000 -9999.000 -9999.000 -9999.000 -9999.000 -9999.000 -9999.000 -9999.000 -9999.000 -9999.000 -9999.000 -9999.000 -9999.000 -9999.000 -9999.000 -9999.000 -9999.000 -9999.000 -9999.000 -9999.000 -9999.000 -9999.000 -9999.000 -9999.000 -9999.000 -9999.000 -9999.000 -9999.000 -9999.000 -9999.000 -9999.000 -9999.000 -9999.000 -9999.000 -9999.000 -9999.000 -9999.000 -9999.000 -9999.000 -9999.000 -9999.000 -9999.000 -9999.000 -9999.000 -9999.000 -9999.000 -9999.000 -9999.000 -9999.000 -9999.000 -9999.000 -9999.000 -9999.000 -9999.000 -9999.000 -9999.000 -9999.000 -9999.000 -9999.000 -9999.000 -9999.000
-9999.000 -9999.000 -9999.000 -9999.000 -9999.000 -9999.000 -9999.000 -9999.000 -9999.000 -9999.000 -9999.000 -9999.000 -9999.000 -9999.000 -9999.000 -9999.000 -9999.000 -9999.000 -9999.000 -9999.000 -9999.000 -9999.000 -9999.000 -9999.000 -9999.000 -9999.000 -9999.000 -9999.000 -9999.000 -9999.000 -9999.000 -9999.000 -9999.000 -9999.000 -9999.000 -9999.000 -9999.000 -9999.000 -9999.000 -9999.000 -9999.000 -9999.000 -9999.000 -9999.000 -9999.000 -9999.000 -9999.000 -9999.000 -9999.000 -9999.000 -9999.000 -9999.000 -9999.000 -9999.000 -9999.000 -9999.000 -9999.000 -9999.000 -9999.000 -9999.000 -9999.000 -9999.000 -9999.000 -9999.000 -9999.000 -9999.000 -9999.000 -9999.000 -9999.000 -9999.000 -9999.000 -9999.000 -9999.000 -9999.000 -9999.000 -9999.000 -9999.000 -9999.000 -9999.000 -9999.000 -9999.000 -9999.000 -9999.000 -9999.000 -9999.000 -9999.000 -9999.000 -9999.000 -9999.000 -9999.000 -9999.000 -9999.000 -9999.000 -9999.000 -9999.000 -9999.000 -9999.000 -9999.000 -9999.000 -9999.000 -9999.000 -9999.000 -9999.000 -9999.000
-9999.000 -9999.000 1970.263 1870.696 1771.568 1672.899 1574.715 1477.036 1379.877 1283.244 1187.145 1091.580 996.549 902.054 808.107 714.720 621.908 529.688 438.075 347.085 256.731 167.022 77.957 -10.480 -98.319 -186.071 -274.521 -365.105 -459.812 -561.118 -671.884 -795.207 -933.889 -1089.263 -1259.255 -1435.869 -1604.223 -1746.740 -1852.337 -1921.971 -1964.649 -1990.115 -2005.415 -2014.848 -2020.871 -2024.865 -2027.597 -2029.436 -2030.054 -2030.388 -2030.659 -2030.890 -2031.091 -2031.269 -2031.427 -2031.571 -2031.702 -2031.824 -2031.938 -2032.045 -2032.147 -2032.245 -2032.339 -2032.430 -2032.519 -2032.605 -2032.690 -2032.774 -2032.857 -2032.938 -2033.019 -2033.099 -2033.178 -2033.256 -2033.334 -2033.411 -2033.488 -2033.563 -2033.638 -2033.712 -2033.785 -2033.857 -2033.928 -2033.997 -2034.065 -2034.132 -2034.197 -2034.260 -2034.321 -2034.380 -2034.437 -2034.492 -2034.544 -2034.593 -2034.639 -2034.682 -2034.722 -2034.759 -2034.794 -2034.844 -2035.308 -2043.175 -9999.000 -9999.000
-9999.000 -9999.000 1970.263 1870.696 1771.568 1672.899 1574.715 1477.036 1379.877 1283.244 1187.145 1091.580 996.549 902.054 808.107 714.720 621.908 529.688 438.075 347.085 256.731 167.022 77.957 -10.480 -98.319 -186.071 -274.521 -365.105 -459.812 -561.118 -671.884 -795.207 -933.889 -1089.263 -1259.255 -1435.869 -1604.223 -1746.740 -1852.337 -1921.971 -1964.649 -1990.115 -2005.415 -2014.848 -2020.871 -2024.865 -2027.597 -2029.436 -2030.054 -2030.388 -2030.659 -2030.890 -2031.091 -2031.269 -2031.427 -2031.571 -2031.702 -2031.824 -2031.938 -2032.045 -2032.147 -2032.245 -2032.339 -2032.430 -2032.519 -2032.605 -2032.690 -2032.774 -2032.857 -2032.938 -2033.019 -2033.099 -2033.178 -2033.256 -2033.334 -2033.411 -2033.488 -2033.563 -2033.638 -2033.712 -2033.785 -2033.857 -2033.928 -2033.997 -2034.065 -2034.132 -2034.197 -2034.260 -2034.321 -2034.380 -2034.437 -2034.492 -2034.544 -2034.593 -2034.639 -2034.682 -2034.722 -2034.759 -2034.794 -2034.844 -2035.308 -2043.175 -9999.000 -9999.000
-9999.000 -9999.000 1970.263 1870.696 1771.568 1672.899 1574.715 1477.036 1379.877 1283.244 1187.145 1091.580 996.549 902.054 808.107 714.720 621.908 529.688 438.075 347.085 256.731 167.022 77.957 -10.480 -98.319 -186.071 -274.521 -365.105 -459.812 -561.118 -671.884 -795.207 -933.889 -1089.263 -1259.255 -1435.869 -1604.223 -1746.740 -1852.337 -1921.971 -1964.649 -1990.115 -2005.415 -2014.848 -2020.871 -2024.865 -2027.597 -2029.436 -2030.054 -2030.388 -2030.659 -2030.890 -2031.091 -2031.269 -2031.427 -2031.571 -2031.702 -2031.824 -2031.938 -2032.045 -2032.147 -2032.245 -2032.339 -2032.430 -2032.519 -2032.605 -2032.690 -2032.774 -2032.857 -2032.938 -2033.019 -2033.099 -2033.178 -2033.256 -2033.334 -2033.411 -2033.488 -2033.563 -2033.638 -2033.712 -2033.785 -2033.857 -2033.928 -2033.997 -2034.065 -2034.132 -2034.197 -2034.260 -2034.321 -2034.380 -2034.437 -2034.492 -2034.544 -2034.593 -2034.639 -2034.682 -2034.722 -2034.759 -2034.794 -2034.844 -2035.308 -2043.175 -9999.000 -9999.000
-9999.000 -9999.000 1970.263 1870.696 1771.568 1672.899 1574.715 1477.036 1379.877 1283.244 1187.145 1091.580 996.549 902.054 808.107 714.720 621.908 529.688 438.075 347.085 256.731 167.022 77.957 -10.480 -98.319 -186.071 -274.521 -365.105 -459.812 -561.118 -671.884 -795.207 -933.889 -1089.263 -1259.255 -1435.869 -1604.223 -1746.740 -1852.337 -1921.971 -1964.649 -1990.115 -2005.415 -2014.848 -2020.871 -2024.865 -2027.597 -2029.436 -2030.054 -2030.388 -2030.659 -2030.890 -2031.091 -2031.269 -2031.427 -2031.571 -2031.702 -2031.824 -2031.938 -2032.045 -2032.147 -2032.245 -2032.339 -2032.430 -2032.519 -2032.605 -2032.690 -2032.774 -2032.857 -2032.938 -2033.019 -2033.099 -2033.178 -2033.256 -2033.334 -2033.411 -2033.488 -2033.563 -2033.638 -2033.712 -2033.785 -2033.857 -2033.928 -2033.997 -2034.065 -2034.132 -2034.197 -2034.260 -2034.321 -2034.380 -2034.437 -2034.492 -2034.544 -2034.593 -2034.639 -2034.682 -2034.722 -2034.759 -2034.794 -2034.844 -2035.308 -2043.175 -9999.000 -9999.000
-9999.000 -9999.000 1970.263 1870.696 1771.568 1672.899 1574.715 1477.036 1379.877 1283.244 1187.145 1091.580 996.549 902.054 808.107 714.720 621.908 529.688 438.075 347.085 256.731 167.022 77.957 -10.480 -98.319 -186.071 -274.521 -365.105 -459.812 -561.118 -671.884 -795.207 -933.889 -1089.263 -1259.255 -1435.869 -1604.223 -1746.740 -1852.337 -1921.971 -1964.649 -1990.115 -2005.415 -2014.848 -2020.871 -2024.865 -2027.597 -2029.436 -2030.054 -2030.388 -2030.659 -2030.890 -2031.091 -2031.269 -2031.427 -2031.571 -2031.702 -2031.824 -2031.938 -2032.045 -2032.147 -2032.245 -2032.339 -2032.430 -2032.519 -2032.605 -2032.690 -2032.774 -2032.857 -2032.938 -2033.019 -2033.099 -2033.178 -2033.256 -2033.334 -2033.411 -2033.488 -2033.563 -2033.638 -2033.712 -2033.785 -2033.857 -2033.928 -2033.997 -2034.065 -2034.132 -2034.197 -2034.260 -2034.321 -2034.380 -2034.437 -2034.492 -2034.544 -2034.593 -2034.639 -2034.682 -2034.722 -2034.759 -2034.794 -2034.844 -2035.308 -2043.175 -9999.000 -9999.000
-9999.000 -9999.000 1970.263 1870.696 1771.568 1672.899 1574.715 1477.036 1379.877 1283.244 1187.145 1091.580 996.549 902.054 808.107 714.720 621.908 529.688 438.075 347.085 256.731 167.022 77.957 -10.480 -98.319 -186.071 -274.521 -365.105 -459.812 -561.118 -671.884 -795.207 -933.889 -1089.263 -1259.255 -1435.869 -1604.223 -1746.740 -1852.337 -1921.971 -1964.649 -1990.115 -2005.415 -2014.848 -2020.871 -2024.865 -2027.597 -2029.436 -2030.054 -2030.388 -2030.659 -2030.890 -2031.091 -2031.269 -2031.427 -2031.571 -2031.702 -2031.824 -2031.938 -2032.045 -2032.147 -2032.245 -2032.339 -2032.430 -2032.519 -2032.605 -2032.690 -2032.774 -2032.857 -2032.938 -2033.019 -2033.099 -2033.178 -2033.256 -2033.334 -2033.411 -2033.488 -2033.563 -2033.638 -2033.712 -2033.785 -2033.857 -2033.928 -2033.997 -2034.065 -2034.132 -2034.197 -2034.260 -2034.321 -2034.380 -2034.437 -2034.492 -2034.544 -2034.593 -2034.639 -2034.682 -2034.722 -2034.759 -2034.794 -2034.844 -2035.308 -2043.175 -9999.000 -9999.000
-9999.000 -9999.000 -9999.000 -9999.000 -9999.000 -9999.000 -9999.000 -9999.000 -9999.000 -9999.000 -9999.000 -9999.000 -9999.000 -9999.000 -9999.000 -9999.000 -9999.000 -9999.000 -9999.000 -9999.000 -9999.000 -9999.000 -9999.000 -9999.000 -9999.000 -9999.000 -9999.000 -9999.000 -9999.000 -9999.000 -9999.000 -9999.000 -9999.000 -9999.000 -9999.000 -9999.000 -9999.000 -9999.000 -9999.000 -9999.000 -9999.000 -9999.000 -9999.000 -9999.000 -9999.000 -9999.000 -9999.000 -9999.000 -9999.000 -9999.000 -9999.000 -9999.000 -9999.000 -9999.000 -9999.000 -9999.000 -9999.000 -9999.000 -9999.000 -9999.000 -9999.000 -9999.000 -9999.000 -9999.000 -9999.000 -9999.000 -9999.000 -9999.000 -9999.000 -9999.000 -9999.000 -9999.000 -9999.000 -9999.000 -9999.000 -9999.000 -9999.000 -9999.000 -9999.000 -9999.000 -9999.000 -9999.000 -9999.000 -9999.000 -9999.000 -9999.000 -9999.000 -9999.000 -9999.000 -9999.000 -9999.000 -9999.000 -9999.000 -9999.000 -9999.000 -9999.000 -9999.000 -9999.000 -9999.000 -9999.000 -9999.000 -9999.000 -9999.000 -9999.000
-9999.000 -9999.000 -9999.000 -9999.000 -9999.000 -9999.000 -9999.000 -9999.000 -9999.000 -9999.000 -9999.000 -9999.000 -9999.000 -9999.000 -9999.000 -9999.000 -9999.000 -9999.000 -9999.000 -9999.000 -9999.000 -9999.000 -9999.000 -9999.000 -9999.000 -9999.000 -9999.000 -9999.000 -9999.000 -9999.000 -9999.000 -9999.000 -9999.000 -9999.000 -9999.000 -9999.000 -9999.000 -9999.000 -9999.000 -9999.000 -9999.000 -9999.000 -9999.000 -9999.000 -9999.000 -9999.000 -9999.000 -9999.000 -9999.000 -9999.000 -9999.000 -9999.000 -9999.000 -9999.000 -9999.000 -9999.000 -9999.000 -9999.000 -9999.000 -9999.000 -9999.000 -9999.000 -9999.000 -9999.000 -9999.000 -9999.000 -9999.000 -9999.000 -9999.000 -9999.000 -9999.000 -9999.000 -9999.000 -9999.000 -9999.000 -9999.000 -9999.000 -9999.000 -9999.000 -9999.000 -9999.000 -9999.000 -9999.000 -9999.000 -9999.000 -9999.000 -9999.000 -9999.000 -9999.000 -9999.000 -9999.000 -9999.000 -9999.000 -9999.000 -9999.000 -9999.000 -9999.000 -9999.000 -9999.000 -9999.000 -9999.000 -9999.000 -9999.000 -9999.000