examples/3D/hillslope01/output-maps-METEOIO-ON/psiliqL0067N0001.asc
ncols         104
nrows         10
xllcorner     -2.000000
yllcorner     0.000000
cellsize      1.000000
NODATA_value  -9999.0
-9999.000 -9999.000 -9999.000 -9999.000 -9999.000 -9999.000 -9999.000 -9999.000 -9999.000 -9999.000 -9999.000 -9999.000 -9999.000 -9999.000 -9999.000 -9999.000 -9999.000 -9999.000 -9999.000 -9999.000 -9999.000 -9999.000 -9999.000 -9999.000 -9999.000 -9999.000 -9999.000 -9999.000 -9999.000 -9999.000 -9999.000 -9999.000 -9999.000 -9999.000 -9999.000 -9999.000 -9999.000 -9999.000 -9999.000 -9999.000 -9999.000 -9999.000 -9999.000 -9999.000 -9999.000 -9999.000 -9999.000 -9999.000 -9999.000 -9999.000 -9999.000 -9999.000 -9999.000 -9999.000 -9999.000 -9999.000 -9999.000 -9999.000 -9999.000 -9999.000 -9999.000 -9999.000 -9999.000 -9999.000 -9999.000 -9999.000 -9999.000 -9999.000 -9999.000 -9999.000 -9999.000 -9999.000 -9999.000 -9999.000 -9999.000 -9999.000 -9999.000 -9999.000 -9999.000 -9999.000 -9999.000 -9999.000 -9999.000 -9999.000 -9999.000 -9999.000 -9999.000 -9999.000 -9999.000 -9999.000 -9999.000 -9999.000 -9999.000 -9999.000 -9999.000 -9999.000 -9999.000 -9999.000 -9999.000 -9999.000 -9999.000 -9999.000 -9999.000 -9999.000
-9999.000 -9999.000 -9999.000 -9999.000 -9999.000 -9999.000 -9999.000 -9999.000 -9999.000 -9999.000 -9999.000 -9999.000 -9999.000 -9999.000 -9999.000 -9999.000 -9999.000 -9999.000 -9999.000 -9999.000 -9999.000 -9999.000 -9999.000 -9999.000 -9999.000 -9999.000 -9999.000 -9999.000 -9999.000 -9999.000 -9999.000 -9999.000 -9999.000 -9999.000 -9999.000 -9999.000 -9999.000 -9999.000 -9999.000 -9999.000 -9999.000 -9999.000 -9999.000 -9999.000 -9999.000 -9999.000 -9999.000 -9999.000 -9999.000 -9999.000 -9999.000 -9999.000 -9999.000 -9999.000 -9999.000 -9999.000 -9999.000 -9999.000 -9999.000 -9999.000 -9999.000 -9999.000 -9999.000 -9999.000 -9999.000 -9999.000 -9999.000 -9999.000 -9999.000 -9999.000 -9999.000 -9999.000 -9999.000 -9999.000 -9999.000 -9999.000 -9999.000 -9999.000 -9999.000 -9999.000 -9999.000 -9999.000 -9999.000 -9999.000 -9999.000 -9999.000 -9999.000 -9999.000 -9999.000 -9999.000 -9999.000 -9999.000 -9999.000 -9999.000 -9999.000 -9999.000 -9999.000 -9999.000 -9999.000 -9999.000 -9999.000 -9999.000 -9999.000 -9999.000
-9999.000 -9999.000 4778.187 4679.440 4581.949 4485.725 4390.778 4297.125 4204.783 4113.773 4024.117 3935.835 3848.944 3763.459 3679.387 3596.737 3515.516 3435.732 3357.392 3280.494 3205.035 3131.015 3058.428 2987.263 2917.511 2849.160 2782.190 2716.586 2652.326 2589.381 2527.734 2467.356 2408.209 2350.268 2293.482 2237.840 2183.287 2129.800 2077.324 2025.828 1975.254 1925.570 1876.710 1828.649 1781.299 1734.659 1688.610 1643.206 1598.313 1553.947 1509.999 1466.436 1423.212 1380.203 1337.502 1294.899 1252.516 1210.175 1167.855 1125.543 1083.023 1040.548 997.769 954.899 911.697 868.165 824.325 779.896 735.235 689.722 644.048 597.432 550.494 502.531 454.126 404.581 354.546 303.166 251.363 197.839 144.084 88.396 32.268 -25.274 -83.158 -140.335 -196.874 -250.293 -300.747 -347.262 -389.139 -426.586 -459.467 -488.024 -512.631 -533.624 -551.388 -566.305 -578.757 -589.353 -600.152 -620.912 -9999.000 -9999.000
-9999.000 -9999.000 4778.187 4679.440 4581.949 4485.725 4390.778 4297.125 4204.783 4113.773 4024.117 3935.835 3848.944 3763.459 3679.387 3596.737 3515.516 3435.732 3357.392 3280.494 3205.035 3131.015 3058.428 2987.263 2917.511 2849.160 2782.190 2716.586 2652.326 2589.381 2527.734 2467.356 2408.209 2350.268 2293.482 2237.840 2183.287 2129.800 2077.324 2025.828 1975.254 1925.570 1876.710 1828.649 1781.299 1734.659 1688.610 1643.206 1598.313 1553.947 1509.999 1466.436 1423.212 1380.203 1337.502 1294.899 1252.516 1210.175 1167.855 1125.543 1083.023 1040.548 997.769 954.899 911.697 868.165 824.325 779.896 735.235 689.722 644.048 597.432 550.494 502.531 454.126 404.581 354.546 303.166 251.363 197.839 144.084 88.396 32.268 -25.274 -83.158 -140.335 -196.874 -250.293 -300.747 -347.262 -389.139 -426.586 -459.467 -488.024 -512.631 -533.624 -551.388 -566.305 -578.757 -589.353 -600.152 -620.912 -9999.000 -9999.000
-9999.000 -9999.000 4778.187 4679.440 4581.949 4485.725 4390.778 4297.125 4204.783 4113.773 4024.117 3935.835 3848.944 3763.459 3679.387 3596.737 3515.516 3435.732 3357.392 3280.494 3205.035 3131.015 3058.428 2987.263 2917.511 2849.160 2782.190 2716.586 2652.326 2589.381 2527.734 2467.356 2408.209 2350.268 2293.482 2237.840 2183.287 2129.800 2077.324 2025.828 1975.254 1925.570 1876.710 1828.649 1781.299 1734.659 1688.610 1643.206 1598.313 1553.947 1509.999 1466.436 1423.212 1380.203 1337.502 1294.899 1252.516 1210.175 1167.855 1125.543 1083.023 1040.548 997.769 954.899 911.697 868.165 824.325 779.896 735.235 689.722 644.048 597.432 550.494 502.531 454.126 404.581 354.546 303.166 251.363 197.839 144.084 88.396 32.268 -25.274 -83.158 -140.335 -196.874 -250.293 -300.747 -347.262 -389.139 -426.586 -459.467 -488.024 -512.631 -533.624 -551.388 -566.305 -578.757 -589.353 -600.152 -620.912 -9999.000 -9999.000
-9999.000 -9999.000 4778.187 4679.440 4581.949 4485.725 4390.778 4297.125 4204.783 4113.773 4024.117 3935.835 3848.944 3763.459 3679.387 3596.737 3515.516 3435.732 3357.392 3280.494 3205.035 3131.015 3058.428 2987.263 2917.511 2849.160 2782.190 2716.586 2652.326 2589.381 2527.734 2467.356 2408.209 2350.268 2293.482 2237.840 2183.287 2129.800 2077.324 2025.828 1975.254 1925.570 1876.710 1828.649 1781.299 1734.659 1688.610 1643.206 1598.313 1553.947 1509.999 1466.436 1423.212 1380.203 1337.502 1294.899 1252.516 1210.175 1167.855 1125.543 1083.023 1040.548 997.769 954.899 911.697 868.165 824.325 779.896 735.235 689.722 644.048 597.432 550.494 502.531 454.126 404.581 354.546 303.166 251.363 197.839 144.084 88.396 32.268 -25.274 -83.158 -140.335 -196.874 -250.293 -300.747 -347.262 -389.139 -426.586 -459.467 -488.024 -512.631 -533.624 -551.388 -566.305 -578.757 -589.353 -600.152 -620.912 -9999.000 -9999.000
-9999.000 -9999.000 4778.187 4679.440 4581.949 4485.725 4390.778 4297.125 4204.783 4113.773 4024.117 3935.835 3848.944 3763.459 3679.387 3596.737 3515.516 3435.732 3357.392 3280.494 3205.035 3131.015 3058.428 2987.263 2917.511 2849.160 2782.190 2716.586 2652.326 2589.381 2527.734 2467.356 2408.209 2350.268 2293.482 2237.840 2183.287 2129.800 2077.324 2025.828 1975.254 1925.570 1876.710 1828.649 1781.299 1734.659 1688.610 1643.206 1598.313 1553.947 1509.999 1466.436 1423.212 1380.203 1337.502 1294.899 1252.516 1210.175 1167.855 1125.543 1083.023 1040.548 997.769 954.899 911.697 868.165 824.325 779.896 735.235 689.722 644.048 597.432 550.494 502.531 454.126 404.581 354.546 303.166 251.363 197.839 144.084 88.396 32.268 -25.274 -83.158 -140.335 -196.874 -250.293 -300.747 -347.262 -389.139 -426.586 -459.467 -488.024 -512.631 -533.624 -551.388 -566.305 -578.757 -589.353 -600.152 -620.912 -9999.000 -9999.000
-9999.000 -9999.000 4778.187 4679.440 4581.949 4485.725 4390.778 4297.125 4204.783 4113.773 4024.117 3935.835 3848.944 3763.459 3679.387 3596.737 3515.516 3435.732 3357.392 3280.494 3205.035 3131.015 3058.428 2987.263 2917.511 2849.160 2782.190 2716.586 2652.326 2589.381 2527.734 2467.356 2408.209 2350.268 2293.482 2237.840 2183.287 2129.800 2077.324 2025.828 1975.254 1925.570 1876.710 1828.649 1781.299 1734.659 1688.610 1643.206 1598.313 1553.947 1509.999 1466.436 1423.212 1380.203 1337.502 1294.899 1252.516 1210.175 1167.855 1125.543 1083.023 1040.548 997.769 954.899 911.697 868.165 824.325 779.896 735.235 689.722 644.048 597.432 550.494 502.531 454.126 404.581 354.546 303.166 251.363 197.839 144.084 88.396 32.268 -25.274 -83.158 -140.335 -196.874 -250.293 -300.747 -347.262 -389.139 -426.586 -459.467 -488.024 -512.631 -533.624 -551.388 -566.305 -578.757 -589.353 -600.152 -620.912 -9999.000 -9999.000
-9999.000 -9999.000 -9999.000 -9999.000 -9999.000 -9999.000 -9999.000 -9999.000 -9999.000 -9999.000 -9999.000 -9999.000 -9999.000 -9999.000 -9999.000 -9999.000 -9999.000 -9999.000 -9999.000 -9999.000 -9999.000 -9999.000 -9999.000 -9999.000 -9999.000 -9999.000 -9999.000 -9999.000 -9999.000 -9999.000 -9999.000 -9999.000 -9999.000 -9999.000 -9999.000 -9999.000 -9999.000 -9999.000 -9999.000 -9999.000 -9999.000 -9999.000 -9999.000 -9999.000 -9999.000 -9999.000 -9999.000 -9999.000 -9999.000 -9999.000 -9999.000 -9999.000 -9999.000 -9999.000 -9999.000 -9999.000 -9999.000 -9999.000 -9999.000 -9999.000 -9999.000 -9999.000 -9999.000 -9999.000 -9999.000 -9999.000 -9999.000 -9999.000 -9999.000 -9999.000 -9999.000 -9999.000 -9999.000 -9999.000 -9999.000 -9999.000 -9999.000 -9999.000 -9999.000 -9999.000 -9999.000 -9999.000 -9999.000 -9999.000 -9999.000 -9999.000 -9999.000 -9999.000 -9999.000 -9999.000 -9999.000 -9999.000 -9999.000 -9999.000 -9999.000 -9999.000 -9999.000 -9999.000 -9999.000 -9999.000 -9999.000 -9999.000 -9999.000 -9999.000
-9999.000 -9999.000 -9999.000 -9999.000 -9999.000 -9999.000 -9999.000 -9999.000 -9999.000 -9999.000 -9999.000 -9999.000 -9999.000 -9999.000 -9999.000 -9999.000 -9999.000 -9999.000 -9999.000 -9999.000 -9999.000 -9999.000 -9999.000 -9999.000 -9999.000 -9999.000 -9999.000 -9999.000 -9999.000 -9999.000 -9999.000 -9999.000 -9999.000 -9999.000 -9999.000 -9999.000 -9999.000 -9999.000 -9999.000 -9999.000 -9999.000 -9999.000 -9999.000 -9999.000 -9999.000 -9999.000 -9999.000 -9999.000 -9999.000 -9999.000 -9999.000 -9999.000 -9999.000 -9999.000 -9999.000 -9999.000 -9999.000 -9999.000 -9999.000 -9999.000 -9999.000 -9999.000 -9999.000 -9999.000 -9999.000 -9999.000 -9999.000 -9999.000 -9999.000 -9999.000 -9999.000 -9999.000 -9999.000 -9999.000 -9999.000 -9999.000 -9999.000 -9999.000 -9999.000 -9999.000 -9999.000 -9999.000 -9999.000 -9999.000 -9999.000 -9999.000 -9999.000 -9999.000 -9999.000 -9999.000 -9999.000 -9999.000 -9999.000 -9999.000 -9999.000 -9999.000 -9999.000 -9999.000 -9999.000 -9999.000 -9999.000 -9999.000 -9999.000 -9999.000