examples/3D/hillslope01/output-maps-METEOIO-ON/psiliqL0022N0003.asc
ncols         104
nrows         10
xllcorner     -2.000000
yllcorner     0.000000
cellsize      1.000000
NODATA_value  -9999.0
-9999.000 -9999.000 -9999.000 -9999.000 -9999.000 -9999.000 -9999.000 -9999.000 -9999.000 -9999.000 -9999.000 -9999.000 -9999.000 -9999.000 -9999.000 -9999.000 -9999.000 -9999.000 -9999.000 -9999.000 -9999.000 -9999.000 -9999.000 -9999.000 -9999.000 -9999.000 -9999.000 -9999.000 -9999.000 -9999.000 -9999.000 -9999.000 -9999.000 -9999.000 -9999.000 -9999.000 -9999.000 -9999.000 -9999.000 -9999.000 -9999.000 -9999.000 -9999.000 -9999.000 -9999.000 -9999.000 -9999.000 -9999.000 -9999.000 -9999.000 -9999.000 -9999.000 -9999.000 -9999.000 -9999.000 -9999.000 -9999.000 -9999.000 -9999.000 -9999.000 -9999.000 -9999.000 -9999.000 -9999.000 -9999.000 -9999.000 -9999.000 -9999.000 -9999.000 -9999.000 -9999.000 -9999.000 -9999.000 -9999.000 -9999.000 -9999.000 -9999.000 -9999.000 -9999.000 -9999.000 -9999.000 -9999.000 -9999.000 -9999.000 -9999.000 -9999.000 -9999.000 -9999.000 -9999.000 -9999.000 -9999.000 -9999.000 -9999.000 -9999.000 -9999.000 -9999.000 -9999.000 -9999.000 -9999.000 -9999.000 -9999.000 -9999.000 -9999.000 -9999.000
-9999.000 -9999.000 -9999.000 -9999.000 -9999.000 -9999.000 -9999.000 -9999.000 -9999.000 -9999.000 -9999.000 -9999.000 -9999.000 -9999.000 -9999.000 -9999.000 -9999.000 -9999.000 -9999.000 -9999.000 -9999.000 -9999.000 -9999.000 -9999.000 -9999.000 -9999.000 -9999.000 -9999.000 -9999.000 -9999.000 -9999.000 -9999.000 -9999.000 -9999.000 -9999.000 -9999.000 -9999.000 -9999.000 -9999.000 -9999.000 -9999.000 -9999.000 -9999.000 -9999.000 -9999.000 -9999.000 -9999.000 -9999.000 -9999.000 -9999.000 -9999.000 -9999.000 -9999.000 -9999.000 -9999.000 -9999.000 -9999.000 -9999.000 -9999.000 -9999.000 -9999.000 -9999.000 -9999.000 -9999.000 -9999.000 -9999.000 -9999.000 -9999.000 -9999.000 -9999.000 -9999.000 -9999.000 -9999.000 -9999.000 -9999.000 -9999.000 -9999.000 -9999.000 -9999.000 -9999.000 -9999.000 -9999.000 -9999.000 -9999.000 -9999.000 -9999.000 -9999.000 -9999.000 -9999.000 -9999.000 -9999.000 -9999.000 -9999.000 -9999.000 -9999.000 -9999.000 -9999.000 -9999.000 -9999.000 -9999.000 -9999.000 -9999.000 -9999.000 -9999.000
-9999.000 -9999.000 1572.313 1472.418 1372.648 1273.040 1173.641 1074.485 975.577 876.917 778.511 680.368 582.500 484.913 387.608 290.586 193.847 97.390 1.207 -94.665 -190.588 -287.293 -386.179 -489.381 -599.910 -721.873 -860.833 -1024.229 -1221.550 -1463.179 -1755.022 -2084.245 -2399.615 -2626.200 -2742.677 -2790.530 -2808.860 -2816.037 -2819.018 -2820.350 -2820.990 -2821.322 -2821.506 -2821.614 -2821.682 -2821.727 -2821.758 -2821.778 -2821.784 -2821.786 -2821.787 -2821.789 -2821.790 -2821.791 -2821.792 -2821.793 -2821.793 -2821.794 -2821.795 -2821.796 -2821.796 -2821.797 -2821.797 -2821.798 -2821.799 -2821.799 -2821.800 -2821.800 -2821.801 -2821.802 -2821.802 -2821.803 -2821.803 -2821.804 -2821.804 -2821.805 -2821.806 -2821.806 -2821.807 -2821.807 -2821.808 -2821.809 -2821.809 -2821.810 -2821.810 -2821.811 -2821.811 -2821.812 -2821.812 -2821.813 -2821.813 -2821.814 -2821.814 -2821.815 -2821.815 -2821.815 -2821.816 -2821.816 -2821.816 -2821.822 -2822.034 -2827.905 -9999.000 -9999.000
-9999.000 -9999.000 1572.313 1472.418 1372.648 1273.040 1173.641 1074.485 975.577 876.917 778.511 680.368 582.500 484.913 387.608 290.586 193.847 97.390 1.207 -94.665 -190.588 -287.293 -386.179 -489.381 -599.910 -721.873 -860.833 -1024.229 -1221.550 -1463.179 -1755.022 -2084.245 -2399.615 -2626.200 -2742.677 -2790.530 -2808.860 -2816.037 -2819.018 -2820.350 -2820.990 -2821.322 -2821.506 -2821.614 -2821.682 -2821.727 -2821.758 -2821.778 -2821.784 -2821.786 -2821.787 -2821.789 -2821.790 -2821.791 -2821.792 -2821.793 -2821.793 -2821.794 -2821.795 -2821.796 -2821.796 -2821.797 -2821.797 -2821.798 -2821.799 -2821.799 -2821.800 -2821.800 -2821.801 -2821.802 -2821.802 -2821.803 -2821.803 -2821.804 -2821.804 -2821.805 -2821.806 -2821.806 -2821.807 -2821.807 -2821.808 -2821.809 -2821.809 -2821.810 -2821.810 -2821.811 -2821.811 -2821.812 -2821.812 -2821.813 -2821.813 -2821.814 -2821.814 -2821.815 -2821.815 -2821.815 -2821.816 -2821.816 -2821.816 -2821.822 -2822.034 -2827.905 -9999.000 -9999.000
-9999.000 -9999.000 1572.313 1472.418 1372.648 1273.040 1173.641 1074.485 975.577 876.917 778.511 680.368 582.500 484.913 387.608 290.586 193.847 97.390 1.207 -94.665 -190.588 -287.293 -386.179 -489.381 -599.910 -721.873 -860.833 -1024.229 -1221.550 -1463.179 -1755.022 -2084.245 -2399.615 -2626.200 -2742.677 -2790.530 -2808.860 -2816.037 -2819.018 -2820.350 -2820.990 -2821.322 -2821.506 -2821.614 -2821.682 -2821.727 -2821.758 -2821.778 -2821.784 -2821.786 -2821.787 -2821.789 -2821.790 -2821.791 -2821.792 -2821.793 -2821.793 -2821.794 -2821.795 -2821.796 -2821.796 -2821.797 -2821.797 -2821.798 -2821.799 -2821.799 -2821.800 -2821.800 -2821.801 -2821.802 -2821.802 -2821.803 -2821.803 -2821.804 -2821.804 -2821.805 -2821.806 -2821.806 -2821.807 -2821.807 -2821.808 -2821.809 -2821.809 -2821.810 -2821.810 -2821.811 -2821.811 -2821.812 -2821.812 -2821.813 -2821.813 -2821.814 -2821.814 -2821.815 -2821.815 -2821.815 -2821.816 -2821.816 -2821.816 -2821.822 -2822.034 -2827.905 -9999.000 -9999.000
-9999.000 -9999.000 1572.313 1472.418 1372.648 1273.040 1173.641 1074.485 975.577 876.917 778.511 680.368 582.500 484.913 387.608 290.586 193.847 97.390 1.207 -94.665 -190.588 -287.293 -386.179 -489.381 -599.910 -721.873 -860.833 -1024.229 -1221.550 -1463.179 -1755.022 -2084.245 -2399.615 -2626.200 -2742.677 -2790.530 -2808.860 -2816.037 -2819.018 -2820.350 -2820.990 -2821.322 -2821.506 -2821.614 -2821.682 -2821.727 -2821.758 -2821.778 -2821.784 -2821.786 -2821.787 -2821.789 -2821.790 -2821.791 -2821.792 -2821.793 -2821.793 -2821.794 -2821.795 -2821.796 -2821.796 -2821.797 -2821.797 -2821.798 -2821.799 -2821.799 -2821.800 -2821.800 -2821.801 -2821.802 -2821.802 -2821.803 -2821.803 -2821.804 -2821.804 -2821.805 -2821.806 -2821.806 -2821.807 -2821.807 -2821.808 -2821.809 -2821.809 -2821.810 -2821.810 -2821.811 -2821.811 -2821.812 -2821.812 -2821.813 -2821.813 -2821.814 -2821.814 -2821.815 -2821.815 -2821.815 -2821.816 -2821.816 -2821.816 -2821.822 -2822.034 -2827.905 -9999.000 -9999.000
-9999.000 -9999.000 1572.313 1472.418 1372.648 1273.040 1173.641 1074.485 975.577 876.917 778.511 680.368 582.500 484.913 387.608 290.586 193.847 97.390 1.207 -94.665 -190.588 -287.293 -386.179 -489.381 -599.910 -721.873 -860.833 -1024.229 -1221.550 -1463.179 -1755.022 -2084.245 -2399.615 -2626.200 -2742.677 -2790.530 -2808.860 -2816.037 -2819.018 -2820.350 -2820.990 -2821.322 -2821.506 -2821.614 -2821.682 -2821.727 -2821.758 -2821.778 -2821.784 -2821.786 -2821.787 -2821.789 -2821.790 -2821.791 -2821.792 -2821.793 -2821.793 -2821.794 -2821.795 -2821.796 -2821.796 -2821.797 -2821.797 -2821.798 -2821.799 -2821.799 -2821.800 -2821.800 -2821.801 -2821.802 -2821.802 -2821.803 -2821.803 -2821.804 -2821.804 -2821.805 -2821.806 -2821.806 -2821.807 -2821.807 -2821.808 -2821.809 -2821.809 -2821.810 -2821.810 -2821.811 -2821.811 -2821.812 -2821.812 -2821.813 -2821.813 -2821.814 -2821.814 -2821.815 -2821.815 -2821.815 -2821.816 -2821.816 -2821.816 -2821.822 -2822.034 -2827.905 -9999.000 -9999.000
-9999.000 -9999.000 1572.313 1472.418 1372.648 1273.040 1173.641 1074.485 975.577 876.917 778.511 680.368 582.500 484.913 387.608 290.586 193.847 97.390 1.207 -94.665 -190.588 -287.293 -386.179 -489.381 -599.910 -721.873 -860.833 -1024.229 -1221.550 -1463.179 -1755.022 -2084.245 -2399.615 -2626.200 -2742.677 -2790.530 -2808.860 -2816.037 -2819.018 -2820.350 -2820.990 -2821.322 -2821.506 -2821.614 -2821.682 -2821.727 -2821.758 -2821.778 -2821.784 -2821.786 -2821.787 -2821.789 -2821.790 -2821.791 -2821.792 -2821.793 -2821.793 -2821.794 -2821.795 -2821.796 -2821.796 -2821.797 -2821.797 -2821.798 -2821.799 -2821.799 -2821.800 -2821.800 -2821.801 -2821.802 -2821.802 -2821.803 -2821.803 -2821.804 -2821.804 -2821.805 -2821.806 -2821.806 -2821.807 -2821.807 -2821.808 -2821.809 -2821.809 -2821.810 -2821.810 -2821.811 -2821.811 -2821.812 -2821.812 -2821.813 -2821.813 -2821.814 -2821.814 -2821.815 -2821.815 -2821.815 -2821.816 -2821.816 -2821.816 -2821.822 -2822.034 -2827.905 -9999.000 -9999.000
-9999.000 -9999.000 -9999.000 -9999.000 -9999.000 -9999.000 -9999.000 -9999.000 -9999.000 -9999.000 -9999.000 -9999.000 -9999.000 -9999.000 -9999.000 -9999.000 -9999.000 -9999.000 -9999.000 -9999.000 -9999.000 -9999.000 -9999.000 -9999.000 -9999.000 -9999.000 -9999.000 -9999.000 -9999.000 -9999.000 -9999.000 -9999.000 -9999.000 -9999.000 -9999.000 -9999.000 -9999.000 -9999.000 -9999.000 -9999.000 -9999.000 -9999.000 -9999.000 -9999.000 -9999.000 -9999.000 -9999.000 -9999.000 -9999.000 -9999.000 -9999.000 -9999.000 -9999.000 -9999.000 -9999.000 -9999.000 -9999.000 -9999.000 -9999.000 -9999.000 -9999.000 -9999.000 -9999.000 -9999.000 -9999.000 -9999.000 -9999.000 -9999.000 -9999.000 -9999.000 -9999.000 -9999.000 -9999.000 -9999.000 -9999.000 -9999.000 -9999.000 -9999.000 -9999.000 -9999.000 -9999.000 -9999.000 -9999.000 -9999.000 -9999.000 -9999.000 -9999.000 -9999.000 -9999.000 -9999.000 -9999.000 -9999.000 -9999.000 -9999.000 -9999.000 -9999.000 -9999.000 -9999.000 -9999.000 -9999.000 -9999.000 -9999.000 -9999.000 -9999.000
-9999.000 -9999.000 -9999.000 -9999.000 -9999.000 -9999.000 -9999.000 -9999.000 -9999.000 -9999.000 -9999.000 -9999.000 -9999.000 -9999.000 -9999.000 -9999.000 -9999.000 -9999.000 -9999.000 -9999.000 -9999.000 -9999.000 -9999.000 -9999.000 -9999.000 -9999.000 -9999.000 -9999.000 -9999.000 -9999.000 -9999.000 -9999.000 -9999.000 -9999.000 -9999.000 -9999.000 -9999.000 -9999.000 -9999.000 -9999.000 -9999.000 -9999.000 -9999.000 -9999.000 -9999.000 -9999.000 -9999.000 -9999.000 -9999.000 -9999.000 -9999.000 -9999.000 -9999.000 -9999.000 -9999.000 -9999.000 -9999.000 -9999.000 -9999.000 -9999.000 -9999.000 -9999.000 -9999.000 -9999.000 -9999.000 -9999.000 -9999.000 -9999.000 -9999.000 -9999.000 -9999.000 -9999.000 -9999.000 -9999.000 -9999.000 -9999.000 -9999.000 -9999.000 -9999.000 -9999.000 -9999.000 -9999.000 -9999.000 -9999.000 -9999.000 -9999.000 -9999.000 -9999.000 -9999.000 -9999.000 -9999.000 -9999.000 -9999.000 -9999.000 -9999.000 -9999.000 -9999.000 -9999.000 -9999.000 -9999.000 -9999.000 -9999.000 -9999.000 -9999.000