examples/3D/hillslope01/output-maps-METEOIO-ON/psiliqL0033N0002.asc
ncols         104
nrows         10
xllcorner     -2.000000
yllcorner     0.000000
cellsize      1.000000
NODATA_value  -9999.0
-9999.000 -9999.000 -9999.000 -9999.000 -9999.000 -9999.000 -9999.000 -9999.000 -9999.000 -9999.000 -9999.000 -9999.000 -9999.000 -9999.000 -9999.000 -9999.000 -9999.000 -9999.000 -9999.000 -9999.000 -9999.000 -9999.000 -9999.000 -9999.000 -9999.000 -9999.000 -9999.000 -9999.000 -9999.000 -9999.000 -9999.000 -9999.000 -9999.000 -9999.000 -9999.000 -9999.000 -9999.000 -9999.000 -9999.000 -9999.000 -9999.000 -9999.000 -9999.000 -9999.000 -9999.000 -9999.000 -9999.000 -9999.000 -9999.000 -9999.000 -9999.000 -9999.000 -9999.000 -9999.000 -9999.000 -9999.000 -9999.000 -9999.000 -9999.000 -9999.000 -9999.000 -9999.000 -9999.000 -9999.000 -9999.000 -9999.000 -9999.000 -9999.000 -9999.000 -9999.000 -9999.000 -9999.000 -9999.000 -9999.000 -9999.000 -9999.000 -9999.000 -9999.000 -9999.000 -9999.000 -9999.000 -9999.000 -9999.000 -9999.000 -9999.000 -9999.000 -9999.000 -9999.000 -9999.000 -9999.000 -9999.000 -9999.000 -9999.000 -9999.000 -9999.000 -9999.000 -9999.000 -9999.000 -9999.000 -9999.000 -9999.000 -9999.000 -9999.000 -9999.000
-9999.000 -9999.000 -9999.000 -9999.000 -9999.000 -9999.000 -9999.000 -9999.000 -9999.000 -9999.000 -9999.000 -9999.000 -9999.000 -9999.000 -9999.000 -9999.000 -9999.000 -9999.000 -9999.000 -9999.000 -9999.000 -9999.000 -9999.000 -9999.000 -9999.000 -9999.000 -9999.000 -9999.000 -9999.000 -9999.000 -9999.000 -9999.000 -9999.000 -9999.000 -9999.000 -9999.000 -9999.000 -9999.000 -9999.000 -9999.000 -9999.000 -9999.000 -9999.000 -9999.000 -9999.000 -9999.000 -9999.000 -9999.000 -9999.000 -9999.000 -9999.000 -9999.000 -9999.000 -9999.000 -9999.000 -9999.000 -9999.000 -9999.000 -9999.000 -9999.000 -9999.000 -9999.000 -9999.000 -9999.000 -9999.000 -9999.000 -9999.000 -9999.000 -9999.000 -9999.000 -9999.000 -9999.000 -9999.000 -9999.000 -9999.000 -9999.000 -9999.000 -9999.000 -9999.000 -9999.000 -9999.000 -9999.000 -9999.000 -9999.000 -9999.000 -9999.000 -9999.000 -9999.000 -9999.000 -9999.000 -9999.000 -9999.000 -9999.000 -9999.000 -9999.000 -9999.000 -9999.000 -9999.000 -9999.000 -9999.000 -9999.000 -9999.000 -9999.000 -9999.000
-9999.000 -9999.000 2268.265 2168.705 2069.591 1970.940 1872.775 1775.114 1677.970 1581.351 1485.264 1389.712 1294.695 1200.217 1106.288 1012.920 920.128 827.927 736.331 645.355 555.010 465.304 376.235 287.784 199.879 112.577 25.915 -60.008 -145.400 -230.851 -317.335 -406.269 -499.109 -597.444 -702.769 -816.155 -937.586 -1065.231 -1194.646 -1318.851 -1429.895 -1521.586 -1591.822 -1642.581 -1677.962 -1702.276 -1718.988 -1730.276 -1735.541 -1738.345 -1740.522 -1742.309 -1743.805 -1745.079 -1746.179 -1747.143 -1747.999 -1748.767 -1749.465 -1750.106 -1750.700 -1751.255 -1751.777 -1752.273 -1752.745 -1753.199 -1753.635 -1754.058 -1754.468 -1754.867 -1755.256 -1755.636 -1756.008 -1756.373 -1756.730 -1757.081 -1757.424 -1757.761 -1758.091 -1758.414 -1758.730 -1759.039 -1759.341 -1759.634 -1759.920 -1760.197 -1760.466 -1760.725 -1760.975 -1761.214 -1761.443 -1761.662 -1761.868 -1762.063 -1762.245 -1762.415 -1762.572 -1762.715 -1762.848 -1763.019 -1763.930 -1774.173 -9999.000 -9999.000
-9999.000 -9999.000 2268.265 2168.705 2069.591 1970.940 1872.775 1775.114 1677.970 1581.351 1485.264 1389.712 1294.695 1200.217 1106.288 1012.920 920.128 827.927 736.331 645.355 555.010 465.304 376.235 287.784 199.879 112.577 25.915 -60.008 -145.400 -230.851 -317.335 -406.269 -499.109 -597.444 -702.769 -816.155 -937.586 -1065.231 -1194.646 -1318.851 -1429.895 -1521.586 -1591.822 -1642.581 -1677.962 -1702.276 -1718.988 -1730.276 -1735.541 -1738.345 -1740.522 -1742.309 -1743.805 -1745.079 -1746.179 -1747.143 -1747.999 -1748.767 -1749.465 -1750.106 -1750.700 -1751.255 -1751.777 -1752.273 -1752.745 -1753.199 -1753.635 -1754.058 -1754.468 -1754.867 -1755.256 -1755.636 -1756.008 -1756.373 -1756.730 -1757.081 -1757.424 -1757.761 -1758.091 -1758.414 -1758.730 -1759.039 -1759.341 -1759.634 -1759.920 -1760.197 -1760.466 -1760.725 -1760.975 -1761.214 -1761.443 -1761.662 -1761.868 -1762.063 -1762.245 -1762.415 -1762.572 -1762.715 -1762.848 -1763.019 -1763.930 -1774.173 -9999.000 -9999.000
-9999.000 -9999.000 2268.265 2168.705 2069.591 1970.940 1872.775 1775.114 1677.970 1581.351 1485.264 1389.712 1294.695 1200.217 1106.288 1012.920 920.128 827.927 736.331 645.355 555.010 465.304 376.235 287.784 199.879 112.577 25.915 -60.008 -145.400 -230.851 -317.335 -406.269 -499.109 -597.444 -702.769 -816.155 -937.586 -1065.231 -1194.646 -1318.851 -1429.895 -1521.586 -1591.822 -1642.581 -1677.962 -1702.276 -1718.988 -1730.276 -1735.541 -1738.345 -1740.522 -1742.309 -1743.805 -1745.079 -1746.179 -1747.143 -1747.999 -1748.767 -1749.465 -1750.106 -1750.700 -1751.255 -1751.777 -1752.273 -1752.745 -1753.199 -1753.635 -1754.058 -1754.468 -1754.867 -1755.256 -1755.636 -1756.008 -1756.373 -1756.730 -1757.081 -1757.424 -1757.761 -1758.091 -1758.414 -1758.730 -1759.039 -1759.341 -1759.634 -1759.920 -1760.197 -1760.466 -1760.725 -1760.975 -1761.214 -1761.443 -1761.662 -1761.868 -1762.063 -1762.245 -1762.415 -1762.572 -1762.715 -1762.848 -1763.019 -1763.930 -1774.173 -9999.000 -9999.000
-9999.000 -9999.000 2268.265 2168.705 2069.591 1970.940 1872.775 1775.114 1677.970 1581.351 1485.264 1389.712 1294.695 1200.217 1106.288 1012.920 920.128 827.927 736.331 645.355 555.010 465.304 376.235 287.784 199.879 112.577 25.915 -60.008 -145.400 -230.851 -317.335 -406.269 -499.109 -597.444 -702.769 -816.155 -937.586 -1065.231 -1194.646 -1318.851 -1429.895 -1521.586 -1591.822 -1642.581 -1677.962 -1702.276 -1718.988 -1730.276 -1735.541 -1738.345 -1740.522 -1742.309 -1743.805 -1745.079 -1746.179 -1747.143 -1747.999 -1748.767 -1749.465 -1750.106 -1750.700 -1751.255 -1751.777 -1752.273 -1752.745 -1753.199 -1753.635 -1754.058 -1754.468 -1754.867 -1755.256 -1755.636 -1756.008 -1756.373 -1756.730 -1757.081 -1757.424 -1757.761 -1758.091 -1758.414 -1758.730 -1759.039 -1759.341 -1759.634 -1759.920 -1760.197 -1760.466 -1760.725 -1760.975 -1761.214 -1761.443 -1761.662 -1761.868 -1762.063 -1762.245 -1762.415 -1762.572 -1762.715 -1762.848 -1763.019 -1763.930 -1774.173 -9999.000 -9999.000
-9999.000 -9999.000 2268.265 2168.705 2069.591 1970.940 1872.775 1775.114 1677.970 1581.351 1485.264 1389.712 1294.695 1200.217 1106.288 1012.920 920.128 827.927 736.331 645.355 555.010 465.304 376.235 287.784 199.879 112.577 25.915 -60.008 -145.400 -230.851 -317.335 -406.269 -499.109 -597.444 -702.769 -816.155 -937.586 -1065.231 -1194.646 -1318.851 -1429.895 -1521.586 -1591.822 -1642.581 -1677.962 -1702.276 -1718.988 -1730.276 -1735.541 -1738.345 -1740.522 -1742.309 -1743.805 -1745.079 -1746.179 -1747.143 -1747.999 -1748.767 -1749.465 -1750.106 -1750.700 -1751.255 -1751.777 -1752.273 -1752.745 -1753.199 -1753.635 -1754.058 -1754.468 -1754.867 -1755.256 -1755.636 -1756.008 -1756.373 -1756.730 -1757.081 -1757.424 -1757.761 -1758.091 -1758.414 -1758.730 -1759.039 -1759.341 -1759.634 -1759.920 -1760.197 -1760.466 -1760.725 -1760.975 -1761.214 -1761.443 -1761.662 -1761.868 -1762.063 -1762.245 -1762.415 -1762.572 -1762.715 -1762.848 -1763.019 -1763.930 -1774.173 -9999.000 -9999.000
-9999.000 -9999.000 2268.265 2168.705 2069.591 1970.940 1872.775 1775.114 1677.970 1581.351 1485.264 1389.712 1294.695 1200.217 1106.288 1012.920 920.128 827.927 736.331 645.355 555.010 465.304 376.235 287.784 199.879 112.577 25.915 -60.008 -145.400 -230.851 -317.335 -406.269 -499.109 -597.444 -702.769 -816.155 -937.586 -1065.231 -1194.646 -1318.851 -1429.895 -1521.586 -1591.822 -1642.581 -1677.962 -1702.276 -1718.988 -1730.276 -1735.541 -1738.345 -1740.522 -1742.309 -1743.805 -1745.079 -1746.179 -1747.143 -1747.999 -1748.767 -1749.465 -1750.106 -1750.700 -1751.255 -1751.777 -1752.273 -1752.745 -1753.199 -1753.635 -1754.058 -1754.468 -1754.867 -1755.256 -1755.636 -1756.008 -1756.373 -1756.730 -1757.081 -1757.424 -1757.761 -1758.091 -1758.414 -1758.730 -1759.039 -1759.341 -1759.634 -1759.920 -1760.197 -1760.466 -1760.725 -1760.975 -1761.214 -1761.443 -1761.662 -1761.868 -1762.063 -1762.245 -1762.415 -1762.572 -1762.715 -1762.848 -1763.019 -1763.930 -1774.173 -9999.000 -9999.000
-9999.000 -9999.000 -9999.000 -9999.000 -9999.000 -9999.000 -9999.000 -9999.000 -9999.000 -9999.000 -9999.000 -9999.000 -9999.000 -9999.000 -9999.000 -9999.000 -9999.000 -9999.000 -9999.000 -9999.000 -9999.000 -9999.000 -9999.000 -9999.000 -9999.000 -9999.000 -9999.000 -9999.000 -9999.000 -9999.000 -9999.000 -9999.000 -9999.000 -9999.000 -9999.000 -9999.000 -9999.000 -9999.000 -9999.000 -9999.000 -9999.000 -9999.000 -9999.000 -9999.000 -9999.000 -9999.000 -9999.000 -9999.000 -9999.000 -9999.000 -9999.000 -9999.000 -9999.000 -9999.000 -9999.000 -9999.000 -9999.000 -9999.000 -9999.000 -9999.000 -9999.000 -9999.000 -9999.000 -9999.000 -9999.000 -9999.000 -9999.000 -9999.000 -9999.000 -9999.000 -9999.000 -9999.000 -9999.000 -9999.000 -9999.000 -9999.000 -9999.000 -9999.000 -9999.000 -9999.000 -9999.000 -9999.000 -9999.000 -9999.000 -9999.000 -9999.000 -9999.000 -9999.000 -9999.000 -9999.000 -9999.000 -9999.000 -9999.000 -9999.000 -9999.000 -9999.000 -9999.000 -9999.000 -9999.000 -9999.000 -9999.000 -9999.000 -9999.000 -9999.000
-9999.000 -9999.000 -9999.000 -9999.000 -9999.000 -9999.000 -9999.000 -9999.000 -9999.000 -9999.000 -9999.000 -9999.000 -9999.000 -9999.000 -9999.000 -9999.000 -9999.000 -9999.000 -9999.000 -9999.000 -9999.000 -9999.000 -9999.000 -9999.000 -9999.000 -9999.000 -9999.000 -9999.000 -9999.000 -9999.000 -9999.000 -9999.000 -9999.000 -9999.000 -9999.000 -9999.000 -9999.000 -9999.000 -9999.000 -9999.000 -9999.000 -9999.000 -9999.000 -9999.000 -9999.000 -9999.000 -9999.000 -9999.000 -9999.000 -9999.000 -9999.000 -9999.000 -9999.000 -9999.000 -9999.000 -9999.000 -9999.000 -9999.000 -9999.000 -9999.000 -9999.000 -9999.000 -9999.000 -9999.000 -9999.000 -9999.000 -9999.000 -9999.000 -9999.000 -9999.000 -9999.000 -9999.000 -9999.000 -9999.000 -9999.000 -9999.000 -9999.000 -9999.000 -9999.000 -9999.000 -9999.000 -9999.000 -9999.000 -9999.000 -9999.000 -9999.000 -9999.000 -9999.000 -9999.000 -9999.000 -9999.000 -9999.000 -9999.000 -9999.000 -9999.000 -9999.000 -9999.000 -9999.000 -9999.000 -9999.000 -9999.000 -9999.000 -9999.000 -9999.000