examples/3D/hillslope01/output-maps-METEOIO-ON/psiliqL0064N0001.asc
ncols         104
nrows         10
xllcorner     -2.000000
yllcorner     0.000000
cellsize      1.000000
NODATA_value  -9999.0
-9999.000 -9999.000 -9999.000 -9999.000 -9999.000 -9999.000 -9999.000 -9999.000 -9999.000 -9999.000 -9999.000 -9999.000 -9999.000 -9999.000 -9999.000 -9999.000 -9999.000 -9999.000 -9999.000 -9999.000 -9999.000 -9999.000 -9999.000 -9999.000 -9999.000 -9999.000 -9999.000 -9999.000 -9999.000 -9999.000 -9999.000 -9999.000 -9999.000 -9999.000 -9999.000 -9999.000 -9999.000 -9999.000 -9999.000 -9999.000 -9999.000 -9999.000 -9999.000 -9999.000 -9999.000 -9999.000 -9999.000 -9999.000 -9999.000 -9999.000 -9999.000 -9999.000 -9999.000 -9999.000 -9999.000 -9999.000 -9999.000 -9999.000 -9999.000 -9999.000 -9999.000 -9999.000 -9999.000 -9999.000 -9999.000 -9999.000 -9999.000 -9999.000 -9999.000 -9999.000 -9999.000 -9999.000 -9999.000 -9999.000 -9999.000 -9999.000 -9999.000 -9999.000 -9999.000 -9999.000 -9999.000 -9999.000 -9999.000 -9999.000 -9999.000 -9999.000 -9999.000 -9999.000 -9999.000 -9999.000 -9999.000 -9999.000 -9999.000 -9999.000 -9999.000 -9999.000 -9999.000 -9999.000 -9999.000 -9999.000 -9999.000 -9999.000 -9999.000 -9999.000
-9999.000 -9999.000 -9999.000 -9999.000 -9999.000 -9999.000 -9999.000 -9999.000 -9999.000 -9999.000 -9999.000 -9999.000 -9999.000 -9999.000 -9999.000 -9999.000 -9999.000 -9999.000 -9999.000 -9999.000 -9999.000 -9999.000 -9999.000 -9999.000 -9999.000 -9999.000 -9999.000 -9999.000 -9999.000 -9999.000 -9999.000 -9999.000 -9999.000 -9999.000 -9999.000 -9999.000 -9999.000 -9999.000 -9999.000 -9999.000 -9999.000 -9999.000 -9999.000 -9999.000 -9999.000 -9999.000 -9999.000 -9999.000 -9999.000 -9999.000 -9999.000 -9999.000 -9999.000 -9999.000 -9999.000 -9999.000 -9999.000 -9999.000 -9999.000 -9999.000 -9999.000 -9999.000 -9999.000 -9999.000 -9999.000 -9999.000 -9999.000 -9999.000 -9999.000 -9999.000 -9999.000 -9999.000 -9999.000 -9999.000 -9999.000 -9999.000 -9999.000 -9999.000 -9999.000 -9999.000 -9999.000 -9999.000 -9999.000 -9999.000 -9999.000 -9999.000 -9999.000 -9999.000 -9999.000 -9999.000 -9999.000 -9999.000 -9999.000 -9999.000 -9999.000 -9999.000 -9999.000 -9999.000 -9999.000 -9999.000 -9999.000 -9999.000 -9999.000 -9999.000
-9999.000 -9999.000 4479.850 4381.098 4283.600 4187.364 4092.404 3998.734 3906.375 3815.347 3725.673 3637.374 3550.470 3464.974 3380.894 3298.235 3217.008 3137.221 3058.880 2981.983 2906.528 2832.514 2759.936 2688.782 2619.043 2550.709 2483.759 2418.176 2353.942 2291.021 2229.403 2169.057 2109.943 2052.039 1995.285 1939.684 1885.168 1831.727 1779.292 1727.845 1677.315 1627.684 1578.869 1530.865 1483.557 1436.980 1390.959 1345.624 1300.769 1256.470 1212.574 1169.064 1125.907 1082.920 1040.301 997.715 955.412 913.119 870.846 828.619 786.083 743.720 700.937 658.161 615.002 571.508 527.765 483.302 438.804 393.185 347.710 301.011 254.259 206.220 157.998 108.365 58.546 7.024 -44.173 -96.555 -147.473 -198.291 -246.477 -292.761 -335.733 -375.482 -411.695 -444.229 -473.346 -499.082 -521.758 -541.609 -558.899 -573.899 -586.849 -597.972 -607.473 -615.535 -622.364 -628.413 -635.690 -654.267 -9999.000 -9999.000
-9999.000 -9999.000 4479.850 4381.098 4283.600 4187.364 4092.404 3998.734 3906.375 3815.347 3725.673 3637.374 3550.470 3464.974 3380.894 3298.235 3217.008 3137.221 3058.880 2981.983 2906.528 2832.514 2759.936 2688.782 2619.043 2550.709 2483.759 2418.176 2353.942 2291.021 2229.403 2169.057 2109.943 2052.039 1995.285 1939.684 1885.168 1831.727 1779.292 1727.845 1677.315 1627.684 1578.869 1530.865 1483.557 1436.980 1390.959 1345.624 1300.769 1256.470 1212.574 1169.064 1125.907 1082.920 1040.301 997.715 955.412 913.119 870.846 828.619 786.083 743.720 700.937 658.161 615.002 571.508 527.765 483.302 438.804 393.185 347.710 301.011 254.259 206.220 157.998 108.365 58.546 7.024 -44.173 -96.555 -147.473 -198.291 -246.477 -292.761 -335.733 -375.482 -411.695 -444.229 -473.346 -499.082 -521.758 -541.609 -558.899 -573.899 -586.849 -597.972 -607.473 -615.535 -622.364 -628.413 -635.690 -654.267 -9999.000 -9999.000
-9999.000 -9999.000 4479.850 4381.098 4283.600 4187.364 4092.404 3998.734 3906.375 3815.347 3725.673 3637.374 3550.470 3464.974 3380.894 3298.235 3217.008 3137.221 3058.880 2981.983 2906.528 2832.514 2759.936 2688.782 2619.043 2550.709 2483.759 2418.176 2353.942 2291.021 2229.403 2169.057 2109.943 2052.039 1995.285 1939.684 1885.168 1831.727 1779.292 1727.845 1677.315 1627.684 1578.869 1530.865 1483.557 1436.980 1390.959 1345.624 1300.769 1256.470 1212.574 1169.064 1125.907 1082.920 1040.301 997.715 955.412 913.119 870.846 828.619 786.083 743.720 700.937 658.161 615.002 571.508 527.765 483.302 438.804 393.185 347.710 301.011 254.259 206.220 157.998 108.365 58.546 7.024 -44.173 -96.555 -147.473 -198.291 -246.477 -292.761 -335.733 -375.482 -411.695 -444.229 -473.346 -499.082 -521.758 -541.609 -558.899 -573.899 -586.849 -597.972 -607.473 -615.535 -622.364 -628.413 -635.690 -654.267 -9999.000 -9999.000
-9999.000 -9999.000 4479.850 4381.098 4283.600 4187.364 4092.404 3998.734 3906.375 3815.347 3725.673 3637.374 3550.470 3464.974 3380.894 3298.235 3217.008 3137.221 3058.880 2981.983 2906.528 2832.514 2759.936 2688.782 2619.043 2550.709 2483.759 2418.176 2353.942 2291.021 2229.403 2169.057 2109.943 2052.039 1995.285 1939.684 1885.168 1831.727 1779.292 1727.845 1677.315 1627.684 1578.869 1530.865 1483.557 1436.980 1390.959 1345.624 1300.769 1256.470 1212.574 1169.064 1125.907 1082.920 1040.301 997.715 955.412 913.119 870.846 828.619 786.083 743.720 700.937 658.161 615.002 571.508 527.765 483.302 438.804 393.185 347.710 301.011 254.259 206.220 157.998 108.365 58.546 7.024 -44.173 -96.555 -147.473 -198.291 -246.477 -292.761 -335.733 -375.482 -411.695 -444.229 -473.346 -499.082 -521.758 -541.609 -558.899 -573.899 -586.849 -597.972 -607.473 -615.535 -622.364 -628.413 -635.690 -654.267 -9999.000 -9999.000
-9999.000 -9999.000 4479.850 4381.098 4283.600 4187.364 4092.404 3998.734 3906.375 3815.347 3725.673 3637.374 3550.470 3464.974 3380.894 3298.235 3217.008 3137.221 3058.880 2981.983 2906.528 2832.514 2759.936 2688.782 2619.043 2550.709 2483.759 2418.176 2353.942 2291.021 2229.403 2169.057 2109.943 2052.039 1995.285 1939.684 1885.168 1831.727 1779.292 1727.845 1677.315 1627.684 1578.869 1530.865 1483.557 1436.980 1390.959 1345.624 1300.769 1256.470 1212.574 1169.064 1125.907 1082.920 1040.301 997.715 955.412 913.119 870.846 828.619 786.083 743.720 700.937 658.161 615.002 571.508 527.765 483.302 438.804 393.185 347.710 301.011 254.259 206.220 157.998 108.365 58.546 7.024 -44.173 -96.555 -147.473 -198.291 -246.477 -292.761 -335.733 -375.482 -411.695 -444.229 -473.346 -499.082 -521.758 -541.609 -558.899 -573.899 -586.849 -597.972 -607.473 -615.535 -622.364 -628.413 -635.690 -654.267 -9999.000 -9999.000
-9999.000 -9999.000 4479.850 4381.098 4283.600 4187.364 4092.404 3998.734 3906.375 3815.347 3725.673 3637.374 3550.470 3464.974 3380.894 3298.235 3217.008 3137.221 3058.880 2981.983 2906.528 2832.514 2759.936 2688.782 2619.043 2550.709 2483.759 2418.176 2353.942 2291.021 2229.403 2169.057 2109.943 2052.039 1995.285 1939.684 1885.168 1831.727 1779.292 1727.845 1677.315 1627.684 1578.869 1530.865 1483.557 1436.980 1390.959 1345.624 1300.769 1256.470 1212.574 1169.064 1125.907 1082.920 1040.301 997.715 955.412 913.119 870.846 828.619 786.083 743.720 700.937 658.161 615.002 571.508 527.765 483.302 438.804 393.185 347.710 301.011 254.259 206.220 157.998 108.365 58.546 7.024 -44.173 -96.555 -147.473 -198.291 -246.477 -292.761 -335.733 -375.482 -411.695 -444.229 -473.346 -499.082 -521.758 -541.609 -558.899 -573.899 -586.849 -597.972 -607.473 -615.535 -622.364 -628.413 -635.690 -654.267 -9999.000 -9999.000
-9999.000 -9999.000 -9999.000 -9999.000 -9999.000 -9999.000 -9999.000 -9999.000 -9999.000 -9999.000 -9999.000 -9999.000 -9999.000 -9999.000 -9999.000 -9999.000 -9999.000 -9999.000 -9999.000 -9999.000 -9999.000 -9999.000 -9999.000 -9999.000 -9999.000 -9999.000 -9999.000 -9999.000 -9999.000 -9999.000 -9999.000 -9999.000 -9999.000 -9999.000 -9999.000 -9999.000 -9999.000 -9999.000 -9999.000 -9999.000 -9999.000 -9999.000 -9999.000 -9999.000 -9999.000 -9999.000 -9999.000 -9999.000 -9999.000 -9999.000 -9999.000 -9999.000 -9999.000 -9999.000 -9999.000 -9999.000 -9999.000 -9999.000 -9999.000 -9999.000 -9999.000 -9999.000 -9999.000 -9999.000 -9999.000 -9999.000 -9999.000 -9999.000 -9999.000 -9999.000 -9999.000 -9999.000 -9999.000 -9999.000 -9999.000 -9999.000 -9999.000 -9999.000 -9999.000 -9999.000 -9999.000 -9999.000 -9999.000 -9999.000 -9999.000 -9999.000 -9999.000 -9999.000 -9999.000 -9999.000 -9999.000 -9999.000 -9999.000 -9999.000 -9999.000 -9999.000 -9999.000 -9999.000 -9999.000 -9999.000 -9999.000 -9999.000 -9999.000 -9999.000
-9999.000 -9999.000 -9999.000 -9999.000 -9999.000 -9999.000 -9999.000 -9999.000 -9999.000 -9999.000 -9999.000 -9999.000 -9999.000 -9999.000 -9999.000 -9999.000 -9999.000 -9999.000 -9999.000 -9999.000 -9999.000 -9999.000 -9999.000 -9999.000 -9999.000 -9999.000 -9999.000 -9999.000 -9999.000 -9999.000 -9999.000 -9999.000 -9999.000 -9999.000 -9999.000 -9999.000 -9999.000 -9999.000 -9999.000 -9999.000 -9999.000 -9999.000 -9999.000 -9999.000 -9999.000 -9999.000 -9999.000 -9999.000 -9999.000 -9999.000 -9999.000 -9999.000 -9999.000 -9999.000 -9999.000 -9999.000 -9999.000 -9999.000 -9999.000 -9999.000 -9999.000 -9999.000 -9999.000 -9999.000 -9999.000 -9999.000 -9999.000 -9999.000 -9999.000 -9999.000 -9999.000 -9999.000 -9999.000 -9999.000 -9999.000 -9999.000 -9999.000 -9999.000 -9999.000 -9999.000 -9999.000 -9999.000 -9999.000 -9999.000 -9999.000 -9999.000 -9999.000 -9999.000 -9999.000 -9999.000 -9999.000 -9999.000 -9999.000 -9999.000 -9999.000 -9999.000 -9999.000 -9999.000 -9999.000 -9999.000 -9999.000 -9999.000 -9999.000 -9999.000