examples/3D/hillslope01/output-maps-METEOIO-ON/psiliqL0089N0003.asc
ncols         104
nrows         10
xllcorner     -2.000000
yllcorner     0.000000
cellsize      1.000000
NODATA_value  -9999.0
-9999.000 -9999.000 -9999.000 -9999.000 -9999.000 -9999.000 -9999.000 -9999.000 -9999.000 -9999.000 -9999.000 -9999.000 -9999.000 -9999.000 -9999.000 -9999.000 -9999.000 -9999.000 -9999.000 -9999.000 -9999.000 -9999.000 -9999.000 -9999.000 -9999.000 -9999.000 -9999.000 -9999.000 -9999.000 -9999.000 -9999.000 -9999.000 -9999.000 -9999.000 -9999.000 -9999.000 -9999.000 -9999.000 -9999.000 -9999.000 -9999.000 -9999.000 -9999.000 -9999.000 -9999.000 -9999.000 -9999.000 -9999.000 -9999.000 -9999.000 -9999.000 -9999.000 -9999.000 -9999.000 -9999.000 -9999.000 -9999.000 -9999.000 -9999.000 -9999.000 -9999.000 -9999.000 -9999.000 -9999.000 -9999.000 -9999.000 -9999.000 -9999.000 -9999.000 -9999.000 -9999.000 -9999.000 -9999.000 -9999.000 -9999.000 -9999.000 -9999.000 -9999.000 -9999.000 -9999.000 -9999.000 -9999.000 -9999.000 -9999.000 -9999.000 -9999.000 -9999.000 -9999.000 -9999.000 -9999.000 -9999.000 -9999.000 -9999.000 -9999.000 -9999.000 -9999.000 -9999.000 -9999.000 -9999.000 -9999.000 -9999.000 -9999.000 -9999.000 -9999.000
-9999.000 -9999.000 -9999.000 -9999.000 -9999.000 -9999.000 -9999.000 -9999.000 -9999.000 -9999.000 -9999.000 -9999.000 -9999.000 -9999.000 -9999.000 -9999.000 -9999.000 -9999.000 -9999.000 -9999.000 -9999.000 -9999.000 -9999.000 -9999.000 -9999.000 -9999.000 -9999.000 -9999.000 -9999.000 -9999.000 -9999.000 -9999.000 -9999.000 -9999.000 -9999.000 -9999.000 -9999.000 -9999.000 -9999.000 -9999.000 -9999.000 -9999.000 -9999.000 -9999.000 -9999.000 -9999.000 -9999.000 -9999.000 -9999.000 -9999.000 -9999.000 -9999.000 -9999.000 -9999.000 -9999.000 -9999.000 -9999.000 -9999.000 -9999.000 -9999.000 -9999.000 -9999.000 -9999.000 -9999.000 -9999.000 -9999.000 -9999.000 -9999.000 -9999.000 -9999.000 -9999.000 -9999.000 -9999.000 -9999.000 -9999.000 -9999.000 -9999.000 -9999.000 -9999.000 -9999.000 -9999.000 -9999.000 -9999.000 -9999.000 -9999.000 -9999.000 -9999.000 -9999.000 -9999.000 -9999.000 -9999.000 -9999.000 -9999.000 -9999.000 -9999.000 -9999.000 -9999.000 -9999.000 -9999.000 -9999.000 -9999.000 -9999.000 -9999.000 -9999.000
-9999.000 -9999.000 8211.827 8112.036 8012.454 7913.085 7813.936 7715.010 7616.316 7517.859 7419.646 7321.683 7223.976 7126.530 7029.350 6932.440 6835.806 6739.451 6643.378 6547.593 6452.099 6356.900 6262.001 6167.404 6073.115 5979.136 5885.472 5792.126 5699.100 5606.397 5514.019 5421.967 5330.243 5238.847 5147.781 5057.046 4966.644 4876.576 4786.843 4697.447 4608.387 4519.662 4431.270 4343.210 4255.480 4168.081 4081.011 3994.270 3907.854 3821.760 3735.982 3650.515 3565.355 3480.502 3395.951 3311.697 3227.731 3144.042 3060.624 2977.472 2894.584 2811.952 2729.563 2647.402 2565.455 2483.721 2402.196 2320.868 2239.712 2158.706 2077.838 1997.117 1916.531 1836.050 1755.637 1675.268 1594.952 1514.688 1434.437 1354.147 1273.773 1193.316 1112.803 1032.182 951.379 870.322 788.956 707.375 625.518 543.281 460.560 377.256 293.267 208.715 123.472 37.353 -49.616 -136.808 -223.026 -306.500 -385.436 -460.539 -9999.000 -9999.000
-9999.000 -9999.000 8211.827 8112.036 8012.454 7913.085 7813.936 7715.010 7616.316 7517.859 7419.646 7321.683 7223.976 7126.530 7029.350 6932.440 6835.806 6739.451 6643.378 6547.593 6452.099 6356.900 6262.001 6167.404 6073.115 5979.136 5885.472 5792.126 5699.100 5606.397 5514.019 5421.967 5330.243 5238.847 5147.781 5057.046 4966.644 4876.576 4786.843 4697.447 4608.387 4519.662 4431.270 4343.210 4255.480 4168.081 4081.011 3994.270 3907.854 3821.760 3735.982 3650.515 3565.355 3480.502 3395.951 3311.697 3227.731 3144.042 3060.624 2977.472 2894.584 2811.952 2729.563 2647.402 2565.455 2483.721 2402.196 2320.868 2239.712 2158.706 2077.838 1997.117 1916.531 1836.050 1755.637 1675.268 1594.952 1514.688 1434.437 1354.147 1273.773 1193.316 1112.803 1032.182 951.379 870.322 788.956 707.375 625.518 543.281 460.560 377.256 293.267 208.715 123.472 37.353 -49.616 -136.808 -223.026 -306.500 -385.436 -460.539 -9999.000 -9999.000
-9999.000 -9999.000 8211.827 8112.036 8012.454 7913.085 7813.936 7715.010 7616.316 7517.859 7419.646 7321.683 7223.976 7126.530 7029.350 6932.440 6835.806 6739.451 6643.378 6547.593 6452.099 6356.900 6262.001 6167.404 6073.115 5979.136 5885.472 5792.126 5699.100 5606.397 5514.019 5421.967 5330.243 5238.847 5147.781 5057.046 4966.644 4876.576 4786.843 4697.447 4608.387 4519.662 4431.270 4343.210 4255.480 4168.081 4081.011 3994.270 3907.854 3821.760 3735.982 3650.515 3565.355 3480.502 3395.951 3311.697 3227.731 3144.042 3060.624 2977.472 2894.584 2811.952 2729.563 2647.402 2565.455 2483.721 2402.196 2320.868 2239.712 2158.706 2077.838 1997.117 1916.531 1836.050 1755.637 1675.268 1594.952 1514.688 1434.437 1354.147 1273.773 1193.316 1112.803 1032.182 951.379 870.322 788.956 707.375 625.518 543.281 460.560 377.256 293.267 208.715 123.472 37.353 -49.616 -136.808 -223.026 -306.500 -385.436 -460.539 -9999.000 -9999.000
-9999.000 -9999.000 8211.827 8112.036 8012.454 7913.085 7813.936 7715.010 7616.316 7517.859 7419.646 7321.683 7223.976 7126.530 7029.350 6932.440 6835.806 6739.451 6643.378 6547.593 6452.099 6356.900 6262.001 6167.404 6073.115 5979.136 5885.472 5792.126 5699.100 5606.397 5514.019 5421.967 5330.243 5238.847 5147.781 5057.046 4966.644 4876.576 4786.843 4697.447 4608.387 4519.662 4431.270 4343.210 4255.480 4168.081 4081.011 3994.270 3907.854 3821.760 3735.982 3650.515 3565.355 3480.502 3395.951 3311.697 3227.731 3144.042 3060.624 2977.472 2894.584 2811.952 2729.563 2647.402 2565.455 2483.721 2402.196 2320.868 2239.712 2158.706 2077.838 1997.117 1916.531 1836.050 1755.637 1675.268 1594.952 1514.688 1434.437 1354.147 1273.773 1193.316 1112.803 1032.182 951.379 870.322 788.956 707.375 625.518 543.281 460.560 377.256 293.267 208.715 123.472 37.353 -49.616 -136.808 -223.026 -306.500 -385.436 -460.539 -9999.000 -9999.000
-9999.000 -9999.000 8211.827 8112.036 8012.454 7913.085 7813.936 7715.010 7616.316 7517.859 7419.646 7321.683 7223.976 7126.530 7029.350 6932.440 6835.806 6739.451 6643.378 6547.593 6452.099 6356.900 6262.001 6167.404 6073.115 5979.136 5885.472 5792.126 5699.100 5606.397 5514.019 5421.967 5330.243 5238.847 5147.781 5057.046 4966.644 4876.576 4786.843 4697.447 4608.387 4519.662 4431.270 4343.210 4255.480 4168.081 4081.011 3994.270 3907.854 3821.760 3735.982 3650.515 3565.355 3480.502 3395.951 3311.697 3227.731 3144.042 3060.624 2977.472 2894.584 2811.952 2729.563 2647.402 2565.455 2483.721 2402.196 2320.868 2239.712 2158.706 2077.838 1997.117 1916.531 1836.050 1755.637 1675.268 1594.952 1514.688 1434.437 1354.147 1273.773 1193.316 1112.803 1032.182 951.379 870.322 788.956 707.375 625.518 543.281 460.560 377.256 293.267 208.715 123.472 37.353 -49.616 -136.808 -223.026 -306.500 -385.436 -460.539 -9999.000 -9999.000
-9999.000 -9999.000 8211.827 8112.036 8012.454 7913.085 7813.936 7715.010 7616.316 7517.859 7419.646 7321.683 7223.976 7126.530 7029.350 6932.440 6835.806 6739.451 6643.378 6547.593 6452.099 6356.900 6262.001 6167.404 6073.115 5979.136 5885.472 5792.126 5699.100 5606.397 5514.019 5421.967 5330.243 5238.847 5147.781 5057.046 4966.644 4876.576 4786.843 4697.447 4608.387 4519.662 4431.270 4343.210 4255.480 4168.081 4081.011 3994.270 3907.854 3821.760 3735.982 3650.515 3565.355 3480.502 3395.951 3311.697 3227.731 3144.042 3060.624 2977.472 2894.584 2811.952 2729.563 2647.402 2565.455 2483.721 2402.196 2320.868 2239.712 2158.706 2077.838 1997.117 1916.531 1836.050 1755.637 1675.268 1594.952 1514.688 1434.437 1354.147 1273.773 1193.316 1112.803 1032.182 951.379 870.322 788.956 707.375 625.518 543.281 460.560 377.256 293.267 208.715 123.472 37.353 -49.616 -136.808 -223.026 -306.500 -385.436 -460.539 -9999.000 -9999.000
-9999.000 -9999.000 -9999.000 -9999.000 -9999.000 -9999.000 -9999.000 -9999.000 -9999.000 -9999.000 -9999.000 -9999.000 -9999.000 -9999.000 -9999.000 -9999.000 -9999.000 -9999.000 -9999.000 -9999.000 -9999.000 -9999.000 -9999.000 -9999.000 -9999.000 -9999.000 -9999.000 -9999.000 -9999.000 -9999.000 -9999.000 -9999.000 -9999.000 -9999.000 -9999.000 -9999.000 -9999.000 -9999.000 -9999.000 -9999.000 -9999.000 -9999.000 -9999.000 -9999.000 -9999.000 -9999.000 -9999.000 -9999.000 -9999.000 -9999.000 -9999.000 -9999.000 -9999.000 -9999.000 -9999.000 -9999.000 -9999.000 -9999.000 -9999.000 -9999.000 -9999.000 -9999.000 -9999.000 -9999.000 -9999.000 -9999.000 -9999.000 -9999.000 -9999.000 -9999.000 -9999.000 -9999.000 -9999.000 -9999.000 -9999.000 -9999.000 -9999.000 -9999.000 -9999.000 -9999.000 -9999.000 -9999.000 -9999.000 -9999.000 -9999.000 -9999.000 -9999.000 -9999.000 -9999.000 -9999.000 -9999.000 -9999.000 -9999.000 -9999.000 -9999.000 -9999.000 -9999.000 -9999.000 -9999.000 -9999.000 -9999.000 -9999.000 -9999.000 -9999.000
-9999.000 -9999.000 -9999.000 -9999.000 -9999.000 -9999.000 -9999.000 -9999.000 -9999.000 -9999.000 -9999.000 -9999.000 -9999.000 -9999.000 -9999.000 -9999.000 -9999.000 -9999.000 -9999.000 -9999.000 -9999.000 -9999.000 -9999.000 -9999.000 -9999.000 -9999.000 -9999.000 -9999.000 -9999.000 -9999.000 -9999.000 -9999.000 -9999.000 -9999.000 -9999.000 -9999.000 -9999.000 -9999.000 -9999.000 -9999.000 -9999.000 -9999.000 -9999.000 -9999.000 -9999.000 -9999.000 -9999.000 -9999.000 -9999.000 -9999.000 -9999.000 -9999.000 -9999.000 -9999.000 -9999.000 -9999.000 -9999.000 -9999.000 -9999.000 -9999.000 -9999.000 -9999.000 -9999.000 -9999.000 -9999.000 -9999.000 -9999.000 -9999.000 -9999.000 -9999.000 -9999.000 -9999.000 -9999.000 -9999.000 -9999.000 -9999.000 -9999.000 -9999.000 -9999.000 -9999.000 -9999.000 -9999.000 -9999.000 -9999.000 -9999.000 -9999.000 -9999.000 -9999.000 -9999.000 -9999.000 -9999.000 -9999.000 -9999.000 -9999.000 -9999.000 -9999.000 -9999.000 -9999.000 -9999.000 -9999.000 -9999.000 -9999.000 -9999.000 -9999.000