examples/3D/hillslope01/output-maps-METEOIO-ON/psiliqL0080N0003.asc
ncols         104
nrows         10
xllcorner     -2.000000
yllcorner     0.000000
cellsize      1.000000
NODATA_value  -9999.0
-9999.000 -9999.000 -9999.000 -9999.000 -9999.000 -9999.000 -9999.000 -9999.000 -9999.000 -9999.000 -9999.000 -9999.000 -9999.000 -9999.000 -9999.000 -9999.000 -9999.000 -9999.000 -9999.000 -9999.000 -9999.000 -9999.000 -9999.000 -9999.000 -9999.000 -9999.000 -9999.000 -9999.000 -9999.000 -9999.000 -9999.000 -9999.000 -9999.000 -9999.000 -9999.000 -9999.000 -9999.000 -9999.000 -9999.000 -9999.000 -9999.000 -9999.000 -9999.000 -9999.000 -9999.000 -9999.000 -9999.000 -9999.000 -9999.000 -9999.000 -9999.000 -9999.000 -9999.000 -9999.000 -9999.000 -9999.000 -9999.000 -9999.000 -9999.000 -9999.000 -9999.000 -9999.000 -9999.000 -9999.000 -9999.000 -9999.000 -9999.000 -9999.000 -9999.000 -9999.000 -9999.000 -9999.000 -9999.000 -9999.000 -9999.000 -9999.000 -9999.000 -9999.000 -9999.000 -9999.000 -9999.000 -9999.000 -9999.000 -9999.000 -9999.000 -9999.000 -9999.000 -9999.000 -9999.000 -9999.000 -9999.000 -9999.000 -9999.000 -9999.000 -9999.000 -9999.000 -9999.000 -9999.000 -9999.000 -9999.000 -9999.000 -9999.000 -9999.000 -9999.000
-9999.000 -9999.000 -9999.000 -9999.000 -9999.000 -9999.000 -9999.000 -9999.000 -9999.000 -9999.000 -9999.000 -9999.000 -9999.000 -9999.000 -9999.000 -9999.000 -9999.000 -9999.000 -9999.000 -9999.000 -9999.000 -9999.000 -9999.000 -9999.000 -9999.000 -9999.000 -9999.000 -9999.000 -9999.000 -9999.000 -9999.000 -9999.000 -9999.000 -9999.000 -9999.000 -9999.000 -9999.000 -9999.000 -9999.000 -9999.000 -9999.000 -9999.000 -9999.000 -9999.000 -9999.000 -9999.000 -9999.000 -9999.000 -9999.000 -9999.000 -9999.000 -9999.000 -9999.000 -9999.000 -9999.000 -9999.000 -9999.000 -9999.000 -9999.000 -9999.000 -9999.000 -9999.000 -9999.000 -9999.000 -9999.000 -9999.000 -9999.000 -9999.000 -9999.000 -9999.000 -9999.000 -9999.000 -9999.000 -9999.000 -9999.000 -9999.000 -9999.000 -9999.000 -9999.000 -9999.000 -9999.000 -9999.000 -9999.000 -9999.000 -9999.000 -9999.000 -9999.000 -9999.000 -9999.000 -9999.000 -9999.000 -9999.000 -9999.000 -9999.000 -9999.000 -9999.000 -9999.000 -9999.000 -9999.000 -9999.000 -9999.000 -9999.000 -9999.000 -9999.000
-9999.000 -9999.000 7320.443 7220.648 7121.061 7021.686 6922.528 6823.594 6724.891 6626.425 6528.203 6430.232 6332.517 6235.064 6137.877 6040.961 5944.321 5847.960 5751.882 5656.092 5560.592 5465.387 5370.482 5275.880 5181.585 5087.601 4993.933 4900.582 4807.553 4714.847 4622.467 4530.413 4438.687 4347.290 4256.222 4165.485 4075.081 3985.011 3895.278 3805.882 3716.823 3628.100 3539.710 3451.652 3363.923 3276.524 3189.456 3102.719 3016.309 2930.223 2844.452 2758.989 2673.833 2588.984 2504.441 2420.199 2336.247 2252.569 2169.157 2086.009 2003.132 1920.519 1838.151 1756.006 1674.066 1592.336 1510.831 1429.533 1348.408 1267.419 1186.543 1105.840 1025.295 944.861 864.482 784.106 703.795 623.583 543.400 463.169 382.802 302.315 221.872 141.349 60.643 -20.319 -101.174 -180.737 -258.062 -331.858 -400.727 -463.403 -518.932 -567.026 -607.895 -642.008 -670.044 -692.823 -711.334 -727.150 -744.093 -774.130 -9999.000 -9999.000
-9999.000 -9999.000 7320.443 7220.648 7121.061 7021.686 6922.528 6823.594 6724.891 6626.425 6528.203 6430.232 6332.517 6235.064 6137.877 6040.961 5944.321 5847.960 5751.882 5656.092 5560.592 5465.387 5370.482 5275.880 5181.585 5087.601 4993.933 4900.582 4807.553 4714.847 4622.467 4530.413 4438.687 4347.290 4256.222 4165.485 4075.081 3985.011 3895.278 3805.882 3716.823 3628.100 3539.710 3451.652 3363.923 3276.524 3189.456 3102.719 3016.309 2930.223 2844.452 2758.989 2673.833 2588.984 2504.441 2420.199 2336.247 2252.569 2169.157 2086.009 2003.132 1920.519 1838.151 1756.006 1674.066 1592.336 1510.831 1429.533 1348.408 1267.419 1186.543 1105.840 1025.295 944.861 864.482 784.106 703.795 623.583 543.400 463.169 382.802 302.315 221.872 141.349 60.643 -20.319 -101.174 -180.737 -258.062 -331.858 -400.727 -463.403 -518.932 -567.026 -607.895 -642.008 -670.044 -692.823 -711.334 -727.150 -744.093 -774.130 -9999.000 -9999.000
-9999.000 -9999.000 7320.443 7220.648 7121.061 7021.686 6922.528 6823.594 6724.891 6626.425 6528.203 6430.232 6332.517 6235.064 6137.877 6040.961 5944.321 5847.960 5751.882 5656.092 5560.592 5465.387 5370.482 5275.880 5181.585 5087.601 4993.933 4900.582 4807.553 4714.847 4622.467 4530.413 4438.687 4347.290 4256.222 4165.485 4075.081 3985.011 3895.278 3805.882 3716.823 3628.100 3539.710 3451.652 3363.923 3276.524 3189.456 3102.719 3016.309 2930.223 2844.452 2758.989 2673.833 2588.984 2504.441 2420.199 2336.247 2252.569 2169.157 2086.009 2003.132 1920.519 1838.151 1756.006 1674.066 1592.336 1510.831 1429.533 1348.408 1267.419 1186.543 1105.840 1025.295 944.861 864.482 784.106 703.795 623.583 543.400 463.169 382.802 302.315 221.872 141.349 60.643 -20.319 -101.174 -180.737 -258.062 -331.858 -400.727 -463.403 -518.932 -567.026 -607.895 -642.008 -670.044 -692.823 -711.334 -727.150 -744.093 -774.130 -9999.000 -9999.000
-9999.000 -9999.000 7320.443 7220.648 7121.061 7021.686 6922.528 6823.594 6724.891 6626.425 6528.203 6430.232 6332.517 6235.064 6137.877 6040.961 5944.321 5847.960 5751.882 5656.092 5560.592 5465.387 5370.482 5275.880 5181.585 5087.601 4993.933 4900.582 4807.553 4714.847 4622.467 4530.413 4438.687 4347.290 4256.222 4165.485 4075.081 3985.011 3895.278 3805.882 3716.823 3628.100 3539.710 3451.652 3363.923 3276.524 3189.456 3102.719 3016.309 2930.223 2844.452 2758.989 2673.833 2588.984 2504.441 2420.199 2336.247 2252.569 2169.157 2086.009 2003.132 1920.519 1838.151 1756.006 1674.066 1592.336 1510.831 1429.533 1348.408 1267.419 1186.543 1105.840 1025.295 944.861 864.482 784.106 703.795 623.583 543.400 463.169 382.802 302.315 221.872 141.349 60.643 -20.319 -101.174 -180.737 -258.062 -331.858 -400.727 -463.403 -518.932 -567.026 -607.895 -642.008 -670.044 -692.823 -711.334 -727.150 -744.093 -774.130 -9999.000 -9999.000
-9999.000 -9999.000 7320.443 7220.648 7121.061 7021.686 6922.528 6823.594 6724.891 6626.425 6528.203 6430.232 6332.517 6235.064 6137.877 6040.961 5944.321 5847.960 5751.882 5656.092 5560.592 5465.387 5370.482 5275.880 5181.585 5087.601 4993.933 4900.582 4807.553 4714.847 4622.467 4530.413 4438.687 4347.290 4256.222 4165.485 4075.081 3985.011 3895.278 3805.882 3716.823 3628.100 3539.710 3451.652 3363.923 3276.524 3189.456 3102.719 3016.309 2930.223 2844.452 2758.989 2673.833 2588.984 2504.441 2420.199 2336.247 2252.569 2169.157 2086.009 2003.132 1920.519 1838.151 1756.006 1674.066 1592.336 1510.831 1429.533 1348.408 1267.419 1186.543 1105.840 1025.295 944.861 864.482 784.106 703.795 623.583 543.400 463.169 382.802 302.315 221.872 141.349 60.643 -20.319 -101.174 -180.737 -258.062 -331.858 -400.727 -463.403 -518.932 -567.026 -607.895 -642.008 -670.044 -692.823 -711.334 -727.150 -744.093 -774.130 -9999.000 -9999.000
-9999.000 -9999.000 7320.443 7220.648 7121.061 7021.686 6922.528 6823.594 6724.891 6626.425 6528.203 6430.232 6332.517 6235.064 6137.877 6040.961 5944.321 5847.960 5751.882 5656.092 5560.592 5465.387 5370.482 5275.880 5181.585 5087.601 4993.933 4900.582 4807.553 4714.847 4622.467 4530.413 4438.687 4347.290 4256.222 4165.485 4075.081 3985.011 3895.278 3805.882 3716.823 3628.100 3539.710 3451.652 3363.923 3276.524 3189.456 3102.719 3016.309 2930.223 2844.452 2758.989 2673.833 2588.984 2504.441 2420.199 2336.247 2252.569 2169.157 2086.009 2003.132 1920.519 1838.151 1756.006 1674.066 1592.336 1510.831 1429.533 1348.408 1267.419 1186.543 1105.840 1025.295 944.861 864.482 784.106 703.795 623.583 543.400 463.169 382.802 302.315 221.872 141.349 60.643 -20.319 -101.174 -180.737 -258.062 -331.858 -400.727 -463.403 -518.932 -567.026 -607.895 -642.008 -670.044 -692.823 -711.334 -727.150 -744.093 -774.130 -9999.000 -9999.000
-9999.000 -9999.000 -9999.000 -9999.000 -9999.000 -9999.000 -9999.000 -9999.000 -9999.000 -9999.000 -9999.000 -9999.000 -9999.000 -9999.000 -9999.000 -9999.000 -9999.000 -9999.000 -9999.000 -9999.000 -9999.000 -9999.000 -9999.000 -9999.000 -9999.000 -9999.000 -9999.000 -9999.000 -9999.000 -9999.000 -9999.000 -9999.000 -9999.000 -9999.000 -9999.000 -9999.000 -9999.000 -9999.000 -9999.000 -9999.000 -9999.000 -9999.000 -9999.000 -9999.000 -9999.000 -9999.000 -9999.000 -9999.000 -9999.000 -9999.000 -9999.000 -9999.000 -9999.000 -9999.000 -9999.000 -9999.000 -9999.000 -9999.000 -9999.000 -9999.000 -9999.000 -9999.000 -9999.000 -9999.000 -9999.000 -9999.000 -9999.000 -9999.000 -9999.000 -9999.000 -9999.000 -9999.000 -9999.000 -9999.000 -9999.000 -9999.000 -9999.000 -9999.000 -9999.000 -9999.000 -9999.000 -9999.000 -9999.000 -9999.000 -9999.000 -9999.000 -9999.000 -9999.000 -9999.000 -9999.000 -9999.000 -9999.000 -9999.000 -9999.000 -9999.000 -9999.000 -9999.000 -9999.000 -9999.000 -9999.000 -9999.000 -9999.000 -9999.000 -9999.000
-9999.000 -9999.000 -9999.000 -9999.000 -9999.000 -9999.000 -9999.000 -9999.000 -9999.000 -9999.000 -9999.000 -9999.000 -9999.000 -9999.000 -9999.000 -9999.000 -9999.000 -9999.000 -9999.000 -9999.000 -9999.000 -9999.000 -9999.000 -9999.000 -9999.000 -9999.000 -9999.000 -9999.000 -9999.000 -9999.000 -9999.000 -9999.000 -9999.000 -9999.000 -9999.000 -9999.000 -9999.000 -9999.000 -9999.000 -9999.000 -9999.000 -9999.000 -9999.000 -9999.000 -9999.000 -9999.000 -9999.000 -9999.000 -9999.000 -9999.000 -9999.000 -9999.000 -9999.000 -9999.000 -9999.000 -9999.000 -9999.000 -9999.000 -9999.000 -9999.000 -9999.000 -9999.000 -9999.000 -9999.000 -9999.000 -9999.000 -9999.000 -9999.000 -9999.000 -9999.000 -9999.000 -9999.000 -9999.000 -9999.000 -9999.000 -9999.000 -9999.000 -9999.000 -9999.000 -9999.000 -9999.000 -9999.000 -9999.000 -9999.000 -9999.000 -9999.000 -9999.000 -9999.000 -9999.000 -9999.000 -9999.000 -9999.000 -9999.000 -9999.000 -9999.000 -9999.000 -9999.000 -9999.000 -9999.000 -9999.000 -9999.000 -9999.000 -9999.000 -9999.000