examples/3D/hillslope01/output-maps-METEOIO-ON/psiliqL0093N0002.asc
ncols         104
nrows         10
xllcorner     -2.000000
yllcorner     0.000000
cellsize      1.000000
NODATA_value  -9999.0
-9999.000 -9999.000 -9999.000 -9999.000 -9999.000 -9999.000 -9999.000 -9999.000 -9999.000 -9999.000 -9999.000 -9999.000 -9999.000 -9999.000 -9999.000 -9999.000 -9999.000 -9999.000 -9999.000 -9999.000 -9999.000 -9999.000 -9999.000 -9999.000 -9999.000 -9999.000 -9999.000 -9999.000 -9999.000 -9999.000 -9999.000 -9999.000 -9999.000 -9999.000 -9999.000 -9999.000 -9999.000 -9999.000 -9999.000 -9999.000 -9999.000 -9999.000 -9999.000 -9999.000 -9999.000 -9999.000 -9999.000 -9999.000 -9999.000 -9999.000 -9999.000 -9999.000 -9999.000 -9999.000 -9999.000 -9999.000 -9999.000 -9999.000 -9999.000 -9999.000 -9999.000 -9999.000 -9999.000 -9999.000 -9999.000 -9999.000 -9999.000 -9999.000 -9999.000 -9999.000 -9999.000 -9999.000 -9999.000 -9999.000 -9999.000 -9999.000 -9999.000 -9999.000 -9999.000 -9999.000 -9999.000 -9999.000 -9999.000 -9999.000 -9999.000 -9999.000 -9999.000 -9999.000 -9999.000 -9999.000 -9999.000 -9999.000 -9999.000 -9999.000 -9999.000 -9999.000 -9999.000 -9999.000 -9999.000 -9999.000 -9999.000 -9999.000 -9999.000 -9999.000
-9999.000 -9999.000 -9999.000 -9999.000 -9999.000 -9999.000 -9999.000 -9999.000 -9999.000 -9999.000 -9999.000 -9999.000 -9999.000 -9999.000 -9999.000 -9999.000 -9999.000 -9999.000 -9999.000 -9999.000 -9999.000 -9999.000 -9999.000 -9999.000 -9999.000 -9999.000 -9999.000 -9999.000 -9999.000 -9999.000 -9999.000 -9999.000 -9999.000 -9999.000 -9999.000 -9999.000 -9999.000 -9999.000 -9999.000 -9999.000 -9999.000 -9999.000 -9999.000 -9999.000 -9999.000 -9999.000 -9999.000 -9999.000 -9999.000 -9999.000 -9999.000 -9999.000 -9999.000 -9999.000 -9999.000 -9999.000 -9999.000 -9999.000 -9999.000 -9999.000 -9999.000 -9999.000 -9999.000 -9999.000 -9999.000 -9999.000 -9999.000 -9999.000 -9999.000 -9999.000 -9999.000 -9999.000 -9999.000 -9999.000 -9999.000 -9999.000 -9999.000 -9999.000 -9999.000 -9999.000 -9999.000 -9999.000 -9999.000 -9999.000 -9999.000 -9999.000 -9999.000 -9999.000 -9999.000 -9999.000 -9999.000 -9999.000 -9999.000 -9999.000 -9999.000 -9999.000 -9999.000 -9999.000 -9999.000 -9999.000 -9999.000 -9999.000 -9999.000 -9999.000
-9999.000 -9999.000 8219.636 8120.130 8021.119 7922.606 7824.597 7727.097 7630.112 7533.649 7437.715 7342.316 7247.461 7153.156 7059.409 6966.228 6873.620 6781.593 6690.154 6599.309 6509.063 6419.421 6330.388 6241.966 6154.160 6066.971 5980.403 5894.457 5809.136 5724.438 5640.365 5556.914 5474.085 5391.876 5310.285 5229.306 5148.937 5069.171 4990.003 4911.427 4833.435 4756.018 4679.168 4602.877 4527.131 4451.921 4377.234 4303.057 4229.376 4156.175 4083.440 4011.154 3939.297 3867.853 3796.804 3726.131 3655.812 3585.827 3516.155 3446.770 3377.651 3308.774 3240.113 3171.641 3103.337 3035.173 2967.116 2899.147 2831.234 2763.341 2695.445 2627.513 2559.503 2491.389 2423.140 2354.707 2286.056 2217.163 2147.969 2078.427 2008.532 1938.222 1867.422 1796.117 1724.264 1651.767 1578.555 1504.647 1429.955 1354.352 1277.743 1200.133 1121.438 1041.492 960.133 877.223 792.674 706.383 618.077 527.439 434.107 337.655 -9999.000 -9999.000
-9999.000 -9999.000 8219.636 8120.130 8021.119 7922.606 7824.597 7727.097 7630.112 7533.649 7437.715 7342.316 7247.461 7153.156 7059.409 6966.228 6873.620 6781.593 6690.154 6599.309 6509.063 6419.421 6330.388 6241.966 6154.160 6066.971 5980.403 5894.457 5809.136 5724.438 5640.365 5556.914 5474.085 5391.876 5310.285 5229.306 5148.937 5069.171 4990.003 4911.427 4833.435 4756.018 4679.168 4602.877 4527.131 4451.921 4377.234 4303.057 4229.376 4156.175 4083.440 4011.154 3939.297 3867.853 3796.804 3726.131 3655.812 3585.827 3516.155 3446.770 3377.651 3308.774 3240.113 3171.641 3103.337 3035.173 2967.116 2899.147 2831.234 2763.341 2695.445 2627.513 2559.503 2491.389 2423.140 2354.707 2286.056 2217.163 2147.969 2078.427 2008.532 1938.222 1867.422 1796.117 1724.264 1651.767 1578.555 1504.647 1429.955 1354.352 1277.743 1200.133 1121.438 1041.492 960.133 877.223 792.674 706.383 618.077 527.439 434.107 337.655 -9999.000 -9999.000
-9999.000 -9999.000 8219.636 8120.130 8021.119 7922.606 7824.597 7727.097 7630.112 7533.649 7437.715 7342.316 7247.461 7153.156 7059.409 6966.228 6873.620 6781.593 6690.154 6599.309 6509.063 6419.421 6330.388 6241.966 6154.160 6066.971 5980.403 5894.457 5809.136 5724.438 5640.365 5556.914 5474.085 5391.876 5310.285 5229.306 5148.937 5069.171 4990.003 4911.427 4833.435 4756.018 4679.168 4602.877 4527.131 4451.921 4377.234 4303.057 4229.376 4156.175 4083.440 4011.154 3939.297 3867.853 3796.804 3726.131 3655.812 3585.827 3516.155 3446.770 3377.651 3308.774 3240.113 3171.641 3103.337 3035.173 2967.116 2899.147 2831.234 2763.341 2695.445 2627.513 2559.503 2491.389 2423.140 2354.707 2286.056 2217.163 2147.969 2078.427 2008.532 1938.222 1867.422 1796.117 1724.264 1651.767 1578.555 1504.647 1429.955 1354.352 1277.743 1200.133 1121.438 1041.492 960.133 877.223 792.674 706.383 618.077 527.439 434.107 337.655 -9999.000 -9999.000
-9999.000 -9999.000 8219.636 8120.130 8021.119 7922.606 7824.597 7727.097 7630.112 7533.649 7437.715 7342.316 7247.461 7153.156 7059.409 6966.228 6873.620 6781.593 6690.154 6599.309 6509.063 6419.421 6330.388 6241.966 6154.160 6066.971 5980.403 5894.457 5809.136 5724.438 5640.365 5556.914 5474.085 5391.876 5310.285 5229.306 5148.937 5069.171 4990.003 4911.427 4833.435 4756.018 4679.168 4602.877 4527.131 4451.921 4377.234 4303.057 4229.376 4156.175 4083.440 4011.154 3939.297 3867.853 3796.804 3726.131 3655.812 3585.827 3516.155 3446.770 3377.651 3308.774 3240.113 3171.641 3103.337 3035.173 2967.116 2899.147 2831.234 2763.341 2695.445 2627.513 2559.503 2491.389 2423.140 2354.707 2286.056 2217.163 2147.969 2078.427 2008.532 1938.222 1867.422 1796.117 1724.264 1651.767 1578.555 1504.647 1429.955 1354.352 1277.743 1200.133 1121.438 1041.492 960.133 877.223 792.674 706.383 618.077 527.439 434.107 337.655 -9999.000 -9999.000
-9999.000 -9999.000 8219.636 8120.130 8021.119 7922.606 7824.597 7727.097 7630.112 7533.649 7437.715 7342.316 7247.461 7153.156 7059.409 6966.228 6873.620 6781.593 6690.154 6599.309 6509.063 6419.421 6330.388 6241.966 6154.160 6066.971 5980.403 5894.457 5809.136 5724.438 5640.365 5556.914 5474.085 5391.876 5310.285 5229.306 5148.937 5069.171 4990.003 4911.427 4833.435 4756.018 4679.168 4602.877 4527.131 4451.921 4377.234 4303.057 4229.376 4156.175 4083.440 4011.154 3939.297 3867.853 3796.804 3726.131 3655.812 3585.827 3516.155 3446.770 3377.651 3308.774 3240.113 3171.641 3103.337 3035.173 2967.116 2899.147 2831.234 2763.341 2695.445 2627.513 2559.503 2491.389 2423.140 2354.707 2286.056 2217.163 2147.969 2078.427 2008.532 1938.222 1867.422 1796.117 1724.264 1651.767 1578.555 1504.647 1429.955 1354.352 1277.743 1200.133 1121.438 1041.492 960.133 877.223 792.674 706.383 618.077 527.439 434.107 337.655 -9999.000 -9999.000
-9999.000 -9999.000 8219.636 8120.130 8021.119 7922.606 7824.597 7727.097 7630.112 7533.649 7437.715 7342.316 7247.461 7153.156 7059.409 6966.228 6873.620 6781.593 6690.154 6599.309 6509.063 6419.421 6330.388 6241.966 6154.160 6066.971 5980.403 5894.457 5809.136 5724.438 5640.365 5556.914 5474.085 5391.876 5310.285 5229.306 5148.937 5069.171 4990.003 4911.427 4833.435 4756.018 4679.168 4602.877 4527.131 4451.921 4377.234 4303.057 4229.376 4156.175 4083.440 4011.154 3939.297 3867.853 3796.804 3726.131 3655.812 3585.827 3516.155 3446.770 3377.651 3308.774 3240.113 3171.641 3103.337 3035.173 2967.116 2899.147 2831.234 2763.341 2695.445 2627.513 2559.503 2491.389 2423.140 2354.707 2286.056 2217.163 2147.969 2078.427 2008.532 1938.222 1867.422 1796.117 1724.264 1651.767 1578.555 1504.647 1429.955 1354.352 1277.743 1200.133 1121.438 1041.492 960.133 877.223 792.674 706.383 618.077 527.439 434.107 337.655 -9999.000 -9999.000
-9999.000 -9999.000 -9999.000 -9999.000 -9999.000 -9999.000 -9999.000 -9999.000 -9999.000 -9999.000 -9999.000 -9999.000 -9999.000 -9999.000 -9999.000 -9999.000 -9999.000 -9999.000 -9999.000 -9999.000 -9999.000 -9999.000 -9999.000 -9999.000 -9999.000 -9999.000 -9999.000 -9999.000 -9999.000 -9999.000 -9999.000 -9999.000 -9999.000 -9999.000 -9999.000 -9999.000 -9999.000 -9999.000 -9999.000 -9999.000 -9999.000 -9999.000 -9999.000 -9999.000 -9999.000 -9999.000 -9999.000 -9999.000 -9999.000 -9999.000 -9999.000 -9999.000 -9999.000 -9999.000 -9999.000 -9999.000 -9999.000 -9999.000 -9999.000 -9999.000 -9999.000 -9999.000 -9999.000 -9999.000 -9999.000 -9999.000 -9999.000 -9999.000 -9999.000 -9999.000 -9999.000 -9999.000 -9999.000 -9999.000 -9999.000 -9999.000 -9999.000 -9999.000 -9999.000 -9999.000 -9999.000 -9999.000 -9999.000 -9999.000 -9999.000 -9999.000 -9999.000 -9999.000 -9999.000 -9999.000 -9999.000 -9999.000 -9999.000 -9999.000 -9999.000 -9999.000 -9999.000 -9999.000 -9999.000 -9999.000 -9999.000 -9999.000 -9999.000 -9999.000
-9999.000 -9999.000 -9999.000 -9999.000 -9999.000 -9999.000 -9999.000 -9999.000 -9999.000 -9999.000 -9999.000 -9999.000 -9999.000 -9999.000 -9999.000 -9999.000 -9999.000 -9999.000 -9999.000 -9999.000 -9999.000 -9999.000 -9999.000 -9999.000 -9999.000 -9999.000 -9999.000 -9999.000 -9999.000 -9999.000 -9999.000 -9999.000 -9999.000 -9999.000 -9999.000 -9999.000 -9999.000 -9999.000 -9999.000 -9999.000 -9999.000 -9999.000 -9999.000 -9999.000 -9999.000 -9999.000 -9999.000 -9999.000 -9999.000 -9999.000 -9999.000 -9999.000 -9999.000 -9999.000 -9999.000 -9999.000 -9999.000 -9999.000 -9999.000 -9999.000 -9999.000 -9999.000 -9999.000 -9999.000 -9999.000 -9999.000 -9999.000 -9999.000 -9999.000 -9999.000 -9999.000 -9999.000 -9999.000 -9999.000 -9999.000 -9999.000 -9999.000 -9999.000 -9999.000 -9999.000 -9999.000 -9999.000 -9999.000 -9999.000 -9999.000 -9999.000 -9999.000 -9999.000 -9999.000 -9999.000 -9999.000 -9999.000 -9999.000 -9999.000 -9999.000 -9999.000 -9999.000 -9999.000 -9999.000 -9999.000 -9999.000 -9999.000 -9999.000 -9999.000