examples/3D/hillslope01/output-maps-METEOIO-ON/psiliqL0078N0003.asc
ncols         104
nrows         10
xllcorner     -2.000000
yllcorner     0.000000
cellsize      1.000000
NODATA_value  -9999.0
-9999.000 -9999.000 -9999.000 -9999.000 -9999.000 -9999.000 -9999.000 -9999.000 -9999.000 -9999.000 -9999.000 -9999.000 -9999.000 -9999.000 -9999.000 -9999.000 -9999.000 -9999.000 -9999.000 -9999.000 -9999.000 -9999.000 -9999.000 -9999.000 -9999.000 -9999.000 -9999.000 -9999.000 -9999.000 -9999.000 -9999.000 -9999.000 -9999.000 -9999.000 -9999.000 -9999.000 -9999.000 -9999.000 -9999.000 -9999.000 -9999.000 -9999.000 -9999.000 -9999.000 -9999.000 -9999.000 -9999.000 -9999.000 -9999.000 -9999.000 -9999.000 -9999.000 -9999.000 -9999.000 -9999.000 -9999.000 -9999.000 -9999.000 -9999.000 -9999.000 -9999.000 -9999.000 -9999.000 -9999.000 -9999.000 -9999.000 -9999.000 -9999.000 -9999.000 -9999.000 -9999.000 -9999.000 -9999.000 -9999.000 -9999.000 -9999.000 -9999.000 -9999.000 -9999.000 -9999.000 -9999.000 -9999.000 -9999.000 -9999.000 -9999.000 -9999.000 -9999.000 -9999.000 -9999.000 -9999.000 -9999.000 -9999.000 -9999.000 -9999.000 -9999.000 -9999.000 -9999.000 -9999.000 -9999.000 -9999.000 -9999.000 -9999.000 -9999.000 -9999.000
-9999.000 -9999.000 -9999.000 -9999.000 -9999.000 -9999.000 -9999.000 -9999.000 -9999.000 -9999.000 -9999.000 -9999.000 -9999.000 -9999.000 -9999.000 -9999.000 -9999.000 -9999.000 -9999.000 -9999.000 -9999.000 -9999.000 -9999.000 -9999.000 -9999.000 -9999.000 -9999.000 -9999.000 -9999.000 -9999.000 -9999.000 -9999.000 -9999.000 -9999.000 -9999.000 -9999.000 -9999.000 -9999.000 -9999.000 -9999.000 -9999.000 -9999.000 -9999.000 -9999.000 -9999.000 -9999.000 -9999.000 -9999.000 -9999.000 -9999.000 -9999.000 -9999.000 -9999.000 -9999.000 -9999.000 -9999.000 -9999.000 -9999.000 -9999.000 -9999.000 -9999.000 -9999.000 -9999.000 -9999.000 -9999.000 -9999.000 -9999.000 -9999.000 -9999.000 -9999.000 -9999.000 -9999.000 -9999.000 -9999.000 -9999.000 -9999.000 -9999.000 -9999.000 -9999.000 -9999.000 -9999.000 -9999.000 -9999.000 -9999.000 -9999.000 -9999.000 -9999.000 -9999.000 -9999.000 -9999.000 -9999.000 -9999.000 -9999.000 -9999.000 -9999.000 -9999.000 -9999.000 -9999.000 -9999.000 -9999.000 -9999.000 -9999.000 -9999.000 -9999.000
-9999.000 -9999.000 7122.335 7022.540 6922.951 6823.574 6724.413 6625.476 6526.770 6428.302 6330.078 6232.104 6134.387 6036.931 5939.743 5842.825 5746.183 5649.821 5553.741 5457.949 5362.447 5267.241 5172.334 5077.730 4983.434 4889.449 4795.778 4702.427 4609.396 4516.690 4424.309 4332.255 4240.529 4149.131 4058.062 3967.324 3876.919 3786.849 3697.116 3607.720 3518.661 3429.939 3341.550 3253.492 3165.763 3078.364 2991.297 2904.561 2818.153 2732.069 2646.300 2560.840 2475.683 2390.835 2306.296 2222.058 2138.109 2054.435 1971.025 1887.877 1805.004 1722.396 1640.035 1557.895 1475.956 1394.226 1312.728 1231.439 1150.325 1069.342 988.460 907.762 827.230 746.813 666.445 586.063 505.751 425.557 345.397 265.186 184.820 104.313 23.897 -56.392 -136.120 -214.476 -290.260 -361.714 -427.744 -487.388 -540.023 -585.436 -623.871 -655.941 -682.370 -703.918 -721.340 -735.371 -746.827 -757.126 -770.082 -798.006 -9999.000 -9999.000
-9999.000 -9999.000 7122.335 7022.540 6922.951 6823.574 6724.413 6625.476 6526.770 6428.302 6330.078 6232.104 6134.387 6036.931 5939.743 5842.825 5746.183 5649.821 5553.741 5457.949 5362.447 5267.241 5172.334 5077.730 4983.434 4889.449 4795.778 4702.427 4609.396 4516.690 4424.309 4332.255 4240.529 4149.131 4058.062 3967.324 3876.919 3786.849 3697.116 3607.720 3518.661 3429.939 3341.550 3253.492 3165.763 3078.364 2991.297 2904.561 2818.153 2732.069 2646.300 2560.840 2475.683 2390.835 2306.296 2222.058 2138.109 2054.435 1971.025 1887.877 1805.004 1722.396 1640.035 1557.895 1475.956 1394.226 1312.728 1231.439 1150.325 1069.342 988.460 907.762 827.230 746.813 666.445 586.063 505.751 425.557 345.397 265.186 184.820 104.313 23.897 -56.392 -136.120 -214.476 -290.260 -361.714 -427.744 -487.388 -540.023 -585.436 -623.871 -655.941 -682.370 -703.918 -721.340 -735.371 -746.827 -757.126 -770.082 -798.006 -9999.000 -9999.000
-9999.000 -9999.000 7122.335 7022.540 6922.951 6823.574 6724.413 6625.476 6526.770 6428.302 6330.078 6232.104 6134.387 6036.931 5939.743 5842.825 5746.183 5649.821 5553.741 5457.949 5362.447 5267.241 5172.334 5077.730 4983.434 4889.449 4795.778 4702.427 4609.396 4516.690 4424.309 4332.255 4240.529 4149.131 4058.062 3967.324 3876.919 3786.849 3697.116 3607.720 3518.661 3429.939 3341.550 3253.492 3165.763 3078.364 2991.297 2904.561 2818.153 2732.069 2646.300 2560.840 2475.683 2390.835 2306.296 2222.058 2138.109 2054.435 1971.025 1887.877 1805.004 1722.396 1640.035 1557.895 1475.956 1394.226 1312.728 1231.439 1150.325 1069.342 988.460 907.762 827.230 746.813 666.445 586.063 505.751 425.557 345.397 265.186 184.820 104.313 23.897 -56.392 -136.120 -214.476 -290.260 -361.714 -427.744 -487.388 -540.023 -585.436 -623.871 -655.941 -682.370 -703.918 -721.340 -735.371 -746.827 -757.126 -770.082 -798.006 -9999.000 -9999.000
-9999.000 -9999.000 7122.335 7022.540 6922.951 6823.574 6724.413 6625.476 6526.770 6428.302 6330.078 6232.104 6134.387 6036.931 5939.743 5842.825 5746.183 5649.821 5553.741 5457.949 5362.447 5267.241 5172.334 5077.730 4983.434 4889.449 4795.778 4702.427 4609.396 4516.690 4424.309 4332.255 4240.529 4149.131 4058.062 3967.324 3876.919 3786.849 3697.116 3607.720 3518.661 3429.939 3341.550 3253.492 3165.763 3078.364 2991.297 2904.561 2818.153 2732.069 2646.300 2560.840 2475.683 2390.835 2306.296 2222.058 2138.109 2054.435 1971.025 1887.877 1805.004 1722.396 1640.035 1557.895 1475.956 1394.226 1312.728 1231.439 1150.325 1069.342 988.460 907.762 827.230 746.813 666.445 586.063 505.751 425.557 345.397 265.186 184.820 104.313 23.897 -56.392 -136.120 -214.476 -290.260 -361.714 -427.744 -487.388 -540.023 -585.436 -623.871 -655.941 -682.370 -703.918 -721.340 -735.371 -746.827 -757.126 -770.082 -798.006 -9999.000 -9999.000
-9999.000 -9999.000 7122.335 7022.540 6922.951 6823.574 6724.413 6625.476 6526.770 6428.302 6330.078 6232.104 6134.387 6036.931 5939.743 5842.825 5746.183 5649.821 5553.741 5457.949 5362.447 5267.241 5172.334 5077.730 4983.434 4889.449 4795.778 4702.427 4609.396 4516.690 4424.309 4332.255 4240.529 4149.131 4058.062 3967.324 3876.919 3786.849 3697.116 3607.720 3518.661 3429.939 3341.550 3253.492 3165.763 3078.364 2991.297 2904.561 2818.153 2732.069 2646.300 2560.840 2475.683 2390.835 2306.296 2222.058 2138.109 2054.435 1971.025 1887.877 1805.004 1722.396 1640.035 1557.895 1475.956 1394.226 1312.728 1231.439 1150.325 1069.342 988.460 907.762 827.230 746.813 666.445 586.063 505.751 425.557 345.397 265.186 184.820 104.313 23.897 -56.392 -136.120 -214.476 -290.260 -361.714 -427.744 -487.388 -540.023 -585.436 -623.871 -655.941 -682.370 -703.918 -721.340 -735.371 -746.827 -757.126 -770.082 -798.006 -9999.000 -9999.000
-9999.000 -9999.000 7122.335 7022.540 6922.951 6823.574 6724.413 6625.476 6526.770 6428.302 6330.078 6232.104 6134.387 6036.931 5939.743 5842.825 5746.183 5649.821 5553.741 5457.949 5362.447 5267.241 5172.334 5077.730 4983.434 4889.449 4795.778 4702.427 4609.396 4516.690 4424.309 4332.255 4240.529 4149.131 4058.062 3967.324 3876.919 3786.849 3697.116 3607.720 3518.661 3429.939 3341.550 3253.492 3165.763 3078.364 2991.297 2904.561 2818.153 2732.069 2646.300 2560.840 2475.683 2390.835 2306.296 2222.058 2138.109 2054.435 1971.025 1887.877 1805.004 1722.396 1640.035 1557.895 1475.956 1394.226 1312.728 1231.439 1150.325 1069.342 988.460 907.762 827.230 746.813 666.445 586.063 505.751 425.557 345.397 265.186 184.820 104.313 23.897 -56.392 -136.120 -214.476 -290.260 -361.714 -427.744 -487.388 -540.023 -585.436 -623.871 -655.941 -682.370 -703.918 -721.340 -735.371 -746.827 -757.126 -770.082 -798.006 -9999.000 -9999.000
-9999.000 -9999.000 -9999.000 -9999.000 -9999.000 -9999.000 -9999.000 -9999.000 -9999.000 -9999.000 -9999.000 -9999.000 -9999.000 -9999.000 -9999.000 -9999.000 -9999.000 -9999.000 -9999.000 -9999.000 -9999.000 -9999.000 -9999.000 -9999.000 -9999.000 -9999.000 -9999.000 -9999.000 -9999.000 -9999.000 -9999.000 -9999.000 -9999.000 -9999.000 -9999.000 -9999.000 -9999.000 -9999.000 -9999.000 -9999.000 -9999.000 -9999.000 -9999.000 -9999.000 -9999.000 -9999.000 -9999.000 -9999.000 -9999.000 -9999.000 -9999.000 -9999.000 -9999.000 -9999.000 -9999.000 -9999.000 -9999.000 -9999.000 -9999.000 -9999.000 -9999.000 -9999.000 -9999.000 -9999.000 -9999.000 -9999.000 -9999.000 -9999.000 -9999.000 -9999.000 -9999.000 -9999.000 -9999.000 -9999.000 -9999.000 -9999.000 -9999.000 -9999.000 -9999.000 -9999.000 -9999.000 -9999.000 -9999.000 -9999.000 -9999.000 -9999.000 -9999.000 -9999.000 -9999.000 -9999.000 -9999.000 -9999.000 -9999.000 -9999.000 -9999.000 -9999.000 -9999.000 -9999.000 -9999.000 -9999.000 -9999.000 -9999.000 -9999.000 -9999.000
-9999.000 -9999.000 -9999.000 -9999.000 -9999.000 -9999.000 -9999.000 -9999.000 -9999.000 -9999.000 -9999.000 -9999.000 -9999.000 -9999.000 -9999.000 -9999.000 -9999.000 -9999.000 -9999.000 -9999.000 -9999.000 -9999.000 -9999.000 -9999.000 -9999.000 -9999.000 -9999.000 -9999.000 -9999.000 -9999.000 -9999.000 -9999.000 -9999.000 -9999.000 -9999.000 -9999.000 -9999.000 -9999.000 -9999.000 -9999.000 -9999.000 -9999.000 -9999.000 -9999.000 -9999.000 -9999.000 -9999.000 -9999.000 -9999.000 -9999.000 -9999.000 -9999.000 -9999.000 -9999.000 -9999.000 -9999.000 -9999.000 -9999.000 -9999.000 -9999.000 -9999.000 -9999.000 -9999.000 -9999.000 -9999.000 -9999.000 -9999.000 -9999.000 -9999.000 -9999.000 -9999.000 -9999.000 -9999.000 -9999.000 -9999.000 -9999.000 -9999.000 -9999.000 -9999.000 -9999.000 -9999.000 -9999.000 -9999.000 -9999.000 -9999.000 -9999.000 -9999.000 -9999.000 -9999.000 -9999.000 -9999.000 -9999.000 -9999.000 -9999.000 -9999.000 -9999.000 -9999.000 -9999.000 -9999.000 -9999.000 -9999.000 -9999.000 -9999.000 -9999.000