examples/3D/hillslope01/output-maps-METEOIO-ON/psiliqL0029N0003.asc
ncols         104
nrows         10
xllcorner     -2.000000
yllcorner     0.000000
cellsize      1.000000
NODATA_value  -9999.0
-9999.000 -9999.000 -9999.000 -9999.000 -9999.000 -9999.000 -9999.000 -9999.000 -9999.000 -9999.000 -9999.000 -9999.000 -9999.000 -9999.000 -9999.000 -9999.000 -9999.000 -9999.000 -9999.000 -9999.000 -9999.000 -9999.000 -9999.000 -9999.000 -9999.000 -9999.000 -9999.000 -9999.000 -9999.000 -9999.000 -9999.000 -9999.000 -9999.000 -9999.000 -9999.000 -9999.000 -9999.000 -9999.000 -9999.000 -9999.000 -9999.000 -9999.000 -9999.000 -9999.000 -9999.000 -9999.000 -9999.000 -9999.000 -9999.000 -9999.000 -9999.000 -9999.000 -9999.000 -9999.000 -9999.000 -9999.000 -9999.000 -9999.000 -9999.000 -9999.000 -9999.000 -9999.000 -9999.000 -9999.000 -9999.000 -9999.000 -9999.000 -9999.000 -9999.000 -9999.000 -9999.000 -9999.000 -9999.000 -9999.000 -9999.000 -9999.000 -9999.000 -9999.000 -9999.000 -9999.000 -9999.000 -9999.000 -9999.000 -9999.000 -9999.000 -9999.000 -9999.000 -9999.000 -9999.000 -9999.000 -9999.000 -9999.000 -9999.000 -9999.000 -9999.000 -9999.000 -9999.000 -9999.000 -9999.000 -9999.000 -9999.000 -9999.000 -9999.000 -9999.000
-9999.000 -9999.000 -9999.000 -9999.000 -9999.000 -9999.000 -9999.000 -9999.000 -9999.000 -9999.000 -9999.000 -9999.000 -9999.000 -9999.000 -9999.000 -9999.000 -9999.000 -9999.000 -9999.000 -9999.000 -9999.000 -9999.000 -9999.000 -9999.000 -9999.000 -9999.000 -9999.000 -9999.000 -9999.000 -9999.000 -9999.000 -9999.000 -9999.000 -9999.000 -9999.000 -9999.000 -9999.000 -9999.000 -9999.000 -9999.000 -9999.000 -9999.000 -9999.000 -9999.000 -9999.000 -9999.000 -9999.000 -9999.000 -9999.000 -9999.000 -9999.000 -9999.000 -9999.000 -9999.000 -9999.000 -9999.000 -9999.000 -9999.000 -9999.000 -9999.000 -9999.000 -9999.000 -9999.000 -9999.000 -9999.000 -9999.000 -9999.000 -9999.000 -9999.000 -9999.000 -9999.000 -9999.000 -9999.000 -9999.000 -9999.000 -9999.000 -9999.000 -9999.000 -9999.000 -9999.000 -9999.000 -9999.000 -9999.000 -9999.000 -9999.000 -9999.000 -9999.000 -9999.000 -9999.000 -9999.000 -9999.000 -9999.000 -9999.000 -9999.000 -9999.000 -9999.000 -9999.000 -9999.000 -9999.000 -9999.000 -9999.000 -9999.000 -9999.000 -9999.000
-9999.000 -9999.000 2266.341 2166.473 2066.753 1967.207 1867.866 1768.755 1669.885 1571.262 1472.891 1374.781 1276.941 1179.377 1082.092 985.087 888.362 791.919 695.754 599.872 504.276 408.972 313.968 219.268 124.878 30.805 -62.910 -156.417 -250.185 -345.071 -442.387 -543.853 -651.547 -767.831 -895.137 -1035.494 -1189.565 -1355.086 -1525.066 -1687.298 -1827.431 -1935.484 -2010.497 -2058.821 -2088.811 -2107.308 -2118.858 -2126.078 -2129.657 -2131.105 -2132.107 -2132.894 -2133.533 -2134.064 -2134.512 -2134.898 -2135.234 -2135.532 -2135.799 -2136.041 -2136.264 -2136.470 -2136.663 -2136.845 -2137.017 -2137.182 -2137.340 -2137.492 -2137.640 -2137.783 -2137.923 -2138.059 -2138.192 -2138.323 -2138.451 -2138.576 -2138.698 -2138.819 -2138.937 -2139.052 -2139.165 -2139.275 -2139.383 -2139.488 -2139.590 -2139.689 -2139.785 -2139.878 -2139.968 -2140.054 -2140.136 -2140.214 -2140.288 -2140.358 -2140.424 -2140.485 -2140.541 -2140.593 -2140.643 -2140.733 -2141.552 -2151.944 -9999.000 -9999.000
-9999.000 -9999.000 2266.341 2166.473 2066.753 1967.207 1867.866 1768.755 1669.885 1571.262 1472.891 1374.781 1276.941 1179.377 1082.092 985.087 888.362 791.919 695.754 599.872 504.276 408.972 313.968 219.268 124.878 30.805 -62.910 -156.417 -250.185 -345.071 -442.387 -543.853 -651.547 -767.831 -895.137 -1035.494 -1189.565 -1355.086 -1525.066 -1687.298 -1827.431 -1935.484 -2010.497 -2058.821 -2088.811 -2107.308 -2118.858 -2126.078 -2129.657 -2131.105 -2132.107 -2132.894 -2133.533 -2134.064 -2134.512 -2134.898 -2135.234 -2135.532 -2135.799 -2136.041 -2136.264 -2136.470 -2136.663 -2136.845 -2137.017 -2137.182 -2137.340 -2137.492 -2137.640 -2137.783 -2137.923 -2138.059 -2138.192 -2138.323 -2138.451 -2138.576 -2138.698 -2138.819 -2138.937 -2139.052 -2139.165 -2139.275 -2139.383 -2139.488 -2139.590 -2139.689 -2139.785 -2139.878 -2139.968 -2140.054 -2140.136 -2140.214 -2140.288 -2140.358 -2140.424 -2140.485 -2140.541 -2140.593 -2140.643 -2140.733 -2141.552 -2151.944 -9999.000 -9999.000
-9999.000 -9999.000 2266.341 2166.473 2066.753 1967.207 1867.866 1768.755 1669.885 1571.262 1472.891 1374.781 1276.941 1179.377 1082.092 985.087 888.362 791.919 695.754 599.872 504.276 408.972 313.968 219.268 124.878 30.805 -62.910 -156.417 -250.185 -345.071 -442.387 -543.853 -651.547 -767.831 -895.137 -1035.494 -1189.565 -1355.086 -1525.066 -1687.298 -1827.431 -1935.484 -2010.497 -2058.821 -2088.811 -2107.308 -2118.858 -2126.078 -2129.657 -2131.105 -2132.107 -2132.894 -2133.533 -2134.064 -2134.512 -2134.898 -2135.234 -2135.532 -2135.799 -2136.041 -2136.264 -2136.470 -2136.663 -2136.845 -2137.017 -2137.182 -2137.340 -2137.492 -2137.640 -2137.783 -2137.923 -2138.059 -2138.192 -2138.323 -2138.451 -2138.576 -2138.698 -2138.819 -2138.937 -2139.052 -2139.165 -2139.275 -2139.383 -2139.488 -2139.590 -2139.689 -2139.785 -2139.878 -2139.968 -2140.054 -2140.136 -2140.214 -2140.288 -2140.358 -2140.424 -2140.485 -2140.541 -2140.593 -2140.643 -2140.733 -2141.552 -2151.944 -9999.000 -9999.000
-9999.000 -9999.000 2266.341 2166.473 2066.753 1967.207 1867.866 1768.755 1669.885 1571.262 1472.891 1374.781 1276.941 1179.377 1082.092 985.087 888.362 791.919 695.754 599.872 504.276 408.972 313.968 219.268 124.878 30.805 -62.910 -156.417 -250.185 -345.071 -442.387 -543.853 -651.547 -767.831 -895.137 -1035.494 -1189.565 -1355.086 -1525.066 -1687.298 -1827.431 -1935.484 -2010.497 -2058.821 -2088.811 -2107.308 -2118.858 -2126.078 -2129.657 -2131.105 -2132.107 -2132.894 -2133.533 -2134.064 -2134.512 -2134.898 -2135.234 -2135.532 -2135.799 -2136.041 -2136.264 -2136.470 -2136.663 -2136.845 -2137.017 -2137.182 -2137.340 -2137.492 -2137.640 -2137.783 -2137.923 -2138.059 -2138.192 -2138.323 -2138.451 -2138.576 -2138.698 -2138.819 -2138.937 -2139.052 -2139.165 -2139.275 -2139.383 -2139.488 -2139.590 -2139.689 -2139.785 -2139.878 -2139.968 -2140.054 -2140.136 -2140.214 -2140.288 -2140.358 -2140.424 -2140.485 -2140.541 -2140.593 -2140.643 -2140.733 -2141.552 -2151.944 -9999.000 -9999.000
-9999.000 -9999.000 2266.341 2166.473 2066.753 1967.207 1867.866 1768.755 1669.885 1571.262 1472.891 1374.781 1276.941 1179.377 1082.092 985.087 888.362 791.919 695.754 599.872 504.276 408.972 313.968 219.268 124.878 30.805 -62.910 -156.417 -250.185 -345.071 -442.387 -543.853 -651.547 -767.831 -895.137 -1035.494 -1189.565 -1355.086 -1525.066 -1687.298 -1827.431 -1935.484 -2010.497 -2058.821 -2088.811 -2107.308 -2118.858 -2126.078 -2129.657 -2131.105 -2132.107 -2132.894 -2133.533 -2134.064 -2134.512 -2134.898 -2135.234 -2135.532 -2135.799 -2136.041 -2136.264 -2136.470 -2136.663 -2136.845 -2137.017 -2137.182 -2137.340 -2137.492 -2137.640 -2137.783 -2137.923 -2138.059 -2138.192 -2138.323 -2138.451 -2138.576 -2138.698 -2138.819 -2138.937 -2139.052 -2139.165 -2139.275 -2139.383 -2139.488 -2139.590 -2139.689 -2139.785 -2139.878 -2139.968 -2140.054 -2140.136 -2140.214 -2140.288 -2140.358 -2140.424 -2140.485 -2140.541 -2140.593 -2140.643 -2140.733 -2141.552 -2151.944 -9999.000 -9999.000
-9999.000 -9999.000 2266.341 2166.473 2066.753 1967.207 1867.866 1768.755 1669.885 1571.262 1472.891 1374.781 1276.941 1179.377 1082.092 985.087 888.362 791.919 695.754 599.872 504.276 408.972 313.968 219.268 124.878 30.805 -62.910 -156.417 -250.185 -345.071 -442.387 -543.853 -651.547 -767.831 -895.137 -1035.494 -1189.565 -1355.086 -1525.066 -1687.298 -1827.431 -1935.484 -2010.497 -2058.821 -2088.811 -2107.308 -2118.858 -2126.078 -2129.657 -2131.105 -2132.107 -2132.894 -2133.533 -2134.064 -2134.512 -2134.898 -2135.234 -2135.532 -2135.799 -2136.041 -2136.264 -2136.470 -2136.663 -2136.845 -2137.017 -2137.182 -2137.340 -2137.492 -2137.640 -2137.783 -2137.923 -2138.059 -2138.192 -2138.323 -2138.451 -2138.576 -2138.698 -2138.819 -2138.937 -2139.052 -2139.165 -2139.275 -2139.383 -2139.488 -2139.590 -2139.689 -2139.785 -2139.878 -2139.968 -2140.054 -2140.136 -2140.214 -2140.288 -2140.358 -2140.424 -2140.485 -2140.541 -2140.593 -2140.643 -2140.733 -2141.552 -2151.944 -9999.000 -9999.000
-9999.000 -9999.000 -9999.000 -9999.000 -9999.000 -9999.000 -9999.000 -9999.000 -9999.000 -9999.000 -9999.000 -9999.000 -9999.000 -9999.000 -9999.000 -9999.000 -9999.000 -9999.000 -9999.000 -9999.000 -9999.000 -9999.000 -9999.000 -9999.000 -9999.000 -9999.000 -9999.000 -9999.000 -9999.000 -9999.000 -9999.000 -9999.000 -9999.000 -9999.000 -9999.000 -9999.000 -9999.000 -9999.000 -9999.000 -9999.000 -9999.000 -9999.000 -9999.000 -9999.000 -9999.000 -9999.000 -9999.000 -9999.000 -9999.000 -9999.000 -9999.000 -9999.000 -9999.000 -9999.000 -9999.000 -9999.000 -9999.000 -9999.000 -9999.000 -9999.000 -9999.000 -9999.000 -9999.000 -9999.000 -9999.000 -9999.000 -9999.000 -9999.000 -9999.000 -9999.000 -9999.000 -9999.000 -9999.000 -9999.000 -9999.000 -9999.000 -9999.000 -9999.000 -9999.000 -9999.000 -9999.000 -9999.000 -9999.000 -9999.000 -9999.000 -9999.000 -9999.000 -9999.000 -9999.000 -9999.000 -9999.000 -9999.000 -9999.000 -9999.000 -9999.000 -9999.000 -9999.000 -9999.000 -9999.000 -9999.000 -9999.000 -9999.000 -9999.000 -9999.000
-9999.000 -9999.000 -9999.000 -9999.000 -9999.000 -9999.000 -9999.000 -9999.000 -9999.000 -9999.000 -9999.000 -9999.000 -9999.000 -9999.000 -9999.000 -9999.000 -9999.000 -9999.000 -9999.000 -9999.000 -9999.000 -9999.000 -9999.000 -9999.000 -9999.000 -9999.000 -9999.000 -9999.000 -9999.000 -9999.000 -9999.000 -9999.000 -9999.000 -9999.000 -9999.000 -9999.000 -9999.000 -9999.000 -9999.000 -9999.000 -9999.000 -9999.000 -9999.000 -9999.000 -9999.000 -9999.000 -9999.000 -9999.000 -9999.000 -9999.000 -9999.000 -9999.000 -9999.000 -9999.000 -9999.000 -9999.000 -9999.000 -9999.000 -9999.000 -9999.000 -9999.000 -9999.000 -9999.000 -9999.000 -9999.000 -9999.000 -9999.000 -9999.000 -9999.000 -9999.000 -9999.000 -9999.000 -9999.000 -9999.000 -9999.000 -9999.000 -9999.000 -9999.000 -9999.000 -9999.000 -9999.000 -9999.000 -9999.000 -9999.000 -9999.000 -9999.000 -9999.000 -9999.000 -9999.000 -9999.000 -9999.000 -9999.000 -9999.000 -9999.000 -9999.000 -9999.000 -9999.000 -9999.000 -9999.000 -9999.000 -9999.000 -9999.000 -9999.000 -9999.000