examples/3D/hillslope01/output-maps-METEOIO-ON/psiliqL0072N0002.asc
ncols         104
nrows         10
xllcorner     -2.000000
yllcorner     0.000000
cellsize      1.000000
NODATA_value  -9999.0
-9999.000 -9999.000 -9999.000 -9999.000 -9999.000 -9999.000 -9999.000 -9999.000 -9999.000 -9999.000 -9999.000 -9999.000 -9999.000 -9999.000 -9999.000 -9999.000 -9999.000 -9999.000 -9999.000 -9999.000 -9999.000 -9999.000 -9999.000 -9999.000 -9999.000 -9999.000 -9999.000 -9999.000 -9999.000 -9999.000 -9999.000 -9999.000 -9999.000 -9999.000 -9999.000 -9999.000 -9999.000 -9999.000 -9999.000 -9999.000 -9999.000 -9999.000 -9999.000 -9999.000 -9999.000 -9999.000 -9999.000 -9999.000 -9999.000 -9999.000 -9999.000 -9999.000 -9999.000 -9999.000 -9999.000 -9999.000 -9999.000 -9999.000 -9999.000 -9999.000 -9999.000 -9999.000 -9999.000 -9999.000 -9999.000 -9999.000 -9999.000 -9999.000 -9999.000 -9999.000 -9999.000 -9999.000 -9999.000 -9999.000 -9999.000 -9999.000 -9999.000 -9999.000 -9999.000 -9999.000 -9999.000 -9999.000 -9999.000 -9999.000 -9999.000 -9999.000 -9999.000 -9999.000 -9999.000 -9999.000 -9999.000 -9999.000 -9999.000 -9999.000 -9999.000 -9999.000 -9999.000 -9999.000 -9999.000 -9999.000 -9999.000 -9999.000 -9999.000 -9999.000
-9999.000 -9999.000 -9999.000 -9999.000 -9999.000 -9999.000 -9999.000 -9999.000 -9999.000 -9999.000 -9999.000 -9999.000 -9999.000 -9999.000 -9999.000 -9999.000 -9999.000 -9999.000 -9999.000 -9999.000 -9999.000 -9999.000 -9999.000 -9999.000 -9999.000 -9999.000 -9999.000 -9999.000 -9999.000 -9999.000 -9999.000 -9999.000 -9999.000 -9999.000 -9999.000 -9999.000 -9999.000 -9999.000 -9999.000 -9999.000 -9999.000 -9999.000 -9999.000 -9999.000 -9999.000 -9999.000 -9999.000 -9999.000 -9999.000 -9999.000 -9999.000 -9999.000 -9999.000 -9999.000 -9999.000 -9999.000 -9999.000 -9999.000 -9999.000 -9999.000 -9999.000 -9999.000 -9999.000 -9999.000 -9999.000 -9999.000 -9999.000 -9999.000 -9999.000 -9999.000 -9999.000 -9999.000 -9999.000 -9999.000 -9999.000 -9999.000 -9999.000 -9999.000 -9999.000 -9999.000 -9999.000 -9999.000 -9999.000 -9999.000 -9999.000 -9999.000 -9999.000 -9999.000 -9999.000 -9999.000 -9999.000 -9999.000 -9999.000 -9999.000 -9999.000 -9999.000 -9999.000 -9999.000 -9999.000 -9999.000 -9999.000 -9999.000 -9999.000 -9999.000
-9999.000 -9999.000 6138.595 6039.082 5940.058 5841.528 5743.497 5645.973 5548.963 5452.474 5356.513 5261.088 5166.205 5071.872 4978.096 4884.886 4792.251 4700.197 4608.734 4517.868 4427.605 4337.949 4248.903 4160.470 4072.652 3985.452 3898.876 3812.925 3727.603 3642.908 3558.838 3475.391 3392.568 3310.370 3228.793 3147.833 3067.481 2987.734 2908.591 2830.045 2752.084 2674.697 2597.881 2521.632 2445.933 2370.764 2296.122 2222.002 2148.381 2075.232 2002.557 1930.346 1858.559 1787.164 1716.194 1645.609 1575.355 1505.446 1435.880 1366.579 1297.524 1228.768 1160.215 1091.780 1023.612 955.588 887.551 819.723 751.985 684.118 616.350 548.632 480.668 412.642 344.656 276.330 207.668 139.099 70.161 0.386 -68.666 -137.154 -204.514 -268.960 -329.660 -385.997 -437.060 -482.442 -522.350 -556.933 -586.543 -611.729 -633.005 -650.871 -665.809 -678.246 -688.559 -697.090 -704.242 -710.904 -720.146 -743.684 -9999.000 -9999.000
-9999.000 -9999.000 6138.595 6039.082 5940.058 5841.528 5743.497 5645.973 5548.963 5452.474 5356.513 5261.088 5166.205 5071.872 4978.096 4884.886 4792.251 4700.197 4608.734 4517.868 4427.605 4337.949 4248.903 4160.470 4072.652 3985.452 3898.876 3812.925 3727.603 3642.908 3558.838 3475.391 3392.568 3310.370 3228.793 3147.833 3067.481 2987.734 2908.591 2830.045 2752.084 2674.697 2597.881 2521.632 2445.933 2370.764 2296.122 2222.002 2148.381 2075.232 2002.557 1930.346 1858.559 1787.164 1716.194 1645.609 1575.355 1505.446 1435.880 1366.579 1297.524 1228.768 1160.215 1091.780 1023.612 955.588 887.551 819.723 751.985 684.118 616.350 548.632 480.668 412.642 344.656 276.330 207.668 139.099 70.161 0.386 -68.666 -137.154 -204.514 -268.960 -329.660 -385.997 -437.060 -482.442 -522.350 -556.933 -586.543 -611.729 -633.005 -650.871 -665.809 -678.246 -688.559 -697.090 -704.242 -710.904 -720.146 -743.684 -9999.000 -9999.000
-9999.000 -9999.000 6138.595 6039.082 5940.058 5841.528 5743.497 5645.973 5548.963 5452.474 5356.513 5261.088 5166.205 5071.872 4978.096 4884.886 4792.251 4700.197 4608.734 4517.868 4427.605 4337.949 4248.903 4160.470 4072.652 3985.452 3898.876 3812.925 3727.603 3642.908 3558.838 3475.391 3392.568 3310.370 3228.793 3147.833 3067.481 2987.734 2908.591 2830.045 2752.084 2674.697 2597.881 2521.632 2445.933 2370.764 2296.122 2222.002 2148.381 2075.232 2002.557 1930.346 1858.559 1787.164 1716.194 1645.609 1575.355 1505.446 1435.880 1366.579 1297.524 1228.768 1160.215 1091.780 1023.612 955.588 887.551 819.723 751.985 684.118 616.350 548.632 480.668 412.642 344.656 276.330 207.668 139.099 70.161 0.386 -68.666 -137.154 -204.514 -268.960 -329.660 -385.997 -437.060 -482.442 -522.350 -556.933 -586.543 -611.729 -633.005 -650.871 -665.809 -678.246 -688.559 -697.090 -704.242 -710.904 -720.146 -743.684 -9999.000 -9999.000
-9999.000 -9999.000 6138.595 6039.082 5940.058 5841.528 5743.497 5645.973 5548.963 5452.474 5356.513 5261.088 5166.205 5071.872 4978.096 4884.886 4792.251 4700.197 4608.734 4517.868 4427.605 4337.949 4248.903 4160.470 4072.652 3985.452 3898.876 3812.925 3727.603 3642.908 3558.838 3475.391 3392.568 3310.370 3228.793 3147.833 3067.481 2987.734 2908.591 2830.045 2752.084 2674.697 2597.881 2521.632 2445.933 2370.764 2296.122 2222.002 2148.381 2075.232 2002.557 1930.346 1858.559 1787.164 1716.194 1645.609 1575.355 1505.446 1435.880 1366.579 1297.524 1228.768 1160.215 1091.780 1023.612 955.588 887.551 819.723 751.985 684.118 616.350 548.632 480.668 412.642 344.656 276.330 207.668 139.099 70.161 0.386 -68.666 -137.154 -204.514 -268.960 -329.660 -385.997 -437.060 -482.442 -522.350 -556.933 -586.543 -611.729 -633.005 -650.871 -665.809 -678.246 -688.559 -697.090 -704.242 -710.904 -720.146 -743.684 -9999.000 -9999.000
-9999.000 -9999.000 6138.595 6039.082 5940.058 5841.528 5743.497 5645.973 5548.963 5452.474 5356.513 5261.088 5166.205 5071.872 4978.096 4884.886 4792.251 4700.197 4608.734 4517.868 4427.605 4337.949 4248.903 4160.470 4072.652 3985.452 3898.876 3812.925 3727.603 3642.908 3558.838 3475.391 3392.568 3310.370 3228.793 3147.833 3067.481 2987.734 2908.591 2830.045 2752.084 2674.697 2597.881 2521.632 2445.933 2370.764 2296.122 2222.002 2148.381 2075.232 2002.557 1930.346 1858.559 1787.164 1716.194 1645.609 1575.355 1505.446 1435.880 1366.579 1297.524 1228.768 1160.215 1091.780 1023.612 955.588 887.551 819.723 751.985 684.118 616.350 548.632 480.668 412.642 344.656 276.330 207.668 139.099 70.161 0.386 -68.666 -137.154 -204.514 -268.960 -329.660 -385.997 -437.060 -482.442 -522.350 -556.933 -586.543 -611.729 -633.005 -650.871 -665.809 -678.246 -688.559 -697.090 -704.242 -710.904 -720.146 -743.684 -9999.000 -9999.000
-9999.000 -9999.000 6138.595 6039.082 5940.058 5841.528 5743.497 5645.973 5548.963 5452.474 5356.513 5261.088 5166.205 5071.872 4978.096 4884.886 4792.251 4700.197 4608.734 4517.868 4427.605 4337.949 4248.903 4160.470 4072.652 3985.452 3898.876 3812.925 3727.603 3642.908 3558.838 3475.391 3392.568 3310.370 3228.793 3147.833 3067.481 2987.734 2908.591 2830.045 2752.084 2674.697 2597.881 2521.632 2445.933 2370.764 2296.122 2222.002 2148.381 2075.232 2002.557 1930.346 1858.559 1787.164 1716.194 1645.609 1575.355 1505.446 1435.880 1366.579 1297.524 1228.768 1160.215 1091.780 1023.612 955.588 887.551 819.723 751.985 684.118 616.350 548.632 480.668 412.642 344.656 276.330 207.668 139.099 70.161 0.386 -68.666 -137.154 -204.514 -268.960 -329.660 -385.997 -437.060 -482.442 -522.350 -556.933 -586.543 -611.729 -633.005 -650.871 -665.809 -678.246 -688.559 -697.090 -704.242 -710.904 -720.146 -743.684 -9999.000 -9999.000
-9999.000 -9999.000 -9999.000 -9999.000 -9999.000 -9999.000 -9999.000 -9999.000 -9999.000 -9999.000 -9999.000 -9999.000 -9999.000 -9999.000 -9999.000 -9999.000 -9999.000 -9999.000 -9999.000 -9999.000 -9999.000 -9999.000 -9999.000 -9999.000 -9999.000 -9999.000 -9999.000 -9999.000 -9999.000 -9999.000 -9999.000 -9999.000 -9999.000 -9999.000 -9999.000 -9999.000 -9999.000 -9999.000 -9999.000 -9999.000 -9999.000 -9999.000 -9999.000 -9999.000 -9999.000 -9999.000 -9999.000 -9999.000 -9999.000 -9999.000 -9999.000 -9999.000 -9999.000 -9999.000 -9999.000 -9999.000 -9999.000 -9999.000 -9999.000 -9999.000 -9999.000 -9999.000 -9999.000 -9999.000 -9999.000 -9999.000 -9999.000 -9999.000 -9999.000 -9999.000 -9999.000 -9999.000 -9999.000 -9999.000 -9999.000 -9999.000 -9999.000 -9999.000 -9999.000 -9999.000 -9999.000 -9999.000 -9999.000 -9999.000 -9999.000 -9999.000 -9999.000 -9999.000 -9999.000 -9999.000 -9999.000 -9999.000 -9999.000 -9999.000 -9999.000 -9999.000 -9999.000 -9999.000 -9999.000 -9999.000 -9999.000 -9999.000 -9999.000 -9999.000
-9999.000 -9999.000 -9999.000 -9999.000 -9999.000 -9999.000 -9999.000 -9999.000 -9999.000 -9999.000 -9999.000 -9999.000 -9999.000 -9999.000 -9999.000 -9999.000 -9999.000 -9999.000 -9999.000 -9999.000 -9999.000 -9999.000 -9999.000 -9999.000 -9999.000 -9999.000 -9999.000 -9999.000 -9999.000 -9999.000 -9999.000 -9999.000 -9999.000 -9999.000 -9999.000 -9999.000 -9999.000 -9999.000 -9999.000 -9999.000 -9999.000 -9999.000 -9999.000 -9999.000 -9999.000 -9999.000 -9999.000 -9999.000 -9999.000 -9999.000 -9999.000 -9999.000 -9999.000 -9999.000 -9999.000 -9999.000 -9999.000 -9999.000 -9999.000 -9999.000 -9999.000 -9999.000 -9999.000 -9999.000 -9999.000 -9999.000 -9999.000 -9999.000 -9999.000 -9999.000 -9999.000 -9999.000 -9999.000 -9999.000 -9999.000 -9999.000 -9999.000 -9999.000 -9999.000 -9999.000 -9999.000 -9999.000 -9999.000 -9999.000 -9999.000 -9999.000 -9999.000 -9999.000 -9999.000 -9999.000 -9999.000 -9999.000 -9999.000 -9999.000 -9999.000 -9999.000 -9999.000 -9999.000 -9999.000 -9999.000 -9999.000 -9999.000 -9999.000 -9999.000