examples/3D/hillslope01/output-maps-METEOIO-ON/psiliqL0088N0002.asc
ncols         104
nrows         10
xllcorner     -2.000000
yllcorner     0.000000
cellsize      1.000000
NODATA_value  -9999.0
-9999.000 -9999.000 -9999.000 -9999.000 -9999.000 -9999.000 -9999.000 -9999.000 -9999.000 -9999.000 -9999.000 -9999.000 -9999.000 -9999.000 -9999.000 -9999.000 -9999.000 -9999.000 -9999.000 -9999.000 -9999.000 -9999.000 -9999.000 -9999.000 -9999.000 -9999.000 -9999.000 -9999.000 -9999.000 -9999.000 -9999.000 -9999.000 -9999.000 -9999.000 -9999.000 -9999.000 -9999.000 -9999.000 -9999.000 -9999.000 -9999.000 -9999.000 -9999.000 -9999.000 -9999.000 -9999.000 -9999.000 -9999.000 -9999.000 -9999.000 -9999.000 -9999.000 -9999.000 -9999.000 -9999.000 -9999.000 -9999.000 -9999.000 -9999.000 -9999.000 -9999.000 -9999.000 -9999.000 -9999.000 -9999.000 -9999.000 -9999.000 -9999.000 -9999.000 -9999.000 -9999.000 -9999.000 -9999.000 -9999.000 -9999.000 -9999.000 -9999.000 -9999.000 -9999.000 -9999.000 -9999.000 -9999.000 -9999.000 -9999.000 -9999.000 -9999.000 -9999.000 -9999.000 -9999.000 -9999.000 -9999.000 -9999.000 -9999.000 -9999.000 -9999.000 -9999.000 -9999.000 -9999.000 -9999.000 -9999.000 -9999.000 -9999.000 -9999.000 -9999.000
-9999.000 -9999.000 -9999.000 -9999.000 -9999.000 -9999.000 -9999.000 -9999.000 -9999.000 -9999.000 -9999.000 -9999.000 -9999.000 -9999.000 -9999.000 -9999.000 -9999.000 -9999.000 -9999.000 -9999.000 -9999.000 -9999.000 -9999.000 -9999.000 -9999.000 -9999.000 -9999.000 -9999.000 -9999.000 -9999.000 -9999.000 -9999.000 -9999.000 -9999.000 -9999.000 -9999.000 -9999.000 -9999.000 -9999.000 -9999.000 -9999.000 -9999.000 -9999.000 -9999.000 -9999.000 -9999.000 -9999.000 -9999.000 -9999.000 -9999.000 -9999.000 -9999.000 -9999.000 -9999.000 -9999.000 -9999.000 -9999.000 -9999.000 -9999.000 -9999.000 -9999.000 -9999.000 -9999.000 -9999.000 -9999.000 -9999.000 -9999.000 -9999.000 -9999.000 -9999.000 -9999.000 -9999.000 -9999.000 -9999.000 -9999.000 -9999.000 -9999.000 -9999.000 -9999.000 -9999.000 -9999.000 -9999.000 -9999.000 -9999.000 -9999.000 -9999.000 -9999.000 -9999.000 -9999.000 -9999.000 -9999.000 -9999.000 -9999.000 -9999.000 -9999.000 -9999.000 -9999.000 -9999.000 -9999.000 -9999.000 -9999.000 -9999.000 -9999.000 -9999.000
-9999.000 -9999.000 7724.344 7624.836 7525.824 7427.309 7329.297 7231.794 7134.806 7038.339 6942.402 6846.999 6752.140 6657.832 6564.081 6470.896 6378.285 6286.254 6194.812 6103.964 6013.716 5924.072 5835.037 5746.614 5658.806 5571.616 5485.047 5399.100 5313.779 5229.082 5145.008 5061.558 4978.731 4896.523 4814.933 4733.957 4653.590 4573.827 4494.662 4416.090 4338.102 4260.689 4183.844 4107.558 4031.818 3956.614 3881.933 3807.763 3734.090 3660.897 3588.170 3515.892 3444.045 3372.608 3301.569 3230.907 3160.597 3090.623 3020.963 2951.590 2882.482 2813.619 2744.970 2676.508 2608.220 2540.069 2472.023 2404.070 2336.174 2268.293 2200.413 2132.501 2064.504 1996.407 1928.181 1859.764 1791.126 1722.261 1653.089 1583.552 1513.688 1443.411 1372.623 1301.339 1229.531 1157.067 1083.852 1009.984 935.353 859.795 783.189 705.622 627.005 547.138 465.845 382.982 298.489 212.329 124.179 33.718 -58.935 -152.639 -9999.000 -9999.000
-9999.000 -9999.000 7724.344 7624.836 7525.824 7427.309 7329.297 7231.794 7134.806 7038.339 6942.402 6846.999 6752.140 6657.832 6564.081 6470.896 6378.285 6286.254 6194.812 6103.964 6013.716 5924.072 5835.037 5746.614 5658.806 5571.616 5485.047 5399.100 5313.779 5229.082 5145.008 5061.558 4978.731 4896.523 4814.933 4733.957 4653.590 4573.827 4494.662 4416.090 4338.102 4260.689 4183.844 4107.558 4031.818 3956.614 3881.933 3807.763 3734.090 3660.897 3588.170 3515.892 3444.045 3372.608 3301.569 3230.907 3160.597 3090.623 3020.963 2951.590 2882.482 2813.619 2744.970 2676.508 2608.220 2540.069 2472.023 2404.070 2336.174 2268.293 2200.413 2132.501 2064.504 1996.407 1928.181 1859.764 1791.126 1722.261 1653.089 1583.552 1513.688 1443.411 1372.623 1301.339 1229.531 1157.067 1083.852 1009.984 935.353 859.795 783.189 705.622 627.005 547.138 465.845 382.982 298.489 212.329 124.179 33.718 -58.935 -152.639 -9999.000 -9999.000
-9999.000 -9999.000 7724.344 7624.836 7525.824 7427.309 7329.297 7231.794 7134.806 7038.339 6942.402 6846.999 6752.140 6657.832 6564.081 6470.896 6378.285 6286.254 6194.812 6103.964 6013.716 5924.072 5835.037 5746.614 5658.806 5571.616 5485.047 5399.100 5313.779 5229.082 5145.008 5061.558 4978.731 4896.523 4814.933 4733.957 4653.590 4573.827 4494.662 4416.090 4338.102 4260.689 4183.844 4107.558 4031.818 3956.614 3881.933 3807.763 3734.090 3660.897 3588.170 3515.892 3444.045 3372.608 3301.569 3230.907 3160.597 3090.623 3020.963 2951.590 2882.482 2813.619 2744.970 2676.508 2608.220 2540.069 2472.023 2404.070 2336.174 2268.293 2200.413 2132.501 2064.504 1996.407 1928.181 1859.764 1791.126 1722.261 1653.089 1583.552 1513.688 1443.411 1372.623 1301.339 1229.531 1157.067 1083.852 1009.984 935.353 859.795 783.189 705.622 627.005 547.138 465.845 382.982 298.489 212.329 124.179 33.718 -58.935 -152.639 -9999.000 -9999.000
-9999.000 -9999.000 7724.344 7624.836 7525.824 7427.309 7329.297 7231.794 7134.806 7038.339 6942.402 6846.999 6752.140 6657.832 6564.081 6470.896 6378.285 6286.254 6194.812 6103.964 6013.716 5924.072 5835.037 5746.614 5658.806 5571.616 5485.047 5399.100 5313.779 5229.082 5145.008 5061.558 4978.731 4896.523 4814.933 4733.957 4653.590 4573.827 4494.662 4416.090 4338.102 4260.689 4183.844 4107.558 4031.818 3956.614 3881.933 3807.763 3734.090 3660.897 3588.170 3515.892 3444.045 3372.608 3301.569 3230.907 3160.597 3090.623 3020.963 2951.590 2882.482 2813.619 2744.970 2676.508 2608.220 2540.069 2472.023 2404.070 2336.174 2268.293 2200.413 2132.501 2064.504 1996.407 1928.181 1859.764 1791.126 1722.261 1653.089 1583.552 1513.688 1443.411 1372.623 1301.339 1229.531 1157.067 1083.852 1009.984 935.353 859.795 783.189 705.622 627.005 547.138 465.845 382.982 298.489 212.329 124.179 33.718 -58.935 -152.639 -9999.000 -9999.000
-9999.000 -9999.000 7724.344 7624.836 7525.824 7427.309 7329.297 7231.794 7134.806 7038.339 6942.402 6846.999 6752.140 6657.832 6564.081 6470.896 6378.285 6286.254 6194.812 6103.964 6013.716 5924.072 5835.037 5746.614 5658.806 5571.616 5485.047 5399.100 5313.779 5229.082 5145.008 5061.558 4978.731 4896.523 4814.933 4733.957 4653.590 4573.827 4494.662 4416.090 4338.102 4260.689 4183.844 4107.558 4031.818 3956.614 3881.933 3807.763 3734.090 3660.897 3588.170 3515.892 3444.045 3372.608 3301.569 3230.907 3160.597 3090.623 3020.963 2951.590 2882.482 2813.619 2744.970 2676.508 2608.220 2540.069 2472.023 2404.070 2336.174 2268.293 2200.413 2132.501 2064.504 1996.407 1928.181 1859.764 1791.126 1722.261 1653.089 1583.552 1513.688 1443.411 1372.623 1301.339 1229.531 1157.067 1083.852 1009.984 935.353 859.795 783.189 705.622 627.005 547.138 465.845 382.982 298.489 212.329 124.179 33.718 -58.935 -152.639 -9999.000 -9999.000
-9999.000 -9999.000 7724.344 7624.836 7525.824 7427.309 7329.297 7231.794 7134.806 7038.339 6942.402 6846.999 6752.140 6657.832 6564.081 6470.896 6378.285 6286.254 6194.812 6103.964 6013.716 5924.072 5835.037 5746.614 5658.806 5571.616 5485.047 5399.100 5313.779 5229.082 5145.008 5061.558 4978.731 4896.523 4814.933 4733.957 4653.590 4573.827 4494.662 4416.090 4338.102 4260.689 4183.844 4107.558 4031.818 3956.614 3881.933 3807.763 3734.090 3660.897 3588.170 3515.892 3444.045 3372.608 3301.569 3230.907 3160.597 3090.623 3020.963 2951.590 2882.482 2813.619 2744.970 2676.508 2608.220 2540.069 2472.023 2404.070 2336.174 2268.293 2200.413 2132.501 2064.504 1996.407 1928.181 1859.764 1791.126 1722.261 1653.089 1583.552 1513.688 1443.411 1372.623 1301.339 1229.531 1157.067 1083.852 1009.984 935.353 859.795 783.189 705.622 627.005 547.138 465.845 382.982 298.489 212.329 124.179 33.718 -58.935 -152.639 -9999.000 -9999.000
-9999.000 -9999.000 -9999.000 -9999.000 -9999.000 -9999.000 -9999.000 -9999.000 -9999.000 -9999.000 -9999.000 -9999.000 -9999.000 -9999.000 -9999.000 -9999.000 -9999.000 -9999.000 -9999.000 -9999.000 -9999.000 -9999.000 -9999.000 -9999.000 -9999.000 -9999.000 -9999.000 -9999.000 -9999.000 -9999.000 -9999.000 -9999.000 -9999.000 -9999.000 -9999.000 -9999.000 -9999.000 -9999.000 -9999.000 -9999.000 -9999.000 -9999.000 -9999.000 -9999.000 -9999.000 -9999.000 -9999.000 -9999.000 -9999.000 -9999.000 -9999.000 -9999.000 -9999.000 -9999.000 -9999.000 -9999.000 -9999.000 -9999.000 -9999.000 -9999.000 -9999.000 -9999.000 -9999.000 -9999.000 -9999.000 -9999.000 -9999.000 -9999.000 -9999.000 -9999.000 -9999.000 -9999.000 -9999.000 -9999.000 -9999.000 -9999.000 -9999.000 -9999.000 -9999.000 -9999.000 -9999.000 -9999.000 -9999.000 -9999.000 -9999.000 -9999.000 -9999.000 -9999.000 -9999.000 -9999.000 -9999.000 -9999.000 -9999.000 -9999.000 -9999.000 -9999.000 -9999.000 -9999.000 -9999.000 -9999.000 -9999.000 -9999.000 -9999.000 -9999.000
-9999.000 -9999.000 -9999.000 -9999.000 -9999.000 -9999.000 -9999.000 -9999.000 -9999.000 -9999.000 -9999.000 -9999.000 -9999.000 -9999.000 -9999.000 -9999.000 -9999.000 -9999.000 -9999.000 -9999.000 -9999.000 -9999.000 -9999.000 -9999.000 -9999.000 -9999.000 -9999.000 -9999.000 -9999.000 -9999.000 -9999.000 -9999.000 -9999.000 -9999.000 -9999.000 -9999.000 -9999.000 -9999.000 -9999.000 -9999.000 -9999.000 -9999.000 -9999.000 -9999.000 -9999.000 -9999.000 -9999.000 -9999.000 -9999.000 -9999.000 -9999.000 -9999.000 -9999.000 -9999.000 -9999.000 -9999.000 -9999.000 -9999.000 -9999.000 -9999.000 -9999.000 -9999.000 -9999.000 -9999.000 -9999.000 -9999.000 -9999.000 -9999.000 -9999.000 -9999.000 -9999.000 -9999.000 -9999.000 -9999.000 -9999.000 -9999.000 -9999.000 -9999.000 -9999.000 -9999.000 -9999.000 -9999.000 -9999.000 -9999.000 -9999.000 -9999.000 -9999.000 -9999.000 -9999.000 -9999.000 -9999.000 -9999.000 -9999.000 -9999.000 -9999.000 -9999.000 -9999.000 -9999.000 -9999.000 -9999.000 -9999.000 -9999.000 -9999.000 -9999.000