examples/3D/hillslope01/output-maps-METEOIO-ON/psiliqL0052N0003.asc
ncols         104
nrows         10
xllcorner     -2.000000
yllcorner     0.000000
cellsize      1.000000
NODATA_value  -9999.0
-9999.000 -9999.000 -9999.000 -9999.000 -9999.000 -9999.000 -9999.000 -9999.000 -9999.000 -9999.000 -9999.000 -9999.000 -9999.000 -9999.000 -9999.000 -9999.000 -9999.000 -9999.000 -9999.000 -9999.000 -9999.000 -9999.000 -9999.000 -9999.000 -9999.000 -9999.000 -9999.000 -9999.000 -9999.000 -9999.000 -9999.000 -9999.000 -9999.000 -9999.000 -9999.000 -9999.000 -9999.000 -9999.000 -9999.000 -9999.000 -9999.000 -9999.000 -9999.000 -9999.000 -9999.000 -9999.000 -9999.000 -9999.000 -9999.000 -9999.000 -9999.000 -9999.000 -9999.000 -9999.000 -9999.000 -9999.000 -9999.000 -9999.000 -9999.000 -9999.000 -9999.000 -9999.000 -9999.000 -9999.000 -9999.000 -9999.000 -9999.000 -9999.000 -9999.000 -9999.000 -9999.000 -9999.000 -9999.000 -9999.000 -9999.000 -9999.000 -9999.000 -9999.000 -9999.000 -9999.000 -9999.000 -9999.000 -9999.000 -9999.000 -9999.000 -9999.000 -9999.000 -9999.000 -9999.000 -9999.000 -9999.000 -9999.000 -9999.000 -9999.000 -9999.000 -9999.000 -9999.000 -9999.000 -9999.000 -9999.000 -9999.000 -9999.000 -9999.000 -9999.000
-9999.000 -9999.000 -9999.000 -9999.000 -9999.000 -9999.000 -9999.000 -9999.000 -9999.000 -9999.000 -9999.000 -9999.000 -9999.000 -9999.000 -9999.000 -9999.000 -9999.000 -9999.000 -9999.000 -9999.000 -9999.000 -9999.000 -9999.000 -9999.000 -9999.000 -9999.000 -9999.000 -9999.000 -9999.000 -9999.000 -9999.000 -9999.000 -9999.000 -9999.000 -9999.000 -9999.000 -9999.000 -9999.000 -9999.000 -9999.000 -9999.000 -9999.000 -9999.000 -9999.000 -9999.000 -9999.000 -9999.000 -9999.000 -9999.000 -9999.000 -9999.000 -9999.000 -9999.000 -9999.000 -9999.000 -9999.000 -9999.000 -9999.000 -9999.000 -9999.000 -9999.000 -9999.000 -9999.000 -9999.000 -9999.000 -9999.000 -9999.000 -9999.000 -9999.000 -9999.000 -9999.000 -9999.000 -9999.000 -9999.000 -9999.000 -9999.000 -9999.000 -9999.000 -9999.000 -9999.000 -9999.000 -9999.000 -9999.000 -9999.000 -9999.000 -9999.000 -9999.000 -9999.000 -9999.000 -9999.000 -9999.000 -9999.000 -9999.000 -9999.000 -9999.000 -9999.000 -9999.000 -9999.000 -9999.000 -9999.000 -9999.000 -9999.000 -9999.000 -9999.000
-9999.000 -9999.000 4546.220 4446.403 4346.774 4247.344 4148.123 4049.123 3950.354 3851.825 3753.544 3655.517 3557.751 3460.251 3363.021 3266.066 3169.388 3072.990 2976.876 2881.047 2785.509 2690.265 2595.320 2500.679 2406.347 2312.329 2218.628 2125.250 2032.197 1939.473 1847.079 1755.017 1663.286 1571.883 1480.802 1390.044 1299.617 1209.531 1119.789 1030.395 941.348 852.647 764.285 676.249 588.515 501.090 414.023 327.313 240.955 154.938 69.247 -16.148 -101.288 -186.045 -270.392 -353.765 -435.188 -513.537 -587.451 -655.398 -716.230 -769.462 -815.094 -853.526 -885.435 -911.712 -933.284 -950.978 -965.521 -977.532 -987.520 -995.894 -1002.977 -1009.026 -1014.244 -1018.789 -1022.787 -1026.334 -1029.510 -1032.374 -1034.976 -1037.353 -1039.536 -1041.550 -1043.414 -1045.144 -1046.751 -1048.247 -1049.639 -1050.934 -1052.135 -1053.248 -1054.276 -1055.221 -1056.086 -1056.871 -1057.582 -1058.235 -1058.928 -1060.219 -1064.905 -1085.470 -9999.000 -9999.000
-9999.000 -9999.000 4546.220 4446.403 4346.774 4247.344 4148.123 4049.123 3950.354 3851.825 3753.544 3655.517 3557.751 3460.251 3363.021 3266.066 3169.388 3072.990 2976.876 2881.047 2785.509 2690.265 2595.320 2500.679 2406.347 2312.329 2218.628 2125.250 2032.197 1939.473 1847.079 1755.017 1663.286 1571.883 1480.802 1390.044 1299.617 1209.531 1119.789 1030.395 941.348 852.647 764.285 676.249 588.515 501.090 414.023 327.313 240.955 154.938 69.247 -16.148 -101.288 -186.045 -270.392 -353.765 -435.188 -513.537 -587.451 -655.398 -716.230 -769.462 -815.094 -853.526 -885.435 -911.712 -933.284 -950.978 -965.521 -977.532 -987.520 -995.894 -1002.977 -1009.026 -1014.244 -1018.789 -1022.787 -1026.334 -1029.510 -1032.374 -1034.976 -1037.353 -1039.536 -1041.550 -1043.414 -1045.144 -1046.751 -1048.247 -1049.639 -1050.934 -1052.135 -1053.248 -1054.276 -1055.221 -1056.086 -1056.871 -1057.582 -1058.235 -1058.928 -1060.219 -1064.905 -1085.470 -9999.000 -9999.000
-9999.000 -9999.000 4546.220 4446.403 4346.774 4247.344 4148.123 4049.123 3950.354 3851.825 3753.544 3655.517 3557.751 3460.251 3363.021 3266.066 3169.388 3072.990 2976.876 2881.047 2785.509 2690.265 2595.320 2500.679 2406.347 2312.329 2218.628 2125.250 2032.197 1939.473 1847.079 1755.017 1663.286 1571.883 1480.802 1390.044 1299.617 1209.531 1119.789 1030.395 941.348 852.647 764.285 676.249 588.515 501.090 414.023 327.313 240.955 154.938 69.247 -16.148 -101.288 -186.045 -270.392 -353.765 -435.188 -513.537 -587.451 -655.398 -716.230 -769.462 -815.094 -853.526 -885.435 -911.712 -933.284 -950.978 -965.521 -977.532 -987.520 -995.894 -1002.977 -1009.026 -1014.244 -1018.789 -1022.787 -1026.334 -1029.510 -1032.374 -1034.976 -1037.353 -1039.536 -1041.550 -1043.414 -1045.144 -1046.751 -1048.247 -1049.639 -1050.934 -1052.135 -1053.248 -1054.276 -1055.221 -1056.086 -1056.871 -1057.582 -1058.235 -1058.928 -1060.219 -1064.905 -1085.470 -9999.000 -9999.000
-9999.000 -9999.000 4546.220 4446.403 4346.774 4247.344 4148.123 4049.123 3950.354 3851.825 3753.544 3655.517 3557.751 3460.251 3363.021 3266.066 3169.388 3072.990 2976.876 2881.047 2785.509 2690.265 2595.320 2500.679 2406.347 2312.329 2218.628 2125.250 2032.197 1939.473 1847.079 1755.017 1663.286 1571.883 1480.802 1390.044 1299.617 1209.531 1119.789 1030.395 941.348 852.647 764.285 676.249 588.515 501.090 414.023 327.313 240.955 154.938 69.247 -16.148 -101.288 -186.045 -270.392 -353.765 -435.188 -513.537 -587.451 -655.398 -716.230 -769.462 -815.094 -853.526 -885.435 -911.712 -933.284 -950.978 -965.521 -977.532 -987.520 -995.894 -1002.977 -1009.026 -1014.244 -1018.789 -1022.787 -1026.334 -1029.510 -1032.374 -1034.976 -1037.353 -1039.536 -1041.550 -1043.414 -1045.144 -1046.751 -1048.247 -1049.639 -1050.934 -1052.135 -1053.248 -1054.276 -1055.221 -1056.086 -1056.871 -1057.582 -1058.235 -1058.928 -1060.219 -1064.905 -1085.470 -9999.000 -9999.000
-9999.000 -9999.000 4546.220 4446.403 4346.774 4247.344 4148.123 4049.123 3950.354 3851.825 3753.544 3655.517 3557.751 3460.251 3363.021 3266.066 3169.388 3072.990 2976.876 2881.047 2785.509 2690.265 2595.320 2500.679 2406.347 2312.329 2218.628 2125.250 2032.197 1939.473 1847.079 1755.017 1663.286 1571.883 1480.802 1390.044 1299.617 1209.531 1119.789 1030.395 941.348 852.647 764.285 676.249 588.515 501.090 414.023 327.313 240.955 154.938 69.247 -16.148 -101.288 -186.045 -270.392 -353.765 -435.188 -513.537 -587.451 -655.398 -716.230 -769.462 -815.094 -853.526 -885.435 -911.712 -933.284 -950.978 -965.521 -977.532 -987.520 -995.894 -1002.977 -1009.026 -1014.244 -1018.789 -1022.787 -1026.334 -1029.510 -1032.374 -1034.976 -1037.353 -1039.536 -1041.550 -1043.414 -1045.144 -1046.751 -1048.247 -1049.639 -1050.934 -1052.135 -1053.248 -1054.276 -1055.221 -1056.086 -1056.871 -1057.582 -1058.235 -1058.928 -1060.219 -1064.905 -1085.470 -9999.000 -9999.000
-9999.000 -9999.000 4546.220 4446.403 4346.774 4247.344 4148.123 4049.123 3950.354 3851.825 3753.544 3655.517 3557.751 3460.251 3363.021 3266.066 3169.388 3072.990 2976.876 2881.047 2785.509 2690.265 2595.320 2500.679 2406.347 2312.329 2218.628 2125.250 2032.197 1939.473 1847.079 1755.017 1663.286 1571.883 1480.802 1390.044 1299.617 1209.531 1119.789 1030.395 941.348 852.647 764.285 676.249 588.515 501.090 414.023 327.313 240.955 154.938 69.247 -16.148 -101.288 -186.045 -270.392 -353.765 -435.188 -513.537 -587.451 -655.398 -716.230 -769.462 -815.094 -853.526 -885.435 -911.712 -933.284 -950.978 -965.521 -977.532 -987.520 -995.894 -1002.977 -1009.026 -1014.244 -1018.789 -1022.787 -1026.334 -1029.510 -1032.374 -1034.976 -1037.353 -1039.536 -1041.550 -1043.414 -1045.144 -1046.751 -1048.247 -1049.639 -1050.934 -1052.135 -1053.248 -1054.276 -1055.221 -1056.086 -1056.871 -1057.582 -1058.235 -1058.928 -1060.219 -1064.905 -1085.470 -9999.000 -9999.000
-9999.000 -9999.000 -9999.000 -9999.000 -9999.000 -9999.000 -9999.000 -9999.000 -9999.000 -9999.000 -9999.000 -9999.000 -9999.000 -9999.000 -9999.000 -9999.000 -9999.000 -9999.000 -9999.000 -9999.000 -9999.000 -9999.000 -9999.000 -9999.000 -9999.000 -9999.000 -9999.000 -9999.000 -9999.000 -9999.000 -9999.000 -9999.000 -9999.000 -9999.000 -9999.000 -9999.000 -9999.000 -9999.000 -9999.000 -9999.000 -9999.000 -9999.000 -9999.000 -9999.000 -9999.000 -9999.000 -9999.000 -9999.000 -9999.000 -9999.000 -9999.000 -9999.000 -9999.000 -9999.000 -9999.000 -9999.000 -9999.000 -9999.000 -9999.000 -9999.000 -9999.000 -9999.000 -9999.000 -9999.000 -9999.000 -9999.000 -9999.000 -9999.000 -9999.000 -9999.000 -9999.000 -9999.000 -9999.000 -9999.000 -9999.000 -9999.000 -9999.000 -9999.000 -9999.000 -9999.000 -9999.000 -9999.000 -9999.000 -9999.000 -9999.000 -9999.000 -9999.000 -9999.000 -9999.000 -9999.000 -9999.000 -9999.000 -9999.000 -9999.000 -9999.000 -9999.000 -9999.000 -9999.000 -9999.000 -9999.000 -9999.000 -9999.000 -9999.000 -9999.000
-9999.000 -9999.000 -9999.000 -9999.000 -9999.000 -9999.000 -9999.000 -9999.000 -9999.000 -9999.000 -9999.000 -9999.000 -9999.000 -9999.000 -9999.000 -9999.000 -9999.000 -9999.000 -9999.000 -9999.000 -9999.000 -9999.000 -9999.000 -9999.000 -9999.000 -9999.000 -9999.000 -9999.000 -9999.000 -9999.000 -9999.000 -9999.000 -9999.000 -9999.000 -9999.000 -9999.000 -9999.000 -9999.000 -9999.000 -9999.000 -9999.000 -9999.000 -9999.000 -9999.000 -9999.000 -9999.000 -9999.000 -9999.000 -9999.000 -9999.000 -9999.000 -9999.000 -9999.000 -9999.000 -9999.000 -9999.000 -9999.000 -9999.000 -9999.000 -9999.000 -9999.000 -9999.000 -9999.000 -9999.000 -9999.000 -9999.000 -9999.000 -9999.000 -9999.000 -9999.000 -9999.000 -9999.000 -9999.000 -9999.000 -9999.000 -9999.000 -9999.000 -9999.000 -9999.000 -9999.000 -9999.000 -9999.000 -9999.000 -9999.000 -9999.000 -9999.000 -9999.000 -9999.000 -9999.000 -9999.000 -9999.000 -9999.000 -9999.000 -9999.000 -9999.000 -9999.000 -9999.000 -9999.000 -9999.000 -9999.000 -9999.000 -9999.000 -9999.000 -9999.000