examples/3D/hillslope01/output-maps-METEOIO-ON/psiliqL0019N0003.asc
ncols         104
nrows         10
xllcorner     -2.000000
yllcorner     0.000000
cellsize      1.000000
NODATA_value  -9999.0
-9999.000 -9999.000 -9999.000 -9999.000 -9999.000 -9999.000 -9999.000 -9999.000 -9999.000 -9999.000 -9999.000 -9999.000 -9999.000 -9999.000 -9999.000 -9999.000 -9999.000 -9999.000 -9999.000 -9999.000 -9999.000 -9999.000 -9999.000 -9999.000 -9999.000 -9999.000 -9999.000 -9999.000 -9999.000 -9999.000 -9999.000 -9999.000 -9999.000 -9999.000 -9999.000 -9999.000 -9999.000 -9999.000 -9999.000 -9999.000 -9999.000 -9999.000 -9999.000 -9999.000 -9999.000 -9999.000 -9999.000 -9999.000 -9999.000 -9999.000 -9999.000 -9999.000 -9999.000 -9999.000 -9999.000 -9999.000 -9999.000 -9999.000 -9999.000 -9999.000 -9999.000 -9999.000 -9999.000 -9999.000 -9999.000 -9999.000 -9999.000 -9999.000 -9999.000 -9999.000 -9999.000 -9999.000 -9999.000 -9999.000 -9999.000 -9999.000 -9999.000 -9999.000 -9999.000 -9999.000 -9999.000 -9999.000 -9999.000 -9999.000 -9999.000 -9999.000 -9999.000 -9999.000 -9999.000 -9999.000 -9999.000 -9999.000 -9999.000 -9999.000 -9999.000 -9999.000 -9999.000 -9999.000 -9999.000 -9999.000 -9999.000 -9999.000 -9999.000 -9999.000
-9999.000 -9999.000 -9999.000 -9999.000 -9999.000 -9999.000 -9999.000 -9999.000 -9999.000 -9999.000 -9999.000 -9999.000 -9999.000 -9999.000 -9999.000 -9999.000 -9999.000 -9999.000 -9999.000 -9999.000 -9999.000 -9999.000 -9999.000 -9999.000 -9999.000 -9999.000 -9999.000 -9999.000 -9999.000 -9999.000 -9999.000 -9999.000 -9999.000 -9999.000 -9999.000 -9999.000 -9999.000 -9999.000 -9999.000 -9999.000 -9999.000 -9999.000 -9999.000 -9999.000 -9999.000 -9999.000 -9999.000 -9999.000 -9999.000 -9999.000 -9999.000 -9999.000 -9999.000 -9999.000 -9999.000 -9999.000 -9999.000 -9999.000 -9999.000 -9999.000 -9999.000 -9999.000 -9999.000 -9999.000 -9999.000 -9999.000 -9999.000 -9999.000 -9999.000 -9999.000 -9999.000 -9999.000 -9999.000 -9999.000 -9999.000 -9999.000 -9999.000 -9999.000 -9999.000 -9999.000 -9999.000 -9999.000 -9999.000 -9999.000 -9999.000 -9999.000 -9999.000 -9999.000 -9999.000 -9999.000 -9999.000 -9999.000 -9999.000 -9999.000 -9999.000 -9999.000 -9999.000 -9999.000 -9999.000 -9999.000 -9999.000 -9999.000 -9999.000 -9999.000
-9999.000 -9999.000 1274.856 1174.946 1075.150 975.508 876.081 776.904 677.980 579.304 480.880 382.721 284.840 187.244 89.931 -7.097 -103.827 -200.691 -298.566 -399.090 -504.773 -619.247 -747.681 -897.482 -1079.343 -1308.364 -1603.620 -1979.881 -2416.011 -2802.741 -3014.338 -3088.308 -3109.709 -3115.876 -3117.770 -3118.403 -3118.634 -3118.727 -3118.768 -3118.787 -3118.797 -3118.803 -3118.806 -3118.808 -3118.810 -3118.811 -3118.811 -3118.812 -3118.812 -3118.812 -3118.812 -3118.812 -3118.812 -3118.812 -3118.812 -3118.812 -3118.812 -3118.812 -3118.812 -3118.812 -3118.812 -3118.812 -3118.812 -3118.812 -3118.812 -3118.812 -3118.812 -3118.812 -3118.812 -3118.812 -3118.812 -3118.812 -3118.812 -3118.812 -3118.812 -3118.812 -3118.812 -3118.812 -3118.812 -3118.812 -3118.812 -3118.812 -3118.812 -3118.812 -3118.812 -3118.812 -3118.812 -3118.812 -3118.813 -3118.813 -3118.813 -3118.813 -3118.813 -3118.813 -3118.813 -3118.813 -3118.813 -3118.813 -3118.813 -3118.815 -3118.951 -3123.729 -9999.000 -9999.000
-9999.000 -9999.000 1274.856 1174.946 1075.150 975.508 876.081 776.904 677.980 579.304 480.880 382.721 284.840 187.244 89.931 -7.097 -103.827 -200.691 -298.566 -399.090 -504.773 -619.247 -747.681 -897.482 -1079.343 -1308.364 -1603.620 -1979.881 -2416.011 -2802.741 -3014.338 -3088.308 -3109.709 -3115.876 -3117.770 -3118.403 -3118.634 -3118.727 -3118.768 -3118.787 -3118.797 -3118.803 -3118.806 -3118.808 -3118.810 -3118.811 -3118.811 -3118.812 -3118.812 -3118.812 -3118.812 -3118.812 -3118.812 -3118.812 -3118.812 -3118.812 -3118.812 -3118.812 -3118.812 -3118.812 -3118.812 -3118.812 -3118.812 -3118.812 -3118.812 -3118.812 -3118.812 -3118.812 -3118.812 -3118.812 -3118.812 -3118.812 -3118.812 -3118.812 -3118.812 -3118.812 -3118.812 -3118.812 -3118.812 -3118.812 -3118.812 -3118.812 -3118.812 -3118.812 -3118.812 -3118.812 -3118.812 -3118.812 -3118.813 -3118.813 -3118.813 -3118.813 -3118.813 -3118.813 -3118.813 -3118.813 -3118.813 -3118.813 -3118.813 -3118.815 -3118.951 -3123.729 -9999.000 -9999.000
-9999.000 -9999.000 1274.856 1174.946 1075.150 975.508 876.081 776.904 677.980 579.304 480.880 382.721 284.840 187.244 89.931 -7.097 -103.827 -200.691 -298.566 -399.090 -504.773 -619.247 -747.681 -897.482 -1079.343 -1308.364 -1603.620 -1979.881 -2416.011 -2802.741 -3014.338 -3088.308 -3109.709 -3115.876 -3117.770 -3118.403 -3118.634 -3118.727 -3118.768 -3118.787 -3118.797 -3118.803 -3118.806 -3118.808 -3118.810 -3118.811 -3118.811 -3118.812 -3118.812 -3118.812 -3118.812 -3118.812 -3118.812 -3118.812 -3118.812 -3118.812 -3118.812 -3118.812 -3118.812 -3118.812 -3118.812 -3118.812 -3118.812 -3118.812 -3118.812 -3118.812 -3118.812 -3118.812 -3118.812 -3118.812 -3118.812 -3118.812 -3118.812 -3118.812 -3118.812 -3118.812 -3118.812 -3118.812 -3118.812 -3118.812 -3118.812 -3118.812 -3118.812 -3118.812 -3118.812 -3118.812 -3118.812 -3118.812 -3118.813 -3118.813 -3118.813 -3118.813 -3118.813 -3118.813 -3118.813 -3118.813 -3118.813 -3118.813 -3118.813 -3118.815 -3118.951 -3123.729 -9999.000 -9999.000
-9999.000 -9999.000 1274.856 1174.946 1075.150 975.508 876.081 776.904 677.980 579.304 480.880 382.721 284.840 187.244 89.931 -7.097 -103.827 -200.691 -298.566 -399.090 -504.773 -619.247 -747.681 -897.482 -1079.343 -1308.364 -1603.620 -1979.881 -2416.011 -2802.741 -3014.338 -3088.308 -3109.709 -3115.876 -3117.770 -3118.403 -3118.634 -3118.727 -3118.768 -3118.787 -3118.797 -3118.803 -3118.806 -3118.808 -3118.810 -3118.811 -3118.811 -3118.812 -3118.812 -3118.812 -3118.812 -3118.812 -3118.812 -3118.812 -3118.812 -3118.812 -3118.812 -3118.812 -3118.812 -3118.812 -3118.812 -3118.812 -3118.812 -3118.812 -3118.812 -3118.812 -3118.812 -3118.812 -3118.812 -3118.812 -3118.812 -3118.812 -3118.812 -3118.812 -3118.812 -3118.812 -3118.812 -3118.812 -3118.812 -3118.812 -3118.812 -3118.812 -3118.812 -3118.812 -3118.812 -3118.812 -3118.812 -3118.812 -3118.813 -3118.813 -3118.813 -3118.813 -3118.813 -3118.813 -3118.813 -3118.813 -3118.813 -3118.813 -3118.813 -3118.815 -3118.951 -3123.729 -9999.000 -9999.000
-9999.000 -9999.000 1274.856 1174.946 1075.150 975.508 876.081 776.904 677.980 579.304 480.880 382.721 284.840 187.244 89.931 -7.097 -103.827 -200.691 -298.566 -399.090 -504.773 -619.247 -747.681 -897.482 -1079.343 -1308.364 -1603.620 -1979.881 -2416.011 -2802.741 -3014.338 -3088.308 -3109.709 -3115.876 -3117.770 -3118.403 -3118.634 -3118.727 -3118.768 -3118.787 -3118.797 -3118.803 -3118.806 -3118.808 -3118.810 -3118.811 -3118.811 -3118.812 -3118.812 -3118.812 -3118.812 -3118.812 -3118.812 -3118.812 -3118.812 -3118.812 -3118.812 -3118.812 -3118.812 -3118.812 -3118.812 -3118.812 -3118.812 -3118.812 -3118.812 -3118.812 -3118.812 -3118.812 -3118.812 -3118.812 -3118.812 -3118.812 -3118.812 -3118.812 -3118.812 -3118.812 -3118.812 -3118.812 -3118.812 -3118.812 -3118.812 -3118.812 -3118.812 -3118.812 -3118.812 -3118.812 -3118.812 -3118.812 -3118.813 -3118.813 -3118.813 -3118.813 -3118.813 -3118.813 -3118.813 -3118.813 -3118.813 -3118.813 -3118.813 -3118.815 -3118.951 -3123.729 -9999.000 -9999.000
-9999.000 -9999.000 1274.856 1174.946 1075.150 975.508 876.081 776.904 677.980 579.304 480.880 382.721 284.840 187.244 89.931 -7.097 -103.827 -200.691 -298.566 -399.090 -504.773 -619.247 -747.681 -897.482 -1079.343 -1308.364 -1603.620 -1979.881 -2416.011 -2802.741 -3014.338 -3088.308 -3109.709 -3115.876 -3117.770 -3118.403 -3118.634 -3118.727 -3118.768 -3118.787 -3118.797 -3118.803 -3118.806 -3118.808 -3118.810 -3118.811 -3118.811 -3118.812 -3118.812 -3118.812 -3118.812 -3118.812 -3118.812 -3118.812 -3118.812 -3118.812 -3118.812 -3118.812 -3118.812 -3118.812 -3118.812 -3118.812 -3118.812 -3118.812 -3118.812 -3118.812 -3118.812 -3118.812 -3118.812 -3118.812 -3118.812 -3118.812 -3118.812 -3118.812 -3118.812 -3118.812 -3118.812 -3118.812 -3118.812 -3118.812 -3118.812 -3118.812 -3118.812 -3118.812 -3118.812 -3118.812 -3118.812 -3118.812 -3118.813 -3118.813 -3118.813 -3118.813 -3118.813 -3118.813 -3118.813 -3118.813 -3118.813 -3118.813 -3118.813 -3118.815 -3118.951 -3123.729 -9999.000 -9999.000
-9999.000 -9999.000 -9999.000 -9999.000 -9999.000 -9999.000 -9999.000 -9999.000 -9999.000 -9999.000 -9999.000 -9999.000 -9999.000 -9999.000 -9999.000 -9999.000 -9999.000 -9999.000 -9999.000 -9999.000 -9999.000 -9999.000 -9999.000 -9999.000 -9999.000 -9999.000 -9999.000 -9999.000 -9999.000 -9999.000 -9999.000 -9999.000 -9999.000 -9999.000 -9999.000 -9999.000 -9999.000 -9999.000 -9999.000 -9999.000 -9999.000 -9999.000 -9999.000 -9999.000 -9999.000 -9999.000 -9999.000 -9999.000 -9999.000 -9999.000 -9999.000 -9999.000 -9999.000 -9999.000 -9999.000 -9999.000 -9999.000 -9999.000 -9999.000 -9999.000 -9999.000 -9999.000 -9999.000 -9999.000 -9999.000 -9999.000 -9999.000 -9999.000 -9999.000 -9999.000 -9999.000 -9999.000 -9999.000 -9999.000 -9999.000 -9999.000 -9999.000 -9999.000 -9999.000 -9999.000 -9999.000 -9999.000 -9999.000 -9999.000 -9999.000 -9999.000 -9999.000 -9999.000 -9999.000 -9999.000 -9999.000 -9999.000 -9999.000 -9999.000 -9999.000 -9999.000 -9999.000 -9999.000 -9999.000 -9999.000 -9999.000 -9999.000 -9999.000 -9999.000
-9999.000 -9999.000 -9999.000 -9999.000 -9999.000 -9999.000 -9999.000 -9999.000 -9999.000 -9999.000 -9999.000 -9999.000 -9999.000 -9999.000 -9999.000 -9999.000 -9999.000 -9999.000 -9999.000 -9999.000 -9999.000 -9999.000 -9999.000 -9999.000 -9999.000 -9999.000 -9999.000 -9999.000 -9999.000 -9999.000 -9999.000 -9999.000 -9999.000 -9999.000 -9999.000 -9999.000 -9999.000 -9999.000 -9999.000 -9999.000 -9999.000 -9999.000 -9999.000 -9999.000 -9999.000 -9999.000 -9999.000 -9999.000 -9999.000 -9999.000 -9999.000 -9999.000 -9999.000 -9999.000 -9999.000 -9999.000 -9999.000 -9999.000 -9999.000 -9999.000 -9999.000 -9999.000 -9999.000 -9999.000 -9999.000 -9999.000 -9999.000 -9999.000 -9999.000 -9999.000 -9999.000 -9999.000 -9999.000 -9999.000 -9999.000 -9999.000 -9999.000 -9999.000 -9999.000 -9999.000 -9999.000 -9999.000 -9999.000 -9999.000 -9999.000 -9999.000 -9999.000 -9999.000 -9999.000 -9999.000 -9999.000 -9999.000 -9999.000 -9999.000 -9999.000 -9999.000 -9999.000 -9999.000 -9999.000 -9999.000 -9999.000 -9999.000 -9999.000 -9999.000