examples/3D/hillslope01/output-maps-METEOIO-ON/psiliqL0039N0002.asc
ncols         104
nrows         10
xllcorner     -2.000000
yllcorner     0.000000
cellsize      1.000000
NODATA_value  -9999.0
-9999.000 -9999.000 -9999.000 -9999.000 -9999.000 -9999.000 -9999.000 -9999.000 -9999.000 -9999.000 -9999.000 -9999.000 -9999.000 -9999.000 -9999.000 -9999.000 -9999.000 -9999.000 -9999.000 -9999.000 -9999.000 -9999.000 -9999.000 -9999.000 -9999.000 -9999.000 -9999.000 -9999.000 -9999.000 -9999.000 -9999.000 -9999.000 -9999.000 -9999.000 -9999.000 -9999.000 -9999.000 -9999.000 -9999.000 -9999.000 -9999.000 -9999.000 -9999.000 -9999.000 -9999.000 -9999.000 -9999.000 -9999.000 -9999.000 -9999.000 -9999.000 -9999.000 -9999.000 -9999.000 -9999.000 -9999.000 -9999.000 -9999.000 -9999.000 -9999.000 -9999.000 -9999.000 -9999.000 -9999.000 -9999.000 -9999.000 -9999.000 -9999.000 -9999.000 -9999.000 -9999.000 -9999.000 -9999.000 -9999.000 -9999.000 -9999.000 -9999.000 -9999.000 -9999.000 -9999.000 -9999.000 -9999.000 -9999.000 -9999.000 -9999.000 -9999.000 -9999.000 -9999.000 -9999.000 -9999.000 -9999.000 -9999.000 -9999.000 -9999.000 -9999.000 -9999.000 -9999.000 -9999.000 -9999.000 -9999.000 -9999.000 -9999.000 -9999.000 -9999.000
-9999.000 -9999.000 -9999.000 -9999.000 -9999.000 -9999.000 -9999.000 -9999.000 -9999.000 -9999.000 -9999.000 -9999.000 -9999.000 -9999.000 -9999.000 -9999.000 -9999.000 -9999.000 -9999.000 -9999.000 -9999.000 -9999.000 -9999.000 -9999.000 -9999.000 -9999.000 -9999.000 -9999.000 -9999.000 -9999.000 -9999.000 -9999.000 -9999.000 -9999.000 -9999.000 -9999.000 -9999.000 -9999.000 -9999.000 -9999.000 -9999.000 -9999.000 -9999.000 -9999.000 -9999.000 -9999.000 -9999.000 -9999.000 -9999.000 -9999.000 -9999.000 -9999.000 -9999.000 -9999.000 -9999.000 -9999.000 -9999.000 -9999.000 -9999.000 -9999.000 -9999.000 -9999.000 -9999.000 -9999.000 -9999.000 -9999.000 -9999.000 -9999.000 -9999.000 -9999.000 -9999.000 -9999.000 -9999.000 -9999.000 -9999.000 -9999.000 -9999.000 -9999.000 -9999.000 -9999.000 -9999.000 -9999.000 -9999.000 -9999.000 -9999.000 -9999.000 -9999.000 -9999.000 -9999.000 -9999.000 -9999.000 -9999.000 -9999.000 -9999.000 -9999.000 -9999.000 -9999.000 -9999.000 -9999.000 -9999.000 -9999.000 -9999.000 -9999.000 -9999.000
-9999.000 -9999.000 2864.153 2764.604 2665.514 2566.893 2468.761 2371.131 2274.016 2177.424 2081.362 1985.834 1890.844 1796.396 1702.501 1609.168 1516.411 1424.244 1332.678 1241.727 1151.399 1061.699 972.627 884.166 796.288 709.018 622.384 536.406 451.098 366.455 282.442 198.937 116.083 33.920 -47.482 -128.271 -208.921 -289.875 -371.459 -454.236 -538.608 -624.682 -711.819 -798.552 -882.984 -962.778 -1035.563 -1098.920 -1150.082 -1185.860 -1210.890 -1230.297 -1245.819 -1258.329 -1268.556 -1277.012 -1284.090 -1290.091 -1295.240 -1299.711 -1303.638 -1307.124 -1310.252 -1313.085 -1315.672 -1318.056 -1320.267 -1322.333 -1324.274 -1326.107 -1327.846 -1329.502 -1331.085 -1332.602 -1334.060 -1335.462 -1336.813 -1338.117 -1339.375 -1340.590 -1341.763 -1342.895 -1343.986 -1345.038 -1346.050 -1347.022 -1347.955 -1348.847 -1349.699 -1350.509 -1351.277 -1352.003 -1352.685 -1353.324 -1353.916 -1354.464 -1354.965 -1355.421 -1355.847 -1356.391 -1358.405 -1372.305 -9999.000 -9999.000
-9999.000 -9999.000 2864.153 2764.604 2665.514 2566.893 2468.761 2371.131 2274.016 2177.424 2081.362 1985.834 1890.844 1796.396 1702.501 1609.168 1516.411 1424.244 1332.678 1241.727 1151.399 1061.699 972.627 884.166 796.288 709.018 622.384 536.406 451.098 366.455 282.442 198.937 116.083 33.920 -47.482 -128.271 -208.921 -289.875 -371.459 -454.236 -538.608 -624.682 -711.819 -798.552 -882.984 -962.778 -1035.563 -1098.920 -1150.082 -1185.860 -1210.890 -1230.297 -1245.819 -1258.329 -1268.556 -1277.012 -1284.090 -1290.091 -1295.240 -1299.711 -1303.638 -1307.124 -1310.252 -1313.085 -1315.672 -1318.056 -1320.267 -1322.333 -1324.274 -1326.107 -1327.846 -1329.502 -1331.085 -1332.602 -1334.060 -1335.462 -1336.813 -1338.117 -1339.375 -1340.590 -1341.763 -1342.895 -1343.986 -1345.038 -1346.050 -1347.022 -1347.955 -1348.847 -1349.699 -1350.509 -1351.277 -1352.003 -1352.685 -1353.324 -1353.916 -1354.464 -1354.965 -1355.421 -1355.847 -1356.391 -1358.405 -1372.305 -9999.000 -9999.000
-9999.000 -9999.000 2864.153 2764.604 2665.514 2566.893 2468.761 2371.131 2274.016 2177.424 2081.362 1985.834 1890.844 1796.396 1702.501 1609.168 1516.411 1424.244 1332.678 1241.727 1151.399 1061.699 972.627 884.166 796.288 709.018 622.384 536.406 451.098 366.455 282.442 198.937 116.083 33.920 -47.482 -128.271 -208.921 -289.875 -371.459 -454.236 -538.608 -624.682 -711.819 -798.552 -882.984 -962.778 -1035.563 -1098.920 -1150.082 -1185.860 -1210.890 -1230.297 -1245.819 -1258.329 -1268.556 -1277.012 -1284.090 -1290.091 -1295.240 -1299.711 -1303.638 -1307.124 -1310.252 -1313.085 -1315.672 -1318.056 -1320.267 -1322.333 -1324.274 -1326.107 -1327.846 -1329.502 -1331.085 -1332.602 -1334.060 -1335.462 -1336.813 -1338.117 -1339.375 -1340.590 -1341.763 -1342.895 -1343.986 -1345.038 -1346.050 -1347.022 -1347.955 -1348.847 -1349.699 -1350.509 -1351.277 -1352.003 -1352.685 -1353.324 -1353.916 -1354.464 -1354.965 -1355.421 -1355.847 -1356.391 -1358.405 -1372.305 -9999.000 -9999.000
-9999.000 -9999.000 2864.153 2764.604 2665.514 2566.893 2468.761 2371.131 2274.016 2177.424 2081.362 1985.834 1890.844 1796.396 1702.501 1609.168 1516.411 1424.244 1332.678 1241.727 1151.399 1061.699 972.627 884.166 796.288 709.018 622.384 536.406 451.098 366.455 282.442 198.937 116.083 33.920 -47.482 -128.271 -208.921 -289.875 -371.459 -454.236 -538.608 -624.682 -711.819 -798.552 -882.984 -962.778 -1035.563 -1098.920 -1150.082 -1185.860 -1210.890 -1230.297 -1245.819 -1258.329 -1268.556 -1277.012 -1284.090 -1290.091 -1295.240 -1299.711 -1303.638 -1307.124 -1310.252 -1313.085 -1315.672 -1318.056 -1320.267 -1322.333 -1324.274 -1326.107 -1327.846 -1329.502 -1331.085 -1332.602 -1334.060 -1335.462 -1336.813 -1338.117 -1339.375 -1340.590 -1341.763 -1342.895 -1343.986 -1345.038 -1346.050 -1347.022 -1347.955 -1348.847 -1349.699 -1350.509 -1351.277 -1352.003 -1352.685 -1353.324 -1353.916 -1354.464 -1354.965 -1355.421 -1355.847 -1356.391 -1358.405 -1372.305 -9999.000 -9999.000
-9999.000 -9999.000 2864.153 2764.604 2665.514 2566.893 2468.761 2371.131 2274.016 2177.424 2081.362 1985.834 1890.844 1796.396 1702.501 1609.168 1516.411 1424.244 1332.678 1241.727 1151.399 1061.699 972.627 884.166 796.288 709.018 622.384 536.406 451.098 366.455 282.442 198.937 116.083 33.920 -47.482 -128.271 -208.921 -289.875 -371.459 -454.236 -538.608 -624.682 -711.819 -798.552 -882.984 -962.778 -1035.563 -1098.920 -1150.082 -1185.860 -1210.890 -1230.297 -1245.819 -1258.329 -1268.556 -1277.012 -1284.090 -1290.091 -1295.240 -1299.711 -1303.638 -1307.124 -1310.252 -1313.085 -1315.672 -1318.056 -1320.267 -1322.333 -1324.274 -1326.107 -1327.846 -1329.502 -1331.085 -1332.602 -1334.060 -1335.462 -1336.813 -1338.117 -1339.375 -1340.590 -1341.763 -1342.895 -1343.986 -1345.038 -1346.050 -1347.022 -1347.955 -1348.847 -1349.699 -1350.509 -1351.277 -1352.003 -1352.685 -1353.324 -1353.916 -1354.464 -1354.965 -1355.421 -1355.847 -1356.391 -1358.405 -1372.305 -9999.000 -9999.000
-9999.000 -9999.000 2864.153 2764.604 2665.514 2566.893 2468.761 2371.131 2274.016 2177.424 2081.362 1985.834 1890.844 1796.396 1702.501 1609.168 1516.411 1424.244 1332.678 1241.727 1151.399 1061.699 972.627 884.166 796.288 709.018 622.384 536.406 451.098 366.455 282.442 198.937 116.083 33.920 -47.482 -128.271 -208.921 -289.875 -371.459 -454.236 -538.608 -624.682 -711.819 -798.552 -882.984 -962.778 -1035.563 -1098.920 -1150.082 -1185.860 -1210.890 -1230.297 -1245.819 -1258.329 -1268.556 -1277.012 -1284.090 -1290.091 -1295.240 -1299.711 -1303.638 -1307.124 -1310.252 -1313.085 -1315.672 -1318.056 -1320.267 -1322.333 -1324.274 -1326.107 -1327.846 -1329.502 -1331.085 -1332.602 -1334.060 -1335.462 -1336.813 -1338.117 -1339.375 -1340.590 -1341.763 -1342.895 -1343.986 -1345.038 -1346.050 -1347.022 -1347.955 -1348.847 -1349.699 -1350.509 -1351.277 -1352.003 -1352.685 -1353.324 -1353.916 -1354.464 -1354.965 -1355.421 -1355.847 -1356.391 -1358.405 -1372.305 -9999.000 -9999.000
-9999.000 -9999.000 -9999.000 -9999.000 -9999.000 -9999.000 -9999.000 -9999.000 -9999.000 -9999.000 -9999.000 -9999.000 -9999.000 -9999.000 -9999.000 -9999.000 -9999.000 -9999.000 -9999.000 -9999.000 -9999.000 -9999.000 -9999.000 -9999.000 -9999.000 -9999.000 -9999.000 -9999.000 -9999.000 -9999.000 -9999.000 -9999.000 -9999.000 -9999.000 -9999.000 -9999.000 -9999.000 -9999.000 -9999.000 -9999.000 -9999.000 -9999.000 -9999.000 -9999.000 -9999.000 -9999.000 -9999.000 -9999.000 -9999.000 -9999.000 -9999.000 -9999.000 -9999.000 -9999.000 -9999.000 -9999.000 -9999.000 -9999.000 -9999.000 -9999.000 -9999.000 -9999.000 -9999.000 -9999.000 -9999.000 -9999.000 -9999.000 -9999.000 -9999.000 -9999.000 -9999.000 -9999.000 -9999.000 -9999.000 -9999.000 -9999.000 -9999.000 -9999.000 -9999.000 -9999.000 -9999.000 -9999.000 -9999.000 -9999.000 -9999.000 -9999.000 -9999.000 -9999.000 -9999.000 -9999.000 -9999.000 -9999.000 -9999.000 -9999.000 -9999.000 -9999.000 -9999.000 -9999.000 -9999.000 -9999.000 -9999.000 -9999.000 -9999.000 -9999.000
-9999.000 -9999.000 -9999.000 -9999.000 -9999.000 -9999.000 -9999.000 -9999.000 -9999.000 -9999.000 -9999.000 -9999.000 -9999.000 -9999.000 -9999.000 -9999.000 -9999.000 -9999.000 -9999.000 -9999.000 -9999.000 -9999.000 -9999.000 -9999.000 -9999.000 -9999.000 -9999.000 -9999.000 -9999.000 -9999.000 -9999.000 -9999.000 -9999.000 -9999.000 -9999.000 -9999.000 -9999.000 -9999.000 -9999.000 -9999.000 -9999.000 -9999.000 -9999.000 -9999.000 -9999.000 -9999.000 -9999.000 -9999.000 -9999.000 -9999.000 -9999.000 -9999.000 -9999.000 -9999.000 -9999.000 -9999.000 -9999.000 -9999.000 -9999.000 -9999.000 -9999.000 -9999.000 -9999.000 -9999.000 -9999.000 -9999.000 -9999.000 -9999.000 -9999.000 -9999.000 -9999.000 -9999.000 -9999.000 -9999.000 -9999.000 -9999.000 -9999.000 -9999.000 -9999.000 -9999.000 -9999.000 -9999.000 -9999.000 -9999.000 -9999.000 -9999.000 -9999.000 -9999.000 -9999.000 -9999.000 -9999.000 -9999.000 -9999.000 -9999.000 -9999.000 -9999.000 -9999.000 -9999.000 -9999.000 -9999.000 -9999.000 -9999.000 -9999.000 -9999.000