examples/3D/hillslope01/output-maps-METEOIO-ON/psiliqL0097N0001.asc
ncols         104
nrows         10
xllcorner     -2.000000
yllcorner     0.000000
cellsize      1.000000
NODATA_value  -9999.0
-9999.000 -9999.000 -9999.000 -9999.000 -9999.000 -9999.000 -9999.000 -9999.000 -9999.000 -9999.000 -9999.000 -9999.000 -9999.000 -9999.000 -9999.000 -9999.000 -9999.000 -9999.000 -9999.000 -9999.000 -9999.000 -9999.000 -9999.000 -9999.000 -9999.000 -9999.000 -9999.000 -9999.000 -9999.000 -9999.000 -9999.000 -9999.000 -9999.000 -9999.000 -9999.000 -9999.000 -9999.000 -9999.000 -9999.000 -9999.000 -9999.000 -9999.000 -9999.000 -9999.000 -9999.000 -9999.000 -9999.000 -9999.000 -9999.000 -9999.000 -9999.000 -9999.000 -9999.000 -9999.000 -9999.000 -9999.000 -9999.000 -9999.000 -9999.000 -9999.000 -9999.000 -9999.000 -9999.000 -9999.000 -9999.000 -9999.000 -9999.000 -9999.000 -9999.000 -9999.000 -9999.000 -9999.000 -9999.000 -9999.000 -9999.000 -9999.000 -9999.000 -9999.000 -9999.000 -9999.000 -9999.000 -9999.000 -9999.000 -9999.000 -9999.000 -9999.000 -9999.000 -9999.000 -9999.000 -9999.000 -9999.000 -9999.000 -9999.000 -9999.000 -9999.000 -9999.000 -9999.000 -9999.000 -9999.000 -9999.000 -9999.000 -9999.000 -9999.000 -9999.000
-9999.000 -9999.000 -9999.000 -9999.000 -9999.000 -9999.000 -9999.000 -9999.000 -9999.000 -9999.000 -9999.000 -9999.000 -9999.000 -9999.000 -9999.000 -9999.000 -9999.000 -9999.000 -9999.000 -9999.000 -9999.000 -9999.000 -9999.000 -9999.000 -9999.000 -9999.000 -9999.000 -9999.000 -9999.000 -9999.000 -9999.000 -9999.000 -9999.000 -9999.000 -9999.000 -9999.000 -9999.000 -9999.000 -9999.000 -9999.000 -9999.000 -9999.000 -9999.000 -9999.000 -9999.000 -9999.000 -9999.000 -9999.000 -9999.000 -9999.000 -9999.000 -9999.000 -9999.000 -9999.000 -9999.000 -9999.000 -9999.000 -9999.000 -9999.000 -9999.000 -9999.000 -9999.000 -9999.000 -9999.000 -9999.000 -9999.000 -9999.000 -9999.000 -9999.000 -9999.000 -9999.000 -9999.000 -9999.000 -9999.000 -9999.000 -9999.000 -9999.000 -9999.000 -9999.000 -9999.000 -9999.000 -9999.000 -9999.000 -9999.000 -9999.000 -9999.000 -9999.000 -9999.000 -9999.000 -9999.000 -9999.000 -9999.000 -9999.000 -9999.000 -9999.000 -9999.000 -9999.000 -9999.000 -9999.000 -9999.000 -9999.000 -9999.000 -9999.000 -9999.000
-9999.000 -9999.000 7755.418 7656.690 7559.239 7463.070 7368.193 7274.622 7182.369 7091.451 7001.884 6913.683 6826.862 6741.435 6657.412 6574.802 6493.612 6413.847 6335.512 6258.606 6183.128 6109.075 6036.441 5965.217 5895.392 5826.952 5759.883 5694.164 5629.776 5566.695 5504.896 5444.351 5385.029 5326.900 5269.930 5214.082 5159.322 5105.609 5052.903 5001.163 4950.343 4900.398 4851.281 4802.945 4755.342 4708.423 4662.141 4616.446 4571.290 4526.622 4482.388 4438.538 4395.018 4351.777 4308.767 4265.937 4223.237 4180.615 4138.020 4095.401 4052.707 4009.894 3966.910 3923.709 3880.237 3836.445 3792.281 3747.697 3702.647 3657.083 3610.963 3564.237 3516.856 3468.769 3419.925 3370.271 3319.759 3268.333 3215.947 3162.545 3108.083 3052.501 2995.751 2937.765 2878.481 2817.835 2755.756 2692.189 2627.050 2560.254 2491.738 2421.401 2349.123 2274.813 2198.368 2119.631 2038.425 1954.585 1867.947 1778.330 1685.488 1589.155 -9999.000 -9999.000
-9999.000 -9999.000 7755.418 7656.690 7559.239 7463.070 7368.193 7274.622 7182.369 7091.451 7001.884 6913.683 6826.862 6741.435 6657.412 6574.802 6493.612 6413.847 6335.512 6258.606 6183.128 6109.075 6036.441 5965.217 5895.392 5826.952 5759.883 5694.164 5629.776 5566.695 5504.896 5444.351 5385.029 5326.900 5269.930 5214.082 5159.322 5105.609 5052.903 5001.163 4950.343 4900.398 4851.281 4802.945 4755.342 4708.423 4662.141 4616.446 4571.290 4526.622 4482.388 4438.538 4395.018 4351.777 4308.767 4265.937 4223.237 4180.615 4138.020 4095.401 4052.707 4009.894 3966.910 3923.709 3880.237 3836.445 3792.281 3747.697 3702.647 3657.083 3610.963 3564.237 3516.856 3468.769 3419.925 3370.271 3319.759 3268.333 3215.947 3162.545 3108.083 3052.501 2995.751 2937.765 2878.481 2817.835 2755.756 2692.189 2627.050 2560.254 2491.738 2421.401 2349.123 2274.813 2198.368 2119.631 2038.425 1954.585 1867.947 1778.330 1685.488 1589.155 -9999.000 -9999.000
-9999.000 -9999.000 7755.418 7656.690 7559.239 7463.070 7368.193 7274.622 7182.369 7091.451 7001.884 6913.683 6826.862 6741.435 6657.412 6574.802 6493.612 6413.847 6335.512 6258.606 6183.128 6109.075 6036.441 5965.217 5895.392 5826.952 5759.883 5694.164 5629.776 5566.695 5504.896 5444.351 5385.029 5326.900 5269.930 5214.082 5159.322 5105.609 5052.903 5001.163 4950.343 4900.398 4851.281 4802.945 4755.342 4708.423 4662.141 4616.446 4571.290 4526.622 4482.388 4438.538 4395.018 4351.777 4308.767 4265.937 4223.237 4180.615 4138.020 4095.401 4052.707 4009.894 3966.910 3923.709 3880.237 3836.445 3792.281 3747.697 3702.647 3657.083 3610.963 3564.237 3516.856 3468.769 3419.925 3370.271 3319.759 3268.333 3215.947 3162.545 3108.083 3052.501 2995.751 2937.765 2878.481 2817.835 2755.756 2692.189 2627.050 2560.254 2491.738 2421.401 2349.123 2274.813 2198.368 2119.631 2038.425 1954.585 1867.947 1778.330 1685.488 1589.155 -9999.000 -9999.000
-9999.000 -9999.000 7755.418 7656.690 7559.239 7463.070 7368.193 7274.622 7182.369 7091.451 7001.884 6913.683 6826.862 6741.435 6657.412 6574.802 6493.612 6413.847 6335.512 6258.606 6183.128 6109.075 6036.441 5965.217 5895.392 5826.952 5759.883 5694.164 5629.776 5566.695 5504.896 5444.351 5385.029 5326.900 5269.930 5214.082 5159.322 5105.609 5052.903 5001.163 4950.343 4900.398 4851.281 4802.945 4755.342 4708.423 4662.141 4616.446 4571.290 4526.622 4482.388 4438.538 4395.018 4351.777 4308.767 4265.937 4223.237 4180.615 4138.020 4095.401 4052.707 4009.894 3966.910 3923.709 3880.237 3836.445 3792.281 3747.697 3702.647 3657.083 3610.963 3564.237 3516.856 3468.769 3419.925 3370.271 3319.759 3268.333 3215.947 3162.545 3108.083 3052.501 2995.751 2937.765 2878.481 2817.835 2755.756 2692.189 2627.050 2560.254 2491.738 2421.401 2349.123 2274.813 2198.368 2119.631 2038.425 1954.585 1867.947 1778.330 1685.488 1589.155 -9999.000 -9999.000
-9999.000 -9999.000 7755.418 7656.690 7559.239 7463.070 7368.193 7274.622 7182.369 7091.451 7001.884 6913.683 6826.862 6741.435 6657.412 6574.802 6493.612 6413.847 6335.512 6258.606 6183.128 6109.075 6036.441 5965.217 5895.392 5826.952 5759.883 5694.164 5629.776 5566.695 5504.896 5444.351 5385.029 5326.900 5269.930 5214.082 5159.322 5105.609 5052.903 5001.163 4950.343 4900.398 4851.281 4802.945 4755.342 4708.423 4662.141 4616.446 4571.290 4526.622 4482.388 4438.538 4395.018 4351.777 4308.767 4265.937 4223.237 4180.615 4138.020 4095.401 4052.707 4009.894 3966.910 3923.709 3880.237 3836.445 3792.281 3747.697 3702.647 3657.083 3610.963 3564.237 3516.856 3468.769 3419.925 3370.271 3319.759 3268.333 3215.947 3162.545 3108.083 3052.501 2995.751 2937.765 2878.481 2817.835 2755.756 2692.189 2627.050 2560.254 2491.738 2421.401 2349.123 2274.813 2198.368 2119.631 2038.425 1954.585 1867.947 1778.330 1685.488 1589.155 -9999.000 -9999.000
-9999.000 -9999.000 7755.418 7656.690 7559.239 7463.070 7368.193 7274.622 7182.369 7091.451 7001.884 6913.683 6826.862 6741.435 6657.412 6574.802 6493.612 6413.847 6335.512 6258.606 6183.128 6109.075 6036.441 5965.217 5895.392 5826.952 5759.883 5694.164 5629.776 5566.695 5504.896 5444.351 5385.029 5326.900 5269.930 5214.082 5159.322 5105.609 5052.903 5001.163 4950.343 4900.398 4851.281 4802.945 4755.342 4708.423 4662.141 4616.446 4571.290 4526.622 4482.388 4438.538 4395.018 4351.777 4308.767 4265.937 4223.237 4180.615 4138.020 4095.401 4052.707 4009.894 3966.910 3923.709 3880.237 3836.445 3792.281 3747.697 3702.647 3657.083 3610.963 3564.237 3516.856 3468.769 3419.925 3370.271 3319.759 3268.333 3215.947 3162.545 3108.083 3052.501 2995.751 2937.765 2878.481 2817.835 2755.756 2692.189 2627.050 2560.254 2491.738 2421.401 2349.123 2274.813 2198.368 2119.631 2038.425 1954.585 1867.947 1778.330 1685.488 1589.155 -9999.000 -9999.000
-9999.000 -9999.000 -9999.000 -9999.000 -9999.000 -9999.000 -9999.000 -9999.000 -9999.000 -9999.000 -9999.000 -9999.000 -9999.000 -9999.000 -9999.000 -9999.000 -9999.000 -9999.000 -9999.000 -9999.000 -9999.000 -9999.000 -9999.000 -9999.000 -9999.000 -9999.000 -9999.000 -9999.000 -9999.000 -9999.000 -9999.000 -9999.000 -9999.000 -9999.000 -9999.000 -9999.000 -9999.000 -9999.000 -9999.000 -9999.000 -9999.000 -9999.000 -9999.000 -9999.000 -9999.000 -9999.000 -9999.000 -9999.000 -9999.000 -9999.000 -9999.000 -9999.000 -9999.000 -9999.000 -9999.000 -9999.000 -9999.000 -9999.000 -9999.000 -9999.000 -9999.000 -9999.000 -9999.000 -9999.000 -9999.000 -9999.000 -9999.000 -9999.000 -9999.000 -9999.000 -9999.000 -9999.000 -9999.000 -9999.000 -9999.000 -9999.000 -9999.000 -9999.000 -9999.000 -9999.000 -9999.000 -9999.000 -9999.000 -9999.000 -9999.000 -9999.000 -9999.000 -9999.000 -9999.000 -9999.000 -9999.000 -9999.000 -9999.000 -9999.000 -9999.000 -9999.000 -9999.000 -9999.000 -9999.000 -9999.000 -9999.000 -9999.000 -9999.000 -9999.000
-9999.000 -9999.000 -9999.000 -9999.000 -9999.000 -9999.000 -9999.000 -9999.000 -9999.000 -9999.000 -9999.000 -9999.000 -9999.000 -9999.000 -9999.000 -9999.000 -9999.000 -9999.000 -9999.000 -9999.000 -9999.000 -9999.000 -9999.000 -9999.000 -9999.000 -9999.000 -9999.000 -9999.000 -9999.000 -9999.000 -9999.000 -9999.000 -9999.000 -9999.000 -9999.000 -9999.000 -9999.000 -9999.000 -9999.000 -9999.000 -9999.000 -9999.000 -9999.000 -9999.000 -9999.000 -9999.000 -9999.000 -9999.000 -9999.000 -9999.000 -9999.000 -9999.000 -9999.000 -9999.000 -9999.000 -9999.000 -9999.000 -9999.000 -9999.000 -9999.000 -9999.000 -9999.000 -9999.000 -9999.000 -9999.000 -9999.000 -9999.000 -9999.000 -9999.000 -9999.000 -9999.000 -9999.000 -9999.000 -9999.000 -9999.000 -9999.000 -9999.000 -9999.000 -9999.000 -9999.000 -9999.000 -9999.000 -9999.000 -9999.000 -9999.000 -9999.000 -9999.000 -9999.000 -9999.000 -9999.000 -9999.000 -9999.000 -9999.000 -9999.000 -9999.000 -9999.000 -9999.000 -9999.000 -9999.000 -9999.000 -9999.000 -9999.000 -9999.000 -9999.000