examples/3D/hillslope01/output-maps-METEOIO-ON/psiliqL0090N0002.asc
ncols         104
nrows         10
xllcorner     -2.000000
yllcorner     0.000000
cellsize      1.000000
NODATA_value  -9999.0
-9999.000 -9999.000 -9999.000 -9999.000 -9999.000 -9999.000 -9999.000 -9999.000 -9999.000 -9999.000 -9999.000 -9999.000 -9999.000 -9999.000 -9999.000 -9999.000 -9999.000 -9999.000 -9999.000 -9999.000 -9999.000 -9999.000 -9999.000 -9999.000 -9999.000 -9999.000 -9999.000 -9999.000 -9999.000 -9999.000 -9999.000 -9999.000 -9999.000 -9999.000 -9999.000 -9999.000 -9999.000 -9999.000 -9999.000 -9999.000 -9999.000 -9999.000 -9999.000 -9999.000 -9999.000 -9999.000 -9999.000 -9999.000 -9999.000 -9999.000 -9999.000 -9999.000 -9999.000 -9999.000 -9999.000 -9999.000 -9999.000 -9999.000 -9999.000 -9999.000 -9999.000 -9999.000 -9999.000 -9999.000 -9999.000 -9999.000 -9999.000 -9999.000 -9999.000 -9999.000 -9999.000 -9999.000 -9999.000 -9999.000 -9999.000 -9999.000 -9999.000 -9999.000 -9999.000 -9999.000 -9999.000 -9999.000 -9999.000 -9999.000 -9999.000 -9999.000 -9999.000 -9999.000 -9999.000 -9999.000 -9999.000 -9999.000 -9999.000 -9999.000 -9999.000 -9999.000 -9999.000 -9999.000 -9999.000 -9999.000 -9999.000 -9999.000 -9999.000 -9999.000
-9999.000 -9999.000 -9999.000 -9999.000 -9999.000 -9999.000 -9999.000 -9999.000 -9999.000 -9999.000 -9999.000 -9999.000 -9999.000 -9999.000 -9999.000 -9999.000 -9999.000 -9999.000 -9999.000 -9999.000 -9999.000 -9999.000 -9999.000 -9999.000 -9999.000 -9999.000 -9999.000 -9999.000 -9999.000 -9999.000 -9999.000 -9999.000 -9999.000 -9999.000 -9999.000 -9999.000 -9999.000 -9999.000 -9999.000 -9999.000 -9999.000 -9999.000 -9999.000 -9999.000 -9999.000 -9999.000 -9999.000 -9999.000 -9999.000 -9999.000 -9999.000 -9999.000 -9999.000 -9999.000 -9999.000 -9999.000 -9999.000 -9999.000 -9999.000 -9999.000 -9999.000 -9999.000 -9999.000 -9999.000 -9999.000 -9999.000 -9999.000 -9999.000 -9999.000 -9999.000 -9999.000 -9999.000 -9999.000 -9999.000 -9999.000 -9999.000 -9999.000 -9999.000 -9999.000 -9999.000 -9999.000 -9999.000 -9999.000 -9999.000 -9999.000 -9999.000 -9999.000 -9999.000 -9999.000 -9999.000 -9999.000 -9999.000 -9999.000 -9999.000 -9999.000 -9999.000 -9999.000 -9999.000 -9999.000 -9999.000 -9999.000 -9999.000 -9999.000 -9999.000
-9999.000 -9999.000 7922.475 7822.968 7723.956 7625.443 7527.432 7429.930 7332.944 7236.479 7140.543 7045.142 6950.285 6855.978 6762.229 6669.046 6576.436 6484.407 6392.966 6302.120 6211.872 6122.230 6033.196 5944.773 5856.966 5769.776 5683.207 5597.262 5511.940 5427.243 5343.169 5259.719 5176.891 5094.683 5013.092 4932.115 4851.747 4771.982 4692.816 4614.242 4536.252 4458.838 4381.990 4305.702 4229.959 4154.752 4080.068 4005.895 3932.218 3859.022 3786.291 3714.010 3642.158 3570.718 3499.674 3429.007 3358.693 3288.714 3219.048 3149.670 3080.557 3011.687 2943.033 2874.566 2806.271 2738.114 2670.063 2602.103 2534.199 2466.312 2398.425 2330.503 2262.501 2194.396 2126.159 2057.735 1989.091 1920.213 1851.031 1781.492 1711.614 1641.321 1570.528 1499.235 1427.405 1354.926 1281.713 1207.826 1133.167 1057.588 980.981 903.395 824.741 744.838 663.514 580.630 496.113 409.892 321.670 231.127 137.905 41.555 -9999.000 -9999.000
-9999.000 -9999.000 7922.475 7822.968 7723.956 7625.443 7527.432 7429.930 7332.944 7236.479 7140.543 7045.142 6950.285 6855.978 6762.229 6669.046 6576.436 6484.407 6392.966 6302.120 6211.872 6122.230 6033.196 5944.773 5856.966 5769.776 5683.207 5597.262 5511.940 5427.243 5343.169 5259.719 5176.891 5094.683 5013.092 4932.115 4851.747 4771.982 4692.816 4614.242 4536.252 4458.838 4381.990 4305.702 4229.959 4154.752 4080.068 4005.895 3932.218 3859.022 3786.291 3714.010 3642.158 3570.718 3499.674 3429.007 3358.693 3288.714 3219.048 3149.670 3080.557 3011.687 2943.033 2874.566 2806.271 2738.114 2670.063 2602.103 2534.199 2466.312 2398.425 2330.503 2262.501 2194.396 2126.159 2057.735 1989.091 1920.213 1851.031 1781.492 1711.614 1641.321 1570.528 1499.235 1427.405 1354.926 1281.713 1207.826 1133.167 1057.588 980.981 903.395 824.741 744.838 663.514 580.630 496.113 409.892 321.670 231.127 137.905 41.555 -9999.000 -9999.000
-9999.000 -9999.000 7922.475 7822.968 7723.956 7625.443 7527.432 7429.930 7332.944 7236.479 7140.543 7045.142 6950.285 6855.978 6762.229 6669.046 6576.436 6484.407 6392.966 6302.120 6211.872 6122.230 6033.196 5944.773 5856.966 5769.776 5683.207 5597.262 5511.940 5427.243 5343.169 5259.719 5176.891 5094.683 5013.092 4932.115 4851.747 4771.982 4692.816 4614.242 4536.252 4458.838 4381.990 4305.702 4229.959 4154.752 4080.068 4005.895 3932.218 3859.022 3786.291 3714.010 3642.158 3570.718 3499.674 3429.007 3358.693 3288.714 3219.048 3149.670 3080.557 3011.687 2943.033 2874.566 2806.271 2738.114 2670.063 2602.103 2534.199 2466.312 2398.425 2330.503 2262.501 2194.396 2126.159 2057.735 1989.091 1920.213 1851.031 1781.492 1711.614 1641.321 1570.528 1499.235 1427.405 1354.926 1281.713 1207.826 1133.167 1057.588 980.981 903.395 824.741 744.838 663.514 580.630 496.113 409.892 321.670 231.127 137.905 41.555 -9999.000 -9999.000
-9999.000 -9999.000 7922.475 7822.968 7723.956 7625.443 7527.432 7429.930 7332.944 7236.479 7140.543 7045.142 6950.285 6855.978 6762.229 6669.046 6576.436 6484.407 6392.966 6302.120 6211.872 6122.230 6033.196 5944.773 5856.966 5769.776 5683.207 5597.262 5511.940 5427.243 5343.169 5259.719 5176.891 5094.683 5013.092 4932.115 4851.747 4771.982 4692.816 4614.242 4536.252 4458.838 4381.990 4305.702 4229.959 4154.752 4080.068 4005.895 3932.218 3859.022 3786.291 3714.010 3642.158 3570.718 3499.674 3429.007 3358.693 3288.714 3219.048 3149.670 3080.557 3011.687 2943.033 2874.566 2806.271 2738.114 2670.063 2602.103 2534.199 2466.312 2398.425 2330.503 2262.501 2194.396 2126.159 2057.735 1989.091 1920.213 1851.031 1781.492 1711.614 1641.321 1570.528 1499.235 1427.405 1354.926 1281.713 1207.826 1133.167 1057.588 980.981 903.395 824.741 744.838 663.514 580.630 496.113 409.892 321.670 231.127 137.905 41.555 -9999.000 -9999.000
-9999.000 -9999.000 7922.475 7822.968 7723.956 7625.443 7527.432 7429.930 7332.944 7236.479 7140.543 7045.142 6950.285 6855.978 6762.229 6669.046 6576.436 6484.407 6392.966 6302.120 6211.872 6122.230 6033.196 5944.773 5856.966 5769.776 5683.207 5597.262 5511.940 5427.243 5343.169 5259.719 5176.891 5094.683 5013.092 4932.115 4851.747 4771.982 4692.816 4614.242 4536.252 4458.838 4381.990 4305.702 4229.959 4154.752 4080.068 4005.895 3932.218 3859.022 3786.291 3714.010 3642.158 3570.718 3499.674 3429.007 3358.693 3288.714 3219.048 3149.670 3080.557 3011.687 2943.033 2874.566 2806.271 2738.114 2670.063 2602.103 2534.199 2466.312 2398.425 2330.503 2262.501 2194.396 2126.159 2057.735 1989.091 1920.213 1851.031 1781.492 1711.614 1641.321 1570.528 1499.235 1427.405 1354.926 1281.713 1207.826 1133.167 1057.588 980.981 903.395 824.741 744.838 663.514 580.630 496.113 409.892 321.670 231.127 137.905 41.555 -9999.000 -9999.000
-9999.000 -9999.000 7922.475 7822.968 7723.956 7625.443 7527.432 7429.930 7332.944 7236.479 7140.543 7045.142 6950.285 6855.978 6762.229 6669.046 6576.436 6484.407 6392.966 6302.120 6211.872 6122.230 6033.196 5944.773 5856.966 5769.776 5683.207 5597.262 5511.940 5427.243 5343.169 5259.719 5176.891 5094.683 5013.092 4932.115 4851.747 4771.982 4692.816 4614.242 4536.252 4458.838 4381.990 4305.702 4229.959 4154.752 4080.068 4005.895 3932.218 3859.022 3786.291 3714.010 3642.158 3570.718 3499.674 3429.007 3358.693 3288.714 3219.048 3149.670 3080.557 3011.687 2943.033 2874.566 2806.271 2738.114 2670.063 2602.103 2534.199 2466.312 2398.425 2330.503 2262.501 2194.396 2126.159 2057.735 1989.091 1920.213 1851.031 1781.492 1711.614 1641.321 1570.528 1499.235 1427.405 1354.926 1281.713 1207.826 1133.167 1057.588 980.981 903.395 824.741 744.838 663.514 580.630 496.113 409.892 321.670 231.127 137.905 41.555 -9999.000 -9999.000
-9999.000 -9999.000 -9999.000 -9999.000 -9999.000 -9999.000 -9999.000 -9999.000 -9999.000 -9999.000 -9999.000 -9999.000 -9999.000 -9999.000 -9999.000 -9999.000 -9999.000 -9999.000 -9999.000 -9999.000 -9999.000 -9999.000 -9999.000 -9999.000 -9999.000 -9999.000 -9999.000 -9999.000 -9999.000 -9999.000 -9999.000 -9999.000 -9999.000 -9999.000 -9999.000 -9999.000 -9999.000 -9999.000 -9999.000 -9999.000 -9999.000 -9999.000 -9999.000 -9999.000 -9999.000 -9999.000 -9999.000 -9999.000 -9999.000 -9999.000 -9999.000 -9999.000 -9999.000 -9999.000 -9999.000 -9999.000 -9999.000 -9999.000 -9999.000 -9999.000 -9999.000 -9999.000 -9999.000 -9999.000 -9999.000 -9999.000 -9999.000 -9999.000 -9999.000 -9999.000 -9999.000 -9999.000 -9999.000 -9999.000 -9999.000 -9999.000 -9999.000 -9999.000 -9999.000 -9999.000 -9999.000 -9999.000 -9999.000 -9999.000 -9999.000 -9999.000 -9999.000 -9999.000 -9999.000 -9999.000 -9999.000 -9999.000 -9999.000 -9999.000 -9999.000 -9999.000 -9999.000 -9999.000 -9999.000 -9999.000 -9999.000 -9999.000 -9999.000 -9999.000
-9999.000 -9999.000 -9999.000 -9999.000 -9999.000 -9999.000 -9999.000 -9999.000 -9999.000 -9999.000 -9999.000 -9999.000 -9999.000 -9999.000 -9999.000 -9999.000 -9999.000 -9999.000 -9999.000 -9999.000 -9999.000 -9999.000 -9999.000 -9999.000 -9999.000 -9999.000 -9999.000 -9999.000 -9999.000 -9999.000 -9999.000 -9999.000 -9999.000 -9999.000 -9999.000 -9999.000 -9999.000 -9999.000 -9999.000 -9999.000 -9999.000 -9999.000 -9999.000 -9999.000 -9999.000 -9999.000 -9999.000 -9999.000 -9999.000 -9999.000 -9999.000 -9999.000 -9999.000 -9999.000 -9999.000 -9999.000 -9999.000 -9999.000 -9999.000 -9999.000 -9999.000 -9999.000 -9999.000 -9999.000 -9999.000 -9999.000 -9999.000 -9999.000 -9999.000 -9999.000 -9999.000 -9999.000 -9999.000 -9999.000 -9999.000 -9999.000 -9999.000 -9999.000 -9999.000 -9999.000 -9999.000 -9999.000 -9999.000 -9999.000 -9999.000 -9999.000 -9999.000 -9999.000 -9999.000 -9999.000 -9999.000 -9999.000 -9999.000 -9999.000 -9999.000 -9999.000 -9999.000 -9999.000 -9999.000 -9999.000 -9999.000 -9999.000 -9999.000 -9999.000