examples/3D/hillslope01/output-maps-METEOIO-ON/psiliqL0044N0001.asc
ncols         104
nrows         10
xllcorner     -2.000000
yllcorner     0.000000
cellsize      1.000000
NODATA_value  -9999.0
-9999.000 -9999.000 -9999.000 -9999.000 -9999.000 -9999.000 -9999.000 -9999.000 -9999.000 -9999.000 -9999.000 -9999.000 -9999.000 -9999.000 -9999.000 -9999.000 -9999.000 -9999.000 -9999.000 -9999.000 -9999.000 -9999.000 -9999.000 -9999.000 -9999.000 -9999.000 -9999.000 -9999.000 -9999.000 -9999.000 -9999.000 -9999.000 -9999.000 -9999.000 -9999.000 -9999.000 -9999.000 -9999.000 -9999.000 -9999.000 -9999.000 -9999.000 -9999.000 -9999.000 -9999.000 -9999.000 -9999.000 -9999.000 -9999.000 -9999.000 -9999.000 -9999.000 -9999.000 -9999.000 -9999.000 -9999.000 -9999.000 -9999.000 -9999.000 -9999.000 -9999.000 -9999.000 -9999.000 -9999.000 -9999.000 -9999.000 -9999.000 -9999.000 -9999.000 -9999.000 -9999.000 -9999.000 -9999.000 -9999.000 -9999.000 -9999.000 -9999.000 -9999.000 -9999.000 -9999.000 -9999.000 -9999.000 -9999.000 -9999.000 -9999.000 -9999.000 -9999.000 -9999.000 -9999.000 -9999.000 -9999.000 -9999.000 -9999.000 -9999.000 -9999.000 -9999.000 -9999.000 -9999.000 -9999.000 -9999.000 -9999.000 -9999.000 -9999.000 -9999.000
-9999.000 -9999.000 -9999.000 -9999.000 -9999.000 -9999.000 -9999.000 -9999.000 -9999.000 -9999.000 -9999.000 -9999.000 -9999.000 -9999.000 -9999.000 -9999.000 -9999.000 -9999.000 -9999.000 -9999.000 -9999.000 -9999.000 -9999.000 -9999.000 -9999.000 -9999.000 -9999.000 -9999.000 -9999.000 -9999.000 -9999.000 -9999.000 -9999.000 -9999.000 -9999.000 -9999.000 -9999.000 -9999.000 -9999.000 -9999.000 -9999.000 -9999.000 -9999.000 -9999.000 -9999.000 -9999.000 -9999.000 -9999.000 -9999.000 -9999.000 -9999.000 -9999.000 -9999.000 -9999.000 -9999.000 -9999.000 -9999.000 -9999.000 -9999.000 -9999.000 -9999.000 -9999.000 -9999.000 -9999.000 -9999.000 -9999.000 -9999.000 -9999.000 -9999.000 -9999.000 -9999.000 -9999.000 -9999.000 -9999.000 -9999.000 -9999.000 -9999.000 -9999.000 -9999.000 -9999.000 -9999.000 -9999.000 -9999.000 -9999.000 -9999.000 -9999.000 -9999.000 -9999.000 -9999.000 -9999.000 -9999.000 -9999.000 -9999.000 -9999.000 -9999.000 -9999.000 -9999.000 -9999.000 -9999.000 -9999.000 -9999.000 -9999.000 -9999.000 -9999.000
-9999.000 -9999.000 2488.128 2389.338 2291.766 2195.425 2100.333 2006.509 1913.977 1822.768 1732.918 1644.464 1557.438 1471.860 1387.719 1304.985 1223.678 1143.847 1065.519 988.650 913.193 839.227 766.772 695.690 626.041 557.915 491.104 425.679 361.788 298.937 237.632 177.638 118.671 61.387 4.522 -50.302 -104.679 -157.643 -210.251 -261.840 -313.174 -363.564 -413.587 -462.223 -510.111 -555.655 -600.010 -640.672 -675.791 -704.982 -730.619 -753.548 -773.578 -791.354 -807.146 -821.146 -833.679 -844.925 -855.060 -864.258 -872.641 -880.324 -887.406 -893.963 -900.066 -905.773 -911.131 -916.183 -920.962 -925.499 -929.818 -933.940 -937.882 -941.659 -945.283 -948.765 -952.112 -955.332 -958.431 -961.413 -964.281 -967.038 -969.687 -972.229 -974.665 -976.996 -979.222 -981.343 -983.358 -985.268 -987.072 -988.768 -990.356 -991.835 -993.204 -994.461 -995.608 -996.645 -997.583 -998.535 -1000.569 -1012.588 -9999.000 -9999.000
-9999.000 -9999.000 2488.128 2389.338 2291.766 2195.425 2100.333 2006.509 1913.977 1822.768 1732.918 1644.464 1557.438 1471.860 1387.719 1304.985 1223.678 1143.847 1065.519 988.650 913.193 839.227 766.772 695.690 626.041 557.915 491.104 425.679 361.788 298.937 237.632 177.638 118.671 61.387 4.522 -50.302 -104.679 -157.643 -210.251 -261.840 -313.174 -363.564 -413.587 -462.223 -510.111 -555.655 -600.010 -640.672 -675.791 -704.982 -730.619 -753.548 -773.578 -791.354 -807.146 -821.146 -833.679 -844.925 -855.060 -864.258 -872.641 -880.324 -887.406 -893.963 -900.066 -905.773 -911.131 -916.183 -920.962 -925.499 -929.818 -933.940 -937.882 -941.659 -945.283 -948.765 -952.112 -955.332 -958.431 -961.413 -964.281 -967.038 -969.687 -972.229 -974.665 -976.996 -979.222 -981.343 -983.358 -985.268 -987.072 -988.768 -990.356 -991.835 -993.204 -994.461 -995.608 -996.645 -997.583 -998.535 -1000.569 -1012.588 -9999.000 -9999.000
-9999.000 -9999.000 2488.128 2389.338 2291.766 2195.425 2100.333 2006.509 1913.977 1822.768 1732.918 1644.464 1557.438 1471.860 1387.719 1304.985 1223.678 1143.847 1065.519 988.650 913.193 839.227 766.772 695.690 626.041 557.915 491.104 425.679 361.788 298.937 237.632 177.638 118.671 61.387 4.522 -50.302 -104.679 -157.643 -210.251 -261.840 -313.174 -363.564 -413.587 -462.223 -510.111 -555.655 -600.010 -640.672 -675.791 -704.982 -730.619 -753.548 -773.578 -791.354 -807.146 -821.146 -833.679 -844.925 -855.060 -864.258 -872.641 -880.324 -887.406 -893.963 -900.066 -905.773 -911.131 -916.183 -920.962 -925.499 -929.818 -933.940 -937.882 -941.659 -945.283 -948.765 -952.112 -955.332 -958.431 -961.413 -964.281 -967.038 -969.687 -972.229 -974.665 -976.996 -979.222 -981.343 -983.358 -985.268 -987.072 -988.768 -990.356 -991.835 -993.204 -994.461 -995.608 -996.645 -997.583 -998.535 -1000.569 -1012.588 -9999.000 -9999.000
-9999.000 -9999.000 2488.128 2389.338 2291.766 2195.425 2100.333 2006.509 1913.977 1822.768 1732.918 1644.464 1557.438 1471.860 1387.719 1304.985 1223.678 1143.847 1065.519 988.650 913.193 839.227 766.772 695.690 626.041 557.915 491.104 425.679 361.788 298.937 237.632 177.638 118.671 61.387 4.522 -50.302 -104.679 -157.643 -210.251 -261.840 -313.174 -363.564 -413.587 -462.223 -510.111 -555.655 -600.010 -640.672 -675.791 -704.982 -730.619 -753.548 -773.578 -791.354 -807.146 -821.146 -833.679 -844.925 -855.060 -864.258 -872.641 -880.324 -887.406 -893.963 -900.066 -905.773 -911.131 -916.183 -920.962 -925.499 -929.818 -933.940 -937.882 -941.659 -945.283 -948.765 -952.112 -955.332 -958.431 -961.413 -964.281 -967.038 -969.687 -972.229 -974.665 -976.996 -979.222 -981.343 -983.358 -985.268 -987.072 -988.768 -990.356 -991.835 -993.204 -994.461 -995.608 -996.645 -997.583 -998.535 -1000.569 -1012.588 -9999.000 -9999.000
-9999.000 -9999.000 2488.128 2389.338 2291.766 2195.425 2100.333 2006.509 1913.977 1822.768 1732.918 1644.464 1557.438 1471.860 1387.719 1304.985 1223.678 1143.847 1065.519 988.650 913.193 839.227 766.772 695.690 626.041 557.915 491.104 425.679 361.788 298.937 237.632 177.638 118.671 61.387 4.522 -50.302 -104.679 -157.643 -210.251 -261.840 -313.174 -363.564 -413.587 -462.223 -510.111 -555.655 -600.010 -640.672 -675.791 -704.982 -730.619 -753.548 -773.578 -791.354 -807.146 -821.146 -833.679 -844.925 -855.060 -864.258 -872.641 -880.324 -887.406 -893.963 -900.066 -905.773 -911.131 -916.183 -920.962 -925.499 -929.818 -933.940 -937.882 -941.659 -945.283 -948.765 -952.112 -955.332 -958.431 -961.413 -964.281 -967.038 -969.687 -972.229 -974.665 -976.996 -979.222 -981.343 -983.358 -985.268 -987.072 -988.768 -990.356 -991.835 -993.204 -994.461 -995.608 -996.645 -997.583 -998.535 -1000.569 -1012.588 -9999.000 -9999.000
-9999.000 -9999.000 2488.128 2389.338 2291.766 2195.425 2100.333 2006.509 1913.977 1822.768 1732.918 1644.464 1557.438 1471.860 1387.719 1304.985 1223.678 1143.847 1065.519 988.650 913.193 839.227 766.772 695.690 626.041 557.915 491.104 425.679 361.788 298.937 237.632 177.638 118.671 61.387 4.522 -50.302 -104.679 -157.643 -210.251 -261.840 -313.174 -363.564 -413.587 -462.223 -510.111 -555.655 -600.010 -640.672 -675.791 -704.982 -730.619 -753.548 -773.578 -791.354 -807.146 -821.146 -833.679 -844.925 -855.060 -864.258 -872.641 -880.324 -887.406 -893.963 -900.066 -905.773 -911.131 -916.183 -920.962 -925.499 -929.818 -933.940 -937.882 -941.659 -945.283 -948.765 -952.112 -955.332 -958.431 -961.413 -964.281 -967.038 -969.687 -972.229 -974.665 -976.996 -979.222 -981.343 -983.358 -985.268 -987.072 -988.768 -990.356 -991.835 -993.204 -994.461 -995.608 -996.645 -997.583 -998.535 -1000.569 -1012.588 -9999.000 -9999.000
-9999.000 -9999.000 -9999.000 -9999.000 -9999.000 -9999.000 -9999.000 -9999.000 -9999.000 -9999.000 -9999.000 -9999.000 -9999.000 -9999.000 -9999.000 -9999.000 -9999.000 -9999.000 -9999.000 -9999.000 -9999.000 -9999.000 -9999.000 -9999.000 -9999.000 -9999.000 -9999.000 -9999.000 -9999.000 -9999.000 -9999.000 -9999.000 -9999.000 -9999.000 -9999.000 -9999.000 -9999.000 -9999.000 -9999.000 -9999.000 -9999.000 -9999.000 -9999.000 -9999.000 -9999.000 -9999.000 -9999.000 -9999.000 -9999.000 -9999.000 -9999.000 -9999.000 -9999.000 -9999.000 -9999.000 -9999.000 -9999.000 -9999.000 -9999.000 -9999.000 -9999.000 -9999.000 -9999.000 -9999.000 -9999.000 -9999.000 -9999.000 -9999.000 -9999.000 -9999.000 -9999.000 -9999.000 -9999.000 -9999.000 -9999.000 -9999.000 -9999.000 -9999.000 -9999.000 -9999.000 -9999.000 -9999.000 -9999.000 -9999.000 -9999.000 -9999.000 -9999.000 -9999.000 -9999.000 -9999.000 -9999.000 -9999.000 -9999.000 -9999.000 -9999.000 -9999.000 -9999.000 -9999.000 -9999.000 -9999.000 -9999.000 -9999.000 -9999.000 -9999.000
-9999.000 -9999.000 -9999.000 -9999.000 -9999.000 -9999.000 -9999.000 -9999.000 -9999.000 -9999.000 -9999.000 -9999.000 -9999.000 -9999.000 -9999.000 -9999.000 -9999.000 -9999.000 -9999.000 -9999.000 -9999.000 -9999.000 -9999.000 -9999.000 -9999.000 -9999.000 -9999.000 -9999.000 -9999.000 -9999.000 -9999.000 -9999.000 -9999.000 -9999.000 -9999.000 -9999.000 -9999.000 -9999.000 -9999.000 -9999.000 -9999.000 -9999.000 -9999.000 -9999.000 -9999.000 -9999.000 -9999.000 -9999.000 -9999.000 -9999.000 -9999.000 -9999.000 -9999.000 -9999.000 -9999.000 -9999.000 -9999.000 -9999.000 -9999.000 -9999.000 -9999.000 -9999.000 -9999.000 -9999.000 -9999.000 -9999.000 -9999.000 -9999.000 -9999.000 -9999.000 -9999.000 -9999.000 -9999.000 -9999.000 -9999.000 -9999.000 -9999.000 -9999.000 -9999.000 -9999.000 -9999.000 -9999.000 -9999.000 -9999.000 -9999.000 -9999.000 -9999.000 -9999.000 -9999.000 -9999.000 -9999.000 -9999.000 -9999.000 -9999.000 -9999.000 -9999.000 -9999.000 -9999.000 -9999.000 -9999.000 -9999.000 -9999.000 -9999.000 -9999.000