examples/3D/hillslope01/output-maps-METEOIO-ON/psiliqL0060N0001.asc
ncols         104
nrows         10
xllcorner     -2.000000
yllcorner     0.000000
cellsize      1.000000
NODATA_value  -9999.0
-9999.000 -9999.000 -9999.000 -9999.000 -9999.000 -9999.000 -9999.000 -9999.000 -9999.000 -9999.000 -9999.000 -9999.000 -9999.000 -9999.000 -9999.000 -9999.000 -9999.000 -9999.000 -9999.000 -9999.000 -9999.000 -9999.000 -9999.000 -9999.000 -9999.000 -9999.000 -9999.000 -9999.000 -9999.000 -9999.000 -9999.000 -9999.000 -9999.000 -9999.000 -9999.000 -9999.000 -9999.000 -9999.000 -9999.000 -9999.000 -9999.000 -9999.000 -9999.000 -9999.000 -9999.000 -9999.000 -9999.000 -9999.000 -9999.000 -9999.000 -9999.000 -9999.000 -9999.000 -9999.000 -9999.000 -9999.000 -9999.000 -9999.000 -9999.000 -9999.000 -9999.000 -9999.000 -9999.000 -9999.000 -9999.000 -9999.000 -9999.000 -9999.000 -9999.000 -9999.000 -9999.000 -9999.000 -9999.000 -9999.000 -9999.000 -9999.000 -9999.000 -9999.000 -9999.000 -9999.000 -9999.000 -9999.000 -9999.000 -9999.000 -9999.000 -9999.000 -9999.000 -9999.000 -9999.000 -9999.000 -9999.000 -9999.000 -9999.000 -9999.000 -9999.000 -9999.000 -9999.000 -9999.000 -9999.000 -9999.000 -9999.000 -9999.000 -9999.000 -9999.000
-9999.000 -9999.000 -9999.000 -9999.000 -9999.000 -9999.000 -9999.000 -9999.000 -9999.000 -9999.000 -9999.000 -9999.000 -9999.000 -9999.000 -9999.000 -9999.000 -9999.000 -9999.000 -9999.000 -9999.000 -9999.000 -9999.000 -9999.000 -9999.000 -9999.000 -9999.000 -9999.000 -9999.000 -9999.000 -9999.000 -9999.000 -9999.000 -9999.000 -9999.000 -9999.000 -9999.000 -9999.000 -9999.000 -9999.000 -9999.000 -9999.000 -9999.000 -9999.000 -9999.000 -9999.000 -9999.000 -9999.000 -9999.000 -9999.000 -9999.000 -9999.000 -9999.000 -9999.000 -9999.000 -9999.000 -9999.000 -9999.000 -9999.000 -9999.000 -9999.000 -9999.000 -9999.000 -9999.000 -9999.000 -9999.000 -9999.000 -9999.000 -9999.000 -9999.000 -9999.000 -9999.000 -9999.000 -9999.000 -9999.000 -9999.000 -9999.000 -9999.000 -9999.000 -9999.000 -9999.000 -9999.000 -9999.000 -9999.000 -9999.000 -9999.000 -9999.000 -9999.000 -9999.000 -9999.000 -9999.000 -9999.000 -9999.000 -9999.000 -9999.000 -9999.000 -9999.000 -9999.000 -9999.000 -9999.000 -9999.000 -9999.000 -9999.000 -9999.000 -9999.000
-9999.000 -9999.000 4081.894 3983.137 3885.627 3789.375 3694.394 3600.700 3508.314 3417.258 3327.557 3239.235 3152.311 3066.799 2982.706 2900.037 2818.799 2739.006 2660.665 2583.770 2508.319 2434.314 2361.751 2290.612 2220.892 2152.585 2085.662 2020.110 1955.914 1893.027 1831.453 1771.155 1712.088 1654.243 1597.531 1541.994 1487.528 1434.157 1381.780 1330.408 1279.939 1230.390 1181.635 1133.726 1086.466 1039.999 993.996 948.782 903.967 859.780 815.953 772.518 729.478 686.490 644.032 601.429 559.272 517.042 474.826 432.765 390.135 348.009 305.157 262.563 219.454 175.997 132.456 87.842 43.727 -2.227 -46.987 -92.925 -137.722 -182.517 -225.795 -267.828 -307.809 -345.604 -380.919 -413.611 -443.662 -471.088 -495.979 -518.487 -538.747 -556.956 -573.268 -587.869 -600.910 -612.544 -622.904 -632.113 -640.279 -647.497 -653.852 -659.421 -664.269 -668.463 -672.097 -675.516 -680.612 -697.518 -9999.000 -9999.000
-9999.000 -9999.000 4081.894 3983.137 3885.627 3789.375 3694.394 3600.700 3508.314 3417.258 3327.557 3239.235 3152.311 3066.799 2982.706 2900.037 2818.799 2739.006 2660.665 2583.770 2508.319 2434.314 2361.751 2290.612 2220.892 2152.585 2085.662 2020.110 1955.914 1893.027 1831.453 1771.155 1712.088 1654.243 1597.531 1541.994 1487.528 1434.157 1381.780 1330.408 1279.939 1230.390 1181.635 1133.726 1086.466 1039.999 993.996 948.782 903.967 859.780 815.953 772.518 729.478 686.490 644.032 601.429 559.272 517.042 474.826 432.765 390.135 348.009 305.157 262.563 219.454 175.997 132.456 87.842 43.727 -2.227 -46.987 -92.925 -137.722 -182.517 -225.795 -267.828 -307.809 -345.604 -380.919 -413.611 -443.662 -471.088 -495.979 -518.487 -538.747 -556.956 -573.268 -587.869 -600.910 -612.544 -622.904 -632.113 -640.279 -647.497 -653.852 -659.421 -664.269 -668.463 -672.097 -675.516 -680.612 -697.518 -9999.000 -9999.000
-9999.000 -9999.000 4081.894 3983.137 3885.627 3789.375 3694.394 3600.700 3508.314 3417.258 3327.557 3239.235 3152.311 3066.799 2982.706 2900.037 2818.799 2739.006 2660.665 2583.770 2508.319 2434.314 2361.751 2290.612 2220.892 2152.585 2085.662 2020.110 1955.914 1893.027 1831.453 1771.155 1712.088 1654.243 1597.531 1541.994 1487.528 1434.157 1381.780 1330.408 1279.939 1230.390 1181.635 1133.726 1086.466 1039.999 993.996 948.782 903.967 859.780 815.953 772.518 729.478 686.490 644.032 601.429 559.272 517.042 474.826 432.765 390.135 348.009 305.157 262.563 219.454 175.997 132.456 87.842 43.727 -2.227 -46.987 -92.925 -137.722 -182.517 -225.795 -267.828 -307.809 -345.604 -380.919 -413.611 -443.662 -471.088 -495.979 -518.487 -538.747 -556.956 -573.268 -587.869 -600.910 -612.544 -622.904 -632.113 -640.279 -647.497 -653.852 -659.421 -664.269 -668.463 -672.097 -675.516 -680.612 -697.518 -9999.000 -9999.000
-9999.000 -9999.000 4081.894 3983.137 3885.627 3789.375 3694.394 3600.700 3508.314 3417.258 3327.557 3239.235 3152.311 3066.799 2982.706 2900.037 2818.799 2739.006 2660.665 2583.770 2508.319 2434.314 2361.751 2290.612 2220.892 2152.585 2085.662 2020.110 1955.914 1893.027 1831.453 1771.155 1712.088 1654.243 1597.531 1541.994 1487.528 1434.157 1381.780 1330.408 1279.939 1230.390 1181.635 1133.726 1086.466 1039.999 993.996 948.782 903.967 859.780 815.953 772.518 729.478 686.490 644.032 601.429 559.272 517.042 474.826 432.765 390.135 348.009 305.157 262.563 219.454 175.997 132.456 87.842 43.727 -2.227 -46.987 -92.925 -137.722 -182.517 -225.795 -267.828 -307.809 -345.604 -380.919 -413.611 -443.662 -471.088 -495.979 -518.487 -538.747 -556.956 -573.268 -587.869 -600.910 -612.544 -622.904 -632.113 -640.279 -647.497 -653.852 -659.421 -664.269 -668.463 -672.097 -675.516 -680.612 -697.518 -9999.000 -9999.000
-9999.000 -9999.000 4081.894 3983.137 3885.627 3789.375 3694.394 3600.700 3508.314 3417.258 3327.557 3239.235 3152.311 3066.799 2982.706 2900.037 2818.799 2739.006 2660.665 2583.770 2508.319 2434.314 2361.751 2290.612 2220.892 2152.585 2085.662 2020.110 1955.914 1893.027 1831.453 1771.155 1712.088 1654.243 1597.531 1541.994 1487.528 1434.157 1381.780 1330.408 1279.939 1230.390 1181.635 1133.726 1086.466 1039.999 993.996 948.782 903.967 859.780 815.953 772.518 729.478 686.490 644.032 601.429 559.272 517.042 474.826 432.765 390.135 348.009 305.157 262.563 219.454 175.997 132.456 87.842 43.727 -2.227 -46.987 -92.925 -137.722 -182.517 -225.795 -267.828 -307.809 -345.604 -380.919 -413.611 -443.662 -471.088 -495.979 -518.487 -538.747 -556.956 -573.268 -587.869 -600.910 -612.544 -622.904 -632.113 -640.279 -647.497 -653.852 -659.421 -664.269 -668.463 -672.097 -675.516 -680.612 -697.518 -9999.000 -9999.000
-9999.000 -9999.000 4081.894 3983.137 3885.627 3789.375 3694.394 3600.700 3508.314 3417.258 3327.557 3239.235 3152.311 3066.799 2982.706 2900.037 2818.799 2739.006 2660.665 2583.770 2508.319 2434.314 2361.751 2290.612 2220.892 2152.585 2085.662 2020.110 1955.914 1893.027 1831.453 1771.155 1712.088 1654.243 1597.531 1541.994 1487.528 1434.157 1381.780 1330.408 1279.939 1230.390 1181.635 1133.726 1086.466 1039.999 993.996 948.782 903.967 859.780 815.953 772.518 729.478 686.490 644.032 601.429 559.272 517.042 474.826 432.765 390.135 348.009 305.157 262.563 219.454 175.997 132.456 87.842 43.727 -2.227 -46.987 -92.925 -137.722 -182.517 -225.795 -267.828 -307.809 -345.604 -380.919 -413.611 -443.662 -471.088 -495.979 -518.487 -538.747 -556.956 -573.268 -587.869 -600.910 -612.544 -622.904 -632.113 -640.279 -647.497 -653.852 -659.421 -664.269 -668.463 -672.097 -675.516 -680.612 -697.518 -9999.000 -9999.000
-9999.000 -9999.000 -9999.000 -9999.000 -9999.000 -9999.000 -9999.000 -9999.000 -9999.000 -9999.000 -9999.000 -9999.000 -9999.000 -9999.000 -9999.000 -9999.000 -9999.000 -9999.000 -9999.000 -9999.000 -9999.000 -9999.000 -9999.000 -9999.000 -9999.000 -9999.000 -9999.000 -9999.000 -9999.000 -9999.000 -9999.000 -9999.000 -9999.000 -9999.000 -9999.000 -9999.000 -9999.000 -9999.000 -9999.000 -9999.000 -9999.000 -9999.000 -9999.000 -9999.000 -9999.000 -9999.000 -9999.000 -9999.000 -9999.000 -9999.000 -9999.000 -9999.000 -9999.000 -9999.000 -9999.000 -9999.000 -9999.000 -9999.000 -9999.000 -9999.000 -9999.000 -9999.000 -9999.000 -9999.000 -9999.000 -9999.000 -9999.000 -9999.000 -9999.000 -9999.000 -9999.000 -9999.000 -9999.000 -9999.000 -9999.000 -9999.000 -9999.000 -9999.000 -9999.000 -9999.000 -9999.000 -9999.000 -9999.000 -9999.000 -9999.000 -9999.000 -9999.000 -9999.000 -9999.000 -9999.000 -9999.000 -9999.000 -9999.000 -9999.000 -9999.000 -9999.000 -9999.000 -9999.000 -9999.000 -9999.000 -9999.000 -9999.000 -9999.000 -9999.000
-9999.000 -9999.000 -9999.000 -9999.000 -9999.000 -9999.000 -9999.000 -9999.000 -9999.000 -9999.000 -9999.000 -9999.000 -9999.000 -9999.000 -9999.000 -9999.000 -9999.000 -9999.000 -9999.000 -9999.000 -9999.000 -9999.000 -9999.000 -9999.000 -9999.000 -9999.000 -9999.000 -9999.000 -9999.000 -9999.000 -9999.000 -9999.000 -9999.000 -9999.000 -9999.000 -9999.000 -9999.000 -9999.000 -9999.000 -9999.000 -9999.000 -9999.000 -9999.000 -9999.000 -9999.000 -9999.000 -9999.000 -9999.000 -9999.000 -9999.000 -9999.000 -9999.000 -9999.000 -9999.000 -9999.000 -9999.000 -9999.000 -9999.000 -9999.000 -9999.000 -9999.000 -9999.000 -9999.000 -9999.000 -9999.000 -9999.000 -9999.000 -9999.000 -9999.000 -9999.000 -9999.000 -9999.000 -9999.000 -9999.000 -9999.000 -9999.000 -9999.000 -9999.000 -9999.000 -9999.000 -9999.000 -9999.000 -9999.000 -9999.000 -9999.000 -9999.000 -9999.000 -9999.000 -9999.000 -9999.000 -9999.000 -9999.000 -9999.000 -9999.000 -9999.000 -9999.000 -9999.000 -9999.000 -9999.000 -9999.000 -9999.000 -9999.000 -9999.000 -9999.000