examples/3D/hillslope01/output-maps-METEOIO-ON/psiliqL0048N0001.asc
ncols         104
nrows         10
xllcorner     -2.000000
yllcorner     0.000000
cellsize      1.000000
NODATA_value  -9999.0
-9999.000 -9999.000 -9999.000 -9999.000 -9999.000 -9999.000 -9999.000 -9999.000 -9999.000 -9999.000 -9999.000 -9999.000 -9999.000 -9999.000 -9999.000 -9999.000 -9999.000 -9999.000 -9999.000 -9999.000 -9999.000 -9999.000 -9999.000 -9999.000 -9999.000 -9999.000 -9999.000 -9999.000 -9999.000 -9999.000 -9999.000 -9999.000 -9999.000 -9999.000 -9999.000 -9999.000 -9999.000 -9999.000 -9999.000 -9999.000 -9999.000 -9999.000 -9999.000 -9999.000 -9999.000 -9999.000 -9999.000 -9999.000 -9999.000 -9999.000 -9999.000 -9999.000 -9999.000 -9999.000 -9999.000 -9999.000 -9999.000 -9999.000 -9999.000 -9999.000 -9999.000 -9999.000 -9999.000 -9999.000 -9999.000 -9999.000 -9999.000 -9999.000 -9999.000 -9999.000 -9999.000 -9999.000 -9999.000 -9999.000 -9999.000 -9999.000 -9999.000 -9999.000 -9999.000 -9999.000 -9999.000 -9999.000 -9999.000 -9999.000 -9999.000 -9999.000 -9999.000 -9999.000 -9999.000 -9999.000 -9999.000 -9999.000 -9999.000 -9999.000 -9999.000 -9999.000 -9999.000 -9999.000 -9999.000 -9999.000 -9999.000 -9999.000 -9999.000 -9999.000
-9999.000 -9999.000 -9999.000 -9999.000 -9999.000 -9999.000 -9999.000 -9999.000 -9999.000 -9999.000 -9999.000 -9999.000 -9999.000 -9999.000 -9999.000 -9999.000 -9999.000 -9999.000 -9999.000 -9999.000 -9999.000 -9999.000 -9999.000 -9999.000 -9999.000 -9999.000 -9999.000 -9999.000 -9999.000 -9999.000 -9999.000 -9999.000 -9999.000 -9999.000 -9999.000 -9999.000 -9999.000 -9999.000 -9999.000 -9999.000 -9999.000 -9999.000 -9999.000 -9999.000 -9999.000 -9999.000 -9999.000 -9999.000 -9999.000 -9999.000 -9999.000 -9999.000 -9999.000 -9999.000 -9999.000 -9999.000 -9999.000 -9999.000 -9999.000 -9999.000 -9999.000 -9999.000 -9999.000 -9999.000 -9999.000 -9999.000 -9999.000 -9999.000 -9999.000 -9999.000 -9999.000 -9999.000 -9999.000 -9999.000 -9999.000 -9999.000 -9999.000 -9999.000 -9999.000 -9999.000 -9999.000 -9999.000 -9999.000 -9999.000 -9999.000 -9999.000 -9999.000 -9999.000 -9999.000 -9999.000 -9999.000 -9999.000 -9999.000 -9999.000 -9999.000 -9999.000 -9999.000 -9999.000 -9999.000 -9999.000 -9999.000 -9999.000 -9999.000 -9999.000
-9999.000 -9999.000 2886.859 2788.079 2690.525 2594.210 2499.150 2405.364 2312.875 2221.711 2131.906 2043.491 1956.494 1870.932 1786.801 1704.086 1622.803 1542.985 1464.649 1387.769 1312.321 1238.346 1165.850 1094.758 1025.097 956.905 890.070 824.621 760.610 697.788 636.393 576.295 517.346 459.818 403.112 347.947 293.536 240.537 188.261 137.272 86.902 37.805 -10.935 -58.173 -105.464 -151.169 -197.422 -241.844 -286.441 -328.726 -369.348 -408.147 -444.265 -478.698 -510.099 -539.249 -566.082 -590.436 -612.824 -633.120 -651.589 -668.465 -683.811 -697.851 -710.709 -722.507 -733.378 -743.414 -752.713 -761.354 -769.407 -776.934 -783.988 -790.614 -796.853 -802.739 -808.301 -813.564 -818.550 -823.278 -827.764 -832.020 -836.058 -839.888 -843.519 -846.956 -850.206 -853.274 -856.163 -858.878 -861.420 -863.792 -865.995 -868.032 -869.903 -871.609 -873.154 -874.541 -875.789 -877.063 -879.677 -892.999 -9999.000 -9999.000
-9999.000 -9999.000 2886.859 2788.079 2690.525 2594.210 2499.150 2405.364 2312.875 2221.711 2131.906 2043.491 1956.494 1870.932 1786.801 1704.086 1622.803 1542.985 1464.649 1387.769 1312.321 1238.346 1165.850 1094.758 1025.097 956.905 890.070 824.621 760.610 697.788 636.393 576.295 517.346 459.818 403.112 347.947 293.536 240.537 188.261 137.272 86.902 37.805 -10.935 -58.173 -105.464 -151.169 -197.422 -241.844 -286.441 -328.726 -369.348 -408.147 -444.265 -478.698 -510.099 -539.249 -566.082 -590.436 -612.824 -633.120 -651.589 -668.465 -683.811 -697.851 -710.709 -722.507 -733.378 -743.414 -752.713 -761.354 -769.407 -776.934 -783.988 -790.614 -796.853 -802.739 -808.301 -813.564 -818.550 -823.278 -827.764 -832.020 -836.058 -839.888 -843.519 -846.956 -850.206 -853.274 -856.163 -858.878 -861.420 -863.792 -865.995 -868.032 -869.903 -871.609 -873.154 -874.541 -875.789 -877.063 -879.677 -892.999 -9999.000 -9999.000
-9999.000 -9999.000 2886.859 2788.079 2690.525 2594.210 2499.150 2405.364 2312.875 2221.711 2131.906 2043.491 1956.494 1870.932 1786.801 1704.086 1622.803 1542.985 1464.649 1387.769 1312.321 1238.346 1165.850 1094.758 1025.097 956.905 890.070 824.621 760.610 697.788 636.393 576.295 517.346 459.818 403.112 347.947 293.536 240.537 188.261 137.272 86.902 37.805 -10.935 -58.173 -105.464 -151.169 -197.422 -241.844 -286.441 -328.726 -369.348 -408.147 -444.265 -478.698 -510.099 -539.249 -566.082 -590.436 -612.824 -633.120 -651.589 -668.465 -683.811 -697.851 -710.709 -722.507 -733.378 -743.414 -752.713 -761.354 -769.407 -776.934 -783.988 -790.614 -796.853 -802.739 -808.301 -813.564 -818.550 -823.278 -827.764 -832.020 -836.058 -839.888 -843.519 -846.956 -850.206 -853.274 -856.163 -858.878 -861.420 -863.792 -865.995 -868.032 -869.903 -871.609 -873.154 -874.541 -875.789 -877.063 -879.677 -892.999 -9999.000 -9999.000
-9999.000 -9999.000 2886.859 2788.079 2690.525 2594.210 2499.150 2405.364 2312.875 2221.711 2131.906 2043.491 1956.494 1870.932 1786.801 1704.086 1622.803 1542.985 1464.649 1387.769 1312.321 1238.346 1165.850 1094.758 1025.097 956.905 890.070 824.621 760.610 697.788 636.393 576.295 517.346 459.818 403.112 347.947 293.536 240.537 188.261 137.272 86.902 37.805 -10.935 -58.173 -105.464 -151.169 -197.422 -241.844 -286.441 -328.726 -369.348 -408.147 -444.265 -478.698 -510.099 -539.249 -566.082 -590.436 -612.824 -633.120 -651.589 -668.465 -683.811 -697.851 -710.709 -722.507 -733.378 -743.414 -752.713 -761.354 -769.407 -776.934 -783.988 -790.614 -796.853 -802.739 -808.301 -813.564 -818.550 -823.278 -827.764 -832.020 -836.058 -839.888 -843.519 -846.956 -850.206 -853.274 -856.163 -858.878 -861.420 -863.792 -865.995 -868.032 -869.903 -871.609 -873.154 -874.541 -875.789 -877.063 -879.677 -892.999 -9999.000 -9999.000
-9999.000 -9999.000 2886.859 2788.079 2690.525 2594.210 2499.150 2405.364 2312.875 2221.711 2131.906 2043.491 1956.494 1870.932 1786.801 1704.086 1622.803 1542.985 1464.649 1387.769 1312.321 1238.346 1165.850 1094.758 1025.097 956.905 890.070 824.621 760.610 697.788 636.393 576.295 517.346 459.818 403.112 347.947 293.536 240.537 188.261 137.272 86.902 37.805 -10.935 -58.173 -105.464 -151.169 -197.422 -241.844 -286.441 -328.726 -369.348 -408.147 -444.265 -478.698 -510.099 -539.249 -566.082 -590.436 -612.824 -633.120 -651.589 -668.465 -683.811 -697.851 -710.709 -722.507 -733.378 -743.414 -752.713 -761.354 -769.407 -776.934 -783.988 -790.614 -796.853 -802.739 -808.301 -813.564 -818.550 -823.278 -827.764 -832.020 -836.058 -839.888 -843.519 -846.956 -850.206 -853.274 -856.163 -858.878 -861.420 -863.792 -865.995 -868.032 -869.903 -871.609 -873.154 -874.541 -875.789 -877.063 -879.677 -892.999 -9999.000 -9999.000
-9999.000 -9999.000 2886.859 2788.079 2690.525 2594.210 2499.150 2405.364 2312.875 2221.711 2131.906 2043.491 1956.494 1870.932 1786.801 1704.086 1622.803 1542.985 1464.649 1387.769 1312.321 1238.346 1165.850 1094.758 1025.097 956.905 890.070 824.621 760.610 697.788 636.393 576.295 517.346 459.818 403.112 347.947 293.536 240.537 188.261 137.272 86.902 37.805 -10.935 -58.173 -105.464 -151.169 -197.422 -241.844 -286.441 -328.726 -369.348 -408.147 -444.265 -478.698 -510.099 -539.249 -566.082 -590.436 -612.824 -633.120 -651.589 -668.465 -683.811 -697.851 -710.709 -722.507 -733.378 -743.414 -752.713 -761.354 -769.407 -776.934 -783.988 -790.614 -796.853 -802.739 -808.301 -813.564 -818.550 -823.278 -827.764 -832.020 -836.058 -839.888 -843.519 -846.956 -850.206 -853.274 -856.163 -858.878 -861.420 -863.792 -865.995 -868.032 -869.903 -871.609 -873.154 -874.541 -875.789 -877.063 -879.677 -892.999 -9999.000 -9999.000
-9999.000 -9999.000 -9999.000 -9999.000 -9999.000 -9999.000 -9999.000 -9999.000 -9999.000 -9999.000 -9999.000 -9999.000 -9999.000 -9999.000 -9999.000 -9999.000 -9999.000 -9999.000 -9999.000 -9999.000 -9999.000 -9999.000 -9999.000 -9999.000 -9999.000 -9999.000 -9999.000 -9999.000 -9999.000 -9999.000 -9999.000 -9999.000 -9999.000 -9999.000 -9999.000 -9999.000 -9999.000 -9999.000 -9999.000 -9999.000 -9999.000 -9999.000 -9999.000 -9999.000 -9999.000 -9999.000 -9999.000 -9999.000 -9999.000 -9999.000 -9999.000 -9999.000 -9999.000 -9999.000 -9999.000 -9999.000 -9999.000 -9999.000 -9999.000 -9999.000 -9999.000 -9999.000 -9999.000 -9999.000 -9999.000 -9999.000 -9999.000 -9999.000 -9999.000 -9999.000 -9999.000 -9999.000 -9999.000 -9999.000 -9999.000 -9999.000 -9999.000 -9999.000 -9999.000 -9999.000 -9999.000 -9999.000 -9999.000 -9999.000 -9999.000 -9999.000 -9999.000 -9999.000 -9999.000 -9999.000 -9999.000 -9999.000 -9999.000 -9999.000 -9999.000 -9999.000 -9999.000 -9999.000 -9999.000 -9999.000 -9999.000 -9999.000 -9999.000 -9999.000
-9999.000 -9999.000 -9999.000 -9999.000 -9999.000 -9999.000 -9999.000 -9999.000 -9999.000 -9999.000 -9999.000 -9999.000 -9999.000 -9999.000 -9999.000 -9999.000 -9999.000 -9999.000 -9999.000 -9999.000 -9999.000 -9999.000 -9999.000 -9999.000 -9999.000 -9999.000 -9999.000 -9999.000 -9999.000 -9999.000 -9999.000 -9999.000 -9999.000 -9999.000 -9999.000 -9999.000 -9999.000 -9999.000 -9999.000 -9999.000 -9999.000 -9999.000 -9999.000 -9999.000 -9999.000 -9999.000 -9999.000 -9999.000 -9999.000 -9999.000 -9999.000 -9999.000 -9999.000 -9999.000 -9999.000 -9999.000 -9999.000 -9999.000 -9999.000 -9999.000 -9999.000 -9999.000 -9999.000 -9999.000 -9999.000 -9999.000 -9999.000 -9999.000 -9999.000 -9999.000 -9999.000 -9999.000 -9999.000 -9999.000 -9999.000 -9999.000 -9999.000 -9999.000 -9999.000 -9999.000 -9999.000 -9999.000 -9999.000 -9999.000 -9999.000 -9999.000 -9999.000 -9999.000 -9999.000 -9999.000 -9999.000 -9999.000 -9999.000 -9999.000 -9999.000 -9999.000 -9999.000 -9999.000 -9999.000 -9999.000 -9999.000 -9999.000 -9999.000 -9999.000