examples/3D/hillslope01/output-maps-METEOIO-ON/psiliqL0047N0003.asc
ncols         104
nrows         10
xllcorner     -2.000000
yllcorner     0.000000
cellsize      1.000000
NODATA_value  -9999.0
-9999.000 -9999.000 -9999.000 -9999.000 -9999.000 -9999.000 -9999.000 -9999.000 -9999.000 -9999.000 -9999.000 -9999.000 -9999.000 -9999.000 -9999.000 -9999.000 -9999.000 -9999.000 -9999.000 -9999.000 -9999.000 -9999.000 -9999.000 -9999.000 -9999.000 -9999.000 -9999.000 -9999.000 -9999.000 -9999.000 -9999.000 -9999.000 -9999.000 -9999.000 -9999.000 -9999.000 -9999.000 -9999.000 -9999.000 -9999.000 -9999.000 -9999.000 -9999.000 -9999.000 -9999.000 -9999.000 -9999.000 -9999.000 -9999.000 -9999.000 -9999.000 -9999.000 -9999.000 -9999.000 -9999.000 -9999.000 -9999.000 -9999.000 -9999.000 -9999.000 -9999.000 -9999.000 -9999.000 -9999.000 -9999.000 -9999.000 -9999.000 -9999.000 -9999.000 -9999.000 -9999.000 -9999.000 -9999.000 -9999.000 -9999.000 -9999.000 -9999.000 -9999.000 -9999.000 -9999.000 -9999.000 -9999.000 -9999.000 -9999.000 -9999.000 -9999.000 -9999.000 -9999.000 -9999.000 -9999.000 -9999.000 -9999.000 -9999.000 -9999.000 -9999.000 -9999.000 -9999.000 -9999.000 -9999.000 -9999.000 -9999.000 -9999.000 -9999.000 -9999.000
-9999.000 -9999.000 -9999.000 -9999.000 -9999.000 -9999.000 -9999.000 -9999.000 -9999.000 -9999.000 -9999.000 -9999.000 -9999.000 -9999.000 -9999.000 -9999.000 -9999.000 -9999.000 -9999.000 -9999.000 -9999.000 -9999.000 -9999.000 -9999.000 -9999.000 -9999.000 -9999.000 -9999.000 -9999.000 -9999.000 -9999.000 -9999.000 -9999.000 -9999.000 -9999.000 -9999.000 -9999.000 -9999.000 -9999.000 -9999.000 -9999.000 -9999.000 -9999.000 -9999.000 -9999.000 -9999.000 -9999.000 -9999.000 -9999.000 -9999.000 -9999.000 -9999.000 -9999.000 -9999.000 -9999.000 -9999.000 -9999.000 -9999.000 -9999.000 -9999.000 -9999.000 -9999.000 -9999.000 -9999.000 -9999.000 -9999.000 -9999.000 -9999.000 -9999.000 -9999.000 -9999.000 -9999.000 -9999.000 -9999.000 -9999.000 -9999.000 -9999.000 -9999.000 -9999.000 -9999.000 -9999.000 -9999.000 -9999.000 -9999.000 -9999.000 -9999.000 -9999.000 -9999.000 -9999.000 -9999.000 -9999.000 -9999.000 -9999.000 -9999.000 -9999.000 -9999.000 -9999.000 -9999.000 -9999.000 -9999.000 -9999.000 -9999.000 -9999.000 -9999.000
-9999.000 -9999.000 4050.668 3950.844 3851.202 3751.754 3652.513 3553.494 3454.707 3356.161 3257.864 3159.822 3062.042 2964.530 2867.289 2770.324 2673.637 2577.230 2481.106 2385.267 2289.719 2194.464 2099.509 2004.857 1910.515 1816.487 1722.778 1629.392 1536.332 1443.603 1351.207 1259.143 1167.412 1076.009 984.927 894.159 803.724 713.632 623.887 534.492 445.450 356.757 268.408 180.386 92.648 5.195 -81.791 -168.462 -254.916 -341.226 -427.322 -512.849 -597.037 -676.402 -749.017 -813.882 -870.361 -918.389 -958.416 -991.246 -1017.977 -1039.674 -1057.280 -1071.610 -1083.347 -1093.041 -1101.122 -1107.930 -1113.728 -1118.721 -1123.068 -1126.895 -1130.298 -1133.353 -1136.119 -1138.644 -1140.965 -1143.112 -1145.108 -1146.972 -1148.720 -1150.363 -1151.911 -1153.373 -1154.753 -1156.058 -1157.290 -1158.453 -1159.550 -1160.581 -1161.549 -1162.454 -1163.296 -1164.077 -1164.797 -1165.455 -1166.054 -1166.604 -1167.173 -1168.201 -1172.181 -1191.414 -9999.000 -9999.000
-9999.000 -9999.000 4050.668 3950.844 3851.202 3751.754 3652.513 3553.494 3454.707 3356.161 3257.864 3159.822 3062.042 2964.530 2867.289 2770.324 2673.637 2577.230 2481.106 2385.267 2289.719 2194.464 2099.509 2004.857 1910.515 1816.487 1722.778 1629.392 1536.332 1443.603 1351.207 1259.143 1167.412 1076.009 984.927 894.159 803.724 713.632 623.887 534.492 445.450 356.757 268.408 180.386 92.648 5.195 -81.791 -168.462 -254.916 -341.226 -427.322 -512.849 -597.037 -676.402 -749.017 -813.882 -870.361 -918.389 -958.416 -991.246 -1017.977 -1039.674 -1057.280 -1071.610 -1083.347 -1093.041 -1101.122 -1107.930 -1113.728 -1118.721 -1123.068 -1126.895 -1130.298 -1133.353 -1136.119 -1138.644 -1140.965 -1143.112 -1145.108 -1146.972 -1148.720 -1150.363 -1151.911 -1153.373 -1154.753 -1156.058 -1157.290 -1158.453 -1159.550 -1160.581 -1161.549 -1162.454 -1163.296 -1164.077 -1164.797 -1165.455 -1166.054 -1166.604 -1167.173 -1168.201 -1172.181 -1191.414 -9999.000 -9999.000
-9999.000 -9999.000 4050.668 3950.844 3851.202 3751.754 3652.513 3553.494 3454.707 3356.161 3257.864 3159.822 3062.042 2964.530 2867.289 2770.324 2673.637 2577.230 2481.106 2385.267 2289.719 2194.464 2099.509 2004.857 1910.515 1816.487 1722.778 1629.392 1536.332 1443.603 1351.207 1259.143 1167.412 1076.009 984.927 894.159 803.724 713.632 623.887 534.492 445.450 356.757 268.408 180.386 92.648 5.195 -81.791 -168.462 -254.916 -341.226 -427.322 -512.849 -597.037 -676.402 -749.017 -813.882 -870.361 -918.389 -958.416 -991.246 -1017.977 -1039.674 -1057.280 -1071.610 -1083.347 -1093.041 -1101.122 -1107.930 -1113.728 -1118.721 -1123.068 -1126.895 -1130.298 -1133.353 -1136.119 -1138.644 -1140.965 -1143.112 -1145.108 -1146.972 -1148.720 -1150.363 -1151.911 -1153.373 -1154.753 -1156.058 -1157.290 -1158.453 -1159.550 -1160.581 -1161.549 -1162.454 -1163.296 -1164.077 -1164.797 -1165.455 -1166.054 -1166.604 -1167.173 -1168.201 -1172.181 -1191.414 -9999.000 -9999.000
-9999.000 -9999.000 4050.668 3950.844 3851.202 3751.754 3652.513 3553.494 3454.707 3356.161 3257.864 3159.822 3062.042 2964.530 2867.289 2770.324 2673.637 2577.230 2481.106 2385.267 2289.719 2194.464 2099.509 2004.857 1910.515 1816.487 1722.778 1629.392 1536.332 1443.603 1351.207 1259.143 1167.412 1076.009 984.927 894.159 803.724 713.632 623.887 534.492 445.450 356.757 268.408 180.386 92.648 5.195 -81.791 -168.462 -254.916 -341.226 -427.322 -512.849 -597.037 -676.402 -749.017 -813.882 -870.361 -918.389 -958.416 -991.246 -1017.977 -1039.674 -1057.280 -1071.610 -1083.347 -1093.041 -1101.122 -1107.930 -1113.728 -1118.721 -1123.068 -1126.895 -1130.298 -1133.353 -1136.119 -1138.644 -1140.965 -1143.112 -1145.108 -1146.972 -1148.720 -1150.363 -1151.911 -1153.373 -1154.753 -1156.058 -1157.290 -1158.453 -1159.550 -1160.581 -1161.549 -1162.454 -1163.296 -1164.077 -1164.797 -1165.455 -1166.054 -1166.604 -1167.173 -1168.201 -1172.181 -1191.414 -9999.000 -9999.000
-9999.000 -9999.000 4050.668 3950.844 3851.202 3751.754 3652.513 3553.494 3454.707 3356.161 3257.864 3159.822 3062.042 2964.530 2867.289 2770.324 2673.637 2577.230 2481.106 2385.267 2289.719 2194.464 2099.509 2004.857 1910.515 1816.487 1722.778 1629.392 1536.332 1443.603 1351.207 1259.143 1167.412 1076.009 984.927 894.159 803.724 713.632 623.887 534.492 445.450 356.757 268.408 180.386 92.648 5.195 -81.791 -168.462 -254.916 -341.226 -427.322 -512.849 -597.037 -676.402 -749.017 -813.882 -870.361 -918.389 -958.416 -991.246 -1017.977 -1039.674 -1057.280 -1071.610 -1083.347 -1093.041 -1101.122 -1107.930 -1113.728 -1118.721 -1123.068 -1126.895 -1130.298 -1133.353 -1136.119 -1138.644 -1140.965 -1143.112 -1145.108 -1146.972 -1148.720 -1150.363 -1151.911 -1153.373 -1154.753 -1156.058 -1157.290 -1158.453 -1159.550 -1160.581 -1161.549 -1162.454 -1163.296 -1164.077 -1164.797 -1165.455 -1166.054 -1166.604 -1167.173 -1168.201 -1172.181 -1191.414 -9999.000 -9999.000
-9999.000 -9999.000 4050.668 3950.844 3851.202 3751.754 3652.513 3553.494 3454.707 3356.161 3257.864 3159.822 3062.042 2964.530 2867.289 2770.324 2673.637 2577.230 2481.106 2385.267 2289.719 2194.464 2099.509 2004.857 1910.515 1816.487 1722.778 1629.392 1536.332 1443.603 1351.207 1259.143 1167.412 1076.009 984.927 894.159 803.724 713.632 623.887 534.492 445.450 356.757 268.408 180.386 92.648 5.195 -81.791 -168.462 -254.916 -341.226 -427.322 -512.849 -597.037 -676.402 -749.017 -813.882 -870.361 -918.389 -958.416 -991.246 -1017.977 -1039.674 -1057.280 -1071.610 -1083.347 -1093.041 -1101.122 -1107.930 -1113.728 -1118.721 -1123.068 -1126.895 -1130.298 -1133.353 -1136.119 -1138.644 -1140.965 -1143.112 -1145.108 -1146.972 -1148.720 -1150.363 -1151.911 -1153.373 -1154.753 -1156.058 -1157.290 -1158.453 -1159.550 -1160.581 -1161.549 -1162.454 -1163.296 -1164.077 -1164.797 -1165.455 -1166.054 -1166.604 -1167.173 -1168.201 -1172.181 -1191.414 -9999.000 -9999.000
-9999.000 -9999.000 -9999.000 -9999.000 -9999.000 -9999.000 -9999.000 -9999.000 -9999.000 -9999.000 -9999.000 -9999.000 -9999.000 -9999.000 -9999.000 -9999.000 -9999.000 -9999.000 -9999.000 -9999.000 -9999.000 -9999.000 -9999.000 -9999.000 -9999.000 -9999.000 -9999.000 -9999.000 -9999.000 -9999.000 -9999.000 -9999.000 -9999.000 -9999.000 -9999.000 -9999.000 -9999.000 -9999.000 -9999.000 -9999.000 -9999.000 -9999.000 -9999.000 -9999.000 -9999.000 -9999.000 -9999.000 -9999.000 -9999.000 -9999.000 -9999.000 -9999.000 -9999.000 -9999.000 -9999.000 -9999.000 -9999.000 -9999.000 -9999.000 -9999.000 -9999.000 -9999.000 -9999.000 -9999.000 -9999.000 -9999.000 -9999.000 -9999.000 -9999.000 -9999.000 -9999.000 -9999.000 -9999.000 -9999.000 -9999.000 -9999.000 -9999.000 -9999.000 -9999.000 -9999.000 -9999.000 -9999.000 -9999.000 -9999.000 -9999.000 -9999.000 -9999.000 -9999.000 -9999.000 -9999.000 -9999.000 -9999.000 -9999.000 -9999.000 -9999.000 -9999.000 -9999.000 -9999.000 -9999.000 -9999.000 -9999.000 -9999.000 -9999.000 -9999.000
-9999.000 -9999.000 -9999.000 -9999.000 -9999.000 -9999.000 -9999.000 -9999.000 -9999.000 -9999.000 -9999.000 -9999.000 -9999.000 -9999.000 -9999.000 -9999.000 -9999.000 -9999.000 -9999.000 -9999.000 -9999.000 -9999.000 -9999.000 -9999.000 -9999.000 -9999.000 -9999.000 -9999.000 -9999.000 -9999.000 -9999.000 -9999.000 -9999.000 -9999.000 -9999.000 -9999.000 -9999.000 -9999.000 -9999.000 -9999.000 -9999.000 -9999.000 -9999.000 -9999.000 -9999.000 -9999.000 -9999.000 -9999.000 -9999.000 -9999.000 -9999.000 -9999.000 -9999.000 -9999.000 -9999.000 -9999.000 -9999.000 -9999.000 -9999.000 -9999.000 -9999.000 -9999.000 -9999.000 -9999.000 -9999.000 -9999.000 -9999.000 -9999.000 -9999.000 -9999.000 -9999.000 -9999.000 -9999.000 -9999.000 -9999.000 -9999.000 -9999.000 -9999.000 -9999.000 -9999.000 -9999.000 -9999.000 -9999.000 -9999.000 -9999.000 -9999.000 -9999.000 -9999.000 -9999.000 -9999.000 -9999.000 -9999.000 -9999.000 -9999.000 -9999.000 -9999.000 -9999.000 -9999.000 -9999.000 -9999.000 -9999.000 -9999.000 -9999.000 -9999.000