examples/3D/hillslope01/output-maps-METEOIO-ON/psiliqL0013N0003.asc
ncols         104
nrows         10
xllcorner     -2.000000
yllcorner     0.000000
cellsize      1.000000
NODATA_value  -9999.0
-9999.000 -9999.000 -9999.000 -9999.000 -9999.000 -9999.000 -9999.000 -9999.000 -9999.000 -9999.000 -9999.000 -9999.000 -9999.000 -9999.000 -9999.000 -9999.000 -9999.000 -9999.000 -9999.000 -9999.000 -9999.000 -9999.000 -9999.000 -9999.000 -9999.000 -9999.000 -9999.000 -9999.000 -9999.000 -9999.000 -9999.000 -9999.000 -9999.000 -9999.000 -9999.000 -9999.000 -9999.000 -9999.000 -9999.000 -9999.000 -9999.000 -9999.000 -9999.000 -9999.000 -9999.000 -9999.000 -9999.000 -9999.000 -9999.000 -9999.000 -9999.000 -9999.000 -9999.000 -9999.000 -9999.000 -9999.000 -9999.000 -9999.000 -9999.000 -9999.000 -9999.000 -9999.000 -9999.000 -9999.000 -9999.000 -9999.000 -9999.000 -9999.000 -9999.000 -9999.000 -9999.000 -9999.000 -9999.000 -9999.000 -9999.000 -9999.000 -9999.000 -9999.000 -9999.000 -9999.000 -9999.000 -9999.000 -9999.000 -9999.000 -9999.000 -9999.000 -9999.000 -9999.000 -9999.000 -9999.000 -9999.000 -9999.000 -9999.000 -9999.000 -9999.000 -9999.000 -9999.000 -9999.000 -9999.000 -9999.000 -9999.000 -9999.000 -9999.000 -9999.000
-9999.000 -9999.000 -9999.000 -9999.000 -9999.000 -9999.000 -9999.000 -9999.000 -9999.000 -9999.000 -9999.000 -9999.000 -9999.000 -9999.000 -9999.000 -9999.000 -9999.000 -9999.000 -9999.000 -9999.000 -9999.000 -9999.000 -9999.000 -9999.000 -9999.000 -9999.000 -9999.000 -9999.000 -9999.000 -9999.000 -9999.000 -9999.000 -9999.000 -9999.000 -9999.000 -9999.000 -9999.000 -9999.000 -9999.000 -9999.000 -9999.000 -9999.000 -9999.000 -9999.000 -9999.000 -9999.000 -9999.000 -9999.000 -9999.000 -9999.000 -9999.000 -9999.000 -9999.000 -9999.000 -9999.000 -9999.000 -9999.000 -9999.000 -9999.000 -9999.000 -9999.000 -9999.000 -9999.000 -9999.000 -9999.000 -9999.000 -9999.000 -9999.000 -9999.000 -9999.000 -9999.000 -9999.000 -9999.000 -9999.000 -9999.000 -9999.000 -9999.000 -9999.000 -9999.000 -9999.000 -9999.000 -9999.000 -9999.000 -9999.000 -9999.000 -9999.000 -9999.000 -9999.000 -9999.000 -9999.000 -9999.000 -9999.000 -9999.000 -9999.000 -9999.000 -9999.000 -9999.000 -9999.000 -9999.000 -9999.000 -9999.000 -9999.000 -9999.000 -9999.000
-9999.000 -9999.000 679.920 579.975 480.114 380.389 280.892 181.674 82.719 -15.987 -114.465 -213.206 -313.310 -416.810 -526.960 -648.669 -789.379 -960.801 -1182.053 -1484.836 -1918.267 -2529.986 -3223.994 -3607.476 -3696.067 -3710.194 -3712.412 -3712.785 -3712.853 -3712.867 -3712.870 -3712.871 -3712.871 -3712.871 -3712.871 -3712.871 -3712.871 -3712.871 -3712.871 -3712.871 -3712.871 -3712.871 -3712.871 -3712.871 -3712.871 -3712.871 -3712.871 -3712.871 -3712.871 -3712.871 -3712.871 -3712.871 -3712.871 -3712.871 -3712.871 -3712.871 -3712.871 -3712.871 -3712.871 -3712.871 -3712.871 -3712.871 -3712.871 -3712.871 -3712.871 -3712.871 -3712.871 -3712.871 -3712.871 -3712.871 -3712.871 -3712.871 -3712.871 -3712.871 -3712.871 -3712.871 -3712.871 -3712.871 -3712.871 -3712.871 -3712.871 -3712.871 -3712.871 -3712.871 -3712.871 -3712.871 -3712.871 -3712.871 -3712.871 -3712.871 -3712.871 -3712.871 -3712.871 -3712.871 -3712.871 -3712.871 -3712.871 -3712.871 -3712.871 -3712.872 -3712.937 -3716.305 -9999.000 -9999.000
-9999.000 -9999.000 679.920 579.975 480.114 380.389 280.892 181.674 82.719 -15.987 -114.465 -213.206 -313.310 -416.810 -526.960 -648.669 -789.379 -960.801 -1182.053 -1484.836 -1918.267 -2529.986 -3223.994 -3607.476 -3696.067 -3710.194 -3712.412 -3712.785 -3712.853 -3712.867 -3712.870 -3712.871 -3712.871 -3712.871 -3712.871 -3712.871 -3712.871 -3712.871 -3712.871 -3712.871 -3712.871 -3712.871 -3712.871 -3712.871 -3712.871 -3712.871 -3712.871 -3712.871 -3712.871 -3712.871 -3712.871 -3712.871 -3712.871 -3712.871 -3712.871 -3712.871 -3712.871 -3712.871 -3712.871 -3712.871 -3712.871 -3712.871 -3712.871 -3712.871 -3712.871 -3712.871 -3712.871 -3712.871 -3712.871 -3712.871 -3712.871 -3712.871 -3712.871 -3712.871 -3712.871 -3712.871 -3712.871 -3712.871 -3712.871 -3712.871 -3712.871 -3712.871 -3712.871 -3712.871 -3712.871 -3712.871 -3712.871 -3712.871 -3712.871 -3712.871 -3712.871 -3712.871 -3712.871 -3712.871 -3712.871 -3712.871 -3712.871 -3712.871 -3712.871 -3712.872 -3712.937 -3716.305 -9999.000 -9999.000
-9999.000 -9999.000 679.920 579.975 480.114 380.389 280.892 181.674 82.719 -15.987 -114.465 -213.206 -313.310 -416.810 -526.960 -648.669 -789.379 -960.801 -1182.053 -1484.836 -1918.267 -2529.986 -3223.994 -3607.476 -3696.067 -3710.194 -3712.412 -3712.785 -3712.853 -3712.867 -3712.870 -3712.871 -3712.871 -3712.871 -3712.871 -3712.871 -3712.871 -3712.871 -3712.871 -3712.871 -3712.871 -3712.871 -3712.871 -3712.871 -3712.871 -3712.871 -3712.871 -3712.871 -3712.871 -3712.871 -3712.871 -3712.871 -3712.871 -3712.871 -3712.871 -3712.871 -3712.871 -3712.871 -3712.871 -3712.871 -3712.871 -3712.871 -3712.871 -3712.871 -3712.871 -3712.871 -3712.871 -3712.871 -3712.871 -3712.871 -3712.871 -3712.871 -3712.871 -3712.871 -3712.871 -3712.871 -3712.871 -3712.871 -3712.871 -3712.871 -3712.871 -3712.871 -3712.871 -3712.871 -3712.871 -3712.871 -3712.871 -3712.871 -3712.871 -3712.871 -3712.871 -3712.871 -3712.871 -3712.871 -3712.871 -3712.871 -3712.871 -3712.871 -3712.871 -3712.872 -3712.937 -3716.305 -9999.000 -9999.000
-9999.000 -9999.000 679.920 579.975 480.114 380.389 280.892 181.674 82.719 -15.987 -114.465 -213.206 -313.310 -416.810 -526.960 -648.669 -789.379 -960.801 -1182.053 -1484.836 -1918.267 -2529.986 -3223.994 -3607.476 -3696.067 -3710.194 -3712.412 -3712.785 -3712.853 -3712.867 -3712.870 -3712.871 -3712.871 -3712.871 -3712.871 -3712.871 -3712.871 -3712.871 -3712.871 -3712.871 -3712.871 -3712.871 -3712.871 -3712.871 -3712.871 -3712.871 -3712.871 -3712.871 -3712.871 -3712.871 -3712.871 -3712.871 -3712.871 -3712.871 -3712.871 -3712.871 -3712.871 -3712.871 -3712.871 -3712.871 -3712.871 -3712.871 -3712.871 -3712.871 -3712.871 -3712.871 -3712.871 -3712.871 -3712.871 -3712.871 -3712.871 -3712.871 -3712.871 -3712.871 -3712.871 -3712.871 -3712.871 -3712.871 -3712.871 -3712.871 -3712.871 -3712.871 -3712.871 -3712.871 -3712.871 -3712.871 -3712.871 -3712.871 -3712.871 -3712.871 -3712.871 -3712.871 -3712.871 -3712.871 -3712.871 -3712.871 -3712.871 -3712.871 -3712.871 -3712.872 -3712.937 -3716.305 -9999.000 -9999.000
-9999.000 -9999.000 679.920 579.975 480.114 380.389 280.892 181.674 82.719 -15.987 -114.465 -213.206 -313.310 -416.810 -526.960 -648.669 -789.379 -960.801 -1182.053 -1484.836 -1918.267 -2529.986 -3223.994 -3607.476 -3696.067 -3710.194 -3712.412 -3712.785 -3712.853 -3712.867 -3712.870 -3712.871 -3712.871 -3712.871 -3712.871 -3712.871 -3712.871 -3712.871 -3712.871 -3712.871 -3712.871 -3712.871 -3712.871 -3712.871 -3712.871 -3712.871 -3712.871 -3712.871 -3712.871 -3712.871 -3712.871 -3712.871 -3712.871 -3712.871 -3712.871 -3712.871 -3712.871 -3712.871 -3712.871 -3712.871 -3712.871 -3712.871 -3712.871 -3712.871 -3712.871 -3712.871 -3712.871 -3712.871 -3712.871 -3712.871 -3712.871 -3712.871 -3712.871 -3712.871 -3712.871 -3712.871 -3712.871 -3712.871 -3712.871 -3712.871 -3712.871 -3712.871 -3712.871 -3712.871 -3712.871 -3712.871 -3712.871 -3712.871 -3712.871 -3712.871 -3712.871 -3712.871 -3712.871 -3712.871 -3712.871 -3712.871 -3712.871 -3712.871 -3712.871 -3712.872 -3712.937 -3716.305 -9999.000 -9999.000
-9999.000 -9999.000 679.920 579.975 480.114 380.389 280.892 181.674 82.719 -15.987 -114.465 -213.206 -313.310 -416.810 -526.960 -648.669 -789.379 -960.801 -1182.053 -1484.836 -1918.267 -2529.986 -3223.994 -3607.476 -3696.067 -3710.194 -3712.412 -3712.785 -3712.853 -3712.867 -3712.870 -3712.871 -3712.871 -3712.871 -3712.871 -3712.871 -3712.871 -3712.871 -3712.871 -3712.871 -3712.871 -3712.871 -3712.871 -3712.871 -3712.871 -3712.871 -3712.871 -3712.871 -3712.871 -3712.871 -3712.871 -3712.871 -3712.871 -3712.871 -3712.871 -3712.871 -3712.871 -3712.871 -3712.871 -3712.871 -3712.871 -3712.871 -3712.871 -3712.871 -3712.871 -3712.871 -3712.871 -3712.871 -3712.871 -3712.871 -3712.871 -3712.871 -3712.871 -3712.871 -3712.871 -3712.871 -3712.871 -3712.871 -3712.871 -3712.871 -3712.871 -3712.871 -3712.871 -3712.871 -3712.871 -3712.871 -3712.871 -3712.871 -3712.871 -3712.871 -3712.871 -3712.871 -3712.871 -3712.871 -3712.871 -3712.871 -3712.871 -3712.871 -3712.871 -3712.872 -3712.937 -3716.305 -9999.000 -9999.000
-9999.000 -9999.000 -9999.000 -9999.000 -9999.000 -9999.000 -9999.000 -9999.000 -9999.000 -9999.000 -9999.000 -9999.000 -9999.000 -9999.000 -9999.000 -9999.000 -9999.000 -9999.000 -9999.000 -9999.000 -9999.000 -9999.000 -9999.000 -9999.000 -9999.000 -9999.000 -9999.000 -9999.000 -9999.000 -9999.000 -9999.000 -9999.000 -9999.000 -9999.000 -9999.000 -9999.000 -9999.000 -9999.000 -9999.000 -9999.000 -9999.000 -9999.000 -9999.000 -9999.000 -9999.000 -9999.000 -9999.000 -9999.000 -9999.000 -9999.000 -9999.000 -9999.000 -9999.000 -9999.000 -9999.000 -9999.000 -9999.000 -9999.000 -9999.000 -9999.000 -9999.000 -9999.000 -9999.000 -9999.000 -9999.000 -9999.000 -9999.000 -9999.000 -9999.000 -9999.000 -9999.000 -9999.000 -9999.000 -9999.000 -9999.000 -9999.000 -9999.000 -9999.000 -9999.000 -9999.000 -9999.000 -9999.000 -9999.000 -9999.000 -9999.000 -9999.000 -9999.000 -9999.000 -9999.000 -9999.000 -9999.000 -9999.000 -9999.000 -9999.000 -9999.000 -9999.000 -9999.000 -9999.000 -9999.000 -9999.000 -9999.000 -9999.000 -9999.000 -9999.000
-9999.000 -9999.000 -9999.000 -9999.000 -9999.000 -9999.000 -9999.000 -9999.000 -9999.000 -9999.000 -9999.000 -9999.000 -9999.000 -9999.000 -9999.000 -9999.000 -9999.000 -9999.000 -9999.000 -9999.000 -9999.000 -9999.000 -9999.000 -9999.000 -9999.000 -9999.000 -9999.000 -9999.000 -9999.000 -9999.000 -9999.000 -9999.000 -9999.000 -9999.000 -9999.000 -9999.000 -9999.000 -9999.000 -9999.000 -9999.000 -9999.000 -9999.000 -9999.000 -9999.000 -9999.000 -9999.000 -9999.000 -9999.000 -9999.000 -9999.000 -9999.000 -9999.000 -9999.000 -9999.000 -9999.000 -9999.000 -9999.000 -9999.000 -9999.000 -9999.000 -9999.000 -9999.000 -9999.000 -9999.000 -9999.000 -9999.000 -9999.000 -9999.000 -9999.000 -9999.000 -9999.000 -9999.000 -9999.000 -9999.000 -9999.000 -9999.000 -9999.000 -9999.000 -9999.000 -9999.000 -9999.000 -9999.000 -9999.000 -9999.000 -9999.000 -9999.000 -9999.000 -9999.000 -9999.000 -9999.000 -9999.000 -9999.000 -9999.000 -9999.000 -9999.000 -9999.000 -9999.000 -9999.000 -9999.000 -9999.000 -9999.000 -9999.000 -9999.000 -9999.000