examples/3D/hillslope01/output-maps-METEOIO-ON/psiliqL0068N0003.asc
ncols         104
nrows         10
xllcorner     -2.000000
yllcorner     0.000000
cellsize      1.000000
NODATA_value  -9999.0
-9999.000 -9999.000 -9999.000 -9999.000 -9999.000 -9999.000 -9999.000 -9999.000 -9999.000 -9999.000 -9999.000 -9999.000 -9999.000 -9999.000 -9999.000 -9999.000 -9999.000 -9999.000 -9999.000 -9999.000 -9999.000 -9999.000 -9999.000 -9999.000 -9999.000 -9999.000 -9999.000 -9999.000 -9999.000 -9999.000 -9999.000 -9999.000 -9999.000 -9999.000 -9999.000 -9999.000 -9999.000 -9999.000 -9999.000 -9999.000 -9999.000 -9999.000 -9999.000 -9999.000 -9999.000 -9999.000 -9999.000 -9999.000 -9999.000 -9999.000 -9999.000 -9999.000 -9999.000 -9999.000 -9999.000 -9999.000 -9999.000 -9999.000 -9999.000 -9999.000 -9999.000 -9999.000 -9999.000 -9999.000 -9999.000 -9999.000 -9999.000 -9999.000 -9999.000 -9999.000 -9999.000 -9999.000 -9999.000 -9999.000 -9999.000 -9999.000 -9999.000 -9999.000 -9999.000 -9999.000 -9999.000 -9999.000 -9999.000 -9999.000 -9999.000 -9999.000 -9999.000 -9999.000 -9999.000 -9999.000 -9999.000 -9999.000 -9999.000 -9999.000 -9999.000 -9999.000 -9999.000 -9999.000 -9999.000 -9999.000 -9999.000 -9999.000 -9999.000 -9999.000
-9999.000 -9999.000 -9999.000 -9999.000 -9999.000 -9999.000 -9999.000 -9999.000 -9999.000 -9999.000 -9999.000 -9999.000 -9999.000 -9999.000 -9999.000 -9999.000 -9999.000 -9999.000 -9999.000 -9999.000 -9999.000 -9999.000 -9999.000 -9999.000 -9999.000 -9999.000 -9999.000 -9999.000 -9999.000 -9999.000 -9999.000 -9999.000 -9999.000 -9999.000 -9999.000 -9999.000 -9999.000 -9999.000 -9999.000 -9999.000 -9999.000 -9999.000 -9999.000 -9999.000 -9999.000 -9999.000 -9999.000 -9999.000 -9999.000 -9999.000 -9999.000 -9999.000 -9999.000 -9999.000 -9999.000 -9999.000 -9999.000 -9999.000 -9999.000 -9999.000 -9999.000 -9999.000 -9999.000 -9999.000 -9999.000 -9999.000 -9999.000 -9999.000 -9999.000 -9999.000 -9999.000 -9999.000 -9999.000 -9999.000 -9999.000 -9999.000 -9999.000 -9999.000 -9999.000 -9999.000 -9999.000 -9999.000 -9999.000 -9999.000 -9999.000 -9999.000 -9999.000 -9999.000 -9999.000 -9999.000 -9999.000 -9999.000 -9999.000 -9999.000 -9999.000 -9999.000 -9999.000 -9999.000 -9999.000 -9999.000 -9999.000 -9999.000 -9999.000 -9999.000
-9999.000 -9999.000 6131.677 6031.876 5932.276 5832.885 5733.707 5634.753 5536.029 5437.543 5339.301 5241.312 5143.580 5046.111 4948.910 4851.981 4755.328 4658.955 4562.865 4467.062 4371.549 4276.332 4181.414 4086.799 3992.492 3898.498 3804.819 3711.459 3618.422 3525.710 3433.325 3341.268 3249.540 3158.140 3067.067 2976.325 2885.914 2795.840 2706.105 2616.709 2527.654 2438.936 2350.553 2262.499 2174.771 2087.371 2000.305 1913.577 1827.182 1741.114 1655.362 1569.911 1484.754 1399.910 1315.388 1231.177 1147.260 1063.613 980.208 897.052 814.200 731.636 649.326 567.229 485.287 403.535 322.082 240.870 159.838 78.915 -2.082 -82.485 -162.014 -240.023 -315.555 -387.442 -454.133 -514.732 -568.698 -615.813 -656.179 -690.277 -718.827 -742.560 -762.194 -778.407 -791.802 -802.886 -812.081 -819.733 -826.125 -831.482 -835.987 -839.782 -842.986 -845.691 -847.980 -849.953 -851.858 -854.629 -861.795 -886.090 -9999.000 -9999.000
-9999.000 -9999.000 6131.677 6031.876 5932.276 5832.885 5733.707 5634.753 5536.029 5437.543 5339.301 5241.312 5143.580 5046.111 4948.910 4851.981 4755.328 4658.955 4562.865 4467.062 4371.549 4276.332 4181.414 4086.799 3992.492 3898.498 3804.819 3711.459 3618.422 3525.710 3433.325 3341.268 3249.540 3158.140 3067.067 2976.325 2885.914 2795.840 2706.105 2616.709 2527.654 2438.936 2350.553 2262.499 2174.771 2087.371 2000.305 1913.577 1827.182 1741.114 1655.362 1569.911 1484.754 1399.910 1315.388 1231.177 1147.260 1063.613 980.208 897.052 814.200 731.636 649.326 567.229 485.287 403.535 322.082 240.870 159.838 78.915 -2.082 -82.485 -162.014 -240.023 -315.555 -387.442 -454.133 -514.732 -568.698 -615.813 -656.179 -690.277 -718.827 -742.560 -762.194 -778.407 -791.802 -802.886 -812.081 -819.733 -826.125 -831.482 -835.987 -839.782 -842.986 -845.691 -847.980 -849.953 -851.858 -854.629 -861.795 -886.090 -9999.000 -9999.000
-9999.000 -9999.000 6131.677 6031.876 5932.276 5832.885 5733.707 5634.753 5536.029 5437.543 5339.301 5241.312 5143.580 5046.111 4948.910 4851.981 4755.328 4658.955 4562.865 4467.062 4371.549 4276.332 4181.414 4086.799 3992.492 3898.498 3804.819 3711.459 3618.422 3525.710 3433.325 3341.268 3249.540 3158.140 3067.067 2976.325 2885.914 2795.840 2706.105 2616.709 2527.654 2438.936 2350.553 2262.499 2174.771 2087.371 2000.305 1913.577 1827.182 1741.114 1655.362 1569.911 1484.754 1399.910 1315.388 1231.177 1147.260 1063.613 980.208 897.052 814.200 731.636 649.326 567.229 485.287 403.535 322.082 240.870 159.838 78.915 -2.082 -82.485 -162.014 -240.023 -315.555 -387.442 -454.133 -514.732 -568.698 -615.813 -656.179 -690.277 -718.827 -742.560 -762.194 -778.407 -791.802 -802.886 -812.081 -819.733 -826.125 -831.482 -835.987 -839.782 -842.986 -845.691 -847.980 -849.953 -851.858 -854.629 -861.795 -886.090 -9999.000 -9999.000
-9999.000 -9999.000 6131.677 6031.876 5932.276 5832.885 5733.707 5634.753 5536.029 5437.543 5339.301 5241.312 5143.580 5046.111 4948.910 4851.981 4755.328 4658.955 4562.865 4467.062 4371.549 4276.332 4181.414 4086.799 3992.492 3898.498 3804.819 3711.459 3618.422 3525.710 3433.325 3341.268 3249.540 3158.140 3067.067 2976.325 2885.914 2795.840 2706.105 2616.709 2527.654 2438.936 2350.553 2262.499 2174.771 2087.371 2000.305 1913.577 1827.182 1741.114 1655.362 1569.911 1484.754 1399.910 1315.388 1231.177 1147.260 1063.613 980.208 897.052 814.200 731.636 649.326 567.229 485.287 403.535 322.082 240.870 159.838 78.915 -2.082 -82.485 -162.014 -240.023 -315.555 -387.442 -454.133 -514.732 -568.698 -615.813 -656.179 -690.277 -718.827 -742.560 -762.194 -778.407 -791.802 -802.886 -812.081 -819.733 -826.125 -831.482 -835.987 -839.782 -842.986 -845.691 -847.980 -849.953 -851.858 -854.629 -861.795 -886.090 -9999.000 -9999.000
-9999.000 -9999.000 6131.677 6031.876 5932.276 5832.885 5733.707 5634.753 5536.029 5437.543 5339.301 5241.312 5143.580 5046.111 4948.910 4851.981 4755.328 4658.955 4562.865 4467.062 4371.549 4276.332 4181.414 4086.799 3992.492 3898.498 3804.819 3711.459 3618.422 3525.710 3433.325 3341.268 3249.540 3158.140 3067.067 2976.325 2885.914 2795.840 2706.105 2616.709 2527.654 2438.936 2350.553 2262.499 2174.771 2087.371 2000.305 1913.577 1827.182 1741.114 1655.362 1569.911 1484.754 1399.910 1315.388 1231.177 1147.260 1063.613 980.208 897.052 814.200 731.636 649.326 567.229 485.287 403.535 322.082 240.870 159.838 78.915 -2.082 -82.485 -162.014 -240.023 -315.555 -387.442 -454.133 -514.732 -568.698 -615.813 -656.179 -690.277 -718.827 -742.560 -762.194 -778.407 -791.802 -802.886 -812.081 -819.733 -826.125 -831.482 -835.987 -839.782 -842.986 -845.691 -847.980 -849.953 -851.858 -854.629 -861.795 -886.090 -9999.000 -9999.000
-9999.000 -9999.000 6131.677 6031.876 5932.276 5832.885 5733.707 5634.753 5536.029 5437.543 5339.301 5241.312 5143.580 5046.111 4948.910 4851.981 4755.328 4658.955 4562.865 4467.062 4371.549 4276.332 4181.414 4086.799 3992.492 3898.498 3804.819 3711.459 3618.422 3525.710 3433.325 3341.268 3249.540 3158.140 3067.067 2976.325 2885.914 2795.840 2706.105 2616.709 2527.654 2438.936 2350.553 2262.499 2174.771 2087.371 2000.305 1913.577 1827.182 1741.114 1655.362 1569.911 1484.754 1399.910 1315.388 1231.177 1147.260 1063.613 980.208 897.052 814.200 731.636 649.326 567.229 485.287 403.535 322.082 240.870 159.838 78.915 -2.082 -82.485 -162.014 -240.023 -315.555 -387.442 -454.133 -514.732 -568.698 -615.813 -656.179 -690.277 -718.827 -742.560 -762.194 -778.407 -791.802 -802.886 -812.081 -819.733 -826.125 -831.482 -835.987 -839.782 -842.986 -845.691 -847.980 -849.953 -851.858 -854.629 -861.795 -886.090 -9999.000 -9999.000
-9999.000 -9999.000 -9999.000 -9999.000 -9999.000 -9999.000 -9999.000 -9999.000 -9999.000 -9999.000 -9999.000 -9999.000 -9999.000 -9999.000 -9999.000 -9999.000 -9999.000 -9999.000 -9999.000 -9999.000 -9999.000 -9999.000 -9999.000 -9999.000 -9999.000 -9999.000 -9999.000 -9999.000 -9999.000 -9999.000 -9999.000 -9999.000 -9999.000 -9999.000 -9999.000 -9999.000 -9999.000 -9999.000 -9999.000 -9999.000 -9999.000 -9999.000 -9999.000 -9999.000 -9999.000 -9999.000 -9999.000 -9999.000 -9999.000 -9999.000 -9999.000 -9999.000 -9999.000 -9999.000 -9999.000 -9999.000 -9999.000 -9999.000 -9999.000 -9999.000 -9999.000 -9999.000 -9999.000 -9999.000 -9999.000 -9999.000 -9999.000 -9999.000 -9999.000 -9999.000 -9999.000 -9999.000 -9999.000 -9999.000 -9999.000 -9999.000 -9999.000 -9999.000 -9999.000 -9999.000 -9999.000 -9999.000 -9999.000 -9999.000 -9999.000 -9999.000 -9999.000 -9999.000 -9999.000 -9999.000 -9999.000 -9999.000 -9999.000 -9999.000 -9999.000 -9999.000 -9999.000 -9999.000 -9999.000 -9999.000 -9999.000 -9999.000 -9999.000 -9999.000
-9999.000 -9999.000 -9999.000 -9999.000 -9999.000 -9999.000 -9999.000 -9999.000 -9999.000 -9999.000 -9999.000 -9999.000 -9999.000 -9999.000 -9999.000 -9999.000 -9999.000 -9999.000 -9999.000 -9999.000 -9999.000 -9999.000 -9999.000 -9999.000 -9999.000 -9999.000 -9999.000 -9999.000 -9999.000 -9999.000 -9999.000 -9999.000 -9999.000 -9999.000 -9999.000 -9999.000 -9999.000 -9999.000 -9999.000 -9999.000 -9999.000 -9999.000 -9999.000 -9999.000 -9999.000 -9999.000 -9999.000 -9999.000 -9999.000 -9999.000 -9999.000 -9999.000 -9999.000 -9999.000 -9999.000 -9999.000 -9999.000 -9999.000 -9999.000 -9999.000 -9999.000 -9999.000 -9999.000 -9999.000 -9999.000 -9999.000 -9999.000 -9999.000 -9999.000 -9999.000 -9999.000 -9999.000 -9999.000 -9999.000 -9999.000 -9999.000 -9999.000 -9999.000 -9999.000 -9999.000 -9999.000 -9999.000 -9999.000 -9999.000 -9999.000 -9999.000 -9999.000 -9999.000 -9999.000 -9999.000 -9999.000 -9999.000 -9999.000 -9999.000 -9999.000 -9999.000 -9999.000 -9999.000 -9999.000 -9999.000 -9999.000 -9999.000 -9999.000 -9999.000