examples/3D/hillslope01/output-maps-METEOIO-ON/psiliqL0090N0003.asc
ncols         104
nrows         10
xllcorner     -2.000000
yllcorner     0.000000
cellsize      1.000000
NODATA_value  -9999.0
-9999.000 -9999.000 -9999.000 -9999.000 -9999.000 -9999.000 -9999.000 -9999.000 -9999.000 -9999.000 -9999.000 -9999.000 -9999.000 -9999.000 -9999.000 -9999.000 -9999.000 -9999.000 -9999.000 -9999.000 -9999.000 -9999.000 -9999.000 -9999.000 -9999.000 -9999.000 -9999.000 -9999.000 -9999.000 -9999.000 -9999.000 -9999.000 -9999.000 -9999.000 -9999.000 -9999.000 -9999.000 -9999.000 -9999.000 -9999.000 -9999.000 -9999.000 -9999.000 -9999.000 -9999.000 -9999.000 -9999.000 -9999.000 -9999.000 -9999.000 -9999.000 -9999.000 -9999.000 -9999.000 -9999.000 -9999.000 -9999.000 -9999.000 -9999.000 -9999.000 -9999.000 -9999.000 -9999.000 -9999.000 -9999.000 -9999.000 -9999.000 -9999.000 -9999.000 -9999.000 -9999.000 -9999.000 -9999.000 -9999.000 -9999.000 -9999.000 -9999.000 -9999.000 -9999.000 -9999.000 -9999.000 -9999.000 -9999.000 -9999.000 -9999.000 -9999.000 -9999.000 -9999.000 -9999.000 -9999.000 -9999.000 -9999.000 -9999.000 -9999.000 -9999.000 -9999.000 -9999.000 -9999.000 -9999.000 -9999.000 -9999.000 -9999.000 -9999.000 -9999.000
-9999.000 -9999.000 -9999.000 -9999.000 -9999.000 -9999.000 -9999.000 -9999.000 -9999.000 -9999.000 -9999.000 -9999.000 -9999.000 -9999.000 -9999.000 -9999.000 -9999.000 -9999.000 -9999.000 -9999.000 -9999.000 -9999.000 -9999.000 -9999.000 -9999.000 -9999.000 -9999.000 -9999.000 -9999.000 -9999.000 -9999.000 -9999.000 -9999.000 -9999.000 -9999.000 -9999.000 -9999.000 -9999.000 -9999.000 -9999.000 -9999.000 -9999.000 -9999.000 -9999.000 -9999.000 -9999.000 -9999.000 -9999.000 -9999.000 -9999.000 -9999.000 -9999.000 -9999.000 -9999.000 -9999.000 -9999.000 -9999.000 -9999.000 -9999.000 -9999.000 -9999.000 -9999.000 -9999.000 -9999.000 -9999.000 -9999.000 -9999.000 -9999.000 -9999.000 -9999.000 -9999.000 -9999.000 -9999.000 -9999.000 -9999.000 -9999.000 -9999.000 -9999.000 -9999.000 -9999.000 -9999.000 -9999.000 -9999.000 -9999.000 -9999.000 -9999.000 -9999.000 -9999.000 -9999.000 -9999.000 -9999.000 -9999.000 -9999.000 -9999.000 -9999.000 -9999.000 -9999.000 -9999.000 -9999.000 -9999.000 -9999.000 -9999.000 -9999.000 -9999.000
-9999.000 -9999.000 8310.860 8211.068 8111.487 8012.119 7912.970 7814.045 7715.352 7616.896 7518.683 7420.721 7323.014 7225.569 7128.389 7031.480 6934.846 6838.491 6742.419 6646.635 6551.141 6455.943 6361.043 6266.447 6172.158 6078.180 5984.516 5891.170 5798.145 5705.442 5613.064 5521.012 5429.288 5337.892 5246.827 5156.092 5065.690 4975.622 4885.890 4796.493 4707.433 4618.708 4530.316 4442.255 4354.526 4267.126 4180.056 4093.315 4006.899 3920.804 3835.026 3749.558 3664.398 3579.544 3494.993 3410.738 3326.771 3243.082 3159.663 3076.510 2993.622 2910.989 2828.598 2746.435 2664.488 2582.753 2501.227 2419.896 2338.739 2257.731 2176.864 2096.141 2015.553 1935.068 1854.653 1774.284 1693.967 1613.699 1533.443 1453.149 1372.775 1292.318 1211.800 1131.172 1050.362 969.301 887.939 806.353 724.486 642.239 559.508 476.196 392.210 307.647 222.386 136.247 49.043 -39.277 -128.125 -216.342 -302.237 -385.120 -9999.000 -9999.000
-9999.000 -9999.000 8310.860 8211.068 8111.487 8012.119 7912.970 7814.045 7715.352 7616.896 7518.683 7420.721 7323.014 7225.569 7128.389 7031.480 6934.846 6838.491 6742.419 6646.635 6551.141 6455.943 6361.043 6266.447 6172.158 6078.180 5984.516 5891.170 5798.145 5705.442 5613.064 5521.012 5429.288 5337.892 5246.827 5156.092 5065.690 4975.622 4885.890 4796.493 4707.433 4618.708 4530.316 4442.255 4354.526 4267.126 4180.056 4093.315 4006.899 3920.804 3835.026 3749.558 3664.398 3579.544 3494.993 3410.738 3326.771 3243.082 3159.663 3076.510 2993.622 2910.989 2828.598 2746.435 2664.488 2582.753 2501.227 2419.896 2338.739 2257.731 2176.864 2096.141 2015.553 1935.068 1854.653 1774.284 1693.967 1613.699 1533.443 1453.149 1372.775 1292.318 1211.800 1131.172 1050.362 969.301 887.939 806.353 724.486 642.239 559.508 476.196 392.210 307.647 222.386 136.247 49.043 -39.277 -128.125 -216.342 -302.237 -385.120 -9999.000 -9999.000
-9999.000 -9999.000 8310.860 8211.068 8111.487 8012.119 7912.970 7814.045 7715.352 7616.896 7518.683 7420.721 7323.014 7225.569 7128.389 7031.480 6934.846 6838.491 6742.419 6646.635 6551.141 6455.943 6361.043 6266.447 6172.158 6078.180 5984.516 5891.170 5798.145 5705.442 5613.064 5521.012 5429.288 5337.892 5246.827 5156.092 5065.690 4975.622 4885.890 4796.493 4707.433 4618.708 4530.316 4442.255 4354.526 4267.126 4180.056 4093.315 4006.899 3920.804 3835.026 3749.558 3664.398 3579.544 3494.993 3410.738 3326.771 3243.082 3159.663 3076.510 2993.622 2910.989 2828.598 2746.435 2664.488 2582.753 2501.227 2419.896 2338.739 2257.731 2176.864 2096.141 2015.553 1935.068 1854.653 1774.284 1693.967 1613.699 1533.443 1453.149 1372.775 1292.318 1211.800 1131.172 1050.362 969.301 887.939 806.353 724.486 642.239 559.508 476.196 392.210 307.647 222.386 136.247 49.043 -39.277 -128.125 -216.342 -302.237 -385.120 -9999.000 -9999.000
-9999.000 -9999.000 8310.860 8211.068 8111.487 8012.119 7912.970 7814.045 7715.352 7616.896 7518.683 7420.721 7323.014 7225.569 7128.389 7031.480 6934.846 6838.491 6742.419 6646.635 6551.141 6455.943 6361.043 6266.447 6172.158 6078.180 5984.516 5891.170 5798.145 5705.442 5613.064 5521.012 5429.288 5337.892 5246.827 5156.092 5065.690 4975.622 4885.890 4796.493 4707.433 4618.708 4530.316 4442.255 4354.526 4267.126 4180.056 4093.315 4006.899 3920.804 3835.026 3749.558 3664.398 3579.544 3494.993 3410.738 3326.771 3243.082 3159.663 3076.510 2993.622 2910.989 2828.598 2746.435 2664.488 2582.753 2501.227 2419.896 2338.739 2257.731 2176.864 2096.141 2015.553 1935.068 1854.653 1774.284 1693.967 1613.699 1533.443 1453.149 1372.775 1292.318 1211.800 1131.172 1050.362 969.301 887.939 806.353 724.486 642.239 559.508 476.196 392.210 307.647 222.386 136.247 49.043 -39.277 -128.125 -216.342 -302.237 -385.120 -9999.000 -9999.000
-9999.000 -9999.000 8310.860 8211.068 8111.487 8012.119 7912.970 7814.045 7715.352 7616.896 7518.683 7420.721 7323.014 7225.569 7128.389 7031.480 6934.846 6838.491 6742.419 6646.635 6551.141 6455.943 6361.043 6266.447 6172.158 6078.180 5984.516 5891.170 5798.145 5705.442 5613.064 5521.012 5429.288 5337.892 5246.827 5156.092 5065.690 4975.622 4885.890 4796.493 4707.433 4618.708 4530.316 4442.255 4354.526 4267.126 4180.056 4093.315 4006.899 3920.804 3835.026 3749.558 3664.398 3579.544 3494.993 3410.738 3326.771 3243.082 3159.663 3076.510 2993.622 2910.989 2828.598 2746.435 2664.488 2582.753 2501.227 2419.896 2338.739 2257.731 2176.864 2096.141 2015.553 1935.068 1854.653 1774.284 1693.967 1613.699 1533.443 1453.149 1372.775 1292.318 1211.800 1131.172 1050.362 969.301 887.939 806.353 724.486 642.239 559.508 476.196 392.210 307.647 222.386 136.247 49.043 -39.277 -128.125 -216.342 -302.237 -385.120 -9999.000 -9999.000
-9999.000 -9999.000 8310.860 8211.068 8111.487 8012.119 7912.970 7814.045 7715.352 7616.896 7518.683 7420.721 7323.014 7225.569 7128.389 7031.480 6934.846 6838.491 6742.419 6646.635 6551.141 6455.943 6361.043 6266.447 6172.158 6078.180 5984.516 5891.170 5798.145 5705.442 5613.064 5521.012 5429.288 5337.892 5246.827 5156.092 5065.690 4975.622 4885.890 4796.493 4707.433 4618.708 4530.316 4442.255 4354.526 4267.126 4180.056 4093.315 4006.899 3920.804 3835.026 3749.558 3664.398 3579.544 3494.993 3410.738 3326.771 3243.082 3159.663 3076.510 2993.622 2910.989 2828.598 2746.435 2664.488 2582.753 2501.227 2419.896 2338.739 2257.731 2176.864 2096.141 2015.553 1935.068 1854.653 1774.284 1693.967 1613.699 1533.443 1453.149 1372.775 1292.318 1211.800 1131.172 1050.362 969.301 887.939 806.353 724.486 642.239 559.508 476.196 392.210 307.647 222.386 136.247 49.043 -39.277 -128.125 -216.342 -302.237 -385.120 -9999.000 -9999.000
-9999.000 -9999.000 -9999.000 -9999.000 -9999.000 -9999.000 -9999.000 -9999.000 -9999.000 -9999.000 -9999.000 -9999.000 -9999.000 -9999.000 -9999.000 -9999.000 -9999.000 -9999.000 -9999.000 -9999.000 -9999.000 -9999.000 -9999.000 -9999.000 -9999.000 -9999.000 -9999.000 -9999.000 -9999.000 -9999.000 -9999.000 -9999.000 -9999.000 -9999.000 -9999.000 -9999.000 -9999.000 -9999.000 -9999.000 -9999.000 -9999.000 -9999.000 -9999.000 -9999.000 -9999.000 -9999.000 -9999.000 -9999.000 -9999.000 -9999.000 -9999.000 -9999.000 -9999.000 -9999.000 -9999.000 -9999.000 -9999.000 -9999.000 -9999.000 -9999.000 -9999.000 -9999.000 -9999.000 -9999.000 -9999.000 -9999.000 -9999.000 -9999.000 -9999.000 -9999.000 -9999.000 -9999.000 -9999.000 -9999.000 -9999.000 -9999.000 -9999.000 -9999.000 -9999.000 -9999.000 -9999.000 -9999.000 -9999.000 -9999.000 -9999.000 -9999.000 -9999.000 -9999.000 -9999.000 -9999.000 -9999.000 -9999.000 -9999.000 -9999.000 -9999.000 -9999.000 -9999.000 -9999.000 -9999.000 -9999.000 -9999.000 -9999.000 -9999.000 -9999.000
-9999.000 -9999.000 -9999.000 -9999.000 -9999.000 -9999.000 -9999.000 -9999.000 -9999.000 -9999.000 -9999.000 -9999.000 -9999.000 -9999.000 -9999.000 -9999.000 -9999.000 -9999.000 -9999.000 -9999.000 -9999.000 -9999.000 -9999.000 -9999.000 -9999.000 -9999.000 -9999.000 -9999.000 -9999.000 -9999.000 -9999.000 -9999.000 -9999.000 -9999.000 -9999.000 -9999.000 -9999.000 -9999.000 -9999.000 -9999.000 -9999.000 -9999.000 -9999.000 -9999.000 -9999.000 -9999.000 -9999.000 -9999.000 -9999.000 -9999.000 -9999.000 -9999.000 -9999.000 -9999.000 -9999.000 -9999.000 -9999.000 -9999.000 -9999.000 -9999.000 -9999.000 -9999.000 -9999.000 -9999.000 -9999.000 -9999.000 -9999.000 -9999.000 -9999.000 -9999.000 -9999.000 -9999.000 -9999.000 -9999.000 -9999.000 -9999.000 -9999.000 -9999.000 -9999.000 -9999.000 -9999.000 -9999.000 -9999.000 -9999.000 -9999.000 -9999.000 -9999.000 -9999.000 -9999.000 -9999.000 -9999.000 -9999.000 -9999.000 -9999.000 -9999.000 -9999.000 -9999.000 -9999.000 -9999.000 -9999.000 -9999.000 -9999.000 -9999.000 -9999.000