examples/3D/hillslope01/output-maps-METEOIO-ON/psiliqL0023N0002.asc
ncols         104
nrows         10
xllcorner     -2.000000
yllcorner     0.000000
cellsize      1.000000
NODATA_value  -9999.0
-9999.000 -9999.000 -9999.000 -9999.000 -9999.000 -9999.000 -9999.000 -9999.000 -9999.000 -9999.000 -9999.000 -9999.000 -9999.000 -9999.000 -9999.000 -9999.000 -9999.000 -9999.000 -9999.000 -9999.000 -9999.000 -9999.000 -9999.000 -9999.000 -9999.000 -9999.000 -9999.000 -9999.000 -9999.000 -9999.000 -9999.000 -9999.000 -9999.000 -9999.000 -9999.000 -9999.000 -9999.000 -9999.000 -9999.000 -9999.000 -9999.000 -9999.000 -9999.000 -9999.000 -9999.000 -9999.000 -9999.000 -9999.000 -9999.000 -9999.000 -9999.000 -9999.000 -9999.000 -9999.000 -9999.000 -9999.000 -9999.000 -9999.000 -9999.000 -9999.000 -9999.000 -9999.000 -9999.000 -9999.000 -9999.000 -9999.000 -9999.000 -9999.000 -9999.000 -9999.000 -9999.000 -9999.000 -9999.000 -9999.000 -9999.000 -9999.000 -9999.000 -9999.000 -9999.000 -9999.000 -9999.000 -9999.000 -9999.000 -9999.000 -9999.000 -9999.000 -9999.000 -9999.000 -9999.000 -9999.000 -9999.000 -9999.000 -9999.000 -9999.000 -9999.000 -9999.000 -9999.000 -9999.000 -9999.000 -9999.000 -9999.000 -9999.000 -9999.000 -9999.000
-9999.000 -9999.000 -9999.000 -9999.000 -9999.000 -9999.000 -9999.000 -9999.000 -9999.000 -9999.000 -9999.000 -9999.000 -9999.000 -9999.000 -9999.000 -9999.000 -9999.000 -9999.000 -9999.000 -9999.000 -9999.000 -9999.000 -9999.000 -9999.000 -9999.000 -9999.000 -9999.000 -9999.000 -9999.000 -9999.000 -9999.000 -9999.000 -9999.000 -9999.000 -9999.000 -9999.000 -9999.000 -9999.000 -9999.000 -9999.000 -9999.000 -9999.000 -9999.000 -9999.000 -9999.000 -9999.000 -9999.000 -9999.000 -9999.000 -9999.000 -9999.000 -9999.000 -9999.000 -9999.000 -9999.000 -9999.000 -9999.000 -9999.000 -9999.000 -9999.000 -9999.000 -9999.000 -9999.000 -9999.000 -9999.000 -9999.000 -9999.000 -9999.000 -9999.000 -9999.000 -9999.000 -9999.000 -9999.000 -9999.000 -9999.000 -9999.000 -9999.000 -9999.000 -9999.000 -9999.000 -9999.000 -9999.000 -9999.000 -9999.000 -9999.000 -9999.000 -9999.000 -9999.000 -9999.000 -9999.000 -9999.000 -9999.000 -9999.000 -9999.000 -9999.000 -9999.000 -9999.000 -9999.000 -9999.000 -9999.000 -9999.000 -9999.000 -9999.000 -9999.000
-9999.000 -9999.000 1274.776 1175.191 1076.023 977.302 879.067 781.344 684.145 587.478 491.347 395.755 300.690 206.154 112.159 18.721 -74.095 -166.711 -260.224 -356.688 -459.311 -572.705 -703.447 -860.976 -1058.685 -1313.970 -1642.397 -2032.610 -2396.617 -2609.266 -2687.880 -2711.677 -2718.891 -2721.254 -2722.107 -2722.448 -2722.599 -2722.672 -2722.710 -2722.732 -2722.745 -2722.754 -2722.759 -2722.764 -2722.767 -2722.769 -2722.771 -2722.772 -2722.772 -2722.772 -2722.773 -2722.773 -2722.773 -2722.773 -2722.773 -2722.773 -2722.773 -2722.773 -2722.773 -2722.773 -2722.773 -2722.773 -2722.773 -2722.773 -2722.773 -2722.773 -2722.773 -2722.773 -2722.773 -2722.774 -2722.774 -2722.774 -2722.774 -2722.774 -2722.774 -2722.774 -2722.774 -2722.774 -2722.774 -2722.774 -2722.774 -2722.774 -2722.774 -2722.774 -2722.774 -2722.775 -2722.775 -2722.775 -2722.775 -2722.775 -2722.775 -2722.775 -2722.775 -2722.775 -2722.775 -2722.775 -2722.775 -2722.775 -2722.775 -2722.777 -2722.885 -2727.113 -9999.000 -9999.000
-9999.000 -9999.000 1274.776 1175.191 1076.023 977.302 879.067 781.344 684.145 587.478 491.347 395.755 300.690 206.154 112.159 18.721 -74.095 -166.711 -260.224 -356.688 -459.311 -572.705 -703.447 -860.976 -1058.685 -1313.970 -1642.397 -2032.610 -2396.617 -2609.266 -2687.880 -2711.677 -2718.891 -2721.254 -2722.107 -2722.448 -2722.599 -2722.672 -2722.710 -2722.732 -2722.745 -2722.754 -2722.759 -2722.764 -2722.767 -2722.769 -2722.771 -2722.772 -2722.772 -2722.772 -2722.773 -2722.773 -2722.773 -2722.773 -2722.773 -2722.773 -2722.773 -2722.773 -2722.773 -2722.773 -2722.773 -2722.773 -2722.773 -2722.773 -2722.773 -2722.773 -2722.773 -2722.773 -2722.773 -2722.774 -2722.774 -2722.774 -2722.774 -2722.774 -2722.774 -2722.774 -2722.774 -2722.774 -2722.774 -2722.774 -2722.774 -2722.774 -2722.774 -2722.774 -2722.774 -2722.775 -2722.775 -2722.775 -2722.775 -2722.775 -2722.775 -2722.775 -2722.775 -2722.775 -2722.775 -2722.775 -2722.775 -2722.775 -2722.775 -2722.777 -2722.885 -2727.113 -9999.000 -9999.000
-9999.000 -9999.000 1274.776 1175.191 1076.023 977.302 879.067 781.344 684.145 587.478 491.347 395.755 300.690 206.154 112.159 18.721 -74.095 -166.711 -260.224 -356.688 -459.311 -572.705 -703.447 -860.976 -1058.685 -1313.970 -1642.397 -2032.610 -2396.617 -2609.266 -2687.880 -2711.677 -2718.891 -2721.254 -2722.107 -2722.448 -2722.599 -2722.672 -2722.710 -2722.732 -2722.745 -2722.754 -2722.759 -2722.764 -2722.767 -2722.769 -2722.771 -2722.772 -2722.772 -2722.772 -2722.773 -2722.773 -2722.773 -2722.773 -2722.773 -2722.773 -2722.773 -2722.773 -2722.773 -2722.773 -2722.773 -2722.773 -2722.773 -2722.773 -2722.773 -2722.773 -2722.773 -2722.773 -2722.773 -2722.774 -2722.774 -2722.774 -2722.774 -2722.774 -2722.774 -2722.774 -2722.774 -2722.774 -2722.774 -2722.774 -2722.774 -2722.774 -2722.774 -2722.774 -2722.774 -2722.775 -2722.775 -2722.775 -2722.775 -2722.775 -2722.775 -2722.775 -2722.775 -2722.775 -2722.775 -2722.775 -2722.775 -2722.775 -2722.775 -2722.777 -2722.885 -2727.113 -9999.000 -9999.000
-9999.000 -9999.000 1274.776 1175.191 1076.023 977.302 879.067 781.344 684.145 587.478 491.347 395.755 300.690 206.154 112.159 18.721 -74.095 -166.711 -260.224 -356.688 -459.311 -572.705 -703.447 -860.976 -1058.685 -1313.970 -1642.397 -2032.610 -2396.617 -2609.266 -2687.880 -2711.677 -2718.891 -2721.254 -2722.107 -2722.448 -2722.599 -2722.672 -2722.710 -2722.732 -2722.745 -2722.754 -2722.759 -2722.764 -2722.767 -2722.769 -2722.771 -2722.772 -2722.772 -2722.772 -2722.773 -2722.773 -2722.773 -2722.773 -2722.773 -2722.773 -2722.773 -2722.773 -2722.773 -2722.773 -2722.773 -2722.773 -2722.773 -2722.773 -2722.773 -2722.773 -2722.773 -2722.773 -2722.773 -2722.774 -2722.774 -2722.774 -2722.774 -2722.774 -2722.774 -2722.774 -2722.774 -2722.774 -2722.774 -2722.774 -2722.774 -2722.774 -2722.774 -2722.774 -2722.774 -2722.775 -2722.775 -2722.775 -2722.775 -2722.775 -2722.775 -2722.775 -2722.775 -2722.775 -2722.775 -2722.775 -2722.775 -2722.775 -2722.775 -2722.777 -2722.885 -2727.113 -9999.000 -9999.000
-9999.000 -9999.000 1274.776 1175.191 1076.023 977.302 879.067 781.344 684.145 587.478 491.347 395.755 300.690 206.154 112.159 18.721 -74.095 -166.711 -260.224 -356.688 -459.311 -572.705 -703.447 -860.976 -1058.685 -1313.970 -1642.397 -2032.610 -2396.617 -2609.266 -2687.880 -2711.677 -2718.891 -2721.254 -2722.107 -2722.448 -2722.599 -2722.672 -2722.710 -2722.732 -2722.745 -2722.754 -2722.759 -2722.764 -2722.767 -2722.769 -2722.771 -2722.772 -2722.772 -2722.772 -2722.773 -2722.773 -2722.773 -2722.773 -2722.773 -2722.773 -2722.773 -2722.773 -2722.773 -2722.773 -2722.773 -2722.773 -2722.773 -2722.773 -2722.773 -2722.773 -2722.773 -2722.773 -2722.773 -2722.774 -2722.774 -2722.774 -2722.774 -2722.774 -2722.774 -2722.774 -2722.774 -2722.774 -2722.774 -2722.774 -2722.774 -2722.774 -2722.774 -2722.774 -2722.774 -2722.775 -2722.775 -2722.775 -2722.775 -2722.775 -2722.775 -2722.775 -2722.775 -2722.775 -2722.775 -2722.775 -2722.775 -2722.775 -2722.775 -2722.777 -2722.885 -2727.113 -9999.000 -9999.000
-9999.000 -9999.000 1274.776 1175.191 1076.023 977.302 879.067 781.344 684.145 587.478 491.347 395.755 300.690 206.154 112.159 18.721 -74.095 -166.711 -260.224 -356.688 -459.311 -572.705 -703.447 -860.976 -1058.685 -1313.970 -1642.397 -2032.610 -2396.617 -2609.266 -2687.880 -2711.677 -2718.891 -2721.254 -2722.107 -2722.448 -2722.599 -2722.672 -2722.710 -2722.732 -2722.745 -2722.754 -2722.759 -2722.764 -2722.767 -2722.769 -2722.771 -2722.772 -2722.772 -2722.772 -2722.773 -2722.773 -2722.773 -2722.773 -2722.773 -2722.773 -2722.773 -2722.773 -2722.773 -2722.773 -2722.773 -2722.773 -2722.773 -2722.773 -2722.773 -2722.773 -2722.773 -2722.773 -2722.773 -2722.774 -2722.774 -2722.774 -2722.774 -2722.774 -2722.774 -2722.774 -2722.774 -2722.774 -2722.774 -2722.774 -2722.774 -2722.774 -2722.774 -2722.774 -2722.774 -2722.775 -2722.775 -2722.775 -2722.775 -2722.775 -2722.775 -2722.775 -2722.775 -2722.775 -2722.775 -2722.775 -2722.775 -2722.775 -2722.775 -2722.777 -2722.885 -2727.113 -9999.000 -9999.000
-9999.000 -9999.000 -9999.000 -9999.000 -9999.000 -9999.000 -9999.000 -9999.000 -9999.000 -9999.000 -9999.000 -9999.000 -9999.000 -9999.000 -9999.000 -9999.000 -9999.000 -9999.000 -9999.000 -9999.000 -9999.000 -9999.000 -9999.000 -9999.000 -9999.000 -9999.000 -9999.000 -9999.000 -9999.000 -9999.000 -9999.000 -9999.000 -9999.000 -9999.000 -9999.000 -9999.000 -9999.000 -9999.000 -9999.000 -9999.000 -9999.000 -9999.000 -9999.000 -9999.000 -9999.000 -9999.000 -9999.000 -9999.000 -9999.000 -9999.000 -9999.000 -9999.000 -9999.000 -9999.000 -9999.000 -9999.000 -9999.000 -9999.000 -9999.000 -9999.000 -9999.000 -9999.000 -9999.000 -9999.000 -9999.000 -9999.000 -9999.000 -9999.000 -9999.000 -9999.000 -9999.000 -9999.000 -9999.000 -9999.000 -9999.000 -9999.000 -9999.000 -9999.000 -9999.000 -9999.000 -9999.000 -9999.000 -9999.000 -9999.000 -9999.000 -9999.000 -9999.000 -9999.000 -9999.000 -9999.000 -9999.000 -9999.000 -9999.000 -9999.000 -9999.000 -9999.000 -9999.000 -9999.000 -9999.000 -9999.000 -9999.000 -9999.000 -9999.000 -9999.000
-9999.000 -9999.000 -9999.000 -9999.000 -9999.000 -9999.000 -9999.000 -9999.000 -9999.000 -9999.000 -9999.000 -9999.000 -9999.000 -9999.000 -9999.000 -9999.000 -9999.000 -9999.000 -9999.000 -9999.000 -9999.000 -9999.000 -9999.000 -9999.000 -9999.000 -9999.000 -9999.000 -9999.000 -9999.000 -9999.000 -9999.000 -9999.000 -9999.000 -9999.000 -9999.000 -9999.000 -9999.000 -9999.000 -9999.000 -9999.000 -9999.000 -9999.000 -9999.000 -9999.000 -9999.000 -9999.000 -9999.000 -9999.000 -9999.000 -9999.000 -9999.000 -9999.000 -9999.000 -9999.000 -9999.000 -9999.000 -9999.000 -9999.000 -9999.000 -9999.000 -9999.000 -9999.000 -9999.000 -9999.000 -9999.000 -9999.000 -9999.000 -9999.000 -9999.000 -9999.000 -9999.000 -9999.000 -9999.000 -9999.000 -9999.000 -9999.000 -9999.000 -9999.000 -9999.000 -9999.000 -9999.000 -9999.000 -9999.000 -9999.000 -9999.000 -9999.000 -9999.000 -9999.000 -9999.000 -9999.000 -9999.000 -9999.000 -9999.000 -9999.000 -9999.000 -9999.000 -9999.000 -9999.000 -9999.000 -9999.000 -9999.000 -9999.000 -9999.000 -9999.000