examples/3D/hillslope01/output-maps-METEOIO-ON/psiliqL0062N0003.asc
ncols         104
nrows         10
xllcorner     -2.000000
yllcorner     0.000000
cellsize      1.000000
NODATA_value  -9999.0
-9999.000 -9999.000 -9999.000 -9999.000 -9999.000 -9999.000 -9999.000 -9999.000 -9999.000 -9999.000 -9999.000 -9999.000 -9999.000 -9999.000 -9999.000 -9999.000 -9999.000 -9999.000 -9999.000 -9999.000 -9999.000 -9999.000 -9999.000 -9999.000 -9999.000 -9999.000 -9999.000 -9999.000 -9999.000 -9999.000 -9999.000 -9999.000 -9999.000 -9999.000 -9999.000 -9999.000 -9999.000 -9999.000 -9999.000 -9999.000 -9999.000 -9999.000 -9999.000 -9999.000 -9999.000 -9999.000 -9999.000 -9999.000 -9999.000 -9999.000 -9999.000 -9999.000 -9999.000 -9999.000 -9999.000 -9999.000 -9999.000 -9999.000 -9999.000 -9999.000 -9999.000 -9999.000 -9999.000 -9999.000 -9999.000 -9999.000 -9999.000 -9999.000 -9999.000 -9999.000 -9999.000 -9999.000 -9999.000 -9999.000 -9999.000 -9999.000 -9999.000 -9999.000 -9999.000 -9999.000 -9999.000 -9999.000 -9999.000 -9999.000 -9999.000 -9999.000 -9999.000 -9999.000 -9999.000 -9999.000 -9999.000 -9999.000 -9999.000 -9999.000 -9999.000 -9999.000 -9999.000 -9999.000 -9999.000 -9999.000 -9999.000 -9999.000 -9999.000 -9999.000
-9999.000 -9999.000 -9999.000 -9999.000 -9999.000 -9999.000 -9999.000 -9999.000 -9999.000 -9999.000 -9999.000 -9999.000 -9999.000 -9999.000 -9999.000 -9999.000 -9999.000 -9999.000 -9999.000 -9999.000 -9999.000 -9999.000 -9999.000 -9999.000 -9999.000 -9999.000 -9999.000 -9999.000 -9999.000 -9999.000 -9999.000 -9999.000 -9999.000 -9999.000 -9999.000 -9999.000 -9999.000 -9999.000 -9999.000 -9999.000 -9999.000 -9999.000 -9999.000 -9999.000 -9999.000 -9999.000 -9999.000 -9999.000 -9999.000 -9999.000 -9999.000 -9999.000 -9999.000 -9999.000 -9999.000 -9999.000 -9999.000 -9999.000 -9999.000 -9999.000 -9999.000 -9999.000 -9999.000 -9999.000 -9999.000 -9999.000 -9999.000 -9999.000 -9999.000 -9999.000 -9999.000 -9999.000 -9999.000 -9999.000 -9999.000 -9999.000 -9999.000 -9999.000 -9999.000 -9999.000 -9999.000 -9999.000 -9999.000 -9999.000 -9999.000 -9999.000 -9999.000 -9999.000 -9999.000 -9999.000 -9999.000 -9999.000 -9999.000 -9999.000 -9999.000 -9999.000 -9999.000 -9999.000 -9999.000 -9999.000 -9999.000 -9999.000 -9999.000 -9999.000
-9999.000 -9999.000 5537.187 5437.381 5337.773 5238.369 5139.179 5040.210 4941.471 4842.971 4744.717 4646.715 4548.972 4451.493 4354.283 4257.345 4160.683 4064.302 3968.204 3872.392 3776.871 3681.645 3586.718 3492.095 3397.780 3303.778 3210.092 3116.726 3023.684 2930.968 2838.580 2746.522 2654.792 2563.390 2472.315 2381.567 2291.153 2201.075 2111.338 2021.943 1932.890 1844.177 1755.799 1667.750 1580.021 1492.616 1405.551 1318.828 1232.445 1146.392 1060.656 975.215 890.048 805.204 720.696 636.510 552.623 469.003 385.600 302.415 219.583 137.059 54.800 -27.226 -108.976 -189.929 -269.254 -346.110 -419.377 -487.879 -550.420 -606.121 -654.823 -696.678 -732.106 -761.739 -786.376 -806.788 -823.677 -837.666 -849.295 -859.007 -867.164 -874.060 -879.927 -884.955 -889.291 -893.054 -896.338 -899.217 -901.750 -903.985 -905.959 -907.704 -909.243 -910.598 -911.791 -912.865 -913.993 -915.966 -922.079 -945.039 -9999.000 -9999.000
-9999.000 -9999.000 5537.187 5437.381 5337.773 5238.369 5139.179 5040.210 4941.471 4842.971 4744.717 4646.715 4548.972 4451.493 4354.283 4257.345 4160.683 4064.302 3968.204 3872.392 3776.871 3681.645 3586.718 3492.095 3397.780 3303.778 3210.092 3116.726 3023.684 2930.968 2838.580 2746.522 2654.792 2563.390 2472.315 2381.567 2291.153 2201.075 2111.338 2021.943 1932.890 1844.177 1755.799 1667.750 1580.021 1492.616 1405.551 1318.828 1232.445 1146.392 1060.656 975.215 890.048 805.204 720.696 636.510 552.623 469.003 385.600 302.415 219.583 137.059 54.800 -27.226 -108.976 -189.929 -269.254 -346.110 -419.377 -487.879 -550.420 -606.121 -654.823 -696.678 -732.106 -761.739 -786.376 -806.788 -823.677 -837.666 -849.295 -859.007 -867.164 -874.060 -879.927 -884.955 -889.291 -893.054 -896.338 -899.217 -901.750 -903.985 -905.959 -907.704 -909.243 -910.598 -911.791 -912.865 -913.993 -915.966 -922.079 -945.039 -9999.000 -9999.000
-9999.000 -9999.000 5537.187 5437.381 5337.773 5238.369 5139.179 5040.210 4941.471 4842.971 4744.717 4646.715 4548.972 4451.493 4354.283 4257.345 4160.683 4064.302 3968.204 3872.392 3776.871 3681.645 3586.718 3492.095 3397.780 3303.778 3210.092 3116.726 3023.684 2930.968 2838.580 2746.522 2654.792 2563.390 2472.315 2381.567 2291.153 2201.075 2111.338 2021.943 1932.890 1844.177 1755.799 1667.750 1580.021 1492.616 1405.551 1318.828 1232.445 1146.392 1060.656 975.215 890.048 805.204 720.696 636.510 552.623 469.003 385.600 302.415 219.583 137.059 54.800 -27.226 -108.976 -189.929 -269.254 -346.110 -419.377 -487.879 -550.420 -606.121 -654.823 -696.678 -732.106 -761.739 -786.376 -806.788 -823.677 -837.666 -849.295 -859.007 -867.164 -874.060 -879.927 -884.955 -889.291 -893.054 -896.338 -899.217 -901.750 -903.985 -905.959 -907.704 -909.243 -910.598 -911.791 -912.865 -913.993 -915.966 -922.079 -945.039 -9999.000 -9999.000
-9999.000 -9999.000 5537.187 5437.381 5337.773 5238.369 5139.179 5040.210 4941.471 4842.971 4744.717 4646.715 4548.972 4451.493 4354.283 4257.345 4160.683 4064.302 3968.204 3872.392 3776.871 3681.645 3586.718 3492.095 3397.780 3303.778 3210.092 3116.726 3023.684 2930.968 2838.580 2746.522 2654.792 2563.390 2472.315 2381.567 2291.153 2201.075 2111.338 2021.943 1932.890 1844.177 1755.799 1667.750 1580.021 1492.616 1405.551 1318.828 1232.445 1146.392 1060.656 975.215 890.048 805.204 720.696 636.510 552.623 469.003 385.600 302.415 219.583 137.059 54.800 -27.226 -108.976 -189.929 -269.254 -346.110 -419.377 -487.879 -550.420 -606.121 -654.823 -696.678 -732.106 -761.739 -786.376 -806.788 -823.677 -837.666 -849.295 -859.007 -867.164 -874.060 -879.927 -884.955 -889.291 -893.054 -896.338 -899.217 -901.750 -903.985 -905.959 -907.704 -909.243 -910.598 -911.791 -912.865 -913.993 -915.966 -922.079 -945.039 -9999.000 -9999.000
-9999.000 -9999.000 5537.187 5437.381 5337.773 5238.369 5139.179 5040.210 4941.471 4842.971 4744.717 4646.715 4548.972 4451.493 4354.283 4257.345 4160.683 4064.302 3968.204 3872.392 3776.871 3681.645 3586.718 3492.095 3397.780 3303.778 3210.092 3116.726 3023.684 2930.968 2838.580 2746.522 2654.792 2563.390 2472.315 2381.567 2291.153 2201.075 2111.338 2021.943 1932.890 1844.177 1755.799 1667.750 1580.021 1492.616 1405.551 1318.828 1232.445 1146.392 1060.656 975.215 890.048 805.204 720.696 636.510 552.623 469.003 385.600 302.415 219.583 137.059 54.800 -27.226 -108.976 -189.929 -269.254 -346.110 -419.377 -487.879 -550.420 -606.121 -654.823 -696.678 -732.106 -761.739 -786.376 -806.788 -823.677 -837.666 -849.295 -859.007 -867.164 -874.060 -879.927 -884.955 -889.291 -893.054 -896.338 -899.217 -901.750 -903.985 -905.959 -907.704 -909.243 -910.598 -911.791 -912.865 -913.993 -915.966 -922.079 -945.039 -9999.000 -9999.000
-9999.000 -9999.000 5537.187 5437.381 5337.773 5238.369 5139.179 5040.210 4941.471 4842.971 4744.717 4646.715 4548.972 4451.493 4354.283 4257.345 4160.683 4064.302 3968.204 3872.392 3776.871 3681.645 3586.718 3492.095 3397.780 3303.778 3210.092 3116.726 3023.684 2930.968 2838.580 2746.522 2654.792 2563.390 2472.315 2381.567 2291.153 2201.075 2111.338 2021.943 1932.890 1844.177 1755.799 1667.750 1580.021 1492.616 1405.551 1318.828 1232.445 1146.392 1060.656 975.215 890.048 805.204 720.696 636.510 552.623 469.003 385.600 302.415 219.583 137.059 54.800 -27.226 -108.976 -189.929 -269.254 -346.110 -419.377 -487.879 -550.420 -606.121 -654.823 -696.678 -732.106 -761.739 -786.376 -806.788 -823.677 -837.666 -849.295 -859.007 -867.164 -874.060 -879.927 -884.955 -889.291 -893.054 -896.338 -899.217 -901.750 -903.985 -905.959 -907.704 -909.243 -910.598 -911.791 -912.865 -913.993 -915.966 -922.079 -945.039 -9999.000 -9999.000
-9999.000 -9999.000 -9999.000 -9999.000 -9999.000 -9999.000 -9999.000 -9999.000 -9999.000 -9999.000 -9999.000 -9999.000 -9999.000 -9999.000 -9999.000 -9999.000 -9999.000 -9999.000 -9999.000 -9999.000 -9999.000 -9999.000 -9999.000 -9999.000 -9999.000 -9999.000 -9999.000 -9999.000 -9999.000 -9999.000 -9999.000 -9999.000 -9999.000 -9999.000 -9999.000 -9999.000 -9999.000 -9999.000 -9999.000 -9999.000 -9999.000 -9999.000 -9999.000 -9999.000 -9999.000 -9999.000 -9999.000 -9999.000 -9999.000 -9999.000 -9999.000 -9999.000 -9999.000 -9999.000 -9999.000 -9999.000 -9999.000 -9999.000 -9999.000 -9999.000 -9999.000 -9999.000 -9999.000 -9999.000 -9999.000 -9999.000 -9999.000 -9999.000 -9999.000 -9999.000 -9999.000 -9999.000 -9999.000 -9999.000 -9999.000 -9999.000 -9999.000 -9999.000 -9999.000 -9999.000 -9999.000 -9999.000 -9999.000 -9999.000 -9999.000 -9999.000 -9999.000 -9999.000 -9999.000 -9999.000 -9999.000 -9999.000 -9999.000 -9999.000 -9999.000 -9999.000 -9999.000 -9999.000 -9999.000 -9999.000 -9999.000 -9999.000 -9999.000 -9999.000
-9999.000 -9999.000 -9999.000 -9999.000 -9999.000 -9999.000 -9999.000 -9999.000 -9999.000 -9999.000 -9999.000 -9999.000 -9999.000 -9999.000 -9999.000 -9999.000 -9999.000 -9999.000 -9999.000 -9999.000 -9999.000 -9999.000 -9999.000 -9999.000 -9999.000 -9999.000 -9999.000 -9999.000 -9999.000 -9999.000 -9999.000 -9999.000 -9999.000 -9999.000 -9999.000 -9999.000 -9999.000 -9999.000 -9999.000 -9999.000 -9999.000 -9999.000 -9999.000 -9999.000 -9999.000 -9999.000 -9999.000 -9999.000 -9999.000 -9999.000 -9999.000 -9999.000 -9999.000 -9999.000 -9999.000 -9999.000 -9999.000 -9999.000 -9999.000 -9999.000 -9999.000 -9999.000 -9999.000 -9999.000 -9999.000 -9999.000 -9999.000 -9999.000 -9999.000 -9999.000 -9999.000 -9999.000 -9999.000 -9999.000 -9999.000 -9999.000 -9999.000 -9999.000 -9999.000 -9999.000 -9999.000 -9999.000 -9999.000 -9999.000 -9999.000 -9999.000 -9999.000 -9999.000 -9999.000 -9999.000 -9999.000 -9999.000 -9999.000 -9999.000 -9999.000 -9999.000 -9999.000 -9999.000 -9999.000 -9999.000 -9999.000 -9999.000 -9999.000 -9999.000