examples/3D/hillslope01/output-maps-METEOIO-ON/psiliqL0055N0003.asc
ncols         104
nrows         10
xllcorner     -2.000000
yllcorner     0.000000
cellsize      1.000000
NODATA_value  -9999.0
-9999.000 -9999.000 -9999.000 -9999.000 -9999.000 -9999.000 -9999.000 -9999.000 -9999.000 -9999.000 -9999.000 -9999.000 -9999.000 -9999.000 -9999.000 -9999.000 -9999.000 -9999.000 -9999.000 -9999.000 -9999.000 -9999.000 -9999.000 -9999.000 -9999.000 -9999.000 -9999.000 -9999.000 -9999.000 -9999.000 -9999.000 -9999.000 -9999.000 -9999.000 -9999.000 -9999.000 -9999.000 -9999.000 -9999.000 -9999.000 -9999.000 -9999.000 -9999.000 -9999.000 -9999.000 -9999.000 -9999.000 -9999.000 -9999.000 -9999.000 -9999.000 -9999.000 -9999.000 -9999.000 -9999.000 -9999.000 -9999.000 -9999.000 -9999.000 -9999.000 -9999.000 -9999.000 -9999.000 -9999.000 -9999.000 -9999.000 -9999.000 -9999.000 -9999.000 -9999.000 -9999.000 -9999.000 -9999.000 -9999.000 -9999.000 -9999.000 -9999.000 -9999.000 -9999.000 -9999.000 -9999.000 -9999.000 -9999.000 -9999.000 -9999.000 -9999.000 -9999.000 -9999.000 -9999.000 -9999.000 -9999.000 -9999.000 -9999.000 -9999.000 -9999.000 -9999.000 -9999.000 -9999.000 -9999.000 -9999.000 -9999.000 -9999.000 -9999.000 -9999.000
-9999.000 -9999.000 -9999.000 -9999.000 -9999.000 -9999.000 -9999.000 -9999.000 -9999.000 -9999.000 -9999.000 -9999.000 -9999.000 -9999.000 -9999.000 -9999.000 -9999.000 -9999.000 -9999.000 -9999.000 -9999.000 -9999.000 -9999.000 -9999.000 -9999.000 -9999.000 -9999.000 -9999.000 -9999.000 -9999.000 -9999.000 -9999.000 -9999.000 -9999.000 -9999.000 -9999.000 -9999.000 -9999.000 -9999.000 -9999.000 -9999.000 -9999.000 -9999.000 -9999.000 -9999.000 -9999.000 -9999.000 -9999.000 -9999.000 -9999.000 -9999.000 -9999.000 -9999.000 -9999.000 -9999.000 -9999.000 -9999.000 -9999.000 -9999.000 -9999.000 -9999.000 -9999.000 -9999.000 -9999.000 -9999.000 -9999.000 -9999.000 -9999.000 -9999.000 -9999.000 -9999.000 -9999.000 -9999.000 -9999.000 -9999.000 -9999.000 -9999.000 -9999.000 -9999.000 -9999.000 -9999.000 -9999.000 -9999.000 -9999.000 -9999.000 -9999.000 -9999.000 -9999.000 -9999.000 -9999.000 -9999.000 -9999.000 -9999.000 -9999.000 -9999.000 -9999.000 -9999.000 -9999.000 -9999.000 -9999.000 -9999.000 -9999.000 -9999.000 -9999.000
-9999.000 -9999.000 4843.530 4743.716 4644.095 4544.673 4445.462 4346.473 4247.714 4149.195 4050.922 3952.903 3855.145 3757.651 3660.428 3563.478 3466.806 3370.413 3274.304 3178.480 3082.948 2987.710 2892.771 2798.136 2703.810 2609.796 2516.101 2422.726 2329.677 2236.956 2144.564 2052.503 1960.772 1869.368 1778.290 1687.535 1597.113 1507.029 1417.289 1327.895 1238.846 1150.141 1061.773 973.731 886.000 798.584 711.518 624.803 538.437 452.408 366.699 281.281 196.078 111.229 26.745 -57.335 -141.086 -224.326 -306.562 -386.904 -464.032 -536.720 -603.736 -664.101 -717.188 -762.811 -801.418 -833.698 -860.445 -882.485 -900.629 -915.596 -927.988 -938.307 -946.962 -954.282 -960.528 -965.905 -970.576 -974.671 -978.291 -981.516 -984.409 -987.021 -989.392 -991.553 -993.531 -995.344 -997.011 -998.543 -999.950 -1001.243 -1002.426 -1003.506 -1004.488 -1005.374 -1006.173 -1006.905 -1007.689 -1009.153 -1014.257 -1035.573 -9999.000 -9999.000
-9999.000 -9999.000 4843.530 4743.716 4644.095 4544.673 4445.462 4346.473 4247.714 4149.195 4050.922 3952.903 3855.145 3757.651 3660.428 3563.478 3466.806 3370.413 3274.304 3178.480 3082.948 2987.710 2892.771 2798.136 2703.810 2609.796 2516.101 2422.726 2329.677 2236.956 2144.564 2052.503 1960.772 1869.368 1778.290 1687.535 1597.113 1507.029 1417.289 1327.895 1238.846 1150.141 1061.773 973.731 886.000 798.584 711.518 624.803 538.437 452.408 366.699 281.281 196.078 111.229 26.745 -57.335 -141.086 -224.326 -306.562 -386.904 -464.032 -536.720 -603.736 -664.101 -717.188 -762.811 -801.418 -833.698 -860.445 -882.485 -900.629 -915.596 -927.988 -938.307 -946.962 -954.282 -960.528 -965.905 -970.576 -974.671 -978.291 -981.516 -984.409 -987.021 -989.392 -991.553 -993.531 -995.344 -997.011 -998.543 -999.950 -1001.243 -1002.426 -1003.506 -1004.488 -1005.374 -1006.173 -1006.905 -1007.689 -1009.153 -1014.257 -1035.573 -9999.000 -9999.000
-9999.000 -9999.000 4843.530 4743.716 4644.095 4544.673 4445.462 4346.473 4247.714 4149.195 4050.922 3952.903 3855.145 3757.651 3660.428 3563.478 3466.806 3370.413 3274.304 3178.480 3082.948 2987.710 2892.771 2798.136 2703.810 2609.796 2516.101 2422.726 2329.677 2236.956 2144.564 2052.503 1960.772 1869.368 1778.290 1687.535 1597.113 1507.029 1417.289 1327.895 1238.846 1150.141 1061.773 973.731 886.000 798.584 711.518 624.803 538.437 452.408 366.699 281.281 196.078 111.229 26.745 -57.335 -141.086 -224.326 -306.562 -386.904 -464.032 -536.720 -603.736 -664.101 -717.188 -762.811 -801.418 -833.698 -860.445 -882.485 -900.629 -915.596 -927.988 -938.307 -946.962 -954.282 -960.528 -965.905 -970.576 -974.671 -978.291 -981.516 -984.409 -987.021 -989.392 -991.553 -993.531 -995.344 -997.011 -998.543 -999.950 -1001.243 -1002.426 -1003.506 -1004.488 -1005.374 -1006.173 -1006.905 -1007.689 -1009.153 -1014.257 -1035.573 -9999.000 -9999.000
-9999.000 -9999.000 4843.530 4743.716 4644.095 4544.673 4445.462 4346.473 4247.714 4149.195 4050.922 3952.903 3855.145 3757.651 3660.428 3563.478 3466.806 3370.413 3274.304 3178.480 3082.948 2987.710 2892.771 2798.136 2703.810 2609.796 2516.101 2422.726 2329.677 2236.956 2144.564 2052.503 1960.772 1869.368 1778.290 1687.535 1597.113 1507.029 1417.289 1327.895 1238.846 1150.141 1061.773 973.731 886.000 798.584 711.518 624.803 538.437 452.408 366.699 281.281 196.078 111.229 26.745 -57.335 -141.086 -224.326 -306.562 -386.904 -464.032 -536.720 -603.736 -664.101 -717.188 -762.811 -801.418 -833.698 -860.445 -882.485 -900.629 -915.596 -927.988 -938.307 -946.962 -954.282 -960.528 -965.905 -970.576 -974.671 -978.291 -981.516 -984.409 -987.021 -989.392 -991.553 -993.531 -995.344 -997.011 -998.543 -999.950 -1001.243 -1002.426 -1003.506 -1004.488 -1005.374 -1006.173 -1006.905 -1007.689 -1009.153 -1014.257 -1035.573 -9999.000 -9999.000
-9999.000 -9999.000 4843.530 4743.716 4644.095 4544.673 4445.462 4346.473 4247.714 4149.195 4050.922 3952.903 3855.145 3757.651 3660.428 3563.478 3466.806 3370.413 3274.304 3178.480 3082.948 2987.710 2892.771 2798.136 2703.810 2609.796 2516.101 2422.726 2329.677 2236.956 2144.564 2052.503 1960.772 1869.368 1778.290 1687.535 1597.113 1507.029 1417.289 1327.895 1238.846 1150.141 1061.773 973.731 886.000 798.584 711.518 624.803 538.437 452.408 366.699 281.281 196.078 111.229 26.745 -57.335 -141.086 -224.326 -306.562 -386.904 -464.032 -536.720 -603.736 -664.101 -717.188 -762.811 -801.418 -833.698 -860.445 -882.485 -900.629 -915.596 -927.988 -938.307 -946.962 -954.282 -960.528 -965.905 -970.576 -974.671 -978.291 -981.516 -984.409 -987.021 -989.392 -991.553 -993.531 -995.344 -997.011 -998.543 -999.950 -1001.243 -1002.426 -1003.506 -1004.488 -1005.374 -1006.173 -1006.905 -1007.689 -1009.153 -1014.257 -1035.573 -9999.000 -9999.000
-9999.000 -9999.000 4843.530 4743.716 4644.095 4544.673 4445.462 4346.473 4247.714 4149.195 4050.922 3952.903 3855.145 3757.651 3660.428 3563.478 3466.806 3370.413 3274.304 3178.480 3082.948 2987.710 2892.771 2798.136 2703.810 2609.796 2516.101 2422.726 2329.677 2236.956 2144.564 2052.503 1960.772 1869.368 1778.290 1687.535 1597.113 1507.029 1417.289 1327.895 1238.846 1150.141 1061.773 973.731 886.000 798.584 711.518 624.803 538.437 452.408 366.699 281.281 196.078 111.229 26.745 -57.335 -141.086 -224.326 -306.562 -386.904 -464.032 -536.720 -603.736 -664.101 -717.188 -762.811 -801.418 -833.698 -860.445 -882.485 -900.629 -915.596 -927.988 -938.307 -946.962 -954.282 -960.528 -965.905 -970.576 -974.671 -978.291 -981.516 -984.409 -987.021 -989.392 -991.553 -993.531 -995.344 -997.011 -998.543 -999.950 -1001.243 -1002.426 -1003.506 -1004.488 -1005.374 -1006.173 -1006.905 -1007.689 -1009.153 -1014.257 -1035.573 -9999.000 -9999.000
-9999.000 -9999.000 -9999.000 -9999.000 -9999.000 -9999.000 -9999.000 -9999.000 -9999.000 -9999.000 -9999.000 -9999.000 -9999.000 -9999.000 -9999.000 -9999.000 -9999.000 -9999.000 -9999.000 -9999.000 -9999.000 -9999.000 -9999.000 -9999.000 -9999.000 -9999.000 -9999.000 -9999.000 -9999.000 -9999.000 -9999.000 -9999.000 -9999.000 -9999.000 -9999.000 -9999.000 -9999.000 -9999.000 -9999.000 -9999.000 -9999.000 -9999.000 -9999.000 -9999.000 -9999.000 -9999.000 -9999.000 -9999.000 -9999.000 -9999.000 -9999.000 -9999.000 -9999.000 -9999.000 -9999.000 -9999.000 -9999.000 -9999.000 -9999.000 -9999.000 -9999.000 -9999.000 -9999.000 -9999.000 -9999.000 -9999.000 -9999.000 -9999.000 -9999.000 -9999.000 -9999.000 -9999.000 -9999.000 -9999.000 -9999.000 -9999.000 -9999.000 -9999.000 -9999.000 -9999.000 -9999.000 -9999.000 -9999.000 -9999.000 -9999.000 -9999.000 -9999.000 -9999.000 -9999.000 -9999.000 -9999.000 -9999.000 -9999.000 -9999.000 -9999.000 -9999.000 -9999.000 -9999.000 -9999.000 -9999.000 -9999.000 -9999.000 -9999.000 -9999.000
-9999.000 -9999.000 -9999.000 -9999.000 -9999.000 -9999.000 -9999.000 -9999.000 -9999.000 -9999.000 -9999.000 -9999.000 -9999.000 -9999.000 -9999.000 -9999.000 -9999.000 -9999.000 -9999.000 -9999.000 -9999.000 -9999.000 -9999.000 -9999.000 -9999.000 -9999.000 -9999.000 -9999.000 -9999.000 -9999.000 -9999.000 -9999.000 -9999.000 -9999.000 -9999.000 -9999.000 -9999.000 -9999.000 -9999.000 -9999.000 -9999.000 -9999.000 -9999.000 -9999.000 -9999.000 -9999.000 -9999.000 -9999.000 -9999.000 -9999.000 -9999.000 -9999.000 -9999.000 -9999.000 -9999.000 -9999.000 -9999.000 -9999.000 -9999.000 -9999.000 -9999.000 -9999.000 -9999.000 -9999.000 -9999.000 -9999.000 -9999.000 -9999.000 -9999.000 -9999.000 -9999.000 -9999.000 -9999.000 -9999.000 -9999.000 -9999.000 -9999.000 -9999.000 -9999.000 -9999.000 -9999.000 -9999.000 -9999.000 -9999.000 -9999.000 -9999.000 -9999.000 -9999.000 -9999.000 -9999.000 -9999.000 -9999.000 -9999.000 -9999.000 -9999.000 -9999.000 -9999.000 -9999.000 -9999.000 -9999.000 -9999.000 -9999.000 -9999.000 -9999.000