examples/3D/hillslope01/output-maps-METEOIO-ON/psiliqL0021N0003.asc
ncols         104
nrows         10
xllcorner     -2.000000
yllcorner     0.000000
cellsize      1.000000
NODATA_value  -9999.0
-9999.000 -9999.000 -9999.000 -9999.000 -9999.000 -9999.000 -9999.000 -9999.000 -9999.000 -9999.000 -9999.000 -9999.000 -9999.000 -9999.000 -9999.000 -9999.000 -9999.000 -9999.000 -9999.000 -9999.000 -9999.000 -9999.000 -9999.000 -9999.000 -9999.000 -9999.000 -9999.000 -9999.000 -9999.000 -9999.000 -9999.000 -9999.000 -9999.000 -9999.000 -9999.000 -9999.000 -9999.000 -9999.000 -9999.000 -9999.000 -9999.000 -9999.000 -9999.000 -9999.000 -9999.000 -9999.000 -9999.000 -9999.000 -9999.000 -9999.000 -9999.000 -9999.000 -9999.000 -9999.000 -9999.000 -9999.000 -9999.000 -9999.000 -9999.000 -9999.000 -9999.000 -9999.000 -9999.000 -9999.000 -9999.000 -9999.000 -9999.000 -9999.000 -9999.000 -9999.000 -9999.000 -9999.000 -9999.000 -9999.000 -9999.000 -9999.000 -9999.000 -9999.000 -9999.000 -9999.000 -9999.000 -9999.000 -9999.000 -9999.000 -9999.000 -9999.000 -9999.000 -9999.000 -9999.000 -9999.000 -9999.000 -9999.000 -9999.000 -9999.000 -9999.000 -9999.000 -9999.000 -9999.000 -9999.000 -9999.000 -9999.000 -9999.000 -9999.000 -9999.000
-9999.000 -9999.000 -9999.000 -9999.000 -9999.000 -9999.000 -9999.000 -9999.000 -9999.000 -9999.000 -9999.000 -9999.000 -9999.000 -9999.000 -9999.000 -9999.000 -9999.000 -9999.000 -9999.000 -9999.000 -9999.000 -9999.000 -9999.000 -9999.000 -9999.000 -9999.000 -9999.000 -9999.000 -9999.000 -9999.000 -9999.000 -9999.000 -9999.000 -9999.000 -9999.000 -9999.000 -9999.000 -9999.000 -9999.000 -9999.000 -9999.000 -9999.000 -9999.000 -9999.000 -9999.000 -9999.000 -9999.000 -9999.000 -9999.000 -9999.000 -9999.000 -9999.000 -9999.000 -9999.000 -9999.000 -9999.000 -9999.000 -9999.000 -9999.000 -9999.000 -9999.000 -9999.000 -9999.000 -9999.000 -9999.000 -9999.000 -9999.000 -9999.000 -9999.000 -9999.000 -9999.000 -9999.000 -9999.000 -9999.000 -9999.000 -9999.000 -9999.000 -9999.000 -9999.000 -9999.000 -9999.000 -9999.000 -9999.000 -9999.000 -9999.000 -9999.000 -9999.000 -9999.000 -9999.000 -9999.000 -9999.000 -9999.000 -9999.000 -9999.000 -9999.000 -9999.000 -9999.000 -9999.000 -9999.000 -9999.000 -9999.000 -9999.000 -9999.000 -9999.000
-9999.000 -9999.000 1473.161 1373.262 1273.484 1173.865 1074.457 975.294 876.380 777.715 679.303 581.155 483.283 385.693 288.385 191.361 94.619 -1.839 -97.995 -194.240 -291.345 -390.788 -494.828 -606.681 -730.799 -873.330 -1042.719 -1250.142 -1508.492 -1826.156 -2188.358 -2529.516 -2757.266 -2861.322 -2899.374 -2912.616 -2917.402 -2919.257 -2920.036 -2920.390 -2920.564 -2920.656 -2920.709 -2920.741 -2920.761 -2920.775 -2920.784 -2920.791 -2920.793 -2920.793 -2920.794 -2920.794 -2920.794 -2920.795 -2920.795 -2920.795 -2920.795 -2920.795 -2920.796 -2920.796 -2920.796 -2920.796 -2920.796 -2920.797 -2920.797 -2920.797 -2920.797 -2920.797 -2920.798 -2920.798 -2920.798 -2920.798 -2920.798 -2920.798 -2920.799 -2920.799 -2920.799 -2920.799 -2920.799 -2920.800 -2920.800 -2920.800 -2920.800 -2920.800 -2920.800 -2920.801 -2920.801 -2920.801 -2920.801 -2920.801 -2920.802 -2920.802 -2920.802 -2920.802 -2920.802 -2920.802 -2920.802 -2920.802 -2920.803 -2920.807 -2920.988 -2926.453 -9999.000 -9999.000
-9999.000 -9999.000 1473.161 1373.262 1273.484 1173.865 1074.457 975.294 876.380 777.715 679.303 581.155 483.283 385.693 288.385 191.361 94.619 -1.839 -97.995 -194.240 -291.345 -390.788 -494.828 -606.681 -730.799 -873.330 -1042.719 -1250.142 -1508.492 -1826.156 -2188.358 -2529.516 -2757.266 -2861.322 -2899.374 -2912.616 -2917.402 -2919.257 -2920.036 -2920.390 -2920.564 -2920.656 -2920.709 -2920.741 -2920.761 -2920.775 -2920.784 -2920.791 -2920.793 -2920.793 -2920.794 -2920.794 -2920.794 -2920.795 -2920.795 -2920.795 -2920.795 -2920.795 -2920.796 -2920.796 -2920.796 -2920.796 -2920.796 -2920.797 -2920.797 -2920.797 -2920.797 -2920.797 -2920.798 -2920.798 -2920.798 -2920.798 -2920.798 -2920.798 -2920.799 -2920.799 -2920.799 -2920.799 -2920.799 -2920.800 -2920.800 -2920.800 -2920.800 -2920.800 -2920.800 -2920.801 -2920.801 -2920.801 -2920.801 -2920.801 -2920.802 -2920.802 -2920.802 -2920.802 -2920.802 -2920.802 -2920.802 -2920.802 -2920.803 -2920.807 -2920.988 -2926.453 -9999.000 -9999.000
-9999.000 -9999.000 1473.161 1373.262 1273.484 1173.865 1074.457 975.294 876.380 777.715 679.303 581.155 483.283 385.693 288.385 191.361 94.619 -1.839 -97.995 -194.240 -291.345 -390.788 -494.828 -606.681 -730.799 -873.330 -1042.719 -1250.142 -1508.492 -1826.156 -2188.358 -2529.516 -2757.266 -2861.322 -2899.374 -2912.616 -2917.402 -2919.257 -2920.036 -2920.390 -2920.564 -2920.656 -2920.709 -2920.741 -2920.761 -2920.775 -2920.784 -2920.791 -2920.793 -2920.793 -2920.794 -2920.794 -2920.794 -2920.795 -2920.795 -2920.795 -2920.795 -2920.795 -2920.796 -2920.796 -2920.796 -2920.796 -2920.796 -2920.797 -2920.797 -2920.797 -2920.797 -2920.797 -2920.798 -2920.798 -2920.798 -2920.798 -2920.798 -2920.798 -2920.799 -2920.799 -2920.799 -2920.799 -2920.799 -2920.800 -2920.800 -2920.800 -2920.800 -2920.800 -2920.800 -2920.801 -2920.801 -2920.801 -2920.801 -2920.801 -2920.802 -2920.802 -2920.802 -2920.802 -2920.802 -2920.802 -2920.802 -2920.802 -2920.803 -2920.807 -2920.988 -2926.453 -9999.000 -9999.000
-9999.000 -9999.000 1473.161 1373.262 1273.484 1173.865 1074.457 975.294 876.380 777.715 679.303 581.155 483.283 385.693 288.385 191.361 94.619 -1.839 -97.995 -194.240 -291.345 -390.788 -494.828 -606.681 -730.799 -873.330 -1042.719 -1250.142 -1508.492 -1826.156 -2188.358 -2529.516 -2757.266 -2861.322 -2899.374 -2912.616 -2917.402 -2919.257 -2920.036 -2920.390 -2920.564 -2920.656 -2920.709 -2920.741 -2920.761 -2920.775 -2920.784 -2920.791 -2920.793 -2920.793 -2920.794 -2920.794 -2920.794 -2920.795 -2920.795 -2920.795 -2920.795 -2920.795 -2920.796 -2920.796 -2920.796 -2920.796 -2920.796 -2920.797 -2920.797 -2920.797 -2920.797 -2920.797 -2920.798 -2920.798 -2920.798 -2920.798 -2920.798 -2920.798 -2920.799 -2920.799 -2920.799 -2920.799 -2920.799 -2920.800 -2920.800 -2920.800 -2920.800 -2920.800 -2920.800 -2920.801 -2920.801 -2920.801 -2920.801 -2920.801 -2920.802 -2920.802 -2920.802 -2920.802 -2920.802 -2920.802 -2920.802 -2920.802 -2920.803 -2920.807 -2920.988 -2926.453 -9999.000 -9999.000
-9999.000 -9999.000 1473.161 1373.262 1273.484 1173.865 1074.457 975.294 876.380 777.715 679.303 581.155 483.283 385.693 288.385 191.361 94.619 -1.839 -97.995 -194.240 -291.345 -390.788 -494.828 -606.681 -730.799 -873.330 -1042.719 -1250.142 -1508.492 -1826.156 -2188.358 -2529.516 -2757.266 -2861.322 -2899.374 -2912.616 -2917.402 -2919.257 -2920.036 -2920.390 -2920.564 -2920.656 -2920.709 -2920.741 -2920.761 -2920.775 -2920.784 -2920.791 -2920.793 -2920.793 -2920.794 -2920.794 -2920.794 -2920.795 -2920.795 -2920.795 -2920.795 -2920.795 -2920.796 -2920.796 -2920.796 -2920.796 -2920.796 -2920.797 -2920.797 -2920.797 -2920.797 -2920.797 -2920.798 -2920.798 -2920.798 -2920.798 -2920.798 -2920.798 -2920.799 -2920.799 -2920.799 -2920.799 -2920.799 -2920.800 -2920.800 -2920.800 -2920.800 -2920.800 -2920.800 -2920.801 -2920.801 -2920.801 -2920.801 -2920.801 -2920.802 -2920.802 -2920.802 -2920.802 -2920.802 -2920.802 -2920.802 -2920.802 -2920.803 -2920.807 -2920.988 -2926.453 -9999.000 -9999.000
-9999.000 -9999.000 1473.161 1373.262 1273.484 1173.865 1074.457 975.294 876.380 777.715 679.303 581.155 483.283 385.693 288.385 191.361 94.619 -1.839 -97.995 -194.240 -291.345 -390.788 -494.828 -606.681 -730.799 -873.330 -1042.719 -1250.142 -1508.492 -1826.156 -2188.358 -2529.516 -2757.266 -2861.322 -2899.374 -2912.616 -2917.402 -2919.257 -2920.036 -2920.390 -2920.564 -2920.656 -2920.709 -2920.741 -2920.761 -2920.775 -2920.784 -2920.791 -2920.793 -2920.793 -2920.794 -2920.794 -2920.794 -2920.795 -2920.795 -2920.795 -2920.795 -2920.795 -2920.796 -2920.796 -2920.796 -2920.796 -2920.796 -2920.797 -2920.797 -2920.797 -2920.797 -2920.797 -2920.798 -2920.798 -2920.798 -2920.798 -2920.798 -2920.798 -2920.799 -2920.799 -2920.799 -2920.799 -2920.799 -2920.800 -2920.800 -2920.800 -2920.800 -2920.800 -2920.800 -2920.801 -2920.801 -2920.801 -2920.801 -2920.801 -2920.802 -2920.802 -2920.802 -2920.802 -2920.802 -2920.802 -2920.802 -2920.802 -2920.803 -2920.807 -2920.988 -2926.453 -9999.000 -9999.000
-9999.000 -9999.000 -9999.000 -9999.000 -9999.000 -9999.000 -9999.000 -9999.000 -9999.000 -9999.000 -9999.000 -9999.000 -9999.000 -9999.000 -9999.000 -9999.000 -9999.000 -9999.000 -9999.000 -9999.000 -9999.000 -9999.000 -9999.000 -9999.000 -9999.000 -9999.000 -9999.000 -9999.000 -9999.000 -9999.000 -9999.000 -9999.000 -9999.000 -9999.000 -9999.000 -9999.000 -9999.000 -9999.000 -9999.000 -9999.000 -9999.000 -9999.000 -9999.000 -9999.000 -9999.000 -9999.000 -9999.000 -9999.000 -9999.000 -9999.000 -9999.000 -9999.000 -9999.000 -9999.000 -9999.000 -9999.000 -9999.000 -9999.000 -9999.000 -9999.000 -9999.000 -9999.000 -9999.000 -9999.000 -9999.000 -9999.000 -9999.000 -9999.000 -9999.000 -9999.000 -9999.000 -9999.000 -9999.000 -9999.000 -9999.000 -9999.000 -9999.000 -9999.000 -9999.000 -9999.000 -9999.000 -9999.000 -9999.000 -9999.000 -9999.000 -9999.000 -9999.000 -9999.000 -9999.000 -9999.000 -9999.000 -9999.000 -9999.000 -9999.000 -9999.000 -9999.000 -9999.000 -9999.000 -9999.000 -9999.000 -9999.000 -9999.000 -9999.000 -9999.000
-9999.000 -9999.000 -9999.000 -9999.000 -9999.000 -9999.000 -9999.000 -9999.000 -9999.000 -9999.000 -9999.000 -9999.000 -9999.000 -9999.000 -9999.000 -9999.000 -9999.000 -9999.000 -9999.000 -9999.000 -9999.000 -9999.000 -9999.000 -9999.000 -9999.000 -9999.000 -9999.000 -9999.000 -9999.000 -9999.000 -9999.000 -9999.000 -9999.000 -9999.000 -9999.000 -9999.000 -9999.000 -9999.000 -9999.000 -9999.000 -9999.000 -9999.000 -9999.000 -9999.000 -9999.000 -9999.000 -9999.000 -9999.000 -9999.000 -9999.000 -9999.000 -9999.000 -9999.000 -9999.000 -9999.000 -9999.000 -9999.000 -9999.000 -9999.000 -9999.000 -9999.000 -9999.000 -9999.000 -9999.000 -9999.000 -9999.000 -9999.000 -9999.000 -9999.000 -9999.000 -9999.000 -9999.000 -9999.000 -9999.000 -9999.000 -9999.000 -9999.000 -9999.000 -9999.000 -9999.000 -9999.000 -9999.000 -9999.000 -9999.000 -9999.000 -9999.000 -9999.000 -9999.000 -9999.000 -9999.000 -9999.000 -9999.000 -9999.000 -9999.000 -9999.000 -9999.000 -9999.000 -9999.000 -9999.000 -9999.000 -9999.000 -9999.000 -9999.000 -9999.000