examples/3D/hillslope01/output-maps-METEOIO-ON/psiliqL0100N0002.asc
ncols         104
nrows         10
xllcorner     -2.000000
yllcorner     0.000000
cellsize      1.000000
NODATA_value  -9999.0
-9999.000 -9999.000 -9999.000 -9999.000 -9999.000 -9999.000 -9999.000 -9999.000 -9999.000 -9999.000 -9999.000 -9999.000 -9999.000 -9999.000 -9999.000 -9999.000 -9999.000 -9999.000 -9999.000 -9999.000 -9999.000 -9999.000 -9999.000 -9999.000 -9999.000 -9999.000 -9999.000 -9999.000 -9999.000 -9999.000 -9999.000 -9999.000 -9999.000 -9999.000 -9999.000 -9999.000 -9999.000 -9999.000 -9999.000 -9999.000 -9999.000 -9999.000 -9999.000 -9999.000 -9999.000 -9999.000 -9999.000 -9999.000 -9999.000 -9999.000 -9999.000 -9999.000 -9999.000 -9999.000 -9999.000 -9999.000 -9999.000 -9999.000 -9999.000 -9999.000 -9999.000 -9999.000 -9999.000 -9999.000 -9999.000 -9999.000 -9999.000 -9999.000 -9999.000 -9999.000 -9999.000 -9999.000 -9999.000 -9999.000 -9999.000 -9999.000 -9999.000 -9999.000 -9999.000 -9999.000 -9999.000 -9999.000 -9999.000 -9999.000 -9999.000 -9999.000 -9999.000 -9999.000 -9999.000 -9999.000 -9999.000 -9999.000 -9999.000 -9999.000 -9999.000 -9999.000 -9999.000 -9999.000 -9999.000 -9999.000 -9999.000 -9999.000 -9999.000 -9999.000
-9999.000 -9999.000 -9999.000 -9999.000 -9999.000 -9999.000 -9999.000 -9999.000 -9999.000 -9999.000 -9999.000 -9999.000 -9999.000 -9999.000 -9999.000 -9999.000 -9999.000 -9999.000 -9999.000 -9999.000 -9999.000 -9999.000 -9999.000 -9999.000 -9999.000 -9999.000 -9999.000 -9999.000 -9999.000 -9999.000 -9999.000 -9999.000 -9999.000 -9999.000 -9999.000 -9999.000 -9999.000 -9999.000 -9999.000 -9999.000 -9999.000 -9999.000 -9999.000 -9999.000 -9999.000 -9999.000 -9999.000 -9999.000 -9999.000 -9999.000 -9999.000 -9999.000 -9999.000 -9999.000 -9999.000 -9999.000 -9999.000 -9999.000 -9999.000 -9999.000 -9999.000 -9999.000 -9999.000 -9999.000 -9999.000 -9999.000 -9999.000 -9999.000 -9999.000 -9999.000 -9999.000 -9999.000 -9999.000 -9999.000 -9999.000 -9999.000 -9999.000 -9999.000 -9999.000 -9999.000 -9999.000 -9999.000 -9999.000 -9999.000 -9999.000 -9999.000 -9999.000 -9999.000 -9999.000 -9999.000 -9999.000 -9999.000 -9999.000 -9999.000 -9999.000 -9999.000 -9999.000 -9999.000 -9999.000 -9999.000 -9999.000 -9999.000 -9999.000 -9999.000
-9999.000 -9999.000 8912.841 8813.336 8714.325 8615.814 8517.807 8420.308 8323.325 8226.864 8130.932 8035.535 7940.682 7846.379 7752.634 7659.455 7566.850 7474.824 7383.387 7292.543 7202.299 7112.658 7023.626 6935.205 6847.399 6760.211 6673.643 6587.698 6502.377 6417.679 6333.606 6250.155 6167.325 6085.116 6003.523 5922.544 5842.172 5762.405 5683.235 5604.657 5526.663 5449.244 5372.391 5296.097 5220.348 5145.135 5070.444 4996.263 4922.578 4849.373 4776.633 4704.342 4632.480 4561.031 4489.977 4419.298 4348.973 4278.982 4209.303 4139.913 4070.787 4001.903 3933.235 3864.756 3796.445 3728.272 3660.209 3592.232 3524.310 3456.409 3388.504 3320.561 3252.543 3184.421 3116.159 3047.716 2979.057 2910.150 2840.944 2771.396 2701.487 2631.159 2560.351 2489.033 2417.157 2344.643 2271.428 2197.498 2122.775 2047.148 1970.532 1892.899 1814.162 1734.173 1652.777 1569.839 1485.255 1398.893 1310.500 1219.762 1126.319 1029.768 -9999.000 -9999.000
-9999.000 -9999.000 8912.841 8813.336 8714.325 8615.814 8517.807 8420.308 8323.325 8226.864 8130.932 8035.535 7940.682 7846.379 7752.634 7659.455 7566.850 7474.824 7383.387 7292.543 7202.299 7112.658 7023.626 6935.205 6847.399 6760.211 6673.643 6587.698 6502.377 6417.679 6333.606 6250.155 6167.325 6085.116 6003.523 5922.544 5842.172 5762.405 5683.235 5604.657 5526.663 5449.244 5372.391 5296.097 5220.348 5145.135 5070.444 4996.263 4922.578 4849.373 4776.633 4704.342 4632.480 4561.031 4489.977 4419.298 4348.973 4278.982 4209.303 4139.913 4070.787 4001.903 3933.235 3864.756 3796.445 3728.272 3660.209 3592.232 3524.310 3456.409 3388.504 3320.561 3252.543 3184.421 3116.159 3047.716 2979.057 2910.150 2840.944 2771.396 2701.487 2631.159 2560.351 2489.033 2417.157 2344.643 2271.428 2197.498 2122.775 2047.148 1970.532 1892.899 1814.162 1734.173 1652.777 1569.839 1485.255 1398.893 1310.500 1219.762 1126.319 1029.768 -9999.000 -9999.000
-9999.000 -9999.000 8912.841 8813.336 8714.325 8615.814 8517.807 8420.308 8323.325 8226.864 8130.932 8035.535 7940.682 7846.379 7752.634 7659.455 7566.850 7474.824 7383.387 7292.543 7202.299 7112.658 7023.626 6935.205 6847.399 6760.211 6673.643 6587.698 6502.377 6417.679 6333.606 6250.155 6167.325 6085.116 6003.523 5922.544 5842.172 5762.405 5683.235 5604.657 5526.663 5449.244 5372.391 5296.097 5220.348 5145.135 5070.444 4996.263 4922.578 4849.373 4776.633 4704.342 4632.480 4561.031 4489.977 4419.298 4348.973 4278.982 4209.303 4139.913 4070.787 4001.903 3933.235 3864.756 3796.445 3728.272 3660.209 3592.232 3524.310 3456.409 3388.504 3320.561 3252.543 3184.421 3116.159 3047.716 2979.057 2910.150 2840.944 2771.396 2701.487 2631.159 2560.351 2489.033 2417.157 2344.643 2271.428 2197.498 2122.775 2047.148 1970.532 1892.899 1814.162 1734.173 1652.777 1569.839 1485.255 1398.893 1310.500 1219.762 1126.319 1029.768 -9999.000 -9999.000
-9999.000 -9999.000 8912.841 8813.336 8714.325 8615.814 8517.807 8420.308 8323.325 8226.864 8130.932 8035.535 7940.682 7846.379 7752.634 7659.455 7566.850 7474.824 7383.387 7292.543 7202.299 7112.658 7023.626 6935.205 6847.399 6760.211 6673.643 6587.698 6502.377 6417.679 6333.606 6250.155 6167.325 6085.116 6003.523 5922.544 5842.172 5762.405 5683.235 5604.657 5526.663 5449.244 5372.391 5296.097 5220.348 5145.135 5070.444 4996.263 4922.578 4849.373 4776.633 4704.342 4632.480 4561.031 4489.977 4419.298 4348.973 4278.982 4209.303 4139.913 4070.787 4001.903 3933.235 3864.756 3796.445 3728.272 3660.209 3592.232 3524.310 3456.409 3388.504 3320.561 3252.543 3184.421 3116.159 3047.716 2979.057 2910.150 2840.944 2771.396 2701.487 2631.159 2560.351 2489.033 2417.157 2344.643 2271.428 2197.498 2122.775 2047.148 1970.532 1892.899 1814.162 1734.173 1652.777 1569.839 1485.255 1398.893 1310.500 1219.762 1126.319 1029.768 -9999.000 -9999.000
-9999.000 -9999.000 8912.841 8813.336 8714.325 8615.814 8517.807 8420.308 8323.325 8226.864 8130.932 8035.535 7940.682 7846.379 7752.634 7659.455 7566.850 7474.824 7383.387 7292.543 7202.299 7112.658 7023.626 6935.205 6847.399 6760.211 6673.643 6587.698 6502.377 6417.679 6333.606 6250.155 6167.325 6085.116 6003.523 5922.544 5842.172 5762.405 5683.235 5604.657 5526.663 5449.244 5372.391 5296.097 5220.348 5145.135 5070.444 4996.263 4922.578 4849.373 4776.633 4704.342 4632.480 4561.031 4489.977 4419.298 4348.973 4278.982 4209.303 4139.913 4070.787 4001.903 3933.235 3864.756 3796.445 3728.272 3660.209 3592.232 3524.310 3456.409 3388.504 3320.561 3252.543 3184.421 3116.159 3047.716 2979.057 2910.150 2840.944 2771.396 2701.487 2631.159 2560.351 2489.033 2417.157 2344.643 2271.428 2197.498 2122.775 2047.148 1970.532 1892.899 1814.162 1734.173 1652.777 1569.839 1485.255 1398.893 1310.500 1219.762 1126.319 1029.768 -9999.000 -9999.000
-9999.000 -9999.000 8912.841 8813.336 8714.325 8615.814 8517.807 8420.308 8323.325 8226.864 8130.932 8035.535 7940.682 7846.379 7752.634 7659.455 7566.850 7474.824 7383.387 7292.543 7202.299 7112.658 7023.626 6935.205 6847.399 6760.211 6673.643 6587.698 6502.377 6417.679 6333.606 6250.155 6167.325 6085.116 6003.523 5922.544 5842.172 5762.405 5683.235 5604.657 5526.663 5449.244 5372.391 5296.097 5220.348 5145.135 5070.444 4996.263 4922.578 4849.373 4776.633 4704.342 4632.480 4561.031 4489.977 4419.298 4348.973 4278.982 4209.303 4139.913 4070.787 4001.903 3933.235 3864.756 3796.445 3728.272 3660.209 3592.232 3524.310 3456.409 3388.504 3320.561 3252.543 3184.421 3116.159 3047.716 2979.057 2910.150 2840.944 2771.396 2701.487 2631.159 2560.351 2489.033 2417.157 2344.643 2271.428 2197.498 2122.775 2047.148 1970.532 1892.899 1814.162 1734.173 1652.777 1569.839 1485.255 1398.893 1310.500 1219.762 1126.319 1029.768 -9999.000 -9999.000
-9999.000 -9999.000 -9999.000 -9999.000 -9999.000 -9999.000 -9999.000 -9999.000 -9999.000 -9999.000 -9999.000 -9999.000 -9999.000 -9999.000 -9999.000 -9999.000 -9999.000 -9999.000 -9999.000 -9999.000 -9999.000 -9999.000 -9999.000 -9999.000 -9999.000 -9999.000 -9999.000 -9999.000 -9999.000 -9999.000 -9999.000 -9999.000 -9999.000 -9999.000 -9999.000 -9999.000 -9999.000 -9999.000 -9999.000 -9999.000 -9999.000 -9999.000 -9999.000 -9999.000 -9999.000 -9999.000 -9999.000 -9999.000 -9999.000 -9999.000 -9999.000 -9999.000 -9999.000 -9999.000 -9999.000 -9999.000 -9999.000 -9999.000 -9999.000 -9999.000 -9999.000 -9999.000 -9999.000 -9999.000 -9999.000 -9999.000 -9999.000 -9999.000 -9999.000 -9999.000 -9999.000 -9999.000 -9999.000 -9999.000 -9999.000 -9999.000 -9999.000 -9999.000 -9999.000 -9999.000 -9999.000 -9999.000 -9999.000 -9999.000 -9999.000 -9999.000 -9999.000 -9999.000 -9999.000 -9999.000 -9999.000 -9999.000 -9999.000 -9999.000 -9999.000 -9999.000 -9999.000 -9999.000 -9999.000 -9999.000 -9999.000 -9999.000 -9999.000 -9999.000
-9999.000 -9999.000 -9999.000 -9999.000 -9999.000 -9999.000 -9999.000 -9999.000 -9999.000 -9999.000 -9999.000 -9999.000 -9999.000 -9999.000 -9999.000 -9999.000 -9999.000 -9999.000 -9999.000 -9999.000 -9999.000 -9999.000 -9999.000 -9999.000 -9999.000 -9999.000 -9999.000 -9999.000 -9999.000 -9999.000 -9999.000 -9999.000 -9999.000 -9999.000 -9999.000 -9999.000 -9999.000 -9999.000 -9999.000 -9999.000 -9999.000 -9999.000 -9999.000 -9999.000 -9999.000 -9999.000 -9999.000 -9999.000 -9999.000 -9999.000 -9999.000 -9999.000 -9999.000 -9999.000 -9999.000 -9999.000 -9999.000 -9999.000 -9999.000 -9999.000 -9999.000 -9999.000 -9999.000 -9999.000 -9999.000 -9999.000 -9999.000 -9999.000 -9999.000 -9999.000 -9999.000 -9999.000 -9999.000 -9999.000 -9999.000 -9999.000 -9999.000 -9999.000 -9999.000 -9999.000 -9999.000 -9999.000 -9999.000 -9999.000 -9999.000 -9999.000 -9999.000 -9999.000 -9999.000 -9999.000 -9999.000 -9999.000 -9999.000 -9999.000 -9999.000 -9999.000 -9999.000 -9999.000 -9999.000 -9999.000 -9999.000 -9999.000 -9999.000 -9999.000