examples/3D/hillslope01/output-maps-METEOIO-ON/psiliqL0022N0002.asc
ncols         104
nrows         10
xllcorner     -2.000000
yllcorner     0.000000
cellsize      1.000000
NODATA_value  -9999.0
-9999.000 -9999.000 -9999.000 -9999.000 -9999.000 -9999.000 -9999.000 -9999.000 -9999.000 -9999.000 -9999.000 -9999.000 -9999.000 -9999.000 -9999.000 -9999.000 -9999.000 -9999.000 -9999.000 -9999.000 -9999.000 -9999.000 -9999.000 -9999.000 -9999.000 -9999.000 -9999.000 -9999.000 -9999.000 -9999.000 -9999.000 -9999.000 -9999.000 -9999.000 -9999.000 -9999.000 -9999.000 -9999.000 -9999.000 -9999.000 -9999.000 -9999.000 -9999.000 -9999.000 -9999.000 -9999.000 -9999.000 -9999.000 -9999.000 -9999.000 -9999.000 -9999.000 -9999.000 -9999.000 -9999.000 -9999.000 -9999.000 -9999.000 -9999.000 -9999.000 -9999.000 -9999.000 -9999.000 -9999.000 -9999.000 -9999.000 -9999.000 -9999.000 -9999.000 -9999.000 -9999.000 -9999.000 -9999.000 -9999.000 -9999.000 -9999.000 -9999.000 -9999.000 -9999.000 -9999.000 -9999.000 -9999.000 -9999.000 -9999.000 -9999.000 -9999.000 -9999.000 -9999.000 -9999.000 -9999.000 -9999.000 -9999.000 -9999.000 -9999.000 -9999.000 -9999.000 -9999.000 -9999.000 -9999.000 -9999.000 -9999.000 -9999.000 -9999.000 -9999.000
-9999.000 -9999.000 -9999.000 -9999.000 -9999.000 -9999.000 -9999.000 -9999.000 -9999.000 -9999.000 -9999.000 -9999.000 -9999.000 -9999.000 -9999.000 -9999.000 -9999.000 -9999.000 -9999.000 -9999.000 -9999.000 -9999.000 -9999.000 -9999.000 -9999.000 -9999.000 -9999.000 -9999.000 -9999.000 -9999.000 -9999.000 -9999.000 -9999.000 -9999.000 -9999.000 -9999.000 -9999.000 -9999.000 -9999.000 -9999.000 -9999.000 -9999.000 -9999.000 -9999.000 -9999.000 -9999.000 -9999.000 -9999.000 -9999.000 -9999.000 -9999.000 -9999.000 -9999.000 -9999.000 -9999.000 -9999.000 -9999.000 -9999.000 -9999.000 -9999.000 -9999.000 -9999.000 -9999.000 -9999.000 -9999.000 -9999.000 -9999.000 -9999.000 -9999.000 -9999.000 -9999.000 -9999.000 -9999.000 -9999.000 -9999.000 -9999.000 -9999.000 -9999.000 -9999.000 -9999.000 -9999.000 -9999.000 -9999.000 -9999.000 -9999.000 -9999.000 -9999.000 -9999.000 -9999.000 -9999.000 -9999.000 -9999.000 -9999.000 -9999.000 -9999.000 -9999.000 -9999.000 -9999.000 -9999.000 -9999.000 -9999.000 -9999.000 -9999.000 -9999.000
-9999.000 -9999.000 1175.404 1075.817 976.642 877.912 779.668 681.938 584.734 488.062 391.927 296.330 201.260 106.718 12.715 -80.684 -173.986 -268.383 -366.123 -470.713 -587.279 -723.290 -889.787 -1102.977 -1384.672 -1754.458 -2192.655 -2567.148 -2747.144 -2801.665 -2816.010 -2819.936 -2821.116 -2821.511 -2821.658 -2821.719 -2821.747 -2821.761 -2821.769 -2821.773 -2821.776 -2821.778 -2821.779 -2821.780 -2821.781 -2821.781 -2821.782 -2821.782 -2821.782 -2821.782 -2821.782 -2821.782 -2821.782 -2821.782 -2821.782 -2821.782 -2821.782 -2821.782 -2821.782 -2821.782 -2821.782 -2821.782 -2821.782 -2821.782 -2821.782 -2821.782 -2821.782 -2821.782 -2821.782 -2821.782 -2821.782 -2821.782 -2821.782 -2821.782 -2821.783 -2821.783 -2821.783 -2821.783 -2821.783 -2821.783 -2821.783 -2821.783 -2821.783 -2821.783 -2821.783 -2821.783 -2821.783 -2821.783 -2821.783 -2821.783 -2821.783 -2821.783 -2821.783 -2821.783 -2821.783 -2821.783 -2821.783 -2821.783 -2821.783 -2821.784 -2821.877 -2825.804 -9999.000 -9999.000
-9999.000 -9999.000 1175.404 1075.817 976.642 877.912 779.668 681.938 584.734 488.062 391.927 296.330 201.260 106.718 12.715 -80.684 -173.986 -268.383 -366.123 -470.713 -587.279 -723.290 -889.787 -1102.977 -1384.672 -1754.458 -2192.655 -2567.148 -2747.144 -2801.665 -2816.010 -2819.936 -2821.116 -2821.511 -2821.658 -2821.719 -2821.747 -2821.761 -2821.769 -2821.773 -2821.776 -2821.778 -2821.779 -2821.780 -2821.781 -2821.781 -2821.782 -2821.782 -2821.782 -2821.782 -2821.782 -2821.782 -2821.782 -2821.782 -2821.782 -2821.782 -2821.782 -2821.782 -2821.782 -2821.782 -2821.782 -2821.782 -2821.782 -2821.782 -2821.782 -2821.782 -2821.782 -2821.782 -2821.782 -2821.782 -2821.782 -2821.782 -2821.782 -2821.782 -2821.783 -2821.783 -2821.783 -2821.783 -2821.783 -2821.783 -2821.783 -2821.783 -2821.783 -2821.783 -2821.783 -2821.783 -2821.783 -2821.783 -2821.783 -2821.783 -2821.783 -2821.783 -2821.783 -2821.783 -2821.783 -2821.783 -2821.783 -2821.783 -2821.783 -2821.784 -2821.877 -2825.804 -9999.000 -9999.000
-9999.000 -9999.000 1175.404 1075.817 976.642 877.912 779.668 681.938 584.734 488.062 391.927 296.330 201.260 106.718 12.715 -80.684 -173.986 -268.383 -366.123 -470.713 -587.279 -723.290 -889.787 -1102.977 -1384.672 -1754.458 -2192.655 -2567.148 -2747.144 -2801.665 -2816.010 -2819.936 -2821.116 -2821.511 -2821.658 -2821.719 -2821.747 -2821.761 -2821.769 -2821.773 -2821.776 -2821.778 -2821.779 -2821.780 -2821.781 -2821.781 -2821.782 -2821.782 -2821.782 -2821.782 -2821.782 -2821.782 -2821.782 -2821.782 -2821.782 -2821.782 -2821.782 -2821.782 -2821.782 -2821.782 -2821.782 -2821.782 -2821.782 -2821.782 -2821.782 -2821.782 -2821.782 -2821.782 -2821.782 -2821.782 -2821.782 -2821.782 -2821.782 -2821.782 -2821.783 -2821.783 -2821.783 -2821.783 -2821.783 -2821.783 -2821.783 -2821.783 -2821.783 -2821.783 -2821.783 -2821.783 -2821.783 -2821.783 -2821.783 -2821.783 -2821.783 -2821.783 -2821.783 -2821.783 -2821.783 -2821.783 -2821.783 -2821.783 -2821.783 -2821.784 -2821.877 -2825.804 -9999.000 -9999.000
-9999.000 -9999.000 1175.404 1075.817 976.642 877.912 779.668 681.938 584.734 488.062 391.927 296.330 201.260 106.718 12.715 -80.684 -173.986 -268.383 -366.123 -470.713 -587.279 -723.290 -889.787 -1102.977 -1384.672 -1754.458 -2192.655 -2567.148 -2747.144 -2801.665 -2816.010 -2819.936 -2821.116 -2821.511 -2821.658 -2821.719 -2821.747 -2821.761 -2821.769 -2821.773 -2821.776 -2821.778 -2821.779 -2821.780 -2821.781 -2821.781 -2821.782 -2821.782 -2821.782 -2821.782 -2821.782 -2821.782 -2821.782 -2821.782 -2821.782 -2821.782 -2821.782 -2821.782 -2821.782 -2821.782 -2821.782 -2821.782 -2821.782 -2821.782 -2821.782 -2821.782 -2821.782 -2821.782 -2821.782 -2821.782 -2821.782 -2821.782 -2821.782 -2821.782 -2821.783 -2821.783 -2821.783 -2821.783 -2821.783 -2821.783 -2821.783 -2821.783 -2821.783 -2821.783 -2821.783 -2821.783 -2821.783 -2821.783 -2821.783 -2821.783 -2821.783 -2821.783 -2821.783 -2821.783 -2821.783 -2821.783 -2821.783 -2821.783 -2821.783 -2821.784 -2821.877 -2825.804 -9999.000 -9999.000
-9999.000 -9999.000 1175.404 1075.817 976.642 877.912 779.668 681.938 584.734 488.062 391.927 296.330 201.260 106.718 12.715 -80.684 -173.986 -268.383 -366.123 -470.713 -587.279 -723.290 -889.787 -1102.977 -1384.672 -1754.458 -2192.655 -2567.148 -2747.144 -2801.665 -2816.010 -2819.936 -2821.116 -2821.511 -2821.658 -2821.719 -2821.747 -2821.761 -2821.769 -2821.773 -2821.776 -2821.778 -2821.779 -2821.780 -2821.781 -2821.781 -2821.782 -2821.782 -2821.782 -2821.782 -2821.782 -2821.782 -2821.782 -2821.782 -2821.782 -2821.782 -2821.782 -2821.782 -2821.782 -2821.782 -2821.782 -2821.782 -2821.782 -2821.782 -2821.782 -2821.782 -2821.782 -2821.782 -2821.782 -2821.782 -2821.782 -2821.782 -2821.782 -2821.782 -2821.783 -2821.783 -2821.783 -2821.783 -2821.783 -2821.783 -2821.783 -2821.783 -2821.783 -2821.783 -2821.783 -2821.783 -2821.783 -2821.783 -2821.783 -2821.783 -2821.783 -2821.783 -2821.783 -2821.783 -2821.783 -2821.783 -2821.783 -2821.783 -2821.783 -2821.784 -2821.877 -2825.804 -9999.000 -9999.000
-9999.000 -9999.000 1175.404 1075.817 976.642 877.912 779.668 681.938 584.734 488.062 391.927 296.330 201.260 106.718 12.715 -80.684 -173.986 -268.383 -366.123 -470.713 -587.279 -723.290 -889.787 -1102.977 -1384.672 -1754.458 -2192.655 -2567.148 -2747.144 -2801.665 -2816.010 -2819.936 -2821.116 -2821.511 -2821.658 -2821.719 -2821.747 -2821.761 -2821.769 -2821.773 -2821.776 -2821.778 -2821.779 -2821.780 -2821.781 -2821.781 -2821.782 -2821.782 -2821.782 -2821.782 -2821.782 -2821.782 -2821.782 -2821.782 -2821.782 -2821.782 -2821.782 -2821.782 -2821.782 -2821.782 -2821.782 -2821.782 -2821.782 -2821.782 -2821.782 -2821.782 -2821.782 -2821.782 -2821.782 -2821.782 -2821.782 -2821.782 -2821.782 -2821.782 -2821.783 -2821.783 -2821.783 -2821.783 -2821.783 -2821.783 -2821.783 -2821.783 -2821.783 -2821.783 -2821.783 -2821.783 -2821.783 -2821.783 -2821.783 -2821.783 -2821.783 -2821.783 -2821.783 -2821.783 -2821.783 -2821.783 -2821.783 -2821.783 -2821.783 -2821.784 -2821.877 -2825.804 -9999.000 -9999.000
-9999.000 -9999.000 -9999.000 -9999.000 -9999.000 -9999.000 -9999.000 -9999.000 -9999.000 -9999.000 -9999.000 -9999.000 -9999.000 -9999.000 -9999.000 -9999.000 -9999.000 -9999.000 -9999.000 -9999.000 -9999.000 -9999.000 -9999.000 -9999.000 -9999.000 -9999.000 -9999.000 -9999.000 -9999.000 -9999.000 -9999.000 -9999.000 -9999.000 -9999.000 -9999.000 -9999.000 -9999.000 -9999.000 -9999.000 -9999.000 -9999.000 -9999.000 -9999.000 -9999.000 -9999.000 -9999.000 -9999.000 -9999.000 -9999.000 -9999.000 -9999.000 -9999.000 -9999.000 -9999.000 -9999.000 -9999.000 -9999.000 -9999.000 -9999.000 -9999.000 -9999.000 -9999.000 -9999.000 -9999.000 -9999.000 -9999.000 -9999.000 -9999.000 -9999.000 -9999.000 -9999.000 -9999.000 -9999.000 -9999.000 -9999.000 -9999.000 -9999.000 -9999.000 -9999.000 -9999.000 -9999.000 -9999.000 -9999.000 -9999.000 -9999.000 -9999.000 -9999.000 -9999.000 -9999.000 -9999.000 -9999.000 -9999.000 -9999.000 -9999.000 -9999.000 -9999.000 -9999.000 -9999.000 -9999.000 -9999.000 -9999.000 -9999.000 -9999.000 -9999.000
-9999.000 -9999.000 -9999.000 -9999.000 -9999.000 -9999.000 -9999.000 -9999.000 -9999.000 -9999.000 -9999.000 -9999.000 -9999.000 -9999.000 -9999.000 -9999.000 -9999.000 -9999.000 -9999.000 -9999.000 -9999.000 -9999.000 -9999.000 -9999.000 -9999.000 -9999.000 -9999.000 -9999.000 -9999.000 -9999.000 -9999.000 -9999.000 -9999.000 -9999.000 -9999.000 -9999.000 -9999.000 -9999.000 -9999.000 -9999.000 -9999.000 -9999.000 -9999.000 -9999.000 -9999.000 -9999.000 -9999.000 -9999.000 -9999.000 -9999.000 -9999.000 -9999.000 -9999.000 -9999.000 -9999.000 -9999.000 -9999.000 -9999.000 -9999.000 -9999.000 -9999.000 -9999.000 -9999.000 -9999.000 -9999.000 -9999.000 -9999.000 -9999.000 -9999.000 -9999.000 -9999.000 -9999.000 -9999.000 -9999.000 -9999.000 -9999.000 -9999.000 -9999.000 -9999.000 -9999.000 -9999.000 -9999.000 -9999.000 -9999.000 -9999.000 -9999.000 -9999.000 -9999.000 -9999.000 -9999.000 -9999.000 -9999.000 -9999.000 -9999.000 -9999.000 -9999.000 -9999.000 -9999.000 -9999.000 -9999.000 -9999.000 -9999.000 -9999.000 -9999.000