examples/3D/hillslope01/output-maps-METEOIO-ON/psiliqL0053N0002.asc
ncols         104
nrows         10
xllcorner     -2.000000
yllcorner     0.000000
cellsize      1.000000
NODATA_value  -9999.0
-9999.000 -9999.000 -9999.000 -9999.000 -9999.000 -9999.000 -9999.000 -9999.000 -9999.000 -9999.000 -9999.000 -9999.000 -9999.000 -9999.000 -9999.000 -9999.000 -9999.000 -9999.000 -9999.000 -9999.000 -9999.000 -9999.000 -9999.000 -9999.000 -9999.000 -9999.000 -9999.000 -9999.000 -9999.000 -9999.000 -9999.000 -9999.000 -9999.000 -9999.000 -9999.000 -9999.000 -9999.000 -9999.000 -9999.000 -9999.000 -9999.000 -9999.000 -9999.000 -9999.000 -9999.000 -9999.000 -9999.000 -9999.000 -9999.000 -9999.000 -9999.000 -9999.000 -9999.000 -9999.000 -9999.000 -9999.000 -9999.000 -9999.000 -9999.000 -9999.000 -9999.000 -9999.000 -9999.000 -9999.000 -9999.000 -9999.000 -9999.000 -9999.000 -9999.000 -9999.000 -9999.000 -9999.000 -9999.000 -9999.000 -9999.000 -9999.000 -9999.000 -9999.000 -9999.000 -9999.000 -9999.000 -9999.000 -9999.000 -9999.000 -9999.000 -9999.000 -9999.000 -9999.000 -9999.000 -9999.000 -9999.000 -9999.000 -9999.000 -9999.000 -9999.000 -9999.000 -9999.000 -9999.000 -9999.000 -9999.000 -9999.000 -9999.000 -9999.000 -9999.000
-9999.000 -9999.000 -9999.000 -9999.000 -9999.000 -9999.000 -9999.000 -9999.000 -9999.000 -9999.000 -9999.000 -9999.000 -9999.000 -9999.000 -9999.000 -9999.000 -9999.000 -9999.000 -9999.000 -9999.000 -9999.000 -9999.000 -9999.000 -9999.000 -9999.000 -9999.000 -9999.000 -9999.000 -9999.000 -9999.000 -9999.000 -9999.000 -9999.000 -9999.000 -9999.000 -9999.000 -9999.000 -9999.000 -9999.000 -9999.000 -9999.000 -9999.000 -9999.000 -9999.000 -9999.000 -9999.000 -9999.000 -9999.000 -9999.000 -9999.000 -9999.000 -9999.000 -9999.000 -9999.000 -9999.000 -9999.000 -9999.000 -9999.000 -9999.000 -9999.000 -9999.000 -9999.000 -9999.000 -9999.000 -9999.000 -9999.000 -9999.000 -9999.000 -9999.000 -9999.000 -9999.000 -9999.000 -9999.000 -9999.000 -9999.000 -9999.000 -9999.000 -9999.000 -9999.000 -9999.000 -9999.000 -9999.000 -9999.000 -9999.000 -9999.000 -9999.000 -9999.000 -9999.000 -9999.000 -9999.000 -9999.000 -9999.000 -9999.000 -9999.000 -9999.000 -9999.000 -9999.000 -9999.000 -9999.000 -9999.000 -9999.000 -9999.000 -9999.000 -9999.000
-9999.000 -9999.000 4253.928 4154.400 4055.348 3956.778 3858.702 3761.130 3664.070 3567.531 3471.520 3376.043 3281.108 3186.720 3092.887 2999.620 2906.928 2814.822 2723.311 2632.404 2542.109 2452.429 2363.364 2274.911 2187.068 2099.842 2013.245 1927.284 1841.965 1757.282 1673.222 1589.771 1506.950 1424.771 1343.235 1262.322 1181.997 1102.262 1023.166 944.702 866.824 789.455 712.679 636.541 560.975 485.846 411.229 337.271 263.847 190.685 118.077 46.135 -25.402 -96.864 -167.329 -236.772 -305.027 -370.726 -433.046 -491.581 -545.219 -593.484 -636.500 -674.120 -706.762 -734.937 -759.080 -779.785 -797.540 -812.795 -825.960 -837.372 -847.320 -856.045 -863.746 -870.585 -876.699 -882.196 -887.167 -891.686 -895.813 -899.599 -903.083 -906.300 -909.277 -912.036 -914.597 -916.974 -919.180 -921.225 -923.119 -924.867 -926.476 -927.951 -929.295 -930.513 -931.608 -932.594 -933.537 -934.855 -938.876 -957.180 -9999.000 -9999.000
-9999.000 -9999.000 4253.928 4154.400 4055.348 3956.778 3858.702 3761.130 3664.070 3567.531 3471.520 3376.043 3281.108 3186.720 3092.887 2999.620 2906.928 2814.822 2723.311 2632.404 2542.109 2452.429 2363.364 2274.911 2187.068 2099.842 2013.245 1927.284 1841.965 1757.282 1673.222 1589.771 1506.950 1424.771 1343.235 1262.322 1181.997 1102.262 1023.166 944.702 866.824 789.455 712.679 636.541 560.975 485.846 411.229 337.271 263.847 190.685 118.077 46.135 -25.402 -96.864 -167.329 -236.772 -305.027 -370.726 -433.046 -491.581 -545.219 -593.484 -636.500 -674.120 -706.762 -734.937 -759.080 -779.785 -797.540 -812.795 -825.960 -837.372 -847.320 -856.045 -863.746 -870.585 -876.699 -882.196 -887.167 -891.686 -895.813 -899.599 -903.083 -906.300 -909.277 -912.036 -914.597 -916.974 -919.180 -921.225 -923.119 -924.867 -926.476 -927.951 -929.295 -930.513 -931.608 -932.594 -933.537 -934.855 -938.876 -957.180 -9999.000 -9999.000
-9999.000 -9999.000 4253.928 4154.400 4055.348 3956.778 3858.702 3761.130 3664.070 3567.531 3471.520 3376.043 3281.108 3186.720 3092.887 2999.620 2906.928 2814.822 2723.311 2632.404 2542.109 2452.429 2363.364 2274.911 2187.068 2099.842 2013.245 1927.284 1841.965 1757.282 1673.222 1589.771 1506.950 1424.771 1343.235 1262.322 1181.997 1102.262 1023.166 944.702 866.824 789.455 712.679 636.541 560.975 485.846 411.229 337.271 263.847 190.685 118.077 46.135 -25.402 -96.864 -167.329 -236.772 -305.027 -370.726 -433.046 -491.581 -545.219 -593.484 -636.500 -674.120 -706.762 -734.937 -759.080 -779.785 -797.540 -812.795 -825.960 -837.372 -847.320 -856.045 -863.746 -870.585 -876.699 -882.196 -887.167 -891.686 -895.813 -899.599 -903.083 -906.300 -909.277 -912.036 -914.597 -916.974 -919.180 -921.225 -923.119 -924.867 -926.476 -927.951 -929.295 -930.513 -931.608 -932.594 -933.537 -934.855 -938.876 -957.180 -9999.000 -9999.000
-9999.000 -9999.000 4253.928 4154.400 4055.348 3956.778 3858.702 3761.130 3664.070 3567.531 3471.520 3376.043 3281.108 3186.720 3092.887 2999.620 2906.928 2814.822 2723.311 2632.404 2542.109 2452.429 2363.364 2274.911 2187.068 2099.842 2013.245 1927.284 1841.965 1757.282 1673.222 1589.771 1506.950 1424.771 1343.235 1262.322 1181.997 1102.262 1023.166 944.702 866.824 789.455 712.679 636.541 560.975 485.846 411.229 337.271 263.847 190.685 118.077 46.135 -25.402 -96.864 -167.329 -236.772 -305.027 -370.726 -433.046 -491.581 -545.219 -593.484 -636.500 -674.120 -706.762 -734.937 -759.080 -779.785 -797.540 -812.795 -825.960 -837.372 -847.320 -856.045 -863.746 -870.585 -876.699 -882.196 -887.167 -891.686 -895.813 -899.599 -903.083 -906.300 -909.277 -912.036 -914.597 -916.974 -919.180 -921.225 -923.119 -924.867 -926.476 -927.951 -929.295 -930.513 -931.608 -932.594 -933.537 -934.855 -938.876 -957.180 -9999.000 -9999.000
-9999.000 -9999.000 4253.928 4154.400 4055.348 3956.778 3858.702 3761.130 3664.070 3567.531 3471.520 3376.043 3281.108 3186.720 3092.887 2999.620 2906.928 2814.822 2723.311 2632.404 2542.109 2452.429 2363.364 2274.911 2187.068 2099.842 2013.245 1927.284 1841.965 1757.282 1673.222 1589.771 1506.950 1424.771 1343.235 1262.322 1181.997 1102.262 1023.166 944.702 866.824 789.455 712.679 636.541 560.975 485.846 411.229 337.271 263.847 190.685 118.077 46.135 -25.402 -96.864 -167.329 -236.772 -305.027 -370.726 -433.046 -491.581 -545.219 -593.484 -636.500 -674.120 -706.762 -734.937 -759.080 -779.785 -797.540 -812.795 -825.960 -837.372 -847.320 -856.045 -863.746 -870.585 -876.699 -882.196 -887.167 -891.686 -895.813 -899.599 -903.083 -906.300 -909.277 -912.036 -914.597 -916.974 -919.180 -921.225 -923.119 -924.867 -926.476 -927.951 -929.295 -930.513 -931.608 -932.594 -933.537 -934.855 -938.876 -957.180 -9999.000 -9999.000
-9999.000 -9999.000 4253.928 4154.400 4055.348 3956.778 3858.702 3761.130 3664.070 3567.531 3471.520 3376.043 3281.108 3186.720 3092.887 2999.620 2906.928 2814.822 2723.311 2632.404 2542.109 2452.429 2363.364 2274.911 2187.068 2099.842 2013.245 1927.284 1841.965 1757.282 1673.222 1589.771 1506.950 1424.771 1343.235 1262.322 1181.997 1102.262 1023.166 944.702 866.824 789.455 712.679 636.541 560.975 485.846 411.229 337.271 263.847 190.685 118.077 46.135 -25.402 -96.864 -167.329 -236.772 -305.027 -370.726 -433.046 -491.581 -545.219 -593.484 -636.500 -674.120 -706.762 -734.937 -759.080 -779.785 -797.540 -812.795 -825.960 -837.372 -847.320 -856.045 -863.746 -870.585 -876.699 -882.196 -887.167 -891.686 -895.813 -899.599 -903.083 -906.300 -909.277 -912.036 -914.597 -916.974 -919.180 -921.225 -923.119 -924.867 -926.476 -927.951 -929.295 -930.513 -931.608 -932.594 -933.537 -934.855 -938.876 -957.180 -9999.000 -9999.000
-9999.000 -9999.000 -9999.000 -9999.000 -9999.000 -9999.000 -9999.000 -9999.000 -9999.000 -9999.000 -9999.000 -9999.000 -9999.000 -9999.000 -9999.000 -9999.000 -9999.000 -9999.000 -9999.000 -9999.000 -9999.000 -9999.000 -9999.000 -9999.000 -9999.000 -9999.000 -9999.000 -9999.000 -9999.000 -9999.000 -9999.000 -9999.000 -9999.000 -9999.000 -9999.000 -9999.000 -9999.000 -9999.000 -9999.000 -9999.000 -9999.000 -9999.000 -9999.000 -9999.000 -9999.000 -9999.000 -9999.000 -9999.000 -9999.000 -9999.000 -9999.000 -9999.000 -9999.000 -9999.000 -9999.000 -9999.000 -9999.000 -9999.000 -9999.000 -9999.000 -9999.000 -9999.000 -9999.000 -9999.000 -9999.000 -9999.000 -9999.000 -9999.000 -9999.000 -9999.000 -9999.000 -9999.000 -9999.000 -9999.000 -9999.000 -9999.000 -9999.000 -9999.000 -9999.000 -9999.000 -9999.000 -9999.000 -9999.000 -9999.000 -9999.000 -9999.000 -9999.000 -9999.000 -9999.000 -9999.000 -9999.000 -9999.000 -9999.000 -9999.000 -9999.000 -9999.000 -9999.000 -9999.000 -9999.000 -9999.000 -9999.000 -9999.000 -9999.000 -9999.000
-9999.000 -9999.000 -9999.000 -9999.000 -9999.000 -9999.000 -9999.000 -9999.000 -9999.000 -9999.000 -9999.000 -9999.000 -9999.000 -9999.000 -9999.000 -9999.000 -9999.000 -9999.000 -9999.000 -9999.000 -9999.000 -9999.000 -9999.000 -9999.000 -9999.000 -9999.000 -9999.000 -9999.000 -9999.000 -9999.000 -9999.000 -9999.000 -9999.000 -9999.000 -9999.000 -9999.000 -9999.000 -9999.000 -9999.000 -9999.000 -9999.000 -9999.000 -9999.000 -9999.000 -9999.000 -9999.000 -9999.000 -9999.000 -9999.000 -9999.000 -9999.000 -9999.000 -9999.000 -9999.000 -9999.000 -9999.000 -9999.000 -9999.000 -9999.000 -9999.000 -9999.000 -9999.000 -9999.000 -9999.000 -9999.000 -9999.000 -9999.000 -9999.000 -9999.000 -9999.000 -9999.000 -9999.000 -9999.000 -9999.000 -9999.000 -9999.000 -9999.000 -9999.000 -9999.000 -9999.000 -9999.000 -9999.000 -9999.000 -9999.000 -9999.000 -9999.000 -9999.000 -9999.000 -9999.000 -9999.000 -9999.000 -9999.000 -9999.000 -9999.000 -9999.000 -9999.000 -9999.000 -9999.000 -9999.000 -9999.000 -9999.000 -9999.000 -9999.000 -9999.000