examples/3D/Borden05m2ooo/output-maps-METEOIO-OFF/psiliqL0023N0003.asc
ncols         160
nrows         34
xllcorner     620200.000000
yllcorner     5168000.000000
cellsize      0.500000
NODATA_value  -9999.0
[rows 0 to 27 of 34, columns 0 to 61 of 160]
-9999.000 -9999.000 -9999.000 -9999.000 -9999.000 -9999.000 -9999.000 -9999.000 -9999.000 -9999.000 -9999.000 -9999.000 -9999.000 -9999.000 -9999.000 -9999.000 -9999.000 -9999.000 -9999.000 -9999.000 -9999.000 -9999.000 -9999.000 -9999.000 -9999.000 -9999.000 -9999.000 -9999.000 -9999.000 -9999.000 -9999.000 -9999.000 -9999.000 -9999.000 -9999.000 -9999.000 -9999.000 -9999.000 -9999.000 -9999.000 -9999.000 -9999.000 -9999.000 -9999.000 -9999.000 -9999.000 -9999.000 -9999.000 -9999.000 -9999.000 -9999.000 -9999.000 -9999.000 -9999.000 -9999.000 -9999.000 -9999.000 -9999.000 -9999.000 -9999.000 -9999.000 -9999.000
-9999.000 -9999.000 -9999.000 -9999.000 -9999.000 -9999.000 -9999.000 -9999.000 -9999.000 -9999.000 -9999.000 -9999.000 -9999.000 -9999.000 -9999.000 -9999.000 -9999.000 -9999.000 -9999.000 -9999.000 -9999.000 -9999.000 -9999.000 -9999.000 -9999.000 -9999.000 -9999.000 -9999.000 -9999.000 -9999.000 -9999.000 -9999.000 -9999.000 -9999.000 -9999.000 -9999.000 -9999.000 -9999.000 -9999.000 -9999.000 -9999.000 -9999.000 -9999.000 -9999.000 -9999.000 -9999.000 -9999.000 -9999.000 -9999.000 -9999.000 -9999.000 -9999.000 -9999.000 -9999.000 -9999.000 -9999.000 -9999.000 -9999.000 -9999.000 2852.735 2847.566 2842.989
-9999.000 -9999.000 -9999.000 -9999.000 -9999.000 -9999.000 -9999.000 -9999.000 -9999.000 -9999.000 -9999.000 -9999.000 -9999.000 -9999.000 -9999.000 -9999.000 -9999.000 -9999.000 -9999.000 -9999.000 -9999.000 -9999.000 -9999.000 -9999.000 -9999.000 -9999.000 -9999.000 -9999.000 -9999.000 -9999.000 -9999.000 -9999.000 -9999.000 -9999.000 -9999.000 -9999.000 -9999.000 -9999.000 -9999.000 -9999.000 -9999.000 -9999.000 -9999.000 -9999.000 -9999.000 -9999.000 -9999.000 2720.860 2703.967 2690.531 2686.865 2708.772 2732.491 2756.893 2778.011 2796.861 2815.973 2837.198 2840.665 2829.101 2824.283 2821.438
-9999.000 -9999.000 -9999.000 -9999.000 -9999.000 -9999.000 -9999.000 -9999.000 -9999.000 -9999.000 -9999.000 -9999.000 -9999.000 -9999.000 -9999.000 -9999.000 -9999.000 -9999.000 -9999.000 -9999.000 -9999.000 -9999.000 -9999.000 -9999.000 -9999.000 -9999.000 -9999.000 -9999.000 -9999.000 -9999.000 -9999.000 -9999.000 -9999.000 -9999.000 -9999.000 -9999.000 -9999.000 -9999.000 -9999.000 -9999.000 2768.000 2774.218 2774.728 2765.266 2754.507 2741.640 2721.615 2704.637 2691.607 2690.063 2693.094 2696.828 2718.459 2744.306 2764.759 2781.320 2801.115 2822.007 2825.061 2815.021 2807.528 2801.504
-9999.000 -9999.000 -9999.000 -9999.000 -9999.000 -9999.000 -9999.000 -9999.000 -9999.000 -9999.000 -9999.000 -9999.000 -9999.000 -9999.000 -9999.000 -9999.000 -9999.000 -9999.000 -9999.000 -9999.000 -9999.000 -9999.000 -9999.000 -9999.000 -9999.000 -9999.000 -9999.000 -9999.000 -9999.000 -9999.000 -9999.000 -9999.000 -9999.000 -9999.000 2672.653 2690.059 2708.557 2727.704 2745.255 2752.834 2759.093 2764.975 2760.951 2757.030 2745.957 2725.857 2707.033 2694.533 2693.847 2691.968 2696.237 2708.613 2725.850 2741.679 2762.858 2787.624 2797.263 2808.682 2811.819 2807.267 2809.733 2811.929
-9999.000 -9999.000 -9999.000 -9999.000 -9999.000 -9999.000 -9999.000 -9999.000 -9999.000 -9999.000 -9999.000 -9999.000 -9999.000 -9999.000 -9999.000 -9999.000 -9999.000 -9999.000 -9999.000 -9999.000 -9999.000 -9999.000 -9999.000 -9999.000 -9999.000 -9999.000 -9999.000 -9999.000 2674.061 2668.579 2664.375 2663.565 2662.918 2662.680 2670.007 2681.898 2699.759 2722.424 2736.316 2744.214 2751.639 2752.635 2747.489 2746.298 2747.334 2735.409 2723.796 2712.945 2702.380 2700.125 2709.718 2724.516 2741.314 2756.517 2772.349 2778.671 2799.223 2820.158 2827.070 2821.653 2818.154 2817.087
-9999.000 -9999.000 -9999.000 -9999.000 -9999.000 -9999.000 -9999.000 -9999.000 -9999.000 -9999.000 -9999.000 -9999.000 -9999.000 -9999.000 -9999.000 -9999.000 -9999.000 -9999.000 -9999.000 -9999.000 -9999.000 -9999.000 -9999.000 2640.717 2646.259 2653.430 2661.803 2663.536 2660.822 2656.093 2654.088 2653.439 2652.077 2657.375 2665.310 2679.059 2695.103 2717.990 2726.982 2732.286 2744.436 2748.543 2756.518 2761.039 2759.756 2756.485 2742.621 2732.044 2735.315 2740.216 2747.560 2756.335 2770.313 2784.873 2801.043 2819.936 2840.325 2861.137 2875.362 2869.913 2862.911 2854.654
-9999.000 -9999.000 -9999.000 -9999.000 -9999.000 -9999.000 -9999.000 -9999.000 -9999.000 -9999.000 -9999.000 -9999.000 -9999.000 -9999.000 -9999.000 -9999.000 -9999.000 -9999.000 -9999.000 2613.331 2614.820 2616.930 2622.514 2623.755 2626.294 2633.841 2642.657 2646.247 2644.940 2644.655 2646.815 2650.218 2655.490 2666.862 2681.024 2695.643 2709.290 2730.592 2745.629 2758.752 2774.683 2775.440 2772.303 2771.141 2771.697 2770.967 2771.109 2771.418 2778.017 2780.018 2784.568 2794.150 2806.411 2823.639 2841.958 2859.936 2875.146 2892.528 2910.100 2902.833 2893.211 2878.082
-9999.000 -9999.000 -9999.000 -9999.000 -9999.000 -9999.000 -9999.000 -9999.000 -9999.000 -9999.000 -9999.000 -9999.000 -9999.000 -9999.000 -9999.000 -9999.000 2582.364 2584.612 2587.615 2593.847 2598.066 2602.774 2610.535 2612.784 2617.026 2624.854 2630.149 2640.083 2649.129 2656.964 2663.506 2666.625 2673.939 2683.776 2695.785 2710.425 2731.246 2755.120 2771.365 2788.498 2806.102 2807.116 2805.986 2806.866 2806.249 2809.157 2824.549 2828.647 2825.247 2836.819 2849.378 2853.028 2860.404 2880.188 2902.879 2920.461 2944.494 2962.567 2984.858 2978.762 2957.868 2944.382
-9999.000 -9999.000 -9999.000 -9999.000 -9999.000 -9999.000 -9999.000 -9999.000 -9999.000 -9999.000 -9999.000 -9999.000 -9999.000 2531.562 2536.024 2546.758 2558.488 2562.112 2567.659 2574.998 2587.910 2592.318 2599.130 2607.157 2620.357 2629.681 2639.219 2651.603 2660.304 2667.886 2674.969 2679.060 2691.468 2706.233 2721.373 2741.171 2763.509 2782.860 2801.984 2818.607 2831.171 2830.119 2829.688 2832.255 2838.014 2852.284 2869.596 2872.447 2884.469 2905.789 2917.057 2925.723 2932.724 2946.661 2968.233 2999.509 3033.711 3059.447 3071.324 3080.700 3068.852 3068.167
-9999.000 -9999.000 -9999.000 -9999.000 -9999.000 -9999.000 -9999.000 -9999.000 -9999.000 -9999.000 2501.023 2503.132 2500.109 2498.735 2505.032 2518.052 2533.184 2539.745 2552.448 2574.521 2593.801 2597.745 2612.166 2623.114 2630.497 2641.041 2654.451 2667.142 2683.296 2695.553 2705.445 2722.960 2739.250 2755.824 2773.500 2794.186 2811.624 2836.907 2862.682 2872.831 2891.543 2896.982 2893.711 2892.838 2902.345 2915.017 2931.686 2949.564 2969.052 2992.033 3004.458 3018.000 3027.771 3038.897 3054.520 3094.551 3138.429 3168.587 3187.830 3201.632 3200.483 3202.941
-9999.000 -9999.000 -9999.000 -9999.000 -9999.000 -9999.000 -9999.000 -9999.000 2475.032 2483.367 2489.550 2486.922 2483.079 2478.404 2493.564 2509.830 2526.470 2545.399 2561.845 2580.866 2595.858 2611.664 2632.372 2643.960 2655.366 2670.956 2684.620 2700.510 2721.624 2731.275 2744.364 2764.734 2781.647 2799.239 2817.954 2835.290 2857.649 2889.085 2919.159 2937.542 2964.415 2983.600 2979.892 2979.893 2982.539 3006.550 3033.776 3063.373 3084.218 3108.899 3137.670 3156.708 3166.831 3178.770 3193.330 3215.786 3249.149 3278.866 3309.728 3325.915 3329.795 3328.317
-9999.000 -9999.000 -9999.000 -9999.000 -9999.000 -9999.000 2445.520 2470.235 2485.972 2478.085 2465.638 2461.517 2456.596 2486.244 2509.277 2527.361 2544.882 2563.204 2580.270 2590.670 2622.106 2641.764 2654.961 2670.194 2685.327 2700.444 2717.639 2740.135 2759.475 2784.182 2803.625 2822.777 2847.706 2866.290 2884.331 2899.859 2928.965 2964.809 3000.385 3026.552 3052.292 3084.018 3086.589 3090.232 3094.102 3117.475 3150.956 3181.198 3213.877 3245.194 3273.391 3284.780 3294.639 3305.369 3318.500 3329.567 3345.193 3373.437 3402.297 3425.680 3441.116 3442.572
-9999.000 -9999.000 -9999.000 -9999.000 2411.823 2432.928 2452.400 2483.075 2505.754 2501.390 2507.054 2506.356 2503.398 2508.902 2517.568 2535.832 2555.617 2575.768 2591.847 2621.939 2668.732 2681.803 2701.700 2732.578 2745.129 2760.284 2776.837 2798.829 2820.470 2850.189 2887.797 2919.891 2943.220 2964.238 2984.649 3003.732 3039.004 3076.653 3113.168 3146.038 3174.435 3200.978 3210.137 3216.675 3227.887 3245.296 3268.043 3295.920 3329.146 3361.572 3385.778 3396.675 3403.145 3413.381 3422.110 3432.504 3443.810 3462.012 3484.630 3517.663 3540.517 3551.943
-9999.000 -9999.000 -9999.000 2358.519 2397.757 2437.237 2463.678 2494.588 2527.458 2529.364 2538.868 2540.949 2542.407 2549.568 2555.169 2572.678 2591.097 2610.664 2633.141 2668.462 2700.158 2722.262 2752.063 2772.134 2788.307 2802.995 2822.421 2844.511 2882.602 2915.396 2963.255 3015.204 3049.466 3071.225 3094.388 3122.584 3148.438 3187.064 3222.047 3255.149 3286.521 3310.176 3326.543 3332.854 3343.126 3350.439 3364.717 3386.294 3408.864 3439.276 3468.539 3496.364 3511.551 3522.596 3539.578 3557.091 3570.868 3585.643 3567.050 3587.411 3597.866 3602.772
-9999.000 -9999.000 2310.050 2349.332 2381.729 2429.794 2483.300 2518.805 2559.296 2580.355 2585.422 2598.759 2611.813 2615.605 2627.347 2642.343 2664.175 2673.606 2694.026 2715.107 2756.906 2795.095 2799.505 2842.441 2874.450 2906.584 2927.903 2955.583 2993.532 3030.575 3076.911 3127.485 3163.883 3193.674 3210.736 3231.615 3253.504 3279.868 3316.410 3343.863 3377.474 3403.794 3424.755 3428.179 3432.310 3448.896 3476.390 3506.003 3533.831 3561.422 3552.420 3572.543 3581.866 3587.295 3595.385 3600.988 3603.790 3602.513 3601.383 3595.091 3589.019 3588.113
-9999.000 -9999.000 2280.648 2326.976 2363.436 2424.205 2509.407 2545.159 2586.761 2633.231 2649.366 2672.642 2672.816 2668.887 2689.374 2707.235 2726.615 2735.309 2732.459 2786.672 2841.849 2874.960 2894.460 2969.069 3020.295 3043.561 3060.350 3081.995 3104.400 3145.142 3187.660 3242.252 3285.035 3316.118 3332.159 3352.553 3373.142 3389.868 3410.070 3455.163 3488.846 3518.779 3549.757 3571.405 3580.287 3585.489 3565.249 3582.231 3593.937 3599.346 3601.781 3598.636 3598.483 3599.629 3600.846 3595.753 3588.941 3582.025 3576.659 3569.983 3564.331 3562.161
-9999.000 2188.068 2240.685 2292.185 2358.179 2421.645 2499.433 2576.507 2640.966 2692.677 2720.133 2719.953 2731.672 2762.994 2785.521 2806.321 2812.648 2822.931 2808.331 2861.351 2902.985 2960.530 3063.439 3122.176 3180.952 3180.446 3172.548 3181.270 3200.883 3247.372 3323.381 3377.652 3440.286 3487.363 3504.885 3513.247 3532.549 3553.928 3515.161 3552.987 3570.993 3586.146 3594.373 3597.372 3599.406 3600.057 3597.210 3591.005 3583.506 3578.227 3574.454 3570.271 3572.940 3576.405 3576.832 3570.116 3562.248 3554.374 3546.456 3539.148 3532.482 3527.652
-9999.000 2150.386 2208.490 2278.007 2346.841 2400.113 2489.057 2649.531 2710.456 2749.271 2760.903 2751.200 2815.732 2878.430 2907.042 2953.441 2942.768 2931.021 2902.764 2931.620 2974.582 3047.188 3210.053 3298.287 3344.677 3355.407 3359.892 3389.192 3432.423 3477.664 3520.769 3500.061 3543.885 3566.266 3572.405 3574.762 3580.982 3581.290 3580.966 3577.985 3574.149 3575.405 3580.814 3581.520 3579.386 3576.760 3571.662 3564.669 3559.745 3555.390 3552.899 3550.134 3548.320 3547.761 3542.958 3537.539 3527.999 3517.742 3507.614 3496.606 3485.447 3478.319
-9999.000 2112.678 2186.730 2246.683 2298.199 2396.074 2525.757 2668.252 2764.541 2800.684 2792.253 2838.067 2941.210 3045.549 3099.126 3123.262 3112.093 3073.836 3062.491 3107.859 3177.898 3290.417 3416.536 3510.490 3527.093 3532.651 3494.922 3519.019 3541.407 3545.980 3549.014 3557.441 3564.280 3568.842 3568.963 3567.605 3564.248 3557.451 3553.818 3551.337 3548.639 3548.541 3551.462 3553.777 3551.607 3548.205 3544.089 3538.756 3532.680 3526.070 3521.882 3517.656 3515.407 3509.873 3505.879 3499.710 3483.228 3468.328 3453.517 3440.182 3426.668 3410.532
-9999.000 1995.168 2089.720 2134.209 2219.245 2404.726 2534.027 2677.666 2838.387 2865.084 2919.762 3054.572 3170.940 3250.798 3284.666 3322.253 3350.095 3370.287 3408.436 3313.210 3388.351 3475.854 3516.680 3535.949 3545.757 3548.611 3541.514 3523.329 3514.766 3509.995 3513.470 3522.459 3528.938 3535.381 3534.528 3536.722 3538.695 3536.474 3533.515 3525.843 3518.875 3513.137 3510.858 3516.183 3511.895 3509.656 3503.773 3495.620 3486.850 3479.426 3471.478 3464.743 3462.147 3456.697 3455.008 3445.338 3414.438 3393.094 3375.241 3355.715 3329.025 3308.128
-9999.000 1914.227 1987.973 2055.256 2173.151 2337.560 2442.474 2603.492 2836.326 2968.048 3121.973 3209.032 3281.646 3330.536 3385.912 3438.161 3466.610 3480.182 3457.503 3478.736 3441.336 3433.693 3453.266 3483.672 3501.842 3508.013 3502.114 3494.582 3489.236 3489.879 3489.567 3487.672 3485.563 3483.625 3481.674 3485.432 3491.485 3485.519 3476.515 3468.135 3460.554 3452.133 3446.767 3442.808 3443.086 3443.434 3436.000 3425.632 3414.865 3406.534 3399.070 3394.058 3391.091 3385.717 3376.025 3362.164 3333.626 3306.777 3283.160 3251.636 3205.811 3190.590
-9999.000 1799.358 1929.429 2010.265 2111.614 2242.761 2352.867 2508.200 2643.692 2882.356 3028.991 3199.366 3248.588 3317.084 3369.608 3442.863 3443.085 3414.966 3377.331 3364.002 3375.832 3387.078 3398.599 3416.307 3435.771 3447.612 3453.660 3449.001 3436.612 3426.488 3417.929 3406.574 3398.985 3397.926 3402.084 3412.194 3413.921 3405.398 3392.255 3375.199 3360.529 3349.478 3347.584 3350.241 3351.244 3347.436 3341.454 3330.793 3318.187 3305.840 3299.517 3294.614 3286.971 3275.636 3263.449 3249.948 3225.371 3204.957 3180.324 3137.956 3093.627 3053.233
-9999.000 -9999.000 1846.138 1955.252 2052.252 2166.139 2261.941 2386.541 2529.790 2704.400 2822.164 2990.091 3080.658 3127.005 3167.081 3224.425 3250.137 3280.403 3274.214 3286.171 3297.204 3304.616 3312.853 3321.868 3334.775 3346.283 3357.439 3356.364 3348.942 3330.699 3307.719 3290.083 3281.076 3273.368 3285.527 3298.436 3294.233 3287.975 3276.061 3260.482 3248.218 3234.461 3231.167 3231.347 3231.911 3229.509 3226.501 3213.968 3201.481 3190.946 3186.306 3180.242 3175.791 3165.268 3153.890 3142.389 3122.429 3098.814 3071.108 3029.090 2988.790 2947.387
-9999.000 -9999.000 1758.624 1863.765 1968.825 2087.511 2175.501 2204.986 2345.471 2452.691 2560.270 2669.131 2763.292 2831.891 2869.230 2932.753 2986.685 3006.375 3043.112 3092.432 3126.162 3164.069 3187.423 3199.300 3213.706 3229.317 3238.519 3225.650 3215.822 3200.170 3178.558 3153.951 3141.799 3141.331 3141.891 3144.944 3138.381 3129.791 3115.849 3101.904 3089.845 3080.571 3077.023 3072.117 3070.107 3067.340 3065.232 3059.112 3050.012 3044.487 3036.043 3031.429 3029.654 3025.216 3018.108 3014.401 3002.078 2976.254 2947.793 2917.913 2884.043 2858.802
-9999.000 -9999.000 -9999.000 1810.966 1891.931 1937.287 2030.464 2069.811 2089.119 2178.977 2291.985 2422.669 2489.067 2543.622 2600.675 2643.491 2693.169 2738.481 2792.222 2868.498 2919.368 2968.915 3017.759 3043.131 3058.925 3076.933 3079.324 3071.991 3064.643 3051.025 3027.456 3005.673 2999.008 3006.087 3003.348 2999.102 2993.359 2991.921 2985.346 2975.541 2964.007 2960.437 2956.926 2950.960 2945.527 2941.222 2937.694 2935.502 2929.712 2921.927 2919.589 2918.927 2915.749 2913.801 2908.845 2901.202 2894.669 2866.152 2841.884 2823.155 2794.785 2764.044
-9999.000 -9999.000 -9999.000 -9999.000 -9999.000 1777.282 1883.296 1984.070 2033.075 2068.862 2136.104 2239.406 2279.079 2333.314 2396.072 2446.991 2508.983 2572.180 2649.201 2692.508 2755.624 2793.139 2836.744 2885.581 2900.959 2913.824 2925.434 2918.297 2911.211 2902.520 2879.762 2874.157 2876.449 2877.205 2877.469 2873.473 2869.142 2864.262 2862.051 2850.249 2844.553 2842.707 2838.810 2834.928 2829.751 2826.211 2823.312 2822.610 2815.172 2813.904 2819.045 2816.667 2814.035 2812.426 2805.807 2797.032 2788.332 2766.054 2750.460 2739.785 2708.020 2686.256
-9999.000 -9999.000 -9999.000 -9999.000 -9999.000 -9999.000 1742.209 1840.799 1911.047 1982.902 2062.535 2120.580 2144.608 2176.159 2223.822 2295.689 2381.020 2449.131 2496.736 2540.937 2590.469 2634.104 2671.761 2717.489 2738.298 2748.616 2765.421 2763.345 2756.849 2753.413 2750.308 2759.852 2755.047 2755.037 2754.043 2753.762 2747.804 2742.539 2739.549 2738.178 2738.357 2733.622 2729.826 2725.963 2721.053 2716.386 2713.393 2711.070 2710.330 2716.029 2716.736 2716.611 2714.569 2711.182 2702.911 2692.882 2683.959 2673.540 2662.708 2650.386 2632.533 2617.265
