examples/3D/Borden05m2ooo/output-maps-METEOIO-OFF/psiliqL0001N0003.asc
ncols         160
nrows         34
xllcorner     620200.000000
yllcorner     5168000.000000
cellsize      0.500000
NODATA_value  -9999.0
[rows 0 to 27 of 34, columns 63 to 125 of 160]
-9999.000 -9999.000 -9999.000 -9999.000 -9999.000 -9999.000 -9999.000 -9999.000 -9999.000 -9999.000 -9999.000 -9999.000 -9999.000 -9999.000 -9999.000 -9999.000 -9999.000 -9999.000 -9999.000 -9999.000 -9999.000 -9999.000 -9999.000 -9999.000 -9999.000 -9999.000 -9999.000 -9999.000 -9999.000 -9999.000 -9999.000 -9999.000 -9999.000 -9999.000 -9999.000 -9999.000 -9999.000 -9999.000 -9999.000 -9999.000 -9999.000 -9999.000 -9999.000 -9999.000 -9999.000 -9999.000 -9999.000 -9999.000 -9999.000 -9999.000 -9999.000 -9999.000 -9999.000 -9999.000 -9999.000 -9999.000 -9999.000 -9999.000 -9999.000 -9999.000 -9999.000 -9999.000 -9999.000
-578.070 -578.776 -579.482 -579.728 -579.762 -579.846 -579.940 -579.555 -579.013 -578.482 -577.875 -577.755 -577.573 -577.352 -577.303 -577.425 -577.712 -577.969 -578.254 -578.266 -579.009 -579.891 -580.553 -580.733 -580.323 -579.990 -579.879 -579.430 -578.592 -577.708 -577.065 -575.993 -575.645 -575.134 -574.674 -575.104 -575.403 -575.669 -575.929 -577.038 -9999.000 -9999.000 -9999.000 -9999.000 -9999.000 -9999.000 -9999.000 -9999.000 -9999.000 -9999.000 -9999.000 -9999.000 -9999.000 -9999.000 -9999.000 -9999.000 -9999.000 -9999.000 -9999.000 -9999.000 -9999.000 -9999.000 -9999.000
-579.414 -580.137 -580.444 -580.877 -581.050 -581.059 -581.118 -580.882 -580.133 -579.527 -579.216 -579.115 -579.002 -579.035 -579.103 -579.113 -579.353 -579.606 -579.875 -579.988 -579.786 -580.411 -580.755 -580.993 -581.173 -581.009 -580.866 -580.697 -579.924 -579.362 -578.795 -577.550 -576.350 -575.874 -576.160 -576.665 -576.859 -577.277 -578.056 -578.833 -579.479 -579.977 -580.264 -580.597 -580.095 -579.813 -578.983 -578.156 -577.183 -576.022 -9999.000 -9999.000 -9999.000 -9999.000 -9999.000 -9999.000 -9999.000 -9999.000 -9999.000 -9999.000 -9999.000 -9999.000 -9999.000
-580.366 -580.633 -580.996 -581.461 -580.810 -580.801 -580.766 -580.578 -580.332 -580.178 -579.978 -579.652 -578.892 -578.775 -578.754 -578.732 -578.876 -579.148 -579.247 -579.444 -579.983 -579.973 -579.876 -579.933 -579.418 -579.368 -579.123 -579.883 -579.629 -579.192 -578.708 -578.207 -577.696 -577.267 -577.614 -577.550 -578.221 -579.358 -580.049 -580.500 -580.457 -580.514 -580.986 -582.034 -581.461 -580.166 -579.978 -579.835 -578.868 -577.888 -576.807 -576.758 -576.796 -576.789 -576.892 -578.126 -579.187 -580.112 -581.467 -9999.000 -9999.000 -9999.000 -9999.000
-580.225 -580.536 -580.846 -579.681 -579.029 -579.033 -578.814 -578.507 -578.555 -579.831 -580.086 -579.435 -578.648 -578.181 -578.264 -578.291 -578.499 -578.556 -578.544 -578.765 -578.590 -578.336 -578.405 -577.910 -577.423 -577.058 -578.008 -578.833 -578.798 -578.069 -577.357 -576.749 -575.655 -574.249 -574.417 -574.989 -575.734 -576.688 -578.673 -580.235 -580.981 -581.377 -581.814 -581.704 -581.942 -581.024 -580.975 -580.939 -580.250 -579.566 -578.823 -578.303 -578.329 -578.299 -578.406 -579.052 -580.118 -580.992 -581.806 -583.065 -584.314 -585.768 -585.702
-580.292 -580.092 -578.894 -577.899 -576.493 -576.445 -576.246 -576.297 -577.390 -578.270 -578.737 -577.235 -575.699 -574.926 -574.946 -575.006 -573.827 -574.204 -574.507 -575.234 -574.931 -574.749 -573.231 -572.428 -571.571 -571.881 -573.353 -574.608 -574.787 -574.644 -574.564 -573.951 -572.725 -571.348 -572.078 -572.895 -573.775 -576.856 -579.219 -580.366 -579.979 -579.731 -580.026 -580.177 -580.303 -581.033 -580.976 -580.910 -581.077 -580.157 -579.154 -578.891 -579.473 -579.805 -579.800 -580.322 -580.845 -581.716 -582.609 -583.381 -585.022 -584.896 -585.506
-576.558 -575.796 -574.595 -572.594 -569.356 -569.150 -568.650 -567.822 -569.487 -571.109 -572.939 -570.793 -569.750 -568.473 -568.069 -565.958 -564.095 -565.187 -566.801 -568.446 -567.366 -564.775 -562.007 -560.953 -560.426 -560.089 -562.051 -562.909 -563.519 -563.501 -564.429 -564.060 -561.837 -558.331 -558.062 -560.426 -564.609 -569.951 -574.251 -576.576 -575.729 -576.462 -576.963 -577.130 -578.452 -579.346 -579.037 -579.887 -580.398 -579.328 -578.967 -578.883 -579.649 -578.827 -579.385 -580.711 -581.793 -582.602 -583.269 -584.042 -584.105 -584.526 -585.002
-571.856 -570.875 -568.245 -564.216 -559.018 -555.241 -552.040 -549.062 -551.626 -554.571 -557.411 -556.770 -553.114 -548.967 -543.928 -538.023 -531.348 -533.299 -537.135 -537.772 -536.003 -527.880 -518.904 -514.382 -511.447 -506.831 -510.665 -517.146 -523.847 -529.753 -534.320 -537.141 -530.371 -522.167 -523.689 -537.393 -547.928 -557.614 -564.964 -570.617 -571.296 -571.104 -571.015 -573.087 -574.618 -576.565 -577.537 -578.052 -579.409 -578.897 -578.519 -577.516 -576.318 -576.282 -577.847 -579.100 -580.403 -581.576 -582.469 -582.522 -582.710 -583.264 -583.650
-545.441 -543.277 -537.532 -519.358 -484.108 -452.131 -431.226 -427.972 -434.350 -443.083 -457.993 -465.941 -452.964 -440.251 -431.081 -424.294 -417.761 -412.794 -413.240 -413.254 -411.736 -409.901 -406.259 -401.731 -397.141 -392.042 -390.242 -396.579 -402.926 -409.663 -415.683 -417.003 -418.609 -414.888 -415.075 -426.729 -445.478 -478.246 -515.248 -536.283 -547.100 -548.208 -553.081 -557.404 -561.984 -568.547 -571.106 -572.894 -576.471 -576.898 -575.718 -574.112 -573.089 -575.189 -576.670 -578.211 -579.734 -581.171 -581.375 -581.318 -581.435 -581.764 -581.872
-432.857 -429.651 -426.011 -406.127 -380.236 -354.339 -333.346 -325.300 -333.058 -341.557 -351.185 -359.553 -359.631 -349.140 -336.458 -323.942 -315.689 -312.706 -314.211 -314.087 -313.181 -310.555 -308.988 -305.538 -299.993 -290.673 -278.886 -281.162 -295.902 -308.013 -322.199 -328.339 -330.881 -335.593 -335.846 -335.544 -354.543 -375.546 -399.227 -421.034 -435.158 -454.646 -478.198 -501.068 -531.301 -549.080 -559.380 -565.839 -570.605 -571.489 -567.118 -562.362 -564.708 -566.413 -568.955 -572.226 -574.908 -577.490 -577.949 -578.124 -578.590 -579.074 -579.530
-336.175 -331.164 -324.041 -308.965 -279.268 -246.707 -218.933 -212.234 -218.066 -227.163 -237.792 -245.362 -248.232 -244.556 -237.842 -226.463 -215.923 -205.002 -204.338 -203.966 -204.583 -202.934 -201.680 -201.364 -196.958 -188.302 -180.037 -177.753 -186.560 -201.950 -219.365 -229.856 -239.636 -246.840 -248.447 -248.058 -248.103 -266.011 -294.234 -330.273 -354.639 -373.167 -384.276 -396.116 -406.342 -430.639 -446.381 -480.906 -517.484 -537.559 -526.156 -533.718 -540.158 -547.745 -555.440 -561.116 -565.822 -569.936 -571.229 -571.835 -572.773 -573.413 -574.339
-229.506 -221.585 -209.760 -194.747 -177.795 -152.426 -122.590 -102.952 -103.391 -111.881 -125.228 -127.268 -127.504 -127.181 -123.365 -119.638 -107.958 -95.574 -90.759 -90.278 -92.437 -90.669 -90.228 -90.397 -91.118 -89.349 -84.717 -82.979 -85.541 -97.686 -115.358 -133.470 -150.828 -159.541 -164.775 -166.177 -168.418 -176.967 -199.273 -230.489 -262.836 -286.313 -302.272 -313.559 -321.247 -327.359 -339.119 -360.799 -390.903 -415.527 -426.030 -431.844 -443.654 -473.391 -506.384 -526.454 -544.442 -556.032 -561.444 -562.936 -564.304 -565.872 -567.764
-117.609 -106.208 -91.235 -75.837 -64.837 -46.298 8.730 17.563 23.309 23.940 25.458 26.414 27.370 26.454 27.774 27.506 28.203 29.684 31.131 30.137 30.580 31.571 30.231 31.653 30.300 29.498 29.247 28.678 29.422 26.534 19.802 5.569 -47.113 -61.352 -70.317 -78.946 -87.653 -96.626 -110.793 -139.914 -173.271 -204.149 -218.957 -226.242 -231.090 -235.054 -246.893 -264.351 -286.969 -316.248 -347.829 -356.688 -369.116 -388.694 -404.096 -414.391 -436.996 -473.055 -508.115 -522.701 -537.143 -547.115 -552.756
11.034 21.295 29.407 33.013 31.411 32.984 31.557 33.040 31.076 32.969 29.388 30.991 28.722 24.475 15.669 17.193 18.008 20.655 23.211 22.299 22.818 25.218 24.631 19.222 16.372 14.485 14.437 21.365 23.472 24.649 24.684 24.451 24.311 23.994 24.142 23.823 24.102 19.236 11.588 -47.736 -80.924 -113.272 -137.848 -148.931 -148.937 -152.427 -158.170 -176.043 -201.386 -232.765 -265.647 -283.874 -295.078 -302.752 -310.802 -321.876 -350.056 -379.680 -403.262 -418.282 -437.007 -462.666 -492.855
37.033 33.977 33.431 28.304 25.715 23.744 23.352 20.539 21.750 19.366 16.282 13.014 7.963 -40.572 -58.974 -62.936 -59.027 -54.678 -50.671 -46.685 -37.323 5.120 -39.565 -53.210 -61.523 -64.350 -58.830 -53.918 -50.112 -49.845 -51.481 -53.374 -53.219 -54.609 -51.733 -38.509 13.679 21.533 21.334 21.258 21.277 20.978 -39.695 -65.010 -64.727 -69.013 -80.122 -101.109 -129.184 -158.036 -184.714 -212.184 -221.914 -227.563 -234.263 -241.887 -270.381 -299.698 -327.466 -348.343 -367.650 -386.650 -404.784
23.583 25.919 19.142 12.246 5.931 -37.844 -46.444 -50.352 -52.214 -53.112 -58.887 -66.527 -82.796 -101.524 -116.393 -124.054 -125.265 -119.430 -110.539 -101.910 -94.940 -94.469 -105.932 -118.073 -127.112 -127.728 -125.242 -117.470 -106.640 -104.778 -104.453 -108.491 -111.236 -115.589 -114.800 -103.730 -81.582 -64.913 -50.749 -37.149 8.405 13.906 20.752 20.730 20.548 20.674 16.558 4.382 -51.978 -78.083 -103.161 -135.247 -147.382 -153.349 -160.126 -165.569 -191.272 -223.500 -254.446 -280.968 -303.765 -322.910 -341.387
-51.298 -53.997 -60.789 -71.204 -83.737 -100.149 -108.772 -110.035 -109.219 -109.635 -115.853 -129.845 -147.433 -162.457 -177.258 -181.717 -185.793 -187.289 -176.381 -161.132 -154.920 -164.926 -174.468 -188.185 -196.294 -199.101 -197.763 -189.241 -172.888 -158.236 -158.008 -166.476 -174.371 -178.263 -179.036 -169.624 -148.732 -128.563 -113.567 -101.620 -88.965 -78.850 -69.012 -56.935 -38.757 9.156 19.618 20.013 19.841 19.847 4.393 -50.445 -69.216 -82.252 -91.697 -108.699 -132.453 -160.842 -187.970 -215.071 -236.275 -253.465 -274.994
-110.157 -115.744 -122.195 -131.731 -143.690 -156.136 -169.594 -173.230 -175.309 -173.600 -184.361 -195.826 -215.052 -229.864 -244.399 -251.824 -256.782 -261.227 -253.046 -236.816 -227.445 -242.121 -251.979 -265.194 -271.834 -275.067 -274.441 -266.311 -245.241 -228.379 -223.320 -231.410 -238.489 -241.721 -242.006 -236.582 -220.228 -200.059 -180.804 -166.502 -156.241 -147.415 -136.561 -121.389 -104.690 -84.097 -64.509 -40.537 8.886 16.747 22.345 22.053 22.146 14.497 6.237 -41.904 -65.774 -96.435 -127.139 -156.502 -176.167 -194.184 -210.137
-164.036 -169.884 -178.762 -216.432 -230.234 -245.665 -258.651 -262.762 -268.823 -271.231 -279.863 -286.666 -297.417 -311.035 -324.789 -336.408 -339.673 -342.620 -345.164 -335.886 -331.920 -334.898 -340.963 -347.306 -350.697 -352.809 -349.948 -339.815 -329.700 -319.979 -315.867 -321.123 -317.003 -312.329 -312.693 -299.812 -287.397 -271.379 -252.097 -232.058 -221.491 -212.881 -202.403 -187.086 -169.743 -151.033 -127.395 -101.444 -80.057 -67.271 -53.849 -36.542 11.963 22.100 24.750 24.885 19.384 -35.495 -65.753 -94.794 -116.977 -134.613 -150.638
-216.526 -221.794 -250.381 -287.661 -313.358 -327.247 -343.073 -349.871 -356.105 -372.710 -382.980 -389.593 -388.836 -397.444 -409.084 -418.292 -422.050 -424.325 -429.657 -431.001 -429.050 -423.937 -428.264 -430.433 -428.959 -430.398 -431.763 -426.759 -418.583 -413.675 -408.340 -403.005 -399.451 -394.716 -376.932 -365.971 -355.462 -340.098 -322.678 -304.139 -288.912 -278.836 -266.989 -250.227 -234.943 -215.071 -191.887 -164.193 -144.894 -130.067 -117.123 -102.252 -79.877 -57.854 -36.042 13.708 24.847 24.480 24.518 -33.563 -55.653 -74.668 -91.364
-296.736 -306.022 -339.069 -370.355 -394.490 -409.376 -424.281 -432.993 -449.912 -481.434 -501.809 -502.330 -497.573 -502.804 -516.412 -526.561 -532.733 -538.237 -544.331 -547.507 -544.686 -541.169 -540.688 -540.472 -539.162 -539.173 -539.605 -539.463 -533.578 -528.335 -521.715 -514.883 -507.128 -480.553 -452.179 -435.230 -421.409 -407.346 -389.880 -371.311 -356.382 -345.441 -331.330 -315.995 -299.215 -280.966 -257.979 -230.702 -209.150 -195.130 -181.815 -166.836 -146.045 -121.733 -96.937 -66.892 -39.310 7.978 19.200 29.030 28.586 14.007 -35.401
-379.640 -400.873 -426.647 -454.910 -489.901 -515.842 -532.475 -543.795 -553.446 -560.422 -564.118 -562.660 -561.425 -559.724 -562.468 -564.813 -565.854 -568.043 -569.941 -571.811 -570.488 -569.423 -567.292 -567.000 -566.650 -565.732 -566.110 -566.350 -567.336 -565.822 -564.416 -562.502 -557.492 -551.260 -543.152 -533.605 -519.932 -497.528 -465.952 -437.698 -419.242 -405.303 -390.553 -374.421 -359.906 -345.223 -327.040 -304.526 -284.530 -268.749 -251.258 -236.245 -213.236 -185.219 -158.453 -125.762 -101.094 -78.139 -60.773 -40.458 12.614 24.641 24.831
-500.087 -525.687 -546.073 -555.102 -560.123 -564.476 -567.746 -570.406 -573.576 -575.806 -577.969 -577.452 -576.346 -574.826 -575.943 -576.351 -576.509 -577.564 -578.611 -579.729 -579.476 -578.323 -576.875 -576.489 -575.977 -575.210 -575.203 -575.813 -576.748 -576.269 -575.088 -573.618 -571.138 -568.323 -565.220 -562.067 -557.867 -552.407 -545.009 -532.810 -513.372 -491.007 -459.352 -432.398 -416.933 -407.358 -394.851 -374.556 -359.920 -343.832 -326.792 -313.246 -288.311 -258.645 -222.351 -185.485 -153.007 -135.644 -119.132 -102.682 -76.621 -48.282 6.398
-565.839 -570.346 -572.686 -574.593 -576.360 -577.874 -579.352 -580.683 -581.804 -582.931 -584.282 -583.860 -583.107 -582.205 -582.127 -582.301 -582.417 -582.823 -583.511 -584.418 -583.924 -583.117 -582.244 -581.739 -581.395 -580.920 -581.171 -581.720 -582.388 -581.891 -580.933 -580.004 -578.783 -577.127 -575.229 -573.142 -570.652 -567.828 -564.133 -559.618 -554.056 -547.213 -537.765 -522.932 -510.376 -494.782 -476.681 -451.148 -432.191 -417.474 -400.853 -382.421 -358.656 -326.596 -292.501 -258.455 -224.301 -200.499 -181.393 -163.724 -139.318 -113.174 -87.557
-576.872 -579.178 -580.715 -581.835 -582.198 -582.913 -583.931 -584.365 -584.991 -586.046 -585.865 -585.702 -584.982 -585.026 -585.003 -585.179 -585.141 -585.308 -586.110 -585.666 -585.396 -584.703 -584.333 -583.958 -583.678 -583.479 -583.525 -584.115 -583.909 -583.584 -582.788 -582.302 -581.503 -580.158 -579.113 -577.714 -575.928 -573.843 -571.308 -568.207 -564.186 -559.849 -555.518 -553.208 -550.093 -547.434 -548.303 -541.784 -532.835 -520.058 -495.425 -462.403 -432.152 -402.805 -368.441 -333.136 -300.468 -266.670 -246.395 -224.175 -200.347 -175.380 -151.384
-583.068 -584.406 -585.513 -585.648 -585.970 -586.303 -586.660 -587.036 -587.541 -587.284 -587.346 -587.373 -587.384 -587.309 -587.224 -587.269 -587.316 -587.309 -586.982 -586.894 -586.840 -586.533 -586.207 -585.891 -585.838 -585.693 -585.621 -585.437 -585.377 -585.296 -584.844 -584.420 -583.905 -583.147 -582.328 -581.343 -579.977 -578.501 -576.703 -574.259 -571.349 -568.865 -567.651 -566.055 -565.292 -566.016 -566.634 -565.005 -562.813 -560.427 -555.439 -548.563 -536.769 -496.442 -440.200 -404.906 -374.680 -344.738 -319.201 -295.359 -272.725 -243.260 -217.646
-585.899 -586.797 -587.235 -587.362 -587.583 -587.771 -588.133 -588.462 -588.339 -588.367 -588.415 -588.492 -588.376 -588.309 -588.162 -588.237 -588.257 -588.179 -588.104 -588.030 -587.798 -587.561 -587.320 -586.832 -586.825 -586.717 -586.517 -586.488 -586.420 -586.355 -585.942 -585.586 -585.207 -584.563 -583.882 -583.045 -581.986 -580.574 -578.535 -576.481 -574.051 -571.729 -570.727 -570.156 -570.421 -570.975 -572.511 -572.529 -570.884 -570.534 -568.550 -565.157 -562.984 -553.802 -533.967 -502.282 -453.408 -421.296 -385.684 -363.241 -337.235 -309.652 -281.857
-587.846 -588.120 -588.561 -588.728 -588.889 -589.096 -589.298 -589.195 -589.273 -589.322 -589.328 -589.373 -589.294 -589.222 -589.136 -589.124 -589.058 -589.105 -589.032 -588.818 -588.687 -588.469 -588.143 -587.761 -587.735 -587.619 -587.511 -587.467 -587.360 -587.319 -587.006 -586.675 -586.353 -585.763 -585.139 -584.616 -583.529 -582.022 -580.297 -578.616 -576.613 -574.191 -574.047 -573.905 -573.857 -575.238 -576.782 -577.074 -576.735 -576.789 -575.651 -574.419 -573.252 -569.253 -564.569 -558.251 -546.767 -517.527 -460.959 -428.023 -401.647 -375.240 -351.831
