examples/3D/Borden05m2ooo/output-maps-METEOIO-OFF/psiliqL0002N0002.asc
ncols         160
nrows         34
xllcorner     620200.000000
yllcorner     5168000.000000
cellsize      0.500000
NODATA_value  -9999.0
[rows 0 to 27 of 34, columns 63 to 125 of 160]
-9999.000 -9999.000 -9999.000 -9999.000 -9999.000 -9999.000 -9999.000 -9999.000 -9999.000 -9999.000 -9999.000 -9999.000 -9999.000 -9999.000 -9999.000 -9999.000 -9999.000 -9999.000 -9999.000 -9999.000 -9999.000 -9999.000 -9999.000 -9999.000 -9999.000 -9999.000 -9999.000 -9999.000 -9999.000 -9999.000 -9999.000 -9999.000 -9999.000 -9999.000 -9999.000 -9999.000 -9999.000 -9999.000 -9999.000 -9999.000 -9999.000 -9999.000 -9999.000 -9999.000 -9999.000 -9999.000 -9999.000 -9999.000 -9999.000 -9999.000 -9999.000 -9999.000 -9999.000 -9999.000 -9999.000 -9999.000 -9999.000 -9999.000 -9999.000 -9999.000 -9999.000 -9999.000 -9999.000
-512.989 -513.618 -514.227 -514.452 -514.489 -514.561 -514.637 -514.303 -513.818 -513.342 -512.812 -512.696 -512.532 -512.346 -512.306 -512.412 -512.665 -512.896 -513.147 -513.175 -513.809 -514.579 -515.150 -515.308 -514.965 -514.677 -514.570 -514.185 -513.451 -512.672 -512.089 -511.131 -510.783 -510.326 -509.941 -510.317 -510.586 -510.837 -511.106 -512.074 -9999.000 -9999.000 -9999.000 -9999.000 -9999.000 -9999.000 -9999.000 -9999.000 -9999.000 -9999.000 -9999.000 -9999.000 -9999.000 -9999.000 -9999.000 -9999.000 -9999.000 -9999.000 -9999.000 -9999.000 -9999.000 -9999.000 -9999.000
-514.159 -514.782 -515.059 -515.432 -515.586 -515.593 -515.639 -515.431 -514.774 -514.246 -513.969 -513.867 -513.753 -513.793 -513.853 -513.863 -514.073 -514.298 -514.534 -514.637 -514.473 -515.012 -515.324 -515.537 -515.700 -515.553 -515.422 -515.252 -514.588 -514.090 -513.580 -512.479 -511.421 -510.991 -511.237 -511.674 -511.865 -512.264 -512.969 -513.660 -514.228 -514.659 -514.923 -515.229 -514.795 -514.510 -513.795 -513.080 -512.214 -511.192 -9999.000 -9999.000 -9999.000 -9999.000 -9999.000 -9999.000 -9999.000 -9999.000 -9999.000 -9999.000 -9999.000 -9999.000 -9999.000
-514.989 -515.218 -515.532 -515.951 -515.376 -515.362 -515.331 -515.162 -514.962 -514.799 -514.627 -514.333 -513.674 -513.558 -513.538 -513.523 -513.652 -513.890 -513.985 -514.161 -514.617 -514.628 -514.559 -514.614 -514.189 -514.137 -513.924 -514.548 -514.314 -513.923 -513.487 -513.047 -512.590 -512.231 -512.528 -512.477 -513.075 -514.075 -514.692 -515.100 -515.064 -515.133 -515.554 -516.452 -515.954 -514.845 -514.658 -514.525 -513.688 -512.819 -511.886 -511.813 -511.843 -511.841 -511.952 -513.034 -513.982 -514.819 -515.993 -9999.000 -9999.000 -9999.000 -9999.000
-514.857 -515.123 -515.398 -514.431 -513.861 -513.851 -513.663 -513.393 -513.424 -514.492 -514.702 -514.144 -513.454 -513.047 -513.108 -513.134 -513.328 -513.385 -513.380 -513.567 -513.440 -513.232 -513.306 -512.897 -512.468 -512.157 -512.939 -513.652 -513.603 -512.963 -512.325 -511.775 -510.816 -509.603 -509.731 -510.229 -510.904 -511.781 -513.524 -514.866 -515.523 -515.889 -516.277 -516.162 -516.383 -515.576 -515.523 -515.472 -514.890 -514.279 -513.612 -513.155 -513.180 -513.164 -513.271 -513.854 -514.795 -515.581 -516.333 -517.467 -518.574 -519.768 -519.739
-514.907 -514.754 -513.767 -512.890 -511.691 -511.629 -511.457 -511.511 -512.436 -513.218 -513.602 -512.319 -510.957 -510.267 -510.283 -510.366 -509.406 -509.704 -509.945 -510.553 -510.308 -510.178 -508.916 -508.191 -507.424 -507.687 -508.991 -510.112 -510.258 -510.091 -509.955 -509.388 -508.299 -507.096 -507.724 -508.439 -509.234 -511.921 -513.969 -514.973 -514.679 -514.486 -514.748 -514.879 -514.978 -515.557 -515.510 -515.467 -515.593 -514.792 -513.910 -513.676 -514.177 -514.465 -514.483 -514.947 -515.441 -516.223 -517.018 -517.729 -519.118 -519.036 -519.558
-511.746 -511.090 -510.034 -508.299 -505.465 -505.288 -504.878 -504.226 -505.709 -507.160 -508.720 -506.784 -505.818 -504.705 -504.394 -502.622 -501.022 -501.953 -503.341 -504.801 -503.869 -501.692 -499.287 -498.353 -497.882 -497.677 -499.411 -500.162 -500.624 -500.528 -501.260 -500.857 -498.934 -495.899 -495.673 -497.635 -501.298 -506.061 -509.830 -511.796 -511.038 -511.661 -512.113 -512.249 -513.371 -514.119 -513.862 -514.578 -515.001 -514.078 -513.736 -513.656 -514.308 -513.639 -514.126 -515.314 -516.263 -516.976 -517.573 -518.269 -518.344 -518.709 -519.112
-507.851 -506.953 -504.643 -501.207 -496.952 -494.197 -491.604 -489.052 -491.392 -493.900 -496.154 -495.376 -492.457 -489.201 -484.981 -480.000 -474.645 -475.971 -478.912 -479.462 -478.090 -472.034 -465.647 -462.523 -460.468 -457.001 -459.744 -464.288 -469.019 -473.315 -476.789 -478.989 -473.981 -467.984 -468.994 -479.384 -488.141 -495.920 -502.061 -506.850 -507.271 -507.144 -507.045 -508.812 -510.160 -511.772 -512.559 -513.024 -514.148 -513.672 -513.335 -512.485 -511.488 -511.420 -512.789 -513.915 -515.073 -516.098 -516.871 -516.961 -517.148 -517.634 -517.971
-486.551 -484.643 -479.942 -466.798 -440.217 -396.842 -357.523 -352.888 -361.869 -381.993 -410.451 -422.295 -401.978 -374.660 -355.751 -349.788 -345.386 -341.914 -342.165 -342.173 -341.300 -340.504 -338.381 -335.536 -332.589 -329.106 -327.809 -332.123 -336.036 -340.131 -343.819 -344.361 -345.635 -343.068 -343.231 -352.742 -379.560 -434.056 -463.847 -478.880 -487.731 -488.484 -492.049 -495.495 -499.252 -504.882 -507.032 -508.582 -511.635 -511.967 -511.004 -509.628 -508.670 -510.454 -511.785 -513.152 -514.501 -515.731 -515.945 -515.915 -516.025 -516.324 -516.424
-359.071 -353.761 -351.487 -338.635 -319.862 -296.449 -275.576 -268.162 -276.152 -286.130 -296.920 -304.522 -302.485 -290.679 -277.649 -266.706 -260.016 -257.855 -259.365 -259.370 -258.867 -256.961 -256.143 -253.683 -249.358 -241.415 -230.565 -232.086 -244.599 -254.034 -265.220 -269.411 -270.738 -274.722 -275.003 -274.886 -293.444 -314.614 -333.219 -347.787 -359.743 -401.610 -434.823 -453.501 -474.707 -489.017 -497.998 -503.146 -507.063 -507.634 -503.909 -499.540 -501.398 -502.921 -505.169 -508.066 -510.444 -512.665 -513.057 -513.205 -513.599 -514.027 -514.407
-277.277 -272.669 -267.303 -255.701 -229.491 -198.516 -172.397 -166.714 -173.198 -183.019 -194.028 -201.385 -203.412 -199.012 -191.986 -180.977 -170.935 -160.444 -159.952 -159.767 -160.615 -159.327 -158.395 -158.484 -154.493 -146.242 -138.050 -135.327 -143.164 -157.116 -172.774 -181.317 -188.914 -195.715 -197.597 -197.683 -198.168 -215.632 -240.809 -270.973 -291.028 -309.616 -321.018 -330.688 -337.310 -355.403 -382.335 -436.809 -465.329 -479.777 -471.353 -477.064 -482.020 -487.470 -493.527 -498.378 -502.467 -506.047 -507.128 -507.659 -508.483 -509.053 -509.860
-182.415 -175.255 -164.223 -149.954 -132.711 -105.619 -81.381 -63.710 -64.898 -74.038 -87.528 -89.721 -89.520 -88.951 -84.771 -81.087 -69.311 -57.074 -52.262 -52.058 -54.272 -53.004 -52.371 -52.997 -53.623 -52.144 -47.224 -45.179 -47.352 -58.482 -75.059 -90.630 -101.591 -111.959 -118.461 -120.740 -123.517 -131.812 -152.453 -180.537 -210.875 -233.116 -247.909 -257.854 -264.048 -268.857 -281.615 -303.892 -327.422 -343.723 -350.664 -356.192 -380.374 -429.840 -457.997 -471.360 -485.361 -494.634 -498.787 -499.964 -501.053 -502.357 -504.001
-77.075 -66.670 -51.721 -36.283 -21.529 19.866 35.866 44.268 50.832 50.101 52.902 52.468 54.629 52.221 54.546 53.183 54.983 55.531 58.070 55.585 57.899 55.684 58.141 55.935 57.491 53.960 55.436 54.665 53.813 53.152 44.519 30.944 20.332 -15.459 -28.049 -38.149 -47.889 -56.625 -68.810 -91.537 -125.953 -156.744 -170.421 -177.718 -182.677 -186.726 -198.800 -215.761 -235.329 -259.055 -284.550 -291.268 -303.787 -323.169 -336.042 -343.071 -362.131 -428.269 -459.496 -469.009 -479.828 -487.151 -491.313
38.655 47.351 59.050 57.997 61.058 60.402 58.940 61.836 57.607 61.849 55.698 59.306 55.297 52.069 41.966 44.138 44.482 47.899 49.608 49.682 48.637 53.135 49.888 46.343 41.816 40.859 40.410 47.103 50.597 49.503 51.565 49.917 50.296 49.138 49.101 48.867 48.318 44.109 35.938 17.976 -36.496 -70.464 -90.224 -103.450 -104.798 -109.062 -115.136 -132.584 -156.177 -184.805 -214.363 -230.149 -240.139 -247.120 -253.928 -262.722 -286.834 -315.680 -335.142 -345.814 -363.478 -416.986 -449.133
62.313 66.006 57.991 58.646 51.444 51.563 51.401 47.595 49.972 46.346 44.106 39.802 34.961 24.913 -13.358 -14.922 17.805 21.310 24.565 26.744 29.504 31.226 27.211 20.034 -13.058 -14.995 17.909 22.110 25.891 26.381 24.886 23.007 23.356 21.316 21.766 27.073 38.588 45.928 46.336 46.052 45.326 45.108 24.729 -21.940 -25.081 -30.812 -42.347 -62.865 -88.629 -115.565 -140.331 -165.875 -174.362 -179.117 -184.675 -190.643 -216.745 -243.453 -267.199 -283.751 -299.829 -319.373 -335.494
52.982 52.327 47.905 39.069 33.303 27.209 25.831 24.365 23.621 23.498 18.453 -18.882 -38.728 -52.890 -68.677 -74.427 -70.167 -62.775 -53.839 -46.335 -42.202 -46.940 -53.621 -64.146 -76.045 -75.840 -68.553 -59.342 -48.014 -45.943 -45.511 -49.514 -52.382 -57.435 -58.437 -51.186 -35.896 -17.804 19.819 26.367 32.662 37.856 44.699 44.270 44.320 43.986 40.064 27.288 -17.342 -41.314 -64.810 -94.175 -104.760 -109.517 -114.690 -117.765 -141.998 -172.545 -201.296 -225.044 -244.989 -261.783 -277.268
25.445 22.970 17.759 -22.123 -37.786 -48.519 -53.961 -53.857 -52.714 -53.612 -61.539 -80.975 -100.217 -114.292 -128.297 -131.309 -133.405 -133.943 -122.969 -108.327 -103.213 -114.263 -122.711 -135.568 -143.638 -145.804 -143.172 -134.135 -117.752 -103.187 -103.031 -111.536 -119.546 -123.826 -125.526 -117.790 -98.917 -78.630 -60.967 -51.429 -45.788 -37.792 -27.843 -13.472 23.376 32.826 43.096 43.648 43.144 42.767 27.048 -15.309 -32.121 -43.899 -50.954 -61.511 -85.146 -112.091 -138.139 -163.854 -183.620 -199.148 -218.405
-52.337 -58.323 -66.133 -80.858 -94.235 -105.372 -117.515 -120.600 -122.931 -121.990 -133.815 -146.624 -165.963 -179.694 -192.642 -198.435 -202.031 -205.705 -197.695 -182.304 -173.605 -188.181 -197.052 -209.068 -214.937 -217.633 -216.860 -209.388 -189.480 -173.488 -168.853 -176.968 -184.008 -187.245 -187.772 -183.074 -167.792 -148.296 -129.305 -116.361 -108.404 -100.878 -90.385 -74.808 -56.932 -41.717 -21.605 19.846 32.108 39.948 45.353 45.134 44.840 37.111 28.834 19.328 -20.879 -48.074 -79.212 -107.422 -126.392 -143.395 -157.811
-110.666 -116.697 -126.028 -164.613 -178.434 -192.840 -204.616 -208.484 -215.370 -218.899 -227.822 -234.230 -243.675 -254.831 -265.508 -274.265 -276.038 -277.976 -279.940 -271.854 -268.724 -271.492 -276.286 -281.215 -283.809 -285.477 -283.192 -275.142 -267.436 -259.716 -256.670 -261.877 -258.129 -253.516 -253.603 -241.305 -230.120 -215.709 -197.902 -179.240 -169.971 -162.348 -152.543 -137.726 -121.005 -104.016 -80.982 -54.442 -38.745 -27.310 -11.933 22.997 34.791 44.776 47.703 47.768 41.701 24.352 -20.828 -46.503 -69.560 -86.633 -100.702
-164.136 -169.010 -196.465 -232.100 -255.830 -267.332 -280.223 -286.340 -295.198 -313.042 -322.201 -326.940 -325.690 -331.527 -339.296 -345.121 -347.213 -348.359 -351.859 -352.675 -351.429 -347.818 -350.994 -352.474 -351.352 -352.404 -353.480 -350.147 -344.793 -341.881 -338.537 -335.002 -332.556 -328.097 -310.957 -298.509 -289.178 -276.670 -261.903 -245.214 -231.573 -222.781 -212.152 -196.635 -182.694 -164.409 -142.551 -115.954 -98.546 -84.616 -71.469 -55.404 -37.950 -15.270 22.344 36.106 47.305 47.096 46.535 25.298 -12.277 -31.745 -42.675
-241.568 -249.022 -277.506 -306.046 -328.483 -339.486 -349.569 -357.357 -391.289 -437.750 -454.403 -454.238 -450.385 -454.319 -464.181 -471.385 -475.916 -480.226 -485.282 -488.022 -485.586 -482.586 -482.271 -482.258 -481.256 -481.312 -481.633 -481.227 -476.483 -472.486 -467.763 -463.176 -458.531 -438.178 -399.975 -362.395 -348.107 -337.588 -322.652 -303.565 -289.993 -280.917 -268.746 -255.072 -240.538 -224.809 -204.274 -178.982 -158.887 -145.859 -133.150 -118.646 -99.228 -75.130 -49.181 -22.224 19.990 29.961 41.378 50.950 50.804 35.290 24.127
-318.166 -333.722 -353.196 -396.291 -445.827 -464.314 -476.013 -484.997 -493.097 -498.653 -501.719 -500.412 -499.294 -497.658 -499.924 -501.882 -502.759 -504.697 -506.376 -508.045 -506.924 -505.928 -503.950 -503.636 -503.301 -502.455 -502.771 -503.027 -504.023 -502.737 -501.491 -499.785 -495.397 -490.354 -484.270 -477.307 -467.636 -452.885 -422.960 -368.776 -347.293 -335.957 -322.323 -305.047 -292.551 -280.887 -266.048 -246.424 -228.237 -214.181 -198.302 -184.496 -162.750 -135.725 -109.582 -77.962 -53.136 -35.535 -17.668 18.314 34.000 46.242 46.289
-452.601 -470.686 -486.653 -494.489 -498.300 -501.904 -504.719 -507.064 -509.819 -511.768 -513.688 -513.232 -512.207 -510.841 -511.689 -511.995 -512.134 -513.040 -513.974 -514.950 -514.723 -513.676 -512.381 -511.973 -511.493 -510.816 -510.816 -511.393 -512.222 -511.806 -510.726 -509.394 -507.222 -504.716 -501.955 -499.152 -495.495 -490.960 -485.334 -476.723 -463.343 -448.554 -414.828 -360.869 -345.160 -337.804 -327.805 -308.972 -293.582 -280.040 -266.129 -254.622 -231.979 -204.946 -170.650 -135.310 -103.906 -88.216 -72.245 -55.549 -35.990 -11.859 27.358
-503.249 -507.100 -509.014 -510.669 -512.176 -513.483 -514.799 -515.943 -516.890 -517.883 -518.913 -518.535 -517.875 -517.151 -517.018 -517.156 -517.255 -517.587 -518.194 -518.861 -518.417 -517.714 -516.967 -516.492 -516.177 -515.781 -515.997 -516.489 -517.004 -516.568 -515.723 -514.909 -513.850 -512.378 -510.697 -508.823 -506.587 -504.053 -500.758 -496.778 -492.001 -486.447 -479.733 -469.719 -461.334 -450.875 -435.915 -398.329 -357.724 -345.112 -332.993 -316.514 -293.051 -265.712 -235.277 -204.379 -172.338 -149.958 -131.801 -115.141 -93.171 -69.489 -47.147
-512.585 -514.629 -516.015 -516.934 -517.226 -517.833 -518.682 -519.047 -519.578 -520.346 -520.118 -520.003 -519.452 -519.519 -519.491 -519.627 -519.594 -519.708 -520.293 -519.860 -519.636 -519.062 -518.737 -518.399 -518.158 -517.992 -518.011 -518.465 -518.260 -517.990 -517.314 -516.880 -516.190 -515.022 -514.087 -512.845 -511.247 -509.376 -507.102 -504.310 -500.700 -496.835 -493.062 -491.148 -488.622 -486.678 -487.811 -483.248 -476.681 -467.701 -451.286 -415.731 -358.468 -334.150 -301.625 -271.624 -242.825 -211.671 -193.037 -172.219 -150.101 -126.868 -104.557
-517.977 -519.141 -520.046 -520.129 -520.416 -520.691 -520.980 -521.300 -521.642 -521.361 -521.410 -521.455 -521.502 -521.435 -521.347 -521.373 -521.406 -521.366 -521.036 -520.952 -520.893 -520.643 -520.353 -520.054 -520.002 -519.874 -519.787 -519.604 -519.545 -519.477 -519.097 -518.719 -518.273 -517.616 -516.885 -516.009 -514.796 -513.461 -511.830 -509.640 -507.025 -504.774 -503.684 -502.283 -501.652 -502.339 -502.929 -501.587 -499.694 -497.718 -493.652 -488.449 -479.890 -451.828 -367.718 -336.689 -309.084 -281.430 -258.897 -237.287 -217.101 -189.973 -166.140
-520.364 -521.075 -521.414 -521.542 -521.740 -521.907 -522.195 -522.413 -522.277 -522.303 -522.339 -522.409 -522.315 -522.252 -522.123 -522.169 -522.169 -522.095 -522.023 -521.938 -521.733 -521.523 -521.297 -520.865 -520.836 -520.735 -520.558 -520.523 -520.457 -520.397 -520.050 -519.734 -519.402 -518.839 -518.232 -517.493 -516.545 -515.277 -513.458 -511.610 -509.429 -507.320 -506.411 -505.915 -506.153 -506.691 -508.079 -508.135 -506.735 -506.440 -504.734 -501.777 -499.925 -492.442 -477.811 -456.193 -396.512 -350.358 -318.556 -296.246 -273.905 -249.637 -224.646
-521.951 -522.159 -522.527 -522.692 -522.835 -522.987 -523.103 -522.997 -523.049 -523.078 -523.081 -523.124 -523.074 -523.007 -522.934 -522.910 -522.846 -522.853 -522.772 -522.587 -522.477 -522.285 -521.999 -521.661 -521.606 -521.499 -521.393 -521.338 -521.242 -521.204 -520.945 -520.659 -520.395 -519.890 -519.338 -518.842 -517.882 -516.549 -515.002 -513.483 -511.687 -509.516 -509.357 -509.235 -509.210 -510.461 -511.823 -512.141 -511.873 -511.907 -511.019 -509.950 -508.907 -505.495 -501.455 -496.141 -487.384 -466.774 -412.513 -355.766 -332.898 -307.569 -286.230
