examples/3D/Borden05m2ooo/output-maps-METEOIO-OFF/psiliqL0004N0002.asc
ncols         160
nrows         34
xllcorner     620200.000000
yllcorner     5168000.000000
cellsize      0.500000
NODATA_value  -9999.0
[rows 0 to 27 of 34, columns 0 to 63 of 160]
-9999.000 -9999.000 -9999.000 -9999.000 -9999.000 -9999.000 -9999.000 -9999.000 -9999.000 -9999.000 -9999.000 -9999.000 -9999.000 -9999.000 -9999.000 -9999.000 -9999.000 -9999.000 -9999.000 -9999.000 -9999.000 -9999.000 -9999.000 -9999.000 -9999.000 -9999.000 -9999.000 -9999.000 -9999.000 -9999.000 -9999.000 -9999.000 -9999.000 -9999.000 -9999.000 -9999.000 -9999.000 -9999.000 -9999.000 -9999.000 -9999.000 -9999.000 -9999.000 -9999.000 -9999.000 -9999.000 -9999.000 -9999.000 -9999.000 -9999.000 -9999.000 -9999.000 -9999.000 -9999.000 -9999.000 -9999.000 -9999.000 -9999.000 -9999.000 -9999.000 -9999.000 -9999.000 -9999.000 -9999.000
-9999.000 -9999.000 -9999.000 -9999.000 -9999.000 -9999.000 -9999.000 -9999.000 -9999.000 -9999.000 -9999.000 -9999.000 -9999.000 -9999.000 -9999.000 -9999.000 -9999.000 -9999.000 -9999.000 -9999.000 -9999.000 -9999.000 -9999.000 -9999.000 -9999.000 -9999.000 -9999.000 -9999.000 -9999.000 -9999.000 -9999.000 -9999.000 -9999.000 -9999.000 -9999.000 -9999.000 -9999.000 -9999.000 -9999.000 -9999.000 -9999.000 -9999.000 -9999.000 -9999.000 -9999.000 -9999.000 -9999.000 -9999.000 -9999.000 -9999.000 -9999.000 -9999.000 -9999.000 -9999.000 -9999.000 -9999.000 -9999.000 -9999.000 -9999.000 -550.296 -551.946 -553.483 -554.856 -557.325
-9999.000 -9999.000 -9999.000 -9999.000 -9999.000 -9999.000 -9999.000 -9999.000 -9999.000 -9999.000 -9999.000 -9999.000 -9999.000 -9999.000 -9999.000 -9999.000 -9999.000 -9999.000 -9999.000 -9999.000 -9999.000 -9999.000 -9999.000 -9999.000 -9999.000 -9999.000 -9999.000 -9999.000 -9999.000 -9999.000 -9999.000 -9999.000 -9999.000 -9999.000 -9999.000 -9999.000 -9999.000 -9999.000 -9999.000 -9999.000 -9999.000 -9999.000 -9999.000 -9999.000 -9999.000 -9999.000 -9999.000 -576.969 -579.736 -582.223 -582.686 -579.269 -575.808 -571.851 -568.098 -564.367 -560.175 -555.215 -554.401 -557.658 -558.783 -559.598 -560.120 -561.401
-9999.000 -9999.000 -9999.000 -9999.000 -9999.000 -9999.000 -9999.000 -9999.000 -9999.000 -9999.000 -9999.000 -9999.000 -9999.000 -9999.000 -9999.000 -9999.000 -9999.000 -9999.000 -9999.000 -9999.000 -9999.000 -9999.000 -9999.000 -9999.000 -9999.000 -9999.000 -9999.000 -9999.000 -9999.000 -9999.000 -9999.000 -9999.000 -9999.000 -9999.000 -9999.000 -9999.000 -9999.000 -9999.000 -9999.000 -9999.000 -569.023 -567.803 -567.389 -569.723 -571.842 -573.808 -577.144 -579.967 -582.245 -582.388 -582.066 -581.849 -578.491 -574.599 -571.355 -568.267 -564.287 -559.560 -558.964 -561.813 -563.914 -564.993 -565.005 -564.392
-9999.000 -9999.000 -9999.000 -9999.000 -9999.000 -9999.000 -9999.000 -9999.000 -9999.000 -9999.000 -9999.000 -9999.000 -9999.000 -9999.000 -9999.000 -9999.000 -9999.000 -9999.000 -9999.000 -9999.000 -9999.000 -9999.000 -9999.000 -9999.000 -9999.000 -9999.000 -9999.000 -9999.000 -9999.000 -9999.000 -9999.000 -9999.000 -9999.000 -9999.000 -583.334 -580.872 -578.376 -575.633 -572.798 -571.789 -570.866 -569.678 -570.635 -571.472 -573.626 -576.941 -580.052 -582.053 -582.050 -582.508 -582.069 -580.286 -577.998 -575.663 -572.115 -567.569 -566.163 -563.759 -563.252 -564.519 -564.149 -563.784 -563.472 -563.985
-9999.000 -9999.000 -9999.000 -9999.000 -9999.000 -9999.000 -9999.000 -9999.000 -9999.000 -9999.000 -9999.000 -9999.000 -9999.000 -9999.000 -9999.000 -9999.000 -9999.000 -9999.000 -9999.000 -9999.000 -9999.000 -9999.000 -9999.000 -9999.000 -9999.000 -9999.000 -9999.000 -9999.000 -582.248 -583.086 -583.791 -583.974 -584.172 -584.491 -583.742 -582.350 -579.914 -576.643 -574.693 -573.615 -572.560 -572.558 -573.658 -574.129 -573.879 -576.024 -577.824 -579.477 -581.354 -581.704 -580.327 -578.312 -575.875 -573.605 -571.114 -569.070 -566.103 -561.191 -559.331 -561.084 -562.565 -563.431 -563.354 -563.448
-9999.000 -9999.000 -9999.000 -9999.000 -9999.000 -9999.000 -9999.000 -9999.000 -9999.000 -9999.000 -9999.000 -9999.000 -9999.000 -9999.000 -9999.000 -9999.000 -9999.000 -9999.000 -9999.000 -9999.000 -9999.000 -9999.000 -9999.000 -585.743 -585.010 -584.298 -583.374 -583.323 -584.056 -584.830 -585.244 -585.493 -585.859 -585.414 -584.580 -582.947 -580.991 -577.766 -576.768 -576.004 -573.848 -573.616 -572.623 -571.826 -572.351 -572.804 -575.298 -577.098 -576.034 -575.107 -574.214 -573.173 -570.955 -568.152 -564.683 -560.136 -554.793 -549.642 -544.577 -546.887 -549.659 -553.214 -553.177 -552.349
-9999.000 -9999.000 -9999.000 -9999.000 -9999.000 -9999.000 -9999.000 -9999.000 -9999.000 -9999.000 -9999.000 -9999.000 -9999.000 -9999.000 -9999.000 -9999.000 -9999.000 -9999.000 -9999.000 -588.216 -588.149 -588.122 -587.627 -587.810 -587.724 -586.989 -586.033 -585.903 -586.239 -586.541 -586.403 -586.129 -585.762 -584.380 -582.678 -580.941 -579.264 -576.114 -573.829 -571.515 -568.369 -568.981 -570.147 -570.799 -570.841 -571.033 -569.989 -569.441 -568.500 -567.697 -566.536 -564.810 -562.696 -558.441 -553.421 -547.982 -542.401 -536.400 -529.584 -531.429 -536.142 -540.959 -541.115 -538.259
-9999.000 -9999.000 -9999.000 -9999.000 -9999.000 -9999.000 -9999.000 -9999.000 -9999.000 -9999.000 -9999.000 -9999.000 -9999.000 -9999.000 -9999.000 -9999.000 -590.827 -590.668 -590.542 -590.213 -590.101 -589.742 -589.002 -589.088 -588.833 -588.140 -587.835 -586.899 -586.009 -585.155 -584.501 -584.421 -583.613 -582.605 -581.249 -579.274 -575.950 -572.148 -569.414 -566.227 -562.606 -562.952 -563.441 -563.374 -563.595 -562.104 -557.644 -556.532 -556.327 -551.095 -547.078 -545.995 -544.278 -538.674 -530.466 -520.063 -505.223 -493.581 -481.450 -477.114 -486.535 -489.149 -486.071 -478.536
-9999.000 -9999.000 -9999.000 -9999.000 -9999.000 -9999.000 -9999.000 -9999.000 -9999.000 -9999.000 -9999.000 -9999.000 -9999.000 -594.448 -594.175 -593.421 -592.912 -592.851 -592.582 -592.309 -591.101 -590.959 -590.546 -589.887 -588.620 -587.881 -587.028 -585.752 -585.002 -584.337 -583.659 -583.230 -581.517 -579.450 -577.223 -573.979 -570.255 -566.400 -561.957 -558.736 -555.439 -554.922 -555.871 -555.787 -553.828 -548.690 -543.088 -539.403 -531.483 -522.212 -516.433 -510.598 -506.680 -501.040 -489.969 -462.941 -424.762 -378.985 -342.695 -312.291 -308.081 -302.526 -296.381 -286.936
-9999.000 -9999.000 -9999.000 -9999.000 -9999.000 -9999.000 -9999.000 -9999.000 -9999.000 -9999.000 -596.591 -596.344 -596.698 -597.164 -596.977 -596.166 -595.145 -594.896 -594.109 -592.185 -590.557 -590.724 -589.250 -588.365 -587.967 -586.969 -585.572 -584.277 -582.126 -580.620 -579.155 -575.940 -573.415 -570.672 -567.447 -563.514 -559.082 -551.250 -543.262 -539.324 -530.614 -525.082 -527.350 -528.009 -525.568 -518.364 -507.129 -491.359 -473.922 -449.078 -424.283 -404.358 -387.044 -363.130 -327.246 -285.725 -263.150 -243.800 -223.522 -209.946 -204.673 -202.338 -199.105 -192.992
-9999.000 -9999.000 -9999.000 -9999.000 -9999.000 -9999.000 -9999.000 -9999.000 -598.300 -597.650 -597.234 -597.593 -597.964 -598.687 -597.770 -596.796 -595.787 -594.482 -593.337 -591.928 -590.969 -589.442 -587.392 -586.409 -585.213 -583.409 -581.898 -579.630 -576.490 -574.665 -571.638 -567.624 -563.743 -559.860 -555.549 -551.080 -542.508 -530.663 -517.645 -506.157 -491.102 -473.836 -472.690 -469.543 -464.978 -440.563 -399.385 -334.873 -287.223 -269.775 -253.925 -244.612 -237.339 -226.636 -211.631 -198.385 -183.180 -161.943 -137.398 -118.645 -107.524 -105.095 -101.479 -94.795
-9999.000 -9999.000 -9999.000 -9999.000 -9999.000 -9999.000 -599.907 -598.366 -597.336 -598.273 -599.391 -599.711 -600.275 -598.155 -596.512 -595.493 -594.395 -593.132 -591.949 -591.502 -587.802 -586.277 -584.992 -582.716 -581.007 -579.179 -576.645 -572.714 -568.761 -561.691 -554.460 -547.033 -538.625 -532.021 -525.372 -517.760 -502.552 -479.236 -447.303 -409.509 -358.168 -303.223 -284.249 -279.368 -275.459 -267.371 -249.809 -226.571 -199.347 -176.993 -160.564 -153.140 -145.016 -134.453 -121.069 -108.946 -98.626 -78.362 -55.286 -29.548 -7.653 -0.365 6.829 11.127
-9999.000 -9999.000 -9999.000 -9999.000 -601.175 -600.193 -599.396 -597.501 -595.962 -596.892 -596.254 -596.477 -596.883 -596.885 -596.780 -595.458 -594.093 -592.617 -591.415 -587.658 -582.295 -580.865 -577.065 -571.371 -569.243 -566.468 -563.475 -558.290 -550.612 -539.976 -521.791 -503.043 -487.721 -470.767 -453.193 -428.515 -379.981 -304.406 -274.395 -253.548 -231.306 -210.044 -196.818 -191.363 -184.374 -175.646 -162.492 -141.344 -116.866 -90.525 -69.055 -55.381 -47.075 -35.098 -18.995 -5.457 5.867 18.671 36.964 63.471 100.754 110.002 117.246 121.296
-9999.000 -9999.000 -9999.000 -603.574 -601.685 -599.840 -598.840 -597.079 -594.721 -594.906 -594.321 -594.239 -594.131 -593.546 -593.068 -591.589 -590.165 -588.784 -586.508 -581.949 -577.030 -571.376 -564.984 -558.047 -552.021 -547.829 -543.011 -534.970 -518.934 -498.019 -459.125 -397.069 -323.839 -285.983 -273.989 -260.571 -245.037 -218.172 -194.591 -172.422 -147.911 -125.876 -107.280 -100.773 -95.054 -88.070 -72.349 -51.983 -28.971 -3.692 21.188 40.323 52.932 65.578 101.195 114.394 124.083 133.850 144.554 143.868 147.523 146.043 149.239 148.747
-9999.000 -9999.000 -605.039 -603.512 -602.725 -600.562 -597.386 -595.415 -591.986 -589.929 -589.903 -588.086 -586.368 -586.021 -584.095 -581.874 -579.695 -579.489 -577.727 -572.017 -560.191 -546.635 -535.968 -510.025 -489.886 -476.208 -467.930 -447.797 -410.407 -323.043 -276.839 -246.353 -215.212 -188.806 -178.118 -166.700 -149.654 -133.900 -109.270 -84.199 -58.418 -33.211 -8.776 0.960 5.084 18.266 38.155 62.373 102.653 120.299 136.770 136.622 138.493 137.956 140.977 140.800 140.641 141.419 137.720 133.776 127.833 127.933 130.887 138.170
-9999.000 -9999.000 -606.296 -604.479 -603.924 -600.905 -595.318 -593.322 -589.348 -583.779 -581.757 -578.440 -576.439 -574.101 -569.570 -564.157 -563.557 -563.118 -564.414 -549.341 -529.383 -496.751 -429.578 -339.064 -286.774 -279.837 -277.260 -268.822 -254.026 -219.794 -180.712 -142.454 -105.212 -77.806 -62.032 -45.696 -29.107 -14.159 0.031 29.550 49.088 73.980 114.341 132.142 137.055 138.176 138.098 137.998 140.714 140.640 139.473 137.609 135.636 137.287 137.125 133.458 126.967 119.799 114.981 108.696 103.149 101.992 104.790 108.363
-9999.000 -608.568 -607.360 -606.364 -603.875 -601.466 -596.263 -588.307 -581.579 -574.702 -569.820 -567.263 -553.569 -537.158 -527.428 -513.077 -516.038 -518.921 -524.385 -502.779 -459.122 -322.412 -243.369 -199.836 -173.440 -169.188 -172.172 -160.868 -138.878 -103.617 -48.588 -13.844 24.298 54.747 71.433 96.872 109.383 123.753 138.527 140.544 142.506 142.497 141.102 139.930 141.684 140.142 137.707 132.341 124.428 117.946 113.680 109.132 111.255 114.355 115.650 108.912 100.390 72.329 60.148 51.975 45.599 41.323 38.920 36.945
-9999.000 -610.061 -608.551 -606.617 -604.690 -603.314 -595.676 -576.735 -568.924 -561.877 -555.464 -541.135 -497.410 -442.787 -397.112 -337.034 -341.030 -363.541 -361.744 -300.762 -267.013 -214.479 -119.983 -43.540 -37.139 -26.051 -17.165 3.196 29.791 57.976 103.483 124.952 129.206 130.109 131.220 133.396 133.494 134.131 130.207 127.025 121.232 121.591 126.099 126.267 122.027 119.063 113.432 105.899 99.273 72.716 64.356 59.455 57.440 57.810 53.939 47.891 37.727 23.362 12.049 1.288 -9.062 -14.852 -14.570 -21.208
-9999.000 -610.898 -608.640 -607.802 -608.161 -602.842 -591.869 -571.194 -548.697 -537.954 -516.801 -444.205 -305.393 -259.465 -232.431 -212.679 -200.043 -203.715 -188.073 -146.818 -88.994 -28.154 21.244 104.757 113.584 114.289 113.265 112.179 112.468 113.304 115.354 114.568 119.029 121.576 120.625 118.100 113.990 106.752 101.909 98.384 73.748 73.988 98.334 98.497 73.302 64.003 57.546 50.490 42.290 29.900 23.123 17.912 15.209 10.939 6.297 0.615 -11.432 -24.780 -38.215 -49.881 -61.215 -71.989 -71.664 -75.219
-9999.000 -615.252 -612.198 -613.917 -612.580 -601.525 -589.563 -558.600 -509.097 -480.579 -353.655 -268.635 -204.985 -164.281 -129.866 -84.842 -43.060 -15.180 11.380 25.824 97.786 115.396 117.895 121.396 114.187 114.518 105.443 56.840 40.173 32.684 35.227 43.253 49.906 56.438 55.175 55.855 55.544 52.349 49.113 40.755 29.472 24.939 28.666 33.912 23.585 17.042 9.965 1.504 -7.950 -17.534 -26.110 -33.338 -36.456 -41.802 -42.663 -48.482 -71.468 -87.310 -100.705 -113.818 -127.460 -145.984 -148.363 -154.623
-9999.000 -616.242 -615.679 -616.738 -614.818 -606.132 -592.436 -552.241 -455.740 -324.068 -251.134 -217.376 -170.399 -116.076 -55.033 -5.882 81.698 87.745 84.997 24.453 -4.751 -11.039 3.799 26.166 35.061 37.822 26.749 8.049 -1.832 -3.338 -3.425 -2.242 -1.444 -1.903 -4.468 -2.939 1.429 -3.061 -9.250 -15.600 -21.847 -28.252 -31.748 -34.006 -37.504 -39.062 -46.633 -56.756 -66.979 -75.120 -82.980 -88.947 -90.644 -94.153 -98.526 -106.311 -128.168 -148.781 -165.372 -181.961 -206.468 -219.840 -229.607 -237.943
-9999.000 -620.341 -616.114 -617.127 -616.770 -612.579 -605.339 -581.585 -531.216 -348.420 -207.772 -186.436 -170.260 -138.625 -81.420 -23.360 -0.873 -26.955 -55.259 -83.159 -88.167 -81.360 -67.151 -46.375 -31.335 -23.942 -25.762 -36.231 -49.886 -56.601 -59.435 -65.526 -70.093 -69.832 -71.487 -66.739 -62.960 -70.528 -80.421 -92.144 -102.254 -109.333 -111.205 -110.347 -111.042 -113.866 -120.475 -129.437 -140.435 -150.099 -157.358 -162.093 -166.475 -172.213 -178.251 -184.205 -200.737 -215.366 -234.581 -259.077 -286.230 -328.904 -356.619 -405.335
-9999.000 -9999.000 -619.068 -617.199 -617.373 -615.410 -612.239 -600.208 -572.714 -492.496 -348.211 -275.876 -248.461 -219.722 -171.287 -131.125 -122.624 -116.946 -143.766 -149.996 -149.975 -146.104 -135.713 -123.178 -111.540 -104.423 -100.518 -102.302 -110.317 -122.724 -136.870 -147.342 -153.560 -157.830 -151.984 -143.305 -144.016 -148.352 -155.921 -165.943 -173.889 -182.064 -183.548 -182.193 -181.979 -184.117 -188.304 -199.083 -211.138 -222.624 -228.379 -233.484 -237.869 -245.189 -252.145 -259.185 -271.895 -287.825 -336.568 -411.823 -460.308 -491.507 -509.577 -524.228
-9999.000 -9999.000 -621.118 -619.062 -618.728 -616.781 -615.611 -616.053 -600.716 -578.594 -546.608 -496.565 -444.762 -373.686 -298.150 -269.431 -259.054 -254.597 -254.841 -249.926 -237.722 -221.861 -207.814 -196.852 -188.019 -181.135 -174.555 -181.432 -188.196 -199.445 -216.382 -234.709 -243.728 -247.902 -245.243 -240.309 -243.476 -249.392 -257.141 -265.544 -271.289 -276.843 -278.109 -278.510 -278.471 -279.789 -282.588 -295.452 -319.967 -340.344 -356.671 -370.104 -378.205 -392.812 -409.337 -421.721 -444.889 -468.339 -488.095 -507.102 -525.089 -536.906 -547.137 -555.725
-9999.000 -9999.000 -9999.000 -619.710 -619.556 -621.033 -619.858 -621.837 -624.010 -617.945 -606.468 -589.016 -574.524 -559.373 -538.054 -508.262 -487.609 -477.442 -470.932 -435.754 -407.217 -350.950 -299.663 -285.245 -277.790 -271.134 -269.168 -273.746 -278.078 -288.085 -323.883 -371.965 -396.819 -397.774 -397.358 -393.222 -401.596 -410.584 -426.781 -442.581 -456.332 -466.033 -470.008 -473.377 -475.373 -478.167 -481.173 -486.722 -492.928 -498.388 -502.558 -504.170 -505.806 -508.269 -511.498 -514.628 -519.349 -530.095 -539.278 -547.847 -556.657 -564.358 -570.658 -576.045
-9999.000 -9999.000 -9999.000 -9999.000 -9999.000 -626.161 -622.330 -620.397 -621.479 -622.817 -620.937 -614.227 -611.331 -606.281 -599.031 -592.120 -584.655 -575.894 -563.532 -551.328 -535.242 -520.531 -501.684 -483.259 -471.977 -460.329 -455.798 -464.046 -472.611 -484.683 -500.788 -513.172 -515.549 -515.342 -515.149 -515.947 -518.351 -520.672 -523.635 -529.165 -533.757 -535.601 -537.006 -538.404 -539.871 -541.065 -542.167 -543.133 -545.918 -548.042 -547.569 -548.290 -548.986 -549.584 -551.414 -553.369 -555.474 -561.922 -566.735 -569.435 -575.528 -579.918 -582.342 -586.172
-9999.000 -9999.000 -9999.000 -9999.000 -9999.000 -9999.000 -625.705 -623.403 -621.842 -621.222 -619.735 -618.626 -618.888 -617.906 -615.564 -611.005 -604.569 -599.281 -594.295 -588.468 -581.038 -573.895 -565.522 -555.586 -551.357 -547.824 -543.788 -546.826 -549.708 -552.237 -558.171 -558.676 -560.248 -560.184 -560.299 -560.304 -561.676 -563.069 -564.208 -566.549 -567.421 -568.659 -569.501 -570.312 -571.163 -571.875 -572.357 -572.762 -573.819 -573.267 -573.111 -573.383 -573.760 -574.153 -575.297 -576.828 -578.111 -580.512 -582.296 -584.036 -587.035 -588.775 -590.716 -592.882
