examples/3D/Borden05m2ooo/output-maps-METEOIO-OFF/psiliqL0014N0002.asc
ncols         160
nrows         34
xllcorner     620200.000000
yllcorner     5168000.000000
cellsize      0.500000
NODATA_value  -9999.0
[rows 0 to 27 of 34, columns 0 to 62 of 160]
-9999.000 -9999.000 -9999.000 -9999.000 -9999.000 -9999.000 -9999.000 -9999.000 -9999.000 -9999.000 -9999.000 -9999.000 -9999.000 -9999.000 -9999.000 -9999.000 -9999.000 -9999.000 -9999.000 -9999.000 -9999.000 -9999.000 -9999.000 -9999.000 -9999.000 -9999.000 -9999.000 -9999.000 -9999.000 -9999.000 -9999.000 -9999.000 -9999.000 -9999.000 -9999.000 -9999.000 -9999.000 -9999.000 -9999.000 -9999.000 -9999.000 -9999.000 -9999.000 -9999.000 -9999.000 -9999.000 -9999.000 -9999.000 -9999.000 -9999.000 -9999.000 -9999.000 -9999.000 -9999.000 -9999.000 -9999.000 -9999.000 -9999.000 -9999.000 -9999.000 -9999.000 -9999.000 -9999.000
-9999.000 -9999.000 -9999.000 -9999.000 -9999.000 -9999.000 -9999.000 -9999.000 -9999.000 -9999.000 -9999.000 -9999.000 -9999.000 -9999.000 -9999.000 -9999.000 -9999.000 -9999.000 -9999.000 -9999.000 -9999.000 -9999.000 -9999.000 -9999.000 -9999.000 -9999.000 -9999.000 -9999.000 -9999.000 -9999.000 -9999.000 -9999.000 -9999.000 -9999.000 -9999.000 -9999.000 -9999.000 -9999.000 -9999.000 -9999.000 -9999.000 -9999.000 -9999.000 -9999.000 -9999.000 -9999.000 -9999.000 -9999.000 -9999.000 -9999.000 -9999.000 -9999.000 -9999.000 -9999.000 -9999.000 -9999.000 -9999.000 -9999.000 -9999.000 1040.234 1034.871 1029.855 1025.201
-9999.000 -9999.000 -9999.000 -9999.000 -9999.000 -9999.000 -9999.000 -9999.000 -9999.000 -9999.000 -9999.000 -9999.000 -9999.000 -9999.000 -9999.000 -9999.000 -9999.000 -9999.000 -9999.000 -9999.000 -9999.000 -9999.000 -9999.000 -9999.000 -9999.000 -9999.000 -9999.000 -9999.000 -9999.000 -9999.000 -9999.000 -9999.000 -9999.000 -9999.000 -9999.000 -9999.000 -9999.000 -9999.000 -9999.000 -9999.000 -9999.000 -9999.000 -9999.000 -9999.000 -9999.000 -9999.000 -9999.000 908.498 891.315 875.993 873.760 896.459 920.167 944.328 965.270 984.201 1003.411 1023.795 1027.294 1016.142 1011.384 1008.321 1006.535
-9999.000 -9999.000 -9999.000 -9999.000 -9999.000 -9999.000 -9999.000 -9999.000 -9999.000 -9999.000 -9999.000 -9999.000 -9999.000 -9999.000 -9999.000 -9999.000 -9999.000 -9999.000 -9999.000 -9999.000 -9999.000 -9999.000 -9999.000 -9999.000 -9999.000 -9999.000 -9999.000 -9999.000 -9999.000 -9999.000 -9999.000 -9999.000 -9999.000 -9999.000 -9999.000 -9999.000 -9999.000 -9999.000 -9999.000 -9999.000 955.558 961.612 962.905 952.688 941.683 929.555 909.673 892.080 877.538 875.305 878.257 883.496 906.290 931.396 951.481 968.798 988.394 1008.892 1012.037 1001.622 993.661 988.774 989.275
-9999.000 -9999.000 -9999.000 -9999.000 -9999.000 -9999.000 -9999.000 -9999.000 -9999.000 -9999.000 -9999.000 -9999.000 -9999.000 -9999.000 -9999.000 -9999.000 -9999.000 -9999.000 -9999.000 -9999.000 -9999.000 -9999.000 -9999.000 -9999.000 -9999.000 -9999.000 -9999.000 -9999.000 -9999.000 -9999.000 -9999.000 -9999.000 -9999.000 -9999.000 861.376 879.026 897.461 916.276 933.417 940.564 946.688 952.648 948.761 944.397 933.289 914.274 895.007 881.488 879.702 877.550 882.144 895.290 912.475 929.010 950.349 974.374 984.026 996.139 999.510 994.891 996.624 998.545 1000.332
-9999.000 -9999.000 -9999.000 -9999.000 -9999.000 -9999.000 -9999.000 -9999.000 -9999.000 -9999.000 -9999.000 -9999.000 -9999.000 -9999.000 -9999.000 -9999.000 -9999.000 -9999.000 -9999.000 -9999.000 -9999.000 -9999.000 -9999.000 -9999.000 -9999.000 -9999.000 -9999.000 -9999.000 863.613 857.959 853.296 852.224 851.364 850.726 858.005 870.409 888.806 910.963 924.394 932.041 939.084 940.148 935.400 933.745 934.398 922.817 911.396 900.736 890.480 889.185 899.089 913.634 930.301 945.622 961.531 972.437 990.318 1011.961 1020.231 1014.811 1010.286 1008.037 1009.159
-9999.000 -9999.000 -9999.000 -9999.000 -9999.000 -9999.000 -9999.000 -9999.000 -9999.000 -9999.000 -9999.000 -9999.000 -9999.000 -9999.000 -9999.000 -9999.000 -9999.000 -9999.000 -9999.000 -9999.000 -9999.000 -9999.000 -9999.000 832.026 838.011 844.896 852.783 854.149 850.584 845.409 842.839 841.816 840.565 845.547 854.064 868.098 884.394 906.796 915.874 922.343 934.967 938.165 944.371 948.797 947.423 944.827 932.519 923.437 928.666 934.799 941.993 950.425 964.297 980.086 997.852 1018.476 1040.310 1061.011 1077.274 1072.148 1064.682 1055.130 1056.137
-9999.000 -9999.000 -9999.000 -9999.000 -9999.000 -9999.000 -9999.000 -9999.000 -9999.000 -9999.000 -9999.000 -9999.000 -9999.000 -9999.000 -9999.000 -9999.000 -9999.000 -9999.000 -9999.000 805.598 806.765 808.317 813.427 814.677 817.199 824.594 833.187 836.041 834.793 833.877 835.909 839.145 844.058 855.881 870.250 885.010 899.439 920.915 936.244 950.338 966.821 966.653 963.082 961.666 962.540 963.099 967.440 970.459 977.120 982.153 988.889 998.719 1010.775 1029.554 1049.954 1070.318 1088.958 1108.117 1127.165 1122.979 1113.103 1100.242 1100.114
-9999.000 -9999.000 -9999.000 -9999.000 -9999.000 -9999.000 -9999.000 -9999.000 -9999.000 -9999.000 -9999.000 -9999.000 -9999.000 -9999.000 -9999.000 -9999.000 775.861 777.957 780.530 786.352 789.630 794.034 801.418 803.126 807.355 814.969 820.352 829.687 838.288 846.169 852.726 856.021 864.091 874.366 886.901 902.815 924.970 948.751 965.684 983.167 1000.871 1002.061 1001.491 1003.093 1004.011 1010.773 1028.696 1034.991 1036.717 1053.663 1068.221 1073.937 1082.285 1102.065 1126.483 1150.481 1180.311 1202.027 1224.268 1225.571 1209.425 1201.754 1206.833
-9999.000 -9999.000 -9999.000 -9999.000 -9999.000 -9999.000 -9999.000 -9999.000 -9999.000 -9999.000 -9999.000 -9999.000 -9999.000 728.606 732.989 742.892 752.544 755.449 760.144 766.640 779.289 783.383 790.097 798.171 810.550 819.703 829.440 841.879 850.930 858.832 866.559 872.911 886.890 902.861 919.366 940.356 963.144 984.503 1005.806 1022.439 1036.949 1039.653 1039.273 1042.171 1050.382 1068.135 1087.673 1097.596 1116.673 1140.518 1154.802 1167.320 1176.844 1191.099 1213.148 1248.254 1284.906 1313.617 1329.195 1343.034 1338.443 1340.375 1344.729
-9999.000 -9999.000 -9999.000 -9999.000 -9999.000 -9999.000 -9999.000 -9999.000 -9999.000 -9999.000 694.654 697.189 694.084 694.267 699.697 712.180 726.284 733.302 745.313 766.680 784.913 788.947 804.030 814.786 822.133 833.300 847.128 860.686 878.319 891.680 904.229 924.729 942.165 959.687 978.459 999.726 1020.636 1050.238 1078.379 1092.445 1115.868 1127.941 1125.958 1126.808 1136.439 1153.394 1175.810 1200.525 1223.428 1249.829 1268.309 1283.642 1295.369 1308.721 1325.391 1361.172 1402.572 1433.886 1458.085 1473.773 1476.882 1479.698 1482.540
-9999.000 -9999.000 -9999.000 -9999.000 -9999.000 -9999.000 -9999.000 -9999.000 669.648 677.150 683.589 680.909 676.752 673.265 687.333 703.586 720.079 738.113 754.608 773.301 789.180 806.052 826.479 838.882 851.293 867.392 881.927 900.047 922.363 936.349 954.420 977.056 996.967 1016.261 1036.283 1055.825 1083.758 1118.716 1152.101 1176.364 1205.598 1229.837 1230.177 1233.502 1238.689 1265.211 1295.615 1327.278 1353.585 1381.612 1411.543 1430.028 1441.320 1454.548 1470.308 1489.336 1517.718 1547.511 1578.296 1597.200 1605.042 1605.714 1607.738
-9999.000 -9999.000 -9999.000 -9999.000 -9999.000 -9999.000 642.169 666.621 681.933 674.361 664.936 661.666 658.040 681.509 703.836 721.519 738.919 757.069 774.187 787.959 822.469 840.912 856.153 875.210 890.675 906.205 924.685 949.190 972.352 1003.600 1031.206 1056.929 1084.749 1106.034 1126.397 1146.310 1179.156 1217.952 1256.018 1286.358 1314.897 1346.478 1354.529 1360.775 1368.338 1389.509 1421.404 1452.149 1486.166 1518.305 1544.938 1556.948 1567.575 1579.193 1592.873 1605.281 1619.802 1645.726 1672.726 1697.099 1713.812 1717.928 1723.578
-9999.000 -9999.000 -9999.000 -9999.000 608.256 629.379 649.782 680.815 703.757 699.138 706.290 706.906 705.580 709.775 717.185 735.783 754.859 774.234 792.784 828.643 873.336 889.929 915.498 948.576 963.454 979.889 997.316 1021.682 1050.056 1085.185 1130.715 1169.776 1197.312 1221.824 1244.475 1267.913 1303.082 1341.792 1379.584 1414.644 1445.287 1471.530 1484.587 1492.631 1504.451 1520.702 1541.939 1569.080 1599.960 1631.583 1656.295 1669.811 1677.728 1688.430 1698.966 1710.955 1722.879 1739.063 1759.531 1787.457 1806.961 1817.672 1826.306
-9999.000 -9999.000 -9999.000 558.844 597.717 635.734 663.180 694.528 727.073 732.409 741.861 747.501 753.075 762.238 771.509 789.104 805.663 821.896 844.557 882.079 918.155 949.460 982.794 1011.198 1033.435 1050.658 1070.403 1095.827 1137.040 1176.218 1227.936 1282.499 1320.678 1346.247 1369.262 1397.134 1422.645 1459.103 1494.235 1527.502 1559.274 1584.075 1602.854 1610.441 1619.754 1628.249 1644.377 1665.605 1687.126 1715.403 1743.176 1767.245 1781.011 1790.985 1806.916 1822.781 1835.151 1848.421 1844.453 1855.451 1861.312 1864.190 1866.944
-9999.000 -9999.000 511.492 549.411 583.906 634.642 687.996 722.815 764.265 788.879 796.410 814.356 831.213 839.270 855.595 873.366 891.170 898.231 915.395 947.207 998.331 1045.421 1069.091 1121.889 1156.522 1184.998 1203.608 1231.332 1267.708 1310.533 1359.825 1410.208 1449.323 1481.026 1497.976 1517.528 1540.149 1563.826 1597.301 1625.995 1657.085 1682.962 1704.559 1711.431 1716.293 1731.695 1755.474 1780.691 1804.569 1827.546 1831.733 1842.866 1848.333 1851.842 1856.690 1860.121 1861.933 1861.507 1860.012 1854.301 1848.700 1847.995 1851.666
-9999.000 -9999.000 484.881 529.908 570.809 638.102 717.937 755.830 799.543 846.112 865.808 891.195 904.893 916.321 940.572 963.817 975.998 983.061 983.545 1039.722 1099.088 1152.072 1202.405 1269.896 1315.955 1333.250 1346.369 1367.608 1392.939 1436.427 1484.024 1536.248 1579.620 1610.510 1626.827 1644.922 1664.796 1682.105 1700.697 1739.134 1765.892 1791.316 1817.793 1837.768 1845.943 1849.305 1839.538 1848.839 1855.356 1858.517 1859.887 1857.010 1856.807 1857.944 1859.320 1854.623 1848.213 1841.628 1836.487 1829.787 1823.948 1821.901 1823.776
-9999.000 395.887 448.242 501.869 571.395 639.486 723.720 804.608 861.855 909.833 940.347 954.905 994.549 1038.706 1065.717 1093.482 1096.916 1102.163 1093.377 1141.804 1192.800 1268.950 1378.706 1435.599 1479.946 1483.348 1479.662 1492.886 1517.043 1560.000 1625.600 1671.814 1723.599 1762.857 1777.949 1784.933 1802.279 1821.742 1810.916 1832.476 1842.847 1851.705 1854.633 1856.904 1858.451 1859.134 1856.464 1850.604 1843.257 1837.972 1834.107 1829.714 1832.227 1835.571 1836.420 1829.629 1821.697 1813.693 1805.736 1798.331 1791.676 1786.827 1783.983
-9999.000 360.499 420.269 492.265 563.966 633.642 738.993 881.462 935.817 974.711 1000.455 1027.405 1107.377 1174.475 1209.979 1254.788 1250.801 1241.322 1229.881 1263.158 1313.038 1386.518 1525.540 1608.862 1636.316 1648.596 1656.817 1683.434 1719.509 1754.864 1787.015 1788.721 1814.298 1827.745 1832.715 1835.550 1840.134 1841.465 1840.629 1838.226 1834.844 1836.242 1841.264 1841.906 1839.762 1837.159 1831.933 1824.553 1818.986 1814.141 1811.102 1807.843 1806.065 1805.953 1801.544 1795.800 1786.372 1776.142 1766.138 1755.202 1744.077 1737.141 1737.590
-9999.000 331.341 402.549 466.792 533.510 650.099 776.684 912.681 1006.923 1047.288 1076.067 1149.235 1250.457 1345.639 1397.330 1423.524 1427.138 1408.779 1413.840 1458.037 1521.567 1610.083 1697.760 1772.337 1786.611 1791.901 1774.457 1788.423 1801.456 1805.434 1808.692 1813.786 1820.956 1825.712 1826.515 1825.657 1822.803 1816.530 1812.952 1810.818 1808.346 1808.783 1812.119 1813.734 1811.453 1807.712 1803.152 1797.279 1790.825 1783.792 1779.388 1774.983 1772.491 1767.413 1762.821 1756.572 1742.048 1727.865 1713.324 1700.034 1686.612 1672.233 1672.038
-9999.000 233.152 321.208 377.585 495.526 669.559 797.109 949.165 1096.039 1139.473 1219.255 1339.042 1443.318 1516.048 1556.947 1598.992 1628.522 1652.702 1687.169 1649.928 1704.111 1758.193 1782.347 1795.153 1798.541 1801.919 1796.219 1779.170 1770.855 1766.248 1769.965 1779.103 1786.332 1793.429 1792.965 1794.941 1796.232 1793.931 1791.283 1784.102 1777.375 1772.401 1771.209 1776.720 1771.968 1768.767 1762.715 1754.566 1745.684 1737.693 1729.644 1722.582 1719.448 1713.598 1711.699 1703.081 1674.904 1654.888 1637.632 1619.267 1596.718 1575.151 1571.341
-9999.000 152.072 229.491 321.304 462.024 627.261 760.542 930.193 1138.529 1256.716 1380.884 1453.196 1526.365 1587.511 1649.503 1695.065 1720.060 1730.798 1722.364 1732.951 1702.925 1697.675 1716.281 1743.798 1758.578 1764.429 1757.953 1749.149 1743.691 1744.208 1744.454 1744.409 1744.046 1743.155 1741.239 1744.215 1749.661 1744.573 1737.045 1729.805 1723.210 1715.625 1710.675 1707.588 1706.536 1706.240 1698.721 1688.262 1677.495 1668.985 1660.943 1654.949 1651.979 1646.639 1638.375 1625.748 1597.719 1570.671 1547.259 1518.992 1478.044 1461.787 1451.388
-9999.000 54.852 175.637 271.478 396.054 534.650 664.157 830.789 983.566 1204.516 1365.377 1468.554 1510.164 1567.829 1627.107 1692.792 1698.454 1671.325 1641.047 1627.693 1633.973 1644.607 1658.774 1679.266 1697.746 1708.555 1711.891 1705.708 1693.412 1685.208 1679.513 1670.717 1664.581 1664.247 1665.765 1673.543 1676.419 1668.142 1656.095 1640.961 1627.758 1617.855 1615.418 1616.996 1617.100 1613.556 1606.745 1596.199 1583.554 1571.584 1563.833 1557.997 1550.716 1540.420 1529.010 1516.089 1490.238 1467.418 1442.117 1403.549 1358.689 1322.208 1302.901
-9999.000 -9999.000 100.997 212.808 322.988 447.908 566.668 713.786 867.277 1051.891 1171.909 1300.807 1372.772 1419.008 1469.223 1523.400 1542.392 1561.817 1546.302 1551.421 1558.817 1565.751 1576.325 1588.747 1602.794 1613.612 1622.151 1621.028 1612.954 1596.827 1577.462 1562.691 1554.456 1548.078 1557.679 1569.294 1566.825 1560.736 1549.490 1534.571 1522.263 1509.180 1505.781 1506.257 1506.378 1503.471 1498.931 1486.085 1473.021 1460.859 1454.880 1448.235 1442.278 1430.967 1418.875 1405.580 1382.688 1357.395 1329.335 1287.125 1243.913 1200.181 1158.484
-9999.000 -9999.000 16.775 126.496 242.828 367.790 470.645 551.555 706.832 825.902 931.813 1030.632 1112.916 1176.280 1220.639 1281.162 1321.499 1337.625 1357.420 1387.007 1413.252 1441.466 1460.505 1474.032 1488.668 1502.565 1511.928 1501.242 1491.251 1475.585 1455.183 1432.733 1421.111 1417.744 1420.182 1425.473 1420.111 1410.987 1397.188 1382.098 1369.573 1358.630 1354.750 1351.469 1350.114 1347.161 1343.880 1335.264 1323.833 1315.825 1307.091 1300.612 1296.979 1289.734 1280.025 1273.173 1256.032 1229.338 1199.935 1165.978 1126.784 1095.697 1062.262
-9999.000 -9999.000 -9999.000 61.166 153.835 226.091 323.363 388.381 459.340 567.175 676.483 789.799 856.989 911.973 966.752 1015.051 1056.730 1087.781 1120.345 1181.056 1220.278 1263.464 1303.144 1323.589 1339.787 1356.613 1360.421 1352.560 1344.107 1329.444 1306.475 1283.949 1273.625 1276.883 1275.269 1274.351 1268.495 1264.781 1255.301 1243.607 1231.058 1224.045 1219.998 1214.694 1210.379 1206.103 1202.090 1196.955 1189.056 1180.034 1174.302 1171.471 1167.275 1162.724 1155.657 1146.989 1136.498 1107.928 1081.308 1056.153 1024.154 991.087 961.152
-9999.000 -9999.000 -9999.000 -9999.000 -9999.000 71.996 175.222 271.725 339.536 399.249 479.135 581.891 629.678 683.556 743.001 791.403 840.571 890.764 951.557 995.197 1049.346 1086.459 1126.472 1165.635 1181.419 1195.415 1204.314 1196.658 1188.616 1176.982 1153.944 1139.590 1137.561 1137.542 1137.422 1134.305 1129.322 1123.985 1118.935 1106.226 1097.067 1093.050 1088.827 1084.620 1079.711 1075.816 1072.226 1069.560 1061.033 1056.059 1057.866 1054.646 1051.240 1048.231 1040.801 1031.872 1022.036 997.271 976.894 962.008 928.993 902.224 882.419
-9999.000 -9999.000 -9999.000 -9999.000 -9999.000 -9999.000 30.624 125.756 200.000 275.730 358.732 426.394 456.833 499.268 550.486 613.625 683.700 738.731 784.388 828.896 876.229 916.773 954.665 995.373 1013.687 1025.331 1039.479 1034.398 1026.793 1020.306 1007.575 1009.095 1003.331 1002.932 1001.976 1001.425 995.706 990.030 985.497 978.864 975.796 970.231 965.995 961.818 957.093 952.777 949.644 946.804 942.771 945.336 945.305 943.680 940.897 937.355 929.515 919.558 910.063 895.337 881.561 866.996 843.994 825.483 804.499
