examples/3D/Borden05m2ooo/output-maps-METEOIO-OFF/psiliqL0012N0002.asc
ncols         160
nrows         34
xllcorner     620200.000000
yllcorner     5168000.000000
cellsize      0.500000
NODATA_value  -9999.0
[rows 0 to 27 of 34, columns 0 to 63 of 160]
-9999.000 -9999.000 -9999.000 -9999.000 -9999.000 -9999.000 -9999.000 -9999.000 -9999.000 -9999.000 -9999.000 -9999.000 -9999.000 -9999.000 -9999.000 -9999.000 -9999.000 -9999.000 -9999.000 -9999.000 -9999.000 -9999.000 -9999.000 -9999.000 -9999.000 -9999.000 -9999.000 -9999.000 -9999.000 -9999.000 -9999.000 -9999.000 -9999.000 -9999.000 -9999.000 -9999.000 -9999.000 -9999.000 -9999.000 -9999.000 -9999.000 -9999.000 -9999.000 -9999.000 -9999.000 -9999.000 -9999.000 -9999.000 -9999.000 -9999.000 -9999.000 -9999.000 -9999.000 -9999.000 -9999.000 -9999.000 -9999.000 -9999.000 -9999.000 -9999.000 -9999.000 -9999.000 -9999.000 -9999.000
-9999.000 -9999.000 -9999.000 -9999.000 -9999.000 -9999.000 -9999.000 -9999.000 -9999.000 -9999.000 -9999.000 -9999.000 -9999.000 -9999.000 -9999.000 -9999.000 -9999.000 -9999.000 -9999.000 -9999.000 -9999.000 -9999.000 -9999.000 -9999.000 -9999.000 -9999.000 -9999.000 -9999.000 -9999.000 -9999.000 -9999.000 -9999.000 -9999.000 -9999.000 -9999.000 -9999.000 -9999.000 -9999.000 -9999.000 -9999.000 -9999.000 -9999.000 -9999.000 -9999.000 -9999.000 -9999.000 -9999.000 -9999.000 -9999.000 -9999.000 -9999.000 -9999.000 -9999.000 -9999.000 -9999.000 -9999.000 -9999.000 -9999.000 -9999.000 631.500 626.061 620.890 616.069 607.229
-9999.000 -9999.000 -9999.000 -9999.000 -9999.000 -9999.000 -9999.000 -9999.000 -9999.000 -9999.000 -9999.000 -9999.000 -9999.000 -9999.000 -9999.000 -9999.000 -9999.000 -9999.000 -9999.000 -9999.000 -9999.000 -9999.000 -9999.000 -9999.000 -9999.000 -9999.000 -9999.000 -9999.000 -9999.000 -9999.000 -9999.000 -9999.000 -9999.000 -9999.000 -9999.000 -9999.000 -9999.000 -9999.000 -9999.000 -9999.000 -9999.000 -9999.000 -9999.000 -9999.000 -9999.000 -9999.000 -9999.000 500.426 483.102 467.255 465.241 488.040 511.676 535.706 556.518 575.371 594.512 614.635 618.094 607.058 602.274 599.097 597.137 592.335
-9999.000 -9999.000 -9999.000 -9999.000 -9999.000 -9999.000 -9999.000 -9999.000 -9999.000 -9999.000 -9999.000 -9999.000 -9999.000 -9999.000 -9999.000 -9999.000 -9999.000 -9999.000 -9999.000 -9999.000 -9999.000 -9999.000 -9999.000 -9999.000 -9999.000 -9999.000 -9999.000 -9999.000 -9999.000 -9999.000 -9999.000 -9999.000 -9999.000 -9999.000 -9999.000 -9999.000 -9999.000 -9999.000 -9999.000 -9999.000 547.862 553.834 555.224 544.744 533.576 521.499 501.548 483.772 468.799 466.303 469.130 474.608 497.577 522.430 542.333 559.710 579.157 599.471 602.552 591.985 583.837 579.114 579.437 582.078
-9999.000 -9999.000 -9999.000 -9999.000 -9999.000 -9999.000 -9999.000 -9999.000 -9999.000 -9999.000 -9999.000 -9999.000 -9999.000 -9999.000 -9999.000 -9999.000 -9999.000 -9999.000 -9999.000 -9999.000 -9999.000 -9999.000 -9999.000 -9999.000 -9999.000 -9999.000 -9999.000 -9999.000 -9999.000 -9999.000 -9999.000 -9999.000 -9999.000 -9999.000 454.191 471.849 490.199 508.857 525.816 532.786 538.843 544.749 540.796 536.222 524.983 506.074 486.573 472.704 470.547 468.203 472.745 485.946 503.008 519.583 540.834 564.564 574.088 586.231 589.534 584.781 586.229 587.970 589.651 588.289
-9999.000 -9999.000 -9999.000 -9999.000 -9999.000 -9999.000 -9999.000 -9999.000 -9999.000 -9999.000 -9999.000 -9999.000 -9999.000 -9999.000 -9999.000 -9999.000 -9999.000 -9999.000 -9999.000 -9999.000 -9999.000 -9999.000 -9999.000 -9999.000 -9999.000 -9999.000 -9999.000 -9999.000 457.213 451.434 446.542 445.267 444.212 443.351 450.536 462.964 481.383 503.326 516.542 524.019 530.873 531.837 527.047 525.153 525.575 513.912 502.368 491.584 481.234 479.994 489.817 504.159 520.649 535.842 551.612 563.384 580.528 602.195 610.631 605.059 600.145 597.476 598.451 598.977
-9999.000 -9999.000 -9999.000 -9999.000 -9999.000 -9999.000 -9999.000 -9999.000 -9999.000 -9999.000 -9999.000 -9999.000 -9999.000 -9999.000 -9999.000 -9999.000 -9999.000 -9999.000 -9999.000 -9999.000 -9999.000 -9999.000 -9999.000 426.453 432.464 439.180 446.837 447.993 444.130 438.725 435.877 434.607 433.211 437.963 446.467 460.428 476.645 498.803 507.752 514.327 526.905 529.741 535.386 539.620 538.050 535.420 523.269 514.329 519.811 526.039 533.020 541.192 554.855 570.738 588.697 609.574 631.630 652.230 668.852 663.649 655.892 645.867 646.771 650.402
-9999.000 -9999.000 -9999.000 -9999.000 -9999.000 -9999.000 -9999.000 -9999.000 -9999.000 -9999.000 -9999.000 -9999.000 -9999.000 -9999.000 -9999.000 -9999.000 -9999.000 -9999.000 -9999.000 400.578 401.595 402.910 407.792 408.936 411.336 418.563 426.960 429.495 428.099 426.869 428.687 431.688 436.322 448.051 462.280 476.888 491.311 512.647 527.849 541.964 558.373 557.791 553.910 552.225 552.961 553.607 558.689 562.123 568.622 574.159 581.206 590.910 602.745 621.730 642.518 663.424 682.916 702.594 722.044 718.489 708.391 695.857 696.029 704.370
-9999.000 -9999.000 -9999.000 -9999.000 -9999.000 -9999.000 -9999.000 -9999.000 -9999.000 -9999.000 -9999.000 -9999.000 -9999.000 -9999.000 -9999.000 -9999.000 371.357 373.337 375.701 381.321 384.265 388.460 395.607 397.038 401.098 408.491 413.708 422.717 431.016 438.692 445.024 448.120 456.118 466.253 478.671 494.638 516.864 540.399 557.255 574.587 592.084 593.076 592.385 593.907 594.952 602.394 620.746 627.427 630.219 648.308 663.254 669.356 677.866 697.672 722.641 748.411 780.028 803.097 825.746 828.866 813.722 807.249 812.634 825.615
-9999.000 -9999.000 -9999.000 -9999.000 -9999.000 -9999.000 -9999.000 -9999.000 -9999.000 -9999.000 -9999.000 -9999.000 -9999.000 325.143 329.422 339.024 348.099 350.713 355.072 361.224 373.646 377.486 383.982 391.863 403.845 412.740 422.291 434.504 443.385 451.095 458.693 465.268 479.317 495.274 511.801 532.783 555.412 576.980 598.550 614.988 629.751 633.095 632.503 635.260 643.865 662.355 682.469 694.132 714.999 739.644 754.813 768.372 778.657 793.287 815.939 852.639 890.751 921.050 938.128 953.324 950.456 952.983 957.302 964.745
-9999.000 -9999.000 -9999.000 -9999.000 -9999.000 -9999.000 -9999.000 -9999.000 -9999.000 -9999.000 290.733 293.265 289.999 290.393 295.493 307.708 321.426 328.373 340.041 361.050 378.832 382.651 397.633 408.089 415.162 426.195 439.837 453.306 470.978 484.286 497.121 517.980 535.361 552.782 571.494 592.621 614.100 644.544 673.167 688.118 712.641 726.202 724.421 725.555 735.230 753.389 777.580 804.457 828.742 856.458 876.768 892.935 905.538 919.895 937.371 972.753 1014.038 1045.973 1071.529 1087.780 1091.890 1094.794 1097.856 1104.062
-9999.000 -9999.000 -9999.000 -9999.000 -9999.000 -9999.000 -9999.000 -9999.000 266.145 273.363 279.721 276.869 272.457 269.046 282.690 298.751 315.008 332.622 348.886 367.248 383.050 399.868 419.933 432.209 444.527 460.417 474.823 493.119 515.387 530.029 548.919 571.791 592.113 611.543 631.653 651.581 680.814 716.788 751.275 777.313 807.593 833.359 834.759 838.880 844.806 872.408 904.380 937.433 965.575 994.607 1024.896 1043.351 1055.061 1068.813 1085.111 1103.559 1130.868 1160.645 1191.381 1210.899 1219.662 1220.833 1223.324 1230.785
-9999.000 -9999.000 -9999.000 -9999.000 -9999.000 -9999.000 239.356 263.664 278.738 271.063 262.107 258.803 255.225 277.088 299.024 316.372 333.479 351.304 368.127 382.332 417.205 435.044 450.404 469.975 485.162 500.425 518.839 543.464 567.200 599.703 629.026 656.204 684.701 706.629 727.608 748.768 782.988 823.192 862.656 894.840 924.905 957.093 966.626 973.466 981.821 1002.609 1034.443 1065.643 1100.116 1132.357 1158.467 1170.483 1181.247 1193.129 1207.040 1219.778 1233.979 1259.274 1285.799 1310.440 1327.562 1332.345 1338.414 1343.294
-9999.000 -9999.000 -9999.000 -9999.000 205.640 226.684 247.159 278.130 300.947 296.041 303.262 303.883 302.615 306.209 313.026 331.377 349.954 368.796 387.528 424.318 468.216 485.266 511.787 545.052 560.123 576.501 593.808 618.491 648.324 684.838 732.541 773.734 802.791 828.552 852.151 877.187 913.232 953.044 991.666 1027.594 1059.079 1085.492 1099.465 1107.730 1119.501 1135.339 1156.171 1183.142 1213.451 1244.740 1269.364 1283.311 1291.503 1302.379 1313.451 1325.837 1337.842 1353.496 1373.468 1400.368 1419.334 1430.005 1438.525 1443.252
-9999.000 -9999.000 -9999.000 157.184 195.899 233.478 260.991 292.244 324.474 330.276 339.381 345.453 351.569 360.796 370.499 387.721 403.456 418.523 440.819 478.490 515.275 548.442 582.465 612.672 636.152 653.777 673.479 699.742 742.081 783.440 837.014 893.329 933.370 960.333 983.557 1011.561 1037.295 1073.512 1108.690 1141.896 1173.690 1198.713 1217.960 1225.683 1234.586 1243.158 1259.581 1280.704 1302.002 1329.730 1357.045 1380.178 1393.617 1403.463 1419.348 1434.918 1446.939 1459.804 1459.058 1468.032 1472.997 1475.507 1478.058 1480.290
-9999.000 -9999.000 110.148 147.709 182.563 233.747 286.878 321.291 362.635 387.667 395.340 413.897 431.193 439.801 456.750 474.728 491.183 497.246 513.275 547.229 600.426 649.804 678.297 733.912 769.501 797.303 815.415 843.510 880.308 925.415 976.093 1026.972 1067.070 1099.345 1116.245 1135.410 1158.091 1181.025 1213.589 1242.323 1272.703 1298.436 1320.149 1327.688 1332.558 1347.554 1370.433 1394.706 1417.807 1439.752 1446.792 1455.848 1460.433 1463.564 1467.782 1470.751 1472.285 1471.957 1470.322 1464.748 1459.307 1458.707 1462.400 1468.805
-9999.000 -9999.000 84.141 128.822 170.577 239.137 317.548 355.596 399.391 445.561 465.624 491.098 507.485 522.052 546.865 570.977 581.117 587.339 588.233 644.909 705.812 764.372 822.938 890.151 935.741 951.854 964.088 985.215 1011.380 1055.786 1104.659 1156.354 1199.804 1230.578 1246.878 1264.354 1283.882 1301.078 1319.045 1355.772 1380.867 1405.293 1430.815 1450.361 1458.248 1461.069 1453.545 1461.114 1466.482 1469.077 1470.113 1467.217 1466.962 1468.096 1469.521 1464.886 1458.466 1451.800 1446.604 1439.874 1434.028 1432.069 1434.086 1436.469
-9999.000 -4.038 48.229 102.253 172.404 241.298 326.684 408.055 463.289 510.041 540.927 558.627 604.550 651.738 679.907 709.228 711.721 715.427 707.728 755.505 809.628 891.443 1003.750 1060.935 1102.364 1106.575 1103.575 1117.513 1142.496 1184.618 1247.871 1292.165 1341.377 1378.780 1393.285 1399.911 1416.652 1435.445 1430.564 1448.264 1456.764 1464.160 1465.899 1467.921 1469.205 1469.739 1466.991 1461.114 1453.682 1448.211 1444.164 1439.627 1442.059 1445.364 1446.302 1439.452 1431.378 1423.124 1415.013 1407.553 1400.942 1396.169 1393.371 1390.093
-9999.000 -38.928 21.174 93.632 165.781 238.842 347.523 485.634 538.195 576.946 605.991 641.643 725.906 794.770 832.482 877.362 874.781 865.454 857.584 892.081 943.947 1018.173 1152.185 1234.611 1257.837 1270.229 1278.906 1304.508 1338.678 1371.704 1401.405 1407.976 1429.310 1440.595 1445.174 1447.987 1452.015 1453.338 1452.129 1449.584 1446.054 1447.366 1452.273 1452.783 1450.411 1447.602 1442.189 1434.578 1428.663 1423.410 1420.024 1416.537 1414.727 1414.720 1410.420 1404.606 1395.150 1384.816 1374.786 1363.899 1352.873 1346.098 1346.415 1339.050
-9999.000 -66.204 4.334 69.412 139.310 259.785 385.355 519.640 613.421 655.259 693.441 774.088 876.148 969.738 1021.151 1047.913 1054.779 1040.600 1049.060 1092.922 1155.090 1238.341 1317.480 1387.791 1401.397 1406.279 1392.845 1403.983 1414.480 1418.057 1421.224 1425.409 1432.451 1437.048 1437.820 1436.896 1433.961 1427.591 1423.789 1421.449 1418.725 1419.157 1422.600 1423.933 1421.327 1417.244 1412.402 1406.261 1399.544 1392.187 1387.565 1383.045 1380.499 1375.572 1370.928 1364.753 1350.744 1336.785 1322.397 1309.255 1296.013 1282.174 1281.889 1277.333
-9999.000 -160.229 -73.594 -14.708 110.378 281.605 408.471 562.339 706.790 755.610 843.046 960.661 1062.616 1133.511 1175.704 1218.767 1248.859 1273.838 1307.134 1282.391 1331.800 1378.317 1398.586 1409.781 1411.453 1414.513 1408.530 1391.016 1382.191 1377.262 1380.810 1389.795 1397.004 1404.063 1403.512 1405.272 1406.247 1403.765 1401.012 1393.738 1386.857 1381.969 1381.023 1386.481 1381.407 1377.791 1371.566 1363.320 1354.315 1346.089 1337.951 1330.814 1327.619 1321.792 1320.005 1311.818 1284.469 1264.967 1248.051 1230.146 1208.699 1187.087 1183.173 1174.674
-9999.000 -241.468 -163.209 -66.000 79.632 244.790 384.120 555.836 760.013 877.782 997.291 1066.934 1139.974 1203.283 1266.385 1310.560 1335.182 1345.272 1339.501 1346.945 1318.060 1312.993 1331.083 1357.666 1371.343 1376.689 1369.555 1359.876 1353.918 1354.088 1354.246 1354.441 1354.310 1353.502 1351.447 1354.110 1359.297 1354.301 1347.010 1339.936 1333.485 1326.070 1321.227 1318.293 1316.841 1316.304 1308.708 1298.198 1287.408 1278.840 1270.681 1264.525 1261.662 1256.492 1248.767 1236.697 1209.095 1182.280 1159.087 1131.624 1091.769 1075.142 1064.320 1049.371
-9999.000 -335.025 -216.116 -116.961 12.606 152.590 286.141 455.371 613.146 832.814 998.832 1087.628 1127.289 1182.087 1242.532 1306.467 1313.456 1286.407 1257.281 1243.237 1247.770 1257.908 1272.357 1293.149 1311.053 1321.238 1323.557 1316.633 1304.041 1296.041 1290.812 1282.433 1276.482 1276.178 1276.982 1284.121 1287.158 1278.881 1267.060 1252.368 1239.525 1229.933 1227.422 1228.769 1228.651 1225.149 1218.155 1207.640 1194.983 1183.097 1175.050 1169.064 1161.965 1152.050 1141.014 1128.479 1102.600 1079.357 1053.731 1015.571 970.068 933.846 915.278 874.808
-9999.000 -9999.000 -288.976 -176.553 -63.557 63.550 187.078 339.054 495.360 683.927 806.447 927.577 995.608 1041.872 1094.280 1147.551 1164.846 1181.585 1163.618 1166.813 1173.121 1179.783 1190.704 1203.623 1217.586 1227.892 1235.523 1234.128 1225.719 1209.910 1191.175 1176.842 1168.594 1162.365 1171.265 1182.471 1180.293 1174.190 1163.085 1148.350 1136.097 1123.242 1119.878 1120.447 1120.483 1117.478 1112.605 1099.659 1086.390 1073.774 1067.421 1060.605 1054.302 1042.816 1030.577 1016.903 993.305 967.344 938.468 895.070 850.077 804.953 763.706 728.433
-9999.000 -9999.000 -372.878 -261.855 -143.079 -16.957 88.880 180.860 339.363 461.530 567.917 665.298 745.694 808.719 855.111 914.887 951.917 966.960 982.774 1007.913 1032.618 1058.914 1077.116 1090.907 1105.324 1118.524 1127.652 1117.261 1107.088 1091.233 1070.786 1048.408 1036.545 1032.308 1035.015 1040.675 1035.436 1026.043 1012.131 996.671 983.968 972.621 968.653 965.723 964.509 961.507 957.925 948.631 936.468 927.672 918.663 911.594 907.386 899.308 888.762 880.914 862.282 834.834 804.525 768.900 727.890 695.113 661.020 628.372
-9999.000 -9999.000 -9999.000 -330.269 -234.946 -156.945 -59.005 11.337 93.444 205.078 313.553 423.150 490.677 546.019 600.577 650.191 690.022 717.779 745.645 803.243 840.465 882.951 921.068 940.536 956.707 973.066 976.976 968.791 959.861 944.619 921.210 897.808 886.073 888.168 886.655 886.356 880.255 875.723 865.207 852.695 839.575 831.548 827.232 821.985 817.864 813.547 809.357 803.448 794.919 785.473 778.884 775.514 771.052 765.864 758.242 749.232 737.688 708.878 681.501 654.726 621.825 588.275 557.511 526.095
-9999.000 -9999.000 -9999.000 -9999.000 -9999.000 -310.232 -207.637 -112.214 -40.598 24.093 106.512 208.909 258.269 311.832 370.390 418.148 464.325 511.417 568.478 612.282 664.719 702.101 741.608 778.793 794.717 808.934 817.091 809.039 800.411 787.658 764.004 747.165 743.785 743.396 743.103 740.107 734.848 729.215 723.288 710.113 699.950 695.284 690.889 686.559 681.688 677.707 673.957 670.839 662.049 656.255 657.367 654.037 650.551 647.325 639.803 630.924 620.910 595.659 574.310 558.612 525.480 497.794 477.416 447.032
-9999.000 -9999.000 -9999.000 -9999.000 -9999.000 -9999.000 -353.655 -259.027 -184.141 -107.693 -24.227 45.320 76.858 121.335 173.011 234.012 300.476 352.299 397.279 441.713 488.475 528.269 566.163 605.721 623.424 635.278 648.695 642.713 634.577 627.108 611.933 611.416 605.272 604.708 603.728 603.092 597.375 591.537 586.576 578.684 574.816 569.017 564.664 560.420 555.758 551.556 548.439 545.540 540.844 542.804 542.726 540.903 538.102 534.680 527.094 517.318 507.866 492.354 478.114 463.260 439.329 420.327 399.416 375.190
