examples/3D/Borden05m2ooo/output-maps-METEOIO-OFF/thetaliqL0006N0002.asc
ncols         160
nrows         34
xllcorner     620200.000000
yllcorner     5168000.000000
cellsize      0.500000
NODATA_value  -9999.0
[rows 0 to 32 of 34, columns 0 to 73 of 160]
-9999.000 -9999.000 -9999.000 -9999.000 -9999.000 -9999.000 -9999.000 -9999.000 -9999.000 -9999.000 -9999.000 -9999.000 -9999.000 -9999.000 -9999.000 -9999.000 -9999.000 -9999.000 -9999.000 -9999.000 -9999.000 -9999.000 -9999.000 -9999.000 -9999.000 -9999.000 -9999.000 -9999.000 -9999.000 -9999.000 -9999.000 -9999.000 -9999.000 -9999.000 -9999.000 -9999.000 -9999.000 -9999.000 -9999.000 -9999.000 -9999.000 -9999.000 -9999.000 -9999.000 -9999.000 -9999.000 -9999.000 -9999.000 -9999.000 -9999.000 -9999.000 -9999.000 -9999.000 -9999.000 -9999.000 -9999.000 -9999.000 -9999.000 -9999.000 -9999.000 -9999.000 -9999.000 -9999.000 -9999.000 -9999.000 -9999.000 -9999.000 -9999.000 -9999.000 -9999.000 -9999.000 -9999.000 -9999.000 -9999.000
-9999.000 -9999.000 -9999.000 -9999.000 -9999.000 -9999.000 -9999.000 -9999.000 -9999.000 -9999.000 -9999.000 -9999.000 -9999.000 -9999.000 -9999.000 -9999.000 -9999.000 -9999.000 -9999.000 -9999.000 -9999.000 -9999.000 -9999.000 -9999.000 -9999.000 -9999.000 -9999.000 -9999.000 -9999.000 -9999.000 -9999.000 -9999.000 -9999.000 -9999.000 -9999.000 -9999.000 -9999.000 -9999.000 -9999.000 -9999.000 -9999.000 -9999.000 -9999.000 -9999.000 -9999.000 -9999.000 -9999.000 -9999.000 -9999.000 -9999.000 -9999.000 -9999.000 -9999.000 -9999.000 -9999.000 -9999.000 -9999.000 -9999.000 -9999.000 0.203 0.199 0.195 0.191 0.185 0.178 0.173 0.170 0.169 0.169 0.168 0.172 0.176 0.181 0.186
-9999.000 -9999.000 -9999.000 -9999.000 -9999.000 -9999.000 -9999.000 -9999.000 -9999.000 -9999.000 -9999.000 -9999.000 -9999.000 -9999.000 -9999.000 -9999.000 -9999.000 -9999.000 -9999.000 -9999.000 -9999.000 -9999.000 -9999.000 -9999.000 -9999.000 -9999.000 -9999.000 -9999.000 -9999.000 -9999.000 -9999.000 -9999.000 -9999.000 -9999.000 -9999.000 -9999.000 -9999.000 -9999.000 -9999.000 -9999.000 -9999.000 -9999.000 -9999.000 -9999.000 -9999.000 -9999.000 -9999.000 0.132 0.125 0.119 0.119 0.127 0.135 0.146 0.156 0.166 0.177 0.190 0.192 0.185 0.181 0.179 0.177 0.174 0.168 0.165 0.162 0.161 0.161 0.161 0.163 0.168 0.173 0.176
-9999.000 -9999.000 -9999.000 -9999.000 -9999.000 -9999.000 -9999.000 -9999.000 -9999.000 -9999.000 -9999.000 -9999.000 -9999.000 -9999.000 -9999.000 -9999.000 -9999.000 -9999.000 -9999.000 -9999.000 -9999.000 -9999.000 -9999.000 -9999.000 -9999.000 -9999.000 -9999.000 -9999.000 -9999.000 -9999.000 -9999.000 -9999.000 -9999.000 -9999.000 -9999.000 -9999.000 -9999.000 -9999.000 -9999.000 -9999.000 0.153 0.156 0.157 0.151 0.145 0.140 0.132 0.125 0.120 0.119 0.119 0.121 0.129 0.139 0.148 0.156 0.167 0.179 0.180 0.173 0.168 0.165 0.165 0.166 0.164 0.161 0.159 0.163 0.163 0.164 0.166 0.168 0.169 0.170
-9999.000 -9999.000 -9999.000 -9999.000 -9999.000 -9999.000 -9999.000 -9999.000 -9999.000 -9999.000 -9999.000 -9999.000 -9999.000 -9999.000 -9999.000 -9999.000 -9999.000 -9999.000 -9999.000 -9999.000 -9999.000 -9999.000 -9999.000 -9999.000 -9999.000 -9999.000 -9999.000 -9999.000 -9999.000 -9999.000 -9999.000 -9999.000 -9999.000 -9999.000 0.117 0.122 0.129 0.136 0.143 0.145 0.148 0.151 0.149 0.146 0.141 0.133 0.126 0.121 0.120 0.119 0.120 0.124 0.130 0.137 0.146 0.157 0.162 0.168 0.170 0.167 0.167 0.168 0.168 0.167 0.165 0.164 0.172 0.178 0.179 0.180 0.182 0.181 0.173 0.171
-9999.000 -9999.000 -9999.000 -9999.000 -9999.000 -9999.000 -9999.000 -9999.000 -9999.000 -9999.000 -9999.000 -9999.000 -9999.000 -9999.000 -9999.000 -9999.000 -9999.000 -9999.000 -9999.000 -9999.000 -9999.000 -9999.000 -9999.000 -9999.000 -9999.000 -9999.000 -9999.000 -9999.000 0.119 0.117 0.115 0.115 0.114 0.114 0.116 0.119 0.125 0.133 0.138 0.141 0.144 0.144 0.142 0.140 0.140 0.135 0.130 0.126 0.123 0.122 0.125 0.130 0.136 0.142 0.149 0.156 0.163 0.176 0.181 0.177 0.173 0.170 0.170 0.170 0.172 0.181 0.190 0.201 0.203 0.205 0.205 0.197 0.189 0.186
-9999.000 -9999.000 -9999.000 -9999.000 -9999.000 -9999.000 -9999.000 -9999.000 -9999.000 -9999.000 -9999.000 -9999.000 -9999.000 -9999.000 -9999.000 -9999.000 -9999.000 -9999.000 -9999.000 -9999.000 -9999.000 -9999.000 -9999.000 0.111 0.112 0.114 0.116 0.116 0.115 0.113 0.112 0.111 0.111 0.112 0.114 0.118 0.123 0.131 0.134 0.136 0.142 0.142 0.144 0.145 0.144 0.143 0.138 0.134 0.136 0.139 0.141 0.144 0.150 0.158 0.167 0.180 0.194 0.207 0.220 0.215 0.208 0.199 0.198 0.201 0.207 0.218 0.233 0.253 0.257 0.260 0.264 0.255 0.244 0.234
-9999.000 -9999.000 -9999.000 -9999.000 -9999.000 -9999.000 -9999.000 -9999.000 -9999.000 -9999.000 -9999.000 -9999.000 -9999.000 -9999.000 -9999.000 -9999.000 -9999.000 -9999.000 -9999.000 0.105 0.105 0.105 0.106 0.106 0.107 0.108 0.110 0.111 0.110 0.110 0.110 0.110 0.111 0.114 0.118 0.123 0.127 0.135 0.141 0.147 0.155 0.154 0.151 0.150 0.150 0.150 0.153 0.155 0.157 0.160 0.164 0.169 0.174 0.186 0.199 0.214 0.229 0.244 0.259 0.256 0.246 0.235 0.235 0.243 0.250 0.267 0.289 0.311 0.322 0.330 0.336 0.331 0.324 0.316
-9999.000 -9999.000 -9999.000 -9999.000 -9999.000 -9999.000 -9999.000 -9999.000 -9999.000 -9999.000 -9999.000 -9999.000 -9999.000 -9999.000 -9999.000 -9999.000 0.099 0.100 0.100 0.101 0.101 0.102 0.103 0.103 0.104 0.106 0.107 0.108 0.110 0.112 0.113 0.114 0.116 0.119 0.123 0.128 0.136 0.146 0.154 0.162 0.171 0.171 0.170 0.170 0.170 0.175 0.186 0.190 0.193 0.207 0.217 0.221 0.226 0.239 0.259 0.281 0.308 0.325 0.338 0.342 0.335 0.332 0.335 0.342 0.346 0.353 0.364 0.369 0.370 0.370 0.370 0.370 0.370 0.370
-9999.000 -9999.000 -9999.000 -9999.000 -9999.000 -9999.000 -9999.000 -9999.000 -9999.000 -9999.000 -9999.000 -9999.000 -9999.000 0.092 0.093 0.094 0.095 0.096 0.096 0.097 0.099 0.100 0.101 0.102 0.104 0.106 0.108 0.111 0.113 0.115 0.117 0.119 0.123 0.128 0.134 0.143 0.152 0.163 0.176 0.184 0.194 0.196 0.194 0.194 0.200 0.213 0.228 0.239 0.258 0.278 0.291 0.302 0.309 0.318 0.333 0.353 0.365 0.369 0.370 0.370 0.370 0.370 0.370 0.370 0.370 0.370 0.370 0.370 0.370 0.370 0.370 0.370 0.370 0.370
-9999.000 -9999.000 -9999.000 -9999.000 -9999.000 -9999.000 -9999.000 -9999.000 -9999.000 -9999.000 0.088 0.088 0.088 0.088 0.088 0.090 0.091 0.092 0.094 0.097 0.100 0.100 0.103 0.105 0.106 0.109 0.112 0.115 0.121 0.125 0.129 0.137 0.144 0.152 0.160 0.171 0.184 0.205 0.225 0.237 0.257 0.269 0.266 0.265 0.271 0.287 0.308 0.329 0.346 0.359 0.365 0.368 0.369 0.369 0.370 0.370 0.370 0.370 0.370 0.370 0.370 0.370 0.370 0.370 0.370 0.370 0.370 0.370 0.370 0.370 0.370 0.370 0.370 0.370
-9999.000 -9999.000 -9999.000 -9999.000 -9999.000 -9999.000 -9999.000 -9999.000 0.085 0.086 0.087 0.086 0.086 0.085 0.087 0.088 0.090 0.092 0.095 0.098 0.100 0.103 0.108 0.110 0.113 0.117 0.122 0.128 0.136 0.142 0.151 0.162 0.173 0.184 0.195 0.208 0.230 0.259 0.286 0.308 0.329 0.345 0.346 0.349 0.352 0.362 0.368 0.370 0.370 0.370 0.370 0.370 0.370 0.370 0.370 0.370 0.370 0.370 0.370 0.370 0.370 0.370 0.370 0.370 0.370 0.370 0.370 0.370 0.370 0.370 0.370 0.370 0.370 0.370
-9999.000 -9999.000 -9999.000 -9999.000 -9999.000 -9999.000 0.083 0.085 0.087 0.086 0.085 0.085 0.085 0.086 0.088 0.090 0.093 0.095 0.098 0.100 0.108 0.111 0.115 0.121 0.126 0.130 0.137 0.147 0.159 0.178 0.199 0.219 0.240 0.256 0.272 0.288 0.315 0.342 0.360 0.367 0.370 0.370 0.370 0.370 0.370 0.370 0.370 0.370 0.370 0.370 0.370 0.370 0.370 0.370 0.370 0.370 0.370 0.370 0.370 0.370 0.370 0.370 0.370 0.370 0.370 0.370 0.370 0.370 0.370 0.370 0.370 0.370 0.370 0.370
-9999.000 -9999.000 -9999.000 -9999.000 0.081 0.082 0.084 0.087 0.089 0.089 0.090 0.090 0.089 0.090 0.090 0.092 0.095 0.098 0.101 0.110 0.121 0.126 0.137 0.151 0.158 0.165 0.174 0.188 0.209 0.238 0.278 0.312 0.332 0.347 0.357 0.365 0.369 0.370 0.370 0.370 0.370 0.370 0.370 0.370 0.370 0.370 0.370 0.370 0.370 0.370 0.370 0.370 0.370 0.370 0.370 0.370 0.370 0.370 0.370 0.370 0.370 0.370 0.370 0.370 0.370 0.370 0.370 0.370 0.370 0.370 0.370 0.370 0.370 0.370
-9999.000 -9999.000 -9999.000 0.078 0.080 0.083 0.085 0.088 0.092 0.093 0.095 0.096 0.097 0.098 0.100 0.103 0.106 0.108 0.113 0.124 0.138 0.154 0.172 0.192 0.209 0.221 0.233 0.254 0.288 0.322 0.355 0.368 0.370 0.370 0.370 0.370 0.370 0.370 0.370 0.370 0.370 0.370 0.370 0.370 0.370 0.370 0.370 0.370 0.370 0.370 0.370 0.370 0.370 0.370 0.370 0.370 0.370 0.370 0.370 0.370 0.370 0.370 0.370 0.370 0.370 0.370 0.370 0.370 0.370 0.370 0.370 0.370 0.370 0.370
-9999.000 -9999.000 0.076 0.077 0.079 0.083 0.088 0.092 0.099 0.104 0.105 0.110 0.114 0.117 0.122 0.128 0.132 0.133 0.137 0.154 0.186 0.222 0.253 0.303 0.329 0.342 0.349 0.359 0.367 0.370 0.370 0.370 0.370 0.370 0.370 0.370 0.370 0.370 0.370 0.370 0.370 0.370 0.370 0.370 0.370 0.370 0.370 0.370 0.370 0.370 0.370 0.370 0.370 0.370 0.370 0.370 0.370 0.370 0.370 0.370 0.370 0.370 0.370 0.370 0.370 0.370 0.370 0.370 0.370 0.370 0.370 0.370 0.370 0.370
-9999.000 -9999.000 0.075 0.077 0.079 0.084 0.092 0.098 0.107 0.119 0.125 0.133 0.142 0.152 0.164 0.178 0.179 0.180 0.178 0.217 0.266 0.323 0.363 0.370 0.370 0.370 0.370 0.370 0.370 0.370 0.370 0.370 0.370 0.370 0.370 0.370 0.370 0.370 0.370 0.370 0.370 0.370 0.370 0.370 0.370 0.370 0.370 0.370 0.370 0.370 0.370 0.370 0.370 0.370 0.370 0.370 0.370 0.370 0.370 0.370 0.370 0.370 0.370 0.370 0.370 0.370 0.370 0.370 0.370 0.370 0.370 0.370 0.370 0.370
-9999.000 0.072 0.074 0.076 0.079 0.084 0.095 0.112 0.126 0.142 0.155 0.167 0.206 0.248 0.271 0.296 0.293 0.289 0.282 0.317 0.355 0.370 0.370 0.370 0.370 0.370 0.370 0.370 0.370 0.370 0.370 0.370 0.370 0.370 0.370 0.370 0.370 0.370 0.370 0.370 0.370 0.370 0.370 0.370 0.370 0.370 0.370 0.370 0.370 0.370 0.370 0.370 0.370 0.370 0.370 0.370 0.370 0.370 0.370 0.370 0.370 0.370 0.370 0.370 0.370 0.370 0.370 0.370 0.370 0.370 0.370 0.370 0.370 0.370
-9999.000 0.072 0.073 0.075 0.079 0.085 0.101 0.138 0.159 0.178 0.199 0.241 0.319 0.358 0.367 0.370 0.370 0.369 0.369 0.370 0.370 0.370 0.370 0.370 0.370 0.370 0.370 0.370 0.370 0.370 0.370 0.370 0.370 0.370 0.370 0.370 0.370 0.370 0.370 0.370 0.370 0.370 0.370 0.370 0.370 0.370 0.370 0.370 0.370 0.370 0.370 0.370 0.370 0.370 0.370 0.370 0.370 0.370 0.370 0.370 0.370 0.370 0.370 0.370 0.370 0.370 0.370 0.370 0.370 0.370 0.370 0.370 0.370 0.370
-9999.000 0.071 0.073 0.075 0.078 0.089 0.110 0.157 0.213 0.242 0.292 0.358 0.370 0.370 0.370 0.370 0.370 0.370 0.370 0.370 0.370 0.370 0.370 0.370 0.370 0.370 0.370 0.370 0.370 0.370 0.370 0.370 0.370 0.370 0.370 0.370 0.370 0.370 0.370 0.370 0.370 0.370 0.370 0.370 0.370 0.370 0.370 0.370 0.370 0.370 0.370 0.370 0.370 0.370 0.370 0.370 0.370 0.370 0.370 0.370 0.370 0.370 0.370 0.370 0.370 0.370 0.370 0.370 0.370 0.370 0.370 0.370 0.370 0.370
-9999.000 0.070 0.071 0.073 0.078 0.092 0.118 0.193 0.294 0.336 0.369 0.370 0.370 0.370 0.370 0.370 0.370 0.370 0.370 0.370 0.370 0.370 0.370 0.370 0.370 0.370 0.370 0.370 0.370 0.370 0.370 0.370 0.370 0.370 0.370 0.370 0.370 0.370 0.370 0.370 0.370 0.370 0.370 0.370 0.370 0.370 0.370 0.370 0.370 0.370 0.370 0.370 0.370 0.370 0.370 0.370 0.370 0.370 0.370 0.370 0.370 0.370 0.370 0.370 0.370 0.370 0.370 0.370 0.370 0.370 0.370 0.370 0.369 0.367
-9999.000 0.069 0.070 0.072 0.077 0.090 0.122 0.215 0.348 0.370 0.370 0.370 0.370 0.370 0.370 0.370 0.370 0.370 0.370 0.370 0.370 0.370 0.370 0.370 0.370 0.370 0.370 0.370 0.370 0.370 0.370 0.370 0.370 0.370 0.370 0.370 0.370 0.370 0.370 0.370 0.370 0.370 0.370 0.370 0.370 0.370 0.370 0.370 0.370 0.370 0.370 0.370 0.370 0.370 0.370 0.370 0.370 0.370 0.370 0.370 0.370 0.370 0.370 0.370 0.370 0.370 0.370 0.369 0.365 0.357 0.345 0.326 0.304 0.288
-9999.000 0.069 0.070 0.071 0.074 0.081 0.097 0.149 0.264 0.369 0.370 0.370 0.370 0.370 0.370 0.370 0.370 0.370 0.370 0.370 0.370 0.370 0.370 0.370 0.370 0.370 0.370 0.370 0.370 0.370 0.370 0.370 0.370 0.370 0.370 0.370 0.370 0.370 0.370 0.370 0.370 0.370 0.370 0.370 0.370 0.370 0.370 0.370 0.370 0.370 0.370 0.370 0.370 0.370 0.370 0.370 0.370 0.370 0.370 0.370 0.370 0.370 0.369 0.367 0.360 0.341 0.321 0.304 0.284 0.265 0.246 0.224 0.206 0.190
-9999.000 -9999.000 0.069 0.070 0.072 0.076 0.084 0.109 0.173 0.323 0.369 0.370 0.370 0.370 0.370 0.370 0.370 0.370 0.370 0.370 0.370 0.370 0.370 0.370 0.370 0.370 0.370 0.370 0.370 0.370 0.370 0.370 0.370 0.370 0.370 0.370 0.370 0.370 0.370 0.370 0.370 0.370 0.370 0.370 0.370 0.370 0.370 0.370 0.370 0.370 0.370 0.370 0.370 0.370 0.370 0.370 0.370 0.370 0.370 0.367 0.355 0.331 0.306 0.279 0.251 0.233 0.217 0.203 0.190 0.176 0.165 0.154 0.144 0.135
-9999.000 -9999.000 0.069 0.069 0.071 0.073 0.077 0.086 0.115 0.165 0.238 0.315 0.356 0.368 0.370 0.370 0.370 0.370 0.370 0.370 0.370 0.370 0.370 0.370 0.370 0.370 0.370 0.370 0.370 0.370 0.370 0.370 0.370 0.370 0.370 0.370 0.370 0.370 0.370 0.370 0.370 0.370 0.370 0.370 0.370 0.370 0.370 0.370 0.370 0.370 0.370 0.369 0.369 0.368 0.367 0.366 0.360 0.349 0.332 0.306 0.272 0.245 0.219 0.197 0.177 0.163 0.153 0.148 0.141 0.133 0.128 0.122 0.116 0.115
-9999.000 -9999.000 -9999.000 0.069 0.070 0.071 0.072 0.075 0.080 0.091 0.110 0.141 0.175 0.211 0.254 0.300 0.326 0.337 0.344 0.361 0.367 0.369 0.370 0.370 0.370 0.370 0.370 0.370 0.370 0.370 0.370 0.369 0.368 0.368 0.368 0.368 0.368 0.367 0.364 0.361 0.356 0.351 0.348 0.346 0.344 0.342 0.339 0.334 0.328 0.321 0.315 0.313 0.310 0.305 0.299 0.293 0.283 0.261 0.239 0.217 0.194 0.173 0.156 0.142 0.130 0.121 0.118 0.115 0.112 0.109 0.105 0.103 0.102 0.102
-9999.000 -9999.000 -9999.000 -9999.000 -9999.000 0.069 0.070 0.071 0.073 0.075 0.080 0.088 0.095 0.103 0.116 0.130 0.145 0.163 0.190 0.221 0.257 0.287 0.315 0.336 0.345 0.352 0.354 0.350 0.345 0.335 0.318 0.300 0.295 0.294 0.295 0.293 0.289 0.284 0.278 0.266 0.255 0.250 0.247 0.243 0.240 0.237 0.234 0.231 0.224 0.219 0.219 0.217 0.215 0.213 0.208 0.203 0.197 0.180 0.167 0.158 0.143 0.131 0.124 0.115 0.108 0.104 0.102 0.100 0.098 0.096 0.094 0.094 0.093 0.093
-9999.000 -9999.000 -9999.000 -9999.000 -9999.000 -9999.000 0.069 0.069 0.070 0.071 0.073 0.076 0.077 0.080 0.083 0.089 0.096 0.103 0.113 0.126 0.142 0.159 0.180 0.204 0.215 0.224 0.233 0.226 0.219 0.211 0.196 0.192 0.188 0.188 0.188 0.188 0.184 0.180 0.177 0.170 0.167 0.164 0.162 0.159 0.157 0.155 0.154 0.153 0.150 0.150 0.151 0.150 0.149 0.147 0.145 0.141 0.137 0.131 0.126 0.121 0.113 0.108 0.104 0.099 0.096 0.093 0.091 0.090 0.089 0.088 0.087 0.087 0.087 0.087
-9999.000 -9999.000 -9999.000 -9999.000 -9999.000 -9999.000 -9999.000 -9999.000 0.069 0.069 0.070 0.071 0.072 0.072 0.074 0.076 0.078 0.082 0.086 0.091 0.097 0.105 0.113 0.124 0.131 0.135 0.139 0.138 0.135 0.132 0.132 0.130 0.129 0.129 0.128 0.127 0.125 0.123 0.122 0.123 0.121 0.120 0.119 0.118 0.116 0.115 0.114 0.113 0.113 0.114 0.114 0.114 0.114 0.113 0.111 0.109 0.107 0.105 0.102 0.101 0.098 0.095 0.093 0.091 0.088 0.086 0.085 0.084 0.084 0.083 0.083 0.083 0.083 0.083
-9999.000 -9999.000 -9999.000 -9999.000 -9999.000 -9999.000 -9999.000 -9999.000 -9999.000 -9999.000 0.069 0.069 0.070 0.070 0.071 0.071 0.072 0.074 0.076 0.078 0.081 0.085 0.088 0.094 0.098 0.100 0.102 0.103 0.101 0.103 0.103 0.103 0.103 0.102 0.102 0.100 0.098 0.098 0.099 0.100 0.099 0.099 0.098 0.097 0.096 0.095 0.095 0.095 0.095 0.095 0.096 0.096 0.096 0.095 0.093 0.093 0.092 0.090 0.090 0.090 0.089 0.088 0.086 0.085 0.083 0.082 0.081 0.081 0.081 0.080 0.081 0.081 0.081 0.081
-9999.000 -9999.000 -9999.000 -9999.000 -9999.000 -9999.000 -9999.000 -9999.000 -9999.000 -9999.000 -9999.000 -9999.000 0.069 0.069 0.069 0.070 0.070 0.071 0.072 0.073 0.074 0.076 0.078 0.080 0.083 0.084 0.085 0.086 0.087 0.088 0.089 0.089 0.088 0.088 0.087 0.086 0.085 0.086 0.086 0.087 0.088 0.088 0.088 0.086 0.085 0.084 0.084 0.084 0.085 0.085 0.086 0.086 0.086 0.085 0.085 0.085 0.083 0.083 0.083 0.084 0.084 0.083 0.082 0.081 0.080 0.079 0.079 0.079 0.079 0.079 0.079 0.079 0.079 0.079
-9999.000 -9999.000 -9999.000 -9999.000 -9999.000 -9999.000 -9999.000 -9999.000 -9999.000 -9999.000 -9999.000 -9999.000 -9999.000 -9999.000 0.068 0.069 0.069 0.069 0.070 0.070 0.072 0.073 0.074 0.076 0.077 0.078 0.078 0.080 0.081 0.082 0.082 0.083 0.083 0.082 0.081 0.081 0.080 0.080 0.080 0.081 0.083 0.083 0.082 0.081 0.080 0.079 0.079 0.080 0.080 0.081 0.081 0.081 0.081 0.081 0.081 0.080 0.080 0.080 0.080 0.081 0.082 0.081 0.080 0.080 0.079 0.078 0.078 0.078 0.078 0.078 0.079 0.079 0.079 0.079
-9999.000 -9999.000 -9999.000 -9999.000 -9999.000 -9999.000 -9999.000 -9999.000 -9999.000 -9999.000 -9999.000 -9999.000 -9999.000 -9999.000 -9999.000 -9999.000 -9999.000 0.068 0.069 0.069 0.070 0.071 0.072 0.073 0.073 0.074 0.075 0.076 0.077 0.078 0.078 0.078 0.078 0.078 0.078 0.077 0.076 0.076 0.077 0.077 0.078 0.079 0.078 0.077 0.077 0.076 0.077 0.077 0.077 0.078 0.078 0.078 0.077 0.077 0.077 0.077 0.077 0.077 0.078 0.078 0.079 0.079 0.079 0.078 0.078 0.078 0.078 0.078 0.078 0.078 0.078 0.079 0.079 0.079
