examples/3D/Borden05m2ooo/output-maps-METEOIO-OFF/thetaliqL0005N0004.asc
ncols         160
nrows         34
xllcorner     620200.000000
yllcorner     5168000.000000
cellsize      0.500000
NODATA_value  -9999.0
[rows 0 to 32 of 34, columns 0 to 73 of 160]
-9999.000 -9999.000 -9999.000 -9999.000 -9999.000 -9999.000 -9999.000 -9999.000 -9999.000 -9999.000 -9999.000 -9999.000 -9999.000 -9999.000 -9999.000 -9999.000 -9999.000 -9999.000 -9999.000 -9999.000 -9999.000 -9999.000 -9999.000 -9999.000 -9999.000 -9999.000 -9999.000 -9999.000 -9999.000 -9999.000 -9999.000 -9999.000 -9999.000 -9999.000 -9999.000 -9999.000 -9999.000 -9999.000 -9999.000 -9999.000 -9999.000 -9999.000 -9999.000 -9999.000 -9999.000 -9999.000 -9999.000 -9999.000 -9999.000 -9999.000 -9999.000 -9999.000 -9999.000 -9999.000 -9999.000 -9999.000 -9999.000 -9999.000 -9999.000 -9999.000 -9999.000 -9999.000 -9999.000 -9999.000 -9999.000 -9999.000 -9999.000 -9999.000 -9999.000 -9999.000 -9999.000 -9999.000 -9999.000 -9999.000
-9999.000 -9999.000 -9999.000 -9999.000 -9999.000 -9999.000 -9999.000 -9999.000 -9999.000 -9999.000 -9999.000 -9999.000 -9999.000 -9999.000 -9999.000 -9999.000 -9999.000 -9999.000 -9999.000 -9999.000 -9999.000 -9999.000 -9999.000 -9999.000 -9999.000 -9999.000 -9999.000 -9999.000 -9999.000 -9999.000 -9999.000 -9999.000 -9999.000 -9999.000 -9999.000 -9999.000 -9999.000 -9999.000 -9999.000 -9999.000 -9999.000 -9999.000 -9999.000 -9999.000 -9999.000 -9999.000 -9999.000 -9999.000 -9999.000 -9999.000 -9999.000 -9999.000 -9999.000 -9999.000 -9999.000 -9999.000 -9999.000 -9999.000 -9999.000 0.189 0.187 0.185 0.183 0.179 0.176 0.173 0.171 0.171 0.171 0.171 0.172 0.175 0.177 0.180
-9999.000 -9999.000 -9999.000 -9999.000 -9999.000 -9999.000 -9999.000 -9999.000 -9999.000 -9999.000 -9999.000 -9999.000 -9999.000 -9999.000 -9999.000 -9999.000 -9999.000 -9999.000 -9999.000 -9999.000 -9999.000 -9999.000 -9999.000 -9999.000 -9999.000 -9999.000 -9999.000 -9999.000 -9999.000 -9999.000 -9999.000 -9999.000 -9999.000 -9999.000 -9999.000 -9999.000 -9999.000 -9999.000 -9999.000 -9999.000 -9999.000 -9999.000 -9999.000 -9999.000 -9999.000 -9999.000 -9999.000 0.153 0.149 0.146 0.146 0.150 0.154 0.159 0.164 0.169 0.175 0.182 0.183 0.179 0.177 0.176 0.175 0.173 0.170 0.169 0.167 0.166 0.166 0.166 0.167 0.170 0.173 0.174
-9999.000 -9999.000 -9999.000 -9999.000 -9999.000 -9999.000 -9999.000 -9999.000 -9999.000 -9999.000 -9999.000 -9999.000 -9999.000 -9999.000 -9999.000 -9999.000 -9999.000 -9999.000 -9999.000 -9999.000 -9999.000 -9999.000 -9999.000 -9999.000 -9999.000 -9999.000 -9999.000 -9999.000 -9999.000 -9999.000 -9999.000 -9999.000 -9999.000 -9999.000 -9999.000 -9999.000 -9999.000 -9999.000 -9999.000 -9999.000 0.163 0.164 0.165 0.162 0.159 0.157 0.152 0.149 0.146 0.146 0.146 0.147 0.151 0.156 0.160 0.164 0.169 0.176 0.177 0.173 0.170 0.169 0.168 0.169 0.168 0.167 0.165 0.167 0.168 0.168 0.169 0.170 0.170 0.171
-9999.000 -9999.000 -9999.000 -9999.000 -9999.000 -9999.000 -9999.000 -9999.000 -9999.000 -9999.000 -9999.000 -9999.000 -9999.000 -9999.000 -9999.000 -9999.000 -9999.000 -9999.000 -9999.000 -9999.000 -9999.000 -9999.000 -9999.000 -9999.000 -9999.000 -9999.000 -9999.000 -9999.000 -9999.000 -9999.000 -9999.000 -9999.000 -9999.000 -9999.000 0.145 0.148 0.151 0.154 0.158 0.159 0.160 0.162 0.161 0.160 0.157 0.153 0.149 0.146 0.146 0.146 0.146 0.149 0.151 0.154 0.159 0.165 0.167 0.170 0.171 0.169 0.170 0.170 0.170 0.170 0.169 0.168 0.172 0.175 0.175 0.176 0.178 0.177 0.172 0.172
-9999.000 -9999.000 -9999.000 -9999.000 -9999.000 -9999.000 -9999.000 -9999.000 -9999.000 -9999.000 -9999.000 -9999.000 -9999.000 -9999.000 -9999.000 -9999.000 -9999.000 -9999.000 -9999.000 -9999.000 -9999.000 -9999.000 -9999.000 -9999.000 -9999.000 -9999.000 -9999.000 -9999.000 0.146 0.145 0.144 0.144 0.144 0.143 0.144 0.146 0.149 0.153 0.155 0.157 0.158 0.158 0.157 0.156 0.156 0.154 0.152 0.150 0.147 0.147 0.149 0.151 0.154 0.157 0.160 0.163 0.167 0.174 0.177 0.174 0.172 0.171 0.171 0.171 0.172 0.176 0.181 0.187 0.188 0.189 0.189 0.184 0.180 0.179
-9999.000 -9999.000 -9999.000 -9999.000 -9999.000 -9999.000 -9999.000 -9999.000 -9999.000 -9999.000 -9999.000 -9999.000 -9999.000 -9999.000 -9999.000 -9999.000 -9999.000 -9999.000 -9999.000 -9999.000 -9999.000 -9999.000 -9999.000 0.142 0.143 0.144 0.145 0.145 0.144 0.143 0.143 0.142 0.142 0.142 0.143 0.145 0.148 0.152 0.153 0.154 0.157 0.157 0.158 0.159 0.158 0.158 0.155 0.153 0.154 0.155 0.156 0.158 0.161 0.165 0.169 0.176 0.183 0.191 0.198 0.195 0.191 0.186 0.186 0.187 0.190 0.196 0.205 0.219 0.221 0.223 0.226 0.219 0.212 0.205
-9999.000 -9999.000 -9999.000 -9999.000 -9999.000 -9999.000 -9999.000 -9999.000 -9999.000 -9999.000 -9999.000 -9999.000 -9999.000 -9999.000 -9999.000 -9999.000 -9999.000 -9999.000 -9999.000 0.139 0.139 0.139 0.140 0.140 0.140 0.141 0.142 0.142 0.141 0.141 0.141 0.142 0.142 0.144 0.146 0.148 0.150 0.154 0.157 0.160 0.164 0.163 0.162 0.161 0.161 0.161 0.162 0.163 0.164 0.166 0.167 0.170 0.173 0.179 0.186 0.194 0.203 0.212 0.223 0.221 0.213 0.206 0.206 0.211 0.216 0.228 0.247 0.269 0.283 0.292 0.300 0.294 0.285 0.276
-9999.000 -9999.000 -9999.000 -9999.000 -9999.000 -9999.000 -9999.000 -9999.000 -9999.000 -9999.000 -9999.000 -9999.000 -9999.000 -9999.000 -9999.000 -9999.000 0.136 0.137 0.137 0.137 0.137 0.138 0.138 0.138 0.139 0.139 0.140 0.141 0.142 0.143 0.143 0.144 0.145 0.146 0.147 0.150 0.154 0.159 0.163 0.167 0.172 0.171 0.171 0.171 0.171 0.173 0.179 0.181 0.182 0.190 0.196 0.198 0.200 0.209 0.222 0.240 0.266 0.286 0.304 0.310 0.299 0.296 0.301 0.310 0.315 0.326 0.343 0.355 0.361 0.364 0.365 0.364 0.363 0.360
-9999.000 -9999.000 -9999.000 -9999.000 -9999.000 -9999.000 -9999.000 -9999.000 -9999.000 -9999.000 -9999.000 -9999.000 -9999.000 0.133 0.133 0.134 0.134 0.134 0.135 0.135 0.136 0.136 0.137 0.137 0.139 0.140 0.141 0.142 0.143 0.144 0.145 0.145 0.147 0.150 0.153 0.157 0.162 0.167 0.173 0.178 0.183 0.184 0.182 0.183 0.186 0.193 0.202 0.208 0.222 0.238 0.249 0.260 0.267 0.278 0.296 0.326 0.346 0.356 0.360 0.363 0.363 0.363 0.364 0.364 0.365 0.365 0.368 0.369 0.370 0.370 0.370 0.370 0.370 0.370
-9999.000 -9999.000 -9999.000 -9999.000 -9999.000 -9999.000 -9999.000 -9999.000 -9999.000 -9999.000 0.130 0.131 0.130 0.130 0.130 0.131 0.132 0.132 0.133 0.135 0.137 0.137 0.138 0.139 0.140 0.141 0.142 0.144 0.147 0.148 0.150 0.154 0.158 0.161 0.166 0.171 0.178 0.189 0.201 0.207 0.221 0.230 0.228 0.227 0.232 0.245 0.266 0.292 0.314 0.334 0.345 0.351 0.354 0.358 0.361 0.365 0.367 0.369 0.369 0.370 0.370 0.370 0.370 0.370 0.370 0.370 0.370 0.370 0.370 0.370 0.370 0.370 0.370 0.370
-9999.000 -9999.000 -9999.000 -9999.000 -9999.000 -9999.000 -9999.000 -9999.000 0.129 0.129 0.130 0.129 0.129 0.129 0.129 0.130 0.131 0.133 0.134 0.135 0.136 0.138 0.140 0.141 0.143 0.145 0.147 0.150 0.154 0.156 0.161 0.166 0.172 0.177 0.183 0.190 0.203 0.222 0.245 0.266 0.291 0.314 0.316 0.319 0.324 0.340 0.353 0.360 0.364 0.367 0.368 0.369 0.369 0.369 0.370 0.370 0.370 0.370 0.370 0.370 0.370 0.370 0.370 0.370 0.370 0.370 0.370 0.370 0.370 0.370 0.370 0.370 0.370 0.370
-9999.000 -9999.000 -9999.000 -9999.000 -9999.000 -9999.000 0.127 0.129 0.130 0.129 0.128 0.128 0.127 0.129 0.131 0.132 0.133 0.134 0.135 0.136 0.140 0.142 0.143 0.146 0.148 0.151 0.154 0.159 0.164 0.174 0.185 0.197 0.210 0.221 0.233 0.247 0.274 0.309 0.336 0.350 0.358 0.363 0.364 0.365 0.366 0.367 0.368 0.369 0.370 0.370 0.370 0.370 0.370 0.370 0.370 0.370 0.370 0.370 0.370 0.370 0.370 0.370 0.370 0.370 0.370 0.370 0.370 0.370 0.370 0.370 0.370 0.370 0.370 0.370
-9999.000 -9999.000 -9999.000 -9999.000 0.126 0.127 0.128 0.130 0.131 0.130 0.131 0.131 0.131 0.131 0.131 0.132 0.133 0.135 0.136 0.141 0.147 0.149 0.154 0.161 0.164 0.168 0.172 0.179 0.191 0.208 0.238 0.271 0.296 0.317 0.332 0.345 0.356 0.363 0.366 0.368 0.369 0.370 0.370 0.370 0.370 0.370 0.370 0.370 0.370 0.370 0.370 0.370 0.370 0.370 0.370 0.370 0.370 0.370 0.370 0.370 0.370 0.370 0.370 0.370 0.370 0.370 0.370 0.370 0.370 0.370 0.370 0.370 0.370 0.370
-9999.000 -9999.000 -9999.000 0.124 0.126 0.127 0.128 0.130 0.133 0.133 0.133 0.133 0.134 0.134 0.135 0.137 0.138 0.140 0.142 0.148 0.154 0.162 0.171 0.181 0.190 0.197 0.205 0.219 0.247 0.283 0.327 0.352 0.361 0.364 0.366 0.368 0.369 0.369 0.370 0.370 0.370 0.370 0.370 0.370 0.370 0.370 0.370 0.370 0.370 0.370 0.370 0.370 0.370 0.370 0.370 0.370 0.370 0.370 0.370 0.370 0.370 0.370 0.370 0.370 0.370 0.370 0.370 0.370 0.370 0.370 0.370 0.370 0.370 0.370
-9999.000 -9999.000 0.123 0.124 0.125 0.127 0.130 0.132 0.136 0.138 0.138 0.140 0.143 0.143 0.146 0.149 0.151 0.151 0.153 0.161 0.178 0.198 0.219 0.262 0.291 0.308 0.319 0.335 0.349 0.361 0.366 0.369 0.369 0.370 0.370 0.370 0.370 0.370 0.370 0.370 0.370 0.370 0.370 0.370 0.370 0.370 0.370 0.370 0.370 0.370 0.370 0.370 0.370 0.370 0.370 0.370 0.370 0.370 0.370 0.370 0.370 0.370 0.370 0.370 0.370 0.370 0.370 0.370 0.370 0.370 0.370 0.370 0.370 0.370
-9999.000 -9999.000 0.122 0.124 0.124 0.127 0.132 0.135 0.139 0.145 0.148 0.152 0.155 0.159 0.166 0.173 0.174 0.174 0.173 0.194 0.228 0.285 0.339 0.358 0.364 0.365 0.365 0.367 0.368 0.369 0.370 0.370 0.370 0.370 0.370 0.370 0.370 0.370 0.370 0.370 0.370 0.370 0.370 0.370 0.370 0.370 0.370 0.370 0.370 0.370 0.370 0.370 0.370 0.370 0.370 0.370 0.370 0.370 0.370 0.370 0.370 0.370 0.370 0.370 0.370 0.370 0.370 0.370 0.370 0.370 0.370 0.370 0.370 0.370
-9999.000 0.120 0.121 0.122 0.124 0.127 0.132 0.141 0.148 0.157 0.163 0.168 0.189 0.215 0.233 0.256 0.253 0.248 0.242 0.276 0.325 0.359 0.369 0.370 0.370 0.370 0.370 0.370 0.370 0.370 0.370 0.370 0.370 0.370 0.370 0.370 0.370 0.370 0.370 0.370 0.370 0.370 0.370 0.370 0.370 0.370 0.370 0.370 0.370 0.370 0.370 0.370 0.370 0.370 0.370 0.370 0.370 0.370 0.370 0.370 0.370 0.370 0.370 0.370 0.370 0.370 0.370 0.370 0.370 0.370 0.370 0.370 0.370 0.370
-9999.000 0.119 0.120 0.122 0.124 0.126 0.134 0.155 0.165 0.174 0.184 0.210 0.279 0.329 0.347 0.358 0.357 0.355 0.355 0.361 0.367 0.369 0.370 0.370 0.370 0.370 0.370 0.370 0.370 0.370 0.370 0.370 0.370 0.370 0.370 0.370 0.370 0.370 0.370 0.370 0.370 0.370 0.370 0.370 0.370 0.370 0.370 0.370 0.370 0.370 0.370 0.370 0.370 0.370 0.370 0.370 0.370 0.370 0.370 0.370 0.370 0.370 0.370 0.370 0.370 0.370 0.370 0.370 0.370 0.370 0.370 0.370 0.370 0.370
-9999.000 0.119 0.121 0.121 0.122 0.127 0.138 0.163 0.194 0.211 0.252 0.327 0.359 0.367 0.369 0.369 0.370 0.370 0.370 0.370 0.370 0.370 0.370 0.370 0.370 0.370 0.370 0.370 0.370 0.370 0.370 0.370 0.370 0.370 0.370 0.370 0.370 0.370 0.370 0.370 0.370 0.370 0.370 0.370 0.370 0.370 0.370 0.370 0.370 0.370 0.370 0.370 0.370 0.370 0.370 0.370 0.370 0.370 0.370 0.370 0.370 0.370 0.370 0.370 0.370 0.370 0.370 0.370 0.370 0.370 0.370 0.370 0.369 0.369
-9999.000 0.116 0.118 0.118 0.120 0.129 0.142 0.182 0.253 0.300 0.353 0.367 0.370 0.370 0.370 0.370 0.370 0.370 0.370 0.370 0.370 0.370 0.370 0.370 0.370 0.370 0.370 0.370 0.370 0.370 0.370 0.370 0.370 0.370 0.370 0.370 0.370 0.370 0.370 0.370 0.370 0.370 0.370 0.370 0.370 0.370 0.370 0.370 0.370 0.370 0.370 0.370 0.370 0.370 0.370 0.370 0.370 0.370 0.370 0.370 0.370 0.370 0.370 0.370 0.370 0.370 0.369 0.368 0.367 0.366 0.364 0.361 0.355 0.349
-9999.000 0.116 0.116 0.116 0.119 0.126 0.142 0.194 0.318 0.359 0.368 0.369 0.370 0.370 0.370 0.370 0.370 0.370 0.370 0.370 0.370 0.370 0.370 0.370 0.370 0.370 0.370 0.370 0.370 0.370 0.370 0.370 0.370 0.370 0.370 0.370 0.370 0.370 0.370 0.370 0.370 0.370 0.370 0.370 0.370 0.370 0.370 0.370 0.370 0.370 0.370 0.370 0.370 0.370 0.370 0.370 0.370 0.370 0.370 0.370 0.370 0.369 0.369 0.369 0.368 0.365 0.360 0.353 0.344 0.331 0.313 0.287 0.262 0.247
-9999.000 0.113 0.116 0.116 0.117 0.121 0.128 0.155 0.230 0.355 0.370 0.370 0.370 0.370 0.370 0.370 0.370 0.370 0.370 0.370 0.370 0.370 0.370 0.370 0.370 0.370 0.370 0.370 0.370 0.370 0.370 0.370 0.370 0.370 0.370 0.370 0.370 0.370 0.370 0.370 0.370 0.370 0.370 0.370 0.370 0.370 0.370 0.370 0.370 0.370 0.370 0.370 0.370 0.370 0.370 0.370 0.370 0.369 0.369 0.367 0.364 0.360 0.358 0.349 0.335 0.305 0.282 0.262 0.243 0.227 0.214 0.199 0.189 0.179
-9999.000 -9999.000 0.114 0.116 0.116 0.118 0.121 0.134 0.167 0.286 0.352 0.366 0.368 0.369 0.370 0.370 0.370 0.370 0.370 0.370 0.370 0.370 0.370 0.370 0.370 0.370 0.370 0.370 0.370 0.370 0.370 0.370 0.370 0.370 0.370 0.370 0.370 0.370 0.370 0.370 0.370 0.370 0.370 0.370 0.370 0.370 0.370 0.370 0.369 0.369 0.369 0.369 0.369 0.368 0.368 0.368 0.366 0.364 0.360 0.349 0.328 0.293 0.264 0.239 0.217 0.204 0.195 0.187 0.180 0.173 0.167 0.162 0.156 0.152
-9999.000 -9999.000 0.113 0.114 0.115 0.117 0.118 0.120 0.135 0.162 0.210 0.275 0.326 0.350 0.360 0.366 0.367 0.368 0.368 0.368 0.369 0.369 0.369 0.370 0.370 0.370 0.370 0.370 0.370 0.370 0.369 0.369 0.369 0.368 0.369 0.369 0.369 0.368 0.368 0.367 0.366 0.365 0.365 0.365 0.365 0.364 0.364 0.363 0.361 0.359 0.358 0.356 0.355 0.353 0.349 0.346 0.336 0.319 0.296 0.264 0.233 0.212 0.196 0.184 0.173 0.166 0.161 0.159 0.156 0.152 0.149 0.146 0.143 0.143
-9999.000 -9999.000 -9999.000 0.114 0.114 0.114 0.115 0.115 0.115 0.121 0.131 0.149 0.168 0.192 0.222 0.260 0.286 0.298 0.307 0.334 0.346 0.356 0.362 0.363 0.365 0.366 0.366 0.366 0.365 0.363 0.360 0.355 0.351 0.351 0.351 0.352 0.350 0.348 0.343 0.336 0.328 0.320 0.317 0.313 0.311 0.308 0.304 0.298 0.289 0.281 0.274 0.271 0.268 0.263 0.257 0.251 0.242 0.224 0.209 0.195 0.182 0.171 0.163 0.156 0.150 0.145 0.144 0.143 0.141 0.140 0.138 0.137 0.137 0.137
-9999.000 -9999.000 -9999.000 -9999.000 -9999.000 0.111 0.113 0.114 0.114 0.114 0.116 0.121 0.124 0.129 0.136 0.144 0.152 0.162 0.178 0.197 0.223 0.247 0.275 0.299 0.311 0.322 0.325 0.319 0.311 0.299 0.277 0.258 0.253 0.253 0.253 0.252 0.248 0.243 0.238 0.228 0.220 0.216 0.214 0.212 0.209 0.207 0.205 0.204 0.199 0.196 0.196 0.195 0.194 0.193 0.190 0.187 0.184 0.175 0.168 0.164 0.156 0.150 0.147 0.143 0.139 0.137 0.137 0.136 0.135 0.134 0.133 0.133 0.133 0.132
-9999.000 -9999.000 -9999.000 -9999.000 -9999.000 -9999.000 0.111 0.112 0.113 0.114 0.115 0.116 0.116 0.118 0.120 0.123 0.128 0.133 0.138 0.144 0.153 0.162 0.173 0.187 0.193 0.199 0.205 0.200 0.196 0.191 0.182 0.181 0.178 0.178 0.178 0.178 0.176 0.174 0.173 0.169 0.168 0.166 0.165 0.164 0.163 0.162 0.161 0.161 0.159 0.160 0.160 0.159 0.159 0.158 0.157 0.155 0.153 0.150 0.148 0.146 0.142 0.140 0.137 0.135 0.134 0.132 0.131 0.131 0.130 0.129 0.129 0.129 0.129 0.129
-9999.000 -9999.000 -9999.000 -9999.000 -9999.000 -9999.000 -9999.000 -9999.000 0.111 0.112 0.114 0.114 0.115 0.115 0.115 0.116 0.118 0.121 0.124 0.127 0.130 0.135 0.139 0.145 0.148 0.150 0.153 0.152 0.151 0.150 0.150 0.149 0.149 0.149 0.148 0.148 0.146 0.146 0.145 0.146 0.145 0.145 0.144 0.144 0.143 0.142 0.141 0.141 0.141 0.142 0.142 0.142 0.142 0.142 0.140 0.139 0.139 0.138 0.136 0.136 0.135 0.133 0.132 0.131 0.130 0.129 0.128 0.128 0.127 0.127 0.127 0.127 0.127 0.127
-9999.000 -9999.000 -9999.000 -9999.000 -9999.000 -9999.000 -9999.000 -9999.000 -9999.000 -9999.000 0.112 0.111 0.114 0.115 0.115 0.115 0.115 0.116 0.118 0.120 0.122 0.124 0.126 0.130 0.132 0.133 0.134 0.135 0.135 0.136 0.136 0.136 0.136 0.136 0.136 0.134 0.133 0.133 0.134 0.135 0.135 0.135 0.134 0.134 0.133 0.132 0.132 0.132 0.132 0.133 0.133 0.133 0.133 0.132 0.132 0.131 0.131 0.130 0.130 0.131 0.130 0.129 0.129 0.128 0.127 0.126 0.126 0.126 0.126 0.126 0.126 0.126 0.126 0.126
-9999.000 -9999.000 -9999.000 -9999.000 -9999.000 -9999.000 -9999.000 -9999.000 -9999.000 -9999.000 -9999.000 -9999.000 0.112 0.113 0.114 0.115 0.114 0.115 0.116 0.117 0.118 0.120 0.122 0.123 0.125 0.125 0.126 0.127 0.128 0.129 0.129 0.129 0.129 0.129 0.128 0.127 0.127 0.127 0.128 0.129 0.129 0.129 0.129 0.128 0.127 0.127 0.127 0.127 0.127 0.128 0.128 0.128 0.128 0.128 0.128 0.128 0.127 0.127 0.127 0.127 0.128 0.127 0.127 0.126 0.126 0.125 0.125 0.125 0.125 0.125 0.125 0.125 0.125 0.125
-9999.000 -9999.000 -9999.000 -9999.000 -9999.000 -9999.000 -9999.000 -9999.000 -9999.000 -9999.000 -9999.000 -9999.000 -9999.000 -9999.000 0.112 0.113 0.113 0.114 0.115 0.115 0.117 0.120 0.121 0.121 0.122 0.123 0.123 0.124 0.125 0.126 0.126 0.127 0.127 0.126 0.126 0.125 0.125 0.124 0.125 0.126 0.127 0.127 0.126 0.126 0.125 0.125 0.125 0.125 0.126 0.126 0.126 0.126 0.126 0.126 0.126 0.126 0.126 0.125 0.125 0.126 0.127 0.126 0.126 0.126 0.125 0.125 0.125 0.125 0.125 0.125 0.125 0.125 0.126 0.125
-9999.000 -9999.000 -9999.000 -9999.000 -9999.000 -9999.000 -9999.000 -9999.000 -9999.000 -9999.000 -9999.000 -9999.000 -9999.000 -9999.000 -9999.000 -9999.000 -9999.000 0.111 0.114 0.115 0.116 0.118 0.118 0.118 0.119 0.120 0.121 0.121 0.122 0.123 0.123 0.123 0.123 0.124 0.123 0.123 0.122 0.121 0.122 0.123 0.123 0.124 0.123 0.123 0.122 0.122 0.123 0.123 0.123 0.124 0.123 0.123 0.123 0.123 0.123 0.123 0.123 0.123 0.124 0.124 0.125 0.125 0.125 0.125 0.124 0.124 0.124 0.125 0.125 0.125 0.125 0.125 0.125 0.125
