examples/3D/hillslope02_superslab/output-maps-METEOIO-ON/psiliqL0093N0003.asc
ncols         104
nrows         10
xllcorner     -2.000000
yllcorner     0.000000
cellsize      1.000000
NODATA_value  -9999.0
-9999.000 -9999.000 -9999.000 -9999.000 -9999.000 -9999.000 -9999.000 -9999.000 -9999.000 -9999.000 -9999.000 -9999.000 -9999.000 -9999.000 -9999.000 -9999.000 -9999.000 -9999.000 -9999.000 -9999.000 -9999.000 -9999.000 -9999.000 -9999.000 -9999.000 -9999.000 -9999.000 -9999.000 -9999.000 -9999.000 -9999.000 -9999.000 -9999.000 -9999.000 -9999.000 -9999.000 -9999.000 -9999.000 -9999.000 -9999.000 -9999.000 -9999.000 -9999.000 -9999.000 -9999.000 -9999.000 -9999.000 -9999.000 -9999.000 -9999.000 -9999.000 -9999.000 -9999.000 -9999.000 -9999.000 -9999.000 -9999.000 -9999.000 -9999.000 -9999.000 -9999.000 -9999.000 -9999.000 -9999.000 -9999.000 -9999.000 -9999.000 -9999.000 -9999.000 -9999.000 -9999.000 -9999.000 -9999.000 -9999.000 -9999.000 -9999.000 -9999.000 -9999.000 -9999.000 -9999.000 -9999.000 -9999.000 -9999.000 -9999.000 -9999.000 -9999.000 -9999.000 -9999.000 -9999.000 -9999.000 -9999.000 -9999.000 -9999.000 -9999.000 -9999.000 -9999.000 -9999.000 -9999.000 -9999.000 -9999.000 -9999.000 -9999.000 -9999.000 -9999.000
-9999.000 -9999.000 -9999.000 -9999.000 -9999.000 -9999.000 -9999.000 -9999.000 -9999.000 -9999.000 -9999.000 -9999.000 -9999.000 -9999.000 -9999.000 -9999.000 -9999.000 -9999.000 -9999.000 -9999.000 -9999.000 -9999.000 -9999.000 -9999.000 -9999.000 -9999.000 -9999.000 -9999.000 -9999.000 -9999.000 -9999.000 -9999.000 -9999.000 -9999.000 -9999.000 -9999.000 -9999.000 -9999.000 -9999.000 -9999.000 -9999.000 -9999.000 -9999.000 -9999.000 -9999.000 -9999.000 -9999.000 -9999.000 -9999.000 -9999.000 -9999.000 -9999.000 -9999.000 -9999.000 -9999.000 -9999.000 -9999.000 -9999.000 -9999.000 -9999.000 -9999.000 -9999.000 -9999.000 -9999.000 -9999.000 -9999.000 -9999.000 -9999.000 -9999.000 -9999.000 -9999.000 -9999.000 -9999.000 -9999.000 -9999.000 -9999.000 -9999.000 -9999.000 -9999.000 -9999.000 -9999.000 -9999.000 -9999.000 -9999.000 -9999.000 -9999.000 -9999.000 -9999.000 -9999.000 -9999.000 -9999.000 -9999.000 -9999.000 -9999.000 -9999.000 -9999.000 -9999.000 -9999.000 -9999.000 -9999.000 -9999.000 -9999.000 -9999.000 -9999.000
-9999.000 -9999.000 356.145 257.452 160.426 65.654 -25.914 -112.803 -192.701 -261.119 -312.564 -345.399 -360.812 -367.215 -369.760 -370.761 -371.160 -371.328 -371.412 -371.467 -371.515 -371.565 -371.621 -371.685 -371.758 -371.843 -371.939 -372.049 -372.174 -372.315 -372.474 -372.651 -372.849 -373.069 -373.312 -373.579 -373.873 -374.194 -374.544 -374.923 -375.334 -375.777 -376.254 -376.765 -377.312 -377.895 -378.516 -379.174 -379.871 -380.608 -381.395 -382.279 -383.142 -384.052 -385.009 -386.013 -387.063 -388.162 -389.309 -390.507 -391.755 -393.056 -394.411 -395.821 -397.289 -398.815 -400.404 -402.056 -403.775 -405.563 -407.424 -409.362 -411.380 -413.483 -415.677 -417.967 -420.359 -422.862 -425.483 -428.232 -431.121 -434.161 -437.368 -440.759 -444.353 -448.175 -452.252 -456.619 -461.317 -466.397 -471.921 -477.971 -484.649 -492.094 -500.491 -510.099 -521.295 -534.656 -551.124 -572.379 -601.880 -648.537 -9999.000 -9999.000
-9999.000 -9999.000 356.145 257.452 160.426 65.653 -25.914 -112.803 -192.701 -261.119 -312.564 -345.399 -360.812 -367.215 -369.760 -370.761 -371.160 -371.328 -371.412 -371.467 -371.515 -371.565 -371.621 -371.685 -371.758 -371.843 -371.939 -372.049 -372.174 -372.315 -372.474 -372.651 -372.849 -373.069 -373.312 -373.579 -373.873 -374.194 -374.544 -374.923 -375.334 -375.777 -376.254 -376.765 -377.312 -377.895 -378.516 -379.174 -379.871 -380.608 -381.395 -382.279 -383.142 -384.052 -385.009 -386.013 -387.063 -388.162 -389.309 -390.507 -391.755 -393.056 -394.411 -395.821 -397.289 -398.815 -400.404 -402.056 -403.775 -405.563 -407.424 -409.362 -411.380 -413.483 -415.677 -417.967 -420.359 -422.862 -425.483 -428.232 -431.121 -434.161 -437.368 -440.759 -444.353 -448.175 -452.252 -456.619 -461.317 -466.397 -471.921 -477.971 -484.649 -492.094 -500.491 -510.099 -521.295 -534.656 -551.124 -572.379 -601.880 -648.537 -9999.000 -9999.000
-9999.000 -9999.000 356.145 257.452 160.426 65.653 -25.914 -112.803 -192.701 -261.119 -312.564 -345.399 -360.812 -367.215 -369.760 -370.761 -371.160 -371.328 -371.412 -371.467 -371.515 -371.565 -371.621 -371.685 -371.758 -371.843 -371.939 -372.049 -372.174 -372.315 -372.474 -372.651 -372.849 -373.069 -373.312 -373.579 -373.873 -374.194 -374.544 -374.923 -375.334 -375.777 -376.254 -376.765 -377.312 -377.895 -378.516 -379.174 -379.871 -380.608 -381.395 -382.279 -383.142 -384.052 -385.009 -386.013 -387.063 -388.162 -389.309 -390.507 -391.755 -393.056 -394.411 -395.821 -397.289 -398.815 -400.404 -402.056 -403.775 -405.563 -407.424 -409.362 -411.380 -413.483 -415.677 -417.967 -420.359 -422.862 -425.483 -428.232 -431.121 -434.161 -437.368 -440.759 -444.353 -448.175 -452.252 -456.619 -461.317 -466.397 -471.921 -477.971 -484.649 -492.094 -500.491 -510.099 -521.295 -534.656 -551.124 -572.379 -601.880 -648.537 -9999.000 -9999.000
-9999.000 -9999.000 356.145 257.452 160.426 65.653 -25.914 -112.803 -192.701 -261.119 -312.564 -345.399 -360.812 -367.215 -369.760 -370.761 -371.160 -371.328 -371.412 -371.467 -371.515 -371.565 -371.621 -371.685 -371.758 -371.843 -371.939 -372.049 -372.174 -372.315 -372.474 -372.651 -372.849 -373.069 -373.312 -373.579 -373.873 -374.194 -374.544 -374.923 -375.334 -375.777 -376.254 -376.765 -377.312 -377.895 -378.516 -379.174 -379.871 -380.608 -381.395 -382.279 -383.142 -384.052 -385.009 -386.013 -387.063 -388.162 -389.309 -390.507 -391.755 -393.056 -394.411 -395.821 -397.289 -398.815 -400.404 -402.056 -403.775 -405.563 -407.424 -409.362 -411.380 -413.483 -415.677 -417.967 -420.359 -422.862 -425.483 -428.232 -431.121 -434.161 -437.368 -440.759 -444.353 -448.175 -452.252 -456.619 -461.317 -466.397 -471.921 -477.971 -484.649 -492.094 -500.491 -510.099 -521.295 -534.656 -551.124 -572.379 -601.880 -648.537 -9999.000 -9999.000
-9999.000 -9999.000 356.145 257.452 160.426 65.653 -25.914 -112.803 -192.701 -261.119 -312.564 -345.399 -360.812 -367.215 -369.760 -370.761 -371.160 -371.328 -371.412 -371.467 -371.515 -371.565 -371.621 -371.685 -371.758 -371.843 -371.939 -372.049 -372.174 -372.315 -372.474 -372.651 -372.849 -373.069 -373.312 -373.579 -373.873 -374.194 -374.544 -374.923 -375.334 -375.777 -376.254 -376.765 -377.312 -377.895 -378.516 -379.174 -379.871 -380.608 -381.395 -382.279 -383.142 -384.052 -385.009 -386.013 -387.063 -388.162 -389.309 -390.507 -391.755 -393.056 -394.411 -395.821 -397.289 -398.815 -400.404 -402.056 -403.775 -405.563 -407.424 -409.362 -411.380 -413.483 -415.677 -417.967 -420.359 -422.862 -425.483 -428.232 -431.121 -434.161 -437.368 -440.759 -444.353 -448.175 -452.252 -456.619 -461.317 -466.397 -471.921 -477.971 -484.649 -492.094 -500.491 -510.099 -521.295 -534.656 -551.124 -572.379 -601.880 -648.537 -9999.000 -9999.000
-9999.000 -9999.000 356.145 257.452 160.426 65.654 -25.914 -112.803 -192.701 -261.119 -312.564 -345.399 -360.812 -367.215 -369.760 -370.761 -371.160 -371.328 -371.412 -371.467 -371.515 -371.565 -371.621 -371.685 -371.758 -371.843 -371.939 -372.049 -372.174 -372.315 -372.474 -372.651 -372.849 -373.069 -373.312 -373.579 -373.873 -374.194 -374.544 -374.923 -375.334 -375.777 -376.254 -376.765 -377.312 -377.895 -378.516 -379.174 -379.871 -380.608 -381.395 -382.279 -383.142 -384.052 -385.009 -386.013 -387.063 -388.162 -389.309 -390.507 -391.755 -393.056 -394.411 -395.821 -397.289 -398.815 -400.404 -402.056 -403.775 -405.563 -407.424 -409.362 -411.380 -413.483 -415.677 -417.967 -420.359 -422.862 -425.483 -428.232 -431.121 -434.161 -437.368 -440.759 -444.353 -448.175 -452.252 -456.619 -461.317 -466.397 -471.921 -477.971 -484.649 -492.094 -500.491 -510.099 -521.295 -534.656 -551.124 -572.379 -601.880 -648.537 -9999.000 -9999.000
-9999.000 -9999.000 -9999.000 -9999.000 -9999.000 -9999.000 -9999.000 -9999.000 -9999.000 -9999.000 -9999.000 -9999.000 -9999.000 -9999.000 -9999.000 -9999.000 -9999.000 -9999.000 -9999.000 -9999.000 -9999.000 -9999.000 -9999.000 -9999.000 -9999.000 -9999.000 -9999.000 -9999.000 -9999.000 -9999.000 -9999.000 -9999.000 -9999.000 -9999.000 -9999.000 -9999.000 -9999.000 -9999.000 -9999.000 -9999.000 -9999.000 -9999.000 -9999.000 -9999.000 -9999.000 -9999.000 -9999.000 -9999.000 -9999.000 -9999.000 -9999.000 -9999.000 -9999.000 -9999.000 -9999.000 -9999.000 -9999.000 -9999.000 -9999.000 -9999.000 -9999.000 -9999.000 -9999.000 -9999.000 -9999.000 -9999.000 -9999.000 -9999.000 -9999.000 -9999.000 -9999.000 -9999.000 -9999.000 -9999.000 -9999.000 -9999.000 -9999.000 -9999.000 -9999.000 -9999.000 -9999.000 -9999.000 -9999.000 -9999.000 -9999.000 -9999.000 -9999.000 -9999.000 -9999.000 -9999.000 -9999.000 -9999.000 -9999.000 -9999.000 -9999.000 -9999.000 -9999.000 -9999.000 -9999.000 -9999.000 -9999.000 -9999.000 -9999.000 -9999.000
-9999.000 -9999.000 -9999.000 -9999.000 -9999.000 -9999.000 -9999.000 -9999.000 -9999.000 -9999.000 -9999.000 -9999.000 -9999.000 -9999.000 -9999.000 -9999.000 -9999.000 -9999.000 -9999.000 -9999.000 -9999.000 -9999.000 -9999.000 -9999.000 -9999.000 -9999.000 -9999.000 -9999.000 -9999.000 -9999.000 -9999.000 -9999.000 -9999.000 -9999.000 -9999.000 -9999.000 -9999.000 -9999.000 -9999.000 -9999.000 -9999.000 -9999.000 -9999.000 -9999.000 -9999.000 -9999.000 -9999.000 -9999.000 -9999.000 -9999.000 -9999.000 -9999.000 -9999.000 -9999.000 -9999.000 -9999.000 -9999.000 -9999.000 -9999.000 -9999.000 -9999.000 -9999.000 -9999.000 -9999.000 -9999.000 -9999.000 -9999.000 -9999.000 -9999.000 -9999.000 -9999.000 -9999.000 -9999.000 -9999.000 -9999.000 -9999.000 -9999.000 -9999.000 -9999.000 -9999.000 -9999.000 -9999.000 -9999.000 -9999.000 -9999.000 -9999.000 -9999.000 -9999.000 -9999.000 -9999.000 -9999.000 -9999.000 -9999.000 -9999.000 -9999.000 -9999.000 -9999.000 -9999.000 -9999.000 -9999.000 -9999.000 -9999.000 -9999.000 -9999.000