examples/3D/hillslope02_superslab/output-maps-METEOIO-ON/psiliqL0087N0001.asc
ncols         104
nrows         10
xllcorner     -2.000000
yllcorner     0.000000
cellsize      1.000000
NODATA_value  -9999.0
-9999.000 -9999.000 -9999.000 -9999.000 -9999.000 -9999.000 -9999.000 -9999.000 -9999.000 -9999.000 -9999.000 -9999.000 -9999.000 -9999.000 -9999.000 -9999.000 -9999.000 -9999.000 -9999.000 -9999.000 -9999.000 -9999.000 -9999.000 -9999.000 -9999.000 -9999.000 -9999.000 -9999.000 -9999.000 -9999.000 -9999.000 -9999.000 -9999.000 -9999.000 -9999.000 -9999.000 -9999.000 -9999.000 -9999.000 -9999.000 -9999.000 -9999.000 -9999.000 -9999.000 -9999.000 -9999.000 -9999.000 -9999.000 -9999.000 -9999.000 -9999.000 -9999.000 -9999.000 -9999.000 -9999.000 -9999.000 -9999.000 -9999.000 -9999.000 -9999.000 -9999.000 -9999.000 -9999.000 -9999.000 -9999.000 -9999.000 -9999.000 -9999.000 -9999.000 -9999.000 -9999.000 -9999.000 -9999.000 -9999.000 -9999.000 -9999.000 -9999.000 -9999.000 -9999.000 -9999.000 -9999.000 -9999.000 -9999.000 -9999.000 -9999.000 -9999.000 -9999.000 -9999.000 -9999.000 -9999.000 -9999.000 -9999.000 -9999.000 -9999.000 -9999.000 -9999.000 -9999.000 -9999.000 -9999.000 -9999.000 -9999.000 -9999.000 -9999.000 -9999.000
-9999.000 -9999.000 -9999.000 -9999.000 -9999.000 -9999.000 -9999.000 -9999.000 -9999.000 -9999.000 -9999.000 -9999.000 -9999.000 -9999.000 -9999.000 -9999.000 -9999.000 -9999.000 -9999.000 -9999.000 -9999.000 -9999.000 -9999.000 -9999.000 -9999.000 -9999.000 -9999.000 -9999.000 -9999.000 -9999.000 -9999.000 -9999.000 -9999.000 -9999.000 -9999.000 -9999.000 -9999.000 -9999.000 -9999.000 -9999.000 -9999.000 -9999.000 -9999.000 -9999.000 -9999.000 -9999.000 -9999.000 -9999.000 -9999.000 -9999.000 -9999.000 -9999.000 -9999.000 -9999.000 -9999.000 -9999.000 -9999.000 -9999.000 -9999.000 -9999.000 -9999.000 -9999.000 -9999.000 -9999.000 -9999.000 -9999.000 -9999.000 -9999.000 -9999.000 -9999.000 -9999.000 -9999.000 -9999.000 -9999.000 -9999.000 -9999.000 -9999.000 -9999.000 -9999.000 -9999.000 -9999.000 -9999.000 -9999.000 -9999.000 -9999.000 -9999.000 -9999.000 -9999.000 -9999.000 -9999.000 -9999.000 -9999.000 -9999.000 -9999.000 -9999.000 -9999.000 -9999.000 -9999.000 -9999.000 -9999.000 -9999.000 -9999.000 -9999.000 -9999.000
-9999.000 -9999.000 -273.928 -372.972 -467.010 -549.191 -609.416 -644.290 -659.380 -665.097 -667.173 -667.914 -668.176 -668.268 -668.300 -668.311 -668.315 -668.316 -668.317 -668.317 -668.317 -668.317 -668.317 -668.317 -668.317 -668.317 -668.317 -668.317 -668.316 -668.316 -668.316 -668.316 -668.316 -668.315 -668.315 -668.315 -668.315 -668.314 -668.314 -668.313 -668.313 -668.312 -668.311 -668.309 -668.304 -668.295 -668.279 -668.253 -668.214 -668.167 -668.163 -668.701 -668.345 -668.321 -668.319 -668.319 -668.319 -668.320 -668.322 -668.325 -668.329 -668.335 -668.344 -668.356 -668.375 -668.400 -668.436 -668.484 -668.550 -668.638 -668.754 -668.905 -669.098 -669.344 -669.651 -670.033 -670.499 -671.065 -671.742 -672.547 -673.493 -674.597 -675.875 -677.344 -679.022 -680.931 -683.091 -685.527 -688.270 -691.352 -694.815 -698.712 -703.109 -708.092 -713.780 -720.335 -727.995 -737.124 -748.319 -762.679 -782.687 -816.722 -9999.000 -9999.000
-9999.000 -9999.000 -273.928 -372.972 -467.010 -549.191 -609.416 -644.290 -659.380 -665.097 -667.173 -667.914 -668.176 -668.268 -668.300 -668.311 -668.315 -668.316 -668.317 -668.317 -668.317 -668.317 -668.317 -668.317 -668.317 -668.317 -668.317 -668.317 -668.316 -668.316 -668.316 -668.316 -668.316 -668.315 -668.315 -668.315 -668.315 -668.314 -668.314 -668.313 -668.313 -668.312 -668.311 -668.309 -668.304 -668.295 -668.279 -668.253 -668.214 -668.167 -668.163 -668.701 -668.345 -668.321 -668.319 -668.319 -668.319 -668.320 -668.322 -668.325 -668.329 -668.335 -668.344 -668.356 -668.375 -668.400 -668.436 -668.484 -668.550 -668.638 -668.754 -668.905 -669.098 -669.344 -669.651 -670.033 -670.499 -671.065 -671.742 -672.547 -673.493 -674.597 -675.875 -677.344 -679.022 -680.931 -683.091 -685.527 -688.270 -691.352 -694.815 -698.712 -703.109 -708.092 -713.780 -720.335 -727.995 -737.124 -748.319 -762.679 -782.687 -816.722 -9999.000 -9999.000
-9999.000 -9999.000 -273.928 -372.972 -467.010 -549.191 -609.416 -644.290 -659.380 -665.097 -667.173 -667.914 -668.176 -668.268 -668.300 -668.311 -668.315 -668.316 -668.317 -668.317 -668.317 -668.317 -668.317 -668.317 -668.317 -668.317 -668.317 -668.317 -668.316 -668.316 -668.316 -668.316 -668.316 -668.315 -668.315 -668.315 -668.315 -668.314 -668.314 -668.313 -668.313 -668.312 -668.311 -668.309 -668.304 -668.295 -668.279 -668.253 -668.214 -668.167 -668.163 -668.701 -668.345 -668.321 -668.319 -668.319 -668.319 -668.320 -668.322 -668.325 -668.329 -668.335 -668.344 -668.356 -668.375 -668.400 -668.436 -668.484 -668.550 -668.638 -668.754 -668.905 -669.098 -669.344 -669.651 -670.033 -670.499 -671.065 -671.742 -672.547 -673.493 -674.597 -675.875 -677.344 -679.022 -680.931 -683.091 -685.527 -688.270 -691.352 -694.815 -698.712 -703.109 -708.092 -713.780 -720.335 -727.995 -737.124 -748.319 -762.679 -782.687 -816.722 -9999.000 -9999.000
-9999.000 -9999.000 -273.928 -372.972 -467.010 -549.191 -609.416 -644.290 -659.380 -665.097 -667.173 -667.914 -668.176 -668.268 -668.300 -668.311 -668.315 -668.316 -668.317 -668.317 -668.317 -668.317 -668.317 -668.317 -668.317 -668.317 -668.317 -668.317 -668.316 -668.316 -668.316 -668.316 -668.316 -668.315 -668.315 -668.315 -668.315 -668.314 -668.314 -668.313 -668.313 -668.312 -668.311 -668.309 -668.304 -668.295 -668.279 -668.253 -668.214 -668.167 -668.163 -668.701 -668.345 -668.321 -668.319 -668.319 -668.319 -668.320 -668.322 -668.325 -668.329 -668.335 -668.344 -668.356 -668.375 -668.400 -668.436 -668.484 -668.550 -668.638 -668.754 -668.905 -669.098 -669.344 -669.651 -670.033 -670.499 -671.065 -671.742 -672.547 -673.493 -674.597 -675.875 -677.344 -679.022 -680.931 -683.091 -685.527 -688.270 -691.352 -694.815 -698.712 -703.109 -708.092 -713.780 -720.335 -727.995 -737.124 -748.319 -762.679 -782.687 -816.722 -9999.000 -9999.000
-9999.000 -9999.000 -273.928 -372.972 -467.010 -549.191 -609.416 -644.290 -659.380 -665.097 -667.173 -667.914 -668.176 -668.268 -668.300 -668.311 -668.315 -668.316 -668.317 -668.317 -668.317 -668.317 -668.317 -668.317 -668.317 -668.317 -668.317 -668.317 -668.316 -668.316 -668.316 -668.316 -668.316 -668.315 -668.315 -668.315 -668.315 -668.314 -668.314 -668.313 -668.313 -668.312 -668.311 -668.309 -668.304 -668.295 -668.279 -668.253 -668.214 -668.167 -668.163 -668.701 -668.345 -668.321 -668.319 -668.319 -668.319 -668.320 -668.322 -668.325 -668.329 -668.335 -668.344 -668.356 -668.375 -668.400 -668.436 -668.484 -668.550 -668.638 -668.754 -668.905 -669.098 -669.344 -669.651 -670.033 -670.499 -671.065 -671.742 -672.547 -673.493 -674.597 -675.875 -677.344 -679.022 -680.931 -683.091 -685.527 -688.270 -691.352 -694.815 -698.712 -703.109 -708.092 -713.780 -720.335 -727.995 -737.124 -748.319 -762.679 -782.687 -816.722 -9999.000 -9999.000
-9999.000 -9999.000 -273.928 -372.972 -467.010 -549.191 -609.416 -644.290 -659.380 -665.097 -667.173 -667.914 -668.176 -668.268 -668.300 -668.311 -668.315 -668.316 -668.317 -668.317 -668.317 -668.317 -668.317 -668.317 -668.317 -668.317 -668.317 -668.317 -668.316 -668.316 -668.316 -668.316 -668.316 -668.315 -668.315 -668.315 -668.315 -668.314 -668.314 -668.313 -668.313 -668.312 -668.311 -668.309 -668.304 -668.295 -668.279 -668.253 -668.214 -668.167 -668.163 -668.701 -668.345 -668.321 -668.319 -668.319 -668.319 -668.320 -668.322 -668.325 -668.329 -668.335 -668.344 -668.356 -668.375 -668.400 -668.436 -668.484 -668.550 -668.638 -668.754 -668.905 -669.098 -669.344 -669.651 -670.033 -670.499 -671.065 -671.742 -672.547 -673.493 -674.597 -675.875 -677.344 -679.022 -680.931 -683.091 -685.527 -688.270 -691.352 -694.815 -698.712 -703.109 -708.092 -713.780 -720.335 -727.995 -737.124 -748.319 -762.679 -782.687 -816.722 -9999.000 -9999.000
-9999.000 -9999.000 -9999.000 -9999.000 -9999.000 -9999.000 -9999.000 -9999.000 -9999.000 -9999.000 -9999.000 -9999.000 -9999.000 -9999.000 -9999.000 -9999.000 -9999.000 -9999.000 -9999.000 -9999.000 -9999.000 -9999.000 -9999.000 -9999.000 -9999.000 -9999.000 -9999.000 -9999.000 -9999.000 -9999.000 -9999.000 -9999.000 -9999.000 -9999.000 -9999.000 -9999.000 -9999.000 -9999.000 -9999.000 -9999.000 -9999.000 -9999.000 -9999.000 -9999.000 -9999.000 -9999.000 -9999.000 -9999.000 -9999.000 -9999.000 -9999.000 -9999.000 -9999.000 -9999.000 -9999.000 -9999.000 -9999.000 -9999.000 -9999.000 -9999.000 -9999.000 -9999.000 -9999.000 -9999.000 -9999.000 -9999.000 -9999.000 -9999.000 -9999.000 -9999.000 -9999.000 -9999.000 -9999.000 -9999.000 -9999.000 -9999.000 -9999.000 -9999.000 -9999.000 -9999.000 -9999.000 -9999.000 -9999.000 -9999.000 -9999.000 -9999.000 -9999.000 -9999.000 -9999.000 -9999.000 -9999.000 -9999.000 -9999.000 -9999.000 -9999.000 -9999.000 -9999.000 -9999.000 -9999.000 -9999.000 -9999.000 -9999.000 -9999.000 -9999.000
-9999.000 -9999.000 -9999.000 -9999.000 -9999.000 -9999.000 -9999.000 -9999.000 -9999.000 -9999.000 -9999.000 -9999.000 -9999.000 -9999.000 -9999.000 -9999.000 -9999.000 -9999.000 -9999.000 -9999.000 -9999.000 -9999.000 -9999.000 -9999.000 -9999.000 -9999.000 -9999.000 -9999.000 -9999.000 -9999.000 -9999.000 -9999.000 -9999.000 -9999.000 -9999.000 -9999.000 -9999.000 -9999.000 -9999.000 -9999.000 -9999.000 -9999.000 -9999.000 -9999.000 -9999.000 -9999.000 -9999.000 -9999.000 -9999.000 -9999.000 -9999.000 -9999.000 -9999.000 -9999.000 -9999.000 -9999.000 -9999.000 -9999.000 -9999.000 -9999.000 -9999.000 -9999.000 -9999.000 -9999.000 -9999.000 -9999.000 -9999.000 -9999.000 -9999.000 -9999.000 -9999.000 -9999.000 -9999.000 -9999.000 -9999.000 -9999.000 -9999.000 -9999.000 -9999.000 -9999.000 -9999.000 -9999.000 -9999.000 -9999.000 -9999.000 -9999.000 -9999.000 -9999.000 -9999.000 -9999.000 -9999.000 -9999.000 -9999.000 -9999.000 -9999.000 -9999.000 -9999.000 -9999.000 -9999.000 -9999.000 -9999.000 -9999.000 -9999.000 -9999.000