examples/3D/hillslope02_superslab/output-maps-METEOIO-ON/psiliqL0075N0002.asc
ncols         104
nrows         10
xllcorner     -2.000000
yllcorner     0.000000
cellsize      1.000000
NODATA_value  -9999.0
-9999.000 -9999.000 -9999.000 -9999.000 -9999.000 -9999.000 -9999.000 -9999.000 -9999.000 -9999.000 -9999.000 -9999.000 -9999.000 -9999.000 -9999.000 -9999.000 -9999.000 -9999.000 -9999.000 -9999.000 -9999.000 -9999.000 -9999.000 -9999.000 -9999.000 -9999.000 -9999.000 -9999.000 -9999.000 -9999.000 -9999.000 -9999.000 -9999.000 -9999.000 -9999.000 -9999.000 -9999.000 -9999.000 -9999.000 -9999.000 -9999.000 -9999.000 -9999.000 -9999.000 -9999.000 -9999.000 -9999.000 -9999.000 -9999.000 -9999.000 -9999.000 -9999.000 -9999.000 -9999.000 -9999.000 -9999.000 -9999.000 -9999.000 -9999.000 -9999.000 -9999.000 -9999.000 -9999.000 -9999.000 -9999.000 -9999.000 -9999.000 -9999.000 -9999.000 -9999.000 -9999.000 -9999.000 -9999.000 -9999.000 -9999.000 -9999.000 -9999.000 -9999.000 -9999.000 -9999.000 -9999.000 -9999.000 -9999.000 -9999.000 -9999.000 -9999.000 -9999.000 -9999.000 -9999.000 -9999.000 -9999.000 -9999.000 -9999.000 -9999.000 -9999.000 -9999.000 -9999.000 -9999.000 -9999.000 -9999.000 -9999.000 -9999.000 -9999.000 -9999.000
-9999.000 -9999.000 -9999.000 -9999.000 -9999.000 -9999.000 -9999.000 -9999.000 -9999.000 -9999.000 -9999.000 -9999.000 -9999.000 -9999.000 -9999.000 -9999.000 -9999.000 -9999.000 -9999.000 -9999.000 -9999.000 -9999.000 -9999.000 -9999.000 -9999.000 -9999.000 -9999.000 -9999.000 -9999.000 -9999.000 -9999.000 -9999.000 -9999.000 -9999.000 -9999.000 -9999.000 -9999.000 -9999.000 -9999.000 -9999.000 -9999.000 -9999.000 -9999.000 -9999.000 -9999.000 -9999.000 -9999.000 -9999.000 -9999.000 -9999.000 -9999.000 -9999.000 -9999.000 -9999.000 -9999.000 -9999.000 -9999.000 -9999.000 -9999.000 -9999.000 -9999.000 -9999.000 -9999.000 -9999.000 -9999.000 -9999.000 -9999.000 -9999.000 -9999.000 -9999.000 -9999.000 -9999.000 -9999.000 -9999.000 -9999.000 -9999.000 -9999.000 -9999.000 -9999.000 -9999.000 -9999.000 -9999.000 -9999.000 -9999.000 -9999.000 -9999.000 -9999.000 -9999.000 -9999.000 -9999.000 -9999.000 -9999.000 -9999.000 -9999.000 -9999.000 -9999.000 -9999.000 -9999.000 -9999.000 -9999.000 -9999.000 -9999.000 -9999.000 -9999.000
-9999.000 -9999.000 -720.574 -840.180 -959.391 -1067.600 -1152.857 -1209.061 -1239.586 -1253.610 -1259.109 -1261.169 -1261.932 -1262.213 -1262.316 -1262.354 -1262.368 -1262.373 -1262.375 -1262.375 -1262.376 -1262.376 -1262.376 -1262.375 -1262.375 -1262.375 -1262.375 -1262.375 -1262.375 -1262.375 -1262.375 -1262.375 -1262.375 -1262.375 -1262.375 -1262.375 -1262.375 -1262.374 -1262.372 -1262.366 -1262.352 -1262.322 -1262.265 -1262.165 -1261.998 -1261.733 -1261.321 -1261.479 -1261.704 -1262.039 -1262.702 -1265.134 -1262.654 -1262.492 -1262.507 -1262.538 -1262.577 -1262.624 -1262.681 -1262.749 -1262.829 -1262.924 -1263.035 -1263.164 -1263.314 -1263.486 -1263.684 -1263.909 -1264.166 -1264.456 -1264.783 -1265.151 -1265.561 -1266.019 -1266.528 -1267.092 -1267.715 -1268.402 -1269.158 -1269.988 -1270.897 -1271.893 -1272.982 -1274.173 -1275.474 -1276.896 -1278.451 -1280.152 -1282.018 -1284.066 -1286.323 -1288.818 -1291.591 -1294.691 -1298.185 -1302.164 -1306.757 -1312.162 -1318.700 -1327.002 -1338.971 -1364.237 -9999.000 -9999.000
-9999.000 -9999.000 -720.574 -840.180 -959.391 -1067.600 -1152.857 -1209.061 -1239.586 -1253.610 -1259.109 -1261.169 -1261.932 -1262.213 -1262.316 -1262.354 -1262.368 -1262.373 -1262.375 -1262.375 -1262.376 -1262.376 -1262.376 -1262.375 -1262.375 -1262.375 -1262.375 -1262.375 -1262.375 -1262.375 -1262.375 -1262.375 -1262.375 -1262.375 -1262.375 -1262.375 -1262.375 -1262.374 -1262.372 -1262.366 -1262.352 -1262.322 -1262.265 -1262.165 -1261.998 -1261.733 -1261.321 -1261.479 -1261.704 -1262.039 -1262.702 -1265.134 -1262.654 -1262.492 -1262.507 -1262.538 -1262.577 -1262.624 -1262.681 -1262.749 -1262.829 -1262.924 -1263.035 -1263.164 -1263.314 -1263.486 -1263.684 -1263.909 -1264.166 -1264.456 -1264.783 -1265.151 -1265.561 -1266.019 -1266.528 -1267.092 -1267.715 -1268.402 -1269.158 -1269.988 -1270.897 -1271.893 -1272.982 -1274.173 -1275.474 -1276.896 -1278.451 -1280.152 -1282.018 -1284.066 -1286.323 -1288.818 -1291.591 -1294.691 -1298.185 -1302.164 -1306.757 -1312.162 -1318.700 -1327.002 -1338.971 -1364.237 -9999.000 -9999.000
-9999.000 -9999.000 -720.574 -840.180 -959.391 -1067.600 -1152.857 -1209.061 -1239.586 -1253.610 -1259.109 -1261.169 -1261.932 -1262.213 -1262.316 -1262.354 -1262.368 -1262.373 -1262.375 -1262.375 -1262.376 -1262.376 -1262.376 -1262.375 -1262.375 -1262.375 -1262.375 -1262.375 -1262.375 -1262.375 -1262.375 -1262.375 -1262.375 -1262.375 -1262.375 -1262.375 -1262.375 -1262.374 -1262.372 -1262.366 -1262.352 -1262.322 -1262.265 -1262.165 -1261.998 -1261.733 -1261.321 -1261.479 -1261.704 -1262.039 -1262.702 -1265.134 -1262.654 -1262.492 -1262.507 -1262.538 -1262.577 -1262.624 -1262.681 -1262.749 -1262.829 -1262.924 -1263.035 -1263.164 -1263.314 -1263.486 -1263.684 -1263.909 -1264.166 -1264.456 -1264.783 -1265.151 -1265.561 -1266.019 -1266.528 -1267.092 -1267.715 -1268.402 -1269.158 -1269.988 -1270.897 -1271.893 -1272.982 -1274.173 -1275.474 -1276.896 -1278.451 -1280.152 -1282.018 -1284.066 -1286.323 -1288.818 -1291.591 -1294.691 -1298.185 -1302.164 -1306.757 -1312.162 -1318.700 -1327.002 -1338.971 -1364.237 -9999.000 -9999.000
-9999.000 -9999.000 -720.574 -840.180 -959.391 -1067.600 -1152.857 -1209.061 -1239.586 -1253.610 -1259.109 -1261.169 -1261.932 -1262.213 -1262.316 -1262.354 -1262.368 -1262.373 -1262.375 -1262.375 -1262.376 -1262.376 -1262.376 -1262.375 -1262.375 -1262.375 -1262.375 -1262.375 -1262.375 -1262.375 -1262.375 -1262.375 -1262.375 -1262.375 -1262.375 -1262.375 -1262.375 -1262.374 -1262.372 -1262.366 -1262.352 -1262.322 -1262.265 -1262.165 -1261.998 -1261.733 -1261.321 -1261.479 -1261.704 -1262.039 -1262.702 -1265.134 -1262.654 -1262.492 -1262.507 -1262.538 -1262.577 -1262.624 -1262.681 -1262.749 -1262.829 -1262.924 -1263.035 -1263.164 -1263.314 -1263.486 -1263.684 -1263.909 -1264.166 -1264.456 -1264.783 -1265.151 -1265.561 -1266.019 -1266.528 -1267.092 -1267.715 -1268.402 -1269.158 -1269.988 -1270.897 -1271.893 -1272.982 -1274.173 -1275.474 -1276.896 -1278.451 -1280.152 -1282.018 -1284.066 -1286.323 -1288.818 -1291.591 -1294.691 -1298.185 -1302.164 -1306.757 -1312.162 -1318.700 -1327.002 -1338.971 -1364.237 -9999.000 -9999.000
-9999.000 -9999.000 -720.574 -840.180 -959.391 -1067.600 -1152.857 -1209.061 -1239.586 -1253.610 -1259.109 -1261.169 -1261.932 -1262.213 -1262.316 -1262.354 -1262.368 -1262.373 -1262.375 -1262.375 -1262.376 -1262.376 -1262.376 -1262.375 -1262.375 -1262.375 -1262.375 -1262.375 -1262.375 -1262.375 -1262.375 -1262.375 -1262.375 -1262.375 -1262.375 -1262.375 -1262.375 -1262.374 -1262.372 -1262.366 -1262.352 -1262.322 -1262.265 -1262.165 -1261.998 -1261.733 -1261.321 -1261.479 -1261.704 -1262.039 -1262.702 -1265.134 -1262.654 -1262.492 -1262.507 -1262.538 -1262.577 -1262.624 -1262.681 -1262.749 -1262.829 -1262.924 -1263.035 -1263.164 -1263.314 -1263.486 -1263.684 -1263.909 -1264.166 -1264.456 -1264.783 -1265.151 -1265.561 -1266.019 -1266.528 -1267.092 -1267.715 -1268.402 -1269.158 -1269.988 -1270.897 -1271.893 -1272.982 -1274.173 -1275.474 -1276.896 -1278.451 -1280.152 -1282.018 -1284.066 -1286.323 -1288.818 -1291.591 -1294.691 -1298.185 -1302.164 -1306.757 -1312.162 -1318.700 -1327.002 -1338.971 -1364.237 -9999.000 -9999.000
-9999.000 -9999.000 -720.574 -840.180 -959.391 -1067.600 -1152.857 -1209.061 -1239.586 -1253.610 -1259.109 -1261.169 -1261.932 -1262.213 -1262.316 -1262.354 -1262.368 -1262.373 -1262.375 -1262.375 -1262.376 -1262.376 -1262.376 -1262.375 -1262.375 -1262.375 -1262.375 -1262.375 -1262.375 -1262.375 -1262.375 -1262.375 -1262.375 -1262.375 -1262.375 -1262.375 -1262.375 -1262.374 -1262.372 -1262.366 -1262.352 -1262.322 -1262.265 -1262.165 -1261.998 -1261.733 -1261.321 -1261.479 -1261.704 -1262.039 -1262.702 -1265.134 -1262.654 -1262.492 -1262.507 -1262.538 -1262.577 -1262.624 -1262.681 -1262.749 -1262.829 -1262.924 -1263.035 -1263.164 -1263.314 -1263.486 -1263.684 -1263.909 -1264.166 -1264.456 -1264.783 -1265.151 -1265.561 -1266.019 -1266.528 -1267.092 -1267.715 -1268.402 -1269.158 -1269.988 -1270.897 -1271.893 -1272.982 -1274.173 -1275.474 -1276.896 -1278.451 -1280.152 -1282.018 -1284.066 -1286.323 -1288.818 -1291.591 -1294.691 -1298.185 -1302.164 -1306.757 -1312.162 -1318.700 -1327.002 -1338.971 -1364.237 -9999.000 -9999.000
-9999.000 -9999.000 -9999.000 -9999.000 -9999.000 -9999.000 -9999.000 -9999.000 -9999.000 -9999.000 -9999.000 -9999.000 -9999.000 -9999.000 -9999.000 -9999.000 -9999.000 -9999.000 -9999.000 -9999.000 -9999.000 -9999.000 -9999.000 -9999.000 -9999.000 -9999.000 -9999.000 -9999.000 -9999.000 -9999.000 -9999.000 -9999.000 -9999.000 -9999.000 -9999.000 -9999.000 -9999.000 -9999.000 -9999.000 -9999.000 -9999.000 -9999.000 -9999.000 -9999.000 -9999.000 -9999.000 -9999.000 -9999.000 -9999.000 -9999.000 -9999.000 -9999.000 -9999.000 -9999.000 -9999.000 -9999.000 -9999.000 -9999.000 -9999.000 -9999.000 -9999.000 -9999.000 -9999.000 -9999.000 -9999.000 -9999.000 -9999.000 -9999.000 -9999.000 -9999.000 -9999.000 -9999.000 -9999.000 -9999.000 -9999.000 -9999.000 -9999.000 -9999.000 -9999.000 -9999.000 -9999.000 -9999.000 -9999.000 -9999.000 -9999.000 -9999.000 -9999.000 -9999.000 -9999.000 -9999.000 -9999.000 -9999.000 -9999.000 -9999.000 -9999.000 -9999.000 -9999.000 -9999.000 -9999.000 -9999.000 -9999.000 -9999.000 -9999.000 -9999.000
-9999.000 -9999.000 -9999.000 -9999.000 -9999.000 -9999.000 -9999.000 -9999.000 -9999.000 -9999.000 -9999.000 -9999.000 -9999.000 -9999.000 -9999.000 -9999.000 -9999.000 -9999.000 -9999.000 -9999.000 -9999.000 -9999.000 -9999.000 -9999.000 -9999.000 -9999.000 -9999.000 -9999.000 -9999.000 -9999.000 -9999.000 -9999.000 -9999.000 -9999.000 -9999.000 -9999.000 -9999.000 -9999.000 -9999.000 -9999.000 -9999.000 -9999.000 -9999.000 -9999.000 -9999.000 -9999.000 -9999.000 -9999.000 -9999.000 -9999.000 -9999.000 -9999.000 -9999.000 -9999.000 -9999.000 -9999.000 -9999.000 -9999.000 -9999.000 -9999.000 -9999.000 -9999.000 -9999.000 -9999.000 -9999.000 -9999.000 -9999.000 -9999.000 -9999.000 -9999.000 -9999.000 -9999.000 -9999.000 -9999.000 -9999.000 -9999.000 -9999.000 -9999.000 -9999.000 -9999.000 -9999.000 -9999.000 -9999.000 -9999.000 -9999.000 -9999.000 -9999.000 -9999.000 -9999.000 -9999.000 -9999.000 -9999.000 -9999.000 -9999.000 -9999.000 -9999.000 -9999.000 -9999.000 -9999.000 -9999.000 -9999.000 -9999.000 -9999.000 -9999.000