examples/3D/hillslope02_superslab/output-maps-METEOIO-ON/psiliqL0076N0001.asc
ncols         104
nrows         10
xllcorner     -2.000000
yllcorner     0.000000
cellsize      1.000000
NODATA_value  -9999.0
-9999.000 -9999.000 -9999.000 -9999.000 -9999.000 -9999.000 -9999.000 -9999.000 -9999.000 -9999.000 -9999.000 -9999.000 -9999.000 -9999.000 -9999.000 -9999.000 -9999.000 -9999.000 -9999.000 -9999.000 -9999.000 -9999.000 -9999.000 -9999.000 -9999.000 -9999.000 -9999.000 -9999.000 -9999.000 -9999.000 -9999.000 -9999.000 -9999.000 -9999.000 -9999.000 -9999.000 -9999.000 -9999.000 -9999.000 -9999.000 -9999.000 -9999.000 -9999.000 -9999.000 -9999.000 -9999.000 -9999.000 -9999.000 -9999.000 -9999.000 -9999.000 -9999.000 -9999.000 -9999.000 -9999.000 -9999.000 -9999.000 -9999.000 -9999.000 -9999.000 -9999.000 -9999.000 -9999.000 -9999.000 -9999.000 -9999.000 -9999.000 -9999.000 -9999.000 -9999.000 -9999.000 -9999.000 -9999.000 -9999.000 -9999.000 -9999.000 -9999.000 -9999.000 -9999.000 -9999.000 -9999.000 -9999.000 -9999.000 -9999.000 -9999.000 -9999.000 -9999.000 -9999.000 -9999.000 -9999.000 -9999.000 -9999.000 -9999.000 -9999.000 -9999.000 -9999.000 -9999.000 -9999.000 -9999.000 -9999.000 -9999.000 -9999.000 -9999.000 -9999.000
-9999.000 -9999.000 -9999.000 -9999.000 -9999.000 -9999.000 -9999.000 -9999.000 -9999.000 -9999.000 -9999.000 -9999.000 -9999.000 -9999.000 -9999.000 -9999.000 -9999.000 -9999.000 -9999.000 -9999.000 -9999.000 -9999.000 -9999.000 -9999.000 -9999.000 -9999.000 -9999.000 -9999.000 -9999.000 -9999.000 -9999.000 -9999.000 -9999.000 -9999.000 -9999.000 -9999.000 -9999.000 -9999.000 -9999.000 -9999.000 -9999.000 -9999.000 -9999.000 -9999.000 -9999.000 -9999.000 -9999.000 -9999.000 -9999.000 -9999.000 -9999.000 -9999.000 -9999.000 -9999.000 -9999.000 -9999.000 -9999.000 -9999.000 -9999.000 -9999.000 -9999.000 -9999.000 -9999.000 -9999.000 -9999.000 -9999.000 -9999.000 -9999.000 -9999.000 -9999.000 -9999.000 -9999.000 -9999.000 -9999.000 -9999.000 -9999.000 -9999.000 -9999.000 -9999.000 -9999.000 -9999.000 -9999.000 -9999.000 -9999.000 -9999.000 -9999.000 -9999.000 -9999.000 -9999.000 -9999.000 -9999.000 -9999.000 -9999.000 -9999.000 -9999.000 -9999.000 -9999.000 -9999.000 -9999.000 -9999.000 -9999.000 -9999.000 -9999.000 -9999.000
-9999.000 -9999.000 -922.254 -1039.885 -1126.973 -1176.626 -1199.376 -1208.205 -1211.282 -1212.333 -1212.690 -1212.811 -1212.851 -1212.865 -1212.869 -1212.871 -1212.871 -1212.871 -1212.871 -1212.871 -1212.871 -1212.871 -1212.871 -1212.871 -1212.871 -1212.871 -1212.871 -1212.871 -1212.871 -1212.871 -1212.871 -1212.871 -1212.871 -1212.871 -1212.871 -1212.871 -1212.871 -1212.871 -1212.871 -1212.869 -1212.866 -1212.856 -1212.831 -1212.777 -1212.672 -1212.487 -1212.181 -1211.962 -1212.282 -1212.546 -1212.973 -1214.882 -1212.957 -1212.875 -1212.872 -1212.871 -1212.871 -1212.871 -1212.871 -1212.871 -1212.871 -1212.872 -1212.872 -1212.872 -1212.872 -1212.873 -1212.874 -1212.875 -1212.877 -1212.880 -1212.884 -1212.890 -1212.899 -1212.912 -1212.930 -1212.954 -1212.987 -1213.031 -1213.090 -1213.168 -1213.269 -1213.399 -1213.564 -1213.773 -1214.034 -1214.357 -1214.754 -1215.239 -1215.826 -1216.534 -1217.383 -1218.399 -1219.611 -1221.056 -1222.782 -1224.851 -1227.350 -1230.406 -1234.220 -1239.171 -1246.430 -1263.795 -9999.000 -9999.000
-9999.000 -9999.000 -922.254 -1039.885 -1126.973 -1176.626 -1199.376 -1208.205 -1211.282 -1212.333 -1212.690 -1212.811 -1212.851 -1212.865 -1212.869 -1212.871 -1212.871 -1212.871 -1212.871 -1212.871 -1212.871 -1212.871 -1212.871 -1212.871 -1212.871 -1212.871 -1212.871 -1212.871 -1212.871 -1212.871 -1212.871 -1212.871 -1212.871 -1212.871 -1212.871 -1212.871 -1212.871 -1212.871 -1212.871 -1212.869 -1212.866 -1212.856 -1212.831 -1212.777 -1212.672 -1212.487 -1212.181 -1211.962 -1212.282 -1212.546 -1212.973 -1214.882 -1212.957 -1212.875 -1212.872 -1212.871 -1212.871 -1212.871 -1212.871 -1212.871 -1212.871 -1212.872 -1212.872 -1212.872 -1212.872 -1212.873 -1212.874 -1212.875 -1212.877 -1212.880 -1212.884 -1212.890 -1212.899 -1212.912 -1212.930 -1212.954 -1212.987 -1213.031 -1213.090 -1213.168 -1213.269 -1213.399 -1213.564 -1213.773 -1214.034 -1214.357 -1214.754 -1215.239 -1215.826 -1216.534 -1217.383 -1218.399 -1219.611 -1221.056 -1222.782 -1224.851 -1227.350 -1230.406 -1234.220 -1239.171 -1246.430 -1263.795 -9999.000 -9999.000
-9999.000 -9999.000 -922.254 -1039.885 -1126.973 -1176.626 -1199.376 -1208.205 -1211.282 -1212.333 -1212.690 -1212.811 -1212.851 -1212.865 -1212.869 -1212.871 -1212.871 -1212.871 -1212.871 -1212.871 -1212.871 -1212.871 -1212.871 -1212.871 -1212.871 -1212.871 -1212.871 -1212.871 -1212.871 -1212.871 -1212.871 -1212.871 -1212.871 -1212.871 -1212.871 -1212.871 -1212.871 -1212.871 -1212.871 -1212.869 -1212.866 -1212.856 -1212.831 -1212.777 -1212.672 -1212.487 -1212.181 -1211.962 -1212.282 -1212.546 -1212.973 -1214.882 -1212.957 -1212.875 -1212.872 -1212.871 -1212.871 -1212.871 -1212.871 -1212.871 -1212.871 -1212.872 -1212.872 -1212.872 -1212.872 -1212.873 -1212.874 -1212.875 -1212.877 -1212.880 -1212.884 -1212.890 -1212.899 -1212.912 -1212.930 -1212.954 -1212.987 -1213.031 -1213.090 -1213.168 -1213.269 -1213.399 -1213.564 -1213.773 -1214.034 -1214.357 -1214.754 -1215.239 -1215.826 -1216.534 -1217.383 -1218.399 -1219.611 -1221.056 -1222.782 -1224.851 -1227.350 -1230.406 -1234.220 -1239.171 -1246.430 -1263.795 -9999.000 -9999.000
-9999.000 -9999.000 -922.254 -1039.885 -1126.973 -1176.626 -1199.376 -1208.205 -1211.282 -1212.333 -1212.690 -1212.811 -1212.851 -1212.865 -1212.869 -1212.871 -1212.871 -1212.871 -1212.871 -1212.871 -1212.871 -1212.871 -1212.871 -1212.871 -1212.871 -1212.871 -1212.871 -1212.871 -1212.871 -1212.871 -1212.871 -1212.871 -1212.871 -1212.871 -1212.871 -1212.871 -1212.871 -1212.871 -1212.871 -1212.869 -1212.866 -1212.856 -1212.831 -1212.777 -1212.672 -1212.487 -1212.181 -1211.962 -1212.282 -1212.546 -1212.973 -1214.882 -1212.957 -1212.875 -1212.872 -1212.871 -1212.871 -1212.871 -1212.871 -1212.871 -1212.871 -1212.872 -1212.872 -1212.872 -1212.872 -1212.873 -1212.874 -1212.875 -1212.877 -1212.880 -1212.884 -1212.890 -1212.899 -1212.912 -1212.930 -1212.954 -1212.987 -1213.031 -1213.090 -1213.168 -1213.269 -1213.399 -1213.564 -1213.773 -1214.034 -1214.357 -1214.754 -1215.239 -1215.826 -1216.534 -1217.383 -1218.399 -1219.611 -1221.056 -1222.782 -1224.851 -1227.350 -1230.406 -1234.220 -1239.171 -1246.430 -1263.795 -9999.000 -9999.000
-9999.000 -9999.000 -922.254 -1039.885 -1126.973 -1176.626 -1199.376 -1208.205 -1211.282 -1212.333 -1212.690 -1212.811 -1212.851 -1212.865 -1212.869 -1212.871 -1212.871 -1212.871 -1212.871 -1212.871 -1212.871 -1212.871 -1212.871 -1212.871 -1212.871 -1212.871 -1212.871 -1212.871 -1212.871 -1212.871 -1212.871 -1212.871 -1212.871 -1212.871 -1212.871 -1212.871 -1212.871 -1212.871 -1212.871 -1212.869 -1212.866 -1212.856 -1212.831 -1212.777 -1212.672 -1212.487 -1212.181 -1211.962 -1212.282 -1212.546 -1212.973 -1214.882 -1212.957 -1212.875 -1212.872 -1212.871 -1212.871 -1212.871 -1212.871 -1212.871 -1212.871 -1212.872 -1212.872 -1212.872 -1212.872 -1212.873 -1212.874 -1212.875 -1212.877 -1212.880 -1212.884 -1212.890 -1212.899 -1212.912 -1212.930 -1212.954 -1212.987 -1213.031 -1213.090 -1213.168 -1213.269 -1213.399 -1213.564 -1213.773 -1214.034 -1214.357 -1214.754 -1215.239 -1215.826 -1216.534 -1217.383 -1218.399 -1219.611 -1221.056 -1222.782 -1224.851 -1227.350 -1230.406 -1234.220 -1239.171 -1246.430 -1263.795 -9999.000 -9999.000
-9999.000 -9999.000 -922.254 -1039.885 -1126.973 -1176.626 -1199.376 -1208.205 -1211.282 -1212.333 -1212.690 -1212.811 -1212.851 -1212.865 -1212.869 -1212.871 -1212.871 -1212.871 -1212.871 -1212.871 -1212.871 -1212.871 -1212.871 -1212.871 -1212.871 -1212.871 -1212.871 -1212.871 -1212.871 -1212.871 -1212.871 -1212.871 -1212.871 -1212.871 -1212.871 -1212.871 -1212.871 -1212.871 -1212.871 -1212.869 -1212.866 -1212.856 -1212.831 -1212.777 -1212.672 -1212.487 -1212.181 -1211.962 -1212.282 -1212.546 -1212.973 -1214.882 -1212.957 -1212.875 -1212.872 -1212.871 -1212.871 -1212.871 -1212.871 -1212.871 -1212.871 -1212.872 -1212.872 -1212.872 -1212.872 -1212.873 -1212.874 -1212.875 -1212.877 -1212.880 -1212.884 -1212.890 -1212.899 -1212.912 -1212.930 -1212.954 -1212.987 -1213.031 -1213.090 -1213.168 -1213.269 -1213.399 -1213.564 -1213.773 -1214.034 -1214.357 -1214.754 -1215.239 -1215.826 -1216.534 -1217.383 -1218.399 -1219.611 -1221.056 -1222.782 -1224.851 -1227.350 -1230.406 -1234.220 -1239.171 -1246.430 -1263.795 -9999.000 -9999.000
-9999.000 -9999.000 -9999.000 -9999.000 -9999.000 -9999.000 -9999.000 -9999.000 -9999.000 -9999.000 -9999.000 -9999.000 -9999.000 -9999.000 -9999.000 -9999.000 -9999.000 -9999.000 -9999.000 -9999.000 -9999.000 -9999.000 -9999.000 -9999.000 -9999.000 -9999.000 -9999.000 -9999.000 -9999.000 -9999.000 -9999.000 -9999.000 -9999.000 -9999.000 -9999.000 -9999.000 -9999.000 -9999.000 -9999.000 -9999.000 -9999.000 -9999.000 -9999.000 -9999.000 -9999.000 -9999.000 -9999.000 -9999.000 -9999.000 -9999.000 -9999.000 -9999.000 -9999.000 -9999.000 -9999.000 -9999.000 -9999.000 -9999.000 -9999.000 -9999.000 -9999.000 -9999.000 -9999.000 -9999.000 -9999.000 -9999.000 -9999.000 -9999.000 -9999.000 -9999.000 -9999.000 -9999.000 -9999.000 -9999.000 -9999.000 -9999.000 -9999.000 -9999.000 -9999.000 -9999.000 -9999.000 -9999.000 -9999.000 -9999.000 -9999.000 -9999.000 -9999.000 -9999.000 -9999.000 -9999.000 -9999.000 -9999.000 -9999.000 -9999.000 -9999.000 -9999.000 -9999.000 -9999.000 -9999.000 -9999.000 -9999.000 -9999.000 -9999.000 -9999.000
-9999.000 -9999.000 -9999.000 -9999.000 -9999.000 -9999.000 -9999.000 -9999.000 -9999.000 -9999.000 -9999.000 -9999.000 -9999.000 -9999.000 -9999.000 -9999.000 -9999.000 -9999.000 -9999.000 -9999.000 -9999.000 -9999.000 -9999.000 -9999.000 -9999.000 -9999.000 -9999.000 -9999.000 -9999.000 -9999.000 -9999.000 -9999.000 -9999.000 -9999.000 -9999.000 -9999.000 -9999.000 -9999.000 -9999.000 -9999.000 -9999.000 -9999.000 -9999.000 -9999.000 -9999.000 -9999.000 -9999.000 -9999.000 -9999.000 -9999.000 -9999.000 -9999.000 -9999.000 -9999.000 -9999.000 -9999.000 -9999.000 -9999.000 -9999.000 -9999.000 -9999.000 -9999.000 -9999.000 -9999.000 -9999.000 -9999.000 -9999.000 -9999.000 -9999.000 -9999.000 -9999.000 -9999.000 -9999.000 -9999.000 -9999.000 -9999.000 -9999.000 -9999.000 -9999.000 -9999.000 -9999.000 -9999.000 -9999.000 -9999.000 -9999.000 -9999.000 -9999.000 -9999.000 -9999.000 -9999.000 -9999.000 -9999.000 -9999.000 -9999.000 -9999.000 -9999.000 -9999.000 -9999.000 -9999.000 -9999.000 -9999.000 -9999.000 -9999.000 -9999.000