examples/3D/hillslope02_superslab/output-maps-METEOIO-ON/psiliqL0056N0003.asc
ncols         104
nrows         10
xllcorner     -2.000000
yllcorner     0.000000
cellsize      1.000000
NODATA_value  -9999.0
-9999.000 -9999.000 -9999.000 -9999.000 -9999.000 -9999.000 -9999.000 -9999.000 -9999.000 -9999.000 -9999.000 -9999.000 -9999.000 -9999.000 -9999.000 -9999.000 -9999.000 -9999.000 -9999.000 -9999.000 -9999.000 -9999.000 -9999.000 -9999.000 -9999.000 -9999.000 -9999.000 -9999.000 -9999.000 -9999.000 -9999.000 -9999.000 -9999.000 -9999.000 -9999.000 -9999.000 -9999.000 -9999.000 -9999.000 -9999.000 -9999.000 -9999.000 -9999.000 -9999.000 -9999.000 -9999.000 -9999.000 -9999.000 -9999.000 -9999.000 -9999.000 -9999.000 -9999.000 -9999.000 -9999.000 -9999.000 -9999.000 -9999.000 -9999.000 -9999.000 -9999.000 -9999.000 -9999.000 -9999.000 -9999.000 -9999.000 -9999.000 -9999.000 -9999.000 -9999.000 -9999.000 -9999.000 -9999.000 -9999.000 -9999.000 -9999.000 -9999.000 -9999.000 -9999.000 -9999.000 -9999.000 -9999.000 -9999.000 -9999.000 -9999.000 -9999.000 -9999.000 -9999.000 -9999.000 -9999.000 -9999.000 -9999.000 -9999.000 -9999.000 -9999.000 -9999.000 -9999.000 -9999.000 -9999.000 -9999.000 -9999.000 -9999.000 -9999.000 -9999.000
-9999.000 -9999.000 -9999.000 -9999.000 -9999.000 -9999.000 -9999.000 -9999.000 -9999.000 -9999.000 -9999.000 -9999.000 -9999.000 -9999.000 -9999.000 -9999.000 -9999.000 -9999.000 -9999.000 -9999.000 -9999.000 -9999.000 -9999.000 -9999.000 -9999.000 -9999.000 -9999.000 -9999.000 -9999.000 -9999.000 -9999.000 -9999.000 -9999.000 -9999.000 -9999.000 -9999.000 -9999.000 -9999.000 -9999.000 -9999.000 -9999.000 -9999.000 -9999.000 -9999.000 -9999.000 -9999.000 -9999.000 -9999.000 -9999.000 -9999.000 -9999.000 -9999.000 -9999.000 -9999.000 -9999.000 -9999.000 -9999.000 -9999.000 -9999.000 -9999.000 -9999.000 -9999.000 -9999.000 -9999.000 -9999.000 -9999.000 -9999.000 -9999.000 -9999.000 -9999.000 -9999.000 -9999.000 -9999.000 -9999.000 -9999.000 -9999.000 -9999.000 -9999.000 -9999.000 -9999.000 -9999.000 -9999.000 -9999.000 -9999.000 -9999.000 -9999.000 -9999.000 -9999.000 -9999.000 -9999.000 -9999.000 -9999.000 -9999.000 -9999.000 -9999.000 -9999.000 -9999.000 -9999.000 -9999.000 -9999.000 -9999.000 -9999.000 -9999.000 -9999.000
-9999.000 -9999.000 -2045.136 -2124.840 -2166.793 -2186.952 -2196.167 -2200.214 -2201.907 -2202.577 -2202.827 -2202.918 -2202.951 -2202.963 -2202.968 -2202.969 -2202.970 -2202.970 -2202.970 -2202.970 -2202.970 -2202.970 -2202.970 -2202.970 -2202.970 -2202.970 -2202.971 -2202.971 -2202.973 -2202.977 -2202.983 -2202.993 -2203.006 -2203.021 -2203.030 -2203.024 -2202.985 -2202.906 -2202.868 -2202.864 -2202.890 -2202.954 -2202.994 -2203.018 -2203.029 -2203.031 -2203.028 -2203.023 -2203.018 -2203.018 -2203.043 -2203.178 -2203.000 -2202.975 -2202.973 -2202.974 -2202.975 -2202.976 -2202.977 -2202.978 -2202.980 -2202.982 -2202.984 -2202.987 -2202.990 -2202.994 -2202.998 -2203.003 -2203.010 -2203.017 -2203.025 -2203.034 -2203.045 -2203.057 -2203.072 -2203.088 -2203.107 -2203.129 -2203.153 -2203.181 -2203.213 -2203.249 -2203.290 -2203.337 -2203.389 -2203.449 -2203.517 -2203.594 -2203.682 -2203.782 -2203.896 -2204.026 -2204.175 -2204.347 -2204.547 -2204.781 -2205.058 -2205.390 -2205.802 -2206.361 -2207.737 -2218.403 -9999.000 -9999.000
-9999.000 -9999.000 -2045.136 -2124.840 -2166.793 -2186.952 -2196.167 -2200.214 -2201.907 -2202.577 -2202.827 -2202.918 -2202.951 -2202.963 -2202.968 -2202.969 -2202.970 -2202.970 -2202.970 -2202.970 -2202.970 -2202.970 -2202.970 -2202.970 -2202.970 -2202.970 -2202.971 -2202.971 -2202.973 -2202.977 -2202.983 -2202.993 -2203.006 -2203.021 -2203.030 -2203.024 -2202.985 -2202.906 -2202.868 -2202.864 -2202.890 -2202.954 -2202.994 -2203.018 -2203.029 -2203.031 -2203.028 -2203.023 -2203.018 -2203.018 -2203.043 -2203.178 -2203.000 -2202.975 -2202.973 -2202.974 -2202.975 -2202.976 -2202.977 -2202.978 -2202.980 -2202.982 -2202.984 -2202.987 -2202.990 -2202.994 -2202.998 -2203.003 -2203.010 -2203.017 -2203.025 -2203.034 -2203.045 -2203.057 -2203.072 -2203.088 -2203.107 -2203.129 -2203.153 -2203.181 -2203.213 -2203.249 -2203.290 -2203.337 -2203.389 -2203.449 -2203.517 -2203.594 -2203.682 -2203.782 -2203.896 -2204.026 -2204.175 -2204.347 -2204.547 -2204.781 -2205.058 -2205.390 -2205.802 -2206.361 -2207.737 -2218.403 -9999.000 -9999.000
-9999.000 -9999.000 -2045.136 -2124.840 -2166.793 -2186.952 -2196.167 -2200.214 -2201.907 -2202.577 -2202.827 -2202.918 -2202.951 -2202.963 -2202.968 -2202.969 -2202.970 -2202.970 -2202.970 -2202.970 -2202.970 -2202.970 -2202.970 -2202.970 -2202.970 -2202.970 -2202.971 -2202.971 -2202.973 -2202.977 -2202.983 -2202.993 -2203.006 -2203.021 -2203.030 -2203.024 -2202.985 -2202.906 -2202.868 -2202.864 -2202.890 -2202.954 -2202.994 -2203.018 -2203.029 -2203.031 -2203.028 -2203.023 -2203.018 -2203.018 -2203.043 -2203.178 -2203.000 -2202.975 -2202.973 -2202.974 -2202.975 -2202.976 -2202.977 -2202.978 -2202.980 -2202.982 -2202.984 -2202.987 -2202.990 -2202.994 -2202.998 -2203.003 -2203.010 -2203.017 -2203.025 -2203.034 -2203.045 -2203.057 -2203.072 -2203.088 -2203.107 -2203.129 -2203.153 -2203.181 -2203.213 -2203.249 -2203.290 -2203.337 -2203.389 -2203.449 -2203.517 -2203.594 -2203.682 -2203.782 -2203.896 -2204.026 -2204.175 -2204.347 -2204.547 -2204.781 -2205.058 -2205.390 -2205.802 -2206.361 -2207.737 -2218.403 -9999.000 -9999.000
-9999.000 -9999.000 -2045.136 -2124.840 -2166.793 -2186.952 -2196.167 -2200.214 -2201.907 -2202.577 -2202.827 -2202.918 -2202.951 -2202.963 -2202.968 -2202.969 -2202.970 -2202.970 -2202.970 -2202.970 -2202.970 -2202.970 -2202.970 -2202.970 -2202.970 -2202.970 -2202.971 -2202.971 -2202.973 -2202.977 -2202.983 -2202.993 -2203.006 -2203.021 -2203.030 -2203.024 -2202.985 -2202.906 -2202.868 -2202.864 -2202.890 -2202.954 -2202.994 -2203.018 -2203.029 -2203.031 -2203.028 -2203.023 -2203.018 -2203.018 -2203.043 -2203.178 -2203.000 -2202.975 -2202.973 -2202.974 -2202.975 -2202.976 -2202.977 -2202.978 -2202.980 -2202.982 -2202.984 -2202.987 -2202.990 -2202.994 -2202.998 -2203.003 -2203.010 -2203.017 -2203.025 -2203.034 -2203.045 -2203.057 -2203.072 -2203.088 -2203.107 -2203.129 -2203.153 -2203.181 -2203.213 -2203.249 -2203.290 -2203.337 -2203.389 -2203.449 -2203.517 -2203.594 -2203.682 -2203.782 -2203.896 -2204.026 -2204.175 -2204.347 -2204.547 -2204.781 -2205.058 -2205.390 -2205.802 -2206.361 -2207.737 -2218.403 -9999.000 -9999.000
-9999.000 -9999.000 -2045.136 -2124.840 -2166.793 -2186.952 -2196.167 -2200.214 -2201.907 -2202.577 -2202.827 -2202.918 -2202.951 -2202.963 -2202.968 -2202.969 -2202.970 -2202.970 -2202.970 -2202.970 -2202.970 -2202.970 -2202.970 -2202.970 -2202.970 -2202.970 -2202.971 -2202.971 -2202.973 -2202.977 -2202.983 -2202.993 -2203.006 -2203.021 -2203.030 -2203.024 -2202.985 -2202.906 -2202.868 -2202.864 -2202.890 -2202.954 -2202.994 -2203.018 -2203.029 -2203.031 -2203.028 -2203.023 -2203.018 -2203.018 -2203.043 -2203.178 -2203.000 -2202.975 -2202.973 -2202.974 -2202.975 -2202.976 -2202.977 -2202.978 -2202.980 -2202.982 -2202.984 -2202.987 -2202.990 -2202.994 -2202.998 -2203.003 -2203.010 -2203.017 -2203.025 -2203.034 -2203.045 -2203.057 -2203.072 -2203.088 -2203.107 -2203.129 -2203.153 -2203.181 -2203.213 -2203.249 -2203.290 -2203.337 -2203.389 -2203.449 -2203.517 -2203.594 -2203.682 -2203.782 -2203.896 -2204.026 -2204.175 -2204.347 -2204.547 -2204.781 -2205.058 -2205.390 -2205.802 -2206.361 -2207.737 -2218.403 -9999.000 -9999.000
-9999.000 -9999.000 -2045.136 -2124.840 -2166.793 -2186.952 -2196.167 -2200.214 -2201.907 -2202.577 -2202.827 -2202.918 -2202.951 -2202.963 -2202.968 -2202.969 -2202.970 -2202.970 -2202.970 -2202.970 -2202.970 -2202.970 -2202.970 -2202.970 -2202.970 -2202.970 -2202.971 -2202.971 -2202.973 -2202.977 -2202.983 -2202.993 -2203.006 -2203.021 -2203.030 -2203.024 -2202.985 -2202.906 -2202.868 -2202.864 -2202.890 -2202.954 -2202.994 -2203.018 -2203.029 -2203.031 -2203.028 -2203.023 -2203.018 -2203.018 -2203.043 -2203.178 -2203.000 -2202.975 -2202.973 -2202.974 -2202.975 -2202.976 -2202.977 -2202.978 -2202.980 -2202.982 -2202.984 -2202.987 -2202.990 -2202.994 -2202.998 -2203.003 -2203.010 -2203.017 -2203.025 -2203.034 -2203.045 -2203.057 -2203.072 -2203.088 -2203.107 -2203.129 -2203.153 -2203.181 -2203.213 -2203.249 -2203.290 -2203.337 -2203.389 -2203.449 -2203.517 -2203.594 -2203.682 -2203.782 -2203.896 -2204.026 -2204.175 -2204.347 -2204.547 -2204.781 -2205.058 -2205.390 -2205.802 -2206.361 -2207.737 -2218.403 -9999.000 -9999.000
-9999.000 -9999.000 -9999.000 -9999.000 -9999.000 -9999.000 -9999.000 -9999.000 -9999.000 -9999.000 -9999.000 -9999.000 -9999.000 -9999.000 -9999.000 -9999.000 -9999.000 -9999.000 -9999.000 -9999.000 -9999.000 -9999.000 -9999.000 -9999.000 -9999.000 -9999.000 -9999.000 -9999.000 -9999.000 -9999.000 -9999.000 -9999.000 -9999.000 -9999.000 -9999.000 -9999.000 -9999.000 -9999.000 -9999.000 -9999.000 -9999.000 -9999.000 -9999.000 -9999.000 -9999.000 -9999.000 -9999.000 -9999.000 -9999.000 -9999.000 -9999.000 -9999.000 -9999.000 -9999.000 -9999.000 -9999.000 -9999.000 -9999.000 -9999.000 -9999.000 -9999.000 -9999.000 -9999.000 -9999.000 -9999.000 -9999.000 -9999.000 -9999.000 -9999.000 -9999.000 -9999.000 -9999.000 -9999.000 -9999.000 -9999.000 -9999.000 -9999.000 -9999.000 -9999.000 -9999.000 -9999.000 -9999.000 -9999.000 -9999.000 -9999.000 -9999.000 -9999.000 -9999.000 -9999.000 -9999.000 -9999.000 -9999.000 -9999.000 -9999.000 -9999.000 -9999.000 -9999.000 -9999.000 -9999.000 -9999.000 -9999.000 -9999.000 -9999.000 -9999.000
-9999.000 -9999.000 -9999.000 -9999.000 -9999.000 -9999.000 -9999.000 -9999.000 -9999.000 -9999.000 -9999.000 -9999.000 -9999.000 -9999.000 -9999.000 -9999.000 -9999.000 -9999.000 -9999.000 -9999.000 -9999.000 -9999.000 -9999.000 -9999.000 -9999.000 -9999.000 -9999.000 -9999.000 -9999.000 -9999.000 -9999.000 -9999.000 -9999.000 -9999.000 -9999.000 -9999.000 -9999.000 -9999.000 -9999.000 -9999.000 -9999.000 -9999.000 -9999.000 -9999.000 -9999.000 -9999.000 -9999.000 -9999.000 -9999.000 -9999.000 -9999.000 -9999.000 -9999.000 -9999.000 -9999.000 -9999.000 -9999.000 -9999.000 -9999.000 -9999.000 -9999.000 -9999.000 -9999.000 -9999.000 -9999.000 -9999.000 -9999.000 -9999.000 -9999.000 -9999.000 -9999.000 -9999.000 -9999.000 -9999.000 -9999.000 -9999.000 -9999.000 -9999.000 -9999.000 -9999.000 -9999.000 -9999.000 -9999.000 -9999.000 -9999.000 -9999.000 -9999.000 -9999.000 -9999.000 -9999.000 -9999.000 -9999.000 -9999.000 -9999.000 -9999.000 -9999.000 -9999.000 -9999.000 -9999.000 -9999.000 -9999.000 -9999.000 -9999.000 -9999.000