examples/3D/hillslope02_superslab/output-maps-METEOIO-ON/psiliqL0045N0003.asc
ncols         104
nrows         10
xllcorner     -2.000000
yllcorner     0.000000
cellsize      1.000000
NODATA_value  -9999.0
-9999.000 -9999.000 -9999.000 -9999.000 -9999.000 -9999.000 -9999.000 -9999.000 -9999.000 -9999.000 -9999.000 -9999.000 -9999.000 -9999.000 -9999.000 -9999.000 -9999.000 -9999.000 -9999.000 -9999.000 -9999.000 -9999.000 -9999.000 -9999.000 -9999.000 -9999.000 -9999.000 -9999.000 -9999.000 -9999.000 -9999.000 -9999.000 -9999.000 -9999.000 -9999.000 -9999.000 -9999.000 -9999.000 -9999.000 -9999.000 -9999.000 -9999.000 -9999.000 -9999.000 -9999.000 -9999.000 -9999.000 -9999.000 -9999.000 -9999.000 -9999.000 -9999.000 -9999.000 -9999.000 -9999.000 -9999.000 -9999.000 -9999.000 -9999.000 -9999.000 -9999.000 -9999.000 -9999.000 -9999.000 -9999.000 -9999.000 -9999.000 -9999.000 -9999.000 -9999.000 -9999.000 -9999.000 -9999.000 -9999.000 -9999.000 -9999.000 -9999.000 -9999.000 -9999.000 -9999.000 -9999.000 -9999.000 -9999.000 -9999.000 -9999.000 -9999.000 -9999.000 -9999.000 -9999.000 -9999.000 -9999.000 -9999.000 -9999.000 -9999.000 -9999.000 -9999.000 -9999.000 -9999.000 -9999.000 -9999.000 -9999.000 -9999.000 -9999.000 -9999.000
-9999.000 -9999.000 -9999.000 -9999.000 -9999.000 -9999.000 -9999.000 -9999.000 -9999.000 -9999.000 -9999.000 -9999.000 -9999.000 -9999.000 -9999.000 -9999.000 -9999.000 -9999.000 -9999.000 -9999.000 -9999.000 -9999.000 -9999.000 -9999.000 -9999.000 -9999.000 -9999.000 -9999.000 -9999.000 -9999.000 -9999.000 -9999.000 -9999.000 -9999.000 -9999.000 -9999.000 -9999.000 -9999.000 -9999.000 -9999.000 -9999.000 -9999.000 -9999.000 -9999.000 -9999.000 -9999.000 -9999.000 -9999.000 -9999.000 -9999.000 -9999.000 -9999.000 -9999.000 -9999.000 -9999.000 -9999.000 -9999.000 -9999.000 -9999.000 -9999.000 -9999.000 -9999.000 -9999.000 -9999.000 -9999.000 -9999.000 -9999.000 -9999.000 -9999.000 -9999.000 -9999.000 -9999.000 -9999.000 -9999.000 -9999.000 -9999.000 -9999.000 -9999.000 -9999.000 -9999.000 -9999.000 -9999.000 -9999.000 -9999.000 -9999.000 -9999.000 -9999.000 -9999.000 -9999.000 -9999.000 -9999.000 -9999.000 -9999.000 -9999.000 -9999.000 -9999.000 -9999.000 -9999.000 -9999.000 -9999.000 -9999.000 -9999.000 -9999.000 -9999.000
-9999.000 -9999.000 -2739.493 -2746.675 -2747.276 -2747.433 -2747.491 -2747.513 -2747.521 -2747.523 -2747.524 -2747.525 -2747.525 -2747.525 -2747.525 -2747.525 -2747.525 -2747.525 -2747.525 -2747.525 -2747.525 -2747.525 -2747.525 -2747.526 -2747.530 -2747.537 -2747.552 -2747.579 -2747.623 -2747.685 -2747.764 -2747.851 -2747.711 -2747.565 -2747.455 -2747.298 -2747.352 -2747.424 -2747.472 -2747.501 -2747.519 -2747.528 -2747.531 -2747.531 -2747.531 -2747.530 -2747.529 -2747.528 -2747.527 -2747.527 -2747.526 -2747.528 -2747.525 -2747.525 -2747.525 -2747.525 -2747.525 -2747.525 -2747.525 -2747.525 -2747.525 -2747.525 -2747.525 -2747.525 -2747.525 -2747.525 -2747.525 -2747.525 -2747.525 -2747.525 -2747.525 -2747.525 -2747.525 -2747.525 -2747.525 -2747.525 -2747.525 -2747.525 -2747.525 -2747.525 -2747.525 -2747.525 -2747.526 -2747.526 -2747.526 -2747.526 -2747.527 -2747.527 -2747.528 -2747.528 -2747.529 -2747.530 -2747.531 -2747.532 -2747.534 -2747.536 -2747.539 -2747.542 -2747.546 -2747.559 -2747.808 -2754.043 -9999.000 -9999.000
-9999.000 -9999.000 -2739.493 -2746.675 -2747.276 -2747.433 -2747.491 -2747.513 -2747.521 -2747.523 -2747.524 -2747.525 -2747.525 -2747.525 -2747.525 -2747.525 -2747.525 -2747.525 -2747.525 -2747.525 -2747.525 -2747.525 -2747.525 -2747.526 -2747.530 -2747.537 -2747.552 -2747.579 -2747.623 -2747.685 -2747.764 -2747.851 -2747.711 -2747.565 -2747.455 -2747.298 -2747.352 -2747.424 -2747.472 -2747.501 -2747.519 -2747.528 -2747.531 -2747.531 -2747.531 -2747.530 -2747.529 -2747.528 -2747.527 -2747.527 -2747.526 -2747.528 -2747.525 -2747.525 -2747.525 -2747.525 -2747.525 -2747.525 -2747.525 -2747.525 -2747.525 -2747.525 -2747.525 -2747.525 -2747.525 -2747.525 -2747.525 -2747.525 -2747.525 -2747.525 -2747.525 -2747.525 -2747.525 -2747.525 -2747.525 -2747.525 -2747.525 -2747.525 -2747.525 -2747.525 -2747.525 -2747.525 -2747.526 -2747.526 -2747.526 -2747.526 -2747.527 -2747.527 -2747.528 -2747.528 -2747.529 -2747.530 -2747.531 -2747.532 -2747.534 -2747.536 -2747.539 -2747.542 -2747.546 -2747.559 -2747.808 -2754.043 -9999.000 -9999.000
-9999.000 -9999.000 -2739.493 -2746.675 -2747.276 -2747.433 -2747.491 -2747.513 -2747.521 -2747.523 -2747.524 -2747.525 -2747.525 -2747.525 -2747.525 -2747.525 -2747.525 -2747.525 -2747.525 -2747.525 -2747.525 -2747.525 -2747.525 -2747.526 -2747.530 -2747.537 -2747.552 -2747.579 -2747.623 -2747.685 -2747.764 -2747.851 -2747.711 -2747.565 -2747.455 -2747.298 -2747.352 -2747.424 -2747.472 -2747.501 -2747.519 -2747.528 -2747.531 -2747.531 -2747.531 -2747.530 -2747.529 -2747.528 -2747.527 -2747.527 -2747.526 -2747.528 -2747.525 -2747.525 -2747.525 -2747.525 -2747.525 -2747.525 -2747.525 -2747.525 -2747.525 -2747.525 -2747.525 -2747.525 -2747.525 -2747.525 -2747.525 -2747.525 -2747.525 -2747.525 -2747.525 -2747.525 -2747.525 -2747.525 -2747.525 -2747.525 -2747.525 -2747.525 -2747.525 -2747.525 -2747.525 -2747.525 -2747.526 -2747.526 -2747.526 -2747.526 -2747.527 -2747.527 -2747.528 -2747.528 -2747.529 -2747.530 -2747.531 -2747.532 -2747.534 -2747.536 -2747.539 -2747.542 -2747.546 -2747.559 -2747.808 -2754.043 -9999.000 -9999.000
-9999.000 -9999.000 -2739.493 -2746.675 -2747.276 -2747.433 -2747.491 -2747.513 -2747.521 -2747.523 -2747.524 -2747.525 -2747.525 -2747.525 -2747.525 -2747.525 -2747.525 -2747.525 -2747.525 -2747.525 -2747.525 -2747.525 -2747.525 -2747.526 -2747.530 -2747.537 -2747.552 -2747.579 -2747.623 -2747.685 -2747.764 -2747.851 -2747.711 -2747.565 -2747.455 -2747.298 -2747.352 -2747.424 -2747.472 -2747.501 -2747.519 -2747.528 -2747.531 -2747.531 -2747.531 -2747.530 -2747.529 -2747.528 -2747.527 -2747.527 -2747.526 -2747.528 -2747.525 -2747.525 -2747.525 -2747.525 -2747.525 -2747.525 -2747.525 -2747.525 -2747.525 -2747.525 -2747.525 -2747.525 -2747.525 -2747.525 -2747.525 -2747.525 -2747.525 -2747.525 -2747.525 -2747.525 -2747.525 -2747.525 -2747.525 -2747.525 -2747.525 -2747.525 -2747.525 -2747.525 -2747.525 -2747.525 -2747.526 -2747.526 -2747.526 -2747.526 -2747.527 -2747.527 -2747.528 -2747.528 -2747.529 -2747.530 -2747.531 -2747.532 -2747.534 -2747.536 -2747.539 -2747.542 -2747.546 -2747.559 -2747.808 -2754.043 -9999.000 -9999.000
-9999.000 -9999.000 -2739.493 -2746.675 -2747.276 -2747.433 -2747.491 -2747.513 -2747.521 -2747.523 -2747.524 -2747.525 -2747.525 -2747.525 -2747.525 -2747.525 -2747.525 -2747.525 -2747.525 -2747.525 -2747.525 -2747.525 -2747.525 -2747.526 -2747.530 -2747.537 -2747.552 -2747.579 -2747.623 -2747.685 -2747.764 -2747.851 -2747.711 -2747.565 -2747.455 -2747.298 -2747.352 -2747.424 -2747.472 -2747.501 -2747.519 -2747.528 -2747.531 -2747.531 -2747.531 -2747.530 -2747.529 -2747.528 -2747.527 -2747.527 -2747.526 -2747.528 -2747.525 -2747.525 -2747.525 -2747.525 -2747.525 -2747.525 -2747.525 -2747.525 -2747.525 -2747.525 -2747.525 -2747.525 -2747.525 -2747.525 -2747.525 -2747.525 -2747.525 -2747.525 -2747.525 -2747.525 -2747.525 -2747.525 -2747.525 -2747.525 -2747.525 -2747.525 -2747.525 -2747.525 -2747.525 -2747.525 -2747.526 -2747.526 -2747.526 -2747.526 -2747.527 -2747.527 -2747.528 -2747.528 -2747.529 -2747.530 -2747.531 -2747.532 -2747.534 -2747.536 -2747.539 -2747.542 -2747.546 -2747.559 -2747.808 -2754.043 -9999.000 -9999.000
-9999.000 -9999.000 -2739.493 -2746.675 -2747.276 -2747.433 -2747.491 -2747.513 -2747.521 -2747.523 -2747.524 -2747.525 -2747.525 -2747.525 -2747.525 -2747.525 -2747.525 -2747.525 -2747.525 -2747.525 -2747.525 -2747.525 -2747.525 -2747.526 -2747.530 -2747.537 -2747.552 -2747.579 -2747.623 -2747.685 -2747.764 -2747.851 -2747.711 -2747.565 -2747.455 -2747.298 -2747.352 -2747.424 -2747.472 -2747.501 -2747.519 -2747.528 -2747.531 -2747.531 -2747.531 -2747.530 -2747.529 -2747.528 -2747.527 -2747.527 -2747.526 -2747.528 -2747.525 -2747.525 -2747.525 -2747.525 -2747.525 -2747.525 -2747.525 -2747.525 -2747.525 -2747.525 -2747.525 -2747.525 -2747.525 -2747.525 -2747.525 -2747.525 -2747.525 -2747.525 -2747.525 -2747.525 -2747.525 -2747.525 -2747.525 -2747.525 -2747.525 -2747.525 -2747.525 -2747.525 -2747.525 -2747.525 -2747.526 -2747.526 -2747.526 -2747.526 -2747.527 -2747.527 -2747.528 -2747.528 -2747.529 -2747.530 -2747.531 -2747.532 -2747.534 -2747.536 -2747.539 -2747.542 -2747.546 -2747.559 -2747.808 -2754.043 -9999.000 -9999.000
-9999.000 -9999.000 -9999.000 -9999.000 -9999.000 -9999.000 -9999.000 -9999.000 -9999.000 -9999.000 -9999.000 -9999.000 -9999.000 -9999.000 -9999.000 -9999.000 -9999.000 -9999.000 -9999.000 -9999.000 -9999.000 -9999.000 -9999.000 -9999.000 -9999.000 -9999.000 -9999.000 -9999.000 -9999.000 -9999.000 -9999.000 -9999.000 -9999.000 -9999.000 -9999.000 -9999.000 -9999.000 -9999.000 -9999.000 -9999.000 -9999.000 -9999.000 -9999.000 -9999.000 -9999.000 -9999.000 -9999.000 -9999.000 -9999.000 -9999.000 -9999.000 -9999.000 -9999.000 -9999.000 -9999.000 -9999.000 -9999.000 -9999.000 -9999.000 -9999.000 -9999.000 -9999.000 -9999.000 -9999.000 -9999.000 -9999.000 -9999.000 -9999.000 -9999.000 -9999.000 -9999.000 -9999.000 -9999.000 -9999.000 -9999.000 -9999.000 -9999.000 -9999.000 -9999.000 -9999.000 -9999.000 -9999.000 -9999.000 -9999.000 -9999.000 -9999.000 -9999.000 -9999.000 -9999.000 -9999.000 -9999.000 -9999.000 -9999.000 -9999.000 -9999.000 -9999.000 -9999.000 -9999.000 -9999.000 -9999.000 -9999.000 -9999.000 -9999.000 -9999.000
-9999.000 -9999.000 -9999.000 -9999.000 -9999.000 -9999.000 -9999.000 -9999.000 -9999.000 -9999.000 -9999.000 -9999.000 -9999.000 -9999.000 -9999.000 -9999.000 -9999.000 -9999.000 -9999.000 -9999.000 -9999.000 -9999.000 -9999.000 -9999.000 -9999.000 -9999.000 -9999.000 -9999.000 -9999.000 -9999.000 -9999.000 -9999.000 -9999.000 -9999.000 -9999.000 -9999.000 -9999.000 -9999.000 -9999.000 -9999.000 -9999.000 -9999.000 -9999.000 -9999.000 -9999.000 -9999.000 -9999.000 -9999.000 -9999.000 -9999.000 -9999.000 -9999.000 -9999.000 -9999.000 -9999.000 -9999.000 -9999.000 -9999.000 -9999.000 -9999.000 -9999.000 -9999.000 -9999.000 -9999.000 -9999.000 -9999.000 -9999.000 -9999.000 -9999.000 -9999.000 -9999.000 -9999.000 -9999.000 -9999.000 -9999.000 -9999.000 -9999.000 -9999.000 -9999.000 -9999.000 -9999.000 -9999.000 -9999.000 -9999.000 -9999.000 -9999.000 -9999.000 -9999.000 -9999.000 -9999.000 -9999.000 -9999.000 -9999.000 -9999.000 -9999.000 -9999.000 -9999.000 -9999.000 -9999.000 -9999.000 -9999.000 -9999.000 -9999.000 -9999.000