examples/3D/hillslope02_superslab/output-maps-METEOIO-ON/psiliqL0063N0003.asc
ncols         104
nrows         10
xllcorner     -2.000000
yllcorner     0.000000
cellsize      1.000000
NODATA_value  -9999.0
-9999.000 -9999.000 -9999.000 -9999.000 -9999.000 -9999.000 -9999.000 -9999.000 -9999.000 -9999.000 -9999.000 -9999.000 -9999.000 -9999.000 -9999.000 -9999.000 -9999.000 -9999.000 -9999.000 -9999.000 -9999.000 -9999.000 -9999.000 -9999.000 -9999.000 -9999.000 -9999.000 -9999.000 -9999.000 -9999.000 -9999.000 -9999.000 -9999.000 -9999.000 -9999.000 -9999.000 -9999.000 -9999.000 -9999.000 -9999.000 -9999.000 -9999.000 -9999.000 -9999.000 -9999.000 -9999.000 -9999.000 -9999.000 -9999.000 -9999.000 -9999.000 -9999.000 -9999.000 -9999.000 -9999.000 -9999.000 -9999.000 -9999.000 -9999.000 -9999.000 -9999.000 -9999.000 -9999.000 -9999.000 -9999.000 -9999.000 -9999.000 -9999.000 -9999.000 -9999.000 -9999.000 -9999.000 -9999.000 -9999.000 -9999.000 -9999.000 -9999.000 -9999.000 -9999.000 -9999.000 -9999.000 -9999.000 -9999.000 -9999.000 -9999.000 -9999.000 -9999.000 -9999.000 -9999.000 -9999.000 -9999.000 -9999.000 -9999.000 -9999.000 -9999.000 -9999.000 -9999.000 -9999.000 -9999.000 -9999.000 -9999.000 -9999.000 -9999.000 -9999.000
-9999.000 -9999.000 -9999.000 -9999.000 -9999.000 -9999.000 -9999.000 -9999.000 -9999.000 -9999.000 -9999.000 -9999.000 -9999.000 -9999.000 -9999.000 -9999.000 -9999.000 -9999.000 -9999.000 -9999.000 -9999.000 -9999.000 -9999.000 -9999.000 -9999.000 -9999.000 -9999.000 -9999.000 -9999.000 -9999.000 -9999.000 -9999.000 -9999.000 -9999.000 -9999.000 -9999.000 -9999.000 -9999.000 -9999.000 -9999.000 -9999.000 -9999.000 -9999.000 -9999.000 -9999.000 -9999.000 -9999.000 -9999.000 -9999.000 -9999.000 -9999.000 -9999.000 -9999.000 -9999.000 -9999.000 -9999.000 -9999.000 -9999.000 -9999.000 -9999.000 -9999.000 -9999.000 -9999.000 -9999.000 -9999.000 -9999.000 -9999.000 -9999.000 -9999.000 -9999.000 -9999.000 -9999.000 -9999.000 -9999.000 -9999.000 -9999.000 -9999.000 -9999.000 -9999.000 -9999.000 -9999.000 -9999.000 -9999.000 -9999.000 -9999.000 -9999.000 -9999.000 -9999.000 -9999.000 -9999.000 -9999.000 -9999.000 -9999.000 -9999.000 -9999.000 -9999.000 -9999.000 -9999.000 -9999.000 -9999.000 -9999.000 -9999.000 -9999.000 -9999.000
-9999.000 -9999.000 -1381.064 -1528.871 -1655.469 -1745.868 -1801.201 -1831.083 -1845.675 -1852.174 -1854.828 -1855.838 -1856.214 -1856.353 -1856.405 -1856.424 -1856.431 -1856.434 -1856.435 -1856.435 -1856.435 -1856.435 -1856.435 -1856.435 -1856.435 -1856.435 -1856.436 -1856.436 -1856.436 -1856.436 -1856.437 -1856.439 -1856.442 -1856.445 -1856.449 -1856.449 -1856.441 -1856.415 -1856.358 -1856.244 -1856.042 -1856.033 -1856.099 -1856.216 -1856.405 -1856.472 -1856.479 -1856.484 -1856.497 -1856.536 -1856.695 -1857.375 -1856.618 -1856.520 -1856.525 -1856.540 -1856.558 -1856.578 -1856.602 -1856.629 -1856.660 -1856.696 -1856.736 -1856.781 -1856.832 -1856.889 -1856.953 -1857.024 -1857.104 -1857.193 -1857.292 -1857.402 -1857.523 -1857.658 -1857.806 -1857.970 -1858.150 -1858.349 -1858.567 -1858.807 -1859.071 -1859.360 -1859.678 -1860.026 -1860.409 -1860.830 -1861.292 -1861.802 -1862.364 -1862.986 -1863.675 -1864.442 -1865.299 -1866.263 -1867.355 -1868.604 -1870.050 -1871.754 -1873.819 -1876.489 -1881.034 -1897.515 -9999.000 -9999.000
-9999.000 -9999.000 -1381.064 -1528.871 -1655.469 -1745.868 -1801.201 -1831.083 -1845.675 -1852.174 -1854.828 -1855.838 -1856.214 -1856.353 -1856.405 -1856.424 -1856.431 -1856.434 -1856.435 -1856.435 -1856.435 -1856.435 -1856.435 -1856.435 -1856.435 -1856.435 -1856.436 -1856.436 -1856.436 -1856.436 -1856.437 -1856.439 -1856.442 -1856.445 -1856.449 -1856.449 -1856.441 -1856.415 -1856.358 -1856.244 -1856.042 -1856.033 -1856.099 -1856.216 -1856.405 -1856.472 -1856.479 -1856.484 -1856.497 -1856.536 -1856.695 -1857.375 -1856.618 -1856.520 -1856.525 -1856.540 -1856.558 -1856.578 -1856.602 -1856.629 -1856.660 -1856.696 -1856.736 -1856.781 -1856.832 -1856.889 -1856.953 -1857.024 -1857.104 -1857.193 -1857.292 -1857.402 -1857.523 -1857.658 -1857.806 -1857.970 -1858.150 -1858.349 -1858.567 -1858.807 -1859.071 -1859.360 -1859.678 -1860.026 -1860.409 -1860.830 -1861.292 -1861.802 -1862.364 -1862.986 -1863.675 -1864.442 -1865.299 -1866.263 -1867.355 -1868.604 -1870.050 -1871.754 -1873.819 -1876.489 -1881.034 -1897.515 -9999.000 -9999.000
-9999.000 -9999.000 -1381.064 -1528.871 -1655.469 -1745.868 -1801.201 -1831.083 -1845.675 -1852.174 -1854.828 -1855.838 -1856.214 -1856.353 -1856.405 -1856.424 -1856.431 -1856.434 -1856.435 -1856.435 -1856.435 -1856.435 -1856.435 -1856.435 -1856.435 -1856.435 -1856.436 -1856.436 -1856.436 -1856.436 -1856.437 -1856.439 -1856.442 -1856.445 -1856.449 -1856.449 -1856.441 -1856.415 -1856.358 -1856.244 -1856.042 -1856.033 -1856.099 -1856.216 -1856.405 -1856.472 -1856.479 -1856.484 -1856.497 -1856.536 -1856.695 -1857.375 -1856.618 -1856.520 -1856.525 -1856.540 -1856.558 -1856.578 -1856.602 -1856.629 -1856.660 -1856.696 -1856.736 -1856.781 -1856.832 -1856.889 -1856.953 -1857.024 -1857.104 -1857.193 -1857.292 -1857.402 -1857.523 -1857.658 -1857.806 -1857.970 -1858.150 -1858.349 -1858.567 -1858.807 -1859.071 -1859.360 -1859.678 -1860.026 -1860.409 -1860.830 -1861.292 -1861.802 -1862.364 -1862.986 -1863.675 -1864.442 -1865.299 -1866.263 -1867.355 -1868.604 -1870.050 -1871.754 -1873.819 -1876.489 -1881.034 -1897.515 -9999.000 -9999.000
-9999.000 -9999.000 -1381.064 -1528.871 -1655.469 -1745.868 -1801.201 -1831.083 -1845.675 -1852.174 -1854.828 -1855.838 -1856.214 -1856.353 -1856.405 -1856.424 -1856.431 -1856.434 -1856.435 -1856.435 -1856.435 -1856.435 -1856.435 -1856.435 -1856.435 -1856.435 -1856.436 -1856.436 -1856.436 -1856.436 -1856.437 -1856.439 -1856.442 -1856.445 -1856.449 -1856.449 -1856.441 -1856.415 -1856.358 -1856.244 -1856.042 -1856.033 -1856.099 -1856.216 -1856.405 -1856.472 -1856.479 -1856.484 -1856.497 -1856.536 -1856.695 -1857.375 -1856.618 -1856.520 -1856.525 -1856.540 -1856.558 -1856.578 -1856.602 -1856.629 -1856.660 -1856.696 -1856.736 -1856.781 -1856.832 -1856.889 -1856.953 -1857.024 -1857.104 -1857.193 -1857.292 -1857.402 -1857.523 -1857.658 -1857.806 -1857.970 -1858.150 -1858.349 -1858.567 -1858.807 -1859.071 -1859.360 -1859.678 -1860.026 -1860.409 -1860.830 -1861.292 -1861.802 -1862.364 -1862.986 -1863.675 -1864.442 -1865.299 -1866.263 -1867.355 -1868.604 -1870.050 -1871.754 -1873.819 -1876.489 -1881.034 -1897.515 -9999.000 -9999.000
-9999.000 -9999.000 -1381.064 -1528.871 -1655.469 -1745.868 -1801.201 -1831.083 -1845.675 -1852.174 -1854.828 -1855.838 -1856.214 -1856.353 -1856.405 -1856.424 -1856.431 -1856.434 -1856.435 -1856.435 -1856.435 -1856.435 -1856.435 -1856.435 -1856.435 -1856.435 -1856.436 -1856.436 -1856.436 -1856.436 -1856.437 -1856.439 -1856.442 -1856.445 -1856.449 -1856.449 -1856.441 -1856.415 -1856.358 -1856.244 -1856.042 -1856.033 -1856.099 -1856.216 -1856.405 -1856.472 -1856.479 -1856.484 -1856.497 -1856.536 -1856.695 -1857.375 -1856.618 -1856.520 -1856.525 -1856.540 -1856.558 -1856.578 -1856.602 -1856.629 -1856.660 -1856.696 -1856.736 -1856.781 -1856.832 -1856.889 -1856.953 -1857.024 -1857.104 -1857.193 -1857.292 -1857.402 -1857.523 -1857.658 -1857.806 -1857.970 -1858.150 -1858.349 -1858.567 -1858.807 -1859.071 -1859.360 -1859.678 -1860.026 -1860.409 -1860.830 -1861.292 -1861.802 -1862.364 -1862.986 -1863.675 -1864.442 -1865.299 -1866.263 -1867.355 -1868.604 -1870.050 -1871.754 -1873.819 -1876.489 -1881.034 -1897.515 -9999.000 -9999.000
-9999.000 -9999.000 -1381.064 -1528.871 -1655.469 -1745.868 -1801.201 -1831.083 -1845.675 -1852.174 -1854.828 -1855.838 -1856.214 -1856.353 -1856.405 -1856.424 -1856.431 -1856.434 -1856.435 -1856.435 -1856.435 -1856.435 -1856.435 -1856.435 -1856.435 -1856.435 -1856.436 -1856.436 -1856.436 -1856.436 -1856.437 -1856.439 -1856.442 -1856.445 -1856.449 -1856.449 -1856.441 -1856.415 -1856.358 -1856.244 -1856.042 -1856.033 -1856.099 -1856.216 -1856.405 -1856.472 -1856.479 -1856.484 -1856.497 -1856.536 -1856.695 -1857.375 -1856.618 -1856.520 -1856.525 -1856.540 -1856.558 -1856.578 -1856.602 -1856.629 -1856.660 -1856.696 -1856.736 -1856.781 -1856.832 -1856.889 -1856.953 -1857.024 -1857.104 -1857.193 -1857.292 -1857.402 -1857.523 -1857.658 -1857.806 -1857.970 -1858.150 -1858.349 -1858.567 -1858.807 -1859.071 -1859.360 -1859.678 -1860.026 -1860.409 -1860.830 -1861.292 -1861.802 -1862.364 -1862.986 -1863.675 -1864.442 -1865.299 -1866.263 -1867.355 -1868.604 -1870.050 -1871.754 -1873.819 -1876.489 -1881.034 -1897.515 -9999.000 -9999.000
-9999.000 -9999.000 -9999.000 -9999.000 -9999.000 -9999.000 -9999.000 -9999.000 -9999.000 -9999.000 -9999.000 -9999.000 -9999.000 -9999.000 -9999.000 -9999.000 -9999.000 -9999.000 -9999.000 -9999.000 -9999.000 -9999.000 -9999.000 -9999.000 -9999.000 -9999.000 -9999.000 -9999.000 -9999.000 -9999.000 -9999.000 -9999.000 -9999.000 -9999.000 -9999.000 -9999.000 -9999.000 -9999.000 -9999.000 -9999.000 -9999.000 -9999.000 -9999.000 -9999.000 -9999.000 -9999.000 -9999.000 -9999.000 -9999.000 -9999.000 -9999.000 -9999.000 -9999.000 -9999.000 -9999.000 -9999.000 -9999.000 -9999.000 -9999.000 -9999.000 -9999.000 -9999.000 -9999.000 -9999.000 -9999.000 -9999.000 -9999.000 -9999.000 -9999.000 -9999.000 -9999.000 -9999.000 -9999.000 -9999.000 -9999.000 -9999.000 -9999.000 -9999.000 -9999.000 -9999.000 -9999.000 -9999.000 -9999.000 -9999.000 -9999.000 -9999.000 -9999.000 -9999.000 -9999.000 -9999.000 -9999.000 -9999.000 -9999.000 -9999.000 -9999.000 -9999.000 -9999.000 -9999.000 -9999.000 -9999.000 -9999.000 -9999.000 -9999.000 -9999.000
-9999.000 -9999.000 -9999.000 -9999.000 -9999.000 -9999.000 -9999.000 -9999.000 -9999.000 -9999.000 -9999.000 -9999.000 -9999.000 -9999.000 -9999.000 -9999.000 -9999.000 -9999.000 -9999.000 -9999.000 -9999.000 -9999.000 -9999.000 -9999.000 -9999.000 -9999.000 -9999.000 -9999.000 -9999.000 -9999.000 -9999.000 -9999.000 -9999.000 -9999.000 -9999.000 -9999.000 -9999.000 -9999.000 -9999.000 -9999.000 -9999.000 -9999.000 -9999.000 -9999.000 -9999.000 -9999.000 -9999.000 -9999.000 -9999.000 -9999.000 -9999.000 -9999.000 -9999.000 -9999.000 -9999.000 -9999.000 -9999.000 -9999.000 -9999.000 -9999.000 -9999.000 -9999.000 -9999.000 -9999.000 -9999.000 -9999.000 -9999.000 -9999.000 -9999.000 -9999.000 -9999.000 -9999.000 -9999.000 -9999.000 -9999.000 -9999.000 -9999.000 -9999.000 -9999.000 -9999.000 -9999.000 -9999.000 -9999.000 -9999.000 -9999.000 -9999.000 -9999.000 -9999.000 -9999.000 -9999.000 -9999.000 -9999.000 -9999.000 -9999.000 -9999.000 -9999.000 -9999.000 -9999.000 -9999.000 -9999.000 -9999.000 -9999.000 -9999.000 -9999.000