examples/3D/hillslope02_superslab/output-maps-METEOIO-ON/psiliqL0100N0002.asc
ncols         104
nrows         10
xllcorner     -2.000000
yllcorner     0.000000
cellsize      1.000000
NODATA_value  -9999.0
-9999.000 -9999.000 -9999.000 -9999.000 -9999.000 -9999.000 -9999.000 -9999.000 -9999.000 -9999.000 -9999.000 -9999.000 -9999.000 -9999.000 -9999.000 -9999.000 -9999.000 -9999.000 -9999.000 -9999.000 -9999.000 -9999.000 -9999.000 -9999.000 -9999.000 -9999.000 -9999.000 -9999.000 -9999.000 -9999.000 -9999.000 -9999.000 -9999.000 -9999.000 -9999.000 -9999.000 -9999.000 -9999.000 -9999.000 -9999.000 -9999.000 -9999.000 -9999.000 -9999.000 -9999.000 -9999.000 -9999.000 -9999.000 -9999.000 -9999.000 -9999.000 -9999.000 -9999.000 -9999.000 -9999.000 -9999.000 -9999.000 -9999.000 -9999.000 -9999.000 -9999.000 -9999.000 -9999.000 -9999.000 -9999.000 -9999.000 -9999.000 -9999.000 -9999.000 -9999.000 -9999.000 -9999.000 -9999.000 -9999.000 -9999.000 -9999.000 -9999.000 -9999.000 -9999.000 -9999.000 -9999.000 -9999.000 -9999.000 -9999.000 -9999.000 -9999.000 -9999.000 -9999.000 -9999.000 -9999.000 -9999.000 -9999.000 -9999.000 -9999.000 -9999.000 -9999.000 -9999.000 -9999.000 -9999.000 -9999.000 -9999.000 -9999.000 -9999.000 -9999.000
-9999.000 -9999.000 -9999.000 -9999.000 -9999.000 -9999.000 -9999.000 -9999.000 -9999.000 -9999.000 -9999.000 -9999.000 -9999.000 -9999.000 -9999.000 -9999.000 -9999.000 -9999.000 -9999.000 -9999.000 -9999.000 -9999.000 -9999.000 -9999.000 -9999.000 -9999.000 -9999.000 -9999.000 -9999.000 -9999.000 -9999.000 -9999.000 -9999.000 -9999.000 -9999.000 -9999.000 -9999.000 -9999.000 -9999.000 -9999.000 -9999.000 -9999.000 -9999.000 -9999.000 -9999.000 -9999.000 -9999.000 -9999.000 -9999.000 -9999.000 -9999.000 -9999.000 -9999.000 -9999.000 -9999.000 -9999.000 -9999.000 -9999.000 -9999.000 -9999.000 -9999.000 -9999.000 -9999.000 -9999.000 -9999.000 -9999.000 -9999.000 -9999.000 -9999.000 -9999.000 -9999.000 -9999.000 -9999.000 -9999.000 -9999.000 -9999.000 -9999.000 -9999.000 -9999.000 -9999.000 -9999.000 -9999.000 -9999.000 -9999.000 -9999.000 -9999.000 -9999.000 -9999.000 -9999.000 -9999.000 -9999.000 -9999.000 -9999.000 -9999.000 -9999.000 -9999.000 -9999.000 -9999.000 -9999.000 -9999.000 -9999.000 -9999.000 -9999.000 -9999.000
-9999.000 -9999.000 559.368 461.394 366.159 274.912 189.684 114.071 52.982 12.299 -9.615 -18.871 -22.516 -23.909 -24.435 -24.632 -24.706 -24.734 -24.744 -24.748 -24.749 -24.750 -24.750 -24.750 -24.751 -24.751 -24.752 -24.754 -24.755 -24.758 -24.761 -24.765 -24.771 -24.778 -24.788 -24.800 -24.816 -24.835 -24.860 -24.891 -24.929 -24.976 -25.033 -25.103 -25.187 -25.288 -25.408 -25.551 -25.719 -25.916 -26.146 -26.408 -26.688 -27.013 -27.385 -27.806 -28.277 -28.802 -29.382 -30.022 -30.723 -31.490 -32.324 -33.228 -34.206 -35.259 -36.391 -37.604 -38.901 -40.285 -41.759 -43.327 -44.992 -46.758 -48.629 -50.612 -52.710 -54.932 -57.284 -59.775 -62.414 -65.213 -68.185 -71.345 -74.712 -78.308 -82.159 -86.295 -90.756 -95.588 -100.852 -106.622 -112.997 -120.106 -128.125 -137.302 -147.998 -160.765 -176.515 -196.881 -225.233 -270.268 -9999.000 -9999.000
-9999.000 -9999.000 559.368 461.394 366.159 274.912 189.684 114.071 52.982 12.299 -9.615 -18.871 -22.516 -23.909 -24.435 -24.632 -24.706 -24.734 -24.744 -24.748 -24.749 -24.750 -24.750 -24.750 -24.751 -24.751 -24.752 -24.754 -24.755 -24.758 -24.761 -24.765 -24.771 -24.778 -24.788 -24.800 -24.816 -24.835 -24.860 -24.891 -24.929 -24.976 -25.033 -25.103 -25.187 -25.288 -25.408 -25.551 -25.719 -25.916 -26.146 -26.408 -26.688 -27.013 -27.385 -27.806 -28.277 -28.802 -29.382 -30.022 -30.723 -31.490 -32.324 -33.228 -34.206 -35.259 -36.391 -37.604 -38.901 -40.285 -41.759 -43.327 -44.992 -46.758 -48.629 -50.612 -52.710 -54.932 -57.284 -59.775 -62.414 -65.213 -68.185 -71.345 -74.712 -78.308 -82.159 -86.295 -90.756 -95.588 -100.852 -106.622 -112.997 -120.106 -128.125 -137.302 -147.998 -160.765 -176.515 -196.881 -225.233 -270.268 -9999.000 -9999.000
-9999.000 -9999.000 559.368 461.394 366.159 274.912 189.684 114.071 52.982 12.299 -9.615 -18.871 -22.516 -23.909 -24.435 -24.632 -24.706 -24.734 -24.744 -24.748 -24.749 -24.750 -24.750 -24.750 -24.751 -24.751 -24.752 -24.754 -24.755 -24.758 -24.761 -24.765 -24.771 -24.778 -24.788 -24.800 -24.816 -24.835 -24.860 -24.891 -24.929 -24.976 -25.033 -25.103 -25.187 -25.288 -25.408 -25.551 -25.719 -25.916 -26.146 -26.408 -26.688 -27.013 -27.385 -27.806 -28.277 -28.802 -29.382 -30.022 -30.723 -31.490 -32.324 -33.228 -34.206 -35.259 -36.391 -37.604 -38.901 -40.285 -41.759 -43.327 -44.992 -46.758 -48.629 -50.612 -52.710 -54.932 -57.284 -59.775 -62.414 -65.213 -68.185 -71.345 -74.712 -78.308 -82.159 -86.295 -90.756 -95.588 -100.852 -106.622 -112.997 -120.106 -128.125 -137.302 -147.998 -160.765 -176.515 -196.881 -225.233 -270.268 -9999.000 -9999.000
-9999.000 -9999.000 559.368 461.394 366.159 274.912 189.684 114.071 52.982 12.299 -9.615 -18.871 -22.516 -23.909 -24.435 -24.632 -24.706 -24.734 -24.744 -24.748 -24.749 -24.750 -24.750 -24.750 -24.751 -24.751 -24.752 -24.754 -24.755 -24.758 -24.761 -24.765 -24.771 -24.778 -24.788 -24.800 -24.816 -24.835 -24.860 -24.891 -24.929 -24.976 -25.033 -25.103 -25.187 -25.288 -25.408 -25.551 -25.719 -25.916 -26.146 -26.408 -26.688 -27.013 -27.385 -27.806 -28.277 -28.802 -29.382 -30.022 -30.723 -31.490 -32.324 -33.228 -34.206 -35.259 -36.391 -37.604 -38.901 -40.285 -41.759 -43.327 -44.992 -46.758 -48.629 -50.612 -52.710 -54.932 -57.284 -59.775 -62.414 -65.213 -68.185 -71.345 -74.712 -78.308 -82.159 -86.295 -90.756 -95.588 -100.852 -106.622 -112.997 -120.106 -128.125 -137.302 -147.998 -160.765 -176.515 -196.881 -225.233 -270.268 -9999.000 -9999.000
-9999.000 -9999.000 559.368 461.394 366.159 274.912 189.684 114.071 52.982 12.299 -9.615 -18.871 -22.516 -23.909 -24.435 -24.632 -24.706 -24.734 -24.744 -24.748 -24.749 -24.750 -24.750 -24.750 -24.751 -24.751 -24.752 -24.754 -24.755 -24.758 -24.761 -24.765 -24.771 -24.778 -24.788 -24.800 -24.816 -24.835 -24.860 -24.891 -24.929 -24.976 -25.033 -25.103 -25.187 -25.288 -25.408 -25.551 -25.719 -25.916 -26.146 -26.408 -26.688 -27.013 -27.385 -27.806 -28.277 -28.802 -29.382 -30.022 -30.723 -31.490 -32.324 -33.228 -34.206 -35.259 -36.391 -37.604 -38.901 -40.285 -41.759 -43.327 -44.992 -46.758 -48.629 -50.612 -52.710 -54.932 -57.284 -59.775 -62.414 -65.213 -68.185 -71.345 -74.712 -78.308 -82.159 -86.295 -90.756 -95.588 -100.852 -106.622 -112.997 -120.106 -128.125 -137.302 -147.998 -160.765 -176.515 -196.881 -225.233 -270.268 -9999.000 -9999.000
-9999.000 -9999.000 559.368 461.394 366.159 274.912 189.684 114.071 52.982 12.299 -9.615 -18.871 -22.516 -23.909 -24.435 -24.632 -24.706 -24.734 -24.744 -24.748 -24.749 -24.750 -24.750 -24.750 -24.751 -24.751 -24.752 -24.754 -24.755 -24.758 -24.761 -24.765 -24.771 -24.778 -24.788 -24.800 -24.816 -24.835 -24.860 -24.891 -24.929 -24.976 -25.033 -25.103 -25.187 -25.288 -25.408 -25.551 -25.719 -25.916 -26.146 -26.408 -26.688 -27.013 -27.385 -27.806 -28.277 -28.802 -29.382 -30.022 -30.723 -31.490 -32.324 -33.228 -34.206 -35.259 -36.391 -37.604 -38.901 -40.285 -41.759 -43.327 -44.992 -46.758 -48.629 -50.612 -52.710 -54.932 -57.284 -59.775 -62.414 -65.213 -68.185 -71.345 -74.712 -78.308 -82.159 -86.295 -90.756 -95.588 -100.852 -106.622 -112.997 -120.106 -128.125 -137.302 -147.998 -160.765 -176.515 -196.881 -225.233 -270.268 -9999.000 -9999.000
-9999.000 -9999.000 -9999.000 -9999.000 -9999.000 -9999.000 -9999.000 -9999.000 -9999.000 -9999.000 -9999.000 -9999.000 -9999.000 -9999.000 -9999.000 -9999.000 -9999.000 -9999.000 -9999.000 -9999.000 -9999.000 -9999.000 -9999.000 -9999.000 -9999.000 -9999.000 -9999.000 -9999.000 -9999.000 -9999.000 -9999.000 -9999.000 -9999.000 -9999.000 -9999.000 -9999.000 -9999.000 -9999.000 -9999.000 -9999.000 -9999.000 -9999.000 -9999.000 -9999.000 -9999.000 -9999.000 -9999.000 -9999.000 -9999.000 -9999.000 -9999.000 -9999.000 -9999.000 -9999.000 -9999.000 -9999.000 -9999.000 -9999.000 -9999.000 -9999.000 -9999.000 -9999.000 -9999.000 -9999.000 -9999.000 -9999.000 -9999.000 -9999.000 -9999.000 -9999.000 -9999.000 -9999.000 -9999.000 -9999.000 -9999.000 -9999.000 -9999.000 -9999.000 -9999.000 -9999.000 -9999.000 -9999.000 -9999.000 -9999.000 -9999.000 -9999.000 -9999.000 -9999.000 -9999.000 -9999.000 -9999.000 -9999.000 -9999.000 -9999.000 -9999.000 -9999.000 -9999.000 -9999.000 -9999.000 -9999.000 -9999.000 -9999.000 -9999.000 -9999.000
-9999.000 -9999.000 -9999.000 -9999.000 -9999.000 -9999.000 -9999.000 -9999.000 -9999.000 -9999.000 -9999.000 -9999.000 -9999.000 -9999.000 -9999.000 -9999.000 -9999.000 -9999.000 -9999.000 -9999.000 -9999.000 -9999.000 -9999.000 -9999.000 -9999.000 -9999.000 -9999.000 -9999.000 -9999.000 -9999.000 -9999.000 -9999.000 -9999.000 -9999.000 -9999.000 -9999.000 -9999.000 -9999.000 -9999.000 -9999.000 -9999.000 -9999.000 -9999.000 -9999.000 -9999.000 -9999.000 -9999.000 -9999.000 -9999.000 -9999.000 -9999.000 -9999.000 -9999.000 -9999.000 -9999.000 -9999.000 -9999.000 -9999.000 -9999.000 -9999.000 -9999.000 -9999.000 -9999.000 -9999.000 -9999.000 -9999.000 -9999.000 -9999.000 -9999.000 -9999.000 -9999.000 -9999.000 -9999.000 -9999.000 -9999.000 -9999.000 -9999.000 -9999.000 -9999.000 -9999.000 -9999.000 -9999.000 -9999.000 -9999.000 -9999.000 -9999.000 -9999.000 -9999.000 -9999.000 -9999.000 -9999.000 -9999.000 -9999.000 -9999.000 -9999.000 -9999.000 -9999.000 -9999.000 -9999.000 -9999.000 -9999.000 -9999.000 -9999.000 -9999.000