examples/3D/hillslope02_superslab/output-maps-METEOIO-ON/psiliqL0044N0003.asc
ncols         104
nrows         10
xllcorner     -2.000000
yllcorner     0.000000
cellsize      1.000000
NODATA_value  -9999.0
-9999.000 -9999.000 -9999.000 -9999.000 -9999.000 -9999.000 -9999.000 -9999.000 -9999.000 -9999.000 -9999.000 -9999.000 -9999.000 -9999.000 -9999.000 -9999.000 -9999.000 -9999.000 -9999.000 -9999.000 -9999.000 -9999.000 -9999.000 -9999.000 -9999.000 -9999.000 -9999.000 -9999.000 -9999.000 -9999.000 -9999.000 -9999.000 -9999.000 -9999.000 -9999.000 -9999.000 -9999.000 -9999.000 -9999.000 -9999.000 -9999.000 -9999.000 -9999.000 -9999.000 -9999.000 -9999.000 -9999.000 -9999.000 -9999.000 -9999.000 -9999.000 -9999.000 -9999.000 -9999.000 -9999.000 -9999.000 -9999.000 -9999.000 -9999.000 -9999.000 -9999.000 -9999.000 -9999.000 -9999.000 -9999.000 -9999.000 -9999.000 -9999.000 -9999.000 -9999.000 -9999.000 -9999.000 -9999.000 -9999.000 -9999.000 -9999.000 -9999.000 -9999.000 -9999.000 -9999.000 -9999.000 -9999.000 -9999.000 -9999.000 -9999.000 -9999.000 -9999.000 -9999.000 -9999.000 -9999.000 -9999.000 -9999.000 -9999.000 -9999.000 -9999.000 -9999.000 -9999.000 -9999.000 -9999.000 -9999.000 -9999.000 -9999.000 -9999.000 -9999.000
-9999.000 -9999.000 -9999.000 -9999.000 -9999.000 -9999.000 -9999.000 -9999.000 -9999.000 -9999.000 -9999.000 -9999.000 -9999.000 -9999.000 -9999.000 -9999.000 -9999.000 -9999.000 -9999.000 -9999.000 -9999.000 -9999.000 -9999.000 -9999.000 -9999.000 -9999.000 -9999.000 -9999.000 -9999.000 -9999.000 -9999.000 -9999.000 -9999.000 -9999.000 -9999.000 -9999.000 -9999.000 -9999.000 -9999.000 -9999.000 -9999.000 -9999.000 -9999.000 -9999.000 -9999.000 -9999.000 -9999.000 -9999.000 -9999.000 -9999.000 -9999.000 -9999.000 -9999.000 -9999.000 -9999.000 -9999.000 -9999.000 -9999.000 -9999.000 -9999.000 -9999.000 -9999.000 -9999.000 -9999.000 -9999.000 -9999.000 -9999.000 -9999.000 -9999.000 -9999.000 -9999.000 -9999.000 -9999.000 -9999.000 -9999.000 -9999.000 -9999.000 -9999.000 -9999.000 -9999.000 -9999.000 -9999.000 -9999.000 -9999.000 -9999.000 -9999.000 -9999.000 -9999.000 -9999.000 -9999.000 -9999.000 -9999.000 -9999.000 -9999.000 -9999.000 -9999.000 -9999.000 -9999.000 -9999.000 -9999.000 -9999.000 -9999.000 -9999.000 -9999.000
-9999.000 -9999.000 -2789.913 -2796.476 -2796.891 -2796.980 -2797.012 -2797.023 -2797.027 -2797.029 -2797.029 -2797.030 -2797.030 -2797.030 -2797.030 -2797.030 -2797.030 -2797.030 -2797.030 -2797.030 -2797.030 -2797.030 -2797.031 -2797.032 -2797.037 -2797.047 -2797.068 -2797.103 -2797.159 -2797.234 -2797.327 -2797.356 -2797.140 -2797.018 -2796.884 -2796.779 -2796.886 -2796.948 -2796.987 -2797.012 -2797.025 -2797.033 -2797.034 -2797.034 -2797.034 -2797.033 -2797.032 -2797.032 -2797.031 -2797.031 -2797.031 -2797.032 -2797.030 -2797.030 -2797.030 -2797.030 -2797.030 -2797.030 -2797.030 -2797.030 -2797.030 -2797.030 -2797.030 -2797.030 -2797.030 -2797.030 -2797.030 -2797.030 -2797.030 -2797.030 -2797.030 -2797.030 -2797.030 -2797.030 -2797.030 -2797.030 -2797.030 -2797.030 -2797.030 -2797.030 -2797.030 -2797.030 -2797.030 -2797.030 -2797.030 -2797.030 -2797.031 -2797.031 -2797.031 -2797.031 -2797.032 -2797.032 -2797.033 -2797.034 -2797.035 -2797.036 -2797.037 -2797.039 -2797.042 -2797.051 -2797.277 -2803.278 -9999.000 -9999.000
-9999.000 -9999.000 -2789.913 -2796.476 -2796.891 -2796.980 -2797.012 -2797.023 -2797.027 -2797.029 -2797.029 -2797.030 -2797.030 -2797.030 -2797.030 -2797.030 -2797.030 -2797.030 -2797.030 -2797.030 -2797.030 -2797.030 -2797.031 -2797.032 -2797.037 -2797.047 -2797.068 -2797.103 -2797.159 -2797.234 -2797.327 -2797.356 -2797.140 -2797.018 -2796.884 -2796.779 -2796.886 -2796.948 -2796.987 -2797.012 -2797.025 -2797.033 -2797.034 -2797.034 -2797.034 -2797.033 -2797.032 -2797.032 -2797.031 -2797.031 -2797.031 -2797.032 -2797.030 -2797.030 -2797.030 -2797.030 -2797.030 -2797.030 -2797.030 -2797.030 -2797.030 -2797.030 -2797.030 -2797.030 -2797.030 -2797.030 -2797.030 -2797.030 -2797.030 -2797.030 -2797.030 -2797.030 -2797.030 -2797.030 -2797.030 -2797.030 -2797.030 -2797.030 -2797.030 -2797.030 -2797.030 -2797.030 -2797.030 -2797.030 -2797.030 -2797.030 -2797.031 -2797.031 -2797.031 -2797.031 -2797.032 -2797.032 -2797.033 -2797.034 -2797.035 -2797.036 -2797.037 -2797.039 -2797.042 -2797.051 -2797.277 -2803.278 -9999.000 -9999.000
-9999.000 -9999.000 -2789.913 -2796.476 -2796.891 -2796.980 -2797.012 -2797.023 -2797.027 -2797.029 -2797.029 -2797.030 -2797.030 -2797.030 -2797.030 -2797.030 -2797.030 -2797.030 -2797.030 -2797.030 -2797.030 -2797.030 -2797.031 -2797.032 -2797.037 -2797.047 -2797.068 -2797.103 -2797.159 -2797.234 -2797.327 -2797.356 -2797.140 -2797.018 -2796.884 -2796.779 -2796.886 -2796.948 -2796.987 -2797.012 -2797.025 -2797.033 -2797.034 -2797.034 -2797.034 -2797.033 -2797.032 -2797.032 -2797.031 -2797.031 -2797.031 -2797.032 -2797.030 -2797.030 -2797.030 -2797.030 -2797.030 -2797.030 -2797.030 -2797.030 -2797.030 -2797.030 -2797.030 -2797.030 -2797.030 -2797.030 -2797.030 -2797.030 -2797.030 -2797.030 -2797.030 -2797.030 -2797.030 -2797.030 -2797.030 -2797.030 -2797.030 -2797.030 -2797.030 -2797.030 -2797.030 -2797.030 -2797.030 -2797.030 -2797.030 -2797.030 -2797.031 -2797.031 -2797.031 -2797.031 -2797.032 -2797.032 -2797.033 -2797.034 -2797.035 -2797.036 -2797.037 -2797.039 -2797.042 -2797.051 -2797.277 -2803.278 -9999.000 -9999.000
-9999.000 -9999.000 -2789.913 -2796.476 -2796.891 -2796.980 -2797.012 -2797.023 -2797.027 -2797.029 -2797.029 -2797.030 -2797.030 -2797.030 -2797.030 -2797.030 -2797.030 -2797.030 -2797.030 -2797.030 -2797.030 -2797.030 -2797.031 -2797.032 -2797.037 -2797.047 -2797.068 -2797.103 -2797.159 -2797.234 -2797.327 -2797.356 -2797.140 -2797.018 -2796.884 -2796.779 -2796.886 -2796.948 -2796.987 -2797.012 -2797.025 -2797.033 -2797.034 -2797.034 -2797.034 -2797.033 -2797.032 -2797.032 -2797.031 -2797.031 -2797.031 -2797.032 -2797.030 -2797.030 -2797.030 -2797.030 -2797.030 -2797.030 -2797.030 -2797.030 -2797.030 -2797.030 -2797.030 -2797.030 -2797.030 -2797.030 -2797.030 -2797.030 -2797.030 -2797.030 -2797.030 -2797.030 -2797.030 -2797.030 -2797.030 -2797.030 -2797.030 -2797.030 -2797.030 -2797.030 -2797.030 -2797.030 -2797.030 -2797.030 -2797.030 -2797.030 -2797.031 -2797.031 -2797.031 -2797.031 -2797.032 -2797.032 -2797.033 -2797.034 -2797.035 -2797.036 -2797.037 -2797.039 -2797.042 -2797.051 -2797.277 -2803.278 -9999.000 -9999.000
-9999.000 -9999.000 -2789.913 -2796.476 -2796.891 -2796.980 -2797.012 -2797.023 -2797.027 -2797.029 -2797.029 -2797.030 -2797.030 -2797.030 -2797.030 -2797.030 -2797.030 -2797.030 -2797.030 -2797.030 -2797.030 -2797.030 -2797.031 -2797.032 -2797.037 -2797.047 -2797.068 -2797.103 -2797.159 -2797.234 -2797.327 -2797.356 -2797.140 -2797.018 -2796.884 -2796.779 -2796.886 -2796.948 -2796.987 -2797.012 -2797.025 -2797.033 -2797.034 -2797.034 -2797.034 -2797.033 -2797.032 -2797.032 -2797.031 -2797.031 -2797.031 -2797.032 -2797.030 -2797.030 -2797.030 -2797.030 -2797.030 -2797.030 -2797.030 -2797.030 -2797.030 -2797.030 -2797.030 -2797.030 -2797.030 -2797.030 -2797.030 -2797.030 -2797.030 -2797.030 -2797.030 -2797.030 -2797.030 -2797.030 -2797.030 -2797.030 -2797.030 -2797.030 -2797.030 -2797.030 -2797.030 -2797.030 -2797.030 -2797.030 -2797.030 -2797.030 -2797.031 -2797.031 -2797.031 -2797.031 -2797.032 -2797.032 -2797.033 -2797.034 -2797.035 -2797.036 -2797.037 -2797.039 -2797.042 -2797.051 -2797.277 -2803.278 -9999.000 -9999.000
-9999.000 -9999.000 -2789.913 -2796.476 -2796.891 -2796.980 -2797.012 -2797.023 -2797.027 -2797.029 -2797.029 -2797.030 -2797.030 -2797.030 -2797.030 -2797.030 -2797.030 -2797.030 -2797.030 -2797.030 -2797.030 -2797.030 -2797.031 -2797.032 -2797.037 -2797.047 -2797.068 -2797.103 -2797.159 -2797.234 -2797.327 -2797.356 -2797.140 -2797.018 -2796.884 -2796.779 -2796.886 -2796.948 -2796.987 -2797.012 -2797.025 -2797.033 -2797.034 -2797.034 -2797.034 -2797.033 -2797.032 -2797.032 -2797.031 -2797.031 -2797.031 -2797.032 -2797.030 -2797.030 -2797.030 -2797.030 -2797.030 -2797.030 -2797.030 -2797.030 -2797.030 -2797.030 -2797.030 -2797.030 -2797.030 -2797.030 -2797.030 -2797.030 -2797.030 -2797.030 -2797.030 -2797.030 -2797.030 -2797.030 -2797.030 -2797.030 -2797.030 -2797.030 -2797.030 -2797.030 -2797.030 -2797.030 -2797.030 -2797.030 -2797.030 -2797.030 -2797.031 -2797.031 -2797.031 -2797.031 -2797.032 -2797.032 -2797.033 -2797.034 -2797.035 -2797.036 -2797.037 -2797.039 -2797.042 -2797.051 -2797.277 -2803.278 -9999.000 -9999.000
-9999.000 -9999.000 -9999.000 -9999.000 -9999.000 -9999.000 -9999.000 -9999.000 -9999.000 -9999.000 -9999.000 -9999.000 -9999.000 -9999.000 -9999.000 -9999.000 -9999.000 -9999.000 -9999.000 -9999.000 -9999.000 -9999.000 -9999.000 -9999.000 -9999.000 -9999.000 -9999.000 -9999.000 -9999.000 -9999.000 -9999.000 -9999.000 -9999.000 -9999.000 -9999.000 -9999.000 -9999.000 -9999.000 -9999.000 -9999.000 -9999.000 -9999.000 -9999.000 -9999.000 -9999.000 -9999.000 -9999.000 -9999.000 -9999.000 -9999.000 -9999.000 -9999.000 -9999.000 -9999.000 -9999.000 -9999.000 -9999.000 -9999.000 -9999.000 -9999.000 -9999.000 -9999.000 -9999.000 -9999.000 -9999.000 -9999.000 -9999.000 -9999.000 -9999.000 -9999.000 -9999.000 -9999.000 -9999.000 -9999.000 -9999.000 -9999.000 -9999.000 -9999.000 -9999.000 -9999.000 -9999.000 -9999.000 -9999.000 -9999.000 -9999.000 -9999.000 -9999.000 -9999.000 -9999.000 -9999.000 -9999.000 -9999.000 -9999.000 -9999.000 -9999.000 -9999.000 -9999.000 -9999.000 -9999.000 -9999.000 -9999.000 -9999.000 -9999.000 -9999.000
-9999.000 -9999.000 -9999.000 -9999.000 -9999.000 -9999.000 -9999.000 -9999.000 -9999.000 -9999.000 -9999.000 -9999.000 -9999.000 -9999.000 -9999.000 -9999.000 -9999.000 -9999.000 -9999.000 -9999.000 -9999.000 -9999.000 -9999.000 -9999.000 -9999.000 -9999.000 -9999.000 -9999.000 -9999.000 -9999.000 -9999.000 -9999.000 -9999.000 -9999.000 -9999.000 -9999.000 -9999.000 -9999.000 -9999.000 -9999.000 -9999.000 -9999.000 -9999.000 -9999.000 -9999.000 -9999.000 -9999.000 -9999.000 -9999.000 -9999.000 -9999.000 -9999.000 -9999.000 -9999.000 -9999.000 -9999.000 -9999.000 -9999.000 -9999.000 -9999.000 -9999.000 -9999.000 -9999.000 -9999.000 -9999.000 -9999.000 -9999.000 -9999.000 -9999.000 -9999.000 -9999.000 -9999.000 -9999.000 -9999.000 -9999.000 -9999.000 -9999.000 -9999.000 -9999.000 -9999.000 -9999.000 -9999.000 -9999.000 -9999.000 -9999.000 -9999.000 -9999.000 -9999.000 -9999.000 -9999.000 -9999.000 -9999.000 -9999.000 -9999.000 -9999.000 -9999.000 -9999.000 -9999.000 -9999.000 -9999.000 -9999.000 -9999.000 -9999.000 -9999.000