examples/3D/hillslope02_superslab/output-maps-METEOIO-ON/psiliqL0062N0003.asc
ncols         104
nrows         10
xllcorner     -2.000000
yllcorner     0.000000
cellsize      1.000000
NODATA_value  -9999.0
-9999.000 -9999.000 -9999.000 -9999.000 -9999.000 -9999.000 -9999.000 -9999.000 -9999.000 -9999.000 -9999.000 -9999.000 -9999.000 -9999.000 -9999.000 -9999.000 -9999.000 -9999.000 -9999.000 -9999.000 -9999.000 -9999.000 -9999.000 -9999.000 -9999.000 -9999.000 -9999.000 -9999.000 -9999.000 -9999.000 -9999.000 -9999.000 -9999.000 -9999.000 -9999.000 -9999.000 -9999.000 -9999.000 -9999.000 -9999.000 -9999.000 -9999.000 -9999.000 -9999.000 -9999.000 -9999.000 -9999.000 -9999.000 -9999.000 -9999.000 -9999.000 -9999.000 -9999.000 -9999.000 -9999.000 -9999.000 -9999.000 -9999.000 -9999.000 -9999.000 -9999.000 -9999.000 -9999.000 -9999.000 -9999.000 -9999.000 -9999.000 -9999.000 -9999.000 -9999.000 -9999.000 -9999.000 -9999.000 -9999.000 -9999.000 -9999.000 -9999.000 -9999.000 -9999.000 -9999.000 -9999.000 -9999.000 -9999.000 -9999.000 -9999.000 -9999.000 -9999.000 -9999.000 -9999.000 -9999.000 -9999.000 -9999.000 -9999.000 -9999.000 -9999.000 -9999.000 -9999.000 -9999.000 -9999.000 -9999.000 -9999.000 -9999.000 -9999.000 -9999.000
-9999.000 -9999.000 -9999.000 -9999.000 -9999.000 -9999.000 -9999.000 -9999.000 -9999.000 -9999.000 -9999.000 -9999.000 -9999.000 -9999.000 -9999.000 -9999.000 -9999.000 -9999.000 -9999.000 -9999.000 -9999.000 -9999.000 -9999.000 -9999.000 -9999.000 -9999.000 -9999.000 -9999.000 -9999.000 -9999.000 -9999.000 -9999.000 -9999.000 -9999.000 -9999.000 -9999.000 -9999.000 -9999.000 -9999.000 -9999.000 -9999.000 -9999.000 -9999.000 -9999.000 -9999.000 -9999.000 -9999.000 -9999.000 -9999.000 -9999.000 -9999.000 -9999.000 -9999.000 -9999.000 -9999.000 -9999.000 -9999.000 -9999.000 -9999.000 -9999.000 -9999.000 -9999.000 -9999.000 -9999.000 -9999.000 -9999.000 -9999.000 -9999.000 -9999.000 -9999.000 -9999.000 -9999.000 -9999.000 -9999.000 -9999.000 -9999.000 -9999.000 -9999.000 -9999.000 -9999.000 -9999.000 -9999.000 -9999.000 -9999.000 -9999.000 -9999.000 -9999.000 -9999.000 -9999.000 -9999.000 -9999.000 -9999.000 -9999.000 -9999.000 -9999.000 -9999.000 -9999.000 -9999.000 -9999.000 -9999.000 -9999.000 -9999.000 -9999.000 -9999.000
-9999.000 -9999.000 -1472.985 -1618.736 -1737.015 -1816.466 -1862.558 -1886.470 -1897.813 -1902.760 -1904.748 -1905.498 -1905.777 -1905.880 -1905.918 -1905.932 -1905.937 -1905.939 -1905.940 -1905.940 -1905.940 -1905.940 -1905.940 -1905.940 -1905.940 -1905.940 -1905.940 -1905.941 -1905.941 -1905.941 -1905.943 -1905.945 -1905.948 -1905.952 -1905.956 -1905.956 -1905.946 -1905.914 -1905.845 -1905.710 -1905.559 -1905.612 -1905.689 -1905.822 -1905.978 -1905.990 -1905.995 -1905.997 -1906.005 -1906.034 -1906.164 -1906.728 -1906.084 -1905.998 -1905.999 -1906.009 -1906.022 -1906.036 -1906.053 -1906.072 -1906.094 -1906.119 -1906.147 -1906.180 -1906.216 -1906.258 -1906.305 -1906.357 -1906.416 -1906.482 -1906.556 -1906.639 -1906.730 -1906.832 -1906.946 -1907.071 -1907.210 -1907.364 -1907.534 -1907.721 -1907.927 -1908.155 -1908.406 -1908.683 -1908.988 -1909.325 -1909.697 -1910.108 -1910.563 -1911.067 -1911.629 -1912.255 -1912.958 -1913.751 -1914.651 -1915.683 -1916.880 -1918.294 -1920.011 -1922.242 -1926.157 -1941.646 -9999.000 -9999.000
-9999.000 -9999.000 -1472.985 -1618.736 -1737.015 -1816.466 -1862.558 -1886.470 -1897.813 -1902.760 -1904.748 -1905.498 -1905.777 -1905.880 -1905.918 -1905.932 -1905.937 -1905.939 -1905.940 -1905.940 -1905.940 -1905.940 -1905.940 -1905.940 -1905.940 -1905.940 -1905.940 -1905.941 -1905.941 -1905.941 -1905.943 -1905.945 -1905.948 -1905.952 -1905.956 -1905.956 -1905.946 -1905.914 -1905.845 -1905.710 -1905.559 -1905.612 -1905.689 -1905.822 -1905.978 -1905.990 -1905.995 -1905.997 -1906.005 -1906.034 -1906.164 -1906.728 -1906.084 -1905.998 -1905.999 -1906.009 -1906.022 -1906.036 -1906.053 -1906.072 -1906.094 -1906.119 -1906.147 -1906.180 -1906.216 -1906.258 -1906.305 -1906.357 -1906.416 -1906.482 -1906.556 -1906.639 -1906.730 -1906.832 -1906.946 -1907.071 -1907.210 -1907.364 -1907.534 -1907.721 -1907.927 -1908.155 -1908.406 -1908.683 -1908.988 -1909.325 -1909.697 -1910.108 -1910.563 -1911.067 -1911.629 -1912.255 -1912.958 -1913.751 -1914.651 -1915.683 -1916.880 -1918.294 -1920.011 -1922.242 -1926.157 -1941.646 -9999.000 -9999.000
-9999.000 -9999.000 -1472.985 -1618.736 -1737.015 -1816.466 -1862.558 -1886.470 -1897.813 -1902.760 -1904.748 -1905.498 -1905.777 -1905.880 -1905.918 -1905.932 -1905.937 -1905.939 -1905.940 -1905.940 -1905.940 -1905.940 -1905.940 -1905.940 -1905.940 -1905.940 -1905.940 -1905.941 -1905.941 -1905.941 -1905.943 -1905.945 -1905.948 -1905.952 -1905.956 -1905.956 -1905.946 -1905.914 -1905.845 -1905.710 -1905.559 -1905.612 -1905.689 -1905.822 -1905.978 -1905.990 -1905.995 -1905.997 -1906.005 -1906.034 -1906.164 -1906.728 -1906.084 -1905.998 -1905.999 -1906.009 -1906.022 -1906.036 -1906.053 -1906.072 -1906.094 -1906.119 -1906.147 -1906.180 -1906.216 -1906.258 -1906.305 -1906.357 -1906.416 -1906.482 -1906.556 -1906.639 -1906.730 -1906.832 -1906.946 -1907.071 -1907.210 -1907.364 -1907.534 -1907.721 -1907.927 -1908.155 -1908.406 -1908.683 -1908.988 -1909.325 -1909.697 -1910.108 -1910.563 -1911.067 -1911.629 -1912.255 -1912.958 -1913.751 -1914.651 -1915.683 -1916.880 -1918.294 -1920.011 -1922.242 -1926.157 -1941.646 -9999.000 -9999.000
-9999.000 -9999.000 -1472.985 -1618.736 -1737.015 -1816.466 -1862.558 -1886.470 -1897.813 -1902.760 -1904.748 -1905.498 -1905.777 -1905.880 -1905.918 -1905.932 -1905.937 -1905.939 -1905.940 -1905.940 -1905.940 -1905.940 -1905.940 -1905.940 -1905.940 -1905.940 -1905.940 -1905.941 -1905.941 -1905.941 -1905.943 -1905.945 -1905.948 -1905.952 -1905.956 -1905.956 -1905.946 -1905.914 -1905.845 -1905.710 -1905.559 -1905.612 -1905.689 -1905.822 -1905.978 -1905.990 -1905.995 -1905.997 -1906.005 -1906.034 -1906.164 -1906.728 -1906.084 -1905.998 -1905.999 -1906.009 -1906.022 -1906.036 -1906.053 -1906.072 -1906.094 -1906.119 -1906.147 -1906.180 -1906.216 -1906.258 -1906.305 -1906.357 -1906.416 -1906.482 -1906.556 -1906.639 -1906.730 -1906.832 -1906.946 -1907.071 -1907.210 -1907.364 -1907.534 -1907.721 -1907.927 -1908.155 -1908.406 -1908.683 -1908.988 -1909.325 -1909.697 -1910.108 -1910.563 -1911.067 -1911.629 -1912.255 -1912.958 -1913.751 -1914.651 -1915.683 -1916.880 -1918.294 -1920.011 -1922.242 -1926.157 -1941.646 -9999.000 -9999.000
-9999.000 -9999.000 -1472.985 -1618.736 -1737.015 -1816.466 -1862.558 -1886.470 -1897.813 -1902.760 -1904.748 -1905.498 -1905.777 -1905.880 -1905.918 -1905.932 -1905.937 -1905.939 -1905.940 -1905.940 -1905.940 -1905.940 -1905.940 -1905.940 -1905.940 -1905.940 -1905.940 -1905.941 -1905.941 -1905.941 -1905.943 -1905.945 -1905.948 -1905.952 -1905.956 -1905.956 -1905.946 -1905.914 -1905.845 -1905.710 -1905.559 -1905.612 -1905.689 -1905.822 -1905.978 -1905.990 -1905.995 -1905.997 -1906.005 -1906.034 -1906.164 -1906.728 -1906.084 -1905.998 -1905.999 -1906.009 -1906.022 -1906.036 -1906.053 -1906.072 -1906.094 -1906.119 -1906.147 -1906.180 -1906.216 -1906.258 -1906.305 -1906.357 -1906.416 -1906.482 -1906.556 -1906.639 -1906.730 -1906.832 -1906.946 -1907.071 -1907.210 -1907.364 -1907.534 -1907.721 -1907.927 -1908.155 -1908.406 -1908.683 -1908.988 -1909.325 -1909.697 -1910.108 -1910.563 -1911.067 -1911.629 -1912.255 -1912.958 -1913.751 -1914.651 -1915.683 -1916.880 -1918.294 -1920.011 -1922.242 -1926.157 -1941.646 -9999.000 -9999.000
-9999.000 -9999.000 -1472.985 -1618.736 -1737.015 -1816.466 -1862.558 -1886.470 -1897.813 -1902.760 -1904.748 -1905.498 -1905.777 -1905.880 -1905.918 -1905.932 -1905.937 -1905.939 -1905.940 -1905.940 -1905.940 -1905.940 -1905.940 -1905.940 -1905.940 -1905.940 -1905.940 -1905.941 -1905.941 -1905.941 -1905.943 -1905.945 -1905.948 -1905.952 -1905.956 -1905.956 -1905.946 -1905.914 -1905.845 -1905.710 -1905.559 -1905.612 -1905.689 -1905.822 -1905.978 -1905.990 -1905.995 -1905.997 -1906.005 -1906.034 -1906.164 -1906.728 -1906.084 -1905.998 -1905.999 -1906.009 -1906.022 -1906.036 -1906.053 -1906.072 -1906.094 -1906.119 -1906.147 -1906.180 -1906.216 -1906.258 -1906.305 -1906.357 -1906.416 -1906.482 -1906.556 -1906.639 -1906.730 -1906.832 -1906.946 -1907.071 -1907.210 -1907.364 -1907.534 -1907.721 -1907.927 -1908.155 -1908.406 -1908.683 -1908.988 -1909.325 -1909.697 -1910.108 -1910.563 -1911.067 -1911.629 -1912.255 -1912.958 -1913.751 -1914.651 -1915.683 -1916.880 -1918.294 -1920.011 -1922.242 -1926.157 -1941.646 -9999.000 -9999.000
-9999.000 -9999.000 -9999.000 -9999.000 -9999.000 -9999.000 -9999.000 -9999.000 -9999.000 -9999.000 -9999.000 -9999.000 -9999.000 -9999.000 -9999.000 -9999.000 -9999.000 -9999.000 -9999.000 -9999.000 -9999.000 -9999.000 -9999.000 -9999.000 -9999.000 -9999.000 -9999.000 -9999.000 -9999.000 -9999.000 -9999.000 -9999.000 -9999.000 -9999.000 -9999.000 -9999.000 -9999.000 -9999.000 -9999.000 -9999.000 -9999.000 -9999.000 -9999.000 -9999.000 -9999.000 -9999.000 -9999.000 -9999.000 -9999.000 -9999.000 -9999.000 -9999.000 -9999.000 -9999.000 -9999.000 -9999.000 -9999.000 -9999.000 -9999.000 -9999.000 -9999.000 -9999.000 -9999.000 -9999.000 -9999.000 -9999.000 -9999.000 -9999.000 -9999.000 -9999.000 -9999.000 -9999.000 -9999.000 -9999.000 -9999.000 -9999.000 -9999.000 -9999.000 -9999.000 -9999.000 -9999.000 -9999.000 -9999.000 -9999.000 -9999.000 -9999.000 -9999.000 -9999.000 -9999.000 -9999.000 -9999.000 -9999.000 -9999.000 -9999.000 -9999.000 -9999.000 -9999.000 -9999.000 -9999.000 -9999.000 -9999.000 -9999.000 -9999.000 -9999.000
-9999.000 -9999.000 -9999.000 -9999.000 -9999.000 -9999.000 -9999.000 -9999.000 -9999.000 -9999.000 -9999.000 -9999.000 -9999.000 -9999.000 -9999.000 -9999.000 -9999.000 -9999.000 -9999.000 -9999.000 -9999.000 -9999.000 -9999.000 -9999.000 -9999.000 -9999.000 -9999.000 -9999.000 -9999.000 -9999.000 -9999.000 -9999.000 -9999.000 -9999.000 -9999.000 -9999.000 -9999.000 -9999.000 -9999.000 -9999.000 -9999.000 -9999.000 -9999.000 -9999.000 -9999.000 -9999.000 -9999.000 -9999.000 -9999.000 -9999.000 -9999.000 -9999.000 -9999.000 -9999.000 -9999.000 -9999.000 -9999.000 -9999.000 -9999.000 -9999.000 -9999.000 -9999.000 -9999.000 -9999.000 -9999.000 -9999.000 -9999.000 -9999.000 -9999.000 -9999.000 -9999.000 -9999.000 -9999.000 -9999.000 -9999.000 -9999.000 -9999.000 -9999.000 -9999.000 -9999.000 -9999.000 -9999.000 -9999.000 -9999.000 -9999.000 -9999.000 -9999.000 -9999.000 -9999.000 -9999.000 -9999.000 -9999.000 -9999.000 -9999.000 -9999.000 -9999.000 -9999.000 -9999.000 -9999.000 -9999.000 -9999.000 -9999.000 -9999.000 -9999.000