examples/3D/hillslope02_superslab/output-maps-METEOIO-ON/psiliqL0079N0002.asc
ncols         104
nrows         10
xllcorner     -2.000000
yllcorner     0.000000
cellsize      1.000000
NODATA_value  -9999.0
-9999.000 -9999.000 -9999.000 -9999.000 -9999.000 -9999.000 -9999.000 -9999.000 -9999.000 -9999.000 -9999.000 -9999.000 -9999.000 -9999.000 -9999.000 -9999.000 -9999.000 -9999.000 -9999.000 -9999.000 -9999.000 -9999.000 -9999.000 -9999.000 -9999.000 -9999.000 -9999.000 -9999.000 -9999.000 -9999.000 -9999.000 -9999.000 -9999.000 -9999.000 -9999.000 -9999.000 -9999.000 -9999.000 -9999.000 -9999.000 -9999.000 -9999.000 -9999.000 -9999.000 -9999.000 -9999.000 -9999.000 -9999.000 -9999.000 -9999.000 -9999.000 -9999.000 -9999.000 -9999.000 -9999.000 -9999.000 -9999.000 -9999.000 -9999.000 -9999.000 -9999.000 -9999.000 -9999.000 -9999.000 -9999.000 -9999.000 -9999.000 -9999.000 -9999.000 -9999.000 -9999.000 -9999.000 -9999.000 -9999.000 -9999.000 -9999.000 -9999.000 -9999.000 -9999.000 -9999.000 -9999.000 -9999.000 -9999.000 -9999.000 -9999.000 -9999.000 -9999.000 -9999.000 -9999.000 -9999.000 -9999.000 -9999.000 -9999.000 -9999.000 -9999.000 -9999.000 -9999.000 -9999.000 -9999.000 -9999.000 -9999.000 -9999.000 -9999.000 -9999.000
-9999.000 -9999.000 -9999.000 -9999.000 -9999.000 -9999.000 -9999.000 -9999.000 -9999.000 -9999.000 -9999.000 -9999.000 -9999.000 -9999.000 -9999.000 -9999.000 -9999.000 -9999.000 -9999.000 -9999.000 -9999.000 -9999.000 -9999.000 -9999.000 -9999.000 -9999.000 -9999.000 -9999.000 -9999.000 -9999.000 -9999.000 -9999.000 -9999.000 -9999.000 -9999.000 -9999.000 -9999.000 -9999.000 -9999.000 -9999.000 -9999.000 -9999.000 -9999.000 -9999.000 -9999.000 -9999.000 -9999.000 -9999.000 -9999.000 -9999.000 -9999.000 -9999.000 -9999.000 -9999.000 -9999.000 -9999.000 -9999.000 -9999.000 -9999.000 -9999.000 -9999.000 -9999.000 -9999.000 -9999.000 -9999.000 -9999.000 -9999.000 -9999.000 -9999.000 -9999.000 -9999.000 -9999.000 -9999.000 -9999.000 -9999.000 -9999.000 -9999.000 -9999.000 -9999.000 -9999.000 -9999.000 -9999.000 -9999.000 -9999.000 -9999.000 -9999.000 -9999.000 -9999.000 -9999.000 -9999.000 -9999.000 -9999.000 -9999.000 -9999.000 -9999.000 -9999.000 -9999.000 -9999.000 -9999.000 -9999.000 -9999.000 -9999.000 -9999.000 -9999.000
-9999.000 -9999.000 -492.128 -599.769 -708.454 -813.691 -907.140 -979.129 -1024.676 -1048.326 -1058.250 -1062.070 -1063.506 -1064.041 -1064.240 -1064.313 -1064.340 -1064.350 -1064.353 -1064.355 -1064.355 -1064.355 -1064.355 -1064.355 -1064.355 -1064.355 -1064.355 -1064.355 -1064.354 -1064.354 -1064.355 -1064.355 -1064.355 -1064.355 -1064.356 -1064.356 -1064.357 -1064.358 -1064.359 -1064.360 -1064.357 -1064.349 -1064.331 -1064.295 -1064.232 -1064.128 -1063.962 -1063.708 -1063.333 -1063.571 -1064.179 -1067.307 -1064.800 -1064.698 -1064.761 -1064.849 -1064.954 -1065.078 -1065.223 -1065.391 -1065.585 -1065.807 -1066.062 -1066.350 -1066.677 -1067.044 -1067.456 -1067.916 -1068.426 -1068.991 -1069.615 -1070.300 -1071.052 -1071.874 -1072.770 -1073.745 -1074.804 -1075.952 -1077.194 -1078.538 -1079.989 -1081.556 -1083.247 -1085.072 -1087.043 -1089.173 -1091.477 -1093.974 -1096.686 -1099.642 -1102.873 -1106.423 -1110.345 -1114.709 -1119.610 -1125.178 -1131.600 -1139.160 -1148.322 -1159.972 -1176.421 -1207.195 -9999.000 -9999.000
-9999.000 -9999.000 -492.128 -599.769 -708.454 -813.691 -907.140 -979.129 -1024.676 -1048.326 -1058.250 -1062.070 -1063.506 -1064.041 -1064.240 -1064.313 -1064.340 -1064.350 -1064.353 -1064.355 -1064.355 -1064.355 -1064.355 -1064.355 -1064.355 -1064.355 -1064.355 -1064.355 -1064.354 -1064.354 -1064.355 -1064.355 -1064.355 -1064.355 -1064.356 -1064.356 -1064.357 -1064.358 -1064.359 -1064.360 -1064.357 -1064.349 -1064.331 -1064.295 -1064.232 -1064.128 -1063.962 -1063.708 -1063.333 -1063.571 -1064.179 -1067.307 -1064.800 -1064.698 -1064.761 -1064.849 -1064.954 -1065.078 -1065.223 -1065.391 -1065.585 -1065.807 -1066.062 -1066.350 -1066.677 -1067.044 -1067.456 -1067.916 -1068.426 -1068.991 -1069.615 -1070.300 -1071.052 -1071.874 -1072.770 -1073.745 -1074.804 -1075.952 -1077.194 -1078.538 -1079.989 -1081.556 -1083.247 -1085.072 -1087.043 -1089.173 -1091.477 -1093.974 -1096.686 -1099.642 -1102.873 -1106.423 -1110.345 -1114.709 -1119.610 -1125.178 -1131.600 -1139.160 -1148.322 -1159.972 -1176.421 -1207.195 -9999.000 -9999.000
-9999.000 -9999.000 -492.128 -599.769 -708.454 -813.691 -907.140 -979.129 -1024.676 -1048.326 -1058.250 -1062.070 -1063.506 -1064.041 -1064.240 -1064.313 -1064.340 -1064.350 -1064.353 -1064.355 -1064.355 -1064.355 -1064.355 -1064.355 -1064.355 -1064.355 -1064.355 -1064.355 -1064.354 -1064.354 -1064.355 -1064.355 -1064.355 -1064.355 -1064.356 -1064.356 -1064.357 -1064.358 -1064.359 -1064.360 -1064.357 -1064.349 -1064.331 -1064.295 -1064.232 -1064.128 -1063.962 -1063.708 -1063.333 -1063.571 -1064.179 -1067.307 -1064.800 -1064.698 -1064.761 -1064.849 -1064.954 -1065.078 -1065.223 -1065.391 -1065.585 -1065.807 -1066.062 -1066.350 -1066.677 -1067.044 -1067.456 -1067.916 -1068.426 -1068.991 -1069.615 -1070.300 -1071.052 -1071.874 -1072.770 -1073.745 -1074.804 -1075.952 -1077.194 -1078.538 -1079.989 -1081.556 -1083.247 -1085.072 -1087.043 -1089.173 -1091.477 -1093.974 -1096.686 -1099.642 -1102.873 -1106.423 -1110.345 -1114.709 -1119.610 -1125.178 -1131.600 -1139.160 -1148.322 -1159.972 -1176.421 -1207.195 -9999.000 -9999.000
-9999.000 -9999.000 -492.128 -599.769 -708.454 -813.691 -907.140 -979.129 -1024.676 -1048.326 -1058.250 -1062.070 -1063.506 -1064.041 -1064.240 -1064.313 -1064.340 -1064.350 -1064.353 -1064.355 -1064.355 -1064.355 -1064.355 -1064.355 -1064.355 -1064.355 -1064.355 -1064.355 -1064.354 -1064.354 -1064.355 -1064.355 -1064.355 -1064.355 -1064.356 -1064.356 -1064.357 -1064.358 -1064.359 -1064.360 -1064.357 -1064.349 -1064.331 -1064.295 -1064.232 -1064.128 -1063.962 -1063.708 -1063.333 -1063.571 -1064.179 -1067.307 -1064.800 -1064.698 -1064.761 -1064.849 -1064.954 -1065.078 -1065.223 -1065.391 -1065.585 -1065.807 -1066.062 -1066.350 -1066.677 -1067.044 -1067.456 -1067.916 -1068.426 -1068.991 -1069.615 -1070.300 -1071.052 -1071.874 -1072.770 -1073.745 -1074.804 -1075.952 -1077.194 -1078.538 -1079.989 -1081.556 -1083.247 -1085.072 -1087.043 -1089.173 -1091.477 -1093.974 -1096.686 -1099.642 -1102.873 -1106.423 -1110.345 -1114.709 -1119.610 -1125.178 -1131.600 -1139.160 -1148.322 -1159.972 -1176.421 -1207.195 -9999.000 -9999.000
-9999.000 -9999.000 -492.128 -599.769 -708.454 -813.691 -907.140 -979.129 -1024.676 -1048.326 -1058.250 -1062.070 -1063.506 -1064.041 -1064.240 -1064.313 -1064.340 -1064.350 -1064.353 -1064.355 -1064.355 -1064.355 -1064.355 -1064.355 -1064.355 -1064.355 -1064.355 -1064.355 -1064.354 -1064.354 -1064.355 -1064.355 -1064.355 -1064.355 -1064.356 -1064.356 -1064.357 -1064.358 -1064.359 -1064.360 -1064.357 -1064.349 -1064.331 -1064.295 -1064.232 -1064.128 -1063.962 -1063.708 -1063.333 -1063.571 -1064.179 -1067.307 -1064.800 -1064.698 -1064.761 -1064.849 -1064.954 -1065.078 -1065.223 -1065.391 -1065.585 -1065.807 -1066.062 -1066.350 -1066.677 -1067.044 -1067.456 -1067.916 -1068.426 -1068.991 -1069.615 -1070.300 -1071.052 -1071.874 -1072.770 -1073.745 -1074.804 -1075.952 -1077.194 -1078.538 -1079.989 -1081.556 -1083.247 -1085.072 -1087.043 -1089.173 -1091.477 -1093.974 -1096.686 -1099.642 -1102.873 -1106.423 -1110.345 -1114.709 -1119.610 -1125.178 -1131.600 -1139.160 -1148.322 -1159.972 -1176.421 -1207.195 -9999.000 -9999.000
-9999.000 -9999.000 -492.128 -599.769 -708.454 -813.691 -907.140 -979.129 -1024.676 -1048.326 -1058.250 -1062.070 -1063.506 -1064.041 -1064.240 -1064.313 -1064.340 -1064.350 -1064.353 -1064.355 -1064.355 -1064.355 -1064.355 -1064.355 -1064.355 -1064.355 -1064.355 -1064.355 -1064.354 -1064.354 -1064.355 -1064.355 -1064.355 -1064.355 -1064.356 -1064.356 -1064.357 -1064.358 -1064.359 -1064.360 -1064.357 -1064.349 -1064.331 -1064.295 -1064.232 -1064.128 -1063.962 -1063.708 -1063.333 -1063.571 -1064.179 -1067.307 -1064.800 -1064.698 -1064.761 -1064.849 -1064.954 -1065.078 -1065.223 -1065.391 -1065.585 -1065.807 -1066.062 -1066.350 -1066.677 -1067.044 -1067.456 -1067.916 -1068.426 -1068.991 -1069.615 -1070.300 -1071.052 -1071.874 -1072.770 -1073.745 -1074.804 -1075.952 -1077.194 -1078.538 -1079.989 -1081.556 -1083.247 -1085.072 -1087.043 -1089.173 -1091.477 -1093.974 -1096.686 -1099.642 -1102.873 -1106.423 -1110.345 -1114.709 -1119.610 -1125.178 -1131.600 -1139.160 -1148.322 -1159.972 -1176.421 -1207.195 -9999.000 -9999.000
-9999.000 -9999.000 -9999.000 -9999.000 -9999.000 -9999.000 -9999.000 -9999.000 -9999.000 -9999.000 -9999.000 -9999.000 -9999.000 -9999.000 -9999.000 -9999.000 -9999.000 -9999.000 -9999.000 -9999.000 -9999.000 -9999.000 -9999.000 -9999.000 -9999.000 -9999.000 -9999.000 -9999.000 -9999.000 -9999.000 -9999.000 -9999.000 -9999.000 -9999.000 -9999.000 -9999.000 -9999.000 -9999.000 -9999.000 -9999.000 -9999.000 -9999.000 -9999.000 -9999.000 -9999.000 -9999.000 -9999.000 -9999.000 -9999.000 -9999.000 -9999.000 -9999.000 -9999.000 -9999.000 -9999.000 -9999.000 -9999.000 -9999.000 -9999.000 -9999.000 -9999.000 -9999.000 -9999.000 -9999.000 -9999.000 -9999.000 -9999.000 -9999.000 -9999.000 -9999.000 -9999.000 -9999.000 -9999.000 -9999.000 -9999.000 -9999.000 -9999.000 -9999.000 -9999.000 -9999.000 -9999.000 -9999.000 -9999.000 -9999.000 -9999.000 -9999.000 -9999.000 -9999.000 -9999.000 -9999.000 -9999.000 -9999.000 -9999.000 -9999.000 -9999.000 -9999.000 -9999.000 -9999.000 -9999.000 -9999.000 -9999.000 -9999.000 -9999.000 -9999.000
-9999.000 -9999.000 -9999.000 -9999.000 -9999.000 -9999.000 -9999.000 -9999.000 -9999.000 -9999.000 -9999.000 -9999.000 -9999.000 -9999.000 -9999.000 -9999.000 -9999.000 -9999.000 -9999.000 -9999.000 -9999.000 -9999.000 -9999.000 -9999.000 -9999.000 -9999.000 -9999.000 -9999.000 -9999.000 -9999.000 -9999.000 -9999.000 -9999.000 -9999.000 -9999.000 -9999.000 -9999.000 -9999.000 -9999.000 -9999.000 -9999.000 -9999.000 -9999.000 -9999.000 -9999.000 -9999.000 -9999.000 -9999.000 -9999.000 -9999.000 -9999.000 -9999.000 -9999.000 -9999.000 -9999.000 -9999.000 -9999.000 -9999.000 -9999.000 -9999.000 -9999.000 -9999.000 -9999.000 -9999.000 -9999.000 -9999.000 -9999.000 -9999.000 -9999.000 -9999.000 -9999.000 -9999.000 -9999.000 -9999.000 -9999.000 -9999.000 -9999.000 -9999.000 -9999.000 -9999.000 -9999.000 -9999.000 -9999.000 -9999.000 -9999.000 -9999.000 -9999.000 -9999.000 -9999.000 -9999.000 -9999.000 -9999.000 -9999.000 -9999.000 -9999.000 -9999.000 -9999.000 -9999.000 -9999.000 -9999.000 -9999.000 -9999.000 -9999.000 -9999.000