examples/3D/hillslope02_superslab/output-maps-METEOIO-ON/psiliqL0082N0003.asc
ncols         104
nrows         10
xllcorner     -2.000000
yllcorner     0.000000
cellsize      1.000000
NODATA_value  -9999.0
-9999.000 -9999.000 -9999.000 -9999.000 -9999.000 -9999.000 -9999.000 -9999.000 -9999.000 -9999.000 -9999.000 -9999.000 -9999.000 -9999.000 -9999.000 -9999.000 -9999.000 -9999.000 -9999.000 -9999.000 -9999.000 -9999.000 -9999.000 -9999.000 -9999.000 -9999.000 -9999.000 -9999.000 -9999.000 -9999.000 -9999.000 -9999.000 -9999.000 -9999.000 -9999.000 -9999.000 -9999.000 -9999.000 -9999.000 -9999.000 -9999.000 -9999.000 -9999.000 -9999.000 -9999.000 -9999.000 -9999.000 -9999.000 -9999.000 -9999.000 -9999.000 -9999.000 -9999.000 -9999.000 -9999.000 -9999.000 -9999.000 -9999.000 -9999.000 -9999.000 -9999.000 -9999.000 -9999.000 -9999.000 -9999.000 -9999.000 -9999.000 -9999.000 -9999.000 -9999.000 -9999.000 -9999.000 -9999.000 -9999.000 -9999.000 -9999.000 -9999.000 -9999.000 -9999.000 -9999.000 -9999.000 -9999.000 -9999.000 -9999.000 -9999.000 -9999.000 -9999.000 -9999.000 -9999.000 -9999.000 -9999.000 -9999.000 -9999.000 -9999.000 -9999.000 -9999.000 -9999.000 -9999.000 -9999.000 -9999.000 -9999.000 -9999.000 -9999.000 -9999.000
-9999.000 -9999.000 -9999.000 -9999.000 -9999.000 -9999.000 -9999.000 -9999.000 -9999.000 -9999.000 -9999.000 -9999.000 -9999.000 -9999.000 -9999.000 -9999.000 -9999.000 -9999.000 -9999.000 -9999.000 -9999.000 -9999.000 -9999.000 -9999.000 -9999.000 -9999.000 -9999.000 -9999.000 -9999.000 -9999.000 -9999.000 -9999.000 -9999.000 -9999.000 -9999.000 -9999.000 -9999.000 -9999.000 -9999.000 -9999.000 -9999.000 -9999.000 -9999.000 -9999.000 -9999.000 -9999.000 -9999.000 -9999.000 -9999.000 -9999.000 -9999.000 -9999.000 -9999.000 -9999.000 -9999.000 -9999.000 -9999.000 -9999.000 -9999.000 -9999.000 -9999.000 -9999.000 -9999.000 -9999.000 -9999.000 -9999.000 -9999.000 -9999.000 -9999.000 -9999.000 -9999.000 -9999.000 -9999.000 -9999.000 -9999.000 -9999.000 -9999.000 -9999.000 -9999.000 -9999.000 -9999.000 -9999.000 -9999.000 -9999.000 -9999.000 -9999.000 -9999.000 -9999.000 -9999.000 -9999.000 -9999.000 -9999.000 -9999.000 -9999.000 -9999.000 -9999.000 -9999.000 -9999.000 -9999.000 -9999.000 -9999.000 -9999.000 -9999.000 -9999.000
-9999.000 -9999.000 -189.154 -288.877 -388.294 -487.343 -585.092 -678.759 -762.957 -829.855 -874.196 -898.546 -909.037 -913.225 -914.853 -915.483 -915.729 -915.823 -915.862 -915.884 -915.901 -915.918 -915.936 -915.958 -915.983 -916.013 -916.048 -916.089 -916.137 -916.193 -916.258 -916.332 -916.416 -916.513 -916.622 -916.746 -916.885 -917.040 -917.213 -917.404 -917.613 -917.841 -918.085 -918.344 -918.614 -918.886 -919.141 -919.335 -919.379 -919.170 -919.037 -922.540 -922.427 -922.934 -923.569 -924.252 -924.979 -925.748 -926.561 -927.419 -928.324 -929.277 -930.279 -931.332 -932.437 -933.597 -934.814 -936.088 -937.424 -938.822 -940.286 -941.820 -943.425 -945.107 -946.868 -948.715 -950.651 -952.684 -954.818 -957.063 -959.427 -961.919 -964.551 -967.337 -970.291 -973.432 -976.783 -980.368 -984.219 -988.374 -992.883 -997.803 -1003.214 -1009.216 -1015.946 -1023.593 -1032.431 -1042.877 -1055.614 -1071.909 -1094.735 -1133.791 -9999.000 -9999.000
-9999.000 -9999.000 -189.154 -288.877 -388.294 -487.343 -585.092 -678.759 -762.957 -829.855 -874.196 -898.546 -909.037 -913.225 -914.853 -915.483 -915.729 -915.823 -915.862 -915.884 -915.901 -915.918 -915.936 -915.958 -915.983 -916.013 -916.048 -916.089 -916.137 -916.193 -916.258 -916.332 -916.416 -916.513 -916.622 -916.746 -916.885 -917.040 -917.213 -917.404 -917.613 -917.841 -918.085 -918.344 -918.614 -918.886 -919.141 -919.335 -919.379 -919.170 -919.037 -922.540 -922.427 -922.934 -923.569 -924.252 -924.979 -925.748 -926.561 -927.419 -928.324 -929.277 -930.279 -931.332 -932.437 -933.597 -934.814 -936.088 -937.424 -938.822 -940.286 -941.820 -943.425 -945.107 -946.868 -948.715 -950.651 -952.684 -954.818 -957.063 -959.427 -961.919 -964.551 -967.337 -970.291 -973.432 -976.783 -980.368 -984.219 -988.374 -992.883 -997.803 -1003.214 -1009.216 -1015.946 -1023.593 -1032.431 -1042.877 -1055.614 -1071.909 -1094.735 -1133.791 -9999.000 -9999.000
-9999.000 -9999.000 -189.154 -288.877 -388.294 -487.343 -585.092 -678.759 -762.957 -829.855 -874.196 -898.546 -909.037 -913.225 -914.853 -915.483 -915.729 -915.823 -915.862 -915.884 -915.901 -915.918 -915.936 -915.958 -915.983 -916.013 -916.048 -916.089 -916.137 -916.193 -916.258 -916.332 -916.416 -916.513 -916.622 -916.746 -916.885 -917.040 -917.213 -917.404 -917.613 -917.841 -918.085 -918.344 -918.614 -918.886 -919.141 -919.335 -919.379 -919.170 -919.037 -922.540 -922.427 -922.934 -923.569 -924.252 -924.979 -925.748 -926.561 -927.419 -928.324 -929.277 -930.279 -931.332 -932.437 -933.597 -934.814 -936.088 -937.424 -938.822 -940.286 -941.820 -943.425 -945.107 -946.868 -948.715 -950.651 -952.684 -954.818 -957.063 -959.427 -961.919 -964.551 -967.337 -970.291 -973.432 -976.783 -980.368 -984.219 -988.374 -992.883 -997.803 -1003.214 -1009.216 -1015.946 -1023.593 -1032.431 -1042.877 -1055.614 -1071.909 -1094.735 -1133.791 -9999.000 -9999.000
-9999.000 -9999.000 -189.154 -288.877 -388.294 -487.343 -585.092 -678.759 -762.957 -829.855 -874.196 -898.546 -909.037 -913.225 -914.853 -915.483 -915.729 -915.823 -915.862 -915.884 -915.901 -915.918 -915.936 -915.958 -915.983 -916.013 -916.048 -916.089 -916.137 -916.193 -916.258 -916.332 -916.416 -916.513 -916.622 -916.746 -916.885 -917.040 -917.213 -917.404 -917.613 -917.841 -918.085 -918.344 -918.614 -918.886 -919.141 -919.335 -919.379 -919.170 -919.037 -922.540 -922.427 -922.934 -923.569 -924.252 -924.979 -925.748 -926.561 -927.419 -928.324 -929.277 -930.279 -931.332 -932.437 -933.597 -934.814 -936.088 -937.424 -938.822 -940.286 -941.820 -943.425 -945.107 -946.868 -948.715 -950.651 -952.684 -954.818 -957.063 -959.427 -961.919 -964.551 -967.337 -970.291 -973.432 -976.783 -980.368 -984.219 -988.374 -992.883 -997.803 -1003.214 -1009.216 -1015.946 -1023.593 -1032.431 -1042.877 -1055.614 -1071.909 -1094.735 -1133.791 -9999.000 -9999.000
-9999.000 -9999.000 -189.154 -288.877 -388.294 -487.343 -585.092 -678.759 -762.957 -829.855 -874.196 -898.546 -909.037 -913.225 -914.853 -915.483 -915.729 -915.823 -915.862 -915.884 -915.901 -915.918 -915.936 -915.958 -915.983 -916.013 -916.048 -916.089 -916.137 -916.193 -916.258 -916.332 -916.416 -916.513 -916.622 -916.746 -916.885 -917.040 -917.213 -917.404 -917.613 -917.841 -918.085 -918.344 -918.614 -918.886 -919.141 -919.335 -919.379 -919.170 -919.037 -922.540 -922.427 -922.934 -923.569 -924.252 -924.979 -925.748 -926.561 -927.419 -928.324 -929.277 -930.279 -931.332 -932.437 -933.597 -934.814 -936.088 -937.424 -938.822 -940.286 -941.820 -943.425 -945.107 -946.868 -948.715 -950.651 -952.684 -954.818 -957.063 -959.427 -961.919 -964.551 -967.337 -970.291 -973.432 -976.783 -980.368 -984.219 -988.374 -992.883 -997.803 -1003.214 -1009.216 -1015.946 -1023.593 -1032.431 -1042.877 -1055.614 -1071.909 -1094.735 -1133.791 -9999.000 -9999.000
-9999.000 -9999.000 -189.154 -288.877 -388.294 -487.343 -585.092 -678.759 -762.957 -829.855 -874.196 -898.546 -909.037 -913.225 -914.853 -915.483 -915.729 -915.823 -915.862 -915.884 -915.901 -915.918 -915.936 -915.958 -915.983 -916.013 -916.048 -916.089 -916.137 -916.193 -916.258 -916.332 -916.416 -916.513 -916.622 -916.746 -916.885 -917.040 -917.213 -917.404 -917.613 -917.841 -918.085 -918.344 -918.614 -918.886 -919.141 -919.335 -919.379 -919.170 -919.037 -922.540 -922.427 -922.934 -923.569 -924.252 -924.979 -925.748 -926.561 -927.419 -928.324 -929.277 -930.279 -931.332 -932.437 -933.597 -934.814 -936.088 -937.424 -938.822 -940.286 -941.820 -943.425 -945.107 -946.868 -948.715 -950.651 -952.684 -954.818 -957.063 -959.427 -961.919 -964.551 -967.337 -970.291 -973.432 -976.783 -980.368 -984.219 -988.374 -992.883 -997.803 -1003.214 -1009.216 -1015.946 -1023.593 -1032.431 -1042.877 -1055.614 -1071.909 -1094.735 -1133.791 -9999.000 -9999.000
-9999.000 -9999.000 -9999.000 -9999.000 -9999.000 -9999.000 -9999.000 -9999.000 -9999.000 -9999.000 -9999.000 -9999.000 -9999.000 -9999.000 -9999.000 -9999.000 -9999.000 -9999.000 -9999.000 -9999.000 -9999.000 -9999.000 -9999.000 -9999.000 -9999.000 -9999.000 -9999.000 -9999.000 -9999.000 -9999.000 -9999.000 -9999.000 -9999.000 -9999.000 -9999.000 -9999.000 -9999.000 -9999.000 -9999.000 -9999.000 -9999.000 -9999.000 -9999.000 -9999.000 -9999.000 -9999.000 -9999.000 -9999.000 -9999.000 -9999.000 -9999.000 -9999.000 -9999.000 -9999.000 -9999.000 -9999.000 -9999.000 -9999.000 -9999.000 -9999.000 -9999.000 -9999.000 -9999.000 -9999.000 -9999.000 -9999.000 -9999.000 -9999.000 -9999.000 -9999.000 -9999.000 -9999.000 -9999.000 -9999.000 -9999.000 -9999.000 -9999.000 -9999.000 -9999.000 -9999.000 -9999.000 -9999.000 -9999.000 -9999.000 -9999.000 -9999.000 -9999.000 -9999.000 -9999.000 -9999.000 -9999.000 -9999.000 -9999.000 -9999.000 -9999.000 -9999.000 -9999.000 -9999.000 -9999.000 -9999.000 -9999.000 -9999.000 -9999.000 -9999.000
-9999.000 -9999.000 -9999.000 -9999.000 -9999.000 -9999.000 -9999.000 -9999.000 -9999.000 -9999.000 -9999.000 -9999.000 -9999.000 -9999.000 -9999.000 -9999.000 -9999.000 -9999.000 -9999.000 -9999.000 -9999.000 -9999.000 -9999.000 -9999.000 -9999.000 -9999.000 -9999.000 -9999.000 -9999.000 -9999.000 -9999.000 -9999.000 -9999.000 -9999.000 -9999.000 -9999.000 -9999.000 -9999.000 -9999.000 -9999.000 -9999.000 -9999.000 -9999.000 -9999.000 -9999.000 -9999.000 -9999.000 -9999.000 -9999.000 -9999.000 -9999.000 -9999.000 -9999.000 -9999.000 -9999.000 -9999.000 -9999.000 -9999.000 -9999.000 -9999.000 -9999.000 -9999.000 -9999.000 -9999.000 -9999.000 -9999.000 -9999.000 -9999.000 -9999.000 -9999.000 -9999.000 -9999.000 -9999.000 -9999.000 -9999.000 -9999.000 -9999.000 -9999.000 -9999.000 -9999.000 -9999.000 -9999.000 -9999.000 -9999.000 -9999.000 -9999.000 -9999.000 -9999.000 -9999.000 -9999.000 -9999.000 -9999.000 -9999.000 -9999.000 -9999.000 -9999.000 -9999.000 -9999.000 -9999.000 -9999.000 -9999.000 -9999.000 -9999.000 -9999.000