examples/3D/hillslope02_superslab/output-maps-METEOIO-ON/psiliqL0076N0003.asc
ncols         104
nrows         10
xllcorner     -2.000000
yllcorner     0.000000
cellsize      1.000000
NODATA_value  -9999.0
-9999.000 -9999.000 -9999.000 -9999.000 -9999.000 -9999.000 -9999.000 -9999.000 -9999.000 -9999.000 -9999.000 -9999.000 -9999.000 -9999.000 -9999.000 -9999.000 -9999.000 -9999.000 -9999.000 -9999.000 -9999.000 -9999.000 -9999.000 -9999.000 -9999.000 -9999.000 -9999.000 -9999.000 -9999.000 -9999.000 -9999.000 -9999.000 -9999.000 -9999.000 -9999.000 -9999.000 -9999.000 -9999.000 -9999.000 -9999.000 -9999.000 -9999.000 -9999.000 -9999.000 -9999.000 -9999.000 -9999.000 -9999.000 -9999.000 -9999.000 -9999.000 -9999.000 -9999.000 -9999.000 -9999.000 -9999.000 -9999.000 -9999.000 -9999.000 -9999.000 -9999.000 -9999.000 -9999.000 -9999.000 -9999.000 -9999.000 -9999.000 -9999.000 -9999.000 -9999.000 -9999.000 -9999.000 -9999.000 -9999.000 -9999.000 -9999.000 -9999.000 -9999.000 -9999.000 -9999.000 -9999.000 -9999.000 -9999.000 -9999.000 -9999.000 -9999.000 -9999.000 -9999.000 -9999.000 -9999.000 -9999.000 -9999.000 -9999.000 -9999.000 -9999.000 -9999.000 -9999.000 -9999.000 -9999.000 -9999.000 -9999.000 -9999.000 -9999.000 -9999.000
-9999.000 -9999.000 -9999.000 -9999.000 -9999.000 -9999.000 -9999.000 -9999.000 -9999.000 -9999.000 -9999.000 -9999.000 -9999.000 -9999.000 -9999.000 -9999.000 -9999.000 -9999.000 -9999.000 -9999.000 -9999.000 -9999.000 -9999.000 -9999.000 -9999.000 -9999.000 -9999.000 -9999.000 -9999.000 -9999.000 -9999.000 -9999.000 -9999.000 -9999.000 -9999.000 -9999.000 -9999.000 -9999.000 -9999.000 -9999.000 -9999.000 -9999.000 -9999.000 -9999.000 -9999.000 -9999.000 -9999.000 -9999.000 -9999.000 -9999.000 -9999.000 -9999.000 -9999.000 -9999.000 -9999.000 -9999.000 -9999.000 -9999.000 -9999.000 -9999.000 -9999.000 -9999.000 -9999.000 -9999.000 -9999.000 -9999.000 -9999.000 -9999.000 -9999.000 -9999.000 -9999.000 -9999.000 -9999.000 -9999.000 -9999.000 -9999.000 -9999.000 -9999.000 -9999.000 -9999.000 -9999.000 -9999.000 -9999.000 -9999.000 -9999.000 -9999.000 -9999.000 -9999.000 -9999.000 -9999.000 -9999.000 -9999.000 -9999.000 -9999.000 -9999.000 -9999.000 -9999.000 -9999.000 -9999.000 -9999.000 -9999.000 -9999.000 -9999.000 -9999.000
-9999.000 -9999.000 -495.751 -603.091 -713.190 -824.225 -932.094 -1029.335 -1107.071 -1159.893 -1189.613 -1203.643 -1209.319 -1211.518 -1212.360 -1212.681 -1212.804 -1212.851 -1212.869 -1212.877 -1212.882 -1212.886 -1212.891 -1212.896 -1212.902 -1212.910 -1212.920 -1212.931 -1212.945 -1212.961 -1212.981 -1213.004 -1213.031 -1213.062 -1213.099 -1213.142 -1213.190 -1213.245 -1213.306 -1213.370 -1213.435 -1213.495 -1213.542 -1213.564 -1213.539 -1213.422 -1213.109 -1212.599 -1212.768 -1213.132 -1214.038 -1217.702 -1215.880 -1215.986 -1216.310 -1216.678 -1217.078 -1217.508 -1217.971 -1218.467 -1218.999 -1219.567 -1220.173 -1220.819 -1221.507 -1222.237 -1223.013 -1223.836 -1224.708 -1225.631 -1226.608 -1227.641 -1228.733 -1229.887 -1231.106 -1232.395 -1233.757 -1235.196 -1236.718 -1238.329 -1240.034 -1241.842 -1243.761 -1245.801 -1247.972 -1250.289 -1252.767 -1255.425 -1258.284 -1261.374 -1264.726 -1268.385 -1272.404 -1276.853 -1281.828 -1287.459 -1293.933 -1301.534 -1310.730 -1322.436 -1339.169 -1371.228 -9999.000 -9999.000
-9999.000 -9999.000 -495.751 -603.091 -713.190 -824.225 -932.094 -1029.335 -1107.071 -1159.893 -1189.613 -1203.643 -1209.319 -1211.518 -1212.360 -1212.681 -1212.804 -1212.851 -1212.869 -1212.877 -1212.882 -1212.886 -1212.891 -1212.896 -1212.902 -1212.910 -1212.920 -1212.931 -1212.945 -1212.961 -1212.981 -1213.004 -1213.031 -1213.062 -1213.099 -1213.142 -1213.190 -1213.245 -1213.306 -1213.370 -1213.435 -1213.495 -1213.542 -1213.564 -1213.539 -1213.422 -1213.109 -1212.599 -1212.768 -1213.132 -1214.038 -1217.702 -1215.880 -1215.986 -1216.310 -1216.678 -1217.078 -1217.508 -1217.971 -1218.467 -1218.999 -1219.567 -1220.173 -1220.819 -1221.507 -1222.237 -1223.013 -1223.836 -1224.708 -1225.631 -1226.608 -1227.641 -1228.733 -1229.887 -1231.106 -1232.395 -1233.757 -1235.196 -1236.718 -1238.329 -1240.034 -1241.842 -1243.761 -1245.801 -1247.972 -1250.289 -1252.767 -1255.425 -1258.284 -1261.374 -1264.726 -1268.385 -1272.404 -1276.853 -1281.828 -1287.459 -1293.933 -1301.534 -1310.730 -1322.436 -1339.169 -1371.228 -9999.000 -9999.000
-9999.000 -9999.000 -495.751 -603.091 -713.190 -824.225 -932.094 -1029.335 -1107.071 -1159.893 -1189.613 -1203.643 -1209.319 -1211.518 -1212.360 -1212.681 -1212.804 -1212.851 -1212.869 -1212.877 -1212.882 -1212.886 -1212.891 -1212.896 -1212.902 -1212.910 -1212.920 -1212.931 -1212.945 -1212.961 -1212.981 -1213.004 -1213.031 -1213.062 -1213.099 -1213.142 -1213.190 -1213.245 -1213.306 -1213.370 -1213.435 -1213.495 -1213.542 -1213.564 -1213.539 -1213.422 -1213.109 -1212.599 -1212.768 -1213.132 -1214.038 -1217.702 -1215.880 -1215.986 -1216.310 -1216.678 -1217.078 -1217.508 -1217.971 -1218.467 -1218.999 -1219.567 -1220.173 -1220.819 -1221.507 -1222.237 -1223.013 -1223.836 -1224.708 -1225.631 -1226.608 -1227.641 -1228.733 -1229.887 -1231.106 -1232.395 -1233.757 -1235.196 -1236.718 -1238.329 -1240.034 -1241.842 -1243.761 -1245.801 -1247.972 -1250.289 -1252.767 -1255.425 -1258.284 -1261.374 -1264.726 -1268.385 -1272.404 -1276.853 -1281.828 -1287.459 -1293.933 -1301.534 -1310.730 -1322.436 -1339.169 -1371.228 -9999.000 -9999.000
-9999.000 -9999.000 -495.751 -603.091 -713.190 -824.225 -932.094 -1029.335 -1107.071 -1159.893 -1189.613 -1203.643 -1209.319 -1211.518 -1212.360 -1212.681 -1212.804 -1212.851 -1212.869 -1212.877 -1212.882 -1212.886 -1212.891 -1212.896 -1212.902 -1212.910 -1212.920 -1212.931 -1212.945 -1212.961 -1212.981 -1213.004 -1213.031 -1213.062 -1213.099 -1213.142 -1213.190 -1213.245 -1213.306 -1213.370 -1213.435 -1213.495 -1213.542 -1213.564 -1213.539 -1213.422 -1213.109 -1212.599 -1212.768 -1213.132 -1214.038 -1217.702 -1215.880 -1215.986 -1216.310 -1216.678 -1217.078 -1217.508 -1217.971 -1218.467 -1218.999 -1219.567 -1220.173 -1220.819 -1221.507 -1222.237 -1223.013 -1223.836 -1224.708 -1225.631 -1226.608 -1227.641 -1228.733 -1229.887 -1231.106 -1232.395 -1233.757 -1235.196 -1236.718 -1238.329 -1240.034 -1241.842 -1243.761 -1245.801 -1247.972 -1250.289 -1252.767 -1255.425 -1258.284 -1261.374 -1264.726 -1268.385 -1272.404 -1276.853 -1281.828 -1287.459 -1293.933 -1301.534 -1310.730 -1322.436 -1339.169 -1371.228 -9999.000 -9999.000
-9999.000 -9999.000 -495.751 -603.091 -713.190 -824.225 -932.094 -1029.335 -1107.071 -1159.893 -1189.613 -1203.643 -1209.319 -1211.518 -1212.360 -1212.681 -1212.804 -1212.851 -1212.869 -1212.877 -1212.882 -1212.886 -1212.891 -1212.896 -1212.902 -1212.910 -1212.920 -1212.931 -1212.945 -1212.961 -1212.981 -1213.004 -1213.031 -1213.062 -1213.099 -1213.142 -1213.190 -1213.245 -1213.306 -1213.370 -1213.435 -1213.495 -1213.542 -1213.564 -1213.539 -1213.422 -1213.109 -1212.599 -1212.768 -1213.132 -1214.038 -1217.702 -1215.880 -1215.986 -1216.310 -1216.678 -1217.078 -1217.508 -1217.971 -1218.467 -1218.999 -1219.567 -1220.173 -1220.819 -1221.507 -1222.237 -1223.013 -1223.836 -1224.708 -1225.631 -1226.608 -1227.641 -1228.733 -1229.887 -1231.106 -1232.395 -1233.757 -1235.196 -1236.718 -1238.329 -1240.034 -1241.842 -1243.761 -1245.801 -1247.972 -1250.289 -1252.767 -1255.425 -1258.284 -1261.374 -1264.726 -1268.385 -1272.404 -1276.853 -1281.828 -1287.459 -1293.933 -1301.534 -1310.730 -1322.436 -1339.169 -1371.228 -9999.000 -9999.000
-9999.000 -9999.000 -495.751 -603.091 -713.190 -824.225 -932.094 -1029.335 -1107.071 -1159.893 -1189.613 -1203.643 -1209.319 -1211.518 -1212.360 -1212.681 -1212.804 -1212.851 -1212.869 -1212.877 -1212.882 -1212.886 -1212.891 -1212.896 -1212.902 -1212.910 -1212.920 -1212.931 -1212.945 -1212.961 -1212.981 -1213.004 -1213.031 -1213.062 -1213.099 -1213.142 -1213.190 -1213.245 -1213.306 -1213.370 -1213.435 -1213.495 -1213.542 -1213.564 -1213.539 -1213.422 -1213.109 -1212.599 -1212.768 -1213.132 -1214.038 -1217.702 -1215.880 -1215.986 -1216.310 -1216.678 -1217.078 -1217.508 -1217.971 -1218.467 -1218.999 -1219.567 -1220.173 -1220.819 -1221.507 -1222.237 -1223.013 -1223.836 -1224.708 -1225.631 -1226.608 -1227.641 -1228.733 -1229.887 -1231.106 -1232.395 -1233.757 -1235.196 -1236.718 -1238.329 -1240.034 -1241.842 -1243.761 -1245.801 -1247.972 -1250.289 -1252.767 -1255.425 -1258.284 -1261.374 -1264.726 -1268.385 -1272.404 -1276.853 -1281.828 -1287.459 -1293.933 -1301.534 -1310.730 -1322.436 -1339.169 -1371.228 -9999.000 -9999.000
-9999.000 -9999.000 -9999.000 -9999.000 -9999.000 -9999.000 -9999.000 -9999.000 -9999.000 -9999.000 -9999.000 -9999.000 -9999.000 -9999.000 -9999.000 -9999.000 -9999.000 -9999.000 -9999.000 -9999.000 -9999.000 -9999.000 -9999.000 -9999.000 -9999.000 -9999.000 -9999.000 -9999.000 -9999.000 -9999.000 -9999.000 -9999.000 -9999.000 -9999.000 -9999.000 -9999.000 -9999.000 -9999.000 -9999.000 -9999.000 -9999.000 -9999.000 -9999.000 -9999.000 -9999.000 -9999.000 -9999.000 -9999.000 -9999.000 -9999.000 -9999.000 -9999.000 -9999.000 -9999.000 -9999.000 -9999.000 -9999.000 -9999.000 -9999.000 -9999.000 -9999.000 -9999.000 -9999.000 -9999.000 -9999.000 -9999.000 -9999.000 -9999.000 -9999.000 -9999.000 -9999.000 -9999.000 -9999.000 -9999.000 -9999.000 -9999.000 -9999.000 -9999.000 -9999.000 -9999.000 -9999.000 -9999.000 -9999.000 -9999.000 -9999.000 -9999.000 -9999.000 -9999.000 -9999.000 -9999.000 -9999.000 -9999.000 -9999.000 -9999.000 -9999.000 -9999.000 -9999.000 -9999.000 -9999.000 -9999.000 -9999.000 -9999.000 -9999.000 -9999.000
-9999.000 -9999.000 -9999.000 -9999.000 -9999.000 -9999.000 -9999.000 -9999.000 -9999.000 -9999.000 -9999.000 -9999.000 -9999.000 -9999.000 -9999.000 -9999.000 -9999.000 -9999.000 -9999.000 -9999.000 -9999.000 -9999.000 -9999.000 -9999.000 -9999.000 -9999.000 -9999.000 -9999.000 -9999.000 -9999.000 -9999.000 -9999.000 -9999.000 -9999.000 -9999.000 -9999.000 -9999.000 -9999.000 -9999.000 -9999.000 -9999.000 -9999.000 -9999.000 -9999.000 -9999.000 -9999.000 -9999.000 -9999.000 -9999.000 -9999.000 -9999.000 -9999.000 -9999.000 -9999.000 -9999.000 -9999.000 -9999.000 -9999.000 -9999.000 -9999.000 -9999.000 -9999.000 -9999.000 -9999.000 -9999.000 -9999.000 -9999.000 -9999.000 -9999.000 -9999.000 -9999.000 -9999.000 -9999.000 -9999.000 -9999.000 -9999.000 -9999.000 -9999.000 -9999.000 -9999.000 -9999.000 -9999.000 -9999.000 -9999.000 -9999.000 -9999.000 -9999.000 -9999.000 -9999.000 -9999.000 -9999.000 -9999.000 -9999.000 -9999.000 -9999.000 -9999.000 -9999.000 -9999.000 -9999.000 -9999.000 -9999.000 -9999.000 -9999.000 -9999.000