examples/3D/hillslope02_superslab/output-maps-METEOIO-ON/psiliqL0071N0003.asc
ncols         104
nrows         10
xllcorner     -2.000000
yllcorner     0.000000
cellsize      1.000000
NODATA_value  -9999.0
-9999.000 -9999.000 -9999.000 -9999.000 -9999.000 -9999.000 -9999.000 -9999.000 -9999.000 -9999.000 -9999.000 -9999.000 -9999.000 -9999.000 -9999.000 -9999.000 -9999.000 -9999.000 -9999.000 -9999.000 -9999.000 -9999.000 -9999.000 -9999.000 -9999.000 -9999.000 -9999.000 -9999.000 -9999.000 -9999.000 -9999.000 -9999.000 -9999.000 -9999.000 -9999.000 -9999.000 -9999.000 -9999.000 -9999.000 -9999.000 -9999.000 -9999.000 -9999.000 -9999.000 -9999.000 -9999.000 -9999.000 -9999.000 -9999.000 -9999.000 -9999.000 -9999.000 -9999.000 -9999.000 -9999.000 -9999.000 -9999.000 -9999.000 -9999.000 -9999.000 -9999.000 -9999.000 -9999.000 -9999.000 -9999.000 -9999.000 -9999.000 -9999.000 -9999.000 -9999.000 -9999.000 -9999.000 -9999.000 -9999.000 -9999.000 -9999.000 -9999.000 -9999.000 -9999.000 -9999.000 -9999.000 -9999.000 -9999.000 -9999.000 -9999.000 -9999.000 -9999.000 -9999.000 -9999.000 -9999.000 -9999.000 -9999.000 -9999.000 -9999.000 -9999.000 -9999.000 -9999.000 -9999.000 -9999.000 -9999.000 -9999.000 -9999.000 -9999.000 -9999.000
-9999.000 -9999.000 -9999.000 -9999.000 -9999.000 -9999.000 -9999.000 -9999.000 -9999.000 -9999.000 -9999.000 -9999.000 -9999.000 -9999.000 -9999.000 -9999.000 -9999.000 -9999.000 -9999.000 -9999.000 -9999.000 -9999.000 -9999.000 -9999.000 -9999.000 -9999.000 -9999.000 -9999.000 -9999.000 -9999.000 -9999.000 -9999.000 -9999.000 -9999.000 -9999.000 -9999.000 -9999.000 -9999.000 -9999.000 -9999.000 -9999.000 -9999.000 -9999.000 -9999.000 -9999.000 -9999.000 -9999.000 -9999.000 -9999.000 -9999.000 -9999.000 -9999.000 -9999.000 -9999.000 -9999.000 -9999.000 -9999.000 -9999.000 -9999.000 -9999.000 -9999.000 -9999.000 -9999.000 -9999.000 -9999.000 -9999.000 -9999.000 -9999.000 -9999.000 -9999.000 -9999.000 -9999.000 -9999.000 -9999.000 -9999.000 -9999.000 -9999.000 -9999.000 -9999.000 -9999.000 -9999.000 -9999.000 -9999.000 -9999.000 -9999.000 -9999.000 -9999.000 -9999.000 -9999.000 -9999.000 -9999.000 -9999.000 -9999.000 -9999.000 -9999.000 -9999.000 -9999.000 -9999.000 -9999.000 -9999.000 -9999.000 -9999.000 -9999.000 -9999.000
-9999.000 -9999.000 -781.005 -903.594 -1030.030 -1152.575 -1261.235 -1345.789 -1402.196 -1434.179 -1449.736 -1456.296 -1458.841 -1459.809 -1460.175 -1460.313 -1460.365 -1460.385 -1460.393 -1460.395 -1460.397 -1460.397 -1460.398 -1460.399 -1460.400 -1460.402 -1460.404 -1460.406 -1460.409 -1460.413 -1460.417 -1460.422 -1460.429 -1460.437 -1460.447 -1460.458 -1460.469 -1460.479 -1460.485 -1460.480 -1460.454 -1460.392 -1460.273 -1460.060 -1459.685 -1459.673 -1459.802 -1460.018 -1460.360 -1460.617 -1461.132 -1463.245 -1461.570 -1461.473 -1461.595 -1461.748 -1461.920 -1462.109 -1462.316 -1462.542 -1462.790 -1463.059 -1463.352 -1463.670 -1464.014 -1464.385 -1464.787 -1465.219 -1465.685 -1466.185 -1466.721 -1467.297 -1467.914 -1468.574 -1469.280 -1470.036 -1470.843 -1471.706 -1472.629 -1473.614 -1474.668 -1475.796 -1477.002 -1478.295 -1479.682 -1481.172 -1482.776 -1484.507 -1486.379 -1488.410 -1490.624 -1493.048 -1495.717 -1498.677 -1501.989 -1505.736 -1510.038 -1515.074 -1521.144 -1528.868 -1540.311 -1566.060 -9999.000 -9999.000
-9999.000 -9999.000 -781.005 -903.594 -1030.030 -1152.575 -1261.235 -1345.789 -1402.196 -1434.179 -1449.736 -1456.296 -1458.841 -1459.809 -1460.175 -1460.313 -1460.365 -1460.385 -1460.393 -1460.395 -1460.397 -1460.397 -1460.398 -1460.399 -1460.400 -1460.402 -1460.404 -1460.406 -1460.409 -1460.413 -1460.417 -1460.422 -1460.429 -1460.437 -1460.447 -1460.458 -1460.469 -1460.479 -1460.485 -1460.480 -1460.454 -1460.392 -1460.273 -1460.060 -1459.685 -1459.673 -1459.802 -1460.018 -1460.360 -1460.617 -1461.132 -1463.245 -1461.570 -1461.473 -1461.595 -1461.748 -1461.920 -1462.109 -1462.316 -1462.542 -1462.790 -1463.059 -1463.352 -1463.670 -1464.014 -1464.385 -1464.787 -1465.219 -1465.685 -1466.185 -1466.721 -1467.297 -1467.914 -1468.574 -1469.280 -1470.036 -1470.843 -1471.706 -1472.629 -1473.614 -1474.668 -1475.796 -1477.002 -1478.295 -1479.682 -1481.172 -1482.776 -1484.507 -1486.379 -1488.410 -1490.624 -1493.048 -1495.717 -1498.677 -1501.989 -1505.736 -1510.038 -1515.074 -1521.144 -1528.868 -1540.311 -1566.060 -9999.000 -9999.000
-9999.000 -9999.000 -781.005 -903.594 -1030.030 -1152.575 -1261.235 -1345.789 -1402.196 -1434.179 -1449.736 -1456.296 -1458.841 -1459.809 -1460.175 -1460.313 -1460.365 -1460.385 -1460.393 -1460.395 -1460.397 -1460.397 -1460.398 -1460.399 -1460.400 -1460.402 -1460.404 -1460.406 -1460.409 -1460.413 -1460.417 -1460.422 -1460.429 -1460.437 -1460.447 -1460.458 -1460.469 -1460.479 -1460.485 -1460.480 -1460.454 -1460.392 -1460.273 -1460.060 -1459.685 -1459.673 -1459.802 -1460.018 -1460.360 -1460.617 -1461.132 -1463.245 -1461.570 -1461.473 -1461.595 -1461.748 -1461.920 -1462.109 -1462.316 -1462.542 -1462.790 -1463.059 -1463.352 -1463.670 -1464.014 -1464.385 -1464.787 -1465.219 -1465.685 -1466.185 -1466.721 -1467.297 -1467.914 -1468.574 -1469.280 -1470.036 -1470.843 -1471.706 -1472.629 -1473.614 -1474.668 -1475.796 -1477.002 -1478.295 -1479.682 -1481.172 -1482.776 -1484.507 -1486.379 -1488.410 -1490.624 -1493.048 -1495.717 -1498.677 -1501.989 -1505.736 -1510.038 -1515.074 -1521.144 -1528.868 -1540.311 -1566.060 -9999.000 -9999.000
-9999.000 -9999.000 -781.005 -903.594 -1030.030 -1152.575 -1261.235 -1345.789 -1402.196 -1434.179 -1449.736 -1456.296 -1458.841 -1459.809 -1460.175 -1460.313 -1460.365 -1460.385 -1460.393 -1460.395 -1460.397 -1460.397 -1460.398 -1460.399 -1460.400 -1460.402 -1460.404 -1460.406 -1460.409 -1460.413 -1460.417 -1460.422 -1460.429 -1460.437 -1460.447 -1460.458 -1460.469 -1460.479 -1460.485 -1460.480 -1460.454 -1460.392 -1460.273 -1460.060 -1459.685 -1459.673 -1459.802 -1460.018 -1460.360 -1460.617 -1461.132 -1463.245 -1461.570 -1461.473 -1461.595 -1461.748 -1461.920 -1462.109 -1462.316 -1462.542 -1462.790 -1463.059 -1463.352 -1463.670 -1464.014 -1464.385 -1464.787 -1465.219 -1465.685 -1466.185 -1466.721 -1467.297 -1467.914 -1468.574 -1469.280 -1470.036 -1470.843 -1471.706 -1472.629 -1473.614 -1474.668 -1475.796 -1477.002 -1478.295 -1479.682 -1481.172 -1482.776 -1484.507 -1486.379 -1488.410 -1490.624 -1493.048 -1495.717 -1498.677 -1501.989 -1505.736 -1510.038 -1515.074 -1521.144 -1528.868 -1540.311 -1566.060 -9999.000 -9999.000
-9999.000 -9999.000 -781.005 -903.594 -1030.030 -1152.575 -1261.235 -1345.789 -1402.196 -1434.179 -1449.736 -1456.296 -1458.841 -1459.809 -1460.175 -1460.313 -1460.365 -1460.385 -1460.393 -1460.395 -1460.397 -1460.397 -1460.398 -1460.399 -1460.400 -1460.402 -1460.404 -1460.406 -1460.409 -1460.413 -1460.417 -1460.422 -1460.429 -1460.437 -1460.447 -1460.458 -1460.469 -1460.479 -1460.485 -1460.480 -1460.454 -1460.392 -1460.273 -1460.060 -1459.685 -1459.673 -1459.802 -1460.018 -1460.360 -1460.617 -1461.132 -1463.245 -1461.570 -1461.473 -1461.595 -1461.748 -1461.920 -1462.109 -1462.316 -1462.542 -1462.790 -1463.059 -1463.352 -1463.670 -1464.014 -1464.385 -1464.787 -1465.219 -1465.685 -1466.185 -1466.721 -1467.297 -1467.914 -1468.574 -1469.280 -1470.036 -1470.843 -1471.706 -1472.629 -1473.614 -1474.668 -1475.796 -1477.002 -1478.295 -1479.682 -1481.172 -1482.776 -1484.507 -1486.379 -1488.410 -1490.624 -1493.048 -1495.717 -1498.677 -1501.989 -1505.736 -1510.038 -1515.074 -1521.144 -1528.868 -1540.311 -1566.060 -9999.000 -9999.000
-9999.000 -9999.000 -781.005 -903.594 -1030.030 -1152.575 -1261.235 -1345.789 -1402.196 -1434.179 -1449.736 -1456.296 -1458.841 -1459.809 -1460.175 -1460.313 -1460.365 -1460.385 -1460.393 -1460.395 -1460.397 -1460.397 -1460.398 -1460.399 -1460.400 -1460.402 -1460.404 -1460.406 -1460.409 -1460.413 -1460.417 -1460.422 -1460.429 -1460.437 -1460.447 -1460.458 -1460.469 -1460.479 -1460.485 -1460.480 -1460.454 -1460.392 -1460.273 -1460.060 -1459.685 -1459.673 -1459.802 -1460.018 -1460.360 -1460.617 -1461.132 -1463.245 -1461.570 -1461.473 -1461.595 -1461.748 -1461.920 -1462.109 -1462.316 -1462.542 -1462.790 -1463.059 -1463.352 -1463.670 -1464.014 -1464.385 -1464.787 -1465.219 -1465.685 -1466.185 -1466.721 -1467.297 -1467.914 -1468.574 -1469.280 -1470.036 -1470.843 -1471.706 -1472.629 -1473.614 -1474.668 -1475.796 -1477.002 -1478.295 -1479.682 -1481.172 -1482.776 -1484.507 -1486.379 -1488.410 -1490.624 -1493.048 -1495.717 -1498.677 -1501.989 -1505.736 -1510.038 -1515.074 -1521.144 -1528.868 -1540.311 -1566.060 -9999.000 -9999.000
-9999.000 -9999.000 -9999.000 -9999.000 -9999.000 -9999.000 -9999.000 -9999.000 -9999.000 -9999.000 -9999.000 -9999.000 -9999.000 -9999.000 -9999.000 -9999.000 -9999.000 -9999.000 -9999.000 -9999.000 -9999.000 -9999.000 -9999.000 -9999.000 -9999.000 -9999.000 -9999.000 -9999.000 -9999.000 -9999.000 -9999.000 -9999.000 -9999.000 -9999.000 -9999.000 -9999.000 -9999.000 -9999.000 -9999.000 -9999.000 -9999.000 -9999.000 -9999.000 -9999.000 -9999.000 -9999.000 -9999.000 -9999.000 -9999.000 -9999.000 -9999.000 -9999.000 -9999.000 -9999.000 -9999.000 -9999.000 -9999.000 -9999.000 -9999.000 -9999.000 -9999.000 -9999.000 -9999.000 -9999.000 -9999.000 -9999.000 -9999.000 -9999.000 -9999.000 -9999.000 -9999.000 -9999.000 -9999.000 -9999.000 -9999.000 -9999.000 -9999.000 -9999.000 -9999.000 -9999.000 -9999.000 -9999.000 -9999.000 -9999.000 -9999.000 -9999.000 -9999.000 -9999.000 -9999.000 -9999.000 -9999.000 -9999.000 -9999.000 -9999.000 -9999.000 -9999.000 -9999.000 -9999.000 -9999.000 -9999.000 -9999.000 -9999.000 -9999.000 -9999.000
-9999.000 -9999.000 -9999.000 -9999.000 -9999.000 -9999.000 -9999.000 -9999.000 -9999.000 -9999.000 -9999.000 -9999.000 -9999.000 -9999.000 -9999.000 -9999.000 -9999.000 -9999.000 -9999.000 -9999.000 -9999.000 -9999.000 -9999.000 -9999.000 -9999.000 -9999.000 -9999.000 -9999.000 -9999.000 -9999.000 -9999.000 -9999.000 -9999.000 -9999.000 -9999.000 -9999.000 -9999.000 -9999.000 -9999.000 -9999.000 -9999.000 -9999.000 -9999.000 -9999.000 -9999.000 -9999.000 -9999.000 -9999.000 -9999.000 -9999.000 -9999.000 -9999.000 -9999.000 -9999.000 -9999.000 -9999.000 -9999.000 -9999.000 -9999.000 -9999.000 -9999.000 -9999.000 -9999.000 -9999.000 -9999.000 -9999.000 -9999.000 -9999.000 -9999.000 -9999.000 -9999.000 -9999.000 -9999.000 -9999.000 -9999.000 -9999.000 -9999.000 -9999.000 -9999.000 -9999.000 -9999.000 -9999.000 -9999.000 -9999.000 -9999.000 -9999.000 -9999.000 -9999.000 -9999.000 -9999.000 -9999.000 -9999.000 -9999.000 -9999.000 -9999.000 -9999.000 -9999.000 -9999.000 -9999.000 -9999.000 -9999.000 -9999.000 -9999.000 -9999.000