examples/3D/hillslope02_superslab/output-maps-METEOIO-ON/psiliqL0057N0002.asc
ncols         104
nrows         10
xllcorner     -2.000000
yllcorner     0.000000
cellsize      1.000000
NODATA_value  -9999.0
-9999.000 -9999.000 -9999.000 -9999.000 -9999.000 -9999.000 -9999.000 -9999.000 -9999.000 -9999.000 -9999.000 -9999.000 -9999.000 -9999.000 -9999.000 -9999.000 -9999.000 -9999.000 -9999.000 -9999.000 -9999.000 -9999.000 -9999.000 -9999.000 -9999.000 -9999.000 -9999.000 -9999.000 -9999.000 -9999.000 -9999.000 -9999.000 -9999.000 -9999.000 -9999.000 -9999.000 -9999.000 -9999.000 -9999.000 -9999.000 -9999.000 -9999.000 -9999.000 -9999.000 -9999.000 -9999.000 -9999.000 -9999.000 -9999.000 -9999.000 -9999.000 -9999.000 -9999.000 -9999.000 -9999.000 -9999.000 -9999.000 -9999.000 -9999.000 -9999.000 -9999.000 -9999.000 -9999.000 -9999.000 -9999.000 -9999.000 -9999.000 -9999.000 -9999.000 -9999.000 -9999.000 -9999.000 -9999.000 -9999.000 -9999.000 -9999.000 -9999.000 -9999.000 -9999.000 -9999.000 -9999.000 -9999.000 -9999.000 -9999.000 -9999.000 -9999.000 -9999.000 -9999.000 -9999.000 -9999.000 -9999.000 -9999.000 -9999.000 -9999.000 -9999.000 -9999.000 -9999.000 -9999.000 -9999.000 -9999.000 -9999.000 -9999.000 -9999.000 -9999.000
-9999.000 -9999.000 -9999.000 -9999.000 -9999.000 -9999.000 -9999.000 -9999.000 -9999.000 -9999.000 -9999.000 -9999.000 -9999.000 -9999.000 -9999.000 -9999.000 -9999.000 -9999.000 -9999.000 -9999.000 -9999.000 -9999.000 -9999.000 -9999.000 -9999.000 -9999.000 -9999.000 -9999.000 -9999.000 -9999.000 -9999.000 -9999.000 -9999.000 -9999.000 -9999.000 -9999.000 -9999.000 -9999.000 -9999.000 -9999.000 -9999.000 -9999.000 -9999.000 -9999.000 -9999.000 -9999.000 -9999.000 -9999.000 -9999.000 -9999.000 -9999.000 -9999.000 -9999.000 -9999.000 -9999.000 -9999.000 -9999.000 -9999.000 -9999.000 -9999.000 -9999.000 -9999.000 -9999.000 -9999.000 -9999.000 -9999.000 -9999.000 -9999.000 -9999.000 -9999.000 -9999.000 -9999.000 -9999.000 -9999.000 -9999.000 -9999.000 -9999.000 -9999.000 -9999.000 -9999.000 -9999.000 -9999.000 -9999.000 -9999.000 -9999.000 -9999.000 -9999.000 -9999.000 -9999.000 -9999.000 -9999.000 -9999.000 -9999.000 -9999.000 -9999.000 -9999.000 -9999.000 -9999.000 -9999.000 -9999.000 -9999.000 -9999.000 -9999.000 -9999.000
-9999.000 -9999.000 -2117.985 -2141.298 -2148.872 -2151.753 -2152.849 -2153.251 -2153.392 -2153.440 -2153.457 -2153.462 -2153.464 -2153.465 -2153.465 -2153.465 -2153.465 -2153.465 -2153.465 -2153.465 -2153.465 -2153.465 -2153.465 -2153.465 -2153.465 -2153.465 -2153.465 -2153.465 -2153.466 -2153.466 -2153.468 -2153.472 -2153.478 -2153.487 -2153.496 -2153.497 -2153.476 -2153.411 -2153.372 -2153.381 -2153.407 -2153.465 -2153.513 -2153.531 -2153.536 -2153.532 -2153.524 -2153.515 -2153.506 -2153.499 -2153.500 -2153.544 -2153.473 -2153.466 -2153.465 -2153.465 -2153.465 -2153.465 -2153.465 -2153.465 -2153.465 -2153.465 -2153.465 -2153.465 -2153.465 -2153.466 -2153.466 -2153.466 -2153.466 -2153.466 -2153.466 -2153.467 -2153.467 -2153.467 -2153.468 -2153.469 -2153.470 -2153.471 -2153.473 -2153.475 -2153.478 -2153.481 -2153.485 -2153.490 -2153.496 -2153.503 -2153.512 -2153.523 -2153.536 -2153.553 -2153.573 -2153.597 -2153.627 -2153.663 -2153.707 -2153.762 -2153.831 -2153.917 -2154.028 -2154.187 -2154.726 -2161.997 -9999.000 -9999.000
-9999.000 -9999.000 -2117.985 -2141.298 -2148.872 -2151.753 -2152.849 -2153.251 -2153.392 -2153.440 -2153.457 -2153.462 -2153.464 -2153.465 -2153.465 -2153.465 -2153.465 -2153.465 -2153.465 -2153.465 -2153.465 -2153.465 -2153.465 -2153.465 -2153.465 -2153.465 -2153.465 -2153.465 -2153.466 -2153.466 -2153.468 -2153.472 -2153.478 -2153.487 -2153.496 -2153.497 -2153.476 -2153.411 -2153.372 -2153.381 -2153.407 -2153.465 -2153.513 -2153.531 -2153.536 -2153.532 -2153.524 -2153.515 -2153.506 -2153.499 -2153.500 -2153.544 -2153.473 -2153.466 -2153.465 -2153.465 -2153.465 -2153.465 -2153.465 -2153.465 -2153.465 -2153.465 -2153.465 -2153.465 -2153.465 -2153.466 -2153.466 -2153.466 -2153.466 -2153.466 -2153.466 -2153.467 -2153.467 -2153.467 -2153.468 -2153.469 -2153.470 -2153.471 -2153.473 -2153.475 -2153.478 -2153.481 -2153.485 -2153.490 -2153.496 -2153.503 -2153.512 -2153.523 -2153.536 -2153.553 -2153.573 -2153.597 -2153.627 -2153.663 -2153.707 -2153.762 -2153.831 -2153.917 -2154.028 -2154.187 -2154.726 -2161.997 -9999.000 -9999.000
-9999.000 -9999.000 -2117.985 -2141.298 -2148.872 -2151.753 -2152.849 -2153.251 -2153.392 -2153.440 -2153.457 -2153.462 -2153.464 -2153.465 -2153.465 -2153.465 -2153.465 -2153.465 -2153.465 -2153.465 -2153.465 -2153.465 -2153.465 -2153.465 -2153.465 -2153.465 -2153.465 -2153.465 -2153.466 -2153.466 -2153.468 -2153.472 -2153.478 -2153.487 -2153.496 -2153.497 -2153.476 -2153.411 -2153.372 -2153.381 -2153.407 -2153.465 -2153.513 -2153.531 -2153.536 -2153.532 -2153.524 -2153.515 -2153.506 -2153.499 -2153.500 -2153.544 -2153.473 -2153.466 -2153.465 -2153.465 -2153.465 -2153.465 -2153.465 -2153.465 -2153.465 -2153.465 -2153.465 -2153.465 -2153.465 -2153.466 -2153.466 -2153.466 -2153.466 -2153.466 -2153.466 -2153.467 -2153.467 -2153.467 -2153.468 -2153.469 -2153.470 -2153.471 -2153.473 -2153.475 -2153.478 -2153.481 -2153.485 -2153.490 -2153.496 -2153.503 -2153.512 -2153.523 -2153.536 -2153.553 -2153.573 -2153.597 -2153.627 -2153.663 -2153.707 -2153.762 -2153.831 -2153.917 -2154.028 -2154.187 -2154.726 -2161.997 -9999.000 -9999.000
-9999.000 -9999.000 -2117.985 -2141.298 -2148.872 -2151.753 -2152.849 -2153.251 -2153.392 -2153.440 -2153.457 -2153.462 -2153.464 -2153.465 -2153.465 -2153.465 -2153.465 -2153.465 -2153.465 -2153.465 -2153.465 -2153.465 -2153.465 -2153.465 -2153.465 -2153.465 -2153.465 -2153.465 -2153.466 -2153.466 -2153.468 -2153.472 -2153.478 -2153.487 -2153.496 -2153.497 -2153.476 -2153.411 -2153.372 -2153.381 -2153.407 -2153.465 -2153.513 -2153.531 -2153.536 -2153.532 -2153.524 -2153.515 -2153.506 -2153.499 -2153.500 -2153.544 -2153.473 -2153.466 -2153.465 -2153.465 -2153.465 -2153.465 -2153.465 -2153.465 -2153.465 -2153.465 -2153.465 -2153.465 -2153.465 -2153.466 -2153.466 -2153.466 -2153.466 -2153.466 -2153.466 -2153.467 -2153.467 -2153.467 -2153.468 -2153.469 -2153.470 -2153.471 -2153.473 -2153.475 -2153.478 -2153.481 -2153.485 -2153.490 -2153.496 -2153.503 -2153.512 -2153.523 -2153.536 -2153.553 -2153.573 -2153.597 -2153.627 -2153.663 -2153.707 -2153.762 -2153.831 -2153.917 -2154.028 -2154.187 -2154.726 -2161.997 -9999.000 -9999.000
-9999.000 -9999.000 -2117.985 -2141.298 -2148.872 -2151.753 -2152.849 -2153.251 -2153.392 -2153.440 -2153.457 -2153.462 -2153.464 -2153.465 -2153.465 -2153.465 -2153.465 -2153.465 -2153.465 -2153.465 -2153.465 -2153.465 -2153.465 -2153.465 -2153.465 -2153.465 -2153.465 -2153.465 -2153.466 -2153.466 -2153.468 -2153.472 -2153.478 -2153.487 -2153.496 -2153.497 -2153.476 -2153.411 -2153.372 -2153.381 -2153.407 -2153.465 -2153.513 -2153.531 -2153.536 -2153.532 -2153.524 -2153.515 -2153.506 -2153.499 -2153.500 -2153.544 -2153.473 -2153.466 -2153.465 -2153.465 -2153.465 -2153.465 -2153.465 -2153.465 -2153.465 -2153.465 -2153.465 -2153.465 -2153.465 -2153.466 -2153.466 -2153.466 -2153.466 -2153.466 -2153.466 -2153.467 -2153.467 -2153.467 -2153.468 -2153.469 -2153.470 -2153.471 -2153.473 -2153.475 -2153.478 -2153.481 -2153.485 -2153.490 -2153.496 -2153.503 -2153.512 -2153.523 -2153.536 -2153.553 -2153.573 -2153.597 -2153.627 -2153.663 -2153.707 -2153.762 -2153.831 -2153.917 -2154.028 -2154.187 -2154.726 -2161.997 -9999.000 -9999.000
-9999.000 -9999.000 -2117.985 -2141.298 -2148.872 -2151.753 -2152.849 -2153.251 -2153.392 -2153.440 -2153.457 -2153.462 -2153.464 -2153.465 -2153.465 -2153.465 -2153.465 -2153.465 -2153.465 -2153.465 -2153.465 -2153.465 -2153.465 -2153.465 -2153.465 -2153.465 -2153.465 -2153.465 -2153.466 -2153.466 -2153.468 -2153.472 -2153.478 -2153.487 -2153.496 -2153.497 -2153.476 -2153.411 -2153.372 -2153.381 -2153.407 -2153.465 -2153.513 -2153.531 -2153.536 -2153.532 -2153.524 -2153.515 -2153.506 -2153.499 -2153.500 -2153.544 -2153.473 -2153.466 -2153.465 -2153.465 -2153.465 -2153.465 -2153.465 -2153.465 -2153.465 -2153.465 -2153.465 -2153.465 -2153.465 -2153.466 -2153.466 -2153.466 -2153.466 -2153.466 -2153.466 -2153.467 -2153.467 -2153.467 -2153.468 -2153.469 -2153.470 -2153.471 -2153.473 -2153.475 -2153.478 -2153.481 -2153.485 -2153.490 -2153.496 -2153.503 -2153.512 -2153.523 -2153.536 -2153.553 -2153.573 -2153.597 -2153.627 -2153.663 -2153.707 -2153.762 -2153.831 -2153.917 -2154.028 -2154.187 -2154.726 -2161.997 -9999.000 -9999.000
-9999.000 -9999.000 -9999.000 -9999.000 -9999.000 -9999.000 -9999.000 -9999.000 -9999.000 -9999.000 -9999.000 -9999.000 -9999.000 -9999.000 -9999.000 -9999.000 -9999.000 -9999.000 -9999.000 -9999.000 -9999.000 -9999.000 -9999.000 -9999.000 -9999.000 -9999.000 -9999.000 -9999.000 -9999.000 -9999.000 -9999.000 -9999.000 -9999.000 -9999.000 -9999.000 -9999.000 -9999.000 -9999.000 -9999.000 -9999.000 -9999.000 -9999.000 -9999.000 -9999.000 -9999.000 -9999.000 -9999.000 -9999.000 -9999.000 -9999.000 -9999.000 -9999.000 -9999.000 -9999.000 -9999.000 -9999.000 -9999.000 -9999.000 -9999.000 -9999.000 -9999.000 -9999.000 -9999.000 -9999.000 -9999.000 -9999.000 -9999.000 -9999.000 -9999.000 -9999.000 -9999.000 -9999.000 -9999.000 -9999.000 -9999.000 -9999.000 -9999.000 -9999.000 -9999.000 -9999.000 -9999.000 -9999.000 -9999.000 -9999.000 -9999.000 -9999.000 -9999.000 -9999.000 -9999.000 -9999.000 -9999.000 -9999.000 -9999.000 -9999.000 -9999.000 -9999.000 -9999.000 -9999.000 -9999.000 -9999.000 -9999.000 -9999.000 -9999.000 -9999.000
-9999.000 -9999.000 -9999.000 -9999.000 -9999.000 -9999.000 -9999.000 -9999.000 -9999.000 -9999.000 -9999.000 -9999.000 -9999.000 -9999.000 -9999.000 -9999.000 -9999.000 -9999.000 -9999.000 -9999.000 -9999.000 -9999.000 -9999.000 -9999.000 -9999.000 -9999.000 -9999.000 -9999.000 -9999.000 -9999.000 -9999.000 -9999.000 -9999.000 -9999.000 -9999.000 -9999.000 -9999.000 -9999.000 -9999.000 -9999.000 -9999.000 -9999.000 -9999.000 -9999.000 -9999.000 -9999.000 -9999.000 -9999.000 -9999.000 -9999.000 -9999.000 -9999.000 -9999.000 -9999.000 -9999.000 -9999.000 -9999.000 -9999.000 -9999.000 -9999.000 -9999.000 -9999.000 -9999.000 -9999.000 -9999.000 -9999.000 -9999.000 -9999.000 -9999.000 -9999.000 -9999.000 -9999.000 -9999.000 -9999.000 -9999.000 -9999.000 -9999.000 -9999.000 -9999.000 -9999.000 -9999.000 -9999.000 -9999.000 -9999.000 -9999.000 -9999.000 -9999.000 -9999.000 -9999.000 -9999.000 -9999.000 -9999.000 -9999.000 -9999.000 -9999.000 -9999.000 -9999.000 -9999.000 -9999.000 -9999.000 -9999.000 -9999.000 -9999.000 -9999.000