examples/3D/hillslope02_superslab/output-maps-METEOIO-ON/psiliqL0054N0003.asc
ncols         104
nrows         10
xllcorner     -2.000000
yllcorner     0.000000
cellsize      1.000000
NODATA_value  -9999.0
-9999.000 -9999.000 -9999.000 -9999.000 -9999.000 -9999.000 -9999.000 -9999.000 -9999.000 -9999.000 -9999.000 -9999.000 -9999.000 -9999.000 -9999.000 -9999.000 -9999.000 -9999.000 -9999.000 -9999.000 -9999.000 -9999.000 -9999.000 -9999.000 -9999.000 -9999.000 -9999.000 -9999.000 -9999.000 -9999.000 -9999.000 -9999.000 -9999.000 -9999.000 -9999.000 -9999.000 -9999.000 -9999.000 -9999.000 -9999.000 -9999.000 -9999.000 -9999.000 -9999.000 -9999.000 -9999.000 -9999.000 -9999.000 -9999.000 -9999.000 -9999.000 -9999.000 -9999.000 -9999.000 -9999.000 -9999.000 -9999.000 -9999.000 -9999.000 -9999.000 -9999.000 -9999.000 -9999.000 -9999.000 -9999.000 -9999.000 -9999.000 -9999.000 -9999.000 -9999.000 -9999.000 -9999.000 -9999.000 -9999.000 -9999.000 -9999.000 -9999.000 -9999.000 -9999.000 -9999.000 -9999.000 -9999.000 -9999.000 -9999.000 -9999.000 -9999.000 -9999.000 -9999.000 -9999.000 -9999.000 -9999.000 -9999.000 -9999.000 -9999.000 -9999.000 -9999.000 -9999.000 -9999.000 -9999.000 -9999.000 -9999.000 -9999.000 -9999.000 -9999.000
-9999.000 -9999.000 -9999.000 -9999.000 -9999.000 -9999.000 -9999.000 -9999.000 -9999.000 -9999.000 -9999.000 -9999.000 -9999.000 -9999.000 -9999.000 -9999.000 -9999.000 -9999.000 -9999.000 -9999.000 -9999.000 -9999.000 -9999.000 -9999.000 -9999.000 -9999.000 -9999.000 -9999.000 -9999.000 -9999.000 -9999.000 -9999.000 -9999.000 -9999.000 -9999.000 -9999.000 -9999.000 -9999.000 -9999.000 -9999.000 -9999.000 -9999.000 -9999.000 -9999.000 -9999.000 -9999.000 -9999.000 -9999.000 -9999.000 -9999.000 -9999.000 -9999.000 -9999.000 -9999.000 -9999.000 -9999.000 -9999.000 -9999.000 -9999.000 -9999.000 -9999.000 -9999.000 -9999.000 -9999.000 -9999.000 -9999.000 -9999.000 -9999.000 -9999.000 -9999.000 -9999.000 -9999.000 -9999.000 -9999.000 -9999.000 -9999.000 -9999.000 -9999.000 -9999.000 -9999.000 -9999.000 -9999.000 -9999.000 -9999.000 -9999.000 -9999.000 -9999.000 -9999.000 -9999.000 -9999.000 -9999.000 -9999.000 -9999.000 -9999.000 -9999.000 -9999.000 -9999.000 -9999.000 -9999.000 -9999.000 -9999.000 -9999.000 -9999.000 -9999.000
-9999.000 -9999.000 -2209.872 -2261.092 -2284.091 -2294.356 -2298.839 -2300.740 -2301.512 -2301.809 -2301.919 -2301.958 -2301.972 -2301.977 -2301.979 -2301.980 -2301.980 -2301.980 -2301.980 -2301.980 -2301.980 -2301.980 -2301.980 -2301.980 -2301.980 -2301.981 -2301.981 -2301.983 -2301.986 -2301.993 -2302.003 -2302.019 -2302.039 -2302.060 -2302.071 -2302.059 -2302.001 -2301.934 -2301.905 -2301.895 -2301.926 -2301.976 -2302.007 -2302.023 -2302.029 -2302.029 -2302.025 -2302.020 -2302.015 -2302.013 -2302.024 -2302.098 -2301.996 -2301.982 -2301.981 -2301.981 -2301.982 -2301.982 -2301.982 -2301.983 -2301.983 -2301.984 -2301.985 -2301.986 -2301.987 -2301.988 -2301.990 -2301.992 -2301.994 -2301.997 -2302.000 -2302.004 -2302.009 -2302.014 -2302.020 -2302.027 -2302.035 -2302.044 -2302.055 -2302.067 -2302.081 -2302.098 -2302.117 -2302.138 -2302.163 -2302.192 -2302.224 -2302.262 -2302.305 -2302.354 -2302.411 -2302.477 -2302.553 -2302.642 -2302.745 -2302.868 -2303.014 -2303.192 -2303.413 -2303.723 -2304.664 -2314.164 -9999.000 -9999.000
-9999.000 -9999.000 -2209.872 -2261.092 -2284.091 -2294.356 -2298.839 -2300.740 -2301.512 -2301.809 -2301.919 -2301.958 -2301.972 -2301.977 -2301.979 -2301.980 -2301.980 -2301.980 -2301.980 -2301.980 -2301.980 -2301.980 -2301.980 -2301.980 -2301.980 -2301.981 -2301.981 -2301.983 -2301.986 -2301.993 -2302.003 -2302.019 -2302.039 -2302.060 -2302.071 -2302.059 -2302.001 -2301.934 -2301.905 -2301.895 -2301.926 -2301.976 -2302.007 -2302.023 -2302.029 -2302.029 -2302.025 -2302.020 -2302.015 -2302.013 -2302.024 -2302.098 -2301.996 -2301.982 -2301.981 -2301.981 -2301.982 -2301.982 -2301.982 -2301.983 -2301.983 -2301.984 -2301.985 -2301.986 -2301.987 -2301.988 -2301.990 -2301.992 -2301.994 -2301.997 -2302.000 -2302.004 -2302.009 -2302.014 -2302.020 -2302.027 -2302.035 -2302.044 -2302.055 -2302.067 -2302.081 -2302.098 -2302.117 -2302.138 -2302.163 -2302.192 -2302.224 -2302.262 -2302.305 -2302.354 -2302.411 -2302.477 -2302.553 -2302.642 -2302.745 -2302.868 -2303.014 -2303.192 -2303.413 -2303.723 -2304.664 -2314.164 -9999.000 -9999.000
-9999.000 -9999.000 -2209.872 -2261.092 -2284.091 -2294.356 -2298.839 -2300.740 -2301.512 -2301.809 -2301.919 -2301.958 -2301.972 -2301.977 -2301.979 -2301.980 -2301.980 -2301.980 -2301.980 -2301.980 -2301.980 -2301.980 -2301.980 -2301.980 -2301.980 -2301.981 -2301.981 -2301.983 -2301.986 -2301.993 -2302.003 -2302.019 -2302.039 -2302.060 -2302.071 -2302.059 -2302.001 -2301.934 -2301.905 -2301.895 -2301.926 -2301.976 -2302.007 -2302.023 -2302.029 -2302.029 -2302.025 -2302.020 -2302.015 -2302.013 -2302.024 -2302.098 -2301.996 -2301.982 -2301.981 -2301.981 -2301.982 -2301.982 -2301.982 -2301.983 -2301.983 -2301.984 -2301.985 -2301.986 -2301.987 -2301.988 -2301.990 -2301.992 -2301.994 -2301.997 -2302.000 -2302.004 -2302.009 -2302.014 -2302.020 -2302.027 -2302.035 -2302.044 -2302.055 -2302.067 -2302.081 -2302.098 -2302.117 -2302.138 -2302.163 -2302.192 -2302.224 -2302.262 -2302.305 -2302.354 -2302.411 -2302.477 -2302.553 -2302.642 -2302.745 -2302.868 -2303.014 -2303.192 -2303.413 -2303.723 -2304.664 -2314.164 -9999.000 -9999.000
-9999.000 -9999.000 -2209.872 -2261.092 -2284.091 -2294.356 -2298.839 -2300.740 -2301.512 -2301.809 -2301.919 -2301.958 -2301.972 -2301.977 -2301.979 -2301.980 -2301.980 -2301.980 -2301.980 -2301.980 -2301.980 -2301.980 -2301.980 -2301.980 -2301.980 -2301.981 -2301.981 -2301.983 -2301.986 -2301.993 -2302.003 -2302.019 -2302.039 -2302.060 -2302.071 -2302.059 -2302.001 -2301.934 -2301.905 -2301.895 -2301.926 -2301.976 -2302.007 -2302.023 -2302.029 -2302.029 -2302.025 -2302.020 -2302.015 -2302.013 -2302.024 -2302.098 -2301.996 -2301.982 -2301.981 -2301.981 -2301.982 -2301.982 -2301.982 -2301.983 -2301.983 -2301.984 -2301.985 -2301.986 -2301.987 -2301.988 -2301.990 -2301.992 -2301.994 -2301.997 -2302.000 -2302.004 -2302.009 -2302.014 -2302.020 -2302.027 -2302.035 -2302.044 -2302.055 -2302.067 -2302.081 -2302.098 -2302.117 -2302.138 -2302.163 -2302.192 -2302.224 -2302.262 -2302.305 -2302.354 -2302.411 -2302.477 -2302.553 -2302.642 -2302.745 -2302.868 -2303.014 -2303.192 -2303.413 -2303.723 -2304.664 -2314.164 -9999.000 -9999.000
-9999.000 -9999.000 -2209.872 -2261.092 -2284.091 -2294.356 -2298.839 -2300.740 -2301.512 -2301.809 -2301.919 -2301.958 -2301.972 -2301.977 -2301.979 -2301.980 -2301.980 -2301.980 -2301.980 -2301.980 -2301.980 -2301.980 -2301.980 -2301.980 -2301.980 -2301.981 -2301.981 -2301.983 -2301.986 -2301.993 -2302.003 -2302.019 -2302.039 -2302.060 -2302.071 -2302.059 -2302.001 -2301.934 -2301.905 -2301.895 -2301.926 -2301.976 -2302.007 -2302.023 -2302.029 -2302.029 -2302.025 -2302.020 -2302.015 -2302.013 -2302.024 -2302.098 -2301.996 -2301.982 -2301.981 -2301.981 -2301.982 -2301.982 -2301.982 -2301.983 -2301.983 -2301.984 -2301.985 -2301.986 -2301.987 -2301.988 -2301.990 -2301.992 -2301.994 -2301.997 -2302.000 -2302.004 -2302.009 -2302.014 -2302.020 -2302.027 -2302.035 -2302.044 -2302.055 -2302.067 -2302.081 -2302.098 -2302.117 -2302.138 -2302.163 -2302.192 -2302.224 -2302.262 -2302.305 -2302.354 -2302.411 -2302.477 -2302.553 -2302.642 -2302.745 -2302.868 -2303.014 -2303.192 -2303.413 -2303.723 -2304.664 -2314.164 -9999.000 -9999.000
-9999.000 -9999.000 -2209.872 -2261.092 -2284.091 -2294.356 -2298.839 -2300.740 -2301.512 -2301.809 -2301.919 -2301.958 -2301.972 -2301.977 -2301.979 -2301.980 -2301.980 -2301.980 -2301.980 -2301.980 -2301.980 -2301.980 -2301.980 -2301.980 -2301.980 -2301.981 -2301.981 -2301.983 -2301.986 -2301.993 -2302.003 -2302.019 -2302.039 -2302.060 -2302.071 -2302.059 -2302.001 -2301.934 -2301.905 -2301.895 -2301.926 -2301.976 -2302.007 -2302.023 -2302.029 -2302.029 -2302.025 -2302.020 -2302.015 -2302.013 -2302.024 -2302.098 -2301.996 -2301.982 -2301.981 -2301.981 -2301.982 -2301.982 -2301.982 -2301.983 -2301.983 -2301.984 -2301.985 -2301.986 -2301.987 -2301.988 -2301.990 -2301.992 -2301.994 -2301.997 -2302.000 -2302.004 -2302.009 -2302.014 -2302.020 -2302.027 -2302.035 -2302.044 -2302.055 -2302.067 -2302.081 -2302.098 -2302.117 -2302.138 -2302.163 -2302.192 -2302.224 -2302.262 -2302.305 -2302.354 -2302.411 -2302.477 -2302.553 -2302.642 -2302.745 -2302.868 -2303.014 -2303.192 -2303.413 -2303.723 -2304.664 -2314.164 -9999.000 -9999.000
-9999.000 -9999.000 -9999.000 -9999.000 -9999.000 -9999.000 -9999.000 -9999.000 -9999.000 -9999.000 -9999.000 -9999.000 -9999.000 -9999.000 -9999.000 -9999.000 -9999.000 -9999.000 -9999.000 -9999.000 -9999.000 -9999.000 -9999.000 -9999.000 -9999.000 -9999.000 -9999.000 -9999.000 -9999.000 -9999.000 -9999.000 -9999.000 -9999.000 -9999.000 -9999.000 -9999.000 -9999.000 -9999.000 -9999.000 -9999.000 -9999.000 -9999.000 -9999.000 -9999.000 -9999.000 -9999.000 -9999.000 -9999.000 -9999.000 -9999.000 -9999.000 -9999.000 -9999.000 -9999.000 -9999.000 -9999.000 -9999.000 -9999.000 -9999.000 -9999.000 -9999.000 -9999.000 -9999.000 -9999.000 -9999.000 -9999.000 -9999.000 -9999.000 -9999.000 -9999.000 -9999.000 -9999.000 -9999.000 -9999.000 -9999.000 -9999.000 -9999.000 -9999.000 -9999.000 -9999.000 -9999.000 -9999.000 -9999.000 -9999.000 -9999.000 -9999.000 -9999.000 -9999.000 -9999.000 -9999.000 -9999.000 -9999.000 -9999.000 -9999.000 -9999.000 -9999.000 -9999.000 -9999.000 -9999.000 -9999.000 -9999.000 -9999.000 -9999.000 -9999.000
-9999.000 -9999.000 -9999.000 -9999.000 -9999.000 -9999.000 -9999.000 -9999.000 -9999.000 -9999.000 -9999.000 -9999.000 -9999.000 -9999.000 -9999.000 -9999.000 -9999.000 -9999.000 -9999.000 -9999.000 -9999.000 -9999.000 -9999.000 -9999.000 -9999.000 -9999.000 -9999.000 -9999.000 -9999.000 -9999.000 -9999.000 -9999.000 -9999.000 -9999.000 -9999.000 -9999.000 -9999.000 -9999.000 -9999.000 -9999.000 -9999.000 -9999.000 -9999.000 -9999.000 -9999.000 -9999.000 -9999.000 -9999.000 -9999.000 -9999.000 -9999.000 -9999.000 -9999.000 -9999.000 -9999.000 -9999.000 -9999.000 -9999.000 -9999.000 -9999.000 -9999.000 -9999.000 -9999.000 -9999.000 -9999.000 -9999.000 -9999.000 -9999.000 -9999.000 -9999.000 -9999.000 -9999.000 -9999.000 -9999.000 -9999.000 -9999.000 -9999.000 -9999.000 -9999.000 -9999.000 -9999.000 -9999.000 -9999.000 -9999.000 -9999.000 -9999.000 -9999.000 -9999.000 -9999.000 -9999.000 -9999.000 -9999.000 -9999.000 -9999.000 -9999.000 -9999.000 -9999.000 -9999.000 -9999.000 -9999.000 -9999.000 -9999.000 -9999.000 -9999.000