examples/3D/hillslope02_superslab/output-maps-METEOIO-ON/psiliqL0085N0003.asc
ncols         104
nrows         10
xllcorner     -2.000000
yllcorner     0.000000
cellsize      1.000000
NODATA_value  -9999.0
-9999.000 -9999.000 -9999.000 -9999.000 -9999.000 -9999.000 -9999.000 -9999.000 -9999.000 -9999.000 -9999.000 -9999.000 -9999.000 -9999.000 -9999.000 -9999.000 -9999.000 -9999.000 -9999.000 -9999.000 -9999.000 -9999.000 -9999.000 -9999.000 -9999.000 -9999.000 -9999.000 -9999.000 -9999.000 -9999.000 -9999.000 -9999.000 -9999.000 -9999.000 -9999.000 -9999.000 -9999.000 -9999.000 -9999.000 -9999.000 -9999.000 -9999.000 -9999.000 -9999.000 -9999.000 -9999.000 -9999.000 -9999.000 -9999.000 -9999.000 -9999.000 -9999.000 -9999.000 -9999.000 -9999.000 -9999.000 -9999.000 -9999.000 -9999.000 -9999.000 -9999.000 -9999.000 -9999.000 -9999.000 -9999.000 -9999.000 -9999.000 -9999.000 -9999.000 -9999.000 -9999.000 -9999.000 -9999.000 -9999.000 -9999.000 -9999.000 -9999.000 -9999.000 -9999.000 -9999.000 -9999.000 -9999.000 -9999.000 -9999.000 -9999.000 -9999.000 -9999.000 -9999.000 -9999.000 -9999.000 -9999.000 -9999.000 -9999.000 -9999.000 -9999.000 -9999.000 -9999.000 -9999.000 -9999.000 -9999.000 -9999.000 -9999.000 -9999.000 -9999.000
-9999.000 -9999.000 -9999.000 -9999.000 -9999.000 -9999.000 -9999.000 -9999.000 -9999.000 -9999.000 -9999.000 -9999.000 -9999.000 -9999.000 -9999.000 -9999.000 -9999.000 -9999.000 -9999.000 -9999.000 -9999.000 -9999.000 -9999.000 -9999.000 -9999.000 -9999.000 -9999.000 -9999.000 -9999.000 -9999.000 -9999.000 -9999.000 -9999.000 -9999.000 -9999.000 -9999.000 -9999.000 -9999.000 -9999.000 -9999.000 -9999.000 -9999.000 -9999.000 -9999.000 -9999.000 -9999.000 -9999.000 -9999.000 -9999.000 -9999.000 -9999.000 -9999.000 -9999.000 -9999.000 -9999.000 -9999.000 -9999.000 -9999.000 -9999.000 -9999.000 -9999.000 -9999.000 -9999.000 -9999.000 -9999.000 -9999.000 -9999.000 -9999.000 -9999.000 -9999.000 -9999.000 -9999.000 -9999.000 -9999.000 -9999.000 -9999.000 -9999.000 -9999.000 -9999.000 -9999.000 -9999.000 -9999.000 -9999.000 -9999.000 -9999.000 -9999.000 -9999.000 -9999.000 -9999.000 -9999.000 -9999.000 -9999.000 -9999.000 -9999.000 -9999.000 -9999.000 -9999.000 -9999.000 -9999.000 -9999.000 -9999.000 -9999.000 -9999.000 -9999.000
-9999.000 -9999.000 -40.187 -139.036 -236.630 -332.813 -427.012 -517.524 -600.647 -669.580 -718.048 -746.410 -759.007 -764.113 -766.115 -766.895 -767.200 -767.319 -767.373 -767.405 -767.431 -767.458 -767.487 -767.521 -767.561 -767.608 -767.662 -767.725 -767.797 -767.881 -767.976 -768.084 -768.206 -768.345 -768.500 -768.673 -768.867 -769.081 -769.318 -769.578 -769.862 -770.171 -770.506 -770.865 -771.249 -771.653 -772.072 -772.488 -772.867 -773.171 -773.501 -775.292 -775.838 -776.520 -777.289 -778.106 -778.968 -779.877 -780.832 -781.835 -782.887 -783.989 -785.144 -786.352 -787.615 -788.935 -790.314 -791.754 -793.257 -794.827 -796.465 -798.176 -799.963 -801.830 -803.782 -805.823 -807.959 -810.197 -812.544 -815.009 -817.601 -820.330 -823.210 -826.256 -829.484 -832.915 -836.574 -840.488 -844.694 -849.235 -854.163 -859.548 -865.476 -872.062 -879.461 -887.889 -897.657 -909.241 -923.419 -941.614 -966.979 -1008.922 -9999.000 -9999.000
-9999.000 -9999.000 -40.187 -139.036 -236.630 -332.813 -427.012 -517.524 -600.647 -669.580 -718.048 -746.410 -759.007 -764.113 -766.115 -766.895 -767.200 -767.319 -767.373 -767.405 -767.431 -767.458 -767.487 -767.521 -767.561 -767.608 -767.662 -767.725 -767.797 -767.881 -767.976 -768.084 -768.206 -768.345 -768.500 -768.673 -768.867 -769.081 -769.318 -769.578 -769.862 -770.171 -770.506 -770.865 -771.249 -771.653 -772.072 -772.488 -772.867 -773.171 -773.501 -775.292 -775.838 -776.520 -777.289 -778.106 -778.968 -779.877 -780.832 -781.835 -782.887 -783.989 -785.144 -786.352 -787.615 -788.935 -790.314 -791.754 -793.257 -794.827 -796.465 -798.176 -799.963 -801.830 -803.782 -805.823 -807.959 -810.197 -812.544 -815.009 -817.601 -820.330 -823.210 -826.256 -829.484 -832.915 -836.574 -840.488 -844.694 -849.235 -854.163 -859.548 -865.476 -872.062 -879.461 -887.889 -897.657 -909.241 -923.419 -941.614 -966.979 -1008.922 -9999.000 -9999.000
-9999.000 -9999.000 -40.187 -139.036 -236.630 -332.813 -427.012 -517.524 -600.647 -669.580 -718.048 -746.410 -759.007 -764.113 -766.115 -766.895 -767.200 -767.319 -767.373 -767.405 -767.431 -767.458 -767.487 -767.521 -767.561 -767.608 -767.662 -767.725 -767.797 -767.881 -767.976 -768.084 -768.206 -768.345 -768.500 -768.673 -768.867 -769.081 -769.318 -769.578 -769.862 -770.171 -770.506 -770.865 -771.249 -771.653 -772.072 -772.488 -772.867 -773.171 -773.501 -775.292 -775.838 -776.520 -777.289 -778.106 -778.968 -779.877 -780.832 -781.835 -782.887 -783.989 -785.144 -786.352 -787.615 -788.935 -790.314 -791.754 -793.257 -794.827 -796.465 -798.176 -799.963 -801.830 -803.782 -805.823 -807.959 -810.197 -812.544 -815.009 -817.601 -820.330 -823.210 -826.256 -829.484 -832.915 -836.574 -840.488 -844.694 -849.235 -854.163 -859.548 -865.476 -872.062 -879.461 -887.889 -897.657 -909.241 -923.419 -941.614 -966.979 -1008.922 -9999.000 -9999.000
-9999.000 -9999.000 -40.187 -139.036 -236.630 -332.813 -427.012 -517.524 -600.647 -669.580 -718.048 -746.410 -759.007 -764.113 -766.115 -766.895 -767.200 -767.319 -767.373 -767.405 -767.431 -767.458 -767.487 -767.521 -767.561 -767.608 -767.662 -767.725 -767.797 -767.881 -767.976 -768.084 -768.206 -768.345 -768.500 -768.673 -768.867 -769.081 -769.318 -769.578 -769.862 -770.171 -770.506 -770.865 -771.249 -771.653 -772.072 -772.488 -772.867 -773.171 -773.501 -775.292 -775.838 -776.520 -777.289 -778.106 -778.968 -779.877 -780.832 -781.835 -782.887 -783.989 -785.144 -786.352 -787.615 -788.935 -790.314 -791.754 -793.257 -794.827 -796.465 -798.176 -799.963 -801.830 -803.782 -805.823 -807.959 -810.197 -812.544 -815.009 -817.601 -820.330 -823.210 -826.256 -829.484 -832.915 -836.574 -840.488 -844.694 -849.235 -854.163 -859.548 -865.476 -872.062 -879.461 -887.889 -897.657 -909.241 -923.419 -941.614 -966.979 -1008.922 -9999.000 -9999.000
-9999.000 -9999.000 -40.187 -139.036 -236.630 -332.813 -427.012 -517.524 -600.647 -669.580 -718.048 -746.410 -759.007 -764.113 -766.115 -766.895 -767.200 -767.319 -767.373 -767.405 -767.431 -767.458 -767.487 -767.521 -767.561 -767.608 -767.662 -767.725 -767.797 -767.881 -767.976 -768.084 -768.206 -768.345 -768.500 -768.673 -768.867 -769.081 -769.318 -769.578 -769.862 -770.171 -770.506 -770.865 -771.249 -771.653 -772.072 -772.488 -772.867 -773.171 -773.501 -775.292 -775.838 -776.520 -777.289 -778.106 -778.968 -779.877 -780.832 -781.835 -782.887 -783.989 -785.144 -786.352 -787.615 -788.935 -790.314 -791.754 -793.257 -794.827 -796.465 -798.176 -799.963 -801.830 -803.782 -805.823 -807.959 -810.197 -812.544 -815.009 -817.601 -820.330 -823.210 -826.256 -829.484 -832.915 -836.574 -840.488 -844.694 -849.235 -854.163 -859.548 -865.476 -872.062 -879.461 -887.889 -897.657 -909.241 -923.419 -941.614 -966.979 -1008.922 -9999.000 -9999.000
-9999.000 -9999.000 -40.187 -139.036 -236.630 -332.813 -427.012 -517.524 -600.647 -669.580 -718.048 -746.410 -759.007 -764.113 -766.115 -766.895 -767.200 -767.319 -767.373 -767.405 -767.431 -767.458 -767.487 -767.521 -767.561 -767.608 -767.662 -767.725 -767.797 -767.881 -767.976 -768.084 -768.206 -768.345 -768.500 -768.673 -768.867 -769.081 -769.318 -769.578 -769.862 -770.171 -770.506 -770.865 -771.249 -771.653 -772.072 -772.488 -772.867 -773.171 -773.501 -775.292 -775.838 -776.520 -777.289 -778.106 -778.968 -779.877 -780.832 -781.835 -782.887 -783.989 -785.144 -786.352 -787.615 -788.935 -790.314 -791.754 -793.257 -794.827 -796.465 -798.176 -799.963 -801.830 -803.782 -805.823 -807.959 -810.197 -812.544 -815.009 -817.601 -820.330 -823.210 -826.256 -829.484 -832.915 -836.574 -840.488 -844.694 -849.235 -854.163 -859.548 -865.476 -872.062 -879.461 -887.889 -897.657 -909.241 -923.419 -941.614 -966.979 -1008.922 -9999.000 -9999.000
-9999.000 -9999.000 -9999.000 -9999.000 -9999.000 -9999.000 -9999.000 -9999.000 -9999.000 -9999.000 -9999.000 -9999.000 -9999.000 -9999.000 -9999.000 -9999.000 -9999.000 -9999.000 -9999.000 -9999.000 -9999.000 -9999.000 -9999.000 -9999.000 -9999.000 -9999.000 -9999.000 -9999.000 -9999.000 -9999.000 -9999.000 -9999.000 -9999.000 -9999.000 -9999.000 -9999.000 -9999.000 -9999.000 -9999.000 -9999.000 -9999.000 -9999.000 -9999.000 -9999.000 -9999.000 -9999.000 -9999.000 -9999.000 -9999.000 -9999.000 -9999.000 -9999.000 -9999.000 -9999.000 -9999.000 -9999.000 -9999.000 -9999.000 -9999.000 -9999.000 -9999.000 -9999.000 -9999.000 -9999.000 -9999.000 -9999.000 -9999.000 -9999.000 -9999.000 -9999.000 -9999.000 -9999.000 -9999.000 -9999.000 -9999.000 -9999.000 -9999.000 -9999.000 -9999.000 -9999.000 -9999.000 -9999.000 -9999.000 -9999.000 -9999.000 -9999.000 -9999.000 -9999.000 -9999.000 -9999.000 -9999.000 -9999.000 -9999.000 -9999.000 -9999.000 -9999.000 -9999.000 -9999.000 -9999.000 -9999.000 -9999.000 -9999.000 -9999.000 -9999.000
-9999.000 -9999.000 -9999.000 -9999.000 -9999.000 -9999.000 -9999.000 -9999.000 -9999.000 -9999.000 -9999.000 -9999.000 -9999.000 -9999.000 -9999.000 -9999.000 -9999.000 -9999.000 -9999.000 -9999.000 -9999.000 -9999.000 -9999.000 -9999.000 -9999.000 -9999.000 -9999.000 -9999.000 -9999.000 -9999.000 -9999.000 -9999.000 -9999.000 -9999.000 -9999.000 -9999.000 -9999.000 -9999.000 -9999.000 -9999.000 -9999.000 -9999.000 -9999.000 -9999.000 -9999.000 -9999.000 -9999.000 -9999.000 -9999.000 -9999.000 -9999.000 -9999.000 -9999.000 -9999.000 -9999.000 -9999.000 -9999.000 -9999.000 -9999.000 -9999.000 -9999.000 -9999.000 -9999.000 -9999.000 -9999.000 -9999.000 -9999.000 -9999.000 -9999.000 -9999.000 -9999.000 -9999.000 -9999.000 -9999.000 -9999.000 -9999.000 -9999.000 -9999.000 -9999.000 -9999.000 -9999.000 -9999.000 -9999.000 -9999.000 -9999.000 -9999.000 -9999.000 -9999.000 -9999.000 -9999.000 -9999.000 -9999.000 -9999.000 -9999.000 -9999.000 -9999.000 -9999.000 -9999.000 -9999.000 -9999.000 -9999.000 -9999.000 -9999.000 -9999.000