examples/3D/hillslope02_superslab/output-maps-METEOIO-ON/psiliqL0065N0003.asc
ncols         104
nrows         10
xllcorner     -2.000000
yllcorner     0.000000
cellsize      1.000000
NODATA_value  -9999.0
-9999.000 -9999.000 -9999.000 -9999.000 -9999.000 -9999.000 -9999.000 -9999.000 -9999.000 -9999.000 -9999.000 -9999.000 -9999.000 -9999.000 -9999.000 -9999.000 -9999.000 -9999.000 -9999.000 -9999.000 -9999.000 -9999.000 -9999.000 -9999.000 -9999.000 -9999.000 -9999.000 -9999.000 -9999.000 -9999.000 -9999.000 -9999.000 -9999.000 -9999.000 -9999.000 -9999.000 -9999.000 -9999.000 -9999.000 -9999.000 -9999.000 -9999.000 -9999.000 -9999.000 -9999.000 -9999.000 -9999.000 -9999.000 -9999.000 -9999.000 -9999.000 -9999.000 -9999.000 -9999.000 -9999.000 -9999.000 -9999.000 -9999.000 -9999.000 -9999.000 -9999.000 -9999.000 -9999.000 -9999.000 -9999.000 -9999.000 -9999.000 -9999.000 -9999.000 -9999.000 -9999.000 -9999.000 -9999.000 -9999.000 -9999.000 -9999.000 -9999.000 -9999.000 -9999.000 -9999.000 -9999.000 -9999.000 -9999.000 -9999.000 -9999.000 -9999.000 -9999.000 -9999.000 -9999.000 -9999.000 -9999.000 -9999.000 -9999.000 -9999.000 -9999.000 -9999.000 -9999.000 -9999.000 -9999.000 -9999.000 -9999.000 -9999.000 -9999.000 -9999.000
-9999.000 -9999.000 -9999.000 -9999.000 -9999.000 -9999.000 -9999.000 -9999.000 -9999.000 -9999.000 -9999.000 -9999.000 -9999.000 -9999.000 -9999.000 -9999.000 -9999.000 -9999.000 -9999.000 -9999.000 -9999.000 -9999.000 -9999.000 -9999.000 -9999.000 -9999.000 -9999.000 -9999.000 -9999.000 -9999.000 -9999.000 -9999.000 -9999.000 -9999.000 -9999.000 -9999.000 -9999.000 -9999.000 -9999.000 -9999.000 -9999.000 -9999.000 -9999.000 -9999.000 -9999.000 -9999.000 -9999.000 -9999.000 -9999.000 -9999.000 -9999.000 -9999.000 -9999.000 -9999.000 -9999.000 -9999.000 -9999.000 -9999.000 -9999.000 -9999.000 -9999.000 -9999.000 -9999.000 -9999.000 -9999.000 -9999.000 -9999.000 -9999.000 -9999.000 -9999.000 -9999.000 -9999.000 -9999.000 -9999.000 -9999.000 -9999.000 -9999.000 -9999.000 -9999.000 -9999.000 -9999.000 -9999.000 -9999.000 -9999.000 -9999.000 -9999.000 -9999.000 -9999.000 -9999.000 -9999.000 -9999.000 -9999.000 -9999.000 -9999.000 -9999.000 -9999.000 -9999.000 -9999.000 -9999.000 -9999.000 -9999.000 -9999.000 -9999.000 -9999.000
-9999.000 -9999.000 -1208.531 -1354.393 -1490.342 -1598.765 -1672.855 -1716.605 -1739.443 -1750.115 -1754.631 -1756.378 -1757.035 -1757.280 -1757.371 -1757.405 -1757.418 -1757.423 -1757.425 -1757.425 -1757.425 -1757.425 -1757.426 -1757.426 -1757.426 -1757.426 -1757.426 -1757.426 -1757.426 -1757.427 -1757.427 -1757.429 -1757.431 -1757.434 -1757.436 -1757.438 -1757.433 -1757.418 -1757.379 -1757.301 -1757.157 -1756.911 -1756.918 -1757.003 -1757.147 -1757.369 -1757.439 -1757.451 -1757.476 -1757.538 -1757.767 -1758.721 -1757.722 -1757.602 -1757.618 -1757.648 -1757.684 -1757.724 -1757.770 -1757.822 -1757.881 -1757.947 -1758.020 -1758.102 -1758.194 -1758.295 -1758.408 -1758.533 -1758.671 -1758.822 -1758.990 -1759.173 -1759.375 -1759.596 -1759.837 -1760.101 -1760.389 -1760.704 -1761.047 -1761.420 -1761.827 -1762.271 -1762.753 -1763.280 -1763.853 -1764.479 -1765.163 -1765.911 -1766.731 -1767.632 -1768.625 -1769.725 -1770.947 -1772.315 -1773.857 -1775.614 -1777.640 -1780.020 -1782.895 -1786.588 -1792.568 -1811.169 -9999.000 -9999.000
-9999.000 -9999.000 -1208.531 -1354.393 -1490.342 -1598.765 -1672.855 -1716.605 -1739.443 -1750.115 -1754.631 -1756.378 -1757.035 -1757.280 -1757.371 -1757.405 -1757.418 -1757.423 -1757.425 -1757.425 -1757.425 -1757.425 -1757.426 -1757.426 -1757.426 -1757.426 -1757.426 -1757.426 -1757.426 -1757.427 -1757.427 -1757.429 -1757.431 -1757.434 -1757.436 -1757.438 -1757.433 -1757.418 -1757.379 -1757.301 -1757.157 -1756.911 -1756.918 -1757.003 -1757.147 -1757.369 -1757.439 -1757.451 -1757.476 -1757.538 -1757.767 -1758.721 -1757.722 -1757.602 -1757.618 -1757.648 -1757.684 -1757.724 -1757.770 -1757.822 -1757.881 -1757.947 -1758.020 -1758.102 -1758.194 -1758.295 -1758.408 -1758.533 -1758.671 -1758.822 -1758.990 -1759.173 -1759.375 -1759.596 -1759.837 -1760.101 -1760.389 -1760.704 -1761.047 -1761.420 -1761.827 -1762.271 -1762.753 -1763.280 -1763.853 -1764.479 -1765.163 -1765.911 -1766.731 -1767.632 -1768.625 -1769.725 -1770.947 -1772.315 -1773.857 -1775.614 -1777.640 -1780.020 -1782.895 -1786.588 -1792.568 -1811.169 -9999.000 -9999.000
-9999.000 -9999.000 -1208.531 -1354.393 -1490.342 -1598.765 -1672.855 -1716.605 -1739.443 -1750.115 -1754.631 -1756.378 -1757.035 -1757.280 -1757.371 -1757.405 -1757.418 -1757.423 -1757.425 -1757.425 -1757.425 -1757.425 -1757.426 -1757.426 -1757.426 -1757.426 -1757.426 -1757.426 -1757.426 -1757.427 -1757.427 -1757.429 -1757.431 -1757.434 -1757.436 -1757.438 -1757.433 -1757.418 -1757.379 -1757.301 -1757.157 -1756.911 -1756.918 -1757.003 -1757.147 -1757.369 -1757.439 -1757.451 -1757.476 -1757.538 -1757.767 -1758.721 -1757.722 -1757.602 -1757.618 -1757.648 -1757.684 -1757.724 -1757.770 -1757.822 -1757.881 -1757.947 -1758.020 -1758.102 -1758.194 -1758.295 -1758.408 -1758.533 -1758.671 -1758.822 -1758.990 -1759.173 -1759.375 -1759.596 -1759.837 -1760.101 -1760.389 -1760.704 -1761.047 -1761.420 -1761.827 -1762.271 -1762.753 -1763.280 -1763.853 -1764.479 -1765.163 -1765.911 -1766.731 -1767.632 -1768.625 -1769.725 -1770.947 -1772.315 -1773.857 -1775.614 -1777.640 -1780.020 -1782.895 -1786.588 -1792.568 -1811.169 -9999.000 -9999.000
-9999.000 -9999.000 -1208.531 -1354.393 -1490.342 -1598.765 -1672.855 -1716.605 -1739.443 -1750.115 -1754.631 -1756.378 -1757.035 -1757.280 -1757.371 -1757.405 -1757.418 -1757.423 -1757.425 -1757.425 -1757.425 -1757.425 -1757.426 -1757.426 -1757.426 -1757.426 -1757.426 -1757.426 -1757.426 -1757.427 -1757.427 -1757.429 -1757.431 -1757.434 -1757.436 -1757.438 -1757.433 -1757.418 -1757.379 -1757.301 -1757.157 -1756.911 -1756.918 -1757.003 -1757.147 -1757.369 -1757.439 -1757.451 -1757.476 -1757.538 -1757.767 -1758.721 -1757.722 -1757.602 -1757.618 -1757.648 -1757.684 -1757.724 -1757.770 -1757.822 -1757.881 -1757.947 -1758.020 -1758.102 -1758.194 -1758.295 -1758.408 -1758.533 -1758.671 -1758.822 -1758.990 -1759.173 -1759.375 -1759.596 -1759.837 -1760.101 -1760.389 -1760.704 -1761.047 -1761.420 -1761.827 -1762.271 -1762.753 -1763.280 -1763.853 -1764.479 -1765.163 -1765.911 -1766.731 -1767.632 -1768.625 -1769.725 -1770.947 -1772.315 -1773.857 -1775.614 -1777.640 -1780.020 -1782.895 -1786.588 -1792.568 -1811.169 -9999.000 -9999.000
-9999.000 -9999.000 -1208.531 -1354.393 -1490.342 -1598.765 -1672.855 -1716.605 -1739.443 -1750.115 -1754.631 -1756.378 -1757.035 -1757.280 -1757.371 -1757.405 -1757.418 -1757.423 -1757.425 -1757.425 -1757.425 -1757.425 -1757.426 -1757.426 -1757.426 -1757.426 -1757.426 -1757.426 -1757.426 -1757.427 -1757.427 -1757.429 -1757.431 -1757.434 -1757.436 -1757.438 -1757.433 -1757.418 -1757.379 -1757.301 -1757.157 -1756.911 -1756.918 -1757.003 -1757.147 -1757.369 -1757.439 -1757.451 -1757.476 -1757.538 -1757.767 -1758.721 -1757.722 -1757.602 -1757.618 -1757.648 -1757.684 -1757.724 -1757.770 -1757.822 -1757.881 -1757.947 -1758.020 -1758.102 -1758.194 -1758.295 -1758.408 -1758.533 -1758.671 -1758.822 -1758.990 -1759.173 -1759.375 -1759.596 -1759.837 -1760.101 -1760.389 -1760.704 -1761.047 -1761.420 -1761.827 -1762.271 -1762.753 -1763.280 -1763.853 -1764.479 -1765.163 -1765.911 -1766.731 -1767.632 -1768.625 -1769.725 -1770.947 -1772.315 -1773.857 -1775.614 -1777.640 -1780.020 -1782.895 -1786.588 -1792.568 -1811.169 -9999.000 -9999.000
-9999.000 -9999.000 -1208.531 -1354.393 -1490.342 -1598.765 -1672.855 -1716.605 -1739.443 -1750.115 -1754.631 -1756.378 -1757.035 -1757.280 -1757.371 -1757.405 -1757.418 -1757.423 -1757.425 -1757.425 -1757.425 -1757.425 -1757.426 -1757.426 -1757.426 -1757.426 -1757.426 -1757.426 -1757.426 -1757.427 -1757.427 -1757.429 -1757.431 -1757.434 -1757.436 -1757.438 -1757.433 -1757.418 -1757.379 -1757.301 -1757.157 -1756.911 -1756.918 -1757.003 -1757.147 -1757.369 -1757.439 -1757.451 -1757.476 -1757.538 -1757.767 -1758.721 -1757.722 -1757.602 -1757.618 -1757.648 -1757.684 -1757.724 -1757.770 -1757.822 -1757.881 -1757.947 -1758.020 -1758.102 -1758.194 -1758.295 -1758.408 -1758.533 -1758.671 -1758.822 -1758.990 -1759.173 -1759.375 -1759.596 -1759.837 -1760.101 -1760.389 -1760.704 -1761.047 -1761.420 -1761.827 -1762.271 -1762.753 -1763.280 -1763.853 -1764.479 -1765.163 -1765.911 -1766.731 -1767.632 -1768.625 -1769.725 -1770.947 -1772.315 -1773.857 -1775.614 -1777.640 -1780.020 -1782.895 -1786.588 -1792.568 -1811.169 -9999.000 -9999.000
-9999.000 -9999.000 -9999.000 -9999.000 -9999.000 -9999.000 -9999.000 -9999.000 -9999.000 -9999.000 -9999.000 -9999.000 -9999.000 -9999.000 -9999.000 -9999.000 -9999.000 -9999.000 -9999.000 -9999.000 -9999.000 -9999.000 -9999.000 -9999.000 -9999.000 -9999.000 -9999.000 -9999.000 -9999.000 -9999.000 -9999.000 -9999.000 -9999.000 -9999.000 -9999.000 -9999.000 -9999.000 -9999.000 -9999.000 -9999.000 -9999.000 -9999.000 -9999.000 -9999.000 -9999.000 -9999.000 -9999.000 -9999.000 -9999.000 -9999.000 -9999.000 -9999.000 -9999.000 -9999.000 -9999.000 -9999.000 -9999.000 -9999.000 -9999.000 -9999.000 -9999.000 -9999.000 -9999.000 -9999.000 -9999.000 -9999.000 -9999.000 -9999.000 -9999.000 -9999.000 -9999.000 -9999.000 -9999.000 -9999.000 -9999.000 -9999.000 -9999.000 -9999.000 -9999.000 -9999.000 -9999.000 -9999.000 -9999.000 -9999.000 -9999.000 -9999.000 -9999.000 -9999.000 -9999.000 -9999.000 -9999.000 -9999.000 -9999.000 -9999.000 -9999.000 -9999.000 -9999.000 -9999.000 -9999.000 -9999.000 -9999.000 -9999.000 -9999.000 -9999.000
-9999.000 -9999.000 -9999.000 -9999.000 -9999.000 -9999.000 -9999.000 -9999.000 -9999.000 -9999.000 -9999.000 -9999.000 -9999.000 -9999.000 -9999.000 -9999.000 -9999.000 -9999.000 -9999.000 -9999.000 -9999.000 -9999.000 -9999.000 -9999.000 -9999.000 -9999.000 -9999.000 -9999.000 -9999.000 -9999.000 -9999.000 -9999.000 -9999.000 -9999.000 -9999.000 -9999.000 -9999.000 -9999.000 -9999.000 -9999.000 -9999.000 -9999.000 -9999.000 -9999.000 -9999.000 -9999.000 -9999.000 -9999.000 -9999.000 -9999.000 -9999.000 -9999.000 -9999.000 -9999.000 -9999.000 -9999.000 -9999.000 -9999.000 -9999.000 -9999.000 -9999.000 -9999.000 -9999.000 -9999.000 -9999.000 -9999.000 -9999.000 -9999.000 -9999.000 -9999.000 -9999.000 -9999.000 -9999.000 -9999.000 -9999.000 -9999.000 -9999.000 -9999.000 -9999.000 -9999.000 -9999.000 -9999.000 -9999.000 -9999.000 -9999.000 -9999.000 -9999.000 -9999.000 -9999.000 -9999.000 -9999.000 -9999.000 -9999.000 -9999.000 -9999.000 -9999.000 -9999.000 -9999.000 -9999.000 -9999.000 -9999.000 -9999.000 -9999.000 -9999.000