examples/3D/hillslope02_superslab/output-maps-METEOIO-ON/psiliqL0092N0003.asc
ncols         104
nrows         10
xllcorner     -2.000000
yllcorner     0.000000
cellsize      1.000000
NODATA_value  -9999.0
-9999.000 -9999.000 -9999.000 -9999.000 -9999.000 -9999.000 -9999.000 -9999.000 -9999.000 -9999.000 -9999.000 -9999.000 -9999.000 -9999.000 -9999.000 -9999.000 -9999.000 -9999.000 -9999.000 -9999.000 -9999.000 -9999.000 -9999.000 -9999.000 -9999.000 -9999.000 -9999.000 -9999.000 -9999.000 -9999.000 -9999.000 -9999.000 -9999.000 -9999.000 -9999.000 -9999.000 -9999.000 -9999.000 -9999.000 -9999.000 -9999.000 -9999.000 -9999.000 -9999.000 -9999.000 -9999.000 -9999.000 -9999.000 -9999.000 -9999.000 -9999.000 -9999.000 -9999.000 -9999.000 -9999.000 -9999.000 -9999.000 -9999.000 -9999.000 -9999.000 -9999.000 -9999.000 -9999.000 -9999.000 -9999.000 -9999.000 -9999.000 -9999.000 -9999.000 -9999.000 -9999.000 -9999.000 -9999.000 -9999.000 -9999.000 -9999.000 -9999.000 -9999.000 -9999.000 -9999.000 -9999.000 -9999.000 -9999.000 -9999.000 -9999.000 -9999.000 -9999.000 -9999.000 -9999.000 -9999.000 -9999.000 -9999.000 -9999.000 -9999.000 -9999.000 -9999.000 -9999.000 -9999.000 -9999.000 -9999.000 -9999.000 -9999.000 -9999.000 -9999.000
-9999.000 -9999.000 -9999.000 -9999.000 -9999.000 -9999.000 -9999.000 -9999.000 -9999.000 -9999.000 -9999.000 -9999.000 -9999.000 -9999.000 -9999.000 -9999.000 -9999.000 -9999.000 -9999.000 -9999.000 -9999.000 -9999.000 -9999.000 -9999.000 -9999.000 -9999.000 -9999.000 -9999.000 -9999.000 -9999.000 -9999.000 -9999.000 -9999.000 -9999.000 -9999.000 -9999.000 -9999.000 -9999.000 -9999.000 -9999.000 -9999.000 -9999.000 -9999.000 -9999.000 -9999.000 -9999.000 -9999.000 -9999.000 -9999.000 -9999.000 -9999.000 -9999.000 -9999.000 -9999.000 -9999.000 -9999.000 -9999.000 -9999.000 -9999.000 -9999.000 -9999.000 -9999.000 -9999.000 -9999.000 -9999.000 -9999.000 -9999.000 -9999.000 -9999.000 -9999.000 -9999.000 -9999.000 -9999.000 -9999.000 -9999.000 -9999.000 -9999.000 -9999.000 -9999.000 -9999.000 -9999.000 -9999.000 -9999.000 -9999.000 -9999.000 -9999.000 -9999.000 -9999.000 -9999.000 -9999.000 -9999.000 -9999.000 -9999.000 -9999.000 -9999.000 -9999.000 -9999.000 -9999.000 -9999.000 -9999.000 -9999.000 -9999.000 -9999.000 -9999.000
-9999.000 -9999.000 306.614 207.915 110.876 16.091 -75.483 -162.467 -242.533 -311.085 -362.496 -395.159 -410.430 -416.765 -419.281 -420.271 -420.664 -420.828 -420.909 -420.963 -421.009 -421.057 -421.111 -421.172 -421.243 -421.324 -421.418 -421.524 -421.645 -421.782 -421.936 -422.108 -422.301 -422.515 -422.751 -423.012 -423.299 -423.613 -423.955 -424.326 -424.729 -425.164 -425.631 -426.133 -426.670 -427.243 -427.853 -428.499 -429.182 -429.901 -430.672 -431.576 -432.423 -433.320 -434.266 -435.259 -436.299 -437.387 -438.523 -439.710 -440.947 -442.237 -443.580 -444.979 -446.435 -447.950 -449.527 -451.167 -452.874 -454.650 -456.498 -458.423 -460.428 -462.518 -464.697 -466.973 -469.350 -471.837 -474.442 -477.175 -480.046 -483.067 -486.254 -489.624 -493.196 -496.993 -501.044 -505.382 -510.048 -515.093 -520.578 -526.584 -533.213 -540.600 -548.928 -558.454 -569.551 -582.787 -599.090 -620.124 -649.324 -695.636 -9999.000 -9999.000
-9999.000 -9999.000 306.614 207.915 110.876 16.091 -75.483 -162.467 -242.533 -311.085 -362.496 -395.159 -410.430 -416.765 -419.281 -420.271 -420.664 -420.828 -420.909 -420.963 -421.009 -421.057 -421.111 -421.172 -421.243 -421.324 -421.418 -421.524 -421.645 -421.782 -421.936 -422.108 -422.301 -422.515 -422.751 -423.012 -423.299 -423.613 -423.955 -424.326 -424.729 -425.164 -425.631 -426.133 -426.670 -427.243 -427.853 -428.499 -429.182 -429.901 -430.672 -431.576 -432.423 -433.320 -434.266 -435.259 -436.299 -437.387 -438.523 -439.710 -440.947 -442.237 -443.580 -444.979 -446.435 -447.950 -449.527 -451.167 -452.874 -454.650 -456.498 -458.423 -460.428 -462.518 -464.697 -466.973 -469.350 -471.837 -474.442 -477.175 -480.046 -483.067 -486.254 -489.624 -493.196 -496.993 -501.044 -505.382 -510.048 -515.093 -520.578 -526.584 -533.213 -540.600 -548.928 -558.454 -569.551 -582.787 -599.090 -620.124 -649.324 -695.636 -9999.000 -9999.000
-9999.000 -9999.000 306.614 207.915 110.876 16.091 -75.483 -162.467 -242.533 -311.085 -362.496 -395.159 -410.430 -416.765 -419.281 -420.271 -420.664 -420.828 -420.909 -420.963 -421.009 -421.057 -421.111 -421.172 -421.243 -421.324 -421.418 -421.524 -421.645 -421.782 -421.936 -422.108 -422.301 -422.515 -422.751 -423.012 -423.299 -423.613 -423.955 -424.326 -424.729 -425.164 -425.631 -426.133 -426.670 -427.243 -427.853 -428.499 -429.182 -429.901 -430.672 -431.576 -432.423 -433.320 -434.266 -435.259 -436.299 -437.387 -438.523 -439.710 -440.947 -442.237 -443.580 -444.979 -446.435 -447.950 -449.527 -451.167 -452.874 -454.650 -456.498 -458.423 -460.428 -462.518 -464.697 -466.973 -469.350 -471.837 -474.442 -477.175 -480.046 -483.067 -486.254 -489.624 -493.196 -496.993 -501.044 -505.382 -510.048 -515.093 -520.578 -526.584 -533.213 -540.600 -548.928 -558.454 -569.551 -582.787 -599.090 -620.124 -649.324 -695.636 -9999.000 -9999.000
-9999.000 -9999.000 306.614 207.915 110.876 16.091 -75.483 -162.467 -242.533 -311.085 -362.496 -395.159 -410.430 -416.765 -419.281 -420.271 -420.664 -420.828 -420.909 -420.963 -421.009 -421.057 -421.111 -421.172 -421.243 -421.324 -421.418 -421.524 -421.645 -421.782 -421.936 -422.108 -422.301 -422.515 -422.751 -423.012 -423.299 -423.613 -423.955 -424.326 -424.729 -425.164 -425.631 -426.133 -426.670 -427.243 -427.853 -428.499 -429.182 -429.901 -430.672 -431.576 -432.423 -433.320 -434.266 -435.259 -436.299 -437.387 -438.523 -439.710 -440.947 -442.237 -443.580 -444.979 -446.435 -447.950 -449.527 -451.167 -452.874 -454.650 -456.498 -458.423 -460.428 -462.518 -464.697 -466.973 -469.350 -471.837 -474.442 -477.175 -480.046 -483.067 -486.254 -489.624 -493.196 -496.993 -501.044 -505.382 -510.048 -515.093 -520.578 -526.584 -533.213 -540.600 -548.928 -558.454 -569.551 -582.787 -599.090 -620.124 -649.324 -695.636 -9999.000 -9999.000
-9999.000 -9999.000 306.614 207.915 110.876 16.091 -75.483 -162.467 -242.533 -311.085 -362.496 -395.159 -410.430 -416.765 -419.281 -420.271 -420.664 -420.828 -420.909 -420.963 -421.009 -421.057 -421.111 -421.172 -421.243 -421.324 -421.418 -421.524 -421.645 -421.782 -421.936 -422.108 -422.301 -422.515 -422.751 -423.012 -423.299 -423.613 -423.955 -424.326 -424.729 -425.164 -425.631 -426.133 -426.670 -427.243 -427.853 -428.499 -429.182 -429.901 -430.672 -431.576 -432.423 -433.320 -434.266 -435.259 -436.299 -437.387 -438.523 -439.710 -440.947 -442.237 -443.580 -444.979 -446.435 -447.950 -449.527 -451.167 -452.874 -454.650 -456.498 -458.423 -460.428 -462.518 -464.697 -466.973 -469.350 -471.837 -474.442 -477.175 -480.046 -483.067 -486.254 -489.624 -493.196 -496.993 -501.044 -505.382 -510.048 -515.093 -520.578 -526.584 -533.213 -540.600 -548.928 -558.454 -569.551 -582.787 -599.090 -620.124 -649.324 -695.636 -9999.000 -9999.000
-9999.000 -9999.000 306.614 207.915 110.876 16.091 -75.483 -162.467 -242.533 -311.085 -362.496 -395.159 -410.430 -416.765 -419.281 -420.271 -420.664 -420.828 -420.909 -420.963 -421.009 -421.057 -421.111 -421.172 -421.243 -421.324 -421.418 -421.524 -421.645 -421.782 -421.936 -422.108 -422.301 -422.515 -422.751 -423.012 -423.299 -423.613 -423.955 -424.326 -424.729 -425.164 -425.631 -426.133 -426.670 -427.243 -427.853 -428.499 -429.182 -429.901 -430.672 -431.576 -432.423 -433.320 -434.266 -435.259 -436.299 -437.387 -438.523 -439.710 -440.947 -442.237 -443.580 -444.979 -446.435 -447.950 -449.527 -451.167 -452.874 -454.650 -456.498 -458.423 -460.428 -462.518 -464.697 -466.973 -469.350 -471.837 -474.442 -477.175 -480.046 -483.067 -486.254 -489.624 -493.196 -496.993 -501.044 -505.382 -510.048 -515.093 -520.578 -526.584 -533.213 -540.600 -548.928 -558.454 -569.551 -582.787 -599.090 -620.124 -649.324 -695.636 -9999.000 -9999.000
-9999.000 -9999.000 -9999.000 -9999.000 -9999.000 -9999.000 -9999.000 -9999.000 -9999.000 -9999.000 -9999.000 -9999.000 -9999.000 -9999.000 -9999.000 -9999.000 -9999.000 -9999.000 -9999.000 -9999.000 -9999.000 -9999.000 -9999.000 -9999.000 -9999.000 -9999.000 -9999.000 -9999.000 -9999.000 -9999.000 -9999.000 -9999.000 -9999.000 -9999.000 -9999.000 -9999.000 -9999.000 -9999.000 -9999.000 -9999.000 -9999.000 -9999.000 -9999.000 -9999.000 -9999.000 -9999.000 -9999.000 -9999.000 -9999.000 -9999.000 -9999.000 -9999.000 -9999.000 -9999.000 -9999.000 -9999.000 -9999.000 -9999.000 -9999.000 -9999.000 -9999.000 -9999.000 -9999.000 -9999.000 -9999.000 -9999.000 -9999.000 -9999.000 -9999.000 -9999.000 -9999.000 -9999.000 -9999.000 -9999.000 -9999.000 -9999.000 -9999.000 -9999.000 -9999.000 -9999.000 -9999.000 -9999.000 -9999.000 -9999.000 -9999.000 -9999.000 -9999.000 -9999.000 -9999.000 -9999.000 -9999.000 -9999.000 -9999.000 -9999.000 -9999.000 -9999.000 -9999.000 -9999.000 -9999.000 -9999.000 -9999.000 -9999.000 -9999.000 -9999.000
-9999.000 -9999.000 -9999.000 -9999.000 -9999.000 -9999.000 -9999.000 -9999.000 -9999.000 -9999.000 -9999.000 -9999.000 -9999.000 -9999.000 -9999.000 -9999.000 -9999.000 -9999.000 -9999.000 -9999.000 -9999.000 -9999.000 -9999.000 -9999.000 -9999.000 -9999.000 -9999.000 -9999.000 -9999.000 -9999.000 -9999.000 -9999.000 -9999.000 -9999.000 -9999.000 -9999.000 -9999.000 -9999.000 -9999.000 -9999.000 -9999.000 -9999.000 -9999.000 -9999.000 -9999.000 -9999.000 -9999.000 -9999.000 -9999.000 -9999.000 -9999.000 -9999.000 -9999.000 -9999.000 -9999.000 -9999.000 -9999.000 -9999.000 -9999.000 -9999.000 -9999.000 -9999.000 -9999.000 -9999.000 -9999.000 -9999.000 -9999.000 -9999.000 -9999.000 -9999.000 -9999.000 -9999.000 -9999.000 -9999.000 -9999.000 -9999.000 -9999.000 -9999.000 -9999.000 -9999.000 -9999.000 -9999.000 -9999.000 -9999.000 -9999.000 -9999.000 -9999.000 -9999.000 -9999.000 -9999.000 -9999.000 -9999.000 -9999.000 -9999.000 -9999.000 -9999.000 -9999.000 -9999.000 -9999.000 -9999.000 -9999.000 -9999.000 -9999.000 -9999.000