examples/3D/hillslope02_superslab/output-maps-METEOIO-ON/psiliqL0088N0001.asc
ncols         104
nrows         10
xllcorner     -2.000000
yllcorner     0.000000
cellsize      1.000000
NODATA_value  -9999.0
-9999.000 -9999.000 -9999.000 -9999.000 -9999.000 -9999.000 -9999.000 -9999.000 -9999.000 -9999.000 -9999.000 -9999.000 -9999.000 -9999.000 -9999.000 -9999.000 -9999.000 -9999.000 -9999.000 -9999.000 -9999.000 -9999.000 -9999.000 -9999.000 -9999.000 -9999.000 -9999.000 -9999.000 -9999.000 -9999.000 -9999.000 -9999.000 -9999.000 -9999.000 -9999.000 -9999.000 -9999.000 -9999.000 -9999.000 -9999.000 -9999.000 -9999.000 -9999.000 -9999.000 -9999.000 -9999.000 -9999.000 -9999.000 -9999.000 -9999.000 -9999.000 -9999.000 -9999.000 -9999.000 -9999.000 -9999.000 -9999.000 -9999.000 -9999.000 -9999.000 -9999.000 -9999.000 -9999.000 -9999.000 -9999.000 -9999.000 -9999.000 -9999.000 -9999.000 -9999.000 -9999.000 -9999.000 -9999.000 -9999.000 -9999.000 -9999.000 -9999.000 -9999.000 -9999.000 -9999.000 -9999.000 -9999.000 -9999.000 -9999.000 -9999.000 -9999.000 -9999.000 -9999.000 -9999.000 -9999.000 -9999.000 -9999.000 -9999.000 -9999.000 -9999.000 -9999.000 -9999.000 -9999.000 -9999.000 -9999.000 -9999.000 -9999.000 -9999.000 -9999.000
-9999.000 -9999.000 -9999.000 -9999.000 -9999.000 -9999.000 -9999.000 -9999.000 -9999.000 -9999.000 -9999.000 -9999.000 -9999.000 -9999.000 -9999.000 -9999.000 -9999.000 -9999.000 -9999.000 -9999.000 -9999.000 -9999.000 -9999.000 -9999.000 -9999.000 -9999.000 -9999.000 -9999.000 -9999.000 -9999.000 -9999.000 -9999.000 -9999.000 -9999.000 -9999.000 -9999.000 -9999.000 -9999.000 -9999.000 -9999.000 -9999.000 -9999.000 -9999.000 -9999.000 -9999.000 -9999.000 -9999.000 -9999.000 -9999.000 -9999.000 -9999.000 -9999.000 -9999.000 -9999.000 -9999.000 -9999.000 -9999.000 -9999.000 -9999.000 -9999.000 -9999.000 -9999.000 -9999.000 -9999.000 -9999.000 -9999.000 -9999.000 -9999.000 -9999.000 -9999.000 -9999.000 -9999.000 -9999.000 -9999.000 -9999.000 -9999.000 -9999.000 -9999.000 -9999.000 -9999.000 -9999.000 -9999.000 -9999.000 -9999.000 -9999.000 -9999.000 -9999.000 -9999.000 -9999.000 -9999.000 -9999.000 -9999.000 -9999.000 -9999.000 -9999.000 -9999.000 -9999.000 -9999.000 -9999.000 -9999.000 -9999.000 -9999.000 -9999.000 -9999.000
-9999.000 -9999.000 -223.424 -321.378 -414.194 -495.921 -557.024 -593.240 -609.237 -615.349 -617.578 -618.376 -618.659 -618.759 -618.793 -618.806 -618.810 -618.811 -618.812 -618.812 -618.812 -618.812 -618.812 -618.812 -618.812 -618.812 -618.812 -618.812 -618.811 -618.811 -618.811 -618.811 -618.811 -618.810 -618.810 -618.810 -618.809 -618.809 -618.809 -618.808 -618.808 -618.807 -618.807 -618.805 -618.802 -618.795 -618.784 -618.766 -618.740 -618.708 -618.711 -619.078 -618.835 -618.816 -618.814 -618.814 -618.815 -618.816 -618.818 -618.822 -618.827 -618.834 -618.845 -618.861 -618.883 -618.913 -618.956 -619.013 -619.091 -619.194 -619.328 -619.502 -619.724 -620.004 -620.353 -620.781 -621.303 -621.932 -622.680 -623.564 -624.599 -625.799 -627.182 -628.764 -630.565 -632.604 -634.903 -637.487 -640.387 -643.637 -647.281 -651.371 -655.978 -661.191 -667.135 -673.979 -681.975 -691.504 -703.199 -718.215 -739.134 -774.338 -9999.000 -9999.000
-9999.000 -9999.000 -223.424 -321.378 -414.194 -495.921 -557.024 -593.240 -609.237 -615.349 -617.578 -618.376 -618.659 -618.759 -618.793 -618.806 -618.810 -618.811 -618.812 -618.812 -618.812 -618.812 -618.812 -618.812 -618.812 -618.812 -618.812 -618.812 -618.811 -618.811 -618.811 -618.811 -618.811 -618.810 -618.810 -618.810 -618.809 -618.809 -618.809 -618.808 -618.808 -618.807 -618.807 -618.805 -618.802 -618.795 -618.784 -618.766 -618.740 -618.708 -618.711 -619.078 -618.835 -618.816 -618.814 -618.814 -618.815 -618.816 -618.818 -618.822 -618.827 -618.834 -618.845 -618.861 -618.883 -618.913 -618.956 -619.013 -619.091 -619.194 -619.328 -619.502 -619.724 -620.004 -620.353 -620.781 -621.303 -621.932 -622.680 -623.564 -624.599 -625.799 -627.182 -628.764 -630.565 -632.604 -634.903 -637.487 -640.387 -643.637 -647.281 -651.371 -655.978 -661.191 -667.135 -673.979 -681.975 -691.504 -703.199 -718.215 -739.134 -774.338 -9999.000 -9999.000
-9999.000 -9999.000 -223.424 -321.378 -414.194 -495.921 -557.024 -593.240 -609.237 -615.349 -617.578 -618.376 -618.659 -618.759 -618.793 -618.806 -618.810 -618.811 -618.812 -618.812 -618.812 -618.812 -618.812 -618.812 -618.812 -618.812 -618.812 -618.812 -618.811 -618.811 -618.811 -618.811 -618.811 -618.810 -618.810 -618.810 -618.809 -618.809 -618.809 -618.808 -618.808 -618.807 -618.807 -618.805 -618.802 -618.795 -618.784 -618.766 -618.740 -618.708 -618.711 -619.078 -618.835 -618.816 -618.814 -618.814 -618.815 -618.816 -618.818 -618.822 -618.827 -618.834 -618.845 -618.861 -618.883 -618.913 -618.956 -619.013 -619.091 -619.194 -619.328 -619.502 -619.724 -620.004 -620.353 -620.781 -621.303 -621.932 -622.680 -623.564 -624.599 -625.799 -627.182 -628.764 -630.565 -632.604 -634.903 -637.487 -640.387 -643.637 -647.281 -651.371 -655.978 -661.191 -667.135 -673.979 -681.975 -691.504 -703.199 -718.215 -739.134 -774.338 -9999.000 -9999.000
-9999.000 -9999.000 -223.424 -321.378 -414.194 -495.921 -557.024 -593.240 -609.237 -615.349 -617.578 -618.376 -618.659 -618.759 -618.793 -618.806 -618.810 -618.811 -618.812 -618.812 -618.812 -618.812 -618.812 -618.812 -618.812 -618.812 -618.812 -618.812 -618.811 -618.811 -618.811 -618.811 -618.811 -618.810 -618.810 -618.810 -618.809 -618.809 -618.809 -618.808 -618.808 -618.807 -618.807 -618.805 -618.802 -618.795 -618.784 -618.766 -618.740 -618.708 -618.711 -619.078 -618.835 -618.816 -618.814 -618.814 -618.815 -618.816 -618.818 -618.822 -618.827 -618.834 -618.845 -618.861 -618.883 -618.913 -618.956 -619.013 -619.091 -619.194 -619.328 -619.502 -619.724 -620.004 -620.353 -620.781 -621.303 -621.932 -622.680 -623.564 -624.599 -625.799 -627.182 -628.764 -630.565 -632.604 -634.903 -637.487 -640.387 -643.637 -647.281 -651.371 -655.978 -661.191 -667.135 -673.979 -681.975 -691.504 -703.199 -718.215 -739.134 -774.338 -9999.000 -9999.000
-9999.000 -9999.000 -223.424 -321.378 -414.194 -495.921 -557.024 -593.240 -609.237 -615.349 -617.578 -618.376 -618.659 -618.759 -618.793 -618.806 -618.810 -618.811 -618.812 -618.812 -618.812 -618.812 -618.812 -618.812 -618.812 -618.812 -618.812 -618.812 -618.811 -618.811 -618.811 -618.811 -618.811 -618.810 -618.810 -618.810 -618.809 -618.809 -618.809 -618.808 -618.808 -618.807 -618.807 -618.805 -618.802 -618.795 -618.784 -618.766 -618.740 -618.708 -618.711 -619.078 -618.835 -618.816 -618.814 -618.814 -618.815 -618.816 -618.818 -618.822 -618.827 -618.834 -618.845 -618.861 -618.883 -618.913 -618.956 -619.013 -619.091 -619.194 -619.328 -619.502 -619.724 -620.004 -620.353 -620.781 -621.303 -621.932 -622.680 -623.564 -624.599 -625.799 -627.182 -628.764 -630.565 -632.604 -634.903 -637.487 -640.387 -643.637 -647.281 -651.371 -655.978 -661.191 -667.135 -673.979 -681.975 -691.504 -703.199 -718.215 -739.134 -774.338 -9999.000 -9999.000
-9999.000 -9999.000 -223.424 -321.378 -414.194 -495.921 -557.024 -593.240 -609.237 -615.349 -617.578 -618.376 -618.659 -618.759 -618.793 -618.806 -618.810 -618.811 -618.812 -618.812 -618.812 -618.812 -618.812 -618.812 -618.812 -618.812 -618.812 -618.812 -618.811 -618.811 -618.811 -618.811 -618.811 -618.810 -618.810 -618.810 -618.809 -618.809 -618.809 -618.808 -618.808 -618.807 -618.807 -618.805 -618.802 -618.795 -618.784 -618.766 -618.740 -618.708 -618.711 -619.078 -618.835 -618.816 -618.814 -618.814 -618.815 -618.816 -618.818 -618.822 -618.827 -618.834 -618.845 -618.861 -618.883 -618.913 -618.956 -619.013 -619.091 -619.194 -619.328 -619.502 -619.724 -620.004 -620.353 -620.781 -621.303 -621.932 -622.680 -623.564 -624.599 -625.799 -627.182 -628.764 -630.565 -632.604 -634.903 -637.487 -640.387 -643.637 -647.281 -651.371 -655.978 -661.191 -667.135 -673.979 -681.975 -691.504 -703.199 -718.215 -739.134 -774.338 -9999.000 -9999.000
-9999.000 -9999.000 -9999.000 -9999.000 -9999.000 -9999.000 -9999.000 -9999.000 -9999.000 -9999.000 -9999.000 -9999.000 -9999.000 -9999.000 -9999.000 -9999.000 -9999.000 -9999.000 -9999.000 -9999.000 -9999.000 -9999.000 -9999.000 -9999.000 -9999.000 -9999.000 -9999.000 -9999.000 -9999.000 -9999.000 -9999.000 -9999.000 -9999.000 -9999.000 -9999.000 -9999.000 -9999.000 -9999.000 -9999.000 -9999.000 -9999.000 -9999.000 -9999.000 -9999.000 -9999.000 -9999.000 -9999.000 -9999.000 -9999.000 -9999.000 -9999.000 -9999.000 -9999.000 -9999.000 -9999.000 -9999.000 -9999.000 -9999.000 -9999.000 -9999.000 -9999.000 -9999.000 -9999.000 -9999.000 -9999.000 -9999.000 -9999.000 -9999.000 -9999.000 -9999.000 -9999.000 -9999.000 -9999.000 -9999.000 -9999.000 -9999.000 -9999.000 -9999.000 -9999.000 -9999.000 -9999.000 -9999.000 -9999.000 -9999.000 -9999.000 -9999.000 -9999.000 -9999.000 -9999.000 -9999.000 -9999.000 -9999.000 -9999.000 -9999.000 -9999.000 -9999.000 -9999.000 -9999.000 -9999.000 -9999.000 -9999.000 -9999.000 -9999.000 -9999.000
-9999.000 -9999.000 -9999.000 -9999.000 -9999.000 -9999.000 -9999.000 -9999.000 -9999.000 -9999.000 -9999.000 -9999.000 -9999.000 -9999.000 -9999.000 -9999.000 -9999.000 -9999.000 -9999.000 -9999.000 -9999.000 -9999.000 -9999.000 -9999.000 -9999.000 -9999.000 -9999.000 -9999.000 -9999.000 -9999.000 -9999.000 -9999.000 -9999.000 -9999.000 -9999.000 -9999.000 -9999.000 -9999.000 -9999.000 -9999.000 -9999.000 -9999.000 -9999.000 -9999.000 -9999.000 -9999.000 -9999.000 -9999.000 -9999.000 -9999.000 -9999.000 -9999.000 -9999.000 -9999.000 -9999.000 -9999.000 -9999.000 -9999.000 -9999.000 -9999.000 -9999.000 -9999.000 -9999.000 -9999.000 -9999.000 -9999.000 -9999.000 -9999.000 -9999.000 -9999.000 -9999.000 -9999.000 -9999.000 -9999.000 -9999.000 -9999.000 -9999.000 -9999.000 -9999.000 -9999.000 -9999.000 -9999.000 -9999.000 -9999.000 -9999.000 -9999.000 -9999.000 -9999.000 -9999.000 -9999.000 -9999.000 -9999.000 -9999.000 -9999.000 -9999.000 -9999.000 -9999.000 -9999.000 -9999.000 -9999.000 -9999.000 -9999.000 -9999.000 -9999.000