examples/3D/hillslope02_superslab/output-maps-METEOIO-ON/psiliqL0070N0003.asc
ncols         104
nrows         10
xllcorner     -2.000000
yllcorner     0.000000
cellsize      1.000000
NODATA_value  -9999.0
-9999.000 -9999.000 -9999.000 -9999.000 -9999.000 -9999.000 -9999.000 -9999.000 -9999.000 -9999.000 -9999.000 -9999.000 -9999.000 -9999.000 -9999.000 -9999.000 -9999.000 -9999.000 -9999.000 -9999.000 -9999.000 -9999.000 -9999.000 -9999.000 -9999.000 -9999.000 -9999.000 -9999.000 -9999.000 -9999.000 -9999.000 -9999.000 -9999.000 -9999.000 -9999.000 -9999.000 -9999.000 -9999.000 -9999.000 -9999.000 -9999.000 -9999.000 -9999.000 -9999.000 -9999.000 -9999.000 -9999.000 -9999.000 -9999.000 -9999.000 -9999.000 -9999.000 -9999.000 -9999.000 -9999.000 -9999.000 -9999.000 -9999.000 -9999.000 -9999.000 -9999.000 -9999.000 -9999.000 -9999.000 -9999.000 -9999.000 -9999.000 -9999.000 -9999.000 -9999.000 -9999.000 -9999.000 -9999.000 -9999.000 -9999.000 -9999.000 -9999.000 -9999.000 -9999.000 -9999.000 -9999.000 -9999.000 -9999.000 -9999.000 -9999.000 -9999.000 -9999.000 -9999.000 -9999.000 -9999.000 -9999.000 -9999.000 -9999.000 -9999.000 -9999.000 -9999.000 -9999.000 -9999.000 -9999.000 -9999.000 -9999.000 -9999.000 -9999.000 -9999.000
-9999.000 -9999.000 -9999.000 -9999.000 -9999.000 -9999.000 -9999.000 -9999.000 -9999.000 -9999.000 -9999.000 -9999.000 -9999.000 -9999.000 -9999.000 -9999.000 -9999.000 -9999.000 -9999.000 -9999.000 -9999.000 -9999.000 -9999.000 -9999.000 -9999.000 -9999.000 -9999.000 -9999.000 -9999.000 -9999.000 -9999.000 -9999.000 -9999.000 -9999.000 -9999.000 -9999.000 -9999.000 -9999.000 -9999.000 -9999.000 -9999.000 -9999.000 -9999.000 -9999.000 -9999.000 -9999.000 -9999.000 -9999.000 -9999.000 -9999.000 -9999.000 -9999.000 -9999.000 -9999.000 -9999.000 -9999.000 -9999.000 -9999.000 -9999.000 -9999.000 -9999.000 -9999.000 -9999.000 -9999.000 -9999.000 -9999.000 -9999.000 -9999.000 -9999.000 -9999.000 -9999.000 -9999.000 -9999.000 -9999.000 -9999.000 -9999.000 -9999.000 -9999.000 -9999.000 -9999.000 -9999.000 -9999.000 -9999.000 -9999.000 -9999.000 -9999.000 -9999.000 -9999.000 -9999.000 -9999.000 -9999.000 -9999.000 -9999.000 -9999.000 -9999.000 -9999.000 -9999.000 -9999.000 -9999.000 -9999.000 -9999.000 -9999.000 -9999.000 -9999.000
-9999.000 -9999.000 -844.245 -970.836 -1100.697 -1224.219 -1330.332 -1409.572 -1460.258 -1487.971 -1501.097 -1506.532 -1508.627 -1509.421 -1509.720 -1509.833 -1509.876 -1509.892 -1509.898 -1509.900 -1509.901 -1509.902 -1509.902 -1509.903 -1509.904 -1509.905 -1509.906 -1509.907 -1509.909 -1509.912 -1509.915 -1509.919 -1509.924 -1509.930 -1509.937 -1509.945 -1509.952 -1509.957 -1509.955 -1509.939 -1509.896 -1509.809 -1509.653 -1509.383 -1509.110 -1509.237 -1509.395 -1509.644 -1509.933 -1510.087 -1510.548 -1512.434 -1510.847 -1510.732 -1510.826 -1510.949 -1511.087 -1511.240 -1511.408 -1511.594 -1511.797 -1512.019 -1512.262 -1512.526 -1512.814 -1513.126 -1513.464 -1513.829 -1514.224 -1514.651 -1515.110 -1515.603 -1516.134 -1516.705 -1517.317 -1517.973 -1518.677 -1519.432 -1520.240 -1521.106 -1522.035 -1523.031 -1524.099 -1525.246 -1526.480 -1527.807 -1529.239 -1530.786 -1532.463 -1534.286 -1536.274 -1538.454 -1540.857 -1543.524 -1546.511 -1549.891 -1553.773 -1558.317 -1563.793 -1570.765 -1581.203 -1605.705 -9999.000 -9999.000
-9999.000 -9999.000 -844.245 -970.836 -1100.697 -1224.219 -1330.332 -1409.572 -1460.258 -1487.971 -1501.097 -1506.532 -1508.627 -1509.421 -1509.720 -1509.833 -1509.876 -1509.892 -1509.898 -1509.900 -1509.901 -1509.902 -1509.902 -1509.903 -1509.904 -1509.905 -1509.906 -1509.907 -1509.909 -1509.912 -1509.915 -1509.919 -1509.924 -1509.930 -1509.937 -1509.945 -1509.952 -1509.957 -1509.955 -1509.939 -1509.896 -1509.809 -1509.653 -1509.383 -1509.110 -1509.237 -1509.395 -1509.644 -1509.933 -1510.087 -1510.548 -1512.434 -1510.847 -1510.732 -1510.826 -1510.949 -1511.087 -1511.240 -1511.408 -1511.594 -1511.797 -1512.019 -1512.262 -1512.526 -1512.814 -1513.126 -1513.464 -1513.829 -1514.224 -1514.651 -1515.110 -1515.603 -1516.134 -1516.705 -1517.317 -1517.973 -1518.677 -1519.432 -1520.240 -1521.106 -1522.035 -1523.031 -1524.099 -1525.246 -1526.480 -1527.807 -1529.239 -1530.786 -1532.463 -1534.286 -1536.274 -1538.454 -1540.857 -1543.524 -1546.511 -1549.891 -1553.773 -1558.317 -1563.793 -1570.765 -1581.203 -1605.705 -9999.000 -9999.000
-9999.000 -9999.000 -844.245 -970.836 -1100.698 -1224.219 -1330.332 -1409.572 -1460.258 -1487.971 -1501.097 -1506.532 -1508.627 -1509.421 -1509.720 -1509.833 -1509.876 -1509.892 -1509.898 -1509.900 -1509.901 -1509.902 -1509.902 -1509.903 -1509.904 -1509.905 -1509.906 -1509.907 -1509.909 -1509.912 -1509.915 -1509.919 -1509.924 -1509.930 -1509.937 -1509.945 -1509.952 -1509.957 -1509.955 -1509.939 -1509.896 -1509.809 -1509.653 -1509.383 -1509.110 -1509.237 -1509.395 -1509.644 -1509.933 -1510.087 -1510.548 -1512.434 -1510.847 -1510.732 -1510.826 -1510.949 -1511.087 -1511.240 -1511.408 -1511.594 -1511.797 -1512.019 -1512.262 -1512.526 -1512.814 -1513.126 -1513.464 -1513.829 -1514.224 -1514.651 -1515.110 -1515.603 -1516.134 -1516.705 -1517.317 -1517.973 -1518.677 -1519.432 -1520.240 -1521.106 -1522.035 -1523.031 -1524.099 -1525.246 -1526.480 -1527.807 -1529.239 -1530.786 -1532.463 -1534.286 -1536.274 -1538.454 -1540.857 -1543.524 -1546.511 -1549.891 -1553.773 -1558.317 -1563.793 -1570.765 -1581.203 -1605.705 -9999.000 -9999.000
-9999.000 -9999.000 -844.245 -970.836 -1100.698 -1224.219 -1330.332 -1409.572 -1460.258 -1487.971 -1501.097 -1506.532 -1508.627 -1509.421 -1509.720 -1509.833 -1509.876 -1509.892 -1509.898 -1509.900 -1509.901 -1509.902 -1509.902 -1509.903 -1509.904 -1509.905 -1509.906 -1509.907 -1509.909 -1509.912 -1509.915 -1509.919 -1509.924 -1509.930 -1509.937 -1509.945 -1509.952 -1509.957 -1509.955 -1509.939 -1509.896 -1509.809 -1509.653 -1509.383 -1509.110 -1509.237 -1509.395 -1509.644 -1509.933 -1510.087 -1510.548 -1512.434 -1510.847 -1510.732 -1510.826 -1510.949 -1511.087 -1511.240 -1511.408 -1511.594 -1511.797 -1512.019 -1512.262 -1512.526 -1512.814 -1513.126 -1513.464 -1513.829 -1514.224 -1514.651 -1515.110 -1515.603 -1516.134 -1516.705 -1517.317 -1517.973 -1518.677 -1519.432 -1520.240 -1521.106 -1522.035 -1523.031 -1524.099 -1525.246 -1526.480 -1527.807 -1529.239 -1530.786 -1532.463 -1534.286 -1536.274 -1538.454 -1540.857 -1543.524 -1546.511 -1549.891 -1553.773 -1558.317 -1563.793 -1570.765 -1581.203 -1605.705 -9999.000 -9999.000
-9999.000 -9999.000 -844.245 -970.836 -1100.697 -1224.219 -1330.332 -1409.572 -1460.258 -1487.971 -1501.097 -1506.532 -1508.627 -1509.421 -1509.720 -1509.833 -1509.876 -1509.892 -1509.898 -1509.900 -1509.901 -1509.902 -1509.902 -1509.903 -1509.904 -1509.905 -1509.906 -1509.907 -1509.909 -1509.912 -1509.915 -1509.919 -1509.924 -1509.930 -1509.937 -1509.945 -1509.952 -1509.957 -1509.955 -1509.939 -1509.896 -1509.809 -1509.653 -1509.383 -1509.110 -1509.237 -1509.395 -1509.644 -1509.933 -1510.087 -1510.548 -1512.434 -1510.847 -1510.732 -1510.826 -1510.949 -1511.087 -1511.240 -1511.408 -1511.594 -1511.797 -1512.019 -1512.262 -1512.526 -1512.814 -1513.126 -1513.464 -1513.829 -1514.224 -1514.651 -1515.110 -1515.603 -1516.134 -1516.705 -1517.317 -1517.973 -1518.677 -1519.432 -1520.240 -1521.106 -1522.035 -1523.031 -1524.099 -1525.246 -1526.480 -1527.807 -1529.239 -1530.786 -1532.463 -1534.286 -1536.274 -1538.454 -1540.857 -1543.524 -1546.511 -1549.891 -1553.773 -1558.317 -1563.793 -1570.765 -1581.203 -1605.705 -9999.000 -9999.000
-9999.000 -9999.000 -844.245 -970.836 -1100.697 -1224.219 -1330.332 -1409.572 -1460.258 -1487.971 -1501.097 -1506.532 -1508.627 -1509.421 -1509.720 -1509.833 -1509.876 -1509.892 -1509.898 -1509.900 -1509.901 -1509.902 -1509.902 -1509.903 -1509.904 -1509.905 -1509.906 -1509.907 -1509.909 -1509.912 -1509.915 -1509.919 -1509.924 -1509.930 -1509.937 -1509.945 -1509.952 -1509.957 -1509.955 -1509.939 -1509.896 -1509.809 -1509.653 -1509.383 -1509.110 -1509.237 -1509.395 -1509.644 -1509.933 -1510.087 -1510.548 -1512.434 -1510.847 -1510.732 -1510.826 -1510.949 -1511.087 -1511.240 -1511.408 -1511.594 -1511.797 -1512.019 -1512.262 -1512.526 -1512.814 -1513.126 -1513.464 -1513.829 -1514.224 -1514.651 -1515.110 -1515.603 -1516.134 -1516.705 -1517.317 -1517.973 -1518.677 -1519.432 -1520.240 -1521.106 -1522.035 -1523.031 -1524.099 -1525.246 -1526.480 -1527.807 -1529.239 -1530.786 -1532.463 -1534.286 -1536.274 -1538.454 -1540.857 -1543.524 -1546.511 -1549.891 -1553.773 -1558.317 -1563.793 -1570.765 -1581.203 -1605.705 -9999.000 -9999.000
-9999.000 -9999.000 -9999.000 -9999.000 -9999.000 -9999.000 -9999.000 -9999.000 -9999.000 -9999.000 -9999.000 -9999.000 -9999.000 -9999.000 -9999.000 -9999.000 -9999.000 -9999.000 -9999.000 -9999.000 -9999.000 -9999.000 -9999.000 -9999.000 -9999.000 -9999.000 -9999.000 -9999.000 -9999.000 -9999.000 -9999.000 -9999.000 -9999.000 -9999.000 -9999.000 -9999.000 -9999.000 -9999.000 -9999.000 -9999.000 -9999.000 -9999.000 -9999.000 -9999.000 -9999.000 -9999.000 -9999.000 -9999.000 -9999.000 -9999.000 -9999.000 -9999.000 -9999.000 -9999.000 -9999.000 -9999.000 -9999.000 -9999.000 -9999.000 -9999.000 -9999.000 -9999.000 -9999.000 -9999.000 -9999.000 -9999.000 -9999.000 -9999.000 -9999.000 -9999.000 -9999.000 -9999.000 -9999.000 -9999.000 -9999.000 -9999.000 -9999.000 -9999.000 -9999.000 -9999.000 -9999.000 -9999.000 -9999.000 -9999.000 -9999.000 -9999.000 -9999.000 -9999.000 -9999.000 -9999.000 -9999.000 -9999.000 -9999.000 -9999.000 -9999.000 -9999.000 -9999.000 -9999.000 -9999.000 -9999.000 -9999.000 -9999.000 -9999.000 -9999.000
-9999.000 -9999.000 -9999.000 -9999.000 -9999.000 -9999.000 -9999.000 -9999.000 -9999.000 -9999.000 -9999.000 -9999.000 -9999.000 -9999.000 -9999.000 -9999.000 -9999.000 -9999.000 -9999.000 -9999.000 -9999.000 -9999.000 -9999.000 -9999.000 -9999.000 -9999.000 -9999.000 -9999.000 -9999.000 -9999.000 -9999.000 -9999.000 -9999.000 -9999.000 -9999.000 -9999.000 -9999.000 -9999.000 -9999.000 -9999.000 -9999.000 -9999.000 -9999.000 -9999.000 -9999.000 -9999.000 -9999.000 -9999.000 -9999.000 -9999.000 -9999.000 -9999.000 -9999.000 -9999.000 -9999.000 -9999.000 -9999.000 -9999.000 -9999.000 -9999.000 -9999.000 -9999.000 -9999.000 -9999.000 -9999.000 -9999.000 -9999.000 -9999.000 -9999.000 -9999.000 -9999.000 -9999.000 -9999.000 -9999.000 -9999.000 -9999.000 -9999.000 -9999.000 -9999.000 -9999.000 -9999.000 -9999.000 -9999.000 -9999.000 -9999.000 -9999.000 -9999.000 -9999.000 -9999.000 -9999.000 -9999.000 -9999.000 -9999.000 -9999.000 -9999.000 -9999.000 -9999.000 -9999.000 -9999.000 -9999.000 -9999.000 -9999.000 -9999.000 -9999.000