examples/3D/hillslope02_superslab/output-maps-METEOIO-ON/psiliqL0069N0003.asc
ncols         104
nrows         10
xllcorner     -2.000000
yllcorner     0.000000
cellsize      1.000000
NODATA_value  -9999.0
-9999.000 -9999.000 -9999.000 -9999.000 -9999.000 -9999.000 -9999.000 -9999.000 -9999.000 -9999.000 -9999.000 -9999.000 -9999.000 -9999.000 -9999.000 -9999.000 -9999.000 -9999.000 -9999.000 -9999.000 -9999.000 -9999.000 -9999.000 -9999.000 -9999.000 -9999.000 -9999.000 -9999.000 -9999.000 -9999.000 -9999.000 -9999.000 -9999.000 -9999.000 -9999.000 -9999.000 -9999.000 -9999.000 -9999.000 -9999.000 -9999.000 -9999.000 -9999.000 -9999.000 -9999.000 -9999.000 -9999.000 -9999.000 -9999.000 -9999.000 -9999.000 -9999.000 -9999.000 -9999.000 -9999.000 -9999.000 -9999.000 -9999.000 -9999.000 -9999.000 -9999.000 -9999.000 -9999.000 -9999.000 -9999.000 -9999.000 -9999.000 -9999.000 -9999.000 -9999.000 -9999.000 -9999.000 -9999.000 -9999.000 -9999.000 -9999.000 -9999.000 -9999.000 -9999.000 -9999.000 -9999.000 -9999.000 -9999.000 -9999.000 -9999.000 -9999.000 -9999.000 -9999.000 -9999.000 -9999.000 -9999.000 -9999.000 -9999.000 -9999.000 -9999.000 -9999.000 -9999.000 -9999.000 -9999.000 -9999.000 -9999.000 -9999.000 -9999.000 -9999.000
-9999.000 -9999.000 -9999.000 -9999.000 -9999.000 -9999.000 -9999.000 -9999.000 -9999.000 -9999.000 -9999.000 -9999.000 -9999.000 -9999.000 -9999.000 -9999.000 -9999.000 -9999.000 -9999.000 -9999.000 -9999.000 -9999.000 -9999.000 -9999.000 -9999.000 -9999.000 -9999.000 -9999.000 -9999.000 -9999.000 -9999.000 -9999.000 -9999.000 -9999.000 -9999.000 -9999.000 -9999.000 -9999.000 -9999.000 -9999.000 -9999.000 -9999.000 -9999.000 -9999.000 -9999.000 -9999.000 -9999.000 -9999.000 -9999.000 -9999.000 -9999.000 -9999.000 -9999.000 -9999.000 -9999.000 -9999.000 -9999.000 -9999.000 -9999.000 -9999.000 -9999.000 -9999.000 -9999.000 -9999.000 -9999.000 -9999.000 -9999.000 -9999.000 -9999.000 -9999.000 -9999.000 -9999.000 -9999.000 -9999.000 -9999.000 -9999.000 -9999.000 -9999.000 -9999.000 -9999.000 -9999.000 -9999.000 -9999.000 -9999.000 -9999.000 -9999.000 -9999.000 -9999.000 -9999.000 -9999.000 -9999.000 -9999.000 -9999.000 -9999.000 -9999.000 -9999.000 -9999.000 -9999.000 -9999.000 -9999.000 -9999.000 -9999.000 -9999.000 -9999.000
-9999.000 -9999.000 -910.271 -1041.054 -1174.020 -1297.529 -1399.806 -1472.872 -1517.662 -1541.305 -1552.225 -1556.671 -1558.374 -1559.018 -1559.260 -1559.351 -1559.385 -1559.398 -1559.403 -1559.405 -1559.406 -1559.406 -1559.406 -1559.407 -1559.407 -1559.408 -1559.409 -1559.410 -1559.411 -1559.413 -1559.415 -1559.418 -1559.421 -1559.426 -1559.431 -1559.437 -1559.441 -1559.442 -1559.433 -1559.405 -1559.345 -1559.232 -1559.035 -1558.700 -1558.715 -1558.829 -1559.017 -1559.302 -1559.436 -1559.566 -1559.975 -1561.648 -1560.163 -1560.036 -1560.107 -1560.204 -1560.313 -1560.435 -1560.570 -1560.719 -1560.883 -1561.063 -1561.261 -1561.478 -1561.715 -1561.972 -1562.253 -1562.558 -1562.888 -1563.246 -1563.633 -1564.051 -1564.502 -1564.988 -1565.511 -1566.074 -1566.680 -1567.332 -1568.032 -1568.784 -1569.593 -1570.462 -1571.397 -1572.404 -1573.489 -1574.659 -1575.924 -1577.294 -1578.781 -1580.400 -1582.169 -1584.111 -1586.255 -1588.637 -1591.307 -1594.331 -1597.805 -1601.873 -1606.774 -1613.022 -1622.486 -1645.756 -9999.000 -9999.000
-9999.000 -9999.000 -910.271 -1041.054 -1174.020 -1297.529 -1399.806 -1472.872 -1517.662 -1541.305 -1552.225 -1556.671 -1558.374 -1559.018 -1559.260 -1559.351 -1559.385 -1559.398 -1559.403 -1559.405 -1559.406 -1559.406 -1559.406 -1559.407 -1559.407 -1559.408 -1559.409 -1559.410 -1559.411 -1559.413 -1559.415 -1559.418 -1559.421 -1559.426 -1559.431 -1559.437 -1559.441 -1559.442 -1559.433 -1559.405 -1559.345 -1559.232 -1559.035 -1558.700 -1558.715 -1558.829 -1559.017 -1559.302 -1559.436 -1559.566 -1559.975 -1561.648 -1560.163 -1560.036 -1560.107 -1560.204 -1560.313 -1560.435 -1560.570 -1560.719 -1560.883 -1561.063 -1561.261 -1561.478 -1561.715 -1561.972 -1562.253 -1562.558 -1562.888 -1563.246 -1563.633 -1564.051 -1564.502 -1564.988 -1565.511 -1566.074 -1566.680 -1567.332 -1568.032 -1568.784 -1569.593 -1570.462 -1571.397 -1572.404 -1573.489 -1574.659 -1575.924 -1577.294 -1578.781 -1580.400 -1582.169 -1584.111 -1586.255 -1588.637 -1591.307 -1594.331 -1597.805 -1601.873 -1606.774 -1613.022 -1622.486 -1645.756 -9999.000 -9999.000
-9999.000 -9999.000 -910.271 -1041.054 -1174.020 -1297.529 -1399.806 -1472.872 -1517.662 -1541.305 -1552.225 -1556.671 -1558.374 -1559.018 -1559.260 -1559.351 -1559.385 -1559.398 -1559.403 -1559.405 -1559.406 -1559.406 -1559.406 -1559.407 -1559.407 -1559.408 -1559.409 -1559.410 -1559.411 -1559.413 -1559.415 -1559.418 -1559.421 -1559.426 -1559.431 -1559.437 -1559.441 -1559.442 -1559.433 -1559.405 -1559.345 -1559.232 -1559.035 -1558.700 -1558.715 -1558.829 -1559.017 -1559.302 -1559.436 -1559.566 -1559.975 -1561.648 -1560.163 -1560.036 -1560.107 -1560.204 -1560.313 -1560.435 -1560.570 -1560.719 -1560.883 -1561.063 -1561.261 -1561.478 -1561.715 -1561.972 -1562.253 -1562.558 -1562.888 -1563.246 -1563.633 -1564.051 -1564.502 -1564.988 -1565.511 -1566.074 -1566.680 -1567.332 -1568.032 -1568.784 -1569.593 -1570.462 -1571.397 -1572.404 -1573.489 -1574.659 -1575.924 -1577.294 -1578.781 -1580.400 -1582.169 -1584.111 -1586.255 -1588.637 -1591.307 -1594.331 -1597.805 -1601.873 -1606.774 -1613.022 -1622.486 -1645.756 -9999.000 -9999.000
-9999.000 -9999.000 -910.271 -1041.054 -1174.020 -1297.529 -1399.806 -1472.872 -1517.662 -1541.305 -1552.225 -1556.671 -1558.374 -1559.018 -1559.260 -1559.351 -1559.385 -1559.398 -1559.403 -1559.405 -1559.406 -1559.406 -1559.406 -1559.407 -1559.407 -1559.408 -1559.409 -1559.410 -1559.411 -1559.413 -1559.415 -1559.418 -1559.421 -1559.426 -1559.431 -1559.437 -1559.441 -1559.442 -1559.433 -1559.405 -1559.345 -1559.232 -1559.035 -1558.700 -1558.715 -1558.829 -1559.017 -1559.302 -1559.436 -1559.566 -1559.975 -1561.648 -1560.163 -1560.036 -1560.107 -1560.204 -1560.313 -1560.435 -1560.570 -1560.719 -1560.883 -1561.063 -1561.261 -1561.478 -1561.715 -1561.972 -1562.253 -1562.558 -1562.888 -1563.246 -1563.633 -1564.051 -1564.502 -1564.988 -1565.511 -1566.074 -1566.680 -1567.332 -1568.032 -1568.784 -1569.593 -1570.462 -1571.397 -1572.404 -1573.489 -1574.659 -1575.924 -1577.294 -1578.781 -1580.400 -1582.169 -1584.111 -1586.255 -1588.637 -1591.307 -1594.331 -1597.805 -1601.873 -1606.774 -1613.022 -1622.486 -1645.756 -9999.000 -9999.000
-9999.000 -9999.000 -910.271 -1041.054 -1174.020 -1297.529 -1399.806 -1472.872 -1517.662 -1541.305 -1552.225 -1556.671 -1558.374 -1559.018 -1559.260 -1559.351 -1559.385 -1559.398 -1559.403 -1559.405 -1559.406 -1559.406 -1559.406 -1559.407 -1559.407 -1559.408 -1559.409 -1559.410 -1559.411 -1559.413 -1559.415 -1559.418 -1559.421 -1559.426 -1559.431 -1559.437 -1559.441 -1559.442 -1559.433 -1559.405 -1559.345 -1559.232 -1559.035 -1558.700 -1558.715 -1558.829 -1559.017 -1559.302 -1559.436 -1559.566 -1559.975 -1561.648 -1560.163 -1560.036 -1560.107 -1560.204 -1560.313 -1560.435 -1560.570 -1560.719 -1560.883 -1561.063 -1561.261 -1561.478 -1561.715 -1561.972 -1562.253 -1562.558 -1562.888 -1563.246 -1563.633 -1564.051 -1564.502 -1564.988 -1565.511 -1566.074 -1566.680 -1567.332 -1568.032 -1568.784 -1569.593 -1570.462 -1571.397 -1572.404 -1573.489 -1574.659 -1575.924 -1577.294 -1578.781 -1580.400 -1582.169 -1584.111 -1586.255 -1588.637 -1591.307 -1594.331 -1597.805 -1601.873 -1606.774 -1613.022 -1622.486 -1645.756 -9999.000 -9999.000
-9999.000 -9999.000 -910.271 -1041.054 -1174.020 -1297.529 -1399.806 -1472.872 -1517.662 -1541.305 -1552.225 -1556.671 -1558.374 -1559.018 -1559.260 -1559.351 -1559.385 -1559.398 -1559.403 -1559.405 -1559.406 -1559.406 -1559.406 -1559.407 -1559.407 -1559.408 -1559.409 -1559.410 -1559.411 -1559.413 -1559.415 -1559.418 -1559.421 -1559.426 -1559.431 -1559.437 -1559.441 -1559.442 -1559.433 -1559.405 -1559.345 -1559.232 -1559.035 -1558.700 -1558.715 -1558.829 -1559.017 -1559.302 -1559.436 -1559.566 -1559.975 -1561.648 -1560.163 -1560.036 -1560.107 -1560.204 -1560.313 -1560.435 -1560.570 -1560.719 -1560.883 -1561.063 -1561.261 -1561.478 -1561.715 -1561.972 -1562.253 -1562.558 -1562.888 -1563.246 -1563.633 -1564.051 -1564.502 -1564.988 -1565.511 -1566.074 -1566.680 -1567.332 -1568.032 -1568.784 -1569.593 -1570.462 -1571.397 -1572.404 -1573.489 -1574.659 -1575.924 -1577.294 -1578.781 -1580.400 -1582.169 -1584.111 -1586.255 -1588.637 -1591.307 -1594.331 -1597.805 -1601.873 -1606.774 -1613.022 -1622.486 -1645.756 -9999.000 -9999.000
-9999.000 -9999.000 -9999.000 -9999.000 -9999.000 -9999.000 -9999.000 -9999.000 -9999.000 -9999.000 -9999.000 -9999.000 -9999.000 -9999.000 -9999.000 -9999.000 -9999.000 -9999.000 -9999.000 -9999.000 -9999.000 -9999.000 -9999.000 -9999.000 -9999.000 -9999.000 -9999.000 -9999.000 -9999.000 -9999.000 -9999.000 -9999.000 -9999.000 -9999.000 -9999.000 -9999.000 -9999.000 -9999.000 -9999.000 -9999.000 -9999.000 -9999.000 -9999.000 -9999.000 -9999.000 -9999.000 -9999.000 -9999.000 -9999.000 -9999.000 -9999.000 -9999.000 -9999.000 -9999.000 -9999.000 -9999.000 -9999.000 -9999.000 -9999.000 -9999.000 -9999.000 -9999.000 -9999.000 -9999.000 -9999.000 -9999.000 -9999.000 -9999.000 -9999.000 -9999.000 -9999.000 -9999.000 -9999.000 -9999.000 -9999.000 -9999.000 -9999.000 -9999.000 -9999.000 -9999.000 -9999.000 -9999.000 -9999.000 -9999.000 -9999.000 -9999.000 -9999.000 -9999.000 -9999.000 -9999.000 -9999.000 -9999.000 -9999.000 -9999.000 -9999.000 -9999.000 -9999.000 -9999.000 -9999.000 -9999.000 -9999.000 -9999.000 -9999.000 -9999.000
-9999.000 -9999.000 -9999.000 -9999.000 -9999.000 -9999.000 -9999.000 -9999.000 -9999.000 -9999.000 -9999.000 -9999.000 -9999.000 -9999.000 -9999.000 -9999.000 -9999.000 -9999.000 -9999.000 -9999.000 -9999.000 -9999.000 -9999.000 -9999.000 -9999.000 -9999.000 -9999.000 -9999.000 -9999.000 -9999.000 -9999.000 -9999.000 -9999.000 -9999.000 -9999.000 -9999.000 -9999.000 -9999.000 -9999.000 -9999.000 -9999.000 -9999.000 -9999.000 -9999.000 -9999.000 -9999.000 -9999.000 -9999.000 -9999.000 -9999.000 -9999.000 -9999.000 -9999.000 -9999.000 -9999.000 -9999.000 -9999.000 -9999.000 -9999.000 -9999.000 -9999.000 -9999.000 -9999.000 -9999.000 -9999.000 -9999.000 -9999.000 -9999.000 -9999.000 -9999.000 -9999.000 -9999.000 -9999.000 -9999.000 -9999.000 -9999.000 -9999.000 -9999.000 -9999.000 -9999.000 -9999.000 -9999.000 -9999.000 -9999.000 -9999.000 -9999.000 -9999.000 -9999.000 -9999.000 -9999.000 -9999.000 -9999.000 -9999.000 -9999.000 -9999.000 -9999.000 -9999.000 -9999.000 -9999.000 -9999.000 -9999.000 -9999.000 -9999.000 -9999.000