examples/3D/hillslope02_superslab/output-maps-METEOIO-ON/psiliqL0082N0002.asc
ncols         104
nrows         10
xllcorner     -2.000000
yllcorner     0.000000
cellsize      1.000000
NODATA_value  -9999.0
-9999.000 -9999.000 -9999.000 -9999.000 -9999.000 -9999.000 -9999.000 -9999.000 -9999.000 -9999.000 -9999.000 -9999.000 -9999.000 -9999.000 -9999.000 -9999.000 -9999.000 -9999.000 -9999.000 -9999.000 -9999.000 -9999.000 -9999.000 -9999.000 -9999.000 -9999.000 -9999.000 -9999.000 -9999.000 -9999.000 -9999.000 -9999.000 -9999.000 -9999.000 -9999.000 -9999.000 -9999.000 -9999.000 -9999.000 -9999.000 -9999.000 -9999.000 -9999.000 -9999.000 -9999.000 -9999.000 -9999.000 -9999.000 -9999.000 -9999.000 -9999.000 -9999.000 -9999.000 -9999.000 -9999.000 -9999.000 -9999.000 -9999.000 -9999.000 -9999.000 -9999.000 -9999.000 -9999.000 -9999.000 -9999.000 -9999.000 -9999.000 -9999.000 -9999.000 -9999.000 -9999.000 -9999.000 -9999.000 -9999.000 -9999.000 -9999.000 -9999.000 -9999.000 -9999.000 -9999.000 -9999.000 -9999.000 -9999.000 -9999.000 -9999.000 -9999.000 -9999.000 -9999.000 -9999.000 -9999.000 -9999.000 -9999.000 -9999.000 -9999.000 -9999.000 -9999.000 -9999.000 -9999.000 -9999.000 -9999.000 -9999.000 -9999.000 -9999.000 -9999.000
-9999.000 -9999.000 -9999.000 -9999.000 -9999.000 -9999.000 -9999.000 -9999.000 -9999.000 -9999.000 -9999.000 -9999.000 -9999.000 -9999.000 -9999.000 -9999.000 -9999.000 -9999.000 -9999.000 -9999.000 -9999.000 -9999.000 -9999.000 -9999.000 -9999.000 -9999.000 -9999.000 -9999.000 -9999.000 -9999.000 -9999.000 -9999.000 -9999.000 -9999.000 -9999.000 -9999.000 -9999.000 -9999.000 -9999.000 -9999.000 -9999.000 -9999.000 -9999.000 -9999.000 -9999.000 -9999.000 -9999.000 -9999.000 -9999.000 -9999.000 -9999.000 -9999.000 -9999.000 -9999.000 -9999.000 -9999.000 -9999.000 -9999.000 -9999.000 -9999.000 -9999.000 -9999.000 -9999.000 -9999.000 -9999.000 -9999.000 -9999.000 -9999.000 -9999.000 -9999.000 -9999.000 -9999.000 -9999.000 -9999.000 -9999.000 -9999.000 -9999.000 -9999.000 -9999.000 -9999.000 -9999.000 -9999.000 -9999.000 -9999.000 -9999.000 -9999.000 -9999.000 -9999.000 -9999.000 -9999.000 -9999.000 -9999.000 -9999.000 -9999.000 -9999.000 -9999.000 -9999.000 -9999.000 -9999.000 -9999.000 -9999.000 -9999.000 -9999.000 -9999.000
-9999.000 -9999.000 -335.206 -437.245 -539.299 -639.298 -732.059 -809.326 -863.215 -893.644 -907.232 -912.587 -914.623 -915.387 -915.672 -915.778 -915.817 -915.832 -915.837 -915.839 -915.840 -915.840 -915.840 -915.840 -915.839 -915.839 -915.839 -915.839 -915.839 -915.840 -915.840 -915.840 -915.841 -915.842 -915.844 -915.845 -915.848 -915.851 -915.855 -915.860 -915.865 -915.869 -915.870 -915.865 -915.849 -915.817 -915.760 -915.665 -915.521 -915.333 -915.489 -918.345 -916.496 -916.488 -916.612 -916.767 -916.947 -917.156 -917.397 -917.671 -917.983 -918.335 -918.731 -919.174 -919.668 -920.216 -920.821 -921.487 -922.217 -923.015 -923.885 -924.830 -925.854 -926.961 -928.156 -929.444 -930.829 -932.316 -933.913 -935.625 -937.460 -939.426 -941.534 -943.795 -946.222 -948.830 -951.638 -954.668 -957.946 -961.505 -965.385 -969.637 -974.326 -979.539 -985.389 -992.039 -999.717 -1008.778 -1019.795 -1033.846 -1053.527 -1088.187 -9999.000 -9999.000
-9999.000 -9999.000 -335.206 -437.245 -539.299 -639.298 -732.059 -809.326 -863.215 -893.644 -907.232 -912.587 -914.623 -915.387 -915.672 -915.778 -915.817 -915.832 -915.837 -915.839 -915.840 -915.840 -915.840 -915.840 -915.839 -915.839 -915.839 -915.839 -915.839 -915.840 -915.840 -915.840 -915.841 -915.842 -915.844 -915.845 -915.848 -915.851 -915.855 -915.860 -915.865 -915.869 -915.870 -915.865 -915.849 -915.817 -915.760 -915.665 -915.521 -915.333 -915.489 -918.345 -916.496 -916.488 -916.612 -916.767 -916.947 -917.156 -917.397 -917.671 -917.983 -918.335 -918.731 -919.174 -919.668 -920.216 -920.821 -921.487 -922.217 -923.015 -923.885 -924.830 -925.854 -926.961 -928.156 -929.444 -930.829 -932.316 -933.913 -935.625 -937.460 -939.426 -941.534 -943.795 -946.222 -948.830 -951.638 -954.668 -957.946 -961.505 -965.385 -969.637 -974.326 -979.539 -985.389 -992.039 -999.717 -1008.778 -1019.795 -1033.846 -1053.527 -1088.187 -9999.000 -9999.000
-9999.000 -9999.000 -335.206 -437.245 -539.299 -639.298 -732.059 -809.326 -863.215 -893.644 -907.232 -912.587 -914.623 -915.387 -915.672 -915.778 -915.817 -915.832 -915.837 -915.839 -915.840 -915.840 -915.840 -915.840 -915.839 -915.839 -915.839 -915.839 -915.839 -915.840 -915.840 -915.840 -915.841 -915.842 -915.844 -915.845 -915.848 -915.851 -915.855 -915.860 -915.865 -915.869 -915.870 -915.865 -915.849 -915.817 -915.760 -915.665 -915.521 -915.333 -915.489 -918.345 -916.496 -916.488 -916.612 -916.767 -916.947 -917.156 -917.397 -917.671 -917.983 -918.335 -918.731 -919.174 -919.668 -920.216 -920.821 -921.487 -922.217 -923.015 -923.885 -924.830 -925.854 -926.961 -928.156 -929.444 -930.829 -932.316 -933.913 -935.625 -937.460 -939.426 -941.534 -943.795 -946.222 -948.830 -951.638 -954.668 -957.946 -961.505 -965.385 -969.637 -974.326 -979.539 -985.389 -992.039 -999.717 -1008.778 -1019.795 -1033.846 -1053.527 -1088.187 -9999.000 -9999.000
-9999.000 -9999.000 -335.206 -437.245 -539.299 -639.298 -732.059 -809.326 -863.215 -893.644 -907.232 -912.587 -914.623 -915.387 -915.672 -915.778 -915.817 -915.832 -915.837 -915.839 -915.840 -915.840 -915.840 -915.840 -915.839 -915.839 -915.839 -915.839 -915.839 -915.840 -915.840 -915.840 -915.841 -915.842 -915.844 -915.845 -915.848 -915.851 -915.855 -915.860 -915.865 -915.869 -915.870 -915.865 -915.849 -915.817 -915.760 -915.665 -915.521 -915.333 -915.489 -918.345 -916.496 -916.488 -916.612 -916.767 -916.947 -917.156 -917.397 -917.671 -917.983 -918.335 -918.731 -919.174 -919.668 -920.216 -920.821 -921.487 -922.217 -923.015 -923.885 -924.830 -925.854 -926.961 -928.156 -929.444 -930.829 -932.316 -933.913 -935.625 -937.460 -939.426 -941.534 -943.795 -946.222 -948.830 -951.638 -954.668 -957.946 -961.505 -965.385 -969.637 -974.326 -979.539 -985.389 -992.039 -999.717 -1008.778 -1019.795 -1033.846 -1053.527 -1088.187 -9999.000 -9999.000
-9999.000 -9999.000 -335.206 -437.245 -539.299 -639.298 -732.059 -809.326 -863.215 -893.644 -907.232 -912.587 -914.623 -915.387 -915.672 -915.778 -915.817 -915.832 -915.837 -915.839 -915.840 -915.840 -915.840 -915.840 -915.839 -915.839 -915.839 -915.839 -915.839 -915.840 -915.840 -915.840 -915.841 -915.842 -915.844 -915.845 -915.848 -915.851 -915.855 -915.860 -915.865 -915.869 -915.870 -915.865 -915.849 -915.817 -915.760 -915.665 -915.521 -915.333 -915.489 -918.345 -916.496 -916.488 -916.612 -916.767 -916.947 -917.156 -917.397 -917.671 -917.983 -918.335 -918.731 -919.174 -919.668 -920.216 -920.821 -921.487 -922.217 -923.015 -923.885 -924.830 -925.854 -926.961 -928.156 -929.444 -930.829 -932.316 -933.913 -935.625 -937.460 -939.426 -941.534 -943.795 -946.222 -948.830 -951.638 -954.668 -957.946 -961.505 -965.385 -969.637 -974.326 -979.539 -985.389 -992.039 -999.717 -1008.778 -1019.795 -1033.846 -1053.527 -1088.187 -9999.000 -9999.000
-9999.000 -9999.000 -335.206 -437.245 -539.299 -639.298 -732.059 -809.326 -863.215 -893.644 -907.232 -912.587 -914.623 -915.387 -915.672 -915.778 -915.817 -915.832 -915.837 -915.839 -915.840 -915.840 -915.840 -915.840 -915.839 -915.839 -915.839 -915.839 -915.839 -915.840 -915.840 -915.840 -915.841 -915.842 -915.844 -915.845 -915.848 -915.851 -915.855 -915.860 -915.865 -915.869 -915.870 -915.865 -915.849 -915.817 -915.760 -915.665 -915.521 -915.333 -915.489 -918.345 -916.496 -916.488 -916.612 -916.767 -916.947 -917.156 -917.397 -917.671 -917.983 -918.335 -918.731 -919.174 -919.668 -920.216 -920.821 -921.487 -922.217 -923.015 -923.885 -924.830 -925.854 -926.961 -928.156 -929.444 -930.829 -932.316 -933.913 -935.625 -937.460 -939.426 -941.534 -943.795 -946.222 -948.830 -951.638 -954.668 -957.946 -961.505 -965.385 -969.637 -974.326 -979.539 -985.389 -992.039 -999.717 -1008.778 -1019.795 -1033.846 -1053.527 -1088.187 -9999.000 -9999.000
-9999.000 -9999.000 -9999.000 -9999.000 -9999.000 -9999.000 -9999.000 -9999.000 -9999.000 -9999.000 -9999.000 -9999.000 -9999.000 -9999.000 -9999.000 -9999.000 -9999.000 -9999.000 -9999.000 -9999.000 -9999.000 -9999.000 -9999.000 -9999.000 -9999.000 -9999.000 -9999.000 -9999.000 -9999.000 -9999.000 -9999.000 -9999.000 -9999.000 -9999.000 -9999.000 -9999.000 -9999.000 -9999.000 -9999.000 -9999.000 -9999.000 -9999.000 -9999.000 -9999.000 -9999.000 -9999.000 -9999.000 -9999.000 -9999.000 -9999.000 -9999.000 -9999.000 -9999.000 -9999.000 -9999.000 -9999.000 -9999.000 -9999.000 -9999.000 -9999.000 -9999.000 -9999.000 -9999.000 -9999.000 -9999.000 -9999.000 -9999.000 -9999.000 -9999.000 -9999.000 -9999.000 -9999.000 -9999.000 -9999.000 -9999.000 -9999.000 -9999.000 -9999.000 -9999.000 -9999.000 -9999.000 -9999.000 -9999.000 -9999.000 -9999.000 -9999.000 -9999.000 -9999.000 -9999.000 -9999.000 -9999.000 -9999.000 -9999.000 -9999.000 -9999.000 -9999.000 -9999.000 -9999.000 -9999.000 -9999.000 -9999.000 -9999.000 -9999.000 -9999.000
-9999.000 -9999.000 -9999.000 -9999.000 -9999.000 -9999.000 -9999.000 -9999.000 -9999.000 -9999.000 -9999.000 -9999.000 -9999.000 -9999.000 -9999.000 -9999.000 -9999.000 -9999.000 -9999.000 -9999.000 -9999.000 -9999.000 -9999.000 -9999.000 -9999.000 -9999.000 -9999.000 -9999.000 -9999.000 -9999.000 -9999.000 -9999.000 -9999.000 -9999.000 -9999.000 -9999.000 -9999.000 -9999.000 -9999.000 -9999.000 -9999.000 -9999.000 -9999.000 -9999.000 -9999.000 -9999.000 -9999.000 -9999.000 -9999.000 -9999.000 -9999.000 -9999.000 -9999.000 -9999.000 -9999.000 -9999.000 -9999.000 -9999.000 -9999.000 -9999.000 -9999.000 -9999.000 -9999.000 -9999.000 -9999.000 -9999.000 -9999.000 -9999.000 -9999.000 -9999.000 -9999.000 -9999.000 -9999.000 -9999.000 -9999.000 -9999.000 -9999.000 -9999.000 -9999.000 -9999.000 -9999.000 -9999.000 -9999.000 -9999.000 -9999.000 -9999.000 -9999.000 -9999.000 -9999.000 -9999.000 -9999.000 -9999.000 -9999.000 -9999.000 -9999.000 -9999.000 -9999.000 -9999.000 -9999.000 -9999.000 -9999.000 -9999.000 -9999.000 -9999.000