examples/3D/hillslope02_superslab/output-maps-METEOIO-ON/psiliqL0097N0001.asc
ncols         104
nrows         10
xllcorner     -2.000000
yllcorner     0.000000
cellsize      1.000000
NODATA_value  -9999.0
-9999.000 -9999.000 -9999.000 -9999.000 -9999.000 -9999.000 -9999.000 -9999.000 -9999.000 -9999.000 -9999.000 -9999.000 -9999.000 -9999.000 -9999.000 -9999.000 -9999.000 -9999.000 -9999.000 -9999.000 -9999.000 -9999.000 -9999.000 -9999.000 -9999.000 -9999.000 -9999.000 -9999.000 -9999.000 -9999.000 -9999.000 -9999.000 -9999.000 -9999.000 -9999.000 -9999.000 -9999.000 -9999.000 -9999.000 -9999.000 -9999.000 -9999.000 -9999.000 -9999.000 -9999.000 -9999.000 -9999.000 -9999.000 -9999.000 -9999.000 -9999.000 -9999.000 -9999.000 -9999.000 -9999.000 -9999.000 -9999.000 -9999.000 -9999.000 -9999.000 -9999.000 -9999.000 -9999.000 -9999.000 -9999.000 -9999.000 -9999.000 -9999.000 -9999.000 -9999.000 -9999.000 -9999.000 -9999.000 -9999.000 -9999.000 -9999.000 -9999.000 -9999.000 -9999.000 -9999.000 -9999.000 -9999.000 -9999.000 -9999.000 -9999.000 -9999.000 -9999.000 -9999.000 -9999.000 -9999.000 -9999.000 -9999.000 -9999.000 -9999.000 -9999.000 -9999.000 -9999.000 -9999.000 -9999.000 -9999.000 -9999.000 -9999.000 -9999.000 -9999.000
-9999.000 -9999.000 -9999.000 -9999.000 -9999.000 -9999.000 -9999.000 -9999.000 -9999.000 -9999.000 -9999.000 -9999.000 -9999.000 -9999.000 -9999.000 -9999.000 -9999.000 -9999.000 -9999.000 -9999.000 -9999.000 -9999.000 -9999.000 -9999.000 -9999.000 -9999.000 -9999.000 -9999.000 -9999.000 -9999.000 -9999.000 -9999.000 -9999.000 -9999.000 -9999.000 -9999.000 -9999.000 -9999.000 -9999.000 -9999.000 -9999.000 -9999.000 -9999.000 -9999.000 -9999.000 -9999.000 -9999.000 -9999.000 -9999.000 -9999.000 -9999.000 -9999.000 -9999.000 -9999.000 -9999.000 -9999.000 -9999.000 -9999.000 -9999.000 -9999.000 -9999.000 -9999.000 -9999.000 -9999.000 -9999.000 -9999.000 -9999.000 -9999.000 -9999.000 -9999.000 -9999.000 -9999.000 -9999.000 -9999.000 -9999.000 -9999.000 -9999.000 -9999.000 -9999.000 -9999.000 -9999.000 -9999.000 -9999.000 -9999.000 -9999.000 -9999.000 -9999.000 -9999.000 -9999.000 -9999.000 -9999.000 -9999.000 -9999.000 -9999.000 -9999.000 -9999.000 -9999.000 -9999.000 -9999.000 -9999.000 -9999.000 -9999.000 -9999.000 -9999.000
-9999.000 -9999.000 223.630 127.796 38.406 -40.387 -102.294 -141.949 -161.187 -168.825 -171.667 -172.697 -173.065 -173.196 -173.242 -173.259 -173.264 -173.266 -173.267 -173.267 -173.267 -173.267 -173.267 -173.267 -173.267 -173.267 -173.267 -173.267 -173.267 -173.266 -173.266 -173.266 -173.266 -173.265 -173.265 -173.265 -173.264 -173.264 -173.263 -173.263 -173.263 -173.263 -173.262 -173.262 -173.262 -173.263 -173.263 -173.265 -173.268 -173.272 -173.280 -173.289 -173.278 -173.273 -173.272 -173.273 -173.275 -173.279 -173.285 -173.294 -173.306 -173.324 -173.350 -173.385 -173.433 -173.498 -173.586 -173.701 -173.850 -174.043 -174.287 -174.593 -174.972 -175.436 -175.997 -176.669 -177.465 -178.398 -179.484 -180.736 -182.169 -183.799 -185.640 -187.711 -190.028 -192.614 -195.490 -198.685 -202.232 -206.170 -210.549 -215.433 -220.906 -227.075 -234.093 -242.171 -251.621 -262.923 -276.875 -294.929 -320.155 -360.928 -9999.000 -9999.000
-9999.000 -9999.000 223.630 127.796 38.406 -40.387 -102.294 -141.949 -161.187 -168.825 -171.667 -172.697 -173.065 -173.196 -173.242 -173.259 -173.264 -173.266 -173.267 -173.267 -173.267 -173.267 -173.267 -173.267 -173.267 -173.267 -173.267 -173.267 -173.267 -173.266 -173.266 -173.266 -173.266 -173.265 -173.265 -173.265 -173.264 -173.264 -173.263 -173.263 -173.263 -173.263 -173.262 -173.262 -173.262 -173.263 -173.263 -173.265 -173.268 -173.272 -173.280 -173.289 -173.278 -173.273 -173.272 -173.273 -173.275 -173.279 -173.285 -173.294 -173.306 -173.324 -173.350 -173.385 -173.433 -173.498 -173.586 -173.701 -173.850 -174.043 -174.287 -174.593 -174.972 -175.436 -175.997 -176.669 -177.465 -178.398 -179.484 -180.736 -182.169 -183.799 -185.640 -187.711 -190.028 -192.614 -195.490 -198.685 -202.232 -206.170 -210.549 -215.433 -220.906 -227.075 -234.093 -242.171 -251.621 -262.923 -276.875 -294.929 -320.155 -360.928 -9999.000 -9999.000
-9999.000 -9999.000 223.630 127.796 38.406 -40.387 -102.294 -141.949 -161.187 -168.825 -171.667 -172.697 -173.065 -173.196 -173.242 -173.259 -173.264 -173.266 -173.267 -173.267 -173.267 -173.267 -173.267 -173.267 -173.267 -173.267 -173.267 -173.267 -173.267 -173.266 -173.266 -173.266 -173.266 -173.265 -173.265 -173.265 -173.264 -173.264 -173.263 -173.263 -173.263 -173.263 -173.262 -173.262 -173.262 -173.263 -173.263 -173.265 -173.268 -173.272 -173.280 -173.289 -173.278 -173.273 -173.272 -173.273 -173.275 -173.279 -173.285 -173.294 -173.306 -173.324 -173.350 -173.385 -173.433 -173.498 -173.586 -173.701 -173.850 -174.043 -174.287 -174.593 -174.972 -175.436 -175.997 -176.669 -177.465 -178.398 -179.484 -180.736 -182.169 -183.799 -185.640 -187.711 -190.028 -192.614 -195.490 -198.685 -202.232 -206.170 -210.549 -215.433 -220.906 -227.075 -234.093 -242.171 -251.621 -262.923 -276.875 -294.929 -320.155 -360.928 -9999.000 -9999.000
-9999.000 -9999.000 223.630 127.796 38.406 -40.387 -102.294 -141.949 -161.187 -168.825 -171.667 -172.697 -173.065 -173.196 -173.242 -173.259 -173.264 -173.266 -173.267 -173.267 -173.267 -173.267 -173.267 -173.267 -173.267 -173.267 -173.267 -173.267 -173.267 -173.266 -173.266 -173.266 -173.266 -173.265 -173.265 -173.265 -173.264 -173.264 -173.263 -173.263 -173.263 -173.263 -173.262 -173.262 -173.262 -173.263 -173.263 -173.265 -173.268 -173.272 -173.280 -173.289 -173.278 -173.273 -173.272 -173.273 -173.275 -173.279 -173.285 -173.294 -173.306 -173.324 -173.350 -173.385 -173.433 -173.498 -173.586 -173.701 -173.850 -174.043 -174.287 -174.593 -174.972 -175.436 -175.997 -176.669 -177.465 -178.398 -179.484 -180.736 -182.169 -183.799 -185.640 -187.711 -190.028 -192.614 -195.490 -198.685 -202.232 -206.170 -210.549 -215.433 -220.906 -227.075 -234.093 -242.171 -251.621 -262.923 -276.875 -294.929 -320.155 -360.928 -9999.000 -9999.000
-9999.000 -9999.000 223.630 127.796 38.406 -40.387 -102.294 -141.949 -161.187 -168.825 -171.667 -172.697 -173.065 -173.196 -173.242 -173.259 -173.264 -173.266 -173.267 -173.267 -173.267 -173.267 -173.267 -173.267 -173.267 -173.267 -173.267 -173.267 -173.267 -173.266 -173.266 -173.266 -173.266 -173.265 -173.265 -173.265 -173.264 -173.264 -173.263 -173.263 -173.263 -173.263 -173.262 -173.262 -173.262 -173.263 -173.263 -173.265 -173.268 -173.272 -173.280 -173.289 -173.278 -173.273 -173.272 -173.273 -173.275 -173.279 -173.285 -173.294 -173.306 -173.324 -173.350 -173.385 -173.433 -173.498 -173.586 -173.701 -173.850 -174.043 -174.287 -174.593 -174.972 -175.436 -175.997 -176.669 -177.465 -178.398 -179.484 -180.736 -182.169 -183.799 -185.640 -187.711 -190.028 -192.614 -195.490 -198.685 -202.232 -206.170 -210.549 -215.433 -220.906 -227.075 -234.093 -242.171 -251.621 -262.923 -276.875 -294.929 -320.155 -360.928 -9999.000 -9999.000
-9999.000 -9999.000 223.630 127.796 38.406 -40.387 -102.294 -141.949 -161.187 -168.825 -171.667 -172.697 -173.065 -173.196 -173.242 -173.259 -173.264 -173.266 -173.267 -173.267 -173.267 -173.267 -173.267 -173.267 -173.267 -173.267 -173.267 -173.267 -173.267 -173.266 -173.266 -173.266 -173.266 -173.265 -173.265 -173.265 -173.264 -173.264 -173.263 -173.263 -173.263 -173.263 -173.262 -173.262 -173.262 -173.263 -173.263 -173.265 -173.268 -173.272 -173.280 -173.289 -173.278 -173.273 -173.272 -173.273 -173.275 -173.279 -173.285 -173.294 -173.306 -173.324 -173.350 -173.385 -173.433 -173.498 -173.586 -173.701 -173.850 -174.043 -174.287 -174.593 -174.972 -175.436 -175.997 -176.669 -177.465 -178.398 -179.484 -180.736 -182.169 -183.799 -185.640 -187.711 -190.028 -192.614 -195.490 -198.685 -202.232 -206.170 -210.549 -215.433 -220.906 -227.075 -234.093 -242.171 -251.621 -262.923 -276.875 -294.929 -320.155 -360.928 -9999.000 -9999.000
-9999.000 -9999.000 -9999.000 -9999.000 -9999.000 -9999.000 -9999.000 -9999.000 -9999.000 -9999.000 -9999.000 -9999.000 -9999.000 -9999.000 -9999.000 -9999.000 -9999.000 -9999.000 -9999.000 -9999.000 -9999.000 -9999.000 -9999.000 -9999.000 -9999.000 -9999.000 -9999.000 -9999.000 -9999.000 -9999.000 -9999.000 -9999.000 -9999.000 -9999.000 -9999.000 -9999.000 -9999.000 -9999.000 -9999.000 -9999.000 -9999.000 -9999.000 -9999.000 -9999.000 -9999.000 -9999.000 -9999.000 -9999.000 -9999.000 -9999.000 -9999.000 -9999.000 -9999.000 -9999.000 -9999.000 -9999.000 -9999.000 -9999.000 -9999.000 -9999.000 -9999.000 -9999.000 -9999.000 -9999.000 -9999.000 -9999.000 -9999.000 -9999.000 -9999.000 -9999.000 -9999.000 -9999.000 -9999.000 -9999.000 -9999.000 -9999.000 -9999.000 -9999.000 -9999.000 -9999.000 -9999.000 -9999.000 -9999.000 -9999.000 -9999.000 -9999.000 -9999.000 -9999.000 -9999.000 -9999.000 -9999.000 -9999.000 -9999.000 -9999.000 -9999.000 -9999.000 -9999.000 -9999.000 -9999.000 -9999.000 -9999.000 -9999.000 -9999.000 -9999.000
-9999.000 -9999.000 -9999.000 -9999.000 -9999.000 -9999.000 -9999.000 -9999.000 -9999.000 -9999.000 -9999.000 -9999.000 -9999.000 -9999.000 -9999.000 -9999.000 -9999.000 -9999.000 -9999.000 -9999.000 -9999.000 -9999.000 -9999.000 -9999.000 -9999.000 -9999.000 -9999.000 -9999.000 -9999.000 -9999.000 -9999.000 -9999.000 -9999.000 -9999.000 -9999.000 -9999.000 -9999.000 -9999.000 -9999.000 -9999.000 -9999.000 -9999.000 -9999.000 -9999.000 -9999.000 -9999.000 -9999.000 -9999.000 -9999.000 -9999.000 -9999.000 -9999.000 -9999.000 -9999.000 -9999.000 -9999.000 -9999.000 -9999.000 -9999.000 -9999.000 -9999.000 -9999.000 -9999.000 -9999.000 -9999.000 -9999.000 -9999.000 -9999.000 -9999.000 -9999.000 -9999.000 -9999.000 -9999.000 -9999.000 -9999.000 -9999.000 -9999.000 -9999.000 -9999.000 -9999.000 -9999.000 -9999.000 -9999.000 -9999.000 -9999.000 -9999.000 -9999.000 -9999.000 -9999.000 -9999.000 -9999.000 -9999.000 -9999.000 -9999.000 -9999.000 -9999.000 -9999.000 -9999.000 -9999.000 -9999.000 -9999.000 -9999.000 -9999.000 -9999.000