examples/3D/hillslope02_superslab/output-maps-METEOIO-ON/psiliqL0047N0003.asc
ncols         104
nrows         10
xllcorner     -2.000000
yllcorner     0.000000
cellsize      1.000000
NODATA_value  -9999.0
-9999.000 -9999.000 -9999.000 -9999.000 -9999.000 -9999.000 -9999.000 -9999.000 -9999.000 -9999.000 -9999.000 -9999.000 -9999.000 -9999.000 -9999.000 -9999.000 -9999.000 -9999.000 -9999.000 -9999.000 -9999.000 -9999.000 -9999.000 -9999.000 -9999.000 -9999.000 -9999.000 -9999.000 -9999.000 -9999.000 -9999.000 -9999.000 -9999.000 -9999.000 -9999.000 -9999.000 -9999.000 -9999.000 -9999.000 -9999.000 -9999.000 -9999.000 -9999.000 -9999.000 -9999.000 -9999.000 -9999.000 -9999.000 -9999.000 -9999.000 -9999.000 -9999.000 -9999.000 -9999.000 -9999.000 -9999.000 -9999.000 -9999.000 -9999.000 -9999.000 -9999.000 -9999.000 -9999.000 -9999.000 -9999.000 -9999.000 -9999.000 -9999.000 -9999.000 -9999.000 -9999.000 -9999.000 -9999.000 -9999.000 -9999.000 -9999.000 -9999.000 -9999.000 -9999.000 -9999.000 -9999.000 -9999.000 -9999.000 -9999.000 -9999.000 -9999.000 -9999.000 -9999.000 -9999.000 -9999.000 -9999.000 -9999.000 -9999.000 -9999.000 -9999.000 -9999.000 -9999.000 -9999.000 -9999.000 -9999.000 -9999.000 -9999.000 -9999.000 -9999.000
-9999.000 -9999.000 -9999.000 -9999.000 -9999.000 -9999.000 -9999.000 -9999.000 -9999.000 -9999.000 -9999.000 -9999.000 -9999.000 -9999.000 -9999.000 -9999.000 -9999.000 -9999.000 -9999.000 -9999.000 -9999.000 -9999.000 -9999.000 -9999.000 -9999.000 -9999.000 -9999.000 -9999.000 -9999.000 -9999.000 -9999.000 -9999.000 -9999.000 -9999.000 -9999.000 -9999.000 -9999.000 -9999.000 -9999.000 -9999.000 -9999.000 -9999.000 -9999.000 -9999.000 -9999.000 -9999.000 -9999.000 -9999.000 -9999.000 -9999.000 -9999.000 -9999.000 -9999.000 -9999.000 -9999.000 -9999.000 -9999.000 -9999.000 -9999.000 -9999.000 -9999.000 -9999.000 -9999.000 -9999.000 -9999.000 -9999.000 -9999.000 -9999.000 -9999.000 -9999.000 -9999.000 -9999.000 -9999.000 -9999.000 -9999.000 -9999.000 -9999.000 -9999.000 -9999.000 -9999.000 -9999.000 -9999.000 -9999.000 -9999.000 -9999.000 -9999.000 -9999.000 -9999.000 -9999.000 -9999.000 -9999.000 -9999.000 -9999.000 -9999.000 -9999.000 -9999.000 -9999.000 -9999.000 -9999.000 -9999.000 -9999.000 -9999.000 -9999.000 -9999.000
-9999.000 -9999.000 -2637.031 -2646.375 -2647.764 -2648.226 -2648.406 -2648.475 -2648.501 -2648.510 -2648.513 -2648.514 -2648.515 -2648.515 -2648.515 -2648.515 -2648.515 -2648.515 -2648.515 -2648.515 -2648.515 -2648.515 -2648.515 -2648.516 -2648.517 -2648.521 -2648.528 -2648.544 -2648.570 -2648.610 -2648.665 -2648.729 -2648.793 -2648.668 -2648.542 -2648.446 -2648.320 -2648.369 -2648.435 -2648.478 -2648.504 -2648.519 -2648.525 -2648.527 -2648.526 -2648.525 -2648.523 -2648.521 -2648.520 -2648.519 -2648.519 -2648.523 -2648.516 -2648.515 -2648.515 -2648.515 -2648.515 -2648.515 -2648.515 -2648.515 -2648.515 -2648.515 -2648.515 -2648.515 -2648.515 -2648.515 -2648.515 -2648.515 -2648.515 -2648.515 -2648.515 -2648.515 -2648.515 -2648.515 -2648.515 -2648.516 -2648.516 -2648.516 -2648.516 -2648.517 -2648.517 -2648.517 -2648.518 -2648.519 -2648.519 -2648.520 -2648.522 -2648.523 -2648.525 -2648.527 -2648.529 -2648.532 -2648.535 -2648.539 -2648.544 -2648.551 -2648.558 -2648.568 -2648.580 -2648.605 -2648.915 -2655.675 -9999.000 -9999.000
-9999.000 -9999.000 -2637.031 -2646.375 -2647.764 -2648.226 -2648.406 -2648.475 -2648.501 -2648.510 -2648.513 -2648.514 -2648.515 -2648.515 -2648.515 -2648.515 -2648.515 -2648.515 -2648.515 -2648.515 -2648.515 -2648.515 -2648.515 -2648.516 -2648.517 -2648.521 -2648.528 -2648.544 -2648.570 -2648.610 -2648.665 -2648.729 -2648.793 -2648.668 -2648.542 -2648.446 -2648.320 -2648.369 -2648.435 -2648.478 -2648.504 -2648.519 -2648.525 -2648.527 -2648.526 -2648.525 -2648.523 -2648.521 -2648.520 -2648.519 -2648.519 -2648.523 -2648.516 -2648.515 -2648.515 -2648.515 -2648.515 -2648.515 -2648.515 -2648.515 -2648.515 -2648.515 -2648.515 -2648.515 -2648.515 -2648.515 -2648.515 -2648.515 -2648.515 -2648.515 -2648.515 -2648.515 -2648.515 -2648.515 -2648.515 -2648.516 -2648.516 -2648.516 -2648.516 -2648.517 -2648.517 -2648.517 -2648.518 -2648.519 -2648.519 -2648.520 -2648.522 -2648.523 -2648.525 -2648.527 -2648.529 -2648.532 -2648.535 -2648.539 -2648.544 -2648.551 -2648.558 -2648.568 -2648.580 -2648.605 -2648.915 -2655.675 -9999.000 -9999.000
-9999.000 -9999.000 -2637.031 -2646.375 -2647.764 -2648.226 -2648.406 -2648.475 -2648.501 -2648.510 -2648.513 -2648.514 -2648.515 -2648.515 -2648.515 -2648.515 -2648.515 -2648.515 -2648.515 -2648.515 -2648.515 -2648.515 -2648.515 -2648.516 -2648.517 -2648.521 -2648.528 -2648.544 -2648.570 -2648.610 -2648.665 -2648.729 -2648.793 -2648.668 -2648.542 -2648.446 -2648.320 -2648.369 -2648.435 -2648.478 -2648.504 -2648.519 -2648.525 -2648.527 -2648.526 -2648.525 -2648.523 -2648.521 -2648.520 -2648.519 -2648.519 -2648.523 -2648.516 -2648.515 -2648.515 -2648.515 -2648.515 -2648.515 -2648.515 -2648.515 -2648.515 -2648.515 -2648.515 -2648.515 -2648.515 -2648.515 -2648.515 -2648.515 -2648.515 -2648.515 -2648.515 -2648.515 -2648.515 -2648.515 -2648.515 -2648.516 -2648.516 -2648.516 -2648.516 -2648.517 -2648.517 -2648.517 -2648.518 -2648.519 -2648.519 -2648.520 -2648.522 -2648.523 -2648.525 -2648.527 -2648.529 -2648.532 -2648.535 -2648.539 -2648.544 -2648.551 -2648.558 -2648.568 -2648.580 -2648.605 -2648.915 -2655.675 -9999.000 -9999.000
-9999.000 -9999.000 -2637.031 -2646.375 -2647.764 -2648.226 -2648.406 -2648.475 -2648.501 -2648.510 -2648.513 -2648.514 -2648.515 -2648.515 -2648.515 -2648.515 -2648.515 -2648.515 -2648.515 -2648.515 -2648.515 -2648.515 -2648.515 -2648.516 -2648.517 -2648.521 -2648.528 -2648.544 -2648.570 -2648.610 -2648.665 -2648.729 -2648.793 -2648.668 -2648.542 -2648.446 -2648.320 -2648.369 -2648.435 -2648.478 -2648.504 -2648.519 -2648.525 -2648.527 -2648.526 -2648.525 -2648.523 -2648.521 -2648.520 -2648.519 -2648.519 -2648.523 -2648.516 -2648.515 -2648.515 -2648.515 -2648.515 -2648.515 -2648.515 -2648.515 -2648.515 -2648.515 -2648.515 -2648.515 -2648.515 -2648.515 -2648.515 -2648.515 -2648.515 -2648.515 -2648.515 -2648.515 -2648.515 -2648.515 -2648.515 -2648.516 -2648.516 -2648.516 -2648.516 -2648.517 -2648.517 -2648.517 -2648.518 -2648.519 -2648.519 -2648.520 -2648.522 -2648.523 -2648.525 -2648.527 -2648.529 -2648.532 -2648.535 -2648.539 -2648.544 -2648.551 -2648.558 -2648.568 -2648.580 -2648.605 -2648.915 -2655.675 -9999.000 -9999.000
-9999.000 -9999.000 -2637.031 -2646.375 -2647.764 -2648.226 -2648.406 -2648.475 -2648.501 -2648.510 -2648.513 -2648.514 -2648.515 -2648.515 -2648.515 -2648.515 -2648.515 -2648.515 -2648.515 -2648.515 -2648.515 -2648.515 -2648.515 -2648.516 -2648.517 -2648.521 -2648.528 -2648.544 -2648.570 -2648.610 -2648.665 -2648.729 -2648.793 -2648.668 -2648.542 -2648.446 -2648.320 -2648.369 -2648.435 -2648.478 -2648.504 -2648.519 -2648.525 -2648.527 -2648.526 -2648.525 -2648.523 -2648.521 -2648.520 -2648.519 -2648.519 -2648.523 -2648.516 -2648.515 -2648.515 -2648.515 -2648.515 -2648.515 -2648.515 -2648.515 -2648.515 -2648.515 -2648.515 -2648.515 -2648.515 -2648.515 -2648.515 -2648.515 -2648.515 -2648.515 -2648.515 -2648.515 -2648.515 -2648.515 -2648.515 -2648.516 -2648.516 -2648.516 -2648.516 -2648.517 -2648.517 -2648.517 -2648.518 -2648.519 -2648.519 -2648.520 -2648.522 -2648.523 -2648.525 -2648.527 -2648.529 -2648.532 -2648.535 -2648.539 -2648.544 -2648.551 -2648.558 -2648.568 -2648.580 -2648.605 -2648.915 -2655.675 -9999.000 -9999.000
-9999.000 -9999.000 -2637.031 -2646.375 -2647.764 -2648.226 -2648.406 -2648.475 -2648.501 -2648.510 -2648.513 -2648.514 -2648.515 -2648.515 -2648.515 -2648.515 -2648.515 -2648.515 -2648.515 -2648.515 -2648.515 -2648.515 -2648.515 -2648.516 -2648.517 -2648.521 -2648.528 -2648.544 -2648.570 -2648.610 -2648.665 -2648.729 -2648.793 -2648.668 -2648.542 -2648.446 -2648.320 -2648.369 -2648.435 -2648.478 -2648.504 -2648.519 -2648.525 -2648.527 -2648.526 -2648.525 -2648.523 -2648.521 -2648.520 -2648.519 -2648.519 -2648.523 -2648.516 -2648.515 -2648.515 -2648.515 -2648.515 -2648.515 -2648.515 -2648.515 -2648.515 -2648.515 -2648.515 -2648.515 -2648.515 -2648.515 -2648.515 -2648.515 -2648.515 -2648.515 -2648.515 -2648.515 -2648.515 -2648.515 -2648.515 -2648.516 -2648.516 -2648.516 -2648.516 -2648.517 -2648.517 -2648.517 -2648.518 -2648.519 -2648.519 -2648.520 -2648.522 -2648.523 -2648.525 -2648.527 -2648.529 -2648.532 -2648.535 -2648.539 -2648.544 -2648.551 -2648.558 -2648.568 -2648.580 -2648.605 -2648.915 -2655.675 -9999.000 -9999.000
-9999.000 -9999.000 -9999.000 -9999.000 -9999.000 -9999.000 -9999.000 -9999.000 -9999.000 -9999.000 -9999.000 -9999.000 -9999.000 -9999.000 -9999.000 -9999.000 -9999.000 -9999.000 -9999.000 -9999.000 -9999.000 -9999.000 -9999.000 -9999.000 -9999.000 -9999.000 -9999.000 -9999.000 -9999.000 -9999.000 -9999.000 -9999.000 -9999.000 -9999.000 -9999.000 -9999.000 -9999.000 -9999.000 -9999.000 -9999.000 -9999.000 -9999.000 -9999.000 -9999.000 -9999.000 -9999.000 -9999.000 -9999.000 -9999.000 -9999.000 -9999.000 -9999.000 -9999.000 -9999.000 -9999.000 -9999.000 -9999.000 -9999.000 -9999.000 -9999.000 -9999.000 -9999.000 -9999.000 -9999.000 -9999.000 -9999.000 -9999.000 -9999.000 -9999.000 -9999.000 -9999.000 -9999.000 -9999.000 -9999.000 -9999.000 -9999.000 -9999.000 -9999.000 -9999.000 -9999.000 -9999.000 -9999.000 -9999.000 -9999.000 -9999.000 -9999.000 -9999.000 -9999.000 -9999.000 -9999.000 -9999.000 -9999.000 -9999.000 -9999.000 -9999.000 -9999.000 -9999.000 -9999.000 -9999.000 -9999.000 -9999.000 -9999.000 -9999.000 -9999.000
-9999.000 -9999.000 -9999.000 -9999.000 -9999.000 -9999.000 -9999.000 -9999.000 -9999.000 -9999.000 -9999.000 -9999.000 -9999.000 -9999.000 -9999.000 -9999.000 -9999.000 -9999.000 -9999.000 -9999.000 -9999.000 -9999.000 -9999.000 -9999.000 -9999.000 -9999.000 -9999.000 -9999.000 -9999.000 -9999.000 -9999.000 -9999.000 -9999.000 -9999.000 -9999.000 -9999.000 -9999.000 -9999.000 -9999.000 -9999.000 -9999.000 -9999.000 -9999.000 -9999.000 -9999.000 -9999.000 -9999.000 -9999.000 -9999.000 -9999.000 -9999.000 -9999.000 -9999.000 -9999.000 -9999.000 -9999.000 -9999.000 -9999.000 -9999.000 -9999.000 -9999.000 -9999.000 -9999.000 -9999.000 -9999.000 -9999.000 -9999.000 -9999.000 -9999.000 -9999.000 -9999.000 -9999.000 -9999.000 -9999.000 -9999.000 -9999.000 -9999.000 -9999.000 -9999.000 -9999.000 -9999.000 -9999.000 -9999.000 -9999.000 -9999.000 -9999.000 -9999.000 -9999.000 -9999.000 -9999.000 -9999.000 -9999.000 -9999.000 -9999.000 -9999.000 -9999.000 -9999.000 -9999.000 -9999.000 -9999.000 -9999.000 -9999.000 -9999.000 -9999.000