examples/3D/hillslope02_superslab/output-maps-METEOIO-ON/psiliqL0078N0002.asc
ncols         104
nrows         10
xllcorner     -2.000000
yllcorner     0.000000
cellsize      1.000000
NODATA_value  -9999.0
-9999.000 -9999.000 -9999.000 -9999.000 -9999.000 -9999.000 -9999.000 -9999.000 -9999.000 -9999.000 -9999.000 -9999.000 -9999.000 -9999.000 -9999.000 -9999.000 -9999.000 -9999.000 -9999.000 -9999.000 -9999.000 -9999.000 -9999.000 -9999.000 -9999.000 -9999.000 -9999.000 -9999.000 -9999.000 -9999.000 -9999.000 -9999.000 -9999.000 -9999.000 -9999.000 -9999.000 -9999.000 -9999.000 -9999.000 -9999.000 -9999.000 -9999.000 -9999.000 -9999.000 -9999.000 -9999.000 -9999.000 -9999.000 -9999.000 -9999.000 -9999.000 -9999.000 -9999.000 -9999.000 -9999.000 -9999.000 -9999.000 -9999.000 -9999.000 -9999.000 -9999.000 -9999.000 -9999.000 -9999.000 -9999.000 -9999.000 -9999.000 -9999.000 -9999.000 -9999.000 -9999.000 -9999.000 -9999.000 -9999.000 -9999.000 -9999.000 -9999.000 -9999.000 -9999.000 -9999.000 -9999.000 -9999.000 -9999.000 -9999.000 -9999.000 -9999.000 -9999.000 -9999.000 -9999.000 -9999.000 -9999.000 -9999.000 -9999.000 -9999.000 -9999.000 -9999.000 -9999.000 -9999.000 -9999.000 -9999.000 -9999.000 -9999.000 -9999.000 -9999.000
-9999.000 -9999.000 -9999.000 -9999.000 -9999.000 -9999.000 -9999.000 -9999.000 -9999.000 -9999.000 -9999.000 -9999.000 -9999.000 -9999.000 -9999.000 -9999.000 -9999.000 -9999.000 -9999.000 -9999.000 -9999.000 -9999.000 -9999.000 -9999.000 -9999.000 -9999.000 -9999.000 -9999.000 -9999.000 -9999.000 -9999.000 -9999.000 -9999.000 -9999.000 -9999.000 -9999.000 -9999.000 -9999.000 -9999.000 -9999.000 -9999.000 -9999.000 -9999.000 -9999.000 -9999.000 -9999.000 -9999.000 -9999.000 -9999.000 -9999.000 -9999.000 -9999.000 -9999.000 -9999.000 -9999.000 -9999.000 -9999.000 -9999.000 -9999.000 -9999.000 -9999.000 -9999.000 -9999.000 -9999.000 -9999.000 -9999.000 -9999.000 -9999.000 -9999.000 -9999.000 -9999.000 -9999.000 -9999.000 -9999.000 -9999.000 -9999.000 -9999.000 -9999.000 -9999.000 -9999.000 -9999.000 -9999.000 -9999.000 -9999.000 -9999.000 -9999.000 -9999.000 -9999.000 -9999.000 -9999.000 -9999.000 -9999.000 -9999.000 -9999.000 -9999.000 -9999.000 -9999.000 -9999.000 -9999.000 -9999.000 -9999.000 -9999.000 -9999.000 -9999.000
-9999.000 -9999.000 -546.664 -656.844 -768.155 -874.884 -967.532 -1036.529 -1078.612 -1099.811 -1108.540 -1111.876 -1113.125 -1113.589 -1113.761 -1113.824 -1113.847 -1113.856 -1113.859 -1113.860 -1113.860 -1113.860 -1113.860 -1113.860 -1113.860 -1113.860 -1113.860 -1113.860 -1113.860 -1113.860 -1113.860 -1113.860 -1113.860 -1113.860 -1113.860 -1113.861 -1113.861 -1113.862 -1113.862 -1113.861 -1113.856 -1113.843 -1113.817 -1113.769 -1113.685 -1113.549 -1113.335 -1113.009 -1112.786 -1113.158 -1113.774 -1116.885 -1114.253 -1114.128 -1114.176 -1114.246 -1114.331 -1114.431 -1114.549 -1114.687 -1114.847 -1115.031 -1115.244 -1115.486 -1115.762 -1116.074 -1116.426 -1116.820 -1117.261 -1117.751 -1118.294 -1118.894 -1119.555 -1120.280 -1121.075 -1121.943 -1122.890 -1123.920 -1125.038 -1126.252 -1127.567 -1128.991 -1130.532 -1132.200 -1134.006 -1135.962 -1138.082 -1140.385 -1142.892 -1145.626 -1148.621 -1151.915 -1155.558 -1159.615 -1164.173 -1169.353 -1175.326 -1182.355 -1190.867 -1201.681 -1217.012 -1246.427 -9999.000 -9999.000
-9999.000 -9999.000 -546.664 -656.844 -768.155 -874.884 -967.532 -1036.529 -1078.612 -1099.811 -1108.540 -1111.876 -1113.125 -1113.589 -1113.761 -1113.824 -1113.847 -1113.856 -1113.859 -1113.860 -1113.860 -1113.860 -1113.860 -1113.860 -1113.860 -1113.860 -1113.860 -1113.860 -1113.860 -1113.860 -1113.860 -1113.860 -1113.860 -1113.860 -1113.860 -1113.861 -1113.861 -1113.862 -1113.862 -1113.861 -1113.856 -1113.843 -1113.817 -1113.769 -1113.685 -1113.549 -1113.335 -1113.009 -1112.786 -1113.158 -1113.774 -1116.885 -1114.253 -1114.128 -1114.176 -1114.246 -1114.331 -1114.431 -1114.549 -1114.687 -1114.847 -1115.031 -1115.244 -1115.486 -1115.762 -1116.074 -1116.426 -1116.820 -1117.261 -1117.751 -1118.294 -1118.894 -1119.555 -1120.280 -1121.075 -1121.943 -1122.890 -1123.920 -1125.038 -1126.252 -1127.567 -1128.991 -1130.532 -1132.200 -1134.006 -1135.962 -1138.082 -1140.385 -1142.892 -1145.626 -1148.621 -1151.915 -1155.558 -1159.615 -1164.173 -1169.353 -1175.326 -1182.355 -1190.867 -1201.681 -1217.012 -1246.427 -9999.000 -9999.000
-9999.000 -9999.000 -546.664 -656.844 -768.155 -874.884 -967.532 -1036.529 -1078.612 -1099.811 -1108.540 -1111.876 -1113.125 -1113.589 -1113.761 -1113.824 -1113.847 -1113.856 -1113.859 -1113.860 -1113.860 -1113.860 -1113.860 -1113.860 -1113.860 -1113.860 -1113.860 -1113.860 -1113.860 -1113.860 -1113.860 -1113.860 -1113.860 -1113.860 -1113.860 -1113.861 -1113.861 -1113.862 -1113.862 -1113.861 -1113.856 -1113.843 -1113.817 -1113.769 -1113.685 -1113.549 -1113.335 -1113.009 -1112.786 -1113.158 -1113.774 -1116.885 -1114.253 -1114.128 -1114.176 -1114.246 -1114.331 -1114.431 -1114.549 -1114.687 -1114.847 -1115.031 -1115.244 -1115.486 -1115.762 -1116.074 -1116.426 -1116.820 -1117.261 -1117.751 -1118.294 -1118.894 -1119.555 -1120.280 -1121.075 -1121.943 -1122.890 -1123.920 -1125.038 -1126.252 -1127.567 -1128.991 -1130.532 -1132.200 -1134.006 -1135.962 -1138.082 -1140.385 -1142.892 -1145.626 -1148.621 -1151.915 -1155.558 -1159.615 -1164.173 -1169.353 -1175.326 -1182.355 -1190.867 -1201.681 -1217.012 -1246.427 -9999.000 -9999.000
-9999.000 -9999.000 -546.664 -656.844 -768.155 -874.884 -967.532 -1036.529 -1078.612 -1099.811 -1108.540 -1111.876 -1113.125 -1113.589 -1113.761 -1113.824 -1113.847 -1113.856 -1113.859 -1113.860 -1113.860 -1113.860 -1113.860 -1113.860 -1113.860 -1113.860 -1113.860 -1113.860 -1113.860 -1113.860 -1113.860 -1113.860 -1113.860 -1113.860 -1113.860 -1113.861 -1113.861 -1113.862 -1113.862 -1113.861 -1113.856 -1113.843 -1113.817 -1113.769 -1113.685 -1113.549 -1113.335 -1113.009 -1112.786 -1113.158 -1113.774 -1116.885 -1114.253 -1114.128 -1114.176 -1114.246 -1114.331 -1114.431 -1114.549 -1114.687 -1114.847 -1115.031 -1115.244 -1115.486 -1115.762 -1116.074 -1116.426 -1116.820 -1117.261 -1117.751 -1118.294 -1118.894 -1119.555 -1120.280 -1121.075 -1121.943 -1122.890 -1123.920 -1125.038 -1126.252 -1127.567 -1128.991 -1130.532 -1132.200 -1134.006 -1135.962 -1138.082 -1140.385 -1142.892 -1145.626 -1148.621 -1151.915 -1155.558 -1159.615 -1164.173 -1169.353 -1175.326 -1182.355 -1190.867 -1201.681 -1217.012 -1246.427 -9999.000 -9999.000
-9999.000 -9999.000 -546.664 -656.844 -768.155 -874.884 -967.532 -1036.529 -1078.612 -1099.811 -1108.540 -1111.876 -1113.125 -1113.589 -1113.761 -1113.824 -1113.847 -1113.856 -1113.859 -1113.860 -1113.860 -1113.860 -1113.860 -1113.860 -1113.860 -1113.860 -1113.860 -1113.860 -1113.860 -1113.860 -1113.860 -1113.860 -1113.860 -1113.860 -1113.860 -1113.861 -1113.861 -1113.862 -1113.862 -1113.861 -1113.856 -1113.843 -1113.817 -1113.769 -1113.685 -1113.549 -1113.335 -1113.009 -1112.786 -1113.158 -1113.774 -1116.885 -1114.253 -1114.128 -1114.176 -1114.246 -1114.331 -1114.431 -1114.549 -1114.687 -1114.847 -1115.031 -1115.244 -1115.486 -1115.762 -1116.074 -1116.426 -1116.820 -1117.261 -1117.751 -1118.294 -1118.894 -1119.555 -1120.280 -1121.075 -1121.943 -1122.890 -1123.920 -1125.038 -1126.252 -1127.567 -1128.991 -1130.532 -1132.200 -1134.006 -1135.962 -1138.082 -1140.385 -1142.892 -1145.626 -1148.621 -1151.915 -1155.558 -1159.615 -1164.173 -1169.353 -1175.326 -1182.355 -1190.867 -1201.681 -1217.012 -1246.427 -9999.000 -9999.000
-9999.000 -9999.000 -546.664 -656.844 -768.155 -874.884 -967.532 -1036.529 -1078.612 -1099.811 -1108.540 -1111.876 -1113.125 -1113.589 -1113.761 -1113.824 -1113.847 -1113.856 -1113.859 -1113.860 -1113.860 -1113.860 -1113.860 -1113.860 -1113.860 -1113.860 -1113.860 -1113.860 -1113.860 -1113.860 -1113.860 -1113.860 -1113.860 -1113.860 -1113.860 -1113.861 -1113.861 -1113.862 -1113.862 -1113.861 -1113.856 -1113.843 -1113.817 -1113.769 -1113.685 -1113.549 -1113.335 -1113.009 -1112.786 -1113.158 -1113.774 -1116.885 -1114.253 -1114.128 -1114.176 -1114.246 -1114.331 -1114.431 -1114.549 -1114.687 -1114.847 -1115.031 -1115.244 -1115.486 -1115.762 -1116.074 -1116.426 -1116.820 -1117.261 -1117.751 -1118.294 -1118.894 -1119.555 -1120.280 -1121.075 -1121.943 -1122.890 -1123.920 -1125.038 -1126.252 -1127.567 -1128.991 -1130.532 -1132.200 -1134.006 -1135.962 -1138.082 -1140.385 -1142.892 -1145.626 -1148.621 -1151.915 -1155.558 -1159.615 -1164.173 -1169.353 -1175.326 -1182.355 -1190.867 -1201.681 -1217.012 -1246.427 -9999.000 -9999.000
-9999.000 -9999.000 -9999.000 -9999.000 -9999.000 -9999.000 -9999.000 -9999.000 -9999.000 -9999.000 -9999.000 -9999.000 -9999.000 -9999.000 -9999.000 -9999.000 -9999.000 -9999.000 -9999.000 -9999.000 -9999.000 -9999.000 -9999.000 -9999.000 -9999.000 -9999.000 -9999.000 -9999.000 -9999.000 -9999.000 -9999.000 -9999.000 -9999.000 -9999.000 -9999.000 -9999.000 -9999.000 -9999.000 -9999.000 -9999.000 -9999.000 -9999.000 -9999.000 -9999.000 -9999.000 -9999.000 -9999.000 -9999.000 -9999.000 -9999.000 -9999.000 -9999.000 -9999.000 -9999.000 -9999.000 -9999.000 -9999.000 -9999.000 -9999.000 -9999.000 -9999.000 -9999.000 -9999.000 -9999.000 -9999.000 -9999.000 -9999.000 -9999.000 -9999.000 -9999.000 -9999.000 -9999.000 -9999.000 -9999.000 -9999.000 -9999.000 -9999.000 -9999.000 -9999.000 -9999.000 -9999.000 -9999.000 -9999.000 -9999.000 -9999.000 -9999.000 -9999.000 -9999.000 -9999.000 -9999.000 -9999.000 -9999.000 -9999.000 -9999.000 -9999.000 -9999.000 -9999.000 -9999.000 -9999.000 -9999.000 -9999.000 -9999.000 -9999.000 -9999.000
-9999.000 -9999.000 -9999.000 -9999.000 -9999.000 -9999.000 -9999.000 -9999.000 -9999.000 -9999.000 -9999.000 -9999.000 -9999.000 -9999.000 -9999.000 -9999.000 -9999.000 -9999.000 -9999.000 -9999.000 -9999.000 -9999.000 -9999.000 -9999.000 -9999.000 -9999.000 -9999.000 -9999.000 -9999.000 -9999.000 -9999.000 -9999.000 -9999.000 -9999.000 -9999.000 -9999.000 -9999.000 -9999.000 -9999.000 -9999.000 -9999.000 -9999.000 -9999.000 -9999.000 -9999.000 -9999.000 -9999.000 -9999.000 -9999.000 -9999.000 -9999.000 -9999.000 -9999.000 -9999.000 -9999.000 -9999.000 -9999.000 -9999.000 -9999.000 -9999.000 -9999.000 -9999.000 -9999.000 -9999.000 -9999.000 -9999.000 -9999.000 -9999.000 -9999.000 -9999.000 -9999.000 -9999.000 -9999.000 -9999.000 -9999.000 -9999.000 -9999.000 -9999.000 -9999.000 -9999.000 -9999.000 -9999.000 -9999.000 -9999.000 -9999.000 -9999.000 -9999.000 -9999.000 -9999.000 -9999.000 -9999.000 -9999.000 -9999.000 -9999.000 -9999.000 -9999.000 -9999.000 -9999.000 -9999.000 -9999.000 -9999.000 -9999.000 -9999.000 -9999.000