examples/3D/hillslope02_superslab/output-maps-METEOIO-ON/psiliqL0072N0003.asc
ncols         104
nrows         10
xllcorner     -2.000000
yllcorner     0.000000
cellsize      1.000000
NODATA_value  -9999.0
-9999.000 -9999.000 -9999.000 -9999.000 -9999.000 -9999.000 -9999.000 -9999.000 -9999.000 -9999.000 -9999.000 -9999.000 -9999.000 -9999.000 -9999.000 -9999.000 -9999.000 -9999.000 -9999.000 -9999.000 -9999.000 -9999.000 -9999.000 -9999.000 -9999.000 -9999.000 -9999.000 -9999.000 -9999.000 -9999.000 -9999.000 -9999.000 -9999.000 -9999.000 -9999.000 -9999.000 -9999.000 -9999.000 -9999.000 -9999.000 -9999.000 -9999.000 -9999.000 -9999.000 -9999.000 -9999.000 -9999.000 -9999.000 -9999.000 -9999.000 -9999.000 -9999.000 -9999.000 -9999.000 -9999.000 -9999.000 -9999.000 -9999.000 -9999.000 -9999.000 -9999.000 -9999.000 -9999.000 -9999.000 -9999.000 -9999.000 -9999.000 -9999.000 -9999.000 -9999.000 -9999.000 -9999.000 -9999.000 -9999.000 -9999.000 -9999.000 -9999.000 -9999.000 -9999.000 -9999.000 -9999.000 -9999.000 -9999.000 -9999.000 -9999.000 -9999.000 -9999.000 -9999.000 -9999.000 -9999.000 -9999.000 -9999.000 -9999.000 -9999.000 -9999.000 -9999.000 -9999.000 -9999.000 -9999.000 -9999.000 -9999.000 -9999.000 -9999.000 -9999.000
-9999.000 -9999.000 -9999.000 -9999.000 -9999.000 -9999.000 -9999.000 -9999.000 -9999.000 -9999.000 -9999.000 -9999.000 -9999.000 -9999.000 -9999.000 -9999.000 -9999.000 -9999.000 -9999.000 -9999.000 -9999.000 -9999.000 -9999.000 -9999.000 -9999.000 -9999.000 -9999.000 -9999.000 -9999.000 -9999.000 -9999.000 -9999.000 -9999.000 -9999.000 -9999.000 -9999.000 -9999.000 -9999.000 -9999.000 -9999.000 -9999.000 -9999.000 -9999.000 -9999.000 -9999.000 -9999.000 -9999.000 -9999.000 -9999.000 -9999.000 -9999.000 -9999.000 -9999.000 -9999.000 -9999.000 -9999.000 -9999.000 -9999.000 -9999.000 -9999.000 -9999.000 -9999.000 -9999.000 -9999.000 -9999.000 -9999.000 -9999.000 -9999.000 -9999.000 -9999.000 -9999.000 -9999.000 -9999.000 -9999.000 -9999.000 -9999.000 -9999.000 -9999.000 -9999.000 -9999.000 -9999.000 -9999.000 -9999.000 -9999.000 -9999.000 -9999.000 -9999.000 -9999.000 -9999.000 -9999.000 -9999.000 -9999.000 -9999.000 -9999.000 -9999.000 -9999.000 -9999.000 -9999.000 -9999.000 -9999.000 -9999.000 -9999.000 -9999.000 -9999.000
-9999.000 -9999.000 -720.226 -839.085 -961.982 -1082.831 -1192.889 -1281.809 -1343.598 -1379.957 -1398.138 -1405.959 -1409.016 -1410.182 -1410.624 -1410.791 -1410.854 -1410.878 -1410.887 -1410.891 -1410.892 -1410.894 -1410.895 -1410.896 -1410.898 -1410.900 -1410.903 -1410.906 -1410.910 -1410.915 -1410.922 -1410.929 -1410.938 -1410.949 -1410.962 -1410.977 -1410.993 -1411.010 -1411.024 -1411.030 -1411.021 -1410.983 -1410.899 -1410.740 -1410.449 -1410.127 -1410.244 -1410.429 -1410.732 -1411.158 -1411.730 -1414.082 -1412.336 -1412.265 -1412.418 -1412.607 -1412.817 -1413.046 -1413.296 -1413.569 -1413.865 -1414.187 -1414.535 -1414.911 -1415.317 -1415.754 -1416.223 -1416.728 -1417.268 -1417.847 -1418.467 -1419.129 -1419.836 -1420.591 -1421.396 -1422.255 -1423.170 -1424.146 -1425.186 -1426.295 -1427.478 -1428.741 -1430.090 -1431.532 -1433.076 -1434.732 -1436.511 -1438.428 -1440.499 -1442.743 -1445.186 -1447.858 -1450.797 -1454.055 -1457.699 -1461.820 -1466.551 -1472.091 -1478.771 -1487.267 -1499.741 -1526.749 -9999.000 -9999.000
-9999.000 -9999.000 -720.226 -839.085 -961.982 -1082.831 -1192.889 -1281.809 -1343.598 -1379.957 -1398.138 -1405.959 -1409.016 -1410.182 -1410.624 -1410.791 -1410.854 -1410.878 -1410.887 -1410.891 -1410.892 -1410.894 -1410.895 -1410.896 -1410.898 -1410.900 -1410.903 -1410.906 -1410.910 -1410.915 -1410.922 -1410.929 -1410.938 -1410.949 -1410.962 -1410.977 -1410.993 -1411.010 -1411.024 -1411.030 -1411.021 -1410.983 -1410.899 -1410.740 -1410.449 -1410.127 -1410.244 -1410.429 -1410.732 -1411.158 -1411.730 -1414.082 -1412.336 -1412.265 -1412.418 -1412.607 -1412.817 -1413.046 -1413.296 -1413.569 -1413.865 -1414.187 -1414.535 -1414.911 -1415.317 -1415.754 -1416.223 -1416.728 -1417.268 -1417.847 -1418.467 -1419.129 -1419.836 -1420.591 -1421.396 -1422.255 -1423.170 -1424.146 -1425.186 -1426.295 -1427.478 -1428.741 -1430.090 -1431.532 -1433.076 -1434.732 -1436.511 -1438.428 -1440.499 -1442.743 -1445.186 -1447.858 -1450.797 -1454.055 -1457.699 -1461.820 -1466.551 -1472.091 -1478.771 -1487.267 -1499.741 -1526.749 -9999.000 -9999.000
-9999.000 -9999.000 -720.226 -839.085 -961.982 -1082.831 -1192.889 -1281.809 -1343.598 -1379.957 -1398.138 -1405.959 -1409.016 -1410.182 -1410.624 -1410.791 -1410.854 -1410.878 -1410.887 -1410.891 -1410.892 -1410.894 -1410.895 -1410.896 -1410.898 -1410.900 -1410.903 -1410.906 -1410.910 -1410.915 -1410.922 -1410.929 -1410.938 -1410.949 -1410.962 -1410.977 -1410.993 -1411.010 -1411.024 -1411.030 -1411.021 -1410.983 -1410.899 -1410.740 -1410.449 -1410.127 -1410.244 -1410.429 -1410.732 -1411.158 -1411.730 -1414.082 -1412.336 -1412.265 -1412.418 -1412.607 -1412.817 -1413.046 -1413.296 -1413.569 -1413.865 -1414.187 -1414.535 -1414.911 -1415.317 -1415.754 -1416.223 -1416.728 -1417.268 -1417.847 -1418.467 -1419.129 -1419.836 -1420.591 -1421.396 -1422.255 -1423.170 -1424.146 -1425.186 -1426.295 -1427.478 -1428.741 -1430.090 -1431.532 -1433.076 -1434.732 -1436.511 -1438.428 -1440.499 -1442.743 -1445.186 -1447.858 -1450.797 -1454.055 -1457.699 -1461.820 -1466.551 -1472.091 -1478.771 -1487.267 -1499.741 -1526.749 -9999.000 -9999.000
-9999.000 -9999.000 -720.226 -839.085 -961.982 -1082.831 -1192.889 -1281.809 -1343.598 -1379.957 -1398.138 -1405.959 -1409.016 -1410.182 -1410.624 -1410.791 -1410.854 -1410.878 -1410.887 -1410.891 -1410.892 -1410.894 -1410.895 -1410.896 -1410.898 -1410.900 -1410.903 -1410.906 -1410.910 -1410.915 -1410.922 -1410.929 -1410.938 -1410.949 -1410.962 -1410.977 -1410.993 -1411.010 -1411.024 -1411.030 -1411.021 -1410.983 -1410.899 -1410.740 -1410.449 -1410.127 -1410.244 -1410.429 -1410.732 -1411.158 -1411.730 -1414.082 -1412.336 -1412.265 -1412.418 -1412.607 -1412.817 -1413.046 -1413.296 -1413.569 -1413.865 -1414.187 -1414.535 -1414.911 -1415.317 -1415.754 -1416.223 -1416.728 -1417.268 -1417.847 -1418.467 -1419.129 -1419.836 -1420.591 -1421.396 -1422.255 -1423.170 -1424.146 -1425.186 -1426.295 -1427.478 -1428.741 -1430.090 -1431.532 -1433.076 -1434.732 -1436.511 -1438.428 -1440.499 -1442.743 -1445.186 -1447.858 -1450.797 -1454.055 -1457.699 -1461.820 -1466.551 -1472.091 -1478.771 -1487.267 -1499.741 -1526.749 -9999.000 -9999.000
-9999.000 -9999.000 -720.226 -839.085 -961.982 -1082.831 -1192.889 -1281.809 -1343.598 -1379.957 -1398.138 -1405.959 -1409.016 -1410.182 -1410.624 -1410.791 -1410.854 -1410.878 -1410.887 -1410.891 -1410.892 -1410.894 -1410.895 -1410.896 -1410.898 -1410.900 -1410.903 -1410.906 -1410.910 -1410.915 -1410.922 -1410.929 -1410.938 -1410.949 -1410.962 -1410.977 -1410.993 -1411.010 -1411.024 -1411.030 -1411.021 -1410.983 -1410.899 -1410.740 -1410.449 -1410.127 -1410.244 -1410.429 -1410.732 -1411.158 -1411.730 -1414.082 -1412.336 -1412.265 -1412.418 -1412.607 -1412.817 -1413.046 -1413.296 -1413.569 -1413.865 -1414.187 -1414.535 -1414.911 -1415.317 -1415.754 -1416.223 -1416.728 -1417.268 -1417.847 -1418.467 -1419.129 -1419.836 -1420.591 -1421.396 -1422.255 -1423.170 -1424.146 -1425.186 -1426.295 -1427.478 -1428.741 -1430.090 -1431.532 -1433.076 -1434.732 -1436.511 -1438.428 -1440.499 -1442.743 -1445.186 -1447.858 -1450.797 -1454.055 -1457.699 -1461.820 -1466.551 -1472.091 -1478.771 -1487.267 -1499.741 -1526.749 -9999.000 -9999.000
-9999.000 -9999.000 -720.226 -839.085 -961.982 -1082.831 -1192.889 -1281.809 -1343.598 -1379.957 -1398.138 -1405.959 -1409.016 -1410.182 -1410.624 -1410.791 -1410.854 -1410.878 -1410.887 -1410.891 -1410.892 -1410.894 -1410.895 -1410.896 -1410.898 -1410.900 -1410.903 -1410.906 -1410.910 -1410.915 -1410.922 -1410.929 -1410.938 -1410.949 -1410.962 -1410.977 -1410.993 -1411.010 -1411.024 -1411.030 -1411.021 -1410.983 -1410.899 -1410.740 -1410.449 -1410.127 -1410.244 -1410.429 -1410.732 -1411.158 -1411.730 -1414.082 -1412.336 -1412.265 -1412.418 -1412.607 -1412.817 -1413.046 -1413.296 -1413.569 -1413.865 -1414.187 -1414.535 -1414.911 -1415.317 -1415.754 -1416.223 -1416.728 -1417.268 -1417.847 -1418.467 -1419.129 -1419.836 -1420.591 -1421.396 -1422.255 -1423.170 -1424.146 -1425.186 -1426.295 -1427.478 -1428.741 -1430.090 -1431.532 -1433.076 -1434.732 -1436.511 -1438.428 -1440.499 -1442.743 -1445.186 -1447.858 -1450.797 -1454.055 -1457.699 -1461.820 -1466.551 -1472.091 -1478.771 -1487.267 -1499.741 -1526.749 -9999.000 -9999.000
-9999.000 -9999.000 -9999.000 -9999.000 -9999.000 -9999.000 -9999.000 -9999.000 -9999.000 -9999.000 -9999.000 -9999.000 -9999.000 -9999.000 -9999.000 -9999.000 -9999.000 -9999.000 -9999.000 -9999.000 -9999.000 -9999.000 -9999.000 -9999.000 -9999.000 -9999.000 -9999.000 -9999.000 -9999.000 -9999.000 -9999.000 -9999.000 -9999.000 -9999.000 -9999.000 -9999.000 -9999.000 -9999.000 -9999.000 -9999.000 -9999.000 -9999.000 -9999.000 -9999.000 -9999.000 -9999.000 -9999.000 -9999.000 -9999.000 -9999.000 -9999.000 -9999.000 -9999.000 -9999.000 -9999.000 -9999.000 -9999.000 -9999.000 -9999.000 -9999.000 -9999.000 -9999.000 -9999.000 -9999.000 -9999.000 -9999.000 -9999.000 -9999.000 -9999.000 -9999.000 -9999.000 -9999.000 -9999.000 -9999.000 -9999.000 -9999.000 -9999.000 -9999.000 -9999.000 -9999.000 -9999.000 -9999.000 -9999.000 -9999.000 -9999.000 -9999.000 -9999.000 -9999.000 -9999.000 -9999.000 -9999.000 -9999.000 -9999.000 -9999.000 -9999.000 -9999.000 -9999.000 -9999.000 -9999.000 -9999.000 -9999.000 -9999.000 -9999.000 -9999.000
-9999.000 -9999.000 -9999.000 -9999.000 -9999.000 -9999.000 -9999.000 -9999.000 -9999.000 -9999.000 -9999.000 -9999.000 -9999.000 -9999.000 -9999.000 -9999.000 -9999.000 -9999.000 -9999.000 -9999.000 -9999.000 -9999.000 -9999.000 -9999.000 -9999.000 -9999.000 -9999.000 -9999.000 -9999.000 -9999.000 -9999.000 -9999.000 -9999.000 -9999.000 -9999.000 -9999.000 -9999.000 -9999.000 -9999.000 -9999.000 -9999.000 -9999.000 -9999.000 -9999.000 -9999.000 -9999.000 -9999.000 -9999.000 -9999.000 -9999.000 -9999.000 -9999.000 -9999.000 -9999.000 -9999.000 -9999.000 -9999.000 -9999.000 -9999.000 -9999.000 -9999.000 -9999.000 -9999.000 -9999.000 -9999.000 -9999.000 -9999.000 -9999.000 -9999.000 -9999.000 -9999.000 -9999.000 -9999.000 -9999.000 -9999.000 -9999.000 -9999.000 -9999.000 -9999.000 -9999.000 -9999.000 -9999.000 -9999.000 -9999.000 -9999.000 -9999.000 -9999.000 -9999.000 -9999.000 -9999.000 -9999.000 -9999.000 -9999.000 -9999.000 -9999.000 -9999.000 -9999.000 -9999.000 -9999.000 -9999.000 -9999.000 -9999.000 -9999.000 -9999.000