examples/3D/hillslope02_superslab/output-maps-METEOIO-ON/psiliqL0057N0003.asc
ncols         104
nrows         10
xllcorner     -2.000000
yllcorner     0.000000
cellsize      1.000000
NODATA_value  -9999.0
-9999.000 -9999.000 -9999.000 -9999.000 -9999.000 -9999.000 -9999.000 -9999.000 -9999.000 -9999.000 -9999.000 -9999.000 -9999.000 -9999.000 -9999.000 -9999.000 -9999.000 -9999.000 -9999.000 -9999.000 -9999.000 -9999.000 -9999.000 -9999.000 -9999.000 -9999.000 -9999.000 -9999.000 -9999.000 -9999.000 -9999.000 -9999.000 -9999.000 -9999.000 -9999.000 -9999.000 -9999.000 -9999.000 -9999.000 -9999.000 -9999.000 -9999.000 -9999.000 -9999.000 -9999.000 -9999.000 -9999.000 -9999.000 -9999.000 -9999.000 -9999.000 -9999.000 -9999.000 -9999.000 -9999.000 -9999.000 -9999.000 -9999.000 -9999.000 -9999.000 -9999.000 -9999.000 -9999.000 -9999.000 -9999.000 -9999.000 -9999.000 -9999.000 -9999.000 -9999.000 -9999.000 -9999.000 -9999.000 -9999.000 -9999.000 -9999.000 -9999.000 -9999.000 -9999.000 -9999.000 -9999.000 -9999.000 -9999.000 -9999.000 -9999.000 -9999.000 -9999.000 -9999.000 -9999.000 -9999.000 -9999.000 -9999.000 -9999.000 -9999.000 -9999.000 -9999.000 -9999.000 -9999.000 -9999.000 -9999.000 -9999.000 -9999.000 -9999.000 -9999.000
-9999.000 -9999.000 -9999.000 -9999.000 -9999.000 -9999.000 -9999.000 -9999.000 -9999.000 -9999.000 -9999.000 -9999.000 -9999.000 -9999.000 -9999.000 -9999.000 -9999.000 -9999.000 -9999.000 -9999.000 -9999.000 -9999.000 -9999.000 -9999.000 -9999.000 -9999.000 -9999.000 -9999.000 -9999.000 -9999.000 -9999.000 -9999.000 -9999.000 -9999.000 -9999.000 -9999.000 -9999.000 -9999.000 -9999.000 -9999.000 -9999.000 -9999.000 -9999.000 -9999.000 -9999.000 -9999.000 -9999.000 -9999.000 -9999.000 -9999.000 -9999.000 -9999.000 -9999.000 -9999.000 -9999.000 -9999.000 -9999.000 -9999.000 -9999.000 -9999.000 -9999.000 -9999.000 -9999.000 -9999.000 -9999.000 -9999.000 -9999.000 -9999.000 -9999.000 -9999.000 -9999.000 -9999.000 -9999.000 -9999.000 -9999.000 -9999.000 -9999.000 -9999.000 -9999.000 -9999.000 -9999.000 -9999.000 -9999.000 -9999.000 -9999.000 -9999.000 -9999.000 -9999.000 -9999.000 -9999.000 -9999.000 -9999.000 -9999.000 -9999.000 -9999.000 -9999.000 -9999.000 -9999.000 -9999.000 -9999.000 -9999.000 -9999.000 -9999.000 -9999.000
-9999.000 -9999.000 -1954.580 -2049.684 -2103.782 -2130.964 -2143.743 -2149.470 -2151.907 -2152.884 -2153.253 -2153.388 -2153.437 -2153.455 -2153.462 -2153.464 -2153.465 -2153.465 -2153.465 -2153.465 -2153.465 -2153.465 -2153.465 -2153.465 -2153.465 -2153.465 -2153.466 -2153.466 -2153.467 -2153.470 -2153.475 -2153.483 -2153.493 -2153.505 -2153.513 -2153.509 -2153.478 -2153.397 -2153.339 -2153.333 -2153.357 -2153.427 -2153.485 -2153.513 -2153.527 -2153.531 -2153.528 -2153.523 -2153.519 -2153.521 -2153.556 -2153.735 -2153.505 -2153.472 -2153.471 -2153.471 -2153.473 -2153.474 -2153.476 -2153.479 -2153.481 -2153.485 -2153.488 -2153.493 -2153.498 -2153.504 -2153.511 -2153.519 -2153.528 -2153.539 -2153.552 -2153.566 -2153.582 -2153.601 -2153.623 -2153.647 -2153.675 -2153.706 -2153.742 -2153.782 -2153.828 -2153.880 -2153.938 -2154.004 -2154.079 -2154.163 -2154.258 -2154.365 -2154.486 -2154.623 -2154.779 -2154.956 -2155.159 -2155.391 -2155.660 -2155.973 -2156.343 -2156.785 -2157.330 -2158.063 -2159.723 -2171.054 -9999.000 -9999.000
-9999.000 -9999.000 -1954.580 -2049.684 -2103.782 -2130.964 -2143.743 -2149.470 -2151.907 -2152.884 -2153.253 -2153.388 -2153.437 -2153.455 -2153.462 -2153.464 -2153.465 -2153.465 -2153.465 -2153.465 -2153.465 -2153.465 -2153.465 -2153.465 -2153.465 -2153.465 -2153.466 -2153.466 -2153.467 -2153.470 -2153.475 -2153.483 -2153.493 -2153.505 -2153.513 -2153.509 -2153.478 -2153.397 -2153.339 -2153.333 -2153.357 -2153.427 -2153.485 -2153.513 -2153.527 -2153.531 -2153.528 -2153.523 -2153.519 -2153.521 -2153.556 -2153.735 -2153.505 -2153.472 -2153.471 -2153.471 -2153.473 -2153.474 -2153.476 -2153.479 -2153.481 -2153.485 -2153.488 -2153.493 -2153.498 -2153.504 -2153.511 -2153.519 -2153.528 -2153.539 -2153.552 -2153.566 -2153.582 -2153.601 -2153.623 -2153.647 -2153.675 -2153.706 -2153.742 -2153.782 -2153.828 -2153.880 -2153.938 -2154.004 -2154.079 -2154.163 -2154.258 -2154.365 -2154.486 -2154.623 -2154.779 -2154.956 -2155.159 -2155.391 -2155.660 -2155.973 -2156.343 -2156.785 -2157.330 -2158.063 -2159.723 -2171.054 -9999.000 -9999.000
-9999.000 -9999.000 -1954.580 -2049.684 -2103.782 -2130.964 -2143.743 -2149.470 -2151.907 -2152.884 -2153.253 -2153.388 -2153.437 -2153.455 -2153.462 -2153.464 -2153.465 -2153.465 -2153.465 -2153.465 -2153.465 -2153.465 -2153.465 -2153.465 -2153.465 -2153.465 -2153.466 -2153.466 -2153.467 -2153.470 -2153.475 -2153.483 -2153.493 -2153.505 -2153.513 -2153.509 -2153.478 -2153.397 -2153.339 -2153.333 -2153.357 -2153.427 -2153.485 -2153.513 -2153.527 -2153.531 -2153.528 -2153.523 -2153.519 -2153.521 -2153.556 -2153.735 -2153.505 -2153.472 -2153.471 -2153.471 -2153.473 -2153.474 -2153.476 -2153.479 -2153.481 -2153.485 -2153.488 -2153.493 -2153.498 -2153.504 -2153.511 -2153.519 -2153.528 -2153.539 -2153.552 -2153.566 -2153.582 -2153.601 -2153.623 -2153.647 -2153.675 -2153.706 -2153.742 -2153.782 -2153.828 -2153.880 -2153.938 -2154.004 -2154.079 -2154.163 -2154.258 -2154.365 -2154.486 -2154.623 -2154.779 -2154.956 -2155.159 -2155.391 -2155.660 -2155.973 -2156.343 -2156.785 -2157.330 -2158.063 -2159.723 -2171.054 -9999.000 -9999.000
-9999.000 -9999.000 -1954.580 -2049.684 -2103.782 -2130.964 -2143.743 -2149.470 -2151.907 -2152.884 -2153.253 -2153.388 -2153.437 -2153.455 -2153.462 -2153.464 -2153.465 -2153.465 -2153.465 -2153.465 -2153.465 -2153.465 -2153.465 -2153.465 -2153.465 -2153.465 -2153.466 -2153.466 -2153.467 -2153.470 -2153.475 -2153.483 -2153.493 -2153.505 -2153.513 -2153.509 -2153.478 -2153.397 -2153.339 -2153.333 -2153.357 -2153.427 -2153.485 -2153.513 -2153.527 -2153.531 -2153.528 -2153.523 -2153.519 -2153.521 -2153.556 -2153.735 -2153.505 -2153.472 -2153.471 -2153.471 -2153.473 -2153.474 -2153.476 -2153.479 -2153.481 -2153.485 -2153.488 -2153.493 -2153.498 -2153.504 -2153.511 -2153.519 -2153.528 -2153.539 -2153.552 -2153.566 -2153.582 -2153.601 -2153.623 -2153.647 -2153.675 -2153.706 -2153.742 -2153.782 -2153.828 -2153.880 -2153.938 -2154.004 -2154.079 -2154.163 -2154.258 -2154.365 -2154.486 -2154.623 -2154.779 -2154.956 -2155.159 -2155.391 -2155.660 -2155.973 -2156.343 -2156.785 -2157.330 -2158.063 -2159.723 -2171.054 -9999.000 -9999.000
-9999.000 -9999.000 -1954.580 -2049.684 -2103.782 -2130.964 -2143.743 -2149.470 -2151.907 -2152.884 -2153.253 -2153.388 -2153.437 -2153.455 -2153.462 -2153.464 -2153.465 -2153.465 -2153.465 -2153.465 -2153.465 -2153.465 -2153.465 -2153.465 -2153.465 -2153.465 -2153.466 -2153.466 -2153.467 -2153.470 -2153.475 -2153.483 -2153.493 -2153.505 -2153.513 -2153.509 -2153.478 -2153.397 -2153.339 -2153.333 -2153.357 -2153.427 -2153.485 -2153.513 -2153.527 -2153.531 -2153.528 -2153.523 -2153.519 -2153.521 -2153.556 -2153.735 -2153.505 -2153.472 -2153.471 -2153.471 -2153.473 -2153.474 -2153.476 -2153.479 -2153.481 -2153.485 -2153.488 -2153.493 -2153.498 -2153.504 -2153.511 -2153.519 -2153.528 -2153.539 -2153.552 -2153.566 -2153.582 -2153.601 -2153.623 -2153.647 -2153.675 -2153.706 -2153.742 -2153.782 -2153.828 -2153.880 -2153.938 -2154.004 -2154.079 -2154.163 -2154.258 -2154.365 -2154.486 -2154.623 -2154.779 -2154.956 -2155.159 -2155.391 -2155.660 -2155.973 -2156.343 -2156.785 -2157.330 -2158.063 -2159.723 -2171.054 -9999.000 -9999.000
-9999.000 -9999.000 -1954.580 -2049.684 -2103.782 -2130.964 -2143.743 -2149.470 -2151.907 -2152.884 -2153.253 -2153.388 -2153.437 -2153.455 -2153.462 -2153.464 -2153.465 -2153.465 -2153.465 -2153.465 -2153.465 -2153.465 -2153.465 -2153.465 -2153.465 -2153.465 -2153.466 -2153.466 -2153.467 -2153.470 -2153.475 -2153.483 -2153.493 -2153.505 -2153.513 -2153.509 -2153.478 -2153.397 -2153.339 -2153.333 -2153.357 -2153.427 -2153.485 -2153.513 -2153.527 -2153.531 -2153.528 -2153.523 -2153.519 -2153.521 -2153.556 -2153.735 -2153.505 -2153.472 -2153.471 -2153.471 -2153.473 -2153.474 -2153.476 -2153.479 -2153.481 -2153.485 -2153.488 -2153.493 -2153.498 -2153.504 -2153.511 -2153.519 -2153.528 -2153.539 -2153.552 -2153.566 -2153.582 -2153.601 -2153.623 -2153.647 -2153.675 -2153.706 -2153.742 -2153.782 -2153.828 -2153.880 -2153.938 -2154.004 -2154.079 -2154.163 -2154.258 -2154.365 -2154.486 -2154.623 -2154.779 -2154.956 -2155.159 -2155.391 -2155.660 -2155.973 -2156.343 -2156.785 -2157.330 -2158.063 -2159.723 -2171.054 -9999.000 -9999.000
-9999.000 -9999.000 -9999.000 -9999.000 -9999.000 -9999.000 -9999.000 -9999.000 -9999.000 -9999.000 -9999.000 -9999.000 -9999.000 -9999.000 -9999.000 -9999.000 -9999.000 -9999.000 -9999.000 -9999.000 -9999.000 -9999.000 -9999.000 -9999.000 -9999.000 -9999.000 -9999.000 -9999.000 -9999.000 -9999.000 -9999.000 -9999.000 -9999.000 -9999.000 -9999.000 -9999.000 -9999.000 -9999.000 -9999.000 -9999.000 -9999.000 -9999.000 -9999.000 -9999.000 -9999.000 -9999.000 -9999.000 -9999.000 -9999.000 -9999.000 -9999.000 -9999.000 -9999.000 -9999.000 -9999.000 -9999.000 -9999.000 -9999.000 -9999.000 -9999.000 -9999.000 -9999.000 -9999.000 -9999.000 -9999.000 -9999.000 -9999.000 -9999.000 -9999.000 -9999.000 -9999.000 -9999.000 -9999.000 -9999.000 -9999.000 -9999.000 -9999.000 -9999.000 -9999.000 -9999.000 -9999.000 -9999.000 -9999.000 -9999.000 -9999.000 -9999.000 -9999.000 -9999.000 -9999.000 -9999.000 -9999.000 -9999.000 -9999.000 -9999.000 -9999.000 -9999.000 -9999.000 -9999.000 -9999.000 -9999.000 -9999.000 -9999.000 -9999.000 -9999.000
-9999.000 -9999.000 -9999.000 -9999.000 -9999.000 -9999.000 -9999.000 -9999.000 -9999.000 -9999.000 -9999.000 -9999.000 -9999.000 -9999.000 -9999.000 -9999.000 -9999.000 -9999.000 -9999.000 -9999.000 -9999.000 -9999.000 -9999.000 -9999.000 -9999.000 -9999.000 -9999.000 -9999.000 -9999.000 -9999.000 -9999.000 -9999.000 -9999.000 -9999.000 -9999.000 -9999.000 -9999.000 -9999.000 -9999.000 -9999.000 -9999.000 -9999.000 -9999.000 -9999.000 -9999.000 -9999.000 -9999.000 -9999.000 -9999.000 -9999.000 -9999.000 -9999.000 -9999.000 -9999.000 -9999.000 -9999.000 -9999.000 -9999.000 -9999.000 -9999.000 -9999.000 -9999.000 -9999.000 -9999.000 -9999.000 -9999.000 -9999.000 -9999.000 -9999.000 -9999.000 -9999.000 -9999.000 -9999.000 -9999.000 -9999.000 -9999.000 -9999.000 -9999.000 -9999.000 -9999.000 -9999.000 -9999.000 -9999.000 -9999.000 -9999.000 -9999.000 -9999.000 -9999.000 -9999.000 -9999.000 -9999.000 -9999.000 -9999.000 -9999.000 -9999.000 -9999.000 -9999.000 -9999.000 -9999.000 -9999.000 -9999.000 -9999.000 -9999.000 -9999.000