examples/3D/hillslope02_superslab/output-maps-METEOIO-ON/psiliqL0080N0002.asc
ncols         104
nrows         10
xllcorner     -2.000000
yllcorner     0.000000
cellsize      1.000000
NODATA_value  -9999.0
-9999.000 -9999.000 -9999.000 -9999.000 -9999.000 -9999.000 -9999.000 -9999.000 -9999.000 -9999.000 -9999.000 -9999.000 -9999.000 -9999.000 -9999.000 -9999.000 -9999.000 -9999.000 -9999.000 -9999.000 -9999.000 -9999.000 -9999.000 -9999.000 -9999.000 -9999.000 -9999.000 -9999.000 -9999.000 -9999.000 -9999.000 -9999.000 -9999.000 -9999.000 -9999.000 -9999.000 -9999.000 -9999.000 -9999.000 -9999.000 -9999.000 -9999.000 -9999.000 -9999.000 -9999.000 -9999.000 -9999.000 -9999.000 -9999.000 -9999.000 -9999.000 -9999.000 -9999.000 -9999.000 -9999.000 -9999.000 -9999.000 -9999.000 -9999.000 -9999.000 -9999.000 -9999.000 -9999.000 -9999.000 -9999.000 -9999.000 -9999.000 -9999.000 -9999.000 -9999.000 -9999.000 -9999.000 -9999.000 -9999.000 -9999.000 -9999.000 -9999.000 -9999.000 -9999.000 -9999.000 -9999.000 -9999.000 -9999.000 -9999.000 -9999.000 -9999.000 -9999.000 -9999.000 -9999.000 -9999.000 -9999.000 -9999.000 -9999.000 -9999.000 -9999.000 -9999.000 -9999.000 -9999.000 -9999.000 -9999.000 -9999.000 -9999.000 -9999.000 -9999.000
-9999.000 -9999.000 -9999.000 -9999.000 -9999.000 -9999.000 -9999.000 -9999.000 -9999.000 -9999.000 -9999.000 -9999.000 -9999.000 -9999.000 -9999.000 -9999.000 -9999.000 -9999.000 -9999.000 -9999.000 -9999.000 -9999.000 -9999.000 -9999.000 -9999.000 -9999.000 -9999.000 -9999.000 -9999.000 -9999.000 -9999.000 -9999.000 -9999.000 -9999.000 -9999.000 -9999.000 -9999.000 -9999.000 -9999.000 -9999.000 -9999.000 -9999.000 -9999.000 -9999.000 -9999.000 -9999.000 -9999.000 -9999.000 -9999.000 -9999.000 -9999.000 -9999.000 -9999.000 -9999.000 -9999.000 -9999.000 -9999.000 -9999.000 -9999.000 -9999.000 -9999.000 -9999.000 -9999.000 -9999.000 -9999.000 -9999.000 -9999.000 -9999.000 -9999.000 -9999.000 -9999.000 -9999.000 -9999.000 -9999.000 -9999.000 -9999.000 -9999.000 -9999.000 -9999.000 -9999.000 -9999.000 -9999.000 -9999.000 -9999.000 -9999.000 -9999.000 -9999.000 -9999.000 -9999.000 -9999.000 -9999.000 -9999.000 -9999.000 -9999.000 -9999.000 -9999.000 -9999.000 -9999.000 -9999.000 -9999.000 -9999.000 -9999.000 -9999.000 -9999.000
-9999.000 -9999.000 -438.860 -544.300 -650.534 -754.072 -847.712 -922.046 -970.741 -996.779 -1007.926 -1012.250 -1013.882 -1014.491 -1014.718 -1014.802 -1014.833 -1014.844 -1014.848 -1014.849 -1014.850 -1014.850 -1014.850 -1014.850 -1014.850 -1014.850 -1014.850 -1014.849 -1014.849 -1014.849 -1014.850 -1014.850 -1014.850 -1014.851 -1014.851 -1014.852 -1014.854 -1014.855 -1014.857 -1014.859 -1014.859 -1014.855 -1014.844 -1014.819 -1014.774 -1014.697 -1014.573 -1014.380 -1014.096 -1013.951 -1014.604 -1017.686 -1015.355 -1015.281 -1015.363 -1015.471 -1015.599 -1015.749 -1015.923 -1016.124 -1016.355 -1016.619 -1016.918 -1017.256 -1017.637 -1018.063 -1018.538 -1019.065 -1019.648 -1020.290 -1020.996 -1021.769 -1022.612 -1023.531 -1024.529 -1025.610 -1026.781 -1028.046 -1029.411 -1030.882 -1032.466 -1034.172 -1036.009 -1037.987 -1040.117 -1042.415 -1044.896 -1047.580 -1050.491 -1053.658 -1057.117 -1060.914 -1065.104 -1069.766 -1074.998 -1080.942 -1087.800 -1095.878 -1105.679 -1118.150 -1135.703 -1167.809 -9999.000 -9999.000
-9999.000 -9999.000 -438.860 -544.300 -650.534 -754.072 -847.712 -922.046 -970.741 -996.779 -1007.926 -1012.250 -1013.882 -1014.491 -1014.718 -1014.802 -1014.833 -1014.844 -1014.848 -1014.849 -1014.850 -1014.850 -1014.850 -1014.850 -1014.850 -1014.850 -1014.850 -1014.849 -1014.849 -1014.849 -1014.850 -1014.850 -1014.850 -1014.851 -1014.851 -1014.852 -1014.854 -1014.855 -1014.857 -1014.859 -1014.859 -1014.855 -1014.844 -1014.819 -1014.774 -1014.697 -1014.573 -1014.380 -1014.096 -1013.951 -1014.604 -1017.686 -1015.355 -1015.281 -1015.363 -1015.471 -1015.599 -1015.749 -1015.923 -1016.124 -1016.355 -1016.619 -1016.918 -1017.256 -1017.637 -1018.063 -1018.538 -1019.065 -1019.648 -1020.290 -1020.996 -1021.769 -1022.612 -1023.531 -1024.529 -1025.610 -1026.781 -1028.046 -1029.411 -1030.882 -1032.466 -1034.172 -1036.009 -1037.987 -1040.117 -1042.415 -1044.896 -1047.580 -1050.491 -1053.658 -1057.117 -1060.914 -1065.104 -1069.766 -1074.998 -1080.942 -1087.800 -1095.878 -1105.679 -1118.150 -1135.703 -1167.809 -9999.000 -9999.000
-9999.000 -9999.000 -438.860 -544.300 -650.534 -754.072 -847.712 -922.046 -970.741 -996.779 -1007.926 -1012.250 -1013.882 -1014.491 -1014.718 -1014.802 -1014.833 -1014.844 -1014.848 -1014.849 -1014.850 -1014.850 -1014.850 -1014.850 -1014.850 -1014.850 -1014.850 -1014.849 -1014.849 -1014.849 -1014.850 -1014.850 -1014.850 -1014.851 -1014.851 -1014.852 -1014.854 -1014.855 -1014.857 -1014.859 -1014.859 -1014.855 -1014.844 -1014.819 -1014.774 -1014.697 -1014.573 -1014.380 -1014.096 -1013.951 -1014.604 -1017.686 -1015.355 -1015.281 -1015.363 -1015.471 -1015.599 -1015.749 -1015.923 -1016.124 -1016.355 -1016.619 -1016.918 -1017.256 -1017.637 -1018.063 -1018.538 -1019.065 -1019.648 -1020.290 -1020.996 -1021.769 -1022.612 -1023.531 -1024.529 -1025.610 -1026.781 -1028.046 -1029.411 -1030.882 -1032.466 -1034.172 -1036.009 -1037.987 -1040.117 -1042.415 -1044.896 -1047.580 -1050.491 -1053.658 -1057.117 -1060.914 -1065.104 -1069.766 -1074.998 -1080.942 -1087.800 -1095.878 -1105.679 -1118.150 -1135.703 -1167.809 -9999.000 -9999.000
-9999.000 -9999.000 -438.860 -544.300 -650.534 -754.072 -847.712 -922.046 -970.741 -996.779 -1007.926 -1012.250 -1013.882 -1014.491 -1014.718 -1014.802 -1014.833 -1014.844 -1014.848 -1014.849 -1014.850 -1014.850 -1014.850 -1014.850 -1014.850 -1014.850 -1014.850 -1014.849 -1014.849 -1014.849 -1014.850 -1014.850 -1014.850 -1014.851 -1014.851 -1014.852 -1014.854 -1014.855 -1014.857 -1014.859 -1014.859 -1014.855 -1014.844 -1014.819 -1014.774 -1014.697 -1014.573 -1014.380 -1014.096 -1013.951 -1014.604 -1017.686 -1015.355 -1015.281 -1015.363 -1015.471 -1015.599 -1015.749 -1015.923 -1016.124 -1016.355 -1016.619 -1016.918 -1017.256 -1017.637 -1018.063 -1018.538 -1019.065 -1019.648 -1020.290 -1020.996 -1021.769 -1022.612 -1023.531 -1024.529 -1025.610 -1026.781 -1028.046 -1029.411 -1030.882 -1032.466 -1034.172 -1036.009 -1037.987 -1040.117 -1042.415 -1044.896 -1047.580 -1050.491 -1053.658 -1057.117 -1060.914 -1065.104 -1069.766 -1074.998 -1080.942 -1087.800 -1095.878 -1105.679 -1118.150 -1135.703 -1167.809 -9999.000 -9999.000
-9999.000 -9999.000 -438.860 -544.300 -650.534 -754.072 -847.712 -922.046 -970.741 -996.779 -1007.926 -1012.250 -1013.882 -1014.491 -1014.718 -1014.802 -1014.833 -1014.844 -1014.848 -1014.849 -1014.850 -1014.850 -1014.850 -1014.850 -1014.850 -1014.850 -1014.850 -1014.849 -1014.849 -1014.849 -1014.850 -1014.850 -1014.850 -1014.851 -1014.851 -1014.852 -1014.854 -1014.855 -1014.857 -1014.859 -1014.859 -1014.855 -1014.844 -1014.819 -1014.774 -1014.697 -1014.573 -1014.380 -1014.096 -1013.951 -1014.604 -1017.686 -1015.355 -1015.281 -1015.363 -1015.471 -1015.599 -1015.749 -1015.923 -1016.124 -1016.355 -1016.619 -1016.918 -1017.256 -1017.637 -1018.063 -1018.538 -1019.065 -1019.648 -1020.290 -1020.996 -1021.769 -1022.612 -1023.531 -1024.529 -1025.610 -1026.781 -1028.046 -1029.411 -1030.882 -1032.466 -1034.172 -1036.009 -1037.987 -1040.117 -1042.415 -1044.896 -1047.580 -1050.491 -1053.658 -1057.117 -1060.914 -1065.104 -1069.766 -1074.998 -1080.942 -1087.800 -1095.878 -1105.679 -1118.150 -1135.703 -1167.809 -9999.000 -9999.000
-9999.000 -9999.000 -438.860 -544.300 -650.534 -754.072 -847.712 -922.046 -970.741 -996.779 -1007.926 -1012.250 -1013.882 -1014.491 -1014.718 -1014.802 -1014.833 -1014.844 -1014.848 -1014.849 -1014.850 -1014.850 -1014.850 -1014.850 -1014.850 -1014.850 -1014.850 -1014.849 -1014.849 -1014.849 -1014.850 -1014.850 -1014.850 -1014.851 -1014.851 -1014.852 -1014.854 -1014.855 -1014.857 -1014.859 -1014.859 -1014.855 -1014.844 -1014.819 -1014.774 -1014.697 -1014.573 -1014.380 -1014.096 -1013.951 -1014.604 -1017.686 -1015.355 -1015.281 -1015.363 -1015.471 -1015.599 -1015.749 -1015.923 -1016.124 -1016.355 -1016.619 -1016.918 -1017.256 -1017.637 -1018.063 -1018.538 -1019.065 -1019.648 -1020.290 -1020.996 -1021.769 -1022.612 -1023.531 -1024.529 -1025.610 -1026.781 -1028.046 -1029.411 -1030.882 -1032.466 -1034.172 -1036.009 -1037.987 -1040.117 -1042.415 -1044.896 -1047.580 -1050.491 -1053.658 -1057.117 -1060.914 -1065.104 -1069.766 -1074.998 -1080.942 -1087.800 -1095.878 -1105.679 -1118.150 -1135.703 -1167.809 -9999.000 -9999.000
-9999.000 -9999.000 -9999.000 -9999.000 -9999.000 -9999.000 -9999.000 -9999.000 -9999.000 -9999.000 -9999.000 -9999.000 -9999.000 -9999.000 -9999.000 -9999.000 -9999.000 -9999.000 -9999.000 -9999.000 -9999.000 -9999.000 -9999.000 -9999.000 -9999.000 -9999.000 -9999.000 -9999.000 -9999.000 -9999.000 -9999.000 -9999.000 -9999.000 -9999.000 -9999.000 -9999.000 -9999.000 -9999.000 -9999.000 -9999.000 -9999.000 -9999.000 -9999.000 -9999.000 -9999.000 -9999.000 -9999.000 -9999.000 -9999.000 -9999.000 -9999.000 -9999.000 -9999.000 -9999.000 -9999.000 -9999.000 -9999.000 -9999.000 -9999.000 -9999.000 -9999.000 -9999.000 -9999.000 -9999.000 -9999.000 -9999.000 -9999.000 -9999.000 -9999.000 -9999.000 -9999.000 -9999.000 -9999.000 -9999.000 -9999.000 -9999.000 -9999.000 -9999.000 -9999.000 -9999.000 -9999.000 -9999.000 -9999.000 -9999.000 -9999.000 -9999.000 -9999.000 -9999.000 -9999.000 -9999.000 -9999.000 -9999.000 -9999.000 -9999.000 -9999.000 -9999.000 -9999.000 -9999.000 -9999.000 -9999.000 -9999.000 -9999.000 -9999.000 -9999.000
-9999.000 -9999.000 -9999.000 -9999.000 -9999.000 -9999.000 -9999.000 -9999.000 -9999.000 -9999.000 -9999.000 -9999.000 -9999.000 -9999.000 -9999.000 -9999.000 -9999.000 -9999.000 -9999.000 -9999.000 -9999.000 -9999.000 -9999.000 -9999.000 -9999.000 -9999.000 -9999.000 -9999.000 -9999.000 -9999.000 -9999.000 -9999.000 -9999.000 -9999.000 -9999.000 -9999.000 -9999.000 -9999.000 -9999.000 -9999.000 -9999.000 -9999.000 -9999.000 -9999.000 -9999.000 -9999.000 -9999.000 -9999.000 -9999.000 -9999.000 -9999.000 -9999.000 -9999.000 -9999.000 -9999.000 -9999.000 -9999.000 -9999.000 -9999.000 -9999.000 -9999.000 -9999.000 -9999.000 -9999.000 -9999.000 -9999.000 -9999.000 -9999.000 -9999.000 -9999.000 -9999.000 -9999.000 -9999.000 -9999.000 -9999.000 -9999.000 -9999.000 -9999.000 -9999.000 -9999.000 -9999.000 -9999.000 -9999.000 -9999.000 -9999.000 -9999.000 -9999.000 -9999.000 -9999.000 -9999.000 -9999.000 -9999.000 -9999.000 -9999.000 -9999.000 -9999.000 -9999.000 -9999.000 -9999.000 -9999.000 -9999.000 -9999.000 -9999.000 -9999.000