examples/3D/hillslope02_superslab/output-maps-METEOIO-ON/psiliqL0066N0003.asc
ncols         104
nrows         10
xllcorner     -2.000000
yllcorner     0.000000
cellsize      1.000000
NODATA_value  -9999.0
-9999.000 -9999.000 -9999.000 -9999.000 -9999.000 -9999.000 -9999.000 -9999.000 -9999.000 -9999.000 -9999.000 -9999.000 -9999.000 -9999.000 -9999.000 -9999.000 -9999.000 -9999.000 -9999.000 -9999.000 -9999.000 -9999.000 -9999.000 -9999.000 -9999.000 -9999.000 -9999.000 -9999.000 -9999.000 -9999.000 -9999.000 -9999.000 -9999.000 -9999.000 -9999.000 -9999.000 -9999.000 -9999.000 -9999.000 -9999.000 -9999.000 -9999.000 -9999.000 -9999.000 -9999.000 -9999.000 -9999.000 -9999.000 -9999.000 -9999.000 -9999.000 -9999.000 -9999.000 -9999.000 -9999.000 -9999.000 -9999.000 -9999.000 -9999.000 -9999.000 -9999.000 -9999.000 -9999.000 -9999.000 -9999.000 -9999.000 -9999.000 -9999.000 -9999.000 -9999.000 -9999.000 -9999.000 -9999.000 -9999.000 -9999.000 -9999.000 -9999.000 -9999.000 -9999.000 -9999.000 -9999.000 -9999.000 -9999.000 -9999.000 -9999.000 -9999.000 -9999.000 -9999.000 -9999.000 -9999.000 -9999.000 -9999.000 -9999.000 -9999.000 -9999.000 -9999.000 -9999.000 -9999.000 -9999.000 -9999.000 -9999.000 -9999.000 -9999.000 -9999.000
-9999.000 -9999.000 -9999.000 -9999.000 -9999.000 -9999.000 -9999.000 -9999.000 -9999.000 -9999.000 -9999.000 -9999.000 -9999.000 -9999.000 -9999.000 -9999.000 -9999.000 -9999.000 -9999.000 -9999.000 -9999.000 -9999.000 -9999.000 -9999.000 -9999.000 -9999.000 -9999.000 -9999.000 -9999.000 -9999.000 -9999.000 -9999.000 -9999.000 -9999.000 -9999.000 -9999.000 -9999.000 -9999.000 -9999.000 -9999.000 -9999.000 -9999.000 -9999.000 -9999.000 -9999.000 -9999.000 -9999.000 -9999.000 -9999.000 -9999.000 -9999.000 -9999.000 -9999.000 -9999.000 -9999.000 -9999.000 -9999.000 -9999.000 -9999.000 -9999.000 -9999.000 -9999.000 -9999.000 -9999.000 -9999.000 -9999.000 -9999.000 -9999.000 -9999.000 -9999.000 -9999.000 -9999.000 -9999.000 -9999.000 -9999.000 -9999.000 -9999.000 -9999.000 -9999.000 -9999.000 -9999.000 -9999.000 -9999.000 -9999.000 -9999.000 -9999.000 -9999.000 -9999.000 -9999.000 -9999.000 -9999.000 -9999.000 -9999.000 -9999.000 -9999.000 -9999.000 -9999.000 -9999.000 -9999.000 -9999.000 -9999.000 -9999.000 -9999.000 -9999.000
-9999.000 -9999.000 -1128.294 -1271.172 -1408.534 -1523.378 -1606.162 -1657.429 -1685.212 -1698.552 -1704.311 -1706.563 -1707.413 -1707.731 -1707.850 -1707.894 -1707.911 -1707.917 -1707.919 -1707.920 -1707.920 -1707.921 -1707.921 -1707.921 -1707.921 -1707.921 -1707.921 -1707.921 -1707.922 -1707.922 -1707.923 -1707.925 -1707.927 -1707.929 -1707.932 -1707.934 -1707.932 -1707.920 -1707.890 -1707.826 -1707.706 -1707.499 -1707.295 -1707.401 -1707.524 -1707.716 -1707.921 -1707.931 -1707.964 -1708.040 -1708.309 -1709.423 -1708.297 -1708.170 -1708.194 -1708.236 -1708.285 -1708.340 -1708.402 -1708.471 -1708.549 -1708.636 -1708.733 -1708.840 -1708.960 -1709.091 -1709.237 -1709.397 -1709.573 -1709.766 -1709.977 -1710.209 -1710.461 -1710.736 -1711.037 -1711.363 -1711.718 -1712.104 -1712.523 -1712.978 -1713.472 -1714.008 -1714.590 -1715.221 -1715.908 -1716.654 -1717.467 -1718.354 -1719.324 -1720.386 -1721.555 -1722.845 -1724.276 -1725.874 -1727.673 -1729.717 -1732.073 -1734.836 -1738.171 -1742.443 -1749.223 -1768.944 -9999.000 -9999.000
-9999.000 -9999.000 -1128.294 -1271.172 -1408.534 -1523.378 -1606.162 -1657.429 -1685.212 -1698.552 -1704.311 -1706.563 -1707.413 -1707.731 -1707.850 -1707.894 -1707.911 -1707.917 -1707.919 -1707.920 -1707.920 -1707.921 -1707.921 -1707.921 -1707.921 -1707.921 -1707.921 -1707.921 -1707.922 -1707.922 -1707.923 -1707.925 -1707.927 -1707.929 -1707.932 -1707.934 -1707.932 -1707.920 -1707.890 -1707.826 -1707.706 -1707.499 -1707.295 -1707.401 -1707.524 -1707.716 -1707.921 -1707.931 -1707.964 -1708.040 -1708.309 -1709.423 -1708.297 -1708.170 -1708.194 -1708.236 -1708.285 -1708.340 -1708.402 -1708.471 -1708.549 -1708.636 -1708.733 -1708.840 -1708.960 -1709.091 -1709.237 -1709.397 -1709.573 -1709.766 -1709.977 -1710.209 -1710.461 -1710.736 -1711.037 -1711.363 -1711.718 -1712.104 -1712.523 -1712.978 -1713.472 -1714.008 -1714.590 -1715.221 -1715.908 -1716.654 -1717.467 -1718.354 -1719.324 -1720.386 -1721.555 -1722.845 -1724.276 -1725.874 -1727.673 -1729.717 -1732.073 -1734.836 -1738.171 -1742.443 -1749.223 -1768.944 -9999.000 -9999.000
-9999.000 -9999.000 -1128.294 -1271.172 -1408.534 -1523.378 -1606.162 -1657.429 -1685.212 -1698.552 -1704.311 -1706.563 -1707.413 -1707.731 -1707.850 -1707.894 -1707.911 -1707.917 -1707.919 -1707.920 -1707.920 -1707.921 -1707.921 -1707.921 -1707.921 -1707.921 -1707.921 -1707.921 -1707.922 -1707.922 -1707.923 -1707.925 -1707.927 -1707.929 -1707.932 -1707.934 -1707.932 -1707.920 -1707.890 -1707.826 -1707.706 -1707.499 -1707.295 -1707.401 -1707.524 -1707.716 -1707.921 -1707.931 -1707.964 -1708.040 -1708.309 -1709.423 -1708.297 -1708.170 -1708.194 -1708.236 -1708.285 -1708.340 -1708.402 -1708.471 -1708.549 -1708.636 -1708.733 -1708.840 -1708.960 -1709.091 -1709.237 -1709.397 -1709.573 -1709.766 -1709.977 -1710.209 -1710.461 -1710.736 -1711.037 -1711.363 -1711.718 -1712.104 -1712.523 -1712.978 -1713.472 -1714.008 -1714.590 -1715.221 -1715.908 -1716.654 -1717.467 -1718.354 -1719.324 -1720.386 -1721.555 -1722.845 -1724.276 -1725.874 -1727.673 -1729.717 -1732.073 -1734.836 -1738.171 -1742.443 -1749.223 -1768.944 -9999.000 -9999.000
-9999.000 -9999.000 -1128.294 -1271.172 -1408.534 -1523.378 -1606.162 -1657.429 -1685.212 -1698.552 -1704.311 -1706.563 -1707.413 -1707.731 -1707.850 -1707.894 -1707.911 -1707.917 -1707.919 -1707.920 -1707.920 -1707.921 -1707.921 -1707.921 -1707.921 -1707.921 -1707.921 -1707.921 -1707.922 -1707.922 -1707.923 -1707.925 -1707.927 -1707.929 -1707.932 -1707.934 -1707.932 -1707.920 -1707.890 -1707.826 -1707.706 -1707.499 -1707.295 -1707.401 -1707.524 -1707.716 -1707.921 -1707.931 -1707.964 -1708.040 -1708.309 -1709.423 -1708.297 -1708.170 -1708.194 -1708.236 -1708.285 -1708.340 -1708.402 -1708.471 -1708.549 -1708.636 -1708.733 -1708.840 -1708.960 -1709.091 -1709.237 -1709.397 -1709.573 -1709.766 -1709.977 -1710.209 -1710.461 -1710.736 -1711.037 -1711.363 -1711.718 -1712.104 -1712.523 -1712.978 -1713.472 -1714.008 -1714.590 -1715.221 -1715.908 -1716.654 -1717.467 -1718.354 -1719.324 -1720.386 -1721.555 -1722.845 -1724.276 -1725.874 -1727.673 -1729.717 -1732.073 -1734.836 -1738.171 -1742.443 -1749.223 -1768.944 -9999.000 -9999.000
-9999.000 -9999.000 -1128.294 -1271.172 -1408.534 -1523.378 -1606.162 -1657.429 -1685.212 -1698.552 -1704.311 -1706.563 -1707.413 -1707.731 -1707.850 -1707.894 -1707.911 -1707.917 -1707.919 -1707.920 -1707.920 -1707.921 -1707.921 -1707.921 -1707.921 -1707.921 -1707.921 -1707.921 -1707.922 -1707.922 -1707.923 -1707.925 -1707.927 -1707.929 -1707.932 -1707.934 -1707.932 -1707.920 -1707.890 -1707.826 -1707.706 -1707.499 -1707.295 -1707.401 -1707.524 -1707.716 -1707.921 -1707.931 -1707.964 -1708.040 -1708.309 -1709.423 -1708.297 -1708.170 -1708.194 -1708.236 -1708.285 -1708.340 -1708.402 -1708.471 -1708.549 -1708.636 -1708.733 -1708.840 -1708.960 -1709.091 -1709.237 -1709.397 -1709.573 -1709.766 -1709.977 -1710.209 -1710.461 -1710.736 -1711.037 -1711.363 -1711.718 -1712.104 -1712.523 -1712.978 -1713.472 -1714.008 -1714.590 -1715.221 -1715.908 -1716.654 -1717.467 -1718.354 -1719.324 -1720.386 -1721.555 -1722.845 -1724.276 -1725.874 -1727.673 -1729.717 -1732.073 -1734.836 -1738.171 -1742.443 -1749.223 -1768.944 -9999.000 -9999.000
-9999.000 -9999.000 -1128.294 -1271.172 -1408.534 -1523.378 -1606.162 -1657.429 -1685.212 -1698.552 -1704.311 -1706.563 -1707.413 -1707.731 -1707.850 -1707.894 -1707.911 -1707.917 -1707.919 -1707.920 -1707.920 -1707.921 -1707.921 -1707.921 -1707.921 -1707.921 -1707.921 -1707.921 -1707.922 -1707.922 -1707.923 -1707.925 -1707.927 -1707.929 -1707.932 -1707.934 -1707.932 -1707.920 -1707.890 -1707.826 -1707.706 -1707.499 -1707.295 -1707.401 -1707.524 -1707.716 -1707.921 -1707.931 -1707.964 -1708.040 -1708.309 -1709.423 -1708.297 -1708.170 -1708.194 -1708.236 -1708.285 -1708.340 -1708.402 -1708.471 -1708.549 -1708.636 -1708.733 -1708.840 -1708.960 -1709.091 -1709.237 -1709.397 -1709.573 -1709.766 -1709.977 -1710.209 -1710.461 -1710.736 -1711.037 -1711.363 -1711.718 -1712.104 -1712.523 -1712.978 -1713.472 -1714.008 -1714.590 -1715.221 -1715.908 -1716.654 -1717.467 -1718.354 -1719.324 -1720.386 -1721.555 -1722.845 -1724.276 -1725.874 -1727.673 -1729.717 -1732.073 -1734.836 -1738.171 -1742.443 -1749.223 -1768.944 -9999.000 -9999.000
-9999.000 -9999.000 -9999.000 -9999.000 -9999.000 -9999.000 -9999.000 -9999.000 -9999.000 -9999.000 -9999.000 -9999.000 -9999.000 -9999.000 -9999.000 -9999.000 -9999.000 -9999.000 -9999.000 -9999.000 -9999.000 -9999.000 -9999.000 -9999.000 -9999.000 -9999.000 -9999.000 -9999.000 -9999.000 -9999.000 -9999.000 -9999.000 -9999.000 -9999.000 -9999.000 -9999.000 -9999.000 -9999.000 -9999.000 -9999.000 -9999.000 -9999.000 -9999.000 -9999.000 -9999.000 -9999.000 -9999.000 -9999.000 -9999.000 -9999.000 -9999.000 -9999.000 -9999.000 -9999.000 -9999.000 -9999.000 -9999.000 -9999.000 -9999.000 -9999.000 -9999.000 -9999.000 -9999.000 -9999.000 -9999.000 -9999.000 -9999.000 -9999.000 -9999.000 -9999.000 -9999.000 -9999.000 -9999.000 -9999.000 -9999.000 -9999.000 -9999.000 -9999.000 -9999.000 -9999.000 -9999.000 -9999.000 -9999.000 -9999.000 -9999.000 -9999.000 -9999.000 -9999.000 -9999.000 -9999.000 -9999.000 -9999.000 -9999.000 -9999.000 -9999.000 -9999.000 -9999.000 -9999.000 -9999.000 -9999.000 -9999.000 -9999.000 -9999.000 -9999.000
-9999.000 -9999.000 -9999.000 -9999.000 -9999.000 -9999.000 -9999.000 -9999.000 -9999.000 -9999.000 -9999.000 -9999.000 -9999.000 -9999.000 -9999.000 -9999.000 -9999.000 -9999.000 -9999.000 -9999.000 -9999.000 -9999.000 -9999.000 -9999.000 -9999.000 -9999.000 -9999.000 -9999.000 -9999.000 -9999.000 -9999.000 -9999.000 -9999.000 -9999.000 -9999.000 -9999.000 -9999.000 -9999.000 -9999.000 -9999.000 -9999.000 -9999.000 -9999.000 -9999.000 -9999.000 -9999.000 -9999.000 -9999.000 -9999.000 -9999.000 -9999.000 -9999.000 -9999.000 -9999.000 -9999.000 -9999.000 -9999.000 -9999.000 -9999.000 -9999.000 -9999.000 -9999.000 -9999.000 -9999.000 -9999.000 -9999.000 -9999.000 -9999.000 -9999.000 -9999.000 -9999.000 -9999.000 -9999.000 -9999.000 -9999.000 -9999.000 -9999.000 -9999.000 -9999.000 -9999.000 -9999.000 -9999.000 -9999.000 -9999.000 -9999.000 -9999.000 -9999.000 -9999.000 -9999.000 -9999.000 -9999.000 -9999.000 -9999.000 -9999.000 -9999.000 -9999.000 -9999.000 -9999.000 -9999.000 -9999.000 -9999.000 -9999.000 -9999.000 -9999.000