tests/PSQL_test/input_maps/dem.asc
ncols 295 
nrows 180 
xllcorner 627200 
yllcorner 5109000 
cellsize 200 
NODATA_value -9999 
[rows 78 to 116 of 180, columns 174 to 260 of 295]
677 706 749 760 703 759 785 873 937 985 1025 1067 1118 1199 1196 1129 1110 1215 1347 1472 1556 1647 1755 1791 1744 1578 1516 1468 1328 1201 1138 1085 1032 993 776 717 684 614 560 454 325 241 209 208 208 207 206 207 209 209 209 209 206 208 207 206 212 375 465 501 545 597 625 738 950 1032 983 1064 1105 1169 1212 1301 1287 1267 1215 1125 1033 1050 1168 1272 1279 1444 1584 1651 1640 1556 1547
668 670 650 642 699 817 868 911 937 988 1040 1107 1170 1296 1315 1273 1203 1213 1244 1346 1458 1538 1685 1744 1509 1312 1403 1352 1224 1142 1088 1056 1017 1032 887 726 705 624 578 397 314 232 206 207 206 205 205 205 205 207 208 208 207 208 206 209 313 458 578 643 692 858 781 924 1096 1186 1105 1323 1389 1312 1376 1456 1304 1254 1212 1153 1083 1125 1239 1355 1408 1476 1595 1696 1704 1666 1636
640 660 683 732 806 835 903 956 977 1030 1114 1177 1272 1314 1422 1404 1311 1322 1382 1385 1459 1554 1664 1626 1378 1203 1156 1222 1202 1153 1071 986 938 972 1038 915 779 672 480 371 314 219 208 207 207 206 205 204 205 206 211 211 210 211 210 269 387 502 654 774 850 937 991 1051 1134 1294 1354 1403 1466 1455 1498 1555 1437 1312 1257 1218 1190 1233 1328 1448 1509 1544 1660 1728 1765 1734 1672
594 627 649 724 816 867 950 986 1019 1108 1193 1253 1331 1362 1457 1537 1426 1432 1516 1464 1478 1611 1654 1559 1395 1251 1125 1121 1104 1098 1104 1090 1033 714 834 757 803 685 489 386 306 217 216 212 208 209 207 207 210 210 211 212 208 211 215 310 407 545 776 782 927 1017 1139 1129 1140 1338 1412 1486 1559 1570 1519 1494 1454 1370 1332 1313 1304 1335 1424 1532 1606 1649 1732 1768 1774 1728 1704
704 747 786 810 865 882 891 965 1054 1179 1288 1369 1447 1496 1527 1605 1607 1594 1678 1618 1621 1655 1504 1436 1263 1220 1156 1036 990 940 1016 945 764 680 594 562 579 608 519 390 268 224 217 212 208 208 207 209 210 213 212 213 210 217 237 312 397 521 897 894 966 1075 1172 1254 1278 1421 1470 1493 1570 1576 1506 1446 1465 1422 1438 1417 1454 1459 1516 1628 1710 1712 1766 1783 1766 1729 1714
776 803 845 875 929 999 1020 1006 996 1119 1247 1361 1435 1538 1631 1655 1684 1673 1660 1545 1498 1555 1404 1336 1231 1163 1118 1064 1048 1010 979 936 938 837 763 613 546 445 402 363 238 230 219 216 208 208 208 210 209 211 212 210 212 226 264 354 424 537 808 819 823 937 1049 1171 1268 1396 1436 1461 1505 1479 1418 1422 1414 1491 1521 1513 1549 1584 1665 1730 1737 1734 1755 1756 1738 1715 1716
810 845 894 945 966 1057 1096 1012 1125 1118 1153 1260 1357 1525 1641 1645 1576 1466 1463 1350 1336 1427 1347 1316 1286 1202 1150 1106 1088 1079 1049 1021 1099 1035 1068 754 650 627 612 509 243 228 217 211 207 210 207 209 210 211 211 211 211 230 293 396 486 603 760 858 952 928 922 1037 1211 1273 1331 1364 1420 1382 1368 1386 1440 1513 1569 1563 1613 1680 1748 1724 1728 1732 1727 1710 1712 1670 1676
822 903 939 997 1068 1128 1186 1148 1164 1255 1260 1310 1387 1546 1601 1396 1338 1315 1346 1232 1290 1324 1348 1342 1321 1252 1185 1163 1169 1165 1147 1122 1163 1143 1136 1060 805 756 703 552 324 216 212 209 207 208 207 207 209 212 211 209 214 246 312 436 548 667 818 926 1061 1083 1054 1106 1041 1094 1142 1214 1326 1304 1333 1336 1406 1507 1555 1595 1638 1689 1722 1707 1709 1721 1682 1649 1648 1629 1618
867 925 977 1041 1122 1179 1242 1294 1311 1320 1398 1441 1450 1562 1513 1317 1232 1196 1251 1182 1219 1363 1382 1373 1365 1323 1247 1172 1171 1181 1170 1174 1213 1190 1206 1127 1004 868 754 554 345 213 208 207 207 208 206 206 208 209 211 208 217 254 328 429 540 684 865 974 1242 1262 1196 1248 1227 1254 1278 1182 1214 1266 1283 1314 1412 1497 1548 1603 1637 1652 1678 1679 1674 1671 1655 1591 1607 1610 1540
896 949 987 1073 1156 1218 1285 1345 1409 1420 1425 1516 1574 1550 1412 1318 1195 1154 1171 1190 1149 1333 1413 1408 1393 1364 1306 1169 1162 1167 1172 1189 1206 1209 1204 1060 907 817 770 552 326 210 207 208 207 207 208 209 210 211 211 208 215 252 324 428 539 732 870 994 1343 1392 1308 1302 1323 1352 1351 1288 1234 1216 1266 1326 1408 1495 1538 1584 1607 1654 1709 1694 1671 1631 1600 1561 1563 1529 1490
908 962 1003 1079 1161 1242 1303 1335 1389 1519 1546 1582 1671 1527 1469 1401 1317 1194 1036 1163 1087 1307 1421 1424 1414 1389 1302 1156 1158 1163 1167 1175 1196 1201 1171 1042 859 773 675 536 295 210 206 206 206 208 209 210 209 209 209 209 217 241 316 426 554 761 902 1001 1381 1427 1442 1435 1390 1412 1378 1343 1292 1266 1275 1307 1418 1488 1514 1562 1612 1678 1731 1752 1694 1611 1539 1511 1511 1482 1401
923 973 1016 1077 1143 1199 1158 1103 1196 1368 1458 1483 1445 1579 1570 1496 1459 1244 1003 1046 946 1071 1428 1446 1372 1310 1215 1153 1156 1159 1166 1138 1131 1123 1107 1046 988 920 801 570 322 209 208 207 206 208 210 210 211 209 208 210 212 219 298 428 553 791 896 1016 1364 1444 1478 1476 1312 1402 1357 1365 1308 1281 1318 1330 1350 1420 1500 1585 1673 1733 1750 1768 1696 1632 1530 1468 1456 1424 1363
926 981 1021 1074 1098 1111 1002 1022 1129 1201 1211 1284 1451 1509 1467 1435 1262 1207 998 915 901 1022 1327 1242 1247 1202 1174 1160 1146 1126 1080 1032 1036 1060 1063 1053 1004 876 818 585 343 208 207 207 207 208 210 210 211 210 210 212 214 221 289 412 605 806 915 1058 1327 1404 1401 1387 1200 1171 1182 1205 1227 1317 1354 1380 1375 1436 1526 1598 1673 1707 1749 1732 1676 1609 1497 1455 1416 1357 1318
770 816 911 895 919 902 922 966 1050 1138 1257 1389 1527 1577 1373 1170 1126 1050 959 908 846 966 1025 1073 1184 1136 1108 1064 1023 1037 1038 1039 1044 1075 1069 1047 1043 983 913 614 369 207 208 206 208 210 211 211 212 211 209 212 214 221 298 388 500 738 877 1055 1246 1251 1204 1155 1131 1064 1099 1139 1195 1309 1367 1427 1434 1472 1532 1614 1676 1704 1720 1680 1639 1554 1517 1491 1463 1434 1421
733 762 790 821 778 868 999 1090 1109 1208 1311 1422 1643 1509 1407 1199 1052 1027 981 945 814 914 940 1042 1026 1006 1006 1013 1028 1048 1052 1062 1063 1090 1099 1056 1062 1063 936 646 382 207 208 208 209 210 209 210 212 213 209 213 213 215 288 425 503 698 845 1002 1138 1124 1061 1029 1028 981 1043 1094 1148 1253 1345 1425 1472 1504 1552 1612 1657 1673 1649 1626 1590 1558 1519 1516 1522 1506 1498
723 745 689 751 876 961 1052 1188 1238 1280 1408 1574 1699 1528 1349 1203 1167 1140 997 961 838 790 945 963 950 1007 1023 1032 1054 1055 1071 1088 1095 1108 1124 1077 1086 1067 839 647 377 206 208 208 209 211 210 209 211 213 209 212 213 226 377 487 576 743 839 953 1050 1015 962 934 953 938 1027 1126 1218 1306 1381 1480 1491 1524 1557 1569 1612 1629 1606 1592 1565 1543 1520 1499 1522 1469 1470
647 680 671 832 843 874 988 1117 1160 1292 1489 1633 1768 1618 1377 1214 1054 808 750 733 769 716 834 898 1014 1034 1052 1056 1068 1080 1085 1100 1113 1128 1142 1103 1088 921 747 500 382 208 208 208 210 211 211 210 212 209 211 213 209 233 384 532 626 793 895 934 952 912 861 832 888 980 1072 1181 1272 1373 1425 1488 1499 1512 1503 1502 1546 1575 1585 1567 1557 1538 1511 1454 1419 1328 1347
605 660 750 892 1000 937 1002 1017 1062 1203 1364 1497 1803 1513 1305 1042 882 827 766 708 677 644 715 929 1046 1062 1076 1086 1093 1099 1102 1116 1133 1144 1155 1124 1056 888 720 481 348 227 212 209 209 209 210 210 211 210 212 212 210 224 369 491 610 737 840 875 857 803 769 868 967 1022 1100 1254 1334 1429 1470 1505 1510 1505 1485 1491 1534 1566 1572 1554 1484 1509 1493 1366 1252 1191 1163
700 742 861 976 1093 1121 1078 1152 1194 1311 1412 1524 1713 1501 1252 1013 916 849 783 729 673 643 646 847 992 1086 1092 1111 1124 1126 1081 1095 1121 1154 1156 1149 1105 959 724 480 354 210 210 207 209 209 210 211 209 212 212 207 210 229 338 448 626 768 839 811 759 699 790 914 990 1062 1159 1274 1390 1492 1520 1526 1519 1513 1489 1486 1536 1562 1565 1555 1467 1353 1331 1271 1226 1063 1042
754 840 853 1048 1166 1259 1155 1233 1345 1284 1552 1625 1438 1246 1168 1061 936 854 781 800 644 572 600 641 944 993 984 1125 1122 1144 1068 1003 1059 1134 1162 1128 1000 931 680 476 370 205 209 206 208 208 211 211 210 213 211 207 210 215 391 497 640 728 702 656 652 758 800 856 948 1067 1182 1328 1434 1524 1570 1572 1537 1499 1474 1491 1535 1569 1600 1573 1462 1308 1155 1109 1110 1084 1020
842 964 1043 1072 1076 1185 1287 1324 1414 1499 1670 1716 1590 1444 1308 1303 1161 1044 886 905 777 525 578 548 670 810 959 1096 1101 1045 1058 933 942 1043 1152 1154 874 769 684 518 299 211 211 209 209 208 208 209 210 211 208 210 211 224 411 550 619 575 608 698 778 814 846 924 1047 1114 1224 1362 1454 1525 1565 1578 1513 1474 1443 1492 1530 1572 1601 1542 1465 1340 1161 1077 974 981 982
861 994 1121 1209 1185 1218 1343 1439 1474 1650 1677 1829 1857 1779 1507 1430 1281 1224 1107 1023 829 623 435 452 556 666 757 1010 909 686 771 816 831 966 1073 969 759 610 543 353 205 212 210 210 209 209 210 210 211 209 207 210 210 236 420 545 531 558 679 754 793 831 905 986 1103 1213 1254 1385 1488 1514 1535 1552 1484 1436 1427 1485 1515 1542 1561 1564 1462 1340 1209 1184 1030 887 858
987 985 1066 1222 1338 1329 1358 1460 1612 1749 1764 1832 1768 1674 1538 1442 1336 1277 1253 1116 960 802 555 377 463 530 596 593 552 525 449 467 451 500 495 498 413 331 272 216 210 212 212 210 210 209 208 211 210 208 209 210 211 268 384 391 534 620 690 722 763 845 933 1041 1171 1279 1340 1430 1521 1506 1488 1500 1454 1381 1436 1457 1484 1509 1527 1505 1467 1385 1279 1244 1079 944 860
1114 1153 1098 1194 1358 1457 1488 1577 1684 1781 1814 1773 1670 1545 1456 1334 1282 1275 1269 1216 1172 890 723 554 333 371 431 407 360 320 234 219 216 215 211 225 211 213 210 212 212 213 210 210 209 208 211 210 208 209 209 210 212 332 462 460 504 571 640 713 738 843 956 1095 1222 1306 1407 1500 1516 1493 1437 1464 1428 1347 1403 1427 1449 1474 1474 1470 1385 1351 1242 1147 1023 897 763
1175 1261 1240 1329 1350 1480 1587 1683 1773 1797 1570 1676 1564 1476 1406 1288 1272 1259 1255 1224 1171 875 705 589 376 309 298 268 231 218 212 209 209 208 208 209 209 208 212 213 212 213 212 208 207 209 211 209 206 208 209 210 262 388 477 492 527 604 696 774 817 872 1002 1142 1250 1335 1441 1498 1503 1475 1409 1417 1412 1334 1356 1399 1429 1464 1456 1359 1308 1257 1117 1072 963 859 688
1263 1336 1369 1398 1476 1521 1633 1727 1820 1719 1500 1493 1510 1392 1322 1236 1235 1236 1231 1159 955 742 591 460 276 273 270 247 227 220 210 208 208 208 208 209 208 212 213 213 213 212 210 207 209 210 210 209 208 209 210 274 372 424 472 505 548 622 715 819 934 1010 1008 1172 1270 1387 1472 1509 1556 1493 1427 1358 1370 1310 1332 1387 1419 1441 1402 1264 1223 1136 1015 940 893 822 717
1323 1405 1457 1489 1570 1628 1700 1790 1841 1639 1378 1318 1369 1354 1255 1200 1216 1220 1197 1036 795 583 449 286 248 257 250 233 226 217 209 208 208 209 210 209 208 210 213 212 213 213 209 209 209 209 208 207 208 209 259 370 432 456 510 539 567 645 760 817 929 1060 1171 1198 1353 1450 1511 1517 1551 1523 1464 1382 1309 1257 1320 1368 1406 1427 1384 1235 1095 1034 928 829 778 771 645
1364 1460 1513 1535 1621 1687 1748 1843 1729 1493 1319 1187 1311 1325 1203 1178 1195 1212 1170 908 713 403 260 229 235 237 227 225 218 211 208 208 208 209 210 209 208 212 212 213 213 212 208 210 209 208 206 208 212 215 307 406 484 534 563 585 633 700 826 912 982 1107 1228 1304 1371 1462 1508 1512 1523 1524 1484 1405 1290 1221 1296 1343 1373 1414 1338 1219 1073 937 875 792 650 685 644
1398 1481 1532 1581 1633 1714 1776 1798 1718 1418 1161 1119 1193 1248 1164 1152 1179 1185 1110 771 440 298 221 215 218 219 217 214 209 208 209 208 209 209 210 210 209 212 212 212 211 210 212 210 208 206 207 208 216 265 325 436 508 541 607 674 726 841 940 1039 1126 1193 1276 1373 1418 1465 1485 1513 1526 1524 1504 1414 1286 1186 1209 1258 1343 1376 1334 1194 1042 889 806 713 640 746 766
1456 1531 1560 1581 1653 1740 1767 1645 1576 1395 1197 1048 1151 1133 1108 1125 1139 1122 1051 730 419 248 206 207 208 209 209 209 209 209 209 208 212 212 211 210 210 211 212 210 211 213 210 207 206 207 207 212 245 305 400 460 520 595 672 747 834 1006 1084 1120 1227 1310 1344 1414 1451 1424 1452 1475 1486 1498 1507 1402 1291 1208 1133 1218 1287 1305 1253 1156 1073 885 754 664 702 836 874
1478 1555 1609 1632 1572 1724 1767 1541 1468 1263 1158 1015 1071 1090 969 1096 1111 964 925 560 331 209 204 205 207 208 208 207 209 210 209 212 213 213 212 212 212 210 210 211 212 210 208 209 208 208 209 229 299 348 406 478 552 645 752 833 899 1066 1182 1208 1295 1377 1420 1462 1483 1451 1420 1426 1433 1456 1482 1391 1271 1189 1117 1181 1219 1187 1145 1082 1042 896 746 631 722 820 895
1536 1619 1649 1639 1441 1567 1724 1566 1375 1241 1150 1059 987 1005 859 1066 921 895 724 458 219 204 205 205 205 206 207 207 209 209 210 212 212 213 214 213 212 213 212 211 209 213 216 215 213 214 292 336 356 401 427 488 602 703 842 936 1043 1159 1226 1270 1341 1442 1479 1498 1499 1470 1412 1346 1346 1350 1389 1344 1234 1158 1072 1181 1141 1041 1025 971 948 858 704 628 732 820 908
1478 1544 1538 1610 1439 1360 1543 1488 1396 1378 1254 1166 1016 850 832 953 895 767 409 260 213 204 204 204 205 206 207 208 208 210 211 213 213 210 207 207 210 210 208 213 212 216 220 225 241 335 386 399 434 447 485 577 656 778 914 1052 1127 1210 1269 1314 1395 1461 1492 1505 1514 1509 1453 1386 1273 1228 1226 1246 1178 1057 1089 1155 1127 1019 897 879 848 784 651 635 751 848 938
1390 1394 1372 1376 1275 1277 1336 1395 1418 1388 1314 1116 1025 984 594 891 537 295 284 220 209 203 203 203 205 205 206 207 207 210 215 213 210 211 213 216 219 217 216 214 217 241 307 340 365 400 417 432 462 500 575 655 729 850 987 1092 1204 1268 1292 1335 1396 1450 1501 1510 1510 1519 1488 1421 1325 1216 1127 1119 1105 1032 1024 1111 1084 1002 916 796 735 709 619 650 726 801 901
1037 1095 1044 1049 1071 1165 1312 1416 1457 1374 1169 1044 1022 914 573 692 314 216 206 206 205 203 202 203 204 205 205 207 207 209 210 221 370 452 474 397 438 470 486 476 384 415 466 406 419 467 476 487 528 582 648 750 843 938 1060 1190 1257 1290 1321 1346 1406 1442 1480 1478 1529 1539 1539 1457 1370 1285 1192 1083 1010 1004 934 1053 1025 934 845 785 706 614 681 772 815 890 896
804 866 919 966 1035 1169 1352 1434 1427 1286 1107 1017 987 885 539 389 217 208 204 204 204 204 203 203 204 204 205 206 208 209 248 474 620 700 695 643 421 591 670 665 598 543 513 414 489 505 547 597 654 695 765 874 920 1027 1153 1261 1304 1323 1358 1364 1363 1387 1420 1437 1505 1540 1532 1502 1433 1315 1224 1131 1000 907 949 1000 967 916 807 673 626 693 721 756 880 989 1052
762 835 884 950 1105 1223 1361 1248 1159 1209 1058 1012 875 814 417 250 223 211 203 204 204 204 204 203 203 204 205 208 209 210 366 620 839 895 893 693 607 546 702 705 631 575 508 510 541 584 651 710 751 805 930 988 1033 1115 1231 1297 1334 1368 1398 1359 1276 1312 1350 1408 1459 1488 1506 1447 1448 1322 1228 1137 1003 886 870 913 924 887 761 619 691 779 828 815 864 999 1089
805 866 921 1055 1169 1233 1283 1137 969 980 991 968 808 547 246 223 215 207 203 204 205 204 204 205 204 204 207 210 210 301 586 800 936 1034 976 848 756 669 693 727 664 566 497 558 609 671 752 801 852 986 1074 1139 1178 1200 1292 1342 1374 1414 1418 1388 1301 1205 1238 1344 1351 1388 1398 1369 1388 1321 1227 1126 1017 912 858 811 870 869 776 652 668 790 888 909 924 966 1055
826 915 978 1096 1156 1052 1153 1063 961 822 972 894 766 361 210 209 206 203 203 205 206 206 206 206 206 208 209 211 304 479 742 923 1046 1069 1051 954 913 871 790 708 584 600 592 610 657 765 862 915 1013 1092 1177 1260 1313 1340 1366 1364 1418 1433 1417 1354 1294 1216 1167 1257 1262 1265 1282 1270 1324 1289 1205 1117 1031 949 871 737 802 777 713 599 689 802 910 942 990 1041 1078
