tests/PSQL_test/input_maps/slp.asc
ncols 295 
nrows 180 
xllcorner 627200 
yllcorner 5109000 
cellsize 200 
NODATA_value -9999 
[rows 0 to 58 of 180, columns 96 to 191 of 295]
32 32 31 27 25 25 19 17 17 18 16 15 16 16 14 15 16 22 5 18 20 16 7 20 10 21 29 29 26 24 22 25 31 35 33 28 27 28 25 19 11 5 9 12 15 19 17 14 15 18 16 18 16 10 28 19 12 10 13 18 12 11 21 22 12 24 30 31 29 22 16 13 11 11 12 17 13 7 7 12 10 10 14 9 6 6 9 10 6 7 11 10 9 9 8 8
34 36 36 35 34 31 21 19 22 24 21 20 21 21 18 17 11 20 13 8 18 20 15 18 19 19 28 32 30 26 28 33 35 36 30 26 27 25 18 15 12 11 5 10 15 17 15 12 16 20 19 11 5 19 20 13 12 13 14 16 13 13 22 17 25 32 32 30 26 18 13 9 8 12 12 14 9 6 6 11 6 14 11 9 11 9 9 9 5 7 11 10 8 9 9 9
34 33 31 31 29 30 27 22 26 25 21 22 23 22 22 22 18 22 21 9 10 16 19 21 19 6 21 16 11 23 36 35 35 35 28 26 23 17 17 18 15 12 12 7 11 16 13 10 15 19 15 8 23 20 13 9 10 13 13 13 13 17 16 14 27 27 27 25 20 13 10 6 6 14 13 9 6 5 4 10 4 13 10 6 7 11 13 9 2 5 12 10 7 8 8 8
34 35 33 31 28 31 31 29 30 25 21 25 22 26 24 26 30 31 29 26 23 13 3 11 18 31 36 35 31 29 35 33 32 33 27 24 23 28 30 28 22 15 16 18 2 13 15 12 16 20 8 20 24 15 13 13 16 19 17 19 22 21 4 22 25 23 23 20 14 10 7 8 13 16 13 7 5 4 4 9 3 9 9 7 9 14 14 5 1 4 9 8 7 8 8 7
35 36 36 36 35 37 34 33 31 26 25 26 23 32 31 32 29 28 29 32 34 31 23 14 34 42 38 37 37 35 33 25 27 30 30 34 35 35 34 32 25 17 14 19 13 7 16 15 17 20 9 27 20 14 12 15 19 22 24 28 28 17 16 29 25 22 19 16 11 8 6 10 13 12 10 6 5 3 3 9 0 12 8 6 9 14 13 3 1 4 5 6 7 9 9 7
30 32 33 35 36 37 32 34 30 26 23 26 25 32 33 29 28 24 22 30 33 33 33 24 40 43 38 33 33 35 34 26 17 17 28 34 31 25 30 32 25 15 13 13 16 15 11 14 17 13 19 26 16 15 16 15 18 24 28 30 23 11 27 31 24 18 14 13 10 8 5 10 14 9 6 7 5 4 7 9 4 12 6 6 12 15 9 2 2 3 3 6 7 8 9 9
6 21 29 32 35 35 32 35 33 29 28 28 26 27 26 25 28 27 27 30 31 29 30 25 40 40 37 34 32 34 33 32 26 13 8 18 24 28 30 30 25 19 14 12 15 21 6 12 16 1 23 22 15 15 20 18 18 26 30 24 11 23 33 32 24 16 11 11 10 8 8 13 16 8 6 9 6 6 9 4 6 9 8 8 15 13 6 4 3 1 2 5 8 9 9 9
23 11 6 15 19 19 22 30 35 35 35 32 27 24 29 27 31 32 30 26 27 29 24 26 37 37 38 38 33 34 33 29 27 24 20 6 30 32 30 28 22 19 15 11 15 21 7 11 12 14 23 20 17 16 22 22 22 30 26 5 16 29 34 31 24 15 12 10 9 7 11 15 12 7 7 11 10 12 12 8 10 11 11 10 15 10 6 5 1 2 2 6 9 9 8 9
26 28 26 23 20 18 19 17 23 27 28 28 26 26 31 30 30 28 23 19 26 26 17 24 32 31 33 35 25 24 26 20 23 26 26 6 27 33 33 30 21 19 16 12 14 20 13 9 6 20 23 23 19 18 24 26 29 31 14 18 27 29 33 30 23 14 11 7 8 10 11 11 8 6 5 11 12 11 10 6 11 11 9 12 13 11 10 5 2 1 4 8 9 10 9 8
21 24 26 26 21 19 26 20 10 9 6 10 17 25 31 30 26 18 16 24 24 16 21 28 33 29 24 32 33 25 18 22 25 30 30 19 24 30 33 31 21 19 17 12 13 17 19 8 14 21 22 26 20 20 28 32 33 24 7 30 31 34 34 29 23 14 9 6 8 11 9 8 8 6 7 13 13 3 8 16 21 18 16 16 12 9 11 5 2 1 6 8 9 10 8 8
10 12 15 19 24 27 20 14 26 31 30 26 14 13 25 31 30 20 21 24 19 20 30 30 34 34 32 30 34 31 17 26 31 34 32 30 33 31 32 30 21 21 20 13 14 17 20 6 19 21 22 26 21 22 32 35 30 11 24 33 29 24 24 25 20 12 7 6 9 12 9 7 7 7 12 15 4 13 21 20 20 15 15 16 14 13 11 3 3 1 7 9 9 9 8 7
11 21 25 27 26 14 9 26 32 33 35 38 37 18 11 28 36 31 28 28 23 31 34 33 32 35 32 33 29 29 25 24 32 35 33 36 35 32 32 27 21 23 22 15 14 18 21 5 22 21 22 26 24 28 35 34 20 13 31 29 22 23 26 21 13 9 6 7 11 13 9 6 8 9 12 5 15 22 20 16 15 12 9 8 7 7 4 4 4 2 7 8 8 9 7 7
16 26 24 18 15 18 26 31 32 32 34 38 44 39 18 17 36 37 34 32 30 36 36 35 33 32 28 29 27 24 31 17 30 33 33 36 33 30 32 24 16 24 21 14 13 18 18 6 23 20 22 27 27 31 36 30 7 22 28 23 22 28 30 20 11 10 8 9 11 10 7 5 9 12 8 10 21 16 11 9 11 10 7 5 6 5 1 6 4 3 7 8 8 8 7 6
23 20 19 27 28 26 30 36 34 32 32 34 39 41 38 16 25 38 37 33 35 38 36 34 34 31 26 24 22 27 29 17 26 33 37 37 34 30 28 17 9 23 22 14 11 15 14 9 24 19 24 31 30 32 32 23 11 17 25 24 29 33 27 16 12 10 8 8 9 9 7 9 14 12 4 16 18 12 10 9 9 9 6 4 4 3 3 6 1 4 7 8 8 8 6 6
22 14 24 27 24 22 31 36 26 20 23 32 33 30 35 32 8 30 37 35 35 35 32 31 32 33 28 24 25 26 23 20 23 33 35 33 32 28 22 16 9 20 22 15 9 14 13 10 24 20 29 35 31 25 22 21 17 11 26 29 35 33 22 13 11 9 7 6 8 10 10 14 12 3 13 16 18 12 9 8 8 8 5 3 3 1 5 5 1 5 7 7 7 8 6 7
21 24 25 24 20 22 36 35 21 23 29 34 32 27 29 34 22 16 33 38 36 32 29 27 26 27 28 30 31 26 22 23 20 19 22 25 29 26 19 19 15 18 17 14 11 16 13 12 25 24 32 35 25 17 22 24 20 14 30 34 38 30 17 12 11 9 8 8 10 13 14 9 5 18 19 17 16 12 7 8 8 7 5 3 1 3 6 2 3 5 7 6 5 7 7 9
19 25 23 25 20 27 38 30 20 28 34 36 34 31 33 38 33 12 16 27 31 29 25 22 19 21 24 26 22 12 4 14 20 21 18 8 17 22 19 17 18 18 13 11 13 17 12 13 26 27 33 30 22 21 24 29 22 20 36 38 35 23 12 11 10 9 8 9 10 13 7 10 16 15 12 10 12 12 10 8 7 7 4 2 1 5 4 1 4 4 6 6 5 8 9 9
16 20 19 26 21 27 30 9 12 26 31 32 31 25 28 36 32 19 9 5 7 10 14 16 16 12 5 9 13 18 27 37 42 41 39 34 16 12 22 16 13 12 9 7 11 18 14 12 26 27 31 26 25 25 24 30 18 24 36 35 28 16 11 12 9 9 10 11 12 11 7 19 11 9 12 10 9 12 10 7 6 6 3 1 2 4 1 3 1 3 6 7 8 9 7 7
20 18 16 24 19 24 16 13 25 33 38 39 40 37 34 30 21 22 22 19 18 16 13 8 10 16 28 33 33 32 35 38 39 42 41 41 33 10 18 19 10 7 8 8 8 18 16 10 23 26 28 23 23 22 29 28 16 28 36 31 23 13 11 12 10 9 11 11 8 2 14 13 4 10 13 8 8 11 6 2 6 5 2 1 2 4 1 2 3 4 6 8 9 9 7 14
25 30 30 29 22 12 8 30 37 42 42 40 34 25 16 18 28 33 32 30 26 25 27 30 35 35 36 36 35 35 37 36 29 32 38 39 35 23 3 18 13 7 7 7 5 17 16 8 20 25 25 19 18 22 30 29 20 32 34 27 19 11 13 13 10 13 14 4 8 10 13 11 7 11 10 6 8 8 5 5 7 4 2 2 2 5 4 4 3 4 7 7 7 9 13 11
28 26 24 22 15 17 30 38 38 33 27 25 19 18 27 32 31 29 29 30 30 28 26 30 33 33 32 28 28 25 22 13 9 33 40 37 29 22 14 9 17 13 7 3 2 12 18 3 18 23 24 17 15 22 26 30 22 33 29 21 13 12 14 12 11 18 12 9 2 4 10 11 9 9 7 8 9 5 3 6 7 3 1 1 3 7 4 3 2 5 7 5 8 9 4 6
16 8 30 27 24 23 25 29 25 14 21 33 35 34 33 31 28 29 29 29 29 32 29 29 28 30 25 13 15 12 20 28 35 39 38 33 25 17 17 7 12 14 10 6 4 5 17 13 11 24 25 21 18 21 24 26 22 31 24 16 9 12 13 7 8 15 4 10 7 3 10 11 8 7 6 10 8 3 3 6 6 4 2 1 5 9 5 2 4 6 5 3 3 5 9 15
12 17 30 24 17 16 24 26 22 23 30 36 39 37 35 33 33 33 32 32 31 31 31 30 27 24 20 23 22 21 31 35 35 37 34 28 21 14 12 14 5 14 15 12 8 2 10 20 10 15 25 25 22 21 26 22 25 28 19 10 8 12 9 3 7 16 9 8 8 6 11 10 6 7 8 9 7 4 5 6 5 4 3 3 8 9 2 3 5 6 2 2 5 8 11 13
18 15 26 21 14 16 24 26 23 28 31 32 35 33 30 25 21 21 24 26 28 28 24 15 2 7 14 20 27 30 26 26 30 31 27 22 17 11 6 12 13 5 15 15 11 7 1 14 21 4 17 23 21 19 25 20 24 22 11 6 8 10 5 1 4 16 13 6 10 9 12 9 6 7 11 9 6 6 6 5 4 3 2 4 9 5 2 2 4 7 3 2 7 8 13 12
17 7 21 15 14 17 26 27 20 29 29 24 20 16 17 23 21 21 17 9 11 13 14 26 30 30 24 12 19 32 36 26 24 24 20 17 16 14 13 10 8 12 3 15 13 11 10 13 18 7 8 16 17 18 21 18 20 15 7 6 8 8 3 1 4 15 15 4 11 9 10 8 7 12 11 7 5 6 6 5 4 2 1 3 9 4 4 3 2 4 4 3 7 9 14 16
22 9 15 25 28 25 28 24 19 24 12 21 28 31 35 38 36 35 34 33 31 26 28 37 31 26 20 20 19 32 38 34 23 19 17 16 20 20 19 19 16 12 9 13 15 12 10 16 13 1 8 10 12 16 18 20 17 11 7 6 8 6 4 5 7 15 14 6 14 12 11 11 14 13 7 5 5 5 5 4 5 3 1 3 10 6 5 6 8 8 4 4 9 9 8 10
24 16 8 18 22 23 29 22 17 11 21 34 35 34 37 38 33 34 32 32 32 29 22 32 21 23 25 26 28 38 40 36 24 18 19 20 22 17 11 6 5 3 8 3 10 17 16 17 10 9 13 14 12 13 16 15 11 9 9 6 7 6 7 13 15 17 9 10 14 15 15 15 13 7 3 7 8 5 3 3 4 4 2 4 10 9 5 11 8 3 6 12 18 18 20 20
23 20 21 19 8 21 26 29 12 6 28 34 34 35 38 36 32 34 33 32 31 29 20 22 26 22 32 32 34 41 40 33 24 21 21 19 15 3 12 20 23 23 24 21 13 4 4 9 8 12 12 14 13 12 13 13 11 9 9 6 7 8 11 17 17 15 5 15 15 18 15 10 6 2 5 10 7 3 4 4 4 3 1 4 11 9 10 13 7 5 9 14 16 14 13 12
23 20 21 26 12 11 16 23 20 24 25 30 34 33 29 28 26 29 31 33 31 27 22 17 30 37 31 36 41 42 38 30 24 22 18 11 1 13 23 28 26 23 23 24 25 25 22 21 19 12 4 10 16 15 12 14 11 9 8 7 12 18 17 14 5 5 13 18 16 17 13 6 0 1 8 9 4 2 4 4 3 1 3 4 13 5 16 12 7 11 16 18 17 14 11 10
25 25 24 29 25 23 31 32 35 33 27 24 31 31 28 34 36 30 19 23 24 26 21 25 37 43 27 32 39 35 30 24 18 12 5 4 13 19 23 25 20 21 21 22 22 22 23 25 25 18 12 5 6 11 12 12 11 10 6 8 18 19 13 7 5 14 15 15 14 14 11 4 4 3 10 8 4 4 5 3 2 2 3 3 13 2 16 10 10 17 18 16 14 11 10 11
33 34 32 32 26 30 36 34 37 33 32 30 32 32 28 29 34 34 25 12 17 22 23 31 40 39 23 25 28 23 19 12 1 8 14 18 21 23 23 22 16 21 26 28 31 34 34 33 33 22 15 17 7 3 7 11 14 9 7 10 17 8 2 3 13 13 11 10 10 12 10 5 4 4 9 9 7 6 5 4 4 4 4 8 14 5 14 13 16 20 17 12 10 10 11 11
38 35 30 32 17 27 37 38 40 37 34 34 34 36 35 33 27 29 31 19 18 24 29 36 39 34 22 22 21 9 3 10 18 24 27 27 28 26 25 24 22 22 22 21 20 22 24 24 34 29 17 20 10 0 3 10 11 6 8 12 14 3 3 10 17 10 8 8 9 9 9 6 3 5 9 10 7 6 3 3 3 3 3 14 15 8 20 20 16 19 18 11 10 10 11 11
30 30 32 31 9 27 39 39 38 38 35 34 30 30 33 32 30 25 27 25 11 23 31 34 33 26 19 18 12 6 17 21 24 29 33 35 32 26 24 26 23 14 9 8 5 9 11 14 21 25 23 22 10 0 3 10 7 8 11 13 5 8 10 14 12 6 6 8 8 5 6 6 5 5 11 11 6 5 3 1 4 1 5 15 18 12 24 18 13 16 17 11 9 10 11 10
33 35 32 25 21 31 38 40 31 32 32 32 28 25 30 29 25 26 24 25 16 18 26 26 22 17 11 6 6 19 22 22 30 37 37 37 36 30 24 26 17 9 14 14 11 13 16 16 17 21 25 20 11 4 2 9 9 10 10 6 8 14 11 10 6 6 6 6 6 5 6 6 5 7 11 10 6 5 4 3 4 4 5 19 19 15 26 20 13 13 15 13 9 10 11 11
38 37 26 23 36 38 35 31 32 36 30 31 31 27 25 29 25 21 26 27 24 20 19 17 14 11 1 14 26 31 28 30 40 42 38 36 36 35 28 26 16 20 20 15 11 13 14 14 16 19 19 14 13 10 3 4 5 4 2 9 12 10 6 5 5 6 5 4 5 7 8 6 6 9 10 9 7 6 5 5 3 6 2 26 17 23 30 23 14 14 14 12 11 11 11 11
38 35 20 26 35 36 33 24 29 39 36 21 29 29 27 28 28 22 22 22 21 17 16 16 11 3 17 31 35 35 33 37 42 37 34 33 31 33 28 19 15 26 27 15 11 15 14 13 13 16 14 8 8 13 7 2 2 1 9 11 6 6 7 5 6 5 3 3 4 7 7 6 7 10 9 7 8 8 8 8 9 13 16 27 7 29 30 22 13 12 11 11 12 12 10 10
37 31 22 28 33 33 31 27 29 35 36 25 21 33 35 31 29 25 23 20 17 15 15 13 1 17 32 39 38 36 36 35 35 33 32 32 29 31 27 16 16 27 30 18 15 17 14 11 11 12 12 9 9 12 7 0 0 2 10 9 3 5 7 5 5 4 3 4 6 6 7 8 6 8 14 10 8 10 11 13 20 24 21 10 18 33 30 20 12 11 11 11 12 12 10 10
34 29 23 27 35 35 32 30 32 35 30 27 24 23 24 25 27 26 24 20 17 14 10 1 20 33 41 43 38 34 35 34 32 38 35 30 26 26 25 26 22 26 29 21 16 13 8 7 8 8 11 9 6 8 5 0 0 1 8 10 4 5 7 6 5 3 4 4 7 8 9 10 4 9 16 16 14 21 24 20 13 7 15 27 34 32 25 16 11 9 9 8 12 12 10 10
31 26 23 26 32 35 29 31 32 34 29 23 27 20 13 19 23 22 18 13 11 6 3 18 32 36 40 39 31 31 37 36 35 42 32 21 21 25 30 31 23 22 26 21 15 11 6 5 5 6 7 10 12 12 7 0 0 0 7 10 5 6 6 5 4 5 3 2 7 12 12 12 17 14 11 18 16 11 9 6 12 28 31 28 24 19 13 8 7 10 10 7 11 13 12 11
31 30 32 31 31 34 28 28 29 31 28 28 32 27 20 17 15 15 13 7 3 11 19 27 33 31 34 34 29 34 40 37 37 37 16 17 25 30 31 28 23 20 23 20 13 13 9 5 7 6 3 6 11 13 9 2 0 0 5 10 7 7 7 6 6 3 4 3 5 12 12 2 2 10 14 8 7 11 18 18 19 26 19 15 12 5 10 11 7 10 13 11 12 12 11 12
30 30 36 36 35 35 31 24 27 30 30 31 32 25 17 12 12 14 8 4 12 15 20 27 31 30 33 35 33 34 34 25 22 16 5 18 28 31 30 26 21 20 22 19 11 13 10 5 7 6 2 4 11 14 12 4 0 0 3 8 7 5 6 5 4 4 4 2 7 18 16 15 20 22 21 24 16 12 7 4 13 23 19 13 13 15 11 12 14 16 15 10 9 10 10 12
29 31 34 35 35 36 32 27 28 30 29 26 21 14 12 11 13 12 2 12 12 13 22 32 37 35 35 36 34 34 24 6 4 2 9 18 30 32 30 26 20 21 24 19 11 12 10 5 5 5 1 1 8 11 14 9 2 0 4 7 6 5 5 4 4 3 3 9 15 16 13 8 8 9 7 11 16 11 4 3 3 20 28 28 25 18 21 19 14 12 11 8 8 8 9 11
38 40 36 34 36 36 31 29 27 25 23 18 13 10 10 11 12 3 11 14 12 23 33 37 36 30 32 34 33 30 15 4 4 8 12 21 31 32 30 26 20 19 25 20 11 11 10 5 4 5 2 2 5 8 13 10 3 0 3 6 7 6 5 5 3 4 8 14 11 10 9 6 6 9 8 6 10 10 7 14 20 18 4 14 20 24 27 22 12 9 10 8 7 7 8 11
42 41 37 36 35 30 25 23 20 16 15 12 9 6 6 6 2 9 15 14 16 27 33 30 26 21 27 33 30 21 8 6 9 12 19 25 30 32 30 24 17 19 26 21 11 12 9 4 4 5 3 3 2 8 14 11 3 0 2 5 8 6 4 4 5 4 12 12 10 12 12 7 8 10 8 6 5 9 3 17 18 26 30 27 14 17 26 29 25 17 12 9 5 6 8 10
28 28 29 29 25 19 16 14 11 9 9 9 7 5 4 3 12 17 17 19 21 25 28 23 21 19 25 36 31 14 6 7 14 12 14 22 29 30 25 19 16 22 29 20 10 9 6 3 3 4 2 3 1 9 15 11 3 0 1 5 10 9 3 6 4 8 10 9 7 9 10 9 13 11 7 6 5 11 2 20 17 11 16 26 25 8 15 26 31 29 21 13 10 8 8 10
15 7 6 12 14 13 12 9 6 7 10 10 6 1 5 14 18 19 22 26 29 29 26 22 21 20 26 38 30 8 5 3 16 16 14 23 30 25 17 18 19 25 30 21 11 8 5 3 3 4 3 2 2 9 14 9 5 2 0 1 8 11 5 6 15 13 11 13 13 11 10 11 14 10 7 4 6 10 1 20 21 10 3 5 17 24 14 6 22 31 30 21 12 10 9 12
38 32 24 12 5 11 12 9 6 8 9 4 3 9 14 17 18 17 20 25 27 28 29 26 24 25 30 37 26 7 5 1 15 17 13 24 30 22 16 17 20 25 30 22 12 9 5 2 3 4 3 2 3 6 11 12 11 6 1 0 4 9 5 13 15 10 10 11 10 7 8 11 13 10 5 4 10 7 4 18 21 10 5 3 7 19 28 23 2 22 29 28 19 13 12 14
27 27 27 20 9 6 6 7 8 7 1 7 12 14 16 18 21 21 20 22 24 26 26 27 28 28 30 34 22 6 2 3 11 16 17 25 28 20 18 19 17 23 29 24 14 9 5 1 3 4 3 2 4 3 3 8 13 13 7 3 3 9 8 14 14 10 9 7 7 7 8 11 11 7 4 10 8 2 10 16 17 9 6 6 8 8 13 26 23 4 20 29 26 21 18 18
23 27 27 19 9 7 5 1 1 1 7 11 12 14 18 24 27 29 25 17 26 26 24 23 26 28 29 27 15 2 3 7 11 14 20 24 24 21 22 22 17 20 26 24 16 10 5 1 2 4 4 5 3 1 2 1 7 9 9 7 3 9 9 16 16 11 9 6 7 8 8 7 8 6 9 7 5 11 13 14 13 8 7 7 8 8 5 12 25 20 2 23 24 22 27 21
29 32 26 13 5 5 6 6 9 16 22 19 14 15 22 28 30 31 29 22 20 27 24 25 24 23 23 17 9 2 5 8 13 18 22 22 22 21 23 23 18 19 23 22 16 11 6 3 2 2 4 6 7 5 1 1 4 5 7 8 1 8 12 17 16 10 8 5 5 6 5 6 8 8 8 7 14 11 10 10 9 8 6 6 7 8 6 1 12 21 17 3 16 26 30 23
30 30 18 7 4 5 1 7 13 24 28 25 20 18 23 31 32 31 30 33 15 26 24 27 26 20 17 15 9 5 3 6 15 17 17 19 17 19 21 24 23 22 21 18 14 11 7 4 2 1 2 5 7 7 2 2 3 4 7 9 0 9 12 16 17 11 6 4 4 5 5 7 9 8 4 15 13 5 5 6 8 8 6 6 8 8 6 5 6 9 16 18 2 25 29 28
31 22 8 4 5 4 5 10 14 23 21 21 26 27 27 34 35 30 27 34 26 25 24 23 27 27 21 12 4 6 6 7 14 16 19 21 19 21 25 25 23 23 23 18 14 11 7 4 2 1 3 2 7 7 2 2 3 4 8 8 0 9 14 17 17 10 4 5 7 6 4 5 7 5 8 14 10 6 5 6 8 8 8 8 9 8 7 4 3 2 6 17 17 8 23 27
24 11 4 3 1 4 11 15 18 22 22 19 29 37 39 38 32 23 19 29 28 27 31 27 31 33 20 3 5 3 6 9 11 10 16 20 18 22 30 30 20 16 24 22 14 11 8 4 2 1 3 1 7 7 3 2 4 6 8 11 7 13 18 19 11 6 6 6 6 6 5 5 8 9 9 10 7 7 6 5 6 6 7 8 8 7 6 4 1 2 5 12 21 17 5 19
11 4 2 0 4 8 15 23 25 23 21 22 26 31 35 33 22 17 15 21 27 26 32 28 32 30 11 5 7 9 12 11 10 6 9 14 18 26 33 33 20 11 19 24 15 11 9 4 1 2 2 2 7 7 3 2 5 7 9 11 4 19 19 14 11 9 5 3 5 3 5 4 10 11 8 8 7 8 6 3 5 5 6 7 8 6 5 6 3 4 7 6 12 21 12 7
5 3 1 4 8 14 25 30 28 20 15 23 26 27 26 21 19 20 16 16 27 20 30 21 24 17 2 2 5 15 11 6 8 5 6 10 18 28 33 34 24 13 16 21 15 11 9 5 1 2 1 3 7 7 4 4 7 8 9 5 10 16 14 13 12 8 4 6 3 3 5 5 12 11 8 8 8 8 5 4 5 6 6 7 7 6 6 7 4 5 6 5 5 19 18 13
3 2 2 9 14 24 33 32 30 25 18 24 30 27 22 13 18 22 19 16 25 11 30 19 17 7 5 5 7 12 11 9 11 11 6 12 18 24 33 35 29 17 14 16 14 10 8 6 2 2 1 3 7 9 6 6 8 9 13 10 13 12 11 10 12 8 7 7 4 5 6 7 14 11 7 7 8 8 6 5 6 6 5 7 8 7 8 8 6 6 6 6 7 16 23 10
2 1 7 15 23 31 37 33 30 28 29 22 34 22 16 15 19 23 21 17 26 6 28 18 13 5 8 8 9 11 11 8 12 15 12 23 25 23 29 33 30 20 15 13 12 9 7 6 3 1 2 1 6 9 8 8 7 9 17 13 20 15 12 10 7 10 10 8 4 6 5 10 15 11 7 6 6 7 8 7 7 6 4 6 8 8 9 8 7 7 7 7 8 8 20 15
1 7 16 24 30 37 42 36 32 30 34 23 28 18 14 21 24 24 21 22 29 11 23 19 14 12 12 8 9 13 13 11 12 14 16 25 26 29 33 33 30 20 16 12 11 8 7 6 3 1 1 2 6 8 8 9 7 9 17 7 19 22 13 8 9 10 11 7 3 8 4 11 14 11 7 6 5 10 14 14 14 14 10 9 10 10 11 10 8 9 8 8 9 5 12 18
9 17 23 31 37 42 42 35 32 28 31 31 11 21 17 23 27 23 17 26 33 18 20 18 16 12 5 8 15 23 24 20 16 15 16 24 29 27 24 22 22 20 16 12 11 8 7 5 2 1 1 2 6 7 7 9 7 7 16 14 12 25 17 11 8 15 14 5 7 11 7 12 17 16 13 12 16 17 18 19 22 24 20 14 10 7 11 11 8 10 9 9 10 8 8 17
