tests/3D/Mazia/output-maps-SE27XX/PrecTOTALN0002.asc
ncols         63
nrows         48
xllcorner     598000.000000
yllcorner     5145000.000000
cellsize      1000.000000
NODATA_value  -9999.0
[rows 0 to 28 of 48, columns 0 to 62 of 63]
-9999.0 -9999.0 -9999.0 -9999.0 -9999.0 -9999.0 -9999.0 -9999.0 -9999.0 -9999.0 -9999.0 -9999.0 -9999.0 -9999.0 -9999.0 -9999.0 -9999.0 -9999.0 -9999.0 -9999.0 -9999.0 -9999.0 -9999.0 -9999.0 -9999.0 -9999.0 -9999.0 -9999.0 -9999.0 -9999.0 -9999.0 -9999.0 -9999.0 -9999.0 -9999.0 -9999.0 -9999.0 -9999.0 -9999.0 -9999.0 -9999.0 -9999.0 -9999.0 -9999.0 -9999.0 -9999.0 -9999.0 -9999.0 -9999.0 -9999.0 -9999.0 -9999.0 -9999.0 -9999.0 -9999.0 -9999.0 -9999.0 -9999.0 -9999.0 -9999.0 -9999.0 -9999.0 -9999.0
-9999.0 -9999.0 -9999.0 -9999.0 -9999.0 -9999.0 -9999.0 -9999.0 -9999.0 -9999.0 -9999.0 -9999.0 -9999.0 -9999.0 -9999.0 -9999.0 -9999.0 -9999.0 -9999.0 -9999.0 -9999.0 -9999.0 -9999.0 -9999.0 -9999.0 -9999.0 -9999.0 0.342342 0.334032 0.319775 0.335042 0.330805 0.291753 -9999.0 -9999.0 -9999.0 -9999.0 -9999.0 -9999.0 -9999.0 -9999.0 -9999.0 -9999.0 -9999.0 -9999.0 -9999.0 -9999.0 -9999.0 -9999.0 -9999.0 -9999.0 -9999.0 -9999.0 -9999.0 -9999.0 -9999.0 -9999.0 -9999.0 -9999.0 -9999.0 -9999.0 -9999.0 -9999.0
-9999.0 -9999.0 -9999.0 -9999.0 -9999.0 -9999.0 -9999.0 -9999.0 -9999.0 -9999.0 -9999.0 -9999.0 -9999.0 -9999.0 -9999.0 -9999.0 -9999.0 -9999.0 -9999.0 -9999.0 -9999.0 -9999.0 -9999.0 -9999.0 0.278373 0.293141 0.301605 0.327432 0.317599 0.317671 0.352043 -9999.0 -9999.0 -9999.0 -9999.0 -9999.0 -9999.0 -9999.0 -9999.0 -9999.0 -9999.0 -9999.0 -9999.0 -9999.0 -9999.0 -9999.0 -9999.0 -9999.0 -9999.0 -9999.0 -9999.0 -9999.0 -9999.0 -9999.0 -9999.0 -9999.0 -9999.0 -9999.0 -9999.0 -9999.0 -9999.0 -9999.0 -9999.0
-9999.0 -9999.0 -9999.0 -9999.0 -9999.0 -9999.0 -9999.0 -9999.0 -9999.0 -9999.0 -9999.0 -9999.0 -9999.0 -9999.0 -9999.0 -9999.0 -9999.0 -9999.0 -9999.0 -9999.0 -9999.0 -9999.0 -9999.0 0.239890 0.248034 0.263743 0.274929 0.292445 0.291200 0.320575 0.352397 0.349196 -9999.0 -9999.0 -9999.0 -9999.0 -9999.0 -9999.0 -9999.0 -9999.0 -9999.0 -9999.0 -9999.0 -9999.0 -9999.0 -9999.0 -9999.0 -9999.0 -9999.0 -9999.0 -9999.0 -9999.0 -9999.0 -9999.0 -9999.0 -9999.0 -9999.0 -9999.0 -9999.0 -9999.0 -9999.0 -9999.0 -9999.0
-9999.0 -9999.0 -9999.0 -9999.0 -9999.0 -9999.0 -9999.0 -9999.0 -9999.0 -9999.0 -9999.0 -9999.0 -9999.0 -9999.0 -9999.0 -9999.0 -9999.0 -9999.0 0.094522 0.124671 -9999.0 0.177553 0.191064 0.201821 0.210163 0.213449 0.243630 0.259046 0.265464 0.295758 0.311909 0.328978 0.307198 0.306997 -9999.0 -9999.0 -9999.0 -9999.0 -9999.0 -9999.0 -9999.0 -9999.0 -9999.0 -9999.0 -9999.0 -9999.0 -9999.0 -9999.0 -9999.0 -9999.0 -9999.0 -9999.0 -9999.0 -9999.0 -9999.0 -9999.0 -9999.0 -9999.0 -9999.0 -9999.0 -9999.0 -9999.0 -9999.0
-9999.0 -9999.0 -9999.0 -9999.0 -9999.0 -9999.0 -9999.0 -9999.0 -9999.0 -9999.0 -9999.0 -9999.0 -9999.0 -9999.0 -9999.0 -9999.0 -9999.0 0.067870 0.076027 0.095664 0.124518 0.145461 0.160034 0.163327 0.173730 0.227198 0.272397 0.303711 0.292096 0.251600 0.272176 0.285855 0.255464 0.260454 0.280244 0.291025 -9999.0 -9999.0 -9999.0 -9999.0 -9999.0 -9999.0 -9999.0 -9999.0 -9999.0 -9999.0 -9999.0 -9999.0 -9999.0 -9999.0 -9999.0 -9999.0 -9999.0 -9999.0 -9999.0 -9999.0 -9999.0 -9999.0 -9999.0 -9999.0 -9999.0 -9999.0 -9999.0
-9999.0 -9999.0 -9999.0 -9999.0 -9999.0 -9999.0 -9999.0 -9999.0 -9999.0 -9999.0 -9999.0 -9999.0 -9999.0 0.089492 0.075174 0.063448 0.059896 0.058893 0.060619 0.074277 0.090819 0.108864 0.121745 0.134427 0.182394 0.232539 0.297662 0.310109 0.309104 0.280023 0.244666 0.234921 0.257514 0.238511 0.236672 0.261140 -9999.0 -9999.0 -9999.0 -9999.0 -9999.0 -9999.0 -9999.0 -9999.0 -9999.0 -9999.0 -9999.0 -9999.0 -9999.0 -9999.0 -9999.0 -9999.0 -9999.0 -9999.0 -9999.0 -9999.0 -9999.0 -9999.0 -9999.0 -9999.0 -9999.0 -9999.0 -9999.0
-9999.0 -9999.0 -9999.0 -9999.0 -9999.0 -9999.0 -9999.0 -9999.0 -9999.0 -9999.0 -9999.0 -9999.0 -9999.0 0.079648 0.064818 0.057083 0.053852 0.047364 0.049017 0.054228 0.061183 0.072103 0.098155 0.128994 0.166089 0.207674 0.264422 0.295125 0.323664 0.285614 0.252259 0.254066 0.260996 0.259019 0.248476 -9999.0 -9999.0 -9999.0 -9999.0 -9999.0 -9999.0 -9999.0 -9999.0 -9999.0 -9999.0 -9999.0 -9999.0 -9999.0 -9999.0 -9999.0 -9999.0 -9999.0 -9999.0 -9999.0 -9999.0 -9999.0 -9999.0 -9999.0 -9999.0 -9999.0 -9999.0 -9999.0 -9999.0
-9999.0 -9999.0 -9999.0 -9999.0 -9999.0 -9999.0 -9999.0 -9999.0 -9999.0 -9999.0 -9999.0 -9999.0 -9999.0 0.065182 0.051875 0.051809 0.045048 0.036078 0.033800 0.039032 0.051446 0.071409 0.095006 0.127206 0.156415 0.187862 0.221141 0.275969 0.285934 0.285979 0.247719 0.273900 0.273539 0.277848 0.247721 -9999.0 -9999.0 -9999.0 -9999.0 -9999.0 -9999.0 -9999.0 -9999.0 -9999.0 -9999.0 -9999.0 -9999.0 -9999.0 -9999.0 -9999.0 -9999.0 -9999.0 -9999.0 -9999.0 -9999.0 -9999.0 -9999.0 -9999.0 -9999.0 -9999.0 -9999.0 -9999.0 -9999.0
-9999.0 -9999.0 -9999.0 -9999.0 -9999.0 -9999.0 -9999.0 -9999.0 -9999.0 -9999.0 -9999.0 -9999.0 0.069108 0.052875 0.050408 0.046765 0.035359 0.023468 0.018623 0.022660 0.036703 0.063509 0.093092 0.120511 0.124151 0.165187 0.172500 0.226971 0.212104 0.245022 0.260152 0.238928 0.207966 0.237913 -9999.0 -9999.0 -9999.0 -9999.0 -9999.0 -9999.0 -9999.0 -9999.0 -9999.0 -9999.0 -9999.0 -9999.0 -9999.0 -9999.0 -9999.0 -9999.0 -9999.0 -9999.0 -9999.0 -9999.0 -9999.0 -9999.0 -9999.0 -9999.0 -9999.0 -9999.0 -9999.0 -9999.0 -9999.0
-9999.0 -9999.0 -9999.0 -9999.0 -9999.0 -9999.0 -9999.0 -9999.0 -9999.0 -9999.0 -9999.0 0.075300 0.060847 0.049154 0.051511 0.043142 0.028126 0.012614 0.006411 0.009657 0.024778 0.047687 0.080759 0.109669 0.115513 0.148533 0.175814 0.190272 0.165656 0.212946 0.220843 0.171199 0.194900 0.202802 0.180710 0.146812 0.134102 0.116968 0.111810 -9999.0 -9999.0 -9999.0 0.221405 -9999.0 -9999.0 -9999.0 -9999.0 -9999.0 -9999.0 -9999.0 -9999.0 -9999.0 -9999.0 -9999.0 -9999.0 -9999.0 -9999.0 -9999.0 -9999.0 -9999.0 -9999.0 -9999.0 -9999.0
-9999.0 -9999.0 -9999.0 -9999.0 -9999.0 -9999.0 -9999.0 -9999.0 -9999.0 -9999.0 -9999.0 0.067711 0.060765 0.050924 0.048648 0.040440 0.022560 0.007484 0.000316 0.003618 0.017620 0.041873 0.071938 0.100229 0.107134 0.140120 0.153723 0.153054 0.162448 0.193747 0.170672 0.145564 0.174180 0.185387 0.160282 0.119844 0.089824 0.081656 0.083835 0.114282 0.133587 0.166112 0.166226 0.224713 -9999.0 -9999.0 -9999.0 0.402088 0.405752 0.405024 0.432183 0.481158 0.521476 0.534172 0.555936 0.605736 -9999.0 -9999.0 -9999.0 -9999.0 -9999.0 -9999.0 -9999.0
-9999.0 -9999.0 -9999.0 -9999.0 -9999.0 -9999.0 -9999.0 -9999.0 -9999.0 -9999.0 -9999.0 0.069011 0.060266 0.048039 0.048401 0.039407 0.023822 0.010741 0.004454 0.007426 0.020277 0.039333 0.062107 0.089984 0.108634 0.116105 0.113735 0.110998 0.153389 0.187190 0.170683 0.138319 0.146261 0.158092 0.144569 0.096100 0.069613 0.054986 0.054205 0.076753 0.099163 0.136768 0.150503 0.198320 0.257632 -9999.0 0.391740 0.351621 0.344613 0.340812 0.346813 0.365334 0.403155 0.440673 0.476706 0.529513 -9999.0 -9999.0 -9999.0 -9999.0 -9999.0 -9999.0 -9999.0
-9999.0 -9999.0 -9999.0 -9999.0 -9999.0 -9999.0 -9999.0 -9999.0 -9999.0 -9999.0 -9999.0 -9999.0 0.057573 0.050280 0.047764 0.042290 0.029339 0.019310 0.014591 0.016767 0.027517 0.043069 0.054792 0.070107 0.094681 0.095403 0.092194 0.120666 0.150292 0.164227 0.155145 0.133106 0.144246 0.154940 0.136390 0.100017 0.065931 0.046809 0.037996 0.058876 0.089502 0.114743 0.136452 0.175065 0.243163 0.309601 0.343817 0.362760 0.322727 0.305026 0.294071 0.336362 0.363552 0.386994 0.420483 0.481611 0.554457 -9999.0 -9999.0 -9999.0 -9999.0 -9999.0 -9999.0
-9999.0 -9999.0 -9999.0 -9999.0 -9999.0 -9999.0 -9999.0 -9999.0 -9999.0 -9999.0 -9999.0 0.058411 0.057154 0.048737 0.041092 0.037592 0.032057 0.025897 0.022808 0.024711 0.032393 0.042279 0.050626 0.067477 0.080437 0.077157 0.090435 0.124338 0.137984 0.136648 0.124589 0.124143 0.127019 0.147210 0.146900 0.109576 0.080341 0.053807 0.043577 0.061372 0.086368 0.100626 0.127707 0.161076 0.195867 0.272495 0.304128 0.322610 0.319872 0.266661 0.367863 0.433866 0.447124 0.481214 0.542964 0.577557 0.567471 -9999.0 -9999.0 -9999.0 -9999.0 -9999.0 -9999.0
-9999.0 -9999.0 -9999.0 -9999.0 -9999.0 -9999.0 -9999.0 -9999.0 -9999.0 -9999.0 0.052065 0.050193 0.048263 0.044530 0.037170 0.030774 0.030226 0.027283 0.024956 0.027237 0.032366 0.037139 0.051914 0.061031 0.064849 0.064862 0.091756 0.116431 0.112859 0.115261 0.105578 0.115004 0.129034 0.148856 0.166380 0.126857 0.096626 0.077902 0.066232 0.067476 0.082313 0.096639 0.116994 0.150516 0.184766 0.250751 0.307564 0.266336 0.269614 0.246869 0.387276 0.517203 0.544155 0.613862 0.617681 0.534977 0.512273 -9999.0 -9999.0 -9999.0 -9999.0 -9999.0 -9999.0
-9999.0 -9999.0 -9999.0 -9999.0 -9999.0 -9999.0 -9999.0 -9999.0 -9999.0 0.067998 0.052667 0.043239 0.032601 0.032721 0.028612 0.027624 0.027509 0.024308 0.021437 0.024157 0.028508 0.036604 0.043145 0.046563 0.053010 0.072241 0.090266 0.092027 0.088736 0.095192 0.089089 0.120418 0.147952 0.184607 0.179950 0.151828 0.117032 0.113967 0.106087 0.105424 0.113426 0.140608 0.152868 0.144110 0.181158 0.215663 0.244929 0.287517 0.319210 0.254902 0.345906 0.493422 0.641545 0.680173 0.606406 0.534048 0.506603 0.552114 0.617169 -9999.0 -9999.0 -9999.0 -9999.0
-9999.0 -9999.0 -9999.0 -9999.0 -9999.0 -9999.0 -9999.0 -9999.0 -9999.0 0.064631 0.056383 0.038917 0.022439 0.020198 0.018635 0.020543 0.020061 0.015637 0.014103 0.018101 0.023628 0.028064 0.032164 0.043379 0.059526 0.075669 0.077086 0.076852 0.072520 0.080683 0.100376 0.131367 0.154763 0.184235 0.175692 0.168550 0.166906 0.153228 0.157393 0.147660 0.155931 0.191725 0.188576 0.171353 0.173880 0.179423 0.195612 0.249857 0.280219 0.244477 0.382838 0.495049 0.669674 0.682835 0.582103 0.607456 0.530237 0.461925 0.503468 -9999.0 -9999.0 -9999.0 -9999.0
-9999.0 -9999.0 -9999.0 -9999.0 -9999.0 -9999.0 -9999.0 -9999.0 -9999.0 -9999.0 0.055450 0.035457 0.021334 0.010614 0.006735 0.009939 0.012969 0.007352 0.005050 0.011273 0.018573 0.024381 0.031775 0.040915 0.059731 0.067595 0.069706 0.064646 0.083680 0.100750 0.119948 0.117568 0.172499 0.190989 0.175264 0.165978 0.173912 0.165019 0.202576 0.219381 0.215784 0.213224 0.181108 0.223441 0.222795 0.245950 0.245697 0.229639 0.215525 0.291345 0.400871 0.453149 0.617463 0.734151 0.736294 0.627082 0.499003 0.367532 0.390447 0.411352 -9999.0 -9999.0 -9999.0
-9999.0 -9999.0 -9999.0 -9999.0 -9999.0 -9999.0 -9999.0 -9999.0 -9999.0 -9999.0 0.055335 0.038453 0.021427 0.007148 0.000293 0.003902 0.009753 0.003823 0.000359 0.007725 0.016624 0.020208 0.020716 0.026900 0.050889 0.074621 0.070869 0.076074 0.091316 0.113866 0.139383 0.138178 0.170036 0.213568 0.204572 0.169164 0.169056 0.191714 0.226020 0.277599 0.272628 0.246632 0.248805 0.288294 0.288883 0.292726 0.289325 0.284265 0.270246 0.281054 0.332235 0.461721 0.570747 0.681412 0.783506 0.718800 0.609673 0.431391 0.337572 0.352832 -9999.0 -9999.0 -9999.0
-9999.0 -9999.0 -9999.0 -9999.0 -9999.0 -9999.0 -9999.0 -9999.0 0.067808 0.064974 0.056718 0.038499 0.024216 0.012387 0.004537 0.006526 0.010801 0.008102 0.006401 0.011350 0.015008 0.012996 0.008425 0.004392 0.032017 0.089457 0.086637 0.087306 0.102136 0.127742 0.158662 0.162862 0.193449 0.234846 0.229384 0.218329 0.211726 0.196097 0.258412 0.320253 0.314693 0.274552 0.325850 0.350628 0.323155 0.282944 0.359264 0.345827 0.307443 0.272675 0.369059 0.450432 0.561799 0.740117 0.721156 0.616349 0.632419 0.480598 0.374613 0.318589 -9999.0 -9999.0 -9999.0
-9999.0 -9999.0 -9999.0 -9999.0 -9999.0 -9999.0 -9999.0 -9999.0 0.065818 0.061610 0.060630 0.053935 0.037346 0.021458 0.018967 0.017406 0.019192 0.017510 0.014892 0.015779 0.014794 0.009417 0.001299 0.004559 0.021973 0.059961 0.073758 0.081771 0.107607 0.138435 0.169616 0.173883 0.200412 0.238932 0.252988 0.257187 0.225332 0.220533 0.276663 0.337912 0.385060 0.366092 0.386381 0.352708 0.312456 0.353757 0.426475 0.420315 0.341057 0.328042 0.319472 0.453099 0.610772 0.704509 0.568323 0.507811 0.491197 0.436657 0.340094 0.318193 0.318818 -9999.0 -9999.0
-9999.0 -9999.0 -9999.0 -9999.0 -9999.0 -9999.0 -9999.0 -9999.0 0.078294 0.064286 0.064115 0.066457 0.052310 0.045060 0.037729 0.032497 0.026222 0.024931 0.021231 0.019460 0.016636 0.011935 0.007682 0.010415 0.020559 0.040403 0.058046 0.078669 0.105566 0.132891 0.150958 0.157345 0.200744 0.224229 0.259510 0.243109 0.277144 0.230733 0.301083 0.356398 0.412355 0.423306 0.396364 0.360097 0.383685 0.412861 0.473591 0.482130 0.438211 0.341051 0.299910 0.412617 0.565936 0.592632 0.511666 0.510972 0.423388 0.380143 0.344010 0.334421 0.319538 -9999.0 -9999.0
-9999.0 -9999.0 -9999.0 -9999.0 -9999.0 -9999.0 -9999.0 -9999.0 0.092646 0.075372 0.060282 0.070257 0.071257 0.061145 0.050005 0.039240 0.031567 0.027067 0.023286 0.023895 0.020050 0.015577 0.010911 0.006653 0.014608 0.034068 0.056463 0.083251 0.098535 0.106948 0.142820 0.163757 0.161117 0.182234 0.268097 0.303337 0.293652 0.239969 0.312666 0.370785 0.425210 0.413104 0.399718 0.379203 0.439562 0.439358 0.430871 0.452281 0.454647 0.422401 0.391289 0.369705 0.469951 0.525701 0.497262 0.480609 0.425113 0.386256 0.361607 0.337722 0.335573 0.394731 -9999.0
-9999.0 -9999.0 -9999.0 -9999.0 -9999.0 -9999.0 -9999.0 -9999.0 0.099804 0.082504 0.070526 0.074697 0.071692 0.068521 0.060846 0.049214 0.037122 0.036719 0.036218 0.031333 0.024728 0.018530 0.010834 0.001086 0.009196 0.031033 0.055421 0.076379 0.083427 0.101296 0.140112 0.153006 0.143285 0.203124 0.253744 0.294175 0.296491 0.266619 0.293468 0.344771 0.355927 0.338784 0.306347 0.317830 0.375877 0.384793 0.351308 0.340504 0.365774 0.364193 0.402522 0.441344 0.484039 0.500650 0.501332 0.487207 0.448790 0.404524 0.364242 0.355290 0.374131 0.442100 -9999.0
-9999.0 -9999.0 0.116574 0.110795 0.105343 0.101195 0.093815 0.099597 0.105566 0.098947 0.083591 0.074370 0.084345 0.080092 0.069453 0.052217 0.055795 0.059311 0.053434 0.040532 0.031158 0.023246 0.017627 0.013100 0.018618 0.033982 0.052329 0.070693 0.077444 0.106735 0.136896 0.156998 0.139010 0.187111 0.216079 0.259107 0.270389 0.295064 0.316430 0.342515 0.324552 0.289710 0.281768 0.290751 0.313708 0.314843 0.283414 0.309644 0.285472 0.311661 0.350436 0.403320 0.456868 0.500303 0.512537 0.489743 0.440430 0.398388 0.393674 0.392522 0.428509 0.503050 -9999.0
-9999.0 0.105840 0.102554 0.103540 0.102183 0.095988 0.098071 0.109661 0.117511 0.113797 0.097395 0.088687 0.083948 0.088269 0.077365 0.079037 0.080610 0.080329 0.064687 0.046262 0.036527 0.029187 0.025401 0.024708 0.027891 0.037334 0.049972 0.064048 0.076906 0.100851 0.117041 0.138906 0.153378 0.163726 0.201965 0.231107 0.261527 0.281718 0.284850 0.283366 0.272257 0.250744 0.246549 0.269801 0.261150 0.249452 0.244763 0.242557 0.259665 0.299339 0.341128 0.387288 0.439613 0.495588 0.493643 0.475698 0.487846 0.448814 0.437369 0.457286 0.506246 0.528638 -9999.0
-9999.0 0.099414 0.097007 0.093134 0.092887 0.088619 0.097591 0.110237 0.118249 0.116283 0.103404 0.089978 0.085083 0.083793 0.089391 0.100026 0.103092 0.084178 0.061596 0.051574 0.038374 0.032407 0.026429 0.026152 0.031506 0.040352 0.051363 0.065075 0.081186 0.096027 0.107577 0.118044 0.129586 0.154725 0.188794 0.225809 0.255646 0.248651 0.275544 0.268097 0.247510 0.235416 0.228787 0.223686 0.211509 0.215096 0.204941 0.227532 0.249764 0.284650 0.329475 0.396462 0.452840 0.466249 0.478095 0.512132 0.505730 0.514845 0.506128 0.552711 0.559812 -9999.0 -9999.0
-9999.0 0.109971 0.090765 0.088001 0.082754 0.090143 0.089902 0.096560 0.105298 0.105884 0.095237 0.083255 0.079505 0.085685 0.097625 0.107079 0.109230 0.087383 0.075860 0.055467 0.050684 0.035499 0.023134 0.021014 0.030392 0.043550 0.057436 0.072232 0.087859 0.102140 0.110821 0.110947 0.115938 0.142067 0.181364 0.219169 0.249366 0.271412 0.283264 0.272459 0.254004 0.236995 0.223510 0.214195 0.212867 0.215680 0.228075 0.230021 0.260139 0.298862 0.354060 0.434486 0.485487 0.450139 0.507661 0.565642 0.549947 0.567475 0.590216 -9999.0 -9999.0 -9999.0 -9999.0
