tests/3D/Mazia/output-maps-SE27XX/psiL0004N0002.asc
ncols         63
nrows         48
xllcorner     598000.000000
yllcorner     5145000.000000
cellsize      1000.000000
NODATA_value  -9999.0
[rows 0 to 24 of 48, columns 0 to 56 of 63]
-9999.0 -9999.0 -9999.0 -9999.0 -9999.0 -9999.0 -9999.0 -9999.0 -9999.0 -9999.0 -9999.0 -9999.0 -9999.0 -9999.0 -9999.0 -9999.0 -9999.0 -9999.0 -9999.0 -9999.0 -9999.0 -9999.0 -9999.0 -9999.0 -9999.0 -9999.0 -9999.0 -9999.0 -9999.0 -9999.0 -9999.0 -9999.0 -9999.0 -9999.0 -9999.0 -9999.0 -9999.0 -9999.0 -9999.0 -9999.0 -9999.0 -9999.0 -9999.0 -9999.0 -9999.0 -9999.0 -9999.0 -9999.0 -9999.0 -9999.0 -9999.0 -9999.0 -9999.0 -9999.0 -9999.0 -9999.0 -9999.0
-9999.0 -9999.0 -9999.0 -9999.0 -9999.0 -9999.0 -9999.0 -9999.0 -9999.0 -9999.0 -9999.0 -9999.0 -9999.0 -9999.0 -9999.0 -9999.0 -9999.0 -9999.0 -9999.0 -9999.0 -9999.0 -9999.0 -9999.0 -9999.0 -9999.0 -9999.0 -9999.0 -9689.931451 -9656.151859 -9634.868191 -9787.872669 -9621.000443 -9519.078448 -9999.0 -9999.0 -9999.0 -9999.0 -9999.0 -9999.0 -9999.0 -9999.0 -9999.0 -9999.0 -9999.0 -9999.0 -9999.0 -9999.0 -9999.0 -9999.0 -9999.0 -9999.0 -9999.0 -9999.0 -9999.0 -9999.0 -9999.0 -9999.0
-9999.0 -9999.0 -9999.0 -9999.0 -9999.0 -9999.0 -9999.0 -9999.0 -9999.0 -9999.0 -9999.0 -9999.0 -9999.0 -9999.0 -9999.0 -9999.0 -9999.0 -9999.0 -9999.0 -9999.0 -9999.0 -9999.0 -9999.0 -9999.0 -9760.424016 -9547.071734 -9460.058606 -9419.764831 -9510.973862 -9603.070233 -9627.287154 -9999.0 -9999.0 -9999.0 -9999.0 -9999.0 -9999.0 -9999.0 -9999.0 -9999.0 -9999.0 -9999.0 -9999.0 -9999.0 -9999.0 -9999.0 -9999.0 -9999.0 -9999.0 -9999.0 -9999.0 -9999.0 -9999.0 -9999.0 -9999.0 -9999.0 -9999.0
-9999.0 -9999.0 -9999.0 -9999.0 -9999.0 -9999.0 -9999.0 -9999.0 -9999.0 -9999.0 -9999.0 -9999.0 -9999.0 -9999.0 -9999.0 -9999.0 -9999.0 -9999.0 -9999.0 -9999.0 -9999.0 -9999.0 -9999.0 -9533.438355 -9446.142508 -9259.575378 -9342.548334 -9308.133205 -9171.831318 -9255.363277 -9328.227387 -9596.828778 -9999.0 -9999.0 -9999.0 -9999.0 -9999.0 -9999.0 -9999.0 -9999.0 -9999.0 -9999.0 -9999.0 -9999.0 -9999.0 -9999.0 -9999.0 -9999.0 -9999.0 -9999.0 -9999.0 -9999.0 -9999.0 -9999.0 -9999.0 -9999.0 -9999.0
-9999.0 -9999.0 -9999.0 -9999.0 -9999.0 -9999.0 -9999.0 -9999.0 -9999.0 -9999.0 -9999.0 -9999.0 -9999.0 -9999.0 -9999.0 -9999.0 -9999.0 -9999.0 -8981.835223 -8575.584969 -9999.0 -9696.430085 -9583.784310 -9274.400605 -9199.081315 -8958.799877 -9242.839227 -9170.462857 -9256.316002 -9119.613592 -9200.837198 -9525.905403 -9075.244301 -8435.938060 -9999.0 -9999.0 -9999.0 -9999.0 -9999.0 -9999.0 -9999.0 -9999.0 -9999.0 -9999.0 -9999.0 -9999.0 -9999.0 -9999.0 -9999.0 -9999.0 -9999.0 -9999.0 -9999.0 -9999.0 -9999.0 -9999.0 -9999.0
-9999.0 -9999.0 -9999.0 -9999.0 -9999.0 -9999.0 -9999.0 -9999.0 -9999.0 -9999.0 -9999.0 -9999.0 -9999.0 -9999.0 -9999.0 -9999.0 -9999.0 -9513.985248 -9140.700767 -9200.839292 -8842.583943 -9493.025887 -9284.079717 -9188.607686 -9098.350268 -9280.047213 -9161.135820 -9403.060492 -9274.731447 -8978.569810 -9369.862989 -9519.317974 -9162.202820 -9334.115811 -9602.326467 -9867.122824 -9999.0 -9999.0 -9999.0 -9999.0 -9999.0 -9999.0 -9999.0 -9999.0 -9999.0 -9999.0 -9999.0 -9999.0 -9999.0 -9999.0 -9999.0 -9999.0 -9999.0 -9999.0 -9999.0 -9999.0 -9999.0
-9999.0 -9999.0 -9999.0 -9999.0 -9999.0 -9999.0 -9999.0 -9999.0 -9999.0 -9999.0 -9999.0 -9999.0 -9999.0 -9417.051172 -9232.616198 -9380.325009 -9632.540903 -9737.934146 -9383.340154 -8416.992028 -8986.953604 -9181.581831 -9387.344902 -9168.857274 -9262.650777 -9009.694650 -9529.742011 -9589.969500 -9212.774227 -9203.883873 -9210.645517 -8976.489001 -9583.918529 -9170.154852 -9425.134846 -9268.676117 -9999.0 -9999.0 -9999.0 -9999.0 -9999.0 -9999.0 -9999.0 -9999.0 -9999.0 -9999.0 -9999.0 -9999.0 -9999.0 -9999.0 -9999.0 -9999.0 -9999.0 -9999.0 -9999.0 -9999.0 -9999.0
-9999.0 -9999.0 -9999.0 -9999.0 -9999.0 -9999.0 -9999.0 -9999.0 -9999.0 -9999.0 -9999.0 -9999.0 -9999.0 -9618.831582 -9389.083671 -9648.933094 -9539.495228 -9669.646353 -9777.248304 -9494.120135 -8928.922753 -8665.302847 -9185.678648 -9380.598171 -9580.021001 -9347.151971 -9058.500881 -9560.791294 -9525.405948 -9281.772388 -9169.124529 -8978.902130 -9372.255858 -9154.359831 -9645.472212 -9999.0 -9999.0 -9999.0 -9999.0 -9999.0 -9999.0 -9999.0 -9999.0 -9999.0 -9999.0 -9999.0 -9999.0 -9999.0 -9999.0 -9999.0 -9999.0 -9999.0 -9999.0 -9999.0 -9999.0 -9999.0 -9999.0
-9999.0 -9999.0 -9999.0 -9999.0 -9999.0 -9999.0 -9999.0 -9999.0 -9999.0 -9999.0 -9999.0 -9999.0 -9999.0 -9260.312851 -9208.696962 -9500.806503 -9520.852024 -9459.914567 -9634.770487 -9710.935781 -9231.708038 -8777.356143 -9194.860369 -9320.382148 -9607.037050 -9584.642922 -9469.836858 -9513.307546 -9429.771940 -9331.382483 -8914.517882 -8995.563523 -9386.317225 -9140.896875 -9665.010218 -9999.0 -9999.0 -9999.0 -9999.0 -9999.0 -9999.0 -9999.0 -9999.0 -9999.0 -9999.0 -9999.0 -9999.0 -9999.0 -9999.0 -9999.0 -9999.0 -9999.0 -9999.0 -9999.0 -9999.0 -9999.0 -9999.0
-9999.0 -9999.0 -9999.0 -9999.0 -9999.0 -9999.0 -9999.0 -9999.0 -9999.0 -9999.0 -9999.0 -9999.0 -9460.080698 -9111.099393 -9499.386863 -9493.641416 -9368.618487 -9266.964656 -9456.769839 -10092.102921 -8692.706676 -8489.215701 -9580.227905 -9320.380277 -8976.081802 -8644.414106 -8777.524766 -9289.550618 -9292.005849 -9379.757015 -9140.170659 -9502.120165 -8903.503713 -9011.398110 -9999.0 -9999.0 -9999.0 -9999.0 -9999.0 -9999.0 -9999.0 -9999.0 -9999.0 -9999.0 -9999.0 -9999.0 -9999.0 -9999.0 -9999.0 -9999.0 -9999.0 -9999.0 -9999.0 -9999.0 -9999.0 -9999.0 -9999.0
-9999.0 -9999.0 -9999.0 -9999.0 -9999.0 -9999.0 -9999.0 -9999.0 -9999.0 -9999.0 -9999.0 -9725.150704 -9502.242032 -9207.148086 -9502.051916 -9631.295550 -9567.293518 -8929.150540 -9659.627218 -10178.361653 -9219.873605 -9142.739161 -9569.585208 -9292.140762 -9324.647568 -9456.970803 -8896.238027 -9628.669982 -8554.432922 -8474.125630 -9367.363982 -8848.845577 -9591.200700 -9443.690436 -9669.915936 -9666.141864 -9525.481096 -9536.650407 -9397.067518 -9999.0 -9999.0 -9999.0 -9618.518366 -9999.0 -9999.0 -9999.0 -9999.0 -9999.0 -9999.0 -9999.0 -9999.0 -9999.0 -9999.0 -9999.0 -9999.0 -9999.0 -9999.0
-9999.0 -9999.0 -9999.0 -9999.0 -9999.0 -9999.0 -9999.0 -9999.0 -9999.0 -9999.0 -9999.0 -9036.076609 -9532.482831 -9538.643153 -9573.161504 -9050.289823 -9067.723693 -9051.586840 -9240.803137 -9752.167962 -9267.285042 -9236.045075 -9612.171884 -9642.376912 -9405.082017 -9699.539724 -9351.823011 -9436.491425 -9453.717478 -8745.346838 -9010.809770 -8837.172280 -8939.212255 -9824.181299 -9058.051026 -9351.204473 -9212.978928 -9493.185034 -9086.305198 -9626.831240 -9288.341784 -9185.207882 -8916.687041 -9707.411589 -9999.0 -9999.0 -9999.0 -8877.670076 -9265.290394 -9372.763809 -9268.170310 -9194.579911 -9310.302076 -8680.925406 -8985.995221 -9303.310664 -9999.0
-9999.0 -9999.0 -9999.0 -9999.0 -9999.0 -9999.0 -9999.0 -9999.0 -9999.0 -9999.0 -9999.0 -9667.251403 -9101.617426 -9270.375943 -9728.574140 -9342.126567 -9189.853986 -9190.705799 -9719.755369 -9541.656774 -9407.236890 -9202.148175 -8814.473838 -9646.288596 -9528.080255 -8868.292204 -9186.195747 -8607.512802 -9185.000723 -9418.975891 -9356.292951 -9065.629508 -9365.525711 -9070.272063 -9678.134984 -9203.348705 -9521.846060 -9563.491637 -8962.474633 -8908.260912 -9293.498132 -9021.543576 -9143.156009 -9427.411930 -9286.308496 -9999.0 -9634.457971 -9231.618748 -9246.663778 -9185.222875 -8947.438779 -8936.685993 -8911.680321 -8915.970664 -9229.609109 -9379.402787 -9999.0
-9999.0 -9999.0 -9999.0 -9999.0 -9999.0 -9999.0 -9999.0 -9999.0 -9999.0 -9999.0 -9999.0 -9999.0 -9633.397888 -9623.012859 -9419.169764 -9669.545375 -9229.607980 -9094.086445 -9609.225098 -9413.630648 -9421.401860 -9668.142748 -9447.164875 -9071.570975 -9249.231503 -9115.751377 -8959.138327 -9139.302207 -9710.967428 -9592.082763 -9337.620074 -9227.334445 -9600.998058 -9702.586691 -9435.922881 -9528.462001 -9377.381277 -9624.577689 -8538.897986 -8427.049129 -9678.232725 -8934.388954 -9196.880216 -9165.777408 -9126.185603 -9475.183822 -9300.426470 -9390.322285 -9175.124258 -9188.307837 -8881.505066 -8962.206660 -9183.977339 -9060.122069 -8997.548948 -9193.864470 -9553.655331
-9999.0 -9999.0 -9999.0 -9999.0 -9999.0 -9999.0 -9999.0 -9999.0 -9999.0 -9999.0 -9999.0 -9429.122844 -9442.361582 -9639.446455 -9511.489694 -9508.924750 -9571.527151 -9177.976523 -9601.257955 -9555.658249 -9549.619447 -9555.398104 -9180.904741 -8736.526589 -9290.682056 -9159.326651 -9187.679916 -9206.207678 -9270.955044 -9352.386786 -9130.589116 -9581.729630 -9284.433653 -9264.928830 -9153.451120 -9657.808160 -9290.946644 -9197.226031 -9099.748413 -9107.979633 -9114.073520 -8917.968451 -9331.442029 -9289.170012 -8804.243146 -8851.891111 -9578.853264 -9282.028846 -9030.127338 -8648.471893 -9067.580326 -9225.712261 -9272.664216 -9187.630405 -9435.502782 -9230.264479 -9602.315066
-9999.0 -9999.0 -9999.0 -9999.0 -9999.0 -9999.0 -9999.0 -9999.0 -9999.0 -9999.0 -9315.283902 -9596.064664 -9412.132155 -9586.666266 -9398.660188 -9409.914872 -9501.843444 -8566.952186 -9298.133491 -9707.445101 -9721.444363 -9182.231874 -8961.702646 -9235.908992 -9392.354761 -8593.751529 -9049.278491 -9432.395447 -9124.934850 -9105.273963 -9026.503283 -9406.551681 -9093.804809 -9055.085348 -9079.530472 -9370.198605 -9576.139454 -9622.900242 -9304.665372 -9078.406884 -8831.813566 -8906.034218 -8744.454148 -9377.127905 -8665.036161 -8364.620489 -9348.053847 -8730.358018 -8846.621991 -7898.735746 -8575.957720 -9592.320556 -9488.477652 -9474.574977 -9522.700344 -9441.777854 -9006.966133
-9999.0 -9999.0 -9999.0 -9999.0 -9999.0 -9999.0 -9999.0 -9999.0 -9999.0 -9590.820934 -9443.837034 -9617.713592 -8891.256873 -9117.316902 -9636.513988 -9637.492019 -9111.933636 -9036.649623 -9277.896963 -9682.733493 -9520.121075 -9031.176081 -9298.357607 -9062.520832 -8920.139038 -8910.152226 -8700.950314 -8952.433699 -8916.597974 -9304.889608 -8568.954331 -8813.181911 -8794.237200 -9407.847028 -9424.643131 -9491.193230 -9257.075951 -9799.630569 -9322.816018 -9347.615104 -9323.111769 -8973.226256 -8302.623481 -8546.849265 -9203.680459 -8451.948630 -8632.222144 -8631.196484 -8942.563551 -8407.164106 -8310.902444 -9061.018677 -9393.802632 -9367.182848 -9236.763145 -9431.325048 -9368.369201
-9999.0 -9999.0 -9999.0 -9999.0 -9999.0 -9999.0 -9999.0 -9999.0 -9999.0 -9486.482996 -9673.088659 -9045.118059 -8395.100799 -9134.460078 -9236.546953 -9421.578518 -9365.798724 -8902.179811 -9360.530579 -9761.149069 -9734.506063 -9173.054376 -8957.564221 -9208.788170 -9061.342021 -8971.383428 -8907.110203 -8901.932641 -8771.235698 -8669.784293 -9108.660511 -9279.695109 -9379.661362 -9334.228109 -9435.851011 -8885.267051 -9362.544450 -9533.008942 -9110.538821 -9303.240469 -8920.920620 -8984.798889 -8771.233671 -8910.709395 -9004.383437 -8439.674444 -8366.365632 -8830.915272 -8556.040711 -7845.208539 -8333.379468 -8364.336270 -9438.895682 -9568.066011 -9316.837632 -9651.654580 -9585.515625
-9999.0 -9999.0 -9999.0 -9999.0 -9999.0 -9999.0 -9999.0 -9999.0 -9999.0 -9999.0 -9681.619171 -9276.307694 -9223.970300 -9061.610530 -9197.500740 -9223.948939 -9305.607375 -9019.846465 -9516.559291 -9749.174281 -9500.709829 -9138.864556 -9189.140599 -9364.757850 -8965.647521 -8894.133706 -9031.850265 -8639.739722 -9026.105786 -8786.701338 -9211.383762 -8639.134736 -9314.390874 -9394.419653 -9373.574545 -9338.900010 -9294.112338 -8987.762930 -9012.699468 -9483.563234 -8476.416694 -9050.058712 -8544.862805 -9014.387939 -9035.013121 -9312.984748 -9293.993646 -8942.231619 -7961.890512 -8401.415935 -8864.852396 -8902.929766 -8974.962999 -9685.533634 -9566.569048 -9255.617019 -8577.649346
-9999.0 -9999.0 -9999.0 -9999.0 -9999.0 -9999.0 -9999.0 -9999.0 -9999.0 -9999.0 -9607.706452 -9591.007065 -9190.257349 -9161.772259 -8988.045325 -9234.448794 -8967.554053 -9053.311393 -9518.121918 -9242.293689 -8981.518113 -8827.876397 -8620.304175 -8955.939308 -9160.755477 -9021.299979 -8992.476555 -8920.913039 -8846.940474 -8417.503425 -9328.475797 -9294.393672 -9456.621913 -9267.171094 -9216.160688 -8689.494553 -9065.189911 -9490.035067 -9142.870166 -9385.199880 -9456.767781 -9547.059649 -9192.276600 -9196.429672 -9297.189678 -9400.182247 -9124.113886 -8793.751805 -9292.911800 -9060.041327 -8640.684138 -8851.987518 -9079.446129 -9389.046384 -9115.906875 -8776.677835 -8530.332775
-9999.0 -9999.0 -9999.0 -9999.0 -9999.0 -9999.0 -9999.0 -9999.0 -9196.593018 -9129.281130 -8973.139883 -9145.404671 -9392.801419 -9621.117540 -9145.301117 -9105.363121 -8998.606829 -9215.841653 -9533.582350 -9730.713549 -9302.141883 -9011.268969 -8927.692570 -8840.411567 -9172.590475 -8955.436272 -9281.797660 -8793.620066 -9374.073714 -9379.741108 -9122.886024 -9317.693765 -9728.573196 -9496.291098 -9521.726689 -8311.719183 -9267.545617 -8739.765709 -8866.318026 -9138.585771 -9551.234935 -9071.773885 -9539.447698 -9047.642358 -8958.762456 -8799.521326 -8945.667340 -8906.901344 -8564.851352 -8579.289181 -9167.903020 -9072.976677 -9004.426389 -9422.128453 -8629.934742 -8480.893769 -8912.809509
-9999.0 -9999.0 -9999.0 -9999.0 -9999.0 -9999.0 -9999.0 -9999.0 -9330.988668 -9439.126573 -9372.255369 -9340.471391 -9025.316973 -8600.088010 -9232.490467 -9201.211980 -9634.502316 -9193.577018 -9410.225995 -9718.342056 -9672.406127 -9373.723379 -9118.617412 -8915.257581 -9152.894630 -9203.051686 -9132.168501 -8932.515424 -9290.061862 -9619.281739 -9633.819580 -9113.647594 -9698.768362 -9565.099137 -9741.214706 -9222.924175 -9266.642111 -9028.707433 -9130.356463 -9395.716772 -9712.860981 -8898.365940 -9611.737309 -9340.711838 -9075.739059 -9472.596917 -9392.463751 -9083.772655 -8346.618684 -9029.327904 -8442.543884 -8695.875023 -9155.949557 -8914.917544 -8014.952716 -8364.872673 -8170.524703
-9999.0 -9999.0 -9999.0 -9999.0 -9999.0 -9999.0 -9999.0 -9999.0 -8945.670198 -9142.373407 -9242.037933 -9383.947364 -9428.642463 -9355.320374 -9312.055255 -8758.222849 -8238.526098 -9060.758803 -9408.678769 -9738.814814 -9758.870969 -9739.970993 -9476.333331 -9301.360313 -9277.330389 -9274.082389 -8964.782143 -8854.662625 -8784.590455 -9395.245169 -9049.576118 -9137.485561 -9229.695201 -9085.138526 -9608.960371 -9106.615776 -9585.825102 -8854.022799 -9162.067497 -9455.179519 -9732.016711 -9655.626246 -9611.517108 -9441.271526 -9566.138588 -9612.333535 -9245.935187 -9447.356824 -8635.285975 -7963.654031 -7878.386187 -8523.357920 -8524.672268 -8109.688982 -8339.776455 -8907.492348 -8483.765367
-9999.0 -9999.0 -9999.0 -9999.0 -9999.0 -9999.0 -9999.0 -9999.0 -8823.007764 -9051.759300 -8675.252450 -8644.852801 -9418.368785 -9095.528897 -9010.628519 -8545.716756 -8958.504049 -8871.488801 -8388.781149 -9488.607671 -9719.466513 -9788.040825 -9757.791721 -9464.848055 -9128.323663 -9108.861160 -9083.066021 -9247.272031 -8928.862567 -8842.869194 -9395.181445 -9494.999464 -8679.699722 -8693.688696 -9382.021345 -8924.792566 -8778.353956 -8475.798747 -8797.698846 -9130.815215 -9083.115752 -9325.938693 -9332.208185 -8714.436518 -9428.110178 -9298.408437 -9245.457777 -9168.796707 -8203.942068 -8124.651982 -8111.441596 -8240.616347 -8598.681752 -8064.272881 -8809.083360 -9132.642553 -9400.388076
-9999.0 -9999.0 -9999.0 -9999.0 -9999.0 -9999.0 -9999.0 -9999.0 -8431.193482 -8840.985043 -8974.484172 -8879.729312 -9100.675279 -9087.775963 -9072.467708 -9362.417626 -8412.152619 -8482.101467 -8399.436307 -9013.833953 -9241.458688 -9718.289059 -9785.093944 -9565.361434 -8961.269065 -8655.036449 -8472.629828 -9292.994890 -8842.747497 -9059.705835 -9171.684725 -9307.178815 -8764.180944 -9271.758086 -8873.453151 -9081.821762 -8797.008485 -8820.076961 -9065.174758 -9047.544816 -8690.586450 -8745.193064 -8685.834847 -8749.130445 -8852.346063 -9106.661156 -8651.384680 -8656.130805 -7919.968005 -8286.798513 -9007.822729 -8983.275521 -9382.941853 -9108.413730 -9569.524833 -9676.796171 -9741.174112
