tests/3D/Mazia/output-maps-SE27XX/psiL0006N0001.asc
ncols         63
nrows         48
xllcorner     598000.000000
yllcorner     5145000.000000
cellsize      1000.000000
NODATA_value  -9999.0
[rows 0 to 24 of 48, columns 0 to 56 of 63]
-9999.0 -9999.0 -9999.0 -9999.0 -9999.0 -9999.0 -9999.0 -9999.0 -9999.0 -9999.0 -9999.0 -9999.0 -9999.0 -9999.0 -9999.0 -9999.0 -9999.0 -9999.0 -9999.0 -9999.0 -9999.0 -9999.0 -9999.0 -9999.0 -9999.0 -9999.0 -9999.0 -9999.0 -9999.0 -9999.0 -9999.0 -9999.0 -9999.0 -9999.0 -9999.0 -9999.0 -9999.0 -9999.0 -9999.0 -9999.0 -9999.0 -9999.0 -9999.0 -9999.0 -9999.0 -9999.0 -9999.0 -9999.0 -9999.0 -9999.0 -9999.0 -9999.0 -9999.0 -9999.0 -9999.0 -9999.0 -9999.0
-9999.0 -9999.0 -9999.0 -9999.0 -9999.0 -9999.0 -9999.0 -9999.0 -9999.0 -9999.0 -9999.0 -9999.0 -9999.0 -9999.0 -9999.0 -9999.0 -9999.0 -9999.0 -9999.0 -9999.0 -9999.0 -9999.0 -9999.0 -9999.0 -9999.0 -9999.0 -9999.0 -9580.309620 -9584.265977 -9520.738152 -9711.760498 -9542.366997 -9438.857130 -9999.0 -9999.0 -9999.0 -9999.0 -9999.0 -9999.0 -9999.0 -9999.0 -9999.0 -9999.0 -9999.0 -9999.0 -9999.0 -9999.0 -9999.0 -9999.0 -9999.0 -9999.0 -9999.0 -9999.0 -9999.0 -9999.0 -9999.0 -9999.0
-9999.0 -9999.0 -9999.0 -9999.0 -9999.0 -9999.0 -9999.0 -9999.0 -9999.0 -9999.0 -9999.0 -9999.0 -9999.0 -9999.0 -9999.0 -9999.0 -9999.0 -9999.0 -9999.0 -9999.0 -9999.0 -9999.0 -9999.0 -9999.0 -9696.414967 -9481.772654 -9396.445834 -9349.879545 -9445.512958 -9534.507439 -9549.288434 -9999.0 -9999.0 -9999.0 -9999.0 -9999.0 -9999.0 -9999.0 -9999.0 -9999.0 -9999.0 -9999.0 -9999.0 -9999.0 -9999.0 -9999.0 -9999.0 -9999.0 -9999.0 -9999.0 -9999.0 -9999.0 -9999.0 -9999.0 -9999.0 -9999.0 -9999.0
-9999.0 -9999.0 -9999.0 -9999.0 -9999.0 -9999.0 -9999.0 -9999.0 -9999.0 -9999.0 -9999.0 -9999.0 -9999.0 -9999.0 -9999.0 -9999.0 -9999.0 -9999.0 -9999.0 -9999.0 -9999.0 -9999.0 -9999.0 -9469.959403 -9388.796682 -9205.835094 -9291.829304 -9369.349720 -9255.002470 -9184.313609 -9248.490300 -9514.480888 -9999.0 -9999.0 -9999.0 -9999.0 -9999.0 -9999.0 -9999.0 -9999.0 -9999.0 -9999.0 -9999.0 -9999.0 -9999.0 -9999.0 -9999.0 -9999.0 -9999.0 -9999.0 -9999.0 -9999.0 -9999.0 -9999.0 -9999.0 -9999.0 -9999.0
-9999.0 -9999.0 -9999.0 -9999.0 -9999.0 -9999.0 -9999.0 -9999.0 -9999.0 -9999.0 -9999.0 -9999.0 -9999.0 -9999.0 -9999.0 -9999.0 -9999.0 -9999.0 -8923.598049 -8506.562989 -9999.0 -9635.554731 -9525.674826 -9357.507725 -9150.893972 -8996.434266 -9193.316440 -9119.453699 -9204.412456 -9057.235295 -9123.648448 -9443.012560 -8929.873446 -8276.637891 -9999.0 -9999.0 -9999.0 -9999.0 -9999.0 -9999.0 -9999.0 -9999.0 -9999.0 -9999.0 -9999.0 -9999.0 -9999.0 -9999.0 -9999.0 -9999.0 -9999.0 -9999.0 -9999.0 -9999.0 -9999.0 -9999.0 -9999.0
-9999.0 -9999.0 -9999.0 -9999.0 -9999.0 -9999.0 -9999.0 -9999.0 -9999.0 -9999.0 -9999.0 -9999.0 -9999.0 -9999.0 -9999.0 -9999.0 -9999.0 -9491.894212 -9111.109488 -9002.731260 -8776.446305 -9442.461639 -9232.832604 -9237.922413 -9044.530269 -9255.285928 -9128.297907 -9349.425795 -9238.850884 -8920.435650 -9307.907510 -9439.591512 -9058.695405 -9183.271839 -9439.795221 -9695.475484 -9999.0 -9999.0 -9999.0 -9999.0 -9999.0 -9999.0 -9999.0 -9999.0 -9999.0 -9999.0 -9999.0 -9999.0 -9999.0 -9999.0 -9999.0 -9999.0 -9999.0 -9999.0 -9999.0 -9999.0 -9999.0
-9999.0 -9999.0 -9999.0 -9999.0 -9999.0 -9999.0 -9999.0 -9999.0 -9999.0 -9999.0 -9999.0 -9999.0 -9999.0 -9348.885932 -9173.025999 -9347.847516 -9606.523773 -9730.370596 -9357.470503 -8511.194055 -8932.728113 -9130.460514 -9455.694972 -9114.198332 -9239.127378 -8950.411364 -9398.902311 -9648.363515 -9249.733119 -9139.711222 -9145.923624 -8900.595712 -9495.380943 -9076.054191 -9261.060445 -9089.037593 -9999.0 -9999.0 -9999.0 -9999.0 -9999.0 -9999.0 -9999.0 -9999.0 -9999.0 -9999.0 -9999.0 -9999.0 -9999.0 -9999.0 -9999.0 -9999.0 -9999.0 -9999.0 -9999.0 -9999.0 -9999.0
-9999.0 -9999.0 -9999.0 -9999.0 -9999.0 -9999.0 -9999.0 -9999.0 -9999.0 -9999.0 -9999.0 -9999.0 -9999.0 -9551.152407 -9328.972152 -9617.284980 -9507.467573 -9607.703805 -9771.513807 -9439.181077 -8968.841041 -8666.192053 -9162.205497 -9360.992244 -9536.919213 -9423.765382 -8990.367537 -9457.609956 -9412.249150 -9299.027374 -9096.931387 -8893.120281 -9222.209491 -8989.537581 -9471.435412 -9999.0 -9999.0 -9999.0 -9999.0 -9999.0 -9999.0 -9999.0 -9999.0 -9999.0 -9999.0 -9999.0 -9999.0 -9999.0 -9999.0 -9999.0 -9999.0 -9999.0 -9999.0 -9999.0 -9999.0 -9999.0 -9999.0
-9999.0 -9999.0 -9999.0 -9999.0 -9999.0 -9999.0 -9999.0 -9999.0 -9999.0 -9999.0 -9999.0 -9999.0 -9999.0 -9196.792791 -9136.841841 -9438.252002 -9483.300529 -9425.364430 -9617.089758 -9691.366666 -9174.164765 -8620.103813 -9171.029122 -9297.877964 -9562.842438 -9538.041169 -9439.582228 -9407.684987 -9357.952070 -9208.553303 -8832.941583 -8847.936312 -9228.450770 -8966.525435 -9482.173350 -9999.0 -9999.0 -9999.0 -9999.0 -9999.0 -9999.0 -9999.0 -9999.0 -9999.0 -9999.0 -9999.0 -9999.0 -9999.0 -9999.0 -9999.0 -9999.0 -9999.0 -9999.0 -9999.0 -9999.0 -9999.0 -9999.0
-9999.0 -9999.0 -9999.0 -9999.0 -9999.0 -9999.0 -9999.0 -9999.0 -9999.0 -9999.0 -9999.0 -9999.0 -9567.470653 -9037.631627 -9433.398457 -9426.138833 -9322.584654 -9225.916529 -9390.514082 -9749.020375 -8634.353611 -8430.859820 -9691.703318 -9272.264558 -8925.978482 -8578.802001 -8720.389371 -9222.620629 -9223.694502 -9260.788265 -9058.170370 -9361.145803 -8811.083841 -8836.146393 -9999.0 -9999.0 -9999.0 -9999.0 -9999.0 -9999.0 -9999.0 -9999.0 -9999.0 -9999.0 -9999.0 -9999.0 -9999.0 -9999.0 -9999.0 -9999.0 -9999.0 -9999.0 -9999.0 -9999.0 -9999.0 -9999.0 -9999.0
-9999.0 -9999.0 -9999.0 -9999.0 -9999.0 -9999.0 -9999.0 -9999.0 -9999.0 -9999.0 -9999.0 -9656.897381 -9439.534470 -9139.283424 -9431.927404 -9552.333072 -9357.138136 -8880.008829 -9593.036516 -9848.411538 -9259.046191 -9093.189302 -9516.029370 -9234.420150 -9418.044943 -9401.252642 -8831.437569 -9567.807091 -8485.408524 -8345.827935 -9239.659598 -8765.323671 -9441.520134 -9272.435475 -9484.432121 -9468.326095 -9400.896749 -9406.384740 -9265.620252 -9999.0 -9999.0 -9999.0 -9419.521858 -9999.0 -9999.0 -9999.0 -9999.0 -9999.0 -9999.0 -9999.0 -9999.0 -9999.0 -9999.0 -9999.0 -9999.0 -9999.0 -9999.0
-9999.0 -9999.0 -9999.0 -9999.0 -9999.0 -9999.0 -9999.0 -9999.0 -9999.0 -9999.0 -9999.0 -8963.630411 -9469.189190 -9665.465965 -9502.435095 -8967.083826 -8994.493320 -9003.379405 -9171.656642 -9692.666173 -9211.100033 -9181.516859 -9561.751824 -9601.998424 -9362.759563 -9647.807149 -9294.156914 -9379.651159 -9408.469045 -8623.956664 -8934.587441 -8758.630071 -8848.665762 -9723.837395 -8951.037569 -9235.698145 -9091.530422 -9362.144414 -8955.144968 -9385.875540 -9060.449707 -8975.995342 -8809.008438 -9534.670385 -9999.0 -9999.0 -9999.0 -8789.955407 -9182.391821 -9248.327933 -9193.273595 -9077.627378 -9199.233877 -8610.301913 -8919.427008 -9203.659983 -9999.0
-9999.0 -9999.0 -9999.0 -9999.0 -9999.0 -9999.0 -9999.0 -9999.0 -9999.0 -9999.0 -9999.0 -9599.388332 -9027.205265 -9340.659405 -9651.205037 -9261.341395 -9117.781208 -9146.105242 -9656.227209 -9483.184022 -9391.979010 -9269.395614 -8767.066228 -9599.575386 -9479.039035 -8783.053235 -9141.475227 -8617.488383 -9089.949759 -9351.231888 -9242.393631 -9097.409331 -9280.599603 -8974.000156 -9500.394644 -9091.931604 -9403.378424 -9621.635634 -8834.823582 -8683.025233 -9168.953470 -8913.400640 -9044.623313 -9332.770388 -9193.458567 -9999.0 -9487.652932 -9148.017943 -9167.901914 -9113.019863 -8881.243437 -8884.809504 -8846.588085 -8850.768686 -9170.097571 -9320.890122 -9999.0
-9999.0 -9999.0 -9999.0 -9999.0 -9999.0 -9999.0 -9999.0 -9999.0 -9999.0 -9999.0 -9999.0 -9999.0 -9565.206557 -9560.053033 -9343.497267 -9594.232775 -9183.374904 -9053.916403 -9550.516343 -9358.506294 -9412.637690 -9758.438781 -9508.301630 -9033.054428 -9211.883551 -9076.966988 -8914.320117 -9088.362346 -9657.282555 -9497.995946 -9269.372686 -9161.200453 -9522.181112 -9610.507731 -9334.742032 -9419.701603 -9265.835713 -9505.873785 -8425.536766 -8316.894114 -9579.350991 -8800.831794 -9241.332668 -9084.389139 -8984.919604 -9389.483841 -9162.058956 -9309.610319 -9173.000755 -9127.569155 -8825.981251 -8907.195634 -9134.892061 -9010.014232 -8948.046910 -9136.923480 -9500.677574
-9999.0 -9999.0 -9999.0 -9999.0 -9999.0 -9999.0 -9999.0 -9999.0 -9999.0 -9999.0 -9999.0 -9374.411824 -9375.271547 -9574.459138 -9451.934455 -9449.295938 -9515.356924 -9148.187924 -9549.406289 -9553.699315 -9552.585459 -9562.316302 -9145.393598 -8801.527216 -9260.454228 -9124.257808 -9151.120994 -9155.505282 -9216.736011 -9291.569305 -9075.262994 -9523.198656 -9212.274915 -9178.073218 -9057.813708 -9555.754610 -9184.492970 -9242.132960 -8998.913866 -9019.568111 -9171.852629 -8868.807231 -9276.525798 -9183.409218 -8730.057727 -8770.179053 -9501.203729 -9162.314916 -8971.655575 -8605.254161 -8983.932573 -9160.707789 -9218.590590 -9101.325400 -9363.170424 -9143.774476 -9529.681499
-9999.0 -9999.0 -9999.0 -9999.0 -9999.0 -9999.0 -9999.0 -9999.0 -9999.0 -9999.0 -9257.912899 -9548.479348 -9350.403906 -9525.072028 -9336.872414 -9358.071795 -9453.707087 -8535.403031 -9290.714416 -9719.224312 -9687.041509 -9142.420535 -8989.182801 -9202.297230 -9367.083403 -8553.430722 -9108.477873 -9353.235886 -9079.520472 -9055.780450 -8974.993984 -9351.603600 -9024.710143 -8973.526264 -8927.178026 -9215.415415 -9479.455310 -9531.338141 -9236.359524 -9006.788681 -8871.392030 -8836.499509 -8709.181630 -9345.926302 -8596.011046 -8236.301272 -9272.670395 -8735.987416 -8788.704292 -7836.532222 -8463.265818 -9498.884259 -9409.968833 -9385.434379 -9440.303213 -9391.391292 -8954.224465
-9999.0 -9999.0 -9999.0 -9999.0 -9999.0 -9999.0 -9999.0 -9999.0 -9999.0 -9536.613751 -9389.389446 -9575.051908 -8839.570201 -9067.261879 -9594.020037 -9596.677987 -9066.690508 -8987.640713 -9280.032611 -9704.311016 -9489.743683 -9038.378331 -9361.962480 -9037.276405 -8890.330474 -8938.049318 -8666.758237 -8913.947017 -8959.208209 -9266.733929 -8516.802759 -8808.234824 -8683.049420 -9284.628911 -9289.416105 -9351.865383 -9170.260337 -9718.989788 -9245.485535 -9280.196510 -9293.566333 -8941.056024 -8281.420166 -8504.567410 -9218.631465 -8408.594803 -8574.003096 -8657.950010 -8976.635334 -8352.308070 -8300.631818 -8966.141330 -9301.082740 -9277.583516 -9155.572830 -9441.224302 -9338.271010
-9999.0 -9999.0 -9999.0 -9999.0 -9999.0 -9999.0 -9999.0 -9999.0 -9999.0 -9435.387796 -9622.200430 -8989.563122 -8338.209772 -9090.823418 -9195.141255 -9384.209343 -9321.607568 -8863.054320 -9374.345490 -9736.599496 -9712.973840 -9144.254375 -8925.338086 -9181.027547 -9101.847553 -8948.401990 -8879.266057 -8870.254028 -8735.030222 -8622.363649 -9128.850147 -9285.820171 -9319.176853 -9264.163757 -9361.850378 -8753.395504 -9231.009606 -9407.410556 -9029.635888 -9232.155392 -8856.011487 -8993.692096 -8708.372314 -8850.270155 -8968.746665 -8377.188346 -8305.098517 -8852.929438 -8566.191703 -7788.243340 -8309.634358 -8331.378378 -9353.442348 -9516.936911 -9248.358372 -9619.262736 -9602.377284
-9999.0 -9999.0 -9999.0 -9999.0 -9999.0 -9999.0 -9999.0 -9999.0 -9999.0 -9999.0 -9633.596080 -9226.592409 -9184.389343 -9052.349214 -9325.574541 -9189.436663 -9275.031537 -8986.074342 -9543.676696 -9738.231574 -9479.053113 -9228.301523 -9214.058052 -9421.807396 -8946.942589 -8871.000832 -9009.087340 -8608.126862 -9091.588028 -8779.752983 -9232.815773 -8590.304360 -9324.946989 -9330.712520 -9308.437892 -9273.916068 -9223.425702 -8916.098944 -8888.150755 -9409.582093 -8400.272390 -8982.367596 -8487.560323 -9050.616072 -9035.491285 -9285.476068 -9321.743939 -8893.359355 -7993.505923 -8413.852896 -8865.919999 -8914.023129 -8892.467396 -9619.028976 -9521.850109 -9211.412702 -8548.550581
-9999.0 -9999.0 -9999.0 -9999.0 -9999.0 -9999.0 -9999.0 -9999.0 -9999.0 -9999.0 -9561.625618 -9546.829882 -9143.119559 -9126.008597 -8942.742492 -9238.977806 -8968.095987 -9063.030750 -9551.427780 -9224.798591 -9003.345127 -8846.230487 -8631.849708 -8941.393925 -9148.291156 -9001.841457 -8971.209469 -8937.966737 -8852.074788 -8450.287300 -9286.959442 -9253.412971 -9388.557445 -9206.309592 -9152.613781 -8628.904451 -9007.123402 -9434.041998 -9157.955380 -9313.369135 -9387.024957 -9513.314617 -9133.980228 -9131.833776 -9244.104212 -9385.415734 -9076.468867 -8803.688091 -9349.816284 -9181.012204 -8663.625904 -8858.190894 -9043.783183 -9330.639267 -9047.560561 -8706.181318 -8482.140732
-9999.0 -9999.0 -9999.0 -9999.0 -9999.0 -9999.0 -9999.0 -9999.0 -9149.338607 -9079.814807 -8923.242748 -9099.363331 -9362.101186 -9596.661557 -9147.351288 -9112.595893 -9006.755333 -9184.570589 -9520.400784 -9726.237927 -9340.643729 -9041.567122 -8955.677350 -8861.715779 -9160.969130 -8984.458890 -9263.548864 -8805.870260 -9355.481751 -9442.565340 -9056.697163 -9272.938144 -9683.515522 -9441.787948 -9466.164623 -8244.823187 -9220.349383 -8684.879706 -8835.024220 -9029.824475 -9452.276434 -9011.913038 -9430.436193 -8941.305015 -8912.816105 -8758.821124 -8930.600708 -8861.444511 -8579.047056 -8540.398703 -9146.700380 -9106.041883 -8983.908548 -9428.330065 -8565.024791 -8447.061447 -8912.183938
-9999.0 -9999.0 -9999.0 -9999.0 -9999.0 -9999.0 -9999.0 -9999.0 -9261.007149 -9408.427397 -9426.429049 -9296.969717 -8980.387460 -8561.223847 -9238.645789 -9211.561193 -9663.139154 -9212.970695 -9551.407212 -9715.883734 -9666.216563 -9362.340189 -9103.962726 -8893.237847 -9187.647363 -9240.628083 -9162.386520 -8909.274265 -9268.227893 -9588.614858 -9596.808442 -9046.606447 -9658.578943 -9494.437907 -9695.616473 -9171.386528 -9235.760768 -8985.312927 -9160.803834 -9336.434440 -9653.968379 -8709.957973 -9519.831822 -9282.808156 -9033.763151 -9430.483061 -9329.222392 -9038.274328 -8342.757147 -9032.068713 -8411.715436 -8678.225306 -9176.126720 -8893.429606 -8000.052540 -8338.843521 -8189.330858
-9999.0 -9999.0 -9999.0 -9999.0 -9999.0 -9999.0 -9999.0 -9999.0 -8897.402533 -9102.363534 -9284.496960 -9431.581011 -9392.814202 -9290.149151 -9288.530780 -8787.244385 -8228.487969 -9036.581492 -9444.869372 -9730.428828 -9762.231998 -9737.918516 -9469.378679 -9297.896393 -9261.940582 -9313.319768 -8987.715053 -8866.481705 -8736.053447 -9363.409149 -9040.774858 -9102.375126 -9195.320256 -9135.776658 -9574.972651 -9078.644571 -9617.624923 -8890.035372 -9178.409153 -9484.939108 -9680.918024 -9574.587253 -9557.753410 -9398.102760 -9523.201278 -9566.320171 -9159.175212 -9400.506996 -8594.364696 -7991.363198 -7866.268477 -8506.020260 -8557.831522 -8128.957527 -8363.751011 -8911.202682 -8472.949975
-9999.0 -9999.0 -9999.0 -9999.0 -9999.0 -9999.0 -9999.0 -9999.0 -8749.392756 -9010.384479 -8635.194221 -8569.875139 -9384.885616 -9068.789494 -9055.086234 -8543.110603 -9065.102416 -8887.091026 -8351.705872 -9532.793935 -9720.776879 -9795.634374 -9760.459745 -9462.953277 -9171.893014 -9141.489478 -9107.680046 -9292.057464 -8897.529093 -8879.879856 -9448.400842 -9546.576932 -8709.205061 -8655.484402 -9423.898451 -8890.147657 -8758.440613 -8469.977645 -8823.822084 -9149.136897 -9033.303331 -9280.282232 -9286.588351 -8676.069880 -9373.176819 -9255.435833 -9204.773352 -9152.289724 -8157.227151 -8143.842696 -8106.967541 -8249.668719 -8594.732885 -8053.159632 -8817.266980 -9148.622245 -9418.196866
-9999.0 -9999.0 -9999.0 -9999.0 -9999.0 -9999.0 -9999.0 -9999.0 -8377.118490 -8797.872012 -8940.653813 -8907.199794 -9147.662415 -9099.653811 -9040.085026 -9342.105273 -8371.995198 -8483.851935 -8399.171153 -9036.302508 -9278.822254 -9723.179324 -9798.508271 -9579.064766 -8945.785336 -8673.305924 -8476.810978 -9279.193190 -8815.290469 -9032.828886 -9212.328059 -9280.920155 -8854.928487 -9248.141892 -8959.387363 -9160.915014 -8870.138709 -8839.870729 -9154.697622 -9034.458909 -8738.126774 -8794.915326 -8698.020872 -8754.075916 -8877.705159 -9074.612208 -8652.554347 -8705.099414 -7947.316604 -8336.225842 -9099.341021 -9020.237047 -9448.820622 -9129.337868 -9607.255614 -9715.678034 -9774.190139
