tests/3D/Mazia/output-maps-SE27XX/psiL0002N0001.asc
ncols         63
nrows         48
xllcorner     598000.000000
yllcorner     5145000.000000
cellsize      1000.000000
NODATA_value  -9999.0
[rows 0 to 24 of 48, columns 0 to 56 of 63]
-9999.0 -9999.0 -9999.0 -9999.0 -9999.0 -9999.0 -9999.0 -9999.0 -9999.0 -9999.0 -9999.0 -9999.0 -9999.0 -9999.0 -9999.0 -9999.0 -9999.0 -9999.0 -9999.0 -9999.0 -9999.0 -9999.0 -9999.0 -9999.0 -9999.0 -9999.0 -9999.0 -9999.0 -9999.0 -9999.0 -9999.0 -9999.0 -9999.0 -9999.0 -9999.0 -9999.0 -9999.0 -9999.0 -9999.0 -9999.0 -9999.0 -9999.0 -9999.0 -9999.0 -9999.0 -9999.0 -9999.0 -9999.0 -9999.0 -9999.0 -9999.0 -9999.0 -9999.0 -9999.0 -9999.0 -9999.0 -9999.0
-9999.0 -9999.0 -9999.0 -9999.0 -9999.0 -9999.0 -9999.0 -9999.0 -9999.0 -9999.0 -9999.0 -9999.0 -9999.0 -9999.0 -9999.0 -9999.0 -9999.0 -9999.0 -9999.0 -9999.0 -9999.0 -9999.0 -9999.0 -9999.0 -9999.0 -9999.0 -9999.0 -9622.546588 -9418.086151 -9588.905582 -9557.411751 -9407.518577 -9317.084655 -9999.0 -9999.0 -9999.0 -9999.0 -9999.0 -9999.0 -9999.0 -9999.0 -9999.0 -9999.0 -9999.0 -9999.0 -9999.0 -9999.0 -9999.0 -9999.0 -9999.0 -9999.0 -9999.0 -9999.0 -9999.0 -9999.0 -9999.0 -9999.0
-9999.0 -9999.0 -9999.0 -9999.0 -9999.0 -9999.0 -9999.0 -9999.0 -9999.0 -9999.0 -9999.0 -9999.0 -9999.0 -9999.0 -9999.0 -9999.0 -9999.0 -9999.0 -9999.0 -9999.0 -9999.0 -9999.0 -9999.0 -9999.0 -9489.621090 -9297.338157 -9223.426055 -9190.732582 -9285.014629 -9378.082742 -9411.713618 -9999.0 -9999.0 -9999.0 -9999.0 -9999.0 -9999.0 -9999.0 -9999.0 -9999.0 -9999.0 -9999.0 -9999.0 -9999.0 -9999.0 -9999.0 -9999.0 -9999.0 -9999.0 -9999.0 -9999.0 -9999.0 -9999.0 -9999.0 -9999.0 -9999.0 -9999.0
-9999.0 -9999.0 -9999.0 -9999.0 -9999.0 -9999.0 -9999.0 -9999.0 -9999.0 -9999.0 -9999.0 -9999.0 -9999.0 -9999.0 -9999.0 -9999.0 -9999.0 -9999.0 -9999.0 -9999.0 -9999.0 -9999.0 -9999.0 -9275.483146 -9200.428758 -8995.923453 -9084.345647 -9059.356814 -8942.584735 -9055.043840 -9134.780292 -9399.287399 -9999.0 -9999.0 -9999.0 -9999.0 -9999.0 -9999.0 -9999.0 -9999.0 -9999.0 -9999.0 -9999.0 -9999.0 -9999.0 -9999.0 -9999.0 -9999.0 -9999.0 -9999.0 -9999.0 -9999.0 -9999.0 -9999.0 -9999.0 -9999.0 -9999.0
-9999.0 -9999.0 -9999.0 -9999.0 -9999.0 -9999.0 -9999.0 -9999.0 -9999.0 -9999.0 -9999.0 -9999.0 -9999.0 -9999.0 -9999.0 -9999.0 -9999.0 -9999.0 -8765.376911 -8385.324211 -9999.0 -9421.249794 -9318.242387 -8997.828200 -8944.339512 -8735.907865 -9037.812690 -8978.413381 -9036.583769 -8901.011778 -9014.285463 -9333.485074 -9158.211219 -8584.449649 -9999.0 -9999.0 -9999.0 -9999.0 -9999.0 -9999.0 -9999.0 -9999.0 -9999.0 -9999.0 -9999.0 -9999.0 -9999.0 -9999.0 -9999.0 -9999.0 -9999.0 -9999.0 -9999.0 -9999.0 -9999.0 -9999.0 -9999.0
-9999.0 -9999.0 -9999.0 -9999.0 -9999.0 -9999.0 -9999.0 -9999.0 -9999.0 -9999.0 -9999.0 -9999.0 -9999.0 -9999.0 -9999.0 -9999.0 -9999.0 -9114.037130 -8787.050506 -8929.106127 -8833.644968 -9189.427965 -9000.753062 -8931.086500 -8882.078587 -8919.298849 -8822.640685 -9142.674001 -8949.011601 -8779.898891 -9182.770260 -9328.855602 -9266.866988 -9425.033619 -9714.297615 -9991.869082 -9999.0 -9999.0 -9999.0 -9999.0 -9999.0 -9999.0 -9999.0 -9999.0 -9999.0 -9999.0 -9999.0 -9999.0 -9999.0 -9999.0 -9999.0 -9999.0 -9999.0 -9999.0 -9999.0 -9999.0 -9999.0
-9999.0 -9999.0 -9999.0 -9999.0 -9999.0 -9999.0 -9999.0 -9999.0 -9999.0 -9999.0 -9999.0 -9999.0 -9999.0 -9180.168975 -8972.242358 -9018.663419 -9237.593057 -9654.136001 -8998.726040 -8208.534540 -8730.985795 -8911.713551 -9111.309731 -8938.460293 -8890.997136 -8791.857747 -9317.541486 -9304.514845 -8969.088124 -8977.616530 -9004.265927 -8822.469615 -9409.385822 -9037.752820 -9548.410219 -9443.839780 -9999.0 -9999.0 -9999.0 -9999.0 -9999.0 -9999.0 -9999.0 -9999.0 -9999.0 -9999.0 -9999.0 -9999.0 -9999.0 -9999.0 -9999.0 -9999.0 -9999.0 -9999.0 -9999.0 -9999.0 -9999.0
-9999.0 -9999.0 -9999.0 -9999.0 -9999.0 -9999.0 -9999.0 -9999.0 -9999.0 -9999.0 -9999.0 -9999.0 -9999.0 -9372.854095 -9125.331953 -9271.534541 -9170.530239 -9421.750937 -9691.014580 -9214.492240 -8586.351596 -8462.537127 -8809.049058 -8985.418366 -9279.759750 -9061.210178 -8838.428655 -9476.809637 -9474.099665 -9043.939813 -8957.161276 -8825.272388 -9452.721503 -9286.211770 -9787.676364 -9999.0 -9999.0 -9999.0 -9999.0 -9999.0 -9999.0 -9999.0 -9999.0 -9999.0 -9999.0 -9999.0 -9999.0 -9999.0 -9999.0 -9999.0 -9999.0 -9999.0 -9999.0 -9999.0 -9999.0 -9999.0 -9999.0
-9999.0 -9999.0 -9999.0 -9999.0 -9999.0 -9999.0 -9999.0 -9999.0 -9999.0 -9999.0 -9999.0 -9999.0 -9999.0 -9009.832108 -9005.873191 -9238.917993 -9166.729640 -9099.051128 -9565.701355 -9286.380535 -8984.806673 -8570.570495 -8815.294712 -8927.748858 -9285.716422 -9268.781203 -9418.314622 -9436.064007 -9202.717988 -9321.559310 -8749.968981 -9080.236779 -9485.602806 -9297.423300 -9830.485616 -9999.0 -9999.0 -9999.0 -9999.0 -9999.0 -9999.0 -9999.0 -9999.0 -9999.0 -9999.0 -9999.0 -9999.0 -9999.0 -9999.0 -9999.0 -9999.0 -9999.0 -9999.0 -9999.0 -9999.0 -9999.0 -9999.0
-9999.0 -9999.0 -9999.0 -9999.0 -9999.0 -9999.0 -9999.0 -9999.0 -9999.0 -9999.0 -9999.0 -9999.0 -9193.418409 -8914.340657 -9246.827973 -9242.851551 -9046.432665 -8938.725637 -9223.800401 -9567.596829 -8461.489728 -8259.611133 -9246.350715 -9012.899355 -8702.893069 -8436.680548 -8531.031574 -9052.671669 -9062.926566 -9355.635872 -8963.953747 -9553.940847 -8778.590038 -9181.922385 -9999.0 -9999.0 -9999.0 -9999.0 -9999.0 -9999.0 -9999.0 -9999.0 -9999.0 -9999.0 -9999.0 -9999.0 -9999.0 -9999.0 -9999.0 -9999.0 -9999.0 -9999.0 -9999.0 -9999.0 -9999.0 -9999.0 -9999.0
-9999.0 -9999.0 -9999.0 -9999.0 -9999.0 -9999.0 -9999.0 -9999.0 -9999.0 -9999.0 -9999.0 -9471.336184 -9236.152355 -8979.803920 -9258.450645 -9419.184188 -9379.744914 -8640.790649 -9414.505424 -9650.786297 -8842.174402 -8852.236478 -9278.333030 -9023.394613 -9009.901572 -9176.871602 -8671.853476 -9353.695738 -8369.061732 -8524.775731 -9377.948839 -8696.442710 -9665.947794 -9588.099826 -9851.819697 -9891.000374 -9487.204778 -9519.850449 -9392.700253 -9999.0 -9999.0 -9999.0 -9842.510977 -9999.0 -9999.0 -9999.0 -9999.0 -9999.0 -9999.0 -9999.0 -9999.0 -9999.0 -9999.0 -9999.0 -9999.0 -9999.0 -9999.0
-9999.0 -9999.0 -9999.0 -9999.0 -9999.0 -9999.0 -9999.0 -9999.0 -9999.0 -9999.0 -9999.0 -8831.484544 -9264.817677 -9284.386990 -9327.961290 -8881.955878 -8858.813824 -8753.690785 -9023.973783 -9466.811961 -9004.516530 -8969.238820 -9307.589732 -9286.830619 -9074.519129 -9389.336022 -9079.928680 -9164.773115 -9382.655532 -8763.645974 -8821.874723 -8678.929091 -8805.227256 -9679.418212 -8978.140188 -9288.089221 -9181.139754 -9482.327850 -9097.829225 -9992.556202 -9626.564897 -9461.626449 -8846.934882 -9846.927456 -9999.0 -9999.0 -9999.0 -8734.617100 -9084.415214 -9368.628805 -9058.772127 -9168.876032 -9256.972031 -8486.720941 -8761.524081 -9208.038393 -9999.0
-9999.0 -9999.0 -9999.0 -9999.0 -9999.0 -9999.0 -9999.0 -9999.0 -9999.0 -9999.0 -9999.0 -9413.568659 -8899.975154 -9034.974627 -9505.655464 -9150.476622 -8970.289346 -8873.380935 -9449.820081 -9263.618390 -8981.528865 -8898.846939 -8529.234821 -9323.795682 -9217.367943 -8759.769119 -8880.552571 -8366.100753 -9091.227994 -9177.624862 -9317.303828 -8857.511924 -9194.295332 -8949.963723 -9836.025074 -9133.876720 -9459.942609 -9531.359753 -8968.652921 -9257.615625 -9267.952530 -8947.632140 -9027.532365 -9281.934185 -9140.822040 -9999.0 -9687.620219 -9055.353209 -9053.032864 -8982.371998 -8746.071350 -8939.779797 -8690.499267 -8691.136478 -8968.022793 -9107.521680 -9999.0
-9999.0 -9999.0 -9999.0 -9999.0 -9999.0 -9999.0 -9999.0 -9999.0 -9999.0 -9999.0 -9999.0 -9999.0 -9383.337394 -9347.626294 -9205.693930 -9441.509512 -8914.320002 -8766.972202 -9342.466915 -9132.643380 -8974.168766 -9304.969731 -9100.696754 -8747.489814 -8904.759433 -8789.561113 -8692.847037 -8862.373164 -9406.685462 -9474.621446 -9103.462568 -8993.033307 -9396.802714 -9533.904516 -9314.106912 -9430.556533 -9294.571821 -9558.159283 -8518.739639 -8394.020097 -9537.397854 -8990.476459 -8987.740830 -8994.361638 -9192.662267 -9294.241598 -9348.446115 -9195.326895 -8948.953839 -8973.450977 -8681.384140 -8742.972795 -8938.557434 -8812.708690 -8728.882477 -8925.027441 -9251.794166
-9999.0 -9999.0 -9999.0 -9999.0 -9999.0 -9999.0 -9999.0 -9999.0 -9999.0 -9999.0 -9999.0 -9133.438475 -9196.946391 -9377.865143 -9231.013483 -9228.921609 -9279.700600 -8812.172977 -9315.044326 -9079.685144 -9058.411334 -9051.715586 -8845.515167 -8427.775346 -8925.979736 -8827.250861 -8857.212707 -8917.557935 -8991.261033 -9240.668434 -8866.194265 -9311.706269 -9087.302751 -9100.330029 -9026.149331 -9527.852773 -9196.726184 -9095.542399 -8996.140216 -8964.854983 -8842.147117 -8640.576294 -9063.248941 -9162.491131 -8638.947201 -8689.229011 -9364.167739 -9272.847335 -9063.229895 -8462.286600 -8938.371391 -8983.856716 -8982.838634 -8980.629110 -9192.994412 -9092.614000 -9405.161650
-9999.0 -9999.0 -9999.0 -9999.0 -9999.0 -9999.0 -9999.0 -9999.0 -9999.0 -9999.0 -9055.629242 -9270.454551 -9150.896943 -9315.663724 -9141.069716 -9112.608174 -9187.691008 -8239.099163 -8853.548703 -9179.969153 -9360.464868 -8867.235417 -8513.367035 -8904.552928 -9014.245160 -8305.930686 -8707.976168 -9081.883881 -8834.283291 -8837.178403 -8762.310989 -9137.909533 -8890.719015 -8882.163688 -9176.554904 -9467.920832 -9432.348352 -9453.079754 -9068.128003 -8872.490831 -8580.389389 -8670.156444 -8701.054135 -9018.155702 -8487.996282 -8428.164154 -9137.445752 -8536.067675 -8653.267503 -7753.315388 -8468.527106 -9464.064609 -9263.723007 -9332.066299 -9355.666257 -9137.481574 -8733.522330
-9999.0 -9999.0 -9999.0 -9999.0 -9999.0 -9999.0 -9999.0 -9999.0 -9999.0 -9293.818056 -9162.402833 -9276.586494 -8619.135528 -8823.658003 -9292.810985 -9288.801541 -8804.185546 -8761.210323 -8803.588778 -9125.661417 -9154.455678 -8554.173145 -8775.318973 -8700.056204 -8579.368045 -8451.347846 -8376.704440 -8655.859722 -8612.266490 -8980.098127 -8327.206916 -8474.550894 -8774.786272 -9393.494206 -9458.442480 -9537.049918 -9097.121763 -9579.699556 -9116.848947 -9112.492224 -8954.699160 -8628.614377 -8036.480726 -8266.712686 -8875.717792 -8285.453066 -8467.443163 -8431.927162 -8715.525021 -8217.261399 -8108.297098 -8968.280112 -9266.385555 -9231.870594 -9083.603075 -9080.386443 -9025.456897
-9999.0 -9999.0 -9999.0 -9999.0 -9999.0 -9999.0 -9999.0 -9999.0 -9999.0 -9184.311362 -9362.714070 -8786.881505 -8180.804707 -8822.785411 -8909.109456 -9069.817207 -9053.114630 -8588.821252 -8844.580873 -9361.252507 -9327.396702 -8819.278880 -8626.336934 -8853.104188 -8558.289479 -8600.813554 -8563.229417 -8573.041374 -8462.716078 -8414.214765 -8836.834361 -8871.604879 -9120.501516 -9105.632089 -9216.313032 -8937.793936 -9392.505836 -9541.612529 -8931.533600 -9094.827921 -8695.203254 -8743.942529 -8553.190573 -8697.645627 -8683.882657 -8258.464959 -8187.745497 -8619.112920 -8355.897709 -7683.519440 -8041.472474 -8133.079141 -9287.659170 -9258.192614 -9116.132313 -9264.102962 -9216.708727
-9999.0 -9999.0 -9999.0 -9999.0 -9999.0 -9999.0 -9999.0 -9999.0 -9999.0 -9999.0 -9360.864630 -8988.037824 -8894.508859 -8634.207112 -8861.216940 -8875.133419 -8942.026039 -8684.707369 -8950.484214 -9300.927349 -9104.593598 -8599.319956 -8647.607793 -8795.653062 -8579.750822 -8533.359486 -8663.642359 -8320.439537 -8714.383228 -8370.203744 -8765.415353 -8381.387693 -9006.080046 -9140.459902 -9133.937761 -9116.032535 -9083.434754 -8801.381352 -9033.419775 -9259.899755 -8312.809192 -8842.760500 -8375.853867 -8790.738674 -8714.971116 -8960.059422 -8930.087329 -8729.966308 -7788.337821 -8195.526203 -8504.725270 -8626.606427 -8841.766519 -9458.851670 -9234.417706 -8939.007210 -8328.434024
-9999.0 -9999.0 -9999.0 -9999.0 -9999.0 -9999.0 -9999.0 -9999.0 -9999.0 -9999.0 -9284.291588 -9264.530356 -8897.221013 -8821.672275 -8694.249756 -8753.758913 -8514.186879 -8566.982840 -8935.534895 -8845.334042 -8461.934824 -8326.302263 -8148.331026 -8552.991519 -8748.539713 -8643.310509 -8622.303932 -8419.164009 -8389.792932 -8129.404204 -9009.576849 -8995.706783 -9186.077951 -9009.493789 -8971.121276 -8493.315251 -8832.362396 -9226.362206 -8896.161864 -9158.863262 -9219.811049 -9503.166187 -8946.560385 -8971.800928 -9068.283061 -9033.448138 -8892.221418 -8463.494261 -8880.986458 -8786.301005 -8396.557429 -8579.225712 -8752.676938 -9154.504954 -8923.738013 -8611.411485 -8264.930498
-9999.0 -9999.0 -9999.0 -9999.0 -9999.0 -9999.0 -9999.0 -9999.0 -8901.204367 -8840.579350 -8694.965202 -8850.956075 -9023.850907 -9218.830511 -8676.446519 -8623.204387 -8519.822260 -8864.021912 -9108.255953 -9268.532164 -8715.815300 -8465.431113 -8392.431972 -8318.803571 -8753.280037 -8413.076306 -8899.088725 -8314.756426 -8979.791442 -8985.363018 -8931.328442 -9008.195536 -9396.204901 -9204.859860 -9234.120032 -8125.201648 -9022.568481 -8519.557914 -8545.766773 -9092.342037 -9449.992453 -8849.835597 -9330.354287 -8994.657702 -8947.417929 -8602.393197 -8602.966255 -8672.773252 -8231.910626 -8333.358560 -8866.668850 -8635.266779 -8686.049961 -9026.224161 -8454.386266 -8213.061821 -8719.279366
-9999.0 -9999.0 -9999.0 -9999.0 -9999.0 -9999.0 -9999.0 -9999.0 -8992.968306 -9068.658010 -9002.408794 -9022.140430 -8731.209062 -8301.085859 -8745.573274 -8704.667391 -9058.817619 -8670.641109 -8827.838020 -9252.161872 -9228.538063 -8953.933733 -8726.641863 -8548.961424 -8578.605716 -8619.988082 -8577.080814 -8574.231204 -8902.338010 -9245.862904 -9276.888532 -8933.816148 -9359.001262 -9371.951069 -9417.964121 -8952.201455 -9009.870969 -8766.545570 -8854.231683 -9126.122503 -9424.124887 -8544.903143 -9481.966901 -9084.513574 -8848.759007 -9178.660347 -9176.287894 -8833.410858 -8132.467014 -8603.266269 -8186.252891 -8414.772764 -8677.713575 -8605.721292 -7790.659711 -8086.187135 -7914.501139
-9999.0 -9999.0 -9999.0 -9999.0 -9999.0 -9999.0 -9999.0 -9999.0 -8663.704418 -8834.907581 -8925.223016 -9000.212706 -9089.652004 -8958.553618 -8924.251357 -8323.557140 -7858.503001 -8692.975704 -8823.880362 -9293.199162 -9274.428509 -9271.693722 -9038.953914 -8860.876790 -8871.887924 -8686.274469 -8442.861114 -8376.087900 -8464.277495 -9043.063700 -8884.148876 -8834.511238 -8882.965833 -8756.992172 -9285.890992 -8839.600290 -9248.338112 -8460.500810 -8748.444871 -9125.258587 -9415.993109 -9488.882530 -9316.653186 -9169.784621 -9246.577055 -9320.698339 -9120.052239 -9153.122222 -8378.138757 -7656.324024 -7547.785293 -8239.421095 -8103.121109 -7730.864802 -8051.018986 -8562.727795 -8182.269878
-9999.0 -9999.0 -9999.0 -9999.0 -9999.0 -9999.0 -9999.0 -9999.0 -8669.192225 -8748.778068 -8380.460361 -8363.023091 -9073.228170 -8730.116661 -8533.966600 -8125.127504 -8463.702969 -8377.819254 -8100.040167 -8877.240042 -9244.419582 -9291.997660 -9278.915560 -9019.672752 -8548.666833 -8555.806992 -8553.363413 -8715.902246 -8611.833891 -8517.518207 -9017.160340 -9121.279591 -8396.418924 -8418.792064 -9025.344289 -8650.568197 -8524.779393 -8090.783155 -8389.758003 -8813.776147 -8801.879535 -9034.456837 -9049.201284 -8676.890981 -9141.279089 -9187.862251 -8969.098301 -9049.445775 -7997.958486 -7901.777169 -7754.392066 -7832.946586 -8280.225526 -7788.848541 -8451.490735 -8741.392659 -8984.948736
-9999.0 -9999.0 -9999.0 -9999.0 -9999.0 -9999.0 -9999.0 -9999.0 -8193.040627 -8553.771956 -8645.424655 -8431.393938 -8611.011467 -8592.336868 -8740.660666 -8966.466851 -8132.831851 -8052.071816 -7981.032982 -8493.723695 -8665.869833 -9235.461673 -9277.868110 -9074.582574 -8588.186873 -8172.358760 -8039.267940 -8886.559437 -8505.242512 -8712.251353 -8693.550679 -8957.956783 -8466.551356 -8929.104713 -8564.242086 -8749.005555 -8484.216412 -8341.639520 -8558.333983 -8720.383520 -8409.889056 -8471.027634 -8432.381222 -8495.239067 -8579.952505 -8851.504259 -8410.575932 -8405.605669 -7718.002621 -8040.674849 -8675.577096 -8464.827236 -8765.780687 -8706.249472 -9106.052034 -9205.177970 -9276.312851
