tests/3D/Mazia/output-maps-SE27XX/psiL0003N0003.asc
ncols         63
nrows         48
xllcorner     598000.000000
yllcorner     5145000.000000
cellsize      1000.000000
NODATA_value  -9999.0
[rows 0 to 24 of 48, columns 0 to 56 of 63]
-9999.0 -9999.0 -9999.0 -9999.0 -9999.0 -9999.0 -9999.0 -9999.0 -9999.0 -9999.0 -9999.0 -9999.0 -9999.0 -9999.0 -9999.0 -9999.0 -9999.0 -9999.0 -9999.0 -9999.0 -9999.0 -9999.0 -9999.0 -9999.0 -9999.0 -9999.0 -9999.0 -9999.0 -9999.0 -9999.0 -9999.0 -9999.0 -9999.0 -9999.0 -9999.0 -9999.0 -9999.0 -9999.0 -9999.0 -9999.0 -9999.0 -9999.0 -9999.0 -9999.0 -9999.0 -9999.0 -9999.0 -9999.0 -9999.0 -9999.0 -9999.0 -9999.0 -9999.0 -9999.0 -9999.0 -9999.0 -9999.0
-9999.0 -9999.0 -9999.0 -9999.0 -9999.0 -9999.0 -9999.0 -9999.0 -9999.0 -9999.0 -9999.0 -9999.0 -9999.0 -9999.0 -9999.0 -9999.0 -9999.0 -9999.0 -9999.0 -9999.0 -9999.0 -9999.0 -9999.0 -9999.0 -9999.0 -9999.0 -9999.0 -9628.714773 -9481.583059 -9589.548010 -9619.239614 -9465.140772 -9371.272759 -9999.0 -9999.0 -9999.0 -9999.0 -9999.0 -9999.0 -9999.0 -9999.0 -9999.0 -9999.0 -9999.0 -9999.0 -9999.0 -9999.0 -9999.0 -9999.0 -9999.0 -9999.0 -9999.0 -9999.0 -9999.0 -9999.0 -9999.0 -9999.0
-9999.0 -9999.0 -9999.0 -9999.0 -9999.0 -9999.0 -9999.0 -9999.0 -9999.0 -9999.0 -9999.0 -9999.0 -9999.0 -9999.0 -9999.0 -9999.0 -9999.0 -9999.0 -9999.0 -9999.0 -9999.0 -9999.0 -9999.0 -9999.0 -9561.644346 -9359.644560 -9120.489012 -9248.959448 -9169.661865 -9421.945056 -9469.580576 -9999.0 -9999.0 -9999.0 -9999.0 -9999.0 -9999.0 -9999.0 -9999.0 -9999.0 -9999.0 -9999.0 -9999.0 -9999.0 -9999.0 -9999.0 -9999.0 -9999.0 -9999.0 -9999.0 -9999.0 -9999.0 -9999.0 -9999.0 -9999.0 -9999.0 -9999.0
-9999.0 -9999.0 -9999.0 -9999.0 -9999.0 -9999.0 -9999.0 -9999.0 -9999.0 -9999.0 -9999.0 -9999.0 -9999.0 -9999.0 -9999.0 -9999.0 -9999.0 -9999.0 -9999.0 -9999.0 -9999.0 -9999.0 -9999.0 -9341.831652 -9067.109306 -8878.799485 -8925.752958 -8904.802240 -8794.060822 -9093.782354 -9186.388865 -9451.568414 -9999.0 -9999.0 -9999.0 -9999.0 -9999.0 -9999.0 -9999.0 -9999.0 -9999.0 -9999.0 -9999.0 -9999.0 -9999.0 -9999.0 -9999.0 -9999.0 -9999.0 -9999.0 -9999.0 -9999.0 -9999.0 -9999.0 -9999.0 -9999.0 -9999.0
-9999.0 -9999.0 -9999.0 -9999.0 -9999.0 -9999.0 -9999.0 -9999.0 -9999.0 -9999.0 -9999.0 -9999.0 -9999.0 -9999.0 -9999.0 -9999.0 -9999.0 -9999.0 -8630.305499 -8328.309794 -9999.0 -9343.855828 -9213.593361 -8893.571303 -8786.060656 -8545.913071 -8772.901019 -8711.218615 -8814.771994 -8773.733967 -9057.302179 -9384.841840 -9126.776302 -8540.422977 -9999.0 -9999.0 -9999.0 -9999.0 -9999.0 -9999.0 -9999.0 -9999.0 -9999.0 -9999.0 -9999.0 -9999.0 -9999.0 -9999.0 -9999.0 -9999.0 -9999.0 -9999.0 -9999.0 -9999.0 -9999.0 -9999.0 -9999.0
-9999.0 -9999.0 -9999.0 -9999.0 -9999.0 -9999.0 -9999.0 -9999.0 -9999.0 -9999.0 -9999.0 -9999.0 -9999.0 -9999.0 -9999.0 -9999.0 -9999.0 -9002.953301 -8685.345031 -8810.527807 -8488.610356 -9105.255987 -8903.323103 -8770.573756 -8680.088696 -8772.822154 -8905.199776 -9000.177296 -9022.168672 -8591.098925 -8975.689041 -9370.362135 -8941.380253 -9392.453920 -9676.887325 -9952.274390 -9999.0 -9999.0 -9999.0 -9999.0 -9999.0 -9999.0 -9999.0 -9999.0 -9999.0 -9999.0 -9999.0 -9999.0 -9999.0 -9999.0 -9999.0 -9999.0 -9999.0 -9999.0 -9999.0 -9999.0 -9999.0
-9999.0 -9999.0 -9999.0 -9999.0 -9999.0 -9999.0 -9999.0 -9999.0 -9999.0 -9999.0 -9999.0 -9999.0 -9999.0 -9112.676801 -8901.354914 -8921.831228 -9131.930692 -9115.990353 -8898.188985 -8130.371712 -8633.105270 -8795.808756 -8960.911679 -8764.799563 -8759.407306 -8666.209836 -9380.991878 -9376.828581 -9033.100678 -8871.745997 -8862.685605 -8699.243700 -9455.503606 -9072.053902 -9511.136805 -9394.974386 -9999.0 -9999.0 -9999.0 -9999.0 -9999.0 -9999.0 -9999.0 -9999.0 -9999.0 -9999.0 -9999.0 -9999.0 -9999.0 -9999.0 -9999.0 -9999.0 -9999.0 -9999.0 -9999.0 -9999.0 -9999.0
-9999.0 -9999.0 -9999.0 -9999.0 -9999.0 -9999.0 -9999.0 -9999.0 -9999.0 -9999.0 -9999.0 -9999.0 -9999.0 -9296.937753 -9040.969033 -9171.112071 -9073.357014 -9295.713193 -9144.555423 -9111.719011 -8492.921087 -8359.885256 -8696.561756 -8858.609479 -9111.745363 -8951.448118 -8896.726958 -9488.138838 -9477.173688 -9111.537002 -8893.381335 -8866.076822 -9423.646451 -9247.410127 -9745.750203 -9999.0 -9999.0 -9999.0 -9999.0 -9999.0 -9999.0 -9999.0 -9999.0 -9999.0 -9999.0 -9999.0 -9999.0 -9999.0 -9999.0 -9999.0 -9999.0 -9999.0 -9999.0 -9999.0 -9999.0 -9999.0 -9999.0
-9999.0 -9999.0 -9999.0 -9999.0 -9999.0 -9999.0 -9999.0 -9999.0 -9999.0 -9999.0 -9999.0 -9999.0 -9999.0 -8946.800569 -8914.087013 -9159.418046 -9081.398357 -9008.969399 -9052.827304 -9183.968218 -8870.153465 -8440.476335 -8713.470998 -9033.026324 -9177.958553 -9168.760880 -8953.419520 -9445.701412 -9263.477774 -9313.601028 -8793.047744 -9050.306074 -9452.337147 -9253.303320 -9783.753410 -9999.0 -9999.0 -9999.0 -9999.0 -9999.0 -9999.0 -9999.0 -9999.0 -9999.0 -9999.0 -9999.0 -9999.0 -9999.0 -9999.0 -9999.0 -9999.0 -9999.0 -9999.0 -9999.0 -9999.0 -9999.0 -9999.0
-9999.0 -9999.0 -9999.0 -9999.0 -9999.0 -9999.0 -9999.0 -9999.0 -9999.0 -9999.0 -9999.0 -9999.0 -9132.351215 -8842.064850 -9173.377137 -9184.487156 -8974.812318 -8858.416153 -9129.715379 -9716.141105 -8383.718347 -8204.097038 -9164.017490 -8941.613455 -8615.863186 -8377.674583 -8466.170367 -9115.899035 -8995.708954 -9351.454285 -9011.049888 -9527.667462 -8811.043181 -9133.743537 -9999.0 -9999.0 -9999.0 -9999.0 -9999.0 -9999.0 -9999.0 -9999.0 -9999.0 -9999.0 -9999.0 -9999.0 -9999.0 -9999.0 -9999.0 -9999.0 -9999.0 -9999.0 -9999.0 -9999.0 -9999.0 -9999.0 -9999.0
-9999.0 -9999.0 -9999.0 -9999.0 -9999.0 -9999.0 -9999.0 -9999.0 -9999.0 -9999.0 -9999.0 -9402.686457 -9170.621729 -8907.292061 -9204.887757 -9360.550732 -9421.667584 -8575.555980 -9325.113951 -9894.288944 -8753.432772 -8771.281774 -9191.365665 -8952.634979 -8922.555988 -9097.172198 -8731.793960 -9280.358937 -8305.473712 -8500.572810 -9362.172171 -8645.564604 -9628.399882 -9544.470562 -9800.488069 -9831.490822 -9495.572158 -9521.934852 -9391.158944 -9999.0 -9999.0 -9999.0 -9783.132603 -9999.0 -9999.0 -9999.0 -9999.0 -9999.0 -9999.0 -9999.0 -9999.0 -9999.0 -9999.0 -9999.0 -9999.0 -9999.0 -9999.0
-9999.0 -9999.0 -9999.0 -9999.0 -9999.0 -9999.0 -9999.0 -9999.0 -9999.0 -9999.0 -9999.0 -8775.303166 -9204.029748 -9221.584015 -9274.617300 -8834.659031 -8806.128597 -8686.860063 -8946.198021 -9386.424341 -8912.333006 -8881.201209 -9218.823825 -9214.317703 -8993.144058 -9309.984630 -9007.306709 -9079.866225 -8967.777286 -8745.614820 -8766.098885 -8602.230589 -8840.520646 -9717.583409 -8998.441257 -9303.530911 -9154.728577 -9460.223879 -9091.718791 -9902.736804 -9542.728457 -9392.051255 -8864.602183 -9805.119279 -9999.0 -9999.0 -9999.0 -8773.385938 -9133.866198 -9358.923181 -9115.872715 -9165.749104 -9261.514419 -8539.476196 -8822.605989 -9223.770792 -9999.0
-9999.0 -9999.0 -9999.0 -9999.0 -9999.0 -9999.0 -9999.0 -9999.0 -9999.0 -9999.0 -9999.0 -9347.569300 -8844.968723 -8977.551476 -9445.083721 -9098.082482 -8916.134393 -8802.144606 -9373.196424 -9183.501214 -8885.335934 -8810.946833 -8462.569361 -9238.863121 -9137.885140 -8674.419210 -8791.291640 -8284.106553 -9015.354330 -9242.484884 -9254.543595 -8791.468710 -9133.374823 -8981.679117 -9789.829148 -9100.433378 -9474.430346 -9537.181568 -8948.948329 -9173.023780 -9272.672232 -8966.617893 -8987.554226 -9321.020559 -9180.336740 -9999.0 -9663.037141 -9103.380695 -9105.354921 -9029.238388 -8784.867539 -8556.174037 -8747.583378 -8751.926544 -9039.137065 -9180.691882 -9999.0
-9999.0 -9999.0 -9999.0 -9999.0 -9999.0 -9999.0 -9999.0 -9999.0 -9999.0 -9999.0 -9999.0 -9999.0 -9316.804996 -9287.360898 -9148.246420 -9381.473937 -8846.405594 -8692.488450 -9240.818447 -9045.976273 -8872.109022 -9198.874172 -8994.628049 -8664.793093 -8831.823602 -8706.004054 -8560.360582 -8775.963655 -9328.620255 -9389.161257 -9038.386019 -8918.601733 -9326.736874 -9578.912606 -9346.386557 -9392.450932 -9316.816692 -9521.645086 -8483.819963 -8370.059645 -9489.057331 -8951.482491 -8923.020135 -8927.969146 -9166.037661 -9343.207477 -9324.691873 -9248.551239 -9011.080315 -8813.242914 -8489.117776 -8575.524191 -8752.775420 -8651.698360 -8615.859522 -8998.090905 -9334.315316
-9999.0 -9999.0 -9999.0 -9999.0 -9999.0 -9999.0 -9999.0 -9999.0 -9999.0 -9999.0 -9999.0 -9073.031736 -9132.793024 -9309.177913 -9168.067724 -9165.971771 -9203.809309 -8728.120548 -9200.287960 -8971.616993 -8945.882023 -8934.956428 -8740.362527 -8353.368252 -8836.811778 -8712.539960 -8748.755581 -8842.713827 -8918.012599 -8986.702707 -8781.108197 -9206.111320 -8986.222132 -9144.128049 -9059.812502 -9483.750348 -9160.132420 -9123.071049 -8947.479567 -8904.932649 -8779.585613 -8548.901295 -8943.494110 -8880.444413 -8544.576581 -8733.225571 -9422.165280 -9264.538131 -8665.802207 -8284.369851 -8652.898985 -9049.465705 -9066.006652 -9043.969673 -9262.357239 -9121.099360 -9447.924708
-9999.0 -9999.0 -9999.0 -9999.0 -9999.0 -9999.0 -9999.0 -9999.0 -9999.0 -9999.0 -8969.367610 -9197.757827 -9082.272520 -9245.373432 -9068.652554 -9033.477279 -9103.814774 -8162.499996 -8751.108529 -9059.967669 -9241.826935 -8758.141447 -8410.843769 -8789.208974 -8892.611989 -8206.169566 -8620.319573 -9014.280983 -8736.011343 -8726.232142 -8646.839218 -9013.581561 -8799.658803 -8928.295084 -9143.464715 -9445.180523 -9384.377276 -9404.702607 -9002.618815 -8793.983780 -8488.475542 -8420.590351 -8315.739192 -8901.052657 -8378.545031 -8391.181035 -9194.197307 -8411.705942 -8467.347249 -7614.557280 -8440.465114 -9489.786893 -9328.149948 -9361.795082 -9392.091207 -9220.060538 -8807.518761
-9999.0 -9999.0 -9999.0 -9999.0 -9999.0 -9999.0 -9999.0 -9999.0 -9999.0 -9218.071028 -9080.736983 -9191.935471 -8547.218352 -8759.441412 -9210.260704 -9203.744765 -8730.031304 -8675.105640 -8695.183792 -8999.759280 -9038.740479 -8442.461986 -8653.572520 -8588.471188 -8471.130103 -8344.163132 -8301.550353 -8537.392996 -8496.018604 -8852.269057 -8226.733077 -8565.440173 -8720.692704 -9387.073563 -9435.785684 -9492.800022 -9039.855391 -9525.400119 -9062.386797 -9032.828667 -8852.144098 -8722.575790 -8108.382434 -8171.327593 -8753.609795 -8166.463790 -8271.988268 -8323.681901 -8577.233458 -8050.992598 -7987.124585 -8983.834648 -9292.306158 -9258.933375 -9115.476293 -9175.329408 -8871.498189
-9999.0 -9999.0 -9999.0 -9999.0 -9999.0 -9999.0 -9999.0 -9999.0 -9999.0 -9107.387198 -9282.655745 -8712.099965 -8097.599253 -8742.264647 -8831.479626 -8989.552080 -8964.691256 -8503.084398 -8728.031820 -9243.440103 -9204.204691 -8707.320430 -8518.000968 -8731.946962 -8443.417656 -8507.308535 -8446.612288 -8454.671736 -8353.864948 -8293.807618 -8690.127694 -8981.579771 -9044.004345 -9166.978996 -9275.042884 -8892.894190 -9340.863856 -9478.819455 -8979.950186 -9003.942308 -8627.826378 -8694.077720 -8470.272511 -8558.242401 -8565.506386 -8127.320321 -8050.421989 -8436.818620 -8174.312181 -7543.197296 -8116.397639 -8201.027984 -9318.921979 -9343.423023 -9161.839601 -9376.572658 -9013.787041
-9999.0 -9999.0 -9999.0 -9999.0 -9999.0 -9999.0 -9999.0 -9999.0 -9999.0 -9999.0 -9278.635768 -8904.397445 -8808.389559 -8538.472464 -8775.807433 -8790.886046 -8849.259023 -8590.425936 -8824.519462 -9179.951898 -8987.080070 -8476.010505 -8524.598633 -8670.328811 -8479.228916 -8416.455798 -8542.310988 -8213.322773 -8573.143393 -8262.927681 -8654.413970 -8288.555346 -9094.236664 -9208.520987 -9055.362462 -9004.885595 -8998.357695 -8709.149320 -8981.181463 -9320.828348 -8357.265765 -8754.575337 -8177.570323 -8658.364316 -8582.118247 -8810.427171 -8777.069380 -8501.094893 -7650.831178 -8011.800857 -8358.576716 -8463.615118 -8867.803392 -9509.877320 -9325.753142 -9025.138492 -8119.697128
-9999.0 -9999.0 -9999.0 -9999.0 -9999.0 -9999.0 -9999.0 -9999.0 -9999.0 -9999.0 -9201.308534 -9178.120322 -8814.004749 -8735.191328 -8611.185468 -8648.142545 -8411.818749 -8456.161558 -8802.040499 -8729.643125 -8340.791135 -8211.173959 -8044.004397 -8457.667298 -8629.588660 -8516.825131 -8498.438362 -8296.152873 -8270.467489 -8059.315834 -8915.587485 -8859.220643 -8912.714391 -9078.705359 -9036.574665 -8368.171029 -8697.762049 -9095.571240 -8842.089431 -9220.568493 -9284.116555 -9041.880418 -8833.092230 -8879.299537 -8884.338192 -8882.174175 -8675.969521 -8316.612443 -8709.165607 -8566.322487 -8185.422445 -8377.334562 -8833.583284 -9207.371262 -8965.430299 -8645.688036 -8337.019239
-9999.0 -9999.0 -9999.0 -9999.0 -9999.0 -9999.0 -9999.0 -9999.0 -8817.079090 -8765.535244 -8621.459193 -8766.161215 -8932.064137 -9122.480259 -8574.413846 -8514.738701 -8410.160296 -8762.863025 -8986.884392 -9136.070613 -8578.650265 -8337.084413 -8268.544271 -8213.926476 -8639.457819 -8279.292817 -8740.116404 -8194.167234 -8841.882028 -8893.568491 -8830.203878 -8921.033968 -9310.083732 -9283.026063 -9310.275554 -8174.812563 -8828.038012 -8373.485345 -8637.383041 -9094.251269 -9467.705041 -8729.488842 -9292.015886 -9000.149142 -8551.360597 -8344.676877 -8692.546232 -8478.125570 -8083.954082 -8139.366953 -8612.910924 -8445.084921 -8475.634098 -9140.646306 -8491.597817 -8253.169249 -8604.618589
-9999.0 -9999.0 -9999.0 -9999.0 -9999.0 -9999.0 -9999.0 -9999.0 -8720.043386 -8979.758500 -8924.614112 -8940.052915 -8649.772856 -8219.224026 -8640.153995 -8592.315105 -8928.794606 -8549.471466 -8692.321482 -9114.905487 -9079.164434 -8829.316717 -8606.424171 -8444.869557 -8452.673264 -8484.184934 -8444.138106 -8447.355901 -8575.897857 -9148.327736 -9188.300166 -8826.179934 -9256.852585 -9266.170961 -9318.957361 -8851.612189 -8717.077484 -8581.403935 -8721.965962 -9198.527727 -9502.699043 -8607.217446 -9507.234856 -9142.021353 -8614.587798 -9004.519232 -9135.205027 -8669.811245 -7938.253564 -8422.711450 -7979.528719 -8176.988017 -8490.565654 -8640.208651 -7556.142931 -7859.191623 -7705.234283
-9999.0 -9999.0 -9999.0 -9999.0 -9999.0 -9999.0 -9999.0 -9999.0 -8587.634108 -8727.744995 -8838.973264 -8922.178610 -8988.053299 -8748.307337 -8825.560435 -8223.903895 -7766.369659 -8585.308362 -8686.189424 -9147.820935 -9129.109266 -9134.846407 -8907.614517 -8727.359973 -8750.883391 -8546.597272 -8317.187854 -8254.030436 -8208.769723 -8937.803212 -8469.128992 -8682.174365 -8793.614462 -8665.746962 -9116.005516 -8579.412691 -9016.139633 -8311.319112 -8592.764672 -8993.712010 -9501.354006 -9522.909486 -9392.124200 -8987.525727 -9121.849963 -9373.168501 -9143.061625 -9216.486513 -8220.018305 -7520.297129 -7411.091441 -8010.174103 -7928.146229 -7574.253902 -7822.874818 -8294.208756 -7948.753222
-9999.0 -9999.0 -9999.0 -9999.0 -9999.0 -9999.0 -9999.0 -9999.0 -8578.712867 -8651.796831 -8284.747098 -8195.754385 -8967.160562 -8632.547916 -8422.549964 -8024.626539 -8347.235885 -8259.541174 -8009.788685 -8730.331295 -9099.074505 -9139.578228 -9130.529575 -8872.790934 -8391.987253 -8415.863350 -8421.889290 -8589.334438 -8485.087880 -8389.815370 -8888.426288 -8956.665097 -8246.239104 -8259.509173 -8862.897487 -8469.829886 -8244.446570 -7944.938323 -8222.160378 -8628.974742 -8873.482613 -9096.661112 -9102.585579 -8299.989992 -9218.573997 -9080.715880 -9006.543061 -8642.159929 -7857.764545 -7705.868650 -7602.895987 -7667.799100 -8033.240084 -7573.102708 -8183.175654 -8448.803202 -8679.944596
-9999.0 -9999.0 -9999.0 -9999.0 -9999.0 -9999.0 -9999.0 -9999.0 -8129.512880 -8461.808223 -8535.639342 -8324.784325 -8493.846653 -8474.361196 -8616.931449 -8848.352020 -8041.162421 -7947.406424 -7877.754022 -8366.204656 -8523.197999 -9083.500893 -9111.939377 -8903.576701 -8454.041016 -8044.560842 -7928.973046 -8751.289447 -8380.719426 -8574.991974 -8552.014307 -8785.507366 -8320.027869 -8727.920184 -8359.915846 -8512.276972 -8257.077999 -8164.160763 -8365.895133 -8466.259388 -8184.959946 -8246.087678 -8221.652632 -8278.751653 -8443.775637 -8608.827070 -8202.448894 -8191.708216 -7540.197239 -7837.384883 -8412.910867 -8259.085327 -8528.417033 -8409.809163 -8771.276172 -8863.715569 -8939.062997
