tests/3D/Mazia/output-maps-SE27XX/psiL0008N0003.asc
ncols         63
nrows         48
xllcorner     598000.000000
yllcorner     5145000.000000
cellsize      1000.000000
NODATA_value  -9999.0
[rows 0 to 24 of 48, columns 0 to 56 of 63]
-9999.0 -9999.0 -9999.0 -9999.0 -9999.0 -9999.0 -9999.0 -9999.0 -9999.0 -9999.0 -9999.0 -9999.0 -9999.0 -9999.0 -9999.0 -9999.0 -9999.0 -9999.0 -9999.0 -9999.0 -9999.0 -9999.0 -9999.0 -9999.0 -9999.0 -9999.0 -9999.0 -9999.0 -9999.0 -9999.0 -9999.0 -9999.0 -9999.0 -9999.0 -9999.0 -9999.0 -9999.0 -9999.0 -9999.0 -9999.0 -9999.0 -9999.0 -9999.0 -9999.0 -9999.0 -9999.0 -9999.0 -9999.0 -9999.0 -9999.0 -9999.0 -9999.0 -9999.0 -9999.0 -9999.0 -9999.0 -9999.0
-9999.0 -9999.0 -9999.0 -9999.0 -9999.0 -9999.0 -9999.0 -9999.0 -9999.0 -9999.0 -9999.0 -9999.0 -9999.0 -9999.0 -9999.0 -9999.0 -9999.0 -9999.0 -9999.0 -9999.0 -9999.0 -9999.0 -9999.0 -9999.0 -9999.0 -9999.0 -9999.0 -9042.639183 -9046.373513 -8986.411012 -9166.712727 -9006.825993 -8909.125353 -9999.0 -9999.0 -9999.0 -9999.0 -9999.0 -9999.0 -9999.0 -9999.0 -9999.0 -9999.0 -9999.0 -9999.0 -9999.0 -9999.0 -9999.0 -9999.0 -9999.0 -9999.0 -9999.0 -9999.0 -9999.0 -9999.0 -9999.0 -9999.0
-9999.0 -9999.0 -9999.0 -9999.0 -9999.0 -9999.0 -9999.0 -9999.0 -9999.0 -9999.0 -9999.0 -9999.0 -9999.0 -9999.0 -9999.0 -9999.0 -9999.0 -9999.0 -9999.0 -9999.0 -9999.0 -9999.0 -9999.0 -9999.0 -9152.228417 -8949.632356 -8869.094286 -8825.141411 -8915.407644 -8999.407545 -9013.358994 -9999.0 -9999.0 -9999.0 -9999.0 -9999.0 -9999.0 -9999.0 -9999.0 -9999.0 -9999.0 -9999.0 -9999.0 -9999.0 -9999.0 -9999.0 -9999.0 -9999.0 -9999.0 -9999.0 -9999.0 -9999.0 -9999.0 -9999.0 -9999.0 -9999.0 -9999.0
-9999.0 -9999.0 -9999.0 -9999.0 -9999.0 -9999.0 -9999.0 -9999.0 -9999.0 -9999.0 -9999.0 -9999.0 -9999.0 -9999.0 -9999.0 -9999.0 -9999.0 -9999.0 -9999.0 -9999.0 -9999.0 -9999.0 -9999.0 -8938.482094 -8861.874424 -8689.181088 -8770.349087 -8735.495761 -8603.059401 -8668.867451 -8729.442376 -8980.504931 -9999.0 -9999.0 -9999.0 -9999.0 -9999.0 -9999.0 -9999.0 -9999.0 -9999.0 -9999.0 -9999.0 -9999.0 -9999.0 -9999.0 -9999.0 -9999.0 -9999.0 -9999.0 -9999.0 -9999.0 -9999.0 -9999.0 -9999.0 -9999.0 -9999.0
-9999.0 -9999.0 -9999.0 -9999.0 -9999.0 -9999.0 -9999.0 -9999.0 -9999.0 -9999.0 -9999.0 -9999.0 -9999.0 -9999.0 -9999.0 -9999.0 -9999.0 -9999.0 -8422.783877 -8029.153847 -9999.0 -9094.783807 -8991.070632 -8704.806512 -8637.323397 -8408.035156 -8677.365012 -8607.647629 -8687.838292 -8548.921068 -8611.606966 -8913.047581 -8428.707080 -7812.132703 -9999.0 -9999.0 -9999.0 -9999.0 -9999.0 -9999.0 -9999.0 -9999.0 -9999.0 -9999.0 -9999.0 -9999.0 -9999.0 -9999.0 -9999.0 -9999.0 -9999.0 -9999.0 -9999.0 -9999.0 -9999.0 -9999.0 -9999.0
-9999.0 -9999.0 -9999.0 -9999.0 -9999.0 -9999.0 -9999.0 -9999.0 -9999.0 -9999.0 -9999.0 -9999.0 -9999.0 -9999.0 -9999.0 -9999.0 -9999.0 -8959.185916 -8678.507276 -8380.013608 -8283.890646 -8912.527572 -8714.663425 -8626.177035 -8536.929086 -8788.941296 -8643.097798 -8824.713121 -8756.835705 -8419.798960 -8785.524949 -8909.818519 -8550.299235 -8667.884135 -8910.010796 -9151.341656 -9999.0 -9999.0 -9999.0 -9999.0 -9999.0 -9999.0 -9999.0 -9999.0 -9999.0 -9999.0 -9999.0 -9999.0 -9999.0 -9999.0 -9999.0 -9999.0 -9999.0 -9999.0 -9999.0 -9999.0 -9999.0
-9999.0 -9999.0 -9999.0 -9999.0 -9999.0 -9999.0 -9999.0 -9999.0 -9999.0 -9999.0 -9999.0 -9999.0 -9999.0 -8824.203573 -8658.213311 -8897.147332 -9162.043102 -9184.278370 -8832.306397 -7887.590286 -8431.401531 -8618.036708 -8814.762681 -8602.687206 -8775.388943 -8448.092363 -8782.041998 -8998.764610 -8635.548591 -8626.768244 -8632.631989 -8401.072487 -8962.476921 -8566.683813 -8741.307054 -8578.938545 -9999.0 -9999.0 -9999.0 -9999.0 -9999.0 -9999.0 -9999.0 -9999.0 -9999.0 -9999.0 -9999.0 -9999.0 -9999.0 -9999.0 -9999.0 -9999.0 -9999.0 -9999.0 -9999.0 -9999.0 -9999.0
-9999.0 -9999.0 -9999.0 -9999.0 -9999.0 -9999.0 -9999.0 -9999.0 -9999.0 -9999.0 -9999.0 -9999.0 -9999.0 -9015.118348 -8805.407384 -9159.214803 -9054.947243 -9068.495943 -9223.112523 -8909.431116 -8480.556399 -8119.643357 -8715.494220 -8892.976163 -9001.683952 -8775.307838 -8485.806110 -8926.825725 -8884.010678 -8696.250442 -8586.389318 -8394.016604 -8704.636510 -8485.022718 -8939.875262 -9999.0 -9999.0 -9999.0 -9999.0 -9999.0 -9999.0 -9999.0 -9999.0 -9999.0 -9999.0 -9999.0 -9999.0 -9999.0 -9999.0 -9999.0 -9999.0 -9999.0 -9999.0 -9999.0 -9999.0 -9999.0 -9999.0
-9999.0 -9999.0 -9999.0 -9999.0 -9999.0 -9999.0 -9999.0 -9999.0 -9999.0 -9999.0 -9999.0 -9999.0 -9999.0 -8680.646252 -8624.059906 -8908.554190 -9020.285665 -8986.455249 -9077.355130 -9147.463485 -8659.288176 -8019.512206 -8700.833870 -8806.317829 -9026.152300 -9002.742939 -8909.809757 -8879.702667 -8832.760897 -8691.746741 -8337.215283 -8351.368459 -8710.527513 -8463.302070 -8950.010561 -9999.0 -9999.0 -9999.0 -9999.0 -9999.0 -9999.0 -9999.0 -9999.0 -9999.0 -9999.0 -9999.0 -9999.0 -9999.0 -9999.0 -9999.0 -9999.0 -9999.0 -9999.0 -9999.0 -9999.0 -9999.0 -9999.0
-9999.0 -9999.0 -9999.0 -9999.0 -9999.0 -9999.0 -9999.0 -9999.0 -9999.0 -9999.0 -9999.0 -9999.0 -8870.119356 -8530.417611 -8903.973029 -8897.120833 -8844.868013 -8792.306664 -8863.495439 -8957.765033 -8149.772537 -7957.699317 -9001.401114 -8751.882362 -8425.030716 -8097.338641 -8230.979763 -8705.024589 -8706.038193 -8741.050149 -8549.803679 -8835.775376 -8316.584238 -8340.240218 -9999.0 -9999.0 -9999.0 -9999.0 -9999.0 -9999.0 -9999.0 -9999.0 -9999.0 -9999.0 -9999.0 -9999.0 -9999.0 -9999.0 -9999.0 -9999.0 -9999.0 -9999.0 -9999.0 -9999.0 -9999.0 -9999.0 -9999.0
-9999.0 -9999.0 -9999.0 -9999.0 -9999.0 -9999.0 -9999.0 -9999.0 -9999.0 -9999.0 -9999.0 -9114.928655 -8909.764683 -8626.364461 -8902.584544 -9016.232750 -8688.004883 -8446.212999 -9054.651863 -9024.973069 -8741.699583 -8582.857255 -8981.966498 -8716.161893 -8759.445571 -8873.631337 -8335.795681 -9030.838341 -8009.186622 -7877.439633 -8721.107274 -8273.392254 -8911.638903 -8752.043688 -8952.142564 -8936.940448 -8873.295405 -8878.475393 -8745.610953 -9999.0 -9999.0 -9999.0 -8890.875224 -9999.0 -9999.0 -9999.0 -9999.0 -9999.0 -9999.0 -9999.0 -9999.0 -9999.0 -9999.0 -9999.0 -9999.0 -9999.0 -9999.0
-9999.0 -9999.0 -9999.0 -9999.0 -9999.0 -9999.0 -9999.0 -9999.0 -9999.0 -9999.0 -9999.0 -8460.569525 -8937.755100 -8940.490297 -8969.135163 -8463.829134 -8489.700323 -8569.710320 -8656.920866 -9148.690058 -8694.150547 -8666.227665 -9025.122900 -9063.110759 -8837.298567 -9106.348601 -8772.546084 -8853.242181 -8880.442722 -8139.959097 -8433.156527 -8267.074315 -8352.056981 -9178.111836 -8448.683427 -8717.368153 -8581.291470 -8836.717946 -8452.560304 -8859.117220 -8551.955082 -8472.240502 -8314.625319 -8999.561333 -9999.0 -9999.0 -9999.0 -8296.641647 -8667.053505 -8729.289122 -8677.324580 -8568.168699 -8682.950344 -8127.070751 -8418.846983 -8687.128046 -9999.0
-9999.0 -9999.0 -9999.0 -9999.0 -9999.0 -9999.0 -9999.0 -9999.0 -9999.0 -9999.0 -9999.0 -9060.647155 -8520.576403 -8685.477076 -9109.555779 -8741.572236 -8606.068994 -8695.431534 -9114.296094 -8950.964562 -8864.878202 -8642.049387 -8275.037000 -9060.823712 -8947.052168 -8290.126779 -8628.433255 -8073.319937 -8579.799518 -8826.417869 -8723.687867 -8489.286197 -8759.749626 -8470.357300 -8967.209231 -8581.670143 -8875.637800 -8907.043617 -8338.991649 -8195.712593 -8654.369351 -8413.158768 -8537.016912 -8808.992468 -8677.499159 -9999.0 -8955.182615 -8634.608785 -8653.376820 -8601.574871 -8382.806306 -8386.172237 -8350.095898 -8354.041888 -8655.449239 -8797.778958 -9999.0
-9999.0 -9999.0 -9999.0 -9999.0 -9999.0 -9999.0 -9999.0 -9999.0 -9999.0 -9999.0 -9999.0 -9999.0 -9028.383745 -9023.519449 -8819.117322 -9055.780940 -8693.046179 -8596.733727 -9014.517982 -8833.284055 -8944.921802 -9092.269829 -8882.587584 -8526.097292 -8694.890088 -8567.545378 -8414.026647 -8578.301194 -9115.292224 -8964.945154 -8749.152805 -8647.051453 -8987.772989 -9071.142512 -8810.853457 -8891.044888 -8745.814323 -8972.380862 -7952.675010 -7850.129649 -9041.734357 -8306.907561 -8611.259551 -8574.550977 -8480.663913 -8862.523025 -8647.861770 -8787.132202 -8594.772631 -8615.307625 -8330.645573 -8407.302005 -8622.219605 -8504.350173 -8445.860607 -8624.136963 -8967.476287
-9999.0 -9999.0 -9999.0 -9999.0 -9999.0 -9999.0 -9999.0 -9999.0 -9999.0 -9999.0 -9999.0 -8848.296880 -8849.108352 -9037.117045 -8921.468751 -8918.978314 -8981.331796 -8682.186723 -9013.470227 -9017.522365 -9081.055381 -9071.865659 -8632.131714 -8209.490841 -8740.734859 -8612.182117 -8637.537679 -8641.675922 -8699.470232 -8770.103681 -8565.937010 -8988.733426 -8695.259487 -8662.977284 -8549.467030 -9019.462268 -8669.036740 -8583.020990 -8493.872840 -8513.367860 -8549.585418 -8371.068055 -8755.904457 -8592.151711 -8240.105522 -8277.975140 -8967.972920 -8648.103365 -8468.144294 -8108.445554 -8418.391788 -8646.586449 -8701.220713 -8562.196256 -8816.509710 -8630.603461 -8994.852436
-9999.0 -9999.0 -9999.0 -9999.0 -9999.0 -9999.0 -9999.0 -9999.0 -9999.0 -9999.0 -8738.336159 -9012.595302 -8825.636345 -8990.501664 -8812.864273 -8832.873885 -8923.141891 -8086.283179 -8840.825768 -9173.757691 -9143.381065 -8629.325563 -8479.226967 -8685.841780 -8841.379749 -8073.391249 -8510.117308 -8754.871772 -8569.955548 -8547.547892 -8471.295348 -8826.768709 -8518.221323 -8469.910007 -8426.162933 -8698.223734 -8947.445073 -8996.416099 -8759.537333 -8501.305641 -8284.506027 -8271.565109 -8220.401029 -8821.410084 -8113.581857 -7774.059875 -8752.265438 -8180.210677 -8295.460689 -7396.726845 -7945.369045 -8965.783613 -8865.613785 -8858.700818 -8910.490278 -8864.323431 -8451.691460
-9999.0 -9999.0 -9999.0 -9999.0 -9999.0 -9999.0 -9999.0 -9999.0 -9999.0 -9001.395649 -8862.433921 -9037.676551 -8343.471879 -8558.384936 -9055.580142 -9058.088916 -8557.845632 -8483.232311 -8838.559369 -9159.681367 -8957.156079 -8569.505162 -8830.505623 -8530.082328 -8391.383362 -8431.991138 -8180.358541 -8413.674502 -8379.416649 -8746.662128 -8038.818937 -8307.787597 -8195.735423 -8763.552799 -8768.071325 -8827.015796 -8655.602870 -9173.536279 -8726.606249 -8759.369154 -8797.460540 -8460.267553 -7813.249306 -8064.867877 -8687.248523 -7914.029932 -8092.809060 -8087.502569 -8387.205435 -7883.556091 -7792.038079 -8462.939521 -8779.083199 -8756.902809 -8641.739662 -8867.280030 -8814.184376
-9999.0 -9999.0 -9999.0 -9999.0 -9999.0 -9999.0 -9999.0 -9999.0 -9999.0 -8905.850726 -9082.178994 -8485.046825 -7870.249025 -8580.624143 -8679.087408 -8857.544533 -8798.456128 -8365.638003 -8939.434707 -9190.157736 -9167.858010 -8631.056432 -8424.426261 -8665.765803 -8587.091825 -8446.195757 -8380.939903 -8372.433656 -8244.798930 -8138.455490 -8553.667670 -8758.035426 -8796.161842 -8744.236214 -8836.440421 -8262.133512 -8712.942741 -8879.443638 -8522.870622 -8714.024236 -8358.990439 -8420.252060 -8219.637133 -8353.571319 -8465.398700 -7907.040025 -7838.996054 -8284.602181 -8026.689632 -7351.148052 -7838.459088 -7840.285711 -8828.504258 -8982.823122 -8729.317852 -9079.406160 -9029.237898
-9999.0 -9999.0 -9999.0 -9999.0 -9999.0 -9999.0 -9999.0 -9999.0 -9999.0 -9999.0 -9092.935092 -8708.773466 -8668.938920 -8544.309269 -8646.011048 -8673.702971 -8754.494052 -8481.753839 -9116.004584 -9191.698218 -8947.065491 -8702.639786 -8721.502794 -8888.888375 -8444.818261 -8373.138547 -8503.475294 -8125.017699 -8486.435296 -8307.420765 -8708.990636 -8108.195448 -8745.060581 -8807.050098 -8786.025576 -8753.441201 -8705.784468 -8415.705640 -8389.325969 -8881.493315 -7928.828547 -8478.255134 -8011.217656 -8452.518401 -8527.994534 -8795.102462 -8783.672802 -8394.242254 -7461.945117 -7885.009955 -8364.450780 -8366.132275 -8393.400349 -9079.185514 -8987.460567 -8694.445682 -8068.784993
-9999.0 -9999.0 -9999.0 -9999.0 -9999.0 -9999.0 -9999.0 -9999.0 -9999.0 -9999.0 -9025.003790 -9011.038427 -8629.985303 -8613.834643 -8440.853945 -8773.059399 -8509.605655 -8627.520958 -9132.319141 -8707.080361 -8556.150563 -8384.107773 -8164.921654 -8439.581009 -8634.866654 -8496.636067 -8467.723230 -8510.641433 -8385.025828 -7907.071190 -8765.752535 -8734.088779 -8787.130386 -8689.628968 -8638.946682 -8144.629206 -8501.621583 -8904.580458 -8569.261042 -8790.680065 -8860.202142 -8979.404103 -8621.358889 -8619.332916 -8725.302450 -8859.471799 -8567.075210 -8304.489879 -8807.650286 -8518.139128 -8121.593907 -8324.879927 -8536.223927 -8806.980941 -8539.789306 -8217.569102 -8006.102244
-9999.0 -9999.0 -9999.0 -9999.0 -9999.0 -9999.0 -9999.0 -9999.0 -8635.855323 -8570.233365 -8422.448513 -8588.684782 -8836.677146 -9058.073408 -8672.673004 -8601.174757 -8579.832757 -8669.110001 -8986.092629 -9180.377684 -8890.229079 -8580.494939 -8483.147799 -8383.513652 -8646.833108 -8611.194704 -8743.655823 -8363.131054 -8830.429207 -8831.416309 -8548.413139 -8752.518165 -9140.052933 -8911.891702 -8934.900299 -7782.103537 -8702.880812 -8197.462989 -8334.649972 -8523.048612 -8921.791533 -8506.142413 -8845.776511 -8439.497081 -8412.607038 -8267.254637 -8423.324342 -8364.118548 -8093.283423 -8061.090684 -8633.365141 -8599.890760 -8479.709605 -8868.422317 -8084.334625 -7972.991673 -8412.010351
-9999.0 -9999.0 -9999.0 -9999.0 -9999.0 -9999.0 -9999.0 -9999.0 -8648.048657 -8880.403416 -8816.333711 -8775.201028 -8476.386144 -8080.746997 -8747.526179 -8743.757809 -9188.843681 -8764.913518 -9010.369419 -9170.604595 -9123.724867 -8836.902785 -8593.026050 -8394.127567 -8727.215450 -8835.441260 -8730.725200 -8409.263975 -8683.007780 -9050.478329 -9058.212069 -8538.888739 -9116.515840 -8961.586801 -9151.474738 -8656.665861 -8717.427273 -8481.035166 -8573.722822 -8812.450890 -9112.164047 -8221.133801 -8985.555547 -8761.834245 -8526.766244 -8901.221262 -8748.732186 -8531.024239 -7838.970857 -8559.082019 -7939.629345 -8191.182052 -8669.230611 -8394.308580 -7551.070000 -7842.187975 -7693.294900
-9999.0 -9999.0 -9999.0 -9999.0 -9999.0 -9999.0 -9999.0 -9999.0 -8398.058534 -8591.516601 -8683.490975 -8830.683898 -8865.666472 -8683.674208 -8767.235685 -8289.436859 -7807.199015 -8529.426406 -9008.150070 -9184.333382 -9214.351680 -9191.402730 -8937.933964 -8776.075685 -8742.137801 -8863.218882 -8539.438031 -8394.457100 -8170.519606 -8837.911717 -8533.384433 -8591.527549 -8679.256366 -8540.237523 -9037.601742 -8569.128823 -9024.440618 -8385.454303 -8660.595740 -8889.012579 -9137.601212 -9037.237969 -9021.348887 -8870.658222 -8988.735902 -9029.434860 -8645.139869 -8872.927527 -8112.027906 -7533.264890 -7424.794322 -8028.641561 -8078.394224 -7672.407285 -7862.434908 -8411.084171 -7997.427279
-9999.0 -9999.0 -9999.0 -9999.0 -9999.0 -9999.0 -9999.0 -9999.0 -8258.355409 -8504.699656 -8150.566044 -8017.495545 -8858.182858 -8559.826825 -8542.029989 -8109.634873 -8547.499901 -8481.556848 -7882.987762 -8997.790249 -9175.223124 -9245.879432 -9212.678890 -8931.869219 -8713.114665 -8668.692088 -8629.540680 -8765.646538 -8398.177977 -8317.854403 -8846.121499 -8940.441552 -8157.630672 -8169.717422 -8831.996624 -8391.210819 -8266.895498 -8035.890399 -8330.802633 -8591.537659 -8526.332245 -8759.450084 -8765.402288 -8189.147591 -8847.131187 -8735.998109 -8688.178930 -8638.640812 -7699.423608 -7638.213122 -7697.798079 -7839.451923 -8112.375434 -7601.196600 -8322.420369 -8635.179164 -8889.624585
-9999.0 -9999.0 -9999.0 -9999.0 -9999.0 -9999.0 -9999.0 -9999.0 -7906.974091 -8304.113895 -8438.882432 -8404.104740 -8629.616843 -8625.911831 -8532.733322 -8817.803454 -7902.138401 -8071.897313 -7971.775473 -8588.613158 -8835.535077 -9177.490739 -9248.592039 -9041.464245 -8443.725962 -8220.171551 -8018.303282 -8758.422151 -8320.554786 -8525.884407 -8694.108801 -8760.052189 -8239.365273 -8729.113520 -8351.629295 -8556.495659 -8285.547901 -8420.408890 -8648.647085 -8527.422952 -8180.274737 -8228.670290 -8165.168004 -8225.159107 -8314.770268 -8565.322766 -8130.417556 -8138.379526 -7438.283779 -7793.646970 -8495.560188 -8563.701126 -8972.651115 -8616.977077 -9068.072907 -9170.410440 -9225.638701
