tests/3D/Mazia/output-maps-SE27XX/psiL0002N0004.asc
ncols         63
nrows         48
xllcorner     598000.000000
yllcorner     5145000.000000
cellsize      1000.000000
NODATA_value  -9999.0
[rows 0 to 24 of 48, columns 0 to 56 of 63]
-9999.0 -9999.0 -9999.0 -9999.0 -9999.0 -9999.0 -9999.0 -9999.0 -9999.0 -9999.0 -9999.0 -9999.0 -9999.0 -9999.0 -9999.0 -9999.0 -9999.0 -9999.0 -9999.0 -9999.0 -9999.0 -9999.0 -9999.0 -9999.0 -9999.0 -9999.0 -9999.0 -9999.0 -9999.0 -9999.0 -9999.0 -9999.0 -9999.0 -9999.0 -9999.0 -9999.0 -9999.0 -9999.0 -9999.0 -9999.0 -9999.0 -9999.0 -9999.0 -9999.0 -9999.0 -9999.0 -9999.0 -9999.0 -9999.0 -9999.0 -9999.0 -9999.0 -9999.0 -9999.0 -9999.0 -9999.0 -9999.0
-9999.0 -9999.0 -9999.0 -9999.0 -9999.0 -9999.0 -9999.0 -9999.0 -9999.0 -9999.0 -9999.0 -9999.0 -9999.0 -9999.0 -9999.0 -9999.0 -9999.0 -9999.0 -9999.0 -9999.0 -9999.0 -9999.0 -9999.0 -9999.0 -9999.0 -9999.0 -9999.0 -9336.180840 -8736.516146 -8742.089488 -9081.544740 -9079.683301 -8861.911570 -9999.0 -9999.0 -9999.0 -9999.0 -9999.0 -9999.0 -9999.0 -9999.0 -9999.0 -9999.0 -9999.0 -9999.0 -9999.0 -9999.0 -9999.0 -9999.0 -9999.0 -9999.0 -9999.0 -9999.0 -9999.0 -9999.0 -9999.0 -9999.0
-9999.0 -9999.0 -9999.0 -9999.0 -9999.0 -9999.0 -9999.0 -9999.0 -9999.0 -9999.0 -9999.0 -9999.0 -9999.0 -9999.0 -9999.0 -9999.0 -9999.0 -9999.0 -9999.0 -9999.0 -9999.0 -9999.0 -9999.0 -9999.0 -8298.459458 -7796.485623 -6663.645685 -8059.848628 -6408.304015 -6604.423781 -9033.090570 -9999.0 -9999.0 -9999.0 -9999.0 -9999.0 -9999.0 -9999.0 -9999.0 -9999.0 -9999.0 -9999.0 -9999.0 -9999.0 -9999.0 -9999.0 -9999.0 -9999.0 -9999.0 -9999.0 -9999.0 -9999.0 -9999.0 -9999.0 -9999.0 -9999.0 -9999.0
-9999.0 -9999.0 -9999.0 -9999.0 -9999.0 -9999.0 -9999.0 -9999.0 -9999.0 -9999.0 -9999.0 -9999.0 -9999.0 -9999.0 -9999.0 -9999.0 -9999.0 -9999.0 -9999.0 -9999.0 -9999.0 -9999.0 -9999.0 -7502.875233 -7006.694208 -8008.604090 -7199.710411 -7220.207037 -7180.869364 -6750.798679 -8783.183414 -9069.708567 -9999.0 -9999.0 -9999.0 -9999.0 -9999.0 -9999.0 -9999.0 -9999.0 -9999.0 -9999.0 -9999.0 -9999.0 -9999.0 -9999.0 -9999.0 -9999.0 -9999.0 -9999.0 -9999.0 -9999.0 -9999.0 -9999.0 -9999.0 -9999.0 -9999.0
-9999.0 -9999.0 -9999.0 -9999.0 -9999.0 -9999.0 -9999.0 -9999.0 -9999.0 -9999.0 -9999.0 -9999.0 -9999.0 -9999.0 -9999.0 -9999.0 -9999.0 -9999.0 -7482.976900 -7746.766313 -9999.0 -8249.989226 -7872.219281 -7795.686990 -7175.170306 -6557.549884 -5850.880786 -5624.238694 -6105.283794 -7766.275533 -7680.436971 -8951.205375 -9064.639079 -8662.463407 -9999.0 -9999.0 -9999.0 -9999.0 -9999.0 -9999.0 -9999.0 -9999.0 -9999.0 -9999.0 -9999.0 -9999.0 -9999.0 -9999.0 -9999.0 -9999.0 -9999.0 -9999.0 -9999.0 -9999.0 -9999.0 -9999.0 -9999.0
-9999.0 -9999.0 -9999.0 -9999.0 -9999.0 -9999.0 -9999.0 -9999.0 -9999.0 -9999.0 -9999.0 -9999.0 -9999.0 -9999.0 -9999.0 -9999.0 -9999.0 -7717.267939 -7503.531050 -7704.383417 -7568.893914 -8083.953478 -7841.315017 -7209.264624 -6757.140774 -6747.888247 -7506.245140 -7859.202485 -7221.489691 -6286.544360 -6006.856900 -7618.561751 -8108.744778 -8882.391739 -9627.629961 -10010.582879 -9999.0 -9999.0 -9999.0 -9999.0 -9999.0 -9999.0 -9999.0 -9999.0 -9999.0 -9999.0 -9999.0 -9999.0 -9999.0 -9999.0 -9999.0 -9999.0 -9999.0 -9999.0 -9999.0 -9999.0 -9999.0
-9999.0 -9999.0 -9999.0 -9999.0 -9999.0 -9999.0 -9999.0 -9999.0 -9999.0 -9999.0 -9999.0 -9999.0 -9999.0 -8497.536526 -8012.220001 -7744.937724 -7872.528926 -7823.521940 -7676.417778 -7314.140234 -7627.419596 -7668.277505 -7602.555642 -7241.686384 -7140.235073 -6935.058268 -8471.734143 -8349.263382 -8592.698845 -8107.266104 -7385.029874 -6928.688194 -8750.120990 -8642.020674 -9487.159116 -9576.439091 -9999.0 -9999.0 -9999.0 -9999.0 -9999.0 -9999.0 -9999.0 -9999.0 -9999.0 -9999.0 -9999.0 -9999.0 -9999.0 -9999.0 -9999.0 -9999.0 -9999.0 -9999.0 -9999.0 -9999.0 -9999.0
-9999.0 -9999.0 -9999.0 -9999.0 -9999.0 -9999.0 -9999.0 -9999.0 -9999.0 -9999.0 -9999.0 -9999.0 -9999.0 -8304.851423 -8105.962132 -7957.890356 -7893.255618 -8241.455171 -7837.673116 -8068.332229 -7378.045246 -7433.464023 -7393.874509 -7366.255718 -7543.297374 -7804.766845 -8037.640126 -8584.654951 -9214.767403 -8731.584185 -8376.650856 -8456.833995 -9344.502384 -9308.320160 -9792.957576 -9999.0 -9999.0 -9999.0 -9999.0 -9999.0 -9999.0 -9999.0 -9999.0 -9999.0 -9999.0 -9999.0 -9999.0 -9999.0 -9999.0 -9999.0 -9999.0 -9999.0 -9999.0 -9999.0 -9999.0 -9999.0 -9999.0
-9999.0 -9999.0 -9999.0 -9999.0 -9999.0 -9999.0 -9999.0 -9999.0 -9999.0 -9999.0 -9999.0 -9999.0 -9999.0 -8110.428149 -8049.192689 -8231.880434 -7967.911577 -7876.905773 -7822.581870 -7902.092241 -7850.974309 -7458.580385 -7479.116173 -7956.468738 -7996.004203 -8053.637544 -7662.677193 -9146.441520 -8804.809184 -9114.796742 -8334.395219 -9026.201156 -9490.612896 -9429.662925 -9964.753930 -9999.0 -9999.0 -9999.0 -9999.0 -9999.0 -9999.0 -9999.0 -9999.0 -9999.0 -9999.0 -9999.0 -9999.0 -9999.0 -9999.0 -9999.0 -9999.0 -9999.0 -9999.0 -9999.0 -9999.0 -9999.0 -9999.0
-9999.0 -9999.0 -9999.0 -9999.0 -9999.0 -9999.0 -9999.0 -9999.0 -9999.0 -9999.0 -9999.0 -9999.0 -8272.561393 -8059.313953 -8281.402619 -8362.830961 -7967.257985 -7824.550962 -8242.142578 -8346.141136 -7551.072684 -7454.341055 -8113.351960 -7980.599412 -7630.255784 -7601.689994 -7903.983308 -8483.637773 -7740.779249 -9129.137457 -8710.019208 -9398.697636 -8533.368822 -9327.737679 -9999.0 -9999.0 -9999.0 -9999.0 -9999.0 -9999.0 -9999.0 -9999.0 -9999.0 -9999.0 -9999.0 -9999.0 -9999.0 -9999.0 -9999.0 -9999.0 -9999.0 -9999.0 -9999.0 -9999.0 -9999.0 -9999.0 -9999.0
-9999.0 -9999.0 -9999.0 -9999.0 -9999.0 -9999.0 -9999.0 -9999.0 -9999.0 -9999.0 -9999.0 -8779.329860 -8290.904467 -8073.427777 -8414.425828 -8848.272097 -8762.864541 -7663.171203 -8430.947253 -8720.171469 -7610.781862 -7817.490201 -8093.121567 -8250.866687 -7884.673150 -8202.156573 -8123.630459 -8101.590398 -7563.710899 -8416.457350 -9182.505098 -7910.623898 -9498.280800 -9637.444432 -9991.042283 -9630.172783 -9395.725914 -9445.874331 -9332.621231 -9999.0 -9999.0 -9999.0 -10047.675024 -9999.0 -9999.0 -9999.0 -9999.0 -9999.0 -9999.0 -9999.0 -9999.0 -9999.0 -9999.0 -9999.0 -9999.0 -9999.0 -9999.0
-9999.0 -9999.0 -9999.0 -9999.0 -9999.0 -9999.0 -9999.0 -9999.0 -9999.0 -9999.0 -9999.0 -8269.986062 -8343.298744 -8373.807877 -8481.035811 -8419.599688 -8100.145808 -7750.816909 -8150.845648 -8432.452895 -7974.384654 -7917.651860 -8111.362887 -8152.868864 -7957.431767 -8404.585212 -8121.915929 -8166.890754 -7740.483864 -8602.757941 -7956.183144 -7877.988929 -8551.979499 -9442.551307 -8838.925197 -9124.674815 -8962.351527 -9324.620602 -8990.802901 -10409.470023 -10006.119219 -9757.635124 -8698.826078 -9787.044228 -9999.0 -9999.0 -9999.0 -8524.262427 -8829.657378 -9169.892749 -8752.032870 -8956.898599 -9010.913109 -8198.123516 -8411.452474 -8917.028659 -9999.0
-9999.0 -9999.0 -9999.0 -9999.0 -9999.0 -9999.0 -9999.0 -9999.0 -9999.0 -9999.0 -9999.0 -8740.714637 -8353.255375 -8190.525054 -8908.928550 -8634.962727 -8170.344835 -7813.076527 -8458.413915 -8244.965863 -7636.762088 -7796.571885 -7568.496171 -8467.877537 -8355.921084 -7824.728845 -7767.813792 -7392.163046 -8105.325036 -8779.426461 -8929.480104 -8020.396729 -8448.564811 -8747.549617 -9435.023713 -8815.018949 -9203.201396 -9344.136134 -8883.844170 -9448.038654 -9012.233958 -8812.304159 -8414.066614 -8889.499786 -8923.280358 -9999.0 -9536.386109 -8796.895040 -8575.746863 -7367.619937 -6309.528459 -7401.374489 -7677.254576 -8037.328298 -8308.706357 -8466.716418 -9999.0
-9999.0 -9999.0 -9999.0 -9999.0 -9999.0 -9999.0 -9999.0 -9999.0 -9999.0 -9999.0 -9999.0 -9999.0 -8725.134170 -8412.629607 -8637.985291 -8844.145388 -8177.116464 -7676.531387 -8267.728110 -8080.770759 -7571.279110 -8006.179133 -7830.431793 -7639.971739 -7801.048563 -7678.421886 -7373.368038 -8000.092923 -8381.118656 -8910.102799 -8209.300007 -8064.189791 -8563.677995 -9170.411747 -9103.607109 -9032.146285 -9018.536466 -9295.811696 -8241.789745 -8224.994587 -9052.013146 -8481.410937 -8133.445394 -7969.428165 -9078.877754 -9026.403098 -9207.368024 -8905.904723 -8355.250524 -7062.881767 -6016.684486 -6652.225652 -6566.455325 -6903.780162 -7759.716920 -8023.390247 -8465.306778
-9999.0 -9999.0 -9999.0 -9999.0 -9999.0 -9999.0 -9999.0 -9999.0 -9999.0 -9999.0 -9999.0 -8161.087855 -8557.194269 -8703.135641 -8277.643520 -8276.600243 -8242.472476 -7614.214045 -8149.422688 -7608.824830 -7545.094891 -7498.950168 -7606.588632 -7396.576416 -7725.652051 -7531.477850 -7613.422766 -8068.813732 -8105.045704 -7886.652438 -7840.305246 -8103.056423 -7835.384393 -8339.553818 -8822.157218 -9028.044698 -8852.600833 -8776.760589 -8450.186442 -8231.189238 -7903.586228 -7519.478218 -7667.661321 -7824.271632 -7282.077798 -8340.342212 -8564.096205 -8552.674629 -7543.408150 -5910.798612 -7638.360503 -8260.458810 -8616.617393 -8722.277387 -8883.689000 -8765.320344 -8998.460407
-9999.0 -9999.0 -9999.0 -9999.0 -9999.0 -9999.0 -9999.0 -9999.0 -9999.0 -9999.0 -8003.133366 -8194.542313 -8480.805313 -8626.764707 -8159.616886 -8055.654536 -8080.032948 -7156.487034 -7460.805856 -7585.179494 -8028.540416 -7660.688741 -7128.374739 -7613.009508 -7621.215449 -7168.365302 -7557.784178 -8028.673087 -7546.899277 -7518.580150 -7511.571572 -7802.323751 -7693.711677 -8076.590817 -9224.914940 -8990.883154 -8937.681371 -8775.753973 -8437.811810 -7943.073872 -7489.496375 -7294.100881 -7248.247724 -7354.791160 -7275.584877 -7945.036500 -8256.926271 -7065.749650 -6058.184123 -5816.088840 -8182.714521 -9130.206937 -8971.523397 -8988.106215 -8985.725233 -8248.345427 -7736.830767
-9999.0 -9999.0 -9999.0 -9999.0 -9999.0 -9999.0 -9999.0 -9999.0 -9999.0 -8536.615889 -8077.665124 -8124.976903 -7650.244909 -7850.136946 -8146.469954 -8114.835279 -7766.437688 -7731.874052 -7348.989194 -7474.029472 -7836.431434 -7088.136972 -7192.335495 -7401.110253 -7323.597407 -7028.388850 -7316.566086 -7355.607944 -7335.655324 -7574.518775 -7219.527206 -7629.235732 -8041.904049 -9186.429973 -8761.344255 -9330.357207 -8493.245623 -8768.364267 -8338.657617 -8118.966460 -7533.745335 -7719.571087 -7286.265235 -6933.659232 -7046.068832 -6936.826201 -5768.009167 -7203.265066 -7076.784276 -5893.495387 -6675.242169 -8694.686861 -8941.901491 -8898.045377 -8739.501026 -8568.442319 -7575.434005
-9999.0 -9999.0 -9999.0 -9999.0 -9999.0 -9999.0 -9999.0 -9999.0 -9999.0 -8420.955931 -8582.709683 -7803.856651 -7293.895902 -7745.694490 -7812.484655 -7922.971163 -7934.969409 -7493.162069 -7301.459228 -7978.531336 -7911.195198 -7547.342771 -7407.745085 -7527.746709 -7039.925312 -7377.415196 -7256.252850 -7263.183382 -7232.896518 -7198.180773 -7398.085869 -7898.328190 -8160.370364 -8626.373688 -8163.431905 -8751.390746 -9135.408059 -8725.962376 -8013.433835 -7718.649721 -7805.041927 -7925.908327 -7570.095758 -7054.235568 -6963.340595 -6708.907465 -6511.338173 -6127.511518 -5676.400281 -5752.479552 -7077.792574 -7840.234033 -8935.243307 -8862.087186 -8723.954140 -8800.917333 -6954.554521
-9999.0 -9999.0 -9999.0 -9999.0 -9999.0 -9999.0 -9999.0 -9999.0 -9999.0 -9999.0 -8562.169601 -7916.739013 -7762.333707 -7305.133966 -7723.769939 -7718.371160 -7727.360481 -7524.513414 -7302.270273 -7827.892923 -7738.461874 -7010.255150 -7053.640282 -7143.745877 -7313.123077 -7194.356424 -7282.060081 -7096.172125 -7304.840396 -6985.700720 -7314.888852 -7302.088744 -8292.720786 -8459.422189 -8064.946087 -7535.779350 -7971.196474 -7730.611544 -8778.353756 -8625.985912 -7923.442813 -7350.417334 -6200.147478 -7251.891307 -6538.952709 -6370.061691 -6322.271845 -5901.118185 -6048.353609 -5445.080752 -6154.903845 -6649.299306 -8528.962000 -9019.727256 -8814.383498 -7879.945067 -3737.347390
-9999.0 -9999.0 -9999.0 -9999.0 -9999.0 -9999.0 -9999.0 -9999.0 -9999.0 -9999.0 -8480.839499 -8094.129413 -7835.728903 -7673.879042 -7652.709672 -7305.520902 -7129.304147 -7104.552159 -7246.266861 -7497.182378 -6919.821535 -6836.562902 -6744.970923 -7284.092793 -7344.887635 -7218.547774 -7225.564477 -6844.649162 -6881.082346 -7158.426842 -7998.906627 -7401.436788 -7681.541264 -8467.242980 -7660.043004 -6939.864325 -7359.385448 -7766.901226 -8294.348490 -8744.539034 -8499.778952 -7508.188433 -7657.787499 -6666.251036 -5870.454028 -6889.434803 -5808.573542 -5691.051497 -5910.657345 -5698.371985 -5014.171683 -5576.640694 -7614.038038 -8722.707500 -8543.867974 -8273.038184 -7324.745821
-9999.0 -9999.0 -9999.0 -9999.0 -9999.0 -9999.0 -9999.0 -9999.0 -7765.534136 -8105.792452 -7990.083484 -7764.049079 -7797.133404 -7914.561000 -7260.379268 -7169.862610 -7070.980098 -7643.681221 -7684.614692 -7741.591814 -7018.421944 -6867.269131 -6829.328978 -6828.946124 -7366.030913 -6722.203050 -7279.912448 -6769.998886 -7488.809765 -7723.957970 -7727.422439 -7911.126478 -8003.337025 -8549.369112 -7537.158175 -7360.653498 -6590.884446 -6877.089723 -7807.329245 -8858.097043 -8566.953915 -6544.708436 -8861.792492 -8762.372850 -7389.839573 -5007.836065 -7572.835685 -5996.341344 -5315.100266 -5621.942408 -4690.780662 -3980.608603 -5768.341268 -8552.562963 -8113.015569 -5080.651683 -7369.789922
-9999.0 -9999.0 -9999.0 -9999.0 -9999.0 -9999.0 -9999.0 -9999.0 -7363.581145 -7847.243324 -7834.047251 -8232.446319 -7658.752801 -7254.764847 -7284.575953 -7207.950113 -7372.426937 -7110.486548 -7132.352605 -7702.154658 -7684.366307 -7545.185701 -7396.907287 -7312.166385 -6931.944512 -6899.968247 -6887.905230 -7175.252573 -7102.359822 -8136.976995 -8052.661225 -7739.030287 -7866.775048 -8095.977022 -7410.578643 -7067.486390 -5848.192199 -6472.342068 -7397.424162 -8001.317729 -8822.026408 -8156.643051 -9142.100457 -6911.406294 -5231.814612 -7111.061750 -8080.375949 -4848.491474 -4888.350652 -5113.042932 -5022.361762 -3833.057715 -4489.305257 -4674.189345 -2827.872360 -5365.735634 -3500.130643
-9999.0 -9999.0 -9999.0 -9999.0 -9999.0 -9999.0 -9999.0 -9999.0 -7570.467586 -7604.086976 -7794.952986 -7804.191458 -7835.926872 -7365.911838 -7639.864369 -6977.876815 -6644.551289 -7414.445541 -7115.764953 -7744.916454 -7669.617341 -7726.279861 -7577.693678 -7385.477780 -7482.683263 -6963.696720 -6852.455586 -6850.777049 -6954.532370 -7551.702269 -7175.758380 -7087.154208 -7705.228321 -7598.814748 -6793.730749 -5758.731890 -6468.984899 -6142.638334 -6351.775776 -7670.059067 -8360.152885 -9108.071963 -7882.322445 -5469.497502 -8214.845106 -5898.063056 -8800.823671 -6858.486270 -6443.198419 -4749.587702 -5009.464905 -4102.606122 -3205.121697 -3319.166622 -3319.894699 -3364.482351 -3967.541833
-9999.0 -9999.0 -9999.0 -9999.0 -9999.0 -9999.0 -9999.0 -9999.0 -8172.558719 -7544.303147 -7251.870085 -7135.394831 -7758.492873 -7497.309968 -7056.995719 -6799.003558 -6962.274178 -6880.504748 -7041.490310 -7101.051219 -7651.397736 -7646.194930 -7676.003235 -7488.384690 -6809.315281 -6891.571437 -6933.244911 -7108.376731 -7231.177633 -7152.160145 -7543.897176 -7392.356016 -6751.619318 -6602.059166 -7215.864967 -5877.419647 -4894.403958 -5820.001398 -5347.616524 -6614.511509 -7438.061344 -6572.321231 -5976.350324 -7195.430194 -8163.655229 -8509.922634 -5748.023204 -6743.854021 -4413.163301 -4245.746695 -4269.046084 -4398.138795 -3609.370506 -3190.811874 -3410.812102 -3549.662743 -4014.252049
-9999.0 -9999.0 -9999.0 -9999.0 -9999.0 -9999.0 -9999.0 -9999.0 -7534.329459 -7390.753452 -7376.983932 -7008.462832 -7064.261000 -7039.608076 -7413.877395 -7567.061132 -7070.611994 -6704.021692 -6658.994502 -6920.405601 -6962.745034 -7608.941846 -7571.834933 -7392.817707 -7231.503338 -6670.234440 -6668.342542 -7390.324184 -7149.409083 -7234.127966 -6937.152887 -7093.331175 -6878.726023 -6599.713775 -6042.443728 -5556.311048 -5362.911658 -5564.243472 -5375.922358 -4912.105525 -5132.035280 -5186.971627 -5332.069325 -5366.350810 -7065.862796 -4638.457160 -5368.986988 -4934.804506 -4576.354831 -4550.230059 -4246.695668 -3895.039828 -3566.658788 -3390.586131 -3404.628574 -3514.427737 -3830.768329
