tests/3D/Mazia/output-maps-SE27XX/psiL0005N0001.asc
ncols         63
nrows         48
xllcorner     598000.000000
yllcorner     5145000.000000
cellsize      1000.000000
NODATA_value  -9999.0
[rows 0 to 24 of 48, columns 0 to 56 of 63]
-9999.0 -9999.0 -9999.0 -9999.0 -9999.0 -9999.0 -9999.0 -9999.0 -9999.0 -9999.0 -9999.0 -9999.0 -9999.0 -9999.0 -9999.0 -9999.0 -9999.0 -9999.0 -9999.0 -9999.0 -9999.0 -9999.0 -9999.0 -9999.0 -9999.0 -9999.0 -9999.0 -9999.0 -9999.0 -9999.0 -9999.0 -9999.0 -9999.0 -9999.0 -9999.0 -9999.0 -9999.0 -9999.0 -9999.0 -9999.0 -9999.0 -9999.0 -9999.0 -9999.0 -9999.0 -9999.0 -9999.0 -9999.0 -9999.0 -9999.0 -9999.0 -9999.0 -9999.0 -9999.0 -9999.0 -9999.0 -9999.0
-9999.0 -9999.0 -9999.0 -9999.0 -9999.0 -9999.0 -9999.0 -9999.0 -9999.0 -9999.0 -9999.0 -9999.0 -9999.0 -9999.0 -9999.0 -9999.0 -9999.0 -9999.0 -9999.0 -9999.0 -9999.0 -9999.0 -9999.0 -9999.0 -9999.0 -9999.0 -9999.0 -9671.662317 -9672.556378 -9611.898750 -9801.516604 -9643.486609 -9539.011319 -9999.0 -9999.0 -9999.0 -9999.0 -9999.0 -9999.0 -9999.0 -9999.0 -9999.0 -9999.0 -9999.0 -9999.0 -9999.0 -9999.0 -9999.0 -9999.0 -9999.0 -9999.0 -9999.0 -9999.0 -9999.0 -9999.0 -9999.0 -9999.0
-9999.0 -9999.0 -9999.0 -9999.0 -9999.0 -9999.0 -9999.0 -9999.0 -9999.0 -9999.0 -9999.0 -9999.0 -9999.0 -9999.0 -9999.0 -9999.0 -9999.0 -9999.0 -9999.0 -9999.0 -9999.0 -9999.0 -9999.0 -9999.0 -9784.965338 -9568.711112 -9482.796370 -9436.058187 -9532.589020 -9622.522141 -9637.817833 -9999.0 -9999.0 -9999.0 -9999.0 -9999.0 -9999.0 -9999.0 -9999.0 -9999.0 -9999.0 -9999.0 -9999.0 -9999.0 -9999.0 -9999.0 -9999.0 -9999.0 -9999.0 -9999.0 -9999.0 -9999.0 -9999.0 -9999.0 -9999.0 -9999.0 -9999.0
-9999.0 -9999.0 -9999.0 -9999.0 -9999.0 -9999.0 -9999.0 -9999.0 -9999.0 -9999.0 -9999.0 -9999.0 -9999.0 -9999.0 -9999.0 -9999.0 -9999.0 -9999.0 -9999.0 -9999.0 -9999.0 -9999.0 -9999.0 -9556.580656 -9474.766925 -9289.658921 -9376.533423 -9339.497532 -9198.322003 -9269.501455 -9334.598786 -9603.121510 -9999.0 -9999.0 -9999.0 -9999.0 -9999.0 -9999.0 -9999.0 -9999.0 -9999.0 -9999.0 -9999.0 -9999.0 -9999.0 -9999.0 -9999.0 -9999.0 -9999.0 -9999.0 -9999.0 -9999.0 -9999.0 -9999.0 -9999.0 -9999.0 -9999.0
-9999.0 -9999.0 -9999.0 -9999.0 -9999.0 -9999.0 -9999.0 -9999.0 -9999.0 -9999.0 -9999.0 -9999.0 -9999.0 -9999.0 -9999.0 -9999.0 -9999.0 -9999.0 -9005.704671 -8585.385007 -9999.0 -9723.368698 -9612.574706 -9306.069723 -9234.264761 -8989.720323 -9278.118806 -9203.835948 -9289.096038 -9140.732251 -9208.646295 -9531.077718 -9018.936801 -8361.553249 -9999.0 -9999.0 -9999.0 -9999.0 -9999.0 -9999.0 -9999.0 -9999.0 -9999.0 -9999.0 -9999.0 -9999.0 -9999.0 -9999.0 -9999.0 -9999.0 -9999.0 -9999.0 -9999.0 -9999.0 -9999.0 -9999.0 -9999.0
-9999.0 -9999.0 -9999.0 -9999.0 -9999.0 -9999.0 -9999.0 -9999.0 -9999.0 -9999.0 -9999.0 -9999.0 -9999.0 -9999.0 -9999.0 -9999.0 -9999.0 -9574.969132 -9191.649847 -9087.715685 -8860.125310 -9527.664473 -9316.457309 -9222.315139 -9127.761302 -9336.951169 -9209.378001 -9434.697781 -9321.332579 -9002.945144 -9394.371967 -9527.602349 -9148.171493 -9274.914476 -9534.825056 -9793.658195 -9999.0 -9999.0 -9999.0 -9999.0 -9999.0 -9999.0 -9999.0 -9999.0 -9999.0 -9999.0 -9999.0 -9999.0 -9999.0 -9999.0 -9999.0 -9999.0 -9999.0 -9999.0 -9999.0 -9999.0 -9999.0
-9999.0 -9999.0 -9999.0 -9999.0 -9999.0 -9999.0 -9999.0 -9999.0 -9999.0 -9999.0 -9999.0 -9999.0 -9999.0 -9434.865624 -9256.722195 -9430.556054 -9690.886029 -9819.841561 -9439.655682 -8433.509983 -9014.097009 -9213.382517 -9423.633891 -9197.829925 -9320.375964 -9032.770172 -9487.916046 -9620.399010 -9232.903958 -9223.881554 -9230.573344 -8984.082378 -9584.422725 -9162.005855 -9354.691869 -9182.779362 -9999.0 -9999.0 -9999.0 -9999.0 -9999.0 -9999.0 -9999.0 -9999.0 -9999.0 -9999.0 -9999.0 -9999.0 -9999.0 -9999.0 -9999.0 -9999.0 -9999.0 -9999.0 -9999.0 -9999.0 -9999.0
-9999.0 -9999.0 -9999.0 -9999.0 -9999.0 -9999.0 -9999.0 -9999.0 -9999.0 -9999.0 -9999.0 -9999.0 -9999.0 -9638.886948 -9414.110951 -9702.234395 -9591.546899 -9695.846904 -9861.248905 -9524.961942 -8976.682821 -8681.873060 -9242.617685 -9442.832863 -9622.955434 -9381.246993 -9073.228936 -9547.366046 -9502.592141 -9298.045157 -9181.141307 -8976.734095 -9314.294762 -9081.107043 -9567.888114 -9999.0 -9999.0 -9999.0 -9999.0 -9999.0 -9999.0 -9999.0 -9999.0 -9999.0 -9999.0 -9999.0 -9999.0 -9999.0 -9999.0 -9999.0 -9999.0 -9999.0 -9999.0 -9999.0 -9999.0 -9999.0 -9999.0
-9999.0 -9999.0 -9999.0 -9999.0 -9999.0 -9999.0 -9999.0 -9999.0 -9999.0 -9999.0 -9999.0 -9999.0 -9999.0 -9280.999223 -9221.586553 -9524.529797 -9567.572678 -9508.884227 -9705.921536 -9775.781057 -9258.063548 -8701.902224 -9251.455690 -9379.208970 -9648.704055 -9623.825478 -9528.152577 -9497.337990 -9444.280317 -9298.089972 -8915.675141 -8936.764978 -9321.479524 -9058.986591 -9579.652703 -9999.0 -9999.0 -9999.0 -9999.0 -9999.0 -9999.0 -9999.0 -9999.0 -9999.0 -9999.0 -9999.0 -9999.0 -9999.0 -9999.0 -9999.0 -9999.0 -9999.0 -9999.0 -9999.0 -9999.0 -9999.0 -9999.0
-9999.0 -9999.0 -9999.0 -9999.0 -9999.0 -9999.0 -9999.0 -9999.0 -9999.0 -9999.0 -9999.0 -9999.0 -9483.313409 -9121.571948 -9519.890998 -9512.624054 -9406.156949 -9308.337682 -9476.950942 -9838.493001 -8713.448192 -8508.021448 -9787.550880 -9355.692474 -9006.838779 -8657.906661 -8799.965064 -9307.352581 -9308.628041 -9350.361686 -9142.846257 -9453.505117 -8894.595122 -8927.402760 -9999.0 -9999.0 -9999.0 -9999.0 -9999.0 -9999.0 -9999.0 -9999.0 -9999.0 -9999.0 -9999.0 -9999.0 -9999.0 -9999.0 -9999.0 -9999.0 -9999.0 -9999.0 -9999.0 -9999.0 -9999.0 -9999.0 -9999.0
-9999.0 -9999.0 -9999.0 -9999.0 -9999.0 -9999.0 -9999.0 -9999.0 -9999.0 -9999.0 -9999.0 -9745.501946 -9525.738351 -9223.504568 -9518.666978 -9640.987035 -9447.596249 -8960.102048 -9681.185744 -9938.474305 -9274.602788 -9175.286683 -9602.218372 -9318.438092 -9363.558385 -9486.606360 -8912.620299 -9654.967588 -8564.131210 -8428.538067 -9329.833554 -8847.678865 -9535.318571 -9366.886165 -9581.919603 -9566.682933 -9492.357809 -9498.408152 -9372.288021 -9999.0 -9999.0 -9999.0 -9517.777971 -9999.0 -9999.0 -9999.0 -9999.0 -9999.0 -9999.0 -9999.0 -9999.0 -9999.0 -9999.0 -9999.0 -9999.0 -9999.0 -9999.0
-9999.0 -9999.0 -9999.0 -9999.0 -9999.0 -9999.0 -9999.0 -9999.0 -9999.0 -9999.0 -9999.0 -9046.636546 -9555.654423 -9558.926278 -9589.830789 -9051.064127 -9077.799126 -9084.441690 -9256.365787 -9780.844944 -9295.001309 -9265.008258 -9648.042852 -9687.420851 -9446.455690 -9734.830806 -9378.678429 -9464.989511 -9496.827612 -8708.343186 -9017.699329 -8840.711404 -8932.316042 -9815.887653 -9037.053179 -9324.928760 -9180.071668 -9453.862405 -9043.376353 -9487.577097 -9158.148677 -9071.396698 -8893.864335 -9631.381974 -9999.0 -9999.0 -9999.0 -8872.819801 -9268.183518 -9338.240139 -9278.440892 -9165.468664 -9287.610155 -8690.080049 -9001.489155 -9291.118819 -9999.0
-9999.0 -9999.0 -9999.0 -9999.0 -9999.0 -9999.0 -9999.0 -9999.0 -9999.0 -9999.0 -9999.0 -9687.430675 -9110.925517 -9286.578461 -9740.559889 -9347.635920 -9202.035675 -9228.060224 -9744.451410 -9569.475805 -9473.370788 -9238.271077 -8846.084870 -9685.779330 -9564.372479 -8865.403994 -9223.618812 -8631.375486 -9175.860079 -9437.124362 -9331.315117 -9077.343586 -9367.565242 -9059.239675 -9597.275214 -9179.577037 -9494.415239 -9528.738317 -8921.726085 -8777.148207 -9258.423517 -9013.789068 -9130.679765 -9420.936792 -9280.253233 -9999.0 -9581.884988 -9233.587705 -9253.220750 -9197.498635 -8974.496976 -8969.583724 -8938.899388 -8932.139737 -9264.413842 -9405.694201 -9999.0
-9999.0 -9999.0 -9999.0 -9999.0 -9999.0 -9999.0 -9999.0 -9999.0 -9999.0 -9999.0 -9999.0 -9999.0 -9653.005193 -9647.226064 -9430.041085 -9682.892866 -9265.753945 -9134.683353 -9637.664063 -9443.471260 -9493.619078 -9718.366108 -9494.453063 -9113.637284 -9293.720792 -9157.930391 -8995.052598 -9180.883522 -9744.556877 -9587.329431 -9354.637081 -9245.451139 -9622.752590 -9700.834836 -9423.521898 -9509.905561 -9355.014655 -9597.811043 -8507.740132 -8412.048690 -9670.061519 -8887.493192 -9207.833982 -9169.398256 -9074.040678 -9477.320990 -9252.528204 -9396.302909 -9189.764538 -9211.797137 -8907.510723 -8989.101763 -9218.326399 -9092.227013 -9029.206479 -9219.996630 -9586.486199
-9999.0 -9999.0 -9999.0 -9999.0 -9999.0 -9999.0 -9999.0 -9999.0 -9999.0 -9999.0 -9999.0 -9459.204339 -9461.311195 -9673.152885 -9537.893894 -9535.241591 -9601.626853 -9228.822103 -9636.012071 -9635.287713 -9633.702015 -9643.148799 -9226.766854 -8775.302480 -9342.186543 -9205.485251 -9232.667918 -9238.207447 -9300.277937 -9378.134221 -9157.848249 -9610.044865 -9297.818994 -9264.221334 -9143.718738 -9646.516145 -9272.467348 -9180.366267 -9084.917815 -9104.643276 -9140.219278 -8949.018718 -9360.970673 -9271.357819 -8811.640141 -8852.343423 -9589.284259 -9250.859933 -9057.917411 -8694.582087 -9069.699834 -9244.719921 -9301.998576 -9186.974546 -9450.444558 -9229.551604 -9617.389833
-9999.0 -9999.0 -9999.0 -9999.0 -9999.0 -9999.0 -9999.0 -9999.0 -9999.0 -9999.0 -9342.346172 -9634.178357 -9435.771173 -9611.920497 -9422.189926 -9442.627331 -9538.754559 -8610.973860 -9370.557780 -9800.972917 -9773.086160 -9224.283961 -9037.096207 -9284.228673 -9449.466293 -8630.205503 -9096.061703 -9437.977296 -9171.236342 -9137.925236 -9056.546743 -9436.757664 -9108.274963 -9057.441945 -9017.070208 -9307.785004 -9569.103527 -9620.958393 -9321.345653 -9090.254812 -8857.084373 -8918.004932 -8790.649682 -9428.651101 -8676.068204 -8317.702137 -9358.588377 -8746.873413 -8870.061541 -7909.800898 -8545.157123 -9588.228808 -9498.241454 -9473.570986 -9528.259987 -9476.048739 -9035.354293
-9999.0 -9999.0 -9999.0 -9999.0 -9999.0 -9999.0 -9999.0 -9999.0 -9999.0 -9622.891712 -9474.581331 -9660.581079 -8919.655838 -9149.047642 -9679.674019 -9682.217676 -9148.079094 -9068.981266 -9358.915261 -9785.040267 -9573.706423 -9114.726929 -9393.490873 -9116.822050 -8969.016977 -8988.955426 -8743.707927 -8993.913488 -8957.170539 -9349.555980 -8594.430233 -8893.845824 -8766.895801 -9374.883066 -9380.724432 -9443.986913 -9256.434109 -9809.185353 -9331.350041 -9365.607191 -9375.539805 -9020.189717 -8332.306717 -8581.087707 -9249.184889 -8462.799000 -8653.775977 -8647.588541 -8967.472495 -8429.479586 -8386.642438 -9050.950048 -9388.837681 -9364.823196 -9240.891138 -9477.980413 -9421.220735
-9999.0 -9999.0 -9999.0 -9999.0 -9999.0 -9999.0 -9999.0 -9999.0 -9999.0 -9530.990259 -9708.960056 -9071.401528 -8414.700515 -9172.335662 -9277.273218 -9467.558950 -9405.297303 -8942.251313 -9452.969808 -9822.107498 -9798.035838 -9225.100657 -9004.616930 -9262.152142 -9151.825939 -9026.846120 -8957.726168 -8949.033459 -8813.041178 -8700.601290 -9144.374428 -9342.726109 -9404.263318 -9349.523030 -9448.412757 -8839.629125 -9321.275048 -9498.721097 -9113.959950 -9317.655592 -8937.483256 -9002.674765 -8788.542144 -8931.865644 -9048.754937 -8454.926296 -8382.172616 -8857.982024 -8582.309507 -7860.609582 -8391.676935 -8382.391537 -9440.912092 -9602.693905 -9333.336701 -9704.002684 -9650.479341
-9999.0 -9999.0 -9999.0 -9999.0 -9999.0 -9999.0 -9999.0 -9999.0 -9999.0 -9999.0 -9720.190346 -9309.981209 -9266.344523 -9130.290832 -9241.632503 -9270.919948 -9356.947801 -9065.892106 -9622.535429 -9822.416324 -9562.095160 -9239.821144 -9290.246541 -9472.219406 -9024.952452 -8948.926642 -9088.188281 -8684.593787 -9071.396378 -8855.229491 -9285.733115 -8668.231377 -9348.397152 -9416.074726 -9393.909187 -9359.394300 -9308.772578 -8998.997684 -8974.864412 -9496.530137 -8478.759842 -9065.410962 -8566.413670 -9037.458242 -9081.046597 -9367.664687 -9352.004861 -8975.133819 -7978.868851 -8430.558817 -8950.407148 -9003.226211 -8975.592214 -9707.042512 -9607.062808 -9293.956469 -8625.804799
-9999.0 -9999.0 -9999.0 -9999.0 -9999.0 -9999.0 -9999.0 -9999.0 -9999.0 -9999.0 -9647.431921 -9632.397344 -9225.553719 -9207.099132 -9023.232264 -9317.244853 -9044.433480 -9139.377447 -9629.853922 -9305.275873 -9078.101050 -8919.920311 -8704.260375 -9018.894615 -9227.553697 -9080.597954 -9049.884766 -9012.594751 -8927.094143 -8452.273852 -9370.117839 -9336.665314 -9475.031684 -9290.338094 -9236.442984 -8708.633430 -9089.765638 -9520.110278 -9161.943092 -9399.288846 -9473.399272 -9602.773138 -9217.581325 -9215.909186 -9328.945936 -9475.523597 -9159.594635 -8845.916131 -9365.700874 -9106.149236 -8682.605527 -8899.358738 -9124.353756 -9415.345247 -9130.841366 -8786.655774 -8558.802681
-9999.0 -9999.0 -9999.0 -9999.0 -9999.0 -9999.0 -9999.0 -9999.0 -9231.782277 -9161.764941 -9014.283139 -9181.325763 -9444.740396 -9680.715164 -9225.039138 -9189.571192 -9082.765622 -9265.908943 -9603.032194 -9809.869585 -9416.804597 -9115.906811 -9029.457375 -8935.021085 -9240.191991 -9058.405717 -9344.710321 -8879.813916 -9437.252502 -9438.391247 -9139.875765 -9356.222449 -9770.286880 -9527.261806 -9551.980488 -8321.166284 -9304.512988 -8764.618062 -8905.694144 -9116.386381 -9541.582614 -9094.795374 -9519.521103 -9026.941591 -8997.379691 -8839.389003 -8993.781127 -8942.409849 -8619.522379 -8617.916207 -9228.525253 -9188.526079 -9063.769186 -9478.011311 -8643.756424 -8531.888809 -8992.282664
-9999.0 -9999.0 -9999.0 -9999.0 -9999.0 -9999.0 -9999.0 -9999.0 -9344.689806 -9491.479496 -9422.969712 -9380.281342 -9061.185130 -8637.807548 -9316.713949 -9289.086509 -9742.867055 -9289.737886 -9522.751860 -9799.289526 -9749.749129 -9443.543292 -9183.319036 -8971.250109 -9262.660475 -9315.941376 -9237.711067 -8987.624319 -9349.978743 -9673.309759 -9682.055443 -9129.580381 -9744.857698 -9581.600470 -9782.706451 -9254.629002 -9319.502176 -9066.843227 -9165.759577 -9421.443019 -9741.635281 -8801.347676 -9609.116826 -9367.554114 -9116.390205 -9515.603267 -9416.217062 -9120.545666 -8381.021456 -9109.616887 -8487.614076 -8755.883079 -9253.472568 -8972.600763 -8080.365658 -8413.857922 -8223.883501
-9999.0 -9999.0 -9999.0 -9999.0 -9999.0 -9999.0 -9999.0 -9999.0 -8977.719190 -9183.970641 -9282.213864 -9437.944134 -9476.471839 -9372.847019 -9369.906563 -8831.058221 -8299.527989 -9115.997975 -9522.152599 -9814.596665 -9845.563345 -9821.517993 -9551.146122 -9377.831760 -9342.561227 -9389.162214 -9062.237747 -8941.013215 -8814.698903 -9446.406440 -9122.747403 -9183.959772 -9276.891033 -9226.015162 -9660.669703 -9160.597579 -9646.129705 -8921.590885 -9234.378123 -9501.687089 -9768.124006 -9663.324560 -9644.268263 -9483.354298 -9608.688274 -9652.835483 -9244.831121 -9485.387752 -8672.185990 -8014.518734 -7934.957646 -8581.966080 -8611.328008 -8184.753419 -8403.919153 -8989.316813 -8548.076486
-9999.0 -9999.0 -9999.0 -9999.0 -9999.0 -9999.0 -9999.0 -9999.0 -8830.597024 -9091.222138 -8712.608274 -8648.297748 -9468.289488 -9148.595602 -9135.714156 -8616.148589 -9047.843388 -8961.482174 -8426.462361 -9610.148211 -9803.956567 -9878.942278 -9843.949760 -9544.385471 -9246.436210 -9216.570068 -9183.121618 -9345.986841 -8976.766693 -8890.696977 -9454.485093 -9555.469597 -8795.556372 -8733.469722 -9515.428072 -8970.262491 -8837.416605 -8543.157945 -8872.931357 -9183.572434 -9114.958888 -9364.026341 -9370.569317 -8757.622739 -9458.098831 -9341.330811 -9297.928355 -9236.327668 -8231.935188 -8165.908884 -8177.231821 -8319.942315 -8670.527815 -8124.791213 -8894.118450 -9227.782661 -9499.405901
-9999.0 -9999.0 -9999.0 -9999.0 -9999.0 -9999.0 -9999.0 -9999.0 -8453.430354 -8877.022711 -9020.158274 -8955.727657 -9187.277792 -9176.092172 -9120.464907 -9423.796611 -8447.206406 -8556.030347 -8470.813504 -9111.361376 -9354.667148 -9806.136084 -9881.468561 -9660.253383 -9024.037392 -8745.750824 -8548.745149 -9359.874825 -8893.274317 -9112.688180 -9258.282802 -9363.114894 -8807.436258 -9330.105982 -8927.057215 -9145.514314 -8856.167891 -8914.028193 -9167.457217 -9114.466759 -8744.336895 -8882.371602 -8728.987453 -8842.016846 -8888.772945 -9156.855198 -8692.127636 -8700.374251 -7952.631448 -8331.644983 -9080.182829 -9094.889305 -9524.748236 -9207.972574 -9688.808405 -9798.077310 -9857.432943
