tests/3D/Mazia/output-maps-SE27XX/psiL0004N0001.asc
ncols         63
nrows         48
xllcorner     598000.000000
yllcorner     5145000.000000
cellsize      1000.000000
NODATA_value  -9999.0
[rows 0 to 24 of 48, columns 0 to 56 of 63]
-9999.0 -9999.0 -9999.0 -9999.0 -9999.0 -9999.0 -9999.0 -9999.0 -9999.0 -9999.0 -9999.0 -9999.0 -9999.0 -9999.0 -9999.0 -9999.0 -9999.0 -9999.0 -9999.0 -9999.0 -9999.0 -9999.0 -9999.0 -9999.0 -9999.0 -9999.0 -9999.0 -9999.0 -9999.0 -9999.0 -9999.0 -9999.0 -9999.0 -9999.0 -9999.0 -9999.0 -9999.0 -9999.0 -9999.0 -9999.0 -9999.0 -9999.0 -9999.0 -9999.0 -9999.0 -9999.0 -9999.0 -9999.0 -9999.0 -9999.0 -9999.0 -9999.0 -9999.0 -9999.0 -9999.0 -9999.0 -9999.0
-9999.0 -9999.0 -9999.0 -9999.0 -9999.0 -9999.0 -9999.0 -9999.0 -9999.0 -9999.0 -9999.0 -9999.0 -9999.0 -9999.0 -9999.0 -9999.0 -9999.0 -9999.0 -9999.0 -9999.0 -9999.0 -9999.0 -9999.0 -9999.0 -9999.0 -9999.0 -9999.0 -9708.172061 -9694.057850 -9650.130004 -9824.574122 -9655.056704 -9551.569633 -9999.0 -9999.0 -9999.0 -9999.0 -9999.0 -9999.0 -9999.0 -9999.0 -9999.0 -9999.0 -9999.0 -9999.0 -9999.0 -9999.0 -9999.0 -9999.0 -9999.0 -9999.0 -9999.0 -9999.0 -9999.0 -9999.0 -9999.0 -9999.0
-9999.0 -9999.0 -9999.0 -9999.0 -9999.0 -9999.0 -9999.0 -9999.0 -9999.0 -9999.0 -9999.0 -9999.0 -9999.0 -9999.0 -9999.0 -9999.0 -9999.0 -9999.0 -9999.0 -9999.0 -9999.0 -9999.0 -9999.0 -9999.0 -9803.240596 -9588.178402 -9502.961064 -9457.290050 -9554.061851 -9644.700909 -9661.760564 -9999.0 -9999.0 -9999.0 -9999.0 -9999.0 -9999.0 -9999.0 -9999.0 -9999.0 -9999.0 -9999.0 -9999.0 -9999.0 -9999.0 -9999.0 -9999.0 -9999.0 -9999.0 -9999.0 -9999.0 -9999.0 -9999.0 -9999.0 -9999.0 -9999.0 -9999.0
-9999.0 -9999.0 -9999.0 -9999.0 -9999.0 -9999.0 -9999.0 -9999.0 -9999.0 -9999.0 -9999.0 -9999.0 -9999.0 -9999.0 -9999.0 -9999.0 -9999.0 -9999.0 -9999.0 -9999.0 -9999.0 -9999.0 -9999.0 -9575.100229 -9493.521132 -9305.921344 -9393.336530 -9357.245292 -9217.671965 -9292.765866 -9359.508532 -9628.926402 -9999.0 -9999.0 -9999.0 -9999.0 -9999.0 -9999.0 -9999.0 -9999.0 -9999.0 -9999.0 -9999.0 -9999.0 -9999.0 -9999.0 -9999.0 -9999.0 -9999.0 -9999.0 -9999.0 -9999.0 -9999.0 -9999.0 -9999.0 -9999.0 -9999.0
-9999.0 -9999.0 -9999.0 -9999.0 -9999.0 -9999.0 -9999.0 -9999.0 -9999.0 -9999.0 -9999.0 -9999.0 -9999.0 -9999.0 -9999.0 -9999.0 -9999.0 -9999.0 -9025.350203 -8606.783822 -9999.0 -9740.733424 -9630.135609 -9321.057075 -9250.611917 -9008.258675 -9299.155732 -9225.885300 -9309.141169 -9161.286522 -9233.442764 -9557.094267 -9069.973503 -8418.631508 -9999.0 -9999.0 -9999.0 -9999.0 -9999.0 -9999.0 -9999.0 -9999.0 -9999.0 -9999.0 -9999.0 -9999.0 -9999.0 -9999.0 -9999.0 -9999.0 -9999.0 -9999.0 -9999.0 -9999.0 -9999.0 -9999.0 -9999.0
-9999.0 -9999.0 -9999.0 -9999.0 -9999.0 -9999.0 -9999.0 -9999.0 -9999.0 -9999.0 -9999.0 -9999.0 -9999.0 -9999.0 -9999.0 -9999.0 -9999.0 -9576.739355 -9196.994819 -9115.285565 -8894.336886 -9540.882964 -9330.793461 -9238.478367 -9147.595135 -9341.757380 -9216.537656 -9451.796275 -9330.387575 -9024.378031 -9418.453604 -9553.474413 -9196.917685 -9327.843817 -9592.267951 -9854.584251 -9999.0 -9999.0 -9999.0 -9999.0 -9999.0 -9999.0 -9999.0 -9999.0 -9999.0 -9999.0 -9999.0 -9999.0 -9999.0 -9999.0 -9999.0 -9999.0 -9999.0 -9999.0 -9999.0 -9999.0 -9999.0
-9999.0 -9999.0 -9999.0 -9999.0 -9999.0 -9999.0 -9999.0 -9999.0 -9999.0 -9999.0 -9999.0 -9999.0 -9999.0 -9455.236444 -9273.672597 -9436.340258 -9693.943585 -9844.434767 -9442.699053 -8452.120450 -9030.038646 -9228.535040 -9438.766405 -9216.728303 -9323.977891 -9052.545529 -9517.067668 -9636.148245 -9251.682335 -9244.227700 -9252.767747 -9010.805936 -9612.705498 -9192.903536 -9412.772500 -9247.264403 -9999.0 -9999.0 -9999.0 -9999.0 -9999.0 -9999.0 -9999.0 -9999.0 -9999.0 -9999.0 -9999.0 -9999.0 -9999.0 -9999.0 -9999.0 -9999.0 -9999.0 -9999.0 -9999.0 -9999.0 -9999.0
-9999.0 -9999.0 -9999.0 -9999.0 -9999.0 -9999.0 -9999.0 -9999.0 -9999.0 -9999.0 -9999.0 -9999.0 -9999.0 -9659.161627 -9431.386373 -9707.513266 -9597.224502 -9715.577209 -9885.518178 -9540.720543 -8982.361339 -8702.044494 -9245.433556 -9444.315664 -9636.148275 -9395.485954 -9093.745224 -9581.504606 -9540.634873 -9318.019280 -9203.335995 -9004.366039 -9366.960491 -9139.812320 -9629.850241 -9999.0 -9999.0 -9999.0 -9999.0 -9999.0 -9999.0 -9999.0 -9999.0 -9999.0 -9999.0 -9999.0 -9999.0 -9999.0 -9999.0 -9999.0 -9999.0 -9999.0 -9999.0 -9999.0 -9999.0 -9999.0 -9999.0
-9999.0 -9999.0 -9999.0 -9999.0 -9999.0 -9999.0 -9999.0 -9999.0 -9999.0 -9999.0 -9999.0 -9999.0 -9999.0 -9299.294172 -9244.579900 -9542.607898 -9575.061674 -9515.229324 -9732.152650 -9775.767326 -9275.861728 -8730.143238 -9254.071598 -9380.963355 -9660.165552 -9635.921718 -9558.246267 -9532.506147 -9465.919457 -9340.064083 -8941.754864 -8988.865390 -9377.352759 -9121.631983 -9645.169232 -9999.0 -9999.0 -9999.0 -9999.0 -9999.0 -9999.0 -9999.0 -9999.0 -9999.0 -9999.0 -9999.0 -9999.0 -9999.0 -9999.0 -9999.0 -9999.0 -9999.0 -9999.0 -9999.0 -9999.0 -9999.0 -9999.0
-9999.0 -9999.0 -9999.0 -9999.0 -9999.0 -9999.0 -9999.0 -9999.0 -9999.0 -9999.0 -9999.0 -9999.0 -9500.822430 -9144.875396 -9539.106964 -9532.119875 -9416.785167 -9317.552182 -9497.560008 -9858.411753 -8730.870434 -8524.851676 -9632.094045 -9367.683716 -9020.826832 -8677.752424 -8816.262843 -9327.158016 -9329.242583 -9390.742643 -9168.831167 -9502.535296 -8925.010620 -8990.415746 -9999.0 -9999.0 -9999.0 -9999.0 -9999.0 -9999.0 -9999.0 -9999.0 -9999.0 -9999.0 -9999.0 -9999.0 -9999.0 -9999.0 -9999.0 -9999.0 -9999.0 -9999.0 -9999.0 -9999.0 -9999.0 -9999.0 -9999.0
-9999.0 -9999.0 -9999.0 -9999.0 -9999.0 -9999.0 -9999.0 -9999.0 -9999.0 -9999.0 -9999.0 -9765.539168 -9543.466115 -9244.050857 -9539.079576 -9665.309823 -9485.241737 -8972.419787 -9701.509431 -9957.276173 -9277.676532 -9188.264122 -9616.999721 -9334.576549 -9374.560551 -9502.168062 -8931.887388 -9672.095360 -8585.902923 -8473.406217 -9373.739547 -8874.696081 -9587.654345 -9427.912650 -9648.347522 -9637.857443 -9535.163240 -9543.500278 -9402.226422 -9999.0 -9999.0 -9999.0 -9589.588906 -9999.0 -9999.0 -9999.0 -9999.0 -9999.0 -9999.0 -9999.0 -9999.0 -9999.0 -9999.0 -9999.0 -9999.0 -9999.0 -9999.0
-9999.0 -9999.0 -9999.0 -9999.0 -9999.0 -9999.0 -9999.0 -9999.0 -9999.0 -9999.0 -9999.0 -9068.815012 -9573.412899 -9578.194730 -9610.420642 -9077.448482 -9099.946672 -9096.264614 -9277.831010 -9797.389207 -9311.370590 -9280.786843 -9661.499362 -9695.515228 -9456.127861 -9748.236233 -9394.751385 -9481.321613 -9526.801537 -8750.248901 -9041.501344 -8866.745293 -8961.898603 -9848.711145 -9073.175941 -9364.219807 -9221.920735 -9499.307473 -9089.205277 -9575.905910 -9241.554562 -9147.544368 -8930.327109 -9692.643360 -9999.0 -9999.0 -9999.0 -8901.229008 -9294.283940 -9380.663358 -9301.318343 -9205.059425 -9324.838791 -8711.755091 -9021.262224 -9323.957414 -9999.0
-9999.0 -9999.0 -9999.0 -9999.0 -9999.0 -9999.0 -9999.0 -9999.0 -9999.0 -9999.0 -9999.0 -9707.226581 -9133.799758 -9306.707262 -9764.151452 -9372.832178 -9223.589362 -9238.306678 -9762.614553 -9585.787825 -9471.653970 -9250.009415 -8858.123123 -9697.406752 -9576.841029 -8893.114500 -9234.966565 -8647.222682 -9207.141775 -9457.111239 -9369.734949 -9099.433568 -9394.991528 -9091.002801 -9660.605891 -9217.401815 -9534.912870 -9572.597487 -8966.305687 -8859.623519 -9301.398968 -9035.733657 -9163.263081 -9451.687342 -9310.365886 -9999.0 -9633.156986 -9260.013147 -9277.723085 -9220.378305 -8984.993961 -9004.235679 -8947.586663 -8951.442891 -9270.384440 -9421.965116 -9999.0
-9999.0 -9999.0 -9999.0 -9999.0 -9999.0 -9999.0 -9999.0 -9999.0 -9999.0 -9999.0 -9999.0 -9999.0 -9673.031392 -9664.602797 -9453.151945 -9705.631990 -9276.512058 -9143.265424 -9655.178321 -9458.735382 -9489.308979 -9725.373369 -9502.270618 -9122.283211 -9301.061660 -9166.580121 -9008.973070 -9184.884868 -9758.720118 -9617.993836 -9374.968052 -9265.327417 -9635.580371 -9730.391068 -9456.946930 -9546.330301 -9392.625476 -9638.313545 -8547.323402 -8435.634322 -9702.488465 -8933.635611 -9230.493429 -9195.751582 -9123.261109 -9504.433669 -9300.560081 -9421.421684 -9210.463347 -9232.821634 -8928.247917 -9008.388066 -9235.565929 -9108.910587 -9043.662512 -9235.694526 -9600.215169
-9999.0 -9999.0 -9999.0 -9999.0 -9999.0 -9999.0 -9999.0 -9999.0 -9999.0 -9999.0 -9999.0 -9473.276929 -9480.954570 -9680.775600 -9554.081376 -9551.467613 -9616.699735 -9233.190534 -9651.155527 -9628.131544 -9624.586340 -9632.470910 -9234.502896 -8784.119654 -9347.154211 -9213.414168 -9240.994812 -9251.601805 -9315.032204 -9405.093561 -9173.695771 -9627.362075 -9321.554928 -9292.044879 -9175.172866 -9680.116549 -9308.140831 -9215.027490 -9118.766044 -9133.809572 -9155.379836 -8962.313703 -9377.179525 -9304.560620 -8836.552560 -8878.343667 -9613.066356 -9291.356989 -9095.894637 -8691.479672 -9100.444730 -9263.671291 -9315.961068 -9212.058322 -9472.345310 -9257.329379 -9639.515101
-9999.0 -9999.0 -9999.0 -9999.0 -9999.0 -9999.0 -9999.0 -9999.0 -9999.0 -9999.0 -9359.342644 -9645.500245 -9453.381437 -9629.309246 -9440.071686 -9456.201107 -9550.806598 -8616.698206 -9365.888906 -9788.158049 -9780.388237 -9234.232972 -9030.130091 -9292.273276 -9453.115758 -8640.516558 -9102.548933 -9450.046586 -9173.747367 -9152.660713 -9071.664344 -9453.218051 -9130.521805 -9083.304426 -9070.949647 -9362.249980 -9600.710926 -9650.236449 -9341.502515 -9112.552850 -8872.891233 -8936.687544 -8818.349954 -9434.563865 -8699.210772 -8362.263611 -9381.660329 -8768.260275 -8891.475828 -7932.286422 -8578.569855 -9618.409124 -9522.570787 -9502.245962 -9554.225973 -9488.887718 -9049.537072
-9999.0 -9999.0 -9999.0 -9999.0 -9999.0 -9999.0 -9999.0 -9999.0 -9999.0 -9637.310170 -9489.856230 -9670.110769 -8933.547934 -9161.701416 -9689.019716 -9690.954367 -9158.984200 -9082.724226 -9350.421986 -9768.305921 -9579.427267 -9104.498883 -9378.893796 -9120.643964 -8974.728721 -8980.384621 -8750.536287 -9004.493463 -8967.079925 -9358.989511 -8609.889213 -8865.548759 -8804.569950 -9416.935711 -9427.553339 -9492.277599 -9284.618966 -9833.758954 -9355.090661 -9385.964418 -9380.215523 -9025.985039 -8343.938298 -8592.094741 -9257.768295 -8485.937599 -8676.699096 -8668.083778 -8986.112342 -8449.245668 -8349.702152 -9081.995712 -9418.944043 -9393.725630 -9266.549767 -9485.373600 -9428.521633
-9999.0 -9999.0 -9999.0 -9999.0 -9999.0 -9999.0 -9999.0 -9999.0 -9999.0 -9533.787040 -9722.184580 -9087.348903 -8432.176789 -9182.808828 -9286.491966 -9474.876370 -9416.501092 -8951.265171 -9439.675882 -9825.052157 -9799.931009 -9230.432004 -9011.522232 -9267.372432 -9138.481089 -9029.369162 -8962.936716 -8955.955447 -8821.737940 -8714.696535 -9158.587372 -9342.403365 -9421.840582 -9370.515639 -9470.919878 -8885.397802 -9366.513235 -9542.052277 -9139.432166 -9340.401871 -8956.873150 -9020.856683 -8807.880676 -8951.934091 -9057.195223 -8476.221501 -8403.321966 -8877.281904 -8601.490461 -7880.957857 -8379.913852 -8398.596766 -9468.134998 -9615.605737 -9353.997437 -9708.418083 -9655.238266
-9999.0 -9999.0 -9999.0 -9999.0 -9999.0 -9999.0 -9999.0 -9999.0 -9999.0 -9999.0 -9732.248500 -9323.574272 -9275.157886 -9126.493534 -9249.508175 -9277.483079 -9362.090825 -9072.850854 -9603.708027 -9819.514864 -9564.114659 -9222.208948 -9272.642321 -9452.088761 -9025.615300 -8952.068201 -9091.126499 -8691.364196 -9080.632792 -8851.195604 -9280.327251 -8682.242109 -9360.413454 -9434.470770 -9413.609262 -9380.440198 -9331.221697 -9022.525901 -9017.551144 -9518.866792 -8502.816791 -9086.994077 -8588.576970 -9056.896670 -9089.548685 -9373.571424 -9356.464151 -8994.301829 -7998.503275 -8448.237287 -8926.846911 -8956.057822 -9001.918512 -9726.708597 -9617.361025 -9304.418102 -8638.505933
-9999.0 -9999.0 -9999.0 -9999.0 -9999.0 -9999.0 -9999.0 -9999.0 -9999.0 -9999.0 -9658.789694 -9643.231005 -9238.153434 -9214.337131 -9034.846327 -9307.721999 -9036.856560 -9128.097891 -9608.807380 -9305.832970 -9062.128867 -8905.404887 -8692.437349 -9017.513485 -9225.910145 -9082.272313 -9052.340881 -8998.601823 -8918.259489 -8461.914915 -9380.402651 -9348.616547 -9493.404740 -9307.676815 -9254.940518 -8729.236692 -9108.452828 -9537.439789 -9180.213535 -9420.836331 -9494.069558 -9634.026129 -9235.622687 -9236.255046 -9348.291213 -9463.387217 -9177.698400 -8851.750220 -9364.174390 -9119.084190 -8696.733748 -8911.347609 -9132.543114 -9432.032909 -9151.611653 -8808.455295 -8571.515140
-9999.0 -9999.0 -9999.0 -9999.0 -9999.0 -9999.0 -9999.0 -9999.0 -9244.202129 -9174.738641 -9017.293088 -9193.537776 -9449.735943 -9682.900951 -9216.532329 -9179.141715 -9072.149245 -9271.802478 -9601.657576 -9804.968993 -9393.964896 -9096.645967 -9011.103692 -8918.282662 -9237.834493 -9039.449465 -9346.812708 -8867.988965 -9438.715395 -9440.290256 -9160.193548 -9367.613500 -9781.187298 -9541.855870 -9567.092612 -8341.756627 -9321.773783 -8782.940039 -8913.980882 -9152.769905 -9573.896793 -9114.504063 -9547.410696 -9062.438053 -9030.205519 -8858.607069 -8999.536679 -8959.307869 -8623.782228 -8631.856226 -9238.103467 -9154.364412 -9071.096540 -9480.205902 -8663.475648 -8534.067709 -9005.341015
-9999.0 -9999.0 -9999.0 -9999.0 -9999.0 -9999.0 -9999.0 -9999.0 -9356.239428 -9496.517824 -9427.903209 -9390.848617 -9072.870495 -8646.975429 -9306.416999 -9277.344873 -9723.401246 -9274.540808 -9501.099918 -9793.774209 -9746.516159 -9441.901519 -9183.593061 -8973.801751 -9240.742685 -9293.147517 -9218.089973 -8991.160960 -9352.652940 -9678.706905 -9689.612222 -9150.176105 -9754.528928 -9603.219188 -9794.537272 -9269.773084 -9334.256689 -9081.445516 -9179.801291 -9438.021206 -9757.683919 -8871.284790 -9638.670224 -9385.021462 -9134.085711 -9528.898335 -9438.942991 -9136.499744 -8397.246942 -9104.738595 -8499.380352 -8765.205480 -9242.411869 -8980.418668 -8083.773034 -8422.967956 -8233.703398
-9999.0 -9999.0 -9999.0 -9999.0 -9999.0 -9999.0 -9999.0 -9999.0 -8990.507779 -9194.438893 -9292.464698 -9441.303173 -9484.774200 -9378.820704 -9372.170113 -8824.679700 -8297.073232 -9119.203820 -9500.159257 -9811.665337 -9837.919711 -9815.878581 -9547.841225 -9373.203043 -9342.256863 -9365.996770 -9045.876366 -8929.492718 -8824.041428 -9453.003206 -9139.304469 -9194.384868 -9283.684899 -9136.851902 -9670.980597 -9173.552189 -9654.297050 -8920.214905 -9232.100861 -9511.207631 -9781.062729 -9688.634159 -9658.909391 -9498.551384 -9620.060008 -9667.106623 -9272.601540 -9498.857822 -8685.560759 -8018.711512 -7935.949750 -8590.317839 -8603.821635 -8180.514511 -8410.460222 -8991.596736 -8554.059648
-9999.0 -9999.0 -9999.0 -9999.0 -9999.0 -9999.0 -9999.0 -9999.0 -8853.892238 -9101.881495 -8722.565588 -8662.955987 -9475.774563 -9152.415671 -9083.668536 -8610.341910 -9034.955203 -8948.214971 -8435.492973 -9585.071835 -9797.247834 -9869.905184 -9836.936552 -9539.831531 -9223.029242 -9196.777855 -9166.296647 -9329.931454 -8984.745443 -8897.622730 -9457.967280 -9559.733555 -8731.113315 -8745.173567 -9445.470115 -8982.453620 -8849.626052 -8540.795351 -8869.174202 -9192.221217 -9128.461094 -9377.166827 -9384.502243 -8786.472536 -9472.859989 -9366.717261 -9301.782936 -9257.871130 -8248.616204 -8179.695307 -8175.968483 -8313.096065 -8674.759901 -8131.618378 -8894.391487 -9225.426603 -9495.637362
-9999.0 -9999.0 -9999.0 -9999.0 -9999.0 -9999.0 -9999.0 -9999.0 -8468.752007 -8888.468934 -9027.537008 -8948.302159 -9175.843895 -9163.859746 -9127.775788 -9425.182949 -8457.476254 -8548.654047 -8464.416051 -9095.417720 -9332.768479 -9798.344218 -9870.794741 -9650.252210 -9025.542024 -8732.398379 -8540.789481 -9359.424098 -8898.781554 -9118.055614 -9248.357593 -9369.229653 -8816.997039 -9336.460475 -8935.143758 -9151.431691 -8863.043519 -8901.662292 -9152.681919 -9120.465672 -8754.250557 -8807.329827 -8742.366473 -8806.704382 -8901.779541 -9171.264654 -8706.744786 -8713.784158 -7968.155395 -8343.671283 -9084.995995 -9077.651647 -9496.574602 -9204.027975 -9679.261276 -9788.071110 -9848.883144
