tests/3D/Mazia/output-maps-SE27XX/TaN0003.asc
ncols         63
nrows         48
xllcorner     598000.000000
yllcorner     5145000.000000
cellsize      1000.000000
NODATA_value  -9999.0
[rows 0 to 27 of 48, columns 0 to 62 of 63]
-9999.0 -9999.0 -9999.0 -9999.0 -9999.0 -9999.0 -9999.0 -9999.0 -9999.0 -9999.0 -9999.0 -9999.0 -9999.0 -9999.0 -9999.0 -9999.0 -9999.0 -9999.0 -9999.0 -9999.0 -9999.0 -9999.0 -9999.0 -9999.0 -9999.0 -9999.0 -9999.0 -9999.0 -9999.0 -9999.0 -9999.0 -9999.0 -9999.0 -9999.0 -9999.0 -9999.0 -9999.0 -9999.0 -9999.0 -9999.0 -9999.0 -9999.0 -9999.0 -9999.0 -9999.0 -9999.0 -9999.0 -9999.0 -9999.0 -9999.0 -9999.0 -9999.0 -9999.0 -9999.0 -9999.0 -9999.0 -9999.0 -9999.0 -9999.0 -9999.0 -9999.0 -9999.0 -9999.0
-9999.0 -9999.0 -9999.0 -9999.0 -9999.0 -9999.0 -9999.0 -9999.0 -9999.0 -9999.0 -9999.0 -9999.0 -9999.0 -9999.0 -9999.0 -9999.0 -9999.0 -9999.0 -9999.0 -9999.0 -9999.0 -9999.0 -9999.0 -9999.0 -9999.0 -9999.0 -9999.0 -2.611599 -2.031566 -1.636360 -2.536915 -3.268393 -2.225203 -9999.0 -9999.0 -9999.0 -9999.0 -9999.0 -9999.0 -9999.0 -9999.0 -9999.0 -9999.0 -9999.0 -9999.0 -9999.0 -9999.0 -9999.0 -9999.0 -9999.0 -9999.0 -9999.0 -9999.0 -9999.0 -9999.0 -9999.0 -9999.0 -9999.0 -9999.0 -9999.0 -9999.0 -9999.0 -9999.0
-9999.0 -9999.0 -9999.0 -9999.0 -9999.0 -9999.0 -9999.0 -9999.0 -9999.0 -9999.0 -9999.0 -9999.0 -9999.0 -9999.0 -9999.0 -9999.0 -9999.0 -9999.0 -9999.0 -9999.0 -9999.0 -9999.0 -9999.0 -9999.0 -1.516056 -1.221642 -0.662053 -1.335141 -0.490457 -0.637665 -2.893310 -9999.0 -9999.0 -9999.0 -9999.0 -9999.0 -9999.0 -9999.0 -9999.0 -9999.0 -9999.0 -9999.0 -9999.0 -9999.0 -9999.0 -9999.0 -9999.0 -9999.0 -9999.0 -9999.0 -9999.0 -9999.0 -9999.0 -9999.0 -9999.0 -9999.0 -9999.0 -9999.0 -9999.0 -9999.0 -9999.0 -9999.0 -9999.0
-9999.0 -9999.0 -9999.0 -9999.0 -9999.0 -9999.0 -9999.0 -9999.0 -9999.0 -9999.0 -9999.0 -9999.0 -9999.0 -9999.0 -9999.0 -9999.0 -9999.0 -9999.0 -9999.0 -9999.0 -9999.0 -9999.0 -9999.0 -1.305986 -0.037498 0.431631 1.314945 1.109772 1.142754 -0.681094 -2.906571 -3.393905 -9999.0 -9999.0 -9999.0 -9999.0 -9999.0 -9999.0 -9999.0 -9999.0 -9999.0 -9999.0 -9999.0 -9999.0 -9999.0 -9999.0 -9999.0 -9999.0 -9999.0 -9999.0 -9999.0 -9999.0 -9999.0 -9999.0 -9999.0 -9999.0 -9999.0 -9999.0 -9999.0 -9999.0 -9999.0 -9999.0 -9999.0
-9999.0 -9999.0 -9999.0 -9999.0 -9999.0 -9999.0 -9999.0 -9999.0 -9999.0 -9999.0 -9999.0 -9999.0 -9999.0 -9999.0 -9999.0 -9999.0 -9999.0 -9999.0 2.565791 -1.207819 -9999.0 -1.171560 -0.362870 0.509811 1.978677 3.343979 3.335933 3.196636 3.180787 0.683032 -1.053095 -2.601784 -3.684131 -5.946515 -9999.0 -9999.0 -9999.0 -9999.0 -9999.0 -9999.0 -9999.0 -9999.0 -9999.0 -9999.0 -9999.0 -9999.0 -9999.0 -9999.0 -9999.0 -9999.0 -9999.0 -9999.0 -9999.0 -9999.0 -9999.0 -9999.0 -9999.0 -9999.0 -9999.0 -9999.0 -9999.0 -9999.0 -9999.0
-9999.0 -9999.0 -9999.0 -9999.0 -9999.0 -9999.0 -9999.0 -9999.0 -9999.0 -9999.0 -9999.0 -9999.0 -9999.0 -9999.0 -9999.0 -9999.0 -9999.0 5.849679 4.346278 1.705800 -0.757673 0.151244 0.710572 2.754675 4.077247 2.342160 0.950595 0.653856 1.354660 2.701883 1.050372 -0.854767 -1.118058 -2.487872 -4.260211 -5.265628 -9999.0 -9999.0 -9999.0 -9999.0 -9999.0 -9999.0 -9999.0 -9999.0 -9999.0 -9999.0 -9999.0 -9999.0 -9999.0 -9999.0 -9999.0 -9999.0 -9999.0 -9999.0 -9999.0 -9999.0 -9999.0 -9999.0 -9999.0 -9999.0 -9999.0 -9999.0 -9999.0
-9999.0 -9999.0 -9999.0 -9999.0 -9999.0 -9999.0 -9999.0 -9999.0 -9999.0 -9999.0 -9999.0 -9999.0 -9999.0 -0.848646 1.166460 3.846729 5.095025 5.857322 5.637293 2.099626 2.118567 2.142774 3.479314 4.270736 2.190535 0.090334 -1.429421 -0.596251 -0.888084 0.245285 1.440692 0.366626 -1.420459 -2.207135 -2.902344 -5.562585 -9999.0 -9999.0 -9999.0 -9999.0 -9999.0 -9999.0 -9999.0 -9999.0 -9999.0 -9999.0 -9999.0 -9999.0 -9999.0 -9999.0 -9999.0 -9999.0 -9999.0 -9999.0 -9999.0 -9999.0 -9999.0 -9999.0 -9999.0 -9999.0 -9999.0 -9999.0 -9999.0
-9999.0 -9999.0 -9999.0 -9999.0 -9999.0 -9999.0 -9999.0 -9999.0 -9999.0 -9999.0 -9999.0 -9999.0 -9999.0 -0.216222 1.870812 3.556667 3.586132 5.554068 5.862511 5.375888 5.119401 5.048874 4.276948 3.235332 2.189320 0.515809 -2.066135 -1.899862 -3.029231 -1.693715 -0.724568 -2.277384 -3.324648 -4.771594 -4.478870 -9999.0 -9999.0 -9999.0 -9999.0 -9999.0 -9999.0 -9999.0 -9999.0 -9999.0 -9999.0 -9999.0 -9999.0 -9999.0 -9999.0 -9999.0 -9999.0 -9999.0 -9999.0 -9999.0 -9999.0 -9999.0 -9999.0 -9999.0 -9999.0 -9999.0 -9999.0 -9999.0 -9999.0
-9999.0 -9999.0 -9999.0 -9999.0 -9999.0 -9999.0 -9999.0 -9999.0 -9999.0 -9999.0 -9999.0 -9999.0 -9999.0 0.757358 3.018235 1.987751 2.557256 4.601823 5.868892 5.661307 3.943165 1.532779 1.993103 0.856418 0.798685 0.121657 -0.899760 -3.290154 -3.447902 -3.786934 -2.769195 -5.082610 -5.433669 -7.135290 -5.803103 -9999.0 -9999.0 -9999.0 -9999.0 -9999.0 -9999.0 -9999.0 -9999.0 -9999.0 -9999.0 -9999.0 -9999.0 -9999.0 -9999.0 -9999.0 -9999.0 -9999.0 -9999.0 -9999.0 -9999.0 -9999.0 -9999.0 -9999.0 -9999.0 -9999.0 -9999.0 -9999.0 -9999.0
-9999.0 -9999.0 -9999.0 -9999.0 -9999.0 -9999.0 -9999.0 -9999.0 -9999.0 -9999.0 -9999.0 -9999.0 -0.041500 2.258066 1.909695 0.599992 1.467433 3.945191 5.874178 5.725395 2.525011 -0.643552 -0.032972 -0.894671 0.884846 -1.989026 -0.759359 -3.024748 -1.405730 -3.461360 -4.981525 -3.841614 -3.537526 -6.539365 -9999.0 -9999.0 -9999.0 -9999.0 -9999.0 -9999.0 -9999.0 -9999.0 -9999.0 -9999.0 -9999.0 -9999.0 -9999.0 -9999.0 -9999.0 -9999.0 -9999.0 -9999.0 -9999.0 -9999.0 -9999.0 -9999.0 -9999.0 -9999.0 -9999.0 -9999.0 -9999.0 -9999.0 -9999.0
-9999.0 -9999.0 -9999.0 -9999.0 -9999.0 -9999.0 -9999.0 -9999.0 -9999.0 -9999.0 -9999.0 -0.914109 0.895157 2.226685 -0.206141 -0.579228 0.041333 3.178776 5.876414 5.865456 2.960358 1.294195 -0.518623 -1.821137 0.310520 -1.239084 -3.171680 -2.037084 -1.058247 -4.831931 -3.963277 -1.320459 -2.948278 -4.927961 -4.351759 -3.027627 -3.612637 -2.855389 -2.659864 -9999.0 -9999.0 -9999.0 -5.227301 -9999.0 -9999.0 -9999.0 -9999.0 -9999.0 -9999.0 -9999.0 -9999.0 -9999.0 -9999.0 -9999.0 -9999.0 -9999.0 -9999.0 -9999.0 -9999.0 -9999.0 -9999.0 -9999.0 -9999.0
-9999.0 -9999.0 -9999.0 -9999.0 -9999.0 -9999.0 -9999.0 -9999.0 -9999.0 -9999.0 -9999.0 -1.346231 -0.051111 1.126895 -0.401895 -2.079804 0.349481 3.448393 5.871957 5.703049 3.943348 1.157305 -0.542991 -1.702882 -0.355939 -1.960482 -2.372820 -0.990507 -1.055260 -4.586453 -2.063232 -0.162826 -3.453566 -4.140332 -4.971691 -2.493383 -1.034580 -1.328265 -2.907412 -5.285487 -5.211933 -5.399773 -2.749346 -3.597201 -9999.0 -9999.0 -9999.0 -6.412397 -4.761007 -3.563905 -3.636186 -4.519543 -4.738849 -5.372093 -4.894743 -5.203495 -9999.0 -9999.0 -9999.0 -9999.0 -9999.0 -9999.0 -9999.0
-9999.0 -9999.0 -9999.0 -9999.0 -9999.0 -9999.0 -9999.0 -9999.0 -9999.0 -9999.0 -9999.0 -1.491711 -1.600029 0.704401 -0.724788 -1.299012 0.905341 3.664021 5.763663 5.841077 4.163221 2.021516 -0.547188 -1.399625 -1.966448 -2.204423 0.297753 0.891397 -2.257253 -4.212850 -2.739877 -0.002459 -0.955643 -3.862648 -3.680398 -1.126123 0.541687 0.845430 -0.686489 -3.697359 -2.436023 -3.575167 -1.256294 -2.153767 -4.000939 -9999.0 -6.078464 -3.673168 -2.085296 -0.876726 -0.531135 -0.436314 -1.236885 -1.916872 -2.012004 -2.877836 -9999.0 -9999.0 -9999.0 -9999.0 -9999.0 -9999.0 -9999.0
-9999.0 -9999.0 -9999.0 -9999.0 -9999.0 -9999.0 -9999.0 -9999.0 -9999.0 -9999.0 -9999.0 -9999.0 -1.005354 -0.308086 -1.491988 -1.320507 0.677269 3.145244 5.926115 6.073513 4.066358 2.498429 2.185533 0.534142 -1.580950 -0.080350 1.755512 -0.856404 -2.253958 -3.079643 -2.125640 0.172101 -0.877394 -2.933483 -3.502939 -1.943639 -0.277522 1.186602 1.778929 -1.714885 -0.696980 -1.106714 0.589421 -0.359485 -3.154271 -4.117564 -4.353080 -3.477480 -0.776943 1.296465 2.377664 1.300171 1.247606 0.707615 -0.146338 -1.464446 -2.646238 -9999.0 -9999.0 -9999.0 -9999.0 -9999.0 -9999.0
-9999.0 -9999.0 -9999.0 -9999.0 -9999.0 -9999.0 -9999.0 -9999.0 -9999.0 -9999.0 -9999.0 -1.389243 -2.448570 -1.037413 0.124226 0.229378 1.516989 3.132823 5.708617 6.025801 4.554964 3.407883 2.592598 -0.380297 -0.103376 2.144080 1.280147 -2.273122 -2.607097 -1.416022 0.328999 1.487524 0.452766 -2.722285 -4.630035 -2.294686 -2.181877 0.167531 2.758654 0.743736 0.378791 2.187466 2.782221 1.717863 0.359766 -2.676336 -1.457994 -1.444333 -0.342326 3.001337 -0.431346 -1.667629 -1.300276 -2.038188 -2.901197 -3.723034 -2.568127 -9999.0 -9999.0 -9999.0 -9999.0 -9999.0 -9999.0
-9999.0 -9999.0 -9999.0 -9999.0 -9999.0 -9999.0 -9999.0 -9999.0 -9999.0 -9999.0 0.560537 -0.133897 -1.615719 -1.673134 -0.391203 1.843071 1.829479 1.737488 5.137465 5.957040 5.265688 4.458674 1.032106 1.033274 2.406998 2.871015 -0.087792 -1.866308 -0.461716 0.262268 2.399494 2.287406 0.068091 -2.642265 -5.523225 -3.026171 -1.098301 0.009725 1.831276 3.511587 3.589926 4.658463 4.636251 4.354971 1.941832 -1.618483 -1.316224 1.311631 2.654512 3.410131 -1.467471 -3.115904 -3.321122 -4.485748 -4.055256 -1.698281 -1.488698 -9999.0 -9999.0 -9999.0 -9999.0 -9999.0 -9999.0
-9999.0 -9999.0 -9999.0 -9999.0 -9999.0 -9999.0 -9999.0 -9999.0 -9999.0 -2.256602 -0.514254 0.572217 1.220946 -0.814071 0.640210 0.754979 -0.024474 1.941365 5.356667 6.160178 5.614601 3.144151 3.182168 3.733895 3.762895 1.100504 -0.957019 0.684451 2.527117 3.315090 4.113249 0.650601 -2.205848 -4.459714 -4.581595 -3.007757 -0.694044 -0.473338 -0.084875 1.575315 2.852666 1.422381 1.284408 4.918541 4.395109 1.910381 1.807915 0.691546 0.906635 4.670318 0.690282 -2.555603 -5.071282 -5.378526 -3.565884 -1.023470 -0.088998 -1.953291 -3.242932 -9999.0 -9999.0 -9999.0 -9999.0
-9999.0 -9999.0 -9999.0 -9999.0 -9999.0 -9999.0 -9999.0 -9999.0 -9999.0 -2.204159 -2.194118 -0.601065 2.978274 1.640932 0.264215 -0.522972 0.736464 3.134645 6.114587 6.570254 6.334151 5.374289 5.006615 3.286247 1.320534 0.369983 2.062219 3.483874 5.372782 4.675976 3.195720 0.375803 -1.231250 -3.457422 -2.502547 -3.146568 -2.639047 -1.310983 -2.075324 0.277472 0.332291 -0.982419 0.716355 4.267660 5.915188 5.866027 5.801936 4.132560 3.086583 5.064391 0.052711 -2.877450 -4.769578 -4.277019 -2.024979 -1.817901 0.291446 0.949035 -0.813493 -9999.0 -9999.0 -9999.0 -9999.0
-9999.0 -9999.0 -9999.0 -9999.0 -9999.0 -9999.0 -9999.0 -9999.0 -9999.0 -9999.0 -2.533172 -0.233964 1.707435 3.544108 2.341713 0.883567 1.821596 4.589890 7.001508 7.026219 6.530911 4.583999 2.055906 1.495632 0.377497 3.488079 5.430377 6.502439 3.701245 1.455826 0.775031 1.321301 -2.260298 -2.805285 -0.954966 0.181583 -0.425847 0.099240 -2.640607 -2.223097 -2.639306 -0.205250 2.821242 1.707565 3.200450 3.479681 4.826647 6.596203 7.030475 4.297325 1.281288 0.379681 -3.382958 -4.172920 -4.014117 -2.025713 0.317622 3.901011 3.800050 3.350320 -9999.0 -9999.0 -9999.0
-9999.0 -9999.0 -9999.0 -9999.0 -9999.0 -9999.0 -9999.0 -9999.0 -9999.0 -9999.0 -2.472876 -1.233756 -0.145315 2.254553 4.319617 3.204371 2.917079 5.010395 7.545633 7.475384 5.090520 2.920043 1.158212 -0.094770 2.339837 7.051346 8.537354 5.720816 2.381097 -1.015766 -1.134351 0.470016 -1.176327 -3.506840 -1.993053 0.795632 2.121641 1.430690 -1.140131 -3.188181 -2.073036 0.512724 0.701938 -0.547843 0.693787 1.875371 2.787738 3.816683 6.889746 7.111179 4.873877 1.141855 -0.854846 -2.416218 -4.491894 -3.755970 -1.871107 2.490685 6.843118 6.978376 -9999.0 -9999.0 -9999.0
-9999.0 -9999.0 -9999.0 -9999.0 -9999.0 -9999.0 -9999.0 -9999.0 -0.700216 -2.033094 -2.791996 -0.377302 1.021080 1.017012 2.328584 5.154152 5.492773 6.899692 8.212794 7.970319 6.702057 5.071108 3.727674 1.290814 3.289270 10.535004 8.497944 3.829118 1.573543 -0.929271 -3.059279 -1.371307 -1.610933 -3.324633 -1.654600 -1.872824 1.203364 2.230407 -1.136438 -3.412638 -1.992377 -0.106925 -1.464137 -2.517227 -0.514811 2.272681 -0.012971 1.728865 4.372557 7.718714 5.303722 3.235855 0.602861 -2.183398 -2.852438 -0.815528 -0.672722 2.303000 5.359284 8.942246 -9999.0 -9999.0 -9999.0
-9999.0 -9999.0 -9999.0 -9999.0 -9999.0 -9999.0 -9999.0 -9999.0 0.752741 0.681744 -1.187756 -2.199800 -0.939381 2.024397 1.418072 3.646599 4.789999 5.122154 7.837789 8.418038 8.180068 7.316772 5.120606 3.354864 5.257536 9.187358 7.244150 3.712636 0.149659 -1.605661 -2.696579 -1.941788 -1.145147 -2.218058 -1.168919 -0.862938 2.417692 3.232023 0.530640 -1.612278 -2.711213 -3.180252 -2.348355 -0.913243 1.170106 0.782889 -1.259901 -0.210829 3.108696 6.608140 7.432192 3.738821 1.090576 -0.793599 1.108377 3.259325 2.960951 4.578600 7.990039 10.583643 10.729449 -9999.0 -9999.0
-9999.0 -9999.0 -9999.0 -9999.0 -9999.0 -9999.0 -9999.0 -9999.0 -1.245862 1.144420 0.080128 -1.782224 0.046017 -0.138757 1.061846 1.748077 3.838791 5.497158 8.030511 8.856633 8.802762 8.420125 7.521416 6.616838 7.333197 6.880672 5.243954 2.178672 -0.897315 -1.036058 -1.178300 0.590812 -0.758656 -0.621135 -0.087680 1.765430 1.921691 4.580587 1.595223 -0.227429 -1.867301 -2.387696 -1.401035 -0.001563 -0.303150 -0.631554 -2.342629 -1.046810 0.462034 4.785981 8.440310 6.194528 2.603067 1.981284 4.975140 5.738083 7.148508 8.289851 10.363507 10.723025 10.734076 -9999.0 -9999.0
-9999.0 -9999.0 -9999.0 -9999.0 -9999.0 -9999.0 -9999.0 -9999.0 -2.846077 0.194626 2.489986 -0.765134 -0.069551 0.949261 2.926223 4.627490 7.555123 8.479343 8.447774 8.371351 8.818261 8.949681 8.866293 8.197897 6.138160 4.513903 2.808333 0.849290 0.626744 2.011303 1.124823 1.665927 2.884478 3.305234 0.755937 0.086471 1.921524 5.647257 2.670231 0.711580 -1.570640 -1.059360 -0.787585 -1.037060 -1.823546 -1.463137 -0.388309 -0.009304 -0.347929 2.362553 5.481500 8.547630 6.925760 5.144348 7.808649 8.478945 9.863124 10.495425 10.627381 10.711133 9.198915 6.259326 -9999.0
-9999.0 -9999.0 -9999.0 -9999.0 -9999.0 -9999.0 -9999.0 -9999.0 -3.459758 -0.013372 2.716640 1.892913 3.264423 3.978373 4.986459 7.283019 8.012517 6.376593 4.505823 5.981263 7.646635 9.118173 8.952430 8.526807 6.214438 3.523546 1.354805 2.370634 3.815819 4.284407 2.207432 3.528686 6.076791 3.970400 2.353787 2.800548 4.074895 7.074891 6.468129 3.707149 2.081072 2.298662 3.207346 2.478900 0.147802 0.659043 2.067872 3.780422 2.782156 5.419356 7.209974 7.762307 8.766537 8.843398 9.996814 10.077486 10.249167 10.443902 10.490101 9.322036 7.535408 5.068010 -9999.0
-9999.0 -9999.0 -1.003525 -0.368637 0.151305 -0.046348 0.930893 -0.502656 -1.722547 -0.573245 1.889178 4.348394 4.303211 5.514575 7.009487 7.374269 4.380794 1.878966 1.711590 4.196255 6.212775 8.898380 9.192209 9.077788 7.390513 5.388742 3.992443 4.291263 6.339223 5.187655 3.307841 4.017109 7.419322 5.624439 6.145185 5.772368 7.685446 8.722865 7.594777 5.087283 5.246139 5.854605 6.061244 5.349814 3.061021 3.387122 5.747412 5.854322 7.278046 8.957206 10.181238 10.305916 10.041667 9.862580 9.988020 10.069825 10.161755 9.913276 8.394724 7.299506 5.494470 3.674185 -9999.0
-9999.0 1.129909 1.134176 0.810784 0.146574 1.318452 1.000148 -0.965767 -1.805444 -1.453400 0.808813 3.033537 5.700301 6.422123 6.631933 3.823612 1.894159 0.304391 0.983073 4.352819 6.741495 8.748031 9.606939 9.584595 9.418227 8.027370 7.178008 7.444112 8.556467 7.119950 6.515887 6.110126 7.530507 8.750738 8.956729 9.673323 10.804329 11.118013 10.746226 9.330794 8.870914 9.366948 8.976841 6.855135 5.949991 6.774291 8.375094 9.646588 10.866514 10.959682 10.667732 10.384921 9.811893 9.225633 9.307892 8.597803 7.166115 6.843091 6.303363 4.614164 3.450998 3.080616 -9999.0
-9999.0 2.404534 2.918073 2.950458 2.322472 2.609250 0.292745 -1.467525 -1.943114 -1.838362 0.205858 2.668412 5.769203 6.551144 4.501662 1.616563 0.045064 0.151359 3.108360 5.062721 7.061053 8.283874 9.879758 10.045988 9.949331 9.901533 9.943099 10.032660 10.138073 9.979608 9.877450 9.240002 9.653255 10.054208 10.876295 11.948713 12.916821 13.624184 13.454383 12.809776 12.597160 12.169290 11.293309 10.118216 10.425764 10.631563 11.357977 11.548113 11.303551 11.039154 9.621332 7.824252 7.205798 8.325128 7.433132 5.433786 5.542696 4.189738 3.588750 2.276505 1.966382 -9999.0 -9999.0
