tests/3D/Mazia/output-maps-SE27XX/TaN0002.asc
ncols         63
nrows         48
xllcorner     598000.000000
yllcorner     5145000.000000
cellsize      1000.000000
NODATA_value  -9999.0
[rows 0 to 27 of 48, columns 0 to 62 of 63]
-9999.0 -9999.0 -9999.0 -9999.0 -9999.0 -9999.0 -9999.0 -9999.0 -9999.0 -9999.0 -9999.0 -9999.0 -9999.0 -9999.0 -9999.0 -9999.0 -9999.0 -9999.0 -9999.0 -9999.0 -9999.0 -9999.0 -9999.0 -9999.0 -9999.0 -9999.0 -9999.0 -9999.0 -9999.0 -9999.0 -9999.0 -9999.0 -9999.0 -9999.0 -9999.0 -9999.0 -9999.0 -9999.0 -9999.0 -9999.0 -9999.0 -9999.0 -9999.0 -9999.0 -9999.0 -9999.0 -9999.0 -9999.0 -9999.0 -9999.0 -9999.0 -9999.0 -9999.0 -9999.0 -9999.0 -9999.0 -9999.0 -9999.0 -9999.0 -9999.0 -9999.0 -9999.0 -9999.0
-9999.0 -9999.0 -9999.0 -9999.0 -9999.0 -9999.0 -9999.0 -9999.0 -9999.0 -9999.0 -9999.0 -9999.0 -9999.0 -9999.0 -9999.0 -9999.0 -9999.0 -9999.0 -9999.0 -9999.0 -9999.0 -9999.0 -9999.0 -9999.0 -9999.0 -9999.0 -9999.0 -2.256435 -1.680797 -1.291656 -2.199757 -2.940005 -1.906490 -9999.0 -9999.0 -9999.0 -9999.0 -9999.0 -9999.0 -9999.0 -9999.0 -9999.0 -9999.0 -9999.0 -9999.0 -9999.0 -9999.0 -9999.0 -9999.0 -9999.0 -9999.0 -9999.0 -9999.0 -9999.0 -9999.0 -9999.0 -9999.0 -9999.0 -9999.0 -9999.0 -9999.0 -9999.0 -9999.0
-9999.0 -9999.0 -9999.0 -9999.0 -9999.0 -9999.0 -9999.0 -9999.0 -9999.0 -9999.0 -9999.0 -9999.0 -9999.0 -9999.0 -9999.0 -9999.0 -9999.0 -9999.0 -9999.0 -9999.0 -9999.0 -9999.0 -9999.0 -9999.0 -1.156560 -0.860373 -0.301263 -0.977093 -0.137338 -0.291516 -2.555951 -9999.0 -9999.0 -9999.0 -9999.0 -9999.0 -9999.0 -9999.0 -9999.0 -9999.0 -9999.0 -9999.0 -9999.0 -9999.0 -9999.0 -9999.0 -9999.0 -9999.0 -9999.0 -9999.0 -9999.0 -9999.0 -9999.0 -9999.0 -9999.0 -9999.0 -9999.0 -9999.0 -9999.0 -9999.0 -9999.0 -9999.0 -9999.0
-9999.0 -9999.0 -9999.0 -9999.0 -9999.0 -9999.0 -9999.0 -9999.0 -9999.0 -9999.0 -9999.0 -9999.0 -9999.0 -9999.0 -9999.0 -9999.0 -9999.0 -9999.0 -9999.0 -9999.0 -9999.0 -9999.0 -9999.0 -0.948888 0.324881 0.796617 1.679777 1.471702 1.499128 -0.332760 -2.568507 -3.067998 -9999.0 -9999.0 -9999.0 -9999.0 -9999.0 -9999.0 -9999.0 -9999.0 -9999.0 -9999.0 -9999.0 -9999.0 -9999.0 -9999.0 -9999.0 -9999.0 -9999.0 -9999.0 -9999.0 -9999.0 -9999.0 -9999.0 -9999.0 -9999.0 -9999.0 -9999.0 -9999.0 -9999.0 -9999.0 -9999.0 -9999.0
-9999.0 -9999.0 -9999.0 -9999.0 -9999.0 -9999.0 -9999.0 -9999.0 -9999.0 -9999.0 -9999.0 -9999.0 -9999.0 -9999.0 -9999.0 -9999.0 -9999.0 -9999.0 2.856241 -0.901769 -9999.0 -0.834887 -0.013458 0.869245 2.345017 3.713913 3.706096 3.563709 3.541573 1.034526 -0.713618 -2.276668 -3.375213 -5.654975 -9999.0 -9999.0 -9999.0 -9999.0 -9999.0 -9999.0 -9999.0 -9999.0 -9999.0 -9999.0 -9999.0 -9999.0 -9999.0 -9999.0 -9999.0 -9999.0 -9999.0 -9999.0 -9999.0 -9999.0 -9999.0 -9999.0 -9999.0 -9999.0 -9999.0 -9999.0 -9999.0 -9999.0 -9999.0
-9999.0 -9999.0 -9999.0 -9999.0 -9999.0 -9999.0 -9999.0 -9999.0 -9999.0 -9999.0 -9999.0 -9999.0 -9999.0 -9999.0 -9999.0 -9999.0 -9999.0 6.104737 4.619636 1.999735 -0.442990 0.485087 1.060746 3.117602 4.448978 2.718613 1.327701 1.027646 1.721319 3.057808 1.392253 -0.529839 -0.812435 -2.203152 -3.997008 -5.023355 -9999.0 -9999.0 -9999.0 -9999.0 -9999.0 -9999.0 -9999.0 -9999.0 -9999.0 -9999.0 -9999.0 -9999.0 -9999.0 -9999.0 -9999.0 -9999.0 -9999.0 -9999.0 -9999.0 -9999.0 -9999.0 -9999.0 -9999.0 -9999.0 -9999.0 -9999.0 -9999.0
-9999.0 -9999.0 -9999.0 -9999.0 -9999.0 -9999.0 -9999.0 -9999.0 -9999.0 -9999.0 -9999.0 -9999.0 -9999.0 -0.642017 1.366086 4.047165 5.305213 6.085627 5.889843 2.379398 2.425448 2.474275 3.831461 4.638804 2.569539 0.475288 -1.043377 -0.213805 -0.513731 0.607275 1.786336 0.692338 -1.117689 -1.929487 -2.650844 -5.336747 -9999.0 -9999.0 -9999.0 -9999.0 -9999.0 -9999.0 -9999.0 -9999.0 -9999.0 -9999.0 -9999.0 -9999.0 -9999.0 -9999.0 -9999.0 -9999.0 -9999.0 -9999.0 -9999.0 -9999.0 -9999.0 -9999.0 -9999.0 -9999.0 -9999.0 -9999.0 -9999.0
-9999.0 -9999.0 -9999.0 -9999.0 -9999.0 -9999.0 -9999.0 -9999.0 -9999.0 -9999.0 -9999.0 -9999.0 -9999.0 -0.042261 2.032852 3.717373 3.758307 5.749874 6.090595 5.639965 5.418649 5.379345 4.633040 3.610845 2.578034 0.911728 -1.668725 -1.506409 -2.644949 -1.323593 -0.373334 -1.949408 -3.023746 -4.500728 -4.239707 -9999.0 -9999.0 -9999.0 -9999.0 -9999.0 -9999.0 -9999.0 -9999.0 -9999.0 -9999.0 -9999.0 -9999.0 -9999.0 -9999.0 -9999.0 -9999.0 -9999.0 -9999.0 -9999.0 -9999.0 -9999.0 -9999.0 -9999.0 -9999.0 -9999.0 -9999.0 -9999.0 -9999.0
-9999.0 -9999.0 -9999.0 -9999.0 -9999.0 -9999.0 -9999.0 -9999.0 -9999.0 -9999.0 -9999.0 -9999.0 -9999.0 0.895595 3.137401 2.101921 2.684671 4.760111 6.070079 5.909685 4.236476 1.864850 2.356167 1.242499 1.200195 0.531539 -0.488085 -2.882897 -3.051001 -3.406118 -2.409977 -4.750216 -5.132850 -6.869980 -5.575882 -9999.0 -9999.0 -9999.0 -9999.0 -9999.0 -9999.0 -9999.0 -9999.0 -9999.0 -9999.0 -9999.0 -9999.0 -9999.0 -9999.0 -9999.0 -9999.0 -9999.0 -9999.0 -9999.0 -9999.0 -9999.0 -9999.0 -9999.0 -9999.0 -9999.0 -9999.0 -9999.0 -9999.0
-9999.0 -9999.0 -9999.0 -9999.0 -9999.0 -9999.0 -9999.0 -9999.0 -9999.0 -9999.0 -9999.0 -9999.0 0.098663 2.361341 1.984540 0.664427 1.546813 4.064502 6.049591 5.961255 2.816618 -0.305390 0.341400 -0.493971 1.302927 -1.561628 -0.330035 -2.600428 -0.993049 -3.066761 -4.611296 -3.501845 -3.233944 -6.276990 -9999.0 -9999.0 -9999.0 -9999.0 -9999.0 -9999.0 -9999.0 -9999.0 -9999.0 -9999.0 -9999.0 -9999.0 -9999.0 -9999.0 -9999.0 -9999.0 -9999.0 -9999.0 -9999.0 -9999.0 -9999.0 -9999.0 -9999.0 -9999.0 -9999.0 -9999.0 -9999.0 -9999.0 -9999.0
-9999.0 -9999.0 -9999.0 -9999.0 -9999.0 -9999.0 -9999.0 -9999.0 -9999.0 -9999.0 -9999.0 -0.745697 1.018044 2.302965 -0.168357 -0.558248 0.078831 3.266255 6.034266 6.097199 3.257983 1.645129 -0.127248 -1.400882 0.749587 -0.790095 -2.720854 -1.591997 -0.626171 -4.419955 -3.578382 -0.969507 -2.637875 -4.664131 -4.139320 -2.869174 -3.506976 -2.795252 -2.629324 -9999.0 -9999.0 -9999.0 -5.135170 -9999.0 -9999.0 -9999.0 -9999.0 -9999.0 -9999.0 -9999.0 -9999.0 -9999.0 -9999.0 -9999.0 -9999.0 -9999.0 -9999.0 -9999.0 -9999.0 -9999.0 -9999.0 -9999.0 -9999.0
-9999.0 -9999.0 -9999.0 -9999.0 -9999.0 -9999.0 -9999.0 -9999.0 -9999.0 -9999.0 -9999.0 -1.176593 0.068818 1.194087 -0.380199 -2.079550 0.367947 3.525387 6.030665 5.945422 4.258259 1.529560 -0.127919 -1.257523 0.109000 -1.485396 -1.896224 -0.520550 -0.599781 -4.153094 -1.659511 0.203840 -3.131169 -3.868889 -4.756704 -2.338087 -0.938327 -1.284086 -2.898272 -5.282262 -5.187171 -5.346902 -2.671053 -3.493130 -9999.0 -9999.0 -9999.0 -6.199559 -4.526656 -3.312319 -3.372126 -4.248118 -4.465457 -5.102389 -4.634610 -4.958967 -9999.0 -9999.0 -9999.0 -9999.0 -9999.0 -9999.0 -9999.0
-9999.0 -9999.0 -9999.0 -9999.0 -9999.0 -9999.0 -9999.0 -9999.0 -9999.0 -9999.0 -9999.0 -1.307329 -1.463916 0.788848 -0.685122 -1.279780 0.945072 3.765741 5.950256 6.113129 4.508420 2.424172 -0.101609 -0.923531 -1.470561 -1.698434 0.804740 1.390665 -1.774086 -3.753866 -2.312915 0.384832 -0.615415 -3.576286 -3.453369 -0.961311 0.645748 0.896798 -0.670207 -3.687400 -2.408379 -3.529065 -1.190887 -2.062492 -3.878698 -9999.0 -5.892031 -3.458184 -1.845853 -0.617544 -0.257289 -0.153096 -0.949732 -1.631312 -1.733587 -2.612004 -9999.0 -9999.0 -9999.0 -9999.0 -9999.0 -9999.0 -9999.0
-9999.0 -9999.0 -9999.0 -9999.0 -9999.0 -9999.0 -9999.0 -9999.0 -9999.0 -9999.0 -9999.0 -9999.0 -0.834138 -0.179517 -1.398516 -1.239670 0.781347 3.308030 6.166868 6.392496 4.452878 2.938913 2.667287 1.046003 -1.049167 0.461546 2.297838 -0.323103 -1.738685 -2.590822 -1.671159 0.584773 -0.513592 -2.624894 -3.254381 -1.756991 -0.149799 1.265180 1.825626 -1.680198 -0.666765 -1.076533 0.636631 -0.281421 -3.039160 -3.964492 -4.164237 -3.256749 -0.529065 1.566343 2.664214 1.597988 1.551263 1.011735 0.153034 -1.174670 -2.370264 -9999.0 -9999.0 -9999.0 -9999.0 -9999.0 -9999.0
-9999.0 -9999.0 -9999.0 -9999.0 -9999.0 -9999.0 -9999.0 -9999.0 -9999.0 -9999.0 -9999.0 -1.140167 -2.229388 -0.847258 0.293692 0.397011 1.709900 3.376673 6.017476 6.400419 4.988089 3.889821 3.113833 0.171141 0.468922 2.727129 1.863196 -1.700773 -2.055326 -0.893515 0.814659 1.929550 0.844970 -2.385320 -4.352232 -2.077182 -2.021457 0.279250 2.832971 0.787108 0.392403 2.193278 2.811885 1.787600 0.473892 -2.519068 -1.261345 -1.213163 -0.081923 3.285560 -0.128734 -1.352052 -0.977119 -1.712716 -2.578388 -3.407312 -2.263011 -9999.0 -9999.0 -9999.0 -9999.0 -9999.0 -9999.0
-9999.0 -9999.0 -9999.0 -9999.0 -9999.0 -9999.0 -9999.0 -9999.0 -9999.0 -9999.0 0.868378 0.155820 -1.344484 -1.417499 -0.142973 2.098387 2.110367 2.060612 5.512288 6.385015 5.743298 4.980700 1.592960 1.626512 3.024179 3.501090 0.542190 -1.249465 0.130731 0.821529 2.918832 2.761361 0.491928 -2.272642 -5.210807 -2.771942 -0.900348 0.156025 1.930614 3.565562 3.605636 4.665362 4.669274 4.431990 2.066749 -1.447978 -1.104707 1.558896 2.932149 3.712815 -1.145028 -2.779008 -2.975101 -4.135862 -3.706467 -1.354893 -1.153903 -9999.0 -9999.0 -9999.0 -9999.0 -9999.0 -9999.0
-9999.0 -9999.0 -9999.0 -9999.0 -9999.0 -9999.0 -9999.0 -9999.0 -9999.0 -1.907259 -0.174907 0.901300 1.540963 -0.499442 0.956505 1.083342 0.327923 2.328200 5.784274 6.630702 6.127894 3.699689 3.779182 4.369476 4.429623 1.785174 -0.272109 1.351966 3.163896 3.912801 4.666982 1.157121 -1.749174 -4.055263 -4.231299 -2.712572 -0.453494 -0.285702 0.051893 1.664525 2.906321 1.467453 1.350948 5.024510 4.545974 2.104896 2.042212 0.960989 1.206481 4.995833 1.036655 -2.193392 -4.698516 -5.000639 -3.188155 -0.650519 0.275832 -1.598053 -2.896461 -9999.0 -9999.0 -9999.0 -9999.0
-9999.0 -9999.0 -9999.0 -9999.0 -9999.0 -9999.0 -9999.0 -9999.0 -9999.0 -1.830961 -1.825814 -0.237034 3.339820 2.003465 0.633180 -0.140477 1.140078 3.565859 6.577732 7.067922 6.869050 5.951266 5.632067 3.963033 2.042922 1.120915 2.813747 4.209160 6.056159 5.311472 3.782071 0.913165 -0.742743 -3.018062 -2.112945 -2.807317 -2.350334 -1.072288 -1.884861 0.424908 0.449508 -0.873814 0.839475 4.421118 6.105766 6.094534 6.066360 4.429849 3.413357 5.417056 0.427306 -2.485477 -4.365494 -3.866699 -1.614490 -1.412773 0.687117 1.333434 -0.439318 -9999.0 -9999.0 -9999.0 -9999.0
-9999.0 -9999.0 -9999.0 -9999.0 -9999.0 -9999.0 -9999.0 -9999.0 -9999.0 -9999.0 -2.139653 0.159361 2.102266 3.943175 2.748829 1.303330 2.258666 5.048118 7.483496 7.534020 7.068634 5.162666 2.695696 2.211148 1.164567 4.326324 6.266893 7.291960 4.429570 2.124403 1.388964 1.885237 -1.743063 -2.332779 -0.526287 0.566589 -0.084671 0.396792 -2.384919 -2.003961 -2.445788 -0.021230 3.012729 1.919400 3.439788 3.749238 5.126650 6.925734 7.388069 4.681025 1.688375 0.806290 -2.942123 -3.724536 -3.565685 -1.584488 0.746000 4.313804 4.198257 3.738900 -9999.0 -9999.0 -9999.0
-9999.0 -9999.0 -9999.0 -9999.0 -9999.0 -9999.0 -9999.0 -9999.0 -9999.0 -9999.0 -2.058155 -0.816702 0.275322 2.680574 4.753388 3.648611 3.374350 5.482445 8.032915 7.977336 5.608063 3.465753 1.782718 0.665085 3.200517 8.016947 9.480602 6.570788 3.143151 -0.324953 -0.501532 1.053979 -0.635065 -3.004243 -1.526726 1.226740 2.517633 1.791479 -0.813525 -2.891946 -1.799374 0.775031 0.964990 -0.273872 0.985667 2.189342 3.126176 4.180992 7.280729 7.528949 5.317389 1.608232 -0.370919 -1.922649 -3.998500 -3.272867 -1.406549 2.932300 7.262453 7.381396 -9999.0 -9999.0 -9999.0
-9999.0 -9999.0 -9999.0 -9999.0 -9999.0 -9999.0 -9999.0 -9999.0 -0.274078 -1.604142 -2.359784 0.058693 1.461517 1.462771 2.780819 5.614162 5.961551 7.377169 8.696912 8.455953 7.179494 5.527384 4.215945 2.191865 4.200699 11.627481 9.510418 4.700578 2.342528 -0.233618 -2.419078 -0.775148 -1.051009 -2.795414 -1.152398 -1.395739 1.655553 2.656830 -0.736492 -3.038077 -1.639120 0.231981 -1.131181 -2.182109 -0.170734 2.631091 0.364120 2.128381 4.797788 8.172243 5.786693 3.746866 1.136757 -1.636167 -2.305121 -0.282667 -0.166678 2.775214 5.797675 9.353878 -9999.0 -9999.0 -9999.0
-9999.0 -9999.0 -9999.0 -9999.0 -9999.0 -9999.0 -9999.0 -9999.0 1.190728 1.123855 -0.741220 -1.748665 -0.483587 2.484893 1.883439 4.117097 5.265519 5.601273 8.316446 8.887493 8.621646 7.682229 5.276510 3.942877 6.068124 10.114293 8.156268 4.531481 0.889808 -0.924572 -2.060600 -1.340872 -0.571414 -1.665094 -0.631888 -0.339143 2.928295 3.726989 1.006301 -1.158726 -2.279854 -2.767869 -1.949226 -0.520508 1.563382 1.183270 -0.846197 0.222245 3.567043 7.097160 7.955812 4.297823 1.680476 -0.184180 1.719426 3.851043 3.514905 5.083940 8.445744 10.997912 11.117715 -9999.0 -9999.0
-9999.0 -9999.0 -9999.0 -9999.0 -9999.0 -9999.0 -9999.0 -9999.0 -0.797983 1.597405 0.538383 -1.318836 0.514062 0.333255 1.537195 2.226324 4.319231 5.977706 8.506290 9.318452 9.235086 8.799648 7.848883 7.051291 7.918926 7.574534 5.982372 2.900962 -0.209658 -0.382970 -0.554793 1.191146 -0.174452 -0.045931 0.484731 2.338760 2.495530 5.149805 2.151457 0.307575 -1.358343 -1.904781 -0.940050 0.444084 0.134808 -0.193337 -1.896090 -0.583696 0.950210 5.307596 9.002533 6.801104 3.251033 2.657759 5.656762 6.395525 7.755120 8.829562 10.833763 11.132935 11.100757 -9999.0 -9999.0
-9999.0 -9999.0 -9999.0 -9999.0 -9999.0 -9999.0 -9999.0 -9999.0 -2.390132 0.656450 2.957776 -0.291727 0.408574 1.430769 3.409806 5.112294 8.040392 8.963104 8.925363 8.834448 9.254877 9.346456 9.209598 8.479454 6.501970 5.028088 3.411034 1.482853 1.260457 2.633200 1.732802 2.263234 3.477647 3.902674 1.366047 0.714722 2.566953 6.300454 3.315473 1.332938 -0.983366 -0.508563 -0.269367 -0.543893 -1.346337 -0.992277 0.086061 0.478810 0.164689 2.910762 6.075633 9.194694 7.625057 5.882389 8.556990 9.199350 10.519595 11.065602 11.106314 11.107867 9.530871 6.548266 -9999.0
-9999.0 -9999.0 -9999.0 -9999.0 -9999.0 -9999.0 -9999.0 -9999.0 -2.997489 0.455381 3.191967 2.374378 3.750839 4.467848 5.477043 7.773660 8.502971 6.865834 4.990305 6.453777 8.094891 9.520019 9.262807 8.728052 6.491142 3.954836 1.883799 2.946447 4.408768 4.880024 2.801189 4.122832 6.678581 4.590646 3.004475 3.490311 4.802475 7.824450 7.212702 4.420201 2.746710 2.913607 3.777115 3.013303 0.658080 1.156659 2.564312 4.287460 3.312170 5.985281 7.824328 8.434511 9.497913 9.620763 10.788837 10.839727 10.938189 11.031307 10.967221 9.695680 7.821093 5.285770 -9999.0
-9999.0 -9999.0 -0.567301 0.071413 0.595641 0.402785 1.385377 -0.042247 -1.255666 -0.099467 2.369989 4.835808 4.795890 6.010168 7.505443 7.869515 4.876161 2.375266 2.207596 4.687649 6.690560 9.344597 9.578126 9.407832 7.755583 5.837374 4.505554 4.841851 6.908372 5.765066 3.890599 4.608692 8.029000 6.266498 6.836592 6.526631 8.501736 9.576731 8.443731 5.891637 5.985055 6.526131 6.674380 5.917671 3.597331 3.905104 6.259792 6.373773 7.817623 9.530378 10.800983 10.982099 10.776113 10.642692 10.782907 10.834714 10.851354 10.495640 8.856554 7.642802 5.730664 3.821301 -9999.0
-9999.0 1.564566 1.572406 1.252997 0.593229 1.770058 1.457254 -0.502589 -1.335647 -0.976546 1.292885 3.524411 6.196563 6.921143 7.130798 4.321496 2.393323 0.808071 1.493492 4.871057 7.267839 9.280742 10.137558 10.099320 9.923023 8.542287 7.710940 7.992553 9.115354 7.686147 7.090288 6.698732 8.145155 9.409307 9.681286 10.482808 11.699035 12.064470 11.685320 10.210218 9.666953 10.080657 9.621301 7.446636 6.504317 7.305860 8.897228 10.172088 11.408117 11.530062 11.278582 11.044547 10.520977 9.972120 10.064220 9.324591 7.822489 7.397631 6.739206 4.927835 3.649344 3.180392 -9999.0
-9999.0 2.840437 3.357615 3.394036 2.770530 3.062275 0.751258 -1.002988 -1.472042 -1.360357 0.690914 3.160066 6.266018 7.050521 5.000888 2.115388 0.546967 0.661754 3.633111 5.609204 7.640985 8.914779 10.569317 10.744274 10.589695 10.489757 10.507323 10.589134 10.693646 10.538155 10.443971 9.823078 10.266729 10.718113 11.615463 12.785001 13.851040 14.617500 14.438226 13.725487 13.420391 12.903204 11.953139 10.721641 10.989253 11.169704 11.883855 12.073884 11.840817 11.598868 10.212884 8.453422 7.871565 9.016285 8.126933 6.098866 6.145984 4.703819 3.996116 2.570357 2.150480 -9999.0 -9999.0
