tests/3D/Mazia/output-maps-SE27XX/thetaliqL0001N0001.asc
ncols         63
nrows         48
xllcorner     598000.000000
yllcorner     5145000.000000
cellsize      1000.000000
NODATA_value  -9999.0
[rows 0 to 28 of 48, columns 0 to 62 of 63]
-9999.0 -9999.0 -9999.0 -9999.0 -9999.0 -9999.0 -9999.0 -9999.0 -9999.0 -9999.0 -9999.0 -9999.0 -9999.0 -9999.0 -9999.0 -9999.0 -9999.0 -9999.0 -9999.0 -9999.0 -9999.0 -9999.0 -9999.0 -9999.0 -9999.0 -9999.0 -9999.0 -9999.0 -9999.0 -9999.0 -9999.0 -9999.0 -9999.0 -9999.0 -9999.0 -9999.0 -9999.0 -9999.0 -9999.0 -9999.0 -9999.0 -9999.0 -9999.0 -9999.0 -9999.0 -9999.0 -9999.0 -9999.0 -9999.0 -9999.0 -9999.0 -9999.0 -9999.0 -9999.0 -9999.0 -9999.0 -9999.0 -9999.0 -9999.0 -9999.0 -9999.0 -9999.0 -9999.0
-9999.0 -9999.0 -9999.0 -9999.0 -9999.0 -9999.0 -9999.0 -9999.0 -9999.0 -9999.0 -9999.0 -9999.0 -9999.0 -9999.0 -9999.0 -9999.0 -9999.0 -9999.0 -9999.0 -9999.0 -9999.0 -9999.0 -9999.0 -9999.0 -9999.0 -9999.0 -9999.0 0.021864 0.046089 0.021865 0.045943 0.046071 0.046149 -9999.0 -9999.0 -9999.0 -9999.0 -9999.0 -9999.0 -9999.0 -9999.0 -9999.0 -9999.0 -9999.0 -9999.0 -9999.0 -9999.0 -9999.0 -9999.0 -9999.0 -9999.0 -9999.0 -9999.0 -9999.0 -9999.0 -9999.0 -9999.0 -9999.0 -9999.0 -9999.0 -9999.0 -9999.0 -9999.0
-9999.0 -9999.0 -9999.0 -9999.0 -9999.0 -9999.0 -9999.0 -9999.0 -9999.0 -9999.0 -9999.0 -9999.0 -9999.0 -9999.0 -9999.0 -9999.0 -9999.0 -9999.0 -9999.0 -9999.0 -9999.0 -9999.0 -9999.0 -9999.0 0.046084 0.048429 0.052768 0.047796 0.054300 0.052951 0.046069 -9999.0 -9999.0 -9999.0 -9999.0 -9999.0 -9999.0 -9999.0 -9999.0 -9999.0 -9999.0 -9999.0 -9999.0 -9999.0 -9999.0 -9999.0 -9999.0 -9999.0 -9999.0 -9999.0 -9999.0 -9999.0 -9999.0 -9999.0 -9999.0 -9999.0 -9999.0 -9999.0 -9999.0 -9999.0 -9999.0 -9999.0 -9999.0
-9999.0 -9999.0 -9999.0 -9999.0 -9999.0 -9999.0 -9999.0 -9999.0 -9999.0 -9999.0 -9999.0 -9999.0 -9999.0 -9999.0 -9999.0 -9999.0 -9999.0 -9999.0 -9999.0 -9999.0 -9999.0 -9999.0 -9999.0 0.047529 0.055554 0.056548 0.061546 0.061336 0.061518 0.053002 0.046325 0.046060 -9999.0 -9999.0 -9999.0 -9999.0 -9999.0 -9999.0 -9999.0 -9999.0 -9999.0 -9999.0 -9999.0 -9999.0 -9999.0 -9999.0 -9999.0 -9999.0 -9999.0 -9999.0 -9999.0 -9999.0 -9999.0 -9999.0 -9999.0 -9999.0 -9999.0 -9999.0 -9999.0 -9999.0 -9999.0 -9999.0 -9999.0
-9999.0 -9999.0 -9999.0 -9999.0 -9999.0 -9999.0 -9999.0 -9999.0 -9999.0 -9999.0 -9999.0 -9999.0 -9999.0 -9999.0 -9999.0 -9999.0 -9999.0 -9999.0 0.056214 0.047956 -9999.0 0.047541 0.051695 0.054503 0.060864 0.063316 0.068170 0.069591 0.066972 0.059117 0.049843 0.046118 0.021930 0.022043 -9999.0 -9999.0 -9999.0 -9999.0 -9999.0 -9999.0 -9999.0 -9999.0 -9999.0 -9999.0 -9999.0 -9999.0 -9999.0 -9999.0 -9999.0 -9999.0 -9999.0 -9999.0 -9999.0 -9999.0 -9999.0 -9999.0 -9999.0 -9999.0 -9999.0 -9999.0 -9999.0 -9999.0 -9999.0
-9999.0 -9999.0 -9999.0 -9999.0 -9999.0 -9999.0 -9999.0 -9999.0 -9999.0 -9999.0 -9999.0 -9999.0 -9999.0 -9999.0 -9999.0 -9999.0 -9999.0 0.051701 0.052658 0.027822 0.024206 0.051007 0.053452 0.059260 0.062135 0.063480 0.059713 0.059268 0.062619 0.066163 0.063587 0.050497 0.023956 0.021873 0.021814 0.021762 -9999.0 -9999.0 -9999.0 -9999.0 -9999.0 -9999.0 -9999.0 -9999.0 -9999.0 -9999.0 -9999.0 -9999.0 -9999.0 -9999.0 -9999.0 -9999.0 -9999.0 -9999.0 -9999.0 -9999.0 -9999.0 -9999.0 -9999.0 -9999.0 -9999.0 -9999.0 -9999.0
-9999.0 -9999.0 -9999.0 -9999.0 -9999.0 -9999.0 -9999.0 -9999.0 -9999.0 -9999.0 -9999.0 -9999.0 -9999.0 0.047347 0.050166 0.051432 0.050959 0.027770 0.051265 0.052530 0.053134 0.054307 0.055877 0.058589 0.059721 0.056346 0.022708 0.051995 0.050477 0.056098 0.060366 0.057408 0.046112 0.046352 0.021843 0.021853 -9999.0 -9999.0 -9999.0 -9999.0 -9999.0 -9999.0 -9999.0 -9999.0 -9999.0 -9999.0 -9999.0 -9999.0 -9999.0 -9999.0 -9999.0 -9999.0 -9999.0 -9999.0 -9999.0 -9999.0 -9999.0 -9999.0 -9999.0 -9999.0 -9999.0 -9999.0 -9999.0
-9999.0 -9999.0 -9999.0 -9999.0 -9999.0 -9999.0 -9999.0 -9999.0 -9999.0 -9999.0 -9999.0 -9999.0 -9999.0 0.048211 0.050321 0.050684 0.050541 0.050850 0.026776 0.050563 0.051773 0.053586 0.054342 0.056489 0.058352 0.054913 0.046695 0.021898 0.021891 0.046493 0.050358 0.046618 0.021871 0.021894 0.021795 -9999.0 -9999.0 -9999.0 -9999.0 -9999.0 -9999.0 -9999.0 -9999.0 -9999.0 -9999.0 -9999.0 -9999.0 -9999.0 -9999.0 -9999.0 -9999.0 -9999.0 -9999.0 -9999.0 -9999.0 -9999.0 -9999.0 -9999.0 -9999.0 -9999.0 -9999.0 -9999.0 -9999.0
-9999.0 -9999.0 -9999.0 -9999.0 -9999.0 -9999.0 -9999.0 -9999.0 -9999.0 -9999.0 -9999.0 -9999.0 -9999.0 0.049008 0.051120 0.049464 0.049633 0.049263 0.025273 0.049351 0.051716 0.026280 0.053237 0.052608 0.053527 0.052571 0.025779 0.021906 0.046297 0.021913 0.046724 0.021947 0.021861 0.021887 0.021783 -9999.0 -9999.0 -9999.0 -9999.0 -9999.0 -9999.0 -9999.0 -9999.0 -9999.0 -9999.0 -9999.0 -9999.0 -9999.0 -9999.0 -9999.0 -9999.0 -9999.0 -9999.0 -9999.0 -9999.0 -9999.0 -9999.0 -9999.0 -9999.0 -9999.0 -9999.0 -9999.0 -9999.0
-9999.0 -9999.0 -9999.0 -9999.0 -9999.0 -9999.0 -9999.0 -9999.0 -9999.0 -9999.0 -9999.0 -9999.0 0.047913 0.050604 0.049226 0.047818 0.048261 0.048448 0.048158 0.023677 0.050002 0.048508 0.049112 0.048227 0.052922 0.047181 0.050005 0.046474 0.047472 0.021907 0.046494 0.021856 0.046628 0.021907 -9999.0 -9999.0 -9999.0 -9999.0 -9999.0 -9999.0 -9999.0 -9999.0 -9999.0 -9999.0 -9999.0 -9999.0 -9999.0 -9999.0 -9999.0 -9999.0 -9999.0 -9999.0 -9999.0 -9999.0 -9999.0 -9999.0 -9999.0 -9999.0 -9999.0 -9999.0 -9999.0 -9999.0 -9999.0
-9999.0 -9999.0 -9999.0 -9999.0 -9999.0 -9999.0 -9999.0 -9999.0 -9999.0 -9999.0 -9999.0 0.046680 0.048753 0.049721 0.047108 0.046544 0.022519 0.047926 0.046754 0.022661 0.048735 0.049372 0.048432 0.046551 0.050985 0.047941 0.046906 0.046200 0.049587 0.022082 0.021898 0.047556 0.021830 0.021831 0.021775 0.021759 0.045774 0.045716 0.045817 -9999.0 -9999.0 -9999.0 0.021769 -9999.0 -9999.0 -9999.0 -9999.0 -9999.0 -9999.0 -9999.0 -9999.0 -9999.0 -9999.0 -9999.0 -9999.0 -9999.0 -9999.0 -9999.0 -9999.0 -9999.0 -9999.0 -9999.0 -9999.0
-9999.0 -9999.0 -9999.0 -9999.0 -9999.0 -9999.0 -9999.0 -9999.0 -9999.0 -9999.0 -9999.0 0.046682 0.047606 0.048438 0.046784 0.046572 0.047261 0.047410 0.046523 0.046439 0.048329 0.049444 0.048205 0.046378 0.049322 0.046206 0.046490 0.049049 0.024386 0.022031 0.046671 0.051766 0.046608 0.045729 0.046338 0.045996 0.046287 0.045742 0.046082 0.021714 0.021783 0.021828 0.046466 0.021784 -9999.0 -9999.0 -9999.0 0.046706 0.046365 0.021901 0.046430 0.021947 0.021936 0.047092 0.046795 0.021959 -9999.0 -9999.0 -9999.0 -9999.0 -9999.0 -9999.0 -9999.0
-9999.0 -9999.0 -9999.0 -9999.0 -9999.0 -9999.0 -9999.0 -9999.0 -9999.0 -9999.0 -9999.0 0.046112 0.046599 0.048197 0.046388 0.046307 0.047456 0.047547 0.046512 0.046980 0.048293 0.049505 0.048519 0.046965 0.046391 0.022064 0.051252 0.052955 0.021984 0.046344 0.021919 0.050817 0.048183 0.046426 0.021782 0.046419 0.048105 0.047766 0.046677 0.021849 0.045964 0.046361 0.046335 0.046110 0.046256 -9999.0 0.021832 0.046390 0.046416 0.050634 0.054154 0.030751 0.048515 0.046880 0.046604 0.046461 -9999.0 -9999.0 -9999.0 -9999.0 -9999.0 -9999.0 -9999.0
-9999.0 -9999.0 -9999.0 -9999.0 -9999.0 -9999.0 -9999.0 -9999.0 -9999.0 -9999.0 -9999.0 -9999.0 0.046494 0.047069 0.046275 0.046053 0.047699 0.048343 0.047673 0.047958 0.048881 0.049700 0.050704 0.050065 0.047166 0.050070 0.055124 0.049525 0.046181 0.021908 0.046414 0.051082 0.048394 0.045892 0.046049 0.045904 0.047172 0.047826 0.049464 0.046936 0.046627 0.021971 0.050874 0.049730 0.021926 0.046144 0.021898 0.046265 0.050123 0.062277 0.068304 0.064445 0.065361 0.062693 0.057213 0.046666 0.046341 -9999.0 -9999.0 -9999.0 -9999.0 -9999.0 -9999.0
-9999.0 -9999.0 -9999.0 -9999.0 -9999.0 -9999.0 -9999.0 -9999.0 -9999.0 -9999.0 -9999.0 0.046470 0.046330 0.046454 0.047434 0.047417 0.048044 0.048845 0.048549 0.048575 0.049207 0.049984 0.050780 0.049231 0.049500 0.052839 0.052309 0.046701 0.046600 0.023121 0.051619 0.053731 0.052786 0.046325 0.046356 0.045852 0.046131 0.047625 0.049618 0.049207 0.049103 0.053240 0.055938 0.030718 0.054295 0.046788 0.046114 0.021921 0.030119 0.067716 0.029047 0.046561 0.047918 0.022049 0.022011 0.021998 0.021945 -9999.0 -9999.0 -9999.0 -9999.0 -9999.0 -9999.0
-9999.0 -9999.0 -9999.0 -9999.0 -9999.0 -9999.0 -9999.0 -9999.0 -9999.0 -9999.0 0.049127 0.047608 0.046397 0.046234 0.047310 0.048415 0.048334 0.049265 0.048832 0.048715 0.049199 0.050127 0.050227 0.051219 0.051729 0.052523 0.050282 0.022121 0.050741 0.052735 0.055018 0.055245 0.052021 0.046579 0.021924 0.021864 0.046397 0.047804 0.050118 0.051862 0.053432 0.029581 0.033772 0.058029 0.058195 0.022100 0.046345 0.060681 0.067711 0.067149 0.022142 0.021914 0.021990 0.021947 0.021948 0.046470 0.046901 -9999.0 -9999.0 -9999.0 -9999.0 -9999.0 -9999.0
-9999.0 -9999.0 -9999.0 -9999.0 -9999.0 -9999.0 -9999.0 -9999.0 -9999.0 0.046291 0.047709 0.048088 0.048750 0.047238 0.047522 0.047565 0.047670 0.049012 0.048670 0.048581 0.049085 0.050167 0.050428 0.050688 0.051315 0.051755 0.049263 0.053133 0.053970 0.054042 0.054285 0.052710 0.022033 0.021898 0.021879 0.021861 0.048211 0.047653 0.048635 0.051909 0.055153 0.053709 0.054678 0.058393 0.060478 0.060572 0.066272 0.058637 0.061165 0.067144 0.062124 0.022011 0.021957 0.021966 0.022004 0.051688 0.060505 0.022077 0.022058 -9999.0 -9999.0 -9999.0 -9999.0
-9999.0 -9999.0 -9999.0 -9999.0 -9999.0 -9999.0 -9999.0 -9999.0 -9999.0 0.046415 0.046237 0.047725 0.049795 0.048098 0.047424 0.047030 0.047750 0.048374 0.048117 0.047973 0.048511 0.049427 0.050010 0.050753 0.051242 0.050815 0.053191 0.053143 0.052928 0.054497 0.055732 0.052216 0.048238 0.046404 0.046273 0.021984 0.021891 0.021953 0.046532 0.051868 0.051385 0.047472 0.053921 0.060099 0.060151 0.061247 0.062592 0.066250 0.068915 0.067107 0.059235 0.047656 0.021958 0.046346 0.022010 0.046446 0.065291 0.069501 0.031087 -9999.0 -9999.0 -9999.0 -9999.0
-9999.0 -9999.0 -9999.0 -9999.0 -9999.0 -9999.0 -9999.0 -9999.0 -9999.0 -9999.0 0.046251 0.047812 0.048153 0.048008 0.047364 0.047328 0.047659 0.047648 0.047360 0.047362 0.048300 0.049267 0.049771 0.049965 0.050191 0.052525 0.052529 0.052537 0.054451 0.054081 0.053099 0.054451 0.046633 0.046401 0.049242 0.053540 0.050979 0.052940 0.021968 0.046235 0.047274 0.052268 0.065332 0.059705 0.063825 0.065327 0.065357 0.067289 0.064727 0.070013 0.068884 0.064267 0.022053 0.021941 0.046400 0.046715 0.071263 0.076617 0.077819 0.079218 -9999.0 -9999.0 -9999.0
-9999.0 -9999.0 -9999.0 -9999.0 -9999.0 -9999.0 -9999.0 -9999.0 -9999.0 -9999.0 0.046336 0.046722 0.047524 0.047441 0.047028 0.047418 0.048149 0.047672 0.047050 0.047565 0.048848 0.049296 0.049225 0.048407 0.051022 0.052950 0.052681 0.053375 0.054517 0.049900 0.049329 0.054594 0.023966 0.046552 0.046579 0.057247 0.058718 0.057172 0.048033 0.046345 0.046293 0.033450 0.056526 0.052531 0.061599 0.064981 0.069001 0.068833 0.067344 0.068546 0.072952 0.071922 0.055916 0.022010 0.022052 0.022121 0.047515 0.081335 0.073670 0.074368 -9999.0 -9999.0 -9999.0
-9999.0 -9999.0 -9999.0 -9999.0 -9999.0 -9999.0 -9999.0 -9999.0 0.048280 0.046791 0.046957 0.048003 0.047943 0.047153 0.047554 0.047793 0.048254 0.047595 0.047184 0.047426 0.048463 0.048614 0.048365 0.048116 0.049575 0.054446 0.054580 0.054350 0.054015 0.049400 0.022050 0.048579 0.047120 0.046378 0.046627 0.047576 0.061514 0.061554 0.049183 0.021969 0.021909 0.056012 0.021965 0.021993 0.029742 0.073622 0.057372 0.068819 0.070925 0.068451 0.075275 0.081369 0.072387 0.046728 0.022165 0.061778 0.038341 0.095145 0.076906 0.071853 -9999.0 -9999.0 -9999.0
-9999.0 -9999.0 -9999.0 -9999.0 -9999.0 -9999.0 -9999.0 -9999.0 0.025100 0.049401 0.047253 0.046622 0.047613 0.049067 0.048261 0.048533 0.048317 0.048622 0.048292 0.047791 0.048030 0.047697 0.047224 0.047704 0.049165 0.051981 0.053050 0.053561 0.026703 0.047722 0.046381 0.022044 0.049620 0.021949 0.049861 0.052178 0.069114 0.063879 0.058401 0.046478 0.046145 0.047072 0.021910 0.051965 0.067876 0.062335 0.024543 0.061314 0.073955 0.072110 0.072288 0.082308 0.080839 0.065562 0.090136 0.053997 0.085944 0.081467 0.074027 0.071243 0.071075 -9999.0 -9999.0
-9999.0 -9999.0 -9999.0 -9999.0 -9999.0 -9999.0 -9999.0 -9999.0 0.047781 0.051324 0.049226 0.046740 0.048824 0.023440 0.048844 0.049785 0.050289 0.049039 0.048781 0.048424 0.047855 0.047608 0.047463 0.047814 0.048768 0.050426 0.052011 0.053616 0.024439 0.049640 0.024763 0.056446 0.050956 0.052075 0.057401 0.068379 0.066202 0.064879 0.066134 0.056804 0.046184 0.021918 0.048490 0.060856 0.055960 0.056256 0.021986 0.053547 0.065388 0.074360 0.071470 0.079443 0.090880 0.092472 0.087374 0.086674 0.080390 0.076809 0.073273 0.072247 0.071271 -9999.0 -9999.0
-9999.0 -9999.0 -9999.0 -9999.0 -9999.0 -9999.0 -9999.0 -9999.0 0.022103 0.050426 0.052075 0.023459 0.049477 0.050165 0.051213 0.050912 0.049933 0.049714 0.049894 0.048950 0.048142 0.047769 0.047522 0.047407 0.048668 0.050090 0.051752 0.051632 0.053396 0.055339 0.054966 0.057688 0.059810 0.061398 0.060088 0.061734 0.075012 0.066113 0.071218 0.065069 0.049137 0.053615 0.055664 0.028064 0.046440 0.023950 0.060219 0.040789 0.063232 0.080594 0.078090 0.076413 0.083866 0.088853 0.085793 0.084169 0.079618 0.076343 0.074323 0.072596 0.073022 0.077510 -9999.0
-9999.0 -9999.0 -9999.0 -9999.0 -9999.0 -9999.0 -9999.0 -9999.0 0.047568 0.050569 0.052561 0.052590 0.052769 0.052561 0.052414 0.050611 0.051061 0.050848 0.050911 0.049918 0.049253 0.048046 0.047435 0.046904 0.048084 0.050328 0.051413 0.052808 0.053753 0.054874 0.057823 0.058561 0.058365 0.062452 0.066764 0.069682 0.070182 0.067897 0.069665 0.073617 0.074593 0.073399 0.070920 0.071721 0.060449 0.069240 0.072678 0.073587 0.076484 0.075936 0.078143 0.081031 0.083985 0.085776 0.085414 0.084218 0.081166 0.077695 0.074709 0.074327 0.075922 0.080825 -9999.0
-9999.0 -9999.0 0.048176 0.049742 0.049952 0.049686 0.051175 0.048878 0.046641 0.049344 0.052804 0.053136 0.053380 0.052961 0.053051 0.052388 0.052537 0.051807 0.050834 0.050683 0.050000 0.048979 0.047930 0.048121 0.048536 0.050265 0.051842 0.052872 0.053522 0.056235 0.057834 0.059050 0.059645 0.061707 0.063971 0.067600 0.068301 0.069724 0.071506 0.073860 0.072347 0.069724 0.068676 0.069201 0.071358 0.071517 0.069153 0.070883 0.070032 0.071342 0.073789 0.077736 0.081927 0.085267 0.086137 0.095593 0.080737 0.077622 0.077402 0.077293 0.085148 0.085115 -9999.0
-9999.0 0.052135 0.052069 0.051414 0.050369 0.052072 0.051473 0.047986 0.046410 0.047099 0.051652 0.054134 0.053537 0.054281 0.054181 0.054066 0.052786 0.049942 0.050554 0.051046 0.050073 0.049357 0.048740 0.048849 0.049083 0.049904 0.051681 0.052828 0.052903 0.054807 0.056395 0.057810 0.058402 0.061397 0.062472 0.065119 0.067287 0.068994 0.069293 0.069630 0.068633 0.066626 0.066003 0.067670 0.067613 0.066773 0.066077 0.065907 0.066776 0.069526 0.072834 0.076498 0.080652 0.084863 0.084877 0.083904 0.084547 0.081703 0.080833 0.087787 0.085456 0.086958 -9999.0
-9999.0 0.056425 0.053833 0.053710 0.054841 0.053708 0.051088 0.047526 0.046657 0.046887 0.050941 0.054621 0.053669 0.054358 0.054548 0.053802 0.050162 0.050283 0.052040 0.051063 0.050572 0.049711 0.049034 0.048526 0.049580 0.050510 0.050925 0.051597 0.052719 0.054263 0.055243 0.056152 0.056585 0.058415 0.063361 0.064132 0.072334 0.072103 0.068127 0.067649 0.065974 0.064811 0.064268 0.064232 0.063375 0.063410 0.062909 0.064156 0.065909 0.068472 0.072343 0.077665 0.081920 0.082647 0.083963 0.086802 0.085861 0.086516 0.085795 0.085600 0.081122 -9999.0 -9999.0
-9999.0 0.053367 0.053940 0.053615 0.053369 0.054369 0.054749 0.052725 0.050789 0.051327 0.053705 0.053826 0.052999 0.054526 0.054960 0.052342 0.049117 0.051847 0.052587 0.051647 0.050990 0.050379 0.049122 0.048586 0.049467 0.049826 0.050867 0.051979 0.053159 0.054269 0.054955 0.055048 0.055398 0.057363 0.060459 0.063599 0.066109 0.073961 0.068791 0.067667 0.066110 0.070107 0.063608 0.062900 0.062727 0.062944 0.063911 0.064457 0.067013 0.069965 0.074477 0.085767 0.084024 0.081890 0.086232 0.090258 0.089215 0.086434 0.079709 -9999.0 -9999.0 -9999.0 -9999.0
