tests/3D/Mazia/output-maps-SE27XX/thetaliqL0006N0004.asc
ncols         63
nrows         48
xllcorner     598000.000000
yllcorner     5145000.000000
cellsize      1000.000000
NODATA_value  -9999.0
[rows 0 to 28 of 48, columns 0 to 62 of 63]
-9999.0 -9999.0 -9999.0 -9999.0 -9999.0 -9999.0 -9999.0 -9999.0 -9999.0 -9999.0 -9999.0 -9999.0 -9999.0 -9999.0 -9999.0 -9999.0 -9999.0 -9999.0 -9999.0 -9999.0 -9999.0 -9999.0 -9999.0 -9999.0 -9999.0 -9999.0 -9999.0 -9999.0 -9999.0 -9999.0 -9999.0 -9999.0 -9999.0 -9999.0 -9999.0 -9999.0 -9999.0 -9999.0 -9999.0 -9999.0 -9999.0 -9999.0 -9999.0 -9999.0 -9999.0 -9999.0 -9999.0 -9999.0 -9999.0 -9999.0 -9999.0 -9999.0 -9999.0 -9999.0 -9999.0 -9999.0 -9999.0 -9999.0 -9999.0 -9999.0 -9999.0 -9999.0 -9999.0
-9999.0 -9999.0 -9999.0 -9999.0 -9999.0 -9999.0 -9999.0 -9999.0 -9999.0 -9999.0 -9999.0 -9999.0 -9999.0 -9999.0 -9999.0 -9999.0 -9999.0 -9999.0 -9999.0 -9999.0 -9999.0 -9999.0 -9999.0 -9999.0 -9999.0 -9999.0 -9999.0 0.021879 0.021878 0.021891 0.021853 0.021886 0.021907 -9999.0 -9999.0 -9999.0 -9999.0 -9999.0 -9999.0 -9999.0 -9999.0 -9999.0 -9999.0 -9999.0 -9999.0 -9999.0 -9999.0 -9999.0 -9999.0 -9999.0 -9999.0 -9999.0 -9999.0 -9999.0 -9999.0 -9999.0 -9999.0 -9999.0 -9999.0 -9999.0 -9999.0 -9999.0 -9999.0
-9999.0 -9999.0 -9999.0 -9999.0 -9999.0 -9999.0 -9999.0 -9999.0 -9999.0 -9999.0 -9999.0 -9999.0 -9999.0 -9999.0 -9999.0 -9999.0 -9999.0 -9999.0 -9999.0 -9999.0 -9999.0 -9999.0 -9999.0 -9999.0 0.044565 0.044721 0.044785 0.044821 0.044748 0.021888 0.021885 -9999.0 -9999.0 -9999.0 -9999.0 -9999.0 -9999.0 -9999.0 -9999.0 -9999.0 -9999.0 -9999.0 -9999.0 -9999.0 -9999.0 -9999.0 -9999.0 -9999.0 -9999.0 -9999.0 -9999.0 -9999.0 -9999.0 -9999.0 -9999.0 -9999.0 -9999.0 -9999.0 -9999.0 -9999.0 -9999.0 -9999.0 -9999.0
-9999.0 -9999.0 -9999.0 -9999.0 -9999.0 -9999.0 -9999.0 -9999.0 -9999.0 -9999.0 -9999.0 -9999.0 -9999.0 -9999.0 -9999.0 -9999.0 -9999.0 -9999.0 -9999.0 -9999.0 -9999.0 -9999.0 -9999.0 0.044730 0.044791 0.044935 0.044866 0.021891 0.021917 0.021960 0.021946 0.021892 -9999.0 -9999.0 -9999.0 -9999.0 -9999.0 -9999.0 -9999.0 -9999.0 -9999.0 -9999.0 -9999.0 -9999.0 -9999.0 -9999.0 -9999.0 -9999.0 -9999.0 -9999.0 -9999.0 -9999.0 -9999.0 -9999.0 -9999.0 -9999.0 -9999.0 -9999.0 -9999.0 -9999.0 -9999.0 -9999.0 -9999.0
-9999.0 -9999.0 -9999.0 -9999.0 -9999.0 -9999.0 -9999.0 -9999.0 -9999.0 -9999.0 -9999.0 -9999.0 -9999.0 -9999.0 -9999.0 -9999.0 -9999.0 -9999.0 0.045170 0.045555 -9999.0 0.044608 0.044688 0.021897 0.044979 0.021882 0.044945 0.045005 0.044936 0.045056 0.021973 0.021906 0.022016 0.022175 -9999.0 -9999.0 -9999.0 -9999.0 -9999.0 -9999.0 -9999.0 -9999.0 -9999.0 -9999.0 -9999.0 -9999.0 -9999.0 -9999.0 -9999.0 -9999.0 -9999.0 -9999.0 -9999.0 -9999.0 -9999.0 -9999.0 -9999.0 -9999.0 -9999.0 -9999.0 -9999.0 -9999.0 -9999.0
-9999.0 -9999.0 -9999.0 -9999.0 -9999.0 -9999.0 -9999.0 -9999.0 -9999.0 -9999.0 -9999.0 -9999.0 -9999.0 -9999.0 -9999.0 -9999.0 -9999.0 0.044713 0.045012 0.021944 0.022051 0.044750 0.044913 0.021879 0.045067 0.044895 0.044997 0.044821 0.044908 0.045173 0.044854 0.021907 0.021987 0.021960 0.021907 0.021856 -9999.0 -9999.0 -9999.0 -9999.0 -9999.0 -9999.0 -9999.0 -9999.0 -9999.0 -9999.0 -9999.0 -9999.0 -9999.0 -9999.0 -9999.0 -9999.0 -9999.0 -9999.0 -9999.0 -9999.0 -9999.0 -9999.0 -9999.0 -9999.0 -9999.0 -9999.0 -9999.0
-9999.0 -9999.0 -9999.0 -9999.0 -9999.0 -9999.0 -9999.0 -9999.0 -9999.0 -9999.0 -9999.0 -9999.0 -9999.0 0.021925 0.044961 0.044823 0.044629 0.021850 0.044815 0.022039 0.045162 0.044996 0.021811 0.045009 0.044908 0.045147 0.021902 0.021847 0.021930 0.044988 0.044983 0.045190 0.021896 0.021983 0.021944 0.021980 -9999.0 -9999.0 -9999.0 -9999.0 -9999.0 -9999.0 -9999.0 -9999.0 -9999.0 -9999.0 -9999.0 -9999.0 -9999.0 -9999.0 -9999.0 -9999.0 -9999.0 -9999.0 -9999.0 -9999.0 -9999.0 -9999.0 -9999.0 -9999.0 -9999.0 -9999.0 -9999.0
-9999.0 -9999.0 -9999.0 -9999.0 -9999.0 -9999.0 -9999.0 -9999.0 -9999.0 -9999.0 -9999.0 -9999.0 -9999.0 0.044670 0.044837 0.044621 0.044702 0.044628 0.021842 0.044753 0.021967 0.022028 0.044970 0.044812 0.044680 0.021887 0.022002 0.021903 0.021912 0.021925 0.045023 0.022024 0.021952 0.022002 0.021900 -9999.0 -9999.0 -9999.0 -9999.0 -9999.0 -9999.0 -9999.0 -9999.0 -9999.0 -9999.0 -9999.0 -9999.0 -9999.0 -9999.0 -9999.0 -9999.0 -9999.0 -9999.0 -9999.0 -9999.0 -9999.0 -9999.0 -9999.0 -9999.0 -9999.0 -9999.0 -9999.0 -9999.0
-9999.0 -9999.0 -9999.0 -9999.0 -9999.0 -9999.0 -9999.0 -9999.0 -9999.0 -9999.0 -9999.0 -9999.0 -9999.0 0.044942 0.044990 0.044754 0.044720 0.044763 0.021872 0.044569 0.044960 0.022041 0.044963 0.044861 0.044661 0.044679 0.021907 0.021913 0.021923 0.021955 0.022038 0.022034 0.021950 0.022007 0.021898 -9999.0 -9999.0 -9999.0 -9999.0 -9999.0 -9999.0 -9999.0 -9999.0 -9999.0 -9999.0 -9999.0 -9999.0 -9999.0 -9999.0 -9999.0 -9999.0 -9999.0 -9999.0 -9999.0 -9999.0 -9999.0 -9999.0 -9999.0 -9999.0 -9999.0 -9999.0 -9999.0 -9999.0
-9999.0 -9999.0 -9999.0 -9999.0 -9999.0 -9999.0 -9999.0 -9999.0 -9999.0 -9999.0 -9999.0 -9999.0 0.021854 0.045073 0.044757 0.044763 0.044842 0.044918 0.044790 0.021723 0.045432 0.045630 0.021831 0.044882 0.045168 0.022098 0.045352 0.021952 0.021951 0.021944 0.021987 0.021923 0.022043 0.022037 -9999.0 -9999.0 -9999.0 -9999.0 -9999.0 -9999.0 -9999.0 -9999.0 -9999.0 -9999.0 -9999.0 -9999.0 -9999.0 -9999.0 -9999.0 -9999.0 -9999.0 -9999.0 -9999.0 -9999.0 -9999.0 -9999.0 -9999.0 -9999.0 -9999.0 -9999.0 -9999.0 -9999.0 -9999.0
-9999.0 -9999.0 -9999.0 -9999.0 -9999.0 -9999.0 -9999.0 -9999.0 -9999.0 -9999.0 -9999.0 0.044593 0.044753 0.044988 0.044758 0.044669 0.021887 0.045208 0.044639 0.021720 0.021918 0.045026 0.021891 0.021949 0.021887 0.021915 0.022038 0.021881 0.045576 0.022157 0.021948 0.022053 0.021906 0.021941 0.021898 0.021901 0.021915 0.021913 0.021943 -9999.0 -9999.0 -9999.0 0.021911 -9999.0 -9999.0 -9999.0 -9999.0 -9999.0 -9999.0 -9999.0 -9999.0 -9999.0 -9999.0 -9999.0 -9999.0 -9999.0 -9999.0 -9999.0 -9999.0 -9999.0 -9999.0 -9999.0 -9999.0
-9999.0 -9999.0 -9999.0 -9999.0 -9999.0 -9999.0 -9999.0 -9999.0 -9999.0 -9999.0 -9999.0 0.045136 0.044730 0.021822 0.044705 0.022007 0.045109 0.045102 0.044962 0.044568 0.044930 0.021960 0.044662 0.044633 0.044811 0.021866 0.021937 0.021919 0.021913 0.022087 0.022015 0.022055 0.022034 0.021851 0.022011 0.021949 0.021980 0.021923 0.022010 0.021918 0.021987 0.022005 0.022043 0.021888 -9999.0 -9999.0 -9999.0 0.045289 0.021960 0.021946 0.021958 0.021983 0.021957 0.045455 0.045174 0.021956 -9999.0 -9999.0 -9999.0 -9999.0 -9999.0 -9999.0 -9999.0
-9999.0 -9999.0 -9999.0 -9999.0 -9999.0 -9999.0 -9999.0 -9999.0 -9999.0 -9999.0 -9999.0 0.044634 0.045082 0.021900 0.044597 0.021943 0.045006 0.044983 0.044594 0.044720 0.044789 0.021907 0.045309 0.044634 0.021899 0.022049 0.044987 0.022076 0.021980 0.021925 0.021947 0.021964 0.021939 0.022006 0.021895 0.021980 0.044780 0.021840 0.022037 0.022073 0.021963 0.022019 0.021990 0.021929 0.021958 -9999.0 0.021897 0.021968 0.021963 0.021975 0.022027 0.022026 0.022035 0.022034 0.021963 0.021931 -9999.0 -9999.0 -9999.0 -9999.0 -9999.0 -9999.0 -9999.0
-9999.0 -9999.0 -9999.0 -9999.0 -9999.0 -9999.0 -9999.0 -9999.0 -9999.0 -9999.0 -9999.0 -9999.0 0.044659 0.044663 0.044826 0.044638 0.044953 0.045059 0.044670 0.044814 0.044773 0.021807 0.021865 0.045077 0.044930 0.045040 0.045178 0.021980 0.021864 0.021895 0.021942 0.044971 0.021890 0.021873 0.021928 0.021911 0.044887 0.044703 0.045635 0.022164 0.044649 0.022045 0.021928 0.045034 0.022003 0.021917 0.021965 0.021933 0.021957 0.044998 0.045256 0.045185 0.044992 0.045096 0.045149 0.044990 0.044707 -9999.0 -9999.0 -9999.0 -9999.0 -9999.0 -9999.0
-9999.0 -9999.0 -9999.0 -9999.0 -9999.0 -9999.0 -9999.0 -9999.0 -9999.0 -9999.0 -9999.0 0.044802 0.044801 0.021880 0.044743 0.044745 0.044696 0.044981 0.044671 0.044668 0.044668 0.044661 0.044983 0.022027 0.044891 0.045001 0.044979 0.021966 0.021953 0.021937 0.045041 0.044690 0.021954 0.021961 0.021987 0.021884 0.021960 0.021923 0.045106 0.021996 0.021942 0.045218 0.044878 0.021945 0.022062 0.022052 0.021894 0.021964 0.022006 0.022086 0.021996 0.021965 0.044924 0.021976 0.021922 0.021968 0.021889 -9999.0 -9999.0 -9999.0 -9999.0 -9999.0 -9999.0
-9999.0 -9999.0 -9999.0 -9999.0 -9999.0 -9999.0 -9999.0 -9999.0 -9999.0 -9999.0 0.044893 0.044671 0.044821 0.044689 0.044831 0.044815 0.044742 0.045527 0.044867 0.044549 0.044572 0.044986 0.021996 0.044937 0.044808 0.045509 0.021960 0.021917 0.021982 0.021988 0.045126 0.044820 0.021994 0.022006 0.022016 0.021953 0.021899 0.044684 0.044910 0.045099 0.021991 0.022013 0.022067 0.044824 0.045468 0.022185 0.021941 0.022050 0.045290 0.046282 0.022123 0.021895 0.021913 0.021918 0.021907 0.021917 0.022010 -9999.0 -9999.0 -9999.0 -9999.0 -9999.0 -9999.0
-9999.0 -9999.0 -9999.0 -9999.0 -9999.0 -9999.0 -9999.0 -9999.0 -9999.0 0.021887 0.044791 0.044652 0.045244 0.045048 0.044638 0.044636 0.045048 0.045115 0.044876 0.044559 0.044715 0.045072 0.021910 0.045073 0.045199 0.022008 0.045402 0.022019 0.021983 0.044886 0.045545 0.022038 0.022073 0.021939 0.021938 0.021925 0.021963 0.044549 0.044903 0.044875 0.044865 0.045155 0.022166 0.045557 0.021943 0.022131 0.022099 0.022060 0.021989 0.045709 0.022162 0.022007 0.021935 0.021940 0.021966 0.021903 0.044830 0.022026 0.022000 -9999.0 -9999.0 -9999.0 -9999.0
-9999.0 -9999.0 -9999.0 -9999.0 -9999.0 -9999.0 -9999.0 -9999.0 -9999.0 0.021908 0.021871 0.022002 0.045724 0.045028 0.044943 0.044795 0.044843 0.045223 0.044802 0.044537 0.044553 0.044984 0.045169 0.044955 0.021971 0.045149 0.045209 0.045217 0.045338 0.045443 0.021950 0.021935 0.021931 0.021943 0.021923 0.022056 0.021950 0.021913 0.021993 0.021950 0.045230 0.021994 0.045363 0.045235 0.045131 0.045684 0.045758 0.021999 0.022086 0.046340 0.022164 0.022160 0.021924 0.021891 0.021946 0.044620 0.021870 0.045420 0.022155 -9999.0 -9999.0 -9999.0 -9999.0
-9999.0 -9999.0 -9999.0 -9999.0 -9999.0 -9999.0 -9999.0 -9999.0 -9999.0 -9999.0 0.021868 0.021951 0.044952 0.045060 0.021882 0.044948 0.044879 0.045117 0.044675 0.044536 0.044723 0.021931 0.044928 0.021904 0.045150 0.045216 0.045097 0.045457 0.021952 0.045298 0.021944 0.045474 0.021926 0.021929 0.021934 0.021941 0.044920 0.045177 0.022025 0.021913 0.022143 0.045120 0.045573 0.021975 0.021978 0.044871 0.021920 0.045197 0.022227 0.022123 0.022026 0.022014 0.022024 0.021871 0.044691 0.021954 0.045514 0.022240 0.022113 0.045456 -9999.0 -9999.0 -9999.0
-9999.0 -9999.0 -9999.0 -9999.0 -9999.0 -9999.0 -9999.0 -9999.0 -9999.0 -9999.0 0.021882 0.021885 0.044985 0.044999 0.045154 0.044908 0.045132 0.045052 0.044669 0.044919 0.045102 0.045238 0.045434 0.045155 0.044981 0.045103 0.045129 0.045158 0.045233 0.022118 0.021938 0.044897 0.021909 0.021955 0.021967 0.045437 0.045099 0.044757 0.021958 0.021933 0.021917 0.021892 0.044993 0.021971 0.044904 0.021914 0.045040 0.022032 0.021913 0.021936 0.022067 0.022026 0.045068 0.021929 0.021989 0.022067 0.022122 0.022203 0.045628 0.045129 -9999.0 -9999.0 -9999.0
-9999.0 -9999.0 -9999.0 -9999.0 -9999.0 -9999.0 -9999.0 -9999.0 0.044980 0.021982 0.022017 0.045021 0.044812 0.044636 0.044982 0.045010 0.045099 0.044952 0.044692 0.044544 0.044828 0.045070 0.045143 0.045225 0.044971 0.045118 0.044889 0.045274 0.044817 0.021895 0.021987 0.021941 0.021859 0.021906 0.021901 0.022183 0.021952 0.045385 0.022037 0.021993 0.021904 0.045095 0.021904 0.022013 0.022019 0.045317 0.022014 0.045225 0.022085 0.045522 0.044982 0.021965 0.045118 0.021907 0.022101 0.022131 0.022020 0.045613 0.022148 0.045225 -9999.0 -9999.0 -9999.0
-9999.0 -9999.0 -9999.0 -9999.0 -9999.0 -9999.0 -9999.0 -9999.0 0.021924 0.044776 0.021899 0.021936 0.022004 0.045502 0.044908 0.044930 0.044589 0.044929 0.021848 0.044551 0.044586 0.044811 0.045018 0.045197 0.044949 0.044907 0.044970 0.045183 0.021931 0.021877 0.021876 0.021990 0.021864 0.021896 0.044566 0.044962 0.021949 0.045117 0.021953 0.021928 0.021864 0.022066 0.021891 0.021939 0.045076 0.044759 0.021924 0.021991 0.022142 0.045078 0.045649 0.045391 0.044958 0.022024 0.022250 0.022152 0.022189 0.022120 0.022099 0.044708 0.044499 -9999.0 -9999.0
-9999.0 -9999.0 -9999.0 -9999.0 -9999.0 -9999.0 -9999.0 -9999.0 0.022023 0.021977 0.021925 0.021901 0.044788 0.021922 0.044869 0.022039 0.045839 0.045074 0.044749 0.044541 0.044519 0.044536 0.044730 0.044861 0.044890 0.044849 0.045115 0.045220 0.022049 0.021922 0.021991 0.045019 0.044943 0.021959 0.044652 0.021983 0.021863 0.022009 0.021955 0.021888 0.021859 0.021880 0.044665 0.044784 0.044690 0.044658 0.021965 0.044782 0.045470 0.022236 0.046246 0.045555 0.022095 0.022209 0.022143 0.045181 0.045588 0.045387 0.044744 0.044495 0.044628 -9999.0 -9999.0
-9999.0 -9999.0 -9999.0 -9999.0 -9999.0 -9999.0 -9999.0 -9999.0 0.022057 0.021998 0.045431 0.022088 0.044794 0.045047 0.021977 0.045519 0.021954 0.045202 0.045710 0.044683 0.044548 0.044496 0.044520 0.044735 0.044962 0.044987 0.045014 0.021932 0.045193 0.022006 0.021894 0.021869 0.022042 0.045412 0.021901 0.022025 0.022055 0.045591 0.022028 0.021961 0.021993 0.021939 0.021938 0.022075 0.044803 0.021945 0.021955 0.021967 0.022206 0.022198 0.045970 0.045816 0.045470 0.046030 0.045264 0.044981 0.044769 0.044602 0.044500 0.044579 0.045091 0.045138 -9999.0
-9999.0 -9999.0 -9999.0 -9999.0 -9999.0 -9999.0 -9999.0 -9999.0 0.045684 0.045281 0.045156 0.022013 0.021956 0.045021 0.045071 0.044827 0.045689 0.045577 0.045662 0.045074 0.044876 0.044546 0.044494 0.044649 0.045151 0.045396 0.045584 0.044876 0.045266 0.045077 0.021943 0.044875 0.021985 0.044901 0.021987 0.021951 0.022013 0.045244 0.021937 0.045075 0.022050 0.022036 0.022058 0.022045 0.022018 0.021983 0.022070 0.022055 0.022254 0.022143 0.021910 0.045087 0.044746 0.044997 0.044629 0.044551 0.044511 0.044499 0.044629 0.044915 0.045133 0.044947 -9999.0
-9999.0 -9999.0 0.021887 0.044575 0.044523 0.044725 0.044668 0.044774 0.044862 0.044817 0.045074 0.045141 0.044671 0.044790 0.044929 0.046143 0.022149 0.045369 0.045224 0.045168 0.045139 0.044707 0.044496 0.044559 0.044952 0.045155 0.045377 0.045102 0.045239 0.044873 0.045171 0.044917 0.045352 0.045210 0.045291 0.045479 0.045319 0.044795 0.021926 0.022038 0.022006 0.022014 0.021966 0.044955 0.022062 0.022047 0.045412 0.045230 0.022162 0.045314 0.044796 0.044625 0.044623 0.044577 0.044506 0.044543 0.044696 0.044846 0.045008 0.045118 0.045096 0.044703 -9999.0
-9999.0 0.044730 0.044800 0.044725 0.044977 0.044749 0.044625 0.044650 0.044539 0.021888 0.044990 0.045068 0.044801 0.044541 0.045286 0.022102 0.045155 0.044806 0.045109 0.045121 0.044866 0.044680 0.044508 0.044494 0.044613 0.044946 0.045223 0.045154 0.044971 0.045051 0.045364 0.045142 0.044685 0.044932 0.044900 0.045175 0.044946 0.044868 0.045084 0.045536 0.045495 0.045264 0.045058 0.045029 0.045592 0.045638 0.045306 0.045279 0.044865 0.044572 0.044598 0.044640 0.044695 0.044575 0.044704 0.045073 0.045034 0.045190 0.045082 0.045172 0.044796 0.044640 -9999.0
-9999.0 0.044777 0.044591 0.044731 0.044905 0.045002 0.045287 0.045164 0.044875 0.021984 0.045151 0.045408 0.044839 0.044945 0.022025 0.045143 0.021860 0.045186 0.045235 0.044795 0.045160 0.044801 0.044571 0.044493 0.044494 0.044548 0.044634 0.044622 0.044544 0.044692 0.044805 0.044920 0.044692 0.044576 0.044625 0.044644 0.044598 0.044928 0.044643 0.044798 0.044806 0.044688 0.044725 0.045031 0.045124 0.044933 0.045204 0.044768 0.044780 0.044648 0.044973 0.045178 0.045110 0.044802 0.045160 0.045426 0.045063 0.045087 0.045074 0.044763 0.044707 -9999.0 -9999.0
-9999.0 0.021961 0.045101 0.044835 0.044948 0.044626 0.044965 0.045101 0.044949 0.044828 0.045137 0.045151 0.044868 0.044970 0.045177 0.044907 0.044771 0.044824 0.044772 0.045067 0.044786 0.045209 0.044870 0.044526 0.044494 0.044496 0.044496 0.044498 0.044500 0.044522 0.044549 0.044621 0.044581 0.044517 0.044523 0.044638 0.044712 0.044591 0.044723 0.044534 0.044503 0.044496 0.044509 0.044554 0.044520 0.044533 0.044547 0.044877 0.045066 0.045058 0.045316 0.045199 0.044876 0.045139 0.045291 0.044995 0.045146 0.045043 0.044749 -9999.0 -9999.0 -9999.0 -9999.0
