tests/3D/Mazia/output-maps-SE27XX/TL0002N0001.asc
ncols         63
nrows         48
xllcorner     598000.000000
yllcorner     5145000.000000
cellsize      1000.000000
NODATA_value  -9999.0
[rows 0 to 28 of 48, columns 0 to 62 of 63]
-9999.0 -9999.0 -9999.0 -9999.0 -9999.0 -9999.0 -9999.0 -9999.0 -9999.0 -9999.0 -9999.0 -9999.0 -9999.0 -9999.0 -9999.0 -9999.0 -9999.0 -9999.0 -9999.0 -9999.0 -9999.0 -9999.0 -9999.0 -9999.0 -9999.0 -9999.0 -9999.0 -9999.0 -9999.0 -9999.0 -9999.0 -9999.0 -9999.0 -9999.0 -9999.0 -9999.0 -9999.0 -9999.0 -9999.0 -9999.0 -9999.0 -9999.0 -9999.0 -9999.0 -9999.0 -9999.0 -9999.0 -9999.0 -9999.0 -9999.0 -9999.0 -9999.0 -9999.0 -9999.0 -9999.0 -9999.0 -9999.0 -9999.0 -9999.0 -9999.0 -9999.0 -9999.0 -9999.0
-9999.0 -9999.0 -9999.0 -9999.0 -9999.0 -9999.0 -9999.0 -9999.0 -9999.0 -9999.0 -9999.0 -9999.0 -9999.0 -9999.0 -9999.0 -9999.0 -9999.0 -9999.0 -9999.0 -9999.0 -9999.0 -9999.0 -9999.0 -9999.0 -9999.0 -9999.0 -9999.0 5.578592 6.539887 5.712548 6.321270 5.990251 6.148132 -9999.0 -9999.0 -9999.0 -9999.0 -9999.0 -9999.0 -9999.0 -9999.0 -9999.0 -9999.0 -9999.0 -9999.0 -9999.0 -9999.0 -9999.0 -9999.0 -9999.0 -9999.0 -9999.0 -9999.0 -9999.0 -9999.0 -9999.0 -9999.0 -9999.0 -9999.0 -9999.0 -9999.0 -9999.0 -9999.0
-9999.0 -9999.0 -9999.0 -9999.0 -9999.0 -9999.0 -9999.0 -9999.0 -9999.0 -9999.0 -9999.0 -9999.0 -9999.0 -9999.0 -9999.0 -9999.0 -9999.0 -9999.0 -9999.0 -9999.0 -9999.0 -9999.0 -9999.0 -9999.0 6.664397 6.784871 6.909401 6.721035 6.906779 6.814873 6.220995 -9999.0 -9999.0 -9999.0 -9999.0 -9999.0 -9999.0 -9999.0 -9999.0 -9999.0 -9999.0 -9999.0 -9999.0 -9999.0 -9999.0 -9999.0 -9999.0 -9999.0 -9999.0 -9999.0 -9999.0 -9999.0 -9999.0 -9999.0 -9999.0 -9999.0 -9999.0 -9999.0 -9999.0 -9999.0 -9999.0 -9999.0 -9999.0
-9999.0 -9999.0 -9999.0 -9999.0 -9999.0 -9999.0 -9999.0 -9999.0 -9999.0 -9999.0 -9999.0 -9999.0 -9999.0 -9999.0 -9999.0 -9999.0 -9999.0 -9999.0 -9999.0 -9999.0 -9999.0 -9999.0 -9999.0 6.752808 7.032426 4.219457 4.377044 4.337950 4.183486 6.817204 6.341271 6.102641 -9999.0 -9999.0 -9999.0 -9999.0 -9999.0 -9999.0 -9999.0 -9999.0 -9999.0 -9999.0 -9999.0 -9999.0 -9999.0 -9999.0 -9999.0 -9999.0 -9999.0 -9999.0 -9999.0 -9999.0 -9999.0 -9999.0 -9999.0 -9999.0 -9999.0 -9999.0 -9999.0 -9999.0 -9999.0 -9999.0 -9999.0
-9999.0 -9999.0 -9999.0 -9999.0 -9999.0 -9999.0 -9999.0 -9999.0 -9999.0 -9999.0 -9999.0 -9999.0 -9999.0 -9999.0 -9999.0 -9999.0 -9999.0 -9999.0 7.573616 6.773467 -9999.0 6.751981 6.959465 4.251214 4.445321 4.586846 5.979580 5.976087 4.523831 4.197989 6.743489 6.317043 5.341980 5.009034 -9999.0 -9999.0 -9999.0 -9999.0 -9999.0 -9999.0 -9999.0 -9999.0 -9999.0 -9999.0 -9999.0 -9999.0 -9999.0 -9999.0 -9999.0 -9999.0 -9999.0 -9999.0 -9999.0 -9999.0 -9999.0 -9999.0 -9999.0 -9999.0 -9999.0 -9999.0 -9999.0 -9999.0 -9999.0
-9999.0 -9999.0 -9999.0 -9999.0 -9999.0 -9999.0 -9999.0 -9999.0 -9999.0 -9999.0 -9999.0 -9999.0 -9999.0 -9999.0 -9999.0 -9999.0 -9999.0 5.188638 4.531685 4.103962 5.883907 4.239301 4.330928 4.543803 6.217225 3.983390 3.541188 4.106286 3.634556 4.336181 7.155220 6.750354 5.742911 5.478755 5.228963 4.989724 -9999.0 -9999.0 -9999.0 -9999.0 -9999.0 -9999.0 -9999.0 -9999.0 -9999.0 -9999.0 -9999.0 -9999.0 -9999.0 -9999.0 -9999.0 -9999.0 -9999.0 -9999.0 -9999.0 -9999.0 -9999.0 -9999.0 -9999.0 -9999.0 -9999.0 -9999.0 -9999.0
-9999.0 -9999.0 -9999.0 -9999.0 -9999.0 -9999.0 -9999.0 -9999.0 -9999.0 -9999.0 -9999.0 -9999.0 -9999.0 6.725099 4.363039 4.379798 4.706892 6.878472 5.101548 4.585729 4.630252 4.495143 4.641125 6.314643 3.982772 6.825795 3.709175 3.954086 3.859755 3.997627 4.127999 6.653046 6.353991 6.042737 5.223320 4.922614 -9999.0 -9999.0 -9999.0 -9999.0 -9999.0 -9999.0 -9999.0 -9999.0 -9999.0 -9999.0 -9999.0 -9999.0 -9999.0 -9999.0 -9999.0 -9999.0 -9999.0 -9999.0 -9999.0 -9999.0 -9999.0 -9999.0 -9999.0 -9999.0 -9999.0 -9999.0 -9999.0
-9999.0 -9999.0 -9999.0 -9999.0 -9999.0 -9999.0 -9999.0 -9999.0 -9999.0 -9999.0 -9999.0 -9999.0 -9999.0 6.886498 4.502569 4.293932 4.314210 8.213770 6.924214 4.846514 4.764602 6.123809 4.542367 4.282728 4.494363 4.244696 6.568194 5.577434 5.358951 3.685687 3.814895 6.038838 5.162922 4.902751 5.019805 -9999.0 -9999.0 -9999.0 -9999.0 -9999.0 -9999.0 -9999.0 -9999.0 -9999.0 -9999.0 -9999.0 -9999.0 -9999.0 -9999.0 -9999.0 -9999.0 -9999.0 -9999.0 -9999.0 -9999.0 -9999.0 -9999.0 -9999.0 -9999.0 -9999.0 -9999.0 -9999.0 -9999.0
-9999.0 -9999.0 -9999.0 -9999.0 -9999.0 -9999.0 -9999.0 -9999.0 -9999.0 -9999.0 -9999.0 -9999.0 -9999.0 4.288164 6.033168 4.507163 4.014905 4.570639 6.917919 5.153025 7.752500 4.092963 3.944341 3.588539 4.325916 4.172254 5.824933 5.359009 6.299369 5.181115 6.028337 4.892551 4.856596 4.548774 4.792623 -9999.0 -9999.0 -9999.0 -9999.0 -9999.0 -9999.0 -9999.0 -9999.0 -9999.0 -9999.0 -9999.0 -9999.0 -9999.0 -9999.0 -9999.0 -9999.0 -9999.0 -9999.0 -9999.0 -9999.0 -9999.0 -9999.0 -9999.0 -9999.0 -9999.0 -9999.0 -9999.0 -9999.0
-9999.0 -9999.0 -9999.0 -9999.0 -9999.0 -9999.0 -9999.0 -9999.0 -9999.0 -9999.0 -9999.0 -9999.0 4.129545 5.979933 4.439327 4.219339 3.626341 4.386300 8.271741 4.659328 4.518413 4.076814 4.213637 4.042552 4.337455 6.399451 3.928704 6.348793 6.610279 5.299015 5.573598 5.354809 5.953407 4.815785 -9999.0 -9999.0 -9999.0 -9999.0 -9999.0 -9999.0 -9999.0 -9999.0 -9999.0 -9999.0 -9999.0 -9999.0 -9999.0 -9999.0 -9999.0 -9999.0 -9999.0 -9999.0 -9999.0 -9999.0 -9999.0 -9999.0 -9999.0 -9999.0 -9999.0 -9999.0 -9999.0 -9999.0 -9999.0
-9999.0 -9999.0 -9999.0 -9999.0 -9999.0 -9999.0 -9999.0 -9999.0 -9999.0 -9999.0 -9999.0 6.658762 4.262658 4.352015 4.008827 6.558787 3.872444 4.176869 8.276507 4.687809 4.256026 4.491466 6.905373 6.531052 4.244965 6.688874 6.126860 6.594069 6.636094 5.047331 5.302923 6.494892 5.393530 5.108329 5.193431 5.339212 5.930678 6.075432 6.095664 -9999.0 -9999.0 -9999.0 4.992556 -9999.0 -9999.0 -9999.0 -9999.0 -9999.0 -9999.0 -9999.0 -9999.0 -9999.0 -9999.0 -9999.0 -9999.0 -9999.0 -9999.0 -9999.0 -9999.0 -9999.0 -9999.0 -9999.0 -9999.0
-9999.0 -9999.0 -9999.0 -9999.0 -9999.0 -9999.0 -9999.0 -9999.0 -9999.0 -9999.0 -9999.0 6.570463 4.077860 4.263058 3.996814 6.148362 4.101662 4.247806 8.216803 6.705271 7.925396 7.333506 6.940640 3.824062 4.023338 6.603077 6.579812 6.840733 5.652887 5.213706 6.439325 6.718345 6.167963 5.864481 5.589618 6.074711 6.467633 6.400900 6.053117 5.015274 5.096964 4.941225 5.989385 5.270559 -9999.0 -9999.0 -9999.0 5.404415 5.793976 5.325474 6.116684 5.204626 5.194731 5.791598 5.886324 5.129211 -9999.0 -9999.0 -9999.0 -9999.0 -9999.0 -9999.0 -9999.0
-9999.0 -9999.0 -9999.0 -9999.0 -9999.0 -9999.0 -9999.0 -9999.0 -9999.0 -9999.0 -9999.0 6.608811 6.358655 4.045706 6.612881 6.494369 4.075784 4.242414 6.684898 6.751326 4.612345 4.390160 4.074167 6.842387 6.540823 5.693399 4.051439 4.053400 5.549041 6.090174 5.403605 3.885276 6.629999 5.946201 5.274460 6.383812 3.777235 3.825524 6.479052 5.240134 6.115180 5.854421 6.364360 6.277307 5.850253 -9999.0 4.859680 5.925925 6.343967 6.688141 6.738213 5.809725 6.599321 6.518829 6.432011 6.323059 -9999.0 -9999.0 -9999.0 -9999.0 -9999.0 -9999.0 -9999.0
-9999.0 -9999.0 -9999.0 -9999.0 -9999.0 -9999.0 -9999.0 -9999.0 -9999.0 -9999.0 -9999.0 -9999.0 6.550904 3.902215 6.620826 6.561813 3.301195 4.119589 8.356820 6.826009 4.620208 4.550408 4.431483 4.239236 3.903110 4.149207 7.511648 6.697626 6.538756 5.531934 6.521383 3.982640 6.641088 6.180752 5.843504 6.158869 3.637949 3.892055 6.955752 6.280847 6.580127 5.703702 3.932249 6.734376 5.363875 5.892837 5.215859 6.017173 3.672612 3.715406 3.787319 3.675719 3.728737 3.625510 3.700601 6.390965 6.382823 -9999.0 -9999.0 -9999.0 -9999.0 -9999.0 -9999.0
-9999.0 -9999.0 -9999.0 -9999.0 -9999.0 -9999.0 -9999.0 -9999.0 -9999.0 -9999.0 -9999.0 3.798231 6.235470 6.573104 4.053795 4.076206 4.300480 4.175459 8.294186 5.261343 4.825427 4.483969 4.534618 4.180087 4.232027 4.456504 4.263630 6.498534 6.620947 5.815762 3.985209 4.168645 7.005458 6.203092 5.604387 6.097954 6.016089 3.802526 4.102395 7.042109 4.027304 4.282187 4.327106 3.895665 6.884641 6.235023 6.548412 5.712099 5.843492 3.827504 3.670045 6.344255 3.615003 3.433298 3.339137 5.186004 5.520054 -9999.0 -9999.0 -9999.0 -9999.0 -9999.0 -9999.0
-9999.0 -9999.0 -9999.0 -9999.0 -9999.0 -9999.0 -9999.0 -9999.0 -9999.0 -9999.0 6.997756 4.064603 6.694142 6.618933 6.905928 4.357289 4.371938 3.784677 4.952261 5.299984 6.799295 6.495692 3.781878 7.578111 4.593763 4.519832 4.156364 3.730199 7.068607 7.231575 4.415471 4.294298 6.736604 6.128047 4.949310 5.290371 6.506127 3.830851 3.513331 4.379790 4.478830 4.167633 6.393727 4.398351 3.748071 5.644777 6.611524 4.086932 3.847553 3.883889 3.538513 5.339034 3.277078 5.088408 5.184741 6.585936 6.646198 -9999.0 -9999.0 -9999.0 -9999.0 -9999.0 -9999.0
-9999.0 -9999.0 -9999.0 -9999.0 -9999.0 -9999.0 -9999.0 -9999.0 -9999.0 6.420577 6.780957 4.164657 4.274830 3.980070 4.248608 4.267532 4.140238 7.511895 5.131260 5.486934 6.990852 4.492164 4.520295 4.910947 4.767975 3.843406 4.169835 7.442382 4.520791 4.638971 4.649152 3.455399 5.451130 5.104905 5.213816 5.352531 6.408091 3.765274 3.822205 4.045132 3.917526 3.453370 3.396050 4.560078 4.409420 3.787652 7.403205 3.964381 3.996749 4.497216 3.953290 5.498310 5.020505 5.087641 5.348877 3.742245 3.886193 5.687865 5.501076 -9999.0 -9999.0 -9999.0 -9999.0
-9999.0 -9999.0 -9999.0 -9999.0 -9999.0 -9999.0 -9999.0 -9999.0 -9999.0 6.459431 6.427960 6.739359 7.582112 4.444239 4.258345 4.116650 7.281191 4.697842 5.454964 7.215099 7.148482 7.035613 6.636453 6.448599 3.969931 4.439979 4.595951 4.769946 5.024031 6.297819 6.201240 3.403891 6.618218 6.255278 6.434369 5.517306 5.570268 5.729799 6.213642 6.621556 3.877382 3.698864 3.932662 4.462102 4.881347 4.794348 4.747670 4.578444 4.463615 4.506709 3.140179 3.387119 5.195938 6.016409 5.423452 3.619014 3.937513 4.107032 5.872412 -9999.0 -9999.0 -9999.0 -9999.0
-9999.0 -9999.0 -9999.0 -9999.0 -9999.0 -9999.0 -9999.0 -9999.0 -9999.0 -9999.0 6.403484 6.883575 4.390023 4.503545 4.598913 4.395913 4.530965 4.972617 5.844847 5.574155 7.072166 5.089507 4.195363 4.054602 4.472275 5.012489 5.305521 5.386807 6.481254 3.888150 3.617066 4.226824 3.634352 6.307843 6.775006 6.998379 6.928310 6.929354 5.540317 6.213096 5.983068 6.791543 7.208847 4.035203 4.067036 4.194335 4.635072 6.392320 4.961574 4.608468 3.610401 3.874351 5.441527 5.338015 6.017900 6.430966 6.847105 4.499621 4.601835 4.576051 -9999.0 -9999.0 -9999.0
-9999.0 -9999.0 -9999.0 -9999.0 -9999.0 -9999.0 -9999.0 -9999.0 -9999.0 -9999.0 6.432312 6.687436 6.934616 4.569680 6.590682 4.495806 4.394085 5.144545 5.938630 5.514400 5.201994 4.553728 3.967556 4.408416 4.880257 5.608110 5.680302 5.542512 4.293173 4.024184 6.758573 7.068056 3.736931 6.206325 6.423160 6.841736 4.261744 4.141677 3.741379 6.146571 6.406859 5.897752 3.870155 6.581049 6.901908 3.418966 3.887127 4.346957 5.342316 5.061354 4.663484 4.072339 3.823328 5.599668 5.318637 5.443670 6.363327 4.313895 5.609793 5.198302 -9999.0 -9999.0 -9999.0
-9999.0 -9999.0 -9999.0 -9999.0 -9999.0 -9999.0 -9999.0 -9999.0 6.955860 6.697017 6.403146 6.805658 4.300538 4.410270 4.182159 5.142676 5.290396 7.161138 5.545983 5.542602 5.668020 5.128745 4.694176 4.170952 5.041344 7.055652 7.586732 4.923758 4.467936 4.085975 5.459586 6.709384 6.705024 6.342191 6.656284 6.326118 7.172923 4.286219 2.807109 5.469207 5.557042 6.633370 3.575499 5.404489 5.882140 7.234418 3.143502 3.801245 4.556130 5.135556 4.839250 4.296540 4.057468 3.645185 5.545718 6.897486 5.918451 7.618782 4.918357 6.312295 -9999.0 -9999.0 -9999.0
-9999.0 -9999.0 -9999.0 -9999.0 -9999.0 -9999.0 -9999.0 -9999.0 3.962135 4.253546 3.954940 6.452921 6.737631 4.481655 3.884402 4.619004 5.042240 5.183303 6.012085 5.658694 9.223113 7.218330 6.750636 6.716753 5.355288 6.613342 5.993907 5.004529 3.956326 6.936180 6.650216 5.826483 6.922528 5.730716 6.883291 6.948690 7.616765 4.522930 3.982355 6.730825 6.347873 5.775837 5.529072 6.809056 7.269719 3.960959 3.637331 6.779307 4.283348 5.335618 5.218260 4.625249 3.669860 7.015461 7.348105 4.130961 4.515688 4.751786 5.219776 5.635158 5.725703 -9999.0 -9999.0
-9999.0 -9999.0 -9999.0 -9999.0 -9999.0 -9999.0 -9999.0 -9999.0 6.603820 7.171432 5.859606 3.869754 7.155445 3.911878 4.451024 3.976696 4.671438 5.292044 6.069206 9.311922 5.702522 7.450743 7.293901 5.375289 7.250076 5.789420 5.354516 4.239093 3.892660 7.120129 5.921601 7.326318 4.050780 4.039786 7.186018 7.621541 4.362903 4.758054 3.806802 3.916278 6.677698 5.650612 6.749884 6.907726 3.827065 6.820549 5.685685 6.847991 3.969076 4.710687 6.147500 5.018692 4.272548 4.071818 4.768384 4.944432 5.160229 5.321383 5.607106 5.689808 5.683876 -9999.0 -9999.0
-9999.0 -9999.0 -9999.0 -9999.0 -9999.0 -9999.0 -9999.0 -9999.0 5.419705 6.953750 4.403343 3.830713 7.217010 4.363336 4.322601 4.894547 5.868414 6.188662 7.157863 6.168605 5.660756 5.719923 7.577568 7.401514 5.437046 4.967051 4.505003 3.795470 7.488328 4.473715 4.359020 4.432663 4.543463 4.531633 4.256618 7.357477 7.701245 5.160433 4.243769 4.160972 6.855170 6.967671 7.010405 5.952367 6.772386 5.825490 7.003780 6.056651 7.044628 4.377137 5.246806 6.243119 5.132690 4.928602 5.265673 5.439694 5.627917 6.922940 6.913162 5.653024 5.389038 5.378210 -9999.0
-9999.0 -9999.0 -9999.0 -9999.0 -9999.0 -9999.0 -9999.0 -9999.0 6.300797 6.909779 4.479492 3.977254 4.424825 4.668532 6.785627 5.429579 6.920236 5.545812 4.954965 5.389961 5.932875 5.713661 5.710131 5.607549 6.996053 4.679583 3.925885 4.699051 4.931324 4.937550 4.157950 4.714465 5.136139 4.820564 4.552414 4.661127 4.849223 5.881799 5.651847 4.727466 4.436536 4.370387 4.453669 4.326837 3.974446 7.293750 4.278793 4.504583 4.444974 4.866640 5.236437 6.065148 6.448152 5.550986 5.643213 5.730223 5.717743 5.702283 5.648594 5.426976 5.768955 4.987560 -9999.0
-9999.0 -9999.0 6.866461 7.048701 4.191786 4.189544 4.244431 4.088759 6.801773 6.835642 4.358285 4.786285 4.918710 5.221461 7.139744 5.291658 4.855266 3.979004 4.421643 4.884350 5.480029 6.355289 5.752812 6.393309 5.421313 5.211559 4.857030 4.966141 5.617290 6.953126 4.501380 4.708603 7.043925 5.415219 5.290442 5.487504 5.348962 6.435660 6.063372 5.291334 5.046314 5.112364 5.284541 4.904239 4.278994 4.523002 4.904975 5.166484 5.260743 5.530049 5.593506 5.685000 5.723862 5.725751 5.668446 9.638082 5.641981 5.537126 5.311106 5.714027 6.535954 4.463792 -9999.0
-9999.0 4.284232 4.271199 4.234098 4.196466 4.334947 4.239515 3.987973 3.844507 6.704452 4.206840 4.360185 5.374043 7.082411 6.850071 4.697417 4.390130 4.293470 4.413236 4.943169 5.676633 6.319422 7.721602 6.614681 7.672106 5.572654 7.326569 7.367393 5.715414 5.522074 5.414358 5.388073 5.616867 7.611072 5.604708 5.694445 5.864073 7.293188 5.881034 5.631851 5.517127 5.543394 5.736376 5.543376 5.224517 5.461470 5.585280 6.635635 5.978542 7.035512 5.683069 5.639200 5.619714 5.559831 5.557001 5.416739 5.850961 5.677174 5.000632 6.361364 4.369065 4.180010 -9999.0
-9999.0 7.502836 4.563926 4.581929 6.289049 4.552075 3.449825 3.918248 6.788865 6.725697 4.191755 4.247493 5.387652 6.938152 4.931463 3.895111 4.198590 4.273568 4.727495 5.194352 7.094509 6.182970 6.737912 5.949111 9.665651 9.641133 6.705465 5.885308 5.871346 6.726377 6.691533 6.592504 5.938685 5.872729 8.020539 6.031242 10.587455 10.870585 6.247453 6.082129 6.070536 6.023549 5.909242 6.854489 6.914510 6.977451 6.065091 6.120235 6.061915 5.715240 5.474348 6.022568 5.857936 6.235924 5.934654 5.230381 5.232946 4.821467 4.552480 3.954842 3.790430 -9999.0 -9999.0
-9999.0 7.021481 4.498662 4.615018 4.799847 6.441293 6.312516 3.752035 4.196606 4.206959 4.416260 4.959341 5.296376 6.704805 4.237158 3.627156 4.114593 4.326919 4.086045 5.094594 5.110154 5.551779 6.468883 9.755624 9.713596 5.906666 5.896712 5.874914 5.886108 6.008709 6.019138 6.073316 6.109672 6.024433 6.004178 6.064179 6.134044 10.665657 6.229415 6.243048 6.164394 10.298031 6.089216 6.270003 6.204771 6.154288 6.039434 5.927546 5.723785 6.278414 5.660251 6.558870 5.191987 4.983945 5.005161 4.525986 4.314122 3.924217 3.681457 -9999.0 -9999.0 -9999.0 -9999.0
