tests/3D/Mazia/output-maps-SE27XX/TL0003N0003.asc
ncols         63
nrows         48
xllcorner     598000.000000
yllcorner     5145000.000000
cellsize      1000.000000
NODATA_value  -9999.0
[rows 0 to 28 of 48, columns 0 to 62 of 63]
-9999.0 -9999.0 -9999.0 -9999.0 -9999.0 -9999.0 -9999.0 -9999.0 -9999.0 -9999.0 -9999.0 -9999.0 -9999.0 -9999.0 -9999.0 -9999.0 -9999.0 -9999.0 -9999.0 -9999.0 -9999.0 -9999.0 -9999.0 -9999.0 -9999.0 -9999.0 -9999.0 -9999.0 -9999.0 -9999.0 -9999.0 -9999.0 -9999.0 -9999.0 -9999.0 -9999.0 -9999.0 -9999.0 -9999.0 -9999.0 -9999.0 -9999.0 -9999.0 -9999.0 -9999.0 -9999.0 -9999.0 -9999.0 -9999.0 -9999.0 -9999.0 -9999.0 -9999.0 -9999.0 -9999.0 -9999.0 -9999.0 -9999.0 -9999.0 -9999.0 -9999.0 -9999.0 -9999.0
-9999.0 -9999.0 -9999.0 -9999.0 -9999.0 -9999.0 -9999.0 -9999.0 -9999.0 -9999.0 -9999.0 -9999.0 -9999.0 -9999.0 -9999.0 -9999.0 -9999.0 -9999.0 -9999.0 -9999.0 -9999.0 -9999.0 -9999.0 -9999.0 -9999.0 -9999.0 -9999.0 3.376543 3.776039 3.583647 3.642577 3.438445 3.623220 -9999.0 -9999.0 -9999.0 -9999.0 -9999.0 -9999.0 -9999.0 -9999.0 -9999.0 -9999.0 -9999.0 -9999.0 -9999.0 -9999.0 -9999.0 -9999.0 -9999.0 -9999.0 -9999.0 -9999.0 -9999.0 -9999.0 -9999.0 -9999.0 -9999.0 -9999.0 -9999.0 -9999.0 -9999.0 -9999.0
-9999.0 -9999.0 -9999.0 -9999.0 -9999.0 -9999.0 -9999.0 -9999.0 -9999.0 -9999.0 -9999.0 -9999.0 -9999.0 -9999.0 -9999.0 -9999.0 -9999.0 -9999.0 -9999.0 -9999.0 -9999.0 -9999.0 -9999.0 -9999.0 4.008173 4.085714 2.641728 3.955708 2.650043 4.181373 3.558940 -9999.0 -9999.0 -9999.0 -9999.0 -9999.0 -9999.0 -9999.0 -9999.0 -9999.0 -9999.0 -9999.0 -9999.0 -9999.0 -9999.0 -9999.0 -9999.0 -9999.0 -9999.0 -9999.0 -9999.0 -9999.0 -9999.0 -9999.0 -9999.0 -9999.0 -9999.0 -9999.0 -9999.0 -9999.0 -9999.0 -9999.0 -9999.0
-9999.0 -9999.0 -9999.0 -9999.0 -9999.0 -9999.0 -9999.0 -9999.0 -9999.0 -9999.0 -9999.0 -9999.0 -9999.0 -9999.0 -9999.0 -9999.0 -9999.0 -9999.0 -9999.0 -9999.0 -9999.0 -9999.0 -9999.0 4.193994 3.411564 3.041364 2.686949 2.700951 2.624954 4.161075 3.593687 3.468173 -9999.0 -9999.0 -9999.0 -9999.0 -9999.0 -9999.0 -9999.0 -9999.0 -9999.0 -9999.0 -9999.0 -9999.0 -9999.0 -9999.0 -9999.0 -9999.0 -9999.0 -9999.0 -9999.0 -9999.0 -9999.0 -9999.0 -9999.0 -9999.0 -9999.0 -9999.0 -9999.0 -9999.0 -9999.0 -9999.0 -9999.0
-9999.0 -9999.0 -9999.0 -9999.0 -9999.0 -9999.0 -9999.0 -9999.0 -9999.0 -9999.0 -9999.0 -9999.0 -9999.0 -9999.0 -9999.0 -9999.0 -9999.0 -9999.0 5.145374 3.523949 -9999.0 3.107831 3.533389 3.100592 2.856286 4.991710 5.811480 5.676790 4.590101 2.957365 4.022059 3.629345 3.228024 2.902953 -9999.0 -9999.0 -9999.0 -9999.0 -9999.0 -9999.0 -9999.0 -9999.0 -9999.0 -9999.0 -9999.0 -9999.0 -9999.0 -9999.0 -9999.0 -9999.0 -9999.0 -9999.0 -9999.0 -9999.0 -9999.0 -9999.0 -9999.0 -9999.0 -9999.0 -9999.0 -9999.0 -9999.0 -9999.0
-9999.0 -9999.0 -9999.0 -9999.0 -9999.0 -9999.0 -9999.0 -9999.0 -9999.0 -9999.0 -9999.0 -9999.0 -9999.0 -9999.0 -9999.0 -9999.0 -9999.0 5.716625 4.705964 3.967319 3.617790 3.088931 3.179456 4.491984 5.979084 3.626461 2.033724 2.961851 2.101332 4.196433 3.971402 4.120883 3.159299 3.501261 3.171996 2.968508 -9999.0 -9999.0 -9999.0 -9999.0 -9999.0 -9999.0 -9999.0 -9999.0 -9999.0 -9999.0 -9999.0 -9999.0 -9999.0 -9999.0 -9999.0 -9999.0 -9999.0 -9999.0 -9999.0 -9999.0 -9999.0 -9999.0 -9999.0 -9999.0 -9999.0 -9999.0 -9999.0
-9999.0 -9999.0 -9999.0 -9999.0 -9999.0 -9999.0 -9999.0 -9999.0 -9999.0 -9999.0 -9999.0 -9999.0 -9999.0 3.886804 3.296179 4.488866 5.094237 7.041296 5.380059 4.501593 4.482056 4.443569 4.938860 6.223266 3.703106 3.550003 2.942352 2.946130 2.795518 2.837116 2.957574 3.565574 3.862228 3.688924 3.412660 2.966108 -9999.0 -9999.0 -9999.0 -9999.0 -9999.0 -9999.0 -9999.0 -9999.0 -9999.0 -9999.0 -9999.0 -9999.0 -9999.0 -9999.0 -9999.0 -9999.0 -9999.0 -9999.0 -9999.0 -9999.0 -9999.0 -9999.0 -9999.0 -9999.0 -9999.0 -9999.0 -9999.0
-9999.0 -9999.0 -9999.0 -9999.0 -9999.0 -9999.0 -9999.0 -9999.0 -9999.0 -9999.0 -9999.0 -9999.0 -9999.0 4.252171 4.483162 4.474422 4.403898 8.090803 7.079129 5.284116 5.058189 6.255500 4.650647 4.172021 4.444807 3.075504 3.928390 3.573150 3.288228 2.514357 2.779711 3.666132 3.294518 3.044657 3.130196 -9999.0 -9999.0 -9999.0 -9999.0 -9999.0 -9999.0 -9999.0 -9999.0 -9999.0 -9999.0 -9999.0 -9999.0 -9999.0 -9999.0 -9999.0 -9999.0 -9999.0 -9999.0 -9999.0 -9999.0 -9999.0 -9999.0 -9999.0 -9999.0 -9999.0 -9999.0 -9999.0 -9999.0
-9999.0 -9999.0 -9999.0 -9999.0 -9999.0 -9999.0 -9999.0 -9999.0 -9999.0 -9999.0 -9999.0 -9999.0 -9999.0 3.248721 5.933433 4.514439 3.873436 4.870032 7.072296 5.460208 7.456182 3.879434 3.600906 2.194802 2.773649 3.045278 2.979349 3.373702 3.617899 3.215208 3.649293 2.998248 2.947076 2.684245 2.916420 -9999.0 -9999.0 -9999.0 -9999.0 -9999.0 -9999.0 -9999.0 -9999.0 -9999.0 -9999.0 -9999.0 -9999.0 -9999.0 -9999.0 -9999.0 -9999.0 -9999.0 -9999.0 -9999.0 -9999.0 -9999.0 -9999.0 -9999.0 -9999.0 -9999.0 -9999.0 -9999.0 -9999.0
-9999.0 -9999.0 -9999.0 -9999.0 -9999.0 -9999.0 -9999.0 -9999.0 -9999.0 -9999.0 -9999.0 -9999.0 3.084717 3.948049 4.348059 3.221068 3.296928 4.548385 8.242981 5.122189 4.706849 3.039682 3.203022 2.958585 2.784603 3.443174 2.814665 3.811692 3.322744 3.399715 3.234194 3.368028 3.567307 2.891270 -9999.0 -9999.0 -9999.0 -9999.0 -9999.0 -9999.0 -9999.0 -9999.0 -9999.0 -9999.0 -9999.0 -9999.0 -9999.0 -9999.0 -9999.0 -9999.0 -9999.0 -9999.0 -9999.0 -9999.0 -9999.0 -9999.0 -9999.0 -9999.0 -9999.0 -9999.0 -9999.0 -9999.0 -9999.0
-9999.0 -9999.0 -9999.0 -9999.0 -9999.0 -9999.0 -9999.0 -9999.0 -9999.0 -9999.0 -9999.0 3.981228 3.238446 4.346749 2.997792 4.291863 3.539811 4.086554 8.264698 5.064131 4.163745 4.353373 4.215636 3.407506 3.146115 3.347594 3.874587 3.279097 3.288211 3.246242 3.397612 3.530143 2.955013 3.236288 3.352554 3.664389 3.523834 3.715491 3.729387 -9999.0 -9999.0 -9999.0 3.074702 -9999.0 -9999.0 -9999.0 -9999.0 -9999.0 -9999.0 -9999.0 -9999.0 -9999.0 -9999.0 -9999.0 -9999.0 -9999.0 -9999.0 -9999.0 -9999.0 -9999.0 -9999.0 -9999.0 -9999.0
-9999.0 -9999.0 -9999.0 -9999.0 -9999.0 -9999.0 -9999.0 -9999.0 -9999.0 -9999.0 -9999.0 3.916998 3.066629 3.278500 2.999480 3.850242 3.917287 4.248838 8.231867 6.972258 7.612042 4.942729 4.315373 2.622080 2.964177 3.147123 3.488186 3.465941 3.218579 3.399121 3.328863 3.803439 3.718260 3.476800 3.277976 3.845631 4.117466 4.085909 3.799355 3.335965 3.278010 3.128566 3.642827 3.365974 -9999.0 -9999.0 -9999.0 2.893621 3.210057 3.084462 3.407797 2.909308 2.872653 3.161176 3.223307 2.775182 -9999.0 -9999.0 -9999.0 -9999.0 -9999.0 -9999.0 -9999.0
-9999.0 -9999.0 -9999.0 -9999.0 -9999.0 -9999.0 -9999.0 -9999.0 -9999.0 -9999.0 -9999.0 3.881879 3.843100 3.104320 4.240378 4.108053 3.779548 4.217466 6.944172 6.995077 4.632321 4.239267 3.009597 3.855316 3.423239 3.266298 3.011213 3.024661 3.441555 3.656585 3.154833 2.794061 3.370461 3.593032 3.597502 4.036883 2.281010 2.310385 4.537764 3.741946 3.905012 3.525566 3.564200 3.833280 3.375726 -9999.0 2.744398 3.369030 3.668335 3.979104 4.043731 3.055172 3.772834 3.694309 3.604495 3.515130 -9999.0 -9999.0 -9999.0 -9999.0 -9999.0 -9999.0 -9999.0
-9999.0 -9999.0 -9999.0 -9999.0 -9999.0 -9999.0 -9999.0 -9999.0 -9999.0 -9999.0 -9999.0 -9999.0 4.083970 2.918023 4.078925 4.130740 2.809199 3.984168 8.334697 7.077395 4.606182 4.462422 4.253499 2.833976 2.788394 3.081978 4.974931 3.797647 2.974479 3.191465 3.489232 2.905414 3.467848 3.848929 3.626136 3.742891 2.174102 3.503005 4.805136 4.176703 3.808461 3.427210 2.910905 3.414586 3.418141 3.344408 3.052063 3.412432 2.456956 2.711625 3.355792 2.633984 2.670693 2.601464 2.630147 3.693179 3.570744 -9999.0 -9999.0 -9999.0 -9999.0 -9999.0 -9999.0
-9999.0 -9999.0 -9999.0 -9999.0 -9999.0 -9999.0 -9999.0 -9999.0 -9999.0 -9999.0 -9999.0 2.587299 3.691980 4.138290 3.063899 3.092526 4.142304 4.022034 8.255989 5.546726 4.878256 4.340367 4.460636 3.124202 3.175061 4.241602 3.962073 3.220215 3.021008 3.326813 2.974871 3.001900 4.254851 3.956279 3.409793 3.578159 3.822558 2.394867 3.807643 4.602514 3.059609 4.036971 4.028873 3.019230 3.721051 3.659915 3.856002 3.580433 2.704366 3.383885 2.728255 3.666892 2.484427 2.583005 2.439320 2.905393 3.107093 -9999.0 -9999.0 -9999.0 -9999.0 -9999.0 -9999.0
-9999.0 -9999.0 -9999.0 -9999.0 -9999.0 -9999.0 -9999.0 -9999.0 -9999.0 -9999.0 4.707688 3.051759 4.100731 4.090010 4.532322 4.227537 4.282755 3.463804 5.114104 5.590789 6.916561 6.524916 3.317748 4.983211 4.471870 4.430108 3.118473 2.778454 4.113282 4.393140 4.114698 3.948149 4.043649 3.966153 3.221312 3.306147 3.591377 2.729712 3.188292 4.196404 4.351408 4.058387 6.496343 4.094717 2.843866 3.016186 3.896802 2.914968 3.363711 3.503382 2.462186 3.043918 2.335655 2.812807 2.872027 3.696494 3.753365 -9999.0 -9999.0 -9999.0 -9999.0 -9999.0 -9999.0
-9999.0 -9999.0 -9999.0 -9999.0 -9999.0 -9999.0 -9999.0 -9999.0 -9999.0 3.686791 4.390518 3.864153 4.043605 2.948076 3.963231 4.029657 3.792703 5.132632 5.339255 5.824117 7.192637 4.333386 4.347422 5.028540 4.864390 3.337995 3.052525 4.723606 4.308672 4.515308 4.580700 2.102453 3.439638 3.383445 3.420779 3.174812 3.603427 2.485923 2.797877 3.080269 3.527155 2.119597 2.044387 4.336816 4.027754 2.863511 4.447143 2.890612 2.895443 4.174073 2.781185 3.159877 2.754442 2.744224 2.961824 2.697704 2.712779 3.231651 3.030356 -9999.0 -9999.0 -9999.0 -9999.0
-9999.0 -9999.0 -9999.0 -9999.0 -9999.0 -9999.0 -9999.0 -9999.0 -9999.0 3.776038 3.826897 4.427729 7.156234 4.327213 3.935181 3.689318 4.974896 4.776661 5.798102 7.533752 7.421292 7.145316 6.759323 6.318943 3.514740 2.969677 4.415025 4.759151 5.219093 6.266877 5.905236 2.022077 3.290314 3.821262 4.027705 3.114950 3.239180 3.648740 4.027115 3.889513 2.875361 2.551058 2.972811 4.242460 4.712380 4.719311 4.630895 4.224317 4.010381 4.234715 1.860349 2.163742 2.821128 3.315395 3.115776 2.521430 2.736056 2.499608 3.540591 -9999.0 -9999.0 -9999.0 -9999.0
-9999.0 -9999.0 -9999.0 -9999.0 -9999.0 -9999.0 -9999.0 -9999.0 -9999.0 -9999.0 3.765341 4.588264 4.310574 4.454918 4.590138 4.186800 4.482272 5.276922 6.329480 6.213241 7.425360 5.145176 3.917408 3.648899 4.184328 4.998713 5.514911 5.696952 6.313710 3.378970 2.892640 2.721855 2.358446 3.930818 3.263832 3.938250 3.569609 3.888354 3.028555 3.832651 3.700506 3.329977 6.584314 2.965818 3.589762 3.645872 4.220661 6.287757 4.980546 4.292547 2.699832 2.748844 3.007220 2.885139 3.348800 3.615659 2.581039 4.170457 4.298544 4.243250 -9999.0 -9999.0 -9999.0
-9999.0 -9999.0 -9999.0 -9999.0 -9999.0 -9999.0 -9999.0 -9999.0 -9999.0 -9999.0 3.790932 4.289010 4.745998 4.581778 6.634883 4.399706 4.270395 5.352111 6.665732 6.420570 5.411429 4.396135 3.520689 4.063953 4.811475 6.003888 6.277443 5.643786 3.933983 2.941810 3.590726 4.358307 2.762106 3.761798 4.058181 4.197358 3.803179 3.034934 2.431634 3.603379 3.820499 3.599402 2.839655 2.643980 3.605330 2.433902 3.590748 3.809636 5.169431 5.110500 4.436889 2.465464 2.812943 3.099944 2.854802 2.945259 3.615989 3.840481 5.553296 5.292940 -9999.0 -9999.0 -9999.0
-9999.0 -9999.0 -9999.0 -9999.0 -9999.0 -9999.0 -9999.0 -9999.0 4.312112 3.872728 3.713606 4.551351 4.108283 4.255326 3.959129 5.357924 5.553150 7.526959 6.520979 6.486605 6.163742 5.370623 4.723046 3.671898 5.115823 7.776296 7.960558 4.744973 4.217543 2.984393 3.233145 3.251180 2.871079 3.791277 4.148688 4.005593 4.305242 3.816233 1.369439 3.306864 3.501167 3.091002 2.541981 3.308342 2.647483 4.614715 1.752519 2.420822 4.083130 5.245711 4.674227 3.716764 2.437810 2.544740 3.036169 3.832263 3.486846 4.779012 4.886715 6.477204 -9999.0 -9999.0 -9999.0
-9999.0 -9999.0 -9999.0 -9999.0 -9999.0 -9999.0 -9999.0 -9999.0 2.841622 2.872614 2.892007 3.878700 4.395496 4.463675 3.514511 4.595232 5.195026 5.392399 6.645942 6.687038 9.570380 7.763459 7.029707 6.665198 5.543881 7.276576 6.311837 5.005900 2.793922 3.464175 2.779805 2.952648 3.153143 3.041735 2.742188 2.912703 6.668888 4.161653 2.899432 3.932641 3.631852 3.545767 3.324343 4.066776 3.990035 2.821585 2.848938 2.375528 3.849070 5.131890 5.308668 4.310671 2.422024 3.875230 3.575074 3.879451 4.092468 4.561321 5.436864 6.212604 6.364720 -9999.0 -9999.0
-9999.0 -9999.0 -9999.0 -9999.0 -9999.0 -9999.0 -9999.0 -9999.0 3.911079 4.807128 3.867579 2.788481 4.689422 2.811265 4.270121 3.655487 4.655708 5.671848 6.725633 9.784558 6.789669 8.166973 7.895789 6.166882 7.677375 6.209713 5.416409 3.893463 2.947409 3.816262 3.398311 4.415846 2.917364 2.963191 3.524552 4.648096 3.880296 4.393989 2.641860 2.807868 3.814715 3.323304 3.911236 2.892032 2.753807 4.098269 3.272763 3.921320 2.745931 4.374782 6.193094 5.041536 3.605244 3.344482 4.618072 4.941298 5.388121 5.688393 6.144086 6.293943 6.308537 -9999.0 -9999.0
-9999.0 -9999.0 -9999.0 -9999.0 -9999.0 -9999.0 -9999.0 -9999.0 3.251405 4.486081 4.246950 2.930099 4.580810 4.143090 4.107451 4.964427 6.351483 6.865757 7.782885 6.888078 6.724647 6.855244 8.394219 8.148010 5.962361 5.078169 4.275323 3.283445 4.752783 4.222418 2.841030 4.075406 4.258158 4.288031 2.764093 3.485061 4.719429 4.954705 3.626397 2.541185 3.918713 4.060129 4.158037 2.832082 3.832556 3.452668 2.994837 2.671898 2.235100 3.864143 4.951067 6.334744 5.296112 4.876475 5.569227 5.896050 6.253431 7.233387 7.248205 6.240869 5.807597 5.201967 -9999.0
-9999.0 -9999.0 -9999.0 -9999.0 -9999.0 -9999.0 -9999.0 -9999.0 3.115051 4.401062 4.370434 3.601214 4.225230 4.584636 6.760223 5.891530 7.382759 5.842168 4.992829 5.712343 6.550912 6.848999 6.889940 6.828376 7.460852 4.648937 3.532020 4.628596 4.943210 4.974411 3.723148 4.595065 5.212826 4.703587 4.192303 4.278786 4.601800 5.871666 5.505446 4.408369 3.909185 3.853594 4.013450 3.816952 2.834208 3.448280 3.726031 4.122522 3.982770 4.691953 5.406054 6.031108 6.560982 6.066665 6.337500 6.430693 6.412088 6.377382 6.224633 5.852028 5.736557 4.703020 -9999.0
-9999.0 -9999.0 3.768811 4.150666 3.182396 3.156665 2.838487 3.028017 3.598586 4.104219 4.152977 4.742054 4.850291 5.446263 7.353783 5.742720 4.850276 3.638802 4.356057 4.906601 5.854029 7.183994 6.926721 7.455506 6.284045 5.463218 4.820497 4.919608 5.786725 6.876073 4.174128 4.438311 7.141549 5.286609 5.335571 5.306850 5.623668 6.603630 6.040482 4.943551 4.909066 5.059235 5.066102 4.776989 3.704832 4.138558 4.805318 4.902321 5.340215 5.806607 6.078530 6.306441 6.399864 6.417003 6.386524 9.768716 6.307587 6.169646 5.705891 5.636523 6.359775 4.000185 -9999.0
-9999.0 2.838476 2.826417 2.822276 3.165564 2.883457 2.833048 2.930002 2.749563 3.570288 2.837327 4.113622 5.467548 7.228123 7.053031 4.565006 4.221233 2.932059 4.218019 4.963399 6.101278 7.078605 8.479486 7.542009 8.381731 6.266039 7.629672 7.655380 6.289306 5.865724 5.635504 5.534517 5.911164 7.828982 6.096977 6.258760 6.547566 7.783379 6.570212 6.098716 5.915300 5.978626 6.027211 5.410166 5.010570 5.330616 5.785345 6.944779 6.443465 7.373615 6.270328 6.194047 6.257044 6.142530 6.147546 5.911055 5.762803 5.551144 5.093590 6.069082 3.885855 3.630833 -9999.0
-9999.0 6.881196 4.411463 4.442893 4.065199 4.396105 2.435047 2.815807 3.437641 3.456578 2.805611 3.938347 5.489492 7.133247 4.889964 3.474188 2.849686 2.893618 4.745361 5.265080 7.484823 6.840234 7.667528 6.944214 10.253548 10.200287 7.528780 6.703260 6.638609 7.351332 7.244256 7.028488 6.513226 6.514176 8.492200 6.892020 11.129887 11.486759 7.306427 7.010305 6.941500 6.815810 6.573594 7.151797 7.259118 7.286664 6.615822 6.684222 6.605346 6.304914 5.875611 6.000684 5.758387 6.289401 5.880921 4.940810 4.934718 4.358439 4.019206 2.438247 2.342660 -9999.0 -9999.0
-9999.0 4.493898 4.383506 4.480296 4.739928 6.276003 5.962627 3.276907 2.802496 2.833616 4.191555 4.911465 5.609584 6.761595 3.930654 2.670143 3.082464 4.099964 3.736825 5.149079 5.169028 5.865882 7.269421 10.397179 10.324983 6.813105 6.750626 6.672023 6.640775 6.715462 6.712919 6.772418 6.822992 6.728001 6.784906 6.974481 7.108829 11.329934 7.283170 7.232339 7.093991 10.814413 6.857703 6.915986 6.811383 6.724676 6.542850 6.403888 6.050782 6.433206 5.534946 6.308337 4.830714 5.116755 4.592524 3.951773 3.714278 2.358067 2.275523 -9999.0 -9999.0 -9999.0 -9999.0
