tests/3D/Mazia/output-maps-SE27XX/TL0005N0001.asc
ncols         63
nrows         48
xllcorner     598000.000000
yllcorner     5145000.000000
cellsize      1000.000000
NODATA_value  -9999.0
[rows 0 to 28 of 48, columns 0 to 62 of 63]
-9999.0 -9999.0 -9999.0 -9999.0 -9999.0 -9999.0 -9999.0 -9999.0 -9999.0 -9999.0 -9999.0 -9999.0 -9999.0 -9999.0 -9999.0 -9999.0 -9999.0 -9999.0 -9999.0 -9999.0 -9999.0 -9999.0 -9999.0 -9999.0 -9999.0 -9999.0 -9999.0 -9999.0 -9999.0 -9999.0 -9999.0 -9999.0 -9999.0 -9999.0 -9999.0 -9999.0 -9999.0 -9999.0 -9999.0 -9999.0 -9999.0 -9999.0 -9999.0 -9999.0 -9999.0 -9999.0 -9999.0 -9999.0 -9999.0 -9999.0 -9999.0 -9999.0 -9999.0 -9999.0 -9999.0 -9999.0 -9999.0 -9999.0 -9999.0 -9999.0 -9999.0 -9999.0 -9999.0
-9999.0 -9999.0 -9999.0 -9999.0 -9999.0 -9999.0 -9999.0 -9999.0 -9999.0 -9999.0 -9999.0 -9999.0 -9999.0 -9999.0 -9999.0 -9999.0 -9999.0 -9999.0 -9999.0 -9999.0 -9999.0 -9999.0 -9999.0 -9999.0 -9999.0 -9999.0 -9999.0 4.322755 4.313090 4.350139 4.286173 4.220418 4.237903 -9999.0 -9999.0 -9999.0 -9999.0 -9999.0 -9999.0 -9999.0 -9999.0 -9999.0 -9999.0 -9999.0 -9999.0 -9999.0 -9999.0 -9999.0 -9999.0 -9999.0 -9999.0 -9999.0 -9999.0 -9999.0 -9999.0 -9999.0 -9999.0 -9999.0 -9999.0 -9999.0 -9999.0 -9999.0 -9999.0
-9999.0 -9999.0 -9999.0 -9999.0 -9999.0 -9999.0 -9999.0 -9999.0 -9999.0 -9999.0 -9999.0 -9999.0 -9999.0 -9999.0 -9999.0 -9999.0 -9999.0 -9999.0 -9999.0 -9999.0 -9999.0 -9999.0 -9999.0 -9999.0 4.343326 4.358772 4.374781 4.350498 4.374463 4.346972 4.273772 -9999.0 -9999.0 -9999.0 -9999.0 -9999.0 -9999.0 -9999.0 -9999.0 -9999.0 -9999.0 -9999.0 -9999.0 -9999.0 -9999.0 -9999.0 -9999.0 -9999.0 -9999.0 -9999.0 -9999.0 -9999.0 -9999.0 -9999.0 -9999.0 -9999.0 -9999.0 -9999.0 -9999.0 -9999.0 -9999.0 -9999.0 -9999.0
-9999.0 -9999.0 -9999.0 -9999.0 -9999.0 -9999.0 -9999.0 -9999.0 -9999.0 -9999.0 -9999.0 -9999.0 -9999.0 -9999.0 -9999.0 -9999.0 -9999.0 -9999.0 -9999.0 -9999.0 -9999.0 -9999.0 -9999.0 4.354637 4.390625 4.028279 4.048564 4.041646 4.022608 4.347144 4.288517 4.259175 -9999.0 -9999.0 -9999.0 -9999.0 -9999.0 -9999.0 -9999.0 -9999.0 -9999.0 -9999.0 -9999.0 -9999.0 -9999.0 -9999.0 -9999.0 -9999.0 -9999.0 -9999.0 -9999.0 -9999.0 -9999.0 -9999.0 -9999.0 -9999.0 -9999.0 -9999.0 -9999.0 -9999.0 -9999.0 -9999.0 -9999.0
-9999.0 -9999.0 -9999.0 -9999.0 -9999.0 -9999.0 -9999.0 -9999.0 -9999.0 -9999.0 -9999.0 -9999.0 -9999.0 -9999.0 -9999.0 -9999.0 -9999.0 -9999.0 4.460348 4.356885 -9999.0 4.354591 4.381282 4.030956 4.057349 4.072292 4.255087 4.254616 4.067501 4.025495 4.338041 4.285584 4.274341 4.206244 -9999.0 -9999.0 -9999.0 -9999.0 -9999.0 -9999.0 -9999.0 -9999.0 -9999.0 -9999.0 -9999.0 -9999.0 -9999.0 -9999.0 -9999.0 -9999.0 -9999.0 -9999.0 -9999.0 -9999.0 -9999.0 -9999.0 -9999.0 -9999.0 -9999.0 -9999.0 -9999.0 -9999.0 -9999.0
-9999.0 -9999.0 -9999.0 -9999.0 -9999.0 -9999.0 -9999.0 -9999.0 -9999.0 -9999.0 -9999.0 -9999.0 -9999.0 -9999.0 -9999.0 -9999.0 -9999.0 4.153217 4.068468 4.021253 4.385113 4.030845 4.042622 4.067006 4.285661 3.997861 3.940915 4.013691 3.952933 4.043306 4.406407 4.338990 4.356313 4.302318 4.251264 4.202361 -9999.0 -9999.0 -9999.0 -9999.0 -9999.0 -9999.0 -9999.0 -9999.0 -9999.0 -9999.0 -9999.0 -9999.0 -9999.0 -9999.0 -9999.0 -9999.0 -9999.0 -9999.0 -9999.0 -9999.0 -9999.0 -9999.0 -9999.0 -9999.0 -9999.0 -9999.0 -9999.0
-9999.0 -9999.0 -9999.0 -9999.0 -9999.0 -9999.0 -9999.0 -9999.0 -9999.0 -9999.0 -9999.0 -9999.0 -9999.0 4.335849 4.046754 4.048949 4.091130 4.588541 4.141971 4.072109 4.081144 4.063764 4.079013 4.298072 3.997781 4.363826 3.940542 3.994340 3.982719 3.999694 4.016484 4.341563 4.290152 4.251685 4.250101 4.188616 -9999.0 -9999.0 -9999.0 -9999.0 -9999.0 -9999.0 -9999.0 -9999.0 -9999.0 -9999.0 -9999.0 -9999.0 -9999.0 -9999.0 -9999.0 -9999.0 -9999.0 -9999.0 -9999.0 -9999.0 -9999.0 -9999.0 -9999.0 -9999.0 -9999.0 -9999.0 -9999.0
-9999.0 -9999.0 -9999.0 -9999.0 -9999.0 -9999.0 -9999.0 -9999.0 -9999.0 -9999.0 -9999.0 -9999.0 -9999.0 4.371891 4.064735 4.037893 4.040503 4.543226 4.597899 4.109050 4.094189 4.261539 4.069848 4.036419 4.063692 4.030155 4.316398 4.322510 4.277838 3.961268 3.976163 4.251156 4.237751 4.184552 4.208502 -9999.0 -9999.0 -9999.0 -9999.0 -9999.0 -9999.0 -9999.0 -9999.0 -9999.0 -9999.0 -9999.0 -9999.0 -9999.0 -9999.0 -9999.0 -9999.0 -9999.0 -9999.0 -9999.0 -9999.0 -9999.0 -9999.0 -9999.0 -9999.0 -9999.0 -9999.0 -9999.0 -9999.0
-9999.0 -9999.0 -9999.0 -9999.0 -9999.0 -9999.0 -9999.0 -9999.0 -9999.0 -9999.0 -9999.0 -9999.0 -9999.0 4.037112 4.261831 4.065370 4.001921 4.073551 4.596594 4.148657 4.483268 4.019002 3.992832 3.947002 4.041991 4.022193 4.373111 4.277850 4.283383 4.241470 4.249847 4.182461 4.175125 4.112187 4.162055 -9999.0 -9999.0 -9999.0 -9999.0 -9999.0 -9999.0 -9999.0 -9999.0 -9999.0 -9999.0 -9999.0 -9999.0 -9999.0 -9999.0 -9999.0 -9999.0 -9999.0 -9999.0 -9999.0 -9999.0 -9999.0 -9999.0 -9999.0 -9999.0 -9999.0 -9999.0 -9999.0 -9999.0
-9999.0 -9999.0 -9999.0 -9999.0 -9999.0 -9999.0 -9999.0 -9999.0 -9999.0 -9999.0 -9999.0 -9999.0 4.015966 4.254946 4.056595 4.028255 3.951844 4.049780 4.550574 4.134802 4.066720 4.009883 4.023660 4.005481 4.043471 4.295475 3.990823 4.289436 4.321659 4.265576 4.193879 4.276989 4.240611 4.166767 -9999.0 -9999.0 -9999.0 -9999.0 -9999.0 -9999.0 -9999.0 -9999.0 -9999.0 -9999.0 -9999.0 -9999.0 -9999.0 -9999.0 -9999.0 -9999.0 -9999.0 -9999.0 -9999.0 -9999.0 -9999.0 -9999.0 -9999.0 -9999.0 -9999.0 -9999.0 -9999.0 -9999.0 -9999.0
-9999.0 -9999.0 -9999.0 -9999.0 -9999.0 -9999.0 -9999.0 -9999.0 -9999.0 -9999.0 -9999.0 4.342587 4.033836 4.045358 4.001137 4.329670 3.973922 4.022783 4.551306 4.140627 4.031549 4.063323 4.358121 4.311899 4.030188 4.331400 4.261982 4.319764 4.339198 4.214076 4.266374 4.307293 4.284910 4.226592 4.244001 4.273806 4.237954 4.255796 4.232093 -9999.0 -9999.0 -9999.0 4.202929 -9999.0 -9999.0 -9999.0 -9999.0 -9999.0 -9999.0 -9999.0 -9999.0 -9999.0 -9999.0 -9999.0 -9999.0 -9999.0 -9999.0 -9999.0 -9999.0 -9999.0 -9999.0 -9999.0 -9999.0
-9999.0 -9999.0 -9999.0 -9999.0 -9999.0 -9999.0 -9999.0 -9999.0 -9999.0 -9999.0 -9999.0 4.330957 4.010030 4.032424 3.999590 4.264669 4.013090 4.031907 4.543361 4.348785 4.505555 4.410764 4.378871 3.977331 4.003006 4.320898 4.317926 4.350110 4.337934 4.248100 4.300504 4.334813 4.267050 4.229862 4.195831 4.255665 4.304041 4.295897 4.252932 4.207572 4.224258 4.192416 4.245042 4.259773 -9999.0 -9999.0 -9999.0 4.180885 4.221059 4.270985 4.260826 4.246269 4.244253 4.230699 4.242992 4.230858 -9999.0 -9999.0 -9999.0 -9999.0 -9999.0 -9999.0 -9999.0
-9999.0 -9999.0 -9999.0 -9999.0 -9999.0 -9999.0 -9999.0 -9999.0 -9999.0 -9999.0 -9999.0 4.336131 4.303709 4.005632 4.336859 4.307387 4.009759 4.031218 4.345954 4.354647 4.078924 4.048075 4.009547 4.366226 4.313176 4.346170 4.006624 4.006576 4.316681 4.257599 4.286958 3.985866 4.324107 4.239765 4.260569 4.293713 3.971304 3.978495 4.305365 4.253506 4.260635 4.205377 4.291303 4.280657 4.227996 -9999.0 4.175765 4.237310 4.288826 4.331217 4.303257 4.369958 4.287875 4.310271 4.269344 4.286292 -9999.0 -9999.0 -9999.0 -9999.0 -9999.0 -9999.0 -9999.0
-9999.0 -9999.0 -9999.0 -9999.0 -9999.0 -9999.0 -9999.0 -9999.0 -9999.0 -9999.0 -9999.0 -9999.0 4.328658 3.987394 4.337588 4.330074 3.910003 4.015399 4.561634 4.364225 4.079895 4.067851 4.053180 4.030805 3.987521 4.019214 4.452111 4.298761 4.312971 4.313210 4.310718 3.997764 4.292498 4.268826 4.227195 4.266083 3.953368 3.986093 4.380298 4.252608 4.332428 4.348277 3.991652 4.352111 4.278820 4.233287 4.248570 4.248593 3.959661 3.963350 3.972606 3.958251 3.965048 3.951754 3.961452 4.307908 4.306982 -9999.0 -9999.0 -9999.0 -9999.0 -9999.0 -9999.0
-9999.0 -9999.0 -9999.0 -9999.0 -9999.0 -9999.0 -9999.0 -9999.0 -9999.0 -9999.0 -9999.0 3.973995 4.287960 4.284968 4.006930 4.009817 4.038712 4.022596 4.553254 4.162599 4.106347 4.062354 4.068849 4.022179 4.029885 4.058788 4.033970 4.307868 4.322971 4.371225 3.998095 4.021727 4.370352 4.271470 4.197672 4.258607 4.248429 3.975669 4.013192 4.374795 4.003364 4.036328 4.042131 3.978670 4.355284 4.275287 4.314118 4.350022 4.376868 3.980896 3.932548 4.288859 3.950416 3.884146 3.864888 4.242466 4.310783 -9999.0 -9999.0 -9999.0 -9999.0 -9999.0 -9999.0
-9999.0 -9999.0 -9999.0 -9999.0 -9999.0 -9999.0 -9999.0 -9999.0 -9999.0 -9999.0 4.386317 4.008323 4.347034 4.337409 4.374309 4.046023 4.047915 3.972292 4.122721 4.167609 4.360905 4.321575 3.973128 4.460823 4.076484 4.066932 4.019264 3.944841 4.339847 4.398153 4.053494 4.037909 4.337158 4.262168 4.194067 4.263807 4.308899 3.978208 3.937320 4.048902 4.058978 4.034268 4.489324 4.051340 3.967578 4.336185 4.321828 4.010706 3.980376 3.985074 3.905670 4.273771 3.852199 4.222524 4.242222 4.318710 4.325996 -9999.0 -9999.0 -9999.0 -9999.0 -9999.0 -9999.0
-9999.0 -9999.0 -9999.0 -9999.0 -9999.0 -9999.0 -9999.0 -9999.0 -9999.0 4.298370 4.358430 4.021226 4.035380 3.997434 4.032049 4.034470 4.018058 4.452183 4.145707 4.191709 4.385524 4.063374 4.064120 4.117298 4.098925 3.980709 4.021859 4.424063 4.064153 4.082299 4.083533 3.939685 4.296637 4.225893 4.248159 4.276522 4.296728 3.969753 3.977101 4.005813 3.989377 3.929621 3.925657 4.072070 4.050449 3.973857 4.419078 3.995614 3.999600 4.064002 3.994827 4.306302 4.208638 4.222363 4.275764 3.968232 3.985341 4.345047 4.306869 -9999.0 -9999.0 -9999.0 -9999.0
-9999.0 -9999.0 -9999.0 -9999.0 -9999.0 -9999.0 -9999.0 -9999.0 -9999.0 4.272380 4.299303 4.337485 4.460830 4.057206 4.033272 4.015026 4.422639 4.089839 4.187420 4.414534 4.405935 4.390930 4.339624 4.315346 3.996295 4.056648 4.076723 4.099122 4.131810 4.295888 4.271210 3.926540 4.322667 4.277924 4.300022 4.310170 4.321030 4.353658 4.272729 4.323051 3.984206 3.962903 3.991333 4.059489 4.113540 4.102253 4.096181 4.071247 4.057086 4.065131 3.904773 3.924553 4.244507 4.248546 4.291016 3.950884 3.992297 4.013775 4.382724 -9999.0 -9999.0 -9999.0 -9999.0
-9999.0 -9999.0 -9999.0 -9999.0 -9999.0 -9999.0 -9999.0 -9999.0 -9999.0 -9999.0 4.296289 4.355338 4.050230 4.064876 4.073798 4.050989 4.068388 4.125232 4.237685 4.202962 4.396001 4.134250 4.025161 4.006730 4.060806 4.130347 4.168100 4.178476 4.305688 3.985602 3.952813 4.029207 3.954940 4.284420 4.341986 4.369502 4.377145 4.377144 4.314884 4.272763 4.244148 4.359430 4.412898 4.004337 4.008259 4.025031 4.078262 4.308163 4.118308 4.074908 3.956852 3.986084 4.294689 4.273569 4.259975 4.299559 4.366381 4.061474 4.074096 4.074135 -9999.0 -9999.0 -9999.0
-9999.0 -9999.0 -9999.0 -9999.0 -9999.0 -9999.0 -9999.0 -9999.0 -9999.0 -9999.0 4.299823 4.331267 4.377923 4.073362 4.333736 4.063857 4.050740 4.147463 4.249907 4.195152 4.154854 4.071284 3.995824 4.052584 4.113361 4.207060 4.216466 4.198598 4.037742 4.002977 4.339954 4.395156 3.946216 4.271876 4.298580 4.365729 4.033702 4.018251 3.968135 4.264540 4.296638 4.388004 3.983279 4.318028 4.373959 3.935651 3.985465 4.042734 4.165420 4.130762 4.081706 4.008911 3.977251 4.327048 4.269576 4.295114 4.290993 4.038631 4.207124 4.154372 -9999.0 -9999.0 -9999.0
-9999.0 -9999.0 -9999.0 -9999.0 -9999.0 -9999.0 -9999.0 -9999.0 4.380661 4.332300 4.266148 4.361297 4.038713 4.052861 4.023459 4.147231 4.166152 4.407114 4.199285 4.198891 4.214975 4.145344 4.089377 4.022008 4.134108 4.393653 4.462220 4.118914 4.060276 4.010596 4.298391 4.333888 4.333476 4.288683 4.327403 4.286327 4.390991 4.036839 3.853063 4.300356 4.318341 4.339076 3.913211 4.287120 4.384764 4.416338 3.894489 3.974413 4.068481 4.146208 4.108080 4.032842 4.007399 3.956270 4.315964 4.320900 4.392187 4.465620 4.113034 4.297680 -9999.0 -9999.0 -9999.0
-9999.0 -9999.0 -9999.0 -9999.0 -9999.0 -9999.0 -9999.0 -9999.0 3.992259 4.032661 3.994447 4.302290 4.337269 4.061983 3.985112 4.079722 4.134295 4.152399 4.247997 4.213857 4.673387 4.414790 4.354409 4.349762 4.174544 4.336771 4.256924 4.129328 3.991071 4.361942 4.326694 4.373397 4.360282 4.353852 4.371532 4.379747 4.445691 4.067331 3.997826 4.336550 4.289439 4.258838 4.312626 4.346174 4.421024 3.994971 3.925854 4.342424 4.034881 4.171980 4.156743 4.080474 3.957483 4.371463 4.370814 4.026768 4.063469 4.092554 4.150173 4.210776 4.222513 -9999.0 -9999.0
-9999.0 -9999.0 -9999.0 -9999.0 -9999.0 -9999.0 -9999.0 -9999.0 4.320756 4.390761 4.229150 3.983948 4.406474 3.981984 4.058093 3.997130 4.086365 4.166370 4.266563 4.684881 4.219518 4.444917 4.424578 4.177240 4.418835 4.230487 4.174404 4.030781 3.978058 4.384538 4.392842 4.428346 4.006540 4.004406 4.410491 4.446210 4.044734 4.093377 3.976194 3.989681 4.330106 4.337479 4.354292 4.374566 3.977720 4.363400 4.344621 4.366872 3.996020 4.087445 4.276221 4.131083 4.033561 4.008839 4.094592 4.121591 4.149289 4.170073 4.207035 4.217886 4.217080 -9999.0 -9999.0
-9999.0 -9999.0 -9999.0 -9999.0 -9999.0 -9999.0 -9999.0 -9999.0 4.290218 4.363906 4.051939 3.965396 4.414401 4.046813 4.035728 4.115114 4.230182 4.281772 4.406483 4.279548 4.214124 4.221768 4.461279 4.438447 4.185172 4.124538 4.065032 3.974795 4.449099 4.058350 4.044248 4.053329 4.060189 4.068423 4.028420 4.413593 4.455875 4.149315 4.030026 4.019834 4.351769 4.365720 4.370988 4.399099 4.357122 4.373210 4.332667 4.420461 4.374727 4.046413 4.160343 4.288535 4.145770 4.119477 4.162931 4.185406 4.209708 4.376831 4.375623 4.213117 4.178954 4.177547 -9999.0
-9999.0 -9999.0 -9999.0 -9999.0 -9999.0 -9999.0 -9999.0 -9999.0 4.296009 4.374568 4.061769 3.997198 4.052344 4.086090 4.358693 4.184245 4.375906 4.198906 4.122865 4.178978 4.249093 4.220945 4.220507 4.207234 4.385745 4.087467 3.990463 4.090038 4.119890 4.120723 4.019463 4.092024 4.139931 4.105686 4.068046 4.081456 4.104599 4.242252 4.203527 4.093672 4.053762 4.041021 4.055871 4.036197 3.996852 4.405821 4.034333 4.062139 4.054746 4.106678 4.152329 4.265913 4.315382 4.199734 4.211721 4.223079 4.221483 4.219493 4.212531 4.183786 4.227761 4.127256 -9999.0
-9999.0 -9999.0 4.317457 4.392841 4.024714 4.024419 4.031492 4.011434 4.360878 4.365263 4.046135 4.101292 4.118365 4.157344 4.404371 4.166162 4.105277 3.997298 4.054281 4.113858 4.190558 4.303603 4.226009 4.308568 4.183148 4.155989 4.110308 4.124400 4.208202 4.380366 4.064551 4.091263 4.392013 4.182196 4.166113 4.191430 4.173639 4.313750 4.254252 4.159039 4.128877 4.136995 4.158256 4.116454 4.034358 4.064412 4.116474 4.150252 4.155159 4.196950 4.205268 4.217226 4.222236 4.222494 4.215128 4.726932 4.211659 4.198101 4.168840 4.220693 4.326712 4.059784 -9999.0
-9999.0 4.036617 4.034934 4.030158 4.025301 4.043149 4.030861 3.998450 3.979963 4.333360 4.026637 4.046380 4.177094 4.397424 4.367082 4.085869 4.050229 4.037803 4.053237 4.121439 4.215955 4.298826 4.479859 4.337141 4.473406 4.202651 4.428491 4.433792 4.220917 4.196104 4.182046 4.178718 4.208310 4.465329 4.206680 4.218274 4.240070 4.424169 4.242341 4.210104 4.195237 4.198682 4.223589 4.198745 4.157560 4.188037 4.204174 4.339280 4.254842 4.391360 4.216985 4.211317 4.208789 4.201104 4.200702 4.182527 4.238484 4.216045 4.128916 4.304186 4.047568 4.023206 -9999.0
-9999.0 4.451231 4.072663 4.074968 4.294982 4.071095 3.929178 3.989475 4.359208 4.301870 4.024689 4.031853 4.178740 4.378608 4.114726 3.986495 4.024478 4.035220 4.093655 4.153851 4.398636 4.281353 4.352992 4.251321 4.730537 4.727319 4.348777 4.243050 4.241277 4.351250 4.346706 4.333896 4.249907 4.241444 4.518317 4.261855 4.849271 4.885360 4.289728 4.268357 4.266860 4.260848 4.245964 4.367783 4.375467 4.383467 4.266009 4.273280 4.265759 4.221117 4.189976 4.260541 4.239357 4.288177 4.249085 4.158439 4.158762 4.105833 4.071140 3.994179 3.972986 -9999.0 -9999.0
-9999.0 4.334627 4.064208 4.079219 4.103010 4.314725 4.297981 3.968072 4.025320 4.026658 4.053595 4.123516 4.166976 4.348527 4.030533 3.951980 4.014762 4.042111 4.011084 4.140947 4.143007 4.199777 4.318172 4.742104 4.736718 4.245847 4.244564 4.241752 4.243195 4.258995 4.260330 4.267288 4.271990 4.261025 4.258411 4.266104 4.275082 4.859360 4.287371 4.289205 4.279076 4.812074 4.269381 4.292672 4.284276 4.277762 4.262948 4.248406 4.222088 4.293548 4.213710 4.329616 4.153613 4.126756 4.129461 4.067773 4.040466 3.990236 3.958941 -9999.0 -9999.0 -9999.0 -9999.0
