tests/3D/Mazia/output-maps-SE27XX/TL0007N0002.asc
ncols         63
nrows         48
xllcorner     598000.000000
yllcorner     5145000.000000
cellsize      1000.000000
NODATA_value  -9999.0
[rows 0 to 28 of 48, columns 0 to 62 of 63]
-9999.0 -9999.0 -9999.0 -9999.0 -9999.0 -9999.0 -9999.0 -9999.0 -9999.0 -9999.0 -9999.0 -9999.0 -9999.0 -9999.0 -9999.0 -9999.0 -9999.0 -9999.0 -9999.0 -9999.0 -9999.0 -9999.0 -9999.0 -9999.0 -9999.0 -9999.0 -9999.0 -9999.0 -9999.0 -9999.0 -9999.0 -9999.0 -9999.0 -9999.0 -9999.0 -9999.0 -9999.0 -9999.0 -9999.0 -9999.0 -9999.0 -9999.0 -9999.0 -9999.0 -9999.0 -9999.0 -9999.0 -9999.0 -9999.0 -9999.0 -9999.0 -9999.0 -9999.0 -9999.0 -9999.0 -9999.0 -9999.0 -9999.0 -9999.0 -9999.0 -9999.0 -9999.0 -9999.0
-9999.0 -9999.0 -9999.0 -9999.0 -9999.0 -9999.0 -9999.0 -9999.0 -9999.0 -9999.0 -9999.0 -9999.0 -9999.0 -9999.0 -9999.0 -9999.0 -9999.0 -9999.0 -9999.0 -9999.0 -9999.0 -9999.0 -9999.0 -9999.0 -9999.0 -9999.0 -9999.0 4.013568 4.010759 4.015037 4.009765 4.009535 4.010537 -9999.0 -9999.0 -9999.0 -9999.0 -9999.0 -9999.0 -9999.0 -9999.0 -9999.0 -9999.0 -9999.0 -9999.0 -9999.0 -9999.0 -9999.0 -9999.0 -9999.0 -9999.0 -9999.0 -9999.0 -9999.0 -9999.0 -9999.0 -9999.0 -9999.0 -9999.0 -9999.0 -9999.0 -9999.0 -9999.0
-9999.0 -9999.0 -9999.0 -9999.0 -9999.0 -9999.0 -9999.0 -9999.0 -9999.0 -9999.0 -9999.0 -9999.0 -9999.0 -9999.0 -9999.0 -9999.0 -9999.0 -9999.0 -9999.0 -9999.0 -9999.0 -9999.0 -9999.0 -9999.0 4.008925 4.009335 4.009794 4.009107 4.009789 4.012127 4.009282 -9999.0 -9999.0 -9999.0 -9999.0 -9999.0 -9999.0 -9999.0 -9999.0 -9999.0 -9999.0 -9999.0 -9999.0 -9999.0 -9999.0 -9999.0 -9999.0 -9999.0 -9999.0 -9999.0 -9999.0 -9999.0 -9999.0 -9999.0 -9999.0 -9999.0 -9999.0 -9999.0 -9999.0 -9999.0 -9999.0 -9999.0 -9999.0
-9999.0 -9999.0 -9999.0 -9999.0 -9999.0 -9999.0 -9999.0 -9999.0 -9999.0 -9999.0 -9999.0 -9999.0 -9999.0 -9999.0 -9999.0 -9999.0 -9999.0 -9999.0 -9999.0 -9999.0 -9999.0 -9999.0 -9999.0 4.009229 4.010272 4.000671 4.001192 4.001370 4.000721 4.012125 4.009744 4.008647 -9999.0 -9999.0 -9999.0 -9999.0 -9999.0 -9999.0 -9999.0 -9999.0 -9999.0 -9999.0 -9999.0 -9999.0 -9999.0 -9999.0 -9999.0 -9999.0 -9999.0 -9999.0 -9999.0 -9999.0 -9999.0 -9999.0 -9999.0 -9999.0 -9999.0 -9999.0 -9999.0 -9999.0 -9999.0 -9999.0 -9999.0
-9999.0 -9999.0 -9999.0 -9999.0 -9999.0 -9999.0 -9999.0 -9999.0 -9999.0 -9999.0 -9999.0 -9999.0 -9999.0 -9999.0 -9999.0 -9999.0 -9999.0 -9999.0 4.013400 4.009296 -9999.0 4.009254 4.010023 4.000975 4.001875 4.003189 4.007668 4.007541 4.002171 4.000486 4.011757 4.009711 4.011189 4.007537 -9999.0 -9999.0 -9999.0 -9999.0 -9999.0 -9999.0 -9999.0 -9999.0 -9999.0 -9999.0 -9999.0 -9999.0 -9999.0 -9999.0 -9999.0 -9999.0 -9999.0 -9999.0 -9999.0 -9999.0 -9999.0 -9999.0 -9999.0 -9999.0 -9999.0 -9999.0 -9999.0 -9999.0 -9999.0
-9999.0 -9999.0 -9999.0 -9999.0 -9999.0 -9999.0 -9999.0 -9999.0 -9999.0 -9999.0 -9999.0 -9999.0 -9999.0 -9999.0 -9999.0 -9999.0 -9999.0 4.005010 4.002266 4.001085 4.016647 4.000712 4.001036 4.002553 4.008485 3.999840 3.998061 4.000254 3.998511 4.001323 4.010752 4.011809 4.015306 4.012742 4.009985 4.007635 -9999.0 -9999.0 -9999.0 -9999.0 -9999.0 -9999.0 -9999.0 -9999.0 -9999.0 -9999.0 -9999.0 -9999.0 -9999.0 -9999.0 -9999.0 -9999.0 -9999.0 -9999.0 -9999.0 -9999.0 -9999.0 -9999.0 -9999.0 -9999.0 -9999.0 -9999.0 -9999.0
-9999.0 -9999.0 -9999.0 -9999.0 -9999.0 -9999.0 -9999.0 -9999.0 -9999.0 -9999.0 -9999.0 -9999.0 -9999.0 4.011742 4.001209 4.001586 4.003047 4.027350 4.004460 4.002791 4.002288 4.001920 4.003280 4.008305 3.999873 4.009664 3.996568 3.999507 3.999073 3.999809 4.000490 4.009104 4.010122 4.008652 4.010455 4.006966 -9999.0 -9999.0 -9999.0 -9999.0 -9999.0 -9999.0 -9999.0 -9999.0 -9999.0 -9999.0 -9999.0 -9999.0 -9999.0 -9999.0 -9999.0 -9999.0 -9999.0 -9999.0 -9999.0 -9999.0 -9999.0 -9999.0 -9999.0 -9999.0 -9999.0 -9999.0 -9999.0
-9999.0 -9999.0 -9999.0 -9999.0 -9999.0 -9999.0 -9999.0 -9999.0 -9999.0 -9999.0 -9999.0 -9999.0 -9999.0 4.009798 4.001808 4.001304 4.001524 4.016231 4.027751 4.003361 4.003824 4.009963 4.002076 4.001017 4.001816 4.000885 4.010906 4.013865 4.011616 3.998216 3.999098 4.008680 4.009826 4.007126 4.008181 -9999.0 -9999.0 -9999.0 -9999.0 -9999.0 -9999.0 -9999.0 -9999.0 -9999.0 -9999.0 -9999.0 -9999.0 -9999.0 -9999.0 -9999.0 -9999.0 -9999.0 -9999.0 -9999.0 -9999.0 -9999.0 -9999.0 -9999.0 -9999.0 -9999.0 -9999.0 -9999.0 -9999.0
-9999.0 -9999.0 -9999.0 -9999.0 -9999.0 -9999.0 -9999.0 -9999.0 -9999.0 -9999.0 -9999.0 -9999.0 -9999.0 4.000937 4.007263 4.002062 4.000166 4.002453 4.027695 4.004689 4.013311 4.000587 3.999772 3.998333 4.001054 4.000477 4.016098 4.011558 4.009484 4.009869 4.008525 4.006957 4.006515 4.003336 4.005795 -9999.0 -9999.0 -9999.0 -9999.0 -9999.0 -9999.0 -9999.0 -9999.0 -9999.0 -9999.0 -9999.0 -9999.0 -9999.0 -9999.0 -9999.0 -9999.0 -9999.0 -9999.0 -9999.0 -9999.0 -9999.0 -9999.0 -9999.0 -9999.0 -9999.0 -9999.0 -9999.0 -9999.0
-9999.0 -9999.0 -9999.0 -9999.0 -9999.0 -9999.0 -9999.0 -9999.0 -9999.0 -9999.0 -9999.0 -9999.0 4.000384 4.006953 4.001539 4.000683 3.998388 4.001795 4.016496 4.007063 4.002058 4.000172 4.001006 4.000015 4.001174 4.010282 3.999549 4.009818 4.011225 4.010989 4.006188 4.011240 4.007986 4.005740 -9999.0 -9999.0 -9999.0 -9999.0 -9999.0 -9999.0 -9999.0 -9999.0 -9999.0 -9999.0 -9999.0 -9999.0 -9999.0 -9999.0 -9999.0 -9999.0 -9999.0 -9999.0 -9999.0 -9999.0 -9999.0 -9999.0 -9999.0 -9999.0 -9999.0 -9999.0 -9999.0 -9999.0 -9999.0
-9999.0 -9999.0 -9999.0 -9999.0 -9999.0 -9999.0 -9999.0 -9999.0 -9999.0 -9999.0 -9999.0 4.008971 4.000854 4.001499 3.999873 4.008678 3.998379 4.000630 4.016637 4.007114 4.001307 4.001883 4.012636 4.010838 4.000976 4.011622 4.008926 4.011031 4.008918 4.008372 4.010791 4.010692 4.011870 4.008744 4.009653 4.011311 4.007753 4.008485 4.009938 -9999.0 -9999.0 -9999.0 4.007575 -9999.0 -9999.0 -9999.0 -9999.0 -9999.0 -9999.0 -9999.0 -9999.0 -9999.0 -9999.0 -9999.0 -9999.0 -9999.0 -9999.0 -9999.0 -9999.0 -9999.0 -9999.0 -9999.0 -9999.0
-9999.0 -9999.0 -9999.0 -9999.0 -9999.0 -9999.0 -9999.0 -9999.0 -9999.0 -9999.0 -9999.0 4.008621 4.000161 4.001158 3.999856 4.009075 4.000297 4.000900 4.016410 4.010750 4.013889 4.014730 4.010005 3.999076 3.999884 4.011133 4.010914 4.012256 4.014678 4.009888 4.010348 4.011856 4.008887 4.007457 4.006101 4.008618 4.010485 4.010141 4.008371 4.007735 4.008463 4.007110 4.008205 4.010513 -9999.0 -9999.0 -9999.0 4.004323 4.007083 4.011027 4.008666 4.009694 4.009583 4.005891 4.006315 4.008808 -9999.0 -9999.0 -9999.0 -9999.0 -9999.0 -9999.0 -9999.0
-9999.0 -9999.0 -9999.0 -9999.0 -9999.0 -9999.0 -9999.0 -9999.0 -9999.0 -9999.0 -9999.0 4.008723 4.007889 4.000032 4.009528 4.010644 4.000154 4.000872 4.009823 4.010884 4.002433 4.001756 4.000055 4.009565 4.010901 4.014724 4.000026 4.000056 4.013548 4.008519 4.012100 3.999156 4.011328 4.007894 4.010574 4.010174 3.998952 3.998914 4.010587 4.010217 4.008750 4.008623 4.010081 4.009565 4.007451 -9999.0 4.006227 4.007856 4.009910 4.011548 4.013635 4.016026 4.012897 4.010703 4.011948 4.009683 -9999.0 -9999.0 -9999.0 -9999.0 -9999.0 -9999.0 -9999.0
-9999.0 -9999.0 -9999.0 -9999.0 -9999.0 -9999.0 -9999.0 -9999.0 -9999.0 -9999.0 -9999.0 -9999.0 4.008626 3.999402 4.008722 4.008565 3.997255 4.000380 4.016836 4.011172 4.002256 4.002541 4.001937 4.000745 3.999374 4.000367 4.012191 4.013602 4.010817 4.013082 4.010704 3.999734 4.013174 4.009066 4.007537 4.009121 3.998429 3.999454 4.010217 4.011082 4.008667 4.014990 3.999409 4.009239 4.011494 4.007578 4.009845 4.008275 3.998068 3.998876 3.999032 3.998716 3.998720 3.998319 3.998677 4.008089 4.007845 -9999.0 -9999.0 -9999.0 -9999.0 -9999.0 -9999.0
-9999.0 -9999.0 -9999.0 -9999.0 -9999.0 -9999.0 -9999.0 -9999.0 -9999.0 -9999.0 -9999.0 3.998913 4.007387 4.012822 4.000018 4.000109 4.001052 4.000578 4.015394 4.005116 4.003029 4.001710 4.001940 4.000601 4.000685 4.001591 4.000922 4.010695 4.011058 4.015979 3.999816 4.000451 4.013156 4.009232 4.006305 4.008827 4.008498 3.998807 4.000282 4.013266 3.999889 4.000921 4.001063 3.998521 4.012552 4.009330 4.010871 4.015029 4.016321 3.998786 3.996033 4.010089 3.998301 3.993722 3.992709 4.009867 4.013077 -9999.0 -9999.0 -9999.0 -9999.0 -9999.0 -9999.0
-9999.0 -9999.0 -9999.0 -9999.0 -9999.0 -9999.0 -9999.0 -9999.0 -9999.0 -9999.0 4.011131 4.000051 4.008991 4.008736 4.009858 4.001289 4.001367 3.999113 4.003810 4.005269 4.011006 4.009777 3.998766 4.012327 4.002133 4.002028 4.000542 3.996659 4.015415 4.014122 4.001402 4.000944 4.012033 4.008982 4.007312 4.010963 4.010732 3.999162 3.998125 4.001307 4.002161 4.001429 4.022730 4.001400 3.999072 4.014395 4.011161 4.000110 3.999245 3.999431 3.994737 4.011413 3.992032 4.008809 4.009784 4.011066 4.011372 -9999.0 -9999.0 -9999.0 -9999.0 -9999.0 -9999.0
-9999.0 -9999.0 -9999.0 -9999.0 -9999.0 -9999.0 -9999.0 -9999.0 -9999.0 4.010283 4.010214 4.000534 4.000919 3.999706 4.000860 4.000897 4.000377 4.012226 4.004214 4.006038 4.011803 4.001738 4.002351 4.003402 4.003105 3.999014 4.000394 4.015133 4.002341 4.002295 4.002352 3.996763 4.012736 4.009033 4.009772 4.011485 4.010469 3.998891 3.999137 4.000029 3.999520 3.997858 3.996989 4.001911 4.001651 3.998993 4.014850 3.999555 3.999660 4.001786 3.999332 4.012941 4.008087 4.008496 4.011311 3.998410 3.999298 4.014719 4.012697 -9999.0 -9999.0 -9999.0 -9999.0
-9999.0 -9999.0 -9999.0 -9999.0 -9999.0 -9999.0 -9999.0 -9999.0 -9999.0 4.012095 4.010319 4.011924 4.012595 4.001599 4.000809 4.000242 4.011305 4.002601 4.005447 4.012744 4.012461 4.010970 4.010321 4.008751 3.999655 4.001496 4.002116 4.002825 4.003852 4.008935 4.009987 3.996935 4.011345 4.009344 4.010237 4.012833 4.013442 4.015230 4.009386 4.011533 3.999313 3.998256 3.999627 4.001579 4.003362 4.003059 4.002653 4.002485 4.001875 4.001719 3.994896 3.996620 4.009653 4.008202 4.012521 3.998167 3.999310 4.000095 4.016480 -9999.0 -9999.0 -9999.0 -9999.0
-9999.0 -9999.0 -9999.0 -9999.0 -9999.0 -9999.0 -9999.0 -9999.0 -9999.0 -9999.0 4.010148 4.012608 4.001428 4.001985 4.002813 4.001374 4.001951 4.003699 4.006916 4.006543 4.012215 4.005113 4.000620 4.000080 4.001630 4.003702 4.004864 4.005199 4.011376 3.999375 3.997971 4.000746 3.997869 4.009720 4.011968 4.013060 4.009892 4.009974 4.013213 4.009391 4.008356 4.009465 4.011196 3.999971 3.999998 4.000423 4.002673 4.009244 4.004476 4.002634 3.997291 3.998930 4.012191 4.011055 4.006497 4.010413 4.009655 4.002124 4.002598 4.001911 -9999.0 -9999.0 -9999.0
-9999.0 -9999.0 -9999.0 -9999.0 -9999.0 -9999.0 -9999.0 -9999.0 -9999.0 -9999.0 4.010287 4.011610 4.010055 4.002105 4.010148 4.001792 4.001401 4.004595 4.008039 4.006547 4.004814 4.001948 3.999722 4.001361 4.003174 4.006049 4.006893 4.005646 4.000934 3.999839 4.012012 4.010587 3.996682 4.009193 4.010372 4.009827 4.000766 4.000368 3.998397 4.008935 4.010211 4.017120 3.999382 4.011224 4.010709 3.996741 3.999513 4.001245 4.006088 4.004974 4.002952 3.999936 3.999049 4.013885 4.010791 4.012054 4.010184 4.001137 4.005716 4.004716 -9999.0 -9999.0 -9999.0
-9999.0 -9999.0 -9999.0 -9999.0 -9999.0 -9999.0 -9999.0 -9999.0 4.010030 4.011480 4.011646 4.009612 4.001052 4.001466 4.000603 4.004622 4.004814 4.011560 4.006719 4.006695 4.006775 4.004219 4.002556 4.000432 4.003850 4.012290 4.014164 4.003300 4.001627 4.000117 4.012596 4.011739 4.011667 4.009777 4.011408 4.010012 4.013960 4.000848 3.993993 4.012410 4.013635 4.009008 3.995155 4.012160 4.016634 4.011143 3.995617 3.999151 4.002245 4.004524 4.002960 4.001069 3.999869 3.997923 4.013248 4.014363 4.016939 4.012262 4.004232 4.008382 -9999.0 -9999.0 -9999.0
-9999.0 -9999.0 -9999.0 -9999.0 -9999.0 -9999.0 -9999.0 -9999.0 3.999210 4.000814 3.999477 4.010459 4.011893 4.001797 3.999455 4.002265 4.003875 4.004407 4.009737 4.007206 4.020557 4.012910 4.010820 4.009729 4.005033 4.010551 4.007965 4.003683 3.999099 4.012666 4.011235 4.016004 4.012633 4.015093 4.009730 4.009952 4.015949 4.001752 3.999714 4.011709 4.009917 4.011109 4.013302 4.012090 4.011125 3.999634 3.995675 4.012050 4.001024 4.004703 4.004455 4.002096 3.998329 4.012888 4.016633 4.000969 4.002091 4.003356 4.005789 4.006728 4.007119 -9999.0 -9999.0
-9999.0 -9999.0 -9999.0 -9999.0 -9999.0 -9999.0 -9999.0 -9999.0 4.011293 4.014103 4.008166 3.999044 4.010792 3.998668 4.001590 3.999757 4.002445 4.004882 4.007815 4.021006 4.007412 4.013942 4.013153 4.005894 4.012843 4.006699 4.004954 4.000746 3.998280 4.013499 4.016928 4.011409 3.999935 3.999840 4.010826 4.015862 4.001420 4.003282 3.998665 3.999302 4.011473 4.014335 4.009245 4.009885 3.999156 4.009546 4.014606 4.009570 3.999562 4.003075 4.008337 4.003684 4.000746 3.999792 4.003453 4.003406 4.004322 4.004984 4.006068 4.006958 4.006944 -9999.0 -9999.0
-9999.0 -9999.0 -9999.0 -9999.0 -9999.0 -9999.0 -9999.0 -9999.0 4.012206 4.013017 4.001541 3.997729 4.010963 4.001349 4.001631 4.003287 4.008967 4.008247 4.012670 4.008907 4.007238 4.007506 4.014496 4.013748 4.005952 4.003580 4.001740 3.998802 4.011980 4.002095 4.001500 4.001840 4.002783 4.001834 4.001058 4.014523 4.016166 4.004088 4.000735 4.000389 4.012270 4.012761 4.012953 4.017119 4.009254 4.015971 4.014938 4.018318 4.013066 4.001412 4.004280 4.008060 4.004184 4.003570 4.004752 4.005466 4.006239 4.011553 4.011540 4.006803 4.005623 4.005196 -9999.0
-9999.0 -9999.0 -9999.0 -9999.0 -9999.0 -9999.0 -9999.0 -9999.0 4.007467 4.010001 4.001856 3.999678 4.001881 4.002401 4.010005 4.005841 4.011665 4.005733 4.003488 4.005196 4.007873 4.007483 4.007490 4.007112 4.011046 4.002461 3.999593 4.002551 4.003415 4.003455 4.000495 4.002569 4.005360 4.002971 4.002403 4.002892 4.003837 4.006768 4.007516 4.002511 4.001734 4.001678 4.001855 4.001383 3.999585 4.014236 4.000940 4.002144 4.001800 4.003919 4.005812 4.007348 4.008790 4.005903 4.006346 4.007236 4.007164 4.007093 4.006763 4.005356 4.006305 4.003584 -9999.0
-9999.0 -9999.0 4.014300 4.010374 4.000564 4.000528 4.000781 4.000117 4.009376 4.009691 4.001238 4.003082 4.003292 4.004555 4.011408 4.005305 4.003998 3.999807 4.001572 4.003226 4.005546 4.009634 4.007661 4.010064 4.006158 4.004520 4.003094 4.003479 4.005929 4.010590 4.001683 4.002453 4.011869 4.005028 4.004719 4.005264 4.005044 4.008857 4.009501 4.005709 4.004803 4.005147 4.005783 4.003246 4.000907 4.002182 4.003257 4.004365 4.005897 4.005674 4.006003 4.006965 4.007170 4.007201 4.007002 4.021990 4.006848 4.006383 4.004962 4.006081 4.009683 4.001449 -9999.0
-9999.0 4.000916 4.000868 4.000729 4.000563 4.001120 4.000766 3.999734 3.999159 4.011674 4.000646 4.001215 4.005444 4.012138 4.011250 4.003160 4.001371 4.000968 4.001562 4.003436 4.006283 4.008778 4.014979 4.010780 4.014650 4.006520 4.013048 4.013204 4.006501 4.006139 4.005247 4.005120 4.006022 4.014131 4.006086 4.006941 4.007118 4.012127 4.007715 4.006630 4.005708 4.005827 4.006425 4.005505 4.004296 4.005204 4.006319 4.009617 4.007386 4.012043 4.006922 4.006708 4.006747 4.006487 4.006480 4.005829 4.007051 4.006360 4.003951 4.008932 4.001085 4.000317 -9999.0
-9999.0 4.012251 4.002006 4.002076 4.008689 4.001959 3.997764 3.999429 4.009301 4.013461 4.000552 4.000779 4.005070 4.011600 4.004298 3.999441 4.000754 4.000871 4.002690 4.004372 4.012239 4.008882 4.011273 4.008220 4.022476 4.022352 4.010996 4.007865 4.007786 4.010162 4.009995 4.009552 4.007884 4.007731 4.015984 4.008494 4.026038 4.027145 4.009362 4.008638 4.008588 4.008415 4.007270 4.011202 4.011452 4.010867 4.008392 4.008628 4.008389 4.007085 4.005987 4.007772 4.007080 4.008628 4.006863 4.004542 4.004220 4.002845 4.001635 3.999416 3.998767 -9999.0 -9999.0
-9999.0 4.015457 4.001789 4.002177 4.002876 4.009462 4.008824 3.998928 4.000564 4.000627 4.001436 4.003444 4.004869 4.010615 4.000746 3.998461 4.000237 4.001117 4.000188 4.003999 4.004067 4.005792 4.010081 4.022873 4.022686 4.008005 4.007935 4.007818 4.007839 4.008288 4.008325 4.008535 4.008688 4.008355 4.008336 4.008654 4.008953 4.026430 4.009337 4.009393 4.009056 4.024908 4.008657 4.009271 4.008994 4.008775 4.008288 4.007826 4.006938 4.008882 4.005866 4.009743 4.004349 4.003921 4.003592 4.001651 4.000829 3.999274 3.998289 -9999.0 -9999.0 -9999.0 -9999.0
