tests/3D/Mazia/output-maps-SE27XX/TL0004N0001.asc
ncols         63
nrows         48
xllcorner     598000.000000
yllcorner     5145000.000000
cellsize      1000.000000
NODATA_value  -9999.0
[rows 0 to 28 of 48, columns 0 to 62 of 63]
-9999.0 -9999.0 -9999.0 -9999.0 -9999.0 -9999.0 -9999.0 -9999.0 -9999.0 -9999.0 -9999.0 -9999.0 -9999.0 -9999.0 -9999.0 -9999.0 -9999.0 -9999.0 -9999.0 -9999.0 -9999.0 -9999.0 -9999.0 -9999.0 -9999.0 -9999.0 -9999.0 -9999.0 -9999.0 -9999.0 -9999.0 -9999.0 -9999.0 -9999.0 -9999.0 -9999.0 -9999.0 -9999.0 -9999.0 -9999.0 -9999.0 -9999.0 -9999.0 -9999.0 -9999.0 -9999.0 -9999.0 -9999.0 -9999.0 -9999.0 -9999.0 -9999.0 -9999.0 -9999.0 -9999.0 -9999.0 -9999.0 -9999.0 -9999.0 -9999.0 -9999.0 -9999.0 -9999.0
-9999.0 -9999.0 -9999.0 -9999.0 -9999.0 -9999.0 -9999.0 -9999.0 -9999.0 -9999.0 -9999.0 -9999.0 -9999.0 -9999.0 -9999.0 -9999.0 -9999.0 -9999.0 -9999.0 -9999.0 -9999.0 -9999.0 -9999.0 -9999.0 -9999.0 -9999.0 -9999.0 4.861265 5.163069 4.934346 5.063028 4.860368 4.928586 -9999.0 -9999.0 -9999.0 -9999.0 -9999.0 -9999.0 -9999.0 -9999.0 -9999.0 -9999.0 -9999.0 -9999.0 -9999.0 -9999.0 -9999.0 -9999.0 -9999.0 -9999.0 -9999.0 -9999.0 -9999.0 -9999.0 -9999.0 -9999.0 -9999.0 -9999.0 -9999.0 -9999.0 -9999.0 -9999.0
-9999.0 -9999.0 -9999.0 -9999.0 -9999.0 -9999.0 -9999.0 -9999.0 -9999.0 -9999.0 -9999.0 -9999.0 -9999.0 -9999.0 -9999.0 -9999.0 -9999.0 -9999.0 -9999.0 -9999.0 -9999.0 -9999.0 -9999.0 -9999.0 5.224916 5.280157 5.337339 5.250722 5.336170 5.288957 5.017023 -9999.0 -9999.0 -9999.0 -9999.0 -9999.0 -9999.0 -9999.0 -9999.0 -9999.0 -9999.0 -9999.0 -9999.0 -9999.0 -9999.0 -9999.0 -9999.0 -9999.0 -9999.0 -9999.0 -9999.0 -9999.0 -9999.0 -9999.0 -9999.0 -9999.0 -9999.0 -9999.0 -9999.0 -9999.0 -9999.0 -9999.0 -9999.0
-9999.0 -9999.0 -9999.0 -9999.0 -9999.0 -9999.0 -9999.0 -9999.0 -9999.0 -9999.0 -9999.0 -9999.0 -9999.0 -9999.0 -9999.0 -9999.0 -9999.0 -9999.0 -9999.0 -9999.0 -9999.0 -9999.0 -9999.0 5.265410 5.393883 4.100870 4.173302 4.154727 4.084001 5.289778 5.071925 4.962809 -9999.0 -9999.0 -9999.0 -9999.0 -9999.0 -9999.0 -9999.0 -9999.0 -9999.0 -9999.0 -9999.0 -9999.0 -9999.0 -9999.0 -9999.0 -9999.0 -9999.0 -9999.0 -9999.0 -9999.0 -9999.0 -9999.0 -9999.0 -9999.0 -9999.0 -9999.0 -9999.0 -9999.0 -9999.0 -9999.0 -9999.0
-9999.0 -9999.0 -9999.0 -9999.0 -9999.0 -9999.0 -9999.0 -9999.0 -9999.0 -9999.0 -9999.0 -9999.0 -9999.0 -9999.0 -9999.0 -9999.0 -9999.0 -9999.0 5.642274 5.274143 -9999.0 5.265142 5.360447 4.115014 4.204668 4.268627 4.909876 4.908231 4.240770 4.090990 5.255986 5.060945 4.732134 4.550459 -9999.0 -9999.0 -9999.0 -9999.0 -9999.0 -9999.0 -9999.0 -9999.0 -9999.0 -9999.0 -9999.0 -9999.0 -9999.0 -9999.0 -9999.0 -9999.0 -9999.0 -9999.0 -9999.0 -9999.0 -9999.0 -9999.0 -9999.0 -9999.0 -9999.0 -9999.0 -9999.0 -9999.0 -9999.0
-9999.0 -9999.0 -9999.0 -9999.0 -9999.0 -9999.0 -9999.0 -9999.0 -9999.0 -9999.0 -9999.0 -9999.0 -9999.0 -9999.0 -9999.0 -9999.0 -9999.0 4.546426 4.244355 4.056717 5.027776 4.110006 4.152101 4.248959 5.019014 3.992365 3.789135 4.048854 3.832035 4.154494 5.450260 5.259350 4.950877 4.806771 4.670504 4.539989 -9999.0 -9999.0 -9999.0 -9999.0 -9999.0 -9999.0 -9999.0 -9999.0 -9999.0 -9999.0 -9999.0 -9999.0 -9999.0 -9999.0 -9999.0 -9999.0 -9999.0 -9999.0 -9999.0 -9999.0 -9999.0 -9999.0 -9999.0 -9999.0 -9999.0 -9999.0 -9999.0
-9999.0 -9999.0 -9999.0 -9999.0 -9999.0 -9999.0 -9999.0 -9999.0 -9999.0 -9999.0 -9999.0 -9999.0 -9999.0 5.247725 4.166853 4.174582 4.324984 5.570485 4.506353 4.268017 4.289623 4.227563 4.293547 5.063778 3.992082 5.298567 3.841332 3.978975 3.935794 3.998909 4.058828 5.219143 5.077893 4.935152 4.667416 4.503350 -9999.0 -9999.0 -9999.0 -9999.0 -9999.0 -9999.0 -9999.0 -9999.0 -9999.0 -9999.0 -9999.0 -9999.0 -9999.0 -9999.0 -9999.0 -9999.0 -9999.0 -9999.0 -9999.0 -9999.0 -9999.0 -9999.0 -9999.0 -9999.0 -9999.0 -9999.0 -9999.0
-9999.0 -9999.0 -9999.0 -9999.0 -9999.0 -9999.0 -9999.0 -9999.0 -9999.0 -9999.0 -9999.0 -9999.0 -9999.0 5.326923 4.231003 4.135132 4.144446 5.937224 5.595446 4.389119 4.349992 4.971977 4.249272 4.129957 4.227257 4.112034 5.175642 4.860625 4.741422 3.856098 3.914929 4.933264 4.634462 4.492510 4.556392 -9999.0 -9999.0 -9999.0 -9999.0 -9999.0 -9999.0 -9999.0 -9999.0 -9999.0 -9999.0 -9999.0 -9999.0 -9999.0 -9999.0 -9999.0 -9999.0 -9999.0 -9999.0 -9999.0 -9999.0 -9999.0 -9999.0 -9999.0 -9999.0 -9999.0 -9999.0 -9999.0 -9999.0
-9999.0 -9999.0 -9999.0 -9999.0 -9999.0 -9999.0 -9999.0 -9999.0 -9999.0 -9999.0 -9999.0 -9999.0 -9999.0 4.132443 4.934429 4.233140 4.006852 4.262318 5.591994 4.530111 5.724659 4.050715 3.974419 3.810878 4.149824 4.079185 4.995656 4.741453 5.052804 4.644387 4.928422 4.486939 4.467338 4.299391 4.432445 -9999.0 -9999.0 -9999.0 -9999.0 -9999.0 -9999.0 -9999.0 -9999.0 -9999.0 -9999.0 -9999.0 -9999.0 -9999.0 -9999.0 -9999.0 -9999.0 -9999.0 -9999.0 -9999.0 -9999.0 -9999.0 -9999.0 -9999.0 -9999.0 -9999.0 -9999.0 -9999.0 -9999.0
-9999.0 -9999.0 -9999.0 -9999.0 -9999.0 -9999.0 -9999.0 -9999.0 -9999.0 -9999.0 -9999.0 -9999.0 4.059315 4.909908 4.201946 4.100823 3.828242 4.177559 5.963645 4.359721 4.238182 4.035287 4.092353 4.019558 4.155079 5.098109 3.967241 5.075353 5.195070 4.708713 4.720375 4.739159 4.894112 4.445058 -9999.0 -9999.0 -9999.0 -9999.0 -9999.0 -9999.0 -9999.0 -9999.0 -9999.0 -9999.0 -9999.0 -9999.0 -9999.0 -9999.0 -9999.0 -9999.0 -9999.0 -9999.0 -9999.0 -9999.0 -9999.0 -9999.0 -9999.0 -9999.0 -9999.0 -9999.0 -9999.0 -9999.0 -9999.0
-9999.0 -9999.0 -9999.0 -9999.0 -9999.0 -9999.0 -9999.0 -9999.0 -9999.0 -9999.0 -9999.0 5.222300 4.120737 4.161792 4.004058 5.176275 3.930409 4.081279 5.966051 4.375262 4.117215 4.225880 5.330385 5.158805 4.112157 5.231174 4.973518 5.187869 5.211015 4.571355 4.710844 5.141927 4.760289 4.604680 4.651120 4.730655 4.884013 4.950296 4.905850 -9999.0 -9999.0 -9999.0 4.541523 -9999.0 -9999.0 -9999.0 -9999.0 -9999.0 -9999.0 -9999.0 -9999.0 -9999.0 -9999.0 -9999.0 -9999.0 -9999.0 -9999.0 -9999.0 -9999.0 -9999.0 -9999.0 -9999.0 -9999.0
-9999.0 -9999.0 -9999.0 -9999.0 -9999.0 -9999.0 -9999.0 -9999.0 -9999.0 -9999.0 -9999.0 5.181241 4.035791 4.120453 3.998535 4.983442 4.046719 4.113880 5.938148 5.243767 5.804162 5.526150 5.351819 3.919119 4.010727 5.192043 5.181168 5.300692 4.901788 4.662135 5.116613 5.244198 4.992343 4.853846 4.727662 4.949877 5.129676 5.099294 4.939836 4.553916 4.598469 4.513499 4.910579 4.693203 -9999.0 -9999.0 -9999.0 4.645351 4.821321 4.723148 4.969070 4.657207 4.651815 4.823169 4.866868 4.616069 -9999.0 -9999.0 -9999.0 -9999.0 -9999.0 -9999.0 -9999.0
-9999.0 -9999.0 -9999.0 -9999.0 -9999.0 -9999.0 -9999.0 -9999.0 -9999.0 -9999.0 -9999.0 5.199301 5.083949 4.020925 5.201264 5.142027 4.034829 4.111412 5.234316 5.264801 4.281484 4.178621 4.034079 5.306678 5.163433 4.923844 4.023641 4.024438 4.845110 4.957017 4.765774 3.947483 5.204137 4.890904 4.695329 5.091304 3.897603 3.920110 5.134728 4.676557 4.968368 4.801466 5.082369 5.042688 4.847091 -9999.0 4.469030 4.881713 5.073110 5.230640 5.183419 4.987315 5.123376 5.152946 5.051199 5.063629 -9999.0 -9999.0 -9999.0 -9999.0 -9999.0 -9999.0 -9999.0
-9999.0 -9999.0 -9999.0 -9999.0 -9999.0 -9999.0 -9999.0 -9999.0 -9999.0 -9999.0 -9999.0 -9999.0 5.172659 3.955046 5.204656 5.177692 3.678826 4.054960 6.002928 5.299044 4.285088 4.252050 4.197567 4.109944 3.955468 4.068572 5.613707 5.165972 5.162594 4.835804 5.154401 3.992021 5.141711 4.998626 4.844068 4.988507 3.833591 3.950379 5.357807 4.985512 5.186102 4.929466 3.968983 5.256659 4.744083 4.866682 4.663340 4.923572 3.850121 3.869204 3.902267 3.850984 3.875323 3.827892 3.862414 5.098870 5.095354 -9999.0 -9999.0 -9999.0 -9999.0 -9999.0 -9999.0
-9999.0 -9999.0 -9999.0 -9999.0 -9999.0 -9999.0 -9999.0 -9999.0 -9999.0 -9999.0 -9999.0 3.907251 5.027547 5.112342 4.024728 4.035030 4.138128 4.080640 5.974035 4.579869 4.379449 4.222482 4.245708 4.082423 4.106646 4.209804 4.121169 5.143865 5.199950 4.990641 3.993202 4.077525 5.375987 5.008621 4.734470 4.960684 4.923010 3.909597 4.047058 5.392611 4.012499 4.129669 4.150348 3.943078 5.320288 5.022987 5.166922 4.934075 5.005744 3.925459 3.819989 5.073237 3.823050 3.690825 3.639446 4.647051 4.829324 -9999.0 -9999.0 -9999.0 -9999.0 -9999.0 -9999.0
-9999.0 -9999.0 -9999.0 -9999.0 -9999.0 -9999.0 -9999.0 -9999.0 -9999.0 -9999.0 5.377912 4.029698 5.238361 5.203906 5.335698 4.164228 4.170971 3.901078 4.437713 4.597684 5.286991 5.147062 3.900152 5.644537 4.272925 4.238833 4.071580 3.852803 5.326313 5.479376 4.190928 4.135274 5.252761 4.974147 4.517908 4.703995 5.147547 3.922243 3.776317 4.174535 4.219165 4.091453 5.305903 4.183110 3.884255 4.897272 5.195673 4.039787 3.929952 3.946686 3.748242 4.730560 3.605586 4.593816 4.646377 5.184035 5.211324 -9999.0 -9999.0 -9999.0 -9999.0 -9999.0 -9999.0
-9999.0 -9999.0 -9999.0 -9999.0 -9999.0 -9999.0 -9999.0 -9999.0 -9999.0 5.108407 5.278357 4.075697 4.126287 3.990841 4.114293 4.122987 4.064449 5.613895 4.519962 4.683632 5.374917 4.226181 4.238220 4.418640 4.352920 3.928319 4.078032 5.575747 4.238386 4.293689 4.298225 3.764640 4.791665 4.602812 4.662232 4.737915 5.102468 3.892087 3.918282 4.020744 3.962092 3.748803 3.723665 4.257302 4.187440 3.902832 5.557472 3.983699 3.998512 4.228409 3.979818 4.817425 4.556766 4.593393 4.735910 3.881980 3.947689 4.920833 4.818936 -9999.0 -9999.0 -9999.0 -9999.0
-9999.0 -9999.0 -9999.0 -9999.0 -9999.0 -9999.0 -9999.0 -9999.0 -9999.0 5.063152 5.111836 5.253996 5.645437 4.204164 4.118738 4.053619 5.508173 4.320669 4.668782 5.478197 5.447551 5.395152 5.211597 5.125387 3.986234 4.202188 4.273851 4.353803 4.470518 5.055766 5.007705 3.727076 5.198769 5.032563 5.114618 4.827773 4.856701 4.943750 5.013363 5.200239 3.943653 3.862155 3.969060 4.212341 4.405039 4.364911 4.343433 4.264760 4.212163 4.232652 3.628490 3.719569 4.652481 4.923324 4.776603 3.824846 3.971386 4.049176 5.021465 -9999.0 -9999.0 -9999.0 -9999.0
-9999.0 -9999.0 -9999.0 -9999.0 -9999.0 -9999.0 -9999.0 -9999.0 -9999.0 -9999.0 5.100634 5.320196 4.179257 4.231425 4.274192 4.181964 4.244047 4.446967 4.848073 4.723745 5.412290 4.498795 4.089792 4.025001 4.217029 4.465256 4.599961 4.637151 5.135844 3.948606 3.824682 4.104215 3.832590 5.056668 5.270548 5.372794 5.345898 5.346127 4.840336 5.013331 4.907439 5.282852 5.474138 4.016115 4.030687 4.089323 4.290764 5.099382 4.439843 4.278422 3.831623 3.945696 4.786441 4.730011 4.927614 5.112967 5.308012 4.228542 4.275396 4.264659 -9999.0 -9999.0 -9999.0
-9999.0 -9999.0 -9999.0 -9999.0 -9999.0 -9999.0 -9999.0 -9999.0 -9999.0 -9999.0 5.113795 5.230611 5.348733 4.261819 5.190576 4.227883 4.181100 4.526027 4.891232 4.696078 4.552410 4.254443 3.985094 4.187683 4.404562 4.739015 4.772215 4.708841 4.134717 4.011066 5.263009 5.410152 3.856475 5.010117 5.109356 5.305617 4.120286 4.065125 3.881605 4.982819 5.102037 5.035391 3.940324 5.181626 5.333845 3.748839 3.948126 4.158805 4.614577 4.485866 4.303649 4.033111 3.918808 4.872748 4.719406 4.787597 5.081505 4.143605 4.739507 4.550702 -9999.0 -9999.0 -9999.0
-9999.0 -9999.0 -9999.0 -9999.0 -9999.0 -9999.0 -9999.0 -9999.0 5.358501 5.234680 5.038625 5.289431 4.138143 4.188606 4.083720 4.525184 4.593010 5.452877 4.710712 4.709234 4.766738 4.518733 4.319003 4.078555 4.478601 5.404295 5.648639 4.424465 4.215087 4.039365 4.796304 5.240478 5.238751 5.072459 5.216294 5.064296 5.452664 4.131506 3.453985 4.801551 4.849500 5.210186 3.768400 4.766238 5.026824 5.486163 3.607939 3.908669 4.254507 4.521718 4.385715 4.128171 4.026410 3.837539 4.843259 5.252025 5.046634 5.662415 4.420169 5.062533 -9999.0 -9999.0 -9999.0
-9999.0 -9999.0 -9999.0 -9999.0 -9999.0 -9999.0 -9999.0 -9999.0 3.979342 4.116546 3.979369 5.123073 5.253198 4.221283 3.946869 4.284502 4.479146 4.543862 4.921310 4.762605 6.401329 5.479387 5.264210 5.248412 4.622899 5.201205 4.916444 4.461610 3.976173 5.344543 5.213598 4.996471 5.338339 4.944257 5.325549 5.355224 5.655883 4.240312 3.991922 5.250338 5.075179 4.690782 4.834244 5.286120 5.502645 3.982054 3.802136 5.272320 4.129649 4.613802 4.559636 4.287276 3.848267 5.380306 5.446431 4.071443 4.235932 4.344006 4.558158 4.751698 4.793444 -9999.0 -9999.0
-9999.0 -9999.0 -9999.0 -9999.0 -9999.0 -9999.0 -9999.0 -9999.0 5.191883 5.451883 4.851376 3.940365 5.450433 3.951923 4.207306 3.989334 4.308398 4.593778 4.951159 6.442240 4.782774 5.586539 5.514214 4.632163 5.493894 4.822489 4.622469 4.109867 3.941441 5.428607 5.048364 5.528720 4.023339 4.017196 5.464631 5.657920 4.166179 4.346984 3.911551 3.961665 5.226235 4.900558 5.264126 5.336570 3.920503 5.296617 4.919664 5.309114 3.985793 4.325093 4.986126 4.467992 4.124728 4.032857 4.351590 4.433994 4.533002 4.607123 4.738746 4.776942 4.774139 -9999.0 -9999.0
-9999.0 -9999.0 -9999.0 -9999.0 -9999.0 -9999.0 -9999.0 -9999.0 4.774526 5.352155 4.185324 3.907647 5.478725 4.166988 4.139431 4.410970 4.855295 5.005738 5.450645 4.996947 4.763555 4.790788 5.644868 5.563679 4.660502 4.444451 4.232092 3.906357 5.602974 4.216829 4.164385 4.198114 4.234854 4.244260 4.110927 5.536859 5.694075 4.533094 4.111577 4.073693 5.307045 5.358739 5.378309 5.065115 5.274342 4.995945 5.298354 5.122053 5.392953 4.172536 4.572616 5.030304 4.520395 4.426478 4.581579 4.661678 4.748299 5.343809 5.339412 4.759983 4.638377 4.633379 -9999.0
-9999.0 -9999.0 -9999.0 -9999.0 -9999.0 -9999.0 -9999.0 -9999.0 5.056897 5.337031 4.220356 3.989588 4.194486 4.307245 5.280179 4.657135 5.341505 4.710142 4.438681 4.638777 4.888453 4.787880 4.786287 4.739038 5.376803 4.312240 3.965952 4.321305 4.427944 4.430864 4.072313 4.328391 4.520006 4.377150 4.252856 4.302658 4.388698 4.864702 4.756212 4.334317 4.199792 4.160066 4.207632 4.141245 3.988303 5.507856 4.127593 4.230929 4.203536 4.396527 4.566007 4.949060 5.125353 4.712819 4.755407 4.795491 4.789777 4.782675 4.757918 4.655864 4.812915 4.453912 -9999.0
-9999.0 -9999.0 5.239144 5.401584 4.088173 4.087130 4.112365 4.040800 5.287795 5.303405 4.164655 4.361349 4.422330 4.561456 5.443068 4.593170 4.391320 3.990353 4.193751 4.406388 4.680137 5.082751 4.805909 5.100347 4.653275 4.556757 4.393774 4.443995 4.743161 5.357351 4.230401 4.325686 5.398668 4.650321 4.592948 4.683404 4.619825 5.119570 4.944652 4.591022 4.478911 4.509106 4.588030 4.415592 4.127686 4.239369 4.415793 4.536041 4.576782 4.703034 4.732467 4.774658 4.792525 4.793420 4.767114 6.592194 4.754842 4.706561 4.602567 4.787681 5.165474 4.213210 -9999.0
-9999.0 4.130656 4.124658 4.107611 4.090295 4.153966 4.110109 3.994471 3.928513 5.238392 4.095062 4.165529 4.631618 5.417188 5.309656 4.319145 4.179279 4.134895 4.189913 4.433432 4.770638 5.066230 5.711107 5.202182 5.688220 4.722840 5.528684 5.547521 4.788403 4.699538 4.649852 4.637878 4.743265 5.659775 4.737560 4.778689 4.856742 5.513659 4.864493 4.749727 4.697005 4.709192 4.797987 4.709305 4.562533 4.671366 4.728452 5.211064 4.909407 5.395593 4.773785 4.753594 4.744605 4.717139 4.715771 4.651116 4.850703 4.770743 4.459876 5.085176 4.169652 4.082756 -9999.0
-9999.0 5.610128 4.259251 4.267501 5.052148 4.253728 3.747198 3.962432 5.281849 5.178098 4.088119 4.113711 4.637825 5.350465 4.426334 3.951799 4.090935 4.125712 4.334292 4.548994 5.422109 5.003465 5.258771 4.896166 6.604963 6.593586 5.243796 4.866749 4.860379 5.253295 5.237175 5.191557 4.891243 4.860995 5.848393 4.933825 7.028562 7.157971 5.033225 4.957113 4.951778 4.930259 4.877643 5.311928 5.339424 5.368472 4.949000 4.974650 4.947833 4.788547 4.677642 4.929477 4.853862 5.027806 4.889043 4.565323 4.566623 4.377533 4.253900 3.979241 3.903659 -9999.0 -9999.0
-9999.0 5.305992 4.229163 4.282689 4.367615 5.122354 5.062888 3.886046 4.090362 4.095128 4.191289 4.440854 4.595858 5.243188 4.108981 3.828633 4.052674 4.150268 4.039552 4.503039 4.510294 4.713073 5.134836 6.646269 6.627005 4.876649 4.872072 4.862048 4.867194 4.923548 4.928325 4.953184 4.969927 4.930781 4.921464 4.948971 4.981038 7.064528 5.024873 5.031282 4.995142 6.895714 4.960573 5.043660 5.013694 4.990474 4.937658 4.886003 4.792235 5.047142 4.762859 5.175918 4.547901 4.452187 4.461887 4.241751 4.144359 3.965170 3.853567 -9999.0 -9999.0 -9999.0 -9999.0
