tests/3D/Mazia/output-maps-SE27XX/TL0007N0003.asc
ncols         63
nrows         48
xllcorner     598000.000000
yllcorner     5145000.000000
cellsize      1000.000000
NODATA_value  -9999.0
[rows 0 to 28 of 48, columns 0 to 62 of 63]
-9999.0 -9999.0 -9999.0 -9999.0 -9999.0 -9999.0 -9999.0 -9999.0 -9999.0 -9999.0 -9999.0 -9999.0 -9999.0 -9999.0 -9999.0 -9999.0 -9999.0 -9999.0 -9999.0 -9999.0 -9999.0 -9999.0 -9999.0 -9999.0 -9999.0 -9999.0 -9999.0 -9999.0 -9999.0 -9999.0 -9999.0 -9999.0 -9999.0 -9999.0 -9999.0 -9999.0 -9999.0 -9999.0 -9999.0 -9999.0 -9999.0 -9999.0 -9999.0 -9999.0 -9999.0 -9999.0 -9999.0 -9999.0 -9999.0 -9999.0 -9999.0 -9999.0 -9999.0 -9999.0 -9999.0 -9999.0 -9999.0 -9999.0 -9999.0 -9999.0 -9999.0 -9999.0 -9999.0
-9999.0 -9999.0 -9999.0 -9999.0 -9999.0 -9999.0 -9999.0 -9999.0 -9999.0 -9999.0 -9999.0 -9999.0 -9999.0 -9999.0 -9999.0 -9999.0 -9999.0 -9999.0 -9999.0 -9999.0 -9999.0 -9999.0 -9999.0 -9999.0 -9999.0 -9999.0 -9999.0 4.021761 4.019652 4.025187 4.017548 4.016356 4.018687 -9999.0 -9999.0 -9999.0 -9999.0 -9999.0 -9999.0 -9999.0 -9999.0 -9999.0 -9999.0 -9999.0 -9999.0 -9999.0 -9999.0 -9999.0 -9999.0 -9999.0 -9999.0 -9999.0 -9999.0 -9999.0 -9999.0 -9999.0 -9999.0 -9999.0 -9999.0 -9999.0 -9999.0 -9999.0 -9999.0
-9999.0 -9999.0 -9999.0 -9999.0 -9999.0 -9999.0 -9999.0 -9999.0 -9999.0 -9999.0 -9999.0 -9999.0 -9999.0 -9999.0 -9999.0 -9999.0 -9999.0 -9999.0 -9999.0 -9999.0 -9999.0 -9999.0 -9999.0 -9999.0 4.016910 4.017786 4.032090 4.017189 4.032075 4.022966 4.016483 -9999.0 -9999.0 -9999.0 -9999.0 -9999.0 -9999.0 -9999.0 -9999.0 -9999.0 -9999.0 -9999.0 -9999.0 -9999.0 -9999.0 -9999.0 -9999.0 -9999.0 -9999.0 -9999.0 -9999.0 -9999.0 -9999.0 -9999.0 -9999.0 -9999.0 -9999.0 -9999.0 -9999.0 -9999.0 -9999.0 -9999.0 -9999.0
-9999.0 -9999.0 -9999.0 -9999.0 -9999.0 -9999.0 -9999.0 -9999.0 -9999.0 -9999.0 -9999.0 -9999.0 -9999.0 -9999.0 -9999.0 -9999.0 -9999.0 -9999.0 -9999.0 -9999.0 -9999.0 -9999.0 -9999.0 4.017720 4.036388 3.997445 3.993276 3.990993 3.988081 4.022924 4.017370 4.015078 -9999.0 -9999.0 -9999.0 -9999.0 -9999.0 -9999.0 -9999.0 -9999.0 -9999.0 -9999.0 -9999.0 -9999.0 -9999.0 -9999.0 -9999.0 -9999.0 -9999.0 -9999.0 -9999.0 -9999.0 -9999.0 -9999.0 -9999.0 -9999.0 -9999.0 -9999.0 -9999.0 -9999.0 -9999.0 -9999.0 -9999.0
-9999.0 -9999.0 -9999.0 -9999.0 -9999.0 -9999.0 -9999.0 -9999.0 -9999.0 -9999.0 -9999.0 -9999.0 -9999.0 -9999.0 -9999.0 -9999.0 -9999.0 -9999.0 4.052001 4.032653 -9999.0 4.031218 4.035745 3.997614 3.997522 4.007936 4.017311 4.016822 4.005084 3.996875 4.021985 4.017408 4.016919 4.009024 -9999.0 -9999.0 -9999.0 -9999.0 -9999.0 -9999.0 -9999.0 -9999.0 -9999.0 -9999.0 -9999.0 -9999.0 -9999.0 -9999.0 -9999.0 -9999.0 -9999.0 -9999.0 -9999.0 -9999.0 -9999.0 -9999.0 -9999.0 -9999.0 -9999.0 -9999.0 -9999.0 -9999.0 -9999.0
-9999.0 -9999.0 -9999.0 -9999.0 -9999.0 -9999.0 -9999.0 -9999.0 -9999.0 -9999.0 -9999.0 -9999.0 -9999.0 -9999.0 -9999.0 -9999.0 -9999.0 4.012259 4.005457 4.001901 4.046582 3.997630 3.999128 4.005685 4.019065 3.999173 3.993663 3.996305 3.994683 4.002846 4.039394 4.022251 4.032925 4.020740 4.014495 4.009546 -9999.0 -9999.0 -9999.0 -9999.0 -9999.0 -9999.0 -9999.0 -9999.0 -9999.0 -9999.0 -9999.0 -9999.0 -9999.0 -9999.0 -9999.0 -9999.0 -9999.0 -9999.0 -9999.0 -9999.0 -9999.0 -9999.0 -9999.0 -9999.0 -9999.0 -9999.0 -9999.0
-9999.0 -9999.0 -9999.0 -9999.0 -9999.0 -9999.0 -9999.0 -9999.0 -9999.0 -9999.0 -9999.0 -9999.0 -9999.0 4.040429 3.999885 4.003796 4.007550 4.059313 4.010621 4.006180 4.005036 4.004343 4.007938 4.018804 3.999351 4.034376 3.990020 3.997222 3.996155 3.994634 3.997194 4.031951 4.018695 4.015597 4.016389 4.008316 -9999.0 -9999.0 -9999.0 -9999.0 -9999.0 -9999.0 -9999.0 -9999.0 -9999.0 -9999.0 -9999.0 -9999.0 -9999.0 -9999.0 -9999.0 -9999.0 -9999.0 -9999.0 -9999.0 -9999.0 -9999.0 -9999.0 -9999.0 -9999.0 -9999.0 -9999.0 -9999.0
-9999.0 -9999.0 -9999.0 -9999.0 -9999.0 -9999.0 -9999.0 -9999.0 -9999.0 -9999.0 -9999.0 -9999.0 -9999.0 4.036601 4.004095 4.003257 4.003673 4.036924 4.060143 4.008267 4.009153 4.022713 4.004891 4.002180 4.004083 3.997142 4.020191 4.023092 4.018017 3.994041 3.993765 4.015641 4.014840 4.009037 4.011191 -9999.0 -9999.0 -9999.0 -9999.0 -9999.0 -9999.0 -9999.0 -9999.0 -9999.0 -9999.0 -9999.0 -9999.0 -9999.0 -9999.0 -9999.0 -9999.0 -9999.0 -9999.0 -9999.0 -9999.0 -9999.0 -9999.0 -9999.0 -9999.0 -9999.0 -9999.0 -9999.0 -9999.0
-9999.0 -9999.0 -9999.0 -9999.0 -9999.0 -9999.0 -9999.0 -9999.0 -9999.0 -9999.0 -9999.0 -9999.0 -9999.0 3.999038 4.016412 4.004746 4.000217 4.006060 4.060023 4.011187 4.029919 4.000519 3.999052 3.994445 3.993320 3.997234 4.037617 4.018160 4.016875 4.014595 4.015260 4.008545 4.007527 4.000803 4.006070 -9999.0 -9999.0 -9999.0 -9999.0 -9999.0 -9999.0 -9999.0 -9999.0 -9999.0 -9999.0 -9999.0 -9999.0 -9999.0 -9999.0 -9999.0 -9999.0 -9999.0 -9999.0 -9999.0 -9999.0 -9999.0 -9999.0 -9999.0 -9999.0 -9999.0 -9999.0 -9999.0 -9999.0
-9999.0 -9999.0 -9999.0 -9999.0 -9999.0 -9999.0 -9999.0 -9999.0 -9999.0 -9999.0 -9999.0 -9999.0 3.995782 4.021220 4.003384 3.998192 3.995841 4.004388 4.037666 4.016813 4.004965 3.996439 3.997304 3.995753 3.992916 4.027416 3.993864 4.017882 4.029956 4.017218 4.010002 4.017430 4.013994 4.005756 -9999.0 -9999.0 -9999.0 -9999.0 -9999.0 -9999.0 -9999.0 -9999.0 -9999.0 -9999.0 -9999.0 -9999.0 -9999.0 -9999.0 -9999.0 -9999.0 -9999.0 -9999.0 -9999.0 -9999.0 -9999.0 -9999.0 -9999.0 -9999.0 -9999.0 -9999.0 -9999.0 -9999.0 -9999.0
-9999.0 -9999.0 -9999.0 -9999.0 -9999.0 -9999.0 -9999.0 -9999.0 -9999.0 -9999.0 -9999.0 4.032473 3.998730 4.003452 3.995229 4.031883 3.995367 4.001309 4.038064 4.016606 4.002825 4.004119 4.045243 4.035148 3.997776 4.038243 4.016356 4.029092 4.030540 4.011885 4.016738 4.028807 4.022159 4.012414 4.014485 4.018633 4.013404 4.015143 4.017582 -9999.0 -9999.0 -9999.0 4.009741 -9999.0 -9999.0 -9999.0 -9999.0 -9999.0 -9999.0 -9999.0 -9999.0 -9999.0 -9999.0 -9999.0 -9999.0 -9999.0 -9999.0 -9999.0 -9999.0 -9999.0 -9999.0 -9999.0 -9999.0
-9999.0 -9999.0 -9999.0 -9999.0 -9999.0 -9999.0 -9999.0 -9999.0 -9999.0 -9999.0 -9999.0 4.030821 3.996332 3.998643 3.995262 4.029053 4.000433 4.002055 4.037588 4.025011 4.031205 4.054433 4.037781 3.991838 3.995087 4.035330 4.029196 4.041169 4.035703 4.015087 4.027153 4.040687 4.015906 4.012767 4.009818 4.015681 4.029369 4.028177 4.015056 4.010855 4.011959 4.009090 4.014562 4.016146 -9999.0 -9999.0 -9999.0 4.006301 4.011604 4.016154 4.014994 4.013084 4.012755 4.009752 4.010685 4.010960 -9999.0 -9999.0 -9999.0 -9999.0 -9999.0 -9999.0 -9999.0
-9999.0 -9999.0 -9999.0 -9999.0 -9999.0 -9999.0 -9999.0 -9999.0 -9999.0 -9999.0 -9999.0 4.031087 4.027462 3.994555 4.035549 4.036371 3.999959 4.001957 4.022731 4.025278 4.005609 4.003711 3.995732 4.034787 4.035541 4.036369 3.995569 3.994279 4.030200 4.015096 4.024323 3.991008 4.036934 4.013826 4.017023 4.028336 3.995716 3.995076 4.030623 4.016838 4.015998 4.014698 4.026936 4.017474 4.012631 -9999.0 4.006188 4.013425 4.017894 4.021543 4.025310 4.034352 4.023406 4.019444 4.021262 4.017141 -9999.0 -9999.0 -9999.0 -9999.0 -9999.0 -9999.0 -9999.0
-9999.0 -9999.0 -9999.0 -9999.0 -9999.0 -9999.0 -9999.0 -9999.0 -9999.0 -9999.0 -9999.0 -9999.0 4.031292 3.993062 4.031454 4.030929 3.993089 4.000687 4.038453 4.025948 4.005126 4.005588 4.004072 3.992031 3.993142 3.996860 4.046498 4.045084 4.033323 4.027041 4.028621 3.994414 4.041678 4.016516 4.013259 4.024387 3.994558 3.998243 4.038042 4.030094 4.030542 4.038703 3.992044 4.032032 4.018138 4.012784 4.013843 4.014292 3.993618 3.991281 3.997183 3.990603 3.989991 3.988719 3.990517 4.014994 4.014245 -9999.0 -9999.0 -9999.0 -9999.0 -9999.0 -9999.0
-9999.0 -9999.0 -9999.0 -9999.0 -9999.0 -9999.0 -9999.0 -9999.0 -9999.0 -9999.0 -9999.0 3.990437 4.024793 4.042844 3.995679 3.996022 4.002195 4.001115 4.035007 4.012138 4.006979 4.003711 4.004333 3.996508 3.998086 4.003349 4.001688 4.033964 4.034311 4.041387 3.994881 3.996648 4.047044 4.017041 4.010491 4.023079 4.022695 3.995007 4.000228 4.048126 3.994008 4.001777 4.002030 3.985449 4.043074 4.016733 4.020035 4.025163 4.035265 3.996381 3.977310 4.018331 3.994667 3.983598 3.981240 4.013558 4.020028 -9999.0 -9999.0 -9999.0 -9999.0 -9999.0 -9999.0
-9999.0 -9999.0 -9999.0 -9999.0 -9999.0 -9999.0 -9999.0 -9999.0 -9999.0 -9999.0 4.043269 3.995784 4.032768 4.031623 4.037392 4.002777 4.003010 3.997559 4.008953 4.012496 4.025373 4.022437 3.996430 4.047982 4.004709 4.004524 3.996313 3.979734 4.053197 4.051508 4.002804 4.001699 4.042209 4.016636 4.009821 4.022208 4.035133 3.991906 3.995301 4.002739 4.004660 4.002691 4.049189 4.002767 3.992098 4.029424 4.020653 3.994036 3.997637 3.998201 3.971343 4.016846 3.979635 4.011279 4.013262 4.020165 4.020859 -9999.0 -9999.0 -9999.0 -9999.0 -9999.0 -9999.0
-9999.0 -9999.0 -9999.0 -9999.0 -9999.0 -9999.0 -9999.0 -9999.0 -9999.0 4.033736 4.038980 4.000800 4.001793 3.994516 4.001566 4.001735 4.000403 4.046726 4.009888 4.014327 4.027324 4.003757 4.005015 4.007925 4.007258 3.996915 3.996947 4.056054 4.004927 4.005076 4.005279 3.990115 4.028101 4.013578 4.014886 4.022650 4.034388 3.989948 3.992255 3.995490 3.998384 3.993440 3.991009 4.004058 4.003066 3.990597 4.052925 3.992408 3.992592 4.003628 3.990382 4.019994 4.009746 4.010337 4.016298 3.994665 3.992600 4.023429 4.018997 -9999.0 -9999.0 -9999.0 -9999.0
-9999.0 -9999.0 -9999.0 -9999.0 -9999.0 -9999.0 -9999.0 -9999.0 -9999.0 4.038648 4.034293 4.042776 4.028114 4.003499 4.001418 3.999986 4.043884 4.006043 4.012879 4.029646 4.028931 4.025137 4.023791 4.019765 3.998453 3.995855 4.004593 4.006435 4.009056 4.020405 4.022013 3.990819 4.036973 4.016968 4.019039 4.025719 4.028252 4.035966 4.017508 4.039671 3.992620 3.987162 3.994250 4.003308 4.007456 4.006896 4.005895 4.005002 4.003453 4.003561 3.986028 3.990314 4.012742 4.013957 4.019234 3.994274 3.991197 3.987701 4.027625 -9999.0 -9999.0 -9999.0 -9999.0
-9999.0 -9999.0 -9999.0 -9999.0 -9999.0 -9999.0 -9999.0 -9999.0 -9999.0 -9999.0 4.033293 4.045887 4.003161 4.004486 4.006339 4.002861 4.004394 4.008847 4.016415 4.015924 4.028491 4.011637 4.001051 3.999499 4.003344 4.008432 4.011378 4.012275 4.025371 3.997898 3.992000 3.990128 3.993069 4.017934 4.039227 4.045869 4.035264 4.036495 4.026226 4.017209 4.015045 4.032826 4.024668 3.993703 3.999170 4.000226 4.005314 4.020999 4.010135 4.005402 3.989125 3.989154 4.018038 4.015506 4.011341 4.018824 4.031331 4.004230 4.005339 4.003909 -9999.0 -9999.0 -9999.0
-9999.0 -9999.0 -9999.0 -9999.0 -9999.0 -9999.0 -9999.0 -9999.0 -9999.0 -9999.0 4.033989 4.041165 4.038585 4.004824 4.023309 4.003965 4.003036 4.010819 4.019465 4.016345 4.011324 4.004234 3.998780 4.002652 4.007148 4.014329 4.016642 4.013011 4.001659 3.993730 4.040961 4.040152 3.979531 4.016627 4.019451 4.036418 4.001140 3.996507 3.986753 4.015892 4.018715 4.047630 3.993188 4.033980 4.038836 3.980557 3.998507 4.001878 4.013431 4.011310 4.006275 3.983133 3.996519 4.021493 4.014894 4.017512 4.018443 4.001747 4.012941 4.010927 -9999.0 -9999.0 -9999.0
-9999.0 -9999.0 -9999.0 -9999.0 -9999.0 -9999.0 -9999.0 -9999.0 4.037933 4.039333 4.036310 4.036528 4.002154 4.003145 4.001087 4.010908 4.011330 4.026829 4.016840 4.016742 4.016219 4.009946 4.005872 4.000328 4.008887 4.029164 4.032944 4.007294 4.003386 3.994673 4.026257 4.038508 4.036624 4.017763 4.021548 4.018737 4.049823 4.001312 3.984058 4.019386 4.022425 4.030365 3.973100 4.019122 4.035750 4.040878 3.987809 3.982857 4.004243 4.010531 4.006526 4.001202 3.986521 3.993470 4.020078 4.026220 4.028285 4.045626 4.009495 4.019315 -9999.0 -9999.0 -9999.0
-9999.0 -9999.0 -9999.0 -9999.0 -9999.0 -9999.0 -9999.0 -9999.0 3.974047 3.992410 3.992435 4.035157 4.042679 4.004087 3.998273 4.005138 4.009042 4.010331 4.023060 4.018036 4.047567 4.030367 4.025149 4.022094 4.011734 4.025102 4.018689 4.008409 3.973728 4.043044 4.034201 4.037186 4.041648 4.031497 4.032252 4.033717 4.034299 4.003519 3.993081 4.021755 4.017838 4.018725 4.021212 4.022709 4.040912 3.993805 3.987999 4.036248 4.001558 4.010442 4.010281 4.004355 3.988248 4.023845 4.054045 4.001221 4.003982 4.007244 4.013436 4.016253 4.017239 -9999.0 -9999.0
-9999.0 -9999.0 -9999.0 -9999.0 -9999.0 -9999.0 -9999.0 -9999.0 4.038998 4.051713 4.024610 3.990845 4.041688 3.972733 4.003393 3.998912 4.005561 4.011643 4.018695 4.048784 4.018595 4.032983 4.030959 4.014653 4.029991 4.015837 4.011383 4.001248 3.985075 4.047667 4.045425 4.043629 3.995153 3.992744 4.039155 4.056957 4.002380 4.006777 3.988294 3.991549 4.021119 4.023013 4.017417 4.033352 3.992334 4.018257 4.023310 4.018044 3.993323 4.006358 4.019159 4.008428 4.000514 3.998260 4.007530 4.007758 4.010163 4.011859 4.014548 4.016817 4.016818 -9999.0 -9999.0
-9999.0 -9999.0 -9999.0 -9999.0 -9999.0 -9999.0 -9999.0 -9999.0 4.027530 4.047444 4.003315 3.983448 4.042277 4.002782 4.003235 4.007593 4.021064 4.019707 4.029937 4.021454 4.018163 4.018879 4.034399 4.032582 4.014393 4.008316 4.003665 3.996429 4.046676 4.004306 3.991523 4.003546 4.005683 4.003863 3.987219 4.050251 4.057981 4.009045 4.000592 3.985780 4.022802 4.023945 4.024465 4.035671 4.017300 4.026379 4.038428 4.042073 4.039659 4.002300 4.009346 4.018481 4.009760 4.008095 4.011245 4.013078 4.015070 4.026897 4.026906 4.016439 4.013468 4.011617 -9999.0
-9999.0 -9999.0 -9999.0 -9999.0 -9999.0 -9999.0 -9999.0 -9999.0 4.023353 4.037987 4.004100 3.998629 4.003908 4.005367 4.022760 4.014035 4.027402 4.013467 4.008007 4.012281 4.018908 4.018828 4.018908 4.018103 4.025801 4.005574 3.998558 4.005733 4.007810 4.007936 4.000375 4.005706 4.012234 4.006628 4.004814 4.005880 4.008243 4.015408 4.016694 4.005303 4.003013 4.002730 4.003434 4.002070 3.992472 4.048520 4.001167 4.004188 4.003272 4.008545 4.013399 4.016681 4.020159 4.014157 4.015408 4.017611 4.017431 4.017242 4.016328 4.012777 4.014313 4.007764 -9999.0
-9999.0 -9999.0 4.047476 4.038968 3.997704 3.997540 3.991979 3.995973 4.033224 4.036106 4.002558 4.007003 4.007413 4.010690 4.026278 4.012817 4.009020 3.999116 4.003515 4.007387 4.013148 4.023240 4.019293 4.024624 4.015392 4.010646 4.007007 4.007871 4.013744 4.024023 4.003404 4.005235 4.027293 4.011283 4.010826 4.011754 4.011875 4.020406 4.021385 4.012270 4.010609 4.011526 4.012664 4.007237 4.001052 4.004260 4.007300 4.009600 4.013445 4.013308 4.014334 4.016864 4.017418 4.017514 4.017100 4.050514 4.016668 4.015530 4.011845 4.013740 4.021879 4.002619 -9999.0
-9999.0 3.992433 3.992177 3.991782 3.997653 3.993318 3.991845 3.994581 3.992385 4.039295 3.991432 4.002447 4.012610 4.028008 4.026067 4.006903 4.002908 3.993517 4.003305 4.007862 4.014893 4.021028 4.035407 4.026047 4.034530 4.015923 4.030279 4.030613 4.015592 4.014549 4.012264 4.011874 4.014127 4.032633 4.014540 4.016707 4.017150 4.028294 4.018652 4.015853 4.013552 4.013874 4.015037 4.012368 4.009501 4.011687 4.014769 4.022325 4.017458 4.028069 4.016711 4.016170 4.016396 4.015721 4.015715 4.014063 4.015979 4.014349 4.009177 4.019992 4.001761 3.999910 -9999.0
-9999.0 4.027065 4.004376 4.004553 4.028802 4.004266 3.987613 3.993364 4.032384 4.042781 3.991271 4.001370 4.011693 4.026855 4.009627 3.998167 3.989338 3.993030 4.006168 4.010064 4.028565 4.021276 4.027184 4.020286 4.052323 4.051994 4.026349 4.019213 4.018958 4.023998 4.023520 4.022349 4.018871 4.018652 4.037292 4.020725 4.060413 4.063058 4.022956 4.021110 4.020918 4.020441 4.017470 4.026043 4.026683 4.025173 4.020030 4.020588 4.020012 4.017098 4.014286 4.017731 4.016034 4.019791 4.015550 4.009956 4.009200 4.005817 4.002988 3.981567 3.978711 -9999.0 -9999.0
-9999.0 4.053975 4.003932 4.004786 4.006478 4.021429 4.019695 3.996932 3.991266 3.991468 4.002980 4.007787 4.011523 4.024399 4.001298 3.989675 3.996510 4.002251 3.999972 4.009191 4.009354 4.013631 4.024230 4.053314 4.052841 4.019663 4.019427 4.019076 4.019061 4.020019 4.020086 4.020575 4.020946 4.020169 4.020242 4.021165 4.021941 4.061492 4.022927 4.022970 4.022112 4.057787 4.020958 4.022182 4.021490 4.020934 4.019720 4.018625 4.016373 4.020529 4.013188 4.021912 4.009404 4.009169 4.007601 4.002928 4.001014 3.980771 3.976495 -9999.0 -9999.0 -9999.0 -9999.0
