tests/3D/Mazia/output-maps-SE27XX/TL0005N0002.asc
ncols         63
nrows         48
xllcorner     598000.000000
yllcorner     5145000.000000
cellsize      1000.000000
NODATA_value  -9999.0
[rows 0 to 28 of 48, columns 0 to 62 of 63]
-9999.0 -9999.0 -9999.0 -9999.0 -9999.0 -9999.0 -9999.0 -9999.0 -9999.0 -9999.0 -9999.0 -9999.0 -9999.0 -9999.0 -9999.0 -9999.0 -9999.0 -9999.0 -9999.0 -9999.0 -9999.0 -9999.0 -9999.0 -9999.0 -9999.0 -9999.0 -9999.0 -9999.0 -9999.0 -9999.0 -9999.0 -9999.0 -9999.0 -9999.0 -9999.0 -9999.0 -9999.0 -9999.0 -9999.0 -9999.0 -9999.0 -9999.0 -9999.0 -9999.0 -9999.0 -9999.0 -9999.0 -9999.0 -9999.0 -9999.0 -9999.0 -9999.0 -9999.0 -9999.0 -9999.0 -9999.0 -9999.0 -9999.0 -9999.0 -9999.0 -9999.0 -9999.0 -9999.0
-9999.0 -9999.0 -9999.0 -9999.0 -9999.0 -9999.0 -9999.0 -9999.0 -9999.0 -9999.0 -9999.0 -9999.0 -9999.0 -9999.0 -9999.0 -9999.0 -9999.0 -9999.0 -9999.0 -9999.0 -9999.0 -9999.0 -9999.0 -9999.0 -9999.0 -9999.0 -9999.0 4.532111 4.572063 4.601971 4.515855 4.384295 4.433938 -9999.0 -9999.0 -9999.0 -9999.0 -9999.0 -9999.0 -9999.0 -9999.0 -9999.0 -9999.0 -9999.0 -9999.0 -9999.0 -9999.0 -9999.0 -9999.0 -9999.0 -9999.0 -9999.0 -9999.0 -9999.0 -9999.0 -9999.0 -9999.0 -9999.0 -9999.0 -9999.0 -9999.0 -9999.0 -9999.0
-9999.0 -9999.0 -9999.0 -9999.0 -9999.0 -9999.0 -9999.0 -9999.0 -9999.0 -9999.0 -9999.0 -9999.0 -9999.0 -9999.0 -9999.0 -9999.0 -9999.0 -9999.0 -9999.0 -9999.0 -9999.0 -9999.0 -9999.0 -9999.0 4.648753 4.679141 4.715387 4.661891 4.715154 4.654629 4.487439 -9999.0 -9999.0 -9999.0 -9999.0 -9999.0 -9999.0 -9999.0 -9999.0 -9999.0 -9999.0 -9999.0 -9999.0 -9999.0 -9999.0 -9999.0 -9999.0 -9999.0 -9999.0 -9999.0 -9999.0 -9999.0 -9999.0 -9999.0 -9999.0 -9999.0 -9999.0 -9999.0 -9999.0 -9999.0 -9999.0 -9999.0 -9999.0
-9999.0 -9999.0 -9999.0 -9999.0 -9999.0 -9999.0 -9999.0 -9999.0 -9999.0 -9999.0 -9999.0 -9999.0 -9999.0 -9999.0 -9999.0 -9999.0 -9999.0 -9999.0 -9999.0 -9999.0 -9999.0 -9999.0 -9999.0 4.671568 4.754465 4.037943 4.082089 4.069871 4.035648 4.654095 4.509818 4.447284 -9999.0 -9999.0 -9999.0 -9999.0 -9999.0 -9999.0 -9999.0 -9999.0 -9999.0 -9999.0 -9999.0 -9999.0 -9999.0 -9999.0 -9999.0 -9999.0 -9999.0 -9999.0 -9999.0 -9999.0 -9999.0 -9999.0 -9999.0 -9999.0 -9999.0 -9999.0 -9999.0 -9999.0 -9999.0 -9999.0 -9999.0
-9999.0 -9999.0 -9999.0 -9999.0 -9999.0 -9999.0 -9999.0 -9999.0 -9999.0 -9999.0 -9999.0 -9999.0 -9999.0 -9999.0 -9999.0 -9999.0 -9999.0 -9999.0 4.936372 4.677930 -9999.0 4.674997 4.735777 4.047522 4.161088 4.203540 4.549327 4.534073 4.163495 4.024003 4.631895 4.511417 4.425803 4.252347 -9999.0 -9999.0 -9999.0 -9999.0 -9999.0 -9999.0 -9999.0 -9999.0 -9999.0 -9999.0 -9999.0 -9999.0 -9999.0 -9999.0 -9999.0 -9999.0 -9999.0 -9999.0 -9999.0 -9999.0 -9999.0 -9999.0 -9999.0 -9999.0 -9999.0 -9999.0 -9999.0 -9999.0 -9999.0
-9999.0 -9999.0 -9999.0 -9999.0 -9999.0 -9999.0 -9999.0 -9999.0 -9999.0 -9999.0 -9999.0 -9999.0 -9999.0 -9999.0 -9999.0 -9999.0 -9999.0 4.377094 4.196188 4.049912 4.670899 4.038860 4.070663 4.147870 4.602501 3.981603 3.833036 4.011865 3.874666 4.096079 4.793897 4.635599 4.613111 4.501186 4.369449 4.265864 -9999.0 -9999.0 -9999.0 -9999.0 -9999.0 -9999.0 -9999.0 -9999.0 -9999.0 -9999.0 -9999.0 -9999.0 -9999.0 -9999.0 -9999.0 -9999.0 -9999.0 -9999.0 -9999.0 -9999.0 -9999.0 -9999.0 -9999.0 -9999.0 -9999.0 -9999.0 -9999.0
-9999.0 -9999.0 -9999.0 -9999.0 -9999.0 -9999.0 -9999.0 -9999.0 -9999.0 -9999.0 -9999.0 -9999.0 -9999.0 4.634012 4.087531 4.119952 4.235254 5.172880 4.326503 4.163551 4.178016 4.156623 4.201661 4.639934 3.986272 4.716336 3.829492 3.959366 3.934664 3.974287 4.039623 4.676822 4.545421 4.460166 4.407869 4.236215 -9999.0 -9999.0 -9999.0 -9999.0 -9999.0 -9999.0 -9999.0 -9999.0 -9999.0 -9999.0 -9999.0 -9999.0 -9999.0 -9999.0 -9999.0 -9999.0 -9999.0 -9999.0 -9999.0 -9999.0 -9999.0 -9999.0 -9999.0 -9999.0 -9999.0 -9999.0 -9999.0
-9999.0 -9999.0 -9999.0 -9999.0 -9999.0 -9999.0 -9999.0 -9999.0 -9999.0 -9999.0 -9999.0 -9999.0 -9999.0 4.720707 4.139549 4.102489 4.126253 5.155654 5.188840 4.278333 4.231630 4.576827 4.167751 4.078432 4.142288 4.039762 4.581542 4.555632 4.453205 3.883340 3.916203 4.463919 4.378967 4.255300 4.298439 -9999.0 -9999.0 -9999.0 -9999.0 -9999.0 -9999.0 -9999.0 -9999.0 -9999.0 -9999.0 -9999.0 -9999.0 -9999.0 -9999.0 -9999.0 -9999.0 -9999.0 -9999.0 -9999.0 -9999.0 -9999.0 -9999.0 -9999.0 -9999.0 -9999.0 -9999.0 -9999.0 -9999.0
-9999.0 -9999.0 -9999.0 -9999.0 -9999.0 -9999.0 -9999.0 -9999.0 -9999.0 -9999.0 -9999.0 -9999.0 -9999.0 4.066303 4.557673 4.153018 4.017918 4.189191 5.186729 4.343800 5.016350 4.014865 3.980737 3.860124 4.074251 4.028289 4.647301 4.448615 4.491989 4.376328 4.450357 4.245574 4.222964 4.077764 4.188131 -9999.0 -9999.0 -9999.0 -9999.0 -9999.0 -9999.0 -9999.0 -9999.0 -9999.0 -9999.0 -9999.0 -9999.0 -9999.0 -9999.0 -9999.0 -9999.0 -9999.0 -9999.0 -9999.0 -9999.0 -9999.0 -9999.0 -9999.0 -9999.0 -9999.0 -9999.0 -9999.0 -9999.0
-9999.0 -9999.0 -9999.0 -9999.0 -9999.0 -9999.0 -9999.0 -9999.0 -9999.0 -9999.0 -9999.0 -9999.0 4.012426 4.526766 4.116246 4.046385 3.875331 4.145361 5.177913 4.330721 4.170669 4.007042 4.039887 3.992844 4.076723 4.552975 3.953516 4.515851 4.605108 4.424300 4.306152 4.425374 4.411063 4.176378 -9999.0 -9999.0 -9999.0 -9999.0 -9999.0 -9999.0 -9999.0 -9999.0 -9999.0 -9999.0 -9999.0 -9999.0 -9999.0 -9999.0 -9999.0 -9999.0 -9999.0 -9999.0 -9999.0 -9999.0 -9999.0 -9999.0 -9999.0 -9999.0 -9999.0 -9999.0 -9999.0 -9999.0 -9999.0
-9999.0 -9999.0 -9999.0 -9999.0 -9999.0 -9999.0 -9999.0 -9999.0 -9999.0 -9999.0 -9999.0 4.656306 4.060405 4.115040 3.980658 4.637793 3.916186 4.042108 5.179996 4.325225 4.080192 4.133828 4.687685 4.582045 4.048888 4.629204 4.470941 4.588590 4.655638 4.304556 4.407675 4.574891 4.461467 4.312904 4.355342 4.435998 4.391760 4.436459 4.396798 -9999.0 -9999.0 -9999.0 4.260319 -9999.0 -9999.0 -9999.0 -9999.0 -9999.0 -9999.0 -9999.0 -9999.0 -9999.0 -9999.0 -9999.0 -9999.0 -9999.0 -9999.0 -9999.0 -9999.0 -9999.0 -9999.0 -9999.0 -9999.0
-9999.0 -9999.0 -9999.0 -9999.0 -9999.0 -9999.0 -9999.0 -9999.0 -9999.0 -9999.0 -9999.0 4.628315 4.005294 4.063676 3.980914 4.481613 4.018747 4.070062 5.166315 4.774764 5.058272 4.812878 4.737311 3.911305 3.979071 4.596993 4.579773 4.662457 4.593913 4.367248 4.551302 4.647372 4.458603 4.375132 4.294106 4.450144 4.559300 4.537918 4.429623 4.265259 4.294942 4.241289 4.425894 4.396675 -9999.0 -9999.0 -9999.0 4.243752 4.351838 4.418539 4.446472 4.354999 4.349605 4.359332 4.391826 4.310997 -9999.0 -9999.0 -9999.0 -9999.0 -9999.0 -9999.0 -9999.0
-9999.0 -9999.0 -9999.0 -9999.0 -9999.0 -9999.0 -9999.0 -9999.0 -9999.0 -9999.0 -9999.0 4.633158 4.573507 3.993923 4.647889 4.569855 4.004733 4.067359 4.767462 4.782373 4.175606 4.098429 3.991501 4.698190 4.586253 4.584453 3.992398 3.994733 4.540612 4.436930 4.476071 3.937856 4.611466 4.403134 4.400124 4.544827 3.904376 3.925476 4.567463 4.384102 4.455293 4.337934 4.539397 4.504699 4.377685 -9999.0 4.199533 4.403321 4.526240 4.621992 4.569174 4.647060 4.536741 4.571101 4.492831 4.507320 -9999.0 -9999.0 -9999.0 -9999.0 -9999.0 -9999.0 -9999.0
-9999.0 -9999.0 -9999.0 -9999.0 -9999.0 -9999.0 -9999.0 -9999.0 -9999.0 -9999.0 -9999.0 -9999.0 4.632391 3.944865 4.630765 4.621596 3.774233 4.026303 5.202073 4.803119 4.175501 4.145154 4.108244 4.050535 3.935047 4.018182 4.915232 4.573761 4.578087 4.509831 4.570423 3.967275 4.550464 4.473724 4.387719 4.483818 3.862563 3.948469 4.765230 4.452946 4.631589 4.601711 3.953874 4.677539 4.442274 4.381766 4.362961 4.427071 3.870970 3.907182 3.922391 3.893705 3.896452 3.866453 3.883017 4.593795 4.561657 -9999.0 -9999.0 -9999.0 -9999.0 -9999.0 -9999.0
-9999.0 -9999.0 -9999.0 -9999.0 -9999.0 -9999.0 -9999.0 -9999.0 -9999.0 -9999.0 -9999.0 3.905006 4.530729 4.535262 3.990831 3.998449 4.079391 4.041391 5.184305 4.374630 4.237290 4.130002 4.150791 4.024150 4.043952 4.119784 4.060559 4.574241 4.585977 4.641187 3.977970 4.025408 4.720192 4.486181 4.311706 4.466468 4.449967 3.919350 4.013582 4.724042 3.983178 4.065549 4.075262 3.919604 4.683964 4.489859 4.581745 4.601720 4.658771 3.936545 3.800844 4.544307 3.849980 3.699563 3.652044 4.374590 4.513344 -9999.0 -9999.0 -9999.0 -9999.0 -9999.0 -9999.0
-9999.0 -9999.0 -9999.0 -9999.0 -9999.0 -9999.0 -9999.0 -9999.0 -9999.0 -9999.0 4.770274 3.992986 4.651749 4.632846 4.724990 4.099669 4.107161 3.924675 4.279653 4.385409 4.786781 4.698594 3.919406 4.918851 4.164469 4.146564 4.023039 3.829648 4.648229 4.772161 4.102749 4.065991 4.661371 4.476330 4.254356 4.425229 4.576230 3.921573 3.847860 4.097408 4.121367 4.055665 4.975170 4.091042 3.927021 4.575334 4.598307 3.993392 3.929231 3.946816 3.743442 4.443980 3.619950 4.324552 4.368428 4.593878 4.612840 -9999.0 -9999.0 -9999.0 -9999.0 -9999.0 -9999.0
-9999.0 -9999.0 -9999.0 -9999.0 -9999.0 -9999.0 -9999.0 -9999.0 -9999.0 4.548163 4.699750 4.032390 4.066764 3.964013 4.055762 4.065255 4.021505 4.919736 4.333868 4.442263 4.846928 4.132261 4.132087 4.270265 4.230048 3.931953 4.017370 4.831746 4.131010 4.176971 4.182829 3.845990 4.510109 4.336549 4.357906 4.445175 4.569826 3.898562 3.920035 3.994268 3.951941 3.824053 3.817883 4.141584 4.083839 3.941243 4.811311 3.962096 3.966193 4.120670 3.956456 4.510272 4.290930 4.300476 4.432901 3.891380 3.928255 4.585805 4.490389 -9999.0 -9999.0 -9999.0 -9999.0
-9999.0 -9999.0 -9999.0 -9999.0 -9999.0 -9999.0 -9999.0 -9999.0 -9999.0 4.499222 4.550239 4.649772 4.956717 4.123496 4.055196 4.008079 4.842549 4.206317 4.433093 4.916591 4.895226 4.849867 4.746513 4.672160 3.971137 4.110376 4.161837 4.221493 4.307793 4.643918 4.563167 3.810943 4.615589 4.486829 4.540778 4.495692 4.525265 4.611360 4.499724 4.634034 3.938776 3.884643 3.963284 4.116955 4.235332 4.219106 4.203028 4.133909 4.095552 4.126924 3.757250 3.782309 4.354597 4.419730 4.502220 3.848794 3.942763 3.989880 4.662028 -9999.0 -9999.0 -9999.0 -9999.0
-9999.0 -9999.0 -9999.0 -9999.0 -9999.0 -9999.0 -9999.0 -9999.0 -9999.0 -9999.0 4.537931 4.689493 4.111750 4.142568 4.162903 4.103032 4.153068 4.297676 4.550300 4.487322 4.881568 4.295969 4.042834 3.997002 4.121768 4.289563 4.385707 4.414404 4.646877 3.938288 3.872420 4.046172 3.858635 4.514201 4.646747 4.711927 4.725012 4.736560 4.517570 4.500156 4.442713 4.696396 4.844849 3.989884 3.986116 4.016032 4.141374 4.662003 4.257803 4.142950 3.859226 3.939368 4.470815 4.416382 4.455426 4.559379 4.711203 4.113543 4.140651 4.138059 -9999.0 -9999.0 -9999.0
-9999.0 -9999.0 -9999.0 -9999.0 -9999.0 -9999.0 -9999.0 -9999.0 -9999.0 -9999.0 4.546168 4.628236 4.746155 4.165925 4.725789 4.138781 4.107210 4.338467 4.604863 4.501875 4.354151 4.147816 3.968784 4.098583 4.245485 4.483009 4.516016 4.441934 4.064890 3.978697 4.654548 4.790189 3.829196 4.481586 4.556924 4.735858 4.048556 4.019892 3.890264 4.467599 4.543766 4.702548 3.943239 4.611016 4.737193 3.850819 3.957518 4.055422 4.343159 4.287620 4.163963 3.978727 3.907646 4.549940 4.402523 4.459570 4.550490 4.051310 4.437547 4.342406 -9999.0 -9999.0 -9999.0
-9999.0 -9999.0 -9999.0 -9999.0 -9999.0 -9999.0 -9999.0 -9999.0 4.738209 4.613308 4.474588 4.713238 4.079487 4.112429 4.043384 4.338392 4.382049 4.903720 4.516217 4.513560 4.502719 4.335318 4.200929 4.022340 4.303521 4.906924 5.029690 4.253544 4.122182 3.994284 4.496217 4.636983 4.630261 4.512916 4.614151 4.540779 4.767529 4.054575 3.634418 4.478573 4.544525 4.667812 3.763950 4.480601 4.670406 4.831544 3.730427 3.926371 4.114176 4.328450 4.224922 4.029914 3.969682 3.861871 4.518692 4.597399 4.682063 4.902911 4.241834 4.651287 -9999.0 -9999.0 -9999.0
-9999.0 -9999.0 -9999.0 -9999.0 -9999.0 -9999.0 -9999.0 -9999.0 3.951149 4.056925 3.956168 4.559512 4.646985 4.142775 3.950115 4.177076 4.306344 4.349151 4.576234 4.553050 5.470829 4.938407 4.784799 4.748868 4.397947 4.779828 4.584270 4.288658 3.944444 4.684478 4.597784 4.639706 4.683847 4.600343 4.711780 4.728997 4.878541 4.127616 3.974623 4.629485 4.525855 4.444769 4.527846 4.652223 4.820921 3.958281 3.783885 4.654386 4.046003 4.357091 4.348911 4.152788 3.841997 4.691203 4.693437 4.032041 4.106843 4.186971 4.338129 4.497918 4.527285 -9999.0 -9999.0
-9999.0 -9999.0 -9999.0 -9999.0 -9999.0 -9999.0 -9999.0 -9999.0 4.613513 4.782416 4.448266 3.929705 4.799255 3.925627 4.120829 3.980116 4.190988 4.391032 4.625268 5.508094 4.569643 5.017266 4.963303 4.453870 4.934163 4.532685 4.387511 4.050745 3.901794 4.731427 4.680124 4.847511 3.980160 3.980459 4.796939 4.868927 4.069890 4.178083 3.904058 3.946303 4.616242 4.567866 4.674261 4.728290 3.921500 4.700291 4.577566 4.697862 3.946600 4.166855 4.595912 4.286001 4.020050 3.964223 4.193413 4.263597 4.343065 4.398946 4.485310 4.514598 4.514595 -9999.0 -9999.0
-9999.0 -9999.0 -9999.0 -9999.0 -9999.0 -9999.0 -9999.0 -9999.0 4.479254 4.716827 4.108217 3.879463 4.809389 4.093481 4.068944 4.258295 4.527758 4.659396 4.925827 4.658267 4.556736 4.577634 5.059874 5.004513 4.448111 4.282472 4.129783 3.920269 4.891330 4.115756 4.078792 4.098156 4.118988 4.137103 4.036241 4.787242 4.883720 4.310947 4.024749 4.006525 4.661240 4.687830 4.698567 4.685056 4.670930 4.637338 4.622659 4.743353 4.703935 4.066283 4.318958 4.623045 4.329990 4.255879 4.379021 4.439148 4.504403 4.829373 4.829453 4.503196 4.416834 4.364632 -9999.0
-9999.0 -9999.0 -9999.0 -9999.0 -9999.0 -9999.0 -9999.0 -9999.0 4.528974 4.744709 4.133029 3.971981 4.104016 4.185173 4.771652 4.435211 4.849524 4.453549 4.272854 4.413050 4.585489 4.576267 4.577776 4.552650 4.869309 4.191203 3.960154 4.199085 4.267721 4.271766 4.017946 4.198262 4.311590 4.230444 4.130875 4.158275 4.215758 4.522718 4.424793 4.187490 4.086760 4.064048 4.095549 4.048947 3.963100 4.770935 4.038401 4.114391 4.091803 4.220638 4.336851 4.562522 4.677174 4.475210 4.515544 4.541297 4.534693 4.529076 4.499288 4.426850 4.483441 4.243257 -9999.0
-9999.0 -9999.0 4.597563 4.764435 4.035864 4.031546 4.054288 3.996908 4.681494 4.717258 4.092613 4.220493 4.253225 4.361198 4.887395 4.395303 4.230925 3.978082 4.124817 4.251816 4.441704 4.717951 4.590198 4.755762 4.472886 4.358847 4.239709 4.268898 4.464724 4.815368 4.122728 4.183605 4.856694 4.384553 4.369251 4.401695 4.401269 4.689200 4.542002 4.315348 4.273471 4.294879 4.324132 4.250150 4.035044 4.114495 4.251837 4.304670 4.340851 4.448636 4.479501 4.516936 4.534493 4.537848 4.524910 5.561814 4.511726 4.481130 4.397779 4.464509 4.686475 4.084100 -9999.0
-9999.0 4.064325 4.060548 4.049465 4.034839 4.081296 4.053343 3.966074 3.918196 4.631190 4.043953 4.089007 4.392040 4.868604 4.809992 4.178093 4.103923 4.069413 4.109798 4.267883 4.499988 4.703141 5.089657 4.797992 5.071543 4.491148 4.945444 4.956100 4.521703 4.453761 4.415050 4.403020 4.476925 5.020347 4.488503 4.519194 4.574166 4.952719 4.577263 4.493970 4.456212 4.466667 4.506838 4.422263 4.325575 4.399246 4.458376 4.751161 4.586113 4.866974 4.511786 4.494370 4.503732 4.483482 4.483436 4.437165 4.498695 4.448682 4.287557 4.628719 4.058235 4.001312 -9999.0
-9999.0 4.924366 4.153338 4.159098 4.605054 4.149678 3.811849 3.939337 4.673987 4.557812 4.034409 4.053546 4.395931 4.833733 4.245665 3.945904 4.035906 4.060507 4.212198 4.341887 4.892189 4.659779 4.834165 4.618288 5.617118 5.607182 4.815466 4.587539 4.580257 4.805149 4.790000 4.750812 4.585038 4.573157 5.152827 4.635670 5.869314 5.951811 4.706419 4.650548 4.646656 4.627424 4.585015 4.811130 4.830484 4.848143 4.617270 4.633716 4.616155 4.525688 4.444582 4.554051 4.501194 4.615813 4.524325 4.313774 4.312996 4.185089 4.105046 3.935160 3.888042 -9999.0 -9999.0
-9999.0 4.659843 4.137806 4.165897 4.221931 4.669076 4.617295 3.906384 4.034935 4.041315 4.107161 4.265627 4.388067 4.759530 4.051153 3.869300 4.007773 4.082632 4.007275 4.312441 4.318217 4.460009 4.751066 5.648182 5.633367 4.600192 4.593572 4.583474 4.583610 4.613968 4.616476 4.631637 4.642993 4.618995 4.621029 4.648825 4.671757 5.901930 4.699752 4.703216 4.677478 5.787902 4.643183 4.681943 4.660887 4.644070 4.607331 4.574229 4.506334 4.639922 4.446849 4.689520 4.296367 4.287427 4.240918 4.096643 4.037664 3.923716 3.850727 -9999.0 -9999.0 -9999.0 -9999.0
