tests/3D/Mazia/output-maps-SE27XX/TL0003N0001.asc
ncols         63
nrows         48
xllcorner     598000.000000
yllcorner     5145000.000000
cellsize      1000.000000
NODATA_value  -9999.0
[rows 0 to 28 of 48, columns 0 to 62 of 63]
-9999.0 -9999.0 -9999.0 -9999.0 -9999.0 -9999.0 -9999.0 -9999.0 -9999.0 -9999.0 -9999.0 -9999.0 -9999.0 -9999.0 -9999.0 -9999.0 -9999.0 -9999.0 -9999.0 -9999.0 -9999.0 -9999.0 -9999.0 -9999.0 -9999.0 -9999.0 -9999.0 -9999.0 -9999.0 -9999.0 -9999.0 -9999.0 -9999.0 -9999.0 -9999.0 -9999.0 -9999.0 -9999.0 -9999.0 -9999.0 -9999.0 -9999.0 -9999.0 -9999.0 -9999.0 -9999.0 -9999.0 -9999.0 -9999.0 -9999.0 -9999.0 -9999.0 -9999.0 -9999.0 -9999.0 -9999.0 -9999.0 -9999.0 -9999.0 -9999.0 -9999.0 -9999.0 -9999.0
-9999.0 -9999.0 -9999.0 -9999.0 -9999.0 -9999.0 -9999.0 -9999.0 -9999.0 -9999.0 -9999.0 -9999.0 -9999.0 -9999.0 -9999.0 -9999.0 -9999.0 -9999.0 -9999.0 -9999.0 -9999.0 -9999.0 -9999.0 -9999.0 -9999.0 -9999.0 -9999.0 5.274265 5.936036 5.382393 5.769437 5.499848 5.618800 -9999.0 -9999.0 -9999.0 -9999.0 -9999.0 -9999.0 -9999.0 -9999.0 -9999.0 -9999.0 -9999.0 -9999.0 -9999.0 -9999.0 -9999.0 -9999.0 -9999.0 -9999.0 -9999.0 -9999.0 -9999.0 -9999.0 -9999.0 -9999.0 -9999.0 -9999.0 -9999.0 -9999.0 -9999.0 -9999.0
-9999.0 -9999.0 -9999.0 -9999.0 -9999.0 -9999.0 -9999.0 -9999.0 -9999.0 -9999.0 -9999.0 -9999.0 -9999.0 -9999.0 -9999.0 -9999.0 -9999.0 -9999.0 -9999.0 -9999.0 -9999.0 -9999.0 -9999.0 -9999.0 6.032595 6.124412 6.219370 6.075660 6.217392 6.145624 5.692948 -9999.0 -9999.0 -9999.0 -9999.0 -9999.0 -9999.0 -9999.0 -9999.0 -9999.0 -9999.0 -9999.0 -9999.0 -9999.0 -9999.0 -9999.0 -9999.0 -9999.0 -9999.0 -9999.0 -9999.0 -9999.0 -9999.0 -9999.0 -9999.0 -9999.0 -9999.0 -9999.0 -9999.0 -9999.0 -9999.0 -9999.0 -9999.0
-9999.0 -9999.0 -9999.0 -9999.0 -9999.0 -9999.0 -9999.0 -9999.0 -9999.0 -9999.0 -9999.0 -9999.0 -9999.0 -9999.0 -9999.0 -9999.0 -9999.0 -9999.0 -9999.0 -9999.0 -9999.0 -9999.0 -9999.0 6.099948 6.313213 4.167403 4.287613 4.257586 4.139850 6.147247 5.784520 5.602722 -9999.0 -9999.0 -9999.0 -9999.0 -9999.0 -9999.0 -9999.0 -9999.0 -9999.0 -9999.0 -9999.0 -9999.0 -9999.0 -9999.0 -9999.0 -9999.0 -9999.0 -9999.0 -9999.0 -9999.0 -9999.0 -9999.0 -9999.0 -9999.0 -9999.0 -9999.0 -9999.0 -9999.0 -9999.0 -9999.0 -9999.0
-9999.0 -9999.0 -9999.0 -9999.0 -9999.0 -9999.0 -9999.0 -9999.0 -9999.0 -9999.0 -9999.0 -9999.0 -9999.0 -9999.0 -9999.0 -9999.0 -9999.0 -9999.0 6.725796 6.115238 -9999.0 6.099386 6.257619 4.191474 4.339685 4.447261 5.510027 5.507339 4.399580 4.151021 6.091035 5.766124 5.083248 4.814476 -9999.0 -9999.0 -9999.0 -9999.0 -9999.0 -9999.0 -9999.0 -9999.0 -9999.0 -9999.0 -9999.0 -9999.0 -9999.0 -9999.0 -9999.0 -9999.0 -9999.0 -9999.0 -9999.0 -9999.0 -9999.0 -9999.0 -9999.0 -9999.0 -9999.0 -9999.0 -9999.0 -9999.0 -9999.0
-9999.0 -9999.0 -9999.0 -9999.0 -9999.0 -9999.0 -9999.0 -9999.0 -9999.0 -9999.0 -9999.0 -9999.0 -9999.0 -9999.0 -9999.0 -9999.0 -9999.0 4.906752 4.405559 4.083918 5.520685 4.182549 4.252432 4.414478 5.691248 3.987330 3.650026 4.081077 3.721239 4.256424 6.406843 6.096405 5.406885 5.193662 4.992035 4.798923 -9999.0 -9999.0 -9999.0 -9999.0 -9999.0 -9999.0 -9999.0 -9999.0 -9999.0 -9999.0 -9999.0 -9999.0 -9999.0 -9999.0 -9999.0 -9999.0 -9999.0 -9999.0 -9999.0 -9999.0 -9999.0 -9999.0 -9999.0 -9999.0 -9999.0 -9999.0 -9999.0
-9999.0 -9999.0 -9999.0 -9999.0 -9999.0 -9999.0 -9999.0 -9999.0 -9999.0 -9999.0 -9999.0 -9999.0 -9999.0 6.077117 4.276923 4.289720 4.539264 6.323557 4.840292 4.446348 4.480724 4.377687 4.488676 5.765566 3.986858 6.155383 3.765244 3.965002 3.893108 3.998190 4.097636 6.023595 5.794305 5.556919 4.987475 4.744738 -9999.0 -9999.0 -9999.0 -9999.0 -9999.0 -9999.0 -9999.0 -9999.0 -9999.0 -9999.0 -9999.0 -9999.0 -9999.0 -9999.0 -9999.0 -9999.0 -9999.0 -9999.0 -9999.0 -9999.0 -9999.0 -9999.0 -9999.0 -9999.0 -9999.0 -9999.0 -9999.0
-9999.0 -9999.0 -9999.0 -9999.0 -9999.0 -9999.0 -9999.0 -9999.0 -9999.0 -9999.0 -9999.0 -9999.0 -9999.0 6.201968 4.383368 4.224231 4.239696 7.214546 6.360483 4.645749 4.582735 5.618529 4.413712 4.215671 4.377124 4.186509 5.957370 5.273325 5.096962 3.760432 3.858806 5.553883 4.938720 4.728703 4.823200 -9999.0 -9999.0 -9999.0 -9999.0 -9999.0 -9999.0 -9999.0 -9999.0 -9999.0 -9999.0 -9999.0 -9999.0 -9999.0 -9999.0 -9999.0 -9999.0 -9999.0 -9999.0 -9999.0 -9999.0 -9999.0 -9999.0 -9999.0 -9999.0 -9999.0 -9999.0 -9999.0 -9999.0
-9999.0 -9999.0 -9999.0 -9999.0 -9999.0 -9999.0 -9999.0 -9999.0 -9999.0 -9999.0 -9999.0 -9999.0 -9999.0 4.219810 5.550870 4.386885 4.011370 4.435306 6.355392 4.879619 6.862374 4.075038 3.957544 3.686133 4.248626 4.131404 5.473109 5.097008 5.752622 4.953405 5.545858 4.720466 4.691451 4.442971 4.639816 -9999.0 -9999.0 -9999.0 -9999.0 -9999.0 -9999.0 -9999.0 -9999.0 -9999.0 -9999.0 -9999.0 -9999.0 -9999.0 -9999.0 -9999.0 -9999.0 -9999.0 -9999.0 -9999.0 -9999.0 -9999.0 -9999.0 -9999.0 -9999.0 -9999.0 -9999.0 -9999.0 -9999.0
-9999.0 -9999.0 -9999.0 -9999.0 -9999.0 -9999.0 -9999.0 -9999.0 -9999.0 -9999.0 -9999.0 -9999.0 4.098742 5.510229 4.335133 4.167318 3.714964 4.294672 7.258629 4.532219 4.395391 4.058583 4.160996 4.032459 4.257396 5.828582 3.945621 5.790243 5.989548 5.048577 5.199349 5.093617 5.488744 4.658500 -9999.0 -9999.0 -9999.0 -9999.0 -9999.0 -9999.0 -9999.0 -9999.0 -9999.0 -9999.0 -9999.0 -9999.0 -9999.0 -9999.0 -9999.0 -9999.0 -9999.0 -9999.0 -9999.0 -9999.0 -9999.0 -9999.0 -9999.0 -9999.0 -9999.0 -9999.0 -9999.0 -9999.0 -9999.0
-9999.0 -9999.0 -9999.0 -9999.0 -9999.0 -9999.0 -9999.0 -9999.0 -9999.0 -9999.0 -9999.0 6.028281 4.200364 4.268514 4.006734 5.951974 3.897036 4.134906 7.262397 4.555210 4.195141 4.374883 6.214599 5.929165 4.186714 6.049528 5.620945 5.977330 6.010457 4.845391 5.051731 5.901403 5.124875 4.894653 4.963354 5.081029 5.471611 5.581948 5.579217 -9999.0 -9999.0 -9999.0 4.801204 -9999.0 -9999.0 -9999.0 -9999.0 -9999.0 -9999.0 -9999.0 -9999.0 -9999.0 -9999.0 -9999.0 -9999.0 -9999.0 -9999.0 -9999.0 -9999.0 -9999.0 -9999.0 -9999.0 -9999.0
-9999.0 -9999.0 -9999.0 -9999.0 -9999.0 -9999.0 -9999.0 -9999.0 -9999.0 -9999.0 -9999.0 5.960634 4.059395 4.200512 3.997570 5.637384 4.077544 4.189017 7.216571 6.063796 6.994281 6.540766 6.243274 3.865784 4.017803 5.984227 5.966355 6.165269 5.334231 4.979696 5.859129 6.071698 5.652278 5.421244 5.211530 5.581343 5.880769 5.830012 5.564788 4.819541 4.885474 4.759759 5.516163 5.025614 -9999.0 -9999.0 -9999.0 5.071191 5.367352 5.069934 5.613320 4.972380 4.964396 5.366447 5.438803 4.911507 -9999.0 -9999.0 -9999.0 -9999.0 -9999.0 -9999.0 -9999.0
-9999.0 -9999.0 -9999.0 -9999.0 -9999.0 -9999.0 -9999.0 -9999.0 -9999.0 -9999.0 -9999.0 5.990152 5.799102 4.034837 5.993298 5.901216 4.057806 4.184910 6.048219 6.098844 4.467117 4.297375 4.056568 6.168338 5.936709 5.366908 4.039237 4.040695 5.250394 5.593167 5.133002 3.912562 6.004602 5.483308 5.028762 5.816883 3.830069 3.867009 5.889363 5.001030 5.612165 5.397339 5.802039 5.735796 5.410249 -9999.0 4.693946 5.467911 5.786544 6.048845 6.063280 5.460810 5.958611 5.919685 5.832647 5.770665 -9999.0 -9999.0 -9999.0 -9999.0 -9999.0 -9999.0 -9999.0
-9999.0 -9999.0 -9999.0 -9999.0 -9999.0 -9999.0 -9999.0 -9999.0 -9999.0 -9999.0 -9999.0 -9999.0 5.945965 3.925404 5.999215 5.954298 3.466957 4.091219 7.323637 6.155761 4.473113 4.419554 4.328888 4.182481 3.926092 4.113811 6.678497 6.032773 5.935201 5.236599 5.921810 3.986758 5.990310 5.662292 5.405146 5.645551 3.723825 3.917655 6.254212 5.718455 5.968263 5.375225 3.948361 6.085716 5.100923 5.442765 4.981450 5.537512 3.750472 3.782917 3.837780 3.752657 3.793083 3.714350 3.771633 5.823792 5.817721 -9999.0 -9999.0 -9999.0 -9999.0 -9999.0 -9999.0
-9999.0 -9999.0 -9999.0 -9999.0 -9999.0 -9999.0 -9999.0 -9999.0 -9999.0 -9999.0 -9999.0 3.846084 5.705270 5.939094 4.041037 4.058132 4.229220 4.133838 7.275823 4.962227 4.629678 4.369197 4.407799 4.137245 4.176991 4.348214 4.201095 5.904348 5.997675 5.465701 3.988718 4.128650 6.290746 5.679174 5.222816 5.599163 5.536645 3.849490 4.078104 6.318584 4.020810 4.215234 4.249519 3.915780 6.198420 5.703354 5.942502 5.382017 5.488071 3.870029 3.733660 5.786760 3.706325 3.542556 3.466544 4.957350 5.227010 -9999.0 -9999.0 -9999.0 -9999.0 -9999.0 -9999.0
-9999.0 -9999.0 -9999.0 -9999.0 -9999.0 -9999.0 -9999.0 -9999.0 -9999.0 -9999.0 6.286726 4.049283 6.055145 5.997845 6.216693 4.272548 4.283728 3.835778 4.726402 4.991736 6.135523 5.903698 3.833757 6.729368 4.452936 4.396469 4.119175 3.782214 6.312319 6.463008 4.316903 4.224497 6.085742 5.621903 4.766284 5.041598 5.910263 3.870965 3.628768 4.289690 4.364926 4.135313 5.932206 4.303873 3.807857 5.327636 5.990517 4.066251 3.883725 3.911463 3.627493 5.080887 3.416449 4.878575 4.956338 5.971062 6.016806 -9999.0 -9999.0 -9999.0 -9999.0 -9999.0 -9999.0
-9999.0 -9999.0 -9999.0 -9999.0 -9999.0 -9999.0 -9999.0 -9999.0 -9999.0 5.845074 6.121408 4.125610 4.209622 3.984798 4.189654 4.204089 4.106969 6.678731 4.862935 5.134354 6.281569 4.375407 4.396575 4.694841 4.585773 3.880653 4.129533 6.623595 4.396915 4.487411 4.495089 3.589643 5.171345 4.891890 4.979803 5.091777 5.835419 3.820933 3.864378 4.034427 3.937088 3.583058 3.539779 4.427154 4.312055 3.838181 6.593523 3.972856 3.997523 4.379200 3.964808 5.209439 4.823762 4.877954 5.088822 3.803533 3.913186 5.362445 5.211673 -9999.0 -9999.0 -9999.0 -9999.0
-9999.0 -9999.0 -9999.0 -9999.0 -9999.0 -9999.0 -9999.0 -9999.0 -9999.0 5.853390 5.850732 6.087825 6.731842 4.338856 4.197065 4.088983 6.502943 4.532270 5.109881 6.452754 6.401922 6.315524 6.010970 5.867773 3.977082 4.335595 4.454556 4.587267 4.781043 5.752546 5.677720 3.545643 5.995638 5.718981 5.855523 5.224764 5.267533 5.396315 5.687161 5.998146 3.906474 3.770490 3.948641 4.352461 4.672259 4.605810 4.570194 4.440844 4.353307 4.386370 3.352189 3.532967 4.965374 5.536993 5.149023 3.709358 3.952370 4.081633 5.511386 -9999.0 -9999.0 -9999.0 -9999.0
-9999.0 -9999.0 -9999.0 -9999.0 -9999.0 -9999.0 -9999.0 -9999.0 -9999.0 -9999.0 5.832080 6.197854 4.297507 4.384093 4.456484 4.302000 4.405024 4.741873 5.407341 5.200901 6.343595 4.830409 4.149023 4.041619 4.360229 4.772264 4.995803 5.057703 5.891109 3.914689 3.708130 4.172997 3.721301 5.759071 6.115139 6.285380 6.233713 6.234355 5.243344 5.686880 5.511194 6.129273 6.447276 4.026830 4.051092 4.148241 4.484055 5.824742 4.732662 4.463676 3.706434 3.905322 5.163601 5.080068 5.539348 5.852871 6.171423 4.380685 4.458628 4.439348 -9999.0 -9999.0 -9999.0
-9999.0 -9999.0 -9999.0 -9999.0 -9999.0 -9999.0 -9999.0 -9999.0 -9999.0 -9999.0 5.854028 6.048491 6.238484 4.434542 5.976066 4.378202 4.300590 4.873036 5.478901 5.155195 4.916845 4.422347 3.975255 4.311520 4.671448 5.226605 5.281674 5.176552 4.223614 4.018430 6.102604 6.340326 3.787648 5.681649 5.846898 6.167373 4.199649 4.108076 3.802886 5.636142 5.834563 5.531893 3.900956 5.967230 6.213606 3.562146 3.913903 4.264422 5.023122 4.808926 4.505633 4.055132 3.865240 5.291269 5.064409 5.165324 5.801008 4.239183 5.227715 4.914022 -9999.0 -9999.0 -9999.0
-9999.0 -9999.0 -9999.0 -9999.0 -9999.0 -9999.0 -9999.0 -9999.0 6.254692 6.055595 5.810817 6.140096 4.229257 4.312978 4.138949 4.871620 4.984266 6.411294 5.179359 5.176827 5.272409 4.860972 4.529485 4.130391 4.794326 6.330749 6.736008 4.704575 4.356951 4.065532 5.178184 6.065107 6.061951 5.785291 6.024713 5.772539 6.418391 4.218300 3.090862 5.185949 5.256865 6.008639 3.657338 5.133706 5.519265 6.466949 3.347224 3.848402 4.423814 4.866070 4.640168 4.223455 4.043834 3.729551 5.247691 6.183109 5.548575 6.759891 4.699791 5.763673 -9999.0 -9999.0 -9999.0
-9999.0 -9999.0 -9999.0 -9999.0 -9999.0 -9999.0 -9999.0 -9999.0 3.969435 4.193412 3.965654 5.869638 6.086504 4.367348 3.911822 4.472175 4.795091 4.902621 5.533675 5.265389 7.984586 6.455037 6.098150 6.072183 5.033805 5.993483 5.520946 4.766200 3.964746 6.238113 6.020139 5.474344 6.227737 5.397058 6.199583 6.249234 6.756695 4.398869 3.986551 6.081476 5.789696 5.243199 5.234289 6.141082 6.494035 3.970219 3.707251 6.118295 4.215919 5.018766 4.929106 4.476879 3.748172 6.298208 6.522377 4.105710 4.392952 4.572894 4.929526 5.247381 5.316528 -9999.0 -9999.0
-9999.0 -9999.0 -9999.0 -9999.0 -9999.0 -9999.0 -9999.0 -9999.0 5.984481 6.417193 5.417379 3.900724 6.407057 3.928867 4.344046 3.982240 4.512046 4.985529 5.578462 8.052386 5.298836 6.632524 6.512740 5.049097 6.479201 5.364995 5.033170 4.182366 3.913356 6.378223 5.551124 6.537246 4.038735 4.029980 6.430468 6.760242 4.276622 4.577738 3.852747 3.936184 6.041120 5.332399 6.097755 6.218093 3.868077 6.151665 5.360696 6.172527 3.976415 4.541507 5.637545 4.776925 4.207702 4.054724 4.585535 4.720362 4.884863 5.007824 5.225958 5.289145 5.284574 -9999.0 -9999.0
-9999.0 -9999.0 -9999.0 -9999.0 -9999.0 -9999.0 -9999.0 -9999.0 5.145981 6.251236 4.307631 3.863353 6.454017 4.277146 4.243090 4.682250 5.424022 5.669383 6.408329 5.654333 5.266964 5.312119 6.729288 6.594829 5.096177 4.737653 4.385206 3.844106 6.660699 4.361031 4.273653 4.329791 4.409488 4.405476 4.193381 6.558870 6.820783 4.885018 4.185782 4.122689 6.176113 6.261978 6.294553 5.575940 6.114841 5.473551 6.263517 5.660142 6.319997 4.287372 4.950794 5.710637 4.863888 4.708133 4.965365 5.098180 5.241824 6.229831 6.222432 5.261055 5.059519 5.051247 -9999.0
-9999.0 -9999.0 -9999.0 -9999.0 -9999.0 -9999.0 -9999.0 -9999.0 5.754686 6.219362 4.365737 3.982664 4.323793 4.509942 6.124788 5.090521 6.227116 5.178936 4.728301 5.060217 5.474428 5.307325 5.304650 5.226339 6.285245 4.518319 3.943475 4.533242 4.710347 4.715133 4.120388 4.545000 4.865865 4.625929 4.421013 4.503892 4.647211 5.435310 5.258997 4.554887 4.332684 4.279083 4.345740 4.246268 3.980525 6.510407 4.212466 4.384538 4.339041 4.660395 4.942363 5.575222 5.867537 5.183067 5.253540 5.319958 5.310451 5.298661 5.257658 5.088498 5.349281 4.753313 -9999.0
-9999.0 -9999.0 6.160156 6.325764 4.146310 4.144592 4.186465 4.067708 6.137224 6.163086 4.273289 4.599748 4.700838 4.931762 6.394990 4.984962 4.651726 3.983987 4.321602 4.674537 5.128899 5.796735 5.337210 5.825811 5.084178 4.924118 4.653662 4.736936 5.233562 6.252671 4.382427 4.540522 6.321658 5.079444 4.984250 5.134497 5.028877 5.857982 5.572680 4.984131 4.797419 4.847734 4.979027 4.689746 4.212619 4.398582 4.690223 4.889728 4.960668 5.166997 5.215566 5.285432 5.315079 5.316537 5.272845 8.301207 5.252591 5.172554 5.000087 5.307389 5.934352 4.353804 -9999.0
-9999.0 4.216823 4.206877 4.178579 4.149862 4.255509 4.182717 3.990825 3.881378 6.061455 4.157774 4.274738 5.048164 6.351526 6.173841 4.531473 4.297572 4.223866 4.315203 4.719410 5.278953 5.769368 6.839180 5.994727 6.801340 5.199623 6.537324 6.568509 5.308499 5.161008 5.078742 5.058758 5.233423 6.754543 5.224077 5.292446 5.421904 6.512076 5.434803 5.244581 5.157085 5.177191 5.324458 5.177252 4.933892 5.114594 5.209138 6.010266 5.509253 6.315727 5.283969 5.250488 5.235604 5.189961 5.187760 5.080654 5.411883 5.279267 4.763256 5.801143 4.281535 4.137323 -9999.0
-9999.0 6.672064 4.430200 4.443918 5.746110 4.421113 3.580368 3.937644 6.127370 6.053920 4.146261 4.188762 5.058523 6.241228 4.709884 3.919995 4.151374 4.208663 4.554885 4.911082 6.360361 5.665239 6.088695 5.486967 8.322296 8.303528 6.063907 5.438242 5.427621 6.079807 6.053163 5.977560 5.478934 5.428664 7.067140 5.549561 9.025394 9.240920 5.714501 5.588315 5.579468 5.543674 5.456445 6.177359 6.223087 6.271191 5.575145 5.617397 5.572903 5.308493 5.124627 5.542722 5.417174 5.705633 5.475657 4.938415 4.940454 4.626593 4.421414 3.965552 3.840129 -9999.0 -9999.0
-9999.0 6.276845 4.380361 4.469146 4.610118 5.862383 5.763982 3.810862 4.149970 4.157872 4.317504 4.731739 4.988889 6.063217 4.180891 3.715594 4.087415 4.249380 4.065637 4.834923 4.846855 5.183604 5.883307 8.390898 8.358872 5.454585 5.446991 5.430360 5.438900 5.532422 5.540367 5.581667 5.609420 5.544420 5.528965 5.574690 5.627955 9.085061 5.700704 5.711191 5.651201 8.804732 5.593846 5.731746 5.681996 5.643478 5.555851 5.470363 5.314864 5.737925 5.266304 5.951778 4.909267 4.750516 4.766668 4.401218 4.239600 3.942194 3.757002 -9999.0 -9999.0 -9999.0 -9999.0
