tests/3D/Mazia/output-maps-SE27XX/TL0005N0003.asc
ncols         63
nrows         48
xllcorner     598000.000000
yllcorner     5145000.000000
cellsize      1000.000000
NODATA_value  -9999.0
[rows 0 to 28 of 48, columns 0 to 62 of 63]
-9999.0 -9999.0 -9999.0 -9999.0 -9999.0 -9999.0 -9999.0 -9999.0 -9999.0 -9999.0 -9999.0 -9999.0 -9999.0 -9999.0 -9999.0 -9999.0 -9999.0 -9999.0 -9999.0 -9999.0 -9999.0 -9999.0 -9999.0 -9999.0 -9999.0 -9999.0 -9999.0 -9999.0 -9999.0 -9999.0 -9999.0 -9999.0 -9999.0 -9999.0 -9999.0 -9999.0 -9999.0 -9999.0 -9999.0 -9999.0 -9999.0 -9999.0 -9999.0 -9999.0 -9999.0 -9999.0 -9999.0 -9999.0 -9999.0 -9999.0 -9999.0 -9999.0 -9999.0 -9999.0 -9999.0 -9999.0 -9999.0 -9999.0 -9999.0 -9999.0 -9999.0 -9999.0 -9999.0
-9999.0 -9999.0 -9999.0 -9999.0 -9999.0 -9999.0 -9999.0 -9999.0 -9999.0 -9999.0 -9999.0 -9999.0 -9999.0 -9999.0 -9999.0 -9999.0 -9999.0 -9999.0 -9999.0 -9999.0 -9999.0 -9999.0 -9999.0 -9999.0 -9999.0 -9999.0 -9999.0 4.192020 4.395789 4.291139 4.331381 4.213506 4.279817 -9999.0 -9999.0 -9999.0 -9999.0 -9999.0 -9999.0 -9999.0 -9999.0 -9999.0 -9999.0 -9999.0 -9999.0 -9999.0 -9999.0 -9999.0 -9999.0 -9999.0 -9999.0 -9999.0 -9999.0 -9999.0 -9999.0 -9999.0 -9999.0 -9999.0 -9999.0 -9999.0 -9999.0 -9999.0 -9999.0
-9999.0 -9999.0 -9999.0 -9999.0 -9999.0 -9999.0 -9999.0 -9999.0 -9999.0 -9999.0 -9999.0 -9999.0 -9999.0 -9999.0 -9999.0 -9999.0 -9999.0 -9999.0 -9999.0 -9999.0 -9999.0 -9999.0 -9999.0 -9999.0 4.504598 4.541372 3.965181 4.505981 3.966098 4.524727 4.296149 -9999.0 -9999.0 -9999.0 -9999.0 -9999.0 -9999.0 -9999.0 -9999.0 -9999.0 -9999.0 -9999.0 -9999.0 -9999.0 -9999.0 -9999.0 -9999.0 -9999.0 -9999.0 -9999.0 -9999.0 -9999.0 -9999.0 -9999.0 -9999.0 -9999.0 -9999.0 -9999.0 -9999.0 -9999.0 -9999.0 -9999.0 -9999.0
-9999.0 -9999.0 -9999.0 -9999.0 -9999.0 -9999.0 -9999.0 -9999.0 -9999.0 -9999.0 -9999.0 -9999.0 -9999.0 -9999.0 -9999.0 -9999.0 -9999.0 -9999.0 -9999.0 -9999.0 -9999.0 -9999.0 -9999.0 4.553800 4.154965 3.732016 3.508942 3.541536 3.504689 4.521086 4.318520 4.250489 -9999.0 -9999.0 -9999.0 -9999.0 -9999.0 -9999.0 -9999.0 -9999.0 -9999.0 -9999.0 -9999.0 -9999.0 -9999.0 -9999.0 -9999.0 -9999.0 -9999.0 -9999.0 -9999.0 -9999.0 -9999.0 -9999.0 -9999.0 -9999.0 -9999.0 -9999.0 -9999.0 -9999.0 -9999.0 -9999.0 -9999.0
-9999.0 -9999.0 -9999.0 -9999.0 -9999.0 -9999.0 -9999.0 -9999.0 -9999.0 -9999.0 -9999.0 -9999.0 -9999.0 -9999.0 -9999.0 -9999.0 -9999.0 -9999.0 4.531643 4.141537 -9999.0 4.045941 4.172716 3.764794 3.584468 4.317612 4.736509 4.701156 4.228626 3.702088 4.481583 4.325788 4.083765 3.885638 -9999.0 -9999.0 -9999.0 -9999.0 -9999.0 -9999.0 -9999.0 -9999.0 -9999.0 -9999.0 -9999.0 -9999.0 -9999.0 -9999.0 -9999.0 -9999.0 -9999.0 -9999.0 -9999.0 -9999.0 -9999.0 -9999.0 -9999.0 -9999.0 -9999.0 -9999.0 -9999.0 -9999.0 -9999.0
-9999.0 -9999.0 -9999.0 -9999.0 -9999.0 -9999.0 -9999.0 -9999.0 -9999.0 -9999.0 -9999.0 -9999.0 -9999.0 -9999.0 -9999.0 -9999.0 -9999.0 4.587676 4.274852 4.024979 4.018614 3.742497 3.780209 4.192498 4.805910 3.921910 3.535610 3.695278 3.580272 4.108604 4.276999 4.500376 4.004871 4.203375 4.031951 3.911610 -9999.0 -9999.0 -9999.0 -9999.0 -9999.0 -9999.0 -9999.0 -9999.0 -9999.0 -9999.0 -9999.0 -9999.0 -9999.0 -9999.0 -9999.0 -9999.0 -9999.0 -9999.0 -9999.0 -9999.0 -9999.0 -9999.0 -9999.0 -9999.0 -9999.0 -9999.0 -9999.0
-9999.0 -9999.0 -9999.0 -9999.0 -9999.0 -9999.0 -9999.0 -9999.0 -9999.0 -9999.0 -9999.0 -9999.0 -9999.0 4.181203 3.811574 4.177247 4.371001 5.547534 4.489964 4.206220 4.220776 4.198271 4.306960 4.875828 3.938723 4.158662 3.617882 3.797378 3.754239 3.645142 3.711686 4.132597 4.390383 4.297330 4.119351 3.891338 -9999.0 -9999.0 -9999.0 -9999.0 -9999.0 -9999.0 -9999.0 -9999.0 -9999.0 -9999.0 -9999.0 -9999.0 -9999.0 -9999.0 -9999.0 -9999.0 -9999.0 -9999.0 -9999.0 -9999.0 -9999.0 -9999.0 -9999.0 -9999.0 -9999.0 -9999.0 -9999.0
-9999.0 -9999.0 -9999.0 -9999.0 -9999.0 -9999.0 -9999.0 -9999.0 -9999.0 -9999.0 -9999.0 -9999.0 -9999.0 4.311688 4.190740 4.161416 4.168926 5.596165 5.567630 4.436508 4.348993 4.805257 4.241854 4.090391 4.186634 3.752729 4.427905 4.257986 4.117629 3.669407 3.631757 4.296758 4.070176 3.924536 3.974649 -9999.0 -9999.0 -9999.0 -9999.0 -9999.0 -9999.0 -9999.0 -9999.0 -9999.0 -9999.0 -9999.0 -9999.0 -9999.0 -9999.0 -9999.0 -9999.0 -9999.0 -9999.0 -9999.0 -9999.0 -9999.0 -9999.0 -9999.0 -9999.0 -9999.0 -9999.0 -9999.0 -9999.0
-9999.0 -9999.0 -9999.0 -9999.0 -9999.0 -9999.0 -9999.0 -9999.0 -9999.0 -9999.0 -9999.0 -9999.0 -9999.0 3.791623 4.762356 4.207374 3.993268 4.296640 5.564503 4.517222 5.377413 3.978766 3.917370 3.584586 3.532143 3.727632 3.769260 4.136126 4.308523 4.048099 4.283254 3.906212 3.878054 3.714812 3.846982 -9999.0 -9999.0 -9999.0 -9999.0 -9999.0 -9999.0 -9999.0 -9999.0 -9999.0 -9999.0 -9999.0 -9999.0 -9999.0 -9999.0 -9999.0 -9999.0 -9999.0 -9999.0 -9999.0 -9999.0 -9999.0 -9999.0 -9999.0 -9999.0 -9999.0 -9999.0 -9999.0 -9999.0
-9999.0 -9999.0 -9999.0 -9999.0 -9999.0 -9999.0 -9999.0 -9999.0 -9999.0 -9999.0 -9999.0 -9999.0 3.739475 4.030172 4.149439 3.772334 3.782577 4.208268 5.639562 4.504887 4.254033 3.716791 3.806243 3.690911 3.532508 4.218746 3.630520 4.358546 4.231604 4.126614 4.105086 4.118776 4.239214 3.832357 -9999.0 -9999.0 -9999.0 -9999.0 -9999.0 -9999.0 -9999.0 -9999.0 -9999.0 -9999.0 -9999.0 -9999.0 -9999.0 -9999.0 -9999.0 -9999.0 -9999.0 -9999.0 -9999.0 -9999.0 -9999.0 -9999.0 -9999.0 -9999.0 -9999.0 -9999.0 -9999.0 -9999.0 -9999.0
-9999.0 -9999.0 -9999.0 -9999.0 -9999.0 -9999.0 -9999.0 -9999.0 -9999.0 -9999.0 -9999.0 4.222034 3.783577 4.149507 3.684306 4.267612 3.827139 4.047308 5.644936 4.486130 4.088162 4.164457 4.274001 4.058061 3.774669 4.070096 4.335141 4.211752 4.074033 4.008038 4.114630 4.249253 3.858927 4.010598 4.068342 4.201281 4.216760 4.282107 4.265543 -9999.0 -9999.0 -9999.0 3.934689 -9999.0 -9999.0 -9999.0 -9999.0 -9999.0 -9999.0 -9999.0 -9999.0 -9999.0 -9999.0 -9999.0 -9999.0 -9999.0 -9999.0 -9999.0 -9999.0 -9999.0 -9999.0 -9999.0 -9999.0
-9999.0 -9999.0 -9999.0 -9999.0 -9999.0 -9999.0 -9999.0 -9999.0 -9999.0 -9999.0 -9999.0 4.194281 3.716282 3.805220 3.687033 4.085781 4.000274 4.096874 5.628725 5.110418 5.436252 4.439227 4.337763 3.548488 3.673796 4.012236 4.245900 4.113529 3.839141 4.088160 4.194991 4.164916 4.299482 4.196438 4.102321 4.314206 4.345663 4.324569 4.290518 4.004034 4.008956 3.935792 4.262961 4.099364 -9999.0 -9999.0 -9999.0 3.997670 4.135468 4.042556 4.240001 3.955758 3.942858 4.133861 4.170006 3.892301 -9999.0 -9999.0 -9999.0 -9999.0 -9999.0 -9999.0 -9999.0
-9999.0 -9999.0 -9999.0 -9999.0 -9999.0 -9999.0 -9999.0 -9999.0 -9999.0 -9999.0 -9999.0 4.190842 4.144230 3.722345 4.269640 4.186717 3.965746 4.089410 5.098480 5.119978 4.244701 4.113558 3.693512 4.227330 4.064620 3.863437 3.687922 3.703217 4.062261 4.272803 3.934224 3.627199 4.062300 4.237028 4.160339 4.321103 3.633397 3.668759 4.425981 4.186292 4.327516 4.189665 4.229073 4.353831 4.182426 -9999.0 3.810584 4.201143 4.343798 4.467287 4.446853 3.989651 4.381781 4.382256 4.322638 4.303986 -9999.0 -9999.0 -9999.0 -9999.0 -9999.0 -9999.0 -9999.0
-9999.0 -9999.0 -9999.0 -9999.0 -9999.0 -9999.0 -9999.0 -9999.0 -9999.0 -9999.0 -9999.0 -9999.0 4.227656 3.638331 4.229733 4.232145 3.620904 4.017591 5.674046 5.150130 4.239789 4.185453 4.123293 3.527381 3.611581 3.724867 4.494784 4.164568 3.965387 3.965895 4.239267 3.649769 4.088487 4.332448 4.231032 4.223892 3.582526 3.874791 4.383537 4.296151 4.167421 3.919482 3.658079 4.110125 4.143006 4.180123 3.997266 4.226214 3.650331 3.558773 3.829540 3.533539 3.539454 3.508379 3.534892 4.409508 4.362245 -9999.0 -9999.0 -9999.0 -9999.0 -9999.0 -9999.0
-9999.0 -9999.0 -9999.0 -9999.0 -9999.0 -9999.0 -9999.0 -9999.0 -9999.0 -9999.0 -9999.0 3.523229 4.089043 4.201539 3.699875 3.710573 4.085941 4.035766 5.644687 4.556028 4.334289 4.158964 4.195834 3.754533 3.762881 4.134177 4.040484 4.016393 3.982382 3.904264 3.670337 3.698738 4.285312 4.359679 4.137604 4.180975 4.214720 3.677795 3.977489 4.348249 3.708946 4.056944 4.063040 3.552265 4.167179 4.314487 4.416438 4.290178 3.667087 3.859106 3.415265 4.358101 3.624796 3.440363 3.372252 3.968395 4.111460 -9999.0 -9999.0 -9999.0 -9999.0 -9999.0 -9999.0
-9999.0 -9999.0 -9999.0 -9999.0 -9999.0 -9999.0 -9999.0 -9999.0 -9999.0 -9999.0 4.413892 3.700534 4.249332 4.234474 4.367843 4.116401 4.131740 3.849875 4.408070 4.571938 5.109798 4.974283 3.827261 4.534102 4.208308 4.187616 3.750441 3.454648 4.265651 4.345523 4.099173 4.042147 4.216001 4.354231 3.968175 3.958522 4.087290 3.566587 3.743169 4.108994 4.149168 4.051372 5.278440 4.086468 3.592180 3.934911 4.435725 3.681122 3.835951 3.873688 3.282465 4.049603 3.324563 3.911522 3.955702 4.400018 4.423943 -9999.0 -9999.0 -9999.0 -9999.0 -9999.0 -9999.0
-9999.0 -9999.0 -9999.0 -9999.0 -9999.0 -9999.0 -9999.0 -9999.0 -9999.0 4.097325 4.328894 4.001822 4.059162 3.661967 4.036881 4.055634 3.981036 4.518476 4.488197 4.656143 5.203873 4.159553 4.156684 4.385852 4.327057 3.839950 3.723985 4.425757 4.149554 4.225419 4.241168 3.600073 4.045143 4.064135 4.087192 3.924865 4.082729 3.474549 3.592118 3.691396 3.881425 3.543818 3.544120 4.166996 4.067403 3.627604 4.340425 3.658905 3.659532 4.123213 3.664894 4.122975 3.874323 3.877636 4.021133 3.704867 3.585371 4.191172 4.076490 -9999.0 -9999.0 -9999.0 -9999.0
-9999.0 -9999.0 -9999.0 -9999.0 -9999.0 -9999.0 -9999.0 -9999.0 -9999.0 4.121261 4.125320 4.287482 5.279482 4.151856 4.031483 3.952752 4.494723 4.293079 4.643728 5.316473 5.280596 5.196180 5.051806 4.916981 3.898646 3.595791 4.196505 4.301779 4.447636 4.887800 4.736779 3.534660 4.050008 4.337769 4.412546 3.932612 3.987906 4.164974 4.381949 4.169586 3.621725 3.526139 3.658007 4.131913 4.304351 4.293141 4.265116 4.137613 4.073449 4.138318 3.494735 3.534854 3.933211 4.204566 4.106986 3.629603 3.618680 3.413792 4.319991 -9999.0 -9999.0 -9999.0 -9999.0
-9999.0 -9999.0 -9999.0 -9999.0 -9999.0 -9999.0 -9999.0 -9999.0 -9999.0 -9999.0 4.107272 4.334937 4.140008 4.188706 4.219854 4.111822 4.201419 4.449689 4.825571 4.758145 5.270887 4.411236 4.019041 3.940198 4.125954 4.395506 4.558538 4.611957 4.867082 3.845507 3.673648 3.479479 3.624876 4.376908 4.061684 4.226698 4.174665 4.243690 3.912340 4.350767 4.286007 4.102675 5.095086 3.682951 3.921758 3.951026 4.142382 4.905161 4.355317 4.155601 3.647953 3.648318 4.057781 3.990438 4.241451 4.360964 3.941455 4.113427 4.154792 4.148088 -9999.0 -9999.0 -9999.0
-9999.0 -9999.0 -9999.0 -9999.0 -9999.0 -9999.0 -9999.0 -9999.0 -9999.0 -9999.0 4.117371 4.255545 4.411214 4.228370 5.014186 4.176099 4.129419 4.494606 4.927439 4.805909 4.516905 4.182247 3.893676 4.087249 4.329090 4.717809 4.791338 4.623856 4.038876 3.690527 4.135846 4.359754 3.446465 4.324493 4.430643 4.287450 4.003667 3.702992 3.495128 4.288260 4.381743 4.006844 3.616514 3.907154 4.179068 3.493158 3.897169 4.009982 4.450312 4.399213 4.195225 3.429228 3.725386 4.134014 3.973473 4.034362 4.354865 4.012061 4.604073 4.487194 -9999.0 -9999.0 -9999.0
-9999.0 -9999.0 -9999.0 -9999.0 -9999.0 -9999.0 -9999.0 -9999.0 4.340606 4.174776 4.096018 4.360443 4.080277 4.130985 4.026709 4.495553 4.562166 5.303608 4.834411 4.826475 4.761336 4.494717 4.279627 3.960954 4.426478 5.351334 5.477586 4.323984 4.131952 3.709191 3.973147 4.055973 3.971794 4.352899 4.488654 4.410496 4.303362 4.010563 3.293791 4.138716 4.232327 4.031045 3.320001 4.141121 3.651986 4.367679 3.429233 3.330457 4.099168 4.468402 4.289416 3.980112 3.391091 3.657463 4.096999 4.437425 4.319642 4.446755 4.327785 4.928135 -9999.0 -9999.0 -9999.0
-9999.0 -9999.0 -9999.0 -9999.0 -9999.0 -9999.0 -9999.0 -9999.0 3.383897 3.537380 3.665196 4.141832 4.283847 4.190372 3.878193 4.239256 4.442208 4.509163 4.869206 4.891617 6.094789 5.373273 5.127814 5.035526 4.572961 5.167165 4.849842 4.396071 3.374687 4.131087 3.937390 3.762589 4.061635 3.960271 3.988051 4.036042 5.098298 4.126329 3.671264 4.465261 4.337408 4.224296 4.176357 4.504394 4.294575 3.621786 3.563611 3.875693 4.009504 4.469824 4.494328 4.171038 3.443030 4.502627 4.168214 3.990196 4.095243 4.232883 4.490861 4.766033 4.814980 -9999.0 -9999.0
-9999.0 -9999.0 -9999.0 -9999.0 -9999.0 -9999.0 -9999.0 -9999.0 4.176591 4.396247 4.031745 3.628609 4.437174 3.379792 4.139924 3.928566 4.260297 4.589611 4.951680 6.160762 4.922173 5.503972 5.415334 4.725020 5.354792 4.791446 4.542797 4.021008 3.542264 4.228395 3.946272 4.406360 3.667879 3.720293 4.206510 4.394129 4.032835 4.198598 3.552860 3.637522 4.436027 4.202381 4.508284 4.024687 3.589141 4.560519 4.195928 4.528323 3.599388 4.187020 4.837359 4.399694 3.949310 3.864486 4.247058 4.365187 4.503634 4.598555 4.743458 4.792954 4.795469 -9999.0 -9999.0
-9999.0 -9999.0 -9999.0 -9999.0 -9999.0 -9999.0 -9999.0 -9999.0 3.818097 4.329186 4.126361 3.523428 4.428141 4.097101 4.069226 4.365313 4.784155 5.001987 5.366651 5.006400 4.901004 4.939667 5.576103 5.490763 4.684926 4.403644 4.147538 3.822241 4.494585 4.123859 3.562083 4.086360 4.130294 4.155410 3.576892 4.182928 4.408888 4.403913 3.956817 3.469324 4.487277 4.530207 4.554202 3.938418 4.492009 4.281160 4.218587 3.690576 3.877590 4.027239 4.408842 4.881509 4.477642 4.348476 4.562669 4.665450 4.777460 5.197133 5.199843 4.774983 4.633430 4.488011 -9999.0
-9999.0 -9999.0 -9999.0 -9999.0 -9999.0 -9999.0 -9999.0 -9999.0 3.967227 4.350525 4.166827 3.913233 4.115401 4.243544 5.069567 4.662360 5.238822 4.666867 4.381392 4.613453 4.892023 4.937544 4.945775 4.915796 5.266015 4.259244 3.888980 4.262094 4.369077 4.377621 3.967918 4.255556 4.434217 4.299176 4.130284 4.165100 4.261504 4.724915 4.566911 4.214959 4.050309 4.027467 4.074046 4.010129 3.653213 4.156815 3.983535 4.106278 4.066213 4.279823 4.484678 4.782490 4.962073 4.722701 4.800715 4.837681 4.829226 4.818898 4.769049 4.648004 4.671030 4.308024 -9999.0
-9999.0 -9999.0 4.176324 4.321136 3.756677 3.749844 3.522494 3.700938 4.163530 4.283219 4.097965 4.298257 4.341580 4.527750 5.261136 4.605700 4.313818 3.921159 4.158102 4.350336 4.659948 5.103522 4.961747 5.180308 4.759983 4.528772 4.326118 4.365644 4.665898 5.123225 4.124663 4.217036 5.202559 4.517666 4.514821 4.534353 4.589213 4.979371 4.743177 4.392003 4.355435 4.396206 4.418945 4.326824 3.977401 4.108745 4.332983 4.390340 4.476976 4.657017 4.727741 4.797044 4.826898 4.832562 4.817421 6.198585 4.793447 4.746064 4.600717 4.639166 4.935845 4.063924 -9999.0
-9999.0 3.524791 3.519587 3.519431 3.752733 3.539226 3.518806 3.660564 3.591751 4.119310 3.517229 4.088314 4.555662 5.226723 5.151341 4.226935 4.118449 3.565453 4.122659 4.372484 4.747492 5.072601 5.613390 5.227165 5.582442 4.770182 5.355048 5.367726 4.796687 4.672187 4.601784 4.575133 4.697058 5.447302 4.738144 4.790638 4.881855 5.385878 4.889066 4.743433 4.681775 4.700812 4.739860 4.568130 4.424642 4.536649 4.661619 5.085637 4.872727 5.250572 4.786697 4.759922 4.778561 4.743201 4.744024 4.667417 4.687961 4.612914 4.410538 4.841053 4.024360 3.936452 -9999.0
-9999.0 5.207377 4.189272 4.199119 4.102644 4.183799 3.434148 3.619883 4.124254 4.097142 3.518073 4.030805 4.561708 5.183526 4.331247 3.867782 3.560688 3.554853 4.292291 4.481524 5.289357 4.999357 5.276785 4.985523 6.325952 6.309003 5.238225 4.920088 4.903319 5.197938 5.167731 5.100090 4.885217 4.876384 5.664114 4.990049 6.671519 6.796512 5.116010 5.021696 5.006981 4.970419 4.894689 5.168976 5.202373 5.219381 4.927587 4.952166 4.925016 4.803645 4.666862 4.771858 4.689190 4.869202 4.727158 4.403591 4.401342 4.203683 4.083233 3.318297 3.278487 -9999.0 -9999.0
-9999.0 4.314561 4.172518 4.210648 4.298531 4.908489 4.814215 3.803566 3.516768 3.520430 4.115790 4.361645 4.576613 5.062159 4.027646 3.519216 3.720529 4.081144 3.960490 4.438806 4.446776 4.676186 5.143932 6.374827 6.350888 4.948899 4.932977 4.911596 4.906286 4.942524 4.944036 4.965961 4.983472 4.948615 4.960174 5.014473 5.055293 6.731389 5.106762 5.100916 5.057193 6.554370 4.989770 5.029464 4.995160 4.967200 4.907464 4.857895 4.744497 4.912895 4.608061 4.929383 4.371056 4.414548 4.287200 4.065374 3.979033 3.297278 3.248080 -9999.0 -9999.0 -9999.0 -9999.0
