tests/3D/hillslope01/output-maps/psiliqL0055N0001.asc
ncols         104
nrows         10
xllcorner     -2.000000
yllcorner     0.000000
cellsize      1.000000
NODATA_value  -9999.0
-9999.000 -9999.000 -9999.000 -9999.000 -9999.000 -9999.000 -9999.000 -9999.000 -9999.000 -9999.000 -9999.000 -9999.000 -9999.000 -9999.000 -9999.000 -9999.000 -9999.000 -9999.000 -9999.000 -9999.000 -9999.000 -9999.000 -9999.000 -9999.000 -9999.000 -9999.000 -9999.000 -9999.000 -9999.000 -9999.000 -9999.000 -9999.000 -9999.000 -9999.000 -9999.000 -9999.000 -9999.000 -9999.000 -9999.000 -9999.000 -9999.000 -9999.000 -9999.000 -9999.000 -9999.000 -9999.000 -9999.000 -9999.000 -9999.000 -9999.000 -9999.000 -9999.000 -9999.000 -9999.000 -9999.000 -9999.000 -9999.000 -9999.000 -9999.000 -9999.000 -9999.000 -9999.000 -9999.000 -9999.000 -9999.000 -9999.000 -9999.000 -9999.000 -9999.000 -9999.000 -9999.000 -9999.000 -9999.000 -9999.000 -9999.000 -9999.000 -9999.000 -9999.000 -9999.000 -9999.000 -9999.000 -9999.000 -9999.000 -9999.000 -9999.000 -9999.000 -9999.000 -9999.000 -9999.000 -9999.000 -9999.000 -9999.000 -9999.000 -9999.000 -9999.000 -9999.000 -9999.000 -9999.000 -9999.000 -9999.000 -9999.000 -9999.000 -9999.000 -9999.000
-9999.000 -9999.000 -9999.000 -9999.000 -9999.000 -9999.000 -9999.000 -9999.000 -9999.000 -9999.000 -9999.000 -9999.000 -9999.000 -9999.000 -9999.000 -9999.000 -9999.000 -9999.000 -9999.000 -9999.000 -9999.000 -9999.000 -9999.000 -9999.000 -9999.000 -9999.000 -9999.000 -9999.000 -9999.000 -9999.000 -9999.000 -9999.000 -9999.000 -9999.000 -9999.000 -9999.000 -9999.000 -9999.000 -9999.000 -9999.000 -9999.000 -9999.000 -9999.000 -9999.000 -9999.000 -9999.000 -9999.000 -9999.000 -9999.000 -9999.000 -9999.000 -9999.000 -9999.000 -9999.000 -9999.000 -9999.000 -9999.000 -9999.000 -9999.000 -9999.000 -9999.000 -9999.000 -9999.000 -9999.000 -9999.000 -9999.000 -9999.000 -9999.000 -9999.000 -9999.000 -9999.000 -9999.000 -9999.000 -9999.000 -9999.000 -9999.000 -9999.000 -9999.000 -9999.000 -9999.000 -9999.000 -9999.000 -9999.000 -9999.000 -9999.000 -9999.000 -9999.000 -9999.000 -9999.000 -9999.000 -9999.000 -9999.000 -9999.000 -9999.000 -9999.000 -9999.000 -9999.000 -9999.000 -9999.000 -9999.000 -9999.000 -9999.000 -9999.000 -9999.000
-9999.000 -9999.000 1040.725 953.625 878.030 813.003 757.049 709.169 668.177 633.118 603.326 578.045 556.727 538.723 523.438 510.380 499.427 490.259 482.611 476.245 470.950 466.552 462.901 459.873 457.363 455.285 453.566 452.145 450.971 450.002 449.204 448.546 448.004 447.559 447.193 446.892 446.645 446.442 446.275 446.138 446.025 445.932 445.855 445.791 445.737 445.691 445.652 445.617 445.584 445.553 445.522 445.490 445.455 445.417 445.375 445.327 445.271 445.206 445.128 445.036 444.927 444.797 444.641 444.455 444.232 443.965 443.646 443.265 442.809 442.266 441.617 440.843 439.921 438.824 437.520 435.969 434.128 431.943 429.353 426.285 422.651 418.352 413.266 407.250 400.134 391.700 381.884 370.754 357.956 343.093 325.685 305.160 280.903 253.572 222.074 184.837 142.790 93.739 38.100 -26.844 -94.199 -159.273 -9999.000 -9999.000
-9999.000 -9999.000 1040.725 953.625 878.030 813.003 757.049 709.169 668.177 633.118 603.326 578.045 556.727 538.723 523.438 510.380 499.427 490.259 482.611 476.245 470.950 466.552 462.901 459.873 457.363 455.285 453.566 452.145 450.971 450.002 449.204 448.546 448.004 447.559 447.193 446.892 446.645 446.442 446.275 446.138 446.025 445.932 445.855 445.791 445.737 445.691 445.652 445.617 445.584 445.553 445.522 445.490 445.455 445.417 445.375 445.327 445.271 445.206 445.128 445.036 444.927 444.797 444.641 444.455 444.232 443.965 443.646 443.265 442.809 442.266 441.617 440.843 439.921 438.824 437.520 435.969 434.128 431.943 429.353 426.285 422.651 418.352 413.266 407.250 400.134 391.700 381.884 370.754 357.956 343.093 325.685 305.160 280.903 253.572 222.074 184.837 142.790 93.739 38.100 -26.844 -94.199 -159.273 -9999.000 -9999.000
-9999.000 -9999.000 1040.725 953.625 878.030 813.003 757.049 709.169 668.177 633.118 603.326 578.045 556.727 538.723 523.438 510.380 499.427 490.259 482.611 476.245 470.950 466.552 462.901 459.873 457.363 455.285 453.566 452.145 450.971 450.002 449.204 448.546 448.004 447.559 447.193 446.892 446.645 446.442 446.275 446.138 446.025 445.932 445.855 445.791 445.737 445.691 445.652 445.617 445.584 445.553 445.522 445.490 445.455 445.417 445.375 445.327 445.271 445.206 445.128 445.036 444.927 444.797 444.641 444.455 444.232 443.965 443.646 443.265 442.809 442.266 441.617 440.843 439.921 438.824 437.520 435.969 434.128 431.943 429.353 426.285 422.651 418.352 413.266 407.250 400.134 391.700 381.884 370.754 357.956 343.093 325.685 305.160 280.903 253.572 222.074 184.837 142.790 93.739 38.100 -26.844 -94.199 -159.273 -9999.000 -9999.000
-9999.000 -9999.000 1040.725 953.625 878.030 813.003 757.049 709.169 668.177 633.118 603.326 578.045 556.727 538.723 523.438 510.380 499.427 490.259 482.611 476.245 470.950 466.552 462.901 459.873 457.363 455.285 453.566 452.145 450.971 450.002 449.204 448.546 448.004 447.559 447.193 446.892 446.645 446.442 446.275 446.138 446.025 445.932 445.855 445.791 445.737 445.691 445.652 445.617 445.584 445.553 445.522 445.490 445.455 445.417 445.375 445.327 445.271 445.206 445.128 445.036 444.927 444.797 444.641 444.455 444.232 443.965 443.646 443.265 442.809 442.266 441.617 440.843 439.921 438.824 437.520 435.969 434.128 431.943 429.353 426.285 422.651 418.352 413.266 407.250 400.134 391.700 381.884 370.754 357.956 343.093 325.685 305.160 280.903 253.572 222.074 184.837 142.790 93.739 38.100 -26.844 -94.199 -159.273 -9999.000 -9999.000
-9999.000 -9999.000 1040.725 953.625 878.030 813.003 757.049 709.169 668.177 633.118 603.326 578.045 556.727 538.723 523.438 510.380 499.427 490.259 482.611 476.245 470.950 466.552 462.901 459.873 457.363 455.285 453.566 452.145 450.971 450.002 449.204 448.546 448.004 447.559 447.193 446.892 446.645 446.442 446.275 446.138 446.025 445.932 445.855 445.791 445.737 445.691 445.652 445.617 445.584 445.553 445.522 445.490 445.455 445.417 445.375 445.327 445.271 445.206 445.128 445.036 444.927 444.797 444.641 444.455 444.232 443.965 443.646 443.265 442.809 442.266 441.617 440.843 439.921 438.824 437.520 435.969 434.128 431.943 429.353 426.285 422.651 418.352 413.266 407.250 400.134 391.700 381.884 370.754 357.956 343.093 325.685 305.160 280.903 253.572 222.074 184.837 142.790 93.739 38.100 -26.844 -94.199 -159.273 -9999.000 -9999.000
-9999.000 -9999.000 1040.725 953.625 878.030 813.003 757.049 709.169 668.177 633.118 603.326 578.045 556.727 538.723 523.438 510.380 499.427 490.259 482.611 476.245 470.950 466.552 462.901 459.873 457.363 455.285 453.566 452.145 450.971 450.002 449.204 448.546 448.004 447.559 447.193 446.892 446.645 446.442 446.275 446.138 446.025 445.932 445.855 445.791 445.737 445.691 445.652 445.617 445.584 445.553 445.522 445.490 445.455 445.417 445.375 445.327 445.271 445.206 445.128 445.036 444.927 444.797 444.641 444.455 444.232 443.965 443.646 443.265 442.809 442.266 441.617 440.843 439.921 438.824 437.520 435.969 434.128 431.943 429.353 426.285 422.651 418.352 413.266 407.250 400.134 391.700 381.884 370.754 357.956 343.093 325.685 305.160 280.903 253.572 222.074 184.837 142.790 93.739 38.100 -26.844 -94.199 -159.273 -9999.000 -9999.000
-9999.000 -9999.000 -9999.000 -9999.000 -9999.000 -9999.000 -9999.000 -9999.000 -9999.000 -9999.000 -9999.000 -9999.000 -9999.000 -9999.000 -9999.000 -9999.000 -9999.000 -9999.000 -9999.000 -9999.000 -9999.000 -9999.000 -9999.000 -9999.000 -9999.000 -9999.000 -9999.000 -9999.000 -9999.000 -9999.000 -9999.000 -9999.000 -9999.000 -9999.000 -9999.000 -9999.000 -9999.000 -9999.000 -9999.000 -9999.000 -9999.000 -9999.000 -9999.000 -9999.000 -9999.000 -9999.000 -9999.000 -9999.000 -9999.000 -9999.000 -9999.000 -9999.000 -9999.000 -9999.000 -9999.000 -9999.000 -9999.000 -9999.000 -9999.000 -9999.000 -9999.000 -9999.000 -9999.000 -9999.000 -9999.000 -9999.000 -9999.000 -9999.000 -9999.000 -9999.000 -9999.000 -9999.000 -9999.000 -9999.000 -9999.000 -9999.000 -9999.000 -9999.000 -9999.000 -9999.000 -9999.000 -9999.000 -9999.000 -9999.000 -9999.000 -9999.000 -9999.000 -9999.000 -9999.000 -9999.000 -9999.000 -9999.000 -9999.000 -9999.000 -9999.000 -9999.000 -9999.000 -9999.000 -9999.000 -9999.000 -9999.000 -9999.000 -9999.000 -9999.000
-9999.000 -9999.000 -9999.000 -9999.000 -9999.000 -9999.000 -9999.000 -9999.000 -9999.000 -9999.000 -9999.000 -9999.000 -9999.000 -9999.000 -9999.000 -9999.000 -9999.000 -9999.000 -9999.000 -9999.000 -9999.000 -9999.000 -9999.000 -9999.000 -9999.000 -9999.000 -9999.000 -9999.000 -9999.000 -9999.000 -9999.000 -9999.000 -9999.000 -9999.000 -9999.000 -9999.000 -9999.000 -9999.000 -9999.000 -9999.000 -9999.000 -9999.000 -9999.000 -9999.000 -9999.000 -9999.000 -9999.000 -9999.000 -9999.000 -9999.000 -9999.000 -9999.000 -9999.000 -9999.000 -9999.000 -9999.000 -9999.000 -9999.000 -9999.000 -9999.000 -9999.000 -9999.000 -9999.000 -9999.000 -9999.000 -9999.000 -9999.000 -9999.000 -9999.000 -9999.000 -9999.000 -9999.000 -9999.000 -9999.000 -9999.000 -9999.000 -9999.000 -9999.000 -9999.000 -9999.000 -9999.000 -9999.000 -9999.000 -9999.000 -9999.000 -9999.000 -9999.000 -9999.000 -9999.000 -9999.000 -9999.000 -9999.000 -9999.000 -9999.000 -9999.000 -9999.000 -9999.000 -9999.000 -9999.000 -9999.000 -9999.000 -9999.000 -9999.000 -9999.000