tests/3D/hillslope01/output-maps/psiliqL0053N0001.asc
ncols         104
nrows         10
xllcorner     -2.000000
yllcorner     0.000000
cellsize      1.000000
NODATA_value  -9999.0
-9999.000 -9999.000 -9999.000 -9999.000 -9999.000 -9999.000 -9999.000 -9999.000 -9999.000 -9999.000 -9999.000 -9999.000 -9999.000 -9999.000 -9999.000 -9999.000 -9999.000 -9999.000 -9999.000 -9999.000 -9999.000 -9999.000 -9999.000 -9999.000 -9999.000 -9999.000 -9999.000 -9999.000 -9999.000 -9999.000 -9999.000 -9999.000 -9999.000 -9999.000 -9999.000 -9999.000 -9999.000 -9999.000 -9999.000 -9999.000 -9999.000 -9999.000 -9999.000 -9999.000 -9999.000 -9999.000 -9999.000 -9999.000 -9999.000 -9999.000 -9999.000 -9999.000 -9999.000 -9999.000 -9999.000 -9999.000 -9999.000 -9999.000 -9999.000 -9999.000 -9999.000 -9999.000 -9999.000 -9999.000 -9999.000 -9999.000 -9999.000 -9999.000 -9999.000 -9999.000 -9999.000 -9999.000 -9999.000 -9999.000 -9999.000 -9999.000 -9999.000 -9999.000 -9999.000 -9999.000 -9999.000 -9999.000 -9999.000 -9999.000 -9999.000 -9999.000 -9999.000 -9999.000 -9999.000 -9999.000 -9999.000 -9999.000 -9999.000 -9999.000 -9999.000 -9999.000 -9999.000 -9999.000 -9999.000 -9999.000 -9999.000 -9999.000 -9999.000 -9999.000
-9999.000 -9999.000 -9999.000 -9999.000 -9999.000 -9999.000 -9999.000 -9999.000 -9999.000 -9999.000 -9999.000 -9999.000 -9999.000 -9999.000 -9999.000 -9999.000 -9999.000 -9999.000 -9999.000 -9999.000 -9999.000 -9999.000 -9999.000 -9999.000 -9999.000 -9999.000 -9999.000 -9999.000 -9999.000 -9999.000 -9999.000 -9999.000 -9999.000 -9999.000 -9999.000 -9999.000 -9999.000 -9999.000 -9999.000 -9999.000 -9999.000 -9999.000 -9999.000 -9999.000 -9999.000 -9999.000 -9999.000 -9999.000 -9999.000 -9999.000 -9999.000 -9999.000 -9999.000 -9999.000 -9999.000 -9999.000 -9999.000 -9999.000 -9999.000 -9999.000 -9999.000 -9999.000 -9999.000 -9999.000 -9999.000 -9999.000 -9999.000 -9999.000 -9999.000 -9999.000 -9999.000 -9999.000 -9999.000 -9999.000 -9999.000 -9999.000 -9999.000 -9999.000 -9999.000 -9999.000 -9999.000 -9999.000 -9999.000 -9999.000 -9999.000 -9999.000 -9999.000 -9999.000 -9999.000 -9999.000 -9999.000 -9999.000 -9999.000 -9999.000 -9999.000 -9999.000 -9999.000 -9999.000 -9999.000 -9999.000 -9999.000 -9999.000 -9999.000 -9999.000
-9999.000 -9999.000 832.960 746.304 671.284 607.011 551.801 504.696 464.430 430.021 400.851 376.126 355.338 337.813 322.940 310.193 299.540 290.636 283.223 277.062 271.946 267.701 264.181 261.265 258.850 256.852 255.200 253.836 252.710 251.782 251.017 250.388 249.870 249.444 249.094 248.807 248.571 248.377 248.219 248.088 247.981 247.892 247.819 247.758 247.707 247.664 247.626 247.593 247.562 247.533 247.503 247.472 247.439 247.403 247.362 247.316 247.262 247.199 247.125 247.037 246.932 246.807 246.657 246.477 246.262 246.005 245.697 245.329 244.890 244.364 243.737 242.989 242.097 241.036 239.772 238.270 236.485 234.365 231.851 228.871 225.339 221.157 216.204 210.340 203.389 195.113 185.464 174.599 162.122 147.630 130.631 110.524 86.553 59.808 29.005 -7.825 -47.829 -91.795 -136.860 -181.017 -220.286 -255.293 -9999.000 -9999.000
-9999.000 -9999.000 832.960 746.304 671.284 607.011 551.801 504.696 464.430 430.021 400.851 376.126 355.338 337.813 322.940 310.193 299.540 290.636 283.223 277.062 271.946 267.701 264.181 261.265 258.850 256.852 255.200 253.836 252.710 251.782 251.017 250.388 249.870 249.444 249.094 248.807 248.571 248.377 248.219 248.088 247.981 247.892 247.819 247.758 247.707 247.664 247.626 247.593 247.562 247.533 247.503 247.472 247.439 247.403 247.362 247.316 247.262 247.199 247.125 247.037 246.932 246.807 246.657 246.477 246.262 246.005 245.697 245.329 244.890 244.364 243.737 242.989 242.097 241.036 239.772 238.270 236.485 234.365 231.851 228.871 225.339 221.157 216.204 210.340 203.389 195.113 185.464 174.599 162.122 147.630 130.631 110.524 86.553 59.808 29.005 -7.825 -47.829 -91.795 -136.860 -181.017 -220.286 -255.293 -9999.000 -9999.000
-9999.000 -9999.000 832.960 746.304 671.284 607.011 551.801 504.696 464.430 430.021 400.851 376.126 355.338 337.813 322.940 310.193 299.540 290.636 283.223 277.062 271.946 267.701 264.181 261.265 258.850 256.852 255.200 253.836 252.710 251.782 251.017 250.388 249.870 249.444 249.094 248.807 248.571 248.377 248.219 248.088 247.981 247.892 247.819 247.758 247.707 247.664 247.626 247.593 247.562 247.533 247.503 247.472 247.439 247.403 247.362 247.316 247.262 247.199 247.125 247.037 246.932 246.807 246.657 246.477 246.262 246.005 245.697 245.329 244.890 244.364 243.737 242.989 242.097 241.036 239.772 238.270 236.485 234.365 231.851 228.871 225.339 221.157 216.204 210.340 203.389 195.113 185.464 174.599 162.122 147.630 130.631 110.524 86.553 59.808 29.005 -7.825 -47.829 -91.795 -136.860 -181.017 -220.286 -255.293 -9999.000 -9999.000
-9999.000 -9999.000 832.960 746.304 671.284 607.011 551.801 504.696 464.430 430.021 400.851 376.126 355.338 337.813 322.940 310.193 299.540 290.636 283.223 277.062 271.946 267.701 264.181 261.265 258.850 256.852 255.200 253.836 252.710 251.782 251.017 250.388 249.870 249.444 249.094 248.807 248.571 248.377 248.219 248.088 247.981 247.892 247.819 247.758 247.707 247.664 247.626 247.593 247.562 247.533 247.503 247.472 247.439 247.403 247.362 247.316 247.262 247.199 247.125 247.037 246.932 246.807 246.657 246.477 246.262 246.005 245.697 245.329 244.890 244.364 243.737 242.989 242.097 241.036 239.772 238.270 236.485 234.365 231.851 228.871 225.339 221.157 216.204 210.340 203.389 195.113 185.464 174.599 162.122 147.630 130.631 110.524 86.553 59.808 29.005 -7.825 -47.829 -91.795 -136.860 -181.017 -220.286 -255.293 -9999.000 -9999.000
-9999.000 -9999.000 832.960 746.304 671.284 607.011 551.801 504.696 464.430 430.021 400.851 376.126 355.338 337.813 322.940 310.193 299.540 290.636 283.223 277.062 271.946 267.701 264.181 261.265 258.850 256.852 255.200 253.836 252.710 251.782 251.017 250.388 249.870 249.444 249.094 248.807 248.571 248.377 248.219 248.088 247.981 247.892 247.819 247.758 247.707 247.664 247.626 247.593 247.562 247.533 247.503 247.472 247.439 247.403 247.362 247.316 247.262 247.199 247.125 247.037 246.932 246.807 246.657 246.477 246.262 246.005 245.697 245.329 244.890 244.364 243.737 242.989 242.097 241.036 239.772 238.270 236.485 234.365 231.851 228.871 225.339 221.157 216.204 210.340 203.389 195.113 185.464 174.599 162.122 147.630 130.631 110.524 86.553 59.808 29.005 -7.825 -47.829 -91.795 -136.860 -181.017 -220.286 -255.293 -9999.000 -9999.000
-9999.000 -9999.000 832.960 746.304 671.284 607.011 551.801 504.696 464.430 430.021 400.851 376.126 355.338 337.813 322.940 310.193 299.540 290.636 283.223 277.062 271.946 267.701 264.181 261.265 258.850 256.852 255.200 253.836 252.710 251.782 251.017 250.388 249.870 249.444 249.094 248.807 248.571 248.377 248.219 248.088 247.981 247.892 247.819 247.758 247.707 247.664 247.626 247.593 247.562 247.533 247.503 247.472 247.439 247.403 247.362 247.316 247.262 247.199 247.125 247.037 246.932 246.807 246.657 246.477 246.262 246.005 245.697 245.329 244.890 244.364 243.737 242.989 242.097 241.036 239.772 238.270 236.485 234.365 231.851 228.871 225.339 221.157 216.204 210.340 203.389 195.113 185.464 174.599 162.122 147.630 130.631 110.524 86.553 59.808 29.005 -7.825 -47.829 -91.795 -136.860 -181.017 -220.286 -255.293 -9999.000 -9999.000
-9999.000 -9999.000 -9999.000 -9999.000 -9999.000 -9999.000 -9999.000 -9999.000 -9999.000 -9999.000 -9999.000 -9999.000 -9999.000 -9999.000 -9999.000 -9999.000 -9999.000 -9999.000 -9999.000 -9999.000 -9999.000 -9999.000 -9999.000 -9999.000 -9999.000 -9999.000 -9999.000 -9999.000 -9999.000 -9999.000 -9999.000 -9999.000 -9999.000 -9999.000 -9999.000 -9999.000 -9999.000 -9999.000 -9999.000 -9999.000 -9999.000 -9999.000 -9999.000 -9999.000 -9999.000 -9999.000 -9999.000 -9999.000 -9999.000 -9999.000 -9999.000 -9999.000 -9999.000 -9999.000 -9999.000 -9999.000 -9999.000 -9999.000 -9999.000 -9999.000 -9999.000 -9999.000 -9999.000 -9999.000 -9999.000 -9999.000 -9999.000 -9999.000 -9999.000 -9999.000 -9999.000 -9999.000 -9999.000 -9999.000 -9999.000 -9999.000 -9999.000 -9999.000 -9999.000 -9999.000 -9999.000 -9999.000 -9999.000 -9999.000 -9999.000 -9999.000 -9999.000 -9999.000 -9999.000 -9999.000 -9999.000 -9999.000 -9999.000 -9999.000 -9999.000 -9999.000 -9999.000 -9999.000 -9999.000 -9999.000 -9999.000 -9999.000 -9999.000 -9999.000
-9999.000 -9999.000 -9999.000 -9999.000 -9999.000 -9999.000 -9999.000 -9999.000 -9999.000 -9999.000 -9999.000 -9999.000 -9999.000 -9999.000 -9999.000 -9999.000 -9999.000 -9999.000 -9999.000 -9999.000 -9999.000 -9999.000 -9999.000 -9999.000 -9999.000 -9999.000 -9999.000 -9999.000 -9999.000 -9999.000 -9999.000 -9999.000 -9999.000 -9999.000 -9999.000 -9999.000 -9999.000 -9999.000 -9999.000 -9999.000 -9999.000 -9999.000 -9999.000 -9999.000 -9999.000 -9999.000 -9999.000 -9999.000 -9999.000 -9999.000 -9999.000 -9999.000 -9999.000 -9999.000 -9999.000 -9999.000 -9999.000 -9999.000 -9999.000 -9999.000 -9999.000 -9999.000 -9999.000 -9999.000 -9999.000 -9999.000 -9999.000 -9999.000 -9999.000 -9999.000 -9999.000 -9999.000 -9999.000 -9999.000 -9999.000 -9999.000 -9999.000 -9999.000 -9999.000 -9999.000 -9999.000 -9999.000 -9999.000 -9999.000 -9999.000 -9999.000 -9999.000 -9999.000 -9999.000 -9999.000 -9999.000 -9999.000 -9999.000 -9999.000 -9999.000 -9999.000 -9999.000 -9999.000 -9999.000 -9999.000 -9999.000 -9999.000 -9999.000 -9999.000