tests/3D/hillslope01/output-maps/psiliqL0043N0001.asc
ncols         104
nrows         10
xllcorner     -2.000000
yllcorner     0.000000
cellsize      1.000000
NODATA_value  -9999.0
-9999.000 -9999.000 -9999.000 -9999.000 -9999.000 -9999.000 -9999.000 -9999.000 -9999.000 -9999.000 -9999.000 -9999.000 -9999.000 -9999.000 -9999.000 -9999.000 -9999.000 -9999.000 -9999.000 -9999.000 -9999.000 -9999.000 -9999.000 -9999.000 -9999.000 -9999.000 -9999.000 -9999.000 -9999.000 -9999.000 -9999.000 -9999.000 -9999.000 -9999.000 -9999.000 -9999.000 -9999.000 -9999.000 -9999.000 -9999.000 -9999.000 -9999.000 -9999.000 -9999.000 -9999.000 -9999.000 -9999.000 -9999.000 -9999.000 -9999.000 -9999.000 -9999.000 -9999.000 -9999.000 -9999.000 -9999.000 -9999.000 -9999.000 -9999.000 -9999.000 -9999.000 -9999.000 -9999.000 -9999.000 -9999.000 -9999.000 -9999.000 -9999.000 -9999.000 -9999.000 -9999.000 -9999.000 -9999.000 -9999.000 -9999.000 -9999.000 -9999.000 -9999.000 -9999.000 -9999.000 -9999.000 -9999.000 -9999.000 -9999.000 -9999.000 -9999.000 -9999.000 -9999.000 -9999.000 -9999.000 -9999.000 -9999.000 -9999.000 -9999.000 -9999.000 -9999.000 -9999.000 -9999.000 -9999.000 -9999.000 -9999.000 -9999.000 -9999.000 -9999.000
-9999.000 -9999.000 -9999.000 -9999.000 -9999.000 -9999.000 -9999.000 -9999.000 -9999.000 -9999.000 -9999.000 -9999.000 -9999.000 -9999.000 -9999.000 -9999.000 -9999.000 -9999.000 -9999.000 -9999.000 -9999.000 -9999.000 -9999.000 -9999.000 -9999.000 -9999.000 -9999.000 -9999.000 -9999.000 -9999.000 -9999.000 -9999.000 -9999.000 -9999.000 -9999.000 -9999.000 -9999.000 -9999.000 -9999.000 -9999.000 -9999.000 -9999.000 -9999.000 -9999.000 -9999.000 -9999.000 -9999.000 -9999.000 -9999.000 -9999.000 -9999.000 -9999.000 -9999.000 -9999.000 -9999.000 -9999.000 -9999.000 -9999.000 -9999.000 -9999.000 -9999.000 -9999.000 -9999.000 -9999.000 -9999.000 -9999.000 -9999.000 -9999.000 -9999.000 -9999.000 -9999.000 -9999.000 -9999.000 -9999.000 -9999.000 -9999.000 -9999.000 -9999.000 -9999.000 -9999.000 -9999.000 -9999.000 -9999.000 -9999.000 -9999.000 -9999.000 -9999.000 -9999.000 -9999.000 -9999.000 -9999.000 -9999.000 -9999.000 -9999.000 -9999.000 -9999.000 -9999.000 -9999.000 -9999.000 -9999.000 -9999.000 -9999.000 -9999.000 -9999.000
-9999.000 -9999.000 -244.003 -383.359 -520.121 -618.263 -673.066 -701.583 -716.854 -725.536 -730.785 -734.144 -736.398 -737.966 -739.085 -739.900 -740.504 -740.959 -741.306 -741.573 -741.781 -741.944 -742.073 -742.174 -742.255 -742.319 -742.370 -742.411 -742.443 -742.469 -742.490 -742.507 -742.520 -742.531 -742.540 -742.547 -742.552 -742.557 -742.560 -742.563 -742.565 -742.567 -742.569 -742.570 -742.571 -742.572 -742.572 -742.573 -742.573 -742.574 -742.574 -742.574 -742.574 -742.574 -742.574 -742.574 -742.575 -742.575 -742.575 -742.575 -742.575 -742.575 -742.575 -742.576 -742.576 -742.577 -742.577 -742.578 -742.579 -742.580 -742.581 -742.582 -742.584 -742.586 -742.589 -742.593 -742.597 -742.602 -742.608 -742.616 -742.626 -742.637 -742.651 -742.668 -742.689 -742.714 -742.744 -742.780 -742.823 -742.873 -742.933 -743.002 -743.082 -743.172 -743.274 -743.387 -743.512 -743.649 -743.794 -743.952 -744.137 -745.400 -9999.000 -9999.000
-9999.000 -9999.000 -244.003 -383.359 -520.121 -618.263 -673.066 -701.583 -716.854 -725.536 -730.785 -734.144 -736.398 -737.966 -739.085 -739.900 -740.504 -740.959 -741.306 -741.573 -741.781 -741.944 -742.073 -742.174 -742.255 -742.319 -742.370 -742.411 -742.443 -742.469 -742.490 -742.507 -742.520 -742.531 -742.540 -742.547 -742.552 -742.557 -742.560 -742.563 -742.565 -742.567 -742.569 -742.570 -742.571 -742.572 -742.572 -742.573 -742.573 -742.574 -742.574 -742.574 -742.574 -742.574 -742.574 -742.574 -742.575 -742.575 -742.575 -742.575 -742.575 -742.575 -742.575 -742.576 -742.576 -742.577 -742.577 -742.578 -742.579 -742.580 -742.581 -742.582 -742.584 -742.586 -742.589 -742.593 -742.597 -742.602 -742.608 -742.616 -742.626 -742.637 -742.651 -742.668 -742.689 -742.714 -742.744 -742.780 -742.823 -742.873 -742.933 -743.002 -743.082 -743.172 -743.274 -743.387 -743.512 -743.649 -743.794 -743.952 -744.137 -745.400 -9999.000 -9999.000
-9999.000 -9999.000 -244.003 -383.359 -520.121 -618.263 -673.066 -701.583 -716.854 -725.536 -730.785 -734.144 -736.398 -737.966 -739.085 -739.900 -740.504 -740.959 -741.306 -741.573 -741.781 -741.944 -742.073 -742.174 -742.255 -742.319 -742.370 -742.411 -742.443 -742.469 -742.490 -742.507 -742.520 -742.531 -742.540 -742.547 -742.552 -742.557 -742.560 -742.563 -742.565 -742.567 -742.569 -742.570 -742.571 -742.572 -742.572 -742.573 -742.573 -742.574 -742.574 -742.574 -742.574 -742.574 -742.574 -742.574 -742.575 -742.575 -742.575 -742.575 -742.575 -742.575 -742.575 -742.576 -742.576 -742.577 -742.577 -742.578 -742.579 -742.580 -742.581 -742.582 -742.584 -742.586 -742.589 -742.593 -742.597 -742.602 -742.608 -742.616 -742.626 -742.637 -742.651 -742.668 -742.689 -742.714 -742.744 -742.780 -742.823 -742.873 -742.933 -743.002 -743.082 -743.172 -743.274 -743.387 -743.512 -743.649 -743.794 -743.952 -744.137 -745.400 -9999.000 -9999.000
-9999.000 -9999.000 -244.003 -383.359 -520.121 -618.263 -673.066 -701.583 -716.854 -725.536 -730.785 -734.144 -736.398 -737.966 -739.085 -739.900 -740.504 -740.959 -741.306 -741.573 -741.781 -741.944 -742.073 -742.174 -742.255 -742.319 -742.370 -742.411 -742.443 -742.469 -742.490 -742.507 -742.520 -742.531 -742.540 -742.547 -742.552 -742.557 -742.560 -742.563 -742.565 -742.567 -742.569 -742.570 -742.571 -742.572 -742.572 -742.573 -742.573 -742.574 -742.574 -742.574 -742.574 -742.574 -742.574 -742.574 -742.575 -742.575 -742.575 -742.575 -742.575 -742.575 -742.575 -742.576 -742.576 -742.577 -742.577 -742.578 -742.579 -742.580 -742.581 -742.582 -742.584 -742.586 -742.589 -742.593 -742.597 -742.602 -742.608 -742.616 -742.626 -742.637 -742.651 -742.668 -742.689 -742.714 -742.744 -742.780 -742.823 -742.873 -742.933 -743.002 -743.082 -743.172 -743.274 -743.387 -743.512 -743.649 -743.794 -743.952 -744.137 -745.400 -9999.000 -9999.000
-9999.000 -9999.000 -244.003 -383.359 -520.121 -618.263 -673.066 -701.583 -716.854 -725.536 -730.785 -734.144 -736.398 -737.966 -739.085 -739.900 -740.504 -740.959 -741.306 -741.573 -741.781 -741.944 -742.073 -742.174 -742.255 -742.319 -742.370 -742.411 -742.443 -742.469 -742.490 -742.507 -742.520 -742.531 -742.540 -742.547 -742.552 -742.557 -742.560 -742.563 -742.565 -742.567 -742.569 -742.570 -742.571 -742.572 -742.572 -742.573 -742.573 -742.574 -742.574 -742.574 -742.574 -742.574 -742.574 -742.574 -742.575 -742.575 -742.575 -742.575 -742.575 -742.575 -742.575 -742.576 -742.576 -742.577 -742.577 -742.578 -742.579 -742.580 -742.581 -742.582 -742.584 -742.586 -742.589 -742.593 -742.597 -742.602 -742.608 -742.616 -742.626 -742.637 -742.651 -742.668 -742.689 -742.714 -742.744 -742.780 -742.823 -742.873 -742.933 -743.002 -743.082 -743.172 -743.274 -743.387 -743.512 -743.649 -743.794 -743.952 -744.137 -745.400 -9999.000 -9999.000
-9999.000 -9999.000 -244.003 -383.359 -520.121 -618.263 -673.066 -701.583 -716.854 -725.536 -730.785 -734.144 -736.398 -737.966 -739.085 -739.900 -740.504 -740.959 -741.306 -741.573 -741.781 -741.944 -742.073 -742.174 -742.255 -742.319 -742.370 -742.411 -742.443 -742.469 -742.490 -742.507 -742.520 -742.531 -742.540 -742.547 -742.552 -742.557 -742.560 -742.563 -742.565 -742.567 -742.569 -742.570 -742.571 -742.572 -742.572 -742.573 -742.573 -742.574 -742.574 -742.574 -742.574 -742.574 -742.574 -742.574 -742.575 -742.575 -742.575 -742.575 -742.575 -742.575 -742.575 -742.576 -742.576 -742.577 -742.577 -742.578 -742.579 -742.580 -742.581 -742.582 -742.584 -742.586 -742.589 -742.593 -742.597 -742.602 -742.608 -742.616 -742.626 -742.637 -742.651 -742.668 -742.689 -742.714 -742.744 -742.780 -742.823 -742.873 -742.933 -743.002 -743.082 -743.172 -743.274 -743.387 -743.512 -743.649 -743.794 -743.952 -744.137 -745.400 -9999.000 -9999.000
-9999.000 -9999.000 -9999.000 -9999.000 -9999.000 -9999.000 -9999.000 -9999.000 -9999.000 -9999.000 -9999.000 -9999.000 -9999.000 -9999.000 -9999.000 -9999.000 -9999.000 -9999.000 -9999.000 -9999.000 -9999.000 -9999.000 -9999.000 -9999.000 -9999.000 -9999.000 -9999.000 -9999.000 -9999.000 -9999.000 -9999.000 -9999.000 -9999.000 -9999.000 -9999.000 -9999.000 -9999.000 -9999.000 -9999.000 -9999.000 -9999.000 -9999.000 -9999.000 -9999.000 -9999.000 -9999.000 -9999.000 -9999.000 -9999.000 -9999.000 -9999.000 -9999.000 -9999.000 -9999.000 -9999.000 -9999.000 -9999.000 -9999.000 -9999.000 -9999.000 -9999.000 -9999.000 -9999.000 -9999.000 -9999.000 -9999.000 -9999.000 -9999.000 -9999.000 -9999.000 -9999.000 -9999.000 -9999.000 -9999.000 -9999.000 -9999.000 -9999.000 -9999.000 -9999.000 -9999.000 -9999.000 -9999.000 -9999.000 -9999.000 -9999.000 -9999.000 -9999.000 -9999.000 -9999.000 -9999.000 -9999.000 -9999.000 -9999.000 -9999.000 -9999.000 -9999.000 -9999.000 -9999.000 -9999.000 -9999.000 -9999.000 -9999.000 -9999.000 -9999.000
-9999.000 -9999.000 -9999.000 -9999.000 -9999.000 -9999.000 -9999.000 -9999.000 -9999.000 -9999.000 -9999.000 -9999.000 -9999.000 -9999.000 -9999.000 -9999.000 -9999.000 -9999.000 -9999.000 -9999.000 -9999.000 -9999.000 -9999.000 -9999.000 -9999.000 -9999.000 -9999.000 -9999.000 -9999.000 -9999.000 -9999.000 -9999.000 -9999.000 -9999.000 -9999.000 -9999.000 -9999.000 -9999.000 -9999.000 -9999.000 -9999.000 -9999.000 -9999.000 -9999.000 -9999.000 -9999.000 -9999.000 -9999.000 -9999.000 -9999.000 -9999.000 -9999.000 -9999.000 -9999.000 -9999.000 -9999.000 -9999.000 -9999.000 -9999.000 -9999.000 -9999.000 -9999.000 -9999.000 -9999.000 -9999.000 -9999.000 -9999.000 -9999.000 -9999.000 -9999.000 -9999.000 -9999.000 -9999.000 -9999.000 -9999.000 -9999.000 -9999.000 -9999.000 -9999.000 -9999.000 -9999.000 -9999.000 -9999.000 -9999.000 -9999.000 -9999.000 -9999.000 -9999.000 -9999.000 -9999.000 -9999.000 -9999.000 -9999.000 -9999.000 -9999.000 -9999.000 -9999.000 -9999.000 -9999.000 -9999.000 -9999.000 -9999.000 -9999.000 -9999.000