tests/3D/hillslope01/output-maps/psiliqL0091N0001.asc
ncols         104
nrows         10
xllcorner     -2.000000
yllcorner     0.000000
cellsize      1.000000
NODATA_value  -9999.0
-9999.000 -9999.000 -9999.000 -9999.000 -9999.000 -9999.000 -9999.000 -9999.000 -9999.000 -9999.000 -9999.000 -9999.000 -9999.000 -9999.000 -9999.000 -9999.000 -9999.000 -9999.000 -9999.000 -9999.000 -9999.000 -9999.000 -9999.000 -9999.000 -9999.000 -9999.000 -9999.000 -9999.000 -9999.000 -9999.000 -9999.000 -9999.000 -9999.000 -9999.000 -9999.000 -9999.000 -9999.000 -9999.000 -9999.000 -9999.000 -9999.000 -9999.000 -9999.000 -9999.000 -9999.000 -9999.000 -9999.000 -9999.000 -9999.000 -9999.000 -9999.000 -9999.000 -9999.000 -9999.000 -9999.000 -9999.000 -9999.000 -9999.000 -9999.000 -9999.000 -9999.000 -9999.000 -9999.000 -9999.000 -9999.000 -9999.000 -9999.000 -9999.000 -9999.000 -9999.000 -9999.000 -9999.000 -9999.000 -9999.000 -9999.000 -9999.000 -9999.000 -9999.000 -9999.000 -9999.000 -9999.000 -9999.000 -9999.000 -9999.000 -9999.000 -9999.000 -9999.000 -9999.000 -9999.000 -9999.000 -9999.000 -9999.000 -9999.000 -9999.000 -9999.000 -9999.000 -9999.000 -9999.000 -9999.000 -9999.000 -9999.000 -9999.000 -9999.000 -9999.000
-9999.000 -9999.000 -9999.000 -9999.000 -9999.000 -9999.000 -9999.000 -9999.000 -9999.000 -9999.000 -9999.000 -9999.000 -9999.000 -9999.000 -9999.000 -9999.000 -9999.000 -9999.000 -9999.000 -9999.000 -9999.000 -9999.000 -9999.000 -9999.000 -9999.000 -9999.000 -9999.000 -9999.000 -9999.000 -9999.000 -9999.000 -9999.000 -9999.000 -9999.000 -9999.000 -9999.000 -9999.000 -9999.000 -9999.000 -9999.000 -9999.000 -9999.000 -9999.000 -9999.000 -9999.000 -9999.000 -9999.000 -9999.000 -9999.000 -9999.000 -9999.000 -9999.000 -9999.000 -9999.000 -9999.000 -9999.000 -9999.000 -9999.000 -9999.000 -9999.000 -9999.000 -9999.000 -9999.000 -9999.000 -9999.000 -9999.000 -9999.000 -9999.000 -9999.000 -9999.000 -9999.000 -9999.000 -9999.000 -9999.000 -9999.000 -9999.000 -9999.000 -9999.000 -9999.000 -9999.000 -9999.000 -9999.000 -9999.000 -9999.000 -9999.000 -9999.000 -9999.000 -9999.000 -9999.000 -9999.000 -9999.000 -9999.000 -9999.000 -9999.000 -9999.000 -9999.000 -9999.000 -9999.000 -9999.000 -9999.000 -9999.000 -9999.000 -9999.000 -9999.000
-9999.000 -9999.000 4703.641 4613.401 4532.677 4461.022 4397.844 4342.466 4294.169 4252.237 4215.978 4184.738 4157.908 4134.930 4115.299 4098.569 4084.347 4072.289 4062.093 4053.493 4046.255 4040.177 4035.083 4030.820 4027.259 4024.288 4021.814 4019.755 4018.044 4016.623 4015.446 4014.470 4013.663 4012.995 4012.443 4011.988 4011.612 4011.302 4011.046 4010.834 4010.659 4010.515 4010.394 4010.293 4010.209 4010.136 4010.073 4010.017 4009.966 4009.917 4009.870 4009.821 4009.770 4009.715 4009.653 4009.582 4009.501 4009.407 4009.295 4009.164 4009.008 4008.823 4008.602 4008.339 4008.025 4007.652 4007.207 4006.677 4006.046 4005.296 4004.405 4003.347 4002.092 4000.604 3998.843 3996.759 3994.298 3991.392 3987.968 3983.936 3979.196 3973.633 3967.116 3959.496 3950.609 3940.266 3928.259 3914.343 3898.228 3879.582 3858.024 3833.137 3804.466 3771.512 3733.718 3690.473 3641.121 3584.966 3521.284 3449.357 3368.528 3278.268 -9999.000 -9999.000
-9999.000 -9999.000 4703.641 4613.401 4532.677 4461.022 4397.844 4342.466 4294.169 4252.237 4215.978 4184.738 4157.908 4134.930 4115.299 4098.569 4084.347 4072.289 4062.093 4053.493 4046.255 4040.177 4035.083 4030.820 4027.259 4024.288 4021.814 4019.755 4018.044 4016.623 4015.446 4014.470 4013.663 4012.995 4012.443 4011.988 4011.612 4011.302 4011.046 4010.834 4010.659 4010.515 4010.394 4010.293 4010.209 4010.136 4010.073 4010.017 4009.966 4009.917 4009.870 4009.821 4009.770 4009.715 4009.653 4009.582 4009.501 4009.407 4009.295 4009.164 4009.008 4008.823 4008.602 4008.339 4008.025 4007.652 4007.207 4006.677 4006.046 4005.296 4004.405 4003.347 4002.092 4000.604 3998.843 3996.759 3994.298 3991.392 3987.968 3983.936 3979.196 3973.633 3967.116 3959.496 3950.609 3940.266 3928.259 3914.343 3898.228 3879.582 3858.024 3833.137 3804.466 3771.512 3733.718 3690.473 3641.121 3584.966 3521.284 3449.357 3368.528 3278.268 -9999.000 -9999.000
-9999.000 -9999.000 4703.641 4613.401 4532.677 4461.022 4397.844 4342.466 4294.169 4252.237 4215.978 4184.738 4157.908 4134.930 4115.299 4098.569 4084.347 4072.289 4062.093 4053.493 4046.255 4040.177 4035.083 4030.820 4027.259 4024.288 4021.814 4019.755 4018.044 4016.623 4015.446 4014.470 4013.663 4012.995 4012.443 4011.988 4011.612 4011.302 4011.046 4010.834 4010.659 4010.515 4010.394 4010.293 4010.209 4010.136 4010.073 4010.017 4009.966 4009.917 4009.870 4009.821 4009.770 4009.715 4009.653 4009.582 4009.501 4009.407 4009.295 4009.164 4009.008 4008.823 4008.602 4008.339 4008.025 4007.652 4007.207 4006.677 4006.046 4005.296 4004.405 4003.347 4002.092 4000.604 3998.843 3996.759 3994.298 3991.392 3987.968 3983.936 3979.196 3973.633 3967.116 3959.496 3950.609 3940.266 3928.259 3914.343 3898.228 3879.582 3858.024 3833.137 3804.466 3771.512 3733.718 3690.473 3641.121 3584.966 3521.284 3449.357 3368.528 3278.268 -9999.000 -9999.000
-9999.000 -9999.000 4703.641 4613.401 4532.677 4461.022 4397.844 4342.466 4294.169 4252.237 4215.978 4184.738 4157.908 4134.930 4115.299 4098.569 4084.347 4072.289 4062.093 4053.493 4046.255 4040.177 4035.083 4030.820 4027.259 4024.288 4021.814 4019.755 4018.044 4016.623 4015.446 4014.470 4013.663 4012.995 4012.443 4011.988 4011.612 4011.302 4011.046 4010.834 4010.659 4010.515 4010.394 4010.293 4010.209 4010.136 4010.073 4010.017 4009.966 4009.917 4009.870 4009.821 4009.770 4009.715 4009.653 4009.582 4009.501 4009.407 4009.295 4009.164 4009.008 4008.823 4008.602 4008.339 4008.025 4007.652 4007.207 4006.677 4006.046 4005.296 4004.405 4003.347 4002.092 4000.604 3998.843 3996.759 3994.298 3991.392 3987.968 3983.936 3979.196 3973.633 3967.116 3959.496 3950.609 3940.266 3928.259 3914.343 3898.228 3879.582 3858.024 3833.137 3804.466 3771.512 3733.718 3690.473 3641.121 3584.966 3521.284 3449.357 3368.528 3278.268 -9999.000 -9999.000
-9999.000 -9999.000 4703.641 4613.401 4532.677 4461.022 4397.844 4342.466 4294.169 4252.237 4215.978 4184.738 4157.908 4134.930 4115.299 4098.569 4084.347 4072.289 4062.093 4053.493 4046.255 4040.177 4035.083 4030.820 4027.259 4024.288 4021.814 4019.755 4018.044 4016.623 4015.446 4014.470 4013.663 4012.995 4012.443 4011.988 4011.612 4011.302 4011.046 4010.834 4010.659 4010.515 4010.394 4010.293 4010.209 4010.136 4010.073 4010.017 4009.966 4009.917 4009.870 4009.821 4009.770 4009.715 4009.653 4009.582 4009.501 4009.407 4009.295 4009.164 4009.008 4008.823 4008.602 4008.339 4008.025 4007.652 4007.207 4006.677 4006.046 4005.296 4004.405 4003.347 4002.092 4000.604 3998.843 3996.759 3994.298 3991.392 3987.968 3983.936 3979.196 3973.633 3967.116 3959.496 3950.609 3940.266 3928.259 3914.343 3898.228 3879.582 3858.024 3833.137 3804.466 3771.512 3733.718 3690.473 3641.121 3584.966 3521.284 3449.357 3368.528 3278.268 -9999.000 -9999.000
-9999.000 -9999.000 4703.641 4613.401 4532.677 4461.022 4397.844 4342.466 4294.169 4252.237 4215.978 4184.738 4157.908 4134.930 4115.299 4098.569 4084.347 4072.289 4062.093 4053.493 4046.255 4040.177 4035.083 4030.820 4027.259 4024.288 4021.814 4019.755 4018.044 4016.623 4015.446 4014.470 4013.663 4012.995 4012.443 4011.988 4011.612 4011.302 4011.046 4010.834 4010.659 4010.515 4010.394 4010.293 4010.209 4010.136 4010.073 4010.017 4009.966 4009.917 4009.870 4009.821 4009.770 4009.715 4009.653 4009.582 4009.501 4009.407 4009.295 4009.164 4009.008 4008.823 4008.602 4008.339 4008.025 4007.652 4007.207 4006.677 4006.046 4005.296 4004.405 4003.347 4002.092 4000.604 3998.843 3996.759 3994.298 3991.392 3987.968 3983.936 3979.196 3973.633 3967.116 3959.496 3950.609 3940.266 3928.259 3914.343 3898.228 3879.582 3858.024 3833.137 3804.466 3771.512 3733.718 3690.473 3641.121 3584.966 3521.284 3449.357 3368.528 3278.268 -9999.000 -9999.000
-9999.000 -9999.000 -9999.000 -9999.000 -9999.000 -9999.000 -9999.000 -9999.000 -9999.000 -9999.000 -9999.000 -9999.000 -9999.000 -9999.000 -9999.000 -9999.000 -9999.000 -9999.000 -9999.000 -9999.000 -9999.000 -9999.000 -9999.000 -9999.000 -9999.000 -9999.000 -9999.000 -9999.000 -9999.000 -9999.000 -9999.000 -9999.000 -9999.000 -9999.000 -9999.000 -9999.000 -9999.000 -9999.000 -9999.000 -9999.000 -9999.000 -9999.000 -9999.000 -9999.000 -9999.000 -9999.000 -9999.000 -9999.000 -9999.000 -9999.000 -9999.000 -9999.000 -9999.000 -9999.000 -9999.000 -9999.000 -9999.000 -9999.000 -9999.000 -9999.000 -9999.000 -9999.000 -9999.000 -9999.000 -9999.000 -9999.000 -9999.000 -9999.000 -9999.000 -9999.000 -9999.000 -9999.000 -9999.000 -9999.000 -9999.000 -9999.000 -9999.000 -9999.000 -9999.000 -9999.000 -9999.000 -9999.000 -9999.000 -9999.000 -9999.000 -9999.000 -9999.000 -9999.000 -9999.000 -9999.000 -9999.000 -9999.000 -9999.000 -9999.000 -9999.000 -9999.000 -9999.000 -9999.000 -9999.000 -9999.000 -9999.000 -9999.000 -9999.000 -9999.000
-9999.000 -9999.000 -9999.000 -9999.000 -9999.000 -9999.000 -9999.000 -9999.000 -9999.000 -9999.000 -9999.000 -9999.000 -9999.000 -9999.000 -9999.000 -9999.000 -9999.000 -9999.000 -9999.000 -9999.000 -9999.000 -9999.000 -9999.000 -9999.000 -9999.000 -9999.000 -9999.000 -9999.000 -9999.000 -9999.000 -9999.000 -9999.000 -9999.000 -9999.000 -9999.000 -9999.000 -9999.000 -9999.000 -9999.000 -9999.000 -9999.000 -9999.000 -9999.000 -9999.000 -9999.000 -9999.000 -9999.000 -9999.000 -9999.000 -9999.000 -9999.000 -9999.000 -9999.000 -9999.000 -9999.000 -9999.000 -9999.000 -9999.000 -9999.000 -9999.000 -9999.000 -9999.000 -9999.000 -9999.000 -9999.000 -9999.000 -9999.000 -9999.000 -9999.000 -9999.000 -9999.000 -9999.000 -9999.000 -9999.000 -9999.000 -9999.000 -9999.000 -9999.000 -9999.000 -9999.000 -9999.000 -9999.000 -9999.000 -9999.000 -9999.000 -9999.000 -9999.000 -9999.000 -9999.000 -9999.000 -9999.000 -9999.000 -9999.000 -9999.000 -9999.000 -9999.000 -9999.000 -9999.000 -9999.000 -9999.000 -9999.000 -9999.000 -9999.000 -9999.000