tests/3D/hillslope01/output-maps/psiliqL0082N0001.asc
ncols         104
nrows         10
xllcorner     -2.000000
yllcorner     0.000000
cellsize      1.000000
NODATA_value  -9999.0
-9999.000 -9999.000 -9999.000 -9999.000 -9999.000 -9999.000 -9999.000 -9999.000 -9999.000 -9999.000 -9999.000 -9999.000 -9999.000 -9999.000 -9999.000 -9999.000 -9999.000 -9999.000 -9999.000 -9999.000 -9999.000 -9999.000 -9999.000 -9999.000 -9999.000 -9999.000 -9999.000 -9999.000 -9999.000 -9999.000 -9999.000 -9999.000 -9999.000 -9999.000 -9999.000 -9999.000 -9999.000 -9999.000 -9999.000 -9999.000 -9999.000 -9999.000 -9999.000 -9999.000 -9999.000 -9999.000 -9999.000 -9999.000 -9999.000 -9999.000 -9999.000 -9999.000 -9999.000 -9999.000 -9999.000 -9999.000 -9999.000 -9999.000 -9999.000 -9999.000 -9999.000 -9999.000 -9999.000 -9999.000 -9999.000 -9999.000 -9999.000 -9999.000 -9999.000 -9999.000 -9999.000 -9999.000 -9999.000 -9999.000 -9999.000 -9999.000 -9999.000 -9999.000 -9999.000 -9999.000 -9999.000 -9999.000 -9999.000 -9999.000 -9999.000 -9999.000 -9999.000 -9999.000 -9999.000 -9999.000 -9999.000 -9999.000 -9999.000 -9999.000 -9999.000 -9999.000 -9999.000 -9999.000 -9999.000 -9999.000 -9999.000 -9999.000 -9999.000 -9999.000
-9999.000 -9999.000 -9999.000 -9999.000 -9999.000 -9999.000 -9999.000 -9999.000 -9999.000 -9999.000 -9999.000 -9999.000 -9999.000 -9999.000 -9999.000 -9999.000 -9999.000 -9999.000 -9999.000 -9999.000 -9999.000 -9999.000 -9999.000 -9999.000 -9999.000 -9999.000 -9999.000 -9999.000 -9999.000 -9999.000 -9999.000 -9999.000 -9999.000 -9999.000 -9999.000 -9999.000 -9999.000 -9999.000 -9999.000 -9999.000 -9999.000 -9999.000 -9999.000 -9999.000 -9999.000 -9999.000 -9999.000 -9999.000 -9999.000 -9999.000 -9999.000 -9999.000 -9999.000 -9999.000 -9999.000 -9999.000 -9999.000 -9999.000 -9999.000 -9999.000 -9999.000 -9999.000 -9999.000 -9999.000 -9999.000 -9999.000 -9999.000 -9999.000 -9999.000 -9999.000 -9999.000 -9999.000 -9999.000 -9999.000 -9999.000 -9999.000 -9999.000 -9999.000 -9999.000 -9999.000 -9999.000 -9999.000 -9999.000 -9999.000 -9999.000 -9999.000 -9999.000 -9999.000 -9999.000 -9999.000 -9999.000 -9999.000 -9999.000 -9999.000 -9999.000 -9999.000 -9999.000 -9999.000 -9999.000 -9999.000 -9999.000 -9999.000 -9999.000 -9999.000
-9999.000 -9999.000 3800.471 3710.530 3630.354 3559.428 3497.087 3442.593 3395.183 3354.108 3318.660 3288.174 3262.036 3239.683 3220.607 3204.364 3190.569 3178.887 3169.021 3160.710 3153.725 3147.866 3142.960 3138.859 3135.436 3132.583 3130.208 3128.233 3126.593 3125.233 3124.105 3123.172 3122.400 3121.762 3121.235 3120.800 3120.441 3120.145 3119.901 3119.700 3119.533 3119.395 3119.281 3119.185 3119.104 3119.035 3118.975 3118.922 3118.873 3118.827 3118.782 3118.735 3118.686 3118.633 3118.574 3118.507 3118.429 3118.338 3118.232 3118.105 3117.956 3117.777 3117.565 3117.312 3117.011 3116.651 3116.223 3115.713 3115.105 3114.382 3113.523 3112.502 3111.291 3109.855 3108.154 3106.140 3103.760 3100.948 3097.632 3093.726 3089.129 3083.729 3077.395 3069.982 3061.325 3051.245 3039.542 3025.983 3010.284 2992.107 2971.067 2946.745 2918.693 2886.431 2849.394 2806.960 2758.473 2703.209 2640.413 2569.294 2489.114 2399.229 -9999.000 -9999.000
-9999.000 -9999.000 3800.471 3710.530 3630.354 3559.428 3497.087 3442.593 3395.183 3354.108 3318.660 3288.174 3262.036 3239.683 3220.607 3204.364 3190.569 3178.887 3169.021 3160.710 3153.725 3147.866 3142.960 3138.859 3135.436 3132.583 3130.208 3128.233 3126.593 3125.233 3124.105 3123.172 3122.400 3121.762 3121.235 3120.800 3120.441 3120.145 3119.901 3119.700 3119.533 3119.395 3119.281 3119.185 3119.104 3119.035 3118.975 3118.922 3118.873 3118.827 3118.782 3118.735 3118.686 3118.633 3118.574 3118.507 3118.429 3118.338 3118.232 3118.105 3117.956 3117.777 3117.565 3117.312 3117.011 3116.651 3116.223 3115.713 3115.105 3114.382 3113.523 3112.502 3111.291 3109.855 3108.154 3106.140 3103.760 3100.948 3097.632 3093.726 3089.129 3083.729 3077.395 3069.982 3061.325 3051.245 3039.542 3025.983 3010.284 2992.107 2971.067 2946.745 2918.693 2886.431 2849.394 2806.960 2758.473 2703.209 2640.413 2569.294 2489.114 2399.229 -9999.000 -9999.000
-9999.000 -9999.000 3800.471 3710.530 3630.354 3559.428 3497.087 3442.593 3395.183 3354.108 3318.660 3288.174 3262.036 3239.683 3220.607 3204.364 3190.569 3178.887 3169.021 3160.710 3153.725 3147.866 3142.960 3138.859 3135.436 3132.583 3130.208 3128.233 3126.593 3125.233 3124.105 3123.172 3122.400 3121.762 3121.235 3120.800 3120.441 3120.145 3119.901 3119.700 3119.533 3119.395 3119.281 3119.185 3119.104 3119.035 3118.975 3118.922 3118.873 3118.827 3118.782 3118.735 3118.686 3118.633 3118.574 3118.507 3118.429 3118.338 3118.232 3118.105 3117.956 3117.777 3117.565 3117.312 3117.011 3116.651 3116.223 3115.713 3115.105 3114.382 3113.523 3112.502 3111.291 3109.855 3108.154 3106.140 3103.760 3100.948 3097.632 3093.726 3089.129 3083.729 3077.395 3069.982 3061.325 3051.245 3039.542 3025.983 3010.284 2992.107 2971.067 2946.745 2918.693 2886.431 2849.394 2806.960 2758.473 2703.209 2640.413 2569.294 2489.114 2399.229 -9999.000 -9999.000
-9999.000 -9999.000 3800.471 3710.530 3630.354 3559.428 3497.087 3442.593 3395.183 3354.108 3318.660 3288.174 3262.036 3239.683 3220.607 3204.364 3190.569 3178.887 3169.021 3160.710 3153.725 3147.866 3142.960 3138.859 3135.436 3132.583 3130.208 3128.233 3126.593 3125.233 3124.105 3123.172 3122.400 3121.762 3121.235 3120.800 3120.441 3120.145 3119.901 3119.700 3119.533 3119.395 3119.281 3119.185 3119.104 3119.035 3118.975 3118.922 3118.873 3118.827 3118.782 3118.735 3118.686 3118.633 3118.574 3118.507 3118.429 3118.338 3118.232 3118.105 3117.956 3117.777 3117.565 3117.312 3117.011 3116.651 3116.223 3115.713 3115.105 3114.382 3113.523 3112.502 3111.291 3109.855 3108.154 3106.140 3103.760 3100.948 3097.632 3093.726 3089.129 3083.729 3077.395 3069.982 3061.325 3051.245 3039.542 3025.983 3010.284 2992.107 2971.067 2946.745 2918.693 2886.431 2849.394 2806.960 2758.473 2703.209 2640.413 2569.294 2489.114 2399.229 -9999.000 -9999.000
-9999.000 -9999.000 3800.471 3710.530 3630.354 3559.428 3497.087 3442.593 3395.183 3354.108 3318.660 3288.174 3262.036 3239.683 3220.607 3204.364 3190.569 3178.887 3169.021 3160.710 3153.725 3147.866 3142.960 3138.859 3135.436 3132.583 3130.208 3128.233 3126.593 3125.233 3124.105 3123.172 3122.400 3121.762 3121.235 3120.800 3120.441 3120.145 3119.901 3119.700 3119.533 3119.395 3119.281 3119.185 3119.104 3119.035 3118.975 3118.922 3118.873 3118.827 3118.782 3118.735 3118.686 3118.633 3118.574 3118.507 3118.429 3118.338 3118.232 3118.105 3117.956 3117.777 3117.565 3117.312 3117.011 3116.651 3116.223 3115.713 3115.105 3114.382 3113.523 3112.502 3111.291 3109.855 3108.154 3106.140 3103.760 3100.948 3097.632 3093.726 3089.129 3083.729 3077.395 3069.982 3061.325 3051.245 3039.542 3025.983 3010.284 2992.107 2971.067 2946.745 2918.693 2886.431 2849.394 2806.960 2758.473 2703.209 2640.413 2569.294 2489.114 2399.229 -9999.000 -9999.000
-9999.000 -9999.000 3800.471 3710.530 3630.354 3559.428 3497.087 3442.593 3395.183 3354.108 3318.660 3288.174 3262.036 3239.683 3220.607 3204.364 3190.569 3178.887 3169.021 3160.710 3153.725 3147.866 3142.960 3138.859 3135.436 3132.583 3130.208 3128.233 3126.593 3125.233 3124.105 3123.172 3122.400 3121.762 3121.235 3120.800 3120.441 3120.145 3119.901 3119.700 3119.533 3119.395 3119.281 3119.185 3119.104 3119.035 3118.975 3118.922 3118.873 3118.827 3118.782 3118.735 3118.686 3118.633 3118.574 3118.507 3118.429 3118.338 3118.232 3118.105 3117.956 3117.777 3117.565 3117.312 3117.011 3116.651 3116.223 3115.713 3115.105 3114.382 3113.523 3112.502 3111.291 3109.855 3108.154 3106.140 3103.760 3100.948 3097.632 3093.726 3089.129 3083.729 3077.395 3069.982 3061.325 3051.245 3039.542 3025.983 3010.284 2992.107 2971.067 2946.745 2918.693 2886.431 2849.394 2806.960 2758.473 2703.209 2640.413 2569.294 2489.114 2399.229 -9999.000 -9999.000
-9999.000 -9999.000 -9999.000 -9999.000 -9999.000 -9999.000 -9999.000 -9999.000 -9999.000 -9999.000 -9999.000 -9999.000 -9999.000 -9999.000 -9999.000 -9999.000 -9999.000 -9999.000 -9999.000 -9999.000 -9999.000 -9999.000 -9999.000 -9999.000 -9999.000 -9999.000 -9999.000 -9999.000 -9999.000 -9999.000 -9999.000 -9999.000 -9999.000 -9999.000 -9999.000 -9999.000 -9999.000 -9999.000 -9999.000 -9999.000 -9999.000 -9999.000 -9999.000 -9999.000 -9999.000 -9999.000 -9999.000 -9999.000 -9999.000 -9999.000 -9999.000 -9999.000 -9999.000 -9999.000 -9999.000 -9999.000 -9999.000 -9999.000 -9999.000 -9999.000 -9999.000 -9999.000 -9999.000 -9999.000 -9999.000 -9999.000 -9999.000 -9999.000 -9999.000 -9999.000 -9999.000 -9999.000 -9999.000 -9999.000 -9999.000 -9999.000 -9999.000 -9999.000 -9999.000 -9999.000 -9999.000 -9999.000 -9999.000 -9999.000 -9999.000 -9999.000 -9999.000 -9999.000 -9999.000 -9999.000 -9999.000 -9999.000 -9999.000 -9999.000 -9999.000 -9999.000 -9999.000 -9999.000 -9999.000 -9999.000 -9999.000 -9999.000 -9999.000 -9999.000
-9999.000 -9999.000 -9999.000 -9999.000 -9999.000 -9999.000 -9999.000 -9999.000 -9999.000 -9999.000 -9999.000 -9999.000 -9999.000 -9999.000 -9999.000 -9999.000 -9999.000 -9999.000 -9999.000 -9999.000 -9999.000 -9999.000 -9999.000 -9999.000 -9999.000 -9999.000 -9999.000 -9999.000 -9999.000 -9999.000 -9999.000 -9999.000 -9999.000 -9999.000 -9999.000 -9999.000 -9999.000 -9999.000 -9999.000 -9999.000 -9999.000 -9999.000 -9999.000 -9999.000 -9999.000 -9999.000 -9999.000 -9999.000 -9999.000 -9999.000 -9999.000 -9999.000 -9999.000 -9999.000 -9999.000 -9999.000 -9999.000 -9999.000 -9999.000 -9999.000 -9999.000 -9999.000 -9999.000 -9999.000 -9999.000 -9999.000 -9999.000 -9999.000 -9999.000 -9999.000 -9999.000 -9999.000 -9999.000 -9999.000 -9999.000 -9999.000 -9999.000 -9999.000 -9999.000 -9999.000 -9999.000 -9999.000 -9999.000 -9999.000 -9999.000 -9999.000 -9999.000 -9999.000 -9999.000 -9999.000 -9999.000 -9999.000 -9999.000 -9999.000 -9999.000 -9999.000 -9999.000 -9999.000 -9999.000 -9999.000 -9999.000 -9999.000 -9999.000 -9999.000