tests/3D/Borden05m/output_maps/psiliqL0023N0002.asc
ncols         160
nrows         34
xllcorner     620200.000000
yllcorner     5168000.000000
cellsize      0.500000
NODATA_value  -9999.0
[rows 0 to 27 of 34, columns 62 to 123 of 160]
-9999.000 -9999.000 -9999.000 -9999.000 -9999.000 -9999.000 -9999.000 -9999.000 -9999.000 -9999.000 -9999.000 -9999.000 -9999.000 -9999.000 -9999.000 -9999.000 -9999.000 -9999.000 -9999.000 -9999.000 -9999.000 -9999.000 -9999.000 -9999.000 -9999.000 -9999.000 -9999.000 -9999.000 -9999.000 -9999.000 -9999.000 -9999.000 -9999.000 -9999.000 -9999.000 -9999.000 -9999.000 -9999.000 -9999.000 -9999.000 -9999.000 -9999.000 -9999.000 -9999.000 -9999.000 -9999.000 -9999.000 -9999.000 -9999.000 -9999.000 -9999.000 -9999.000 -9999.000 -9999.000 -9999.000 -9999.000 -9999.000 -9999.000 -9999.000 -9999.000 -9999.000 -9999.000
2784.108 2775.438 2766.081 2758.025 2753.813 2752.625 2751.712 2751.050 2755.910 2763.861 2771.392 2778.249 2780.582 2782.872 2784.740 2784.961 2783.736 2780.441 2777.052 2773.612 2771.913 2764.361 2753.155 2744.715 2741.997 2746.217 2750.581 2753.051 2758.387 2768.859 2779.519 2788.114 2800.555 2807.335 2812.681 2815.424 2811.491 2808.245 2804.392 2798.555 2787.513 -9999.000 -9999.000 -9999.000 -9999.000 -9999.000 -9999.000 -9999.000 -9999.000 -9999.000 -9999.000 -9999.000 -9999.000 -9999.000 -9999.000 -9999.000 -9999.000 -9999.000 -9999.000 -9999.000 -9999.000 -9999.000
2764.214 2759.739 2751.113 2745.860 2740.287 2737.706 2737.607 2737.415 2741.067 2751.576 2759.304 2763.808 2766.318 2769.012 2767.642 2766.833 2766.505 2763.536 2759.998 2756.555 2754.661 2755.836 2748.205 2742.294 2738.479 2735.801 2738.481 2741.106 2745.428 2754.683 2762.667 2770.716 2785.734 2798.794 2804.453 2802.003 2797.424 2793.721 2786.580 2776.077 2766.073 2757.593 2751.369 2746.091 2739.968 2746.420 2754.120 2763.671 2772.719 2784.822 2797.091 -9999.000 -9999.000 -9999.000 -9999.000 -9999.000 -9999.000 -9999.000 -9999.000 -9999.000 -9999.000 -9999.000
2744.104 2747.265 2743.836 2738.916 2731.616 2741.125 2742.029 2742.674 2745.732 2747.747 2752.278 2754.647 2759.865 2768.721 2771.390 2771.733 2771.692 2769.643 2766.329 2764.318 2761.454 2756.123 2754.419 2754.151 2753.049 2757.299 2758.801 2761.450 2755.717 2759.975 2766.255 2773.241 2779.049 2785.386 2788.337 2785.168 2785.560 2777.361 2763.840 2753.861 2746.321 2746.196 2743.329 2735.572 2722.242 2730.423 2746.541 2751.400 2754.251 2765.541 2777.887 2788.419 2791.486 2791.219 2790.911 2788.067 2774.259 2759.577 2744.535 2725.885 -9999.000 -9999.000
2751.774 2749.802 2746.192 2742.149 2752.807 2761.120 2762.374 2764.711 2768.406 2768.768 2757.542 2755.293 2762.648 2772.303 2777.448 2777.493 2777.055 2773.621 2772.380 2772.027 2770.042 2769.718 2771.371 2769.395 2772.643 2778.100 2781.302 2775.525 2767.006 2768.984 2777.333 2786.295 2793.895 2804.255 2815.261 2815.386 2810.804 2802.404 2789.943 2767.519 2749.788 2739.063 2731.468 2724.418 2726.913 2722.780 2736.185 2738.101 2740.598 2748.225 2758.633 2769.272 2775.476 2774.868 2774.177 2771.731 2762.190 2747.454 2732.636 2715.226 2688.855 2660.074
2751.593 2750.650 2751.426 2760.692 2772.596 2784.219 2786.091 2787.824 2786.542 2778.528 2768.122 2765.073 2778.502 2794.914 2802.689 2802.293 2798.643 2802.465 2802.132 2802.029 2798.242 2799.171 2797.552 2803.892 2811.469 2819.171 2817.701 2805.444 2793.382 2793.043 2797.955 2804.138 2811.487 2821.757 2831.148 2826.480 2821.131 2813.472 2787.544 2764.268 2749.758 2750.377 2751.295 2747.044 2745.033 2743.855 2739.344 2739.617 2738.971 2738.798 2751.101 2764.273 2767.873 2761.323 2757.395 2755.171 2747.195 2735.808 2720.107 2703.098 2683.558 2655.475
2782.983 2783.697 2789.713 2800.306 2813.718 2835.524 2835.420 2836.208 2835.609 2822.976 2809.888 2799.557 2820.469 2831.146 2838.471 2836.724 2842.751 2851.519 2847.626 2840.877 2829.182 2834.847 2842.437 2857.438 2865.009 2869.901 2866.109 2852.927 2846.461 2847.346 2852.878 2853.317 2861.102 2870.322 2885.413 2884.502 2880.187 2860.105 2823.606 2793.632 2779.685 2790.110 2784.562 2778.443 2777.849 2766.486 2758.773 2761.029 2752.888 2748.113 2760.650 2767.535 2769.058 2761.534 2766.737 2759.867 2739.562 2722.898 2708.235 2693.926 2677.123 2670.944
2796.967 2801.583 2811.346 2828.763 2847.406 2867.781 2868.332 2863.740 2873.115 2866.127 2855.557 2847.788 2866.628 2877.011 2887.404 2893.892 2906.372 2916.908 2901.957 2886.057 2876.832 2883.329 2907.377 2928.421 2933.207 2932.756 2932.975 2919.222 2914.034 2909.930 2909.065 2905.803 2903.545 2927.285 2947.772 2947.468 2925.925 2903.362 2865.130 2827.984 2802.410 2812.707 2809.994 2812.741 2801.993 2789.888 2781.017 2777.290 2770.540 2760.267 2768.784 2773.669 2782.183 2789.816 2793.641 2777.182 2759.708 2740.575 2722.743 2708.687 2702.553 2696.488
2861.514 2874.436 2881.872 2899.151 2917.422 2944.117 2957.949 2970.643 2974.432 2966.933 2958.221 2945.903 2949.353 2971.461 2983.003 2991.716 3000.512 3012.966 3014.456 3008.514 3006.944 3010.963 3022.841 3035.905 3042.561 3046.116 3049.397 3038.462 3026.276 3023.307 3017.181 3014.774 3013.719 3023.247 3041.735 3039.058 3005.399 2979.024 2945.280 2907.871 2878.728 2870.582 2887.106 2883.463 2867.397 2855.435 2828.046 2820.863 2810.502 2786.492 2785.993 2790.725 2801.309 2815.322 2802.367 2786.137 2768.807 2749.205 2731.969 2724.959 2723.404 2720.398
2978.861 2986.611 2989.805 2996.187 3028.141 3061.703 3087.252 3109.977 3117.229 3105.271 3095.433 3082.238 3073.245 3082.590 3099.034 3116.312 3131.267 3142.473 3144.864 3143.354 3143.439 3146.248 3149.195 3153.151 3161.026 3168.526 3177.450 3186.128 3176.789 3159.959 3150.097 3140.139 3138.527 3139.417 3142.183 3143.212 3128.838 3089.679 3059.279 3027.752 3006.667 2992.294 2989.579 2971.716 2948.463 2899.099 2861.898 2830.556 2810.675 2787.983 2794.418 2813.942 2854.773 2856.976 2845.253 2830.047 2806.710 2783.867 2763.069 2759.101 2757.531 2753.232
3103.836 3107.742 3110.449 3113.861 3139.398 3179.687 3218.200 3248.806 3249.363 3236.457 3225.264 3215.836 3202.231 3198.373 3209.893 3224.308 3243.613 3254.193 3261.000 3258.243 3258.493 3259.985 3262.237 3264.282 3267.537 3276.599 3290.959 3304.757 3304.314 3286.611 3268.939 3252.743 3249.386 3246.316 3241.352 3243.392 3245.216 3231.409 3201.796 3163.268 3122.951 3104.663 3088.752 3077.891 3061.701 3025.021 2962.501 2925.761 2889.357 2861.500 2859.093 2922.070 2937.852 2927.339 2916.059 2894.312 2866.848 2843.691 2821.537 2818.514 2814.718 2807.482
3221.060 3227.931 3231.193 3237.569 3253.917 3284.116 3318.002 3346.872 3362.488 3355.426 3338.525 3317.312 3308.403 3305.796 3309.062 3317.960 3329.824 3348.488 3367.152 3372.829 3373.676 3371.041 3373.381 3374.845 3374.941 3377.485 3385.244 3394.563 3397.779 3390.605 3370.596 3347.855 3335.992 3329.158 3325.618 3326.123 3330.622 3333.266 3319.262 3285.281 3242.497 3212.262 3196.121 3183.068 3169.493 3157.731 3128.056 3108.160 3073.479 3026.911 2997.954 3029.359 3021.546 3011.244 2988.384 2957.602 2927.050 2896.787 2871.244 2861.953 2858.386 2856.798
3334.226 3338.860 3346.521 3361.532 3383.887 3401.858 3423.284 3448.762 3464.249 3469.532 3468.209 3464.658 3465.957 3466.272 3409.880 3415.567 3421.226 3436.578 3450.676 3455.728 3456.300 3454.014 3455.709 3456.395 3456.329 3455.960 3457.868 3462.425 3464.163 3462.004 3450.447 3466.036 3446.605 3433.466 3425.428 3417.331 3409.092 3399.729 3390.005 3370.833 3340.955 3307.121 3284.890 3276.577 3270.633 3262.755 3257.355 3240.981 3218.828 3184.952 3145.903 3122.528 3119.304 3103.368 3070.509 3041.855 3020.748 2985.445 2955.166 2937.828 2935.417 2925.980
3445.440 3450.041 3463.576 3479.537 3465.396 3472.881 3480.627 3488.323 3490.966 3491.723 3491.373 3489.017 3488.319 3486.039 3482.376 3472.105 3473.693 3475.560 3478.155 3481.844 3480.700 3481.773 3484.715 3483.002 3477.068 3473.085 3471.510 3472.408 3479.771 3483.184 3484.104 3481.143 3480.249 3479.342 3476.267 3472.428 3467.020 3460.103 3472.924 3461.288 3434.246 3395.506 3355.707 3347.146 3348.025 3348.150 3346.514 3340.980 3323.440 3296.289 3259.310 3221.153 3212.951 3199.133 3181.669 3166.478 3148.299 3109.284 3073.008 3049.710 3037.985 3014.560
3488.735 3491.443 3494.207 3491.162 3488.090 3483.259 3481.762 3480.434 3478.019 3478.659 3476.775 3472.760 3468.836 3461.174 3449.796 3438.624 3435.254 3439.607 3445.115 3450.115 3454.337 3457.981 3458.175 3452.850 3444.553 3437.115 3435.416 3442.201 3447.893 3454.175 3455.005 3453.613 3451.205 3451.032 3447.900 3448.145 3455.075 3469.497 3472.711 3478.001 3477.212 3462.177 3434.974 3443.251 3423.484 3429.092 3424.545 3413.265 3392.170 3368.155 3337.385 3307.242 3287.652 3280.216 3274.552 3267.716 3254.416 3216.267 3182.091 3152.953 3132.378 3106.969
3473.543 3480.553 3481.672 3474.682 3466.222 3459.110 3451.866 3449.608 3448.962 3448.672 3449.134 3443.889 3434.904 3418.278 3406.774 3395.739 3389.820 3386.380 3390.098 3401.067 3412.761 3417.717 3408.895 3400.645 3389.076 3381.042 3381.455 3382.690 3392.066 3408.340 3415.324 3416.070 3409.824 3403.661 3397.112 3394.185 3400.602 3415.714 3432.079 3447.222 3456.093 3463.649 3470.560 3469.812 3472.218 3473.504 3471.499 3473.705 3456.383 3433.026 3405.131 3380.032 3354.124 3349.866 3349.548 3345.918 3343.762 3311.784 3275.804 3241.931 3215.061 3188.661
3446.490 3448.644 3444.751 3438.411 3428.506 3417.641 3408.070 3400.810 3401.856 3404.228 3405.820 3398.785 3383.732 3366.165 3352.829 3339.079 3335.209 3329.558 3322.549 3332.731 3351.955 3359.116 3343.535 3332.876 3317.915 3311.231 3307.400 3308.290 3317.244 3339.182 3362.352 3364.232 3353.466 3342.777 3337.968 3334.767 3339.554 3356.298 3376.718 3392.370 3402.477 3407.715 3415.408 3424.668 3438.422 3452.772 3464.706 3469.881 3477.655 3473.683 3461.899 3453.694 3430.141 3415.987 3407.997 3403.718 3396.646 3373.301 3344.379 3317.067 3290.642 3267.360
3410.470 3406.877 3400.945 3394.089 3374.728 3362.576 3350.069 3335.611 3331.999 3327.706 3329.045 3317.796 3309.610 3292.997 3277.833 3262.399 3249.695 3244.057 3237.588 3236.922 3250.701 3259.219 3249.136 3239.395 3228.436 3223.671 3220.323 3222.675 3233.022 3252.886 3271.140 3279.197 3271.664 3269.598 3269.061 3267.382 3273.355 3284.481 3302.419 3324.220 3342.361 3351.887 3358.663 3367.783 3381.947 3395.760 3409.754 3427.287 3449.500 3465.143 3474.848 3475.766 3474.661 3467.401 3468.959 3458.384 3446.228 3426.621 3401.826 3374.810 3348.738 3331.384
3369.399 3363.511 3358.007 3336.842 3283.649 3263.440 3245.059 3229.359 3223.133 3215.192 3200.697 3192.227 3187.630 3188.543 3174.573 3157.340 3140.115 3135.324 3131.800 3115.899 3112.835 3113.812 3128.126 3121.908 3119.953 3121.217 3118.798 3120.341 3133.142 3141.393 3147.450 3153.946 3157.571 3167.267 3174.725 3183.621 3200.144 3211.014 3226.248 3246.281 3271.107 3285.787 3294.911 3305.018 3319.965 3335.815 3353.093 3375.054 3400.426 3416.417 3427.304 3438.933 3452.040 3466.745 3472.618 3480.544 3478.857 3474.688 3451.229 3422.747 3402.097 3384.538
3306.048 3304.027 3294.439 3242.277 3201.807 3168.753 3151.944 3129.115 3116.423 3101.344 3065.317 3048.808 3047.872 3061.521 3057.401 3042.162 3030.230 3021.255 3012.501 2995.691 2978.554 2984.472 3002.011 3002.196 3004.819 3012.109 3011.381 3005.104 3003.488 3015.673 3021.307 3032.007 3048.396 3052.855 3067.759 3099.819 3112.248 3126.716 3144.740 3164.735 3186.286 3207.881 3221.247 3235.785 3253.726 3269.883 3289.713 3311.872 3340.674 3361.305 3375.276 3385.806 3396.316 3411.390 3431.757 3450.553 3468.492 3478.301 3479.463 3467.900 3449.981 3430.849
3205.957 3200.179 3173.230 3122.586 3087.008 3063.403 3042.306 3019.899 2997.625 2962.517 2928.991 2908.034 2922.749 2933.812 2944.234 2932.853 2922.173 2912.839 2895.716 2879.346 2863.796 2874.535 2883.186 2900.657 2907.042 2910.887 2916.228 2914.711 2904.673 2900.766 2908.595 2918.120 2929.419 2949.272 2983.208 3007.187 3024.503 3044.181 3062.261 3082.986 3105.226 3126.972 3143.030 3160.586 3178.427 3198.542 3217.216 3239.648 3267.307 3292.514 3307.959 3322.577 3335.727 3354.621 3377.945 3400.437 3425.209 3446.606 3459.898 3472.753 3477.423 3472.312
3089.057 3069.299 3024.396 2983.610 2961.835 2948.312 2925.925 2905.562 2877.856 2845.276 2823.842 2804.118 2814.591 2824.960 2844.287 2835.574 2828.606 2825.565 2810.647 2797.562 2781.593 2788.152 2800.033 2822.628 2828.338 2832.322 2841.293 2840.370 2835.831 2819.188 2825.810 2836.082 2850.047 2879.930 2902.057 2923.876 2944.628 2963.168 2983.792 3005.230 3027.342 3052.505 3070.992 3088.980 3109.507 3127.919 3142.020 3158.128 3181.605 3202.304 3222.660 3244.286 3258.771 3282.827 3312.818 3342.699 3376.518 3400.577 3415.858 3428.179 3440.131 3459.555
2943.515 2894.492 2860.968 2839.847 2837.766 2825.968 2807.074 2789.036 2770.649 2749.344 2731.070 2707.042 2712.954 2728.935 2746.108 2747.011 2747.843 2746.584 2737.424 2724.246 2710.834 2714.660 2731.541 2749.364 2759.051 2766.560 2774.162 2773.763 2764.318 2754.163 2758.605 2773.243 2788.696 2805.917 2825.870 2845.809 2865.135 2886.485 2908.030 2929.808 2953.471 2978.899 2998.732 3021.071 3044.176 3059.951 3068.088 3075.696 3094.739 3110.115 3130.966 3152.872 3170.217 3196.934 3230.905 3271.861 3311.362 3350.614 3368.304 3381.674 3391.914 3407.533
2825.107 2793.504 2766.062 2759.267 2744.984 2732.677 2719.266 2700.337 2684.927 2670.877 2650.621 2640.552 2648.319 2662.311 2671.342 2678.130 2676.392 2674.412 2668.932 2655.331 2650.640 2660.548 2675.753 2689.535 2700.855 2707.617 2712.688 2709.480 2700.162 2696.530 2704.259 2719.183 2732.160 2746.395 2766.064 2785.063 2805.313 2826.389 2847.033 2870.023 2893.708 2918.187 2943.562 2964.581 2982.154 2989.821 2998.109 2997.484 3007.701 3022.513 3038.577 3059.800 3082.971 3108.039 3146.654 3187.028 3226.557 3265.991 3300.529 3320.370 3337.173 3356.836
2759.648 2731.297 2703.848 2679.747 2668.459 2663.382 2651.874 2636.117 2625.977 2611.483 2601.582 2607.750 2609.844 2618.791 2617.767 2619.130 2617.065 2616.782 2614.647 2608.256 2619.669 2626.338 2639.829 2649.856 2659.421 2665.098 2668.528 2669.280 2664.534 2669.750 2675.469 2688.637 2699.154 2711.959 2730.917 2746.654 2764.250 2784.899 2806.213 2828.358 2852.244 2878.385 2901.238 2917.537 2923.032 2930.785 2931.220 2919.289 2928.970 2940.066 2949.428 2968.935 2988.587 3008.690 3045.692 3090.150 3137.830 3175.336 3219.796 3246.989 3271.612 3293.506
2678.054 2649.834 2623.016 2603.504 2599.372 2589.382 2579.937 2569.245 2556.751 2550.300 2556.618 2554.875 2552.939 2551.691 2554.854 2558.614 2558.508 2557.874 2560.823 2571.280 2575.767 2581.192 2590.200 2601.359 2612.923 2616.475 2620.616 2624.883 2630.221 2632.780 2636.026 2646.063 2657.300 2669.080 2684.286 2700.982 2718.623 2739.782 2761.912 2785.674 2811.071 2837.422 2857.964 2865.301 2873.583 2874.033 2865.658 2858.267 2860.424 2870.723 2876.312 2891.834 2912.332 2921.665 2958.638 3006.203 3046.905 3082.583 3117.578 3159.669 3187.249 3212.822
2616.365 2588.475 2568.023 2554.163 2544.402 2534.535 2524.679 2512.906 2506.475 2507.915 2505.802 2504.120 2502.165 2505.522 2509.470 2514.233 2514.718 2516.025 2519.187 2523.687 2530.338 2539.807 2550.578 2562.842 2578.344 2583.305 2587.945 2593.843 2596.567 2599.788 2603.534 2614.091 2625.447 2636.840 2653.059 2670.225 2688.289 2709.901 2734.972 2764.225 2790.378 2816.315 2839.769 2848.401 2851.316 2848.734 2840.916 2825.875 2821.974 2830.026 2829.766 2838.202 2855.099 2861.753 2886.218 2924.480 2950.741 2984.644 3023.323 3076.201 3105.620 3137.590
2549.199 2530.108 2515.525 2497.449 2484.549 2474.388 2466.428 2461.840 2461.750 2459.655 2458.610 2457.639 2455.727 2457.315 2461.807 2465.911 2468.629 2471.775 2476.234 2483.126 2492.289 2500.390 2512.204 2526.983 2542.413 2549.627 2555.182 2561.254 2565.734 2569.926 2573.338 2582.786 2594.099 2603.804 2620.328 2638.494 2657.494 2682.475 2711.572 2741.557 2767.389 2792.386 2818.640 2821.899 2822.572 2821.762 2806.191 2790.788 2782.323 2783.048 2783.306 2784.015 2793.189 2802.620 2820.347 2841.282 2867.227 2901.641 2949.107 2994.446 3028.260 3057.763
