tests/3D/hillslope02_superslab/output-maps-SE27XX/psiliqL0005N0001.asc
ncols         104
nrows         10
xllcorner     -2.000000
yllcorner     0.000000
cellsize      1.000000
NODATA_value  -9999.0
-9999.0 -9999.0 -9999.0 -9999.0 -9999.0 -9999.0 -9999.0 -9999.0 -9999.0 -9999.0 -9999.0 -9999.0 -9999.0 -9999.0 -9999.0 -9999.0 -9999.0 -9999.0 -9999.0 -9999.0 -9999.0 -9999.0 -9999.0 -9999.0 -9999.0 -9999.0 -9999.0 -9999.0 -9999.0 -9999.0 -9999.0 -9999.0 -9999.0 -9999.0 -9999.0 -9999.0 -9999.0 -9999.0 -9999.0 -9999.0 -9999.0 -9999.0 -9999.0 -9999.0 -9999.0 -9999.0 -9999.0 -9999.0 -9999.0 -9999.0 -9999.0 -9999.0 -9999.0 -9999.0 -9999.0 -9999.0 -9999.0 -9999.0 -9999.0 -9999.0 -9999.0 -9999.0 -9999.0 -9999.0 -9999.0 -9999.0 -9999.0 -9999.0 -9999.0 -9999.0 -9999.0 -9999.0 -9999.0 -9999.0 -9999.0 -9999.0 -9999.0 -9999.0 -9999.0 -9999.0 -9999.0 -9999.0 -9999.0 -9999.0 -9999.0 -9999.0 -9999.0 -9999.0 -9999.0 -9999.0 -9999.0 -9999.0 -9999.0 -9999.0 -9999.0 -9999.0 -9999.0 -9999.0 -9999.0 -9999.0 -9999.0 -9999.0 -9999.0 -9999.0
-9999.0 -9999.0 -9999.0 -9999.0 -9999.0 -9999.0 -9999.0 -9999.0 -9999.0 -9999.0 -9999.0 -9999.0 -9999.0 -9999.0 -9999.0 -9999.0 -9999.0 -9999.0 -9999.0 -9999.0 -9999.0 -9999.0 -9999.0 -9999.0 -9999.0 -9999.0 -9999.0 -9999.0 -9999.0 -9999.0 -9999.0 -9999.0 -9999.0 -9999.0 -9999.0 -9999.0 -9999.0 -9999.0 -9999.0 -9999.0 -9999.0 -9999.0 -9999.0 -9999.0 -9999.0 -9999.0 -9999.0 -9999.0 -9999.0 -9999.0 -9999.0 -9999.0 -9999.0 -9999.0 -9999.0 -9999.0 -9999.0 -9999.0 -9999.0 -9999.0 -9999.0 -9999.0 -9999.0 -9999.0 -9999.0 -9999.0 -9999.0 -9999.0 -9999.0 -9999.0 -9999.0 -9999.0 -9999.0 -9999.0 -9999.0 -9999.0 -9999.0 -9999.0 -9999.0 -9999.0 -9999.0 -9999.0 -9999.0 -9999.0 -9999.0 -9999.0 -9999.0 -9999.0 -9999.0 -9999.0 -9999.0 -9999.0 -9999.0 -9999.0 -9999.0 -9999.0 -9999.0 -9999.0 -9999.0 -9999.0 -9999.0 -9999.0 -9999.0 -9999.0
-9999.0 -9999.0 -4669.009718 -4708.489686 -4716.471733 -4719.985341 -4722.476522 -4724.634958 -4726.357250 -4727.338038 -4727.411857 -4727.722151 -4727.722542 -4727.722361 -4727.722430 -4727.659414 -4725.165355 -4723.341328 -4721.745256 -4720.569493 -4719.781565 -4719.277761 -4718.961837 -4718.764612 -4718.641037 -4718.562921 -4718.512818 -4718.479859 -4718.457098 -4718.439826 -4718.424429 -4718.407454 -4718.384551 -4718.348821 -4718.287584 -4718.175356 -4717.957199 -4717.505211 -4716.486350 -4713.840492 -4704.481028 -4622.199647 -4727.722768 -4727.722772 -4727.722772 -4727.722772 -4727.722772 -4727.722772 -4727.722772 -4727.722772 -4727.722772 -4727.722772 -4727.722772 -4727.722772 -4727.722772 -4727.722772 -4727.722772 -4727.722772 -4727.722772 -4727.722772 -4727.722772 -4727.720127 -4623.740008 -4704.615205 -4713.868728 -4716.493966 -4717.506917 -4717.956787 -4718.173772 -4718.284832 -4718.344494 -4718.377898 -4718.397272 -4718.408847 -4718.415933 -4718.420365 -4718.423193 -4718.425043 -4718.426301 -4718.427219 -4718.427972 -4718.428702 -4718.429542 -4718.430646 -4718.432216 -4718.434544 -4718.438065 -4718.443454 -4718.451760 -4718.464646 -4718.484774 -4718.516467 -4718.566841 -4718.647782 -4718.779394 -4718.995861 -4719.354726 -4719.948525 -4720.908019 -4722.358283 -4724.256742 -4726.155640 -9999.0 -9999.0
-9999.0 -9999.0 -4669.009726 -4708.489688 -4716.471735 -4719.985342 -4722.476523 -4724.634959 -4726.357250 -4727.338038 -4727.411857 -4727.722151 -4727.722542 -4727.722361 -4727.722430 -4727.659414 -4725.165355 -4723.341329 -4721.745257 -4720.569494 -4719.781567 -4719.277763 -4718.961838 -4718.764612 -4718.641037 -4718.562922 -4718.512819 -4718.479860 -4718.457099 -4718.439827 -4718.424430 -4718.407454 -4718.384552 -4718.348821 -4718.287584 -4718.175356 -4717.957199 -4717.505211 -4716.486350 -4713.840492 -4704.481027 -4622.199652 -4727.722768 -4727.722772 -4727.722772 -4727.722772 -4727.722772 -4727.722772 -4727.722772 -4727.722772 -4727.722772 -4727.722772 -4727.722772 -4727.722772 -4727.722772 -4727.722772 -4727.722772 -4727.722772 -4727.722772 -4727.722772 -4727.722772 -4727.720127 -4623.740013 -4704.615204 -4713.868728 -4716.493966 -4717.506917 -4717.956787 -4718.173773 -4718.284832 -4718.344495 -4718.377899 -4718.397273 -4718.408847 -4718.415934 -4718.420366 -4718.423194 -4718.425044 -4718.426302 -4718.427220 -4718.427974 -4718.428704 -4718.429544 -4718.430648 -4718.432218 -4718.434545 -4718.438067 -4718.443456 -4718.451762 -4718.464648 -4718.484777 -4718.516470 -4718.566843 -4718.647785 -4718.779397 -4718.995864 -4719.354728 -4719.948527 -4720.908020 -4722.358284 -4724.256742 -4726.155640 -9999.0 -9999.0
-9999.0 -9999.0 -4669.009728 -4708.489690 -4716.471735 -4719.985342 -4722.476523 -4724.634959 -4726.357250 -4727.338038 -4727.411857 -4727.722151 -4727.722542 -4727.722361 -4727.722430 -4727.659414 -4725.165355 -4723.341329 -4721.745257 -4720.569495 -4719.781568 -4719.277764 -4718.961839 -4718.764613 -4718.641038 -4718.562922 -4718.512820 -4718.479861 -4718.457100 -4718.439828 -4718.424431 -4718.407455 -4718.384552 -4718.348821 -4718.287584 -4718.175356 -4717.957199 -4717.505211 -4716.486350 -4713.840492 -4704.481027 -4622.199647 -4727.722768 -4727.722772 -4727.722772 -4727.722772 -4727.722772 -4727.722772 -4727.722772 -4727.722772 -4727.722772 -4727.722772 -4727.722772 -4727.722772 -4727.722772 -4727.722772 -4727.722772 -4727.722772 -4727.722772 -4727.722772 -4727.722772 -4727.720127 -4623.740008 -4704.615204 -4713.868728 -4716.493966 -4717.506917 -4717.956787 -4718.173773 -4718.284832 -4718.344495 -4718.377899 -4718.397273 -4718.408847 -4718.415934 -4718.420366 -4718.423194 -4718.425045 -4718.426303 -4718.427221 -4718.427975 -4718.428705 -4718.429545 -4718.430649 -4718.432219 -4718.434546 -4718.438068 -4718.443457 -4718.451763 -4718.464649 -4718.484778 -4718.516471 -4718.566845 -4718.647787 -4718.779399 -4718.995865 -4719.354730 -4719.948528 -4720.908021 -4722.358284 -4724.256742 -4726.155640 -9999.0 -9999.0
-9999.0 -9999.0 -4669.009728 -4708.489690 -4716.471735 -4719.985342 -4722.476523 -4724.634959 -4726.357250 -4727.338038 -4727.411857 -4727.722151 -4727.722542 -4727.722361 -4727.722430 -4727.659414 -4725.165355 -4723.341329 -4721.745257 -4720.569495 -4719.781568 -4719.277764 -4718.961839 -4718.764613 -4718.641038 -4718.562922 -4718.512820 -4718.479861 -4718.457100 -4718.439828 -4718.424431 -4718.407455 -4718.384552 -4718.348821 -4718.287584 -4718.175356 -4717.957199 -4717.505211 -4716.486350 -4713.840492 -4704.481027 -4622.199648 -4727.722768 -4727.722772 -4727.722772 -4727.722772 -4727.722772 -4727.722772 -4727.722772 -4727.722772 -4727.722772 -4727.722772 -4727.722772 -4727.722772 -4727.722772 -4727.722772 -4727.722772 -4727.722772 -4727.722772 -4727.722772 -4727.722772 -4727.720127 -4623.740008 -4704.615204 -4713.868728 -4716.493966 -4717.506917 -4717.956787 -4718.173773 -4718.284832 -4718.344495 -4718.377899 -4718.397273 -4718.408847 -4718.415934 -4718.420366 -4718.423194 -4718.425045 -4718.426303 -4718.427221 -4718.427975 -4718.428705 -4718.429545 -4718.430649 -4718.432219 -4718.434546 -4718.438068 -4718.443457 -4718.451763 -4718.464649 -4718.484778 -4718.516471 -4718.566845 -4718.647787 -4718.779399 -4718.995865 -4719.354730 -4719.948528 -4720.908021 -4722.358284 -4724.256742 -4726.155640 -9999.0 -9999.0
-9999.0 -9999.0 -4669.009726 -4708.489688 -4716.471735 -4719.985342 -4722.476523 -4724.634959 -4726.357250 -4727.338038 -4727.411857 -4727.722151 -4727.722542 -4727.722361 -4727.722430 -4727.659414 -4725.165355 -4723.341329 -4721.745257 -4720.569494 -4719.781567 -4719.277763 -4718.961838 -4718.764612 -4718.641037 -4718.562922 -4718.512819 -4718.479860 -4718.457099 -4718.439827 -4718.424430 -4718.407454 -4718.384552 -4718.348821 -4718.287584 -4718.175356 -4717.957199 -4717.505211 -4716.486350 -4713.840492 -4704.481027 -4622.199652 -4727.722768 -4727.722772 -4727.722772 -4727.722772 -4727.722772 -4727.722772 -4727.722772 -4727.722772 -4727.722772 -4727.722772 -4727.722772 -4727.722772 -4727.722772 -4727.722772 -4727.722772 -4727.722772 -4727.722772 -4727.722772 -4727.722772 -4727.720127 -4623.740012 -4704.615204 -4713.868728 -4716.493966 -4717.506917 -4717.956787 -4718.173773 -4718.284832 -4718.344495 -4718.377899 -4718.397273 -4718.408847 -4718.415934 -4718.420366 -4718.423194 -4718.425044 -4718.426302 -4718.427220 -4718.427974 -4718.428704 -4718.429544 -4718.430648 -4718.432218 -4718.434545 -4718.438067 -4718.443456 -4718.451762 -4718.464648 -4718.484777 -4718.516470 -4718.566843 -4718.647785 -4718.779397 -4718.995864 -4719.354728 -4719.948527 -4720.908020 -4722.358284 -4724.256742 -4726.155640 -9999.0 -9999.0
-9999.0 -9999.0 -4669.009718 -4708.489686 -4716.471733 -4719.985341 -4722.476522 -4724.634958 -4726.357250 -4727.338038 -4727.411857 -4727.722151 -4727.722542 -4727.722361 -4727.722430 -4727.659414 -4725.165355 -4723.341328 -4721.745256 -4720.569493 -4719.781565 -4719.277761 -4718.961837 -4718.764612 -4718.641037 -4718.562921 -4718.512818 -4718.479859 -4718.457098 -4718.439826 -4718.424429 -4718.407454 -4718.384551 -4718.348821 -4718.287584 -4718.175356 -4717.957199 -4717.505211 -4716.486350 -4713.840492 -4704.481028 -4622.199647 -4727.722768 -4727.722772 -4727.722772 -4727.722772 -4727.722772 -4727.722772 -4727.722772 -4727.722772 -4727.722772 -4727.722772 -4727.722772 -4727.722772 -4727.722772 -4727.722772 -4727.722772 -4727.722772 -4727.722772 -4727.722772 -4727.722772 -4727.720127 -4623.740008 -4704.615205 -4713.868728 -4716.493966 -4717.506917 -4717.956787 -4718.173772 -4718.284832 -4718.344494 -4718.377898 -4718.397272 -4718.408847 -4718.415933 -4718.420365 -4718.423193 -4718.425043 -4718.426301 -4718.427219 -4718.427972 -4718.428702 -4718.429542 -4718.430646 -4718.432216 -4718.434544 -4718.438065 -4718.443454 -4718.451760 -4718.464646 -4718.484774 -4718.516467 -4718.566841 -4718.647782 -4718.779394 -4718.995861 -4719.354726 -4719.948525 -4720.908019 -4722.358283 -4724.256742 -4726.155640 -9999.0 -9999.0
-9999.0 -9999.0 -9999.0 -9999.0 -9999.0 -9999.0 -9999.0 -9999.0 -9999.0 -9999.0 -9999.0 -9999.0 -9999.0 -9999.0 -9999.0 -9999.0 -9999.0 -9999.0 -9999.0 -9999.0 -9999.0 -9999.0 -9999.0 -9999.0 -9999.0 -9999.0 -9999.0 -9999.0 -9999.0 -9999.0 -9999.0 -9999.0 -9999.0 -9999.0 -9999.0 -9999.0 -9999.0 -9999.0 -9999.0 -9999.0 -9999.0 -9999.0 -9999.0 -9999.0 -9999.0 -9999.0 -9999.0 -9999.0 -9999.0 -9999.0 -9999.0 -9999.0 -9999.0 -9999.0 -9999.0 -9999.0 -9999.0 -9999.0 -9999.0 -9999.0 -9999.0 -9999.0 -9999.0 -9999.0 -9999.0 -9999.0 -9999.0 -9999.0 -9999.0 -9999.0 -9999.0 -9999.0 -9999.0 -9999.0 -9999.0 -9999.0 -9999.0 -9999.0 -9999.0 -9999.0 -9999.0 -9999.0 -9999.0 -9999.0 -9999.0 -9999.0 -9999.0 -9999.0 -9999.0 -9999.0 -9999.0 -9999.0 -9999.0 -9999.0 -9999.0 -9999.0 -9999.0 -9999.0 -9999.0 -9999.0 -9999.0 -9999.0 -9999.0 -9999.0
-9999.0 -9999.0 -9999.0 -9999.0 -9999.0 -9999.0 -9999.0 -9999.0 -9999.0 -9999.0 -9999.0 -9999.0 -9999.0 -9999.0 -9999.0 -9999.0 -9999.0 -9999.0 -9999.0 -9999.0 -9999.0 -9999.0 -9999.0 -9999.0 -9999.0 -9999.0 -9999.0 -9999.0 -9999.0 -9999.0 -9999.0 -9999.0 -9999.0 -9999.0 -9999.0 -9999.0 -9999.0 -9999.0 -9999.0 -9999.0 -9999.0 -9999.0 -9999.0 -9999.0 -9999.0 -9999.0 -9999.0 -9999.0 -9999.0 -9999.0 -9999.0 -9999.0 -9999.0 -9999.0 -9999.0 -9999.0 -9999.0 -9999.0 -9999.0 -9999.0 -9999.0 -9999.0 -9999.0 -9999.0 -9999.0 -9999.0 -9999.0 -9999.0 -9999.0 -9999.0 -9999.0 -9999.0 -9999.0 -9999.0 -9999.0 -9999.0 -9999.0 -9999.0 -9999.0 -9999.0 -9999.0 -9999.0 -9999.0 -9999.0 -9999.0 -9999.0 -9999.0 -9999.0 -9999.0 -9999.0 -9999.0 -9999.0 -9999.0 -9999.0 -9999.0 -9999.0 -9999.0 -9999.0 -9999.0 -9999.0 -9999.0 -9999.0 -9999.0 -9999.0