tests/3D/hillslope02_superslab/output-maps-SE27XX/thetaliqL0003N0001.asc
ncols         104
nrows         10
xllcorner     -2.000000
yllcorner     0.000000
cellsize      1.000000
NODATA_value  -9999.0
-9999.0 -9999.0 -9999.0 -9999.0 -9999.0 -9999.0 -9999.0 -9999.0 -9999.0 -9999.0 -9999.0 -9999.0 -9999.0 -9999.0 -9999.0 -9999.0 -9999.0 -9999.0 -9999.0 -9999.0 -9999.0 -9999.0 -9999.0 -9999.0 -9999.0 -9999.0 -9999.0 -9999.0 -9999.0 -9999.0 -9999.0 -9999.0 -9999.0 -9999.0 -9999.0 -9999.0 -9999.0 -9999.0 -9999.0 -9999.0 -9999.0 -9999.0 -9999.0 -9999.0 -9999.0 -9999.0 -9999.0 -9999.0 -9999.0 -9999.0 -9999.0 -9999.0 -9999.0 -9999.0 -9999.0 -9999.0 -9999.0 -9999.0 -9999.0 -9999.0 -9999.0 -9999.0 -9999.0 -9999.0 -9999.0 -9999.0 -9999.0 -9999.0 -9999.0 -9999.0 -9999.0 -9999.0 -9999.0 -9999.0 -9999.0 -9999.0 -9999.0 -9999.0 -9999.0 -9999.0 -9999.0 -9999.0 -9999.0 -9999.0 -9999.0 -9999.0 -9999.0 -9999.0 -9999.0 -9999.0 -9999.0 -9999.0 -9999.0 -9999.0 -9999.0 -9999.0 -9999.0 -9999.0 -9999.0 -9999.0 -9999.0 -9999.0 -9999.0 -9999.0
-9999.0 -9999.0 -9999.0 -9999.0 -9999.0 -9999.0 -9999.0 -9999.0 -9999.0 -9999.0 -9999.0 -9999.0 -9999.0 -9999.0 -9999.0 -9999.0 -9999.0 -9999.0 -9999.0 -9999.0 -9999.0 -9999.0 -9999.0 -9999.0 -9999.0 -9999.0 -9999.0 -9999.0 -9999.0 -9999.0 -9999.0 -9999.0 -9999.0 -9999.0 -9999.0 -9999.0 -9999.0 -9999.0 -9999.0 -9999.0 -9999.0 -9999.0 -9999.0 -9999.0 -9999.0 -9999.0 -9999.0 -9999.0 -9999.0 -9999.0 -9999.0 -9999.0 -9999.0 -9999.0 -9999.0 -9999.0 -9999.0 -9999.0 -9999.0 -9999.0 -9999.0 -9999.0 -9999.0 -9999.0 -9999.0 -9999.0 -9999.0 -9999.0 -9999.0 -9999.0 -9999.0 -9999.0 -9999.0 -9999.0 -9999.0 -9999.0 -9999.0 -9999.0 -9999.0 -9999.0 -9999.0 -9999.0 -9999.0 -9999.0 -9999.0 -9999.0 -9999.0 -9999.0 -9999.0 -9999.0 -9999.0 -9999.0 -9999.0 -9999.0 -9999.0 -9999.0 -9999.0 -9999.0 -9999.0 -9999.0 -9999.0 -9999.0 -9999.0 -9999.0
-9999.0 -9999.0 0.035903 0.033578 0.032533 0.031845 0.031145 0.030181 0.028730 0.026728 0.026265 0.034451 0.034346 0.034953 0.034704 0.027957 0.029695 0.030753 0.031350 0.031679 0.031862 0.031966 0.032026 0.032062 0.032083 0.032096 0.032105 0.032110 0.032114 0.032117 0.032119 0.032122 0.032126 0.032133 0.032145 0.032168 0.032215 0.032319 0.032556 0.033117 0.034588 0.039468 0.033015 0.032987 0.032987 0.032987 0.032987 0.032987 0.032987 0.032987 0.032987 0.032987 0.032987 0.032987 0.032987 0.032987 0.032987 0.032987 0.032987 0.032987 0.032987 0.033016 0.038348 0.034285 0.033013 0.032519 0.032308 0.032212 0.032167 0.032145 0.032133 0.032127 0.032124 0.032122 0.032120 0.032120 0.032119 0.032119 0.032119 0.032118 0.032118 0.032118 0.032118 0.032118 0.032118 0.032117 0.032117 0.032116 0.032115 0.032112 0.032109 0.032104 0.032095 0.032081 0.032057 0.032016 0.031943 0.031809 0.031556 0.031072 0.030160 0.028563 -9999.0 -9999.0
-9999.0 -9999.0 0.035903 0.033578 0.032533 0.031845 0.031145 0.030181 0.028730 0.026728 0.026265 0.034451 0.034346 0.034953 0.034704 0.027957 0.029695 0.030753 0.031350 0.031679 0.031862 0.031966 0.032026 0.032062 0.032083 0.032096 0.032105 0.032110 0.032114 0.032117 0.032119 0.032122 0.032126 0.032133 0.032145 0.032168 0.032215 0.032319 0.032556 0.033117 0.034588 0.039468 0.033015 0.032987 0.032987 0.032987 0.032987 0.032987 0.032987 0.032987 0.032987 0.032987 0.032987 0.032987 0.032987 0.032987 0.032987 0.032987 0.032987 0.032987 0.032987 0.033016 0.038348 0.034285 0.033013 0.032519 0.032308 0.032212 0.032167 0.032145 0.032133 0.032127 0.032124 0.032122 0.032120 0.032120 0.032119 0.032119 0.032119 0.032118 0.032118 0.032118 0.032118 0.032118 0.032118 0.032117 0.032117 0.032116 0.032115 0.032112 0.032109 0.032104 0.032095 0.032081 0.032057 0.032016 0.031943 0.031809 0.031556 0.031072 0.030160 0.028563 -9999.0 -9999.0
-9999.0 -9999.0 0.035903 0.033578 0.032533 0.031845 0.031145 0.030181 0.028730 0.026728 0.026265 0.034451 0.034346 0.034953 0.034704 0.027957 0.029695 0.030753 0.031350 0.031679 0.031862 0.031966 0.032026 0.032062 0.032083 0.032096 0.032105 0.032110 0.032114 0.032117 0.032119 0.032122 0.032126 0.032133 0.032145 0.032168 0.032215 0.032319 0.032556 0.033117 0.034588 0.039468 0.033015 0.032987 0.032987 0.032987 0.032987 0.032987 0.032987 0.032987 0.032987 0.032987 0.032987 0.032987 0.032987 0.032987 0.032987 0.032987 0.032987 0.032987 0.032987 0.033016 0.038348 0.034285 0.033013 0.032519 0.032308 0.032212 0.032167 0.032145 0.032133 0.032127 0.032124 0.032122 0.032120 0.032120 0.032119 0.032119 0.032119 0.032118 0.032118 0.032118 0.032118 0.032118 0.032118 0.032117 0.032117 0.032116 0.032115 0.032112 0.032109 0.032104 0.032095 0.032081 0.032057 0.032016 0.031943 0.031809 0.031556 0.031072 0.030160 0.028563 -9999.0 -9999.0
-9999.0 -9999.0 0.035903 0.033578 0.032533 0.031845 0.031145 0.030181 0.028730 0.026728 0.026265 0.034451 0.034346 0.034953 0.034704 0.027957 0.029695 0.030753 0.031350 0.031679 0.031862 0.031966 0.032026 0.032062 0.032083 0.032096 0.032105 0.032110 0.032114 0.032117 0.032119 0.032122 0.032126 0.032133 0.032145 0.032168 0.032215 0.032319 0.032556 0.033117 0.034588 0.039468 0.033015 0.032987 0.032987 0.032987 0.032987 0.032987 0.032987 0.032987 0.032987 0.032987 0.032987 0.032987 0.032987 0.032987 0.032987 0.032987 0.032987 0.032987 0.032987 0.033016 0.038348 0.034285 0.033013 0.032519 0.032308 0.032212 0.032167 0.032145 0.032133 0.032127 0.032124 0.032122 0.032120 0.032120 0.032119 0.032119 0.032119 0.032118 0.032118 0.032118 0.032118 0.032118 0.032118 0.032117 0.032117 0.032116 0.032115 0.032112 0.032109 0.032104 0.032095 0.032081 0.032057 0.032016 0.031943 0.031809 0.031556 0.031072 0.030160 0.028563 -9999.0 -9999.0
-9999.0 -9999.0 0.035903 0.033578 0.032533 0.031845 0.031145 0.030181 0.028730 0.026728 0.026265 0.034451 0.034346 0.034953 0.034704 0.027957 0.029695 0.030753 0.031350 0.031679 0.031862 0.031966 0.032026 0.032062 0.032083 0.032096 0.032105 0.032110 0.032114 0.032117 0.032119 0.032122 0.032126 0.032133 0.032145 0.032168 0.032215 0.032319 0.032556 0.033117 0.034588 0.039468 0.033015 0.032987 0.032987 0.032987 0.032987 0.032987 0.032987 0.032987 0.032987 0.032987 0.032987 0.032987 0.032987 0.032987 0.032987 0.032987 0.032987 0.032987 0.032987 0.033016 0.038348 0.034285 0.033013 0.032519 0.032308 0.032212 0.032167 0.032145 0.032133 0.032127 0.032124 0.032122 0.032120 0.032120 0.032119 0.032119 0.032119 0.032118 0.032118 0.032118 0.032118 0.032118 0.032118 0.032117 0.032117 0.032116 0.032115 0.032112 0.032109 0.032104 0.032095 0.032081 0.032057 0.032016 0.031943 0.031809 0.031556 0.031072 0.030160 0.028563 -9999.0 -9999.0
-9999.0 -9999.0 0.035903 0.033578 0.032533 0.031845 0.031145 0.030181 0.028730 0.026728 0.026265 0.034451 0.034346 0.034953 0.034704 0.027957 0.029695 0.030753 0.031350 0.031679 0.031862 0.031966 0.032026 0.032062 0.032083 0.032096 0.032105 0.032110 0.032114 0.032117 0.032119 0.032122 0.032126 0.032133 0.032145 0.032168 0.032215 0.032319 0.032556 0.033117 0.034588 0.039468 0.033015 0.032987 0.032987 0.032987 0.032987 0.032987 0.032987 0.032987 0.032987 0.032987 0.032987 0.032987 0.032987 0.032987 0.032987 0.032987 0.032987 0.032987 0.032987 0.033016 0.038348 0.034285 0.033013 0.032519 0.032308 0.032212 0.032167 0.032145 0.032133 0.032127 0.032124 0.032122 0.032120 0.032120 0.032119 0.032119 0.032119 0.032118 0.032118 0.032118 0.032118 0.032118 0.032118 0.032117 0.032117 0.032116 0.032115 0.032112 0.032109 0.032104 0.032095 0.032081 0.032057 0.032016 0.031943 0.031809 0.031556 0.031072 0.030160 0.028563 -9999.0 -9999.0
-9999.0 -9999.0 -9999.0 -9999.0 -9999.0 -9999.0 -9999.0 -9999.0 -9999.0 -9999.0 -9999.0 -9999.0 -9999.0 -9999.0 -9999.0 -9999.0 -9999.0 -9999.0 -9999.0 -9999.0 -9999.0 -9999.0 -9999.0 -9999.0 -9999.0 -9999.0 -9999.0 -9999.0 -9999.0 -9999.0 -9999.0 -9999.0 -9999.0 -9999.0 -9999.0 -9999.0 -9999.0 -9999.0 -9999.0 -9999.0 -9999.0 -9999.0 -9999.0 -9999.0 -9999.0 -9999.0 -9999.0 -9999.0 -9999.0 -9999.0 -9999.0 -9999.0 -9999.0 -9999.0 -9999.0 -9999.0 -9999.0 -9999.0 -9999.0 -9999.0 -9999.0 -9999.0 -9999.0 -9999.0 -9999.0 -9999.0 -9999.0 -9999.0 -9999.0 -9999.0 -9999.0 -9999.0 -9999.0 -9999.0 -9999.0 -9999.0 -9999.0 -9999.0 -9999.0 -9999.0 -9999.0 -9999.0 -9999.0 -9999.0 -9999.0 -9999.0 -9999.0 -9999.0 -9999.0 -9999.0 -9999.0 -9999.0 -9999.0 -9999.0 -9999.0 -9999.0 -9999.0 -9999.0 -9999.0 -9999.0 -9999.0 -9999.0 -9999.0 -9999.0
-9999.0 -9999.0 -9999.0 -9999.0 -9999.0 -9999.0 -9999.0 -9999.0 -9999.0 -9999.0 -9999.0 -9999.0 -9999.0 -9999.0 -9999.0 -9999.0 -9999.0 -9999.0 -9999.0 -9999.0 -9999.0 -9999.0 -9999.0 -9999.0 -9999.0 -9999.0 -9999.0 -9999.0 -9999.0 -9999.0 -9999.0 -9999.0 -9999.0 -9999.0 -9999.0 -9999.0 -9999.0 -9999.0 -9999.0 -9999.0 -9999.0 -9999.0 -9999.0 -9999.0 -9999.0 -9999.0 -9999.0 -9999.0 -9999.0 -9999.0 -9999.0 -9999.0 -9999.0 -9999.0 -9999.0 -9999.0 -9999.0 -9999.0 -9999.0 -9999.0 -9999.0 -9999.0 -9999.0 -9999.0 -9999.0 -9999.0 -9999.0 -9999.0 -9999.0 -9999.0 -9999.0 -9999.0 -9999.0 -9999.0 -9999.0 -9999.0 -9999.0 -9999.0 -9999.0 -9999.0 -9999.0 -9999.0 -9999.0 -9999.0 -9999.0 -9999.0 -9999.0 -9999.0 -9999.0 -9999.0 -9999.0 -9999.0 -9999.0 -9999.0 -9999.0 -9999.0 -9999.0 -9999.0 -9999.0 -9999.0 -9999.0 -9999.0 -9999.0 -9999.0