tests/3D/PSQL_test/rec/SnowTemperature0000L0001.asc
ncols         295
nrows         180
xllcorner     627200.000000
yllcorner     5109000.000000
cellsize      200.000000
NODATA_value  -9999.0
[rows 138 to 160 of 180, columns 156 to 207 of 295]
-0.000037401 -0.000036167 -0.000035620 -0.000038069 -0.000037676 -0.000037823 -0.000052563 -0.000071121 -0.000057239 -0.000036372 -0.000029782 -0.000029024 -0.000028714 -0.000029139 -0.000034383 -0.000039464 -0.000036984 -0.000034715 -0.000035523 -0.000035596 -0.000035671 -0.000038658 -0.000037359 -0.000037376 -0.000037375 -0.000037400 -0.000035633 -0.000035643 -0.000035696 -0.000035787 -0.000035893 -0.000036081 -0.000036409 -0.000036250 -0.000034096 -0.000033724 -0.000032815 -0.000031412 -0.000030697 -0.000030656 -0.000030566 -0.000030258 -0.000030343 -0.000030463 -0.000030691 -0.000032387 -0.000033177 -0.000032302 -0.000033078 -0.000033853 -0.000033286 -0.000033195
-0.000038652 -0.000036667 -0.000037365 -0.000037901 -0.000040673 -0.000049312 -0.000086092 -0.000046973 -0.000032567 -0.000029359 -0.000028727 -0.000028749 -0.000028886 -0.000029607 -0.000034597 -0.000038850 -0.000035846 -0.000035388 -0.000035537 -0.000035636 -0.000035697 -0.000038717 -0.000037444 -0.000037449 -0.000037466 -0.000037265 -0.000037316 -0.000035634 -0.000035678 -0.000035779 -0.000035925 -0.000036023 -0.000036243 -0.000036701 -0.000033280 -0.000032279 -0.000031871 -0.000031109 -0.000031461 -0.000031967 -0.000030752 -0.000030261 -0.000030019 -0.000030372 -0.000030541 -0.000031891 -0.000032402 -0.000032539 -0.000033215 -0.000033853 -0.000033787 -0.000033098
-0.000039085 -0.000037490 -0.000036651 -0.000036735 -0.000041658 -0.000082709 -0.000048660 -0.000034117 -0.000029750 -0.000029044 -0.000028647 -0.000028690 -0.000028931 -0.000029795 -0.000035802 -0.000041198 -0.000035983 -0.000035377 -0.000035454 -0.000035602 -0.000035713 -0.000038768 -0.000038716 -0.000037502 -0.000037484 -0.000037323 -0.000037351 -0.000037384 -0.000035744 -0.000035829 -0.000036150 -0.000036255 -0.000037262 -0.000035182 -0.000032655 -0.000031252 -0.000030794 -0.000030671 -0.000031402 -0.000032139 -0.000031841 -0.000030388 -0.000029960 -0.000030554 -0.000030961 -0.000030472 -0.000030877 -0.000031963 -0.000033368 -0.000034237 -0.000034151 -0.000032250
-0.000040525 -0.000036686 -0.000035981 -0.000036965 -0.000046553 -0.000110190 -0.000038005 -0.000030128 -0.000029460 -0.000029470 -0.000029230 -0.000028891 -0.000029371 -0.000030216 -0.000035741 -0.000042602 -0.000035405 -0.000035386 -0.000035528 -0.000035608 -0.000035718 -0.000035737 -0.000038776 -0.000037551 -0.000037350 -0.000037410 -0.000037410 -0.000037440 -0.000035753 -0.000035868 -0.000036027 -0.000036137 -0.000034620 -0.000033253 -0.000031329 -0.000030856 -0.000030955 -0.000031026 -0.000031571 -0.000031902 -0.000032917 -0.000032031 -0.000030109 -0.000030359 -0.000030356 -0.000030164 -0.000030375 -0.000030784 -0.000032413 -0.000033499 -0.000033721 -0.000031886
-0.000039429 -0.000035378 -0.000035628 -0.000037142 -0.000052731 -0.000047358 -0.000032110 -0.000029520 -0.000029450 -0.000029440 -0.000029044 -0.000028908 -0.000029470 -0.000030295 -0.000036583 -0.000041539 -0.000035167 -0.000035460 -0.000035575 -0.000035655 -0.000035704 -0.000035661 -0.000038844 -0.000037614 -0.000037449 -0.000037478 -0.000037513 -0.000037641 -0.000037704 -0.000036283 -0.000036004 -0.000034754 -0.000033290 -0.000032429 -0.000031165 -0.000030791 -0.000031143 -0.000032004 -0.000032405 -0.000032100 -0.000033478 -0.000032844 -0.000031067 -0.000030014 -0.000030506 -0.000029950 -0.000029911 -0.000030213 -0.000032032 -0.000033856 -0.000033542 -0.000031815
-0.000037613 -0.000035599 -0.000034599 -0.000040358 -0.000040854 -0.000031625 -0.000029634 -0.000029210 -0.000029118 -0.000029083 -0.000028576 -0.000028929 -0.000029525 -0.000030698 -0.000036221 -0.000044239 -0.000034943 -0.000035494 -0.000035614 -0.000035666 -0.000035740 -0.000035816 -0.000038908 -0.000037449 -0.000037499 -0.000037533 -0.000037568 -0.000035733 -0.000035690 -0.000036231 -0.000034458 -0.000033700 -0.000032549 -0.000032180 -0.000030820 -0.000030528 -0.000031236 -0.000032649 -0.000032851 -0.000032555 -0.000033204 -0.000031704 -0.000031361 -0.000030596 -0.000030032 -0.000029778 -0.000029658 -0.000030201 -0.000031592 -0.000032128 -0.000032597 -0.000032770
-0.000036811 -0.000037408 -0.000035344 -0.000039844 -0.000036629 -0.000028747 -0.000029487 -0.000029255 -0.000029144 -0.000029330 -0.000028751 -0.000028912 -0.000030813 -0.000032655 -0.000036057 -0.000040213 -0.000035413 -0.000035514 -0.000035594 -0.000035692 -0.000035773 -0.000035821 -0.000039170 -0.000039124 -0.000037529 -0.000037566 -0.000037574 -0.000035129 -0.000034734 -0.000034475 -0.000033171 -0.000032573 -0.000032277 -0.000032030 -0.000031292 -0.000030790 -0.000031473 -0.000032902 -0.000033163 -0.000032680 -0.000034045 -0.000030892 -0.000031135 -0.000030565 -0.000029947 -0.000029623 -0.000029592 -0.000029980 -0.000030731 -0.000031967 -0.000032642 -0.000032867
-0.000030171 -0.000034698 -0.000036110 -0.000039601 -0.000032992 -0.000029345 -0.000029792 -0.000029521 -0.000029291 -0.000029501 -0.000029790 -0.000029498 -0.000033028 -0.000035479 -0.000038331 -0.000036949 -0.000035485 -0.000035559 -0.000035642 -0.000035734 -0.000035778 -0.000035828 -0.000035915 -0.000039191 -0.000037577 -0.000037599 -0.000037643 -0.000039584 -0.000034428 -0.000033474 -0.000032592 -0.000032562 -0.000031713 -0.000032137 -0.000031694 -0.000031245 -0.000033300 -0.000033745 -0.000032284 -0.000032344 -0.000034544 -0.000030917 -0.000030850 -0.000030051 -0.000030093 -0.000029635 -0.000029824 -0.000029839 -0.000030764 -0.000031951 -0.000031784 -0.000032068
-0.000029257 -0.000029145 -0.000030997 -0.000032589 -0.000028929 -0.000028575 -0.000028499 -0.000029468 -0.000029362 -0.000029473 -0.000029802 -0.000031440 -0.000035163 -0.000038995 -0.000035669 -0.000035870 -0.000035413 -0.000035553 -0.000035637 -0.000035727 -0.000035798 -0.000035877 -0.000035946 -0.000039268 -0.000037590 -0.000037642 -0.000037687 -0.000037998 -0.000034493 -0.000033317 -0.000032680 -0.000032211 -0.000031601 -0.000031867 -0.000032045 -0.000032473 -0.000033271 -0.000032018 -0.000031746 -0.000032952 -0.000032336 -0.000030141 -0.000030439 -0.000029791 -0.000029966 -0.000029654 -0.000029621 -0.000029797 -0.000030779 -0.000030853 -0.000031572 -0.000030714
-0.000030837 -0.000029089 -0.000028758 -0.000029211 -0.000028677 -0.000028275 -0.000028309 -0.000029275 -0.000028983 -0.000030677 -0.000031054 -0.000033893 -0.000038284 -0.000039025 -0.000035654 -0.000035463 -0.000035445 -0.000035530 -0.000035645 -0.000035747 -0.000035849 -0.000035897 -0.000035961 -0.000039328 -0.000037626 -0.000037698 -0.000037746 -0.000036318 -0.000034544 -0.000033550 -0.000032715 -0.000031989 -0.000031541 -0.000032125 -0.000031389 -0.000030680 -0.000031895 -0.000031329 -0.000032114 -0.000033953 -0.000030808 -0.000029636 -0.000030195 -0.000029622 -0.000029773 -0.000029647 -0.000029877 -0.000029869 -0.000030399 -0.000030469 -0.000031091 -0.000030135
-0.000033649 -0.000032517 -0.000028690 -0.000028564 -0.000028636 -0.000028296 -0.000028327 -0.000028387 -0.000029391 -0.000031401 -0.000032712 -0.000034873 -0.000039440 -0.000036908 -0.000035272 -0.000035389 -0.000035442 -0.000035552 -0.000035669 -0.000035762 -0.000035858 -0.000035942 -0.000035980 -0.000039362 -0.000039331 -0.000039374 -0.000039327 -0.000035955 -0.000034935 -0.000033988 -0.000032551 -0.000031657 -0.000031120 -0.000031713 -0.000031020 -0.000030731 -0.000030939 -0.000030722 -0.000031765 -0.000030820 -0.000030102 -0.000029918 -0.000029624 -0.000029670 -0.000029643 -0.000029784 -0.000029940 -0.000030474 -0.000030615 -0.000030564 -0.000030661 -0.000030365
-0.000034373 -0.000037519 -0.000031809 -0.000028628 -0.000029163 -0.000028820 -0.000028687 -0.000028821 -0.000029870 -0.000032110 -0.000035431 -0.000038072 -0.000036536 -0.000035053 -0.000035279 -0.000035360 -0.000035494 -0.000035576 -0.000035684 -0.000035750 -0.000035806 -0.000035926 -0.000035983 -0.000036027 -0.000039433 -0.000037901 -0.000035527 -0.000034942 -0.000034309 -0.000033362 -0.000032238 -0.000031521 -0.000030848 -0.000030772 -0.000030419 -0.000029652 -0.000029565 -0.000031813 -0.000030626 -0.000030027 -0.000029757 -0.000029718 -0.000029783 -0.000029651 -0.000029667 -0.000029711 -0.000030948 -0.000031144 -0.000030457 -0.000030710 -0.000030762 -0.000031009
-0.000035279 -0.000037746 -0.000039759 -0.000029974 -0.000029582 -0.000031072 -0.000029937 -0.000029143 -0.000033072 -0.000035487 -0.000036896 -0.000037983 -0.000036914 -0.000035257 -0.000035285 -0.000035365 -0.000035481 -0.000035563 -0.000035677 -0.000035571 -0.000035695 -0.000035941 -0.000035954 -0.000036044 -0.000039388 -0.000035252 -0.000034714 -0.000034457 -0.000033271 -0.000032252 -0.000031608 -0.000031006 -0.000030324 -0.000030117 -0.000030316 -0.000029731 -0.000030105 -0.000030720 -0.000030724 -0.000029921 -0.000029785 -0.000029785 -0.000029767 -0.000029622 -0.000029504 -0.000029881 -0.000030269 -0.000031745 -0.000031197 -0.000030825 -0.000031153 -0.000031436
-0.000040459 -0.000048123 -0.000039054 -0.000031111 -0.000029497 -0.000031212 -0.000032031 -0.000030611 -0.000034055 -0.000036842 -0.000038971 -0.000035841 -0.000035414 -0.000035210 -0.000035285 -0.000035365 -0.000035453 -0.000035564 -0.000035638 -0.000035747 -0.000035752 -0.000035910 -0.000035976 -0.000036085 -0.000035707 -0.000034915 -0.000034134 -0.000033748 -0.000032153 -0.000031456 -0.000030759 -0.000030382 -0.000030063 -0.000030143 -0.000030015 -0.000029933 -0.000030189 -0.000031082 -0.000030468 -0.000030197 -0.000029945 -0.000029891 -0.000029972 -0.000029677 -0.000029520 -0.000029711 -0.000029969 -0.000031338 -0.000031863 -0.000031402 -0.000031916 -0.000031673
-0.000061908 -0.000064173 -0.000031689 -0.000030293 -0.000029878 -0.000030643 -0.000032838 -0.000031129 -0.000035087 -0.000042467 -0.000036069 -0.000034684 -0.000035036 -0.000035209 -0.000035286 -0.000035381 -0.000035457 -0.000035556 -0.000035643 -0.000035728 -0.000035785 -0.000035872 -0.000036036 -0.000036167 -0.000035007 -0.000034132 -0.000033684 -0.000032930 -0.000031625 -0.000030770 -0.000030222 -0.000030107 -0.000030141 -0.000029963 -0.000029799 -0.000030023 -0.000030246 -0.000030402 -0.000030405 -0.000030486 -0.000030220 -0.000030139 -0.000029966 -0.000029731 -0.000029689 -0.000029870 -0.000030701 -0.000030466 -0.000031719 -0.000031745 -0.000032076 -0.000032313
-0.000168841 -0.000104654 -0.000030721 -0.000030018 -0.000030147 -0.000031284 -0.000033415 -0.000033532 -0.000038435 -0.000037796 -0.000034584 -0.000034956 -0.000035023 -0.000035204 -0.000035319 -0.000035396 -0.000035464 -0.000035403 -0.000035602 -0.000035721 -0.000035779 -0.000035905 -0.000036092 -0.000035565 -0.000034677 -0.000033608 -0.000033010 -0.000032547 -0.000031163 -0.000030420 -0.000030032 -0.000029923 -0.000029986 -0.000029932 -0.000029969 -0.000030354 -0.000030513 -0.000030492 -0.000030909 -0.000030847 -0.000030883 -0.000030233 -0.000029945 -0.000029939 -0.000030014 -0.000030979 -0.000031011 -0.000031474 -0.000031172 -0.000031996 -0.000032109 -0.000032155
-0.208505081 -0.000095374 -0.000031708 -0.000031162 -0.000030779 -0.000031743 -0.000033351 -0.000035666 -0.000036822 -0.000035447 -0.000034910 -0.000034948 -0.000035025 -0.000035233 -0.000035310 -0.000035390 -0.000035442 -0.000035511 -0.000035620 -0.000035766 -0.000035864 -0.000035954 -0.000035472 -0.000034662 -0.000034302 -0.000032891 -0.000032494 -0.000032057 -0.000031014 -0.000030227 -0.000029830 -0.000029929 -0.000030117 -0.000030085 -0.000030336 -0.000030858 -0.000031003 -0.000031322 -0.000031445 -0.000031343 -0.000030787 -0.000030373 -0.000029946 -0.000030102 -0.000030830 -0.000031350 -0.000031237 -0.000031800 -0.000031844 -0.000031522 -0.000032480 -0.000031702
-0.000183149 -0.842546561 -0.000033623 -0.000032230 -0.000031901 -0.000031730 -0.000033649 -0.000035775 -0.000034556 -0.000034692 -0.000034899 -0.000034974 -0.000035019 -0.000035235 -0.000035311 -0.000035388 -0.000035455 -0.000035539 -0.000035684 -0.000035734 -0.000035886 -0.000035514 -0.000034605 -0.000034210 -0.000033631 -0.000032595 -0.000032066 -0.000031625 -0.000030568 -0.000030008 -0.000029719 -0.000030216 -0.000030312 -0.000030490 -0.000030658 -0.000030690 -0.000031584 -0.000031999 -0.000031659 -0.000031177 -0.000030821 -0.000030264 -0.000030257 -0.000031182 -0.000032069 -0.000031542 -0.000031711 -0.000032414 -0.000032525 -0.000032289 -0.000032865 -0.000032108
-0.000090184 -0.000096731 -0.000035932 -0.000032436 -0.000032082 -0.000033816 -0.000036834 -0.000034754 -0.000034181 -0.000034653 -0.000034892 -0.000034955 -0.000035021 -0.000035090 -0.000035306 -0.000035384 -0.000035439 -0.000035567 -0.000035661 -0.000035751 -0.000035973 -0.000035164 -0.000034107 -0.000033594 -0.000033624 -0.000032902 -0.000032160 -0.000031532 -0.000030289 -0.000029672 -0.000029987 -0.000030441 -0.000030762 -0.000030988 -0.000031110 -0.000031549 -0.000032798 -0.000032919 -0.000031899 -0.000031218 -0.000031158 -0.000030945 -0.000031914 -0.000033426 -0.000034612 -0.000035344 -0.000034179 -0.000035321 -0.000034997 -0.000034939 -0.000035326 -0.000032827
-0.000066610 -0.000046262 -0.000035957 -0.000032443 -0.000031386 -0.000032573 -0.000035825 -0.000034880 -0.000034206 -0.000034709 -0.000034869 -0.000034911 -0.000035003 -0.000035041 -0.000035154 -0.000035434 -0.000035479 -0.000035553 -0.000035635 -0.000035810 -0.000035796 -0.000034416 -0.000033867 -0.000033645 -0.000033513 -0.000032620 -0.000031799 -0.000030895 -0.000029917 -0.000029978 -0.000030174 -0.000031256 -0.000032346 -0.000032854 -0.000032387 -0.000033160 -0.000033312 -0.000033403 -0.000032598 -0.000031769 -0.000031976 -0.000032547 -0.000033740 -0.000035001 -0.000035071 -0.000034472 -0.000034547 -0.000034342 -0.000033732 -0.000034298 -0.000034353 -0.000034041
-3.056843972 -0.000056918 -0.000032382 -0.000032152 -0.000031273 -0.000031845 -0.000035513 -0.000038189 -0.000034534 -0.000034706 -0.000034876 -0.000034924 -0.000034995 -0.000035087 -0.000035300 -0.000035378 -0.000035437 -0.000035511 -0.000035645 -0.000035847 -0.000034885 -0.000033972 -0.000033918 -0.000033881 -0.000033606 -0.000032774 -0.000031652 -0.000030294 -0.000030145 -0.000031481 -0.000031822 -0.000034053 -0.000034126 -0.000033574 -0.000033849 -0.000033424 -0.000034355 -0.000033473 -0.000033221 -0.000032352 -0.000033856 -0.000035308 -0.000034597 -0.000034122 -0.000033903 -0.000033625 -0.000033420 -0.000034229 -0.000033374 -0.000034114 -0.000034927 -0.000033377
-3.298701656 -0.000229537 -0.000032404 -0.000031672 -0.000030425 -0.000030591 -0.000034842 -0.000037393 -0.000034553 -0.000034699 -0.000034779 -0.000034964 -0.000034988 -0.000035084 -0.000035297 -0.000035382 -0.000035390 -0.000035491 -0.000035540 -0.000035832 -0.000034529 -0.000033980 -0.000033933 -0.000033454 -0.000033937 -0.000033131 -0.000030844 -0.000030724 -0.000032855 -0.000033833 -0.000034258 -0.000034801 -0.000033912 -0.000034668 -0.000034436 -0.000033965 -0.000033734 -0.000034058 -0.000033123 -0.000033454 -0.000034686 -0.000034074 -0.000034064 -0.000033996 -0.000034304 -0.000033790 -0.000033544 -0.000033098 -0.000032757 -0.000032034 -0.000031823 -0.000031038
-1.406830558 -0.000058145 -0.000035241 -0.000031670 -0.000030163 -0.000029853 -0.000036840 -0.000038179 -0.000034595 -0.000034703 -0.000034782 -0.000034946 -0.000035012 -0.000035100 -0.000035141 -0.000035205 -0.000035192 -0.000035276 -0.000035473 -0.000035596 -0.000034405 -0.000034031 -0.000033911 -0.000033661 -0.000034124 -0.000032380 -0.000031640 -0.000034008 -0.000035004 -0.000034507 -0.000034802 -0.000034102 -0.000033690 -0.000034498 -0.000034854 -0.000034036 -0.000034902 -0.000034409 -0.000034290 -0.000034116 -0.000034616 -0.000034612 -0.000033508 -0.000032890 -0.000032401 -0.000032763 -0.000033031 -0.000032410 -0.000031754 -0.000031346 -0.000030723 -0.000030646
