tests/3D/PSQL_test/rec/SnowTemperature0000L0003.asc
ncols         295
nrows         180
xllcorner     627200.000000
yllcorner     5109000.000000
cellsize      200.000000
NODATA_value  -9999.0
[rows 120 to 143 of 180, columns 54 to 107 of 295]
-11.233679312 0.000000000 0.000000000 -11.496652354 -10.735735376 -10.411259270 -10.303939737 -10.459198984 -9.980095095 -9.839833152 -9.641696763 -9.686944313 -9.539684818 -8.846155204 -8.947636179 -8.569358638 0.000000000 0.000000000 -10.337182908 -10.895688170 -11.133076234 -11.509213320 -10.934525468 -10.985446901 -11.366964506 -11.168094855 -11.583133716 -11.166606545 -11.280177239 -11.529210011 -11.545877785 -11.523303894 -11.621153485 -11.801342619 -11.784282915 -12.005808099 -12.245433445 0.000000000 0.000000000 0.000000000 0.000000000 0.000000000 0.000000000 0.000000000 0.000000000 -13.065427204 -11.510385842 0.000000000 0.000000000 0.000000000 0.000000000 0.000000000 0.000000000 0.000000000
-11.199072304 -10.944806797 0.000000000 0.000000000 -10.832437475 -10.447579558 -10.437263156 -9.809412782 -9.375667373 -9.605963815 -9.710308709 -9.764854831 -9.269262483 -8.547045482 -8.862128161 -8.840995915 0.000000000 0.000000000 -10.469931956 -10.797216038 -11.136077166 -11.337169292 -10.968336785 -10.865502817 -11.554887195 -11.305188581 -10.971783187 -10.700296614 -11.007620479 -11.306634127 -11.421650697 -11.470889330 -11.565296677 -11.794002689 -11.841769622 -11.966317696 -12.174379542 -12.336119590 0.000000000 0.000000000 0.000000000 0.000000000 0.000000000 0.000000000 0.000000000 -12.987779134 -13.033586130 0.000000000 0.000000000 0.000000000 0.000000000 0.000000000 0.000000000 0.000000000
0.000000000 -10.651196169 -10.142915262 0.000000000 0.000000000 -10.764888356 -10.307109694 -9.386402531 -9.248861702 -9.593946429 -9.407259811 -9.653644622 -8.877471640 -7.839335154 -8.804727335 -8.793009107 0.000000000 0.000000000 0.000000000 0.000000000 -11.356984724 -11.319573168 -11.629730607 -11.558920174 -11.209267062 -11.201894392 -11.316351928 -10.852044480 -10.832807345 -11.227715490 -11.395325399 -11.405946142 -11.732142594 -11.887726999 -11.806415570 -12.033980139 -12.304614870 -12.453665412 0.000000000 0.000000000 0.000000000 0.000000000 0.000000000 0.000000000 0.000000000 -13.095527677 -13.050364409 0.000000000 0.000000000 0.000000000 0.000000000 0.000000000 0.000000000 0.000000000
0.000000000 0.000000000 -9.866190251 -9.613962762 -9.920265676 -10.084312712 -9.576794346 -9.154711288 -9.137790257 -9.480086003 -9.470838582 -9.397919067 -8.786690294 -7.659486097 -7.691455283 -8.652315028 0.000000000 -10.100926598 0.000000000 -11.087803845 -10.456011788 -10.902072114 -10.595023110 -11.009412341 -10.715304320 -10.694939279 -10.861384529 -10.963653564 -10.482102090 -10.741114051 -10.878109352 -10.978855850 -11.325836257 -11.440338634 -11.489732777 -11.998310494 -12.279151646 -12.459243543 0.000000000 0.000000000 0.000000000 0.000000000 0.000000000 0.000000000 0.000000000 -13.116704816 -13.061855983 -13.688591164 0.000000000 0.000000000 0.000000000 0.000000000 0.000000000 0.000000000
0.000000000 0.000000000 -9.472503937 -8.992490533 -8.988798209 -9.174667320 -9.193212960 -9.024300374 -9.095248419 -9.175098740 -9.273202908 -9.390512325 -8.764108077 -7.614100143 -7.783018970 0.000000000 0.000000000 -10.149631842 -10.450629864 -10.519811410 -10.245958072 -10.694900688 -10.142510334 -9.981100992 -10.511869088 -10.199960943 -11.038426709 -11.008126556 -10.916291034 -10.897943867 -10.786899446 -10.980183964 -11.176867754 -11.275088518 -11.432300577 -11.649542932 -11.805650438 -12.130792055 -12.153144544 -12.640800966 0.000000000 0.000000000 0.000000000 0.000000000 0.000000000 -13.196624159 -13.128595726 -13.595567509 -13.743632014 0.000000000 0.000000000 0.000000000 0.000000000 0.000000000
0.000000000 0.000000000 -10.420054301 -9.731459608 -9.271920453 -8.848872141 -8.891318523 -8.920654796 -8.824417418 -8.901220006 -9.105816152 -9.233205308 -8.643283160 -7.596306091 -7.819631685 0.000000000 0.000000000 0.000000000 -10.482412431 -10.007376008 -9.738473275 -10.185131944 -10.263435619 -10.394185873 -10.398931786 -10.370488181 -10.804062619 -11.198655873 -11.245065082 -11.256980715 -11.212391819 -10.982372397 -11.128752382 -11.158290530 -11.375390820 -11.687157326 -11.999320601 -12.354766338 -12.400476333 -12.501147160 -12.888778625 0.000000000 0.000000000 -13.508535681 -13.301115353 -13.891806228 -13.204615193 -13.638684286 -13.880420270 0.000000000 0.000000000 0.000000000 0.000000000 0.000000000
0.000000000 -10.738343312 -10.078022839 -9.966954756 -9.506187620 -8.994790056 -8.880901102 -8.875666308 -8.755276046 -8.697471123 -8.774186485 -8.857232298 -8.361114625 -7.538169894 -8.032610169 0.000000000 0.000000000 -10.721026264 -10.186407457 -10.135600306 -10.016957552 -10.065191815 -10.211745818 -10.358976137 -10.153010791 -10.653611648 -11.400388719 -11.098096434 -11.103910894 -10.811270995 -10.899181607 -10.882253264 -11.032315723 -11.068230387 -11.285950081 -11.703573177 0.000000000 0.000000000 0.000000000 -12.591583808 -12.873970901 -13.168392161 -13.238574359 -13.743025825 -13.969537575 -13.392600023 0.000000000 -13.788518952 0.000000000 0.000000000 0.000000000 0.000000000 0.000000000 0.000000000
0.000000000 -10.379754968 -9.833933147 -9.795360005 -9.334170126 -9.047402196 -8.968591387 -8.856894809 -8.674453814 -8.644385607 -8.984019712 -9.100764603 -8.367084059 -7.474995794 -7.662835381 0.000000000 0.000000000 -10.457403756 0.000000000 0.000000000 0.000000000 0.000000000 -10.297149472 -10.431435890 -10.556338489 -10.885179972 -11.186195329 -10.951643514 -11.112784191 -11.259449684 -10.963382952 -11.313549530 -11.452061784 0.000000000 0.000000000 0.000000000 0.000000000 0.000000000 0.000000000 -12.889765453 -13.029165243 -13.281870670 -13.974189899 -13.957311174 -14.033007978 -14.170330102 -13.264946949 -12.976197445 0.000000000 0.000000000 0.000000000 0.000000000 0.000000000 0.000000000
0.000000000 -10.456664972 -10.139884555 -9.530140884 -9.349520101 -8.968580285 -8.866155661 -8.691316957 -8.615011606 -8.616440034 -8.784621168 -9.027012394 -8.696141526 -7.498470102 -7.350260028 0.000000000 0.000000000 0.000000000 0.000000000 0.000000000 0.000000000 0.000000000 0.000000000 0.000000000 0.000000000 0.000000000 0.000000000 0.000000000 0.000000000 0.000000000 -10.925733510 0.000000000 0.000000000 0.000000000 0.000000000 0.000000000 0.000000000 0.000000000 0.000000000 0.000000000 -13.158979098 -13.208755724 -14.048429805 -14.103966847 -14.169155786 -14.214216427 -13.515395002 0.000000000 0.000000000 0.000000000 0.000000000 0.000000000 0.000000000 0.000000000
0.000000000 0.000000000 -9.766533986 -9.739627398 -9.370926466 -9.097422109 -8.803783639 -8.663222597 -8.548556823 -8.955505498 -8.996762324 -8.898575362 -8.388068895 -7.442924226 -7.293273892 0.000000000 0.000000000 0.000000000 0.000000000 0.000000000 0.000000000 0.000000000 0.000000000 0.000000000 0.000000000 0.000000000 0.000000000 0.000000000 0.000000000 0.000000000 0.000000000 0.000000000 0.000000000 -10.126604238 -10.099498701 -10.072002092 -10.409162057 0.000000000 0.000000000 0.000000000 0.000000000 -13.222249233 -13.535463588 -14.168678259 -14.289259335 -13.808702974 -13.638802312 0.000000000 0.000000000 0.000000000 0.000000000 0.000000000 0.000000000 0.000000000
0.000000000 0.000000000 -9.532706467 -9.391494790 -9.274639533 -8.843779887 -8.669662047 -8.777968403 -8.855747309 0.000000000 0.000000000 -8.558592662 0.000000000 -7.348827486 -7.301483044 -7.932452196 0.000000000 0.000000000 0.000000000 0.000000000 0.000000000 0.000000000 0.000000000 0.000000000 0.000000000 0.000000000 0.000000000 0.000000000 0.000000000 0.000000000 0.000000000 -9.653624255 -9.603680499 -10.090216779 -10.391852363 -10.729514877 0.000000000 0.000000000 0.000000000 0.000000000 0.000000000 -13.233887870 -13.406310115 -14.264031566 -14.264890346 -14.435144578 -14.227242460 -14.289902863 0.000000000 0.000000000 0.000000000 0.000000000 0.000000000 0.000000000
0.000000000 0.000000000 -9.142323613 -8.629754725 -8.539060728 -8.642483554 -8.724292892 -8.657895365 -8.639484225 0.000000000 -7.830555731 -7.888895028 -6.483484965 -6.753265956 -7.090440612 -7.417982642 -7.765025710 -7.637935440 -7.652430518 -7.534888664 -7.320267591 -7.245401153 -8.058921895 -7.918780109 -8.605612683 -8.909861060 -8.957105297 0.000000000 0.000000000 0.000000000 -9.326206028 -9.168341516 -9.933451050 0.000000000 0.000000000 0.000000000 0.000000000 0.000000000 0.000000000 0.000000000 0.000000000 -13.214141413 -13.465248929 -13.671674947 -14.160386971 -13.735839831 -13.784236945 -13.546139076 -14.206442493 0.000000000 0.000000000 0.000000000 0.000000000 0.000000000
0.000000000 0.000000000 -8.708241548 -8.278046631 -8.675123001 -8.838308633 -8.527564914 -8.225724138 -8.146206267 -7.985399077 -7.449824384 -7.175073990 -6.989888691 -6.676662003 -6.838456723 -7.017092290 -7.179138951 -7.169796030 -7.016331039 -7.160917192 -7.072653050 -7.810165020 -8.761715292 -8.325046584 -8.175502243 -8.287781858 -8.276513595 -8.068581853 -8.135502226 -8.479469894 -9.296606935 -9.555436847 0.000000000 0.000000000 0.000000000 0.000000000 0.000000000 0.000000000 0.000000000 0.000000000 0.000000000 0.000000000 0.000000000 0.000000000 -13.995020168 -13.922165768 -13.889240059 -13.724570704 -14.284239835 -13.486221885 0.000000000 0.000000000 0.000000000 0.000000000
0.000000000 0.000000000 -8.349816515 -8.488123511 -8.498764946 -7.977196156 -8.069457358 -7.796543875 -7.715143935 -7.347669284 -6.930670071 -6.857705086 -6.664477076 -6.696742574 -6.643513968 -6.657834123 -6.718012766 -6.720843568 -6.820432587 -7.275039710 -7.706067497 0.000000000 0.000000000 0.000000000 0.000000000 0.000000000 0.000000000 0.000000000 0.000000000 0.000000000 0.000000000 0.000000000 0.000000000 0.000000000 0.000000000 0.000000000 0.000000000 0.000000000 -12.532162589 0.000000000 0.000000000 0.000000000 0.000000000 0.000000000 0.000000000 0.000000000 0.000000000 0.000000000 -13.721920353 -14.307783076 0.000000000 0.000000000 0.000000000 0.000000000
-8.207142580 -8.479283774 -8.005623979 -8.214199980 -7.658419580 -7.668564003 -7.346350944 -7.431547106 -7.373694503 -6.887068894 -6.748257897 -6.672720428 -6.448798726 -6.422074986 -6.359522427 -6.430012721 -6.468136298 -6.595123565 -6.675106388 -7.323745106 0.000000000 0.000000000 0.000000000 -9.780543493 0.000000000 0.000000000 0.000000000 0.000000000 0.000000000 0.000000000 0.000000000 0.000000000 0.000000000 0.000000000 0.000000000 0.000000000 0.000000000 0.000000000 -12.644953207 -12.649395329 0.000000000 0.000000000 0.000000000 0.000000000 0.000000000 0.000000000 0.000000000 0.000000000 -13.679577208 -13.697874156 0.000000000 0.000000000 -13.083652206 -14.094340072
-8.299665869 -7.850775091 -7.563736922 -7.738374835 -7.391505242 -6.984122124 -7.096042423 -7.194041567 -7.089795728 -6.792638545 -6.616361786 -6.423769872 -6.297937860 -6.172985614 -6.358552633 -6.489458130 -6.464912003 -6.614834441 -6.507586756 -7.003235150 0.000000000 0.000000000 0.000000000 -9.715393039 -9.111926005 -9.205295795 -9.714709735 0.000000000 0.000000000 0.000000000 -10.614816894 -10.749112289 -10.912588356 0.000000000 0.000000000 0.000000000 0.000000000 0.000000000 0.000000000 0.000000000 0.000000000 -12.066244018 0.000000000 0.000000000 -15.712337961 -6.270286345 0.000000000 0.000000000 -13.639706799 -14.514567096 0.000000000 0.000000000 0.000000000 -12.929308060
0.000000000 -7.452586036 -7.071340460 -6.995662073 -6.808203621 -6.771336782 -6.863270655 -6.671317728 -6.542176937 -6.387351625 -6.233956286 -6.122823231 -6.051501349 -6.371926498 -6.567141511 0.000000000 0.000000000 0.000000000 -7.315788322 -6.405909013 -6.083027055 0.000000000 0.000000000 0.000000000 0.000000000 0.000000000 -9.866751025 0.000000000 -10.957203817 0.000000000 0.000000000 -11.065202533 -11.132995575 -11.322373851 -11.579764231 0.000000000 0.000000000 0.000000000 0.000000000 0.000000000 0.000000000 0.000000000 -12.362235584 0.000000000 0.000000000 -15.317161289 0.000000000 0.000000000 -13.632746317 -13.913728249 0.000000000 0.000000000 0.000000000 -13.023590244
0.000000000 -6.938541018 -6.733472842 -6.625705620 -6.601817788 -6.632356974 -6.459278903 -6.226827985 -6.066530307 -5.892699643 -5.991465631 -6.120201218 -6.303315704 -6.604263528 -7.380809736 0.000000000 0.000000000 0.000000000 0.000000000 -7.152986704 -6.420480957 0.000000000 0.000000000 0.000000000 0.000000000 0.000000000 0.000000000 0.000000000 0.000000000 -11.295931749 0.000000000 -11.284050387 -11.256389125 -11.561978405 -11.686433376 0.000000000 0.000000000 0.000000000 0.000000000 0.000000000 -14.492758013 0.000000000 0.000000000 0.000000000 0.000000000 -14.758079844 0.000000000 0.000000000 -13.676470911 -13.979109112 0.000000000 0.000000000 0.000000000 -13.098425998
-6.855931494 -6.599192003 -6.470844380 -6.325723663 -6.287449623 -6.167380860 -5.958858815 -5.836085125 -5.992467082 -6.228220689 0.000000000 0.000000000 -7.075022390 -6.331338701 -7.390761105 0.000000000 -8.702595898 -8.829649150 0.000000000 0.000000000 -7.097416851 -6.466163804 -7.351579236 0.000000000 0.000000000 0.000000000 0.000000000 0.000000000 0.000000000 -11.141688508 -10.903894725 -10.998500926 -11.360891259 -11.805840976 -11.765554478 0.000000000 0.000000000 -13.406156081 0.000000000 0.000000000 0.000000000 -14.955187300 0.000000000 0.000000000 0.000000000 0.000000000 0.000000000 0.000000000 -13.711981942 -13.960638982 0.000000000 0.000000000 0.000000000 0.000000000
-6.436868106 -6.264206721 -6.225374255 -6.149061078 -5.996997440 -5.812891887 -5.917958660 -6.276711942 -5.424094399 0.000000000 0.000000000 0.000000000 0.000000000 -7.184192969 -6.659705768 0.000000000 0.000000000 -8.290996941 0.000000000 0.000000000 0.000000000 -7.184264669 -6.612631945 -7.727656331 0.000000000 0.000000000 0.000000000 0.000000000 0.000000000 0.000000000 -11.011464617 -10.842482595 -11.583943357 -11.795675384 -11.572544896 -11.697982575 0.000000000 0.000000000 0.000000000 0.000000000 0.000000000 0.000000000 -14.504757214 0.000000000 0.000000000 0.000000000 0.000000000 0.000000000 0.000000000 -13.874618169 0.000000000 0.000000000 0.000000000 0.000000000
-6.207809942 -6.131679039 -6.156164405 -6.024472198 -5.839516048 -5.980162323 -6.355891987 0.000000000 0.000000000 0.000000000 0.000000000 0.000000000 0.000000000 -7.846141462 -6.168860169 0.000000000 0.000000000 0.000000000 -8.843686907 0.000000000 0.000000000 0.000000000 0.000000000 -6.694170538 -7.223309623 0.000000000 0.000000000 0.000000000 0.000000000 0.000000000 0.000000000 -11.780152851 -12.088002970 0.000000000 -12.287816320 -11.749762578 -11.708861561 -11.717715345 -12.074015291 0.000000000 0.000000000 0.000000000 0.000000000 0.000000000 -15.932511038 0.000000000 0.000000000 0.000000000 0.000000000 0.000000000 0.000000000 0.000000000 0.000000000 0.000000000
-6.119313525 -5.941394804 -5.758945744 -5.587365744 -6.249321093 -6.711735228 0.000000000 0.000000000 0.000000000 0.000000000 -8.554328166 -7.997706088 -8.427795315 -8.020093834 -6.506593988 -6.945026669 0.000000000 0.000000000 0.000000000 -9.216381715 0.000000000 0.000000000 0.000000000 0.000000000 -7.181817159 -7.747804383 0.000000000 0.000000000 0.000000000 0.000000000 0.000000000 0.000000000 0.000000000 0.000000000 0.000000000 0.000000000 0.000000000 0.000000000 0.000000000 0.000000000 -12.139751251 0.000000000 0.000000000 0.000000000 0.000000000 0.000000000 0.000000000 -15.188478381 0.000000000 0.000000000 0.000000000 0.000000000 0.000000000 0.000000000
-5.675555593 -5.495134587 -6.050624308 0.000000000 0.000000000 0.000000000 0.000000000 0.000000000 0.000000000 -8.431953440 -8.823855632 -8.542525822 0.000000000 -8.117044836 -7.220214504 -6.320123839 -7.661991889 0.000000000 0.000000000 -9.627306056 -9.960913480 0.000000000 0.000000000 0.000000000 0.000000000 0.000000000 0.000000000 0.000000000 0.000000000 0.000000000 0.000000000 0.000000000 0.000000000 0.000000000 0.000000000 0.000000000 0.000000000 0.000000000 0.000000000 0.000000000 0.000000000 0.000000000 0.000000000 0.000000000 0.000000000 0.000000000 0.000000000 0.000000000 0.000000000 -15.319036450 0.000000000 0.000000000 0.000000000 0.000000000
-5.777052783 0.000000000 0.000000000 0.000000000 0.000000000 -7.850497502 0.000000000 0.000000000 -8.558287150 -7.937104293 -8.810732132 -8.880906173 0.000000000 0.000000000 -7.794742529 -6.261558246 -7.578575377 -7.916063813 0.000000000 0.000000000 -8.754348013 0.000000000 0.000000000 0.000000000 0.000000000 -8.979838642 -8.403132385 -9.167394486 0.000000000 0.000000000 0.000000000 0.000000000 0.000000000 0.000000000 0.000000000 0.000000000 0.000000000 0.000000000 0.000000000 0.000000000 0.000000000 0.000000000 0.000000000 0.000000000 0.000000000 0.000000000 0.000000000 0.000000000 0.000000000 0.000000000 0.000000000 0.000000000 0.000000000 0.000000000
