tests/3D/PSQL_test/rec/SnowThickness0000L0001.asc
ncols         295
nrows         180
xllcorner     627200.000000
yllcorner     5109000.000000
cellsize      200.000000
NODATA_value  -9999.0
[rows 78 to 103 of 180, columns 0 to 57 of 295]
0.000000 107.065238 105.203141 104.294447 103.869780 103.507166 102.439283 99.684533 99.636134 102.302733 101.909737 101.623745 103.215904 100.670190 95.413414 97.495285 96.945255 97.095655 96.964616 95.289633 94.250292 94.064502 92.331576 89.207381 86.913962 85.519372 85.238910 84.922054 85.261558 84.914892 84.164005 84.890712 86.084355 87.052102 87.215256 87.999838 88.862019 88.656725 87.879459 87.574193 87.362540 86.447961 85.798184 85.364114 85.655896 86.849464 86.978297 87.811765 88.653161 88.746208 89.420857 89.778499 84.230389 91.096870 90.188590 91.285051 90.682378 91.573569
0.000000 107.760793 107.807673 106.141492 102.932391 102.008192 103.720160 101.773639 98.095179 99.770850 101.890787 101.430348 101.358501 100.598615 95.540695 95.991460 96.386142 96.337549 94.248255 94.492804 93.338529 90.116151 87.119271 85.535679 84.470026 84.528583 85.166598 86.499019 87.370354 87.851468 86.717831 86.076944 85.991737 85.989170 85.599675 86.364323 88.388744 89.219106 89.267791 88.188470 85.244910 84.608403 84.828270 88.214079 87.859829 89.544266 90.814082 90.433460 91.124047 91.019872 92.080864 92.567829 88.474220 92.822720 93.624696 93.917499 93.657520 93.606781
0.000000 104.305479 104.982574 103.988975 103.523412 101.680730 101.696308 102.180529 100.554262 96.704618 99.060239 99.506167 99.544035 98.881049 96.498491 94.858766 94.402125 92.797328 89.473010 87.422703 86.847683 84.457995 83.547726 83.141972 84.362831 85.495918 87.165434 88.868503 91.838321 91.357015 91.499603 88.669798 87.501978 87.854097 84.706516 84.747919 90.383731 91.031265 91.371178 92.175572 85.117824 83.580608 84.377548 88.136674 89.465429 91.183633 92.134964 92.750156 93.216356 93.091014 93.849094 94.371185 92.059195 93.774377 94.738212 94.666216 94.492487 94.246705
0.000000 99.654243 100.115213 100.717794 101.563329 101.641699 100.959232 100.942252 101.048646 98.188691 95.724506 97.897946 98.185104 97.512030 95.796239 92.424998 89.603759 86.643091 84.906639 83.759012 82.436458 82.969301 83.810618 84.897682 85.935968 87.640709 91.919525 93.785886 92.407069 91.700052 92.872643 90.764896 92.938807 90.113942 84.006102 84.569252 91.418377 92.332735 92.629204 93.944988 89.969384 84.555925 84.166031 87.565702 89.978231 91.689191 92.696407 93.240441 93.725013 94.408254 94.985152 95.641261 95.398597 95.108243 95.957953 96.102644 95.864207 95.646581
0.000000 101.948624 100.166878 97.970528 98.373693 100.630876 101.077709 100.784594 99.419594 98.727569 97.231675 93.896188 95.094152 94.663434 92.247778 88.734022 86.679800 84.483795 82.745374 82.951979 84.891560 85.623511 85.234664 87.877572 91.854755 94.150485 95.437020 95.352003 94.125329 93.279260 94.521711 95.145430 94.569416 91.277559 84.361227 84.255217 91.709173 94.510346 94.419165 96.374692 95.479321 89.978662 84.644833 85.347222 90.284105 92.126699 93.183145 93.633475 94.458131 95.440845 96.123211 96.804479 96.965648 96.115476 97.135684 97.414475 97.040999 96.652186
0.000000 108.228530 107.102232 103.896188 98.580979 97.277687 99.058791 99.368006 99.104477 98.190717 96.582876 94.678343 92.973782 90.818815 86.932918 85.256541 83.436319 82.520516 85.783407 90.143272 91.528241 92.192943 91.266090 91.052850 95.118445 96.737208 95.853555 94.556319 94.211482 94.986411 95.800991 95.221765 95.869632 93.422441 83.757406 83.401247 92.595009 96.627440 95.836016 96.196526 98.340648 94.768891 87.911909 85.724512 87.188386 92.025619 93.562248 94.196994 95.349516 96.156521 96.990381 98.072356 98.403016 98.147393 98.369360 98.018562 97.854207 97.644730
0.000000 103.510192 104.806014 105.390512 101.238584 98.221666 96.758162 98.087643 97.960769 97.300857 96.039442 93.927844 90.003212 87.894028 85.571017 83.220347 84.128078 90.517440 95.068840 96.359880 96.601436 97.228957 96.565943 94.849670 96.592231 96.320035 95.116982 95.384030 94.060698 95.415026 96.288149 96.665938 98.072722 94.719800 85.138773 83.122048 92.952821 97.400417 96.082812 97.161185 98.301226 96.300763 91.453227 88.465947 87.043961 90.919993 92.844661 95.233111 96.096628 97.093030 97.997979 99.014484 98.676255 97.686776 98.263512 98.200688 98.629630 98.447015
0.000000 105.363404 104.915437 104.075545 102.147698 100.033175 98.287714 96.501388 96.333440 96.076156 93.996100 89.012845 85.958481 85.179889 83.766552 85.909799 94.465045 97.661547 98.978483 98.610179 99.194607 99.423960 98.430509 94.677307 95.496194 95.888363 95.700605 95.472019 95.603873 96.500918 96.705299 97.833240 100.311873 96.340437 86.193975 83.933438 92.578958 97.607385 96.370463 96.927321 97.732030 97.458932 93.105025 90.566195 87.386277 89.361473 93.612458 94.439629 96.973538 98.254426 98.312591 99.637293 99.244295 98.378179 98.428781 98.366966 98.642852 99.174736
0.000000 102.718371 103.092270 104.177759 103.071050 100.776954 98.270546 95.414974 93.924970 92.546887 86.683145 84.662884 83.631537 84.415508 88.254111 94.206933 97.748467 98.348285 98.488093 98.410121 99.021450 99.369828 99.749323 96.316617 93.679864 96.167106 97.329271 96.441111 96.687031 96.450184 98.209316 97.919966 100.726994 97.983984 87.126247 83.545559 92.377035 96.849441 97.627647 98.031507 97.506511 99.049734 97.338685 94.496040 88.987104 90.889278 94.876915 95.614756 97.166853 97.607139 99.203230 100.241277 100.139885 99.770333 99.209944 98.160701 98.144587 99.128351
0.000000 101.699874 101.729131 102.585465 100.917576 99.036554 96.611587 94.187131 90.782128 87.292330 84.571668 84.394667 86.084660 91.031836 93.309145 96.114726 97.708586 99.059026 99.629614 99.301923 100.041803 100.151593 100.888481 99.116581 94.817474 96.298767 96.433119 96.908654 97.132603 98.240402 98.181363 98.915965 99.447787 96.103511 88.020074 83.670968 91.755756 98.335879 100.541518 99.659698 99.691794 101.083307 99.213549 96.904570 91.561320 92.434858 95.931493 97.154106 96.866531 97.797241 100.968988 101.895387 102.228726 100.633787 99.319470 98.992571 99.025076 99.779969
0.000000 101.931274 102.635867 101.414738 97.874438 96.066105 93.061661 88.347275 85.963906 84.456283 85.338665 90.476518 95.215641 97.837954 97.825227 96.860994 97.377854 99.666877 100.150129 100.807786 101.516898 99.970256 101.606417 100.204431 95.657313 96.924822 97.720647 98.175551 98.570748 98.148434 98.047821 98.105428 96.736956 94.371849 88.473362 84.492499 91.170074 102.694605 105.537109 101.205464 100.279378 100.435010 98.970996 94.263147 91.701388 94.699568 96.791512 97.703000 97.429956 98.125773 102.912715 102.351423 103.791306 102.887123 100.153676 100.463688 100.780139 101.870750
0.000000 101.860983 100.794685 98.856865 96.029144 93.424343 90.523900 86.169135 86.504763 88.979027 93.936183 97.804852 100.113690 100.694516 100.196255 97.341051 94.792903 99.062583 101.058216 100.747540 99.611786 99.414591 100.951874 97.257336 97.080792 98.008825 99.724320 99.693912 99.854438 99.900814 100.029104 98.735495 99.126167 96.646676 88.660800 85.008865 92.570806 103.983090 108.238148 100.581054 99.372839 101.115318 97.081677 93.092194 95.370575 97.571329 98.469938 98.247459 96.887275 99.655875 103.947280 102.797556 102.325669 103.437419 101.925798 101.104180 100.398694 102.302442
0.000000 99.167326 97.377152 97.101891 93.894511 91.201014 86.772531 86.117299 91.376868 96.329642 99.280770 100.208678 101.952796 102.149882 99.909967 98.004443 95.851655 97.917522 103.031478 101.063939 100.856288 101.596417 98.809791 97.255752 96.535404 99.534112 101.501664 102.007268 100.761571 101.242186 101.503233 99.644783 99.357412 97.176997 87.670161 86.584365 97.439324 106.855721 106.175473 98.945395 100.842676 98.840987 96.350333 95.841310 97.035102 100.352979 99.056981 98.095710 96.982675 101.285325 103.364087 103.500457 101.885290 102.458515 101.732753 101.593657 102.047527 102.787078
0.000000 97.289919 96.092094 93.805706 89.297161 87.132070 86.265393 92.686960 97.570998 100.545703 100.605589 101.398046 102.009583 101.205309 100.177082 100.059410 95.269734 96.843514 102.752901 101.546858 99.566565 102.096434 96.839833 98.072009 98.347543 100.155535 102.276359 103.349859 102.234806 103.848551 102.672194 99.783659 99.713014 96.271800 88.971126 88.762382 102.898443 110.866180 104.895652 102.016801 103.330616 99.739517 96.628929 100.667341 104.563133 103.106701 101.055167 98.204056 98.950985 101.729851 102.388789 104.302750 101.433576 101.446261 102.829329 104.224556 105.603309 105.492514
0.000000 94.614347 93.302733 90.976731 88.302030 86.844889 90.250873 97.999143 99.618050 100.423283 99.776406 99.586922 99.576773 99.314903 99.678276 101.673062 97.114693 95.822497 102.821027 102.285959 99.670025 101.460014 97.128549 98.587200 99.302412 99.339476 101.881110 104.334450 103.483099 106.466723 104.342990 101.089940 100.298124 94.590892 89.019959 91.369336 107.033700 113.371412 106.252021 101.895371 105.458690 101.239869 100.378098 105.800970 108.167639 104.894041 101.388649 99.519038 100.947905 100.110934 101.752859 105.362316 101.923849 103.096223 105.013292 106.539753 105.019515 103.226712
0.000000 91.479084 90.883245 89.058897 87.247447 87.893728 95.210579 100.039215 99.883419 99.131676 98.789720 99.368545 100.678652 100.391805 100.834873 103.288989 99.395087 96.117891 102.074296 103.150807 101.507238 100.378011 99.347608 101.780726 101.106598 101.290489 103.193493 102.743747 102.915369 106.190990 104.110426 102.111401 101.272458 95.335082 90.726872 93.930710 109.007733 114.183952 105.253353 104.057739 106.208265 103.020342 101.601484 104.728320 105.191236 103.643275 103.088891 98.995634 100.901362 99.693185 101.873780 105.136274 102.639890 103.331134 106.208752 103.085561 103.758261 104.159582
0.000000 90.930892 90.720191 87.998882 88.102078 93.035369 99.353126 99.369642 99.172563 99.330338 99.554516 100.762100 101.778531 102.143634 101.674320 104.708606 100.889634 98.286092 103.699432 102.525861 101.279909 100.442935 101.416512 104.408464 105.112024 104.016310 105.817911 105.209025 102.894146 104.914252 104.527714 103.536375 101.964440 96.399631 92.242125 98.971523 114.041987 114.747157 107.322850 103.407317 107.450845 102.421671 101.835681 103.623168 103.801165 104.913609 104.371380 98.669434 102.331857 102.199739 103.475250 104.152049 101.931562 103.382320 104.367019 103.003456 105.254698 104.782193
0.000000 92.270321 89.818006 88.446576 90.551567 94.544236 98.043408 98.081622 99.577841 99.395021 100.177857 101.561001 102.522227 101.941275 101.833737 103.111277 100.019982 100.040660 105.204699 102.307444 101.050588 100.556050 101.847469 106.076460 106.858337 104.274254 106.251122 107.684860 108.377785 107.637159 105.339589 102.995525 100.765411 96.614077 95.291392 103.715261 111.108772 109.853608 107.365830 103.981741 106.647643 101.913188 100.364111 103.891416 105.023127 104.322157 105.907626 98.875660 103.774950 103.763659 105.059902 104.229763 103.393677 105.078541 103.660540 103.397795 104.759882 104.466684
0.000000 93.624506 89.092769 88.484532 92.514641 94.358434 97.417317 98.123936 99.503003 99.858497 100.494983 101.628838 102.970703 102.024066 102.755068 102.670927 103.442574 104.734293 104.899831 102.503867 101.154498 100.067693 103.696410 106.244439 104.686058 105.405218 106.613507 105.063674 108.078056 107.441807 106.701341 103.526067 100.680589 97.133889 97.317444 105.289866 108.718805 106.882216 106.824950 103.675433 107.587846 100.977638 101.448212 104.681695 104.443873 105.550347 107.308517 98.774892 102.989392 102.437273 103.198993 104.941177 106.442987 107.405022 103.735603 104.112128 101.948826 103.128213
0.000000 92.947561 89.145243 89.945499 94.869056 98.123886 97.301700 96.695978 98.609515 100.610742 102.054960 101.602905 102.588196 102.129307 103.079044 103.517644 104.700400 105.724291 104.921617 102.853655 101.699406 102.384025 105.079304 106.750259 106.911987 110.015188 108.090512 106.164793 108.131874 105.960889 106.693128 104.123798 100.279897 94.899327 101.581695 106.919388 107.957679 107.063528 106.542208 105.111679 108.103618 101.281470 101.924314 107.753614 105.189770 106.118226 107.822191 100.669914 101.127161 100.628793 103.831142 104.491611 105.979031 105.007850 103.637202 104.650546 102.788831 102.599104
0.000000 92.457760 89.858324 92.357282 97.610851 100.204011 99.971625 98.159976 99.257641 101.973846 103.967117 103.296943 101.932872 101.884736 102.820281 102.930761 102.189890 103.096984 104.154764 104.191422 103.679559 105.018538 106.761586 110.494162 114.579004 111.153129 107.909237 108.452585 109.093074 106.451511 106.584265 104.073006 97.239547 97.673472 104.622263 108.069439 108.457502 108.947259 104.498858 106.180501 108.123989 102.140726 101.259620 110.792710 106.520239 107.340718 107.090528 101.686393 103.245857 102.318181 103.108050 103.548025 106.103954 104.827722 103.415169 106.841326 105.868766 102.665006
0.000000 92.482834 90.642949 94.444488 99.194690 101.505216 103.379428 106.001455 105.982636 103.157367 102.312253 103.889211 104.659499 105.829020 105.114045 103.482663 103.355564 103.173704 104.524538 104.616971 104.555910 103.992899 104.701373 108.966785 109.599936 107.188677 112.187622 114.020271 109.443594 107.297135 104.773495 100.445302 96.069934 99.085820 104.681040 107.830048 110.429032 110.328244 106.711771 105.779035 106.436521 103.125636 101.995056 112.033981 107.486339 106.976133 107.248302 99.987875 102.494706 105.703070 105.496107 103.303329 104.396537 106.388773 103.608941 106.823004 106.524808 103.003303
0.000000 93.071402 92.029312 96.852229 102.333455 106.742104 116.022694 120.470587 118.889261 108.566955 102.936476 103.574814 108.561790 108.725987 107.797324 106.745325 104.488403 105.627498 107.039991 106.913327 106.463379 105.060197 105.076447 106.454326 105.859277 107.005253 116.470824 113.328203 108.706480 104.470001 100.251719 97.172574 97.156207 101.704730 107.467579 109.469001 111.804821 107.433468 105.208498 105.884877 106.631101 103.963870 103.982057 109.268444 106.094552 106.902956 105.916270 99.768784 103.950965 106.419850 108.745614 106.914595 106.654856 103.783871 104.099978 106.506004 106.322079 104.471447
0.000000 94.761926 93.461735 97.222100 103.769765 108.405979 118.559215 116.358656 109.540958 107.860658 102.657900 102.445372 114.009521 109.478842 107.323009 107.581034 106.804931 107.583763 108.190418 108.078632 107.752085 106.238417 105.546907 106.099042 105.872198 108.049871 111.637185 109.344536 103.784816 99.645415 98.340494 97.787062 97.633239 101.965198 111.116097 109.617680 109.686289 107.078230 104.942069 105.747677 105.186812 104.434695 103.077115 107.526842 105.147109 106.945136 104.829767 101.136717 103.489017 107.276582 107.844895 108.921403 109.998016 106.313953 105.843436 104.932871 102.660015 103.080717
0.000000 97.020402 96.268171 98.376410 99.984657 105.232441 118.151518 116.127385 105.055884 105.502372 102.304152 102.829704 112.965245 110.114330 106.210265 109.697522 109.448065 109.045078 108.667555 108.291570 109.247027 109.314389 109.670008 106.223213 107.605241 110.599058 109.265391 105.966907 100.784416 100.404766 104.952590 103.797036 100.726241 100.988192 108.394608 110.423117 112.078004 106.739368 107.865177 106.830948 106.951387 105.948675 102.761500 105.762527 105.240679 106.455656 105.877555 103.302458 101.721551 104.705987 107.987655 108.501607 105.357181 108.579862 107.664301 102.057928 100.139331 101.377614
0.000000 100.961220 100.121309 103.504557 100.330820 97.694340 112.134071 119.323882 104.368658 104.791536 102.971455 105.396727 108.930931 110.945690 110.803816 119.022661 121.060790 112.524424 110.310829 111.582483 112.797421 111.211947 109.274873 107.163616 111.097030 114.433435 107.250581 102.646732 100.425478 105.015313 106.262908 103.618260 101.294612 102.554012 106.637608 108.474769 113.565228 106.906991 107.402792 108.088699 107.428898 105.879207 102.809518 105.049326 106.406678 107.003843 107.560113 102.770360 102.563120 106.302562 107.219314 107.968464 105.803904 107.997334 107.719299 103.957445 100.065248 100.177110
