tests/3D/PSQL_test/rec/SnowIceContent0000L0003.asc
ncols         295
nrows         180
xllcorner     627200.000000
yllcorner     5109000.000000
cellsize      200.000000
NODATA_value  -9999.0
[rows 120 to 143 of 180, columns 54 to 107 of 295]
2.262043157 0.000000000 0.000000000 3.150667121 2.610232224 2.994986452 2.891647020 2.308386107 2.865432694 2.962707876 3.016388714 2.383084011 1.602002390 2.240078199 4.537604155 2.352979943 0.000000000 0.000000000 1.639016014 1.560962081 2.211137150 4.180114364 2.875849000 2.775267924 3.124945368 2.880856089 1.669572220 2.081398417 1.789751339 1.676983713 1.857287946 2.039774041 1.919930585 1.767033304 2.087644679 1.841961724 1.616360675 0.000000000 0.000000000 0.000000000 0.000000000 0.000000000 0.000000000 0.000000000 0.000000000 1.632335555 1.509844188 0.000000000 0.000000000 0.000000000 0.000000000 0.000000000 0.000000000 0.000000000
2.183857242 1.686680259 0.000000000 0.000000000 2.576708472 2.817550831 2.310649577 3.073590748 3.930974538 3.387763405 2.364327848 1.642415625 1.643053177 2.456037662 4.449209563 1.745332343 0.000000000 0.000000000 1.561691365 1.620826463 1.725500192 3.166528381 3.058380108 3.287848595 4.109533447 3.253942735 2.824913551 2.929037985 2.613903126 2.285256524 2.450173333 2.542164696 2.231375110 2.131657924 2.209376225 1.914801638 1.831116948 1.635083368 0.000000000 0.000000000 0.000000000 0.000000000 0.000000000 0.000000000 0.000000000 1.720212973 1.555468653 0.000000000 0.000000000 0.000000000 0.000000000 0.000000000 0.000000000 0.000000000
0.000000000 2.282978358 2.460019917 0.000000000 0.000000000 1.895438459 2.368408566 3.603500616 4.060382721 3.169370769 2.598841188 1.619770720 1.730762329 3.650583298 4.257931375 1.708145900 0.000000000 0.000000000 0.000000000 0.000000000 1.628591533 3.116286067 4.191684009 4.094466303 3.464494775 3.365579302 2.979629065 2.886317159 2.907247212 2.461078838 2.653357322 2.673638358 2.229017395 2.143027606 2.205140388 1.927308418 1.755403189 1.691113069 0.000000000 0.000000000 0.000000000 0.000000000 0.000000000 0.000000000 0.000000000 1.628137955 1.634475350 0.000000000 0.000000000 0.000000000 0.000000000 0.000000000 0.000000000 0.000000000
0.000000000 0.000000000 2.738757363 2.822129376 2.332029703 2.224434722 2.923192201 3.764253105 3.916646727 3.109832082 2.413388687 1.623083660 1.646490605 3.861683263 3.768977315 1.681743828 0.000000000 1.605093250 0.000000000 1.585073885 3.127043858 3.414512962 3.205424239 3.463675818 3.769325171 3.886398699 3.866740929 3.479905877 3.456500607 3.131757915 3.281466778 3.208201831 2.902777229 3.134650500 3.082561092 2.081215147 1.783428269 1.728103800 0.000000000 0.000000000 0.000000000 0.000000000 0.000000000 0.000000000 0.000000000 1.552011480 1.677680002 1.665793133 0.000000000 0.000000000 0.000000000 0.000000000 0.000000000 0.000000000
0.000000000 0.000000000 2.599728516 4.065419554 3.804106232 3.578918229 3.750659433 3.771544441 3.531510630 3.178171094 2.543806008 1.561157789 1.934856178 3.922700503 3.437193376 0.000000000 0.000000000 1.601721826 1.710701391 2.276349730 3.264837970 3.530074495 3.669494124 3.610835897 3.736638465 3.606493902 3.502096817 3.605582203 3.214879248 3.298807160 3.284388736 3.085163392 3.062034797 2.803083838 2.624656676 2.540507073 2.350021275 2.332698009 2.254627024 1.615425619 0.000000000 0.000000000 0.000000000 0.000000000 0.000000000 1.638418367 1.600512429 1.670044521 1.565263277 0.000000000 0.000000000 0.000000000 0.000000000 0.000000000
0.000000000 0.000000000 2.159310806 2.998957016 3.792933650 4.121329464 4.126850234 3.843752438 3.616245156 3.277744194 2.478712894 1.752273877 2.365712263 3.834352452 2.773902034 0.000000000 0.000000000 0.000000000 2.253506745 3.621729033 4.038467564 3.873303204 3.754292157 3.708493647 3.706439084 3.301142987 3.078723073 3.599176684 3.576970895 3.538322011 3.477048008 3.151589906 3.083383363 2.741338547 2.270282876 2.092154873 1.714295154 1.653864998 2.320308524 2.331529638 1.806813230 0.000000000 0.000000000 1.748839402 1.524597149 1.630750928 1.538649116 1.680243399 1.594922250 0.000000000 0.000000000 0.000000000 0.000000000 0.000000000
0.000000000 2.165537071 2.984692506 2.861898393 3.465516267 3.958237056 4.031654629 3.863002418 3.876021163 3.548966273 2.631347271 2.151971076 2.429979653 3.582890096 2.303323796 0.000000000 0.000000000 1.617884631 3.830441210 4.107360713 3.867495111 3.238189674 2.552201483 2.690544218 3.345369874 2.616328433 2.960680185 3.640029453 3.480961826 3.137738472 2.966681622 2.885496005 2.985216267 2.726897198 2.153140397 1.555582108 0.000000000 0.000000000 0.000000000 2.271803352 1.957467089 1.759237810 1.823788531 2.329849873 1.985451823 1.747036101 0.000000000 1.556460379 0.000000000 0.000000000 0.000000000 0.000000000 0.000000000 0.000000000
0.000000000 2.424056566 3.175289817 2.793314116 3.418366280 3.872340920 3.897230212 3.905566763 3.945221560 3.787443634 2.707728444 1.762272693 2.293075675 3.487016048 2.023801693 0.000000000 0.000000000 1.522863738 0.000000000 0.000000000 0.000000000 0.000000000 1.554829408 1.705831704 2.343995041 2.135995154 2.267074428 2.601385182 2.417830779 2.020724121 2.074156761 2.014654108 1.756760225 0.000000000 0.000000000 0.000000000 0.000000000 0.000000000 0.000000000 1.775448924 1.847689344 1.758877074 1.875904590 2.112972743 1.995194219 1.662316468 1.639495148 1.510904803 0.000000000 0.000000000 0.000000000 0.000000000 0.000000000 0.000000000
0.000000000 1.507761760 2.289324764 3.149376059 3.312588317 3.522168627 3.668676686 3.788668253 3.885882467 3.815442906 3.035307701 1.708584762 1.714455467 3.085227883 2.498754843 0.000000000 0.000000000 0.000000000 0.000000000 0.000000000 0.000000000 0.000000000 0.000000000 0.000000000 0.000000000 0.000000000 0.000000000 0.000000000 0.000000000 0.000000000 1.562966746 0.000000000 0.000000000 0.000000000 0.000000000 0.000000000 0.000000000 0.000000000 0.000000000 0.000000000 1.691540865 1.803371245 1.812977177 2.160317372 2.043831042 1.699252079 1.525813222 0.000000000 0.000000000 0.000000000 0.000000000 0.000000000 0.000000000 0.000000000
0.000000000 0.000000000 2.093672863 2.540057021 2.659587472 2.851650940 3.117183626 3.290443422 3.271624881 2.550130195 2.154627563 1.977393732 1.621479337 2.550377054 2.970218968 0.000000000 0.000000000 0.000000000 0.000000000 0.000000000 0.000000000 0.000000000 0.000000000 0.000000000 0.000000000 0.000000000 0.000000000 0.000000000 0.000000000 0.000000000 0.000000000 0.000000000 0.000000000 1.547946003 2.345065429 2.499569201 1.599805169 0.000000000 0.000000000 0.000000000 0.000000000 1.765114594 1.586491471 2.171422600 2.073429541 1.552172130 1.592063608 0.000000000 0.000000000 0.000000000 0.000000000 0.000000000 0.000000000 0.000000000
0.000000000 0.000000000 1.901190754 2.124322686 2.365518451 2.634637893 2.636924269 2.521466344 2.360740707 0.000000000 0.000000000 1.568269938 0.000000000 2.234889347 2.636212148 1.573558168 0.000000000 0.000000000 0.000000000 0.000000000 0.000000000 0.000000000 0.000000000 0.000000000 0.000000000 0.000000000 0.000000000 0.000000000 0.000000000 0.000000000 0.000000000 1.674980642 2.372812593 2.153646442 2.093778771 1.713450427 0.000000000 0.000000000 0.000000000 0.000000000 0.000000000 1.573395477 1.676062677 1.896843671 2.326953518 1.773013009 1.840085750 1.704956277 0.000000000 0.000000000 0.000000000 0.000000000 0.000000000 0.000000000
0.000000000 0.000000000 1.884086211 2.623173167 3.018476606 2.697897739 2.120951669 1.912140321 1.608113973 0.000000000 1.627167471 1.712287588 1.551317714 2.500133248 2.510380250 2.211616975 1.617766536 1.544463074 1.617440996 2.241666645 2.889936707 2.542007177 2.619956395 3.038048536 1.980438265 1.628166566 1.592215406 0.000000000 0.000000000 0.000000000 2.093300255 2.488703623 1.621780181 0.000000000 0.000000000 0.000000000 0.000000000 0.000000000 0.000000000 0.000000000 0.000000000 1.521957145 1.595510311 1.794719931 2.393618716 2.148550598 1.770056011 1.858474427 1.656596184 0.000000000 0.000000000 0.000000000 0.000000000 0.000000000
0.000000000 0.000000000 2.173014897 2.837355129 2.637394165 1.618271482 1.714106012 2.184662929 1.977925088 1.692961044 2.204214126 2.316485214 2.399663197 3.262066683 2.954733968 2.287308711 1.861579967 2.063989635 2.435153965 3.079735962 3.558561871 1.642602028 1.628136118 2.811256075 3.240781140 3.475889656 3.545671327 3.507322593 3.209897780 2.515230598 2.441306887 2.123227144 0.000000000 0.000000000 0.000000000 0.000000000 0.000000000 0.000000000 0.000000000 0.000000000 0.000000000 0.000000000 0.000000000 0.000000000 1.671601372 1.827833717 1.619433575 1.741511720 1.605796924 1.545301602 0.000000000 0.000000000 0.000000000 0.000000000
0.000000000 0.000000000 2.218353978 2.220461233 1.546561599 1.654977646 1.981744349 2.643781264 2.662949475 2.498508264 2.792348896 2.653498894 2.754320039 2.980916821 2.699903770 2.685874089 2.724216472 3.107097650 2.914853960 2.472689685 2.353560174 0.000000000 0.000000000 0.000000000 0.000000000 0.000000000 0.000000000 0.000000000 0.000000000 0.000000000 0.000000000 0.000000000 0.000000000 0.000000000 0.000000000 0.000000000 0.000000000 0.000000000 1.599409014 0.000000000 0.000000000 0.000000000 0.000000000 0.000000000 0.000000000 0.000000000 0.000000000 0.000000000 1.754827965 1.575719257 0.000000000 0.000000000 0.000000000 0.000000000
2.217989557 1.804594996 2.276648234 2.073578982 1.662772622 1.979464985 2.757456538 2.641644518 2.400449297 2.574684096 2.932247835 2.788323032 2.764895927 2.963755889 3.086055258 3.219608206 3.149531241 3.499426681 3.260910895 1.949385706 0.000000000 0.000000000 0.000000000 1.542166218 0.000000000 0.000000000 0.000000000 0.000000000 0.000000000 0.000000000 0.000000000 0.000000000 0.000000000 0.000000000 0.000000000 0.000000000 0.000000000 0.000000000 1.610497770 1.961640924 0.000000000 0.000000000 0.000000000 0.000000000 0.000000000 0.000000000 0.000000000 0.000000000 1.909479660 1.651931868 0.000000000 0.000000000 1.679212747 1.619532669
1.841113625 2.013559486 2.482285191 2.324901576 2.237625318 2.790268828 2.588294673 1.930035329 1.636366688 2.008323923 2.382959924 2.699397124 3.256159189 3.380669573 3.039868121 2.669703927 2.464807209 3.098950836 3.597804047 2.543274267 0.000000000 0.000000000 0.000000000 1.796042787 3.378283671 3.541092300 2.528493866 0.000000000 0.000000000 0.000000000 1.580386754 1.609994535 1.529996784 0.000000000 0.000000000 0.000000000 0.000000000 0.000000000 0.000000000 0.000000000 0.000000000 1.795675830 0.000000000 0.000000000 2.024164816 1.503951573 0.000000000 0.000000000 1.936018889 1.677051926 0.000000000 0.000000000 0.000000000 1.591444033
0.000000000 2.012566355 2.612229235 2.622079524 2.793553076 2.695205081 1.880450292 1.729336764 1.789140422 2.051473969 2.586615659 3.347282330 3.447029836 2.643389173 1.651359798 0.000000000 0.000000000 0.000000000 1.948458366 3.781893826 1.608891201 0.000000000 0.000000000 0.000000000 0.000000000 0.000000000 1.516965746 0.000000000 1.621434354 0.000000000 0.000000000 1.606786039 1.695635535 1.617508218 1.572477018 0.000000000 0.000000000 0.000000000 0.000000000 0.000000000 0.000000000 0.000000000 1.598551356 0.000000000 0.000000000 2.251842553 0.000000000 0.000000000 1.980934077 1.738047260 0.000000000 0.000000000 0.000000000 1.713722992
0.000000000 2.366267696 2.762767227 2.807723861 2.771150597 2.010396006 1.768383472 2.670914773 3.294781128 3.613822434 3.224586953 2.913708246 2.839777562 2.768371706 1.571445257 0.000000000 0.000000000 0.000000000 0.000000000 1.683684426 3.753491318 0.000000000 0.000000000 0.000000000 0.000000000 0.000000000 0.000000000 0.000000000 0.000000000 2.217810576 0.000000000 1.536980659 1.912839101 1.674077790 1.743903757 0.000000000 0.000000000 0.000000000 0.000000000 0.000000000 1.601982521 0.000000000 0.000000000 0.000000000 0.000000000 1.507731451 0.000000000 0.000000000 1.859306342 1.755456380 0.000000000 0.000000000 0.000000000 1.627214336
1.638569050 2.722420628 2.925268187 3.190206367 2.806741634 2.683569930 3.370411287 3.665137750 3.188724296 1.697555428 0.000000000 0.000000000 1.961186148 3.402861744 1.652937631 0.000000000 2.017282097 2.008049293 0.000000000 0.000000000 1.866603831 3.613095837 1.532681483 0.000000000 0.000000000 0.000000000 0.000000000 0.000000000 0.000000000 1.557654552 3.361483868 2.685918764 2.106148260 1.709699698 2.080937120 0.000000000 0.000000000 1.664011816 0.000000000 0.000000000 0.000000000 2.332210483 0.000000000 0.000000000 0.000000000 0.000000000 0.000000000 0.000000000 1.834651364 1.773034901 0.000000000 0.000000000 0.000000000 0.000000000
2.541636241 3.049850632 3.177604834 3.363755835 3.484331384 3.757787082 3.379044617 2.097126429 1.607278114 0.000000000 0.000000000 0.000000000 0.000000000 2.822854764 3.655280475 0.000000000 0.000000000 3.274924778 0.000000000 0.000000000 0.000000000 1.661523078 3.381955797 2.319102328 0.000000000 0.000000000 0.000000000 0.000000000 0.000000000 0.000000000 2.351777947 3.078584581 2.132893169 2.016668492 2.530462691 2.460430459 0.000000000 0.000000000 0.000000000 0.000000000 0.000000000 0.000000000 2.486729415 0.000000000 0.000000000 0.000000000 0.000000000 0.000000000 0.000000000 1.884303327 0.000000000 0.000000000 0.000000000 0.000000000
2.876813646 2.889298278 2.646636050 2.943234190 3.884811884 2.873606448 1.610381507 0.000000000 0.000000000 0.000000000 0.000000000 0.000000000 0.000000000 1.629339254 4.555458348 0.000000000 0.000000000 0.000000000 2.960099905 0.000000000 0.000000000 0.000000000 0.000000000 3.390043299 2.967071580 0.000000000 0.000000000 0.000000000 0.000000000 0.000000000 0.000000000 1.605262605 1.611878921 0.000000000 1.639477988 1.733050111 2.141050885 2.328935165 1.999335017 0.000000000 0.000000000 0.000000000 0.000000000 0.000000000 1.669832790 0.000000000 0.000000000 0.000000000 0.000000000 0.000000000 0.000000000 0.000000000 0.000000000 0.000000000
2.323757048 2.201263883 3.157231723 2.870715448 1.625641506 1.521704013 0.000000000 0.000000000 0.000000000 0.000000000 1.597014349 3.287621161 2.018752300 1.556140776 3.670412232 2.999851948 0.000000000 0.000000000 0.000000000 3.144506983 0.000000000 0.000000000 0.000000000 0.000000000 2.347874314 2.194799781 0.000000000 0.000000000 0.000000000 0.000000000 0.000000000 0.000000000 0.000000000 0.000000000 0.000000000 0.000000000 0.000000000 0.000000000 0.000000000 0.000000000 1.580133954 0.000000000 0.000000000 0.000000000 0.000000000 0.000000000 0.000000000 2.111609071 0.000000000 0.000000000 0.000000000 0.000000000 0.000000000 0.000000000
2.907084041 2.474099188 1.717047044 0.000000000 0.000000000 0.000000000 0.000000000 0.000000000 0.000000000 1.615842124 1.816944004 2.893197898 0.000000000 1.608431456 3.010441047 4.425058296 1.607337407 0.000000000 0.000000000 1.764427936 2.061546278 0.000000000 0.000000000 0.000000000 0.000000000 0.000000000 0.000000000 0.000000000 0.000000000 0.000000000 0.000000000 0.000000000 0.000000000 0.000000000 0.000000000 0.000000000 0.000000000 0.000000000 0.000000000 0.000000000 0.000000000 0.000000000 0.000000000 0.000000000 0.000000000 0.000000000 0.000000000 0.000000000 0.000000000 2.082575078 0.000000000 0.000000000 0.000000000 0.000000000
2.400921085 0.000000000 0.000000000 0.000000000 0.000000000 1.591377387 0.000000000 0.000000000 2.697838434 3.183966632 2.432352332 2.450711431 0.000000000 0.000000000 1.649116760 4.866608923 2.517093748 1.586184477 0.000000000 0.000000000 4.252458745 0.000000000 0.000000000 0.000000000 0.000000000 1.739052833 2.791004588 1.640333709 0.000000000 0.000000000 0.000000000 0.000000000 0.000000000 0.000000000 0.000000000 0.000000000 0.000000000 0.000000000 0.000000000 0.000000000 0.000000000 0.000000000 0.000000000 0.000000000 0.000000000 0.000000000 0.000000000 0.000000000 0.000000000 0.000000000 0.000000000 0.000000000 0.000000000 0.000000000
