tests/3D/PSQL_test/rec/SoilPressure0000L0001.asc
ncols         295
nrows         180
xllcorner     627200.000000
yllcorner     5109000.000000
cellsize      200.000000
NODATA_value  -9999.0
[rows 0 to 27 of 180, columns 126 to 188 of 295]
-9999.000 -9999.000 -9999.000 -9999.000 -9999.000 -9999.000 -9999.000 -9999.000 -9999.000 -9999.000 -9999.000 -9999.000 -9999.000 -9999.000 -9999.000 -9999.000 -9999.000 -9999.000 -9999.000 -9999.000 -9999.000 -9999.000 -9999.000 -9999.000 -9999.000 -9999.000 -9999.000 -9999.000 -9999.000 -9999.000 -9999.000 -9999.000 -9999.000 -9999.000 -9999.000 -9999.000 -9999.000 -9999.000 -9999.000 -9999.000 -9999.000 -9999.000 -9999.000 -9999.000 -9999.000 -9999.000 -9999.000 -9999.000 -9999.000 -9999.000 -9999.000 -9999.000 -9999.000 -9999.000 -9999.000 -9999.000 -9999.000 -9999.000 -9999.000 -9999.000 -9999.000 -9999.000 -9999.000
-759.335 -721.257 -704.471 -695.755 -744.782 -772.963 -766.266 -779.425 -817.909 -830.696 -841.207 -844.199 -856.727 -846.935 -830.696 -822.422 -830.696 -841.207 -826.685 -808.136 -813.146 -844.199 -856.727 -813.146 -808.136 -837.958 -841.207 -837.958 -834.454 -826.685 -837.958 -837.958 -797.378 -822.422 -779.425 -729.321 -729.321 -744.782 -772.963 -817.909 -837.958 -849.412 -851.631 -841.207 -841.207 -834.454 -849.412 -855.289 -855.289 -844.199 -855.289 -834.454 -844.199 -849.412 -844.199 -849.412 -849.412 -849.412 -856.727 -853.590 -844.199 -846.935 -851.631
-695.755 -704.471 -704.471 -704.471 -759.335 -772.963 -791.634 -822.422 -822.422 -817.909 -830.696 -841.207 -841.207 -853.590 -844.199 -826.685 -837.958 -846.935 -830.696 -813.146 -830.696 -851.631 -791.634 -808.136 -837.958 -849.412 -846.935 -837.958 -837.958 -837.958 -837.958 -822.422 -826.685 -834.454 -766.266 -766.266 -766.266 -779.425 -808.136 -837.958 -846.935 -855.289 -855.289 -834.454 -837.958 -849.412 -855.289 -856.727 -857.905 -846.935 -857.905 -837.958 -846.935 -855.289 -853.590 -844.199 -837.958 -849.412 -859.476 -856.727 -841.207 -846.935 -853.590
-704.471 -721.257 -729.321 -721.257 -766.266 -785.649 -791.634 -759.335 -744.782 -759.335 -797.378 -830.696 -826.685 -817.909 -859.476 -837.958 -830.696 -841.207 -826.685 -808.136 -851.631 -808.136 -785.649 -830.696 -837.958 -837.958 -826.685 -813.146 -822.422 -813.146 -797.378 -802.879 -857.905 -797.378 -779.425 -791.634 -791.634 -808.136 -834.454 -846.935 -853.590 -851.631 -837.958 -826.685 -837.958 -853.590 -856.727 -857.905 -857.905 -849.412 -858.821 -849.412 -849.412 -853.590 -849.412 -834.454 -834.454 -856.727 -859.869 -857.905 -849.412 -851.631 -853.590
-721.257 -779.425 -766.266 -744.782 -744.782 -712.972 -704.471 -704.471 -712.972 -729.321 -779.425 -822.422 -834.454 -813.146 -837.958 -853.590 -826.685 -830.696 -822.422 -808.136 -849.412 -766.266 -808.136 -834.454 -841.207 -830.696 -813.146 -797.378 -785.649 -759.335 -759.335 -822.422 -826.685 -752.173 -779.425 -797.378 -813.146 -826.685 -844.199 -851.631 -855.289 -846.935 -837.958 -841.207 -846.935 -855.289 -856.727 -858.821 -858.821 -849.412 -860.000 -841.207 -851.631 -855.289 -849.412 -834.454 -837.958 -858.821 -859.869 -857.905 -856.727 -855.289 -853.590
-712.972 -772.963 -822.422 -822.422 -759.335 -712.972 -737.164 -779.425 -744.782 -729.321 -779.425 -830.696 -837.958 -837.958 -826.685 -830.696 -844.199 -834.454 -822.422 -837.958 -813.146 -772.963 -826.685 -830.696 -826.685 -830.696 -817.909 -785.649 -759.335 -744.782 -791.634 -844.199 -766.266 -737.164 -785.649 -817.909 -834.454 -837.958 -846.935 -851.631 -856.727 -846.935 -834.454 -849.412 -855.289 -853.590 -856.727 -857.905 -853.590 -849.412 -857.905 -841.207 -855.289 -855.289 -841.207 -830.696 -849.412 -859.476 -859.476 -858.821 -858.821 -855.289 -853.590
-721.257 -729.321 -772.963 -837.958 -851.631 -817.909 -785.649 -759.335 -744.782 -744.782 -779.425 -813.146 -834.454 -841.207 -830.696 -802.879 -855.289 -841.207 -826.685 -859.869 -791.634 -797.378 -830.696 -830.696 -808.136 -817.909 -817.909 -772.963 -744.782 -785.649 -844.199 -791.634 -721.257 -729.321 -785.649 -826.685 -844.199 -844.199 -846.935 -851.631 -851.631 -837.958 -826.685 -851.631 -855.289 -849.412 -855.289 -855.289 -849.412 -857.905 -855.289 -849.412 -851.631 -851.631 -830.696 -837.958 -855.289 -857.905 -858.821 -859.869 -859.476 -856.727 -851.631
-721.257 -752.173 -766.266 -785.649 -808.136 -855.289 -744.782 -729.321 -744.782 -759.335 -797.378 -813.146 -830.696 -844.199 -830.696 -802.879 -853.590 -844.199 -841.207 -834.454 -791.634 -808.136 -822.422 -826.685 -797.378 -797.378 -797.378 -744.782 -772.963 -856.727 -826.685 -752.173 -712.972 -737.164 -785.649 -830.696 -841.207 -846.935 -849.412 -853.590 -844.199 -830.696 -841.207 -853.590 -853.590 -844.199 -846.935 -841.207 -841.207 -851.631 -846.935 -844.199 -844.199 -846.935 -830.696 -846.935 -855.289 -856.727 -859.869 -859.476 -859.476 -855.289 -849.412
-772.963 -808.136 -791.634 -772.963 -772.963 -855.289 -766.266 -721.257 -721.257 -744.782 -802.879 -813.146 -826.685 -841.207 -834.454 -808.136 -837.958 -849.412 -855.289 -808.136 -791.634 -791.634 -813.146 -817.909 -785.649 -772.963 -752.173 -737.164 -834.454 -817.909 -766.266 -752.173 -721.257 -744.782 -791.634 -834.454 -844.199 -853.590 -851.631 -846.935 -844.199 -844.199 -851.631 -855.289 -856.727 -844.199 -841.207 -844.199 -846.935 -855.289 -844.199 -844.199 -849.412 -841.207 -837.958 -844.199 -846.935 -856.727 -859.476 -859.869 -857.905 -851.631 -849.412
-817.909 -797.378 -779.425 -744.782 -744.782 -813.146 -785.649 -744.782 -721.257 -737.164 -802.879 -813.146 -822.422 -841.207 -837.958 -822.422 -813.146 -851.631 -834.454 -802.879 -797.378 -772.963 -808.136 -808.136 -759.335 -729.321 -721.257 -785.649 -853.590 -744.782 -737.164 -712.972 -712.972 -752.173 -791.634 -834.454 -849.412 -855.289 -851.631 -844.199 -849.412 -851.631 -851.631 -855.289 -853.590 -837.958 -837.958 -858.821 -851.631 -826.685 -802.879 -817.909 -826.685 -826.685 -841.207 -849.412 -844.199 -856.727 -859.476 -859.869 -855.289 -851.631 -849.412
-822.422 -772.963 -737.164 -712.972 -729.321 -744.782 -721.257 -737.164 -729.321 -744.782 -802.879 -802.879 -808.136 -837.958 -834.454 -822.422 -808.136 -855.289 -813.146 -802.879 -797.378 -772.963 -802.879 -797.378 -729.321 -704.471 -744.782 -844.199 -785.649 -721.257 -752.173 -785.649 -785.649 -779.425 -808.136 -841.207 -853.590 -855.289 -849.412 -841.207 -849.412 -853.590 -853.590 -853.590 -841.207 -830.696 -857.905 -837.958 -802.879 -808.136 -808.136 -830.696 -830.696 -826.685 -834.454 -837.958 -844.199 -858.821 -858.821 -859.869 -853.590 -849.412 -849.412
-779.425 -785.649 -729.321 -704.471 -721.257 -695.755 -704.471 -729.321 -729.321 -766.266 -802.879 -791.634 -797.378 -830.696 -834.454 -817.909 -802.879 -856.727 -797.378 -802.879 -797.378 -772.963 -785.649 -759.335 -704.471 -712.972 -808.136 -837.958 -737.164 -752.173 -797.378 -791.634 -772.963 -802.879 -837.958 -849.412 -855.289 -853.590 -844.199 -837.958 -849.412 -855.289 -851.631 -849.412 -841.207 -856.727 -830.696 -797.378 -808.136 -826.685 -830.696 -841.207 -849.412 -851.631 -853.590 -853.590 -857.905 -857.905 -857.905 -859.476 -853.590 -851.631 -851.631
-737.164 -822.422 -744.782 -721.257 -721.257 -695.755 -721.257 -744.782 -729.321 -785.649 -826.685 -785.649 -802.879 -834.454 -837.958 -817.909 -817.909 -855.289 -791.634 -808.136 -797.378 -766.266 -766.266 -737.164 -695.755 -744.782 -853.590 -797.378 -759.335 -791.634 -797.378 -759.335 -744.782 -808.136 -844.199 -846.935 -851.631 -849.412 -844.199 -846.935 -853.590 -856.727 -849.412 -841.207 -851.631 -846.935 -802.879 -826.685 -844.199 -849.412 -844.199 -846.935 -853.590 -856.727 -855.289 -856.727 -859.869 -855.289 -857.905 -858.821 -853.590 -851.631 -851.631
-752.173 -822.422 -772.963 -721.257 -686.827 -686.827 -712.972 -744.782 -759.335 -822.422 -849.412 -791.634 -797.378 -834.454 -844.199 -830.696 -834.454 -849.412 -785.649 -813.146 -785.649 -737.164 -744.782 -729.321 -729.321 -791.634 -844.199 -822.422 -779.425 -785.649 -752.173 -721.257 -766.266 -826.685 -841.207 -846.935 -851.631 -851.631 -849.412 -849.412 -853.590 -849.412 -834.454 -841.207 -857.905 -826.685 -817.909 -841.207 -846.935 -849.412 -849.412 -849.412 -855.289 -857.905 -857.905 -858.821 -858.821 -855.289 -859.869 -857.905 -853.590 -851.631 -851.631
-791.634 -808.136 -791.634 -721.257 -704.471 -721.257 -729.321 -759.335 -797.378 -826.685 -849.412 -808.136 -797.378 -830.696 -849.412 -834.454 -837.958 -846.935 -785.649 -808.136 -752.173 -704.471 -737.164 -779.425 -797.378 -802.879 -822.422 -844.199 -772.963 -752.173 -704.471 -721.257 -797.378 -837.958 -844.199 -849.412 -853.590 -855.289 -851.631 -846.935 -846.935 -834.454 -841.207 -858.821 -837.958 -826.685 -817.909 -841.207 -849.412 -851.631 -851.631 -851.631 -856.727 -858.821 -858.821 -859.869 -856.727 -856.727 -859.869 -856.727 -853.590 -853.590 -853.590
-797.378 -791.634 -808.136 -813.146 -797.378 -779.425 -752.173 -772.963 -813.146 -813.146 -830.696 -817.909 -822.422 -834.454 -844.199 -826.685 -837.958 -841.207 -779.425 -785.649 -729.321 -704.471 -779.425 -822.422 -797.378 -785.649 -808.136 -834.454 -744.782 -712.972 -677.689 -744.782 -822.422 -841.207 -844.199 -849.412 -851.631 -851.631 -846.935 -837.958 -834.454 -849.412 -856.727 -817.909 -813.146 -822.422 -826.685 -841.207 -853.590 -851.631 -851.631 -853.590 -856.727 -858.821 -859.869 -858.821 -855.289 -859.476 -858.821 -856.727 -853.590 -855.289 -856.727
-857.905 -834.454 -808.136 -802.879 -817.909 -851.631 -822.422 -797.378 -813.146 -822.422 -817.909 -817.909 -837.958 -844.199 -837.958 -822.422 -841.207 -837.958 -772.963 -766.266 -721.257 -744.782 -797.378 -802.879 -785.649 -752.173 -797.378 -808.136 -695.755 -677.689 -704.471 -791.634 -841.207 -844.199 -846.935 -849.412 -851.631 -849.412 -846.935 -837.958 -853.590 -846.935 -826.685 -830.696 -841.207 -846.935 -841.207 -841.207 -846.935 -851.631 -853.590 -853.590 -857.905 -859.476 -859.869 -856.727 -857.905 -859.869 -857.905 -857.905 -855.289 -855.289 -856.727
-766.266 -686.827 -639.105 -649.050 -668.346 -712.972 -826.685 -841.207 -797.378 -826.685 -837.958 -841.207 -849.412 -853.590 -844.199 -817.909 -834.454 -841.207 -772.963 -766.266 -737.164 -772.963 -779.425 -779.425 -785.649 -744.782 -817.909 -785.649 -695.755 -704.471 -759.335 -826.685 -844.199 -841.207 -849.412 -849.412 -846.935 -844.199 -841.207 -844.199 -853.590 -813.146 -844.199 -849.412 -841.207 -846.935 -849.412 -841.207 -846.935 -853.590 -855.289 -855.289 -858.821 -859.869 -859.476 -857.905 -859.869 -858.821 -859.869 -858.821 -855.289 -853.590 -851.631
-704.471 -677.689 -668.346 -639.105 -649.050 -649.050 -721.257 -846.935 -817.909 -813.146 -846.935 -853.590 -851.631 -851.631 -851.631 -817.909 -826.685 -846.935 -791.634 -772.963 -759.335 -791.634 -791.634 -797.378 -752.173 -759.335 -826.685 -759.335 -695.755 -737.164 -791.634 -837.958 -844.199 -841.207 -846.935 -849.412 -844.199 -844.199 -851.631 -859.476 -834.454 -837.958 -857.905 -846.935 -837.958 -851.631 -851.631 -844.199 -855.289 -859.476 -855.289 -856.727 -859.476 -859.869 -859.476 -857.905 -859.869 -859.476 -858.821 -857.905 -855.289 -851.631 -849.412
-686.827 -695.755 -752.173 -729.321 -677.689 -668.346 -704.471 -791.634 -858.821 -817.909 -837.958 -853.590 -853.590 -853.590 -856.727 -822.422 -826.685 -851.631 -808.136 -779.425 -779.425 -813.146 -817.909 -797.378 -744.782 -752.173 -808.136 -729.321 -712.972 -766.266 -813.146 -844.199 -837.958 -837.958 -846.935 -837.958 -834.454 -857.905 -851.631 -846.935 -837.958 -844.199 -853.590 -844.199 -846.935 -855.289 -851.631 -851.631 -856.727 -856.727 -853.590 -857.905 -859.476 -859.476 -859.476 -856.727 -857.905 -857.905 -858.821 -857.905 -853.590 -853.590 -853.590
-797.378 -837.958 -849.412 -721.257 -658.798 -686.827 -752.173 -797.378 -834.454 -849.412 -822.422 -837.958 -853.590 -858.821 -859.476 -841.207 -817.909 -858.821 -817.909 -791.634 -785.649 -822.422 -830.696 -797.378 -772.963 -744.782 -797.378 -721.257 -752.173 -802.879 -837.958 -841.207 -834.454 -841.207 -844.199 -817.909 -841.207 -849.412 -859.476 -857.905 -846.935 -844.199 -849.412 -849.412 -853.590 -851.631 -849.412 -856.727 -858.821 -855.289 -853.590 -858.821 -859.869 -859.869 -858.821 -853.590 -857.905 -858.821 -859.476 -856.727 -853.590 -856.727 -851.631
-808.136 -759.335 -704.471 -668.346 -677.689 -721.257 -779.425 -822.422 -822.422 -853.590 -841.207 -834.454 -846.935 -855.289 -857.905 -856.727 -822.422 -837.958 -844.199 -785.649 -779.425 -802.879 -817.909 -802.879 -785.649 -772.963 -797.378 -737.164 -785.649 -826.685 -849.412 -841.207 -837.958 -853.590 -851.631 -830.696 -857.905 -846.935 -853.590 -858.821 -846.935 -844.199 -851.631 -853.590 -855.289 -846.935 -851.631 -858.821 -858.821 -855.289 -855.289 -857.905 -859.476 -859.869 -856.727 -849.412 -856.727 -859.476 -857.905 -855.289 -856.727 -858.821 -858.821
-737.164 -704.471 -704.471 -686.827 -712.972 -759.335 -802.879 -834.454 -841.207 -834.454 -856.727 -834.454 -830.696 -841.207 -851.631 -859.476 -846.935 -808.136 -846.935 -830.696 -779.425 -779.425 -797.378 -802.879 -772.963 -797.378 -779.425 -759.335 -813.146 -846.935 -851.631 -841.207 -849.412 -858.821 -853.590 -826.685 -849.412 -851.631 -851.631 -855.289 -844.199 -846.935 -855.289 -853.590 -851.631 -849.412 -853.590 -857.905 -856.727 -855.289 -856.727 -857.905 -858.821 -858.821 -851.631 -849.412 -859.476 -858.821 -856.727 -855.289 -859.476 -859.476 -856.727
-772.963 -772.963 -744.782 -737.164 -766.266 -797.378 -822.422 -844.199 -855.289 -841.207 -837.958 -856.727 -830.696 -830.696 -844.199 -853.590 -859.869 -834.454 -802.879 -857.905 -822.422 -791.634 -802.879 -813.146 -779.425 -808.136 -785.649 -797.378 -844.199 -855.289 -851.631 -846.935 -856.727 -859.869 -857.905 -826.685 -837.958 -855.289 -846.935 -849.412 -841.207 -849.412 -855.289 -853.590 -844.199 -849.412 -855.289 -855.289 -855.289 -856.727 -857.905 -858.821 -859.476 -857.905 -849.412 -856.727 -859.476 -859.476 -857.905 -853.590 -858.821 -859.476 -853.590
-695.755 -772.963 -785.649 -785.649 -808.136 -822.422 -826.685 -834.454 -837.958 -846.935 -851.631 -841.207 -858.821 -830.696 -837.958 -844.199 -846.935 -837.958 -817.909 -853.590 -851.631 -826.685 -822.422 -817.909 -802.879 -817.909 -808.136 -830.696 -853.590 -855.289 -851.631 -851.631 -858.821 -859.869 -857.905 -830.696 -830.696 -857.905 -844.199 -849.412 -846.935 -851.631 -853.590 -841.207 -844.199 -853.590 -856.727 -855.289 -855.289 -856.727 -857.905 -859.476 -859.869 -858.821 -849.412 -857.905 -857.905 -858.821 -859.476 -857.905 -857.905 -858.821 -853.590
-677.689 -712.972 -791.634 -813.146 -822.422 -826.685 -808.136 -808.136 -813.146 -813.146 -826.685 -841.207 -849.412 -837.958 -830.696 -841.207 -846.935 -826.685 -837.958 -859.869 -851.631 -846.935 -841.207 -826.685 -817.909 -808.136 -822.422 -844.199 -853.590 -855.289 -851.631 -855.289 -857.905 -856.727 -853.590 -830.696 -834.454 -855.289 -834.454 -841.207 -844.199 -844.199 -834.454 -837.958 -853.590 -856.727 -856.727 -856.727 -856.727 -857.905 -856.727 -858.821 -859.869 -858.821 -846.935 -855.289 -856.727 -855.289 -851.631 -851.631 -857.905 -857.905 -849.412
-658.798 -695.755 -785.649 -817.909 -813.146 -808.136 -797.378 -822.422 -844.199 -855.289 -856.727 -858.821 -851.631 -858.821 -846.935 -822.422 -826.685 -822.422 -846.935 -849.412 -837.958 -834.454 -841.207 -837.958 -826.685 -830.696 -844.199 -849.412 -849.412 -855.289 -853.590 -855.289 -853.590 -837.958 -830.696 -822.422 -849.412 -846.935 -834.454 -830.696 -830.696 -830.696 -837.958 -853.590 -858.821 -853.590 -851.631 -856.727 -858.821 -858.821 -857.905 -857.905 -859.476 -857.905 -846.935 -849.412 -856.727 -844.199 -851.631 -858.821 -855.289 -841.207 -817.909
-658.798 -721.257 -785.649 -802.879 -802.879 -813.146 -830.696 -858.821 -841.207 -808.136 -791.634 -791.634 -785.649 -802.879 -837.958 -857.905 -857.905 -849.412 -851.631 -841.207 -841.207 -834.454 -837.958 -841.207 -837.958 -837.958 -844.199 -849.412 -849.412 -855.289 -853.590 -851.631 -844.199 -822.422 -822.422 -830.696 -856.727 -830.696 -830.696 -817.909 -830.696 -846.935 -855.289 -859.476 -856.727 -846.935 -853.590 -858.821 -857.905 -857.905 -857.905 -858.821 -859.869 -857.905 -844.199 -849.412 -846.935 -837.958 -853.590 -856.727 -849.412 -834.454 -826.685
