tests/3D/PSQL_test/rec/SoilPressure0000L0000.asc
ncols         295
nrows         180
xllcorner     627200.000000
yllcorner     5109000.000000
cellsize      200.000000
NODATA_value  -9999.0
[rows 0 to 27 of 180, columns 0 to 62 of 295]
-9999.000 -9999.000 -9999.000 -9999.000 -9999.000 -9999.000 -9999.000 -9999.000 -9999.000 -9999.000 -9999.000 -9999.000 -9999.000 -9999.000 -9999.000 -9999.000 -9999.000 -9999.000 -9999.000 -9999.000 -9999.000 -9999.000 -9999.000 -9999.000 -9999.000 -9999.000 -9999.000 -9999.000 -9999.000 -9999.000 -9999.000 -9999.000 -9999.000 -9999.000 -9999.000 -9999.000 -9999.000 -9999.000 -9999.000 -9999.000 -9999.000 -9999.000 -9999.000 -9999.000 -9999.000 -9999.000 -9999.000 -9999.000 -9999.000 -9999.000 -9999.000 -9999.000 -9999.000 -9999.000 -9999.000 -9999.000 -9999.000 -9999.000 -9999.000 -9999.000 -9999.000 -9999.000 -9999.000
-9999.000 -933.580 -906.308 -838.671 -965.926 -939.693 -927.184 -951.057 -974.370 -965.926 -945.519 -838.671 -857.167 -984.808 -992.546 -984.808 -992.546 -998.630 -990.268 -974.370 -984.808 -984.808 -961.262 -882.948 -981.627 -874.620 -882.948 -891.007 -920.505 -939.693 -927.184 -913.545 -898.794 -927.184 -974.370 -970.296 -933.580 -898.794 -882.948 -866.025 -798.636 -829.038 -981.627 -891.007 -809.017 -848.048 -927.184 -913.545 -891.007 -866.025 -838.671 -848.048 -939.693 -992.546 -920.505 -933.580 -978.148 -987.688 -978.148 -951.057 -974.370 -987.688 -990.268
-9999.000 -970.296 -920.505 -838.671 -939.693 -920.505 -913.545 -882.948 -951.057 -981.627 -981.627 -920.505 -829.038 -920.505 -997.564 -978.148 -978.148 -992.546 -978.148 -965.926 -970.296 -978.148 -945.519 -874.620 -984.808 -891.007 -898.794 -951.057 -978.148 -965.926 -951.057 -945.519 -945.519 -961.262 -981.627 -978.148 -965.926 -927.184 -848.048 -809.017 -766.044 -866.025 -992.546 -866.025 -819.152 -848.048 -920.505 -920.505 -906.308 -898.794 -857.167 -848.048 -882.948 -939.693 -939.693 -970.296 -978.148 -981.627 -974.370 -933.580 -927.184 -945.519 -956.305
-9999.000 -965.926 -906.308 -838.671 -866.025 -913.545 -945.519 -927.184 -913.545 -970.296 -974.370 -978.148 -866.025 -848.048 -906.308 -998.630 -970.296 -961.262 -933.580 -951.057 -939.693 -939.693 -898.794 -809.017 -945.519 -933.580 -874.620 -927.184 -978.148 -961.262 -951.057 -970.296 -974.370 -974.370 -981.627 -984.808 -990.268 -939.693 -829.038 -777.146 -788.011 -882.948 -996.195 -857.167 -766.044 -766.044 -798.636 -829.038 -838.671 -848.048 -838.671 -848.048 -882.948 -874.620 -920.505 -981.627 -987.688 -974.370 -956.305 -965.926 -945.519 -848.048 -891.007
-9999.000 -990.268 -951.057 -882.948 -857.167 -913.545 -974.370 -981.627 -933.580 -891.007 -920.505 -956.305 -913.545 -874.620 -848.048 -945.519 -898.794 -866.025 -874.620 -913.545 -945.519 -965.926 -965.926 -809.017 -882.948 -970.296 -866.025 -874.620 -939.693 -945.519 -945.519 -965.926 -965.926 -970.296 -987.688 -996.195 -997.564 -939.693 -819.152 -788.011 -809.017 -857.167 -906.308 -838.671 -707.107 -719.340 -766.044 -798.636 -809.017 -829.038 -829.038 -866.025 -913.545 -882.948 -866.025 -874.620 -906.308 -898.794 -906.308 -898.794 -848.048 -777.146 -838.671
-9999.000 -997.564 -992.546 -951.057 -898.794 -898.794 -956.305 -987.688 -970.296 -927.184 -920.505 -939.693 -945.519 -913.545 -933.580 -913.545 -882.948 -891.007 -913.545 -933.580 -961.262 -987.688 -992.546 -819.152 -866.025 -981.627 -866.025 -848.048 -920.505 -965.926 -965.926 -970.296 -981.627 -992.546 -992.546 -981.627 -961.262 -933.580 -848.048 -798.636 -819.152 -798.636 -829.038 -961.262 -829.038 -777.146 -798.636 -838.671 -838.671 -848.048 -838.671 -898.794 -951.057 -906.308 -882.948 -882.948 -898.794 -898.794 -933.580 -933.580 -882.948 -819.152 -866.025
-9999.000 -987.688 -974.370 -978.148 -956.305 -891.007 -882.948 -945.519 -978.148 -984.808 -981.627 -927.184 -898.794 -927.184 -981.627 -939.693 -933.580 -933.580 -939.693 -978.148 -978.148 -984.808 -984.808 -819.152 -866.025 -987.688 -874.620 -866.025 -913.545 -927.184 -951.057 -978.148 -970.296 -970.296 -965.926 -974.370 -978.148 -945.519 -866.025 -788.011 -798.636 -788.011 -819.152 -984.808 -891.007 -798.636 -819.152 -829.038 -829.038 -857.167 -848.048 -927.184 -965.926 -927.184 -927.184 -920.505 -939.693 -898.794 -891.007 -898.794 -874.620 -829.038 -891.007
-9999.000 -981.627 -996.195 -992.546 -990.268 -956.305 -857.167 -848.048 -933.580 -987.688 -990.268 -920.505 -857.167 -906.308 -939.693 -913.545 -906.308 -927.184 -956.305 -984.808 -997.564 -992.546 -965.926 -809.017 -857.167 -978.148 -874.620 -874.620 -920.505 -898.794 -882.948 -906.308 -898.794 -891.007 -882.948 -874.620 -891.007 -891.007 -857.167 -798.636 -819.152 -829.038 -838.671 -961.262 -920.505 -798.636 -809.017 -798.636 -809.017 -857.167 -866.025 -939.693 -951.057 -913.545 -951.057 -927.184 -951.057 -906.308 -906.308 -898.794 -882.948 -838.671 -891.007
-9999.000 -951.057 -984.808 -984.808 -984.808 -978.148 -939.693 -866.025 -866.025 -970.296 -994.522 -956.305 -857.167 -906.308 -951.057 -898.794 -898.794 -920.505 -945.519 -984.808 -978.148 -956.305 -951.057 -874.620 -874.620 -994.522 -927.184 -857.167 -906.308 -913.545 -882.948 -866.025 -866.025 -857.167 -874.620 -882.948 -829.038 -829.038 -874.620 -838.671 -829.038 -788.011 -809.017 -939.693 -945.519 -809.017 -798.636 -788.011 -788.011 -838.671 -882.948 -920.505 -951.057 -913.545 -961.262 -920.505 -939.693 -920.505 -933.580 -927.184 -913.545 -882.948 -906.308
-9999.000 -906.308 -956.305 -961.262 -956.305 -945.519 -965.926 -927.184 -848.048 -898.794 -994.522 -996.195 -906.308 -891.007 -933.580 -927.184 -974.370 -990.268 -992.546 -990.268 -945.519 -933.580 -984.808 -970.296 -906.308 -913.545 -996.195 -891.007 -866.025 -898.794 -891.007 -874.620 -906.308 -927.184 -920.505 -857.167 -798.636 -838.671 -882.948 -857.167 -829.038 -766.044 -798.636 -939.693 -970.296 -819.152 -809.017 -809.017 -809.017 -819.152 -838.671 -866.025 -920.505 -913.545 -933.580 -920.505 -898.794 -898.794 -913.545 -920.505 -927.184 -927.184 -913.545
-9999.000 -920.505 -939.693 -939.693 -933.580 -951.057 -978.148 -990.268 -891.007 -819.152 -945.519 -994.522 -961.262 -898.794 -920.505 -974.370 -996.195 -1000.000 -999.391 -987.688 -945.519 -927.184 -984.808 -996.195 -961.262 -891.007 -945.519 -945.519 -898.794 -906.308 -913.545 -951.057 -945.519 -933.580 -927.184 -848.048 -798.636 -819.152 -829.038 -838.671 -848.048 -829.038 -819.152 -882.948 -994.522 -819.152 -798.636 -829.038 -838.671 -848.048 -838.671 -829.038 -866.025 -882.948 -882.948 -898.794 -866.025 -866.025 -898.794 -906.308 -927.184 -939.693 -920.505
-9999.000 -933.580 -920.505 -933.580 -951.057 -933.580 -939.693 -984.808 -984.808 -838.671 -857.167 -945.519 -965.926 -961.262 -970.296 -981.627 -994.522 -999.391 -996.195 -978.148 -956.305 -927.184 -965.926 -984.808 -961.262 -874.620 -939.693 -978.148 -961.262 -999.391 -974.370 -874.620 -848.048 -920.505 -970.296 -857.167 -777.146 -798.636 -829.038 -882.948 -882.948 -857.167 -829.038 -848.048 -990.268 -857.167 -777.146 -829.038 -848.048 -866.025 -866.025 -866.025 -882.948 -898.794 -882.948 -906.308 -898.794 -898.794 -898.794 -913.545 -939.693 -951.057 -945.519
-9999.000 -956.305 -927.184 -898.794 -891.007 -891.007 -906.308 -961.262 -981.627 -906.308 -857.167 -874.620 -920.505 -945.519 -951.057 -978.148 -984.808 -978.148 -961.262 -951.057 -965.926 -920.505 -939.693 -978.148 -970.296 -913.545 -961.262 -874.620 -857.167 -866.025 -898.794 -906.308 -857.167 -939.693 -961.262 -891.007 -766.044 -819.152 -866.025 -882.948 -891.007 -866.025 -829.038 -838.671 -951.057 -927.184 -798.636 -809.017 -838.671 -848.048 -857.167 -874.620 -891.007 -920.505 -898.794 -927.184 -920.505 -906.308 -898.794 -913.545 -945.519 -961.262 -970.296
-9999.000 -956.305 -913.545 -927.184 -939.693 -857.167 -829.038 -866.025 -898.794 -882.948 -882.948 -874.620 -874.620 -913.545 -927.184 -945.519 -956.305 -974.370 -996.195 -984.808 -974.370 -933.580 -933.580 -961.262 -927.184 -961.262 -992.546 -906.308 -906.308 -898.794 -874.620 -913.545 -857.167 -874.620 -939.693 -913.545 -829.038 -848.048 -898.794 -874.620 -857.167 -857.167 -829.038 -829.038 -913.545 -965.926 -848.048 -809.017 -809.017 -809.017 -809.017 -838.671 -866.025 -891.007 -882.948 -913.545 -920.505 -913.545 -913.545 -913.545 -920.505 -939.693 -951.057
-9999.000 -933.580 -927.184 -920.505 -882.948 -819.152 -788.011 -838.671 -927.184 -891.007 -882.948 -898.794 -913.545 -951.057 -933.580 -920.505 -945.519 -933.580 -874.620 -848.048 -857.167 -906.308 -927.184 -920.505 -951.057 -987.688 -956.305 -906.308 -891.007 -945.519 -951.057 -857.167 -798.636 -848.048 -920.505 -920.505 -891.007 -866.025 -898.794 -866.025 -838.671 -848.048 -838.671 -838.671 -906.308 -992.546 -920.505 -838.671 -819.152 -809.017 -798.636 -819.152 -848.048 -882.948 -874.620 -920.505 -939.693 -933.580 -939.693 -939.693 -939.693 -939.693 -933.580
-9999.000 -945.519 -874.620 -874.620 -882.948 -866.025 -809.017 -829.038 -961.262 -956.305 -927.184 -898.794 -920.505 -956.305 -920.505 -898.794 -882.948 -829.038 -829.038 -829.038 -754.710 -788.011 -857.167 -848.048 -874.620 -961.262 -956.305 -927.184 -891.007 -913.545 -933.580 -882.948 -848.048 -866.025 -898.794 -898.794 -891.007 -848.048 -838.671 -838.671 -829.038 -838.671 -857.167 -906.308 -913.545 -951.057 -999.391 -961.262 -898.794 -838.671 -798.636 -819.152 -829.038 -857.167 -882.948 -913.545 -913.545 -898.794 -913.545 -939.693 -945.519 -927.184 -913.545
-9999.000 -866.025 -874.620 -882.948 -891.007 -898.794 -819.152 -819.152 -956.305 -990.268 -920.505 -882.948 -920.505 -913.545 -898.794 -857.167 -819.152 -819.152 -882.948 -898.794 -838.671 -819.152 -874.620 -882.948 -927.184 -920.505 -882.948 -906.308 -913.545 -874.620 -829.038 -848.048 -866.025 -891.007 -898.794 -882.948 -857.167 -848.048 -829.038 -819.152 -829.038 -874.620 -956.305 -945.519 -857.167 -829.038 -891.007 -970.296 -999.391 -961.262 -848.048 -819.152 -829.038 -829.038 -848.048 -866.025 -866.025 -857.167 -891.007 -913.545 -906.308 -898.794 -898.794
-9999.000 -848.048 -874.620 -913.545 -945.519 -933.580 -819.152 -788.011 -898.794 -990.268 -927.184 -857.167 -838.671 -809.017 -788.011 -788.011 -809.017 -857.167 -882.948 -898.794 -874.620 -819.152 -838.671 -906.308 -945.519 -891.007 -882.948 -874.620 -848.048 -829.038 -829.038 -874.620 -898.794 -927.184 -945.519 -906.308 -874.620 -866.025 -838.671 -819.152 -891.007 -981.627 -951.057 -882.948 -857.167 -829.038 -857.167 -920.505 -951.057 -981.627 -965.926 -882.948 -857.167 -857.167 -857.167 -874.620 -874.620 -891.007 -920.505 -913.545 -898.794 -891.007 -891.007
-9999.000 -970.296 -981.627 -990.268 -970.296 -933.580 -829.038 -798.636 -866.025 -933.580 -939.693 -819.152 -766.044 -743.145 -707.107 -731.354 -788.011 -848.048 -829.038 -829.038 -829.038 -798.636 -798.636 -874.620 -970.296 -939.693 -927.184 -913.545 -913.545 -913.545 -906.308 -913.545 -920.505 -945.519 -951.057 -898.794 -898.794 -898.794 -857.167 -891.007 -987.688 -927.184 -857.167 -882.948 -898.794 -866.025 -874.620 -927.184 -933.580 -939.693 -987.688 -970.296 -906.308 -882.948 -898.794 -913.545 -927.184 -927.184 -920.505 -913.545 -906.308 -906.308 -898.794
-9999.000 -970.296 -927.184 -882.948 -882.948 -882.948 -819.152 -819.152 -857.167 -882.948 -939.693 -939.693 -882.948 -857.167 -838.671 -809.017 -819.152 -848.048 -819.152 -798.636 -777.146 -766.044 -788.011 -829.038 -990.268 -961.262 -970.296 -951.057 -961.262 -965.926 -933.580 -920.505 -933.580 -933.580 -920.505 -906.308 -906.308 -891.007 -913.545 -981.627 -939.693 -848.048 -874.620 -920.505 -913.545 -874.620 -874.620 -898.794 -898.794 -913.545 -939.693 -970.296 -984.808 -961.262 -951.057 -945.519 -939.693 -945.519 -945.519 -939.693 -939.693 -939.693 -951.057
-9999.000 -874.620 -898.794 -951.057 -939.693 -838.671 -809.017 -838.671 -857.167 -857.167 -882.948 -951.057 -992.546 -996.195 -984.808 -956.305 -927.184 -891.007 -857.167 -857.167 -819.152 -798.636 -819.152 -819.152 -945.519 -978.148 -956.305 -965.926 -974.370 -970.296 -939.693 -906.308 -920.505 -906.308 -913.545 -913.545 -882.948 -927.184 -970.296 -945.519 -874.620 -866.025 -927.184 -939.693 -906.308 -848.048 -838.671 -848.048 -848.048 -866.025 -891.007 -927.184 -970.296 -984.808 -994.522 -996.195 -996.195 -994.522 -981.627 -981.627 -981.627 -981.627 -990.268
-9999.000 -978.148 -981.627 -939.693 -874.620 -829.038 -857.167 -882.948 -906.308 -848.048 -838.671 -866.025 -882.948 -920.505 -965.926 -999.391 -956.305 -920.505 -874.620 -848.048 -819.152 -819.152 -848.048 -848.048 -857.167 -978.148 -965.926 -951.057 -961.262 -945.519 -920.505 -891.007 -906.308 -891.007 -939.693 -927.184 -906.308 -956.305 -882.948 -829.038 -829.038 -838.671 -891.007 -891.007 -874.620 -848.048 -848.048 -848.048 -829.038 -857.167 -874.620 -913.545 -898.794 -874.620 -874.620 -866.025 -866.025 -874.620 -866.025 -857.167 -857.167 -848.048 -857.167
-9999.000 -857.167 -829.038 -848.048 -891.007 -891.007 -927.184 -939.693 -913.545 -848.048 -819.152 -898.794 -945.519 -956.305 -933.580 -981.627 -961.262 -933.580 -866.025 -829.038 -829.038 -838.671 -848.048 -838.671 -819.152 -857.167 -996.195 -939.693 -939.693 -945.519 -898.794 -891.007 -913.545 -906.308 -970.296 -956.305 -898.794 -819.152 -743.145 -777.146 -838.671 -848.048 -898.794 -906.308 -920.505 -891.007 -906.308 -906.308 -857.167 -866.025 -906.308 -939.693 -874.620 -829.038 -809.017 -809.017 -829.038 -857.167 -857.167 -848.048 -838.671 -829.038 -819.152
-9999.000 -874.620 -898.794 -913.545 -906.308 -939.693 -974.370 -981.627 -981.627 -927.184 -857.167 -874.620 -848.048 -819.152 -882.948 -974.370 -965.926 -939.693 -866.025 -838.671 -874.620 -874.620 -891.007 -891.007 -874.620 -838.671 -956.305 -927.184 -882.948 -951.057 -906.308 -898.794 -927.184 -898.794 -882.948 -857.167 -798.636 -766.044 -798.636 -857.167 -906.308 -913.545 -956.305 -939.693 -920.505 -891.007 -906.308 -898.794 -874.620 -882.948 -913.545 -981.627 -906.308 -857.167 -829.038 -848.048 -857.167 -866.025 -857.167 -857.167 -848.048 -857.167 -848.048
-9999.000 -882.948 -913.545 -933.580 -939.693 -906.308 -882.948 -866.025 -838.671 -798.636 -798.636 -798.636 -788.011 -866.025 -978.148 -965.926 -956.305 -920.505 -857.167 -882.948 -927.184 -906.308 -898.794 -882.948 -857.167 -848.048 -866.025 -913.545 -798.636 -882.948 -874.620 -848.048 -882.948 -891.007 -866.025 -829.038 -788.011 -798.636 -848.048 -857.167 -891.007 -939.693 -974.370 -945.519 -920.505 -882.948 -891.007 -891.007 -891.007 -898.794 -906.308 -994.522 -874.620 -891.007 -874.620 -866.025 -866.025 -866.025 -857.167 -866.025 -866.025 -866.025 -891.007
-9999.000 -913.545 -920.505 -874.620 -882.948 -933.580 -874.620 -819.152 -798.636 -809.017 -819.152 -788.011 -819.152 -920.505 -984.808 -933.580 -933.580 -891.007 -857.167 -920.505 -939.693 -882.948 -866.025 -866.025 -838.671 -838.671 -882.948 -981.627 -866.025 -920.505 -920.505 -874.620 -906.308 -898.794 -866.025 -829.038 -809.017 -829.038 -882.948 -898.794 -927.184 -974.370 -970.296 -951.057 -945.519 -898.794 -891.007 -891.007 -882.948 -882.948 -898.794 -992.546 -829.038 -848.048 -891.007 -838.671 -829.038 -838.671 -857.167 -866.025 -866.025 -874.620 -906.308
-9999.000 -882.948 -906.308 -927.184 -882.948 -866.025 -898.794 -920.505 -920.505 -913.545 -891.007 -838.671 -874.620 -945.519 -974.370 -920.505 -891.007 -857.167 -838.671 -891.007 -906.308 -891.007 -913.545 -898.794 -819.152 -798.636 -961.262 -920.505 -898.794 -951.057 -961.262 -951.057 -961.262 -882.948 -848.048 -866.025 -939.693 -974.370 -970.296 -965.926 -974.370 -970.296 -951.057 -951.057 -951.057 -927.184 -906.308 -898.794 -874.620 -848.048 -913.545 -978.148 -819.152 -809.017 -874.620 -882.948 -838.671 -848.048 -866.025 -882.948 -906.308 -906.308 -933.580
-9999.000 -882.948 -913.545 -951.057 -956.305 -874.620 -848.048 -891.007 -927.184 -927.184 -906.308 -874.620 -866.025 -920.505 -939.693 -891.007 -857.167 -829.038 -829.038 -882.948 -939.693 -939.693 -920.505 -874.620 -788.011 -777.146 -990.268 -913.545 -951.057 -951.057 -965.926 -970.296 -920.505 -933.580 -974.370 -996.195 -965.926 -920.505 -913.545 -927.184 -945.519 -956.305 -939.693 -945.519 -945.519 -933.580 -920.505 -891.007 -848.048 -838.671 -951.057 -927.184 -788.011 -798.636 -829.038 -874.620 -848.048 -809.017 -829.038 -891.007 -927.184 -920.505 -933.580
