tests/3D/example/results/output_maps/SWEDENSITYN0013.asc
ncols         174
nrows         141
xllcorner     744500.000000
yllcorner     5140950.000000
cellsize      250.000000
NODATA_value  -9999.0
[rows 31 to 61 of 141, columns 0 to 69 of 174]
-9999.000 -9999.000 -9999.000 -9999.000 -9999.000 -9999.000 -9999.000 -9999.000 -9999.000 -9999.000 -9999.000 -9999.000 -9999.000 -9999.000 -9999.000 -9999.000 -9999.000 -9999.000 -9999.000 -9999.000 -9999.000 -9999.000 -9999.000 -9999.000 -9999.000 -9999.000 -9999.000 -9999.000 -9999.000 -9999.000 -9999.000 -9999.000 -9999.000 -9999.000 -9999.000 -9999.000 -9999.000 -nan -nan 57.371 -nan 42.288 172.761 9.400 38.340 -nan -nan -nan -9999.000 -9999.000 -9999.000 -9999.000 -9999.000 -9999.000 -9999.000 -9999.000 -9999.000 -9999.000 -9999.000 40.729 69.319 46.993 80.439 11.062 27.974 80.600 106.355 2.121 77.592 170.875
-9999.000 -9999.000 -9999.000 -9999.000 -9999.000 -9999.000 -9999.000 -9999.000 -9999.000 -9999.000 -9999.000 -9999.000 -9999.000 -9999.000 -9999.000 -9999.000 -9999.000 -9999.000 -9999.000 -9999.000 -9999.000 -9999.000 -9999.000 -9999.000 -9999.000 -9999.000 -9999.000 -9999.000 -9999.000 -9999.000 -9999.000 -9999.000 -9999.000 -9999.000 -9999.000 -9999.000 -nan -nan -nan 63.941 26.323 37.245 143.516 -nan -nan -nan 94.831 -nan -nan -9999.000 -9999.000 -9999.000 -9999.000 -9999.000 -9999.000 -9999.000 -nan -nan -nan 69.305 59.039 61.580 55.330 -nan -nan 113.870 68.056 84.430 72.911 124.572
-9999.000 -9999.000 -9999.000 -9999.000 -9999.000 -9999.000 -9999.000 -9999.000 -9999.000 -9999.000 -9999.000 -9999.000 -9999.000 -9999.000 -9999.000 -9999.000 -9999.000 -9999.000 -9999.000 -9999.000 -9999.000 -9999.000 -9999.000 -9999.000 -9999.000 -9999.000 -9999.000 -9999.000 -9999.000 -9999.000 -9999.000 -9999.000 -9999.000 -9999.000 -9999.000 -nan -nan -nan -nan 22.195 55.823 107.706 202.444 150.462 129.233 205.485 -nan -nan -nan -nan -nan 74.623 104.650 -nan -nan -nan 32.395 98.467 -nan -nan 55.447 70.433 105.957 -nan -nan 88.235 37.777 98.502 36.916 17.792
-9999.000 -9999.000 -9999.000 -9999.000 -9999.000 -9999.000 -9999.000 -9999.000 -9999.000 -9999.000 -9999.000 -9999.000 -9999.000 -9999.000 -9999.000 -9999.000 -9999.000 -9999.000 -9999.000 -9999.000 -9999.000 -9999.000 -9999.000 -9999.000 -9999.000 -9999.000 -9999.000 -9999.000 -9999.000 -9999.000 -9999.000 -9999.000 -9999.000 -nan -nan -nan 10.938 58.292 110.485 -nan 123.381 210.787 223.071 216.049 216.183 213.873 173.765 142.075 110.348 134.547 9.640 48.053 38.952 74.472 49.732 42.137 74.195 139.243 -nan -nan 55.608 63.810 207.258 -nan -nan 47.889 54.803 52.257 85.264 80.807
-9999.000 -9999.000 -9999.000 -9999.000 -9999.000 -9999.000 -9999.000 -9999.000 -9999.000 -9999.000 -9999.000 -9999.000 -9999.000 -9999.000 -9999.000 -9999.000 -9999.000 -9999.000 -9999.000 -9999.000 -9999.000 -9999.000 -9999.000 -9999.000 -9999.000 -9999.000 -9999.000 -9999.000 -9999.000 -9999.000 -9999.000 -9999.000 -nan -nan 26.831 47.154 108.863 142.477 57.357 -nan 145.893 57.483 199.635 188.620 192.276 214.448 -nan -nan -nan 92.082 58.633 75.214 103.895 14.258 65.795 45.785 135.887 165.776 175.164 86.382 56.441 107.657 196.744 -nan -nan 33.604 47.147 63.140 91.322 102.061
-9999.000 -9999.000 -9999.000 -9999.000 -9999.000 -9999.000 -9999.000 -9999.000 -9999.000 -9999.000 -9999.000 -9999.000 -9999.000 -9999.000 -9999.000 -9999.000 -9999.000 -9999.000 -9999.000 -9999.000 -9999.000 -9999.000 -9999.000 -9999.000 -9999.000 -9999.000 -9999.000 -9999.000 -9999.000 -9999.000 -9999.000 -9999.000 -9999.000 -nan 143.382 103.023 76.803 170.820 -nan -nan 96.570 252.742 191.903 178.127 194.673 215.639 35.051 -nan 25.299 90.866 94.497 89.369 38.233 42.238 -nan -nan 122.793 161.830 213.566 193.559 -nan 121.624 192.480 126.440 55.718 84.281 114.268 12.641 85.999 95.430
-9999.000 -9999.000 -9999.000 -9999.000 -9999.000 -9999.000 -9999.000 -9999.000 -9999.000 -9999.000 -9999.000 -9999.000 -9999.000 -9999.000 -9999.000 -9999.000 -9999.000 -9999.000 -9999.000 -9999.000 -9999.000 -9999.000 -9999.000 -9999.000 -9999.000 -9999.000 -9999.000 -9999.000 -9999.000 -9999.000 -9999.000 -9999.000 -9999.000 -nan 153.817 221.341 248.544 152.357 236.840 91.666 168.656 126.670 187.303 170.764 187.326 219.313 47.722 65.301 114.676 134.657 64.743 96.843 -nan 82.628 12.672 -nan -nan 167.823 217.598 209.562 208.551 204.129 178.046 210.205 206.480 -nan 14.161 69.172 99.974 49.386
-9999.000 -9999.000 -9999.000 -9999.000 -9999.000 -9999.000 -9999.000 -9999.000 -9999.000 -9999.000 -9999.000 -9999.000 -9999.000 -9999.000 -9999.000 -9999.000 -9999.000 -9999.000 -9999.000 -9999.000 -9999.000 -9999.000 -9999.000 -9999.000 -9999.000 -9999.000 -9999.000 -9999.000 -9999.000 -9999.000 -9999.000 -9999.000 -9999.000 -nan 84.627 228.096 210.383 203.846 206.174 235.698 216.676 179.225 183.925 162.407 180.852 217.830 114.704 136.199 92.248 21.426 -nan -nan 71.728 109.332 95.140 75.024 -nan 46.810 223.607 196.723 178.572 172.900 167.204 188.525 138.539 -nan -nan 86.648 3.952 32.921
-9999.000 -9999.000 -9999.000 -9999.000 -9999.000 -9999.000 -9999.000 -9999.000 -9999.000 -9999.000 -9999.000 -9999.000 -9999.000 -9999.000 -9999.000 -9999.000 -9999.000 -9999.000 -9999.000 -9999.000 -9999.000 -9999.000 -9999.000 -9999.000 -9999.000 -9999.000 -9999.000 -9999.000 -9999.000 -9999.000 -9999.000 -9999.000 -9999.000 -nan 79.916 68.152 259.060 182.977 165.004 170.053 170.478 197.928 169.116 152.883 191.844 252.486 230.087 86.336 37.084 70.743 46.002 22.670 57.880 94.463 191.423 142.671 -nan -nan 228.403 215.756 156.552 146.489 155.146 169.261 -nan -nan -nan 85.343 57.784 44.175
-9999.000 -9999.000 -9999.000 -9999.000 -9999.000 -9999.000 -9999.000 -9999.000 -9999.000 -9999.000 -9999.000 -9999.000 -9999.000 -9999.000 -9999.000 -9999.000 -9999.000 -9999.000 -9999.000 -9999.000 -9999.000 -9999.000 -9999.000 -9999.000 -9999.000 -9999.000 -9999.000 -9999.000 -9999.000 -9999.000 -9999.000 -9999.000 -nan -nan 180.663 240.149 206.859 172.738 160.047 152.629 151.540 149.248 150.407 147.787 198.468 219.794 215.458 174.213 65.967 79.150 113.137 55.436 -nan -nan 226.517 217.029 -nan -nan 148.079 190.921 157.532 145.169 147.405 155.983 -nan -nan -nan 8.097 65.581 48.925
-9999.000 -9999.000 -9999.000 -9999.000 -9999.000 -9999.000 -9999.000 -9999.000 -9999.000 -9999.000 -9999.000 -9999.000 -9999.000 -9999.000 -9999.000 -9999.000 -9999.000 -9999.000 -9999.000 -9999.000 -9999.000 -9999.000 -9999.000 -9999.000 -9999.000 -9999.000 -9999.000 -9999.000 -9999.000 -9999.000 -9999.000 -nan -nan 139.748 209.724 203.844 185.279 181.147 177.896 162.994 149.860 139.213 132.682 142.340 184.892 216.606 188.789 209.107 195.284 183.288 133.251 95.368 69.399 34.424 210.314 183.710 218.511 65.444 223.547 203.517 164.066 146.899 137.407 159.487 -nan -nan -nan 18.159 119.631 113.121
-9999.000 -9999.000 -9999.000 -9999.000 -9999.000 -9999.000 -9999.000 -9999.000 -9999.000 -9999.000 -9999.000 -9999.000 -9999.000 -9999.000 -9999.000 -9999.000 -9999.000 -9999.000 -9999.000 -9999.000 -9999.000 -9999.000 -9999.000 -9999.000 -9999.000 -9999.000 -9999.000 -9999.000 -9999.000 -9999.000 -nan -nan 270.280 206.747 210.279 203.727 196.980 209.854 209.052 197.443 162.856 142.121 131.233 134.675 174.357 195.201 161.665 208.397 196.013 211.951 194.817 232.987 132.260 63.392 230.574 175.596 207.304 222.802 167.899 219.209 161.987 139.700 137.615 157.543 185.911 -nan -nan 46.021 113.939 164.448
-9999.000 -9999.000 -9999.000 -9999.000 -9999.000 -9999.000 -9999.000 -9999.000 -9999.000 -9999.000 -9999.000 -9999.000 -9999.000 -9999.000 -9999.000 -9999.000 -9999.000 -9999.000 -9999.000 -9999.000 -9999.000 -9999.000 -9999.000 -9999.000 -9999.000 -9999.000 -9999.000 -9999.000 -9999.000 -9999.000 -nan 157.770 150.809 213.684 104.957 283.287 247.650 70.014 159.494 251.147 185.475 148.350 128.509 124.627 130.201 134.110 138.970 157.752 173.582 162.520 179.138 217.181 221.295 171.133 219.399 187.903 166.376 197.299 164.635 220.152 177.571 137.515 135.232 175.333 194.798 111.643 47.340 128.867 216.817 212.239
-9999.000 -9999.000 -9999.000 -9999.000 -9999.000 -9999.000 -9999.000 -9999.000 -9999.000 -9999.000 -9999.000 -9999.000 -9999.000 -9999.000 -9999.000 -9999.000 -9999.000 -9999.000 -9999.000 -9999.000 -9999.000 -9999.000 -9999.000 -9999.000 -9999.000 -9999.000 -9999.000 -9999.000 -9999.000 -9999.000 -nan 162.748 99.963 163.115 165.382 242.969 132.120 -nan 78.199 271.651 174.337 145.198 128.535 127.446 125.167 125.257 127.624 127.421 136.591 142.028 152.120 184.157 200.687 201.324 215.204 169.139 152.191 198.968 214.172 217.742 168.603 138.344 138.731 161.181 216.039 142.471 183.091 134.504 197.003 191.765
-9999.000 -9999.000 -9999.000 -9999.000 -9999.000 -9999.000 -9999.000 -9999.000 -9999.000 -9999.000 -9999.000 -9999.000 -9999.000 -9999.000 -9999.000 -9999.000 -9999.000 -9999.000 -9999.000 -9999.000 -9999.000 -9999.000 -nan -nan -nan -nan -nan -9999.000 -9999.000 -9999.000 -nan 103.098 103.568 22.639 141.924 137.470 84.047 64.916 267.315 208.169 149.141 138.771 147.821 161.422 138.270 130.140 122.834 118.292 117.956 120.072 126.299 141.953 159.029 159.342 182.909 142.091 147.290 170.034 170.578 192.748 153.235 122.417 134.875 172.305 196.102 120.598 215.070 193.556 174.310 173.957
-9999.000 -9999.000 -9999.000 -9999.000 -9999.000 -9999.000 -9999.000 -9999.000 -9999.000 -9999.000 -9999.000 -9999.000 -9999.000 -9999.000 -9999.000 -9999.000 -9999.000 -9999.000 -9999.000 -9999.000 -9999.000 -nan -nan 201.554 234.882 164.281 -nan -nan -9999.000 -nan -nan 45.872 53.827 -nan 34.660 -nan -nan 113.104 210.386 181.075 145.604 141.838 169.335 192.720 158.911 152.163 141.171 126.712 115.629 118.332 119.742 131.638 133.248 140.524 142.197 139.011 137.094 140.525 141.069 145.565 128.265 114.082 140.059 197.713 187.002 168.514 216.537 187.821 163.386 178.512
-9999.000 -9999.000 -9999.000 -9999.000 -9999.000 -9999.000 -9999.000 -9999.000 -9999.000 -9999.000 -9999.000 -9999.000 -9999.000 -9999.000 -9999.000 -9999.000 -9999.000 -9999.000 -9999.000 -nan 202.078 -nan -nan 239.611 186.934 27.328 99.297 -nan -nan -nan -nan -nan -nan -nan -nan 41.179 210.471 253.473 198.203 159.997 152.546 183.462 209.974 209.557 196.142 204.082 162.077 155.646 128.758 114.674 112.873 117.714 119.245 118.776 115.411 115.385 114.235 112.119 114.397 115.479 109.412 114.586 145.005 199.261 199.459 219.448 192.582 165.504 153.940 174.916
-9999.000 -9999.000 -9999.000 -9999.000 -9999.000 -9999.000 -9999.000 -9999.000 -9999.000 -9999.000 -9999.000 -9999.000 -9999.000 -9999.000 -9999.000 -9999.000 -nan -nan -nan -nan 212.230 -nan 224.457 200.216 174.333 157.645 -nan 98.811 -nan 54.040 31.955 38.610 80.328 67.800 39.164 171.972 -nan 211.232 175.451 158.121 184.933 207.155 262.948 252.005 -nan 241.014 195.392 194.105 147.955 122.946 113.475 110.369 112.159 111.532 111.346 112.764 112.810 111.173 108.261 108.383 108.036 117.048 144.887 156.457 179.084 213.768 177.736 144.510 151.969 177.128
-9999.000 -9999.000 -9999.000 -9999.000 -9999.000 -9999.000 -9999.000 -9999.000 -9999.000 -9999.000 -9999.000 -9999.000 -9999.000 -9999.000 -9999.000 -9999.000 -nan -nan 210.768 212.757 -nan -nan 209.423 151.658 45.510 146.396 72.787 -nan 21.772 66.665 -nan -nan -nan 137.813 202.925 -nan 200.928 188.869 180.188 201.539 208.926 121.026 74.317 82.525 90.982 -nan 189.554 160.696 138.731 129.179 113.819 109.834 108.901 108.716 108.760 108.890 109.132 108.843 107.372 106.753 106.454 107.173 116.047 124.142 148.634 163.988 144.212 138.716 157.473 175.744
-9999.000 -9999.000 -9999.000 -9999.000 -9999.000 -9999.000 -9999.000 -9999.000 -9999.000 -9999.000 -9999.000 -9999.000 -9999.000 -9999.000 -9999.000 -nan -nan -nan 208.379 212.406 -nan -nan 188.086 139.042 45.889 18.602 163.952 43.108 94.058 -nan -nan 69.231 113.097 212.160 -nan 211.031 198.327 190.432 211.359 -nan 211.353 208.725 169.187 116.751 191.835 211.832 192.536 153.736 133.950 124.445 110.383 110.395 107.649 107.815 107.422 107.647 107.708 107.601 107.848 106.916 107.464 105.924 109.367 113.631 124.909 139.983 128.245 137.652 149.706 162.261
-9999.000 -9999.000 -9999.000 -9999.000 -9999.000 -9999.000 -9999.000 -9999.000 -9999.000 -9999.000 -9999.000 -9999.000 -9999.000 -9999.000 -nan -nan -nan -nan 209.928 -nan -nan -nan 178.096 129.324 30.862 14.667 42.126 112.100 54.783 19.385 -nan 35.797 177.952 289.110 208.385 211.382 -nan -nan 241.666 213.281 229.486 166.774 96.466 245.982 206.446 195.689 161.635 143.354 123.819 117.410 110.684 108.978 112.771 118.372 125.750 130.832 130.160 132.201 131.837 121.821 109.305 108.524 105.550 106.935 111.888 116.463 117.169 126.252 137.508 147.056
-9999.000 -9999.000 -9999.000 -9999.000 -9999.000 -9999.000 -9999.000 -9999.000 -9999.000 -9999.000 -9999.000 -9999.000 -9999.000 -nan -nan -nan -nan 210.352 211.604 -nan -nan -nan 196.454 139.337 34.304 43.539 78.123 122.251 22.743 -nan 59.705 65.021 180.466 -nan 210.670 -nan -nan 243.448 215.934 247.438 171.222 -nan -nan 211.937 183.824 170.884 145.716 132.521 116.957 112.327 110.930 117.562 127.108 133.223 138.789 149.859 151.720 153.914 145.865 128.252 113.805 108.505 107.059 105.236 106.962 109.080 114.030 122.015 126.702 134.767
-9999.000 -9999.000 -9999.000 -9999.000 -9999.000 -9999.000 -9999.000 -9999.000 -9999.000 -9999.000 -9999.000 -9999.000 -nan -nan -nan -nan 211.166 212.261 211.869 -nan -nan 213.505 183.965 145.427 53.219 34.652 18.331 -nan 32.292 -nan 62.924 35.701 163.977 -nan 211.683 213.035 219.903 199.257 157.036 72.269 50.494 217.897 208.306 197.786 180.347 159.466 133.164 125.475 116.183 111.256 115.053 126.219 149.324 156.144 172.400 180.687 195.197 188.040 163.421 146.943 126.795 117.524 108.087 108.126 106.108 106.176 107.414 108.150 112.749 118.338
-9999.000 -9999.000 -9999.000 -9999.000 -nan -9999.000 -9999.000 -9999.000 -9999.000 -9999.000 -9999.000 -nan -nan -nan -nan -nan 212.366 211.574 212.846 -nan -nan 215.183 183.697 130.813 10.280 -nan -nan -nan -nan -nan 27.497 -nan 125.290 253.347 198.734 198.159 204.113 -nan -nan 156.684 -nan 211.915 193.414 185.997 173.279 155.226 134.575 122.370 116.337 110.899 126.351 135.249 163.203 178.336 196.829 209.434 213.548 213.393 166.678 162.981 134.723 122.484 112.103 106.601 105.848 106.983 108.808 106.471 106.986 110.559
-9999.000 -9999.000 -9999.000 -9999.000 -nan -nan -nan -nan -nan -nan -nan -nan -nan -nan -nan 211.998 212.626 211.720 -nan -nan -nan 202.238 147.946 122.042 130.228 125.675 86.443 64.178 25.571 24.324 52.822 -nan -nan 235.463 180.098 113.957 -nan 77.769 -nan 211.378 212.444 202.607 180.013 173.713 167.853 148.006 128.975 118.696 113.791 114.321 130.328 150.981 176.938 201.831 215.071 216.564 205.707 189.912 167.533 146.592 122.807 115.715 109.637 112.316 111.607 111.672 106.660 107.695 105.982 106.799
-9999.000 -9999.000 -9999.000 -9999.000 -nan 17.966 141.682 172.163 142.504 -nan -nan -nan -nan -nan 211.738 212.616 209.751 208.930 212.685 -nan -nan 131.741 133.186 122.197 105.766 146.388 142.703 111.119 78.064 -nan -nan 134.415 102.995 206.330 117.528 -nan 68.197 224.908 211.814 209.716 202.299 195.337 180.292 173.669 163.518 140.343 121.214 113.877 113.098 121.731 140.697 157.747 191.450 209.372 302.607 213.605 190.508 163.037 146.404 143.590 127.561 115.786 108.454 118.743 119.456 120.272 111.797 107.500 107.405 108.155
-9999.000 -9999.000 -9999.000 -9999.000 -9999.000 -nan -nan -nan -nan -nan -nan -nan -nan -nan 212.558 210.863 201.198 200.376 212.286 -nan -nan -nan -nan -nan -nan 134.597 156.712 168.938 123.836 -nan -nan 210.059 111.957 132.030 81.676 -nan 181.295 -nan 205.657 192.747 175.887 181.518 159.906 145.886 139.281 132.662 113.691 111.799 121.637 125.908 146.867 169.478 200.866 213.182 -nan 213.017 162.621 142.986 130.770 126.241 119.181 115.616 114.060 128.426 130.529 130.512 127.437 122.531 111.886 108.908
-9999.000 -9999.000 -9999.000 -9999.000 -9999.000 -nan -nan -nan -nan -nan -nan -nan -nan -nan 211.679 205.339 195.321 196.261 212.251 -nan -nan -nan -nan -nan -nan -nan 174.663 200.015 135.165 47.672 72.752 147.972 142.789 -nan -nan 53.537 227.924 -nan 210.887 194.959 171.530 158.026 148.705 137.089 126.976 123.258 114.467 114.383 121.341 127.361 140.733 157.742 202.031 -nan -nan 210.421 178.707 158.766 138.623 127.127 118.244 113.775 119.959 127.314 143.796 142.679 139.245 127.695 117.500 116.670
-9999.000 -9999.000 -9999.000 -9999.000 -9999.000 -nan -nan -nan -nan -nan -nan -nan -nan 212.366 204.299 200.548 185.315 195.734 212.444 -nan 212.561 -nan 213.078 -nan -nan -nan -nan 139.038 76.979 96.197 139.375 124.454 43.536 57.369 239.480 -nan 211.528 212.018 212.342 202.165 174.972 159.276 140.196 131.239 119.768 117.131 114.330 118.064 121.627 125.007 139.858 158.790 202.657 213.082 144.803 -nan 213.381 176.847 142.391 125.262 115.870 116.618 131.756 136.650 155.933 158.409 143.184 131.684 127.392 123.886
-9999.000 -9999.000 -9999.000 -9999.000 -9999.000 -nan -nan -nan 212.317 212.497 -nan -nan -nan 212.621 203.146 193.404 178.291 188.675 212.157 -nan 208.422 212.707 212.327 211.858 -nan -nan -nan -nan -nan -nan -nan 231.128 -nan 244.902 211.079 211.726 211.020 199.544 195.148 201.566 167.663 153.985 139.766 125.646 118.749 116.486 115.114 125.350 130.606 137.847 149.237 167.002 197.326 212.346 -nan 214.152 177.892 163.853 139.923 122.271 116.542 125.712 143.446 147.697 156.672 163.658 146.602 135.690 132.757 129.117
-9999.000 -9999.000 -9999.000 -9999.000 -9999.000 -nan 211.980 212.404 209.381 212.160 212.147 212.598 212.420 206.222 194.535 185.583 171.518 175.618 189.800 201.024 193.855 199.788 200.669 211.953 -nan -nan -nan -nan -nan -nan -nan -nan -nan 211.033 209.445 203.386 193.194 179.043 180.639 170.849 150.711 143.956 133.385 117.021 116.515 115.388 118.054 139.538 158.207 156.726 151.697 165.839 199.070 211.803 212.967 213.055 164.682 149.983 124.096 118.316 121.139 135.271 157.741 168.377 175.961 176.187 157.386 153.725 145.364 128.289
