tests/3D/example/results/output_maps/SWEN0022.asc
ncols         174
nrows         141
xllcorner     744500.000000
yllcorner     5140950.000000
cellsize      250.000000
NODATA_value  -9999.0
[rows 31 to 61 of 141, columns 71 to 141 of 174]
0.000 0.000 0.000 0.000 0.000 0.000 0.000 0.000 0.000 0.000 0.000 0.113 0.831 1.377 1.513 1.483 1.442 0.827 0.000 0.000 0.000 0.000 0.000 0.000 0.000 0.000 0.000 0.000 0.000 0.000 0.000 0.065 1.278 1.186 0.134 0.000 0.000 0.000 0.000 0.000 0.000 0.000 0.000 0.000 0.000 0.000 0.000 0.000 0.000 0.000 0.000 0.000 0.000 0.000 0.000 0.000 0.000 0.000 0.000 0.188 0.168 0.490 0.494 0.561 0.862 0.201 0.000 0.000 0.000 0.000 0.000
0.000 0.000 0.000 0.000 0.000 0.000 0.000 0.000 0.000 0.000 0.000 0.538 0.851 1.361 1.543 1.579 1.540 1.194 0.150 0.039 0.000 0.000 0.000 0.000 0.000 0.000 0.000 0.000 0.000 0.000 0.000 0.044 1.277 1.634 1.363 0.464 0.000 0.000 0.000 0.000 0.000 0.000 0.000 0.000 0.000 0.000 0.000 0.000 0.000 0.000 0.000 0.000 0.000 0.000 0.000 0.000 0.000 0.223 0.055 0.542 0.677 0.695 0.706 0.788 0.833 0.000 0.000 0.000 0.000 0.000 0.000
0.000 0.000 0.000 0.000 0.000 0.000 0.000 0.000 0.000 0.000 0.000 0.000 0.465 1.267 1.495 1.572 1.628 1.428 1.216 0.210 0.000 0.000 0.000 0.000 0.000 0.000 0.000 0.000 0.000 0.000 0.381 1.135 1.861 1.553 1.564 1.396 1.283 0.967 0.531 0.000 0.000 0.000 0.000 0.000 0.000 0.000 0.000 0.000 0.000 0.000 0.000 0.000 0.000 0.000 0.000 0.000 0.000 0.243 0.168 0.412 0.509 0.943 1.135 1.152 0.332 0.000 0.000 0.000 0.000 0.000 0.000
0.000 0.000 0.000 0.000 0.000 0.000 0.000 0.000 0.000 0.000 0.000 0.241 0.792 1.283 1.476 1.529 1.662 1.603 1.313 0.000 0.000 0.000 0.000 0.000 0.000 0.000 0.000 0.000 0.000 0.639 1.176 1.836 1.702 0.893 0.885 0.449 0.687 0.000 0.000 0.000 0.000 0.000 0.000 0.000 0.000 0.000 0.000 0.000 0.000 0.000 0.000 0.000 0.000 0.000 0.000 0.000 0.000 0.000 0.216 0.353 0.414 1.223 1.182 1.178 0.835 0.000 0.000 0.000 0.000 0.000 0.000
0.000 0.000 0.000 0.000 0.000 0.000 0.000 0.000 0.000 0.000 0.000 0.000 0.000 0.867 1.308 1.492 1.705 1.674 1.369 0.018 0.000 0.000 0.000 0.000 0.000 0.000 0.000 0.000 0.000 1.142 1.575 1.980 1.552 0.345 0.000 0.000 0.000 0.000 0.000 0.000 0.000 0.000 0.000 0.000 0.000 0.000 0.000 0.000 0.000 0.000 0.000 0.000 0.000 0.000 0.000 0.000 0.000 0.000 0.000 0.000 0.000 0.000 0.964 1.269 1.248 0.000 0.000 0.000 0.000 0.000 0.000
0.000 0.000 0.000 0.000 0.000 0.000 0.000 0.000 0.000 0.000 0.000 0.000 0.000 0.160 0.779 1.501 1.706 1.724 1.491 0.967 0.041 0.000 0.000 0.000 0.000 0.000 0.000 0.000 0.000 1.263 1.926 1.835 1.415 0.018 0.000 0.000 0.000 0.000 0.000 0.000 0.000 0.000 0.000 0.000 0.000 0.000 0.000 0.000 0.000 0.000 0.000 0.000 0.000 0.000 0.000 0.000 0.000 0.000 0.000 0.000 0.000 0.000 0.795 1.263 0.989 0.000 0.000 0.000 0.000 0.000 0.000
0.000 0.000 0.000 0.000 0.000 0.000 0.000 0.000 0.000 0.000 0.000 0.000 0.000 0.000 0.661 1.463 1.685 1.740 1.709 1.416 1.288 0.829 0.213 0.000 0.000 0.000 0.000 0.000 0.516 1.381 2.029 1.822 1.421 0.058 0.000 0.000 0.000 0.000 0.000 0.000 0.000 0.000 0.000 0.000 0.000 0.000 0.000 0.000 0.000 0.000 0.000 0.000 0.000 0.000 0.000 0.000 0.000 0.000 0.000 0.000 0.000 0.000 0.330 1.406 0.427 0.000 0.000 0.000 0.000 0.000 0.000
0.000 0.000 0.000 0.000 0.000 0.000 0.000 0.000 0.000 0.000 0.000 0.000 0.000 0.214 0.760 1.502 1.682 1.743 1.819 1.734 1.684 1.316 1.201 0.052 0.000 0.000 0.000 0.000 0.577 1.393 1.944 1.993 1.578 0.432 0.000 0.000 0.000 0.000 0.000 0.000 0.000 0.000 0.000 0.000 0.000 0.000 0.000 0.077 0.000 0.000 0.000 0.000 0.000 0.000 0.000 0.000 0.000 0.000 0.000 0.000 0.000 0.000 0.000 1.641 1.228 0.000 0.000 0.000 0.000 0.000 0.000
0.000 0.000 0.000 0.000 0.000 0.000 0.000 0.000 0.000 0.000 0.000 0.000 0.000 0.559 1.273 1.460 1.551 1.717 1.768 1.885 1.688 1.608 1.645 1.362 1.151 0.000 0.000 0.223 0.583 1.377 2.056 2.052 1.659 0.254 0.000 0.000 0.000 0.000 0.000 0.000 0.000 0.000 0.000 0.000 0.000 0.000 0.179 0.993 0.084 0.000 0.000 0.000 0.000 0.017 0.000 0.000 0.000 0.000 0.000 0.000 0.000 0.000 0.686 1.848 0.169 0.000 0.000 0.000 0.000 0.000 0.000
0.000 0.000 0.000 0.000 0.000 0.000 0.000 0.000 0.000 0.000 0.000 0.000 0.000 0.148 0.325 1.290 1.371 1.618 1.804 1.918 1.784 1.952 1.916 1.611 1.331 0.729 0.147 0.298 0.710 1.448 2.138 2.031 1.683 0.559 0.000 0.000 0.000 0.000 0.000 0.000 0.000 0.000 0.000 0.000 0.000 0.000 0.000 1.256 1.190 0.000 0.000 0.130 1.210 0.184 0.000 0.000 0.000 0.000 0.000 0.000 0.000 0.000 1.159 1.641 0.000 0.000 0.000 0.000 0.000 0.000 0.000
0.000 0.000 0.000 0.000 0.000 0.000 0.000 0.000 0.000 0.000 0.000 0.000 0.000 0.000 0.000 0.252 0.641 1.420 1.653 1.827 2.022 2.114 2.052 1.789 1.773 1.481 1.327 1.139 1.234 1.587 2.227 2.130 1.808 0.726 0.000 0.089 1.194 0.000 0.000 0.000 0.000 0.000 0.000 0.000 0.000 0.000 0.000 0.601 1.417 1.215 0.000 0.376 1.476 0.991 0.815 0.000 0.000 0.000 0.000 0.000 0.000 0.413 1.841 0.990 0.000 0.000 0.000 0.000 0.000 0.000 0.000
0.000 0.000 0.000 0.000 0.000 0.000 0.000 0.000 0.000 0.000 0.000 0.000 0.000 0.000 0.000 0.000 0.000 1.290 1.488 1.773 1.869 1.953 2.010 2.087 1.904 1.765 1.499 1.441 1.352 1.746 2.363 2.166 1.878 0.868 0.000 1.263 1.529 0.229 0.000 0.000 0.000 0.000 0.000 0.000 0.000 0.000 0.000 0.000 1.429 1.382 0.130 0.844 1.522 1.353 1.224 0.044 0.000 0.000 0.000 0.013 0.000 0.759 2.026 0.952 0.000 0.000 0.000 0.000 0.000 0.000 0.171
0.000 0.000 0.000 0.000 0.000 0.000 0.000 0.000 0.000 0.000 0.000 0.000 0.000 0.000 0.000 0.000 0.135 0.830 1.446 1.488 1.639 1.941 2.048 2.125 2.155 2.056 2.089 1.820 1.666 1.981 2.381 2.229 1.874 1.278 0.935 2.151 1.655 0.646 0.000 0.000 0.000 0.000 0.000 0.000 0.000 0.000 0.000 0.229 1.287 1.873 1.523 1.144 1.355 1.840 1.670 1.404 1.199 0.843 0.209 0.833 0.814 1.506 2.155 1.459 0.601 0.000 0.000 0.000 0.000 0.351 0.000
0.000 0.000 0.000 0.000 0.000 0.000 0.000 0.000 0.000 0.000 0.000 0.000 0.000 0.000 0.000 0.000 0.000 0.185 1.329 1.341 1.724 1.876 1.988 2.112 2.185 2.309 2.368 2.168 2.272 2.154 2.460 2.240 1.998 1.443 1.724 2.302 1.550 0.000 0.000 0.000 0.000 0.000 0.000 0.000 0.000 0.000 0.000 0.805 1.312 2.180 1.473 1.178 1.286 2.048 2.134 1.783 1.591 1.384 1.153 1.511 2.270 2.305 2.158 2.023 1.609 0.580 0.074 0.000 0.000 1.416 0.000
0.000 0.000 0.000 0.000 0.000 0.000 0.000 0.000 0.000 0.000 0.000 0.000 0.000 0.000 0.000 0.000 0.000 0.358 0.919 1.357 1.634 1.463 1.510 1.850 1.945 2.186 2.345 2.394 2.446 2.471 2.548 2.294 2.139 2.072 2.464 2.145 1.714 1.386 0.245 0.000 0.000 0.000 0.000 0.000 0.000 0.473 0.858 1.284 1.979 1.990 1.335 1.123 1.496 2.001 2.251 1.962 1.907 1.842 2.082 2.412 2.251 1.924 1.865 2.122 2.249 2.209 1.559 1.162 1.404 1.235 0.407
0.000 0.000 0.000 0.000 0.000 0.000 0.000 0.000 0.000 0.000 0.000 0.000 0.000 0.000 0.000 0.000 0.000 0.148 0.687 1.480 1.525 0.674 0.843 1.498 1.691 2.014 2.255 2.340 2.354 2.392 2.526 2.619 2.445 2.570 2.521 2.376 2.297 1.584 0.407 0.000 0.000 0.000 0.000 0.000 0.281 1.366 1.628 1.866 2.446 2.040 1.337 1.407 1.539 1.825 1.931 2.353 2.545 2.513 2.429 2.242 1.941 1.337 1.364 1.824 1.932 1.509 1.792 2.157 1.893 1.253 0.000
0.000 0.000 0.000 0.000 0.000 0.000 0.000 0.000 0.000 0.000 0.000 0.000 0.000 0.000 0.000 0.000 0.000 0.000 0.502 1.376 1.125 0.000 0.000 0.137 1.148 1.673 1.918 2.208 2.223 2.313 2.405 2.567 2.716 2.601 2.548 2.509 2.345 1.730 1.317 0.000 0.000 0.000 0.000 0.000 0.096 1.470 1.732 2.100 2.631 2.226 1.787 1.793 1.875 1.961 2.251 2.628 2.513 2.444 2.332 2.116 1.606 0.000 0.000 1.453 1.147 0.000 0.000 1.321 2.007 1.696 1.180
0.000 0.000 0.000 0.000 0.000 0.000 0.000 0.000 0.000 0.000 0.000 0.000 0.000 0.000 0.000 0.000 0.000 0.000 0.353 1.149 0.976 0.000 0.000 0.000 0.490 1.448 1.661 1.853 1.943 2.312 2.375 2.551 2.671 2.783 2.627 2.542 2.366 1.898 1.519 0.000 0.000 0.000 0.000 0.000 0.000 1.376 1.885 2.304 2.805 2.254 2.057 2.035 2.240 2.687 2.701 2.530 2.484 2.441 2.288 1.871 0.879 0.000 0.000 0.897 0.000 0.000 0.000 1.417 1.969 2.143 1.899
0.000 0.000 0.000 0.000 0.000 0.000 0.000 0.000 0.000 0.000 0.000 0.000 0.000 0.000 0.000 0.000 0.000 0.000 0.056 0.000 0.000 0.000 0.000 0.000 0.000 0.181 0.419 1.453 1.536 1.835 2.123 2.550 2.659 2.785 2.782 2.638 2.535 2.294 2.121 1.439 0.009 0.000 0.000 0.000 0.000 1.250 1.843 2.347 2.786 2.438 2.350 2.477 2.809 2.709 2.616 2.413 2.440 2.405 2.143 1.370 0.000 0.000 0.000 0.000 0.000 0.000 0.000 1.405 1.610 1.990 2.007
0.000 0.000 0.000 0.000 0.000 0.000 0.000 0.000 0.000 0.000 0.000 0.000 0.000 0.000 0.000 0.000 0.000 0.000 0.000 0.000 0.000 0.000 0.000 0.056 0.425 0.000 0.004 0.445 0.733 1.632 1.975 2.439 2.609 2.692 2.944 2.732 2.548 2.361 2.268 1.785 1.324 0.000 0.000 0.965 1.263 1.708 1.925 2.216 2.411 2.675 2.664 2.916 2.754 2.656 2.626 2.419 2.294 2.154 1.941 0.538 0.000 0.000 0.000 0.000 0.000 0.000 0.000 0.393 1.318 1.874 1.921
0.000 0.000 0.000 0.000 0.000 0.000 0.000 0.000 0.000 0.000 0.000 0.000 0.000 0.000 0.000 0.000 0.000 0.000 0.000 0.000 0.000 0.000 0.000 0.520 0.573 0.527 1.139 0.537 0.320 0.874 1.677 2.016 2.407 2.669 2.828 2.998 2.779 2.620 2.605 2.401 2.188 1.368 1.575 1.874 2.124 2.142 2.131 2.249 2.591 2.970 3.005 2.875 2.730 2.611 2.587 2.507 1.860 1.688 1.186 0.000 0.000 0.000 0.000 0.000 0.000 0.000 0.000 0.000 0.226 0.784 1.485
0.000 0.000 0.000 0.000 0.000 0.000 0.000 0.000 0.000 0.000 0.000 0.000 0.000 0.000 0.000 0.000 0.000 0.000 0.000 0.000 0.000 0.000 0.264 0.703 0.839 1.223 1.417 1.305 0.987 0.722 1.309 1.703 2.187 2.713 2.801 2.950 3.116 2.891 2.901 2.709 2.484 1.839 2.048 2.140 2.258 2.399 2.645 2.912 3.107 3.091 3.034 2.892 2.832 2.638 2.559 2.435 2.095 0.748 0.000 0.000 0.000 0.000 0.000 0.000 0.000 0.000 0.000 0.000 0.000 0.052 0.018
0.000 0.000 0.000 0.000 0.000 0.000 0.000 0.000 0.000 0.000 0.000 0.000 0.000 0.612 0.175 0.121 0.000 0.000 0.000 0.098 0.346 0.670 1.240 1.249 1.195 1.513 1.894 1.682 1.491 1.825 1.577 1.758 2.069 2.701 2.762 2.910 3.029 3.171 2.975 2.984 2.532 2.273 2.408 2.469 2.647 3.192 3.228 3.199 3.212 3.173 3.038 2.975 2.849 2.543 2.155 1.661 1.501 0.431 0.000 0.000 0.000 0.000 0.000 0.000 0.000 0.000 0.000 0.000 0.000 0.000 0.451
0.000 0.000 0.000 0.000 0.000 0.000 0.000 0.000 0.000 0.000 0.000 0.000 0.000 1.266 0.288 0.000 0.000 0.000 0.000 0.000 0.193 0.957 1.240 1.294 1.481 2.103 2.443 2.257 2.289 2.035 2.169 1.927 2.017 2.461 2.581 2.961 2.929 3.193 3.212 3.067 2.632 2.723 2.931 3.294 3.339 3.262 3.135 3.136 3.129 3.255 3.056 2.997 2.863 2.517 1.880 0.933 0.077 0.000 0.000 0.000 0.000 0.000 0.000 0.000 0.000 0.000 0.000 0.000 0.000 0.000 0.263
0.168 0.000 0.000 0.000 0.000 0.000 0.000 0.000 0.000 0.000 0.000 0.000 0.356 1.313 0.140 0.000 0.000 0.000 0.000 0.000 0.836 1.184 1.356 1.547 1.832 1.950 2.172 2.525 2.816 2.543 2.838 2.484 2.494 2.649 2.682 3.056 2.832 3.049 3.365 3.341 3.173 3.385 3.426 3.381 3.263 3.171 3.151 3.173 3.106 3.247 3.237 2.941 2.917 2.656 2.519 1.660 0.051 0.000 0.000 0.000 0.000 0.000 0.000 0.000 0.000 0.000 0.000 0.000 0.000 0.000 0.284
0.201 0.000 0.000 0.000 0.000 0.294 0.000 0.000 0.000 0.000 0.000 0.000 1.566 1.171 0.127 0.000 0.000 0.000 0.000 0.000 1.274 1.252 1.623 1.743 1.827 1.803 1.882 2.309 2.574 2.903 3.040 3.256 3.317 2.863 2.696 2.709 2.618 2.889 3.451 3.503 3.515 3.483 3.370 3.276 3.323 3.239 3.133 3.106 3.084 3.244 3.401 3.156 3.084 3.049 2.503 1.704 0.802 0.000 0.000 0.000 0.000 0.000 0.000 0.000 0.000 0.000 0.000 0.000 0.000 0.000 0.200
0.126 0.000 0.000 0.000 0.075 0.297 0.000 0.000 0.014 0.100 0.000 1.331 1.571 0.828 0.000 0.000 0.000 0.000 0.000 0.000 0.840 1.662 1.456 1.493 1.711 1.288 1.501 1.695 2.265 2.519 2.645 3.020 3.164 3.299 3.314 3.114 2.949 3.483 3.588 3.591 3.542 3.432 3.361 3.316 3.335 3.013 2.979 3.047 2.835 3.278 3.483 3.423 3.085 2.906 2.774 1.655 1.358 0.060 0.000 0.000 0.000 0.000 0.000 0.000 0.000 0.000 0.000 0.000 0.000 0.000 0.537
0.352 0.210 0.177 0.227 0.369 0.351 0.094 0.601 0.971 0.984 0.628 1.734 1.478 0.243 0.000 0.000 0.000 0.000 0.000 0.261 0.720 1.835 1.307 1.385 1.613 1.475 1.152 2.042 2.430 1.882 1.946 2.716 3.173 3.213 3.432 3.564 3.646 3.681 3.671 3.619 3.526 3.438 3.353 3.248 3.242 2.998 2.728 3.002 3.208 3.402 3.462 3.544 3.453 3.092 2.818 2.370 2.129 1.546 0.630 0.000 0.000 0.000 0.000 0.000 0.000 0.000 0.000 0.000 0.000 0.943 1.331
0.128 0.360 0.416 0.409 0.576 0.666 0.738 0.966 1.273 0.998 1.167 1.747 1.497 0.000 0.000 0.000 0.000 0.025 0.889 1.231 1.916 1.981 1.795 1.718 1.830 1.618 1.667 1.726 1.416 1.745 2.200 2.742 2.954 3.119 3.599 3.257 3.532 3.750 3.741 3.538 3.440 3.258 3.245 3.134 2.766 2.481 2.007 2.134 2.525 3.353 3.353 3.526 3.593 3.400 2.965 2.210 1.619 0.256 0.000 0.000 0.000 0.000 0.000 0.000 0.000 0.000 0.000 0.221 0.388 1.347 1.570
0.000 0.190 0.568 0.737 0.807 0.912 1.184 1.248 1.402 1.235 1.541 1.628 1.465 0.893 0.961 0.308 0.954 1.252 1.853 2.306 2.641 2.306 1.943 1.831 1.703 1.270 1.531 1.346 2.322 3.063 3.404 3.599 3.604 3.765 3.281 3.311 3.321 3.815 3.715 3.039 2.556 2.141 2.126 2.092 2.138 1.643 1.597 1.481 1.701 3.227 3.025 3.305 3.586 3.622 3.028 2.050 0.695 0.000 0.000 0.000 0.000 0.000 0.000 0.000 0.000 0.000 0.235 0.876 1.295 1.656 1.826
0.221 0.806 0.834 0.860 0.953 1.206 1.291 1.387 1.482 1.512 1.735 1.679 1.504 1.631 1.789 1.306 1.485 1.980 2.457 2.682 2.550 2.021 1.700 1.116 0.320 0.000 0.000 0.572 1.667 2.595 2.796 3.205 3.479 3.880 3.280 3.194 2.981 3.679 3.327 1.804 0.013 0.000 0.000 0.000 0.000 0.000 0.000 0.000 0.000 2.111 2.052 2.475 3.157 3.767 3.035 1.898 0.000 0.000 0.000 0.000 0.000 0.000 0.000 0.000 0.000 0.000 0.000 0.369 0.507 0.981 1.588
