tests/3D/WG1_2.0_001/output-maps-SE27XX/PrecSNOWN0079.asc
ncols         17
nrows         27
xllcorner     624603.750000
yllcorner     5171346.250000
cellsize      500.000000
NODATA_value  -9999.0
-9999.0 -9999.0 -9999.0 -9999.0 -9999.0 -9999.0 -9999.0 -9999.0 -9999.0 -9999.0 -9999.0 -9999.0 -9999.0 -9999.0 -9999.0 -9999.0 -9999.0
-9999.0 -9999.0 -9999.0 -9999.0 -9999.0 -9999.0 -9999.0 -9999.0 -9999.0 -9999.0 -9999.0 0.274390 0.246097 0.328292 -9999.0 -9999.0 -9999.0
-9999.0 -9999.0 -9999.0 -9999.0 -9999.0 -9999.0 -9999.0 -9999.0 -9999.0 0.121585 0.185571 0.264593 0.244644 0.311513 0.264490 -9999.0 -9999.0
-9999.0 -9999.0 -9999.0 -9999.0 -9999.0 -9999.0 -9999.0 -9999.0 0.140207 0.182171 0.184400 0.258987 0.246954 0.186542 0.340292 -9999.0 -9999.0
-9999.0 -9999.0 -9999.0 -9999.0 -9999.0 -9999.0 -9999.0 -9999.0 0.146089 0.190312 0.135387 0.257652 0.258187 0.261701 0.332020 -9999.0 -9999.0
-9999.0 -9999.0 -9999.0 -9999.0 -9999.0 -9999.0 -9999.0 0.124916 0.145257 0.145938 0.209842 0.247127 0.263612 0.296298 0.304008 -9999.0 -9999.0
-9999.0 -9999.0 -9999.0 -9999.0 -9999.0 -9999.0 0.078736 0.123969 0.120443 0.140815 0.096899 0.184225 0.255276 0.296758 0.335506 -9999.0 -9999.0
-9999.0 -9999.0 -9999.0 -9999.0 -9999.0 -9999.0 0.085590 0.098932 0.114314 0.133407 0.138227 0.106833 0.193871 0.262369 0.186610 -9999.0 -9999.0
-9999.0 -9999.0 -9999.0 -9999.0 -9999.0 -9999.0 0.072691 0.079555 0.110269 0.097985 0.166083 0.175888 0.223236 0.236526 0.197545 -9999.0 -9999.0
-9999.0 -9999.0 -9999.0 -9999.0 -9999.0 -9999.0 -9999.0 0.090062 0.089779 0.105629 0.112976 0.143240 0.187567 0.121278 0.232247 -9999.0 -9999.0
-9999.0 -9999.0 -9999.0 -9999.0 -9999.0 -9999.0 0.064419 0.067453 0.090225 0.102229 0.111747 0.130594 0.138397 0.185654 0.238300 0.241017 -9999.0
-9999.0 -9999.0 -9999.0 -9999.0 -9999.0 0.043257 0.052234 0.063061 0.079948 0.081643 0.104468 0.118942 0.106695 0.174492 0.182036 0.240148 -9999.0
-9999.0 -9999.0 -9999.0 0.025066 0.018912 0.033722 0.043393 0.058142 0.067285 0.083522 0.100501 0.095481 0.094805 0.164879 0.184586 0.179347 -9999.0
-9999.0 -9999.0 -9999.0 0.022631 0.022369 0.035128 0.032664 0.048179 0.053244 0.056411 0.075002 0.100686 0.092530 0.117398 0.150458 0.175240 -9999.0
-9999.0 -9999.0 0.014931 0.017893 0.022697 0.020301 0.033357 0.040548 0.046512 0.062951 0.072554 0.073798 0.098379 0.107314 0.071050 0.138627 -9999.0
-9999.0 0.008736 0.010107 0.013669 0.013959 0.018229 0.028971 0.034788 0.040587 0.035851 0.049034 0.078659 0.045991 0.102013 0.118533 -9999.0 -9999.0
-9999.0 0.006418 0.007937 0.009374 0.011765 0.015950 0.018664 0.023189 0.037777 0.036995 0.035472 0.048405 0.056743 0.066495 0.094965 0.091018 -9999.0
-9999.0 0.004434 0.004227 0.006222 0.008701 0.013344 0.016218 0.021183 0.028177 0.027507 0.039947 0.047417 0.060960 0.066794 0.093609 -9999.0 -9999.0
-9999.0 0.002130 0.003154 0.004361 0.007365 0.010544 0.014995 0.018041 0.022718 0.028801 0.035534 0.048565 0.048135 0.062638 -9999.0 -9999.0 -9999.0
-9999.0 -9999.0 0.001059 0.002875 0.005218 0.007582 0.009946 0.014234 0.023751 0.024152 0.037193 0.036917 0.051985 0.053962 -9999.0 -9999.0 -9999.0
-9999.0 -9999.0 0.000494 0.002088 0.003616 0.006595 0.007631 0.012169 0.017431 0.024770 0.026917 0.034869 0.045816 -9999.0 -9999.0 -9999.0 -9999.0
-9999.0 -9999.0 -9999.0 -9999.0 0.004147 0.006514 0.010863 0.012596 0.016840 0.024852 0.028021 0.032633 0.036790 -9999.0 -9999.0 -9999.0 -9999.0
-9999.0 -9999.0 -9999.0 -9999.0 -9999.0 0.006012 0.008854 0.012342 0.016149 0.017741 0.024760 0.023661 0.035517 0.041914 -9999.0 -9999.0 -9999.0
-9999.0 -9999.0 -9999.0 -9999.0 -9999.0 -9999.0 0.008744 0.011672 0.016335 0.019723 0.024100 0.027470 0.034869 0.035904 0.040810 -9999.0 -9999.0
-9999.0 -9999.0 -9999.0 -9999.0 -9999.0 -9999.0 -9999.0 0.009466 0.014149 0.017060 0.021646 0.027211 0.032381 0.034577 -9999.0 -9999.0 -9999.0
-9999.0 -9999.0 -9999.0 -9999.0 -9999.0 -9999.0 -9999.0 -9999.0 0.011350 0.015700 0.019201 0.023107 0.028710 0.035582 0.025921 -9999.0 -9999.0
-9999.0 -9999.0 -9999.0 -9999.0 -9999.0 -9999.0 -9999.0 -9999.0 -9999.0 -9999.0 -9999.0 -9999.0 -9999.0 -9999.0 -9999.0 -9999.0 -9999.0