tests/3D/WG1_2.0_001/output-maps-SE27XX/PrecSNOWN0057.asc
ncols         17
nrows         27
xllcorner     624603.750000
yllcorner     5171346.250000
cellsize      500.000000
NODATA_value  -9999.0
-9999.0 -9999.0 -9999.0 -9999.0 -9999.0 -9999.0 -9999.0 -9999.0 -9999.0 -9999.0 -9999.0 -9999.0 -9999.0 -9999.0 -9999.0 -9999.0 -9999.0
-9999.0 -9999.0 -9999.0 -9999.0 -9999.0 -9999.0 -9999.0 -9999.0 -9999.0 -9999.0 -9999.0 1.232711 1.089278 1.434872 -9999.0 -9999.0 -9999.0
-9999.0 -9999.0 -9999.0 -9999.0 -9999.0 -9999.0 -9999.0 -9999.0 -9999.0 0.568025 0.849105 1.188809 1.082045 1.359630 1.141807 -9999.0 -9999.0
-9999.0 -9999.0 -9999.0 -9999.0 -9999.0 -9999.0 -9999.0 -9999.0 0.674428 0.854669 0.846156 1.165611 1.093111 0.814210 1.468261 -9999.0 -9999.0
-9999.0 -9999.0 -9999.0 -9999.0 -9999.0 -9999.0 -9999.0 -9999.0 0.708485 0.898596 0.624290 1.163790 1.145755 1.144215 1.434077 -9999.0 -9999.0
-9999.0 -9999.0 -9999.0 -9999.0 -9999.0 -9999.0 -9999.0 0.632367 0.712180 0.695266 0.974652 1.122755 1.175243 1.300222 1.316885 -9999.0 -9999.0
-9999.0 -9999.0 -9999.0 -9999.0 -9999.0 -9999.0 0.420948 0.638077 0.598896 0.678868 0.454572 0.843985 1.146058 1.309916 1.460588 -9999.0 -9999.0
-9999.0 -9999.0 -9999.0 -9999.0 -9999.0 -9999.0 0.468553 0.519773 0.578575 0.653023 0.656980 0.494960 0.878851 1.167898 0.818389 -9999.0 -9999.0
-9999.0 -9999.0 -9999.0 -9999.0 -9999.0 -9999.0 0.409463 0.428548 0.570411 0.488839 0.802568 0.826781 1.024924 1.064759 0.875062 -9999.0 -9999.0
-9999.0 -9999.0 -9999.0 -9999.0 -9999.0 -9999.0 -9999.0 0.499923 0.476848 0.539362 0.557232 0.685618 0.875124 0.553860 1.042181 -9999.0 -9999.0
-9999.0 -9999.0 -9999.0 -9999.0 -9999.0 -9999.0 0.390766 0.387973 0.494549 0.536773 0.565001 0.639042 0.658604 0.863080 1.086734 1.082270 -9999.0
-9999.0 -9999.0 -9999.0 -9999.0 -9999.0 0.292978 0.332013 0.378117 0.454739 0.443047 0.543968 0.597577 0.519932 0.828800 0.846535 1.097834 -9999.0
-9999.0 -9999.0 -9999.0 0.210369 0.146661 0.242608 0.291093 0.365798 0.399488 0.470953 0.541600 0.494760 0.475071 0.803245 0.878483 0.837474 -9999.0
-9999.0 -9999.0 -9999.0 0.206916 0.187351 0.270739 0.233014 0.320210 0.332003 0.332359 0.420452 0.540632 0.478865 0.588961 0.735538 0.838722 -9999.0
-9999.0 -9999.0 0.166538 0.180324 0.207394 0.169098 0.255003 0.286651 0.306483 0.389715 0.425266 0.412552 0.528115 0.556644 0.358121 0.682404 -9999.0
-9999.0 0.123745 0.127473 0.153725 0.140596 0.165549 0.239152 0.263342 0.284313 0.234484 0.302009 0.459913 0.257176 0.549261 0.618252 -9999.0 -9999.0
-9999.0 0.106274 0.114992 0.119111 0.131941 0.159239 0.167545 0.174304 0.268007 0.256913 0.230638 0.297287 0.331852 0.373020 0.514352 0.478729 -9999.0
-9999.0 0.087701 0.071482 0.090395 0.101563 0.124068 0.125363 0.149673 0.209448 0.203706 0.275306 0.307066 0.374201 0.391715 0.528159 -9999.0 -9999.0
-9999.0 0.051489 0.060677 0.058328 0.073987 0.090787 0.118303 0.141943 0.193226 0.228220 0.260416 0.332650 0.311074 0.385142 -9999.0 -9999.0 -9999.0
-9999.0 -9999.0 0.017594 0.035541 0.056886 0.081649 0.105332 0.148893 0.222339 0.205218 0.290514 0.268084 0.354511 0.348679 -9999.0 -9999.0 -9999.0
-9999.0 -9999.0 0.007329 0.031454 0.056588 0.100787 0.099656 0.138613 0.176282 0.225868 0.224338 0.268819 0.330217 -9999.0 -9999.0 -9999.0 -9999.0
-9999.0 -9999.0 -9999.0 -9999.0 0.085311 0.110201 0.155390 0.155860 0.183738 0.243050 0.249185 0.267198 0.280450 -9999.0 -9999.0 -9999.0 -9999.0
-9999.0 -9999.0 -9999.0 -9999.0 -9999.0 0.111475 0.137782 0.165117 0.189499 0.185725 0.234664 0.205650 0.286318 0.316545 -9999.0 -9999.0 -9999.0
-9999.0 -9999.0 -9999.0 -9999.0 -9999.0 -9999.0 0.146724 0.167795 0.205247 0.220314 0.242907 0.253077 0.297003 0.285618 0.305923 -9999.0 -9999.0
-9999.0 -9999.0 -9999.0 -9999.0 -9999.0 -9999.0 -9999.0 0.145176 0.189352 0.202546 0.231330 0.265146 0.290960 0.289420 -9999.0 -9999.0 -9999.0
-9999.0 -9999.0 -9999.0 -9999.0 -9999.0 -9999.0 -9999.0 -9999.0 0.160836 0.197216 0.216808 0.237472 0.271558 0.312855 0.213748 -9999.0 -9999.0
-9999.0 -9999.0 -9999.0 -9999.0 -9999.0 -9999.0 -9999.0 -9999.0 -9999.0 -9999.0 -9999.0 -9999.0 -9999.0 -9999.0 -9999.0 -9999.0 -9999.0