tests/3D/WG1_2.0_001/output-maps-SE27XX/PrecTOTALN0030.asc
ncols         17
nrows         27
xllcorner     624603.750000
yllcorner     5171346.250000
cellsize      500.000000
NODATA_value  -9999.0
-9999.0 -9999.0 -9999.0 -9999.0 -9999.0 -9999.0 -9999.0 -9999.0 -9999.0 -9999.0 -9999.0 -9999.0 -9999.0 -9999.0 -9999.0 -9999.0 -9999.0
-9999.0 -9999.0 -9999.0 -9999.0 -9999.0 -9999.0 -9999.0 -9999.0 -9999.0 -9999.0 -9999.0 0.284890 0.254237 0.337375 -9999.0 -9999.0 -9999.0
-9999.0 -9999.0 -9999.0 -9999.0 -9999.0 -9999.0 -9999.0 -9999.0 -9999.0 0.127328 0.193520 0.274617 0.252588 0.319849 0.270042 -9999.0 -9999.0
-9999.0 -9999.0 -9999.0 -9999.0 -9999.0 -9999.0 -9999.0 -9999.0 0.147372 0.190800 0.192330 0.268833 0.254976 0.191499 0.347284 -9999.0 -9999.0
-9999.0 -9999.0 -9999.0 -9999.0 -9999.0 -9999.0 -9999.0 -9999.0 0.153590 0.199410 0.141288 0.267620 0.266752 0.268819 0.339007 -9999.0 -9999.0
-9999.0 -9999.0 -9999.0 -9999.0 -9999.0 -9999.0 -9999.0 0.131706 0.152773 0.153017 0.219192 0.256985 0.272718 0.304795 0.310866 -9999.0 -9999.0
-9999.0 -9999.0 -9999.0 -9999.0 -9999.0 -9999.0 0.083160 0.130721 0.126735 0.147770 0.101342 0.191879 0.264604 0.305946 0.343916 -9999.0 -9999.0
-9999.0 -9999.0 -9999.0 -9999.0 -9999.0 -9999.0 0.090367 0.104326 0.120345 0.140131 0.144773 0.111487 0.201441 0.271272 0.191919 -9999.0 -9999.0
-9999.0 -9999.0 -9999.0 -9999.0 -9999.0 -9999.0 0.076710 0.083887 0.116137 0.103024 0.174216 0.183942 0.232591 0.245371 0.203961 -9999.0 -9999.0
-9999.0 -9999.0 -9999.0 -9999.0 -9999.0 -9999.0 -9999.0 0.094944 0.094585 0.111159 0.118688 0.150128 0.195992 0.126266 0.240816 -9999.0 -9999.0
-9999.0 -9999.0 -9999.0 -9999.0 -9999.0 -9999.0 0.067865 0.071077 0.095067 0.107660 0.117563 0.137164 0.145028 0.193992 0.248177 0.250115 -9999.0
-9999.0 -9999.0 -9999.0 -9999.0 -9999.0 0.045472 0.054959 0.066402 0.084229 0.086027 0.110039 0.125170 0.112111 0.182968 0.190392 0.250461 -9999.0
-9999.0 -9999.0 -9999.0 0.026229 0.019812 0.035374 0.045585 0.061164 0.070864 0.088035 0.105968 0.100656 0.099866 0.173452 0.193837 0.187939 -9999.0
-9999.0 -9999.0 -9999.0 0.023601 0.023365 0.036760 0.034251 0.050622 0.056046 0.059467 0.079148 0.106306 0.097689 0.123871 0.158585 0.184444 -9999.0
-9999.0 -9999.0 0.015489 0.018588 0.023627 0.021186 0.034905 0.042545 0.048926 0.066361 0.076616 0.078023 0.104078 0.113541 0.075143 0.146498 -9999.0
-9999.0 0.009012 0.010434 0.014138 0.014476 0.018966 0.030248 0.036447 0.042662 0.037792 0.051812 0.083267 0.048747 0.108205 0.125755 -9999.0 -9999.0
-9999.0 0.006584 0.008149 0.009647 0.012151 0.016542 0.019443 0.024261 0.039683 0.039000 0.037507 0.051307 0.060256 0.070702 0.101049 0.096878 -9999.0
-9999.0 0.004519 0.004313 0.006368 0.008948 0.013797 0.016861 0.022138 0.029588 0.029007 0.042277 0.050333 0.064860 0.071192 0.099893 -9999.0 -9999.0
-9999.0 0.002155 0.003194 0.004438 0.007544 0.010874 0.015567 0.018844 0.023860 0.030395 0.037655 0.051640 0.051324 0.066931 -9999.0 -9999.0 -9999.0
-9999.0 -9999.0 0.001066 0.002913 0.005329 0.007809 0.010322 0.014874 0.024970 0.025525 0.039484 0.039338 0.055565 0.057819 -9999.0 -9999.0 -9999.0
-9999.0 -9999.0 0.000495 0.002112 0.003693 0.006797 0.007929 0.012737 0.018361 0.026237 0.028646 0.037255 0.049112 -9999.0 -9999.0 -9999.0 -9999.0
-9999.0 -9999.0 -9999.0 -9999.0 0.004249 0.006734 0.011323 0.013226 0.017796 0.026409 0.029919 0.034982 0.039570 -9999.0 -9999.0 -9999.0 -9999.0
-9999.0 -9999.0 -9999.0 -9999.0 -9999.0 0.006250 0.009276 0.013020 0.017142 0.018934 0.026546 0.025467 0.038352 0.045379 -9999.0 -9999.0 -9999.0
-9999.0 -9999.0 -9999.0 -9999.0 -9999.0 -9999.0 0.009225 0.012392 0.017441 0.021162 0.025970 0.029709 0.037824 0.039043 0.044466 -9999.0 -9999.0
-9999.0 -9999.0 -9999.0 -9999.0 -9999.0 -9999.0 -9999.0 0.010129 0.015215 0.018425 0.023465 0.029593 0.035308 0.037785 -9999.0 -9999.0 -9999.0
-9999.0 -9999.0 -9999.0 -9999.0 -9999.0 -9999.0 -9999.0 -9999.0 0.012308 0.017085 0.020959 0.025288 0.031488 0.039094 0.028519 -9999.0 -9999.0
-9999.0 -9999.0 -9999.0 -9999.0 -9999.0 -9999.0 -9999.0 -9999.0 -9999.0 -9999.0 -9999.0 -9999.0 -9999.0 -9999.0 -9999.0 -9999.0 -9999.0