tests/3D/WG1_2.0_001/output-maps-SE27XX/PrecSNOWN0065.asc
ncols         17
nrows         27
xllcorner     624603.750000
yllcorner     5171346.250000
cellsize      500.000000
NODATA_value  -9999.0
-9999.0 -9999.0 -9999.0 -9999.0 -9999.0 -9999.0 -9999.0 -9999.0 -9999.0 -9999.0 -9999.0 -9999.0 -9999.0 -9999.0 -9999.0 -9999.0 -9999.0
-9999.0 -9999.0 -9999.0 -9999.0 -9999.0 -9999.0 -9999.0 -9999.0 -9999.0 -9999.0 -9999.0 0.132649 0.114320 0.147311 -9999.0 -9999.0 -9999.0
-9999.0 -9999.0 -9999.0 -9999.0 -9999.0 -9999.0 -9999.0 -9999.0 -9999.0 0.064951 0.094057 0.127894 0.113383 0.139209 0.114617 -9999.0 -9999.0
-9999.0 -9999.0 -9999.0 -9999.0 -9999.0 -9999.0 -9999.0 -9999.0 0.080346 0.098266 0.094094 0.125695 0.114658 0.083351 0.147219 -9999.0 -9999.0
-9999.0 -9999.0 -9999.0 -9999.0 -9999.0 -9999.0 -9999.0 -9999.0 0.085262 0.104195 0.069901 0.126173 0.120660 0.117460 0.144046 -9999.0 -9999.0
-9999.0 -9999.0 -9999.0 -9999.0 -9999.0 -9999.0 -9999.0 0.080295 0.086856 0.081571 0.110249 0.122790 0.124677 0.134294 0.132946 -9999.0 -9999.0
-9999.0 -9999.0 -9999.0 -9999.0 -9999.0 -9999.0 0.056792 0.082500 0.074270 0.080872 0.052134 0.093451 0.122930 0.136628 0.148744 -9999.0 -9999.0
-9999.0 -9999.0 -9999.0 -9999.0 -9999.0 -9999.0 0.064648 0.068656 0.073214 0.079279 0.076685 0.055704 0.095691 0.123503 0.084404 -9999.0 -9999.0
-9999.0 -9999.0 -9999.0 -9999.0 -9999.0 -9999.0 0.057944 0.058015 0.073910 0.060704 0.095713 0.094955 0.113745 0.114630 0.091776 -9999.0 -9999.0
-9999.0 -9999.0 -9999.0 -9999.0 -9999.0 -9999.0 -9999.0 0.069568 0.063476 0.068757 0.068157 0.080677 0.099398 0.060958 0.111618 -9999.0 -9999.0
-9999.0 -9999.0 -9999.0 -9999.0 -9999.0 -9999.0 0.058604 0.055642 0.067834 0.070477 0.071132 0.077338 0.076865 0.097506 0.119344 0.116044 -9999.0
-9999.0 -9999.0 -9999.0 -9999.0 -9999.0 0.047357 0.051394 0.056003 0.064429 0.060085 0.070716 0.074636 0.062578 0.096477 0.095692 0.121034 -9999.0
-9999.0 -9999.0 -9999.0 0.037936 0.025456 0.040453 0.046548 0.056027 0.058575 0.066123 0.072896 0.063962 0.059155 0.096664 0.102569 0.095267 -9999.0
-9999.0 -9999.0 -9999.0 0.038268 0.033439 0.046535 0.038490 0.050749 0.050435 0.048387 0.058705 0.072512 0.061847 0.073477 0.088962 0.098739 -9999.0
-9999.0 -9999.0 0.032428 0.034081 0.037968 0.029912 0.043474 0.046998 0.048253 0.058880 0.061673 0.057497 0.070879 0.072144 0.044971 0.083339 -9999.0
-9999.0 0.024956 0.025108 0.029546 0.026306 0.030062 0.042011 0.044625 0.046375 0.036769 0.045514 0.066661 0.035909 0.074055 0.080733 -9999.0 -9999.0
-9999.0 0.021339 0.022724 0.023140 0.025121 0.029592 0.030260 0.033074 0.047755 0.041788 0.036113 0.044818 0.048224 0.052353 0.069904 0.063200 -9999.0
-9999.0 0.017292 0.014034 0.017632 0.021141 0.027960 0.029501 0.033704 0.039536 0.034331 0.044751 0.048124 0.056579 0.057227 0.074721 -9999.0 -9999.0
-9999.0 0.009804 0.012194 0.014232 0.020416 0.025005 0.030662 0.032083 0.035448 0.039797 0.043893 0.054142 0.048898 0.058533 -9999.0 -9999.0 -9999.0
-9999.0 -9999.0 0.004781 0.010821 0.016511 0.020359 0.022873 0.028304 0.041235 0.036970 0.050696 0.045250 0.057861 0.055064 -9999.0 -9999.0 -9999.0
-9999.0 -9999.0 0.002600 0.009047 0.013044 0.020020 0.019707 0.027022 0.033638 0.041974 0.040467 0.046979 0.055872 -9999.0 -9999.0 -9999.0 -9999.0
-9999.0 -9999.0 -9999.0 -9999.0 0.016979 0.022273 0.031403 0.031153 0.036039 0.046527 0.046386 0.048262 0.049103 -9999.0 -9999.0 -9999.0 -9999.0
-9999.0 -9999.0 -9999.0 -9999.0 -9999.0 0.023023 0.028512 0.033851 0.038184 0.036580 0.045009 0.038322 0.051776 0.055535 -9999.0 -9999.0 -9999.0
-9999.0 -9999.0 -9999.0 -9999.0 -9999.0 -9999.0 0.031164 0.035307 0.042469 0.044595 0.047928 0.048564 0.055361 0.051695 0.053784 -9999.0 -9999.0
-9999.0 -9999.0 -9999.0 -9999.0 -9999.0 -9999.0 -9999.0 0.031369 0.040213 0.042086 0.046879 0.052297 0.055790 0.053928 -9999.0 -9999.0 -9999.0
-9999.0 -9999.0 -9999.0 -9999.0 -9999.0 -9999.0 -9999.0 -9999.0 0.035028 0.042008 0.045050 0.048051 0.053454 0.059886 0.039795 -9999.0 -9999.0
-9999.0 -9999.0 -9999.0 -9999.0 -9999.0 -9999.0 -9999.0 -9999.0 -9999.0 -9999.0 -9999.0 -9999.0 -9999.0 -9999.0 -9999.0 -9999.0 -9999.0