tests/3D/WG1_2.0_001/output-maps-SE27XX/SWEDENSITYN0086.asc
ncols         17
nrows         27
xllcorner     624603.750000
yllcorner     5171346.250000
cellsize      500.000000
NODATA_value  -9999.0
-9999.0 -9999.0 -9999.0 -9999.0 -9999.0 -9999.0 -9999.0 -9999.0 -9999.0 -9999.0 -9999.0 -9999.0 -9999.0 -9999.0 -9999.0 -9999.0 -9999.0
-9999.0 -9999.0 -9999.0 -9999.0 -9999.0 -9999.0 -9999.0 -9999.0 -9999.0 -9999.0 -9999.0 224.261760 659.171750 654.713741 -9999.0 -9999.0 -9999.0
-9999.0 -9999.0 -9999.0 -9999.0 -9999.0 -9999.0 -9999.0 -9999.0 -9999.0 192.248619 205.248809 221.132714 661.791397 654.141524 661.721102 -9999.0 -9999.0
-9999.0 -9999.0 -9999.0 -9999.0 -9999.0 -9999.0 -9999.0 -9999.0 223.668347 214.632373 234.195194 220.007618 215.165665 667.074488 656.542687 -9999.0 -9999.0
-9999.0 -9999.0 -9999.0 -9999.0 -9999.0 -9999.0 -9999.0 -9999.0 226.781125 221.475677 187.947803 223.745642 655.414872 662.543106 659.078213 -9999.0 -9999.0
-9999.0 -9999.0 -9999.0 -9999.0 -9999.0 -9999.0 -9999.0 227.461172 214.364574 206.528378 224.418579 227.544073 218.019244 653.693783 653.426783 -9999.0 -9999.0
-9999.0 -9999.0 -9999.0 -9999.0 -9999.0 -9999.0 215.114823 215.872628 196.765076 217.719998 176.981658 210.134005 221.930682 229.637214 231.983081 -9999.0 -9999.0
-9999.0 -9999.0 -9999.0 -9999.0 -9999.0 -9999.0 253.588066 207.212368 207.727916 206.653788 218.497839 181.084482 228.499484 227.555507 195.768541 -9999.0 -9999.0
-9999.0 -9999.0 -9999.0 -9999.0 -9999.0 -9999.0 203.274768 198.644416 208.560135 202.066212 220.087081 215.750668 233.062319 218.007702 202.057010 -9999.0 -9999.0
-9999.0 -9999.0 -9999.0 -9999.0 -9999.0 -9999.0 -9999.0 220.362721 203.863824 220.946049 257.172698 208.635888 215.613845 178.548961 214.160297 -9999.0 -9999.0
-9999.0 -9999.0 -9999.0 -9999.0 -9999.0 -9999.0 236.538734 197.427485 218.388170 205.615869 230.260415 210.867253 206.456429 210.974353 224.992462 216.630416 -9999.0
-9999.0 -9999.0 -9999.0 -9999.0 -9999.0 208.673391 251.386908 240.841084 209.376549 209.239307 238.969597 202.602117 195.850903 239.048173 212.351381 222.161538 -9999.0
-9999.0 -9999.0 -9999.0 219.213022 174.878748 210.322388 230.987793 219.457069 253.973916 219.578122 208.411066 216.870361 185.999800 217.195455 228.348999 218.340337 -9999.0
-9999.0 -9999.0 -9999.0 219.423239 202.910578 224.135577 225.207298 238.289473 208.322039 216.058963 244.752713 204.472957 174.906265 211.726262 658.644882 210.513837 -9999.0
-9999.0 -9999.0 219.129665 219.661113 231.601593 192.002429 216.240665 229.277162 223.468819 238.589235 202.808220 200.672886 221.255148 230.717989 185.344073 207.382360 -9999.0
-9999.0 287.668589 244.236927 222.273580 197.760128 276.109172 211.382738 216.998844 222.862518 199.770614 189.306579 218.460816 174.528134 210.677628 211.333562 -9999.0 -9999.0
-9999.0 309.505981 244.391128 297.833435 208.803707 237.824521 175.736649 182.759915 205.011501 215.930087 203.793319 194.273996 193.372030 201.863015 658.466821 665.111800 -9999.0
-9999.0 239.738744 156.419922 154.345493 156.349206 245.635149 158.981116 241.998553 205.810354 205.460920 238.685104 240.377145 204.656875 196.985874 209.655510 -9999.0 -9999.0
-9999.0 163.040375 214.617866 292.686412 243.609772 211.268788 200.058081 195.838101 195.921977 199.321267 203.871904 214.627182 204.616169 213.329578 -9999.0 -9999.0 -9999.0
-9999.0 -9999.0 245.052709 178.366295 215.075024 201.836953 192.222168 191.018604 207.018787 201.878749 207.874128 198.885618 212.182184 203.351198 -9999.0 -9999.0 -9999.0
-9999.0 -9999.0 137.128609 166.687728 202.820207 198.974133 185.890665 196.111853 203.315682 220.246748 205.859017 181.799645 206.505421 -9999.0 -9999.0 -9999.0 -9999.0
-9999.0 -9999.0 -9999.0 -9999.0 205.163176 208.850105 212.151969 244.692840 208.752522 218.649120 230.022077 220.980086 210.591478 -9999.0 -9999.0 -9999.0 -9999.0
-9999.0 -9999.0 -9999.0 -9999.0 -9999.0 201.481574 200.263909 199.004313 233.677726 195.789692 211.203127 195.355279 187.871024 223.472203 -9999.0 -9999.0 -9999.0
-9999.0 -9999.0 -9999.0 -9999.0 -9999.0 -9999.0 197.733285 195.874835 199.856444 197.765046 198.766267 201.707508 204.541407 202.453693 193.476959 -9999.0 -9999.0
-9999.0 -9999.0 -9999.0 -9999.0 -9999.0 -9999.0 -9999.0 191.695040 197.365096 196.672007 195.957379 217.083656 202.227833 234.443838 -9999.0 -9999.0 -9999.0
-9999.0 -9999.0 -9999.0 -9999.0 -9999.0 -9999.0 -9999.0 -9999.0 191.158409 191.260752 194.799265 199.023708 198.780489 203.559188 200.708819 -9999.0 -9999.0
-9999.0 -9999.0 -9999.0 -9999.0 -9999.0 -9999.0 -9999.0 -9999.0 -9999.0 -9999.0 -9999.0 -9999.0 -9999.0 -9999.0 -9999.0 -9999.0 -9999.0