tests/3D/WG1_2.0_001/output-maps-SE27XX/SWEDENSITYN0036.asc
ncols         17
nrows         27
xllcorner     624603.750000
yllcorner     5171346.250000
cellsize      500.000000
NODATA_value  -9999.0
-9999.0 -9999.0 -9999.0 -9999.0 -9999.0 -9999.0 -9999.0 -9999.0 -9999.0 -9999.0 -9999.0 -9999.0 -9999.0 -9999.0 -9999.0 -9999.0 -9999.0
-9999.0 -9999.0 -9999.0 -9999.0 -9999.0 -9999.0 -9999.0 -9999.0 -9999.0 -9999.0 -9999.0 138.648809 664.814827 662.341256 -9999.0 -9999.0 -9999.0
-9999.0 -9999.0 -9999.0 -9999.0 -9999.0 -9999.0 -9999.0 -9999.0 -9999.0 132.999441 146.361279 146.584544 665.677071 661.421048 665.680745 -9999.0 -9999.0
-9999.0 -9999.0 -9999.0 -9999.0 -9999.0 -9999.0 -9999.0 -9999.0 150.485026 141.980005 155.579184 142.759662 137.733651 667.490919 663.452943 -9999.0 -9999.0
-9999.0 -9999.0 -9999.0 -9999.0 -9999.0 -9999.0 -9999.0 -9999.0 151.478625 144.527322 134.862750 147.097732 661.487657 665.987095 664.581887 -9999.0 -9999.0
-9999.0 -9999.0 -9999.0 -9999.0 -9999.0 -9999.0 -9999.0 154.104175 146.209922 153.517732 151.377464 151.753572 144.222872 660.477232 659.950144 -9999.0 -9999.0
-9999.0 -9999.0 -9999.0 -9999.0 -9999.0 -9999.0 128.092611 147.450928 153.627257 154.166120 123.139624 151.109108 161.815937 149.411338 140.169552 -9999.0 -9999.0
-9999.0 -9999.0 -9999.0 -9999.0 -9999.0 -9999.0 142.901363 142.302673 144.352985 142.472339 157.177553 123.286481 159.852155 152.094768 142.817870 -9999.0 -9999.0
-9999.0 -9999.0 -9999.0 -9999.0 -9999.0 -9999.0 143.483076 140.575412 143.304829 141.951584 163.439474 164.231280 154.232603 147.153051 146.071702 -9999.0 -9999.0
-9999.0 -9999.0 -9999.0 -9999.0 -9999.0 -9999.0 -9999.0 150.124490 136.627363 156.066592 149.902436 157.383853 143.776046 139.422873 147.487852 -9999.0 -9999.0
-9999.0 -9999.0 -9999.0 -9999.0 -9999.0 -9999.0 137.692330 140.174160 151.485574 153.149898 154.726023 152.890156 144.650537 152.462961 145.781911 141.523635 -9999.0
-9999.0 -9999.0 -9999.0 -9999.0 -9999.0 124.469122 135.342538 143.315584 151.146591 140.623270 160.160679 151.125867 133.482673 155.915600 149.988477 144.021787 -9999.0
-9999.0 -9999.0 -9999.0 124.210617 115.552583 126.275842 128.431732 139.197441 148.123290 158.959099 158.769104 141.576273 127.677098 139.288316 142.082273 144.993935 -9999.0
-9999.0 -9999.0 -9999.0 125.674030 125.181623 133.322635 127.550637 140.867966 134.165521 137.440820 142.240224 154.745281 145.795890 141.814259 663.837669 138.106723 -9999.0
-9999.0 -9999.0 125.866427 126.970997 130.589410 123.820312 132.056073 135.355634 133.543055 152.626274 142.163659 136.560554 156.134378 151.597842 120.198819 146.420738 -9999.0
-9999.0 126.354710 127.066794 127.278824 126.394716 131.551544 135.399617 134.533456 135.747876 134.163361 129.380535 146.904616 120.695881 143.908773 140.473070 -9999.0 -9999.0
-9999.0 129.155531 129.376044 132.275570 134.551395 137.155812 139.291528 140.402303 142.464338 134.133404 129.964462 124.709542 136.407238 121.782295 663.172698 667.215300 -9999.0
-9999.0 134.030577 135.730017 139.009407 141.365476 142.127648 143.795448 144.165820 137.604250 131.966416 130.225807 126.858078 141.789759 124.150383 135.175699 -9999.0 -9999.0
-9999.0 139.923799 140.578657 144.948246 148.250117 147.845381 144.326326 140.402679 135.360752 129.741403 131.165690 135.666013 122.560489 131.420231 -9999.0 -9999.0 -9999.0
-9999.0 -9999.0 149.508193 153.072659 147.665739 143.325309 139.926677 136.767654 134.950596 130.495391 135.969110 140.526050 132.086907 145.327404 -9999.0 -9999.0 -9999.0
-9999.0 -9999.0 162.681932 152.055140 142.973219 135.757274 136.910958 130.540928 130.278235 131.218714 126.455751 128.510215 144.985390 -9999.0 -9999.0 -9999.0 -9999.0
-9999.0 -9999.0 -9999.0 -9999.0 135.515125 130.646382 130.380416 128.894371 128.050030 131.496686 127.647703 126.473155 122.650313 -9999.0 -9999.0 -9999.0 -9999.0
-9999.0 -9999.0 -9999.0 -9999.0 -9999.0 125.714071 124.311073 123.324898 126.050873 124.229325 125.934009 123.022768 125.638934 128.188236 -9999.0 -9999.0 -9999.0
-9999.0 -9999.0 -9999.0 -9999.0 -9999.0 -9999.0 126.736597 121.195711 123.255550 123.735327 123.923792 123.271908 125.934907 120.515091 119.541671 -9999.0 -9999.0
-9999.0 -9999.0 -9999.0 -9999.0 -9999.0 -9999.0 -9999.0 124.821114 120.878565 121.764355 125.895329 122.850521 121.997174 123.057748 -9999.0 -9999.0 -9999.0
-9999.0 -9999.0 -9999.0 -9999.0 -9999.0 -9999.0 -9999.0 -9999.0 118.345617 120.205111 137.143845 140.992431 134.386533 140.430187 116.398348 -9999.0 -9999.0
-9999.0 -9999.0 -9999.0 -9999.0 -9999.0 -9999.0 -9999.0 -9999.0 -9999.0 -9999.0 -9999.0 -9999.0 -9999.0 -9999.0 -9999.0 -9999.0 -9999.0