tests/3D/WG1_2.0_001/output-maps-SE27XX/SWEDENSITYN0055.asc
ncols         17
nrows         27
xllcorner     624603.750000
yllcorner     5171346.250000
cellsize      500.000000
NODATA_value  -9999.0
-9999.0 -9999.0 -9999.0 -9999.0 -9999.0 -9999.0 -9999.0 -9999.0 -9999.0 -9999.0 -9999.0 -9999.0 -9999.0 -9999.0 -9999.0 -9999.0 -9999.0
-9999.0 -9999.0 -9999.0 -9999.0 -9999.0 -9999.0 -9999.0 -9999.0 -9999.0 -9999.0 -9999.0 283.948578 667.195051 664.543702 -9999.0 -9999.0 -9999.0
-9999.0 -9999.0 -9999.0 -9999.0 -9999.0 -9999.0 -9999.0 -9999.0 -9999.0 45.933175 302.710633 317.011524 668.426617 663.156504 669.004305 -9999.0 -9999.0
-9999.0 -9999.0 -9999.0 -9999.0 -9999.0 -9999.0 -9999.0 -9999.0 57.785702 269.983326 59.924789 241.913106 281.204154 670.453534 666.444317 -9999.0 -9999.0
-9999.0 -9999.0 -9999.0 -9999.0 -9999.0 -9999.0 -9999.0 -9999.0 325.949784 318.788420 204.438809 284.823561 662.778347 668.979641 668.193478 -9999.0 -9999.0
-9999.0 -9999.0 -9999.0 -9999.0 -9999.0 -9999.0 -9999.0 200.930364 281.099311 62.259104 330.740368 315.178301 250.191194 661.788043 661.512771 -9999.0 -9999.0
-9999.0 -9999.0 -9999.0 -9999.0 -9999.0 -9999.0 221.769719 301.447113 62.040940 327.757966 174.158220 219.184611 230.514856 319.977356 315.060143 -9999.0 -9999.0
-9999.0 -9999.0 -9999.0 -9999.0 -9999.0 -9999.0 56.479348 288.603939 223.820755 254.137141 49.273486 177.480260 63.479179 322.661608 206.522705 -9999.0 -9999.0
-9999.0 -9999.0 -9999.0 -9999.0 -9999.0 -9999.0 203.074534 203.345263 262.628477 184.852445 371.486609 43.201490 345.490150 234.421135 211.466429 -9999.0 -9999.0
-9999.0 -9999.0 -9999.0 -9999.0 -9999.0 -9999.0 -9999.0 337.965649 258.694156 64.862991 80.185279 69.588107 251.610350 63.723810 321.569726 -9999.0 -9999.0
-9999.0 -9999.0 -9999.0 -9999.0 -9999.0 -9999.0 248.324934 61.162468 337.294923 264.528337 282.100466 251.558518 231.727446 318.431674 300.125969 260.911868 -9999.0
-9999.0 -9999.0 -9999.0 -9999.0 -9999.0 281.723713 172.734860 22.102363 267.800303 251.481406 -nan 270.596160 253.250426 307.634177 220.806155 263.081120 -9999.0
-9999.0 -9999.0 -9999.0 60.497219 167.872662 62.980759 219.154177 259.090595 24.603731 34.200965 315.661958 -nan 202.644096 261.484064 322.912321 313.656339 -9999.0
-9999.0 -9999.0 -9999.0 227.823993 62.814368 335.001173 12.882563 28.068501 -nan 68.872557 -nan 314.075369 70.577434 300.176320 664.746111 325.810532 -9999.0
-9999.0 -9999.0 247.303864 296.974695 232.323139 215.960568 354.102849 -nan -nan -nan 291.274172 269.679620 70.996013 63.883749 190.226368 215.466838 -9999.0
-9999.0 -nan -nan 303.428866 222.289501 86.851337 320.332041 -nan -nan -nan 264.785301 333.234193 176.491756 226.017892 234.785190 -9999.0 -9999.0
-9999.0 -nan 75.234801 -nan 7.000127 -nan -nan -nan -nan -nan 82.244279 222.519191 219.577382 285.258774 663.881155 669.270349 -9999.0
-9999.0 -nan 112.556568 -nan -nan -nan -nan 150.422928 -nan -nan 22.516809 54.011584 210.687134 211.991314 241.220828 -9999.0 -9999.0
-9999.0 109.123742 -nan -nan 169.448223 -nan -nan 341.237549 288.889440 244.167465 251.865448 308.275953 294.668894 201.746676 -9999.0 -9999.0 -9999.0
-9999.0 -9999.0 -nan 157.114003 -nan -nan 333.432283 311.259352 313.860026 94.574661 302.889125 231.722022 322.639815 207.143257 -9999.0 -9999.0 -9999.0
-9999.0 -9999.0 160.024279 -nan -nan 246.047649 248.089050 235.766031 250.076613 88.004251 266.813722 68.392244 209.509280 -9999.0 -9999.0 -9999.0 -9999.0
-9999.0 -9999.0 -9999.0 -9999.0 245.589439 254.188834 276.009828 75.183904 299.764849 357.367187 240.450976 304.410097 297.235427 -9999.0 -9999.0 -9999.0 -9999.0
-9999.0 -9999.0 -9999.0 -9999.0 -9999.0 217.661625 214.884690 214.027942 15.378814 219.353124 307.880216 65.100834 62.453050 229.397967 -9999.0 -9999.0 -9999.0
-9999.0 -9999.0 -9999.0 -9999.0 -9999.0 -9999.0 214.047104 204.742569 222.947199 218.771334 226.356108 242.064817 284.314908 254.779341 234.495828 -9999.0 -9999.0
-9999.0 -9999.0 -9999.0 -9999.0 -9999.0 -9999.0 -9999.0 201.461612 224.630112 220.313343 219.396574 310.029026 267.625167 51.223284 -9999.0 -9999.0 -9999.0
-9999.0 -9999.0 -9999.0 -9999.0 -9999.0 -9999.0 -9999.0 -9999.0 206.119253 197.495776 221.702803 225.801501 218.200273 206.024606 203.119850 -9999.0 -9999.0
-9999.0 -9999.0 -9999.0 -9999.0 -9999.0 -9999.0 -9999.0 -9999.0 -9999.0 -9999.0 -9999.0 -9999.0 -9999.0 -9999.0 -9999.0 -9999.0 -9999.0