tests/3D/WG1_2.0_001/output-maps-SE27XX/SWEDENSITYN0065.asc
ncols         17
nrows         27
xllcorner     624603.750000
yllcorner     5171346.250000
cellsize      500.000000
NODATA_value  -9999.0
-9999.0 -9999.0 -9999.0 -9999.0 -9999.0 -9999.0 -9999.0 -9999.0 -9999.0 -9999.0 -9999.0 -9999.0 -9999.0 -9999.0 -9999.0 -9999.0 -9999.0
-9999.0 -9999.0 -9999.0 -9999.0 -9999.0 -9999.0 -9999.0 -9999.0 -9999.0 -9999.0 -9999.0 216.556249 662.755949 658.662577 -9999.0 -9999.0 -9999.0
-9999.0 -9999.0 -9999.0 -9999.0 -9999.0 -9999.0 -9999.0 -9999.0 -9999.0 239.908000 195.787537 222.754814 664.593623 657.583332 665.500274 -9999.0 -9999.0
-9999.0 -9999.0 -9999.0 -9999.0 -9999.0 -9999.0 -9999.0 -9999.0 215.471240 202.004017 212.469757 201.829605 208.961862 668.887545 660.686013 -9999.0 -9999.0
-9999.0 -9999.0 -9999.0 -9999.0 -9999.0 -9999.0 -9999.0 -9999.0 210.440036 222.018666 174.205483 219.233409 657.792259 665.358774 663.565370 -9999.0 -9999.0
-9999.0 -9999.0 -9999.0 -9999.0 -9999.0 -9999.0 -9999.0 203.672037 203.770755 212.768769 212.960948 229.419636 205.231608 656.342320 655.975461 -9999.0 -9999.0
-9999.0 -9999.0 -9999.0 -9999.0 -9999.0 -9999.0 192.868014 204.659982 201.901492 207.738098 161.924456 191.252933 205.303506 220.946454 231.939058 -9999.0 -9999.0
-9999.0 -9999.0 -9999.0 -9999.0 -9999.0 -9999.0 185.091785 200.804783 187.190087 190.077337 221.249004 162.822022 220.521949 230.629608 178.590488 -9999.0 -9999.0
-9999.0 -9999.0 -9999.0 -9999.0 -9999.0 -9999.0 180.731586 178.741013 191.091248 195.347434 206.279588 211.485648 228.749363 201.274366 188.443493 -9999.0 -9999.0
-9999.0 -9999.0 -9999.0 -9999.0 -9999.0 -9999.0 -9999.0 206.687889 189.751753 215.375541 242.804770 204.166466 200.788389 164.189314 225.661402 -9999.0 -9999.0
-9999.0 -9999.0 -9999.0 -9999.0 -9999.0 -9999.0 204.463882 210.481560 207.847570 199.224511 224.608595 193.111437 190.868174 211.036895 224.494903 203.791196 -9999.0
-9999.0 -9999.0 -9999.0 -9999.0 -9999.0 200.886571 200.325004 195.959458 195.745471 199.333776 233.567625 190.119008 184.644920 222.476219 193.554098 205.619421 -9999.0
-9999.0 -9999.0 -9999.0 182.855381 156.448748 159.684305 198.133830 200.377373 214.741126 209.472253 189.907986 203.613693 167.113943 204.693486 222.391199 216.164388 -9999.0
-9999.0 -9999.0 -9999.0 203.406356 158.198058 202.723466 204.723327 206.336398 238.991719 182.582551 245.203270 191.507729 217.582325 202.400590 660.420239 208.038034 -9999.0
-9999.0 -9999.0 197.867110 200.501825 199.116321 174.349575 197.479635 197.530497 198.325703 216.622834 183.595587 184.003498 207.386249 205.589807 180.380841 187.313823 -9999.0
-9999.0 188.792637 188.220606 199.206772 177.761110 202.122938 191.298178 201.467473 204.116353 218.016813 175.169728 208.904755 159.998525 190.478745 193.663941 -9999.0 -9999.0
-9999.0 194.937851 196.764276 211.659692 204.875529 216.461099 182.755465 184.147110 212.344187 206.420541 193.872987 178.042170 173.071102 195.640158 659.896584 666.724307 -9999.0
-9999.0 215.127902 176.505517 181.330082 192.389661 233.127839 199.483185 204.270539 218.895202 218.224787 211.120120 202.258987 182.525891 174.515108 193.048638 -9999.0 -9999.0
-9999.0 194.451549 213.068841 259.047887 252.203328 215.753208 205.049370 200.948456 182.959186 182.149924 188.459693 203.951201 196.935402 200.976846 -9999.0 -9999.0 -9999.0
-9999.0 -9999.0 277.412577 218.824072 239.771401 205.794444 190.495356 187.256628 191.221800 193.331849 194.061815 178.917843 200.879584 180.993046 -9999.0 -9999.0 -9999.0
-9999.0 -9999.0 244.817541 227.514728 212.146621 180.725179 173.206934 178.950897 185.831027 196.456647 185.680904 193.252074 183.427409 -9999.0 -9999.0 -9999.0 -9999.0
-9999.0 -9999.0 -9999.0 -9999.0 185.802789 186.540011 187.093526 208.624534 196.510050 198.898117 196.847497 201.203433 198.976115 -9999.0 -9999.0 -9999.0 -9999.0
-9999.0 -9999.0 -9999.0 -9999.0 -9999.0 176.623487 177.432213 172.149165 204.041832 177.234478 201.324057 176.119710 195.733231 198.039636 -9999.0 -9999.0 -9999.0
-9999.0 -9999.0 -9999.0 -9999.0 -9999.0 -9999.0 171.831904 169.255965 177.058676 175.472582 178.003766 179.045830 188.614071 187.001277 175.715956 -9999.0 -9999.0
-9999.0 -9999.0 -9999.0 -9999.0 -9999.0 -9999.0 -9999.0 170.194497 177.342898 179.304277 174.850288 204.401441 184.825569 196.287662 -9999.0 -9999.0 -9999.0
-9999.0 -9999.0 -9999.0 -9999.0 -9999.0 -9999.0 -9999.0 -9999.0 178.531055 171.952855 175.410520 181.471073 178.413246 181.057102 190.992070 -9999.0 -9999.0
-9999.0 -9999.0 -9999.0 -9999.0 -9999.0 -9999.0 -9999.0 -9999.0 -9999.0 -9999.0 -9999.0 -9999.0 -9999.0 -9999.0 -9999.0 -9999.0 -9999.0