tests/3D/WG1_2.0_001/output-maps-SE27XX/SWEDENSITYN0071.asc
ncols         17
nrows         27
xllcorner     624603.750000
yllcorner     5171346.250000
cellsize      500.000000
NODATA_value  -9999.0
-9999.0 -9999.0 -9999.0 -9999.0 -9999.0 -9999.0 -9999.0 -9999.0 -9999.0 -9999.0 -9999.0 -9999.0 -9999.0 -9999.0 -9999.0 -9999.0 -9999.0
-9999.0 -9999.0 -9999.0 -9999.0 -9999.0 -9999.0 -9999.0 -9999.0 -9999.0 -9999.0 -9999.0 236.937509 662.892883 658.934840 -9999.0 -9999.0 -9999.0
-9999.0 -9999.0 -9999.0 -9999.0 -9999.0 -9999.0 -9999.0 -9999.0 -9999.0 292.361603 230.801537 237.409858 665.067287 657.815498 666.220933 -9999.0 -9999.0
-9999.0 -9999.0 -9999.0 -9999.0 -9999.0 -9999.0 -9999.0 -9999.0 262.419590 220.261158 263.824804 222.832479 220.455693 669.452123 660.624452 -9999.0 -9999.0
-9999.0 -9999.0 -9999.0 -9999.0 -9999.0 -9999.0 -9999.0 -9999.0 253.970410 234.424628 194.196239 232.159619 658.305893 665.844340 663.601654 -9999.0 -9999.0
-9999.0 -9999.0 -9999.0 -9999.0 -9999.0 -9999.0 -9999.0 253.277316 219.237712 274.748434 245.409061 244.212686 222.813559 656.951293 656.719360 -9999.0 -9999.0
-9999.0 -9999.0 -9999.0 -9999.0 -9999.0 -9999.0 234.256279 228.365381 272.139864 244.387765 176.152262 209.541330 221.411338 251.891895 247.326722 -9999.0 -9999.0
-9999.0 -9999.0 -9999.0 -9999.0 -9999.0 -9999.0 264.505416 214.246256 205.865749 206.865375 263.896183 177.419002 284.815384 246.730815 196.041223 -9999.0 -9999.0
-9999.0 -9999.0 -9999.0 -9999.0 -9999.0 -9999.0 199.017795 197.141578 209.806761 236.783850 237.296686 255.887865 255.715944 216.960604 203.212886 -9999.0 -9999.0
-9999.0 -9999.0 -9999.0 -9999.0 -9999.0 -9999.0 -9999.0 241.696011 207.133090 271.432360 365.813190 221.605688 216.180444 157.954314 242.705808 -9999.0 -9999.0
-9999.0 -9999.0 -9999.0 -9999.0 -9999.0 -9999.0 242.462919 286.095642 233.496596 219.899024 266.387630 217.505881 205.859926 226.247696 243.274523 221.342197 -9999.0
-9999.0 -9999.0 -9999.0 -9999.0 -9999.0 238.470262 248.531896 253.362276 233.402326 224.727056 301.954171 203.596916 195.937344 268.930811 212.027846 226.307441 -9999.0
-9999.0 -9999.0 -9999.0 238.766127 172.690161 196.847780 252.977160 228.056165 268.325609 227.612992 212.267614 232.895688 184.509171 218.883805 247.819730 225.138194 -9999.0
-9999.0 -9999.0 -9999.0 236.513335 188.791897 229.572819 250.588147 261.268620 325.221531 187.983658 299.089278 213.858786 202.492113 219.419897 660.830548 221.188644 -9999.0
-9999.0 -9999.0 238.137510 233.304189 250.945909 190.556419 220.321524 254.658850 248.243033 256.913805 201.634100 202.054182 250.712770 257.609015 185.992137 207.285907 -9999.0
-9999.0 232.493765 219.209601 217.652247 194.379465 237.326215 216.655515 240.615102 248.088194 249.342687 187.067018 222.065680 174.239388 208.806935 210.011897 -9999.0 -9999.0
-9999.0 247.074619 234.468184 265.730282 240.670367 242.439661 189.725682 195.294202 233.327966 224.407481 209.187521 192.809983 191.837995 214.568472 660.354135 667.121617 -9999.0
-9999.0 273.446332 187.141195 181.216917 196.323277 272.136466 196.860397 227.356585 231.218631 245.043945 260.807649 253.622019 201.352853 192.339116 211.245404 -9999.0 -9999.0
-9999.0 216.123230 227.752166 300.534354 272.724013 235.397372 213.107510 208.783161 197.478619 195.934210 204.131741 215.899338 217.969895 246.719939 -9999.0 -9999.0 -9999.0
-9999.0 -9999.0 293.222409 228.816084 240.883035 213.230494 200.704737 198.248626 207.735894 217.901580 225.703091 197.161482 227.118481 200.056024 -9999.0 -9999.0 -9999.0
-9999.0 -9999.0 259.037008 234.129235 215.301609 196.461906 186.107760 195.091134 201.542723 232.510926 209.097916 218.591647 202.396558 -9999.0 -9999.0 -9999.0 -9999.0
-9999.0 -9999.0 -9999.0 -9999.0 202.201724 202.225179 207.484560 271.644941 209.451659 222.757582 237.201330 229.548198 213.484358 -9999.0 -9999.0 -9999.0 -9999.0
-9999.0 -9999.0 -9999.0 -9999.0 -9999.0 194.683376 194.685770 194.483010 242.151698 191.827150 217.836500 218.415118 261.498053 222.264894 -9999.0 -9999.0 -9999.0
-9999.0 -9999.0 -9999.0 -9999.0 -9999.0 -9999.0 193.282623 191.816649 198.490252 196.708169 198.815449 199.924357 211.363063 200.974011 196.446890 -9999.0 -9999.0
-9999.0 -9999.0 -9999.0 -9999.0 -9999.0 -9999.0 -9999.0 186.394073 194.787086 194.911868 195.469616 223.639877 207.859266 259.279197 -9999.0 -9999.0 -9999.0
-9999.0 -9999.0 -9999.0 -9999.0 -9999.0 -9999.0 -9999.0 -9999.0 199.042801 188.349625 194.545095 197.423611 196.219790 200.524565 212.581757 -9999.0 -9999.0
-9999.0 -9999.0 -9999.0 -9999.0 -9999.0 -9999.0 -9999.0 -9999.0 -9999.0 -9999.0 -9999.0 -9999.0 -9999.0 -9999.0 -9999.0 -9999.0 -9999.0