tests/3D/WG1_2.0_001/output-maps-SE27XX/SWEDENSITYN0082.asc
ncols         17
nrows         27
xllcorner     624603.750000
yllcorner     5171346.250000
cellsize      500.000000
NODATA_value  -9999.0
-9999.0 -9999.0 -9999.0 -9999.0 -9999.0 -9999.0 -9999.0 -9999.0 -9999.0 -9999.0 -9999.0 -9999.0 -9999.0 -9999.0 -9999.0 -9999.0 -9999.0
-9999.0 -9999.0 -9999.0 -9999.0 -9999.0 -9999.0 -9999.0 -9999.0 -9999.0 -9999.0 -9999.0 198.223400 658.816518 653.658189 -9999.0 -9999.0 -9999.0
-9999.0 -9999.0 -9999.0 -9999.0 -9999.0 -9999.0 -9999.0 -9999.0 -9999.0 154.560113 187.075004 197.298129 661.290589 653.023961 661.558966 -9999.0 -9999.0
-9999.0 -9999.0 -9999.0 -9999.0 -9999.0 -9999.0 -9999.0 -9999.0 189.289245 191.998870 173.266722 196.055576 190.697299 666.366921 655.599385 -9999.0 -9999.0
-9999.0 -9999.0 -9999.0 -9999.0 -9999.0 -9999.0 -9999.0 -9999.0 202.943326 203.677166 169.335932 203.708114 654.752934 662.069354 658.640676 -9999.0 -9999.0
-9999.0 -9999.0 -9999.0 -9999.0 -9999.0 -9999.0 -9999.0 195.528584 197.309056 195.393949 206.599292 210.089043 195.512932 652.935605 652.505069 -9999.0 -9999.0
-9999.0 -9999.0 -9999.0 -9999.0 -9999.0 -9999.0 191.475218 199.333690 177.634547 206.228633 164.515060 194.202476 201.831581 206.796252 202.029830 -9999.0 -9999.0
-9999.0 -9999.0 -9999.0 -9999.0 -9999.0 -9999.0 183.850125 193.519842 193.890139 195.364789 210.470255 168.707689 187.871000 201.416721 176.607609 -9999.0 -9999.0
-9999.0 -9999.0 -9999.0 -9999.0 -9999.0 -9999.0 188.522818 184.501905 194.392820 196.972807 212.026615 205.892678 215.053161 198.006395 183.212726 -9999.0 -9999.0
-9999.0 -9999.0 -9999.0 -9999.0 -9999.0 -9999.0 -9999.0 202.484027 191.535649 218.510928 215.179579 198.085903 200.418916 126.776709 194.447364 -9999.0 -9999.0
-9999.0 -9999.0 -9999.0 -9999.0 -9999.0 -9999.0 206.221718 164.058319 203.776903 197.917715 219.049277 196.638768 193.277258 194.861189 205.067854 194.107112 -9999.0
-9999.0 -9999.0 -9999.0 -9999.0 -9999.0 192.698248 196.666489 198.795102 199.472333 196.669932 227.233617 192.525292 182.620839 210.660505 192.272602 197.547705 -9999.0
-9999.0 -9999.0 -9999.0 161.173454 160.079814 123.024639 203.587441 197.156587 215.086469 203.045802 196.644707 202.637200 170.426973 198.997630 204.269198 188.960860 -9999.0
-9999.0 -9999.0 -9999.0 203.585110 120.913812 201.972829 200.532217 210.969051 184.867979 142.905907 185.395791 188.701245 120.381727 191.806314 658.086884 186.177145 -9999.0
-9999.0 -9999.0 203.099793 197.380803 207.974837 177.932824 199.578010 206.738162 207.893135 217.505223 189.419872 186.120053 205.549648 180.802650 168.754488 185.098503 -9999.0
-9999.0 166.905985 149.583106 202.946911 185.626848 174.506904 190.828686 199.425080 209.164409 179.154767 176.910764 204.132403 157.980306 190.776418 187.059914 -9999.0 -9999.0
-9999.0 188.530258 202.749299 185.615450 149.896091 153.454246 141.835059 144.437999 194.459360 144.206432 169.140304 179.725342 174.929146 182.673711 657.815177 664.904132 -9999.0
-9999.0 204.300384 158.695745 150.735117 153.119494 164.206463 152.219220 155.303682 196.159097 189.593958 167.349539 194.783641 186.405875 175.689307 182.181234 -9999.0 -9999.0
-9999.0 170.838658 212.470221 215.597138 182.018699 159.748701 191.498422 186.409853 185.428748 187.145823 189.403491 189.223570 186.222437 178.894152 -9999.0 -9999.0 -9999.0
-9999.0 -9999.0 248.187657 187.632895 210.309133 194.393237 184.201878 180.630010 194.663523 189.068319 190.397874 181.745702 191.633641 183.393697 -9999.0 -9999.0 -9999.0
-9999.0 -9999.0 176.220480 182.866636 196.669266 190.638430 175.935609 184.628776 190.970730 195.177380 185.087480 128.464439 187.337577 -9999.0 -9999.0 -9999.0 -9999.0
-9999.0 -9999.0 -9999.0 -9999.0 196.195650 198.144043 198.492787 181.312797 195.609098 198.189965 198.520355 190.500928 188.042735 -9999.0 -9999.0 -9999.0 -9999.0
-9999.0 -9999.0 -9999.0 -9999.0 -9999.0 188.500155 186.994720 183.707855 183.033388 181.524356 194.260143 153.710403 145.009575 186.588675 -9999.0 -9999.0 -9999.0
-9999.0 -9999.0 -9999.0 -9999.0 -9999.0 -9999.0 181.829139 179.714466 179.982538 178.434886 178.914181 180.156347 181.795755 178.741570 169.979334 -9999.0 -9999.0
-9999.0 -9999.0 -9999.0 -9999.0 -9999.0 -9999.0 -9999.0 174.664635 178.961524 178.315159 175.771920 191.915157 178.954213 168.910151 -9999.0 -9999.0 -9999.0
-9999.0 -9999.0 -9999.0 -9999.0 -9999.0 -9999.0 -9999.0 -9999.0 173.444322 172.552479 175.186696 181.050582 177.638163 180.187915 168.588508 -9999.0 -9999.0
-9999.0 -9999.0 -9999.0 -9999.0 -9999.0 -9999.0 -9999.0 -9999.0 -9999.0 -9999.0 -9999.0 -9999.0 -9999.0 -9999.0 -9999.0 -9999.0 -9999.0