tests/3D/WG1_2.0_001/output-maps-SE27XX/SWEDENSITYN0052.asc
ncols         17
nrows         27
xllcorner     624603.750000
yllcorner     5171346.250000
cellsize      500.000000
NODATA_value  -9999.0
-9999.0 -9999.0 -9999.0 -9999.0 -9999.0 -9999.0 -9999.0 -9999.0 -9999.0 -9999.0 -9999.0 -9999.0 -9999.0 -9999.0 -9999.0 -9999.0 -9999.0
-9999.0 -9999.0 -9999.0 -9999.0 -9999.0 -9999.0 -9999.0 -9999.0 -9999.0 -9999.0 -9999.0 254.465450 666.570964 664.118082 -9999.0 -9999.0 -9999.0
-9999.0 -9999.0 -9999.0 -9999.0 -9999.0 -9999.0 -9999.0 -9999.0 -9999.0 85.569846 271.721577 272.035910 667.924940 662.826607 668.593874 -9999.0 -9999.0
-9999.0 -9999.0 -9999.0 -9999.0 -9999.0 -9999.0 -9999.0 -9999.0 140.386855 250.999909 86.569082 238.570827 249.843447 670.107758 665.796203 -9999.0 -9999.0
-9999.0 -9999.0 -9999.0 -9999.0 -9999.0 -9999.0 -9999.0 -9999.0 267.350119 278.775778 216.987990 258.700684 662.730223 668.461529 667.459196 -9999.0 -9999.0
-9999.0 -9999.0 -9999.0 -9999.0 -9999.0 -9999.0 -9999.0 196.623898 260.182557 91.412482 279.624634 272.396743 239.486397 661.738029 661.518842 -9999.0 -9999.0
-9999.0 -9999.0 -9999.0 -9999.0 -9999.0 -9999.0 214.435863 259.069029 96.282933 280.209750 176.746350 216.363586 224.855245 276.945081 278.620449 -9999.0 -9999.0
-9999.0 -9999.0 -9999.0 -9999.0 -9999.0 -9999.0 85.999606 262.045969 222.198436 252.474475 90.388941 181.137343 91.343032 286.121725 206.867729 -9999.0 -9999.0
-9999.0 -9999.0 -9999.0 -9999.0 -9999.0 -9999.0 198.315610 198.808865 251.735982 196.865454 329.716231 98.952854 297.191930 228.536450 207.814609 -9999.0 -9999.0
-9999.0 -9999.0 -9999.0 -9999.0 -9999.0 -9999.0 -9999.0 263.722562 250.042044 109.683742 151.127315 214.902263 246.531460 101.623730 266.351377 -9999.0 -9999.0
-9999.0 -9999.0 -9999.0 -9999.0 -9999.0 -9999.0 216.984925 95.559354 289.648702 270.122150 284.465706 270.943792 231.034188 287.095964 261.676473 234.899290 -9999.0
-9999.0 -9999.0 -9999.0 -9999.0 -9999.0 228.901271 165.010502 160.590051 255.825764 258.415481 160.205122 283.308332 244.323820 269.331408 218.949448 240.722607 -9999.0
-9999.0 -9999.0 -9999.0 91.459667 160.324237 105.573832 197.903140 242.843962 31.760507 18.109685 319.170432 131.306982 208.925208 244.532856 273.352709 262.392869 -9999.0
-9999.0 -9999.0 -9999.0 201.863168 97.249723 267.445676 14.511308 22.365569 116.007329 55.329071 155.478602 311.404472 34.387616 259.757920 664.661956 266.105936 -9999.0
-9999.0 -9999.0 221.789369 251.352910 207.567583 210.975836 307.951566 46.137503 -nan 33.726691 301.485876 270.636777 123.867222 97.786361 191.768846 206.953320 -9999.0
-9999.0 24.537130 26.083852 263.471322 217.249744 55.139546 297.437584 -nan -nan -nan 266.644171 306.670742 174.534772 220.424663 222.212066 -9999.0 -9999.0
-9999.0 25.925577 28.246313 0.082482 -nan 1.554265 -nan -nan -nan -nan 21.092283 221.099362 218.086423 230.860926 663.774099 668.746084 -9999.0
-9999.0 58.511437 47.528289 -nan -nan -nan -nan 82.925243 -nan -nan 18.128553 21.349002 202.417692 203.453014 213.204558 -9999.0 -9999.0
-9999.0 1.864325 -nan -nan -nan -nan -nan 330.483630 289.461528 246.304845 248.091592 271.542591 239.300332 185.937319 -9999.0 -9999.0 -9999.0
-9999.0 -9999.0 -nan -nan -nan 133.453715 321.919996 298.760864 309.840918 235.866747 284.272635 229.655465 258.088532 202.507773 -9999.0 -9999.0 -9999.0
-9999.0 -9999.0 -nan -nan -nan 244.863398 282.895115 233.045769 245.205606 16.996179 251.621795 117.390599 204.205746 -9999.0 -9999.0 -9999.0 -9999.0
-9999.0 -9999.0 -9999.0 -9999.0 243.476758 248.582312 260.155769 30.435122 275.998365 303.491574 252.653705 265.164501 242.851199 -9999.0 -9999.0 -9999.0 -9999.0
-9999.0 -9999.0 -9999.0 -9999.0 -9999.0 211.707742 209.030222 208.453153 14.225614 215.229963 266.847550 41.532030 101.504827 203.628571 -9999.0 -9999.0 -9999.0
-9999.0 -9999.0 -9999.0 -9999.0 -9999.0 -9999.0 208.808871 198.478701 216.037898 214.031955 222.037647 221.042040 246.424545 221.393536 209.211732 -9999.0 -9999.0
-9999.0 -9999.0 -9999.0 -9999.0 -9999.0 -9999.0 -9999.0 195.672450 203.178694 206.623539 215.457971 248.589857 229.926112 154.093399 -9999.0 -9999.0 -9999.0
-9999.0 -9999.0 -9999.0 -9999.0 -9999.0 -9999.0 -9999.0 -9999.0 188.123513 189.833444 217.767507 222.051677 213.966684 197.528041 189.496119 -9999.0 -9999.0
-9999.0 -9999.0 -9999.0 -9999.0 -9999.0 -9999.0 -9999.0 -9999.0 -9999.0 -9999.0 -9999.0 -9999.0 -9999.0 -9999.0 -9999.0 -9999.0 -9999.0