tests/3D/WG1_2.0_001/output-maps-SE27XX/SWEDENSITYN0072.asc
ncols         17
nrows         27
xllcorner     624603.750000
yllcorner     5171346.250000
cellsize      500.000000
NODATA_value  -9999.0
-9999.0 -9999.0 -9999.0 -9999.0 -9999.0 -9999.0 -9999.0 -9999.0 -9999.0 -9999.0 -9999.0 -9999.0 -9999.0 -9999.0 -9999.0 -9999.0 -9999.0
-9999.0 -9999.0 -9999.0 -9999.0 -9999.0 -9999.0 -9999.0 -9999.0 -9999.0 -9999.0 -9999.0 240.344863 663.272914 659.322729 -9999.0 -9999.0 -9999.0
-9999.0 -9999.0 -9999.0 -9999.0 -9999.0 -9999.0 -9999.0 -9999.0 -9999.0 327.338971 239.797180 247.277047 665.557914 658.073167 666.552213 -9999.0 -9999.0
-9999.0 -9999.0 -9999.0 -9999.0 -9999.0 -9999.0 -9999.0 -9999.0 284.762421 223.535641 300.525701 226.449340 226.231412 669.763391 661.091980 -9999.0 -9999.0
-9999.0 -9999.0 -9999.0 -9999.0 -9999.0 -9999.0 -9999.0 -9999.0 270.806198 240.165071 202.273460 237.509217 658.464117 666.343003 663.995871 -9999.0 -9999.0
-9999.0 -9999.0 -9999.0 -9999.0 -9999.0 -9999.0 -9999.0 271.969879 222.708806 305.272799 260.453623 252.988960 228.917624 657.136693 656.902934 -9999.0 -9999.0
-9999.0 -9999.0 -9999.0 -9999.0 -9999.0 -9999.0 244.982884 233.905028 322.877112 254.319870 178.411606 212.545211 224.894942 265.511976 258.312903 -9999.0 -9999.0
-9999.0 -9999.0 -9999.0 -9999.0 -9999.0 -9999.0 316.411574 217.826783 208.948806 210.106122 290.662402 179.940403 312.597295 258.581885 198.823062 -9999.0 -9999.0
-9999.0 -9999.0 -9999.0 -9999.0 -9999.0 -9999.0 202.030543 200.135343 213.064726 250.701737 247.044882 277.919473 269.836864 220.372266 206.106879 -9999.0 -9999.0
-9999.0 -9999.0 -9999.0 -9999.0 -9999.0 -9999.0 -9999.0 251.909459 210.123940 293.438858 422.240406 232.090843 219.508740 176.524772 257.729470 -9999.0 -9999.0
-9999.0 -9999.0 -9999.0 -9999.0 -9999.0 -9999.0 260.524697 301.872171 239.969558 225.246807 279.079999 228.181111 208.680181 232.165714 250.751011 225.052900 -9999.0
-9999.0 -9999.0 -9999.0 -9999.0 -9999.0 247.308611 287.491553 271.849753 243.975558 229.339166 328.168004 208.454802 198.674899 290.737555 215.321010 229.930614 -9999.0
-9999.0 -9999.0 -9999.0 255.486309 175.380088 210.721106 267.557770 236.307991 293.324362 237.198525 218.225287 249.146165 187.303285 222.670433 260.249913 235.147163 -9999.0
-9999.0 -9999.0 -9999.0 243.642390 206.568778 235.211993 281.401744 278.751451 341.358322 206.190490 336.201385 222.327867 218.663361 226.386222 660.961212 231.035027 -9999.0
-9999.0 -9999.0 245.457836 239.711100 266.799463 193.283218 224.413560 275.068547 260.460172 275.899152 204.676692 204.991561 279.853031 286.300611 189.024820 210.866469 -9999.0
-9999.0 248.217765 237.364313 220.832359 197.053599 258.520726 222.277856 248.863773 260.274318 263.545871 189.820509 225.667951 176.739904 212.260493 213.710335 -9999.0 -9999.0
-9999.0 263.027906 241.632933 285.223001 255.881393 257.988391 195.746462 196.479985 239.486523 241.272254 229.841361 195.611039 194.829807 223.327085 660.473395 667.463501 -9999.0
-9999.0 286.675136 203.412293 193.926025 202.464813 275.457451 197.891395 239.923522 234.189207 257.703457 281.678158 294.771041 204.560911 195.764523 215.025052 -9999.0 -9999.0
-9999.0 218.124960 229.385411 310.513280 276.991675 236.047138 214.868506 210.576345 199.853553 198.709797 206.982068 222.270648 227.017990 269.057642 -9999.0 -9999.0 -9999.0
-9999.0 -9999.0 295.280426 232.320827 241.908263 214.730343 202.429696 200.268466 210.522902 225.271784 237.960838 200.268635 234.590752 203.283823 -9999.0 -9999.0 -9999.0
-9999.0 -9999.0 259.234026 234.635862 216.580795 198.770729 188.187619 197.562237 204.110613 245.650326 216.724406 238.262353 205.793751 -9999.0 -9999.0 -9999.0 -9999.0
-9999.0 -9999.0 -9999.0 -9999.0 204.535531 204.876481 210.584859 284.006050 212.453226 226.886024 257.032831 242.866057 217.789424 -9999.0 -9999.0 -9999.0 -9999.0
-9999.0 -9999.0 -9999.0 -9999.0 -9999.0 197.446744 197.585288 197.597204 255.224008 194.775931 221.005245 233.636528 280.862653 233.269251 -9999.0 -9999.0 -9999.0
-9999.0 -9999.0 -9999.0 -9999.0 -9999.0 -9999.0 196.358523 194.989475 201.859362 200.008059 202.153974 203.103931 216.211606 204.621273 199.949645 -9999.0 -9999.0
-9999.0 -9999.0 -9999.0 -9999.0 -9999.0 -9999.0 -9999.0 189.315156 197.949038 198.050723 198.755306 228.405824 212.736497 290.788493 -9999.0 -9999.0 -9999.0
-9999.0 -9999.0 -9999.0 -9999.0 -9999.0 -9999.0 -9999.0 -9999.0 201.124824 191.572913 197.704968 200.546529 199.559830 204.030859 224.023339 -9999.0 -9999.0
-9999.0 -9999.0 -9999.0 -9999.0 -9999.0 -9999.0 -9999.0 -9999.0 -9999.0 -9999.0 -9999.0 -9999.0 -9999.0 -9999.0 -9999.0 -9999.0 -9999.0