tests/3D/WG1_2.0_001/output-maps-SE27XX/SWEDENSITYN0070.asc
ncols         17
nrows         27
xllcorner     624603.750000
yllcorner     5171346.250000
cellsize      500.000000
NODATA_value  -9999.0
-9999.0 -9999.0 -9999.0 -9999.0 -9999.0 -9999.0 -9999.0 -9999.0 -9999.0 -9999.0 -9999.0 -9999.0 -9999.0 -9999.0 -9999.0 -9999.0 -9999.0
-9999.0 -9999.0 -9999.0 -9999.0 -9999.0 -9999.0 -9999.0 -9999.0 -9999.0 -9999.0 -9999.0 233.238324 662.770085 658.723222 -9999.0 -9999.0 -9999.0
-9999.0 -9999.0 -9999.0 -9999.0 -9999.0 -9999.0 -9999.0 -9999.0 -9999.0 288.834722 228.589536 233.875300 664.956123 657.581111 666.169526 -9999.0 -9999.0
-9999.0 -9999.0 -9999.0 -9999.0 -9999.0 -9999.0 -9999.0 -9999.0 261.454867 216.658101 257.616563 218.627666 216.068484 669.442022 660.477296 -9999.0 -9999.0
-9999.0 -9999.0 -9999.0 -9999.0 -9999.0 -9999.0 -9999.0 -9999.0 252.184154 230.567024 190.660095 227.923688 658.107019 665.729579 663.513431 -9999.0 -9999.0
-9999.0 -9999.0 -9999.0 -9999.0 -9999.0 -9999.0 -9999.0 251.413221 215.193504 273.027028 241.439556 240.479289 218.761990 656.716177 656.484269 -9999.0 -9999.0
-9999.0 -9999.0 -9999.0 -9999.0 -9999.0 -9999.0 232.809607 225.105380 260.455384 242.494880 173.598143 206.006674 217.259593 248.725334 243.459417 -9999.0 -9999.0
-9999.0 -9999.0 -9999.0 -9999.0 -9999.0 -9999.0 255.630167 210.784872 202.132038 203.203875 257.453719 174.654556 279.945332 243.638892 192.817249 -9999.0 -9999.0
-9999.0 -9999.0 -9999.0 -9999.0 -9999.0 -9999.0 195.415816 193.508802 206.127640 235.307875 234.851487 252.337687 252.017551 212.911054 199.842355 -9999.0 -9999.0
-9999.0 -9999.0 -9999.0 -9999.0 -9999.0 -9999.0 -9999.0 239.362784 203.805934 269.932899 360.603909 217.940386 212.219786 154.288358 239.872116 -9999.0 -9999.0
-9999.0 -9999.0 -9999.0 -9999.0 -9999.0 -9999.0 239.994047 282.954321 230.887405 217.718541 264.513643 213.266199 202.640628 223.402249 239.925537 216.767170 -9999.0
-9999.0 -9999.0 -9999.0 -9999.0 -9999.0 236.851093 241.319468 251.790550 231.637555 222.850588 299.916773 200.613880 192.880039 266.408154 208.027221 222.119344 -9999.0
-9999.0 -9999.0 -9999.0 236.023604 169.566567 192.194405 251.866072 225.883484 266.696262 225.491450 209.535575 228.157422 181.374688 214.356074 244.064446 220.891045 -9999.0
-9999.0 -9999.0 -9999.0 234.809019 185.693654 226.688052 247.732207 260.138900 321.624584 182.705981 297.711950 210.751930 194.035193 215.732746 660.659116 217.226884 -9999.0
-9999.0 -9999.0 236.698624 231.440081 249.738447 187.393376 217.355834 253.262881 246.870030 254.612161 198.166733 198.640035 243.745236 253.068558 182.981282 202.994769 -9999.0
-9999.0 231.332158 217.506736 214.956741 191.265416 236.189904 214.305235 239.234281 246.706658 245.668367 183.969154 217.828565 171.370504 204.581810 205.598785 -9999.0 -9999.0
-9999.0 245.237577 233.121615 263.308779 239.136550 240.671328 188.194761 194.074357 231.683721 221.674634 207.436987 189.433904 188.240838 210.761567 660.200090 667.079146 -9999.0
-9999.0 271.932238 185.522081 179.139257 194.950578 271.760782 195.782553 225.835498 229.580076 243.772932 257.981578 248.151014 197.370751 188.229543 207.094079 -9999.0 -9999.0
-9999.0 215.302278 226.119141 300.351625 270.675263 233.876904 211.165441 206.784735 194.776573 192.698769 200.731054 212.750928 214.246420 244.302655 -9999.0 -9999.0 -9999.0
-9999.0 -9999.0 291.784704 228.152335 239.745390 211.575303 198.771300 195.957181 204.660829 216.137671 223.180113 193.462597 223.995311 196.215451 -9999.0 -9999.0 -9999.0
-9999.0 -9999.0 258.833041 233.607090 213.884961 193.856793 183.746011 192.236710 198.585670 230.706877 206.954075 216.871035 198.323417 -9999.0 -9999.0 -9999.0 -9999.0
-9999.0 -9999.0 -9999.0 -9999.0 199.545061 199.162410 203.932883 269.929097 206.203611 219.604935 235.237090 226.500353 210.163788 -9999.0 -9999.0 -9999.0 -9999.0
-9999.0 -9999.0 -9999.0 -9999.0 -9999.0 191.484763 191.310357 190.819082 240.863686 188.403968 214.844268 214.964891 259.500587 219.672894 -9999.0 -9999.0 -9999.0
-9999.0 -9999.0 -9999.0 -9999.0 -9999.0 -9999.0 189.677520 188.072240 194.607521 192.806874 194.942460 196.303035 207.805834 197.342067 192.634298 -9999.0 -9999.0
-9999.0 -9999.0 -9999.0 -9999.0 -9999.0 -9999.0 -9999.0 183.003784 191.210373 191.438421 191.578887 220.675327 204.312399 257.194046 -9999.0 -9999.0 -9999.0
-9999.0 -9999.0 -9999.0 -9999.0 -9999.0 -9999.0 -9999.0 -9999.0 196.908638 184.629526 190.811354 193.725415 192.260187 196.396315 209.225134 -9999.0 -9999.0
-9999.0 -9999.0 -9999.0 -9999.0 -9999.0 -9999.0 -9999.0 -9999.0 -9999.0 -9999.0 -9999.0 -9999.0 -9999.0 -9999.0 -9999.0 -9999.0 -9999.0