tests/3D/WG1_2.0_001/output-maps-SE27XX/SWEDENSITYN0019.asc
ncols         17
nrows         27
xllcorner     624603.750000
yllcorner     5171346.250000
cellsize      500.000000
NODATA_value  -9999.0
-9999.0 -9999.0 -9999.0 -9999.0 -9999.0 -9999.0 -9999.0 -9999.0 -9999.0 -9999.0 -9999.0 -9999.0 -9999.0 -9999.0 -9999.0 -9999.0 -9999.0
-9999.0 -9999.0 -9999.0 -9999.0 -9999.0 -9999.0 -9999.0 -9999.0 -9999.0 -9999.0 -9999.0 138.902157 665.314515 664.189583 -9999.0 -9999.0 -9999.0
-9999.0 -9999.0 -9999.0 -9999.0 -9999.0 -9999.0 -9999.0 -9999.0 -9999.0 106.113730 105.184470 121.279461 665.908741 663.768158 665.866207 -9999.0 -9999.0
-9999.0 -9999.0 -9999.0 -9999.0 -9999.0 -9999.0 -9999.0 -9999.0 105.796644 109.511288 83.582140 119.923064 113.299680 667.232318 664.588946 -9999.0 -9999.0
-9999.0 -9999.0 -9999.0 -9999.0 -9999.0 -9999.0 -9999.0 -9999.0 110.086321 115.270195 98.227824 123.554773 664.039635 666.378212 665.419311 -9999.0 -9999.0
-9999.0 -9999.0 -9999.0 -9999.0 -9999.0 -9999.0 -9999.0 110.411270 113.935289 113.141946 118.012714 126.029972 121.650858 663.391643 663.074570 -9999.0 -9999.0
-9999.0 -9999.0 -9999.0 -9999.0 -9999.0 -9999.0 105.590995 112.324019 111.744765 119.019665 114.505941 116.043105 125.542331 121.731901 127.769276 -9999.0 -9999.0
-9999.0 -9999.0 -9999.0 -9999.0 -9999.0 -9999.0 106.935056 110.771697 116.784973 121.289557 127.909605 113.708100 107.142560 112.766560 107.208689 -9999.0 -9999.0
-9999.0 -9999.0 -9999.0 -9999.0 -9999.0 -9999.0 111.859375 111.804591 116.749842 116.343594 131.369179 131.032167 125.018347 120.627949 107.709549 -9999.0 -9999.0
-9999.0 -9999.0 -9999.0 -9999.0 -9999.0 -9999.0 -9999.0 114.469242 116.197228 120.619239 150.895451 137.698548 122.173038 102.013889 111.171869 -9999.0 -9999.0
-9999.0 -9999.0 -9999.0 -9999.0 -9999.0 -9999.0 113.995201 111.154137 119.113289 126.770903 146.449929 145.830714 121.625853 113.216998 120.939548 117.539907 -9999.0
-9999.0 -9999.0 -9999.0 -9999.0 -9999.0 114.867300 113.947158 116.356052 123.946788 139.667534 158.926989 151.603144 121.871045 116.447293 114.007218 123.315789 -9999.0
-9999.0 -9999.0 -9999.0 111.825616 107.705854 110.790463 117.585812 126.090528 81.691547 67.940887 165.529206 170.316672 126.251797 118.508789 114.686940 109.961760 -9999.0
-9999.0 -9999.0 -9999.0 117.823795 110.122009 123.174229 74.368546 89.672483 165.704832 80.153695 125.965909 125.592721 116.013574 117.327807 665.410108 109.290895 -9999.0
-9999.0 -9999.0 121.490214 121.834255 123.397480 123.056963 144.307669 64.502396 81.359833 53.323820 82.745064 157.094916 124.753807 108.767405 102.512442 109.293299 -9999.0
-9999.0 65.317877 77.243200 133.873328 134.543785 84.208528 44.057922 52.741380 76.782931 121.753261 130.144650 136.416286 110.873852 116.208800 111.347886 -9999.0 -9999.0
-9999.0 63.733755 131.103228 43.416749 33.428096 30.436925 36.173020 35.721838 50.809684 63.689879 62.128288 122.774584 116.378608 108.459592 664.834614 667.263072 -9999.0
-9999.0 33.417932 76.292567 54.902121 32.378724 1.270920 1.168556 88.772368 38.342030 89.911141 68.836725 86.892404 117.866025 111.759763 111.378212 -9999.0 -9999.0
-9999.0 32.832520 22.262523 18.817081 4.738831 1.182994 32.235552 29.358458 53.817382 105.844139 139.325094 122.346457 113.928924 111.237810 -9999.0 -9999.0 -9999.0
-9999.0 -9999.0 8.334334 2.450364 3.024467 32.864558 87.727090 60.147492 69.930747 53.409253 142.303445 122.896124 118.241614 116.898329 -9999.0 -9999.0 -9999.0
-9999.0 -9999.0 12.698143 1.070355 42.641094 85.076796 126.763171 153.882349 157.656712 73.089652 97.389436 118.805569 121.479714 -9999.0 -9999.0 -9999.0 -9999.0
-9999.0 -9999.0 -9999.0 -9999.0 74.779667 153.683603 141.537559 77.085200 140.746288 142.872900 135.457418 122.033307 117.955426 -9999.0 -9999.0 -9999.0 -9999.0
-9999.0 -9999.0 -9999.0 -9999.0 -9999.0 135.006287 127.685525 134.091237 129.615975 140.689090 135.092522 96.179736 115.533803 114.881897 -9999.0 -9999.0 -9999.0
-9999.0 -9999.0 -9999.0 -9999.0 -9999.0 -9999.0 124.318403 123.033197 124.465853 131.885480 132.231313 129.514675 120.594858 115.675381 113.932774 -9999.0 -9999.0
-9999.0 -9999.0 -9999.0 -9999.0 -9999.0 -9999.0 -9999.0 119.277450 117.778536 120.103771 123.795436 127.620274 122.839955 113.090336 -9999.0 -9999.0 -9999.0
-9999.0 -9999.0 -9999.0 -9999.0 -9999.0 -9999.0 -9999.0 -9999.0 113.524875 118.553177 123.017240 122.969026 120.033486 119.199097 119.047324 -9999.0 -9999.0
-9999.0 -9999.0 -9999.0 -9999.0 -9999.0 -9999.0 -9999.0 -9999.0 -9999.0 -9999.0 -9999.0 -9999.0 -9999.0 -9999.0 -9999.0 -9999.0 -9999.0