tests/3D/WG1_2.0_001/output-maps-SE27XX/SWEDENSITYN0073.asc
ncols         17
nrows         27
xllcorner     624603.750000
yllcorner     5171346.250000
cellsize      500.000000
NODATA_value  -9999.0
-9999.0 -9999.0 -9999.0 -9999.0 -9999.0 -9999.0 -9999.0 -9999.0 -9999.0 -9999.0 -9999.0 -9999.0 -9999.0 -9999.0 -9999.0 -9999.0 -9999.0
-9999.0 -9999.0 -9999.0 -9999.0 -9999.0 -9999.0 -9999.0 -9999.0 -9999.0 -9999.0 -9999.0 243.288011 663.453664 659.502533 -9999.0 -9999.0 -9999.0
-9999.0 -9999.0 -9999.0 -9999.0 -9999.0 -9999.0 -9999.0 -9999.0 -9999.0 345.616828 243.012213 250.093459 665.702995 658.231223 666.631574 -9999.0 -9999.0
-9999.0 -9999.0 -9999.0 -9999.0 -9999.0 -9999.0 -9999.0 -9999.0 301.881761 226.355104 340.812222 229.558967 229.352542 669.847630 661.212997 -9999.0 -9999.0
-9999.0 -9999.0 -9999.0 -9999.0 -9999.0 -9999.0 -9999.0 -9999.0 276.777790 242.899565 207.283560 240.468395 658.602707 666.475690 664.045937 -9999.0 -9999.0
-9999.0 -9999.0 -9999.0 -9999.0 -9999.0 -9999.0 -9999.0 279.917585 225.672787 317.160408 265.583062 256.482822 232.782023 657.291368 657.060271 -9999.0 -9999.0
-9999.0 -9999.0 -9999.0 -9999.0 -9999.0 -9999.0 248.801581 236.870696 350.509102 257.450379 180.629585 215.277220 227.920003 271.268956 262.381649 -9999.0 -9999.0
-9999.0 -9999.0 -9999.0 -9999.0 -9999.0 -9999.0 335.275006 220.582449 211.714370 212.980864 312.921791 182.458329 328.838855 264.184734 201.395388 -9999.0 -9999.0
-9999.0 -9999.0 -9999.0 -9999.0 -9999.0 -9999.0 204.635351 202.745593 215.910011 256.471719 250.944149 285.775786 275.363516 223.364719 208.731749 -9999.0 -9999.0
-9999.0 -9999.0 -9999.0 -9999.0 -9999.0 -9999.0 -9999.0 255.673028 212.751569 301.865044 435.131700 236.339489 222.495896 185.280514 266.040955 -9999.0 -9999.0
-9999.0 -9999.0 -9999.0 -9999.0 -9999.0 -9999.0 266.511501 310.985088 243.394463 227.039595 288.490220 234.916438 211.395671 234.355790 253.983527 228.196433 -9999.0
-9999.0 -9999.0 -9999.0 -9999.0 -9999.0 251.614803 316.313073 283.450586 247.826996 230.964068 346.535332 210.816645 201.295291 296.376175 218.153233 233.034625 -9999.0
-9999.0 -9999.0 -9999.0 285.748656 177.682692 220.837184 272.757104 239.293424 309.614928 241.282502 220.930585 255.559227 189.915975 225.855343 265.975060 238.124412 -9999.0
-9999.0 -9999.0 -9999.0 248.295659 216.238285 237.459400 289.007063 285.336909 363.005858 221.684088 340.466601 226.540533 233.587285 230.324391 661.065615 233.953067 -9999.0
-9999.0 -9999.0 247.901669 242.382869 272.814717 195.535364 226.714044 288.289500 266.267449 285.822978 207.334277 207.625543 295.265477 310.900763 191.240592 213.808998 -9999.0
-9999.0 255.882446 249.510164 223.039567 199.237499 267.867536 224.842687 252.145502 266.001401 269.127455 192.298877 228.655827 178.978608 215.089366 216.730513 -9999.0 -9999.0
-9999.0 292.957285 246.577422 303.331722 267.938849 271.354094 196.968509 197.561469 242.550340 254.978205 245.204826 198.014736 197.337855 228.178664 660.565572 667.519415 -9999.0
-9999.0 295.078567 216.664360 195.560638 203.547050 278.830824 198.834242 251.870209 235.790969 263.648547 297.146742 310.644329 207.163323 198.580953 218.010418 -9999.0 -9999.0
-9999.0 220.987507 230.775830 310.715181 277.358593 238.509225 216.452682 212.170010 201.930772 201.078435 209.378627 225.276161 232.056833 278.792801 -9999.0 -9999.0 -9999.0
-9999.0 -9999.0 297.293879 243.015507 242.916193 216.127029 203.966563 202.025473 212.879387 229.012604 243.620850 202.790131 237.439420 205.912508 -9999.0 -9999.0 -9999.0
-9999.0 -9999.0 259.408536 235.095707 217.834593 200.770210 190.037558 199.636180 206.275810 254.874675 220.483436 251.957241 208.540591 -9999.0 -9999.0 -9999.0 -9999.0
-9999.0 -9999.0 -9999.0 -9999.0 206.521169 207.098546 213.079755 293.420092 214.944496 229.278616 265.277006 249.417914 220.133502 -9999.0 -9999.0 -9999.0 -9999.0
-9999.0 -9999.0 -9999.0 -9999.0 -9999.0 199.722741 199.982179 200.146585 266.205291 197.230253 223.425096 250.735095 296.006030 240.361206 -9999.0 -9999.0 -9999.0
-9999.0 -9999.0 -9999.0 -9999.0 -9999.0 -9999.0 198.871372 197.587755 204.591261 202.666324 204.854571 205.720364 218.742733 207.222044 202.639600 -9999.0 -9999.0
-9999.0 -9999.0 -9999.0 -9999.0 -9999.0 -9999.0 -9999.0 191.718282 200.594957 200.654255 201.406736 230.568939 215.275139 293.085579 -9999.0 -9999.0 -9999.0
-9999.0 -9999.0 -9999.0 -9999.0 -9999.0 -9999.0 -9999.0 -9999.0 202.935367 194.230208 200.244584 203.078154 202.277871 206.882799 231.209589 -9999.0 -9999.0
-9999.0 -9999.0 -9999.0 -9999.0 -9999.0 -9999.0 -9999.0 -9999.0 -9999.0 -9999.0 -9999.0 -9999.0 -9999.0 -9999.0 -9999.0 -9999.0 -9999.0