tests/3D/WG1_2.0_001/output-maps-SE27XX/SWEDENSITYN0048.asc
ncols         17
nrows         27
xllcorner     624603.750000
yllcorner     5171346.250000
cellsize      500.000000
NODATA_value  -9999.0
-9999.0 -9999.0 -9999.0 -9999.0 -9999.0 -9999.0 -9999.0 -9999.0 -9999.0 -9999.0 -9999.0 -9999.0 -9999.0 -9999.0 -9999.0 -9999.0 -9999.0
-9999.0 -9999.0 -9999.0 -9999.0 -9999.0 -9999.0 -9999.0 -9999.0 -9999.0 -9999.0 -9999.0 260.780688 666.583124 664.402911 -9999.0 -9999.0 -9999.0
-9999.0 -9999.0 -9999.0 -9999.0 -9999.0 -9999.0 -9999.0 -9999.0 -9999.0 242.915912 294.639170 274.266909 667.871555 663.190411 668.518122 -9999.0 -9999.0
-9999.0 -9999.0 -9999.0 -9999.0 -9999.0 -9999.0 -9999.0 -9999.0 307.782421 258.077248 299.554318 250.544699 269.696065 670.032082 665.849846 -9999.0 -9999.0
-9999.0 -9999.0 -9999.0 -9999.0 -9999.0 -9999.0 -9999.0 -9999.0 316.960083 296.431576 294.260843 263.554867 663.084900 668.259545 667.691576 -9999.0 -9999.0
-9999.0 -9999.0 -9999.0 -9999.0 -9999.0 -9999.0 -9999.0 317.650054 271.713992 327.686053 331.190161 276.991526 248.299371 662.117934 661.970911 -9999.0 -9999.0
-9999.0 -9999.0 -9999.0 -9999.0 -9999.0 -9999.0 263.461184 277.749670 37.367686 342.792866 204.890490 224.280635 236.379847 277.048894 280.218649 -9999.0 -9999.0
-9999.0 -9999.0 -9999.0 -9999.0 -9999.0 -9999.0 270.688339 305.344314 237.070606 270.979193 298.607026 213.143205 310.895515 319.440509 221.322537 -9999.0 -9999.0
-9999.0 -9999.0 -9999.0 -9999.0 -9999.0 -9999.0 209.316794 206.504462 275.227149 310.508055 378.687120 347.709295 320.156829 244.556769 212.448219 -9999.0 -9999.0
-9999.0 -9999.0 -9999.0 -9999.0 -9999.0 -9999.0 -9999.0 320.210789 286.453868 331.682040 326.432301 300.735572 264.267565 -nan 320.518004 -9999.0 -9999.0
-9999.0 -9999.0 -9999.0 -9999.0 -9999.0 -9999.0 286.913685 298.223373 332.042718 343.384765 332.593409 309.450874 246.313228 311.956877 267.890196 244.303253 -9999.0
-9999.0 -9999.0 -9999.0 -9999.0 -9999.0 268.894358 271.702968 299.260438 337.102526 304.817321 333.645340 316.243834 282.891370 330.646726 231.842875 243.613754 -9999.0
-9999.0 -9999.0 -9999.0 251.194549 173.448885 86.906134 281.997888 312.706397 300.501156 326.373089 333.521414 298.870623 253.994497 260.804664 293.330349 284.371939 -9999.0
-9999.0 -9999.0 -9999.0 270.221359 253.871886 300.704549 282.478012 306.767267 193.089172 -nan 171.111227 321.876321 -nan 285.847733 664.936292 291.054249 -9999.0
-9999.0 -9999.0 267.785061 275.896774 287.767716 216.905131 311.348086 306.685340 310.051510 319.243782 312.045149 284.465755 328.349700 308.741936 210.613234 213.252215 -9999.0
-9999.0 -nan -nan 284.797333 218.063552 -nan 305.582918 308.923800 314.800702 -nan 259.183859 316.928363 194.254526 238.032275 241.138046 -9999.0 -9999.0
-9999.0 -nan 279.586837 -nan -nan -nan -nan -nan 317.944660 -nan -nan 238.583985 241.041591 258.823582 664.069170 668.754709 -9999.0
-9999.0 -nan -nan -nan -nan -nan -nan -nan 296.848463 270.269725 66.491002 271.681568 210.736712 230.546694 223.081267 -9999.0 -9999.0
-9999.0 -nan 291.149541 -nan -nan -nan 302.630581 278.971356 269.739184 250.302549 260.728858 297.378015 267.797644 271.712517 -9999.0 -9999.0 -9999.0
-9999.0 -9999.0 -nan -nan -nan 285.035276 277.928649 277.926436 314.121416 282.742980 305.916374 249.611382 297.467682 212.371479 -9999.0 -9999.0 -9999.0
-9999.0 -9999.0 -nan -nan 277.937984 240.063824 273.649317 237.554829 237.831055 293.528809 280.021855 273.430859 211.824223 -9999.0 -9999.0 -9999.0 -9999.0
-9999.0 -9999.0 -9999.0 -9999.0 247.365686 243.641213 272.396413 -nan 279.627741 306.167242 281.145560 280.650879 269.521451 -9999.0 -9999.0 -9999.0 -9999.0
-9999.0 -9999.0 -9999.0 -9999.0 -9999.0 213.698496 221.618125 222.088403 263.999021 219.889240 287.517668 256.602206 270.670725 273.904056 -9999.0 -9999.0 -9999.0
-9999.0 -9999.0 -9999.0 -9999.0 -9999.0 -9999.0 225.029488 213.733937 238.680872 230.531966 239.557679 240.001337 275.975795 247.265872 235.505469 -9999.0 -9999.0
-9999.0 -9999.0 -9999.0 -9999.0 -9999.0 -9999.0 -9999.0 209.936761 222.632835 222.098794 233.832971 269.856011 257.431661 256.565045 -9999.0 -9999.0 -9999.0
-9999.0 -9999.0 -9999.0 -9999.0 -9999.0 -9999.0 -9999.0 -9999.0 204.519390 203.294740 234.941406 239.536229 234.483166 205.118441 206.236875 -9999.0 -9999.0
-9999.0 -9999.0 -9999.0 -9999.0 -9999.0 -9999.0 -9999.0 -9999.0 -9999.0 -9999.0 -9999.0 -9999.0 -9999.0 -9999.0 -9999.0 -9999.0 -9999.0