tests/3D/WG1_2.0_001/output-maps-SE27XX/SWEN0074.asc
ncols         17
nrows         27
xllcorner     624603.750000
yllcorner     5171346.250000
cellsize      500.000000
NODATA_value  -9999.0
-9999.0 -9999.0 -9999.0 -9999.0 -9999.0 -9999.0 -9999.0 -9999.0 -9999.0 -9999.0 -9999.0 -9999.0 -9999.0 -9999.0 -9999.0 -9999.0 -9999.0
-9999.0 -9999.0 -9999.0 -9999.0 -9999.0 -9999.0 -9999.0 -9999.0 -9999.0 -9999.0 -9999.0 107.243985 20104.075097 20139.226015 -9999.0 -9999.0 -9999.0
-9999.0 -9999.0 -9999.0 -9999.0 -9999.0 -9999.0 -9999.0 -9999.0 -9999.0 13.824899 63.425579 89.552976 20101.869096 20131.118580 20099.212145 -9999.0 -9999.0
-9999.0 -9999.0 -9999.0 -9999.0 -9999.0 -9999.0 -9999.0 -9999.0 32.660155 79.306031 25.094615 98.081767 87.042077 20065.327635 20135.616021 -9999.0 -9999.0
-9999.0 -9999.0 -9999.0 -9999.0 -9999.0 -9999.0 -9999.0 -9999.0 56.404832 79.118962 39.756614 97.761805 20111.191547 20103.512125 20130.948088 -9999.0 -9999.0
-9999.0 -9999.0 -9999.0 -9999.0 -9999.0 -9999.0 -9999.0 45.869972 71.143345 36.081225 66.355883 91.958022 95.619072 20127.034118 20122.857067 -9999.0 -9999.0
-9999.0 -9999.0 -9999.0 -9999.0 -9999.0 -9999.0 42.481780 68.483285 20.741441 52.616272 30.460627 80.700214 108.236948 95.524117 108.642053 -9999.0 -9999.0
-9999.0 -9999.0 -9999.0 -9999.0 -9999.0 -9999.0 22.413520 56.100353 68.902489 62.764188 31.720394 32.336461 31.341070 74.647008 69.290338 -9999.0 -9999.0
-9999.0 -9999.0 -9999.0 -9999.0 -9999.0 -9999.0 62.351853 58.223019 62.987714 33.250321 61.888312 45.135797 77.028002 98.240022 76.155128 -9999.0 -9999.0
-9999.0 -9999.0 -9999.0 -9999.0 -9999.0 -9999.0 -9999.0 55.743049 55.021559 34.889704 21.419007 40.362323 79.277191 8.700319 63.629494 -9999.0 -9999.0
-9999.0 -9999.0 -9999.0 -9999.0 -9999.0 -9999.0 47.507208 18.521807 55.709852 48.387767 41.322858 44.578102 63.775926 68.414818 93.396199 90.889200 -9999.0
-9999.0 -9999.0 -9999.0 -9999.0 -9999.0 45.908699 26.980799 32.492416 44.722371 38.407067 35.188396 46.330927 42.833969 57.446200 89.134299 98.072282 -9999.0
-9999.0 -9999.0 -9999.0 15.385322 28.352389 9.340369 35.959203 40.865015 31.908443 39.446289 48.510146 33.548538 38.981915 82.045439 77.832311 66.201063 -9999.0
-9999.0 -9999.0 -9999.0 41.132908 9.288467 52.158124 23.259677 34.296682 19.339488 8.063374 13.967864 42.829714 5.824672 57.934831 20090.082458 69.703712 -9999.0
-9999.0 -9999.0 41.711102 43.984065 36.403229 38.866943 48.142857 28.845461 29.882363 36.321436 47.898490 47.449666 37.368706 29.676308 34.837106 80.020315 -9999.0
-9999.0 13.908327 11.406173 44.577221 40.861085 13.522317 42.898311 32.395526 29.785798 14.680828 32.440776 62.848550 28.190092 75.289975 78.780780 -9999.0 -9999.0
-9999.0 14.807966 29.139400 13.830866 9.512997 10.088224 6.018447 5.355667 34.865521 9.956826 12.909610 43.829204 48.836011 45.973202 20074.824749 20059.635080 -9999.0
-9999.0 18.633978 7.863745 6.723932 6.547439 10.872901 3.932913 9.555346 26.572444 20.384488 18.303767 24.553832 61.815110 54.236570 70.622261 -9999.0 -9999.0
-9999.0 7.027347 32.506161 12.911144 11.075355 9.671972 28.212283 29.215021 35.054266 41.966026 48.588872 46.094319 45.768917 36.334460 -9999.0 -9999.0 -9999.0
-9999.0 -9999.0 14.735622 6.698835 24.752573 25.401186 27.041356 29.669798 45.434670 28.142598 45.423992 52.240407 53.745202 62.285041 -9999.0 -9999.0 -9999.0
-9999.0 -9999.0 3.285685 5.838169 22.774166 36.365709 24.747004 38.134509 42.873624 29.445006 39.564401 10.597088 64.094614 -9999.0 -9999.0 -9999.0 -9999.0
-9999.0 -9999.0 -9999.0 -9999.0 40.235621 43.967984 51.643245 19.629950 45.060317 51.008623 35.654857 43.649670 48.885335 -9999.0 -9999.0 -9999.0 -9999.0
-9999.0 -9999.0 -9999.0 -9999.0 -9999.0 41.548924 45.298051 47.747262 28.622013 42.349893 46.208628 13.082148 18.153559 41.663764 -9999.0 -9999.0 -9999.0
-9999.0 -9999.0 -9999.0 -9999.0 -9999.0 -9999.0 48.157540 47.048495 51.844082 51.278217 51.638632 49.724776 55.293299 49.808090 50.686708 -9999.0 -9999.0
-9999.0 -9999.0 -9999.0 -9999.0 -9999.0 -9999.0 -9999.0 42.818535 45.656158 45.542408 51.053782 50.935890 54.627046 22.888638 -9999.0 -9999.0 -9999.0
-9999.0 -9999.0 -9999.0 -9999.0 -9999.0 -9999.0 -9999.0 -9999.0 36.996390 43.881997 50.913180 53.447073 55.152352 62.309322 35.362274 -9999.0 -9999.0
-9999.0 -9999.0 -9999.0 -9999.0 -9999.0 -9999.0 -9999.0 -9999.0 -9999.0 -9999.0 -9999.0 -9999.0 -9999.0 -9999.0 -9999.0 -9999.0 -9999.0