tests/3D/WG1_2.0_001/output-maps-SE27XX/SWEN0034.asc
ncols         17
nrows         27
xllcorner     624603.750000
yllcorner     5171346.250000
cellsize      500.000000
NODATA_value  -9999.0
-9999.0 -9999.0 -9999.0 -9999.0 -9999.0 -9999.0 -9999.0 -9999.0 -9999.0 -9999.0 -9999.0 -9999.0 -9999.0 -9999.0 -9999.0 -9999.0 -9999.0
-9999.0 -9999.0 -9999.0 -9999.0 -9999.0 -9999.0 -9999.0 -9999.0 -9999.0 -9999.0 -9999.0 29.784175 20043.646459 20059.500237 -9999.0 -9999.0 -9999.0
-9999.0 -9999.0 -9999.0 -9999.0 -9999.0 -9999.0 -9999.0 -9999.0 -9999.0 11.889638 18.644192 25.537996 20042.688287 20055.827051 20041.637943 -9999.0 -9999.0
-9999.0 -9999.0 -9999.0 -9999.0 -9999.0 -9999.0 -9999.0 -9999.0 15.730245 19.733837 17.982060 25.080184 22.857339 20025.874919 20058.216268 -9999.0 -9999.0
-9999.0 -9999.0 -9999.0 -9999.0 -9999.0 -9999.0 -9999.0 -9999.0 16.986920 20.866297 12.998863 25.155926 20047.143696 20043.742228 20056.184317 -9999.0 -9999.0
-9999.0 -9999.0 -9999.0 -9999.0 -9999.0 -9999.0 -9999.0 16.068415 17.378865 15.784587 21.863960 24.563539 24.960476 20054.177109 20052.791972 -9999.0 -9999.0
-9999.0 -9999.0 -9999.0 -9999.0 -9999.0 -9999.0 11.256604 16.733031 14.212751 15.796052 9.250817 26.757951 35.933693 27.424101 29.842768 -9999.0 -9999.0
-9999.0 -9999.0 -9999.0 -9999.0 -9999.0 -9999.0 12.818556 13.956752 21.290370 15.514025 14.609223 9.902600 18.307331 24.806925 24.074176 -9999.0 -9999.0
-9999.0 -9999.0 -9999.0 -9999.0 -9999.0 -9999.0 19.199341 17.026815 15.148091 11.765725 18.098149 18.050518 22.866289 31.213468 24.954006 -9999.0 -9999.0
-9999.0 -9999.0 -9999.0 -9999.0 -9999.0 -9999.0 -9999.0 14.698786 13.013407 13.661560 12.927815 15.442111 20.480864 11.324439 22.493496 -9999.0 -9999.0
-9999.0 -9999.0 -9999.0 -9999.0 -9999.0 -9999.0 12.673624 11.671120 14.301005 14.166095 13.664901 14.455031 19.963587 19.708070 24.127882 23.432041 -9999.0
-9999.0 -9999.0 -9999.0 -9999.0 -9999.0 10.879310 11.355591 12.204773 13.626346 12.264972 13.928095 14.195730 11.960365 19.591604 29.959714 25.365954 -9999.0
-9999.0 -9999.0 -9999.0 9.399326 6.008166 9.485237 10.767292 12.439408 12.512999 13.812285 14.626067 12.181567 11.095021 19.428468 20.957653 19.234229 -9999.0
-9999.0 -9999.0 -9999.0 10.345853 8.569452 11.909841 8.884818 11.688586 10.572187 9.514685 10.891299 13.777512 12.148550 14.967551 20035.822597 20.028642 -9999.0
-9999.0 -9999.0 9.959669 10.197397 10.951534 8.122881 11.011273 10.606853 9.668322 12.512899 11.795489 11.774636 14.765463 14.759054 8.688321 24.551782 -9999.0
-9999.0 8.264657 8.387053 9.694172 8.130106 8.277021 10.445946 9.574025 9.559961 5.932877 8.558643 14.456013 7.001168 21.686252 22.241818 -9999.0 -9999.0
-9999.0 8.732811 9.439549 8.911277 8.773204 8.950145 7.412316 7.384183 10.051566 7.935211 7.850471 10.415289 13.476556 10.745807 20028.512984 20022.141060 -9999.0
-9999.0 9.620461 7.734568 7.698562 7.649857 8.031123 6.745268 8.933437 8.218740 6.415202 9.804851 10.450243 16.147910 11.951785 15.686738 -9999.0 -9999.0
-9999.0 8.826629 9.537558 7.648662 8.918046 7.179931 8.175551 7.584629 7.791241 8.401830 11.138734 12.068335 10.436531 12.201557 -9999.0 -9999.0 -9999.0
-9999.0 -9999.0 6.369417 8.116322 6.793926 6.802842 6.501597 7.282981 9.648618 8.861003 11.628936 13.920431 12.513432 18.556143 -9999.0 -9999.0 -9999.0
-9999.0 -9999.0 6.826184 6.153845 6.093204 7.759716 5.798839 8.004354 8.852776 10.050820 9.081403 10.231463 17.090511 -9999.0 -9999.0 -9999.0 -9999.0
-9999.0 -9999.0 -9999.0 -9999.0 8.261524 9.008899 10.450787 8.805255 9.318459 10.986580 10.264144 10.468688 10.377920 -9999.0 -9999.0 -9999.0 -9999.0
-9999.0 -9999.0 -9999.0 -9999.0 -9999.0 8.244380 9.136896 9.202966 9.269863 8.525883 9.750753 7.789816 10.592195 11.166056 -9999.0 -9999.0 -9999.0
-9999.0 -9999.0 -9999.0 -9999.0 -9999.0 -9999.0 11.686657 9.351588 10.360729 9.792175 10.004874 9.708220 11.279183 10.250004 10.477549 -9999.0 -9999.0
-9999.0 -9999.0 -9999.0 -9999.0 -9999.0 -9999.0 -9999.0 11.042602 9.087034 9.053733 11.116132 10.122585 10.586543 10.293233 -9999.0 -9999.0 -9999.0
-9999.0 -9999.0 -9999.0 -9999.0 -9999.0 -9999.0 -9999.0 -9999.0 7.277724 8.576044 13.383357 14.546814 13.258338 15.815946 7.160051 -9999.0 -9999.0
-9999.0 -9999.0 -9999.0 -9999.0 -9999.0 -9999.0 -9999.0 -9999.0 -9999.0 -9999.0 -9999.0 -9999.0 -9999.0 -9999.0 -9999.0 -9999.0 -9999.0