tests/3D/WG1_2.0_001/output-maps-SE27XX/SWEN0041.asc
ncols         17
nrows         27
xllcorner     624603.750000
yllcorner     5171346.250000
cellsize      500.000000
NODATA_value  -9999.0
-9999.0 -9999.0 -9999.0 -9999.0 -9999.0 -9999.0 -9999.0 -9999.0 -9999.0 -9999.0 -9999.0 -9999.0 -9999.0 -9999.0 -9999.0 -9999.0 -9999.0
-9999.0 -9999.0 -9999.0 -9999.0 -9999.0 -9999.0 -9999.0 -9999.0 -9999.0 -9999.0 -9999.0 40.007935 20051.543992 20069.790891 -9999.0 -9999.0 -9999.0
-9999.0 -9999.0 -9999.0 -9999.0 -9999.0 -9999.0 -9999.0 -9999.0 -9999.0 12.699308 25.889907 35.272628 20050.426798 20065.575474 20048.977408 -9999.0 -9999.0
-9999.0 -9999.0 -9999.0 -9999.0 -9999.0 -9999.0 -9999.0 -9999.0 16.911216 27.696532 18.804475 34.675611 31.379683 20030.789410 20068.124315 -9999.0 -9999.0
-9999.0 -9999.0 -9999.0 -9999.0 -9999.0 -9999.0 -9999.0 -9999.0 23.664510 29.426886 17.111804 34.863011 20055.500621 20051.472090 20065.753030 -9999.0 -9999.0
-9999.0 -9999.0 -9999.0 -9999.0 -9999.0 -9999.0 -9999.0 18.580487 24.880428 16.738759 29.050517 34.069741 34.304882 20063.619704 20061.812087 -9999.0 -9999.0
-9999.0 -9999.0 -9999.0 -9999.0 -9999.0 -9999.0 15.044463 24.386542 12.679194 19.304457 12.217351 34.097735 45.512224 37.505123 40.609105 -9999.0 -9999.0
-9999.0 -9999.0 -9999.0 -9999.0 -9999.0 -9999.0 13.715534 19.412072 27.873091 22.171746 15.423730 13.004934 19.082180 32.331341 30.101065 -9999.0 -9999.0
-9999.0 -9999.0 -9999.0 -9999.0 -9999.0 -9999.0 25.345755 22.806281 22.061554 13.457694 24.652400 21.596067 31.088026 40.171513 31.803957 -9999.0 -9999.0
-9999.0 -9999.0 -9999.0 -9999.0 -9999.0 -9999.0 -9999.0 19.653104 18.927991 13.836509 11.027914 18.987272 28.468214 10.654476 29.702289 -9999.0 -9999.0
-9999.0 -9999.0 -9999.0 -9999.0 -9999.0 -9999.0 17.345331 12.305386 19.422731 18.253826 15.263159 18.231935 26.088264 27.155740 33.641619 32.425364 -9999.0
-9999.0 -9999.0 -9999.0 -9999.0 -9999.0 15.798357 14.314258 14.302338 18.012808 15.583959 14.686473 18.760876 16.726545 26.218311 37.976998 35.066359 -9999.0
-9999.0 -9999.0 -9999.0 11.855785 9.109598 10.788650 13.490208 16.832155 14.672957 16.442635 18.696839 14.823642 15.467902 28.010093 29.711758 26.963782 -9999.0
-9999.0 -9999.0 -9999.0 14.501966 10.718618 17.742270 13.174394 14.583459 11.367442 8.304192 9.673131 18.443984 9.759657 21.645108 20043.225481 28.437036 -9999.0
-9999.0 -9999.0 14.620159 15.212001 14.355659 12.571813 16.381959 13.379496 12.258455 15.492369 17.655474 17.266915 17.179287 16.391095 12.343167 32.181919 -9999.0
-9999.0 10.625668 10.480472 14.993825 12.977189 10.451452 15.810853 12.874553 11.686474 8.182713 12.947125 21.761780 9.803517 29.164166 30.097674 -9999.0 -9999.0
-9999.0 11.255782 12.725288 9.837892 8.248120 9.528338 4.900494 4.354342 13.611163 9.177353 9.458241 15.200427 18.736954 15.941145 20034.935908 20027.353598 -9999.0
-9999.0 10.617225 6.366621 6.313078 5.055475 7.992693 4.082406 7.579852 11.975260 10.204077 12.284460 14.440370 22.661992 18.067709 23.389748 -9999.0 -9999.0
-9999.0 8.235836 13.889110 7.095402 7.868008 6.836769 12.692389 12.282764 12.619662 13.532398 16.707918 16.862020 15.839881 15.706742 -9999.0 -9999.0 -9999.0
-9999.0 -9999.0 7.418810 6.429481 11.065276 11.194743 10.672752 11.725898 15.358708 13.078745 16.922442 19.559888 18.723047 24.745248 -9999.0 -9999.0 -9999.0
-9999.0 -9999.0 4.177566 5.482044 10.063155 12.467500 9.642136 12.493564 13.834603 13.942861 14.171256 11.009111 23.794244 -9999.0 -9999.0 -9999.0 -9999.0
-9999.0 -9999.0 -9999.0 -9999.0 13.315185 14.217334 16.698721 11.071192 14.558662 16.920185 14.705096 15.750682 16.064720 -9999.0 -9999.0 -9999.0 -9999.0
-9999.0 -9999.0 -9999.0 -9999.0 -9999.0 13.087623 14.450868 14.910781 12.790773 13.357074 14.966202 10.592527 11.893306 15.415369 -9999.0 -9999.0 -9999.0
-9999.0 -9999.0 -9999.0 -9999.0 -9999.0 -9999.0 17.172562 14.911308 16.416471 15.820694 16.003417 15.450450 17.688818 15.898593 16.198929 -9999.0 -9999.0
-9999.0 -9999.0 -9999.0 -9999.0 -9999.0 -9999.0 -9999.0 15.797835 14.342616 14.219386 16.900267 16.132725 16.937513 13.542195 -9999.0 -9999.0 -9999.0
-9999.0 -9999.0 -9999.0 -9999.0 -9999.0 -9999.0 -9999.0 -9999.0 11.424642 13.491339 18.830181 20.181498 19.248248 22.371636 11.213872 -9999.0 -9999.0
-9999.0 -9999.0 -9999.0 -9999.0 -9999.0 -9999.0 -9999.0 -9999.0 -9999.0 -9999.0 -9999.0 -9999.0 -9999.0 -9999.0 -9999.0 -9999.0 -9999.0