tests/3D/WG1_2.0_001/output-maps-SE27XX/SWEN0047.asc
ncols         17
nrows         27
xllcorner     624603.750000
yllcorner     5171346.250000
cellsize      500.000000
NODATA_value  -9999.0
-9999.0 -9999.0 -9999.0 -9999.0 -9999.0 -9999.0 -9999.0 -9999.0 -9999.0 -9999.0 -9999.0 -9999.0 -9999.0 -9999.0 -9999.0 -9999.0 -9999.0
-9999.0 -9999.0 -9999.0 -9999.0 -9999.0 -9999.0 -9999.0 -9999.0 -9999.0 -9999.0 -9999.0 41.137827 20051.970989 20070.678445 -9999.0 -9999.0 -9999.0
-9999.0 -9999.0 -9999.0 -9999.0 -9999.0 -9999.0 -9999.0 -9999.0 -9999.0 7.483665 24.479533 34.832067 20050.776463 20066.435976 20049.188476 -9999.0 -9999.0
-9999.0 -9999.0 -9999.0 -9999.0 -9999.0 -9999.0 -9999.0 -9999.0 12.701046 28.369226 11.032401 35.623340 32.093085 20030.506005 20068.894300 -9999.0 -9999.0
-9999.0 -9999.0 -9999.0 -9999.0 -9999.0 -9999.0 -9999.0 -9999.0 22.052034 29.699894 14.946084 35.810624 20055.712386 20051.728587 20066.329627 -9999.0 -9999.0
-9999.0 -9999.0 -9999.0 -9999.0 -9999.0 -9999.0 -9999.0 15.572222 25.425310 12.101660 27.020030 34.823561 35.125253 20064.295668 20062.368129 -9999.0 -9999.0
-9999.0 -9999.0 -9999.0 -9999.0 -9999.0 -9999.0 13.850673 24.817848 6.218734 17.594300 10.722592 34.502672 46.548261 37.373389 41.284654 -9999.0 -9999.0
-9999.0 -9999.0 -9999.0 -9999.0 -9999.0 -9999.0 9.124171 19.171403 28.151120 22.002350 8.878370 11.402529 13.175569 30.192102 30.241471 -9999.0 -9999.0
-9999.0 -9999.0 -9999.0 -9999.0 -9999.0 -9999.0 25.799394 23.179683 22.063483 10.781457 20.793074 16.360188 30.530045 41.006426 32.291224 -9999.0 -9999.0
-9999.0 -9999.0 -9999.0 -9999.0 -9999.0 -9999.0 -9999.0 18.776190 18.730164 8.335093 7.216954 13.307370 28.824742 4.200496 26.753374 -9999.0 -9999.0
-9999.0 -9999.0 -9999.0 -9999.0 -9999.0 -9999.0 15.753792 8.451502 19.043448 16.011876 10.790560 12.780372 25.902676 26.401907 34.608111 33.283626 -9999.0
-9999.0 -9999.0 -9999.0 -9999.0 -9999.0 15.216744 11.620130 11.320671 16.407368 12.544865 8.739019 13.499105 14.371814 23.327019 38.733595 36.030471 -9999.0
-9999.0 -9999.0 -9999.0 8.394229 8.944988 5.973679 11.494644 15.155340 8.898374 10.718872 13.200998 8.037885 12.448919 28.674225 29.599219 26.165299 -9999.0
-9999.0 -9999.0 -9999.0 12.925432 6.288058 17.483414 10.601665 10.889526 5.111213 0.668831 3.982031 12.803737 0.000000 21.271087 20043.477547 27.487357 -9999.0
-9999.0 -9999.0 13.729984 14.633109 12.109885 12.462204 15.469161 8.029071 6.918304 8.168726 13.351724 14.826242 10.991702 10.926728 12.250299 33.035501 -9999.0
-9999.0 4.533093 3.261284 13.797402 13.026077 4.605315 13.317450 7.216118 5.865499 2.485501 9.127349 21.171828 9.253504 29.793442 30.835306 -9999.0 -9999.0
-9999.0 4.450425 9.091274 0.000000 0.000000 0.063940 0.000000 0.000000 6.568150 2.472715 3.156190 14.987571 18.792882 16.028935 20035.082621 20027.275889 -9999.0
-9999.0 0.000000 0.089835 0.000000 0.000000 0.000000 0.000000 1.627471 5.416723 5.642737 6.663540 11.929675 23.283408 18.354292 24.092290 -9999.0 -9999.0
-9999.0 0.000000 7.118700 0.000000 0.040784 0.000000 5.840480 6.924287 8.559514 11.670931 16.532574 15.737093 15.696685 13.293544 -9999.0 -9999.0 -9999.0
-9999.0 -9999.0 0.000000 0.000000 2.469581 5.802035 6.289964 7.956223 12.236999 9.492116 15.640728 19.802787 18.266142 25.247971 -9999.0 -9999.0 -9999.0
-9999.0 -9999.0 0.000000 0.000000 5.057584 9.406080 7.075642 11.617469 13.035160 10.115091 12.807339 6.414493 24.351431 -9999.0 -9999.0 -9999.0 -9999.0
-9999.0 -9999.0 -9999.0 -9999.0 11.285548 13.560744 16.131441 4.900608 13.950050 15.879058 11.910382 15.159059 16.356465 -9999.0 -9999.0 -9999.0 -9999.0
-9999.0 -9999.0 -9999.0 -9999.0 -9999.0 13.414113 14.789967 15.322807 9.938990 13.498702 14.328987 6.921682 8.148354 13.747187 -9999.0 -9999.0 -9999.0
-9999.0 -9999.0 -9999.0 -9999.0 -9999.0 -9999.0 17.531741 15.252242 16.654680 16.229970 16.319582 15.824141 18.017612 16.193497 16.542170 -9999.0 -9999.0
-9999.0 -9999.0 -9999.0 -9999.0 -9999.0 -9999.0 -9999.0 16.150341 14.515696 14.355761 17.225334 16.479957 17.390304 10.826859 -9999.0 -9999.0 -9999.0
-9999.0 -9999.0 -9999.0 -9999.0 -9999.0 -9999.0 -9999.0 -9999.0 11.595533 13.695987 19.201264 20.574153 19.620948 22.900407 11.551382 -9999.0 -9999.0
-9999.0 -9999.0 -9999.0 -9999.0 -9999.0 -9999.0 -9999.0 -9999.0 -9999.0 -9999.0 -9999.0 -9999.0 -9999.0 -9999.0 -9999.0 -9999.0 -9999.0