tests/3D/WG1_2.0_001/output-maps-SE27XX/SWEN0088.asc
ncols         17
nrows         27
xllcorner     624603.750000
yllcorner     5171346.250000
cellsize      500.000000
NODATA_value  -9999.0
-9999.0 -9999.0 -9999.0 -9999.0 -9999.0 -9999.0 -9999.0 -9999.0 -9999.0 -9999.0 -9999.0 -9999.0 -9999.0 -9999.0 -9999.0 -9999.0 -9999.0
-9999.0 -9999.0 -9999.0 -9999.0 -9999.0 -9999.0 -9999.0 -9999.0 -9999.0 -9999.0 -9999.0 151.031240 20140.307628 20186.340390 -9999.0 -9999.0 -9999.0
-9999.0 -9999.0 -9999.0 -9999.0 -9999.0 -9999.0 -9999.0 -9999.0 -9999.0 31.248709 94.054081 131.366535 20137.512033 20175.824573 20135.411560 -9999.0 -9999.0
-9999.0 -9999.0 -9999.0 -9999.0 -9999.0 -9999.0 -9999.0 -9999.0 58.089882 111.518728 53.384220 139.358776 124.527980 20090.992033 20182.670351 -9999.0 -9999.0
-9999.0 -9999.0 -9999.0 -9999.0 -9999.0 -9999.0 -9999.0 -9999.0 83.922197 113.075145 60.772992 139.089882 20149.288507 20140.351118 20176.686595 -9999.0 -9999.0
-9999.0 -9999.0 -9999.0 -9999.0 -9999.0 -9999.0 -9999.0 71.381030 99.469818 61.790495 101.325870 131.886900 136.303807 20170.011984 20165.493942 -9999.0 -9999.0
-9999.0 -9999.0 -9999.0 -9999.0 -9999.0 -9999.0 60.708951 95.403271 42.363179 78.254813 45.876869 110.925091 148.866469 140.153105 157.479195 -9999.0 -9999.0
-9999.0 -9999.0 -9999.0 -9999.0 -9999.0 -9999.0 40.334263 78.415824 92.632982 88.245096 54.053772 48.849104 61.115742 114.730076 96.623878 -9999.0 -9999.0
-9999.0 -9999.0 -9999.0 -9999.0 -9999.0 -9999.0 81.564242 77.306076 87.027543 52.145919 92.086096 74.814177 113.724768 135.917497 106.071186 -9999.0 -9999.0
-9999.0 -9999.0 -9999.0 -9999.0 -9999.0 -9999.0 -9999.0 78.234671 75.611981 56.344484 39.748525 64.970327 111.355032 24.660910 99.675761 -9999.0 -9999.0
-9999.0 -9999.0 -9999.0 -9999.0 -9999.0 -9999.0 66.222513 35.403613 77.583513 70.793436 63.204486 68.125926 87.909394 100.074357 132.537492 128.942751 -9999.0
-9999.0 -9999.0 -9999.0 -9999.0 -9999.0 61.300000 42.336565 50.080727 65.337751 57.369107 56.386907 69.302359 62.097937 88.395716 120.719294 137.866717 -9999.0
-9999.0 -9999.0 -9999.0 25.941085 36.636801 17.203985 50.756569 58.827692 49.664023 60.250033 71.326581 52.536806 56.738077 113.763260 111.184247 96.909935 -9999.0
-9999.0 -9999.0 -9999.0 53.491355 15.910749 67.456365 34.867802 50.330461 32.932518 15.488012 27.516270 65.429969 19.436449 81.496593 20117.956280 101.752370 -9999.0
-9999.0 -9999.0 52.364874 55.183618 48.557839 48.934037 62.434066 43.221097 44.861169 54.425999 67.456142 65.493828 59.601278 51.213273 49.098129 107.617932 -9999.0
-9999.0 16.831392 15.015887 54.555733 49.995796 16.815101 56.655470 46.492848 44.085813 24.267244 46.401423 84.594323 39.232253 99.778429 105.435717 -9999.0 -9999.0
-9999.0 17.633523 36.499679 16.362999 13.857530 15.026507 10.325557 10.757527 49.778888 17.479912 21.642476 58.365723 64.625989 62.768053 20096.516207 20078.563211 -9999.0
-9999.0 23.060629 10.101568 9.265209 9.697619 16.341590 8.629646 15.752873 38.796379 30.166696 29.822763 39.235080 80.627079 73.028629 95.202117 -9999.0 -9999.0
-9999.0 8.060792 37.061469 14.673058 15.773156 14.545514 38.157299 39.512674 46.502801 54.954154 62.886106 63.441274 61.460793 54.701086 -9999.0 -9999.0 -9999.0
-9999.0 -9999.0 14.476882 7.844048 29.993006 32.034192 34.407580 38.845317 58.989428 39.717041 61.764340 67.185927 72.449763 80.488183 -9999.0 -9999.0 -9999.0
-9999.0 -9999.0 1.912802 5.324335 26.979795 43.314684 31.019536 47.175677 54.028153 42.482782 52.443831 22.802277 82.657841 -9999.0 -9999.0 -9999.0 -9999.0
-9999.0 -9999.0 -9999.0 -9999.0 46.424324 51.884265 62.512142 27.288813 56.860520 66.160428 50.122211 59.051025 64.810224 -9999.0 -9999.0 -9999.0 -9999.0
-9999.0 -9999.0 -9999.0 -9999.0 -9999.0 49.537243 55.176884 59.303393 40.503621 54.400068 60.660659 23.516834 32.901777 59.185371 -9999.0 -9999.0 -9999.0
-9999.0 -9999.0 -9999.0 -9999.0 -9999.0 -9999.0 58.828026 59.007959 65.960598 66.097406 67.368477 65.498368 73.232088 66.557171 68.149132 -9999.0 -9999.0
-9999.0 -9999.0 -9999.0 -9999.0 -9999.0 -9999.0 -9999.0 53.429231 58.724104 59.247989 66.455304 67.650740 72.692868 39.178989 -9999.0 -9999.0 -9999.0
-9999.0 -9999.0 -9999.0 -9999.0 -9999.0 -9999.0 -9999.0 -9999.0 48.178701 57.618164 65.727271 69.243659 72.675180 81.974158 47.788866 -9999.0 -9999.0
-9999.0 -9999.0 -9999.0 -9999.0 -9999.0 -9999.0 -9999.0 -9999.0 -9999.0 -9999.0 -9999.0 -9999.0 -9999.0 -9999.0 -9999.0 -9999.0 -9999.0