tests/3D/WG1_2.0_001/output-maps-SE27XX/SWEN0011.asc
ncols         17
nrows         27
xllcorner     624603.750000
yllcorner     5171346.250000
cellsize      500.000000
NODATA_value  -9999.0
-9999.0 -9999.0 -9999.0 -9999.0 -9999.0 -9999.0 -9999.0 -9999.0 -9999.0 -9999.0 -9999.0 -9999.0 -9999.0 -9999.0 -9999.0 -9999.0 -9999.0
-9999.0 -9999.0 -9999.0 -9999.0 -9999.0 -9999.0 -9999.0 -9999.0 -9999.0 -9999.0 -9999.0 13.171068 20011.751349 20016.454875 -9999.0 -9999.0 -9999.0
-9999.0 -9999.0 -9999.0 -9999.0 -9999.0 -9999.0 -9999.0 -9999.0 -9999.0 3.399641 6.033365 8.571334 20011.510748 20015.189912 20010.279261 -9999.0 -9999.0
-9999.0 -9999.0 -9999.0 -9999.0 -9999.0 -9999.0 -9999.0 -9999.0 5.740631 6.972824 5.841878 8.015853 7.144386 20005.660880 20015.504819 -9999.0 -9999.0
-9999.0 -9999.0 -9999.0 -9999.0 -9999.0 -9999.0 -9999.0 -9999.0 6.444639 7.577163 4.091203 8.116689 20012.938632 20011.620204 20015.013166 -9999.0 -9999.0
-9999.0 -9999.0 -9999.0 -9999.0 -9999.0 -9999.0 -9999.0 6.606573 6.879276 5.730171 7.522976 8.038301 7.671578 20014.819089 20013.782498 -9999.0 -9999.0
-9999.0 -9999.0 -9999.0 -9999.0 -9999.0 -9999.0 5.000813 7.255107 5.714701 5.326897 3.318650 6.294495 7.968702 8.206751 11.416321 -9999.0 -9999.0
-9999.0 -9999.0 -9999.0 -9999.0 -9999.0 -9999.0 5.872029 6.182333 6.328655 5.616967 4.762009 3.433812 5.878470 7.508299 5.386933 -9999.0 -9999.0
-9999.0 -9999.0 -9999.0 -9999.0 -9999.0 -9999.0 6.005340 5.572072 6.659083 4.628385 5.626227 5.918854 7.741845 7.441722 5.427152 -9999.0 -9999.0
-9999.0 -9999.0 -9999.0 -9999.0 -9999.0 -9999.0 -9999.0 7.053504 5.955939 5.682969 4.271409 5.115747 7.147181 3.297993 6.909352 -9999.0 -9999.0
-9999.0 -9999.0 -9999.0 -9999.0 -9999.0 -9999.0 6.601124 5.652459 6.793725 5.602076 4.603058 4.704457 5.749332 6.815877 8.077474 7.401903 -9999.0
-9999.0 -9999.0 -9999.0 -9999.0 -9999.0 5.961852 6.025883 6.201075 6.091998 4.890261 4.823629 4.786171 4.702103 7.183602 6.934420 8.306754 -9999.0
-9999.0 -9999.0 -9999.0 5.347404 3.344984 5.138446 5.846114 5.948493 5.422931 5.531265 5.085799 4.324975 4.654078 7.543078 7.809221 6.670691 -9999.0
-9999.0 -9999.0 -9999.0 6.104137 4.790712 6.954791 4.417785 5.389765 4.365404 3.258392 2.590205 3.834601 4.764226 6.146618 20011.354882 7.512642 -9999.0
-9999.0 -9999.0 5.901386 6.038868 6.417268 4.511822 5.389390 4.481721 2.617952 3.998019 3.238272 4.616169 6.411050 6.213514 3.376846 6.911623 -9999.0
-9999.0 4.274166 4.309079 5.119141 3.998231 3.714752 4.504144 2.732501 2.126797 0.688607 2.295662 6.213416 3.225281 7.256239 7.457131 -9999.0 -9999.0
-9999.0 4.262370 4.619561 4.067801 3.222597 2.986101 0.764585 0.475600 2.119553 1.517835 3.231167 5.005118 5.168738 5.068372 20009.123917 20006.983029 -9999.0
-9999.0 4.290443 2.717733 1.256192 0.554657 0.465845 0.000000 2.254470 1.108015 1.257988 4.532568 4.901909 6.485773 6.027506 7.608995 -9999.0 -9999.0
-9999.0 2.508413 1.698805 0.088918 0.597604 0.000000 0.490708 0.651392 1.402241 2.553796 5.138753 6.621612 5.536717 6.232359 -9999.0 -9999.0 -9999.0
-9999.0 -9999.0 0.000000 0.000000 0.084538 0.553401 0.850694 1.205349 3.012097 4.160307 5.898732 5.862139 6.923931 6.320326 -9999.0 -9999.0 -9999.0
-9999.0 -9999.0 0.000000 0.000000 0.343883 1.694189 1.126345 3.647913 4.352062 5.006447 4.592150 5.740715 6.981416 -9999.0 -9999.0 -9999.0 -9999.0
-9999.0 -9999.0 -9999.0 -9999.0 2.153217 4.579041 5.664550 4.584403 4.834064 5.924581 5.342571 6.205101 5.983785 -9999.0 -9999.0 -9999.0 -9999.0
-9999.0 -9999.0 -9999.0 -9999.0 -9999.0 4.634764 5.747758 5.415629 5.192475 4.772634 5.245745 4.411325 6.085182 6.373053 -9999.0 -9999.0 -9999.0
-9999.0 -9999.0 -9999.0 -9999.0 -9999.0 -9999.0 5.925429 6.044936 6.684050 5.893567 5.868367 5.490244 6.838931 6.002412 6.007728 -9999.0 -9999.0
-9999.0 -9999.0 -9999.0 -9999.0 -9999.0 -9999.0 -9999.0 5.078130 5.902861 5.813460 6.286922 5.897473 6.193033 6.054180 -9999.0 -9999.0 -9999.0
-9999.0 -9999.0 -9999.0 -9999.0 -9999.0 -9999.0 -9999.0 -9999.0 4.712686 5.607366 5.939684 6.090631 6.472152 7.080792 3.896612 -9999.0 -9999.0
-9999.0 -9999.0 -9999.0 -9999.0 -9999.0 -9999.0 -9999.0 -9999.0 -9999.0 -9999.0 -9999.0 -9999.0 -9999.0 -9999.0 -9999.0 -9999.0 -9999.0