tests/3D/WG1_2.0_001/output-maps-SE27XX/SWEN0086.asc
ncols         17
nrows         27
xllcorner     624603.750000
yllcorner     5171346.250000
cellsize      500.000000
NODATA_value  -9999.0
-9999.0 -9999.0 -9999.0 -9999.0 -9999.0 -9999.0 -9999.0 -9999.0 -9999.0 -9999.0 -9999.0 -9999.0 -9999.0 -9999.0 -9999.0 -9999.0 -9999.0
-9999.0 -9999.0 -9999.0 -9999.0 -9999.0 -9999.0 -9999.0 -9999.0 -9999.0 -9999.0 -9999.0 147.745580 20137.592356 20182.935221 -9999.0 -9999.0 -9999.0
-9999.0 -9999.0 -9999.0 -9999.0 -9999.0 -9999.0 -9999.0 -9999.0 -9999.0 31.786076 91.767328 128.261096 20134.892784 20172.512097 20132.898666 -9999.0 -9999.0
-9999.0 -9999.0 -9999.0 -9999.0 -9999.0 -9999.0 -9999.0 -9999.0 56.105288 108.976601 51.718401 136.248676 121.660796 20089.250572 20179.320887 -9999.0 -9999.0
-9999.0 -9999.0 -9999.0 -9999.0 -9999.0 -9999.0 -9999.0 -9999.0 81.707352 110.389541 59.119597 135.974855 20146.382181 20137.695278 20173.488491 -9999.0 -9999.0
-9999.0 -9999.0 -9999.0 -9999.0 -9999.0 -9999.0 -9999.0 69.221879 97.113025 59.725027 98.618276 128.839054 133.204633 20166.772234 20162.279778 -9999.0 -9999.0
-9999.0 -9999.0 -9999.0 -9999.0 -9999.0 -9999.0 59.093106 93.061118 41.470869 76.203177 44.517143 108.437119 145.682352 136.896894 153.936641 -9999.0 -9999.0
-9999.0 -9999.0 -9999.0 -9999.0 -9999.0 -9999.0 39.516208 76.457214 90.488419 86.102900 52.245723 47.436710 58.865616 111.796455 94.446034 -9999.0 -9999.0
-9999.0 -9999.0 -9999.0 -9999.0 -9999.0 -9999.0 79.658153 75.483409 84.878525 50.545069 89.653080 72.491467 110.883974 132.943756 103.691983 -9999.0 -9999.0
-9999.0 -9999.0 -9999.0 -9999.0 -9999.0 -9999.0 -9999.0 76.152844 73.730565 54.484637 39.513968 62.981489 108.738524 24.598879 97.008411 -9999.0 -9999.0
-9999.0 -9999.0 -9999.0 -9999.0 -9999.0 -9999.0 64.363749 33.849249 75.566343 68.831740 61.338616 66.160759 85.856168 97.645780 129.566207 126.015935 -9999.0
-9999.0 -9999.0 -9999.0 -9999.0 -9999.0 59.735975 40.966875 48.391941 63.424302 55.660784 54.522150 67.345712 60.420033 85.954828 118.110636 134.786541 -9999.0
-9999.0 -9999.0 -9999.0 24.936393 35.664014 17.058841 49.270646 57.061021 47.941160 58.328746 69.302726 50.880447 55.163415 111.116901 108.510072 94.477344 -9999.0
-9999.0 -9999.0 -9999.0 52.095279 15.425041 65.785459 33.591580 48.725121 32.682094 16.539150 27.943711 63.409672 21.477694 79.455728 20115.590100 99.204913 -9999.0
-9999.0 -9999.0 51.087301 53.869809 47.183625 47.780733 60.903296 41.718586 43.379944 52.669256 65.585104 63.784641 57.631659 49.631357 47.813058 105.252066 -9999.0
-9999.0 16.594381 14.894259 53.351486 48.883814 17.426478 55.132261 45.003646 42.630876 23.227296 45.025535 82.547995 38.128946 97.548253 103.068902 -9999.0 -9999.0
-9999.0 17.381804 35.572153 16.453125 13.896672 15.171119 11.430507 11.749393 48.211553 17.718632 21.817056 56.897216 63.056439 61.188582 20094.540414 20076.925231 -9999.0
-9999.0 22.682813 9.863628 9.447198 10.068564 16.010005 9.122630 16.387042 37.464813 29.074409 29.607548 37.779023 78.772163 71.217960 92.951511 -9999.0 -9999.0
-9999.0 7.946603 36.477331 14.793895 15.076916 14.165685 36.974707 38.318467 45.225615 53.551377 61.379681 61.718041 59.906002 52.984025 -9999.0 -9999.0 -9999.0
-9999.0 -9999.0 14.789424 7.771956 29.261413 31.180416 33.495302 37.756688 57.496127 38.456745 60.080742 65.625794 70.611713 78.688213 -9999.0 -9999.0 -9999.0
-9999.0 -9999.0 2.286620 5.446973 26.389608 42.420530 30.217575 46.089918 52.758770 41.072005 51.073722 22.838606 80.771655 -9999.0 -9999.0 -9999.0 -9999.0
-9999.0 -9999.0 -9999.0 -9999.0 45.591807 50.859834 61.175429 26.548939 55.573982 64.507570 48.597203 57.443478 63.182462 -9999.0 -9999.0 -9999.0 -9999.0
-9999.0 -9999.0 -9999.0 -9999.0 -9999.0 48.489517 53.959382 57.929158 39.178354 53.075464 59.167641 22.852506 31.966754 57.466941 -9999.0 -9999.0 -9999.0
-9999.0 -9999.0 -9999.0 -9999.0 -9999.0 -9999.0 57.516593 57.598253 64.371443 64.463579 65.693470 63.828859 71.396745 64.860033 66.422879 -9999.0 -9999.0
-9999.0 -9999.0 -9999.0 -9999.0 -9999.0 -9999.0 -9999.0 52.183551 57.258321 57.778794 64.804732 65.907765 70.842947 37.553080 -9999.0 -9999.0 -9999.0
-9999.0 -9999.0 -9999.0 -9999.0 -9999.0 -9999.0 -9999.0 -9999.0 46.985880 56.137399 64.137384 67.576535 70.867876 79.990038 46.529147 -9999.0 -9999.0
-9999.0 -9999.0 -9999.0 -9999.0 -9999.0 -9999.0 -9999.0 -9999.0 -9999.0 -9999.0 -9999.0 -9999.0 -9999.0 -9999.0 -9999.0 -9999.0 -9999.0