tests/3D/WG1_2.0_001/output-maps-SE27XX/SWEN0042.asc
ncols         17
nrows         27
xllcorner     624603.750000
yllcorner     5171346.250000
cellsize      500.000000
NODATA_value  -9999.0
-9999.0 -9999.0 -9999.0 -9999.0 -9999.0 -9999.0 -9999.0 -9999.0 -9999.0 -9999.0 -9999.0 -9999.0 -9999.0 -9999.0 -9999.0 -9999.0 -9999.0
-9999.0 -9999.0 -9999.0 -9999.0 -9999.0 -9999.0 -9999.0 -9999.0 -9999.0 -9999.0 -9999.0 40.067719 20051.532623 20069.793587 -9999.0 -9999.0 -9999.0
-9999.0 -9999.0 -9999.0 -9999.0 -9999.0 -9999.0 -9999.0 -9999.0 -9999.0 12.657995 25.905065 35.316986 20050.392238 20065.595498 20048.878121 -9999.0 -9999.0
-9999.0 -9999.0 -9999.0 -9999.0 -9999.0 -9999.0 -9999.0 -9999.0 16.881864 27.725820 18.731843 34.722827 31.419255 20030.633862 20068.100706 -9999.0 -9999.0
-9999.0 -9999.0 -9999.0 -9999.0 -9999.0 -9999.0 -9999.0 -9999.0 23.688318 29.452200 16.931988 34.910554 20055.462063 20051.413939 20065.683377 -9999.0 -9999.0
-9999.0 -9999.0 -9999.0 -9999.0 -9999.0 -9999.0 -9999.0 18.551770 24.912785 16.687305 29.023413 34.109493 34.346879 20063.628831 20061.824318 -9999.0 -9999.0
-9999.0 -9999.0 -9999.0 -9999.0 -9999.0 -9999.0 15.046351 24.425458 12.310206 19.264611 12.087300 34.130453 45.591381 37.546273 40.649392 -9999.0 -9999.0
-9999.0 -9999.0 -9999.0 -9999.0 -9999.0 -9999.0 13.660493 19.412878 27.899658 22.187126 15.248955 12.849735 19.020017 32.340938 30.130416 -9999.0 -9999.0
-9999.0 -9999.0 -9999.0 -9999.0 -9999.0 -9999.0 25.412412 22.858468 22.093750 13.403520 24.498800 21.364609 31.098919 40.233616 31.861586 -9999.0 -9999.0
-9999.0 -9999.0 -9999.0 -9999.0 -9999.0 -9999.0 -9999.0 19.662711 18.920177 13.555385 10.951411 18.834684 28.475647 10.461144 29.711894 -9999.0 -9999.0
-9999.0 -9999.0 -9999.0 -9999.0 -9999.0 -9999.0 17.354989 12.279609 19.412734 18.217631 15.205701 18.072566 26.063527 27.167439 33.695502 32.484963 -9999.0
-9999.0 -9999.0 -9999.0 -9999.0 -9999.0 15.819967 14.303478 14.283206 17.998694 15.549181 14.512045 18.619924 16.591699 26.231058 38.050984 35.123662 -9999.0
-9999.0 -9999.0 -9999.0 11.876358 9.140246 10.753661 13.489228 16.827641 14.638920 16.394609 18.627453 14.666323 15.309781 28.049014 29.740541 26.981316 -9999.0
-9999.0 -9999.0 -9999.0 14.526330 10.730122 17.771108 13.185124 14.571935 11.323978 8.201820 9.585503 18.360709 9.589863 21.668207 20043.206632 28.460686 -9999.0
-9999.0 -9999.0 14.659098 15.237406 14.372630 12.601709 16.391894 13.366793 12.221872 15.438339 17.595810 17.209441 17.130509 16.333506 12.367087 32.270372 -9999.0
-9999.0 10.658214 10.473858 15.023253 13.030181 10.432663 15.820959 12.857334 11.645534 8.069535 12.871896 21.783348 9.764912 29.217485 30.161944 -9999.0 -9999.0
-9999.0 11.291114 12.751233 9.810796 8.178437 9.489082 4.811501 4.242775 13.518567 9.106215 9.385222 15.217323 18.789722 15.957109 20034.910500 20027.299156 -9999.0
-9999.0 10.597775 6.291349 6.218858 4.938310 7.726905 3.391397 7.533705 11.928950 10.159389 12.271967 14.452844 22.724522 18.127594 23.446212 -9999.0 -9999.0
-9999.0 8.184087 13.900708 6.967683 7.657427 6.404766 12.633430 12.274929 12.610349 13.533555 16.733331 16.865361 15.860353 15.708392 -9999.0 -9999.0 -9999.0
-9999.0 -9999.0 7.308461 5.836886 10.958276 11.194266 10.660199 11.732086 15.360127 13.085237 16.948981 19.613890 18.750752 24.796777 -9999.0 -9999.0 -9999.0
-9999.0 -9999.0 3.476730 5.068485 10.056628 12.490445 9.625929 12.527997 13.858929 13.953833 14.195924 10.983622 23.846036 -9999.0 -9999.0 -9999.0 -9999.0
-9999.0 -9999.0 -9999.0 -9999.0 13.351851 14.266732 16.739707 11.090388 14.575923 16.942128 14.724207 15.785310 16.105327 -9999.0 -9999.0 -9999.0 -9999.0
-9999.0 -9999.0 -9999.0 -9999.0 -9999.0 13.159949 14.522839 14.989755 12.824054 13.399583 14.986544 10.566910 11.886913 15.430254 -9999.0 -9999.0 -9999.0
-9999.0 -9999.0 -9999.0 -9999.0 -9999.0 -9999.0 17.243895 14.976127 16.457577 15.891417 16.055904 15.507386 17.733543 15.935999 16.242680 -9999.0 -9999.0
-9999.0 -9999.0 -9999.0 -9999.0 -9999.0 -9999.0 -9999.0 15.866092 14.364965 14.247508 16.962976 16.175446 16.995449 13.550699 -9999.0 -9999.0 -9999.0
-9999.0 -9999.0 -9999.0 -9999.0 -9999.0 -9999.0 -9999.0 -9999.0 11.462657 13.531421 18.891294 20.236311 19.299386 22.419113 11.273980 -9999.0 -9999.0
-9999.0 -9999.0 -9999.0 -9999.0 -9999.0 -9999.0 -9999.0 -9999.0 -9999.0 -9999.0 -9999.0 -9999.0 -9999.0 -9999.0 -9999.0 -9999.0 -9999.0