tests/3D/WG1_2.0_001/output-maps-SE27XX/SWEN0014.asc
ncols         17
nrows         27
xllcorner     624603.750000
yllcorner     5171346.250000
cellsize      500.000000
NODATA_value  -9999.0
-9999.0 -9999.0 -9999.0 -9999.0 -9999.0 -9999.0 -9999.0 -9999.0 -9999.0 -9999.0 -9999.0 -9999.0 -9999.0 -9999.0 -9999.0 -9999.0 -9999.0
-9999.0 -9999.0 -9999.0 -9999.0 -9999.0 -9999.0 -9999.0 -9999.0 -9999.0 -9999.0 -9999.0 14.610324 20017.479713 20018.370557 -9999.0 -9999.0 -9999.0
-9999.0 -9999.0 -9999.0 -9999.0 -9999.0 -9999.0 -9999.0 -9999.0 -9999.0 8.810204 9.558300 11.132460 20017.133109 20018.516912 20019.435711 -9999.0 -9999.0
-9999.0 -9999.0 -9999.0 -9999.0 -9999.0 -9999.0 -9999.0 -9999.0 8.099205 8.458640 8.406661 8.895847 13.834737 20018.126466 20019.350844 -9999.0 -9999.0
-9999.0 -9999.0 -9999.0 -9999.0 -9999.0 -9999.0 -9999.0 -9999.0 7.875119 8.004303 8.291312 8.551272 20016.818159 20017.927641 20019.196621 -9999.0 -9999.0
-9999.0 -9999.0 -9999.0 -9999.0 -9999.0 -9999.0 -9999.0 7.509507 7.757785 7.766610 7.862676 8.242777 8.976132 20018.095159 20019.296741 -9999.0 -9999.0
-9999.0 -9999.0 -9999.0 -9999.0 -9999.0 -9999.0 7.421750 7.467676 7.257052 7.472628 8.079669 8.384987 8.928438 11.275636 15.167798 -9999.0 -9999.0
-9999.0 -9999.0 -9999.0 -9999.0 -9999.0 -9999.0 7.214487 7.324772 7.481021 7.549790 7.401844 8.105646 8.034867 8.945504 13.936928 -9999.0 -9999.0
-9999.0 -9999.0 -9999.0 -9999.0 -9999.0 -9999.0 7.372803 7.364941 7.166245 7.153894 7.158076 7.323041 7.688148 8.883521 9.972390 -9999.0 -9999.0
-9999.0 -9999.0 -9999.0 -9999.0 -9999.0 -9999.0 -9999.0 6.768572 7.013533 6.742275 6.737259 7.182966 7.862299 8.181421 8.877609 -9999.0 -9999.0
-9999.0 -9999.0 -9999.0 -9999.0 -9999.0 -9999.0 6.713252 6.661759 6.700379 6.498620 6.500680 6.896518 7.749819 8.006195 8.701606 9.250207 -9999.0
-9999.0 -9999.0 -9999.0 -9999.0 -9999.0 6.550383 6.462106 6.238390 6.012440 6.063816 6.016306 6.524598 7.201953 7.415568 8.584170 8.927587 -9999.0
-9999.0 -9999.0 -9999.0 6.198377 6.513555 6.125987 6.076860 5.609389 5.205757 5.308918 5.463112 5.964874 6.927887 7.626666 7.936861 8.577119 -9999.0
-9999.0 -9999.0 -9999.0 5.975659 5.868933 5.608622 5.446466 4.929141 4.628533 4.239818 4.379295 5.456748 5.738442 6.990265 20013.052439 8.224757 -9999.0
-9999.0 -9999.0 5.665618 5.722258 5.224970 5.572729 5.029780 4.157666 3.780359 3.579532 4.573528 5.885252 5.625920 6.564359 7.619176 8.646914 -9999.0
-9999.0 5.182753 5.092109 5.119458 5.116359 4.156756 3.485054 3.146192 2.838437 3.473168 4.875795 6.051766 6.504385 7.205619 7.559384 -9999.0 -9999.0
-9999.0 4.500339 4.484459 3.714374 2.995710 2.242996 1.110000 0.260037 2.188702 3.135786 4.755576 6.318815 6.822568 7.088350 20011.470501 20012.086400 -9999.0
-9999.0 3.629321 3.124350 1.904451 0.030337 0.048526 0.073153 0.104400 1.351578 3.600270 4.769397 5.855466 6.827479 7.220581 7.470474 -9999.0 -9999.0
-9999.0 2.119496 2.202267 0.007718 0.017908 0.032240 0.051786 0.248675 2.215142 4.416213 5.681237 6.032065 6.685644 6.861730 -9999.0 -9999.0 -9999.0
-9999.0 -9999.0 0.000000 0.005546 0.006724 0.020885 1.461675 2.228087 3.650449 4.567225 5.123380 6.588053 6.725909 7.145057 -9999.0 -9999.0 -9999.0
-9999.0 -9999.0 0.000000 0.000000 0.930238 3.062130 3.488038 4.389785 4.771687 4.958894 5.522254 6.019923 6.900127 -9999.0 -9999.0 -9999.0 -9999.0
-9999.0 -9999.0 -9999.0 -9999.0 3.525657 4.714789 5.316377 4.735819 5.284067 5.506715 5.588550 6.232675 6.632352 -9999.0 -9999.0 -9999.0 -9999.0
-9999.0 -9999.0 -9999.0 -9999.0 -9999.0 5.474187 5.999380 6.141011 5.417498 5.886639 5.929061 6.186347 6.422303 6.737268 -9999.0 -9999.0 -9999.0
-9999.0 -9999.0 -9999.0 -9999.0 -9999.0 -9999.0 6.390647 6.415103 6.357721 6.360794 6.324472 6.504032 6.679456 6.894507 7.078296 -9999.0 -9999.0
-9999.0 -9999.0 -9999.0 -9999.0 -9999.0 -9999.0 -9999.0 6.664227 6.531822 6.473059 6.602812 6.570707 6.711854 6.715578 -9999.0 -9999.0 -9999.0
-9999.0 -9999.0 -9999.0 -9999.0 -9999.0 -9999.0 -9999.0 -9999.0 6.594801 6.662917 6.740769 6.784569 6.886992 7.024716 7.041757 -9999.0 -9999.0
-9999.0 -9999.0 -9999.0 -9999.0 -9999.0 -9999.0 -9999.0 -9999.0 -9999.0 -9999.0 -9999.0 -9999.0 -9999.0 -9999.0 -9999.0 -9999.0 -9999.0