tests/3D/WG1_2.0_001/output-maps-SE27XX/SWEN0075.asc
ncols         17
nrows         27
xllcorner     624603.750000
yllcorner     5171346.250000
cellsize      500.000000
NODATA_value  -9999.0
-9999.0 -9999.0 -9999.0 -9999.0 -9999.0 -9999.0 -9999.0 -9999.0 -9999.0 -9999.0 -9999.0 -9999.0 -9999.0 -9999.0 -9999.0 -9999.0 -9999.0
-9999.0 -9999.0 -9999.0 -9999.0 -9999.0 -9999.0 -9999.0 -9999.0 -9999.0 -9999.0 -9999.0 107.184592 20103.833354 20139.011411 -9999.0 -9999.0 -9999.0
-9999.0 -9999.0 -9999.0 -9999.0 -9999.0 -9999.0 -9999.0 -9999.0 -9999.0 13.394891 63.330886 89.435873 20101.589164 20130.921578 20098.906636 -9999.0 -9999.0
-9999.0 -9999.0 -9999.0 -9999.0 -9999.0 -9999.0 -9999.0 -9999.0 32.450790 79.269018 24.642833 98.028617 86.945255 20065.043796 20135.361872 -9999.0 -9999.0
-9999.0 -9999.0 -9999.0 -9999.0 -9999.0 -9999.0 -9999.0 -9999.0 56.285985 79.038584 39.525687 97.687801 20111.009911 20103.212397 20130.674014 -9999.0 -9999.0
-9999.0 -9999.0 -9999.0 -9999.0 -9999.0 -9999.0 -9999.0 45.701897 71.094365 35.893229 66.169869 91.848720 95.529002 20126.870680 20122.683109 -9999.0 -9999.0
-9999.0 -9999.0 -9999.0 -9999.0 -9999.0 -9999.0 42.373434 68.412306 20.414872 52.487241 30.300134 80.638786 108.208558 95.396219 108.529598 -9999.0 -9999.0
-9999.0 -9999.0 -9999.0 -9999.0 -9999.0 -9999.0 22.076787 56.037297 68.866372 62.703650 31.353773 32.187458 30.986819 74.507376 69.201541 -9999.0 -9999.0
-9999.0 -9999.0 -9999.0 -9999.0 -9999.0 -9999.0 62.341849 58.201109 62.940327 33.099271 61.740792 44.925634 76.889490 98.194820 76.080792 -9999.0 -9999.0
-9999.0 -9999.0 -9999.0 -9999.0 -9999.0 -9999.0 -9999.0 55.638155 54.972237 34.702919 21.060248 40.154004 79.208779 8.154069 63.455931 -9999.0 -9999.0
-9999.0 -9999.0 -9999.0 -9999.0 -9999.0 -9999.0 47.361376 18.230771 55.622650 48.283019 41.124738 44.377234 63.681955 68.322667 93.314034 90.816929 -9999.0
-9999.0 -9999.0 -9999.0 -9999.0 -9999.0 45.819680 26.695366 32.337710 44.599627 38.301317 34.908600 46.175177 42.712050 57.282970 89.105329 98.018883 -9999.0
-9999.0 -9999.0 -9999.0 15.110814 28.303618 8.947096 35.826046 40.749412 31.645956 39.309150 48.388735 33.307564 38.830146 81.999349 77.722466 66.071526 -9999.0
-9999.0 -9999.0 -9999.0 41.021009 8.895414 52.079736 23.017618 34.144078 19.011517 7.564412 13.582671 42.679652 5.212850 57.827852 20089.924018 69.589706 -9999.0
-9999.0 -9999.0 41.610515 43.892928 36.259725 38.842797 48.076322 28.625107 29.729257 36.125000 47.824616 47.369544 37.163659 29.298497 34.731103 79.995744 -9999.0
-9999.0 13.605267 11.061376 44.517776 40.845688 13.195228 42.811156 32.253405 29.620464 14.285694 32.334132 62.800592 28.084718 75.276346 78.756312 -9999.0 -9999.0
-9999.0 14.514228 29.009875 13.485423 8.980505 9.647786 5.415825 4.769941 34.720873 9.444044 12.533485 43.789758 48.800138 45.872921 20074.684407 20059.376769 -9999.0
-9999.0 18.357674 7.388528 6.187255 5.913819 10.330974 3.281874 9.154036 26.433208 20.113283 17.973077 24.305753 61.805569 54.207763 70.586936 -9999.0 -9999.0
-9999.0 6.562425 32.406701 12.477342 10.726449 9.167325 28.137230 29.138005 34.996524 41.926288 48.551762 45.990995 45.674359 36.174522 -9999.0 -9999.0 -9999.0
-9999.0 -9999.0 14.361994 6.192439 24.663786 25.323318 26.968029 29.600768 45.382180 28.011812 45.319125 52.216821 53.661098 62.278259 -9999.0 -9999.0 -9999.0
-9999.0 -9999.0 2.822422 5.227646 22.686999 36.328600 24.680179 38.095925 42.841685 29.289467 39.461769 10.188477 64.096382 -9999.0 -9999.0 -9999.0 -9999.0
-9999.0 -9999.0 -9999.0 -9999.0 40.204023 43.950845 51.623155 19.331673 45.008468 50.944630 35.496747 43.541476 48.822389 -9999.0 -9999.0 -9999.0 -9999.0
-9999.0 -9999.0 -9999.0 -9999.0 -9999.0 41.519280 45.293207 47.743765 28.482256 42.330255 46.140280 12.738401 17.823725 41.531818 -9999.0 -9999.0 -9999.0
-9999.0 -9999.0 -9999.0 -9999.0 -9999.0 -9999.0 48.154086 47.048011 51.826313 51.273138 51.618160 49.681160 55.243006 49.756863 50.646370 -9999.0 -9999.0
-9999.0 -9999.0 -9999.0 -9999.0 -9999.0 -9999.0 -9999.0 42.820292 45.617361 45.512192 51.043583 50.855804 54.580042 22.673846 -9999.0 -9999.0 -9999.0
-9999.0 -9999.0 -9999.0 -9999.0 -9999.0 -9999.0 -9999.0 -9999.0 36.933900 43.870858 50.905120 53.443697 55.151413 62.311491 35.245810 -9999.0 -9999.0
-9999.0 -9999.0 -9999.0 -9999.0 -9999.0 -9999.0 -9999.0 -9999.0 -9999.0 -9999.0 -9999.0 -9999.0 -9999.0 -9999.0 -9999.0 -9999.0 -9999.0