tests/3D/WG1_2.0_001/output-maps-SE27XX/SWEN0081.asc
ncols         17
nrows         27
xllcorner     624603.750000
yllcorner     5171346.250000
cellsize      500.000000
NODATA_value  -9999.0
-9999.0 -9999.0 -9999.0 -9999.0 -9999.0 -9999.0 -9999.0 -9999.0 -9999.0 -9999.0 -9999.0 -9999.0 -9999.0 -9999.0 -9999.0 -9999.0 -9999.0
-9999.0 -9999.0 -9999.0 -9999.0 -9999.0 -9999.0 -9999.0 -9999.0 -9999.0 -9999.0 -9999.0 123.921860 20117.580525 20157.016730 -9999.0 -9999.0 -9999.0
-9999.0 -9999.0 -9999.0 -9999.0 -9999.0 -9999.0 -9999.0 -9999.0 -9999.0 20.395224 74.933087 105.378774 20115.119910 20147.999826 20112.812528 -9999.0 -9999.0
-9999.0 -9999.0 -9999.0 -9999.0 -9999.0 -9999.0 -9999.0 -9999.0 41.854496 91.424453 35.197279 113.813657 101.329293 20074.836609 20153.456085 -9999.0 -9999.0
-9999.0 -9999.0 -9999.0 -9999.0 -9999.0 -9999.0 -9999.0 -9999.0 66.514337 91.803252 47.414821 113.443220 20125.504185 20117.267132 20148.269791 -9999.0 -9999.0
-9999.0 -9999.0 -9999.0 -9999.0 -9999.0 -9999.0 -9999.0 55.005566 81.658670 45.320511 79.310779 107.011371 111.091215 20143.286725 20139.044334 -9999.0 -9999.0
-9999.0 -9999.0 -9999.0 -9999.0 -9999.0 -9999.0 49.000434 78.302747 28.434105 62.037342 36.084546 92.128266 123.741081 112.527169 127.373465 -9999.0 -9999.0
-9999.0 -9999.0 -9999.0 -9999.0 -9999.0 -9999.0 28.762715 64.227053 77.640829 72.177402 39.336522 38.452416 41.992196 89.809933 79.748099 -9999.0 -9999.0
-9999.0 -9999.0 -9999.0 -9999.0 -9999.0 -9999.0 69.308662 65.151388 71.783985 39.974744 72.989949 55.950943 90.758216 112.582893 87.565738 -9999.0 -9999.0
-9999.0 -9999.0 -9999.0 -9999.0 -9999.0 -9999.0 -9999.0 63.757652 62.491297 42.469668 28.103058 49.319411 91.320633 14.187617 77.126776 -9999.0 -9999.0
-9999.0 -9999.0 -9999.0 -9999.0 -9999.0 -9999.0 53.982748 24.037293 63.541817 56.463836 49.071155 53.087682 72.759925 80.239060 108.168899 105.339428 -9999.0
-9999.0 -9999.0 -9999.0 -9999.0 -9999.0 51.200801 31.951220 38.470573 51.974765 45.158066 42.329188 54.646181 49.884620 68.809497 101.026095 113.127715 -9999.0
-9999.0 -9999.0 -9999.0 18.834147 31.134925 12.635659 40.981835 47.089463 37.672812 46.759274 56.659172 40.141053 45.355373 93.789505 90.186235 77.593073 -9999.0
-9999.0 -9999.0 -9999.0 45.260449 11.678183 57.393148 26.821794 39.708240 23.884888 11.676480 19.031509 50.816513 10.805149 66.475943 20100.119809 81.523907 -9999.0
-9999.0 -9999.0 45.219325 47.703171 40.356369 42.310342 53.037398 33.374354 34.917691 42.424799 54.787825 53.842215 45.058207 36.922050 39.928384 90.223441 -9999.0
-9999.0 15.740276 12.832842 47.912394 43.954925 15.725730 47.506812 37.048852 34.505691 17.182783 37.246923 70.564392 31.981833 84.177871 88.494734 -9999.0 -9999.0
-9999.0 16.210514 31.375210 15.264564 10.559029 11.877413 6.749807 6.381780 39.732734 12.692722 15.591117 48.930413 54.407687 51.845430 20082.364197 20066.059290 -9999.0
-9999.0 19.620618 7.468416 6.026456 5.983030 11.946100 2.594494 12.045159 30.519811 23.170098 22.224565 29.234670 68.479375 60.908875 79.410330 -9999.0 -9999.0
-9999.0 5.722158 33.669957 12.892663 12.037961 10.396485 31.392007 32.576901 38.883478 46.398486 53.510935 52.020283 51.127150 42.515929 -9999.0 -9999.0 -9999.0
-9999.0 -9999.0 13.885174 5.249758 26.046063 27.455551 29.383907 32.644867 49.987042 31.877787 50.888656 57.392553 60.147205 68.684034 -9999.0 -9999.0 -9999.0
-9999.0 -9999.0 0.999201 3.244566 23.923601 38.579237 26.708215 41.118128 46.605732 33.590653 43.816423 14.493421 70.552967 -9999.0 -9999.0 -9999.0 -9999.0
-9999.0 -9999.0 -9999.0 -9999.0 42.158287 46.536844 55.209080 21.997072 48.985706 56.067870 40.311525 48.740975 54.278863 -9999.0 -9999.0 -9999.0 -9999.0
-9999.0 -9999.0 -9999.0 -9999.0 -9999.0 44.111726 48.548954 51.590755 32.286786 46.391274 51.050941 16.117345 22.760592 47.480441 -9999.0 -9999.0 -9999.0
-9999.0 -9999.0 -9999.0 -9999.0 -9999.0 -9999.0 51.674221 51.014609 56.526321 56.242857 56.919802 55.008524 61.328776 55.462240 56.620799 -9999.0 -9999.0
-9999.0 -9999.0 -9999.0 -9999.0 -9999.0 -9999.0 -9999.0 46.311046 49.939303 50.102426 56.205401 56.448643 60.679551 27.982355 -9999.0 -9999.0 -9999.0
-9999.0 -9999.0 -9999.0 -9999.0 -9999.0 -9999.0 -9999.0 -9999.0 40.615890 48.443574 55.843985 58.745865 61.068739 68.990857 39.337115 -9999.0 -9999.0
-9999.0 -9999.0 -9999.0 -9999.0 -9999.0 -9999.0 -9999.0 -9999.0 -9999.0 -9999.0 -9999.0 -9999.0 -9999.0 -9999.0 -9999.0 -9999.0 -9999.0