tests/3D/WG1_2.0_001/output-maps-SE27XX/SWEN0070.asc
ncols         17
nrows         27
xllcorner     624603.750000
yllcorner     5171346.250000
cellsize      500.000000
NODATA_value  -9999.0
-9999.0 -9999.0 -9999.0 -9999.0 -9999.0 -9999.0 -9999.0 -9999.0 -9999.0 -9999.0 -9999.0 -9999.0 -9999.0 -9999.0 -9999.0 -9999.0 -9999.0
-9999.0 -9999.0 -9999.0 -9999.0 -9999.0 -9999.0 -9999.0 -9999.0 -9999.0 -9999.0 -9999.0 107.397501 20104.934558 20139.943422 -9999.0 -9999.0 -9999.0
-9999.0 -9999.0 -9999.0 -9999.0 -9999.0 -9999.0 -9999.0 -9999.0 -9999.0 15.850468 63.741012 89.925424 20102.886680 20131.782293 20100.249159 -9999.0 -9999.0
-9999.0 -9999.0 -9999.0 -9999.0 -9999.0 -9999.0 -9999.0 -9999.0 33.370162 79.406546 30.697479 98.242681 87.328445 20066.432535 20136.503436 -9999.0 -9999.0
-9999.0 -9999.0 -9999.0 -9999.0 -9999.0 -9999.0 -9999.0 -9999.0 56.805650 79.388088 40.594845 98.003411 20111.898662 20104.624755 20131.957295 -9999.0 -9999.0
-9999.0 -9999.0 -9999.0 -9999.0 -9999.0 -9999.0 -9999.0 46.441393 71.304025 36.759491 67.018639 92.332267 95.911752 20127.622627 20123.493447 -9999.0 -9999.0
-9999.0 -9999.0 -9999.0 -9999.0 -9999.0 -9999.0 42.840547 68.710869 24.976384 53.103536 31.080048 80.922165 108.298557 95.928856 108.985073 -9999.0 -9999.0
-9999.0 -9999.0 -9999.0 -9999.0 -9999.0 -9999.0 24.820454 56.314306 69.042205 63.001150 32.870991 32.966382 33.020665 75.126733 69.576851 -9999.0 -9999.0
-9999.0 -9999.0 -9999.0 -9999.0 -9999.0 -9999.0 62.353185 58.278425 63.149318 33.803820 62.454099 45.907577 77.505326 98.365774 76.374065 -9999.0 -9999.0
-9999.0 -9999.0 -9999.0 -9999.0 -9999.0 -9999.0 -9999.0 56.091235 55.188992 35.587964 23.219935 41.168561 79.528655 10.710802 64.144204 -9999.0 -9999.0
-9999.0 -9999.0 -9999.0 -9999.0 -9999.0 -9999.0 47.964251 19.394306 56.012295 48.790184 41.950650 45.326740 64.156339 68.744612 93.650544 91.094606 -9999.0
-9999.0 -9999.0 -9999.0 -9999.0 -9999.0 46.183583 28.241284 33.028991 45.152526 38.816517 36.020524 46.921716 43.277165 58.007056 89.166406 98.210748 -9999.0
-9999.0 -9999.0 -9999.0 16.466722 28.432026 11.401899 36.414849 41.260668 32.572257 39.949878 48.967644 34.422877 39.534024 82.163033 78.154750 66.612068 -9999.0
-9999.0 -9999.0 -9999.0 41.496796 11.969274 52.370756 24.015505 34.842578 20.946896 10.247925 16.719418 43.358295 11.166813 58.251324 20090.642436 70.054580 -9999.0
-9999.0 -9999.0 42.028203 44.250615 36.863722 38.880196 48.328816 29.434622 30.438470 36.984413 48.125063 47.694731 38.075623 31.726339 35.138144 79.997447 -9999.0
-9999.0 14.783788 13.367459 44.736769 40.836783 14.514084 43.145552 32.862251 30.352947 16.002252 32.751122 62.965918 28.456759 75.255565 78.780921 -9999.0 -9999.0
-9999.0 15.908740 29.578274 15.614835 12.661197 12.570527 8.091505 7.379951 35.314643 13.185064 14.034038 43.884170 48.845898 46.214491 20075.329838 20060.585085 -9999.0
-9999.0 19.558386 9.575065 8.730218 8.632129 12.347504 6.053772 11.304240 27.004946 21.214615 19.257290 25.297697 61.752670 54.240345 70.662083 -9999.0 -9999.0
-9999.0 8.861834 32.815292 14.419382 12.311512 11.269482 28.433378 29.414927 35.179281 42.020082 48.625629 46.391184 45.977517 36.826943 -9999.0 -9999.0 -9999.0
-9999.0 -9999.0 15.830444 8.610915 25.041580 25.638738 27.235936 29.828906 45.556793 28.528675 45.694067 52.200973 53.955719 62.221725 -9999.0 -9999.0 -9999.0
-9999.0 -9999.0 5.078053 8.130888 23.086639 36.441579 24.923150 38.166504 42.897652 29.921756 39.824816 14.252875 64.016892 -9999.0 -9999.0 -9999.0 -9999.0
-9999.0 -9999.0 -9999.0 -9999.0 40.282827 43.965895 51.632846 20.414179 45.177388 51.161200 36.109367 43.913298 49.016111 -9999.0 -9999.0 -9999.0 -9999.0
-9999.0 -9999.0 -9999.0 -9999.0 -9999.0 41.536678 45.251436 47.685232 29.065518 42.357816 46.392337 15.078441 19.306009 42.046165 -9999.0 -9999.0 -9999.0
-9999.0 -9999.0 -9999.0 -9999.0 -9999.0 -9999.0 48.088069 46.985255 51.804216 51.205831 51.611229 49.765406 55.356257 49.893133 50.712046 -9999.0 -9999.0
-9999.0 -9999.0 -9999.0 -9999.0 -9999.0 -9999.0 -9999.0 42.745068 45.710009 45.579291 50.993760 51.126649 54.676764 23.559846 -9999.0 -9999.0 -9999.0
-9999.0 -9999.0 -9999.0 -9999.0 -9999.0 -9999.0 -9999.0 -9999.0 37.155174 43.862176 50.830868 53.376353 55.092282 62.242464 35.616623 -9999.0 -9999.0
-9999.0 -9999.0 -9999.0 -9999.0 -9999.0 -9999.0 -9999.0 -9999.0 -9999.0 -9999.0 -9999.0 -9999.0 -9999.0 -9999.0 -9999.0 -9999.0 -9999.0