tests/3D/WG1_2.0_001/output-maps-SE27XX/SWEN0062.asc
ncols         17
nrows         27
xllcorner     624603.750000
yllcorner     5171346.250000
cellsize      500.000000
NODATA_value  -9999.0
-9999.0 -9999.0 -9999.0 -9999.0 -9999.0 -9999.0 -9999.0 -9999.0 -9999.0 -9999.0 -9999.0 -9999.0 -9999.0 -9999.0 -9999.0 -9999.0 -9999.0
-9999.0 -9999.0 -9999.0 -9999.0 -9999.0 -9999.0 -9999.0 -9999.0 -9999.0 -9999.0 -9999.0 96.777426 20097.193561 20129.695399 -9999.0 -9999.0 -9999.0
-9999.0 -9999.0 -9999.0 -9999.0 -9999.0 -9999.0 -9999.0 -9999.0 -9999.0 19.573358 56.150931 79.919866 20095.417091 20122.087893 20093.257260 -9999.0 -9999.0
-9999.0 -9999.0 -9999.0 -9999.0 -9999.0 -9999.0 -9999.0 -9999.0 30.795285 70.955900 32.026319 88.320804 78.631750 20061.931076 20126.822545 -9999.0 -9999.0
-9999.0 -9999.0 -9999.0 -9999.0 -9999.0 -9999.0 -9999.0 -9999.0 49.111811 70.401286 36.109634 88.035352 20103.884289 20097.281333 20122.751995 -9999.0 -9999.0
-9999.0 -9999.0 -9999.0 -9999.0 -9999.0 -9999.0 -9999.0 39.906086 63.321822 32.547402 58.429764 82.673626 86.418681 20118.372604 20114.730685 -9999.0 -9999.0
-9999.0 -9999.0 -9999.0 -9999.0 -9999.0 -9999.0 36.957475 60.444612 26.492648 46.280846 28.048135 73.727550 98.489894 85.650887 98.071233 -9999.0 -9999.0
-9999.0 -9999.0 -9999.0 -9999.0 -9999.0 -9999.0 25.217156 49.243346 62.124404 56.046835 30.239955 29.847980 33.301060 65.758131 63.590975 -9999.0 -9999.0
-9999.0 -9999.0 -9999.0 -9999.0 -9999.0 -9999.0 55.547128 51.963857 55.694163 28.499943 54.410524 39.538701 68.384868 89.273718 69.535539 -9999.0 -9999.0
-9999.0 -9999.0 -9999.0 -9999.0 -9999.0 -9999.0 -9999.0 48.260430 48.553588 30.489201 25.938240 35.105847 71.493057 14.601736 55.484002 -9999.0 -9999.0
-9999.0 -9999.0 -9999.0 -9999.0 -9999.0 -9999.0 40.692474 20.682432 48.579892 41.764117 35.537428 39.242621 58.330067 60.593729 83.798925 81.870502 -9999.0
-9999.0 -9999.0 -9999.0 -9999.0 -9999.0 39.528471 24.081690 27.590172 37.758551 32.579641 31.376690 40.663703 38.494605 50.178324 80.798153 88.100742 -9999.0
-9999.0 -9999.0 -9999.0 16.528895 24.401494 14.949956 30.265892 33.994969 28.618826 32.747254 41.658749 29.174118 35.140279 73.058965 68.965566 58.577631 -9999.0
-9999.0 -9999.0 -9999.0 34.808102 14.506304 44.832883 20.575169 28.956139 21.280616 14.210539 20.916743 36.285029 17.753330 51.306813 20083.092865 61.169656 -9999.0
-9999.0 -9999.0 35.523811 37.617618 30.370703 33.508167 41.292040 24.025571 24.570316 30.591763 41.203932 41.851527 32.500881 29.417833 30.865458 71.706585 -9999.0
-9999.0 14.924075 14.473611 38.143467 35.102125 15.116157 35.870397 26.032898 24.059140 15.272372 27.739421 55.002488 24.851628 66.977343 70.109213 -9999.0 -9999.0
-9999.0 15.524208 23.463822 16.126406 14.749741 14.600960 11.381053 11.055176 28.360091 15.148106 14.763963 38.334224 43.042449 40.295365 20068.504803 20055.353058 -9999.0
-9999.0 18.482997 12.311663 11.409291 11.637668 13.991411 9.229053 13.166195 21.202691 17.581879 19.068742 22.642581 54.398806 47.305358 62.004951 -9999.0 -9999.0
-9999.0 12.418346 25.966932 14.490473 13.599466 11.461661 22.069556 23.641191 29.405478 35.905104 42.327795 39.194407 39.743255 31.235734 -9999.0 -9999.0 -9999.0
-9999.0 -9999.0 14.583601 11.441743 19.634308 20.252953 22.334749 24.527616 38.413964 22.978983 38.230313 45.747104 46.397662 55.121245 -9999.0 -9999.0 -9999.0
-9999.0 -9999.0 8.583874 9.789963 18.423284 30.705496 20.712352 32.750372 36.849086 24.291789 33.929167 16.996281 56.291067 -9999.0 -9999.0 -9999.0 -9999.0
-9999.0 -9999.0 -9999.0 -9999.0 34.145946 37.686924 44.320432 18.797050 38.900143 43.737519 29.771690 37.177672 42.367562 -9999.0 -9999.0 -9999.0 -9999.0
-9999.0 -9999.0 -9999.0 -9999.0 -9999.0 35.694149 38.907923 41.002829 22.778806 36.497652 39.846560 15.182693 20.057693 35.078311 -9999.0 -9999.0 -9999.0
-9999.0 -9999.0 -9999.0 -9999.0 -9999.0 -9999.0 41.711547 40.414850 44.599002 44.077522 44.505738 42.973400 47.915082 43.192664 43.944121 -9999.0 -9999.0
-9999.0 -9999.0 -9999.0 -9999.0 -9999.0 -9999.0 -9999.0 37.148345 39.295821 39.231346 44.140794 44.061071 47.249246 21.936554 -9999.0 -9999.0 -9999.0
-9999.0 -9999.0 -9999.0 -9999.0 -9999.0 -9999.0 -9999.0 -9999.0 31.962571 37.692063 44.360247 46.718998 47.977107 54.497039 30.810040 -9999.0 -9999.0
-9999.0 -9999.0 -9999.0 -9999.0 -9999.0 -9999.0 -9999.0 -9999.0 -9999.0 -9999.0 -9999.0 -9999.0 -9999.0 -9999.0 -9999.0 -9999.0 -9999.0