tests/3D/WG1_2.0_001/output-maps-SE27XX/SWEN0067.asc
ncols         17
nrows         27
xllcorner     624603.750000
yllcorner     5171346.250000
cellsize      500.000000
NODATA_value  -9999.0
-9999.0 -9999.0 -9999.0 -9999.0 -9999.0 -9999.0 -9999.0 -9999.0 -9999.0 -9999.0 -9999.0 -9999.0 -9999.0 -9999.0 -9999.0 -9999.0 -9999.0
-9999.0 -9999.0 -9999.0 -9999.0 -9999.0 -9999.0 -9999.0 -9999.0 -9999.0 -9999.0 -9999.0 105.146868 20103.437470 20137.777365 -9999.0 -9999.0 -9999.0
-9999.0 -9999.0 -9999.0 -9999.0 -9999.0 -9999.0 -9999.0 -9999.0 -9999.0 17.308855 62.296889 87.884051 20101.525521 20129.715290 20098.924694 -9999.0 -9999.0
-9999.0 -9999.0 -9999.0 -9999.0 -9999.0 -9999.0 -9999.0 -9999.0 32.710810 77.812962 30.321609 96.205557 85.446082 20065.805779 20134.450214 -9999.0 -9999.0
-9999.0 -9999.0 -9999.0 -9999.0 -9999.0 -9999.0 -9999.0 -9999.0 55.524651 77.764114 39.898563 96.004414 20110.395983 20103.281417 20130.089093 -9999.0 -9999.0
-9999.0 -9999.0 -9999.0 -9999.0 -9999.0 -9999.0 -9999.0 45.294701 69.962742 36.238640 65.552631 90.456069 93.924797 20125.732624 20121.659809 -9999.0 -9999.0
-9999.0 -9999.0 -9999.0 -9999.0 -9999.0 -9999.0 42.025891 67.403065 26.974729 52.123934 30.751078 79.573989 106.249155 93.785148 106.574561 -9999.0 -9999.0
-9999.0 -9999.0 -9999.0 -9999.0 -9999.0 -9999.0 26.184850 55.278646 67.978307 61.951340 32.180784 32.620995 32.611936 73.252969 68.319425 -9999.0 -9999.0
-9999.0 -9999.0 -9999.0 -9999.0 -9999.0 -9999.0 61.324279 57.336320 62.042755 33.217055 61.283351 44.734313 75.846229 96.502650 74.939469 -9999.0 -9999.0
-9999.0 -9999.0 -9999.0 -9999.0 -9999.0 -9999.0 -9999.0 55.031563 54.274796 34.903974 25.998219 40.323564 78.089524 10.811759 62.464939 -9999.0 -9999.0
-9999.0 -9999.0 -9999.0 -9999.0 -9999.0 -9999.0 47.091041 20.005898 55.049584 47.932698 41.246068 44.522970 63.284671 67.322209 91.735467 89.177396 -9999.0
-9999.0 -9999.0 -9999.0 -9999.0 -9999.0 45.443203 27.718147 32.333433 44.292998 38.158292 35.415770 46.106189 42.621808 56.632608 87.551268 96.188364 -9999.0
-9999.0 -9999.0 -9999.0 16.826377 28.009548 12.621440 35.809248 40.517478 31.979140 39.201295 48.146624 33.905393 39.087930 80.587192 76.523621 65.127643 -9999.0
-9999.0 -9999.0 -9999.0 40.959288 12.506090 51.619620 23.683724 34.259394 21.767482 11.374515 18.540260 42.528440 12.046161 57.154087 20089.513614 68.471546 -9999.0
-9999.0 -9999.0 41.564531 43.763138 36.382733 38.369213 47.693472 28.965695 30.004496 36.404851 47.364134 47.048099 37.157283 30.954147 34.458551 78.467788 -9999.0
-9999.0 15.529053 14.142345 44.318101 40.348329 14.961154 42.581209 32.400381 29.948970 16.343334 32.313747 61.929544 28.058420 73.941136 77.315112 -9999.0 -9999.0
-9999.0 16.481154 29.452757 16.739622 14.157024 13.535524 8.883581 8.806223 34.841142 13.842737 14.175911 43.206908 48.042715 45.353542 20074.432426 20060.050667 -9999.0
-9999.0 20.095807 11.476257 9.842864 9.708358 13.736972 7.294171 12.907963 26.687387 21.347302 19.063808 25.081777 60.681288 53.205984 69.290152 -9999.0 -9999.0
-9999.0 11.414984 32.932741 15.711651 13.107406 11.975109 28.175999 29.087345 34.752867 41.426107 47.941187 45.573334 45.175226 35.977042 -9999.0 -9999.0 -9999.0
-9999.0 -9999.0 16.913695 10.160068 25.095887 25.550111 27.062824 29.551487 44.987885 28.145879 44.925845 51.381482 53.000013 61.184644 -9999.0 -9999.0 -9999.0
-9999.0 -9999.0 6.976954 10.106213 23.232522 36.204521 24.853807 37.767112 42.348167 29.474145 39.253235 15.454804 62.953771 -9999.0 -9999.0 -9999.0 -9999.0
-9999.0 -9999.0 -9999.0 -9999.0 40.078661 43.595632 51.087317 20.820992 44.661353 50.451882 35.521880 43.155704 48.159084 -9999.0 -9999.0 -9999.0 -9999.0
-9999.0 -9999.0 -9999.0 -9999.0 -9999.0 41.123690 44.691241 47.013817 28.621280 41.737054 45.731185 14.925715 19.968061 41.191717 -9999.0 -9999.0 -9999.0
-9999.0 -9999.0 -9999.0 -9999.0 -9999.0 -9999.0 47.448245 46.280755 51.007240 50.351521 50.752875 48.906307 54.358596 48.959405 49.711765 -9999.0 -9999.0
-9999.0 -9999.0 -9999.0 -9999.0 -9999.0 -9999.0 -9999.0 42.087653 44.983461 44.855862 50.114829 50.265035 53.655436 23.383921 -9999.0 -9999.0 -9999.0
-9999.0 -9999.0 -9999.0 -9999.0 -9999.0 -9999.0 -9999.0 -9999.0 36.603704 43.096116 49.955185 52.457920 54.086632 61.104405 34.957952 -9999.0 -9999.0
-9999.0 -9999.0 -9999.0 -9999.0 -9999.0 -9999.0 -9999.0 -9999.0 -9999.0 -9999.0 -9999.0 -9999.0 -9999.0 -9999.0 -9999.0 -9999.0 -9999.0