tests/3D/WG1_2.0_001/output-maps-SE27XX/TaN0052.asc
ncols         17
nrows         27
xllcorner     624603.750000
yllcorner     5171346.250000
cellsize      500.000000
NODATA_value  -9999.0
-9999.0 -9999.0 -9999.0 -9999.0 -9999.0 -9999.0 -9999.0 -9999.0 -9999.0 -9999.0 -9999.0 -9999.0 -9999.0 -9999.0 -9999.0 -9999.0 -9999.0
-9999.0 -9999.0 -9999.0 -9999.0 -9999.0 -9999.0 -9999.0 -9999.0 -9999.0 -9999.0 -9999.0 -5.194340 -5.725891 -6.262167 -9999.0 -9999.0 -9999.0
-9999.0 -9999.0 -9999.0 -9999.0 -9999.0 -9999.0 -9999.0 -9999.0 -9999.0 -4.520542 -4.576954 -4.862541 -5.460073 -6.052924 -6.407310 -9999.0 -9999.0
-9999.0 -9999.0 -9999.0 -9999.0 -9999.0 -9999.0 -9999.0 -9999.0 -4.320024 -4.187773 -4.112214 -4.305423 -4.934856 -5.719781 -6.072466 -9999.0 -9999.0
-9999.0 -9999.0 -9999.0 -9999.0 -9999.0 -9999.0 -9999.0 -9999.0 -3.896392 -3.651453 -3.519396 -3.829666 -4.530292 -5.261844 -5.558563 -9999.0 -9999.0
-9999.0 -9999.0 -9999.0 -9999.0 -9999.0 -9999.0 -9999.0 -3.955862 -3.467863 -3.056331 -3.028234 -3.538030 -4.316870 -4.975007 -5.183512 -9999.0 -9999.0
-9999.0 -9999.0 -9999.0 -9999.0 -9999.0 -9999.0 -4.483628 -4.018892 -3.312862 -2.680021 -2.706507 -3.326168 -4.147520 -4.753538 -4.921242 -9999.0 -9999.0
-9999.0 -9999.0 -9999.0 -9999.0 -9999.0 -9999.0 -4.479084 -4.059139 -3.165852 -2.447047 -2.325012 -2.888554 -3.720951 -4.421526 -4.651429 -9999.0 -9999.0
-9999.0 -9999.0 -9999.0 -9999.0 -9999.0 -9999.0 -4.422726 -3.996757 -3.175866 -2.327441 -1.964503 -2.351808 -3.191171 -4.029378 -4.369626 -9999.0 -9999.0
-9999.0 -9999.0 -9999.0 -9999.0 -9999.0 -9999.0 -9999.0 -3.771093 -3.036007 -2.143098 -1.604067 -1.851989 -2.707306 -3.656089 -4.122588 -9999.0 -9999.0
-9999.0 -9999.0 -9999.0 -9999.0 -9999.0 -9999.0 -3.646243 -3.348982 -2.734402 -1.857651 -1.300247 -1.508306 -2.391997 -3.377383 -3.946423 -4.113902 -9999.0
-9999.0 -9999.0 -9999.0 -9999.0 -9999.0 -3.397826 -3.146857 -2.753290 -2.040792 -1.269581 -0.820722 -1.094304 -2.034901 -3.084557 -3.814037 -4.040571 -9999.0
-9999.0 -9999.0 -9999.0 -3.337870 -3.228419 -2.893860 -2.472024 -1.836166 -1.115859 -0.450429 -0.173001 -0.581103 -1.617039 -2.808918 -3.730539 -4.091118 -9999.0
-9999.0 -9999.0 -9999.0 -2.866655 -2.697320 -2.208585 -1.553503 -0.813803 -0.097820 0.403330 0.432622 -0.162711 -1.311831 -2.633093 -3.753338 -4.240128 -9999.0
-9999.0 -9999.0 -2.247766 -2.078519 -1.774517 -1.226847 -0.555227 0.178379 0.772421 0.962754 0.608590 -0.232054 -1.436020 -2.762836 -3.785988 -4.355653 -9999.0
-9999.0 -1.732002 -1.509465 -1.152636 -0.612759 -0.081208 0.523707 1.107244 1.393661 1.098745 0.281233 -0.810181 -2.005213 -3.183876 -4.107610 -9999.0 -9999.0
-9999.0 -0.904474 -0.554511 0.086560 0.721154 1.219852 1.683020 1.973995 1.842918 1.054085 -0.153571 -1.440766 -2.607383 -3.656844 -4.326142 -4.793412 -9999.0
-9999.0 0.268438 0.688706 1.401748 2.017313 2.360244 2.570892 2.508285 1.994811 0.881097 -0.495481 -1.819059 -2.918407 -3.762311 -4.402811 -9999.0 -9999.0
-9999.0 1.345618 1.844233 2.512726 2.901708 2.936140 2.817615 2.465765 1.812186 0.702465 -0.597564 -1.831747 -2.830643 -3.508229 -9999.0 -9999.0 -9999.0
-9999.0 -9999.0 2.889163 3.147907 3.021071 2.604559 2.194112 1.737831 1.225709 0.350849 -0.760521 -1.885544 -2.703940 -3.112051 -9999.0 -9999.0 -9999.0
-9999.0 -9999.0 3.585705 3.013633 2.304121 1.512203 0.987688 0.645354 0.492859 0.032045 -0.818335 -1.862287 -2.551277 -9999.0 -9999.0 -9999.0 -9999.0
-9999.0 -9999.0 -9999.0 -9999.0 1.201919 0.228184 -0.351168 -0.514219 -0.330413 -0.384957 -0.918933 -1.828431 -2.538276 -9999.0 -9999.0 -9999.0 -9999.0
-9999.0 -9999.0 -9999.0 -9999.0 -9999.0 -0.981483 -1.481098 -1.617321 -1.229787 -0.940427 -1.087903 -1.742250 -2.477989 -3.065855 -9999.0 -9999.0 -9999.0
-9999.0 -9999.0 -9999.0 -9999.0 -9999.0 -9999.0 -2.366119 -2.485856 -2.198324 -1.707160 -1.524066 -1.862014 -2.561321 -3.086315 -3.486646 -9999.0 -9999.0
-9999.0 -9999.0 -9999.0 -9999.0 -9999.0 -9999.0 -9999.0 -3.166654 -2.899214 -2.450579 -2.047848 -2.144956 -2.679994 -3.235164 -9999.0 -9999.0 -9999.0
-9999.0 -9999.0 -9999.0 -9999.0 -9999.0 -9999.0 -9999.0 -9999.0 -3.284316 -2.817218 -2.346740 -2.338075 -2.804636 -3.281953 -3.641475 -9999.0 -9999.0
-9999.0 -9999.0 -9999.0 -9999.0 -9999.0 -9999.0 -9999.0 -9999.0 -9999.0 -9999.0 -9999.0 -9999.0 -9999.0 -9999.0 -9999.0 -9999.0 -9999.0