tests/3D/WG1_2.0_001/output-maps-SE27XX/TaN0064.asc
ncols         17
nrows         27
xllcorner     624603.750000
yllcorner     5171346.250000
cellsize      500.000000
NODATA_value  -9999.0
-9999.0 -9999.0 -9999.0 -9999.0 -9999.0 -9999.0 -9999.0 -9999.0 -9999.0 -9999.0 -9999.0 -9999.0 -9999.0 -9999.0 -9999.0 -9999.0 -9999.0
-9999.0 -9999.0 -9999.0 -9999.0 -9999.0 -9999.0 -9999.0 -9999.0 -9999.0 -9999.0 -9999.0 -6.929425 -7.405565 -7.878831 -9999.0 -9999.0 -9999.0
-9999.0 -9999.0 -9999.0 -9999.0 -9999.0 -9999.0 -9999.0 -9999.0 -9999.0 -6.293222 -6.290360 -6.529390 -7.083747 -7.624796 -7.907872 -9999.0 -9999.0
-9999.0 -9999.0 -9999.0 -9999.0 -9999.0 -9999.0 -9999.0 -9999.0 -6.078109 -5.865171 -5.734979 -5.894352 -6.498775 -7.250770 -7.546064 -9999.0 -9999.0
-9999.0 -9999.0 -9999.0 -9999.0 -9999.0 -9999.0 -9999.0 -9999.0 -5.551833 -5.219258 -5.036539 -5.328131 -6.027464 -6.753069 -7.016021 -9999.0 -9999.0
-9999.0 -9999.0 -9999.0 -9999.0 -9999.0 -9999.0 -9999.0 -5.644651 -5.015078 -4.504764 -4.427957 -4.935023 -5.739912 -6.425329 -6.632452 -9999.0 -9999.0
-9999.0 -9999.0 -9999.0 -9999.0 -9999.0 -9999.0 -6.295289 -5.631946 -4.759664 -4.013007 -3.990047 -4.621727 -5.496548 -6.164553 -6.367190 -9999.0 -9999.0
-9999.0 -9999.0 -9999.0 -9999.0 -9999.0 -9999.0 -6.273486 -5.627370 -4.542588 -3.693452 -3.518995 -4.105948 -5.014430 -5.806226 -6.103489 -9999.0 -9999.0
-9999.0 -9999.0 -9999.0 -9999.0 -9999.0 -9999.0 -6.246261 -5.573355 -4.540861 -3.548043 -3.128336 -3.544395 -4.472109 -5.418252 -5.846785 -9999.0 -9999.0
-9999.0 -9999.0 -9999.0 -9999.0 -9999.0 -9999.0 -9999.0 -5.426797 -4.470588 -3.425006 -2.823511 -3.096555 -4.037868 -5.094579 -5.654734 -9999.0 -9999.0
-9999.0 -9999.0 -9999.0 -9999.0 -9999.0 -9999.0 -5.702976 -5.157802 -4.325330 -3.294213 -2.666661 -2.886183 -3.838656 -4.915979 -5.569242 -5.793810 -9999.0
-9999.0 -9999.0 -9999.0 -9999.0 -9999.0 -5.869585 -5.395552 -4.774255 -3.857750 -2.935692 -2.407340 -2.671372 -3.653246 -4.767975 -5.561731 -5.835730 -9999.0
-9999.0 -9999.0 -9999.0 -6.304461 -6.055315 -5.551046 -4.936497 -4.100749 -3.196557 -2.387226 -2.021248 -2.396744 -3.443134 -4.669123 -5.630076 -6.022381 -9999.0
-9999.0 -9999.0 -9999.0 -5.958080 -5.677106 -5.049655 -4.234115 -3.324444 -2.446823 -1.810992 -1.686769 -2.229462 -3.361007 -4.687101 -5.821577 -6.322121 -9999.0
-9999.0 -9999.0 -5.514116 -5.283333 -4.893823 -4.236277 -3.434305 -2.558964 -1.825083 -1.510944 -1.767897 -2.541782 -3.706457 -5.014046 -6.029453 -6.595637 -9999.0
-9999.0 -5.098450 -4.853558 -4.455118 -3.852039 -3.235293 -2.526021 -1.825622 -1.419582 -1.602741 -2.324980 -3.342023 -4.483348 -5.625272 -6.524036 -9999.0 -9999.0
-9999.0 -4.321180 -3.963335 -3.296182 -2.616064 -2.052203 -1.506282 -1.119765 -1.149589 -1.839393 -2.957170 -4.168026 -5.273154 -6.274692 -6.906867 -7.344715 -9999.0
-9999.0 -3.191070 -2.772078 -2.043499 -1.395739 -1.003726 -0.728305 -0.713710 -1.142591 -2.170199 -3.464651 -4.714113 -5.749403 -6.539488 -7.135294 -9999.0 -9999.0
-9999.0 -2.149549 -1.654636 -0.977001 -0.566480 -0.496681 -0.566000 -0.856754 -1.440871 -2.477131 -3.704051 -4.869034 -5.804953 -6.426786 -9999.0 -9999.0 -9999.0
-9999.0 -9999.0 -0.630320 -0.368827 -0.485045 -0.879175 -1.254444 -1.663904 -2.120139 -2.933402 -3.980975 -5.043102 -5.801833 -6.154931 -9999.0 -9999.0 -9999.0
-9999.0 -9999.0 0.060338 -0.519667 -1.230464 -2.012000 -2.513503 -2.821178 -2.929458 -3.339210 -4.134584 -5.122289 -5.756009 -9999.0 -9999.0 -9999.0 -9999.0
-9999.0 -9999.0 -9999.0 -9999.0 -2.363342 -3.334791 -3.899973 -4.037634 -3.818853 -3.831022 -4.317627 -5.177092 -5.836277 -9999.0 -9999.0 -9999.0 -9999.0
-9999.0 -9999.0 -9999.0 -9999.0 -9999.0 -4.588463 -5.078359 -5.194983 -4.778897 -4.453644 -4.559803 -5.169371 -5.858672 -6.399961 -9999.0 -9999.0 -9999.0
-9999.0 -9999.0 -9999.0 -9999.0 -9999.0 -9999.0 -6.016126 -6.118686 -5.806197 -5.283315 -5.063181 -5.360349 -6.016672 -6.497846 -6.854654 -9999.0 -9999.0
-9999.0 -9999.0 -9999.0 -9999.0 -9999.0 -9999.0 -9999.0 -6.857527 -6.566193 -6.087837 -5.650566 -5.709532 -6.204082 -6.717589 -9999.0 -9999.0 -9999.0
-9999.0 -9999.0 -9999.0 -9999.0 -9999.0 -9999.0 -9999.0 -9999.0 -7.011965 -6.515213 -6.011047 -5.965548 -6.393104 -6.830201 -7.149164 -9999.0 -9999.0
-9999.0 -9999.0 -9999.0 -9999.0 -9999.0 -9999.0 -9999.0 -9999.0 -9999.0 -9999.0 -9999.0 -9999.0 -9999.0 -9999.0 -9999.0 -9999.0 -9999.0