tests/3D/WG1_2.0_001/output-maps-SE27XX/TaN0075.asc
ncols         17
nrows         27
xllcorner     624603.750000
yllcorner     5171346.250000
cellsize      500.000000
NODATA_value  -9999.0
-9999.0 -9999.0 -9999.0 -9999.0 -9999.0 -9999.0 -9999.0 -9999.0 -9999.0 -9999.0 -9999.0 -9999.0 -9999.0 -9999.0 -9999.0 -9999.0 -9999.0
-9999.0 -9999.0 -9999.0 -9999.0 -9999.0 -9999.0 -9999.0 -9999.0 -9999.0 -9999.0 -9999.0 -20.742009 -21.218949 -21.682989 -9999.0 -9999.0 -9999.0
-9999.0 -9999.0 -9999.0 -9999.0 -9999.0 -9999.0 -9999.0 -9999.0 -9999.0 -20.180074 -20.218837 -20.467171 -21.004865 -21.514624 -21.765882 -9999.0 -9999.0
-9999.0 -9999.0 -9999.0 -9999.0 -9999.0 -9999.0 -9999.0 -9999.0 -20.036791 -19.910850 -19.823508 -19.981260 -20.547159 -21.238878 -21.472078 -9999.0 -9999.0
-9999.0 -9999.0 -9999.0 -9999.0 -9999.0 -9999.0 -9999.0 -9999.0 -19.673292 -19.445667 -19.310242 -19.589142 -20.224571 -20.854758 -21.017746 -9999.0 -9999.0
-9999.0 -9999.0 -9999.0 -9999.0 -9999.0 -9999.0 -9999.0 -19.749239 -19.305430 -18.924042 -18.902665 -19.386678 -20.100409 -20.651827 -20.716936 -9999.0 -9999.0
-9999.0 -9999.0 -9999.0 -9999.0 -9999.0 -9999.0 -20.254448 -19.852357 -19.204125 -18.614188 -18.657145 -19.256295 -20.013311 -20.510341 -20.531459 -9999.0 -9999.0
-9999.0 -9999.0 -9999.0 -9999.0 -9999.0 -9999.0 -20.265358 -19.918231 -19.093766 -18.427769 -18.329046 -18.875201 -19.644030 -20.236843 -20.324384 -9999.0 -9999.0
-9999.0 -9999.0 -9999.0 -9999.0 -9999.0 -9999.0 -20.207587 -19.859814 -19.113413 -18.322289 -17.984991 -18.355718 -19.133302 -19.869586 -20.079031 -9999.0 -9999.0
-9999.0 -9999.0 -9999.0 -9999.0 -9999.0 -9999.0 -9999.0 -19.612675 -18.950904 -18.113633 -17.598670 -17.830389 -18.628791 -19.486846 -19.839995 -9999.0 -9999.0
-9999.0 -9999.0 -9999.0 -9999.0 -9999.0 -9999.0 -19.372819 -19.145940 -18.597515 -17.770183 -17.233602 -17.427448 -18.262939 -19.173043 -19.649342 -19.716604 -9999.0
-9999.0 -9999.0 -9999.0 -9999.0 -9999.0 -19.019110 -18.824263 -18.490519 -17.833727 -17.103895 -16.672893 -16.936241 -17.839805 -18.831234 -19.488707 -19.636886 -9999.0
-9999.0 -9999.0 -9999.0 -18.844397 -18.767380 -18.472460 -18.096366 -17.508873 -16.833424 -16.201690 -15.940087 -16.342820 -17.353019 -18.502691 -19.370900 -19.672215 -9999.0
-9999.0 -9999.0 -9999.0 -18.346898 -18.203484 -17.746307 -17.127413 -16.425789 -15.745244 -15.271437 -15.256630 -15.851060 -16.984118 -18.276549 -19.358703 -19.801897 -9999.0
-9999.0 -9999.0 -17.688174 -17.534933 -17.251336 -16.728541 -16.085355 -15.381626 -14.815643 -14.647738 -15.015334 -15.858440 -17.053694 -18.361926 -19.358839 -19.897180 -9999.0
-9999.0 -17.146214 -16.932802 -16.588350 -16.064682 -15.553033 -14.970820 -14.411107 -14.147283 -14.460897 -15.290835 -16.386865 -17.578285 -18.745725 -19.651965 -9999.0 -9999.0
-9999.0 -16.306464 -15.962827 -15.331525 -14.710398 -14.228332 -13.783955 -13.512544 -13.662248 -14.466922 -15.685961 -16.978916 -18.145203 -19.188469 -19.846486 -20.298505 -9999.0
-9999.0 -15.122140 -14.705809 -14.001259 -13.398032 -13.070015 -12.875687 -12.954908 -13.484101 -14.611396 -15.998278 -17.328027 -18.428991 -19.269989 -19.903492 -9999.0 -9999.0
-9999.0 -14.032678 -13.536560 -12.877384 -12.501375 -12.481367 -12.614689 -12.981020 -13.648071 -14.769496 -16.078722 -17.318998 -18.320540 -18.997273 -9999.0 -9999.0 -9999.0
-9999.0 -9999.0 -12.478373 -12.232533 -12.374206 -12.805113 -13.229145 -13.698117 -14.221803 -15.106707 -16.226153 -17.356879 -18.178343 -18.586807 -9999.0 -9999.0 -9999.0
-9999.0 -9999.0 -11.775773 -12.364003 -13.089014 -13.894444 -14.430967 -14.784167 -14.946431 -15.415741 -16.273069 -17.322147 -18.014239 -9999.0 -9999.0 -9999.0 -9999.0
-9999.0 -9999.0 -9999.0 -9999.0 -14.195152 -15.179723 -15.768796 -15.940690 -15.764874 -15.826430 -16.366240 -17.280185 -17.992924 -9999.0 -9999.0 -9999.0 -9999.0
-9999.0 -9999.0 -9999.0 -9999.0 -9999.0 -16.393602 -16.900218 -17.043162 -16.661885 -16.378132 -16.530366 -17.188439 -17.926725 -18.515870 -9999.0 -9999.0 -9999.0
-9999.0 -9999.0 -9999.0 -9999.0 -9999.0 -9999.0 -17.788156 -17.912643 -17.629778 -17.142932 -16.963590 -17.304547 -18.005982 -18.532133 -18.932612 -9999.0 -9999.0
-9999.0 -9999.0 -9999.0 -9999.0 -9999.0 -9999.0 -9999.0 -18.595307 -18.331170 -17.885719 -17.485831 -17.585266 -18.121985 -18.678101 -9999.0 -9999.0 -9999.0
-9999.0 -9999.0 -9999.0 -9999.0 -9999.0 -9999.0 -9999.0 -9999.0 -18.717524 -18.252642 -17.784201 -17.777234 -18.245031 -18.723035 -19.082642 -9999.0 -9999.0
-9999.0 -9999.0 -9999.0 -9999.0 -9999.0 -9999.0 -9999.0 -9999.0 -9999.0 -9999.0 -9999.0 -9999.0 -9999.0 -9999.0 -9999.0 -9999.0 -9999.0