tests/3D/WG1_2.0_001/output-maps-SE27XX/TaN0020.asc
ncols         17
nrows         27
xllcorner     624603.750000
yllcorner     5171346.250000
cellsize      500.000000
NODATA_value  -9999.0
-9999.0 -9999.0 -9999.0 -9999.0 -9999.0 -9999.0 -9999.0 -9999.0 -9999.0 -9999.0 -9999.0 -9999.0 -9999.0 -9999.0 -9999.0 -9999.0 -9999.0
-9999.0 -9999.0 -9999.0 -9999.0 -9999.0 -9999.0 -9999.0 -9999.0 -9999.0 -9999.0 -9999.0 -5.328826 -5.893788 -6.478421 -9999.0 -9999.0 -9999.0
-9999.0 -9999.0 -9999.0 -9999.0 -9999.0 -9999.0 -9999.0 -9999.0 -9999.0 -4.578615 -4.635414 -4.939442 -5.575499 -6.226738 -6.655698 -9999.0 -9999.0
-9999.0 -9999.0 -9999.0 -9999.0 -9999.0 -9999.0 -9999.0 -9999.0 -4.336660 -4.182064 -4.101795 -4.312494 -4.984757 -5.838176 -6.280761 -9999.0 -9999.0
-9999.0 -9999.0 -9999.0 -9999.0 -9999.0 -9999.0 -9999.0 -9999.0 -3.852839 -3.575311 -3.431350 -3.756445 -4.502897 -5.312029 -5.713078 -9999.0 -9999.0
-9999.0 -9999.0 -9999.0 -9999.0 -9999.0 -9999.0 -9999.0 -3.912384 -3.364333 -2.908348 -2.859809 -3.380684 -4.207134 -4.949954 -5.273957 -9999.0 -9999.0
-9999.0 -9999.0 -9999.0 -9999.0 -9999.0 -9999.0 -4.482541 -3.936864 -3.157277 -2.468199 -2.466126 -3.093556 -3.963841 -4.659082 -4.948066 -9999.0 -9999.0
-9999.0 -9999.0 -9999.0 -9999.0 -9999.0 -9999.0 -4.466735 -3.954691 -2.976598 -2.192309 -2.036216 -2.606143 -3.488748 -4.279848 -4.630097 -9999.0 -9999.0
-9999.0 -9999.0 -9999.0 -9999.0 -9999.0 -9999.0 -4.418919 -3.894194 -2.982070 -2.063652 -1.665019 -2.059169 -2.948821 -3.874352 -4.326979 -9999.0 -9999.0
-9999.0 -9999.0 -9999.0 -9999.0 -9999.0 -9999.0 -9999.0 -3.699821 -2.873410 -1.911364 -1.338091 -1.593189 -2.495535 -3.522972 -4.087846 -9999.0 -9999.0
-9999.0 -9999.0 -9999.0 -9999.0 -9999.0 -9999.0 -3.727986 -3.337399 -2.637266 -1.696255 -1.107040 -1.320357 -2.243428 -3.294009 -3.943627 -4.196899 -9999.0
-9999.0 -9999.0 -9999.0 -9999.0 -9999.0 -3.629413 -3.298717 -2.822186 -2.033612 -1.204790 -0.725837 -1.000080 -1.969115 -3.067971 -3.859112 -4.152060 -9999.0
-9999.0 -9999.0 -9999.0 -3.742978 -3.584943 -3.191100 -2.701562 -1.994995 -1.209255 -0.492873 -0.186011 -0.588726 -1.641171 -2.866295 -3.831763 -4.241088 -9999.0
-9999.0 -9999.0 -9999.0 -3.316335 -3.107756 -2.570559 -1.859691 -1.061187 -0.289779 0.256425 0.314982 -0.269107 -1.423900 -2.764373 -3.913106 -4.433537 -9999.0
-9999.0 -9999.0 -2.761345 -2.569260 -2.234360 -1.647793 -0.930812 -0.148701 0.492196 0.722517 0.397287 -0.427547 -1.628587 -2.963403 -4.002685 -4.593711 -9999.0
-9999.0 -2.286040 -2.053130 -1.679380 -1.115389 -0.552662 0.089211 0.712927 1.039165 0.779834 -0.009581 -1.082278 -2.268293 -3.446680 -4.377162 -9999.0 -9999.0
-9999.0 -1.480239 -1.123969 -0.470416 0.183226 0.707264 1.200928 1.525543 1.428567 0.671402 -0.509541 -1.776641 -2.930397 -3.973903 -4.643189 -5.115108 -9999.0
-9999.0 -0.325838 0.098085 0.820632 1.451686 1.815662 2.051872 2.017743 1.533647 0.448049 -0.903622 -2.206915 -3.291319 -4.125670 -4.761536 -9999.0 -9999.0
-9999.0 0.736944 1.237938 1.913926 2.315732 2.367855 2.270944 1.943354 1.315150 0.230295 -1.046880 -2.261396 -3.244535 -3.910515 -9999.0 -9999.0 -9999.0
-9999.0 -9999.0 2.274261 2.538119 2.421402 2.019540 1.627313 1.191710 0.701510 -0.151438 -1.242086 -2.348544 -3.151204 -3.546743 -9999.0 -9999.0 -9999.0
-9999.0 -9999.0 2.968335 2.397955 1.695639 0.915570 0.406348 0.081662 -0.051863 -0.493391 -1.325110 -2.351829 -3.025610 -9999.0 -9999.0 -9999.0 -9999.0
-9999.0 -9999.0 -9999.0 -9999.0 0.586593 -0.377105 -0.943338 -1.091130 -0.890772 -0.928278 -1.445479 -2.339123 -3.034551 -9999.0 -9999.0 -9999.0 -9999.0
-9999.0 -9999.0 -9999.0 -9999.0 -9999.0 -1.594145 -2.081845 -2.204485 -1.802268 -1.497714 -1.630059 -2.269865 -2.992085 -3.567776 -9999.0 -9999.0 -9999.0
-9999.0 -9999.0 -9999.0 -9999.0 -9999.0 -9999.0 -2.973984 -3.081211 -2.780376 -2.275487 -2.078653 -2.403247 -3.089939 -3.603335 -3.993276 -9999.0 -9999.0
-9999.0 -9999.0 -9999.0 -9999.0 -9999.0 -9999.0 -9999.0 -3.768627 -3.488913 -3.027718 -2.612409 -2.697212 -3.220494 -3.764688 -9999.0 -9999.0 -9999.0
-9999.0 -9999.0 -9999.0 -9999.0 -9999.0 -9999.0 -9999.0 -9999.0 -3.880124 -3.401417 -2.919340 -2.899291 -3.354891 -3.821857 -4.171789 -9999.0 -9999.0
-9999.0 -9999.0 -9999.0 -9999.0 -9999.0 -9999.0 -9999.0 -9999.0 -9999.0 -9999.0 -9999.0 -9999.0 -9999.0 -9999.0 -9999.0 -9999.0 -9999.0