tests/3D/WG1_2.0_001/output-maps-SE27XX/TaN0014.asc
ncols         17
nrows         27
xllcorner     624603.750000
yllcorner     5171346.250000
cellsize      500.000000
NODATA_value  -9999.0
-9999.0 -9999.0 -9999.0 -9999.0 -9999.0 -9999.0 -9999.0 -9999.0 -9999.0 -9999.0 -9999.0 -9999.0 -9999.0 -9999.0 -9999.0 -9999.0 -9999.0
-9999.0 -9999.0 -9999.0 -9999.0 -9999.0 -9999.0 -9999.0 -9999.0 -9999.0 -9999.0 -9999.0 -12.029558 -12.735626 -13.463409 -9999.0 -9999.0 -9999.0
-9999.0 -9999.0 -9999.0 -9999.0 -9999.0 -9999.0 -9999.0 -9999.0 -9999.0 -10.998969 -11.185975 -11.631993 -12.418497 -13.223552 -13.803016 -9999.0 -9999.0
-9999.0 -9999.0 -9999.0 -9999.0 -9999.0 -9999.0 -9999.0 -9999.0 -10.606338 -10.570550 -10.624278 -10.982612 -11.812778 -12.828937 -13.431740 -9999.0 -9999.0
-9999.0 -9999.0 -9999.0 -9999.0 -9999.0 -9999.0 -9999.0 -9999.0 -10.079888 -9.921150 -9.912600 -10.388400 -11.297531 -12.275674 -12.844202 -9999.0 -9999.0
-9999.0 -9999.0 -9999.0 -9999.0 -9999.0 -9999.0 -9999.0 -9.989552 -9.540758 -9.201236 -9.286825 -9.958422 -10.948997 -11.863650 -12.359058 -9999.0 -9999.0
-9999.0 -9999.0 -9999.0 -9999.0 -9999.0 -9999.0 -10.428871 -9.961719 -9.276496 -8.699280 -8.827303 -9.602233 -10.634414 -11.500351 -11.960704 -9999.0 -9999.0
-9999.0 -9999.0 -9999.0 -9999.0 -9999.0 -9999.0 -10.363871 -9.924277 -9.034134 -8.355135 -8.322607 -9.033746 -10.072394 -11.029016 -11.546453 -9999.0 -9999.0
-9999.0 -9999.0 -9999.0 -9999.0 -9999.0 -9999.0 -10.266709 -9.807644 -8.976014 -8.154845 -7.871256 -8.397743 -9.434414 -10.516669 -11.128499 -9999.0 -9999.0
-9999.0 -9999.0 -9999.0 -9999.0 -9999.0 -9999.0 -9999.0 -9.558316 -8.804444 -7.930736 -7.462636 -7.839302 -8.877237 -10.049802 -10.762913 -9999.0 -9999.0
-9999.0 -9999.0 -9999.0 -9999.0 -9999.0 -9999.0 -9.482623 -9.143778 -8.508214 -7.646328 -7.151732 -7.474760 -8.520538 -9.702932 -10.487934 -10.873435 -9999.0
-9999.0 -9999.0 -9999.0 -9999.0 -9999.0 -9.306885 -9.011569 -8.580338 -7.848710 -7.089973 -6.695031 -7.066853 -8.145252 -9.361984 -10.274888 -10.687850 -9999.0
-9999.0 -9999.0 -9999.0 -9.348304 -9.206587 -8.835517 -8.376405 -7.709287 -6.973454 -6.318653 -6.085677 -6.574270 -7.723117 -9.052486 -10.126253 -10.643303 -9999.0
-9999.0 -9999.0 -9999.0 -8.899019 -8.703314 -8.185115 -7.500330 -6.736094 -6.008278 -5.515940 -5.522004 -6.181202 -7.420406 -8.852435 -10.096809 -10.713216 -9999.0
-9999.0 -9999.0 -8.318658 -8.131248 -7.806324 -7.235572 -6.540965 -5.788635 -5.185802 -5.002548 -5.384196 -6.274568 -7.549316 -8.964286 -10.087723 -10.763894 -9999.0
-9999.0 -7.829471 -7.593692 -7.222402 -6.666135 -6.116655 -5.494068 -4.896323 -4.603404 -4.903935 -5.742671 -6.872602 -8.122998 -9.371540 -10.376007 -9999.0 -9999.0
-9999.0 -7.009390 -6.648626 -5.996210 -5.348722 -4.835926 -4.359004 -4.057151 -4.183415 -4.976780 -6.200986 -7.518219 -8.728352 -9.833382 -10.567791 -11.106517 -9999.0
-9999.0 -5.840379 -5.411970 -4.690171 -4.064172 -3.709772 -3.488136 -3.542291 -4.052248 -5.169803 -6.559601 -7.907001 -9.040973 -9.929467 -10.622815 -9999.0 -9999.0
-9999.0 -4.764391 -4.260739 -3.585241 -3.187136 -3.142847 -3.252320 -3.597547 -4.248685 -5.361903 -6.672867 -7.926401 -8.953341 -9.667186 -9999.0 -9999.0 -9999.0
-9999.0 -9999.0 -3.219387 -2.953568 -3.071378 -3.478967 -3.881845 -4.333017 -4.843687 -5.721985 -6.842780 -7.983975 -8.825573 -9.263653 -9999.0 -9999.0 -9999.0
-9999.0 -9999.0 -2.524447 -3.087729 -3.788039 -4.572012 -5.090430 -5.429105 -5.581146 -6.045572 -6.904429 -7.962313 -8.670946 -9999.0 -9999.0 -9999.0 -9999.0
-9999.0 -9999.0 -9999.0 -9999.0 -4.885611 -5.853326 -6.428421 -6.589376 -6.406186 -6.464701 -7.006613 -7.928476 -8.655345 -9999.0 -9999.0 -9999.0 -9999.0
-9999.0 -9999.0 -9999.0 -9999.0 -9999.0 -7.057620 -7.555252 -7.691085 -7.305310 -7.020419 -7.175575 -7.841205 -8.592038 -9.198802 -9999.0 -9999.0 -9999.0
-9999.0 -9999.0 -9999.0 -9999.0 -9999.0 -9999.0 -8.435761 -8.556839 -8.272226 -7.786105 -7.610634 -7.959127 -8.672098 -9.213903 -9.634038 -9999.0 -9999.0
-9999.0 -9999.0 -9999.0 -9999.0 -9999.0 -9999.0 -9999.0 -9.234070 -8.970637 -8.527635 -8.132588 -8.239743 -8.787381 -9.357752 -9999.0 -9999.0 -9999.0
-9999.0 -9999.0 -9999.0 -9999.0 -9999.0 -9999.0 -9999.0 -9999.0 -9.352806 -8.891889 -8.429212 -8.430258 -8.908617 -9.399884 -9.775454 -9999.0 -9999.0
-9999.0 -9999.0 -9999.0 -9999.0 -9999.0 -9999.0 -9999.0 -9999.0 -9999.0 -9999.0 -9999.0 -9999.0 -9999.0 -9999.0 -9999.0 -9999.0 -9999.0