tests/3D/WG1_2.0_001/output-maps-SE27XX/TaN0068.asc
ncols         17
nrows         27
xllcorner     624603.750000
yllcorner     5171346.250000
cellsize      500.000000
NODATA_value  -9999.0
-9999.0 -9999.0 -9999.0 -9999.0 -9999.0 -9999.0 -9999.0 -9999.0 -9999.0 -9999.0 -9999.0 -9999.0 -9999.0 -9999.0 -9999.0 -9999.0 -9999.0
-9999.0 -9999.0 -9999.0 -9999.0 -9999.0 -9999.0 -9999.0 -9999.0 -9999.0 -9999.0 -9999.0 -7.677277 -8.229447 -8.790109 -9999.0 -9999.0 -9999.0
-9999.0 -9999.0 -9999.0 -9999.0 -9999.0 -9999.0 -9999.0 -9999.0 -9999.0 -6.978130 -7.051652 -7.353691 -7.969590 -8.585557 -8.969711 -9999.0 -9999.0
-9999.0 -9999.0 -9999.0 -9999.0 -9999.0 -9999.0 -9999.0 -9999.0 -6.772506 -6.659754 -6.599520 -6.805838 -7.449643 -8.254398 -8.635630 -9999.0 -9999.0
-9999.0 -9999.0 -9999.0 -9999.0 -9999.0 -9999.0 -9999.0 -9999.0 -6.366006 -6.141196 -6.022536 -6.341578 -7.050779 -7.796490 -8.117897 -9999.0 -9999.0
-9999.0 -9999.0 -9999.0 -9999.0 -9999.0 -9999.0 -9999.0 -6.414016 -5.956717 -5.566921 -5.550635 -6.064372 -6.844639 -7.509128 -7.735632 -9999.0 -9999.0
-9999.0 -9999.0 -9999.0 -9999.0 -9999.0 -9999.0 -6.912425 -6.490701 -5.820551 -5.212194 -5.249681 -5.868712 -6.684042 -7.287623 -7.464699 -9999.0 -9999.0
-9999.0 -9999.0 -9999.0 -9999.0 -9999.0 -9999.0 -6.909513 -6.538849 -5.687107 -4.996283 -4.885364 -5.444805 -6.264933 -6.955205 -7.185850 -9999.0 -9999.0
-9999.0 -9999.0 -9999.0 -9999.0 -9999.0 -9999.0 -6.845185 -6.473467 -5.698913 -4.881797 -4.530907 -4.912566 -5.736188 -6.559123 -6.893627 -9999.0 -9999.0
-9999.0 -9999.0 -9999.0 -9999.0 -9999.0 -9999.0 -9999.0 -6.229686 -5.543482 -4.684148 -4.158816 -4.402133 -5.242059 -6.174652 -6.632389 -9999.0 -9999.0
-9999.0 -9999.0 -9999.0 -9999.0 -9999.0 -9999.0 -6.015207 -5.773417 -5.207485 -4.365223 -3.823882 -4.031004 -4.903356 -5.875499 -6.436285 -6.603874 -9999.0
-9999.0 -9999.0 -9999.0 -9999.0 -9999.0 -5.672409 -5.472620 -5.130801 -4.464507 -3.727671 -3.297741 -3.575814 -4.511529 -5.553478 -6.277825 -6.504680 -9999.0
-9999.0 -9999.0 -9999.0 -5.493102 -5.418644 -5.125312 -4.749188 -4.160003 -3.482369 -2.850636 -2.594990 -3.013404 -4.051589 -5.242266 -6.163232 -6.526075 -9999.0
-9999.0 -9999.0 -9999.0 -4.988326 -4.849184 -4.396424 -3.781541 -3.083384 -2.406440 -1.938037 -1.932844 -2.543560 -3.701354 -5.027581 -6.151890 -6.643712 -9999.0
-9999.0 -9999.0 -4.316699 -4.167460 -3.889484 -3.373354 -2.737298 -2.040884 -1.482698 -1.324039 -1.703805 -2.563585 -3.781235 -5.118095 -6.149522 -6.727097 -9999.0
-9999.0 -3.762258 -3.550193 -3.210086 -2.693319 -2.190306 -1.617700 -1.068132 -0.815037 -1.140498 -1.984298 -3.097216 -4.309376 -5.501811 -6.437152 -9999.0 -9999.0
-9999.0 -2.909780 -2.566505 -1.940284 -1.327819 -0.856538 -0.423991 -0.164912 -0.327393 -1.145615 -2.379552 -3.689423 -4.875212 -5.940874 -6.624128 -7.103787 -9999.0
-9999.0 -1.708697 -1.292027 -0.594671 -0.003123 0.311337 0.491590 0.398248 -0.145145 -1.287026 -2.689328 -4.035818 -5.155250 -6.016679 -6.672570 -9999.0 -9999.0
-9999.0 -0.596178 -0.100683 0.546180 0.905561 0.908543 0.758946 0.377107 -0.305024 -1.441526 -2.766261 -4.022879 -5.041914 -5.737473 -9999.0 -9999.0 -9999.0
-9999.0 -9999.0 0.981317 1.205911 1.041525 0.590356 0.148470 -0.336737 -0.875773 -1.775726 -2.910375 -4.056816 -4.894768 -5.320638 -9999.0 -9999.0 -9999.0
-9999.0 -9999.0 1.695126 1.078958 0.328206 -0.498421 -1.052861 -1.422015 -1.599194 -2.083009 -2.954869 -4.018815 -4.726320 -9999.0 -9999.0 -9999.0 -9999.0
-9999.0 -9999.0 -9999.0 -9999.0 -0.785985 -1.788937 -2.394026 -2.580475 -2.418444 -2.493499 -3.046856 -3.974629 -4.701630 -9999.0 -9999.0 -9999.0 -9999.0
-9999.0 -9999.0 -9999.0 -9999.0 -9999.0 -3.012612 -3.531982 -3.687281 -3.318150 -3.046546 -3.211110 -3.881830 -4.633168 -5.235806 -9999.0 -9999.0 -9999.0
-9999.0 -9999.0 -9999.0 -9999.0 -9999.0 -9999.0 -4.428443 -4.562841 -4.290264 -3.814044 -3.645688 -3.998031 -4.711275 -5.249660 -5.662764 -9999.0 -9999.0
-9999.0 -9999.0 -9999.0 -9999.0 -9999.0 -9999.0 -9999.0 -5.252650 -4.996985 -4.560616 -4.170337 -4.279873 -4.827161 -5.394281 -9999.0 -9999.0 -9999.0
-9999.0 -9999.0 -9999.0 -9999.0 -9999.0 -9999.0 -9999.0 -9999.0 -5.389420 -4.932152 -4.471976 -4.473848 -4.951000 -5.438820 -5.808642 -9999.0 -9999.0
-9999.0 -9999.0 -9999.0 -9999.0 -9999.0 -9999.0 -9999.0 -9999.0 -9999.0 -9999.0 -9999.0 -9999.0 -9999.0 -9999.0 -9999.0 -9999.0 -9999.0