tests/3D/WG1_2.0_001/output-maps-SE27XX/TaN0008.asc
ncols         17
nrows         27
xllcorner     624603.750000
yllcorner     5171346.250000
cellsize      500.000000
NODATA_value  -9999.0
-9999.0 -9999.0 -9999.0 -9999.0 -9999.0 -9999.0 -9999.0 -9999.0 -9999.0 -9999.0 -9999.0 -9999.0 -9999.0 -9999.0 -9999.0 -9999.0 -9999.0
-9999.0 -9999.0 -9999.0 -9999.0 -9999.0 -9999.0 -9999.0 -9999.0 -9999.0 -9999.0 -9999.0 -1.024026 -1.487679 -1.979855 -9999.0 -9999.0 -9999.0
-9999.0 -9999.0 -9999.0 -9999.0 -9999.0 -9999.0 -9999.0 -9999.0 -9999.0 -0.503470 -0.442693 -0.633147 -1.162422 -1.716237 -2.059279 -9999.0 -9999.0
-9999.0 -9999.0 -9999.0 -9999.0 -9999.0 -9999.0 -9999.0 -9999.0 -0.404097 -0.125843 0.077203 -0.014636 -0.575017 -1.326338 -1.678931 -9999.0 -9999.0
-9999.0 -9999.0 -9999.0 -9999.0 -9999.0 -9999.0 -9999.0 -9999.0 0.046873 0.452105 0.723296 0.521676 -0.108362 -0.811166 -1.118458 -9999.0 -9999.0
-9999.0 -9999.0 -9999.0 -9999.0 -9999.0 -9999.0 -9999.0 -0.182620 0.493001 1.079679 1.258898 0.865209 0.158937 -0.473919 -0.700797 -9999.0 -9999.0
-9999.0 -9999.0 -9999.0 -9999.0 -9999.0 -9999.0 -0.928150 -0.260242 0.647971 1.469428 1.604373 1.106689 0.359383 -0.222976 -0.411924 -9999.0 -9999.0
-9999.0 -9999.0 -9999.0 -9999.0 -9999.0 -9999.0 -0.972404 -0.339229 0.767029 1.683843 1.973504 1.534526 0.776580 0.100462 -0.147342 -9999.0 -9999.0
-9999.0 -9999.0 -9999.0 -9999.0 -9999.0 -9999.0 -0.990283 -0.347108 0.691042 1.740420 2.271670 2.008194 1.243666 0.434322 0.085977 -9999.0 -9999.0
-9999.0 -9999.0 -9999.0 -9999.0 -9999.0 -9999.0 -9999.0 -0.226991 0.721578 1.811270 2.514544 2.388363 1.610367 0.699351 0.239902 -9999.0 -9999.0
-9999.0 -9999.0 -9999.0 -9999.0 -9999.0 -9999.0 -0.441694 0.057235 0.874043 1.937763 2.652820 2.565261 1.764525 0.829535 0.285633 0.125502 -9999.0
-9999.0 -9999.0 -9999.0 -9999.0 -9999.0 -0.507251 -0.085051 0.492767 1.391193 2.336418 2.935714 2.782778 1.932832 0.947593 0.261457 0.062142 -9999.0
-9999.0 -9999.0 -9999.0 -0.821939 -0.599358 -0.131667 0.441548 1.241456 2.129242 2.954670 3.375270 3.088260 2.150477 1.035833 0.173588 -0.142528 -9999.0
-9999.0 -9999.0 -9999.0 -0.438020 -0.172330 0.430788 1.217043 2.100408 2.965436 3.612600 3.777443 3.302492 2.256887 1.022674 -0.025674 -0.454278 -9999.0
-9999.0 -9999.0 0.038420 0.272827 0.657132 1.301478 2.085360 2.943630 3.669419 3.992192 3.765226 3.042247 1.944081 0.710391 -0.232287 -0.733791 -9999.0
-9999.0 0.462167 0.725059 1.133577 1.739068 2.351373 3.051674 3.742862 4.145223 3.969688 3.270224 2.291657 1.201626 0.118541 -0.719888 -9999.0 -9999.0
-9999.0 1.261906 1.640261 2.320560 3.007674 3.573169 4.116959 4.500557 4.471102 3.789160 2.689824 1.508960 0.443988 -0.510483 -1.092826 -1.482123 -9999.0
-9999.0 2.418511 2.855345 3.596204 4.252754 4.650298 4.928638 4.945336 4.520482 3.501812 2.223589 0.998711 -0.004175 -0.755961 -1.310343 -9999.0 -9999.0
-9999.0 3.490289 3.993672 4.679576 5.099270 5.177456 5.115077 4.830586 4.253790 3.227990 2.016467 0.872810 -0.035927 -0.625809 -9999.0 -9999.0 -9999.0
-9999.0 -9999.0 5.032127 5.298311 5.192411 4.809483 4.444596 4.044847 3.598753 2.797526 1.765237 0.722508 -0.012553 -0.338278 -9999.0 -9999.0 -9999.0
-9999.0 -9999.0 5.733015 5.157229 4.458396 3.690175 3.201446 2.905905 2.809810 2.413313 1.633273 0.663698 0.051159 -9999.0 -9999.0 -9999.0 -9999.0
-9999.0 -9999.0 -9999.0 -9999.0 3.344118 2.384996 1.832838 1.708152 1.940012 1.941601 1.470110 0.627666 -0.012331 -9999.0 -9999.0 -9999.0 -9999.0
-9999.0 -9999.0 -9999.0 -9999.0 -9999.0 1.156155 0.677010 0.572391 1.001112 1.339691 1.247882 0.654042 -0.017947 -0.540363 -9999.0 -9999.0 -9999.0
-9999.0 -9999.0 -9999.0 -9999.0 -9999.0 -9999.0 -0.232530 -0.325502 -0.002049 0.532765 0.765818 0.482707 -0.158301 -0.622914 -0.962090 -9999.0 -9999.0
-9999.0 -9999.0 -9999.0 -9999.0 -9999.0 -9999.0 -9999.0 -1.033901 -0.734221 -0.246178 0.201907 0.154871 -0.326612 -0.825953 -9999.0 -9999.0 -9999.0
-9999.0 -9999.0 -9999.0 -9999.0 -9999.0 -9999.0 -9999.0 -9999.0 -1.148293 -0.644820 -0.132559 -0.077723 -0.494765 -0.920253 -1.226646 -9999.0 -9999.0
-9999.0 -9999.0 -9999.0 -9999.0 -9999.0 -9999.0 -9999.0 -9999.0 -9999.0 -9999.0 -9999.0 -9999.0 -9999.0 -9999.0 -9999.0 -9999.0 -9999.0