tests/3D/WG1_2.0_001/output-maps-SE27XX/TaN0037.asc
ncols         17
nrows         27
xllcorner     624603.750000
yllcorner     5171346.250000
cellsize      500.000000
NODATA_value  -9999.0
-9999.0 -9999.0 -9999.0 -9999.0 -9999.0 -9999.0 -9999.0 -9999.0 -9999.0 -9999.0 -9999.0 -9999.0 -9999.0 -9999.0 -9999.0 -9999.0 -9999.0
-9999.0 -9999.0 -9999.0 -9999.0 -9999.0 -9999.0 -9999.0 -9999.0 -9999.0 -9999.0 -9999.0 -10.381980 -10.904948 -11.433319 -9999.0 -9999.0 -9999.0
-9999.0 -9999.0 -9999.0 -9999.0 -9999.0 -9999.0 -9999.0 -9999.0 -9999.0 -9.703610 -9.743999 -10.020794 -10.614341 -11.204464 -11.553607 -9999.0 -9999.0
-9999.0 -9999.0 -9999.0 -9999.0 -9999.0 -9999.0 -9999.0 -9999.0 -9.490883 -9.331897 -9.240816 -9.428884 -10.060521 -10.850123 -11.204428 -9999.0 -9999.0
-9999.0 -9999.0 -9999.0 -9999.0 -9999.0 -9999.0 -9999.0 -9999.0 -9.026413 -8.750804 -8.603142 -8.912332 -9.622749 -10.368563 -10.676379 -9999.0 -9999.0
-9999.0 -9999.0 -9999.0 -9999.0 -9999.0 -9999.0 -9999.0 -9.095401 -8.555025 -8.107310 -8.062672 -8.575484 -9.372553 -10.056017 -10.287043 -9999.0 -9999.0
-9999.0 -9999.0 -9999.0 -9999.0 -9999.0 -9999.0 -9.668271 -9.129049 -8.360527 -7.684783 -7.693041 -8.319528 -9.167487 -9.809877 -10.011706 -9999.0 -9999.0
-9999.0 -9999.0 -9999.0 -9999.0 -9999.0 -9999.0 -9.657423 -9.151947 -8.186099 -7.417565 -7.275362 -7.848867 -8.714807 -9.460592 -9.733873 -9999.0 -9999.0
-9999.0 -9999.0 -9999.0 -9999.0 -9999.0 -9999.0 -9.612763 -9.092765 -8.191367 -7.287760 -6.902871 -7.301745 -8.178265 -9.065972 -9.454169 -9999.0 -9999.0
-9999.0 -9999.0 -9999.0 -9999.0 -9999.0 -9999.0 -9999.0 -8.897666 -8.078092 -7.126920 -6.564064 -6.822307 -7.713343 -8.709888 -9.223159 -9999.0 -9999.0
-9999.0 -9999.0 -9999.0 -9999.0 -9999.0 -9999.0 -8.928659 -8.535101 -7.836598 -6.900806 -6.316915 -6.530348 -7.442875 -8.468502 -9.077950 -9.278381 -9999.0
-9999.0 -9999.0 -9999.0 -9999.0 -9999.0 -8.846548 -8.506364 -8.022763 -7.230533 -6.401007 -5.921929 -6.192828 -7.151356 -8.229771 -8.989790 -9.242436 -9999.0
-9999.0 -9999.0 -9999.0 -8.994176 -8.826109 -8.420841 -7.919688 -7.202713 -6.408818 -5.686540 -5.374643 -5.770681 -6.812064 -8.019686 -8.960469 -9.338676 -9999.0
-9999.0 -9999.0 -9999.0 -8.583121 -8.364613 -7.815378 -7.091443 -6.280106 -5.497140 -4.940983 -4.873406 -5.447888 -6.590664 -7.915218 -9.043432 -9.539025 -9999.0
-9999.0 -9999.0 -8.051609 -7.853177 -7.508483 -6.909422 -6.178328 -5.381673 -4.726809 -4.483598 -4.796812 -5.609661 -6.797596 -8.117142 -9.138395 -9.708656 -9999.0
-9999.0 -7.595486 -7.361556 -6.981981 -6.407914 -5.831959 -5.174957 -4.535383 -4.193495 -4.437924 -5.213225 -6.272173 -7.444107 -8.607380 -9.521249 -9999.0 -9999.0
-9999.0 -6.808958 -6.453184 -5.793437 -5.128402 -4.589657 -4.079545 -3.737889 -3.818017 -4.558981 -5.724472 -6.976663 -8.115637 -9.144031 -9.797529 -10.252864 -9999.0
-9999.0 -5.678345 -5.255679 -4.524597 -3.879028 -3.497772 -3.243365 -3.259316 -3.725739 -4.794404 -6.129921 -7.417702 -8.486976 -9.306277 -9.926929 -9999.0 -9999.0
-9999.0 -4.645888 -4.144628 -3.454181 -3.032421 -2.959496 -3.036297 -3.344794 -3.954915 -5.022624 -6.283492 -7.482392 -8.450415 -9.101577 -9999.0 -9999.0 -9999.0
-9999.0 -9999.0 -3.137255 -2.849074 -2.939314 -3.317142 -3.687982 -4.104210 -4.576492 -5.412615 -6.487294 -7.578465 -8.366361 -8.747518 -9999.0 -9999.0 -9999.0
-9999.0 -9999.0 -2.456318 -2.995580 -3.668545 -4.423991 -4.912231 -5.218329 -5.334825 -5.760389 -6.576918 -7.589042 -8.248699 -9999.0 -9999.0 -9999.0 -9999.0
-9999.0 -9999.0 -9999.0 -9999.0 -4.770065 -5.712668 -6.260467 -6.391647 -6.175868 -6.198750 -6.701897 -7.581922 -8.264088 -9999.0 -9999.0 -9999.0 -9999.0
-9999.0 -9999.0 -9999.0 -9999.0 -9999.0 -6.920611 -7.393857 -7.502680 -7.087146 -6.769640 -6.889307 -7.516659 -8.226629 -8.790271 -9999.0 -9999.0 -9999.0
-9999.0 -9999.0 -9999.0 -9999.0 -9999.0 -9999.0 -8.278852 -8.375238 -8.063350 -7.547306 -7.339273 -7.652668 -8.328199 -8.830512 -9.209490 -9999.0 -9999.0
-9999.0 -9999.0 -9999.0 -9999.0 -9999.0 -9999.0 -9999.0 -9.057630 -8.768975 -8.298357 -7.873307 -7.948163 -8.461381 -8.995470 -9999.0 -9999.0 -9999.0
-9999.0 -9999.0 -9999.0 -9999.0 -9999.0 -9999.0 -9999.0 -9999.0 -9.156833 -8.670242 -8.179762 -8.150945 -8.597533 -9.055341 -9.396055 -9999.0 -9999.0
-9999.0 -9999.0 -9999.0 -9999.0 -9999.0 -9999.0 -9999.0 -9999.0 -9999.0 -9999.0 -9999.0 -9999.0 -9999.0 -9999.0 -9999.0 -9999.0 -9999.0