tests/3D/WG1_2.0_001/output-maps-SE27XX/TaN0022.asc
ncols         17
nrows         27
xllcorner     624603.750000
yllcorner     5171346.250000
cellsize      500.000000
NODATA_value  -9999.0
-9999.0 -9999.0 -9999.0 -9999.0 -9999.0 -9999.0 -9999.0 -9999.0 -9999.0 -9999.0 -9999.0 -9999.0 -9999.0 -9999.0 -9999.0 -9999.0 -9999.0
-9999.0 -9999.0 -9999.0 -9999.0 -9999.0 -9999.0 -9999.0 -9999.0 -9999.0 -9999.0 -9999.0 -0.340311 -0.870695 -1.404894 -9999.0 -9999.0 -9999.0
-9999.0 -9999.0 -9999.0 -9999.0 -9999.0 -9999.0 -9999.0 -9999.0 -9999.0 0.328530 0.270536 -0.014746 -0.610283 -1.199900 -1.550463 -9999.0 -9999.0
-9999.0 -9999.0 -9999.0 -9999.0 -9999.0 -9999.0 -9999.0 -9999.0 0.525409 0.653459 0.727216 0.534713 -0.091737 -0.871996 -1.219225 -9999.0 -9999.0
-9999.0 -9999.0 -9999.0 -9999.0 -9999.0 -9999.0 -9999.0 -9999.0 0.941038 1.180702 1.310563 1.001377 0.304840 -0.420393 -0.709758 -9999.0 -9999.0
-9999.0 -9999.0 -9999.0 -9999.0 -9999.0 -9999.0 -9999.0 0.882846 1.361141 1.766029 1.791364 1.282997 0.509419 -0.140650 -0.339833 -9999.0 -9999.0
-9999.0 -9999.0 -9999.0 -9999.0 -9999.0 -9999.0 0.363538 0.814212 1.508378 2.133030 2.103144 1.485260 0.670333 0.074016 -0.082647 -9999.0 -9999.0
-9999.0 -9999.0 -9999.0 -9999.0 -9999.0 -9999.0 0.367133 0.770688 1.650005 2.359150 2.477232 1.915828 1.090846 0.401172 0.183394 -9999.0 -9999.0
-9999.0 -9999.0 -9999.0 -9999.0 -9999.0 -9999.0 0.426079 0.833803 1.639062 2.476716 2.835318 2.450380 1.618916 0.791988 0.463990 -9999.0 -9999.0
-9999.0 -9999.0 -9999.0 -9999.0 -9999.0 -9999.0 -9999.0 1.065603 1.784153 2.665673 3.200049 2.954269 2.106447 1.168223 0.713031 -9999.0 -9999.0
-9999.0 -9999.0 -9999.0 -9999.0 -9999.0 -9999.0 1.221695 1.499671 2.097619 2.962763 3.515018 3.308158 2.430522 1.453907 0.894323 0.735518 -9999.0
-9999.0 -9999.0 -9999.0 -9999.0 -9999.0 1.504963 1.737228 2.112266 2.808613 3.568162 4.011050 3.737033 2.800236 1.756823 1.034377 0.814483 -9999.0
-9999.0 -9999.0 -9999.0 1.612062 1.707935 2.026526 2.430920 3.049380 3.754235 4.407915 4.678285 4.267727 3.232959 2.044505 1.127291 0.771157 -9999.0
-9999.0 -9999.0 -9999.0 2.099562 2.256485 2.730457 3.369324 4.092707 4.793853 5.283062 5.304126 4.704297 3.553765 2.233211 1.114842 0.630354 -9999.0
-9999.0 -9999.0 2.744102 2.904719 3.197148 3.730851 4.387071 5.105082 5.684649 5.862753 5.499280 4.652349 3.444732 2.116255 1.092745 0.523444 -9999.0
-9999.0 3.281257 3.499494 3.848334 4.376787 4.894406 5.484061 6.052211 6.324210 6.016720 5.189006 4.089889 2.889438 1.707211 0.781278 -9999.0 -9999.0
-9999.0 4.126302 4.473423 5.106305 5.728426 6.212130 6.659351 6.934608 6.788907 5.987155 4.768638 3.472731 2.299412 1.244971 0.572058 0.102195 -9999.0
-9999.0 5.320279 5.738946 6.441754 7.041837 7.367330 7.560538 7.481476 6.953041 5.826149 4.438315 3.105407 1.998532 1.148684 0.503561 -9999.0 -9999.0
-9999.0 6.424950 6.921546 7.573974 7.941779 7.955069 7.817175 7.448066 6.779293 5.656346 4.344969 3.101210 2.094365 1.410275 -9999.0 -9999.0 -9999.0
-9999.0 -9999.0 7.995514 8.227260 8.071827 7.630499 7.199246 6.725397 6.198258 5.310484 4.188019 3.053524 2.227114 1.812285 -9999.0 -9999.0 -9999.0
-9999.0 -9999.0 8.705710 8.097783 7.355848 6.538231 5.993255 5.634133 5.467487 4.994542 4.133690 3.080696 2.383932 -9999.0 -9999.0 -9999.0 -9999.0
-9999.0 -9999.0 -9999.0 -9999.0 6.241986 5.246596 4.649646 4.471935 4.643228 4.577824 4.034345 3.116518 2.399391 -9999.0 -9999.0 -9999.0 -9999.0
-9999.0 -9999.0 -9999.0 -9999.0 -9999.0 4.023337 3.510838 3.363102 3.740354 4.020499 3.864758 3.203008 2.460666 1.866943 -9999.0 -9999.0 -9999.0
-9999.0 -9999.0 -9999.0 -9999.0 -9999.0 -9999.0 2.614629 2.486820 2.766530 3.250302 3.426511 3.082214 2.377106 1.846853 1.441792 -9999.0 -9999.0
-9999.0 -9999.0 -9999.0 -9999.0 -9999.0 -9999.0 -9999.0 1.797368 2.059314 2.502346 2.899585 2.797221 2.257238 1.697476 -9999.0 -9999.0 -9999.0
-9999.0 -9999.0 -9999.0 -9999.0 -9999.0 -9999.0 -9999.0 -9999.0 1.667472 2.130571 2.596859 2.601325 2.130672 1.649450 1.286254 -9999.0 -9999.0
-9999.0 -9999.0 -9999.0 -9999.0 -9999.0 -9999.0 -9999.0 -9999.0 -9999.0 -9999.0 -9999.0 -9999.0 -9999.0 -9999.0 -9999.0 -9999.0 -9999.0