tests/3D/WG1_2.0_001/output-maps-SE27XX/TaN0057.asc
ncols         17
nrows         27
xllcorner     624603.750000
yllcorner     5171346.250000
cellsize      500.000000
NODATA_value  -9999.0
-9999.0 -9999.0 -9999.0 -9999.0 -9999.0 -9999.0 -9999.0 -9999.0 -9999.0 -9999.0 -9999.0 -9999.0 -9999.0 -9999.0 -9999.0 -9999.0 -9999.0
-9999.0 -9999.0 -9999.0 -9999.0 -9999.0 -9999.0 -9999.0 -9999.0 -9999.0 -9999.0 -9999.0 -8.607784 -9.255241 -9.949099 -9999.0 -9999.0 -9999.0
-9999.0 -9999.0 -9999.0 -9999.0 -9999.0 -9999.0 -9999.0 -9999.0 -9999.0 -7.662370 -7.737834 -8.098609 -8.830872 -9.614180 -10.201147 -9999.0 -9999.0
-9999.0 -9999.0 -9999.0 -9999.0 -9999.0 -9999.0 -9999.0 -9999.0 -7.308351 -7.124152 -7.054747 -7.324037 -8.105496 -9.115064 -9.748524 -9999.0 -9999.0
-9999.0 -9999.0 -9999.0 -9999.0 -9999.0 -9999.0 -9999.0 -9999.0 -6.685525 -6.357893 -6.212375 -6.594668 -7.461484 -8.450053 -9.074485 -9999.0 -9999.0
-9999.0 -9999.0 -9999.0 -9999.0 -9999.0 -9999.0 -9999.0 -6.718120 -6.055140 -5.524041 -5.457905 -6.032059 -6.987936 -7.930484 -8.505412 -9999.0 -9999.0
-9999.0 -9999.0 -9999.0 -9999.0 -9999.0 -9999.0 -7.359126 -6.646059 -5.720465 -4.929985 -4.893769 -5.570380 -6.577608 -7.487748 -8.045323 -9999.0 -9999.0
-9999.0 -9999.0 -9999.0 -9999.0 -9999.0 -9999.0 -7.308247 -6.602021 -5.450744 -4.542809 -4.339880 -4.957065 -5.982221 -6.995398 -7.617879 -9999.0 -9999.0
-9999.0 -9999.0 -9999.0 -9999.0 -9999.0 -9999.0 -7.269720 -6.533961 -5.431692 -4.376780 -3.925317 -4.366424 -5.399001 -6.541848 -7.254085 -9999.0 -9999.0
-9999.0 -9999.0 -9999.0 -9999.0 -9999.0 -9999.0 -9999.0 -6.398887 -5.379784 -4.280018 -3.653571 -3.952934 -4.988662 -6.214228 -7.010992 -9999.0 -9999.0
-9999.0 -9999.0 -9999.0 -9999.0 -9999.0 -9999.0 -6.752238 -6.160599 -5.279107 -4.208506 -3.567579 -3.816325 -4.851864 -6.068949 -6.912397 -7.362926 -9999.0
-9999.0 -9999.0 -9999.0 -9999.0 -9999.0 -6.973273 -6.471049 -5.816591 -4.867062 -3.921447 -3.391052 -3.685923 -4.738772 -5.965948 -6.908884 -7.358677 -9999.0
-9999.0 -9999.0 -9999.0 -7.453903 -7.192230 -6.672053 -6.038240 -5.181401 -4.258232 -3.438601 -3.079084 -3.485235 -4.591169 -5.906433 -6.983253 -7.511323 -9999.0
-9999.0 -9999.0 -9999.0 -7.116166 -6.824943 -6.185829 -5.357651 -4.435799 -3.549328 -2.912332 -2.799778 -3.371679 -4.553017 -5.950141 -7.174950 -7.780787 -9999.0
-9999.0 -9999.0 -6.689517 -6.449868 -6.051103 -5.384184 -4.573448 -3.691282 -2.954606 -2.644525 -2.915574 -3.716496 -4.923078 -6.287919 -7.374728 -8.023636 -9999.0
-9999.0 -6.291990 -6.037624 -5.629737 -5.017178 -4.391501 -3.674853 -2.969941 -2.563842 -2.753243 -3.489966 -4.531461 -5.708353 -6.897221 -7.853500 -9999.0 -9999.0
-9999.0 -5.524249 -5.156271 -4.478708 -3.787826 -3.213903 -2.660033 -2.269058 -2.299204 -2.995345 -4.126624 -5.359109 -6.494584 -7.535233 -8.214648 -8.706505 -9999.0
-9999.0 -4.403220 -3.974404 -3.234155 -2.573257 -2.168697 -1.883310 -1.862807 -2.290901 -3.323651 -4.629803 -5.897975 -6.959185 -7.782255 -8.417534 -9999.0 -9999.0
-9999.0 -3.370694 -2.867651 -2.176167 -1.748681 -1.662670 -1.719082 -2.001656 -2.583104 -3.622661 -4.859101 -6.039932 -6.997954 -7.647850 -9999.0 -9999.0 -9999.0
-9999.0 -9999.0 -1.855144 -1.575221 -1.669140 -2.042830 -2.402064 -2.800944 -3.252478 -4.067066 -5.121974 -6.197312 -6.974876 -7.352030 -9999.0 -9999.0 -9999.0
-9999.0 -9999.0 -1.170113 -1.725920 -2.409835 -3.167815 -3.651051 -3.946360 -4.048317 -4.457727 -5.258552 -6.257225 -6.907066 -9999.0 -9999.0 -9999.0 -9999.0
-9999.0 -9999.0 -9999.0 -9999.0 -3.527179 -4.475043 -5.021623 -5.146358 -4.920476 -4.931269 -5.421985 -6.290712 -6.963903 -9999.0 -9999.0 -9999.0 -9999.0
-9999.0 -9999.0 -9999.0 -9999.0 -9999.0 -5.704539 -6.177590 -6.282173 -5.859268 -5.532437 -5.642066 -6.259833 -6.961662 -7.519349 -9999.0 -9999.0 -9999.0
-9999.0 -9999.0 -9999.0 -9999.0 -9999.0 -9999.0 -7.086445 -7.179123 -6.861160 -6.337392 -6.120857 -6.425856 -7.093888 -7.590231 -7.965205 -9999.0 -9999.0
-9999.0 -9999.0 -9999.0 -9999.0 -9999.0 -9999.0 -9999.0 -7.886138 -7.591633 -7.113947 -6.681180 -6.748308 -7.254395 -7.782462 -9999.0 -9999.0 -9999.0
-9999.0 -9999.0 -9999.0 -9999.0 -9999.0 -9999.0 -9999.0 -9999.0 -8.003967 -7.510245 -7.012221 -6.975882 -7.415418 -7.867041 -8.202754 -9999.0 -9999.0
-9999.0 -9999.0 -9999.0 -9999.0 -9999.0 -9999.0 -9999.0 -9999.0 -9999.0 -9999.0 -9999.0 -9999.0 -9999.0 -9999.0 -9999.0 -9999.0 -9999.0