tests/3D/WG1_2.0_001/output-maps-SE27XX/TaN0046.asc
ncols         17
nrows         27
xllcorner     624603.750000
yllcorner     5171346.250000
cellsize      500.000000
NODATA_value  -9999.0
-9999.0 -9999.0 -9999.0 -9999.0 -9999.0 -9999.0 -9999.0 -9999.0 -9999.0 -9999.0 -9999.0 -9999.0 -9999.0 -9999.0 -9999.0 -9999.0 -9999.0
-9999.0 -9999.0 -9999.0 -9999.0 -9999.0 -9999.0 -9999.0 -9999.0 -9999.0 -9999.0 -9999.0 -2.958934 -3.497851 -4.051055 -9999.0 -9999.0 -9999.0
-9999.0 -9999.0 -9999.0 -9999.0 -9999.0 -9999.0 -9999.0 -9999.0 -9999.0 -2.221640 -2.252156 -2.536577 -3.153835 -3.779877 -4.171088 -9999.0 -9999.0
-9999.0 -9999.0 -9999.0 -9999.0 -9999.0 -9999.0 -9999.0 -9999.0 -1.967302 -1.774978 -1.671876 -1.870889 -2.535036 -3.373817 -3.785813 -9999.0 -9999.0
-9999.0 -9999.0 -9999.0 -9999.0 -9999.0 -9999.0 -9999.0 -9999.0 -1.427631 -1.109173 -0.945492 -1.268280 -2.020536 -2.830270 -3.213402 -9999.0 -9999.0
-9999.0 -9999.0 -9999.0 -9999.0 -9999.0 -9999.0 -9999.0 -1.499265 -0.878939 -0.376314 -0.309939 -0.838283 -1.686537 -2.448878 -2.772849 -9999.0 -9999.0
-9999.0 -9999.0 -9999.0 -9999.0 -9999.0 -9999.0 -2.133491 -1.480620 -0.614620 0.129345 0.149185 -0.494559 -1.402555 -2.137173 -2.446635 -9999.0 -9999.0
-9999.0 -9999.0 -9999.0 -9999.0 -9999.0 -9999.0 -2.108009 -1.471819 -0.392212 0.456634 0.632216 0.039473 -0.893739 -1.740968 -2.130381 -9999.0 -9999.0
-9999.0 -9999.0 -9999.0 -9999.0 -9999.0 -9999.0 -2.077169 -1.414382 -0.387679 0.604403 1.025729 0.606218 -0.340761 -1.332015 -1.836196 -9999.0 -9999.0
-9999.0 -9999.0 -9999.0 -9999.0 -9999.0 -9999.0 -9999.0 -1.263941 -0.314930 0.727573 1.328300 1.050921 0.093112 -1.000040 -1.620038 -9999.0 -9999.0
-9999.0 -9999.0 -9999.0 -9999.0 -9999.0 -9999.0 -1.525594 -0.989972 -0.165650 0.859775 1.483144 1.256908 0.289068 -0.817857 -1.517502 -1.803552 -9999.0
-9999.0 -9999.0 -9999.0 -9999.0 -9999.0 -1.682162 -1.214741 -0.600969 0.307791 1.222708 1.744221 1.471310 0.474653 -0.664460 -1.494056 -1.814492 -9999.0
-9999.0 -9999.0 -9999.0 -2.116308 -1.869079 -1.366508 -0.754570 0.077007 0.975520 1.778134 2.136421 1.751183 0.690890 -0.555383 -1.544253 -1.971733 -9999.0
-9999.0 -9999.0 -9999.0 -1.785836 -1.502810 -0.872393 -0.054603 0.855399 1.730935 2.362370 2.480076 1.928453 0.784645 -0.558178 -1.714561 -2.241993 -9999.0
-9999.0 -9999.0 -1.366750 -1.133304 -0.737148 -0.071181 0.738766 1.619927 2.356541 2.670131 2.409539 1.629045 0.454605 -0.866290 -1.898794 -2.485653 -9999.0
-9999.0 -0.982299 -0.739233 -0.334317 0.281144 0.912941 1.636932 2.349524 2.764012 2.585188 1.863341 0.843085 -0.304818 -1.456581 -2.368331 -9999.0 -9999.0
-9999.0 -0.248180 0.108935 0.787935 1.488209 2.075486 2.644060 3.049908 3.034803 2.354750 1.241986 0.031884 -1.076250 -2.084137 -2.725627 -3.175314 -9999.0
-9999.0 0.827756 1.247880 1.996929 2.675907 3.101890 3.409026 3.450539 3.042774 2.030372 0.745618 -0.499024 -1.533701 -2.326761 -2.928571 -9999.0 -9999.0
-9999.0 1.802979 2.303612 3.016142 3.473050 3.589162 3.560999 3.304491 2.747411 1.731329 0.518390 -0.638020 -1.569974 -2.191705 -9999.0 -9999.0 -9999.0
-9999.0 -9999.0 3.267289 3.584112 3.531093 3.194849 2.868745 2.499442 2.074938 1.285811 0.255684 -0.794769 -1.546717 -1.897111 -9999.0 -9999.0 -9999.0
-9999.0 -9999.0 3.930891 3.420210 2.782035 2.064338 1.616140 1.351849 1.278053 0.894926 0.119322 -0.854514 -1.479370 -9999.0 -9999.0 -9999.0 -9999.0
-9999.0 -9999.0 -9999.0 -9999.0 1.672135 0.761656 0.248693 0.154289 0.407979 0.423201 -0.042646 -0.887109 -1.536210 -9999.0 -9999.0 -9999.0 -9999.0
-9999.0 -9999.0 -9999.0 -9999.0 -9999.0 -0.455044 -0.898010 -0.974493 -0.525301 -0.173611 -0.259394 -0.853943 -1.532861 -2.067706 -9999.0 -9999.0 -9999.0
-9999.0 -9999.0 -9999.0 -9999.0 -9999.0 -9999.0 -1.792957 -1.860489 -1.518473 -0.971630 -0.732783 -1.015993 -1.662543 -2.137547 -2.491219 -9999.0 -9999.0
-9999.0 -9999.0 -9999.0 -9999.0 -9999.0 -9999.0 -9999.0 -2.553446 -2.237473 -1.738881 -1.285687 -1.332740 -1.818977 -2.327319 -9999.0 -9999.0 -9999.0
-9999.0 -9999.0 -9999.0 -9999.0 -9999.0 -9999.0 -9999.0 -9999.0 -2.636069 -2.123833 -1.607491 -1.552986 -1.974449 -2.408049 -2.725763 -9999.0 -9999.0
-9999.0 -9999.0 -9999.0 -9999.0 -9999.0 -9999.0 -9999.0 -9999.0 -9999.0 -9999.0 -9999.0 -9999.0 -9999.0 -9999.0 -9999.0 -9999.0 -9999.0