tests/3D/WG1_2.0_001/output-maps-SE27XX/TaN0088.asc
ncols         17
nrows         27
xllcorner     624603.750000
yllcorner     5171346.250000
cellsize      500.000000
NODATA_value  -9999.0
-9999.0 -9999.0 -9999.0 -9999.0 -9999.0 -9999.0 -9999.0 -9999.0 -9999.0 -9999.0 -9999.0 -9999.0 -9999.0 -9999.0 -9999.0 -9999.0 -9999.0
-9999.0 -9999.0 -9999.0 -9999.0 -9999.0 -9999.0 -9999.0 -9999.0 -9999.0 -9999.0 -9999.0 -8.061379 -8.482288 -8.892406 -9999.0 -9999.0 -9999.0
-9999.0 -9999.0 -9999.0 -9999.0 -9999.0 -9999.0 -9999.0 -9999.0 -9999.0 -7.467342 -7.405177 -7.597073 -8.107498 -8.595839 -8.806163 -9999.0 -9999.0
-9999.0 -9999.0 -9999.0 -9999.0 -9999.0 -9999.0 -9999.0 -9999.0 -7.242834 -6.948405 -6.762102 -6.886211 -7.464414 -8.182280 -8.418457 -9999.0 -9999.0
-9999.0 -9999.0 -9999.0 -9999.0 -9999.0 -9999.0 -9999.0 -9999.0 -6.617396 -6.193888 -5.957649 -6.228937 -6.926243 -7.645258 -7.873114 -9999.0 -9999.0
-9999.0 -9999.0 -9999.0 -9999.0 -9999.0 -9999.0 -9999.0 -6.749297 -5.972177 -5.356482 -5.226756 -5.730203 -6.562267 -7.276108 -7.481757 -9999.0 -9999.0
-9999.0 -9999.0 -9999.0 -9999.0 -9999.0 -9999.0 -7.530899 -6.662568 -5.612749 -4.741420 -4.663380 -5.307869 -6.240601 -6.974805 -7.214280 -9999.0 -9999.0
-9999.0 -9999.0 -9999.0 -9999.0 -9999.0 -9999.0 -7.497816 -6.614678 -5.321477 -4.326499 -4.092508 -4.705722 -5.698583 -6.589290 -6.957966 -9999.0 -9999.0
-9999.0 -9999.0 -9999.0 -9999.0 -9999.0 -9999.0 -7.507039 -6.573609 -5.308653 -4.152425 -3.667542 -4.116395 -5.143094 -6.206881 -6.728878 -9999.0 -9999.0
-9999.0 -9999.0 -9999.0 -9999.0 -9999.0 -9999.0 -9999.0 -6.516218 -5.317920 -4.099973 -3.426723 -3.727931 -4.764749 -5.937995 -6.596053 -9999.0 -9999.0
-9999.0 -9999.0 -9999.0 -9999.0 -9999.0 -9999.0 -7.217075 -6.414718 -5.347330 -4.144604 -3.437195 -3.667977 -4.694176 -5.867885 -6.606633 -6.886752 -9999.0
-9999.0 -9999.0 -9999.0 -9999.0 -9999.0 -7.804783 -7.111067 -6.257430 -5.125645 -4.039599 -3.422138 -3.672449 -4.694669 -5.873477 -6.728790 -7.046029 -9999.0
-9999.0 -9999.0 -9999.0 -8.723731 -8.345212 -7.678510 -6.874524 -5.837062 -4.742245 -3.779569 -3.315918 -3.651597 -4.702621 -5.956959 -6.950836 -7.368013 -9999.0
-9999.0 -9999.0 -9999.0 -8.522013 -8.133663 -7.369318 -6.393100 -5.310825 -4.266169 -3.487977 -3.260034 -3.741163 -4.846305 -6.168326 -7.308014 -7.813443 -9999.0
-9999.0 -9999.0 -8.281007 -7.990097 -7.511036 -6.736931 -5.797254 -4.772769 -3.891277 -3.444776 -3.595120 -4.292230 -5.407221 -6.685018 -7.682198 -8.234808 -9999.0
-9999.0 -8.009494 -7.748494 -7.301893 -6.620452 -5.899979 -5.068348 -4.235347 -3.696189 -3.755519 -4.371005 -5.302297 -6.378484 -7.472271 -8.334913 -9999.0 -9999.0
-9999.0 -7.354082 -6.992307 -6.281563 -5.525251 -4.861744 -4.201030 -3.692021 -3.598833 -4.171902 -5.184747 -6.305758 -7.336768 -8.278355 -8.861945 -9.259552 -9999.0
-9999.0 -6.363860 -5.947332 -5.167643 -4.434063 -3.937451 -3.548178 -3.416327 -3.729144 -4.646056 -5.838734 -6.997731 -7.954747 -8.678228 -9.217627 -9999.0 -9999.0
-9999.0 -5.490735 -4.991886 -4.236085 -3.716881 -3.530592 -3.483206 -3.659488 -4.132949 -5.064155 -6.193469 -7.269765 -8.126658 -8.679055 -9999.0 -9999.0 -9999.0
-9999.0 -9999.0 -4.125504 -3.738329 -3.717327 -3.983361 -4.240111 -4.538394 -4.889541 -5.603712 -6.558768 -7.535676 -8.216981 -8.500530 -9999.0 -9999.0 -9999.0
-9999.0 -9999.0 -3.507457 -3.933570 -4.497613 -5.151176 -5.538532 -5.741327 -5.751509 -6.068986 -6.777817 -7.684993 -8.244498 -9999.0 -9999.0 -9999.0 -9999.0
-9999.0 -9999.0 -9999.0 -9999.0 -5.614853 -6.474870 -6.937948 -6.980676 -6.672561 -6.600248 -7.007059 -7.791556 -8.380827 -9999.0 -9999.0 -9999.0 -9999.0
-9999.0 -9999.0 -9999.0 -9999.0 -9999.0 -7.704810 -8.108702 -8.142568 -7.647119 -7.245879 -7.279523 -7.820256 -8.444647 -8.925159 -9999.0 -9999.0 -9999.0
-9999.0 -9999.0 -9999.0 -9999.0 -9999.0 -9999.0 -9.024976 -9.057126 -8.675516 -8.085378 -7.800243 -8.035006 -8.631828 -9.056669 -9.360506 -9999.0 -9999.0
-9999.0 -9999.0 -9999.0 -9999.0 -9999.0 -9999.0 -9999.0 -9.777078 -9.426442 -8.889392 -8.394598 -8.397658 -8.838294 -9.300197 -9999.0 -9999.0 -9999.0
-9999.0 -9999.0 -9999.0 -9999.0 -9999.0 -9999.0 -9999.0 -9999.0 -9.855573 -9.308294 -8.753860 -8.658856 -9.038096 -9.428425 -9.702464 -9999.0 -9999.0
-9999.0 -9999.0 -9999.0 -9999.0 -9999.0 -9999.0 -9999.0 -9999.0 -9999.0 -9999.0 -9999.0 -9999.0 -9999.0 -9999.0 -9999.0 -9999.0 -9999.0