tests/3D/WG1_2.0_001/output-maps-SE27XX/TaN0051.asc
ncols         17
nrows         27
xllcorner     624603.750000
yllcorner     5171346.250000
cellsize      500.000000
NODATA_value  -9999.0
-9999.0 -9999.0 -9999.0 -9999.0 -9999.0 -9999.0 -9999.0 -9999.0 -9999.0 -9999.0 -9999.0 -9999.0 -9999.0 -9999.0 -9999.0 -9999.0 -9999.0
-9999.0 -9999.0 -9999.0 -9999.0 -9999.0 -9999.0 -9999.0 -9999.0 -9999.0 -9999.0 -9999.0 -5.911357 -6.527917 -7.174761 -9999.0 -9999.0 -9999.0
-9999.0 -9999.0 -9999.0 -9999.0 -9999.0 -9999.0 -9999.0 -9999.0 -9999.0 -5.071110 -5.160670 -5.505608 -6.194018 -6.911487 -7.420417 -9999.0 -9999.0
-9999.0 -9999.0 -9999.0 -9999.0 -9999.0 -9999.0 -9999.0 -9999.0 -4.789554 -4.659459 -4.608242 -4.856499 -5.579519 -6.500919 -7.029684 -9999.0 -9999.0
-9999.0 -9999.0 -9999.0 -9999.0 -9999.0 -9999.0 -9999.0 -9999.0 -4.293761 -4.036878 -3.916913 -4.274187 -5.067134 -5.942831 -6.432839 -9999.0 -9999.0
-9999.0 -9999.0 -9999.0 -9999.0 -9999.0 -9999.0 -9999.0 -4.324259 -3.794459 -3.355231 -3.325049 -3.871433 -4.737928 -5.542553 -5.953613 -9999.0 -9999.0
-9999.0 -9999.0 -9999.0 -9999.0 -9999.0 -9999.0 -4.865468 -4.340957 -3.578602 -2.903277 -2.914534 -3.560907 -4.463952 -5.213790 -5.583235 -9999.0 -9999.0
-9999.0 -9999.0 -9999.0 -9999.0 -9999.0 -9999.0 -4.840553 -4.351270 -3.390851 -2.619029 -2.473054 -3.056960 -3.965823 -4.803405 -5.224186 -9999.0 -9999.0
-9999.0 -9999.0 -9999.0 -9999.0 -9999.0 -9999.0 -4.781128 -4.281649 -3.389109 -2.483915 -2.094636 -2.500252 -3.411464 -4.375808 -4.887715 -9999.0 -9999.0
-9999.0 -9999.0 -9999.0 -9999.0 -9999.0 -9999.0 -9999.0 -4.073909 -3.269920 -2.323521 -1.761087 -2.027534 -2.948753 -4.008614 -4.622063 -9999.0 -9999.0
-9999.0 -9999.0 -9999.0 -9999.0 -9999.0 -9999.0 -4.051945 -3.691589 -3.016807 -2.094710 -1.519303 -1.745644 -2.686690 -3.765050 -4.454391 -4.758007 -9999.0
-9999.0 -9999.0 -9999.0 -9999.0 -9999.0 -3.892666 -3.594275 -3.149209 -2.388323 -1.581693 -1.120129 -1.410131 -2.397664 -3.521515 -4.345946 -4.679809 -9999.0
-9999.0 -9999.0 -9999.0 -3.920102 -3.786686 -3.421751 -2.963735 -2.288826 -1.532245 -0.840802 -0.554804 -0.976382 -2.048775 -3.297713 -4.292348 -4.735984 -9999.0
-9999.0 -9999.0 -9999.0 -3.462781 -3.276643 -2.766487 -2.085778 -1.318413 -0.576848 -0.057580 -0.022789 -0.628640 -1.805198 -3.169390 -4.344964 -4.895418 -9999.0
-9999.0 -9999.0 -2.861803 -2.684542 -2.370081 -1.808819 -1.120599 -0.368831 0.242076 0.444211 0.093108 -0.755804 -1.980314 -3.339272 -4.404233 -5.022644 -9999.0
-9999.0 -2.350717 -2.124364 -1.763605 -1.218750 -0.680243 -0.066155 0.527924 0.824315 0.536178 -0.280403 -1.378743 -2.589506 -3.792529 -4.748127 -9999.0 -9999.0
-9999.0 -1.517366 -1.165332 -0.523979 0.110565 0.610398 1.076554 1.371957 1.245411 0.459321 -0.749348 -2.042901 -3.222120 -4.290546 -4.984582 -5.481230 -9999.0
-9999.0 -0.333451 0.087797 0.797029 1.407153 1.745646 1.953913 1.890746 1.377476 0.263254 -1.116083 -2.445959 -3.555971 -4.415185 -5.075386 -9999.0 -9999.0
-9999.0 0.761849 1.259842 1.918263 2.295145 2.319493 2.193878 1.837444 1.180700 0.067929 -1.236322 -2.476980 -3.485357 -4.175778 -9999.0 -9999.0 -9999.0
-9999.0 -9999.0 2.325344 2.564196 2.417705 1.986044 1.564853 1.101076 0.583399 -0.296326 -1.413000 -2.544692 -3.371794 -3.791016 -9999.0 -9999.0 -9999.0
-9999.0 -9999.0 3.032049 2.432058 1.698428 0.888894 0.351903 0.000590 -0.158774 -0.625502 -1.481810 -2.532491 -3.229586 -9999.0 -9999.0 -9999.0 -9999.0
-9999.0 -9999.0 -9999.0 -9999.0 0.584686 -0.404771 -0.995839 -1.167772 -0.991065 -1.051822 -1.591880 -2.507950 -3.225324 -9999.0 -9999.0 -9999.0 -9999.0
-9999.0 -9999.0 -9999.0 -9999.0 -9999.0 -1.628501 -2.137108 -2.280838 -1.899742 -1.616261 -1.769550 -2.430085 -3.172737 -3.768479 -9999.0 -9999.0 -9999.0
-9999.0 -9999.0 -9999.0 -9999.0 -9999.0 -9999.0 -3.035031 -3.160268 -2.877974 -2.391922 -2.214059 -2.557621 -3.263158 -3.795170 -4.203399 -9999.0 -9999.0
-9999.0 -9999.0 -9999.0 -9999.0 -9999.0 -9999.0 -9999.0 -3.852369 -3.588784 -3.144279 -2.746010 -2.848032 -3.388570 -3.949930 -9999.0 -9999.0 -9999.0
-9999.0 -9999.0 -9999.0 -9999.0 -9999.0 -9999.0 -9999.0 -9999.0 -3.983789 -3.519795 -3.052934 -3.048424 -3.519733 -4.002440 -4.368023 -9999.0 -9999.0
-9999.0 -9999.0 -9999.0 -9999.0 -9999.0 -9999.0 -9999.0 -9999.0 -9999.0 -9999.0 -9999.0 -9999.0 -9999.0 -9999.0 -9999.0 -9999.0 -9999.0