tests/3D/WG1_2.0_001/output-maps-SE27XX/TaN0034.asc
ncols         17
nrows         27
xllcorner     624603.750000
yllcorner     5171346.250000
cellsize      500.000000
NODATA_value  -9999.0
-9999.0 -9999.0 -9999.0 -9999.0 -9999.0 -9999.0 -9999.0 -9999.0 -9999.0 -9999.0 -9999.0 -9999.0 -9999.0 -9999.0 -9999.0 -9999.0 -9999.0
-9999.0 -9999.0 -9999.0 -9999.0 -9999.0 -9999.0 -9999.0 -9999.0 -9999.0 -9999.0 -9999.0 -10.827915 -11.399482 -11.989143 -9999.0 -9999.0 -9999.0
-9999.0 -9999.0 -9999.0 -9999.0 -9999.0 -9999.0 -9999.0 -9999.0 -9999.0 -10.067596 -10.134469 -10.446822 -11.089183 -11.744647 -12.175991 -9999.0 -9999.0
-9999.0 -9999.0 -9999.0 -9999.0 -9999.0 -9999.0 -9999.0 -9999.0 -9.821163 -9.679175 -9.609742 -9.828958 -10.507065 -11.363609 -11.806986 -9999.0 -9999.0
-9999.0 -9999.0 -9999.0 -9999.0 -9999.0 -9999.0 -9999.0 -9999.0 -9.344506 -9.080984 -8.948732 -9.282520 -10.034214 -10.845141 -11.245126 -9999.0 -9999.0
-9999.0 -9999.0 -9999.0 -9999.0 -9999.0 -9999.0 -9999.0 -9.393470 -8.862727 -8.422277 -8.386345 -8.915996 -9.746933 -10.490097 -10.811177 -9999.0 -9999.0
-9999.0 -9999.0 -9999.0 -9999.0 -9999.0 -9999.0 -9.947080 -9.421212 -8.660785 -7.988679 -7.999921 -8.635960 -9.509784 -10.203943 -10.488470 -9999.0 -9999.0
-9999.0 -9999.0 -9999.0 -9999.0 -9999.0 -9999.0 -9.930094 -9.439399 -8.481928 -7.715618 -7.573091 -8.151079 -9.036140 -9.824984 -10.169895 -9999.0 -9999.0
-9999.0 -9999.0 -9999.0 -9999.0 -9999.0 -9999.0 -9.877601 -9.374987 -8.484148 -7.583958 -7.198545 -7.599928 -8.491111 -9.413807 -9.861090 -9999.0 -9999.0
-9999.0 -9999.0 -9999.0 -9999.0 -9999.0 -9999.0 -9999.0 -9.171557 -8.366023 -7.421592 -6.860740 -7.122321 -8.025843 -9.050721 -9.611135 -9999.0 -9999.0
-9999.0 -9999.0 -9999.0 -9999.0 -9999.0 -9999.0 -9.165417 -8.795145 -8.114454 -7.189770 -6.612047 -6.831517 -7.756175 -8.805295 -9.451997 -9.702130 -9999.0
-9999.0 -9999.0 -9999.0 -9999.0 -9999.0 -9.034689 -8.720961 -8.262421 -7.491154 -6.677031 -6.208752 -6.489284 -7.460910 -8.559901 -9.349974 -9.641570 -9999.0
-9999.0 -9999.0 -9999.0 -9.112151 -8.964398 -8.582948 -8.107647 -7.416321 -6.645462 -5.942075 -5.645202 -6.054581 -7.110828 -8.337774 -9.303989 -9.713651 -9999.0
-9999.0 -9999.0 -9999.0 -8.677714 -8.477180 -7.949777 -7.250324 -6.464263 -5.705318 -5.170450 -5.121220 -5.712294 -6.871950 -8.215709 -9.366744 -9.888956 -9999.0
-9999.0 -9999.0 -8.111863 -7.924527 -7.595488 -7.016191 -6.307923 -5.535615 -4.904911 -4.684329 -5.018141 -5.850045 -7.056663 -8.395837 -9.438608 -10.032547 -9999.0
-9999.0 -7.631374 -7.401430 -7.030787 -6.470514 -5.912616 -5.276918 -4.660575 -4.342436 -4.609964 -5.407097 -6.486664 -7.678583 -8.861982 -9.796752 -9999.0 -9999.0
-9999.0 -6.826878 -6.472853 -5.820687 -5.168454 -4.646749 -4.156813 -3.837320 -3.940467 -4.704350 -5.892054 -7.165586 -8.325237 -9.374045 -10.048073 -10.524236 -9999.0
-9999.0 -5.677294 -5.255030 -4.531556 -3.899021 -3.534612 -3.299692 -3.336842 -3.825353 -4.916285 -6.273738 -7.582878 -8.672936 -9.512605 -10.153400 -9999.0 -9999.0
-9999.0 -4.624388 -4.123863 -3.443004 -3.035766 -2.980095 -3.075912 -3.404641 -4.035734 -5.124704 -6.406742 -7.626476 -8.614899 -9.286041 -9999.0 -9999.0 -9999.0
-9999.0 -9999.0 -3.099380 -2.824265 -2.930824 -3.326153 -3.715309 -4.150590 -4.642506 -5.498606 -6.593343 -7.704435 -8.511977 -8.912431 -9999.0 -9999.0 -9999.0
-9999.0 -9999.0 -2.411314 -2.965058 -3.654272 -4.426286 -4.931488 -5.255101 -5.389664 -5.833716 -6.668965 -7.699848 -8.378143 -9999.0 -9999.0 -9999.0 -9999.0
-9999.0 -9999.0 -9999.0 -9999.0 -4.755566 -5.712413 -6.275169 -6.422024 -6.222592 -6.262369 -6.782785 -7.680272 -8.379923 -9999.0 -9999.0 -9999.0 -9999.0
-9999.0 -9999.0 -9999.0 -9999.0 -9999.0 -6.920416 -7.406451 -7.529060 -7.128154 -6.825957 -6.961434 -7.604915 -8.331162 -8.911071 -9999.0 -9999.0 -9999.0
-9999.0 -9999.0 -9999.0 -9999.0 -9999.0 -9999.0 -8.290733 -8.399233 -8.100407 -7.598196 -7.404588 -7.732820 -8.423428 -8.940904 -9.334986 -9999.0 -9999.0
-9999.0 -9999.0 -9999.0 -9999.0 -9999.0 -9999.0 -9999.0 -9.080244 -8.803324 -8.345239 -7.933354 -8.021841 -8.548998 -9.097180 -9999.0 -9999.0 -9999.0
-9999.0 -9999.0 -9999.0 -9999.0 -9999.0 -9999.0 -9999.0 -9999.0 -9.189342 -8.714175 -8.235749 -8.219474 -8.678946 -9.149841 -9.503713 -9999.0 -9999.0
-9999.0 -9999.0 -9999.0 -9999.0 -9999.0 -9999.0 -9999.0 -9999.0 -9999.0 -9999.0 -9999.0 -9999.0 -9999.0 -9999.0 -9999.0 -9999.0 -9999.0