tests/3D/WG1_2.0_001/output-maps-SE27XX/TaN0063.asc
ncols         17
nrows         27
xllcorner     624603.750000
yllcorner     5171346.250000
cellsize      500.000000
NODATA_value  -9999.0
-9999.0 -9999.0 -9999.0 -9999.0 -9999.0 -9999.0 -9999.0 -9999.0 -9999.0 -9999.0 -9999.0 -9999.0 -9999.0 -9999.0 -9999.0 -9999.0 -9999.0
-9999.0 -9999.0 -9999.0 -9999.0 -9999.0 -9999.0 -9999.0 -9999.0 -9999.0 -9999.0 -9999.0 -10.179684 -10.633282 -11.070623 -9999.0 -9999.0 -9999.0
-9999.0 -9999.0 -9999.0 -9999.0 -9999.0 -9999.0 -9999.0 -9999.0 -9999.0 -9.633619 -9.648113 -9.877070 -10.396430 -10.883992 -11.104822 -9999.0 -9999.0
-9999.0 -9999.0 -9999.0 -9999.0 -9999.0 -9999.0 -9999.0 -9999.0 -9.484034 -9.325582 -9.216042 -9.359713 -9.914715 -10.591867 -10.800159 -9999.0 -9999.0
-9999.0 -9999.0 -9999.0 -9999.0 -9999.0 -9999.0 -9999.0 -9999.0 -9.078697 -8.816013 -8.660190 -8.931293 -9.565529 -10.192101 -10.339670 -9999.0 -9999.0
-9999.0 -9999.0 -9999.0 -9999.0 -9999.0 -9999.0 -9999.0 -9.166942 -8.666947 -8.246265 -8.205444 -8.688226 -9.411922 -9.973232 -10.036024 -9999.0 -9999.0
-9999.0 -9999.0 -9999.0 -9999.0 -9999.0 -9999.0 -9.719187 -9.238936 -8.525078 -7.890064 -7.913392 -8.517308 -9.295413 -9.816431 -9.849988 -9999.0 -9999.0
-9999.0 -9999.0 -9999.0 -9999.0 -9999.0 -9999.0 -9.721440 -9.285999 -8.386411 -7.669025 -7.549555 -8.105023 -8.904014 -9.532636 -9.645833 -9999.0 -9999.0
-9999.0 -9999.0 -9999.0 -9999.0 -9999.0 -9999.0 -9.672802 -9.229565 -8.400854 -7.553181 -7.193522 -7.575635 -8.388194 -9.166991 -9.410667 -9999.0 -9999.0
-9999.0 -9999.0 -9999.0 -9999.0 -9999.0 -9999.0 -9999.0 -9.011441 -8.264704 -7.368310 -6.829029 -7.070709 -7.903066 -8.803631 -9.193357 -9999.0 -9999.0
-9999.0 -9999.0 -9999.0 -9999.0 -9999.0 -9999.0 -8.920756 -8.601044 -7.970364 -7.084308 -6.521010 -6.719690 -7.582415 -8.528805 -9.038211 -9.127670 -9999.0
-9999.0 -9999.0 -9999.0 -9999.0 -9999.0 -8.714926 -8.439215 -8.022411 -7.290564 -6.504858 -6.044546 -6.305163 -7.225576 -8.243068 -8.926195 -9.093286 -9999.0
-9999.0 -9999.0 -9999.0 -8.708238 -8.581404 -8.227335 -7.784209 -7.126640 -6.386074 -5.703068 -5.410182 -5.802363 -6.818224 -7.982512 -8.867200 -9.181850 -9999.0
-9999.0 -9999.0 -9999.0 -8.238761 -8.057872 -7.555705 -6.884755 -6.127214 -5.392676 -4.873489 -4.826937 -5.404670 -6.533758 -7.830387 -8.920035 -9.370248 -9999.0
-9999.0 -9999.0 -7.619511 -7.444683 -7.136012 -6.582447 -5.902127 -5.156584 -4.548008 -4.341628 -4.678962 -5.501874 -6.686313 -7.990635 -8.987472 -9.526916 -9999.0
-9999.0 -7.087601 -6.859324 -6.502879 -5.966727 -5.438535 -4.833759 -4.245858 -3.950725 -4.233518 -5.036503 -6.111529 -7.288276 -8.446376 -9.346917 -9999.0 -9999.0
-9999.0 -6.222481 -5.868394 -5.235537 -4.615850 -4.132203 -3.679779 -3.393339 -3.522723 -4.304625 -5.501359 -6.774647 -7.924941 -8.955876 -9.604536 -10.049257 -9999.0
-9999.0 -4.993143 -4.570461 -3.878407 -3.294085 -2.981242 -2.793645 -2.870486 -3.389790 -4.502293 -5.872192 -7.184991 -8.270459 -9.098030 -9.720181 -9999.0 -9999.0
-9999.0 -3.832705 -3.337722 -2.713946 -2.380130 -2.394017 -2.548612 -2.924143 -3.590645 -4.704594 -6.002135 -7.228780 -8.216383 -8.879856 -9999.0 -9999.0 -9999.0
-9999.0 -9999.0 -2.203781 -2.028324 -2.238984 -2.721410 -3.178872 -3.666251 -4.196799 -5.080221 -6.192603 -7.312945 -8.122419 -8.518469 -9999.0 -9999.0 -9999.0
-9999.0 -9999.0 -1.464290 -2.150161 -2.960095 -3.826155 -4.402389 -4.779167 -4.952899 -5.424810 -6.278510 -7.319865 -8.001797 -9999.0 -9999.0 -9999.0 -9999.0
-9999.0 -9999.0 -9999.0 -9999.0 -4.105132 -5.144846 -5.771753 -5.967421 -5.804417 -5.870448 -6.408596 -7.316574 -8.020524 -9999.0 -9999.0 -9999.0 -9999.0
-9999.0 -9999.0 -9999.0 -9999.0 -9999.0 -6.408992 -6.944882 -7.107480 -6.737394 -6.457883 -6.608930 -7.261777 -7.992009 -8.571271 -9999.0 -9999.0 -9999.0
-9999.0 -9999.0 -9999.0 -9999.0 -9999.0 -9999.0 -7.882068 -8.019630 -7.744272 -7.259779 -7.078436 -7.413951 -8.107390 -8.623791 -9.013440 -9999.0 -9999.0
-9999.0 -9999.0 -9999.0 -9999.0 -9999.0 -9999.0 -9999.0 -8.748423 -8.487068 -8.041001 -7.637331 -7.730308 -8.258476 -8.804529 -9999.0 -9999.0 -9999.0
-9999.0 -9999.0 -9999.0 -9999.0 -9999.0 -9999.0 -9999.0 -9999.0 -8.916383 -8.447340 -7.972696 -7.957658 -8.415842 -8.883072 -9.231135 -9999.0 -9999.0
-9999.0 -9999.0 -9999.0 -9999.0 -9999.0 -9999.0 -9999.0 -9999.0 -9999.0 -9999.0 -9999.0 -9999.0 -9999.0 -9999.0 -9999.0 -9999.0 -9999.0