tests/3D/WG1_2.0_001/output-maps-SE27XX/TaN0085.asc
ncols         17
nrows         27
xllcorner     624603.750000
yllcorner     5171346.250000
cellsize      500.000000
NODATA_value  -9999.0
-9999.0 -9999.0 -9999.0 -9999.0 -9999.0 -9999.0 -9999.0 -9999.0 -9999.0 -9999.0 -9999.0 -9999.0 -9999.0 -9999.0 -9999.0 -9999.0 -9999.0
-9999.0 -9999.0 -9999.0 -9999.0 -9999.0 -9999.0 -9999.0 -9999.0 -9999.0 -9999.0 -9999.0 -13.581354 -14.118275 -14.662084 -9999.0 -9999.0 -9999.0
-9999.0 -9999.0 -9999.0 -9999.0 -9999.0 -9999.0 -9999.0 -9999.0 -9999.0 -12.891157 -12.946964 -13.235796 -13.840284 -14.443090 -14.809061 -9999.0 -9999.0
-9999.0 -9999.0 -9999.0 -9999.0 -9999.0 -9999.0 -9999.0 -9999.0 -12.680053 -12.542294 -12.465582 -12.662499 -13.300491 -14.098062 -14.465770 -9999.0 -9999.0
-9999.0 -9999.0 -9999.0 -9999.0 -9999.0 -9999.0 -9999.0 -9999.0 -12.240770 -11.988505 -11.854338 -12.168481 -12.879115 -13.626018 -13.941393 -9999.0 -9999.0
-9999.0 -9999.0 -9999.0 -9999.0 -9999.0 -9999.0 -9999.0 -12.298948 -11.796805 -11.375765 -11.344287 -11.857853 -12.647882 -13.323770 -13.554225 -9999.0 -9999.0
-9999.0 -9999.0 -9999.0 -9999.0 -9999.0 -9999.0 -12.836154 -12.351382 -11.628402 -10.983817 -11.005621 -11.628871 -12.462331 -13.087901 -13.279904 -9999.0 -9999.0
-9999.0 -9999.0 -9999.0 -9999.0 -9999.0 -9999.0 -12.827553 -12.385058 -11.472412 -10.740013 -10.612324 -11.179414 -12.024570 -12.745650 -13.000791 -9999.0 -9999.0
-9999.0 -9999.0 -9999.0 -9999.0 -9999.0 -9999.0 -12.772123 -12.322050 -11.480288 -10.617187 -10.248151 -10.639073 -11.491377 -12.349936 -12.714771 -9999.0 -9999.0
-9999.0 -9999.0 -9999.0 -9999.0 -9999.0 -9999.0 -9999.0 -12.102922 -11.346703 -10.438955 -9.893791 -10.145189 -11.012808 -11.980518 -12.469493 -9999.0 -9999.0
-9999.0 -9999.0 -9999.0 -9999.0 -9999.0 -9999.0 -12.014425 -11.694326 -11.059676 -10.168732 -9.605286 -9.816142 -10.710493 -11.712225 -12.300572 -12.487656 -9999.0
-9999.0 -9999.0 -9999.0 -9999.0 -9999.0 -11.801469 -11.530890 -11.117306 -10.386928 -9.602768 -9.147928 -9.423083 -10.371918 -11.434609 -12.179693 -12.422322 -9999.0
-9999.0 -9999.0 -9999.0 -11.779632 -11.658619 -11.310437 -10.873119 -10.221065 -9.485871 -8.809187 -8.525904 -8.934153 -9.975643 -11.177085 -12.110585 -12.483779 -9999.0
-9999.0 -9999.0 -9999.0 -11.310906 -11.133890 -10.636059 -9.970235 -9.218754 -8.491391 -7.981080 -7.946355 -8.540665 -9.692938 -11.020629 -12.149392 -12.645633 -9999.0
-9999.0 -9999.0 -10.693898 -10.520662 -10.213205 -9.661407 -8.984191 -8.243570 -7.641992 -7.444976 -7.794606 -8.633629 -9.838981 -11.169740 -12.198644 -12.775074 -9999.0
-9999.0 -10.171157 -9.944060 -9.586495 -9.048083 -8.518049 -7.913153 -7.327654 -7.037788 -7.328836 -8.143212 -9.233063 -10.428458 -11.609322 -12.536716 -9999.0 -9999.0
-9999.0 -9.322841 -8.968667 -8.331259 -7.704682 -7.214414 -6.757583 -6.470000 -6.601861 -7.389845 -8.596135 -9.882367 -11.048979 -12.099580 -12.771072 -13.241346 -9999.0
-9999.0 -8.116600 -7.692710 -6.991057 -6.393359 -6.067761 -5.870595 -5.942116 -6.460547 -7.576401 -8.953516 -10.277048 -11.376477 -12.220978 -12.862716 -9999.0 -9999.0
-9999.0 -6.987429 -6.489148 -5.847260 -5.491001 -5.484801 -5.624269 -5.990213 -6.652445 -7.766929 -9.069235 -10.304338 -11.303621 -11.981581 -9999.0 -9999.0 -9999.0
-9999.0 -9999.0 -5.387335 -5.180595 -5.358197 -5.813415 -6.250883 -6.725078 -7.248469 -8.129958 -9.244887 -10.371596 -11.190681 -11.599076 -9999.0 -9999.0 -9999.0
-9999.0 -9999.0 -4.663024 -5.307182 -6.077591 -6.912624 -7.466261 -7.827767 -7.992480 -8.460698 -9.315232 -10.361248 -11.051059 -9999.0 -9999.0 -9999.0 -9999.0
-9999.0 -9999.0 -9999.0 -9999.0 -7.205838 -8.216514 -8.821511 -9.001838 -8.829281 -8.890786 -9.428731 -10.340186 -11.050714 -9999.0 -9999.0 -9999.0 -9999.0
-9999.0 -9999.0 -9999.0 -9999.0 -9999.0 -9.456950 -9.974405 -10.123444 -9.744575 -9.460665 -9.611207 -10.266932 -11.002923 -11.590348 -9999.0 -9999.0 -9999.0
-9999.0 -9999.0 -9999.0 -9999.0 -9999.0 -9999.0 -10.886212 -11.013186 -10.730829 -10.242907 -10.061453 -10.399822 -11.098690 -11.622695 -12.021732 -9999.0 -9999.0
-9999.0 -9999.0 -9999.0 -9999.0 -9999.0 -9999.0 -9999.0 -11.716249 -11.450346 -11.002474 -10.599681 -10.696013 -11.229737 -11.783238 -9999.0 -9999.0 -9999.0
-9999.0 -9999.0 -9999.0 -9999.0 -9999.0 -9999.0 -9999.0 -9999.0 -11.854130 -11.385386 -10.913085 -10.902349 -11.366622 -11.841509 -12.198548 -9999.0 -9999.0
-9999.0 -9999.0 -9999.0 -9999.0 -9999.0 -9999.0 -9999.0 -9999.0 -9999.0 -9999.0 -9999.0 -9999.0 -9999.0 -9999.0 -9999.0 -9999.0 -9999.0