tests/3D/WG1_2.0_001/output-maps-SE27XX/TaN0029.asc
ncols         17
nrows         27
xllcorner     624603.750000
yllcorner     5171346.250000
cellsize      500.000000
NODATA_value  -9999.0
-9999.0 -9999.0 -9999.0 -9999.0 -9999.0 -9999.0 -9999.0 -9999.0 -9999.0 -9999.0 -9999.0 -9999.0 -9999.0 -9999.0 -9999.0 -9999.0 -9999.0
-9999.0 -9999.0 -9999.0 -9999.0 -9999.0 -9999.0 -9999.0 -9999.0 -9999.0 -9999.0 -9999.0 -2.200145 -2.694294 -3.184698 -9999.0 -9999.0 -9999.0
-9999.0 -9999.0 -9999.0 -9999.0 -9999.0 -9999.0 -9999.0 -9999.0 -9999.0 -1.579914 -1.610646 -1.867748 -2.429953 -2.976655 -3.271993 -9999.0 -9999.0
-9999.0 -9999.0 -9999.0 -9999.0 -9999.0 -9999.0 -9999.0 -9999.0 -1.396306 -1.239784 -1.142083 -1.311586 -1.910296 -2.651569 -2.943817 -9999.0 -9999.0
-9999.0 -9999.0 -9999.0 -9999.0 -9999.0 -9999.0 -9999.0 -9999.0 -0.961358 -0.693577 -0.543579 -0.836581 -1.513725 -2.207549 -2.446326 -9999.0 -9999.0
-9999.0 -9999.0 -9999.0 -9999.0 -9999.0 -9999.0 -9999.0 -1.038830 -0.519328 -0.085538 -0.043590 -0.543395 -1.307935 -1.937464 -2.095077 -9999.0 -9999.0
-9999.0 -9999.0 -9999.0 -9999.0 -9999.0 -9999.0 -1.601005 -1.091847 -0.350434 0.305505 0.289830 -0.326654 -1.143274 -1.731543 -1.859117 -9999.0 -9999.0
-9999.0 -9999.0 -9999.0 -9999.0 -9999.0 -9999.0 -1.597760 -1.127078 -0.193283 0.551034 0.682616 0.117275 -0.718412 -1.411575 -1.613539 -9999.0 -9999.0
-9999.0 -9999.0 -9999.0 -9999.0 -9999.0 -9999.0 -1.552583 -1.069974 -0.203174 0.674293 1.047546 0.656305 -0.191208 -1.029706 -1.352944 -9999.0 -9999.0
-9999.0 -9999.0 -9999.0 -9999.0 -9999.0 -9999.0 -9999.0 -0.865025 -0.079666 0.846095 1.398088 1.147370 0.283047 -0.669823 -1.127021 -9999.0 -9999.0
-9999.0 -9999.0 -9999.0 -9999.0 -9999.0 -9999.0 -0.840769 -0.481679 0.185522 1.098507 1.672998 1.466352 0.576705 -0.412480 -0.975961 -1.125634 -9999.0
-9999.0 -9999.0 -9999.0 -9999.0 -9999.0 -0.705680 -0.394889 0.058748 0.824040 1.634090 2.105012 1.839206 0.898612 -0.151259 -0.875320 -1.088116 -9999.0
-9999.0 -9999.0 -9999.0 -0.789780 -0.641998 -0.259407 0.217169 0.909318 1.680971 2.386992 2.691497 2.298328 1.269739 0.083184 -0.830598 -1.178422 -9999.0
-9999.0 -9999.0 -9999.0 -0.367215 -0.165764 0.364932 1.069074 1.860525 2.625575 3.168263 3.228927 2.655181 1.520672 0.210844 -0.897794 -1.370769 -9999.0
-9999.0 -9999.0 0.186333 0.370836 0.701619 1.286063 2.001737 2.782877 3.423556 3.655675 3.336020 2.522284 1.339104 0.029348 -0.978126 -1.531874 -9999.0
-9999.0 0.658135 0.877688 1.245518 1.808879 2.373966 3.019495 3.647345 3.978237 3.724810 2.943691 1.882875 0.713249 -0.443817 -1.348222 -9999.0 -9999.0
-9999.0 1.439049 1.781272 2.432141 3.090162 3.621868 4.124189 4.457471 4.369121 3.621070 2.450561 1.196098 0.057898 -0.966740 -1.613858 -2.060738 -9999.0
-9999.0 2.555617 2.966858 3.693576 4.336848 4.715211 4.965366 4.944048 4.471849 3.397848 2.058234 0.768198 -0.301147 -1.118273 -1.734672 -9999.0 -9999.0
-9999.0 3.564440 4.059276 4.752497 5.177848 5.252205 5.174430 4.863186 4.249389 3.177903 1.913881 0.713005 -0.255469 -0.905416 -9999.0 -9999.0 -9999.0
-9999.0 -9999.0 5.046347 5.346107 5.265184 4.892410 4.523175 4.106246 3.631961 2.793361 1.716398 0.623645 -0.164794 -0.545280 -9999.0 -9999.0 -9999.0
-9999.0 -9999.0 5.717874 5.194394 4.533076 3.784270 3.299002 2.993482 2.876152 2.449101 1.631018 0.617719 -0.042421 -9999.0 -9999.0 -9999.0 -9999.0
-9999.0 -9999.0 -9999.0 -9999.0 3.432613 2.495846 1.951111 1.821028 2.036656 2.012964 1.508823 0.627987 -0.054535 -9999.0 -9999.0 -9999.0 -9999.0
-9999.0 -9999.0 -9999.0 -9999.0 -9999.0 1.289120 0.818318 0.710605 1.126306 1.443427 1.323169 0.695307 -0.014875 -0.578278 -9999.0 -9999.0 -9999.0
-9999.0 -9999.0 -9999.0 -9999.0 -9999.0 -9999.0 -0.066179 -0.161618 0.150563 0.666483 0.874213 0.560547 -0.115053 -0.617108 -0.995424 -9999.0 -9999.0
-9999.0 -9999.0 -9999.0 -9999.0 -9999.0 -9999.0 -9999.0 -0.844036 -0.555018 -0.084343 0.340622 0.265692 -0.247460 -0.781242 -9999.0 -9999.0 -9999.0
-9999.0 -9999.0 -9999.0 -9999.0 -9999.0 -9999.0 -9999.0 -9999.0 -0.943227 -0.456421 0.034159 0.063075 -0.383316 -0.840750 -1.180856 -9999.0 -9999.0
-9999.0 -9999.0 -9999.0 -9999.0 -9999.0 -9999.0 -9999.0 -9999.0 -9999.0 -9999.0 -9999.0 -9999.0 -9999.0 -9999.0 -9999.0 -9999.0 -9999.0