tests/3D/WG1_2.0_001/output-maps-SE27XX/TaN0036.asc
ncols         17
nrows         27
xllcorner     624603.750000
yllcorner     5171346.250000
cellsize      500.000000
NODATA_value  -9999.0
-9999.0 -9999.0 -9999.0 -9999.0 -9999.0 -9999.0 -9999.0 -9999.0 -9999.0 -9999.0 -9999.0 -9999.0 -9999.0 -9999.0 -9999.0 -9999.0 -9999.0
-9999.0 -9999.0 -9999.0 -9999.0 -9999.0 -9999.0 -9999.0 -9999.0 -9999.0 -9999.0 -9999.0 -9.906588 -10.431456 -10.963818 -9999.0 -9999.0 -9999.0
-9999.0 -9999.0 -9999.0 -9999.0 -9999.0 -9999.0 -9999.0 -9999.0 -9999.0 -9.214847 -9.250145 -9.526961 -10.124907 -10.722341 -11.079742 -9999.0 -9999.0
-9999.0 -9999.0 -9999.0 -9999.0 -9999.0 -9999.0 -9999.0 -9999.0 -8.991099 -8.819990 -8.723446 -8.912906 -9.551943 -10.353038 -10.720202 -9999.0 -9999.0
-9999.0 -9999.0 -9999.0 -9999.0 -9999.0 -9999.0 -9999.0 -9999.0 -8.503066 -8.212581 -8.058587 -8.370472 -9.091653 -9.853843 -10.180004 -9999.0 -9999.0
-9999.0 -9999.0 -9999.0 -9999.0 -9999.0 -9999.0 -9999.0 -8.574518 -8.007278 -7.541107 -7.488751 -8.005418 -8.816772 -9.521796 -9.776984 -9999.0 -9999.0
-9999.0 -9999.0 -9999.0 -9999.0 -9999.0 -9999.0 -9.169072 -8.591575 -7.790589 -7.092328 -7.091216 -7.722624 -8.588270 -9.257049 -9.488240 -9999.0 -9999.0
-9999.0 -9999.0 -9999.0 -9999.0 -9999.0 -9999.0 -9.153951 -8.604494 -7.600855 -6.805989 -6.652951 -7.232378 -8.118798 -8.894509 -9.200586 -9999.0 -9999.0
-9999.0 -9999.0 -9999.0 -9999.0 -9999.0 -9999.0 -9.114423 -8.546263 -7.603142 -6.670471 -6.273779 -6.679167 -7.577484 -8.496302 -8.918025 -9999.0 -9999.0
-9999.0 -9999.0 -9999.0 -9999.0 -9999.0 -9999.0 -9999.0 -8.366317 -7.503383 -6.521964 -5.946649 -6.210840 -7.122594 -8.148404 -8.692943 -9999.0 -9999.0
-9999.0 -9999.0 -9999.0 -9999.0 -9999.0 -9999.0 -8.475696 -8.033595 -7.292562 -6.326705 -5.729491 -5.946581 -6.876087 -7.926296 -8.562267 -8.786935 -9999.0
-9999.0 -9999.0 -9999.0 -9999.0 -9999.0 -8.476039 -8.091351 -7.562818 -6.730741 -5.872128 -5.378357 -5.649092 -6.618901 -7.715372 -8.495675 -8.767455 -9999.0
-9999.0 -9999.0 -9999.0 -8.726252 -8.528622 -8.088142 -7.547726 -6.790702 -5.960554 -5.210463 -4.882190 -5.273569 -6.319822 -7.538399 -8.492784 -8.884599 -9999.0
-9999.0 -9999.0 -9999.0 -8.343344 -8.100000 -7.520790 -6.763067 -5.916761 -5.101260 -4.518644 -4.433143 -4.998753 -6.140415 -7.469298 -8.604819 -9.108682 -9999.0
-9999.0 -9999.0 -7.854071 -7.640012 -7.274771 -6.650444 -5.890477 -5.063429 -4.379434 -4.111163 -4.405404 -5.206072 -6.388026 -7.706374 -8.729539 -9.303330 -9999.0
-9999.0 -7.426985 -7.185005 -6.793034 -6.201850 -5.604363 -4.922436 -4.256238 -3.888160 -4.108984 -4.864905 -5.909475 -7.071910 -8.229786 -9.141288 -9999.0 -9999.0
-9999.0 -6.656976 -6.295833 -5.626013 -4.946144 -4.388432 -3.856292 -3.490959 -3.547394 -4.266267 -5.412572 -6.649230 -7.776460 -8.796542 -9.444522 -9.896417 -9999.0
-9999.0 -5.542079 -5.116092 -4.375993 -3.716516 -3.317697 -3.043242 -3.037804 -3.482689 -4.530837 -5.847847 -7.119781 -8.176120 -8.985295 -9.598284 -9999.0 -9999.0
-9999.0 -4.525256 -4.021604 -3.321417 -2.885285 -2.795313 -2.853462 -3.142468 -3.733013 -4.781844 -6.025238 -7.208598 -8.163296 -8.803385 -9999.0 -9999.0 -9999.0
-9999.0 -9999.0 -3.028177 -2.727740 -2.802441 -3.163557 -3.517064 -3.915613 -4.370233 -5.189183 -6.247666 -7.324030 -8.098780 -8.468559 -9999.0 -9999.0 -9999.0
-9999.0 -9999.0 -2.353074 -2.878454 -3.535951 -4.275862 -4.748505 -5.038886 -5.139677 -5.549829 -6.351585 -7.349903 -7.996970 -9999.0 -9999.0 -9999.0 -9999.0
-9999.0 -9999.0 -9999.0 -9999.0 -4.636058 -5.565634 -6.100135 -6.217752 -5.988260 -5.997501 -6.487358 -7.354719 -8.025076 -9999.0 -9999.0 -9999.0 -9999.0
-9999.0 -9999.0 -9999.0 -9999.0 -9999.0 -6.771796 -7.234273 -7.331715 -6.904405 -6.574967 -6.682803 -7.298676 -7.997735 -8.551197 -9999.0 -9999.0 -9999.0
-9999.0 -9999.0 -9999.0 -9999.0 -9999.0 -9999.0 -8.118502 -8.205487 -7.883585 -7.357178 -7.138686 -7.441758 -8.107305 -8.600140 -8.970263 -9999.0 -9999.0
-9999.0 -9999.0 -9999.0 -9999.0 -9999.0 -9999.0 -9999.0 -8.888082 -8.590919 -8.111317 -7.677043 -7.742652 -8.246791 -8.772127 -9999.0 -9999.0 -9999.0
-9999.0 -9999.0 -9999.0 -9999.0 -9999.0 -9999.0 -9999.0 -9999.0 -8.979677 -8.485267 -7.986642 -7.949548 -8.387902 -8.837667 -9.170647 -9999.0 -9999.0
-9999.0 -9999.0 -9999.0 -9999.0 -9999.0 -9999.0 -9999.0 -9999.0 -9999.0 -9999.0 -9999.0 -9999.0 -9999.0 -9999.0 -9999.0 -9999.0 -9999.0