tests/3D/WG1_2.0_001/output-maps-SE27XX/TaN0028.asc
ncols         17
nrows         27
xllcorner     624603.750000
yllcorner     5171346.250000
cellsize      500.000000
NODATA_value  -9999.0
-9999.0 -9999.0 -9999.0 -9999.0 -9999.0 -9999.0 -9999.0 -9999.0 -9999.0 -9999.0 -9999.0 -9999.0 -9999.0 -9999.0 -9999.0 -9999.0 -9999.0
-9999.0 -9999.0 -9999.0 -9999.0 -9999.0 -9999.0 -9999.0 -9999.0 -9999.0 -9999.0 -9999.0 -3.313618 -3.836230 -4.361533 -9999.0 -9999.0 -9999.0
-9999.0 -9999.0 -9999.0 -9999.0 -9999.0 -9999.0 -9999.0 -9999.0 -9999.0 -2.651574 -2.701746 -2.980568 -3.569797 -4.151771 -4.492097 -9999.0 -9999.0
-9999.0 -9999.0 -9999.0 -9999.0 -9999.0 -9999.0 -9999.0 -9999.0 -2.454072 -2.315778 -2.234865 -2.422542 -3.044922 -3.819760 -4.158254 -9999.0 -9999.0
-9999.0 -9999.0 -9999.0 -9999.0 -9999.0 -9999.0 -9999.0 -9999.0 -2.026533 -1.775879 -1.639482 -1.945822 -2.641263 -3.364350 -3.647717 -9999.0 -9999.0
-9999.0 -9999.0 -9999.0 -9999.0 -9999.0 -9999.0 -9999.0 -2.089644 -1.593732 -1.176591 -1.145105 -1.652733 -2.428686 -3.080728 -3.277815 -9999.0 -9999.0
-9999.0 -9999.0 -9999.0 -9999.0 -9999.0 -9999.0 -2.625054 -2.149442 -1.434606 -0.795927 -0.819703 -1.438808 -2.259614 -2.862271 -3.021342 -9999.0 -9999.0
-9999.0 -9999.0 -9999.0 -9999.0 -9999.0 -9999.0 -2.619982 -2.187871 -1.284664 -0.559458 -0.434975 -0.999113 -1.832886 -2.532637 -2.756953 -9999.0 -9999.0
-9999.0 -9999.0 -9999.0 -9999.0 -9999.0 -9999.0 -2.565472 -2.126272 -1.294392 -0.438823 -0.073268 -0.461653 -1.303523 -2.142742 -2.480059 -9999.0 -9999.0
-9999.0 -9999.0 -9999.0 -9999.0 -9999.0 -9999.0 -9999.0 -1.905023 -1.158262 -0.257523 0.284651 0.035899 -0.822103 -1.772761 -2.238146 -9999.0 -9999.0
-9999.0 -9999.0 -9999.0 -9999.0 -9999.0 -9999.0 -1.801988 -1.491314 -0.864986 0.020040 0.581338 0.373339 -0.512331 -1.499490 -2.068270 -2.232600 -9999.0
-9999.0 -9999.0 -9999.0 -9999.0 -9999.0 -1.576046 -1.313293 -0.907398 -0.183711 0.595894 1.049458 0.777214 -0.164058 -1.214660 -1.943905 -2.168264 -9999.0
-9999.0 -9999.0 -9999.0 -1.540109 -1.424901 -1.082318 -0.650629 -0.004068 0.726389 1.400006 1.682821 1.277390 0.242299 -0.949325 -1.870188 -2.228863 -9999.0
-9999.0 -9999.0 -9999.0 -1.074923 -0.901949 -0.407348 0.255473 1.004015 1.728838 2.237685 2.272768 1.681207 0.534324 -0.785438 -1.904151 -2.388866 -9999.0
-9999.0 -9999.0 -0.461192 -0.292513 0.013184 0.564707 1.242043 1.982645 2.584126 2.781444 2.433138 1.596980 0.396310 -0.927949 -1.948783 -2.515994 -9999.0
-9999.0 0.055349 0.273215 0.627937 1.167949 1.701666 2.310532 2.899384 3.191865 2.903077 2.091181 1.004558 -0.186520 -1.361865 -2.282633 -9999.0 -9999.0
-9999.0 0.879662 1.223808 1.861907 2.495601 2.995174 3.460834 3.755658 3.629365 2.845733 1.643220 0.360782 -0.801592 -1.847287 -2.513168 -2.977232 -9999.0
-9999.0 2.047509 2.462070 3.172153 3.786278 4.129108 4.341041 4.281021 3.771167 2.661728 1.289685 -0.029407 -1.124506 -1.964463 -2.601298 -9999.0 -9999.0
-9999.0 3.118048 3.612767 4.278917 4.666040 4.699478 4.581173 4.230815 3.579831 2.473515 1.177374 -0.052725 -1.047552 -1.721204 -9999.0 -9999.0 -9999.0
-9999.0 -9999.0 4.654867 4.911102 4.781427 4.362892 3.951701 3.496000 2.985622 2.113417 1.005328 -0.116049 -0.930647 -1.334955 -9999.0 -9999.0 -9999.0
-9999.0 -9999.0 5.350612 4.773934 4.060123 3.265272 2.739327 2.396950 2.245595 1.786868 0.939273 -0.101432 -0.786911 -9999.0 -9999.0 -9999.0 -9999.0
-9999.0 -9999.0 -9999.0 -9999.0 2.951428 1.974792 1.393946 1.230663 1.415327 1.362535 0.831004 -0.075553 -0.782134 -9999.0 -9999.0 -9999.0 -9999.0
-9999.0 -9999.0 -9999.0 -9999.0 -9999.0 0.756986 0.256576 0.120422 0.508873 0.799900 0.654711 0.003122 -0.729529 -1.314104 -9999.0 -9999.0 -9999.0
-9999.0 -9999.0 -9999.0 -9999.0 -9999.0 -9999.0 -0.636749 -0.755740 -0.466945 0.026025 0.211420 -0.123826 -0.820130 -1.341925 -1.738951 -9999.0 -9999.0
-9999.0 -9999.0 -9999.0 -9999.0 -9999.0 -9999.0 -9999.0 -1.444548 -1.175317 -0.724569 -0.319382 -0.413728 -0.945761 -1.497758 -9999.0 -9999.0 -9999.0
-9999.0 -9999.0 -9999.0 -9999.0 -9999.0 -9999.0 -9999.0 -9999.0 -1.568029 -1.098408 -0.625215 -0.613635 -1.077113 -1.551223 -1.907467 -9999.0 -9999.0
-9999.0 -9999.0 -9999.0 -9999.0 -9999.0 -9999.0 -9999.0 -9999.0 -9999.0 -9999.0 -9999.0 -9999.0 -9999.0 -9999.0 -9999.0 -9999.0 -9999.0