tests/3D/WG1_2.0_001/output-maps-SE27XX/TaN0038.asc
ncols         17
nrows         27
xllcorner     624603.750000
yllcorner     5171346.250000
cellsize      500.000000
NODATA_value  -9999.0
-9999.0 -9999.0 -9999.0 -9999.0 -9999.0 -9999.0 -9999.0 -9999.0 -9999.0 -9999.0 -9999.0 -9999.0 -9999.0 -9999.0 -9999.0 -9999.0 -9999.0
-9999.0 -9999.0 -9999.0 -9999.0 -9999.0 -9999.0 -9999.0 -9999.0 -9999.0 -9999.0 -9999.0 -10.636729 -11.249024 -11.891151 -9999.0 -9999.0 -9999.0
-9999.0 -9999.0 -9999.0 -9999.0 -9999.0 -9999.0 -9999.0 -9999.0 -9999.0 -9.801359 -9.886352 -10.227559 -10.912435 -11.625808 -12.129469 -9999.0 -9999.0
-9999.0 -9999.0 -9999.0 -9999.0 -9999.0 -9999.0 -9999.0 -9999.0 -9.520569 -9.384390 -9.328918 -9.574292 -10.294942 -11.213387 -11.737639 -9999.0 -9999.0
-9999.0 -9999.0 -9999.0 -9999.0 -9999.0 -9999.0 -9999.0 -9999.0 -9.018728 -8.755275 -8.631374 -8.986843 -9.779017 -10.653481 -11.140378 -9999.0 -9999.0
-9999.0 -9999.0 -9999.0 -9999.0 -9999.0 -9999.0 -9999.0 -9.053167 -8.512677 -8.066111 -8.032221 -8.578001 -9.445642 -10.251241 -10.661214 -9999.0 -9999.0
-9999.0 -9999.0 -9999.0 -9999.0 -9999.0 -9999.0 -9.605410 -9.065274 -8.290290 -7.606565 -7.614176 -8.261115 -9.167297 -9.920492 -10.291206 -9999.0 -9999.0
-9999.0 -9999.0 -9999.0 -9999.0 -9999.0 -9999.0 -9.580495 -9.073054 -8.097899 -7.316434 -7.166689 -7.752101 -8.665794 -9.508798 -9.933016 -9999.0 -9999.0
-9999.0 -9999.0 -9999.0 -9999.0 -9999.0 -9999.0 -9.524696 -9.004827 -8.095634 -7.179578 -6.786197 -7.193769 -8.110758 -9.081741 -9.598514 -9999.0 -9999.0
-9999.0 -9999.0 -9999.0 -9999.0 -9999.0 -9999.0 -9999.0 -8.804081 -7.982072 -7.023785 -6.456622 -6.724686 -7.651507 -8.718016 -9.336691 -9999.0 -9999.0
-9999.0 -9999.0 -9999.0 -9999.0 -9999.0 -9999.0 -8.817768 -8.435016 -7.741567 -6.806769 -6.225596 -6.452273 -7.397526 -8.481316 -9.175161 -9.481178 -9999.0
-9999.0 -9999.0 -9999.0 -9999.0 -9999.0 -8.699791 -8.378374 -7.911303 -7.131725 -6.311721 -5.842954 -6.131220 -7.120620 -8.247761 -9.075140 -9.410602 -9999.0
-9999.0 -9999.0 -9999.0 -8.787426 -8.634634 -8.248665 -7.768844 -7.072901 -6.297983 -5.592580 -5.297744 -5.715134 -6.786608 -8.036242 -9.031800 -9.475735 -9999.0
-9999.0 -9999.0 -9999.0 -8.347549 -8.143235 -7.613494 -6.912459 -6.125255 -5.365876 -4.832171 -4.786989 -5.386273 -6.559178 -7.921456 -9.095813 -9.645037 -9999.0
-9999.0 -9999.0 -7.778417 -7.585335 -7.253955 -6.674571 -5.967485 -5.197059 -4.568909 -4.352029 -4.691493 -5.531854 -6.750364 -8.105097 -9.166850 -9.782503 -9999.0
-9999.0 -7.294970 -7.053515 -6.677905 -6.117431 -5.562182 -4.930541 -4.318872 -4.005824 -4.279117 -5.083219 -6.171556 -7.374523 -8.571470 -9.522187 -9999.0 -9999.0
-9999.0 -6.469770 -6.103256 -5.448464 -4.799748 -4.284471 -3.801911 -3.489866 -3.600363 -4.371730 -5.567491 -6.850128 -8.020323 -9.081328 -9.769196 -10.260600 -9999.0
-9999.0 -5.288219 -4.854413 -4.133992 -3.511368 -3.158643 -2.934970 -2.982355 -3.480225 -4.580052 -5.946417 -7.264940 -8.365211 -9.216138 -9.869279 -9999.0 -9999.0
-9999.0 -4.188902 -3.682484 -3.016004 -2.628300 -2.590737 -2.701802 -3.043269 -3.685332 -4.784225 -6.075747 -7.305007 -8.303354 -8.985035 -9999.0 -9999.0 -9999.0
-9999.0 -9999.0 -2.615183 -2.370957 -2.507630 -2.926750 -3.334147 -3.783803 -4.287625 -5.154171 -6.258612 -7.379173 -8.196300 -8.606669 -9999.0 -9999.0 -9999.0
-9999.0 -9999.0 -1.907379 -2.501827 -3.225586 -4.023061 -4.547095 -4.885270 -5.031762 -5.486189 -6.330974 -7.371037 -8.058479 -9999.0 -9999.0 -9999.0 -9999.0
-9999.0 -9999.0 -9999.0 -9999.0 -4.334058 -5.312390 -5.891694 -6.051729 -5.863330 -5.912837 -6.442260 -7.348420 -8.056671 -9999.0 -9999.0 -9999.0 -9999.0
-9999.0 -9999.0 -9999.0 -9999.0 -9999.0 -6.528472 -7.027002 -7.160368 -6.768956 -6.475434 -6.619120 -7.270601 -8.004815 -8.592767 -9999.0 -9999.0 -9999.0
-9999.0 -9999.0 -9999.0 -9999.0 -9999.0 -9999.0 -7.916660 -8.033279 -7.742189 -7.247422 -7.061096 -7.396569 -8.094469 -8.619342 -9.020950 -9999.0 -9999.0
-9999.0 -9999.0 -9999.0 -9999.0 -9999.0 -9999.0 -9999.0 -8.717229 -8.446441 -7.994611 -7.589086 -7.684056 -8.217835 -8.772791 -9999.0 -9999.0 -9999.0
-9999.0 -9999.0 -9999.0 -9999.0 -9999.0 -9999.0 -9999.0 -9999.0 -8.833689 -8.363780 -7.890900 -7.880411 -8.345887 -8.822979 -9.183214 -9999.0 -9999.0
-9999.0 -9999.0 -9999.0 -9999.0 -9999.0 -9999.0 -9999.0 -9999.0 -9999.0 -9999.0 -9999.0 -9999.0 -9999.0 -9999.0 -9999.0 -9999.0 -9999.0