tests/3D/WG1_2.0_001/output-maps-SE27XX/TaN0048.asc
ncols         17
nrows         27
xllcorner     624603.750000
yllcorner     5171346.250000
cellsize      500.000000
NODATA_value  -9999.0
-9999.0 -9999.0 -9999.0 -9999.0 -9999.0 -9999.0 -9999.0 -9999.0 -9999.0 -9999.0 -9999.0 -9999.0 -9999.0 -9999.0 -9999.0 -9999.0 -9999.0
-9999.0 -9999.0 -9999.0 -9999.0 -9999.0 -9999.0 -9999.0 -9999.0 -9999.0 -9999.0 -9999.0 -0.397405 -0.858728 -1.311759 -9999.0 -9999.0 -9999.0
-9999.0 -9999.0 -9999.0 -9999.0 -9999.0 -9999.0 -9999.0 -9999.0 -9999.0 0.194499 0.197403 -0.032239 -0.567979 -1.082824 -1.335485 -9999.0 -9999.0
-9999.0 -9999.0 -9999.0 -9999.0 -9999.0 -9999.0 -9999.0 -9999.0 0.381135 0.582105 0.710636 0.561581 -0.020331 -0.739425 -0.995658 -9999.0 -9999.0
-9999.0 -9999.0 -9999.0 -9999.0 -9999.0 -9999.0 -9999.0 -9999.0 0.868093 1.183654 1.361899 1.080861 0.407693 -0.278137 -0.492831 -9999.0 -9999.0
-9999.0 -9999.0 -9999.0 -9999.0 -9999.0 -9999.0 -9999.0 0.769294 1.365605 1.852736 1.921353 1.424485 0.648985 0.009685 -0.140725 -9999.0 -9999.0
-9999.0 -9999.0 -9999.0 -9999.0 -9999.0 -9999.0 0.136897 0.754934 1.586443 2.303465 2.314357 1.692412 0.849758 0.232928 0.093187 -9999.0 -9999.0
-9999.0 -9999.0 -9999.0 -9999.0 -9999.0 -9999.0 0.146834 0.742103 1.779942 2.594151 2.753582 2.176285 1.302065 0.564313 0.332518 -9999.0 -9999.0
-9999.0 -9999.0 -9999.0 -9999.0 -9999.0 -9999.0 0.173118 0.792905 1.775491 2.730816 3.134285 2.728038 1.835093 0.942593 0.577755 -9999.0 -9999.0
-9999.0 -9999.0 -9999.0 -9999.0 -9999.0 -9999.0 -9999.0 0.952478 1.860332 2.869462 3.455262 3.191603 2.282911 1.275592 0.773275 -9999.0 -9999.0
-9999.0 -9999.0 -9999.0 -9999.0 -9999.0 -9999.0 0.747291 1.248345 2.038469 3.037474 3.651053 3.439365 2.514679 1.479361 0.875305 0.700710 -9999.0
-9999.0 -9999.0 -9999.0 -9999.0 -9999.0 0.635646 1.079031 1.666132 2.549376 3.445850 3.962686 3.704307 2.744045 1.662608 0.908489 0.675567 -9999.0
-9999.0 -9999.0 -9999.0 0.243334 0.478329 0.966049 1.560556 2.373380 3.254715 4.046053 4.403689 4.032162 3.001695 1.800895 0.870721 0.511216 -9999.0
-9999.0 -9999.0 -9999.0 0.578647 0.852610 1.472666 2.278817 3.176818 4.042036 4.667804 4.787700 4.248670 3.129119 1.821992 0.711179 0.236553 -9999.0
-9999.0 -9999.0 1.006932 1.233714 1.623438 2.282704 3.085607 3.959971 4.691401 5.003390 4.746911 3.977991 2.823527 1.530977 0.534225 -0.011212 -9999.0
-9999.0 1.397040 1.632794 2.032379 2.643614 3.271624 3.992055 4.701656 5.114617 4.937025 4.220591 3.211127 2.080101 0.951368 0.068227 -9999.0 -9999.0
-9999.0 2.126068 2.476127 3.151276 3.849431 4.435367 5.003052 5.408664 5.394590 4.717716 3.611239 2.411363 1.317914 0.329277 -0.288740 -0.711485 -9999.0
-9999.0 3.192723 3.606767 4.354169 5.033403 5.460286 5.768656 5.811948 5.406998 4.399095 3.121197 1.886353 0.864798 0.088286 -0.493758 -9999.0 -9999.0
-9999.0 4.154215 4.651363 5.365631 5.825512 5.944572 5.919312 5.666031 5.112985 4.102263 2.896512 1.749538 0.829546 0.222387 -9999.0 -9999.0 -9999.0
-9999.0 -9999.0 5.604143 5.926517 5.878799 5.546985 5.224903 4.859766 4.440063 3.656807 2.634007 1.592643 0.851745 0.514426 -9999.0 -9999.0 -9999.0
-9999.0 -9999.0 6.262943 5.758935 5.126590 4.413760 3.970051 3.710397 3.641804 3.264792 2.496501 1.531397 0.916835 -9999.0 -9999.0 -9999.0 -9999.0
-9999.0 -9999.0 -9999.0 -9999.0 4.015079 3.109033 2.600532 2.510900 2.769941 2.791336 2.332682 1.496587 0.857123 -9999.0 -9999.0 -9999.0 -9999.0
-9999.0 -9999.0 -9999.0 -9999.0 -9999.0 1.890460 1.451831 1.380129 1.834700 2.192519 2.113754 1.527214 0.857357 0.332632 -9999.0 -9999.0 -9999.0
-9999.0 -9999.0 -9999.0 -9999.0 -9999.0 -9999.0 0.554778 0.492082 0.839488 1.392392 1.638069 1.362532 0.724535 0.258965 -0.084442 -9999.0 -9999.0
-9999.0 -9999.0 -9999.0 -9999.0 -9999.0 -9999.0 -9999.0 -0.202994 0.118418 0.623015 1.082869 1.043188 0.565061 0.065565 -9999.0 -9999.0 -9999.0
-9999.0 -9999.0 -9999.0 -9999.0 -9999.0 -9999.0 -9999.0 -9999.0 -0.282234 0.235980 0.758838 0.820453 0.406716 -0.018544 -0.327340 -9999.0 -9999.0
-9999.0 -9999.0 -9999.0 -9999.0 -9999.0 -9999.0 -9999.0 -9999.0 -9999.0 -9999.0 -9999.0 -9999.0 -9999.0 -9999.0 -9999.0 -9999.0 -9999.0