tests/3D/WG1_2.0_001/output-maps-SE27XX/thetaiceL0002N0031.asc
ncols         17
nrows         27
xllcorner     624603.750000
yllcorner     5171346.250000
cellsize      500.000000
NODATA_value  -9999.0
-9999.0 -9999.0 -9999.0 -9999.0 -9999.0 -9999.0 -9999.0 -9999.0 -9999.0 -9999.0 -9999.0 -9999.0 -9999.0 -9999.0 -9999.0 -9999.0 -9999.0
-9999.0 -9999.0 -9999.0 -9999.0 -9999.0 -9999.0 -9999.0 -9999.0 -9999.0 -9999.0 -9999.0 0.339722 0.064879 0.061507 -9999.0 -9999.0 -9999.0
-9999.0 -9999.0 -9999.0 -9999.0 -9999.0 -9999.0 -9999.0 -9999.0 -9999.0 0.326113 0.240476 0.315022 0.065088 0.062685 0.066703 -9999.0 -9999.0
-9999.0 -9999.0 -9999.0 -9999.0 -9999.0 -9999.0 -9999.0 -9999.0 0.012401 0.330703 0.003694 0.337637 0.339395 0.069980 0.062865 -9999.0 -9999.0
-9999.0 -9999.0 -9999.0 -9999.0 -9999.0 -9999.0 -9999.0 -9999.0 0.144125 0.310271 0.300748 0.314806 0.063553 0.065438 0.063132 -9999.0 -9999.0
-9999.0 -9999.0 -9999.0 -9999.0 -9999.0 -9999.0 -9999.0 0.052339 0.329404 0.003642 0.076866 0.318356 0.338441 0.062635 0.064131 -9999.0 -9999.0
-9999.0 -9999.0 -9999.0 -9999.0 -9999.0 -9999.0 0.210985 0.334324 0.002838 0.353622 0.358269 0.341494 0.341164 0.326927 0.337054 -9999.0 -9999.0
-9999.0 -9999.0 -9999.0 -9999.0 -9999.0 -9999.0 0.029978 0.316414 0.340473 0.351681 0.353860 0.358045 0.003759 0.180258 0.346627 -9999.0 -9999.0
-9999.0 -9999.0 -9999.0 -9999.0 -9999.0 -9999.0 0.347519 0.349049 0.339521 0.106082 0.357442 0.296050 0.239955 0.344778 0.343203 -9999.0 -9999.0
-9999.0 -9999.0 -9999.0 -9999.0 -9999.0 -9999.0 -9999.0 0.233976 0.341388 0.001371 0.359115 0.359036 0.343343 0.018210 0.116429 -9999.0 -9999.0
-9999.0 -9999.0 -9999.0 -9999.0 -9999.0 -9999.0 0.162487 0.011807 0.229817 0.349425 0.357277 0.360685 0.343613 0.223104 0.324161 0.337927 -9999.0
-9999.0 -9999.0 -9999.0 -9999.0 -9999.0 0.200516 0.042967 0.011150 0.266954 0.338372 0.340929 0.361100 0.351347 0.045803 0.340867 0.338747 -9999.0
-9999.0 -9999.0 -9999.0 0.034908 0.359453 0.020014 0.024784 0.253155 0.127805 0.119322 0.350651 0.360530 0.347974 0.345163 0.307053 0.288290 -9999.0
-9999.0 -9999.0 -9999.0 0.066457 0.028078 0.164236 0.302747 0.112359 0.261255 0.230464 0.168502 0.229222 0.000000 0.314400 0.062979 0.257640 -9999.0
-9999.0 -9999.0 0.087352 0.136047 0.017863 0.352983 0.286170 0.170538 0.117327 0.198843 0.184646 0.351326 0.000804 0.003162 0.356853 0.341131 -9999.0
-9999.0 0.067444 0.104493 0.341689 0.356664 0.246633 0.159671 0.035889 0.105191 0.199142 0.339240 0.357903 0.357785 0.340173 0.341822 -9999.0 -9999.0
-9999.0 0.021962 0.243331 0.005740 0.003703 0.080263 0.008674 0.000519 0.046208 0.069665 0.314378 0.346682 0.351232 0.345415 0.063265 0.066142 -9999.0
-9999.0 0.002035 0.180535 0.038584 0.004431 0.000000 0.000000 0.257057 0.037908 0.196582 0.153521 0.286264 0.347938 0.346891 0.341763 -9999.0 -9999.0
-9999.0 0.063448 0.031372 0.000000 0.046110 0.000000 0.057927 0.129610 0.149597 0.316404 0.352022 0.085362 0.296771 0.031044 -9999.0 -9999.0 -9999.0
-9999.0 -9999.0 0.000605 0.000000 0.004538 0.118112 0.206065 0.173137 0.131849 0.331824 0.157061 0.347080 0.208446 0.344362 -9999.0 -9999.0 -9999.0
-9999.0 -9999.0 0.000510 0.000000 0.062904 0.240273 0.279579 0.358394 0.353654 0.263662 0.358460 0.003182 0.344898 -9999.0 -9999.0 -9999.0 -9999.0
-9999.0 -9999.0 -9999.0 -9999.0 0.212038 0.354429 0.357675 0.186638 0.362019 0.348413 0.333271 0.138462 0.303458 -9999.0 -9999.0 -9999.0 -9999.0
-9999.0 -9999.0 -9999.0 -9999.0 -9999.0 0.353775 0.344222 0.349291 0.204551 0.359682 0.360129 0.012670 0.006372 0.057541 -9999.0 -9999.0 -9999.0
-9999.0 -9999.0 -9999.0 -9999.0 -9999.0 -9999.0 0.352693 0.346843 0.353063 0.352593 0.352953 0.356906 0.320734 0.343768 0.353258 -9999.0 -9999.0
-9999.0 -9999.0 -9999.0 -9999.0 -9999.0 -9999.0 -9999.0 0.358673 0.352422 0.325865 0.347202 0.363256 0.360967 0.026270 -9999.0 -9999.0 -9999.0
-9999.0 -9999.0 -9999.0 -9999.0 -9999.0 -9999.0 -9999.0 -9999.0 0.310252 0.355782 0.351027 0.349550 0.349055 0.349346 0.364027 -9999.0 -9999.0
-9999.0 -9999.0 -9999.0 -9999.0 -9999.0 -9999.0 -9999.0 -9999.0 -9999.0 -9999.0 -9999.0 -9999.0 -9999.0 -9999.0 -9999.0 -9999.0 -9999.0