tests/3D/WG1_2.0_001/output-maps-SE27XX/thetaliqL0005N0036.asc
ncols         17
nrows         27
xllcorner     624603.750000
yllcorner     5171346.250000
cellsize      500.000000
NODATA_value  -9999.0
-9999.0 -9999.0 -9999.0 -9999.0 -9999.0 -9999.0 -9999.0 -9999.0 -9999.0 -9999.0 -9999.0 -9999.0 -9999.0 -9999.0 -9999.0 -9999.0 -9999.0
-9999.0 -9999.0 -9999.0 -9999.0 -9999.0 -9999.0 -9999.0 -9999.0 -9999.0 -9999.0 -9999.0 0.373816 0.400275 0.387472 -9999.0 -9999.0 -9999.0
-9999.0 -9999.0 -9999.0 -9999.0 -9999.0 -9999.0 -9999.0 -9999.0 -9999.0 0.399962 0.390976 0.379277 0.400832 0.391899 0.408341 -9999.0 -9999.0
-9999.0 -9999.0 -9999.0 -9999.0 -9999.0 -9999.0 -9999.0 -9999.0 0.394952 0.381620 0.401110 0.379544 0.386210 0.426669 0.392352 -9999.0 -9999.0
-9999.0 -9999.0 -9999.0 -9999.0 -9999.0 -9999.0 -9999.0 -9999.0 0.388015 0.380777 0.410279 0.381594 0.396386 0.402121 0.393468 -9999.0 -9999.0
-9999.0 -9999.0 -9999.0 -9999.0 -9999.0 -9999.0 -9999.0 0.386345 0.383996 0.400662 0.387986 0.381034 0.380956 0.391726 0.397493 -9999.0 -9999.0
-9999.0 -9999.0 -9999.0 -9999.0 -9999.0 -9999.0 0.392197 0.377628 0.398004 0.387391 0.414074 0.388469 0.378188 0.378895 0.378120 -9999.0 -9999.0
-9999.0 -9999.0 -9999.0 -9999.0 -9999.0 -9999.0 0.389889 0.383696 0.385169 0.385607 0.391941 0.412656 0.399489 0.385431 0.404580 -9999.0 -9999.0
-9999.0 -9999.0 -9999.0 -9999.0 -9999.0 -9999.0 0.381933 0.386898 0.382930 0.405014 0.379373 0.385607 0.382834 0.380608 0.396955 -9999.0 -9999.0
-9999.0 -9999.0 -9999.0 -9999.0 -9999.0 -9999.0 -9999.0 0.377005 0.386596 0.397658 0.392089 0.389864 0.383206 0.423675 0.388671 -9999.0 -9999.0
-9999.0 -9999.0 -9999.0 -9999.0 -9999.0 -9999.0 0.379959 0.392055 0.381802 0.382914 0.387331 0.387626 0.391629 0.386935 0.378630 0.380581 -9999.0
-9999.0 -9999.0 -9999.0 -9999.0 -9999.0 0.382255 0.387601 0.387256 0.379469 0.388306 0.385093 0.386274 0.400241 0.386860 0.382070 0.374786 -9999.0
-9999.0 -9999.0 -9999.0 0.387872 0.404568 0.393659 0.388004 0.379062 0.383984 0.384473 0.381266 0.390684 0.399776 0.372747 0.378213 0.386246 -9999.0
-9999.0 -9999.0 -9999.0 0.381331 0.394280 0.377485 0.391492 0.383154 0.386927 0.396108 0.390333 0.382568 0.406323 0.390234 0.391175 0.380317 -9999.0
-9999.0 -9999.0 0.380812 0.382273 0.382015 0.393376 0.380374 0.383283 0.388615 0.383955 0.384945 0.387354 0.391945 0.393083 0.408362 0.379144 -9999.0
-9999.0 0.385166 0.387219 0.378617 0.388386 0.389303 0.379244 0.383838 0.387521 0.401910 0.393920 0.377447 0.411354 0.375687 0.371829 -9999.0 -9999.0
-9999.0 0.385997 0.380922 0.390212 0.393489 0.389709 0.395578 0.398884 0.384435 0.393989 0.403492 0.391468 0.391128 0.391436 0.393933 0.404641 -9999.0
-9999.0 0.384951 0.395214 0.391942 0.394318 0.387894 0.393996 0.392257 0.392216 0.398999 0.390613 0.387096 0.378029 0.381884 0.369873 -9999.0 -9999.0
-9999.0 0.391108 0.381198 0.391810 0.389288 0.390104 0.390289 0.395349 0.393844 0.389606 0.383126 0.384976 0.389866 0.386351 -9999.0 -9999.0 -9999.0
-9999.0 -9999.0 0.393923 0.391750 0.394861 0.396800 0.399339 0.395531 0.382713 0.392825 0.379340 0.383860 0.380179 0.381392 -9999.0 -9999.0 -9999.0
-9999.0 -9999.0 0.392781 0.389096 0.400914 0.391360 0.400494 0.392010 0.386538 0.385595 0.389512 0.391867 0.374072 -9999.0 -9999.0 -9999.0 -9999.0
-9999.0 -9999.0 -9999.0 -9999.0 0.387821 0.384842 0.375552 0.387952 0.384071 0.379084 0.382710 0.386586 0.384915 -9999.0 -9999.0 -9999.0 -9999.0
-9999.0 -9999.0 -9999.0 -9999.0 -9999.0 0.385467 0.381227 0.377136 0.383839 0.387014 0.383998 0.405408 0.390262 0.384986 -9999.0 -9999.0 -9999.0
-9999.0 -9999.0 -9999.0 -9999.0 -9999.0 -9999.0 0.379017 0.378618 0.377376 0.377911 0.378990 0.381920 0.379661 0.384906 0.382743 -9999.0 -9999.0
-9999.0 -9999.0 -9999.0 -9999.0 -9999.0 -9999.0 -9999.0 0.385490 0.383535 0.384884 0.380473 0.378982 0.376184 0.386910 -9999.0 -9999.0 -9999.0
-9999.0 -9999.0 -9999.0 -9999.0 -9999.0 -9999.0 -9999.0 -9999.0 0.390510 0.385229 0.383342 0.382835 0.377965 0.373076 0.397114 -9999.0 -9999.0
-9999.0 -9999.0 -9999.0 -9999.0 -9999.0 -9999.0 -9999.0 -9999.0 -9999.0 -9999.0 -9999.0 -9999.0 -9999.0 -9999.0 -9999.0 -9999.0 -9999.0