tests/3D/WG1_2.0_001/output-maps-SE27XX/thetaliqL0001N0010.asc
ncols         17
nrows         27
xllcorner     624603.750000
yllcorner     5171346.250000
cellsize      500.000000
NODATA_value  -9999.0
-9999.0 -9999.0 -9999.0 -9999.0 -9999.0 -9999.0 -9999.0 -9999.0 -9999.0 -9999.0 -9999.0 -9999.0 -9999.0 -9999.0 -9999.0 -9999.0 -9999.0
-9999.0 -9999.0 -9999.0 -9999.0 -9999.0 -9999.0 -9999.0 -9999.0 -9999.0 -9999.0 -9999.0 0.212540 0.233823 0.236807 -9999.0 -9999.0 -9999.0
-9999.0 -9999.0 -9999.0 -9999.0 -9999.0 -9999.0 -9999.0 -9999.0 -9999.0 0.137975 0.213447 0.166421 0.233642 0.235661 0.232633 -9999.0 -9999.0
-9999.0 -9999.0 -9999.0 -9999.0 -9999.0 -9999.0 -9999.0 -9999.0 0.256217 0.265614 0.297874 0.295966 0.148338 0.230884 0.235496 -9999.0 -9999.0
-9999.0 -9999.0 -9999.0 -9999.0 -9999.0 -9999.0 -9999.0 -9999.0 0.289314 0.289921 0.318688 0.291302 0.234902 0.233369 0.235241 -9999.0 -9999.0
-9999.0 -9999.0 -9999.0 -9999.0 -9999.0 -9999.0 -9999.0 0.284926 0.291520 0.301039 0.298320 0.291300 0.298559 0.235706 0.234426 -9999.0 -9999.0
-9999.0 -9999.0 -9999.0 -9999.0 -9999.0 -9999.0 0.198186 0.278085 0.297386 0.140976 0.267538 0.295572 0.296037 0.282458 0.206466 -9999.0 -9999.0
-9999.0 -9999.0 -9999.0 -9999.0 -9999.0 -9999.0 0.286024 0.269245 0.296425 0.141550 0.141368 0.278251 0.297936 0.297318 0.263534 -9999.0 -9999.0
-9999.0 -9999.0 -9999.0 -9999.0 -9999.0 -9999.0 0.154661 0.225241 0.293663 0.311838 0.142457 0.160328 0.293157 0.299960 0.301603 -9999.0 -9999.0
-9999.0 -9999.0 -9999.0 -9999.0 -9999.0 -9999.0 -9999.0 0.281221 0.297336 0.303297 0.141903 0.148168 0.297716 0.280683 0.276495 -9999.0 -9999.0
-9999.0 -9999.0 -9999.0 -9999.0 -9999.0 -9999.0 0.282598 0.291037 0.291597 0.172350 0.144716 0.143194 0.305015 0.295880 0.296086 0.298243 -9999.0
-9999.0 -9999.0 -9999.0 -9999.0 -9999.0 0.257788 0.289838 0.290780 0.230053 0.205441 0.154843 0.151096 0.312883 0.293243 0.270641 0.293967 -9999.0
-9999.0 -9999.0 -9999.0 0.239257 0.214433 0.291565 0.290975 0.255058 0.271329 0.276562 0.218181 0.145942 0.313262 0.171648 0.287949 0.282298 -9999.0
-9999.0 -9999.0 -9999.0 0.280289 0.294323 0.286099 0.275437 0.274259 0.261717 0.247229 0.286648 0.272231 0.307096 0.300276 0.235617 0.294545 -9999.0
-9999.0 -9999.0 0.281181 0.287297 0.288618 0.305284 0.274348 0.279951 0.287975 0.285207 0.282926 0.143378 0.298841 0.299504 0.195852 0.288540 -9999.0
-9999.0 0.212043 0.197948 0.196107 0.244498 0.220647 0.280509 0.285900 0.291043 0.302847 0.266189 0.246871 0.308407 0.286767 0.243475 -9999.0 -9999.0
-9999.0 0.273962 0.224800 0.282217 0.291454 0.292087 0.301214 0.304092 0.290714 0.295857 0.181339 0.306609 0.299877 0.275678 0.235173 0.232843 -9999.0
-9999.0 0.278048 0.278429 0.296062 0.299899 0.296630 0.304319 0.294733 0.298941 0.303466 0.285022 0.213238 0.285784 0.257484 0.193821 -9999.0 -9999.0
-9999.0 0.292489 0.288494 0.298605 0.301607 0.309375 0.302721 0.307535 0.301881 0.290471 0.144947 0.294849 0.297069 0.285891 -9999.0 -9999.0 -9999.0
-9999.0 -9999.0 0.308794 0.319532 0.316770 0.312412 0.312509 0.305641 0.286215 0.294946 0.270249 0.297586 0.288963 0.275526 -9999.0 -9999.0 -9999.0
-9999.0 -9999.0 0.300575 0.315809 0.315511 0.300194 0.308232 0.298900 0.204208 0.278952 0.250734 0.296459 0.286862 -9999.0 -9999.0 -9999.0 -9999.0
-9999.0 -9999.0 -9999.0 -9999.0 0.294113 0.289729 0.261808 0.261146 0.170984 0.263584 0.227205 0.294914 0.294199 -9999.0 -9999.0 -9999.0 -9999.0
-9999.0 -9999.0 -9999.0 -9999.0 -9999.0 0.182811 0.294706 0.156155 0.210774 0.143441 0.164348 0.308285 0.292902 0.287852 -9999.0 -9999.0 -9999.0
-9999.0 -9999.0 -9999.0 -9999.0 -9999.0 -9999.0 0.284699 0.285608 0.286854 0.154527 0.146989 0.149898 0.288325 0.288884 0.267414 -9999.0 -9999.0
-9999.0 -9999.0 -9999.0 -9999.0 -9999.0 -9999.0 -9999.0 0.182577 0.291969 0.291157 0.292366 0.145703 0.149333 0.286599 -9999.0 -9999.0 -9999.0
-9999.0 -9999.0 -9999.0 -9999.0 -9999.0 -9999.0 -9999.0 -9999.0 0.201348 0.285142 0.287082 0.289420 0.284504 0.242321 0.141218 -9999.0 -9999.0
-9999.0 -9999.0 -9999.0 -9999.0 -9999.0 -9999.0 -9999.0 -9999.0 -9999.0 -9999.0 -9999.0 -9999.0 -9999.0 -9999.0 -9999.0 -9999.0 -9999.0