tests/3D/WG1_2.0_001/output-maps-SE27XX/thetaliqL0001N0022.asc
ncols         17
nrows         27
xllcorner     624603.750000
yllcorner     5171346.250000
cellsize      500.000000
NODATA_value  -9999.0
-9999.0 -9999.0 -9999.0 -9999.0 -9999.0 -9999.0 -9999.0 -9999.0 -9999.0 -9999.0 -9999.0 -9999.0 -9999.0 -9999.0 -9999.0 -9999.0 -9999.0
-9999.0 -9999.0 -9999.0 -9999.0 -9999.0 -9999.0 -9999.0 -9999.0 -9999.0 -9999.0 -9999.0 0.145011 0.219074 0.218398 -9999.0 -9999.0 -9999.0
-9999.0 -9999.0 -9999.0 -9999.0 -9999.0 -9999.0 -9999.0 -9999.0 -9999.0 0.159736 0.146438 0.150937 0.219107 0.218594 0.219535 -9999.0 -9999.0
-9999.0 -9999.0 -9999.0 -9999.0 -9999.0 -9999.0 -9999.0 -9999.0 0.140197 0.157080 0.205055 0.162551 0.160131 0.220363 0.218627 -9999.0 -9999.0
-9999.0 -9999.0 -9999.0 -9999.0 -9999.0 -9999.0 -9999.0 -9999.0 0.146051 0.154429 0.153794 0.162164 0.218772 0.219180 0.218675 -9999.0 -9999.0
-9999.0 -9999.0 -9999.0 -9999.0 -9999.0 -9999.0 -9999.0 0.142597 0.156486 0.145113 0.153180 0.160930 0.163689 0.218585 0.218906 -9999.0 -9999.0
-9999.0 -9999.0 -9999.0 -9999.0 -9999.0 -9999.0 0.140077 0.150984 0.154382 0.142143 0.158418 0.177896 0.174784 0.153411 0.159924 -9999.0 -9999.0
-9999.0 -9999.0 -9999.0 -9999.0 -9999.0 -9999.0 0.145100 0.148642 0.170772 0.162675 0.200967 0.160634 0.141014 0.148667 0.172311 -9999.0 -9999.0
-9999.0 -9999.0 -9999.0 -9999.0 -9999.0 -9999.0 0.153785 0.155701 0.157345 0.153967 0.153103 0.166402 0.155491 0.173911 0.169618 -9999.0 -9999.0
-9999.0 -9999.0 -9999.0 -9999.0 -9999.0 -9999.0 -9999.0 0.145868 0.153542 0.155445 0.179898 0.182071 0.171422 0.430507 0.144605 -9999.0 -9999.0
-9999.0 -9999.0 -9999.0 -9999.0 -9999.0 -9999.0 0.142018 0.161384 0.150653 0.153439 0.167401 0.157128 0.178481 0.152038 0.155758 0.161255 -9999.0
-9999.0 -9999.0 -9999.0 -9999.0 -9999.0 0.140918 0.152883 0.149537 0.166700 0.215070 0.209363 0.156176 0.162128 0.145148 0.172864 0.161992 -9999.0
-9999.0 -9999.0 -9999.0 0.277432 0.144474 0.285062 0.149882 0.245029 0.446020 0.465066 0.176680 0.180232 0.169637 0.164609 0.152305 0.147862 -9999.0
-9999.0 -9999.0 -9999.0 0.148286 0.410810 0.143527 0.427451 0.454555 0.296685 0.359743 0.405637 0.357696 0.462651 0.153943 0.218563 0.146825 -9999.0
-9999.0 -9999.0 0.158387 0.151922 0.177336 0.147735 0.362356 0.416589 0.477391 0.395008 0.440076 0.170425 0.195137 0.187014 0.145360 0.159989 -9999.0
-9999.0 0.446893 0.436504 0.302374 0.186400 0.381217 0.448893 0.500000 0.485162 0.429645 0.223076 0.149798 0.154818 0.163222 0.157245 -9999.0 -9999.0
-9999.0 0.457418 0.387175 0.466103 0.429796 0.477992 0.499873 0.499426 0.499742 0.498884 0.378890 0.159258 0.156738 0.142613 0.218701 0.219333 -9999.0
-9999.0 0.449699 0.453096 0.479883 0.465620 0.368502 0.410391 0.326437 0.500000 0.443418 0.441394 0.402402 0.152539 0.151295 0.149891 -9999.0 -9999.0
-9999.0 0.482450 0.450026 0.443135 0.463322 0.401927 0.500000 0.486320 0.440175 0.235525 0.152502 0.151000 0.143002 0.145856 -9999.0 -9999.0 -9999.0
-9999.0 -9999.0 0.432595 0.330973 0.473912 0.475328 0.405969 0.470832 0.459665 0.380972 0.456568 0.156783 0.144620 0.157185 -9999.0 -9999.0 -9999.0
-9999.0 -9999.0 0.412468 0.346328 0.500000 0.384795 0.367346 0.235474 0.150387 0.412771 0.308415 0.412383 0.153893 -9999.0 -9999.0 -9999.0 -9999.0
-9999.0 -9999.0 -9999.0 -9999.0 0.432861 0.284957 0.249443 0.432969 0.181013 0.269319 0.332865 0.155010 0.142552 -9999.0 -9999.0 -9999.0 -9999.0
-9999.0 -9999.0 -9999.0 -9999.0 -9999.0 0.154489 0.149583 0.147911 0.415024 0.142640 0.199519 0.457236 0.298511 0.145967 -9999.0 -9999.0 -9999.0
-9999.0 -9999.0 -9999.0 -9999.0 -9999.0 -9999.0 0.148957 0.147131 0.147022 0.146917 0.143650 0.148837 0.145199 0.143078 0.144883 -9999.0 -9999.0
-9999.0 -9999.0 -9999.0 -9999.0 -9999.0 -9999.0 -9999.0 0.145329 0.143076 0.143626 0.150974 0.162440 0.142877 0.166029 -9999.0 -9999.0 -9999.0
-9999.0 -9999.0 -9999.0 -9999.0 -9999.0 -9999.0 -9999.0 -9999.0 0.143952 0.144946 0.151080 0.152143 0.149277 0.148436 0.155342 -9999.0 -9999.0
-9999.0 -9999.0 -9999.0 -9999.0 -9999.0 -9999.0 -9999.0 -9999.0 -9999.0 -9999.0 -9999.0 -9999.0 -9999.0 -9999.0 -9999.0 -9999.0 -9999.0