tests/3D/WG1_2.0_001/output-maps-SE27XX/thetaliqL0001N0059.asc
ncols         17
nrows         27
xllcorner     624603.750000
yllcorner     5171346.250000
cellsize      500.000000
NODATA_value  -9999.0
-9999.0 -9999.0 -9999.0 -9999.0 -9999.0 -9999.0 -9999.0 -9999.0 -9999.0 -9999.0 -9999.0 -9999.0 -9999.0 -9999.0 -9999.0 -9999.0 -9999.0
-9999.0 -9999.0 -9999.0 -9999.0 -9999.0 -9999.0 -9999.0 -9999.0 -9999.0 -9999.0 -9999.0 0.131922 0.220627 0.219980 -9999.0 -9999.0 -9999.0
-9999.0 -9999.0 -9999.0 -9999.0 -9999.0 -9999.0 -9999.0 -9999.0 -9999.0 0.125485 0.129721 0.132738 0.220652 0.220216 0.220973 -9999.0 -9999.0
-9999.0 -9999.0 -9999.0 -9999.0 -9999.0 -9999.0 -9999.0 -9999.0 0.137957 0.130996 0.153893 0.134850 0.131410 0.221331 0.220247 -9999.0 -9999.0
-9999.0 -9999.0 -9999.0 -9999.0 -9999.0 -9999.0 -9999.0 -9999.0 0.128391 0.132985 0.131366 0.146070 0.220405 0.220709 0.220298 -9999.0 -9999.0
-9999.0 -9999.0 -9999.0 -9999.0 -9999.0 -9999.0 -9999.0 0.127033 0.131538 0.147786 0.147762 0.144251 0.136254 0.220207 0.220496 -9999.0 -9999.0
-9999.0 -9999.0 -9999.0 -9999.0 -9999.0 -9999.0 0.127381 0.129170 0.159820 0.128159 0.127470 0.136140 0.139027 0.134966 0.133712 -9999.0 -9999.0
-9999.0 -9999.0 -9999.0 -9999.0 -9999.0 -9999.0 0.147219 0.127572 0.132715 0.131264 0.128504 0.127963 0.151905 0.134899 0.133451 -9999.0 -9999.0
-9999.0 -9999.0 -9999.0 -9999.0 -9999.0 -9999.0 0.131877 0.131614 0.130100 0.129459 0.129307 0.130443 0.146653 0.136250 0.134537 -9999.0 -9999.0
-9999.0 -9999.0 -9999.0 -9999.0 -9999.0 -9999.0 -9999.0 0.127433 0.129939 0.145712 0.128060 0.129887 0.134219 0.159083 0.133787 -9999.0 -9999.0
-9999.0 -9999.0 -9999.0 -9999.0 -9999.0 -9999.0 0.126868 0.148225 0.129499 0.128325 0.128137 0.128480 0.133597 0.139970 0.138877 0.133328 -9999.0
-9999.0 -9999.0 -9999.0 -9999.0 -9999.0 0.127765 0.131413 0.136583 0.128847 0.127746 0.131117 0.129055 0.130371 0.143251 0.135284 0.133379 -9999.0
-9999.0 -9999.0 -9999.0 0.142983 0.127220 0.167496 0.127265 0.128294 0.142472 0.144108 0.131556 0.128691 0.129734 0.132615 0.134066 0.133976 -9999.0
-9999.0 -9999.0 -9999.0 0.127375 0.166877 0.129627 0.130114 0.143049 0.133972 0.141483 0.145754 0.140000 0.176947 0.135636 0.220247 0.132072 -9999.0
-9999.0 -9999.0 0.128466 0.129833 0.129841 0.130091 0.130925 0.144124 0.144975 0.145553 0.147543 0.131559 0.163291 0.163402 0.128121 0.133586 -9999.0
-9999.0 0.129865 0.128960 0.128954 0.130052 0.130411 0.144769 0.144900 0.146305 0.140888 0.130222 0.133997 0.128165 0.133094 0.132097 -9999.0 -9999.0
-9999.0 0.139127 0.127662 0.141362 0.142224 0.140343 0.145362 0.146163 0.147491 0.143013 0.129349 0.130344 0.130224 0.128539 0.220343 0.220822 -9999.0
-9999.0 0.141672 0.137363 0.142107 0.147239 0.160631 0.159474 0.139874 0.142468 0.138669 0.143378 0.129367 0.132000 0.130755 0.130473 -9999.0 -9999.0
-9999.0 0.139435 0.143196 0.149253 0.139227 0.156992 0.143440 0.143205 0.146119 0.134179 0.132404 0.138753 0.129356 0.127045 -9999.0 -9999.0 -9999.0
-9999.0 -9999.0 0.144841 0.137658 0.141055 0.141775 0.142860 0.143095 0.147826 0.130646 0.134047 0.130705 0.129326 0.132191 -9999.0 -9999.0 -9999.0
-9999.0 -9999.0 0.132562 0.150053 0.140045 0.142199 0.129009 0.130136 0.132274 0.131568 0.128797 0.176515 0.132146 -9999.0 -9999.0 -9999.0 -9999.0
-9999.0 -9999.0 -9999.0 -9999.0 0.137852 0.130776 0.130151 0.132701 0.130180 0.130294 0.126434 0.130606 0.127806 -9999.0 -9999.0 -9999.0 -9999.0
-9999.0 -9999.0 -9999.0 -9999.0 -9999.0 0.130196 0.129852 0.129561 0.128517 0.131474 0.129265 0.162818 0.163820 0.128032 -9999.0 -9999.0 -9999.0
-9999.0 -9999.0 -9999.0 -9999.0 -9999.0 -9999.0 0.129343 0.129152 0.129612 0.130015 0.130639 0.129790 0.129148 0.129507 0.128530 -9999.0 -9999.0
-9999.0 -9999.0 -9999.0 -9999.0 -9999.0 -9999.0 -9999.0 0.129064 0.129338 0.129725 0.130199 0.128202 0.128810 0.132194 -9999.0 -9999.0 -9999.0
-9999.0 -9999.0 -9999.0 -9999.0 -9999.0 -9999.0 -9999.0 -9999.0 0.128094 0.129775 0.130026 0.130492 0.130789 0.131426 0.128846 -9999.0 -9999.0
-9999.0 -9999.0 -9999.0 -9999.0 -9999.0 -9999.0 -9999.0 -9999.0 -9999.0 -9999.0 -9999.0 -9999.0 -9999.0 -9999.0 -9999.0 -9999.0 -9999.0