tests/3D/WG1_2.0_001/output-maps-SE27XX/thetaliqL0005N0045.asc
ncols         17
nrows         27
xllcorner     624603.750000
yllcorner     5171346.250000
cellsize      500.000000
NODATA_value  -9999.0
-9999.0 -9999.0 -9999.0 -9999.0 -9999.0 -9999.0 -9999.0 -9999.0 -9999.0 -9999.0 -9999.0 -9999.0 -9999.0 -9999.0 -9999.0 -9999.0 -9999.0
-9999.0 -9999.0 -9999.0 -9999.0 -9999.0 -9999.0 -9999.0 -9999.0 -9999.0 -9999.0 -9999.0 0.369213 0.399320 0.386456 -9999.0 -9999.0 -9999.0
-9999.0 -9999.0 -9999.0 -9999.0 -9999.0 -9999.0 -9999.0 -9999.0 -9999.0 0.397729 0.388338 0.375684 0.399888 0.390992 0.407174 -9999.0 -9999.0
-9999.0 -9999.0 -9999.0 -9999.0 -9999.0 -9999.0 -9999.0 -9999.0 0.392998 0.377027 0.401385 0.374776 0.382485 0.425730 0.391355 -9999.0 -9999.0
-9999.0 -9999.0 -9999.0 -9999.0 -9999.0 -9999.0 -9999.0 -9999.0 0.385817 0.377224 0.406546 0.378483 0.395935 0.401182 0.392566 -9999.0 -9999.0
-9999.0 -9999.0 -9999.0 -9999.0 -9999.0 -9999.0 -9999.0 0.384205 0.379612 0.400639 0.387401 0.377749 0.375679 0.390822 0.396581 -9999.0 -9999.0
-9999.0 -9999.0 -9999.0 -9999.0 -9999.0 -9999.0 0.388878 0.372947 0.397775 0.384662 0.410073 0.384671 0.372925 0.374715 0.373210 -9999.0 -9999.0
-9999.0 -9999.0 -9999.0 -9999.0 -9999.0 -9999.0 0.387457 0.378928 0.381527 0.382337 0.389190 0.408826 0.398937 0.383717 0.401310 -9999.0 -9999.0
-9999.0 -9999.0 -9999.0 -9999.0 -9999.0 -9999.0 0.376189 0.381318 0.377773 0.403000 0.375199 0.382908 0.381065 0.375777 0.393091 -9999.0 -9999.0
-9999.0 -9999.0 -9999.0 -9999.0 -9999.0 -9999.0 -9999.0 0.373777 0.381423 0.397086 0.388534 0.385424 0.377969 0.421118 0.386702 -9999.0 -9999.0
-9999.0 -9999.0 -9999.0 -9999.0 -9999.0 -9999.0 0.376745 0.389909 0.379211 0.378347 0.382521 0.382843 0.387361 0.385008 0.374524 0.376073 -9999.0
-9999.0 -9999.0 -9999.0 -9999.0 -9999.0 0.378378 0.385002 0.385108 0.376119 0.383414 0.381056 0.381128 0.395011 0.385683 0.378036 0.369770 -9999.0
-9999.0 -9999.0 -9999.0 0.384671 0.396818 0.391189 0.385329 0.375457 0.381266 0.382652 0.377636 0.385767 0.394647 0.367953 0.374675 0.382827 -9999.0
-9999.0 -9999.0 -9999.0 0.378205 0.391020 0.374931 0.385293 0.380437 0.383196 0.392244 0.387615 0.380474 0.406118 0.386311 0.390456 0.377726 -9999.0
-9999.0 -9999.0 0.377319 0.379456 0.379820 0.388679 0.376581 0.380607 0.386287 0.382085 0.383034 0.384007 0.392309 0.392604 0.405082 0.374163 -9999.0
-9999.0 0.379598 0.381915 0.373169 0.383781 0.383819 0.376682 0.381503 0.385337 0.397079 0.388170 0.372788 0.408073 0.371346 0.366521 -9999.0 -9999.0
-9999.0 0.381476 0.375833 0.386660 0.390288 0.386687 0.392124 0.395795 0.382851 0.390755 0.397415 0.386527 0.385585 0.387048 0.393088 0.403605 -9999.0
-9999.0 0.381601 0.389740 0.388053 0.390880 0.384948 0.390882 0.388853 0.390043 0.394038 0.386746 0.381502 0.372225 0.375509 0.365149 -9999.0 -9999.0
-9999.0 0.387583 0.378464 0.388805 0.387236 0.387656 0.388686 0.393395 0.391421 0.384691 0.377642 0.383044 0.385045 0.383521 -9999.0 -9999.0 -9999.0
-9999.0 -9999.0 0.390652 0.389454 0.392879 0.394385 0.395684 0.391941 0.380607 0.387441 0.376476 0.378814 0.377473 0.376548 -9999.0 -9999.0 -9999.0
-9999.0 -9999.0 0.390639 0.385542 0.397301 0.387179 0.394731 0.386967 0.382268 0.381924 0.383932 0.390319 0.368880 -9999.0 -9999.0 -9999.0 -9999.0
-9999.0 -9999.0 -9999.0 -9999.0 0.383678 0.378478 0.369474 0.383136 0.379838 0.374557 0.377974 0.384002 0.379812 -9999.0 -9999.0 -9999.0 -9999.0
-9999.0 -9999.0 -9999.0 -9999.0 -9999.0 0.379697 0.375258 0.370103 0.379196 0.379842 0.379735 0.402955 0.388858 0.382249 -9999.0 -9999.0 -9999.0
-9999.0 -9999.0 -9999.0 -9999.0 -9999.0 -9999.0 0.371382 0.371359 0.371858 0.372557 0.374030 0.377170 0.374785 0.380088 0.378484 -9999.0 -9999.0
-9999.0 -9999.0 -9999.0 -9999.0 -9999.0 -9999.0 -9999.0 0.376555 0.378167 0.379838 0.374790 0.374527 0.371428 0.383923 -9999.0 -9999.0 -9999.0
-9999.0 -9999.0 -9999.0 -9999.0 -9999.0 -9999.0 -9999.0 -9999.0 0.387144 0.380785 0.377129 0.377180 0.371782 0.367158 0.388144 -9999.0 -9999.0
-9999.0 -9999.0 -9999.0 -9999.0 -9999.0 -9999.0 -9999.0 -9999.0 -9999.0 -9999.0 -9999.0 -9999.0 -9999.0 -9999.0 -9999.0 -9999.0 -9999.0