tests/3D/WG1_2.0_001/output-maps-SE27XX/thetaiceL0001N0056.asc
ncols         17
nrows         27
xllcorner     624603.750000
yllcorner     5171346.250000
cellsize      500.000000
NODATA_value  -9999.0
-9999.0 -9999.0 -9999.0 -9999.0 -9999.0 -9999.0 -9999.0 -9999.0 -9999.0 -9999.0 -9999.0 -9999.0 -9999.0 -9999.0 -9999.0 -9999.0 -9999.0
-9999.0 -9999.0 -9999.0 -9999.0 -9999.0 -9999.0 -9999.0 -9999.0 -9999.0 -9999.0 -9999.0 0.370668 0.279346 0.279999 -9999.0 -9999.0 -9999.0
-9999.0 -9999.0 -9999.0 -9999.0 -9999.0 -9999.0 -9999.0 -9999.0 -9999.0 0.368744 0.375841 0.372384 0.279321 0.279762 0.278995 -9999.0 -9999.0
-9999.0 -9999.0 -9999.0 -9999.0 -9999.0 -9999.0 -9999.0 -9999.0 0.155457 0.374526 0.129677 0.368567 0.373707 0.278441 0.279730 -9999.0 -9999.0
-9999.0 -9999.0 -9999.0 -9999.0 -9999.0 -9999.0 -9999.0 -9999.0 0.378165 0.372676 0.377171 0.363251 0.279574 0.279264 0.279680 -9999.0 -9999.0
-9999.0 -9999.0 -9999.0 -9999.0 -9999.0 -9999.0 -9999.0 0.379319 0.374479 0.179222 0.373045 0.364857 0.367139 0.279771 0.279479 -9999.0 -9999.0
-9999.0 -9999.0 -9999.0 -9999.0 -9999.0 -9999.0 0.378390 0.376485 0.107971 0.380170 0.380709 0.368963 0.364650 0.370376 0.369745 -9999.0 -9999.0
-9999.0 -9999.0 -9999.0 -9999.0 -9999.0 -9999.0 0.119869 0.379241 0.373699 0.376215 0.372234 0.380591 0.145164 0.375251 0.372351 -9999.0 -9999.0
-9999.0 -9999.0 -9999.0 -9999.0 -9999.0 -9999.0 0.374289 0.374340 0.376569 0.376979 0.379415 0.358916 0.367856 0.368261 0.370348 -9999.0 -9999.0
-9999.0 -9999.0 -9999.0 -9999.0 -9999.0 -9999.0 -9999.0 0.378790 0.376612 0.177775 0.375661 0.377864 0.372142 0.097674 0.375681 -9999.0 -9999.0
-9999.0 -9999.0 -9999.0 -9999.0 -9999.0 -9999.0 0.379733 0.111014 0.377287 0.379530 0.380149 0.380601 0.372913 0.372493 0.366032 0.371184 -9999.0
-9999.0 -9999.0 -9999.0 -9999.0 -9999.0 0.377995 0.362119 0.198371 0.378245 0.379963 0.373259 0.379956 0.376570 0.374120 0.369603 0.370729 -9999.0
-9999.0 -9999.0 -9999.0 0.095260 0.379357 0.076892 0.378120 0.378037 0.351952 0.367428 0.376894 0.374761 0.378779 0.373562 0.371947 0.370796 -9999.0
-9999.0 -9999.0 -9999.0 0.377680 0.071409 0.375488 0.355409 0.354590 0.368239 0.364876 0.365705 0.375412 0.068510 0.370499 0.279722 0.374476 -9999.0
-9999.0 -9999.0 0.376214 0.374349 0.375412 0.375427 0.374298 0.364757 0.365423 0.367296 0.372890 0.375811 0.117414 0.105479 0.379511 0.371168 -9999.0
-9999.0 0.335611 0.341496 0.376115 0.375557 0.365148 0.369375 0.363321 0.363348 0.369946 0.376308 0.372282 0.378960 0.372657 0.373434 -9999.0 -9999.0
-9999.0 0.312815 0.372594 0.269796 0.193310 0.346515 0.324394 0.329224 0.363181 0.362984 0.369917 0.375778 0.375979 0.377617 0.279631 0.279148 -9999.0
-9999.0 0.290274 0.357074 0.307503 0.319610 0.299567 0.268372 0.363857 0.363889 0.369728 0.335248 0.372354 0.373436 0.375813 0.374978 -9999.0 -9999.0
-9999.0 0.343102 0.363530 0.330147 0.358712 0.311964 0.364064 0.368410 0.369327 0.372426 0.373862 0.372024 0.376477 0.378699 -9999.0 -9999.0 -9999.0
-9999.0 -9999.0 0.321632 0.294532 0.355177 0.366098 0.369514 0.369456 0.369534 0.367639 0.372554 0.375416 0.375769 0.373262 -9999.0 -9999.0 -9999.0
-9999.0 -9999.0 0.295895 0.340756 0.366957 0.368621 0.373582 0.375274 0.373215 0.371315 0.376191 0.070642 0.373450 -9999.0 -9999.0 -9999.0 -9999.0
-9999.0 -9999.0 -9999.0 -9999.0 0.369938 0.374269 0.375219 0.360302 0.375505 0.374193 0.378419 0.374850 0.377218 -9999.0 -9999.0 -9999.0 -9999.0
-9999.0 -9999.0 -9999.0 -9999.0 -9999.0 0.374953 0.375977 0.376008 0.371090 0.374345 0.376435 0.072519 0.093193 0.377266 -9999.0 -9999.0 -9999.0
-9999.0 -9999.0 -9999.0 -9999.0 -9999.0 -9999.0 0.376032 0.376343 0.375874 0.375967 0.375124 0.375423 0.375750 0.376067 0.376984 -9999.0 -9999.0
-9999.0 -9999.0 -9999.0 -9999.0 -9999.0 -9999.0 -9999.0 0.376896 0.376083 0.375667 0.375815 0.376675 0.376508 0.346489 -9999.0 -9999.0 -9999.0
-9999.0 -9999.0 -9999.0 -9999.0 -9999.0 -9999.0 -9999.0 -9999.0 0.376512 0.375889 0.375846 0.375511 0.375355 0.373774 0.375656 -9999.0 -9999.0
-9999.0 -9999.0 -9999.0 -9999.0 -9999.0 -9999.0 -9999.0 -9999.0 -9999.0 -9999.0 -9999.0 -9999.0 -9999.0 -9999.0 -9999.0 -9999.0 -9999.0