tests/3D/WG1_2.0_001/output-maps-SE27XX/thetaliqL0001N0074.asc
ncols         17
nrows         27
xllcorner     624603.750000
yllcorner     5171346.250000
cellsize      500.000000
NODATA_value  -9999.0
-9999.0 -9999.0 -9999.0 -9999.0 -9999.0 -9999.0 -9999.0 -9999.0 -9999.0 -9999.0 -9999.0 -9999.0 -9999.0 -9999.0 -9999.0 -9999.0 -9999.0
-9999.0 -9999.0 -9999.0 -9999.0 -9999.0 -9999.0 -9999.0 -9999.0 -9999.0 -9999.0 -9999.0 0.132541 0.219632 0.219857 -9999.0 -9999.0 -9999.0
-9999.0 -9999.0 -9999.0 -9999.0 -9999.0 -9999.0 -9999.0 -9999.0 -9999.0 0.112157 0.126455 0.131217 0.219601 0.220027 0.219282 -9999.0 -9999.0
-9999.0 -9999.0 -9999.0 -9999.0 -9999.0 -9999.0 -9999.0 -9999.0 0.116665 0.130458 0.117799 0.133634 0.131295 0.219007 0.220008 -9999.0 -9999.0
-9999.0 -9999.0 -9999.0 -9999.0 -9999.0 -9999.0 -9999.0 -9999.0 0.123332 0.129995 0.125596 0.134455 0.219882 0.219540 0.219972 -9999.0 -9999.0
-9999.0 -9999.0 -9999.0 -9999.0 -9999.0 -9999.0 -9999.0 0.122052 0.129787 0.120349 0.136137 0.132372 0.133785 0.220030 0.219774 -9999.0 -9999.0
-9999.0 -9999.0 -9999.0 -9999.0 -9999.0 -9999.0 0.120993 0.128026 0.118607 0.124767 0.123135 0.131348 0.133780 0.131061 0.132208 -9999.0 -9999.0
-9999.0 -9999.0 -9999.0 -9999.0 -9999.0 -9999.0 0.114985 0.126857 0.129164 0.130007 0.117349 0.123669 0.116167 0.130001 0.130257 -9999.0 -9999.0
-9999.0 -9999.0 -9999.0 -9999.0 -9999.0 -9999.0 0.127408 0.127195 0.128727 0.119139 0.127591 0.122424 0.130222 0.132914 0.130770 -9999.0 -9999.0
-9999.0 -9999.0 -9999.0 -9999.0 -9999.0 -9999.0 -9999.0 0.123917 0.127410 0.122868 0.113563 0.123954 0.130913 0.114914 0.128093 -9999.0 -9999.0
-9999.0 -9999.0 -9999.0 -9999.0 -9999.0 -9999.0 0.122082 0.114348 0.125697 0.125310 0.120743 0.124984 0.128832 0.129855 0.131423 0.132507 -9999.0
-9999.0 -9999.0 -9999.0 -9999.0 -9999.0 0.121661 0.115515 0.118995 0.122506 0.122579 0.117735 0.127168 0.125735 0.125434 0.131719 0.132751 -9999.0
-9999.0 -9999.0 -9999.0 0.113954 0.122153 0.114218 0.118774 0.122914 0.119113 0.127569 0.127429 0.120771 0.126147 0.131412 0.128990 0.128951 -9999.0
-9999.0 -9999.0 -9999.0 0.122222 0.114423 0.125149 0.115837 0.119361 0.114487 0.114923 0.115369 0.126156 0.117339 0.127705 0.219980 0.130027 -9999.0
-9999.0 -9999.0 0.121305 0.122603 0.119503 0.124407 0.125563 0.119774 0.124507 0.125344 0.130770 0.126971 0.125585 0.120848 0.124336 0.130985 -9999.0
-9999.0 0.115662 0.115137 0.125401 0.124452 0.115946 0.127341 0.126437 0.126385 0.115390 0.124776 0.128577 0.123004 0.129649 0.130453 -9999.0 -9999.0
-9999.0 0.114526 0.119892 0.115121 0.115837 0.115585 0.118960 0.119725 0.129324 0.116032 0.115924 0.125520 0.126211 0.124176 0.219928 0.219418 -9999.0
-9999.0 0.118259 0.115407 0.116944 0.119620 0.119170 0.120259 0.116024 0.127401 0.116696 0.115789 0.115839 0.127849 0.127380 0.129319 -9999.0 -9999.0
-9999.0 0.115349 0.128193 0.119090 0.116380 0.119527 0.128848 0.128830 0.128876 0.125844 0.126186 0.126402 0.124147 0.120082 -9999.0 -9999.0 -9999.0
-9999.0 -9999.0 0.120069 0.118611 0.125400 0.126512 0.122584 0.123715 0.132052 0.120421 0.124238 0.126791 0.125481 0.127631 -9999.0 -9999.0 -9999.0
-9999.0 -9999.0 0.116551 0.117468 0.123426 0.124688 0.121562 0.124681 0.125394 0.120420 0.123662 0.114978 0.127482 -9999.0 -9999.0 -9999.0 -9999.0
-9999.0 -9999.0 -9999.0 -9999.0 0.124957 0.125018 0.126890 0.116443 0.126506 0.126168 0.120791 0.122667 0.125135 -9999.0 -9999.0 -9999.0 -9999.0
-9999.0 -9999.0 -9999.0 -9999.0 -9999.0 0.125278 0.124751 0.125360 0.118476 0.125717 0.126280 0.117179 0.116280 0.123565 -9999.0 -9999.0 -9999.0
-9999.0 -9999.0 -9999.0 -9999.0 -9999.0 -9999.0 0.125395 0.125093 0.126903 0.126254 0.127233 0.126878 0.127031 0.126043 0.126613 -9999.0 -9999.0
-9999.0 -9999.0 -9999.0 -9999.0 -9999.0 -9999.0 -9999.0 0.123887 0.125997 0.125857 0.126438 0.125541 0.127166 0.117164 -9999.0 -9999.0 -9999.0
-9999.0 -9999.0 -9999.0 -9999.0 -9999.0 -9999.0 -9999.0 -9999.0 0.123038 0.125311 0.126148 0.125876 0.126606 0.127577 0.120907 -9999.0 -9999.0
-9999.0 -9999.0 -9999.0 -9999.0 -9999.0 -9999.0 -9999.0 -9999.0 -9999.0 -9999.0 -9999.0 -9999.0 -9999.0 -9999.0 -9999.0 -9999.0 -9999.0