tests/3D/WG1_2.0_001/output-maps-SE27XX/thetaliqL0005N0051.asc
ncols         17
nrows         27
xllcorner     624603.750000
yllcorner     5171346.250000
cellsize      500.000000
NODATA_value  -9999.0
-9999.0 -9999.0 -9999.0 -9999.0 -9999.0 -9999.0 -9999.0 -9999.0 -9999.0 -9999.0 -9999.0 -9999.0 -9999.0 -9999.0 -9999.0 -9999.0 -9999.0
-9999.0 -9999.0 -9999.0 -9999.0 -9999.0 -9999.0 -9999.0 -9999.0 -9999.0 -9999.0 -9999.0 0.367400 0.398641 0.385718 -9999.0 -9999.0 -9999.0
-9999.0 -9999.0 -9999.0 -9999.0 -9999.0 -9999.0 -9999.0 -9999.0 -9999.0 0.395272 0.386203 0.373286 0.399218 0.390335 0.406358 -9999.0 -9999.0
-9999.0 -9999.0 -9999.0 -9999.0 -9999.0 -9999.0 -9999.0 -9999.0 0.390373 0.375379 0.400202 0.373312 0.380298 0.424990 0.390636 -9999.0 -9999.0
-9999.0 -9999.0 -9999.0 -9999.0 -9999.0 -9999.0 -9999.0 -9999.0 0.383684 0.374653 0.403512 0.376444 0.395600 0.400534 0.391914 -9999.0 -9999.0
-9999.0 -9999.0 -9999.0 -9999.0 -9999.0 -9999.0 -9999.0 0.381770 0.377258 0.399152 0.386534 0.375601 0.373881 0.390168 0.395934 -9999.0 -9999.0
-9999.0 -9999.0 -9999.0 -9999.0 -9999.0 -9999.0 0.387381 0.370586 0.396122 0.383374 0.407287 0.383235 0.371059 0.372038 0.370475 -9999.0 -9999.0
-9999.0 -9999.0 -9999.0 -9999.0 -9999.0 -9999.0 0.384646 0.376730 0.379888 0.380490 0.388020 0.406058 0.397143 0.382224 0.399127 -9999.0 -9999.0
-9999.0 -9999.0 -9999.0 -9999.0 -9999.0 -9999.0 0.372793 0.378054 0.375443 0.400678 0.373120 0.380606 0.379565 0.374022 0.390752 -9999.0 -9999.0
-9999.0 -9999.0 -9999.0 -9999.0 -9999.0 -9999.0 -9999.0 0.370947 0.379498 0.395364 0.387099 0.384058 0.376327 0.417472 0.384986 -9999.0 -9999.0
-9999.0 -9999.0 -9999.0 -9999.0 -9999.0 -9999.0 0.373778 0.387142 0.376690 0.375653 0.380666 0.381317 0.385988 0.383295 0.371892 0.374255 -9999.0
-9999.0 -9999.0 -9999.0 -9999.0 -9999.0 0.376159 0.382217 0.382613 0.373216 0.380721 0.378347 0.379183 0.393453 0.384206 0.376152 0.367944 -9999.0
-9999.0 -9999.0 -9999.0 0.381198 0.391577 0.387818 0.382567 0.372437 0.378965 0.381013 0.375298 0.384264 0.393216 0.366035 0.372043 0.380196 -9999.0
-9999.0 -9999.0 -9999.0 0.375159 0.387372 0.372279 0.382075 0.378088 0.380269 0.389234 0.385531 0.378865 0.404271 0.383477 0.389893 0.375503 -9999.0
-9999.0 -9999.0 0.374138 0.376615 0.377383 0.386712 0.373601 0.378268 0.384378 0.380546 0.381554 0.382302 0.391239 0.391027 0.402029 0.371329 -9999.0
-9999.0 0.375408 0.378162 0.370819 0.381025 0.380364 0.374466 0.379684 0.383714 0.393944 0.385614 0.370119 0.405506 0.369145 0.363442 -9999.0 -9999.0
-9999.0 0.377860 0.372908 0.383804 0.387777 0.384247 0.389691 0.393611 0.381587 0.388374 0.395119 0.383521 0.382236 0.384776 0.392471 0.402876 -9999.0
-9999.0 0.378849 0.385793 0.385296 0.388566 0.382748 0.388824 0.386240 0.388512 0.390695 0.383586 0.378547 0.368880 0.371673 0.362090 -9999.0 -9999.0
-9999.0 0.384939 0.376453 0.386686 0.385686 0.385813 0.387547 0.391827 0.389554 0.381666 0.374737 0.380993 0.382743 0.380574 -9999.0 -9999.0 -9999.0
-9999.0 -9999.0 0.388430 0.387727 0.391445 0.392601 0.393120 0.389452 0.378848 0.384268 0.373811 0.375802 0.374709 0.373607 -9999.0 -9999.0 -9999.0
-9999.0 -9999.0 0.388981 0.383233 0.394861 0.384308 0.392600 0.385045 0.380000 0.379126 0.382009 0.387826 0.365859 -9999.0 -9999.0 -9999.0 -9999.0
-9999.0 -9999.0 -9999.0 -9999.0 0.380712 0.376066 0.366814 0.379441 0.377870 0.371836 0.375875 0.381161 0.377283 -9999.0 -9999.0 -9999.0 -9999.0
-9999.0 -9999.0 -9999.0 -9999.0 -9999.0 0.376111 0.371511 0.366047 0.376355 0.376497 0.377948 0.399882 0.386557 0.379306 -9999.0 -9999.0 -9999.0
-9999.0 -9999.0 -9999.0 -9999.0 -9999.0 -9999.0 0.367210 0.367135 0.369245 0.369211 0.370982 0.374050 0.372167 0.377799 0.375348 -9999.0 -9999.0
-9999.0 -9999.0 -9999.0 -9999.0 -9999.0 -9999.0 -9999.0 0.371732 0.375474 0.377582 0.371434 0.371797 0.368268 0.380597 -9999.0 -9999.0 -9999.0
-9999.0 -9999.0 -9999.0 -9999.0 -9999.0 -9999.0 -9999.0 -9999.0 0.384156 0.377527 0.373555 0.373868 0.368198 0.363765 0.383378 -9999.0 -9999.0
-9999.0 -9999.0 -9999.0 -9999.0 -9999.0 -9999.0 -9999.0 -9999.0 -9999.0 -9999.0 -9999.0 -9999.0 -9999.0 -9999.0 -9999.0 -9999.0 -9999.0