tests/3D/WG1_2.0_001/output-maps-SE27XX/thetaiceL0001N0012.asc
ncols         17
nrows         27
xllcorner     624603.750000
yllcorner     5171346.250000
cellsize      500.000000
NODATA_value  -9999.0
-9999.0 -9999.0 -9999.0 -9999.0 -9999.0 -9999.0 -9999.0 -9999.0 -9999.0 -9999.0 -9999.0 -9999.0 -9999.0 -9999.0 -9999.0 -9999.0 -9999.0
-9999.0 -9999.0 -9999.0 -9999.0 -9999.0 -9999.0 -9999.0 -9999.0 -9999.0 -9999.0 -9999.0 0.353065 0.278850 0.278862 -9999.0 -9999.0 -9999.0
-9999.0 -9999.0 -9999.0 -9999.0 -9999.0 -9999.0 -9999.0 -9999.0 -9999.0 0.367100 0.364098 0.361653 0.278860 0.278880 0.278733 -9999.0 -9999.0
-9999.0 -9999.0 -9999.0 -9999.0 -9999.0 -9999.0 -9999.0 -9999.0 0.364754 0.362656 0.364065 0.361935 0.362271 0.278397 0.278880 -9999.0 -9999.0
-9999.0 -9999.0 -9999.0 -9999.0 -9999.0 -9999.0 -9999.0 -9999.0 0.363693 0.362199 0.364822 0.361670 0.278873 0.278857 0.278887 -9999.0 -9999.0
-9999.0 -9999.0 -9999.0 -9999.0 -9999.0 -9999.0 -9999.0 0.363572 0.362362 0.363379 0.360928 0.361499 0.361958 0.278880 0.278860 -9999.0 -9999.0
-9999.0 -9999.0 -9999.0 -9999.0 -9999.0 -9999.0 0.365094 0.362426 0.364006 0.363000 0.364606 0.362396 0.361953 0.362227 0.354012 -9999.0 -9999.0
-9999.0 -9999.0 -9999.0 -9999.0 -9999.0 -9999.0 0.363871 0.363254 0.361891 0.362345 0.363702 0.364187 0.364226 0.362992 0.362621 -9999.0 -9999.0
-9999.0 -9999.0 -9999.0 -9999.0 -9999.0 -9999.0 0.362957 0.363168 0.362287 0.363658 0.362224 0.362175 0.361738 0.362175 0.363907 -9999.0 -9999.0
-9999.0 -9999.0 -9999.0 -9999.0 -9999.0 -9999.0 -9999.0 0.362837 0.362796 0.362814 0.362080 0.362128 0.361313 0.367434 0.363494 -9999.0 -9999.0
-9999.0 -9999.0 -9999.0 -9999.0 -9999.0 -9999.0 0.363256 0.364221 0.362235 0.362182 0.361720 0.361316 0.361845 0.362461 0.362323 0.362461 -9999.0
-9999.0 -9999.0 -9999.0 -9999.0 -9999.0 0.363809 0.363455 0.363342 0.362073 0.362034 0.361446 0.361202 0.363196 0.362456 0.362414 0.361759 -9999.0
-9999.0 -9999.0 -9999.0 0.364976 0.364829 0.364740 0.363444 0.362089 0.361852 0.361130 0.360935 0.360601 0.361799 0.362643 0.362074 0.362800 -9999.0
-9999.0 -9999.0 -9999.0 0.363536 0.364949 0.362077 0.362964 0.361741 0.361294 0.361619 0.362099 0.362021 0.364176 0.362540 0.278920 0.362708 -9999.0
-9999.0 -9999.0 0.363596 0.362789 0.362527 0.363233 0.361563 0.361049 0.361479 0.360344 0.361140 0.361167 0.362172 0.362657 0.366184 0.362923 -9999.0
-9999.0 0.363963 0.363608 0.362304 0.362535 0.361639 0.360806 0.361229 0.360949 0.365523 0.361755 0.361007 0.364856 0.361743 0.362234 -9999.0 -9999.0
-9999.0 0.363358 0.362439 0.363072 0.364148 0.361240 0.366088 0.365734 0.360285 0.354643 0.365311 0.362452 0.363141 0.364278 0.278878 0.278843 -9999.0
-9999.0 0.362362 0.362579 0.365620 0.365629 0.364119 0.363947 0.361268 0.350524 0.354027 0.363065 0.362505 0.362585 0.362796 0.362484 -9999.0 -9999.0
-9999.0 0.361767 0.357585 0.363961 0.364667 0.347418 0.363259 0.347484 0.357472 0.361126 0.360994 0.361797 0.363403 0.363517 -9999.0 -9999.0 -9999.0
-9999.0 -9999.0 0.359305 0.360094 0.358079 0.345538 0.352965 0.354864 0.361062 0.362173 0.361344 0.361985 0.362065 0.362146 -9999.0 -9999.0 -9999.0
-9999.0 -9999.0 0.362002 0.348371 0.365408 0.360283 0.355089 0.361503 0.361550 0.361640 0.361695 0.363470 0.361770 -9999.0 -9999.0 -9999.0 -9999.0
-9999.0 -9999.0 -9999.0 -9999.0 0.360699 0.360991 0.361308 0.364330 0.361414 0.361017 0.361585 0.362572 0.363120 -9999.0 -9999.0 -9999.0 -9999.0
-9999.0 -9999.0 -9999.0 -9999.0 -9999.0 0.361672 0.362197 0.362289 0.362540 0.361957 0.362065 0.365302 0.363119 0.363108 -9999.0 -9999.0 -9999.0
-9999.0 -9999.0 -9999.0 -9999.0 -9999.0 -9999.0 0.362372 0.362518 0.361825 0.362075 0.361849 0.362189 0.362167 0.363141 0.363162 -9999.0 -9999.0
-9999.0 -9999.0 -9999.0 -9999.0 -9999.0 -9999.0 -9999.0 0.363759 0.362561 0.362888 0.361795 0.362200 0.362600 0.363752 -9999.0 -9999.0 -9999.0
-9999.0 -9999.0 -9999.0 -9999.0 -9999.0 -9999.0 -9999.0 -9999.0 0.364759 0.362944 0.362355 0.362313 0.362206 0.362296 0.363902 -9999.0 -9999.0
-9999.0 -9999.0 -9999.0 -9999.0 -9999.0 -9999.0 -9999.0 -9999.0 -9999.0 -9999.0 -9999.0 -9999.0 -9999.0 -9999.0 -9999.0 -9999.0 -9999.0