tests/3D/WG1_2.0_001/output-maps-SE27XX/thetaliqL0005N0088.asc
ncols         17
nrows         27
xllcorner     624603.750000
yllcorner     5171346.250000
cellsize      500.000000
NODATA_value  -9999.0
-9999.0 -9999.0 -9999.0 -9999.0 -9999.0 -9999.0 -9999.0 -9999.0 -9999.0 -9999.0 -9999.0 -9999.0 -9999.0 -9999.0 -9999.0 -9999.0 -9999.0
-9999.0 -9999.0 -9999.0 -9999.0 -9999.0 -9999.0 -9999.0 -9999.0 -9999.0 -9999.0 -9999.0 0.351558 0.395018 0.380874 -9999.0 -9999.0 -9999.0
-9999.0 -9999.0 -9999.0 -9999.0 -9999.0 -9999.0 -9999.0 -9999.0 -9999.0 0.373618 0.364939 0.357452 0.395852 0.386237 0.402168 -9999.0 -9999.0
-9999.0 -9999.0 -9999.0 -9999.0 -9999.0 -9999.0 -9999.0 -9999.0 0.357688 0.356876 0.367867 0.360315 0.360936 0.422374 0.386104 -9999.0 -9999.0
-9999.0 -9999.0 -9999.0 -9999.0 -9999.0 -9999.0 -9999.0 -9999.0 0.358184 0.357491 0.380636 0.365198 0.393638 0.397326 0.388176 -9999.0 -9999.0
-9999.0 -9999.0 -9999.0 -9999.0 -9999.0 -9999.0 -9999.0 0.351805 0.360405 0.372378 0.369307 0.362408 0.360294 0.386109 0.392602 -9999.0 -9999.0
-9999.0 -9999.0 -9999.0 -9999.0 -9999.0 -9999.0 0.361069 0.350182 0.366919 0.360408 0.387644 0.367722 0.357800 0.355564 0.354903 -9999.0 -9999.0
-9999.0 -9999.0 -9999.0 -9999.0 -9999.0 -9999.0 0.351391 0.352364 0.361512 0.361777 0.366177 0.385160 0.364037 0.361286 0.377637 -9999.0 -9999.0
-9999.0 -9999.0 -9999.0 -9999.0 -9999.0 -9999.0 0.352255 0.356585 0.355866 0.371058 0.354934 0.357542 0.363082 0.359053 0.371285 -9999.0 -9999.0
-9999.0 -9999.0 -9999.0 -9999.0 -9999.0 -9999.0 -9999.0 0.344629 0.357308 0.370448 0.366464 0.360858 0.361067 0.381209 0.362488 -9999.0 -9999.0
-9999.0 -9999.0 -9999.0 -9999.0 -9999.0 -9999.0 0.345666 0.352377 0.352997 0.352817 0.355696 0.358436 0.367993 0.365171 0.356461 0.357437 -9999.0
-9999.0 -9999.0 -9999.0 -9999.0 -9999.0 0.348271 0.349512 0.351382 0.348197 0.355334 0.352000 0.358822 0.370436 0.360945 0.359243 0.352417 -9999.0
-9999.0 -9999.0 -9999.0 0.351087 0.375711 0.354280 0.350765 0.347711 0.351541 0.360367 0.357075 0.359863 0.370115 0.348953 0.352898 0.361713 -9999.0
-9999.0 -9999.0 -9999.0 0.347160 0.353463 0.348420 0.354828 0.352729 0.350709 0.359665 0.357062 0.361337 0.383503 0.365283 0.385780 0.355841 -9999.0
-9999.0 -9999.0 0.345523 0.351519 0.346154 0.361606 0.351659 0.352596 0.363367 0.361110 0.366246 0.362379 0.369962 0.363119 0.380162 0.351814 -9999.0
-9999.0 0.344097 0.349569 0.346563 0.357270 0.351720 0.353833 0.359459 0.365548 0.366530 0.365001 0.353267 0.382765 0.350349 0.342423 -9999.0 -9999.0
-9999.0 0.343299 0.345161 0.350188 0.354748 0.351542 0.360967 0.365271 0.366322 0.358704 0.370196 0.360576 0.360647 0.358388 0.388506 0.398992 -9999.0
-9999.0 0.347294 0.354454 0.355313 0.361263 0.359127 0.364732 0.357881 0.369955 0.362624 0.352405 0.350616 0.346899 0.350486 0.340118 -9999.0 -9999.0
-9999.0 0.350746 0.355096 0.359999 0.354080 0.361368 0.370729 0.373360 0.372602 0.362769 0.354232 0.358534 0.356844 0.348067 -9999.0 -9999.0 -9999.0
-9999.0 -9999.0 0.360988 0.357104 0.371492 0.372050 0.373010 0.369624 0.361716 0.358781 0.349758 0.352745 0.351123 0.352376 -9999.0 -9999.0 -9999.0
-9999.0 -9999.0 0.355658 0.352868 0.371722 0.364315 0.367220 0.360761 0.358551 0.354702 0.357091 0.353938 0.344155 -9999.0 -9999.0 -9999.0 -9999.0
-9999.0 -9999.0 -9999.0 -9999.0 0.359615 0.352701 0.344621 0.348908 0.355782 0.352034 0.350131 0.355250 0.351212 -9999.0 -9999.0 -9999.0 -9999.0
-9999.0 -9999.0 -9999.0 -9999.0 -9999.0 0.353618 0.349522 0.345579 0.349384 0.361620 0.355697 0.368887 0.353641 0.351650 -9999.0 -9999.0 -9999.0
-9999.0 -9999.0 -9999.0 -9999.0 -9999.0 -9999.0 0.348389 0.347724 0.345298 0.348421 0.350988 0.353041 0.349284 0.353057 0.350787 -9999.0 -9999.0
-9999.0 -9999.0 -9999.0 -9999.0 -9999.0 -9999.0 -9999.0 0.357904 0.349884 0.353034 0.351301 0.348858 0.345001 0.348507 -9999.0 -9999.0 -9999.0
-9999.0 -9999.0 -9999.0 -9999.0 -9999.0 -9999.0 -9999.0 -9999.0 0.359969 0.353741 0.354952 0.354587 0.348178 0.343611 0.370008 -9999.0 -9999.0
-9999.0 -9999.0 -9999.0 -9999.0 -9999.0 -9999.0 -9999.0 -9999.0 -9999.0 -9999.0 -9999.0 -9999.0 -9999.0 -9999.0 -9999.0 -9999.0 -9999.0