tests/3D/WG1_2.0_001/output-maps-SE27XX/thetaliqL0004N0019.asc
ncols         17
nrows         27
xllcorner     624603.750000
yllcorner     5171346.250000
cellsize      500.000000
NODATA_value  -9999.0
-9999.0 -9999.0 -9999.0 -9999.0 -9999.0 -9999.0 -9999.0 -9999.0 -9999.0 -9999.0 -9999.0 -9999.0 -9999.0 -9999.0 -9999.0 -9999.0 -9999.0
-9999.0 -9999.0 -9999.0 -9999.0 -9999.0 -9999.0 -9999.0 -9999.0 -9999.0 -9999.0 -9999.0 0.310517 0.337831 0.325095 -9999.0 -9999.0 -9999.0
-9999.0 -9999.0 -9999.0 -9999.0 -9999.0 -9999.0 -9999.0 -9999.0 -9999.0 0.319057 0.317058 0.308021 0.338377 0.329213 0.346915 -9999.0 -9999.0
-9999.0 -9999.0 -9999.0 -9999.0 -9999.0 -9999.0 -9999.0 -9999.0 0.315739 0.312358 0.321279 0.313285 0.316082 0.369554 0.329873 -9999.0 -9999.0
-9999.0 -9999.0 -9999.0 -9999.0 -9999.0 -9999.0 -9999.0 -9999.0 0.312858 0.310749 0.339829 0.312011 0.332575 0.339701 0.330771 -9999.0 -9999.0
-9999.0 -9999.0 -9999.0 -9999.0 -9999.0 -9999.0 -9999.0 0.310468 0.312704 0.322216 0.314643 0.312029 0.316086 0.329033 0.334868 -9999.0 -9999.0
-9999.0 -9999.0 -9999.0 -9999.0 -9999.0 -9999.0 0.314580 0.305866 0.318336 0.309721 0.345538 0.320374 0.313012 0.311577 0.311960 -9999.0 -9999.0
-9999.0 -9999.0 -9999.0 -9999.0 -9999.0 -9999.0 0.311118 0.311114 0.316265 0.308700 0.315151 0.345354 0.321140 0.315490 0.336391 -9999.0 -9999.0
-9999.0 -9999.0 -9999.0 -9999.0 -9999.0 -9999.0 0.306964 0.314911 0.312577 0.330007 0.301393 0.307546 0.312928 0.316322 0.327761 -9999.0 -9999.0
-9999.0 -9999.0 -9999.0 -9999.0 -9999.0 -9999.0 -9999.0 0.304114 0.316182 0.320644 0.315428 0.314123 0.316663 0.347652 0.315746 -9999.0 -9999.0
-9999.0 -9999.0 -9999.0 -9999.0 -9999.0 -9999.0 0.304516 0.311710 0.310025 0.306670 0.310685 0.312491 0.324578 0.316534 0.311758 0.316338 -9999.0
-9999.0 -9999.0 -9999.0 -9999.0 -9999.0 0.304822 0.309401 0.309328 0.302732 0.312845 0.309250 0.311273 0.331829 0.313263 0.313481 0.310667 -9999.0
-9999.0 -9999.0 -9999.0 0.303435 0.331852 0.311199 0.309677 0.302393 0.307072 0.307683 0.306476 0.316648 0.332183 0.298369 0.308998 0.315469 -9999.0
-9999.0 -9999.0 -9999.0 0.301504 0.312864 0.303091 0.316816 0.305974 0.312453 0.322614 0.314431 0.303247 0.327268 0.318868 0.328472 0.311110 -9999.0
-9999.0 -9999.0 0.301985 0.304979 0.304602 0.321767 0.305003 0.308430 0.313464 0.309283 0.307784 0.311883 0.313865 0.315496 0.336160 0.309995 -9999.0
-9999.0 0.306431 0.308474 0.301704 0.315002 0.314575 0.304832 0.308088 0.312452 0.327631 0.319674 0.303590 0.342831 0.307495 0.303740 -9999.0 -9999.0
-9999.0 0.308766 0.304621 0.313939 0.317576 0.316228 0.319983 0.323205 0.308476 0.318171 0.332570 0.323834 0.320817 0.319086 0.331260 0.342595 -9999.0
-9999.0 0.308873 0.323512 0.314945 0.318419 0.311474 0.317178 0.320243 0.315729 0.324807 0.316267 0.311235 0.308551 0.311192 0.298266 -9999.0 -9999.0
-9999.0 0.315686 0.303607 0.315589 0.314700 0.313130 0.314119 0.320428 0.318710 0.315412 0.310835 0.310588 0.316119 0.308844 -9999.0 -9999.0 -9999.0
-9999.0 -9999.0 0.319034 0.316564 0.318172 0.322507 0.325750 0.320634 0.307907 0.319962 0.303056 0.315450 0.306736 0.309754 -9999.0 -9999.0 -9999.0
-9999.0 -9999.0 0.316252 0.314990 0.325366 0.318023 0.326333 0.321589 0.313766 0.308772 0.315650 0.312458 0.305800 -9999.0 -9999.0 -9999.0 -9999.0
-9999.0 -9999.0 -9999.0 -9999.0 0.312986 0.313096 0.302161 0.313478 0.309029 0.303270 0.305912 0.311253 0.311792 -9999.0 -9999.0 -9999.0 -9999.0
-9999.0 -9999.0 -9999.0 -9999.0 -9999.0 0.313277 0.311788 0.303196 0.304546 0.310948 0.306374 0.325512 0.310021 0.307487 -9999.0 -9999.0 -9999.0
-9999.0 -9999.0 -9999.0 -9999.0 -9999.0 -9999.0 0.308568 0.307204 0.305068 0.301123 0.302503 0.305385 0.306109 0.310187 0.309164 -9999.0 -9999.0
-9999.0 -9999.0 -9999.0 -9999.0 -9999.0 -9999.0 -9999.0 0.312276 0.310087 0.310192 0.310413 0.301646 0.298003 0.307768 -9999.0 -9999.0 -9999.0
-9999.0 -9999.0 -9999.0 -9999.0 -9999.0 -9999.0 -9999.0 -9999.0 0.312690 0.311411 0.311396 0.310789 0.306918 0.300569 0.319657 -9999.0 -9999.0
-9999.0 -9999.0 -9999.0 -9999.0 -9999.0 -9999.0 -9999.0 -9999.0 -9999.0 -9999.0 -9999.0 -9999.0 -9999.0 -9999.0 -9999.0 -9999.0 -9999.0