tests/3D/WG1_2.0_001/output-maps-SE27XX/thetaliqL0004N0038.asc
ncols         17
nrows         27
xllcorner     624603.750000
yllcorner     5171346.250000
cellsize      500.000000
NODATA_value  -9999.0
-9999.0 -9999.0 -9999.0 -9999.0 -9999.0 -9999.0 -9999.0 -9999.0 -9999.0 -9999.0 -9999.0 -9999.0 -9999.0 -9999.0 -9999.0 -9999.0 -9999.0
-9999.0 -9999.0 -9999.0 -9999.0 -9999.0 -9999.0 -9999.0 -9999.0 -9999.0 -9999.0 -9999.0 0.274568 0.335320 0.322415 -9999.0 -9999.0 -9999.0
-9999.0 -9999.0 -9999.0 -9999.0 -9999.0 -9999.0 -9999.0 -9999.0 -9999.0 0.334115 0.318217 0.294498 0.335881 0.326630 0.344371 -9999.0 -9999.0
-9999.0 -9999.0 -9999.0 -9999.0 -9999.0 -9999.0 -9999.0 -9999.0 0.332705 0.289458 0.349967 0.282184 0.301021 0.364579 0.327254 -9999.0 -9999.0
-9999.0 -9999.0 -9999.0 -9999.0 -9999.0 -9999.0 -9999.0 -9999.0 0.316845 0.297315 0.339049 0.297255 0.330270 0.337225 0.328208 -9999.0 -9999.0
-9999.0 -9999.0 -9999.0 -9999.0 -9999.0 -9999.0 -9999.0 0.319145 0.296718 0.343239 0.319511 0.297038 0.285591 0.326450 0.332346 -9999.0 -9999.0
-9999.0 -9999.0 -9999.0 -9999.0 -9999.0 -9999.0 0.317065 0.289233 0.343245 0.303517 0.346649 0.302114 0.282236 0.294235 0.287258 -9999.0 -9999.0
-9999.0 -9999.0 -9999.0 -9999.0 -9999.0 -9999.0 0.322275 0.299189 0.297030 0.300692 0.310422 0.345237 0.344057 0.316687 0.333872 -9999.0 -9999.0
-9999.0 -9999.0 -9999.0 -9999.0 -9999.0 -9999.0 0.290319 0.299029 0.293972 0.336755 0.287820 0.307273 0.308703 0.286908 0.320210 -9999.0 -9999.0
-9999.0 -9999.0 -9999.0 -9999.0 -9999.0 -9999.0 -9999.0 0.302128 0.296932 0.338080 0.305762 0.300352 0.287052 0.362658 0.320885 -9999.0 -9999.0
-9999.0 -9999.0 -9999.0 -9999.0 -9999.0 -9999.0 0.305920 0.326349 0.309169 0.296884 0.298239 0.295612 0.303851 0.316348 0.293430 0.288327 -9999.0
-9999.0 -9999.0 -9999.0 -9999.0 -9999.0 0.305070 0.316366 0.321663 0.300580 0.303451 0.299581 0.294860 0.314351 0.323568 0.294702 0.276572 -9999.0
-9999.0 -9999.0 -9999.0 0.316934 0.325388 0.325957 0.317446 0.298568 0.307695 0.310604 0.294389 0.298607 0.312435 0.275474 0.297166 0.308319 -9999.0
-9999.0 -9999.0 -9999.0 0.306758 0.325470 0.303883 0.304991 0.306384 0.305782 0.316979 0.310553 0.302250 0.348291 0.310140 0.327061 0.305910 -9999.0
-9999.0 -9999.0 0.306669 0.308023 0.313637 0.307258 0.299158 0.306434 0.312327 0.305458 0.307061 0.302207 0.335507 0.335278 0.343164 0.289547 -9999.0
-9999.0 0.303001 0.304153 0.286651 0.303041 0.304889 0.303379 0.308429 0.310239 0.323820 0.307061 0.286949 0.343561 0.282379 0.277940 -9999.0 -9999.0
-9999.0 0.306605 0.295662 0.313637 0.318281 0.313190 0.318512 0.323812 0.309038 0.316403 0.321239 0.308036 0.305618 0.308298 0.328997 0.340097 -9999.0
-9999.0 0.309596 0.313881 0.312336 0.316067 0.310202 0.317236 0.310877 0.316478 0.320828 0.314047 0.302594 0.284128 0.288177 0.277248 -9999.0 -9999.0
-9999.0 0.311286 0.305884 0.314700 0.311725 0.313095 0.314964 0.321430 0.318651 0.304849 0.291009 0.314929 0.308852 0.316953 -9999.0 -9999.0 -9999.0
-9999.0 -9999.0 0.319450 0.314914 0.320559 0.322736 0.323717 0.319039 0.306677 0.308183 0.302054 0.295258 0.306224 0.291025 -9999.0 -9999.0 -9999.0
-9999.0 -9999.0 0.316429 0.312296 0.325196 0.312919 0.317427 0.302620 0.299178 0.303898 0.296399 0.329246 0.279466 -9999.0 -9999.0 -9999.0 -9999.0
-9999.0 -9999.0 -9999.0 -9999.0 0.308532 0.290684 0.280594 0.307048 0.293935 0.288741 0.294045 0.314620 0.302143 -9999.0 -9999.0 -9999.0 -9999.0
-9999.0 -9999.0 -9999.0 -9999.0 -9999.0 0.297801 0.289628 0.278929 0.299311 0.288060 0.291023 0.337114 0.325561 0.313391 -9999.0 -9999.0 -9999.0
-9999.0 -9999.0 -9999.0 -9999.0 -9999.0 -9999.0 0.277791 0.279472 0.281300 0.283149 0.284941 0.290970 0.292386 0.293467 0.297000 -9999.0 -9999.0
-9999.0 -9999.0 -9999.0 -9999.0 -9999.0 -9999.0 -9999.0 0.283513 0.291041 0.294789 0.284768 0.286525 0.282830 0.315906 -9999.0 -9999.0 -9999.0
-9999.0 -9999.0 -9999.0 -9999.0 -9999.0 -9999.0 -9999.0 -9999.0 0.316996 0.300869 0.287688 0.288692 0.280032 0.273380 0.303748 -9999.0 -9999.0
-9999.0 -9999.0 -9999.0 -9999.0 -9999.0 -9999.0 -9999.0 -9999.0 -9999.0 -9999.0 -9999.0 -9999.0 -9999.0 -9999.0 -9999.0 -9999.0 -9999.0