tests/3D/WG1_2.0_001/output-maps-SE27XX/thetaiceL0003N0088.asc
ncols         17
nrows         27
xllcorner     624603.750000
yllcorner     5171346.250000
cellsize      500.000000
NODATA_value  -9999.0
-9999.0 -9999.0 -9999.0 -9999.0 -9999.0 -9999.0 -9999.0 -9999.0 -9999.0 -9999.0 -9999.0 -9999.0 -9999.0 -9999.0 -9999.0 -9999.0 -9999.0
-9999.0 -9999.0 -9999.0 -9999.0 -9999.0 -9999.0 -9999.0 -9999.0 -9999.0 -9999.0 -9999.0 0.332050 0.000310 0.000000 -9999.0 -9999.0 -9999.0
-9999.0 -9999.0 -9999.0 -9999.0 -9999.0 -9999.0 -9999.0 -9999.0 -9999.0 0.368569 0.346581 0.332230 0.000336 0.000053 0.000641 -9999.0 -9999.0
-9999.0 -9999.0 -9999.0 -9999.0 -9999.0 -9999.0 -9999.0 -9999.0 0.330126 0.337299 0.338134 0.335309 0.330235 0.001308 0.000066 -9999.0 -9999.0
-9999.0 -9999.0 -9999.0 -9999.0 -9999.0 -9999.0 -9999.0 -9999.0 0.329914 0.329895 0.349581 0.332351 0.000147 0.000388 0.000090 -9999.0 -9999.0
-9999.0 -9999.0 -9999.0 -9999.0 -9999.0 -9999.0 -9999.0 0.327398 0.337375 0.345466 0.336926 0.331145 0.337221 0.000049 0.000208 -9999.0 -9999.0
-9999.0 -9999.0 -9999.0 -9999.0 -9999.0 -9999.0 0.355671 0.334640 0.327185 0.338361 0.354293 0.338068 0.337730 0.333016 0.334133 -9999.0 -9999.0
-9999.0 -9999.0 -9999.0 -9999.0 -9999.0 -9999.0 0.337100 0.338619 0.334743 0.331967 0.343880 0.350411 0.348154 0.326542 0.336491 -9999.0 -9999.0
-9999.0 -9999.0 -9999.0 -9999.0 -9999.0 -9999.0 0.331718 0.332053 0.337438 0.332929 0.334337 0.331248 0.330523 0.336126 0.333372 -9999.0 -9999.0
-9999.0 -9999.0 -9999.0 -9999.0 -9999.0 -9999.0 -9999.0 0.330842 0.339127 0.347265 0.344760 0.343976 0.338198 0.357323 0.329070 -9999.0 -9999.0
-9999.0 -9999.0 -9999.0 -9999.0 -9999.0 -9999.0 0.331311 0.342594 0.327798 0.334055 0.339136 0.340345 0.341987 0.330531 0.331519 0.334219 -9999.0
-9999.0 -9999.0 -9999.0 -9999.0 -9999.0 0.340266 0.331204 0.329600 0.329036 0.338881 0.333536 0.340399 0.350212 0.329109 0.334515 0.333409 -9999.0
-9999.0 -9999.0 -9999.0 0.340302 0.351642 0.365872 0.330583 0.329598 0.332454 0.334697 0.327834 0.341360 0.348530 0.333140 0.328580 0.333191 -9999.0
-9999.0 -9999.0 -9999.0 0.333064 0.367782 0.329669 0.343886 0.333642 0.332451 0.340887 0.340022 0.327501 0.316264 0.333962 0.000069 0.328705 -9999.0
-9999.0 -9999.0 0.334039 0.333078 0.330870 0.339427 0.330029 0.335933 0.337487 0.329401 0.331707 0.334352 0.323930 0.331684 0.360810 0.331519 -9999.0
-9999.0 0.344910 0.344510 0.336329 0.335302 0.347197 0.331732 0.320145 0.323742 0.357351 0.350815 0.333052 0.354830 0.333043 0.330310 -9999.0 -9999.0
-9999.0 0.338907 0.340419 0.336647 0.325053 0.327896 0.321283 0.320457 0.315747 0.333020 0.357850 0.333963 0.332628 0.341235 0.000111 0.000500 -9999.0
-9999.0 0.329881 0.346598 0.326681 0.321483 0.319402 0.321125 0.336694 0.322460 0.355375 0.339157 0.342306 0.331481 0.330489 0.331244 -9999.0 -9999.0
-9999.0 0.334501 0.323733 0.323968 0.325672 0.320761 0.322041 0.337042 0.343697 0.338759 0.332760 0.329644 0.343713 0.330240 -9999.0 -9999.0 -9999.0
-9999.0 -9999.0 0.324472 0.324754 0.321823 0.340174 0.344791 0.339959 0.336017 0.342245 0.329325 0.333042 0.330529 0.332129 -9999.0 -9999.0 -9999.0
-9999.0 -9999.0 0.327981 0.326403 0.350099 0.339103 0.352341 0.338779 0.334661 0.335894 0.339954 0.328855 0.331966 -9999.0 -9999.0 -9999.0 -9999.0
-9999.0 -9999.0 -9999.0 -9999.0 0.335600 0.338335 0.334977 0.341637 0.335407 0.332293 0.340246 0.332039 0.338546 -9999.0 -9999.0 -9999.0 -9999.0
-9999.0 -9999.0 -9999.0 -9999.0 -9999.0 0.335328 0.334974 0.333209 0.337491 0.334361 0.335165 0.360241 0.344317 0.330917 -9999.0 -9999.0 -9999.0
-9999.0 -9999.0 -9999.0 -9999.0 -9999.0 -9999.0 0.333107 0.333041 0.334369 0.332445 0.332249 0.331319 0.333946 0.335628 0.333702 -9999.0 -9999.0
-9999.0 -9999.0 -9999.0 -9999.0 -9999.0 -9999.0 -9999.0 0.335486 0.335470 0.337168 0.332343 0.332379 0.331871 0.332189 -9999.0 -9999.0 -9999.0
-9999.0 -9999.0 -9999.0 -9999.0 -9999.0 -9999.0 -9999.0 -9999.0 0.350325 0.334635 0.332592 0.332230 0.331014 0.330817 0.345628 -9999.0 -9999.0
-9999.0 -9999.0 -9999.0 -9999.0 -9999.0 -9999.0 -9999.0 -9999.0 -9999.0 -9999.0 -9999.0 -9999.0 -9999.0 -9999.0 -9999.0 -9999.0 -9999.0