tests/3D/WG1_2.0_001/output-maps-SE27XX/thetaliqL0001N0016.asc
ncols         17
nrows         27
xllcorner     624603.750000
yllcorner     5171346.250000
cellsize      500.000000
NODATA_value  -9999.0
-9999.0 -9999.0 -9999.0 -9999.0 -9999.0 -9999.0 -9999.0 -9999.0 -9999.0 -9999.0 -9999.0 -9999.0 -9999.0 -9999.0 -9999.0 -9999.0 -9999.0
-9999.0 -9999.0 -9999.0 -9999.0 -9999.0 -9999.0 -9999.0 -9999.0 -9999.0 -9999.0 -9999.0 0.141649 0.218944 0.218400 -9999.0 -9999.0 -9999.0
-9999.0 -9999.0 -9999.0 -9999.0 -9999.0 -9999.0 -9999.0 -9999.0 -9999.0 0.123120 0.125598 0.130619 0.218966 0.218590 0.219260 -9999.0 -9999.0
-9999.0 -9999.0 -9999.0 -9999.0 -9999.0 -9999.0 -9999.0 -9999.0 0.125099 0.128495 0.128507 0.138512 0.128952 0.220002 0.218620 -9999.0 -9999.0
-9999.0 -9999.0 -9999.0 -9999.0 -9999.0 -9999.0 -9999.0 -9999.0 0.127109 0.135200 0.126480 0.138887 0.218733 0.219016 0.218659 -9999.0 -9999.0
-9999.0 -9999.0 -9999.0 -9999.0 -9999.0 -9999.0 -9999.0 0.128403 0.131611 0.131995 0.143186 0.140504 0.139517 0.218582 0.218829 -9999.0 -9999.0
-9999.0 -9999.0 -9999.0 -9999.0 -9999.0 -9999.0 0.122771 0.128391 0.129714 0.125255 0.123366 0.128517 0.135215 0.133382 0.144754 -9999.0 -9999.0
-9999.0 -9999.0 -9999.0 -9999.0 -9999.0 -9999.0 0.127138 0.125646 0.129526 0.125176 0.124774 0.124054 0.129180 0.137561 0.125750 -9999.0 -9999.0
-9999.0 -9999.0 -9999.0 -9999.0 -9999.0 -9999.0 0.123367 0.123929 0.131397 0.129396 0.126562 0.128679 0.140264 0.135465 0.125872 -9999.0 -9999.0
-9999.0 -9999.0 -9999.0 -9999.0 -9999.0 -9999.0 -9999.0 0.127281 0.128229 0.135508 0.125153 0.127386 0.138671 0.126073 0.130563 -9999.0 -9999.0
-9999.0 -9999.0 -9999.0 -9999.0 -9999.0 -9999.0 0.126383 0.125421 0.132518 0.126310 0.125749 0.127626 0.131276 0.135047 0.138618 0.134970 -9999.0
-9999.0 -9999.0 -9999.0 -9999.0 -9999.0 0.123535 0.127849 0.128272 0.127996 0.126174 0.127125 0.127634 0.128822 0.137133 0.127391 0.138303 -9999.0
-9999.0 -9999.0 -9999.0 0.122648 0.122162 0.124549 0.126097 0.128530 0.129381 0.134740 0.129521 0.127750 0.132103 0.127120 0.134929 0.130607 -9999.0
-9999.0 -9999.0 -9999.0 0.124138 0.124365 0.130049 0.132563 0.130920 0.130863 0.132139 0.130420 0.130406 0.129728 0.133154 0.218560 0.135385 -9999.0
-9999.0 -9999.0 0.123814 0.126340 0.129392 0.125160 0.129775 0.137034 0.136680 0.147323 0.130649 0.125657 0.136553 0.133876 0.123119 0.126209 -9999.0
-9999.0 0.122254 0.128419 0.124832 0.124921 0.126703 0.140236 0.139048 0.136540 0.128337 0.126152 0.130045 0.123529 0.129771 0.126741 -9999.0 -9999.0
-9999.0 0.125801 0.124946 0.138361 0.155058 0.164722 0.139132 0.145553 0.140587 0.133312 0.129768 0.127007 0.124470 0.124796 0.218680 0.219121 -9999.0
-9999.0 0.137603 0.134194 0.132921 0.144467 0.155411 0.159109 0.139857 0.138765 0.127822 0.130188 0.125687 0.125633 0.125091 0.125387 -9999.0 -9999.0
-9999.0 0.148860 0.132155 0.149179 0.159606 0.148636 0.141595 0.139596 0.132842 0.129238 0.125653 0.135185 0.126563 0.126827 -9999.0 -9999.0 -9999.0
-9999.0 -9999.0 0.144101 0.178498 0.140491 0.137500 0.130865 0.129617 0.138511 0.127761 0.132321 0.127417 0.131019 0.125236 -9999.0 -9999.0 -9999.0
-9999.0 -9999.0 0.169693 0.140900 0.130436 0.129051 0.124899 0.127884 0.125582 0.123571 0.125617 0.129445 0.128015 -9999.0 -9999.0 -9999.0 -9999.0
-9999.0 -9999.0 -9999.0 -9999.0 0.127646 0.129521 0.127777 0.129047 0.125080 0.130264 0.126209 0.130312 0.126903 -9999.0 -9999.0 -9999.0 -9999.0
-9999.0 -9999.0 -9999.0 -9999.0 -9999.0 0.124662 0.125712 0.124179 0.125276 0.123735 0.124953 0.126897 0.129400 0.127632 -9999.0 -9999.0 -9999.0
-9999.0 -9999.0 -9999.0 -9999.0 -9999.0 -9999.0 0.123877 0.124062 0.127443 0.124687 0.124774 0.125261 0.128817 0.125424 0.124550 -9999.0 -9999.0
-9999.0 -9999.0 -9999.0 -9999.0 -9999.0 -9999.0 -9999.0 0.122027 0.126090 0.124774 0.127738 0.126061 0.125067 0.126179 -9999.0 -9999.0 -9999.0
-9999.0 -9999.0 -9999.0 -9999.0 -9999.0 -9999.0 -9999.0 -9999.0 0.121838 0.123814 0.124378 0.124745 0.125258 0.124552 0.123598 -9999.0 -9999.0
-9999.0 -9999.0 -9999.0 -9999.0 -9999.0 -9999.0 -9999.0 -9999.0 -9999.0 -9999.0 -9999.0 -9999.0 -9999.0 -9999.0 -9999.0 -9999.0 -9999.0