tests/3D/WG1_2.0_001/output-maps-SE27XX/thetaiceL0003N0073.asc
ncols         17
nrows         27
xllcorner     624603.750000
yllcorner     5171346.250000
cellsize      500.000000
NODATA_value  -9999.0
-9999.0 -9999.0 -9999.0 -9999.0 -9999.0 -9999.0 -9999.0 -9999.0 -9999.0 -9999.0 -9999.0 -9999.0 -9999.0 -9999.0 -9999.0 -9999.0 -9999.0
-9999.0 -9999.0 -9999.0 -9999.0 -9999.0 -9999.0 -9999.0 -9999.0 -9999.0 -9999.0 -9999.0 0.331524 0.000000 0.000000 -9999.0 -9999.0 -9999.0
-9999.0 -9999.0 -9999.0 -9999.0 -9999.0 -9999.0 -9999.0 -9999.0 -9999.0 0.378015 0.350610 0.332535 0.000000 0.000000 0.000000 -9999.0 -9999.0
-9999.0 -9999.0 -9999.0 -9999.0 -9999.0 -9999.0 -9999.0 -9999.0 0.341022 0.340262 0.314312 0.335419 0.331686 0.000000 0.000000 -9999.0 -9999.0
-9999.0 -9999.0 -9999.0 -9999.0 -9999.0 -9999.0 -9999.0 -9999.0 0.333780 0.329848 0.355050 0.326956 0.000000 0.000000 0.000000 -9999.0 -9999.0
-9999.0 -9999.0 -9999.0 -9999.0 -9999.0 -9999.0 -9999.0 0.331547 0.339743 0.347176 0.282071 0.326961 0.336718 0.000000 0.000000 -9999.0 -9999.0
-9999.0 -9999.0 -9999.0 -9999.0 -9999.0 -9999.0 0.364266 0.337418 0.292708 0.344294 0.361250 0.338628 0.336298 0.330905 0.333630 -9999.0 -9999.0
-9999.0 -9999.0 -9999.0 -9999.0 -9999.0 -9999.0 0.346904 0.342445 0.336285 0.332923 0.352863 0.357386 0.355996 0.324187 0.337908 -9999.0 -9999.0
-9999.0 -9999.0 -9999.0 -9999.0 -9999.0 -9999.0 0.332664 0.333399 0.340413 0.343010 0.337260 0.336295 0.323718 0.336253 0.333863 -9999.0 -9999.0
-9999.0 -9999.0 -9999.0 -9999.0 -9999.0 -9999.0 -9999.0 0.334474 0.342734 0.326020 0.358774 0.350440 0.338861 0.360465 0.327065 -9999.0 -9999.0
-9999.0 -9999.0 -9999.0 -9999.0 -9999.0 -9999.0 0.335687 0.353528 0.330338 0.339201 0.348045 0.346182 0.344667 0.329905 0.329473 0.334355 -9999.0
-9999.0 -9999.0 -9999.0 -9999.0 -9999.0 0.346190 0.337960 0.335753 0.332893 0.347230 0.341544 0.344971 0.356407 0.325939 0.333959 0.333357 -9999.0
-9999.0 -9999.0 -9999.0 0.347058 0.355284 0.366248 0.336135 0.333229 0.337420 0.319986 0.329170 0.350962 0.353065 0.332429 0.326703 0.335410 -9999.0
-9999.0 -9999.0 -9999.0 0.335406 0.368250 0.330489 0.351811 0.337336 0.345302 0.347990 0.350721 0.326811 0.127104 0.336570 0.000000 0.327519 -9999.0
-9999.0 -9999.0 0.337640 0.335903 0.333251 0.342533 0.331506 0.337057 0.311334 0.295235 0.322185 0.336496 0.235504 0.287543 0.365913 0.329971 -9999.0
-9999.0 0.347796 0.347476 0.338325 0.337162 0.351741 0.325365 0.245451 0.254710 0.367959 0.355404 0.332980 0.360981 0.332486 0.329723 -9999.0 -9999.0
-9999.0 0.340527 0.344253 0.333319 0.304575 0.321070 0.274530 0.258044 0.187821 0.324157 0.365506 0.336600 0.334245 0.345070 0.000000 0.000000 -9999.0
-9999.0 0.326029 0.350895 0.313467 0.244425 0.192556 0.219779 0.343081 0.236380 0.363989 0.344479 0.350268 0.331127 0.331894 0.331562 -9999.0 -9999.0
-9999.0 0.334349 0.259397 0.233153 0.315846 0.189587 0.226015 0.290535 0.327644 0.340442 0.334256 0.328290 0.346828 0.334155 -9999.0 -9999.0 -9999.0
-9999.0 -9999.0 0.240300 0.268824 0.206727 0.306804 0.346202 0.340031 0.316073 0.347666 0.328060 0.333118 0.331944 0.332141 -9999.0 -9999.0 -9999.0
-9999.0 -9999.0 0.306092 0.262996 0.334601 0.339732 0.357795 0.341357 0.336819 0.339681 0.343307 0.320488 0.332088 -9999.0 -9999.0 -9999.0 -9999.0
-9999.0 -9999.0 -9999.0 -9999.0 0.335504 0.339897 0.334722 0.346371 0.336195 0.334028 0.344215 0.334548 0.341799 -9999.0 -9999.0 -9999.0 -9999.0
-9999.0 -9999.0 -9999.0 -9999.0 -9999.0 0.335721 0.335567 0.333737 0.344220 0.335183 0.336801 0.350238 0.348644 0.331648 -9999.0 -9999.0 -9999.0
-9999.0 -9999.0 -9999.0 -9999.0 -9999.0 -9999.0 0.333237 0.333724 0.334241 0.332452 0.331892 0.332939 0.334901 0.338634 0.335365 -9999.0 -9999.0
-9999.0 -9999.0 -9999.0 -9999.0 -9999.0 -9999.0 -9999.0 0.335780 0.336491 0.338983 0.332378 0.334796 0.332307 0.338677 -9999.0 -9999.0 -9999.0
-9999.0 -9999.0 -9999.0 -9999.0 -9999.0 -9999.0 -9999.0 -9999.0 0.354320 0.336530 0.332647 0.333328 0.332145 0.331244 0.349528 -9999.0 -9999.0
-9999.0 -9999.0 -9999.0 -9999.0 -9999.0 -9999.0 -9999.0 -9999.0 -9999.0 -9999.0 -9999.0 -9999.0 -9999.0 -9999.0 -9999.0 -9999.0 -9999.0