tests/3D/WG1_2.0_001/output-maps-SE27XX/thetaliqL0004N0022.asc
ncols         17
nrows         27
xllcorner     624603.750000
yllcorner     5171346.250000
cellsize      500.000000
NODATA_value  -9999.0
-9999.0 -9999.0 -9999.0 -9999.0 -9999.0 -9999.0 -9999.0 -9999.0 -9999.0 -9999.0 -9999.0 -9999.0 -9999.0 -9999.0 -9999.0 -9999.0 -9999.0
-9999.0 -9999.0 -9999.0 -9999.0 -9999.0 -9999.0 -9999.0 -9999.0 -9999.0 -9999.0 -9999.0 0.306064 0.337354 0.324619 -9999.0 -9999.0 -9999.0
-9999.0 -9999.0 -9999.0 -9999.0 -9999.0 -9999.0 -9999.0 -9999.0 -9999.0 0.315567 0.312179 0.303435 0.337901 0.328742 0.346419 -9999.0 -9999.0
-9999.0 -9999.0 -9999.0 -9999.0 -9999.0 -9999.0 -9999.0 -9999.0 0.310444 0.307075 0.316894 0.308831 0.311896 0.368552 0.329397 -9999.0 -9999.0
-9999.0 -9999.0 -9999.0 -9999.0 -9999.0 -9999.0 -9999.0 -9999.0 0.307419 0.305880 0.338284 0.307859 0.332129 0.339225 0.330299 -9999.0 -9999.0
-9999.0 -9999.0 -9999.0 -9999.0 -9999.0 -9999.0 -9999.0 0.304741 0.307687 0.318213 0.311023 0.308105 0.311933 0.328561 0.334395 -9999.0 -9999.0
-9999.0 -9999.0 -9999.0 -9999.0 -9999.0 -9999.0 0.308749 0.299854 0.313290 0.305681 0.342803 0.316090 0.308130 0.306955 0.308744 -9999.0 -9999.0
-9999.0 -9999.0 -9999.0 -9999.0 -9999.0 -9999.0 0.304431 0.304874 0.311354 0.304697 0.309981 0.342487 0.316422 0.310919 0.332395 -9999.0 -9999.0
-9999.0 -9999.0 -9999.0 -9999.0 -9999.0 -9999.0 0.300557 0.308909 0.307389 0.326250 0.297207 0.302920 0.308934 0.311772 0.323654 -9999.0 -9999.0
-9999.0 -9999.0 -9999.0 -9999.0 -9999.0 -9999.0 -9999.0 0.297711 0.310710 0.316672 0.310550 0.309062 0.312781 0.348353 0.311024 -9999.0 -9999.0
-9999.0 -9999.0 -9999.0 -9999.0 -9999.0 -9999.0 0.297694 0.305566 0.304527 0.301952 0.305933 0.307950 0.320797 0.312103 0.307164 0.311735 -9999.0
-9999.0 -9999.0 -9999.0 -9999.0 -9999.0 0.298082 0.302968 0.303136 0.297632 0.308072 0.304115 0.306776 0.328374 0.308637 0.308272 0.305856 -9999.0
-9999.0 -9999.0 -9999.0 0.296504 0.326527 0.304493 0.303417 0.296812 0.303248 0.305016 0.301518 0.311337 0.329028 0.293445 0.303814 0.310317 -9999.0
-9999.0 -9999.0 -9999.0 0.294324 0.306368 0.296304 0.313424 0.301533 0.306771 0.318387 0.310429 0.298845 0.327155 0.314362 0.327996 0.305545 -9999.0
-9999.0 -9999.0 0.294933 0.298277 0.297881 0.316684 0.299683 0.304509 0.309746 0.306236 0.303866 0.307828 0.309233 0.309922 0.331800 0.304004 -9999.0
-9999.0 0.301753 0.303138 0.294875 0.309574 0.309409 0.301154 0.304287 0.308773 0.324356 0.315260 0.298609 0.339257 0.301593 0.297512 -9999.0 -9999.0
-9999.0 0.304584 0.297553 0.310911 0.315537 0.314031 0.316881 0.320791 0.304895 0.314620 0.328888 0.319200 0.315541 0.313230 0.330787 0.342112 -9999.0
-9999.0 0.305686 0.318921 0.311030 0.315338 0.308465 0.315115 0.315975 0.312442 0.321435 0.312920 0.306495 0.302121 0.304823 0.291655 -9999.0 -9999.0
-9999.0 0.312304 0.299440 0.312725 0.311775 0.310589 0.310983 0.317648 0.315224 0.311195 0.305565 0.304882 0.310098 0.302102 -9999.0 -9999.0 -9999.0
-9999.0 -9999.0 0.316173 0.313524 0.315215 0.319263 0.322266 0.317227 0.303891 0.316182 0.297968 0.309827 0.300166 0.303333 -9999.0 -9999.0 -9999.0
-9999.0 -9999.0 0.314110 0.311853 0.322042 0.313835 0.322648 0.316263 0.308196 0.304226 0.310279 0.306084 0.299035 -9999.0 -9999.0 -9999.0 -9999.0
-9999.0 -9999.0 -9999.0 -9999.0 0.308657 0.307460 0.295800 0.308776 0.302530 0.297297 0.298729 0.305095 0.305356 -9999.0 -9999.0 -9999.0 -9999.0
-9999.0 -9999.0 -9999.0 -9999.0 -9999.0 0.306532 0.305514 0.296884 0.298167 0.305249 0.299921 0.322417 0.303524 0.300550 -9999.0 -9999.0 -9999.0
-9999.0 -9999.0 -9999.0 -9999.0 -9999.0 -9999.0 0.301786 0.300304 0.298165 0.294928 0.296417 0.299268 0.299416 0.303637 0.302561 -9999.0 -9999.0
-9999.0 -9999.0 -9999.0 -9999.0 -9999.0 -9999.0 -9999.0 0.305704 0.303157 0.303570 0.304132 0.295040 0.291639 0.300634 -9999.0 -9999.0 -9999.0
-9999.0 -9999.0 -9999.0 -9999.0 -9999.0 -9999.0 -9999.0 -9999.0 0.306116 0.304768 0.305056 0.304444 0.300120 0.293375 0.312882 -9999.0 -9999.0
-9999.0 -9999.0 -9999.0 -9999.0 -9999.0 -9999.0 -9999.0 -9999.0 -9999.0 -9999.0 -9999.0 -9999.0 -9999.0 -9999.0 -9999.0 -9999.0 -9999.0