tests/3D/WG1_2.0_001/output-maps-SE27XX/thetaiceL0001N0068.asc
ncols         17
nrows         27
xllcorner     624603.750000
yllcorner     5171346.250000
cellsize      500.000000
NODATA_value  -9999.0
-9999.0 -9999.0 -9999.0 -9999.0 -9999.0 -9999.0 -9999.0 -9999.0 -9999.0 -9999.0 -9999.0 -9999.0 -9999.0 -9999.0 -9999.0 -9999.0 -9999.0
-9999.0 -9999.0 -9999.0 -9999.0 -9999.0 -9999.0 -9999.0 -9999.0 -9999.0 -9999.0 -9999.0 0.359184 0.279460 0.280091 -9999.0 -9999.0 -9999.0
-9999.0 -9999.0 -9999.0 -9999.0 -9999.0 -9999.0 -9999.0 -9999.0 -9999.0 0.376739 0.360663 0.359453 0.279436 0.279859 0.279560 -9999.0 -9999.0
-9999.0 -9999.0 -9999.0 -9999.0 -9999.0 -9999.0 -9999.0 -9999.0 0.366707 0.360884 0.356509 0.358542 0.361436 0.279956 0.279830 -9999.0 -9999.0
-9999.0 -9999.0 -9999.0 -9999.0 -9999.0 -9999.0 -9999.0 -9999.0 0.359431 0.359811 0.361777 0.354191 0.279667 0.279402 0.279780 -9999.0 -9999.0
-9999.0 -9999.0 -9999.0 -9999.0 -9999.0 -9999.0 -9999.0 0.360544 0.360781 0.350597 0.334557 0.354353 0.358313 0.279868 0.279587 -9999.0 -9999.0
-9999.0 -9999.0 -9999.0 -9999.0 -9999.0 -9999.0 0.363762 0.361864 0.354115 0.359645 0.364581 0.359427 0.358232 0.354939 0.358171 -9999.0 -9999.0
-9999.0 -9999.0 -9999.0 -9999.0 -9999.0 -9999.0 0.360729 0.363137 0.360940 0.360187 0.365317 0.364814 0.358295 0.356887 0.360745 -9999.0 -9999.0
-9999.0 -9999.0 -9999.0 -9999.0 -9999.0 -9999.0 0.361989 0.362610 0.361585 0.363789 0.358087 0.358738 0.347588 0.359235 0.360381 -9999.0 -9999.0
-9999.0 -9999.0 -9999.0 -9999.0 -9999.0 -9999.0 -9999.0 0.361756 0.362119 0.347889 0.366369 0.361147 0.359854 0.370263 0.356111 -9999.0 -9999.0
-9999.0 -9999.0 -9999.0 -9999.0 -9999.0 -9999.0 0.360667 0.366895 0.361051 0.361323 0.360074 0.359728 0.361103 0.357559 0.357098 0.359050 -9999.0
-9999.0 -9999.0 -9999.0 -9999.0 -9999.0 0.362849 0.366120 0.362220 0.359756 0.362728 0.361633 0.360960 0.363503 0.347248 0.359565 0.359226 -9999.0
-9999.0 -9999.0 -9999.0 0.370802 0.366495 0.362260 0.363460 0.361060 0.357615 0.345878 0.358682 0.361758 0.361635 0.360178 0.357056 0.360946 -9999.0
-9999.0 -9999.0 -9999.0 0.362888 0.362234 0.362379 0.370088 0.355138 0.367987 0.367301 0.359335 0.355038 0.356222 0.360186 0.279849 0.360048 -9999.0
-9999.0 -9999.0 0.363681 0.362922 0.362377 0.363941 0.362076 0.353603 0.345498 0.341374 0.348345 0.360798 0.344324 0.353323 0.366079 0.360497 -9999.0
-9999.0 0.372507 0.371820 0.363490 0.363670 0.371858 0.349619 0.346286 0.344562 0.363842 0.362692 0.360424 0.365399 0.360705 0.361052 -9999.0 -9999.0
-9999.0 0.368483 0.365707 0.361664 0.363372 0.363313 0.363850 0.362622 0.343807 0.360760 0.370295 0.362944 0.363029 0.364020 0.279741 0.279450 -9999.0
-9999.0 0.361106 0.367482 0.363361 0.363600 0.360802 0.362710 0.362498 0.351997 0.365275 0.366791 0.368893 0.361163 0.362542 0.361952 -9999.0 -9999.0
-9999.0 0.361367 0.352478 0.361359 0.362511 0.359898 0.349930 0.349071 0.346781 0.361446 0.361697 0.359481 0.363443 0.365110 -9999.0 -9999.0 -9999.0
-9999.0 -9999.0 0.362958 0.363029 0.357385 0.353075 0.356455 0.354582 0.345374 0.365190 0.358352 0.362113 0.362450 0.361535 -9999.0 -9999.0 -9999.0
-9999.0 -9999.0 0.364470 0.363127 0.356043 0.360083 0.366143 0.363335 0.361419 0.363649 0.363383 0.363764 0.362149 -9999.0 -9999.0 -9999.0 -9999.0
-9999.0 -9999.0 -9999.0 -9999.0 0.361213 0.363480 0.362010 0.369336 0.362316 0.362201 0.363108 0.362574 0.364610 -9999.0 -9999.0 -9999.0 -9999.0
-9999.0 -9999.0 -9999.0 -9999.0 -9999.0 0.363238 0.364362 0.363787 0.366694 0.362504 0.362477 0.360535 0.361057 0.361840 -9999.0 -9999.0 -9999.0
-9999.0 -9999.0 -9999.0 -9999.0 -9999.0 -9999.0 0.364061 0.364232 0.362829 0.362865 0.361889 0.362834 0.363346 0.364507 0.363927 -9999.0 -9999.0
-9999.0 -9999.0 -9999.0 -9999.0 -9999.0 -9999.0 -9999.0 0.365541 0.364015 0.363678 0.362700 0.363306 0.363295 0.370589 -9999.0 -9999.0 -9999.0
-9999.0 -9999.0 -9999.0 -9999.0 -9999.0 -9999.0 -9999.0 -9999.0 0.365871 0.363894 0.363132 0.363549 0.362957 0.362027 0.366049 -9999.0 -9999.0
-9999.0 -9999.0 -9999.0 -9999.0 -9999.0 -9999.0 -9999.0 -9999.0 -9999.0 -9999.0 -9999.0 -9999.0 -9999.0 -9999.0 -9999.0 -9999.0 -9999.0