tests/3D/WG1_2.0_001/output-maps-SE27XX/thetaliqL0004N0024.asc
ncols         17
nrows         27
xllcorner     624603.750000
yllcorner     5171346.250000
cellsize      500.000000
NODATA_value  -9999.0
-9999.0 -9999.0 -9999.0 -9999.0 -9999.0 -9999.0 -9999.0 -9999.0 -9999.0 -9999.0 -9999.0 -9999.0 -9999.0 -9999.0 -9999.0 -9999.0 -9999.0
-9999.0 -9999.0 -9999.0 -9999.0 -9999.0 -9999.0 -9999.0 -9999.0 -9999.0 -9999.0 -9999.0 0.303264 0.337055 0.324311 -9999.0 -9999.0 -9999.0
-9999.0 -9999.0 -9999.0 -9999.0 -9999.0 -9999.0 -9999.0 -9999.0 -9999.0 0.317724 0.310179 0.301320 0.337603 0.328440 0.346116 -9999.0 -9999.0
-9999.0 -9999.0 -9999.0 -9999.0 -9999.0 -9999.0 -9999.0 -9999.0 0.308998 0.305412 0.317291 0.307155 0.310575 0.367929 0.329092 -9999.0 -9999.0
-9999.0 -9999.0 -9999.0 -9999.0 -9999.0 -9999.0 -9999.0 -9999.0 0.305171 0.303831 0.337681 0.306221 0.331849 0.338929 0.329998 -9999.0 -9999.0
-9999.0 -9999.0 -9999.0 -9999.0 -9999.0 -9999.0 -9999.0 0.302316 0.305937 0.317031 0.309601 0.306340 0.310276 0.328259 0.334096 -9999.0 -9999.0
-9999.0 -9999.0 -9999.0 -9999.0 -9999.0 -9999.0 0.306744 0.297607 0.312673 0.304086 0.342093 0.315275 0.306669 0.304783 0.307196 -9999.0 -9999.0
-9999.0 -9999.0 -9999.0 -9999.0 -9999.0 -9999.0 0.303499 0.302510 0.310164 0.303809 0.308863 0.341781 0.315278 0.308485 0.331870 -9999.0 -9999.0
-9999.0 -9999.0 -9999.0 -9999.0 -9999.0 -9999.0 0.298823 0.307263 0.305610 0.325507 0.295523 0.301893 0.306939 0.310378 0.323002 -9999.0 -9999.0
-9999.0 -9999.0 -9999.0 -9999.0 -9999.0 -9999.0 -9999.0 0.294970 0.308715 0.315652 0.309355 0.307903 0.311516 0.353547 0.308174 -9999.0 -9999.0
-9999.0 -9999.0 -9999.0 -9999.0 -9999.0 -9999.0 0.295431 0.304955 0.302308 0.300776 0.304600 0.306390 0.319994 0.310082 0.305143 0.310008 -9999.0
-9999.0 -9999.0 -9999.0 -9999.0 -9999.0 0.295856 0.301620 0.301799 0.296459 0.307178 0.302481 0.305137 0.327183 0.306271 0.307116 0.303909 -9999.0
-9999.0 -9999.0 -9999.0 0.297266 0.324999 0.305363 0.302015 0.295666 0.303252 0.305215 0.299694 0.309829 0.328117 0.292192 0.301431 0.307883 -9999.0
-9999.0 -9999.0 -9999.0 0.292778 0.308068 0.294056 0.313051 0.301727 0.304695 0.316836 0.308414 0.297118 0.347874 0.312503 0.327710 0.302747 -9999.0
-9999.0 -9999.0 0.293730 0.296678 0.296376 0.315103 0.298690 0.303103 0.308147 0.304837 0.302525 0.307009 0.308458 0.309131 0.331104 0.302366 -9999.0
-9999.0 0.303164 0.303831 0.293944 0.308588 0.308111 0.300083 0.303533 0.307307 0.323232 0.314193 0.296928 0.338975 0.299867 0.295592 -9999.0 -9999.0
-9999.0 0.305764 0.296605 0.312131 0.316744 0.313169 0.316654 0.320598 0.303936 0.313527 0.328470 0.317699 0.314063 0.311181 0.330486 0.341813 -9999.0
-9999.0 0.307067 0.317618 0.311280 0.315674 0.310820 0.317030 0.314368 0.311869 0.320366 0.312633 0.305903 0.299954 0.302800 0.289416 -9999.0 -9999.0
-9999.0 0.311991 0.300169 0.314199 0.311491 0.311996 0.310509 0.317038 0.314282 0.310148 0.303769 0.303083 0.308357 0.300648 -9999.0 -9999.0 -9999.0
-9999.0 -9999.0 0.317495 0.315430 0.315774 0.318623 0.321590 0.316428 0.302373 0.315570 0.297547 0.307939 0.297848 0.301474 -9999.0 -9999.0 -9999.0
-9999.0 -9999.0 0.315138 0.314117 0.322264 0.312909 0.321949 0.315244 0.306606 0.303574 0.309252 0.307481 0.296637 -9999.0 -9999.0 -9999.0 -9999.0
-9999.0 -9999.0 -9999.0 -9999.0 0.307823 0.306245 0.294382 0.308330 0.301284 0.295896 0.297462 0.303532 0.303279 -9999.0 -9999.0 -9999.0 -9999.0
-9999.0 -9999.0 -9999.0 -9999.0 -9999.0 0.304994 0.303006 0.294623 0.297582 0.302874 0.298949 0.325990 0.303496 0.298951 -9999.0 -9999.0 -9999.0
-9999.0 -9999.0 -9999.0 -9999.0 -9999.0 -9999.0 0.299341 0.297647 0.295452 0.293162 0.294134 0.297756 0.296613 0.301265 0.299890 -9999.0 -9999.0
-9999.0 -9999.0 -9999.0 -9999.0 -9999.0 -9999.0 -9999.0 0.303331 0.301146 0.301361 0.301802 0.293764 0.289858 0.299500 -9999.0 -9999.0 -9999.0
-9999.0 -9999.0 -9999.0 -9999.0 -9999.0 -9999.0 -9999.0 -9999.0 0.304762 0.302347 0.302960 0.302402 0.297693 0.290913 0.312436 -9999.0 -9999.0
-9999.0 -9999.0 -9999.0 -9999.0 -9999.0 -9999.0 -9999.0 -9999.0 -9999.0 -9999.0 -9999.0 -9999.0 -9999.0 -9999.0 -9999.0 -9999.0 -9999.0