tests/3D/WG1_2.0_001/output-maps-SE27XX/thetaliqL0003N0054.asc
ncols         17
nrows         27
xllcorner     624603.750000
yllcorner     5171346.250000
cellsize      500.000000
NODATA_value  -9999.0
-9999.0 -9999.0 -9999.0 -9999.0 -9999.0 -9999.0 -9999.0 -9999.0 -9999.0 -9999.0 -9999.0 -9999.0 -9999.0 -9999.0 -9999.0 -9999.0 -9999.0
-9999.0 -9999.0 -9999.0 -9999.0 -9999.0 -9999.0 -9999.0 -9999.0 -9999.0 -9999.0 -9999.0 0.138942 0.313158 0.298899 -9999.0 -9999.0 -9999.0
-9999.0 -9999.0 -9999.0 -9999.0 -9999.0 -9999.0 -9999.0 -9999.0 -9999.0 0.128860 0.152652 0.164040 0.313781 0.303589 0.322989 -9999.0 -9999.0
-9999.0 -9999.0 -9999.0 -9999.0 -9999.0 -9999.0 -9999.0 -9999.0 0.153220 0.137256 0.238124 0.144466 0.135375 0.344004 0.304269 -9999.0 -9999.0
-9999.0 -9999.0 -9999.0 -9999.0 -9999.0 -9999.0 -9999.0 -9999.0 0.159395 0.161006 0.169131 0.204393 0.307664 0.315255 0.305333 -9999.0 -9999.0
-9999.0 -9999.0 -9999.0 -9999.0 -9999.0 -9999.0 -9999.0 0.147872 0.146505 0.222034 0.221270 0.199649 0.149241 0.303393 0.309896 -9999.0 -9999.0
-9999.0 -9999.0 -9999.0 -9999.0 -9999.0 -9999.0 0.129786 0.137317 0.255113 0.129777 0.130527 0.144876 0.152008 0.172764 0.161616 -9999.0 -9999.0
-9999.0 -9999.0 -9999.0 -9999.0 -9999.0 -9999.0 0.185786 0.131985 0.137213 0.135588 0.129591 0.130636 0.217260 0.201382 0.138047 -9999.0 -9999.0
-9999.0 -9999.0 -9999.0 -9999.0 -9999.0 -9999.0 0.134896 0.135797 0.138876 0.193411 0.138710 0.145787 0.204758 0.145319 0.140797 -9999.0 -9999.0
-9999.0 -9999.0 -9999.0 -9999.0 -9999.0 -9999.0 -9999.0 0.134265 0.134662 0.232142 0.132552 0.129934 0.142857 0.308516 0.198796 -9999.0 -9999.0
-9999.0 -9999.0 -9999.0 -9999.0 -9999.0 -9999.0 0.133876 0.209832 0.154862 0.133875 0.132612 0.132398 0.142187 0.211047 0.179786 0.140256 -9999.0
-9999.0 -9999.0 -9999.0 -9999.0 -9999.0 0.131788 0.146856 0.168410 0.142863 0.133837 0.147359 0.135382 0.137673 0.205655 0.141036 0.141924 -9999.0
-9999.0 -9999.0 -9999.0 0.147336 0.129414 0.237063 0.150945 0.141585 0.207730 0.207020 0.161417 0.134553 0.135510 0.136880 0.167215 0.164946 -9999.0
-9999.0 -9999.0 -9999.0 0.133524 0.237793 0.151293 0.144291 0.202035 0.183796 0.231166 0.250296 0.201581 0.341864 0.168793 0.304534 0.172758 -9999.0
-9999.0 -9999.0 0.136109 0.148649 0.174374 0.135391 0.152285 0.213801 0.239904 0.227837 0.212014 0.136569 0.224716 0.220905 0.130245 0.138244 -9999.0
-9999.0 0.184138 0.173398 0.133751 0.134686 0.176614 0.196309 0.242849 0.256803 0.269402 0.161560 0.151115 0.131427 0.136051 0.134510 -9999.0 -9999.0
-9999.0 0.220274 0.140081 0.249479 0.262007 0.249835 0.282041 0.284435 0.256512 0.265140 0.159790 0.134440 0.133391 0.131685 0.306452 0.318375 -9999.0
-9999.0 0.236498 0.237468 0.274264 0.294225 0.319582 0.316758 0.219946 0.269998 0.250377 0.226308 0.143014 0.135141 0.132595 0.133253 -9999.0 -9999.0
-9999.0 0.249109 0.233972 0.304362 0.245669 0.302360 0.266333 0.262404 0.243081 0.170038 0.136762 0.195424 0.134454 0.144593 -9999.0 -9999.0 -9999.0
-9999.0 -9999.0 0.308343 0.268303 0.283691 0.268175 0.253862 0.243556 0.212620 0.148370 0.175808 0.133852 0.146117 0.135161 -9999.0 -9999.0 -9999.0
-9999.0 -9999.0 0.270321 0.307768 0.275352 0.218982 0.155613 0.136729 0.139037 0.168402 0.133164 0.237873 0.134832 -9999.0 -9999.0 -9999.0 -9999.0
-9999.0 -9999.0 -9999.0 -9999.0 0.197428 0.138338 0.136053 0.186883 0.135112 0.140438 0.131304 0.160729 0.133424 -9999.0 -9999.0 -9999.0 -9999.0
-9999.0 -9999.0 -9999.0 -9999.0 -9999.0 0.135144 0.132972 0.132773 0.142088 0.136113 0.133020 0.255794 0.205061 0.143353 -9999.0 -9999.0 -9999.0
-9999.0 -9999.0 -9999.0 -9999.0 -9999.0 -9999.0 0.132728 0.132205 0.132482 0.132568 0.133542 0.133193 0.133755 0.132196 0.131140 -9999.0 -9999.0
-9999.0 -9999.0 -9999.0 -9999.0 -9999.0 -9999.0 -9999.0 0.131661 0.132732 0.133743 0.132843 0.132636 0.131593 0.135832 -9999.0 -9999.0 -9999.0
-9999.0 -9999.0 -9999.0 -9999.0 -9999.0 -9999.0 -9999.0 -9999.0 0.132108 0.132676 0.132941 0.133378 0.133142 0.134216 0.131649 -9999.0 -9999.0
-9999.0 -9999.0 -9999.0 -9999.0 -9999.0 -9999.0 -9999.0 -9999.0 -9999.0 -9999.0 -9999.0 -9999.0 -9999.0 -9999.0 -9999.0 -9999.0 -9999.0