tests/3D/WG1_2.0_001/output-maps-SE27XX/thetaliqL0004N0063.asc
ncols         17
nrows         27
xllcorner     624603.750000
yllcorner     5171346.250000
cellsize      500.000000
NODATA_value  -9999.0
-9999.0 -9999.0 -9999.0 -9999.0 -9999.0 -9999.0 -9999.0 -9999.0 -9999.0 -9999.0 -9999.0 -9999.0 -9999.0 -9999.0 -9999.0 -9999.0 -9999.0
-9999.0 -9999.0 -9999.0 -9999.0 -9999.0 -9999.0 -9999.0 -9999.0 -9999.0 -9999.0 -9999.0 0.269197 0.333145 0.319889 -9999.0 -9999.0 -9999.0
-9999.0 -9999.0 -9999.0 -9999.0 -9999.0 -9999.0 -9999.0 -9999.0 -9999.0 0.294003 0.298309 0.282172 0.333748 0.324321 0.342096 -9999.0 -9999.0
-9999.0 -9999.0 -9999.0 -9999.0 -9999.0 -9999.0 -9999.0 -9999.0 0.304095 0.279617 0.307996 0.284029 0.281642 0.363057 0.324860 -9999.0 -9999.0
-9999.0 -9999.0 -9999.0 -9999.0 -9999.0 -9999.0 -9999.0 -9999.0 0.287154 0.281984 0.319641 0.292990 0.328571 0.335140 0.325940 -9999.0 -9999.0
-9999.0 -9999.0 -9999.0 -9999.0 -9999.0 -9999.0 -9999.0 0.277226 0.284709 0.309264 0.283771 0.290279 0.288364 0.324142 0.330180 -9999.0 -9999.0
-9999.0 -9999.0 -9999.0 -9999.0 -9999.0 -9999.0 0.285446 0.269812 0.311986 0.277681 0.308285 0.299685 0.288178 0.284272 0.280514 -9999.0 -9999.0
-9999.0 -9999.0 -9999.0 -9999.0 -9999.0 -9999.0 0.299325 0.272086 0.285287 0.281564 0.289550 0.307424 0.303781 0.289347 0.313487 -9999.0 -9999.0
-9999.0 -9999.0 -9999.0 -9999.0 -9999.0 -9999.0 0.268821 0.277805 0.278284 0.311250 0.271255 0.286338 0.290749 0.287940 0.304653 -9999.0 -9999.0
-9999.0 -9999.0 -9999.0 -9999.0 -9999.0 -9999.0 -9999.0 0.266039 0.280980 0.301286 0.288003 0.284447 0.286254 0.342332 0.293402 -9999.0 -9999.0
-9999.0 -9999.0 -9999.0 -9999.0 -9999.0 -9999.0 0.268122 0.301749 0.277839 0.272230 0.279282 0.278842 0.299459 0.298289 0.285531 0.282173 -9999.0
-9999.0 -9999.0 -9999.0 -9999.0 -9999.0 0.272969 0.284541 0.288305 0.270632 0.279316 0.285058 0.278501 0.303728 0.288155 0.286946 0.274225 -9999.0
-9999.0 -9999.0 -9999.0 0.299493 0.279563 0.302927 0.280934 0.268862 0.284525 0.278489 0.276849 0.286858 0.300083 0.266705 0.278232 0.293057 -9999.0
-9999.0 -9999.0 -9999.0 0.270571 0.304840 0.271020 0.291778 0.283429 0.291045 0.308149 0.293123 0.284943 0.352347 0.297707 0.324424 0.282019 -9999.0
-9999.0 -9999.0 0.273005 0.280097 0.273330 0.291470 0.275307 0.280290 0.290489 0.283679 0.286224 0.285128 0.299727 0.299250 0.302312 0.274127 -9999.0
-9999.0 0.284526 0.287303 0.266479 0.279639 0.293746 0.272823 0.289321 0.296526 0.322023 0.297214 0.276354 0.308685 0.269366 0.257897 -9999.0 -9999.0
-9999.0 0.287895 0.275191 0.291469 0.301382 0.292213 0.311331 0.315276 0.295637 0.300923 0.313886 0.283302 0.279263 0.282231 0.326711 0.337923 -9999.0
-9999.0 0.284376 0.305324 0.303424 0.313986 0.315360 0.322140 0.300050 0.303054 0.315877 0.298928 0.284795 0.264445 0.262279 0.252203 -9999.0 -9999.0
-9999.0 0.292636 0.284480 0.314852 0.291384 0.312367 0.301111 0.300894 0.296888 0.293646 0.273498 0.285966 0.284650 0.276654 -9999.0 -9999.0 -9999.0
-9999.0 -9999.0 0.318153 0.304008 0.311329 0.303877 0.313121 0.305476 0.277788 0.295056 0.272655 0.271699 0.274931 0.271196 -9999.0 -9999.0 -9999.0
-9999.0 -9999.0 0.303289 0.313772 0.307012 0.302291 0.309057 0.290078 0.284366 0.288360 0.282156 0.303225 0.260483 -9999.0 -9999.0 -9999.0 -9999.0
-9999.0 -9999.0 -9999.0 -9999.0 0.292957 0.278952 0.263130 0.291828 0.277446 0.271213 0.269634 0.285407 0.274310 -9999.0 -9999.0 -9999.0 -9999.0
-9999.0 -9999.0 -9999.0 -9999.0 -9999.0 0.271671 0.261726 0.252740 0.280468 0.273379 0.274131 0.313974 0.291146 0.276745 -9999.0 -9999.0 -9999.0
-9999.0 -9999.0 -9999.0 -9999.0 -9999.0 -9999.0 0.254136 0.252872 0.261052 0.257589 0.262276 0.265411 0.267358 0.272303 0.264728 -9999.0 -9999.0
-9999.0 -9999.0 -9999.0 -9999.0 -9999.0 -9999.0 -9999.0 0.256627 0.269290 0.275547 0.261661 0.261567 0.254914 0.282678 -9999.0 -9999.0 -9999.0
-9999.0 -9999.0 -9999.0 -9999.0 -9999.0 -9999.0 -9999.0 -9999.0 0.280114 0.270979 0.264392 0.266104 0.257873 0.254526 0.275901 -9999.0 -9999.0
-9999.0 -9999.0 -9999.0 -9999.0 -9999.0 -9999.0 -9999.0 -9999.0 -9999.0 -9999.0 -9999.0 -9999.0 -9999.0 -9999.0 -9999.0 -9999.0 -9999.0