tests/3D/WG1_2.0_001/output-maps-SE27XX/thetaliqL0002N0044.asc
ncols         17
nrows         27
xllcorner     624603.750000
yllcorner     5171346.250000
cellsize      500.000000
NODATA_value  -9999.0
-9999.0 -9999.0 -9999.0 -9999.0 -9999.0 -9999.0 -9999.0 -9999.0 -9999.0 -9999.0 -9999.0 -9999.0 -9999.0 -9999.0 -9999.0 -9999.0 -9999.0
-9999.0 -9999.0 -9999.0 -9999.0 -9999.0 -9999.0 -9999.0 -9999.0 -9999.0 -9999.0 -9999.0 0.149997 0.308501 0.294211 -9999.0 -9999.0 -9999.0
-9999.0 -9999.0 -9999.0 -9999.0 -9999.0 -9999.0 -9999.0 -9999.0 -9999.0 0.138510 0.156151 0.159206 0.309110 0.298938 0.318316 -9999.0 -9999.0
-9999.0 -9999.0 -9999.0 -9999.0 -9999.0 -9999.0 -9999.0 -9999.0 0.169426 0.155411 0.219619 0.159863 0.143995 0.339419 0.299658 -9999.0 -9999.0
-9999.0 -9999.0 -9999.0 -9999.0 -9999.0 -9999.0 -9999.0 -9999.0 0.158320 0.157798 0.163232 0.162762 0.302851 0.310566 0.300696 -9999.0 -9999.0
-9999.0 -9999.0 -9999.0 -9999.0 -9999.0 -9999.0 -9999.0 0.159977 0.159625 0.214404 0.238060 0.163423 0.161779 0.298738 0.305251 -9999.0 -9999.0
-9999.0 -9999.0 -9999.0 -9999.0 -9999.0 -9999.0 0.150143 0.156311 0.171551 0.154956 0.147120 0.158635 0.162324 0.160082 0.159669 -9999.0 -9999.0
-9999.0 -9999.0 -9999.0 -9999.0 -9999.0 -9999.0 0.152627 0.153874 0.152477 0.147601 0.160855 0.146830 0.207495 0.167255 0.146992 -9999.0 -9999.0
-9999.0 -9999.0 -9999.0 -9999.0 -9999.0 -9999.0 0.138209 0.140027 0.161115 0.163530 0.169050 0.165064 0.162424 0.160743 0.145626 -9999.0 -9999.0
-9999.0 -9999.0 -9999.0 -9999.0 -9999.0 -9999.0 -9999.0 0.153286 0.159171 0.202083 0.155529 0.165620 0.164286 0.153166 0.181404 -9999.0 -9999.0
-9999.0 -9999.0 -9999.0 -9999.0 -9999.0 -9999.0 0.151835 0.154358 0.159113 0.162684 0.164923 0.166753 0.164056 0.161406 0.160768 0.155197 -9999.0
-9999.0 -9999.0 -9999.0 -9999.0 -9999.0 0.150244 0.154208 0.159688 0.159341 0.163937 0.166235 0.168625 0.165786 0.225629 0.153091 0.156845 -9999.0
-9999.0 -9999.0 -9999.0 0.146874 0.132013 0.147403 0.155139 0.157630 0.162786 0.166939 0.169508 0.168553 0.168306 0.155264 0.156990 0.158655 -9999.0
-9999.0 -9999.0 -9999.0 0.148278 0.149829 0.152935 0.159244 0.160980 0.163941 0.164368 0.167935 0.170484 0.264086 0.162734 0.300641 0.156000 -9999.0
-9999.0 -9999.0 0.149076 0.151887 0.154685 0.153754 0.159754 0.163607 0.167268 0.170521 0.173549 0.154853 0.242983 0.210114 0.138560 0.142095 -9999.0
-9999.0 0.149575 0.150940 0.153183 0.142894 0.161269 0.163002 0.172418 0.171689 0.172207 0.171794 0.165516 0.144295 0.146865 0.140527 -9999.0 -9999.0
-9999.0 0.152567 0.157520 0.156703 0.158467 0.163036 0.171182 0.179842 0.190334 0.168961 0.163359 0.143381 0.141000 0.146441 0.302098 0.313690 -9999.0
-9999.0 0.157405 0.157006 0.166079 0.174731 0.196081 0.214678 0.163674 0.179640 0.169541 0.160758 0.156420 0.138596 0.136135 0.137406 -9999.0 -9999.0
-9999.0 0.161522 0.172240 0.188618 0.169045 0.212981 0.182607 0.175662 0.173057 0.168151 0.145257 0.157179 0.153463 0.151120 -9999.0 -9999.0 -9999.0
-9999.0 -9999.0 0.182090 0.186745 0.195005 0.175701 0.173157 0.173495 0.168058 0.165980 0.155977 0.141798 0.152375 0.139167 -9999.0 -9999.0 -9999.0
-9999.0 -9999.0 0.169169 0.196027 0.173193 0.170122 0.168359 0.158976 0.147900 0.163184 0.157830 0.150817 0.139776 -9999.0 -9999.0 -9999.0 -9999.0
-9999.0 -9999.0 -9999.0 -9999.0 0.167082 0.158451 0.155928 0.157886 0.149909 0.158438 0.158103 0.153579 0.151470 -9999.0 -9999.0 -9999.0 -9999.0
-9999.0 -9999.0 -9999.0 -9999.0 -9999.0 0.138139 0.136205 0.135653 0.153392 0.139574 0.149722 0.153420 0.151865 0.149265 -9999.0 -9999.0 -9999.0
-9999.0 -9999.0 -9999.0 -9999.0 -9999.0 -9999.0 0.134912 0.133759 0.145821 0.136764 0.137782 0.137044 0.150548 0.144979 0.136293 -9999.0 -9999.0
-9999.0 -9999.0 -9999.0 -9999.0 -9999.0 -9999.0 -9999.0 0.132386 0.143136 0.147159 0.136986 0.138595 0.136194 0.147466 -9999.0 -9999.0 -9999.0
-9999.0 -9999.0 -9999.0 -9999.0 -9999.0 -9999.0 -9999.0 -9999.0 0.135682 0.135699 0.136543 0.137514 0.136052 0.135988 0.133002 -9999.0 -9999.0
-9999.0 -9999.0 -9999.0 -9999.0 -9999.0 -9999.0 -9999.0 -9999.0 -9999.0 -9999.0 -9999.0 -9999.0 -9999.0 -9999.0 -9999.0 -9999.0 -9999.0