tests/3D/WG1_2.0_001/output-maps-SE27XX/thetaliqL0004N0002.asc
ncols         17
nrows         27
xllcorner     624603.750000
yllcorner     5171346.250000
cellsize      500.000000
NODATA_value  -9999.0
-9999.0 -9999.0 -9999.0 -9999.0 -9999.0 -9999.0 -9999.0 -9999.0 -9999.0 -9999.0 -9999.0 -9999.0 -9999.0 -9999.0 -9999.0 -9999.0 -9999.0
-9999.0 -9999.0 -9999.0 -9999.0 -9999.0 -9999.0 -9999.0 -9999.0 -9999.0 -9999.0 -9999.0 0.324999 0.325118 0.325036 -9999.0 -9999.0 -9999.0
-9999.0 -9999.0 -9999.0 -9999.0 -9999.0 -9999.0 -9999.0 -9999.0 -9999.0 0.324065 0.324550 0.325038 0.325695 0.325005 0.324784 -9999.0 -9999.0
-9999.0 -9999.0 -9999.0 -9999.0 -9999.0 -9999.0 -9999.0 -9999.0 0.324372 0.324399 0.324847 0.325271 0.326192 0.325725 0.325075 -9999.0 -9999.0
-9999.0 -9999.0 -9999.0 -9999.0 -9999.0 -9999.0 -9999.0 -9999.0 0.324556 0.324986 0.325141 0.325183 0.326119 0.325535 0.325069 -9999.0 -9999.0
-9999.0 -9999.0 -9999.0 -9999.0 -9999.0 -9999.0 -9999.0 0.324500 0.324754 0.324767 0.325210 0.325374 0.325712 0.325015 0.324571 -9999.0 -9999.0
-9999.0 -9999.0 -9999.0 -9999.0 -9999.0 -9999.0 0.324493 0.324931 0.325353 0.325462 0.324500 0.325831 0.325882 0.324688 0.324142 -9999.0 -9999.0
-9999.0 -9999.0 -9999.0 -9999.0 -9999.0 -9999.0 0.324395 0.325296 0.326062 0.324448 0.325177 0.326101 0.326542 0.325089 0.324247 -9999.0 -9999.0
-9999.0 -9999.0 -9999.0 -9999.0 -9999.0 -9999.0 0.324444 0.325229 0.326180 0.325023 0.324550 0.325723 0.326883 0.325516 0.324450 -9999.0 -9999.0
-9999.0 -9999.0 -9999.0 -9999.0 -9999.0 -9999.0 -9999.0 0.325908 0.326133 0.325533 0.324894 0.325144 0.326862 0.325829 0.324708 -9999.0 -9999.0
-9999.0 -9999.0 -9999.0 -9999.0 -9999.0 -9999.0 0.324659 0.325126 0.326200 0.325802 0.325006 0.324961 0.326833 0.326009 0.324279 0.323779 -9999.0
-9999.0 -9999.0 -9999.0 -9999.0 -9999.0 0.324569 0.324947 0.326204 0.327116 0.326050 0.325014 0.325297 0.327164 0.326479 0.324520 0.323862 -9999.0
-9999.0 -9999.0 -9999.0 0.324284 0.324587 0.325107 0.326295 0.327601 0.327574 0.326069 0.325027 0.325721 0.327774 0.327302 0.325076 0.324152 -9999.0
-9999.0 -9999.0 -9999.0 0.324847 0.325470 0.326616 0.327678 0.327993 0.327121 0.325090 0.325006 0.326299 0.328383 0.328311 0.325926 0.324502 -9999.0
-9999.0 -9999.0 0.325313 0.325913 0.327250 0.327952 0.328138 0.327516 0.325619 0.324240 0.325238 0.327274 0.328864 0.328117 0.325774 0.324712 -9999.0
-9999.0 0.325806 0.325983 0.327601 0.328882 0.328781 0.328196 0.326490 0.324713 0.324594 0.326923 0.328761 0.328959 0.327662 0.326480 -9999.0 -9999.0
-9999.0 0.326929 0.327852 0.329421 0.329438 0.328546 0.327072 0.325331 0.324474 0.326603 0.328645 0.328880 0.327973 0.326166 0.324880 0.324455 -9999.0
-9999.0 0.327834 0.328701 0.329134 0.327792 0.326069 0.324770 0.324664 0.325735 0.328211 0.329007 0.328032 0.326784 0.325398 0.324855 -9999.0 -9999.0
-9999.0 0.327759 0.328204 0.326794 0.324606 0.324686 0.325134 0.324950 0.326453 0.328091 0.328347 0.327280 0.325731 0.325236 -9999.0 -9999.0 -9999.0
-9999.0 -9999.0 0.326185 0.325127 0.325533 0.325802 0.326838 0.326948 0.326483 0.326917 0.327330 0.326436 0.324797 0.324535 -9999.0 -9999.0 -9999.0
-9999.0 -9999.0 0.326120 0.324995 0.327800 0.329074 0.328997 0.327715 0.325883 0.325397 0.326331 0.325864 0.325107 -9999.0 -9999.0 -9999.0 -9999.0
-9999.0 -9999.0 -9999.0 -9999.0 0.329873 0.329870 0.328584 0.327658 0.326134 0.324717 0.325287 0.325608 0.325150 -9999.0 -9999.0 -9999.0 -9999.0
-9999.0 -9999.0 -9999.0 -9999.0 -9999.0 0.328677 0.327028 0.327114 0.326726 0.325368 0.324467 0.325158 0.324986 0.324673 -9999.0 -9999.0 -9999.0
-9999.0 -9999.0 -9999.0 -9999.0 -9999.0 -9999.0 0.326093 0.325788 0.326301 0.325834 0.324761 0.324616 0.324816 0.324313 0.324109 -9999.0 -9999.0
-9999.0 -9999.0 -9999.0 -9999.0 -9999.0 -9999.0 -9999.0 0.325314 0.324996 0.325220 0.324754 0.324155 0.324600 0.324596 -9999.0 -9999.0 -9999.0
-9999.0 -9999.0 -9999.0 -9999.0 -9999.0 -9999.0 -9999.0 -9999.0 0.324812 0.324795 0.324160 0.324448 0.324380 0.324177 0.324016 -9999.0 -9999.0
-9999.0 -9999.0 -9999.0 -9999.0 -9999.0 -9999.0 -9999.0 -9999.0 -9999.0 -9999.0 -9999.0 -9999.0 -9999.0 -9999.0 -9999.0 -9999.0 -9999.0