tests/3D/WG1_2.0_001/output-maps-SE27XX/thetaliqL0002N0082.asc
ncols         17
nrows         27
xllcorner     624603.750000
yllcorner     5171346.250000
cellsize      500.000000
NODATA_value  -9999.0
-9999.0 -9999.0 -9999.0 -9999.0 -9999.0 -9999.0 -9999.0 -9999.0 -9999.0 -9999.0 -9999.0 -9999.0 -9999.0 -9999.0 -9999.0 -9999.0 -9999.0
-9999.0 -9999.0 -9999.0 -9999.0 -9999.0 -9999.0 -9999.0 -9999.0 -9999.0 -9999.0 -9999.0 0.133489 0.261878 0.270456 -9999.0 -9999.0 -9999.0
-9999.0 -9999.0 -9999.0 -9999.0 -9999.0 -9999.0 -9999.0 -9999.0 -9999.0 0.124319 0.130447 0.132713 0.261507 0.267157 0.258072 -9999.0 -9999.0
-9999.0 -9999.0 -9999.0 -9999.0 -9999.0 -9999.0 -9999.0 -9999.0 0.126228 0.133456 0.125635 0.134664 0.133907 0.253412 0.266702 -9999.0 -9999.0
-9999.0 -9999.0 -9999.0 -9999.0 -9999.0 -9999.0 -9999.0 -9999.0 0.128464 0.132636 0.131744 0.134664 0.264830 0.260807 0.266035 -9999.0 -9999.0
-9999.0 -9999.0 -9999.0 -9999.0 -9999.0 -9999.0 -9999.0 0.127059 0.133210 0.126840 0.134100 0.133535 0.134654 0.267286 0.263524 -9999.0 -9999.0
-9999.0 -9999.0 -9999.0 -9999.0 -9999.0 -9999.0 0.128260 0.131893 0.125659 0.131411 0.132324 0.134665 0.135155 0.132106 0.132836 -9999.0 -9999.0
-9999.0 -9999.0 -9999.0 -9999.0 -9999.0 -9999.0 0.125099 0.131783 0.133601 0.134543 0.128838 0.132553 0.126456 0.130837 0.134259 -9999.0 -9999.0
-9999.0 -9999.0 -9999.0 -9999.0 -9999.0 -9999.0 0.132059 0.132126 0.132990 0.128895 0.132524 0.128790 0.131720 0.134846 0.134101 -9999.0 -9999.0
-9999.0 -9999.0 -9999.0 -9999.0 -9999.0 -9999.0 -9999.0 0.129212 0.132573 0.128855 0.128037 0.131748 0.134330 0.125855 0.129339 -9999.0 -9999.0
-9999.0 -9999.0 -9999.0 -9999.0 -9999.0 -9999.0 0.128068 0.124830 0.130949 0.131842 0.129460 0.131998 0.134040 0.132401 0.132974 0.134223 -9999.0
-9999.0 -9999.0 -9999.0 -9999.0 -9999.0 0.127389 0.125107 0.125665 0.129398 0.130849 0.128126 0.133656 0.132876 0.128924 0.134202 0.134059 -9999.0
-9999.0 -9999.0 -9999.0 0.122676 0.128666 0.123307 0.126357 0.129246 0.126719 0.130953 0.132733 0.130618 0.132990 0.133866 0.131230 0.131767 -9999.0
-9999.0 -9999.0 -9999.0 0.126523 0.122210 0.129035 0.125685 0.127058 0.126218 0.127577 0.128434 0.131437 0.125910 0.132046 0.266275 0.131784 -9999.0
-9999.0 -9999.0 0.125972 0.126922 0.125292 0.129723 0.130057 0.126380 0.128638 0.129158 0.133153 0.132701 0.128592 0.125651 0.130878 0.133215 -9999.0
-9999.0 0.122804 0.122530 0.128837 0.129396 0.125170 0.129401 0.128689 0.129114 0.128293 0.131928 0.132509 0.130426 0.132762 0.132546 -9999.0 -9999.0
-9999.0 0.122464 0.125279 0.123222 0.123261 0.124675 0.125175 0.125995 0.133189 0.126130 0.127189 0.131192 0.131076 0.129360 0.265418 0.259440 -9999.0
-9999.0 0.123082 0.122440 0.123761 0.124917 0.125882 0.127539 0.126616 0.129578 0.126906 0.125178 0.125453 0.131703 0.131466 0.131307 -9999.0 -9999.0
-9999.0 0.122616 0.127499 0.125269 0.125744 0.126536 0.130841 0.129887 0.130885 0.131028 0.131223 0.129756 0.128807 0.124960 -9999.0 -9999.0 -9999.0
-9999.0 -9999.0 0.125069 0.124813 0.127939 0.128129 0.128773 0.129209 0.131540 0.127685 0.127804 0.130963 0.129187 0.131253 -9999.0 -9999.0 -9999.0
-9999.0 -9999.0 0.124593 0.127030 0.127042 0.129296 0.128523 0.129908 0.130326 0.126207 0.128877 0.122475 0.130928 -9999.0 -9999.0 -9999.0 -9999.0
-9999.0 -9999.0 -9999.0 -9999.0 0.129040 0.129064 0.129876 0.123650 0.130079 0.129851 0.126812 0.127223 0.129381 -9999.0 -9999.0 -9999.0 -9999.0
-9999.0 -9999.0 -9999.0 -9999.0 -9999.0 0.129080 0.128849 0.129426 0.124414 0.130348 0.129845 0.124165 0.123308 0.126828 -9999.0 -9999.0 -9999.0
-9999.0 -9999.0 -9999.0 -9999.0 -9999.0 -9999.0 0.129006 0.129029 0.129651 0.129927 0.130480 0.130425 0.129701 0.129810 0.129919 -9999.0 -9999.0
-9999.0 -9999.0 -9999.0 -9999.0 -9999.0 -9999.0 -9999.0 0.128090 0.129214 0.129237 0.130136 0.129260 0.129778 0.123412 -9999.0 -9999.0 -9999.0
-9999.0 -9999.0 -9999.0 -9999.0 -9999.0 -9999.0 -9999.0 -9999.0 0.127491 0.129128 0.129928 0.129909 0.130130 0.130475 0.126297 -9999.0 -9999.0
-9999.0 -9999.0 -9999.0 -9999.0 -9999.0 -9999.0 -9999.0 -9999.0 -9999.0 -9999.0 -9999.0 -9999.0 -9999.0 -9999.0 -9999.0 -9999.0 -9999.0