tests/3D/WG1_2.0_001/output-maps-SE27XX/thetaiceL0002N0070.asc
ncols         17
nrows         27
xllcorner     624603.750000
yllcorner     5171346.250000
cellsize      500.000000
NODATA_value  -9999.0
-9999.0 -9999.0 -9999.0 -9999.0 -9999.0 -9999.0 -9999.0 -9999.0 -9999.0 -9999.0 -9999.0 -9999.0 -9999.0 -9999.0 -9999.0 -9999.0 -9999.0
-9999.0 -9999.0 -9999.0 -9999.0 -9999.0 -9999.0 -9999.0 -9999.0 -9999.0 -9999.0 -9999.0 0.358691 0.199115 0.189160 -9999.0 -9999.0 -9999.0
-9999.0 -9999.0 -9999.0 -9999.0 -9999.0 -9999.0 -9999.0 -9999.0 -9999.0 0.372758 0.361060 0.359205 0.199580 0.192695 0.203966 -9999.0 -9999.0
-9999.0 -9999.0 -9999.0 -9999.0 -9999.0 -9999.0 -9999.0 -9999.0 0.368965 0.360364 0.354946 0.357515 0.350717 0.210884 0.193211 -9999.0 -9999.0
-9999.0 -9999.0 -9999.0 -9999.0 -9999.0 -9999.0 -9999.0 -9999.0 0.360843 0.359634 0.363859 0.353638 0.195432 0.200462 0.193982 -9999.0 -9999.0
-9999.0 -9999.0 -9999.0 -9999.0 -9999.0 -9999.0 -9999.0 0.363240 0.360501 0.351682 0.337452 0.355071 0.357758 0.192549 0.197045 -9999.0 -9999.0
-9999.0 -9999.0 -9999.0 -9999.0 -9999.0 -9999.0 0.365354 0.361937 0.355501 0.360888 0.366748 0.358195 0.357276 0.356370 0.358158 -9999.0 -9999.0
-9999.0 -9999.0 -9999.0 -9999.0 -9999.0 -9999.0 0.367465 0.363266 0.356431 0.358439 0.364179 0.366407 0.357352 0.357369 0.360714 -9999.0 -9999.0
-9999.0 -9999.0 -9999.0 -9999.0 -9999.0 -9999.0 0.344329 0.347243 0.361341 0.365821 0.359487 0.361785 0.351289 0.358382 0.352847 -9999.0 -9999.0
-9999.0 -9999.0 -9999.0 -9999.0 -9999.0 -9999.0 -9999.0 0.363397 0.362137 0.350036 0.372114 0.364004 0.359619 0.369595 0.358107 -9999.0 -9999.0
-9999.0 -9999.0 -9999.0 -9999.0 -9999.0 -9999.0 0.362129 0.370991 0.362013 0.362806 0.362661 0.362601 0.361030 0.357758 0.357317 0.358986 -9999.0
-9999.0 -9999.0 -9999.0 -9999.0 -9999.0 0.358923 0.369782 0.365523 0.362825 0.364846 0.364259 0.362578 0.364586 0.351684 0.354652 0.358402 -9999.0
-9999.0 -9999.0 -9999.0 0.370369 0.366234 0.361743 0.366335 0.364112 0.362091 0.349393 0.360335 0.365958 0.363124 0.357877 0.358393 0.361514 -9999.0
-9999.0 -9999.0 -9999.0 0.362296 0.363486 0.363816 0.371434 0.360714 0.370923 0.369483 0.366654 0.358832 0.362169 0.361621 0.193713 0.360108 -9999.0
-9999.0 -9999.0 0.357394 0.360261 0.366038 0.365043 0.363361 0.358675 0.350487 0.349001 0.351251 0.361959 0.349966 0.353629 0.366820 0.347796 -9999.0
-9999.0 0.371896 0.370119 0.364346 0.363715 0.373981 0.353497 0.352165 0.351461 0.368698 0.364338 0.361004 0.366787 0.352184 0.349349 -9999.0 -9999.0
-9999.0 0.371279 0.363298 0.362340 0.364681 0.364857 0.367191 0.367160 0.349503 0.362208 0.373276 0.354401 0.350261 0.365454 0.194710 0.202192 -9999.0
-9999.0 0.364275 0.373671 0.366780 0.367157 0.366023 0.368688 0.368463 0.356153 0.371234 0.369793 0.365871 0.346252 0.352626 0.353527 -9999.0 -9999.0
-9999.0 0.369884 0.354734 0.365900 0.366693 0.365427 0.353172 0.351439 0.349627 0.362917 0.355458 0.361343 0.365067 0.367535 -9999.0 -9999.0 -9999.0
-9999.0 -9999.0 0.365257 0.369207 0.359518 0.354773 0.360920 0.358999 0.347304 0.368361 0.358632 0.349040 0.363919 0.344102 -9999.0 -9999.0 -9999.0
-9999.0 -9999.0 0.369634 0.370442 0.357300 0.362702 0.365769 0.364507 0.362884 0.367178 0.365508 0.364386 0.347510 -9999.0 -9999.0 -9999.0 -9999.0
-9999.0 -9999.0 -9999.0 -9999.0 0.359040 0.364620 0.362619 0.367786 0.362956 0.363363 0.366315 0.365036 0.365541 -9999.0 -9999.0 -9999.0 -9999.0
-9999.0 -9999.0 -9999.0 -9999.0 -9999.0 0.358820 0.353273 0.352750 0.359642 0.358128 0.363237 0.360399 0.362753 0.364285 -9999.0 -9999.0 -9999.0
-9999.0 -9999.0 -9999.0 -9999.0 -9999.0 -9999.0 0.345460 0.349182 0.363011 0.357927 0.357263 0.361063 0.363742 0.364951 0.364262 -9999.0 -9999.0
-9999.0 -9999.0 -9999.0 -9999.0 -9999.0 -9999.0 -9999.0 0.347197 0.364697 0.364125 0.349447 0.364651 0.363608 0.373090 -9999.0 -9999.0 -9999.0
-9999.0 -9999.0 -9999.0 -9999.0 -9999.0 -9999.0 -9999.0 -9999.0 0.366968 0.364576 0.345495 0.345321 0.346680 0.345218 0.362606 -9999.0 -9999.0
-9999.0 -9999.0 -9999.0 -9999.0 -9999.0 -9999.0 -9999.0 -9999.0 -9999.0 -9999.0 -9999.0 -9999.0 -9999.0 -9999.0 -9999.0 -9999.0 -9999.0