tests/3D/WG1_2.0_001/output-maps-SE27XX/thetaliqL0001N0005.asc
ncols         17
nrows         27
xllcorner     624603.750000
yllcorner     5171346.250000
cellsize      500.000000
NODATA_value  -9999.0
-9999.0 -9999.0 -9999.0 -9999.0 -9999.0 -9999.0 -9999.0 -9999.0 -9999.0 -9999.0 -9999.0 -9999.0 -9999.0 -9999.0 -9999.0 -9999.0 -9999.0
-9999.0 -9999.0 -9999.0 -9999.0 -9999.0 -9999.0 -9999.0 -9999.0 -9999.0 -9999.0 -9999.0 0.296944 0.315315 0.303041 -9999.0 -9999.0 -9999.0
-9999.0 -9999.0 -9999.0 -9999.0 -9999.0 -9999.0 -9999.0 -9999.0 -9999.0 0.331343 0.314419 0.297840 0.315838 0.306998 0.324150 -9999.0 -9999.0
-9999.0 -9999.0 -9999.0 -9999.0 -9999.0 -9999.0 -9999.0 -9999.0 0.313007 0.306486 0.310864 0.299641 0.311129 0.347220 0.307644 -9999.0 -9999.0
-9999.0 -9999.0 -9999.0 -9999.0 -9999.0 -9999.0 -9999.0 -9999.0 0.307843 0.299858 0.332950 0.297778 0.310169 0.317112 0.308497 -9999.0 -9999.0
-9999.0 -9999.0 -9999.0 -9999.0 -9999.0 -9999.0 -9999.0 0.304387 0.305482 0.313017 0.298362 0.297083 0.302450 0.306824 0.312453 -9999.0 -9999.0
-9999.0 -9999.0 -9999.0 -9999.0 -9999.0 -9999.0 0.321723 0.301262 0.310645 0.314232 0.350091 0.315723 0.302455 0.297585 0.297286 -9999.0 -9999.0
-9999.0 -9999.0 -9999.0 -9999.0 -9999.0 -9999.0 0.308549 0.310251 0.312249 0.313740 0.318838 0.348223 0.311523 0.300671 0.337479 -9999.0 -9999.0
-9999.0 -9999.0 -9999.0 -9999.0 -9999.0 -9999.0 0.315047 0.319090 0.306713 0.324215 0.298537 0.296931 0.298112 0.305852 0.326826 -9999.0 -9999.0
-9999.0 -9999.0 -9999.0 -9999.0 -9999.0 -9999.0 -9999.0 0.301112 0.312866 0.311015 0.321714 0.311752 0.305259 0.341235 0.304841 -9999.0 -9999.0
-9999.0 -9999.0 -9999.0 -9999.0 -9999.0 -9999.0 0.303509 0.310653 0.303394 0.302481 0.310870 0.312515 0.319177 0.305860 0.297638 0.304987 -9999.0
-9999.0 -9999.0 -9999.0 -9999.0 -9999.0 0.309186 0.307251 0.305816 0.294901 0.309386 0.306634 0.309677 0.327225 0.300800 0.310187 0.297290 -9999.0
-9999.0 -9999.0 -9999.0 0.311288 0.343271 0.313319 0.308941 0.296769 0.298642 0.293437 0.300018 0.318413 0.326973 0.291152 0.298001 0.307457 -9999.0
-9999.0 -9999.0 -9999.0 0.304894 0.316353 0.299473 0.314191 0.298279 0.308411 0.317394 0.307497 0.298131 0.315099 0.311210 0.306280 0.300018 -9999.0
-9999.0 -9999.0 0.306040 0.305378 0.301555 0.323090 0.300419 0.301021 0.304060 0.298055 0.299710 0.316306 0.302608 0.306385 0.345656 0.308802 -9999.0
-9999.0 0.311289 0.313900 0.306593 0.318496 0.316113 0.295421 0.297862 0.303291 0.327135 0.319497 0.297391 0.347016 0.303211 0.301977 -9999.0 -9999.0
-9999.0 0.308300 0.310434 0.307441 0.309191 0.307816 0.312790 0.314000 0.297352 0.312651 0.333610 0.322955 0.323455 0.321843 0.308973 0.319920 -9999.0
-9999.0 0.302799 0.322104 0.312140 0.310048 0.299773 0.307641 0.312271 0.306637 0.324108 0.310791 0.311333 0.309109 0.313385 0.299787 -9999.0 -9999.0
-9999.0 0.310793 0.298311 0.306068 0.303460 0.302561 0.303377 0.309628 0.311916 0.312372 0.319651 0.303377 0.315579 0.307614 -9999.0 -9999.0 -9999.0
-9999.0 -9999.0 0.310563 0.304357 0.306762 0.313780 0.320754 0.316771 0.299946 0.318665 0.294746 0.314844 0.302499 0.311643 -9999.0 -9999.0 -9999.0
-9999.0 -9999.0 0.305963 0.306555 0.321236 0.314710 0.331423 0.321739 0.316929 0.309805 0.317670 0.309138 0.304465 -9999.0 -9999.0 -9999.0 -9999.0
-9999.0 -9999.0 -9999.0 -9999.0 0.310973 0.312019 0.302620 0.314632 0.315931 0.300858 0.309567 0.307875 0.311460 -9999.0 -9999.0 -9999.0 -9999.0
-9999.0 -9999.0 -9999.0 -9999.0 -9999.0 0.321811 0.313560 0.311318 0.307765 0.324727 0.313025 0.323379 0.307173 0.306574 -9999.0 -9999.0 -9999.0
-9999.0 -9999.0 -9999.0 -9999.0 -9999.0 -9999.0 0.313814 0.311838 0.305125 0.307561 0.311043 0.313150 0.304181 0.312029 0.312712 -9999.0 -9999.0
-9999.0 -9999.0 -9999.0 -9999.0 -9999.0 -9999.0 -9999.0 0.324807 0.312104 0.313082 0.310104 0.309661 0.303420 0.308844 -9999.0 -9999.0 -9999.0
-9999.0 -9999.0 -9999.0 -9999.0 -9999.0 -9999.0 -9999.0 -9999.0 0.325023 0.316438 0.315210 0.313708 0.309166 0.304112 0.336530 -9999.0 -9999.0
-9999.0 -9999.0 -9999.0 -9999.0 -9999.0 -9999.0 -9999.0 -9999.0 -9999.0 -9999.0 -9999.0 -9999.0 -9999.0 -9999.0 -9999.0 -9999.0 -9999.0