tests/3D/WG1_2.0_001/output-maps-SE27XX/thetaiceL0004N0077.asc
ncols         17
nrows         27
xllcorner     624603.750000
yllcorner     5171346.250000
cellsize      500.000000
NODATA_value  -9999.0
-9999.0 -9999.0 -9999.0 -9999.0 -9999.0 -9999.0 -9999.0 -9999.0 -9999.0 -9999.0 -9999.0 -9999.0 -9999.0 -9999.0 -9999.0 -9999.0 -9999.0
-9999.0 -9999.0 -9999.0 -9999.0 -9999.0 -9999.0 -9999.0 -9999.0 -9999.0 -9999.0 -9999.0 0.081642 0.000000 0.000000 -9999.0 -9999.0 -9999.0
-9999.0 -9999.0 -9999.0 -9999.0 -9999.0 -9999.0 -9999.0 -9999.0 -9999.0 0.215374 0.076162 0.055958 0.000000 0.000000 0.000000 -9999.0 -9999.0
-9999.0 -9999.0 -9999.0 -9999.0 -9999.0 -9999.0 -9999.0 -9999.0 0.082579 0.083565 0.032687 0.060777 0.105527 0.000000 0.000000 -9999.0 -9999.0
-9999.0 -9999.0 -9999.0 -9999.0 -9999.0 -9999.0 -9999.0 -9999.0 0.079562 0.056933 0.075496 0.026826 0.000000 0.000000 0.000000 -9999.0 -9999.0
-9999.0 -9999.0 -9999.0 -9999.0 -9999.0 -9999.0 -9999.0 0.085757 0.069622 0.034321 0.003133 0.030810 0.054844 0.000000 0.000000 -9999.0 -9999.0
-9999.0 -9999.0 -9999.0 -9999.0 -9999.0 -9999.0 0.130527 0.086050 0.028325 0.121942 0.164614 0.067356 0.050100 0.048192 0.053167 -9999.0 -9999.0
-9999.0 -9999.0 -9999.0 -9999.0 -9999.0 -9999.0 0.071872 0.105189 0.090736 0.106655 0.135164 0.157655 0.048696 0.043763 0.099273 -9999.0 -9999.0
-9999.0 -9999.0 -9999.0 -9999.0 -9999.0 -9999.0 0.144370 0.136146 0.081687 0.086921 0.083563 0.076893 0.025037 0.061085 0.092842 -9999.0 -9999.0
-9999.0 -9999.0 -9999.0 -9999.0 -9999.0 -9999.0 -9999.0 0.096950 0.096470 0.021503 0.156159 0.104304 0.067269 0.052578 0.048711 -9999.0 -9999.0
-9999.0 -9999.0 -9999.0 -9999.0 -9999.0 -9999.0 0.101226 0.074529 0.073994 0.095196 0.108774 0.104036 0.076691 0.039114 0.041756 0.074611 -9999.0
-9999.0 -9999.0 -9999.0 -9999.0 -9999.0 0.114482 0.103515 0.067535 0.084437 0.103832 0.091628 0.092107 0.093474 0.031832 0.075243 0.069217 -9999.0
-9999.0 -9999.0 -9999.0 0.100354 0.212987 0.058148 0.096306 0.085642 0.049638 0.017187 0.065232 0.108226 0.096559 0.081388 0.052937 0.057992 -9999.0
-9999.0 -9999.0 -9999.0 0.098360 0.060350 0.075457 0.117420 0.046800 0.098557 0.079965 0.056171 0.042560 0.006839 0.057469 0.000000 0.055691 -9999.0
-9999.0 -9999.0 0.098469 0.082518 0.078507 0.108725 0.072890 0.040401 0.018121 0.015627 0.021125 0.108289 0.006742 0.022133 0.157193 0.104067 -9999.0
-9999.0 0.110605 0.113293 0.105180 0.127126 0.107533 0.025921 0.008522 0.008621 0.072432 0.079229 0.063422 0.146930 0.094676 0.113803 -9999.0 -9999.0
-9999.0 0.080614 0.101999 0.050248 0.040856 0.046894 0.027659 0.023522 0.001385 0.042945 0.113321 0.131241 0.145267 0.125664 0.000000 0.000000 -9999.0
-9999.0 0.042120 0.081923 0.040292 0.021644 0.014916 0.016590 0.070141 0.005831 0.076519 0.069826 0.120230 0.129796 0.152877 0.122224 -9999.0 -9999.0
-9999.0 0.055310 0.009107 0.021502 0.045681 0.013367 0.003575 0.009476 0.016289 0.065058 0.133688 0.045511 0.102237 0.096110 -9999.0 -9999.0 -9999.0
-9999.0 -9999.0 0.020320 0.027888 0.005181 0.014942 0.038382 0.034548 0.013198 0.088637 0.058737 0.128711 0.079114 0.124941 -9999.0 -9999.0 -9999.0
-9999.0 -9999.0 0.042562 0.030363 0.024132 0.047081 0.093564 0.103525 0.109812 0.077536 0.108321 0.046168 0.120227 -9999.0 -9999.0 -9999.0 -9999.0
-9999.0 -9999.0 -9999.0 -9999.0 0.055255 0.094666 0.093340 0.095960 0.106284 0.081888 0.115626 0.078086 0.106118 -9999.0 -9999.0 -9999.0 -9999.0
-9999.0 -9999.0 -9999.0 -9999.0 -9999.0 0.142990 0.153328 0.166529 0.104968 0.166485 0.110461 0.040038 0.048963 0.083664 -9999.0 -9999.0 -9999.0
-9999.0 -9999.0 -9999.0 -9999.0 -9999.0 -9999.0 0.177696 0.174669 0.112050 0.145957 0.138290 0.138055 0.097683 0.118254 0.137342 -9999.0 -9999.0
-9999.0 -9999.0 -9999.0 -9999.0 -9999.0 -9999.0 -9999.0 0.217222 0.118605 0.108811 0.147658 0.131280 0.136015 0.107286 -9999.0 -9999.0 -9999.0
-9999.0 -9999.0 -9999.0 -9999.0 -9999.0 -9999.0 -9999.0 -9999.0 0.147219 0.136689 0.160858 0.151994 0.152629 0.143363 0.215064 -9999.0 -9999.0
-9999.0 -9999.0 -9999.0 -9999.0 -9999.0 -9999.0 -9999.0 -9999.0 -9999.0 -9999.0 -9999.0 -9999.0 -9999.0 -9999.0 -9999.0 -9999.0 -9999.0