tests/3D/WG1_2.0_001/output-maps-SE27XX/thetaliqL0002N0077.asc
ncols         17
nrows         27
xllcorner     624603.750000
yllcorner     5171346.250000
cellsize      500.000000
NODATA_value  -9999.0
-9999.0 -9999.0 -9999.0 -9999.0 -9999.0 -9999.0 -9999.0 -9999.0 -9999.0 -9999.0 -9999.0 -9999.0 -9999.0 -9999.0 -9999.0 -9999.0 -9999.0
-9999.0 -9999.0 -9999.0 -9999.0 -9999.0 -9999.0 -9999.0 -9999.0 -9999.0 -9999.0 -9999.0 0.129686 0.277129 0.286679 -9999.0 -9999.0 -9999.0
-9999.0 -9999.0 -9999.0 -9999.0 -9999.0 -9999.0 -9999.0 -9999.0 -9999.0 0.110618 0.122936 0.127443 0.276711 0.283028 0.272801 -9999.0 -9999.0
-9999.0 -9999.0 -9999.0 -9999.0 -9999.0 -9999.0 -9999.0 -9999.0 0.114219 0.127414 0.112324 0.130534 0.128433 0.266935 0.282524 -9999.0 -9999.0
-9999.0 -9999.0 -9999.0 -9999.0 -9999.0 -9999.0 -9999.0 -9999.0 0.119625 0.126399 0.122274 0.130339 0.280433 0.275921 0.281782 -9999.0 -9999.0
-9999.0 -9999.0 -9999.0 -9999.0 -9999.0 -9999.0 -9999.0 0.118078 0.126560 0.115301 0.130408 0.127870 0.130510 0.283171 0.278978 -9999.0 -9999.0
-9999.0 -9999.0 -9999.0 -9999.0 -9999.0 -9999.0 0.118468 0.124733 0.112027 0.121298 0.121239 0.128704 0.131062 0.126255 0.128339 -9999.0 -9999.0
-9999.0 -9999.0 -9999.0 -9999.0 -9999.0 -9999.0 0.111937 0.123927 0.126642 0.126841 0.113923 0.121615 0.112990 0.124147 0.127842 -9999.0 -9999.0
-9999.0 -9999.0 -9999.0 -9999.0 -9999.0 -9999.0 0.125142 0.124904 0.125716 0.116635 0.123592 0.117413 0.124466 0.130260 0.128231 -9999.0 -9999.0
-9999.0 -9999.0 -9999.0 -9999.0 -9999.0 -9999.0 -9999.0 0.120666 0.124586 0.116752 0.111520 0.120848 0.128115 0.111591 0.121761 -9999.0 -9999.0
-9999.0 -9999.0 -9999.0 -9999.0 -9999.0 -9999.0 0.118774 0.111671 0.122297 0.122190 0.116839 0.121433 0.126321 0.125798 0.127386 0.129552 -9999.0
-9999.0 -9999.0 -9999.0 -9999.0 -9999.0 0.118868 0.112948 0.114617 0.119286 0.119924 0.113903 0.124099 0.123451 0.120117 0.129063 0.129795 -9999.0
-9999.0 -9999.0 -9999.0 0.111693 0.120532 0.111339 0.116243 0.119809 0.113965 0.121333 0.123721 0.117975 0.123634 0.128316 0.124389 0.125355 -9999.0
-9999.0 -9999.0 -9999.0 0.119123 0.111507 0.122056 0.113868 0.116186 0.112102 0.112353 0.112047 0.122092 0.113580 0.124365 0.282057 0.126149 -9999.0
-9999.0 -9999.0 0.118570 0.119684 0.116707 0.122373 0.122532 0.115021 0.118170 0.118664 0.126136 0.124427 0.120230 0.113972 0.122285 0.128302 -9999.0
-9999.0 0.112594 0.111936 0.122441 0.122407 0.112940 0.122461 0.120818 0.120312 0.113054 0.122356 0.125471 0.121126 0.127010 0.127671 -9999.0 -9999.0
-9999.0 0.112098 0.117266 0.112167 0.112019 0.112370 0.113500 0.114068 0.128442 0.112053 0.113150 0.123349 0.124051 0.121487 0.281096 0.274373 -9999.0
-9999.0 0.113248 0.112788 0.112921 0.113690 0.113701 0.114235 0.113276 0.122823 0.114642 0.112688 0.113699 0.125303 0.124980 0.126365 -9999.0 -9999.0
-9999.0 0.112614 0.122380 0.113370 0.112729 0.114533 0.126032 0.123048 0.123675 0.123459 0.123828 0.122849 0.121357 0.117021 -9999.0 -9999.0 -9999.0
-9999.0 -9999.0 0.113790 0.113351 0.121625 0.120369 0.119749 0.120581 0.126273 0.118210 0.120386 0.124540 0.122439 0.125320 -9999.0 -9999.0 -9999.0
-9999.0 -9999.0 0.112836 0.112639 0.118431 0.122081 0.119603 0.122480 0.123237 0.117421 0.121030 0.111321 0.125162 -9999.0 -9999.0 -9999.0 -9999.0
-9999.0 -9999.0 -9999.0 -9999.0 0.122376 0.122734 0.124210 0.112706 0.123575 0.123151 0.117888 0.119591 0.122734 -9999.0 -9999.0 -9999.0 -9999.0
-9999.0 -9999.0 -9999.0 -9999.0 -9999.0 0.122982 0.122722 0.123241 0.115162 0.123486 0.123168 0.113024 0.112474 0.119940 -9999.0 -9999.0 -9999.0
-9999.0 -9999.0 -9999.0 -9999.0 -9999.0 -9999.0 0.123330 0.123029 0.124287 0.123962 0.124588 0.124298 0.124228 0.123637 0.124215 -9999.0 -9999.0
-9999.0 -9999.0 -9999.0 -9999.0 -9999.0 -9999.0 -9999.0 0.122115 0.123623 0.123242 0.124190 0.122821 0.124370 0.114551 -9999.0 -9999.0 -9999.0
-9999.0 -9999.0 -9999.0 -9999.0 -9999.0 -9999.0 -9999.0 -9999.0 0.120807 0.123026 0.124035 0.123808 0.124312 0.125040 0.118561 -9999.0 -9999.0
-9999.0 -9999.0 -9999.0 -9999.0 -9999.0 -9999.0 -9999.0 -9999.0 -9999.0 -9999.0 -9999.0 -9999.0 -9999.0 -9999.0 -9999.0 -9999.0 -9999.0