tests/3D/WG1_2.0_001/output-maps-SE27XX/thetaliqL0004N0033.asc
ncols         17
nrows         27
xllcorner     624603.750000
yllcorner     5171346.250000
cellsize      500.000000
NODATA_value  -9999.0
-9999.0 -9999.0 -9999.0 -9999.0 -9999.0 -9999.0 -9999.0 -9999.0 -9999.0 -9999.0 -9999.0 -9999.0 -9999.0 -9999.0 -9999.0 -9999.0 -9999.0
-9999.0 -9999.0 -9999.0 -9999.0 -9999.0 -9999.0 -9999.0 -9999.0 -9999.0 -9999.0 -9999.0 0.269783 0.335880 0.323041 -9999.0 -9999.0 -9999.0
-9999.0 -9999.0 -9999.0 -9999.0 -9999.0 -9999.0 -9999.0 -9999.0 -9999.0 0.328139 0.315432 0.294203 0.336436 0.327220 0.344936 -9999.0 -9999.0
-9999.0 -9999.0 -9999.0 -9999.0 -9999.0 -9999.0 -9999.0 -9999.0 0.339709 0.290231 0.359266 0.282619 0.295993 0.365487 0.327856 -9999.0 -9999.0
-9999.0 -9999.0 -9999.0 -9999.0 -9999.0 -9999.0 -9999.0 -9999.0 0.318421 0.297390 0.341958 0.297159 0.330765 0.337773 0.328790 -9999.0 -9999.0
-9999.0 -9999.0 -9999.0 -9999.0 -9999.0 -9999.0 -9999.0 0.324172 0.298377 0.350483 0.321378 0.297459 0.287114 0.327040 0.332912 -9999.0 -9999.0
-9999.0 -9999.0 -9999.0 -9999.0 -9999.0 -9999.0 0.317881 0.291533 0.352910 0.298038 0.345744 0.295187 0.283113 0.295008 0.288544 -9999.0 -9999.0
-9999.0 -9999.0 -9999.0 -9999.0 -9999.0 -9999.0 0.331999 0.301319 0.289367 0.295856 0.305803 0.342552 0.352599 0.316552 0.329572 -9999.0 -9999.0
-9999.0 -9999.0 -9999.0 -9999.0 -9999.0 -9999.0 0.292060 0.300507 0.297603 0.341950 0.291160 0.307244 0.306714 0.284030 0.316520 -9999.0 -9999.0
-9999.0 -9999.0 -9999.0 -9999.0 -9999.0 -9999.0 -9999.0 0.301170 0.302341 0.345681 0.306689 0.305389 0.289189 0.378649 0.322949 -9999.0 -9999.0
-9999.0 -9999.0 -9999.0 -9999.0 -9999.0 -9999.0 0.308110 0.337546 0.308007 0.301198 0.302565 0.300876 0.300255 0.313787 0.294494 0.283612 -9999.0
-9999.0 -9999.0 -9999.0 -9999.0 -9999.0 0.306887 0.325569 0.330984 0.302007 0.309151 0.302073 0.300363 0.321215 0.327664 0.287893 0.276602 -9999.0
-9999.0 -9999.0 -9999.0 0.327674 0.335555 0.339033 0.326285 0.301621 0.312566 0.314743 0.297864 0.306005 0.317962 0.278077 0.297534 0.307676 -9999.0
-9999.0 -9999.0 -9999.0 0.313897 0.337892 0.305480 0.315911 0.311509 0.308747 0.320548 0.312557 0.302210 0.356017 0.312346 0.327353 0.303971 -9999.0
-9999.0 -9999.0 0.312677 0.311106 0.322552 0.312953 0.303282 0.308837 0.316251 0.307104 0.308336 0.296868 0.342849 0.343109 0.337867 0.286730 -9999.0
-9999.0 0.312931 0.313020 0.297122 0.299833 0.312594 0.306135 0.315448 0.314476 0.328479 0.316422 0.292541 0.337751 0.275965 0.274527 -9999.0 -9999.0
-9999.0 0.316203 0.302631 0.324067 0.329110 0.320161 0.328867 0.333635 0.314612 0.323409 0.331169 0.304485 0.306775 0.311885 0.329405 0.340650 -9999.0
-9999.0 0.318397 0.320864 0.322216 0.326265 0.318008 0.324733 0.314260 0.324721 0.325763 0.319228 0.310554 0.283880 0.291471 0.272758 -9999.0 -9999.0
-9999.0 0.319535 0.315441 0.323752 0.320006 0.320803 0.323803 0.327219 0.321787 0.312706 0.293160 0.320903 0.314503 0.325357 -9999.0 -9999.0 -9999.0
-9999.0 -9999.0 0.330161 0.323209 0.331861 0.329062 0.327716 0.323772 0.310370 0.317382 0.305334 0.292239 0.306307 0.289119 -9999.0 -9999.0 -9999.0
-9999.0 -9999.0 0.325435 0.321226 0.334756 0.318144 0.327102 0.308149 0.294348 0.308858 0.308188 0.342636 0.275817 -9999.0 -9999.0 -9999.0 -9999.0
-9999.0 -9999.0 -9999.0 -9999.0 0.313918 0.302881 0.291645 0.313747 0.296452 0.296900 0.301928 0.317873 0.308185 -9999.0 -9999.0 -9999.0 -9999.0
-9999.0 -9999.0 -9999.0 -9999.0 -9999.0 0.298048 0.289834 0.285646 0.305915 0.297352 0.298017 0.351485 0.337835 0.320975 -9999.0 -9999.0 -9999.0
-9999.0 -9999.0 -9999.0 -9999.0 -9999.0 -9999.0 0.283821 0.286204 0.290963 0.283010 0.284885 0.288785 0.298054 0.301859 0.294644 -9999.0 -9999.0
-9999.0 -9999.0 -9999.0 -9999.0 -9999.0 -9999.0 -9999.0 0.291463 0.300809 0.304057 0.285179 0.287474 0.283879 0.325856 -9999.0 -9999.0 -9999.0
-9999.0 -9999.0 -9999.0 -9999.0 -9999.0 -9999.0 -9999.0 -9999.0 0.312745 0.297811 0.290406 0.289783 0.282036 0.274035 0.320511 -9999.0 -9999.0
-9999.0 -9999.0 -9999.0 -9999.0 -9999.0 -9999.0 -9999.0 -9999.0 -9999.0 -9999.0 -9999.0 -9999.0 -9999.0 -9999.0 -9999.0 -9999.0 -9999.0