tests/3D/WG1_2.0_001/output-maps-SE27XX/thetaliqL0005N0001.asc
ncols         17
nrows         27
xllcorner     624603.750000
yllcorner     5171346.250000
cellsize      500.000000
NODATA_value  -9999.0
-9999.0 -9999.0 -9999.0 -9999.0 -9999.0 -9999.0 -9999.0 -9999.0 -9999.0 -9999.0 -9999.0 -9999.0 -9999.0 -9999.0 -9999.0 -9999.0 -9999.0
-9999.0 -9999.0 -9999.0 -9999.0 -9999.0 -9999.0 -9999.0 -9999.0 -9999.0 -9999.0 -9999.0 0.387275 0.401882 0.389230 -9999.0 -9999.0 -9999.0
-9999.0 -9999.0 -9999.0 -9999.0 -9999.0 -9999.0 -9999.0 -9999.0 -9999.0 0.423668 0.405002 0.389413 0.402413 0.393389 0.410478 -9999.0 -9999.0
-9999.0 -9999.0 -9999.0 -9999.0 -9999.0 -9999.0 -9999.0 -9999.0 0.404341 0.395881 0.403890 0.389771 0.401172 0.425966 0.394061 -9999.0 -9999.0
-9999.0 -9999.0 -9999.0 -9999.0 -9999.0 -9999.0 -9999.0 -9999.0 0.398380 0.390046 0.421190 0.388117 0.396672 0.403680 0.394951 -9999.0 -9999.0
-9999.0 -9999.0 -9999.0 -9999.0 -9999.0 -9999.0 -9999.0 0.394932 0.394628 0.404084 0.389491 0.387948 0.392682 0.393207 0.398994 -9999.0 -9999.0
-9999.0 -9999.0 -9999.0 -9999.0 -9999.0 -9999.0 0.410208 0.389989 0.402090 0.401829 0.433982 0.403650 0.391153 0.389710 0.389268 -9999.0 -9999.0
-9999.0 -9999.0 -9999.0 -9999.0 -9999.0 -9999.0 0.398259 0.398849 0.399640 0.399802 0.407649 0.432470 0.404751 0.393476 0.423079 -9999.0 -9999.0
-9999.0 -9999.0 -9999.0 -9999.0 -9999.0 -9999.0 0.401645 0.406115 0.395129 0.413410 0.389085 0.395646 0.389433 0.394745 0.414534 -9999.0 -9999.0
-9999.0 -9999.0 -9999.0 -9999.0 -9999.0 -9999.0 -9999.0 0.389743 0.401060 0.401236 0.407490 0.402268 0.394241 0.430431 0.397604 -9999.0 -9999.0
-9999.0 -9999.0 -9999.0 -9999.0 -9999.0 -9999.0 0.391965 0.400166 0.392045 0.395040 0.400200 0.400496 0.406649 0.396535 0.388243 0.395019 -9999.0
-9999.0 -9999.0 -9999.0 -9999.0 -9999.0 0.397038 0.395827 0.394876 0.390680 0.400943 0.395822 0.398057 0.415103 0.392221 0.398052 0.386976 -9999.0
-9999.0 -9999.0 -9999.0 0.399557 0.427474 0.402075 0.397188 0.389702 0.392128 0.389618 0.388855 0.403434 0.413967 0.386925 0.388148 0.397899 -9999.0
-9999.0 -9999.0 -9999.0 0.392365 0.404639 0.386656 0.404273 0.391102 0.397171 0.405623 0.398609 0.390206 0.406433 0.400408 0.392665 0.390294 -9999.0
-9999.0 -9999.0 0.393313 0.392438 0.389002 0.409661 0.390291 0.390906 0.395162 0.387757 0.390632 0.401156 0.392737 0.396888 0.431103 0.396776 -9999.0
-9999.0 0.400242 0.400554 0.392737 0.405357 0.402475 0.386452 0.389046 0.393027 0.414405 0.406559 0.386859 0.431476 0.390684 0.389775 -9999.0 -9999.0
-9999.0 0.397694 0.394163 0.397512 0.399013 0.395983 0.402413 0.404045 0.386549 0.402240 0.417591 0.409501 0.410093 0.409765 0.395436 0.406454 -9999.0
-9999.0 0.392601 0.407526 0.400597 0.399574 0.391907 0.398368 0.398326 0.395490 0.411655 0.400655 0.401688 0.396342 0.400623 0.387336 -9999.0 -9999.0
-9999.0 0.398108 0.387186 0.395296 0.390099 0.392134 0.390897 0.398026 0.399840 0.399441 0.399398 0.391191 0.403367 0.396299 -9999.0 -9999.0 -9999.0
-9999.0 -9999.0 0.398948 0.391757 0.394567 0.400867 0.407363 0.404173 0.387813 0.402634 0.387907 0.401349 0.390054 0.398173 -9999.0 -9999.0 -9999.0
-9999.0 -9999.0 0.392789 0.394599 0.407699 0.401167 0.416477 0.406867 0.401071 0.393513 0.402184 0.397736 0.391041 -9999.0 -9999.0 -9999.0 -9999.0
-9999.0 -9999.0 -9999.0 -9999.0 0.397769 0.398206 0.388350 0.399042 0.397377 0.386916 0.393035 0.395533 0.399007 -9999.0 -9999.0 -9999.0 -9999.0
-9999.0 -9999.0 -9999.0 -9999.0 -9999.0 0.403597 0.399725 0.396662 0.395605 0.404407 0.395839 0.410969 0.395337 0.394505 -9999.0 -9999.0 -9999.0
-9999.0 -9999.0 -9999.0 -9999.0 -9999.0 -9999.0 0.399890 0.398121 0.391464 0.393300 0.393024 0.396276 0.391220 0.399327 0.399901 -9999.0 -9999.0
-9999.0 -9999.0 -9999.0 -9999.0 -9999.0 -9999.0 -9999.0 0.410623 0.398770 0.399844 0.396443 0.392623 0.391554 0.396936 -9999.0 -9999.0 -9999.0
-9999.0 -9999.0 -9999.0 -9999.0 -9999.0 -9999.0 -9999.0 -9999.0 0.411607 0.402946 0.401368 0.399995 0.395647 0.390644 0.419683 -9999.0 -9999.0
-9999.0 -9999.0 -9999.0 -9999.0 -9999.0 -9999.0 -9999.0 -9999.0 -9999.0 -9999.0 -9999.0 -9999.0 -9999.0 -9999.0 -9999.0 -9999.0 -9999.0