tests/3D/WG1_2.0_001/output-maps-SE27XX/thetaliqL0002N0060.asc
ncols         17
nrows         27
xllcorner     624603.750000
yllcorner     5171346.250000
cellsize      500.000000
NODATA_value  -9999.0
-9999.0 -9999.0 -9999.0 -9999.0 -9999.0 -9999.0 -9999.0 -9999.0 -9999.0 -9999.0 -9999.0 -9999.0 -9999.0 -9999.0 -9999.0 -9999.0 -9999.0
-9999.0 -9999.0 -9999.0 -9999.0 -9999.0 -9999.0 -9999.0 -9999.0 -9999.0 -9999.0 -9999.0 0.134399 0.306976 0.292442 -9999.0 -9999.0 -9999.0
-9999.0 -9999.0 -9999.0 -9999.0 -9999.0 -9999.0 -9999.0 -9999.0 -9999.0 0.132127 0.133218 0.135183 0.307611 0.297252 0.316876 -9999.0 -9999.0
-9999.0 -9999.0 -9999.0 -9999.0 -9999.0 -9999.0 -9999.0 -9999.0 0.148455 0.133455 0.165522 0.136887 0.133963 0.324745 0.297934 -9999.0 -9999.0
-9999.0 -9999.0 -9999.0 -9999.0 -9999.0 -9999.0 -9999.0 -9999.0 0.131807 0.135773 0.133963 0.149180 0.301474 0.309108 0.299033 -9999.0 -9999.0
-9999.0 -9999.0 -9999.0 -9999.0 -9999.0 -9999.0 -9999.0 0.132011 0.133880 0.161812 0.156146 0.146925 0.138197 0.297053 0.303674 -9999.0 -9999.0
-9999.0 -9999.0 -9999.0 -9999.0 -9999.0 -9999.0 0.131028 0.131738 0.174339 0.132742 0.129581 0.137833 0.140958 0.137620 0.135967 -9999.0 -9999.0
-9999.0 -9999.0 -9999.0 -9999.0 -9999.0 -9999.0 0.158108 0.130909 0.134235 0.133337 0.136109 0.130091 0.164248 0.138454 0.135671 -9999.0 -9999.0
-9999.0 -9999.0 -9999.0 -9999.0 -9999.0 -9999.0 0.133569 0.133170 0.132209 0.133816 0.132666 0.135074 0.151450 0.138275 0.136498 -9999.0 -9999.0
-9999.0 -9999.0 -9999.0 -9999.0 -9999.0 -9999.0 -9999.0 0.131503 0.132161 0.160303 0.135206 0.134966 0.136013 0.171538 0.138702 -9999.0 -9999.0
-9999.0 -9999.0 -9999.0 -9999.0 -9999.0 -9999.0 0.131856 0.160261 0.132947 0.131930 0.135440 0.131719 0.135024 0.143010 0.140943 0.135591 -9999.0
-9999.0 -9999.0 -9999.0 -9999.0 -9999.0 0.133838 0.139499 0.146791 0.134363 0.132434 0.139764 0.131994 0.132353 0.150036 0.137217 0.135486 -9999.0
-9999.0 -9999.0 -9999.0 0.151212 0.129428 0.190662 0.134049 0.134539 0.156241 0.156329 0.134524 0.133526 0.131851 0.134856 0.136830 0.136641 -9999.0
-9999.0 -9999.0 -9999.0 0.134972 0.186870 0.133522 0.136890 0.155649 0.141458 0.149769 0.159101 0.144249 0.318752 0.137848 0.297866 0.134788 -9999.0
-9999.0 -9999.0 0.135511 0.135858 0.138263 0.132256 0.134210 0.158513 0.159594 0.158207 0.152765 0.133442 0.173186 0.174222 0.132156 0.135679 -9999.0
-9999.0 0.136916 0.135952 0.133987 0.132126 0.136511 0.153438 0.159674 0.160613 0.152671 0.132425 0.136063 0.130481 0.135156 0.134534 -9999.0 -9999.0
-9999.0 0.151648 0.136059 0.156018 0.156206 0.153056 0.155818 0.156813 0.159189 0.155525 0.135348 0.132263 0.132318 0.131655 0.300050 0.312245 -9999.0
-9999.0 0.156761 0.150635 0.151368 0.160804 0.195745 0.244060 0.150527 0.153821 0.148624 0.156177 0.137156 0.134173 0.133343 0.133316 -9999.0 -9999.0
-9999.0 0.153019 0.152862 0.163308 0.151118 0.199076 0.149584 0.149835 0.153149 0.135849 0.134019 0.142986 0.132537 0.135843 -9999.0 -9999.0 -9999.0
-9999.0 -9999.0 0.159590 0.151277 0.146389 0.148216 0.149964 0.151097 0.155311 0.137987 0.138723 0.132781 0.132912 0.134206 -9999.0 -9999.0 -9999.0
-9999.0 -9999.0 0.143174 0.179537 0.147284 0.145239 0.132326 0.132275 0.134311 0.140239 0.133308 0.201049 0.134105 -9999.0 -9999.0 -9999.0 -9999.0
-9999.0 -9999.0 -9999.0 -9999.0 0.139672 0.132911 0.132464 0.140130 0.133877 0.133638 0.133032 0.136011 0.131261 -9999.0 -9999.0 -9999.0 -9999.0
-9999.0 -9999.0 -9999.0 -9999.0 -9999.0 0.132516 0.131941 0.131626 0.137252 0.133750 0.134245 0.176900 0.174824 0.135205 -9999.0 -9999.0 -9999.0
-9999.0 -9999.0 -9999.0 -9999.0 -9999.0 -9999.0 0.131514 0.131302 0.132118 0.132211 0.133092 0.132309 0.132117 0.132030 0.131228 -9999.0 -9999.0
-9999.0 -9999.0 -9999.0 -9999.0 -9999.0 -9999.0 -9999.0 0.131187 0.132369 0.132990 0.132374 0.131861 0.131935 0.141307 -9999.0 -9999.0 -9999.0
-9999.0 -9999.0 -9999.0 -9999.0 -9999.0 -9999.0 -9999.0 -9999.0 0.133155 0.132584 0.132206 0.132624 0.133169 0.133865 0.133582 -9999.0 -9999.0
-9999.0 -9999.0 -9999.0 -9999.0 -9999.0 -9999.0 -9999.0 -9999.0 -9999.0 -9999.0 -9999.0 -9999.0 -9999.0 -9999.0 -9999.0 -9999.0 -9999.0