tests/3D/WG1_2.0_001/output-maps-SE27XX/thetaliqL0005N0082.asc
ncols         17
nrows         27
xllcorner     624603.750000
yllcorner     5171346.250000
cellsize      500.000000
NODATA_value  -9999.0
-9999.0 -9999.0 -9999.0 -9999.0 -9999.0 -9999.0 -9999.0 -9999.0 -9999.0 -9999.0 -9999.0 -9999.0 -9999.0 -9999.0 -9999.0 -9999.0 -9999.0
-9999.0 -9999.0 -9999.0 -9999.0 -9999.0 -9999.0 -9999.0 -9999.0 -9999.0 -9999.0 -9999.0 0.354442 0.395427 0.381604 -9999.0 -9999.0 -9999.0
-9999.0 -9999.0 -9999.0 -9999.0 -9999.0 -9999.0 -9999.0 -9999.0 -9999.0 0.374999 0.369697 0.360785 0.396234 0.386766 0.402628 -9999.0 -9999.0
-9999.0 -9999.0 -9999.0 -9999.0 -9999.0 -9999.0 -9999.0 -9999.0 0.364926 0.360280 0.375498 0.363012 0.364173 0.422712 0.386730 -9999.0 -9999.0
-9999.0 -9999.0 -9999.0 -9999.0 -9999.0 -9999.0 -9999.0 -9999.0 0.363604 0.360980 0.385619 0.367797 0.393832 0.397682 0.388642 -9999.0 -9999.0
-9999.0 -9999.0 -9999.0 -9999.0 -9999.0 -9999.0 -9999.0 0.357824 0.363840 0.379259 0.371978 0.365433 0.363181 0.386628 0.393003 -9999.0 -9999.0
-9999.0 -9999.0 -9999.0 -9999.0 -9999.0 -9999.0 0.363253 0.354014 0.374729 0.363266 0.387588 0.371020 0.360652 0.359190 0.358156 -9999.0 -9999.0
-9999.0 -9999.0 -9999.0 -9999.0 -9999.0 -9999.0 0.359118 0.356571 0.364971 0.365000 0.367257 0.385425 0.371537 0.365565 0.381545 -9999.0 -9999.0
-9999.0 -9999.0 -9999.0 -9999.0 -9999.0 -9999.0 0.354144 0.358957 0.359542 0.377039 0.358464 0.362982 0.366819 0.362088 0.374966 -9999.0 -9999.0
-9999.0 -9999.0 -9999.0 -9999.0 -9999.0 -9999.0 -9999.0 0.349621 0.361330 0.376345 0.366611 0.365422 0.364207 0.389394 0.367419 -9999.0 -9999.0
-9999.0 -9999.0 -9999.0 -9999.0 -9999.0 -9999.0 0.351179 0.360115 0.357541 0.357023 0.360044 0.362746 0.371752 0.369053 0.359822 0.360587 -9999.0
-9999.0 -9999.0 -9999.0 -9999.0 -9999.0 0.353305 0.353910 0.358364 0.353213 0.360205 0.357970 0.362572 0.375013 0.365999 0.362517 0.355375 -9999.0
-9999.0 -9999.0 -9999.0 0.354775 0.375416 0.363136 0.357189 0.352648 0.358098 0.364557 0.360679 0.364189 0.374547 0.352019 0.356868 0.365721 -9999.0
-9999.0 -9999.0 -9999.0 0.353006 0.362414 0.353193 0.357460 0.358816 0.355300 0.366115 0.363602 0.365290 0.391883 0.369379 0.386381 0.359714 -9999.0
-9999.0 -9999.0 0.351671 0.357162 0.352721 0.366327 0.356128 0.358959 0.368597 0.365865 0.369421 0.366223 0.375173 0.370135 0.380545 0.355252 -9999.0
-9999.0 0.347369 0.351900 0.351270 0.360151 0.355041 0.358130 0.364509 0.370415 0.373591 0.369633 0.356838 0.383427 0.353761 0.345868 -9999.0 -9999.0
-9999.0 0.350866 0.351382 0.358736 0.363205 0.359298 0.368583 0.372677 0.370052 0.366122 0.372519 0.362995 0.362088 0.361408 0.389032 0.399409 -9999.0
-9999.0 0.355278 0.360884 0.363713 0.369299 0.366630 0.372358 0.364909 0.374762 0.369835 0.359918 0.353340 0.350593 0.351885 0.343729 -9999.0 -9999.0
-9999.0 0.359869 0.360300 0.368052 0.361413 0.368576 0.374983 0.377803 0.376699 0.367137 0.356742 0.363173 0.362143 0.354769 -9999.0 -9999.0 -9999.0
-9999.0 -9999.0 0.369388 0.365535 0.377274 0.377444 0.378671 0.374838 0.365139 0.364877 0.354815 0.356152 0.355890 0.356011 -9999.0 -9999.0 -9999.0
-9999.0 -9999.0 0.364301 0.361411 0.378060 0.369348 0.372993 0.365703 0.362964 0.360961 0.361924 0.362695 0.348011 -9999.0 -9999.0 -9999.0 -9999.0
-9999.0 -9999.0 -9999.0 -9999.0 0.364535 0.357570 0.348867 0.354001 0.360140 0.356168 0.354130 0.360979 0.356098 -9999.0 -9999.0 -9999.0 -9999.0
-9999.0 -9999.0 -9999.0 -9999.0 -9999.0 0.355451 0.350804 0.346404 0.354201 0.361656 0.359963 0.377408 0.361763 0.357381 -9999.0 -9999.0 -9999.0
-9999.0 -9999.0 -9999.0 -9999.0 -9999.0 -9999.0 0.348767 0.348141 0.349544 0.349977 0.353026 0.354992 0.353535 0.357302 0.353283 -9999.0 -9999.0
-9999.0 -9999.0 -9999.0 -9999.0 -9999.0 -9999.0 -9999.0 0.357729 0.354386 0.357714 0.352621 0.351854 0.348024 0.352580 -9999.0 -9999.0 -9999.0
-9999.0 -9999.0 -9999.0 -9999.0 -9999.0 -9999.0 -9999.0 -9999.0 0.361268 0.355967 0.355495 0.355527 0.349454 0.345999 0.369518 -9999.0 -9999.0
-9999.0 -9999.0 -9999.0 -9999.0 -9999.0 -9999.0 -9999.0 -9999.0 -9999.0 -9999.0 -9999.0 -9999.0 -9999.0 -9999.0 -9999.0 -9999.0 -9999.0