tests/3D/WG1_2.0_001/output-maps-SE27XX/thetaiceL0002N0014.asc
ncols         17
nrows         27
xllcorner     624603.750000
yllcorner     5171346.250000
cellsize      500.000000
NODATA_value  -9999.0
-9999.0 -9999.0 -9999.0 -9999.0 -9999.0 -9999.0 -9999.0 -9999.0 -9999.0 -9999.0 -9999.0 -9999.0 -9999.0 -9999.0 -9999.0 -9999.0 -9999.0
-9999.0 -9999.0 -9999.0 -9999.0 -9999.0 -9999.0 -9999.0 -9999.0 -9999.0 -9999.0 -9999.0 0.155779 0.010689 0.009449 -9999.0 -9999.0 -9999.0
-9999.0 -9999.0 -9999.0 -9999.0 -9999.0 -9999.0 -9999.0 -9999.0 -9999.0 0.357338 0.307827 0.282710 0.010787 0.009874 0.011345 -9999.0 -9999.0
-9999.0 -9999.0 -9999.0 -9999.0 -9999.0 -9999.0 -9999.0 -9999.0 0.297556 0.261768 0.254926 0.213214 0.317472 0.012570 0.009940 -9999.0 -9999.0
-9999.0 -9999.0 -9999.0 -9999.0 -9999.0 -9999.0 -9999.0 -9999.0 0.261228 0.218469 0.272369 0.213236 0.010188 0.010930 0.010045 -9999.0 -9999.0
-9999.0 -9999.0 -9999.0 -9999.0 -9999.0 -9999.0 -9999.0 0.254071 0.227721 0.230274 0.165997 0.204612 0.216435 0.009857 0.010400 -9999.0 -9999.0
-9999.0 -9999.0 -9999.0 -9999.0 -9999.0 -9999.0 0.324795 0.244305 0.236593 0.339648 0.320854 0.261395 0.227442 0.255742 0.218457 -9999.0 -9999.0
-9999.0 -9999.0 -9999.0 -9999.0 -9999.0 -9999.0 0.259309 0.265202 0.230263 0.332108 0.340020 0.309969 0.262787 0.225146 0.300010 -9999.0 -9999.0
-9999.0 -9999.0 -9999.0 -9999.0 -9999.0 -9999.0 0.314054 0.290107 0.216643 0.229701 0.312716 0.289049 0.198532 0.224584 0.304673 -9999.0 -9999.0
-9999.0 -9999.0 -9999.0 -9999.0 -9999.0 -9999.0 -9999.0 0.239455 0.229908 0.195099 0.340103 0.304876 0.200267 0.339340 0.272084 -9999.0 -9999.0
-9999.0 -9999.0 -9999.0 -9999.0 -9999.0 -9999.0 0.241459 0.251093 0.202268 0.277643 0.308961 0.315205 0.229399 0.221680 0.204472 0.232110 -9999.0
-9999.0 -9999.0 -9999.0 -9999.0 -9999.0 0.274858 0.227285 0.219264 0.248224 0.265572 0.285758 0.293807 0.240258 0.206787 0.270487 0.208455 -9999.0
-9999.0 -9999.0 -9999.0 0.296668 0.326972 0.256146 0.228649 0.237497 0.220291 0.188605 0.243201 0.300144 0.216168 0.285613 0.218190 0.260324 -9999.0
-9999.0 -9999.0 -9999.0 0.247024 0.259057 0.191728 0.251003 0.207079 0.232551 0.247266 0.242564 0.261916 0.208667 0.212850 0.009905 0.214532 -9999.0
-9999.0 -9999.0 0.246591 0.214341 0.189705 0.230387 0.212681 0.193171 0.202534 0.174971 0.227350 0.314019 0.167939 0.190792 0.355128 0.271060 -9999.0
-9999.0 0.279739 0.280614 0.266291 0.258475 0.256841 0.168220 0.182645 0.191241 0.289762 0.267608 0.230163 0.291826 0.224174 0.262282 -9999.0 -9999.0
-9999.0 0.241478 0.255333 0.220719 0.217253 0.156870 0.223672 0.187957 0.164881 0.240513 0.325584 0.223821 0.261740 0.286956 0.010073 0.011215 -9999.0
-9999.0 0.214024 0.239973 0.250534 0.192497 0.137011 0.175194 0.184266 0.160899 0.256790 0.240483 0.267945 0.246312 0.267390 0.279187 -9999.0 -9999.0
-9999.0 0.200131 0.197422 0.156709 0.121109 0.177336 0.130911 0.108705 0.170969 0.235243 0.303108 0.170966 0.235635 0.248366 -9999.0 -9999.0 -9999.0
-9999.0 -9999.0 0.188325 0.101905 0.103468 0.105801 0.155601 0.194083 0.203961 0.228709 0.196395 0.215711 0.197361 0.251260 -9999.0 -9999.0 -9999.0
-9999.0 -9999.0 0.144313 0.181989 0.160046 0.174819 0.269984 0.215884 0.255349 0.225010 0.243380 0.200164 0.213839 -9999.0 -9999.0 -9999.0 -9999.0
-9999.0 -9999.0 -9999.0 -9999.0 0.194945 0.197586 0.225519 0.265901 0.269763 0.218061 0.243288 0.193270 0.222594 -9999.0 -9999.0 -9999.0 -9999.0
-9999.0 -9999.0 -9999.0 -9999.0 -9999.0 0.271447 0.217088 0.293425 0.260555 0.326665 0.278069 0.238179 0.204451 0.225128 -9999.0 -9999.0 -9999.0
-9999.0 -9999.0 -9999.0 -9999.0 -9999.0 -9999.0 0.248959 0.244839 0.206362 0.287713 0.293547 0.291945 0.203359 0.245346 0.263942 -9999.0 -9999.0
-9999.0 -9999.0 -9999.0 -9999.0 -9999.0 -9999.0 -9999.0 0.313247 0.222438 0.235142 0.207833 0.295210 0.294685 0.243135 -9999.0 -9999.0 -9999.0
-9999.0 -9999.0 -9999.0 -9999.0 -9999.0 -9999.0 -9999.0 -9999.0 0.317609 0.254067 0.246830 0.241305 0.237336 0.255325 0.350147 -9999.0 -9999.0
-9999.0 -9999.0 -9999.0 -9999.0 -9999.0 -9999.0 -9999.0 -9999.0 -9999.0 -9999.0 -9999.0 -9999.0 -9999.0 -9999.0 -9999.0 -9999.0 -9999.0