tests/3D/WG1_2.0_001/output-maps-SE27XX/thetaliqL0004N0037.asc
ncols         17
nrows         27
xllcorner     624603.750000
yllcorner     5171346.250000
cellsize      500.000000
NODATA_value  -9999.0
-9999.0 -9999.0 -9999.0 -9999.0 -9999.0 -9999.0 -9999.0 -9999.0 -9999.0 -9999.0 -9999.0 -9999.0 -9999.0 -9999.0 -9999.0 -9999.0 -9999.0
-9999.0 -9999.0 -9999.0 -9999.0 -9999.0 -9999.0 -9999.0 -9999.0 -9999.0 -9999.0 -9999.0 0.273078 0.335428 0.322536 -9999.0 -9999.0 -9999.0
-9999.0 -9999.0 -9999.0 -9999.0 -9999.0 -9999.0 -9999.0 -9999.0 -9999.0 0.333124 0.317912 0.294571 0.335987 0.326744 0.344480 -9999.0 -9999.0
-9999.0 -9999.0 -9999.0 -9999.0 -9999.0 -9999.0 -9999.0 -9999.0 0.334277 0.289228 0.351962 0.282093 0.300307 0.364739 0.327371 -9999.0 -9999.0
-9999.0 -9999.0 -9999.0 -9999.0 -9999.0 -9999.0 -9999.0 -9999.0 0.317247 0.297483 0.340019 0.297334 0.330364 0.337330 0.328320 -9999.0 -9999.0
-9999.0 -9999.0 -9999.0 -9999.0 -9999.0 -9999.0 -9999.0 0.320358 0.297135 0.344958 0.320074 0.297224 0.285706 0.326563 0.332455 -9999.0 -9999.0
-9999.0 -9999.0 -9999.0 -9999.0 -9999.0 -9999.0 0.317713 0.289816 0.345410 0.302160 0.347537 0.300593 0.282119 0.294453 0.287425 -9999.0 -9999.0
-9999.0 -9999.0 -9999.0 -9999.0 -9999.0 -9999.0 0.324102 0.299907 0.295540 0.300041 0.309123 0.345659 0.345968 0.316806 0.333389 -9999.0 -9999.0
-9999.0 -9999.0 -9999.0 -9999.0 -9999.0 -9999.0 0.290574 0.299325 0.294676 0.337439 0.288238 0.307593 0.308452 0.285602 0.319802 -9999.0 -9999.0
-9999.0 -9999.0 -9999.0 -9999.0 -9999.0 -9999.0 -9999.0 0.302238 0.297822 0.339902 0.304795 0.301065 0.287244 0.364318 0.321534 -9999.0 -9999.0
-9999.0 -9999.0 -9999.0 -9999.0 -9999.0 -9999.0 0.306413 0.328446 0.309185 0.297701 0.298911 0.296239 0.302448 0.316045 0.293686 0.286853 -9999.0
-9999.0 -9999.0 -9999.0 -9999.0 -9999.0 0.305951 0.318068 0.323492 0.301171 0.304498 0.300148 0.295551 0.314930 0.324561 0.293426 0.275993 -9999.0
-9999.0 -9999.0 -9999.0 0.318471 0.328324 0.327779 0.319240 0.299489 0.308331 0.311439 0.295002 0.299292 0.312108 0.275372 0.297418 0.308469 -9999.0
-9999.0 -9999.0 -9999.0 0.307953 0.327062 0.304293 0.307194 0.307102 0.306718 0.318108 0.310779 0.302311 0.349868 0.310832 0.327142 0.305761 -9999.0
-9999.0 -9999.0 0.307714 0.308651 0.315479 0.306397 0.300286 0.306986 0.312843 0.305735 0.307297 0.301501 0.337167 0.337022 0.343120 0.289170 -9999.0
-9999.0 0.304845 0.305988 0.288449 0.302273 0.306958 0.304001 0.309991 0.310874 0.325453 0.308821 0.287739 0.342106 0.281096 0.277433 -9999.0 -9999.0
-9999.0 0.308324 0.297432 0.315755 0.320484 0.314109 0.320520 0.325880 0.310259 0.317279 0.323389 0.307985 0.305979 0.307503 0.329084 0.340203 -9999.0
-9999.0 0.311512 0.315800 0.313779 0.318097 0.311899 0.319001 0.311918 0.318195 0.322562 0.315053 0.304237 0.284142 0.288708 0.276650 -9999.0 -9999.0
-9999.0 0.312391 0.307795 0.316600 0.313379 0.314752 0.316483 0.322141 0.319222 0.306652 0.291321 0.316031 0.310403 0.318654 -9999.0 -9999.0 -9999.0
-9999.0 -9999.0 0.321623 0.316678 0.322744 0.323488 0.325069 0.320268 0.307286 0.310134 0.302622 0.294998 0.306570 0.290836 -9999.0 -9999.0 -9999.0
-9999.0 -9999.0 0.318349 0.314231 0.326181 0.314569 0.319689 0.301549 0.298580 0.305236 0.298080 0.331838 0.278948 -9999.0 -9999.0 -9999.0 -9999.0
-9999.0 -9999.0 -9999.0 -9999.0 0.310167 0.292601 0.281960 0.308851 0.292895 0.290036 0.295484 0.315179 0.303736 -9999.0 -9999.0 -9999.0 -9999.0
-9999.0 -9999.0 -9999.0 -9999.0 -9999.0 0.298784 0.290495 0.280155 0.301050 0.289333 0.290322 0.338882 0.327915 0.314844 -9999.0 -9999.0 -9999.0
-9999.0 -9999.0 -9999.0 -9999.0 -9999.0 -9999.0 0.278346 0.280633 0.282559 0.283569 0.285246 0.291034 0.293640 0.294004 0.296023 -9999.0 -9999.0
-9999.0 -9999.0 -9999.0 -9999.0 -9999.0 -9999.0 -9999.0 0.284120 0.291452 0.296689 0.284923 0.285789 0.282189 0.317775 -9999.0 -9999.0 -9999.0
-9999.0 -9999.0 -9999.0 -9999.0 -9999.0 -9999.0 -9999.0 -9999.0 0.315732 0.300186 0.288021 0.288880 0.280256 0.273421 0.306723 -9999.0 -9999.0
-9999.0 -9999.0 -9999.0 -9999.0 -9999.0 -9999.0 -9999.0 -9999.0 -9999.0 -9999.0 -9999.0 -9999.0 -9999.0 -9999.0 -9999.0 -9999.0 -9999.0