tests/3D/WG1_2.0_001/output-maps-SE27XX/thetaliqL0002N0074.asc
ncols         17
nrows         27
xllcorner     624603.750000
yllcorner     5171346.250000
cellsize      500.000000
NODATA_value  -9999.0
-9999.0 -9999.0 -9999.0 -9999.0 -9999.0 -9999.0 -9999.0 -9999.0 -9999.0 -9999.0 -9999.0 -9999.0 -9999.0 -9999.0 -9999.0 -9999.0 -9999.0
-9999.0 -9999.0 -9999.0 -9999.0 -9999.0 -9999.0 -9999.0 -9999.0 -9999.0 -9999.0 -9999.0 0.134773 0.287022 0.291296 -9999.0 -9999.0 -9999.0
-9999.0 -9999.0 -9999.0 -9999.0 -9999.0 -9999.0 -9999.0 -9999.0 -9999.0 0.114236 0.128700 0.133392 0.286582 0.293227 0.282444 -9999.0 -9999.0
-9999.0 -9999.0 -9999.0 -9999.0 -9999.0 -9999.0 -9999.0 -9999.0 0.119019 0.132614 0.122449 0.136000 0.133459 0.276073 0.292698 -9999.0 -9999.0
-9999.0 -9999.0 -9999.0 -9999.0 -9999.0 -9999.0 -9999.0 -9999.0 0.125721 0.132212 0.127940 0.137154 0.290494 0.285749 0.291917 -9999.0 -9999.0
-9999.0 -9999.0 -9999.0 -9999.0 -9999.0 -9999.0 -9999.0 0.124681 0.132000 0.123712 0.142136 0.134959 0.136127 0.293379 0.288968 -9999.0 -9999.0
-9999.0 -9999.0 -9999.0 -9999.0 -9999.0 -9999.0 0.123222 0.130159 0.123578 0.127193 0.125215 0.133735 0.136310 0.133564 0.134613 -9999.0 -9999.0
-9999.0 -9999.0 -9999.0 -9999.0 -9999.0 -9999.0 0.117428 0.129010 0.131459 0.132356 0.119918 0.125728 0.118868 0.132393 0.132538 -9999.0 -9999.0
-9999.0 -9999.0 -9999.0 -9999.0 -9999.0 -9999.0 0.129590 0.129346 0.130929 0.121340 0.130005 0.125163 0.133292 0.135337 0.133051 -9999.0 -9999.0
-9999.0 -9999.0 -9999.0 -9999.0 -9999.0 -9999.0 -9999.0 0.126149 0.129644 0.127539 0.115841 0.126421 0.133217 0.117576 0.130709 -9999.0 -9999.0
-9999.0 -9999.0 -9999.0 -9999.0 -9999.0 -9999.0 0.124419 0.116842 0.128011 0.127581 0.123530 0.127457 0.131068 0.132215 0.133781 0.134794 -9999.0
-9999.0 -9999.0 -9999.0 -9999.0 -9999.0 0.123880 0.117796 0.121655 0.124867 0.124895 0.120518 0.129430 0.127857 0.128606 0.134146 0.135067 -9999.0
-9999.0 -9999.0 -9999.0 0.116199 0.124141 0.116769 0.121031 0.125321 0.122038 0.131977 0.129891 0.123179 0.128377 0.133714 0.131430 0.131115 -9999.0
-9999.0 -9999.0 -9999.0 0.124604 0.116954 0.127334 0.117918 0.121965 0.116835 0.117257 0.117798 0.128854 0.122812 0.129942 0.292213 0.132218 -9999.0
-9999.0 -9999.0 0.123464 0.124787 0.121855 0.126495 0.127823 0.122815 0.129424 0.130598 0.133951 0.129233 0.131937 0.126270 0.126531 0.133274 -9999.0
-9999.0 0.118241 0.117678 0.127663 0.126512 0.118436 0.130468 0.132095 0.132467 0.117578 0.126986 0.130821 0.125134 0.131948 0.132707 -9999.0 -9999.0
-9999.0 0.116757 0.122236 0.117709 0.118913 0.118195 0.122839 0.123989 0.135354 0.118976 0.118561 0.127653 0.128342 0.126369 0.291197 0.284113 -9999.0
-9999.0 0.121369 0.117665 0.119701 0.124086 0.124247 0.124733 0.118417 0.133220 0.118751 0.118429 0.118052 0.130078 0.129526 0.131428 -9999.0 -9999.0
-9999.0 0.117616 0.133436 0.123642 0.118963 0.124153 0.134214 0.133895 0.132552 0.128009 0.128369 0.128806 0.126362 0.122681 -9999.0 -9999.0 -9999.0
-9999.0 -9999.0 0.124899 0.122598 0.130371 0.130879 0.124829 0.126119 0.136085 0.122665 0.126769 0.128960 0.127629 0.129836 -9999.0 -9999.0 -9999.0
-9999.0 -9999.0 0.119112 0.121087 0.126731 0.126840 0.123506 0.126773 0.127509 0.122966 0.125871 0.117919 0.129666 -9999.0 -9999.0 -9999.0 -9999.0
-9999.0 -9999.0 -9999.0 -9999.0 0.127060 0.127054 0.129025 0.119055 0.128790 0.128357 0.123256 0.124957 0.127171 -9999.0 -9999.0 -9999.0 -9999.0
-9999.0 -9999.0 -9999.0 -9999.0 -9999.0 0.127358 0.126762 0.127425 0.120797 0.127874 0.128608 0.120558 0.119383 0.126077 -9999.0 -9999.0 -9999.0
-9999.0 -9999.0 -9999.0 -9999.0 -9999.0 -9999.0 0.127438 0.127126 0.129015 0.128378 0.129443 0.128992 0.129082 0.128063 0.128640 -9999.0 -9999.0
-9999.0 -9999.0 -9999.0 -9999.0 -9999.0 -9999.0 -9999.0 0.125843 0.128023 0.127997 0.128563 0.127635 0.129235 0.119620 -9999.0 -9999.0 -9999.0
-9999.0 -9999.0 -9999.0 -9999.0 -9999.0 -9999.0 -9999.0 -9999.0 0.125144 0.127393 0.128253 0.127947 0.128732 0.129749 0.123107 -9999.0 -9999.0
-9999.0 -9999.0 -9999.0 -9999.0 -9999.0 -9999.0 -9999.0 -9999.0 -9999.0 -9999.0 -9999.0 -9999.0 -9999.0 -9999.0 -9999.0 -9999.0 -9999.0