tests/3D/WG1_2.0_001/output-maps-SE27XX/thetaliqL0002N0075.asc
ncols         17
nrows         27
xllcorner     624603.750000
yllcorner     5171346.250000
cellsize      500.000000
NODATA_value  -9999.0
-9999.0 -9999.0 -9999.0 -9999.0 -9999.0 -9999.0 -9999.0 -9999.0 -9999.0 -9999.0 -9999.0 -9999.0 -9999.0 -9999.0 -9999.0 -9999.0 -9999.0
-9999.0 -9999.0 -9999.0 -9999.0 -9999.0 -9999.0 -9999.0 -9999.0 -9999.0 -9999.0 -9999.0 0.133059 0.283671 0.291228 -9999.0 -9999.0 -9999.0
-9999.0 -9999.0 -9999.0 -9999.0 -9999.0 -9999.0 -9999.0 -9999.0 -9999.0 0.112898 0.126676 0.131380 0.283238 0.289777 0.279171 -9999.0 -9999.0
-9999.0 -9999.0 -9999.0 -9999.0 -9999.0 -9999.0 -9999.0 -9999.0 0.117291 0.130854 0.117541 0.134160 0.131671 0.272961 0.289256 -9999.0 -9999.0
-9999.0 -9999.0 -9999.0 -9999.0 -9999.0 -9999.0 -9999.0 -9999.0 0.123478 0.130234 0.125748 0.134790 0.287090 0.282418 0.288489 -9999.0 -9999.0
-9999.0 -9999.0 -9999.0 -9999.0 -9999.0 -9999.0 -9999.0 0.122390 0.130129 0.120603 0.138580 0.132411 0.134158 0.289925 0.285587 -9999.0 -9999.0
-9999.0 -9999.0 -9999.0 -9999.0 -9999.0 -9999.0 0.121503 0.128302 0.119138 0.125158 0.123550 0.131829 0.134442 0.130888 0.132346 -9999.0 -9999.0
-9999.0 -9999.0 -9999.0 -9999.0 -9999.0 -9999.0 0.115774 0.127296 0.129558 0.130390 0.117421 0.124046 0.116316 0.129895 0.130737 -9999.0 -9999.0
-9999.0 -9999.0 -9999.0 -9999.0 -9999.0 -9999.0 0.127794 0.127566 0.129078 0.119610 0.127757 0.122760 0.129960 0.133520 0.131243 -9999.0 -9999.0
-9999.0 -9999.0 -9999.0 -9999.0 -9999.0 -9999.0 -9999.0 0.124161 0.127816 0.123108 0.114321 0.124334 0.131316 0.114725 0.127480 -9999.0 -9999.0
-9999.0 -9999.0 -9999.0 -9999.0 -9999.0 -9999.0 0.122217 0.114653 0.125984 0.125722 0.120916 0.125070 0.129215 0.130043 0.131524 0.132942 -9999.0
-9999.0 -9999.0 -9999.0 -9999.0 -9999.0 0.122028 0.115750 0.119505 0.122768 0.123164 0.117769 0.127433 0.126082 0.125312 0.132232 0.133235 -9999.0
-9999.0 -9999.0 -9999.0 0.114272 0.122638 0.114098 0.119227 0.123350 0.118503 0.127840 0.127670 0.121044 0.126451 0.131773 0.128805 0.129069 -9999.0
-9999.0 -9999.0 -9999.0 0.122674 0.114242 0.125434 0.116231 0.119626 0.114989 0.115128 0.115828 0.126173 0.120215 0.127779 0.288777 0.130136 -9999.0
-9999.0 -9999.0 0.121657 0.122918 0.119852 0.124840 0.125929 0.119834 0.124806 0.125868 0.130820 0.127280 0.128934 0.120967 0.124858 0.131396 -9999.0
-9999.0 0.115660 0.115684 0.125897 0.124845 0.116111 0.127333 0.128949 0.128979 0.115576 0.125088 0.128813 0.123436 0.130054 0.130844 -9999.0 -9999.0
-9999.0 0.114860 0.120446 0.115293 0.115471 0.115398 0.118243 0.119388 0.133147 0.115397 0.116140 0.125911 0.126611 0.124368 0.287780 0.280810 -9999.0
-9999.0 0.117724 0.115675 0.116547 0.119646 0.120553 0.121116 0.116106 0.130485 0.116930 0.115724 0.116213 0.128170 0.127747 0.129620 -9999.0 -9999.0
-9999.0 0.115592 0.130048 0.119658 0.115831 0.121437 0.132185 0.130281 0.128931 0.126200 0.126572 0.126594 0.124325 0.120514 -9999.0 -9999.0 -9999.0
-9999.0 -9999.0 0.120407 0.118375 0.128462 0.126582 0.122607 0.123710 0.132477 0.120842 0.124230 0.127195 0.125692 0.128062 -9999.0 -9999.0 -9999.0
-9999.0 -9999.0 0.116682 0.117102 0.122805 0.124901 0.121867 0.125066 0.125805 0.120741 0.123951 0.114438 0.127915 -9999.0 -9999.0 -9999.0 -9999.0
-9999.0 -9999.0 -9999.0 -9999.0 0.125156 0.125349 0.127172 0.116083 0.126956 0.126483 0.121069 0.122761 0.125489 -9999.0 -9999.0 -9999.0 -9999.0
-9999.0 -9999.0 -9999.0 -9999.0 -9999.0 0.125619 0.125188 0.125795 0.118805 0.126163 0.126761 0.116672 0.115965 0.123746 -9999.0 -9999.0 -9999.0
-9999.0 -9999.0 -9999.0 -9999.0 -9999.0 -9999.0 0.125850 0.125532 0.127286 0.126651 0.127633 0.127209 0.127301 0.126390 0.126943 -9999.0 -9999.0
-9999.0 -9999.0 -9999.0 -9999.0 -9999.0 -9999.0 -9999.0 0.124392 0.126356 0.126308 0.126844 0.125846 0.127455 0.117996 -9999.0 -9999.0 -9999.0
-9999.0 -9999.0 -9999.0 -9999.0 -9999.0 -9999.0 -9999.0 -9999.0 0.123597 0.125759 0.126589 0.126340 0.127050 0.128008 0.121115 -9999.0 -9999.0
-9999.0 -9999.0 -9999.0 -9999.0 -9999.0 -9999.0 -9999.0 -9999.0 -9999.0 -9999.0 -9999.0 -9999.0 -9999.0 -9999.0 -9999.0 -9999.0 -9999.0