tests/3D/WG1_2.0_001/output-maps-SE27XX/thetaliqL0002N0005.asc
ncols         17
nrows         27
xllcorner     624603.750000
yllcorner     5171346.250000
cellsize      500.000000
NODATA_value  -9999.0
-9999.0 -9999.0 -9999.0 -9999.0 -9999.0 -9999.0 -9999.0 -9999.0 -9999.0 -9999.0 -9999.0 -9999.0 -9999.0 -9999.0 -9999.0 -9999.0 -9999.0
-9999.0 -9999.0 -9999.0 -9999.0 -9999.0 -9999.0 -9999.0 -9999.0 -9999.0 -9999.0 -9999.0 0.299601 0.304023 0.303943 -9999.0 -9999.0 -9999.0
-9999.0 -9999.0 -9999.0 -9999.0 -9999.0 -9999.0 -9999.0 -9999.0 -9999.0 0.299427 0.299862 0.299275 0.304580 0.303914 0.303701 -9999.0 -9999.0
-9999.0 -9999.0 -9999.0 -9999.0 -9999.0 -9999.0 -9999.0 -9999.0 0.299869 0.300198 0.299250 0.300452 0.301524 0.304609 0.303981 -9999.0 -9999.0
-9999.0 -9999.0 -9999.0 -9999.0 -9999.0 -9999.0 -9999.0 -9999.0 0.300086 0.300109 0.300367 0.299838 0.304991 0.304426 0.303976 -9999.0 -9999.0
-9999.0 -9999.0 -9999.0 -9999.0 -9999.0 -9999.0 -9999.0 0.300274 0.300709 0.299725 0.299466 0.299430 0.300804 0.303925 0.303497 -9999.0 -9999.0
-9999.0 -9999.0 -9999.0 -9999.0 -9999.0 -9999.0 0.301349 0.301360 0.300432 0.300575 0.300121 0.301828 0.301944 0.298665 0.298395 -9999.0 -9999.0
-9999.0 -9999.0 -9999.0 -9999.0 -9999.0 -9999.0 0.301080 0.301989 0.303018 0.300150 0.299643 0.302070 0.300023 0.298916 0.300064 -9999.0 -9999.0
-9999.0 -9999.0 -9999.0 -9999.0 -9999.0 -9999.0 0.302160 0.302604 0.302699 0.300500 0.299246 0.299599 0.300476 0.301303 0.300043 -9999.0 -9999.0
-9999.0 -9999.0 -9999.0 -9999.0 -9999.0 -9999.0 -9999.0 0.302362 0.302809 0.300891 0.299566 0.299826 0.302659 0.299940 0.298901 -9999.0 -9999.0
-9999.0 -9999.0 -9999.0 -9999.0 -9999.0 -9999.0 0.301704 0.301683 0.302633 0.301478 0.300128 0.299963 0.303242 0.300930 0.299080 0.299025 -9999.0
-9999.0 -9999.0 -9999.0 -9999.0 -9999.0 0.302139 0.302039 0.302685 0.303071 0.301887 0.300101 0.300594 0.303056 0.300625 0.300686 0.299307 -9999.0
-9999.0 -9999.0 -9999.0 0.302061 0.302759 0.302367 0.303444 0.304005 0.303209 0.301613 0.300647 0.300988 0.304363 0.303946 0.300035 0.299677 -9999.0
-9999.0 -9999.0 -9999.0 0.302690 0.302991 0.303715 0.304733 0.304305 0.303034 0.300723 0.300335 0.301907 0.302893 0.304204 0.304785 0.300009 -9999.0
-9999.0 -9999.0 0.303293 0.303900 0.304536 0.306032 0.305532 0.303849 0.302072 0.300240 0.301853 0.304257 0.303821 0.303225 0.302125 0.301476 -9999.0
-9999.0 0.303606 0.303675 0.305599 0.307180 0.305780 0.304715 0.303249 0.301311 0.301038 0.303723 0.306292 0.305947 0.305211 0.303756 -9999.0 -9999.0
-9999.0 0.304609 0.305714 0.306629 0.306374 0.305256 0.303606 0.301871 0.301593 0.302884 0.304936 0.306745 0.305719 0.303209 0.303790 0.303370 -9999.0
-9999.0 0.305293 0.306030 0.306110 0.304662 0.302897 0.301558 0.301416 0.302712 0.305094 0.305350 0.304699 0.304483 0.303020 0.302332 -9999.0 -9999.0
-9999.0 0.305046 0.306312 0.304014 0.301748 0.301749 0.302699 0.302425 0.303953 0.305878 0.306242 0.304398 0.303129 0.302241 -9999.0 -9999.0 -9999.0
-9999.0 -9999.0 0.303683 0.302233 0.303335 0.303621 0.304689 0.304616 0.304337 0.304197 0.304246 0.304535 0.302257 0.302411 -9999.0 -9999.0 -9999.0
-9999.0 -9999.0 0.303280 0.302374 0.305702 0.307345 0.306792 0.305773 0.303887 0.302790 0.303859 0.302966 0.303211 -9999.0 -9999.0 -9999.0 -9999.0
-9999.0 -9999.0 -9999.0 -9999.0 0.308291 0.308251 0.307192 0.305148 0.304143 0.302621 0.302818 0.303205 0.302845 -9999.0 -9999.0 -9999.0 -9999.0
-9999.0 -9999.0 -9999.0 -9999.0 -9999.0 0.307174 0.305697 0.305750 0.304475 0.303590 0.302359 0.302777 0.302435 0.302221 -9999.0 -9999.0 -9999.0
-9999.0 -9999.0 -9999.0 -9999.0 -9999.0 -9999.0 0.304805 0.304382 0.304811 0.304287 0.302971 0.302613 0.302737 0.302196 0.301995 -9999.0 -9999.0
-9999.0 -9999.0 -9999.0 -9999.0 -9999.0 -9999.0 -9999.0 0.304036 0.303369 0.303500 0.303094 0.302134 0.302583 0.302252 -9999.0 -9999.0 -9999.0
-9999.0 -9999.0 -9999.0 -9999.0 -9999.0 -9999.0 -9999.0 -9999.0 0.303179 0.303199 0.302504 0.302759 0.302613 0.302375 0.301969 -9999.0 -9999.0
-9999.0 -9999.0 -9999.0 -9999.0 -9999.0 -9999.0 -9999.0 -9999.0 -9999.0 -9999.0 -9999.0 -9999.0 -9999.0 -9999.0 -9999.0 -9999.0 -9999.0