tests/3D/WG1_2.0_001/output-maps-SE27XX/thetaliqL0003N0074.asc
ncols         17
nrows         27
xllcorner     624603.750000
yllcorner     5171346.250000
cellsize      500.000000
NODATA_value  -9999.0
-9999.0 -9999.0 -9999.0 -9999.0 -9999.0 -9999.0 -9999.0 -9999.0 -9999.0 -9999.0 -9999.0 -9999.0 -9999.0 -9999.0 -9999.0 -9999.0 -9999.0
-9999.0 -9999.0 -9999.0 -9999.0 -9999.0 -9999.0 -9999.0 -9999.0 -9999.0 -9999.0 -9999.0 0.141772 0.315627 0.296997 -9999.0 -9999.0 -9999.0
-9999.0 -9999.0 -9999.0 -9999.0 -9999.0 -9999.0 -9999.0 -9999.0 -9999.0 0.119448 0.134745 0.140255 0.316469 0.302492 0.327216 -9999.0 -9999.0
-9999.0 -9999.0 -9999.0 -9999.0 -9999.0 -9999.0 -9999.0 -9999.0 0.124154 0.139103 0.137455 0.143276 0.140370 0.348802 0.303406 -9999.0 -9999.0
-9999.0 -9999.0 -9999.0 -9999.0 -9999.0 -9999.0 -9999.0 -9999.0 0.131552 0.138852 0.133810 0.145765 0.308798 0.318344 0.305060 -9999.0 -9999.0
-9999.0 -9999.0 -9999.0 -9999.0 -9999.0 -9999.0 -9999.0 0.130175 0.138440 0.131242 0.184228 0.143214 0.143470 0.302209 0.311420 -9999.0 -9999.0
-9999.0 -9999.0 -9999.0 -9999.0 -9999.0 -9999.0 0.128558 0.136166 0.141692 0.133131 0.130889 0.140853 0.143794 0.141403 0.142131 -9999.0 -9999.0
-9999.0 -9999.0 -9999.0 -9999.0 -9999.0 -9999.0 0.122737 0.134772 0.138240 0.139131 0.126126 0.131489 0.125319 0.139391 0.139336 -9999.0 -9999.0
-9999.0 -9999.0 -9999.0 -9999.0 -9999.0 -9999.0 0.136266 0.135871 0.137181 0.126617 0.136441 0.130898 0.142683 0.142572 0.140049 -9999.0 -9999.0
-9999.0 -9999.0 -9999.0 -9999.0 -9999.0 -9999.0 -9999.0 0.131747 0.135694 0.142431 0.121314 0.132069 0.140132 0.124537 0.137404 -9999.0 -9999.0
-9999.0 -9999.0 -9999.0 -9999.0 -9999.0 -9999.0 0.130009 0.122748 0.133870 0.133267 0.129646 0.133525 0.137608 0.139057 0.141206 0.141883 -9999.0
-9999.0 -9999.0 -9999.0 -9999.0 -9999.0 0.129277 0.123125 0.127167 0.130516 0.130302 0.127002 0.135409 0.133712 0.136384 0.141455 0.142209 -9999.0
-9999.0 -9999.0 -9999.0 0.121688 0.129641 0.123071 0.126221 0.130782 0.128118 0.144421 0.136262 0.128736 0.134519 0.140716 0.138558 0.137332 -9999.0
-9999.0 -9999.0 -9999.0 0.129887 0.123133 0.132938 0.122870 0.127810 0.122275 0.122995 0.123454 0.135568 0.214373 0.136100 0.302947 0.138821 -9999.0
-9999.0 -9999.0 0.128694 0.130163 0.127147 0.132218 0.133593 0.129506 0.145677 0.151778 0.143691 0.135668 0.188730 0.152165 0.132046 0.140515 -9999.0
-9999.0 0.123705 0.123386 0.133226 0.132325 0.123732 0.138566 0.169591 0.172803 0.122686 0.132785 0.137297 0.130719 0.138977 0.139772 -9999.0 -9999.0
-9999.0 0.122145 0.127515 0.123982 0.127807 0.124960 0.138972 0.146742 0.190809 0.127257 0.124488 0.133857 0.134704 0.131903 0.306304 0.322014 -9999.0
-9999.0 0.128066 0.123244 0.127334 0.152918 0.167641 0.162293 0.124262 0.181602 0.123626 0.124580 0.123248 0.136982 0.136005 0.137961 -9999.0 -9999.0
-9999.0 0.123138 0.162327 0.153227 0.125382 0.164873 0.187678 0.163304 0.144780 0.134094 0.134748 0.134852 0.131883 0.128004 -9999.0 -9999.0 -9999.0
-9999.0 -9999.0 0.157107 0.138246 0.183058 0.150046 0.130843 0.132531 0.150145 0.127796 0.132908 0.135485 0.133301 0.136681 -9999.0 -9999.0 -9999.0
-9999.0 -9999.0 0.125919 0.135678 0.136862 0.132772 0.128762 0.132562 0.133433 0.128366 0.131370 0.126190 0.136383 -9999.0 -9999.0 -9999.0 -9999.0
-9999.0 -9999.0 -9999.0 -9999.0 0.132978 0.132810 0.135169 0.125008 0.134782 0.134146 0.128771 0.130467 0.132610 -9999.0 -9999.0 -9999.0 -9999.0
-9999.0 -9999.0 -9999.0 -9999.0 -9999.0 0.133314 0.132714 0.133571 0.126204 0.134096 0.134433 0.129330 0.126744 0.131591 -9999.0 -9999.0 -9999.0
-9999.0 -9999.0 -9999.0 -9999.0 -9999.0 -9999.0 0.133655 0.133213 0.135097 0.134665 0.135877 0.135044 0.134846 0.133695 0.134489 -9999.0 -9999.0
-9999.0 -9999.0 -9999.0 -9999.0 -9999.0 -9999.0 -9999.0 0.131763 0.133698 0.133801 0.134969 0.133222 0.135116 0.124729 -9999.0 -9999.0 -9999.0
-9999.0 -9999.0 -9999.0 -9999.0 -9999.0 -9999.0 -9999.0 -9999.0 0.130493 0.133271 0.134692 0.134309 0.135208 0.136431 0.128540 -9999.0 -9999.0
-9999.0 -9999.0 -9999.0 -9999.0 -9999.0 -9999.0 -9999.0 -9999.0 -9999.0 -9999.0 -9999.0 -9999.0 -9999.0 -9999.0 -9999.0 -9999.0 -9999.0