tests/3D/WG1_2.0_001/output-maps-SE27XX/thetaiceL0001N0064.asc
ncols         17
nrows         27
xllcorner     624603.750000
yllcorner     5171346.250000
cellsize      500.000000
NODATA_value  -9999.0
-9999.0 -9999.0 -9999.0 -9999.0 -9999.0 -9999.0 -9999.0 -9999.0 -9999.0 -9999.0 -9999.0 -9999.0 -9999.0 -9999.0 -9999.0 -9999.0 -9999.0
-9999.0 -9999.0 -9999.0 -9999.0 -9999.0 -9999.0 -9999.0 -9999.0 -9999.0 -9999.0 -9999.0 0.362152 0.279421 0.280058 -9999.0 -9999.0 -9999.0
-9999.0 -9999.0 -9999.0 -9999.0 -9999.0 -9999.0 -9999.0 -9999.0 -9999.0 0.371219 0.363886 0.358808 0.279396 0.279825 0.279084 -9999.0 -9999.0
-9999.0 -9999.0 -9999.0 -9999.0 -9999.0 -9999.0 -9999.0 -9999.0 0.361083 0.363464 0.345917 0.361075 0.361697 0.279361 0.279795 -9999.0 -9999.0
-9999.0 -9999.0 -9999.0 -9999.0 -9999.0 -9999.0 -9999.0 -9999.0 0.362671 0.360301 0.362232 0.351792 0.279634 0.279340 0.279744 -9999.0 -9999.0
-9999.0 -9999.0 -9999.0 -9999.0 -9999.0 -9999.0 -9999.0 0.360472 0.362656 0.343326 0.338299 0.352178 0.359440 0.279834 0.279549 -9999.0 -9999.0
-9999.0 -9999.0 -9999.0 -9999.0 -9999.0 -9999.0 0.365047 0.364016 0.344545 0.362774 0.364740 0.360842 0.358038 0.358969 0.358643 -9999.0 -9999.0
-9999.0 -9999.0 -9999.0 -9999.0 -9999.0 -9999.0 0.352586 0.364447 0.362091 0.363024 0.362579 0.363978 0.347362 0.354109 0.361780 -9999.0 -9999.0
-9999.0 -9999.0 -9999.0 -9999.0 -9999.0 -9999.0 0.363251 0.363963 0.363639 0.364830 0.362451 0.358472 0.346963 0.359459 0.360548 -9999.0 -9999.0
-9999.0 -9999.0 -9999.0 -9999.0 -9999.0 -9999.0 -9999.0 0.364600 0.364385 0.342488 0.362400 0.358513 0.360691 0.356295 0.353217 -9999.0 -9999.0
-9999.0 -9999.0 -9999.0 -9999.0 -9999.0 -9999.0 0.362306 0.356853 0.363400 0.362405 0.359725 0.361921 0.361320 0.356039 0.356968 0.361010 -9999.0
-9999.0 -9999.0 -9999.0 -9999.0 -9999.0 0.364148 0.362668 0.357717 0.361551 0.362993 0.359555 0.361413 0.362729 0.345149 0.360217 0.361841 -9999.0
-9999.0 -9999.0 -9999.0 0.363806 0.366605 0.352039 0.363140 0.360034 0.348765 0.339096 0.360811 0.361453 0.363049 0.360975 0.358836 0.359263 -9999.0
-9999.0 -9999.0 -9999.0 0.360200 0.352744 0.362744 0.365830 0.347702 0.363344 0.361200 0.345339 0.354460 0.326759 0.360528 0.279806 0.359152 -9999.0
-9999.0 -9999.0 0.363269 0.362518 0.360172 0.364611 0.362774 0.347941 0.344004 0.336630 0.346436 0.362171 0.333088 0.340305 0.364822 0.361979 -9999.0
-9999.0 0.367178 0.367020 0.363211 0.364281 0.365989 0.346183 0.343288 0.341421 0.353397 0.362230 0.360714 0.365415 0.361392 0.361437 -9999.0 -9999.0
-9999.0 0.359324 0.361830 0.352498 0.351393 0.352616 0.353418 0.353245 0.337975 0.350124 0.365277 0.362729 0.364036 0.364783 0.279703 0.279231 -9999.0
-9999.0 0.351889 0.358520 0.353028 0.350940 0.348243 0.355142 0.353797 0.340674 0.357819 0.356563 0.364727 0.362370 0.362599 0.362452 -9999.0 -9999.0
-9999.0 0.350944 0.341809 0.350691 0.351418 0.351125 0.344789 0.344562 0.342852 0.361199 0.361646 0.355473 0.364125 0.362130 -9999.0 -9999.0 -9999.0
-9999.0 -9999.0 0.351929 0.351495 0.340265 0.344990 0.348384 0.348241 0.340926 0.361452 0.358467 0.363250 0.362765 0.362481 -9999.0 -9999.0 -9999.0
-9999.0 -9999.0 0.357140 0.356901 0.342711 0.356102 0.365600 0.363975 0.362220 0.359386 0.363676 0.351023 0.362521 -9999.0 -9999.0 -9999.0 -9999.0
-9999.0 -9999.0 -9999.0 -9999.0 0.359587 0.363270 0.363344 0.364668 0.362474 0.362875 0.362582 0.362367 0.364349 -9999.0 -9999.0 -9999.0 -9999.0
-9999.0 -9999.0 -9999.0 -9999.0 -9999.0 0.363708 0.363785 0.364236 0.362732 0.362417 0.362761 0.351825 0.349880 0.359351 -9999.0 -9999.0 -9999.0
-9999.0 -9999.0 -9999.0 -9999.0 -9999.0 -9999.0 0.364355 0.364470 0.363884 0.363941 0.363192 0.363658 0.364448 0.364237 0.364764 -9999.0 -9999.0
-9999.0 -9999.0 -9999.0 -9999.0 -9999.0 -9999.0 -9999.0 0.364618 0.364268 0.363561 0.363687 0.362886 0.364493 0.365363 -9999.0 -9999.0 -9999.0
-9999.0 -9999.0 -9999.0 -9999.0 -9999.0 -9999.0 -9999.0 -9999.0 0.364432 0.363673 0.363856 0.363405 0.362656 0.362480 0.365162 -9999.0 -9999.0
-9999.0 -9999.0 -9999.0 -9999.0 -9999.0 -9999.0 -9999.0 -9999.0 -9999.0 -9999.0 -9999.0 -9999.0 -9999.0 -9999.0 -9999.0 -9999.0 -9999.0