tests/3D/WG1_2.0_001/output-maps-SE27XX/thetaiceL0002N0055.asc
ncols         17
nrows         27
xllcorner     624603.750000
yllcorner     5171346.250000
cellsize      500.000000
NODATA_value  -9999.0
-9999.0 -9999.0 -9999.0 -9999.0 -9999.0 -9999.0 -9999.0 -9999.0 -9999.0 -9999.0 -9999.0 -9999.0 -9999.0 -9999.0 -9999.0 -9999.0 -9999.0
-9999.0 -9999.0 -9999.0 -9999.0 -9999.0 -9999.0 -9999.0 -9999.0 -9999.0 -9999.0 -9999.0 0.368396 0.145829 0.138869 -9999.0 -9999.0 -9999.0
-9999.0 -9999.0 -9999.0 -9999.0 -9999.0 -9999.0 -9999.0 -9999.0 -9999.0 0.367523 0.366076 0.361841 0.146199 0.141301 0.149717 -9999.0 -9999.0
-9999.0 -9999.0 -9999.0 -9999.0 -9999.0 -9999.0 -9999.0 -9999.0 0.349512 0.367767 0.341390 0.365199 0.359069 0.156545 0.141667 -9999.0 -9999.0
-9999.0 -9999.0 -9999.0 -9999.0 -9999.0 -9999.0 -9999.0 -9999.0 0.368406 0.362995 0.366372 0.353953 0.143149 0.146886 0.142200 -9999.0 -9999.0
-9999.0 -9999.0 -9999.0 -9999.0 -9999.0 -9999.0 -9999.0 0.372185 0.367762 0.349744 0.362759 0.354257 0.360253 0.141199 0.144314 -9999.0 -9999.0
-9999.0 -9999.0 -9999.0 -9999.0 -9999.0 -9999.0 0.375196 0.371345 0.339057 0.372195 0.375683 0.360580 0.358805 0.359253 0.362385 -9999.0 -9999.0
-9999.0 -9999.0 -9999.0 -9999.0 -9999.0 -9999.0 0.342253 0.374740 0.361147 0.366877 0.367880 0.375589 0.340523 0.366530 0.366503 -9999.0 -9999.0
-9999.0 -9999.0 -9999.0 -9999.0 -9999.0 -9999.0 0.350881 0.353955 0.370856 0.367374 0.373572 0.365576 0.356942 0.362860 0.357579 -9999.0 -9999.0
-9999.0 -9999.0 -9999.0 -9999.0 -9999.0 -9999.0 -9999.0 0.373846 0.372154 0.342432 0.374812 0.374951 0.365909 0.338443 0.364860 -9999.0 -9999.0
-9999.0 -9999.0 -9999.0 -9999.0 -9999.0 -9999.0 0.369013 0.339430 0.368581 0.375264 0.375868 0.375153 0.364708 0.357481 0.356751 0.362736 -9999.0
-9999.0 -9999.0 -9999.0 -9999.0 -9999.0 0.366976 0.372290 0.364816 0.367217 0.375682 0.368507 0.373737 0.370154 0.364856 0.358995 0.366012 -9999.0
-9999.0 -9999.0 -9999.0 0.341594 0.372393 0.339160 0.370577 0.364501 0.345958 0.350269 0.367667 0.373411 0.372679 0.363554 0.361730 0.361846 -9999.0
-9999.0 -9999.0 -9999.0 0.365739 0.339092 0.364577 0.356847 0.346182 0.357720 0.350704 0.351179 0.363633 0.214627 0.359372 0.142168 0.361462 -9999.0
-9999.0 -9999.0 0.361236 0.362108 0.365224 0.370820 0.365970 0.351169 0.353859 0.352052 0.360532 0.364952 0.339845 0.339799 0.374607 0.353803 -9999.0
-9999.0 0.349733 0.351358 0.372700 0.368622 0.350595 0.353643 0.348554 0.344636 0.352209 0.366023 0.363549 0.374321 0.358449 0.356455 -9999.0 -9999.0
-9999.0 0.346720 0.358799 0.340317 0.333727 0.342411 0.270523 0.277716 0.339477 0.335784 0.356041 0.359727 0.358029 0.373321 0.142718 0.148283 -9999.0
-9999.0 0.341914 0.351437 0.290198 0.251357 0.206928 0.154338 0.355560 0.336119 0.353651 0.339262 0.353553 0.353171 0.358789 0.360107 -9999.0 -9999.0
-9999.0 0.339915 0.348422 0.235476 0.348234 0.189971 0.343001 0.352678 0.355797 0.361944 0.359108 0.362202 0.371702 0.372237 -9999.0 -9999.0 -9999.0
-9999.0 -9999.0 0.238230 0.307270 0.291015 0.349025 0.355257 0.355061 0.355924 0.363033 0.356425 0.356440 0.368798 0.351599 -9999.0 -9999.0 -9999.0
-9999.0 -9999.0 0.296998 0.176780 0.344763 0.356522 0.361825 0.369827 0.363196 0.353014 0.371340 0.339113 0.353565 -9999.0 -9999.0 -9999.0 -9999.0
-9999.0 -9999.0 -9999.0 -9999.0 0.354550 0.368821 0.370488 0.340267 0.371558 0.368399 0.373656 0.365917 0.372584 -9999.0 -9999.0 -9999.0 -9999.0
-9999.0 -9999.0 -9999.0 -9999.0 -9999.0 0.364046 0.358418 0.358244 0.354319 0.361062 0.373126 0.337908 0.339971 0.371113 -9999.0 -9999.0 -9999.0
-9999.0 -9999.0 -9999.0 -9999.0 -9999.0 -9999.0 0.352519 0.355263 0.372733 0.364161 0.363762 0.366510 0.371505 0.372168 0.373172 -9999.0 -9999.0
-9999.0 -9999.0 -9999.0 -9999.0 -9999.0 -9999.0 -9999.0 0.354068 0.372145 0.372502 0.356491 0.372417 0.371635 0.372408 -9999.0 -9999.0 -9999.0
-9999.0 -9999.0 -9999.0 -9999.0 -9999.0 -9999.0 -9999.0 -9999.0 0.373931 0.372826 0.353430 0.352689 0.354047 0.352104 0.365706 -9999.0 -9999.0
-9999.0 -9999.0 -9999.0 -9999.0 -9999.0 -9999.0 -9999.0 -9999.0 -9999.0 -9999.0 -9999.0 -9999.0 -9999.0 -9999.0 -9999.0 -9999.0 -9999.0