tests/3D/WG1_2.0_001/output-maps-SE27XX/thetaiceL0002N0042.asc
ncols         17
nrows         27
xllcorner     624603.750000
yllcorner     5171346.250000
cellsize      500.000000
NODATA_value  -9999.0
-9999.0 -9999.0 -9999.0 -9999.0 -9999.0 -9999.0 -9999.0 -9999.0 -9999.0 -9999.0 -9999.0 -9999.0 -9999.0 -9999.0 -9999.0 -9999.0 -9999.0
-9999.0 -9999.0 -9999.0 -9999.0 -9999.0 -9999.0 -9999.0 -9999.0 -9999.0 -9999.0 -9999.0 0.342742 0.101752 0.096818 -9999.0 -9999.0 -9999.0
-9999.0 -9999.0 -9999.0 -9999.0 -9999.0 -9999.0 -9999.0 -9999.0 -9999.0 0.353927 0.341925 0.339634 0.102026 0.098558 0.104365 -9999.0 -9999.0
-9999.0 -9999.0 -9999.0 -9999.0 -9999.0 -9999.0 -9999.0 -9999.0 0.284077 0.339023 0.226871 0.336653 0.345145 0.109002 0.098824 -9999.0 -9999.0
-9999.0 -9999.0 -9999.0 -9999.0 -9999.0 -9999.0 -9999.0 -9999.0 0.334513 0.341013 0.341999 0.337981 0.099859 0.102509 0.099210 -9999.0 -9999.0
-9999.0 -9999.0 -9999.0 -9999.0 -9999.0 -9999.0 -9999.0 0.310764 0.342210 0.237555 0.229573 0.337164 0.334858 0.098485 0.100696 -9999.0 -9999.0
-9999.0 -9999.0 -9999.0 -9999.0 -9999.0 -9999.0 0.352213 0.344645 0.289764 0.342158 0.362766 0.338219 0.337079 0.338396 0.336585 -9999.0 -9999.0
-9999.0 -9999.0 -9999.0 -9999.0 -9999.0 -9999.0 0.338707 0.347825 0.340006 0.349293 0.336062 0.362460 0.241777 0.309906 0.352254 -9999.0 -9999.0
-9999.0 -9999.0 -9999.0 -9999.0 -9999.0 -9999.0 0.345003 0.347066 0.341223 0.340377 0.333207 0.337297 0.332205 0.336362 0.347680 -9999.0 -9999.0
-9999.0 -9999.0 -9999.0 -9999.0 -9999.0 -9999.0 -9999.0 0.349231 0.343656 0.256716 0.349625 0.338987 0.336110 0.351900 0.286159 -9999.0 -9999.0
-9999.0 -9999.0 -9999.0 -9999.0 -9999.0 -9999.0 0.344928 0.338785 0.344722 0.342884 0.341830 0.336585 0.335973 0.334192 0.339516 0.338628 -9999.0
-9999.0 -9999.0 -9999.0 -9999.0 -9999.0 0.344592 0.343281 0.322461 0.340950 0.342572 0.341070 0.336129 0.339757 0.234551 0.339878 0.339590 -9999.0
-9999.0 -9999.0 -9999.0 0.344998 0.369150 0.356625 0.339304 0.338611 0.340710 0.331107 0.334931 0.338121 0.337163 0.337425 0.341156 0.341826 -9999.0
-9999.0 -9999.0 -9999.0 0.342883 0.347031 0.344052 0.341531 0.339873 0.338973 0.342004 0.335234 0.331336 0.163556 0.341764 0.099206 0.341100 -9999.0
-9999.0 -9999.0 0.339893 0.342807 0.330419 0.348460 0.343338 0.336066 0.334687 0.331811 0.329785 0.345068 0.211882 0.239724 0.364095 0.344861 -9999.0
-9999.0 0.333632 0.336960 0.348730 0.357748 0.336475 0.334734 0.319102 0.331065 0.337910 0.335973 0.340869 0.362635 0.342379 0.345390 -9999.0 -9999.0
-9999.0 0.333435 0.332522 0.339387 0.337520 0.337432 0.330092 0.313112 0.297682 0.333843 0.344863 0.350674 0.350378 0.353951 0.099552 0.103482 -9999.0
-9999.0 0.331261 0.338668 0.332461 0.320325 0.280136 0.271626 0.341592 0.319208 0.337840 0.338361 0.338579 0.346405 0.351190 0.348875 -9999.0 -9999.0
-9999.0 0.334669 0.316063 0.296031 0.325025 0.270892 0.319176 0.333026 0.334606 0.339437 0.350137 0.338219 0.350175 0.336557 -9999.0 -9999.0 -9999.0
-9999.0 -9999.0 0.311635 0.286847 0.296833 0.332028 0.336624 0.329849 0.331551 0.340893 0.338779 0.346692 0.348501 0.344540 -9999.0 -9999.0 -9999.0
-9999.0 -9999.0 0.311188 0.294973 0.333600 0.335679 0.334783 0.346094 0.352036 0.337817 0.346443 0.342292 0.344441 -9999.0 -9999.0 -9999.0 -9999.0
-9999.0 -9999.0 -9999.0 -9999.0 0.331794 0.346680 0.347524 0.334139 0.352391 0.345964 0.346169 0.347756 0.351405 -9999.0 -9999.0 -9999.0 -9999.0
-9999.0 -9999.0 -9999.0 -9999.0 -9999.0 0.358095 0.351807 0.352033 0.334060 0.354349 0.351356 0.351930 0.335881 0.346269 -9999.0 -9999.0 -9999.0
-9999.0 -9999.0 -9999.0 -9999.0 -9999.0 -9999.0 0.347389 0.349722 0.353534 0.355840 0.355278 0.359390 0.351157 0.354720 0.363086 -9999.0 -9999.0
-9999.0 -9999.0 -9999.0 -9999.0 -9999.0 -9999.0 -9999.0 0.350639 0.355922 0.353052 0.348903 0.361657 0.362759 0.348554 -9999.0 -9999.0 -9999.0
-9999.0 -9999.0 -9999.0 -9999.0 -9999.0 -9999.0 -9999.0 -9999.0 0.363026 0.364365 0.347362 0.346173 0.347410 0.345682 0.363017 -9999.0 -9999.0
-9999.0 -9999.0 -9999.0 -9999.0 -9999.0 -9999.0 -9999.0 -9999.0 -9999.0 -9999.0 -9999.0 -9999.0 -9999.0 -9999.0 -9999.0 -9999.0 -9999.0