tests/3D/WG1_2.0_001/output-maps-SE27XX/thetaliqL0002N0010.asc
ncols         17
nrows         27
xllcorner     624603.750000
yllcorner     5171346.250000
cellsize      500.000000
NODATA_value  -9999.0
-9999.0 -9999.0 -9999.0 -9999.0 -9999.0 -9999.0 -9999.0 -9999.0 -9999.0 -9999.0 -9999.0 -9999.0 -9999.0 -9999.0 -9999.0 -9999.0 -9999.0
-9999.0 -9999.0 -9999.0 -9999.0 -9999.0 -9999.0 -9999.0 -9999.0 -9999.0 -9999.0 -9999.0 0.295964 0.317976 0.305239 -9999.0 -9999.0 -9999.0
-9999.0 -9999.0 -9999.0 -9999.0 -9999.0 -9999.0 -9999.0 -9999.0 -9999.0 0.298501 0.311586 0.303648 0.318501 0.309348 0.327057 -9999.0 -9999.0
-9999.0 -9999.0 -9999.0 -9999.0 -9999.0 -9999.0 -9999.0 -9999.0 0.305837 0.301835 0.308140 0.305478 0.311164 0.349560 0.310020 -9999.0 -9999.0
-9999.0 -9999.0 -9999.0 -9999.0 -9999.0 -9999.0 -9999.0 -9999.0 0.300963 0.300260 0.326613 0.301363 0.312657 0.319808 0.310903 -9999.0 -9999.0
-9999.0 -9999.0 -9999.0 -9999.0 -9999.0 -9999.0 -9999.0 0.296936 0.301702 0.310285 0.306728 0.301280 0.307902 0.309167 0.315027 -9999.0 -9999.0
-9999.0 -9999.0 -9999.0 -9999.0 -9999.0 -9999.0 0.314032 0.294098 0.307221 0.289604 0.341718 0.308646 0.305784 0.298273 0.302579 -9999.0 -9999.0
-9999.0 -9999.0 -9999.0 -9999.0 -9999.0 -9999.0 0.298754 0.301312 0.305885 0.291877 0.302110 0.340107 0.308328 0.306979 0.332597 -9999.0 -9999.0
-9999.0 -9999.0 -9999.0 -9999.0 -9999.0 -9999.0 0.306392 0.310833 0.303334 0.319779 0.288194 0.295832 0.302841 0.309173 0.318841 -9999.0 -9999.0
-9999.0 -9999.0 -9999.0 -9999.0 -9999.0 -9999.0 -9999.0 0.293265 0.306793 0.311544 0.299416 0.305300 0.306819 0.333926 0.301622 -9999.0 -9999.0
-9999.0 -9999.0 -9999.0 -9999.0 -9999.0 -9999.0 0.294716 0.302016 0.301381 0.297240 0.300609 0.300005 0.313772 0.305514 0.305378 0.307916 -9999.0
-9999.0 -9999.0 -9999.0 -9999.0 -9999.0 0.296888 0.300647 0.301128 0.284227 0.301925 0.301160 0.302575 0.321066 0.303049 0.304330 0.303654 -9999.0
-9999.0 -9999.0 -9999.0 0.297620 0.332608 0.302710 0.301430 0.283432 0.287265 0.289421 0.294406 0.307206 0.321012 0.290071 0.298632 0.302031 -9999.0
-9999.0 -9999.0 -9999.0 0.292757 0.305144 0.296450 0.299022 0.287976 0.296843 0.308409 0.297840 0.287643 0.315182 0.309341 0.308567 0.304317 -9999.0
-9999.0 -9999.0 0.293500 0.297931 0.298575 0.313896 0.288014 0.292278 0.298273 0.296249 0.294437 0.298655 0.307159 0.308206 0.337902 0.301009 -9999.0
-9999.0 0.295540 0.299760 0.294076 0.303685 0.303518 0.292014 0.295997 0.300466 0.315078 0.306808 0.287383 0.335575 0.297525 0.295767 -9999.0 -9999.0
-9999.0 0.290314 0.296141 0.294526 0.301700 0.302100 0.309115 0.311405 0.299656 0.305179 0.324895 0.315024 0.311151 0.310276 0.311405 0.322684 -9999.0
-9999.0 0.290876 0.306310 0.305005 0.307670 0.303784 0.310622 0.305242 0.306785 0.312274 0.297999 0.299830 0.298145 0.303173 0.294991 -9999.0 -9999.0
-9999.0 0.302520 0.297546 0.305981 0.309698 0.313699 0.309464 0.313955 0.309747 0.301100 0.300038 0.303698 0.307060 0.297710 -9999.0 -9999.0 -9999.0
-9999.0 -9999.0 0.313747 0.322742 0.320549 0.318284 0.319126 0.313102 0.296428 0.305788 0.284549 0.306839 0.299140 0.300283 -9999.0 -9999.0 -9999.0
-9999.0 -9999.0 0.311708 0.319351 0.321233 0.308583 0.317467 0.308584 0.307059 0.296351 0.304436 0.305680 0.297323 -9999.0 -9999.0 -9999.0 -9999.0
-9999.0 -9999.0 -9999.0 -9999.0 0.303416 0.300353 0.287284 0.299860 0.304835 0.286940 0.296699 0.304242 0.304239 -9999.0 -9999.0 -9999.0 -9999.0
-9999.0 -9999.0 -9999.0 -9999.0 -9999.0 0.309766 0.304239 0.297683 0.293808 0.297978 0.301309 0.316681 0.302639 0.298895 -9999.0 -9999.0 -9999.0
-9999.0 -9999.0 -9999.0 -9999.0 -9999.0 -9999.0 0.299345 0.297895 0.297198 0.294013 0.294552 0.298584 0.298690 0.300122 0.300264 -9999.0 -9999.0
-9999.0 -9999.0 -9999.0 -9999.0 -9999.0 -9999.0 -9999.0 0.314164 0.302310 0.301479 0.301986 0.292573 0.289107 0.298260 -9999.0 -9999.0 -9999.0
-9999.0 -9999.0 -9999.0 -9999.0 -9999.0 -9999.0 -9999.0 -9999.0 0.313298 0.302408 0.301291 0.300489 0.296675 0.293002 0.315945 -9999.0 -9999.0
-9999.0 -9999.0 -9999.0 -9999.0 -9999.0 -9999.0 -9999.0 -9999.0 -9999.0 -9999.0 -9999.0 -9999.0 -9999.0 -9999.0 -9999.0 -9999.0 -9999.0