tests/3D/WG1_2.0_001/output-maps-SE27XX/thetaliqL0001N0009.asc
ncols         17
nrows         27
xllcorner     624603.750000
yllcorner     5171346.250000
cellsize      500.000000
NODATA_value  -9999.0
-9999.0 -9999.0 -9999.0 -9999.0 -9999.0 -9999.0 -9999.0 -9999.0 -9999.0 -9999.0 -9999.0 -9999.0 -9999.0 -9999.0 -9999.0 -9999.0 -9999.0
-9999.0 -9999.0 -9999.0 -9999.0 -9999.0 -9999.0 -9999.0 -9999.0 -9999.0 -9999.0 -9999.0 0.290233 0.252002 0.257776 -9999.0 -9999.0 -9999.0
-9999.0 -9999.0 -9999.0 -9999.0 -9999.0 -9999.0 -9999.0 -9999.0 -9999.0 0.178955 0.314194 0.299923 0.251643 0.255669 0.249365 -9999.0 -9999.0
-9999.0 -9999.0 -9999.0 -9999.0 -9999.0 -9999.0 -9999.0 -9999.0 0.315392 0.310619 0.321927 0.318676 0.286295 0.245131 0.255355 -9999.0 -9999.0
-9999.0 -9999.0 -9999.0 -9999.0 -9999.0 -9999.0 -9999.0 -9999.0 0.314221 0.312561 0.340114 0.313543 0.254199 0.251071 0.254875 -9999.0 -9999.0
-9999.0 -9999.0 -9999.0 -9999.0 -9999.0 -9999.0 -9999.0 0.310353 0.313631 0.322504 0.317449 0.313485 0.322066 0.255755 0.253240 -9999.0 -9999.0
-9999.0 -9999.0 -9999.0 -9999.0 -9999.0 -9999.0 0.314869 0.304981 0.320114 0.205786 0.349627 0.321626 0.319926 0.311538 0.272274 -9999.0 -9999.0
-9999.0 -9999.0 -9999.0 -9999.0 -9999.0 -9999.0 0.311641 0.310726 0.317639 0.232274 0.263214 0.348513 0.322799 0.321741 0.336578 -9999.0 -9999.0
-9999.0 -9999.0 -9999.0 -9999.0 -9999.0 -9999.0 0.293124 0.313865 0.315151 0.331911 0.285235 0.293440 0.315147 0.323598 0.333454 -9999.0 -9999.0
-9999.0 -9999.0 -9999.0 -9999.0 -9999.0 -9999.0 -9999.0 0.305535 0.318833 0.323169 0.233134 0.301403 0.319116 0.344938 0.314058 -9999.0 -9999.0
-9999.0 -9999.0 -9999.0 -9999.0 -9999.0 -9999.0 0.307820 0.315173 0.313120 0.294671 0.296961 0.296111 0.326546 0.317571 0.318189 0.322542 -9999.0
-9999.0 -9999.0 -9999.0 -9999.0 -9999.0 0.306178 0.313518 0.313588 0.292417 0.303475 0.297196 0.299134 0.334769 0.315409 0.314768 0.317573 -9999.0
-9999.0 -9999.0 -9999.0 0.305607 0.334485 0.316390 0.313824 0.294748 0.300143 0.302389 0.299615 0.302100 0.333415 0.288185 0.311279 0.314276 -9999.0
-9999.0 -9999.0 -9999.0 0.305309 0.319070 0.308161 0.310656 0.300856 0.306931 0.315496 0.313145 0.303215 0.327022 0.322309 0.255640 0.318565 -9999.0
-9999.0 -9999.0 0.306406 0.309843 0.310293 0.326682 0.300930 0.305248 0.313112 0.309265 0.309539 0.272777 0.317023 0.320097 0.340520 0.315587 -9999.0
-9999.0 0.298420 0.299748 0.294529 0.310936 0.307327 0.305505 0.310252 0.315003 0.329018 0.318085 0.297454 0.347830 0.309633 0.302764 -9999.0 -9999.0
-9999.0 0.302369 0.299949 0.306421 0.313032 0.314411 0.322492 0.324922 0.313462 0.319070 0.322434 0.327724 0.324490 0.321964 0.254732 0.249949 -9999.0
-9999.0 0.302862 0.317915 0.319285 0.321724 0.315131 0.320105 0.318574 0.319612 0.326245 0.310505 0.303332 0.310942 0.311634 0.294326 -9999.0 -9999.0
-9999.0 0.315354 0.312227 0.319730 0.321244 0.318662 0.320301 0.324302 0.322447 0.316054 0.260813 0.314854 0.320371 0.310883 -9999.0 -9999.0 -9999.0
-9999.0 -9999.0 0.323644 0.324321 0.323233 0.326608 0.330528 0.325252 0.310778 0.317384 0.298136 0.319183 0.310980 0.310568 -9999.0 -9999.0 -9999.0
-9999.0 -9999.0 0.325405 0.322039 0.330831 0.322322 0.330893 0.320650 0.307610 0.306930 0.311312 0.317545 0.309050 -9999.0 -9999.0 -9999.0 -9999.0
-9999.0 -9999.0 -9999.0 -9999.0 0.317954 0.312708 0.298369 0.307930 0.300439 0.297985 0.300915 0.316500 0.317348 -9999.0 -9999.0 -9999.0 -9999.0
-9999.0 -9999.0 -9999.0 -9999.0 -9999.0 0.307211 0.316531 0.293972 0.296451 0.223194 0.296524 0.329106 0.314052 0.311504 -9999.0 -9999.0 -9999.0
-9999.0 -9999.0 -9999.0 -9999.0 -9999.0 -9999.0 0.310939 0.309542 0.308458 0.289932 0.289148 0.293676 0.310777 0.313350 0.310622 -9999.0 -9999.0
-9999.0 -9999.0 -9999.0 -9999.0 -9999.0 -9999.0 -9999.0 0.312282 0.314555 0.313234 0.313330 0.287392 0.285075 0.311287 -9999.0 -9999.0 -9999.0
-9999.0 -9999.0 -9999.0 -9999.0 -9999.0 -9999.0 -9999.0 -9999.0 0.314126 0.312979 0.312937 0.312991 0.307635 0.299065 0.308985 -9999.0 -9999.0
-9999.0 -9999.0 -9999.0 -9999.0 -9999.0 -9999.0 -9999.0 -9999.0 -9999.0 -9999.0 -9999.0 -9999.0 -9999.0 -9999.0 -9999.0 -9999.0 -9999.0