tests/3D/WG1_2.0_001/output-maps-SE27XX/thetaliqL0002N0083.asc
ncols         17
nrows         27
xllcorner     624603.750000
yllcorner     5171346.250000
cellsize      500.000000
NODATA_value  -9999.0
-9999.0 -9999.0 -9999.0 -9999.0 -9999.0 -9999.0 -9999.0 -9999.0 -9999.0 -9999.0 -9999.0 -9999.0 -9999.0 -9999.0 -9999.0 -9999.0 -9999.0
-9999.0 -9999.0 -9999.0 -9999.0 -9999.0 -9999.0 -9999.0 -9999.0 -9999.0 -9999.0 -9999.0 0.135429 0.259046 0.267400 -9999.0 -9999.0 -9999.0
-9999.0 -9999.0 -9999.0 -9999.0 -9999.0 -9999.0 -9999.0 -9999.0 -9999.0 0.126164 0.132887 0.134818 0.258686 0.264181 0.255400 -9999.0 -9999.0
-9999.0 -9999.0 -9999.0 -9999.0 -9999.0 -9999.0 -9999.0 -9999.0 0.128910 0.135597 0.128580 0.136666 0.135963 0.251047 0.263738 -9999.0 -9999.0
-9999.0 -9999.0 -9999.0 -9999.0 -9999.0 -9999.0 -9999.0 -9999.0 0.131083 0.134914 0.134225 0.136632 0.261917 0.258007 0.263089 -9999.0 -9999.0
-9999.0 -9999.0 -9999.0 -9999.0 -9999.0 -9999.0 -9999.0 0.129785 0.135443 0.129771 0.136366 0.135693 0.136712 0.264308 0.260646 -9999.0 -9999.0
-9999.0 -9999.0 -9999.0 -9999.0 -9999.0 -9999.0 0.130826 0.134203 0.128395 0.134083 0.134522 0.136880 0.137152 0.134319 0.134878 -9999.0 -9999.0
-9999.0 -9999.0 -9999.0 -9999.0 -9999.0 -9999.0 0.127662 0.134050 0.135998 0.137091 0.131650 0.134838 0.129433 0.133260 0.136433 -9999.0 -9999.0
-9999.0 -9999.0 -9999.0 -9999.0 -9999.0 -9999.0 0.134237 0.134442 0.135368 0.131701 0.135710 0.131919 0.134192 0.136875 0.136292 -9999.0 -9999.0
-9999.0 -9999.0 -9999.0 -9999.0 -9999.0 -9999.0 -9999.0 0.131703 0.134944 0.131407 0.130531 0.134716 0.136709 0.128376 0.131932 -9999.0 -9999.0
-9999.0 -9999.0 -9999.0 -9999.0 -9999.0 -9999.0 0.130536 0.127532 0.133427 0.134504 0.132565 0.135064 0.136388 0.134754 0.135077 0.136266 -9999.0
-9999.0 -9999.0 -9999.0 -9999.0 -9999.0 0.129941 0.127661 0.128314 0.131967 0.133423 0.131201 0.136418 0.135261 0.131543 0.136252 0.136071 -9999.0
-9999.0 -9999.0 -9999.0 0.124983 0.130712 0.125918 0.128713 0.131565 0.129227 0.133468 0.135802 0.133350 0.135346 0.136035 0.133458 0.133985 -9999.0
-9999.0 -9999.0 -9999.0 0.128489 0.124867 0.131200 0.127732 0.129407 0.128911 0.129753 0.130707 0.134167 0.128527 0.134299 0.263321 0.133932 -9999.0
-9999.0 -9999.0 0.127982 0.129199 0.127400 0.131895 0.132279 0.128734 0.130845 0.131904 0.135706 0.135149 0.131118 0.128464 0.132839 0.135156 -9999.0
-9999.0 0.124601 0.124553 0.130758 0.131509 0.126991 0.131779 0.131029 0.131387 0.130274 0.134112 0.134700 0.132691 0.134774 0.134573 -9999.0 -9999.0
-9999.0 0.124102 0.127242 0.124960 0.125308 0.126769 0.126835 0.127845 0.135711 0.128492 0.129015 0.133371 0.133298 0.131514 0.262488 0.256691 -9999.0
-9999.0 0.124605 0.122998 0.124139 0.125321 0.127928 0.127057 0.128909 0.131865 0.129078 0.127879 0.127893 0.133642 0.133498 0.133323 -9999.0 -9999.0
-9999.0 0.122418 0.129056 0.126519 0.127569 0.128504 0.132892 0.132165 0.133008 0.133160 0.133383 0.131817 0.130951 0.127598 -9999.0 -9999.0 -9999.0
-9999.0 -9999.0 0.125645 0.124292 0.129790 0.130248 0.130889 0.131459 0.133534 0.129886 0.130249 0.132993 0.131366 0.133215 -9999.0 -9999.0 -9999.0
-9999.0 -9999.0 0.123418 0.125408 0.128764 0.131295 0.130603 0.132032 0.132556 0.128455 0.131074 0.125214 0.132936 -9999.0 -9999.0 -9999.0 -9999.0
-9999.0 -9999.0 -9999.0 -9999.0 0.131013 0.131056 0.131869 0.126163 0.132081 0.132030 0.129120 0.129635 0.131403 -9999.0 -9999.0 -9999.0 -9999.0
-9999.0 -9999.0 -9999.0 -9999.0 -9999.0 0.131009 0.130821 0.131432 0.127103 0.132435 0.131809 0.126379 0.126274 0.129044 -9999.0 -9999.0 -9999.0
-9999.0 -9999.0 -9999.0 -9999.0 -9999.0 -9999.0 0.131000 0.131029 0.131697 0.132083 0.132649 0.132551 0.131769 0.131828 0.132034 -9999.0 -9999.0
-9999.0 -9999.0 -9999.0 -9999.0 -9999.0 -9999.0 -9999.0 0.130041 0.131058 0.131127 0.132282 0.131380 0.131835 0.126111 -9999.0 -9999.0 -9999.0
-9999.0 -9999.0 -9999.0 -9999.0 -9999.0 -9999.0 -9999.0 -9999.0 0.129461 0.131062 0.132018 0.131894 0.132202 0.132478 0.128813 -9999.0 -9999.0
-9999.0 -9999.0 -9999.0 -9999.0 -9999.0 -9999.0 -9999.0 -9999.0 -9999.0 -9999.0 -9999.0 -9999.0 -9999.0 -9999.0 -9999.0 -9999.0 -9999.0