tests/3D/WG1_2.0_001/output-maps-SE27XX/thetaliqL0005N0079.asc
ncols         17
nrows         27
xllcorner     624603.750000
yllcorner     5171346.250000
cellsize      500.000000
NODATA_value  -9999.0
-9999.0 -9999.0 -9999.0 -9999.0 -9999.0 -9999.0 -9999.0 -9999.0 -9999.0 -9999.0 -9999.0 -9999.0 -9999.0 -9999.0 -9999.0 -9999.0 -9999.0
-9999.0 -9999.0 -9999.0 -9999.0 -9999.0 -9999.0 -9999.0 -9999.0 -9999.0 -9999.0 -9999.0 0.355967 0.395649 0.381995 -9999.0 -9999.0 -9999.0
-9999.0 -9999.0 -9999.0 -9999.0 -9999.0 -9999.0 -9999.0 -9999.0 -9999.0 0.374655 0.372524 0.362580 0.396442 0.387075 0.402866 -9999.0 -9999.0
-9999.0 -9999.0 -9999.0 -9999.0 -9999.0 -9999.0 -9999.0 -9999.0 0.370880 0.362187 0.381838 0.364418 0.365970 0.422833 0.387075 -9999.0 -9999.0
-9999.0 -9999.0 -9999.0 -9999.0 -9999.0 -9999.0 -9999.0 -9999.0 0.367105 0.362914 0.388763 0.369070 0.393953 0.397876 0.388899 -9999.0 -9999.0
-9999.0 -9999.0 -9999.0 -9999.0 -9999.0 -9999.0 -9999.0 0.361983 0.365791 0.384177 0.373227 0.366989 0.364664 0.386921 0.393225 -9999.0 -9999.0
-9999.0 -9999.0 -9999.0 -9999.0 -9999.0 -9999.0 0.366147 0.356273 0.380992 0.366167 0.387756 0.372798 0.362095 0.361112 0.359853 -9999.0 -9999.0
-9999.0 -9999.0 -9999.0 -9999.0 -9999.0 -9999.0 0.366256 0.359118 0.366952 0.366888 0.369118 0.385810 0.377861 0.367937 0.383712 -9999.0 -9999.0
-9999.0 -9999.0 -9999.0 -9999.0 -9999.0 -9999.0 0.356152 0.361245 0.361682 0.381820 0.360677 0.366870 0.368818 0.363667 0.376966 -9999.0 -9999.0
-9999.0 -9999.0 -9999.0 -9999.0 -9999.0 -9999.0 -9999.0 0.352815 0.363733 0.380168 0.367342 0.368571 0.365938 0.397427 0.370255 -9999.0 -9999.0
-9999.0 -9999.0 -9999.0 -9999.0 -9999.0 -9999.0 0.354937 0.367598 0.360324 0.359724 0.364197 0.365638 0.373910 0.371155 0.361584 0.362258 -9999.0
-9999.0 -9999.0 -9999.0 -9999.0 -9999.0 0.357182 0.360548 0.363711 0.356604 0.363566 0.363364 0.364931 0.377871 0.369016 0.364253 0.356936 -9999.0
-9999.0 -9999.0 -9999.0 0.362167 0.375306 0.371123 0.362038 0.355908 0.363314 0.366980 0.362895 0.368174 0.377293 0.353697 0.359089 0.367959 -9999.0
-9999.0 -9999.0 -9999.0 0.356714 0.370485 0.356067 0.362543 0.363108 0.362108 0.372957 0.370051 0.367730 0.398565 0.371758 0.386709 0.361828 -9999.0
-9999.0 -9999.0 0.355657 0.360712 0.357323 0.369392 0.358817 0.363533 0.371773 0.368854 0.371112 0.368557 0.378158 0.375212 0.381045 0.357097 -9999.0
-9999.0 0.354200 0.357832 0.354062 0.363096 0.361429 0.360509 0.367455 0.373181 0.380139 0.372550 0.358873 0.384196 0.355650 0.347752 -9999.0 -9999.0
-9999.0 0.358187 0.355803 0.365641 0.370297 0.366031 0.374599 0.378513 0.372178 0.372665 0.376279 0.365537 0.363614 0.364616 0.389325 0.399635 -9999.0
-9999.0 0.361331 0.368077 0.370063 0.375297 0.372772 0.378240 0.371176 0.377476 0.375740 0.366511 0.358464 0.352782 0.353436 0.345759 -9999.0 -9999.0
-9999.0 0.366763 0.363088 0.374327 0.368009 0.374489 0.377282 0.380172 0.378839 0.369705 0.359210 0.365838 0.365435 0.359599 -9999.0 -9999.0 -9999.0
-9999.0 -9999.0 0.375363 0.371907 0.380726 0.380456 0.382112 0.377922 0.366840 0.369052 0.357914 0.358575 0.358746 0.358207 -9999.0 -9999.0 -9999.0
-9999.0 -9999.0 0.371085 0.368231 0.381770 0.372211 0.376988 0.368691 0.365631 0.365311 0.365196 0.370413 0.350215 -9999.0 -9999.0 -9999.0 -9999.0
-9999.0 -9999.0 -9999.0 -9999.0 0.367339 0.360416 0.351293 0.360963 0.362682 0.358663 0.358261 0.364656 0.359058 -9999.0 -9999.0 -9999.0 -9999.0
-9999.0 -9999.0 -9999.0 -9999.0 -9999.0 0.357649 0.352426 0.347392 0.359536 0.361998 0.362519 0.383829 0.368576 0.360963 -9999.0 -9999.0 -9999.0
-9999.0 -9999.0 -9999.0 -9999.0 -9999.0 -9999.0 0.349253 0.348710 0.351987 0.352070 0.355246 0.357272 0.356007 0.359974 0.355817 -9999.0 -9999.0
-9999.0 -9999.0 -9999.0 -9999.0 -9999.0 -9999.0 -9999.0 0.357684 0.357093 0.360452 0.354425 0.354556 0.350404 0.358856 -9999.0 -9999.0 -9999.0
-9999.0 -9999.0 -9999.0 -9999.0 -9999.0 -9999.0 -9999.0 -9999.0 0.362838 0.358547 0.356281 0.356809 0.351108 0.348162 0.369290 -9999.0 -9999.0
-9999.0 -9999.0 -9999.0 -9999.0 -9999.0 -9999.0 -9999.0 -9999.0 -9999.0 -9999.0 -9999.0 -9999.0 -9999.0 -9999.0 -9999.0 -9999.0 -9999.0