tests/3D/WG1_2.0_001/output-maps-SE27XX/thetaiceL0003N0049.asc
ncols         17
nrows         27
xllcorner     624603.750000
yllcorner     5171346.250000
cellsize      500.000000
NODATA_value  -9999.0
-9999.0 -9999.0 -9999.0 -9999.0 -9999.0 -9999.0 -9999.0 -9999.0 -9999.0 -9999.0 -9999.0 -9999.0 -9999.0 -9999.0 -9999.0 -9999.0 -9999.0
-9999.0 -9999.0 -9999.0 -9999.0 -9999.0 -9999.0 -9999.0 -9999.0 -9999.0 -9999.0 -9999.0 0.318797 0.000000 0.000000 -9999.0 -9999.0 -9999.0
-9999.0 -9999.0 -9999.0 -9999.0 -9999.0 -9999.0 -9999.0 -9999.0 -9999.0 0.361209 0.250862 0.238270 0.000000 0.000000 0.000000 -9999.0 -9999.0
-9999.0 -9999.0 -9999.0 -9999.0 -9999.0 -9999.0 -9999.0 -9999.0 0.162839 0.321860 0.039174 0.306430 0.325442 0.000000 0.000000 -9999.0 -9999.0
-9999.0 -9999.0 -9999.0 -9999.0 -9999.0 -9999.0 -9999.0 -9999.0 0.192300 0.227526 0.213641 0.200973 0.000000 0.000000 0.000000 -9999.0 -9999.0
-9999.0 -9999.0 -9999.0 -9999.0 -9999.0 -9999.0 -9999.0 0.175525 0.276602 0.094336 0.026453 0.195443 0.300413 0.000000 0.000000 -9999.0 -9999.0
-9999.0 -9999.0 -9999.0 -9999.0 -9999.0 -9999.0 0.345356 0.294760 0.073682 0.335594 0.353988 0.320153 0.304793 0.233260 0.256524 -9999.0 -9999.0
-9999.0 -9999.0 -9999.0 -9999.0 -9999.0 -9999.0 0.167778 0.318217 0.327521 0.323787 0.338953 0.350856 0.083698 0.127224 0.332670 -9999.0 -9999.0
-9999.0 -9999.0 -9999.0 -9999.0 -9999.0 -9999.0 0.327292 0.326033 0.293645 0.157800 0.276688 0.224911 0.137621 0.313328 0.324746 -9999.0 -9999.0
-9999.0 -9999.0 -9999.0 -9999.0 -9999.0 -9999.0 -9999.0 0.262942 0.326072 0.081127 0.339911 0.317349 0.307114 0.098076 0.133043 -9999.0 -9999.0
-9999.0 -9999.0 -9999.0 -9999.0 -9999.0 -9999.0 0.259924 0.160668 0.203226 0.280639 0.308359 0.314176 0.319603 0.154433 0.223062 0.319722 -9999.0
-9999.0 -9999.0 -9999.0 -9999.0 -9999.0 0.316824 0.187197 0.143864 0.228612 0.282465 0.256419 0.296368 0.318030 0.076960 0.322940 0.312962 -9999.0
-9999.0 -9999.0 -9999.0 0.252489 0.354169 0.179591 0.188267 0.236239 0.136049 0.079487 0.216216 0.313424 0.315803 0.319838 0.209342 0.222294 -9999.0
-9999.0 -9999.0 -9999.0 0.253190 0.199103 0.214833 0.290394 0.139985 0.220231 0.191515 0.125544 0.148925 0.000967 0.221401 0.000000 0.193921 -9999.0
-9999.0 -9999.0 0.260541 0.234189 0.149410 0.330767 0.229456 0.131080 0.088210 0.085381 0.112622 0.323781 0.030400 0.058523 0.360477 0.322735 -9999.0
-9999.0 0.257660 0.268327 0.321584 0.328718 0.262926 0.117110 0.044913 0.065791 0.204298 0.266043 0.256906 0.354487 0.326479 0.325552 -9999.0 -9999.0
-9999.0 0.179236 0.293466 0.095526 0.055283 0.070136 0.032137 0.014259 0.020453 0.092343 0.300564 0.330080 0.328619 0.338313 0.000000 0.000000 -9999.0
-9999.0 0.090522 0.205478 0.075885 0.017225 0.001172 0.000000 0.175840 0.032678 0.207986 0.177135 0.298577 0.325156 0.327795 0.328315 -9999.0 -9999.0
-9999.0 0.093879 0.039353 0.005314 0.032094 0.000000 0.019821 0.058127 0.106367 0.237104 0.324287 0.135435 0.310998 0.193639 -9999.0 -9999.0 -9999.0
-9999.0 -9999.0 0.010516 0.008661 0.006570 0.068440 0.150016 0.139796 0.097201 0.255721 0.171324 0.327375 0.232256 0.326720 -9999.0 -9999.0 -9999.0
-9999.0 -9999.0 0.017189 0.001886 0.095567 0.183801 0.288050 0.323209 0.322939 0.234197 0.323655 0.099265 0.326250 -9999.0 -9999.0 -9999.0 -9999.0
-9999.0 -9999.0 -9999.0 -9999.0 0.192151 0.316528 0.314750 0.242964 0.322755 0.275397 0.308870 0.208226 0.316151 -9999.0 -9999.0 -9999.0 -9999.0
-9999.0 -9999.0 -9999.0 -9999.0 -9999.0 0.329049 0.330820 0.329103 0.293340 0.326319 0.326177 0.133849 0.116930 0.206742 -9999.0 -9999.0 -9999.0
-9999.0 -9999.0 -9999.0 -9999.0 -9999.0 -9999.0 0.327984 0.329127 0.329297 0.328336 0.327551 0.327875 0.310621 0.333593 0.334006 -9999.0 -9999.0
-9999.0 -9999.0 -9999.0 -9999.0 -9999.0 -9999.0 -9999.0 0.331587 0.330278 0.330544 0.328015 0.325807 0.328382 0.216657 -9999.0 -9999.0 -9999.0
-9999.0 -9999.0 -9999.0 -9999.0 -9999.0 -9999.0 -9999.0 -9999.0 0.349571 0.333110 0.327977 0.327470 0.327262 0.325869 0.342925 -9999.0 -9999.0
-9999.0 -9999.0 -9999.0 -9999.0 -9999.0 -9999.0 -9999.0 -9999.0 -9999.0 -9999.0 -9999.0 -9999.0 -9999.0 -9999.0 -9999.0 -9999.0 -9999.0