tests/3D/WG1_2.0_001/output-maps-SE27XX/thetaiceL0002N0040.asc
ncols         17
nrows         27
xllcorner     624603.750000
yllcorner     5171346.250000
cellsize      500.000000
NODATA_value  -9999.0
-9999.0 -9999.0 -9999.0 -9999.0 -9999.0 -9999.0 -9999.0 -9999.0 -9999.0 -9999.0 -9999.0 -9999.0 -9999.0 -9999.0 -9999.0 -9999.0 -9999.0
-9999.0 -9999.0 -9999.0 -9999.0 -9999.0 -9999.0 -9999.0 -9999.0 -9999.0 -9999.0 -9999.0 0.340652 0.094996 0.090325 -9999.0 -9999.0 -9999.0
-9999.0 -9999.0 -9999.0 -9999.0 -9999.0 -9999.0 -9999.0 -9999.0 -9999.0 0.345747 0.337878 0.341447 0.095264 0.091954 0.097548 -9999.0 -9999.0
-9999.0 -9999.0 -9999.0 -9999.0 -9999.0 -9999.0 -9999.0 -9999.0 0.223655 0.338188 0.182768 0.337560 0.344732 0.101909 0.092203 -9999.0 -9999.0
-9999.0 -9999.0 -9999.0 -9999.0 -9999.0 -9999.0 -9999.0 -9999.0 0.322122 0.340303 0.344223 0.340670 0.093170 0.095737 0.092566 -9999.0 -9999.0
-9999.0 -9999.0 -9999.0 -9999.0 -9999.0 -9999.0 -9999.0 0.261291 0.344453 0.190363 0.212077 0.341320 0.337243 0.091886 0.093968 -9999.0 -9999.0
-9999.0 -9999.0 -9999.0 -9999.0 -9999.0 -9999.0 0.348324 0.345295 0.226781 0.337774 0.367043 0.340886 0.339272 0.341224 0.338639 -9999.0 -9999.0
-9999.0 -9999.0 -9999.0 -9999.0 -9999.0 -9999.0 0.296087 0.344894 0.341990 0.349762 0.333225 0.365851 0.196069 0.296713 0.353059 -9999.0 -9999.0
-9999.0 -9999.0 -9999.0 -9999.0 -9999.0 -9999.0 0.346724 0.349232 0.345443 0.331307 0.339990 0.341524 0.332679 0.338711 0.349326 -9999.0 -9999.0
-9999.0 -9999.0 -9999.0 -9999.0 -9999.0 -9999.0 -9999.0 0.344422 0.344666 0.208091 0.346033 0.343091 0.340759 0.313399 0.264154 -9999.0 -9999.0
-9999.0 -9999.0 -9999.0 -9999.0 -9999.0 -9999.0 0.339130 0.298460 0.343204 0.343748 0.344426 0.340514 0.341454 0.331446 0.341375 0.339244 -9999.0
-9999.0 -9999.0 -9999.0 -9999.0 -9999.0 0.340035 0.317675 0.277381 0.338525 0.344846 0.343766 0.342460 0.348170 0.209919 0.340865 0.339701 -9999.0
-9999.0 -9999.0 -9999.0 0.335550 0.371968 0.337670 0.310872 0.334991 0.333883 0.317275 0.340538 0.342929 0.346140 0.338223 0.340024 0.341794 -9999.0
-9999.0 -9999.0 -9999.0 0.331187 0.339912 0.338542 0.342213 0.331586 0.339270 0.342971 0.335367 0.335762 0.107667 0.347126 0.092553 0.337740 -9999.0
-9999.0 -9999.0 0.332563 0.337526 0.292946 0.351907 0.343168 0.335912 0.335235 0.334603 0.338715 0.350830 0.170968 0.190544 0.363429 0.345821 -9999.0
-9999.0 0.326098 0.326755 0.346279 0.359098 0.333750 0.334716 0.303540 0.328664 0.345566 0.347062 0.346761 0.364045 0.342317 0.344710 -9999.0 -9999.0
-9999.0 0.324263 0.329572 0.318161 0.310330 0.333068 0.315991 0.285898 0.279768 0.332949 0.344503 0.353055 0.352686 0.350198 0.092875 0.096695 -9999.0
-9999.0 0.295256 0.331258 0.325101 0.297482 0.248625 0.244136 0.341366 0.311567 0.346991 0.336844 0.336686 0.347592 0.351971 0.346742 -9999.0 -9999.0
-9999.0 0.327241 0.302678 0.265558 0.305303 0.244771 0.316994 0.346557 0.347020 0.350256 0.354072 0.317732 0.347973 0.296446 -9999.0 -9999.0 -9999.0
-9999.0 -9999.0 0.289491 0.253386 0.282549 0.343927 0.351199 0.341103 0.334953 0.345661 0.334298 0.348426 0.344749 0.345760 -9999.0 -9999.0 -9999.0
-9999.0 -9999.0 0.278986 0.272133 0.345129 0.346367 0.342761 0.351392 0.354853 0.338737 0.346958 0.292798 0.345187 -9999.0 -9999.0 -9999.0 -9999.0
-9999.0 -9999.0 -9999.0 -9999.0 0.340118 0.351334 0.349431 0.331631 0.350445 0.345725 0.345091 0.344034 0.349014 -9999.0 -9999.0 -9999.0 -9999.0
-9999.0 -9999.0 -9999.0 -9999.0 -9999.0 0.359810 0.353488 0.354151 0.329555 0.357572 0.348132 0.336980 0.289497 0.319606 -9999.0 -9999.0 -9999.0
-9999.0 -9999.0 -9999.0 -9999.0 -9999.0 -9999.0 0.349328 0.351291 0.352815 0.357238 0.356080 0.358841 0.349084 0.351388 0.359585 -9999.0 -9999.0
-9999.0 -9999.0 -9999.0 -9999.0 -9999.0 -9999.0 -9999.0 0.352384 0.353031 0.350525 0.350470 0.356680 0.359164 0.322763 -9999.0 -9999.0 -9999.0
-9999.0 -9999.0 -9999.0 -9999.0 -9999.0 -9999.0 -9999.0 -9999.0 0.358172 0.362497 0.349128 0.347792 0.348066 0.346150 0.365206 -9999.0 -9999.0
-9999.0 -9999.0 -9999.0 -9999.0 -9999.0 -9999.0 -9999.0 -9999.0 -9999.0 -9999.0 -9999.0 -9999.0 -9999.0 -9999.0 -9999.0 -9999.0 -9999.0