tests/3D/WG1_2.0_001/output-maps-SE27XX/thetaliqL0003N0051.asc
ncols         17
nrows         27
xllcorner     624603.750000
yllcorner     5171346.250000
cellsize      500.000000
NODATA_value  -9999.0
-9999.0 -9999.0 -9999.0 -9999.0 -9999.0 -9999.0 -9999.0 -9999.0 -9999.0 -9999.0 -9999.0 -9999.0 -9999.0 -9999.0 -9999.0 -9999.0 -9999.0
-9999.0 -9999.0 -9999.0 -9999.0 -9999.0 -9999.0 -9999.0 -9999.0 -9999.0 -9999.0 -9999.0 0.144539 0.313454 0.299273 -9999.0 -9999.0 -9999.0
-9999.0 -9999.0 -9999.0 -9999.0 -9999.0 -9999.0 -9999.0 -9999.0 -9999.0 0.137007 0.198789 0.202449 0.314071 0.303928 0.323269 -9999.0 -9999.0
-9999.0 -9999.0 -9999.0 -9999.0 -9999.0 -9999.0 -9999.0 -9999.0 0.212194 0.145691 0.266903 0.159728 0.137390 0.344322 0.304614 -9999.0 -9999.0
-9999.0 -9999.0 -9999.0 -9999.0 -9999.0 -9999.0 -9999.0 -9999.0 0.213034 0.199639 0.233902 0.221907 0.307932 0.315538 0.305663 -9999.0 -9999.0
-9999.0 -9999.0 -9999.0 -9999.0 -9999.0 -9999.0 -9999.0 0.197994 0.175899 0.244852 0.250538 0.217752 0.166757 0.303733 0.310203 -9999.0 -9999.0
-9999.0 -9999.0 -9999.0 -9999.0 -9999.0 -9999.0 0.133322 0.153039 0.270462 0.133548 0.133251 0.151484 0.163277 0.208326 0.196512 -9999.0 -9999.0
-9999.0 -9999.0 -9999.0 -9999.0 -9999.0 -9999.0 0.217602 0.140193 0.140000 0.139352 0.139375 0.133367 0.243275 0.230341 0.140104 -9999.0 -9999.0
-9999.0 -9999.0 -9999.0 -9999.0 -9999.0 -9999.0 0.134899 0.136777 0.157034 0.241433 0.164909 0.199409 0.223863 0.154172 0.143693 -9999.0 -9999.0
-9999.0 -9999.0 -9999.0 -9999.0 -9999.0 -9999.0 -9999.0 0.157162 0.139501 0.255182 0.138186 0.141987 0.154971 0.304930 0.230157 -9999.0 -9999.0
-9999.0 -9999.0 -9999.0 -9999.0 -9999.0 -9999.0 0.158454 0.226003 0.198004 0.157864 0.148358 0.146767 0.151372 0.231565 0.209243 0.146805 -9999.0
-9999.0 -9999.0 -9999.0 -9999.0 -9999.0 0.139058 0.196239 0.202603 0.182795 0.161154 0.184319 0.158228 0.149232 0.234183 0.144741 0.151151 -9999.0
-9999.0 -9999.0 -9999.0 0.184079 0.129988 0.237995 0.200237 0.178120 0.217133 0.222944 0.199790 0.149871 0.149072 0.141472 0.199306 0.209646 -9999.0
-9999.0 -9999.0 -9999.0 0.159206 0.236891 0.187032 0.158860 0.210706 0.214835 0.244940 0.250633 0.222427 0.338286 0.208992 0.305062 0.208378 -9999.0
-9999.0 -9999.0 0.159524 0.183497 0.195622 0.137791 0.185982 0.220414 0.249560 0.234241 0.231252 0.139133 0.247320 0.244849 0.132273 0.140078 -9999.0
-9999.0 0.200090 0.194005 0.137506 0.135213 0.200049 0.210566 0.246362 0.255492 0.267274 0.201646 0.178310 0.133369 0.137447 0.135305 -9999.0 -9999.0
-9999.0 0.220107 0.153991 0.244783 0.257571 0.248128 0.268356 0.275255 0.255381 0.261048 0.178054 0.134854 0.133205 0.133070 0.306845 0.318654 -9999.0
-9999.0 0.234225 0.239484 0.258258 0.271467 0.279982 0.331286 0.228893 0.267981 0.253096 0.229901 0.149208 0.135531 0.131898 0.134040 -9999.0 -9999.0
-9999.0 0.245799 0.239387 0.272546 0.254064 0.298666 0.267940 0.269505 0.255559 0.204257 0.136620 0.212926 0.144635 0.194738 -9999.0 -9999.0 -9999.0
-9999.0 -9999.0 0.279797 0.262125 0.276653 0.272058 0.263432 0.253996 0.227028 0.181598 0.192505 0.134022 0.182084 0.135319 -9999.0 -9999.0 -9999.0
-9999.0 -9999.0 0.263868 0.314536 0.272497 0.231311 0.181680 0.139775 0.139997 0.188848 0.139103 0.243962 0.135097 -9999.0 -9999.0 -9999.0 -9999.0
-9999.0 -9999.0 -9999.0 -9999.0 0.215012 0.142512 0.140453 0.203827 0.138157 0.158135 0.142978 0.199937 0.140386 -9999.0 -9999.0 -9999.0 -9999.0
-9999.0 -9999.0 -9999.0 -9999.0 -9999.0 0.134969 0.131919 0.131632 0.154314 0.136602 0.135416 0.254469 0.226660 0.188723 -9999.0 -9999.0 -9999.0
-9999.0 -9999.0 -9999.0 -9999.0 -9999.0 -9999.0 0.131848 0.131139 0.132633 0.131632 0.132905 0.132611 0.138705 0.132606 0.130468 -9999.0 -9999.0
-9999.0 -9999.0 -9999.0 -9999.0 -9999.0 -9999.0 -9999.0 0.130593 0.133145 0.135552 0.132146 0.133848 0.131009 0.178980 -9999.0 -9999.0 -9999.0
-9999.0 -9999.0 -9999.0 -9999.0 -9999.0 -9999.0 -9999.0 -9999.0 0.132745 0.132282 0.132389 0.133014 0.132552 0.134411 0.131427 -9999.0 -9999.0
-9999.0 -9999.0 -9999.0 -9999.0 -9999.0 -9999.0 -9999.0 -9999.0 -9999.0 -9999.0 -9999.0 -9999.0 -9999.0 -9999.0 -9999.0 -9999.0 -9999.0