tests/3D/WG1_2.0_001/output-maps-SE27XX/thetaliqL0004N0001.asc
ncols         17
nrows         27
xllcorner     624603.750000
yllcorner     5171346.250000
cellsize      500.000000
NODATA_value  -9999.0
-9999.0 -9999.0 -9999.0 -9999.0 -9999.0 -9999.0 -9999.0 -9999.0 -9999.0 -9999.0 -9999.0 -9999.0 -9999.0 -9999.0 -9999.0 -9999.0 -9999.0
-9999.0 -9999.0 -9999.0 -9999.0 -9999.0 -9999.0 -9999.0 -9999.0 -9999.0 -9999.0 -9999.0 0.325159 0.325127 0.325045 -9999.0 -9999.0 -9999.0
-9999.0 -9999.0 -9999.0 -9999.0 -9999.0 -9999.0 -9999.0 -9999.0 -9999.0 0.324198 0.324688 0.325187 0.325704 0.325014 0.324794 -9999.0 -9999.0
-9999.0 -9999.0 -9999.0 -9999.0 -9999.0 -9999.0 -9999.0 -9999.0 0.324496 0.324522 0.324972 0.325401 0.326355 0.325735 0.325084 -9999.0 -9999.0
-9999.0 -9999.0 -9999.0 -9999.0 -9999.0 -9999.0 -9999.0 -9999.0 0.324668 0.325092 0.325246 0.325296 0.326128 0.325545 0.325079 -9999.0 -9999.0
-9999.0 -9999.0 -9999.0 -9999.0 -9999.0 -9999.0 -9999.0 0.324609 0.324848 0.324858 0.325305 0.325483 0.325846 0.325025 0.324581 -9999.0 -9999.0
-9999.0 -9999.0 -9999.0 -9999.0 -9999.0 -9999.0 0.324609 0.325037 0.325450 0.325543 0.324578 0.325930 0.326013 0.324833 0.324295 -9999.0 -9999.0
-9999.0 -9999.0 -9999.0 -9999.0 -9999.0 -9999.0 0.324507 0.325401 0.326144 0.324518 0.325257 0.326186 0.326664 0.325226 0.324401 -9999.0 -9999.0
-9999.0 -9999.0 -9999.0 -9999.0 -9999.0 -9999.0 0.324555 0.325329 0.326262 0.325094 0.324619 0.325810 0.326993 0.325644 0.324593 -9999.0 -9999.0
-9999.0 -9999.0 -9999.0 -9999.0 -9999.0 -9999.0 -9999.0 0.326006 0.326210 0.325603 0.324961 0.325214 0.326948 0.325949 0.324840 -9999.0 -9999.0
-9999.0 -9999.0 -9999.0 -9999.0 -9999.0 -9999.0 0.324747 0.325213 0.326276 0.325868 0.325069 0.325026 0.326908 0.326115 0.324403 0.323910 -9999.0
-9999.0 -9999.0 -9999.0 -9999.0 -9999.0 0.324645 0.325024 0.326283 0.327187 0.326110 0.325079 0.325356 0.327236 0.326587 0.324641 0.323990 -9999.0
-9999.0 -9999.0 -9999.0 0.324352 0.324652 0.325177 0.326362 0.327668 0.327645 0.326135 0.325086 0.325782 0.327833 0.327394 0.325195 0.324281 -9999.0
-9999.0 -9999.0 -9999.0 0.324907 0.325532 0.326680 0.327734 0.328058 0.327187 0.325152 0.325069 0.326357 0.328463 0.328403 0.325935 0.324633 -9999.0
-9999.0 -9999.0 0.325363 0.325962 0.327307 0.327990 0.328186 0.327580 0.325673 0.324295 0.325282 0.327313 0.328943 0.328217 0.325891 0.324851 -9999.0
-9999.0 0.325856 0.326032 0.327643 0.328915 0.328837 0.328259 0.326544 0.324763 0.324644 0.326968 0.328799 0.329026 0.327759 0.326611 -9999.0 -9999.0
-9999.0 0.326977 0.327897 0.329478 0.329499 0.328606 0.327131 0.325386 0.324514 0.326660 0.328704 0.328926 0.328049 0.326270 0.324889 0.324464 -9999.0
-9999.0 0.327884 0.328755 0.329192 0.327849 0.326122 0.324819 0.324713 0.325778 0.328260 0.329070 0.328100 0.326864 0.325501 0.324981 -9999.0 -9999.0
-9999.0 0.327809 0.328238 0.326842 0.324651 0.324730 0.325169 0.324986 0.326489 0.328125 0.328383 0.327340 0.325805 0.325330 -9999.0 -9999.0 -9999.0
-9999.0 -9999.0 0.326227 0.325172 0.325565 0.325834 0.326870 0.326984 0.326517 0.326962 0.327385 0.326484 0.324866 0.324612 -9999.0 -9999.0 -9999.0
-9999.0 -9999.0 0.326164 0.325036 0.327833 0.329103 0.329035 0.327749 0.325919 0.325442 0.326375 0.325925 0.325167 -9999.0 -9999.0 -9999.0 -9999.0
-9999.0 -9999.0 -9999.0 -9999.0 0.329901 0.329899 0.328611 0.327707 0.326173 0.324754 0.325332 0.325660 0.325213 -9999.0 -9999.0 -9999.0 -9999.0
-9999.0 -9999.0 -9999.0 -9999.0 -9999.0 0.328708 0.327060 0.327147 0.326772 0.325403 0.324507 0.325207 0.325048 0.324745 -9999.0 -9999.0 -9999.0
-9999.0 -9999.0 -9999.0 -9999.0 -9999.0 -9999.0 0.326137 0.325834 0.326343 0.325870 0.324798 0.324660 0.324872 0.324380 0.324186 -9999.0 -9999.0
-9999.0 -9999.0 -9999.0 -9999.0 -9999.0 -9999.0 -9999.0 0.325374 0.325051 0.325268 0.324795 0.324203 0.324656 0.324667 -9999.0 -9999.0 -9999.0
-9999.0 -9999.0 -9999.0 -9999.0 -9999.0 -9999.0 -9999.0 -9999.0 0.324874 0.324846 0.324204 0.324493 0.324435 0.324243 0.324092 -9999.0 -9999.0
-9999.0 -9999.0 -9999.0 -9999.0 -9999.0 -9999.0 -9999.0 -9999.0 -9999.0 -9999.0 -9999.0 -9999.0 -9999.0 -9999.0 -9999.0 -9999.0 -9999.0