tests/3D/WG1_2.0_001/output-maps-SE27XX/thetaiceL0003N0083.asc
ncols         17
nrows         27
xllcorner     624603.750000
yllcorner     5171346.250000
cellsize      500.000000
NODATA_value  -9999.0
-9999.0 -9999.0 -9999.0 -9999.0 -9999.0 -9999.0 -9999.0 -9999.0 -9999.0 -9999.0 -9999.0 -9999.0 -9999.0 -9999.0 -9999.0 -9999.0 -9999.0
-9999.0 -9999.0 -9999.0 -9999.0 -9999.0 -9999.0 -9999.0 -9999.0 -9999.0 -9999.0 -9999.0 0.336790 0.000000 0.000000 -9999.0 -9999.0 -9999.0
-9999.0 -9999.0 -9999.0 -9999.0 -9999.0 -9999.0 -9999.0 -9999.0 -9999.0 0.371682 0.352441 0.337497 0.000000 0.000000 0.000051 -9999.0 -9999.0
-9999.0 -9999.0 -9999.0 -9999.0 -9999.0 -9999.0 -9999.0 -9999.0 0.336882 0.342579 0.348492 0.340701 0.335089 0.000341 0.000000 -9999.0 -9999.0
-9999.0 -9999.0 -9999.0 -9999.0 -9999.0 -9999.0 -9999.0 -9999.0 0.335730 0.334038 0.354366 0.336343 0.000000 0.000000 0.000000 -9999.0 -9999.0
-9999.0 -9999.0 -9999.0 -9999.0 -9999.0 -9999.0 -9999.0 0.333574 0.341883 0.354101 0.340902 0.335410 0.342132 0.000000 0.000000 -9999.0 -9999.0
-9999.0 -9999.0 -9999.0 -9999.0 -9999.0 -9999.0 0.361877 0.338826 0.335245 0.343621 0.356396 0.341700 0.341706 0.338525 0.340218 -9999.0 -9999.0
-9999.0 -9999.0 -9999.0 -9999.0 -9999.0 -9999.0 0.342969 0.342240 0.337961 0.334694 0.349840 0.352948 0.357694 0.332216 0.339600 -9999.0 -9999.0
-9999.0 -9999.0 -9999.0 -9999.0 -9999.0 -9999.0 0.334269 0.334361 0.341470 0.338449 0.338805 0.336943 0.335738 0.340690 0.336666 -9999.0 -9999.0
-9999.0 -9999.0 -9999.0 -9999.0 -9999.0 -9999.0 -9999.0 0.335150 0.342742 0.353774 0.350957 0.348060 0.341505 0.364430 0.334347 -9999.0 -9999.0
-9999.0 -9999.0 -9999.0 -9999.0 -9999.0 -9999.0 0.336319 0.350343 0.331855 0.337944 0.346243 0.345331 0.345081 0.334879 0.335894 0.338784 -9999.0
-9999.0 -9999.0 -9999.0 -9999.0 -9999.0 0.345742 0.335215 0.335826 0.332912 0.343918 0.339676 0.343743 0.354050 0.335544 0.338293 0.338389 -9999.0
-9999.0 -9999.0 -9999.0 0.345723 0.353110 0.368776 0.334536 0.333241 0.338601 0.339580 0.331187 0.347057 0.351614 0.336484 0.333378 0.338419 -9999.0
-9999.0 -9999.0 -9999.0 0.336829 0.371230 0.333048 0.346767 0.338056 0.340223 0.343587 0.345041 0.330981 0.318049 0.338390 0.000000 0.333041 -9999.0
-9999.0 -9999.0 0.338305 0.337115 0.334342 0.342285 0.333371 0.341252 0.341440 0.334053 0.333851 0.336894 0.325853 0.339770 0.363471 0.334819 -9999.0
-9999.0 0.345645 0.346524 0.340002 0.337627 0.347369 0.336028 0.320514 0.324936 0.360827 0.353628 0.335629 0.358050 0.336267 0.334558 -9999.0 -9999.0
-9999.0 0.339704 0.343994 0.336868 0.326843 0.328583 0.322512 0.320868 0.312598 0.336196 0.360916 0.336661 0.335266 0.345052 0.000000 0.000015 -9999.0
-9999.0 0.333323 0.351633 0.328362 0.321605 0.317332 0.317853 0.340571 0.321509 0.358345 0.343852 0.346191 0.334539 0.334155 0.335668 -9999.0 -9999.0
-9999.0 0.336226 0.322416 0.319668 0.324233 0.316562 0.319824 0.339251 0.346103 0.341246 0.335562 0.332785 0.347569 0.335621 -9999.0 -9999.0 -9999.0
-9999.0 -9999.0 0.321193 0.321837 0.318700 0.342565 0.347317 0.342860 0.338810 0.345330 0.333211 0.335467 0.334390 0.335370 -9999.0 -9999.0 -9999.0
-9999.0 -9999.0 0.323714 0.319164 0.351816 0.341304 0.355104 0.341444 0.337547 0.339923 0.343473 0.335637 0.335404 -9999.0 -9999.0 -9999.0 -9999.0
-9999.0 -9999.0 -9999.0 -9999.0 0.337523 0.341074 0.337894 0.345260 0.338338 0.336163 0.344481 0.336399 0.342243 -9999.0 -9999.0 -9999.0 -9999.0
-9999.0 -9999.0 -9999.0 -9999.0 -9999.0 0.337534 0.336890 0.335605 0.343597 0.336434 0.338757 0.365128 0.353511 0.335093 -9999.0 -9999.0 -9999.0
-9999.0 -9999.0 -9999.0 -9999.0 -9999.0 -9999.0 0.335521 0.335533 0.337332 0.335093 0.335174 0.335206 0.337538 0.339652 0.337177 -9999.0 -9999.0
-9999.0 -9999.0 -9999.0 -9999.0 -9999.0 -9999.0 -9999.0 0.336895 0.338300 0.340843 0.335015 0.336286 0.335323 0.337159 -9999.0 -9999.0 -9999.0
-9999.0 -9999.0 -9999.0 -9999.0 -9999.0 -9999.0 -9999.0 -9999.0 0.354144 0.338066 0.335157 0.335389 0.334972 0.335044 0.349296 -9999.0 -9999.0
-9999.0 -9999.0 -9999.0 -9999.0 -9999.0 -9999.0 -9999.0 -9999.0 -9999.0 -9999.0 -9999.0 -9999.0 -9999.0 -9999.0 -9999.0 -9999.0 -9999.0