tests/3D/WG1_2.0_001/output-maps-SE27XX/thetaliqL0003N0064.asc
ncols         17
nrows         27
xllcorner     624603.750000
yllcorner     5171346.250000
cellsize      500.000000
NODATA_value  -9999.0
-9999.0 -9999.0 -9999.0 -9999.0 -9999.0 -9999.0 -9999.0 -9999.0 -9999.0 -9999.0 -9999.0 -9999.0 -9999.0 -9999.0 -9999.0 -9999.0 -9999.0
-9999.0 -9999.0 -9999.0 -9999.0 -9999.0 -9999.0 -9999.0 -9999.0 -9999.0 -9999.0 -9999.0 0.143592 0.312344 0.297835 -9999.0 -9999.0 -9999.0
-9999.0 -9999.0 -9999.0 -9999.0 -9999.0 -9999.0 -9999.0 -9999.0 -9999.0 0.136518 0.141799 0.145621 0.312986 0.302648 0.322195 -9999.0 -9999.0
-9999.0 -9999.0 -9999.0 -9999.0 -9999.0 -9999.0 -9999.0 -9999.0 0.151471 0.141732 0.250578 0.144744 0.143400 0.348524 0.303305 -9999.0 -9999.0
-9999.0 -9999.0 -9999.0 -9999.0 -9999.0 -9999.0 -9999.0 -9999.0 0.142593 0.145114 0.142745 0.157289 0.306977 0.314488 0.304423 -9999.0 -9999.0
-9999.0 -9999.0 -9999.0 -9999.0 -9999.0 -9999.0 -9999.0 0.145605 0.142264 0.203119 0.210528 0.155028 0.146173 0.302451 0.309060 -9999.0 -9999.0
-9999.0 -9999.0 -9999.0 -9999.0 -9999.0 -9999.0 0.140534 0.140868 0.261834 0.142312 0.139200 0.144975 0.148205 0.147559 0.145901 -9999.0 -9999.0
-9999.0 -9999.0 -9999.0 -9999.0 -9999.0 -9999.0 0.165641 0.139925 0.142676 0.141838 0.143841 0.139753 0.221069 0.151329 0.143695 -9999.0 -9999.0
-9999.0 -9999.0 -9999.0 -9999.0 -9999.0 -9999.0 0.141883 0.141356 0.141122 0.140740 0.142228 0.146944 0.165164 0.146257 0.144714 -9999.0 -9999.0
-9999.0 -9999.0 -9999.0 -9999.0 -9999.0 -9999.0 -9999.0 0.140488 0.140211 0.236345 0.142214 0.145571 0.144321 0.294648 0.152614 -9999.0 -9999.0
-9999.0 -9999.0 -9999.0 -9999.0 -9999.0 -9999.0 0.142817 0.177237 0.141543 0.141481 0.144444 0.142028 0.143109 0.150486 0.148840 0.144402 -9999.0
-9999.0 -9999.0 -9999.0 -9999.0 -9999.0 0.140761 0.144342 0.152268 0.144061 0.141059 0.146725 0.142115 0.141172 0.166603 0.145125 0.143724 -9999.0
-9999.0 -9999.0 -9999.0 0.148744 0.138146 0.246955 0.143062 0.144437 0.173480 0.201471 0.143837 0.143374 0.140917 0.144022 0.147051 0.145985 -9999.0
-9999.0 -9999.0 -9999.0 0.144872 0.231793 0.142709 0.141076 0.170912 0.143906 0.150033 0.218197 0.153174 0.319430 0.145093 0.303130 0.145698 -9999.0
-9999.0 -9999.0 0.142686 0.143009 0.146882 0.139903 0.142293 0.186384 0.217435 0.210872 0.171875 0.142226 0.244974 0.243161 0.140494 0.143943 -9999.0
-9999.0 0.140697 0.140626 0.141000 0.140027 0.141158 0.175658 0.219111 0.229933 0.166119 0.141190 0.143983 0.139130 0.143779 0.143688 -9999.0 -9999.0
-9999.0 0.155363 0.142999 0.213250 0.230930 0.212895 0.247145 0.252546 0.230965 0.229376 0.141255 0.141201 0.140953 0.140227 0.305394 0.317594 -9999.0
-9999.0 0.203669 0.153206 0.231302 0.259778 0.278598 0.276558 0.155580 0.236246 0.152565 0.161721 0.142176 0.142806 0.142212 0.142376 -9999.0 -9999.0
-9999.0 0.212581 0.208597 0.265013 0.208823 0.262344 0.232248 0.228401 0.206608 0.142808 0.142417 0.151744 0.140806 0.145443 -9999.0 -9999.0 -9999.0
-9999.0 -9999.0 0.266403 0.233509 0.250304 0.232932 0.176757 0.175860 0.194816 0.143845 0.147535 0.141429 0.142643 0.142639 -9999.0 -9999.0 -9999.0
-9999.0 -9999.0 0.222075 0.252666 0.236061 0.151457 0.139542 0.140354 0.141996 0.146038 0.141633 0.253683 0.142519 -9999.0 -9999.0 -9999.0 -9999.0
-9999.0 -9999.0 -9999.0 -9999.0 0.145639 0.140628 0.140933 0.142803 0.141599 0.141954 0.143067 0.143325 0.140152 -9999.0 -9999.0 -9999.0 -9999.0
-9999.0 -9999.0 -9999.0 -9999.0 -9999.0 0.140566 0.140376 0.140754 0.143256 0.141948 0.141661 0.258997 0.224480 0.146496 -9999.0 -9999.0 -9999.0
-9999.0 -9999.0 -9999.0 -9999.0 -9999.0 -9999.0 0.140759 0.140606 0.140709 0.140910 0.141749 0.141299 0.140454 0.140395 0.140311 -9999.0 -9999.0
-9999.0 -9999.0 -9999.0 -9999.0 -9999.0 -9999.0 -9999.0 0.140040 0.140261 0.140855 0.141185 0.141539 0.140546 0.143855 -9999.0 -9999.0 -9999.0
-9999.0 -9999.0 -9999.0 -9999.0 -9999.0 -9999.0 -9999.0 -9999.0 0.140445 0.140779 0.141023 0.141270 0.141966 0.142690 0.141328 -9999.0 -9999.0
-9999.0 -9999.0 -9999.0 -9999.0 -9999.0 -9999.0 -9999.0 -9999.0 -9999.0 -9999.0 -9999.0 -9999.0 -9999.0 -9999.0 -9999.0 -9999.0 -9999.0