tests/3D/WG1_2.0_001/output-maps-SE27XX/thetaliqL0005N0008.asc
ncols         17
nrows         27
xllcorner     624603.750000
yllcorner     5171346.250000
cellsize      500.000000
NODATA_value  -9999.0
-9999.0 -9999.0 -9999.0 -9999.0 -9999.0 -9999.0 -9999.0 -9999.0 -9999.0 -9999.0 -9999.0 -9999.0 -9999.0 -9999.0 -9999.0 -9999.0 -9999.0
-9999.0 -9999.0 -9999.0 -9999.0 -9999.0 -9999.0 -9999.0 -9999.0 -9999.0 -9999.0 -9999.0 0.388042 0.387822 0.387710 -9999.0 -9999.0 -9999.0
-9999.0 -9999.0 -9999.0 -9999.0 -9999.0 -9999.0 -9999.0 -9999.0 -9999.0 0.386924 0.387431 0.388021 0.388418 0.387704 0.387453 -9999.0 -9999.0
-9999.0 -9999.0 -9999.0 -9999.0 -9999.0 -9999.0 -9999.0 -9999.0 0.387214 0.387274 0.387849 0.388527 0.389347 0.388434 0.387761 -9999.0 -9999.0
-9999.0 -9999.0 -9999.0 -9999.0 -9999.0 -9999.0 -9999.0 -9999.0 0.387407 0.387916 0.388389 0.388455 0.389020 0.388255 0.387773 -9999.0 -9999.0
-9999.0 -9999.0 -9999.0 -9999.0 -9999.0 -9999.0 -9999.0 0.387330 0.387847 0.388011 0.388550 0.388514 0.388657 0.387715 0.387264 -9999.0 -9999.0
-9999.0 -9999.0 -9999.0 -9999.0 -9999.0 -9999.0 0.387331 0.387788 0.388295 0.388850 0.387712 0.388771 0.388816 0.387562 0.387019 -9999.0 -9999.0
-9999.0 -9999.0 -9999.0 -9999.0 -9999.0 -9999.0 0.387223 0.388146 0.389183 0.387755 0.388517 0.389157 0.389461 0.387980 0.387144 -9999.0 -9999.0
-9999.0 -9999.0 -9999.0 -9999.0 -9999.0 -9999.0 0.387285 0.388078 0.389048 0.388159 0.387891 0.388945 0.389885 0.388436 0.387351 -9999.0 -9999.0
-9999.0 -9999.0 -9999.0 -9999.0 -9999.0 -9999.0 -9999.0 0.388734 0.388987 0.388565 0.388287 0.388501 0.389981 0.388725 0.387585 -9999.0 -9999.0
-9999.0 -9999.0 -9999.0 -9999.0 -9999.0 -9999.0 0.387450 0.387945 0.389027 0.388678 0.388228 0.388191 0.389799 0.388890 0.387141 0.386645 -9999.0
-9999.0 -9999.0 -9999.0 -9999.0 -9999.0 0.387346 0.387758 0.389029 0.389963 0.388965 0.388200 0.388486 0.390104 0.389368 0.387395 0.386733 -9999.0
-9999.0 -9999.0 -9999.0 0.387054 0.387361 0.387913 0.389117 0.390455 0.390435 0.389131 0.388288 0.388996 0.390837 0.390224 0.387944 0.387021 -9999.0
-9999.0 -9999.0 -9999.0 0.387629 0.388258 0.389439 0.390527 0.390888 0.390186 0.388358 0.388465 0.389777 0.391665 0.391331 0.388636 0.387365 -9999.0
-9999.0 -9999.0 0.388077 0.388722 0.390078 0.390786 0.390981 0.390482 0.388809 0.387603 0.388643 0.390652 0.392117 0.391055 0.388683 0.387587 -9999.0
-9999.0 0.388572 0.388785 0.390422 0.391730 0.391631 0.391045 0.389515 0.387940 0.387793 0.389988 0.391727 0.391879 0.390591 0.389377 -9999.0 -9999.0
-9999.0 0.389729 0.390671 0.392289 0.392404 0.391504 0.390146 0.388565 0.387810 0.389754 0.391510 0.391742 0.390863 0.389032 0.387576 0.387131 -9999.0
-9999.0 0.390661 0.391547 0.392154 0.391008 0.389262 0.388080 0.388056 0.389091 0.391213 0.391861 0.390879 0.389639 0.388255 0.387713 -9999.0 -9999.0
-9999.0 0.390914 0.391028 0.390037 0.388039 0.388092 0.388571 0.388311 0.389768 0.391142 0.391198 0.390130 0.388562 0.388051 -9999.0 -9999.0 -9999.0
-9999.0 -9999.0 0.389002 0.388603 0.388989 0.389013 0.389982 0.389984 0.389578 0.389855 0.390167 0.389253 0.387590 0.387358 -9999.0 -9999.0 -9999.0
-9999.0 -9999.0 0.389675 0.387748 0.390888 0.391908 0.391841 0.390535 0.388911 0.388481 0.389290 0.388671 0.387898 -9999.0 -9999.0 -9999.0 -9999.0
-9999.0 -9999.0 -9999.0 -9999.0 0.392718 0.392705 0.391400 0.390484 0.389132 0.387866 0.388352 0.388410 0.387930 -9999.0 -9999.0 -9999.0 -9999.0
-9999.0 -9999.0 -9999.0 -9999.0 -9999.0 0.391503 0.389835 0.389916 0.389659 0.388557 0.387719 0.388143 0.387801 0.387460 -9999.0 -9999.0 -9999.0
-9999.0 -9999.0 -9999.0 -9999.0 -9999.0 -9999.0 0.388889 0.388586 0.389112 0.388825 0.387921 0.387727 0.387614 0.387123 0.386897 -9999.0 -9999.0
-9999.0 -9999.0 -9999.0 -9999.0 -9999.0 -9999.0 -9999.0 0.388101 0.387787 0.388014 0.387721 0.387150 0.387420 0.387375 -9999.0 -9999.0 -9999.0
-9999.0 -9999.0 -9999.0 -9999.0 -9999.0 -9999.0 -9999.0 -9999.0 0.387586 0.387581 0.387036 0.387409 0.387167 0.386968 0.386802 -9999.0 -9999.0
-9999.0 -9999.0 -9999.0 -9999.0 -9999.0 -9999.0 -9999.0 -9999.0 -9999.0 -9999.0 -9999.0 -9999.0 -9999.0 -9999.0 -9999.0 -9999.0 -9999.0