tests/3D/WG1_2.0_001/output-maps-SE27XX/thetaiceL0001N0050.asc
ncols         17
nrows         27
xllcorner     624603.750000
yllcorner     5171346.250000
cellsize      500.000000
NODATA_value  -9999.0
-9999.0 -9999.0 -9999.0 -9999.0 -9999.0 -9999.0 -9999.0 -9999.0 -9999.0 -9999.0 -9999.0 -9999.0 -9999.0 -9999.0 -9999.0 -9999.0 -9999.0
-9999.0 -9999.0 -9999.0 -9999.0 -9999.0 -9999.0 -9999.0 -9999.0 -9999.0 -9999.0 -9999.0 0.365442 0.279299 0.279962 -9999.0 -9999.0 -9999.0
-9999.0 -9999.0 -9999.0 -9999.0 -9999.0 -9999.0 -9999.0 -9999.0 -9999.0 0.372520 0.368481 0.363119 0.279274 0.279723 0.278938 -9999.0 -9999.0
-9999.0 -9999.0 -9999.0 -9999.0 -9999.0 -9999.0 -9999.0 -9999.0 0.374038 0.366994 0.307821 0.359863 0.370674 0.278360 0.279690 -9999.0 -9999.0
-9999.0 -9999.0 -9999.0 -9999.0 -9999.0 -9999.0 -9999.0 -9999.0 0.371025 0.365609 0.369194 0.356533 0.279537 0.279215 0.279640 -9999.0 -9999.0
-9999.0 -9999.0 -9999.0 -9999.0 -9999.0 -9999.0 -9999.0 0.373480 0.364978 0.371899 0.366842 0.360297 0.357554 0.279733 0.279436 -9999.0 -9999.0
-9999.0 -9999.0 -9999.0 -9999.0 -9999.0 -9999.0 0.374667 0.368614 0.227968 0.375093 0.373615 0.361193 0.357050 0.361421 0.358878 -9999.0 -9999.0
-9999.0 -9999.0 -9999.0 -9999.0 -9999.0 -9999.0 0.358173 0.371786 0.368536 0.369959 0.372917 0.373543 0.374010 0.369471 0.367694 -9999.0 -9999.0
-9999.0 -9999.0 -9999.0 -9999.0 -9999.0 -9999.0 0.372074 0.370762 0.368187 0.370130 0.368871 0.366440 0.367278 0.361022 0.364659 -9999.0 -9999.0
-9999.0 -9999.0 -9999.0 -9999.0 -9999.0 -9999.0 -9999.0 0.372238 0.371338 0.295667 0.372883 0.372995 0.364188 0.182677 0.370946 -9999.0 -9999.0
-9999.0 -9999.0 -9999.0 -9999.0 -9999.0 -9999.0 0.372063 0.294862 0.370509 0.370028 0.369116 0.369284 0.363408 0.367514 0.360613 0.364572 -9999.0
-9999.0 -9999.0 -9999.0 -9999.0 -9999.0 0.372867 0.372636 0.372826 0.369302 0.370126 0.365467 0.367741 0.368936 0.370851 0.364757 0.362727 -9999.0
-9999.0 -9999.0 -9999.0 0.330580 0.376144 0.214019 0.371561 0.369201 0.363672 0.364090 0.365358 0.368701 0.368412 0.368671 0.366178 0.367020 -9999.0
-9999.0 -9999.0 -9999.0 0.372004 0.197768 0.369660 0.369560 0.362205 0.359988 0.328141 0.299626 0.360547 0.126764 0.367580 0.279660 0.368135 -9999.0
-9999.0 -9999.0 0.370584 0.369236 0.371230 0.370788 0.367843 0.358645 0.344417 0.348464 0.361626 0.369930 0.362581 0.353358 0.374744 0.367782 -9999.0
-9999.0 0.334456 0.339231 0.372240 0.372167 0.354000 0.363011 0.336348 0.321852 0.242540 0.360798 0.366253 0.373627 0.370267 0.371925 -9999.0 -9999.0
-9999.0 0.329585 0.370578 0.235399 0.190648 0.311155 0.055789 0.053470 0.337135 0.192661 0.361951 0.372478 0.373757 0.374530 0.279582 0.279096 -9999.0
-9999.0 0.325389 0.332269 0.083272 0.059871 0.036246 0.033734 0.358109 0.307227 0.344213 0.345849 0.371603 0.371765 0.374890 0.373154 -9999.0 -9999.0
-9999.0 0.314262 0.354733 0.050592 0.346051 0.032622 0.342667 0.345162 0.355245 0.363625 0.371384 0.368844 0.370744 0.372242 -9999.0 -9999.0 -9999.0
-9999.0 -9999.0 0.047720 0.196946 0.195416 0.345774 0.350752 0.354064 0.360691 0.369493 0.368126 0.373090 0.369154 0.371727 -9999.0 -9999.0 -9999.0
-9999.0 -9999.0 0.174150 0.038538 0.342058 0.360458 0.360193 0.369776 0.368903 0.369057 0.371169 0.245724 0.371939 -9999.0 -9999.0 -9999.0 -9999.0
-9999.0 -9999.0 -9999.0 -9999.0 0.363704 0.368756 0.369673 0.361837 0.370937 0.368392 0.371819 0.369306 0.371288 -9999.0 -9999.0 -9999.0 -9999.0
-9999.0 -9999.0 -9999.0 -9999.0 -9999.0 0.372421 0.374775 0.375010 0.370072 0.371200 0.373073 0.308080 0.340301 0.371412 -9999.0 -9999.0 -9999.0
-9999.0 -9999.0 -9999.0 -9999.0 -9999.0 -9999.0 0.374820 0.375406 0.374226 0.374945 0.374060 0.374593 0.372076 0.374786 0.376085 -9999.0 -9999.0
-9999.0 -9999.0 -9999.0 -9999.0 -9999.0 -9999.0 -9999.0 0.375892 0.374215 0.372585 0.374550 0.373748 0.375873 0.372896 -9999.0 -9999.0 -9999.0
-9999.0 -9999.0 -9999.0 -9999.0 -9999.0 -9999.0 -9999.0 -9999.0 0.374331 0.374538 0.374380 0.373879 0.374299 0.372635 0.375357 -9999.0 -9999.0
-9999.0 -9999.0 -9999.0 -9999.0 -9999.0 -9999.0 -9999.0 -9999.0 -9999.0 -9999.0 -9999.0 -9999.0 -9999.0 -9999.0 -9999.0 -9999.0 -9999.0