tests/3D/WG1_2.0_001/output-maps-SE27XX/thetaliqL0001N0048.asc
ncols         17
nrows         27
xllcorner     624603.750000
yllcorner     5171346.250000
cellsize      500.000000
NODATA_value  -9999.0
-9999.0 -9999.0 -9999.0 -9999.0 -9999.0 -9999.0 -9999.0 -9999.0 -9999.0 -9999.0 -9999.0 -9999.0 -9999.0 -9999.0 -9999.0 -9999.0 -9999.0
-9999.0 -9999.0 -9999.0 -9999.0 -9999.0 -9999.0 -9999.0 -9999.0 -9999.0 -9999.0 -9999.0 0.142842 0.220714 0.220037 -9999.0 -9999.0 -9999.0
-9999.0 -9999.0 -9999.0 -9999.0 -9999.0 -9999.0 -9999.0 -9999.0 -9999.0 0.124049 0.135179 0.148571 0.220740 0.220285 0.221079 -9999.0 -9999.0
-9999.0 -9999.0 -9999.0 -9999.0 -9999.0 -9999.0 -9999.0 -9999.0 0.127091 0.138783 0.128285 0.149303 0.135678 0.221666 0.220319 -9999.0 -9999.0
-9999.0 -9999.0 -9999.0 -9999.0 -9999.0 -9999.0 -9999.0 -9999.0 0.132447 0.141757 0.135898 0.156260 0.220472 0.220799 0.220370 -9999.0 -9999.0
-9999.0 -9999.0 -9999.0 -9999.0 -9999.0 -9999.0 -9999.0 0.128813 0.141353 0.129307 0.145549 0.152837 0.153365 0.220275 0.220576 -9999.0 -9999.0
-9999.0 -9999.0 -9999.0 -9999.0 -9999.0 -9999.0 0.129384 0.139048 0.133757 0.129608 0.130437 0.143655 0.148961 0.152496 0.158325 -9999.0 -9999.0
-9999.0 -9999.0 -9999.0 -9999.0 -9999.0 -9999.0 0.127817 0.132140 0.135241 0.135459 0.127409 0.130570 0.128347 0.136511 0.135666 -9999.0 -9999.0
-9999.0 -9999.0 -9999.0 -9999.0 -9999.0 -9999.0 0.130186 0.131338 0.138128 0.130819 0.134758 0.131264 0.139689 0.146078 0.138341 -9999.0 -9999.0
-9999.0 -9999.0 -9999.0 -9999.0 -9999.0 -9999.0 -9999.0 0.131506 0.131917 0.128817 0.129044 0.133321 0.141691 0.147788 0.135383 -9999.0 -9999.0
-9999.0 -9999.0 -9999.0 -9999.0 -9999.0 -9999.0 0.131361 0.126995 0.132826 0.131920 0.133367 0.134656 0.140844 0.137428 0.152059 0.143326 -9999.0
-9999.0 -9999.0 -9999.0 -9999.0 -9999.0 0.130723 0.129809 0.128452 0.131335 0.132345 0.134299 0.135697 0.136087 0.136305 0.139640 0.145901 -9999.0
-9999.0 -9999.0 -9999.0 0.127483 0.125521 0.131393 0.129571 0.131672 0.131506 0.133027 0.136622 0.135109 0.137893 0.136726 0.141356 0.141649 -9999.0
-9999.0 -9999.0 -9999.0 0.130554 0.128083 0.132747 0.132945 0.132591 0.137313 0.172996 0.155424 0.141463 0.336121 0.138880 0.220358 0.139392 -9999.0
-9999.0 -9999.0 0.131667 0.133323 0.130508 0.132186 0.133783 0.139263 0.155649 0.141354 0.142643 0.134181 0.130909 0.129481 0.130241 0.135364 -9999.0
-9999.0 0.136969 0.143032 0.131701 0.130083 0.138022 0.136498 0.157576 0.162564 0.222752 0.146619 0.138730 0.130192 0.133399 0.131783 -9999.0 -9999.0
-9999.0 0.138368 0.132227 0.262343 0.292687 0.222692 0.406065 0.353705 0.168362 0.227109 0.133247 0.129304 0.129232 0.130407 0.220431 0.220919 -9999.0
-9999.0 0.228903 0.226196 0.430576 0.435191 0.464110 0.495759 0.137557 0.169837 0.154275 0.137125 0.132573 0.130749 0.128000 0.130110 -9999.0 -9999.0
-9999.0 0.237706 0.159983 0.425578 0.212628 0.498621 0.176458 0.166651 0.154062 0.141346 0.131470 0.133793 0.134205 0.130564 -9999.0 -9999.0 -9999.0
-9999.0 -9999.0 0.447262 0.309540 0.199302 0.170899 0.163079 0.155309 0.143173 0.135420 0.133251 0.129807 0.133312 0.130750 -9999.0 -9999.0 -9999.0
-9999.0 -9999.0 0.313778 0.500000 0.169196 0.145783 0.148898 0.136312 0.133704 0.133631 0.133222 0.128302 0.130457 -9999.0 -9999.0 -9999.0 -9999.0
-9999.0 -9999.0 -9999.0 -9999.0 0.141983 0.135850 0.133582 0.130978 0.133539 0.135574 0.132753 0.133848 0.133211 -9999.0 -9999.0 -9999.0 -9999.0
-9999.0 -9999.0 -9999.0 -9999.0 -9999.0 0.129477 0.127332 0.127131 0.131705 0.131054 0.131048 0.130831 0.128865 0.131236 -9999.0 -9999.0 -9999.0
-9999.0 -9999.0 -9999.0 -9999.0 -9999.0 -9999.0 0.127346 0.126385 0.128772 0.127116 0.127967 0.128064 0.132383 0.128964 0.126829 -9999.0 -9999.0
-9999.0 -9999.0 -9999.0 -9999.0 -9999.0 -9999.0 -9999.0 0.126066 0.129350 0.130190 0.127608 0.129393 0.126854 0.129428 -9999.0 -9999.0 -9999.0
-9999.0 -9999.0 -9999.0 -9999.0 -9999.0 -9999.0 -9999.0 -9999.0 0.127426 0.127116 0.127958 0.128617 0.127696 0.129188 0.128939 -9999.0 -9999.0
-9999.0 -9999.0 -9999.0 -9999.0 -9999.0 -9999.0 -9999.0 -9999.0 -9999.0 -9999.0 -9999.0 -9999.0 -9999.0 -9999.0 -9999.0 -9999.0 -9999.0