tests/3D/WG1_2.0_001/output-maps-SE27XX/thetaliqL0001N0087.asc
ncols         17
nrows         27
xllcorner     624603.750000
yllcorner     5171346.250000
cellsize      500.000000
NODATA_value  -9999.0
-9999.0 -9999.0 -9999.0 -9999.0 -9999.0 -9999.0 -9999.0 -9999.0 -9999.0 -9999.0 -9999.0 -9999.0 -9999.0 -9999.0 -9999.0 -9999.0 -9999.0
-9999.0 -9999.0 -9999.0 -9999.0 -9999.0 -9999.0 -9999.0 -9999.0 -9999.0 -9999.0 -9999.0 0.136871 0.216130 0.217093 -9999.0 -9999.0 -9999.0
-9999.0 -9999.0 -9999.0 -9999.0 -9999.0 -9999.0 -9999.0 -9999.0 -9999.0 0.130330 0.135117 0.136686 0.216089 0.216726 0.215709 -9999.0 -9999.0
-9999.0 -9999.0 -9999.0 -9999.0 -9999.0 -9999.0 -9999.0 -9999.0 0.135494 0.137268 0.140738 0.138414 0.137344 0.215223 0.216674 -9999.0 -9999.0
-9999.0 -9999.0 -9999.0 -9999.0 -9999.0 -9999.0 -9999.0 -9999.0 0.134852 0.136019 0.136068 0.137145 0.216463 0.216012 0.216599 -9999.0 -9999.0
-9999.0 -9999.0 -9999.0 -9999.0 -9999.0 -9999.0 -9999.0 0.134936 0.136459 0.136916 0.136787 0.136574 0.137768 0.216740 0.216314 -9999.0 -9999.0
-9999.0 -9999.0 -9999.0 -9999.0 -9999.0 -9999.0 0.135453 0.135172 0.138985 0.136515 0.133482 0.136489 0.137193 0.136207 0.137399 -9999.0 -9999.0
-9999.0 -9999.0 -9999.0 -9999.0 -9999.0 -9999.0 0.133343 0.134656 0.135596 0.136408 0.136880 0.134200 0.139310 0.136059 0.135699 -9999.0 -9999.0
-9999.0 -9999.0 -9999.0 -9999.0 -9999.0 -9999.0 0.133867 0.133764 0.136051 0.135927 0.136360 0.134839 0.136113 0.137614 0.135879 -9999.0 -9999.0
-9999.0 -9999.0 -9999.0 -9999.0 -9999.0 -9999.0 -9999.0 0.133881 0.135416 0.137158 0.136809 0.136147 0.135969 0.134664 0.134361 -9999.0 -9999.0
-9999.0 -9999.0 -9999.0 -9999.0 -9999.0 -9999.0 0.135041 0.136200 0.135799 0.135652 0.138265 0.137035 0.135551 0.136047 0.136133 0.137166 -9999.0
-9999.0 -9999.0 -9999.0 -9999.0 -9999.0 0.132845 0.132062 0.136328 0.134204 0.136836 0.137233 0.136388 0.135991 0.135797 0.136331 0.137537 -9999.0
-9999.0 -9999.0 -9999.0 0.128206 0.129683 0.125654 0.132340 0.134937 0.137197 0.137128 0.136817 0.138710 0.135008 0.135865 0.135450 0.136009 -9999.0
-9999.0 -9999.0 -9999.0 0.131303 0.125580 0.133461 0.129354 0.134187 0.137163 0.129400 0.134068 0.135882 0.133299 0.135926 0.216628 0.135571 -9999.0
-9999.0 -9999.0 0.130918 0.131884 0.130550 0.131907 0.134314 0.133961 0.134249 0.137718 0.135103 0.134539 0.133938 0.138746 0.133306 0.135210 -9999.0
-9999.0 0.122406 0.123693 0.133007 0.131347 0.124370 0.134909 0.134031 0.134149 0.133173 0.134084 0.134398 0.133170 0.134724 0.135781 -9999.0 -9999.0
-9999.0 0.122175 0.128682 0.122595 0.126425 0.126360 0.128553 0.128937 0.135828 0.129631 0.130674 0.133275 0.133122 0.132754 0.216529 0.215860 -9999.0
-9999.0 0.127114 0.125431 0.125867 0.127134 0.128007 0.127123 0.129233 0.132243 0.130455 0.130834 0.130851 0.133981 0.134646 0.134873 -9999.0 -9999.0
-9999.0 0.123175 0.128856 0.123928 0.126816 0.127745 0.131346 0.131681 0.132460 0.132658 0.133504 0.133870 0.132278 0.132339 -9999.0 -9999.0 -9999.0
-9999.0 -9999.0 0.123698 0.123914 0.128348 0.129777 0.130454 0.131450 0.133990 0.131200 0.132667 0.132682 0.133241 0.133621 -9999.0 -9999.0 -9999.0
-9999.0 -9999.0 0.121351 0.122113 0.127790 0.130788 0.130336 0.131837 0.132912 0.131627 0.132615 0.130698 0.133587 -9999.0 -9999.0 -9999.0 -9999.0
-9999.0 -9999.0 -9999.0 -9999.0 0.130582 0.131252 0.132435 0.127074 0.132638 0.133870 0.132059 0.132896 0.132717 -9999.0 -9999.0 -9999.0 -9999.0
-9999.0 -9999.0 -9999.0 -9999.0 -9999.0 0.130949 0.130313 0.131495 0.131322 0.131938 0.133425 0.129736 0.135516 0.132563 -9999.0 -9999.0 -9999.0
-9999.0 -9999.0 -9999.0 -9999.0 -9999.0 -9999.0 0.131195 0.131274 0.132064 0.132136 0.132951 0.134267 0.132876 0.133422 0.132868 -9999.0 -9999.0
-9999.0 -9999.0 -9999.0 -9999.0 -9999.0 -9999.0 -9999.0 0.129343 0.131634 0.132276 0.132314 0.133377 0.132988 0.131215 -9999.0 -9999.0 -9999.0
-9999.0 -9999.0 -9999.0 -9999.0 -9999.0 -9999.0 -9999.0 -9999.0 0.130813 0.132018 0.131986 0.132509 0.133660 0.134099 0.131509 -9999.0 -9999.0
-9999.0 -9999.0 -9999.0 -9999.0 -9999.0 -9999.0 -9999.0 -9999.0 -9999.0 -9999.0 -9999.0 -9999.0 -9999.0 -9999.0 -9999.0 -9999.0 -9999.0