tests/3D/WG1_2.0_001/output-maps-SE27XX/thetaliqL0002N0006.asc
ncols         17
nrows         27
xllcorner     624603.750000
yllcorner     5171346.250000
cellsize      500.000000
NODATA_value  -9999.0
-9999.0 -9999.0 -9999.0 -9999.0 -9999.0 -9999.0 -9999.0 -9999.0 -9999.0 -9999.0 -9999.0 -9999.0 -9999.0 -9999.0 -9999.0 -9999.0 -9999.0
-9999.0 -9999.0 -9999.0 -9999.0 -9999.0 -9999.0 -9999.0 -9999.0 -9999.0 -9999.0 -9999.0 0.306684 0.303606 0.303526 -9999.0 -9999.0 -9999.0
-9999.0 -9999.0 -9999.0 -9999.0 -9999.0 -9999.0 -9999.0 -9999.0 -9999.0 0.308789 0.309129 0.307685 0.304165 0.303497 0.303283 -9999.0 -9999.0
-9999.0 -9999.0 -9999.0 -9999.0 -9999.0 -9999.0 -9999.0 -9999.0 0.309449 0.310649 0.310706 0.311505 0.309650 0.304194 0.303564 -9999.0 -9999.0
-9999.0 -9999.0 -9999.0 -9999.0 -9999.0 -9999.0 -9999.0 -9999.0 0.310822 0.312150 0.313135 0.312849 0.304577 0.304011 0.303559 -9999.0 -9999.0
-9999.0 -9999.0 -9999.0 -9999.0 -9999.0 -9999.0 -9999.0 0.310106 0.311961 0.312638 0.313279 0.313058 0.312442 0.303507 0.303078 -9999.0 -9999.0
-9999.0 -9999.0 -9999.0 -9999.0 -9999.0 -9999.0 0.309116 0.310680 0.311803 0.313201 0.313752 0.315227 0.313766 0.308437 0.307422 -9999.0 -9999.0
-9999.0 -9999.0 -9999.0 -9999.0 -9999.0 -9999.0 0.308782 0.310731 0.313710 0.312534 0.312876 0.315538 0.313210 0.310783 0.309760 -9999.0 -9999.0
-9999.0 -9999.0 -9999.0 -9999.0 -9999.0 -9999.0 0.309607 0.311232 0.313138 0.312344 0.312111 0.313130 0.314249 0.313453 0.311373 -9999.0 -9999.0
-9999.0 -9999.0 -9999.0 -9999.0 -9999.0 -9999.0 -9999.0 0.310892 0.312942 0.312192 0.311835 0.312837 0.315835 0.312764 0.310972 -9999.0 -9999.0
-9999.0 -9999.0 -9999.0 -9999.0 -9999.0 -9999.0 0.309675 0.310603 0.312526 0.312199 0.311770 0.312391 0.315699 0.313534 0.311132 0.310713 -9999.0
-9999.0 -9999.0 -9999.0 -9999.0 -9999.0 0.309637 0.310270 0.311600 0.312474 0.312070 0.311221 0.312317 0.314945 0.313137 0.312106 0.310478 -9999.0
-9999.0 -9999.0 -9999.0 0.308954 0.309809 0.310107 0.311579 0.312461 0.312217 0.311394 0.311158 0.312056 0.315415 0.315364 0.311222 0.310098 -9999.0
-9999.0 -9999.0 -9999.0 0.309674 0.310281 0.311305 0.312516 0.312411 0.311728 0.310268 0.310406 0.312279 0.313564 0.315135 0.304363 0.309340 -9999.0
-9999.0 -9999.0 0.310186 0.310895 0.311592 0.313129 0.312917 0.311766 0.310622 0.309497 0.311312 0.313781 0.313820 0.313586 0.311449 0.309713 -9999.0
-9999.0 0.310323 0.310486 0.312237 0.313761 0.312733 0.312010 0.311017 0.309685 0.309853 0.312511 0.315047 0.315169 0.314130 0.311600 -9999.0 -9999.0
-9999.0 0.311083 0.312100 0.312987 0.312898 0.312107 0.310856 0.309595 0.309690 0.311094 0.313170 0.315088 0.314533 0.311412 0.303369 0.302945 -9999.0
-9999.0 0.311595 0.312286 0.312450 0.311277 0.309886 0.308920 0.309003 0.310418 0.312754 0.313231 0.312997 0.312658 0.310642 0.309219 -9999.0 -9999.0
-9999.0 0.311314 0.312472 0.310487 0.308640 0.308787 0.309784 0.309759 0.311320 0.313236 0.313811 0.312487 0.311203 0.310076 -9999.0 -9999.0 -9999.0
-9999.0 -9999.0 0.310042 0.308857 0.309958 0.310346 0.311433 0.311562 0.311510 0.311621 0.311873 0.312388 0.310411 0.310325 -9999.0 -9999.0 -9999.0
-9999.0 -9999.0 0.309582 0.308960 0.312002 0.313549 0.313201 0.312467 0.310996 0.310268 0.311408 0.310807 0.311122 -9999.0 -9999.0 -9999.0 -9999.0
-9999.0 -9999.0 -9999.0 -9999.0 0.314228 0.314287 0.313451 0.311790 0.311086 0.310015 0.310373 0.310881 0.310613 -9999.0 -9999.0 -9999.0 -9999.0
-9999.0 -9999.0 -9999.0 -9999.0 -9999.0 0.313306 0.312113 0.312262 0.311271 0.310715 0.309852 0.310385 0.310163 0.309584 -9999.0 -9999.0 -9999.0
-9999.0 -9999.0 -9999.0 -9999.0 -9999.0 -9999.0 0.311234 0.310807 0.311430 0.311206 0.310276 0.310126 0.310210 0.309406 0.309240 -9999.0 -9999.0
-9999.0 -9999.0 -9999.0 -9999.0 -9999.0 -9999.0 -9999.0 0.310102 0.309886 0.310289 0.310265 0.309584 0.309874 0.309253 -9999.0 -9999.0 -9999.0
-9999.0 -9999.0 -9999.0 -9999.0 -9999.0 -9999.0 -9999.0 -9999.0 0.309318 0.309663 0.309677 0.310001 0.309599 0.309265 0.308785 -9999.0 -9999.0
-9999.0 -9999.0 -9999.0 -9999.0 -9999.0 -9999.0 -9999.0 -9999.0 -9999.0 -9999.0 -9999.0 -9999.0 -9999.0 -9999.0 -9999.0 -9999.0 -9999.0