tests/3D/WG1_2.0_001/output-maps-SE27XX/thetaiceL0001N0035.asc
ncols         17
nrows         27
xllcorner     624603.750000
yllcorner     5171346.250000
cellsize      500.000000
NODATA_value  -9999.0
-9999.0 -9999.0 -9999.0 -9999.0 -9999.0 -9999.0 -9999.0 -9999.0 -9999.0 -9999.0 -9999.0 -9999.0 -9999.0 -9999.0 -9999.0 -9999.0 -9999.0
-9999.0 -9999.0 -9999.0 -9999.0 -9999.0 -9999.0 -9999.0 -9999.0 -9999.0 -9999.0 -9999.0 0.348226 0.280312 0.281060 -9999.0 -9999.0 -9999.0
-9999.0 -9999.0 -9999.0 -9999.0 -9999.0 -9999.0 -9999.0 -9999.0 -9999.0 0.349782 0.314599 0.338623 0.280283 0.280790 0.279903 -9999.0 -9999.0
-9999.0 -9999.0 -9999.0 -9999.0 -9999.0 -9999.0 -9999.0 -9999.0 0.315998 0.347416 0.315321 0.346766 0.357391 0.279213 0.280750 -9999.0 -9999.0
-9999.0 -9999.0 -9999.0 -9999.0 -9999.0 -9999.0 -9999.0 -9999.0 0.310764 0.333709 0.356013 0.339064 0.280590 0.280217 0.280696 -9999.0 -9999.0
-9999.0 -9999.0 -9999.0 -9999.0 -9999.0 -9999.0 -9999.0 0.315486 0.350149 0.313372 0.301634 0.341691 0.349682 0.280801 0.280466 -9999.0 -9999.0
-9999.0 -9999.0 -9999.0 -9999.0 -9999.0 -9999.0 0.351027 0.351347 0.320557 0.310649 0.369372 0.350823 0.348753 0.339327 0.342079 -9999.0 -9999.0
-9999.0 -9999.0 -9999.0 -9999.0 -9999.0 -9999.0 0.314021 0.353174 0.354618 0.359045 0.223352 0.368583 0.319178 0.307267 0.356019 -9999.0 -9999.0
-9999.0 -9999.0 -9999.0 -9999.0 -9999.0 -9999.0 0.367561 0.367595 0.355425 0.313503 0.336918 0.345866 0.308026 0.349109 0.357861 -9999.0 -9999.0
-9999.0 -9999.0 -9999.0 -9999.0 -9999.0 -9999.0 -9999.0 0.334408 0.357551 0.320094 0.345181 0.353700 0.351460 0.318584 0.301989 -9999.0 -9999.0
-9999.0 -9999.0 -9999.0 -9999.0 -9999.0 -9999.0 0.337699 0.316410 0.328995 0.351246 0.351234 0.323058 0.352311 0.308038 0.343367 0.351626 -9999.0
-9999.0 -9999.0 -9999.0 -9999.0 -9999.0 0.357523 0.328868 0.313146 0.346880 0.355748 0.345461 0.354655 0.358089 0.305052 0.349130 0.349154 -9999.0
-9999.0 -9999.0 -9999.0 0.350107 0.374745 0.347989 0.339808 0.355144 0.315528 0.313703 0.334805 0.356808 0.359775 0.352177 0.338416 0.341219 -9999.0
-9999.0 -9999.0 -9999.0 0.347832 0.349271 0.342309 0.366674 0.331245 0.359615 0.359548 0.339060 0.333029 0.310068 0.354119 0.280614 0.324627 -9999.0
-9999.0 -9999.0 0.349648 0.350497 0.339024 0.365994 0.359137 0.349246 0.343502 0.332912 0.338660 0.359291 0.309584 0.309560 0.368349 0.360573 -9999.0
-9999.0 0.354356 0.356404 0.361427 0.366746 0.365262 0.350456 0.344290 0.341287 0.361994 0.363999 0.354652 0.367223 0.354716 0.360720 -9999.0 -9999.0
-9999.0 0.350806 0.364619 0.347481 0.345828 0.345089 0.346272 0.344265 0.341059 0.345134 0.364709 0.367515 0.367419 0.363442 0.280595 0.280082 -9999.0
-9999.0 0.347063 0.362908 0.348438 0.346406 0.346217 0.346484 0.359127 0.343119 0.362579 0.352656 0.364661 0.366565 0.370373 0.360715 -9999.0 -9999.0
-9999.0 0.347415 0.346097 0.346519 0.342828 0.345524 0.341644 0.344744 0.347112 0.364093 0.368123 0.330297 0.364578 0.334325 -9999.0 -9999.0 -9999.0
-9999.0 -9999.0 0.346356 0.345538 0.345177 0.345840 0.359133 0.355794 0.346284 0.364140 0.341625 0.363501 0.348273 0.362956 -9999.0 -9999.0 -9999.0
-9999.0 -9999.0 0.346341 0.347119 0.346529 0.362908 0.365866 0.364668 0.365005 0.362749 0.352302 0.345230 0.362072 -9999.0 -9999.0 -9999.0 -9999.0
-9999.0 -9999.0 -9999.0 -9999.0 0.362585 0.365184 0.364711 0.361959 0.364592 0.358244 0.363735 0.346635 0.364975 -9999.0 -9999.0 -9999.0 -9999.0
-9999.0 -9999.0 -9999.0 -9999.0 -9999.0 0.369911 0.370492 0.374386 0.364436 0.375542 0.365134 0.347707 0.340900 0.332713 -9999.0 -9999.0 -9999.0
-9999.0 -9999.0 -9999.0 -9999.0 -9999.0 -9999.0 0.373780 0.374926 0.365453 0.369999 0.370026 0.368181 0.360667 0.365871 0.365083 -9999.0 -9999.0
-9999.0 -9999.0 -9999.0 -9999.0 -9999.0 -9999.0 -9999.0 0.375809 0.366745 0.366616 0.368944 0.366340 0.365103 0.346213 -9999.0 -9999.0 -9999.0
-9999.0 -9999.0 -9999.0 -9999.0 -9999.0 -9999.0 -9999.0 -9999.0 0.368723 0.367340 0.370379 0.368629 0.369760 0.368437 0.378112 -9999.0 -9999.0
-9999.0 -9999.0 -9999.0 -9999.0 -9999.0 -9999.0 -9999.0 -9999.0 -9999.0 -9999.0 -9999.0 -9999.0 -9999.0 -9999.0 -9999.0 -9999.0 -9999.0