tests/3D/WG1_2.0_001/output-maps-SE27XX/thetaliqL0005N0059.asc
ncols         17
nrows         27
xllcorner     624603.750000
yllcorner     5171346.250000
cellsize      500.000000
NODATA_value  -9999.0
-9999.0 -9999.0 -9999.0 -9999.0 -9999.0 -9999.0 -9999.0 -9999.0 -9999.0 -9999.0 -9999.0 -9999.0 -9999.0 -9999.0 -9999.0 -9999.0 -9999.0
-9999.0 -9999.0 -9999.0 -9999.0 -9999.0 -9999.0 -9999.0 -9999.0 -9999.0 -9999.0 -9999.0 0.364284 0.397706 0.384686 -9999.0 -9999.0 -9999.0
-9999.0 -9999.0 -9999.0 -9999.0 -9999.0 -9999.0 -9999.0 -9999.0 -9999.0 0.389171 0.383604 0.370616 0.398354 0.389421 0.405245 -9999.0 -9999.0
-9999.0 -9999.0 -9999.0 -9999.0 -9999.0 -9999.0 -9999.0 -9999.0 0.385182 0.372143 0.395254 0.371265 0.375997 0.423954 0.389636 -9999.0 -9999.0
-9999.0 -9999.0 -9999.0 -9999.0 -9999.0 -9999.0 -9999.0 -9999.0 0.379694 0.371495 0.400449 0.373685 0.395127 0.399717 0.391009 -9999.0 -9999.0
-9999.0 -9999.0 -9999.0 -9999.0 -9999.0 -9999.0 -9999.0 0.376232 0.374719 0.393308 0.382704 0.372543 0.371731 0.389257 0.395126 -9999.0 -9999.0
-9999.0 -9999.0 -9999.0 -9999.0 -9999.0 -9999.0 0.382129 0.367111 0.392459 0.378375 0.400486 0.380838 0.368842 0.369060 0.367755 -9999.0 -9999.0
-9999.0 -9999.0 -9999.0 -9999.0 -9999.0 -9999.0 0.379532 0.372158 0.376436 0.376652 0.383713 0.399309 0.390730 0.377809 0.394839 -9999.0 -9999.0
-9999.0 -9999.0 -9999.0 -9999.0 -9999.0 -9999.0 0.367472 0.372965 0.372187 0.396162 0.370135 0.377327 0.375557 0.371469 0.386964 -9999.0 -9999.0
-9999.0 -9999.0 -9999.0 -9999.0 -9999.0 -9999.0 -9999.0 0.366376 0.375454 0.390665 0.382697 0.380029 0.373916 0.412869 0.380427 -9999.0 -9999.0
-9999.0 -9999.0 -9999.0 -9999.0 -9999.0 -9999.0 0.369009 0.381820 0.372391 0.371625 0.376760 0.377502 0.383421 0.379387 0.368821 0.371139 -9999.0
-9999.0 -9999.0 -9999.0 -9999.0 -9999.0 0.371528 0.377091 0.376663 0.368803 0.376738 0.375277 0.375832 0.390208 0.379022 0.372973 0.365166 -9999.0
-9999.0 -9999.0 -9999.0 0.377516 0.383043 0.383229 0.377402 0.368045 0.374368 0.376615 0.371899 0.380891 0.389769 0.362569 0.368233 0.377089 -9999.0
-9999.0 -9999.0 -9999.0 0.370308 0.382617 0.367931 0.378804 0.373327 0.376797 0.385543 0.382669 0.375274 0.405409 0.380475 0.389054 0.371709 -9999.0
-9999.0 -9999.0 0.369558 0.372821 0.371459 0.382413 0.369694 0.374072 0.381229 0.377583 0.377776 0.378688 0.387217 0.386244 0.395005 0.367032 -9999.0
-9999.0 0.371494 0.374881 0.366317 0.375975 0.377388 0.369774 0.376979 0.381446 0.390878 0.383294 0.367296 0.399099 0.365106 0.358363 -9999.0 -9999.0
-9999.0 0.373206 0.369257 0.380304 0.384801 0.381002 0.387203 0.391305 0.379861 0.385510 0.392890 0.378199 0.376399 0.379177 0.391598 0.401877 -9999.0
-9999.0 0.375180 0.381619 0.382600 0.386560 0.381897 0.389312 0.382324 0.386562 0.387294 0.379109 0.374857 0.363714 0.365443 0.356794 -9999.0 -9999.0
-9999.0 0.381716 0.373455 0.385165 0.383217 0.385034 0.385931 0.389332 0.386157 0.378880 0.370122 0.375837 0.378656 0.375054 -9999.0 -9999.0 -9999.0
-9999.0 -9999.0 0.386631 0.385951 0.390070 0.390035 0.389616 0.385695 0.375039 0.381197 0.368612 0.370462 0.370664 0.368736 -9999.0 -9999.0 -9999.0
-9999.0 -9999.0 0.387268 0.382430 0.391861 0.380495 0.390279 0.381143 0.376238 0.376122 0.377840 0.383586 0.360909 -9999.0 -9999.0 -9999.0 -9999.0
-9999.0 -9999.0 -9999.0 -9999.0 0.376718 0.372244 0.362606 0.375835 0.373801 0.368579 0.371681 0.376972 0.372675 -9999.0 -9999.0 -9999.0 -9999.0
-9999.0 -9999.0 -9999.0 -9999.0 -9999.0 0.370543 0.365382 0.359734 0.373076 0.371675 0.373606 0.395023 0.381099 0.374211 -9999.0 -9999.0 -9999.0
-9999.0 -9999.0 -9999.0 -9999.0 -9999.0 -9999.0 0.360826 0.360588 0.363958 0.363447 0.365741 0.368573 0.367734 0.372553 0.368998 -9999.0 -9999.0
-9999.0 -9999.0 -9999.0 -9999.0 -9999.0 -9999.0 -9999.0 0.364490 0.370024 0.372833 0.365750 0.366547 0.362304 0.375367 -9999.0 -9999.0 -9999.0
-9999.0 -9999.0 -9999.0 -9999.0 -9999.0 -9999.0 -9999.0 -9999.0 0.377940 0.371550 0.367691 0.368322 0.362431 0.358550 0.376261 -9999.0 -9999.0
-9999.0 -9999.0 -9999.0 -9999.0 -9999.0 -9999.0 -9999.0 -9999.0 -9999.0 -9999.0 -9999.0 -9999.0 -9999.0 -9999.0 -9999.0 -9999.0 -9999.0