tests/3D/WG1_2.0_001/output-maps-SE27XX/thetaliqL0002N0016.asc
ncols         17
nrows         27
xllcorner     624603.750000
yllcorner     5171346.250000
cellsize      500.000000
NODATA_value  -9999.0
-9999.0 -9999.0 -9999.0 -9999.0 -9999.0 -9999.0 -9999.0 -9999.0 -9999.0 -9999.0 -9999.0 -9999.0 -9999.0 -9999.0 -9999.0 -9999.0 -9999.0
-9999.0 -9999.0 -9999.0 -9999.0 -9999.0 -9999.0 -9999.0 -9999.0 -9999.0 -9999.0 -9999.0 0.221015 0.313556 0.300374 -9999.0 -9999.0 -9999.0
-9999.0 -9999.0 -9999.0 -9999.0 -9999.0 -9999.0 -9999.0 -9999.0 -9999.0 0.128518 0.131541 0.139091 0.314107 0.304650 0.322901 -9999.0 -9999.0
-9999.0 -9999.0 -9999.0 -9999.0 -9999.0 -9999.0 -9999.0 -9999.0 0.131339 0.136148 0.141324 0.164316 0.136177 0.345788 0.305344 -9999.0 -9999.0
-9999.0 -9999.0 -9999.0 -9999.0 -9999.0 -9999.0 -9999.0 -9999.0 0.134479 0.153535 0.135819 0.165901 0.308078 0.315461 0.306263 -9999.0 -9999.0
-9999.0 -9999.0 -9999.0 -9999.0 -9999.0 -9999.0 -9999.0 0.137325 0.143561 0.146282 0.207382 0.174691 0.166347 0.304462 0.310511 -9999.0 -9999.0
-9999.0 -9999.0 -9999.0 -9999.0 -9999.0 -9999.0 0.127927 0.136504 0.142411 0.131038 0.128705 0.135890 0.150580 0.145057 0.202848 -9999.0 -9999.0
-9999.0 -9999.0 -9999.0 -9999.0 -9999.0 -9999.0 0.136871 0.131923 0.138513 0.130609 0.132744 0.129600 0.141185 0.161543 0.131432 -9999.0 -9999.0
-9999.0 -9999.0 -9999.0 -9999.0 -9999.0 -9999.0 0.128186 0.129109 0.143695 0.140455 0.132984 0.138379 0.178277 0.151974 0.131733 -9999.0 -9999.0
-9999.0 -9999.0 -9999.0 -9999.0 -9999.0 -9999.0 -9999.0 0.134971 0.136818 0.163662 0.131017 0.136425 0.167728 0.142585 0.140509 -9999.0 -9999.0
-9999.0 -9999.0 -9999.0 -9999.0 -9999.0 -9999.0 0.133787 0.132373 0.147910 0.132852 0.131672 0.135177 0.142052 0.153745 0.168055 0.150493 -9999.0
-9999.0 -9999.0 -9999.0 -9999.0 -9999.0 0.128915 0.137358 0.137928 0.135929 0.132909 0.134022 0.134856 0.138204 0.164574 0.133913 0.163512 -9999.0
-9999.0 -9999.0 -9999.0 0.127974 0.127018 0.131361 0.133446 0.137269 0.141728 0.160887 0.138306 0.135562 0.145396 0.133461 0.152349 0.141522 -9999.0
-9999.0 -9999.0 -9999.0 0.130037 0.131187 0.141992 0.138954 0.145220 0.141263 0.149294 0.139773 0.135673 0.160634 0.150064 0.303859 0.155035 -9999.0
-9999.0 -9999.0 0.129497 0.133788 0.141054 0.131440 0.140198 0.157909 0.156359 0.173790 0.140455 0.130990 0.185359 0.165199 0.129304 0.132428 -9999.0
-9999.0 0.129761 0.135061 0.130761 0.130751 0.134826 0.173205 0.163217 0.154425 0.136147 0.133130 0.139567 0.129376 0.139245 0.133308 -9999.0 -9999.0
-9999.0 0.139062 0.131286 0.166310 0.177553 0.222177 0.157879 0.184567 0.170826 0.145134 0.149360 0.134471 0.130132 0.131254 0.306777 0.318430 -9999.0
-9999.0 0.164525 0.155294 0.143458 0.174428 0.206422 0.209447 0.181419 0.170400 0.135791 0.150624 0.133572 0.131956 0.131036 0.131259 -9999.0 -9999.0
-9999.0 0.173878 0.143706 0.192998 0.223233 0.185742 0.193472 0.200595 0.148988 0.139833 0.131321 0.164237 0.134413 0.134871 -9999.0 -9999.0 -9999.0
-9999.0 -9999.0 0.169250 0.230810 0.200662 0.186779 0.143775 0.140264 0.173163 0.145555 0.149482 0.135136 0.144191 0.131057 -9999.0 -9999.0 -9999.0
-9999.0 -9999.0 0.223210 0.167995 0.144464 0.139554 0.131523 0.136821 0.131752 0.131778 0.133476 0.143490 0.136253 -9999.0 -9999.0 -9999.0 -9999.0
-9999.0 -9999.0 -9999.0 -9999.0 0.136651 0.140382 0.135592 0.148747 0.130990 0.141145 0.134460 0.143521 0.135039 -9999.0 -9999.0 -9999.0 -9999.0
-9999.0 -9999.0 -9999.0 -9999.0 -9999.0 0.130512 0.132161 0.129349 0.131652 0.128876 0.130815 0.135196 0.141233 0.136676 -9999.0 -9999.0 -9999.0
-9999.0 -9999.0 -9999.0 -9999.0 -9999.0 -9999.0 0.129088 0.129446 0.135462 0.129997 0.130151 0.131108 0.138679 0.132086 0.130445 -9999.0 -9999.0
-9999.0 -9999.0 -9999.0 -9999.0 -9999.0 -9999.0 -9999.0 0.126626 0.133379 0.130775 0.135840 0.132639 0.130814 0.134042 -9999.0 -9999.0 -9999.0
-9999.0 -9999.0 -9999.0 -9999.0 -9999.0 -9999.0 -9999.0 -9999.0 0.126568 0.129133 0.129814 0.130409 0.131294 0.130127 0.129448 -9999.0 -9999.0
-9999.0 -9999.0 -9999.0 -9999.0 -9999.0 -9999.0 -9999.0 -9999.0 -9999.0 -9999.0 -9999.0 -9999.0 -9999.0 -9999.0 -9999.0 -9999.0 -9999.0