tests/3D/WG1_2.0_001/output-maps-SE27XX/thetaiceL0001N0083.asc
ncols         17
nrows         27
xllcorner     624603.750000
yllcorner     5171346.250000
cellsize      500.000000
NODATA_value  -9999.0
-9999.0 -9999.0 -9999.0 -9999.0 -9999.0 -9999.0 -9999.0 -9999.0 -9999.0 -9999.0 -9999.0 -9999.0 -9999.0 -9999.0 -9999.0 -9999.0 -9999.0
-9999.0 -9999.0 -9999.0 -9999.0 -9999.0 -9999.0 -9999.0 -9999.0 -9999.0 -9999.0 -9999.0 0.365431 0.282627 0.281732 -9999.0 -9999.0 -9999.0
-9999.0 -9999.0 -9999.0 -9999.0 -9999.0 -9999.0 -9999.0 -9999.0 -9999.0 0.374698 0.367843 0.365961 0.282667 0.282065 0.283054 -9999.0 -9999.0
-9999.0 -9999.0 -9999.0 -9999.0 -9999.0 -9999.0 -9999.0 -9999.0 0.371851 0.365195 0.372081 0.364146 0.364878 0.283505 0.282112 -9999.0 -9999.0
-9999.0 -9999.0 -9999.0 -9999.0 -9999.0 -9999.0 -9999.0 -9999.0 0.369604 0.365804 0.366610 0.364145 0.282309 0.282744 0.282181 -9999.0 -9999.0
-9999.0 -9999.0 -9999.0 -9999.0 -9999.0 -9999.0 -9999.0 0.370895 0.365320 0.370932 0.364330 0.365022 0.364074 0.282052 0.282449 -9999.0 -9999.0
-9999.0 -9999.0 -9999.0 -9999.0 -9999.0 -9999.0 0.370034 0.366534 0.372472 0.366668 0.366703 0.363881 0.363639 0.366398 0.365911 -9999.0 -9999.0
-9999.0 -9999.0 -9999.0 -9999.0 -9999.0 -9999.0 0.373276 0.366778 0.364782 0.363602 0.369473 0.366299 0.371263 0.367413 0.364370 -9999.0 -9999.0
-9999.0 -9999.0 -9999.0 -9999.0 -9999.0 -9999.0 0.366634 0.366420 0.365384 0.369259 0.364797 0.368724 0.366436 0.363914 0.364507 -9999.0 -9999.0
-9999.0 -9999.0 -9999.0 -9999.0 -9999.0 -9999.0 -9999.0 0.369048 0.365880 0.369644 0.370778 0.366144 0.363961 0.372801 0.368694 -9999.0 -9999.0
-9999.0 -9999.0 -9999.0 -9999.0 -9999.0 -9999.0 0.370285 0.373425 0.367319 0.366263 0.368315 0.365655 0.364372 0.365937 0.365672 0.364542 -9999.0
-9999.0 -9999.0 -9999.0 -9999.0 -9999.0 0.370871 0.373348 0.372587 0.368828 0.367520 0.369802 0.364330 0.365597 0.369092 0.364578 0.364738 -9999.0
-9999.0 -9999.0 -9999.0 0.376107 0.370494 0.375242 0.372236 0.369311 0.371782 0.367407 0.364838 0.367723 0.365561 0.364712 0.367262 0.366759 -9999.0
-9999.0 -9999.0 -9999.0 0.372550 0.376256 0.369609 0.373612 0.371586 0.372262 0.371924 0.370827 0.366527 0.372736 0.366430 0.282153 0.366831 -9999.0
-9999.0 -9999.0 0.373016 0.371680 0.373576 0.369105 0.368571 0.372332 0.370355 0.369051 0.365017 0.365647 0.369724 0.372209 0.368270 0.365726 -9999.0
-9999.0 0.376838 0.376812 0.370297 0.369533 0.374607 0.369001 0.370024 0.369864 0.371444 0.366940 0.366051 0.368455 0.366072 0.366298 -9999.0 -9999.0
-9999.0 0.377403 0.374134 0.376603 0.376148 0.374705 0.374938 0.374079 0.365427 0.372885 0.372684 0.367531 0.367536 0.369354 0.282247 0.282896 -9999.0
-9999.0 0.376760 0.378937 0.377894 0.376844 0.373814 0.375690 0.372760 0.369429 0.372300 0.373152 0.373202 0.367244 0.367367 0.367563 -9999.0 -9999.0
-9999.0 0.379725 0.372400 0.375577 0.374289 0.373368 0.368506 0.368987 0.367998 0.367740 0.367494 0.368974 0.369905 0.373120 -9999.0 -9999.0 -9999.0
-9999.0 -9999.0 0.376746 0.378282 0.371882 0.371188 0.370375 0.369631 0.367349 0.371283 0.370517 0.367903 0.369381 0.367659 -9999.0 -9999.0 -9999.0
-9999.0 -9999.0 0.379225 0.377689 0.372805 0.369864 0.370798 0.368991 0.368376 0.372564 0.369804 0.375684 0.367908 -9999.0 -9999.0 -9999.0 -9999.0
-9999.0 -9999.0 -9999.0 -9999.0 0.370116 0.369989 0.369039 0.374976 0.368924 0.368757 0.371782 0.371094 0.369426 -9999.0 -9999.0 -9999.0 -9999.0
-9999.0 -9999.0 -9999.0 -9999.0 -9999.0 0.370081 0.370206 0.369507 0.373842 0.368577 0.369127 0.374833 0.374487 0.371717 -9999.0 -9999.0 -9999.0
-9999.0 -9999.0 -9999.0 -9999.0 -9999.0 -9999.0 0.369937 0.369899 0.369149 0.368787 0.368217 0.368283 0.369044 0.368986 0.368776 -9999.0 -9999.0
-9999.0 -9999.0 -9999.0 -9999.0 -9999.0 -9999.0 -9999.0 0.370888 0.369881 0.369801 0.368583 0.369415 0.369003 0.374654 -9999.0 -9999.0 -9999.0
-9999.0 -9999.0 -9999.0 -9999.0 -9999.0 -9999.0 -9999.0 -9999.0 0.371550 0.369854 0.368861 0.368987 0.368632 0.368382 0.371963 -9999.0 -9999.0
-9999.0 -9999.0 -9999.0 -9999.0 -9999.0 -9999.0 -9999.0 -9999.0 -9999.0 -9999.0 -9999.0 -9999.0 -9999.0 -9999.0 -9999.0 -9999.0 -9999.0