tests/3D/WG1_2.0_001/output-maps-SE27XX/thetaliqL0001N0083.asc
ncols         17
nrows         27
xllcorner     624603.750000
yllcorner     5171346.250000
cellsize      500.000000
NODATA_value  -9999.0
-9999.0 -9999.0 -9999.0 -9999.0 -9999.0 -9999.0 -9999.0 -9999.0 -9999.0 -9999.0 -9999.0 -9999.0 -9999.0 -9999.0 -9999.0 -9999.0 -9999.0
-9999.0 -9999.0 -9999.0 -9999.0 -9999.0 -9999.0 -9999.0 -9999.0 -9999.0 -9999.0 -9999.0 0.134569 0.217373 0.218268 -9999.0 -9999.0 -9999.0
-9999.0 -9999.0 -9999.0 -9999.0 -9999.0 -9999.0 -9999.0 -9999.0 -9999.0 0.125302 0.132157 0.134039 0.217333 0.217935 0.216946 -9999.0 -9999.0
-9999.0 -9999.0 -9999.0 -9999.0 -9999.0 -9999.0 -9999.0 -9999.0 0.128149 0.134805 0.127919 0.135854 0.135122 0.216495 0.217888 -9999.0 -9999.0
-9999.0 -9999.0 -9999.0 -9999.0 -9999.0 -9999.0 -9999.0 -9999.0 0.130396 0.134196 0.133390 0.135855 0.217691 0.217256 0.217819 -9999.0 -9999.0
-9999.0 -9999.0 -9999.0 -9999.0 -9999.0 -9999.0 -9999.0 0.129105 0.134680 0.129068 0.135670 0.134978 0.135926 0.217948 0.217551 -9999.0 -9999.0
-9999.0 -9999.0 -9999.0 -9999.0 -9999.0 -9999.0 0.129966 0.133466 0.127528 0.133332 0.133297 0.136119 0.136361 0.133602 0.134089 -9999.0 -9999.0
-9999.0 -9999.0 -9999.0 -9999.0 -9999.0 -9999.0 0.126724 0.133222 0.135218 0.136398 0.130527 0.133701 0.128737 0.132587 0.135630 -9999.0 -9999.0
-9999.0 -9999.0 -9999.0 -9999.0 -9999.0 -9999.0 0.133366 0.133580 0.134616 0.130741 0.135203 0.131276 0.133564 0.136086 0.135493 -9999.0 -9999.0
-9999.0 -9999.0 -9999.0 -9999.0 -9999.0 -9999.0 -9999.0 0.130952 0.134120 0.130356 0.129222 0.133856 0.136039 0.127199 0.131306 -9999.0 -9999.0
-9999.0 -9999.0 -9999.0 -9999.0 -9999.0 -9999.0 0.129715 0.126575 0.132681 0.133737 0.131685 0.134345 0.135628 0.134063 0.134328 0.135458 -9999.0
-9999.0 -9999.0 -9999.0 -9999.0 -9999.0 0.129129 0.126652 0.127413 0.131172 0.132480 0.130198 0.135670 0.134403 0.130908 0.135422 0.135262 -9999.0
-9999.0 -9999.0 -9999.0 0.123893 0.129506 0.124758 0.127764 0.130689 0.128218 0.132593 0.135162 0.132277 0.134439 0.135288 0.132738 0.133241 -9999.0
-9999.0 -9999.0 -9999.0 0.127450 0.123744 0.130391 0.126388 0.128414 0.127738 0.128076 0.129173 0.133473 0.127264 0.133570 0.217847 0.133169 -9999.0
-9999.0 -9999.0 0.126984 0.128320 0.126424 0.130895 0.131429 0.127668 0.129645 0.130949 0.134983 0.134353 0.130276 0.127791 0.131730 0.134274 -9999.0
-9999.0 0.123162 0.123188 0.129703 0.130467 0.125393 0.130999 0.129976 0.130136 0.128556 0.133060 0.133949 0.131545 0.133928 0.133702 -9999.0 -9999.0
-9999.0 0.122597 0.125866 0.123397 0.123852 0.125295 0.125062 0.125921 0.134573 0.127115 0.127316 0.132469 0.132464 0.130646 0.217753 0.217104 -9999.0
-9999.0 0.123240 0.121063 0.122106 0.123156 0.126186 0.124310 0.127240 0.130571 0.127700 0.126848 0.126798 0.132756 0.132633 0.132437 -9999.0 -9999.0
-9999.0 0.120275 0.127600 0.124423 0.125711 0.126632 0.131494 0.131013 0.132002 0.132260 0.132506 0.131026 0.130095 0.126880 -9999.0 -9999.0 -9999.0
-9999.0 -9999.0 0.123254 0.121718 0.128118 0.128812 0.129625 0.130369 0.132651 0.128717 0.129483 0.132097 0.130619 0.132341 -9999.0 -9999.0 -9999.0
-9999.0 -9999.0 0.120775 0.122311 0.127195 0.130136 0.129202 0.131009 0.131624 0.127436 0.130196 0.124316 0.132092 -9999.0 -9999.0 -9999.0 -9999.0
-9999.0 -9999.0 -9999.0 -9999.0 0.129884 0.130011 0.130961 0.125024 0.131076 0.131243 0.128218 0.128906 0.130574 -9999.0 -9999.0 -9999.0 -9999.0
-9999.0 -9999.0 -9999.0 -9999.0 -9999.0 0.129919 0.129794 0.130493 0.126158 0.131423 0.130873 0.125167 0.125513 0.128283 -9999.0 -9999.0 -9999.0
-9999.0 -9999.0 -9999.0 -9999.0 -9999.0 -9999.0 0.130063 0.130101 0.130851 0.131213 0.131783 0.131717 0.130956 0.131014 0.131224 -9999.0 -9999.0
-9999.0 -9999.0 -9999.0 -9999.0 -9999.0 -9999.0 -9999.0 0.129112 0.130119 0.130199 0.131417 0.130585 0.130997 0.125346 -9999.0 -9999.0 -9999.0
-9999.0 -9999.0 -9999.0 -9999.0 -9999.0 -9999.0 -9999.0 -9999.0 0.128450 0.130146 0.131139 0.131013 0.131368 0.131618 0.128037 -9999.0 -9999.0
-9999.0 -9999.0 -9999.0 -9999.0 -9999.0 -9999.0 -9999.0 -9999.0 -9999.0 -9999.0 -9999.0 -9999.0 -9999.0 -9999.0 -9999.0 -9999.0 -9999.0