tests/3D/WG1_2.0_001/output-maps-SE27XX/thetaliqL0002N0048.asc
ncols         17
nrows         27
xllcorner     624603.750000
yllcorner     5171346.250000
cellsize      500.000000
NODATA_value  -9999.0
-9999.0 -9999.0 -9999.0 -9999.0 -9999.0 -9999.0 -9999.0 -9999.0 -9999.0 -9999.0 -9999.0 -9999.0 -9999.0 -9999.0 -9999.0 -9999.0 -9999.0
-9999.0 -9999.0 -9999.0 -9999.0 -9999.0 -9999.0 -9999.0 -9999.0 -9999.0 -9999.0 -9999.0 0.147131 0.308046 0.293844 -9999.0 -9999.0 -9999.0
-9999.0 -9999.0 -9999.0 -9999.0 -9999.0 -9999.0 -9999.0 -9999.0 -9999.0 0.129647 0.148901 0.160607 0.308661 0.298502 0.317886 -9999.0 -9999.0
-9999.0 -9999.0 -9999.0 -9999.0 -9999.0 -9999.0 -9999.0 -9999.0 0.136969 0.148457 0.139896 0.156474 0.140969 0.338887 0.299203 -9999.0 -9999.0
-9999.0 -9999.0 -9999.0 -9999.0 -9999.0 -9999.0 -9999.0 -9999.0 0.144812 0.154659 0.150333 0.163209 0.302441 0.310125 0.300240 -9999.0 -9999.0
-9999.0 -9999.0 -9999.0 -9999.0 -9999.0 -9999.0 -9999.0 0.139480 0.154039 0.140908 0.174532 0.163015 0.159092 0.298305 0.304788 -9999.0 -9999.0
-9999.0 -9999.0 -9999.0 -9999.0 -9999.0 -9999.0 0.138918 0.151794 0.142664 0.138002 0.136000 0.149956 0.155376 0.162784 0.163716 -9999.0 -9999.0
-9999.0 -9999.0 -9999.0 -9999.0 -9999.0 -9999.0 0.138537 0.143181 0.140917 0.143262 0.136062 0.136112 0.139299 0.149853 0.139940 -9999.0 -9999.0
-9999.0 -9999.0 -9999.0 -9999.0 -9999.0 -9999.0 0.133602 0.135328 0.151734 0.142946 0.149491 0.144144 0.153206 0.152371 0.142058 -9999.0 -9999.0
-9999.0 -9999.0 -9999.0 -9999.0 -9999.0 -9999.0 -9999.0 0.143359 0.141737 0.139954 0.137284 0.146008 0.151595 0.160263 0.149596 -9999.0 -9999.0
-9999.0 -9999.0 -9999.0 -9999.0 -9999.0 -9999.0 0.142847 0.137013 0.145397 0.144494 0.145898 0.147338 0.150071 0.151985 0.161715 0.148788 -9999.0
-9999.0 -9999.0 -9999.0 -9999.0 -9999.0 0.141161 0.140712 0.138844 0.142957 0.144936 0.147805 0.149341 0.148483 0.154401 0.144448 0.151623 -9999.0
-9999.0 -9999.0 -9999.0 0.137479 0.128660 0.140996 0.140472 0.143278 0.143923 0.145996 0.151119 0.148033 0.150389 0.144129 0.153654 0.155725 -9999.0
-9999.0 -9999.0 -9999.0 0.141410 0.138216 0.144457 0.145154 0.144941 0.149624 0.168794 0.166703 0.155891 0.211722 0.153134 0.299824 0.152632 -9999.0
-9999.0 -9999.0 0.142464 0.144817 0.141017 0.138676 0.145661 0.151801 0.165145 0.155448 0.157503 0.141790 0.144067 0.140778 0.135595 0.138799 -9999.0
-9999.0 0.154394 0.159071 0.140281 0.134555 0.150282 0.148794 0.165623 0.169510 0.177467 0.161081 0.153196 0.135151 0.137894 0.135670 -9999.0 -9999.0
-9999.0 0.156458 0.143464 0.167847 0.172472 0.174061 0.197678 0.198266 0.175420 0.179641 0.148289 0.134326 0.133341 0.137015 0.301496 0.313255 -9999.0
-9999.0 0.165937 0.178155 0.200152 0.204407 0.215320 0.253797 0.152693 0.175587 0.165493 0.147394 0.144196 0.134294 0.131791 0.134019 -9999.0 -9999.0
-9999.0 0.175444 0.166350 0.209479 0.178447 0.227128 0.181269 0.175170 0.166340 0.154015 0.136642 0.145517 0.145623 0.141621 -9999.0 -9999.0 -9999.0
-9999.0 -9999.0 0.208255 0.198164 0.194179 0.177068 0.172388 0.167210 0.156086 0.148396 0.144261 0.133925 0.144853 0.133985 -9999.0 -9999.0 -9999.0
-9999.0 -9999.0 0.200420 0.238733 0.174754 0.157448 0.160390 0.143971 0.139562 0.145615 0.142787 0.138204 0.133815 -9999.0 -9999.0 -9999.0 -9999.0
-9999.0 -9999.0 -9999.0 -9999.0 0.153107 0.143674 0.141604 0.142611 0.141353 0.146939 0.143377 0.145323 0.143420 -9999.0 -9999.0 -9999.0 -9999.0
-9999.0 -9999.0 -9999.0 -9999.0 -9999.0 0.133389 0.130619 0.130339 0.142450 0.135402 0.138369 0.141815 0.139184 0.142396 -9999.0 -9999.0 -9999.0
-9999.0 -9999.0 -9999.0 -9999.0 -9999.0 -9999.0 0.130325 0.129429 0.133310 0.130521 0.131823 0.132287 0.141569 0.134443 0.130678 -9999.0 -9999.0
-9999.0 -9999.0 -9999.0 -9999.0 -9999.0 -9999.0 -9999.0 0.128779 0.134148 0.136107 0.131029 0.134728 0.130972 0.139885 -9999.0 -9999.0 -9999.0
-9999.0 -9999.0 -9999.0 -9999.0 -9999.0 -9999.0 -9999.0 -9999.0 0.131954 0.130655 0.131169 0.131923 0.131101 0.132350 0.133665 -9999.0 -9999.0
-9999.0 -9999.0 -9999.0 -9999.0 -9999.0 -9999.0 -9999.0 -9999.0 -9999.0 -9999.0 -9999.0 -9999.0 -9999.0 -9999.0 -9999.0 -9999.0 -9999.0