tests/3D/WG1_2.0_001/output-maps-SE27XX/thetaiceL0001N0059.asc
ncols         17
nrows         27
xllcorner     624603.750000
yllcorner     5171346.250000
cellsize      500.000000
NODATA_value  -9999.0
-9999.0 -9999.0 -9999.0 -9999.0 -9999.0 -9999.0 -9999.0 -9999.0 -9999.0 -9999.0 -9999.0 -9999.0 -9999.0 -9999.0 -9999.0 -9999.0 -9999.0
-9999.0 -9999.0 -9999.0 -9999.0 -9999.0 -9999.0 -9999.0 -9999.0 -9999.0 -9999.0 -9999.0 0.368078 0.279373 0.280020 -9999.0 -9999.0 -9999.0
-9999.0 -9999.0 -9999.0 -9999.0 -9999.0 -9999.0 -9999.0 -9999.0 -9999.0 0.374515 0.370279 0.367262 0.279348 0.279784 0.279027 -9999.0 -9999.0
-9999.0 -9999.0 -9999.0 -9999.0 -9999.0 -9999.0 -9999.0 -9999.0 0.362043 0.369004 0.346107 0.365150 0.368590 0.278669 0.279753 -9999.0 -9999.0
-9999.0 -9999.0 -9999.0 -9999.0 -9999.0 -9999.0 -9999.0 -9999.0 0.371609 0.367015 0.368634 0.353930 0.279595 0.279291 0.279702 -9999.0 -9999.0
-9999.0 -9999.0 -9999.0 -9999.0 -9999.0 -9999.0 -9999.0 0.372967 0.368462 0.352214 0.352238 0.355749 0.363746 0.279793 0.279504 -9999.0 -9999.0
-9999.0 -9999.0 -9999.0 -9999.0 -9999.0 -9999.0 0.372619 0.370830 0.340180 0.371841 0.372530 0.363860 0.360973 0.365034 0.366288 -9999.0 -9999.0
-9999.0 -9999.0 -9999.0 -9999.0 -9999.0 -9999.0 0.352781 0.372428 0.367285 0.368736 0.371496 0.372037 0.348095 0.365101 0.366549 -9999.0 -9999.0
-9999.0 -9999.0 -9999.0 -9999.0 -9999.0 -9999.0 0.368123 0.368386 0.369900 0.370541 0.370693 0.369557 0.353347 0.363750 0.365463 -9999.0 -9999.0
-9999.0 -9999.0 -9999.0 -9999.0 -9999.0 -9999.0 -9999.0 0.372567 0.370061 0.354288 0.371940 0.370113 0.365781 0.340917 0.366213 -9999.0 -9999.0
-9999.0 -9999.0 -9999.0 -9999.0 -9999.0 -9999.0 0.373132 0.351775 0.370501 0.371675 0.371863 0.371520 0.366403 0.360030 0.361123 0.366672 -9999.0
-9999.0 -9999.0 -9999.0 -9999.0 -9999.0 0.372235 0.368587 0.363417 0.371153 0.372254 0.368883 0.370945 0.369629 0.356749 0.364716 0.366621 -9999.0
-9999.0 -9999.0 -9999.0 0.357017 0.372780 0.332504 0.372735 0.371706 0.357528 0.355892 0.368444 0.371309 0.370266 0.367385 0.365934 0.366024 -9999.0
-9999.0 -9999.0 -9999.0 0.372625 0.333123 0.370373 0.369886 0.356951 0.366028 0.358517 0.354246 0.360000 0.323053 0.364364 0.279753 0.367928 -9999.0
-9999.0 -9999.0 0.371534 0.370167 0.370159 0.369909 0.369075 0.355876 0.355025 0.354447 0.352457 0.368441 0.336709 0.336598 0.371879 0.366414 -9999.0
-9999.0 0.370135 0.371040 0.371046 0.369948 0.369589 0.355231 0.355100 0.353695 0.359112 0.369778 0.366003 0.371835 0.366906 0.367903 -9999.0 -9999.0
-9999.0 0.360873 0.372338 0.358638 0.357776 0.359657 0.354638 0.353837 0.352509 0.356987 0.370651 0.369656 0.369776 0.371461 0.279657 0.279178 -9999.0
-9999.0 0.358328 0.362637 0.357893 0.352761 0.339369 0.340526 0.360126 0.357532 0.361331 0.356622 0.370633 0.368000 0.369245 0.369527 -9999.0 -9999.0
-9999.0 0.360565 0.356804 0.350747 0.360773 0.343008 0.356560 0.356795 0.353881 0.365821 0.367596 0.361247 0.370644 0.372955 -9999.0 -9999.0 -9999.0
-9999.0 -9999.0 0.355159 0.362342 0.358945 0.358225 0.357140 0.356905 0.352174 0.369354 0.365953 0.369295 0.370674 0.367809 -9999.0 -9999.0 -9999.0
-9999.0 -9999.0 0.367438 0.349947 0.359955 0.357801 0.370991 0.369864 0.367726 0.368432 0.371203 0.323485 0.367854 -9999.0 -9999.0 -9999.0 -9999.0
-9999.0 -9999.0 -9999.0 -9999.0 0.362148 0.369224 0.369849 0.367299 0.369820 0.369706 0.373566 0.369394 0.372194 -9999.0 -9999.0 -9999.0 -9999.0
-9999.0 -9999.0 -9999.0 -9999.0 -9999.0 0.369804 0.370148 0.370439 0.371483 0.368526 0.370735 0.337182 0.336180 0.371968 -9999.0 -9999.0 -9999.0
-9999.0 -9999.0 -9999.0 -9999.0 -9999.0 -9999.0 0.370657 0.370848 0.370388 0.369985 0.369361 0.370210 0.370852 0.370493 0.371470 -9999.0 -9999.0
-9999.0 -9999.0 -9999.0 -9999.0 -9999.0 -9999.0 -9999.0 0.370936 0.370662 0.370275 0.369801 0.371798 0.371190 0.367806 -9999.0 -9999.0 -9999.0
-9999.0 -9999.0 -9999.0 -9999.0 -9999.0 -9999.0 -9999.0 -9999.0 0.371906 0.370225 0.369974 0.369508 0.369211 0.368574 0.371154 -9999.0 -9999.0
-9999.0 -9999.0 -9999.0 -9999.0 -9999.0 -9999.0 -9999.0 -9999.0 -9999.0 -9999.0 -9999.0 -9999.0 -9999.0 -9999.0 -9999.0 -9999.0 -9999.0