tests/3D/WG1_2.0_001/output-maps-SE27XX/thetaliqL0005N0083.asc
ncols         17
nrows         27
xllcorner     624603.750000
yllcorner     5171346.250000
cellsize      500.000000
NODATA_value  -9999.0
-9999.0 -9999.0 -9999.0 -9999.0 -9999.0 -9999.0 -9999.0 -9999.0 -9999.0 -9999.0 -9999.0 -9999.0 -9999.0 -9999.0 -9999.0 -9999.0 -9999.0
-9999.0 -9999.0 -9999.0 -9999.0 -9999.0 -9999.0 -9999.0 -9999.0 -9999.0 -9999.0 -9999.0 0.353919 0.395356 0.381477 -9999.0 -9999.0 -9999.0
-9999.0 -9999.0 -9999.0 -9999.0 -9999.0 -9999.0 -9999.0 -9999.0 -9999.0 0.375097 0.368780 0.360173 0.396168 0.386671 0.402552 -9999.0 -9999.0
-9999.0 -9999.0 -9999.0 -9999.0 -9999.0 -9999.0 -9999.0 -9999.0 0.363304 0.359648 0.373747 0.362526 0.363572 0.422665 0.386621 -9999.0 -9999.0
-9999.0 -9999.0 -9999.0 -9999.0 -9999.0 -9999.0 -9999.0 -9999.0 0.362512 0.360333 0.384638 0.367341 0.393796 0.397621 0.388560 -9999.0 -9999.0
-9999.0 -9999.0 -9999.0 -9999.0 -9999.0 -9999.0 -9999.0 0.356562 0.363196 0.377787 0.371514 0.364889 0.362667 0.386536 0.392933 -9999.0 -9999.0
-9999.0 -9999.0 -9999.0 -9999.0 -9999.0 -9999.0 0.362697 0.353284 0.372991 0.362471 0.387573 0.370420 0.360151 0.358528 0.357569 -9999.0 -9999.0
-9999.0 -9999.0 -9999.0 -9999.0 -9999.0 -9999.0 0.357302 0.355764 0.364323 0.364390 0.366938 0.385348 0.369829 0.364764 0.380827 -9999.0 -9999.0
-9999.0 -9999.0 -9999.0 -9999.0 -9999.0 -9999.0 0.353685 0.358381 0.358849 0.375694 0.357764 0.361828 0.366129 0.361547 0.374296 -9999.0 -9999.0
-9999.0 -9999.0 -9999.0 -9999.0 -9999.0 -9999.0 -9999.0 0.348629 0.360564 0.375157 0.366527 0.364478 0.363629 0.387320 0.366475 -9999.0 -9999.0
-9999.0 -9999.0 -9999.0 -9999.0 -9999.0 -9999.0 0.350044 0.358244 0.356660 0.356190 0.358868 0.361867 0.371048 0.368343 0.359216 0.360019 -9999.0
-9999.0 -9999.0 -9999.0 -9999.0 -9999.0 0.352125 0.352492 0.356839 0.352190 0.359208 0.356565 0.361836 0.374122 0.365012 0.361927 0.354842 -9999.0
-9999.0 -9999.0 -9999.0 0.353573 0.375463 0.361063 0.355800 0.351655 0.356647 0.363757 0.359974 0.363060 0.373690 0.351457 0.356125 0.364975 -9999.0
-9999.0 -9999.0 -9999.0 0.351849 0.360240 0.352272 0.356655 0.357547 0.353742 0.364439 0.362049 0.364512 0.390026 0.368601 0.386276 0.359003 -9999.0
-9999.0 -9999.0 0.350438 0.356043 0.351355 0.365360 0.355269 0.357613 0.367578 0.364910 0.368841 0.365483 0.374175 0.368608 0.380442 0.354630 -9999.0
-9999.0 0.346245 0.351109 0.350373 0.359382 0.353956 0.357327 0.363541 0.369496 0.371930 0.368730 0.356170 0.383261 0.353131 0.345237 -9999.0 -9999.0
-9999.0 0.348973 0.350048 0.356894 0.361313 0.357552 0.366926 0.371071 0.369356 0.364433 0.371872 0.362399 0.361748 0.360632 0.388939 0.399338 -9999.0
-9999.0 0.353556 0.358931 0.361969 0.367634 0.364977 0.370792 0.363288 0.373862 0.368244 0.358190 0.352528 0.349876 0.351551 0.343054 -9999.0 -9999.0
-9999.0 0.358030 0.359355 0.366353 0.359760 0.366997 0.374207 0.376989 0.375958 0.366310 0.356087 0.362297 0.361106 0.353314 -9999.0 -9999.0 -9999.0
-9999.0 -9999.0 0.367696 0.363851 0.376173 0.376438 0.377579 0.373843 0.364535 0.363639 0.353819 0.355367 0.354969 0.355288 -9999.0 -9999.0 -9999.0
-9999.0 -9999.0 0.362570 0.359709 0.376860 0.368412 0.371781 0.364757 0.362111 0.359658 0.360905 0.360641 0.347286 -9999.0 -9999.0 -9999.0 -9999.0
-9999.0 -9999.0 -9999.0 -9999.0 0.363620 0.356653 0.348074 0.352267 0.359317 0.355364 0.352920 0.359827 0.355155 -9999.0 -9999.0 -9999.0 -9999.0
-9999.0 -9999.0 -9999.0 -9999.0 -9999.0 0.354991 0.350476 0.346199 0.352681 0.361609 0.359141 0.375571 0.359882 0.356237 -9999.0 -9999.0 -9999.0
-9999.0 -9999.0 -9999.0 -9999.0 -9999.0 -9999.0 0.348670 0.348030 0.348744 0.349547 0.352455 0.354460 0.352727 0.356444 0.352630 -9999.0 -9999.0
-9999.0 -9999.0 -9999.0 -9999.0 -9999.0 -9999.0 -9999.0 0.357756 0.353509 0.356825 0.352266 0.351007 0.347251 0.351298 -9999.0 -9999.0 -9999.0
-9999.0 -9999.0 -9999.0 -9999.0 -9999.0 -9999.0 -9999.0 -9999.0 0.360944 0.355391 0.355342 0.355273 0.349124 0.345347 0.369603 -9999.0 -9999.0
-9999.0 -9999.0 -9999.0 -9999.0 -9999.0 -9999.0 -9999.0 -9999.0 -9999.0 -9999.0 -9999.0 -9999.0 -9999.0 -9999.0 -9999.0 -9999.0 -9999.0