tests/3D/WG1_2.0_001/output-maps-SE27XX/thetaiceL0003N0047.asc
ncols         17
nrows         27
xllcorner     624603.750000
yllcorner     5171346.250000
cellsize      500.000000
NODATA_value  -9999.0
-9999.0 -9999.0 -9999.0 -9999.0 -9999.0 -9999.0 -9999.0 -9999.0 -9999.0 -9999.0 -9999.0 -9999.0 -9999.0 -9999.0 -9999.0 -9999.0 -9999.0
-9999.0 -9999.0 -9999.0 -9999.0 -9999.0 -9999.0 -9999.0 -9999.0 -9999.0 -9999.0 -9999.0 0.314086 0.000000 0.000000 -9999.0 -9999.0 -9999.0
-9999.0 -9999.0 -9999.0 -9999.0 -9999.0 -9999.0 -9999.0 -9999.0 -9999.0 0.359846 0.223988 0.223157 0.000000 0.000000 0.000000 -9999.0 -9999.0
-9999.0 -9999.0 -9999.0 -9999.0 -9999.0 -9999.0 -9999.0 -9999.0 0.119535 0.309839 0.007543 0.296976 0.322192 0.000000 0.000000 -9999.0 -9999.0
-9999.0 -9999.0 -9999.0 -9999.0 -9999.0 -9999.0 -9999.0 -9999.0 0.161028 0.207820 0.187809 0.188416 0.000000 0.000000 0.000000 -9999.0 -9999.0
-9999.0 -9999.0 -9999.0 -9999.0 -9999.0 -9999.0 -9999.0 0.136812 0.257022 0.061117 0.017909 0.182480 0.290579 0.000000 0.000000 -9999.0 -9999.0
-9999.0 -9999.0 -9999.0 -9999.0 -9999.0 -9999.0 0.322656 0.276411 0.045789 0.324015 0.347249 0.312299 0.294470 0.219999 0.244571 -9999.0 -9999.0
-9999.0 -9999.0 -9999.0 -9999.0 -9999.0 -9999.0 0.130329 0.295106 0.318766 0.319512 0.324956 0.344681 0.047291 0.102677 0.328028 -9999.0 -9999.0
-9999.0 -9999.0 -9999.0 -9999.0 -9999.0 -9999.0 0.323146 0.321991 0.273089 0.125680 0.252351 0.193167 0.116506 0.303784 0.321580 -9999.0 -9999.0
-9999.0 -9999.0 -9999.0 -9999.0 -9999.0 -9999.0 -9999.0 0.229635 0.305215 0.047780 0.327902 0.293240 0.291346 0.075371 0.108053 -9999.0 -9999.0
-9999.0 -9999.0 -9999.0 -9999.0 -9999.0 -9999.0 0.225949 0.120639 0.172811 0.251139 0.284084 0.292836 0.307167 0.131961 0.209401 0.312957 -9999.0
-9999.0 -9999.0 -9999.0 -9999.0 -9999.0 0.289754 0.150813 0.104906 0.197125 0.253110 0.229900 0.273232 0.295287 0.057813 0.315661 0.304702 -9999.0
-9999.0 -9999.0 -9999.0 0.212890 0.350654 0.147982 0.151999 0.205464 0.108487 0.052362 0.193849 0.293359 0.295605 0.308248 0.189053 0.202674 -9999.0
-9999.0 -9999.0 -9999.0 0.217976 0.163954 0.184065 0.260405 0.111110 0.198816 0.178528 0.116436 0.131117 0.000441 0.199446 0.000000 0.171666 -9999.0
-9999.0 -9999.0 0.226769 0.203763 0.114482 0.319196 0.201090 0.110993 0.077745 0.068512 0.096427 0.314994 0.003255 0.024910 0.359082 0.319010 -9999.0
-9999.0 0.234378 0.246404 0.305188 0.321973 0.242131 0.093907 0.035211 0.057618 0.198079 0.251594 0.236685 0.348916 0.319310 0.320881 -9999.0 -9999.0
-9999.0 0.156795 0.264588 0.083271 0.048030 0.061938 0.030437 0.012430 0.014561 0.087127 0.273439 0.323940 0.322916 0.331278 0.000000 0.000000 -9999.0
-9999.0 0.073963 0.198835 0.074620 0.016389 0.001504 0.000000 0.154467 0.026605 0.196336 0.152817 0.269838 0.320784 0.323581 0.324780 -9999.0 -9999.0
-9999.0 0.087304 0.030479 0.004992 0.026365 0.000000 0.015359 0.051707 0.095918 0.216872 0.317124 0.105643 0.284831 0.157774 -9999.0 -9999.0 -9999.0
-9999.0 -9999.0 0.009898 0.007212 0.004610 0.062586 0.142036 0.129649 0.080834 0.228470 0.140771 0.320876 0.200726 0.321845 -9999.0 -9999.0 -9999.0
-9999.0 -9999.0 0.015833 0.002504 0.088845 0.167522 0.275340 0.310789 0.315497 0.204458 0.306552 0.064850 0.320735 -9999.0 -9999.0 -9999.0 -9999.0
-9999.0 -9999.0 -9999.0 -9999.0 0.171698 0.298755 0.294991 0.211843 0.314799 0.248791 0.282514 0.176787 0.292209 -9999.0 -9999.0 -9999.0 -9999.0
-9999.0 -9999.0 -9999.0 -9999.0 -9999.0 0.324513 0.325351 0.323773 0.263402 0.321061 0.316359 0.101013 0.081189 0.171361 -9999.0 -9999.0 -9999.0
-9999.0 -9999.0 -9999.0 -9999.0 -9999.0 -9999.0 0.323114 0.324328 0.318971 0.322391 0.321758 0.323451 0.285357 0.325442 0.330017 -9999.0 -9999.0
-9999.0 -9999.0 -9999.0 -9999.0 -9999.0 -9999.0 -9999.0 0.327823 0.323355 0.319815 0.322215 0.322174 0.323942 0.177885 -9999.0 -9999.0 -9999.0
-9999.0 -9999.0 -9999.0 -9999.0 -9999.0 -9999.0 -9999.0 -9999.0 0.347071 0.328971 0.322770 0.322172 0.322327 0.321723 0.342572 -9999.0 -9999.0
-9999.0 -9999.0 -9999.0 -9999.0 -9999.0 -9999.0 -9999.0 -9999.0 -9999.0 -9999.0 -9999.0 -9999.0 -9999.0 -9999.0 -9999.0 -9999.0 -9999.0