tests/3D/WG1_2.0_001/output-maps-SE27XX/thetaiceL0002N0083.asc
ncols         17
nrows         27
xllcorner     624603.750000
yllcorner     5171346.250000
cellsize      500.000000
NODATA_value  -9999.0
-9999.0 -9999.0 -9999.0 -9999.0 -9999.0 -9999.0 -9999.0 -9999.0 -9999.0 -9999.0 -9999.0 -9999.0 -9999.0 -9999.0 -9999.0 -9999.0 -9999.0
-9999.0 -9999.0 -9999.0 -9999.0 -9999.0 -9999.0 -9999.0 -9999.0 -9999.0 -9999.0 -9999.0 0.364571 0.240954 0.232600 -9999.0 -9999.0 -9999.0
-9999.0 -9999.0 -9999.0 -9999.0 -9999.0 -9999.0 -9999.0 -9999.0 -9999.0 0.373836 0.367113 0.365182 0.241314 0.235819 0.244600 -9999.0 -9999.0
-9999.0 -9999.0 -9999.0 -9999.0 -9999.0 -9999.0 -9999.0 -9999.0 0.371090 0.364403 0.371420 0.363334 0.353695 0.248953 0.236262 -9999.0 -9999.0
-9999.0 -9999.0 -9999.0 -9999.0 -9999.0 -9999.0 -9999.0 -9999.0 0.368917 0.365086 0.365775 0.363368 0.238083 0.241993 0.236911 -9999.0 -9999.0
-9999.0 -9999.0 -9999.0 -9999.0 -9999.0 -9999.0 -9999.0 0.370215 0.364557 0.370229 0.363634 0.364307 0.363288 0.235692 0.239354 -9999.0 -9999.0
-9999.0 -9999.0 -9999.0 -9999.0 -9999.0 -9999.0 0.369174 0.365797 0.371605 0.365917 0.365478 0.362977 0.362848 0.365681 0.365122 -9999.0 -9999.0
-9999.0 -9999.0 -9999.0 -9999.0 -9999.0 -9999.0 0.372338 0.365950 0.362110 0.362909 0.364294 0.365162 0.370567 0.366740 0.363567 -9999.0 -9999.0
-9999.0 -9999.0 -9999.0 -9999.0 -9999.0 -9999.0 0.348025 0.349415 0.364632 0.368299 0.364290 0.368081 0.365808 0.363125 0.356165 -9999.0 -9999.0
-9999.0 -9999.0 -9999.0 -9999.0 -9999.0 -9999.0 -9999.0 0.368297 0.365056 0.368593 0.369469 0.365284 0.363291 0.371624 0.368068 -9999.0 -9999.0
-9999.0 -9999.0 -9999.0 -9999.0 -9999.0 -9999.0 0.368669 0.372468 0.366573 0.365496 0.367435 0.364936 0.363519 0.365246 0.364923 0.363734 -9999.0
-9999.0 -9999.0 -9999.0 -9999.0 -9999.0 0.363593 0.372339 0.371686 0.368033 0.366577 0.368799 0.363582 0.364739 0.368457 0.360213 0.363929 -9999.0
-9999.0 -9999.0 -9999.0 0.374468 0.367962 0.374082 0.371287 0.368435 0.370773 0.366532 0.364198 0.366650 0.364654 0.363965 0.366542 0.366015 -9999.0
-9999.0 -9999.0 -9999.0 0.371511 0.375133 0.368800 0.371923 0.370593 0.371089 0.370247 0.369293 0.365833 0.371473 0.365701 0.236679 0.366068 -9999.0
-9999.0 -9999.0 0.362763 0.365424 0.372600 0.368105 0.367721 0.371266 0.369155 0.368096 0.364294 0.364851 0.368882 0.371536 0.367161 0.353035 -9999.0
-9999.0 0.374586 0.374835 0.369242 0.366941 0.373009 0.368221 0.368971 0.368613 0.369726 0.365888 0.365300 0.367309 0.357639 0.355279 -9999.0 -9999.0
-9999.0 0.375898 0.372034 0.375040 0.374692 0.373231 0.373165 0.372155 0.364289 0.371508 0.370985 0.357602 0.352725 0.368486 0.237512 0.243309 -9999.0
-9999.0 0.375395 0.377002 0.375861 0.374679 0.372072 0.372943 0.371091 0.368135 0.370922 0.372121 0.368493 0.351531 0.357883 0.360278 -9999.0 -9999.0
-9999.0 0.377582 0.370944 0.373481 0.372431 0.371496 0.367108 0.367835 0.366992 0.366840 0.360186 0.368183 0.369049 0.372402 -9999.0 -9999.0 -9999.0
-9999.0 -9999.0 0.374355 0.375708 0.370210 0.369752 0.369111 0.368541 0.366466 0.370114 0.368508 0.353661 0.368634 0.348260 -9999.0 -9999.0 -9999.0
-9999.0 -9999.0 0.376582 0.374592 0.371236 0.368705 0.366350 0.367968 0.367444 0.371545 0.368926 0.374786 0.352529 -9999.0 -9999.0 -9999.0 -9999.0
-9999.0 -9999.0 -9999.0 -9999.0 0.363483 0.368944 0.368131 0.371020 0.367919 0.367970 0.370880 0.370365 0.368597 -9999.0 -9999.0 -9999.0 -9999.0
-9999.0 -9999.0 -9999.0 -9999.0 -9999.0 0.363453 0.357357 0.357670 0.364650 0.363481 0.368191 0.373621 0.373726 0.370956 -9999.0 -9999.0 -9999.0
-9999.0 -9999.0 -9999.0 -9999.0 -9999.0 -9999.0 0.349244 0.353492 0.368303 0.363558 0.363679 0.366194 0.368231 0.368172 0.367966 -9999.0 -9999.0
-9999.0 -9999.0 -9999.0 -9999.0 -9999.0 -9999.0 -9999.0 0.349671 0.368942 0.368873 0.354298 0.368620 0.368165 0.373889 -9999.0 -9999.0 -9999.0
-9999.0 -9999.0 -9999.0 -9999.0 -9999.0 -9999.0 -9999.0 -9999.0 0.370539 0.368938 0.349290 0.348560 0.351220 0.350749 0.364307 -9999.0 -9999.0
-9999.0 -9999.0 -9999.0 -9999.0 -9999.0 -9999.0 -9999.0 -9999.0 -9999.0 -9999.0 -9999.0 -9999.0 -9999.0 -9999.0 -9999.0 -9999.0 -9999.0