tests/3D/WG1_2.0_001/output-maps-SE27XX/thetaliqL0003N0072.asc
ncols         17
nrows         27
xllcorner     624603.750000
yllcorner     5171346.250000
cellsize      500.000000
NODATA_value  -9999.0
-9999.0 -9999.0 -9999.0 -9999.0 -9999.0 -9999.0 -9999.0 -9999.0 -9999.0 -9999.0 -9999.0 -9999.0 -9999.0 -9999.0 -9999.0 -9999.0 -9999.0
-9999.0 -9999.0 -9999.0 -9999.0 -9999.0 -9999.0 -9999.0 -9999.0 -9999.0 -9999.0 -9999.0 0.145276 0.314666 0.297150 -9999.0 -9999.0 -9999.0
-9999.0 -9999.0 -9999.0 -9999.0 -9999.0 -9999.0 -9999.0 -9999.0 -9999.0 0.124747 0.140387 0.144405 0.315553 0.302056 0.326836 -9999.0 -9999.0
-9999.0 -9999.0 -9999.0 -9999.0 -9999.0 -9999.0 -9999.0 -9999.0 0.130117 0.142991 0.192596 0.146773 0.143707 0.348975 0.302689 -9999.0 -9999.0
-9999.0 -9999.0 -9999.0 -9999.0 -9999.0 -9999.0 -9999.0 -9999.0 0.139056 0.143630 0.138722 0.151243 0.307340 0.317527 0.303855 -9999.0 -9999.0
-9999.0 -9999.0 -9999.0 -9999.0 -9999.0 -9999.0 -9999.0 0.137056 0.142695 0.149833 0.206143 0.149327 0.146821 0.301859 0.310196 -9999.0 -9999.0
-9999.0 -9999.0 -9999.0 -9999.0 -9999.0 -9999.0 0.134570 0.140660 0.206085 0.139521 0.135319 0.145089 0.147450 0.147000 0.146122 -9999.0 -9999.0
-9999.0 -9999.0 -9999.0 -9999.0 -9999.0 -9999.0 0.130313 0.139013 0.142852 0.143633 0.134052 0.135897 0.146414 0.145554 0.143283 -9999.0 -9999.0
-9999.0 -9999.0 -9999.0 -9999.0 -9999.0 -9999.0 0.141111 0.140587 0.141547 0.133257 0.142436 0.138509 0.153196 0.146169 0.144028 -9999.0 -9999.0
-9999.0 -9999.0 -9999.0 -9999.0 -9999.0 -9999.0 -9999.0 0.137777 0.140268 0.184580 0.127935 0.137849 0.144320 0.151103 0.144162 -9999.0 -9999.0
-9999.0 -9999.0 -9999.0 -9999.0 -9999.0 -9999.0 0.137044 0.128995 0.139592 0.138655 0.136821 0.139556 0.141973 0.144928 0.146439 0.145433 -9999.0
-9999.0 -9999.0 -9999.0 -9999.0 -9999.0 0.135557 0.130830 0.134290 0.137747 0.135802 0.135068 0.140230 0.138120 0.150022 0.145595 0.145783 -9999.0
-9999.0 -9999.0 -9999.0 0.129673 0.134365 0.144142 0.133129 0.136991 0.138155 0.167627 0.142206 0.135427 0.139407 0.144716 0.144715 0.141847 -9999.0
-9999.0 -9999.0 -9999.0 0.135467 0.138735 0.138357 0.128506 0.138796 0.130672 0.131505 0.134585 0.143789 0.261329 0.141370 0.302284 0.143419 -9999.0
-9999.0 -9999.0 0.134507 0.136054 0.134208 0.137415 0.138933 0.143008 0.183163 0.189819 0.154894 0.141013 0.221119 0.203447 0.136059 0.144617 -9999.0
-9999.0 0.126634 0.128347 0.137791 0.137734 0.127193 0.151085 0.196002 0.206409 0.131086 0.138037 0.142366 0.135510 0.143647 0.143915 -9999.0 -9999.0
-9999.0 0.130176 0.132649 0.144551 0.165441 0.146543 0.183445 0.189069 0.211525 0.162692 0.129434 0.139075 0.139726 0.137083 0.304858 0.321403 -9999.0
-9999.0 0.141800 0.128649 0.154006 0.189705 0.197908 0.190412 0.132071 0.206795 0.129430 0.131951 0.129683 0.142569 0.140819 0.142107 -9999.0 -9999.0
-9999.0 0.132670 0.184236 0.189616 0.146171 0.196138 0.208320 0.200676 0.164848 0.139797 0.140341 0.141249 0.137354 0.134096 -9999.0 -9999.0 -9999.0
-9999.0 -9999.0 0.193604 0.170695 0.207707 0.188657 0.140226 0.142807 0.167247 0.133337 0.140702 0.140877 0.138663 0.141908 -9999.0 -9999.0 -9999.0
-9999.0 -9999.0 0.145800 0.169461 0.166779 0.139295 0.133777 0.138018 0.139121 0.134451 0.136879 0.163250 0.141494 -9999.0 -9999.0 -9999.0 -9999.0
-9999.0 -9999.0 -9999.0 -9999.0 0.139039 0.137961 0.140455 0.129351 0.139640 0.139237 0.135309 0.136911 0.137180 -9999.0 -9999.0 -9999.0 -9999.0
-9999.0 -9999.0 -9999.0 -9999.0 -9999.0 0.138638 0.137700 0.138727 0.131813 0.139358 0.139123 0.163037 0.140385 0.137562 -9999.0 -9999.0 -9999.0
-9999.0 -9999.0 -9999.0 -9999.0 -9999.0 -9999.0 0.138655 0.138177 0.140008 0.139953 0.141120 0.139880 0.139367 0.138055 0.138967 -9999.0 -9999.0
-9999.0 -9999.0 -9999.0 -9999.0 -9999.0 -9999.0 -9999.0 0.136611 0.138155 0.138402 0.140190 0.138007 0.139643 0.128823 -9999.0 -9999.0 -9999.0
-9999.0 -9999.0 -9999.0 -9999.0 -9999.0 -9999.0 -9999.0 -9999.0 0.134706 0.138097 0.139908 0.139412 0.140227 0.141398 0.134085 -9999.0 -9999.0
-9999.0 -9999.0 -9999.0 -9999.0 -9999.0 -9999.0 -9999.0 -9999.0 -9999.0 -9999.0 -9999.0 -9999.0 -9999.0 -9999.0 -9999.0 -9999.0 -9999.0