tests/3D/WG1_2.0_001/output-maps-SE27XX/thetaliqL0002N0036.asc
ncols         17
nrows         27
xllcorner     624603.750000
yllcorner     5171346.250000
cellsize      500.000000
NODATA_value  -9999.0
-9999.0 -9999.0 -9999.0 -9999.0 -9999.0 -9999.0 -9999.0 -9999.0 -9999.0 -9999.0 -9999.0 -9999.0 -9999.0 -9999.0 -9999.0 -9999.0 -9999.0
-9999.0 -9999.0 -9999.0 -9999.0 -9999.0 -9999.0 -9999.0 -9999.0 -9999.0 -9999.0 -9999.0 0.155311 0.309357 0.295472 -9999.0 -9999.0 -9999.0
-9999.0 -9999.0 -9999.0 -9999.0 -9999.0 -9999.0 -9999.0 -9999.0 -9999.0 0.153176 0.187832 0.164908 0.309952 0.299998 0.319099 -9999.0 -9999.0
-9999.0 -9999.0 -9999.0 -9999.0 -9999.0 -9999.0 -9999.0 -9999.0 0.280301 0.159956 0.305620 0.159315 0.147739 0.340647 0.300708 -9999.0 -9999.0
-9999.0 -9999.0 -9999.0 -9999.0 -9999.0 -9999.0 -9999.0 -9999.0 0.251897 0.163810 0.153708 0.165220 0.303714 0.311386 0.301697 -9999.0 -9999.0
-9999.0 -9999.0 -9999.0 -9999.0 -9999.0 -9999.0 -9999.0 0.257897 0.157952 0.298875 0.275123 0.163301 0.158045 0.299803 0.306154 -9999.0 -9999.0
-9999.0 -9999.0 -9999.0 -9999.0 -9999.0 -9999.0 0.156555 0.155766 0.293637 0.157350 0.135027 0.157997 0.158872 0.164039 0.160720 -9999.0 -9999.0
-9999.0 -9999.0 -9999.0 -9999.0 -9999.0 -9999.0 0.250820 0.154425 0.153858 0.147740 0.156750 0.139080 0.297024 0.256893 0.149935 -9999.0 -9999.0
-9999.0 -9999.0 -9999.0 -9999.0 -9999.0 -9999.0 0.135978 0.136091 0.154298 0.248537 0.159033 0.160708 0.198342 0.158416 0.147120 -9999.0 -9999.0
-9999.0 -9999.0 -9999.0 -9999.0 -9999.0 -9999.0 -9999.0 0.167063 0.152582 0.289411 0.158281 0.155444 0.155991 0.296937 0.271401 -9999.0 -9999.0
-9999.0 -9999.0 -9999.0 -9999.0 -9999.0 -9999.0 0.170860 0.255932 0.173285 0.155825 0.156507 0.155340 0.156700 0.207382 0.162340 0.156373 -9999.0
-9999.0 -9999.0 -9999.0 -9999.0 -9999.0 0.151693 0.232847 0.252538 0.157891 0.153736 0.158655 0.155038 0.152799 0.276784 0.155791 0.157460 -9999.0
-9999.0 -9999.0 -9999.0 0.197239 0.126612 0.226124 0.234277 0.153257 0.210260 0.238290 0.158261 0.153553 0.152178 0.154000 0.162600 0.164483 -9999.0
-9999.0 -9999.0 -9999.0 0.199436 0.208597 0.171206 0.139883 0.205807 0.152109 0.147304 0.177974 0.174249 0.309364 0.155254 0.302870 0.175468 -9999.0
-9999.0 -9999.0 0.176449 0.167944 0.230537 0.141296 0.150977 0.162859 0.188146 0.175013 0.174787 0.147455 0.287174 0.285351 0.137492 0.142984 -9999.0
-9999.0 0.155066 0.147320 0.142857 0.139229 0.141392 0.162475 0.213664 0.207369 0.144434 0.144199 0.154423 0.140151 0.151649 0.143126 -9999.0 -9999.0
-9999.0 0.186120 0.142201 0.209446 0.222540 0.193587 0.220196 0.238141 0.225085 0.200948 0.142600 0.138841 0.135738 0.147721 0.303559 0.314488 -9999.0
-9999.0 0.207437 0.142465 0.198658 0.216622 0.213086 0.228877 0.148408 0.226625 0.143543 0.154325 0.146912 0.136855 0.132730 0.144467 -9999.0 -9999.0
-9999.0 0.190795 0.200678 0.219917 0.217431 0.221524 0.224327 0.180959 0.167982 0.143806 0.135162 0.240738 0.147087 0.237619 -9999.0 -9999.0 -9999.0
-9999.0 -9999.0 0.228866 0.224785 0.233688 0.182701 0.147276 0.149639 0.171141 0.143252 0.171670 0.140312 0.160516 0.140464 -9999.0 -9999.0 -9999.0
-9999.0 -9999.0 0.226708 0.214752 0.210064 0.144196 0.141974 0.142976 0.140356 0.147405 0.142326 0.254431 0.141883 -9999.0 -9999.0 -9999.0 -9999.0
-9999.0 -9999.0 -9999.0 -9999.0 0.143623 0.141847 0.146858 0.142843 0.142813 0.149353 0.148092 0.174551 0.146640 -9999.0 -9999.0 -9999.0 -9999.0
-9999.0 -9999.0 -9999.0 -9999.0 -9999.0 0.132211 0.131268 0.127452 0.142302 0.126598 0.143481 0.245431 0.249639 0.229468 -9999.0 -9999.0 -9999.0
-9999.0 -9999.0 -9999.0 -9999.0 -9999.0 -9999.0 0.129224 0.127073 0.145574 0.133162 0.134679 0.136050 0.149290 0.145762 0.145222 -9999.0 -9999.0
-9999.0 -9999.0 -9999.0 -9999.0 -9999.0 -9999.0 -9999.0 0.127102 0.139629 0.140125 0.134198 0.143368 0.143165 0.224394 -9999.0 -9999.0 -9999.0
-9999.0 -9999.0 -9999.0 -9999.0 -9999.0 -9999.0 -9999.0 -9999.0 0.137644 0.138174 0.132414 0.134263 0.133101 0.134570 0.123514 -9999.0 -9999.0
-9999.0 -9999.0 -9999.0 -9999.0 -9999.0 -9999.0 -9999.0 -9999.0 -9999.0 -9999.0 -9999.0 -9999.0 -9999.0 -9999.0 -9999.0 -9999.0 -9999.0