tests/3D/WG1_2.0_001/output-maps-SE27XX/thetaliqL0003N0016.asc
ncols         17
nrows         27
xllcorner     624603.750000
yllcorner     5171346.250000
cellsize      500.000000
NODATA_value  -9999.0
-9999.0 -9999.0 -9999.0 -9999.0 -9999.0 -9999.0 -9999.0 -9999.0 -9999.0 -9999.0 -9999.0 -9999.0 -9999.0 -9999.0 -9999.0 -9999.0 -9999.0
-9999.0 -9999.0 -9999.0 -9999.0 -9999.0 -9999.0 -9999.0 -9999.0 -9999.0 -9999.0 -9999.0 0.258552 0.319579 0.306519 -9999.0 -9999.0 -9999.0
-9999.0 -9999.0 -9999.0 -9999.0 -9999.0 -9999.0 -9999.0 -9999.0 -9999.0 0.237069 0.260197 0.250802 0.320126 0.310745 0.328881 -9999.0 -9999.0
-9999.0 -9999.0 -9999.0 -9999.0 -9999.0 -9999.0 -9999.0 -9999.0 0.257476 0.258906 0.270795 0.256869 0.257765 0.352070 0.311431 -9999.0 -9999.0
-9999.0 -9999.0 -9999.0 -9999.0 -9999.0 -9999.0 -9999.0 -9999.0 0.258658 0.254512 0.291740 0.254816 0.314143 0.321473 0.312341 -9999.0 -9999.0
-9999.0 -9999.0 -9999.0 -9999.0 -9999.0 -9999.0 -9999.0 0.253772 0.258991 0.271679 0.253164 0.252415 0.260884 0.310559 0.316554 -9999.0 -9999.0
-9999.0 -9999.0 -9999.0 -9999.0 -9999.0 -9999.0 0.251137 0.248806 0.266434 0.240474 0.296850 0.270657 0.259454 0.257359 0.250887 -9999.0 -9999.0
-9999.0 -9999.0 -9999.0 -9999.0 -9999.0 -9999.0 0.254885 0.254763 0.264617 0.242127 0.249039 0.298759 0.271705 0.260758 0.289280 -9999.0 -9999.0
-9999.0 -9999.0 -9999.0 -9999.0 -9999.0 -9999.0 0.240888 0.256646 0.258404 0.284218 0.232286 0.244499 0.252765 0.263713 0.275360 -9999.0 -9999.0
-9999.0 -9999.0 -9999.0 -9999.0 -9999.0 -9999.0 -9999.0 0.245505 0.264130 0.265569 0.248541 0.254220 0.260285 0.293368 0.262283 -9999.0 -9999.0
-9999.0 -9999.0 -9999.0 -9999.0 -9999.0 -9999.0 0.244901 0.255356 0.253363 0.243884 0.246724 0.249053 0.276763 0.263063 0.253231 0.263596 -9999.0
-9999.0 -9999.0 -9999.0 -9999.0 -9999.0 0.241819 0.252380 0.252921 0.238565 0.254203 0.247240 0.249130 0.286341 0.255577 0.259693 0.252921 -9999.0
-9999.0 -9999.0 -9999.0 0.236636 0.272965 0.252688 0.252781 0.238855 0.245307 0.242659 0.246901 0.257637 0.286856 0.232592 0.251861 0.262455 -9999.0
-9999.0 -9999.0 -9999.0 0.238457 0.254324 0.242701 0.253021 0.243805 0.254821 0.269401 0.255208 0.233785 0.272913 0.266334 0.309961 0.254415 -9999.0
-9999.0 -9999.0 0.238668 0.245417 0.244947 0.269828 0.243551 0.245182 0.255129 0.243965 0.246633 0.248739 0.251568 0.259127 0.276763 0.252706 -9999.0
-9999.0 0.239695 0.243430 0.236820 0.256200 0.255449 0.236861 0.245124 0.253199 0.269511 0.264879 0.242810 0.295144 0.251142 0.244245 -9999.0 -9999.0
-9999.0 0.246206 0.242621 0.255251 0.260859 0.252052 0.263204 0.263657 0.244900 0.260025 0.280955 0.274393 0.267052 0.261732 0.312850 0.324427 -9999.0
-9999.0 0.245725 0.273041 0.253433 0.258334 0.248863 0.252627 0.265312 0.254094 0.267279 0.257285 0.248978 0.250657 0.252781 0.233735 -9999.0 -9999.0
-9999.0 0.254672 0.237488 0.250338 0.256997 0.249981 0.248258 0.255534 0.262416 0.261118 0.249635 0.250027 0.261497 0.250602 -9999.0 -9999.0 -9999.0
-9999.0 -9999.0 0.262443 0.261841 0.253142 0.259024 0.272798 0.264386 0.245397 0.266693 0.238640 0.261588 0.248344 0.251750 -9999.0 -9999.0 -9999.0
-9999.0 -9999.0 0.257137 0.255799 0.271031 0.263396 0.266270 0.269910 0.257639 0.247486 0.257281 0.257446 0.247633 -9999.0 -9999.0 -9999.0 -9999.0
-9999.0 -9999.0 -9999.0 -9999.0 0.255154 0.256640 0.240487 0.254619 0.249654 0.242064 0.245589 0.255024 0.255819 -9999.0 -9999.0 -9999.0 -9999.0
-9999.0 -9999.0 -9999.0 -9999.0 -9999.0 0.254590 0.255128 0.235715 0.240896 0.245951 0.244236 0.270260 0.253624 0.249543 -9999.0 -9999.0 -9999.0
-9999.0 -9999.0 -9999.0 -9999.0 -9999.0 -9999.0 0.247879 0.246669 0.245945 0.233714 0.236621 0.240157 0.247531 0.251917 0.248904 -9999.0 -9999.0
-9999.0 -9999.0 -9999.0 -9999.0 -9999.0 -9999.0 -9999.0 0.245578 0.252396 0.252477 0.253864 0.235101 0.227901 0.249074 -9999.0 -9999.0 -9999.0
-9999.0 -9999.0 -9999.0 -9999.0 -9999.0 -9999.0 -9999.0 -9999.0 0.246729 0.252573 0.252892 0.252552 0.247928 0.237319 0.251654 -9999.0 -9999.0
-9999.0 -9999.0 -9999.0 -9999.0 -9999.0 -9999.0 -9999.0 -9999.0 -9999.0 -9999.0 -9999.0 -9999.0 -9999.0 -9999.0 -9999.0 -9999.0 -9999.0