tests/3D/WG1_2.0_001/output-maps-SE27XX/thetaliqL0001N0035.asc
ncols         17
nrows         27
xllcorner     624603.750000
yllcorner     5171346.250000
cellsize      500.000000
NODATA_value  -9999.0
-9999.0 -9999.0 -9999.0 -9999.0 -9999.0 -9999.0 -9999.0 -9999.0 -9999.0 -9999.0 -9999.0 -9999.0 -9999.0 -9999.0 -9999.0 -9999.0 -9999.0
-9999.0 -9999.0 -9999.0 -9999.0 -9999.0 -9999.0 -9999.0 -9999.0 -9999.0 -9999.0 -9999.0 0.151774 0.219688 0.218940 -9999.0 -9999.0 -9999.0
-9999.0 -9999.0 -9999.0 -9999.0 -9999.0 -9999.0 -9999.0 -9999.0 -9999.0 0.146850 0.185401 0.161377 0.219717 0.219210 0.220097 -9999.0 -9999.0
-9999.0 -9999.0 -9999.0 -9999.0 -9999.0 -9999.0 -9999.0 -9999.0 0.184002 0.152584 0.184679 0.153234 0.142609 0.220787 0.219250 -9999.0 -9999.0
-9999.0 -9999.0 -9999.0 -9999.0 -9999.0 -9999.0 -9999.0 -9999.0 0.189236 0.166291 0.143987 0.160936 0.219410 0.219783 0.219304 -9999.0 -9999.0
-9999.0 -9999.0 -9999.0 -9999.0 -9999.0 -9999.0 -9999.0 0.184514 0.149851 0.186628 0.198366 0.158309 0.150318 0.219199 0.219534 -9999.0 -9999.0
-9999.0 -9999.0 -9999.0 -9999.0 -9999.0 -9999.0 0.148973 0.148653 0.179443 0.152272 0.130628 0.149177 0.151247 0.160673 0.157921 -9999.0 -9999.0
-9999.0 -9999.0 -9999.0 -9999.0 -9999.0 -9999.0 0.185979 0.146826 0.145382 0.140955 0.150059 0.131417 0.180822 0.192733 0.143981 -9999.0 -9999.0
-9999.0 -9999.0 -9999.0 -9999.0 -9999.0 -9999.0 0.132439 0.132405 0.144575 0.186497 0.153867 0.154134 0.191974 0.150891 0.142139 -9999.0 -9999.0
-9999.0 -9999.0 -9999.0 -9999.0 -9999.0 -9999.0 -9999.0 0.165592 0.142449 0.179906 0.153263 0.146300 0.148540 0.181416 0.198011 -9999.0 -9999.0
-9999.0 -9999.0 -9999.0 -9999.0 -9999.0 -9999.0 0.162301 0.183590 0.171005 0.148754 0.148766 0.145641 0.147689 0.191962 0.156633 0.148374 -9999.0
-9999.0 -9999.0 -9999.0 -9999.0 -9999.0 0.142477 0.171132 0.186854 0.153120 0.144252 0.154539 0.145345 0.141911 0.194948 0.150870 0.150846 -9999.0
-9999.0 -9999.0 -9999.0 0.149893 0.125255 0.152011 0.160192 0.144856 0.184472 0.186297 0.151140 0.143192 0.140225 0.147823 0.161584 0.158781 -9999.0
-9999.0 -9999.0 -9999.0 0.152168 0.150729 0.157691 0.133326 0.168755 0.140385 0.140452 0.160940 0.166971 0.189932 0.145881 0.219386 0.175373 -9999.0
-9999.0 -9999.0 0.150352 0.149503 0.160976 0.134006 0.140863 0.150754 0.156498 0.167088 0.161340 0.140709 0.190416 0.190440 0.131651 0.139427 -9999.0
-9999.0 0.145644 0.143596 0.134528 0.133254 0.134738 0.149544 0.155710 0.158713 0.138006 0.136001 0.145348 0.132777 0.145284 0.139280 -9999.0 -9999.0
-9999.0 0.149194 0.135381 0.152519 0.154172 0.154911 0.153728 0.155735 0.158941 0.154866 0.135291 0.132485 0.132581 0.136558 0.219405 0.219918 -9999.0
-9999.0 0.152937 0.137092 0.151562 0.153594 0.153783 0.153516 0.140873 0.156881 0.137421 0.147344 0.135339 0.133435 0.129627 0.139285 -9999.0 -9999.0
-9999.0 0.152585 0.153903 0.153481 0.157172 0.154476 0.158356 0.155256 0.152888 0.135907 0.131877 0.169703 0.135422 0.165675 -9999.0 -9999.0 -9999.0
-9999.0 -9999.0 0.153644 0.154462 0.154823 0.154160 0.140867 0.144206 0.153716 0.135860 0.158375 0.136499 0.151727 0.137044 -9999.0 -9999.0 -9999.0
-9999.0 -9999.0 0.153659 0.152881 0.153471 0.137092 0.134134 0.135332 0.134995 0.137251 0.134882 0.154770 0.137928 -9999.0 -9999.0 -9999.0 -9999.0
-9999.0 -9999.0 -9999.0 -9999.0 0.137415 0.134816 0.135289 0.138041 0.135408 0.138920 0.136158 0.153365 0.135025 -9999.0 -9999.0 -9999.0 -9999.0
-9999.0 -9999.0 -9999.0 -9999.0 -9999.0 0.130089 0.129508 0.125614 0.135564 0.124458 0.134866 0.152293 0.159100 0.167287 -9999.0 -9999.0 -9999.0
-9999.0 -9999.0 -9999.0 -9999.0 -9999.0 -9999.0 0.126220 0.125074 0.134547 0.130001 0.129974 0.131819 0.139333 0.134129 0.134917 -9999.0 -9999.0
-9999.0 -9999.0 -9999.0 -9999.0 -9999.0 -9999.0 -9999.0 0.124191 0.133255 0.133384 0.131056 0.133660 0.134897 0.153787 -9999.0 -9999.0 -9999.0
-9999.0 -9999.0 -9999.0 -9999.0 -9999.0 -9999.0 -9999.0 -9999.0 0.131277 0.132660 0.129621 0.131371 0.130240 0.131563 0.121888 -9999.0 -9999.0
-9999.0 -9999.0 -9999.0 -9999.0 -9999.0 -9999.0 -9999.0 -9999.0 -9999.0 -9999.0 -9999.0 -9999.0 -9999.0 -9999.0 -9999.0 -9999.0 -9999.0