tests/3D/WG1_2.0_001/output-maps-SE27XX/thetaliqL0002N0004.asc
ncols         17
nrows         27
xllcorner     624603.750000
yllcorner     5171346.250000
cellsize      500.000000
NODATA_value  -9999.0
-9999.0 -9999.0 -9999.0 -9999.0 -9999.0 -9999.0 -9999.0 -9999.0 -9999.0 -9999.0 -9999.0 -9999.0 -9999.0 -9999.0 -9999.0 -9999.0 -9999.0
-9999.0 -9999.0 -9999.0 -9999.0 -9999.0 -9999.0 -9999.0 -9999.0 -9999.0 -9999.0 -9999.0 0.299630 0.317995 0.305729 -9999.0 -9999.0 -9999.0
-9999.0 -9999.0 -9999.0 -9999.0 -9999.0 -9999.0 -9999.0 -9999.0 -9999.0 0.333505 0.317101 0.300534 0.318525 0.309680 0.326823 -9999.0 -9999.0
-9999.0 -9999.0 -9999.0 -9999.0 -9999.0 -9999.0 -9999.0 -9999.0 0.315415 0.309052 0.313427 0.302349 0.313770 0.350454 0.310325 -9999.0 -9999.0
-9999.0 -9999.0 -9999.0 -9999.0 -9999.0 -9999.0 -9999.0 -9999.0 0.310258 0.302369 0.335479 0.300433 0.312847 0.319803 0.311180 -9999.0 -9999.0
-9999.0 -9999.0 -9999.0 -9999.0 -9999.0 -9999.0 -9999.0 0.306605 0.307923 0.315530 0.300872 0.299714 0.305091 0.309506 0.315130 -9999.0 -9999.0
-9999.0 -9999.0 -9999.0 -9999.0 -9999.0 -9999.0 0.324012 0.303546 0.312919 0.315888 0.352722 0.318311 0.305063 0.300407 0.300163 -9999.0 -9999.0
-9999.0 -9999.0 -9999.0 -9999.0 -9999.0 -9999.0 0.310591 0.312554 0.314716 0.314876 0.320057 0.350847 0.314193 0.303461 0.340165 -9999.0 -9999.0
-9999.0 -9999.0 -9999.0 -9999.0 -9999.0 -9999.0 0.317419 0.321495 0.309076 0.326690 0.300366 0.299162 0.300714 0.308449 0.329480 -9999.0 -9999.0
-9999.0 -9999.0 -9999.0 -9999.0 -9999.0 -9999.0 -9999.0 0.303227 0.315234 0.313350 0.322510 0.313084 0.307806 0.343813 0.307558 -9999.0 -9999.0
-9999.0 -9999.0 -9999.0 -9999.0 -9999.0 -9999.0 0.305575 0.312699 0.305596 0.304091 0.312586 0.314657 0.321750 0.308449 0.300287 0.307604 -9999.0
-9999.0 -9999.0 -9999.0 -9999.0 -9999.0 0.311328 0.309314 0.307859 0.296665 0.310800 0.308242 0.311435 0.329770 0.303265 0.312735 0.299878 -9999.0
-9999.0 -9999.0 -9999.0 0.313449 0.345690 0.315391 0.311028 0.298201 0.299883 0.295162 0.301640 0.320027 0.329504 0.293724 0.300445 0.309935 -9999.0
-9999.0 -9999.0 -9999.0 0.307058 0.318518 0.301570 0.315678 0.299722 0.309998 0.319009 0.309157 0.300146 0.317326 0.313607 0.308980 0.302417 -9999.0
-9999.0 -9999.0 0.308227 0.307553 0.303661 0.325378 0.302020 0.302675 0.305733 0.299681 0.301712 0.317860 0.304789 0.308569 0.348140 0.311250 -9999.0
-9999.0 0.312934 0.315850 0.308140 0.320303 0.317865 0.297526 0.299732 0.304920 0.328999 0.321362 0.298866 0.349463 0.305525 0.304289 -9999.0 -9999.0
-9999.0 0.309998 0.311075 0.309096 0.310787 0.309515 0.314597 0.315678 0.299024 0.314511 0.334733 0.325340 0.325853 0.324128 0.311653 0.322615 -9999.0
-9999.0 0.304577 0.323978 0.313927 0.311751 0.301609 0.309595 0.314002 0.308438 0.325967 0.312109 0.312607 0.311353 0.315670 0.301994 -9999.0 -9999.0
-9999.0 0.312572 0.300218 0.307790 0.305208 0.304295 0.305118 0.311387 0.313716 0.314214 0.320711 0.305479 0.317784 0.309684 -9999.0 -9999.0 -9999.0
-9999.0 -9999.0 0.312320 0.306115 0.308541 0.315634 0.322660 0.318634 0.301658 0.319683 0.296556 0.317130 0.304605 0.313940 -9999.0 -9999.0 -9999.0
-9999.0 -9999.0 0.307750 0.308422 0.323166 0.316607 0.333380 0.323560 0.318474 0.310881 0.318774 0.311189 0.306670 -9999.0 -9999.0 -9999.0 -9999.0
-9999.0 -9999.0 -9999.0 -9999.0 0.312826 0.313854 0.304308 0.316314 0.316829 0.302362 0.310332 0.310025 0.313662 -9999.0 -9999.0 -9999.0 -9999.0
-9999.0 -9999.0 -9999.0 -9999.0 -9999.0 0.323097 0.315848 0.313132 0.309354 0.326053 0.313984 0.325582 0.309251 0.308707 -9999.0 -9999.0 -9999.0
-9999.0 -9999.0 -9999.0 -9999.0 -9999.0 -9999.0 0.316148 0.314145 0.307364 0.309269 0.311904 0.314208 0.306372 0.314281 0.314988 -9999.0 -9999.0
-9999.0 -9999.0 -9999.0 -9999.0 -9999.0 -9999.0 -9999.0 0.327238 0.314431 0.315359 0.312367 0.310484 0.305157 0.311005 -9999.0 -9999.0 -9999.0
-9999.0 -9999.0 -9999.0 -9999.0 -9999.0 -9999.0 -9999.0 -9999.0 0.327393 0.318764 0.317534 0.316019 0.311438 0.306361 0.339102 -9999.0 -9999.0
-9999.0 -9999.0 -9999.0 -9999.0 -9999.0 -9999.0 -9999.0 -9999.0 -9999.0 -9999.0 -9999.0 -9999.0 -9999.0 -9999.0 -9999.0 -9999.0 -9999.0