tests/3D/WG1_2.0_001/output-maps-SE27XX/thetaliqL0002N0086.asc
ncols         17
nrows         27
xllcorner     624603.750000
yllcorner     5171346.250000
cellsize      500.000000
NODATA_value  -9999.0
-9999.0 -9999.0 -9999.0 -9999.0 -9999.0 -9999.0 -9999.0 -9999.0 -9999.0 -9999.0 -9999.0 -9999.0 -9999.0 -9999.0 -9999.0 -9999.0 -9999.0
-9999.0 -9999.0 -9999.0 -9999.0 -9999.0 -9999.0 -9999.0 -9999.0 -9999.0 -9999.0 -9999.0 0.138300 0.251162 0.258674 -9999.0 -9999.0 -9999.0
-9999.0 -9999.0 -9999.0 -9999.0 -9999.0 -9999.0 -9999.0 -9999.0 -9999.0 0.125667 0.135275 0.137754 0.250856 0.255719 0.248134 -9999.0 -9999.0
-9999.0 -9999.0 -9999.0 -9999.0 -9999.0 -9999.0 -9999.0 -9999.0 0.130392 0.137928 0.131989 0.139586 0.138560 0.244659 0.255312 -9999.0 -9999.0
-9999.0 -9999.0 -9999.0 -9999.0 -9999.0 -9999.0 -9999.0 -9999.0 0.133178 0.136609 0.134551 0.138569 0.253670 0.250286 0.254720 -9999.0 -9999.0
-9999.0 -9999.0 -9999.0 -9999.0 -9999.0 -9999.0 -9999.0 0.131751 0.136785 0.131839 0.136926 0.137672 0.139148 0.255834 0.252542 -9999.0 -9999.0
-9999.0 -9999.0 -9999.0 -9999.0 -9999.0 -9999.0 0.132224 0.135379 0.129768 0.134646 0.132265 0.137564 0.138969 0.137282 0.138531 -9999.0 -9999.0
-9999.0 -9999.0 -9999.0 -9999.0 -9999.0 -9999.0 0.127697 0.134242 0.136111 0.136648 0.130827 0.132922 0.131785 0.136435 0.136711 -9999.0 -9999.0
-9999.0 -9999.0 -9999.0 -9999.0 -9999.0 -9999.0 0.134280 0.134077 0.135947 0.131662 0.136029 0.132575 0.136272 0.138996 0.137037 -9999.0 -9999.0
-9999.0 -9999.0 -9999.0 -9999.0 -9999.0 -9999.0 -9999.0 0.132632 0.134927 0.131296 0.129315 0.133361 0.137012 0.128523 0.134262 -9999.0 -9999.0
-9999.0 -9999.0 -9999.0 -9999.0 -9999.0 -9999.0 0.131456 0.128242 0.134322 0.134264 0.133011 0.134635 0.135858 0.136406 0.137290 0.138496 -9999.0
-9999.0 -9999.0 -9999.0 -9999.0 -9999.0 0.131296 0.127008 0.128768 0.132286 0.133121 0.130583 0.135193 0.134714 0.133963 0.137682 0.138800 -9999.0
-9999.0 -9999.0 -9999.0 0.124718 0.129580 0.123244 0.128466 0.131254 0.128732 0.132981 0.135435 0.132647 0.134294 0.137015 0.135827 0.136184 -9999.0
-9999.0 -9999.0 -9999.0 0.128769 0.123128 0.131921 0.125688 0.128562 0.128791 0.125452 0.128247 0.134171 0.129031 0.135431 0.254928 0.136213 -9999.0
-9999.0 -9999.0 0.128793 0.130107 0.127572 0.131570 0.132743 0.128182 0.129222 0.131372 0.134607 0.134183 0.130526 0.131008 0.131732 0.136510 -9999.0
-9999.0 0.120480 0.121898 0.131379 0.131183 0.122522 0.132621 0.130263 0.129643 0.127526 0.132867 0.134547 0.131953 0.135768 0.136757 -9999.0 -9999.0
-9999.0 0.120272 0.126399 0.120908 0.123532 0.123791 0.125577 0.125554 0.134057 0.125737 0.126806 0.133073 0.133272 0.131888 0.254175 0.249190 -9999.0
-9999.0 0.124426 0.121458 0.121813 0.122815 0.124550 0.122550 0.126396 0.129919 0.127197 0.127211 0.126555 0.134469 0.134844 0.135645 -9999.0 -9999.0
-9999.0 0.119687 0.128246 0.122300 0.123695 0.124912 0.130824 0.131046 0.131982 0.132501 0.133478 0.132412 0.131409 0.129339 -9999.0 -9999.0 -9999.0
-9999.0 -9999.0 0.122682 0.120033 0.127858 0.129247 0.129998 0.130935 0.133474 0.128834 0.131387 0.133133 0.132881 0.134312 -9999.0 -9999.0 -9999.0
-9999.0 -9999.0 0.120547 0.120453 0.127228 0.130668 0.129945 0.131746 0.132737 0.128252 0.131019 0.127177 0.134253 -9999.0 -9999.0 -9999.0 -9999.0
-9999.0 -9999.0 -9999.0 -9999.0 0.130583 0.131141 0.132434 0.125044 0.132237 0.133309 0.129276 0.130939 0.132210 -9999.0 -9999.0 -9999.0 -9999.0
-9999.0 -9999.0 -9999.0 -9999.0 -9999.0 0.131000 0.130682 0.131954 0.128236 0.132121 0.132472 0.126546 0.128869 0.130481 -9999.0 -9999.0 -9999.0
-9999.0 -9999.0 -9999.0 -9999.0 -9999.0 -9999.0 0.131742 0.131769 0.132475 0.132711 0.133332 0.134069 0.133061 0.133276 0.133251 -9999.0 -9999.0
-9999.0 -9999.0 -9999.0 -9999.0 -9999.0 -9999.0 -9999.0 0.129971 0.131756 0.132293 0.132924 0.132835 0.133217 0.127028 -9999.0 -9999.0 -9999.0
-9999.0 -9999.0 -9999.0 -9999.0 -9999.0 -9999.0 -9999.0 -9999.0 0.130352 0.132281 0.132659 0.133096 0.134081 0.134674 0.129673 -9999.0 -9999.0
-9999.0 -9999.0 -9999.0 -9999.0 -9999.0 -9999.0 -9999.0 -9999.0 -9999.0 -9999.0 -9999.0 -9999.0 -9999.0 -9999.0 -9999.0 -9999.0 -9999.0