tests/3D/WG1_2.0_001/output-maps-SE27XX/thetaiceL0002N0061.asc
ncols         17
nrows         27
xllcorner     624603.750000
yllcorner     5171346.250000
cellsize      500.000000
NODATA_value  -9999.0
-9999.0 -9999.0 -9999.0 -9999.0 -9999.0 -9999.0 -9999.0 -9999.0 -9999.0 -9999.0 -9999.0 -9999.0 -9999.0 -9999.0 -9999.0 -9999.0 -9999.0
-9999.0 -9999.0 -9999.0 -9999.0 -9999.0 -9999.0 -9999.0 -9999.0 -9999.0 -9999.0 -9999.0 0.363678 0.166854 0.158713 -9999.0 -9999.0 -9999.0
-9999.0 -9999.0 -9999.0 -9999.0 -9999.0 -9999.0 -9999.0 -9999.0 -9999.0 0.359638 0.364285 0.362819 0.167272 0.161566 0.171398 -9999.0 -9999.0
-9999.0 -9999.0 -9999.0 -9999.0 -9999.0 -9999.0 -9999.0 -9999.0 0.349544 0.364773 0.327704 0.362095 0.353685 0.178946 0.161991 -9999.0 -9999.0
-9999.0 -9999.0 -9999.0 -9999.0 -9999.0 -9999.0 -9999.0 -9999.0 0.365330 0.362286 0.364226 0.350259 0.163750 0.168067 0.162614 -9999.0 -9999.0
-9999.0 -9999.0 -9999.0 -9999.0 -9999.0 -9999.0 -9999.0 0.363180 0.364718 0.333880 0.337318 0.352516 0.360955 0.161448 0.165092 -9999.0 -9999.0
-9999.0 -9999.0 -9999.0 -9999.0 -9999.0 -9999.0 0.366211 0.366505 0.327396 0.361279 0.369164 0.359567 0.358523 0.359688 0.362125 -9999.0 -9999.0
-9999.0 -9999.0 -9999.0 -9999.0 -9999.0 -9999.0 0.340222 0.367696 0.358365 0.361952 0.355710 0.368597 0.330626 0.357975 0.362486 -9999.0 -9999.0
-9999.0 -9999.0 -9999.0 -9999.0 -9999.0 -9999.0 0.346561 0.350009 0.366384 0.364548 0.364926 0.360962 0.345512 0.360822 0.354638 -9999.0 -9999.0
-9999.0 -9999.0 -9999.0 -9999.0 -9999.0 -9999.0 -9999.0 0.365847 0.366527 0.335295 0.362121 0.359947 0.362902 0.337631 0.355534 -9999.0 -9999.0
-9999.0 -9999.0 -9999.0 -9999.0 -9999.0 -9999.0 0.360426 0.341056 0.365003 0.365774 0.360208 0.365958 0.362775 0.356109 0.358259 0.361817 -9999.0
-9999.0 -9999.0 -9999.0 -9999.0 -9999.0 0.358497 0.358378 0.350445 0.359817 0.365149 0.357138 0.365793 0.366466 0.344885 0.356685 0.363363 -9999.0
-9999.0 -9999.0 -9999.0 0.346939 0.366604 0.320761 0.361590 0.356566 0.339583 0.338211 0.363608 0.362421 0.366876 0.359765 0.360725 0.361052 -9999.0
-9999.0 -9999.0 -9999.0 0.352974 0.323048 0.362028 0.357864 0.340393 0.357767 0.350882 0.339989 0.354084 0.175364 0.360837 0.162505 0.362697 -9999.0
-9999.0 -9999.0 0.350094 0.355680 0.356698 0.366527 0.363831 0.337831 0.336742 0.336845 0.346060 0.363373 0.321969 0.322324 0.365693 0.350208 -9999.0
-9999.0 0.355158 0.355460 0.364969 0.364639 0.357660 0.341639 0.335837 0.335864 0.345778 0.366287 0.362626 0.368425 0.354113 0.351471 -9999.0 -9999.0
-9999.0 0.345640 0.351216 0.341485 0.341323 0.345017 0.346555 0.346155 0.339157 0.342788 0.362351 0.355720 0.352604 0.366377 0.163217 0.169680 -9999.0
-9999.0 0.340630 0.347411 0.347886 0.341526 0.319471 0.289239 0.348597 0.342801 0.350559 0.342654 0.352518 0.348425 0.353353 0.354790 -9999.0 -9999.0
-9999.0 0.344451 0.344234 0.341015 0.348085 0.323226 0.344904 0.346169 0.344204 0.363775 0.356140 0.353980 0.365587 0.359235 -9999.0 -9999.0 -9999.0
-9999.0 -9999.0 0.342254 0.347284 0.345777 0.346964 0.346656 0.346094 0.342670 0.359337 0.353405 0.351310 0.364418 0.346578 -9999.0 -9999.0 -9999.0
-9999.0 -9999.0 0.353109 0.337747 0.347177 0.354019 0.362638 0.366216 0.361669 0.354716 0.363771 0.307828 0.348870 -9999.0 -9999.0 -9999.0 -9999.0
-9999.0 -9999.0 -9999.0 -9999.0 0.355051 0.366189 0.365770 0.352449 0.364741 0.364470 0.361461 0.362089 0.366490 -9999.0 -9999.0 -9999.0 -9999.0
-9999.0 -9999.0 -9999.0 -9999.0 -9999.0 0.360218 0.353830 0.353576 0.348570 0.357672 0.364511 0.327449 0.325718 0.358569 -9999.0 -9999.0 -9999.0
-9999.0 -9999.0 -9999.0 -9999.0 -9999.0 -9999.0 0.347054 0.350034 0.366112 0.358967 0.358375 0.362070 0.366204 0.366222 0.367031 -9999.0 -9999.0
-9999.0 -9999.0 -9999.0 -9999.0 -9999.0 -9999.0 -9999.0 0.348143 0.366394 0.365836 0.350968 0.365598 0.365965 0.356372 -9999.0 -9999.0 -9999.0
-9999.0 -9999.0 -9999.0 -9999.0 -9999.0 -9999.0 -9999.0 -9999.0 0.364699 0.366418 0.347585 0.347065 0.348218 0.346269 0.357395 -9999.0 -9999.0
-9999.0 -9999.0 -9999.0 -9999.0 -9999.0 -9999.0 -9999.0 -9999.0 -9999.0 -9999.0 -9999.0 -9999.0 -9999.0 -9999.0 -9999.0 -9999.0 -9999.0