tests/3D/WG1_2.0_001/output-maps-SE27XX/thetaiceL0001N0080.asc
ncols         17
nrows         27
xllcorner     624603.750000
yllcorner     5171346.250000
cellsize      500.000000
NODATA_value  -9999.0
-9999.0 -9999.0 -9999.0 -9999.0 -9999.0 -9999.0 -9999.0 -9999.0 -9999.0 -9999.0 -9999.0 -9999.0 -9999.0 -9999.0 -9999.0 -9999.0 -9999.0
-9999.0 -9999.0 -9999.0 -9999.0 -9999.0 -9999.0 -9999.0 -9999.0 -9999.0 -9999.0 -9999.0 0.371745 0.281787 0.280956 -9999.0 -9999.0 -9999.0
-9999.0 -9999.0 -9999.0 -9999.0 -9999.0 -9999.0 -9999.0 -9999.0 -9999.0 0.383082 0.375226 0.372798 0.281823 0.281265 0.282188 -9999.0 -9999.0
-9999.0 -9999.0 -9999.0 -9999.0 -9999.0 -9999.0 -9999.0 -9999.0 0.381110 0.371904 0.381712 0.370668 0.371844 0.282531 0.281308 -9999.0 -9999.0
-9999.0 -9999.0 -9999.0 -9999.0 -9999.0 -9999.0 -9999.0 -9999.0 0.377449 0.372823 0.374479 0.370833 0.281492 0.281895 0.281372 -9999.0 -9999.0
-9999.0 -9999.0 -9999.0 -9999.0 -9999.0 -9999.0 -9999.0 0.379533 0.372418 0.380462 0.371182 0.372208 0.370676 0.281252 0.281621 -9999.0 -9999.0
-9999.0 -9999.0 -9999.0 -9999.0 -9999.0 -9999.0 0.378214 0.373719 0.381945 0.375181 0.374378 0.371235 0.370338 0.373818 0.372685 -9999.0 -9999.0
-9999.0 -9999.0 -9999.0 -9999.0 -9999.0 -9999.0 0.382615 0.374077 0.372103 0.371161 0.379284 0.374355 0.380916 0.374939 0.371603 -9999.0 -9999.0
-9999.0 -9999.0 -9999.0 -9999.0 -9999.0 -9999.0 0.373823 0.373391 0.372470 0.378174 0.373530 0.378252 0.374236 0.370690 0.371644 -9999.0 -9999.0
-9999.0 -9999.0 -9999.0 -9999.0 -9999.0 -9999.0 -9999.0 0.376705 0.372994 0.378362 0.380367 0.375529 0.371347 0.382123 0.376791 -9999.0 -9999.0
-9999.0 -9999.0 -9999.0 -9999.0 -9999.0 -9999.0 0.378429 0.382488 0.375018 0.374562 0.378122 0.374702 0.372184 0.373028 0.372748 0.371215 -9999.0
-9999.0 -9999.0 -9999.0 -9999.0 -9999.0 0.378649 0.382170 0.381497 0.377283 0.375953 0.380007 0.372970 0.373670 0.377045 0.371455 0.371286 -9999.0
-9999.0 -9999.0 -9999.0 0.384533 0.377156 0.384401 0.380304 0.377194 0.380949 0.375770 0.373432 0.376966 0.373202 0.371647 0.374680 0.373634 -9999.0
-9999.0 -9999.0 -9999.0 0.379310 0.384853 0.376727 0.381345 0.379899 0.381456 0.381255 0.380507 0.374855 0.381974 0.373879 0.281344 0.373481 -9999.0
-9999.0 -9999.0 0.379947 0.378913 0.381008 0.375855 0.375865 0.380889 0.378309 0.378125 0.372445 0.373198 0.378235 0.381840 0.375289 0.372427 -9999.0
-9999.0 0.384377 0.385161 0.376485 0.376009 0.382700 0.376343 0.378208 0.377763 0.380386 0.374672 0.373364 0.375779 0.373031 0.372712 -9999.0 -9999.0
-9999.0 0.384581 0.381030 0.384209 0.384323 0.383517 0.381858 0.381313 0.373051 0.382151 0.381066 0.374858 0.374443 0.376612 0.281433 0.282037 -9999.0
-9999.0 0.383931 0.384187 0.383054 0.382353 0.382412 0.380980 0.382440 0.377110 0.380577 0.382576 0.381736 0.373995 0.374364 0.373846 -9999.0 -9999.0
-9999.0 0.384016 0.378314 0.382977 0.383121 0.381851 0.375648 0.376525 0.375323 0.374871 0.374764 0.376118 0.377085 0.381771 -9999.0 -9999.0 -9999.0
-9999.0 -9999.0 0.382843 0.383055 0.378519 0.378321 0.377809 0.377201 0.374195 0.378945 0.378155 0.374476 0.376652 0.374399 -9999.0 -9999.0 -9999.0
-9999.0 -9999.0 0.383391 0.382332 0.379458 0.376502 0.377953 0.375894 0.375404 0.380676 0.377388 0.385100 0.374709 -9999.0 -9999.0 -9999.0 -9999.0
-9999.0 -9999.0 -9999.0 -9999.0 0.376379 0.376299 0.375237 0.383882 0.375514 0.375959 0.379869 0.379000 0.376419 -9999.0 -9999.0 -9999.0 -9999.0
-9999.0 -9999.0 -9999.0 -9999.0 -9999.0 0.376138 0.376592 0.376117 0.382428 0.375437 0.375856 0.383051 0.384244 0.379434 -9999.0 -9999.0 -9999.0
-9999.0 -9999.0 -9999.0 -9999.0 -9999.0 -9999.0 0.376258 0.376482 0.375495 0.375425 0.374885 0.375237 0.375523 0.375907 0.375408 -9999.0 -9999.0
-9999.0 -9999.0 -9999.0 -9999.0 -9999.0 -9999.0 -9999.0 0.377276 0.376211 0.376313 0.375270 0.376653 0.375480 0.383806 -9999.0 -9999.0 -9999.0
-9999.0 -9999.0 -9999.0 -9999.0 -9999.0 -9999.0 -9999.0 -9999.0 0.378306 0.376512 0.375451 0.375778 0.375491 0.375186 0.379901 -9999.0 -9999.0
-9999.0 -9999.0 -9999.0 -9999.0 -9999.0 -9999.0 -9999.0 -9999.0 -9999.0 -9999.0 -9999.0 -9999.0 -9999.0 -9999.0 -9999.0 -9999.0 -9999.0