tests/3D/WG1_2.0_001/output-maps-SE27XX/thetaliqL0003N0052.asc
ncols         17
nrows         27
xllcorner     624603.750000
yllcorner     5171346.250000
cellsize      500.000000
NODATA_value  -9999.0
-9999.0 -9999.0 -9999.0 -9999.0 -9999.0 -9999.0 -9999.0 -9999.0 -9999.0 -9999.0 -9999.0 -9999.0 -9999.0 -9999.0 -9999.0 -9999.0 -9999.0
-9999.0 -9999.0 -9999.0 -9999.0 -9999.0 -9999.0 -9999.0 -9999.0 -9999.0 -9999.0 -9999.0 0.140498 0.313352 0.299146 -9999.0 -9999.0 -9999.0
-9999.0 -9999.0 -9999.0 -9999.0 -9999.0 -9999.0 -9999.0 -9999.0 -9999.0 0.132205 0.177902 0.187026 0.313971 0.303812 0.323173 -9999.0 -9999.0
-9999.0 -9999.0 -9999.0 -9999.0 -9999.0 -9999.0 -9999.0 -9999.0 0.194131 0.140949 0.259620 0.152025 0.135243 0.344212 0.304496 -9999.0 -9999.0
-9999.0 -9999.0 -9999.0 -9999.0 -9999.0 -9999.0 -9999.0 -9999.0 0.194196 0.184132 0.211752 0.214152 0.307839 0.315440 0.305550 -9999.0 -9999.0
-9999.0 -9999.0 -9999.0 -9999.0 -9999.0 -9999.0 -9999.0 0.180633 0.161291 0.240088 0.238219 0.209594 0.158175 0.303616 0.310097 -9999.0 -9999.0
-9999.0 -9999.0 -9999.0 -9999.0 -9999.0 -9999.0 0.130238 0.143413 0.267866 0.131613 0.132760 0.147938 0.157712 0.194644 0.182275 -9999.0 -9999.0
-9999.0 -9999.0 -9999.0 -9999.0 -9999.0 -9999.0 0.209368 0.135261 0.138304 0.137249 0.134232 0.132854 0.236048 0.219022 0.138672 -9999.0 -9999.0
-9999.0 -9999.0 -9999.0 -9999.0 -9999.0 -9999.0 0.134459 0.136059 0.146731 0.229837 0.151743 0.179780 0.213873 0.149368 0.141963 -9999.0 -9999.0
-9999.0 -9999.0 -9999.0 -9999.0 -9999.0 -9999.0 -9999.0 0.143831 0.136385 0.249123 0.134524 0.135365 0.148587 0.308113 0.217503 -9999.0 -9999.0
-9999.0 -9999.0 -9999.0 -9999.0 -9999.0 -9999.0 0.143669 0.220389 0.181763 0.145125 0.140241 0.139718 0.147051 0.221413 0.198150 0.142443 -9999.0
-9999.0 -9999.0 -9999.0 -9999.0 -9999.0 0.134569 0.179022 0.192294 0.166848 0.147620 0.170468 0.147643 0.142896 0.221769 0.142338 0.146088 -9999.0
-9999.0 -9999.0 -9999.0 0.173946 0.130333 0.241619 0.183236 0.163080 0.213123 0.217700 0.189423 0.142509 0.143389 0.138533 0.188180 0.191356 -9999.0
-9999.0 -9999.0 -9999.0 0.143983 0.240892 0.172809 0.152756 0.205914 0.205084 0.243907 0.251592 0.216869 0.337318 0.192404 0.304880 0.196236 -9999.0
-9999.0 -9999.0 0.145284 0.167676 0.187831 0.136934 0.172995 0.219214 0.249177 0.233080 0.225573 0.138471 0.243484 0.239587 0.131320 0.138824 -9999.0
-9999.0 0.197911 0.189963 0.135474 0.135537 0.194072 0.206574 0.246865 0.256415 0.269123 0.189452 0.165728 0.133585 0.136253 0.134280 -9999.0 -9999.0
-9999.0 0.221947 0.147869 0.247404 0.259857 0.250025 0.272868 0.278039 0.255913 0.263018 0.168018 0.134879 0.133133 0.131959 0.306709 0.318558 -9999.0
-9999.0 0.236459 0.240923 0.263803 0.277907 0.294416 0.329745 0.226900 0.268930 0.253373 0.229092 0.142155 0.135037 0.131782 0.133340 -9999.0 -9999.0
-9999.0 0.248004 0.237915 0.280443 0.252983 0.309061 0.266552 0.268154 0.251978 0.193003 0.136796 0.205434 0.138785 0.174498 -9999.0 -9999.0 -9999.0
-9999.0 -9999.0 0.286603 0.264534 0.278576 0.270557 0.261398 0.251156 0.222447 0.165079 0.187293 0.133993 0.165825 0.134955 -9999.0 -9999.0 -9999.0
-9999.0 -9999.0 0.266365 0.323061 0.273455 0.227797 0.173300 0.139314 0.140076 0.179395 0.136986 0.245497 0.134782 -9999.0 -9999.0 -9999.0 -9999.0
-9999.0 -9999.0 -9999.0 -9999.0 0.211624 0.141212 0.138918 0.196868 0.136994 0.149390 0.137638 0.185737 0.136613 -9999.0 -9999.0 -9999.0 -9999.0
-9999.0 -9999.0 -9999.0 -9999.0 -9999.0 0.135651 0.132509 0.132264 0.148889 0.136809 0.134198 0.257589 0.223225 0.169059 -9999.0 -9999.0 -9999.0
-9999.0 -9999.0 -9999.0 -9999.0 -9999.0 -9999.0 0.132286 0.131587 0.132388 0.132132 0.133210 0.132722 0.135467 0.131876 0.130394 -9999.0 -9999.0
-9999.0 -9999.0 -9999.0 -9999.0 -9999.0 -9999.0 -9999.0 0.131083 0.132670 0.134387 0.132513 0.133180 0.130855 0.157746 -9999.0 -9999.0 -9999.0
-9999.0 -9999.0 -9999.0 -9999.0 -9999.0 -9999.0 -9999.0 -9999.0 0.131666 0.132290 0.132691 0.133210 0.132672 0.134106 0.130824 -9999.0 -9999.0
-9999.0 -9999.0 -9999.0 -9999.0 -9999.0 -9999.0 -9999.0 -9999.0 -9999.0 -9999.0 -9999.0 -9999.0 -9999.0 -9999.0 -9999.0 -9999.0 -9999.0