tests/3D/WG1_2.0_001/output-maps-SE27XX/thetaliqL0001N0054.asc
ncols         17
nrows         27
xllcorner     624603.750000
yllcorner     5171346.250000
cellsize      500.000000
NODATA_value  -9999.0
-9999.0 -9999.0 -9999.0 -9999.0 -9999.0 -9999.0 -9999.0 -9999.0 -9999.0 -9999.0 -9999.0 -9999.0 -9999.0 -9999.0 -9999.0 -9999.0 -9999.0
-9999.0 -9999.0 -9999.0 -9999.0 -9999.0 -9999.0 -9999.0 -9999.0 -9999.0 -9999.0 -9999.0 0.129288 0.220670 0.220015 -9999.0 -9999.0 -9999.0
-9999.0 -9999.0 -9999.0 -9999.0 -9999.0 -9999.0 -9999.0 -9999.0 -9999.0 0.118920 0.129147 0.131494 0.220696 0.220252 0.221025 -9999.0 -9999.0
-9999.0 -9999.0 -9999.0 -9999.0 -9999.0 -9999.0 -9999.0 -9999.0 0.123006 0.127642 0.122424 0.132481 0.127143 0.221587 0.220284 -9999.0 -9999.0
-9999.0 -9999.0 -9999.0 -9999.0 -9999.0 -9999.0 -9999.0 -9999.0 0.126781 0.131263 0.128476 0.137660 0.220439 0.220754 0.220335 -9999.0 -9999.0
-9999.0 -9999.0 -9999.0 -9999.0 -9999.0 -9999.0 -9999.0 0.124566 0.130186 0.123980 0.129507 0.135741 0.134875 0.220242 0.220536 -9999.0 -9999.0
-9999.0 -9999.0 -9999.0 -9999.0 -9999.0 -9999.0 0.122202 0.126561 0.127825 0.120802 0.123365 0.135447 0.139471 0.133084 0.131972 -9999.0 -9999.0
-9999.0 -9999.0 -9999.0 -9999.0 -9999.0 -9999.0 0.124224 0.123568 0.129911 0.127192 0.119208 0.123500 0.122389 0.126262 0.130758 -9999.0 -9999.0
-9999.0 -9999.0 -9999.0 -9999.0 -9999.0 -9999.0 0.128350 0.128678 0.127846 0.127529 0.125911 0.122679 0.132476 0.135317 0.132665 -9999.0 -9999.0
-9999.0 -9999.0 -9999.0 -9999.0 -9999.0 -9999.0 -9999.0 0.123653 0.126397 0.128627 0.121740 0.121242 0.132044 0.130589 0.126748 -9999.0 -9999.0
-9999.0 -9999.0 -9999.0 -9999.0 -9999.0 -9999.0 0.122791 0.126482 0.128029 0.123312 0.122937 0.123334 0.132167 0.132777 0.135095 0.130536 -9999.0
-9999.0 -9999.0 -9999.0 -9999.0 -9999.0 0.123241 0.124787 0.125675 0.125609 0.122911 0.126295 0.124762 0.127746 0.128021 0.133470 0.131386 -9999.0
-9999.0 -9999.0 -9999.0 0.122667 0.122774 0.128045 0.125767 0.125356 0.129032 0.127543 0.128864 0.123441 0.126404 0.128769 0.131576 0.130717 -9999.0
-9999.0 -9999.0 -9999.0 0.122931 0.128213 0.128302 0.124917 0.129792 0.130282 0.130046 0.140698 0.131568 0.144682 0.132940 0.220299 0.130292 -9999.0
-9999.0 -9999.0 0.124869 0.128463 0.127161 0.127376 0.129268 0.132929 0.135419 0.135354 0.133347 0.128289 0.125427 0.125822 0.122804 0.130788 -9999.0
-9999.0 0.126906 0.125971 0.124853 0.126990 0.130370 0.132614 0.140485 0.145999 0.139682 0.131136 0.132148 0.124211 0.129289 0.127746 -9999.0 -9999.0
-9999.0 0.129722 0.123513 0.135053 0.137204 0.139497 0.224550 0.217921 0.148563 0.146675 0.127337 0.127056 0.126473 0.123863 0.220386 0.220870 -9999.0
-9999.0 0.133348 0.132356 0.166341 0.239070 0.302928 0.292064 0.131378 0.148875 0.136950 0.129935 0.124642 0.128226 0.125662 0.125844 -9999.0 -9999.0
-9999.0 0.138605 0.139004 0.264209 0.134042 0.272284 0.148325 0.140553 0.137263 0.133689 0.128987 0.130595 0.125129 0.124465 -9999.0 -9999.0 -9999.0
-9999.0 -9999.0 0.260924 0.152508 0.192882 0.143299 0.137814 0.137419 0.134443 0.126603 0.129046 0.126784 0.127819 0.128524 -9999.0 -9999.0 -9999.0
-9999.0 -9999.0 0.166232 0.272362 0.145729 0.136209 0.131373 0.127984 0.130033 0.128175 0.124247 0.128644 0.128211 -9999.0 -9999.0 -9999.0 -9999.0
-9999.0 -9999.0 -9999.0 -9999.0 0.134366 0.128954 0.127206 0.129116 0.126242 0.127829 0.122079 0.129627 0.124723 -9999.0 -9999.0 -9999.0 -9999.0
-9999.0 -9999.0 -9999.0 -9999.0 -9999.0 0.127235 0.125842 0.125754 0.124258 0.127977 0.124591 0.130210 0.125090 0.124973 -9999.0 -9999.0 -9999.0
-9999.0 -9999.0 -9999.0 -9999.0 -9999.0 -9999.0 0.125608 0.125192 0.125401 0.125675 0.126328 0.125813 0.125474 0.124742 0.124243 -9999.0 -9999.0
-9999.0 -9999.0 -9999.0 -9999.0 -9999.0 -9999.0 -9999.0 0.124643 0.125250 0.125690 0.125857 0.124550 0.124381 0.122408 -9999.0 -9999.0 -9999.0
-9999.0 -9999.0 -9999.0 -9999.0 -9999.0 -9999.0 -9999.0 -9999.0 0.124134 0.125472 0.125890 0.126320 0.126084 0.127224 0.123857 -9999.0 -9999.0
-9999.0 -9999.0 -9999.0 -9999.0 -9999.0 -9999.0 -9999.0 -9999.0 -9999.0 -9999.0 -9999.0 -9999.0 -9999.0 -9999.0 -9999.0 -9999.0 -9999.0