tests/3D/WG1_2.0_001/output-maps-SE27XX/thetaiceL0001N0029.asc
ncols         17
nrows         27
xllcorner     624603.750000
yllcorner     5171346.250000
cellsize      500.000000
NODATA_value  -9999.0
-9999.0 -9999.0 -9999.0 -9999.0 -9999.0 -9999.0 -9999.0 -9999.0 -9999.0 -9999.0 -9999.0 -9999.0 -9999.0 -9999.0 -9999.0 -9999.0 -9999.0
-9999.0 -9999.0 -9999.0 -9999.0 -9999.0 -9999.0 -9999.0 -9999.0 -9999.0 -9999.0 -9999.0 0.375998 0.280524 0.281318 -9999.0 -9999.0 -9999.0
-9999.0 -9999.0 -9999.0 -9999.0 -9999.0 -9999.0 -9999.0 -9999.0 -9999.0 0.146027 0.182134 0.193976 0.280494 0.281031 0.280093 -9999.0 -9999.0
-9999.0 -9999.0 -9999.0 -9999.0 -9999.0 -9999.0 -9999.0 -9999.0 0.082488 0.296367 0.040666 0.374415 0.370264 0.279347 0.280988 -9999.0 -9999.0
-9999.0 -9999.0 -9999.0 -9999.0 -9999.0 -9999.0 -9999.0 -9999.0 0.172793 0.191086 0.137836 0.195536 0.280821 0.280425 0.280930 -9999.0 -9999.0
-9999.0 -9999.0 -9999.0 -9999.0 -9999.0 -9999.0 -9999.0 0.162143 0.203638 0.100503 0.131343 0.187045 0.357028 0.281043 0.280687 -9999.0 -9999.0
-9999.0 -9999.0 -9999.0 -9999.0 -9999.0 -9999.0 0.176182 0.201237 0.044851 0.299173 0.364280 0.371177 0.372655 0.225404 0.267273 -9999.0 -9999.0
-9999.0 -9999.0 -9999.0 -9999.0 -9999.0 -9999.0 0.063922 0.189364 0.370978 0.369907 0.171840 0.363618 0.056823 0.168744 0.370623 -9999.0 -9999.0
-9999.0 -9999.0 -9999.0 -9999.0 -9999.0 -9999.0 0.373385 0.372725 0.251844 0.124940 0.290071 0.140782 0.167386 0.372180 0.371525 -9999.0 -9999.0
-9999.0 -9999.0 -9999.0 -9999.0 -9999.0 -9999.0 -9999.0 0.177351 0.264180 0.079227 0.263233 0.275814 0.366316 0.037740 0.164855 -9999.0 -9999.0
-9999.0 -9999.0 -9999.0 -9999.0 -9999.0 -9999.0 0.168030 0.064659 0.162139 0.223436 0.296693 0.295678 0.369555 0.163539 0.231278 0.374014 -9999.0
-9999.0 -9999.0 -9999.0 -9999.0 -9999.0 0.173625 0.118145 0.076687 0.119006 0.209013 0.184489 0.332580 0.311009 0.151080 0.372159 0.370574 -9999.0
-9999.0 -9999.0 -9999.0 0.079891 0.368576 0.051781 0.127587 0.117667 0.107664 0.097429 0.252374 0.319052 0.358123 0.348286 0.186218 0.170231 -9999.0
-9999.0 -9999.0 -9999.0 0.157467 0.054608 0.154211 0.130257 0.100583 0.075914 0.072909 0.034051 0.027407 0.000000 0.168589 0.280857 0.177354 -9999.0
-9999.0 -9999.0 0.157245 0.143324 0.077537 0.326789 0.139362 0.059174 0.024308 0.056221 0.020468 0.360511 0.048728 0.046602 0.239733 0.372962 -9999.0
-9999.0 0.105669 0.110653 0.188417 0.364737 0.073008 0.048654 0.018048 0.023353 0.026754 0.257983 0.328006 0.342557 0.372007 0.373954 -9999.0 -9999.0
-9999.0 0.082752 0.111284 0.041874 0.034280 0.053801 0.000000 0.002019 0.014820 0.023769 0.138891 0.368249 0.371871 0.193902 0.280886 0.280282 -9999.0
-9999.0 0.041911 0.069294 0.001794 0.000000 0.000000 0.000000 0.079149 0.013658 0.031383 0.106570 0.128017 0.373398 0.374670 0.329319 -9999.0 -9999.0
-9999.0 0.051414 0.000000 0.000000 0.050610 0.000000 0.012761 0.010635 0.018198 0.196926 0.366763 0.130346 0.164791 0.114640 -9999.0 -9999.0 -9999.0
-9999.0 -9999.0 0.000000 0.000000 0.000000 0.014757 0.019752 0.022185 0.026041 0.206662 0.095725 0.371504 0.151895 0.371747 -9999.0 -9999.0 -9999.0
-9999.0 -9999.0 0.004417 0.000000 0.019660 0.040901 0.078180 0.364553 0.367870 0.120348 0.258182 0.038650 0.372480 -9999.0 -9999.0 -9999.0 -9999.0
-9999.0 -9999.0 -9999.0 -9999.0 0.033654 0.357136 0.331529 0.112377 0.343391 0.229422 0.160401 0.141412 0.171369 -9999.0 -9999.0 -9999.0 -9999.0
-9999.0 -9999.0 -9999.0 -9999.0 -9999.0 0.369476 0.367510 0.370645 0.109472 0.373662 0.278561 0.048856 0.051310 0.148338 -9999.0 -9999.0 -9999.0
-9999.0 -9999.0 -9999.0 -9999.0 -9999.0 -9999.0 0.373765 0.372614 0.275834 0.368308 0.368437 0.365306 0.176317 0.203474 0.294364 -9999.0 -9999.0
-9999.0 -9999.0 -9999.0 -9999.0 -9999.0 -9999.0 -9999.0 0.377735 0.251099 0.168340 0.370990 0.338541 0.334216 0.085418 -9999.0 -9999.0 -9999.0
-9999.0 -9999.0 -9999.0 -9999.0 -9999.0 -9999.0 -9999.0 -9999.0 0.169806 0.319093 0.372907 0.372585 0.373393 0.373855 0.369297 -9999.0 -9999.0
-9999.0 -9999.0 -9999.0 -9999.0 -9999.0 -9999.0 -9999.0 -9999.0 -9999.0 -9999.0 -9999.0 -9999.0 -9999.0 -9999.0 -9999.0 -9999.0 -9999.0