tests/3D/WG1_2.0_001/output-maps-SE27XX/thetaliqL0005N0009.asc
ncols         17
nrows         27
xllcorner     624603.750000
yllcorner     5171346.250000
cellsize      500.000000
NODATA_value  -9999.0
-9999.0 -9999.0 -9999.0 -9999.0 -9999.0 -9999.0 -9999.0 -9999.0 -9999.0 -9999.0 -9999.0 -9999.0 -9999.0 -9999.0 -9999.0 -9999.0 -9999.0
-9999.0 -9999.0 -9999.0 -9999.0 -9999.0 -9999.0 -9999.0 -9999.0 -9999.0 -9999.0 -9999.0 0.388072 0.387813 0.387694 -9999.0 -9999.0 -9999.0
-9999.0 -9999.0 -9999.0 -9999.0 -9999.0 -9999.0 -9999.0 -9999.0 -9999.0 0.386963 0.387462 0.388049 0.388408 0.387693 0.387437 -9999.0 -9999.0
-9999.0 -9999.0 -9999.0 -9999.0 -9999.0 -9999.0 -9999.0 -9999.0 0.387250 0.387324 0.387913 0.388634 0.389392 0.388422 0.387747 -9999.0 -9999.0
-9999.0 -9999.0 -9999.0 -9999.0 -9999.0 -9999.0 -9999.0 -9999.0 0.387445 0.387967 0.388495 0.388567 0.389038 0.388246 0.387764 -9999.0 -9999.0
-9999.0 -9999.0 -9999.0 -9999.0 -9999.0 -9999.0 -9999.0 0.387360 0.387922 0.388115 0.388671 0.388603 0.388721 0.387705 0.387255 -9999.0 -9999.0
-9999.0 -9999.0 -9999.0 -9999.0 -9999.0 -9999.0 0.387353 0.387819 0.388341 0.388976 0.387820 0.388832 0.388878 0.387583 0.387036 -9999.0 -9999.0
-9999.0 -9999.0 -9999.0 -9999.0 -9999.0 -9999.0 0.387244 0.388172 0.389258 0.387873 0.388639 0.389234 0.389513 0.388035 0.387168 -9999.0 -9999.0
-9999.0 -9999.0 -9999.0 -9999.0 -9999.0 -9999.0 0.387306 0.388103 0.389085 0.388246 0.388017 0.389045 0.389944 0.388497 0.387401 -9999.0 -9999.0
-9999.0 -9999.0 -9999.0 -9999.0 -9999.0 -9999.0 -9999.0 0.388750 0.389020 0.388630 0.388416 0.388626 0.390064 0.388776 0.387639 -9999.0 -9999.0
-9999.0 -9999.0 -9999.0 -9999.0 -9999.0 -9999.0 0.387466 0.387967 0.389053 0.388718 0.388329 0.388296 0.389858 0.388937 0.387194 0.386702 -9999.0
-9999.0 -9999.0 -9999.0 -9999.0 -9999.0 0.387360 0.387779 0.389049 0.389990 0.389009 0.388293 0.388582 0.390155 0.389409 0.387443 0.386788 -9999.0
-9999.0 -9999.0 -9999.0 0.387067 0.387374 0.387931 0.389136 0.390479 0.390462 0.389196 0.388394 0.389102 0.390907 0.390271 0.387983 0.387069 -9999.0
-9999.0 -9999.0 -9999.0 0.387642 0.388271 0.389456 0.390550 0.390916 0.390245 0.388461 0.388600 0.389913 0.391757 0.391383 0.388623 0.387403 -9999.0
-9999.0 -9999.0 0.388086 0.388740 0.390093 0.390809 0.391005 0.390523 0.388897 0.387726 0.388772 0.390772 0.392202 0.391091 0.388720 0.387614 -9999.0
-9999.0 0.388578 0.388800 0.390439 0.391753 0.391651 0.391067 0.389572 0.388039 0.387889 0.390055 0.391775 0.391915 0.390625 0.389398 -9999.0 -9999.0
-9999.0 0.389741 0.390685 0.392309 0.392438 0.391540 0.390207 0.388660 0.387930 0.389831 0.391537 0.391771 0.390892 0.389052 0.387565 0.387119 -9999.0
-9999.0 0.390676 0.391564 0.392198 0.391088 0.389347 0.388191 0.388180 0.389207 0.391263 0.391882 0.390898 0.389660 0.388275 0.387730 -9999.0 -9999.0
-9999.0 0.390982 0.391051 0.390127 0.388170 0.388218 0.388704 0.388432 0.389876 0.391203 0.391227 0.390154 0.388585 0.388065 -9999.0 -9999.0 -9999.0
-9999.0 -9999.0 0.389027 0.388737 0.389123 0.389107 0.390062 0.390044 0.389649 0.389896 0.390189 0.389276 0.387610 0.387384 -9999.0 -9999.0 -9999.0
-9999.0 -9999.0 0.389820 0.387772 0.390954 0.391933 0.391865 0.390559 0.388971 0.388549 0.389335 0.388690 0.387918 -9999.0 -9999.0 -9999.0 -9999.0
-9999.0 -9999.0 -9999.0 -9999.0 0.392742 0.392724 0.391417 0.390500 0.389184 0.387948 0.388416 0.388431 0.387945 -9999.0 -9999.0 -9999.0 -9999.0
-9999.0 -9999.0 -9999.0 -9999.0 -9999.0 0.391518 0.389851 0.389930 0.389694 0.388641 0.387817 0.388194 0.387824 0.387476 -9999.0 -9999.0 -9999.0
-9999.0 -9999.0 -9999.0 -9999.0 -9999.0 -9999.0 0.388901 0.388599 0.389128 0.388874 0.388003 0.387800 0.387635 0.387145 0.386914 -9999.0 -9999.0
-9999.0 -9999.0 -9999.0 -9999.0 -9999.0 -9999.0 -9999.0 0.388108 0.387800 0.388031 0.387769 0.387205 0.387442 0.387388 -9999.0 -9999.0 -9999.0
-9999.0 -9999.0 -9999.0 -9999.0 -9999.0 -9999.0 -9999.0 -9999.0 0.387592 0.387596 0.387071 0.387457 0.387186 0.386987 0.386817 -9999.0 -9999.0
-9999.0 -9999.0 -9999.0 -9999.0 -9999.0 -9999.0 -9999.0 -9999.0 -9999.0 -9999.0 -9999.0 -9999.0 -9999.0 -9999.0 -9999.0 -9999.0 -9999.0