tests/3D/WG1_2.0_001/output-maps-SE27XX/thetaiceL0001N0086.asc
ncols         17
nrows         27
xllcorner     624603.750000
yllcorner     5171346.250000
cellsize      500.000000
NODATA_value  -9999.0
-9999.0 -9999.0 -9999.0 -9999.0 -9999.0 -9999.0 -9999.0 -9999.0 -9999.0 -9999.0 -9999.0 -9999.0 -9999.0 -9999.0 -9999.0 -9999.0 -9999.0
-9999.0 -9999.0 -9999.0 -9999.0 -9999.0 -9999.0 -9999.0 -9999.0 -9999.0 -9999.0 -9999.0 0.363316 0.283551 0.282598 -9999.0 -9999.0 -9999.0
-9999.0 -9999.0 -9999.0 -9999.0 -9999.0 -9999.0 -9999.0 -9999.0 -9999.0 0.375860 0.366293 0.363810 0.283592 0.282957 0.283977 -9999.0 -9999.0
-9999.0 -9999.0 -9999.0 -9999.0 -9999.0 -9999.0 -9999.0 -9999.0 0.371545 0.363668 0.370429 0.362003 0.363160 0.284473 0.283008 -9999.0 -9999.0
-9999.0 -9999.0 -9999.0 -9999.0 -9999.0 -9999.0 -9999.0 -9999.0 0.368428 0.365055 0.367176 0.363161 0.283218 0.283670 0.283082 -9999.0 -9999.0
-9999.0 -9999.0 -9999.0 -9999.0 -9999.0 -9999.0 -9999.0 0.370067 0.364849 0.369694 0.364872 0.364015 0.362543 0.282943 0.283366 -9999.0 -9999.0
-9999.0 -9999.0 -9999.0 -9999.0 -9999.0 -9999.0 0.369545 0.366280 0.372052 0.367018 0.369504 0.364304 0.362845 0.364296 0.362943 -9999.0 -9999.0
-9999.0 -9999.0 -9999.0 -9999.0 -9999.0 -9999.0 0.374798 0.367452 0.365699 0.365194 0.370996 0.368816 0.370292 0.365189 0.365196 -9999.0 -9999.0
-9999.0 -9999.0 -9999.0 -9999.0 -9999.0 -9999.0 0.367442 0.367686 0.365682 0.370043 0.365672 0.369049 0.365350 0.362743 0.364857 -9999.0 -9999.0
-9999.0 -9999.0 -9999.0 -9999.0 -9999.0 -9999.0 -9999.0 0.368995 0.366711 0.370479 0.373262 0.368471 0.364870 0.373834 0.367322 -9999.0 -9999.0
-9999.0 -9999.0 -9999.0 -9999.0 -9999.0 -9999.0 0.370492 0.373812 0.367242 0.367423 0.368810 0.367155 0.365979 0.365227 0.364366 0.363229 -9999.0
-9999.0 -9999.0 -9999.0 -9999.0 -9999.0 0.370305 0.375235 0.373462 0.369361 0.368640 0.371320 0.366625 0.366959 0.367701 0.364147 0.362828 -9999.0
-9999.0 -9999.0 -9999.0 0.377459 0.372110 0.378961 0.373497 0.370614 0.373505 0.368841 0.366247 0.369212 0.367420 0.364796 0.365781 0.365521 -9999.0
-9999.0 -9999.0 -9999.0 0.372969 0.379067 0.369747 0.376235 0.373432 0.373262 0.376824 0.374333 0.367509 0.373467 0.366241 0.283053 0.365420 -9999.0
-9999.0 -9999.0 0.372911 0.371596 0.374298 0.370035 0.368862 0.373764 0.372693 0.370604 0.367092 0.367535 0.371237 0.371166 0.370108 0.365307 -9999.0
-9999.0 0.381559 0.380212 0.370356 0.370411 0.379615 0.369028 0.371635 0.372264 0.374451 0.368865 0.367186 0.369799 0.366012 0.364942 -9999.0 -9999.0
-9999.0 0.381690 0.375860 0.381115 0.378623 0.378405 0.376863 0.376884 0.367880 0.376483 0.375333 0.368566 0.368410 0.369817 0.283152 0.283823 -9999.0
-9999.0 0.377636 0.380291 0.379948 0.379025 0.377721 0.379233 0.376086 0.371924 0.374664 0.375225 0.375570 0.367227 0.366823 0.366025 -9999.0 -9999.0
-9999.0 0.381915 0.373583 0.379734 0.378329 0.377206 0.370969 0.370647 0.369685 0.369139 0.368156 0.369351 0.370275 0.372423 -9999.0 -9999.0 -9999.0
-9999.0 -9999.0 0.379201 0.381496 0.374016 0.372587 0.371738 0.370775 0.368100 0.372993 0.370224 0.368550 0.368724 0.367327 -9999.0 -9999.0 -9999.0
-9999.0 -9999.0 0.381020 0.380942 0.374605 0.370994 0.371941 0.369937 0.368776 0.373668 0.370784 0.374997 0.367346 -9999.0 -9999.0 -9999.0 -9999.0
-9999.0 -9999.0 -9999.0 -9999.0 0.371067 0.370481 0.369069 0.377135 0.369379 0.368264 0.372703 0.370814 0.369509 -9999.0 -9999.0 -9999.0 -9999.0
-9999.0 -9999.0 -9999.0 -9999.0 -9999.0 0.370671 0.370929 0.369646 0.374042 0.369525 0.369136 0.375540 0.373049 0.371454 -9999.0 -9999.0 -9999.0
-9999.0 -9999.0 -9999.0 -9999.0 -9999.0 -9999.0 0.369819 0.369787 0.369095 0.368917 0.368302 0.367566 0.368566 0.368402 0.368422 -9999.0 -9999.0
-9999.0 -9999.0 -9999.0 -9999.0 -9999.0 -9999.0 -9999.0 0.371582 0.369894 0.369258 0.368705 0.368864 0.368432 0.375212 -9999.0 -9999.0 -9999.0
-9999.0 -9999.0 -9999.0 -9999.0 -9999.0 -9999.0 -9999.0 -9999.0 0.371293 0.369263 0.368973 0.368481 0.367425 0.366870 0.372051 -9999.0 -9999.0
-9999.0 -9999.0 -9999.0 -9999.0 -9999.0 -9999.0 -9999.0 -9999.0 -9999.0 -9999.0 -9999.0 -9999.0 -9999.0 -9999.0 -9999.0 -9999.0 -9999.0