tests/3D/WG1_2.0_001/output-maps-SE27XX/thetaliqL0005N0028.asc
ncols         17
nrows         27
xllcorner     624603.750000
yllcorner     5171346.250000
cellsize      500.000000
NODATA_value  -9999.0
-9999.0 -9999.0 -9999.0 -9999.0 -9999.0 -9999.0 -9999.0 -9999.0 -9999.0 -9999.0 -9999.0 -9999.0 -9999.0 -9999.0 -9999.0 -9999.0 -9999.0
-9999.0 -9999.0 -9999.0 -9999.0 -9999.0 -9999.0 -9999.0 -9999.0 -9999.0 -9999.0 -9999.0 0.382419 0.401003 0.388231 -9999.0 -9999.0 -9999.0
-9999.0 -9999.0 -9999.0 -9999.0 -9999.0 -9999.0 -9999.0 -9999.0 -9999.0 0.403811 0.394574 0.383419 0.401552 0.392576 0.409259 -9999.0 -9999.0
-9999.0 -9999.0 -9999.0 -9999.0 -9999.0 -9999.0 -9999.0 -9999.0 0.394676 0.388083 0.398974 0.386322 0.392936 0.427102 0.393103 -9999.0 -9999.0
-9999.0 -9999.0 -9999.0 -9999.0 -9999.0 -9999.0 -9999.0 -9999.0 0.389870 0.384680 0.412904 0.385169 0.396696 0.402839 0.394144 -9999.0 -9999.0
-9999.0 -9999.0 -9999.0 -9999.0 -9999.0 -9999.0 -9999.0 0.386959 0.388552 0.399051 0.387849 0.384596 0.387763 0.392399 0.398181 -9999.0 -9999.0
-9999.0 -9999.0 -9999.0 -9999.0 -9999.0 -9999.0 0.395868 0.382309 0.396415 0.392520 0.418535 0.395955 0.385300 0.383481 0.383724 -9999.0 -9999.0
-9999.0 -9999.0 -9999.0 -9999.0 -9999.0 -9999.0 0.389885 0.388496 0.392618 0.391129 0.396968 0.417683 0.398257 0.387321 0.410262 -9999.0 -9999.0
-9999.0 -9999.0 -9999.0 -9999.0 -9999.0 -9999.0 0.388403 0.393381 0.387857 0.405519 0.383274 0.388232 0.385279 0.388524 0.403167 -9999.0 -9999.0
-9999.0 -9999.0 -9999.0 -9999.0 -9999.0 -9999.0 -9999.0 0.380433 0.391976 0.396490 0.397215 0.394267 0.389904 0.421712 0.389976 -9999.0 -9999.0
-9999.0 -9999.0 -9999.0 -9999.0 -9999.0 -9999.0 0.382509 0.391685 0.384571 0.386690 0.391745 0.392518 0.399107 0.389694 0.383017 0.388588 -9999.0
-9999.0 -9999.0 -9999.0 -9999.0 -9999.0 0.385518 0.387976 0.387170 0.382323 0.392057 0.388809 0.390791 0.405645 0.386719 0.389468 0.382109 -9999.0
-9999.0 -9999.0 -9999.0 0.388250 0.409094 0.393136 0.388526 0.381808 0.385674 0.385342 0.384382 0.395512 0.405710 0.378708 0.381935 0.390041 -9999.0
-9999.0 -9999.0 -9999.0 0.382769 0.394337 0.379517 0.395011 0.384792 0.389918 0.398806 0.392778 0.384762 0.404694 0.393706 0.391750 0.383546 -9999.0
-9999.0 -9999.0 0.382816 0.384151 0.382128 0.398698 0.383139 0.385287 0.390080 0.385445 0.386547 0.393131 0.390407 0.392092 0.412999 0.386572 -9999.0
-9999.0 0.388368 0.390191 0.382743 0.394373 0.392825 0.381069 0.384559 0.388903 0.404909 0.397711 0.381168 0.416605 0.383362 0.379899 -9999.0 -9999.0
-9999.0 0.388328 0.384453 0.391209 0.393911 0.391121 0.396418 0.399142 0.384616 0.395591 0.407339 0.398801 0.397722 0.396813 0.394602 0.405445 -9999.0
-9999.0 0.386176 0.398549 0.393470 0.395041 0.388664 0.394690 0.394768 0.392338 0.402025 0.392937 0.390867 0.385724 0.389065 0.377043 -9999.0 -9999.0
-9999.0 0.392699 0.381819 0.392253 0.389342 0.390277 0.389766 0.395575 0.395255 0.392648 0.389621 0.385530 0.393404 0.387127 -9999.0 -9999.0 -9999.0
-9999.0 -9999.0 0.394283 0.391590 0.393840 0.397363 0.401310 0.397472 0.383926 0.395960 0.381386 0.391394 0.382633 0.388305 -9999.0 -9999.0 -9999.0
-9999.0 -9999.0 0.392294 0.390244 0.401761 0.393923 0.404434 0.397675 0.392616 0.387888 0.393894 0.391139 0.381954 -9999.0 -9999.0 -9999.0 -9999.0
-9999.0 -9999.0 -9999.0 -9999.0 0.390317 0.389562 0.380010 0.390816 0.389123 0.382027 0.385940 0.388110 0.388809 -9999.0 -9999.0 -9999.0 -9999.0
-9999.0 -9999.0 -9999.0 -9999.0 -9999.0 0.391819 0.388574 0.384096 0.386677 0.393098 0.388310 0.404485 0.389420 0.385951 -9999.0 -9999.0 -9999.0
-9999.0 -9999.0 -9999.0 -9999.0 -9999.0 -9999.0 0.387113 0.385934 0.382493 0.383935 0.384781 0.387508 0.383455 0.389568 0.388534 -9999.0 -9999.0
-9999.0 -9999.0 -9999.0 -9999.0 -9999.0 -9999.0 -9999.0 0.394055 0.388470 0.389339 0.387966 0.384109 0.381561 0.387510 -9999.0 -9999.0 -9999.0
-9999.0 -9999.0 -9999.0 -9999.0 -9999.0 -9999.0 -9999.0 -9999.0 0.395216 0.391007 0.390513 0.389884 0.385563 0.380699 0.402228 -9999.0 -9999.0
-9999.0 -9999.0 -9999.0 -9999.0 -9999.0 -9999.0 -9999.0 -9999.0 -9999.0 -9999.0 -9999.0 -9999.0 -9999.0 -9999.0 -9999.0 -9999.0 -9999.0