tests/3D/WG1_2.0_001/output-maps-SE27XX/thetaliqL0003N0073.asc
ncols         17
nrows         27
xllcorner     624603.750000
yllcorner     5171346.250000
cellsize      500.000000
NODATA_value  -9999.0
-9999.0 -9999.0 -9999.0 -9999.0 -9999.0 -9999.0 -9999.0 -9999.0 -9999.0 -9999.0 -9999.0 -9999.0 -9999.0 -9999.0 -9999.0 -9999.0 -9999.0
-9999.0 -9999.0 -9999.0 -9999.0 -9999.0 -9999.0 -9999.0 -9999.0 -9999.0 -9999.0 -9999.0 0.143610 0.315191 0.297073 -9999.0 -9999.0 -9999.0
-9999.0 -9999.0 -9999.0 -9999.0 -9999.0 -9999.0 -9999.0 -9999.0 -9999.0 0.121985 0.137701 0.142599 0.316055 0.301990 0.327056 -9999.0 -9999.0
-9999.0 -9999.0 -9999.0 -9999.0 -9999.0 -9999.0 -9999.0 -9999.0 0.127098 0.141147 0.165261 0.145167 0.142222 0.348905 0.302699 -9999.0 -9999.0
-9999.0 -9999.0 -9999.0 -9999.0 -9999.0 -9999.0 -9999.0 -9999.0 0.135417 0.141367 0.136467 0.148685 0.308127 0.317977 0.304314 -9999.0 -9999.0
-9999.0 -9999.0 -9999.0 -9999.0 -9999.0 -9999.0 -9999.0 0.133680 0.140673 0.139161 0.196993 0.146570 0.145359 0.301793 0.310861 -9999.0 -9999.0
-9999.0 -9999.0 -9999.0 -9999.0 -9999.0 -9999.0 0.131427 0.138519 0.172619 0.136308 0.133017 0.143067 0.145773 0.144685 0.144513 -9999.0 -9999.0
-9999.0 -9999.0 -9999.0 -9999.0 -9999.0 -9999.0 0.126092 0.136920 0.140603 0.141493 0.131369 0.133642 0.133464 0.142733 0.141361 -9999.0 -9999.0
-9999.0 -9999.0 -9999.0 -9999.0 -9999.0 -9999.0 0.138704 0.138259 0.139444 0.129695 0.139647 0.134776 0.148410 0.144507 0.142116 -9999.0 -9999.0
-9999.0 -9999.0 -9999.0 -9999.0 -9999.0 -9999.0 -9999.0 0.134826 0.138025 0.162116 0.125304 0.134973 0.142331 0.135115 0.141143 -9999.0 -9999.0
-9999.0 -9999.0 -9999.0 -9999.0 -9999.0 -9999.0 0.133708 0.126732 0.136763 0.135911 0.133266 0.136793 0.139819 0.142069 0.144065 0.143814 -9999.0
-9999.0 -9999.0 -9999.0 -9999.0 -9999.0 0.132336 0.127193 0.130585 0.134085 0.132881 0.131739 0.137880 0.135915 0.143275 0.143677 0.144148 -9999.0
-9999.0 -9999.0 -9999.0 0.126241 0.131921 0.131070 0.129448 0.133795 0.132839 0.155571 0.139327 0.132147 0.136961 0.142901 0.142114 0.139847 -9999.0
-9999.0 -9999.0 -9999.0 0.132656 0.130447 0.135689 0.125636 0.132664 0.126298 0.128267 0.127712 0.139770 0.239618 0.138906 0.302274 0.141408 -9999.0
-9999.0 -9999.0 0.131543 0.133063 0.130618 0.134831 0.136322 0.135578 0.163763 0.172194 0.149363 0.138388 0.209593 0.182593 0.134087 0.142772 -9999.0
-9999.0 0.125424 0.126468 0.135606 0.135069 0.125719 0.144679 0.185201 0.193783 0.126206 0.135390 0.139985 0.133058 0.141484 0.142045 -9999.0 -9999.0
-9999.0 0.126279 0.130069 0.131309 0.144544 0.134501 0.163809 0.174638 0.201896 0.142965 0.127737 0.136497 0.137275 0.134638 0.305606 0.321745 -9999.0
-9999.0 0.133635 0.127694 0.138422 0.178914 0.183242 0.178335 0.129325 0.196578 0.126369 0.129707 0.126497 0.139915 0.138517 0.140228 -9999.0 -9999.0
-9999.0 0.128061 0.176123 0.175016 0.132705 0.181847 0.198655 0.183154 0.154524 0.136988 0.137604 0.138138 0.134782 0.131183 -9999.0 -9999.0 -9999.0
-9999.0 -9999.0 0.180892 0.159590 0.195494 0.168976 0.135028 0.137196 0.158908 0.130495 0.137077 0.138324 0.136124 0.139438 -9999.0 -9999.0 -9999.0
-9999.0 -9999.0 0.133121 0.157604 0.149441 0.135957 0.131150 0.135301 0.136259 0.131474 0.134262 0.142188 0.139104 -9999.0 -9999.0 -9999.0 -9999.0
-9999.0 -9999.0 -9999.0 -9999.0 0.135989 0.135402 0.137994 0.127679 0.137340 0.136793 0.132270 0.133934 0.134971 -9999.0 -9999.0 -9999.0 -9999.0
-9999.0 -9999.0 -9999.0 -9999.0 -9999.0 0.136027 0.135274 0.136240 0.129090 0.136800 0.136899 0.144305 0.133403 0.134707 -9999.0 -9999.0 -9999.0
-9999.0 -9999.0 -9999.0 -9999.0 -9999.0 -9999.0 0.136262 0.135775 0.137707 0.137449 0.138668 0.137589 0.137270 0.135979 0.136855 -9999.0 -9999.0
-9999.0 -9999.0 -9999.0 -9999.0 -9999.0 -9999.0 -9999.0 0.134228 0.136008 0.136209 0.137724 0.135691 0.137549 0.126810 -9999.0 -9999.0 -9999.0
-9999.0 -9999.0 -9999.0 -9999.0 -9999.0 -9999.0 -9999.0 -9999.0 0.132616 0.135762 0.137452 0.136967 0.137851 0.139079 0.131474 -9999.0 -9999.0
-9999.0 -9999.0 -9999.0 -9999.0 -9999.0 -9999.0 -9999.0 -9999.0 -9999.0 -9999.0 -9999.0 -9999.0 -9999.0 -9999.0 -9999.0 -9999.0 -9999.0