tests/3D/WG1_2.0_001/output-maps-SE27XX/thetaliqL0001N0009.asc
ncols         17
nrows         27
xllcorner     624603.750000
yllcorner     5171346.250000
cellsize      500.000000
NODATA_value  -9999.0
-9999.0 -9999.0 -9999.0 -9999.0 -9999.0 -9999.0 -9999.0 -9999.0 -9999.0 -9999.0 -9999.0 -9999.0 -9999.0 -9999.0 -9999.0 -9999.0 -9999.0
-9999.0 -9999.0 -9999.0 -9999.0 -9999.0 -9999.0 -9999.0 -9999.0 -9999.0 -9999.0 -9999.0 0.293120 0.258537 0.258585 -9999.0 -9999.0 -9999.0
-9999.0 -9999.0 -9999.0 -9999.0 -9999.0 -9999.0 -9999.0 -9999.0 -9999.0 0.305760 0.294937 0.234983 0.258205 0.258603 0.258733 -9999.0 -9999.0
-9999.0 -9999.0 -9999.0 -9999.0 -9999.0 -9999.0 -9999.0 -9999.0 0.315058 0.315676 0.317481 0.310266 0.256345 0.258188 0.258562 -9999.0 -9999.0
-9999.0 -9999.0 -9999.0 -9999.0 -9999.0 -9999.0 -9999.0 -9999.0 0.306661 0.311196 0.314046 0.312333 0.257965 0.258296 0.258566 -9999.0 -9999.0
-9999.0 -9999.0 -9999.0 -9999.0 -9999.0 -9999.0 -9999.0 0.306383 0.309126 0.312997 0.315993 0.313009 0.316559 0.258597 0.258858 -9999.0 -9999.0
-9999.0 -9999.0 -9999.0 -9999.0 -9999.0 -9999.0 0.294205 0.301957 0.311739 0.314984 0.315852 0.314164 0.317641 0.187756 0.290958 -9999.0 -9999.0
-9999.0 -9999.0 -9999.0 -9999.0 -9999.0 -9999.0 0.296221 0.300541 0.311052 0.315288 0.316035 0.315427 0.312186 0.311616 0.230847 -9999.0 -9999.0
-9999.0 -9999.0 -9999.0 -9999.0 -9999.0 -9999.0 0.290465 0.299312 0.311161 0.315169 0.315442 0.316389 0.315639 0.319288 0.302671 -9999.0 -9999.0
-9999.0 -9999.0 -9999.0 -9999.0 -9999.0 -9999.0 -9999.0 0.303635 0.311068 0.315005 0.315416 0.316281 0.316136 0.314941 0.317655 -9999.0 -9999.0
-9999.0 -9999.0 -9999.0 -9999.0 -9999.0 -9999.0 0.302770 0.305138 0.311172 0.315016 0.315357 0.315917 0.316648 0.312644 0.317858 0.307809 -9999.0
-9999.0 -9999.0 -9999.0 -9999.0 -9999.0 0.299652 0.304445 0.310378 0.314168 0.315115 0.315009 0.315943 0.317593 0.312872 0.307938 0.315680 -9999.0
-9999.0 -9999.0 -9999.0 0.296767 0.298040 0.304391 0.308199 0.313592 0.314862 0.314899 0.315649 0.315842 0.317976 0.312925 0.309251 0.315754 -9999.0
-9999.0 -9999.0 -9999.0 0.299834 0.305844 0.309232 0.314203 0.314825 0.315064 0.315750 0.316291 0.316399 0.316575 0.316601 0.257742 0.314872 -9999.0
-9999.0 -9999.0 0.303463 0.305359 0.310105 0.312748 0.314413 0.315109 0.316326 0.316438 0.317092 0.317020 0.316451 0.314416 0.306703 0.302618 -9999.0
-9999.0 0.307112 0.309118 0.311022 0.313695 0.314942 0.315654 0.316911 0.317581 0.316890 0.316741 0.316242 0.316100 0.307300 0.298847 -9999.0 -9999.0
-9999.0 0.310728 0.312416 0.314870 0.316220 0.317528 0.319198 0.319946 0.319585 0.317370 0.316041 0.315316 0.310865 0.301998 0.258564 0.258664 -9999.0
-9999.0 0.313467 0.315113 0.317501 0.320065 0.320806 0.321736 0.321585 0.321025 0.317774 0.315684 0.314435 0.305684 0.296894 0.290923 -9999.0 -9999.0
-9999.0 0.316004 0.318736 0.320850 0.322293 0.322963 0.323295 0.321831 0.320341 0.317541 0.315416 0.313501 0.306057 0.299134 -9999.0 -9999.0 -9999.0
-9999.0 -9999.0 0.321784 0.323195 0.323688 0.322204 0.321428 0.319875 0.317263 0.314853 0.314002 0.310736 0.306156 0.302234 -9999.0 -9999.0 -9999.0
-9999.0 -9999.0 0.325992 0.322779 0.321982 0.319186 0.317465 0.316048 0.314477 0.313067 0.313523 0.310826 0.306141 -9999.0 -9999.0 -9999.0 -9999.0
-9999.0 -9999.0 -9999.0 -9999.0 0.318758 0.316443 0.313532 0.313634 0.313080 0.312515 0.312429 0.311126 0.307866 -9999.0 -9999.0 -9999.0 -9999.0
-9999.0 -9999.0 -9999.0 -9999.0 -9999.0 0.313595 0.309586 0.309592 0.311605 0.311442 0.311804 0.311065 0.306731 0.300981 -9999.0 -9999.0 -9999.0
-9999.0 -9999.0 -9999.0 -9999.0 -9999.0 -9999.0 0.302930 0.302001 0.304763 0.308972 0.310261 0.309613 0.306383 0.299665 0.296650 -9999.0 -9999.0
-9999.0 -9999.0 -9999.0 -9999.0 -9999.0 -9999.0 -9999.0 0.293416 0.300058 0.303413 0.306603 0.308017 0.304093 0.297810 -9999.0 -9999.0 -9999.0
-9999.0 -9999.0 -9999.0 -9999.0 -9999.0 -9999.0 -9999.0 -9999.0 0.292443 0.298716 0.304894 0.306232 0.300362 0.294982 0.292767 -9999.0 -9999.0
-9999.0 -9999.0 -9999.0 -9999.0 -9999.0 -9999.0 -9999.0 -9999.0 -9999.0 -9999.0 -9999.0 -9999.0 -9999.0 -9999.0 -9999.0 -9999.0 -9999.0