tests/3D/WG1_2.0_001/output-maps-SE27XX/thetaiceL0002N0016.asc
ncols         17
nrows         27
xllcorner     624603.750000
yllcorner     5171346.250000
cellsize      500.000000
NODATA_value  -9999.0
-9999.0 -9999.0 -9999.0 -9999.0 -9999.0 -9999.0 -9999.0 -9999.0 -9999.0 -9999.0 -9999.0 -9999.0 -9999.0 -9999.0 -9999.0 -9999.0 -9999.0
-9999.0 -9999.0 -9999.0 -9999.0 -9999.0 -9999.0 -9999.0 -9999.0 -9999.0 -9999.0 -9999.0 0.210161 0.016728 0.015230 -9999.0 -9999.0 -9999.0
-9999.0 -9999.0 -9999.0 -9999.0 -9999.0 -9999.0 -9999.0 -9999.0 -9999.0 0.354776 0.343425 0.333282 0.016842 0.015745 0.017524 -9999.0 -9999.0
-9999.0 -9999.0 -9999.0 -9999.0 -9999.0 -9999.0 -9999.0 -9999.0 0.341803 0.337202 0.334630 0.311275 0.340440 0.018983 0.015825 -9999.0 -9999.0
-9999.0 -9999.0 -9999.0 -9999.0 -9999.0 -9999.0 -9999.0 -9999.0 0.337598 0.319629 0.350666 0.308887 0.016125 0.017013 0.015950 -9999.0 -9999.0
-9999.0 -9999.0 -9999.0 -9999.0 -9999.0 -9999.0 -9999.0 0.332707 0.330262 0.332190 0.256728 0.298966 0.311378 0.015723 0.016381 -9999.0 -9999.0
-9999.0 -9999.0 -9999.0 -9999.0 -9999.0 -9999.0 0.347661 0.332816 0.332271 0.346225 0.371295 0.343226 0.324879 0.328610 0.277232 -9999.0 -9999.0
-9999.0 -9999.0 -9999.0 -9999.0 -9999.0 -9999.0 0.333180 0.339821 0.337028 0.346774 0.347914 0.370400 0.334831 0.315548 0.359497 -9999.0 -9999.0
-9999.0 -9999.0 -9999.0 -9999.0 -9999.0 -9999.0 0.345109 0.348040 0.329460 0.342456 0.336954 0.331913 0.295142 0.325121 0.350309 -9999.0 -9999.0
-9999.0 -9999.0 -9999.0 -9999.0 -9999.0 -9999.0 -9999.0 0.332585 0.337514 0.313523 0.352107 0.338528 0.308315 0.349844 0.333117 -9999.0 -9999.0
-9999.0 -9999.0 -9999.0 -9999.0 -9999.0 -9999.0 0.332938 0.337528 0.321275 0.337156 0.343455 0.341599 0.339490 0.323522 0.305009 0.325883 -9999.0
-9999.0 -9999.0 -9999.0 -9999.0 -9999.0 0.339513 0.331313 0.331803 0.330084 0.339567 0.339156 0.339947 0.346634 0.308999 0.340999 0.309112 -9999.0
-9999.0 -9999.0 -9999.0 0.340558 0.366765 0.337379 0.335561 0.328443 0.326160 0.303061 0.331196 0.343998 0.340896 0.333960 0.319177 0.332570 -9999.0
-9999.0 -9999.0 -9999.0 0.334924 0.338295 0.319923 0.330164 0.319737 0.330137 0.328737 0.331114 0.329999 0.321231 0.326406 0.015775 0.317293 -9999.0
-9999.0 -9999.0 0.335504 0.332411 0.321228 0.344962 0.325373 0.307277 0.312688 0.290616 0.327208 0.349287 0.284161 0.307853 0.365596 0.339437 -9999.0
-9999.0 0.337824 0.334104 0.336440 0.344043 0.338129 0.287551 0.299850 0.313722 0.341116 0.347797 0.328220 0.367674 0.330661 0.335359 -9999.0 -9999.0
-9999.0 0.328971 0.336322 0.313328 0.310040 0.257772 0.317529 0.293463 0.292409 0.327769 0.329415 0.344401 0.349576 0.345835 0.015985 0.017352 -9999.0
-9999.0 0.308285 0.328373 0.325554 0.298905 0.237000 0.264212 0.299121 0.295596 0.341752 0.321396 0.336297 0.337585 0.341513 0.335688 -9999.0 -9999.0
-9999.0 0.302034 0.317561 0.276014 0.221371 0.283738 0.269088 0.262974 0.319119 0.333624 0.347658 0.301394 0.337538 0.333595 -9999.0 -9999.0 -9999.0
-9999.0 -9999.0 0.305461 0.195809 0.257219 0.280958 0.325739 0.331484 0.297408 0.329010 0.312106 0.337569 0.321194 0.339969 -9999.0 -9999.0 -9999.0
-9999.0 -9999.0 0.238262 0.301832 0.324557 0.326542 0.348104 0.339884 0.344026 0.335325 0.337887 0.326341 0.330944 -9999.0 -9999.0 -9999.0 -9999.0
-9999.0 -9999.0 -9999.0 -9999.0 0.328236 0.328932 0.330484 0.323216 0.342769 0.325116 0.332847 0.323981 0.334553 -9999.0 -9999.0 -9999.0 -9999.0
-9999.0 -9999.0 -9999.0 -9999.0 -9999.0 0.347205 0.337589 0.342281 0.335667 0.353473 0.341108 0.338510 0.327397 0.331054 -9999.0 -9999.0 -9999.0
-9999.0 -9999.0 -9999.0 -9999.0 -9999.0 -9999.0 0.340557 0.338944 0.329864 0.340059 0.341643 0.341329 0.326836 0.337264 0.340008 -9999.0 -9999.0
-9999.0 -9999.0 -9999.0 -9999.0 -9999.0 -9999.0 -9999.0 0.351255 0.335083 0.338598 0.333297 0.337842 0.337206 0.333512 -9999.0 -9999.0 -9999.0
-9999.0 -9999.0 -9999.0 -9999.0 -9999.0 -9999.0 -9999.0 -9999.0 0.349993 0.342363 0.341530 0.340053 0.337036 0.336027 0.357723 -9999.0 -9999.0
-9999.0 -9999.0 -9999.0 -9999.0 -9999.0 -9999.0 -9999.0 -9999.0 -9999.0 -9999.0 -9999.0 -9999.0 -9999.0 -9999.0 -9999.0 -9999.0 -9999.0