tests/3D/WG1_2.0_001/output-maps-SE27XX/thetaiceL0001N0037.asc
ncols         17
nrows         27
xllcorner     624603.750000
yllcorner     5171346.250000
cellsize      500.000000
NODATA_value  -9999.0
-9999.0 -9999.0 -9999.0 -9999.0 -9999.0 -9999.0 -9999.0 -9999.0 -9999.0 -9999.0 -9999.0 -9999.0 -9999.0 -9999.0 -9999.0 -9999.0 -9999.0
-9999.0 -9999.0 -9999.0 -9999.0 -9999.0 -9999.0 -9999.0 -9999.0 -9999.0 -9999.0 -9999.0 0.346826 0.280261 0.280997 -9999.0 -9999.0 -9999.0
-9999.0 -9999.0 -9999.0 -9999.0 -9999.0 -9999.0 -9999.0 -9999.0 -9999.0 0.356084 0.337916 0.339761 0.280232 0.280732 0.279858 -9999.0 -9999.0
-9999.0 -9999.0 -9999.0 -9999.0 -9999.0 -9999.0 -9999.0 -9999.0 0.327599 0.347314 0.320358 0.343314 0.354648 0.279004 0.280693 -9999.0 -9999.0
-9999.0 -9999.0 -9999.0 -9999.0 -9999.0 -9999.0 -9999.0 -9999.0 0.323375 0.344966 0.353202 0.339232 0.280534 0.280168 0.280639 -9999.0 -9999.0
-9999.0 -9999.0 -9999.0 -9999.0 -9999.0 -9999.0 -9999.0 0.326220 0.347217 0.324393 0.313952 0.341762 0.345777 0.280743 0.280412 -9999.0 -9999.0
-9999.0 -9999.0 -9999.0 -9999.0 -9999.0 -9999.0 0.355480 0.350431 0.331090 0.316509 0.367084 0.346764 0.344407 0.343508 0.342521 -9999.0 -9999.0
-9999.0 -9999.0 -9999.0 -9999.0 -9999.0 -9999.0 0.331537 0.354024 0.350482 0.356593 0.229808 0.364882 0.322490 0.312363 0.353544 -9999.0 -9999.0
-9999.0 -9999.0 -9999.0 -9999.0 -9999.0 -9999.0 0.366115 0.365257 0.351774 0.332492 0.339132 0.348295 0.327981 0.343855 0.355369 -9999.0 -9999.0
-9999.0 -9999.0 -9999.0 -9999.0 -9999.0 -9999.0 -9999.0 0.349285 0.354367 0.329744 0.354523 0.351535 0.347938 0.334714 0.316541 -9999.0 -9999.0
-9999.0 -9999.0 -9999.0 -9999.0 -9999.0 -9999.0 0.348162 0.332808 0.345850 0.352906 0.353371 0.321761 0.348090 0.329148 0.342552 0.346391 -9999.0
-9999.0 -9999.0 -9999.0 -9999.0 -9999.0 0.355593 0.330451 0.329860 0.352675 0.354427 0.352128 0.350926 0.353917 0.321111 0.347201 0.346133 -9999.0
-9999.0 -9999.0 -9999.0 0.341995 0.375805 0.335276 0.329844 0.353767 0.332609 0.324688 0.336355 0.352787 0.353171 0.349539 0.344423 0.345851 -9999.0
-9999.0 -9999.0 -9999.0 0.336494 0.347920 0.346006 0.360121 0.332778 0.353917 0.356440 0.341660 0.340837 0.326632 0.349845 0.280579 0.338591 -9999.0
-9999.0 -9999.0 0.346857 0.348213 0.327159 0.361751 0.354049 0.349076 0.339448 0.341570 0.341236 0.357315 0.319032 0.321002 0.365744 0.358668 -9999.0
-9999.0 0.360467 0.361995 0.356159 0.364058 0.361788 0.348825 0.328654 0.330599 0.362219 0.358350 0.349531 0.365372 0.351721 0.358748 -9999.0 -9999.0
-9999.0 0.348196 0.357717 0.340747 0.337720 0.342862 0.341045 0.339025 0.322041 0.343113 0.361834 0.364089 0.366160 0.356567 0.280544 0.280034 -9999.0
-9999.0 0.331348 0.363243 0.345480 0.338797 0.337288 0.341597 0.355013 0.333837 0.362656 0.354460 0.356953 0.364323 0.368322 0.358220 -9999.0 -9999.0
-9999.0 0.345416 0.329258 0.338454 0.331909 0.335844 0.329858 0.347407 0.351416 0.358608 0.366259 0.323282 0.356472 0.326905 -9999.0 -9999.0 -9999.0
-9999.0 -9999.0 0.339357 0.335066 0.337419 0.349588 0.360122 0.359608 0.344855 0.359539 0.344969 0.362360 0.349496 0.362550 -9999.0 -9999.0 -9999.0
-9999.0 -9999.0 0.338749 0.342314 0.345641 0.359778 0.362869 0.360101 0.362648 0.355137 0.348100 0.326636 0.359871 -9999.0 -9999.0 -9999.0 -9999.0
-9999.0 -9999.0 -9999.0 -9999.0 0.359634 0.360166 0.355594 0.360626 0.357816 0.353005 0.355002 0.345560 0.356605 -9999.0 -9999.0 -9999.0 -9999.0
-9999.0 -9999.0 -9999.0 -9999.0 -9999.0 0.370327 0.370265 0.371853 0.358179 0.373686 0.357393 0.341767 0.325319 0.327939 -9999.0 -9999.0 -9999.0
-9999.0 -9999.0 -9999.0 -9999.0 -9999.0 -9999.0 0.370844 0.372255 0.356554 0.367556 0.366515 0.365354 0.354950 0.357026 0.358239 -9999.0 -9999.0
-9999.0 -9999.0 -9999.0 -9999.0 -9999.0 -9999.0 -9999.0 0.372824 0.359711 0.359178 0.367152 0.359491 0.359951 0.329799 -9999.0 -9999.0 -9999.0
-9999.0 -9999.0 -9999.0 -9999.0 -9999.0 -9999.0 -9999.0 -9999.0 0.366987 0.364066 0.368440 0.366796 0.367732 0.366130 0.377659 -9999.0 -9999.0
-9999.0 -9999.0 -9999.0 -9999.0 -9999.0 -9999.0 -9999.0 -9999.0 -9999.0 -9999.0 -9999.0 -9999.0 -9999.0 -9999.0 -9999.0 -9999.0 -9999.0