tests/3D/WG1_2.0_001/output-maps-SE27XX/thetaliqL0002N0012.asc
ncols         17
nrows         27
xllcorner     624603.750000
yllcorner     5171346.250000
cellsize      500.000000
NODATA_value  -9999.0
-9999.0 -9999.0 -9999.0 -9999.0 -9999.0 -9999.0 -9999.0 -9999.0 -9999.0 -9999.0 -9999.0 -9999.0 -9999.0 -9999.0 -9999.0 -9999.0 -9999.0
-9999.0 -9999.0 -9999.0 -9999.0 -9999.0 -9999.0 -9999.0 -9999.0 -9999.0 -9999.0 -9999.0 0.265295 0.301283 0.301197 -9999.0 -9999.0 -9999.0
-9999.0 -9999.0 -9999.0 -9999.0 -9999.0 -9999.0 -9999.0 -9999.0 -9999.0 0.244454 0.232462 0.266921 0.301876 0.301168 0.300939 -9999.0 -9999.0
-9999.0 -9999.0 -9999.0 -9999.0 -9999.0 -9999.0 -9999.0 -9999.0 0.252192 0.253616 0.257164 0.247172 0.266932 0.301905 0.301238 -9999.0 -9999.0
-9999.0 -9999.0 -9999.0 -9999.0 -9999.0 -9999.0 -9999.0 -9999.0 0.246124 0.253151 0.257156 0.254402 0.302317 0.301712 0.301234 -9999.0 -9999.0
-9999.0 -9999.0 -9999.0 -9999.0 -9999.0 -9999.0 -9999.0 0.245127 0.250834 0.260220 0.264945 0.257126 0.253686 0.301178 0.300724 -9999.0 -9999.0
-9999.0 -9999.0 -9999.0 -9999.0 -9999.0 -9999.0 0.227988 0.239663 0.256106 0.264624 0.264711 0.256965 0.254817 0.223185 0.266902 -9999.0 -9999.0
-9999.0 -9999.0 -9999.0 -9999.0 -9999.0 -9999.0 0.230270 0.237339 0.252874 0.266266 0.269666 0.261224 0.254415 0.248745 0.265049 -9999.0 -9999.0
-9999.0 -9999.0 -9999.0 -9999.0 -9999.0 -9999.0 0.222998 0.235245 0.253893 0.266948 0.271038 0.270929 0.261847 0.258123 0.240297 -9999.0 -9999.0
-9999.0 -9999.0 -9999.0 -9999.0 -9999.0 -9999.0 -9999.0 0.241499 0.254317 0.267401 0.270188 0.270178 0.262170 0.257309 0.256537 -9999.0 -9999.0
-9999.0 -9999.0 -9999.0 -9999.0 -9999.0 -9999.0 0.240279 0.245184 0.255619 0.266940 0.269577 0.270473 0.263123 0.254703 0.259029 0.243884 -9999.0
-9999.0 -9999.0 -9999.0 -9999.0 -9999.0 0.236190 0.243876 0.253897 0.263009 0.267572 0.271666 0.270924 0.267615 0.257309 0.245689 0.252934 -9999.0
-9999.0 -9999.0 -9999.0 0.231589 0.233422 0.243207 0.249449 0.261344 0.267892 0.271625 0.272021 0.273458 0.267219 0.254280 0.248705 0.252814 -9999.0
-9999.0 -9999.0 -9999.0 0.235918 0.244500 0.251810 0.261701 0.264811 0.270840 0.272620 0.272229 0.273273 0.270632 0.262039 0.302065 0.250809 -9999.0
-9999.0 -9999.0 0.240506 0.243555 0.253322 0.256099 0.261414 0.268889 0.268564 0.270664 0.269590 0.268734 0.269988 0.259060 0.243794 0.239949 -9999.0
-9999.0 0.246507 0.251634 0.252423 0.256596 0.265914 0.267719 0.265879 0.266777 0.269103 0.269595 0.262988 0.262518 0.244831 0.231903 -9999.0 -9999.0
-9999.0 0.252327 0.254585 0.259807 0.263447 0.264608 0.265317 0.267243 0.265219 0.269916 0.270478 0.259986 0.250772 0.238120 0.301023 0.300566 -9999.0
-9999.0 0.255917 0.257863 0.259758 0.262749 0.265076 0.276380 0.268050 0.267781 0.269071 0.268053 0.262540 0.244512 0.231753 0.222802 -9999.0 -9999.0
-9999.0 0.253086 0.250867 0.257520 0.290126 0.302960 0.269335 0.264386 0.264800 0.265489 0.262192 0.261347 0.246324 0.236170 -9999.0 -9999.0 -9999.0
-9999.0 -9999.0 0.264161 0.298131 0.275672 0.260083 0.260738 0.264590 0.262910 0.269025 0.265908 0.254600 0.246977 0.240510 -9999.0 -9999.0 -9999.0
-9999.0 -9999.0 0.296062 0.290458 0.259139 0.258149 0.265194 0.264992 0.264397 0.268002 0.265537 0.258258 0.246277 -9999.0 -9999.0 -9999.0 -9999.0
-9999.0 -9999.0 -9999.0 -9999.0 0.257910 0.262124 0.257477 0.263285 0.261424 0.264670 0.265478 0.258772 0.249680 -9999.0 -9999.0 -9999.0 -9999.0
-9999.0 -9999.0 -9999.0 -9999.0 -9999.0 0.257740 0.251580 0.251811 0.258990 0.259463 0.262078 0.259779 0.249064 0.240089 -9999.0 -9999.0 -9999.0
-9999.0 -9999.0 -9999.0 -9999.0 -9999.0 -9999.0 0.240782 0.239956 0.244389 0.253228 0.257769 0.256659 0.247787 0.238541 0.233444 -9999.0 -9999.0
-9999.0 -9999.0 -9999.0 -9999.0 -9999.0 -9999.0 -9999.0 0.228391 0.238155 0.243291 0.249749 0.253514 0.244695 0.235935 -9999.0 -9999.0 -9999.0
-9999.0 -9999.0 -9999.0 -9999.0 -9999.0 -9999.0 -9999.0 -9999.0 0.228192 0.237111 0.246583 0.248452 0.239642 0.232096 0.228553 -9999.0 -9999.0
-9999.0 -9999.0 -9999.0 -9999.0 -9999.0 -9999.0 -9999.0 -9999.0 -9999.0 -9999.0 -9999.0 -9999.0 -9999.0 -9999.0 -9999.0 -9999.0 -9999.0