tests/3D/WG1_2.0_001/output-maps-SE27XX/thetaliqL0005N0012.asc
ncols         17
nrows         27
xllcorner     624603.750000
yllcorner     5171346.250000
cellsize      500.000000
NODATA_value  -9999.0
-9999.0 -9999.0 -9999.0 -9999.0 -9999.0 -9999.0 -9999.0 -9999.0 -9999.0 -9999.0 -9999.0 -9999.0 -9999.0 -9999.0 -9999.0 -9999.0 -9999.0
-9999.0 -9999.0 -9999.0 -9999.0 -9999.0 -9999.0 -9999.0 -9999.0 -9999.0 -9999.0 -9999.0 0.388149 0.387778 0.387637 -9999.0 -9999.0 -9999.0
-9999.0 -9999.0 -9999.0 -9999.0 -9999.0 -9999.0 -9999.0 -9999.0 -9999.0 0.387087 0.387541 0.388118 0.388375 0.387656 0.387382 -9999.0 -9999.0
-9999.0 -9999.0 -9999.0 -9999.0 -9999.0 -9999.0 -9999.0 -9999.0 0.387383 0.387502 0.388119 0.388954 0.389513 0.388377 0.387698 -9999.0 -9999.0
-9999.0 -9999.0 -9999.0 -9999.0 -9999.0 -9999.0 -9999.0 -9999.0 0.387559 0.388121 0.388818 0.388902 0.389092 0.388214 0.387730 -9999.0 -9999.0
-9999.0 -9999.0 -9999.0 -9999.0 -9999.0 -9999.0 -9999.0 0.387447 0.388144 0.388436 0.389047 0.388869 0.388947 0.387669 0.387224 -9999.0 -9999.0
-9999.0 -9999.0 -9999.0 -9999.0 -9999.0 -9999.0 0.387400 0.387904 0.388481 0.389365 0.388157 0.389031 0.389094 0.387621 0.387073 -9999.0 -9999.0
-9999.0 -9999.0 -9999.0 -9999.0 -9999.0 -9999.0 0.387292 0.388235 0.389482 0.388243 0.389018 0.389469 0.389674 0.388219 0.387220 -9999.0 -9999.0
-9999.0 -9999.0 -9999.0 -9999.0 -9999.0 -9999.0 0.387346 0.388164 0.389202 0.388517 0.388410 0.389358 0.390125 0.388712 0.387541 -9999.0 -9999.0
-9999.0 -9999.0 -9999.0 -9999.0 -9999.0 -9999.0 -9999.0 0.388787 0.389125 0.388837 0.388823 0.389020 0.390317 0.388946 0.387834 -9999.0 -9999.0
-9999.0 -9999.0 -9999.0 -9999.0 -9999.0 -9999.0 0.387504 0.388029 0.389134 0.388847 0.388648 0.388628 0.390045 0.389086 0.387387 0.386884 -9999.0
-9999.0 -9999.0 -9999.0 -9999.0 -9999.0 0.387388 0.387840 0.389113 0.390081 0.389151 0.388589 0.388888 0.390324 0.389542 0.387586 0.386985 -9999.0
-9999.0 -9999.0 -9999.0 0.387090 0.387399 0.387985 0.389194 0.390561 0.390559 0.389406 0.388734 0.389440 0.391126 0.390417 0.388104 0.387242 -9999.0
-9999.0 -9999.0 -9999.0 0.387672 0.388305 0.389507 0.390628 0.391005 0.390437 0.388796 0.389037 0.390344 0.392047 0.391543 0.388575 0.387543 -9999.0
-9999.0 -9999.0 0.388103 0.388789 0.390139 0.390882 0.391086 0.390659 0.389188 0.388130 0.389192 0.391149 0.392469 0.391208 0.388830 0.387691 -9999.0
-9999.0 0.388594 0.388850 0.390490 0.391830 0.391720 0.391151 0.389768 0.388372 0.388210 0.390274 0.391924 0.392038 0.390721 0.389440 -9999.0 -9999.0
-9999.0 0.389774 0.390730 0.392373 0.392548 0.391667 0.390423 0.388993 0.388337 0.390091 0.391636 0.391870 0.390977 0.389101 0.387529 0.387077 -9999.0
-9999.0 0.390725 0.391625 0.392344 0.391365 0.389648 0.388584 0.388617 0.389608 0.391432 0.391957 0.390963 0.389714 0.388320 0.387759 -9999.0 -9999.0
-9999.0 0.391200 0.391150 0.390439 0.388629 0.388672 0.389170 0.388856 0.390243 0.391402 0.391328 0.390237 0.388649 0.388095 -9999.0 -9999.0 -9999.0
-9999.0 -9999.0 0.389155 0.389225 0.389591 0.389441 0.390343 0.390259 0.389888 0.390030 0.390269 0.389352 0.387669 0.387459 -9999.0 -9999.0 -9999.0
-9999.0 -9999.0 0.390354 0.387919 0.391194 0.392037 0.391957 0.390648 0.389165 0.388766 0.389477 0.388753 0.387974 -9999.0 -9999.0 -9999.0 -9999.0
-9999.0 -9999.0 -9999.0 -9999.0 0.392836 0.392787 0.391474 0.390555 0.389345 0.388206 0.388619 0.388503 0.387992 -9999.0 -9999.0 -9999.0 -9999.0
-9999.0 -9999.0 -9999.0 -9999.0 -9999.0 0.391565 0.389899 0.389972 0.389802 0.388904 0.388123 0.388349 0.387894 0.387513 -9999.0 -9999.0 -9999.0
-9999.0 -9999.0 -9999.0 -9999.0 -9999.0 -9999.0 0.388923 0.388627 0.389168 0.389023 0.388255 0.388025 0.387702 0.387203 0.386954 -9999.0 -9999.0
-9999.0 -9999.0 -9999.0 -9999.0 -9999.0 -9999.0 -9999.0 0.388105 0.387830 0.388075 0.387913 0.387373 0.387507 0.387411 -9999.0 -9999.0 -9999.0
-9999.0 -9999.0 -9999.0 -9999.0 -9999.0 -9999.0 -9999.0 -9999.0 0.387591 0.387628 0.387172 0.387599 0.387238 0.387028 0.386849 -9999.0 -9999.0
-9999.0 -9999.0 -9999.0 -9999.0 -9999.0 -9999.0 -9999.0 -9999.0 -9999.0 -9999.0 -9999.0 -9999.0 -9999.0 -9999.0 -9999.0 -9999.0 -9999.0