tests/3D/WG1_2.0_001/output-maps-SE27XX/thetaliqL0002N0003.asc
ncols         17
nrows         27
xllcorner     624603.750000
yllcorner     5171346.250000
cellsize      500.000000
NODATA_value  -9999.0
-9999.0 -9999.0 -9999.0 -9999.0 -9999.0 -9999.0 -9999.0 -9999.0 -9999.0 -9999.0 -9999.0 -9999.0 -9999.0 -9999.0 -9999.0 -9999.0 -9999.0
-9999.0 -9999.0 -9999.0 -9999.0 -9999.0 -9999.0 -9999.0 -9999.0 -9999.0 -9999.0 -9999.0 0.301050 0.318369 0.306139 -9999.0 -9999.0 -9999.0
-9999.0 -9999.0 -9999.0 -9999.0 -9999.0 -9999.0 -9999.0 -9999.0 -9999.0 0.335185 0.318155 0.302073 0.318900 0.310075 0.327171 -9999.0 -9999.0
-9999.0 -9999.0 -9999.0 -9999.0 -9999.0 -9999.0 -9999.0 -9999.0 0.316755 0.309942 0.315139 0.303472 0.314918 0.351453 0.310718 -9999.0 -9999.0
-9999.0 -9999.0 -9999.0 -9999.0 -9999.0 -9999.0 -9999.0 -9999.0 0.311444 0.303559 0.336287 0.301642 0.313232 0.320177 0.311573 -9999.0 -9999.0
-9999.0 -9999.0 -9999.0 -9999.0 -9999.0 -9999.0 -9999.0 0.307928 0.308791 0.316677 0.302229 0.301095 0.306294 0.309902 0.315508 -9999.0 -9999.0
-9999.0 -9999.0 -9999.0 -9999.0 -9999.0 -9999.0 0.324748 0.304492 0.314298 0.315232 0.353048 0.318866 0.305998 0.302023 0.301804 -9999.0 -9999.0
-9999.0 -9999.0 -9999.0 -9999.0 -9999.0 -9999.0 0.311667 0.313305 0.315127 0.314217 0.320470 0.351155 0.315965 0.305157 0.340593 -9999.0 -9999.0
-9999.0 -9999.0 -9999.0 -9999.0 -9999.0 -9999.0 0.317789 0.321861 0.309796 0.327441 0.300672 0.301678 0.302177 0.309345 0.330141 -9999.0 -9999.0
-9999.0 -9999.0 -9999.0 -9999.0 -9999.0 -9999.0 -9999.0 0.304196 0.315832 0.314367 0.321099 0.313642 0.308659 0.345207 0.309276 -9999.0 -9999.0
-9999.0 -9999.0 -9999.0 -9999.0 -9999.0 -9999.0 0.306481 0.313695 0.306447 0.305192 0.312564 0.313813 0.322133 0.309555 0.301609 0.308770 -9999.0
-9999.0 -9999.0 -9999.0 -9999.0 -9999.0 0.311980 0.310151 0.308797 0.298946 0.311942 0.308148 0.311563 0.330365 0.304725 0.313396 0.301074 -9999.0
-9999.0 -9999.0 -9999.0 0.314153 0.345858 0.316179 0.311727 0.299489 0.301221 0.297435 0.301874 0.318490 0.329814 0.295487 0.301742 0.311164 -9999.0
-9999.0 -9999.0 -9999.0 0.307632 0.319166 0.302194 0.316274 0.301115 0.310036 0.319048 0.309898 0.301320 0.318723 0.314521 0.309384 0.303728 -9999.0
-9999.0 -9999.0 0.308728 0.308003 0.304256 0.325638 0.302591 0.302961 0.306575 0.300024 0.302665 0.317610 0.305972 0.309810 0.348818 0.312082 -9999.0
-9999.0 0.312982 0.314339 0.307892 0.320448 0.317598 0.298535 0.300498 0.305380 0.329129 0.321389 0.299562 0.349835 0.306181 0.305103 -9999.0 -9999.0
-9999.0 0.310222 0.310025 0.309622 0.311244 0.309461 0.314812 0.315939 0.299409 0.314849 0.333101 0.325586 0.326165 0.324793 0.312041 0.322987 -9999.0
-9999.0 0.305038 0.323620 0.314072 0.312442 0.303121 0.310126 0.313627 0.308794 0.326114 0.312462 0.313306 0.311889 0.316169 0.302890 -9999.0 -9999.0
-9999.0 0.312273 0.300610 0.308209 0.304999 0.305160 0.305308 0.311870 0.314008 0.314280 0.318598 0.306148 0.318385 0.310567 -9999.0 -9999.0 -9999.0
-9999.0 -9999.0 0.312500 0.305993 0.308784 0.315703 0.322609 0.318658 0.301927 0.318093 0.298220 0.317396 0.305279 0.314269 -9999.0 -9999.0 -9999.0
-9999.0 -9999.0 0.307519 0.308640 0.323116 0.316582 0.333186 0.323309 0.318111 0.308950 0.317549 0.311949 0.307095 -9999.0 -9999.0 -9999.0 -9999.0
-9999.0 -9999.0 -9999.0 -9999.0 0.312886 0.313847 0.304224 0.314360 0.315359 0.302216 0.308580 0.310614 0.314225 -9999.0 -9999.0 -9999.0 -9999.0
-9999.0 -9999.0 -9999.0 -9999.0 -9999.0 0.321675 0.316042 0.312874 0.309325 0.324340 0.312394 0.326094 0.309920 0.309395 -9999.0 -9999.0 -9999.0
-9999.0 -9999.0 -9999.0 -9999.0 -9999.0 -9999.0 0.316356 0.314393 0.307682 0.309092 0.310401 0.313150 0.306898 0.314803 0.315514 -9999.0 -9999.0
-9999.0 -9999.0 -9999.0 -9999.0 -9999.0 -9999.0 -9999.0 0.327532 0.314777 0.315673 0.312623 0.309512 0.305568 0.311699 -9999.0 -9999.0 -9999.0
-9999.0 -9999.0 -9999.0 -9999.0 -9999.0 -9999.0 -9999.0 -9999.0 0.327749 0.319025 0.317742 0.316266 0.311755 0.306845 0.338232 -9999.0 -9999.0
-9999.0 -9999.0 -9999.0 -9999.0 -9999.0 -9999.0 -9999.0 -9999.0 -9999.0 -9999.0 -9999.0 -9999.0 -9999.0 -9999.0 -9999.0 -9999.0 -9999.0