tests/3D/WG1_2.0_001/output-maps-SE27XX/thetaliqL0003N0055.asc
ncols         17
nrows         27
xllcorner     624603.750000
yllcorner     5171346.250000
cellsize      500.000000
NODATA_value  -9999.0
-9999.0 -9999.0 -9999.0 -9999.0 -9999.0 -9999.0 -9999.0 -9999.0 -9999.0 -9999.0 -9999.0 -9999.0 -9999.0 -9999.0 -9999.0 -9999.0 -9999.0
-9999.0 -9999.0 -9999.0 -9999.0 -9999.0 -9999.0 -9999.0 -9999.0 -9999.0 -9999.0 -9999.0 0.136847 0.313066 0.298779 -9999.0 -9999.0 -9999.0
-9999.0 -9999.0 -9999.0 -9999.0 -9999.0 -9999.0 -9999.0 -9999.0 -9999.0 0.128577 0.144168 0.153048 0.313690 0.303482 0.322901 -9999.0 -9999.0
-9999.0 -9999.0 -9999.0 -9999.0 -9999.0 -9999.0 -9999.0 -9999.0 0.144464 0.135134 0.225936 0.141431 0.134628 0.343905 0.304160 -9999.0 -9999.0
-9999.0 -9999.0 -9999.0 -9999.0 -9999.0 -9999.0 -9999.0 -9999.0 0.145765 0.151212 0.152730 0.194502 0.307582 0.315167 0.305230 -9999.0 -9999.0
-9999.0 -9999.0 -9999.0 -9999.0 -9999.0 -9999.0 -9999.0 0.138159 0.140942 0.213938 0.212283 0.189367 0.145791 0.303286 0.309800 -9999.0 -9999.0
-9999.0 -9999.0 -9999.0 -9999.0 -9999.0 -9999.0 0.129568 0.134757 0.244500 0.127765 0.129597 0.143407 0.149498 0.160782 0.151091 -9999.0 -9999.0
-9999.0 -9999.0 -9999.0 -9999.0 -9999.0 -9999.0 0.167814 0.130569 0.136551 0.134227 0.130022 0.129690 0.209238 0.185518 0.137444 -9999.0 -9999.0
-9999.0 -9999.0 -9999.0 -9999.0 -9999.0 -9999.0 0.134864 0.135375 0.135762 0.170224 0.133838 0.138773 0.199345 0.143535 0.139947 -9999.0 -9999.0
-9999.0 -9999.0 -9999.0 -9999.0 -9999.0 -9999.0 -9999.0 0.132039 0.133362 0.226372 0.130127 0.129439 0.140606 0.298129 0.179949 -9999.0 -9999.0
-9999.0 -9999.0 -9999.0 -9999.0 -9999.0 -9999.0 0.131652 0.197130 0.144322 0.130753 0.129928 0.130546 0.140158 0.199868 0.168556 0.138925 -9999.0
-9999.0 -9999.0 -9999.0 -9999.0 -9999.0 0.130795 0.137859 0.153333 0.137171 0.130488 0.139636 0.132558 0.135962 0.197257 0.140412 0.139706 -9999.0
-9999.0 -9999.0 -9999.0 0.141184 0.129086 0.225133 0.140725 0.136444 0.199893 0.199892 0.148540 0.132349 0.133398 0.136163 0.156450 0.153531 -9999.0
-9999.0 -9999.0 -9999.0 0.131708 0.224939 0.143246 0.140022 0.195677 0.168770 0.218220 0.244446 0.193179 0.339505 0.158380 0.304371 0.159511 -9999.0
-9999.0 -9999.0 0.133848 0.141752 0.160423 0.134599 0.144522 0.206583 0.232282 0.220873 0.205061 0.135789 0.216266 0.213452 0.130364 0.137812 -9999.0
-9999.0 0.166600 0.157082 0.132634 0.134175 0.163113 0.191033 0.237377 0.253628 0.262051 0.149553 0.145948 0.130847 0.136019 0.134561 -9999.0 -9999.0
-9999.0 0.209660 0.135886 0.242996 0.257465 0.244460 0.284417 0.286599 0.254370 0.263610 0.149239 0.134118 0.133233 0.131539 0.306330 0.318287 -9999.0
-9999.0 0.228650 0.226840 0.274834 0.296747 0.311881 0.309813 0.210899 0.268311 0.239165 0.216554 0.139258 0.135150 0.132638 0.132905 -9999.0 -9999.0
-9999.0 0.243994 0.228495 0.306760 0.237582 0.295015 0.263517 0.255993 0.236298 0.158489 0.136520 0.189264 0.133515 0.136842 -9999.0 -9999.0 -9999.0
-9999.0 -9999.0 0.309988 0.268539 0.284630 0.263130 0.246238 0.236564 0.206508 0.142240 0.165125 0.133633 0.140021 0.135146 -9999.0 -9999.0 -9999.0
-9999.0 -9999.0 0.270867 0.300489 0.272199 0.208581 0.146826 0.135797 0.138262 0.156036 0.133402 0.227768 0.134829 -9999.0 -9999.0 -9999.0 -9999.0
-9999.0 -9999.0 -9999.0 -9999.0 0.184699 0.137033 0.134925 0.171663 0.133901 0.137904 0.130832 0.149630 0.132563 -9999.0 -9999.0 -9999.0 -9999.0
-9999.0 -9999.0 -9999.0 -9999.0 -9999.0 0.134604 0.132752 0.132620 0.137589 0.135490 0.132079 0.246796 0.197847 0.137100 -9999.0 -9999.0 -9999.0
-9999.0 -9999.0 -9999.0 -9999.0 -9999.0 -9999.0 0.132476 0.131967 0.132072 0.132421 0.133279 0.133390 0.133310 0.132340 0.131329 -9999.0 -9999.0
-9999.0 -9999.0 -9999.0 -9999.0 -9999.0 -9999.0 -9999.0 0.131414 0.132588 0.132710 0.132649 0.132408 0.131873 0.132116 -9999.0 -9999.0 -9999.0
-9999.0 -9999.0 -9999.0 -9999.0 -9999.0 -9999.0 -9999.0 -9999.0 0.131230 0.132142 0.132706 0.133138 0.132862 0.133966 0.132381 -9999.0 -9999.0
-9999.0 -9999.0 -9999.0 -9999.0 -9999.0 -9999.0 -9999.0 -9999.0 -9999.0 -9999.0 -9999.0 -9999.0 -9999.0 -9999.0 -9999.0 -9999.0 -9999.0