tests/3D/WG1_2.0_001/output-maps-SE27XX/thetaliqL0002N0011.asc
ncols         17
nrows         27
xllcorner     624603.750000
yllcorner     5171346.250000
cellsize      500.000000
NODATA_value  -9999.0
-9999.0 -9999.0 -9999.0 -9999.0 -9999.0 -9999.0 -9999.0 -9999.0 -9999.0 -9999.0 -9999.0 -9999.0 -9999.0 -9999.0 -9999.0 -9999.0 -9999.0
-9999.0 -9999.0 -9999.0 -9999.0 -9999.0 -9999.0 -9999.0 -9999.0 -9999.0 -9999.0 -9999.0 0.283893 0.302438 0.302353 -9999.0 -9999.0 -9999.0
-9999.0 -9999.0 -9999.0 -9999.0 -9999.0 -9999.0 -9999.0 -9999.0 -9999.0 0.279982 0.264961 0.285231 0.303022 0.302323 0.302098 -9999.0 -9999.0
-9999.0 -9999.0 -9999.0 -9999.0 -9999.0 -9999.0 -9999.0 -9999.0 0.291250 0.292329 0.293835 0.283377 0.284670 0.303051 0.302393 -9999.0 -9999.0
-9999.0 -9999.0 -9999.0 -9999.0 -9999.0 -9999.0 -9999.0 -9999.0 0.282948 0.290333 0.293587 0.290882 0.303457 0.302861 0.302389 -9999.0 -9999.0
-9999.0 -9999.0 -9999.0 -9999.0 -9999.0 -9999.0 -9999.0 0.282833 0.288273 0.293034 0.292682 0.292831 0.292279 0.302334 0.301886 -9999.0 -9999.0
-9999.0 -9999.0 -9999.0 -9999.0 -9999.0 -9999.0 0.263816 0.275769 0.291830 0.291693 0.292159 0.294021 0.294049 0.252872 0.284729 -9999.0 -9999.0
-9999.0 -9999.0 -9999.0 -9999.0 -9999.0 -9999.0 0.266471 0.273370 0.291047 0.289709 0.290031 0.295674 0.290423 0.284873 0.281915 -9999.0 -9999.0
-9999.0 -9999.0 -9999.0 -9999.0 -9999.0 -9999.0 0.259093 0.271539 0.291468 0.289312 0.288472 0.290467 0.295388 0.295691 0.273647 -9999.0 -9999.0
-9999.0 -9999.0 -9999.0 -9999.0 -9999.0 -9999.0 -9999.0 0.278805 0.291517 0.289030 0.288876 0.290306 0.295798 0.293806 0.294011 -9999.0 -9999.0
-9999.0 -9999.0 -9999.0 -9999.0 -9999.0 -9999.0 0.278361 0.283237 0.291437 0.288999 0.288823 0.289491 0.294711 0.291833 0.293813 0.279576 -9999.0
-9999.0 -9999.0 -9999.0 -9999.0 -9999.0 0.273774 0.282347 0.290207 0.290041 0.288928 0.287609 0.289318 0.292740 0.293087 0.282665 0.291887 -9999.0
-9999.0 -9999.0 -9999.0 0.269144 0.271041 0.282219 0.287976 0.290010 0.288903 0.287447 0.287732 0.288437 0.293102 0.292452 0.286125 0.291914 -9999.0
-9999.0 -9999.0 -9999.0 0.274339 0.284078 0.288959 0.289749 0.289741 0.287805 0.287306 0.287846 0.288920 0.290934 0.294544 0.303205 0.290569 -9999.0
-9999.0 -9999.0 0.280293 0.283355 0.289437 0.291063 0.290690 0.288228 0.288635 0.287655 0.289495 0.291010 0.290910 0.293546 0.281404 0.275910 -9999.0
-9999.0 0.285804 0.287900 0.289946 0.292006 0.289729 0.289284 0.290073 0.289579 0.288538 0.289907 0.293619 0.293494 0.282893 0.268446 -9999.0 -9999.0
-9999.0 0.288662 0.289873 0.291039 0.291460 0.291843 0.292265 0.291684 0.291804 0.289850 0.289888 0.293468 0.290020 0.274928 0.302179 0.301726 -9999.0
-9999.0 0.289677 0.291162 0.293408 0.294360 0.293652 0.293017 0.292902 0.293116 0.291361 0.290356 0.290479 0.282655 0.268034 0.259033 -9999.0 -9999.0
-9999.0 0.292263 0.292856 0.295731 0.301637 0.300662 0.296186 0.294391 0.293680 0.291921 0.291799 0.289800 0.284773 0.272555 -9999.0 -9999.0 -9999.0
-9999.0 -9999.0 0.293328 0.297976 0.297266 0.296087 0.295681 0.293493 0.291191 0.287772 0.288263 0.290555 0.285514 0.278388 -9999.0 -9999.0 -9999.0
-9999.0 -9999.0 0.295851 0.298756 0.296928 0.295105 0.292262 0.290233 0.287782 0.285679 0.287191 0.288035 0.285431 -9999.0 -9999.0 -9999.0 -9999.0
-9999.0 -9999.0 -9999.0 -9999.0 0.295102 0.292343 0.291689 0.288554 0.287848 0.285751 0.285586 0.287844 0.287746 -9999.0 -9999.0 -9999.0 -9999.0
-9999.0 -9999.0 -9999.0 -9999.0 -9999.0 0.290916 0.289422 0.289562 0.288030 0.287392 0.285391 0.286905 0.287030 0.277662 -9999.0 -9999.0 -9999.0
-9999.0 -9999.0 -9999.0 -9999.0 -9999.0 -9999.0 0.279901 0.278839 0.283665 0.289012 0.286892 0.287114 0.286274 0.275782 0.270070 -9999.0 -9999.0
-9999.0 -9999.0 -9999.0 -9999.0 -9999.0 -9999.0 -9999.0 0.265144 0.276161 0.282365 0.287298 0.287182 0.283343 0.272678 -9999.0 -9999.0 -9999.0
-9999.0 -9999.0 -9999.0 -9999.0 -9999.0 -9999.0 -9999.0 -9999.0 0.264694 0.274737 0.285138 0.286653 0.277570 0.268497 0.264670 -9999.0 -9999.0
-9999.0 -9999.0 -9999.0 -9999.0 -9999.0 -9999.0 -9999.0 -9999.0 -9999.0 -9999.0 -9999.0 -9999.0 -9999.0 -9999.0 -9999.0 -9999.0 -9999.0