tests/3D/WG1_2.0_001/output-maps-SE27XX/thetaliqL0004N0012.asc
ncols         17
nrows         27
xllcorner     624603.750000
yllcorner     5171346.250000
cellsize      500.000000
NODATA_value  -9999.0
-9999.0 -9999.0 -9999.0 -9999.0 -9999.0 -9999.0 -9999.0 -9999.0 -9999.0 -9999.0 -9999.0 -9999.0 -9999.0 -9999.0 -9999.0 -9999.0 -9999.0
-9999.0 -9999.0 -9999.0 -9999.0 -9999.0 -9999.0 -9999.0 -9999.0 -9999.0 -9999.0 -9999.0 0.325430 0.338918 0.326099 -9999.0 -9999.0 -9999.0
-9999.0 -9999.0 -9999.0 -9999.0 -9999.0 -9999.0 -9999.0 -9999.0 -9999.0 0.352427 0.343664 0.329264 0.339470 0.330229 0.348147 -9999.0 -9999.0
-9999.0 -9999.0 -9999.0 -9999.0 -9999.0 -9999.0 -9999.0 -9999.0 0.342164 0.336746 0.343593 0.335269 0.339095 0.372271 0.330900 -9999.0 -9999.0
-9999.0 -9999.0 -9999.0 -9999.0 -9999.0 -9999.0 -9999.0 -9999.0 0.338052 0.332699 0.360795 0.332888 0.333564 0.340808 0.331797 -9999.0 -9999.0
-9999.0 -9999.0 -9999.0 -9999.0 -9999.0 -9999.0 -9999.0 0.334392 0.335750 0.343913 0.333658 0.332401 0.337873 0.330048 0.335919 -9999.0 -9999.0
-9999.0 -9999.0 -9999.0 -9999.0 -9999.0 -9999.0 0.346049 0.330427 0.341176 0.337808 0.372137 0.345119 0.336764 0.333461 0.328938 -9999.0 -9999.0
-9999.0 -9999.0 -9999.0 -9999.0 -9999.0 -9999.0 0.336730 0.337564 0.340339 0.337078 0.343645 0.371113 0.344424 0.337307 0.362988 -9999.0 -9999.0
-9999.0 -9999.0 -9999.0 -9999.0 -9999.0 -9999.0 0.338121 0.343647 0.336022 0.352361 0.327300 0.330814 0.333262 0.339589 0.355446 -9999.0 -9999.0
-9999.0 -9999.0 -9999.0 -9999.0 -9999.0 -9999.0 -9999.0 0.329626 0.340776 0.341405 0.343933 0.339371 0.337795 0.366989 0.338429 -9999.0 -9999.0
-9999.0 -9999.0 -9999.0 -9999.0 -9999.0 -9999.0 0.331189 0.338344 0.332856 0.331157 0.337216 0.338118 0.347898 0.338338 0.333384 0.339290 -9999.0
-9999.0 -9999.0 -9999.0 -9999.0 -9999.0 0.334476 0.334843 0.334191 0.325831 0.336972 0.334024 0.336241 0.354781 0.334306 0.339655 0.332620 -9999.0
-9999.0 -9999.0 -9999.0 0.335756 0.362871 0.339484 0.335839 0.325781 0.328560 0.326222 0.328696 0.342188 0.354128 0.324089 0.331053 0.338656 -9999.0
-9999.0 -9999.0 -9999.0 0.330511 0.341769 0.327095 0.339785 0.327512 0.334894 0.343257 0.335148 0.326911 0.345267 0.341274 0.329496 0.333539 -9999.0
-9999.0 -9999.0 0.331265 0.331425 0.328794 0.347770 0.327649 0.328016 0.331748 0.326965 0.328448 0.338807 0.334032 0.337467 0.366465 0.338021 -9999.0
-9999.0 0.334789 0.336348 0.329910 0.341355 0.338973 0.323456 0.325965 0.331066 0.351549 0.344082 0.325972 0.369202 0.331846 0.330207 -9999.0 -9999.0
-9999.0 0.333007 0.332759 0.333623 0.335557 0.333408 0.338835 0.340798 0.325964 0.338404 0.355043 0.348681 0.348402 0.347277 0.332288 0.343751 -9999.0
-9999.0 0.329192 0.344557 0.336841 0.336544 0.328142 0.334081 0.339264 0.333863 0.348089 0.337606 0.337080 0.335474 0.338975 0.326582 -9999.0 -9999.0
-9999.0 0.335100 0.324895 0.333337 0.331800 0.330029 0.331851 0.337904 0.338601 0.337576 0.338766 0.331847 0.342040 0.334958 -9999.0 -9999.0 -9999.0
-9999.0 -9999.0 0.337178 0.334397 0.336413 0.341296 0.346901 0.342404 0.326783 0.342813 0.324108 0.340657 0.330455 0.336931 -9999.0 -9999.0 -9999.0
-9999.0 -9999.0 0.333986 0.333942 0.347214 0.339899 0.353843 0.345407 0.339654 0.334004 0.340984 0.336514 0.331024 -9999.0 -9999.0 -9999.0 -9999.0
-9999.0 -9999.0 -9999.0 -9999.0 0.335801 0.336443 0.326977 0.337786 0.336900 0.326173 0.332713 0.335002 0.337955 -9999.0 -9999.0 -9999.0 -9999.0
-9999.0 -9999.0 -9999.0 -9999.0 -9999.0 0.342110 0.338363 0.332806 0.331634 0.342134 0.334405 0.348796 0.334345 0.333456 -9999.0 -9999.0 -9999.0
-9999.0 -9999.0 -9999.0 -9999.0 -9999.0 -9999.0 0.337429 0.335820 0.330669 0.329723 0.331339 0.333908 0.331046 0.337554 0.337652 -9999.0 -9999.0
-9999.0 -9999.0 -9999.0 -9999.0 -9999.0 -9999.0 -9999.0 0.345638 0.337186 0.337693 0.335486 0.330202 0.326963 0.335010 -9999.0 -9999.0 -9999.0
-9999.0 -9999.0 -9999.0 -9999.0 -9999.0 -9999.0 -9999.0 -9999.0 0.346403 0.340071 0.339067 0.338071 0.333923 0.328866 0.354419 -9999.0 -9999.0
-9999.0 -9999.0 -9999.0 -9999.0 -9999.0 -9999.0 -9999.0 -9999.0 -9999.0 -9999.0 -9999.0 -9999.0 -9999.0 -9999.0 -9999.0 -9999.0 -9999.0