tests/3D/WG1_2.0_001/output-maps-SE27XX/thetaliqL0003N0019.asc
ncols         17
nrows         27
xllcorner     624603.750000
yllcorner     5171346.250000
cellsize      500.000000
NODATA_value  -9999.0
-9999.0 -9999.0 -9999.0 -9999.0 -9999.0 -9999.0 -9999.0 -9999.0 -9999.0 -9999.0 -9999.0 -9999.0 -9999.0 -9999.0 -9999.0 -9999.0 -9999.0
-9999.0 -9999.0 -9999.0 -9999.0 -9999.0 -9999.0 -9999.0 -9999.0 -9999.0 -9999.0 -9999.0 0.243952 0.318595 0.305398 -9999.0 -9999.0 -9999.0
-9999.0 -9999.0 -9999.0 -9999.0 -9999.0 -9999.0 -9999.0 -9999.0 -9999.0 0.230220 0.236267 0.232927 0.319150 0.309670 0.327993 -9999.0 -9999.0
-9999.0 -9999.0 -9999.0 -9999.0 -9999.0 -9999.0 -9999.0 -9999.0 0.233927 0.233386 0.252689 0.245471 0.240858 0.351116 0.310362 -9999.0 -9999.0
-9999.0 -9999.0 -9999.0 -9999.0 -9999.0 -9999.0 -9999.0 -9999.0 0.231983 0.238194 0.289304 0.245706 0.313111 0.320514 0.311283 -9999.0 -9999.0
-9999.0 -9999.0 -9999.0 -9999.0 -9999.0 -9999.0 -9999.0 0.230068 0.236561 0.254007 0.254750 0.248015 0.251811 0.309482 0.315536 -9999.0 -9999.0
-9999.0 -9999.0 -9999.0 -9999.0 -9999.0 -9999.0 0.224080 0.221913 0.243846 0.224435 0.277672 0.247645 0.241259 0.241533 0.251348 -9999.0 -9999.0
-9999.0 -9999.0 -9999.0 -9999.0 -9999.0 -9999.0 0.225480 0.226090 0.239819 0.223351 0.231515 0.279108 0.248423 0.248448 0.264749 -9999.0 -9999.0
-9999.0 -9999.0 -9999.0 -9999.0 -9999.0 -9999.0 0.214466 0.228574 0.235556 0.262906 0.217821 0.226469 0.249062 0.247595 0.253530 -9999.0 -9999.0
-9999.0 -9999.0 -9999.0 -9999.0 -9999.0 -9999.0 -9999.0 0.217358 0.237955 0.254756 0.230999 0.233171 0.252566 0.305463 0.243628 -9999.0 -9999.0
-9999.0 -9999.0 -9999.0 -9999.0 -9999.0 -9999.0 0.215801 0.226513 0.232358 0.224258 0.227830 0.232709 0.256927 0.247927 0.243919 0.247688 -9999.0
-9999.0 -9999.0 -9999.0 -9999.0 -9999.0 0.212387 0.224723 0.226289 0.219851 0.232785 0.228803 0.232685 0.266841 0.244568 0.233724 0.241210 -9999.0
-9999.0 -9999.0 -9999.0 0.207189 0.247980 0.222448 0.224481 0.218405 0.232993 0.242103 0.229792 0.237453 0.270078 0.211351 0.235180 0.240654 -9999.0
-9999.0 -9999.0 -9999.0 0.208054 0.224133 0.217580 0.245215 0.228301 0.236021 0.256279 0.245489 0.225090 0.282706 0.248397 0.308882 0.236974 -9999.0
-9999.0 -9999.0 0.208823 0.216806 0.219379 0.243304 0.224275 0.239203 0.249146 0.248660 0.237053 0.229409 0.244941 0.241065 0.255843 0.224334 -9999.0
-9999.0 0.218152 0.220129 0.209830 0.232073 0.235869 0.235876 0.243234 0.248304 0.259895 0.244903 0.224291 0.272588 0.225403 0.216251 -9999.0 -9999.0
-9999.0 0.228036 0.214227 0.246181 0.258284 0.262528 0.261600 0.270731 0.246232 0.253434 0.266970 0.249750 0.239750 0.234968 0.311797 0.323499 -9999.0
-9999.0 0.238340 0.254248 0.245529 0.260985 0.251926 0.265486 0.258070 0.255028 0.256143 0.248827 0.230297 0.222103 0.224165 0.205197 -9999.0 -9999.0
-9999.0 0.251435 0.230673 0.259578 0.257564 0.258794 0.255537 0.264013 0.253834 0.243388 0.225884 0.235106 0.234131 0.222390 -9999.0 -9999.0 -9999.0
-9999.0 -9999.0 0.263122 0.254979 0.261652 0.262829 0.260908 0.253987 0.241627 0.251621 0.223541 0.235616 0.223612 0.222973 -9999.0 -9999.0 -9999.0
-9999.0 -9999.0 0.262864 0.257532 0.260992 0.247604 0.251182 0.246941 0.231335 0.231047 0.237888 0.230916 0.220020 -9999.0 -9999.0 -9999.0 -9999.0
-9999.0 -9999.0 -9999.0 -9999.0 0.238786 0.234810 0.216077 0.237724 0.221351 0.220470 0.217138 0.230327 0.227233 -9999.0 -9999.0 -9999.0 -9999.0
-9999.0 -9999.0 -9999.0 -9999.0 -9999.0 0.225294 0.226774 0.211026 0.214249 0.219235 0.216534 0.259964 0.226444 0.220282 -9999.0 -9999.0 -9999.0
-9999.0 -9999.0 -9999.0 -9999.0 -9999.0 -9999.0 0.218185 0.216302 0.217326 0.208912 0.211146 0.215187 0.220400 0.222270 0.219537 -9999.0 -9999.0
-9999.0 -9999.0 -9999.0 -9999.0 -9999.0 -9999.0 -9999.0 0.217831 0.221979 0.221831 0.226256 0.209226 0.203995 0.218284 -9999.0 -9999.0 -9999.0
-9999.0 -9999.0 -9999.0 -9999.0 -9999.0 -9999.0 -9999.0 -9999.0 0.217604 0.221770 0.223770 0.223575 0.217993 0.207400 0.224711 -9999.0 -9999.0
-9999.0 -9999.0 -9999.0 -9999.0 -9999.0 -9999.0 -9999.0 -9999.0 -9999.0 -9999.0 -9999.0 -9999.0 -9999.0 -9999.0 -9999.0 -9999.0 -9999.0