tests/3D/WG1_2.0_001/output-maps-SE27XX/thetaiceL0001N0051.asc
ncols         17
nrows         27
xllcorner     624603.750000
yllcorner     5171346.250000
cellsize      500.000000
NODATA_value  -9999.0
-9999.0 -9999.0 -9999.0 -9999.0 -9999.0 -9999.0 -9999.0 -9999.0 -9999.0 -9999.0 -9999.0 -9999.0 -9999.0 -9999.0 -9999.0 -9999.0 -9999.0
-9999.0 -9999.0 -9999.0 -9999.0 -9999.0 -9999.0 -9999.0 -9999.0 -9999.0 -9999.0 -9999.0 0.369723 0.279307 0.279967 -9999.0 -9999.0 -9999.0
-9999.0 -9999.0 -9999.0 -9999.0 -9999.0 -9999.0 -9999.0 -9999.0 -9999.0 0.377330 0.372033 0.368224 0.279281 0.279729 0.278947 -9999.0 -9999.0
-9999.0 -9999.0 -9999.0 -9999.0 -9999.0 -9999.0 -9999.0 -9999.0 0.376465 0.371070 0.365096 0.366179 0.373609 0.278373 0.279696 -9999.0 -9999.0
-9999.0 -9999.0 -9999.0 -9999.0 -9999.0 -9999.0 -9999.0 -9999.0 0.374072 0.370119 0.371934 0.364443 0.279543 0.279223 0.279646 -9999.0 -9999.0
-9999.0 -9999.0 -9999.0 -9999.0 -9999.0 -9999.0 -9999.0 0.376392 0.369915 0.366620 0.370751 0.366063 0.364388 0.279739 0.279443 -9999.0 -9999.0
-9999.0 -9999.0 -9999.0 -9999.0 -9999.0 -9999.0 0.378890 0.373002 0.350646 0.378166 0.376131 0.364861 0.360708 0.366810 0.366075 -9999.0 -9999.0
-9999.0 -9999.0 -9999.0 -9999.0 -9999.0 -9999.0 0.370353 0.375923 0.371327 0.373527 0.376569 0.375961 0.370949 0.372292 0.370334 -9999.0 -9999.0
-9999.0 -9999.0 -9999.0 -9999.0 -9999.0 -9999.0 0.373894 0.372819 0.372139 0.373789 0.372276 0.374382 0.370804 0.364698 0.367492 -9999.0 -9999.0
-9999.0 -9999.0 -9999.0 -9999.0 -9999.0 -9999.0 -9999.0 0.375396 0.374729 0.367511 0.375101 0.376236 0.367805 0.215514 0.373884 -9999.0 -9999.0
-9999.0 -9999.0 -9999.0 -9999.0 -9999.0 -9999.0 0.375876 0.367353 0.373657 0.374144 0.373403 0.373436 0.367045 0.371083 0.366711 0.369194 -9999.0
-9999.0 -9999.0 -9999.0 -9999.0 -9999.0 0.376403 0.375411 0.375586 0.372763 0.373790 0.367962 0.371792 0.372448 0.373580 0.367678 0.367081 -9999.0
-9999.0 -9999.0 -9999.0 0.361999 0.377750 0.215072 0.375158 0.372287 0.366487 0.369150 0.369342 0.371420 0.371837 0.371872 0.370268 0.370891 -9999.0
-9999.0 -9999.0 -9999.0 0.375594 0.206729 0.372507 0.368033 0.368627 0.367502 0.352233 0.333863 0.364592 0.144618 0.370365 0.279670 0.371734 -9999.0
-9999.0 -9999.0 0.375154 0.371852 0.374616 0.373461 0.370777 0.357781 0.341903 0.353093 0.365693 0.373035 0.361176 0.364172 0.377388 0.369800 -9999.0
-9999.0 0.332149 0.340207 0.375201 0.374310 0.354559 0.365594 0.333939 0.316118 0.320266 0.364117 0.369549 0.375899 0.372398 0.373887 -9999.0 -9999.0
-9999.0 0.311284 0.369793 0.259415 0.221452 0.295581 0.076420 0.078855 0.311396 0.249658 0.366422 0.374704 0.375715 0.376827 0.279590 0.279104 -9999.0
-9999.0 0.278181 0.323154 0.103562 0.053687 0.022690 0.022443 0.358257 0.297727 0.341876 0.350512 0.373130 0.373412 0.376596 0.374652 -9999.0 -9999.0
-9999.0 0.285967 0.351424 0.030347 0.347724 0.021770 0.345204 0.347141 0.358789 0.366266 0.373593 0.371213 0.373858 0.375295 -9999.0 -9999.0 -9999.0
-9999.0 -9999.0 0.029356 0.184376 0.196400 0.347682 0.352563 0.356670 0.364278 0.371295 0.370206 0.374973 0.371941 0.373285 -9999.0 -9999.0 -9999.0
-9999.0 -9999.0 0.156726 0.017632 0.316758 0.362790 0.361788 0.372647 0.371413 0.366665 0.374526 0.284893 0.373444 -9999.0 -9999.0 -9999.0 -9999.0
-9999.0 -9999.0 -9999.0 -9999.0 0.365821 0.371599 0.372600 0.359325 0.373957 0.371298 0.374391 0.371424 0.374255 -9999.0 -9999.0 -9999.0 -9999.0
-9999.0 -9999.0 -9999.0 -9999.0 -9999.0 0.373943 0.376351 0.376518 0.368801 0.373129 0.375759 0.258541 0.361002 0.374569 -9999.0 -9999.0 -9999.0
-9999.0 -9999.0 -9999.0 -9999.0 -9999.0 -9999.0 0.376196 0.376820 0.376170 0.376490 0.375762 0.376242 0.374948 0.376706 0.377667 -9999.0 -9999.0
-9999.0 -9999.0 -9999.0 -9999.0 -9999.0 -9999.0 -9999.0 0.377168 0.375914 0.374898 0.376053 0.375796 0.377488 0.375560 -9999.0 -9999.0 -9999.0
-9999.0 -9999.0 -9999.0 -9999.0 -9999.0 -9999.0 -9999.0 -9999.0 0.377079 0.376102 0.375803 0.375342 0.375745 0.373951 0.377780 -9999.0 -9999.0
-9999.0 -9999.0 -9999.0 -9999.0 -9999.0 -9999.0 -9999.0 -9999.0 -9999.0 -9999.0 -9999.0 -9999.0 -9999.0 -9999.0 -9999.0 -9999.0 -9999.0