tests/3D/WG1_2.0_001/output-maps-SE27XX/thetaliqL0005N0053.asc
ncols         17
nrows         27
xllcorner     624603.750000
yllcorner     5171346.250000
cellsize      500.000000
NODATA_value  -9999.0
-9999.0 -9999.0 -9999.0 -9999.0 -9999.0 -9999.0 -9999.0 -9999.0 -9999.0 -9999.0 -9999.0 -9999.0 -9999.0 -9999.0 -9999.0 -9999.0 -9999.0
-9999.0 -9999.0 -9999.0 -9999.0 -9999.0 -9999.0 -9999.0 -9999.0 -9999.0 -9999.0 -9999.0 0.366766 0.398410 0.385464 -9999.0 -9999.0 -9999.0
-9999.0 -9999.0 -9999.0 -9999.0 -9999.0 -9999.0 -9999.0 -9999.0 -9999.0 0.394123 0.385640 0.372570 0.398991 0.390110 0.406082 -9999.0 -9999.0
-9999.0 -9999.0 -9999.0 -9999.0 -9999.0 -9999.0 -9999.0 -9999.0 0.388876 0.374793 0.399378 0.372912 0.379416 0.424732 0.390390 -9999.0 -9999.0
-9999.0 -9999.0 -9999.0 -9999.0 -9999.0 -9999.0 -9999.0 -9999.0 0.382676 0.373792 0.402685 0.375697 0.395484 0.400328 0.391691 -9999.0 -9999.0
-9999.0 -9999.0 -9999.0 -9999.0 -9999.0 -9999.0 -9999.0 0.380431 0.376724 0.398084 0.386054 0.374795 0.373408 0.389943 0.395729 -9999.0 -9999.0
-9999.0 -9999.0 -9999.0 -9999.0 -9999.0 -9999.0 0.386546 0.369927 0.395345 0.382605 0.406055 0.382748 0.370538 0.371202 0.369759 -9999.0 -9999.0
-9999.0 -9999.0 -9999.0 -9999.0 -9999.0 -9999.0 0.383275 0.375950 0.379210 0.379757 0.387372 0.404826 0.395951 0.381360 0.398236 -9999.0 -9999.0
-9999.0 -9999.0 -9999.0 -9999.0 -9999.0 -9999.0 0.371554 0.376888 0.374832 0.399362 0.372616 0.379799 0.378771 0.373475 0.389916 -9999.0 -9999.0
-9999.0 -9999.0 -9999.0 -9999.0 -9999.0 -9999.0 -9999.0 0.370049 0.378759 0.394456 0.386348 0.383522 0.375862 0.416217 0.384007 -9999.0 -9999.0
-9999.0 -9999.0 -9999.0 -9999.0 -9999.0 -9999.0 0.372852 0.385817 0.375602 0.374946 0.380094 0.380796 0.385527 0.382392 0.371002 0.373622 -9999.0
-9999.0 -9999.0 -9999.0 -9999.0 -9999.0 0.375347 0.380868 0.381114 0.372173 0.380058 0.377621 0.378680 0.392949 0.383377 0.375470 0.367371 -9999.0
-9999.0 -9999.0 -9999.0 0.380188 0.389652 0.386604 0.381257 0.371414 0.377967 0.380175 0.374411 0.383770 0.392742 0.365335 0.371012 0.379337 -9999.0
-9999.0 -9999.0 -9999.0 0.374186 0.386076 0.371178 0.381309 0.377029 0.379226 0.388240 0.384839 0.378166 0.404199 0.382595 0.389692 0.374506 -9999.0
-9999.0 -9999.0 0.373174 0.375679 0.376019 0.385873 0.372582 0.377342 0.383695 0.379930 0.380916 0.381611 0.390535 0.390124 0.400662 0.370339 -9999.0
-9999.0 0.374253 0.377233 0.369930 0.379928 0.379498 0.373530 0.379046 0.383153 0.393050 0.385069 0.369414 0.404294 0.368275 0.362288 -9999.0 -9999.0
-9999.0 0.376676 0.372124 0.382894 0.386982 0.383428 0.388936 0.392926 0.381159 0.387615 0.394615 0.382355 0.380936 0.383694 0.392258 0.402628 -9999.0
-9999.0 0.377928 0.384618 0.384473 0.387891 0.382194 0.388877 0.385262 0.388016 0.389678 0.382465 0.377726 0.367676 0.370227 0.360909 -9999.0 -9999.0
-9999.0 0.384096 0.375755 0.386096 0.385157 0.385452 0.387174 0.391306 0.388890 0.380863 0.373684 0.379882 0.382021 0.379242 -9999.0 -9999.0 -9999.0
-9999.0 -9999.0 0.387793 0.387214 0.391031 0.392022 0.392317 0.388627 0.378125 0.383518 0.372570 0.374621 0.373745 0.372493 -9999.0 -9999.0 -9999.0
-9999.0 -9999.0 0.388481 0.382885 0.394109 0.383285 0.392101 0.384294 0.379172 0.378265 0.381263 0.386791 0.364721 -9999.0 -9999.0 -9999.0 -9999.0
-9999.0 -9999.0 -9999.0 -9999.0 0.379584 0.375270 0.365932 0.378335 0.377075 0.371132 0.375200 0.380023 0.376425 -9999.0 -9999.0 -9999.0 -9999.0
-9999.0 -9999.0 -9999.0 -9999.0 -9999.0 0.374814 0.370078 0.364546 0.375629 0.375375 0.377135 0.398641 0.385412 0.378079 -9999.0 -9999.0 -9999.0
-9999.0 -9999.0 -9999.0 -9999.0 -9999.0 -9999.0 0.365691 0.365573 0.368122 0.367883 0.369784 0.372804 0.371291 0.376727 0.373957 -9999.0 -9999.0
-9999.0 -9999.0 -9999.0 -9999.0 -9999.0 -9999.0 -9999.0 0.369991 0.374318 0.376625 0.370127 0.370685 0.366933 0.379340 -9999.0 -9999.0 -9999.0
-9999.0 -9999.0 -9999.0 -9999.0 -9999.0 -9999.0 -9999.0 -9999.0 0.382841 0.376184 0.372200 0.372601 0.366851 0.362538 0.381710 -9999.0 -9999.0
-9999.0 -9999.0 -9999.0 -9999.0 -9999.0 -9999.0 -9999.0 -9999.0 -9999.0 -9999.0 -9999.0 -9999.0 -9999.0 -9999.0 -9999.0 -9999.0 -9999.0