tests/3D/WG1_2.0_001/output-maps-SE27XX/thetaliqL0003N0043.asc
ncols         17
nrows         27
xllcorner     624603.750000
yllcorner     5171346.250000
cellsize      500.000000
NODATA_value  -9999.0
-9999.0 -9999.0 -9999.0 -9999.0 -9999.0 -9999.0 -9999.0 -9999.0 -9999.0 -9999.0 -9999.0 -9999.0 -9999.0 -9999.0 -9999.0 -9999.0 -9999.0
-9999.0 -9999.0 -9999.0 -9999.0 -9999.0 -9999.0 -9999.0 -9999.0 -9999.0 -9999.0 -9999.0 0.166501 0.314297 0.300227 -9999.0 -9999.0 -9999.0
-9999.0 -9999.0 -9999.0 -9999.0 -9999.0 -9999.0 -9999.0 -9999.0 -9999.0 0.147003 0.268592 0.228508 0.314905 0.304795 0.324121 -9999.0 -9999.0
-9999.0 -9999.0 -9999.0 -9999.0 -9999.0 -9999.0 -9999.0 -9999.0 0.280174 0.192152 0.297201 0.194281 0.150276 0.345403 0.305494 -9999.0 -9999.0
-9999.0 -9999.0 -9999.0 -9999.0 -9999.0 -9999.0 -9999.0 -9999.0 0.272844 0.231122 0.283479 0.234928 0.308655 0.316365 0.306513 -9999.0 -9999.0
-9999.0 -9999.0 -9999.0 -9999.0 -9999.0 -9999.0 -9999.0 0.267401 0.223915 0.289333 0.273364 0.233939 0.200540 0.304600 0.311041 -9999.0 -9999.0
-9999.0 -9999.0 -9999.0 -9999.0 -9999.0 -9999.0 0.218111 0.209840 0.292464 0.167785 0.142293 0.174060 0.194396 0.228238 0.217827 -9999.0 -9999.0
-9999.0 -9999.0 -9999.0 -9999.0 -9999.0 -9999.0 0.267311 0.215725 0.161337 0.149861 0.176783 0.142563 0.290397 0.283950 0.151237 -9999.0 -9999.0
-9999.0 -9999.0 -9999.0 -9999.0 -9999.0 -9999.0 0.141357 0.142441 0.215409 0.293907 0.215781 0.244571 0.267408 0.183177 0.149655 -9999.0 -9999.0
-9999.0 -9999.0 -9999.0 -9999.0 -9999.0 -9999.0 -9999.0 0.232051 0.201099 0.283270 0.179341 0.210256 0.198568 0.318445 0.279939 -9999.0 -9999.0
-9999.0 -9999.0 -9999.0 -9999.0 -9999.0 -9999.0 0.232867 0.272862 0.249693 0.220140 0.216872 0.206296 0.185618 0.278607 0.226325 0.171217 -9999.0
-9999.0 -9999.0 -9999.0 -9999.0 -9999.0 0.222952 0.258358 0.268713 0.226775 0.228091 0.226680 0.218180 0.216392 0.272190 0.163940 0.180278 -9999.0
-9999.0 -9999.0 -9999.0 0.241171 0.132708 0.257497 0.261489 0.221221 0.249663 0.262939 0.225080 0.203006 0.207337 0.175332 0.232051 0.247259 -9999.0
-9999.0 -9999.0 -9999.0 0.234110 0.255535 0.236392 0.221742 0.246235 0.233846 0.249054 0.251496 0.244360 0.287292 0.242803 0.306634 0.253395 -9999.0
-9999.0 -9999.0 0.230621 0.237750 0.256218 0.168543 0.222899 0.241874 0.257069 0.249496 0.251224 0.152103 0.276278 0.277948 0.141089 0.146837 -9999.0
-9999.0 0.214860 0.215509 0.186375 0.145614 0.223852 0.238129 0.252966 0.259538 0.254956 0.233186 0.208798 0.143068 0.155130 0.146133 -9999.0 -9999.0
-9999.0 0.229595 0.212676 0.247621 0.259883 0.252565 0.263541 0.272224 0.255510 0.258340 0.242206 0.142984 0.141464 0.165529 0.307955 0.319491 -9999.0
-9999.0 0.243499 0.234763 0.248040 0.259510 0.243230 0.251167 0.245013 0.267420 0.247983 0.244341 0.219596 0.142093 0.138876 0.143404 -9999.0 -9999.0
-9999.0 0.246200 0.247113 0.254258 0.258832 0.248576 0.267816 0.269023 0.261803 0.228936 0.144104 0.265611 0.225141 0.260434 -9999.0 -9999.0 -9999.0
-9999.0 -9999.0 0.265383 0.253895 0.268506 0.270835 0.260257 0.256709 0.247319 0.233160 0.232628 0.143818 0.238512 0.143378 -9999.0 -9999.0 -9999.0
-9999.0 -9999.0 0.259176 0.250018 0.268195 0.244030 0.221724 0.169325 0.147646 0.229946 0.188723 0.274668 0.144540 -9999.0 -9999.0 -9999.0 -9999.0
-9999.0 -9999.0 -9999.0 -9999.0 0.235521 0.188049 0.188957 0.227229 0.157372 0.206141 0.210308 0.248949 0.214051 -9999.0 -9999.0 -9999.0 -9999.0
-9999.0 -9999.0 -9999.0 -9999.0 -9999.0 0.140273 0.139053 0.138243 0.214282 0.140228 0.163878 0.281516 0.272431 0.253518 -9999.0 -9999.0 -9999.0
-9999.0 -9999.0 -9999.0 -9999.0 -9999.0 -9999.0 0.138238 0.137217 0.165681 0.139887 0.140627 0.140397 0.204782 0.167968 0.143230 -9999.0 -9999.0
-9999.0 -9999.0 -9999.0 -9999.0 -9999.0 -9999.0 -9999.0 0.135890 0.160602 0.176301 0.140017 0.145246 0.142501 0.250639 -9999.0 -9999.0 -9999.0
-9999.0 -9999.0 -9999.0 -9999.0 -9999.0 -9999.0 -9999.0 -9999.0 0.143072 0.141337 0.139518 0.140440 0.139677 0.140464 0.135698 -9999.0 -9999.0
-9999.0 -9999.0 -9999.0 -9999.0 -9999.0 -9999.0 -9999.0 -9999.0 -9999.0 -9999.0 -9999.0 -9999.0 -9999.0 -9999.0 -9999.0 -9999.0 -9999.0