tests/3D/WG1_2.0_001/output-maps-SE27XX/thetaiceL0001N0022.asc
ncols         17
nrows         27
xllcorner     624603.750000
yllcorner     5171346.250000
cellsize      500.000000
NODATA_value  -9999.0
-9999.0 -9999.0 -9999.0 -9999.0 -9999.0 -9999.0 -9999.0 -9999.0 -9999.0 -9999.0 -9999.0 -9999.0 -9999.0 -9999.0 -9999.0 -9999.0 -9999.0
-9999.0 -9999.0 -9999.0 -9999.0 -9999.0 -9999.0 -9999.0 -9999.0 -9999.0 -9999.0 -9999.0 0.354989 0.280926 0.281602 -9999.0 -9999.0 -9999.0
-9999.0 -9999.0 -9999.0 -9999.0 -9999.0 -9999.0 -9999.0 -9999.0 -9999.0 0.340264 0.353562 0.349063 0.280893 0.281406 0.280465 -9999.0 -9999.0
-9999.0 -9999.0 -9999.0 -9999.0 -9999.0 -9999.0 -9999.0 -9999.0 0.359803 0.342920 0.294945 0.337449 0.339869 0.279637 0.281373 -9999.0 -9999.0
-9999.0 -9999.0 -9999.0 -9999.0 -9999.0 -9999.0 -9999.0 -9999.0 0.353949 0.345571 0.346206 0.337836 0.281228 0.280820 0.281325 -9999.0 -9999.0
-9999.0 -9999.0 -9999.0 -9999.0 -9999.0 -9999.0 -9999.0 0.357403 0.343514 0.354887 0.346820 0.339070 0.336311 0.281415 0.281094 -9999.0 -9999.0
-9999.0 -9999.0 -9999.0 -9999.0 -9999.0 -9999.0 0.359923 0.349016 0.345618 0.357857 0.341582 0.322104 0.325216 0.346589 0.340076 -9999.0 -9999.0
-9999.0 -9999.0 -9999.0 -9999.0 -9999.0 -9999.0 0.354900 0.351358 0.329228 0.337325 0.299033 0.339366 0.358986 0.351333 0.327689 -9999.0 -9999.0
-9999.0 -9999.0 -9999.0 -9999.0 -9999.0 -9999.0 0.346215 0.344299 0.342655 0.346033 0.346897 0.333598 0.344509 0.326089 0.330382 -9999.0 -9999.0
-9999.0 -9999.0 -9999.0 -9999.0 -9999.0 -9999.0 -9999.0 0.354132 0.346458 0.344555 0.320102 0.317929 0.328578 0.069493 0.355395 -9999.0 -9999.0
-9999.0 -9999.0 -9999.0 -9999.0 -9999.0 -9999.0 0.357982 0.338616 0.349347 0.346561 0.332599 0.342872 0.321519 0.347962 0.344242 0.338745 -9999.0
-9999.0 -9999.0 -9999.0 -9999.0 -9999.0 0.359082 0.347117 0.350463 0.333300 0.284930 0.290637 0.343824 0.337872 0.354852 0.327136 0.338008 -9999.0
-9999.0 -9999.0 -9999.0 0.222568 0.355526 0.214938 0.350118 0.254971 0.053980 0.034934 0.323320 0.319768 0.330363 0.335391 0.347695 0.352138 -9999.0
-9999.0 -9999.0 -9999.0 0.351714 0.089190 0.356473 0.072549 0.045445 0.203315 0.140257 0.094363 0.142304 0.037349 0.346057 0.281437 0.353175 -9999.0
-9999.0 -9999.0 0.341613 0.348078 0.322664 0.352265 0.137644 0.083411 0.022609 0.104992 0.059924 0.329575 0.304863 0.312986 0.354640 0.340011 -9999.0
-9999.0 0.053107 0.063496 0.197626 0.313600 0.118783 0.051107 0.000000 0.014838 0.070355 0.276924 0.350202 0.345182 0.336778 0.342755 -9999.0 -9999.0
-9999.0 0.042582 0.112825 0.033897 0.032195 0.022008 0.000127 0.000574 0.000000 0.001116 0.121110 0.340742 0.343262 0.357387 0.281299 0.280667 -9999.0
-9999.0 0.028363 0.046904 0.000319 0.000000 0.000000 0.000000 0.173563 0.000000 0.056582 0.058606 0.097598 0.347461 0.348705 0.350109 -9999.0 -9999.0
-9999.0 0.017550 0.000000 0.000000 0.015386 0.000000 0.000000 0.013680 0.059825 0.264475 0.347498 0.349000 0.356998 0.354144 -9999.0 -9999.0 -9999.0
-9999.0 -9999.0 0.000000 0.006478 0.000000 0.024672 0.094031 0.029168 0.040335 0.119028 0.043432 0.343217 0.355380 0.342815 -9999.0 -9999.0 -9999.0
-9999.0 -9999.0 0.008521 0.000000 0.000000 0.115205 0.132654 0.264526 0.349613 0.087229 0.191585 0.087617 0.346107 -9999.0 -9999.0 -9999.0 -9999.0
-9999.0 -9999.0 -9999.0 -9999.0 0.067139 0.215043 0.250557 0.067031 0.318987 0.230681 0.167135 0.344990 0.357448 -9999.0 -9999.0 -9999.0 -9999.0
-9999.0 -9999.0 -9999.0 -9999.0 -9999.0 0.345511 0.350417 0.352089 0.084976 0.357360 0.300481 0.042764 0.201489 0.354033 -9999.0 -9999.0 -9999.0
-9999.0 -9999.0 -9999.0 -9999.0 -9999.0 -9999.0 0.351043 0.352869 0.352978 0.353083 0.356350 0.351163 0.354801 0.356922 0.355117 -9999.0 -9999.0
-9999.0 -9999.0 -9999.0 -9999.0 -9999.0 -9999.0 -9999.0 0.354671 0.356924 0.356374 0.349026 0.337560 0.357123 0.333971 -9999.0 -9999.0 -9999.0
-9999.0 -9999.0 -9999.0 -9999.0 -9999.0 -9999.0 -9999.0 -9999.0 0.356048 0.355054 0.348920 0.347857 0.350723 0.351564 0.344658 -9999.0 -9999.0
-9999.0 -9999.0 -9999.0 -9999.0 -9999.0 -9999.0 -9999.0 -9999.0 -9999.0 -9999.0 -9999.0 -9999.0 -9999.0 -9999.0 -9999.0 -9999.0 -9999.0