tests/3D/WG1_2.0_001/output-maps-SE27XX/thetaliqL0001N0058.asc
ncols         17
nrows         27
xllcorner     624603.750000
yllcorner     5171346.250000
cellsize      500.000000
NODATA_value  -9999.0
-9999.0 -9999.0 -9999.0 -9999.0 -9999.0 -9999.0 -9999.0 -9999.0 -9999.0 -9999.0 -9999.0 -9999.0 -9999.0 -9999.0 -9999.0 -9999.0 -9999.0
-9999.0 -9999.0 -9999.0 -9999.0 -9999.0 -9999.0 -9999.0 -9999.0 -9999.0 -9999.0 -9999.0 0.129713 0.220636 0.219988 -9999.0 -9999.0 -9999.0
-9999.0 -9999.0 -9999.0 -9999.0 -9999.0 -9999.0 -9999.0 -9999.0 -9999.0 0.124425 0.127743 0.130493 0.220661 0.220223 0.220983 -9999.0 -9999.0
-9999.0 -9999.0 -9999.0 -9999.0 -9999.0 -9999.0 -9999.0 -9999.0 0.137659 0.129018 0.153735 0.132983 0.128924 0.221444 0.220255 -9999.0 -9999.0
-9999.0 -9999.0 -9999.0 -9999.0 -9999.0 -9999.0 -9999.0 -9999.0 0.126436 0.131221 0.129113 0.142667 0.220412 0.220718 0.220305 -9999.0 -9999.0
-9999.0 -9999.0 -9999.0 -9999.0 -9999.0 -9999.0 -9999.0 0.125338 0.129862 0.147422 0.141916 0.141599 0.134318 0.220214 0.220504 -9999.0 -9999.0
-9999.0 -9999.0 -9999.0 -9999.0 -9999.0 -9999.0 0.125730 0.127559 0.163783 0.126405 0.125438 0.134148 0.137011 0.132988 0.131606 -9999.0 -9999.0
-9999.0 -9999.0 -9999.0 -9999.0 -9999.0 -9999.0 0.151004 0.125619 0.131108 0.129831 0.127431 0.125678 0.152223 0.133027 0.130931 -9999.0 -9999.0
-9999.0 -9999.0 -9999.0 -9999.0 -9999.0 -9999.0 0.129809 0.130127 0.128738 0.129676 0.127717 0.129738 0.142848 0.134073 0.132356 -9999.0 -9999.0
-9999.0 -9999.0 -9999.0 -9999.0 -9999.0 -9999.0 -9999.0 0.125753 0.128693 0.146769 0.128505 0.128509 0.132265 0.163485 0.131863 -9999.0 -9999.0
-9999.0 -9999.0 -9999.0 -9999.0 -9999.0 -9999.0 0.125032 0.152153 0.128167 0.127127 0.127209 0.126814 0.131275 0.138020 0.137091 0.131042 -9999.0
-9999.0 -9999.0 -9999.0 -9999.0 -9999.0 0.125884 0.130337 0.136860 0.127282 0.126870 0.131313 0.127390 0.128940 0.139588 0.133119 0.131264 -9999.0
-9999.0 -9999.0 -9999.0 0.146307 0.125117 0.168320 0.125879 0.126802 0.139974 0.141753 0.130717 0.127790 0.127366 0.130464 0.132061 0.132418 -9999.0
-9999.0 -9999.0 -9999.0 0.125065 0.168428 0.128003 0.129646 0.140136 0.134215 0.141252 0.144598 0.138590 0.178409 0.134145 0.220257 0.130045 -9999.0
-9999.0 -9999.0 0.126520 0.128125 0.128335 0.128844 0.130019 0.141227 0.143790 0.144285 0.144284 0.130082 0.166801 0.166151 0.125744 0.131411 -9999.0
-9999.0 0.129582 0.128386 0.127251 0.128693 0.131045 0.140616 0.144129 0.146585 0.142241 0.129415 0.132612 0.125840 0.130898 0.129637 -9999.0 -9999.0
-9999.0 0.136914 0.126792 0.139071 0.141204 0.139948 0.151577 0.154778 0.149977 0.143099 0.129339 0.128703 0.128027 0.126191 0.220352 0.220832 -9999.0
-9999.0 0.139481 0.137884 0.145752 0.157749 0.182273 0.177257 0.143444 0.145252 0.139756 0.139637 0.127768 0.129715 0.128029 0.127847 -9999.0 -9999.0
-9999.0 0.140662 0.146974 0.170298 0.145054 0.180060 0.151269 0.148022 0.144978 0.133082 0.130350 0.137058 0.126833 0.124702 -9999.0 -9999.0 -9999.0
-9999.0 -9999.0 0.172085 0.148896 0.153606 0.148689 0.146267 0.142322 0.143147 0.129951 0.131921 0.128389 0.127162 0.129865 -9999.0 -9999.0 -9999.0
-9999.0 -9999.0 0.146964 0.175727 0.145551 0.142163 0.129102 0.128967 0.131212 0.130398 0.126704 0.173668 0.129887 -9999.0 -9999.0 -9999.0 -9999.0
-9999.0 -9999.0 -9999.0 -9999.0 0.137761 0.129495 0.128592 0.131851 0.128362 0.128923 0.124295 0.128314 0.125755 -9999.0 -9999.0 -9999.0 -9999.0
-9999.0 -9999.0 -9999.0 -9999.0 -9999.0 0.128487 0.127892 0.127916 0.127254 0.129709 0.127144 0.165903 0.164627 0.125307 -9999.0 -9999.0 -9999.0
-9999.0 -9999.0 -9999.0 -9999.0 -9999.0 -9999.0 0.127445 0.127416 0.127621 0.127999 0.128740 0.127826 0.127142 0.126841 0.126215 -9999.0 -9999.0
-9999.0 -9999.0 -9999.0 -9999.0 -9999.0 -9999.0 -9999.0 0.126450 0.126810 0.127551 0.128034 0.126098 0.126594 0.130042 -9999.0 -9999.0 -9999.0
-9999.0 -9999.0 -9999.0 -9999.0 -9999.0 -9999.0 -9999.0 -9999.0 0.126229 0.127523 0.127682 0.128014 0.128253 0.129110 0.126703 -9999.0 -9999.0
-9999.0 -9999.0 -9999.0 -9999.0 -9999.0 -9999.0 -9999.0 -9999.0 -9999.0 -9999.0 -9999.0 -9999.0 -9999.0 -9999.0 -9999.0 -9999.0 -9999.0