tests/3D/WG1_2.0_001/output-maps-SE27XX/thetaiceL0001N0018.asc
ncols         17
nrows         27
xllcorner     624603.750000
yllcorner     5171346.250000
cellsize      500.000000
NODATA_value  -9999.0
-9999.0 -9999.0 -9999.0 -9999.0 -9999.0 -9999.0 -9999.0 -9999.0 -9999.0 -9999.0 -9999.0 -9999.0 -9999.0 -9999.0 -9999.0 -9999.0 -9999.0
-9999.0 -9999.0 -9999.0 -9999.0 -9999.0 -9999.0 -9999.0 -9999.0 -9999.0 -9999.0 -9999.0 0.366042 0.281066 0.281621 -9999.0 -9999.0 -9999.0
-9999.0 -9999.0 -9999.0 -9999.0 -9999.0 -9999.0 -9999.0 -9999.0 -9999.0 0.368125 0.369228 0.366485 0.281044 0.281426 0.280728 -9999.0 -9999.0
-9999.0 -9999.0 -9999.0 -9999.0 -9999.0 -9999.0 -9999.0 -9999.0 0.370223 0.368436 0.364982 0.365432 0.366246 0.279889 0.281396 -9999.0 -9999.0
-9999.0 -9999.0 -9999.0 -9999.0 -9999.0 -9999.0 -9999.0 -9999.0 0.369556 0.366916 0.325143 0.364506 0.281281 0.280994 0.281356 -9999.0 -9999.0
-9999.0 -9999.0 -9999.0 -9999.0 -9999.0 -9999.0 -9999.0 0.369538 0.368266 0.367643 0.361551 0.363298 0.364335 0.281435 0.281184 -9999.0 -9999.0
-9999.0 -9999.0 -9999.0 -9999.0 -9999.0 -9999.0 0.372599 0.369642 0.369974 0.368731 0.367047 0.365895 0.366241 0.365579 0.361942 -9999.0 -9999.0
-9999.0 -9999.0 -9999.0 -9999.0 -9999.0 -9999.0 0.372387 0.370646 0.368272 0.368049 0.366609 0.366364 0.369171 0.366483 0.367437 -9999.0 -9999.0
-9999.0 -9999.0 -9999.0 -9999.0 -9999.0 -9999.0 0.371546 0.370889 0.368796 0.368037 0.365966 0.368199 0.363727 0.365513 0.367083 -9999.0 -9999.0
-9999.0 -9999.0 -9999.0 -9999.0 -9999.0 -9999.0 -9999.0 0.370665 0.369532 0.366989 0.369245 0.368225 0.363036 0.195742 0.367109 -9999.0 -9999.0
-9999.0 -9999.0 -9999.0 -9999.0 -9999.0 -9999.0 0.371550 0.371605 0.368957 0.367914 0.367942 0.366917 0.364910 0.366475 0.365574 0.365672 -9999.0
-9999.0 -9999.0 -9999.0 -9999.0 -9999.0 0.372580 0.371489 0.370809 0.367735 0.368770 0.367519 0.365968 0.365544 0.366722 0.368062 0.365639 -9999.0
-9999.0 -9999.0 -9999.0 0.374008 0.372499 0.372929 0.371419 0.368764 0.358822 0.348199 0.365255 0.368501 0.363923 0.367557 0.367132 0.368190 -9999.0
-9999.0 -9999.0 -9999.0 0.372978 0.373347 0.370821 0.359481 0.364582 0.367817 0.366246 0.361715 0.362124 0.206141 0.367483 0.281457 0.368192 -9999.0
-9999.0 -9999.0 0.372865 0.371940 0.371296 0.370589 0.368526 0.358378 0.360229 0.356245 0.359104 0.367194 0.367658 0.370600 0.371758 0.369968 -9999.0
-9999.0 0.373260 0.374024 0.371877 0.370356 0.369320 0.360047 0.357219 0.358694 0.363082 0.365832 0.366500 0.369601 0.369297 0.370124 -9999.0 -9999.0
-9999.0 0.371177 0.372265 0.367616 0.339684 0.350227 0.358539 0.354530 0.354026 0.361273 0.362654 0.368629 0.370292 0.371512 0.281335 0.280888 -9999.0
-9999.0 0.366881 0.369755 0.364512 0.358655 0.333214 0.321964 0.365228 0.355685 0.363843 0.357862 0.363223 0.370833 0.371095 0.371487 -9999.0 -9999.0
-9999.0 0.365658 0.360342 0.352858 0.327528 0.321736 0.351757 0.351551 0.359236 0.363712 0.369794 0.369175 0.371160 0.371681 -9999.0 -9999.0 -9999.0
-9999.0 -9999.0 0.356254 0.315879 0.349370 0.358004 0.361665 0.360748 0.360714 0.359857 0.367911 0.369940 0.370555 0.370783 -9999.0 -9999.0 -9999.0
-9999.0 -9999.0 0.314284 0.328681 0.361176 0.363103 0.367095 0.368683 0.370417 0.360970 0.365739 0.371725 0.370638 -9999.0 -9999.0 -9999.0 -9999.0
-9999.0 -9999.0 -9999.0 -9999.0 0.363687 0.369119 0.370240 0.363529 0.371655 0.369350 0.372239 0.370764 0.371513 -9999.0 -9999.0 -9999.0 -9999.0
-9999.0 -9999.0 -9999.0 -9999.0 -9999.0 0.372187 0.371417 0.371253 0.371824 0.372115 0.371670 0.351529 0.371739 0.371964 -9999.0 -9999.0 -9999.0
-9999.0 -9999.0 -9999.0 -9999.0 -9999.0 -9999.0 0.372377 0.372536 0.371593 0.371017 0.371134 0.371214 0.371188 0.371972 0.372088 -9999.0 -9999.0
-9999.0 -9999.0 -9999.0 -9999.0 -9999.0 -9999.0 -9999.0 0.373745 0.372443 0.372374 0.370902 0.371619 0.371113 0.372778 -9999.0 -9999.0 -9999.0
-9999.0 -9999.0 -9999.0 -9999.0 -9999.0 -9999.0 -9999.0 -9999.0 0.374443 0.372694 0.371647 0.371428 0.371742 0.372175 0.374537 -9999.0 -9999.0
-9999.0 -9999.0 -9999.0 -9999.0 -9999.0 -9999.0 -9999.0 -9999.0 -9999.0 -9999.0 -9999.0 -9999.0 -9999.0 -9999.0 -9999.0 -9999.0 -9999.0