tests/3D/WG1_2.0_001/output-maps-SE27XX/thetaiceL0004N0086.asc
ncols         17
nrows         27
xllcorner     624603.750000
yllcorner     5171346.250000
cellsize      500.000000
NODATA_value  -9999.0
-9999.0 -9999.0 -9999.0 -9999.0 -9999.0 -9999.0 -9999.0 -9999.0 -9999.0 -9999.0 -9999.0 -9999.0 -9999.0 -9999.0 -9999.0 -9999.0 -9999.0
-9999.0 -9999.0 -9999.0 -9999.0 -9999.0 -9999.0 -9999.0 -9999.0 -9999.0 -9999.0 -9999.0 0.113764 0.000000 0.000000 -9999.0 -9999.0 -9999.0
-9999.0 -9999.0 -9999.0 -9999.0 -9999.0 -9999.0 -9999.0 -9999.0 -9999.0 0.291574 0.121849 0.091155 0.000000 0.000000 0.000000 -9999.0 -9999.0
-9999.0 -9999.0 -9999.0 -9999.0 -9999.0 -9999.0 -9999.0 -9999.0 0.156046 0.118256 0.113374 0.090859 0.139092 0.000000 0.000000 -9999.0 -9999.0
-9999.0 -9999.0 -9999.0 -9999.0 -9999.0 -9999.0 -9999.0 -9999.0 0.133320 0.093082 0.121481 0.056663 0.000000 0.000000 0.000000 -9999.0 -9999.0
-9999.0 -9999.0 -9999.0 -9999.0 -9999.0 -9999.0 -9999.0 0.147533 0.105736 0.105103 0.033470 0.064314 0.084961 0.000000 0.000000 -9999.0 -9999.0
-9999.0 -9999.0 -9999.0 -9999.0 -9999.0 -9999.0 0.190599 0.126097 0.110956 0.169590 0.213959 0.099877 0.079236 0.085748 0.087316 -9999.0 -9999.0
-9999.0 -9999.0 -9999.0 -9999.0 -9999.0 -9999.0 0.157964 0.147334 0.126737 0.141549 0.206644 0.205618 0.126761 0.085230 0.134051 -9999.0 -9999.0
-9999.0 -9999.0 -9999.0 -9999.0 -9999.0 -9999.0 0.184793 0.176635 0.119192 0.148181 0.124481 0.136639 0.064964 0.091365 0.126703 -9999.0 -9999.0
-9999.0 -9999.0 -9999.0 -9999.0 -9999.0 -9999.0 -9999.0 0.147484 0.136583 0.082351 0.236628 0.153822 0.100459 0.141652 0.096953 -9999.0 -9999.0
-9999.0 -9999.0 -9999.0 -9999.0 -9999.0 -9999.0 0.158314 0.162934 0.118357 0.139597 0.169418 0.150833 0.113226 0.076125 0.076515 0.106299 -9999.0
-9999.0 -9999.0 -9999.0 -9999.0 -9999.0 0.173657 0.184806 0.141012 0.137594 0.154589 0.163538 0.132303 0.136499 0.082733 0.107626 0.100520 -9999.0
-9999.0 -9999.0 -9999.0 0.195999 0.267461 0.157183 0.163406 0.137889 0.122764 0.063672 0.105149 0.165020 0.139093 0.114687 0.093830 0.097102 -9999.0
-9999.0 -9999.0 -9999.0 0.158300 0.162670 0.123603 0.196604 0.111861 0.180803 0.161453 0.134488 0.086776 0.080049 0.098156 0.000000 0.093159 -9999.0
-9999.0 -9999.0 0.160843 0.139651 0.146472 0.157574 0.118810 0.110777 0.075439 0.070431 0.057627 0.149362 0.058905 0.097084 0.207011 0.138480 -9999.0
-9999.0 0.203853 0.211618 0.154252 0.176557 0.193004 0.072433 0.058266 0.059450 0.151085 0.125414 0.101881 0.199054 0.131076 0.149280 -9999.0 -9999.0
-9999.0 0.176176 0.170010 0.141837 0.130275 0.131868 0.104340 0.096378 0.030429 0.125988 0.194527 0.176134 0.188876 0.177175 0.000000 0.000000 -9999.0
-9999.0 0.127990 0.178598 0.127451 0.100713 0.088108 0.088947 0.149342 0.051868 0.151758 0.152351 0.199280 0.169987 0.194348 0.161041 -9999.0 -9999.0
-9999.0 0.151280 0.058982 0.100115 0.127190 0.082957 0.043001 0.056471 0.060758 0.109338 0.177732 0.090996 0.154643 0.166004 -9999.0 -9999.0 -9999.0
-9999.0 -9999.0 0.099624 0.112205 0.056026 0.070204 0.093810 0.086685 0.052101 0.149902 0.112163 0.171572 0.126789 0.165965 -9999.0 -9999.0 -9999.0
-9999.0 -9999.0 0.130609 0.113882 0.087205 0.096337 0.151420 0.151914 0.156059 0.143762 0.161212 0.141937 0.161515 -9999.0 -9999.0 -9999.0 -9999.0
-9999.0 -9999.0 -9999.0 -9999.0 0.103921 0.143468 0.137768 0.184692 0.152063 0.127532 0.179234 0.135243 0.154309 -9999.0 -9999.0 -9999.0 -9999.0
-9999.0 -9999.0 -9999.0 -9999.0 -9999.0 0.192017 0.202838 0.213794 0.180562 0.212936 0.157133 0.127153 0.138697 0.141150 -9999.0 -9999.0 -9999.0
-9999.0 -9999.0 -9999.0 -9999.0 -9999.0 -9999.0 0.225111 0.222700 0.156857 0.191353 0.181889 0.182148 0.142183 0.164308 0.182331 -9999.0 -9999.0
-9999.0 -9999.0 -9999.0 -9999.0 -9999.0 -9999.0 -9999.0 0.266873 0.165848 0.156385 0.192268 0.179575 0.180739 0.190215 -9999.0 -9999.0 -9999.0
-9999.0 -9999.0 -9999.0 -9999.0 -9999.0 -9999.0 -9999.0 -9999.0 0.204105 0.185239 0.206129 0.197550 0.196693 0.185721 0.276833 -9999.0 -9999.0
-9999.0 -9999.0 -9999.0 -9999.0 -9999.0 -9999.0 -9999.0 -9999.0 -9999.0 -9999.0 -9999.0 -9999.0 -9999.0 -9999.0 -9999.0 -9999.0 -9999.0