tests/3D/WG1_2.0_001/output-maps-SE27XX/thetaliqL0004N0050.asc
ncols         17
nrows         27
xllcorner     624603.750000
yllcorner     5171346.250000
cellsize      500.000000
NODATA_value  -9999.0
-9999.0 -9999.0 -9999.0 -9999.0 -9999.0 -9999.0 -9999.0 -9999.0 -9999.0 -9999.0 -9999.0 -9999.0 -9999.0 -9999.0 -9999.0 -9999.0 -9999.0
-9999.0 -9999.0 -9999.0 -9999.0 -9999.0 -9999.0 -9999.0 -9999.0 -9999.0 -9999.0 -9999.0 0.284369 0.334194 0.321106 -9999.0 -9999.0 -9999.0
-9999.0 -9999.0 -9999.0 -9999.0 -9999.0 -9999.0 -9999.0 -9999.0 -9999.0 0.323540 0.312787 0.289033 0.334769 0.325426 0.343218 -9999.0 -9999.0
-9999.0 -9999.0 -9999.0 -9999.0 -9999.0 -9999.0 -9999.0 -9999.0 0.312278 0.299934 0.328653 0.294398 0.300299 0.363092 0.326015 -9999.0 -9999.0
-9999.0 -9999.0 -9999.0 -9999.0 -9999.0 -9999.0 -9999.0 -9999.0 0.305981 0.289354 0.328193 0.293022 0.329340 0.336131 0.327025 -9999.0 -9999.0
-9999.0 -9999.0 -9999.0 -9999.0 -9999.0 -9999.0 -9999.0 0.301678 0.296115 0.324328 0.312545 0.292350 0.296384 0.325245 0.331207 -9999.0 -9999.0
-9999.0 -9999.0 -9999.0 -9999.0 -9999.0 -9999.0 0.320172 0.289493 0.321822 0.307622 0.337952 0.311770 0.294006 0.288699 0.285630 -9999.0 -9999.0
-9999.0 -9999.0 -9999.0 -9999.0 -9999.0 -9999.0 0.303127 0.300837 0.302907 0.300739 0.315818 0.336681 0.323650 0.310112 0.330694 -9999.0 -9999.0
-9999.0 -9999.0 -9999.0 -9999.0 -9999.0 -9999.0 0.284531 0.293940 0.296283 0.324588 0.288573 0.296599 0.303069 0.298832 0.318296 -9999.0 -9999.0
-9999.0 -9999.0 -9999.0 -9999.0 -9999.0 -9999.0 -9999.0 0.289605 0.304456 0.319503 0.311695 0.309830 0.298789 0.345354 0.312450 -9999.0 -9999.0
-9999.0 -9999.0 -9999.0 -9999.0 -9999.0 -9999.0 0.291547 0.306078 0.295496 0.293198 0.302741 0.305537 0.315935 0.309596 0.287882 0.297824 -9999.0
-9999.0 -9999.0 -9999.0 -9999.0 -9999.0 0.301563 0.299077 0.302776 0.285972 0.300983 0.292501 0.300406 0.326116 0.311995 0.300720 0.287853 -9999.0
-9999.0 -9999.0 -9999.0 0.297359 0.305455 0.304223 0.300591 0.283841 0.297223 0.301818 0.288057 0.309510 0.325356 0.283924 0.288159 0.299260 -9999.0
-9999.0 -9999.0 -9999.0 0.290736 0.304039 0.287465 0.301505 0.295076 0.293964 0.305697 0.303676 0.296601 0.330461 0.300640 0.325795 0.296575 -9999.0
-9999.0 -9999.0 0.291135 0.291814 0.295691 0.313860 0.285776 0.295038 0.304628 0.298793 0.301542 0.303825 0.316225 0.316355 0.330681 0.287882 -9999.0
-9999.0 0.287177 0.292345 0.289631 0.299507 0.296259 0.292112 0.300112 0.304847 0.314437 0.307623 0.282776 0.336885 0.285763 0.275178 -9999.0 -9999.0
-9999.0 0.291406 0.291005 0.301958 0.308358 0.303416 0.310590 0.315760 0.302547 0.308691 0.325292 0.302853 0.299083 0.310584 0.327869 0.338982 -9999.0
-9999.0 0.296655 0.300473 0.303636 0.308551 0.300919 0.311051 0.301025 0.310950 0.309675 0.300550 0.299577 0.279607 0.280036 0.271585 -9999.0 -9999.0
-9999.0 0.302094 0.297247 0.306431 0.305219 0.305196 0.310417 0.314990 0.311726 0.296789 0.288702 0.301978 0.308340 0.298364 -9999.0 -9999.0 -9999.0
-9999.0 -9999.0 0.311707 0.306995 0.313876 0.316570 0.315199 0.311010 0.298514 0.301727 0.287638 0.290954 0.289956 0.286502 -9999.0 -9999.0 -9999.0
-9999.0 -9999.0 0.308516 0.305039 0.318365 0.303322 0.322776 0.311436 0.299126 0.292197 0.305320 0.308697 0.276351 -9999.0 -9999.0 -9999.0 -9999.0
-9999.0 -9999.0 -9999.0 -9999.0 0.297389 0.297092 0.282413 0.291824 0.298025 0.283407 0.295026 0.297448 0.300437 -9999.0 -9999.0 -9999.0 -9999.0
-9999.0 -9999.0 -9999.0 -9999.0 -9999.0 0.289170 0.280141 0.270156 0.293236 0.286538 0.296461 0.319958 0.305778 0.295111 -9999.0 -9999.0 -9999.0
-9999.0 -9999.0 -9999.0 -9999.0 -9999.0 -9999.0 0.271282 0.270182 0.283511 0.274957 0.278277 0.283076 0.288965 0.296202 0.288553 -9999.0 -9999.0
-9999.0 -9999.0 -9999.0 -9999.0 -9999.0 -9999.0 -9999.0 0.275336 0.292470 0.298460 0.278573 0.282803 0.275650 0.294569 -9999.0 -9999.0 -9999.0
-9999.0 -9999.0 -9999.0 -9999.0 -9999.0 -9999.0 -9999.0 -9999.0 0.305543 0.291422 0.281484 0.283060 0.273974 0.268555 0.294125 -9999.0 -9999.0
-9999.0 -9999.0 -9999.0 -9999.0 -9999.0 -9999.0 -9999.0 -9999.0 -9999.0 -9999.0 -9999.0 -9999.0 -9999.0 -9999.0 -9999.0 -9999.0 -9999.0