tests/3D/WG1_2.0_001/output-maps-SE27XX/thetaliqL0002N0035.asc
ncols         17
nrows         27
xllcorner     624603.750000
yllcorner     5171346.250000
cellsize      500.000000
NODATA_value  -9999.0
-9999.0 -9999.0 -9999.0 -9999.0 -9999.0 -9999.0 -9999.0 -9999.0 -9999.0 -9999.0 -9999.0 -9999.0 -9999.0 -9999.0 -9999.0 -9999.0 -9999.0
-9999.0 -9999.0 -9999.0 -9999.0 -9999.0 -9999.0 -9999.0 -9999.0 -9999.0 -9999.0 -9999.0 0.154565 0.309504 0.295650 -9999.0 -9999.0 -9999.0
-9999.0 -9999.0 -9999.0 -9999.0 -9999.0 -9999.0 -9999.0 -9999.0 -9999.0 0.154367 0.195170 0.165032 0.310097 0.300164 0.319232 -9999.0 -9999.0
-9999.0 -9999.0 -9999.0 -9999.0 -9999.0 -9999.0 -9999.0 -9999.0 0.284495 0.158719 0.308932 0.157298 0.146978 0.340850 0.300874 -9999.0 -9999.0
-9999.0 -9999.0 -9999.0 -9999.0 -9999.0 -9999.0 -9999.0 -9999.0 0.258790 0.165597 0.152793 0.165211 0.303863 0.311527 0.301859 -9999.0 -9999.0
-9999.0 -9999.0 -9999.0 -9999.0 -9999.0 -9999.0 -9999.0 0.262008 0.157795 0.302130 0.276555 0.163234 0.155748 0.299969 0.306307 -9999.0 -9999.0
-9999.0 -9999.0 -9999.0 -9999.0 -9999.0 -9999.0 0.160213 0.156367 0.298023 0.158013 0.134734 0.155348 0.156395 0.161997 0.159439 -9999.0 -9999.0
-9999.0 -9999.0 -9999.0 -9999.0 -9999.0 -9999.0 0.254000 0.156089 0.151783 0.147131 0.156707 0.135736 0.300412 0.268050 0.149124 -9999.0 -9999.0
-9999.0 -9999.0 -9999.0 -9999.0 -9999.0 -9999.0 0.134761 0.135175 0.153364 0.264169 0.158501 0.162520 0.204722 0.156290 0.146405 -9999.0 -9999.0
-9999.0 -9999.0 -9999.0 -9999.0 -9999.0 -9999.0 -9999.0 0.175550 0.151146 0.293498 0.158260 0.153862 0.154309 0.311511 0.273770 -9999.0 -9999.0
-9999.0 -9999.0 -9999.0 -9999.0 -9999.0 -9999.0 0.181866 0.257828 0.181540 0.155991 0.156586 0.153472 0.154804 0.216365 0.161719 0.154353 -9999.0
-9999.0 -9999.0 -9999.0 -9999.0 -9999.0 0.152066 0.235844 0.254615 0.160572 0.152066 0.159320 0.153038 0.148804 0.279261 0.155392 0.155488 -9999.0
-9999.0 -9999.0 -9999.0 0.217860 0.127922 0.239789 0.236410 0.153522 0.215487 0.240489 0.157391 0.150297 0.146351 0.153442 0.165265 0.166714 -9999.0
-9999.0 -9999.0 -9999.0 0.205212 0.233710 0.182835 0.138903 0.213633 0.147443 0.149179 0.185967 0.179510 0.311027 0.154483 0.303247 0.182329 -9999.0
-9999.0 -9999.0 0.201506 0.182384 0.233780 0.140245 0.148169 0.167110 0.207719 0.180621 0.181563 0.146007 0.289930 0.288392 0.137194 0.142723 -9999.0
-9999.0 0.176519 0.163243 0.140532 0.139129 0.140969 0.167851 0.219303 0.220443 0.146353 0.141871 0.153304 0.138735 0.150816 0.142744 -9999.0 -9999.0
-9999.0 0.196497 0.142043 0.219100 0.231138 0.214195 0.227730 0.245675 0.226918 0.218148 0.141563 0.136494 0.135743 0.142413 0.303799 0.314625 -9999.0
-9999.0 0.216471 0.145448 0.206184 0.223611 0.220199 0.236680 0.149015 0.233565 0.145820 0.166425 0.140897 0.136528 0.131968 0.144814 -9999.0 -9999.0
-9999.0 0.205137 0.207957 0.227225 0.224086 0.228688 0.230276 0.204651 0.189060 0.142050 0.134383 0.244767 0.141259 0.241946 -9999.0 -9999.0 -9999.0
-9999.0 -9999.0 0.236192 0.232518 0.240520 0.208160 0.151656 0.159388 0.188316 0.142042 0.180494 0.141166 0.167683 0.140401 -9999.0 -9999.0 -9999.0
-9999.0 -9999.0 0.234905 0.222671 0.231036 0.144572 0.140559 0.141828 0.140580 0.143960 0.140990 0.256387 0.142098 -9999.0 -9999.0 -9999.0 -9999.0
-9999.0 -9999.0 -9999.0 -9999.0 0.145459 0.141075 0.141158 0.146619 0.141596 0.145039 0.142149 0.189588 0.140948 -9999.0 -9999.0 -9999.0 -9999.0
-9999.0 -9999.0 -9999.0 -9999.0 -9999.0 0.134145 0.133112 0.127848 0.142724 0.126161 0.140931 0.260284 0.251669 0.232658 -9999.0 -9999.0 -9999.0
-9999.0 -9999.0 -9999.0 -9999.0 -9999.0 -9999.0 0.128013 0.127243 0.140355 0.133675 0.133388 0.136320 0.146425 0.139933 0.140497 -9999.0 -9999.0
-9999.0 -9999.0 -9999.0 -9999.0 -9999.0 -9999.0 -9999.0 0.125750 0.139353 0.139568 0.133829 0.139039 0.140072 0.226622 -9999.0 -9999.0 -9999.0
-9999.0 -9999.0 -9999.0 -9999.0 -9999.0 -9999.0 -9999.0 -9999.0 0.137529 0.138626 0.132169 0.134277 0.132886 0.134309 0.123595 -9999.0 -9999.0
-9999.0 -9999.0 -9999.0 -9999.0 -9999.0 -9999.0 -9999.0 -9999.0 -9999.0 -9999.0 -9999.0 -9999.0 -9999.0 -9999.0 -9999.0 -9999.0 -9999.0