tests/3D/WG1_2.0_001/output-maps-SE27XX/thetaliqL0005N0068.asc
ncols         17
nrows         27
xllcorner     624603.750000
yllcorner     5171346.250000
cellsize      500.000000
NODATA_value  -9999.0
-9999.0 -9999.0 -9999.0 -9999.0 -9999.0 -9999.0 -9999.0 -9999.0 -9999.0 -9999.0 -9999.0 -9999.0 -9999.0 -9999.0 -9999.0 -9999.0 -9999.0
-9999.0 -9999.0 -9999.0 -9999.0 -9999.0 -9999.0 -9999.0 -9999.0 -9999.0 -9999.0 -9999.0 0.360143 0.396687 0.383485 -9999.0 -9999.0 -9999.0
-9999.0 -9999.0 -9999.0 -9999.0 -9999.0 -9999.0 -9999.0 -9999.0 -9999.0 0.381328 0.378787 0.366927 0.397423 0.388361 0.403996 -9999.0 -9999.0
-9999.0 -9999.0 -9999.0 -9999.0 -9999.0 -9999.0 -9999.0 -9999.0 0.380990 0.367323 0.389908 0.368053 0.370902 0.423225 0.388479 -9999.0 -9999.0
-9999.0 -9999.0 -9999.0 -9999.0 -9999.0 -9999.0 -9999.0 -9999.0 0.374118 0.367567 0.395507 0.371647 0.394575 0.398807 0.389999 -9999.0 -9999.0
-9999.0 -9999.0 -9999.0 -9999.0 -9999.0 -9999.0 -9999.0 0.369728 0.370581 0.389499 0.376810 0.370106 0.368528 0.388201 0.394231 -9999.0 -9999.0
-9999.0 -9999.0 -9999.0 -9999.0 -9999.0 -9999.0 0.375095 0.361936 0.388677 0.372271 0.392408 0.377253 0.365867 0.365478 0.364094 -9999.0 -9999.0
-9999.0 -9999.0 -9999.0 -9999.0 -9999.0 -9999.0 0.376116 0.365723 0.371906 0.371732 0.378113 0.391358 0.385793 0.373134 0.389507 -9999.0 -9999.0
-9999.0 -9999.0 -9999.0 -9999.0 -9999.0 -9999.0 0.361959 0.367367 0.367180 0.390990 0.365449 0.373104 0.372339 0.367902 0.382265 -9999.0 -9999.0
-9999.0 -9999.0 -9999.0 -9999.0 -9999.0 -9999.0 -9999.0 0.360083 0.369863 0.385431 0.377203 0.374771 0.370224 0.408329 0.375767 -9999.0 -9999.0
-9999.0 -9999.0 -9999.0 -9999.0 -9999.0 -9999.0 0.362581 0.378398 0.366874 0.365940 0.371343 0.371741 0.379170 0.375832 0.365659 0.366856 -9999.0
-9999.0 -9999.0 -9999.0 -9999.0 -9999.0 0.365217 0.371812 0.372036 0.363395 0.370848 0.371361 0.370490 0.384719 0.374150 0.368882 0.361222 -9999.0
-9999.0 -9999.0 -9999.0 0.374214 0.376941 0.379837 0.371224 0.362626 0.370275 0.371182 0.367703 0.375661 0.383874 0.358186 0.364038 0.373163 -9999.0
-9999.0 -9999.0 -9999.0 0.364235 0.379300 0.362592 0.374192 0.369388 0.373215 0.383019 0.378699 0.371961 0.406584 0.376891 0.388020 0.367126 -9999.0
-9999.0 -9999.0 0.363709 0.367848 0.365689 0.376631 0.364902 0.369566 0.376691 0.373365 0.374094 0.373914 0.383209 0.381667 0.387192 0.362202 -9999.0
-9999.0 0.366836 0.370365 0.360624 0.370083 0.373427 0.364880 0.373183 0.378140 0.389253 0.378911 0.363567 0.391341 0.360493 0.353025 -9999.0 -9999.0
-9999.0 0.369177 0.364139 0.375402 0.380772 0.376291 0.384459 0.388609 0.377226 0.381450 0.388422 0.372194 0.370153 0.372344 0.390569 0.400741 -9999.0
-9999.0 0.370163 0.378676 0.379393 0.384777 0.381524 0.388615 0.379756 0.383316 0.385070 0.375835 0.369777 0.358360 0.359406 0.351201 -9999.0 -9999.0
-9999.0 0.377136 0.369264 0.384042 0.378785 0.384032 0.382836 0.384869 0.381951 0.375183 0.365024 0.371406 0.372730 0.368483 -9999.0 -9999.0 -9999.0
-9999.0 -9999.0 0.384951 0.383338 0.387885 0.385626 0.387020 0.382572 0.370156 0.376972 0.363841 0.364649 0.365265 0.363616 -9999.0 -9999.0 -9999.0
-9999.0 -9999.0 0.384018 0.380695 0.387150 0.377550 0.385512 0.375626 0.371578 0.372467 0.372184 0.379932 0.355729 -9999.0 -9999.0 -9999.0 -9999.0
-9999.0 -9999.0 -9999.0 -9999.0 0.373093 0.367033 0.357256 0.371880 0.368577 0.364112 0.365834 0.371892 0.366305 -9999.0 -9999.0 -9999.0 -9999.0
-9999.0 -9999.0 -9999.0 -9999.0 -9999.0 0.364489 0.359206 0.353587 0.368444 0.366575 0.368265 0.390849 0.376513 0.368155 -9999.0 -9999.0 -9999.0
-9999.0 -9999.0 -9999.0 -9999.0 -9999.0 -9999.0 0.354606 0.354345 0.358083 0.357808 0.360517 0.362976 0.362099 0.366510 0.362389 -9999.0 -9999.0
-9999.0 -9999.0 -9999.0 -9999.0 -9999.0 -9999.0 -9999.0 0.359260 0.363803 0.367009 0.360133 0.360713 0.356292 0.369854 -9999.0 -9999.0 -9999.0
-9999.0 -9999.0 -9999.0 -9999.0 -9999.0 -9999.0 -9999.0 -9999.0 0.370998 0.365314 0.361855 0.362691 0.356829 0.353419 0.370672 -9999.0 -9999.0
-9999.0 -9999.0 -9999.0 -9999.0 -9999.0 -9999.0 -9999.0 -9999.0 -9999.0 -9999.0 -9999.0 -9999.0 -9999.0 -9999.0 -9999.0 -9999.0 -9999.0