tests/3D/WG1_2.0_001/output-maps-SE27XX/thetaliqL0003N0029.asc
ncols         17
nrows         27
xllcorner     624603.750000
yllcorner     5171346.250000
cellsize      500.000000
NODATA_value  -9999.0
-9999.0 -9999.0 -9999.0 -9999.0 -9999.0 -9999.0 -9999.0 -9999.0 -9999.0 -9999.0 -9999.0 -9999.0 -9999.0 -9999.0 -9999.0 -9999.0 -9999.0
-9999.0 -9999.0 -9999.0 -9999.0 -9999.0 -9999.0 -9999.0 -9999.0 -9999.0 -9999.0 -9999.0 0.170621 0.316331 0.302760 -9999.0 -9999.0 -9999.0
-9999.0 -9999.0 -9999.0 -9999.0 -9999.0 -9999.0 -9999.0 -9999.0 -9999.0 0.261422 0.285607 0.224796 0.316910 0.307165 0.325937 -9999.0 -9999.0
-9999.0 -9999.0 -9999.0 -9999.0 -9999.0 -9999.0 -9999.0 -9999.0 0.345428 0.203746 0.360389 0.191144 0.187387 0.348244 0.307867 -9999.0 -9999.0
-9999.0 -9999.0 -9999.0 -9999.0 -9999.0 -9999.0 -9999.0 -9999.0 0.323024 0.232336 0.313764 0.229180 0.310754 0.318315 0.308825 -9999.0 -9999.0
-9999.0 -9999.0 -9999.0 -9999.0 -9999.0 -9999.0 -9999.0 0.334699 0.228387 0.353693 0.328057 0.230567 0.197713 0.306973 0.313190 -9999.0 -9999.0
-9999.0 -9999.0 -9999.0 -9999.0 -9999.0 -9999.0 0.302554 0.221879 0.355654 0.230433 0.244119 0.205222 0.191544 0.225729 0.205853 -9999.0 -9999.0
-9999.0 -9999.0 -9999.0 -9999.0 -9999.0 -9999.0 0.340100 0.241389 0.195686 0.206745 0.245597 0.245570 0.354693 0.326314 0.217542 -9999.0 -9999.0
-9999.0 -9999.0 -9999.0 -9999.0 -9999.0 -9999.0 0.152000 0.168486 0.229157 0.342714 0.229881 0.268615 0.272018 0.191603 0.202358 -9999.0 -9999.0
-9999.0 -9999.0 -9999.0 -9999.0 -9999.0 -9999.0 -9999.0 0.289532 0.237193 0.348950 0.250455 0.250112 0.199274 0.379559 0.331201 -9999.0 -9999.0
-9999.0 -9999.0 -9999.0 -9999.0 -9999.0 -9999.0 0.312107 0.343753 0.296349 0.248633 0.247036 0.243592 0.216475 0.292463 0.223451 0.189601 -9999.0
-9999.0 -9999.0 -9999.0 -9999.0 -9999.0 0.300644 0.334738 0.338253 0.271474 0.260811 0.246263 0.245404 0.268696 0.337789 0.192895 0.180537 -9999.0
-9999.0 -9999.0 -9999.0 0.336842 0.210635 0.345995 0.334463 0.275300 0.307708 0.310084 0.243952 0.253555 0.257586 0.194437 0.239523 0.257588 -9999.0
-9999.0 -9999.0 -9999.0 0.323978 0.344730 0.308283 0.278562 0.307093 0.280207 0.299984 0.292271 0.275569 0.339596 0.264537 0.309889 0.273791 -9999.0
-9999.0 -9999.0 0.320322 0.315370 0.331970 0.260814 0.267247 0.298013 0.311125 0.283637 0.292266 0.208628 0.344641 0.346736 0.286410 0.174010 -9999.0
-9999.0 0.306728 0.303768 0.247025 0.236383 0.286456 0.296588 0.316184 0.308409 0.311902 0.275562 0.236243 0.296714 0.179845 0.168930 -9999.0 -9999.0
-9999.0 0.313670 0.270805 0.322474 0.327148 0.317165 0.327224 0.331779 0.314073 0.320415 0.295268 0.205379 0.183540 0.260200 0.309564 0.321371 -9999.0
-9999.0 0.316561 0.306768 0.320434 0.317493 0.303816 0.309473 0.277329 0.323465 0.309477 0.311692 0.274525 0.172630 0.168098 0.174751 -9999.0 -9999.0
-9999.0 0.317023 0.316819 0.311841 0.319200 0.307999 0.324552 0.324460 0.312507 0.273996 0.175188 0.327834 0.279703 0.333410 -9999.0 -9999.0 -9999.0
-9999.0 -9999.0 0.321240 0.310779 0.326107 0.326483 0.317465 0.317422 0.306085 0.279073 0.293903 0.187495 0.301997 0.177821 -9999.0 -9999.0 -9999.0
-9999.0 -9999.0 0.318294 0.306570 0.333256 0.302744 0.301499 0.253698 0.221029 0.280834 0.261924 0.347516 0.173120 -9999.0 -9999.0 -9999.0 -9999.0
-9999.0 -9999.0 -9999.0 -9999.0 0.302832 0.252292 0.238388 0.298343 0.240772 0.248215 0.256926 0.320762 0.268182 -9999.0 -9999.0 -9999.0 -9999.0
-9999.0 -9999.0 -9999.0 -9999.0 -9999.0 0.216621 0.190281 0.183333 0.284786 0.160713 0.244818 0.352684 0.343333 0.329243 -9999.0 -9999.0 -9999.0
-9999.0 -9999.0 -9999.0 -9999.0 -9999.0 -9999.0 0.153635 0.161645 0.227126 0.200103 0.199743 0.216098 0.244937 0.245389 0.227726 -9999.0 -9999.0
-9999.0 -9999.0 -9999.0 -9999.0 -9999.0 -9999.0 -9999.0 0.132169 0.246313 0.251454 0.180318 0.226964 0.219722 0.334472 -9999.0 -9999.0 -9999.0
-9999.0 -9999.0 -9999.0 -9999.0 -9999.0 -9999.0 -9999.0 -9999.0 0.269814 0.233889 0.163233 0.168030 0.169190 0.161571 0.187855 -9999.0 -9999.0
-9999.0 -9999.0 -9999.0 -9999.0 -9999.0 -9999.0 -9999.0 -9999.0 -9999.0 -9999.0 -9999.0 -9999.0 -9999.0 -9999.0 -9999.0 -9999.0 -9999.0