tests/3D/WG1_2.0_001/output-maps-SE27XX/thetaliqL0003N0014.asc
ncols         17
nrows         27
xllcorner     624603.750000
yllcorner     5171346.250000
cellsize      500.000000
NODATA_value  -9999.0
-9999.0 -9999.0 -9999.0 -9999.0 -9999.0 -9999.0 -9999.0 -9999.0 -9999.0 -9999.0 -9999.0 -9999.0 -9999.0 -9999.0 -9999.0 -9999.0 -9999.0
-9999.0 -9999.0 -9999.0 -9999.0 -9999.0 -9999.0 -9999.0 -9999.0 -9999.0 -9999.0 -9999.0 0.267709 0.306268 0.306182 -9999.0 -9999.0 -9999.0
-9999.0 -9999.0 -9999.0 -9999.0 -9999.0 -9999.0 -9999.0 -9999.0 -9999.0 0.252711 0.250324 0.256901 0.306855 0.306153 0.305926 -9999.0 -9999.0
-9999.0 -9999.0 -9999.0 -9999.0 -9999.0 -9999.0 -9999.0 -9999.0 0.256856 0.258327 0.259931 0.254946 0.271446 0.306884 0.306222 -9999.0 -9999.0
-9999.0 -9999.0 -9999.0 -9999.0 -9999.0 -9999.0 -9999.0 -9999.0 0.254451 0.258877 0.261714 0.259531 0.307297 0.306693 0.306219 -9999.0 -9999.0
-9999.0 -9999.0 -9999.0 -9999.0 -9999.0 -9999.0 -9999.0 0.253569 0.258094 0.263689 0.266300 0.261338 0.258734 0.306164 0.305714 -9999.0 -9999.0
-9999.0 -9999.0 -9999.0 -9999.0 -9999.0 -9999.0 0.246445 0.250970 0.260682 0.266875 0.267361 0.262697 0.260077 0.252293 0.268930 -9999.0 -9999.0
-9999.0 -9999.0 -9999.0 -9999.0 -9999.0 -9999.0 0.246133 0.249767 0.260532 0.268304 0.270006 0.265788 0.259362 0.255171 0.271799 -9999.0 -9999.0
-9999.0 -9999.0 -9999.0 -9999.0 -9999.0 -9999.0 0.245792 0.249094 0.260588 0.268598 0.271123 0.270446 0.264257 0.261739 0.252998 -9999.0 -9999.0
-9999.0 -9999.0 -9999.0 -9999.0 -9999.0 -9999.0 -9999.0 0.251881 0.260923 0.268835 0.270962 0.270963 0.266409 0.260985 0.259603 -9999.0 -9999.0
-9999.0 -9999.0 -9999.0 -9999.0 -9999.0 -9999.0 0.250924 0.254226 0.261537 0.268901 0.271005 0.271455 0.267529 0.260233 0.261247 0.252997 -9999.0
-9999.0 -9999.0 -9999.0 -9999.0 -9999.0 0.248945 0.253465 0.259609 0.265970 0.269893 0.272391 0.272199 0.270001 0.261446 0.254809 0.257872 -9999.0
-9999.0 -9999.0 -9999.0 0.245775 0.247833 0.252907 0.257518 0.264893 0.269251 0.272575 0.273443 0.273970 0.270698 0.261718 0.255766 0.257591 -9999.0
-9999.0 -9999.0 -9999.0 0.248754 0.253601 0.258347 0.265364 0.267910 0.272223 0.273844 0.273793 0.274371 0.270878 0.265628 0.307049 0.256015 -9999.0
-9999.0 -9999.0 0.251970 0.254292 0.259506 0.263536 0.267051 0.271155 0.271947 0.273183 0.273194 0.272917 0.270310 0.262650 0.253362 0.250856 -9999.0
-9999.0 0.255294 0.258428 0.260553 0.264712 0.269049 0.270638 0.270803 0.271508 0.272672 0.273002 0.269258 0.267052 0.255754 0.249612 -9999.0 -9999.0
-9999.0 0.259338 0.261919 0.265270 0.268254 0.268741 0.270714 0.277123 0.271476 0.272351 0.272241 0.266687 0.259703 0.250263 0.306012 0.305562 -9999.0
-9999.0 0.262616 0.264674 0.266534 0.276597 0.289912 0.301178 0.294923 0.273324 0.272926 0.270129 0.265606 0.255211 0.247513 0.246728 -9999.0 -9999.0
-9999.0 0.262022 0.263363 0.288416 0.315773 0.319383 0.293359 0.277079 0.271597 0.271532 0.268362 0.265066 0.255585 0.248700 -9999.0 -9999.0 -9999.0
-9999.0 -9999.0 0.293633 0.317580 0.296246 0.280789 0.269798 0.271138 0.269948 0.271794 0.268265 0.262083 0.255780 0.252218 -9999.0 -9999.0 -9999.0
-9999.0 -9999.0 0.318405 0.314674 0.269824 0.267835 0.270649 0.270483 0.269772 0.270378 0.268434 0.262502 0.256263 -9999.0 -9999.0 -9999.0 -9999.0
-9999.0 -9999.0 -9999.0 -9999.0 0.267338 0.268769 0.265626 0.266721 0.266907 0.268367 0.267851 0.263318 0.257524 -9999.0 -9999.0 -9999.0 -9999.0
-9999.0 -9999.0 -9999.0 -9999.0 -9999.0 0.264442 0.260551 0.260664 0.263888 0.265223 0.265985 0.263812 0.256824 0.251324 -9999.0 -9999.0 -9999.0
-9999.0 -9999.0 -9999.0 -9999.0 -9999.0 -9999.0 0.253268 0.252566 0.255603 0.261140 0.263479 0.262270 0.256503 0.250714 0.247463 -9999.0 -9999.0
-9999.0 -9999.0 -9999.0 -9999.0 -9999.0 -9999.0 -9999.0 0.245558 0.250621 0.254209 0.258502 0.259940 0.254621 0.248756 -9999.0 -9999.0 -9999.0
-9999.0 -9999.0 -9999.0 -9999.0 -9999.0 -9999.0 -9999.0 -9999.0 0.244827 0.250409 0.256177 0.257379 0.251887 0.247175 0.244734 -9999.0 -9999.0
-9999.0 -9999.0 -9999.0 -9999.0 -9999.0 -9999.0 -9999.0 -9999.0 -9999.0 -9999.0 -9999.0 -9999.0 -9999.0 -9999.0 -9999.0 -9999.0 -9999.0