tests/3D/WG1_2.0_001/output-maps-SE27XX/thetaliqL0001N0046.asc
ncols         17
nrows         27
xllcorner     624603.750000
yllcorner     5171346.250000
cellsize      500.000000
NODATA_value  -9999.0
-9999.0 -9999.0 -9999.0 -9999.0 -9999.0 -9999.0 -9999.0 -9999.0 -9999.0 -9999.0 -9999.0 -9999.0 -9999.0 -9999.0 -9999.0 -9999.0 -9999.0
-9999.0 -9999.0 -9999.0 -9999.0 -9999.0 -9999.0 -9999.0 -9999.0 -9999.0 -9999.0 -9999.0 0.142770 0.220723 0.219950 -9999.0 -9999.0 -9999.0
-9999.0 -9999.0 -9999.0 -9999.0 -9999.0 -9999.0 -9999.0 -9999.0 -9999.0 0.129592 0.142031 0.150416 0.220749 0.220266 0.221093 -9999.0 -9999.0
-9999.0 -9999.0 -9999.0 -9999.0 -9999.0 -9999.0 -9999.0 -9999.0 0.137787 0.143788 0.150661 0.150596 0.138132 0.221690 0.220306 -9999.0 -9999.0
-9999.0 -9999.0 -9999.0 -9999.0 -9999.0 -9999.0 -9999.0 -9999.0 0.140855 0.145262 0.149887 0.153479 0.220470 0.220809 0.220362 -9999.0 -9999.0
-9999.0 -9999.0 -9999.0 -9999.0 -9999.0 -9999.0 -9999.0 0.138376 0.145989 0.146939 0.179873 0.154574 0.154333 0.220255 0.220581 -9999.0 -9999.0
-9999.0 -9999.0 -9999.0 -9999.0 -9999.0 -9999.0 0.135674 0.143223 0.136192 0.139289 0.140276 0.153061 0.156228 0.151639 0.150925 -9999.0 -9999.0
-9999.0 -9999.0 -9999.0 -9999.0 -9999.0 -9999.0 0.138622 0.137948 0.144897 0.142024 0.138640 0.139133 0.147436 0.146543 0.141466 -9999.0 -9999.0
-9999.0 -9999.0 -9999.0 -9999.0 -9999.0 -9999.0 0.134765 0.135879 0.148355 0.140348 0.150480 0.145120 0.148592 0.154808 0.142141 -9999.0 -9999.0
-9999.0 -9999.0 -9999.0 -9999.0 -9999.0 -9999.0 -9999.0 0.137750 0.140397 0.140796 0.136064 0.146713 0.155938 0.134931 0.149489 -9999.0 -9999.0
-9999.0 -9999.0 -9999.0 -9999.0 -9999.0 -9999.0 0.138765 0.136388 0.140885 0.142768 0.141348 0.146246 0.157070 0.145614 0.150589 0.146904 -9999.0
-9999.0 -9999.0 -9999.0 -9999.0 -9999.0 0.137379 0.139774 0.138183 0.141527 0.143961 0.141711 0.150050 0.149072 0.166299 0.147270 0.148866 -9999.0
-9999.0 -9999.0 -9999.0 0.136468 0.130957 0.137069 0.139024 0.142405 0.141992 0.144083 0.150035 0.149432 0.157180 0.145087 0.145620 0.148260 -9999.0
-9999.0 -9999.0 -9999.0 0.138530 0.138619 0.141079 0.142616 0.142991 0.144042 0.144715 0.154880 0.153604 0.146173 0.154543 0.220353 0.145145 -9999.0
-9999.0 -9999.0 0.139849 0.142172 0.140319 0.143627 0.145813 0.146226 0.156262 0.153972 0.162380 0.147517 0.154853 0.149857 0.132849 0.139111 -9999.0
-9999.0 0.138620 0.139600 0.142662 0.139181 0.145643 0.150242 0.158819 0.162465 0.167281 0.166407 0.159346 0.138817 0.140843 0.136320 -9999.0 -9999.0
-9999.0 0.140590 0.144366 0.141375 0.140170 0.148526 0.170023 0.171731 0.175089 0.162842 0.142868 0.138514 0.136469 0.135890 0.220430 0.220932 -9999.0
-9999.0 0.142346 0.143270 0.166932 0.209956 0.235654 0.313053 0.147694 0.175715 0.163382 0.143134 0.142307 0.135593 0.132836 0.133514 -9999.0 -9999.0
-9999.0 0.148641 0.165139 0.229661 0.152068 0.232047 0.184124 0.180250 0.172620 0.161841 0.142438 0.143769 0.141988 0.138582 -9999.0 -9999.0 -9999.0
-9999.0 -9999.0 0.232822 0.194176 0.195529 0.180189 0.176032 0.171238 0.158987 0.150542 0.142669 0.138064 0.141076 0.136355 -9999.0 -9999.0 -9999.0
-9999.0 -9999.0 0.213126 0.307374 0.176462 0.167663 0.161691 0.151881 0.146701 0.148364 0.144684 0.138219 0.136574 -9999.0 -9999.0 -9999.0 -9999.0
-9999.0 -9999.0 -9999.0 -9999.0 0.161857 0.151139 0.146326 0.142156 0.144404 0.147052 0.145325 0.142850 0.140350 -9999.0 -9999.0 -9999.0 -9999.0
-9999.0 -9999.0 -9999.0 -9999.0 -9999.0 0.136606 0.134843 0.134000 0.142402 0.139550 0.140862 0.141898 0.139476 0.138932 -9999.0 -9999.0 -9999.0
-9999.0 -9999.0 -9999.0 -9999.0 -9999.0 -9999.0 0.133282 0.132286 0.137787 0.134312 0.135238 0.133539 0.140269 0.135392 0.131351 -9999.0 -9999.0
-9999.0 -9999.0 -9999.0 -9999.0 -9999.0 -9999.0 -9999.0 0.130842 0.135650 0.138509 0.134670 0.133586 0.131633 0.138259 -9999.0 -9999.0 -9999.0
-9999.0 -9999.0 -9999.0 -9999.0 -9999.0 -9999.0 -9999.0 -9999.0 0.131172 0.132420 0.134311 0.135109 0.133425 0.133585 0.130390 -9999.0 -9999.0
-9999.0 -9999.0 -9999.0 -9999.0 -9999.0 -9999.0 -9999.0 -9999.0 -9999.0 -9999.0 -9999.0 -9999.0 -9999.0 -9999.0 -9999.0 -9999.0 -9999.0