tests/3D/WG1_2.0_001/output-maps-SE27XX/thetaliqL0003N0046.asc
ncols         17
nrows         27
xllcorner     624603.750000
yllcorner     5171346.250000
cellsize      500.000000
NODATA_value  -9999.0
-9999.0 -9999.0 -9999.0 -9999.0 -9999.0 -9999.0 -9999.0 -9999.0 -9999.0 -9999.0 -9999.0 -9999.0 -9999.0 -9999.0 -9999.0 -9999.0 -9999.0
-9999.0 -9999.0 -9999.0 -9999.0 -9999.0 -9999.0 -9999.0 -9999.0 -9999.0 -9999.0 -9999.0 0.158831 0.314003 0.299860 -9999.0 -9999.0 -9999.0
-9999.0 -9999.0 -9999.0 -9999.0 -9999.0 -9999.0 -9999.0 -9999.0 -9999.0 0.142618 0.258015 0.225029 0.314613 0.304511 0.323792 -9999.0 -9999.0
-9999.0 -9999.0 -9999.0 -9999.0 -9999.0 -9999.0 -9999.0 -9999.0 0.274819 0.176416 0.300760 0.184372 0.148717 0.344950 0.305210 -9999.0 -9999.0
-9999.0 -9999.0 -9999.0 -9999.0 -9999.0 -9999.0 -9999.0 -9999.0 0.261148 0.225672 0.282516 0.233146 0.308429 0.316069 0.306243 -9999.0 -9999.0
-9999.0 -9999.0 -9999.0 -9999.0 -9999.0 -9999.0 -9999.0 0.256388 0.221123 0.293591 0.274232 0.232630 0.191672 0.304315 0.310766 -9999.0 -9999.0
-9999.0 -9999.0 -9999.0 -9999.0 -9999.0 -9999.0 0.185769 0.200834 0.286558 0.160536 0.149885 0.169782 0.186911 0.225219 0.215670 -9999.0 -9999.0
-9999.0 -9999.0 -9999.0 -9999.0 -9999.0 -9999.0 0.252777 0.194078 0.158694 0.152278 0.167964 0.149592 0.294193 0.275266 0.151647 -9999.0 -9999.0
-9999.0 -9999.0 -9999.0 -9999.0 -9999.0 -9999.0 0.143290 0.144990 0.208676 0.287336 0.218770 0.242446 0.259102 0.176959 0.151086 -9999.0 -9999.0
-9999.0 -9999.0 -9999.0 -9999.0 -9999.0 -9999.0 -9999.0 0.220821 0.185088 0.286856 0.163840 0.200178 0.191617 0.307252 0.278011 -9999.0 -9999.0
-9999.0 -9999.0 -9999.0 -9999.0 -9999.0 -9999.0 0.222278 0.258916 0.241692 0.220044 0.206737 0.197977 0.179999 0.268859 0.224087 0.165081 -9999.0
-9999.0 -9999.0 -9999.0 -9999.0 -9999.0 0.198732 0.246286 0.258251 0.223015 0.228480 0.227425 0.214156 0.205461 0.274749 0.160761 0.172105 -9999.0
-9999.0 -9999.0 -9999.0 0.227814 0.138787 0.243837 0.249561 0.217520 0.245035 0.258557 0.228132 0.196323 0.199769 0.167218 0.225567 0.242107 -9999.0
-9999.0 -9999.0 -9999.0 0.220732 0.245049 0.225696 0.220058 0.241351 0.234008 0.249644 0.252484 0.245279 0.283445 0.243190 0.306047 0.242780 -9999.0
-9999.0 -9999.0 0.219123 0.227735 0.243873 0.161530 0.221334 0.240244 0.256672 0.250098 0.253446 0.158998 0.278529 0.282674 0.143204 0.147802 -9999.0
-9999.0 0.208264 0.210983 0.171171 0.148248 0.225222 0.236342 0.253444 0.259844 0.262160 0.235279 0.213366 0.148838 0.152460 0.145641 -9999.0 -9999.0
-9999.0 0.222764 0.208931 0.242229 0.253885 0.250772 0.265834 0.275752 0.259363 0.260360 0.230113 0.148182 0.146036 0.152689 0.307570 0.319180 -9999.0
-9999.0 0.237381 0.233436 0.249978 0.263049 0.250791 0.259894 0.244764 0.269752 0.254364 0.242705 0.211638 0.144157 0.141624 0.142359 -9999.0 -9999.0
-9999.0 0.244578 0.247895 0.260642 0.257521 0.256469 0.270050 0.272146 0.265254 0.234538 0.150447 0.254520 0.205525 0.244738 -9999.0 -9999.0 -9999.0
-9999.0 -9999.0 0.269598 0.259430 0.273145 0.273976 0.265956 0.261380 0.247540 0.236962 0.226233 0.147046 0.227538 0.144624 -9999.0 -9999.0 -9999.0
-9999.0 -9999.0 0.260670 0.257171 0.272615 0.248646 0.215104 0.166876 0.153094 0.230518 0.176362 0.259956 0.145121 -9999.0 -9999.0 -9999.0 -9999.0
-9999.0 -9999.0 -9999.0 -9999.0 0.238885 0.178137 0.178283 0.225256 0.155685 0.206006 0.198828 0.239815 0.192714 -9999.0 -9999.0 -9999.0 -9999.0
-9999.0 -9999.0 -9999.0 -9999.0 -9999.0 0.143746 0.142030 0.141546 0.208443 0.145938 0.156721 0.272922 0.257740 0.237258 -9999.0 -9999.0 -9999.0
-9999.0 -9999.0 -9999.0 -9999.0 -9999.0 -9999.0 0.140641 0.139704 0.152994 0.142471 0.143542 0.142353 0.189975 0.152014 0.140699 -9999.0 -9999.0
-9999.0 -9999.0 -9999.0 -9999.0 -9999.0 -9999.0 -9999.0 0.138095 0.148838 0.157937 0.142725 0.143445 0.140922 0.234542 -9999.0 -9999.0 -9999.0
-9999.0 -9999.0 -9999.0 -9999.0 -9999.0 -9999.0 -9999.0 -9999.0 0.140370 0.140796 0.142115 0.143009 0.141558 0.141429 0.138702 -9999.0 -9999.0
-9999.0 -9999.0 -9999.0 -9999.0 -9999.0 -9999.0 -9999.0 -9999.0 -9999.0 -9999.0 -9999.0 -9999.0 -9999.0 -9999.0 -9999.0 -9999.0 -9999.0