tests/3D/WG1_2.0_001/output-maps-SE27XX/thetaliqL0004N0072.asc
ncols         17
nrows         27
xllcorner     624603.750000
yllcorner     5171346.250000
cellsize      500.000000
NODATA_value  -9999.0
-9999.0 -9999.0 -9999.0 -9999.0 -9999.0 -9999.0 -9999.0 -9999.0 -9999.0 -9999.0 -9999.0 -9999.0 -9999.0 -9999.0 -9999.0 -9999.0 -9999.0
-9999.0 -9999.0 -9999.0 -9999.0 -9999.0 -9999.0 -9999.0 -9999.0 -9999.0 -9999.0 -9999.0 0.268999 0.332752 0.319122 -9999.0 -9999.0 -9999.0
-9999.0 -9999.0 -9999.0 -9999.0 -9999.0 -9999.0 -9999.0 -9999.0 -9999.0 0.274307 0.294537 0.280472 0.333431 0.323639 0.342427 -9999.0 -9999.0
-9999.0 -9999.0 -9999.0 -9999.0 -9999.0 -9999.0 -9999.0 -9999.0 0.295617 0.278095 0.307750 0.282456 0.281991 0.363977 0.324139 -9999.0 -9999.0
-9999.0 -9999.0 -9999.0 -9999.0 -9999.0 -9999.0 -9999.0 -9999.0 0.285647 0.280272 0.316289 0.293042 0.328159 0.334947 0.325281 -9999.0 -9999.0
-9999.0 -9999.0 -9999.0 -9999.0 -9999.0 -9999.0 -9999.0 0.277607 0.282783 0.316567 0.288237 0.290107 0.285947 0.323461 0.329652 -9999.0 -9999.0
-9999.0 -9999.0 -9999.0 -9999.0 -9999.0 -9999.0 0.282850 0.268318 0.305711 0.280242 0.307217 0.296782 0.285286 0.282539 0.278909 -9999.0 -9999.0
-9999.0 -9999.0 -9999.0 -9999.0 -9999.0 -9999.0 0.294785 0.271313 0.284360 0.281987 0.287194 0.306608 0.311914 0.289252 0.311729 -9999.0 -9999.0
-9999.0 -9999.0 -9999.0 -9999.0 -9999.0 -9999.0 0.268543 0.276366 0.276671 0.305887 0.272755 0.285818 0.293510 0.285456 0.302693 -9999.0 -9999.0
-9999.0 -9999.0 -9999.0 -9999.0 -9999.0 -9999.0 -9999.0 0.264192 0.279233 0.306154 0.281273 0.285388 0.284671 0.340331 0.293484 -9999.0 -9999.0
-9999.0 -9999.0 -9999.0 -9999.0 -9999.0 -9999.0 0.267758 0.295678 0.275355 0.272308 0.280432 0.280267 0.296560 0.296079 0.283375 0.280847 -9999.0
-9999.0 -9999.0 -9999.0 -9999.0 -9999.0 0.270515 0.277627 0.284982 0.270059 0.277942 0.282486 0.279114 0.300296 0.292662 0.285061 0.272663 -9999.0
-9999.0 -9999.0 -9999.0 0.284958 0.266267 0.308235 0.277792 0.268198 0.286981 0.285883 0.276765 0.285553 0.298694 0.266609 0.277129 0.289578 -9999.0
-9999.0 -9999.0 -9999.0 0.269315 0.308779 0.268356 0.279336 0.286108 0.281176 0.299461 0.296249 0.286035 0.335434 0.294123 0.323590 0.279911 -9999.0
-9999.0 -9999.0 0.269088 0.275900 0.271358 0.287532 0.272327 0.286302 0.291319 0.284082 0.292257 0.284537 0.297714 0.297196 0.300149 0.273087 -9999.0
-9999.0 0.267037 0.272426 0.264398 0.277098 0.277076 0.279480 0.283641 0.290608 0.315243 0.292771 0.274038 0.306070 0.269220 0.258420 -9999.0 -9999.0
-9999.0 0.279037 0.269212 0.288408 0.288470 0.284697 0.290448 0.295131 0.290369 0.296890 0.300152 0.282194 0.278658 0.280267 0.326001 0.337906 -9999.0
-9999.0 0.279589 0.292764 0.290455 0.293908 0.298769 0.297700 0.295088 0.294044 0.304827 0.292421 0.274753 0.264630 0.263398 0.253075 -9999.0 -9999.0
-9999.0 0.286950 0.276394 0.295038 0.280989 0.295776 0.292647 0.297681 0.305540 0.289617 0.272654 0.285030 0.281720 0.273925 -9999.0 -9999.0 -9999.0
-9999.0 -9999.0 0.296014 0.280680 0.298418 0.301351 0.313861 0.307699 0.286105 0.288403 0.272595 0.271492 0.272310 0.271187 -9999.0 -9999.0 -9999.0
-9999.0 -9999.0 0.278800 0.283444 0.309715 0.297972 0.299715 0.286493 0.281834 0.283003 0.280059 0.297450 0.260276 -9999.0 -9999.0 -9999.0 -9999.0
-9999.0 -9999.0 -9999.0 -9999.0 0.288315 0.275215 0.261489 0.278870 0.276128 0.269486 0.269235 0.281595 0.271655 -9999.0 -9999.0 -9999.0 -9999.0
-9999.0 -9999.0 -9999.0 -9999.0 -9999.0 0.269953 0.260875 0.252826 0.273757 0.272904 0.274014 0.318815 0.296456 0.275989 -9999.0 -9999.0 -9999.0
-9999.0 -9999.0 -9999.0 -9999.0 -9999.0 -9999.0 0.254188 0.253090 0.260688 0.258542 0.263420 0.266123 0.266010 0.271056 0.264919 -9999.0 -9999.0
-9999.0 -9999.0 -9999.0 -9999.0 -9999.0 -9999.0 -9999.0 0.246958 0.267920 0.273646 0.262581 0.262020 0.255866 0.271759 -9999.0 -9999.0 -9999.0
-9999.0 -9999.0 -9999.0 -9999.0 -9999.0 -9999.0 -9999.0 -9999.0 0.276418 0.270075 0.264996 0.266406 0.258840 0.255473 0.265207 -9999.0 -9999.0
-9999.0 -9999.0 -9999.0 -9999.0 -9999.0 -9999.0 -9999.0 -9999.0 -9999.0 -9999.0 -9999.0 -9999.0 -9999.0 -9999.0 -9999.0 -9999.0 -9999.0