tests/3D/WG1_2.0_001/output-maps-SE27XX/thetaliqL0002N0001.asc
ncols         17
nrows         27
xllcorner     624603.750000
yllcorner     5171346.250000
cellsize      500.000000
NODATA_value  -9999.0
-9999.0 -9999.0 -9999.0 -9999.0 -9999.0 -9999.0 -9999.0 -9999.0 -9999.0 -9999.0 -9999.0 -9999.0 -9999.0 -9999.0 -9999.0 -9999.0 -9999.0
-9999.0 -9999.0 -9999.0 -9999.0 -9999.0 -9999.0 -9999.0 -9999.0 -9999.0 -9999.0 -9999.0 0.301076 0.318855 0.306669 -9999.0 -9999.0 -9999.0
-9999.0 -9999.0 -9999.0 -9999.0 -9999.0 -9999.0 -9999.0 -9999.0 -9999.0 0.330432 0.319394 0.304420 0.319385 0.310593 0.327618 -9999.0 -9999.0
-9999.0 -9999.0 -9999.0 -9999.0 -9999.0 -9999.0 -9999.0 -9999.0 0.318959 0.310959 0.317808 0.305046 0.315910 0.356487 0.311234 -9999.0 -9999.0
-9999.0 -9999.0 -9999.0 -9999.0 -9999.0 -9999.0 -9999.0 -9999.0 0.313569 0.305886 0.337731 0.303845 0.313737 0.320654 0.312086 -9999.0 -9999.0
-9999.0 -9999.0 -9999.0 -9999.0 -9999.0 -9999.0 -9999.0 0.310068 0.310562 0.318734 0.304715 0.303773 0.308284 0.310420 0.316006 -9999.0 -9999.0
-9999.0 -9999.0 -9999.0 -9999.0 -9999.0 -9999.0 0.325656 0.306124 0.316355 0.310660 0.352883 0.317693 0.304868 0.304717 0.303962 -9999.0 -9999.0
-9999.0 -9999.0 -9999.0 -9999.0 -9999.0 -9999.0 0.313261 0.314733 0.315618 0.310224 0.317718 0.351188 0.318812 0.308246 0.333714 -9999.0 -9999.0
-9999.0 -9999.0 -9999.0 -9999.0 -9999.0 -9999.0 0.314738 0.320889 0.311289 0.328891 0.302845 0.305403 0.304921 0.309154 0.327495 -9999.0 -9999.0
-9999.0 -9999.0 -9999.0 -9999.0 -9999.0 -9999.0 -9999.0 0.305855 0.317087 0.316084 0.319958 0.313937 0.310639 0.347336 0.312251 -9999.0 -9999.0
-9999.0 -9999.0 -9999.0 -9999.0 -9999.0 -9999.0 0.307950 0.315095 0.307982 0.307039 0.313895 0.314757 0.322726 0.311725 0.303671 0.310111 -9999.0
-9999.0 -9999.0 -9999.0 -9999.0 -9999.0 0.313054 0.311443 0.310142 0.301297 0.313192 0.309497 0.312883 0.331703 0.307305 0.310694 0.302634 -9999.0
-9999.0 -9999.0 -9999.0 0.315105 0.346199 0.317163 0.312714 0.301119 0.302868 0.299901 0.303241 0.318107 0.330695 0.298557 0.304098 0.313495 -9999.0
-9999.0 -9999.0 -9999.0 0.308585 0.320059 0.303270 0.317291 0.302057 0.310726 0.319255 0.311224 0.303744 0.320589 0.316358 0.309904 0.306045 -9999.0
-9999.0 -9999.0 0.309620 0.308812 0.305160 0.326165 0.303130 0.304265 0.308327 0.301520 0.304856 0.317080 0.307865 0.311696 0.349131 0.309992 -9999.0
-9999.0 0.312753 0.313585 0.307358 0.320659 0.317171 0.300326 0.302512 0.306602 0.329541 0.321740 0.300823 0.350602 0.307170 0.305171 -9999.0 -9999.0
-9999.0 0.310003 0.308541 0.309263 0.310715 0.309792 0.315516 0.316999 0.300903 0.315731 0.332409 0.326347 0.326469 0.325979 0.312552 0.323462 -9999.0
-9999.0 0.304847 0.322137 0.314374 0.312954 0.305000 0.311194 0.313076 0.309852 0.326615 0.312965 0.314392 0.312821 0.316678 0.303149 -9999.0 -9999.0
-9999.0 0.312218 0.301775 0.309005 0.304787 0.306061 0.306120 0.313101 0.314882 0.314809 0.314863 0.307285 0.319564 0.311970 -9999.0 -9999.0 -9999.0
-9999.0 -9999.0 0.313140 0.306026 0.309779 0.316339 0.323028 0.319300 0.302700 0.317472 0.299613 0.318194 0.306490 0.314574 -9999.0 -9999.0 -9999.0
-9999.0 -9999.0 0.307375 0.309448 0.323556 0.316953 0.332961 0.323099 0.317400 0.308010 0.317133 0.312860 0.308099 -9999.0 -9999.0 -9999.0 -9999.0
-9999.0 -9999.0 -9999.0 -9999.0 0.313308 0.313955 0.303881 0.313220 0.313090 0.301841 0.307804 0.311667 0.315331 -9999.0 -9999.0 -9999.0 -9999.0
-9999.0 -9999.0 -9999.0 -9999.0 -9999.0 0.320488 0.316715 0.313275 0.308873 0.320991 0.310883 0.326839 0.310751 0.310525 -9999.0 -9999.0 -9999.0
-9999.0 -9999.0 -9999.0 -9999.0 -9999.0 -9999.0 0.317172 0.315140 0.308499 0.309315 0.309289 0.312046 0.307983 0.315870 0.316561 -9999.0 -9999.0
-9999.0 -9999.0 -9999.0 -9999.0 -9999.0 -9999.0 -9999.0 0.326991 0.315643 0.316383 0.313341 0.308020 0.306426 0.312739 -9999.0 -9999.0 -9999.0
-9999.0 -9999.0 -9999.0 -9999.0 -9999.0 -9999.0 -9999.0 -9999.0 0.328290 0.319696 0.318561 0.317136 0.312581 0.307796 0.331742 -9999.0 -9999.0
-9999.0 -9999.0 -9999.0 -9999.0 -9999.0 -9999.0 -9999.0 -9999.0 -9999.0 -9999.0 -9999.0 -9999.0 -9999.0 -9999.0 -9999.0 -9999.0 -9999.0