tests/3D/WG1_2.0_001/output-maps-SE27XX/thetaiceL0002N0015.asc
ncols         17
nrows         27
xllcorner     624603.750000
yllcorner     5171346.250000
cellsize      500.000000
NODATA_value  -9999.0
-9999.0 -9999.0 -9999.0 -9999.0 -9999.0 -9999.0 -9999.0 -9999.0 -9999.0 -9999.0 -9999.0 -9999.0 -9999.0 -9999.0 -9999.0 -9999.0 -9999.0
-9999.0 -9999.0 -9999.0 -9999.0 -9999.0 -9999.0 -9999.0 -9999.0 -9999.0 -9999.0 -9999.0 0.188979 0.012152 0.012142 -9999.0 -9999.0 -9999.0
-9999.0 -9999.0 -9999.0 -9999.0 -9999.0 -9999.0 -9999.0 -9999.0 -9999.0 0.306311 0.323580 0.260769 0.012223 0.012138 0.012111 -9999.0 -9999.0
-9999.0 -9999.0 -9999.0 -9999.0 -9999.0 -9999.0 -9999.0 -9999.0 0.284418 0.279549 0.271950 0.303273 0.182703 0.012226 0.012147 -9999.0 -9999.0
-9999.0 -9999.0 -9999.0 -9999.0 -9999.0 -9999.0 -9999.0 -9999.0 0.295173 0.274377 0.263417 0.275632 0.012274 0.012203 0.012146 -9999.0 -9999.0
-9999.0 -9999.0 -9999.0 -9999.0 -9999.0 -9999.0 -9999.0 0.297666 0.277236 0.247626 0.237531 0.264567 0.286977 0.012139 0.012084 -9999.0 -9999.0
-9999.0 -9999.0 -9999.0 -9999.0 -9999.0 -9999.0 0.326877 0.310570 0.263552 0.233930 0.231297 0.263752 0.281731 0.316086 0.186550 -9999.0 -9999.0
-9999.0 -9999.0 -9999.0 -9999.0 -9999.0 -9999.0 0.324862 0.315531 0.272092 0.223262 0.217236 0.247802 0.279105 0.300384 0.177915 -9999.0 -9999.0
-9999.0 -9999.0 -9999.0 -9999.0 -9999.0 -9999.0 0.330169 0.318233 0.270065 0.222927 0.208078 0.216485 0.254043 0.271087 0.315005 -9999.0 -9999.0
-9999.0 -9999.0 -9999.0 -9999.0 -9999.0 -9999.0 -9999.0 0.308625 0.267744 0.222877 0.209518 0.212877 0.247361 0.268616 0.275233 -9999.0 -9999.0
-9999.0 -9999.0 -9999.0 -9999.0 -9999.0 -9999.0 0.308817 0.295116 0.263211 0.224201 0.210115 0.209575 0.241472 0.272759 0.264642 0.307335 -9999.0
-9999.0 -9999.0 -9999.0 -9999.0 -9999.0 0.314781 0.298975 0.272504 0.243740 0.220143 0.201746 0.207418 0.228916 0.264889 0.299254 0.281378 -9999.0
-9999.0 -9999.0 -9999.0 0.321309 0.318668 0.301026 0.283404 0.251344 0.228337 0.204725 0.199015 0.198923 0.228764 0.273656 0.291494 0.282842 -9999.0
-9999.0 -9999.0 -9999.0 0.315497 0.299872 0.281277 0.254241 0.237608 0.211642 0.200328 0.199869 0.200992 0.222776 0.256110 0.012341 0.290132 -9999.0
-9999.0 -9999.0 0.305967 0.298748 0.279153 0.265636 0.246390 0.220629 0.214173 0.204958 0.208501 0.214402 0.228719 0.266357 0.306693 0.314406 -9999.0
-9999.0 0.293423 0.280569 0.278412 0.265418 0.240652 0.230228 0.226165 0.218962 0.211225 0.215062 0.239589 0.251869 0.304895 0.327454 -9999.0 -9999.0
-9999.0 0.281496 0.273737 0.262083 0.249534 0.250152 0.203222 0.148502 0.225932 0.222152 0.221394 0.254172 0.285883 0.317441 0.012157 0.012141 -9999.0
-9999.0 0.270928 0.266287 0.261389 0.123256 0.071484 0.028272 0.058189 0.215011 0.225169 0.233201 0.253131 0.302155 0.324127 0.331475 -9999.0 -9999.0
-9999.0 0.281253 0.283003 0.092681 0.000000 0.000000 0.070047 0.152764 0.234868 0.231061 0.243461 0.253240 0.293930 0.317519 -9999.0 -9999.0 -9999.0
-9999.0 -9999.0 0.088935 0.000000 0.059241 0.110279 0.243752 0.239287 0.235209 0.219217 0.235590 0.265182 0.287678 0.305372 -9999.0 -9999.0 -9999.0
-9999.0 -9999.0 0.000000 0.000000 0.242024 0.263179 0.243141 0.234822 0.226404 0.217451 0.233252 0.257340 0.288220 -9999.0 -9999.0 -9999.0 -9999.0
-9999.0 -9999.0 -9999.0 -9999.0 0.268138 0.252886 0.260447 0.246791 0.239014 0.226124 0.229676 0.254093 0.280907 -9999.0 -9999.0 -9999.0 -9999.0
-9999.0 -9999.0 -9999.0 -9999.0 -9999.0 0.268422 0.277366 0.276806 0.255373 0.243869 0.235183 0.249325 0.280838 0.307136 -9999.0 -9999.0 -9999.0
-9999.0 -9999.0 -9999.0 -9999.0 -9999.0 -9999.0 0.306811 0.307570 0.295942 0.266344 0.249558 0.254734 0.284099 0.308719 0.318167 -9999.0 -9999.0
-9999.0 -9999.0 -9999.0 -9999.0 -9999.0 -9999.0 -9999.0 0.325192 0.311783 0.296484 0.273404 0.263709 0.292362 0.314828 -9999.0 -9999.0 -9999.0
-9999.0 -9999.0 -9999.0 -9999.0 -9999.0 -9999.0 -9999.0 -9999.0 0.324332 0.310856 0.282385 0.278230 0.304051 0.318600 0.323699 -9999.0 -9999.0
-9999.0 -9999.0 -9999.0 -9999.0 -9999.0 -9999.0 -9999.0 -9999.0 -9999.0 -9999.0 -9999.0 -9999.0 -9999.0 -9999.0 -9999.0 -9999.0 -9999.0