tests/3D/WG1_2.0_001/output-maps-SE27XX/thetaliqL0001N0013.asc
ncols         17
nrows         27
xllcorner     624603.750000
yllcorner     5171346.250000
cellsize      500.000000
NODATA_value  -9999.0
-9999.0 -9999.0 -9999.0 -9999.0 -9999.0 -9999.0 -9999.0 -9999.0 -9999.0 -9999.0 -9999.0 -9999.0 -9999.0 -9999.0 -9999.0 -9999.0 -9999.0
-9999.0 -9999.0 -9999.0 -9999.0 -9999.0 -9999.0 -9999.0 -9999.0 -9999.0 -9999.0 -9999.0 0.147767 0.219653 0.219282 -9999.0 -9999.0 -9999.0
-9999.0 -9999.0 -9999.0 -9999.0 -9999.0 -9999.0 -9999.0 -9999.0 -9999.0 0.126675 0.136829 0.139106 0.219664 0.219403 0.219917 -9999.0 -9999.0
-9999.0 -9999.0 -9999.0 -9999.0 -9999.0 -9999.0 -9999.0 -9999.0 0.136582 0.138984 0.136897 0.139316 0.138457 0.220529 0.219423 -9999.0 -9999.0
-9999.0 -9999.0 -9999.0 -9999.0 -9999.0 -9999.0 -9999.0 -9999.0 0.138082 0.139786 0.136507 0.139771 0.219501 0.219699 0.219447 -9999.0 -9999.0
-9999.0 -9999.0 -9999.0 -9999.0 -9999.0 -9999.0 -9999.0 0.138429 0.139961 0.138507 0.141204 0.140151 0.139255 0.219397 0.219571 -9999.0 -9999.0
-9999.0 -9999.0 -9999.0 -9999.0 -9999.0 -9999.0 0.136506 0.139839 0.138022 0.138243 0.137792 0.139747 0.139507 0.138396 0.135453 -9999.0 -9999.0
-9999.0 -9999.0 -9999.0 -9999.0 -9999.0 -9999.0 0.138047 0.138901 0.141017 0.139948 0.137563 0.138118 0.136814 0.137836 0.138189 -9999.0 -9999.0
-9999.0 -9999.0 -9999.0 -9999.0 -9999.0 -9999.0 0.139177 0.139229 0.140514 0.138789 0.140411 0.139997 0.140154 0.139389 0.137204 -9999.0 -9999.0
-9999.0 -9999.0 -9999.0 -9999.0 -9999.0 -9999.0 -9999.0 0.139652 0.140022 0.140090 0.140167 0.139964 0.141394 0.133978 0.137393 -9999.0 -9999.0
-9999.0 -9999.0 -9999.0 -9999.0 -9999.0 -9999.0 0.139335 0.138227 0.140897 0.141068 0.141304 0.141928 0.141276 0.139318 0.139206 0.138820 -9999.0
-9999.0 -9999.0 -9999.0 -9999.0 -9999.0 0.138697 0.139466 0.139603 0.141948 0.141344 0.142119 0.142822 0.140118 0.139620 0.139533 0.139815 -9999.0
-9999.0 -9999.0 -9999.0 0.137306 0.137855 0.137969 0.139670 0.142181 0.143197 0.144757 0.143825 0.143328 0.142263 0.140570 0.139902 0.138822 -9999.0
-9999.0 -9999.0 -9999.0 0.139321 0.137952 0.141646 0.140650 0.143558 0.143888 0.144353 0.149848 0.141764 0.138872 0.140478 0.219369 0.139095 -9999.0
-9999.0 -9999.0 0.139583 0.140770 0.141325 0.140740 0.143736 0.145915 0.147870 0.147417 0.144359 0.143475 0.141503 0.139960 0.135563 0.139057 -9999.0
-9999.0 0.139679 0.140041 0.141948 0.142347 0.144547 0.147824 0.149159 0.157305 0.140843 0.143616 0.143811 0.138694 0.141212 0.139966 -9999.0 -9999.0
-9999.0 0.141297 0.141825 0.141139 0.135799 0.158184 0.150474 0.152511 0.158534 0.142768 0.131356 0.141620 0.140229 0.138399 0.219464 0.219777 -9999.0
-9999.0 0.141570 0.144041 0.144946 0.156317 0.173552 0.187772 0.160698 0.156321 0.139839 0.139625 0.141104 0.140593 0.140042 0.139367 -9999.0 -9999.0
-9999.0 0.158554 0.141940 0.165001 0.189168 0.195298 0.157728 0.151432 0.162802 0.145334 0.143380 0.142382 0.140121 0.139027 -9999.0 -9999.0 -9999.0
-9999.0 -9999.0 0.168630 0.222983 0.165021 0.148412 0.141543 0.143130 0.145042 0.140489 0.144781 0.142088 0.141425 0.141056 -9999.0 -9999.0 -9999.0
-9999.0 -9999.0 0.212867 0.198600 0.149487 0.152844 0.137908 0.144740 0.143769 0.141740 0.142417 0.140173 0.141816 -9999.0 -9999.0 -9999.0 -9999.0
-9999.0 -9999.0 -9999.0 -9999.0 0.149779 0.145526 0.144351 0.138276 0.143064 0.144674 0.142804 0.141539 0.140472 -9999.0 -9999.0 -9999.0 -9999.0
-9999.0 -9999.0 -9999.0 -9999.0 -9999.0 0.143424 0.142068 0.142163 0.141774 0.142249 0.142115 0.138006 0.140191 0.139982 -9999.0 -9999.0 -9999.0
-9999.0 -9999.0 -9999.0 -9999.0 -9999.0 -9999.0 0.141311 0.141027 0.142111 0.142225 0.142341 0.142252 0.141550 0.140183 0.139903 -9999.0 -9999.0
-9999.0 -9999.0 -9999.0 -9999.0 -9999.0 -9999.0 -9999.0 0.139215 0.141281 0.140594 0.142290 0.141911 0.141223 0.139127 -9999.0 -9999.0 -9999.0
-9999.0 -9999.0 -9999.0 -9999.0 -9999.0 -9999.0 -9999.0 -9999.0 0.137739 0.140352 0.141428 0.141484 0.141215 0.140665 0.137610 -9999.0 -9999.0
-9999.0 -9999.0 -9999.0 -9999.0 -9999.0 -9999.0 -9999.0 -9999.0 -9999.0 -9999.0 -9999.0 -9999.0 -9999.0 -9999.0 -9999.0 -9999.0 -9999.0