tests/3D/WG1_2.0_001/output-maps-SE27XX/thetaliqL0003N0009.asc
ncols         17
nrows         27
xllcorner     624603.750000
yllcorner     5171346.250000
cellsize      500.000000
NODATA_value  -9999.0
-9999.0 -9999.0 -9999.0 -9999.0 -9999.0 -9999.0 -9999.0 -9999.0 -9999.0 -9999.0 -9999.0 -9999.0 -9999.0 -9999.0 -9999.0 -9999.0 -9999.0
-9999.0 -9999.0 -9999.0 -9999.0 -9999.0 -9999.0 -9999.0 -9999.0 -9999.0 -9999.0 -9999.0 0.308748 0.309685 0.309596 -9999.0 -9999.0 -9999.0
-9999.0 -9999.0 -9999.0 -9999.0 -9999.0 -9999.0 -9999.0 -9999.0 -9999.0 0.322171 0.315851 0.310441 0.310299 0.309564 0.309328 -9999.0 -9999.0
-9999.0 -9999.0 -9999.0 -9999.0 -9999.0 -9999.0 -9999.0 -9999.0 0.325099 0.326054 0.326450 0.325864 0.310957 0.310331 0.309638 -9999.0 -9999.0
-9999.0 -9999.0 -9999.0 -9999.0 -9999.0 -9999.0 -9999.0 -9999.0 0.320322 0.322934 0.325236 0.324470 0.310755 0.310130 0.309633 -9999.0 -9999.0
-9999.0 -9999.0 -9999.0 -9999.0 -9999.0 -9999.0 -9999.0 0.319920 0.321270 0.323665 0.325120 0.324604 0.328940 0.309576 0.309104 -9999.0 -9999.0
-9999.0 -9999.0 -9999.0 -9999.0 -9999.0 -9999.0 0.314043 0.317510 0.322861 0.324285 0.325040 0.325586 0.328875 0.312014 0.309988 -9999.0 -9999.0
-9999.0 -9999.0 -9999.0 -9999.0 -9999.0 -9999.0 0.315134 0.316864 0.322573 0.323505 0.324232 0.326242 0.324435 0.326600 0.310158 -9999.0 -9999.0
-9999.0 -9999.0 -9999.0 -9999.0 -9999.0 -9999.0 0.311765 0.316126 0.322457 0.323263 0.323562 0.324593 0.326241 0.328182 0.320736 -9999.0 -9999.0
-9999.0 -9999.0 -9999.0 -9999.0 -9999.0 -9999.0 -9999.0 0.318372 0.322246 0.323029 0.323445 0.324435 0.326756 0.326053 0.327330 -9999.0 -9999.0
-9999.0 -9999.0 -9999.0 -9999.0 -9999.0 -9999.0 0.317429 0.318476 0.322287 0.322987 0.323330 0.323999 0.326461 0.324304 0.326281 0.324241 -9999.0
-9999.0 -9999.0 -9999.0 -9999.0 -9999.0 0.315507 0.318001 0.321374 0.322576 0.323001 0.322887 0.323953 0.325797 0.324184 0.321844 0.326641 -9999.0
-9999.0 -9999.0 -9999.0 0.314185 0.314549 0.317966 0.320254 0.322164 0.322639 0.322665 0.323420 0.323759 0.326134 0.324475 0.322074 0.326087 -9999.0
-9999.0 -9999.0 -9999.0 0.315523 0.318650 0.320407 0.322006 0.322545 0.322736 0.323314 0.323895 0.324234 0.324514 0.325881 0.310524 0.325498 -9999.0
-9999.0 -9999.0 0.317220 0.318349 0.320451 0.322407 0.322820 0.322699 0.323817 0.323856 0.324743 0.324932 0.324377 0.324401 0.320788 0.319966 -9999.0
-9999.0 0.318810 0.319247 0.321185 0.323129 0.322578 0.323154 0.324342 0.324772 0.324250 0.324446 0.325437 0.325085 0.321134 0.317298 -9999.0 -9999.0
-9999.0 0.319934 0.321224 0.322461 0.323695 0.324789 0.326114 0.326786 0.326577 0.324727 0.323776 0.324851 0.322720 0.318085 0.309425 0.308962 -9999.0
-9999.0 0.321053 0.322575 0.324835 0.326943 0.327624 0.328480 0.328406 0.327930 0.325330 0.323412 0.322615 0.319384 0.315269 0.312797 -9999.0 -9999.0
-9999.0 0.323307 0.326134 0.327740 0.329013 0.329728 0.330184 0.328735 0.327378 0.325152 0.323879 0.322026 0.319095 0.315887 -9999.0 -9999.0 -9999.0
-9999.0 -9999.0 0.328680 0.329963 0.330578 0.329113 0.328424 0.326895 0.324721 0.322446 0.321706 0.321618 0.318767 0.316815 -9999.0 -9999.0 -9999.0
-9999.0 -9999.0 0.332990 0.329537 0.328974 0.326677 0.324968 0.323597 0.322012 0.320659 0.321244 0.320187 0.318508 -9999.0 -9999.0 -9999.0 -9999.0
-9999.0 -9999.0 -9999.0 -9999.0 0.326277 0.324115 0.322999 0.321263 0.320984 0.320144 0.320123 0.320263 0.319531 -9999.0 -9999.0 -9999.0 -9999.0
-9999.0 -9999.0 -9999.0 -9999.0 -9999.0 0.322409 0.320809 0.320931 0.320403 0.320300 0.319503 0.319778 0.318726 0.315995 -9999.0 -9999.0 -9999.0
-9999.0 -9999.0 -9999.0 -9999.0 -9999.0 -9999.0 0.316932 0.316315 0.317875 0.320055 0.319638 0.319461 0.318497 0.315106 0.314019 -9999.0 -9999.0
-9999.0 -9999.0 -9999.0 -9999.0 -9999.0 -9999.0 -9999.0 0.312406 0.315504 0.316800 0.318328 0.318840 0.317321 0.314499 -9999.0 -9999.0 -9999.0
-9999.0 -9999.0 -9999.0 -9999.0 -9999.0 -9999.0 -9999.0 -9999.0 0.311826 0.314491 0.317157 0.317968 0.315226 0.312909 0.312331 -9999.0 -9999.0
-9999.0 -9999.0 -9999.0 -9999.0 -9999.0 -9999.0 -9999.0 -9999.0 -9999.0 -9999.0 -9999.0 -9999.0 -9999.0 -9999.0 -9999.0 -9999.0 -9999.0