tests/3D/WG1_2.0_001/output-maps-SE27XX/thetaliqL0003N0008.asc
ncols         17
nrows         27
xllcorner     624603.750000
yllcorner     5171346.250000
cellsize      500.000000
NODATA_value  -9999.0
-9999.0 -9999.0 -9999.0 -9999.0 -9999.0 -9999.0 -9999.0 -9999.0 -9999.0 -9999.0 -9999.0 -9999.0 -9999.0 -9999.0 -9999.0 -9999.0 -9999.0
-9999.0 -9999.0 -9999.0 -9999.0 -9999.0 -9999.0 -9999.0 -9999.0 -9999.0 -9999.0 -9999.0 0.319390 0.323961 0.310283 -9999.0 -9999.0 -9999.0
-9999.0 -9999.0 -9999.0 -9999.0 -9999.0 -9999.0 -9999.0 -9999.0 -9999.0 0.350869 0.340602 0.327800 0.324549 0.314665 0.333696 -9999.0 -9999.0
-9999.0 -9999.0 -9999.0 -9999.0 -9999.0 -9999.0 -9999.0 -9999.0 0.337459 0.333803 0.337703 0.332584 0.335866 0.357820 0.315385 -9999.0 -9999.0
-9999.0 -9999.0 -9999.0 -9999.0 -9999.0 -9999.0 -9999.0 -9999.0 0.333459 0.329330 0.353184 0.330489 0.318210 0.325974 0.316341 -9999.0 -9999.0
-9999.0 -9999.0 -9999.0 -9999.0 -9999.0 -9999.0 -9999.0 0.329981 0.331332 0.337081 0.328837 0.329560 0.334703 0.314471 0.320760 -9999.0 -9999.0
-9999.0 -9999.0 -9999.0 -9999.0 -9999.0 -9999.0 0.341212 0.327456 0.334229 0.336567 0.366138 0.340686 0.334036 0.334726 0.324334 -9999.0 -9999.0
-9999.0 -9999.0 -9999.0 -9999.0 -9999.0 -9999.0 0.331575 0.332914 0.334997 0.335555 0.342293 0.364956 0.338403 0.333554 0.357033 -9999.0 -9999.0
-9999.0 -9999.0 -9999.0 -9999.0 -9999.0 -9999.0 0.334227 0.338426 0.330666 0.343886 0.327951 0.327142 0.329369 0.335757 0.350805 -9999.0 -9999.0
-9999.0 -9999.0 -9999.0 -9999.0 -9999.0 -9999.0 -9999.0 0.325699 0.334379 0.333578 0.343312 0.337017 0.333072 0.360017 0.335221 -9999.0 -9999.0
-9999.0 -9999.0 -9999.0 -9999.0 -9999.0 -9999.0 0.326221 0.331527 0.327091 0.326955 0.335608 0.337432 0.341727 0.333482 0.330080 0.335912 -9999.0
-9999.0 -9999.0 -9999.0 -9999.0 -9999.0 0.329074 0.328187 0.327367 0.319026 0.331307 0.332523 0.334853 0.347174 0.329379 0.336886 0.330445 -9999.0
-9999.0 -9999.0 -9999.0 0.329689 0.356251 0.331708 0.328675 0.319025 0.321314 0.318050 0.326399 0.340788 0.346325 0.321770 0.328243 0.335533 -9999.0
-9999.0 -9999.0 -9999.0 0.324434 0.333484 0.321058 0.331400 0.319303 0.329310 0.337315 0.328424 0.321981 0.336322 0.334780 0.313881 0.330018 -9999.0
-9999.0 -9999.0 0.324644 0.324373 0.321618 0.338958 0.320315 0.320466 0.323956 0.319816 0.322228 0.335373 0.326830 0.330368 0.361729 0.335527 -9999.0
-9999.0 0.327089 0.329894 0.324883 0.333796 0.333241 0.315161 0.318002 0.323060 0.343091 0.337641 0.321873 0.361468 0.328150 0.328633 -9999.0 -9999.0
-9999.0 0.323807 0.327499 0.324593 0.325189 0.324031 0.328942 0.330108 0.318170 0.329839 0.349880 0.340654 0.341703 0.341287 0.316870 0.329091 -9999.0
-9999.0 0.320438 0.336646 0.327481 0.326231 0.317053 0.322216 0.331865 0.324456 0.339456 0.329765 0.330718 0.330408 0.334373 0.325672 -9999.0 -9999.0
-9999.0 0.325342 0.315840 0.322799 0.320571 0.318340 0.321231 0.327021 0.329213 0.330206 0.335759 0.324788 0.334841 0.329461 -9999.0 -9999.0 -9999.0
-9999.0 -9999.0 0.326345 0.320831 0.323644 0.329644 0.336076 0.332501 0.319449 0.335871 0.315364 0.333488 0.324625 0.331931 -9999.0 -9999.0 -9999.0
-9999.0 -9999.0 0.321696 0.322141 0.335320 0.330791 0.345128 0.337089 0.334151 0.328742 0.335121 0.328142 0.325732 -9999.0 -9999.0 -9999.0 -9999.0
-9999.0 -9999.0 -9999.0 -9999.0 0.327153 0.328120 0.321258 0.331471 0.332818 0.321110 0.328411 0.327309 0.330692 -9999.0 -9999.0 -9999.0 -9999.0
-9999.0 -9999.0 -9999.0 -9999.0 -9999.0 0.337132 0.330604 0.328270 0.325161 0.338396 0.330561 0.339356 0.326676 0.327136 -9999.0 -9999.0 -9999.0
-9999.0 -9999.0 -9999.0 -9999.0 -9999.0 -9999.0 0.330774 0.329252 0.324290 0.325554 0.328358 0.330694 0.324789 0.331361 0.332335 -9999.0 -9999.0
-9999.0 -9999.0 -9999.0 -9999.0 -9999.0 -9999.0 -9999.0 0.339355 0.330098 0.330481 0.328505 0.327544 0.322801 0.328418 -9999.0 -9999.0 -9999.0
-9999.0 -9999.0 -9999.0 -9999.0 -9999.0 -9999.0 -9999.0 -9999.0 0.339785 0.333159 0.332411 0.331545 0.328100 0.324624 0.352049 -9999.0 -9999.0
-9999.0 -9999.0 -9999.0 -9999.0 -9999.0 -9999.0 -9999.0 -9999.0 -9999.0 -9999.0 -9999.0 -9999.0 -9999.0 -9999.0 -9999.0 -9999.0 -9999.0