tests/3D/WG1_2.0_001/output-maps-SE27XX/thetaliqL0005N0030.asc
ncols         17
nrows         27
xllcorner     624603.750000
yllcorner     5171346.250000
cellsize      500.000000
NODATA_value  -9999.0
-9999.0 -9999.0 -9999.0 -9999.0 -9999.0 -9999.0 -9999.0 -9999.0 -9999.0 -9999.0 -9999.0 -9999.0 -9999.0 -9999.0 -9999.0 -9999.0 -9999.0
-9999.0 -9999.0 -9999.0 -9999.0 -9999.0 -9999.0 -9999.0 -9999.0 -9999.0 -9999.0 -9999.0 0.380303 0.400835 0.388057 -9999.0 -9999.0 -9999.0
-9999.0 -9999.0 -9999.0 -9999.0 -9999.0 -9999.0 -9999.0 -9999.0 -9999.0 0.402567 0.393335 0.382226 0.401386 0.392422 0.409045 -9999.0 -9999.0
-9999.0 -9999.0 -9999.0 -9999.0 -9999.0 -9999.0 -9999.0 -9999.0 0.394816 0.386322 0.399625 0.384728 0.390738 0.427040 0.392930 -9999.0 -9999.0
-9999.0 -9999.0 -9999.0 -9999.0 -9999.0 -9999.0 -9999.0 -9999.0 0.389249 0.383565 0.412085 0.384158 0.396629 0.402674 0.393990 -9999.0 -9999.0
-9999.0 -9999.0 -9999.0 -9999.0 -9999.0 -9999.0 -9999.0 0.386764 0.387265 0.399508 0.387798 0.383613 0.386098 0.392246 0.398024 -9999.0 -9999.0
-9999.0 -9999.0 -9999.0 -9999.0 -9999.0 -9999.0 0.394709 0.380974 0.396900 0.391183 0.416838 0.394120 0.383650 0.382209 0.382270 -9999.0 -9999.0
-9999.0 -9999.0 -9999.0 -9999.0 -9999.0 -9999.0 0.389983 0.387075 0.390714 0.389510 0.395656 0.415816 0.398656 0.386614 0.408242 -9999.0 -9999.0
-9999.0 -9999.0 -9999.0 -9999.0 -9999.0 -9999.0 0.386558 0.391377 0.386520 0.405350 0.382279 0.387419 0.384466 0.386676 0.401049 -9999.0 -9999.0
-9999.0 -9999.0 -9999.0 -9999.0 -9999.0 -9999.0 -9999.0 0.379355 0.390515 0.396832 0.395883 0.393182 0.388357 0.422542 0.389519 -9999.0 -9999.0
-9999.0 -9999.0 -9999.0 -9999.0 -9999.0 -9999.0 0.381743 0.391873 0.383691 0.385672 0.390579 0.391349 0.397356 0.388730 0.381835 0.386587 -9999.0
-9999.0 -9999.0 -9999.0 -9999.0 -9999.0 0.384509 0.387929 0.387247 0.381496 0.391028 0.387749 0.389703 0.404277 0.386714 0.387561 0.380355 -9999.0
-9999.0 -9999.0 -9999.0 0.388253 0.407594 0.393390 0.388404 0.381030 0.385237 0.385117 0.383544 0.394352 0.404277 0.377218 0.380876 0.388881 -9999.0
-9999.0 -9999.0 -9999.0 0.382360 0.394462 0.378896 0.394129 0.384356 0.389013 0.398033 0.392033 0.384070 0.405238 0.392701 0.391605 0.382499 -9999.0
-9999.0 -9999.0 0.382243 0.383578 0.382134 0.397362 0.382359 0.384704 0.389641 0.385021 0.386050 0.391495 0.390847 0.392406 0.411419 0.384257 -9999.0
-9999.0 0.387538 0.389428 0.381645 0.392964 0.391858 0.380548 0.384352 0.388475 0.404060 0.396685 0.380280 0.415204 0.381437 0.377562 -9999.0 -9999.0
-9999.0 0.387727 0.383486 0.391024 0.393911 0.390772 0.396271 0.399135 0.384539 0.395163 0.406341 0.396489 0.395580 0.395351 0.394444 0.405259 -9999.0
-9999.0 0.385893 0.397694 0.393142 0.394971 0.388526 0.394565 0.394057 0.392330 0.401174 0.392362 0.389871 0.383384 0.386858 0.374904 -9999.0 -9999.0
-9999.0 0.392315 0.381725 0.392239 0.389370 0.390308 0.389969 0.395591 0.394856 0.391799 0.387599 0.385372 0.392338 0.386963 -9999.0 -9999.0 -9999.0
-9999.0 -9999.0 0.394340 0.391724 0.394216 0.397305 0.400784 0.396986 0.383573 0.395143 0.380822 0.389078 0.381865 0.386110 -9999.0 -9999.0 -9999.0
-9999.0 -9999.0 0.392518 0.390038 0.401700 0.393217 0.403379 0.396456 0.391161 0.387259 0.392858 0.391384 0.379756 -9999.0 -9999.0 -9999.0 -9999.0
-9999.0 -9999.0 -9999.0 -9999.0 0.389642 0.388477 0.378957 0.390088 0.387986 0.381270 0.385052 0.387667 0.387655 -9999.0 -9999.0 -9999.0 -9999.0
-9999.0 -9999.0 -9999.0 -9999.0 -9999.0 0.390085 0.386258 0.382021 0.385899 0.391540 0.387295 0.404849 0.389709 0.385704 -9999.0 -9999.0 -9999.0
-9999.0 -9999.0 -9999.0 -9999.0 -9999.0 -9999.0 0.384923 0.383715 0.381170 0.382421 0.383254 0.386149 0.382368 0.388302 0.386969 -9999.0 -9999.0
-9999.0 -9999.0 -9999.0 -9999.0 -9999.0 -9999.0 -9999.0 0.392225 0.387188 0.388071 0.385687 0.382960 0.380301 0.387408 -9999.0 -9999.0 -9999.0
-9999.0 -9999.0 -9999.0 -9999.0 -9999.0 -9999.0 -9999.0 -9999.0 0.393765 0.389454 0.388389 0.387707 0.383301 0.378467 0.400960 -9999.0 -9999.0
-9999.0 -9999.0 -9999.0 -9999.0 -9999.0 -9999.0 -9999.0 -9999.0 -9999.0 -9999.0 -9999.0 -9999.0 -9999.0 -9999.0 -9999.0 -9999.0 -9999.0