tests/3D/WG1_2.0_001/output-maps-SE27XX/thetaliqL0003N0037.asc
ncols         17
nrows         27
xllcorner     624603.750000
yllcorner     5171346.250000
cellsize      500.000000
NODATA_value  -9999.0
-9999.0 -9999.0 -9999.0 -9999.0 -9999.0 -9999.0 -9999.0 -9999.0 -9999.0 -9999.0 -9999.0 -9999.0 -9999.0 -9999.0 -9999.0 -9999.0 -9999.0
-9999.0 -9999.0 -9999.0 -9999.0 -9999.0 -9999.0 -9999.0 -9999.0 -9999.0 -9999.0 -9999.0 0.180112 0.315010 0.301199 -9999.0 -9999.0 -9999.0
-9999.0 -9999.0 -9999.0 -9999.0 -9999.0 -9999.0 -9999.0 -9999.0 -9999.0 0.191355 0.287031 0.235881 0.315603 0.305695 0.324725 -9999.0 -9999.0
-9999.0 -9999.0 -9999.0 -9999.0 -9999.0 -9999.0 -9999.0 -9999.0 0.292824 0.215224 0.315023 0.203696 0.157807 0.346344 0.306397 -9999.0 -9999.0
-9999.0 -9999.0 -9999.0 -9999.0 -9999.0 -9999.0 -9999.0 -9999.0 0.276590 0.240521 0.296677 0.240695 0.309415 0.317035 0.307384 -9999.0 -9999.0
-9999.0 -9999.0 -9999.0 -9999.0 -9999.0 -9999.0 -9999.0 0.274970 0.230250 0.308330 0.286310 0.239679 0.208261 0.305501 0.311819 -9999.0 -9999.0
-9999.0 -9999.0 -9999.0 -9999.0 -9999.0 -9999.0 0.267974 0.217999 0.304522 0.196168 0.143177 0.195713 0.204107 0.233565 0.216355 -9999.0 -9999.0
-9999.0 -9999.0 -9999.0 -9999.0 -9999.0 -9999.0 0.271703 0.233437 0.181340 0.158027 0.206699 0.147372 0.307464 0.286582 0.161633 -9999.0 -9999.0
-9999.0 -9999.0 -9999.0 -9999.0 -9999.0 -9999.0 0.140751 0.141373 0.221589 0.299715 0.213714 0.258261 0.277874 0.198241 0.156166 -9999.0 -9999.0
-9999.0 -9999.0 -9999.0 -9999.0 -9999.0 -9999.0 -9999.0 0.260599 0.222124 0.300371 0.224033 0.228031 0.208284 0.328699 0.284083 -9999.0 -9999.0
-9999.0 -9999.0 -9999.0 -9999.0 -9999.0 -9999.0 0.259110 0.276184 0.274655 0.228018 0.226772 0.219591 0.212392 0.291349 0.231568 0.190936 -9999.0
-9999.0 -9999.0 -9999.0 -9999.0 -9999.0 0.248829 0.260327 0.272541 0.245449 0.235119 0.234917 0.219390 0.245333 0.288500 0.179630 0.194372 -9999.0
-9999.0 -9999.0 -9999.0 0.260875 0.130978 0.273225 0.261961 0.236696 0.255354 0.261212 0.226713 0.221166 0.237111 0.191669 0.242739 0.261749 -9999.0
-9999.0 -9999.0 -9999.0 0.247869 0.274174 0.259583 0.226417 0.252033 0.244664 0.259594 0.260318 0.253350 0.316539 0.253856 0.308393 0.271211 -9999.0
-9999.0 -9999.0 0.250961 0.259836 0.258716 0.208621 0.234214 0.256661 0.263990 0.258061 0.260834 0.158116 0.298316 0.296964 0.157681 0.150158 -9999.0
-9999.0 0.231283 0.232816 0.200546 0.159580 0.230090 0.253232 0.248863 0.258142 0.265495 0.231474 0.210796 0.195275 0.169991 0.150820 -9999.0 -9999.0
-9999.0 0.237726 0.218849 0.248146 0.256548 0.259331 0.255337 0.266072 0.254364 0.261305 0.252034 0.145743 0.141266 0.213460 0.309130 0.320125 -9999.0
-9999.0 0.246333 0.247061 0.247595 0.252614 0.248610 0.258908 0.250932 0.257855 0.260980 0.260251 0.228971 0.142605 0.138148 0.153988 -9999.0 -9999.0
-9999.0 0.250404 0.241350 0.253673 0.251288 0.254131 0.257935 0.278121 0.274336 0.231631 0.140593 0.266537 0.241841 0.263336 -9999.0 -9999.0 -9999.0
-9999.0 -9999.0 0.259929 0.256429 0.262990 0.278461 0.271924 0.265728 0.257503 0.235036 0.249469 0.147391 0.263596 0.146296 -9999.0 -9999.0 -9999.0
-9999.0 -9999.0 0.257832 0.250183 0.273572 0.250899 0.245831 0.201684 0.154452 0.238097 0.211753 0.277702 0.149210 -9999.0 -9999.0 -9999.0 -9999.0
-9999.0 -9999.0 -9999.0 -9999.0 0.244311 0.203169 0.193332 0.239122 0.179332 0.209231 0.216004 0.272151 0.230881 -9999.0 -9999.0 -9999.0 -9999.0
-9999.0 -9999.0 -9999.0 -9999.0 -9999.0 0.138137 0.137086 0.133389 0.225000 0.131605 0.192523 0.288712 0.273497 0.257795 -9999.0 -9999.0 -9999.0
-9999.0 -9999.0 -9999.0 -9999.0 -9999.0 -9999.0 0.134636 0.132952 0.192787 0.140173 0.141024 0.144795 0.217035 0.208322 0.170749 -9999.0 -9999.0
-9999.0 -9999.0 -9999.0 -9999.0 -9999.0 -9999.0 -9999.0 0.132389 0.198845 0.210434 0.139902 0.161464 0.158971 0.256891 -9999.0 -9999.0 -9999.0
-9999.0 -9999.0 -9999.0 -9999.0 -9999.0 -9999.0 -9999.0 -9999.0 0.182442 0.159602 0.137821 0.139811 0.138665 0.140168 0.127877 -9999.0 -9999.0
-9999.0 -9999.0 -9999.0 -9999.0 -9999.0 -9999.0 -9999.0 -9999.0 -9999.0 -9999.0 -9999.0 -9999.0 -9999.0 -9999.0 -9999.0 -9999.0 -9999.0