tests/3D/WG1_2.0_001/output-maps-SE27XX/thetaliqL0003N0033.asc
ncols         17
nrows         27
xllcorner     624603.750000
yllcorner     5171346.250000
cellsize      500.000000
NODATA_value  -9999.0
-9999.0 -9999.0 -9999.0 -9999.0 -9999.0 -9999.0 -9999.0 -9999.0 -9999.0 -9999.0 -9999.0 -9999.0 -9999.0 -9999.0 -9999.0 -9999.0 -9999.0
-9999.0 -9999.0 -9999.0 -9999.0 -9999.0 -9999.0 -9999.0 -9999.0 -9999.0 -9999.0 -9999.0 0.178130 0.315628 0.301938 -9999.0 -9999.0 -9999.0
-9999.0 -9999.0 -9999.0 -9999.0 -9999.0 -9999.0 -9999.0 -9999.0 -9999.0 0.237457 0.289588 0.236972 0.316215 0.306388 0.325292 -9999.0 -9999.0
-9999.0 -9999.0 -9999.0 -9999.0 -9999.0 -9999.0 -9999.0 -9999.0 0.310942 0.213703 0.332189 0.197215 0.169018 0.347224 0.307090 -9999.0 -9999.0
-9999.0 -9999.0 -9999.0 -9999.0 -9999.0 -9999.0 -9999.0 -9999.0 0.289807 0.242971 0.313812 0.241352 0.310038 0.317633 0.308062 -9999.0 -9999.0
-9999.0 -9999.0 -9999.0 -9999.0 -9999.0 -9999.0 -9999.0 0.293298 0.235882 0.325611 0.300087 0.241541 0.204272 0.306195 0.312462 -9999.0 -9999.0
-9999.0 -9999.0 -9999.0 -9999.0 -9999.0 -9999.0 0.279699 0.226327 0.323017 0.213061 0.189414 0.207945 0.198108 0.235029 0.213900 -9999.0 -9999.0
-9999.0 -9999.0 -9999.0 -9999.0 -9999.0 -9999.0 0.291128 0.245810 0.196803 0.174739 0.226832 0.193505 0.325797 0.295985 0.178620 -9999.0 -9999.0
-9999.0 -9999.0 -9999.0 -9999.0 -9999.0 -9999.0 0.139739 0.142873 0.229148 0.311191 0.214002 0.268244 0.280191 0.196449 0.168171 -9999.0 -9999.0
-9999.0 -9999.0 -9999.0 -9999.0 -9999.0 -9999.0 -9999.0 0.267131 0.231626 0.318779 0.230476 0.232285 0.204970 0.337805 0.298758 -9999.0 -9999.0
-9999.0 -9999.0 -9999.0 -9999.0 -9999.0 -9999.0 0.264230 0.299529 0.279958 0.237011 0.230213 0.220993 0.219593 0.296918 0.232769 0.196766 -9999.0
-9999.0 -9999.0 -9999.0 -9999.0 -9999.0 0.266152 0.284158 0.295083 0.257873 0.251548 0.241833 0.221590 0.254995 0.304055 0.190588 0.188486 -9999.0
-9999.0 -9999.0 -9999.0 0.283491 0.150933 0.296526 0.289556 0.254525 0.265844 0.275939 0.233085 0.226885 0.247051 0.189692 0.247439 0.267650 -9999.0
-9999.0 -9999.0 -9999.0 0.271751 0.293254 0.266122 0.261052 0.265640 0.265528 0.277015 0.261367 0.253370 0.325089 0.267455 0.309814 0.275853 -9999.0
-9999.0 -9999.0 0.270721 0.270464 0.286157 0.240725 0.258957 0.261557 0.273835 0.257856 0.261842 0.181951 0.314846 0.313522 0.233872 0.154563 -9999.0
-9999.0 0.254540 0.252071 0.226515 0.207722 0.262212 0.260795 0.276740 0.273908 0.283643 0.257714 0.214656 0.267165 0.180794 0.155611 -9999.0 -9999.0
-9999.0 0.266377 0.247826 0.279024 0.285821 0.273555 0.283588 0.294260 0.278267 0.276715 0.283308 0.172006 0.143914 0.244906 0.309741 0.320708 -9999.0
-9999.0 0.276527 0.264426 0.269261 0.278611 0.274350 0.286313 0.270268 0.285301 0.280843 0.264626 0.256977 0.144695 0.141195 0.169208 -9999.0 -9999.0
-9999.0 0.267033 0.267680 0.280028 0.275488 0.279226 0.279816 0.280042 0.277347 0.262897 0.142244 0.287102 0.275875 0.287235 -9999.0 -9999.0 -9999.0
-9999.0 -9999.0 0.286355 0.282283 0.287966 0.280979 0.286894 0.273155 0.266414 0.264586 0.255750 0.155704 0.273123 0.150239 -9999.0 -9999.0 -9999.0
-9999.0 -9999.0 0.284234 0.276084 0.284098 0.277322 0.278315 0.224625 0.192238 0.264010 0.231151 0.304976 0.156112 -9999.0 -9999.0 -9999.0 -9999.0
-9999.0 -9999.0 -9999.0 -9999.0 0.266797 0.222694 0.206650 0.257849 0.206297 0.227552 0.240643 0.278079 0.265006 -9999.0 -9999.0 -9999.0 -9999.0
-9999.0 -9999.0 -9999.0 -9999.0 -9999.0 0.170240 0.161120 0.140151 0.249781 0.130744 0.213143 0.309071 0.300087 0.282101 -9999.0 -9999.0 -9999.0
-9999.0 -9999.0 -9999.0 -9999.0 -9999.0 -9999.0 0.131432 0.138010 0.209586 0.164254 0.159703 0.178258 0.241275 0.232193 0.210150 -9999.0 -9999.0
-9999.0 -9999.0 -9999.0 -9999.0 -9999.0 -9999.0 -9999.0 0.127276 0.226001 0.244421 0.145833 0.190485 0.185900 0.286397 -9999.0 -9999.0 -9999.0
-9999.0 -9999.0 -9999.0 -9999.0 -9999.0 -9999.0 -9999.0 -9999.0 0.259413 0.212361 0.135506 0.139644 0.137346 0.139417 0.131165 -9999.0 -9999.0
-9999.0 -9999.0 -9999.0 -9999.0 -9999.0 -9999.0 -9999.0 -9999.0 -9999.0 -9999.0 -9999.0 -9999.0 -9999.0 -9999.0 -9999.0 -9999.0 -9999.0