tests/3D/WG1_2.0_001/output-maps-SE27XX/thetaliqL0004N0085.asc
ncols         17
nrows         27
xllcorner     624603.750000
yllcorner     5171346.250000
cellsize      500.000000
NODATA_value  -9999.0
-9999.0 -9999.0 -9999.0 -9999.0 -9999.0 -9999.0 -9999.0 -9999.0 -9999.0 -9999.0 -9999.0 -9999.0 -9999.0 -9999.0 -9999.0 -9999.0 -9999.0
-9999.0 -9999.0 -9999.0 -9999.0 -9999.0 -9999.0 -9999.0 -9999.0 -9999.0 -9999.0 -9999.0 0.253806 0.333554 0.318775 -9999.0 -9999.0 -9999.0
-9999.0 -9999.0 -9999.0 -9999.0 -9999.0 -9999.0 -9999.0 -9999.0 -9999.0 0.139410 0.265944 0.260734 0.334273 0.323813 0.342946 -9999.0 -9999.0
-9999.0 -9999.0 -9999.0 -9999.0 -9999.0 -9999.0 -9999.0 -9999.0 0.242052 0.260243 0.255684 0.267632 0.266229 0.363288 0.324303 -9999.0 -9999.0
-9999.0 -9999.0 -9999.0 -9999.0 -9999.0 -9999.0 -9999.0 -9999.0 0.250885 0.259768 0.288587 0.275543 0.329048 0.335810 0.325667 -9999.0 -9999.0
-9999.0 -9999.0 -9999.0 -9999.0 -9999.0 -9999.0 -9999.0 0.237978 0.263526 0.265407 0.279688 0.269494 0.269574 0.323622 0.330403 -9999.0 -9999.0
-9999.0 -9999.0 -9999.0 -9999.0 -9999.0 -9999.0 0.234044 0.246535 0.254132 0.252089 0.247085 0.278479 0.268212 0.258991 0.259422 -9999.0 -9999.0
-9999.0 -9999.0 -9999.0 -9999.0 -9999.0 -9999.0 0.229808 0.248749 0.265459 0.265559 0.216411 0.252565 0.250764 0.263421 0.292934 -9999.0 -9999.0
-9999.0 -9999.0 -9999.0 -9999.0 -9999.0 -9999.0 0.243179 0.251808 0.256619 0.265304 0.251118 0.246803 0.267244 0.268500 0.283943 -9999.0 -9999.0
-9999.0 -9999.0 -9999.0 -9999.0 -9999.0 -9999.0 -9999.0 0.233047 0.257349 0.267267 0.181931 0.255734 0.266937 0.274050 0.261854 -9999.0 -9999.0
-9999.0 -9999.0 -9999.0 -9999.0 -9999.0 -9999.0 0.231146 0.229765 0.248310 0.247089 0.241248 0.253632 0.275669 0.272097 0.261586 0.264334 -9999.0
-9999.0 -9999.0 -9999.0 -9999.0 -9999.0 0.232768 0.219407 0.233528 0.236076 0.247233 0.233546 0.257848 0.275118 0.257676 0.267122 0.256726 -9999.0
-9999.0 -9999.0 -9999.0 0.209303 0.189530 0.230984 0.233385 0.235583 0.233871 0.258888 0.254713 0.248815 0.274691 0.249897 0.251681 0.265331 -9999.0
-9999.0 -9999.0 -9999.0 0.231665 0.228514 0.239079 0.215597 0.238103 0.222633 0.241111 0.239069 0.258622 0.277477 0.268722 0.323621 0.257679 -9999.0
-9999.0 -9999.0 0.228593 0.239106 0.226532 0.258455 0.244882 0.236311 0.258003 0.254304 0.271489 0.262474 0.268061 0.251160 0.247372 0.254811 -9999.0
-9999.0 0.200797 0.195234 0.236255 0.246354 0.215353 0.249724 0.253080 0.262593 0.253399 0.264556 0.251907 0.252885 0.249873 0.240111 -9999.0 -9999.0
-9999.0 0.213722 0.225117 0.226083 0.232307 0.229031 0.244512 0.251483 0.267297 0.241017 0.227054 0.253013 0.246521 0.246465 0.326367 0.338621 -9999.0
-9999.0 0.223176 0.225058 0.234038 0.243714 0.241240 0.249828 0.239432 0.268999 0.248539 0.231976 0.210553 0.242622 0.235053 0.233400 -9999.0 -9999.0
-9999.0 0.224191 0.247238 0.241388 0.231730 0.244368 0.271417 0.276282 0.278021 0.262326 0.245737 0.255751 0.249779 0.228968 -9999.0 -9999.0 -9999.0
-9999.0 -9999.0 0.243853 0.234359 0.266157 0.271250 0.272608 0.269625 0.265395 0.247617 0.238542 0.247812 0.243412 0.249081 -9999.0 -9999.0 -9999.0
-9999.0 -9999.0 0.230942 0.230141 0.268377 0.263437 0.262184 0.257646 0.254655 0.239220 0.248538 0.230594 0.237667 -9999.0 -9999.0 -9999.0 -9999.0
-9999.0 -9999.0 -9999.0 -9999.0 0.256231 0.245775 0.236439 0.217944 0.250852 0.244094 0.229284 0.244568 0.243705 -9999.0 -9999.0 -9999.0 -9999.0
-9999.0 -9999.0 -9999.0 -9999.0 -9999.0 0.235330 0.223853 0.214478 0.223640 0.228986 0.249200 0.255663 0.231360 0.239635 -9999.0 -9999.0 -9999.0
-9999.0 -9999.0 -9999.0 -9999.0 -9999.0 -9999.0 0.209634 0.209532 0.236698 0.230833 0.239338 0.240702 0.242036 0.246241 0.239152 -9999.0 -9999.0
-9999.0 -9999.0 -9999.0 -9999.0 -9999.0 -9999.0 -9999.0 0.180940 0.241843 0.246649 0.233716 0.235174 0.233079 0.214657 -9999.0 -9999.0 -9999.0
-9999.0 -9999.0 -9999.0 -9999.0 -9999.0 -9999.0 -9999.0 -9999.0 0.227703 0.238807 0.228342 0.232918 0.229128 0.232012 0.176863 -9999.0 -9999.0
-9999.0 -9999.0 -9999.0 -9999.0 -9999.0 -9999.0 -9999.0 -9999.0 -9999.0 -9999.0 -9999.0 -9999.0 -9999.0 -9999.0 -9999.0 -9999.0 -9999.0