tests/3D/WG1_2.0_001/output-maps-SE27XX/thetaliqL0003N0075.asc
ncols         17
nrows         27
xllcorner     624603.750000
yllcorner     5171346.250000
cellsize      500.000000
NODATA_value  -9999.0
-9999.0 -9999.0 -9999.0 -9999.0 -9999.0 -9999.0 -9999.0 -9999.0 -9999.0 -9999.0 -9999.0 -9999.0 -9999.0 -9999.0 -9999.0 -9999.0 -9999.0
-9999.0 -9999.0 -9999.0 -9999.0 -9999.0 -9999.0 -9999.0 -9999.0 -9999.0 -9999.0 -9999.0 0.139781 0.315981 0.296923 -9999.0 -9999.0 -9999.0
-9999.0 -9999.0 -9999.0 -9999.0 -9999.0 -9999.0 -9999.0 -9999.0 -9999.0 0.117761 0.132169 0.137782 0.316804 0.303202 0.327320 -9999.0 -9999.0
-9999.0 -9999.0 -9999.0 -9999.0 -9999.0 -9999.0 -9999.0 -9999.0 0.122026 0.137013 0.124802 0.141171 0.138320 0.348671 0.304087 -9999.0 -9999.0
-9999.0 -9999.0 -9999.0 -9999.0 -9999.0 -9999.0 -9999.0 -9999.0 0.128566 0.136381 0.131243 0.142703 0.309364 0.318636 0.305699 -9999.0 -9999.0
-9999.0 -9999.0 -9999.0 -9999.0 -9999.0 -9999.0 -9999.0 0.127369 0.136193 0.126497 0.169221 0.139786 0.141263 0.302924 0.311885 -9999.0 -9999.0
-9999.0 -9999.0 -9999.0 -9999.0 -9999.0 -9999.0 0.126410 0.133914 0.127531 0.130526 0.128926 0.138551 0.141629 0.137873 0.139385 -9999.0 -9999.0
-9999.0 -9999.0 -9999.0 -9999.0 -9999.0 -9999.0 0.120580 0.132741 0.135873 0.136724 0.122589 0.129485 0.121310 0.136124 0.137215 -9999.0 -9999.0
-9999.0 -9999.0 -9999.0 -9999.0 -9999.0 -9999.0 0.133961 0.133604 0.134948 0.124377 0.133533 0.127853 0.137451 0.140467 0.137897 -9999.0 -9999.0
-9999.0 -9999.0 -9999.0 -9999.0 -9999.0 -9999.0 -9999.0 0.129228 0.133474 0.131336 0.119148 0.129564 0.137853 0.119788 0.133656 -9999.0 -9999.0
-9999.0 -9999.0 -9999.0 -9999.0 -9999.0 -9999.0 0.127188 0.119541 0.131335 0.130977 0.126299 0.130576 0.135379 0.136235 0.138297 0.139751 -9999.0
-9999.0 -9999.0 -9999.0 -9999.0 -9999.0 0.126985 0.120430 0.124575 0.127804 0.128203 0.123046 0.133064 0.131623 0.131336 0.139128 0.140080 -9999.0
-9999.0 -9999.0 -9999.0 0.119116 0.127846 0.119077 0.123979 0.128387 0.124265 0.136251 0.133473 0.126096 0.132203 0.138395 0.135091 0.134855 -9999.0
-9999.0 -9999.0 -9999.0 0.127670 0.119219 0.130622 0.120887 0.124704 0.119854 0.119934 0.120799 0.132028 0.184906 0.133462 0.303595 0.136226 -9999.0
-9999.0 -9999.0 0.126572 0.127932 0.124709 0.130130 0.131279 0.125504 0.134103 0.136788 0.138732 0.133181 0.160663 0.131305 0.130168 0.138183 -9999.0
-9999.0 0.120955 0.121052 0.131191 0.130184 0.121450 0.133897 0.150389 0.150958 0.120267 0.130515 0.134773 0.128724 0.136535 0.137452 -9999.0 -9999.0
-9999.0 0.119761 0.125553 0.120489 0.121242 0.120566 0.125931 0.128679 0.180212 0.120789 0.121399 0.131586 0.132446 0.129538 0.306893 0.322217 -9999.0
-9999.0 0.123886 0.120580 0.122020 0.130925 0.143873 0.136914 0.121118 0.160428 0.121555 0.120903 0.121017 0.134396 0.133729 0.135727 -9999.0 -9999.0
-9999.0 0.120399 0.147547 0.131526 0.121045 0.145602 0.170285 0.146602 0.137543 0.131727 0.132359 0.132080 0.129462 0.125502 -9999.0 -9999.0 -9999.0
-9999.0 -9999.0 0.133048 0.126384 0.165613 0.137147 0.127932 0.129259 0.142697 0.125733 0.129638 0.133089 0.130918 0.134245 -9999.0 -9999.0 -9999.0
-9999.0 -9999.0 0.122044 0.124510 0.129699 0.130294 0.126873 0.130407 0.131251 0.125881 0.129068 0.119816 0.133989 -9999.0 -9999.0 -9999.0 -9999.0
-9999.0 -9999.0 -9999.0 -9999.0 0.130571 0.130691 0.132806 0.121435 0.132585 0.131884 0.126161 0.127767 0.130614 -9999.0 -9999.0 -9999.0 -9999.0
-9999.0 -9999.0 -9999.0 -9999.0 -9999.0 0.131135 0.130675 0.131417 0.123983 0.131896 0.132285 0.122702 0.121575 0.128913 -9999.0 -9999.0 -9999.0
-9999.0 -9999.0 -9999.0 -9999.0 -9999.0 -9999.0 0.131547 0.131144 0.132908 0.132376 0.133518 0.132837 0.132710 0.131695 0.132417 -9999.0 -9999.0
-9999.0 -9999.0 -9999.0 -9999.0 -9999.0 -9999.0 -9999.0 0.129853 0.131702 0.131763 0.132683 0.131115 0.132973 0.123020 -9999.0 -9999.0 -9999.0
-9999.0 -9999.0 -9999.0 -9999.0 -9999.0 -9999.0 -9999.0 -9999.0 0.128778 0.131228 0.132429 0.132121 0.132964 0.134102 0.126223 -9999.0 -9999.0
-9999.0 -9999.0 -9999.0 -9999.0 -9999.0 -9999.0 -9999.0 -9999.0 -9999.0 -9999.0 -9999.0 -9999.0 -9999.0 -9999.0 -9999.0 -9999.0 -9999.0