tests/3D/WG1_2.0_001/output-maps-SE27XX/thetaliqL0003N0021.asc
ncols         17
nrows         27
xllcorner     624603.750000
yllcorner     5171346.250000
cellsize      500.000000
NODATA_value  -9999.0
-9999.0 -9999.0 -9999.0 -9999.0 -9999.0 -9999.0 -9999.0 -9999.0 -9999.0 -9999.0 -9999.0 -9999.0 -9999.0 -9999.0 -9999.0 -9999.0 -9999.0
-9999.0 -9999.0 -9999.0 -9999.0 -9999.0 -9999.0 -9999.0 -9999.0 -9999.0 -9999.0 -9999.0 0.245958 0.318055 0.304784 -9999.0 -9999.0 -9999.0
-9999.0 -9999.0 -9999.0 -9999.0 -9999.0 -9999.0 -9999.0 -9999.0 -9999.0 0.232997 0.242964 0.238038 0.318616 0.309081 0.327514 -9999.0 -9999.0
-9999.0 -9999.0 -9999.0 -9999.0 -9999.0 -9999.0 -9999.0 -9999.0 0.239307 0.238911 0.255218 0.249541 0.246544 0.350516 0.309775 -9999.0 -9999.0
-9999.0 -9999.0 -9999.0 -9999.0 -9999.0 -9999.0 -9999.0 -9999.0 0.237297 0.242140 0.291937 0.249597 0.312547 0.319990 0.310702 -9999.0 -9999.0
-9999.0 -9999.0 -9999.0 -9999.0 -9999.0 -9999.0 -9999.0 0.234166 0.241353 0.258396 0.256874 0.251266 0.255274 0.308892 0.314977 -9999.0 -9999.0
-9999.0 -9999.0 -9999.0 -9999.0 -9999.0 -9999.0 0.228937 0.226882 0.247453 0.231316 0.284616 0.253552 0.246414 0.245878 0.254644 -9999.0 -9999.0
-9999.0 -9999.0 -9999.0 -9999.0 -9999.0 -9999.0 0.228823 0.229561 0.244995 0.231251 0.233711 0.285616 0.252984 0.251507 0.271405 -9999.0 -9999.0
-9999.0 -9999.0 -9999.0 -9999.0 -9999.0 -9999.0 0.217409 0.232076 0.240495 0.267896 0.224568 0.230408 0.251844 0.252134 0.260348 -9999.0 -9999.0
-9999.0 -9999.0 -9999.0 -9999.0 -9999.0 -9999.0 -9999.0 0.222107 0.241582 0.258057 0.236321 0.236644 0.255981 0.311739 0.247766 -9999.0 -9999.0
-9999.0 -9999.0 -9999.0 -9999.0 -9999.0 -9999.0 0.219377 0.230705 0.236390 0.229322 0.233420 0.237616 0.262450 0.251739 0.247641 0.251633 -9999.0
-9999.0 -9999.0 -9999.0 -9999.0 -9999.0 0.216530 0.228042 0.229883 0.223318 0.237310 0.232857 0.237506 0.271592 0.247415 0.239827 0.245082 -9999.0
-9999.0 -9999.0 -9999.0 0.211463 0.252376 0.226041 0.228372 0.221290 0.236450 0.246257 0.233383 0.240818 0.274879 0.217877 0.238752 0.244735 -9999.0
-9999.0 -9999.0 -9999.0 0.211898 0.227599 0.220538 0.249042 0.231989 0.236648 0.257167 0.248166 0.228809 0.288433 0.252371 0.308290 0.239897 -9999.0
-9999.0 -9999.0 0.212841 0.220475 0.222460 0.248071 0.226772 0.242121 0.252214 0.250444 0.240693 0.236840 0.247317 0.243674 0.261708 0.230335 -9999.0
-9999.0 0.224944 0.225811 0.212761 0.235373 0.239185 0.240086 0.247115 0.251695 0.265140 0.249087 0.228378 0.279115 0.230043 0.221947 -9999.0 -9999.0
-9999.0 0.234466 0.216540 0.251666 0.263873 0.265470 0.266152 0.274898 0.249801 0.257571 0.269740 0.254531 0.244362 0.239207 0.311218 0.322996 -9999.0
-9999.0 0.244401 0.257343 0.251978 0.265614 0.257569 0.269905 0.258008 0.259089 0.261965 0.251708 0.233339 0.225576 0.227738 0.211192 -9999.0 -9999.0
-9999.0 0.254801 0.237845 0.264554 0.262684 0.263843 0.259917 0.268596 0.258593 0.247481 0.232136 0.237267 0.237644 0.225559 -9999.0 -9999.0 -9999.0
-9999.0 -9999.0 0.268202 0.264742 0.267090 0.267766 0.266578 0.259798 0.244541 0.255675 0.225344 0.239343 0.226283 0.226034 -9999.0 -9999.0 -9999.0
-9999.0 -9999.0 0.267689 0.263024 0.267532 0.252911 0.258166 0.248260 0.235528 0.234926 0.238833 0.233577 0.222681 -9999.0 -9999.0 -9999.0 -9999.0
-9999.0 -9999.0 -9999.0 -9999.0 0.244520 0.236777 0.219035 0.240418 0.224998 0.222896 0.219187 0.233397 0.230718 -9999.0 -9999.0 -9999.0 -9999.0
-9999.0 -9999.0 -9999.0 -9999.0 -9999.0 0.228748 0.230624 0.215071 0.217504 0.225745 0.220390 0.261376 0.229378 0.223383 -9999.0 -9999.0 -9999.0
-9999.0 -9999.0 -9999.0 -9999.0 -9999.0 -9999.0 0.221794 0.219862 0.220530 0.212877 0.216000 0.219442 0.223372 0.225903 0.223281 -9999.0 -9999.0
-9999.0 -9999.0 -9999.0 -9999.0 -9999.0 -9999.0 -9999.0 0.221539 0.225254 0.225607 0.229420 0.213077 0.207592 0.221559 -9999.0 -9999.0 -9999.0
-9999.0 -9999.0 -9999.0 -9999.0 -9999.0 -9999.0 -9999.0 -9999.0 0.221743 0.225475 0.227214 0.226889 0.221056 0.210455 0.228589 -9999.0 -9999.0
-9999.0 -9999.0 -9999.0 -9999.0 -9999.0 -9999.0 -9999.0 -9999.0 -9999.0 -9999.0 -9999.0 -9999.0 -9999.0 -9999.0 -9999.0 -9999.0 -9999.0