tests/3D/WG1_2.0_001/output-maps-SE27XX/thetaiceL0001N0015.asc
ncols         17
nrows         27
xllcorner     624603.750000
yllcorner     5171346.250000
cellsize      500.000000
NODATA_value  -9999.0
-9999.0 -9999.0 -9999.0 -9999.0 -9999.0 -9999.0 -9999.0 -9999.0 -9999.0 -9999.0 -9999.0 -9999.0 -9999.0 -9999.0 -9999.0 -9999.0 -9999.0
-9999.0 -9999.0 -9999.0 -9999.0 -9999.0 -9999.0 -9999.0 -9999.0 -9999.0 -9999.0 -9999.0 0.330690 0.281007 0.281535 -9999.0 -9999.0 -9999.0
-9999.0 -9999.0 -9999.0 -9999.0 -9999.0 -9999.0 -9999.0 -9999.0 -9999.0 0.378931 0.369906 0.363243 0.280986 0.281351 0.280696 -9999.0 -9999.0
-9999.0 -9999.0 -9999.0 -9999.0 -9999.0 -9999.0 -9999.0 -9999.0 0.370266 0.362017 0.360765 0.354421 0.369348 0.279995 0.281323 -9999.0 -9999.0
-9999.0 -9999.0 -9999.0 -9999.0 -9999.0 -9999.0 -9999.0 -9999.0 0.364022 0.356944 0.365967 0.354354 0.281213 0.280938 0.281285 -9999.0 -9999.0
-9999.0 -9999.0 -9999.0 -9999.0 -9999.0 -9999.0 -9999.0 0.364381 0.359102 0.359062 0.354432 0.354508 0.354490 0.281359 0.281120 -9999.0 -9999.0
-9999.0 -9999.0 -9999.0 -9999.0 -9999.0 -9999.0 0.375156 0.362473 0.361401 0.373917 0.373028 0.361430 0.355685 0.357633 0.334576 -9999.0 -9999.0
-9999.0 -9999.0 -9999.0 -9999.0 -9999.0 -9999.0 0.367038 0.366697 0.360477 0.373264 0.374884 0.371198 0.362031 0.355195 0.367621 -9999.0 -9999.0
-9999.0 -9999.0 -9999.0 -9999.0 -9999.0 -9999.0 0.374265 0.371081 0.360019 0.361292 0.372227 0.369106 0.355166 0.355998 0.369386 -9999.0 -9999.0
-9999.0 -9999.0 -9999.0 -9999.0 -9999.0 -9999.0 -9999.0 0.364097 0.362080 0.359293 0.375015 0.371358 0.356019 0.374206 0.362760 -9999.0 -9999.0
-9999.0 -9999.0 -9999.0 -9999.0 -9999.0 -9999.0 0.366496 0.366816 0.360682 0.368534 0.372433 0.372795 0.359196 0.356760 0.355223 0.356537 -9999.0
-9999.0 -9999.0 -9999.0 -9999.0 -9999.0 0.371910 0.365322 0.363431 0.365673 0.367450 0.369946 0.370683 0.362223 0.357158 0.363966 0.355274 -9999.0
-9999.0 -9999.0 -9999.0 0.375287 0.376790 0.370503 0.365468 0.365371 0.363363 0.361192 0.363868 0.371669 0.360329 0.367895 0.357481 0.362279 -9999.0
-9999.0 -9999.0 -9999.0 0.369921 0.371942 0.364126 0.371190 0.363534 0.363678 0.362504 0.366416 0.370166 0.361149 0.359891 0.281382 0.357913 -9999.0
-9999.0 -9999.0 0.370416 0.365936 0.364984 0.366484 0.364093 0.361883 0.362459 0.361669 0.360751 0.372256 0.359535 0.359655 0.377232 0.366776 -9999.0
-9999.0 0.373972 0.373673 0.371231 0.369734 0.367382 0.361729 0.362323 0.362114 0.372154 0.357055 0.362448 0.372341 0.361277 0.366032 -9999.0 -9999.0
-9999.0 0.369805 0.370297 0.368206 0.361937 0.361295 0.361441 0.358854 0.361783 0.365200 0.364624 0.363762 0.368269 0.372367 0.281265 0.280835 -9999.0
-9999.0 0.369761 0.350876 0.369908 0.363062 0.359863 0.358162 0.362091 0.362329 0.369340 0.365709 0.371636 0.366640 0.369219 0.370006 -9999.0 -9999.0
-9999.0 0.366246 0.367309 0.363754 0.362208 0.354652 0.360776 0.361203 0.362654 0.359421 0.372038 0.362392 0.366424 0.367329 -9999.0 -9999.0 -9999.0
-9999.0 -9999.0 0.363897 0.360748 0.363451 0.364425 0.365069 0.363804 0.353020 0.364102 0.363581 0.363933 0.363037 0.367134 -9999.0 -9999.0 -9999.0
-9999.0 -9999.0 0.359173 0.356850 0.365605 0.366152 0.374471 0.364969 0.367550 0.367785 0.369341 0.364456 0.363546 -9999.0 -9999.0 -9999.0 -9999.0
-9999.0 -9999.0 -9999.0 -9999.0 0.367004 0.364412 0.365553 0.368132 0.369905 0.364196 0.369030 0.364110 0.365757 -9999.0 -9999.0 -9999.0 -9999.0
-9999.0 -9999.0 -9999.0 -9999.0 -9999.0 0.371340 0.366089 0.373692 0.370396 0.374964 0.370973 0.369305 0.364105 0.365639 -9999.0 -9999.0 -9999.0
-9999.0 -9999.0 -9999.0 -9999.0 -9999.0 -9999.0 0.370006 0.369325 0.364895 0.372537 0.372574 0.373058 0.364161 0.368385 0.370533 -9999.0 -9999.0
-9999.0 -9999.0 -9999.0 -9999.0 -9999.0 -9999.0 -9999.0 0.376966 0.367062 0.367457 0.364217 0.373330 0.373401 0.368296 -9999.0 -9999.0 -9999.0
-9999.0 -9999.0 -9999.0 -9999.0 -9999.0 -9999.0 -9999.0 -9999.0 0.377073 0.369917 0.368494 0.367616 0.366737 0.369244 0.378240 -9999.0 -9999.0
-9999.0 -9999.0 -9999.0 -9999.0 -9999.0 -9999.0 -9999.0 -9999.0 -9999.0 -9999.0 -9999.0 -9999.0 -9999.0 -9999.0 -9999.0 -9999.0 -9999.0