tests/3D/WG1_2.0_001/output-maps-SE27XX/thetaliqL0004N0036.asc
ncols         17
nrows         27
xllcorner     624603.750000
yllcorner     5171346.250000
cellsize      500.000000
NODATA_value  -9999.0
-9999.0 -9999.0 -9999.0 -9999.0 -9999.0 -9999.0 -9999.0 -9999.0 -9999.0 -9999.0 -9999.0 -9999.0 -9999.0 -9999.0 -9999.0 -9999.0 -9999.0
-9999.0 -9999.0 -9999.0 -9999.0 -9999.0 -9999.0 -9999.0 -9999.0 -9999.0 -9999.0 -9999.0 0.271647 0.335537 0.322659 -9999.0 -9999.0 -9999.0
-9999.0 -9999.0 -9999.0 -9999.0 -9999.0 -9999.0 -9999.0 -9999.0 -9999.0 0.331948 0.317480 0.294592 0.336096 0.326860 0.344591 -9999.0 -9999.0
-9999.0 -9999.0 -9999.0 -9999.0 -9999.0 -9999.0 -9999.0 -9999.0 0.335812 0.289430 0.353961 0.282077 0.299463 0.364909 0.327489 -9999.0 -9999.0
-9999.0 -9999.0 -9999.0 -9999.0 -9999.0 -9999.0 -9999.0 -9999.0 0.317709 0.297575 0.340907 0.297375 0.330460 0.337437 0.328434 -9999.0 -9999.0
-9999.0 -9999.0 -9999.0 -9999.0 -9999.0 -9999.0 -9999.0 0.321505 0.297555 0.346590 0.320566 0.297372 0.285911 0.326679 0.332566 -9999.0 -9999.0
-9999.0 -9999.0 -9999.0 -9999.0 -9999.0 -9999.0 0.318117 0.290384 0.347495 0.300836 0.348236 0.299047 0.282208 0.294650 0.287635 -9999.0 -9999.0
-9999.0 -9999.0 -9999.0 -9999.0 -9999.0 -9999.0 0.325990 0.300527 0.293844 0.299238 0.307888 0.345827 0.347857 0.316887 0.332742 -9999.0 -9999.0
-9999.0 -9999.0 -9999.0 -9999.0 -9999.0 -9999.0 0.290867 0.299673 0.295441 0.338354 0.288757 0.307769 0.308134 0.284446 0.319261 -9999.0 -9999.0
-9999.0 -9999.0 -9999.0 -9999.0 -9999.0 -9999.0 -9999.0 0.302163 0.298838 0.341610 0.304198 0.301922 0.287540 0.366624 0.322096 -9999.0 -9999.0
-9999.0 -9999.0 -9999.0 -9999.0 -9999.0 -9999.0 0.306830 0.330669 0.309050 0.298552 0.299642 0.297038 0.301151 0.315656 0.293934 0.285438 -9999.0
-9999.0 -9999.0 -9999.0 -9999.0 -9999.0 0.306623 0.319974 0.325384 0.301616 0.305651 0.300679 0.296418 0.316146 0.325496 0.292065 0.275956 -9999.0
-9999.0 -9999.0 -9999.0 0.320550 0.331178 0.330357 0.321185 0.300317 0.309207 0.312367 0.295668 0.300399 0.312795 0.275812 0.297588 0.308488 -9999.0
-9999.0 -9999.0 -9999.0 0.309520 0.329267 0.304623 0.309861 0.308081 0.307627 0.319176 0.311051 0.302317 0.351390 0.311477 0.327213 0.305486 -9999.0
-9999.0 -9999.0 0.308909 0.309239 0.317431 0.306422 0.301404 0.307476 0.313509 0.306000 0.307512 0.300620 0.338772 0.338715 0.342361 0.288723 -9999.0
-9999.0 0.306719 0.307684 0.290765 0.301202 0.309067 0.304568 0.311656 0.311759 0.326808 0.310911 0.288689 0.340604 0.279719 0.276847 -9999.0 -9999.0
-9999.0 0.310563 0.299361 0.318141 0.322871 0.315345 0.322816 0.328048 0.311565 0.318560 0.325733 0.307772 0.306338 0.307208 0.329167 0.340312 -9999.0
-9999.0 0.313578 0.317522 0.315852 0.320290 0.313679 0.320772 0.312921 0.320088 0.323995 0.316000 0.306133 0.284173 0.289375 0.275902 -9999.0 -9999.0
-9999.0 0.313936 0.309904 0.318609 0.315203 0.316499 0.318384 0.322952 0.319714 0.308634 0.291720 0.317357 0.312056 0.320439 -9999.0 -9999.0 -9999.0
-9999.0 -9999.0 0.323928 0.318543 0.325100 0.324353 0.326158 0.321272 0.307931 0.312306 0.303200 0.294611 0.306732 0.290572 -9999.0 -9999.0 -9999.0
-9999.0 -9999.0 0.320352 0.316223 0.327698 0.316088 0.322062 0.301238 0.297702 0.306630 0.300394 0.334733 0.278346 -9999.0 -9999.0 -9999.0 -9999.0
-9999.0 -9999.0 -9999.0 -9999.0 0.311665 0.294993 0.283857 0.310536 0.291886 0.291644 0.297249 0.315730 0.305457 -9999.0 -9999.0 -9999.0 -9999.0
-9999.0 -9999.0 -9999.0 -9999.0 -9999.0 0.299556 0.291255 0.281825 0.302880 0.291022 0.290564 0.341567 0.330542 0.316506 -9999.0 -9999.0 -9999.0
-9999.0 -9999.0 -9999.0 -9999.0 -9999.0 -9999.0 0.279211 0.282260 0.284432 0.283997 0.285595 0.290945 0.295019 0.295957 0.294844 -9999.0 -9999.0
-9999.0 -9999.0 -9999.0 -9999.0 -9999.0 -9999.0 -9999.0 0.285114 0.293762 0.299186 0.285126 0.285038 0.281542 0.320006 -9999.0 -9999.0 -9999.0
-9999.0 -9999.0 -9999.0 -9999.0 -9999.0 -9999.0 -9999.0 -9999.0 0.314421 0.299075 0.288479 0.289134 0.280592 0.273538 0.310072 -9999.0 -9999.0
-9999.0 -9999.0 -9999.0 -9999.0 -9999.0 -9999.0 -9999.0 -9999.0 -9999.0 -9999.0 -9999.0 -9999.0 -9999.0 -9999.0 -9999.0 -9999.0 -9999.0