tests/3D/WG1_2.0_001/output-maps-SE27XX/thetaliqL0005N0004.asc
ncols         17
nrows         27
xllcorner     624603.750000
yllcorner     5171346.250000
cellsize      500.000000
NODATA_value  -9999.0
-9999.0 -9999.0 -9999.0 -9999.0 -9999.0 -9999.0 -9999.0 -9999.0 -9999.0 -9999.0 -9999.0 -9999.0 -9999.0 -9999.0 -9999.0 -9999.0 -9999.0
-9999.0 -9999.0 -9999.0 -9999.0 -9999.0 -9999.0 -9999.0 -9999.0 -9999.0 -9999.0 -9999.0 0.387299 0.401873 0.389215 -9999.0 -9999.0 -9999.0
-9999.0 -9999.0 -9999.0 -9999.0 -9999.0 -9999.0 -9999.0 -9999.0 -9999.0 0.423501 0.404961 0.389416 0.402404 0.393382 0.410457 -9999.0 -9999.0
-9999.0 -9999.0 -9999.0 -9999.0 -9999.0 -9999.0 -9999.0 -9999.0 0.404292 0.395859 0.403884 0.389871 0.401197 0.426218 0.394049 -9999.0 -9999.0
-9999.0 -9999.0 -9999.0 -9999.0 -9999.0 -9999.0 -9999.0 -9999.0 0.398349 0.390049 0.421228 0.388239 0.396720 0.403674 0.394944 -9999.0 -9999.0
-9999.0 -9999.0 -9999.0 -9999.0 -9999.0 -9999.0 -9999.0 0.394900 0.394689 0.404167 0.389650 0.388020 0.392660 0.393200 0.398987 -9999.0 -9999.0
-9999.0 -9999.0 -9999.0 -9999.0 -9999.0 -9999.0 0.410161 0.389971 0.402082 0.401945 0.433998 0.403633 0.391126 0.389680 0.389240 -9999.0 -9999.0
-9999.0 -9999.0 -9999.0 -9999.0 -9999.0 -9999.0 0.398227 0.398819 0.399699 0.399918 0.407727 0.432450 0.404706 0.393444 0.423002 -9999.0 -9999.0
-9999.0 -9999.0 -9999.0 -9999.0 -9999.0 -9999.0 0.401614 0.406081 0.395112 0.413456 0.389210 0.395716 0.389445 0.394716 0.414477 -9999.0 -9999.0
-9999.0 -9999.0 -9999.0 -9999.0 -9999.0 -9999.0 -9999.0 0.389712 0.401036 0.401276 0.407554 0.402378 0.394300 0.430327 0.397565 -9999.0 -9999.0
-9999.0 -9999.0 -9999.0 -9999.0 -9999.0 -9999.0 0.391936 0.400134 0.392022 0.395019 0.400248 0.400556 0.406647 0.396507 0.388219 0.394989 -9999.0
-9999.0 -9999.0 -9999.0 -9999.0 -9999.0 0.397008 0.395804 0.394848 0.390639 0.400927 0.395875 0.398119 0.415085 0.392195 0.398018 0.386956 -9999.0
-9999.0 -9999.0 -9999.0 0.399527 0.427424 0.402050 0.397165 0.389668 0.392093 0.389672 0.388971 0.403511 0.413992 0.386891 0.388125 0.397867 -9999.0
-9999.0 -9999.0 -9999.0 0.392344 0.404606 0.386642 0.404228 0.391086 0.397174 0.405675 0.398677 0.390318 0.406514 0.400412 0.392654 0.390266 -9999.0
-9999.0 -9999.0 0.393288 0.392423 0.388986 0.409639 0.390269 0.390881 0.395162 0.387922 0.390747 0.401299 0.392851 0.396876 0.431028 0.396738 -9999.0
-9999.0 0.400188 0.400514 0.392710 0.405329 0.402415 0.386382 0.389003 0.393078 0.414410 0.406558 0.386890 0.431432 0.390668 0.389743 -9999.0 -9999.0
-9999.0 0.397651 0.394136 0.397477 0.399012 0.395960 0.402352 0.404027 0.386678 0.402219 0.417537 0.409479 0.410062 0.409719 0.395428 0.406441 -9999.0
-9999.0 0.392570 0.407460 0.400539 0.399572 0.391906 0.398398 0.398489 0.395586 0.411594 0.400612 0.401635 0.396316 0.400592 0.387309 -9999.0 -9999.0
-9999.0 0.398155 0.387084 0.395330 0.390299 0.392255 0.391073 0.398139 0.399925 0.399454 0.399386 0.391178 0.403340 0.396267 -9999.0 -9999.0 -9999.0
-9999.0 -9999.0 0.398857 0.391960 0.394729 0.400940 0.407402 0.404162 0.387851 0.402645 0.387881 0.401331 0.390036 0.398158 -9999.0 -9999.0 -9999.0
-9999.0 -9999.0 0.393016 0.394516 0.407714 0.401111 0.416418 0.406850 0.401134 0.393596 0.402201 0.397712 0.391023 -9999.0 -9999.0 -9999.0 -9999.0
-9999.0 -9999.0 -9999.0 -9999.0 0.397700 0.398185 0.388331 0.399010 0.397426 0.387044 0.393109 0.395517 0.398978 -9999.0 -9999.0 -9999.0 -9999.0
-9999.0 -9999.0 -9999.0 -9999.0 -9999.0 0.403573 0.399706 0.396635 0.395614 0.404515 0.395979 0.410995 0.395324 0.394482 -9999.0 -9999.0 -9999.0
-9999.0 -9999.0 -9999.0 -9999.0 -9999.0 -9999.0 0.399866 0.398102 0.391450 0.393346 0.393139 0.396363 0.391208 0.399313 0.399877 -9999.0 -9999.0
-9999.0 -9999.0 -9999.0 -9999.0 -9999.0 -9999.0 -9999.0 0.410579 0.398750 0.399826 0.396492 0.392679 0.391540 0.396908 -9999.0 -9999.0 -9999.0
-9999.0 -9999.0 -9999.0 -9999.0 -9999.0 -9999.0 -9999.0 -9999.0 0.411565 0.402926 0.401387 0.400037 0.395634 0.390632 0.419608 -9999.0 -9999.0
-9999.0 -9999.0 -9999.0 -9999.0 -9999.0 -9999.0 -9999.0 -9999.0 -9999.0 -9999.0 -9999.0 -9999.0 -9999.0 -9999.0 -9999.0 -9999.0 -9999.0