tests/3D/WG1_2.0_001/output-maps-SE27XX/thetaliqL0005N0023.asc
ncols         17
nrows         27
xllcorner     624603.750000
yllcorner     5171346.250000
cellsize      500.000000
NODATA_value  -9999.0
-9999.0 -9999.0 -9999.0 -9999.0 -9999.0 -9999.0 -9999.0 -9999.0 -9999.0 -9999.0 -9999.0 -9999.0 -9999.0 -9999.0 -9999.0 -9999.0 -9999.0
-9999.0 -9999.0 -9999.0 -9999.0 -9999.0 -9999.0 -9999.0 -9999.0 -9999.0 -9999.0 -9999.0 0.385203 0.401368 0.388610 -9999.0 -9999.0 -9999.0
-9999.0 -9999.0 -9999.0 -9999.0 -9999.0 -9999.0 -9999.0 -9999.0 -9999.0 0.408528 0.398614 0.386260 0.401913 0.392909 0.409736 -9999.0 -9999.0
-9999.0 -9999.0 -9999.0 -9999.0 -9999.0 -9999.0 -9999.0 -9999.0 0.397262 0.391607 0.399461 0.388615 0.396596 0.427189 0.393477 -9999.0 -9999.0
-9999.0 -9999.0 -9999.0 -9999.0 -9999.0 -9999.0 -9999.0 -9999.0 0.393157 0.387360 0.415696 0.387233 0.396826 0.403199 0.394477 -9999.0 -9999.0
-9999.0 -9999.0 -9999.0 -9999.0 -9999.0 -9999.0 -9999.0 0.389766 0.391599 0.400535 0.389116 0.386669 0.390344 0.392731 0.398523 -9999.0 -9999.0
-9999.0 -9999.0 -9999.0 -9999.0 -9999.0 -9999.0 0.400665 0.385746 0.397424 0.396309 0.423817 0.399204 0.388102 0.386476 0.386257 -9999.0 -9999.0
-9999.0 -9999.0 -9999.0 -9999.0 -9999.0 -9999.0 0.392165 0.392686 0.395944 0.394828 0.400999 0.422843 0.399541 0.390110 0.414920 -9999.0 -9999.0
-9999.0 -9999.0 -9999.0 -9999.0 -9999.0 -9999.0 0.393586 0.398431 0.391127 0.408215 0.386044 0.391070 0.387450 0.391445 0.407529 -9999.0 -9999.0
-9999.0 -9999.0 -9999.0 -9999.0 -9999.0 -9999.0 -9999.0 0.384408 0.395825 0.397854 0.401248 0.397574 0.392259 0.421678 0.392982 -9999.0 -9999.0
-9999.0 -9999.0 -9999.0 -9999.0 -9999.0 -9999.0 0.386045 0.393770 0.387647 0.389788 0.395194 0.395851 0.402299 0.392609 0.385629 0.391678 -9999.0
-9999.0 -9999.0 -9999.0 -9999.0 -9999.0 0.389638 0.390482 0.389409 0.385218 0.395286 0.391884 0.393906 0.409333 0.388865 0.393051 0.384678 -9999.0
-9999.0 -9999.0 -9999.0 0.391159 0.414878 0.395117 0.391316 0.384620 0.387712 0.386740 0.386742 0.398938 0.409086 0.381987 0.384768 0.393368 -9999.0
-9999.0 -9999.0 -9999.0 0.386030 0.396656 0.382366 0.397975 0.386840 0.392987 0.401595 0.395373 0.387271 0.403495 0.396619 0.392100 0.386710 -9999.0
-9999.0 -9999.0 0.386327 0.387218 0.384386 0.402746 0.385785 0.387435 0.392104 0.386911 0.388513 0.396658 0.390887 0.393157 0.418391 0.390941 -9999.0
-9999.0 0.391721 0.393344 0.386345 0.398300 0.396230 0.382985 0.386126 0.390753 0.408216 0.401048 0.383662 0.421135 0.386705 0.384416 -9999.0 -9999.0
-9999.0 0.390997 0.387963 0.392864 0.395128 0.392799 0.398151 0.400558 0.385747 0.397875 0.410695 0.403188 0.402650 0.401451 0.394944 0.405856 -9999.0
-9999.0 0.387922 0.401632 0.395613 0.396315 0.389455 0.395529 0.396889 0.393624 0.405272 0.395325 0.394355 0.390247 0.393870 0.381501 -9999.0 -9999.0
-9999.0 0.394625 0.383291 0.393013 0.390138 0.390793 0.390541 0.396736 0.397225 0.395352 0.394000 0.387656 0.397137 0.389997 -9999.0 -9999.0 -9999.0
-9999.0 -9999.0 0.395216 0.391889 0.394139 0.398826 0.403677 0.399859 0.385638 0.398559 0.383600 0.395688 0.385644 0.392658 -9999.0 -9999.0 -9999.0
-9999.0 -9999.0 0.392694 0.391227 0.403588 0.396579 0.408382 0.401131 0.396230 0.390263 0.397150 0.392437 0.386032 -9999.0 -9999.0 -9999.0 -9999.0
-9999.0 -9999.0 -9999.0 -9999.0 0.392944 0.392801 0.383201 0.393586 0.392585 0.384415 0.389033 0.390842 0.392696 -9999.0 -9999.0 -9999.0 -9999.0
-9999.0 -9999.0 -9999.0 -9999.0 -9999.0 0.396301 0.393426 0.389007 0.389832 0.398101 0.391592 0.405302 0.390753 0.388797 -9999.0 -9999.0 -9999.0
-9999.0 -9999.0 -9999.0 -9999.0 -9999.0 -9999.0 0.392500 0.391203 0.386293 0.387775 0.388587 0.391206 0.386820 0.393532 0.393106 -9999.0 -9999.0
-9999.0 -9999.0 -9999.0 -9999.0 -9999.0 -9999.0 -9999.0 0.399815 0.392461 0.393413 0.392120 0.387589 0.385364 0.390370 -9999.0 -9999.0 -9999.0
-9999.0 -9999.0 -9999.0 -9999.0 -9999.0 -9999.0 -9999.0 -9999.0 0.400554 0.395652 0.395399 0.394549 0.390096 0.385141 0.407539 -9999.0 -9999.0
-9999.0 -9999.0 -9999.0 -9999.0 -9999.0 -9999.0 -9999.0 -9999.0 -9999.0 -9999.0 -9999.0 -9999.0 -9999.0 -9999.0 -9999.0 -9999.0 -9999.0