tests/3D/WG1_2.0_001/output-maps-SE27XX/thetaiceL0002N0046.asc
ncols         17
nrows         27
xllcorner     624603.750000
yllcorner     5171346.250000
cellsize      500.000000
NODATA_value  -9999.0
-9999.0 -9999.0 -9999.0 -9999.0 -9999.0 -9999.0 -9999.0 -9999.0 -9999.0 -9999.0 -9999.0 -9999.0 -9999.0 -9999.0 -9999.0 -9999.0 -9999.0
-9999.0 -9999.0 -9999.0 -9999.0 -9999.0 -9999.0 -9999.0 -9999.0 -9999.0 -9999.0 -9999.0 0.350144 0.115113 0.109778 -9999.0 -9999.0 -9999.0
-9999.0 -9999.0 -9999.0 -9999.0 -9999.0 -9999.0 -9999.0 -9999.0 -9999.0 0.357519 0.346199 0.340600 0.115413 0.111637 0.118083 -9999.0 -9999.0
-9999.0 -9999.0 -9999.0 -9999.0 -9999.0 -9999.0 -9999.0 -9999.0 0.348332 0.343411 0.319540 0.339984 0.347402 0.123362 0.111921 -9999.0 -9999.0
-9999.0 -9999.0 -9999.0 -9999.0 -9999.0 -9999.0 -9999.0 -9999.0 0.346564 0.344206 0.336268 0.337667 0.113034 0.115951 0.112331 -9999.0 -9999.0
-9999.0 -9999.0 -9999.0 -9999.0 -9999.0 -9999.0 -9999.0 0.348864 0.342763 0.323879 0.284175 0.336892 0.335679 0.111559 0.113941 -9999.0 -9999.0
-9999.0 -9999.0 -9999.0 -9999.0 -9999.0 -9999.0 0.353743 0.346394 0.349625 0.346106 0.353031 0.338636 0.338000 0.339945 0.340614 -9999.0 -9999.0
-9999.0 -9999.0 -9999.0 -9999.0 -9999.0 -9999.0 0.348962 0.350489 0.341832 0.346633 0.344182 0.353865 0.327869 0.341455 0.352693 -9999.0 -9999.0
-9999.0 -9999.0 -9999.0 -9999.0 -9999.0 -9999.0 0.343272 0.344946 0.339137 0.343030 0.333045 0.338487 0.339928 0.338973 0.346596 -9999.0 -9999.0
-9999.0 -9999.0 -9999.0 -9999.0 -9999.0 -9999.0 -9999.0 0.350213 0.346611 0.334587 0.352362 0.336465 0.335726 0.351488 0.334733 -9999.0 -9999.0
-9999.0 -9999.0 -9999.0 -9999.0 -9999.0 -9999.0 0.343373 0.350656 0.344791 0.340890 0.342011 0.336308 0.333351 0.341912 0.340139 0.342568 -9999.0
-9999.0 -9999.0 -9999.0 -9999.0 -9999.0 0.344441 0.346935 0.348042 0.338748 0.339408 0.341009 0.331844 0.334679 0.301783 0.342096 0.343137 -9999.0
-9999.0 -9999.0 -9999.0 0.342273 0.362515 0.350553 0.347237 0.335642 0.340801 0.338108 0.331002 0.333388 0.329494 0.341275 0.344242 0.341455 -9999.0
-9999.0 -9999.0 -9999.0 0.341170 0.342858 0.342252 0.337879 0.338283 0.335756 0.338596 0.327147 0.327392 0.269041 0.334800 0.112358 0.344658 -9999.0
-9999.0 -9999.0 0.337094 0.339423 0.343450 0.347153 0.338368 0.332606 0.328169 0.327167 0.321347 0.337191 0.292937 0.322164 0.362085 0.344249 -9999.0
-9999.0 0.332023 0.331429 0.347008 0.352482 0.330509 0.329718 0.325944 0.325215 0.320356 0.321459 0.329242 0.354498 0.344383 0.346386 -9999.0 -9999.0
-9999.0 0.332112 0.330931 0.336028 0.341925 0.332150 0.322258 0.319543 0.311934 0.322499 0.340528 0.344027 0.345315 0.356908 0.112718 0.117043 -9999.0
-9999.0 0.334196 0.332924 0.320932 0.314872 0.295745 0.279450 0.337836 0.316354 0.324677 0.334270 0.335053 0.344375 0.348921 0.350539 -9999.0 -9999.0
-9999.0 0.330269 0.324359 0.305584 0.334939 0.286710 0.312286 0.316675 0.320128 0.327287 0.341550 0.343459 0.345991 0.348927 -9999.0 -9999.0 -9999.0
-9999.0 -9999.0 0.310823 0.317950 0.303447 0.317167 0.319515 0.319781 0.325391 0.333547 0.335878 0.342249 0.347150 0.342934 -9999.0 -9999.0 -9999.0
-9999.0 -9999.0 0.318773 0.294468 0.319760 0.325446 0.324556 0.340952 0.343192 0.332750 0.343621 0.348869 0.343631 -9999.0 -9999.0 -9999.0 -9999.0
-9999.0 -9999.0 -9999.0 -9999.0 0.323939 0.340886 0.343555 0.332063 0.348919 0.340471 0.342001 0.343464 0.348435 -9999.0 -9999.0 -9999.0 -9999.0
-9999.0 -9999.0 -9999.0 -9999.0 -9999.0 0.352127 0.347071 0.347464 0.331731 0.345725 0.350752 0.344655 0.348158 0.349510 -9999.0 -9999.0 -9999.0
-9999.0 -9999.0 -9999.0 -9999.0 -9999.0 -9999.0 0.343705 0.346228 0.355407 0.352329 0.351188 0.356647 0.349108 0.357853 0.364569 -9999.0 -9999.0
-9999.0 -9999.0 -9999.0 -9999.0 -9999.0 -9999.0 -9999.0 0.347375 0.358563 0.353548 0.345103 0.361419 0.363347 0.348315 -9999.0 -9999.0 -9999.0
-9999.0 -9999.0 -9999.0 -9999.0 -9999.0 -9999.0 -9999.0 -9999.0 0.364512 0.363553 0.343570 0.342492 0.344785 0.344503 0.359707 -9999.0 -9999.0
-9999.0 -9999.0 -9999.0 -9999.0 -9999.0 -9999.0 -9999.0 -9999.0 -9999.0 -9999.0 -9999.0 -9999.0 -9999.0 -9999.0 -9999.0 -9999.0 -9999.0