tests/3D/WG1_2.0_001/output-maps-SE27XX/thetaliqL0004N0067.asc
ncols         17
nrows         27
xllcorner     624603.750000
yllcorner     5171346.250000
cellsize      500.000000
NODATA_value  -9999.0
-9999.0 -9999.0 -9999.0 -9999.0 -9999.0 -9999.0 -9999.0 -9999.0 -9999.0 -9999.0 -9999.0 -9999.0 -9999.0 -9999.0 -9999.0 -9999.0 -9999.0
-9999.0 -9999.0 -9999.0 -9999.0 -9999.0 -9999.0 -9999.0 -9999.0 -9999.0 -9999.0 -9999.0 0.268888 0.332854 0.319541 -9999.0 -9999.0 -9999.0
-9999.0 -9999.0 -9999.0 -9999.0 -9999.0 -9999.0 -9999.0 -9999.0 -9999.0 0.290941 0.296379 0.281514 0.333471 0.324010 0.341974 -9999.0 -9999.0
-9999.0 -9999.0 -9999.0 -9999.0 -9999.0 -9999.0 -9999.0 -9999.0 0.303268 0.278706 0.307403 0.282976 0.282102 0.363642 0.324532 -9999.0 -9999.0
-9999.0 -9999.0 -9999.0 -9999.0 -9999.0 -9999.0 -9999.0 -9999.0 0.286576 0.281328 0.318756 0.293437 0.328371 0.334872 0.325636 -9999.0 -9999.0
-9999.0 -9999.0 -9999.0 -9999.0 -9999.0 -9999.0 -9999.0 0.278445 0.283684 0.313832 0.284794 0.290584 0.287107 0.323831 0.329902 -9999.0 -9999.0
-9999.0 -9999.0 -9999.0 -9999.0 -9999.0 -9999.0 0.285301 0.269131 0.310841 0.279443 0.309318 0.298249 0.286879 0.283328 0.279728 -9999.0 -9999.0
-9999.0 -9999.0 -9999.0 -9999.0 -9999.0 -9999.0 0.300631 0.272112 0.284941 0.281662 0.290580 0.308563 0.308451 0.289761 0.312907 -9999.0 -9999.0
-9999.0 -9999.0 -9999.0 -9999.0 -9999.0 -9999.0 0.269025 0.277435 0.277504 0.309714 0.271885 0.286905 0.292509 0.286807 0.303956 -9999.0 -9999.0
-9999.0 -9999.0 -9999.0 -9999.0 -9999.0 -9999.0 -9999.0 0.265457 0.280224 0.301238 0.288669 0.286394 0.285545 0.337833 0.294149 -9999.0 -9999.0
-9999.0 -9999.0 -9999.0 -9999.0 -9999.0 -9999.0 0.268737 0.304255 0.276788 0.272828 0.280996 0.280094 0.298304 0.297704 0.284656 0.281460 -9999.0
-9999.0 -9999.0 -9999.0 -9999.0 -9999.0 0.272608 0.283723 0.288726 0.271044 0.279675 0.285339 0.279366 0.302891 0.290797 0.286064 0.273194 -9999.0
-9999.0 -9999.0 -9999.0 0.296700 0.275967 0.305590 0.280830 0.269604 0.287497 0.280585 0.276950 0.287649 0.299902 0.266748 0.277827 0.291968 -9999.0
-9999.0 -9999.0 -9999.0 0.271543 0.308386 0.270350 0.289137 0.286262 0.289271 0.307179 0.294067 0.286059 0.347336 0.296410 0.324041 0.281304 -9999.0
-9999.0 -9999.0 0.272429 0.279070 0.273972 0.290248 0.274351 0.284187 0.289113 0.283573 0.289658 0.285180 0.300175 0.299383 0.302937 0.273688 -9999.0
-9999.0 0.280611 0.283764 0.266226 0.279142 0.290240 0.276609 0.287596 0.294570 0.322835 0.295654 0.275470 0.308766 0.269492 0.258424 -9999.0 -9999.0
-9999.0 0.287910 0.274310 0.287699 0.297455 0.288255 0.306525 0.310524 0.293745 0.297615 0.310795 0.283474 0.279530 0.282177 0.326386 0.337645 -9999.0
-9999.0 0.280829 0.304578 0.298177 0.310065 0.312897 0.317268 0.300839 0.300175 0.314684 0.299918 0.283018 0.264811 0.263470 0.252985 -9999.0 -9999.0
-9999.0 0.288575 0.282153 0.310766 0.287287 0.308920 0.297987 0.298296 0.301149 0.292128 0.273630 0.286580 0.283991 0.277322 -9999.0 -9999.0 -9999.0
-9999.0 -9999.0 0.312972 0.299140 0.307621 0.300802 0.315644 0.308276 0.281313 0.293802 0.273253 0.271999 0.274292 0.271523 -9999.0 -9999.0 -9999.0
-9999.0 -9999.0 0.295092 0.306658 0.304614 0.301661 0.305744 0.288924 0.283702 0.287506 0.282155 0.302047 0.260777 -9999.0 -9999.0 -9999.0 -9999.0
-9999.0 -9999.0 -9999.0 -9999.0 0.291645 0.277754 0.262597 0.288752 0.277341 0.270848 0.270926 0.284484 0.273872 -9999.0 -9999.0 -9999.0 -9999.0
-9999.0 -9999.0 -9999.0 -9999.0 -9999.0 0.271488 0.262264 0.253557 0.279413 0.273880 0.274712 0.314098 0.293696 0.277728 -9999.0 -9999.0 -9999.0
-9999.0 -9999.0 -9999.0 -9999.0 -9999.0 -9999.0 0.254993 0.253896 0.261315 0.258603 0.263252 0.266321 0.267103 0.272497 0.265490 -9999.0 -9999.0
-9999.0 -9999.0 -9999.0 -9999.0 -9999.0 -9999.0 -9999.0 0.254338 0.269299 0.275313 0.262665 0.262717 0.255902 0.281107 -9999.0 -9999.0 -9999.0
-9999.0 -9999.0 -9999.0 -9999.0 -9999.0 -9999.0 -9999.0 -9999.0 0.279897 0.271403 0.265288 0.266939 0.259038 0.255459 0.274086 -9999.0 -9999.0
-9999.0 -9999.0 -9999.0 -9999.0 -9999.0 -9999.0 -9999.0 -9999.0 -9999.0 -9999.0 -9999.0 -9999.0 -9999.0 -9999.0 -9999.0 -9999.0 -9999.0