tests/3D/WG1_2.0_001/output-maps-SE27XX/thetaliqL0005N0042.asc
ncols         17
nrows         27
xllcorner     624603.750000
yllcorner     5171346.250000
cellsize      500.000000
NODATA_value  -9999.0
-9999.0 -9999.0 -9999.0 -9999.0 -9999.0 -9999.0 -9999.0 -9999.0 -9999.0 -9999.0 -9999.0 -9999.0 -9999.0 -9999.0 -9999.0 -9999.0 -9999.0
-9999.0 -9999.0 -9999.0 -9999.0 -9999.0 -9999.0 -9999.0 -9999.0 -9999.0 -9999.0 -9999.0 0.370323 0.399649 0.386810 -9999.0 -9999.0 -9999.0
-9999.0 -9999.0 -9999.0 -9999.0 -9999.0 -9999.0 -9999.0 -9999.0 -9999.0 0.398514 0.389263 0.376861 0.400214 0.391307 0.407573 -9999.0 -9999.0
-9999.0 -9999.0 -9999.0 -9999.0 -9999.0 -9999.0 -9999.0 -9999.0 0.393917 0.378152 0.401543 0.375912 0.383587 0.426073 0.391701 -9999.0 -9999.0
-9999.0 -9999.0 -9999.0 -9999.0 -9999.0 -9999.0 -9999.0 -9999.0 0.386588 0.378411 0.407977 0.379498 0.396094 0.401505 0.392879 -9999.0 -9999.0
-9999.0 -9999.0 -9999.0 -9999.0 -9999.0 -9999.0 -9999.0 0.385072 0.381059 0.401014 0.387734 0.378827 0.377024 0.391136 0.396897 -9999.0 -9999.0
-9999.0 -9999.0 -9999.0 -9999.0 -9999.0 -9999.0 0.389826 0.374500 0.398159 0.385318 0.411578 0.385580 0.374237 0.376067 0.374714 -9999.0 -9999.0
-9999.0 -9999.0 -9999.0 -9999.0 -9999.0 -9999.0 0.388429 0.380461 0.382444 0.383323 0.389821 0.410253 0.399479 0.384301 0.402355 -9999.0 -9999.0
-9999.0 -9999.0 -9999.0 -9999.0 -9999.0 -9999.0 0.377989 0.383080 0.379429 0.403776 0.376501 0.383893 0.381653 0.376941 0.394305 -9999.0 -9999.0
-9999.0 -9999.0 -9999.0 -9999.0 -9999.0 -9999.0 -9999.0 0.374959 0.382787 0.397638 0.389312 0.386535 0.379248 0.422249 0.387436 -9999.0 -9999.0
-9999.0 -9999.0 -9999.0 -9999.0 -9999.0 -9999.0 0.377967 0.390816 0.380170 0.379899 0.383949 0.384026 0.388319 0.385659 0.375854 0.377186 -9999.0
-9999.0 -9999.0 -9999.0 -9999.0 -9999.0 0.379796 0.385992 0.385999 0.377354 0.385085 0.382432 0.382632 0.396263 0.386268 0.379105 0.370994 -9999.0
-9999.0 -9999.0 -9999.0 0.385989 0.399711 0.392282 0.386342 0.376782 0.382221 0.383303 0.378831 0.386929 0.395806 0.369167 0.375869 0.384015 -9999.0
-9999.0 -9999.0 -9999.0 0.379398 0.392375 0.375907 0.387427 0.381400 0.384543 0.393664 0.388559 0.381202 0.406642 0.387701 0.390712 0.378620 -9999.0
-9999.0 -9999.0 0.378657 0.380555 0.380699 0.389806 0.377957 0.381604 0.387127 0.382757 0.383730 0.384993 0.392454 0.393076 0.406381 0.375677 -9999.0
-9999.0 0.381622 0.383869 0.374707 0.385188 0.385742 0.377642 0.382359 0.386086 0.398853 0.390025 0.374301 0.409195 0.372518 0.368111 -9999.0 -9999.0
-9999.0 0.383110 0.377609 0.387960 0.391458 0.387779 0.393323 0.396918 0.383477 0.391888 0.399266 0.388121 0.387371 0.388159 0.393381 0.403961 -9999.0
-9999.0 0.382840 0.391712 0.389402 0.392079 0.386086 0.392117 0.390068 0.390827 0.395885 0.388182 0.383446 0.374016 0.377534 0.366626 -9999.0 -9999.0
-9999.0 0.388826 0.379455 0.389936 0.387983 0.388644 0.389283 0.394169 0.392353 0.386402 0.379326 0.383776 0.386708 0.384590 -9999.0 -9999.0 -9999.0
-9999.0 -9999.0 0.391840 0.390389 0.393684 0.395296 0.397087 0.393270 0.381401 0.389289 0.377538 0.380387 0.378512 0.378059 -9999.0 -9999.0 -9999.0
-9999.0 -9999.0 0.391501 0.386844 0.398605 0.388705 0.396366 0.388167 0.383552 0.383266 0.385297 0.391091 0.370444 -9999.0 -9999.0 -9999.0 -9999.0
-9999.0 -9999.0 -9999.0 -9999.0 0.385202 0.380180 0.371291 0.384896 0.380942 0.376084 0.379524 0.385037 0.381556 -9999.0 -9999.0 -9999.0 -9999.0
-9999.0 -9999.0 -9999.0 -9999.0 -9999.0 0.381602 0.377207 0.372314 0.380889 0.381944 0.380758 0.404009 0.389551 0.383275 -9999.0 -9999.0 -9999.0
-9999.0 -9999.0 -9999.0 -9999.0 -9999.0 -9999.0 0.373675 0.373630 0.373294 0.374274 0.375612 0.378713 0.376491 0.381284 0.379808 -9999.0 -9999.0
-9999.0 -9999.0 -9999.0 -9999.0 -9999.0 -9999.0 -9999.0 0.379211 0.379552 0.381148 0.376557 0.375834 0.372873 0.385077 -9999.0 -9999.0 -9999.0
-9999.0 -9999.0 -9999.0 -9999.0 -9999.0 -9999.0 -9999.0 -9999.0 0.388305 0.382232 0.379045 0.378933 0.373675 0.368957 0.390958 -9999.0 -9999.0
-9999.0 -9999.0 -9999.0 -9999.0 -9999.0 -9999.0 -9999.0 -9999.0 -9999.0 -9999.0 -9999.0 -9999.0 -9999.0 -9999.0 -9999.0 -9999.0 -9999.0