tests/3D/WG1_2.0_001/output-maps-SE27XX/thetaliqL0005N0075.asc
ncols         17
nrows         27
xllcorner     624603.750000
yllcorner     5171346.250000
cellsize      500.000000
NODATA_value  -9999.0
-9999.0 -9999.0 -9999.0 -9999.0 -9999.0 -9999.0 -9999.0 -9999.0 -9999.0 -9999.0 -9999.0 -9999.0 -9999.0 -9999.0 -9999.0 -9999.0 -9999.0
-9999.0 -9999.0 -9999.0 -9999.0 -9999.0 -9999.0 -9999.0 -9999.0 -9999.0 -9999.0 -9999.0 0.357606 0.395983 0.382536 -9999.0 -9999.0 -9999.0
-9999.0 -9999.0 -9999.0 -9999.0 -9999.0 -9999.0 -9999.0 -9999.0 -9999.0 0.375052 0.375372 0.364409 0.396755 0.387530 0.403216 -9999.0 -9999.0
-9999.0 -9999.0 -9999.0 -9999.0 -9999.0 -9999.0 -9999.0 -9999.0 0.376849 0.364264 0.386730 0.365881 0.367924 0.422968 0.387570 -9999.0 -9999.0
-9999.0 -9999.0 -9999.0 -9999.0 -9999.0 -9999.0 -9999.0 -9999.0 0.370521 0.364902 0.391979 0.370232 0.394152 0.398168 0.389277 -9999.0 -9999.0
-9999.0 -9999.0 -9999.0 -9999.0 -9999.0 -9999.0 -9999.0 0.365849 0.367822 0.387855 0.374264 0.368416 0.366228 0.387372 0.393558 -9999.0 -9999.0
-9999.0 -9999.0 -9999.0 -9999.0 -9999.0 -9999.0 0.370579 0.358669 0.385609 0.369082 0.388622 0.374668 0.363632 0.362981 0.361591 -9999.0 -9999.0
-9999.0 -9999.0 -9999.0 -9999.0 -9999.0 -9999.0 0.372803 0.361895 0.369048 0.368891 0.374283 0.387089 0.383410 0.370203 0.386082 -9999.0 -9999.0
-9999.0 -9999.0 -9999.0 -9999.0 -9999.0 -9999.0 0.358595 0.363824 0.363981 0.386833 0.362856 0.370297 0.370515 0.365374 0.379135 -9999.0 -9999.0
-9999.0 -9999.0 -9999.0 -9999.0 -9999.0 -9999.0 -9999.0 0.356126 0.366334 0.383027 0.372452 0.371691 0.367744 0.404859 0.372829 -9999.0 -9999.0
-9999.0 -9999.0 -9999.0 -9999.0 -9999.0 -9999.0 0.358675 0.374898 0.363234 0.362557 0.368153 0.368549 0.376191 0.373246 0.363339 0.364076 -9999.0
-9999.0 -9999.0 -9999.0 -9999.0 -9999.0 0.361110 0.367336 0.368463 0.359981 0.367110 0.368365 0.367408 0.380955 0.371624 0.366123 0.358624 -9999.0
-9999.0 -9999.0 -9999.0 0.369903 0.375452 0.377684 0.366943 0.359195 0.367717 0.368933 0.365104 0.372227 0.380226 0.355498 0.361258 0.370250 -9999.0
-9999.0 -9999.0 -9999.0 0.360385 0.376999 0.359017 0.369341 0.366923 0.369246 0.379762 0.376170 0.369936 0.404497 0.374136 0.387176 0.364039 -9999.0
-9999.0 -9999.0 0.359627 0.364215 0.361777 0.372658 0.361578 0.367260 0.374159 0.371015 0.372543 0.370969 0.380407 0.378732 0.382601 0.359121 -9999.0
-9999.0 0.361458 0.365341 0.356968 0.366239 0.368440 0.362600 0.370020 0.375354 0.386649 0.375580 0.360946 0.386543 0.357650 0.349832 -9999.0 -9999.0
-9999.0 0.365129 0.360131 0.371729 0.376512 0.372190 0.380017 0.383909 0.374729 0.378268 0.383411 0.368460 0.366388 0.368099 0.389756 0.399977 -9999.0
-9999.0 0.366353 0.374805 0.375577 0.380620 0.378484 0.384064 0.377003 0.379934 0.381707 0.372561 0.365066 0.355120 0.355937 0.347954 -9999.0 -9999.0
-9999.0 0.373207 0.365668 0.380099 0.374385 0.380369 0.379581 0.381953 0.380445 0.372300 0.361799 0.368448 0.368813 0.364126 -9999.0 -9999.0 -9999.0
-9999.0 -9999.0 0.380644 0.378089 0.384183 0.382731 0.385158 0.380636 0.368230 0.373284 0.360816 0.361159 0.361673 0.360510 -9999.0 -9999.0 -9999.0
-9999.0 -9999.0 0.378080 0.375288 0.384677 0.374959 0.381215 0.371840 0.368382 0.369302 0.368524 0.376658 0.352544 -9999.0 -9999.0 -9999.0 -9999.0
-9999.0 -9999.0 -9999.0 -9999.0 0.370123 0.363392 0.353843 0.367494 0.365291 0.361163 0.362254 0.368237 0.362224 -9999.0 -9999.0 -9999.0 -9999.0
-9999.0 -9999.0 -9999.0 -9999.0 -9999.0 0.360648 0.355406 0.349918 0.364535 0.363406 0.365104 0.388725 0.373993 0.364389 -9999.0 -9999.0 -9999.0
-9999.0 -9999.0 -9999.0 -9999.0 -9999.0 -9999.0 0.350899 0.350647 0.354565 0.354579 0.357542 0.359754 0.358607 0.362808 0.358584 -9999.0 -9999.0
-9999.0 -9999.0 -9999.0 -9999.0 -9999.0 -9999.0 -9999.0 0.357888 0.359974 0.363312 0.356906 0.357328 0.352904 0.364816 -9999.0 -9999.0 -9999.0
-9999.0 -9999.0 -9999.0 -9999.0 -9999.0 -9999.0 -9999.0 -9999.0 0.366431 0.361506 0.358470 0.359368 0.353574 0.350402 0.369309 -9999.0 -9999.0
-9999.0 -9999.0 -9999.0 -9999.0 -9999.0 -9999.0 -9999.0 -9999.0 -9999.0 -9999.0 -9999.0 -9999.0 -9999.0 -9999.0 -9999.0 -9999.0 -9999.0