tests/3D/WG1_2.0_001/output-maps-SE27XX/thetaliqL0005N0066.asc
ncols         17
nrows         27
xllcorner     624603.750000
yllcorner     5171346.250000
cellsize      500.000000
NODATA_value  -9999.0
-9999.0 -9999.0 -9999.0 -9999.0 -9999.0 -9999.0 -9999.0 -9999.0 -9999.0 -9999.0 -9999.0 -9999.0 -9999.0 -9999.0 -9999.0 -9999.0 -9999.0
-9999.0 -9999.0 -9999.0 -9999.0 -9999.0 -9999.0 -9999.0 -9999.0 -9999.0 -9999.0 -9999.0 0.360963 0.396904 0.383754 -9999.0 -9999.0 -9999.0
-9999.0 -9999.0 -9999.0 -9999.0 -9999.0 -9999.0 -9999.0 -9999.0 -9999.0 0.382932 0.379805 0.367688 0.397629 0.388598 0.404264 -9999.0 -9999.0
-9999.0 -9999.0 -9999.0 -9999.0 -9999.0 -9999.0 -9999.0 -9999.0 0.381861 0.368291 0.390959 0.368729 0.371861 0.423330 0.388738 -9999.0 -9999.0
-9999.0 -9999.0 -9999.0 -9999.0 -9999.0 -9999.0 -9999.0 -9999.0 0.375218 0.368372 0.396513 0.372056 0.394699 0.399008 0.390212 -9999.0 -9999.0
-9999.0 -9999.0 -9999.0 -9999.0 -9999.0 -9999.0 -9999.0 0.370906 0.371433 0.390025 0.377853 0.370598 0.369217 0.388437 0.394430 -9999.0 -9999.0
-9999.0 -9999.0 -9999.0 -9999.0 -9999.0 -9999.0 0.376416 0.362961 0.389472 0.373314 0.393831 0.378020 0.366515 0.366235 0.364859 -9999.0 -9999.0
-9999.0 -9999.0 -9999.0 -9999.0 -9999.0 -9999.0 0.376765 0.366937 0.372800 0.372668 0.379118 0.392760 0.386535 0.374037 0.390564 -9999.0 -9999.0
-9999.0 -9999.0 -9999.0 -9999.0 -9999.0 -9999.0 0.363015 0.368464 0.368182 0.392070 0.366313 0.373909 0.372918 0.368656 0.383217 -9999.0 -9999.0
-9999.0 -9999.0 -9999.0 -9999.0 -9999.0 -9999.0 -9999.0 0.361301 0.370966 0.386433 0.378213 0.375678 0.370981 0.409444 0.376655 -9999.0 -9999.0
-9999.0 -9999.0 -9999.0 -9999.0 -9999.0 -9999.0 0.363771 0.379000 0.367984 0.366995 0.372287 0.372766 0.380052 0.376570 0.366335 0.367725 -9999.0
-9999.0 -9999.0 -9999.0 -9999.0 -9999.0 0.366426 0.372872 0.372938 0.364414 0.371949 0.372121 0.371467 0.385816 0.374980 0.369725 0.362037 -9999.0
-9999.0 -9999.0 -9999.0 0.374984 0.377687 0.380430 0.372404 0.363635 0.370964 0.372119 0.368517 0.376622 0.385003 0.359040 0.364888 0.373991 -9999.0
-9999.0 -9999.0 -9999.0 0.365343 0.379858 0.363651 0.375209 0.370057 0.374004 0.383569 0.379435 0.372566 0.406427 0.377662 0.388256 0.368059 -9999.0
-9999.0 -9999.0 0.364850 0.368854 0.366768 0.377794 0.365876 0.370287 0.377629 0.374184 0.374656 0.374829 0.383965 0.382550 0.388600 0.363166 -9999.0
-9999.0 0.367914 0.371402 0.361721 0.371231 0.374362 0.365668 0.374001 0.378877 0.389565 0.379844 0.364341 0.392772 0.361387 0.354042 -9999.0 -9999.0
-9999.0 0.369985 0.365170 0.376524 0.381743 0.377389 0.385209 0.389357 0.377830 0.382399 0.389446 0.373338 0.371330 0.373632 0.390801 0.400992 -9999.0
-9999.0 0.371290 0.379311 0.380250 0.385297 0.381696 0.388954 0.380244 0.384092 0.385580 0.376464 0.370841 0.359384 0.360509 0.352242 -9999.0 -9999.0
-9999.0 0.378215 0.370184 0.384429 0.379842 0.384370 0.383592 0.385862 0.382580 0.375984 0.366007 0.372254 0.373889 0.369698 -9999.0 -9999.0 -9999.0
-9999.0 -9999.0 0.385492 0.384081 0.388500 0.386640 0.387439 0.383082 0.370952 0.377863 0.364749 0.365749 0.366333 0.364592 -9999.0 -9999.0 -9999.0
-9999.0 -9999.0 0.385064 0.381298 0.388181 0.378179 0.386598 0.376738 0.372513 0.373230 0.373256 0.380710 0.356721 -9999.0 -9999.0 -9999.0 -9999.0
-9999.0 -9999.0 -9999.0 -9999.0 0.373876 0.368094 0.358309 0.372795 0.369580 0.364992 0.366869 0.372917 0.367533 -9999.0 -9999.0 -9999.0 -9999.0
-9999.0 -9999.0 -9999.0 -9999.0 -9999.0 0.365658 0.360360 0.354724 0.369391 0.367537 0.369247 0.391652 0.377301 0.369266 -9999.0 -9999.0 -9999.0
-9999.0 -9999.0 -9999.0 -9999.0 -9999.0 -9999.0 0.355754 0.355487 0.359190 0.358833 0.361470 0.363998 0.363183 0.367644 0.363597 -9999.0 -9999.0
-9999.0 -9999.0 -9999.0 -9999.0 -9999.0 -9999.0 -9999.0 0.359920 0.364982 0.368130 0.361158 0.361760 0.357379 0.370986 -9999.0 -9999.0 -9999.0
-9999.0 -9999.0 -9999.0 -9999.0 -9999.0 -9999.0 -9999.0 -9999.0 0.372313 0.366479 0.362924 0.363727 0.357852 0.354371 0.371384 -9999.0 -9999.0
-9999.0 -9999.0 -9999.0 -9999.0 -9999.0 -9999.0 -9999.0 -9999.0 -9999.0 -9999.0 -9999.0 -9999.0 -9999.0 -9999.0 -9999.0 -9999.0 -9999.0