tests/3D/WG1_2.0_001/output-maps-SE27XX/thetaliqL0005N0002.asc
ncols         17
nrows         27
xllcorner     624603.750000
yllcorner     5171346.250000
cellsize      500.000000
NODATA_value  -9999.0
-9999.0 -9999.0 -9999.0 -9999.0 -9999.0 -9999.0 -9999.0 -9999.0 -9999.0 -9999.0 -9999.0 -9999.0 -9999.0 -9999.0 -9999.0 -9999.0 -9999.0
-9999.0 -9999.0 -9999.0 -9999.0 -9999.0 -9999.0 -9999.0 -9999.0 -9999.0 -9999.0 -9999.0 0.387283 0.401880 0.389226 -9999.0 -9999.0 -9999.0
-9999.0 -9999.0 -9999.0 -9999.0 -9999.0 -9999.0 -9999.0 -9999.0 -9999.0 0.423634 0.404994 0.389416 0.402411 0.393387 0.410473 -9999.0 -9999.0
-9999.0 -9999.0 -9999.0 -9999.0 -9999.0 -9999.0 -9999.0 -9999.0 0.404331 0.395877 0.403892 0.389802 0.401182 0.426037 0.394058 -9999.0 -9999.0
-9999.0 -9999.0 -9999.0 -9999.0 -9999.0 -9999.0 -9999.0 -9999.0 0.398374 0.390048 0.421205 0.388154 0.396686 0.403679 0.394949 -9999.0 -9999.0
-9999.0 -9999.0 -9999.0 -9999.0 -9999.0 -9999.0 -9999.0 0.394926 0.394647 0.404111 0.389539 0.387971 0.392678 0.393206 0.398993 -9999.0 -9999.0
-9999.0 -9999.0 -9999.0 -9999.0 -9999.0 -9999.0 0.410197 0.389986 0.402091 0.401867 0.433987 0.403646 0.391147 0.389704 0.389262 -9999.0 -9999.0
-9999.0 -9999.0 -9999.0 -9999.0 -9999.0 -9999.0 0.398253 0.398843 0.399658 0.399838 0.407677 0.432465 0.404743 0.393471 0.423056 -9999.0 -9999.0
-9999.0 -9999.0 -9999.0 -9999.0 -9999.0 -9999.0 0.401637 0.406107 0.395126 0.413426 0.389125 0.395673 0.389438 0.394738 0.414519 -9999.0 -9999.0
-9999.0 -9999.0 -9999.0 -9999.0 -9999.0 -9999.0 -9999.0 0.389736 0.401055 0.401250 0.407511 0.402304 0.394260 0.430410 0.397596 -9999.0 -9999.0
-9999.0 -9999.0 -9999.0 -9999.0 -9999.0 -9999.0 0.391959 0.400160 0.392040 0.395039 0.400217 0.400517 0.406649 0.396530 0.388238 0.395013 -9999.0
-9999.0 -9999.0 -9999.0 -9999.0 -9999.0 0.397031 0.395822 0.394870 0.390674 0.400944 0.395840 0.398078 0.415100 0.392216 0.398043 0.386972 -9999.0
-9999.0 -9999.0 -9999.0 0.399550 0.427460 0.402071 0.397184 0.389697 0.392123 0.389638 0.388890 0.403458 0.413975 0.386920 0.388144 0.397892 -9999.0
-9999.0 -9999.0 -9999.0 0.392361 0.404632 0.386654 0.404265 0.391102 0.397173 0.405640 0.398632 0.390245 0.406460 0.400411 0.392662 0.390289 -9999.0
-9999.0 -9999.0 0.393308 0.392435 0.388999 0.409656 0.390288 0.390901 0.395167 0.387807 0.390671 0.401198 0.392772 0.396887 0.431083 0.396767 -9999.0
-9999.0 0.400231 0.400547 0.392731 0.405351 0.402459 0.386436 0.389038 0.393044 0.414407 0.406560 0.386871 0.431464 0.390680 0.389768 -9999.0 -9999.0
-9999.0 0.397686 0.394157 0.397507 0.399017 0.395978 0.402396 0.404042 0.386589 0.402235 0.417579 0.409496 0.410085 0.409754 0.395434 0.406451 -9999.0
-9999.0 0.392596 0.407507 0.400580 0.399574 0.391912 0.398378 0.398373 0.395520 0.411638 0.400647 0.401678 0.396336 0.400616 0.387330 -9999.0 -9999.0
-9999.0 0.398122 0.387159 0.395307 0.390158 0.392171 0.390950 0.398063 0.399867 0.399446 0.399393 0.391189 0.403361 0.396293 -9999.0 -9999.0 -9999.0
-9999.0 -9999.0 0.398923 0.391817 0.394617 0.400889 0.407376 0.404171 0.387825 0.402639 0.387903 0.401345 0.390050 0.398170 -9999.0 -9999.0 -9999.0
-9999.0 -9999.0 0.392856 0.394576 0.407704 0.401152 0.416460 0.406864 0.401090 0.393539 0.402191 0.397731 0.391037 -9999.0 -9999.0 -9999.0 -9999.0
-9999.0 -9999.0 -9999.0 -9999.0 0.397750 0.398201 0.388346 0.399035 0.397391 0.386955 0.393058 0.395530 0.399000 -9999.0 -9999.0 -9999.0 -9999.0
-9999.0 -9999.0 -9999.0 -9999.0 -9999.0 0.403590 0.399720 0.396656 0.395611 0.404435 0.395881 0.410978 0.395334 0.394501 -9999.0 -9999.0 -9999.0
-9999.0 -9999.0 -9999.0 -9999.0 -9999.0 -9999.0 0.399884 0.398117 0.391461 0.393314 0.393058 0.396302 0.391217 0.399324 0.399895 -9999.0 -9999.0
-9999.0 -9999.0 -9999.0 -9999.0 -9999.0 -9999.0 -9999.0 0.410611 0.398765 0.399840 0.396458 0.392640 0.391552 0.396930 -9999.0 -9999.0 -9999.0
-9999.0 -9999.0 -9999.0 -9999.0 -9999.0 -9999.0 -9999.0 -9999.0 0.411597 0.402941 0.401373 0.400008 0.395644 0.390641 0.419665 -9999.0 -9999.0
-9999.0 -9999.0 -9999.0 -9999.0 -9999.0 -9999.0 -9999.0 -9999.0 -9999.0 -9999.0 -9999.0 -9999.0 -9999.0 -9999.0 -9999.0 -9999.0 -9999.0