tests/3D/WG1_2.0_001/output-maps-SE27XX/thetaliqL0002N0071.asc
ncols         17
nrows         27
xllcorner     624603.750000
yllcorner     5171346.250000
cellsize      500.000000
NODATA_value  -9999.0
-9999.0 -9999.0 -9999.0 -9999.0 -9999.0 -9999.0 -9999.0 -9999.0 -9999.0 -9999.0 -9999.0 -9999.0 -9999.0 -9999.0 -9999.0 -9999.0 -9999.0
-9999.0 -9999.0 -9999.0 -9999.0 -9999.0 -9999.0 -9999.0 -9999.0 -9999.0 -9999.0 -9999.0 0.139453 0.297356 0.291509 -9999.0 -9999.0 -9999.0
-9999.0 -9999.0 -9999.0 -9999.0 -9999.0 -9999.0 -9999.0 -9999.0 -9999.0 0.119289 0.135291 0.138711 0.296897 0.296448 0.292568 -9999.0 -9999.0
-9999.0 -9999.0 -9999.0 -9999.0 -9999.0 -9999.0 -9999.0 -9999.0 0.125466 0.137584 0.136970 0.140898 0.137940 0.285772 0.297099 -9999.0 -9999.0
-9999.0 -9999.0 -9999.0 -9999.0 -9999.0 -9999.0 -9999.0 -9999.0 0.133926 0.138014 0.134097 0.144049 0.300947 0.296027 0.298259 -9999.0 -9999.0
-9999.0 -9999.0 -9999.0 -9999.0 -9999.0 -9999.0 -9999.0 0.131924 0.137381 0.136363 0.155028 0.142291 0.140827 0.296248 0.299389 -9999.0 -9999.0
-9999.0 -9999.0 -9999.0 -9999.0 -9999.0 -9999.0 0.130004 0.135620 0.134126 0.134374 0.131089 0.139341 0.141365 0.140753 0.140212 -9999.0 -9999.0
-9999.0 -9999.0 -9999.0 -9999.0 -9999.0 -9999.0 0.125899 0.134154 0.137442 0.138124 0.129165 0.131552 0.134928 0.139192 0.137701 -9999.0 -9999.0
-9999.0 -9999.0 -9999.0 -9999.0 -9999.0 -9999.0 0.135706 0.135373 0.136456 0.128960 0.136980 0.133342 0.143842 0.140251 0.138204 -9999.0 -9999.0
-9999.0 -9999.0 -9999.0 -9999.0 -9999.0 -9999.0 -9999.0 0.133016 0.135388 0.138714 0.122873 0.133303 0.138697 0.128971 0.137988 -9999.0 -9999.0
-9999.0 -9999.0 -9999.0 -9999.0 -9999.0 -9999.0 0.132249 0.123929 0.134626 0.133807 0.131930 0.134822 0.136733 0.138897 0.140279 0.139583 -9999.0
-9999.0 -9999.0 -9999.0 -9999.0 -9999.0 0.130962 0.126129 0.129265 0.132812 0.131296 0.129680 0.135373 0.133558 0.140250 0.139711 0.139962 -9999.0
-9999.0 -9999.0 -9999.0 0.123802 0.130179 0.132368 0.128492 0.132175 0.131778 0.143811 0.136773 0.131039 0.134756 0.139036 0.138748 0.136607 -9999.0
-9999.0 -9999.0 -9999.0 0.130778 0.130820 0.133575 0.124062 0.132380 0.124912 0.127194 0.127578 0.137811 0.132490 0.136380 0.296678 0.137759 -9999.0
-9999.0 -9999.0 0.129938 0.131465 0.129367 0.133035 0.134074 0.134313 0.140629 0.142723 0.144952 0.136039 0.142901 0.140195 0.131523 0.138761 -9999.0
-9999.0 0.121187 0.122656 0.133052 0.133329 0.121978 0.141584 0.140630 0.141020 0.127872 0.133595 0.137146 0.131261 0.138007 0.138165 -9999.0 -9999.0
-9999.0 0.124317 0.127996 0.131581 0.130667 0.130596 0.128342 0.128194 0.144466 0.134407 0.124206 0.134253 0.134715 0.132733 0.299158 0.294318 -9999.0
-9999.0 0.130254 0.121563 0.128669 0.128337 0.127999 0.127507 0.126558 0.140300 0.125591 0.126519 0.124862 0.137225 0.135564 0.136721 -9999.0 -9999.0
-9999.0 0.125104 0.140887 0.128009 0.130073 0.131443 0.142975 0.144660 0.145912 0.135148 0.135342 0.135941 0.133028 0.129084 -9999.0 -9999.0 -9999.0
-9999.0 -9999.0 0.130356 0.127576 0.137394 0.141523 0.135087 0.137017 0.148243 0.129126 0.135359 0.135822 0.133907 0.136464 -9999.0 -9999.0 -9999.0
-9999.0 -9999.0 0.126418 0.126499 0.138859 0.134740 0.129783 0.133634 0.134513 0.129783 0.132397 0.131411 0.136173 -9999.0 -9999.0 -9999.0 -9999.0
-9999.0 -9999.0 -9999.0 -9999.0 0.134550 0.133537 0.135711 0.124202 0.134690 0.134455 0.130403 0.132375 0.132733 -9999.0 -9999.0 -9999.0 -9999.0
-9999.0 -9999.0 -9999.0 -9999.0 -9999.0 0.134077 0.133048 0.133941 0.126980 0.134442 0.134152 0.135680 0.130419 0.132768 -9999.0 -9999.0 -9999.0
-9999.0 -9999.0 -9999.0 -9999.0 -9999.0 -9999.0 0.133769 0.133399 0.135208 0.135079 0.136025 0.134985 0.134645 0.133457 0.134222 -9999.0 -9999.0
-9999.0 -9999.0 -9999.0 -9999.0 -9999.0 -9999.0 -9999.0 0.131933 0.133567 0.133675 0.135192 0.133326 0.134789 0.123705 -9999.0 -9999.0 -9999.0
-9999.0 -9999.0 -9999.0 -9999.0 -9999.0 -9999.0 -9999.0 -9999.0 0.130182 0.133419 0.134891 0.134371 0.135062 0.136015 0.129696 -9999.0 -9999.0
-9999.0 -9999.0 -9999.0 -9999.0 -9999.0 -9999.0 -9999.0 -9999.0 -9999.0 -9999.0 -9999.0 -9999.0 -9999.0 -9999.0 -9999.0 -9999.0 -9999.0