tests/3D/WG1_2.0_001/output-maps-SE27XX/thetaiceL0002N0052.asc
ncols         17
nrows         27
xllcorner     624603.750000
yllcorner     5171346.250000
cellsize      500.000000
NODATA_value  -9999.0
-9999.0 -9999.0 -9999.0 -9999.0 -9999.0 -9999.0 -9999.0 -9999.0 -9999.0 -9999.0 -9999.0 -9999.0 -9999.0 -9999.0 -9999.0 -9999.0 -9999.0
-9999.0 -9999.0 -9999.0 -9999.0 -9999.0 -9999.0 -9999.0 -9999.0 -9999.0 -9999.0 -9999.0 0.365229 0.135480 0.129084 -9999.0 -9999.0 -9999.0
-9999.0 -9999.0 -9999.0 -9999.0 -9999.0 -9999.0 -9999.0 -9999.0 -9999.0 0.366342 0.359705 0.356470 0.135826 0.131315 0.139053 -9999.0 -9999.0
-9999.0 -9999.0 -9999.0 -9999.0 -9999.0 -9999.0 -9999.0 -9999.0 0.366543 0.361994 0.359792 0.359471 0.358322 0.145351 0.131653 -9999.0 -9999.0
-9999.0 -9999.0 -9999.0 -9999.0 -9999.0 -9999.0 -9999.0 -9999.0 0.361278 0.357956 0.360056 0.352906 0.133006 0.136462 0.132143 -9999.0 -9999.0
-9999.0 -9999.0 -9999.0 -9999.0 -9999.0 -9999.0 -9999.0 0.366116 0.359406 0.358823 0.357772 0.353794 0.355453 0.131222 0.134083 -9999.0 -9999.0
-9999.0 -9999.0 -9999.0 -9999.0 -9999.0 -9999.0 0.374600 0.365162 0.352245 0.367276 0.371617 0.356290 0.354715 0.355226 0.355384 -9999.0 -9999.0
-9999.0 -9999.0 -9999.0 -9999.0 -9999.0 -9999.0 0.361584 0.370230 0.358085 0.362265 0.367054 0.371501 0.361145 0.358548 0.364160 -9999.0 -9999.0
-9999.0 -9999.0 -9999.0 -9999.0 -9999.0 -9999.0 0.350118 0.352196 0.363180 0.361848 0.362084 0.360236 0.356599 0.358988 0.355073 -9999.0 -9999.0
-9999.0 -9999.0 -9999.0 -9999.0 -9999.0 -9999.0 -9999.0 0.366512 0.368295 0.356529 0.371478 0.371345 0.359846 0.305354 0.360789 -9999.0 -9999.0
-9999.0 -9999.0 -9999.0 -9999.0 -9999.0 -9999.0 0.361746 0.359722 0.360116 0.366756 0.368317 0.368316 0.358158 0.357139 0.354909 0.360085 -9999.0
-9999.0 -9999.0 -9999.0 -9999.0 -9999.0 0.363361 0.364192 0.364740 0.358253 0.365597 0.359924 0.364164 0.363934 0.360031 0.356734 0.361456 -9999.0
-9999.0 -9999.0 -9999.0 0.352699 0.370384 0.327434 0.363739 0.355280 0.350638 0.349905 0.355853 0.366553 0.363635 0.360664 0.358226 0.358018 -9999.0
-9999.0 -9999.0 -9999.0 0.360260 0.322411 0.356181 0.352542 0.349810 0.352624 0.342194 0.324500 0.350605 0.194033 0.356296 0.132139 0.358792 -9999.0
-9999.0 -9999.0 0.355813 0.353285 0.359137 0.366972 0.355901 0.341142 0.334270 0.340598 0.348252 0.359092 0.354786 0.357489 0.372932 0.352173 -9999.0
-9999.0 0.336381 0.340069 0.368694 0.365312 0.341362 0.346011 0.325282 0.317314 0.307425 0.351161 0.355070 0.370476 0.357439 0.356089 -9999.0 -9999.0
-9999.0 0.328529 0.350231 0.304215 0.292513 0.315882 0.266394 0.274857 0.317277 0.288773 0.353392 0.357177 0.356763 0.372013 0.132619 0.137755 -9999.0
-9999.0 0.320324 0.328872 0.264755 0.256900 0.226561 0.174215 0.345663 0.305851 0.331000 0.339068 0.356318 0.352292 0.357998 0.358654 -9999.0 -9999.0
-9999.0 0.311193 0.329745 0.248774 0.332712 0.207731 0.329487 0.332008 0.341462 0.348222 0.356225 0.357211 0.367490 0.365479 -9999.0 -9999.0 -9999.0
-9999.0 -9999.0 0.250636 0.278225 0.278125 0.332499 0.336462 0.339460 0.344834 0.360134 0.350304 0.354578 0.360471 0.350872 -9999.0 -9999.0 -9999.0
-9999.0 -9999.0 0.277033 0.193151 0.315417 0.343853 0.344676 0.363554 0.357690 0.348975 0.367887 0.342789 0.352484 -9999.0 -9999.0 -9999.0 -9999.0
-9999.0 -9999.0 -9999.0 -9999.0 0.341747 0.361362 0.364617 0.341730 0.366647 0.360084 0.368452 0.356754 0.368665 -9999.0 -9999.0 -9999.0 -9999.0
-9999.0 -9999.0 -9999.0 -9999.0 -9999.0 0.360614 0.356710 0.356570 0.347589 0.357275 0.369676 0.335905 0.356598 0.364401 -9999.0 -9999.0 -9999.0
-9999.0 -9999.0 -9999.0 -9999.0 -9999.0 -9999.0 0.351186 0.353941 0.371014 0.362496 0.361757 0.365532 0.369178 0.371800 0.373051 -9999.0 -9999.0
-9999.0 -9999.0 -9999.0 -9999.0 -9999.0 -9999.0 -9999.0 0.353129 0.370881 0.369566 0.354926 0.370636 0.371522 0.365609 -9999.0 -9999.0 -9999.0
-9999.0 -9999.0 -9999.0 -9999.0 -9999.0 -9999.0 -9999.0 -9999.0 0.372304 0.371234 0.352056 0.351283 0.352745 0.350860 0.366669 -9999.0 -9999.0
-9999.0 -9999.0 -9999.0 -9999.0 -9999.0 -9999.0 -9999.0 -9999.0 -9999.0 -9999.0 -9999.0 -9999.0 -9999.0 -9999.0 -9999.0 -9999.0 -9999.0