tests/3D/WG1_2.0_001/output-maps-SE27XX/thetaliqL0005N0077.asc
ncols         17
nrows         27
xllcorner     624603.750000
yllcorner     5171346.250000
cellsize      500.000000
NODATA_value  -9999.0
-9999.0 -9999.0 -9999.0 -9999.0 -9999.0 -9999.0 -9999.0 -9999.0 -9999.0 -9999.0 -9999.0 -9999.0 -9999.0 -9999.0 -9999.0 -9999.0 -9999.0
-9999.0 -9999.0 -9999.0 -9999.0 -9999.0 -9999.0 -9999.0 -9999.0 -9999.0 -9999.0 -9999.0 0.356840 0.395810 0.382264 -9999.0 -9999.0 -9999.0
-9999.0 -9999.0 -9999.0 -9999.0 -9999.0 -9999.0 -9999.0 -9999.0 -9999.0 0.374575 0.374116 0.363578 0.396593 0.387298 0.403035 -9999.0 -9999.0
-9999.0 -9999.0 -9999.0 -9999.0 -9999.0 -9999.0 -9999.0 -9999.0 0.374432 0.363303 0.385139 0.365206 0.367014 0.422902 0.387318 -9999.0 -9999.0
-9999.0 -9999.0 -9999.0 -9999.0 -9999.0 -9999.0 -9999.0 -9999.0 0.369069 0.364004 0.390579 0.369723 0.394046 0.398016 0.389083 -9999.0 -9999.0
-9999.0 -9999.0 -9999.0 -9999.0 -9999.0 -9999.0 -9999.0 0.364235 0.366902 0.386583 0.373796 0.367796 0.365504 0.387141 0.393386 -9999.0 -9999.0
-9999.0 -9999.0 -9999.0 -9999.0 -9999.0 -9999.0 0.368669 0.357582 0.384135 0.367833 0.388073 0.373812 0.362916 0.362148 0.360795 -9999.0 -9999.0
-9999.0 -9999.0 -9999.0 -9999.0 -9999.0 -9999.0 0.370368 0.360628 0.368096 0.367982 0.372050 0.386312 0.381432 0.369207 0.384984 -9999.0 -9999.0
-9999.0 -9999.0 -9999.0 -9999.0 -9999.0 -9999.0 0.357479 0.362644 0.362933 0.384737 0.361916 0.368946 0.369816 0.364577 0.378130 -9999.0 -9999.0
-9999.0 -9999.0 -9999.0 -9999.0 -9999.0 -9999.0 -9999.0 0.354668 0.365153 0.382040 0.369208 0.370366 0.366922 0.402210 0.371739 -9999.0 -9999.0
-9999.0 -9999.0 -9999.0 -9999.0 -9999.0 -9999.0 0.357083 0.372178 0.361938 0.361307 0.366578 0.367304 0.375158 0.372316 0.362549 0.363226 -9999.0
-9999.0 -9999.0 -9999.0 -9999.0 -9999.0 0.359419 0.364668 0.366611 0.358548 0.365573 0.366504 0.366308 0.379570 0.370573 0.365254 0.357835 -9999.0
-9999.0 -9999.0 -9999.0 0.366945 0.375319 0.375463 0.364896 0.357782 0.366119 0.368174 0.364144 0.370546 0.378915 0.354665 0.360300 0.369221 -9999.0
-9999.0 -9999.0 -9999.0 0.358804 0.374760 0.357707 0.366549 0.365441 0.366506 0.377198 0.373986 0.369032 0.402055 0.373089 0.386939 0.363029 -9999.0
-9999.0 -9999.0 0.357917 0.362704 0.359927 0.371195 0.360354 0.365897 0.373297 0.370248 0.371959 0.369901 0.379510 0.377577 0.381661 0.358175 -9999.0
-9999.0 0.358559 0.362473 0.355668 0.364834 0.365633 0.361732 0.368927 0.374484 0.384169 0.374251 0.360020 0.385117 0.356733 0.348859 -9999.0 -9999.0
-9999.0 0.362465 0.358301 0.369489 0.374242 0.369897 0.377951 0.381802 0.373473 0.376333 0.380548 0.367143 0.365112 0.366549 0.389535 0.399799 -9999.0
-9999.0 0.364492 0.372196 0.373541 0.378570 0.376201 0.381662 0.374811 0.378837 0.379308 0.370294 0.362393 0.354054 0.354793 0.346938 -9999.0 -9999.0
-9999.0 0.370746 0.364524 0.377845 0.371962 0.377901 0.378482 0.381258 0.379840 0.371161 0.360643 0.367308 0.367326 0.362223 -9999.0 -9999.0 -9999.0
-9999.0 -9999.0 0.378597 0.375640 0.382573 0.381877 0.383946 0.379547 0.367657 0.371487 0.359590 0.359986 0.360369 0.359466 -9999.0 -9999.0 -9999.0
-9999.0 -9999.0 0.375274 0.372452 0.383600 0.373784 0.379364 0.370436 0.367164 0.367670 0.367071 0.374513 0.351483 -9999.0 -9999.0 -9999.0 -9999.0
-9999.0 -9999.0 -9999.0 -9999.0 0.368909 0.362059 0.352690 0.364981 0.364128 0.360064 0.360596 0.366706 0.360791 -9999.0 -9999.0 -9999.0 -9999.0
-9999.0 -9999.0 -9999.0 -9999.0 -9999.0 0.359297 0.354058 0.348644 0.362523 0.362522 0.363962 0.387083 0.372105 0.362912 -9999.0 -9999.0 -9999.0
-9999.0 -9999.0 -9999.0 -9999.0 -9999.0 -9999.0 0.349877 0.349465 0.353394 0.353456 0.356517 0.358640 0.357429 0.361525 0.357320 -9999.0 -9999.0
-9999.0 -9999.0 -9999.0 -9999.0 -9999.0 -9999.0 -9999.0 0.357735 0.358664 0.362023 0.355792 0.356096 0.351772 0.362360 -9999.0 -9999.0 -9999.0
-9999.0 -9999.0 -9999.0 -9999.0 -9999.0 -9999.0 -9999.0 -9999.0 0.364723 0.360172 0.357303 0.358198 0.352461 0.349389 0.369231 -9999.0 -9999.0
-9999.0 -9999.0 -9999.0 -9999.0 -9999.0 -9999.0 -9999.0 -9999.0 -9999.0 -9999.0 -9999.0 -9999.0 -9999.0 -9999.0 -9999.0 -9999.0 -9999.0