tests/3D/WG1_2.0_001/output-maps-SE27XX/thetaliqL0001N0029.asc
ncols         17
nrows         27
xllcorner     624603.750000
yllcorner     5171346.250000
cellsize      500.000000
NODATA_value  -9999.0
-9999.0 -9999.0 -9999.0 -9999.0 -9999.0 -9999.0 -9999.0 -9999.0 -9999.0 -9999.0 -9999.0 -9999.0 -9999.0 -9999.0 -9999.0 -9999.0 -9999.0
-9999.0 -9999.0 -9999.0 -9999.0 -9999.0 -9999.0 -9999.0 -9999.0 -9999.0 -9999.0 -9999.0 0.124002 0.219476 0.218682 -9999.0 -9999.0 -9999.0
-9999.0 -9999.0 -9999.0 -9999.0 -9999.0 -9999.0 -9999.0 -9999.0 -9999.0 0.240979 0.317866 0.306024 0.219506 0.218969 0.219907 -9999.0 -9999.0
-9999.0 -9999.0 -9999.0 -9999.0 -9999.0 -9999.0 -9999.0 -9999.0 0.315289 0.203633 0.337499 0.125585 0.129736 0.220653 0.219012 -9999.0 -9999.0
-9999.0 -9999.0 -9999.0 -9999.0 -9999.0 -9999.0 -9999.0 -9999.0 0.280790 0.308914 0.362164 0.304464 0.219179 0.219575 0.219070 -9999.0 -9999.0
-9999.0 -9999.0 -9999.0 -9999.0 -9999.0 -9999.0 -9999.0 0.295842 0.296362 0.326462 0.294962 0.312955 0.142972 0.218957 0.219313 -9999.0 -9999.0
-9999.0 -9999.0 -9999.0 -9999.0 -9999.0 -9999.0 0.269924 0.298763 0.332226 0.148961 0.135720 0.128823 0.127345 0.274596 0.232727 -9999.0 -9999.0
-9999.0 -9999.0 -9999.0 -9999.0 -9999.0 -9999.0 0.311907 0.310636 0.129022 0.130093 0.177359 0.136382 0.328798 0.289443 0.129377 -9999.0 -9999.0
-9999.0 -9999.0 -9999.0 -9999.0 -9999.0 -9999.0 0.126615 0.127275 0.248156 0.314109 0.175505 0.273456 0.332614 0.127820 0.128475 -9999.0 -9999.0
-9999.0 -9999.0 -9999.0 -9999.0 -9999.0 -9999.0 -9999.0 0.250176 0.235820 0.322974 0.203812 0.224186 0.133684 0.360185 0.291295 -9999.0 -9999.0
-9999.0 -9999.0 -9999.0 -9999.0 -9999.0 -9999.0 0.268163 0.315885 0.268606 0.276564 0.203307 0.161944 0.130445 0.336461 0.268722 0.125986 -9999.0
-9999.0 -9999.0 -9999.0 -9999.0 -9999.0 0.254161 0.300495 0.308076 0.246496 0.274979 0.252249 0.167420 0.188991 0.301455 0.127841 0.129426 -9999.0
-9999.0 -9999.0 -9999.0 0.305427 0.131424 0.320310 0.300040 0.243617 0.277175 0.281974 0.204629 0.180948 0.141877 0.151714 0.313782 0.329769 -9999.0
-9999.0 -9999.0 -9999.0 0.284831 0.319055 0.267233 0.249180 0.278469 0.266966 0.281208 0.282077 0.266737 0.329796 0.331411 0.219143 0.322646 -9999.0
-9999.0 -9999.0 0.280566 0.278145 0.302016 0.173211 0.247852 0.280121 0.301245 0.266250 0.283620 0.139489 0.319776 0.321989 0.260267 0.127038 -9999.0
-9999.0 0.277199 0.272827 0.253953 0.135263 0.265880 0.280663 0.307276 0.298887 0.301096 0.236705 0.171994 0.157443 0.127993 0.126046 -9999.0 -9999.0
-9999.0 0.287465 0.237290 0.300101 0.305715 0.300528 0.316873 0.322544 0.305669 0.310445 0.272059 0.131751 0.128129 0.306098 0.219114 0.219718 -9999.0
-9999.0 0.294366 0.287008 0.308548 0.309965 0.295977 0.301689 0.269446 0.314309 0.297062 0.281918 0.242468 0.126602 0.125330 0.170681 -9999.0 -9999.0
-9999.0 0.301076 0.305294 0.303911 0.302942 0.300000 0.314882 0.315091 0.301880 0.242551 0.133237 0.294019 0.294914 0.298668 -9999.0 -9999.0 -9999.0
-9999.0 -9999.0 0.313387 0.304142 0.317812 0.315912 0.306041 0.305759 0.294695 0.241537 0.265792 0.128496 0.263736 0.128253 -9999.0 -9999.0 -9999.0
-9999.0 -9999.0 0.309672 0.298086 0.321382 0.288749 0.283016 0.135447 0.132130 0.251373 0.208714 0.323922 0.127520 -9999.0 -9999.0 -9999.0 -9999.0
-9999.0 -9999.0 -9999.0 -9999.0 0.288298 0.142864 0.168471 0.266231 0.156609 0.238809 0.262544 0.284272 0.302429 -9999.0 -9999.0 -9999.0 -9999.0
-9999.0 -9999.0 -9999.0 -9999.0 -9999.0 0.130524 0.132490 0.129355 0.253138 0.126338 0.221439 0.330064 0.317354 0.291777 -9999.0 -9999.0 -9999.0
-9999.0 -9999.0 -9999.0 -9999.0 -9999.0 -9999.0 0.126235 0.127386 0.224166 0.131692 0.131563 0.134694 0.323683 0.296526 0.205636 -9999.0 -9999.0
-9999.0 -9999.0 -9999.0 -9999.0 -9999.0 -9999.0 -9999.0 0.122265 0.248901 0.331660 0.129010 0.161459 0.165784 0.303341 -9999.0 -9999.0 -9999.0
-9999.0 -9999.0 -9999.0 -9999.0 -9999.0 -9999.0 -9999.0 -9999.0 0.259299 0.180907 0.127093 0.127415 0.126607 0.126145 0.130703 -9999.0 -9999.0
-9999.0 -9999.0 -9999.0 -9999.0 -9999.0 -9999.0 -9999.0 -9999.0 -9999.0 -9999.0 -9999.0 -9999.0 -9999.0 -9999.0 -9999.0 -9999.0 -9999.0