tests/3D/WG1_2.0_001/output-maps-SE27XX/thetaliqL0003N0011.asc
ncols         17
nrows         27
xllcorner     624603.750000
yllcorner     5171346.250000
cellsize      500.000000
NODATA_value  -9999.0
-9999.0 -9999.0 -9999.0 -9999.0 -9999.0 -9999.0 -9999.0 -9999.0 -9999.0 -9999.0 -9999.0 -9999.0 -9999.0 -9999.0 -9999.0 -9999.0 -9999.0
-9999.0 -9999.0 -9999.0 -9999.0 -9999.0 -9999.0 -9999.0 -9999.0 -9999.0 -9999.0 -9999.0 0.301914 0.323147 0.310309 -9999.0 -9999.0 -9999.0
-9999.0 -9999.0 -9999.0 -9999.0 -9999.0 -9999.0 -9999.0 -9999.0 -9999.0 0.301857 0.312656 0.301532 0.323677 0.314470 0.332235 -9999.0 -9999.0
-9999.0 -9999.0 -9999.0 -9999.0 -9999.0 -9999.0 -9999.0 -9999.0 0.312821 0.309981 0.316520 0.310089 0.307060 0.355116 0.315148 -9999.0 -9999.0
-9999.0 -9999.0 -9999.0 -9999.0 -9999.0 -9999.0 -9999.0 -9999.0 0.311213 0.307471 0.334005 0.308009 0.317807 0.324989 0.316040 -9999.0 -9999.0
-9999.0 -9999.0 -9999.0 -9999.0 -9999.0 -9999.0 -9999.0 0.307962 0.309982 0.316822 0.309279 0.307466 0.312266 0.314287 0.320186 -9999.0 -9999.0
-9999.0 -9999.0 -9999.0 -9999.0 -9999.0 -9999.0 0.312854 0.304779 0.313967 0.294296 0.342199 0.317830 0.311119 0.308657 0.307701 -9999.0 -9999.0
-9999.0 -9999.0 -9999.0 -9999.0 -9999.0 -9999.0 0.309943 0.310047 0.314142 0.295230 0.303335 0.341908 0.317082 0.311559 0.334866 -9999.0 -9999.0
-9999.0 -9999.0 -9999.0 -9999.0 -9999.0 -9999.0 0.302880 0.313327 0.310051 0.325190 0.289808 0.295043 0.307965 0.313603 0.326312 -9999.0 -9999.0
-9999.0 -9999.0 -9999.0 -9999.0 -9999.0 -9999.0 -9999.0 0.303924 0.314052 0.314953 0.302154 0.302977 0.311851 0.337562 0.311249 -9999.0 -9999.0
-9999.0 -9999.0 -9999.0 -9999.0 -9999.0 -9999.0 0.304943 0.310957 0.307033 0.297198 0.299848 0.299836 0.320879 0.312239 0.308578 0.313276 -9999.0
-9999.0 -9999.0 -9999.0 -9999.0 -9999.0 0.305749 0.307899 0.307513 0.294297 0.305073 0.299681 0.300509 0.327582 0.308545 0.312203 0.307946 -9999.0
-9999.0 -9999.0 -9999.0 0.305218 0.330024 0.311602 0.308703 0.295979 0.300314 0.298977 0.300277 0.305801 0.327166 0.290744 0.306075 0.312038 -9999.0
-9999.0 -9999.0 -9999.0 0.303477 0.313693 0.301819 0.310014 0.299469 0.306693 0.314486 0.307098 0.298922 0.318656 0.314541 0.313692 0.308476 -9999.0
-9999.0 -9999.0 0.303870 0.304768 0.303280 0.320196 0.299956 0.301512 0.305727 0.302794 0.303023 0.299896 0.309477 0.311548 0.331958 0.311094 -9999.0
-9999.0 0.301608 0.303501 0.297669 0.310192 0.308161 0.298394 0.301669 0.306347 0.322030 0.313056 0.297984 0.341491 0.306556 0.303367 -9999.0 -9999.0
-9999.0 0.303054 0.302737 0.305016 0.308308 0.307466 0.312816 0.315039 0.303460 0.311367 0.322761 0.321434 0.320427 0.318252 0.316544 0.327870 -9999.0
-9999.0 0.301124 0.315333 0.310155 0.311156 0.304930 0.311791 0.314633 0.309808 0.319371 0.309643 0.304788 0.308694 0.310679 0.297457 -9999.0 -9999.0
-9999.0 0.308316 0.301513 0.308991 0.310869 0.311510 0.309965 0.314400 0.313638 0.309876 0.301188 0.306921 0.314628 0.308265 -9999.0 -9999.0 -9999.0
-9999.0 -9999.0 0.314902 0.319021 0.321880 0.318086 0.321534 0.316887 0.302611 0.316161 0.296052 0.313642 0.304767 0.309575 -9999.0 -9999.0 -9999.0
-9999.0 -9999.0 0.310386 0.315037 0.322543 0.313936 0.324970 0.318213 0.309038 0.307857 0.312237 0.309987 0.305286 -9999.0 -9999.0 -9999.0 -9999.0
-9999.0 -9999.0 -9999.0 -9999.0 0.309528 0.309059 0.298977 0.309934 0.303970 0.299042 0.303846 0.308616 0.310782 -9999.0 -9999.0 -9999.0 -9999.0
-9999.0 -9999.0 -9999.0 -9999.0 -9999.0 0.309100 0.311249 0.296227 0.299651 0.300882 0.300502 0.321543 0.307844 0.306727 -9999.0 -9999.0 -9999.0
-9999.0 -9999.0 -9999.0 -9999.0 -9999.0 -9999.0 0.309382 0.308222 0.304539 0.293464 0.294813 0.297705 0.304938 0.310410 0.309460 -9999.0 -9999.0
-9999.0 -9999.0 -9999.0 -9999.0 -9999.0 -9999.0 -9999.0 0.311375 0.310048 0.310418 0.308936 0.293535 0.289640 0.307906 -9999.0 -9999.0 -9999.0
-9999.0 -9999.0 -9999.0 -9999.0 -9999.0 -9999.0 -9999.0 -9999.0 0.312856 0.312079 0.311242 0.310646 0.307132 0.301117 0.313425 -9999.0 -9999.0
-9999.0 -9999.0 -9999.0 -9999.0 -9999.0 -9999.0 -9999.0 -9999.0 -9999.0 -9999.0 -9999.0 -9999.0 -9999.0 -9999.0 -9999.0 -9999.0 -9999.0