tests/3D/WG1_2.0_001/output-maps-SE27XX/thetaiceL0002N0075.asc
ncols         17
nrows         27
xllcorner     624603.750000
yllcorner     5171346.250000
cellsize      500.000000
NODATA_value  -9999.0
-9999.0 -9999.0 -9999.0 -9999.0 -9999.0 -9999.0 -9999.0 -9999.0 -9999.0 -9999.0 -9999.0 -9999.0 -9999.0 -9999.0 -9999.0 -9999.0 -9999.0
-9999.0 -9999.0 -9999.0 -9999.0 -9999.0 -9999.0 -9999.0 -9999.0 -9999.0 -9999.0 -9999.0 0.366941 0.216329 0.206425 -9999.0 -9999.0 -9999.0
-9999.0 -9999.0 -9999.0 -9999.0 -9999.0 -9999.0 -9999.0 -9999.0 -9999.0 0.383041 0.373324 0.368620 0.216762 0.210223 0.220829 -9999.0 -9999.0
-9999.0 -9999.0 -9999.0 -9999.0 -9999.0 -9999.0 -9999.0 -9999.0 0.382709 0.369146 0.382459 0.365840 0.358002 0.227039 0.210744 -9999.0 -9999.0
-9999.0 -9999.0 -9999.0 -9999.0 -9999.0 -9999.0 -9999.0 -9999.0 0.376522 0.369766 0.374252 0.365210 0.212910 0.217582 0.211511 -9999.0 -9999.0
-9999.0 -9999.0 -9999.0 -9999.0 -9999.0 -9999.0 -9999.0 0.377610 0.369871 0.379397 0.361420 0.367589 0.365842 0.210075 0.214413 -9999.0 -9999.0
-9999.0 -9999.0 -9999.0 -9999.0 -9999.0 -9999.0 0.378497 0.371698 0.380862 0.374842 0.376450 0.367445 0.365558 0.369112 0.367654 -9999.0 -9999.0
-9999.0 -9999.0 -9999.0 -9999.0 -9999.0 -9999.0 0.384226 0.372704 0.366817 0.368828 0.378304 0.375954 0.383684 0.370105 0.369263 -9999.0 -9999.0
-9999.0 -9999.0 -9999.0 -9999.0 -9999.0 -9999.0 0.354065 0.356427 0.370922 0.380390 0.372243 0.377240 0.370040 0.366480 0.361154 -9999.0 -9999.0
-9999.0 -9999.0 -9999.0 -9999.0 -9999.0 -9999.0 -9999.0 0.375839 0.372184 0.376892 0.385679 0.375666 0.368684 0.385275 0.372520 -9999.0 -9999.0
-9999.0 -9999.0 -9999.0 -9999.0 -9999.0 -9999.0 0.375958 0.385347 0.374016 0.374278 0.379084 0.374930 0.370260 0.369957 0.368476 0.367058 -9999.0
-9999.0 -9999.0 -9999.0 -9999.0 -9999.0 0.371487 0.384250 0.380495 0.377232 0.376836 0.382231 0.372567 0.373918 0.374688 0.363705 0.366765 -9999.0
-9999.0 -9999.0 -9999.0 0.383353 0.375475 0.385902 0.380773 0.376650 0.381497 0.372160 0.372330 0.378956 0.373549 0.367393 0.371195 0.370931 -9999.0
-9999.0 -9999.0 -9999.0 0.375209 0.385758 0.374566 0.381908 0.380374 0.385011 0.384872 0.384172 0.373827 0.379785 0.372221 0.211223 0.369864 -9999.0
-9999.0 -9999.0 0.369011 0.371855 0.380148 0.375160 0.374071 0.380166 0.375194 0.374132 0.369180 0.372720 0.371066 0.379033 0.375142 0.356524 -9999.0
-9999.0 0.381415 0.381331 0.374103 0.373520 0.383669 0.372667 0.371051 0.371021 0.384424 0.374912 0.371187 0.376564 0.361824 0.358352 -9999.0 -9999.0
-9999.0 0.384881 0.375981 0.384707 0.384529 0.384602 0.381757 0.380612 0.366853 0.384603 0.383860 0.364508 0.359579 0.375632 0.212220 0.219190 -9999.0
-9999.0 0.382276 0.384325 0.383453 0.380354 0.379447 0.378884 0.383894 0.369515 0.383070 0.383984 0.378038 0.356714 0.362502 0.362811 -9999.0 -9999.0
-9999.0 0.384408 0.369952 0.380342 0.384169 0.378563 0.367815 0.369719 0.371069 0.373800 0.366212 0.373406 0.375675 0.379486 -9999.0 -9999.0 -9999.0
-9999.0 -9999.0 0.379593 0.381625 0.371538 0.373418 0.377393 0.376290 0.367523 0.379158 0.373428 0.359125 0.374308 0.353721 -9999.0 -9999.0 -9999.0
-9999.0 -9999.0 0.383318 0.382898 0.377195 0.375099 0.375181 0.374934 0.373956 0.379259 0.376049 0.385562 0.357231 -9999.0 -9999.0 -9999.0 -9999.0
-9999.0 -9999.0 -9999.0 -9999.0 0.369865 0.374651 0.372828 0.379583 0.373044 0.373517 0.378931 0.377239 0.374511 -9999.0 -9999.0 -9999.0 -9999.0
-9999.0 -9999.0 -9999.0 -9999.0 -9999.0 0.368769 0.362668 0.362635 0.371936 0.368603 0.373239 0.383328 0.384035 0.376254 -9999.0 -9999.0 -9999.0
-9999.0 -9999.0 -9999.0 -9999.0 -9999.0 -9999.0 0.354554 0.358600 0.372714 0.368134 0.367756 0.370704 0.372699 0.373610 0.373057 -9999.0 -9999.0
-9999.0 -9999.0 -9999.0 -9999.0 -9999.0 -9999.0 -9999.0 0.355753 0.373644 0.373692 0.359298 0.374154 0.372545 0.382004 -9999.0 -9999.0 -9999.0
-9999.0 -9999.0 -9999.0 -9999.0 -9999.0 -9999.0 -9999.0 -9999.0 0.376403 0.374241 0.354884 0.354422 0.356197 0.354888 0.372475 -9999.0 -9999.0
-9999.0 -9999.0 -9999.0 -9999.0 -9999.0 -9999.0 -9999.0 -9999.0 -9999.0 -9999.0 -9999.0 -9999.0 -9999.0 -9999.0 -9999.0 -9999.0 -9999.0