tests/3D/WG1_2.0_001/output-maps-SE27XX/thetaliqL0001N0004.asc
ncols         17
nrows         27
xllcorner     624603.750000
yllcorner     5171346.250000
cellsize      500.000000
NODATA_value  -9999.0
-9999.0 -9999.0 -9999.0 -9999.0 -9999.0 -9999.0 -9999.0 -9999.0 -9999.0 -9999.0 -9999.0 -9999.0 -9999.0 -9999.0 -9999.0 -9999.0 -9999.0
-9999.0 -9999.0 -9999.0 -9999.0 -9999.0 -9999.0 -9999.0 -9999.0 -9999.0 -9999.0 -9999.0 0.298223 0.302177 0.302097 -9999.0 -9999.0 -9999.0
-9999.0 -9999.0 -9999.0 -9999.0 -9999.0 -9999.0 -9999.0 -9999.0 -9999.0 0.297880 0.298385 0.297882 0.302731 0.302068 0.301856 -9999.0 -9999.0
-9999.0 -9999.0 -9999.0 -9999.0 -9999.0 -9999.0 -9999.0 -9999.0 0.298227 0.298631 0.297752 0.299024 0.300101 0.302760 0.302135 -9999.0 -9999.0
-9999.0 -9999.0 -9999.0 -9999.0 -9999.0 -9999.0 -9999.0 -9999.0 0.298424 0.298526 0.298817 0.298398 0.303139 0.302578 0.302130 -9999.0 -9999.0
-9999.0 -9999.0 -9999.0 -9999.0 -9999.0 -9999.0 -9999.0 0.298499 0.299026 0.298113 0.297914 0.297955 0.299352 0.302078 0.301652 -9999.0 -9999.0
-9999.0 -9999.0 -9999.0 -9999.0 -9999.0 -9999.0 0.299494 0.299571 0.298686 0.298928 0.298532 0.300269 0.300430 0.297356 0.297135 -9999.0 -9999.0
-9999.0 -9999.0 -9999.0 -9999.0 -9999.0 -9999.0 0.299178 0.300165 0.301287 0.298475 0.298023 0.300487 0.298581 0.297572 0.298673 -9999.0 -9999.0
-9999.0 -9999.0 -9999.0 -9999.0 -9999.0 -9999.0 0.300291 0.300775 0.300913 0.298775 0.297589 0.298014 0.298975 0.299803 0.298622 -9999.0 -9999.0
-9999.0 -9999.0 -9999.0 -9999.0 -9999.0 -9999.0 -9999.0 0.300434 0.300983 0.299107 0.297859 0.298191 0.301062 0.298460 0.297506 -9999.0 -9999.0
-9999.0 -9999.0 -9999.0 -9999.0 -9999.0 -9999.0 0.299750 0.299729 0.300746 0.299652 0.298379 0.298282 0.301609 0.299394 0.297629 0.297594 -9999.0
-9999.0 -9999.0 -9999.0 -9999.0 -9999.0 0.300198 0.300078 0.300710 0.301114 0.300021 0.298292 0.298866 0.301379 0.299017 0.299125 0.297816 -9999.0
-9999.0 -9999.0 -9999.0 0.300182 0.300868 0.300410 0.301466 0.302019 0.301229 0.299690 0.298812 0.299205 0.302648 0.302272 0.298422 0.298124 -9999.0
-9999.0 -9999.0 -9999.0 0.300797 0.301076 0.301745 0.302788 0.302330 0.301069 0.298800 0.298438 0.300087 0.301048 0.302460 0.302942 0.298389 -9999.0
-9999.0 -9999.0 0.301403 0.301990 0.302590 0.304100 0.303598 0.301896 0.300151 0.298334 0.300000 0.302436 0.301916 0.301379 0.300384 0.299805 -9999.0
-9999.0 0.301732 0.301782 0.303671 0.305260 0.303885 0.302804 0.301341 0.299412 0.299153 0.301849 0.304430 0.304087 0.303402 0.301981 -9999.0 -9999.0
-9999.0 0.302721 0.303801 0.304730 0.304490 0.303393 0.301737 0.299996 0.299739 0.300983 0.303005 0.304864 0.303844 0.301319 0.301948 0.301532 -9999.0
-9999.0 0.303442 0.304171 0.304276 0.302828 0.301067 0.299732 0.299566 0.300870 0.303214 0.303397 0.302738 0.302571 0.301124 0.300491 -9999.0 -9999.0
-9999.0 0.303248 0.304478 0.302205 0.299956 0.299961 0.300888 0.300602 0.302111 0.304005 0.304344 0.302447 0.301183 0.300282 -9999.0 -9999.0 -9999.0
-9999.0 -9999.0 0.301900 0.300470 0.301545 0.301816 0.302865 0.302782 0.302475 0.302320 0.302310 0.302614 0.300311 0.300492 -9999.0 -9999.0 -9999.0
-9999.0 -9999.0 0.301532 0.300627 0.303898 0.305489 0.304939 0.303908 0.302007 0.300904 0.301945 0.300995 0.301291 -9999.0 -9999.0 -9999.0 -9999.0
-9999.0 -9999.0 -9999.0 -9999.0 0.306423 0.306356 0.305274 0.303237 0.302228 0.300727 0.300898 0.301268 0.300919 -9999.0 -9999.0 -9999.0 -9999.0
-9999.0 -9999.0 -9999.0 -9999.0 -9999.0 0.305281 0.303804 0.303857 0.302539 0.301667 0.300427 0.300843 0.300488 0.300301 -9999.0 -9999.0 -9999.0
-9999.0 -9999.0 -9999.0 -9999.0 -9999.0 -9999.0 0.302959 0.302526 0.302926 0.302383 0.301054 0.300703 0.300836 0.300304 0.300111 -9999.0 -9999.0
-9999.0 -9999.0 -9999.0 -9999.0 -9999.0 -9999.0 -9999.0 0.302236 0.301556 0.301622 0.301202 0.300238 0.300696 0.300364 -9999.0 -9999.0 -9999.0
-9999.0 -9999.0 -9999.0 -9999.0 -9999.0 -9999.0 -9999.0 -9999.0 0.301375 0.301353 0.300634 0.300880 0.300736 0.300512 0.300120 -9999.0 -9999.0
-9999.0 -9999.0 -9999.0 -9999.0 -9999.0 -9999.0 -9999.0 -9999.0 -9999.0 -9999.0 -9999.0 -9999.0 -9999.0 -9999.0 -9999.0 -9999.0 -9999.0