tests/3D/WG1_2.0_001/output-maps-SE27XX/thetaliqL0003N0028.asc
ncols         17
nrows         27
xllcorner     624603.750000
yllcorner     5171346.250000
cellsize      500.000000
NODATA_value  -9999.0
-9999.0 -9999.0 -9999.0 -9999.0 -9999.0 -9999.0 -9999.0 -9999.0 -9999.0 -9999.0 -9999.0 -9999.0 -9999.0 -9999.0 -9999.0 -9999.0 -9999.0
-9999.0 -9999.0 -9999.0 -9999.0 -9999.0 -9999.0 -9999.0 -9999.0 -9999.0 -9999.0 -9999.0 0.177055 0.316521 0.302980 -9999.0 -9999.0 -9999.0
-9999.0 -9999.0 -9999.0 -9999.0 -9999.0 -9999.0 -9999.0 -9999.0 -9999.0 0.260133 0.266083 0.220961 0.317098 0.307374 0.326112 -9999.0 -9999.0
-9999.0 -9999.0 -9999.0 -9999.0 -9999.0 -9999.0 -9999.0 -9999.0 0.342759 0.204583 0.356806 0.197770 0.193303 0.348513 0.308076 -9999.0 -9999.0
-9999.0 -9999.0 -9999.0 -9999.0 -9999.0 -9999.0 -9999.0 -9999.0 0.316392 0.228883 0.310406 0.224803 0.310948 0.318500 0.309030 -9999.0 -9999.0
-9999.0 -9999.0 -9999.0 -9999.0 -9999.0 -9999.0 -9999.0 0.328522 0.225366 0.348908 0.319695 0.227622 0.203910 0.307183 0.313386 -9999.0 -9999.0
-9999.0 -9999.0 -9999.0 -9999.0 -9999.0 -9999.0 0.297917 0.217912 0.352061 0.233505 0.257794 0.215800 0.201761 0.223781 0.205578 -9999.0 -9999.0
-9999.0 -9999.0 -9999.0 -9999.0 -9999.0 -9999.0 0.337580 0.237057 0.204547 0.214112 0.247577 0.257022 0.351795 0.304552 0.236515 -9999.0 -9999.0
-9999.0 -9999.0 -9999.0 -9999.0 -9999.0 -9999.0 0.171356 0.189329 0.227993 0.337407 0.230569 0.266141 0.252524 0.200279 0.218015 -9999.0 -9999.0
-9999.0 -9999.0 -9999.0 -9999.0 -9999.0 -9999.0 -9999.0 0.279463 0.235755 0.345161 0.250044 0.251520 0.207806 0.375548 0.324208 -9999.0 -9999.0
-9999.0 -9999.0 -9999.0 -9999.0 -9999.0 -9999.0 0.306343 0.340833 0.287661 0.246580 0.246122 0.245890 0.226307 0.268626 0.223286 0.195282 -9999.0
-9999.0 -9999.0 -9999.0 -9999.0 -9999.0 0.295317 0.331033 0.335828 0.270010 0.258366 0.245176 0.246437 0.269479 0.331562 0.203958 0.188058 -9999.0
-9999.0 -9999.0 -9999.0 0.334481 0.227244 0.342948 0.329693 0.274109 0.305398 0.308305 0.243133 0.253683 0.260474 0.194836 0.236592 0.250642 -9999.0
-9999.0 -9999.0 -9999.0 0.318358 0.341953 0.303603 0.280923 0.304401 0.277757 0.298786 0.289775 0.275490 0.341917 0.261500 0.309582 0.253265 -9999.0
-9999.0 -9999.0 0.314949 0.309746 0.329983 0.261550 0.267830 0.296773 0.309462 0.282757 0.292170 0.212586 0.342473 0.344284 0.285930 0.182362 -9999.0
-9999.0 0.302976 0.300339 0.245083 0.241991 0.286060 0.295478 0.314165 0.306073 0.310296 0.275290 0.237449 0.298559 0.186813 0.175019 -9999.0 -9999.0
-9999.0 0.310183 0.269635 0.322228 0.327148 0.314990 0.327888 0.332144 0.312133 0.318272 0.296911 0.210701 0.201801 0.257244 0.309583 0.321551 -9999.0
-9999.0 0.316194 0.304819 0.320756 0.323503 0.308352 0.314230 0.276245 0.321854 0.307965 0.310003 0.275894 0.180607 0.183526 0.175179 -9999.0 -9999.0
-9999.0 0.314264 0.316738 0.316321 0.317430 0.312378 0.323070 0.322829 0.310801 0.271929 0.186944 0.324039 0.276408 0.331213 -9999.0 -9999.0 -9999.0
-9999.0 -9999.0 0.325701 0.314983 0.330376 0.324724 0.315039 0.315747 0.304567 0.278686 0.292337 0.194561 0.297605 0.186261 -9999.0 -9999.0 -9999.0
-9999.0 -9999.0 0.322899 0.311021 0.331895 0.301394 0.301007 0.258988 0.227867 0.282054 0.260690 0.344473 0.179621 -9999.0 -9999.0 -9999.0 -9999.0
-9999.0 -9999.0 -9999.0 -9999.0 0.301149 0.254842 0.239199 0.297027 0.242447 0.246309 0.256281 0.317445 0.264568 -9999.0 -9999.0 -9999.0 -9999.0
-9999.0 -9999.0 -9999.0 -9999.0 -9999.0 0.223221 0.192112 0.189008 0.282372 0.179209 0.243441 0.350795 0.340659 0.325708 -9999.0 -9999.0 -9999.0
-9999.0 -9999.0 -9999.0 -9999.0 -9999.0 -9999.0 0.171172 0.173665 0.225921 0.206019 0.205269 0.220721 0.241585 0.242489 0.227051 -9999.0 -9999.0
-9999.0 -9999.0 -9999.0 -9999.0 -9999.0 -9999.0 -9999.0 0.140024 0.243995 0.247665 0.184329 0.228655 0.220627 0.332812 -9999.0 -9999.0 -9999.0
-9999.0 -9999.0 -9999.0 -9999.0 -9999.0 -9999.0 -9999.0 -9999.0 0.266024 0.234033 0.180788 0.182633 0.178580 0.169808 0.202997 -9999.0 -9999.0
-9999.0 -9999.0 -9999.0 -9999.0 -9999.0 -9999.0 -9999.0 -9999.0 -9999.0 -9999.0 -9999.0 -9999.0 -9999.0 -9999.0 -9999.0 -9999.0 -9999.0