tests/3D/WG1_2.0_001/output-maps-SE27XX/thetaliqL0002N0046.asc
ncols         17
nrows         27
xllcorner     624603.750000
yllcorner     5171346.250000
cellsize      500.000000
NODATA_value  -9999.0
-9999.0 -9999.0 -9999.0 -9999.0 -9999.0 -9999.0 -9999.0 -9999.0 -9999.0 -9999.0 -9999.0 -9999.0 -9999.0 -9999.0 -9999.0 -9999.0 -9999.0
-9999.0 -9999.0 -9999.0 -9999.0 -9999.0 -9999.0 -9999.0 -9999.0 -9999.0 -9999.0 -9999.0 0.147774 0.308272 0.294090 -9999.0 -9999.0 -9999.0
-9999.0 -9999.0 -9999.0 -9999.0 -9999.0 -9999.0 -9999.0 -9999.0 -9999.0 0.135111 0.153801 0.159400 0.308883 0.298753 0.318095 -9999.0 -9999.0
-9999.0 -9999.0 -9999.0 -9999.0 -9999.0 -9999.0 -9999.0 -9999.0 0.151668 0.152370 0.180460 0.158287 0.142318 0.339140 0.299458 -9999.0 -9999.0
-9999.0 -9999.0 -9999.0 -9999.0 -9999.0 -9999.0 -9999.0 -9999.0 0.153436 0.155794 0.163732 0.162333 0.302656 0.310342 0.300488 -9999.0 -9999.0
-9999.0 -9999.0 -9999.0 -9999.0 -9999.0 -9999.0 -9999.0 0.151136 0.157237 0.176121 0.215825 0.163108 0.161498 0.298556 0.305023 -9999.0 -9999.0
-9999.0 -9999.0 -9999.0 -9999.0 -9999.0 -9999.0 0.146257 0.153606 0.150375 0.149641 0.146969 0.158044 0.162000 0.160055 0.159386 -9999.0 -9999.0
-9999.0 -9999.0 -9999.0 -9999.0 -9999.0 -9999.0 0.151038 0.149511 0.150333 0.147907 0.151590 0.146135 0.172131 0.158545 0.145533 -9999.0 -9999.0
-9999.0 -9999.0 -9999.0 -9999.0 -9999.0 -9999.0 0.137996 0.139573 0.160824 0.156970 0.166955 0.161513 0.160072 0.159868 0.145311 -9999.0 -9999.0
-9999.0 -9999.0 -9999.0 -9999.0 -9999.0 -9999.0 -9999.0 0.149787 0.153389 0.165413 0.147638 0.163535 0.164274 0.148512 0.165267 -9999.0 -9999.0
-9999.0 -9999.0 -9999.0 -9999.0 -9999.0 -9999.0 0.150829 0.149344 0.155209 0.159110 0.157989 0.163692 0.164528 0.158088 0.159861 0.152618 -9999.0
-9999.0 -9999.0 -9999.0 -9999.0 -9999.0 0.148683 0.152778 0.151958 0.156527 0.160592 0.158991 0.168156 0.165321 0.198217 0.151508 0.155179 -9999.0
-9999.0 -9999.0 -9999.0 0.148088 0.134703 0.149326 0.152461 0.156682 0.158367 0.161892 0.168998 0.166612 0.170506 0.152512 0.155758 0.158545 -9999.0
-9999.0 -9999.0 -9999.0 0.150032 0.151239 0.153323 0.157418 0.158825 0.161193 0.161360 0.170670 0.172281 0.230959 0.165200 0.300248 0.155342 -9999.0
-9999.0 -9999.0 0.151611 0.154066 0.153015 0.152847 0.160318 0.162782 0.170883 0.172180 0.178653 0.156596 0.207063 0.177836 0.137915 0.142122 -9999.0
-9999.0 0.151288 0.152941 0.152992 0.145328 0.161354 0.164647 0.172912 0.174785 0.179644 0.178541 0.170758 0.145502 0.145372 0.139929 -9999.0 -9999.0
-9999.0 0.153600 0.157743 0.155976 0.154546 0.163080 0.177185 0.180457 0.188066 0.175038 0.159472 0.144831 0.141600 0.143092 0.301807 0.313467 -9999.0
-9999.0 0.156416 0.156315 0.171683 0.185128 0.204255 0.220550 0.162164 0.183646 0.175323 0.159270 0.156126 0.139056 0.136834 0.136882 -9999.0 -9999.0
-9999.0 0.161226 0.172509 0.194416 0.165061 0.213290 0.187714 0.183325 0.179872 0.172713 0.148193 0.156541 0.154009 0.150243 -9999.0 -9999.0 -9999.0
-9999.0 -9999.0 0.189177 0.182050 0.196553 0.182833 0.180485 0.179581 0.171726 0.166453 0.156112 0.143173 0.152850 0.139580 -9999.0 -9999.0 -9999.0
-9999.0 -9999.0 0.180405 0.205532 0.180240 0.174554 0.171830 0.159048 0.151531 0.163593 0.156379 0.151131 0.139968 -9999.0 -9999.0 -9999.0 -9999.0
-9999.0 -9999.0 -9999.0 -9999.0 0.170761 0.159114 0.156445 0.156912 0.151081 0.159529 0.157922 0.155128 0.151565 -9999.0 -9999.0 -9999.0 -9999.0
-9999.0 -9999.0 -9999.0 -9999.0 -9999.0 0.141214 0.139012 0.138088 0.155030 0.144411 0.149248 0.155345 0.151842 0.150249 -9999.0 -9999.0 -9999.0
-9999.0 -9999.0 -9999.0 -9999.0 -9999.0 -9999.0 0.136791 0.135916 0.144593 0.138789 0.140105 0.138153 0.150892 0.142147 0.135431 -9999.0 -9999.0
-9999.0 -9999.0 -9999.0 -9999.0 -9999.0 -9999.0 -9999.0 0.133929 0.141437 0.146452 0.139019 0.138581 0.135898 0.149563 -9999.0 -9999.0 -9999.0
-9999.0 -9999.0 -9999.0 -9999.0 -9999.0 -9999.0 -9999.0 -9999.0 0.135488 0.136447 0.138187 0.139072 0.137307 0.136602 0.134128 -9999.0 -9999.0
-9999.0 -9999.0 -9999.0 -9999.0 -9999.0 -9999.0 -9999.0 -9999.0 -9999.0 -9999.0 -9999.0 -9999.0 -9999.0 -9999.0 -9999.0 -9999.0 -9999.0