tests/3D/WG1_2.0_001/output-maps-SE27XX/thetaiceL0001N0057.asc
ncols         17
nrows         27
xllcorner     624603.750000
yllcorner     5171346.250000
cellsize      500.000000
NODATA_value  -9999.0
-9999.0 -9999.0 -9999.0 -9999.0 -9999.0 -9999.0 -9999.0 -9999.0 -9999.0 -9999.0 -9999.0 -9999.0 -9999.0 -9999.0 -9999.0 -9999.0 -9999.0
-9999.0 -9999.0 -9999.0 -9999.0 -9999.0 -9999.0 -9999.0 -9999.0 -9999.0 -9999.0 -9999.0 0.373221 0.279355 0.280005 -9999.0 -9999.0 -9999.0
-9999.0 -9999.0 -9999.0 -9999.0 -9999.0 -9999.0 -9999.0 -9999.0 -9999.0 0.379033 0.376472 0.374241 0.279330 0.279769 0.279006 -9999.0 -9999.0
-9999.0 -9999.0 -9999.0 -9999.0 -9999.0 -9999.0 -9999.0 -9999.0 0.364591 0.374406 0.357813 0.370028 0.374736 0.278469 0.279737 -9999.0 -9999.0
-9999.0 -9999.0 -9999.0 -9999.0 -9999.0 -9999.0 -9999.0 -9999.0 0.377604 0.373068 0.375812 0.365041 0.279581 0.279273 0.279687 -9999.0 -9999.0
-9999.0 -9999.0 -9999.0 -9999.0 -9999.0 -9999.0 -9999.0 0.378787 0.373959 0.358341 0.370439 0.366108 0.369194 0.279779 0.279488 -9999.0 -9999.0
-9999.0 -9999.0 -9999.0 -9999.0 -9999.0 -9999.0 0.377451 0.375973 0.332281 0.377497 0.379179 0.369403 0.365807 0.371973 0.372575 -9999.0 -9999.0
-9999.0 -9999.0 -9999.0 -9999.0 -9999.0 -9999.0 0.348880 0.377906 0.372503 0.373981 0.376582 0.378949 0.357647 0.373999 0.372616 -9999.0 -9999.0
-9999.0 -9999.0 -9999.0 -9999.0 -9999.0 -9999.0 0.373396 0.373153 0.374879 0.374598 0.376415 0.374764 0.366728 0.369052 0.371013 -9999.0 -9999.0
-9999.0 -9999.0 -9999.0 -9999.0 -9999.0 -9999.0 -9999.0 0.377874 0.374717 0.359710 0.374453 0.375106 0.371653 0.321229 0.374534 -9999.0 -9999.0
-9999.0 -9999.0 -9999.0 -9999.0 -9999.0 -9999.0 0.379097 0.357218 0.375853 0.376808 0.376399 0.377311 0.372943 0.371286 0.368229 0.372830 -9999.0
-9999.0 -9999.0 -9999.0 -9999.0 -9999.0 0.377497 0.372328 0.365257 0.376538 0.376619 0.371397 0.376819 0.375201 0.371578 0.369902 0.372021 -9999.0
-9999.0 -9999.0 -9999.0 0.349869 0.378017 0.301984 0.377671 0.376731 0.369355 0.367581 0.373514 0.375346 0.377189 0.373167 0.372760 0.372220 -9999.0
-9999.0 -9999.0 -9999.0 0.378600 0.302349 0.376049 0.372512 0.368228 0.369428 0.365903 0.362416 0.369287 0.273595 0.370612 0.279732 0.375534 -9999.0
-9999.0 -9999.0 0.376905 0.375392 0.376196 0.374013 0.373656 0.366003 0.361051 0.363891 0.366684 0.373864 0.322133 0.330002 0.378395 0.371496 -9999.0
-9999.0 0.373140 0.374060 0.375851 0.374101 0.370491 0.367898 0.359035 0.358090 0.362247 0.373291 0.371267 0.377953 0.372371 0.373647 -9999.0 -9999.0
-9999.0 0.369962 0.374978 0.366540 0.361890 0.362948 0.345304 0.343558 0.356363 0.360420 0.372021 0.374861 0.375537 0.377604 0.279639 0.279158 -9999.0
-9999.0 0.366240 0.366386 0.352205 0.338627 0.327023 0.325064 0.363332 0.357849 0.363484 0.367646 0.374219 0.373468 0.375569 0.375540 -9999.0 -9999.0
-9999.0 0.362561 0.355950 0.328746 0.360596 0.325358 0.354841 0.359849 0.363402 0.371021 0.372949 0.371390 0.376960 0.379487 -9999.0 -9999.0 -9999.0
-9999.0 -9999.0 0.315562 0.348692 0.344767 0.356780 0.361613 0.363110 0.365506 0.371036 0.373312 0.374825 0.376854 0.373112 -9999.0 -9999.0 -9999.0
-9999.0 -9999.0 0.342051 0.323693 0.358708 0.363899 0.371683 0.374197 0.371530 0.371285 0.377196 0.285098 0.373072 -9999.0 -9999.0 -9999.0 -9999.0
-9999.0 -9999.0 -9999.0 -9999.0 0.366700 0.373379 0.374405 0.370814 0.374583 0.374481 0.378979 0.375880 0.377917 -9999.0 -9999.0 -9999.0 -9999.0
-9999.0 -9999.0 -9999.0 -9999.0 -9999.0 0.374507 0.375024 0.375218 0.373897 0.373227 0.376132 0.283718 0.321906 0.378828 -9999.0 -9999.0 -9999.0
-9999.0 -9999.0 -9999.0 -9999.0 -9999.0 -9999.0 0.375438 0.375573 0.375348 0.375061 0.374346 0.375584 0.376291 0.376694 0.377311 -9999.0 -9999.0
-9999.0 -9999.0 -9999.0 -9999.0 -9999.0 -9999.0 -9999.0 0.376452 0.376569 0.375492 0.374987 0.377504 0.376931 0.372743 -9999.0 -9999.0 -9999.0
-9999.0 -9999.0 -9999.0 -9999.0 -9999.0 -9999.0 -9999.0 -9999.0 0.376766 0.375414 0.375342 0.375157 0.374890 0.373853 0.376983 -9999.0 -9999.0
-9999.0 -9999.0 -9999.0 -9999.0 -9999.0 -9999.0 -9999.0 -9999.0 -9999.0 -9999.0 -9999.0 -9999.0 -9999.0 -9999.0 -9999.0 -9999.0 -9999.0