tests/3D/WG1_2.0_001/output-maps-SE27XX/thetaliqL0002N0069.asc
ncols         17
nrows         27
xllcorner     624603.750000
yllcorner     5171346.250000
cellsize      500.000000
NODATA_value  -9999.0
-9999.0 -9999.0 -9999.0 -9999.0 -9999.0 -9999.0 -9999.0 -9999.0 -9999.0 -9999.0 -9999.0 -9999.0 -9999.0 -9999.0 -9999.0 -9999.0 -9999.0
-9999.0 -9999.0 -9999.0 -9999.0 -9999.0 -9999.0 -9999.0 -9999.0 -9999.0 -9999.0 -9999.0 0.142289 0.304455 0.291660 -9999.0 -9999.0 -9999.0
-9999.0 -9999.0 -9999.0 -9999.0 -9999.0 -9999.0 -9999.0 -9999.0 -9999.0 0.123863 0.140501 0.142026 0.303983 0.296576 0.299539 -9999.0 -9999.0
-9999.0 -9999.0 -9999.0 -9999.0 -9999.0 -9999.0 -9999.0 -9999.0 0.136776 0.140809 0.150600 0.143238 0.140151 0.292510 0.297234 -9999.0 -9999.0
-9999.0 -9999.0 -9999.0 -9999.0 -9999.0 -9999.0 -9999.0 -9999.0 0.142539 0.141800 0.138730 0.147869 0.301024 0.303089 0.298382 -9999.0 -9999.0
-9999.0 -9999.0 -9999.0 -9999.0 -9999.0 -9999.0 -9999.0 0.142434 0.140723 0.156166 0.168520 0.147064 0.143273 0.296377 0.303087 -9999.0 -9999.0
-9999.0 -9999.0 -9999.0 -9999.0 -9999.0 -9999.0 0.138125 0.139645 0.152273 0.141583 0.135803 0.142173 0.143683 0.145408 0.143034 -9999.0 -9999.0
-9999.0 -9999.0 -9999.0 -9999.0 -9999.0 -9999.0 0.140628 0.138283 0.140622 0.141437 0.137389 0.135655 0.148975 0.144422 0.140524 -9999.0 -9999.0
-9999.0 -9999.0 -9999.0 -9999.0 -9999.0 -9999.0 0.139372 0.138674 0.139922 0.138222 0.143068 0.144056 0.152899 0.142595 0.141047 -9999.0 -9999.0
-9999.0 -9999.0 -9999.0 -9999.0 -9999.0 -9999.0 -9999.0 0.139850 0.139223 0.160733 0.132925 0.139655 0.141697 0.132263 0.144565 -9999.0 -9999.0
-9999.0 -9999.0 -9999.0 -9999.0 -9999.0 -9999.0 0.141161 0.134395 0.140598 0.139959 0.141772 0.140919 0.140076 0.144084 0.144289 0.142251 -9999.0
-9999.0 -9999.0 -9999.0 -9999.0 -9999.0 0.139121 0.136100 0.141296 0.142132 0.138455 0.142319 0.139822 0.137246 0.154545 0.142207 0.142476 -9999.0
-9999.0 -9999.0 -9999.0 0.131322 0.133755 0.143417 0.140100 0.140097 0.147767 0.157672 0.142404 0.138833 0.138724 0.141654 0.143829 0.140324 -9999.0
-9999.0 -9999.0 -9999.0 0.138941 0.143966 0.138896 0.132076 0.150108 0.133319 0.134427 0.140853 0.145459 0.141805 0.140642 0.296865 0.141477 -9999.0
-9999.0 -9999.0 0.138135 0.138575 0.141291 0.136325 0.138870 0.151854 0.159689 0.163027 0.152639 0.139782 0.162255 0.155800 0.135101 0.141155 -9999.0
-9999.0 0.129060 0.130106 0.137522 0.136414 0.129432 0.151943 0.157492 0.159207 0.137147 0.137826 0.140749 0.135165 0.140887 0.140696 -9999.0 -9999.0
-9999.0 0.133879 0.136225 0.144410 0.141377 0.141466 0.140263 0.140806 0.158489 0.144547 0.131211 0.137760 0.137866 0.136888 0.299299 0.301336 -9999.0
-9999.0 0.144958 0.132390 0.138805 0.139254 0.144326 0.136204 0.137774 0.150489 0.134044 0.136175 0.133806 0.140110 0.138678 0.139635 -9999.0 -9999.0
-9999.0 0.139849 0.150882 0.143991 0.140386 0.142810 0.151718 0.153240 0.155109 0.138909 0.138960 0.141835 0.137473 0.137999 -9999.0 -9999.0 -9999.0
-9999.0 -9999.0 0.140635 0.136277 0.145157 0.149936 0.143600 0.145572 0.156951 0.135461 0.142990 0.138738 0.138603 0.139672 -9999.0 -9999.0 -9999.0
-9999.0 -9999.0 0.134503 0.134577 0.147548 0.139878 0.134207 0.137174 0.138502 0.137508 0.137365 0.141728 0.139090 -9999.0 -9999.0 -9999.0 -9999.0
-9999.0 -9999.0 -9999.0 -9999.0 0.138929 0.137159 0.138892 0.133097 0.138485 0.138813 0.138898 0.138639 0.136467 -9999.0 -9999.0 -9999.0 -9999.0
-9999.0 -9999.0 -9999.0 -9999.0 -9999.0 0.137462 0.136182 0.136985 0.136273 0.137705 0.138446 0.147399 0.144870 0.139409 -9999.0 -9999.0 -9999.0
-9999.0 -9999.0 -9999.0 -9999.0 -9999.0 -9999.0 0.136652 0.136340 0.138113 0.137864 0.138995 0.138262 0.137883 0.136683 0.137196 -9999.0 -9999.0
-9999.0 -9999.0 -9999.0 -9999.0 -9999.0 -9999.0 -9999.0 0.134990 0.136951 0.137121 0.137934 0.137667 0.137990 0.132130 -9999.0 -9999.0 -9999.0
-9999.0 -9999.0 -9999.0 -9999.0 -9999.0 -9999.0 -9999.0 -9999.0 0.134991 0.136652 0.137563 0.137315 0.137987 0.139042 0.134810 -9999.0 -9999.0
-9999.0 -9999.0 -9999.0 -9999.0 -9999.0 -9999.0 -9999.0 -9999.0 -9999.0 -9999.0 -9999.0 -9999.0 -9999.0 -9999.0 -9999.0 -9999.0 -9999.0