tests/3D/WG1_2.0_001/output-maps-SE27XX/thetaliqL0002N0013.asc
ncols         17
nrows         27
xllcorner     624603.750000
yllcorner     5171346.250000
cellsize      500.000000
NODATA_value  -9999.0
-9999.0 -9999.0 -9999.0 -9999.0 -9999.0 -9999.0 -9999.0 -9999.0 -9999.0 -9999.0 -9999.0 -9999.0 -9999.0 -9999.0 -9999.0 -9999.0 -9999.0
-9999.0 -9999.0 -9999.0 -9999.0 -9999.0 -9999.0 -9999.0 -9999.0 -9999.0 -9999.0 -9999.0 0.250684 0.300438 0.300351 -9999.0 -9999.0 -9999.0
-9999.0 -9999.0 -9999.0 -9999.0 -9999.0 -9999.0 -9999.0 -9999.0 -9999.0 0.222918 0.211812 0.237687 0.301035 0.300321 0.300091 -9999.0 -9999.0
-9999.0 -9999.0 -9999.0 -9999.0 -9999.0 -9999.0 -9999.0 -9999.0 0.230391 0.232195 0.235580 0.225575 0.255441 0.301065 0.300392 -9999.0 -9999.0
-9999.0 -9999.0 -9999.0 -9999.0 -9999.0 -9999.0 -9999.0 -9999.0 0.226032 0.233411 0.238004 0.234058 0.301481 0.300870 0.300388 -9999.0 -9999.0
-9999.0 -9999.0 -9999.0 -9999.0 -9999.0 -9999.0 -9999.0 0.225029 0.231900 0.241804 0.246483 0.237762 0.232299 0.300332 0.299874 -9999.0 -9999.0
-9999.0 -9999.0 -9999.0 -9999.0 -9999.0 -9999.0 0.207323 0.219761 0.237197 0.246920 0.247434 0.238706 0.234017 0.203979 0.252408 -9999.0 -9999.0
-9999.0 -9999.0 -9999.0 -9999.0 -9999.0 -9999.0 0.209521 0.217450 0.234986 0.249288 0.252833 0.243966 0.234360 0.226706 0.255388 -9999.0 -9999.0
-9999.0 -9999.0 -9999.0 -9999.0 -9999.0 -9999.0 0.203062 0.215759 0.235686 0.250022 0.254550 0.253709 0.242836 0.237314 0.219594 -9999.0 -9999.0
-9999.0 -9999.0 -9999.0 -9999.0 -9999.0 -9999.0 -9999.0 0.221792 0.236351 0.250675 0.254387 0.254261 0.245091 0.237142 0.234676 -9999.0 -9999.0
-9999.0 -9999.0 -9999.0 -9999.0 -9999.0 -9999.0 0.220804 0.226322 0.237893 0.250627 0.254270 0.255138 0.246541 0.235200 0.237525 0.222615 -9999.0
-9999.0 -9999.0 -9999.0 -9999.0 -9999.0 0.216889 0.225311 0.235623 0.246078 0.252232 0.256975 0.256324 0.251558 0.238227 0.225707 0.231453 -9999.0
-9999.0 -9999.0 -9999.0 0.211985 0.214415 0.224575 0.231595 0.244481 0.252421 0.257458 0.258396 0.259574 0.251917 0.236798 0.228500 0.231284 -9999.0
-9999.0 -9999.0 -9999.0 0.216995 0.225960 0.234035 0.245718 0.249699 0.257160 0.260975 0.260257 0.260185 0.254729 0.244541 0.301230 0.228928 -9999.0
-9999.0 -9999.0 0.222484 0.225988 0.236054 0.240266 0.246878 0.255600 0.256507 0.260036 0.257825 0.255738 0.253894 0.240571 0.223883 0.219245 -9999.0
-9999.0 0.229055 0.234645 0.236253 0.241790 0.252826 0.255855 0.254838 0.256444 0.258908 0.257397 0.248652 0.246443 0.226502 0.211791 -9999.0 -9999.0
-9999.0 0.236125 0.239269 0.245886 0.251533 0.254088 0.255211 0.260769 0.255831 0.259553 0.257198 0.244451 0.233415 0.218604 0.300177 0.299718 -9999.0
-9999.0 0.242090 0.245418 0.249703 0.256683 0.280206 0.296127 0.287870 0.259290 0.258966 0.253864 0.245914 0.226581 0.212268 0.202260 -9999.0 -9999.0
-9999.0 0.242005 0.240374 0.280077 0.310340 0.314147 0.283722 0.259760 0.255576 0.253714 0.248208 0.244850 0.228306 0.216657 -9999.0 -9999.0 -9999.0
-9999.0 -9999.0 0.287163 0.312278 0.286934 0.257786 0.252134 0.255289 0.251665 0.256537 0.250964 0.238124 0.228968 0.221900 -9999.0 -9999.0 -9999.0
-9999.0 -9999.0 0.311870 0.310501 0.251040 0.247418 0.254458 0.252999 0.251703 0.254571 0.250735 0.241116 0.228589 -9999.0 -9999.0 -9999.0 -9999.0
-9999.0 -9999.0 -9999.0 -9999.0 0.246341 0.249347 0.243275 0.248630 0.247149 0.250558 0.250234 0.242121 0.231872 -9999.0 -9999.0 -9999.0 -9999.0
-9999.0 -9999.0 -9999.0 -9999.0 -9999.0 0.242492 0.235351 0.235517 0.242871 0.244209 0.246384 0.243179 0.230997 0.221388 -9999.0 -9999.0 -9999.0
-9999.0 -9999.0 -9999.0 -9999.0 -9999.0 -9999.0 0.223156 0.222103 0.227127 0.236801 0.241512 0.240023 0.230038 0.220007 0.214175 -9999.0 -9999.0
-9999.0 -9999.0 -9999.0 -9999.0 -9999.0 -9999.0 -9999.0 0.209679 0.219768 0.225516 0.232825 0.236317 0.226821 0.216934 -9999.0 -9999.0 -9999.0
-9999.0 -9999.0 -9999.0 -9999.0 -9999.0 -9999.0 -9999.0 -9999.0 0.209140 0.218849 0.229170 0.231081 0.221476 0.213218 0.209114 -9999.0 -9999.0
-9999.0 -9999.0 -9999.0 -9999.0 -9999.0 -9999.0 -9999.0 -9999.0 -9999.0 -9999.0 -9999.0 -9999.0 -9999.0 -9999.0 -9999.0 -9999.0 -9999.0