tests/3D/WG1_2.0_001/output-maps-SE27XX/thetaliqL0001N0001.asc
ncols         17
nrows         27
xllcorner     624603.750000
yllcorner     5171346.250000
cellsize      500.000000
NODATA_value  -9999.0
-9999.0 -9999.0 -9999.0 -9999.0 -9999.0 -9999.0 -9999.0 -9999.0 -9999.0 -9999.0 -9999.0 -9999.0 -9999.0 -9999.0 -9999.0 -9999.0 -9999.0
-9999.0 -9999.0 -9999.0 -9999.0 -9999.0 -9999.0 -9999.0 -9999.0 -9999.0 -9999.0 -9999.0 0.292019 0.316759 0.304658 -9999.0 -9999.0 -9999.0
-9999.0 -9999.0 -9999.0 -9999.0 -9999.0 -9999.0 -9999.0 -9999.0 -9999.0 0.321952 0.314639 0.300216 0.317286 0.308553 0.325470 -9999.0 -9999.0
-9999.0 -9999.0 -9999.0 -9999.0 -9999.0 -9999.0 -9999.0 -9999.0 0.316660 0.305516 0.315540 0.299543 0.309950 0.353887 0.309190 -9999.0 -9999.0
-9999.0 -9999.0 -9999.0 -9999.0 -9999.0 -9999.0 -9999.0 -9999.0 0.311268 0.303566 0.335416 0.300413 0.311676 0.318547 0.310036 -9999.0 -9999.0
-9999.0 -9999.0 -9999.0 -9999.0 -9999.0 -9999.0 -9999.0 0.307848 0.308226 0.316354 0.302401 0.301476 0.304093 0.308382 0.313929 -9999.0 -9999.0
-9999.0 -9999.0 -9999.0 -9999.0 -9999.0 -9999.0 0.322428 0.303282 0.314067 0.301092 0.349105 0.310300 0.295219 0.301082 0.298158 -9999.0 -9999.0
-9999.0 -9999.0 -9999.0 -9999.0 -9999.0 -9999.0 0.311038 0.312428 0.311143 0.301004 0.310303 0.347623 0.316567 0.305955 0.325040 -9999.0 -9999.0
-9999.0 -9999.0 -9999.0 -9999.0 -9999.0 -9999.0 0.306137 0.314858 0.308972 0.326472 0.299615 0.302447 0.302643 0.301203 0.319783 -9999.0 -9999.0
-9999.0 -9999.0 -9999.0 -9999.0 -9999.0 -9999.0 -9999.0 0.303636 0.314749 0.313724 0.315117 0.307998 0.308356 0.345020 0.310017 -9999.0 -9999.0
-9999.0 -9999.0 -9999.0 -9999.0 -9999.0 -9999.0 0.305779 0.312844 0.305704 0.304563 0.311613 0.310672 0.318612 0.309341 0.299209 0.304157 -9999.0
-9999.0 -9999.0 -9999.0 -9999.0 -9999.0 0.310837 0.309259 0.307908 0.298839 0.310731 0.307323 0.310027 0.329381 0.305028 0.300914 0.296697 -9999.0
-9999.0 -9999.0 -9999.0 0.312919 0.343876 0.314959 0.310468 0.298754 0.300547 0.297385 0.301019 0.314183 0.328317 0.292316 0.301700 0.311260 -9999.0
-9999.0 -9999.0 -9999.0 0.306417 0.317858 0.301101 0.315124 0.299688 0.308600 0.317172 0.308940 0.301431 0.318336 0.314122 0.307870 0.303629 -9999.0
-9999.0 -9999.0 0.307466 0.306628 0.302988 0.323862 0.300787 0.302137 0.305925 0.299393 0.302417 0.312824 0.305628 0.309458 0.345525 0.300638 -9999.0
-9999.0 0.310621 0.311472 0.305240 0.318394 0.315082 0.298170 0.300175 0.304227 0.327358 0.319443 0.298459 0.348266 0.302683 0.298081 -9999.0 -9999.0
-9999.0 0.307856 0.306456 0.307061 0.308511 0.307726 0.313398 0.314801 0.298590 0.313624 0.330112 0.324042 0.322520 0.323394 0.310499 0.321337 -9999.0
-9999.0 0.302684 0.320028 0.312261 0.310822 0.302827 0.309083 0.310975 0.307647 0.324430 0.310808 0.312240 0.309305 0.312022 0.296566 -9999.0 -9999.0
-9999.0 0.310152 0.299582 0.306811 0.302731 0.303968 0.303829 0.310746 0.312570 0.312461 0.309048 0.305088 0.317361 0.309785 -9999.0 -9999.0 -9999.0
-9999.0 -9999.0 0.310891 0.303970 0.307511 0.314046 0.320716 0.317051 0.300422 0.315327 0.297292 0.315980 0.304313 0.309974 -9999.0 -9999.0 -9999.0
-9999.0 -9999.0 0.305302 0.307347 0.321320 0.314688 0.330735 0.320929 0.315218 0.305902 0.314993 0.310654 0.305933 -9999.0 -9999.0 -9999.0 -9999.0
-9999.0 -9999.0 -9999.0 -9999.0 0.311094 0.311833 0.301794 0.311124 0.310992 0.299710 0.305713 0.309492 0.313157 -9999.0 -9999.0 -9999.0 -9999.0
-9999.0 -9999.0 -9999.0 -9999.0 -9999.0 0.318486 0.314570 0.311247 0.306718 0.317234 0.308751 0.324602 0.308529 0.308357 -9999.0 -9999.0 -9999.0
-9999.0 -9999.0 -9999.0 -9999.0 -9999.0 -9999.0 0.315064 0.312999 0.306371 0.307228 0.307238 0.308715 0.305840 0.313708 0.314400 -9999.0 -9999.0
-9999.0 -9999.0 -9999.0 -9999.0 -9999.0 -9999.0 -9999.0 0.322126 0.313503 0.314198 0.311169 0.304264 0.304301 0.310571 -9999.0 -9999.0 -9999.0
-9999.0 -9999.0 -9999.0 -9999.0 -9999.0 -9999.0 -9999.0 -9999.0 0.326045 0.317505 0.316433 0.315002 0.310418 0.305673 0.324846 -9999.0 -9999.0
-9999.0 -9999.0 -9999.0 -9999.0 -9999.0 -9999.0 -9999.0 -9999.0 -9999.0 -9999.0 -9999.0 -9999.0 -9999.0 -9999.0 -9999.0 -9999.0 -9999.0