tests/3D/WG1_2.0_001/output-maps-SE27XX/thetaliqL0001N0065.asc
ncols         17
nrows         27
xllcorner     624603.750000
yllcorner     5171346.250000
cellsize      500.000000
NODATA_value  -9999.0
-9999.0 -9999.0 -9999.0 -9999.0 -9999.0 -9999.0 -9999.0 -9999.0 -9999.0 -9999.0 -9999.0 -9999.0 -9999.0 -9999.0 -9999.0 -9999.0 -9999.0
-9999.0 -9999.0 -9999.0 -9999.0 -9999.0 -9999.0 -9999.0 -9999.0 -9999.0 -9999.0 -9999.0 0.138948 0.220569 0.219934 -9999.0 -9999.0 -9999.0
-9999.0 -9999.0 -9999.0 -9999.0 -9999.0 -9999.0 -9999.0 -9999.0 -9999.0 0.128918 0.137440 0.141495 0.220594 0.220167 0.220873 -9999.0 -9999.0
-9999.0 -9999.0 -9999.0 -9999.0 -9999.0 -9999.0 -9999.0 -9999.0 0.138219 0.138153 0.153617 0.140309 0.139815 0.220484 0.220196 -9999.0 -9999.0
-9999.0 -9999.0 -9999.0 -9999.0 -9999.0 -9999.0 -9999.0 -9999.0 0.138210 0.140937 0.139316 0.148876 0.220358 0.220649 0.220247 -9999.0 -9999.0
-9999.0 -9999.0 -9999.0 -9999.0 -9999.0 -9999.0 -9999.0 0.139736 0.139118 0.157824 0.164065 0.148634 0.141752 0.220158 0.220442 -9999.0 -9999.0
-9999.0 -9999.0 -9999.0 -9999.0 -9999.0 -9999.0 0.135844 0.137550 0.156310 0.139295 0.137682 0.141148 0.143410 0.141901 0.141974 -9999.0 -9999.0
-9999.0 -9999.0 -9999.0 -9999.0 -9999.0 -9999.0 0.145526 0.137250 0.139811 0.139210 0.139280 0.138684 0.153803 0.144986 0.140085 -9999.0 -9999.0
-9999.0 -9999.0 -9999.0 -9999.0 -9999.0 -9999.0 0.138583 0.137870 0.138218 0.137162 0.140149 0.143110 0.153578 0.142161 0.141439 -9999.0 -9999.0
-9999.0 -9999.0 -9999.0 -9999.0 -9999.0 -9999.0 -9999.0 0.136900 0.137518 0.161130 0.139931 0.143906 0.141411 0.144789 0.145600 -9999.0 -9999.0
-9999.0 -9999.0 -9999.0 -9999.0 -9999.0 -9999.0 0.138245 0.142846 0.138402 0.139895 0.142697 0.140737 0.141087 0.144954 0.144029 0.140414 -9999.0
-9999.0 -9999.0 -9999.0 -9999.0 -9999.0 0.136637 0.136970 0.142073 0.140060 0.139329 0.142926 0.141235 0.139705 0.153779 0.141407 0.139634 -9999.0
-9999.0 -9999.0 -9999.0 0.133965 0.134330 0.145924 0.137066 0.140966 0.152549 0.165129 0.141612 0.141090 0.139266 0.140867 0.141900 0.141317 -9999.0
-9999.0 -9999.0 -9999.0 0.139037 0.144655 0.138000 0.133937 0.152260 0.138236 0.141396 0.159190 0.148068 0.180954 0.140835 0.220183 0.141292 -9999.0
-9999.0 -9999.0 0.136587 0.137646 0.138865 0.136627 0.138298 0.153945 0.159908 0.167409 0.156676 0.139875 0.167458 0.158283 0.136270 0.139527 -9999.0
-9999.0 0.131345 0.131642 0.137636 0.137119 0.133709 0.155026 0.158712 0.161638 0.147740 0.140061 0.141172 0.135948 0.140347 0.140173 -9999.0 -9999.0
-9999.0 0.137612 0.136099 0.145350 0.147132 0.147071 0.149280 0.149521 0.164542 0.152485 0.135245 0.139181 0.137535 0.136239 0.220288 0.220759 -9999.0
-9999.0 0.146102 0.138902 0.146369 0.148397 0.149474 0.144097 0.145921 0.154942 0.141568 0.142230 0.134786 0.139138 0.138950 0.138874 -9999.0 -9999.0
-9999.0 0.145789 0.154853 0.146067 0.146986 0.148181 0.155839 0.157486 0.158756 0.140448 0.140201 0.144231 0.136700 0.136590 -9999.0 -9999.0 -9999.0
-9999.0 -9999.0 0.144353 0.146020 0.156475 0.153557 0.151623 0.152332 0.159503 0.137300 0.141840 0.138223 0.137750 0.138990 -9999.0 -9999.0 -9999.0
-9999.0 -9999.0 0.139802 0.140888 0.154530 0.143661 0.135051 0.137256 0.139278 0.138511 0.136989 0.145256 0.139008 -9999.0 -9999.0 -9999.0 -9999.0
-9999.0 -9999.0 -9999.0 -9999.0 0.141029 0.138090 0.138071 0.134119 0.138712 0.138021 0.137114 0.137669 0.136650 -9999.0 -9999.0 -9999.0 -9999.0
-9999.0 -9999.0 -9999.0 -9999.0 -9999.0 0.137452 0.137558 0.136835 0.135698 0.138939 0.138073 0.145349 0.146139 0.139534 -9999.0 -9999.0 -9999.0
-9999.0 -9999.0 -9999.0 -9999.0 -9999.0 -9999.0 0.136625 0.136462 0.137201 0.137333 0.138051 0.137355 0.136523 0.136793 0.136110 -9999.0 -9999.0
-9999.0 -9999.0 -9999.0 -9999.0 -9999.0 -9999.0 -9999.0 0.136254 0.136665 0.137256 0.137540 0.137872 0.136497 0.132860 -9999.0 -9999.0 -9999.0
-9999.0 -9999.0 -9999.0 -9999.0 -9999.0 -9999.0 -9999.0 -9999.0 0.134813 0.137182 0.137266 0.137828 0.138647 0.138634 0.134621 -9999.0 -9999.0
-9999.0 -9999.0 -9999.0 -9999.0 -9999.0 -9999.0 -9999.0 -9999.0 -9999.0 -9999.0 -9999.0 -9999.0 -9999.0 -9999.0 -9999.0 -9999.0 -9999.0