tests/3D/WG1_2.0_001/output-maps-SE27XX/thetaiceL0001N0027.asc
ncols         17
nrows         27
xllcorner     624603.750000
yllcorner     5171346.250000
cellsize      500.000000
NODATA_value  -9999.0
-9999.0 -9999.0 -9999.0 -9999.0 -9999.0 -9999.0 -9999.0 -9999.0 -9999.0 -9999.0 -9999.0 -9999.0 -9999.0 -9999.0 -9999.0 -9999.0 -9999.0
-9999.0 -9999.0 -9999.0 -9999.0 -9999.0 -9999.0 -9999.0 -9999.0 -9999.0 -9999.0 -9999.0 0.378161 0.280620 0.281431 -9999.0 -9999.0 -9999.0
-9999.0 -9999.0 -9999.0 -9999.0 -9999.0 -9999.0 -9999.0 -9999.0 -9999.0 0.175259 0.217796 0.288810 0.280589 0.281139 0.280180 -9999.0 -9999.0
-9999.0 -9999.0 -9999.0 -9999.0 -9999.0 -9999.0 -9999.0 -9999.0 0.193679 0.376140 0.077190 0.376171 0.376230 0.279412 0.281095 -9999.0 -9999.0
-9999.0 -9999.0 -9999.0 -9999.0 -9999.0 -9999.0 -9999.0 -9999.0 0.205109 0.281299 0.175371 0.259570 0.280924 0.280518 0.281036 -9999.0 -9999.0
-9999.0 -9999.0 -9999.0 -9999.0 -9999.0 -9999.0 -9999.0 0.195549 0.313488 0.166391 0.166909 0.297001 0.375921 0.281151 0.280786 -9999.0 -9999.0
-9999.0 -9999.0 -9999.0 -9999.0 -9999.0 -9999.0 0.206940 0.254193 0.086999 0.314187 0.370412 0.373048 0.374093 0.291837 0.372947 -9999.0 -9999.0
-9999.0 -9999.0 -9999.0 -9999.0 -9999.0 -9999.0 0.137719 0.222318 0.372550 0.371320 0.212977 0.370663 0.127384 0.210805 0.372171 -9999.0 -9999.0
-9999.0 -9999.0 -9999.0 -9999.0 -9999.0 -9999.0 0.373352 0.373789 0.290468 0.153305 0.297864 0.180246 0.208778 0.375172 0.374064 -9999.0 -9999.0
-9999.0 -9999.0 -9999.0 -9999.0 -9999.0 -9999.0 -9999.0 0.219597 0.282716 0.157598 0.268049 0.293001 0.374242 0.073281 0.202981 -9999.0 -9999.0
-9999.0 -9999.0 -9999.0 -9999.0 -9999.0 -9999.0 0.198096 0.117634 0.203098 0.228590 0.261266 0.307801 0.371485 0.198762 0.309329 0.376222 -9999.0
-9999.0 -9999.0 -9999.0 -9999.0 -9999.0 0.198574 0.176284 0.178361 0.147775 0.198499 0.143459 0.329946 0.326053 0.186047 0.372029 0.376263 -9999.0
-9999.0 -9999.0 -9999.0 0.112385 0.369560 0.079894 0.176672 0.140313 0.128750 0.121807 0.213526 0.308481 0.364259 0.370653 0.265667 0.205676 -9999.0
-9999.0 -9999.0 -9999.0 0.180222 0.082056 0.178728 0.150914 0.118414 0.088170 0.084106 0.047930 0.058423 0.001277 0.202404 0.281025 0.212282 -9999.0
-9999.0 -9999.0 0.179875 0.164254 0.161189 0.301786 0.135871 0.070250 0.037216 0.069675 0.046190 0.369719 0.097017 0.092424 0.251810 0.375310 -9999.0
-9999.0 0.119543 0.123824 0.189274 0.363270 0.080226 0.059098 0.028874 0.034726 0.046288 0.150359 0.317420 0.336606 0.374190 0.375754 -9999.0 -9999.0
-9999.0 0.109221 0.122649 0.099257 0.081051 0.062575 0.028345 0.029768 0.026584 0.035122 0.155828 0.372790 0.373223 0.217776 0.281005 0.280372 -9999.0
-9999.0 0.093725 0.077666 0.014168 0.003332 0.000000 0.000000 0.084586 0.025398 0.045383 0.122644 0.148064 0.374949 0.375092 0.376202 -9999.0 -9999.0
-9999.0 0.060274 0.003535 0.000000 0.058148 0.000000 0.020003 0.020916 0.030399 0.097730 0.373534 0.154144 0.193000 0.176794 -9999.0 -9999.0 -9999.0
-9999.0 -9999.0 0.000467 0.013140 0.012044 0.021805 0.028714 0.031689 0.034888 0.177160 0.111973 0.372806 0.177474 0.372594 -9999.0 -9999.0 -9999.0
-9999.0 -9999.0 0.050125 0.000000 0.025449 0.037190 0.052052 0.361235 0.367512 0.130535 0.259302 0.064973 0.373594 -9999.0 -9999.0 -9999.0 -9999.0
-9999.0 -9999.0 -9999.0 -9999.0 0.038920 0.344150 0.310818 0.123874 0.324164 0.208901 0.176518 0.164307 0.196302 -9999.0 -9999.0 -9999.0 -9999.0
-9999.0 -9999.0 -9999.0 -9999.0 -9999.0 0.368962 0.373476 0.371414 0.122314 0.373597 0.266025 0.073779 0.081434 0.171700 -9999.0 -9999.0 -9999.0
-9999.0 -9999.0 -9999.0 -9999.0 -9999.0 -9999.0 0.374147 0.374255 0.265396 0.368172 0.368111 0.363328 0.197443 0.217437 0.284739 -9999.0 -9999.0
-9999.0 -9999.0 -9999.0 -9999.0 -9999.0 -9999.0 -9999.0 0.375407 0.245035 0.184061 0.373643 0.324444 0.323738 0.169426 -9999.0 -9999.0 -9999.0
-9999.0 -9999.0 -9999.0 -9999.0 -9999.0 -9999.0 -9999.0 -9999.0 0.194336 0.298363 0.373589 0.373366 0.374194 0.374961 0.369229 -9999.0 -9999.0
-9999.0 -9999.0 -9999.0 -9999.0 -9999.0 -9999.0 -9999.0 -9999.0 -9999.0 -9999.0 -9999.0 -9999.0 -9999.0 -9999.0 -9999.0 -9999.0 -9999.0