tests/3D/WG1_2.0_001/output-maps-SE27XX/thetaliqL0005N0087.asc
ncols         17
nrows         27
xllcorner     624603.750000
yllcorner     5171346.250000
cellsize      500.000000
NODATA_value  -9999.0
-9999.0 -9999.0 -9999.0 -9999.0 -9999.0 -9999.0 -9999.0 -9999.0 -9999.0 -9999.0 -9999.0 -9999.0 -9999.0 -9999.0 -9999.0 -9999.0 -9999.0
-9999.0 -9999.0 -9999.0 -9999.0 -9999.0 -9999.0 -9999.0 -9999.0 -9999.0 -9999.0 -9999.0 0.351993 0.395085 0.380991 -9999.0 -9999.0 -9999.0
-9999.0 -9999.0 -9999.0 -9999.0 -9999.0 -9999.0 -9999.0 -9999.0 -9999.0 0.373947 0.365618 0.357948 0.395915 0.386320 0.402246 -9999.0 -9999.0
-9999.0 -9999.0 -9999.0 -9999.0 -9999.0 -9999.0 -9999.0 -9999.0 0.358553 0.357379 0.368769 0.360723 0.361414 0.422441 0.386204 -9999.0 -9999.0
-9999.0 -9999.0 -9999.0 -9999.0 -9999.0 -9999.0 -9999.0 -9999.0 0.358927 0.358009 0.381341 0.365602 0.393667 0.397385 0.388250 -9999.0 -9999.0
-9999.0 -9999.0 -9999.0 -9999.0 -9999.0 -9999.0 -9999.0 0.352599 0.360911 0.373262 0.369729 0.362868 0.360738 0.386191 0.392666 -9999.0 -9999.0
-9999.0 -9999.0 -9999.0 -9999.0 -9999.0 -9999.0 0.361294 0.350739 0.367889 0.360663 0.387612 0.368224 0.358245 0.356107 0.355393 -9999.0 -9999.0
-9999.0 -9999.0 -9999.0 -9999.0 -9999.0 -9999.0 0.352322 0.352976 0.362025 0.362252 0.366253 0.385175 0.364942 0.361911 0.378228 -9999.0 -9999.0
-9999.0 -9999.0 -9999.0 -9999.0 -9999.0 -9999.0 0.352461 0.356845 0.356407 0.371684 0.355428 0.358256 0.363637 0.359520 0.371845 -9999.0 -9999.0
-9999.0 -9999.0 -9999.0 -9999.0 -9999.0 -9999.0 -9999.0 0.345330 0.357898 0.371263 0.366444 0.361455 0.361540 0.381954 0.363196 -9999.0 -9999.0
-9999.0 -9999.0 -9999.0 -9999.0 -9999.0 -9999.0 0.346414 0.353140 0.353648 0.353412 0.356054 0.359026 0.368554 0.365756 0.356972 0.357916 -9999.0
-9999.0 -9999.0 -9999.0 -9999.0 -9999.0 0.348746 0.349832 0.352275 0.348886 0.356002 0.352616 0.359358 0.371095 0.361655 0.359745 0.352866 -9999.0
-9999.0 -9999.0 -9999.0 0.351342 0.375660 0.355283 0.351516 0.348401 0.352374 0.360979 0.357589 0.360237 0.370758 0.349416 0.353481 0.362305 -9999.0
-9999.0 -9999.0 -9999.0 0.347988 0.354274 0.349109 0.355019 0.353555 0.351006 0.360179 0.357850 0.361895 0.384554 0.365880 0.385876 0.356420 -9999.0
-9999.0 -9999.0 0.346380 0.352312 0.347045 0.362143 0.352307 0.353443 0.364124 0.361771 0.366732 0.362939 0.370722 0.364001 0.380192 0.352338 -9999.0
-9999.0 0.344282 0.349697 0.347251 0.357544 0.351925 0.354469 0.360196 0.366273 0.367229 0.365670 0.353800 0.382828 0.350861 0.342941 -9999.0 -9999.0
-9999.0 0.343865 0.345831 0.351385 0.355839 0.352552 0.361958 0.366244 0.366880 0.359645 0.370394 0.360836 0.360808 0.358697 0.388589 0.399061 -9999.0
-9999.0 0.348343 0.354841 0.356471 0.362369 0.360116 0.365814 0.358760 0.370678 0.363451 0.353335 0.350832 0.347360 0.350643 0.340649 -9999.0 -9999.0
-9999.0 0.352047 0.355898 0.361136 0.355046 0.362327 0.371387 0.374039 0.373235 0.363417 0.354480 0.359216 0.357600 0.348841 -9999.0 -9999.0 -9999.0
-9999.0 -9999.0 0.362203 0.358338 0.372354 0.372862 0.373836 0.370390 0.362253 0.359632 0.350470 0.353093 0.351806 0.352802 -9999.0 -9999.0 -9999.0
-9999.0 -9999.0 0.356944 0.354165 0.372671 0.365074 0.367861 0.361482 0.359156 0.355549 0.357615 0.354970 0.344723 -9999.0 -9999.0 -9999.0 -9999.0
-9999.0 -9999.0 -9999.0 -9999.0 0.360357 0.353424 0.345254 0.349231 0.356426 0.352623 0.350424 0.356042 0.351917 -9999.0 -9999.0 -9999.0 -9999.0
-9999.0 -9999.0 -9999.0 -9999.0 -9999.0 0.353807 0.349648 0.345664 0.349717 0.361592 0.356309 0.369997 0.354600 0.352447 -9999.0 -9999.0 -9999.0
-9999.0 -9999.0 -9999.0 -9999.0 -9999.0 -9999.0 0.348425 0.347761 0.345925 0.348556 0.351163 0.353218 0.349903 0.353550 0.351035 -9999.0 -9999.0
-9999.0 -9999.0 -9999.0 -9999.0 -9999.0 -9999.0 -9999.0 0.357873 0.350448 0.353718 0.351419 0.349113 0.345272 0.348818 -9999.0 -9999.0 -9999.0
-9999.0 -9999.0 -9999.0 -9999.0 -9999.0 -9999.0 -9999.0 -9999.0 0.360104 0.353963 0.354993 0.354669 0.348304 0.343836 0.369930 -9999.0 -9999.0
-9999.0 -9999.0 -9999.0 -9999.0 -9999.0 -9999.0 -9999.0 -9999.0 -9999.0 -9999.0 -9999.0 -9999.0 -9999.0 -9999.0 -9999.0 -9999.0 -9999.0