tests/3D/WG1_2.0_001/output-maps-SE27XX/thetaiceL0001N0082.asc
ncols         17
nrows         27
xllcorner     624603.750000
yllcorner     5171346.250000
cellsize      500.000000
NODATA_value  -9999.0
-9999.0 -9999.0 -9999.0 -9999.0 -9999.0 -9999.0 -9999.0 -9999.0 -9999.0 -9999.0 -9999.0 -9999.0 -9999.0 -9999.0 -9999.0 -9999.0 -9999.0
-9999.0 -9999.0 -9999.0 -9999.0 -9999.0 -9999.0 -9999.0 -9999.0 -9999.0 -9999.0 -9999.0 0.367360 0.282337 0.281463 -9999.0 -9999.0 -9999.0
-9999.0 -9999.0 -9999.0 -9999.0 -9999.0 -9999.0 -9999.0 -9999.0 -9999.0 0.376245 0.370272 0.368025 0.282376 0.281788 0.282756 -9999.0 -9999.0
-9999.0 -9999.0 -9999.0 -9999.0 -9999.0 -9999.0 -9999.0 -9999.0 0.374305 0.367340 0.374796 0.366158 0.366874 0.283168 0.281834 -9999.0 -9999.0
-9999.0 -9999.0 -9999.0 -9999.0 -9999.0 -9999.0 -9999.0 -9999.0 0.372134 0.368069 0.368826 0.366096 0.282027 0.282451 0.281902 -9999.0 -9999.0
-9999.0 -9999.0 -9999.0 -9999.0 -9999.0 -9999.0 -9999.0 0.373452 0.367512 0.373544 0.366547 0.367148 0.366154 0.281775 0.282163 -9999.0 -9999.0
-9999.0 -9999.0 -9999.0 -9999.0 -9999.0 -9999.0 0.372436 0.368779 0.374701 0.369155 0.368227 0.366054 0.365623 0.368555 0.367942 -9999.0 -9999.0
-9999.0 -9999.0 -9999.0 -9999.0 -9999.0 -9999.0 0.375452 0.368942 0.367113 0.366066 0.371490 0.367952 0.373945 0.369799 0.366432 -9999.0 -9999.0
-9999.0 -9999.0 -9999.0 -9999.0 -9999.0 -9999.0 0.368693 0.368613 0.367675 0.371453 0.367929 0.371503 0.368860 0.365929 0.366633 -9999.0 -9999.0
-9999.0 -9999.0 -9999.0 -9999.0 -9999.0 -9999.0 -9999.0 0.371385 0.368060 0.371474 0.371759 0.368619 0.366342 0.374578 0.371248 -9999.0 -9999.0
-9999.0 -9999.0 -9999.0 -9999.0 -9999.0 -9999.0 0.372619 0.375609 0.369601 0.368682 0.370672 0.368333 0.366601 0.368287 0.367728 0.366560 -9999.0
-9999.0 -9999.0 -9999.0 -9999.0 -9999.0 0.373300 0.375489 0.374842 0.371131 0.369545 0.372026 0.366808 0.367700 0.371626 0.366576 0.366749 -9999.0
-9999.0 -9999.0 -9999.0 0.378126 0.372249 0.377299 0.374285 0.371352 0.373697 0.369439 0.367679 0.369763 0.367555 0.366864 0.369429 0.368951 -9999.0
-9999.0 -9999.0 -9999.0 0.374366 0.378422 0.371736 0.375104 0.373502 0.374162 0.372615 0.371684 0.368974 0.374484 0.368561 0.281873 0.368968 -9999.0
-9999.0 -9999.0 0.374861 0.373880 0.375481 0.371102 0.370661 0.374146 0.371854 0.371247 0.367371 0.367903 0.371975 0.374816 0.369992 0.367607 -9999.0
-9999.0 0.378041 0.378162 0.372064 0.371484 0.375537 0.371266 0.371919 0.371415 0.372220 0.368709 0.368184 0.370386 0.368027 0.368301 -9999.0 -9999.0
-9999.0 0.378266 0.375606 0.377439 0.377271 0.375807 0.375339 0.374465 0.367576 0.374322 0.373491 0.369580 0.369740 0.371404 0.281965 0.282599 -9999.0
-9999.0 0.377653 0.378276 0.376929 0.375713 0.374597 0.372891 0.373698 0.371144 0.373800 0.375409 0.375366 0.369113 0.369390 0.369559 -9999.0 -9999.0
-9999.0 0.378090 0.373292 0.375266 0.374666 0.373898 0.369891 0.370821 0.369828 0.369711 0.369573 0.371002 0.371981 0.375677 -9999.0 -9999.0 -9999.0
-9999.0 -9999.0 0.375456 0.375711 0.372763 0.372557 0.371934 0.371501 0.369203 0.373120 0.372902 0.369884 0.371609 0.369562 -9999.0 -9999.0 -9999.0
-9999.0 -9999.0 0.375909 0.373241 0.373651 0.371478 0.372286 0.370923 0.370487 0.374551 0.371922 0.378113 0.369893 -9999.0 -9999.0 -9999.0 -9999.0
-9999.0 -9999.0 -9999.0 -9999.0 0.371761 0.371788 0.370974 0.377064 0.370779 0.370956 0.373997 0.373539 0.371462 -9999.0 -9999.0 -9999.0 -9999.0
-9999.0 -9999.0 -9999.0 -9999.0 -9999.0 0.371851 0.372068 0.371472 0.376319 0.370547 0.371004 0.376683 0.377288 0.373973 -9999.0 -9999.0 -9999.0
-9999.0 -9999.0 -9999.0 -9999.0 -9999.0 -9999.0 0.371946 0.371875 0.371190 0.370932 0.370374 0.370488 0.371117 0.371048 0.370937 -9999.0 -9999.0
-9999.0 -9999.0 -9999.0 -9999.0 -9999.0 -9999.0 -9999.0 0.372828 0.371679 0.371628 0.370715 0.371566 0.371060 0.377361 -9999.0 -9999.0 -9999.0
-9999.0 -9999.0 -9999.0 -9999.0 -9999.0 -9999.0 -9999.0 -9999.0 0.373445 0.371735 0.370939 0.370948 0.370767 0.370361 0.374516 -9999.0 -9999.0
-9999.0 -9999.0 -9999.0 -9999.0 -9999.0 -9999.0 -9999.0 -9999.0 -9999.0 -9999.0 -9999.0 -9999.0 -9999.0 -9999.0 -9999.0 -9999.0 -9999.0