tests/3D/WG1_2.0_001/output-maps-SE27XX/thetaliqL0005N0055.asc
ncols         17
nrows         27
xllcorner     624603.750000
yllcorner     5171346.250000
cellsize      500.000000
NODATA_value  -9999.0
-9999.0 -9999.0 -9999.0 -9999.0 -9999.0 -9999.0 -9999.0 -9999.0 -9999.0 -9999.0 -9999.0 -9999.0 -9999.0 -9999.0 -9999.0 -9999.0 -9999.0
-9999.0 -9999.0 -9999.0 -9999.0 -9999.0 -9999.0 -9999.0 -9999.0 -9999.0 -9999.0 -9999.0 0.366051 0.398176 0.385207 -9999.0 -9999.0 -9999.0
-9999.0 -9999.0 -9999.0 -9999.0 -9999.0 -9999.0 -9999.0 -9999.0 -9999.0 0.392705 0.385118 0.371955 0.398775 0.389882 0.405804 -9999.0 -9999.0
-9999.0 -9999.0 -9999.0 -9999.0 -9999.0 -9999.0 -9999.0 -9999.0 0.387529 0.374086 0.398233 0.372464 0.378406 0.424471 0.390141 -9999.0 -9999.0
-9999.0 -9999.0 -9999.0 -9999.0 -9999.0 -9999.0 -9999.0 -9999.0 0.381788 0.373049 0.402062 0.374917 0.395366 0.400124 0.391466 -9999.0 -9999.0
-9999.0 -9999.0 -9999.0 -9999.0 -9999.0 -9999.0 -9999.0 0.379172 0.376194 0.396642 0.385310 0.373936 0.372921 0.389717 0.395527 -9999.0 -9999.0
-9999.0 -9999.0 -9999.0 -9999.0 -9999.0 -9999.0 0.385363 0.369175 0.394467 0.381544 0.404544 0.382202 0.370013 0.370477 0.369130 -9999.0 -9999.0
-9999.0 -9999.0 -9999.0 -9999.0 -9999.0 -9999.0 0.381829 0.374961 0.378414 0.378891 0.386429 0.403323 0.394363 0.380188 0.397228 -9999.0 -9999.0
-9999.0 -9999.0 -9999.0 -9999.0 -9999.0 -9999.0 0.370251 0.375657 0.374141 0.398176 0.372049 0.379074 0.377750 0.372884 0.389017 -9999.0 -9999.0
-9999.0 -9999.0 -9999.0 -9999.0 -9999.0 -9999.0 -9999.0 0.369054 0.377853 0.393325 0.385370 0.382680 0.375336 0.415075 0.382743 -9999.0 -9999.0
-9999.0 -9999.0 -9999.0 -9999.0 -9999.0 -9999.0 0.371833 0.384355 0.374614 0.374118 0.379324 0.380055 0.384977 0.381292 0.370216 0.372905 -9999.0
-9999.0 -9999.0 -9999.0 -9999.0 -9999.0 0.374324 0.379639 0.379440 0.371195 0.379266 0.376957 0.378045 0.392281 0.382202 0.374717 0.366739 -9999.0
-9999.0 -9999.0 -9999.0 0.379268 0.387600 0.385443 0.380076 0.370446 0.376873 0.379170 0.373629 0.383109 0.392078 0.364531 0.370063 0.378605 -9999.0
-9999.0 -9999.0 -9999.0 0.373122 0.384850 0.370167 0.380551 0.375869 0.378331 0.387244 0.384180 0.377296 0.404503 0.381872 0.389485 0.373564 -9999.0
-9999.0 -9999.0 0.372146 0.374822 0.374426 0.384888 0.371672 0.376375 0.382990 0.379275 0.380117 0.380796 0.389584 0.388964 0.399042 0.369296 -9999.0
-9999.0 0.373265 0.376442 0.368899 0.378729 0.378763 0.372467 0.378411 0.382613 0.392235 0.384604 0.368767 0.402841 0.367304 0.361048 -9999.0 -9999.0
-9999.0 0.375551 0.371310 0.382048 0.386243 0.382648 0.388275 0.392316 0.380746 0.386913 0.394140 0.381085 0.379527 0.382400 0.392041 0.402379 -9999.0
-9999.0 0.377049 0.383522 0.383765 0.387341 0.381979 0.389081 0.384237 0.387547 0.388730 0.381341 0.376864 0.366410 0.368698 0.359633 -9999.0 -9999.0
-9999.0 0.383313 0.375046 0.385654 0.384611 0.385288 0.386802 0.390767 0.388155 0.380208 0.372569 0.378518 0.381130 0.378014 -9999.0 -9999.0 -9999.0
-9999.0 -9999.0 0.387289 0.386756 0.390670 0.391440 0.391494 0.387761 0.377289 0.382818 0.371163 0.373337 0.372843 0.371303 -9999.0 -9999.0 -9999.0
-9999.0 -9999.0 0.388036 0.382756 0.393399 0.382219 0.391628 0.383414 0.378285 0.377534 0.380335 0.385730 0.363511 -9999.0 -9999.0 -9999.0 -9999.0
-9999.0 -9999.0 -9999.0 -9999.0 0.378484 0.374393 0.364960 0.377407 0.376149 0.370410 0.374319 0.379041 0.375400 -9999.0 -9999.0 -9999.0 -9999.0
-9999.0 -9999.0 -9999.0 -9999.0 -9999.0 0.373470 0.368581 0.362996 0.374893 0.374213 0.376149 0.397423 0.384061 0.376943 -9999.0 -9999.0 -9999.0
-9999.0 -9999.0 -9999.0 -9999.0 -9999.0 -9999.0 0.364125 0.363963 0.366860 0.366476 0.368508 0.371472 0.370270 0.375484 0.372423 -9999.0 -9999.0
-9999.0 -9999.0 -9999.0 -9999.0 -9999.0 -9999.0 -9999.0 0.368210 0.373024 0.375522 0.368742 0.369450 0.365485 0.378108 -9999.0 -9999.0 -9999.0
-9999.0 -9999.0 -9999.0 -9999.0 -9999.0 -9999.0 -9999.0 -9999.0 0.381365 0.374740 0.370772 0.371254 0.365439 0.361258 0.379949 -9999.0 -9999.0
-9999.0 -9999.0 -9999.0 -9999.0 -9999.0 -9999.0 -9999.0 -9999.0 -9999.0 -9999.0 -9999.0 -9999.0 -9999.0 -9999.0 -9999.0 -9999.0 -9999.0