tests/3D/WG1_2.0_001/output-maps-SE27XX/thetaliqL0001N0027.asc
ncols         17
nrows         27
xllcorner     624603.750000
yllcorner     5171346.250000
cellsize      500.000000
NODATA_value  -9999.0
-9999.0 -9999.0 -9999.0 -9999.0 -9999.0 -9999.0 -9999.0 -9999.0 -9999.0 -9999.0 -9999.0 -9999.0 -9999.0 -9999.0 -9999.0 -9999.0 -9999.0
-9999.0 -9999.0 -9999.0 -9999.0 -9999.0 -9999.0 -9999.0 -9999.0 -9999.0 -9999.0 -9999.0 0.121839 0.219380 0.218569 -9999.0 -9999.0 -9999.0
-9999.0 -9999.0 -9999.0 -9999.0 -9999.0 -9999.0 -9999.0 -9999.0 -9999.0 0.251088 0.282204 0.211190 0.219411 0.218861 0.219820 -9999.0 -9999.0
-9999.0 -9999.0 -9999.0 -9999.0 -9999.0 -9999.0 -9999.0 -9999.0 0.293998 0.123860 0.326993 0.123829 0.123770 0.220588 0.218905 -9999.0 -9999.0
-9999.0 -9999.0 -9999.0 -9999.0 -9999.0 -9999.0 -9999.0 -9999.0 0.263835 0.218701 0.324629 0.240430 0.219076 0.219482 0.218964 -9999.0 -9999.0
-9999.0 -9999.0 -9999.0 -9999.0 -9999.0 -9999.0 -9999.0 0.274830 0.186512 0.310382 0.269213 0.202999 0.124079 0.218849 0.219214 -9999.0 -9999.0
-9999.0 -9999.0 -9999.0 -9999.0 -9999.0 -9999.0 0.254676 0.245807 0.321128 0.152792 0.129588 0.126952 0.125907 0.208163 0.127053 -9999.0 -9999.0
-9999.0 -9999.0 -9999.0 -9999.0 -9999.0 -9999.0 0.299172 0.277682 0.127450 0.128680 0.180852 0.129337 0.317733 0.289195 0.127829 -9999.0 -9999.0
-9999.0 -9999.0 -9999.0 -9999.0 -9999.0 -9999.0 0.126648 0.126211 0.209532 0.299274 0.178504 0.319754 0.291222 0.124828 0.125936 -9999.0 -9999.0
-9999.0 -9999.0 -9999.0 -9999.0 -9999.0 -9999.0 -9999.0 0.268596 0.217284 0.306421 0.214107 0.206999 0.125758 0.350570 0.269321 -9999.0 -9999.0
-9999.0 -9999.0 -9999.0 -9999.0 -9999.0 -9999.0 0.249772 0.304450 0.296902 0.271410 0.238734 0.160072 0.128515 0.301238 0.190671 0.123778 -9999.0
-9999.0 -9999.0 -9999.0 -9999.0 -9999.0 0.240379 0.284773 0.293278 0.254258 0.301501 0.288753 0.170054 0.173947 0.281828 0.127971 0.123737 -9999.0
-9999.0 -9999.0 -9999.0 0.298163 0.130440 0.310233 0.283518 0.245007 0.268452 0.274166 0.222686 0.191519 0.135741 0.129347 0.234333 0.294324 -9999.0
-9999.0 -9999.0 -9999.0 0.267619 0.309795 0.253361 0.249100 0.269402 0.301639 0.281257 0.274336 0.260134 0.334653 0.297596 0.218975 0.287718 -9999.0
-9999.0 -9999.0 0.264692 0.262293 0.287673 0.198214 0.261688 0.276064 0.296851 0.262267 0.276353 0.130281 0.311678 0.312940 0.248190 0.124690 -9999.0
-9999.0 0.266313 0.262313 0.258995 0.136730 0.266279 0.277173 0.303551 0.293436 0.295853 0.271536 0.182580 0.163394 0.125810 0.124246 -9999.0 -9999.0
-9999.0 0.276908 0.235649 0.294737 0.303160 0.295920 0.319085 0.321177 0.301569 0.306682 0.271934 0.127210 0.126777 0.282224 0.218995 0.219628 -9999.0
-9999.0 0.289024 0.282278 0.313183 0.318998 0.306759 0.313217 0.275479 0.311935 0.293768 0.275403 0.242948 0.125051 0.124908 0.123798 -9999.0 -9999.0
-9999.0 0.295718 0.309637 0.315323 0.299985 0.311049 0.313990 0.313433 0.299146 0.290411 0.126466 0.282199 0.307000 0.285154 -9999.0 -9999.0 -9999.0
-9999.0 -9999.0 0.323923 0.309558 0.325484 0.315018 0.303705 0.304085 0.292401 0.269274 0.258481 0.127194 0.258891 0.127406 -9999.0 -9999.0 -9999.0
-9999.0 -9999.0 0.311143 0.308820 0.321562 0.288367 0.286286 0.138765 0.132488 0.253429 0.234755 0.314001 0.126406 -9999.0 -9999.0 -9999.0 -9999.0
-9999.0 -9999.0 -9999.0 -9999.0 0.287776 0.155850 0.189182 0.260708 0.175836 0.291099 0.257416 0.273156 0.303698 -9999.0 -9999.0 -9999.0 -9999.0
-9999.0 -9999.0 -9999.0 -9999.0 -9999.0 0.131038 0.126524 0.128586 0.245536 0.126403 0.233975 0.323953 0.308849 0.279545 -9999.0 -9999.0 -9999.0
-9999.0 -9999.0 -9999.0 -9999.0 -9999.0 -9999.0 0.125853 0.125745 0.234604 0.131828 0.131889 0.136672 0.302557 0.282563 0.215261 -9999.0 -9999.0
-9999.0 -9999.0 -9999.0 -9999.0 -9999.0 -9999.0 -9999.0 0.124593 0.254965 0.315939 0.126357 0.175556 0.176262 0.288888 -9999.0 -9999.0 -9999.0
-9999.0 -9999.0 -9999.0 -9999.0 -9999.0 -9999.0 -9999.0 -9999.0 0.282345 0.201637 0.126411 0.126634 0.125806 0.125039 0.130771 -9999.0 -9999.0
-9999.0 -9999.0 -9999.0 -9999.0 -9999.0 -9999.0 -9999.0 -9999.0 -9999.0 -9999.0 -9999.0 -9999.0 -9999.0 -9999.0 -9999.0 -9999.0 -9999.0