tests/3D/WG1_2.0_001/output-maps-SE27XX/thetaliqL0005N0048.asc
ncols         17
nrows         27
xllcorner     624603.750000
yllcorner     5171346.250000
cellsize      500.000000
NODATA_value  -9999.0
-9999.0 -9999.0 -9999.0 -9999.0 -9999.0 -9999.0 -9999.0 -9999.0 -9999.0 -9999.0 -9999.0 -9999.0 -9999.0 -9999.0 -9999.0 -9999.0 -9999.0
-9999.0 -9999.0 -9999.0 -9999.0 -9999.0 -9999.0 -9999.0 -9999.0 -9999.0 -9999.0 -9999.0 0.368278 0.398983 0.386091 -9999.0 -9999.0 -9999.0
-9999.0 -9999.0 -9999.0 -9999.0 -9999.0 -9999.0 -9999.0 -9999.0 -9999.0 0.396675 0.387258 0.374494 0.399556 0.390667 0.406768 -9999.0 -9999.0
-9999.0 -9999.0 -9999.0 -9999.0 -9999.0 -9999.0 -9999.0 -9999.0 0.391950 0.376157 0.400985 0.373954 0.381417 0.425367 0.391000 -9999.0 -9999.0
-9999.0 -9999.0 -9999.0 -9999.0 -9999.0 -9999.0 -9999.0 -9999.0 0.384919 0.375991 0.405056 0.377471 0.395770 0.400852 0.392243 -9999.0 -9999.0
-9999.0 -9999.0 -9999.0 -9999.0 -9999.0 -9999.0 -9999.0 0.383208 0.378276 0.400086 0.386996 0.376682 0.374673 0.390499 0.396258 -9999.0 -9999.0
-9999.0 -9999.0 -9999.0 -9999.0 -9999.0 -9999.0 0.388148 0.371623 0.397153 0.384082 0.408717 0.383921 0.371904 0.373378 0.371775 -9999.0 -9999.0
-9999.0 -9999.0 -9999.0 -9999.0 -9999.0 -9999.0 0.386276 0.377733 0.380722 0.381417 0.388666 0.407493 0.398243 0.383076 0.400265 -9999.0 -9999.0
-9999.0 -9999.0 -9999.0 -9999.0 -9999.0 -9999.0 0.374502 0.379684 0.376445 0.402052 0.374033 0.381866 0.380404 0.374840 0.391925 -9999.0 -9999.0
-9999.0 -9999.0 -9999.0 -9999.0 -9999.0 -9999.0 -9999.0 0.372397 0.380406 0.396398 0.387900 0.384654 0.377045 0.419500 0.385938 -9999.0 -9999.0
-9999.0 -9999.0 -9999.0 -9999.0 -9999.0 -9999.0 0.375299 0.388777 0.378100 0.376855 0.381475 0.381996 0.386625 0.384259 0.373213 0.375133 -9999.0
-9999.0 -9999.0 -9999.0 -9999.0 -9999.0 0.377182 0.383826 0.384082 0.374785 0.381880 0.379693 0.380006 0.394123 0.385009 0.377084 0.368795 -9999.0
-9999.0 -9999.0 -9999.0 0.383013 0.394200 0.389690 0.384155 0.374043 0.380229 0.381947 0.376511 0.384939 0.393836 0.366962 0.373421 0.381564 -9999.0
-9999.0 -9999.0 -9999.0 0.376758 0.389367 0.373762 0.383438 0.379385 0.381815 0.390790 0.386625 0.379729 0.405179 0.384922 0.390183 0.376715 -9999.0
-9999.0 -9999.0 0.375752 0.378151 0.378790 0.387720 0.375168 0.379532 0.385390 0.381380 0.382328 0.383151 0.391912 0.391971 0.403653 0.372738 -9999.0
-9999.0 0.377457 0.379880 0.371951 0.382448 0.381969 0.375651 0.380639 0.384567 0.395456 0.386711 0.371390 0.406896 0.370270 0.365003 -9999.0 -9999.0
-9999.0 0.379725 0.374200 0.385261 0.389050 0.385519 0.390939 0.394730 0.382239 0.389598 0.396063 0.385052 0.383938 0.386001 0.392784 0.403243 -9999.0
-9999.0 0.380278 0.387745 0.386691 0.389737 0.383839 0.389703 0.387621 0.389290 0.392326 0.385236 0.379833 0.370556 0.373614 0.363665 -9999.0 -9999.0
-9999.0 0.386289 0.377483 0.387739 0.386485 0.386699 0.388115 0.392610 0.390489 0.383128 0.376171 0.382174 0.383749 0.382263 -9999.0 -9999.0 -9999.0
-9999.0 -9999.0 0.389529 0.388572 0.392138 0.393484 0.394357 0.390674 0.379772 0.385731 0.375282 0.377342 0.376230 0.375107 -9999.0 -9999.0 -9999.0
-9999.0 -9999.0 0.389803 0.384326 0.396051 0.385731 0.393520 0.385984 0.381121 0.380579 0.382920 0.389275 0.367398 -9999.0 -9999.0 -9999.0 -9999.0
-9999.0 -9999.0 -9999.0 -9999.0 0.382208 0.377182 0.368050 0.381343 0.378859 0.373083 0.376791 0.382751 0.378435 -9999.0 -9999.0 -9999.0 -9999.0
-9999.0 -9999.0 -9999.0 -9999.0 -9999.0 0.377917 0.373430 0.368096 0.377588 0.378102 0.378870 0.401615 0.387932 0.380991 -9999.0 -9999.0 -9999.0
-9999.0 -9999.0 -9999.0 -9999.0 -9999.0 -9999.0 0.369307 0.369273 0.370611 0.370941 0.372548 0.375667 0.373350 0.379029 0.377050 -9999.0 -9999.0
-9999.0 -9999.0 -9999.0 -9999.0 -9999.0 -9999.0 -9999.0 0.374154 0.376895 0.378744 0.373154 0.373220 0.369946 0.382485 -9999.0 -9999.0 -9999.0
-9999.0 -9999.0 -9999.0 -9999.0 -9999.0 -9999.0 -9999.0 -9999.0 0.385779 0.379258 0.375371 0.375556 0.370019 0.365474 0.385682 -9999.0 -9999.0
-9999.0 -9999.0 -9999.0 -9999.0 -9999.0 -9999.0 -9999.0 -9999.0 -9999.0 -9999.0 -9999.0 -9999.0 -9999.0 -9999.0 -9999.0 -9999.0 -9999.0