tests/3D/WG1_2.0_001/output-maps-SE27XX/thetaliqL0003N0010.asc
ncols         17
nrows         27
xllcorner     624603.750000
yllcorner     5171346.250000
cellsize      500.000000
NODATA_value  -9999.0
-9999.0 -9999.0 -9999.0 -9999.0 -9999.0 -9999.0 -9999.0 -9999.0 -9999.0 -9999.0 -9999.0 -9999.0 -9999.0 -9999.0 -9999.0 -9999.0 -9999.0
-9999.0 -9999.0 -9999.0 -9999.0 -9999.0 -9999.0 -9999.0 -9999.0 -9999.0 -9999.0 -9999.0 0.305415 0.324090 0.311058 -9999.0 -9999.0 -9999.0
-9999.0 -9999.0 -9999.0 -9999.0 -9999.0 -9999.0 -9999.0 -9999.0 -9999.0 0.323759 0.322846 0.313296 0.324628 0.315296 0.333237 -9999.0 -9999.0
-9999.0 -9999.0 -9999.0 -9999.0 -9999.0 -9999.0 -9999.0 -9999.0 0.321260 0.317360 0.325507 0.321420 0.323286 0.356174 0.315985 -9999.0 -9999.0
-9999.0 -9999.0 -9999.0 -9999.0 -9999.0 -9999.0 -9999.0 -9999.0 0.319258 0.317127 0.341837 0.317884 0.318684 0.325953 0.316894 -9999.0 -9999.0
-9999.0 -9999.0 -9999.0 -9999.0 -9999.0 -9999.0 -9999.0 0.315802 0.318671 0.326525 0.320513 0.317606 0.323722 0.315109 0.321096 -9999.0 -9999.0
-9999.0 -9999.0 -9999.0 -9999.0 -9999.0 -9999.0 0.324310 0.311995 0.323937 0.313200 0.352177 0.325720 0.322319 0.316926 0.311158 -9999.0 -9999.0
-9999.0 -9999.0 -9999.0 -9999.0 -9999.0 -9999.0 0.317452 0.317423 0.322425 0.313915 0.321503 0.350967 0.326015 0.323057 0.342752 -9999.0 -9999.0
-9999.0 -9999.0 -9999.0 -9999.0 -9999.0 -9999.0 0.316853 0.322279 0.319713 0.334796 0.307721 0.308307 0.318821 0.325051 0.335628 -9999.0 -9999.0
-9999.0 -9999.0 -9999.0 -9999.0 -9999.0 -9999.0 -9999.0 0.311886 0.323268 0.326061 0.320849 0.318265 0.322563 0.346251 0.319059 -9999.0 -9999.0
-9999.0 -9999.0 -9999.0 -9999.0 -9999.0 -9999.0 0.313467 0.319995 0.317591 0.308908 0.316718 0.317668 0.329951 0.321911 0.320539 0.324411 -9999.0
-9999.0 -9999.0 -9999.0 -9999.0 -9999.0 0.313631 0.318037 0.317992 0.303264 0.314450 0.313685 0.315805 0.336628 0.319250 0.320278 0.319547 -9999.0
-9999.0 -9999.0 -9999.0 0.313727 0.341870 0.320828 0.318680 0.304283 0.308182 0.308645 0.309614 0.322197 0.336058 0.303023 0.315784 0.319512 -9999.0
-9999.0 -9999.0 -9999.0 0.311864 0.322942 0.312675 0.317341 0.308296 0.314530 0.322433 0.316981 0.309064 0.329430 0.325142 0.314514 0.320162 -9999.0
-9999.0 -9999.0 0.312596 0.315070 0.314221 0.329823 0.308511 0.311136 0.316011 0.313299 0.313184 0.317948 0.320662 0.322711 0.346552 0.320154 -9999.0
-9999.0 0.310185 0.312344 0.307514 0.318694 0.316900 0.309210 0.312648 0.317048 0.331543 0.323169 0.306319 0.348807 0.315004 0.311112 -9999.0 -9999.0
-9999.0 0.310674 0.310930 0.313674 0.318161 0.318169 0.323979 0.325784 0.314717 0.321872 0.333511 0.330798 0.328235 0.326251 0.317404 0.328859 -9999.0
-9999.0 0.310244 0.323341 0.321206 0.322395 0.316760 0.322422 0.323016 0.321013 0.329047 0.316949 0.313620 0.316379 0.318340 0.306926 -9999.0 -9999.0
-9999.0 0.318997 0.312957 0.320533 0.322357 0.321702 0.321753 0.326140 0.324432 0.319654 0.317555 0.317923 0.324115 0.316361 -9999.0 -9999.0 -9999.0
-9999.0 -9999.0 0.325125 0.328321 0.327538 0.329504 0.332332 0.327444 0.313355 0.323240 0.305182 0.323237 0.315459 0.316916 -9999.0 -9999.0 -9999.0
-9999.0 -9999.0 0.327216 0.326003 0.333112 0.324361 0.333728 0.325706 0.318424 0.314573 0.319243 0.320850 0.314373 -9999.0 -9999.0 -9999.0 -9999.0
-9999.0 -9999.0 -9999.0 -9999.0 0.320155 0.318071 0.307016 0.316263 0.315330 0.306720 0.311409 0.319643 0.321061 -9999.0 -9999.0 -9999.0 -9999.0
-9999.0 -9999.0 -9999.0 -9999.0 -9999.0 0.319873 0.320887 0.310155 0.308440 0.318211 0.312414 0.331545 0.318502 0.316501 -9999.0 -9999.0 -9999.0
-9999.0 -9999.0 -9999.0 -9999.0 -9999.0 -9999.0 0.316950 0.315815 0.314044 0.307167 0.309727 0.311967 0.315414 0.318439 0.316994 -9999.0 -9999.0
-9999.0 -9999.0 -9999.0 -9999.0 -9999.0 -9999.0 -9999.0 0.323343 0.319456 0.318816 0.318388 0.308473 0.304086 0.316665 -9999.0 -9999.0 -9999.0
-9999.0 -9999.0 -9999.0 -9999.0 -9999.0 -9999.0 -9999.0 -9999.0 0.323722 0.319291 0.318630 0.318339 0.314391 0.308398 0.333011 -9999.0 -9999.0
-9999.0 -9999.0 -9999.0 -9999.0 -9999.0 -9999.0 -9999.0 -9999.0 -9999.0 -9999.0 -9999.0 -9999.0 -9999.0 -9999.0 -9999.0 -9999.0 -9999.0