tests/3D/WG1_2.0_001/output-maps-SE27XX/thetaliqL0002N0040.asc
ncols         17
nrows         27
xllcorner     624603.750000
yllcorner     5171346.250000
cellsize      500.000000
NODATA_value  -9999.0
-9999.0 -9999.0 -9999.0 -9999.0 -9999.0 -9999.0 -9999.0 -9999.0 -9999.0 -9999.0 -9999.0 -9999.0 -9999.0 -9999.0 -9999.0 -9999.0 -9999.0
-9999.0 -9999.0 -9999.0 -9999.0 -9999.0 -9999.0 -9999.0 -9999.0 -9999.0 -9999.0 -9999.0 0.153624 0.308817 0.294806 -9999.0 -9999.0 -9999.0
-9999.0 -9999.0 -9999.0 -9999.0 -9999.0 -9999.0 -9999.0 -9999.0 -9999.0 0.147402 0.162122 0.158553 0.309419 0.299382 0.318661 -9999.0 -9999.0
-9999.0 -9999.0 -9999.0 -9999.0 -9999.0 -9999.0 -9999.0 -9999.0 0.254041 0.155858 0.286660 0.157734 0.144803 0.340057 0.300091 -9999.0 -9999.0
-9999.0 -9999.0 -9999.0 -9999.0 -9999.0 -9999.0 -9999.0 -9999.0 0.177878 0.159697 0.155777 0.159330 0.303171 0.310865 0.301096 -9999.0 -9999.0
-9999.0 -9999.0 -9999.0 -9999.0 -9999.0 -9999.0 -9999.0 0.228108 0.155547 0.275912 0.256415 0.158680 0.157216 0.299185 0.305590 -9999.0 -9999.0
-9999.0 -9999.0 -9999.0 -9999.0 -9999.0 -9999.0 0.151676 0.154705 0.265642 0.157751 0.132957 0.154043 0.157668 0.158776 0.160187 -9999.0 -9999.0
-9999.0 -9999.0 -9999.0 -9999.0 -9999.0 -9999.0 0.203177 0.155106 0.149280 0.143230 0.161642 0.134149 0.274848 0.203287 0.144333 -9999.0 -9999.0
-9999.0 -9999.0 -9999.0 -9999.0 -9999.0 -9999.0 0.134436 0.134961 0.152443 0.168693 0.160010 0.158476 0.167321 0.157507 0.142158 -9999.0 -9999.0
-9999.0 -9999.0 -9999.0 -9999.0 -9999.0 -9999.0 -9999.0 0.155578 0.154908 0.262594 0.153967 0.156909 0.155642 0.186601 0.235846 -9999.0 -9999.0
-9999.0 -9999.0 -9999.0 -9999.0 -9999.0 -9999.0 0.154199 0.201540 0.156796 0.156252 0.155574 0.159364 0.153865 0.168554 0.158353 0.153952 -9999.0
-9999.0 -9999.0 -9999.0 -9999.0 -9999.0 0.152475 0.180675 0.216189 0.155358 0.155154 0.156234 0.157540 0.151830 0.255049 0.151469 0.155469 -9999.0
-9999.0 -9999.0 -9999.0 0.153558 0.124725 0.161279 0.186963 0.155239 0.163801 0.182725 0.159462 0.157071 0.151549 0.153426 0.159976 0.158206 -9999.0
-9999.0 -9999.0 -9999.0 0.158674 0.153106 0.156226 0.151934 0.163631 0.155692 0.155684 0.158534 0.159824 0.286998 0.152874 0.301569 0.162260 -9999.0
-9999.0 -9999.0 0.154236 0.154929 0.199322 0.148093 0.154693 0.156365 0.160193 0.160444 0.156838 0.141197 0.266347 0.264342 0.136571 0.139957 -9999.0
-9999.0 0.151760 0.152928 0.153721 0.138014 0.154586 0.155965 0.186623 0.168357 0.153630 0.152938 0.153239 0.135955 0.146789 0.140804 -9999.0 -9999.0
-9999.0 0.156241 0.154872 0.170592 0.183448 0.158862 0.176982 0.208322 0.206846 0.159287 0.155497 0.134968 0.133747 0.149802 0.302682 0.313984 -9999.0
-9999.0 0.188357 0.154500 0.160723 0.191084 0.203075 0.212272 0.158378 0.185389 0.150044 0.153824 0.152433 0.135210 0.132444 0.139538 -9999.0 -9999.0
-9999.0 0.159562 0.184227 0.210093 0.189845 0.211858 0.181450 0.153370 0.151799 0.149744 0.134260 0.182268 0.152027 0.199850 -9999.0 -9999.0 -9999.0
-9999.0 -9999.0 0.200358 0.214567 0.209738 0.155550 0.148801 0.152949 0.157642 0.154339 0.155602 0.136372 0.155251 0.136603 -9999.0 -9999.0 -9999.0
-9999.0 -9999.0 0.204971 0.202437 0.150390 0.151343 0.149968 0.148608 0.138449 0.155203 0.153042 0.207202 0.137830 -9999.0 -9999.0 -9999.0 -9999.0
-9999.0 -9999.0 -9999.0 -9999.0 0.150027 0.148666 0.150569 0.153152 0.149555 0.154275 0.154340 0.153892 0.150986 -9999.0 -9999.0 -9999.0 -9999.0
-9999.0 -9999.0 -9999.0 -9999.0 -9999.0 0.132684 0.131629 0.130299 0.153149 0.130968 0.151868 0.163020 0.210503 0.179034 -9999.0 -9999.0 -9999.0
-9999.0 -9999.0 -9999.0 -9999.0 -9999.0 -9999.0 0.130729 0.129971 0.147185 0.132587 0.133847 0.135037 0.150916 0.148612 0.140415 -9999.0 -9999.0
-9999.0 -9999.0 -9999.0 -9999.0 -9999.0 -9999.0 -9999.0 0.128758 0.146969 0.149475 0.132733 0.143320 0.139821 0.174024 -9999.0 -9999.0 -9999.0
-9999.0 -9999.0 -9999.0 -9999.0 -9999.0 -9999.0 -9999.0 -9999.0 0.141828 0.137503 0.132226 0.133479 0.133429 0.134395 0.128094 -9999.0 -9999.0
-9999.0 -9999.0 -9999.0 -9999.0 -9999.0 -9999.0 -9999.0 -9999.0 -9999.0 -9999.0 -9999.0 -9999.0 -9999.0 -9999.0 -9999.0 -9999.0 -9999.0