tests/3D/WG1_2.0_001/output-maps-SE27XX/thetaiceL0002N0045.asc
ncols         17
nrows         27
xllcorner     624603.750000
yllcorner     5171346.250000
cellsize      500.000000
NODATA_value  -9999.0
-9999.0 -9999.0 -9999.0 -9999.0 -9999.0 -9999.0 -9999.0 -9999.0 -9999.0 -9999.0 -9999.0 -9999.0 -9999.0 -9999.0 -9999.0 -9999.0 -9999.0
-9999.0 -9999.0 -9999.0 -9999.0 -9999.0 -9999.0 -9999.0 -9999.0 -9999.0 -9999.0 -9999.0 0.347556 0.111760 0.106576 -9999.0 -9999.0 -9999.0
-9999.0 -9999.0 -9999.0 -9999.0 -9999.0 -9999.0 -9999.0 -9999.0 -9999.0 0.355125 0.342579 0.339218 0.112054 0.108391 0.114635 -9999.0 -9999.0
-9999.0 -9999.0 -9999.0 -9999.0 -9999.0 -9999.0 -9999.0 -9999.0 0.340860 0.340866 0.298751 0.337836 0.346455 0.119750 0.108666 -9999.0 -9999.0
-9999.0 -9999.0 -9999.0 -9999.0 -9999.0 -9999.0 -9999.0 -9999.0 0.343250 0.342506 0.337310 0.336504 0.109744 0.112576 0.109065 -9999.0 -9999.0
-9999.0 -9999.0 -9999.0 -9999.0 -9999.0 -9999.0 -9999.0 0.345979 0.341086 0.303528 0.271549 0.335970 0.334432 0.108315 0.110624 -9999.0 -9999.0
-9999.0 -9999.0 -9999.0 -9999.0 -9999.0 -9999.0 0.351849 0.344791 0.342235 0.343650 0.355208 0.337595 0.336893 0.338797 0.339213 -9999.0 -9999.0
-9999.0 -9999.0 -9999.0 -9999.0 -9999.0 -9999.0 0.349669 0.348419 0.340979 0.347728 0.340726 0.355619 0.309752 0.335876 0.352141 -9999.0 -9999.0
-9999.0 -9999.0 -9999.0 -9999.0 -9999.0 -9999.0 0.343610 0.345117 0.338509 0.340068 0.330491 0.336140 0.338193 0.337502 0.346520 -9999.0 -9999.0
-9999.0 -9999.0 -9999.0 -9999.0 -9999.0 -9999.0 -9999.0 0.349011 0.344251 0.316143 0.350098 0.334405 0.334683 0.349419 0.325651 -9999.0 -9999.0
-9999.0 -9999.0 -9999.0 -9999.0 -9999.0 -9999.0 0.344113 0.349235 0.343086 0.338782 0.338527 0.333227 0.332413 0.338925 0.338593 0.340607 -9999.0
-9999.0 -9999.0 -9999.0 -9999.0 -9999.0 0.344496 0.347759 0.345803 0.337058 0.337402 0.337132 0.330052 0.333426 0.287375 0.340986 0.341126 -9999.0
-9999.0 -9999.0 -9999.0 0.343685 0.364302 0.352835 0.347035 0.335351 0.337674 0.334439 0.328519 0.330932 0.329215 0.339259 0.342908 0.340656 -9999.0
-9999.0 -9999.0 -9999.0 0.343254 0.344516 0.343667 0.336902 0.335854 0.333051 0.335951 0.326387 0.325352 0.238892 0.335867 0.109092 0.343499 -9999.0
-9999.0 -9999.0 0.340014 0.342143 0.344168 0.347929 0.338286 0.330535 0.328352 0.325309 0.320894 0.337153 0.271940 0.304760 0.362568 0.344151 -9999.0
-9999.0 0.333774 0.332798 0.348056 0.355126 0.328815 0.328443 0.324485 0.325711 0.321834 0.322849 0.329860 0.356395 0.343717 0.346082 -9999.0 -9999.0
-9999.0 0.333323 0.330458 0.334605 0.339296 0.330677 0.322989 0.318974 0.309913 0.322861 0.336722 0.345740 0.346196 0.356088 0.109437 0.113636 -9999.0
-9999.0 0.333126 0.331615 0.321663 0.319463 0.297092 0.283872 0.336225 0.317038 0.325285 0.331415 0.335034 0.344625 0.349401 0.350122 -9999.0 -9999.0
-9999.0 0.329117 0.322576 0.308470 0.332048 0.286890 0.313158 0.318732 0.321805 0.327768 0.343738 0.344275 0.347144 0.349471 -9999.0 -9999.0 -9999.0
-9999.0 -9999.0 0.314584 0.317584 0.302741 0.318604 0.321147 0.319907 0.324633 0.332340 0.335810 0.343658 0.348431 0.343264 -9999.0 -9999.0 -9999.0
-9999.0 -9999.0 0.326099 0.300158 0.320500 0.325100 0.324238 0.340695 0.345349 0.331192 0.343226 0.349513 0.343905 -9999.0 -9999.0 -9999.0 -9999.0
-9999.0 -9999.0 -9999.0 -9999.0 0.322878 0.341770 0.344446 0.330486 0.350561 0.340999 0.341999 0.345500 0.349598 -9999.0 -9999.0 -9999.0 -9999.0
-9999.0 -9999.0 -9999.0 -9999.0 -9999.0 0.355376 0.349890 0.349817 0.333325 0.349482 0.351786 0.346384 0.349674 0.351186 -9999.0 -9999.0 -9999.0
-9999.0 -9999.0 -9999.0 -9999.0 -9999.0 -9999.0 0.345624 0.348321 0.356594 0.354302 0.353285 0.358019 0.350464 0.357407 0.364791 -9999.0 -9999.0
-9999.0 -9999.0 -9999.0 -9999.0 -9999.0 -9999.0 -9999.0 0.348932 0.359207 0.354947 0.347033 0.362592 0.363974 0.350408 -9999.0 -9999.0 -9999.0
-9999.0 -9999.0 -9999.0 -9999.0 -9999.0 -9999.0 -9999.0 -9999.0 0.365429 0.365012 0.345205 0.344017 0.346006 0.344983 0.360577 -9999.0 -9999.0
-9999.0 -9999.0 -9999.0 -9999.0 -9999.0 -9999.0 -9999.0 -9999.0 -9999.0 -9999.0 -9999.0 -9999.0 -9999.0 -9999.0 -9999.0 -9999.0 -9999.0