tests/3D/WG1_2.0_001/output-maps-SE27XX/thetaliqL0004N0016.asc
ncols         17
nrows         27
xllcorner     624603.750000
yllcorner     5171346.250000
cellsize      500.000000
NODATA_value  -9999.0
-9999.0 -9999.0 -9999.0 -9999.0 -9999.0 -9999.0 -9999.0 -9999.0 -9999.0 -9999.0 -9999.0 -9999.0 -9999.0 -9999.0 -9999.0 -9999.0 -9999.0
-9999.0 -9999.0 -9999.0 -9999.0 -9999.0 -9999.0 -9999.0 -9999.0 -9999.0 -9999.0 -9999.0 0.317519 0.338335 0.325576 -9999.0 -9999.0 -9999.0
-9999.0 -9999.0 -9999.0 -9999.0 -9999.0 -9999.0 -9999.0 -9999.0 -9999.0 0.331618 0.328776 0.316682 0.338882 0.329696 0.347460 -9999.0 -9999.0
-9999.0 -9999.0 -9999.0 -9999.0 -9999.0 -9999.0 -9999.0 -9999.0 0.327220 0.322723 0.329118 0.321040 0.325663 0.370666 0.330360 -9999.0 -9999.0
-9999.0 -9999.0 -9999.0 -9999.0 -9999.0 -9999.0 -9999.0 -9999.0 0.323773 0.318991 0.345881 0.319261 0.333041 0.340209 0.331257 -9999.0 -9999.0
-9999.0 -9999.0 -9999.0 -9999.0 -9999.0 -9999.0 -9999.0 0.320445 0.321898 0.329522 0.321777 0.318970 0.323216 0.329515 0.335361 -9999.0 -9999.0
-9999.0 -9999.0 -9999.0 -9999.0 -9999.0 -9999.0 0.330045 0.317009 0.326899 0.322192 0.357918 0.330244 0.321942 0.319593 0.317736 -9999.0 -9999.0
-9999.0 -9999.0 -9999.0 -9999.0 -9999.0 -9999.0 0.322595 0.323387 0.326184 0.321836 0.327600 0.356950 0.329792 0.322643 0.348135 -9999.0 -9999.0
-9999.0 -9999.0 -9999.0 -9999.0 -9999.0 -9999.0 0.322662 0.328805 0.322147 0.337909 0.312758 0.317137 0.319858 0.324587 0.339412 -9999.0 -9999.0
-9999.0 -9999.0 -9999.0 -9999.0 -9999.0 -9999.0 -9999.0 0.316122 0.326531 0.327585 0.328378 0.325064 0.323781 0.352019 0.324079 -9999.0 -9999.0
-9999.0 -9999.0 -9999.0 -9999.0 -9999.0 -9999.0 0.317325 0.323973 0.319603 0.317493 0.322724 0.323463 0.333004 0.324033 0.319592 0.324344 -9999.0
-9999.0 -9999.0 -9999.0 -9999.0 -9999.0 0.319737 0.320849 0.320372 0.312828 0.323441 0.319968 0.321842 0.339944 0.320634 0.324917 0.318847 -9999.0
-9999.0 -9999.0 -9999.0 0.319939 0.347421 0.324717 0.321786 0.312802 0.315767 0.314598 0.315854 0.327716 0.339444 0.310262 0.317516 0.324450 -9999.0
-9999.0 -9999.0 -9999.0 0.316350 0.326728 0.314704 0.325462 0.315065 0.321455 0.329403 0.321866 0.312942 0.331226 0.326941 0.328958 0.319642 -9999.0
-9999.0 -9999.0 0.316960 0.317814 0.316306 0.333243 0.314981 0.315802 0.319623 0.315551 0.315727 0.324518 0.321790 0.324110 0.350371 0.322965 -9999.0
-9999.0 0.319736 0.321276 0.315744 0.327184 0.324837 0.312534 0.314668 0.318974 0.336364 0.329734 0.313274 0.354863 0.318345 0.316424 -9999.0 -9999.0
-9999.0 0.319089 0.318553 0.320375 0.322360 0.321601 0.325025 0.327602 0.315100 0.324761 0.340582 0.334115 0.333440 0.331988 0.331746 0.343118 -9999.0
-9999.0 0.316174 0.330344 0.322488 0.323538 0.318469 0.322095 0.326381 0.322329 0.333656 0.323748 0.322858 0.321387 0.324470 0.312578 -9999.0 -9999.0
-9999.0 0.321481 0.312528 0.321424 0.322155 0.318211 0.321332 0.327809 0.326381 0.324041 0.324143 0.319686 0.327567 0.320849 -9999.0 -9999.0 -9999.0
-9999.0 -9999.0 0.324157 0.324329 0.325918 0.330447 0.334375 0.329050 0.314539 0.328621 0.312265 0.326528 0.317595 0.322789 -9999.0 -9999.0 -9999.0
-9999.0 -9999.0 0.322553 0.320854 0.333865 0.327392 0.338286 0.331555 0.325830 0.320223 0.326749 0.323109 0.317710 -9999.0 -9999.0 -9999.0 -9999.0
-9999.0 -9999.0 -9999.0 -9999.0 0.323011 0.323287 0.313994 0.323003 0.322522 0.313614 0.318910 0.321838 0.323780 -9999.0 -9999.0 -9999.0 -9999.0
-9999.0 -9999.0 -9999.0 -9999.0 -9999.0 0.327289 0.324316 0.317766 0.317734 0.326660 0.319979 0.334204 0.320985 0.319613 -9999.0 -9999.0 -9999.0
-9999.0 -9999.0 -9999.0 -9999.0 -9999.0 -9999.0 0.323029 0.321628 0.317545 0.315142 0.316667 0.319107 0.317882 0.323291 0.323120 -9999.0 -9999.0
-9999.0 -9999.0 -9999.0 -9999.0 -9999.0 -9999.0 -9999.0 0.329516 0.323142 0.323609 0.321990 0.315480 0.312159 0.320836 -9999.0 -9999.0 -9999.0
-9999.0 -9999.0 -9999.0 -9999.0 -9999.0 -9999.0 -9999.0 -9999.0 0.330130 0.325687 0.324847 0.323956 0.320216 0.315131 0.336803 -9999.0 -9999.0
-9999.0 -9999.0 -9999.0 -9999.0 -9999.0 -9999.0 -9999.0 -9999.0 -9999.0 -9999.0 -9999.0 -9999.0 -9999.0 -9999.0 -9999.0 -9999.0 -9999.0