tests/3D/WG1_2.0_001/output-maps-SE27XX/thetaliqL0004N0080.asc
ncols         17
nrows         27
xllcorner     624603.750000
yllcorner     5171346.250000
cellsize      500.000000
NODATA_value  -9999.0
-9999.0 -9999.0 -9999.0 -9999.0 -9999.0 -9999.0 -9999.0 -9999.0 -9999.0 -9999.0 -9999.0 -9999.0 -9999.0 -9999.0 -9999.0 -9999.0 -9999.0
-9999.0 -9999.0 -9999.0 -9999.0 -9999.0 -9999.0 -9999.0 -9999.0 -9999.0 -9999.0 -9999.0 0.258259 0.333359 0.318687 -9999.0 -9999.0 -9999.0
-9999.0 -9999.0 -9999.0 -9999.0 -9999.0 -9999.0 -9999.0 -9999.0 -9999.0 0.157692 0.270354 0.265627 0.334078 0.323602 0.342993 -9999.0 -9999.0
-9999.0 -9999.0 -9999.0 -9999.0 -9999.0 -9999.0 -9999.0 -9999.0 0.241314 0.263982 0.255324 0.271933 0.269888 0.363790 0.324114 -9999.0 -9999.0
-9999.0 -9999.0 -9999.0 -9999.0 -9999.0 -9999.0 -9999.0 -9999.0 0.254376 0.264098 0.291103 0.280928 0.328694 0.335635 0.325422 -9999.0 -9999.0
-9999.0 -9999.0 -9999.0 -9999.0 -9999.0 -9999.0 -9999.0 0.241020 0.267117 0.268353 0.285182 0.274918 0.274428 0.323410 0.330155 -9999.0 -9999.0
-9999.0 -9999.0 -9999.0 -9999.0 -9999.0 -9999.0 0.245761 0.249998 0.254764 0.255005 0.264845 0.282680 0.273408 0.265023 0.265003 -9999.0 -9999.0
-9999.0 -9999.0 -9999.0 -9999.0 -9999.0 -9999.0 0.227071 0.251674 0.268701 0.267959 0.231081 0.269023 0.249545 0.269097 0.296831 -9999.0 -9999.0
-9999.0 -9999.0 -9999.0 -9999.0 -9999.0 -9999.0 0.250430 0.257617 0.259823 0.264796 0.253230 0.248336 0.273187 0.273282 0.288256 -9999.0 -9999.0
-9999.0 -9999.0 -9999.0 -9999.0 -9999.0 -9999.0 -9999.0 0.236259 0.260238 0.271119 0.200716 0.256685 0.270637 0.271606 0.267743 -9999.0 -9999.0
-9999.0 -9999.0 -9999.0 -9999.0 -9999.0 -9999.0 0.233746 0.226735 0.251626 0.248945 0.241244 0.254806 0.279016 0.277315 0.267226 0.268860 -9999.0
-9999.0 -9999.0 -9999.0 -9999.0 -9999.0 0.236001 0.220010 0.235026 0.238174 0.248088 0.230770 0.259502 0.277345 0.262963 0.271822 0.261287 -9999.0
-9999.0 -9999.0 -9999.0 0.216785 0.212950 0.230640 0.234776 0.238099 0.234116 0.263621 0.257100 0.248545 0.276920 0.253848 0.256992 0.270202 -9999.0
-9999.0 -9999.0 -9999.0 0.236478 0.230402 0.243538 0.224666 0.240663 0.219986 0.236357 0.233263 0.261685 0.278068 0.272747 0.323480 0.262896 -9999.0
-9999.0 -9999.0 0.233379 0.243865 0.229895 0.262352 0.248836 0.239085 0.262943 0.258375 0.276112 0.265033 0.274156 0.254557 0.265323 0.259643 -9999.0
-9999.0 0.208774 0.210237 0.240959 0.252603 0.220263 0.255935 0.258782 0.268460 0.250129 0.267032 0.255854 0.270142 0.254188 0.244749 -9999.0 -9999.0
-9999.0 0.214390 0.229231 0.227236 0.232849 0.227818 0.245197 0.251649 0.270816 0.238706 0.240797 0.259827 0.257579 0.253160 0.326161 0.338547 -9999.0
-9999.0 0.226714 0.229780 0.236751 0.246090 0.240953 0.249957 0.236945 0.274389 0.248059 0.230403 0.219222 0.246873 0.245048 0.237912 -9999.0 -9999.0
-9999.0 0.227736 0.255052 0.242450 0.229140 0.243541 0.276645 0.282525 0.284481 0.266331 0.251309 0.260973 0.253884 0.232783 -9999.0 -9999.0 -9999.0
-9999.0 -9999.0 0.247692 0.236438 0.271244 0.278009 0.277572 0.274853 0.272004 0.250157 0.243521 0.252175 0.248007 0.253439 -9999.0 -9999.0 -9999.0
-9999.0 -9999.0 0.232305 0.230051 0.275250 0.269273 0.265507 0.261597 0.258546 0.242515 0.251992 0.231122 0.242182 -9999.0 -9999.0 -9999.0 -9999.0
-9999.0 -9999.0 -9999.0 -9999.0 0.261876 0.250800 0.241360 0.219942 0.255238 0.247915 0.232636 0.248888 0.247864 -9999.0 -9999.0 -9999.0 -9999.0
-9999.0 -9999.0 -9999.0 -9999.0 -9999.0 0.246630 0.237123 0.229158 0.226983 0.245581 0.253105 0.258967 0.232899 0.244903 -9999.0 -9999.0 -9999.0
-9999.0 -9999.0 -9999.0 -9999.0 -9999.0 -9999.0 0.227267 0.226584 0.241451 0.239137 0.245336 0.247241 0.246563 0.250143 0.245578 -9999.0 -9999.0
-9999.0 -9999.0 -9999.0 -9999.0 -9999.0 -9999.0 -9999.0 0.203118 0.246660 0.251537 0.243421 0.239864 0.237634 0.220669 -9999.0 -9999.0 -9999.0
-9999.0 -9999.0 -9999.0 -9999.0 -9999.0 -9999.0 -9999.0 -9999.0 0.245142 0.247521 0.242840 0.245333 0.239613 0.237813 0.203525 -9999.0 -9999.0
-9999.0 -9999.0 -9999.0 -9999.0 -9999.0 -9999.0 -9999.0 -9999.0 -9999.0 -9999.0 -9999.0 -9999.0 -9999.0 -9999.0 -9999.0 -9999.0 -9999.0