tests/3D/WG1_2.0_001/output-maps-SE27XX/thetaliqL0005N0078.asc
ncols         17
nrows         27
xllcorner     624603.750000
yllcorner     5171346.250000
cellsize      500.000000
NODATA_value  -9999.0
-9999.0 -9999.0 -9999.0 -9999.0 -9999.0 -9999.0 -9999.0 -9999.0 -9999.0 -9999.0 -9999.0 -9999.0 -9999.0 -9999.0 -9999.0 -9999.0 -9999.0
-9999.0 -9999.0 -9999.0 -9999.0 -9999.0 -9999.0 -9999.0 -9999.0 -9999.0 -9999.0 -9999.0 0.356420 0.395728 0.382129 -9999.0 -9999.0 -9999.0
-9999.0 -9999.0 -9999.0 -9999.0 -9999.0 -9999.0 -9999.0 -9999.0 -9999.0 0.374574 0.373366 0.363104 0.396516 0.387185 0.402949 -9999.0 -9999.0
-9999.0 -9999.0 -9999.0 -9999.0 -9999.0 -9999.0 -9999.0 -9999.0 0.372795 0.362768 0.383717 0.364829 0.366512 0.422868 0.387195 -9999.0 -9999.0
-9999.0 -9999.0 -9999.0 -9999.0 -9999.0 -9999.0 -9999.0 -9999.0 0.368155 0.363487 0.389726 0.369419 0.393998 0.397944 0.388990 -9999.0 -9999.0
-9999.0 -9999.0 -9999.0 -9999.0 -9999.0 -9999.0 -9999.0 0.363204 0.366374 0.385545 0.373538 0.367421 0.365102 0.387028 0.393304 -9999.0 -9999.0
-9999.0 -9999.0 -9999.0 -9999.0 -9999.0 -9999.0 0.367486 0.356959 0.382802 0.367056 0.387887 0.373327 0.362521 0.361661 0.360347 -9999.0 -9999.0
-9999.0 -9999.0 -9999.0 -9999.0 -9999.0 -9999.0 0.368541 0.359907 0.367551 0.367462 0.370434 0.386029 0.379844 0.368614 0.384373 -9999.0 -9999.0
-9999.0 -9999.0 -9999.0 -9999.0 -9999.0 -9999.0 0.356844 0.361975 0.362336 0.383377 0.361338 0.368012 0.369362 0.364139 0.377570 -9999.0 -9999.0
-9999.0 -9999.0 -9999.0 -9999.0 -9999.0 -9999.0 -9999.0 0.353794 0.364476 0.381227 0.368015 0.369532 0.366453 0.400066 0.371055 -9999.0 -9999.0
-9999.0 -9999.0 -9999.0 -9999.0 -9999.0 -9999.0 0.356083 0.370110 0.361174 0.360560 0.365491 0.366526 0.374564 0.371768 0.362092 0.362760 -9999.0
-9999.0 -9999.0 -9999.0 -9999.0 -9999.0 0.358372 0.362781 0.365310 0.357643 0.364629 0.365098 0.365657 0.378762 0.369866 0.364772 0.357402 -9999.0
-9999.0 -9999.0 -9999.0 0.364775 0.375299 0.373572 0.363568 0.356906 0.364880 0.367641 0.363559 0.369445 0.378145 0.354201 0.359732 0.368623 -9999.0
-9999.0 -9999.0 -9999.0 0.357827 0.372897 0.356932 0.364685 0.364385 0.364496 0.375277 0.372236 0.368435 0.400531 0.372463 0.386823 0.362457 -9999.0
-9999.0 -9999.0 0.356860 0.361773 0.358723 0.370338 0.359628 0.364852 0.372632 0.369646 0.371574 0.369266 0.378921 0.376574 0.381316 0.357655 -9999.0
-9999.0 0.356561 0.360384 0.354907 0.364009 0.363704 0.361172 0.368260 0.373909 0.382337 0.373449 0.359477 0.384602 0.356215 0.348325 -9999.0 -9999.0
-9999.0 0.360526 0.357139 0.367767 0.372486 0.368165 0.376453 0.380322 0.372832 0.374726 0.378572 0.366379 0.364381 0.365633 0.389429 0.399715 -9999.0
-9999.0 0.363092 0.370326 0.371995 0.377110 0.374666 0.380110 0.373172 0.378216 0.377665 0.368595 0.360577 0.353446 0.354144 0.346372 -9999.0 -9999.0
-9999.0 0.368945 0.363860 0.376262 0.370174 0.376353 0.377920 0.380781 0.379397 0.370475 0.359963 0.366618 0.366433 0.361011 -9999.0 -9999.0 -9999.0
-9999.0 -9999.0 0.377151 0.373943 0.381716 0.381253 0.383109 0.378805 0.367287 0.370349 0.358814 0.359313 0.359601 0.358866 -9999.0 -9999.0 -9999.0
-9999.0 -9999.0 0.373344 0.370524 0.382790 0.373050 0.378242 0.369608 0.366440 0.366590 0.366189 0.372724 0.350877 -9999.0 -9999.0 -9999.0 -9999.0
-9999.0 -9999.0 -9999.0 -9999.0 0.368172 0.361279 0.352025 0.363168 0.363445 0.359405 0.359516 0.365750 0.359964 -9999.0 -9999.0 -9999.0 -9999.0
-9999.0 -9999.0 -9999.0 -9999.0 -9999.0 0.358513 0.353275 0.347941 0.361157 0.362222 0.363283 0.385670 0.370559 0.362003 -9999.0 -9999.0 -9999.0
-9999.0 -9999.0 -9999.0 -9999.0 -9999.0 -9999.0 0.349524 0.349035 0.352724 0.352799 0.355916 0.357991 0.356752 0.360786 0.356602 -9999.0 -9999.0
-9999.0 -9999.0 -9999.0 -9999.0 -9999.0 -9999.0 -9999.0 0.357698 0.357914 0.361276 0.355143 0.355368 0.351121 0.360770 -9999.0 -9999.0 -9999.0
-9999.0 -9999.0 -9999.0 -9999.0 -9999.0 -9999.0 -9999.0 -9999.0 0.363723 0.359399 0.356721 0.357517 0.351818 0.348806 0.369246 -9999.0 -9999.0
-9999.0 -9999.0 -9999.0 -9999.0 -9999.0 -9999.0 -9999.0 -9999.0 -9999.0 -9999.0 -9999.0 -9999.0 -9999.0 -9999.0 -9999.0 -9999.0 -9999.0