tests/3D/WG1_2.0_001/output-maps-SE27XX/thetaliqL0003N0081.asc
ncols         17
nrows         27
xllcorner     624603.750000
yllcorner     5171346.250000
cellsize      500.000000
NODATA_value  -9999.0
-9999.0 -9999.0 -9999.0 -9999.0 -9999.0 -9999.0 -9999.0 -9999.0 -9999.0 -9999.0 -9999.0 -9999.0 -9999.0 -9999.0 -9999.0 -9999.0 -9999.0
-9999.0 -9999.0 -9999.0 -9999.0 -9999.0 -9999.0 -9999.0 -9999.0 -9999.0 -9999.0 -9999.0 0.134931 0.316772 0.299413 -9999.0 -9999.0 -9999.0
-9999.0 -9999.0 -9999.0 -9999.0 -9999.0 -9999.0 -9999.0 -9999.0 -9999.0 0.123673 0.130976 0.133544 0.317517 0.305571 0.327033 -9999.0 -9999.0
-9999.0 -9999.0 -9999.0 -9999.0 -9999.0 -9999.0 -9999.0 -9999.0 0.125533 0.134540 0.124606 0.136034 0.134840 0.347390 0.306295 -9999.0 -9999.0
-9999.0 -9999.0 -9999.0 -9999.0 -9999.0 -9999.0 -9999.0 -9999.0 0.128567 0.133372 0.131709 0.135686 0.311111 0.319167 0.307737 -9999.0 -9999.0
-9999.0 -9999.0 -9999.0 -9999.0 -9999.0 -9999.0 -9999.0 0.126600 0.133909 0.125931 0.134876 0.134084 0.136034 0.305333 0.313169 -9999.0 -9999.0
-9999.0 -9999.0 -9999.0 -9999.0 -9999.0 -9999.0 0.128452 0.132413 0.124416 0.131276 0.132163 0.135383 0.136431 0.132476 0.133854 -9999.0 -9999.0
-9999.0 -9999.0 -9999.0 -9999.0 -9999.0 -9999.0 0.124121 0.132266 0.134286 0.135140 0.127504 0.132284 0.125463 0.131109 0.134973 -9999.0 -9999.0
-9999.0 -9999.0 -9999.0 -9999.0 -9999.0 -9999.0 0.132754 0.133014 0.133710 0.128410 0.132600 0.127874 0.131758 0.136018 0.134988 -9999.0 -9999.0
-9999.0 -9999.0 -9999.0 -9999.0 -9999.0 -9999.0 -9999.0 0.129369 0.133178 0.128166 0.126357 0.130917 0.135103 0.124664 0.129268 -9999.0 -9999.0
-9999.0 -9999.0 -9999.0 -9999.0 -9999.0 -9999.0 0.127884 0.123939 0.131043 0.131740 0.128457 0.131488 0.134255 0.133083 0.133550 0.135406 -9999.0
-9999.0 -9999.0 -9999.0 -9999.0 -9999.0 0.127655 0.124553 0.125104 0.129001 0.130529 0.126733 0.133299 0.132742 0.128821 0.135170 0.135339 -9999.0
-9999.0 -9999.0 -9999.0 0.122542 0.129666 0.122585 0.126265 0.129116 0.125639 0.130406 0.132654 0.129593 0.133010 0.134772 0.131348 0.132442 -9999.0
-9999.0 -9999.0 -9999.0 0.127150 0.121594 0.129478 0.125539 0.126611 0.125216 0.125725 0.126558 0.131060 0.124762 0.132129 0.305651 0.132634 -9999.0
-9999.0 -9999.0 0.126518 0.127473 0.125513 0.130555 0.130415 0.125767 0.128252 0.128247 0.133415 0.132975 0.128149 0.124518 0.131393 0.134231 -9999.0
-9999.0 0.122781 0.122017 0.129889 0.130337 0.124675 0.129721 0.128480 0.128854 0.126737 0.131766 0.132793 0.130826 0.133431 0.133778 -9999.0 -9999.0
-9999.0 0.122406 0.125801 0.122828 0.122797 0.123683 0.124798 0.125414 0.134203 0.124708 0.126349 0.131619 0.131921 0.129683 0.308699 0.322352 -9999.0
-9999.0 0.122918 0.122639 0.123673 0.124588 0.124979 0.126295 0.125001 0.129629 0.126412 0.124476 0.125259 0.132474 0.132142 0.132473 -9999.0 -9999.0
-9999.0 0.122738 0.128289 0.124409 0.124397 0.125698 0.131219 0.130017 0.131056 0.131425 0.131716 0.130038 0.129198 0.124687 -9999.0 -9999.0 -9999.0
-9999.0 -9999.0 0.124458 0.124153 0.128308 0.128281 0.128834 0.129336 0.132036 0.127853 0.127950 0.131846 0.129545 0.132095 -9999.0 -9999.0 -9999.0
-9999.0 -9999.0 0.123955 0.125100 0.127212 0.129868 0.128889 0.130612 0.131038 0.126152 0.129151 0.121769 0.131724 -9999.0 -9999.0 -9999.0 -9999.0
-9999.0 -9999.0 -9999.0 -9999.0 0.129861 0.130039 0.130898 0.123347 0.130942 0.130351 0.126899 0.127359 0.129946 -9999.0 -9999.0 -9999.0 -9999.0
-9999.0 -9999.0 -9999.0 -9999.0 -9999.0 0.130287 0.129935 0.130403 0.124327 0.131196 0.130606 0.124093 0.122636 0.126975 -9999.0 -9999.0 -9999.0
-9999.0 -9999.0 -9999.0 -9999.0 -9999.0 -9999.0 0.130287 0.130067 0.130677 0.130879 0.131438 0.131231 0.130596 0.130484 0.130884 -9999.0 -9999.0
-9999.0 -9999.0 -9999.0 -9999.0 -9999.0 -9999.0 -9999.0 0.129272 0.130174 0.130110 0.131107 0.129776 0.130743 0.123157 -9999.0 -9999.0 -9999.0
-9999.0 -9999.0 -9999.0 -9999.0 -9999.0 -9999.0 -9999.0 -9999.0 0.128426 0.129971 0.130982 0.130781 0.131044 0.131323 0.126739 -9999.0 -9999.0
-9999.0 -9999.0 -9999.0 -9999.0 -9999.0 -9999.0 -9999.0 -9999.0 -9999.0 -9999.0 -9999.0 -9999.0 -9999.0 -9999.0 -9999.0 -9999.0 -9999.0