tests/3D/WG1_2.0_001/output-maps-SE27XX/thetaliqL0005N0058.asc
ncols         17
nrows         27
xllcorner     624603.750000
yllcorner     5171346.250000
cellsize      500.000000
NODATA_value  -9999.0
-9999.0 -9999.0 -9999.0 -9999.0 -9999.0 -9999.0 -9999.0 -9999.0 -9999.0 -9999.0 -9999.0 -9999.0 -9999.0 -9999.0 -9999.0 -9999.0 -9999.0
-9999.0 -9999.0 -9999.0 -9999.0 -9999.0 -9999.0 -9999.0 -9999.0 -9999.0 -9999.0 -9999.0 0.364771 0.397824 0.384817 -9999.0 -9999.0 -9999.0
-9999.0 -9999.0 -9999.0 -9999.0 -9999.0 -9999.0 -9999.0 -9999.0 -9999.0 0.390118 0.384085 0.371004 0.398458 0.389537 0.405385 -9999.0 -9999.0
-9999.0 -9999.0 -9999.0 -9999.0 -9999.0 -9999.0 -9999.0 -9999.0 0.385722 0.372696 0.395975 0.371607 0.376647 0.424078 0.389763 -9999.0 -9999.0
-9999.0 -9999.0 -9999.0 -9999.0 -9999.0 -9999.0 -9999.0 -9999.0 0.380318 0.371927 0.400969 0.373958 0.395187 0.399818 0.391124 -9999.0 -9999.0
-9999.0 -9999.0 -9999.0 -9999.0 -9999.0 -9999.0 -9999.0 0.377068 0.375160 0.394055 0.383492 0.372858 0.372065 0.389372 0.395226 -9999.0 -9999.0
-9999.0 -9999.0 -9999.0 -9999.0 -9999.0 -9999.0 0.383024 0.367704 0.392945 0.379254 0.401608 0.381219 0.369157 0.369444 0.368142 -9999.0 -9999.0
-9999.0 -9999.0 -9999.0 -9999.0 -9999.0 -9999.0 0.380041 0.372957 0.376977 0.377268 0.384466 0.400417 0.391575 0.378395 0.395484 -9999.0 -9999.0
-9999.0 -9999.0 -9999.0 -9999.0 -9999.0 -9999.0 0.368187 0.373665 0.372753 0.396712 0.370715 0.377820 0.376051 0.371857 0.387514 -9999.0 -9999.0
-9999.0 -9999.0 -9999.0 -9999.0 -9999.0 -9999.0 -9999.0 0.367136 0.376120 0.391322 0.383415 0.380765 0.374324 0.413389 0.381011 -9999.0 -9999.0
-9999.0 -9999.0 -9999.0 -9999.0 -9999.0 -9999.0 0.369823 0.382383 0.373018 0.372341 0.377502 0.378257 0.383877 0.379823 0.369171 0.371628 -9999.0
-9999.0 -9999.0 -9999.0 -9999.0 -9999.0 0.372314 0.377741 0.377294 0.369480 0.377473 0.375747 0.376500 0.390823 0.379802 0.373441 0.365604 -9999.0
-9999.0 -9999.0 -9999.0 0.377918 0.384222 0.383729 0.378161 0.368726 0.375016 0.377315 0.372392 0.381544 0.390470 0.363103 0.368717 0.377508 -9999.0
-9999.0 -9999.0 -9999.0 0.371108 0.383126 0.368554 0.379280 0.373957 0.377184 0.385901 0.383100 0.375747 0.405176 0.380853 0.389164 0.372218 -9999.0
-9999.0 -9999.0 0.370282 0.373390 0.372219 0.383092 0.370238 0.374707 0.381727 0.378071 0.378414 0.379273 0.387786 0.386889 0.396098 0.367622 -9999.0
-9999.0 0.371957 0.375316 0.367026 0.376707 0.377752 0.370526 0.377373 0.381770 0.391161 0.383712 0.367706 0.400126 0.365684 0.359057 -9999.0 -9999.0
-9999.0 0.373779 0.369840 0.380776 0.385173 0.381444 0.387448 0.391538 0.380107 0.385887 0.393280 0.378963 0.377219 0.380059 0.391710 0.402003 -9999.0
-9999.0 0.375687 0.382030 0.382874 0.386726 0.381911 0.389282 0.382731 0.386837 0.387590 0.379614 0.375419 0.364409 0.366279 0.357537 -9999.0 -9999.0
-9999.0 0.382140 0.373887 0.385261 0.383613 0.385100 0.386185 0.389758 0.386740 0.379254 0.370763 0.376449 0.379365 0.375905 -9999.0 -9999.0 -9999.0
-9999.0 -9999.0 0.386773 0.386145 0.390218 0.390438 0.390072 0.386224 0.375684 0.381646 0.369237 0.371218 0.371290 0.369400 -9999.0 -9999.0 -9999.0
-9999.0 -9999.0 0.387451 0.382528 0.392293 0.380872 0.390699 0.381778 0.376788 0.376511 0.378547 0.384082 0.361579 -9999.0 -9999.0 -9999.0 -9999.0
-9999.0 -9999.0 -9999.0 -9999.0 0.377134 0.372837 0.363248 0.376232 0.374449 0.369099 0.372458 0.377556 0.373449 -9999.0 -9999.0 -9999.0 -9999.0
-9999.0 -9999.0 -9999.0 -9999.0 -9999.0 0.371309 0.366206 0.360569 0.373595 0.372338 0.374309 0.395588 0.381782 0.374994 -9999.0 -9999.0 -9999.0
-9999.0 -9999.0 -9999.0 -9999.0 -9999.0 -9999.0 0.361672 0.361449 0.364725 0.364227 0.366456 0.369330 0.368432 0.373341 0.369899 -9999.0 -9999.0
-9999.0 -9999.0 -9999.0 -9999.0 -9999.0 -9999.0 -9999.0 0.365439 0.370828 0.373563 0.366522 0.367335 0.363137 0.376058 -9999.0 -9999.0 -9999.0
-9999.0 -9999.0 -9999.0 -9999.0 -9999.0 -9999.0 -9999.0 -9999.0 0.378852 0.372381 0.368488 0.369084 0.363203 0.359243 0.377207 -9999.0 -9999.0
-9999.0 -9999.0 -9999.0 -9999.0 -9999.0 -9999.0 -9999.0 -9999.0 -9999.0 -9999.0 -9999.0 -9999.0 -9999.0 -9999.0 -9999.0 -9999.0 -9999.0