tests/3D/WG1_2.0_001/output-maps-SE27XX/thetaliqL0003N0005.asc
ncols         17
nrows         27
xllcorner     624603.750000
yllcorner     5171346.250000
cellsize      500.000000
NODATA_value  -9999.0
-9999.0 -9999.0 -9999.0 -9999.0 -9999.0 -9999.0 -9999.0 -9999.0 -9999.0 -9999.0 -9999.0 -9999.0 -9999.0 -9999.0 -9999.0 -9999.0 -9999.0
-9999.0 -9999.0 -9999.0 -9999.0 -9999.0 -9999.0 -9999.0 -9999.0 -9999.0 -9999.0 -9999.0 0.305382 0.323369 0.311031 -9999.0 -9999.0 -9999.0
-9999.0 -9999.0 -9999.0 -9999.0 -9999.0 -9999.0 -9999.0 -9999.0 -9999.0 0.339246 0.322631 0.306432 0.323901 0.315005 0.332246 -9999.0 -9999.0
-9999.0 -9999.0 -9999.0 -9999.0 -9999.0 -9999.0 -9999.0 -9999.0 0.321172 0.314584 0.319334 0.307987 0.319412 0.356013 0.315654 -9999.0 -9999.0
-9999.0 -9999.0 -9999.0 -9999.0 -9999.0 -9999.0 -9999.0 -9999.0 0.315965 0.308097 0.341070 0.306171 0.318191 0.325186 0.316514 -9999.0 -9999.0
-9999.0 -9999.0 -9999.0 -9999.0 -9999.0 -9999.0 -9999.0 0.312472 0.313492 0.321191 0.306789 0.305570 0.310811 0.314830 0.320487 -9999.0 -9999.0
-9999.0 -9999.0 -9999.0 -9999.0 -9999.0 -9999.0 0.329617 0.309184 0.318771 0.321265 0.358163 0.323738 0.310596 0.306322 0.306068 -9999.0 -9999.0
-9999.0 -9999.0 -9999.0 -9999.0 -9999.0 -9999.0 0.316430 0.318122 0.320108 0.320565 0.325921 0.356304 0.320046 0.309390 0.345557 -9999.0 -9999.0
-9999.0 -9999.0 -9999.0 -9999.0 -9999.0 -9999.0 0.322817 0.326935 0.314599 0.332242 0.305387 0.305970 0.306613 0.313993 0.334927 -9999.0 -9999.0
-9999.0 -9999.0 -9999.0 -9999.0 -9999.0 -9999.0 -9999.0 0.308926 0.320733 0.319037 0.328621 0.319039 0.313366 0.349359 0.313459 -9999.0 -9999.0
-9999.0 -9999.0 -9999.0 -9999.0 -9999.0 -9999.0 0.311271 0.318473 0.311232 0.310150 0.317937 0.319643 0.327154 0.314100 0.306059 0.313283 -9999.0
-9999.0 -9999.0 -9999.0 -9999.0 -9999.0 0.316895 0.315006 0.313594 0.303281 0.316870 0.313585 0.316773 0.335265 0.309162 0.318165 0.305599 -9999.0
-9999.0 -9999.0 -9999.0 0.319044 0.351251 0.321084 0.316644 0.304490 0.306330 0.301884 0.306838 0.325442 0.334963 0.300050 0.306265 0.315692 -9999.0
-9999.0 -9999.0 -9999.0 0.312558 0.324137 0.307088 0.321625 0.305970 0.315375 0.324559 0.314464 0.304995 0.323186 0.319229 0.314300 0.308253 -9999.0
-9999.0 -9999.0 0.313689 0.312999 0.309181 0.330868 0.307747 0.307857 0.310934 0.304832 0.306579 0.323423 0.310635 0.314434 0.353665 0.316737 -9999.0
-9999.0 0.318569 0.321028 0.313493 0.325842 0.323345 0.302197 0.304619 0.310158 0.334586 0.326825 0.304685 0.355008 0.311009 0.309828 -9999.0 -9999.0
-9999.0 0.315626 0.316876 0.314818 0.316521 0.314794 0.319881 0.321076 0.304079 0.319785 0.340941 0.330791 0.331312 0.329727 0.316989 0.328014 -9999.0
-9999.0 0.310201 0.329522 0.319222 0.317046 0.306528 0.314621 0.319399 0.313630 0.331493 0.318038 0.318670 0.316835 0.321165 0.307551 -9999.0 -9999.0
-9999.0 0.317883 0.305083 0.312986 0.310384 0.309404 0.310299 0.316702 0.319049 0.319548 0.326103 0.311066 0.323363 0.315397 -9999.0 -9999.0 -9999.0
-9999.0 -9999.0 0.317620 0.311288 0.313774 0.320991 0.328130 0.324026 0.306758 0.325473 0.302781 0.322546 0.310172 0.319343 -9999.0 -9999.0 -9999.0
-9999.0 -9999.0 0.312960 0.313550 0.328636 0.321973 0.339037 0.329070 0.323943 0.316295 0.324525 0.316857 0.312076 -9999.0 -9999.0 -9999.0 -9999.0
-9999.0 -9999.0 -9999.0 -9999.0 0.318122 0.319246 0.309547 0.321610 0.322365 0.307653 0.315954 0.315568 0.319193 -9999.0 -9999.0 -9999.0 -9999.0
-9999.0 -9999.0 -9999.0 -9999.0 -9999.0 0.328623 0.321220 0.318475 0.314855 0.331556 0.319535 0.331186 0.314861 0.314297 -9999.0 -9999.0 -9999.0
-9999.0 -9999.0 -9999.0 -9999.0 -9999.0 -9999.0 0.321501 0.319508 0.312717 0.314589 0.317401 0.319793 0.311836 0.319775 0.320469 -9999.0 -9999.0
-9999.0 -9999.0 -9999.0 -9999.0 -9999.0 -9999.0 -9999.0 0.332647 0.319825 0.320778 0.317739 0.316054 0.310687 0.316594 -9999.0 -9999.0 -9999.0
-9999.0 -9999.0 -9999.0 -9999.0 -9999.0 -9999.0 -9999.0 -9999.0 0.332867 0.324177 0.322913 0.321401 0.316818 0.311739 0.345061 -9999.0 -9999.0
-9999.0 -9999.0 -9999.0 -9999.0 -9999.0 -9999.0 -9999.0 -9999.0 -9999.0 -9999.0 -9999.0 -9999.0 -9999.0 -9999.0 -9999.0 -9999.0 -9999.0