tests/3D/WG1_2.0_001/output-maps-SE27XX/thetaiceL0003N0074.asc
ncols         17
nrows         27
xllcorner     624603.750000
yllcorner     5171346.250000
cellsize      500.000000
NODATA_value  -9999.0
-9999.0 -9999.0 -9999.0 -9999.0 -9999.0 -9999.0 -9999.0 -9999.0 -9999.0 -9999.0 -9999.0 -9999.0 -9999.0 -9999.0 -9999.0 -9999.0 -9999.0
-9999.0 -9999.0 -9999.0 -9999.0 -9999.0 -9999.0 -9999.0 -9999.0 -9999.0 -9999.0 -9999.0 0.333478 0.000000 0.000000 -9999.0 -9999.0 -9999.0
-9999.0 -9999.0 -9999.0 -9999.0 -9999.0 -9999.0 -9999.0 -9999.0 -9999.0 0.380552 0.353544 0.334977 0.000000 0.000000 0.000000 -9999.0 -9999.0
-9999.0 -9999.0 -9999.0 -9999.0 -9999.0 -9999.0 -9999.0 -9999.0 0.343944 0.342303 0.341939 0.337358 0.333658 0.000000 0.000000 -9999.0 -9999.0
-9999.0 -9999.0 -9999.0 -9999.0 -9999.0 -9999.0 -9999.0 -9999.0 0.337727 0.332525 0.357692 0.330030 0.000000 0.000000 0.000000 -9999.0 -9999.0
-9999.0 -9999.0 -9999.0 -9999.0 -9999.0 -9999.0 -9999.0 0.335217 0.341977 0.355009 0.295643 0.330484 0.338638 0.000000 0.000000 -9999.0 -9999.0
-9999.0 -9999.0 -9999.0 -9999.0 -9999.0 -9999.0 0.367106 0.339802 0.324009 0.347441 0.363359 0.340851 0.338311 0.334284 0.336078 -9999.0 -9999.0
-9999.0 -9999.0 -9999.0 -9999.0 -9999.0 -9999.0 0.350225 0.344582 0.338688 0.335375 0.358033 0.359519 0.364031 0.327834 0.339955 -9999.0 -9999.0
-9999.0 -9999.0 -9999.0 -9999.0 -9999.0 -9999.0 0.335211 0.335885 0.342670 0.346063 0.340480 0.340197 0.329635 0.338225 0.336006 -9999.0 -9999.0
-9999.0 -9999.0 -9999.0 -9999.0 -9999.0 -9999.0 -9999.0 0.337638 0.345049 0.345546 0.362702 0.353320 0.341069 0.370895 0.331025 -9999.0 -9999.0
-9999.0 -9999.0 -9999.0 -9999.0 -9999.0 -9999.0 0.339432 0.357463 0.333418 0.341850 0.351631 0.349420 0.346863 0.333064 0.332471 0.336351 -9999.0
-9999.0 -9999.0 -9999.0 -9999.0 -9999.0 0.349218 0.342021 0.339237 0.336581 0.349792 0.346228 0.347425 0.358595 0.332984 0.336246 0.335375 -9999.0
-9999.0 -9999.0 -9999.0 0.351544 0.357538 0.374128 0.339429 0.336367 0.342123 0.331241 0.332422 0.354342 0.355488 0.334709 0.330480 0.337984 -9999.0
-9999.0 -9999.0 -9999.0 0.338255 0.375456 0.333438 0.354547 0.342173 0.349273 0.353187 0.354929 0.331245 0.178219 0.339416 0.000000 0.330331 -9999.0
-9999.0 -9999.0 0.340519 0.338867 0.336864 0.345125 0.334394 0.343084 0.329515 0.316183 0.328076 0.339252 0.264276 0.318347 0.367954 0.332374 -9999.0
-9999.0 0.349511 0.350525 0.340727 0.339939 0.353719 0.331649 0.271190 0.280470 0.371439 0.357990 0.335763 0.363299 0.335090 0.332153 -9999.0 -9999.0
-9999.0 0.344612 0.346787 0.340650 0.322563 0.331087 0.303737 0.293120 0.210364 0.339845 0.368716 0.339280 0.336898 0.347783 0.000000 0.000000 -9999.0
-9999.0 0.331927 0.355286 0.325457 0.282589 0.234329 0.261098 0.348079 0.262465 0.366707 0.349540 0.353476 0.334186 0.334534 0.333957 -9999.0 -9999.0
-9999.0 0.339353 0.280401 0.274991 0.324333 0.232471 0.250277 0.310832 0.337384 0.343321 0.337188 0.331804 0.349704 0.337447 -9999.0 -9999.0 -9999.0
-9999.0 -9999.0 0.277823 0.297696 0.237879 0.325853 0.350347 0.344657 0.325057 0.350346 0.332454 0.336052 0.334915 0.335008 -9999.0 -9999.0 -9999.0
-9999.0 -9999.0 0.316098 0.295790 0.347067 0.342905 0.360162 0.344076 0.339680 0.342774 0.346176 0.336594 0.334924 -9999.0 -9999.0 -9999.0 -9999.0
-9999.0 -9999.0 -9999.0 -9999.0 0.338574 0.342485 0.337616 0.349018 0.338801 0.336771 0.347678 0.338094 0.344146 -9999.0 -9999.0 -9999.0 -9999.0
-9999.0 -9999.0 -9999.0 -9999.0 -9999.0 0.338491 0.338192 0.336502 0.347077 0.337950 0.339308 0.365036 0.355221 0.334925 -9999.0 -9999.0 -9999.0
-9999.0 -9999.0 -9999.0 -9999.0 -9999.0 -9999.0 0.335952 0.336387 0.336933 0.335355 0.334805 0.335595 0.337405 0.340939 0.337799 -9999.0 -9999.0
-9999.0 -9999.0 -9999.0 -9999.0 -9999.0 -9999.0 -9999.0 0.338307 0.338856 0.341405 0.335249 0.337349 0.334870 0.340798 -9999.0 -9999.0 -9999.0
-9999.0 -9999.0 -9999.0 -9999.0 -9999.0 -9999.0 -9999.0 -9999.0 0.356427 0.339069 0.335518 0.336087 0.334912 0.334027 0.352424 -9999.0 -9999.0
-9999.0 -9999.0 -9999.0 -9999.0 -9999.0 -9999.0 -9999.0 -9999.0 -9999.0 -9999.0 -9999.0 -9999.0 -9999.0 -9999.0 -9999.0 -9999.0 -9999.0