tests/3D/WG1_2.0_001/output-maps-SE27XX/thetaiceL0003N0087.asc
ncols         17
nrows         27
xllcorner     624603.750000
yllcorner     5171346.250000
cellsize      500.000000
NODATA_value  -9999.0
-9999.0 -9999.0 -9999.0 -9999.0 -9999.0 -9999.0 -9999.0 -9999.0 -9999.0 -9999.0 -9999.0 -9999.0 -9999.0 -9999.0 -9999.0 -9999.0 -9999.0
-9999.0 -9999.0 -9999.0 -9999.0 -9999.0 -9999.0 -9999.0 -9999.0 -9999.0 -9999.0 -9999.0 0.332512 0.000195 0.000000 -9999.0 -9999.0 -9999.0
-9999.0 -9999.0 -9999.0 -9999.0 -9999.0 -9999.0 -9999.0 -9999.0 -9999.0 0.369859 0.347898 0.332987 0.000215 0.000011 0.000472 -9999.0 -9999.0
-9999.0 -9999.0 -9999.0 -9999.0 -9999.0 -9999.0 -9999.0 -9999.0 0.332947 0.338253 0.341191 0.336014 0.330920 0.001066 0.000018 -9999.0 -9999.0
-9999.0 -9999.0 -9999.0 -9999.0 -9999.0 -9999.0 -9999.0 -9999.0 0.331897 0.330792 0.351415 0.332811 0.000070 0.000258 0.000032 -9999.0 -9999.0
-9999.0 -9999.0 -9999.0 -9999.0 -9999.0 -9999.0 -9999.0 0.329897 0.338443 0.349080 0.338228 0.331807 0.337837 0.000009 0.000115 -9999.0 -9999.0
-9999.0 -9999.0 -9999.0 -9999.0 -9999.0 -9999.0 0.358062 0.335733 0.330752 0.340490 0.356015 0.338767 0.338026 0.333853 0.334945 -9999.0 -9999.0
-9999.0 -9999.0 -9999.0 -9999.0 -9999.0 -9999.0 0.338885 0.339936 0.335673 0.332942 0.347360 0.352161 0.351715 0.327839 0.337168 -9999.0 -9999.0
-9999.0 -9999.0 -9999.0 -9999.0 -9999.0 -9999.0 0.332560 0.332955 0.338665 0.335871 0.335844 0.333840 0.331884 0.336695 0.333977 -9999.0 -9999.0
-9999.0 -9999.0 -9999.0 -9999.0 -9999.0 -9999.0 -9999.0 0.332532 0.340467 0.350869 0.347861 0.346335 0.338922 0.359813 0.330461 -9999.0 -9999.0
-9999.0 -9999.0 -9999.0 -9999.0 -9999.0 -9999.0 0.333426 0.345661 0.329429 0.335898 0.342592 0.342670 0.343049 0.331569 0.332125 0.334825 -9999.0
-9999.0 -9999.0 -9999.0 -9999.0 -9999.0 0.342091 0.332661 0.332088 0.330910 0.341546 0.336995 0.342058 0.351900 0.331396 0.335026 0.334033 -9999.0
-9999.0 -9999.0 -9999.0 0.341789 0.352628 0.366523 0.332684 0.331776 0.335275 0.337555 0.329447 0.344588 0.349992 0.333734 0.329661 0.334473 -9999.0
-9999.0 -9999.0 -9999.0 0.334974 0.368072 0.331092 0.345706 0.336181 0.336084 0.342726 0.342836 0.329140 0.317594 0.335255 0.000020 0.329528 -9999.0
-9999.0 -9999.0 0.335804 0.334544 0.332561 0.340690 0.331467 0.338608 0.340148 0.332094 0.332876 0.335575 0.325688 0.334074 0.362287 0.331993 -9999.0
-9999.0 0.345653 0.344877 0.337794 0.336438 0.347813 0.333452 0.321775 0.325825 0.359844 0.352374 0.334000 0.356381 0.333638 0.330990 -9999.0 -9999.0
-9999.0 0.339868 0.341703 0.337529 0.326342 0.328634 0.322097 0.321703 0.316384 0.334625 0.359417 0.335087 0.333561 0.342558 0.000046 0.000351 -9999.0
-9999.0 0.331135 0.348233 0.327723 0.322765 0.320752 0.322155 0.338600 0.323585 0.357274 0.340406 0.343967 0.332276 0.331383 0.332006 -9999.0 -9999.0
-9999.0 0.335527 0.324389 0.324706 0.326530 0.320873 0.322800 0.338415 0.345008 0.339902 0.333776 0.330951 0.345034 0.332007 -9999.0 -9999.0 -9999.0
-9999.0 -9999.0 0.325636 0.325761 0.322559 0.341643 0.346180 0.341300 0.337160 0.343905 0.330680 0.333821 0.331544 0.332803 -9999.0 -9999.0 -9999.0
-9999.0 -9999.0 0.328901 0.327152 0.351521 0.340251 0.353746 0.339905 0.335719 0.337657 0.341345 0.330136 0.332650 -9999.0 -9999.0 -9999.0 -9999.0
-9999.0 -9999.0 -9999.0 -9999.0 0.336624 0.339443 0.335959 0.342826 0.336551 0.333404 0.341859 0.333436 0.339621 -9999.0 -9999.0 -9999.0 -9999.0
-9999.0 -9999.0 -9999.0 -9999.0 -9999.0 0.336276 0.335779 0.333913 0.338976 0.335258 0.336427 0.361496 0.347055 0.332246 -9999.0 -9999.0 -9999.0
-9999.0 -9999.0 -9999.0 -9999.0 -9999.0 -9999.0 0.333730 0.333690 0.335138 0.333121 0.333032 0.332284 0.334781 0.336582 0.334461 -9999.0 -9999.0
-9999.0 -9999.0 -9999.0 -9999.0 -9999.0 -9999.0 -9999.0 0.336013 0.336262 0.338120 0.332990 0.333381 0.332646 0.333397 -9999.0 -9999.0 -9999.0
-9999.0 -9999.0 -9999.0 -9999.0 -9999.0 -9999.0 -9999.0 -9999.0 0.351445 0.335465 0.333195 0.332888 0.331758 0.331518 0.346592 -9999.0 -9999.0
-9999.0 -9999.0 -9999.0 -9999.0 -9999.0 -9999.0 -9999.0 -9999.0 -9999.0 -9999.0 -9999.0 -9999.0 -9999.0 -9999.0 -9999.0 -9999.0 -9999.0