tests/3D/WG1_2.0_001/output-maps-SE27XX/thetaliqL0001N0043.asc
ncols         17
nrows         27
xllcorner     624603.750000
yllcorner     5171346.250000
cellsize      500.000000
NODATA_value  -9999.0
-9999.0 -9999.0 -9999.0 -9999.0 -9999.0 -9999.0 -9999.0 -9999.0 -9999.0 -9999.0 -9999.0 -9999.0 -9999.0 -9999.0 -9999.0 -9999.0 -9999.0
-9999.0 -9999.0 -9999.0 -9999.0 -9999.0 -9999.0 -9999.0 -9999.0 -9999.0 -9999.0 -9999.0 0.144118 0.220643 0.219140 -9999.0 -9999.0 -9999.0
-9999.0 -9999.0 -9999.0 -9999.0 -9999.0 -9999.0 -9999.0 -9999.0 -9999.0 0.131305 0.144406 0.149711 0.220678 0.219557 0.221094 -9999.0 -9999.0
-9999.0 -9999.0 -9999.0 -9999.0 -9999.0 -9999.0 -9999.0 -9999.0 0.149655 0.145219 0.158025 0.151256 0.138380 0.221723 0.219712 -9999.0 -9999.0
-9999.0 -9999.0 -9999.0 -9999.0 -9999.0 -9999.0 -9999.0 -9999.0 0.145525 0.146092 0.145655 0.153136 0.220177 0.220759 0.219907 -9999.0 -9999.0
-9999.0 -9999.0 -9999.0 -9999.0 -9999.0 -9999.0 -9999.0 0.145668 0.147805 0.160195 0.173731 0.153559 0.152505 0.219514 0.220414 -9999.0 -9999.0
-9999.0 -9999.0 -9999.0 -9999.0 -9999.0 -9999.0 0.137214 0.144907 0.150722 0.141509 0.136244 0.151538 0.154153 0.150652 0.150410 -9999.0 -9999.0
-9999.0 -9999.0 -9999.0 -9999.0 -9999.0 -9999.0 0.139090 0.139743 0.145426 0.140270 0.145403 0.136057 0.157843 0.154460 0.141446 -9999.0 -9999.0
-9999.0 -9999.0 -9999.0 -9999.0 -9999.0 -9999.0 0.133762 0.135103 0.147699 0.145267 0.154938 0.147793 0.150178 0.153506 0.141181 -9999.0 -9999.0
-9999.0 -9999.0 -9999.0 -9999.0 -9999.0 -9999.0 -9999.0 0.138805 0.143405 0.161474 0.139547 0.148298 0.152202 0.135362 0.160894 -9999.0 -9999.0
-9999.0 -9999.0 -9999.0 -9999.0 -9999.0 -9999.0 0.137996 0.139692 0.142242 0.144576 0.147094 0.150073 0.152754 0.149553 0.151036 0.148515 -9999.0
-9999.0 -9999.0 -9999.0 -9999.0 -9999.0 0.137655 0.139925 0.144742 0.141826 0.145841 0.149209 0.152164 0.148761 0.168147 0.147404 0.149020 -9999.0
-9999.0 -9999.0 -9999.0 0.134902 0.126633 0.133605 0.141074 0.141268 0.145226 0.150013 0.154056 0.153068 0.152021 0.145877 0.145651 0.146988 -9999.0
-9999.0 -9999.0 -9999.0 0.136761 0.136621 0.139680 0.143028 0.143810 0.145908 0.145946 0.149034 0.154436 0.157174 0.149064 0.219750 0.144982 -9999.0
-9999.0 -9999.0 0.137520 0.139395 0.142252 0.142704 0.143664 0.146969 0.150745 0.155558 0.160482 0.144009 0.164306 0.159212 0.132213 0.138153 -9999.0
-9999.0 0.136992 0.136484 0.141037 0.135735 0.143870 0.146556 0.157983 0.157261 0.156450 0.157338 0.152081 0.134166 0.141137 0.136150 -9999.0 -9999.0
-9999.0 0.139082 0.142728 0.140604 0.144189 0.147165 0.156217 0.165445 0.175421 0.152035 0.145578 0.134972 0.134077 0.137302 0.220056 0.220910 -9999.0
-9999.0 0.141807 0.141089 0.150159 0.160502 0.173741 0.184652 0.148523 0.169656 0.153130 0.143724 0.141210 0.134234 0.131158 0.133472 -9999.0 -9999.0
-9999.0 0.146700 0.159962 0.170882 0.155374 0.183128 0.175868 0.168283 0.162016 0.153319 0.136888 0.143262 0.140128 0.139734 -9999.0 -9999.0 -9999.0
-9999.0 -9999.0 0.167794 0.165618 0.182829 0.166957 0.161701 0.161261 0.153360 0.150474 0.141201 0.135467 0.139831 0.134988 -9999.0 -9999.0 -9999.0
-9999.0 -9999.0 0.155406 0.178243 0.160920 0.156320 0.152713 0.146683 0.138714 0.147026 0.144059 0.137203 0.135530 -9999.0 -9999.0 -9999.0 -9999.0
-9999.0 -9999.0 -9999.0 -9999.0 0.151843 0.144745 0.143049 0.142359 0.140322 0.143709 0.143190 0.140169 0.139162 -9999.0 -9999.0 -9999.0 -9999.0
-9999.0 -9999.0 -9999.0 -9999.0 -9999.0 0.132495 0.131323 0.130820 0.139964 0.133174 0.139837 0.138389 0.140076 0.138086 -9999.0 -9999.0 -9999.0
-9999.0 -9999.0 -9999.0 -9999.0 -9999.0 -9999.0 0.130700 0.129678 0.137925 0.131729 0.132233 0.131718 0.139025 0.136826 0.131786 -9999.0 -9999.0
-9999.0 -9999.0 -9999.0 -9999.0 -9999.0 -9999.0 -9999.0 0.128597 0.136501 0.138063 0.131996 0.133137 0.131540 0.136061 -9999.0 -9999.0 -9999.0
-9999.0 -9999.0 -9999.0 -9999.0 -9999.0 -9999.0 -9999.0 -9999.0 0.131314 0.131514 0.131862 0.132590 0.131561 0.132386 0.128512 -9999.0 -9999.0
-9999.0 -9999.0 -9999.0 -9999.0 -9999.0 -9999.0 -9999.0 -9999.0 -9999.0 -9999.0 -9999.0 -9999.0 -9999.0 -9999.0 -9999.0 -9999.0 -9999.0