tests/3D/WG1_2.0_001/output-maps-SE27XX/thetaiceL0003N0060.asc
ncols         17
nrows         27
xllcorner     624603.750000
yllcorner     5171346.250000
cellsize      500.000000
NODATA_value  -9999.0
-9999.0 -9999.0 -9999.0 -9999.0 -9999.0 -9999.0 -9999.0 -9999.0 -9999.0 -9999.0 -9999.0 -9999.0 -9999.0 -9999.0 -9999.0 -9999.0 -9999.0
-9999.0 -9999.0 -9999.0 -9999.0 -9999.0 -9999.0 -9999.0 -9999.0 -9999.0 -9999.0 -9999.0 0.334711 0.000000 0.000000 -9999.0 -9999.0 -9999.0
-9999.0 -9999.0 -9999.0 -9999.0 -9999.0 -9999.0 -9999.0 -9999.0 -9999.0 0.365996 0.352339 0.333818 0.000000 0.000000 0.000000 -9999.0 -9999.0
-9999.0 -9999.0 -9999.0 -9999.0 -9999.0 -9999.0 -9999.0 -9999.0 0.312066 0.343882 0.173216 0.338491 0.333765 0.000000 0.000000 -9999.0 -9999.0
-9999.0 -9999.0 -9999.0 -9999.0 -9999.0 -9999.0 -9999.0 -9999.0 0.329986 0.327738 0.354262 0.312263 0.000000 0.000000 0.000000 -9999.0 -9999.0
-9999.0 -9999.0 -9999.0 -9999.0 -9999.0 -9999.0 -9999.0 0.322463 0.342247 0.261400 0.216823 0.312745 0.338712 0.000000 0.000000 -9999.0 -9999.0
-9999.0 -9999.0 -9999.0 -9999.0 -9999.0 -9999.0 0.361907 0.339334 0.138314 0.345377 0.360785 0.338674 0.335482 0.331355 0.336547 -9999.0 -9999.0
-9999.0 -9999.0 -9999.0 -9999.0 -9999.0 -9999.0 0.292823 0.345129 0.336734 0.334833 0.347986 0.357135 0.243781 0.313861 0.338668 -9999.0 -9999.0
-9999.0 -9999.0 -9999.0 -9999.0 -9999.0 -9999.0 0.330128 0.330920 0.343201 0.333871 0.340025 0.329591 0.295973 0.337246 0.333108 -9999.0 -9999.0
-9999.0 -9999.0 -9999.0 -9999.0 -9999.0 -9999.0 -9999.0 0.331583 0.344436 0.205596 0.347525 0.348693 0.340336 0.134095 0.318329 -9999.0 -9999.0
-9999.0 -9999.0 -9999.0 -9999.0 -9999.0 -9999.0 0.331799 0.272626 0.325009 0.338823 0.344930 0.348120 0.345074 0.317408 0.323389 0.337288 -9999.0
-9999.0 -9999.0 -9999.0 -9999.0 -9999.0 0.343254 0.318362 0.308186 0.324539 0.345129 0.331098 0.347489 0.355986 0.289551 0.334444 0.336422 -9999.0
-9999.0 -9999.0 -9999.0 0.312384 0.353836 0.225280 0.323732 0.325008 0.276424 0.234449 0.324605 0.347342 0.354557 0.334539 0.321549 0.332684 -9999.0
-9999.0 -9999.0 -9999.0 0.327931 0.242856 0.323106 0.338660 0.281065 0.326060 0.307706 0.214629 0.303783 0.000000 0.331411 0.000000 0.324625 -9999.0
-9999.0 -9999.0 0.329484 0.327795 0.314917 0.340418 0.324803 0.255759 0.195812 0.197319 0.274109 0.335393 0.141616 0.173107 0.365600 0.329587 -9999.0
-9999.0 0.333133 0.335187 0.336421 0.333841 0.337267 0.268806 0.129820 0.137364 0.301396 0.354259 0.329943 0.359809 0.332209 0.329910 -9999.0 -9999.0
-9999.0 0.289726 0.336604 0.176060 0.113353 0.148683 0.054414 0.036592 0.083732 0.157220 0.355462 0.334453 0.332341 0.344759 0.000000 0.000000 -9999.0
-9999.0 0.179691 0.308306 0.109940 0.030986 0.000833 0.000000 0.299721 0.096769 0.321605 0.291512 0.338838 0.329191 0.329820 0.332061 -9999.0 -9999.0
-9999.0 0.167934 0.131661 0.012743 0.127859 0.000420 0.093109 0.160651 0.238149 0.335923 0.330484 0.307649 0.346128 0.323062 -9999.0 -9999.0 -9999.0
-9999.0 -9999.0 0.017912 0.040854 0.039929 0.161257 0.273159 0.270758 0.242765 0.338721 0.312915 0.331671 0.327398 0.329922 -9999.0 -9999.0 -9999.0
-9999.0 -9999.0 0.052783 0.001744 0.182196 0.315732 0.352822 0.339464 0.332183 0.327936 0.341625 0.152077 0.329539 -9999.0 -9999.0 -9999.0 -9999.0
-9999.0 -9999.0 -9999.0 -9999.0 0.321596 0.337174 0.334173 0.330878 0.334837 0.330765 0.341784 0.326525 0.341959 -9999.0 -9999.0 -9999.0 -9999.0
-9999.0 -9999.0 -9999.0 -9999.0 -9999.0 0.332824 0.332114 0.330851 0.334475 0.331435 0.335659 0.196361 0.227604 0.323686 -9999.0 -9999.0 -9999.0
-9999.0 -9999.0 -9999.0 -9999.0 -9999.0 -9999.0 0.330313 0.330589 0.333690 0.330141 0.330110 0.331183 0.334426 0.337860 0.335319 -9999.0 -9999.0
-9999.0 -9999.0 -9999.0 -9999.0 -9999.0 -9999.0 -9999.0 0.331867 0.334979 0.337867 0.330186 0.332753 0.331268 0.319380 -9999.0 -9999.0 -9999.0
-9999.0 -9999.0 -9999.0 -9999.0 -9999.0 -9999.0 -9999.0 -9999.0 0.351974 0.334053 0.330432 0.330337 0.329292 0.328748 0.345372 -9999.0 -9999.0
-9999.0 -9999.0 -9999.0 -9999.0 -9999.0 -9999.0 -9999.0 -9999.0 -9999.0 -9999.0 -9999.0 -9999.0 -9999.0 -9999.0 -9999.0 -9999.0 -9999.0