tests/3D/WG1_2.0_001/output-maps-SE27XX/thetaliqL0005N0029.asc
ncols         17
nrows         27
xllcorner     624603.750000
yllcorner     5171346.250000
cellsize      500.000000
NODATA_value  -9999.0
-9999.0 -9999.0 -9999.0 -9999.0 -9999.0 -9999.0 -9999.0 -9999.0 -9999.0 -9999.0 -9999.0 -9999.0 -9999.0 -9999.0 -9999.0 -9999.0 -9999.0
-9999.0 -9999.0 -9999.0 -9999.0 -9999.0 -9999.0 -9999.0 -9999.0 -9999.0 -9999.0 -9999.0 0.381440 0.400921 0.388146 -9999.0 -9999.0 -9999.0
-9999.0 -9999.0 -9999.0 -9999.0 -9999.0 -9999.0 -9999.0 -9999.0 -9999.0 0.403158 0.393911 0.382812 0.401471 0.392500 0.409154 -9999.0 -9999.0
-9999.0 -9999.0 -9999.0 -9999.0 -9999.0 -9999.0 -9999.0 -9999.0 0.394733 0.387211 0.399273 0.385587 0.391854 0.427073 0.393018 -9999.0 -9999.0
-9999.0 -9999.0 -9999.0 -9999.0 -9999.0 -9999.0 -9999.0 -9999.0 0.389505 0.384113 0.412472 0.384660 0.396663 0.402758 0.394068 -9999.0 -9999.0
-9999.0 -9999.0 -9999.0 -9999.0 -9999.0 -9999.0 -9999.0 0.386806 0.387899 0.399262 0.387778 0.384103 0.386974 0.392324 0.398104 -9999.0 -9999.0
-9999.0 -9999.0 -9999.0 -9999.0 -9999.0 -9999.0 0.395246 0.381625 0.396636 0.391844 0.417622 0.395105 0.384537 0.382838 0.383011 -9999.0 -9999.0
-9999.0 -9999.0 -9999.0 -9999.0 -9999.0 -9999.0 0.389915 0.387759 0.391727 0.390343 0.396299 0.416689 0.398442 0.386893 0.409206 -9999.0 -9999.0
-9999.0 -9999.0 -9999.0 -9999.0 -9999.0 -9999.0 0.387436 0.392315 0.387179 0.405379 0.382765 0.387804 0.384851 0.387671 0.402079 -9999.0 -9999.0
-9999.0 -9999.0 -9999.0 -9999.0 -9999.0 -9999.0 -9999.0 0.379861 0.391229 0.396650 0.396528 0.393712 0.389190 0.422103 0.389685 -9999.0 -9999.0
-9999.0 -9999.0 -9999.0 -9999.0 -9999.0 -9999.0 0.382085 0.391776 0.384103 0.386166 0.391145 0.391923 0.398289 0.389180 0.382426 0.387651 -9999.0
-9999.0 -9999.0 -9999.0 -9999.0 -9999.0 0.384976 0.387912 0.387195 0.381890 0.391526 0.388263 0.390236 0.404949 0.386661 0.388577 0.381297 -9999.0
-9999.0 -9999.0 -9999.0 0.388218 0.408286 0.393260 0.388419 0.381400 0.385438 0.385216 0.383952 0.394917 0.404998 0.377967 0.381394 0.389439 -9999.0
-9999.0 -9999.0 -9999.0 0.382516 0.394387 0.379173 0.394558 0.384555 0.389440 0.398395 0.392380 0.384393 0.404977 0.393188 0.391678 0.382993 -9999.0
-9999.0 -9999.0 0.382485 0.383824 0.382097 0.398014 0.382734 0.384978 0.389836 0.385220 0.386280 0.392336 0.390616 0.392239 0.412174 0.385416 -9999.0
-9999.0 0.387928 0.389786 0.382174 0.393671 0.392317 0.380793 0.384431 0.388665 0.404455 0.397177 0.380717 0.415888 0.382458 0.378783 -9999.0 -9999.0
-9999.0 0.388003 0.383948 0.391099 0.393897 0.390926 0.396323 0.399115 0.384554 0.395348 0.406825 0.397682 0.396593 0.396055 0.394524 0.405353 -9999.0
-9999.0 0.386018 0.398098 0.393285 0.395003 0.388596 0.394629 0.394398 0.392310 0.401572 0.392632 0.390351 0.384557 0.387914 0.375974 -9999.0 -9999.0
-9999.0 0.392482 0.381756 0.392248 0.389336 0.390295 0.389845 0.395562 0.395035 0.392206 0.388566 0.385414 0.392843 0.387009 -9999.0 -9999.0 -9999.0
-9999.0 -9999.0 0.394314 0.391659 0.394030 0.397311 0.401024 0.397205 0.383729 0.395538 0.381088 0.390281 0.382219 0.387201 -9999.0 -9999.0 -9999.0
-9999.0 -9999.0 0.392401 0.390143 0.401706 0.393550 0.403879 0.397066 0.391904 0.387558 0.393361 0.391250 0.380908 -9999.0 -9999.0 -9999.0 -9999.0
-9999.0 -9999.0 -9999.0 -9999.0 0.389959 0.389011 0.379472 0.390433 0.388543 0.381635 0.385476 0.387853 0.388205 -9999.0 -9999.0 -9999.0 -9999.0
-9999.0 -9999.0 -9999.0 -9999.0 -9999.0 0.390966 0.387423 0.383044 0.386264 0.392269 0.387785 0.404660 0.389558 0.385787 -9999.0 -9999.0 -9999.0
-9999.0 -9999.0 -9999.0 -9999.0 -9999.0 -9999.0 0.385965 0.384768 0.381814 0.383190 0.384028 0.386831 0.382891 0.388912 0.387730 -9999.0 -9999.0
-9999.0 -9999.0 -9999.0 -9999.0 -9999.0 -9999.0 -9999.0 0.393153 0.387808 0.388679 0.386862 0.383523 0.380917 0.387423 -9999.0 -9999.0 -9999.0
-9999.0 -9999.0 -9999.0 -9999.0 -9999.0 -9999.0 -9999.0 -9999.0 0.394451 0.390209 0.389388 0.388742 0.384415 0.379575 0.401546 -9999.0 -9999.0
-9999.0 -9999.0 -9999.0 -9999.0 -9999.0 -9999.0 -9999.0 -9999.0 -9999.0 -9999.0 -9999.0 -9999.0 -9999.0 -9999.0 -9999.0 -9999.0 -9999.0