tests/3D/WG1_2.0_001/output-maps-SE27XX/thetaliqL0003N0013.asc
ncols         17
nrows         27
xllcorner     624603.750000
yllcorner     5171346.250000
cellsize      500.000000
NODATA_value  -9999.0
-9999.0 -9999.0 -9999.0 -9999.0 -9999.0 -9999.0 -9999.0 -9999.0 -9999.0 -9999.0 -9999.0 -9999.0 -9999.0 -9999.0 -9999.0 -9999.0 -9999.0
-9999.0 -9999.0 -9999.0 -9999.0 -9999.0 -9999.0 -9999.0 -9999.0 -9999.0 -9999.0 -9999.0 0.278869 0.307046 0.306960 -9999.0 -9999.0 -9999.0
-9999.0 -9999.0 -9999.0 -9999.0 -9999.0 -9999.0 -9999.0 -9999.0 -9999.0 0.268529 0.261665 0.277861 0.307630 0.306932 0.306706 -9999.0 -9999.0
-9999.0 -9999.0 -9999.0 -9999.0 -9999.0 -9999.0 -9999.0 -9999.0 0.273027 0.274162 0.276114 0.270753 0.281077 0.307659 0.307001 -9999.0 -9999.0
-9999.0 -9999.0 -9999.0 -9999.0 -9999.0 -9999.0 -9999.0 -9999.0 0.269719 0.274015 0.276633 0.274918 0.308067 0.307469 0.306997 -9999.0 -9999.0
-9999.0 -9999.0 -9999.0 -9999.0 -9999.0 -9999.0 -9999.0 0.268970 0.272723 0.278234 0.281061 0.276492 0.274685 0.306943 0.306495 -9999.0 -9999.0
-9999.0 -9999.0 -9999.0 -9999.0 -9999.0 -9999.0 0.259104 0.266018 0.275640 0.281041 0.281253 0.277029 0.275607 0.256336 0.280028 -9999.0 -9999.0
-9999.0 -9999.0 -9999.0 -9999.0 -9999.0 -9999.0 0.260249 0.264750 0.274450 0.281973 0.283984 0.279671 0.274935 0.271437 0.280395 -9999.0 -9999.0
-9999.0 -9999.0 -9999.0 -9999.0 -9999.0 -9999.0 0.256444 0.263689 0.274833 0.282344 0.284735 0.284686 0.279435 0.277377 0.266625 -9999.0 -9999.0
-9999.0 -9999.0 -9999.0 -9999.0 -9999.0 -9999.0 -9999.0 0.267108 0.275059 0.282604 0.284332 0.284456 0.280306 0.276571 0.275886 -9999.0 -9999.0
-9999.0 -9999.0 -9999.0 -9999.0 -9999.0 -9999.0 0.266122 0.269134 0.275721 0.282474 0.284094 0.284645 0.280997 0.275260 0.277291 0.268670 -9999.0
-9999.0 -9999.0 -9999.0 -9999.0 -9999.0 0.263864 0.268320 0.274394 0.280096 0.283030 0.285272 0.285052 0.283474 0.276581 0.269864 0.273785 -9999.0
-9999.0 -9999.0 -9999.0 0.261035 0.262400 0.267907 0.271974 0.279149 0.283086 0.285391 0.285822 0.286588 0.283608 0.275636 0.271274 0.273597 -9999.0
-9999.0 -9999.0 -9999.0 0.263749 0.268690 0.273181 0.279386 0.281513 0.285126 0.286273 0.286177 0.286756 0.284905 0.279992 0.307820 0.272264 -9999.0
-9999.0 -9999.0 0.266619 0.268601 0.274243 0.276703 0.279947 0.284128 0.284196 0.285325 0.284949 0.284665 0.284513 0.277746 0.268598 0.266099 -9999.0
-9999.0 0.270089 0.273082 0.274324 0.277402 0.282479 0.283790 0.283047 0.283491 0.284624 0.284970 0.281416 0.280545 0.269901 0.261936 -9999.0 -9999.0
-9999.0 0.273878 0.275721 0.279092 0.281671 0.282427 0.282931 0.284334 0.282982 0.285194 0.285173 0.279396 0.273454 0.265293 0.306791 0.306342 -9999.0
-9999.0 0.276541 0.278270 0.279937 0.282365 0.291528 0.305412 0.296899 0.284737 0.285141 0.283589 0.279835 0.269362 0.261563 0.256218 -9999.0 -9999.0
-9999.0 0.275740 0.275285 0.290073 0.323605 0.323778 0.294129 0.283342 0.283072 0.283076 0.280628 0.279056 0.270012 0.263833 -9999.0 -9999.0 -9999.0
-9999.0 -9999.0 0.296394 0.322608 0.297723 0.281357 0.281077 0.282879 0.281501 0.284173 0.281844 0.275366 0.270181 0.266538 -9999.0 -9999.0 -9999.0
-9999.0 -9999.0 0.322461 0.323921 0.280319 0.279422 0.282927 0.282402 0.281660 0.282986 0.281579 0.276802 0.270106 -9999.0 -9999.0 -9999.0 -9999.0
-9999.0 -9999.0 -9999.0 -9999.0 0.279194 0.280972 0.277931 0.280391 0.279527 0.280936 0.281173 0.277184 0.271809 -9999.0 -9999.0 -9999.0 -9999.0
-9999.0 -9999.0 -9999.0 -9999.0 -9999.0 0.277643 0.273756 0.273860 0.277693 0.278059 0.279172 0.277644 0.271320 0.266035 -9999.0 -9999.0 -9999.0
-9999.0 -9999.0 -9999.0 -9999.0 -9999.0 -9999.0 0.267070 0.266501 0.269246 0.274374 0.276740 0.275858 0.270657 0.265159 0.262144 -9999.0 -9999.0
-9999.0 -9999.0 -9999.0 -9999.0 -9999.0 -9999.0 -9999.0 0.259639 0.265042 0.268237 0.272013 0.273834 0.268802 0.263562 -9999.0 -9999.0 -9999.0
-9999.0 -9999.0 -9999.0 -9999.0 -9999.0 -9999.0 -9999.0 -9999.0 0.259303 0.264541 0.269949 0.271110 0.265951 0.261490 0.259264 -9999.0 -9999.0
-9999.0 -9999.0 -9999.0 -9999.0 -9999.0 -9999.0 -9999.0 -9999.0 -9999.0 -9999.0 -9999.0 -9999.0 -9999.0 -9999.0 -9999.0 -9999.0 -9999.0