tests/3D/WG1_2.0_001/output-maps-SE27XX/thetaliqL0003N0076.asc
ncols         17
nrows         27
xllcorner     624603.750000
yllcorner     5171346.250000
cellsize      500.000000
NODATA_value  -9999.0
-9999.0 -9999.0 -9999.0 -9999.0 -9999.0 -9999.0 -9999.0 -9999.0 -9999.0 -9999.0 -9999.0 -9999.0 -9999.0 -9999.0 -9999.0 -9999.0 -9999.0
-9999.0 -9999.0 -9999.0 -9999.0 -9999.0 -9999.0 -9999.0 -9999.0 -9999.0 -9999.0 -9999.0 0.137699 0.316261 0.296954 -9999.0 -9999.0 -9999.0
-9999.0 -9999.0 -9999.0 -9999.0 -9999.0 -9999.0 -9999.0 -9999.0 -9999.0 0.116655 0.129938 0.135357 0.317067 0.303810 0.327373 -9999.0 -9999.0
-9999.0 -9999.0 -9999.0 -9999.0 -9999.0 -9999.0 -9999.0 -9999.0 0.120470 0.134910 0.120059 0.138940 0.136151 0.348515 0.304662 -9999.0 -9999.0
-9999.0 -9999.0 -9999.0 -9999.0 -9999.0 -9999.0 -9999.0 -9999.0 0.126216 0.133981 0.128864 0.139651 0.309839 0.318861 0.306238 -9999.0 -9999.0
-9999.0 -9999.0 -9999.0 -9999.0 -9999.0 -9999.0 -9999.0 0.125097 0.133958 0.123498 0.154388 0.136546 0.138881 0.303540 0.312267 -9999.0 -9999.0
-9999.0 -9999.0 -9999.0 -9999.0 -9999.0 -9999.0 0.124643 0.131743 0.121113 0.128305 0.127006 0.136233 0.139369 0.134652 0.136675 -9999.0 -9999.0
-9999.0 -9999.0 -9999.0 -9999.0 -9999.0 -9999.0 0.119205 0.130760 0.133585 0.134333 0.120089 0.127533 0.119017 0.133016 0.135064 -9999.0 -9999.0
-9999.0 -9999.0 -9999.0 -9999.0 -9999.0 -9999.0 0.131799 0.131461 0.132752 0.122588 0.130933 0.125376 0.133172 0.138262 0.135694 -9999.0 -9999.0
-9999.0 -9999.0 -9999.0 -9999.0 -9999.0 -9999.0 -9999.0 0.127058 0.131333 0.125599 0.117677 0.127317 0.135538 0.117376 0.129952 -9999.0 -9999.0
-9999.0 -9999.0 -9999.0 -9999.0 -9999.0 -9999.0 0.124937 0.117692 0.129037 0.128881 0.123728 0.127994 0.133155 0.133615 0.135522 0.137495 -9999.0
-9999.0 -9999.0 -9999.0 -9999.0 -9999.0 0.125024 0.118667 0.122178 0.125568 0.126323 0.120421 0.130751 0.129554 0.127735 0.136796 0.137849 -9999.0
-9999.0 -9999.0 -9999.0 0.117648 0.126056 0.117202 0.122202 0.126275 0.120725 0.130611 0.130868 0.123961 0.129961 0.136012 0.132015 0.132474 -9999.0
-9999.0 -9999.0 -9999.0 0.125636 0.117389 0.128395 0.119428 0.122457 0.118304 0.118198 0.118476 0.128995 0.141413 0.130975 0.304141 0.133726 -9999.0
-9999.0 -9999.0 0.124624 0.125852 0.122722 0.128043 0.128999 0.122381 0.127526 0.128434 0.134403 0.130800 0.138412 0.123228 0.128322 0.135854 -9999.0
-9999.0 0.119133 0.118427 0.129073 0.128044 0.119515 0.130021 0.135592 0.135388 0.118683 0.128299 0.132293 0.126793 0.134191 0.135142 -9999.0 -9999.0
-9999.0 0.118169 0.123695 0.118472 0.118360 0.118374 0.120863 0.121904 0.167994 0.118113 0.119642 0.129415 0.130284 0.127389 0.307385 0.322360 -9999.0
-9999.0 0.120293 0.118753 0.119163 0.122363 0.125764 0.124890 0.119236 0.141153 0.119938 0.118888 0.119525 0.131984 0.131519 0.133484 -9999.0 -9999.0
-9999.0 0.118517 0.135777 0.122354 0.118468 0.127520 0.149814 0.134871 0.131999 0.129400 0.130038 0.129511 0.127229 0.123512 -9999.0 -9999.0 -9999.0
-9999.0 -9999.0 0.122709 0.121029 0.142597 0.129222 0.125349 0.126388 0.136460 0.123857 0.126841 0.130781 0.128663 0.131979 -9999.0 -9999.0 -9999.0
-9999.0 -9999.0 0.119268 0.119831 0.125085 0.127900 0.124932 0.128191 0.129015 0.123746 0.126907 0.117316 0.131734 -9999.0 -9999.0 -9999.0 -9999.0
-9999.0 -9999.0 -9999.0 -9999.0 0.128200 0.128523 0.130411 0.119183 0.130287 0.129582 0.124023 0.125421 0.128605 -9999.0 -9999.0 -9999.0 -9999.0
-9999.0 -9999.0 -9999.0 -9999.0 -9999.0 0.128872 0.128618 0.129263 0.121955 0.129666 0.130047 0.119775 0.119021 0.126512 -9999.0 -9999.0 -9999.0
-9999.0 -9999.0 -9999.0 -9999.0 -9999.0 -9999.0 0.129432 0.129049 0.130627 0.130082 0.131114 0.130561 0.130480 0.129645 0.130293 -9999.0 -9999.0
-9999.0 -9999.0 -9999.0 -9999.0 -9999.0 -9999.0 -9999.0 0.127912 0.129610 0.129640 0.130398 0.128969 0.130721 0.121773 -9999.0 -9999.0 -9999.0
-9999.0 -9999.0 -9999.0 -9999.0 -9999.0 -9999.0 -9999.0 -9999.0 0.126967 0.129125 0.130189 0.129981 0.130748 0.131823 0.124215 -9999.0 -9999.0
-9999.0 -9999.0 -9999.0 -9999.0 -9999.0 -9999.0 -9999.0 -9999.0 -9999.0 -9999.0 -9999.0 -9999.0 -9999.0 -9999.0 -9999.0 -9999.0 -9999.0