tests/3D/WG1_2.0_001/output-maps-SE27XX/thetaiceL0001N0038.asc
ncols         17
nrows         27
xllcorner     624603.750000
yllcorner     5171346.250000
cellsize      500.000000
NODATA_value  -9999.0
-9999.0 -9999.0 -9999.0 -9999.0 -9999.0 -9999.0 -9999.0 -9999.0 -9999.0 -9999.0 -9999.0 -9999.0 -9999.0 -9999.0 -9999.0 -9999.0 -9999.0
-9999.0 -9999.0 -9999.0 -9999.0 -9999.0 -9999.0 -9999.0 -9999.0 -9999.0 -9999.0 -9999.0 0.347575 0.280238 0.280969 -9999.0 -9999.0 -9999.0
-9999.0 -9999.0 -9999.0 -9999.0 -9999.0 -9999.0 -9999.0 -9999.0 -9999.0 0.359511 0.342330 0.344761 0.280210 0.280706 0.279839 -9999.0 -9999.0
-9999.0 -9999.0 -9999.0 -9999.0 -9999.0 -9999.0 -9999.0 -9999.0 0.328467 0.348626 0.320745 0.345884 0.355868 0.278505 0.280667 -9999.0 -9999.0
-9999.0 -9999.0 -9999.0 -9999.0 -9999.0 -9999.0 -9999.0 -9999.0 0.325929 0.346676 0.353396 0.343388 0.280509 0.280146 0.280614 -9999.0 -9999.0
-9999.0 -9999.0 -9999.0 -9999.0 -9999.0 -9999.0 -9999.0 0.325898 0.350229 0.324628 0.315768 0.345181 0.346449 0.280717 0.280389 -9999.0 -9999.0
-9999.0 -9999.0 -9999.0 -9999.0 -9999.0 -9999.0 0.357092 0.352574 0.329965 0.317712 0.367842 0.347218 0.344284 0.344451 0.343165 -9999.0 -9999.0
-9999.0 -9999.0 -9999.0 -9999.0 -9999.0 -9999.0 0.331900 0.354033 0.350863 0.358550 0.230996 0.366121 0.322348 0.315509 0.354975 -9999.0 -9999.0
-9999.0 -9999.0 -9999.0 -9999.0 -9999.0 -9999.0 0.366062 0.366239 0.351083 0.334574 0.342366 0.350912 0.332438 0.343573 0.357941 -9999.0 -9999.0
-9999.0 -9999.0 -9999.0 -9999.0 -9999.0 -9999.0 -9999.0 0.350750 0.353991 0.327805 0.354459 0.350724 0.347611 0.337522 0.319120 -9999.0 -9999.0
-9999.0 -9999.0 -9999.0 -9999.0 -9999.0 -9999.0 0.350877 0.332244 0.348143 0.352416 0.353060 0.321809 0.348469 0.333601 0.344958 0.348683 -9999.0
-9999.0 -9999.0 -9999.0 -9999.0 -9999.0 0.356220 0.331984 0.329813 0.352769 0.354172 0.351966 0.350209 0.354374 0.322150 0.347957 0.346873 -9999.0
-9999.0 -9999.0 -9999.0 0.348289 0.376369 0.340249 0.331888 0.353524 0.336064 0.324754 0.336512 0.352428 0.353466 0.349621 0.346109 0.347744 -9999.0
-9999.0 -9999.0 -9999.0 0.342013 0.351384 0.348659 0.359430 0.337142 0.353787 0.355151 0.344525 0.343497 0.326648 0.349901 0.280563 0.342381 -9999.0
-9999.0 -9999.0 0.350883 0.351430 0.328705 0.359138 0.353821 0.351108 0.343514 0.344165 0.344747 0.358728 0.319585 0.321704 0.365581 0.360188 -9999.0
-9999.0 0.359690 0.360108 0.355925 0.363156 0.359275 0.350881 0.328220 0.332635 0.362634 0.356424 0.349114 0.366363 0.352395 0.359240 -9999.0 -9999.0
-9999.0 0.350293 0.356155 0.337704 0.332628 0.344412 0.333079 0.328473 0.321389 0.345834 0.358557 0.365497 0.366468 0.357507 0.280523 0.280014 -9999.0
-9999.0 0.332230 0.360526 0.344569 0.330969 0.328653 0.335400 0.351567 0.328471 0.363171 0.355587 0.357110 0.365625 0.368356 0.360979 -9999.0 -9999.0
-9999.0 0.346489 0.323873 0.326202 0.314622 0.324350 0.321692 0.349233 0.352909 0.356557 0.366332 0.325903 0.356826 0.328863 -9999.0 -9999.0 -9999.0
-9999.0 -9999.0 0.331460 0.314257 0.326791 0.351003 0.358903 0.357007 0.347532 0.357605 0.348382 0.362735 0.350817 0.362839 -9999.0 -9999.0 -9999.0
-9999.0 -9999.0 0.322177 0.334405 0.350866 0.356891 0.363022 0.357853 0.362564 0.354849 0.348845 0.330197 0.361762 -9999.0 -9999.0 -9999.0 -9999.0
-9999.0 -9999.0 -9999.0 -9999.0 0.357026 0.358079 0.354813 0.358781 0.357693 0.353419 0.355106 0.350697 0.356940 -9999.0 -9999.0 -9999.0 -9999.0
-9999.0 -9999.0 -9999.0 -9999.0 -9999.0 0.369649 0.369649 0.371109 0.357309 0.372437 0.356975 0.339944 0.329232 0.331972 -9999.0 -9999.0 -9999.0
-9999.0 -9999.0 -9999.0 -9999.0 -9999.0 -9999.0 0.370077 0.371426 0.356250 0.367639 0.366879 0.366083 0.355080 0.357439 0.359804 -9999.0 -9999.0
-9999.0 -9999.0 -9999.0 -9999.0 -9999.0 -9999.0 -9999.0 0.372212 0.358400 0.357984 0.367346 0.360645 0.361194 0.335314 -9999.0 -9999.0 -9999.0
-9999.0 -9999.0 -9999.0 -9999.0 -9999.0 -9999.0 -9999.0 -9999.0 0.365783 0.363392 0.368014 0.366422 0.367359 0.366834 0.377250 -9999.0 -9999.0
-9999.0 -9999.0 -9999.0 -9999.0 -9999.0 -9999.0 -9999.0 -9999.0 -9999.0 -9999.0 -9999.0 -9999.0 -9999.0 -9999.0 -9999.0 -9999.0 -9999.0