tests/3D/WG1_2.0_001/output-maps-SE27XX/thetaiceL0003N0075.asc
ncols         17
nrows         27
xllcorner     624603.750000
yllcorner     5171346.250000
cellsize      500.000000
NODATA_value  -9999.0
-9999.0 -9999.0 -9999.0 -9999.0 -9999.0 -9999.0 -9999.0 -9999.0 -9999.0 -9999.0 -9999.0 -9999.0 -9999.0 -9999.0 -9999.0 -9999.0 -9999.0
-9999.0 -9999.0 -9999.0 -9999.0 -9999.0 -9999.0 -9999.0 -9999.0 -9999.0 -9999.0 -9999.0 0.335557 0.000000 0.000000 -9999.0 -9999.0 -9999.0
-9999.0 -9999.0 -9999.0 -9999.0 -9999.0 -9999.0 -9999.0 -9999.0 -9999.0 0.382239 0.356104 0.337513 0.000000 0.000000 0.000000 -9999.0 -9999.0
-9999.0 -9999.0 -9999.0 -9999.0 -9999.0 -9999.0 -9999.0 -9999.0 0.346062 0.344380 0.354418 0.339488 0.335797 0.000000 0.000000 -9999.0 -9999.0
-9999.0 -9999.0 -9999.0 -9999.0 -9999.0 -9999.0 -9999.0 -9999.0 0.340743 0.335116 0.360243 0.333203 0.000000 0.000000 0.000000 -9999.0 -9999.0
-9999.0 -9999.0 -9999.0 -9999.0 -9999.0 -9999.0 -9999.0 0.338124 0.344211 0.359702 0.310957 0.334025 0.340855 0.000000 0.000000 -9999.0 -9999.0
-9999.0 -9999.0 -9999.0 -9999.0 -9999.0 -9999.0 0.369235 0.342058 0.338190 0.350024 0.365303 0.343142 0.340490 0.337864 0.338858 -9999.0 -9999.0
-9999.0 -9999.0 -9999.0 -9999.0 -9999.0 -9999.0 0.352373 0.346604 0.341066 0.337841 0.361518 0.361505 0.367988 0.331331 0.342076 -9999.0 -9999.0
-9999.0 -9999.0 -9999.0 -9999.0 -9999.0 -9999.0 0.337589 0.338215 0.344888 0.348290 0.343371 0.343227 0.334970 0.340347 0.338206 -9999.0 -9999.0
-9999.0 -9999.0 -9999.0 -9999.0 -9999.0 -9999.0 -9999.0 0.340199 0.347254 0.356516 0.364844 0.355806 0.343338 0.375570 0.334915 -9999.0 -9999.0
-9999.0 -9999.0 -9999.0 -9999.0 -9999.0 -9999.0 0.342250 0.360631 0.336089 0.344129 0.354945 0.352342 0.349077 0.335988 0.335475 0.338522 -9999.0
-9999.0 -9999.0 -9999.0 -9999.0 -9999.0 0.351489 0.344690 0.341841 0.339360 0.351883 0.350133 0.349756 0.360669 0.338099 0.338611 0.337557 -9999.0
-9999.0 -9999.0 -9999.0 0.354087 0.359314 0.378060 0.341695 0.338841 0.345934 0.339407 0.335346 0.356959 0.357786 0.337096 0.334100 0.340488 -9999.0
-9999.0 -9999.0 -9999.0 0.340512 0.379310 0.335902 0.356516 0.345251 0.351674 0.356212 0.357563 0.334943 0.241268 0.342061 0.000000 0.333100 -9999.0
-9999.0 -9999.0 0.342637 0.341125 0.339391 0.347199 0.336824 0.347044 0.341040 0.331350 0.333170 0.341744 0.295168 0.339163 0.369832 0.334813 -9999.0
-9999.0 0.352231 0.352838 0.342758 0.342085 0.355982 0.336409 0.294892 0.304302 0.373837 0.360245 0.338347 0.365277 0.337593 0.334590 -9999.0 -9999.0
-9999.0 0.346980 0.348738 0.344110 0.329911 0.335790 0.318908 0.314142 0.235396 0.346219 0.371765 0.341559 0.339203 0.350131 0.000000 0.000000 -9999.0
-9999.0 0.336315 0.357924 0.331374 0.308918 0.280872 0.296302 0.351188 0.288309 0.368765 0.353168 0.355685 0.336857 0.336901 0.336283 -9999.0 -9999.0
-9999.0 0.342110 0.298833 0.303561 0.329530 0.277184 0.275364 0.327690 0.344563 0.345673 0.339617 0.334745 0.352107 0.340009 -9999.0 -9999.0 -9999.0
-9999.0 -9999.0 0.306632 0.313235 0.270076 0.338735 0.353235 0.347900 0.332606 0.352398 0.335877 0.338506 0.337400 0.337516 -9999.0 -9999.0 -9999.0
-9999.0 -9999.0 0.321992 0.311889 0.354148 0.345367 0.362038 0.346217 0.341869 0.345242 0.348462 0.342914 0.337396 -9999.0 -9999.0 -9999.0 -9999.0
-9999.0 -9999.0 -9999.0 -9999.0 0.341006 0.344592 0.340016 0.352542 0.341018 0.339094 0.350265 0.340826 0.346132 -9999.0 -9999.0 -9999.0 -9999.0
-9999.0 -9999.0 -9999.0 -9999.0 -9999.0 0.340695 0.340265 0.338717 0.349279 0.340181 0.341471 0.371566 0.360316 0.337709 -9999.0 -9999.0 -9999.0
-9999.0 -9999.0 -9999.0 -9999.0 -9999.0 -9999.0 0.338132 0.338523 0.339174 0.337724 0.337248 0.337878 0.339591 0.342935 0.339910 -9999.0 -9999.0
-9999.0 -9999.0 -9999.0 -9999.0 -9999.0 -9999.0 -9999.0 0.340249 0.340879 0.343437 0.337615 0.339507 0.337106 0.342513 -9999.0 -9999.0 -9999.0
-9999.0 -9999.0 -9999.0 -9999.0 -9999.0 -9999.0 -9999.0 -9999.0 0.358130 0.341132 0.337854 0.338341 0.337241 0.336453 0.354711 -9999.0 -9999.0
-9999.0 -9999.0 -9999.0 -9999.0 -9999.0 -9999.0 -9999.0 -9999.0 -9999.0 -9999.0 -9999.0 -9999.0 -9999.0 -9999.0 -9999.0 -9999.0 -9999.0