tests/3D/WG1_2.0_001/output-maps-SE27XX/thetaiceL0004N0085.asc
ncols         17
nrows         27
xllcorner     624603.750000
yllcorner     5171346.250000
cellsize      500.000000
NODATA_value  -9999.0
-9999.0 -9999.0 -9999.0 -9999.0 -9999.0 -9999.0 -9999.0 -9999.0 -9999.0 -9999.0 -9999.0 -9999.0 -9999.0 -9999.0 -9999.0 -9999.0 -9999.0
-9999.0 -9999.0 -9999.0 -9999.0 -9999.0 -9999.0 -9999.0 -9999.0 -9999.0 -9999.0 -9999.0 0.111284 0.000000 0.000000 -9999.0 -9999.0 -9999.0
-9999.0 -9999.0 -9999.0 -9999.0 -9999.0 -9999.0 -9999.0 -9999.0 -9999.0 0.290135 0.118807 0.088604 0.000000 0.000000 0.000000 -9999.0 -9999.0
-9999.0 -9999.0 -9999.0 -9999.0 -9999.0 -9999.0 -9999.0 -9999.0 0.152234 0.115715 0.110110 0.088541 0.136624 0.000000 0.000000 -9999.0 -9999.0
-9999.0 -9999.0 -9999.0 -9999.0 -9999.0 -9999.0 -9999.0 -9999.0 0.130029 0.090464 0.118390 0.054339 0.000000 0.000000 0.000000 -9999.0 -9999.0
-9999.0 -9999.0 -9999.0 -9999.0 -9999.0 -9999.0 -9999.0 0.144056 0.103090 0.101294 0.030999 0.061861 0.082617 0.000000 0.000000 -9999.0 -9999.0
-9999.0 -9999.0 -9999.0 -9999.0 -9999.0 -9999.0 0.186930 0.123243 0.106880 0.166498 0.210393 0.097392 0.076930 0.083142 0.084821 -9999.0 -9999.0
-9999.0 -9999.0 -9999.0 -9999.0 -9999.0 -9999.0 0.153969 0.144254 0.124037 0.138942 0.202872 0.202190 0.123244 0.082539 0.131394 -9999.0 -9999.0
-9999.0 -9999.0 -9999.0 -9999.0 -9999.0 -9999.0 0.181768 0.173580 0.116433 0.144451 0.121736 0.133214 0.062295 0.089023 0.124121 -9999.0 -9999.0
-9999.0 -9999.0 -9999.0 -9999.0 -9999.0 -9999.0 -9999.0 0.144134 0.133624 0.078588 0.233344 0.150594 0.097934 0.137425 0.093887 -9999.0 -9999.0
-9999.0 -9999.0 -9999.0 -9999.0 -9999.0 -9999.0 0.154839 0.158448 0.115355 0.136542 0.166002 0.147826 0.110491 0.073478 0.073986 0.103874 -9999.0
-9999.0 -9999.0 -9999.0 -9999.0 -9999.0 0.169797 0.180510 0.137025 0.134170 0.151225 0.159686 0.129450 0.133443 0.079688 0.105139 0.098126 -9999.0
-9999.0 -9999.0 -9999.0 0.190643 0.263524 0.151499 0.159148 0.134370 0.118839 0.060509 0.102388 0.161578 0.135984 0.112146 0.091072 0.094369 -9999.0
-9999.0 -9999.0 -9999.0 0.153927 0.156718 0.120171 0.191492 0.107738 0.176465 0.156798 0.130611 0.083830 0.076371 0.095337 0.000000 0.090455 -9999.0
-9999.0 -9999.0 0.156445 0.135664 0.141932 0.153795 0.115478 0.106433 0.071393 0.067012 0.054805 0.146287 0.055364 0.093600 0.203310 0.135822 -9999.0
-9999.0 0.197054 0.205387 0.150480 0.172680 0.187159 0.069128 0.054681 0.055654 0.146394 0.122016 0.098982 0.195303 0.128325 0.146621 -9999.0 -9999.0
-9999.0 0.169011 0.165092 0.135150 0.124720 0.126635 0.099691 0.091936 0.027749 0.121458 0.189715 0.172799 0.185621 0.173569 0.000000 0.000000 -9999.0
-9999.0 0.122460 0.171007 0.120644 0.094636 0.083475 0.082905 0.144866 0.048198 0.146872 0.148177 0.194706 0.166979 0.191375 0.158186 -9999.0 -9999.0
-9999.0 0.142804 0.054741 0.094180 0.121898 0.078357 0.039493 0.052755 0.057251 0.105921 0.174456 0.087759 0.150922 0.161877 -9999.0 -9999.0 -9999.0
-9999.0 -9999.0 0.093281 0.104415 0.051687 0.065910 0.089692 0.082853 0.048959 0.145548 0.108553 0.168285 0.123472 0.162889 -9999.0 -9999.0 -9999.0
-9999.0 -9999.0 0.122843 0.106265 0.082287 0.092432 0.147106 0.148193 0.152524 0.139384 0.157463 0.137296 0.158448 -9999.0 -9999.0 -9999.0 -9999.0
-9999.0 -9999.0 -9999.0 -9999.0 0.100019 0.139600 0.134275 0.179535 0.148479 0.124259 0.175159 0.131554 0.150837 -9999.0 -9999.0 -9999.0 -9999.0
-9999.0 -9999.0 -9999.0 -9999.0 -9999.0 0.188129 0.198951 0.210262 0.176216 0.209367 0.153602 0.122071 0.134166 0.137481 -9999.0 -9999.0 -9999.0
-9999.0 -9999.0 -9999.0 -9999.0 -9999.0 -9999.0 0.221568 0.219164 0.153390 0.187939 0.178588 0.178980 0.138877 0.161010 0.179021 -9999.0 -9999.0
-9999.0 -9999.0 -9999.0 -9999.0 -9999.0 -9999.0 -9999.0 0.263367 0.162207 0.152794 0.188921 0.176212 0.177437 0.185871 -9999.0 -9999.0 -9999.0
-9999.0 -9999.0 -9999.0 -9999.0 -9999.0 -9999.0 -9999.0 -9999.0 0.199935 0.181642 0.202742 0.194219 0.193544 0.182675 0.273397 -9999.0 -9999.0
-9999.0 -9999.0 -9999.0 -9999.0 -9999.0 -9999.0 -9999.0 -9999.0 -9999.0 -9999.0 -9999.0 -9999.0 -9999.0 -9999.0 -9999.0 -9999.0 -9999.0