tests/3D/WG1_2.0_001/output-maps-SE27XX/thetaiceL0001N0052.asc
ncols         17
nrows         27
xllcorner     624603.750000
yllcorner     5171346.250000
cellsize      500.000000
NODATA_value  -9999.0
-9999.0 -9999.0 -9999.0 -9999.0 -9999.0 -9999.0 -9999.0 -9999.0 -9999.0 -9999.0 -9999.0 -9999.0 -9999.0 -9999.0 -9999.0 -9999.0 -9999.0
-9999.0 -9999.0 -9999.0 -9999.0 -9999.0 -9999.0 -9999.0 -9999.0 -9999.0 -9999.0 -9999.0 0.367505 0.279314 0.279973 -9999.0 -9999.0 -9999.0
-9999.0 -9999.0 -9999.0 -9999.0 -9999.0 -9999.0 -9999.0 -9999.0 -9999.0 0.377305 0.366687 0.363231 0.279288 0.279735 0.278956 -9999.0 -9999.0
-9999.0 -9999.0 -9999.0 -9999.0 -9999.0 -9999.0 -9999.0 -9999.0 0.373203 0.368642 0.368341 0.363361 0.371092 0.278386 0.279702 -9999.0 -9999.0
-9999.0 -9999.0 -9999.0 -9999.0 -9999.0 -9999.0 -9999.0 -9999.0 0.368752 0.365122 0.368258 0.359265 0.279548 0.279230 0.279652 -9999.0 -9999.0
-9999.0 -9999.0 -9999.0 -9999.0 -9999.0 -9999.0 -9999.0 0.372535 0.365653 0.367839 0.365384 0.360320 0.361226 0.279745 0.279449 -9999.0 -9999.0
-9999.0 -9999.0 -9999.0 -9999.0 -9999.0 -9999.0 0.377252 0.369167 0.365680 0.375192 0.374161 0.361525 0.357222 0.361905 0.361296 -9999.0 -9999.0
-9999.0 -9999.0 -9999.0 -9999.0 -9999.0 -9999.0 0.369322 0.373427 0.368084 0.370014 0.375163 0.374044 0.369260 0.365602 0.367751 -9999.0 -9999.0
-9999.0 -9999.0 -9999.0 -9999.0 -9999.0 -9999.0 0.371011 0.370003 0.367694 0.370205 0.368538 0.367839 0.363773 0.361455 0.365292 -9999.0 -9999.0
-9999.0 -9999.0 -9999.0 -9999.0 -9999.0 -9999.0 -9999.0 0.371176 0.371150 0.367077 0.375083 0.375151 0.363412 0.357725 0.368209 -9999.0 -9999.0
-9999.0 -9999.0 -9999.0 -9999.0 -9999.0 -9999.0 0.371335 0.369112 0.367623 0.372397 0.373282 0.373000 0.363514 0.364527 0.361245 0.366606 -9999.0
-9999.0 -9999.0 -9999.0 -9999.0 -9999.0 0.373697 0.371064 0.371791 0.370059 0.372116 0.367933 0.370413 0.368167 0.367582 0.364821 0.364374 -9999.0
-9999.0 -9999.0 -9999.0 0.369491 0.375537 0.359937 0.371080 0.369823 0.360012 0.358000 0.366334 0.370988 0.368402 0.368773 0.365273 0.364845 -9999.0
-9999.0 -9999.0 -9999.0 0.373180 0.358000 0.366785 0.362737 0.359932 0.363451 0.354529 0.339643 0.362309 0.302659 0.363490 0.279681 0.365542 -9999.0
-9999.0 -9999.0 0.371375 0.365957 0.369239 0.369799 0.365090 0.353847 0.351891 0.349819 0.359485 0.368077 0.366182 0.367003 0.375244 0.367510 -9999.0
-9999.0 0.356069 0.358761 0.371743 0.370229 0.356242 0.362055 0.341590 0.321076 0.322891 0.361043 0.362202 0.373122 0.369636 0.371383 -9999.0 -9999.0
-9999.0 0.347471 0.365859 0.314980 0.337786 0.323378 0.087810 0.099960 0.312675 0.298631 0.361510 0.370893 0.372406 0.374279 0.279598 0.279112 -9999.0
-9999.0 0.336977 0.343273 0.100050 0.026145 0.007346 0.009139 0.356040 0.291355 0.337897 0.354944 0.369074 0.370833 0.373601 0.372531 -9999.0 -9999.0
-9999.0 0.306597 0.319746 0.007281 0.346107 0.002831 0.319321 0.338180 0.350931 0.358061 0.368762 0.365349 0.371064 0.371819 -9999.0 -9999.0 -9999.0
-9999.0 -9999.0 0.002950 0.205417 0.148090 0.336770 0.344119 0.347894 0.357256 0.368732 0.366233 0.371610 0.367017 0.370619 -9999.0 -9999.0 -9999.0
-9999.0 -9999.0 0.171657 0.000000 0.256526 0.352888 0.355347 0.367338 0.365695 0.359916 0.371989 0.362740 0.370779 -9999.0 -9999.0 -9999.0 -9999.0
-9999.0 -9999.0 -9999.0 -9999.0 0.355847 0.365192 0.368001 0.360135 0.369846 0.366043 0.373551 0.365458 0.371899 -9999.0 -9999.0 -9999.0 -9999.0
-9999.0 -9999.0 -9999.0 -9999.0 -9999.0 0.369728 0.372476 0.372731 0.365162 0.369155 0.372449 0.354920 0.366892 0.370929 -9999.0 -9999.0 -9999.0
-9999.0 -9999.0 -9999.0 -9999.0 -9999.0 -9999.0 0.372882 0.373537 0.372943 0.372946 0.372094 0.372674 0.371858 0.373847 0.374847 -9999.0 -9999.0
-9999.0 -9999.0 -9999.0 -9999.0 -9999.0 -9999.0 -9999.0 0.374136 0.372894 0.371871 0.372715 0.373137 0.374486 0.372505 -9999.0 -9999.0 -9999.0
-9999.0 -9999.0 -9999.0 -9999.0 -9999.0 -9999.0 -9999.0 -9999.0 0.374363 0.373110 0.372657 0.372221 0.372726 0.371602 0.375323 -9999.0 -9999.0
-9999.0 -9999.0 -9999.0 -9999.0 -9999.0 -9999.0 -9999.0 -9999.0 -9999.0 -9999.0 -9999.0 -9999.0 -9999.0 -9999.0 -9999.0 -9999.0 -9999.0