tests/3D/WG1_2.0_001/output-maps-SE27XX/thetaliqL0001N0012.asc
ncols         17
nrows         27
xllcorner     624603.750000
yllcorner     5171346.250000
cellsize      500.000000
NODATA_value  -9999.0
-9999.0 -9999.0 -9999.0 -9999.0 -9999.0 -9999.0 -9999.0 -9999.0 -9999.0 -9999.0 -9999.0 -9999.0 -9999.0 -9999.0 -9999.0 -9999.0 -9999.0
-9999.0 -9999.0 -9999.0 -9999.0 -9999.0 -9999.0 -9999.0 -9999.0 -9999.0 -9999.0 -9999.0 0.145564 0.221152 0.221153 -9999.0 -9999.0 -9999.0
-9999.0 -9999.0 -9999.0 -9999.0 -9999.0 -9999.0 -9999.0 -9999.0 -9999.0 0.138169 0.138469 0.145573 0.221146 0.221154 0.221156 -9999.0 -9999.0
-9999.0 -9999.0 -9999.0 -9999.0 -9999.0 -9999.0 -9999.0 -9999.0 0.137371 0.137741 0.137676 0.137961 0.147699 0.221145 0.221153 -9999.0 -9999.0
-9999.0 -9999.0 -9999.0 -9999.0 -9999.0 -9999.0 -9999.0 -9999.0 0.137721 0.137966 0.138405 0.138178 0.221141 0.221147 0.221153 -9999.0 -9999.0
-9999.0 -9999.0 -9999.0 -9999.0 -9999.0 -9999.0 -9999.0 0.137479 0.138124 0.138460 0.138576 0.138330 0.138018 0.221153 0.221159 -9999.0 -9999.0
-9999.0 -9999.0 -9999.0 -9999.0 -9999.0 -9999.0 0.137146 0.137529 0.137862 0.138682 0.139166 0.138765 0.138205 0.139282 0.146521 -9999.0 -9999.0
-9999.0 -9999.0 -9999.0 -9999.0 -9999.0 -9999.0 0.137018 0.137456 0.138401 0.139065 0.138931 0.139032 0.137876 0.137764 0.148625 -9999.0 -9999.0
-9999.0 -9999.0 -9999.0 -9999.0 -9999.0 -9999.0 0.137310 0.137646 0.138081 0.138844 0.139049 0.138837 0.138153 0.138103 0.138861 -9999.0 -9999.0
-9999.0 -9999.0 -9999.0 -9999.0 -9999.0 -9999.0 -9999.0 0.137171 0.138100 0.138651 0.139079 0.139293 0.138922 0.137918 0.137756 -9999.0 -9999.0
-9999.0 -9999.0 -9999.0 -9999.0 -9999.0 -9999.0 0.137226 0.137413 0.138005 0.138548 0.139086 0.139295 0.139089 0.138042 0.137779 0.138131 -9999.0
-9999.0 -9999.0 -9999.0 -9999.0 -9999.0 0.137201 0.137380 0.137443 0.137962 0.138654 0.139009 0.139309 0.139002 0.137869 0.138137 0.137921 -9999.0
-9999.0 -9999.0 -9999.0 0.136857 0.137327 0.137162 0.137449 0.137648 0.137888 0.138616 0.138871 0.139186 0.139096 0.138477 0.137665 0.137686 -9999.0
-9999.0 -9999.0 -9999.0 0.136948 0.137036 0.137190 0.137757 0.137828 0.138119 0.138131 0.138195 0.138925 0.138182 0.138144 0.221104 0.137362 -9999.0
-9999.0 -9999.0 0.137044 0.137271 0.137102 0.137973 0.138082 0.137733 0.137772 0.137701 0.138546 0.139312 0.137906 0.137514 0.137565 0.138277 -9999.0
-9999.0 0.136919 0.137113 0.137398 0.138031 0.137529 0.137189 0.137210 0.137190 0.137672 0.138587 0.139035 0.138433 0.137956 0.137414 -9999.0 -9999.0
-9999.0 0.136860 0.137158 0.136915 0.136669 0.136140 0.135990 0.136395 0.137077 0.137278 0.138159 0.138649 0.138103 0.137375 0.221142 0.221129 -9999.0
-9999.0 0.136772 0.136595 0.135841 0.135779 0.136197 0.143295 0.136687 0.136759 0.137606 0.137888 0.137819 0.137830 0.137482 0.137132 -9999.0 -9999.0
-9999.0 0.135773 0.136377 0.135998 0.265000 0.285282 0.138012 0.136715 0.137077 0.138365 0.138761 0.138021 0.137720 0.137222 -9999.0 -9999.0 -9999.0
-9999.0 -9999.0 0.140558 0.278066 0.142631 0.136502 0.136641 0.136979 0.137748 0.138217 0.137946 0.138424 0.137770 0.137833 -9999.0 -9999.0 -9999.0
-9999.0 -9999.0 0.274929 0.263563 0.136245 0.137211 0.137414 0.138226 0.138450 0.138457 0.138284 0.137787 0.138042 -9999.0 -9999.0 -9999.0 -9999.0
-9999.0 -9999.0 -9999.0 -9999.0 0.137410 0.138224 0.138435 0.137720 0.138412 0.138767 0.138280 0.138138 0.137786 -9999.0 -9999.0 -9999.0 -9999.0
-9999.0 -9999.0 -9999.0 -9999.0 -9999.0 0.137999 0.138101 0.138198 0.137759 0.138584 0.138439 0.138180 0.137589 0.137444 -9999.0 -9999.0 -9999.0
-9999.0 -9999.0 -9999.0 -9999.0 -9999.0 -9999.0 0.137763 0.137674 0.137858 0.138329 0.138453 0.138361 0.137845 0.137630 0.137471 -9999.0 -9999.0
-9999.0 -9999.0 -9999.0 -9999.0 -9999.0 -9999.0 -9999.0 0.137461 0.137522 0.137707 0.138226 0.138138 0.137813 0.137311 -9999.0 -9999.0 -9999.0
-9999.0 -9999.0 -9999.0 -9999.0 -9999.0 -9999.0 -9999.0 -9999.0 0.137207 0.137641 0.138065 0.138102 0.137818 0.137608 0.137347 -9999.0 -9999.0
-9999.0 -9999.0 -9999.0 -9999.0 -9999.0 -9999.0 -9999.0 -9999.0 -9999.0 -9999.0 -9999.0 -9999.0 -9999.0 -9999.0 -9999.0 -9999.0 -9999.0