tests/3D/WG1_2.0_001/output-maps-SE27XX/thetaliqL0004N0087.asc
ncols         17
nrows         27
xllcorner     624603.750000
yllcorner     5171346.250000
cellsize      500.000000
NODATA_value  -9999.0
-9999.0 -9999.0 -9999.0 -9999.0 -9999.0 -9999.0 -9999.0 -9999.0 -9999.0 -9999.0 -9999.0 -9999.0 -9999.0 -9999.0 -9999.0 -9999.0 -9999.0
-9999.0 -9999.0 -9999.0 -9999.0 -9999.0 -9999.0 -9999.0 -9999.0 -9999.0 -9999.0 -9999.0 0.253735 0.333552 0.318806 -9999.0 -9999.0 -9999.0
-9999.0 -9999.0 -9999.0 -9999.0 -9999.0 -9999.0 -9999.0 -9999.0 -9999.0 0.137245 0.266245 0.260697 0.334268 0.323861 0.342833 -9999.0 -9999.0
-9999.0 -9999.0 -9999.0 -9999.0 -9999.0 -9999.0 -9999.0 -9999.0 0.243644 0.260367 0.258333 0.267550 0.266410 0.363029 0.324338 -9999.0 -9999.0
-9999.0 -9999.0 -9999.0 -9999.0 -9999.0 -9999.0 -9999.0 -9999.0 0.251558 0.259695 0.288892 0.275018 0.329128 0.335794 0.325718 -9999.0 -9999.0
-9999.0 -9999.0 -9999.0 -9999.0 -9999.0 -9999.0 -9999.0 0.239042 0.263587 0.266519 0.279031 0.269130 0.269247 0.323672 0.330433 -9999.0 -9999.0
-9999.0 -9999.0 -9999.0 -9999.0 -9999.0 -9999.0 0.230511 0.246690 0.255511 0.250928 0.240989 0.278174 0.267658 0.258787 0.259262 -9999.0 -9999.0
-9999.0 -9999.0 -9999.0 -9999.0 -9999.0 -9999.0 0.231628 0.248790 0.265382 0.265627 0.212041 0.247036 0.253010 0.263507 0.292613 -9999.0 -9999.0
-9999.0 -9999.0 -9999.0 -9999.0 -9999.0 -9999.0 0.240536 0.249462 0.256639 0.265844 0.251685 0.247832 0.267029 0.268148 0.283594 -9999.0 -9999.0
-9999.0 -9999.0 -9999.0 -9999.0 -9999.0 -9999.0 -9999.0 0.233379 0.257326 0.267314 0.177415 0.256313 0.266755 0.274293 0.261936 -9999.0 -9999.0
-9999.0 -9999.0 -9999.0 -9999.0 -9999.0 -9999.0 0.231845 0.231412 0.248498 0.247457 0.241095 0.254388 0.275472 0.271762 0.261210 0.264115 -9999.0
-9999.0 -9999.0 -9999.0 -9999.0 -9999.0 0.232187 0.217118 0.234532 0.236585 0.247832 0.235046 0.258145 0.275244 0.258030 0.266755 0.256573 -9999.0
-9999.0 -9999.0 -9999.0 0.204472 0.182005 0.230722 0.233747 0.235769 0.234895 0.258578 0.254997 0.248410 0.274667 0.249726 0.251675 0.265289 -9999.0
-9999.0 -9999.0 -9999.0 0.231218 0.227832 0.238926 0.210149 0.238187 0.221274 0.240569 0.240736 0.258868 0.278680 0.268762 0.323640 0.257466 -9999.0
-9999.0 -9999.0 0.228386 0.238991 0.226520 0.257578 0.244730 0.236507 0.257195 0.254408 0.270850 0.262408 0.267445 0.252748 0.241330 0.254431 -9999.0
-9999.0 0.192445 0.187462 0.235793 0.243190 0.208897 0.249216 0.252402 0.261499 0.253533 0.264392 0.251606 0.247177 0.249667 0.239979 -9999.0 -9999.0
-9999.0 0.210084 0.224382 0.223948 0.232057 0.228860 0.244750 0.251647 0.266858 0.241639 0.221345 0.250228 0.242784 0.243755 0.326399 0.338559 -9999.0
-9999.0 0.222897 0.218698 0.232088 0.242162 0.241023 0.247796 0.240282 0.267930 0.248505 0.233335 0.206118 0.242336 0.232015 0.233454 -9999.0 -9999.0
-9999.0 0.221042 0.245507 0.239542 0.231369 0.244147 0.270185 0.275127 0.276819 0.261806 0.243439 0.255373 0.249693 0.229833 -9999.0 -9999.0 -9999.0
-9999.0 -9999.0 0.241549 0.231065 0.264833 0.269923 0.271776 0.268891 0.264286 0.247369 0.238589 0.246268 0.243465 0.248734 -9999.0 -9999.0 -9999.0
-9999.0 -9999.0 0.227869 0.226473 0.266667 0.262321 0.261374 0.257158 0.254332 0.239297 0.248246 0.232385 0.237551 -9999.0 -9999.0 -9999.0 -9999.0
-9999.0 -9999.0 -9999.0 -9999.0 0.255167 0.245044 0.235894 0.214545 0.250372 0.244243 0.227306 0.244877 0.243643 -9999.0 -9999.0 -9999.0 -9999.0
-9999.0 -9999.0 -9999.0 -9999.0 -9999.0 0.230888 0.218967 0.209701 0.221901 0.223459 0.249051 0.255809 0.233222 0.239864 -9999.0 -9999.0 -9999.0
-9999.0 -9999.0 -9999.0 -9999.0 -9999.0 -9999.0 0.204111 0.204220 0.236339 0.227696 0.236965 0.238432 0.241946 0.246286 0.236791 -9999.0 -9999.0
-9999.0 -9999.0 -9999.0 -9999.0 -9999.0 -9999.0 -9999.0 0.174358 0.241392 0.246354 0.230331 0.233576 0.231633 0.211788 -9999.0 -9999.0 -9999.0
-9999.0 -9999.0 -9999.0 -9999.0 -9999.0 -9999.0 -9999.0 -9999.0 0.222031 0.235581 0.223735 0.229026 0.225963 0.230303 0.170227 -9999.0 -9999.0
-9999.0 -9999.0 -9999.0 -9999.0 -9999.0 -9999.0 -9999.0 -9999.0 -9999.0 -9999.0 -9999.0 -9999.0 -9999.0 -9999.0 -9999.0 -9999.0 -9999.0