tests/3D/WG1_2.0_001/output-maps-SE27XX/thetaliqL0001N0041.asc
ncols         17
nrows         27
xllcorner     624603.750000
yllcorner     5171346.250000
cellsize      500.000000
NODATA_value  -9999.0
-9999.0 -9999.0 -9999.0 -9999.0 -9999.0 -9999.0 -9999.0 -9999.0 -9999.0 -9999.0 -9999.0 -9999.0 -9999.0 -9999.0 -9999.0 -9999.0 -9999.0
-9999.0 -9999.0 -9999.0 -9999.0 -9999.0 -9999.0 -9999.0 -9999.0 -9999.0 -9999.0 -9999.0 0.152530 0.219953 0.219102 -9999.0 -9999.0 -9999.0
-9999.0 -9999.0 -9999.0 -9999.0 -9999.0 -9999.0 -9999.0 -9999.0 -9999.0 0.134793 0.153373 0.157266 0.220046 0.219360 0.220963 -9999.0 -9999.0
-9999.0 -9999.0 -9999.0 -9999.0 -9999.0 -9999.0 -9999.0 -9999.0 0.156754 0.151639 0.170070 0.155198 0.145073 0.221733 0.219397 -9999.0 -9999.0
-9999.0 -9999.0 -9999.0 -9999.0 -9999.0 -9999.0 -9999.0 -9999.0 0.163990 0.156455 0.151946 0.157349 0.219554 0.220273 0.219450 -9999.0 -9999.0
-9999.0 -9999.0 -9999.0 -9999.0 -9999.0 -9999.0 -9999.0 0.159747 0.151419 0.165813 0.207548 0.159524 0.155530 0.219349 0.219670 -9999.0 -9999.0
-9999.0 -9999.0 -9999.0 -9999.0 -9999.0 -9999.0 0.140316 0.149205 0.152628 0.148204 0.133021 0.152951 0.156208 0.159470 0.163150 -9999.0 -9999.0
-9999.0 -9999.0 -9999.0 -9999.0 -9999.0 -9999.0 0.149237 0.145654 0.148551 0.141492 0.155900 0.133833 0.167219 0.193720 0.143202 -9999.0 -9999.0
-9999.0 -9999.0 -9999.0 -9999.0 -9999.0 -9999.0 0.133982 0.134586 0.149704 0.149082 0.162964 0.153386 0.173223 0.157995 0.141559 -9999.0 -9999.0
-9999.0 -9999.0 -9999.0 -9999.0 -9999.0 -9999.0 -9999.0 0.144112 0.149786 0.161688 0.139560 0.150745 0.157558 0.141920 0.197904 -9999.0 -9999.0
-9999.0 -9999.0 -9999.0 -9999.0 -9999.0 -9999.0 0.142632 0.148170 0.147553 0.147788 0.146416 0.154172 0.154741 0.164319 0.156234 0.151758 -9999.0
-9999.0 -9999.0 -9999.0 -9999.0 -9999.0 0.142240 0.148820 0.155314 0.145322 0.147754 0.146143 0.154590 0.152427 0.197215 0.150637 0.152884 -9999.0
-9999.0 -9999.0 -9999.0 0.138758 0.125276 0.138871 0.151656 0.145660 0.147583 0.158943 0.156822 0.151222 0.152709 0.152581 0.157578 0.153803 -9999.0
-9999.0 -9999.0 -9999.0 0.142889 0.139592 0.146285 0.144818 0.148199 0.145108 0.144452 0.147027 0.156154 0.153770 0.150917 0.219476 0.157383 -9999.0
-9999.0 -9999.0 0.142281 0.144749 0.155839 0.145606 0.148593 0.147427 0.151957 0.154682 0.160490 0.144045 0.171800 0.166417 0.132766 0.139102 -9999.0
-9999.0 0.139604 0.140697 0.146060 0.136997 0.145658 0.150111 0.163874 0.157526 0.150102 0.156135 0.153248 0.134259 0.145230 0.139421 -9999.0 -9999.0
-9999.0 0.141919 0.145341 0.145252 0.149427 0.146554 0.153729 0.164606 0.179437 0.148932 0.146286 0.135225 0.133630 0.141159 0.219530 0.220625 -9999.0
-9999.0 0.149662 0.141749 0.146693 0.158781 0.165877 0.170578 0.148433 0.172208 0.150459 0.144634 0.143980 0.134417 0.131451 0.136205 -9999.0 -9999.0
-9999.0 0.145644 0.166218 0.166928 0.159323 0.171554 0.177082 0.160873 0.157675 0.152422 0.136123 0.158395 0.143274 0.155040 -9999.0 -9999.0 -9999.0
-9999.0 -9999.0 0.166107 0.165425 0.186528 0.161146 0.154485 0.157677 0.155888 0.150343 0.146401 0.135976 0.147814 0.136005 -9999.0 -9999.0 -9999.0
-9999.0 -9999.0 0.158988 0.168787 0.154160 0.155234 0.149588 0.148166 0.139116 0.148560 0.146834 0.149478 0.136885 -9999.0 -9999.0 -9999.0 -9999.0
-9999.0 -9999.0 -9999.0 -9999.0 0.151798 0.146708 0.147724 0.143166 0.145265 0.149243 0.146732 0.144559 0.142414 -9999.0 -9999.0 -9999.0 -9999.0
-9999.0 -9999.0 -9999.0 -9999.0 -9999.0 0.132271 0.131560 0.130640 0.142905 0.132059 0.145310 0.144163 0.152875 0.149460 -9999.0 -9999.0 -9999.0
-9999.0 -9999.0 -9999.0 -9999.0 -9999.0 -9999.0 0.130695 0.129896 0.142197 0.132461 0.133195 0.132889 0.143640 0.140483 0.135178 -9999.0 -9999.0
-9999.0 -9999.0 -9999.0 -9999.0 -9999.0 -9999.0 -9999.0 0.128616 0.139651 0.141538 0.132464 0.136731 0.134859 0.144601 -9999.0 -9999.0 -9999.0
-9999.0 -9999.0 -9999.0 -9999.0 -9999.0 -9999.0 -9999.0 -9999.0 0.135066 0.133907 0.131967 0.133316 0.132422 0.133273 0.128060 -9999.0 -9999.0
-9999.0 -9999.0 -9999.0 -9999.0 -9999.0 -9999.0 -9999.0 -9999.0 -9999.0 -9999.0 -9999.0 -9999.0 -9999.0 -9999.0 -9999.0 -9999.0 -9999.0