tests/3D/WG1_2.0_001/output-maps-SE27XX/thetaliqL0002N0064.asc
ncols         17
nrows         27
xllcorner     624603.750000
yllcorner     5171346.250000
cellsize      500.000000
NODATA_value  -9999.0
-9999.0 -9999.0 -9999.0 -9999.0 -9999.0 -9999.0 -9999.0 -9999.0 -9999.0 -9999.0 -9999.0 -9999.0 -9999.0 -9999.0 -9999.0 -9999.0 -9999.0
-9999.0 -9999.0 -9999.0 -9999.0 -9999.0 -9999.0 -9999.0 -9999.0 -9999.0 -9999.0 -9999.0 0.139115 0.306700 0.292072 -9999.0 -9999.0 -9999.0
-9999.0 -9999.0 -9999.0 -9999.0 -9999.0 -9999.0 -9999.0 -9999.0 -9999.0 0.131209 0.137384 0.142117 0.307344 0.296930 0.316603 -9999.0 -9999.0
-9999.0 -9999.0 -9999.0 -9999.0 -9999.0 -9999.0 -9999.0 -9999.0 0.143042 0.137583 0.165066 0.140176 0.139312 0.310118 0.297602 -9999.0 -9999.0
-9999.0 -9999.0 -9999.0 -9999.0 -9999.0 -9999.0 -9999.0 -9999.0 0.138669 0.140819 0.138879 0.150211 0.301251 0.308850 0.298722 -9999.0 -9999.0
-9999.0 -9999.0 -9999.0 -9999.0 -9999.0 -9999.0 -9999.0 0.141468 0.138281 0.164871 0.167438 0.149241 0.141788 0.296731 0.303392 -9999.0 -9999.0
-9999.0 -9999.0 -9999.0 -9999.0 -9999.0 -9999.0 0.136480 0.137021 0.165624 0.138489 0.136036 0.140357 0.143300 0.142534 0.142242 -9999.0 -9999.0
-9999.0 -9999.0 -9999.0 -9999.0 -9999.0 -9999.0 0.152745 0.136423 0.138780 0.137895 0.139414 0.136670 0.162053 0.147433 0.139313 -9999.0 -9999.0
-9999.0 -9999.0 -9999.0 -9999.0 -9999.0 -9999.0 0.137669 0.137062 0.137320 0.136777 0.138434 0.143294 0.155931 0.141716 0.140399 -9999.0 -9999.0
-9999.0 -9999.0 -9999.0 -9999.0 -9999.0 -9999.0 -9999.0 0.136516 0.136503 0.165541 0.139325 0.142503 0.140211 0.151889 0.148784 -9999.0 -9999.0
-9999.0 -9999.0 -9999.0 -9999.0 -9999.0 -9999.0 0.139108 0.150377 0.137605 0.138268 0.141303 0.138859 0.139370 0.145268 0.144177 0.140175 -9999.0
-9999.0 -9999.0 -9999.0 -9999.0 -9999.0 0.137103 0.139827 0.145723 0.139874 0.137949 0.142585 0.139100 0.137913 0.158328 0.140799 0.139336 -9999.0
-9999.0 -9999.0 -9999.0 0.140503 0.134627 0.158346 0.138774 0.141193 0.157009 0.165090 0.140118 0.139889 0.137608 0.139979 0.142472 0.141964 -9999.0
-9999.0 -9999.0 -9999.0 0.141315 0.157336 0.138612 0.136650 0.157204 0.139493 0.142184 0.160699 0.147130 0.257339 0.140660 0.297385 0.141896 -9999.0
-9999.0 -9999.0 0.138342 0.138865 0.142062 0.136362 0.138385 0.158056 0.161600 0.167897 0.156090 0.138679 0.176010 0.171372 0.136591 0.139251 -9999.0
-9999.0 0.135721 0.135835 0.137636 0.136583 0.136674 0.157190 0.161972 0.162966 0.151895 0.138324 0.140044 0.135688 0.139563 0.139515 -9999.0 -9999.0
-9999.0 0.145937 0.139916 0.156058 0.157080 0.155414 0.154246 0.154503 0.164461 0.157919 0.137061 0.137870 0.136929 0.136420 0.299690 0.311980 -9999.0
-9999.0 0.155888 0.146234 0.154941 0.156824 0.159602 0.153845 0.150341 0.162088 0.145812 0.149095 0.137867 0.138571 0.138268 0.138445 -9999.0 -9999.0
-9999.0 0.156831 0.161699 0.156414 0.155641 0.156320 0.159292 0.159363 0.161651 0.139407 0.138935 0.146254 0.137077 0.140513 -9999.0 -9999.0 -9999.0
-9999.0 -9999.0 0.155395 0.155934 0.162043 0.160513 0.155433 0.155210 0.161406 0.140454 0.142962 0.137586 0.138542 0.138415 -9999.0 -9999.0 -9999.0
-9999.0 -9999.0 0.150853 0.151008 0.161164 0.145753 0.135946 0.136949 0.138549 0.142599 0.137685 0.160922 0.138362 -9999.0 -9999.0 -9999.0 -9999.0
-9999.0 -9999.0 -9999.0 -9999.0 0.141422 0.137382 0.137379 0.138333 0.138227 0.138206 0.139257 0.139200 0.136657 -9999.0 -9999.0 -9999.0 -9999.0
-9999.0 -9999.0 -9999.0 -9999.0 -9999.0 0.137098 0.136925 0.136816 0.139606 0.138360 0.138153 0.158691 0.160385 0.142518 -9999.0 -9999.0 -9999.0
-9999.0 -9999.0 -9999.0 -9999.0 -9999.0 -9999.0 0.136693 0.136598 0.136974 0.137012 0.137784 0.137434 0.136586 0.136740 0.136361 -9999.0 -9999.0
-9999.0 -9999.0 -9999.0 -9999.0 -9999.0 -9999.0 -9999.0 0.136296 0.136656 0.137314 0.137240 0.138037 0.136561 0.138015 -9999.0 -9999.0 -9999.0
-9999.0 -9999.0 -9999.0 -9999.0 -9999.0 -9999.0 -9999.0 -9999.0 0.136901 0.137190 0.137059 0.137403 0.138101 0.138453 0.136840 -9999.0 -9999.0
-9999.0 -9999.0 -9999.0 -9999.0 -9999.0 -9999.0 -9999.0 -9999.0 -9999.0 -9999.0 -9999.0 -9999.0 -9999.0 -9999.0 -9999.0 -9999.0 -9999.0