tests/3D/WG1_2.0_001/output-maps-SE27XX/watertableN0009.asc
ncols         17
nrows         27
xllcorner     624603.750000
yllcorner     5171346.250000
cellsize      500.000000
NODATA_value  -9999.0
-9999.0 -9999.0 -9999.0 -9999.0 -9999.0 -9999.0 -9999.0 -9999.0 -9999.0 -9999.0 -9999.0 -9999.0 -9999.0 -9999.0 -9999.0 -9999.0 -9999.0
-9999.0 -9999.0 -9999.0 -9999.0 -9999.0 -9999.0 -9999.0 -9999.0 -9999.0 -9999.0 -9999.0 1998.907939 2002.417204 2006.360939 -9999.0 -9999.0 -9999.0
-9999.0 -9999.0 -9999.0 -9999.0 -9999.0 -9999.0 -9999.0 -9999.0 -9999.0 2005.565736 2002.188464 1999.436631 2002.077380 2002.686676 2006.077583 -9999.0 -9999.0
-9999.0 -9999.0 -9999.0 -9999.0 -9999.0 -9999.0 -9999.0 -9999.0 2004.977831 2000.744213 1999.429114 1995.966567 1998.455263 1998.229772 2004.812684 -9999.0 -9999.0
-9999.0 -9999.0 -9999.0 -9999.0 -9999.0 -9999.0 -9999.0 -9999.0 2002.137604 1999.260248 1997.068538 1995.331143 1998.526901 2001.876565 2002.267825 -9999.0 -9999.0
-9999.0 -9999.0 -9999.0 -9999.0 -9999.0 -9999.0 -9999.0 2003.983910 1997.333202 1996.338916 1994.313133 1996.977906 1999.938322 2002.622592 2001.857973 -9999.0 -9999.0
-9999.0 -9999.0 -9999.0 -9999.0 -9999.0 -9999.0 2004.366556 2001.577138 1999.660972 1994.760009 1996.851729 1999.343891 2002.554571 2003.584798 2002.366212 -9999.0 -9999.0
-9999.0 -9999.0 -9999.0 -9999.0 -9999.0 -9999.0 2004.159749 2003.851276 1997.204782 1994.850993 1995.734199 1998.490748 2001.583890 2003.316996 2002.309094 -9999.0 -9999.0
-9999.0 -9999.0 -9999.0 -9999.0 -9999.0 -9999.0 2003.378343 2003.629395 2000.661994 1997.394259 1994.745058 1997.316062 1998.934783 2002.553443 2002.652140 -9999.0 -9999.0
-9999.0 -9999.0 -9999.0 -9999.0 -9999.0 -9999.0 -9999.0 2007.285951 2001.748524 1998.054265 1995.168128 1995.205717 1997.261140 2004.061987 2003.625171 -9999.0 -9999.0
-9999.0 -9999.0 -9999.0 -9999.0 -9999.0 -9999.0 2006.062936 2003.552315 2004.266649 2000.220315 1996.691592 1996.354473 1998.943139 2002.689609 2002.217799 2002.128221 -9999.0
-9999.0 -9999.0 -9999.0 -9999.0 -9999.0 2005.663848 2002.335613 2004.525001 2002.684788 1999.921546 1996.726642 1996.560674 1999.483318 2001.991548 2002.929657 2000.957316 -9999.0
-9999.0 -9999.0 -9999.0 2004.394337 2004.893748 2002.188679 2003.326572 2001.951176 2000.864960 1998.160777 1995.228698 1995.495634 1997.991815 2001.630321 2003.058663 2002.332498 -9999.0
-9999.0 -9999.0 -9999.0 2003.778831 2005.271577 2003.196929 2002.029344 2000.328829 1998.578948 1996.367832 1995.475258 1994.868457 1996.586534 1999.098547 2004.492962 2004.079413 -9999.0
-9999.0 -9999.0 2006.499733 2001.974365 2003.337916 2001.989153 2001.316383 1999.791661 1998.176464 1993.839994 1994.919925 1994.080317 1995.888182 1999.921956 2001.788217 2005.430537 -9999.0
-9999.0 2008.026052 2002.842056 2003.499721 2001.322381 2002.049087 2001.584117 1999.898895 1996.659131 1997.425374 1998.363250 1998.718413 2000.288627 2001.197606 2007.620367 -9999.0 -9999.0
-9999.0 2005.430991 2003.866297 2001.162056 1999.593846 1999.748468 1999.864142 1998.228747 1994.547204 1998.616806 2000.099593 2002.413515 2002.866267 2005.562913 2002.674868 2003.632084 -9999.0
-9999.0 2002.962890 2002.113886 2000.092763 1998.197441 1998.796870 1997.329342 1993.455499 1995.309922 2000.041991 2002.759686 2005.131311 2004.763078 2004.115140 2005.548149 -9999.0 -9999.0
-9999.0 1997.380129 2002.037191 1997.198607 1992.797343 1994.809468 1993.205788 1994.901268 1995.690780 1998.331976 1999.290968 2001.278265 2002.635377 2006.059927 -9999.0 -9999.0 -9999.0
-9999.0 -9999.0 2001.351704 1992.597039 1993.468280 1996.262594 1997.196803 1998.782464 1997.576033 1998.595331 2001.307900 2002.623334 2003.084794 2000.088569 -9999.0 -9999.0 -9999.0
-9999.0 -9999.0 1991.820276 2001.373344 1998.058995 2001.157026 2000.962609 2000.815115 1997.149317 1996.531406 1998.451952 2002.680589 2003.804474 -9999.0 -9999.0 -9999.0 -9999.0
-9999.0 -9999.0 -9999.0 -9999.0 2001.657280 2003.289979 2004.235649 2002.762258 1997.376767 1995.555652 1996.836318 2001.715644 2005.452819 -9999.0 -9999.0 -9999.0 -9999.0
-9999.0 -9999.0 -9999.0 -9999.0 -9999.0 2004.256583 2004.047046 2005.251710 1999.237110 1994.973579 1994.500584 1998.444360 2000.043595 2003.990518 -9999.0 -9999.0 -9999.0
-9999.0 -9999.0 -9999.0 -9999.0 -9999.0 -9999.0 2005.326391 2004.118581 2003.119054 1998.018878 1995.470003 1996.286101 2000.882107 1999.971677 2002.822878 -9999.0 -9999.0
-9999.0 -9999.0 -9999.0 -9999.0 -9999.0 -9999.0 -9999.0 2006.841774 2003.419172 2002.244588 1997.943634 1997.445195 2000.083002 2004.847133 -9999.0 -9999.0 -9999.0
-9999.0 -9999.0 -9999.0 -9999.0 -9999.0 -9999.0 -9999.0 -9999.0 2006.335069 2002.616153 1998.834516 1998.059373 2000.803564 2001.130820 2002.384478 -9999.0 -9999.0
-9999.0 -9999.0 -9999.0 -9999.0 -9999.0 -9999.0 -9999.0 -9999.0 -9999.0 -9999.0 -9999.0 -9999.0 -9999.0 -9999.0 -9999.0 -9999.0 -9999.0