tests/3D/WG1_2.0_001/output-maps-SE27XX/watertableN0015.asc
ncols         17
nrows         27
xllcorner     624603.750000
yllcorner     5171346.250000
cellsize      500.000000
NODATA_value  -9999.0
-9999.0 -9999.0 -9999.0 -9999.0 -9999.0 -9999.0 -9999.0 -9999.0 -9999.0 -9999.0 -9999.0 -9999.0 -9999.0 -9999.0 -9999.0 -9999.0 -9999.0
-9999.0 -9999.0 -9999.0 -9999.0 -9999.0 -9999.0 -9999.0 -9999.0 -9999.0 -9999.0 -9999.0 1999.081670 2004.030175 2010.452954 -9999.0 -9999.0 -9999.0
-9999.0 -9999.0 -9999.0 -9999.0 -9999.0 -9999.0 -9999.0 -9999.0 -9999.0 2003.266622 2003.941122 1999.727975 2003.498435 2004.663007 2010.071087 -9999.0 -9999.0
-9999.0 -9999.0 -9999.0 -9999.0 -9999.0 -9999.0 -9999.0 -9999.0 2006.329117 2000.006094 1996.449676 1992.101365 1997.376085 2006.775196 2008.053001 -9999.0 -9999.0
-9999.0 -9999.0 -9999.0 -9999.0 -9999.0 -9999.0 -9999.0 -9999.0 2002.816631 1998.043193 1991.497141 1991.195244 1997.564033 2003.265243 2003.895792 -9999.0 -9999.0
-9999.0 -9999.0 -9999.0 -9999.0 -9999.0 -9999.0 -9999.0 2006.019305 1994.759123 1991.054593 1989.212175 1993.801518 1998.380597 2004.482897 2003.160683 -9999.0 -9999.0
-9999.0 -9999.0 -9999.0 -9999.0 -9999.0 -9999.0 2007.810358 2003.062695 1997.988392 1988.240656 1990.764539 1997.694971 2002.554626 2007.571099 2003.928222 -9999.0 -9999.0
-9999.0 -9999.0 -9999.0 -9999.0 -9999.0 -9999.0 2007.523432 2006.791716 1994.631904 1988.898263 1988.729325 1995.070838 2000.776935 2003.866963 2004.082477 -9999.0 -9999.0
-9999.0 -9999.0 -9999.0 -9999.0 -9999.0 -9999.0 2007.146672 2006.680521 2000.855672 1992.640390 1987.992982 1991.451386 1997.215019 2002.520515 2003.865435 -9999.0 -9999.0
-9999.0 -9999.0 -9999.0 -9999.0 -9999.0 -9999.0 -9999.0 2012.423574 2002.455852 1995.050471 1987.259502 1988.117156 1994.270588 2002.308878 2003.766044 -9999.0 -9999.0
-9999.0 -9999.0 -9999.0 -9999.0 -9999.0 -9999.0 2010.351362 2005.749967 2006.641588 1998.197504 1990.611113 1990.390876 1996.968138 2003.329978 2001.989850 2002.203714 -9999.0
-9999.0 -9999.0 -9999.0 -9999.0 -9999.0 2010.095070 2004.232937 2007.209730 2002.546289 1997.432952 1991.340675 1991.265144 1997.550685 2002.416849 2003.997035 2000.175380 -9999.0
-9999.0 -9999.0 -9999.0 2008.338564 2009.556429 2004.051176 2005.739428 2002.108093 1999.834276 1994.525114 1989.587007 1989.807181 1995.061209 2000.764331 2004.441655 2002.175154 -9999.0
-9999.0 -9999.0 -9999.0 2007.374220 2009.061100 2005.957599 2002.010068 1999.384209 1995.128801 1989.603702 1985.755510 1986.039977 1991.768100 1997.546866 2007.518003 2005.514747 -9999.0
-9999.0 -9999.0 2011.507008 2004.145775 2006.166318 2003.392907 2001.594344 1997.328350 1991.307698 1986.957679 1986.481474 1988.153327 1992.636420 1999.646094 2001.653387 2008.900426 -9999.0
-9999.0 2012.848163 2004.638181 2006.057481 2002.004695 2002.589325 2000.476732 1995.110976 1989.783114 1990.249602 1994.278929 1997.328134 1999.366343 2002.525800 2013.324569 -9999.0 -9999.0
-9999.0 2008.513958 2006.980257 2001.551201 1998.515759 1997.933315 1994.475689 1989.879873 1987.121149 1992.622674 1999.731617 2003.839393 2004.988873 2009.623667 2004.551418 2006.058633 -9999.0
-9999.0 2004.693833 2003.151212 1997.238169 1991.918807 1990.967609 1987.571964 1985.976857 1987.425279 1996.209652 2003.496907 2007.066272 2008.396040 2007.862156 2010.597923 -9999.0 -9999.0
-9999.0 1994.362721 2000.849188 1990.388347 1984.721734 1984.980458 1984.988852 1986.619764 1988.661213 1995.007262 1999.702980 2002.148259 2004.628727 2010.734371 -9999.0 -9999.0 -9999.0
-9999.0 -9999.0 1998.241798 1983.837875 1984.766993 1990.014788 1992.189287 1994.566039 1993.396514 1997.248998 2001.118216 2004.361395 2005.420484 2000.920977 -9999.0 -9999.0 -9999.0
-9999.0 -9999.0 1982.527559 1998.192927 1993.878567 2000.788354 2000.674552 2001.233920 1994.824817 1993.747536 1996.928050 2004.213532 2006.620100 -9999.0 -9999.0 -9999.0 -9999.0
-9999.0 -9999.0 -9999.0 -9999.0 2001.429036 2005.391888 2007.013773 2004.754101 1996.091142 1992.084541 1994.363317 2002.772576 2009.050530 -9999.0 -9999.0 -9999.0 -9999.0
-9999.0 -9999.0 -9999.0 -9999.0 -9999.0 2008.103442 2007.151441 2008.902456 1998.329402 1992.018307 1990.247705 1996.352555 2000.461955 2007.300915 -9999.0 -9999.0 -9999.0
-9999.0 -9999.0 -9999.0 -9999.0 -9999.0 -9999.0 2009.901810 2007.985193 2006.098897 1996.739631 1992.442664 1993.579970 2001.965246 2000.972282 2005.781156 -9999.0 -9999.0
-9999.0 -9999.0 -9999.0 -9999.0 -9999.0 -9999.0 -9999.0 2013.160847 2006.909093 2004.594633 1996.892726 1995.838812 2000.354039 2008.931530 -9999.0 -9999.0 -9999.0
-9999.0 -9999.0 -9999.0 -9999.0 -9999.0 -9999.0 -9999.0 -9999.0 2012.188574 2005.642671 1998.599670 1996.986874 2002.375442 2003.415720 2005.741710 -9999.0 -9999.0
-9999.0 -9999.0 -9999.0 -9999.0 -9999.0 -9999.0 -9999.0 -9999.0 -9999.0 -9999.0 -9999.0 -9999.0 -9999.0 -9999.0 -9999.0 -9999.0 -9999.0