tests/3D/WG1_2.0_001/output-maps-SE27XX/watertableN0048.asc
ncols         17
nrows         27
xllcorner     624603.750000
yllcorner     5171346.250000
cellsize      500.000000
NODATA_value  -9999.0
-9999.0 -9999.0 -9999.0 -9999.0 -9999.0 -9999.0 -9999.0 -9999.0 -9999.0 -9999.0 -9999.0 -9999.0 -9999.0 -9999.0 -9999.0 -9999.0 -9999.0
-9999.0 -9999.0 -9999.0 -9999.0 -9999.0 -9999.0 -9999.0 -9999.0 -9999.0 -9999.0 -9999.0 2174.823579 2027.129397 2043.654414 -9999.0 -9999.0 -9999.0
-9999.0 -9999.0 -9999.0 -9999.0 -9999.0 -9999.0 -9999.0 -9999.0 -9999.0 2294.246574 2169.139515 2133.611624 2025.685819 2026.885577 2045.585086 -9999.0 -9999.0
-9999.0 -9999.0 -9999.0 -9999.0 -9999.0 -9999.0 -9999.0 -9999.0 2114.877592 2185.845007 2024.911299 2141.689693 2187.023635 2013.584181 2036.995857 -9999.0 -9999.0
-9999.0 -9999.0 -9999.0 -9999.0 -9999.0 -9999.0 -9999.0 -9999.0 2122.895019 2125.130042 2159.156628 2090.909943 2006.859210 2024.961503 2025.216576 -9999.0 -9999.0
-9999.0 -9999.0 -9999.0 -9999.0 -9999.0 -9999.0 -9999.0 2105.484808 2148.173909 2033.364237 2018.788614 2097.220603 2166.070077 2026.558812 2024.017086 -9999.0 -9999.0
-9999.0 -9999.0 -9999.0 -9999.0 -9999.0 -9999.0 2221.113392 2169.459418 2042.657156 2165.278834 2286.241823 2189.015037 2179.692912 2149.088603 2160.079946 -9999.0 -9999.0
-9999.0 -9999.0 -9999.0 -9999.0 -9999.0 -9999.0 2108.564113 2202.700789 2177.437540 2170.749661 2181.710674 2280.575341 2057.992645 2092.804952 2241.291650 -9999.0 -9999.0
-9999.0 -9999.0 -9999.0 -9999.0 -9999.0 -9999.0 2271.695624 2266.388814 2173.723808 2105.397335 2132.808330 2122.817648 2077.882525 2187.894233 2229.420723 -9999.0 -9999.0
-9999.0 -9999.0 -9999.0 -9999.0 -9999.0 -9999.0 -9999.0 2161.005263 2198.013960 2041.001077 2187.567510 2163.479065 2157.124640 2112.434415 2105.729871 -9999.0 -9999.0
-9999.0 -9999.0 -9999.0 -9999.0 -9999.0 -9999.0 2153.991152 2103.189535 2126.507485 2167.936316 2174.427714 2172.429376 2193.590107 2111.158693 2135.311324 2187.648836 -9999.0
-9999.0 -9999.0 -9999.0 -9999.0 -9999.0 2189.217833 2107.563856 2096.713528 2144.506842 2179.067979 2145.677744 2166.412034 2210.028303 2062.638759 2200.947514 2167.069478 -9999.0
-9999.0 -9999.0 -9999.0 2154.173445 2379.497661 2112.557376 2118.334260 2141.581381 2105.241208 2064.787304 2106.636313 2173.464486 2198.981572 2185.969513 2132.748529 2151.124076 -9999.0
-9999.0 -9999.0 -9999.0 2142.576855 2143.275913 2114.875130 2199.923887 2103.125760 2138.977199 2135.467338 2104.845014 2089.167107 2008.741263 2141.827040 2032.033151 2122.597289 -9999.0
-9999.0 -9999.0 2163.567488 2128.973953 2089.848255 2217.695603 2136.149098 2099.428804 2084.225476 2051.463984 2069.217387 2167.064027 2005.367273 2042.015715 2311.435267 2234.567324 -9999.0
-9999.0 2221.477215 2196.737432 2196.627955 2224.776819 2195.677012 2094.050928 2071.405362 2071.507807 2183.986193 2189.542759 2137.973530 2274.845728 2191.587671 2241.181026 -9999.0 -9999.0
-9999.0 2168.080811 2187.841503 2109.348844 2087.336723 2091.567554 2102.310434 2081.339161 2033.506626 2113.393479 2217.861205 2245.548886 2265.900866 2239.958164 2026.399664 2033.616012 -9999.0
-9999.0 2109.724530 2190.269991 2125.823441 2085.292541 2067.534209 2073.408771 2091.962340 2050.831261 2187.258979 2142.208067 2211.483172 2253.570795 2269.171235 2227.552923 -9999.0 -9999.0
-9999.0 2103.931855 2083.992729 2063.195662 2027.125058 2043.093325 2020.288537 2043.955769 2080.531390 2148.961874 2224.275213 2078.543668 2187.841975 2128.812801 -9999.0 -9999.0 -9999.0
-9999.0 -9999.0 2082.688316 2023.215135 2017.204065 2062.704059 2118.378845 2122.763312 2067.579382 2156.386560 2111.516945 2235.193594 2124.342344 2222.194273 -9999.0 -9999.0 -9999.0
-9999.0 -9999.0 2021.415617 2089.808140 2105.425734 2142.095843 2234.003493 2203.403256 2188.537848 2113.664629 2182.102111 2074.708682 2227.336358 -9999.0 -9999.0 -9999.0 -9999.0
-9999.0 -9999.0 -9999.0 -9999.0 2142.337856 2200.666662 2190.090930 2164.828063 2172.278941 2120.558363 2146.706765 2114.813050 2197.063763 -9999.0 -9999.0 -9999.0 -9999.0
-9999.0 -9999.0 -9999.0 -9999.0 -9999.0 2255.941468 2260.506085 2285.882789 2165.974747 2259.624266 2154.506239 2084.520736 2063.893896 2122.518574 -9999.0 -9999.0 -9999.0
-9999.0 -9999.0 -9999.0 -9999.0 -9999.0 -9999.0 2311.859702 2289.285737 2196.809205 2211.166982 2189.937437 2192.692797 2164.145566 2192.761197 2221.735645 -9999.0 -9999.0
-9999.0 -9999.0 -9999.0 -9999.0 -9999.0 -9999.0 -9999.0 2396.690068 2210.634635 2202.513297 2222.447869 2179.511454 2203.582913 2132.469751 -9999.0 -9999.0 -9999.0
-9999.0 -9999.0 -9999.0 -9999.0 -9999.0 -9999.0 -9999.0 -9999.0 2265.942898 2232.524130 2255.821230 2237.129570 2249.640236 2243.037886 2373.821274 -9999.0 -9999.0
-9999.0 -9999.0 -9999.0 -9999.0 -9999.0 -9999.0 -9999.0 -9999.0 -9999.0 -9999.0 -9999.0 -9999.0 -9999.0 -9999.0 -9999.0 -9999.0 -9999.0