tests/3D/WG1_2.0_001/output-maps-SE27XX/watertableN0043.asc
ncols         17
nrows         27
xllcorner     624603.750000
yllcorner     5171346.250000
cellsize      500.000000
NODATA_value  -9999.0
-9999.0 -9999.0 -9999.0 -9999.0 -9999.0 -9999.0 -9999.0 -9999.0 -9999.0 -9999.0 -9999.0 -9999.0 -9999.0 -9999.0 -9999.0 -9999.0 -9999.0
-9999.0 -9999.0 -9999.0 -9999.0 -9999.0 -9999.0 -9999.0 -9999.0 -9999.0 -9999.0 -9999.0 2156.499529 2022.699473 2037.748012 -9999.0 -9999.0 -9999.0
-9999.0 -9999.0 -9999.0 -9999.0 -9999.0 -9999.0 -9999.0 -9999.0 -9999.0 2274.209673 2151.144347 2113.989327 2021.389476 2022.594032 2039.225107 -9999.0 -9999.0
-9999.0 -9999.0 -9999.0 -9999.0 -9999.0 -9999.0 -9999.0 -9999.0 2098.837337 2167.817540 2020.886280 2125.172123 2167.226604 2008.413801 2031.699534 -9999.0 -9999.0
-9999.0 -9999.0 -9999.0 -9999.0 -9999.0 -9999.0 -9999.0 -9999.0 2108.977309 2105.307478 2132.810878 2075.085950 2004.573125 2020.720419 2021.068720 -9999.0 -9999.0
-9999.0 -9999.0 -9999.0 -9999.0 -9999.0 -9999.0 -9999.0 2090.608208 2124.707794 2026.449216 2013.557055 2080.358967 2145.686556 2022.299928 2019.929431 -9999.0 -9999.0
-9999.0 -9999.0 -9999.0 -9999.0 -9999.0 -9999.0 2205.029712 2144.692698 2035.129170 2153.983467 2255.430483 2173.470367 2159.008910 2126.437449 2135.009912 -9999.0 -9999.0
-9999.0 -9999.0 -9999.0 -9999.0 -9999.0 -9999.0 2091.237446 2178.161918 2161.676002 2153.728737 2170.766638 2251.015116 2048.649781 2083.033531 2219.973803 -9999.0 -9999.0
-9999.0 -9999.0 -9999.0 -9999.0 -9999.0 -9999.0 2237.397024 2233.028514 2147.976402 2090.917156 2112.534511 2106.139852 2068.122107 2168.758300 2206.187826 -9999.0 -9999.0
-9999.0 -9999.0 -9999.0 -9999.0 -9999.0 -9999.0 -9999.0 2138.961361 2176.422150 2031.846144 2174.292143 2147.055455 2138.186616 2087.647333 2093.628945 -9999.0 -9999.0
-9999.0 -9999.0 -9999.0 -9999.0 -9999.0 -9999.0 2131.269894 2086.844502 2109.373100 2141.721732 2152.923651 2154.534158 2177.580118 2099.582304 2113.493116 2168.882634 -9999.0
-9999.0 -9999.0 -9999.0 -9999.0 -9999.0 2166.116717 2090.182541 2081.678335 2122.976185 2150.989579 2122.700660 2143.896206 2189.640972 2053.128781 2182.108458 2147.827223 -9999.0
-9999.0 -9999.0 -9999.0 2128.784245 2318.554068 2091.343406 2100.524904 2118.811305 2089.322223 2054.572101 2088.279324 2155.770886 2180.362220 2166.233220 2112.527827 2130.153159 -9999.0
-9999.0 -9999.0 -9999.0 2120.455520 2117.825631 2097.518753 2164.349336 2087.095561 2116.252933 2111.389968 2089.247430 2077.597008 1997.887723 2118.472342 2027.798543 2106.877368 -9999.0
-9999.0 -9999.0 2138.629404 2109.123266 2075.050995 2197.668082 2113.190518 2083.060896 2070.692518 2041.305009 2058.563372 2150.666822 2001.407787 2033.828499 2281.360743 2206.679238 -9999.0
-9999.0 2183.454822 2161.256351 2172.142549 2198.811599 2162.141343 2078.495050 2058.476930 2059.918610 2153.570849 2160.244371 2114.068528 2249.902105 2171.092051 2211.571438 -9999.0 -9999.0
-9999.0 2138.990172 2157.938517 2087.770846 2068.621475 2073.876862 2083.350120 2064.445097 2024.766584 2094.781378 2187.928361 2215.762474 2232.046765 2218.670019 2022.332513 2028.495380 -9999.0
-9999.0 2089.368008 2154.968492 2103.621711 2067.253925 2050.840210 2055.200417 2072.779004 2039.567422 2155.512981 2117.510243 2178.752524 2220.292562 2230.985265 2199.749637 -9999.0 -9999.0
-9999.0 2083.750417 2068.979309 2046.953611 2016.611096 2029.152085 2012.193793 2032.512126 2066.053859 2121.602155 2194.940408 2066.189575 2161.813720 2109.642930 -9999.0 -9999.0 -9999.0
-9999.0 -9999.0 2065.002372 2010.619067 2006.576405 2048.989724 2096.009606 2101.464117 2055.314423 2126.292034 2093.416345 2206.234641 2105.599374 2194.617760 -9999.0 -9999.0 -9999.0
-9999.0 -9999.0 2009.643089 2070.495756 2084.789879 2117.297510 2206.750743 2182.962317 2166.558528 2092.190052 2160.993817 2060.749266 2198.774816 -9999.0 -9999.0 -9999.0 -9999.0
-9999.0 -9999.0 -9999.0 -9999.0 2117.477679 2173.844478 2161.850353 2134.484736 2153.764700 2096.549152 2124.137443 2096.209635 2169.471086 -9999.0 -9999.0 -9999.0 -9999.0
-9999.0 -9999.0 -9999.0 -9999.0 -9999.0 2220.495604 2224.064620 2244.335478 2137.735663 2222.650090 2138.147609 2065.256357 2051.652748 2103.803810 -9999.0 -9999.0 -9999.0
-9999.0 -9999.0 -9999.0 -9999.0 -9999.0 -9999.0 2267.393744 2246.186395 2172.686591 2180.873351 2162.734818 2165.445753 2137.457419 2172.286477 2195.737585 -9999.0 -9999.0
-9999.0 -9999.0 -9999.0 -9999.0 -9999.0 -9999.0 -9999.0 2340.395854 2186.109129 2180.578871 2190.942261 2156.336613 2176.938180 2110.960244 -9999.0 -9999.0 -9999.0
-9999.0 -9999.0 -9999.0 -9999.0 -9999.0 -9999.0 -9999.0 -9999.0 2240.414067 2204.208968 2220.442228 2205.205324 2214.747114 2210.011217 2316.416210 -9999.0 -9999.0
-9999.0 -9999.0 -9999.0 -9999.0 -9999.0 -9999.0 -9999.0 -9999.0 -9999.0 -9999.0 -9999.0 -9999.0 -9999.0 -9999.0 -9999.0 -9999.0 -9999.0