tests/3D/WG1_2.0_001/output-maps-SE27XX/watertableN0005.asc
ncols         17
nrows         27
xllcorner     624603.750000
yllcorner     5171346.250000
cellsize      500.000000
NODATA_value  -9999.0
-9999.0 -9999.0 -9999.0 -9999.0 -9999.0 -9999.0 -9999.0 -9999.0 -9999.0 -9999.0 -9999.0 -9999.0 -9999.0 -9999.0 -9999.0 -9999.0 -9999.0
-9999.0 -9999.0 -9999.0 -9999.0 -9999.0 -9999.0 -9999.0 -9999.0 -9999.0 -9999.0 -9999.0 1999.496994 2001.370209 2003.719941 -9999.0 -9999.0 -9999.0
-9999.0 -9999.0 -9999.0 -9999.0 -9999.0 -9999.0 -9999.0 -9999.0 -9999.0 2003.212389 2001.605578 1999.849038 2001.167261 2001.538054 2003.568996 -9999.0 -9999.0
-9999.0 -9999.0 -9999.0 -9999.0 -9999.0 -9999.0 -9999.0 -9999.0 2003.138681 2000.742899 1999.919366 1998.182304 1999.370199 1999.554617 2002.800183 -9999.0 -9999.0
-9999.0 -9999.0 -9999.0 -9999.0 -9999.0 -9999.0 -9999.0 -9999.0 2001.490123 1999.873886 1998.872807 1997.823416 1999.127035 2001.049253 2001.286602 -9999.0 -9999.0
-9999.0 -9999.0 -9999.0 -9999.0 -9999.0 -9999.0 -9999.0 2002.531137 1998.824758 1998.253705 1997.199282 1998.692459 2000.352090 2001.500141 2001.038740 -9999.0 -9999.0
-9999.0 -9999.0 -9999.0 -9999.0 -9999.0 -9999.0 2002.816263 2001.134558 2000.002520 1997.523556 1999.068913 2000.150270 2001.950056 2002.381638 2001.515162 -9999.0 -9999.0
-9999.0 -9999.0 -9999.0 -9999.0 -9999.0 -9999.0 2002.606045 2002.504963 1998.816704 1997.622908 1998.050177 2000.008390 2001.158789 2002.265077 2002.220602 -9999.0 -9999.0
-9999.0 -9999.0 -9999.0 -9999.0 -9999.0 -9999.0 2002.269777 2002.465421 2000.643066 1998.858309 1997.453358 1998.501319 1999.723260 2001.961808 2002.238136 -9999.0 -9999.0
-9999.0 -9999.0 -9999.0 -9999.0 -9999.0 -9999.0 -9999.0 2004.479733 2001.302395 1999.155912 1998.028911 1997.656601 1998.884635 2002.635492 2002.425223 -9999.0 -9999.0
-9999.0 -9999.0 -9999.0 -9999.0 -9999.0 -9999.0 2003.739932 2002.252090 2002.725249 2000.201362 1998.595553 1998.444085 1999.896498 2001.891571 2001.629206 2001.653301 -9999.0
-9999.0 -9999.0 -9999.0 -9999.0 -9999.0 2003.512555 2001.533243 2002.831601 2001.463453 2000.062049 1998.589994 1998.499757 2000.168275 2001.409030 2002.163547 2000.892300 -9999.0
-9999.0 -9999.0 -9999.0 2002.719469 2003.334374 2001.421867 2002.129033 2001.104949 2000.463942 1998.930222 1997.691725 1998.121748 1999.344627 2000.966903 2002.061865 2001.662513 -9999.0
-9999.0 -9999.0 -9999.0 2002.366287 2003.270924 2002.034915 2001.227104 2000.163324 1999.507671 1998.403154 1997.854681 1997.398199 1998.277909 1999.807635 2002.611034 2002.652291 -9999.0
-9999.0 -9999.0 2003.982572 2001.311544 2002.107545 2001.428597 2000.814584 2000.042492 1999.214072 1996.836140 1997.420311 1997.164980 1997.945715 2000.149514 2001.529022 2003.519927 -9999.0
-9999.0 2004.797242 2001.855352 2002.233492 2000.945281 2001.466288 2000.886704 2000.071895 1998.455757 1999.043301 1999.514114 1999.426952 2000.664339 2000.948324 2004.734410 -9999.0 -9999.0
-9999.0 2003.238851 2002.553399 2000.692268 1999.832302 2000.059240 2000.223144 1999.308044 1997.281321 1999.547098 2000.681630 2001.762456 2002.049056 2003.574903 2001.528688 2002.096838 -9999.0
-9999.0 2001.766232 2001.597895 2000.352343 1999.258509 1999.242357 1998.535398 1996.765840 1997.697838 2000.416810 2001.715726 2003.091933 2003.050378 2002.685357 2003.449719 -9999.0 -9999.0
-9999.0 1998.783869 2001.263277 1998.718041 1996.299049 1997.268996 1996.549806 1997.449817 1997.920041 1999.386853 2000.107659 2000.919877 2001.780477 2003.744909 -9999.0 -9999.0 -9999.0
-9999.0 -9999.0 2001.032362 1996.165235 1996.675304 1998.233668 1998.798712 1999.647408 1998.933352 1999.630133 2000.693510 2001.806334 2001.988769 2000.286400 -9999.0 -9999.0 -9999.0
-9999.0 -9999.0 1995.755082 2000.980656 1999.247852 2000.923158 2000.966057 2000.759500 1998.758231 1998.416056 1999.505239 2001.720098 2002.445765 -9999.0 -9999.0 -9999.0 -9999.0
-9999.0 -9999.0 -9999.0 -9999.0 2001.183248 2002.117573 2002.652028 2001.939722 1998.980254 1997.749129 1998.581862 2001.177213 2003.424911 -9999.0 -9999.0 -9999.0 -9999.0
-9999.0 -9999.0 -9999.0 -9999.0 -9999.0 2002.975977 2002.606222 2003.306383 1999.705367 1997.842915 1997.358480 1999.343969 2000.162927 2002.510292 -9999.0 -9999.0 -9999.0
-9999.0 -9999.0 -9999.0 -9999.0 -9999.0 -9999.0 2003.359258 2002.624439 2002.004702 1999.095159 1997.858528 1998.298179 2000.677721 2000.166825 2001.862812 -9999.0 -9999.0
-9999.0 -9999.0 -9999.0 -9999.0 -9999.0 -9999.0 -9999.0 2004.322998 2002.201703 2001.506468 1999.068467 1998.884356 2000.134653 2003.004483 -9999.0 -9999.0 -9999.0
-9999.0 -9999.0 -9999.0 -9999.0 -9999.0 -9999.0 -9999.0 -9999.0 2003.963699 2001.742409 1999.578342 1999.151939 2000.649201 2000.817346 2002.059683 -9999.0 -9999.0
-9999.0 -9999.0 -9999.0 -9999.0 -9999.0 -9999.0 -9999.0 -9999.0 -9999.0 -9999.0 -9999.0 -9999.0 -9999.0 -9999.0 -9999.0 -9999.0 -9999.0