tests/3D/WG1_2.0_001/output-maps-SE27XX/watertableN0001.asc
ncols         17
nrows         27
xllcorner     624603.750000
yllcorner     5171346.250000
cellsize      500.000000
NODATA_value  -9999.0
-9999.0 -9999.0 -9999.0 -9999.0 -9999.0 -9999.0 -9999.0 -9999.0 -9999.0 -9999.0 -9999.0 -9999.0 -9999.0 -9999.0 -9999.0 -9999.0 -9999.0
-9999.0 -9999.0 -9999.0 -9999.0 -9999.0 -9999.0 -9999.0 -9999.0 -9999.0 -9999.0 -9999.0 1999.991883 2000.013582 2000.037324 -9999.0 -9999.0 -9999.0
-9999.0 -9999.0 -9999.0 -9999.0 -9999.0 -9999.0 -9999.0 -9999.0 -9999.0 2000.014825 2000.012637 1999.995600 2000.011534 2000.016003 2000.035910 -9999.0 -9999.0
-9999.0 -9999.0 -9999.0 -9999.0 -9999.0 -9999.0 -9999.0 -9999.0 2000.028218 2000.005728 1999.992822 1999.976536 1999.987581 2000.024072 2000.028921 -9999.0 -9999.0
-9999.0 -9999.0 -9999.0 -9999.0 -9999.0 -9999.0 -9999.0 -9999.0 2000.012179 1999.996576 1999.974892 1999.974083 1999.988999 2000.010451 2000.013067 -9999.0 -9999.0
-9999.0 -9999.0 -9999.0 -9999.0 -9999.0 -9999.0 -9999.0 2000.023374 1999.983443 1999.972199 1999.966650 1999.982782 2000.001307 2000.015056 2000.010252 -9999.0 -9999.0
-9999.0 -9999.0 -9999.0 -9999.0 -9999.0 -9999.0 2000.025259 2000.010388 1999.994982 1999.961957 1999.973942 1999.998234 2000.018120 2000.021983 2000.013352 -9999.0 -9999.0
-9999.0 -9999.0 -9999.0 -9999.0 -9999.0 -9999.0 2000.024372 2000.023585 1999.982968 1999.965919 1999.965353 1999.988864 2000.006835 2000.020321 2000.015546 -9999.0 -9999.0
-9999.0 -9999.0 -9999.0 -9999.0 -9999.0 -9999.0 2000.021263 2000.022877 2000.005294 1999.978356 1999.962233 1999.974921 1999.994627 2000.018278 2000.018205 -9999.0 -9999.0
-9999.0 -9999.0 -9999.0 -9999.0 -9999.0 -9999.0 -9999.0 2000.044452 2000.011180 1999.985877 1999.958590 1999.962607 1999.985333 2000.014397 2000.021362 -9999.0 -9999.0
-9999.0 -9999.0 -9999.0 -9999.0 -9999.0 -9999.0 2000.036680 2000.020244 2000.026611 1999.997100 1999.970507 1999.971187 1999.995340 2000.017252 2000.014943 2000.014306 -9999.0
-9999.0 -9999.0 -9999.0 -9999.0 -9999.0 2000.034367 2000.013855 2000.027157 2000.010981 1999.993889 1999.972783 1999.973393 1999.996685 2000.012309 2000.019454 2000.007559 -9999.0
-9999.0 -9999.0 -9999.0 2000.026033 2000.031629 2000.012138 2000.020213 2000.008069 2000.000487 1999.983008 1999.967249 1999.967479 1999.987243 2000.006661 2000.019424 2000.014083 -9999.0
-9999.0 -9999.0 -9999.0 2000.023117 2000.031414 2000.020597 2000.007663 1999.997808 1999.983922 1999.966518 1999.952316 1999.953097 1999.971639 1999.994167 2000.026878 2000.025166 -9999.0
-9999.0 -9999.0 2000.039616 2000.012363 2000.020704 2000.012666 2000.006325 1999.991238 1999.971497 1999.957023 1999.955493 1999.960500 1999.974133 1999.999547 2000.006524 2000.033844 -9999.0
-9999.0 2000.044720 2000.015213 2000.021246 2000.006815 2000.009346 2000.002281 1999.984492 1999.966799 1999.968811 1999.982573 1999.992828 1999.999727 2000.008878 2000.047064 -9999.0 -9999.0
-9999.0 2000.029348 2000.024716 2000.003473 1999.993135 1999.992717 1999.981860 1999.967374 1999.958080 1999.975785 2000.000478 2000.016693 2000.019105 2000.033592 2000.015298 2000.021329 -9999.0
-9999.0 2000.015347 2000.009936 1999.988448 1999.972163 1999.971345 1999.961353 1999.954751 1999.958689 1999.988608 2000.013831 2000.027286 2000.030058 2000.025558 2000.033889 -9999.0 -9999.0
-9999.0 1999.977014 2000.003331 1999.968430 1999.951509 1999.953467 1999.951578 1999.957505 1999.962310 1999.984283 2000.000282 2000.008683 2000.015997 2000.036551 -9999.0 -9999.0 -9999.0
-9999.0 -9999.0 1999.998001 1999.949222 1999.950590 1999.968554 1999.974901 1999.983339 1999.978481 1999.991714 2000.004779 2000.017205 2000.019444 2000.001379 -9999.0 -9999.0 -9999.0
-9999.0 -9999.0 1999.944656 2000.000320 1999.980259 2000.004280 2000.003616 2000.006432 1999.983050 1999.978884 1999.990018 2000.015799 2000.024202 -9999.0 -9999.0 -9999.0 -9999.0
-9999.0 -9999.0 -9999.0 -9999.0 2000.005763 2000.020519 2000.026536 2000.017583 1999.986292 1999.972941 1999.980748 2000.010921 2000.033566 -9999.0 -9999.0 -9999.0 -9999.0
-9999.0 -9999.0 -9999.0 -9999.0 -9999.0 2000.030022 2000.025497 2000.032087 1999.992895 1999.971550 1999.965827 1999.987040 1999.999980 2000.024289 -9999.0 -9999.0 -9999.0
-9999.0 -9999.0 -9999.0 -9999.0 -9999.0 -9999.0 2000.033542 2000.026111 2000.019981 1999.987330 1999.973098 1999.976958 2000.006026 1999.999812 2000.017512 -9999.0 -9999.0
-9999.0 -9999.0 -9999.0 -9999.0 -9999.0 -9999.0 -9999.0 2000.041764 2000.021676 2000.014240 1999.987460 1999.984601 1999.998805 2000.029077 -9999.0 -9999.0 -9999.0
-9999.0 -9999.0 -9999.0 -9999.0 -9999.0 -9999.0 -9999.0 -9999.0 2000.038729 2000.016730 1999.993100 1999.987766 2000.005535 2000.007574 2000.015719 -9999.0 -9999.0
-9999.0 -9999.0 -9999.0 -9999.0 -9999.0 -9999.0 -9999.0 -9999.0 -9999.0 -9999.0 -9999.0 -9999.0 -9999.0 -9999.0 -9999.0 -9999.0 -9999.0