tests/3D/WG1_2.0_001/output-maps-SE27XX/watertableN0055.asc
ncols         17
nrows         27
xllcorner     624603.750000
yllcorner     5171346.250000
cellsize      500.000000
NODATA_value  -9999.0
-9999.0 -9999.0 -9999.0 -9999.0 -9999.0 -9999.0 -9999.0 -9999.0 -9999.0 -9999.0 -9999.0 -9999.0 -9999.0 -9999.0 -9999.0 -9999.0 -9999.0
-9999.0 -9999.0 -9999.0 -9999.0 -9999.0 -9999.0 -9999.0 -9999.0 -9999.0 -9999.0 -9999.0 2199.221377 2033.550721 2052.171583 -9999.0 -9999.0 -9999.0
-9999.0 -9999.0 -9999.0 -9999.0 -9999.0 -9999.0 -9999.0 -9999.0 -9999.0 2343.459676 2192.833593 2159.933662 2031.999312 2033.136049 2054.677238 -9999.0 -9999.0
-9999.0 -9999.0 -9999.0 -9999.0 -9999.0 -9999.0 -9999.0 -9999.0 2158.329968 2208.877177 2047.996672 2157.825452 2219.943378 2021.466325 2044.644935 -9999.0 -9999.0
-9999.0 -9999.0 -9999.0 -9999.0 -9999.0 -9999.0 -9999.0 -9999.0 2153.974423 2154.993659 2193.370276 2115.312760 2010.278002 2031.301246 2031.262251 -9999.0 -9999.0
-9999.0 -9999.0 -9999.0 -9999.0 -9999.0 -9999.0 -9999.0 2144.132973 2170.864122 2062.823639 2032.526936 2123.658539 2185.781403 2032.764926 2030.110484 -9999.0 -9999.0
-9999.0 -9999.0 -9999.0 -9999.0 -9999.0 -9999.0 2252.230005 2196.279849 2066.223227 2191.446771 2340.271274 2208.593562 2201.198014 2179.800487 2189.016518 -9999.0 -9999.0
-9999.0 -9999.0 -9999.0 -9999.0 -9999.0 -9999.0 2151.619374 2233.849774 2202.476865 2197.762740 2205.501776 2333.955351 2092.528196 2119.454389 2278.022131 -9999.0 -9999.0
-9999.0 -9999.0 -9999.0 -9999.0 -9999.0 -9999.0 2323.774488 2315.665418 2199.441026 2143.978072 2153.640148 2150.872574 2101.938649 2210.134513 2263.934829 -9999.0 -9999.0
-9999.0 -9999.0 -9999.0 -9999.0 -9999.0 -9999.0 -9999.0 2196.282626 2226.660225 2067.763142 2214.929972 2184.519063 2175.986454 2161.119629 2136.034287 -9999.0 -9999.0
-9999.0 -9999.0 -9999.0 -9999.0 -9999.0 -9999.0 2190.265687 2145.676410 2161.254937 2197.829574 2198.100371 2193.650536 2212.637086 2139.643947 2166.251238 2212.532682 -9999.0
-9999.0 -9999.0 -9999.0 -9999.0 -9999.0 2220.475583 2148.123063 2140.299668 2181.507228 2208.390887 2174.760142 2188.163639 2232.009951 2087.318237 2227.692616 2189.622005 -9999.0
-9999.0 -9999.0 -9999.0 2193.962446 2472.826606 2154.786849 2158.545661 2178.638071 2137.469457 2089.524674 2134.927105 2193.741482 2219.600164 2212.770602 2166.805467 2182.492296 -9999.0
-9999.0 -9999.0 -9999.0 2179.933151 2190.410163 2150.033223 2233.865589 2136.710433 2175.087707 2172.448417 2129.011820 2111.821758 2015.525790 2174.055831 2038.408126 2153.760308 -9999.0
-9999.0 -9999.0 2201.970294 2162.683056 2130.217474 2250.219998 2172.038130 2129.676605 2106.939367 2070.129876 2089.236033 2192.217907 2023.920388 2067.861365 2371.568294 2274.996890 -9999.0
-9999.0 2270.981160 2236.538046 2230.524612 2267.613512 2232.861707 2124.027512 2092.001675 2089.708993 2221.014153 2214.615390 2165.586151 2326.039629 2224.211928 2287.669968 -9999.0 -9999.0
-9999.0 2213.124249 2220.438824 2141.395428 2114.543865 2119.303686 2128.955359 2104.834668 2046.497174 2140.538552 2242.230120 2292.758263 2319.638015 2281.728818 2032.389308 2040.984766 -9999.0
-9999.0 2141.617098 2238.278402 2156.070185 2108.740479 2085.537820 2080.928718 2124.540354 2066.702867 2228.268313 2182.663409 2246.221701 2303.311710 2329.094755 2273.917260 -9999.0 -9999.0
-9999.0 2133.451150 2106.953911 2082.907782 2043.326467 2056.301504 2031.551953 2060.558484 2102.677754 2180.534940 2266.041643 2111.775233 2217.176848 2171.301676 -9999.0 -9999.0 -9999.0
-9999.0 -9999.0 2104.571885 2039.069163 2029.983179 2081.834446 2147.847461 2152.553997 2090.062368 2188.530448 2151.210479 2281.868174 2158.229913 2265.848480 -9999.0 -9999.0 -9999.0
-9999.0 -9999.0 2036.790437 2106.060227 2132.378977 2178.697598 2258.168082 2232.639894 2220.017344 2144.244517 2210.531831 2107.489673 2272.247570 -9999.0 -9999.0 -9999.0 -9999.0
-9999.0 -9999.0 -9999.0 -9999.0 2180.939796 2232.509252 2224.552928 2207.680177 2201.332228 2147.903376 2172.557035 2151.483796 2231.072230 -9999.0 -9999.0 -9999.0 -9999.0
-9999.0 -9999.0 -9999.0 -9999.0 -9999.0 2309.542144 2318.906782 2349.438647 2195.610238 2307.366059 2182.697054 2125.346420 2098.597840 2162.690168 -9999.0 -9999.0 -9999.0
-9999.0 -9999.0 -9999.0 -9999.0 -9999.0 -9999.0 2378.667514 2355.781655 2238.036518 2261.458102 2234.214392 2238.800816 2197.076747 2231.363785 2274.009065 -9999.0 -9999.0
-9999.0 -9999.0 -9999.0 -9999.0 -9999.0 -9999.0 -9999.0 2481.063846 2254.018865 2238.345206 2273.064637 2220.027822 2252.962518 2176.717152 -9999.0 -9999.0 -9999.0
-9999.0 -9999.0 -9999.0 -9999.0 -9999.0 -9999.0 -9999.0 -9999.0 2318.739832 2284.672676 2311.039606 2287.498855 2304.164164 2292.959281 2454.120658 -9999.0 -9999.0
-9999.0 -9999.0 -9999.0 -9999.0 -9999.0 -9999.0 -9999.0 -9999.0 -9999.0 -9999.0 -9999.0 -9999.0 -9999.0 -9999.0 -9999.0 -9999.0 -9999.0