tests/3D/WG1_2.0_001/output-maps-SE27XX/watertableN0044.asc
ncols         17
nrows         27
xllcorner     624603.750000
yllcorner     5171346.250000
cellsize      500.000000
NODATA_value  -9999.0
-9999.0 -9999.0 -9999.0 -9999.0 -9999.0 -9999.0 -9999.0 -9999.0 -9999.0 -9999.0 -9999.0 -9999.0 -9999.0 -9999.0 -9999.0 -9999.0 -9999.0
-9999.0 -9999.0 -9999.0 -9999.0 -9999.0 -9999.0 -9999.0 -9999.0 -9999.0 -9999.0 -9999.0 2160.567001 2023.573046 2038.914300 -9999.0 -9999.0 -9999.0
-9999.0 -9999.0 -9999.0 -9999.0 -9999.0 -9999.0 -9999.0 -9999.0 -9999.0 2277.530895 2154.387162 2117.850536 2022.236407 2023.437924 2040.486653 -9999.0 -9999.0
-9999.0 -9999.0 -9999.0 -9999.0 -9999.0 -9999.0 -9999.0 -9999.0 2101.753345 2172.014010 2021.118856 2129.150865 2171.255835 2009.407361 2032.744896 -9999.0 -9999.0
-9999.0 -9999.0 -9999.0 -9999.0 -9999.0 -9999.0 -9999.0 -9999.0 2111.496294 2109.140618 2137.864828 2078.230891 2005.017574 2021.556525 2021.884247 -9999.0 -9999.0
-9999.0 -9999.0 -9999.0 -9999.0 -9999.0 -9999.0 -9999.0 2093.306404 2129.537344 2027.463490 2014.457090 2083.724910 2150.489538 2023.137196 2020.733757 -9999.0 -9999.0
-9999.0 -9999.0 -9999.0 -9999.0 -9999.0 -9999.0 2208.773417 2150.034229 2036.178811 2156.446275 2261.903651 2176.970808 2163.787362 2130.946579 2140.118464 -9999.0 -9999.0
-9999.0 -9999.0 -9999.0 -9999.0 -9999.0 -9999.0 2094.246683 2183.771377 2165.103506 2157.271661 2173.244336 2257.103972 2050.141798 2084.878367 2224.228280 -9999.0 -9999.0
-9999.0 -9999.0 -9999.0 -9999.0 -9999.0 -9999.0 2244.448770 2239.929909 2153.759730 2093.437379 2116.822021 2109.328105 2069.933815 2173.105242 2210.924456 -9999.0 -9999.0
-9999.0 -9999.0 -9999.0 -9999.0 -9999.0 -9999.0 -9999.0 2142.903721 2181.517857 2033.391009 2177.332061 2151.091799 2142.735924 2091.406663 2095.976894 -9999.0 -9999.0
-9999.0 -9999.0 -9999.0 -9999.0 -9999.0 -9999.0 2135.284487 2089.634552 2112.458383 2146.995984 2158.025467 2158.861905 2181.327257 2101.697827 2117.844870 2173.038340 -9999.0
-9999.0 -9999.0 -9999.0 -9999.0 -9999.0 2171.149755 2093.253907 2084.390909 2127.017337 2156.776775 2127.278466 2149.182058 2194.588024 2054.832128 2186.155410 2152.219831 -9999.0
-9999.0 -9999.0 -9999.0 2133.054318 2331.156090 2094.689129 2103.728342 2123.113818 2092.312103 2056.502943 2092.052011 2160.067246 2184.919466 2170.675381 2116.410138 2134.146814 -9999.0
-9999.0 -9999.0 -9999.0 2124.295832 2122.194909 2100.567717 2171.863493 2090.093406 2120.671636 2116.073156 2092.253583 2079.863722 1999.216864 2123.075826 2028.622995 2109.763891 -9999.0
-9999.0 -9999.0 2143.053331 2112.619838 2077.691954 2202.092591 2117.633102 2086.143976 2073.267210 2043.262603 2060.657370 2154.223268 2001.719150 2035.129524 2286.960390 2212.417030 -9999.0
-9999.0 2190.635916 2167.999174 2177.725252 2204.134556 2168.879520 2081.430363 2061.025963 2062.186465 2159.888515 2166.896104 2119.016576 2254.707907 2175.405557 2217.607780 -9999.0 -9999.0
-9999.0 2144.455005 2164.067826 2091.822257 2072.182374 2077.226356 2087.140449 2067.912922 2026.523702 2098.419177 2195.018561 2221.938407 2239.067698 2223.109149 2023.130478 2029.508338 -9999.0
-9999.0 2093.217922 2161.843073 2107.985852 2070.941531 2054.193511 2058.902972 2076.540105 2041.863006 2162.042463 2122.216669 2185.739348 2227.155712 2238.814447 2205.243852 -9999.0 -9999.0
-9999.0 2087.635409 2071.969229 2050.292989 2018.691564 2031.963688 2013.841245 2034.749347 2068.911059 2127.286420 2201.230537 2068.376036 2167.744063 2113.055856 -9999.0 -9999.0 -9999.0
-9999.0 -9999.0 2068.627603 2013.201507 2008.788572 2051.714515 2100.566114 2105.786850 2057.660919 2132.498659 2096.726504 2212.205745 2108.890753 2200.243264 -9999.0 -9999.0 -9999.0
-9999.0 -9999.0 2012.014906 2074.477237 2088.960974 2122.339569 2213.184022 2187.564192 2171.229833 2096.414193 2166.002074 2062.975211 2204.627715 -9999.0 -9999.0 -9999.0 -9999.0
-9999.0 -9999.0 -9999.0 -9999.0 2122.473581 2180.083136 2168.288033 2140.372548 2157.739400 2101.375326 2129.355185 2099.444074 2175.712232 -9999.0 -9999.0 -9999.0 -9999.0
-9999.0 -9999.0 -9999.0 -9999.0 -9999.0 2227.774716 2231.528432 2252.996280 2143.397784 2230.805286 2141.772650 2068.463975 2053.638116 2107.041490 -9999.0 -9999.0 -9999.0
-9999.0 -9999.0 -9999.0 -9999.0 -9999.0 -9999.0 2276.687883 2255.103285 2177.928325 2187.081796 2168.331251 2170.920574 2143.244329 2176.714242 2200.656149 -9999.0 -9999.0
-9999.0 -9999.0 -9999.0 -9999.0 -9999.0 -9999.0 -9999.0 2352.136220 2191.277317 2185.464545 2197.467195 2160.942318 2182.141958 2114.626173 -9999.0 -9999.0 -9999.0
-9999.0 -9999.0 -9999.0 -9999.0 -9999.0 -9999.0 -9999.0 -9999.0 2244.995207 2209.638240 2227.799931 2211.814162 2221.941631 2216.802984 2328.596841 -9999.0 -9999.0
-9999.0 -9999.0 -9999.0 -9999.0 -9999.0 -9999.0 -9999.0 -9999.0 -9999.0 -9999.0 -9999.0 -9999.0 -9999.0 -9999.0 -9999.0 -9999.0 -9999.0