tests/3D/WG1_2.0_001/output-maps-SE27XX/watertableN0001.asc
ncols         17
nrows         27
xllcorner     624603.750000
yllcorner     5171346.250000
cellsize      500.000000
NODATA_value  -9999.0
-9999.0 -9999.0 -9999.0 -9999.0 -9999.0 -9999.0 -9999.0 -9999.0 -9999.0 -9999.0 -9999.0 -9999.0 -9999.0 -9999.0 -9999.0 -9999.0 -9999.0
-9999.0 -9999.0 -9999.0 -9999.0 -9999.0 -9999.0 -9999.0 -9999.0 -9999.0 -9999.0 -9999.0 1999.848448 2000.307793 2000.860005 -9999.0 -9999.0 -9999.0
-9999.0 -9999.0 -9999.0 -9999.0 -9999.0 -9999.0 -9999.0 -9999.0 -9999.0 2000.341901 2000.292564 1999.921123 2000.261450 2000.362587 2000.827382 -9999.0 -9999.0
-9999.0 -9999.0 -9999.0 -9999.0 -9999.0 -9999.0 -9999.0 -9999.0 2000.644797 2000.135703 1999.865411 1999.546146 1999.766033 2000.545157 2000.655024 -9999.0 -9999.0
-9999.0 -9999.0 -9999.0 -9999.0 -9999.0 -9999.0 -9999.0 -9999.0 2000.285920 1999.938515 1999.512990 1999.488005 1999.785095 2000.241061 2000.296129 -9999.0 -9999.0
-9999.0 -9999.0 -9999.0 -9999.0 -9999.0 -9999.0 -9999.0 2000.534507 1999.679615 1999.458173 1999.350417 1999.667998 2000.037034 2000.347012 2000.232463 -9999.0 -9999.0
-9999.0 -9999.0 -9999.0 -9999.0 -9999.0 -9999.0 2000.577447 2000.240554 1999.906813 1999.258071 1999.482645 1999.971570 2000.417214 2000.504358 2000.309566 -9999.0 -9999.0
-9999.0 -9999.0 -9999.0 -9999.0 -9999.0 -9999.0 2000.557307 2000.539191 1999.671529 1999.321240 1999.311932 1999.787387 2000.163654 2000.474470 2000.365315 -9999.0 -9999.0
-9999.0 -9999.0 -9999.0 -9999.0 -9999.0 -9999.0 2000.486965 2000.523145 2000.124546 1999.570847 1999.260181 1999.504081 1999.901221 2000.420643 2000.419269 -9999.0 -9999.0
-9999.0 -9999.0 -9999.0 -9999.0 -9999.0 -9999.0 -9999.0 2001.011617 2000.257426 1999.726401 1999.189227 1999.269413 1999.719177 2000.331844 2000.498181 -9999.0 -9999.0
-9999.0 -9999.0 -9999.0 -9999.0 -9999.0 -9999.0 2000.835062 2000.462635 2000.606283 1999.945525 1999.423285 1999.427146 1999.914130 2000.395914 2000.344180 2000.330333 -9999.0
-9999.0 -9999.0 -9999.0 -9999.0 -9999.0 2000.782203 2000.317695 2000.618577 2000.251873 1999.883115 1999.467612 1999.480596 1999.940173 2000.284085 2000.446737 2000.177598 -9999.0
-9999.0 -9999.0 -9999.0 2000.593537 2000.720175 2000.283221 2000.460880 2000.185776 2000.013998 1999.669324 1999.346993 1999.364958 1999.755572 2000.156681 2000.445562 2000.325293 -9999.0
-9999.0 -9999.0 -9999.0 2000.527241 2000.714888 2000.469496 2000.176431 1999.959919 1999.687940 1999.332025 1999.064657 1999.084483 1999.452827 1999.892958 2000.608674 2000.576250 -9999.0
-9999.0 -9999.0 2000.900602 2000.283284 2000.480093 2000.289124 2000.145078 1999.830626 1999.441656 1999.154305 1999.127137 1999.231259 1999.502182 1999.997260 2000.154382 2000.773246 -9999.0
-9999.0 2001.033719 2000.353451 2000.483433 2000.159297 2000.217265 2000.053198 1999.697165 1999.347209 1999.386836 1999.660868 1999.863521 1999.999902 2000.207192 2001.072868 -9999.0 -9999.0
-9999.0 2000.678727 2000.561617 2000.080928 1999.868757 1999.857081 1999.646352 1999.359712 1999.174903 1999.527284 2000.013153 2000.380830 2000.437354 2000.766420 2000.352585 2000.483128 -9999.0
-9999.0 2000.355491 2000.230589 1999.777275 1999.458184 1999.438900 1999.226755 1999.110059 1999.190207 1999.775232 2000.315014 2000.620932 2000.685249 2000.584340 2000.773812 -9999.0 -9999.0
-9999.0 1999.553668 2000.075888 1999.383192 1999.046020 1999.084805 1999.048972 1999.150109 1999.262842 1999.689311 2000.008638 2000.199888 2000.366265 2000.832393 -9999.0 -9999.0 -9999.0
-9999.0 -9999.0 1999.960994 1999.002868 1999.030767 1999.383398 1999.509511 1999.674861 1999.579517 1999.839629 2000.110553 2000.392481 2000.443870 2000.035816 -9999.0 -9999.0 -9999.0
-9999.0 -9999.0 1998.916721 2000.007490 1999.615514 2000.097430 2000.084639 2000.146754 1999.668958 1999.587073 1999.807102 2000.360630 2000.551443 -9999.0 -9999.0 -9999.0 -9999.0
-9999.0 -9999.0 -9999.0 -9999.0 2000.131462 2000.465896 2000.602431 2000.400181 1999.733440 1999.469455 1999.624340 2000.250234 2000.763494 -9999.0 -9999.0 -9999.0 -9999.0
-9999.0 -9999.0 -9999.0 -9999.0 -9999.0 2000.682416 2000.590555 2000.742488 1999.864098 1999.443791 1999.329598 1999.748585 2000.003536 2000.553796 -9999.0 -9999.0 -9999.0
-9999.0 -9999.0 -9999.0 -9999.0 -9999.0 -9999.0 2000.763559 2000.595245 2000.456042 1999.755015 1999.473733 1999.549802 2000.140179 2000.000761 2000.400745 -9999.0 -9999.0
-9999.0 -9999.0 -9999.0 -9999.0 -9999.0 -9999.0 -9999.0 2000.967273 2000.495111 2000.326166 1999.756852 1999.699939 1999.980641 2000.662429 -9999.0 -9999.0 -9999.0
-9999.0 -9999.0 -9999.0 -9999.0 -9999.0 -9999.0 -9999.0 -9999.0 2000.881763 2000.382928 1999.867863 1999.762911 2000.129305 2000.178762 2000.360339 -9999.0 -9999.0
-9999.0 -9999.0 -9999.0 -9999.0 -9999.0 -9999.0 -9999.0 -9999.0 -9999.0 -9999.0 -9999.0 -9999.0 -9999.0 -9999.0 -9999.0 -9999.0 -9999.0