tests/3D/WG1_2.0_001/output-maps-SE27XX/watertableN0072.asc
ncols         17
nrows         27
xllcorner     624603.750000
yllcorner     5171346.250000
cellsize      500.000000
NODATA_value  -9999.0
-9999.0 -9999.0 -9999.0 -9999.0 -9999.0 -9999.0 -9999.0 -9999.0 -9999.0 -9999.0 -9999.0 -9999.0 -9999.0 -9999.0 -9999.0 -9999.0 -9999.0
-9999.0 -9999.0 -9999.0 -9999.0 -9999.0 -9999.0 -9999.0 -9999.0 -9999.0 -9999.0 -9999.0 2284.128355 2049.903585 2073.621543 -9999.0 -9999.0 -9999.0
-9999.0 -9999.0 -9999.0 -9999.0 -9999.0 -9999.0 -9999.0 -9999.0 -9999.0 2558.360701 2286.578682 2230.011305 2047.802990 2049.047031 2076.533190 -9999.0 -9999.0
-9999.0 -9999.0 -9999.0 -9999.0 -9999.0 -9999.0 -9999.0 -9999.0 2252.745707 2308.139683 2147.536921 2218.572373 2330.592159 2035.361369 2063.926141 -9999.0 -9999.0
-9999.0 -9999.0 -9999.0 -9999.0 -9999.0 -9999.0 -9999.0 -9999.0 2259.743489 2230.805424 2293.990084 2157.228249 2019.199577 2046.742710 2046.802009 -9999.0 -9999.0
-9999.0 -9999.0 -9999.0 -9999.0 -9999.0 -9999.0 -9999.0 2270.956768 2249.953547 2142.075087 2125.843725 2173.495163 2249.534607 2048.573899 2045.199841 -9999.0 -9999.0
-9999.0 -9999.0 -9999.0 -9999.0 -9999.0 -9999.0 2412.826514 2300.993149 2139.204927 2320.155623 2557.362281 2282.693436 2262.981097 2251.826265 2262.293353 -9999.0 -9999.0
-9999.0 -9999.0 -9999.0 -9999.0 -9999.0 -9999.0 2230.269662 2373.658619 2296.808851 2299.756445 2326.162660 2546.343955 2194.074699 2210.611777 2405.597022 -9999.0 -9999.0
-9999.0 -9999.0 -9999.0 -9999.0 -9999.0 -9999.0 2464.021513 2455.571653 2300.827059 2247.159673 2240.894583 2231.250098 2167.313455 2284.466315 2372.484920 -9999.0 -9999.0
-9999.0 -9999.0 -9999.0 -9999.0 -9999.0 -9999.0 -9999.0 2326.646612 2347.179792 2160.955053 2336.873646 2293.746267 2248.079939 2265.788840 2228.739872 -9999.0 -9999.0
-9999.0 -9999.0 -9999.0 -9999.0 -9999.0 -9999.0 2322.425585 2226.934736 2269.487333 2314.802120 2310.227319 2310.163219 2299.867369 2213.531765 2230.945922 2301.968302 -9999.0
-9999.0 -9999.0 -9999.0 -9999.0 -9999.0 2356.667055 2257.376354 2240.641120 2291.500778 2331.486427 2253.398661 2294.031733 2349.569980 2182.606192 2316.086620 2268.968299 -9999.0
-9999.0 -9999.0 -9999.0 2273.872328 2672.134114 2228.215756 2281.917261 2288.461466 2221.911782 2183.762660 2212.959715 2299.665824 2343.134781 2305.565254 2251.188439 2261.995891 -9999.0
-9999.0 -9999.0 -9999.0 2305.228277 2267.482769 2254.104679 2337.645131 2219.465848 2251.991955 2235.757710 2198.088715 2177.596349 1997.931284 2246.594267 2055.544338 2242.853471 -9999.0
-9999.0 -9999.0 2326.436420 2260.933206 2246.067654 2380.827354 2268.347876 2214.595168 2187.435615 2140.561947 2158.083745 2290.162915 2094.593187 2156.368325 2590.072366 2388.795672 -9999.0
-9999.0 2384.106177 2338.334746 2355.865533 2405.884982 2323.711164 2217.963646 2159.303970 2147.820800 2268.930509 2302.304433 2238.708854 2530.033340 2325.512449 2417.755396 -9999.0 -9999.0
-9999.0 2310.753602 2330.021725 2234.072762 2194.221226 2208.436173 2190.098666 2162.846979 2089.343128 2218.631116 2340.511628 2438.741875 2478.192352 2444.933967 2047.961401 2059.109428 -9999.0
-9999.0 2238.044700 2318.499059 2225.653523 2151.109297 2098.164950 2098.764021 2183.870414 2122.339066 2289.780582 2262.645363 2360.723816 2436.222620 2486.654151 2407.891244 -9999.0 -9999.0
-9999.0 2219.443389 2184.200704 2111.620363 2117.961574 2078.472521 2080.879885 2134.301311 2175.618654 2254.608351 2385.169657 2202.563865 2343.363238 2306.084921 -9999.0 -9999.0 -9999.0
-9999.0 -9999.0 2145.450336 2089.595500 2068.488477 2157.392874 2206.733733 2220.577556 2173.162294 2276.154387 2250.242805 2421.550650 2263.484830 2386.616033 -9999.0 -9999.0 -9999.0
-9999.0 -9999.0 2099.289818 2146.250288 2215.951473 2247.167623 2361.832759 2352.821431 2320.817179 2214.991977 2330.686795 2185.537594 2396.030696 -9999.0 -9999.0 -9999.0 -9999.0
-9999.0 -9999.0 -9999.0 -9999.0 2260.396135 2345.961812 2340.805439 2296.575868 2311.048116 2233.195687 2289.247012 2250.994657 2369.928282 -9999.0 -9999.0 -9999.0 -9999.0
-9999.0 -9999.0 -9999.0 -9999.0 -9999.0 2460.491896 2477.399435 2514.018384 2291.613794 2433.749695 2292.788656 2210.388182 2189.106127 2284.260522 -9999.0 -9999.0 -9999.0
-9999.0 -9999.0 -9999.0 -9999.0 -9999.0 -9999.0 2550.660461 2525.088250 2371.689463 2396.308950 2353.751075 2367.175964 2315.372364 2367.023584 2433.709764 -9999.0 -9999.0
-9999.0 -9999.0 -9999.0 -9999.0 -9999.0 -9999.0 -9999.0 2648.048923 2397.990727 2368.678155 2408.950711 2348.627001 2394.579764 2298.646128 -9999.0 -9999.0 -9999.0
-9999.0 -9999.0 -9999.0 -9999.0 -9999.0 -9999.0 -9999.0 -9999.0 2495.828079 2437.338377 2458.814753 2425.350584 2445.622319 2420.103581 2622.669756 -9999.0 -9999.0
-9999.0 -9999.0 -9999.0 -9999.0 -9999.0 -9999.0 -9999.0 -9999.0 -9999.0 -9999.0 -9999.0 -9999.0 -9999.0 -9999.0 -9999.0 -9999.0 -9999.0