tests/3D/WG1_2.0_001/output-maps-SE27XX/watertableN0045.asc
ncols         17
nrows         27
xllcorner     624603.750000
yllcorner     5171346.250000
cellsize      500.000000
NODATA_value  -9999.0
-9999.0 -9999.0 -9999.0 -9999.0 -9999.0 -9999.0 -9999.0 -9999.0 -9999.0 -9999.0 -9999.0 -9999.0 -9999.0 -9999.0 -9999.0 -9999.0 -9999.0
-9999.0 -9999.0 -9999.0 -9999.0 -9999.0 -9999.0 -9999.0 -9999.0 -9999.0 -9999.0 -9999.0 2164.387006 2024.453231 2040.088653 -9999.0 -9999.0 -9999.0
-9999.0 -9999.0 -9999.0 -9999.0 -9999.0 -9999.0 -9999.0 -9999.0 -9999.0 2281.171642 2157.793209 2121.742144 2023.089902 2024.289688 2041.753630 -9999.0 -9999.0
-9999.0 -9999.0 -9999.0 -9999.0 -9999.0 -9999.0 -9999.0 -9999.0 2104.789655 2175.854037 2021.730239 2132.741150 2175.234138 2010.422688 2033.797857 -9999.0 -9999.0
-9999.0 -9999.0 -9999.0 -9999.0 -9999.0 -9999.0 -9999.0 -9999.0 2114.113500 2113.031743 2143.065907 2081.386542 2005.469010 2022.399045 2022.707431 -9999.0 -9999.0
-9999.0 -9999.0 -9999.0 -9999.0 -9999.0 -9999.0 -9999.0 2096.105410 2134.377898 2028.718186 2015.452574 2087.095875 2154.893584 2023.982385 2021.545194 -9999.0 -9999.0
-9999.0 -9999.0 -9999.0 -9999.0 -9999.0 -9999.0 2212.227922 2155.288158 2037.435876 2158.771317 2268.283848 2180.242820 2168.197870 2135.463457 2145.168168 -9999.0 -9999.0
-9999.0 -9999.0 -9999.0 -9999.0 -9999.0 -9999.0 2097.446985 2189.049538 2168.364161 2160.747767 2175.535133 2263.165127 2051.881299 2086.752831 2228.485442 -9999.0 -9999.0
-9999.0 -9999.0 -9999.0 -9999.0 -9999.0 -9999.0 2251.402567 2246.717282 2159.271210 2096.131097 2121.005922 2112.595228 2071.798472 2177.153661 2215.617548 -9999.0 -9999.0
-9999.0 -9999.0 -9999.0 -9999.0 -9999.0 -9999.0 -9999.0 2147.068400 2186.181432 2035.110486 2180.102371 2154.716332 2146.862029 2095.780001 2098.353697 -9999.0 -9999.0
-9999.0 -9999.0 -9999.0 -9999.0 -9999.0 -9999.0 2139.563692 2092.623080 2115.711802 2152.296818 2162.718585 2162.768007 2184.758537 2103.891427 2122.201843 2176.954379 -9999.0
-9999.0 -9999.0 -9999.0 -9999.0 -9999.0 2176.053861 2096.502943 2087.218093 2131.206341 2162.568449 2131.861062 2154.069078 2199.053323 2056.666998 2190.036503 2156.297340 -9999.0
-9999.0 -9999.0 -9999.0 2137.730212 2343.659844 2098.498054 2107.080181 2127.559503 2095.395692 2058.478929 2095.779200 2163.926143 2189.008404 2174.827455 2120.365442 2138.243178 -9999.0
-9999.0 -9999.0 -9999.0 2128.415851 2126.939032 2103.821678 2179.354315 2093.195834 2125.163081 2120.831394 2095.314775 2082.159806 2001.085663 2127.739209 2029.458909 2112.762765 -9999.0
-9999.0 -9999.0 2147.756990 2116.354288 2080.463514 2206.254693 2122.170739 2089.329997 2075.907408 2045.261105 2062.785514 2157.649547 2002.337062 2036.648647 2292.810557 2218.069976 -9999.0
-9999.0 2198.048447 2174.990320 2182.915629 2209.397858 2175.638683 2084.469541 2063.583523 2064.470538 2166.121073 2173.174955 2123.904745 2259.675379 2179.583785 2223.572181 -9999.0 -9999.0
-9999.0 2150.102716 2170.253069 2096.014693 2075.823608 2080.670194 2090.905067 2071.303599 2028.275269 2102.097796 2201.543369 2228.027479 2245.982174 2227.382828 2023.936509 2030.527163 -9999.0
-9999.0 2097.173084 2168.835177 2112.379840 2074.562489 2057.541269 2062.581321 2080.339426 2044.130809 2168.522845 2127.065024 2192.676010 2233.915110 2246.557970 2210.763371 -9999.0 -9999.0
-9999.0 2091.594838 2074.961321 2053.576908 2020.770742 2034.776063 2015.476215 2037.035150 2071.815732 2132.896546 2207.322017 2070.683130 2173.357319 2116.634770 -9999.0 -9999.0 -9999.0
-9999.0 -9999.0 2072.197970 2015.765788 2010.963713 2054.470216 2105.124559 2110.108202 2060.075248 2138.633460 2100.196819 2218.095122 2112.403140 2205.813079 -9999.0 -9999.0 -9999.0
-9999.0 -9999.0 2014.379616 2078.395167 2093.143299 2127.373923 2219.079639 2191.867023 2175.778733 2100.695731 2170.551470 2065.459777 2210.400807 -9999.0 -9999.0 -9999.0 -9999.0
-9999.0 -9999.0 -9999.0 -9999.0 2127.492227 2185.826012 2174.307353 2146.370303 2161.555095 2106.209433 2134.256848 2102.926655 2181.635256 -9999.0 -9999.0 -9999.0 -9999.0
-9999.0 -9999.0 -9999.0 -9999.0 -9999.0 2234.972962 2238.914373 2261.482169 2149.198343 2238.579033 2145.172639 2072.012921 2055.819756 2110.493948 -9999.0 -9999.0 -9999.0
-9999.0 -9999.0 -9999.0 -9999.0 -9999.0 -9999.0 2285.768818 2263.869617 2182.883214 2193.221952 2173.861653 2176.391803 2148.956797 2180.883586 2205.691349 -9999.0 -9999.0
-9999.0 -9999.0 -9999.0 -9999.0 -9999.0 -9999.0 -9999.0 2363.616004 2196.229637 2190.018287 2203.884066 2165.543053 2187.389107 2118.582133 -9999.0 -9999.0 -9999.0
-9999.0 -9999.0 -9999.0 -9999.0 -9999.0 -9999.0 -9999.0 -9999.0 2249.825500 2215.180570 2235.016381 2218.314997 2229.025676 2223.493629 2340.417610 -9999.0 -9999.0
-9999.0 -9999.0 -9999.0 -9999.0 -9999.0 -9999.0 -9999.0 -9999.0 -9999.0 -9999.0 -9999.0 -9999.0 -9999.0 -9999.0 -9999.0 -9999.0 -9999.0