tests/3D/WG1_2.0_001/output-maps-SE27XX/watertableN0087.asc
ncols         17
nrows         27
xllcorner     624603.750000
yllcorner     5171346.250000
cellsize      500.000000
NODATA_value  -9999.0
-9999.0 -9999.0 -9999.0 -9999.0 -9999.0 -9999.0 -9999.0 -9999.0 -9999.0 -9999.0 -9999.0 -9999.0 -9999.0 -9999.0 -9999.0 -9999.0 -9999.0
-9999.0 -9999.0 -9999.0 -9999.0 -9999.0 -9999.0 -9999.0 -9999.0 -9999.0 -9999.0 -9999.0 2368.393157 2061.008613 2092.358976 -9999.0 -9999.0 -9999.0
-9999.0 -9999.0 -9999.0 -9999.0 -9999.0 -9999.0 -9999.0 -9999.0 -9999.0 2617.829181 2431.133905 2318.862186 2058.232062 2062.290360 2090.628827 -9999.0 -9999.0
-9999.0 -9999.0 -9999.0 -9999.0 -9999.0 -9999.0 -9999.0 -9999.0 2518.766541 2414.859719 2364.622625 2288.636558 2434.419976 2042.638935 2079.959115 -9999.0 -9999.0
-9999.0 -9999.0 -9999.0 -9999.0 -9999.0 -9999.0 -9999.0 -9999.0 2425.627351 2325.985479 2456.347143 2212.275140 2025.082636 2056.530028 2058.984666 -9999.0 -9999.0
-9999.0 -9999.0 -9999.0 -9999.0 -9999.0 -9999.0 -9999.0 2464.467425 2348.129069 2310.221111 2181.754505 2241.326936 2327.184689 2061.768224 2056.038803 -9999.0 -9999.0
-9999.0 -9999.0 -9999.0 -9999.0 -9999.0 -9999.0 2586.195508 2422.666725 2351.410487 2452.570103 2607.405677 2377.609163 2340.328141 2347.809918 2351.233981 -9999.0 -9999.0
-9999.0 -9999.0 -9999.0 -9999.0 -9999.0 -9999.0 2514.940486 2523.949106 2402.677270 2400.799939 2463.872081 2617.617689 2430.039709 2321.535044 2542.693072 -9999.0 -9999.0
-9999.0 -9999.0 -9999.0 -9999.0 -9999.0 -9999.0 2583.656431 2588.069077 2416.904716 2467.673609 2343.547877 2392.620811 2249.778132 2371.582384 2493.687900 -9999.0 -9999.0
-9999.0 -9999.0 -9999.0 -9999.0 -9999.0 -9999.0 -9999.0 2497.988990 2483.895494 2300.406030 2460.255700 2444.876223 2335.565022 2608.437402 2358.862223 -9999.0 -9999.0
-9999.0 -9999.0 -9999.0 -9999.0 -9999.0 -9999.0 2513.813412 2531.753723 2410.946396 2456.199555 2492.934492 2454.344565 2415.357385 2313.446559 2317.583534 2396.494574 -9999.0
-9999.0 -9999.0 -9999.0 -9999.0 -9999.0 2559.410218 2519.608449 2466.374891 2456.504481 2506.613436 2472.547038 2415.111710 2510.073519 2306.797503 2414.834205 2353.903908 -9999.0
-9999.0 -9999.0 -9999.0 2557.825851 2686.445815 2527.046268 2513.328443 2449.111420 2423.660134 2281.750525 2313.299366 2480.963680 2495.667412 2399.347457 2360.467616 2375.832822 -9999.0
-9999.0 -9999.0 -9999.0 2494.337458 2587.042834 2397.206127 2580.059798 2393.885956 2520.070528 2510.545918 2435.585355 2276.178963 2204.631129 2361.485113 2070.461175 2351.059051 -9999.0
-9999.0 -9999.0 2534.424988 2432.060766 2455.761826 2557.408777 2403.461692 2391.756927 2310.706607 2247.252572 2226.427151 2409.229771 2204.496258 2333.592159 2676.706816 2504.054938 -9999.0
-9999.0 2691.835635 2603.763129 2514.011932 2560.551816 2597.741654 2323.820932 2283.090873 2258.393199 2547.792795 2451.688679 2337.852511 2636.320036 2431.895348 2540.105054 -9999.0 -9999.0
-9999.0 2642.223613 2554.780598 2514.147950 2470.279897 2473.718741 2435.043846 2398.779797 2178.338051 2465.035925 2566.470868 2581.132532 2595.005015 2620.634991 2060.615777 2070.877643 -9999.0
-9999.0 2486.892472 2632.844311 2485.598624 2386.985034 2314.456831 2325.445877 2418.183232 2236.182796 2561.436035 2537.566563 2605.761365 2573.973344 2597.633287 2536.004816 -9999.0 -9999.0
-9999.0 2509.653985 2313.745969 2344.417722 2353.112957 2289.005193 2176.546932 2228.314141 2260.510035 2379.389697 2511.234059 2324.407597 2522.344138 2541.576156 -9999.0 -9999.0 -9999.0
-9999.0 -9999.0 2382.086987 2330.860526 2204.749584 2276.052508 2349.674418 2351.831530 2245.997253 2476.059770 2394.296962 2564.714432 2407.431140 2515.619364 -9999.0 -9999.0 -9999.0
-9999.0 -9999.0 2361.316048 2429.029490 2368.954467 2381.989709 2581.891310 2519.963911 2462.263733 2398.345563 2501.761157 2465.133269 2529.105328 -9999.0 -9999.0 -9999.0 -9999.0
-9999.0 -9999.0 -9999.0 -9999.0 2397.979438 2505.215655 2478.574347 2580.940154 2446.532692 2351.206830 2467.970469 2423.967513 2542.134115 -9999.0 -9999.0 -9999.0 -9999.0
-9999.0 -9999.0 -9999.0 -9999.0 -9999.0 2595.573094 2598.529477 2614.696358 2517.129138 2486.803009 2423.936034 2449.985808 2435.345160 2461.264267 -9999.0 -9999.0 -9999.0
-9999.0 -9999.0 -9999.0 -9999.0 -9999.0 -9999.0 2626.375439 2605.575641 2515.602666 2506.300927 2460.959540 2480.273522 2451.227770 2520.549826 2574.997023 -9999.0 -9999.0
-9999.0 -9999.0 -9999.0 -9999.0 -9999.0 -9999.0 -9999.0 2664.138873 2561.354873 2526.730178 2512.486954 2484.304348 2528.070448 2555.522893 -9999.0 -9999.0 -9999.0
-9999.0 -9999.0 -9999.0 -9999.0 -9999.0 -9999.0 -9999.0 -9999.0 2635.871079 2579.524921 2539.325385 2520.200444 2550.398864 2538.496623 2627.890907 -9999.0 -9999.0
-9999.0 -9999.0 -9999.0 -9999.0 -9999.0 -9999.0 -9999.0 -9999.0 -9999.0 -9999.0 -9999.0 -9999.0 -9999.0 -9999.0 -9999.0 -9999.0 -9999.0