tests/3D/WG1_2.0_001/output-maps-SE27XX/watertableN0010.asc
ncols         17
nrows         27
xllcorner     624603.750000
yllcorner     5171346.250000
cellsize      500.000000
NODATA_value  -9999.0
-9999.0 -9999.0 -9999.0 -9999.0 -9999.0 -9999.0 -9999.0 -9999.0 -9999.0 -9999.0 -9999.0 -9999.0 -9999.0 -9999.0 -9999.0 -9999.0 -9999.0
-9999.0 -9999.0 -9999.0 -9999.0 -9999.0 -9999.0 -9999.0 -9999.0 -9999.0 -9999.0 -9999.0 1998.653259 2002.668040 2007.020852 -9999.0 -9999.0 -9999.0
-9999.0 -9999.0 -9999.0 -9999.0 -9999.0 -9999.0 -9999.0 -9999.0 -9999.0 2005.992979 2002.066452 1999.130605 2002.293416 2002.978507 2006.654971 -9999.0 -9999.0
-9999.0 -9999.0 -9999.0 -9999.0 -9999.0 -9999.0 -9999.0 -9999.0 2005.189374 2000.507194 1998.946109 1995.009556 1998.003366 1997.841984 2005.314889 -9999.0 -9999.0
-9999.0 -9999.0 -9999.0 -9999.0 -9999.0 -9999.0 -9999.0 -9999.0 2002.062537 1998.828412 1996.166414 1994.354805 1998.379779 2002.067620 2002.517445 -9999.0 -9999.0
-9999.0 -9999.0 -9999.0 -9999.0 -9999.0 -9999.0 -9999.0 2004.136797 1996.704385 1995.530996 1993.252152 1996.212984 1999.449588 2002.908181 2002.061726 -9999.0 -9999.0
-9999.0 -9999.0 -9999.0 -9999.0 -9999.0 -9999.0 2004.581778 2001.509460 1999.297765 1993.833950 1995.899450 1998.827136 2002.318853 2003.540248 2002.431955 -9999.0 -9999.0
-9999.0 -9999.0 -9999.0 -9999.0 -9999.0 -9999.0 2004.355703 2004.006455 1996.551068 1993.933997 1994.865174 1997.692862 2001.353262 2003.204098 2001.963543 -9999.0 -9999.0
-9999.0 -9999.0 -9999.0 -9999.0 -9999.0 -9999.0 2003.537205 2003.760872 2000.453180 1996.700276 1993.788113 1996.748096 1998.413398 2002.310117 2002.296406 -9999.0 -9999.0
-9999.0 -9999.0 -9999.0 -9999.0 -9999.0 -9999.0 -9999.0 2007.813247 2001.648686 1997.502800 1994.148558 1994.313476 1996.511768 2003.983381 2003.616736 -9999.0 -9999.0
-9999.0 -9999.0 -9999.0 -9999.0 -9999.0 -9999.0 2006.478665 2003.690661 2004.450119 2000.040760 1995.931732 1995.547149 1998.367563 2002.596172 2002.025970 2001.861311 -9999.0
-9999.0 -9999.0 -9999.0 -9999.0 -9999.0 2006.070950 2002.367072 2004.767134 2002.835361 1999.685469 1995.985153 1995.802515 1998.970762 2001.865713 2002.840038 2000.635296 -9999.0
-9999.0 -9999.0 -9999.0 2004.697064 2005.182148 2002.223752 2003.465342 2002.028563 2000.792971 1997.767185 1994.352280 1994.561491 1997.316569 2001.629603 2003.046752 2002.226428 -9999.0
-9999.0 -9999.0 -9999.0 2004.014132 2005.613261 2003.344510 2002.083194 2000.214331 1998.111897 1995.560942 1994.495836 1993.862583 1995.866915 1998.632414 2004.964735 2004.140018 -9999.0
-9999.0 -9999.0 2007.009561 2002.012943 2003.509892 2001.956718 2001.320111 1999.528344 1997.557995 1992.835134 1993.945404 1993.117708 1995.125600 1999.629434 2001.605354 2005.626195 -9999.0
-9999.0 2008.721515 2002.982758 2003.711314 2001.311026 2002.053308 2001.561792 1999.516225 1995.896809 1996.693310 1997.807669 1998.378766 1999.929850 2001.070235 2008.153027 -9999.0 -9999.0
-9999.0 2005.870065 2004.066514 2001.152991 1999.380726 1999.487518 1999.448821 1997.577373 1993.561209 1998.074431 1999.762080 2002.355814 2002.870633 2005.846054 2002.964122 2003.983953 -9999.0
-9999.0 2003.148268 2002.084642 1999.783221 1997.604763 1998.253723 1996.632002 1992.324123 1994.414277 1999.673808 2002.852604 2005.484253 2005.026039 2004.307211 2005.931032 -9999.0 -9999.0
-9999.0 1996.859233 2002.010982 1996.505557 1991.666351 1993.842804 1992.088676 1993.945483 1994.847020 1997.843859 1998.940721 2001.202958 2002.657385 2006.463804 -9999.0 -9999.0 -9999.0
-9999.0 -9999.0 2001.155736 1991.415133 1992.357025 1995.494633 1996.521199 1998.309082 1997.007254 1998.113723 2001.344191 2002.651867 2003.194912 1999.899290 -9999.0 -9999.0 -9999.0
-9999.0 -9999.0 1990.543435 2001.220244 1997.515308 2001.025583 2000.771443 2000.666334 1996.594133 1995.872747 1998.005655 2002.764158 2003.995154 -9999.0 -9999.0 -9999.0 -9999.0
-9999.0 -9999.0 -9999.0 -9999.0 2001.601820 2003.452142 2004.519918 2002.820285 1996.820187 1994.864239 1996.234599 2001.695161 2005.784505 -9999.0 -9999.0 -9999.0 -9999.0
-9999.0 -9999.0 -9999.0 -9999.0 -9999.0 2004.433169 2004.266193 2005.643561 1999.009432 1994.120214 1993.636867 1998.024350 1999.866778 2004.205197 -9999.0 -9999.0 -9999.0
-9999.0 -9999.0 -9999.0 -9999.0 -9999.0 -9999.0 2005.707019 2004.384026 2003.276177 1997.650666 1994.747566 1995.653427 2000.790621 1999.781968 2002.926413 -9999.0 -9999.0
-9999.0 -9999.0 -9999.0 -9999.0 -9999.0 -9999.0 -9999.0 2007.387670 2003.585887 2002.310199 1997.516281 1996.971512 1999.975167 2005.160710 -9999.0 -9999.0 -9999.0
-9999.0 -9999.0 -9999.0 -9999.0 -9999.0 -9999.0 -9999.0 -9999.0 2006.837466 2002.728936 1998.526762 1997.651000 2000.733434 2001.112607 2002.336285 -9999.0 -9999.0
-9999.0 -9999.0 -9999.0 -9999.0 -9999.0 -9999.0 -9999.0 -9999.0 -9999.0 -9999.0 -9999.0 -9999.0 -9999.0 -9999.0 -9999.0 -9999.0 -9999.0