tests/3D/WG1_2.0_001/output-maps-SE27XX/watertableN0080.asc
ncols         17
nrows         27
xllcorner     624603.750000
yllcorner     5171346.250000
cellsize      500.000000
NODATA_value  -9999.0
-9999.0 -9999.0 -9999.0 -9999.0 -9999.0 -9999.0 -9999.0 -9999.0 -9999.0 -9999.0 -9999.0 -9999.0 -9999.0 -9999.0 -9999.0 -9999.0 -9999.0
-9999.0 -9999.0 -9999.0 -9999.0 -9999.0 -9999.0 -9999.0 -9999.0 -9999.0 -9999.0 -9999.0 2323.341367 2056.392886 2083.861953 -9999.0 -9999.0 -9999.0
-9999.0 -9999.0 -9999.0 -9999.0 -9999.0 -9999.0 -9999.0 -9999.0 -9999.0 2616.526925 2350.589075 2269.698457 2053.920707 2056.480021 2084.479786 -9999.0 -9999.0
-9999.0 -9999.0 -9999.0 -9999.0 -9999.0 -9999.0 -9999.0 -9999.0 2371.034310 2358.380494 2230.737706 2250.385271 2379.693979 2038.833553 2072.900621 -9999.0 -9999.0
-9999.0 -9999.0 -9999.0 -9999.0 -9999.0 -9999.0 -9999.0 -9999.0 2332.003444 2273.678772 2367.120184 2179.549439 2022.890211 2052.507152 2053.797353 -9999.0 -9999.0
-9999.0 -9999.0 -9999.0 -9999.0 -9999.0 -9999.0 -9999.0 2353.888407 2294.872749 2202.298198 2149.539228 2201.292647 2284.835067 2056.015199 2051.535975 -9999.0 -9999.0
-9999.0 -9999.0 -9999.0 -9999.0 -9999.0 -9999.0 2521.032529 2357.489938 2219.216398 2386.429202 2601.795196 2325.919650 2298.160539 2293.156735 2302.006038 -9999.0 -9999.0
-9999.0 -9999.0 -9999.0 -9999.0 -9999.0 -9999.0 2351.775288 2444.802542 2345.783671 2347.204035 2427.379581 2604.700270 2288.946630 2258.204551 2469.958740 -9999.0 -9999.0
-9999.0 -9999.0 -9999.0 -9999.0 -9999.0 -9999.0 2532.358666 2526.962331 2355.180551 2348.811654 2286.901186 2298.302392 2199.436477 2324.732599 2428.893055 -9999.0 -9999.0
-9999.0 -9999.0 -9999.0 -9999.0 -9999.0 -9999.0 -9999.0 2404.715418 2411.463460 2211.799760 2445.322725 2361.465131 2288.017625 2409.559143 2282.482396 -9999.0 -9999.0
-9999.0 -9999.0 -9999.0 -9999.0 -9999.0 -9999.0 2407.422518 2360.621542 2334.305612 2380.338947 2393.934438 2375.598083 2352.958522 2256.986333 2268.707654 2346.172776 -9999.0
-9999.0 -9999.0 -9999.0 -9999.0 -9999.0 2449.182302 2390.588001 2334.520893 2364.905004 2412.689651 2348.458098 2350.467359 2424.636629 2231.904874 2361.779026 2308.556668 -9999.0
-9999.0 -9999.0 -9999.0 2425.747995 2689.145205 2342.383562 2385.148686 2360.365440 2302.847645 2221.727894 2257.982129 2385.318935 2414.207263 2349.359585 2298.699582 2312.745795 -9999.0
-9999.0 -9999.0 -9999.0 2387.558784 2387.261688 2318.364727 2484.865747 2289.868597 2387.301462 2360.489160 2302.635016 2218.392583 2083.830143 2297.153553 2063.848927 2291.917479 -9999.0
-9999.0 -9999.0 2417.127356 2335.190875 2336.371425 2462.331820 2329.185043 2282.706294 2233.031215 2180.137650 2184.804309 2344.541677 2137.204961 2220.360150 2659.539284 2442.897807 -9999.0
-9999.0 2552.197969 2501.427911 2427.435225 2486.288935 2475.144794 2260.253589 2211.009617 2191.637623 2390.819095 2370.130216 2283.165799 2612.194404 2374.506438 2475.650346 -9999.0 -9999.0
-9999.0 2453.053498 2427.257080 2346.997472 2307.826188 2320.881857 2295.592049 2267.657265 2131.282460 2318.821206 2489.924961 2516.886260 2554.320472 2537.635063 2055.158353 2065.887879 -9999.0
-9999.0 2335.794643 2458.116872 2329.623596 2251.343776 2191.919279 2203.158446 2284.282564 2171.847691 2408.919015 2378.808038 2506.707436 2500.079106 2557.415480 2467.886196 -9999.0 -9999.0
-9999.0 2338.395511 2239.441743 2212.631044 2222.956936 2174.100563 2124.276357 2170.334968 2205.456924 2309.632790 2450.265245 2255.091456 2423.559177 2406.633591 -9999.0 -9999.0 -9999.0
-9999.0 -9999.0 2244.612253 2197.655490 2129.578317 2201.226707 2262.196817 2271.641115 2201.206109 2364.505102 2310.869569 2490.486390 2328.075406 2445.869893 -9999.0 -9999.0 -9999.0
-9999.0 -9999.0 2218.698928 2277.352623 2271.221205 2303.227283 2461.878472 2428.839688 2384.271941 2291.488180 2407.618512 2293.835490 2457.138640 -9999.0 -9999.0 -9999.0 -9999.0
-9999.0 -9999.0 -9999.0 -9999.0 2319.448907 2417.622255 2403.516858 2431.777274 2371.954115 2285.703346 2374.036582 2325.743072 2449.446473 -9999.0 -9999.0 -9999.0 -9999.0
-9999.0 -9999.0 -9999.0 -9999.0 -9999.0 2542.246483 2558.093525 2587.013508 2396.271998 2479.393008 2351.532898 2295.914684 2282.651482 2360.115120 -9999.0 -9999.0 -9999.0
-9999.0 -9999.0 -9999.0 -9999.0 -9999.0 -9999.0 2610.969863 2588.733524 2437.622225 2460.945021 2410.336024 2429.258999 2377.570844 2438.134682 2509.124762 -9999.0 -9999.0
-9999.0 -9999.0 -9999.0 -9999.0 -9999.0 -9999.0 -9999.0 2664.677458 2473.067757 2440.354183 2473.602088 2415.825878 2460.040009 2429.160595 -9999.0 -9999.0 -9999.0
-9999.0 -9999.0 -9999.0 -9999.0 -9999.0 -9999.0 -9999.0 -9999.0 2593.637428 2516.728437 2519.706318 2490.867716 2512.332982 2480.181169 2634.863554 -9999.0 -9999.0
-9999.0 -9999.0 -9999.0 -9999.0 -9999.0 -9999.0 -9999.0 -9999.0 -9999.0 -9999.0 -9999.0 -9999.0 -9999.0 -9999.0 -9999.0 -9999.0 -9999.0