tests/3D/WG1_2.0_001/output-maps-SE27XX/watertableN0002.asc
ncols         17
nrows         27
xllcorner     624603.750000
yllcorner     5171346.250000
cellsize      500.000000
NODATA_value  -9999.0
-9999.0 -9999.0 -9999.0 -9999.0 -9999.0 -9999.0 -9999.0 -9999.0 -9999.0 -9999.0 -9999.0 -9999.0 -9999.0 -9999.0 -9999.0 -9999.0 -9999.0
-9999.0 -9999.0 -9999.0 -9999.0 -9999.0 -9999.0 -9999.0 -9999.0 -9999.0 -9999.0 -9999.0 1999.984099 2000.027088 2000.075111 -9999.0 -9999.0 -9999.0
-9999.0 -9999.0 -9999.0 -9999.0 -9999.0 -9999.0 -9999.0 -9999.0 -9999.0 2000.029571 2000.025206 1999.991384 2000.023004 2000.031917 2000.072263 -9999.0 -9999.0
-9999.0 -9999.0 -9999.0 -9999.0 -9999.0 -9999.0 -9999.0 -9999.0 2000.056280 2000.011427 1999.985939 1999.954032 1999.975679 2000.048008 2000.057680 -9999.0 -9999.0
-9999.0 -9999.0 -9999.0 -9999.0 -9999.0 -9999.0 -9999.0 -9999.0 2000.024511 1999.993294 1999.950808 1999.948746 1999.978450 2000.021033 2000.026061 -9999.0 -9999.0
-9999.0 -9999.0 -9999.0 -9999.0 -9999.0 -9999.0 -9999.0 2000.046620 1999.967556 1999.945524 1999.934658 1999.966269 2000.002609 2000.030299 2000.020447 -9999.0 -9999.0
-9999.0 -9999.0 -9999.0 -9999.0 -9999.0 -9999.0 2000.050377 2000.020719 1999.990172 1999.925467 1999.948463 1999.996544 2000.036143 2000.043845 2000.026634 -9999.0 -9999.0
-9999.0 -9999.0 -9999.0 -9999.0 -9999.0 -9999.0 2000.048609 2000.047038 1999.966640 1999.932593 1999.931481 1999.978187 2000.013761 2000.040899 2000.031284 -9999.0 -9999.0
-9999.0 -9999.0 -9999.0 -9999.0 -9999.0 -9999.0 2000.042409 2000.045629 2000.010560 1999.957194 1999.925988 1999.950408 1999.989481 2000.036456 2000.036312 -9999.0 -9999.0
-9999.0 -9999.0 -9999.0 -9999.0 -9999.0 -9999.0 -9999.0 2000.088657 2000.022298 1999.972330 1999.918858 1999.926733 1999.971277 2000.028714 2000.042990 -9999.0 -9999.0
-9999.0 -9999.0 -9999.0 -9999.0 -9999.0 -9999.0 2000.073156 2000.040376 2000.053075 1999.994267 1999.942210 1999.943017 1999.990877 2000.034410 2000.029806 2000.028535 -9999.0
-9999.0 -9999.0 -9999.0 -9999.0 -9999.0 2000.068544 2000.027633 2000.054162 2000.021900 1999.988028 1999.946668 1999.947868 1999.993511 2000.024550 2000.038803 2000.015079 -9999.0
-9999.0 -9999.0 -9999.0 2000.051921 2000.063082 2000.024428 2000.040313 2000.016093 2000.000973 1999.966714 1999.935229 1999.936288 1999.975023 2000.013285 2000.038741 2000.028090 -9999.0
-9999.0 -9999.0 -9999.0 2000.046106 2000.062652 2000.041079 2000.015284 1999.995709 1999.968512 1999.933782 1999.906564 1999.908128 1999.944481 1999.988586 2000.053604 2000.050195 -9999.0
-9999.0 -9999.0 2000.079010 2000.024656 2000.041676 2000.025260 2000.012615 1999.982841 1999.944156 1999.915768 1999.912794 1999.922649 1999.949369 1999.999118 2000.013016 2000.067501 -9999.0
-9999.0 2000.090006 2000.030620 2000.042372 2000.013721 2000.018817 2000.004548 1999.969623 1999.934935 1999.938877 1999.965868 1999.985962 1999.999468 2000.017710 2000.093868 -9999.0 -9999.0
-9999.0 2000.059075 2000.049292 2000.006927 1999.986565 1999.985603 1999.964473 1999.936073 1999.917844 1999.952570 2000.000954 2000.033292 2000.038104 2000.066999 2000.030785 2000.042538 -9999.0
-9999.0 2000.030895 2000.020003 1999.977390 1999.945494 1999.943866 1999.923563 1999.911327 1999.919066 1999.977480 2000.027582 2000.054419 2000.059947 2000.050975 2000.067592 -9999.0 -9999.0
-9999.0 1999.954994 2000.006644 1999.938168 1999.904970 1999.908809 1999.905120 1999.915955 1999.926176 1999.968928 2000.000562 2000.017318 2000.031905 2000.072899 -9999.0 -9999.0 -9999.0
-9999.0 -9999.0 1999.996082 1999.900505 1999.903196 1999.938393 1999.950841 1999.967368 1999.957850 1999.983772 2000.009532 2000.034313 2000.038780 2000.002753 -9999.0 -9999.0 -9999.0
-9999.0 -9999.0 1999.891589 2000.000639 1999.961346 2000.008536 2000.007281 2000.012826 1999.966795 1999.958627 1999.980448 2000.031509 2000.048269 -9999.0 -9999.0 -9999.0 -9999.0
-9999.0 -9999.0 -9999.0 -9999.0 2000.011493 2000.040920 2000.052920 2000.035067 1999.973146 1999.946972 1999.962278 2000.021780 2000.066944 -9999.0 -9999.0 -9999.0 -9999.0
-9999.0 -9999.0 -9999.0 -9999.0 -9999.0 2000.059874 2000.051323 2000.064589 1999.986084 1999.944258 1999.933028 1999.974607 1999.999962 2000.048443 -9999.0 -9999.0 -9999.0
-9999.0 -9999.0 -9999.0 -9999.0 -9999.0 -9999.0 2000.066897 2000.052077 2000.039850 1999.975179 1999.947282 1999.954844 2000.012020 1999.999634 2000.034927 -9999.0 -9999.0
-9999.0 -9999.0 -9999.0 -9999.0 -9999.0 -9999.0 -9999.0 2000.084053 2000.043230 2000.028400 1999.975426 1999.969818 1999.997661 2000.057992 -9999.0 -9999.0 -9999.0
-9999.0 -9999.0 -9999.0 -9999.0 -9999.0 -9999.0 -9999.0 -9999.0 2000.077244 2000.033367 1999.986478 1999.976024 2000.011041 2000.015243 2000.031350 -9999.0 -9999.0
-9999.0 -9999.0 -9999.0 -9999.0 -9999.0 -9999.0 -9999.0 -9999.0 -9999.0 -9999.0 -9999.0 -9999.0 -9999.0 -9999.0 -9999.0 -9999.0 -9999.0