tests/3D/WG1_2.0_001/output-maps-SE27XX/watertableN0021.asc
ncols         17
nrows         27
xllcorner     624603.750000
yllcorner     5171346.250000
cellsize      500.000000
NODATA_value  -9999.0
-9999.0 -9999.0 -9999.0 -9999.0 -9999.0 -9999.0 -9999.0 -9999.0 -9999.0 -9999.0 -9999.0 -9999.0 -9999.0 -9999.0 -9999.0 -9999.0 -9999.0
-9999.0 -9999.0 -9999.0 -9999.0 -9999.0 -9999.0 -9999.0 -9999.0 -9999.0 -9999.0 -9999.0 2009.774970 2006.663171 2015.115399 -9999.0 -9999.0 -9999.0
-9999.0 -9999.0 -9999.0 -9999.0 -9999.0 -9999.0 -9999.0 -9999.0 -9999.0 2116.393662 2039.396442 2016.545406 2005.944111 2007.171640 2014.495996 -9999.0 -9999.0
-9999.0 -9999.0 -9999.0 -9999.0 -9999.0 -9999.0 -9999.0 -9999.0 2045.418944 2023.889104 2025.202623 2001.574614 2025.579431 1996.510592 2011.787516 -9999.0 -9999.0
-9999.0 -9999.0 -9999.0 -9999.0 -9999.0 -9999.0 -9999.0 -9999.0 2030.787507 2013.204154 2035.722191 1999.816001 1997.908098 2005.509955 2006.291917 -9999.0 -9999.0
-9999.0 -9999.0 -9999.0 -9999.0 -9999.0 -9999.0 -9999.0 2031.339297 2013.948886 2017.562598 1996.167243 2003.437980 2011.626318 2007.030125 2005.443112 -9999.0 -9999.0
-9999.0 -9999.0 -9999.0 -9999.0 -9999.0 -9999.0 2062.625054 2023.702057 2026.449562 2029.213808 2075.791314 2024.999070 2017.512563 2020.108110 2018.040773 -9999.0 -9999.0
-9999.0 -9999.0 -9999.0 -9999.0 -9999.0 -9999.0 2037.047007 2037.468424 2018.204071 2025.359984 2037.375699 2071.443665 2031.447660 2020.372171 2056.145381 -9999.0 -9999.0
-9999.0 -9999.0 -9999.0 -9999.0 -9999.0 -9999.0 2049.978310 2048.412802 2022.175786 2030.388546 2012.419002 2024.410755 2009.018680 2019.099637 2045.395495 -9999.0 -9999.0
-9999.0 -9999.0 -9999.0 -9999.0 -9999.0 -9999.0 -9999.0 2037.102629 2030.856213 2017.520588 2034.027378 2023.497386 2007.899909 2071.673961 2028.235588 -9999.0 -9999.0
-9999.0 -9999.0 -9999.0 -9999.0 -9999.0 -9999.0 2037.433861 2039.014867 2027.124373 2030.549910 2026.290005 2024.057280 2024.769828 2023.275489 2014.738472 2018.868655 -9999.0
-9999.0 -9999.0 -9999.0 -9999.0 -9999.0 2046.087006 2031.106623 2033.243187 2033.252246 2033.331985 2019.159352 2020.900351 2036.351689 2019.086707 2029.591729 2011.609986 -9999.0
-9999.0 -9999.0 -9999.0 2052.167212 2093.870739 2041.827960 2035.135855 2030.000063 2026.010989 2014.963131 2006.803849 2022.194664 2029.187853 2028.839172 2019.934057 2026.686261 -9999.0
-9999.0 -9999.0 -9999.0 2037.489411 2050.840762 2024.520130 2040.442064 2024.341995 2022.009071 2021.004319 2014.554209 2011.604820 2016.741792 2020.461628 2011.096548 2022.456367 -9999.0
-9999.0 -9999.0 2044.006457 2029.710416 2026.627436 2043.488672 2025.971354 2019.115381 2015.376706 1999.136595 2006.939693 2021.860579 2005.786588 2019.908695 2096.674461 2036.408167 -9999.0
-9999.0 2057.232073 2044.961141 2038.263107 2043.685591 2038.599680 2020.204041 2015.434852 2009.343401 2037.794115 2031.875280 2016.126182 2077.293906 2021.826950 2038.031121 -9999.0 -9999.0
-9999.0 2043.628723 2036.924159 2028.784270 2023.484783 2018.387513 2025.265549 2019.255802 1998.898180 2024.699131 2045.822358 2039.818973 2047.415607 2054.617443 2007.172444 2009.299657 -9999.0
-9999.0 2029.411207 2037.700543 2029.587684 2017.289662 2011.779790 2014.396796 2001.941457 2005.944291 2040.359590 2033.882834 2047.612711 2037.246607 2041.498053 2036.174181 -9999.0 -9999.0
-9999.0 2018.445197 2022.765191 2010.166983 1992.785408 2002.945163 1995.222711 2001.902417 2010.830880 2022.108131 2030.422808 2019.320277 2037.782093 2039.887457 -9999.0 -9999.0 -9999.0
-9999.0 -9999.0 2022.655947 1991.855525 1995.541568 2007.328395 2018.859653 2024.196068 2009.400553 2022.537758 2024.976373 2034.015105 2025.296202 2030.961180 -9999.0 -9999.0 -9999.0
-9999.0 -9999.0 1993.419208 2019.917670 2022.438858 2027.043618 2053.572571 2034.518207 2025.369153 2014.796502 2027.725531 2031.150367 2029.468136 -9999.0 -9999.0 -9999.0 -9999.0
-9999.0 -9999.0 -9999.0 -9999.0 2028.657742 2032.757468 2031.036963 2033.506764 2024.362639 2009.223205 2018.450899 2026.676234 2039.416969 -9999.0 -9999.0 -9999.0 -9999.0
-9999.0 -9999.0 -9999.0 -9999.0 -9999.0 2045.264089 2038.424941 2048.155559 2032.268850 2033.479343 2018.898322 2034.656552 2024.921651 2033.981475 -9999.0 -9999.0 -9999.0
-9999.0 -9999.0 -9999.0 -9999.0 -9999.0 -9999.0 2046.094465 2042.032713 2029.927657 2029.794271 2020.914550 2025.699576 2023.934766 2032.694878 2040.876418 -9999.0 -9999.0
-9999.0 -9999.0 -9999.0 -9999.0 -9999.0 -9999.0 -9999.0 2072.634049 2037.683084 2038.158407 2021.914966 2025.944895 2035.430952 2040.061021 -9999.0 -9999.0 -9999.0
-9999.0 -9999.0 -9999.0 -9999.0 -9999.0 -9999.0 -9999.0 -9999.0 2074.383217 2044.397407 2033.395363 2029.298074 2031.317863 2030.763800 2083.084020 -9999.0 -9999.0
-9999.0 -9999.0 -9999.0 -9999.0 -9999.0 -9999.0 -9999.0 -9999.0 -9999.0 -9999.0 -9999.0 -9999.0 -9999.0 -9999.0 -9999.0 -9999.0 -9999.0