tests/3D/WG1_2.0_001/output-maps-SE27XX/watertableN0005.asc
ncols         17
nrows         27
xllcorner     624603.750000
yllcorner     5171346.250000
cellsize      500.000000
NODATA_value  -9999.0
-9999.0 -9999.0 -9999.0 -9999.0 -9999.0 -9999.0 -9999.0 -9999.0 -9999.0 -9999.0 -9999.0 -9999.0 -9999.0 -9999.0 -9999.0 -9999.0 -9999.0
-9999.0 -9999.0 -9999.0 -9999.0 -9999.0 -9999.0 -9999.0 -9999.0 -9999.0 -9999.0 -9999.0 1999.540278 2001.344516 2003.734658 -9999.0 -9999.0 -9999.0
-9999.0 -9999.0 -9999.0 -9999.0 -9999.0 -9999.0 -9999.0 -9999.0 -9999.0 2001.638989 2001.430172 1999.857956 2001.144746 2001.581052 2003.593372 -9999.0 -9999.0
-9999.0 -9999.0 -9999.0 -9999.0 -9999.0 -9999.0 -9999.0 -9999.0 2002.942728 2000.736945 1999.591767 1998.179072 1999.180848 2002.369079 2002.844745 -9999.0 -9999.0
-9999.0 -9999.0 -9999.0 -9999.0 -9999.0 -9999.0 -9999.0 -9999.0 2001.384511 1999.893048 1998.015219 1997.920063 1999.076872 2001.057386 2001.294209 -9999.0 -9999.0
-9999.0 -9999.0 -9999.0 -9999.0 -9999.0 -9999.0 -9999.0 2002.453938 1998.728301 1997.764052 1997.310085 1998.720897 2000.335589 2001.514246 2001.019682 -9999.0 -9999.0
-9999.0 -9999.0 -9999.0 -9999.0 -9999.0 -9999.0 2002.628664 2001.174117 1999.752616 1996.886461 1997.845709 2000.021122 2001.955920 2002.367865 2001.526353 -9999.0 -9999.0
-9999.0 -9999.0 -9999.0 -9999.0 -9999.0 -9999.0 2002.543276 2002.459229 1998.678963 1997.127503 1997.125660 1999.205325 2000.901737 2002.238537 2001.746762 -9999.0 -9999.0
-9999.0 -9999.0 -9999.0 -9999.0 -9999.0 -9999.0 2002.221352 2002.375451 2000.660261 1998.241474 1996.875323 1997.993344 1999.768383 2001.972218 2001.975050 -9999.0 -9999.0
-9999.0 -9999.0 -9999.0 -9999.0 -9999.0 -9999.0 -9999.0 2004.510294 2001.227396 1998.934400 1996.569352 1996.927268 1998.917160 2001.610888 2002.330856 -9999.0 -9999.0
-9999.0 -9999.0 -9999.0 -9999.0 -9999.0 -9999.0 2003.726147 2002.122299 2002.737257 1999.892009 1997.590795 1997.608685 1999.750949 2001.867778 2001.649535 2001.586199 -9999.0
-9999.0 -9999.0 -9999.0 -9999.0 -9999.0 2003.481074 2001.481842 2002.795015 2001.216311 1999.612830 1997.788444 1997.840443 1999.873575 2001.403112 2002.072575 2000.923923 -9999.0
-9999.0 -9999.0 -9999.0 2002.657722 2003.195542 2001.326985 2002.094356 2000.924371 2000.200853 1998.683374 1997.242815 1997.340291 1999.049171 2000.804577 2002.087496 2001.562130 -9999.0
-9999.0 -9999.0 -9999.0 2002.364414 2003.182914 2002.132292 2000.863482 1999.958304 1998.771039 1997.181480 1996.009971 1996.114135 1997.800275 1999.692360 2002.643570 2002.650997 -9999.0
-9999.0 -9999.0 2003.972868 2001.302090 2002.172302 2001.317553 2000.716428 1999.388044 1997.652228 1996.371027 1996.250400 1996.735658 1998.013821 2000.168351 2000.814089 2003.491723 -9999.0
-9999.0 2004.555317 2001.610698 2002.160455 2000.751691 2001.040976 2000.347691 1998.777271 1997.216629 1997.390748 1998.613062 1999.493243 2000.121379 2001.013007 2004.781971 -9999.0 -9999.0
-9999.0 2003.016035 2002.502182 2000.456106 1999.553075 1999.498637 1998.569318 1997.285880 1996.434701 1998.044461 2000.176891 2001.720087 2001.987537 2003.440392 2001.538675 2002.101486 -9999.0
-9999.0 2001.624081 2001.091438 1999.150228 1997.749441 1997.638423 1996.682578 1996.167481 1996.529746 1999.123669 2001.478687 2002.796344 2003.061809 2002.641481 2003.480050 -9999.0 -9999.0
-9999.0 1998.155456 2000.389420 1997.394254 1995.874497 1996.046832 1995.882159 1996.325248 1996.845885 1998.720971 2000.110167 2000.965934 2001.684929 2003.719753 -9999.0 -9999.0 -9999.0
-9999.0 -9999.0 1999.908843 1995.696749 1995.803990 1997.355749 1997.920403 1998.651394 1998.226998 1999.390178 2000.580660 2001.767777 2002.013794 2000.252244 -9999.0 -9999.0 -9999.0
-9999.0 -9999.0 1995.339498 2000.106059 1998.391963 2000.476042 2000.439299 2000.696231 1998.615348 1998.269748 1999.242505 2001.657781 2002.461454 -9999.0 -9999.0 -9999.0 -9999.0
-9999.0 -9999.0 -9999.0 -9999.0 2000.620555 2002.064417 2002.649622 2001.814961 1998.905836 1997.730285 1998.432928 2001.166125 2003.388314 -9999.0 -9999.0 -9999.0 -9999.0
-9999.0 -9999.0 -9999.0 -9999.0 -9999.0 2003.001810 2002.605314 2003.263675 1999.496036 1997.619993 1997.114879 1998.982306 2000.119627 2002.490109 -9999.0 -9999.0 -9999.0
-9999.0 -9999.0 -9999.0 -9999.0 -9999.0 -9999.0 2003.361563 2002.636834 2002.033151 1998.990973 1997.747787 1998.090462 2000.688730 2000.100868 2001.826367 -9999.0 -9999.0
-9999.0 -9999.0 -9999.0 -9999.0 -9999.0 -9999.0 -9999.0 2004.262059 2002.214883 2001.480510 1998.998282 1998.752762 2000.003077 2002.958839 -9999.0 -9999.0 -9999.0
-9999.0 -9999.0 -9999.0 -9999.0 -9999.0 -9999.0 -9999.0 -9999.0 2003.896642 2001.726808 1999.488354 1999.026250 2000.636289 2000.857814 2001.652053 -9999.0 -9999.0
-9999.0 -9999.0 -9999.0 -9999.0 -9999.0 -9999.0 -9999.0 -9999.0 -9999.0 -9999.0 -9999.0 -9999.0 -9999.0 -9999.0 -9999.0 -9999.0 -9999.0