tests/3D/WG1_2.0_001/output-maps-SE27XX/watertableN0011.asc
ncols         17
nrows         27
xllcorner     624603.750000
yllcorner     5171346.250000
cellsize      500.000000
NODATA_value  -9999.0
-9999.0 -9999.0 -9999.0 -9999.0 -9999.0 -9999.0 -9999.0 -9999.0 -9999.0 -9999.0 -9999.0 -9999.0 -9999.0 -9999.0 -9999.0 -9999.0 -9999.0
-9999.0 -9999.0 -9999.0 -9999.0 -9999.0 -9999.0 -9999.0 -9999.0 -9999.0 -9999.0 -9999.0 1999.921547 2000.145454 2000.406260 -9999.0 -9999.0 -9999.0
-9999.0 -9999.0 -9999.0 -9999.0 -9999.0 -9999.0 -9999.0 -9999.0 -9999.0 2000.159719 2000.136325 1999.957978 2000.123528 2000.171375 2000.390846 -9999.0 -9999.0
-9999.0 -9999.0 -9999.0 -9999.0 -9999.0 -9999.0 -9999.0 -9999.0 2000.303072 2000.062270 1999.930507 1999.770828 1999.879655 2000.257750 2000.309695 -9999.0 -9999.0
-9999.0 -9999.0 -9999.0 -9999.0 -9999.0 -9999.0 -9999.0 -9999.0 2000.133373 1999.967266 1999.754471 1999.742248 1999.892244 2000.113781 2000.139937 -9999.0 -9999.0
-9999.0 -9999.0 -9999.0 -9999.0 -9999.0 -9999.0 -9999.0 2000.251092 1999.838170 1999.727704 1999.673510 1999.831954 2000.015071 2000.163873 2000.109810 -9999.0 -9999.0
-9999.0 -9999.0 -9999.0 -9999.0 -9999.0 -9999.0 2000.271316 2000.112050 1999.951562 1999.627506 1999.740339 1999.983570 2000.195032 2000.236411 2000.144077 -9999.0 -9999.0
-9999.0 -9999.0 -9999.0 -9999.0 -9999.0 -9999.0 2000.261803 2000.253334 1999.833864 1999.660076 1999.654850 1999.891636 2000.075359 2000.222169 2000.170231 -9999.0 -9999.0
-9999.0 -9999.0 -9999.0 -9999.0 -9999.0 -9999.0 2000.228523 2000.245768 2000.057406 1999.784459 1999.629467 1999.750533 1999.948330 2000.196700 2000.195976 -9999.0 -9999.0
-9999.0 -9999.0 -9999.0 -9999.0 -9999.0 -9999.0 -9999.0 2000.476794 2000.120365 1999.861966 1999.593891 1999.633547 1999.857249 2000.155039 2000.233426 -9999.0 -9999.0
-9999.0 -9999.0 -9999.0 -9999.0 -9999.0 -9999.0 2000.393456 2000.217404 2000.285511 1999.971578 1999.710864 1999.712814 1999.955144 2000.185552 2000.160917 2000.154148 -9999.0
-9999.0 -9999.0 -9999.0 -9999.0 -9999.0 2000.368621 2000.148937 2000.291325 2000.118056 1999.940493 1999.733126 1999.739309 1999.968274 2000.132600 2000.209229 2000.081906 -9999.0
-9999.0 -9999.0 -9999.0 2000.279371 2000.339292 2000.132628 2000.216896 2000.086844 2000.005639 1999.833729 1999.673297 1999.681445 1999.875905 2000.072161 2000.208867 2000.151758 -9999.0
-9999.0 -9999.0 -9999.0 2000.248104 2000.336902 2000.220986 2000.082455 1999.978930 1999.842886 1999.665939 1999.532104 1999.540859 1999.723671 1999.943974 2000.287794 2000.270451 -9999.0
-9999.0 -9999.0 2000.424752 2000.132869 2000.225857 2000.135961 2000.067968 1999.914466 1999.720485 1999.577644 1999.563365 1999.613899 1999.748230 1999.996491 2000.070837 2000.363416 -9999.0
-9999.0 2000.487340 2000.166032 2000.227838 2000.074553 2000.102025 2000.024598 1999.848114 1999.673875 1999.693619 1999.829566 1999.930403 1999.998088 2000.095962 2000.505034 -9999.0 -9999.0
-9999.0 2000.319901 2000.264921 2000.037494 1999.933294 1999.927758 1999.822501 1999.679835 1999.588072 1999.762923 2000.005424 2000.179145 2000.205245 2000.360547 2000.166501 2000.228397 -9999.0
-9999.0 2000.167355 2000.108399 1999.887478 1999.727932 1999.719115 1999.614035 1999.555535 1999.594900 1999.886849 2000.148313 2000.292591 2000.322510 2000.274489 2000.363839 -9999.0 -9999.0
-9999.0 1999.775508 2000.035704 1999.690909 1999.523625 1999.542929 1999.524736 1999.575719 1999.630835 1999.843827 2000.003336 2000.093437 2000.171884 2000.392112 -9999.0 -9999.0 -9999.0
-9999.0 -9999.0 1999.980377 1999.501639 1999.515357 1999.691598 1999.754250 1999.836934 1999.789263 1999.919078 2000.051486 2000.184637 2000.208726 2000.015462 -9999.0 -9999.0 -9999.0
-9999.0 -9999.0 1999.457744 2000.003428 1999.807015 2000.045874 2000.039552 2000.069004 1999.833957 1999.792999 1999.902536 2000.169568 2000.259661 -9999.0 -9999.0 -9999.0 -9999.0
-9999.0 -9999.0 -9999.0 -9999.0 2000.061826 2000.219858 2000.284346 2000.188539 1999.865903 1999.734430 1999.811383 2000.117344 2000.359927 -9999.0 -9999.0 -9999.0 -9999.0
-9999.0 -9999.0 -9999.0 -9999.0 -9999.0 2000.321838 2000.278066 2000.349836 1999.930866 1999.721169 1999.664533 1999.873226 2000.000373 2000.260645 -9999.0 -9999.0 -9999.0
-9999.0 -9999.0 -9999.0 -9999.0 -9999.0 -9999.0 2000.359791 2000.280209 2000.214494 1999.876261 1999.736177 1999.774081 2000.065074 1999.998812 2000.188141 -9999.0 -9999.0
-9999.0 -9999.0 -9999.0 -9999.0 -9999.0 -9999.0 -9999.0 2000.455389 2000.232734 2000.153033 1999.877334 1999.849076 1999.988869 2000.311957 -9999.0 -9999.0 -9999.0
-9999.0 -9999.0 -9999.0 -9999.0 -9999.0 -9999.0 -9999.0 -9999.0 2000.415470 2000.179764 1999.932720 1999.880319 2000.059863 2000.083073 2000.168965 -9999.0 -9999.0
-9999.0 -9999.0 -9999.0 -9999.0 -9999.0 -9999.0 -9999.0 -9999.0 -9999.0 -9999.0 -9999.0 -9999.0 -9999.0 -9999.0 -9999.0 -9999.0 -9999.0