tests/3D/WG1_2.0_001/output-maps-SE27XX/watertableN0041.asc
ncols         17
nrows         27
xllcorner     624603.750000
yllcorner     5171346.250000
cellsize      500.000000
NODATA_value  -9999.0
-9999.0 -9999.0 -9999.0 -9999.0 -9999.0 -9999.0 -9999.0 -9999.0 -9999.0 -9999.0 -9999.0 -9999.0 -9999.0 -9999.0 -9999.0 -9999.0 -9999.0
-9999.0 -9999.0 -9999.0 -9999.0 -9999.0 -9999.0 -9999.0 -9999.0 -9999.0 -9999.0 -9999.0 2147.385455 2020.975276 2035.441280 -9999.0 -9999.0 -9999.0
-9999.0 -9999.0 -9999.0 -9999.0 -9999.0 -9999.0 -9999.0 -9999.0 -9999.0 2268.152635 2144.986258 2106.312421 2019.718365 2020.932311 2036.719968 -9999.0 -9999.0
-9999.0 -9999.0 -9999.0 -9999.0 -9999.0 -9999.0 -9999.0 -9999.0 2093.596317 2158.204828 2021.307395 2115.911906 2158.900882 2006.498588 2029.634188 -9999.0 -9999.0
-9999.0 -9999.0 -9999.0 -9999.0 -9999.0 -9999.0 -9999.0 -9999.0 2104.097130 2097.747013 2123.259932 2068.814123 2003.708514 2019.070317 2019.463481 -9999.0 -9999.0
-9999.0 -9999.0 -9999.0 -9999.0 -9999.0 -9999.0 -9999.0 2085.517674 2115.092036 2025.529289 2012.102426 2073.643391 2134.781455 2020.651564 2018.345432 -9999.0 -9999.0
-9999.0 -9999.0 -9999.0 -9999.0 -9999.0 -9999.0 2196.718484 2134.096495 2033.911074 2148.460189 2242.788980 2165.602447 2148.197912 2117.401963 2124.529625 -9999.0 -9999.0
-9999.0 -9999.0 -9999.0 -9999.0 -9999.0 -9999.0 2085.607236 2166.415800 2154.159011 2146.438582 2165.081957 2239.244019 2046.868924 2079.380472 2211.451571 -9999.0 -9999.0
-9999.0 -9999.0 -9999.0 -9999.0 -9999.0 -9999.0 2223.047983 2218.970715 2136.143774 2086.301354 2103.684254 2100.036354 2064.573537 2158.970817 2196.591456 -9999.0 -9999.0
-9999.0 -9999.0 -9999.0 -9999.0 -9999.0 -9999.0 -9999.0 2131.616711 2164.872406 2029.650574 2167.116978 2137.658957 2127.668990 2081.550454 2089.081561 -9999.0 -9999.0
-9999.0 -9999.0 -9999.0 -9999.0 -9999.0 -9999.0 2123.918878 2081.707462 2103.639106 2131.303986 2141.725703 2144.499266 2168.857785 2095.477149 2104.784579 2159.654718 -9999.0
-9999.0 -9999.0 -9999.0 -9999.0 -9999.0 2156.392032 2084.407677 2076.590654 2115.346000 2139.534213 2113.667161 2132.337067 2178.113101 2050.239627 2173.371093 2137.899042 -9999.0
-9999.0 -9999.0 -9999.0 2121.273642 2294.001146 2085.750782 2094.420309 2110.644467 2083.578599 2050.809422 2080.663174 2145.665755 2169.606522 2156.295561 2104.908691 2122.432518 -9999.0
-9999.0 -9999.0 -9999.0 2113.415169 2110.120922 2091.931058 2149.423348 2081.355191 2107.734821 2102.384515 2083.435525 2073.186128 1996.972243 2109.544975 2026.183990 2101.321689 -9999.0
-9999.0 -9999.0 2130.500968 2102.755381 2070.079474 2187.752176 2104.641148 2077.249196 2065.764231 2037.550862 2054.551993 2143.217350 2001.858878 2032.194845 2271.107439 2194.917190 -9999.0
-9999.0 2169.785975 2148.521394 2159.720183 2187.992669 2148.864203 2072.970882 2053.449253 2055.442782 2141.050491 2146.369415 2104.084737 2241.009659 2161.895833 2199.182383 -9999.0 -9999.0
-9999.0 2128.567759 2145.916301 2080.016886 2061.681906 2067.490075 2075.742642 2057.397996 2021.346495 2087.702350 2172.327565 2203.300225 2217.866440 2208.935521 2020.762115 2026.489449 -9999.0
-9999.0 2081.930331 2141.696817 2095.061107 2059.757574 2044.390936 2048.082511 2065.444684 2034.952404 2142.683271 2108.610170 2165.111333 2206.279520 2215.162293 2188.730569 -9999.0 -9999.0
-9999.0 2076.239972 2063.065195 2040.324740 2012.463607 2023.809767 2008.917836 2028.330825 2060.650124 2110.240336 2181.898506 2062.062539 2149.728539 2103.123686 -9999.0 -9999.0 -9999.0
-9999.0 -9999.0 2057.717064 2005.644396 2002.191378 2043.776586 2087.209970 2093.038854 2050.882160 2113.846500 2087.229023 2194.106240 2099.569601 2183.195789 -9999.0 -9999.0 -9999.0
-9999.0 -9999.0 2004.986937 2062.565340 2076.692496 2107.415982 2192.236502 2172.614352 2156.904383 2084.024158 2149.299839 2056.936494 2186.779169 -9999.0 -9999.0 -9999.0 -9999.0
-9999.0 -9999.0 -9999.0 -9999.0 2107.760317 2159.669177 2147.956865 2123.154760 2145.165312 2086.948299 2113.355250 2090.416479 2156.780437 -9999.0 -9999.0 -9999.0 -9999.0
-9999.0 -9999.0 -9999.0 -9999.0 -9999.0 2205.851523 2209.023537 2226.607426 2126.865604 2205.286905 2129.967426 2059.704774 2048.135956 2097.727463 -9999.0 -9999.0 -9999.0
-9999.0 -9999.0 -9999.0 -9999.0 -9999.0 -9999.0 2248.191050 2227.961398 2161.033210 2168.329373 2151.410832 2154.533358 2126.271779 2162.280651 2186.034520 -9999.0 -9999.0
-9999.0 -9999.0 -9999.0 -9999.0 -9999.0 -9999.0 -9999.0 2316.136485 2174.745647 2169.478440 2177.629428 2146.930047 2166.486696 2104.213557 -9999.0 -9999.0 -9999.0
-9999.0 -9999.0 -9999.0 -9999.0 -9999.0 -9999.0 -9999.0 -9999.0 2231.784038 2193.591725 2205.372541 2191.714506 2200.030344 2196.085523 2291.085578 -9999.0 -9999.0
-9999.0 -9999.0 -9999.0 -9999.0 -9999.0 -9999.0 -9999.0 -9999.0 -9999.0 -9999.0 -9999.0 -9999.0 -9999.0 -9999.0 -9999.0 -9999.0 -9999.0