tests/3D/WG1_2.0_001/output-maps-SE27XX/watertableN0046.asc
ncols         17
nrows         27
xllcorner     624603.750000
yllcorner     5171346.250000
cellsize      500.000000
NODATA_value  -9999.0
-9999.0 -9999.0 -9999.0 -9999.0 -9999.0 -9999.0 -9999.0 -9999.0 -9999.0 -9999.0 -9999.0 -9999.0 -9999.0 -9999.0 -9999.0 -9999.0 -9999.0
-9999.0 -9999.0 -9999.0 -9999.0 -9999.0 -9999.0 -9999.0 -9999.0 -9999.0 -9999.0 -9999.0 2168.007219 2025.339553 2041.270537 -9999.0 -9999.0 -9999.0
-9999.0 -9999.0 -9999.0 -9999.0 -9999.0 -9999.0 -9999.0 -9999.0 -9999.0 2285.138451 2161.379206 2125.663952 2023.949498 2025.148588 2043.025814 -9999.0 -9999.0
-9999.0 -9999.0 -9999.0 -9999.0 -9999.0 -9999.0 -9999.0 -9999.0 2107.943844 2179.405344 2022.599525 2135.997019 2179.171399 2011.458243 2034.857689 -9999.0 -9999.0
-9999.0 -9999.0 -9999.0 -9999.0 -9999.0 -9999.0 -9999.0 -9999.0 2116.855621 2116.983595 2148.354154 2084.549456 2005.926721 2023.247562 2023.537546 -9999.0 -9999.0
-9999.0 -9999.0 -9999.0 -9999.0 -9999.0 -9999.0 -9999.0 2099.029135 2139.182298 2030.134271 2016.520452 2090.466825 2158.932267 2024.834759 2022.363145 -9999.0 -9999.0
-9999.0 -9999.0 -9999.0 -9999.0 -9999.0 -9999.0 2215.405208 2160.320233 2038.887969 2160.990143 2274.458205 2183.320527 2172.292892 2139.989576 2150.170402 -9999.0 -9999.0
-9999.0 -9999.0 -9999.0 -9999.0 -9999.0 -9999.0 2100.869686 2193.963312 2171.484117 2164.147156 2177.673332 2269.090435 2053.779519 2088.676776 2232.736669 -9999.0 -9999.0
-9999.0 -9999.0 -9999.0 -9999.0 -9999.0 -9999.0 2258.244833 2253.373855 2164.449458 2098.993450 2125.077029 2115.920746 2073.730495 2180.944363 2220.258393 -9999.0 -9999.0
-9999.0 -9999.0 -9999.0 -9999.0 -9999.0 -9999.0 -9999.0 2151.454515 2190.445998 2036.943395 2182.664878 2157.964853 2150.607567 2100.707821 2100.757338 -9999.0 -9999.0
-9999.0 -9999.0 -9999.0 -9999.0 -9999.0 -9999.0 2144.097750 2095.837145 2119.125223 2157.590042 2167.003727 2166.298601 2187.920237 2106.182021 2126.561553 2180.669972 -9999.0
-9999.0 -9999.0 -9999.0 -9999.0 -9999.0 2180.728327 2099.947216 2090.178095 2135.511171 2168.305395 2136.419976 2158.560884 2203.088564 2058.597025 2193.777194 2160.104363 -9999.0
-9999.0 -9999.0 -9999.0 2142.803638 2355.888320 2102.748588 2110.603546 2132.116146 2098.563114 2060.501545 2099.440379 2167.408633 2192.685791 2178.731601 2124.397888 2142.435915 -9999.0
-9999.0 -9999.0 -9999.0 2132.828374 2132.032389 2107.281764 2186.645046 2096.391961 2129.686369 2125.613042 2098.399916 2084.466906 2003.392305 2132.426213 2030.306035 2115.889319 -9999.0
-9999.0 -9999.0 2152.740747 2120.322703 2083.388790 2210.205990 2126.769704 2092.593445 2078.593608 2047.283473 2064.924748 2160.924550 2003.188664 2038.317934 2298.836263 2223.636331 -9999.0
-9999.0 2205.660430 2182.163204 2187.758614 2214.581686 2182.363609 2087.588361 2066.141792 2066.760917 2172.198276 2179.039767 2128.698842 2264.690565 2183.650976 2229.471873 -9999.0 -9999.0
-9999.0 2155.917451 2176.379718 2100.329750 2079.549002 2084.185117 2094.627393 2074.606776 2030.006661 2105.783687 2207.513632 2233.980322 2252.742535 2231.562261 2024.750210 2031.551533 -9999.0
-9999.0 2101.229196 2175.884705 2116.770230 2078.104204 2060.840208 2066.179985 2084.151819 2046.362680 2174.881432 2132.009417 2199.349426 2240.556379 2254.181326 2216.309893 -9999.0 -9999.0
-9999.0 2095.606142 2077.946787 2056.778874 2022.848164 2037.541281 2017.089604 2039.337541 2074.729629 2138.385009 2213.180503 2073.128091 2178.589395 2120.421057 -9999.0 -9999.0 -9999.0
-9999.0 -9999.0 2075.698090 2018.280624 2013.084186 2057.225527 2109.626170 2114.384641 2062.535162 2144.655176 2103.812116 2223.877413 2116.138479 2211.316174 -9999.0 -9999.0 -9999.0
-9999.0 -9999.0 2016.725257 2082.219726 2097.288979 2132.353536 2224.479297 2195.913432 2180.177023 2104.996392 2174.708338 2068.220914 2216.094083 -9999.0 -9999.0 -9999.0 -9999.0
-9999.0 -9999.0 -9999.0 -9999.0 2132.485793 2191.131952 2179.922024 2152.435152 2165.233637 2111.022378 2138.789392 2106.645260 2187.174189 -9999.0 -9999.0 -9999.0 -9999.0
-9999.0 -9999.0 -9999.0 -9999.0 -9999.0 2242.058066 2246.193621 2269.770520 2155.039479 2245.952114 2148.395437 2075.872344 2058.229856 2114.199486 -9999.0 -9999.0 -9999.0
-9999.0 -9999.0 -9999.0 -9999.0 -9999.0 -9999.0 2294.631593 2272.470394 2187.627321 2199.268364 2179.296609 2181.832709 2154.392424 2184.883450 2210.858990 -9999.0 -9999.0
-9999.0 -9999.0 -9999.0 -9999.0 -9999.0 -9999.0 -9999.0 2374.833272 2201.051212 2194.321203 2210.170779 2170.154113 2192.690734 2122.857552 -9999.0 -9999.0 -9999.0
-9999.0 -9999.0 -9999.0 -9999.0 -9999.0 -9999.0 -9999.0 -9999.0 2254.921562 2220.833825 2242.072388 2224.685487 2235.985924 2230.080917 2351.862335 -9999.0 -9999.0
-9999.0 -9999.0 -9999.0 -9999.0 -9999.0 -9999.0 -9999.0 -9999.0 -9999.0 -9999.0 -9999.0 -9999.0 -9999.0 -9999.0 -9999.0 -9999.0 -9999.0