tests/3D/WG1_2.0_001/output-maps-SE27XX/watertableN0037.asc
ncols         17
nrows         27
xllcorner     624603.750000
yllcorner     5171346.250000
cellsize      500.000000
NODATA_value  -9999.0
-9999.0 -9999.0 -9999.0 -9999.0 -9999.0 -9999.0 -9999.0 -9999.0 -9999.0 -9999.0 -9999.0 -9999.0 -9999.0 -9999.0 -9999.0 -9999.0 -9999.0
-9999.0 -9999.0 -9999.0 -9999.0 -9999.0 -9999.0 -9999.0 -9999.0 -9999.0 -9999.0 -9999.0 2123.280359 2017.640643 2030.943348 -9999.0 -9999.0 -9999.0
-9999.0 -9999.0 -9999.0 -9999.0 -9999.0 -9999.0 -9999.0 -9999.0 -9999.0 2255.195800 2132.870923 2090.795306 2016.489639 2017.726656 2031.807033 -9999.0 -9999.0
-9999.0 -9999.0 -9999.0 -9999.0 -9999.0 -9999.0 -9999.0 -9999.0 2087.310404 2133.764812 2024.007397 2091.991545 2140.167740 2003.019729 2025.618616 -9999.0 -9999.0
-9999.0 -9999.0 -9999.0 -9999.0 -9999.0 -9999.0 -9999.0 -9999.0 2094.701969 2082.767874 2107.340654 2056.093559 2002.092628 2015.882346 2016.370724 -9999.0 -9999.0
-9999.0 -9999.0 -9999.0 -9999.0 -9999.0 -9999.0 -9999.0 2077.676463 2096.058888 2028.082849 2010.803520 2060.196987 2108.334913 2017.473032 2015.294535 -9999.0 -9999.0
-9999.0 -9999.0 -9999.0 -9999.0 -9999.0 -9999.0 2178.597312 2113.436678 2035.241744 2133.538765 2221.800758 2144.542875 2121.118384 2099.071455 2102.266372 -9999.0 -9999.0
-9999.0 -9999.0 -9999.0 -9999.0 -9999.0 -9999.0 2076.561823 2143.973665 2134.698272 2130.405667 2149.287156 2219.092268 2047.149163 2072.210143 2193.455997 -9999.0 -9999.0
-9999.0 -9999.0 -9999.0 -9999.0 -9999.0 -9999.0 2193.456535 2190.265034 2112.971858 2078.170925 2085.469455 2089.072631 2057.284723 2133.251109 2176.325128 -9999.0 -9999.0
-9999.0 -9999.0 -9999.0 -9999.0 -9999.0 -9999.0 -9999.0 2118.069450 2137.915951 2030.077861 2146.696330 2114.721461 2101.187417 2073.484356 2081.237668 -9999.0 -9999.0
-9999.0 -9999.0 -9999.0 -9999.0 -9999.0 -9999.0 2110.934820 2074.048976 2093.173235 2111.456468 2118.953207 2119.600059 2144.675777 2087.108337 2087.151204 2135.717074 -9999.0
-9999.0 -9999.0 -9999.0 -9999.0 -9999.0 2139.609735 2074.404803 2069.372964 2101.714496 2118.006519 2096.464735 2108.227961 2148.529962 2046.870588 2151.858909 2112.264819 -9999.0
-9999.0 -9999.0 -9999.0 2109.107185 2254.198512 2077.212877 2083.908641 2096.114437 2072.651316 2043.880961 2065.748354 2119.502740 2140.513865 2131.439703 2089.976029 2107.637312 -9999.0
-9999.0 -9999.0 -9999.0 2100.980961 2097.993095 2082.097774 2122.022860 2070.534439 2092.449947 2086.645431 2072.302189 2064.762956 1999.370520 2093.185747 2023.077889 2090.395279 -9999.0
-9999.0 -9999.0 2116.389459 2091.869029 2062.213167 2161.277469 2089.394692 2067.015642 2056.762362 2030.669672 2047.344762 2126.715539 2004.847537 2032.544800 2253.796341 2169.596276 -9999.0
-9999.0 2145.472209 2126.071157 2132.788936 2164.654335 2124.797558 2063.330974 2044.754168 2046.852017 2120.165753 2119.947276 2084.325620 2222.659259 2139.535386 2172.092634 -9999.0 -9999.0
-9999.0 2109.684834 2123.780590 2066.137196 2049.455235 2055.873835 2061.761136 2045.571753 2016.076417 2074.494303 2141.861748 2178.220087 2189.484397 2183.840100 2017.721239 2022.582928 -9999.0
-9999.0 2069.036491 2118.068453 2079.040803 2046.329010 2034.099026 2037.279559 2052.182304 2026.914449 2121.598979 2093.086425 2140.025682 2176.870245 2183.096007 2165.271558 -9999.0 -9999.0
-9999.0 2062.280375 2052.736877 2029.649407 2005.272411 2015.802925 2003.410490 2021.736896 2051.747630 2089.770077 2154.840746 2054.834736 2128.322885 2091.928249 -9999.0 -9999.0 -9999.0
-9999.0 -9999.0 2045.358356 1998.431020 1995.907078 2035.053819 2073.093595 2078.795493 2043.244543 2091.037415 2076.116828 2168.684026 2089.016151 2159.186066 -9999.0 -9999.0 -9999.0
-9999.0 -9999.0 1998.148409 2049.294328 2062.455551 2090.449157 2161.381131 2145.000982 2135.984091 2069.720982 2119.995569 2052.744187 2160.706421 -9999.0 -9999.0 -9999.0 -9999.0
-9999.0 -9999.0 -9999.0 -9999.0 2091.119012 2127.471775 2119.702233 2103.336572 2123.695896 2068.596869 2093.002092 2080.769130 2133.992880 -9999.0 -9999.0 -9999.0 -9999.0
-9999.0 -9999.0 -9999.0 -9999.0 -9999.0 2177.472494 2179.464646 2190.884134 2107.650140 2168.333656 2108.230567 2051.169267 2044.004090 2086.865939 -9999.0 -9999.0 -9999.0
-9999.0 -9999.0 -9999.0 -9999.0 -9999.0 -9999.0 2207.518418 2190.899222 2132.610268 2143.072377 2128.396648 2132.503813 2105.712537 2136.586304 2164.660833 -9999.0 -9999.0
-9999.0 -9999.0 -9999.0 -9999.0 -9999.0 -9999.0 -9999.0 2264.489916 2146.334747 2142.721107 2149.973144 2125.501281 2143.436293 2092.506232 -9999.0 -9999.0 -9999.0
-9999.0 -9999.0 -9999.0 -9999.0 -9999.0 -9999.0 -9999.0 -9999.0 2214.313970 2171.602093 2173.929431 2163.523394 2168.959716 2166.380134 2241.258730 -9999.0 -9999.0
-9999.0 -9999.0 -9999.0 -9999.0 -9999.0 -9999.0 -9999.0 -9999.0 -9999.0 -9999.0 -9999.0 -9999.0 -9999.0 -9999.0 -9999.0 -9999.0 -9999.0