tests/3D/WG1_2.0_001/output-maps-SE27XX/watertableN0005.asc
ncols         17
nrows         27
xllcorner     624603.750000
yllcorner     5171346.250000
cellsize      500.000000
NODATA_value  -9999.0
-9999.0 -9999.0 -9999.0 -9999.0 -9999.0 -9999.0 -9999.0 -9999.0 -9999.0 -9999.0 -9999.0 -9999.0 -9999.0 -9999.0 -9999.0 -9999.0 -9999.0
-9999.0 -9999.0 -9999.0 -9999.0 -9999.0 -9999.0 -9999.0 -9999.0 -9999.0 -9999.0 -9999.0 1999.961763 2000.067162 2000.187234 -9999.0 -9999.0 -9999.0
-9999.0 -9999.0 -9999.0 -9999.0 -9999.0 -9999.0 -9999.0 -9999.0 -9999.0 2000.073372 2000.062552 1999.979311 2000.057035 2000.079133 2000.180131 -9999.0 -9999.0
-9999.0 -9999.0 -9999.0 -9999.0 -9999.0 -9999.0 -9999.0 -9999.0 2000.139592 2000.028383 1999.966180 1999.889338 1999.941523 2000.119027 2000.143010 -9999.0 -9999.0
-9999.0 -9999.0 -9999.0 -9999.0 -9999.0 -9999.0 -9999.0 -9999.0 2000.061141 1999.983894 1999.881552 1999.875900 1999.948114 2000.052431 2000.064614 -9999.0 -9999.0
-9999.0 -9999.0 -9999.0 -9999.0 -9999.0 -9999.0 -9999.0 2000.115632 1999.921871 1999.868788 1999.842652 1999.918804 2000.006527 2000.075524 2000.050697 -9999.0 -9999.0
-9999.0 -9999.0 -9999.0 -9999.0 -9999.0 -9999.0 2000.124947 2000.051413 1999.976374 1999.820530 1999.875159 1999.991726 2000.089662 2000.108762 2000.066097 -9999.0 -9999.0
-9999.0 -9999.0 -9999.0 -9999.0 -9999.0 -9999.0 2000.120564 2000.116665 1999.919719 1999.836698 1999.834064 1999.947519 2000.034360 2000.102005 2000.078033 -9999.0 -9999.0
-9999.0 -9999.0 -9999.0 -9999.0 -9999.0 -9999.0 2000.105192 2000.113172 2000.026221 1999.896331 1999.821687 1999.879935 1999.974735 2000.090440 2000.090088 -9999.0 -9999.0
-9999.0 -9999.0 -9999.0 -9999.0 -9999.0 -9999.0 -9999.0 2000.219865 2000.055319 1999.933382 1999.804541 1999.823538 1999.930913 2000.071238 2000.107208 -9999.0 -9999.0
-9999.0 -9999.0 -9999.0 -9999.0 -9999.0 -9999.0 2000.181420 2000.100138 2000.131619 1999.986143 1999.860799 1999.861979 1999.978084 2000.085359 2000.073951 2000.070801 -9999.0
-9999.0 -9999.0 -9999.0 -9999.0 -9999.0 2000.169982 2000.068541 2000.134312 2000.054322 1999.971193 1999.871532 1999.874444 1999.984424 2000.060910 2000.096255 2000.037440 -9999.0
-9999.0 -9999.0 -9999.0 2000.128764 2000.156435 2000.060916 2000.099969 2000.039921 2000.002437 1999.919863 1999.843103 1999.846582 1999.939942 2000.032981 2000.096101 2000.069699 -9999.0
-9999.0 -9999.0 -9999.0 2000.114341 2000.155364 2000.101867 2000.037911 1999.989697 1999.924228 1999.839596 1999.774921 1999.778840 1999.866507 1999.972602 2000.132902 2000.124506 -9999.0
-9999.0 -9999.0 2000.195927 2000.061153 2000.103918 2000.062640 2000.031284 1999.958717 1999.865503 1999.797000 1999.789943 1999.813877 1999.878291 1999.997933 2000.032324 2000.167417 -9999.0
-9999.0 2000.224404 2000.076349 2000.105065 2000.034224 2000.046921 2000.011285 1999.926864 1999.843221 1999.852710 1999.917849 1999.966262 1999.998764 2000.043954 2000.232797 -9999.0 -9999.0
-9999.0 2000.147290 2000.122217 2000.017188 1999.967714 1999.965176 1999.914492 1999.846012 1999.802018 1999.885823 2000.002381 2000.082553 2000.094501 2000.166159 2000.076734 2000.105468 -9999.0
-9999.0 2000.077030 2000.049877 1999.945645 1999.868866 1999.864828 1999.814809 1999.786340 1999.805091 1999.945515 2000.068389 2000.134936 2000.148660 2000.126428 2000.167639 -9999.0 -9999.0
-9999.0 1999.891729 2000.016470 1999.851164 1999.771014 1999.780276 1999.771442 1999.796394 1999.822274 1999.924822 2000.001410 2000.042959 2000.079132 2000.180784 -9999.0 -9999.0 -9999.0
-9999.0 -9999.0 1999.990562 1999.760328 1999.766855 1999.851629 1999.881667 1999.921457 1999.898527 1999.960947 2000.023646 2000.085089 2000.096174 2000.006864 -9999.0 -9999.0 -9999.0
-9999.0 -9999.0 1999.738991 2000.001582 1999.906995 2000.021160 2000.018160 2000.031804 1999.920041 1999.900349 1999.952941 2000.078139 2000.119701 -9999.0 -9999.0 -9999.0 -9999.0
-9999.0 -9999.0 -9999.0 -9999.0 2000.028496 2000.101448 2000.131207 2000.086948 1999.935349 1999.872234 1999.909148 2000.054016 2000.166004 -9999.0 -9999.0 -9999.0 -9999.0
-9999.0 -9999.0 -9999.0 -9999.0 -9999.0 2000.148457 2000.127968 2000.161042 1999.966525 1999.865746 1999.838625 1999.938848 1999.999940 2000.120135 -9999.0 -9999.0 -9999.0
-9999.0 -9999.0 -9999.0 -9999.0 -9999.0 -9999.0 2000.165892 2000.129147 2000.098825 1999.940251 1999.872995 1999.891212 2000.029828 1999.999155 2000.086628 -9999.0 -9999.0
-9999.0 -9999.0 -9999.0 -9999.0 -9999.0 -9999.0 -9999.0 2000.209569 2000.107213 2000.070439 1999.940813 1999.927277 1999.994394 2000.143815 -9999.0 -9999.0 -9999.0
-9999.0 -9999.0 -9999.0 -9999.0 -9999.0 -9999.0 -9999.0 -9999.0 2000.191560 2000.082759 1999.967436 1999.942247 2000.027403 2000.038025 2000.077759 -9999.0 -9999.0
-9999.0 -9999.0 -9999.0 -9999.0 -9999.0 -9999.0 -9999.0 -9999.0 -9999.0 -9999.0 -9999.0 -9999.0 -9999.0 -9999.0 -9999.0 -9999.0 -9999.0