tests/3D/WG1_2.0_001/output-maps-SE27XX/watertableN0086.asc
ncols         17
nrows         27
xllcorner     624603.750000
yllcorner     5171346.250000
cellsize      500.000000
NODATA_value  -9999.0
-9999.0 -9999.0 -9999.0 -9999.0 -9999.0 -9999.0 -9999.0 -9999.0 -9999.0 -9999.0 -9999.0 -9999.0 -9999.0 -9999.0 -9999.0 -9999.0 -9999.0
-9999.0 -9999.0 -9999.0 -9999.0 -9999.0 -9999.0 -9999.0 -9999.0 -9999.0 -9999.0 -9999.0 2362.290738 2060.377719 2091.183092 -9999.0 -9999.0 -9999.0
-9999.0 -9999.0 -9999.0 -9999.0 -9999.0 -9999.0 -9999.0 -9999.0 -9999.0 2616.336201 2420.815835 2312.270638 2057.642535 2061.510880 2089.753993 -9999.0 -9999.0
-9999.0 -9999.0 -9999.0 -9999.0 -9999.0 -9999.0 -9999.0 -9999.0 2502.683066 2407.397452 2350.694641 2283.434023 2427.187162 2042.009375 2078.992108 -9999.0 -9999.0
-9999.0 -9999.0 -9999.0 -9999.0 -9999.0 -9999.0 -9999.0 -9999.0 2414.181167 2319.051283 2445.222340 2207.676971 2024.808760 2055.977617 2058.285052 -9999.0 -9999.0
-9999.0 -9999.0 -9999.0 -9999.0 -9999.0 -9999.0 -9999.0 2451.486401 2341.163093 2297.863798 2177.158908 2235.839083 2321.334758 2060.997958 2055.430880 -9999.0 -9999.0
-9999.0 -9999.0 -9999.0 -9999.0 -9999.0 -9999.0 2580.844357 2414.267153 2336.980307 2447.212677 2607.327260 2370.618634 2334.424558 2340.401837 2344.508313 -9999.0 -9999.0
-9999.0 -9999.0 -9999.0 -9999.0 -9999.0 -9999.0 2498.378703 2513.793607 2395.228151 2393.884118 2461.505579 2616.657471 2415.189232 2313.171284 2532.930079 -9999.0 -9999.0
-9999.0 -9999.0 -9999.0 -9999.0 -9999.0 -9999.0 2579.053189 2582.404855 2408.870960 2455.200952 2336.590601 2381.777410 2243.030174 2365.123439 2484.912936 -9999.0 -9999.0
-9999.0 -9999.0 -9999.0 -9999.0 -9999.0 -9999.0 -9999.0 2486.394196 2474.543310 2289.524536 2459.665705 2434.965148 2329.232749 2590.679729 2348.953767 -9999.0 -9999.0
-9999.0 -9999.0 -9999.0 -9999.0 -9999.0 -9999.0 2501.096498 2514.624178 2401.213327 2446.821002 2484.852738 2444.928750 2407.164261 2305.828824 2310.897350 2389.634940 -9999.0
-9999.0 -9999.0 -9999.0 -9999.0 -9999.0 2548.599287 2511.368146 2451.577759 2445.477475 2495.392008 2459.785190 2407.067580 2499.284469 2297.316285 2407.579185 2347.728317 -9999.0
-9999.0 -9999.0 -9999.0 2550.397476 2687.049147 2507.300948 2498.495268 2438.266997 2410.396555 2273.963989 2306.386592 2472.837647 2485.324383 2392.651023 2352.321663 2367.476697 -9999.0
-9999.0 -9999.0 -9999.0 2480.871105 2566.617047 2387.100891 2574.232055 2381.586358 2511.962949 2497.954330 2422.525552 2268.995982 2191.496635 2353.143642 2069.551268 2343.113762 -9999.0
-9999.0 -9999.0 2519.822777 2419.923013 2441.531692 2546.158624 2393.927810 2379.030033 2300.749648 2239.013983 2220.787159 2400.989078 2195.739442 2320.876091 2675.335857 2495.720592 -9999.0
-9999.0 2684.377490 2598.572142 2502.727094 2554.275065 2590.803318 2315.361511 2273.718182 2249.544418 2531.833396 2441.396025 2330.658441 2634.268549 2424.241507 2531.424245 -9999.0 -9999.0
-9999.0 2624.673930 2539.649969 2494.685679 2452.347701 2457.126133 2419.305983 2383.987160 2172.151851 2449.553571 2561.038220 2575.410051 2591.265309 2613.444746 2059.874406 2070.181807 -9999.0
-9999.0 2469.420344 2620.786745 2466.638850 2370.587198 2300.877724 2310.631705 2404.256806 2227.616286 2544.184526 2520.939138 2599.444107 2564.466240 2593.994656 2526.999808 -9999.0 -9999.0
-9999.0 2488.012653 2303.453086 2328.874668 2339.162019 2276.262183 2169.410008 2220.393929 2252.899883 2370.280983 2505.950667 2315.325705 2509.831815 2525.893300 -9999.0 -9999.0 -9999.0
-9999.0 -9999.0 2364.893144 2313.970571 2194.903515 2265.986030 2338.382313 2341.376960 2239.676490 2462.488139 2383.788595 2557.175388 2397.273518 2507.073258 -9999.0 -9999.0 -9999.0
-9999.0 -9999.0 2343.614554 2410.035902 2355.938854 2371.427766 2567.879600 2508.148139 2452.177870 2385.672156 2490.910602 2447.424513 2519.640068 -9999.0 -9999.0 -9999.0 -9999.0
-9999.0 -9999.0 -9999.0 -9999.0 2387.459111 2493.647312 2468.608660 2571.492297 2436.762522 2342.926611 2461.029149 2411.886738 2530.245980 -9999.0 -9999.0 -9999.0 -9999.0
-9999.0 -9999.0 -9999.0 -9999.0 -9999.0 2591.044717 2595.216577 2612.341150 2508.619384 2486.649464 2414.657101 2432.294734 2419.308718 2448.678625 -9999.0 -9999.0 -9999.0
-9999.0 -9999.0 -9999.0 -9999.0 -9999.0 -9999.0 2625.105765 2604.243747 2505.335866 2502.962943 2457.027866 2476.308680 2441.652871 2510.455878 2569.319626 -9999.0 -9999.0
-9999.0 -9999.0 -9999.0 -9999.0 -9999.0 -9999.0 -9999.0 2664.415214 2549.896161 2515.444859 2509.538886 2478.627125 2521.903379 2547.358433 -9999.0 -9999.0 -9999.0
-9999.0 -9999.0 -9999.0 -9999.0 -9999.0 -9999.0 -9999.0 -9999.0 2632.283430 2574.328678 2537.900261 2517.971153 2547.327677 2533.439652 2629.000604 -9999.0 -9999.0
-9999.0 -9999.0 -9999.0 -9999.0 -9999.0 -9999.0 -9999.0 -9999.0 -9999.0 -9999.0 -9999.0 -9999.0 -9999.0 -9999.0 -9999.0 -9999.0 -9999.0