tests/3D/hillslope02_superslab/out/maps/hsupN0004.asc
ncols         104
nrows         10
xllcorner     -2.000000
yllcorner     0.000000
cellsize      1.000000
NODATA_value  -9999.0
[rows 0 to 9 of 10, columns 0 to 63 of 104]
-9999.0 -9999.0 -9999.0 -9999.0 -9999.0 -9999.0 -9999.0 -9999.0 -9999.0 -9999.0 -9999.0 -9999.0 -9999.0 -9999.0 -9999.0 -9999.0 -9999.0 -9999.0 -9999.0 -9999.0 -9999.0 -9999.0 -9999.0 -9999.0 -9999.0 -9999.0 -9999.0 -9999.0 -9999.0 -9999.0 -9999.0 -9999.0 -9999.0 -9999.0 -9999.0 -9999.0 -9999.0 -9999.0 -9999.0 -9999.0 -9999.0 -9999.0 -9999.0 -9999.0 -9999.0 -9999.0 -9999.0 -9999.0 -9999.0 -9999.0 -9999.0 -9999.0 -9999.0 -9999.0 -9999.0 -9999.0 -9999.0 -9999.0 -9999.0 -9999.0 -9999.0 -9999.0 -9999.0 -9999.0
-9999.0 -9999.0 -9999.0 -9999.0 -9999.0 -9999.0 -9999.0 -9999.0 -9999.0 -9999.0 -9999.0 -9999.0 -9999.0 -9999.0 -9999.0 -9999.0 -9999.0 -9999.0 -9999.0 -9999.0 -9999.0 -9999.0 -9999.0 -9999.0 -9999.0 -9999.0 -9999.0 -9999.0 -9999.0 -9999.0 -9999.0 -9999.0 -9999.0 -9999.0 -9999.0 -9999.0 -9999.0 -9999.0 -9999.0 -9999.0 -9999.0 -9999.0 -9999.0 -9999.0 -9999.0 -9999.0 -9999.0 -9999.0 -9999.0 -9999.0 -9999.0 -9999.0 -9999.0 -9999.0 -9999.0 -9999.0 -9999.0 -9999.0 -9999.0 -9999.0 -9999.0 -9999.0 -9999.0 -9999.0
-9999.0 -9999.0 1.101859 0.290137 0.282623 0.275172 0.267787 0.260467 0.253214 0.246028 0.238909 0.231859 0.224878 0.217966 0.211126 0.204356 0.197659 0.191035 0.184485 0.178010 0.171611 0.165288 0.159043 0.152877 0.146790 0.140785 0.134862 0.129022 0.123266 0.117596 0.112014 0.106520 0.101117 0.095805 0.090587 0.085464 0.080437 0.075510 0.070683 0.065960 0.061342 0.056832 0.052432 0.048146 0.043976 0.039926 0.035999 0.032200 0.028532 0.025000 0.021611 0.018369 0.015282 0.012357 0.009605 0.007033 0.004652 0.002458 0.000000 0.000000 0.000000 0.000000 0.000000 0.000000
-9999.0 -9999.0 1.872543 0.290137 0.282623 0.275172 0.267787 0.260467 0.253214 0.246028 0.238909 0.231859 0.224878 0.217966 0.211126 0.204356 0.197659 0.191035 0.184485 0.178010 0.171611 0.165288 0.159043 0.152877 0.146790 0.140785 0.134862 0.129022 0.123266 0.117596 0.112014 0.106520 0.101117 0.095805 0.090587 0.085464 0.080437 0.075510 0.070683 0.065960 0.061342 0.056832 0.052432 0.048146 0.043976 0.039926 0.035999 0.032200 0.028532 0.025000 0.021611 0.018369 0.015282 0.012357 0.009605 0.007033 0.004652 0.002458 0.000000 0.000000 0.000000 0.000000 0.000000 0.000000
-9999.0 -9999.0 1.872543 0.290137 0.282623 0.275172 0.267787 0.260467 0.253214 0.246028 0.238909 0.231859 0.224878 0.217966 0.211126 0.204356 0.197659 0.191035 0.184485 0.178010 0.171611 0.165288 0.159043 0.152877 0.146790 0.140785 0.134862 0.129022 0.123266 0.117596 0.112014 0.106520 0.101117 0.095805 0.090587 0.085464 0.080437 0.075510 0.070683 0.065960 0.061342 0.056832 0.052432 0.048146 0.043976 0.039926 0.035999 0.032200 0.028532 0.025000 0.021611 0.018369 0.015282 0.012357 0.009605 0.007033 0.004652 0.002458 0.000000 0.000000 0.000000 0.000000 0.000000 0.000000
-9999.0 -9999.0 1.872543 0.290137 0.282623 0.275172 0.267787 0.260467 0.253214 0.246028 0.238909 0.231859 0.224878 0.217966 0.211126 0.204356 0.197659 0.191035 0.184485 0.178010 0.171611 0.165288 0.159043 0.152877 0.146790 0.140785 0.134862 0.129022 0.123266 0.117596 0.112014 0.106520 0.101117 0.095805 0.090587 0.085464 0.080437 0.075510 0.070683 0.065960 0.061342 0.056832 0.052432 0.048146 0.043976 0.039926 0.035999 0.032200 0.028532 0.025000 0.021611 0.018369 0.015282 0.012357 0.009605 0.007033 0.004652 0.002458 0.000000 0.000000 0.000000 0.000000 0.000000 0.000000
-9999.0 -9999.0 1.872543 0.290137 0.282623 0.275172 0.267787 0.260467 0.253214 0.246028 0.238909 0.231859 0.224878 0.217966 0.211126 0.204356 0.197659 0.191035 0.184485 0.178010 0.171611 0.165288 0.159043 0.152877 0.146790 0.140785 0.134862 0.129022 0.123266 0.117596 0.112014 0.106520 0.101117 0.095805 0.090587 0.085464 0.080437 0.075510 0.070683 0.065960 0.061342 0.056832 0.052432 0.048146 0.043976 0.039926 0.035999 0.032200 0.028532 0.025000 0.021611 0.018369 0.015282 0.012357 0.009605 0.007033 0.004652 0.002458 0.000000 0.000000 0.000000 0.000000 0.000000 0.000000
-9999.0 -9999.0 1.101859 0.290137 0.282623 0.275172 0.267787 0.260467 0.253214 0.246028 0.238909 0.231859 0.224878 0.217966 0.211126 0.204356 0.197659 0.191035 0.184485 0.178010 0.171611 0.165288 0.159043 0.152877 0.146790 0.140785 0.134862 0.129022 0.123266 0.117596 0.112014 0.106520 0.101117 0.095805 0.090587 0.085464 0.080437 0.075510 0.070683 0.065960 0.061342 0.056832 0.052432 0.048146 0.043976 0.039926 0.035999 0.032200 0.028532 0.025000 0.021611 0.018369 0.015282 0.012357 0.009605 0.007033 0.004652 0.002458 0.000000 0.000000 0.000000 0.000000 0.000000 0.000000
-9999.0 -9999.0 -9999.0 -9999.0 -9999.0 -9999.0 -9999.0 -9999.0 -9999.0 -9999.0 -9999.0 -9999.0 -9999.0 -9999.0 -9999.0 -9999.0 -9999.0 -9999.0 -9999.0 -9999.0 -9999.0 -9999.0 -9999.0 -9999.0 -9999.0 -9999.0 -9999.0 -9999.0 -9999.0 -9999.0 -9999.0 -9999.0 -9999.0 -9999.0 -9999.0 -9999.0 -9999.0 -9999.0 -9999.0 -9999.0 -9999.0 -9999.0 -9999.0 -9999.0 -9999.0 -9999.0 -9999.0 -9999.0 -9999.0 -9999.0 -9999.0 -9999.0 -9999.0 -9999.0 -9999.0 -9999.0 -9999.0 -9999.0 -9999.0 -9999.0 -9999.0 -9999.0 -9999.0 -9999.0
-9999.0 -9999.0 -9999.0 -9999.0 -9999.0 -9999.0 -9999.0 -9999.0 -9999.0 -9999.0 -9999.0 -9999.0 -9999.0 -9999.0 -9999.0 -9999.0 -9999.0 -9999.0 -9999.0 -9999.0 -9999.0 -9999.0 -9999.0 -9999.0 -9999.0 -9999.0 -9999.0 -9999.0 -9999.0 -9999.0 -9999.0 -9999.0 -9999.0 -9999.0 -9999.0 -9999.0 -9999.0 -9999.0 -9999.0 -9999.0 -9999.0 -9999.0 -9999.0 -9999.0 -9999.0 -9999.0 -9999.0 -9999.0 -9999.0 -9999.0 -9999.0 -9999.0 -9999.0 -9999.0 -9999.0 -9999.0 -9999.0 -9999.0 -9999.0 -9999.0 -9999.0 -9999.0 -9999.0 -9999.0
