tests/3D/WG1_2.0_001/maps/PrecTOTALN0009.asc
ncols         17
nrows         27
xllcorner     624603.750000
yllcorner     5171346.250000
cellsize      500.000000
NODATA_value  -9999.0
-9999.000 -9999.000 -9999.000 -9999.000 -9999.000 -9999.000 -9999.000 -9999.000 -9999.000 -9999.000 -9999.000 -9999.000 -9999.000 -9999.000 -9999.000 -9999.000 -9999.000
-9999.000 -9999.000 -9999.000 -9999.000 -9999.000 -9999.000 -9999.000 -9999.000 -9999.000 -9999.000 -9999.000 13.200 10.975 13.694 -9999.000 -9999.000 -9999.000
-9999.000 -9999.000 -9999.000 -9999.000 -9999.000 -9999.000 -9999.000 -9999.000 -9999.000 7.206 9.722 12.484 10.670 12.673 10.006 -9999.000 -9999.000
-9999.000 -9999.000 -9999.000 -9999.000 -9999.000 -9999.000 -9999.000 -9999.000 9.652 10.856 9.567 11.947 10.482 7.429 12.537 -9999.000 -9999.000
-9999.000 -9999.000 -9999.000 -9999.000 -9999.000 -9999.000 -9999.000 -9999.000 10.242 11.394 6.986 11.830 10.888 10.264 11.949 -9999.000 -9999.000
-9999.000 -9999.000 -9999.000 -9999.000 -9999.000 -9999.000 -9999.000 10.802 10.503 8.864 10.988 11.590 11.349 11.754 10.959 -9999.000 -9999.000
-9999.000 -9999.000 -9999.000 -9999.000 -9999.000 -9999.000 8.847 11.624 9.263 8.924 5.284 9.015 11.446 12.171 12.428 -9999.000 -9999.000
-9999.000 -9999.000 -9999.000 -9999.000 -9999.000 -9999.000 10.588 10.190 9.497 9.042 7.953 5.475 9.079 11.267 7.242 -9999.000 -9999.000
-9999.000 -9999.000 -9999.000 -9999.000 -9999.000 -9999.000 10.013 9.079 10.151 7.270 10.270 9.555 11.056 10.805 8.188 -9999.000 -9999.000
-9999.000 -9999.000 -9999.000 -9999.000 -9999.000 -9999.000 -9999.000 11.446 9.216 8.685 7.636 8.412 10.029 6.009 10.495 -9999.000 -9999.000
-9999.000 -9999.000 -9999.000 -9999.000 -9999.000 -9999.000 11.035 9.570 10.378 9.397 8.411 8.499 8.198 10.190 11.978 10.991 -9999.000
-9999.000 -9999.000 -9999.000 -9999.000 -9999.000 10.101 10.126 10.016 10.190 8.340 8.771 8.648 7.068 10.731 10.330 12.377 -9999.000
-9999.000 -9999.000 -9999.000 9.647 6.169 9.091 9.544 10.257 9.471 9.443 9.404 7.777 7.060 11.472 11.965 10.619 -9999.000
-9999.000 -9999.000 -9999.000 10.421 8.624 10.977 8.129 9.476 8.300 7.094 7.891 9.295 7.841 9.347 11.273 12.058 -9999.000
-9999.000 -9999.000 9.805 9.911 10.299 7.331 9.454 8.980 8.149 9.004 8.841 7.977 9.765 9.987 6.171 11.088 -9999.000
-9999.000 8.454 8.402 9.326 7.521 7.650 9.392 8.755 8.136 5.993 7.139 10.272 5.494 11.295 12.147 -9999.000 -9999.000
-9999.000 8.339 8.725 8.067 7.651 7.814 6.929 6.666 8.748 7.290 6.194 7.639 8.153 8.764 11.379 9.934 -9999.000
-9999.000 8.390 6.632 7.137 7.039 7.776 7.008 7.068 7.632 6.403 8.271 8.856 10.293 10.192 12.938 -9999.000 -9999.000
-9999.000 7.296 8.444 7.271 7.729 7.527 7.756 7.154 7.267 7.844 8.520 10.409 9.248 10.745 -9999.000 -9999.000 -9999.000
-9999.000 -9999.000 6.737 7.446 7.242 6.791 6.329 6.854 9.048 7.674 10.248 9.014 11.237 10.230 -9999.000 -9999.000 -9999.000
-9999.000 -9999.000 7.194 7.283 6.264 7.285 5.945 7.075 7.815 9.015 8.355 9.542 11.011 -9999.000 -9999.000 -9999.000 -9999.000
-9999.000 -9999.000 -9999.000 -9999.000 7.874 8.315 9.981 8.613 8.739 10.243 9.683 9.880 9.811 -9999.000 -9999.000 -9999.000 -9999.000
-9999.000 -9999.000 -9999.000 -9999.000 -9999.000 8.333 9.112 9.620 9.540 8.209 9.429 7.801 10.364 10.890 -9999.000 -9999.000 -9999.000
-9999.000 -9999.000 -9999.000 -9999.000 -9999.000 -9999.000 9.677 10.002 10.835 10.222 10.146 9.872 11.113 10.182 10.352 -9999.000 -9999.000
-9999.000 -9999.000 -9999.000 -9999.000 -9999.000 -9999.000 -9999.000 8.679 10.215 9.760 10.007 10.649 11.182 10.689 -9999.000 -9999.000 -9999.000
-9999.000 -9999.000 -9999.000 -9999.000 -9999.000 -9999.000 -9999.000 -9999.000 8.643 9.575 9.509 9.694 10.645 11.807 7.725 -9999.000 -9999.000
-9999.000 -9999.000 -9999.000 -9999.000 -9999.000 -9999.000 -9999.000 -9999.000 -9999.000 -9999.000 -9999.000 -9999.000 -9999.000 -9999.000 -9999.000 -9999.000 -9999.000