tests/3D/WG1_2.0_001/maps/PrecTOTALN0006.asc
ncols         17
nrows         27
xllcorner     624603.750000
yllcorner     5171346.250000
cellsize      500.000000
NODATA_value  -9999.0
-9999.000 -9999.000 -9999.000 -9999.000 -9999.000 -9999.000 -9999.000 -9999.000 -9999.000 -9999.000 -9999.000 -9999.000 -9999.000 -9999.000 -9999.000 -9999.000 -9999.000
-9999.000 -9999.000 -9999.000 -9999.000 -9999.000 -9999.000 -9999.000 -9999.000 -9999.000 -9999.000 -9999.000 4.948 4.259 5.486 -9999.000 -9999.000 -9999.000
-9999.000 -9999.000 -9999.000 -9999.000 -9999.000 -9999.000 -9999.000 -9999.000 -9999.000 2.496 3.503 4.674 4.144 5.092 4.142 -9999.000 -9999.000
-9999.000 -9999.000 -9999.000 -9999.000 -9999.000 -9999.000 -9999.000 -9999.000 3.181 3.728 3.423 4.451 4.059 2.982 5.193 -9999.000 -9999.000
-9999.000 -9999.000 -9999.000 -9999.000 -9999.000 -9999.000 -9999.000 -9999.000 3.330 3.866 2.473 4.369 4.187 4.098 4.930 -9999.000 -9999.000
-9999.000 -9999.000 -9999.000 -9999.000 -9999.000 -9999.000 -9999.000 3.309 3.356 2.959 3.834 4.225 4.315 4.646 4.483 -9999.000 -9999.000
-9999.000 -9999.000 -9999.000 -9999.000 -9999.000 -9999.000 2.549 3.487 2.900 2.921 1.810 3.229 4.282 4.739 5.014 -9999.000 -9999.000
-9999.000 -9999.000 -9999.000 -9999.000 -9999.000 -9999.000 2.979 2.985 2.904 2.890 2.661 1.918 3.324 4.298 2.866 -9999.000 -9999.000
-9999.000 -9999.000 -9999.000 -9999.000 -9999.000 -9999.000 2.746 2.590 3.021 2.262 3.345 3.258 3.941 4.017 3.160 -9999.000 -9999.000
-9999.000 -9999.000 -9999.000 -9999.000 -9999.000 -9999.000 -9999.000 3.173 2.663 2.622 2.412 2.781 3.466 2.166 3.931 -9999.000 -9999.000
-9999.000 -9999.000 -9999.000 -9999.000 -9999.000 -9999.000 2.860 2.574 2.905 2.745 2.569 2.715 2.737 3.549 4.335 4.113 -9999.000
-9999.000 -9999.000 -9999.000 -9999.000 -9999.000 2.464 2.549 2.611 2.760 2.354 2.584 2.662 2.273 3.598 3.600 4.462 -9999.000
-9999.000 -9999.000 -9999.000 2.193 1.430 2.159 2.333 2.590 2.480 2.572 2.670 2.304 2.182 3.695 4.004 3.677 -9999.000
-9999.000 -9999.000 -9999.000 2.320 1.953 2.540 1.931 2.320 2.103 1.866 2.159 2.649 2.328 2.889 3.619 4.006 -9999.000
-9999.000 -9999.000 2.120 2.164 2.280 1.654 2.184 2.134 1.999 2.288 2.332 2.188 2.787 2.963 1.900 3.531 -9999.000
-9999.000 1.796 1.788 1.998 1.630 1.686 2.114 2.022 1.936 1.474 1.819 2.716 1.509 3.220 3.590 -9999.000 -9999.000
-9999.000 1.751 1.828 1.697 1.625 1.684 1.522 1.499 2.022 1.738 1.527 1.951 2.158 2.405 3.232 2.915 -9999.000
-9999.000 1.738 1.368 1.475 1.466 1.641 1.505 1.551 1.718 1.484 1.977 2.189 2.632 2.697 3.540 -9999.000 -9999.000
-9999.000 1.487 1.711 1.475 1.579 1.557 1.631 1.535 1.597 1.770 1.980 2.496 2.291 2.749 -9999.000 -9999.000 -9999.000
-9999.000 -9999.000 1.338 1.483 1.453 1.378 1.305 1.440 1.945 1.691 2.322 2.103 2.703 2.537 -9999.000 -9999.000 -9999.000
-9999.000 -9999.000 1.398 1.423 1.234 1.453 1.204 1.460 1.647 1.945 1.850 2.172 2.580 -9999.000 -9999.000 -9999.000 -9999.000
-9999.000 -9999.000 -9999.000 -9999.000 1.525 1.632 1.989 1.748 1.809 2.169 2.101 2.200 2.245 -9999.000 -9999.000 -9999.000 -9999.000
-9999.000 -9999.000 -9999.000 -9999.000 -9999.000 1.612 1.790 1.923 1.945 1.710 2.010 1.704 2.322 2.504 -9999.000 -9999.000 -9999.000
-9999.000 -9999.000 -9999.000 -9999.000 -9999.000 -9999.000 1.877 1.974 2.179 2.098 2.129 2.120 2.444 2.295 2.391 -9999.000 -9999.000
-9999.000 -9999.000 -9999.000 -9999.000 -9999.000 -9999.000 -9999.000 1.694 2.030 1.978 2.071 2.252 2.420 2.367 -9999.000 -9999.000 -9999.000
-9999.000 -9999.000 -9999.000 -9999.000 -9999.000 -9999.000 -9999.000 -9999.000 1.700 1.920 1.944 2.024 2.271 2.575 1.723 -9999.000 -9999.000
-9999.000 -9999.000 -9999.000 -9999.000 -9999.000 -9999.000 -9999.000 -9999.000 -9999.000 -9999.000 -9999.000 -9999.000 -9999.000 -9999.000 -9999.000 -9999.000 -9999.000