tests/3D/WG1_2.0_001/maps/PrecSNOWN0009.asc
ncols         17
nrows         27
xllcorner     624603.750000
yllcorner     5171346.250000
cellsize      500.000000
NODATA_value  -9999.0
-9999.000 -9999.000 -9999.000 -9999.000 -9999.000 -9999.000 -9999.000 -9999.000 -9999.000 -9999.000 -9999.000 -9999.000 -9999.000 -9999.000 -9999.000 -9999.000 -9999.000
-9999.000 -9999.000 -9999.000 -9999.000 -9999.000 -9999.000 -9999.000 -9999.000 -9999.000 -9999.000 -9999.000 13.200 10.975 13.694 -9999.000 -9999.000 -9999.000
-9999.000 -9999.000 -9999.000 -9999.000 -9999.000 -9999.000 -9999.000 -9999.000 -9999.000 7.206 9.722 12.484 10.670 12.673 10.006 -9999.000 -9999.000
-9999.000 -9999.000 -9999.000 -9999.000 -9999.000 -9999.000 -9999.000 -9999.000 9.652 10.856 9.567 11.947 10.482 7.429 12.537 -9999.000 -9999.000
-9999.000 -9999.000 -9999.000 -9999.000 -9999.000 -9999.000 -9999.000 -9999.000 10.242 11.394 6.986 11.830 10.888 10.264 11.949 -9999.000 -9999.000
-9999.000 -9999.000 -9999.000 -9999.000 -9999.000 -9999.000 -9999.000 10.802 10.503 8.864 10.988 11.590 11.349 11.754 10.959 -9999.000 -9999.000
-9999.000 -9999.000 -9999.000 -9999.000 -9999.000 -9999.000 8.847 11.624 9.263 8.924 5.284 9.015 11.446 12.171 12.428 -9999.000 -9999.000
-9999.000 -9999.000 -9999.000 -9999.000 -9999.000 -9999.000 10.588 10.190 9.497 9.039 7.950 5.475 9.079 11.267 7.242 -9999.000 -9999.000
-9999.000 -9999.000 -9999.000 -9999.000 -9999.000 -9999.000 10.013 9.079 10.151 7.266 10.263 9.553 11.056 10.805 8.188 -9999.000 -9999.000
-9999.000 -9999.000 -9999.000 -9999.000 -9999.000 -9999.000 -9999.000 11.446 9.216 8.678 7.627 8.406 10.029 6.009 10.495 -9999.000 -9999.000
-9999.000 -9999.000 -9999.000 -9999.000 -9999.000 -9999.000 11.035 9.570 10.377 9.386 8.359 8.490 8.196 10.190 11.978 10.991 -9999.000
-9999.000 -9999.000 -9999.000 -9999.000 -9999.000 10.101 10.126 10.016 10.180 8.305 8.555 8.558 7.065 10.731 10.330 12.377 -9999.000
-9999.000 -9999.000 -9999.000 9.647 6.169 9.091 9.542 10.244 9.416 9.079 8.925 7.541 7.053 11.472 11.965 10.619 -9999.000
-9999.000 -9999.000 -9999.000 10.421 8.624 10.970 8.115 9.339 7.876 6.558 7.290 8.860 7.830 9.347 11.273 12.058 -9999.000
-9999.000 -9999.000 9.801 9.904 10.284 7.313 9.247 8.440 7.416 8.019 8.117 7.649 9.752 9.987 6.171 11.088 -9999.000
-9999.000 8.442 8.385 9.301 7.423 7.332 8.701 7.853 6.749 5.275 6.679 10.153 5.491 11.295 12.147 -9999.000 -9999.000
-9999.000 8.311 8.623 7.699 7.046 6.995 5.538 4.870 6.564 6.563 5.938 7.627 8.153 8.764 11.379 9.934 -9999.000
-9999.000 7.956 6.140 6.347 5.280 5.260 4.469 4.550 5.556 5.823 8.081 8.846 10.293 10.192 12.938 -9999.000 -9999.000
-9999.000 6.534 6.788 4.813 4.584 4.398 4.659 4.682 5.614 7.207 8.377 10.398 9.248 10.745 -9999.000 -9999.000 -9999.000
-9999.000 -9999.000 4.053 4.131 4.157 4.354 4.481 5.479 8.089 7.188 10.169 9.005 11.237 10.230 -9999.000 -9999.000 -9999.000
-9999.000 -9999.000 3.320 4.206 4.365 6.297 5.394 6.533 7.270 8.593 8.320 9.532 11.011 -9999.000 -9999.000 -9999.000 -9999.000
-9999.000 -9999.000 -9999.000 -9999.000 7.074 7.869 9.737 8.467 8.500 9.984 9.656 9.868 9.811 -9999.000 -9999.000 -9999.000 -9999.000
-9999.000 -9999.000 -9999.000 -9999.000 -9999.000 8.305 9.092 9.603 9.516 8.185 9.405 7.791 10.364 10.890 -9999.000 -9999.000 -9999.000
-9999.000 -9999.000 -9999.000 -9999.000 -9999.000 -9999.000 9.674 10.002 10.829 10.207 10.128 9.861 11.113 10.182 10.352 -9999.000 -9999.000
-9999.000 -9999.000 -9999.000 -9999.000 -9999.000 -9999.000 -9999.000 8.679 10.215 9.759 9.998 10.643 11.182 10.689 -9999.000 -9999.000 -9999.000
-9999.000 -9999.000 -9999.000 -9999.000 -9999.000 -9999.000 -9999.000 -9999.000 8.643 9.575 9.507 9.692 10.645 11.807 7.725 -9999.000 -9999.000
-9999.000 -9999.000 -9999.000 -9999.000 -9999.000 -9999.000 -9999.000 -9999.000 -9999.000 -9999.000 -9999.000 -9999.000 -9999.000 -9999.000 -9999.000 -9999.000 -9999.000