tests/3D/WG1_2.0_001/maps/PrecTOTALN0007.asc
ncols         17
nrows         27
xllcorner     624603.750000
yllcorner     5171346.250000
cellsize      500.000000
NODATA_value  -9999.0
-9999.000 -9999.000 -9999.000 -9999.000 -9999.000 -9999.000 -9999.000 -9999.000 -9999.000 -9999.000 -9999.000 -9999.000 -9999.000 -9999.000 -9999.000 -9999.000 -9999.000
-9999.000 -9999.000 -9999.000 -9999.000 -9999.000 -9999.000 -9999.000 -9999.000 -9999.000 -9999.000 -9999.000 13.501 11.602 14.918 -9999.000 -9999.000 -9999.000
-9999.000 -9999.000 -9999.000 -9999.000 -9999.000 -9999.000 -9999.000 -9999.000 -9999.000 6.825 9.572 12.758 11.293 13.848 11.245 -9999.000 -9999.000
-9999.000 -9999.000 -9999.000 -9999.000 -9999.000 -9999.000 -9999.000 -9999.000 8.703 10.200 9.361 12.158 11.068 8.114 14.104 -9999.000 -9999.000
-9999.000 -9999.000 -9999.000 -9999.000 -9999.000 -9999.000 -9999.000 -9999.000 9.115 10.582 6.768 11.942 11.426 11.159 13.401 -9999.000 -9999.000
-9999.000 -9999.000 -9999.000 -9999.000 -9999.000 -9999.000 -9999.000 9.057 9.192 8.106 10.498 11.556 11.782 12.661 12.196 -9999.000 -9999.000
-9999.000 -9999.000 -9999.000 -9999.000 -9999.000 -9999.000 6.970 9.546 7.945 8.004 4.957 8.837 11.698 12.925 13.653 -9999.000 -9999.000
-9999.000 -9999.000 -9999.000 -9999.000 -9999.000 -9999.000 8.147 8.172 7.956 7.923 7.294 5.252 9.089 11.734 7.811 -9999.000 -9999.000
-9999.000 -9999.000 -9999.000 -9999.000 -9999.000 -9999.000 7.509 7.091 8.279 6.202 9.172 8.928 10.788 10.978 8.624 -9999.000 -9999.000
-9999.000 -9999.000 -9999.000 -9999.000 -9999.000 -9999.000 -9999.000 8.688 7.299 7.190 6.616 7.625 9.497 5.927 10.739 -9999.000 -9999.000
-9999.000 -9999.000 -9999.000 -9999.000 -9999.000 -9999.000 7.825 7.049 7.965 7.531 7.049 7.449 7.504 9.718 11.855 11.237 -9999.000
-9999.000 -9999.000 -9999.000 -9999.000 -9999.000 6.737 6.976 7.153 7.570 6.461 7.096 7.309 6.236 9.861 9.854 12.201 -9999.000
-9999.000 -9999.000 -9999.000 5.978 3.906 5.906 6.389 7.102 6.807 7.064 7.335 6.330 5.992 10.135 10.971 10.066 -9999.000
-9999.000 -9999.000 -9999.000 6.330 5.338 6.953 5.292 6.365 5.774 5.126 5.933 7.281 6.397 7.930 9.922 10.972 -9999.000
-9999.000 -9999.000 5.777 5.910 6.241 4.534 5.993 5.859 5.493 6.290 6.413 6.017 7.658 8.136 5.212 9.678 -9999.000
-9999.000 4.889 4.882 5.468 4.469 4.627 5.808 5.558 5.323 4.053 5.003 7.469 4.147 8.844 9.851 -9999.000 -9999.000
-9999.000 4.777 5.006 4.657 4.465 4.630 4.188 4.126 5.567 4.785 4.203 5.366 5.934 6.607 8.873 7.996 -9999.000
-9999.000 4.762 3.759 4.061 4.040 4.523 4.148 4.275 4.735 4.087 5.446 6.024 7.240 7.413 9.721 -9999.000 -9999.000
-9999.000 4.099 4.728 4.080 4.368 4.303 4.505 4.238 4.406 4.882 5.458 6.875 6.304 7.560 -9999.000 -9999.000 -9999.000
-9999.000 -9999.000 3.724 4.122 4.034 3.822 3.613 3.984 5.373 4.670 6.405 5.797 7.443 6.982 -9999.000 -9999.000 -9999.000
-9999.000 -9999.000 3.922 3.978 3.441 4.041 3.342 4.044 4.556 5.376 5.108 5.991 7.108 -9999.000 -9999.000 -9999.000 -9999.000
-9999.000 -9999.000 -9999.000 -9999.000 4.270 4.552 5.533 4.850 5.012 6.000 5.805 6.072 6.189 -9999.000 -9999.000 -9999.000 -9999.000
-9999.000 -9999.000 -9999.000 -9999.000 -9999.000 4.507 4.988 5.344 5.393 4.733 5.556 4.705 6.405 6.900 -9999.000 -9999.000 -9999.000
-9999.000 -9999.000 -9999.000 -9999.000 -9999.000 -9999.000 5.236 5.490 6.046 5.811 5.887 5.855 6.744 6.326 6.587 -9999.000 -9999.000
-9999.000 -9999.000 -9999.000 -9999.000 -9999.000 -9999.000 -9999.000 4.713 5.635 5.480 5.728 6.223 6.678 6.527 -9999.000 -9999.000 -9999.000
-9999.000 -9999.000 -9999.000 -9999.000 -9999.000 -9999.000 -9999.000 -9999.000 4.720 5.318 5.379 5.592 6.268 7.100 4.746 -9999.000 -9999.000
-9999.000 -9999.000 -9999.000 -9999.000 -9999.000 -9999.000 -9999.000 -9999.000 -9999.000 -9999.000 -9999.000 -9999.000 -9999.000 -9999.000 -9999.000 -9999.000 -9999.000