tests/3D/WG1_2.0_001/maps/PrecTOTALN0008.asc
ncols         17
nrows         27
xllcorner     624603.750000
yllcorner     5171346.250000
cellsize      500.000000
NODATA_value  -9999.0
-9999.000 -9999.000 -9999.000 -9999.000 -9999.000 -9999.000 -9999.000 -9999.000 -9999.000 -9999.000 -9999.000 -9999.000 -9999.000 -9999.000 -9999.000 -9999.000 -9999.000
-9999.000 -9999.000 -9999.000 -9999.000 -9999.000 -9999.000 -9999.000 -9999.000 -9999.000 -9999.000 -9999.000 0.405 0.358 0.473 -9999.000 -9999.000 -9999.000
-9999.000 -9999.000 -9999.000 -9999.000 -9999.000 -9999.000 -9999.000 -9999.000 -9999.000 0.189 0.276 0.382 0.349 0.440 0.365 -9999.000 -9999.000
-9999.000 -9999.000 -9999.000 -9999.000 -9999.000 -9999.000 -9999.000 -9999.000 0.227 0.280 0.268 0.363 0.341 0.258 0.458 -9999.000 -9999.000
-9999.000 -9999.000 -9999.000 -9999.000 -9999.000 -9999.000 -9999.000 -9999.000 0.234 0.286 0.192 0.353 0.350 0.353 0.435 -9999.000 -9999.000
-9999.000 -9999.000 -9999.000 -9999.000 -9999.000 -9999.000 -9999.000 0.213 0.230 0.215 0.293 0.338 0.358 0.397 0.393 -9999.000 -9999.000
-9999.000 -9999.000 -9999.000 -9999.000 -9999.000 -9999.000 0.148 0.217 0.194 0.207 0.136 0.254 0.350 0.401 0.436 -9999.000 -9999.000
-9999.000 -9999.000 -9999.000 -9999.000 -9999.000 -9999.000 0.165 0.179 0.187 0.199 0.194 0.147 0.267 0.357 0.245 -9999.000 -9999.000
-9999.000 -9999.000 -9999.000 -9999.000 -9999.000 -9999.000 0.144 0.148 0.186 0.150 0.236 0.243 0.308 0.327 0.266 -9999.000 -9999.000
-9999.000 -9999.000 -9999.000 -9999.000 -9999.000 -9999.000 -9999.000 0.171 0.156 0.166 0.164 0.200 0.263 0.171 0.322 -9999.000 -9999.000
-9999.000 -9999.000 -9999.000 -9999.000 -9999.000 -9999.000 0.131 0.130 0.160 0.165 0.166 0.187 0.200 0.271 0.344 0.337 -9999.000
-9999.000 -9999.000 -9999.000 -9999.000 -9999.000 0.092 0.107 0.122 0.142 0.133 0.158 0.175 0.158 0.264 0.275 0.353 -9999.000
-9999.000 -9999.000 -9999.000 0.058 0.043 0.073 0.089 0.111 0.118 0.135 0.153 0.143 0.144 0.258 0.293 0.280 -9999.000
-9999.000 -9999.000 -9999.000 0.053 0.052 0.077 0.067 0.091 0.092 0.091 0.115 0.154 0.145 0.191 0.252 0.291 -9999.000
-9999.000 -9999.000 0.036 0.043 0.053 0.044 0.068 0.075 0.080 0.102 0.115 0.118 0.163 0.185 0.125 0.244 -9999.000
-9999.000 0.021 0.025 0.034 0.033 0.040 0.058 0.064 0.070 0.060 0.083 0.136 0.082 0.188 0.223 -9999.000 -9999.000
-9999.000 0.017 0.021 0.024 0.028 0.035 0.037 0.043 0.066 0.065 0.064 0.090 0.109 0.131 0.188 0.179 -9999.000
-9999.000 0.013 0.013 0.018 0.022 0.029 0.032 0.039 0.051 0.050 0.076 0.093 0.123 0.137 0.193 -9999.000 -9999.000
-9999.000 0.009 0.013 0.015 0.020 0.024 0.031 0.035 0.042 0.054 0.069 0.098 0.099 0.130 -9999.000 -9999.000 -9999.000
-9999.000 -9999.000 0.008 0.012 0.016 0.019 0.022 0.029 0.047 0.047 0.074 0.076 0.108 0.111 -9999.000 -9999.000 -9999.000
-9999.000 -9999.000 0.007 0.010 0.012 0.017 0.018 0.027 0.036 0.050 0.054 0.072 0.096 -9999.000 -9999.000 -9999.000 -9999.000
-9999.000 -9999.000 -9999.000 -9999.000 0.013 0.018 0.027 0.029 0.036 0.051 0.057 0.068 0.077 -9999.000 -9999.000 -9999.000 -9999.000
-9999.000 -9999.000 -9999.000 -9999.000 -9999.000 0.016 0.022 0.030 0.036 0.037 0.051 0.049 0.075 0.089 -9999.000 -9999.000 -9999.000
-9999.000 -9999.000 -9999.000 -9999.000 -9999.000 -9999.000 0.022 0.028 0.038 0.043 0.050 0.057 0.074 0.077 0.088 -9999.000 -9999.000
-9999.000 -9999.000 -9999.000 -9999.000 -9999.000 -9999.000 -9999.000 0.023 0.033 0.038 0.046 0.057 0.069 0.075 -9999.000 -9999.000 -9999.000
-9999.000 -9999.000 -9999.000 -9999.000 -9999.000 -9999.000 -9999.000 -9999.000 0.027 0.035 0.041 0.049 0.062 0.077 0.057 -9999.000 -9999.000
-9999.000 -9999.000 -9999.000 -9999.000 -9999.000 -9999.000 -9999.000 -9999.000 -9999.000 -9999.000 -9999.000 -9999.000 -9999.000 -9999.000 -9999.000 -9999.000 -9999.000