tests/3D/WG1_2.0_001/maps/PrecSNOWN0011.asc
ncols         17
nrows         27
xllcorner     624603.750000
yllcorner     5171346.250000
cellsize      500.000000
NODATA_value  -9999.0
-9999.000 -9999.000 -9999.000 -9999.000 -9999.000 -9999.000 -9999.000 -9999.000 -9999.000 -9999.000 -9999.000 -9999.000 -9999.000 -9999.000 -9999.000 -9999.000 -9999.000
-9999.000 -9999.000 -9999.000 -9999.000 -9999.000 -9999.000 -9999.000 -9999.000 -9999.000 -9999.000 -9999.000 0.079 0.054 0.053 -9999.000 -9999.000 -9999.000
-9999.000 -9999.000 -9999.000 -9999.000 -9999.000 -9999.000 -9999.000 -9999.000 -9999.000 0.060 0.070 0.075 0.052 0.048 0.028 -9999.000 -9999.000
-9999.000 -9999.000 -9999.000 -9999.000 -9999.000 -9999.000 -9999.000 -9999.000 0.095 0.094 0.071 0.074 0.052 0.028 0.035 -9999.000 -9999.000
-9999.000 -9999.000 -9999.000 -9999.000 -9999.000 -9999.000 -9999.000 -9999.000 0.105 0.103 0.054 0.076 0.056 0.041 0.035 -9999.000 -9999.000
-9999.000 -9999.000 -9999.000 -9999.000 -9999.000 -9999.000 -9999.000 0.129 0.113 0.084 0.090 0.079 0.063 0.051 0.035 -9999.000 -9999.000
-9999.000 -9999.000 -9999.000 -9999.000 -9999.000 -9999.000 0.121 0.146 0.105 0.090 0.046 0.067 0.069 0.058 0.045 -9999.000 -9999.000
-9999.000 -9999.000 -9999.000 -9999.000 -9999.000 -9999.000 0.152 0.135 0.115 0.098 0.075 0.044 0.061 0.061 0.031 -9999.000 -9999.000
-9999.000 -9999.000 -9999.000 -9999.000 -9999.000 -9999.000 0.151 0.127 0.130 0.084 0.105 0.085 0.084 0.068 0.042 -9999.000 -9999.000
-9999.000 -9999.000 -9999.000 -9999.000 -9999.000 -9999.000 -9999.000 0.169 0.126 0.108 0.085 0.083 0.085 0.043 0.063 -9999.000 -9999.000
-9999.000 -9999.000 -9999.000 -9999.000 -9999.000 -9999.000 0.182 0.149 0.151 0.125 0.102 0.092 0.078 0.084 0.085 0.066 -9999.000
-9999.000 -9999.000 -9999.000 -9999.000 -9999.000 0.183 0.175 0.164 0.157 0.119 0.115 0.103 0.075 0.101 0.085 0.089 -9999.000
-9999.000 -9999.000 -9999.000 0.192 0.120 0.171 0.172 0.176 0.154 0.143 0.132 0.100 0.083 0.121 0.113 0.090 -9999.000
-9999.000 -9999.000 -9999.000 0.214 0.172 0.213 0.152 0.170 0.142 0.114 0.119 0.130 0.101 0.110 0.120 0.117 -9999.000
-9999.000 -9999.000 0.210 0.208 0.212 0.147 0.183 0.168 0.145 0.152 0.141 0.119 0.136 0.128 0.073 0.120 -9999.000
-9999.000 0.187 0.184 0.201 0.159 0.158 0.188 0.169 0.151 0.106 0.120 0.163 0.082 0.157 0.157 -9999.000 -9999.000
-9999.000 0.188 0.195 0.177 0.165 0.165 0.142 0.133 0.168 0.134 0.109 0.127 0.128 0.130 0.159 0.130 -9999.000
-9999.000 0.192 0.151 0.160 0.155 0.168 0.148 0.145 0.151 0.122 0.151 0.154 0.171 0.160 0.192 -9999.000 -9999.000
-9999.000 0.170 0.195 0.166 0.173 0.166 0.167 0.150 0.147 0.154 0.161 0.188 0.160 0.177 -9999.000 -9999.000 -9999.000
-9999.000 -9999.000 0.158 0.172 0.165 0.152 0.138 0.146 0.187 0.154 0.199 0.168 0.201 0.175 -9999.000 -9999.000 -9999.000
-9999.000 -9999.000 0.171 0.171 0.145 0.165 0.132 0.153 0.165 0.184 0.166 0.183 0.203 -9999.000 -9999.000 -9999.000 -9999.000
-9999.000 -9999.000 -9999.000 -9999.000 0.184 0.190 0.224 0.189 0.187 0.213 0.195 0.193 0.185 -9999.000 -9999.000 -9999.000 -9999.000
-9999.000 -9999.000 -9999.000 -9999.000 -9999.000 0.192 0.206 0.213 0.206 0.173 0.193 0.155 0.200 0.203 -9999.000 -9999.000 -9999.000
-9999.000 -9999.000 -9999.000 -9999.000 -9999.000 -9999.000 0.220 0.222 0.236 0.217 0.210 0.199 0.218 0.194 0.191 -9999.000 -9999.000
-9999.000 -9999.000 -9999.000 -9999.000 -9999.000 -9999.000 -9999.000 0.194 0.223 0.208 0.209 0.217 0.222 0.206 -9999.000 -9999.000 -9999.000
-9999.000 -9999.000 -9999.000 -9999.000 -9999.000 -9999.000 -9999.000 -9999.000 0.189 0.205 0.199 0.199 0.213 0.230 0.147 -9999.000 -9999.000
-9999.000 -9999.000 -9999.000 -9999.000 -9999.000 -9999.000 -9999.000 -9999.000 -9999.000 -9999.000 -9999.000 -9999.000 -9999.000 -9999.000 -9999.000 -9999.000 -9999.000