tests/3D/WG1_2.0_001/maps/SWEDENSITYN0009.asc
ncols         17
nrows         27
xllcorner     624603.750000
yllcorner     5171346.250000
cellsize      500.000000
NODATA_value  -9999.0
-9999.000 -9999.000 -9999.000 -9999.000 -9999.000 -9999.000 -9999.000 -9999.000 -9999.000 -9999.000 -9999.000 -9999.000 -9999.000 -9999.000 -9999.000 -9999.000 -9999.000
-9999.000 -9999.000 -9999.000 -9999.000 -9999.000 -9999.000 -9999.000 -9999.000 -9999.000 -9999.000 -9999.000 132.182 664.031 662.648 -9999.000 -9999.000 -9999.000
-9999.000 -9999.000 -9999.000 -9999.000 -9999.000 -9999.000 -9999.000 -9999.000 -9999.000 115.188 111.446 135.396 664.568 662.729 664.392 -9999.000 -9999.000
-9999.000 -9999.000 -9999.000 -9999.000 -9999.000 -9999.000 -9999.000 -9999.000 94.753 91.872 104.565 124.840 132.886 665.766 663.629 -9999.000 -9999.000
-9999.000 -9999.000 -9999.000 -9999.000 -9999.000 -9999.000 -9999.000 -9999.000 95.775 101.728 94.752 110.963 664.500 664.812 664.326 -9999.000 -9999.000
-9999.000 -9999.000 -9999.000 -9999.000 -9999.000 -9999.000 -9999.000 96.331 98.719 106.846 109.166 110.622 115.228 663.766 663.477 -9999.000 -9999.000
-9999.000 -9999.000 -9999.000 -9999.000 -9999.000 -9999.000 92.072 100.414 108.985 120.982 99.122 98.135 111.882 134.468 125.009 -9999.000 -9999.000
-9999.000 -9999.000 -9999.000 -9999.000 -9999.000 -9999.000 93.739 95.866 100.413 122.197 124.709 98.048 99.054 101.459 107.758 -9999.000 -9999.000
-9999.000 -9999.000 -9999.000 -9999.000 -9999.000 -9999.000 102.447 94.689 101.140 113.430 138.773 121.466 101.246 98.252 103.792 -9999.000 -9999.000
-9999.000 -9999.000 -9999.000 -9999.000 -9999.000 -9999.000 -9999.000 100.222 101.340 118.561 134.345 126.936 102.758 98.803 94.270 -9999.000 -9999.000
-9999.000 -9999.000 -9999.000 -9999.000 -9999.000 -9999.000 98.631 103.467 105.531 124.281 139.105 140.565 102.980 98.371 107.501 114.441 -9999.000
-9999.000 -9999.000 -9999.000 -9999.000 -9999.000 98.712 100.918 111.900 119.811 127.421 141.122 142.031 104.268 103.708 98.169 124.149 -9999.000
-9999.000 -9999.000 -9999.000 98.211 93.613 108.201 110.084 120.353 127.148 131.814 145.761 137.849 106.486 118.167 111.520 93.610 -9999.000
-9999.000 -9999.000 -9999.000 101.707 110.357 108.053 125.105 126.680 141.255 141.229 137.332 143.736 133.601 102.235 665.118 117.231 -9999.000
-9999.000 -9999.000 105.799 108.845 117.308 109.252 128.021 146.077 140.654 151.233 142.943 142.583 124.187 112.962 91.766 123.127 -9999.000
-9999.000 123.275 125.139 125.328 130.346 137.560 147.107 146.882 142.193 127.828 134.390 126.492 102.516 99.857 123.654 -9999.000 -9999.000
-9999.000 130.548 131.376 141.842 141.751 139.705 143.024 131.074 147.208 138.607 129.092 107.546 100.616 94.821 664.502 665.727 -9999.000
-9999.000 140.682 126.449 145.385 138.415 137.244 118.448 86.950 142.663 130.890 131.709 120.671 100.684 95.586 130.360 -9999.000 -9999.000
-9999.000 133.949 149.720 133.334 31.835 124.146 140.299 136.806 136.134 138.848 130.704 115.072 99.926 97.311 -9999.000 -9999.000 -9999.000
-9999.000 -9999.000 122.172 116.249 140.645 135.061 130.707 135.376 147.464 135.832 125.891 105.669 102.669 101.233 -9999.000 -9999.000 -9999.000
-9999.000 -9999.000 43.993 125.106 134.091 138.296 129.779 135.657 138.688 134.145 129.253 121.720 103.328 -9999.000 -9999.000 -9999.000 -9999.000
-9999.000 -9999.000 -9999.000 -9999.000 140.791 135.963 130.446 131.677 133.024 128.211 125.268 110.743 102.141 -9999.000 -9999.000 -9999.000 -9999.000
-9999.000 -9999.000 -9999.000 -9999.000 -9999.000 129.896 109.016 121.738 124.255 130.046 125.004 119.457 114.481 99.814 -9999.000 -9999.000 -9999.000
-9999.000 -9999.000 -9999.000 -9999.000 -9999.000 -9999.000 106.622 103.677 105.515 120.237 121.761 120.065 103.427 99.112 93.730 -9999.000 -9999.000
-9999.000 -9999.000 -9999.000 -9999.000 -9999.000 -9999.000 -9999.000 102.271 100.957 102.886 105.345 118.065 116.200 98.618 -9999.000 -9999.000 -9999.000
-9999.000 -9999.000 -9999.000 -9999.000 -9999.000 -9999.000 -9999.000 -9999.000 97.324 100.713 104.495 103.136 99.882 111.478 93.385 -9999.000 -9999.000
-9999.000 -9999.000 -9999.000 -9999.000 -9999.000 -9999.000 -9999.000 -9999.000 -9999.000 -9999.000 -9999.000 -9999.000 -9999.000 -9999.000 -9999.000 -9999.000 -9999.000