tests/3D/WG1_2.0_001/maps/SWEDENSITYN0015.asc
ncols         17
nrows         27
xllcorner     624603.750000
yllcorner     5171346.250000
cellsize      500.000000
NODATA_value  -9999.0
-9999.000 -9999.000 -9999.000 -9999.000 -9999.000 -9999.000 -9999.000 -9999.000 -9999.000 -9999.000 -9999.000 -9999.000 -9999.000 -9999.000 -9999.000 -9999.000 -9999.000
-9999.000 -9999.000 -9999.000 -9999.000 -9999.000 -9999.000 -9999.000 -9999.000 -9999.000 -9999.000 -9999.000 149.754 663.247 662.731 -9999.000 -9999.000 -9999.000
-9999.000 -9999.000 -9999.000 -9999.000 -9999.000 -9999.000 -9999.000 -9999.000 -9999.000 177.279 166.742 140.159 663.548 662.818 662.330 -9999.000 -9999.000
-9999.000 -9999.000 -9999.000 -9999.000 -9999.000 -9999.000 -9999.000 -9999.000 155.720 142.046 133.246 122.069 140.486 662.939 662.671 -9999.000 -9999.000
-9999.000 -9999.000 -9999.000 -9999.000 -9999.000 -9999.000 -9999.000 -9999.000 142.169 126.467 124.869 122.448 664.223 663.697 663.172 -9999.000 -9999.000
-9999.000 -9999.000 -9999.000 -9999.000 -9999.000 -9999.000 -9999.000 146.331 129.155 129.070 129.111 122.778 135.540 663.584 663.038 -9999.000 -9999.000
-9999.000 -9999.000 -9999.000 -9999.000 -9999.000 -9999.000 167.573 136.082 128.705 132.629 127.944 133.377 148.632 167.232 150.443 -9999.000 -9999.000
-9999.000 -9999.000 -9999.000 -9999.000 -9999.000 -9999.000 157.214 136.726 130.803 132.369 132.758 124.503 127.553 138.216 156.029 -9999.000 -9999.000
-9999.000 -9999.000 -9999.000 -9999.000 -9999.000 -9999.000 159.735 146.290 130.199 131.403 134.886 129.666 125.230 127.157 153.409 -9999.000 -9999.000
-9999.000 -9999.000 -9999.000 -9999.000 -9999.000 -9999.000 -9999.000 141.820 131.907 133.548 135.448 133.429 128.133 133.560 143.767 -9999.000 -9999.000
-9999.000 -9999.000 -9999.000 -9999.000 -9999.000 -9999.000 146.486 143.276 132.332 133.393 136.197 135.573 127.081 136.473 134.486 145.265 -9999.000
-9999.000 -9999.000 -9999.000 -9999.000 -9999.000 149.119 135.911 135.097 133.960 135.525 138.815 136.518 128.161 126.356 135.438 142.177 -9999.000
-9999.000 -9999.000 -9999.000 149.199 148.291 138.826 137.792 138.332 138.815 138.617 140.734 138.450 131.171 128.162 126.810 146.187 -9999.000
-9999.000 -9999.000 -9999.000 142.822 139.989 140.270 139.291 141.575 142.199 142.765 135.797 138.078 134.709 129.096 664.839 164.906 -9999.000
-9999.000 -9999.000 149.684 142.253 143.260 141.826 143.166 144.134 144.616 135.567 136.746 140.354 135.760 132.195 144.172 172.045 -9999.000
-9999.000 146.148 145.000 145.892 144.804 145.700 145.490 147.646 139.031 141.529 141.988 138.540 134.399 131.549 146.118 -9999.000 -9999.000
-9999.000 146.738 149.799 149.392 150.042 149.480 147.160 146.480 125.857 144.882 138.401 135.058 133.238 145.642 663.853 663.873 -9999.000
-9999.000 150.099 152.306 152.475 146.084 144.678 140.295 69.885 47.754 145.342 139.491 135.635 143.365 147.887 171.920 -9999.000 -9999.000
-9999.000 153.945 156.111 146.340 64.120 68.013 71.362 69.994 139.278 147.238 143.187 141.256 136.813 143.356 -9999.000 -9999.000 -9999.000
-9999.000 -9999.000 146.846 58.342 63.645 133.371 144.245 151.355 145.347 145.355 139.642 138.650 136.923 143.785 -9999.000 -9999.000 -9999.000
-9999.000 -9999.000 51.029 56.881 150.413 152.413 151.034 147.743 149.929 148.966 143.374 138.963 144.881 -9999.000 -9999.000 -9999.000 -9999.000
-9999.000 -9999.000 -9999.000 -9999.000 152.842 148.356 149.400 144.892 148.058 149.979 146.601 140.484 147.850 -9999.000 -9999.000 -9999.000 -9999.000
-9999.000 -9999.000 -9999.000 -9999.000 -9999.000 145.593 146.728 145.096 144.474 147.520 146.775 140.872 138.843 139.263 -9999.000 -9999.000 -9999.000
-9999.000 -9999.000 -9999.000 -9999.000 -9999.000 -9999.000 147.211 146.137 143.734 144.491 145.296 143.434 141.020 144.873 153.889 -9999.000 -9999.000
-9999.000 -9999.000 -9999.000 -9999.000 -9999.000 -9999.000 -9999.000 155.566 150.597 143.383 144.467 143.352 139.828 145.659 -9999.000 -9999.000 -9999.000
-9999.000 -9999.000 -9999.000 -9999.000 -9999.000 -9999.000 -9999.000 -9999.000 154.447 148.844 142.395 141.513 145.958 146.533 151.704 -9999.000 -9999.000
-9999.000 -9999.000 -9999.000 -9999.000 -9999.000 -9999.000 -9999.000 -9999.000 -9999.000 -9999.000 -9999.000 -9999.000 -9999.000 -9999.000 -9999.000 -9999.000 -9999.000