tests/3D/WG1_2.0_001/maps/SWEDENSITYN0014.asc
ncols         17
nrows         27
xllcorner     624603.750000
yllcorner     5171346.250000
cellsize      500.000000
NODATA_value  -9999.0
-9999.000 -9999.000 -9999.000 -9999.000 -9999.000 -9999.000 -9999.000 -9999.000 -9999.000 -9999.000 -9999.000 -9999.000 -9999.000 -9999.000 -9999.000 -9999.000 -9999.000
-9999.000 -9999.000 -9999.000 -9999.000 -9999.000 -9999.000 -9999.000 -9999.000 -9999.000 -9999.000 -9999.000 154.908 663.610 663.178 -9999.000 -9999.000 -9999.000
-9999.000 -9999.000 -9999.000 -9999.000 -9999.000 -9999.000 -9999.000 -9999.000 -9999.000 185.391 169.423 142.381 663.886 663.274 662.770 -9999.000 -9999.000
-9999.000 -9999.000 -9999.000 -9999.000 -9999.000 -9999.000 -9999.000 -9999.000 165.882 147.706 138.432 131.387 145.484 663.390 663.163 -9999.000 -9999.000
-9999.000 -9999.000 -9999.000 -9999.000 -9999.000 -9999.000 -9999.000 -9999.000 147.904 134.852 133.775 131.861 664.634 664.172 663.609 -9999.000 -9999.000
-9999.000 -9999.000 -9999.000 -9999.000 -9999.000 -9999.000 -9999.000 152.064 136.644 137.172 137.855 132.026 139.223 663.942 663.511 -9999.000 -9999.000
-9999.000 -9999.000 -9999.000 -9999.000 -9999.000 -9999.000 174.619 141.615 136.153 140.921 136.360 138.765 157.042 163.950 154.540 -9999.000 -9999.000
-9999.000 -9999.000 -9999.000 -9999.000 -9999.000 -9999.000 162.196 142.320 137.832 140.305 141.274 133.031 136.514 140.882 156.420 -9999.000 -9999.000
-9999.000 -9999.000 -9999.000 -9999.000 -9999.000 -9999.000 165.439 150.990 136.939 138.737 143.657 138.115 133.694 135.799 156.811 -9999.000 -9999.000
-9999.000 -9999.000 -9999.000 -9999.000 -9999.000 -9999.000 -9999.000 144.852 138.352 140.659 143.747 141.880 136.375 138.911 150.964 -9999.000 -9999.000
-9999.000 -9999.000 -9999.000 -9999.000 -9999.000 -9999.000 149.783 146.432 138.444 140.001 143.996 144.153 134.935 141.477 139.288 152.870 -9999.000
-9999.000 -9999.000 -9999.000 -9999.000 -9999.000 151.677 140.690 140.335 139.678 141.937 146.928 144.694 135.592 134.271 140.313 148.375 -9999.000
-9999.000 -9999.000 -9999.000 150.376 149.762 142.389 142.089 143.174 144.527 144.876 148.754 146.667 138.308 135.577 134.899 152.732 -9999.000
-9999.000 -9999.000 -9999.000 145.017 142.648 143.596 143.123 146.267 148.171 149.778 145.549 147.644 141.972 136.165 665.101 173.623 -9999.000
-9999.000 -9999.000 149.304 144.153 145.597 144.636 146.831 148.997 151.976 145.724 146.231 147.730 142.612 138.930 149.587 186.885 -9999.000
-9999.000 146.456 145.902 147.233 146.644 148.460 149.019 153.640 147.654 149.676 148.120 144.394 140.368 137.892 150.728 -9999.000 -9999.000
-9999.000 146.715 150.409 150.765 152.476 154.078 152.797 152.724 140.702 151.984 143.186 140.174 138.826 149.903 664.078 664.043 -9999.000
-9999.000 149.671 152.854 155.316 151.255 150.763 150.165 74.954 50.631 150.374 143.920 140.414 145.668 152.118 178.753 -9999.000 -9999.000
-9999.000 153.491 157.354 152.382 71.777 74.945 77.391 75.000 147.883 152.935 147.585 145.932 141.701 146.040 -9999.000 -9999.000 -9999.000
-9999.000 -9999.000 154.368 70.900 74.064 146.872 150.424 155.073 151.525 148.844 143.251 142.746 141.549 146.168 -9999.000 -9999.000 -9999.000
-9999.000 -9999.000 67.497 68.306 153.805 153.792 153.097 149.669 153.365 153.051 146.890 142.805 146.550 -9999.000 -9999.000 -9999.000 -9999.000
-9999.000 -9999.000 -9999.000 -9999.000 153.182 148.617 150.506 146.289 150.471 153.872 150.327 144.042 149.977 -9999.000 -9999.000 -9999.000 -9999.000
-9999.000 -9999.000 -9999.000 -9999.000 -9999.000 145.651 147.363 146.315 146.290 150.255 150.045 144.237 142.684 143.387 -9999.000 -9999.000 -9999.000
-9999.000 -9999.000 -9999.000 -9999.000 -9999.000 -9999.000 147.543 147.000 145.419 146.677 148.127 146.606 144.589 146.284 156.915 -9999.000 -9999.000
-9999.000 -9999.000 -9999.000 -9999.000 -9999.000 -9999.000 -9999.000 155.241 150.726 145.469 147.026 146.355 143.302 146.899 -9999.000 -9999.000 -9999.000
-9999.000 -9999.000 -9999.000 -9999.000 -9999.000 -9999.000 -9999.000 -9999.000 154.691 148.744 144.888 144.194 147.684 148.109 154.616 -9999.000 -9999.000
-9999.000 -9999.000 -9999.000 -9999.000 -9999.000 -9999.000 -9999.000 -9999.000 -9999.000 -9999.000 -9999.000 -9999.000 -9999.000 -9999.000 -9999.000 -9999.000 -9999.000