tests/3D/WG1_2.0_001/maps/SWEN0015.asc
ncols         17
nrows         27
xllcorner     624603.750000
yllcorner     5171346.250000
cellsize      500.000000
NODATA_value  -9999.0
-9999.000 -9999.000 -9999.000 -9999.000 -9999.000 -9999.000 -9999.000 -9999.000 -9999.000 -9999.000 -9999.000 -9999.000 -9999.000 -9999.000 -9999.000 -9999.000 -9999.000
-9999.000 -9999.000 -9999.000 -9999.000 -9999.000 -9999.000 -9999.000 -9999.000 -9999.000 -9999.000 -9999.000 26.965 20018.246 20019.325 -9999.000 -9999.000 -9999.000
-9999.000 -9999.000 -9999.000 -9999.000 -9999.000 -9999.000 -9999.000 -9999.000 -9999.000 19.320 20.204 16.758 20017.626 20019.400 20020.646 -9999.000 -9999.000
-9999.000 -9999.000 -9999.000 -9999.000 -9999.000 -9999.000 -9999.000 -9999.000 23.007 18.484 14.850 12.783 18.669 20018.917 20020.509 -9999.000 -9999.000
-9999.000 -9999.000 -9999.000 -9999.000 -9999.000 -9999.000 -9999.000 -9999.000 18.343 11.683 11.904 12.244 20016.143 20017.953 20020.040 -9999.000 -9999.000
-9999.000 -9999.000 -9999.000 -9999.000 -9999.000 -9999.000 -9999.000 19.627 12.217 11.518 11.571 12.091 16.290 20018.162 20019.981 -9999.000 -9999.000
-9999.000 -9999.000 -9999.000 -9999.000 -9999.000 -9999.000 22.614 12.984 11.216 11.118 11.686 15.208 24.449 17.496 26.418 -9999.000 -9999.000
-9999.000 -9999.000 -9999.000 -9999.000 -9999.000 -9999.000 18.825 12.684 10.897 11.241 10.961 11.896 13.225 16.617 27.276 -9999.000 -9999.000
-9999.000 -9999.000 -9999.000 -9999.000 -9999.000 -9999.000 21.620 18.524 10.843 11.072 10.541 11.287 11.474 13.554 28.284 -9999.000 -9999.000
-9999.000 -9999.000 -9999.000 -9999.000 -9999.000 -9999.000 -9999.000 14.327 10.668 10.771 10.441 10.828 11.232 15.220 21.113 -9999.000 -9999.000
-9999.000 -9999.000 -9999.000 -9999.000 -9999.000 -9999.000 16.593 14.890 10.554 10.654 10.395 10.327 11.148 15.932 15.719 21.758 -9999.000
-9999.000 -9999.000 -9999.000 -9999.000 -9999.000 17.114 10.455 10.280 10.205 10.410 9.730 10.144 10.900 11.337 15.664 19.316 -9999.000
-9999.000 -9999.000 -9999.000 15.322 15.295 10.650 10.015 9.780 9.806 10.104 9.362 9.627 10.543 10.960 12.020 20.285 -9999.000
-9999.000 -9999.000 -9999.000 10.671 9.991 9.709 9.608 9.421 9.044 9.147 6.227 7.520 10.135 10.588 20012.420 23.033 -9999.000
-9999.000 -9999.000 12.990 9.582 9.343 9.354 9.273 8.833 7.554 4.878 5.935 9.077 9.933 10.420 18.367 24.515 -9999.000
-9999.000 10.173 9.316 9.060 8.930 8.923 8.764 7.645 5.055 6.546 9.126 9.612 9.975 10.491 17.200 -9999.000 -9999.000
-9999.000 8.959 8.723 8.226 7.801 6.514 6.222 6.612 1.966 7.270 9.571 9.829 10.192 17.401 20013.616 20013.369 -9999.000
-9999.000 8.593 7.843 5.978 4.153 4.243 3.140 0.225 0.802 8.468 9.438 9.918 13.846 18.122 20.760 -9999.000 -9999.000
-9999.000 7.912 6.513 2.805 0.123 0.148 0.176 0.208 3.840 7.526 9.107 9.791 10.395 14.224 -9999.000 -9999.000 -9999.000
-9999.000 -9999.000 1.828 0.079 0.102 1.407 3.936 7.812 5.615 9.277 9.720 10.066 10.539 14.133 -9999.000 -9999.000 -9999.000
-9999.000 -9999.000 0.053 0.076 4.452 7.729 7.938 9.113 8.459 8.642 9.737 10.122 13.690 -9999.000 -9999.000 -9999.000 -9999.000
-9999.000 -9999.000 -9999.000 -9999.000 7.795 8.675 8.719 9.286 9.219 8.664 9.335 10.099 15.823 -9999.000 -9999.000 -9999.000 -9999.000
-9999.000 -9999.000 -9999.000 -9999.000 -9999.000 9.087 9.368 9.461 9.547 9.473 9.707 10.149 10.353 11.339 -9999.000 -9999.000 -9999.000
-9999.000 -9999.000 -9999.000 -9999.000 -9999.000 -9999.000 10.664 10.761 9.736 9.808 9.989 10.159 10.314 12.742 20.116 -9999.000 -9999.000
-9999.000 -9999.000 -9999.000 -9999.000 -9999.000 -9999.000 -9999.000 17.899 14.124 10.012 10.070 10.269 10.395 12.867 -9999.000 -9999.000 -9999.000
-9999.000 -9999.000 -9999.000 -9999.000 -9999.000 -9999.000 -9999.000 -9999.000 17.254 12.148 10.299 10.632 11.863 14.073 17.961 -9999.000 -9999.000
-9999.000 -9999.000 -9999.000 -9999.000 -9999.000 -9999.000 -9999.000 -9999.000 -9999.000 -9999.000 -9999.000 -9999.000 -9999.000 -9999.000 -9999.000 -9999.000 -9999.000