tests/3D/WG1_2.0_001/maps/SWEN0009.asc
ncols         17
nrows         27
xllcorner     624603.750000
yllcorner     5171346.250000
cellsize      500.000000
NODATA_value  -9999.0
-9999.000 -9999.000 -9999.000 -9999.000 -9999.000 -9999.000 -9999.000 -9999.000 -9999.000 -9999.000 -9999.000 -9999.000 -9999.000 -9999.000 -9999.000 -9999.000 -9999.000
-9999.000 -9999.000 -9999.000 -9999.000 -9999.000 -9999.000 -9999.000 -9999.000 -9999.000 -9999.000 -9999.000 24.341 20019.596 20020.446 -9999.000 -9999.000 -9999.000
-9999.000 -9999.000 -9999.000 -9999.000 -9999.000 -9999.000 -9999.000 -9999.000 -9999.000 17.984 17.827 14.292 20019.058 20020.486 20021.492 -9999.000 -9999.000
-9999.000 -9999.000 -9999.000 -9999.000 -9999.000 -9999.000 -9999.000 -9999.000 20.914 16.369 12.722 10.716 16.036 20020.075 20021.379 -9999.000 -9999.000
-9999.000 -9999.000 -9999.000 -9999.000 -9999.000 -9999.000 -9999.000 -9999.000 16.477 10.298 10.341 10.449 20017.396 20019.220 20020.991 -9999.000 -9999.000
-9999.000 -9999.000 -9999.000 -9999.000 -9999.000 -9999.000 -9999.000 17.905 10.907 10.299 10.279 10.395 13.877 20019.445 20020.989 -9999.000 -9999.000
-9999.000 -9999.000 -9999.000 -9999.000 -9999.000 -9999.000 20.824 11.474 10.139 10.128 10.379 13.204 21.956 15.288 23.346 -9999.000 -9999.000
-9999.000 -9999.000 -9999.000 -9999.000 -9999.000 -9999.000 17.260 11.250 9.978 10.263 9.960 10.414 11.128 14.157 24.089 -9999.000 -9999.000
-9999.000 -9999.000 -9999.000 -9999.000 -9999.000 -9999.000 19.994 17.045 9.952 10.154 9.696 10.160 10.075 11.314 25.500 -9999.000 -9999.000
-9999.000 -9999.000 -9999.000 -9999.000 -9999.000 -9999.000 -9999.000 13.085 9.897 10.022 9.698 9.908 10.028 13.187 18.662 -9999.000 -9999.000
-9999.000 -9999.000 -9999.000 -9999.000 -9999.000 -9999.000 15.400 13.699 9.853 9.960 9.737 9.577 9.995 14.011 13.565 19.222 -9999.000
-9999.000 -9999.000 -9999.000 -9999.000 -9999.000 16.047 9.927 9.763 9.681 9.872 9.273 9.518 9.900 10.095 13.664 17.020 -9999.000
-9999.000 -9999.000 -9999.000 14.475 14.402 10.242 9.670 9.510 9.540 9.758 9.051 9.186 9.763 9.896 10.582 18.112 -9999.000
-9999.000 -9999.000 -9999.000 10.429 9.750 9.538 9.437 9.346 9.004 9.036 6.212 7.355 9.596 9.701 20014.745 20.888 -9999.000
-9999.000 -9999.000 12.415 9.505 9.359 9.322 9.310 8.940 7.734 5.084 6.009 8.867 9.494 9.687 16.695 22.234 -9999.000
-9999.000 10.163 9.398 9.218 9.096 9.135 8.978 7.963 5.406 6.748 9.042 9.353 9.489 9.731 15.563 -9999.000 -9999.000
-9999.000 9.163 9.063 8.646 8.286 7.095 6.755 7.051 2.514 7.520 9.409 9.448 9.618 16.034 20015.803 20015.848 -9999.000
-9999.000 8.984 8.383 6.712 4.953 4.973 3.833 1.519 1.944 8.660 9.339 9.546 12.786 16.771 18.977 -9999.000 -9999.000
-9999.000 8.483 7.257 3.706 0.419 0.053 0.051 1.355 4.414 7.842 9.119 9.606 9.915 13.087 -9999.000 -9999.000 -9999.000
-9999.000 -9999.000 2.775 0.056 0.054 2.322 4.670 8.290 6.129 9.399 9.582 9.760 10.045 13.048 -9999.000 -9999.000 -9999.000
-9999.000 -9999.000 0.058 0.059 5.300 8.290 8.429 9.373 8.779 8.887 9.702 9.835 12.751 -9999.000 -9999.000 -9999.000 -9999.000
-9999.000 -9999.000 -9999.000 -9999.000 8.359 9.035 9.058 9.431 9.423 8.920 9.419 9.872 14.852 -9999.000 -9999.000 -9999.000 -9999.000
-9999.000 -9999.000 -9999.000 -9999.000 -9999.000 9.256 9.519 9.537 9.614 9.597 9.753 9.940 10.000 10.801 -9999.000 -9999.000 -9999.000
-9999.000 -9999.000 -9999.000 -9999.000 -9999.000 -9999.000 10.627 10.668 9.701 9.793 9.956 10.016 10.028 11.825 18.918 -9999.000 -9999.000
-9999.000 -9999.000 -9999.000 -9999.000 -9999.000 -9999.000 -9999.000 17.175 13.495 9.902 9.983 10.101 10.065 11.974 -9999.000 -9999.000 -9999.000
-9999.000 -9999.000 -9999.000 -9999.000 -9999.000 -9999.000 -9999.000 -9999.000 16.505 11.504 10.095 10.341 11.038 13.176 16.853 -9999.000 -9999.000
-9999.000 -9999.000 -9999.000 -9999.000 -9999.000 -9999.000 -9999.000 -9999.000 -9999.000 -9999.000 -9999.000 -9999.000 -9999.000 -9999.000 -9999.000 -9999.000 -9999.000