tests/3D/WG1_2.0_001/maps/TaN0014.asc
ncols         17
nrows         27
xllcorner     624603.750000
yllcorner     5171346.250000
cellsize      500.000000
NODATA_value  -9999.0
-9999.000 -9999.000 -9999.000 -9999.000 -9999.000 -9999.000 -9999.000 -9999.000 -9999.000 -9999.000 -9999.000 -9999.000 -9999.000 -9999.000 -9999.000 -9999.000 -9999.000
-9999.000 -9999.000 -9999.000 -9999.000 -9999.000 -9999.000 -9999.000 -9999.000 -9999.000 -9999.000 -9999.000 -13.869 -14.458 -15.915 -9999.000 -9999.000 -9999.000
-9999.000 -9999.000 -9999.000 -9999.000 -9999.000 -9999.000 -9999.000 -9999.000 -9999.000 -14.275 -13.094 -11.596 -13.656 -15.550 -16.881 -9999.000 -9999.000
-9999.000 -9999.000 -9999.000 -9999.000 -9999.000 -9999.000 -9999.000 -9999.000 -13.427 -12.063 -11.243 -10.896 -11.812 -15.191 -15.467 -9999.000 -9999.000
-9999.000 -9999.000 -9999.000 -9999.000 -9999.000 -9999.000 -9999.000 -9999.000 -12.277 -9.978 -9.915 -10.391 -11.254 -12.952 -13.865 -9999.000 -9999.000
-9999.000 -9999.000 -9999.000 -9999.000 -9999.000 -9999.000 -9999.000 -12.794 -11.003 -8.951 -8.216 -10.547 -11.426 -13.139 -14.059 -9999.000 -9999.000
-9999.000 -9999.000 -9999.000 -9999.000 -9999.000 -9999.000 -14.288 -11.047 -10.380 -7.588 -9.141 -11.372 -13.272 -12.810 -13.138 -9999.000 -9999.000
-9999.000 -9999.000 -9999.000 -9999.000 -9999.000 -9999.000 -12.947 -11.003 -9.507 -8.173 -7.073 -10.743 -10.946 -11.520 -13.206 -9999.000 -9999.000
-9999.000 -9999.000 -9999.000 -9999.000 -9999.000 -9999.000 -13.684 -12.746 -10.500 -9.013 -6.414 -8.357 -9.720 -10.866 -14.042 -9999.000 -9999.000
-9999.000 -9999.000 -9999.000 -9999.000 -9999.000 -9999.000 -9999.000 -11.641 -9.972 -8.394 -6.603 -6.980 -8.759 -11.358 -12.458 -9999.000 -9999.000
-9999.000 -9999.000 -9999.000 -9999.000 -9999.000 -9999.000 -12.458 -11.891 -10.356 -8.944 -6.791 -6.331 -10.038 -11.654 -11.351 -12.476 -9999.000
-9999.000 -9999.000 -9999.000 -9999.000 -9999.000 -12.766 -10.690 -10.060 -9.761 -8.390 -5.927 -6.390 -10.094 -10.541 -11.399 -12.043 -9999.000
-9999.000 -9999.000 -9999.000 -12.433 -12.294 -10.885 -9.762 -8.481 -7.779 -7.402 -5.539 -5.915 -8.898 -10.087 -10.756 -12.494 -9999.000
-9999.000 -9999.000 -9999.000 -10.989 -10.687 -9.486 -9.177 -7.371 -6.324 -5.710 -4.188 -4.668 -7.763 -10.055 -11.664 -13.544 -9999.000
-9999.000 -9999.000 -11.794 -10.429 -8.798 -8.930 -7.746 -6.445 -4.868 -3.573 -4.041 -5.816 -7.740 -8.949 -12.509 -14.725 -9999.000
-9999.000 -11.054 -9.767 -8.362 -8.241 -7.564 -6.857 -5.045 -3.776 -4.412 -6.235 -7.309 -8.810 -10.146 -12.186 -9999.000 -9999.000
-9999.000 -9.467 -7.401 -6.853 -5.971 -4.832 -4.607 -4.633 -2.484 -4.836 -8.556 -9.789 -10.421 -12.563 -13.135 -14.620 -9999.000
-9999.000 -7.977 -6.242 -4.713 -3.837 -3.753 -3.111 -2.207 -2.335 -5.962 -8.424 -10.217 -11.614 -12.766 -13.971 -9999.000 -9999.000
-9999.000 -6.340 -4.861 -3.134 -1.899 -1.723 -1.602 -2.132 -3.346 -5.049 -6.873 -7.752 -9.777 -11.605 -9999.000 -9999.000 -9999.000
-9999.000 -9999.000 -2.689 -1.318 -1.284 -2.490 -3.541 -5.279 -4.238 -7.133 -9.540 -9.681 -10.483 -11.550 -9999.000 -9999.000 -9999.000
-9999.000 -9999.000 -1.099 -1.658 -3.954 -5.725 -5.924 -7.558 -5.660 -5.679 -8.099 -10.064 -11.583 -9999.000 -9999.000 -9999.000 -9999.000
-9999.000 -9999.000 -9999.000 -9999.000 -6.092 -8.128 -7.058 -9.169 -7.000 -5.547 -6.635 -9.507 -12.366 -9999.000 -9999.000 -9999.000 -9999.000
-9999.000 -9999.000 -9999.000 -9999.000 -9999.000 -10.393 -9.098 -9.404 -9.110 -7.037 -7.039 -9.697 -10.469 -10.926 -9999.000 -9999.000 -9999.000
-9999.000 -9999.000 -9999.000 -9999.000 -9999.000 -9999.000 -11.133 -11.089 -9.977 -8.836 -8.106 -8.517 -9.363 -11.307 -13.681 -9999.000 -9999.000
-9999.000 -9999.000 -9999.000 -9999.000 -9999.000 -9999.000 -9999.000 -13.785 -12.060 -9.931 -8.660 -8.869 -10.523 -11.446 -9999.000 -9999.000 -9999.000
-9999.000 -9999.000 -9999.000 -9999.000 -9999.000 -9999.000 -9999.000 -9999.000 -13.304 -11.275 -10.377 -10.656 -10.982 -11.657 -12.963 -9999.000 -9999.000
-9999.000 -9999.000 -9999.000 -9999.000 -9999.000 -9999.000 -9999.000 -9999.000 -9999.000 -9999.000 -9999.000 -9999.000 -9999.000 -9999.000 -9999.000 -9999.000 -9999.000