tests/3D/WG1_2.0_001/maps/TaN0009.asc
ncols         17
nrows         27
xllcorner     624603.750000
yllcorner     5171346.250000
cellsize      500.000000
NODATA_value  -9999.0
-9999.000 -9999.000 -9999.000 -9999.000 -9999.000 -9999.000 -9999.000 -9999.000 -9999.000 -9999.000 -9999.000 -9999.000 -9999.000 -9999.000 -9999.000 -9999.000 -9999.000
-9999.000 -9999.000 -9999.000 -9999.000 -9999.000 -9999.000 -9999.000 -9999.000 -9999.000 -9999.000 -9999.000 -9.126 -9.665 -10.998 -9999.000 -9999.000 -9999.000
-9999.000 -9999.000 -9999.000 -9999.000 -9999.000 -9999.000 -9999.000 -9999.000 -9999.000 -9.494 -8.416 -7.051 -8.933 -10.664 -11.882 -9999.000 -9999.000
-9999.000 -9999.000 -9999.000 -9999.000 -9999.000 -9999.000 -9999.000 -9999.000 -8.718 -7.474 -6.727 -6.412 -7.250 -10.336 -10.591 -9999.000 -9999.000
-9999.000 -9999.000 -9999.000 -9999.000 -9999.000 -9999.000 -9999.000 -9999.000 -7.667 -5.570 -5.514 -5.950 -6.740 -8.292 -9.128 -9999.000 -9999.000
-9999.000 -9999.000 -9999.000 -9999.000 -9999.000 -9999.000 -9999.000 -8.137 -6.504 -4.632 -3.962 -6.092 -6.896 -8.462 -9.304 -9999.000 -9999.000
-9999.000 -9999.000 -9999.000 -9999.000 -9999.000 -9999.000 -9.499 -6.542 -5.934 -3.387 -4.806 -6.844 -8.580 -8.160 -8.463 -9999.000 -9999.000
-9999.000 -9999.000 -9999.000 -9999.000 -9999.000 -9999.000 -8.275 -6.501 -5.137 -3.920 -2.917 -6.269 -6.455 -6.982 -8.523 -9999.000 -9999.000
-9999.000 -9999.000 -9999.000 -9999.000 -9999.000 -9999.000 -8.947 -8.091 -6.042 -4.686 -2.315 -4.089 -5.335 -6.383 -9.284 -9999.000 -9999.000
-9999.000 -9999.000 -9999.000 -9999.000 -9999.000 -9999.000 -9999.000 -7.081 -5.559 -4.120 -2.486 -2.832 -4.456 -6.830 -7.837 -9999.000 -9999.000
-9999.000 -9999.000 -9999.000 -9999.000 -9999.000 -9999.000 -7.826 -7.309 -5.908 -4.620 -2.657 -2.238 -5.623 -7.099 -6.824 -7.853 -9999.000
-9999.000 -9999.000 -9999.000 -9999.000 -9999.000 -8.105 -6.211 -5.636 -5.365 -4.113 -1.867 -2.291 -5.673 -6.082 -6.867 -7.456 -9999.000
-9999.000 -9999.000 -9999.000 -7.800 -7.673 -6.387 -5.362 -4.194 -3.554 -3.211 -1.512 -1.856 -4.580 -5.667 -6.278 -7.866 -9999.000
-9999.000 -9999.000 -9999.000 -6.481 -6.205 -5.109 -4.828 -3.180 -2.225 -1.666 -0.278 -0.716 -3.543 -5.636 -7.107 -8.824 -9999.000
-9999.000 -9999.000 -7.215 -5.969 -4.480 -4.600 -3.520 -2.333 -0.895 0.286 -0.143 -1.764 -3.521 -4.626 -7.876 -9.900 -9999.000
-9999.000 -6.540 -5.364 -4.080 -3.969 -3.352 -2.707 -1.055 0.103 -0.479 -2.144 -3.126 -4.497 -5.717 -7.581 -9999.000 -9999.000
-9999.000 -5.090 -3.202 -2.700 -1.895 -0.857 -0.653 -0.677 1.283 -0.865 -4.262 -5.389 -5.967 -7.923 -8.446 -9.802 -9999.000
-9999.000 -3.728 -2.140 -0.743 0.055 0.131 0.715 1.538 1.419 -1.893 -4.141 -5.779 -7.055 -8.108 -9.208 -9999.000 -9999.000
-9999.000 -2.232 -0.876 0.701 1.827 1.984 2.092 1.607 0.497 -1.059 -2.725 -3.529 -5.378 -7.047 -9999.000 -9999.000 -9999.000
-9999.000 -9999.000 1.108 2.361 2.389 1.285 0.323 -1.266 -0.317 -2.961 -5.159 -5.289 -6.022 -6.997 -9999.000 -9999.000 -9999.000
-9999.000 -9999.000 2.555 2.047 -0.051 -1.670 -1.854 -3.348 -1.616 -1.634 -3.844 -5.639 -7.027 -9999.000 -9999.000 -9999.000 -9999.000
-9999.000 -9999.000 -9999.000 -9999.000 -2.007 -3.867 -2.891 -4.819 -2.840 -1.514 -2.509 -5.131 -7.741 -9999.000 -9999.000 -9999.000 -9999.000
-9999.000 -9999.000 -9999.000 -9999.000 -9999.000 -5.938 -4.755 -5.035 -4.767 -2.876 -2.878 -5.304 -6.010 -6.427 -9999.000 -9999.000 -9999.000
-9999.000 -9999.000 -9999.000 -9999.000 -9999.000 -9999.000 -6.615 -6.575 -5.560 -4.518 -3.852 -4.228 -5.001 -6.776 -8.943 -9999.000 -9999.000
-9999.000 -9999.000 -9999.000 -9999.000 -9999.000 -9999.000 -9999.000 -9.037 -7.462 -5.519 -4.359 -4.550 -6.059 -6.902 -9999.000 -9999.000 -9999.000
-9999.000 -9999.000 -9999.000 -9999.000 -9999.000 -9999.000 -9999.000 -9999.000 -8.598 -6.746 -5.926 -6.181 -6.479 -7.095 -8.287 -9999.000 -9999.000
-9999.000 -9999.000 -9999.000 -9999.000 -9999.000 -9999.000 -9999.000 -9999.000 -9999.000 -9999.000 -9999.000 -9999.000 -9999.000 -9999.000 -9999.000 -9999.000 -9999.000