tests/3D/WG1_2.0_001/maps/TaN0015.asc
ncols         17
nrows         27
xllcorner     624603.750000
yllcorner     5171346.250000
cellsize      500.000000
NODATA_value  -9999.0
-9999.000 -9999.000 -9999.000 -9999.000 -9999.000 -9999.000 -9999.000 -9999.000 -9999.000 -9999.000 -9999.000 -9999.000 -9999.000 -9999.000 -9999.000 -9999.000 -9999.000
-9999.000 -9999.000 -9999.000 -9999.000 -9999.000 -9999.000 -9999.000 -9999.000 -9999.000 -9999.000 -9999.000 -14.982 -15.578 -17.060 -9999.000 -9999.000 -9999.000
-9999.000 -9999.000 -9999.000 -9999.000 -9999.000 -9999.000 -9999.000 -9999.000 -9999.000 -15.398 -14.195 -12.669 -14.763 -16.688 -18.040 -9999.000 -9999.000
-9999.000 -9999.000 -9999.000 -9999.000 -9999.000 -9999.000 -9999.000 -9999.000 -14.538 -13.149 -12.313 -11.958 -12.888 -16.323 -16.602 -9999.000 -9999.000
-9999.000 -9999.000 -9999.000 -9999.000 -9999.000 -9999.000 -9999.000 -9999.000 -13.368 -11.028 -10.962 -11.445 -12.322 -14.047 -14.972 -9999.000 -9999.000
-9999.000 -9999.000 -9999.000 -9999.000 -9999.000 -9999.000 -9999.000 -13.897 -12.074 -9.984 -9.235 -11.605 -12.497 -14.238 -15.171 -9999.000 -9999.000
-9999.000 -9999.000 -9999.000 -9999.000 -9999.000 -9999.000 -15.419 -12.120 -11.441 -8.599 -10.177 -12.446 -14.376 -13.904 -14.236 -9999.000 -9999.000
-9999.000 -9999.000 -9999.000 -9999.000 -9999.000 -9999.000 -14.056 -12.077 -10.554 -9.195 -8.075 -11.807 -12.011 -12.594 -14.307 -9999.000 -9999.000
-9999.000 -9999.000 -9999.000 -9999.000 -9999.000 -9999.000 -14.807 -13.852 -11.565 -10.051 -7.406 -9.381 -10.765 -11.929 -15.159 -9999.000 -9999.000
-9999.000 -9999.000 -9999.000 -9999.000 -9999.000 -9999.000 -9999.000 -12.729 -11.029 -9.423 -7.599 -7.981 -9.789 -12.431 -13.549 -9999.000 -9999.000
-9999.000 -9999.000 -9999.000 -9999.000 -9999.000 -9999.000 -13.562 -12.985 -11.421 -9.983 -7.792 -7.322 -11.092 -12.734 -12.424 -13.567 -9999.000
-9999.000 -9999.000 -9999.000 -9999.000 -9999.000 -13.878 -11.766 -11.123 -10.818 -9.421 -6.914 -7.384 -11.150 -11.603 -12.475 -13.128 -9999.000
-9999.000 -9999.000 -9999.000 -13.543 -13.401 -11.967 -10.823 -9.518 -8.803 -8.418 -6.521 -6.902 -9.935 -11.143 -11.822 -13.589 -9999.000
-9999.000 -9999.000 -9999.000 -12.076 -11.768 -10.546 -10.230 -8.391 -7.324 -6.698 -5.148 -5.634 -8.781 -11.112 -12.748 -14.659 -9999.000
-9999.000 -9999.000 -12.898 -11.510 -9.849 -9.981 -8.775 -7.450 -5.844 -4.525 -5.000 -6.804 -8.760 -9.988 -13.608 -15.861 -9999.000
-9999.000 -12.148 -10.840 -9.409 -9.284 -8.594 -7.873 -6.028 -4.735 -5.380 -7.233 -8.324 -9.850 -11.206 -13.281 -9999.000 -9999.000
-9999.000 -10.537 -8.435 -7.876 -6.978 -5.817 -5.586 -5.610 -3.422 -5.812 -9.595 -10.848 -11.489 -13.666 -14.247 -15.756 -9999.000
-9999.000 -9.024 -7.259 -5.702 -4.809 -4.720 -4.065 -3.142 -3.271 -6.959 -9.462 -11.284 -12.704 -13.874 -15.098 -9999.000 -9999.000
-9999.000 -7.363 -5.858 -4.099 -2.839 -2.657 -2.531 -3.068 -4.300 -6.030 -7.885 -8.777 -10.835 -12.693 -9999.000 -9999.000 -9999.000
-9999.000 -9999.000 -3.651 -2.253 -2.215 -3.438 -4.504 -6.270 -5.208 -8.151 -10.598 -10.740 -11.553 -12.638 -9999.000 -9999.000 -9999.000
-9999.000 -9999.000 -2.034 -2.600 -4.932 -6.730 -6.930 -8.589 -6.655 -6.672 -9.132 -11.130 -12.674 -9999.000 -9999.000 -9999.000 -9999.000
-9999.000 -9999.000 -9999.000 -9999.000 -7.106 -9.174 -8.083 -10.227 -8.018 -6.537 -7.643 -10.563 -13.470 -9999.000 -9999.000 -9999.000 -9999.000
-9999.000 -9999.000 -9999.000 -9999.000 -9999.000 -11.477 -10.156 -10.465 -10.164 -8.053 -8.053 -10.756 -11.539 -12.003 -9999.000 -9999.000 -9999.000
-9999.000 -9999.000 -9999.000 -9999.000 -9999.000 -9999.000 -12.226 -12.179 -11.046 -9.882 -9.138 -9.554 -10.414 -12.391 -14.805 -9999.000 -9999.000
-9999.000 -9999.000 -9999.000 -9999.000 -9999.000 -9999.000 -9999.000 -14.920 -13.163 -10.996 -9.701 -9.912 -11.594 -12.532 -9999.000 -9999.000 -9999.000
-9999.000 -9999.000 -9999.000 -9999.000 -9999.000 -9999.000 -9999.000 -9999.000 -14.427 -12.361 -11.447 -11.729 -12.060 -12.746 -14.073 -9999.000 -9999.000
-9999.000 -9999.000 -9999.000 -9999.000 -9999.000 -9999.000 -9999.000 -9999.000 -9999.000 -9999.000 -9999.000 -9999.000 -9999.000 -9999.000 -9999.000 -9999.000 -9999.000