tests/3D/WG1_2.0_001/maps/TaN0011.asc
ncols         17
nrows         27
xllcorner     624603.750000
yllcorner     5171346.250000
cellsize      500.000000
NODATA_value  -9999.0
-9999.000 -9999.000 -9999.000 -9999.000 -9999.000 -9999.000 -9999.000 -9999.000 -9999.000 -9999.000 -9999.000 -9999.000 -9999.000 -9999.000 -9999.000 -9999.000 -9999.000
-9999.000 -9999.000 -9999.000 -9999.000 -9999.000 -9999.000 -9999.000 -9999.000 -9999.000 -9999.000 -9999.000 -14.465 -15.213 -15.977 -9999.000 -9999.000 -9999.000
-9999.000 -9999.000 -9999.000 -9999.000 -9999.000 -9999.000 -9999.000 -9999.000 -9999.000 -13.338 -13.575 -14.069 -14.900 -15.743 -16.353 -9999.000 -9999.000
-9999.000 -9999.000 -9999.000 -9999.000 -9999.000 -9999.000 -9999.000 -9999.000 -12.885 -12.902 -13.009 -13.418 -14.294 -15.350 -15.985 -9999.000 -9999.000
-9999.000 -9999.000 -9999.000 -9999.000 -9999.000 -9999.000 -9999.000 -9999.000 -12.346 -12.242 -12.288 -12.817 -13.775 -14.794 -15.397 -9999.000 -9999.000
-9999.000 -9999.000 -9999.000 -9999.000 -9999.000 -9999.000 -9999.000 -12.186 -11.790 -11.507 -11.649 -12.375 -13.416 -14.375 -14.906 -9999.000 -9999.000
-9999.000 -9999.000 -9999.000 -9999.000 -9999.000 -9999.000 -12.555 -12.137 -11.506 -10.985 -11.170 -12.001 -13.086 -13.998 -14.496 -9999.000 -9999.000
-9999.000 -9999.000 -9999.000 -9999.000 -9999.000 -9999.000 -12.468 -12.077 -11.239 -10.616 -10.641 -11.409 -12.502 -13.506 -14.064 -9999.000 -9999.000
-9999.000 -9999.000 -9999.000 -9999.000 -9999.000 -9999.000 -12.347 -11.934 -11.154 -10.388 -10.161 -10.744 -11.835 -12.967 -13.621 -9999.000 -9999.000
-9999.000 -9999.000 -9999.000 -9999.000 -9999.000 -9999.000 -9999.000 -11.658 -10.953 -10.132 -9.719 -10.152 -11.244 -12.466 -13.223 -9999.000 -9999.000
-9999.000 -9999.000 -9999.000 -9999.000 -9999.000 -9999.000 -11.513 -11.215 -10.626 -9.814 -9.372 -9.749 -10.848 -12.080 -12.910 -13.333 -9999.000
-9999.000 -9999.000 -9999.000 -9999.000 -9999.000 -11.279 -11.017 -10.624 -9.934 -9.222 -8.877 -9.300 -10.429 -11.695 -12.652 -13.104 -9999.000
-9999.000 -9999.000 -9999.000 -11.253 -11.132 -10.787 -10.358 -9.725 -9.028 -8.416 -8.229 -8.765 -9.962 -11.338 -12.456 -13.011 -9999.000
-9999.000 -9999.000 -9999.000 -10.791 -10.613 -10.117 -9.459 -8.725 -8.032 -7.579 -7.627 -8.330 -9.614 -11.090 -12.376 -13.031 -9999.000
-9999.000 -9999.000 -10.187 -10.012 -9.702 -9.150 -8.478 -7.753 -7.181 -7.032 -7.452 -8.382 -9.698 -11.154 -12.317 -13.030 -9999.000
-9999.000 -9.686 -9.456 -9.093 -8.549 -8.014 -7.411 -6.837 -6.571 -6.902 -7.775 -8.941 -10.229 -11.516 -12.557 -9999.000 -9999.000
-9999.000 -8.864 -8.505 -7.858 -7.219 -6.718 -6.257 -5.975 -6.125 -6.946 -8.200 -9.550 -10.795 -11.934 -12.703 -13.275 -9999.000
-9999.000 -7.694 -7.263 -6.542 -5.922 -5.576 -5.368 -5.439 -5.970 -7.112 -8.528 -9.905 -11.070 -11.991 -12.716 -9999.000 -9999.000
-9999.000 -6.613 -6.103 -5.426 -5.031 -4.994 -5.114 -5.475 -6.144 -7.279 -8.614 -9.894 -10.949 -11.692 -9999.000 -9999.000 -9999.000
-9999.000 -9999.000 -5.045 -4.778 -4.898 -5.313 -5.726 -6.191 -6.718 -7.616 -8.759 -9.924 -10.791 -11.256 -9999.000 -9999.000 -9999.000
-9999.000 -9999.000 -4.324 -4.891 -5.597 -6.389 -6.917 -7.269 -7.436 -7.919 -8.797 -9.877 -10.609 -9999.000 -9999.000 -9999.000 -9999.000
-9999.000 -9999.000 -9999.000 -9999.000 -6.677 -7.654 -8.239 -8.413 -8.244 -8.319 -8.879 -9.821 -10.570 -9999.000 -9999.000 -9999.000 -9999.000
-9999.000 -9999.000 -9999.000 -9999.000 -9999.000 -8.844 -9.352 -9.499 -9.127 -8.858 -9.030 -9.714 -10.485 -11.113 -9999.000 -9999.000 -9999.000
-9999.000 -9999.000 -9999.000 -9999.000 -9999.000 -9999.000 -10.220 -10.352 -10.080 -9.609 -9.449 -9.815 -10.546 -11.108 -11.547 -9999.000 -9999.000
-9999.000 -9999.000 -9999.000 -9999.000 -9999.000 -9999.000 -9999.000 -11.018 -10.767 -10.337 -9.957 -10.081 -10.645 -11.234 -9999.000 -9999.000 -9999.000
-9999.000 -9999.000 -9999.000 -9999.000 -9999.000 -9999.000 -9999.000 -9999.000 -11.139 -10.690 -10.242 -10.258 -10.752 -11.260 -11.653 -9999.000 -9999.000
-9999.000 -9999.000 -9999.000 -9999.000 -9999.000 -9999.000 -9999.000 -9999.000 -9999.000 -9999.000 -9999.000 -9999.000 -9999.000 -9999.000 -9999.000 -9999.000 -9999.000