tests/3D/WG1_2.0_001/maps/TaN0001.asc
ncols         17
nrows         27
xllcorner     624603.750000
yllcorner     5171346.250000
cellsize      500.000000
NODATA_value  -9999.0
-9999.000 -9999.000 -9999.000 -9999.000 -9999.000 -9999.000 -9999.000 -9999.000 -9999.000 -9999.000 -9999.000 -9999.000 -9999.000 -9999.000 -9999.000 -9999.000 -9999.000
-9999.000 -9999.000 -9999.000 -9999.000 -9999.000 -9999.000 -9999.000 -9999.000 -9999.000 -9999.000 -9999.000 1.168 0.828 -0.007 -9999.000 -9999.000 -9999.000
-9999.000 -9999.000 -9999.000 -9999.000 -9999.000 -9999.000 -9999.000 -9999.000 -9999.000 0.941 1.613 2.465 1.286 0.201 -0.563 -9999.000 -9999.000
-9999.000 -9999.000 -9999.000 -9999.000 -9999.000 -9999.000 -9999.000 -9999.000 1.428 2.204 2.670 2.865 2.339 0.406 0.244 -9999.000 -9999.000
-9999.000 -9999.000 -9999.000 -9999.000 -9999.000 -9999.000 -9999.000 -9999.000 2.086 3.395 3.429 3.154 2.658 1.685 1.160 -9999.000 -9999.000
-9999.000 -9999.000 -9999.000 -9999.000 -9999.000 -9999.000 -9999.000 1.793 2.813 3.982 4.399 3.066 2.561 1.580 1.050 -9999.000 -9999.000
-9999.000 -9999.000 -9999.000 -9999.000 -9999.000 -9999.000 0.942 2.790 3.169 4.761 3.872 2.596 1.509 1.769 1.577 -9999.000 -9999.000
-9999.000 -9999.000 -9999.000 -9999.000 -9999.000 -9999.000 1.708 2.816 3.668 4.428 5.053 2.956 2.838 2.507 1.541 -9999.000 -9999.000
-9999.000 -9999.000 -9999.000 -9999.000 -9999.000 -9999.000 1.288 1.822 3.102 3.949 5.430 4.319 3.539 2.882 1.066 -9999.000 -9999.000
-9999.000 -9999.000 -9999.000 -9999.000 -9999.000 -9999.000 -9999.000 2.453 3.404 4.303 5.324 5.106 4.089 2.603 1.972 -9999.000 -9999.000
-9999.000 -9999.000 -9999.000 -9999.000 -9999.000 -9999.000 1.988 2.310 3.186 3.990 5.217 5.478 3.360 2.436 2.607 1.963 -9999.000
-9999.000 -9999.000 -9999.000 -9999.000 -9999.000 1.813 2.997 3.356 3.525 4.307 5.711 5.445 3.330 3.073 2.581 2.212 -9999.000
-9999.000 -9999.000 -9999.000 2.004 2.083 2.887 3.527 4.258 4.657 4.871 5.934 5.717 4.013 3.333 2.950 1.956 -9999.000
-9999.000 -9999.000 -9999.000 2.827 3.000 3.684 3.860 4.891 5.488 5.837 6.705 6.431 4.663 3.353 2.433 1.359 -9999.000
-9999.000 -9999.000 2.367 3.146 4.077 4.002 4.677 5.420 6.319 7.058 6.789 5.776 4.676 3.986 1.952 0.687 -9999.000
-9999.000 2.787 3.521 4.324 4.394 4.781 5.184 6.218 6.942 6.579 5.538 4.924 4.067 3.303 2.138 -9999.000 -9999.000
-9999.000 3.689 4.870 5.184 5.688 6.339 6.468 6.453 7.679 6.337 4.214 3.509 3.148 1.925 1.598 0.749 -9999.000
-9999.000 4.536 5.529 6.405 6.905 6.954 7.321 7.838 7.764 5.694 4.289 3.265 2.467 1.810 1.121 -9999.000 -9999.000
-9999.000 5.465 6.315 7.304 8.011 8.111 8.181 7.879 7.187 6.215 5.174 4.673 3.516 2.473 -9999.000 -9999.000 -9999.000
-9999.000 -9999.000 7.550 8.338 8.359 7.672 7.073 6.083 6.678 5.026 3.652 3.572 3.114 2.505 -9999.000 -9999.000 -9999.000
-9999.000 -9999.000 8.450 8.138 6.831 5.823 5.711 4.780 5.865 5.855 4.475 3.353 2.486 -9999.000 -9999.000 -9999.000 -9999.000
-9999.000 -9999.000 -9999.000 -9999.000 5.607 4.449 5.063 3.860 5.100 5.931 5.310 3.672 2.040 -9999.000 -9999.000 -9999.000 -9999.000
-9999.000 -9999.000 -9999.000 -9999.000 -9999.000 3.154 3.898 3.726 3.895 5.080 5.080 3.564 3.123 2.863 -9999.000 -9999.000 -9999.000
-9999.000 -9999.000 -9999.000 -9999.000 -9999.000 -9999.000 2.736 2.764 3.401 4.054 4.471 4.238 3.755 2.646 1.291 -9999.000 -9999.000
-9999.000 -9999.000 -9999.000 -9999.000 -9999.000 -9999.000 -9999.000 1.226 2.213 3.429 4.156 4.037 3.094 2.567 -9999.000 -9999.000 -9999.000
-9999.000 -9999.000 -9999.000 -9999.000 -9999.000 -9999.000 -9999.000 -9999.000 1.504 2.663 3.177 3.018 2.833 2.448 1.702 -9999.000 -9999.000
-9999.000 -9999.000 -9999.000 -9999.000 -9999.000 -9999.000 -9999.000 -9999.000 -9999.000 -9999.000 -9999.000 -9999.000 -9999.000 -9999.000 -9999.000 -9999.000 -9999.000