tests/3D/WG1_2.0_001/maps/TaN0014.asc
ncols         17
nrows         27
xllcorner     624603.750000
yllcorner     5171346.250000
cellsize      500.000000
NODATA_value  -9999.0
-9999.000 -9999.000 -9999.000 -9999.000 -9999.000 -9999.000 -9999.000 -9999.000 -9999.000 -9999.000 -9999.000 -9999.000 -9999.000 -9999.000 -9999.000 -9999.000 -9999.000
-9999.000 -9999.000 -9999.000 -9999.000 -9999.000 -9999.000 -9999.000 -9999.000 -9999.000 -9999.000 -9999.000 -12.030 -12.736 -13.463 -9999.000 -9999.000 -9999.000
-9999.000 -9999.000 -9999.000 -9999.000 -9999.000 -9999.000 -9999.000 -9999.000 -9999.000 -10.999 -11.186 -11.632 -12.418 -13.224 -13.803 -9999.000 -9999.000
-9999.000 -9999.000 -9999.000 -9999.000 -9999.000 -9999.000 -9999.000 -9999.000 -10.606 -10.571 -10.624 -10.983 -11.813 -12.829 -13.432 -9999.000 -9999.000
-9999.000 -9999.000 -9999.000 -9999.000 -9999.000 -9999.000 -9999.000 -9999.000 -10.080 -9.921 -9.913 -10.388 -11.298 -12.276 -12.844 -9999.000 -9999.000
-9999.000 -9999.000 -9999.000 -9999.000 -9999.000 -9999.000 -9999.000 -9.990 -9.541 -9.201 -9.287 -9.958 -10.949 -11.864 -12.359 -9999.000 -9999.000
-9999.000 -9999.000 -9999.000 -9999.000 -9999.000 -9999.000 -10.429 -9.962 -9.276 -8.699 -8.827 -9.602 -10.634 -11.500 -11.961 -9999.000 -9999.000
-9999.000 -9999.000 -9999.000 -9999.000 -9999.000 -9999.000 -10.364 -9.924 -9.034 -8.355 -8.323 -9.034 -10.072 -11.029 -11.546 -9999.000 -9999.000
-9999.000 -9999.000 -9999.000 -9999.000 -9999.000 -9999.000 -10.267 -9.808 -8.976 -8.155 -7.871 -8.398 -9.434 -10.517 -11.128 -9999.000 -9999.000
-9999.000 -9999.000 -9999.000 -9999.000 -9999.000 -9999.000 -9999.000 -9.558 -8.804 -7.931 -7.463 -7.839 -8.877 -10.050 -10.763 -9999.000 -9999.000
-9999.000 -9999.000 -9999.000 -9999.000 -9999.000 -9999.000 -9.483 -9.144 -8.508 -7.646 -7.152 -7.475 -8.521 -9.703 -10.488 -10.873 -9999.000
-9999.000 -9999.000 -9999.000 -9999.000 -9999.000 -9.307 -9.012 -8.580 -7.849 -7.090 -6.695 -7.067 -8.145 -9.362 -10.275 -10.688 -9999.000
-9999.000 -9999.000 -9999.000 -9.348 -9.207 -8.836 -8.376 -7.709 -6.973 -6.319 -6.086 -6.574 -7.723 -9.052 -10.126 -10.643 -9999.000
-9999.000 -9999.000 -9999.000 -8.899 -8.703 -8.185 -7.500 -6.736 -6.008 -5.516 -5.522 -6.181 -7.420 -8.852 -10.097 -10.713 -9999.000
-9999.000 -9999.000 -8.319 -8.131 -7.806 -7.236 -6.541 -5.789 -5.186 -5.003 -5.384 -6.275 -7.549 -8.964 -10.088 -10.764 -9999.000
-9999.000 -7.829 -7.594 -7.222 -6.666 -6.117 -5.494 -4.896 -4.603 -4.904 -5.743 -6.873 -8.123 -9.372 -10.376 -9999.000 -9999.000
-9999.000 -7.009 -6.649 -5.996 -5.349 -4.836 -4.359 -4.057 -4.183 -4.977 -6.201 -7.518 -8.728 -9.833 -10.568 -11.107 -9999.000
-9999.000 -5.840 -5.412 -4.690 -4.064 -3.710 -3.488 -3.542 -4.052 -5.170 -6.560 -7.907 -9.041 -9.929 -10.623 -9999.000 -9999.000
-9999.000 -4.764 -4.261 -3.585 -3.187 -3.143 -3.252 -3.598 -4.249 -5.362 -6.673 -7.926 -8.953 -9.667 -9999.000 -9999.000 -9999.000
-9999.000 -9999.000 -3.219 -2.954 -3.071 -3.479 -3.882 -4.333 -4.844 -5.722 -6.843 -7.984 -8.826 -9.264 -9999.000 -9999.000 -9999.000
-9999.000 -9999.000 -2.524 -3.088 -3.788 -4.572 -5.090 -5.429 -5.581 -6.046 -6.904 -7.962 -8.671 -9999.000 -9999.000 -9999.000 -9999.000
-9999.000 -9999.000 -9999.000 -9999.000 -4.886 -5.853 -6.428 -6.589 -6.406 -6.465 -7.007 -7.928 -8.655 -9999.000 -9999.000 -9999.000 -9999.000
-9999.000 -9999.000 -9999.000 -9999.000 -9999.000 -7.058 -7.555 -7.691 -7.305 -7.020 -7.176 -7.841 -8.592 -9.199 -9999.000 -9999.000 -9999.000
-9999.000 -9999.000 -9999.000 -9999.000 -9999.000 -9999.000 -8.436 -8.557 -8.272 -7.786 -7.611 -7.959 -8.672 -9.214 -9.634 -9999.000 -9999.000
-9999.000 -9999.000 -9999.000 -9999.000 -9999.000 -9999.000 -9999.000 -9.234 -8.971 -8.528 -8.133 -8.240 -8.787 -9.358 -9999.000 -9999.000 -9999.000
-9999.000 -9999.000 -9999.000 -9999.000 -9999.000 -9999.000 -9999.000 -9999.000 -9.353 -8.892 -8.429 -8.430 -8.909 -9.400 -9.775 -9999.000 -9999.000
-9999.000 -9999.000 -9999.000 -9999.000 -9999.000 -9999.000 -9999.000 -9999.000 -9999.000 -9999.000 -9999.000 -9999.000 -9999.000 -9999.000 -9999.000 -9999.000 -9999.000