tests/3D/WG1_2.0_001/maps/TaN0013.asc
ncols         17
nrows         27
xllcorner     624603.750000
yllcorner     5171346.250000
cellsize      500.000000
NODATA_value  -9999.0
-9999.000 -9999.000 -9999.000 -9999.000 -9999.000 -9999.000 -9999.000 -9999.000 -9999.000 -9999.000 -9999.000 -9999.000 -9999.000 -9999.000 -9999.000 -9999.000 -9999.000
-9999.000 -9999.000 -9999.000 -9999.000 -9999.000 -9999.000 -9999.000 -9999.000 -9999.000 -9999.000 -9999.000 -9.599 -10.242 -10.904 -9999.000 -9999.000 -9999.000
-9999.000 -9999.000 -9999.000 -9999.000 -9999.000 -9999.000 -9999.000 -9999.000 -9999.000 -8.689 -8.821 -9.206 -9.925 -10.659 -11.167 -9999.000 -9999.000
-9999.000 -9999.000 -9999.000 -9999.000 -9999.000 -9999.000 -9999.000 -9999.000 -8.358 -8.275 -8.273 -8.567 -9.327 -10.268 -10.795 -9999.000 -9999.000
-9999.000 -9999.000 -9999.000 -9999.000 -9999.000 -9999.000 -9999.000 -9999.000 -7.850 -7.644 -7.579 -7.991 -8.828 -9.728 -10.217 -9999.000 -9999.000
-9999.000 -9999.000 -9999.000 -9999.000 -9999.000 -9999.000 -9999.000 -7.819 -7.332 -6.947 -6.977 -7.585 -8.504 -9.340 -9.755 -9999.000 -9999.000
-9999.000 -9999.000 -9999.000 -9999.000 -9999.000 -9999.000 -8.309 -7.813 -7.092 -6.471 -6.546 -7.260 -8.222 -9.011 -9.392 -9999.000 -9999.000
-9999.000 -9999.000 -9999.000 -9999.000 -9999.000 -9999.000 -8.264 -7.798 -6.875 -6.155 -6.073 -6.727 -7.699 -8.583 -9.024 -9999.000 -9999.000
-9999.000 -9999.000 -9999.000 -9999.000 -9999.000 -9999.000 -8.188 -7.705 -6.843 -5.985 -5.656 -6.129 -7.105 -8.119 -8.660 -9999.000 -9999.000
-9999.000 -9999.000 -9999.000 -9999.000 -9999.000 -9999.000 -9999.000 -7.478 -6.697 -5.790 -5.282 -5.610 -6.593 -7.705 -8.353 -9999.000 -9999.000
-9999.000 -9999.000 -9999.000 -9999.000 -9999.000 -9999.000 -7.443 -7.085 -6.426 -5.534 -5.004 -5.285 -6.282 -7.410 -8.137 -8.464 -9999.000
-9999.000 -9999.000 -9999.000 -9999.000 -9999.000 -7.298 -6.989 -6.542 -5.789 -5.005 -4.578 -4.913 -5.949 -7.118 -7.980 -8.341 -9999.000
-9999.000 -9999.000 -9999.000 -7.369 -7.221 -6.841 -6.370 -5.689 -4.935 -4.257 -3.997 -4.453 -5.565 -6.853 -7.882 -8.354 -9999.000
-9999.000 -9999.000 -9999.000 -6.931 -6.730 -6.204 -5.509 -4.732 -3.987 -3.475 -3.457 -4.088 -5.295 -6.692 -7.897 -8.474 -9999.000
-9999.000 -9999.000 -6.365 -6.174 -5.844 -5.266 -4.562 -3.798 -3.180 -2.979 -3.340 -4.206 -5.452 -6.836 -7.926 -8.568 -9999.000
-9999.000 -5.889 -5.651 -5.276 -4.714 -4.157 -3.525 -2.916 -2.610 -2.895 -3.715 -4.823 -6.049 -7.271 -8.246 -9999.000 -9999.000
-9999.000 -5.080 -4.716 -4.058 -3.404 -2.884 -2.398 -2.086 -2.200 -2.979 -4.186 -5.484 -6.673 -7.755 -8.464 -8.976 -9999.000
-9999.000 -3.921 -3.487 -2.759 -2.125 -1.763 -1.533 -1.577 -2.075 -3.180 -4.555 -5.885 -7.000 -7.868 -8.539 -9999.000 -9999.000
-9999.000 -2.852 -2.340 -1.657 -1.251 -1.199 -1.300 -1.636 -2.276 -3.378 -4.675 -5.914 -6.924 -7.619 -9999.000 -9999.000 -9999.000
-9999.000 -9999.000 -1.296 -1.023 -1.134 -1.534 -1.930 -2.372 -2.873 -3.741 -4.850 -5.977 -6.804 -7.226 -9999.000 -9999.000 -9999.000
-9999.000 -9999.000 -0.589 -1.150 -1.846 -2.625 -3.137 -3.468 -3.611 -4.066 -4.914 -5.960 -6.656 -9999.000 -9999.000 -9999.000 -9999.000
-9999.000 -9999.000 -9999.000 -9999.000 -2.939 -3.902 -4.472 -4.627 -4.436 -4.486 -5.018 -5.929 -6.644 -9999.000 -9999.000 -9999.000 -9999.000
-9999.000 -9999.000 -9999.000 -9999.000 -9999.000 -5.104 -5.596 -5.726 -5.334 -5.041 -5.187 -5.843 -6.584 -7.179 -9999.000 -9999.000 -9999.000
-9999.000 -9999.000 -9999.000 -9999.000 -9999.000 -9999.000 -6.474 -6.590 -6.299 -5.806 -5.622 -5.962 -6.666 -7.197 -7.607 -9999.000 -9999.000
-9999.000 -9999.000 -9999.000 -9999.000 -9999.000 -9999.000 -9999.000 -7.265 -6.995 -6.546 -6.143 -6.243 -6.782 -7.343 -9999.000 -9999.000 -9999.000
-9999.000 -9999.000 -9999.000 -9999.000 -9999.000 -9999.000 -9999.000 -9999.000 -7.375 -6.908 -6.439 -6.433 -6.903 -7.386 -7.753 -9999.000 -9999.000
-9999.000 -9999.000 -9999.000 -9999.000 -9999.000 -9999.000 -9999.000 -9999.000 -9999.000 -9999.000 -9999.000 -9999.000 -9999.000 -9999.000 -9999.000 -9999.000 -9999.000