tests/3D/WG1_2.0_001/maps/thetaliqL0001N0012.asc
ncols         17
nrows         27
xllcorner     624603.750000
yllcorner     5171346.250000
cellsize      500.000000
NODATA_value  -9999.0
-9999.000 -9999.000 -9999.000 -9999.000 -9999.000 -9999.000 -9999.000 -9999.000 -9999.000 -9999.000 -9999.000 -9999.000 -9999.000 -9999.000 -9999.000 -9999.000 -9999.000
-9999.000 -9999.000 -9999.000 -9999.000 -9999.000 -9999.000 -9999.000 -9999.000 -9999.000 -9999.000 -9999.000 0.262 0.246 0.252 -9999.000 -9999.000 -9999.000
-9999.000 -9999.000 -9999.000 -9999.000 -9999.000 -9999.000 -9999.000 -9999.000 -9999.000 0.137 0.144 0.142 0.246 0.250 0.244 -9999.000 -9999.000
-9999.000 -9999.000 -9999.000 -9999.000 -9999.000 -9999.000 -9999.000 -9999.000 0.139 0.151 0.138 0.145 0.143 0.241 0.249 -9999.000 -9999.000
-9999.000 -9999.000 -9999.000 -9999.000 -9999.000 -9999.000 -9999.000 -9999.000 0.139 0.207 0.137 0.186 0.248 0.246 0.249 -9999.000 -9999.000
-9999.000 -9999.000 -9999.000 -9999.000 -9999.000 -9999.000 -9999.000 0.140 0.140 0.138 0.142 0.215 0.146 0.250 0.247 -9999.000 -9999.000
-9999.000 -9999.000 -9999.000 -9999.000 -9999.000 -9999.000 0.139 0.148 0.139 0.139 0.136 0.139 0.148 0.142 0.249 -9999.000 -9999.000
-9999.000 -9999.000 -9999.000 -9999.000 -9999.000 -9999.000 0.140 0.140 0.140 0.139 0.137 0.137 0.138 0.140 0.141 -9999.000 -9999.000
-9999.000 -9999.000 -9999.000 -9999.000 -9999.000 -9999.000 0.148 0.140 0.140 0.138 0.137 0.138 0.138 0.149 0.140 -9999.000 -9999.000
-9999.000 -9999.000 -9999.000 -9999.000 -9999.000 -9999.000 -9999.000 0.154 0.139 0.139 0.137 0.138 0.140 0.133 0.139 -9999.000 -9999.000
-9999.000 -9999.000 -9999.000 -9999.000 -9999.000 -9999.000 0.139 0.139 0.140 0.139 0.137 0.137 0.139 0.140 0.149 0.146 -9999.000
-9999.000 -9999.000 -9999.000 -9999.000 -9999.000 0.140 0.140 0.140 0.139 0.138 0.138 0.137 0.138 0.140 0.146 0.146 -9999.000
-9999.000 -9999.000 -9999.000 0.139 0.138 0.139 0.139 0.139 0.138 0.138 0.138 0.138 0.139 0.145 0.200 0.140 -9999.000
-9999.000 -9999.000 -9999.000 0.140 0.138 0.141 0.138 0.138 0.138 0.137 0.138 0.138 0.135 0.140 0.250 0.145 -9999.000
-9999.000 -9999.000 0.140 0.140 0.141 0.139 0.139 0.138 0.138 0.138 0.138 0.138 0.140 0.141 0.136 0.147 -9999.000
-9999.000 0.137 0.138 0.139 0.138 0.138 0.138 0.138 0.139 0.139 0.138 0.140 0.137 0.147 0.148 -9999.000 -9999.000
-9999.000 0.138 0.138 0.138 0.130 0.137 0.139 0.144 0.139 0.139 0.135 0.139 0.139 0.139 0.249 0.245 -9999.000
-9999.000 0.138 0.136 0.138 0.142 0.148 0.137 0.134 0.140 0.138 0.138 0.138 0.140 0.148 0.146 -9999.000 -9999.000
-9999.000 0.134 0.139 0.151 0.137 0.137 0.141 0.140 0.139 0.139 0.140 0.141 0.140 0.141 -9999.000 -9999.000 -9999.000
-9999.000 -9999.000 0.136 0.140 0.152 0.142 0.140 0.139 0.139 0.139 0.139 0.140 0.217 0.147 -9999.000 -9999.000 -9999.000
-9999.000 -9999.000 0.138 0.137 0.143 0.139 0.138 0.139 0.139 0.139 0.138 0.140 0.147 -9999.000 -9999.000 -9999.000 -9999.000
-9999.000 -9999.000 -9999.000 -9999.000 0.139 0.139 0.140 0.139 0.139 0.140 0.140 0.140 0.140 -9999.000 -9999.000 -9999.000 -9999.000
-9999.000 -9999.000 -9999.000 -9999.000 -9999.000 0.139 0.140 0.140 0.139 0.139 0.139 0.137 0.143 0.141 -9999.000 -9999.000 -9999.000
-9999.000 -9999.000 -9999.000 -9999.000 -9999.000 -9999.000 0.141 0.141 0.141 0.140 0.140 0.140 0.162 0.141 0.141 -9999.000 -9999.000
-9999.000 -9999.000 -9999.000 -9999.000 -9999.000 -9999.000 -9999.000 0.140 0.141 0.140 0.141 0.140 0.140 0.141 -9999.000 -9999.000 -9999.000
-9999.000 -9999.000 -9999.000 -9999.000 -9999.000 -9999.000 -9999.000 -9999.000 0.139 0.141 0.141 0.141 0.148 0.149 0.139 -9999.000 -9999.000
-9999.000 -9999.000 -9999.000 -9999.000 -9999.000 -9999.000 -9999.000 -9999.000 -9999.000 -9999.000 -9999.000 -9999.000 -9999.000 -9999.000 -9999.000 -9999.000 -9999.000