tests/3D/WG1_2.0_001/maps/thetaliqL0003N0015.asc
ncols         17
nrows         27
xllcorner     624603.750000
yllcorner     5171346.250000
cellsize      500.000000
NODATA_value  -9999.0
-9999.000 -9999.000 -9999.000 -9999.000 -9999.000 -9999.000 -9999.000 -9999.000 -9999.000 -9999.000 -9999.000 -9999.000 -9999.000 -9999.000 -9999.000 -9999.000 -9999.000
-9999.000 -9999.000 -9999.000 -9999.000 -9999.000 -9999.000 -9999.000 -9999.000 -9999.000 -9999.000 -9999.000 0.289 0.328 0.316 -9999.000 -9999.000 -9999.000
-9999.000 -9999.000 -9999.000 -9999.000 -9999.000 -9999.000 -9999.000 -9999.000 -9999.000 0.286 0.284 0.277 0.328 0.319 0.337 -9999.000 -9999.000
-9999.000 -9999.000 -9999.000 -9999.000 -9999.000 -9999.000 -9999.000 -9999.000 0.274 0.291 0.277 0.274 0.281 0.354 0.320 -9999.000 -9999.000
-9999.000 -9999.000 -9999.000 -9999.000 -9999.000 -9999.000 -9999.000 -9999.000 0.268 0.288 0.293 0.288 0.323 0.330 0.321 -9999.000 -9999.000
-9999.000 -9999.000 -9999.000 -9999.000 -9999.000 -9999.000 -9999.000 0.269 0.268 0.276 0.276 0.289 0.276 0.319 0.325 -9999.000 -9999.000
-9999.000 -9999.000 -9999.000 -9999.000 -9999.000 -9999.000 0.283 0.283 0.276 0.272 0.314 0.279 0.275 0.276 0.292 -9999.000 -9999.000
-9999.000 -9999.000 -9999.000 -9999.000 -9999.000 -9999.000 0.270 0.265 0.268 0.268 0.272 0.315 0.277 0.265 0.302 -9999.000 -9999.000
-9999.000 -9999.000 -9999.000 -9999.000 -9999.000 -9999.000 0.276 0.278 0.263 0.279 0.249 0.256 0.268 0.290 0.292 -9999.000 -9999.000
-9999.000 -9999.000 -9999.000 -9999.000 -9999.000 -9999.000 -9999.000 0.282 0.266 0.273 0.272 0.270 0.267 0.312 0.273 -9999.000 -9999.000
-9999.000 -9999.000 -9999.000 -9999.000 -9999.000 -9999.000 0.258 0.271 0.266 0.256 0.263 0.261 0.278 0.273 0.285 0.274 -9999.000
-9999.000 -9999.000 -9999.000 -9999.000 -9999.000 0.259 0.267 0.268 0.245 0.264 0.259 0.259 0.286 0.273 0.284 0.273 -9999.000
-9999.000 -9999.000 -9999.000 0.260 0.302 0.270 0.266 0.244 0.247 0.244 0.250 0.270 0.284 0.270 0.286 0.274 -9999.000
-9999.000 -9999.000 -9999.000 0.260 0.270 0.261 0.263 0.243 0.252 0.263 0.252 0.246 0.268 0.270 0.319 0.274 -9999.000
-9999.000 -9999.000 0.259 0.261 0.262 0.275 0.245 0.241 0.248 0.243 0.248 0.261 0.271 0.275 0.312 0.274 -9999.000
-9999.000 0.250 0.252 0.253 0.271 0.257 0.237 0.241 0.247 0.276 0.272 0.247 0.315 0.277 0.271 -9999.000 -9999.000
-9999.000 0.245 0.251 0.246 0.262 0.260 0.258 0.263 0.245 0.254 0.292 0.280 0.283 0.281 0.321 0.332 -9999.000
-9999.000 0.238 0.270 0.251 0.255 0.260 0.271 0.262 0.257 0.274 0.253 0.261 0.265 0.286 0.270 -9999.000 -9999.000
-9999.000 0.264 0.240 0.258 0.268 0.267 0.254 0.262 0.259 0.263 0.266 0.267 0.266 0.263 -9999.000 -9999.000 -9999.000
-9999.000 -9999.000 0.264 0.270 0.262 0.262 0.271 0.263 0.243 0.264 0.242 0.268 0.284 0.277 -9999.000 -9999.000 -9999.000
-9999.000 -9999.000 0.268 0.257 0.271 0.264 0.285 0.278 0.271 0.251 0.267 0.271 0.272 -9999.000 -9999.000 -9999.000 -9999.000
-9999.000 -9999.000 -9999.000 -9999.000 0.258 0.262 0.248 0.252 0.265 0.246 0.251 0.265 0.261 -9999.000 -9999.000 -9999.000 -9999.000
-9999.000 -9999.000 -9999.000 -9999.000 -9999.000 0.266 0.264 0.257 0.249 0.270 0.261 0.274 0.272 0.262 -9999.000 -9999.000 -9999.000
-9999.000 -9999.000 -9999.000 -9999.000 -9999.000 -9999.000 0.264 0.262 0.256 0.257 0.259 0.261 0.282 0.264 0.265 -9999.000 -9999.000
-9999.000 -9999.000 -9999.000 -9999.000 -9999.000 -9999.000 -9999.000 0.273 0.261 0.263 0.258 0.255 0.251 0.263 -9999.000 -9999.000 -9999.000
-9999.000 -9999.000 -9999.000 -9999.000 -9999.000 -9999.000 -9999.000 -9999.000 0.281 0.270 0.268 0.266 0.279 0.273 0.296 -9999.000 -9999.000
-9999.000 -9999.000 -9999.000 -9999.000 -9999.000 -9999.000 -9999.000 -9999.000 -9999.000 -9999.000 -9999.000 -9999.000 -9999.000 -9999.000 -9999.000 -9999.000 -9999.000