tests/3D/WG1_2.0_001/maps/thetaliqL0004N0009.asc
ncols         17
nrows         27
xllcorner     624603.750000
yllcorner     5171346.250000
cellsize      500.000000
NODATA_value  -9999.0
-9999.000 -9999.000 -9999.000 -9999.000 -9999.000 -9999.000 -9999.000 -9999.000 -9999.000 -9999.000 -9999.000 -9999.000 -9999.000 -9999.000 -9999.000 -9999.000 -9999.000
-9999.000 -9999.000 -9999.000 -9999.000 -9999.000 -9999.000 -9999.000 -9999.000 -9999.000 -9999.000 -9999.000 0.328 0.341 0.328 -9999.000 -9999.000 -9999.000
-9999.000 -9999.000 -9999.000 -9999.000 -9999.000 -9999.000 -9999.000 -9999.000 -9999.000 0.364 0.347 0.332 0.342 0.332 0.350 -9999.000 -9999.000
-9999.000 -9999.000 -9999.000 -9999.000 -9999.000 -9999.000 -9999.000 -9999.000 0.350 0.344 0.350 0.335 0.342 0.368 0.333 -9999.000 -9999.000
-9999.000 -9999.000 -9999.000 -9999.000 -9999.000 -9999.000 -9999.000 -9999.000 0.344 0.338 0.367 0.339 0.336 0.343 0.334 -9999.000 -9999.000
-9999.000 -9999.000 -9999.000 -9999.000 -9999.000 -9999.000 -9999.000 0.340 0.342 0.349 0.337 0.338 0.338 0.332 0.338 -9999.000 -9999.000
-9999.000 -9999.000 -9999.000 -9999.000 -9999.000 -9999.000 0.354 0.336 0.346 0.346 0.381 0.351 0.337 0.333 0.331 -9999.000 -9999.000
-9999.000 -9999.000 -9999.000 -9999.000 -9999.000 -9999.000 0.342 0.344 0.346 0.346 0.350 0.380 0.350 0.341 0.365 -9999.000 -9999.000
-9999.000 -9999.000 -9999.000 -9999.000 -9999.000 -9999.000 0.344 0.350 0.341 0.357 0.333 0.335 0.338 0.344 0.357 -9999.000 -9999.000
-9999.000 -9999.000 -9999.000 -9999.000 -9999.000 -9999.000 -9999.000 0.334 0.346 0.345 0.350 0.345 0.342 0.375 0.346 -9999.000 -9999.000
-9999.000 -9999.000 -9999.000 -9999.000 -9999.000 -9999.000 0.335 0.343 0.337 0.336 0.343 0.343 0.353 0.344 0.338 0.339 -9999.000
-9999.000 -9999.000 -9999.000 -9999.000 -9999.000 0.340 0.338 0.338 0.329 0.342 0.338 0.341 0.361 0.339 0.345 0.332 -9999.000
-9999.000 -9999.000 -9999.000 0.340 0.371 0.343 0.339 0.328 0.329 0.327 0.331 0.347 0.360 0.330 0.337 0.346 -9999.000
-9999.000 -9999.000 -9999.000 0.334 0.345 0.330 0.342 0.328 0.335 0.343 0.335 0.329 0.347 0.346 0.332 0.334 -9999.000
-9999.000 -9999.000 0.335 0.334 0.330 0.353 0.330 0.327 0.332 0.325 0.330 0.348 0.336 0.341 0.376 0.338 -9999.000
-9999.000 0.335 0.336 0.334 0.349 0.340 0.323 0.325 0.330 0.353 0.348 0.330 0.377 0.336 0.332 -9999.000 -9999.000
-9999.000 0.332 0.335 0.332 0.333 0.331 0.336 0.339 0.324 0.338 0.359 0.354 0.354 0.353 0.334 0.346 -9999.000
-9999.000 0.328 0.345 0.334 0.334 0.325 0.331 0.339 0.333 0.350 0.338 0.340 0.340 0.344 0.328 -9999.000 -9999.000
-9999.000 0.333 0.324 0.330 0.327 0.327 0.331 0.338 0.340 0.341 0.346 0.334 0.346 0.339 -9999.000 -9999.000 -9999.000
-9999.000 -9999.000 0.336 0.328 0.334 0.342 0.349 0.344 0.327 0.344 0.325 0.345 0.334 0.341 -9999.000 -9999.000 -9999.000
-9999.000 -9999.000 0.330 0.329 0.348 0.342 0.357 0.352 0.347 0.334 0.343 0.338 0.334 -9999.000 -9999.000 -9999.000 -9999.000
-9999.000 -9999.000 -9999.000 -9999.000 0.338 0.341 0.331 0.337 0.342 0.329 0.334 0.338 0.342 -9999.000 -9999.000 -9999.000 -9999.000
-9999.000 -9999.000 -9999.000 -9999.000 -9999.000 0.348 0.342 0.341 0.334 0.350 0.339 0.351 0.337 0.337 -9999.000 -9999.000 -9999.000
-9999.000 -9999.000 -9999.000 -9999.000 -9999.000 -9999.000 0.341 0.340 0.334 0.337 0.338 0.339 0.334 0.341 0.342 -9999.000 -9999.000
-9999.000 -9999.000 -9999.000 -9999.000 -9999.000 -9999.000 -9999.000 0.351 0.340 0.342 0.340 0.334 0.332 0.338 -9999.000 -9999.000 -9999.000
-9999.000 -9999.000 -9999.000 -9999.000 -9999.000 -9999.000 -9999.000 -9999.000 0.353 0.344 0.343 0.343 0.338 0.333 0.363 -9999.000 -9999.000
-9999.000 -9999.000 -9999.000 -9999.000 -9999.000 -9999.000 -9999.000 -9999.000 -9999.000 -9999.000 -9999.000 -9999.000 -9999.000 -9999.000 -9999.000 -9999.000 -9999.000