tests/3D/WG1_2.0_001/maps/thetaliqL0002N0005.asc
ncols         17
nrows         27
xllcorner     624603.750000
yllcorner     5171346.250000
cellsize      500.000000
NODATA_value  -9999.0
-9999.000 -9999.000 -9999.000 -9999.000 -9999.000 -9999.000 -9999.000 -9999.000 -9999.000 -9999.000 -9999.000 -9999.000 -9999.000 -9999.000 -9999.000 -9999.000 -9999.000
-9999.000 -9999.000 -9999.000 -9999.000 -9999.000 -9999.000 -9999.000 -9999.000 -9999.000 -9999.000 -9999.000 0.298 0.322 0.310 -9999.000 -9999.000 -9999.000
-9999.000 -9999.000 -9999.000 -9999.000 -9999.000 -9999.000 -9999.000 -9999.000 -9999.000 0.330 0.316 0.299 0.322 0.314 0.330 -9999.000 -9999.000
-9999.000 -9999.000 -9999.000 -9999.000 -9999.000 -9999.000 -9999.000 -9999.000 0.313 0.308 0.310 0.301 0.313 0.347 0.314 -9999.000 -9999.000
-9999.000 -9999.000 -9999.000 -9999.000 -9999.000 -9999.000 -9999.000 -9999.000 0.308 0.301 0.334 0.299 0.317 0.323 0.315 -9999.000 -9999.000
-9999.000 -9999.000 -9999.000 -9999.000 -9999.000 -9999.000 -9999.000 0.304 0.307 0.314 0.298 0.298 0.304 0.313 0.319 -9999.000 -9999.000
-9999.000 -9999.000 -9999.000 -9999.000 -9999.000 -9999.000 0.323 0.302 0.310 0.315 0.353 0.318 0.304 0.299 0.299 -9999.000 -9999.000
-9999.000 -9999.000 -9999.000 -9999.000 -9999.000 -9999.000 0.306 0.311 0.315 0.317 0.317 0.351 0.312 0.301 0.340 -9999.000 -9999.000
-9999.000 -9999.000 -9999.000 -9999.000 -9999.000 -9999.000 0.318 0.322 0.308 0.326 0.300 0.293 0.299 0.308 0.329 -9999.000 -9999.000
-9999.000 -9999.000 -9999.000 -9999.000 -9999.000 -9999.000 -9999.000 0.301 0.315 0.311 0.321 0.310 0.307 0.342 0.305 -9999.000 -9999.000
-9999.000 -9999.000 -9999.000 -9999.000 -9999.000 -9999.000 0.302 0.309 0.304 0.302 0.313 0.312 0.322 0.307 0.299 0.306 -9999.000
-9999.000 -9999.000 -9999.000 -9999.000 -9999.000 0.309 0.305 0.304 0.291 0.309 0.307 0.310 0.329 0.301 0.313 0.299 -9999.000
-9999.000 -9999.000 -9999.000 0.308 0.346 0.310 0.308 0.291 0.291 0.291 0.299 0.317 0.330 0.291 0.298 0.308 -9999.000
-9999.000 -9999.000 -9999.000 0.303 0.313 0.299 0.309 0.292 0.304 0.310 0.305 0.297 0.313 0.312 0.313 0.300 -9999.000
-9999.000 -9999.000 0.305 0.305 0.300 0.326 0.298 0.295 0.304 0.294 0.301 0.323 0.301 0.305 0.347 0.311 -9999.000
-9999.000 0.301 0.303 0.307 0.325 0.310 0.293 0.297 0.302 0.325 0.320 0.298 0.349 0.305 0.303 -9999.000 -9999.000
-9999.000 0.298 0.307 0.297 0.298 0.300 0.306 0.310 0.296 0.309 0.331 0.326 0.326 0.323 0.315 0.326 -9999.000
-9999.000 0.292 0.318 0.306 0.306 0.295 0.302 0.310 0.306 0.323 0.303 0.306 0.311 0.315 0.300 -9999.000 -9999.000
-9999.000 0.303 0.297 0.303 0.298 0.298 0.305 0.312 0.314 0.315 0.323 0.302 0.316 0.306 -9999.000 -9999.000 -9999.000
-9999.000 -9999.000 0.310 0.298 0.309 0.317 0.324 0.318 0.300 0.315 0.289 0.318 0.302 0.315 -9999.000 -9999.000 -9999.000
-9999.000 -9999.000 0.301 0.302 0.323 0.317 0.332 0.328 0.324 0.304 0.315 0.306 0.307 -9999.000 -9999.000 -9999.000 -9999.000
-9999.000 -9999.000 -9999.000 -9999.000 0.313 0.317 0.306 0.306 0.318 0.301 0.304 0.307 0.312 -9999.000 -9999.000 -9999.000 -9999.000
-9999.000 -9999.000 -9999.000 -9999.000 -9999.000 0.325 0.317 0.318 0.303 0.328 0.314 0.321 0.305 0.305 -9999.000 -9999.000 -9999.000
-9999.000 -9999.000 -9999.000 -9999.000 -9999.000 -9999.000 0.318 0.315 0.307 0.313 0.314 0.313 0.304 0.312 0.314 -9999.000 -9999.000
-9999.000 -9999.000 -9999.000 -9999.000 -9999.000 -9999.000 -9999.000 0.330 0.313 0.314 0.313 0.307 0.302 0.306 -9999.000 -9999.000 -9999.000
-9999.000 -9999.000 -9999.000 -9999.000 -9999.000 -9999.000 -9999.000 -9999.000 0.326 0.319 0.319 0.317 0.311 0.306 0.338 -9999.000 -9999.000
-9999.000 -9999.000 -9999.000 -9999.000 -9999.000 -9999.000 -9999.000 -9999.000 -9999.000 -9999.000 -9999.000 -9999.000 -9999.000 -9999.000 -9999.000 -9999.000 -9999.000