tests/3D/WG1_2.0_001/maps/thetaliqL0001N0003.asc
ncols         17
nrows         27
xllcorner     624603.750000
yllcorner     5171346.250000
cellsize      500.000000
NODATA_value  -9999.0
-9999.000 -9999.000 -9999.000 -9999.000 -9999.000 -9999.000 -9999.000 -9999.000 -9999.000 -9999.000 -9999.000 -9999.000 -9999.000 -9999.000 -9999.000 -9999.000 -9999.000
-9999.000 -9999.000 -9999.000 -9999.000 -9999.000 -9999.000 -9999.000 -9999.000 -9999.000 -9999.000 -9999.000 0.299 0.319 0.308 -9999.000 -9999.000 -9999.000
-9999.000 -9999.000 -9999.000 -9999.000 -9999.000 -9999.000 -9999.000 -9999.000 -9999.000 0.331 0.316 0.299 0.320 0.311 0.328 -9999.000 -9999.000
-9999.000 -9999.000 -9999.000 -9999.000 -9999.000 -9999.000 -9999.000 -9999.000 0.314 0.308 0.312 0.301 0.312 0.345 0.312 -9999.000 -9999.000
-9999.000 -9999.000 -9999.000 -9999.000 -9999.000 -9999.000 -9999.000 -9999.000 0.309 0.301 0.333 0.299 0.314 0.321 0.313 -9999.000 -9999.000
-9999.000 -9999.000 -9999.000 -9999.000 -9999.000 -9999.000 -9999.000 0.304 0.307 0.314 0.299 0.298 0.304 0.311 0.317 -9999.000 -9999.000
-9999.000 -9999.000 -9999.000 -9999.000 -9999.000 -9999.000 0.322 0.302 0.311 0.313 0.351 0.317 0.304 0.300 0.299 -9999.000 -9999.000
-9999.000 -9999.000 -9999.000 -9999.000 -9999.000 -9999.000 0.307 0.311 0.314 0.313 0.316 0.349 0.313 0.303 0.338 -9999.000 -9999.000
-9999.000 -9999.000 -9999.000 -9999.000 -9999.000 -9999.000 0.317 0.321 0.308 0.325 0.298 0.296 0.299 0.307 0.328 -9999.000 -9999.000
-9999.000 -9999.000 -9999.000 -9999.000 -9999.000 -9999.000 -9999.000 0.301 0.314 0.311 0.317 0.309 0.306 0.342 0.307 -9999.000 -9999.000
-9999.000 -9999.000 -9999.000 -9999.000 -9999.000 -9999.000 0.302 0.309 0.304 0.302 0.310 0.310 0.320 0.307 0.299 0.306 -9999.000
-9999.000 -9999.000 -9999.000 -9999.000 -9999.000 0.309 0.305 0.305 0.293 0.309 0.305 0.307 0.328 0.302 0.312 0.299 -9999.000
-9999.000 -9999.000 -9999.000 0.308 0.345 0.310 0.308 0.293 0.293 0.291 0.298 0.314 0.328 0.292 0.299 0.308 -9999.000
-9999.000 -9999.000 -9999.000 0.303 0.313 0.298 0.309 0.293 0.304 0.311 0.305 0.297 0.314 0.312 0.311 0.301 -9999.000
-9999.000 -9999.000 0.305 0.304 0.299 0.324 0.298 0.296 0.303 0.294 0.300 0.317 0.302 0.306 0.346 0.310 -9999.000
-9999.000 0.301 0.303 0.304 0.321 0.310 0.293 0.296 0.302 0.324 0.318 0.296 0.348 0.304 0.303 -9999.000 -9999.000
-9999.000 0.299 0.304 0.298 0.299 0.300 0.307 0.309 0.296 0.308 0.327 0.325 0.325 0.322 0.313 0.324 -9999.000
-9999.000 0.292 0.317 0.307 0.305 0.296 0.302 0.308 0.304 0.322 0.304 0.306 0.310 0.314 0.300 -9999.000 -9999.000
-9999.000 0.303 0.296 0.302 0.297 0.298 0.303 0.310 0.312 0.313 0.317 0.302 0.315 0.306 -9999.000 -9999.000 -9999.000
-9999.000 -9999.000 0.309 0.297 0.307 0.314 0.321 0.316 0.299 0.312 0.290 0.316 0.301 0.313 -9999.000 -9999.000 -9999.000
-9999.000 -9999.000 0.301 0.302 0.321 0.315 0.329 0.323 0.318 0.302 0.312 0.306 0.306 -9999.000 -9999.000 -9999.000 -9999.000
-9999.000 -9999.000 -9999.000 -9999.000 0.311 0.313 0.302 0.304 0.312 0.298 0.301 0.306 0.311 -9999.000 -9999.000 -9999.000 -9999.000
-9999.000 -9999.000 -9999.000 -9999.000 -9999.000 0.321 0.316 0.314 0.302 0.323 0.309 0.321 0.304 0.304 -9999.000 -9999.000 -9999.000
-9999.000 -9999.000 -9999.000 -9999.000 -9999.000 -9999.000 0.311 0.314 0.306 0.309 0.309 0.310 0.304 0.312 0.313 -9999.000 -9999.000
-9999.000 -9999.000 -9999.000 -9999.000 -9999.000 -9999.000 -9999.000 0.312 0.311 0.313 0.311 0.304 0.301 0.306 -9999.000 -9999.000 -9999.000
-9999.000 -9999.000 -9999.000 -9999.000 -9999.000 -9999.000 -9999.000 -9999.000 0.325 0.317 0.315 0.316 0.310 0.305 0.330 -9999.000 -9999.000
-9999.000 -9999.000 -9999.000 -9999.000 -9999.000 -9999.000 -9999.000 -9999.000 -9999.000 -9999.000 -9999.000 -9999.000 -9999.000 -9999.000 -9999.000 -9999.000 -9999.000