tests/3D/WG1_2.0_001/maps/thetaliqL0002N0003.asc
ncols         17
nrows         27
xllcorner     624603.750000
yllcorner     5171346.250000
cellsize      500.000000
NODATA_value  -9999.0
-9999.000 -9999.000 -9999.000 -9999.000 -9999.000 -9999.000 -9999.000 -9999.000 -9999.000 -9999.000 -9999.000 -9999.000 -9999.000 -9999.000 -9999.000 -9999.000 -9999.000
-9999.000 -9999.000 -9999.000 -9999.000 -9999.000 -9999.000 -9999.000 -9999.000 -9999.000 -9999.000 -9999.000 0.301 0.321 0.309 -9999.000 -9999.000 -9999.000
-9999.000 -9999.000 -9999.000 -9999.000 -9999.000 -9999.000 -9999.000 -9999.000 -9999.000 0.333 0.318 0.302 0.322 0.313 0.330 -9999.000 -9999.000
-9999.000 -9999.000 -9999.000 -9999.000 -9999.000 -9999.000 -9999.000 -9999.000 0.316 0.310 0.314 0.303 0.314 0.347 0.314 -9999.000 -9999.000
-9999.000 -9999.000 -9999.000 -9999.000 -9999.000 -9999.000 -9999.000 -9999.000 0.311 0.303 0.335 0.301 0.316 0.323 0.315 -9999.000 -9999.000
-9999.000 -9999.000 -9999.000 -9999.000 -9999.000 -9999.000 -9999.000 0.306 0.309 0.316 0.301 0.300 0.306 0.313 0.319 -9999.000 -9999.000
-9999.000 -9999.000 -9999.000 -9999.000 -9999.000 -9999.000 0.324 0.304 0.313 0.315 0.353 0.319 0.306 0.302 0.302 -9999.000 -9999.000
-9999.000 -9999.000 -9999.000 -9999.000 -9999.000 -9999.000 0.309 0.313 0.316 0.315 0.317 0.351 0.315 0.305 0.341 -9999.000 -9999.000
-9999.000 -9999.000 -9999.000 -9999.000 -9999.000 -9999.000 0.319 0.323 0.310 0.327 0.300 0.298 0.301 0.309 0.330 -9999.000 -9999.000
-9999.000 -9999.000 -9999.000 -9999.000 -9999.000 -9999.000 -9999.000 0.303 0.316 0.313 0.319 0.311 0.308 0.344 0.309 -9999.000 -9999.000
-9999.000 -9999.000 -9999.000 -9999.000 -9999.000 -9999.000 0.304 0.311 0.306 0.304 0.312 0.312 0.322 0.309 0.301 0.308 -9999.000
-9999.000 -9999.000 -9999.000 -9999.000 -9999.000 0.311 0.307 0.307 0.294 0.311 0.307 0.309 0.330 0.304 0.314 0.301 -9999.000
-9999.000 -9999.000 -9999.000 0.310 0.347 0.312 0.310 0.294 0.295 0.293 0.300 0.316 0.330 0.294 0.301 0.310 -9999.000
-9999.000 -9999.000 -9999.000 0.305 0.315 0.300 0.311 0.295 0.305 0.313 0.307 0.299 0.316 0.314 0.313 0.303 -9999.000
-9999.000 -9999.000 0.307 0.306 0.301 0.326 0.300 0.298 0.305 0.296 0.302 0.319 0.304 0.308 0.348 0.312 -9999.000
-9999.000 0.303 0.305 0.306 0.323 0.312 0.294 0.298 0.303 0.326 0.320 0.298 0.350 0.306 0.305 -9999.000 -9999.000
-9999.000 0.300 0.306 0.300 0.301 0.302 0.309 0.311 0.297 0.310 0.329 0.327 0.327 0.324 0.315 0.326 -9999.000
-9999.000 0.294 0.319 0.309 0.307 0.298 0.304 0.310 0.306 0.324 0.306 0.308 0.312 0.316 0.302 -9999.000 -9999.000
-9999.000 0.304 0.298 0.304 0.299 0.300 0.305 0.312 0.314 0.315 0.319 0.304 0.317 0.308 -9999.000 -9999.000 -9999.000
-9999.000 -9999.000 0.311 0.299 0.309 0.316 0.323 0.318 0.300 0.314 0.291 0.318 0.303 0.315 -9999.000 -9999.000 -9999.000
-9999.000 -9999.000 0.302 0.303 0.323 0.317 0.332 0.325 0.321 0.303 0.314 0.308 0.308 -9999.000 -9999.000 -9999.000 -9999.000
-9999.000 -9999.000 -9999.000 -9999.000 0.313 0.315 0.304 0.306 0.315 0.299 0.303 0.308 0.313 -9999.000 -9999.000 -9999.000 -9999.000
-9999.000 -9999.000 -9999.000 -9999.000 -9999.000 0.323 0.318 0.316 0.304 0.325 0.311 0.323 0.306 0.307 -9999.000 -9999.000 -9999.000
-9999.000 -9999.000 -9999.000 -9999.000 -9999.000 -9999.000 0.317 0.316 0.308 0.311 0.311 0.312 0.306 0.314 0.315 -9999.000 -9999.000
-9999.000 -9999.000 -9999.000 -9999.000 -9999.000 -9999.000 -9999.000 0.322 0.314 0.315 0.313 0.306 0.303 0.308 -9999.000 -9999.000 -9999.000
-9999.000 -9999.000 -9999.000 -9999.000 -9999.000 -9999.000 -9999.000 -9999.000 0.327 0.319 0.319 0.318 0.312 0.307 0.335 -9999.000 -9999.000
-9999.000 -9999.000 -9999.000 -9999.000 -9999.000 -9999.000 -9999.000 -9999.000 -9999.000 -9999.000 -9999.000 -9999.000 -9999.000 -9999.000 -9999.000 -9999.000 -9999.000