tests/3D/WG1_2.0_001/maps/thetaiceL0002N0013.asc
ncols         17
nrows         27
xllcorner     624603.750000
yllcorner     5171346.250000
cellsize      500.000000
NODATA_value  -9999.0
-9999.000 -9999.000 -9999.000 -9999.000 -9999.000 -9999.000 -9999.000 -9999.000 -9999.000 -9999.000 -9999.000 -9999.000 -9999.000 -9999.000 -9999.000 -9999.000 -9999.000
-9999.000 -9999.000 -9999.000 -9999.000 -9999.000 -9999.000 -9999.000 -9999.000 -9999.000 -9999.000 -9999.000 0.000 0.001 0.001 -9999.000 -9999.000 -9999.000
-9999.000 -9999.000 -9999.000 -9999.000 -9999.000 -9999.000 -9999.000 -9999.000 -9999.000 0.109 0.115 0.086 0.001 0.001 0.001 -9999.000 -9999.000
-9999.000 -9999.000 -9999.000 -9999.000 -9999.000 -9999.000 -9999.000 -9999.000 0.015 0.055 0.056 0.141 0.067 0.001 0.001 -9999.000 -9999.000
-9999.000 -9999.000 -9999.000 -9999.000 -9999.000 -9999.000 -9999.000 -9999.000 0.041 0.097 0.093 0.089 0.001 0.001 0.001 -9999.000 -9999.000
-9999.000 -9999.000 -9999.000 -9999.000 -9999.000 -9999.000 -9999.000 0.030 0.132 0.061 0.048 0.096 0.071 0.001 0.001 -9999.000 -9999.000
-9999.000 -9999.000 -9999.000 -9999.000 -9999.000 -9999.000 0.040 0.065 0.092 0.044 0.065 0.054 0.001 0.127 0.000 -9999.000 -9999.000
-9999.000 -9999.000 -9999.000 -9999.000 -9999.000 -9999.000 0.071 0.071 0.088 0.048 0.039 0.105 0.055 0.077 0.032 -9999.000 -9999.000
-9999.000 -9999.000 -9999.000 -9999.000 -9999.000 -9999.000 0.035 0.040 0.107 0.063 0.031 0.050 0.084 0.057 0.000 -9999.000 -9999.000
-9999.000 -9999.000 -9999.000 -9999.000 -9999.000 -9999.000 -9999.000 0.064 0.101 0.052 0.033 0.037 0.061 0.056 0.026 -9999.000 -9999.000
-9999.000 -9999.000 -9999.000 -9999.000 -9999.000 -9999.000 0.052 0.067 0.114 0.063 0.036 0.031 0.096 0.066 0.062 0.027 -9999.000
-9999.000 -9999.000 -9999.000 -9999.000 -9999.000 0.048 0.125 0.103 0.091 0.054 0.028 0.032 0.096 0.100 0.062 0.050 -9999.000
-9999.000 -9999.000 -9999.000 0.063 0.063 0.119 0.095 0.061 0.049 0.043 0.025 0.029 0.066 0.103 0.111 0.037 -9999.000
-9999.000 -9999.000 -9999.000 0.146 0.114 0.092 0.079 0.050 0.035 0.026 0.033 0.032 0.047 0.101 0.001 0.030 -9999.000
-9999.000 -9999.000 0.064 0.141 0.072 0.078 0.054 0.038 0.031 0.036 0.034 0.032 0.048 0.069 0.043 0.068 -9999.000
-9999.000 0.150 0.105 0.067 0.065 0.051 0.044 0.032 0.037 0.033 0.035 0.051 0.069 0.115 0.085 -9999.000 -9999.000
-9999.000 0.096 0.056 0.049 0.041 0.038 0.037 0.032 0.046 0.033 0.061 0.098 0.130 0.049 0.001 0.001 -9999.000
-9999.000 0.063 0.046 0.044 0.045 0.041 0.043 0.000 0.044 0.035 0.060 0.113 0.063 0.047 0.112 -9999.000 -9999.000
-9999.000 0.048 0.045 0.051 0.000 0.000 0.000 0.000 0.043 0.036 0.048 0.052 0.095 0.066 -9999.000 -9999.000 -9999.000
-9999.000 -9999.000 0.056 0.000 0.000 0.049 0.045 0.031 0.041 0.045 0.086 0.103 0.132 0.060 -9999.000 -9999.000 -9999.000
-9999.000 -9999.000 0.000 0.000 0.047 0.040 0.041 0.050 0.033 0.031 0.054 0.111 0.056 -9999.000 -9999.000 -9999.000 -9999.000
-9999.000 -9999.000 -9999.000 -9999.000 0.048 0.065 0.055 0.076 0.046 0.030 0.039 0.089 0.056 -9999.000 -9999.000 -9999.000 -9999.000
-9999.000 -9999.000 -9999.000 -9999.000 -9999.000 0.145 0.082 0.094 0.074 0.046 0.043 0.098 0.130 0.138 -9999.000 -9999.000 -9999.000
-9999.000 -9999.000 -9999.000 -9999.000 -9999.000 -9999.000 0.153 0.147 0.118 0.071 0.054 0.061 0.086 0.068 0.028 -9999.000 -9999.000
-9999.000 -9999.000 -9999.000 -9999.000 -9999.000 -9999.000 -9999.000 0.046 0.072 0.106 0.064 0.068 0.139 0.065 -9999.000 -9999.000 -9999.000
-9999.000 -9999.000 -9999.000 -9999.000 -9999.000 -9999.000 -9999.000 -9999.000 0.048 0.071 0.135 0.115 0.064 0.062 0.049 -9999.000 -9999.000
-9999.000 -9999.000 -9999.000 -9999.000 -9999.000 -9999.000 -9999.000 -9999.000 -9999.000 -9999.000 -9999.000 -9999.000 -9999.000 -9999.000 -9999.000 -9999.000 -9999.000