tests/3D/WG1_2.0_001/maps/thetaiceL0002N0015.asc
ncols         17
nrows         27
xllcorner     624603.750000
yllcorner     5171346.250000
cellsize      500.000000
NODATA_value  -9999.0
-9999.000 -9999.000 -9999.000 -9999.000 -9999.000 -9999.000 -9999.000 -9999.000 -9999.000 -9999.000 -9999.000 -9999.000 -9999.000 -9999.000 -9999.000 -9999.000 -9999.000
-9999.000 -9999.000 -9999.000 -9999.000 -9999.000 -9999.000 -9999.000 -9999.000 -9999.000 -9999.000 -9999.000 0.049 0.006 0.005 -9999.000 -9999.000 -9999.000
-9999.000 -9999.000 -9999.000 -9999.000 -9999.000 -9999.000 -9999.000 -9999.000 -9999.000 0.357 0.184 0.149 0.006 0.005 0.006 -9999.000 -9999.000
-9999.000 -9999.000 -9999.000 -9999.000 -9999.000 -9999.000 -9999.000 -9999.000 0.229 0.113 0.203 0.168 0.165 0.007 0.005 -9999.000 -9999.000
-9999.000 -9999.000 -9999.000 -9999.000 -9999.000 -9999.000 -9999.000 -9999.000 0.226 0.096 0.272 0.094 0.005 0.006 0.005 -9999.000 -9999.000
-9999.000 -9999.000 -9999.000 -9999.000 -9999.000 -9999.000 -9999.000 0.196 0.212 0.211 0.139 0.100 0.177 0.005 0.006 -9999.000 -9999.000
-9999.000 -9999.000 -9999.000 -9999.000 -9999.000 -9999.000 0.316 0.124 0.192 0.337 0.366 0.319 0.179 0.159 0.052 -9999.000 -9999.000
-9999.000 -9999.000 -9999.000 -9999.000 -9999.000 -9999.000 0.208 0.280 0.294 0.342 0.340 0.363 0.211 0.258 0.346 -9999.000 -9999.000
-9999.000 -9999.000 -9999.000 -9999.000 -9999.000 -9999.000 0.207 0.317 0.238 0.253 0.332 0.301 0.190 0.117 0.338 -9999.000 -9999.000
-9999.000 -9999.000 -9999.000 -9999.000 -9999.000 -9999.000 -9999.000 0.123 0.251 0.204 0.346 0.322 0.217 0.329 0.203 -9999.000 -9999.000
-9999.000 -9999.000 -9999.000 -9999.000 -9999.000 -9999.000 0.231 0.206 0.202 0.304 0.340 0.342 0.305 0.193 0.116 0.191 -9999.000
-9999.000 -9999.000 -9999.000 -9999.000 -9999.000 0.269 0.207 0.193 0.265 0.314 0.328 0.339 0.296 0.164 0.163 0.166 -9999.000
-9999.000 -9999.000 -9999.000 0.253 0.364 0.207 0.213 0.261 0.250 0.261 0.316 0.338 0.286 0.150 0.098 0.201 -9999.000
-9999.000 -9999.000 -9999.000 0.223 0.220 0.194 0.317 0.272 0.299 0.279 0.295 0.310 0.249 0.224 0.005 0.168 -9999.000
-9999.000 -9999.000 0.230 0.214 0.189 0.298 0.295 0.277 0.285 0.256 0.303 0.349 0.170 0.170 0.363 0.184 -9999.000
-9999.000 0.296 0.296 0.315 0.346 0.304 0.281 0.270 0.270 0.275 0.337 0.271 0.355 0.161 0.171 -9999.000 -9999.000
-9999.000 0.277 0.295 0.276 0.224 0.218 0.237 0.227 0.256 0.276 0.311 0.324 0.337 0.313 0.005 0.006 -9999.000
-9999.000 0.291 0.292 0.268 0.243 0.177 0.148 0.259 0.240 0.299 0.286 0.313 0.321 0.146 0.151 -9999.000 -9999.000
-9999.000 0.197 0.269 0.214 0.147 0.153 0.246 0.242 0.275 0.323 0.347 0.182 0.264 0.235 -9999.000 -9999.000 -9999.000
-9999.000 -9999.000 0.216 0.128 0.224 0.289 0.277 0.264 0.278 0.296 0.251 0.310 0.103 0.183 -9999.000 -9999.000 -9999.000
-9999.000 -9999.000 0.152 0.221 0.301 0.308 0.311 0.341 0.341 0.271 0.318 0.180 0.176 -9999.000 -9999.000 -9999.000 -9999.000
-9999.000 -9999.000 -9999.000 -9999.000 0.311 0.338 0.300 0.286 0.327 0.271 0.282 0.211 0.258 -9999.000 -9999.000 -9999.000 -9999.000
-9999.000 -9999.000 -9999.000 -9999.000 -9999.000 0.348 0.311 0.343 0.284 0.352 0.317 0.235 0.171 0.226 -9999.000 -9999.000 -9999.000
-9999.000 -9999.000 -9999.000 -9999.000 -9999.000 -9999.000 0.330 0.306 0.247 0.333 0.331 0.333 0.115 0.291 0.288 -9999.000 -9999.000
-9999.000 -9999.000 -9999.000 -9999.000 -9999.000 -9999.000 -9999.000 0.352 0.285 0.249 0.271 0.317 0.319 0.228 -9999.000 -9999.000 -9999.000
-9999.000 -9999.000 -9999.000 -9999.000 -9999.000 -9999.000 -9999.000 -9999.000 0.324 0.327 0.329 0.317 0.154 0.158 0.346 -9999.000 -9999.000
-9999.000 -9999.000 -9999.000 -9999.000 -9999.000 -9999.000 -9999.000 -9999.000 -9999.000 -9999.000 -9999.000 -9999.000 -9999.000 -9999.000 -9999.000 -9999.000 -9999.000