tests/3D/WG1_2.0_001/maps/thetaliqL0002N0008.asc
ncols         17
nrows         27
xllcorner     624603.750000
yllcorner     5171346.250000
cellsize      500.000000
NODATA_value  -9999.0
-9999.000 -9999.000 -9999.000 -9999.000 -9999.000 -9999.000 -9999.000 -9999.000 -9999.000 -9999.000 -9999.000 -9999.000 -9999.000 -9999.000 -9999.000 -9999.000 -9999.000
-9999.000 -9999.000 -9999.000 -9999.000 -9999.000 -9999.000 -9999.000 -9999.000 -9999.000 -9999.000 -9999.000 0.306 0.309 0.309 -9999.000 -9999.000 -9999.000
-9999.000 -9999.000 -9999.000 -9999.000 -9999.000 -9999.000 -9999.000 -9999.000 -9999.000 0.309 0.299 0.307 0.309 0.309 0.308 -9999.000 -9999.000
-9999.000 -9999.000 -9999.000 -9999.000 -9999.000 -9999.000 -9999.000 -9999.000 0.302 0.305 0.316 0.324 0.308 0.309 0.309 -9999.000 -9999.000
-9999.000 -9999.000 -9999.000 -9999.000 -9999.000 -9999.000 -9999.000 -9999.000 0.307 0.325 0.326 0.327 0.310 0.309 0.309 -9999.000 -9999.000
-9999.000 -9999.000 -9999.000 -9999.000 -9999.000 -9999.000 -9999.000 0.304 0.320 0.323 0.324 0.327 0.312 0.309 0.308 -9999.000 -9999.000
-9999.000 -9999.000 -9999.000 -9999.000 -9999.000 -9999.000 0.296 0.313 0.325 0.323 0.324 0.315 0.311 0.302 0.311 -9999.000 -9999.000
-9999.000 -9999.000 -9999.000 -9999.000 -9999.000 -9999.000 0.299 0.313 0.324 0.322 0.323 0.327 0.321 0.310 0.305 -9999.000 -9999.000
-9999.000 -9999.000 -9999.000 -9999.000 -9999.000 -9999.000 0.296 0.303 0.325 0.323 0.322 0.324 0.326 0.320 0.304 -9999.000 -9999.000
-9999.000 -9999.000 -9999.000 -9999.000 -9999.000 -9999.000 -9999.000 0.309 0.324 0.322 0.322 0.323 0.325 0.315 0.308 -9999.000 -9999.000
-9999.000 -9999.000 -9999.000 -9999.000 -9999.000 -9999.000 0.303 0.305 0.324 0.322 0.322 0.322 0.326 0.309 0.313 0.306 -9999.000
-9999.000 -9999.000 -9999.000 -9999.000 -9999.000 0.301 0.323 0.323 0.323 0.322 0.321 0.322 0.326 0.327 0.312 0.305 -9999.000
-9999.000 -9999.000 -9999.000 0.301 0.301 0.321 0.321 0.322 0.322 0.321 0.321 0.322 0.324 0.326 0.326 0.305 -9999.000
-9999.000 -9999.000 -9999.000 0.314 0.322 0.321 0.322 0.321 0.321 0.320 0.320 0.322 0.324 0.326 0.309 0.301 -9999.000
-9999.000 -9999.000 0.305 0.318 0.320 0.321 0.321 0.321 0.320 0.319 0.320 0.322 0.324 0.324 0.306 0.300 -9999.000
-9999.000 0.313 0.319 0.319 0.321 0.321 0.320 0.320 0.319 0.319 0.321 0.323 0.324 0.325 0.300 -9999.000 -9999.000
-9999.000 0.319 0.319 0.320 0.320 0.320 0.319 0.319 0.318 0.320 0.322 0.324 0.325 0.304 0.309 0.308 -9999.000
-9999.000 0.318 0.319 0.320 0.319 0.318 0.318 0.318 0.319 0.321 0.322 0.324 0.309 0.302 0.291 -9999.000 -9999.000
-9999.000 0.318 0.319 0.318 0.317 0.317 0.318 0.318 0.319 0.321 0.321 0.321 0.322 0.307 -9999.000 -9999.000 -9999.000
-9999.000 -9999.000 0.317 0.317 0.317 0.318 0.319 0.319 0.319 0.320 0.322 0.322 0.321 0.308 -9999.000 -9999.000 -9999.000
-9999.000 -9999.000 0.317 0.316 0.319 0.320 0.320 0.320 0.319 0.318 0.320 0.321 0.309 -9999.000 -9999.000 -9999.000 -9999.000
-9999.000 -9999.000 -9999.000 -9999.000 0.320 0.320 0.320 0.320 0.319 0.318 0.319 0.320 0.302 -9999.000 -9999.000 -9999.000 -9999.000
-9999.000 -9999.000 -9999.000 -9999.000 -9999.000 0.318 0.319 0.320 0.320 0.318 0.318 0.320 0.320 0.316 -9999.000 -9999.000 -9999.000
-9999.000 -9999.000 -9999.000 -9999.000 -9999.000 -9999.000 0.312 0.313 0.319 0.319 0.318 0.318 0.320 0.308 0.298 -9999.000 -9999.000
-9999.000 -9999.000 -9999.000 -9999.000 -9999.000 -9999.000 -9999.000 0.296 0.300 0.320 0.318 0.318 0.319 0.307 -9999.000 -9999.000 -9999.000
-9999.000 -9999.000 -9999.000 -9999.000 -9999.000 -9999.000 -9999.000 -9999.000 0.297 0.307 0.317 0.320 0.313 0.305 0.299 -9999.000 -9999.000
-9999.000 -9999.000 -9999.000 -9999.000 -9999.000 -9999.000 -9999.000 -9999.000 -9999.000 -9999.000 -9999.000 -9999.000 -9999.000 -9999.000 -9999.000 -9999.000 -9999.000