tests/3D/WG1_2.0_001/maps/thetaliqL0003N0014.asc
ncols         17
nrows         27
xllcorner     624603.750000
yllcorner     5171346.250000
cellsize      500.000000
NODATA_value  -9999.0
-9999.000 -9999.000 -9999.000 -9999.000 -9999.000 -9999.000 -9999.000 -9999.000 -9999.000 -9999.000 -9999.000 -9999.000 -9999.000 -9999.000 -9999.000 -9999.000 -9999.000
-9999.000 -9999.000 -9999.000 -9999.000 -9999.000 -9999.000 -9999.000 -9999.000 -9999.000 -9999.000 -9999.000 0.296 0.328 0.316 -9999.000 -9999.000 -9999.000
-9999.000 -9999.000 -9999.000 -9999.000 -9999.000 -9999.000 -9999.000 -9999.000 -9999.000 0.298 0.291 0.285 0.329 0.320 0.337 -9999.000 -9999.000
-9999.000 -9999.000 -9999.000 -9999.000 -9999.000 -9999.000 -9999.000 -9999.000 0.284 0.298 0.287 0.281 0.288 0.354 0.321 -9999.000 -9999.000
-9999.000 -9999.000 -9999.000 -9999.000 -9999.000 -9999.000 -9999.000 -9999.000 0.275 0.296 0.294 0.295 0.323 0.330 0.322 -9999.000 -9999.000
-9999.000 -9999.000 -9999.000 -9999.000 -9999.000 -9999.000 -9999.000 0.277 0.275 0.286 0.284 0.297 0.282 0.320 0.325 -9999.000 -9999.000
-9999.000 -9999.000 -9999.000 -9999.000 -9999.000 -9999.000 0.277 0.291 0.287 0.271 0.318 0.272 0.281 0.284 0.299 -9999.000 -9999.000
-9999.000 -9999.000 -9999.000 -9999.000 -9999.000 -9999.000 0.282 0.271 0.270 0.271 0.276 0.315 0.286 0.277 0.302 -9999.000 -9999.000
-9999.000 -9999.000 -9999.000 -9999.000 -9999.000 -9999.000 0.283 0.272 0.274 0.288 0.253 0.256 0.275 0.297 0.290 -9999.000 -9999.000
-9999.000 -9999.000 -9999.000 -9999.000 -9999.000 -9999.000 -9999.000 0.291 0.278 0.284 0.277 0.265 0.274 0.303 0.280 -9999.000 -9999.000
-9999.000 -9999.000 -9999.000 -9999.000 -9999.000 -9999.000 0.268 0.283 0.277 0.257 0.266 0.267 0.275 0.280 0.292 0.280 -9999.000
-9999.000 -9999.000 -9999.000 -9999.000 -9999.000 0.270 0.280 0.281 0.257 0.262 0.257 0.263 0.283 0.281 0.290 0.280 -9999.000
-9999.000 -9999.000 -9999.000 0.274 0.304 0.284 0.279 0.257 0.259 0.256 0.250 0.269 0.284 0.277 0.295 0.281 -9999.000
-9999.000 -9999.000 -9999.000 0.274 0.284 0.275 0.261 0.255 0.259 0.266 0.260 0.250 0.281 0.282 0.319 0.282 -9999.000
-9999.000 -9999.000 0.273 0.276 0.276 0.278 0.254 0.254 0.258 0.256 0.254 0.274 0.282 0.286 0.311 0.281 -9999.000
-9999.000 0.258 0.260 0.255 0.272 0.262 0.249 0.255 0.260 0.279 0.267 0.258 0.307 0.284 0.279 -9999.000 -9999.000
-9999.000 0.258 0.259 0.254 0.273 0.272 0.270 0.275 0.258 0.265 0.286 0.274 0.277 0.276 0.322 0.333 -9999.000
-9999.000 0.252 0.273 0.262 0.268 0.272 0.283 0.274 0.266 0.271 0.263 0.260 0.261 0.294 0.279 -9999.000 -9999.000
-9999.000 0.280 0.254 0.274 0.279 0.280 0.267 0.275 0.267 0.260 0.271 0.280 0.277 0.275 -9999.000 -9999.000 -9999.000
-9999.000 -9999.000 0.279 0.282 0.277 0.271 0.280 0.270 0.256 0.269 0.255 0.267 0.295 0.285 -9999.000 -9999.000 -9999.000
-9999.000 -9999.000 0.281 0.270 0.276 0.265 0.279 0.274 0.269 0.263 0.263 0.284 0.280 -9999.000 -9999.000 -9999.000 -9999.000
-9999.000 -9999.000 -9999.000 -9999.000 0.261 0.261 0.256 0.264 0.261 0.259 0.261 0.278 0.273 -9999.000 -9999.000 -9999.000 -9999.000
-9999.000 -9999.000 -9999.000 -9999.000 -9999.000 0.273 0.265 0.263 0.260 0.278 0.260 0.288 0.285 0.275 -9999.000 -9999.000 -9999.000
-9999.000 -9999.000 -9999.000 -9999.000 -9999.000 -9999.000 0.261 0.264 0.269 0.255 0.256 0.258 0.292 0.269 0.270 -9999.000 -9999.000
-9999.000 -9999.000 -9999.000 -9999.000 -9999.000 -9999.000 -9999.000 0.279 0.269 0.276 0.269 0.255 0.251 0.276 -9999.000 -9999.000 -9999.000
-9999.000 -9999.000 -9999.000 -9999.000 -9999.000 -9999.000 -9999.000 -9999.000 0.276 0.266 0.264 0.264 0.288 0.281 0.291 -9999.000 -9999.000
-9999.000 -9999.000 -9999.000 -9999.000 -9999.000 -9999.000 -9999.000 -9999.000 -9999.000 -9999.000 -9999.000 -9999.000 -9999.000 -9999.000 -9999.000 -9999.000 -9999.000