tests/3D/WG1_2.0_001/maps/thetaliqL0004N0004.asc
ncols         17
nrows         27
xllcorner     624603.750000
yllcorner     5171346.250000
cellsize      500.000000
NODATA_value  -9999.0
-9999.000 -9999.000 -9999.000 -9999.000 -9999.000 -9999.000 -9999.000 -9999.000 -9999.000 -9999.000 -9999.000 -9999.000 -9999.000 -9999.000 -9999.000 -9999.000 -9999.000
-9999.000 -9999.000 -9999.000 -9999.000 -9999.000 -9999.000 -9999.000 -9999.000 -9999.000 -9999.000 -9999.000 0.324 0.340 0.327 -9999.000 -9999.000 -9999.000
-9999.000 -9999.000 -9999.000 -9999.000 -9999.000 -9999.000 -9999.000 -9999.000 -9999.000 0.361 0.342 0.326 0.341 0.331 0.349 -9999.000 -9999.000
-9999.000 -9999.000 -9999.000 -9999.000 -9999.000 -9999.000 -9999.000 -9999.000 0.341 0.333 0.340 0.327 0.338 0.367 0.332 -9999.000 -9999.000
-9999.000 -9999.000 -9999.000 -9999.000 -9999.000 -9999.000 -9999.000 -9999.000 0.335 0.327 0.359 0.325 0.335 0.342 0.333 -9999.000 -9999.000
-9999.000 -9999.000 -9999.000 -9999.000 -9999.000 -9999.000 -9999.000 0.331 0.331 0.341 0.326 0.325 0.329 0.331 0.337 -9999.000 -9999.000
-9999.000 -9999.000 -9999.000 -9999.000 -9999.000 -9999.000 0.347 0.327 0.339 0.338 0.375 0.341 0.328 0.326 0.326 -9999.000 -9999.000
-9999.000 -9999.000 -9999.000 -9999.000 -9999.000 -9999.000 0.335 0.336 0.337 0.336 0.344 0.373 0.341 0.330 0.362 -9999.000 -9999.000
-9999.000 -9999.000 -9999.000 -9999.000 -9999.000 -9999.000 0.338 0.343 0.332 0.351 0.324 0.331 0.326 0.332 0.352 -9999.000 -9999.000
-9999.000 -9999.000 -9999.000 -9999.000 -9999.000 -9999.000 -9999.000 0.327 0.338 0.338 0.343 0.338 0.331 0.370 0.334 -9999.000 -9999.000
-9999.000 -9999.000 -9999.000 -9999.000 -9999.000 -9999.000 0.329 0.337 0.329 0.331 0.336 0.336 0.344 0.333 0.325 0.332 -9999.000
-9999.000 -9999.000 -9999.000 -9999.000 -9999.000 0.334 0.332 0.331 0.327 0.337 0.331 0.334 0.353 0.329 0.335 0.324 -9999.000
-9999.000 -9999.000 -9999.000 0.336 0.367 0.339 0.334 0.326 0.328 0.326 0.325 0.339 0.352 0.323 0.325 0.335 -9999.000
-9999.000 -9999.000 -9999.000 0.329 0.341 0.324 0.340 0.327 0.332 0.340 0.332 0.324 0.343 0.337 0.331 0.327 -9999.000
-9999.000 -9999.000 0.330 0.329 0.326 0.347 0.327 0.325 0.329 0.323 0.325 0.338 0.329 0.333 0.371 0.334 -9999.000
-9999.000 0.336 0.336 0.329 0.343 0.337 0.321 0.323 0.327 0.350 0.343 0.324 0.372 0.328 0.327 -9999.000 -9999.000
-9999.000 0.333 0.331 0.333 0.335 0.330 0.335 0.337 0.321 0.336 0.355 0.347 0.348 0.347 0.333 0.345 -9999.000
-9999.000 0.328 0.343 0.333 0.333 0.324 0.331 0.334 0.330 0.347 0.336 0.338 0.333 0.338 0.324 -9999.000 -9999.000
-9999.000 0.332 0.321 0.329 0.325 0.325 0.327 0.334 0.336 0.336 0.337 0.328 0.340 0.333 -9999.000 -9999.000 -9999.000
-9999.000 -9999.000 0.334 0.326 0.330 0.337 0.344 0.340 0.323 0.339 0.324 0.338 0.327 0.335 -9999.000 -9999.000 -9999.000
-9999.000 -9999.000 0.328 0.328 0.344 0.338 0.354 0.344 0.339 0.330 0.339 0.334 0.328 -9999.000 -9999.000 -9999.000 -9999.000
-9999.000 -9999.000 -9999.000 -9999.000 0.334 0.335 0.325 0.335 0.334 0.324 0.329 0.332 0.336 -9999.000 -9999.000 -9999.000 -9999.000
-9999.000 -9999.000 -9999.000 -9999.000 -9999.000 0.341 0.337 0.334 0.332 0.342 0.333 0.348 0.332 0.331 -9999.000 -9999.000 -9999.000
-9999.000 -9999.000 -9999.000 -9999.000 -9999.000 -9999.000 0.337 0.335 0.328 0.330 0.330 0.333 0.328 0.336 0.337 -9999.000 -9999.000
-9999.000 -9999.000 -9999.000 -9999.000 -9999.000 -9999.000 -9999.000 0.347 0.336 0.337 0.333 0.329 0.328 0.333 -9999.000 -9999.000 -9999.000
-9999.000 -9999.000 -9999.000 -9999.000 -9999.000 -9999.000 -9999.000 -9999.000 0.349 0.340 0.338 0.337 0.333 0.328 0.357 -9999.000 -9999.000
-9999.000 -9999.000 -9999.000 -9999.000 -9999.000 -9999.000 -9999.000 -9999.000 -9999.000 -9999.000 -9999.000 -9999.000 -9999.000 -9999.000 -9999.000 -9999.000 -9999.000