tests/3D/WG1_2.0_001/maps/thetaliqL0004N0010.asc
ncols         17
nrows         27
xllcorner     624603.750000
yllcorner     5171346.250000
cellsize      500.000000
NODATA_value  -9999.0
-9999.000 -9999.000 -9999.000 -9999.000 -9999.000 -9999.000 -9999.000 -9999.000 -9999.000 -9999.000 -9999.000 -9999.000 -9999.000 -9999.000 -9999.000 -9999.000 -9999.000
-9999.000 -9999.000 -9999.000 -9999.000 -9999.000 -9999.000 -9999.000 -9999.000 -9999.000 -9999.000 -9999.000 0.329 0.341 0.328 -9999.000 -9999.000 -9999.000
-9999.000 -9999.000 -9999.000 -9999.000 -9999.000 -9999.000 -9999.000 -9999.000 -9999.000 0.363 0.347 0.333 0.342 0.333 0.351 -9999.000 -9999.000
-9999.000 -9999.000 -9999.000 -9999.000 -9999.000 -9999.000 -9999.000 -9999.000 0.351 0.344 0.351 0.335 0.342 0.369 0.333 -9999.000 -9999.000
-9999.000 -9999.000 -9999.000 -9999.000 -9999.000 -9999.000 -9999.000 -9999.000 0.345 0.340 0.367 0.341 0.336 0.343 0.334 -9999.000 -9999.000
-9999.000 -9999.000 -9999.000 -9999.000 -9999.000 -9999.000 -9999.000 0.341 0.342 0.350 0.338 0.339 0.337 0.332 0.338 -9999.000 -9999.000
-9999.000 -9999.000 -9999.000 -9999.000 -9999.000 -9999.000 0.353 0.336 0.346 0.346 0.380 0.351 0.337 0.334 0.331 -9999.000 -9999.000
-9999.000 -9999.000 -9999.000 -9999.000 -9999.000 -9999.000 0.342 0.344 0.346 0.345 0.349 0.379 0.351 0.342 0.364 -9999.000 -9999.000
-9999.000 -9999.000 -9999.000 -9999.000 -9999.000 -9999.000 0.343 0.350 0.342 0.358 0.333 0.335 0.339 0.344 0.356 -9999.000 -9999.000
-9999.000 -9999.000 -9999.000 -9999.000 -9999.000 -9999.000 -9999.000 0.335 0.347 0.345 0.350 0.344 0.343 0.375 0.347 -9999.000 -9999.000
-9999.000 -9999.000 -9999.000 -9999.000 -9999.000 -9999.000 0.335 0.343 0.338 0.336 0.343 0.343 0.353 0.345 0.340 0.339 -9999.000
-9999.000 -9999.000 -9999.000 -9999.000 -9999.000 0.340 0.339 0.338 0.329 0.342 0.338 0.341 0.360 0.340 0.345 0.332 -9999.000
-9999.000 -9999.000 -9999.000 0.340 0.370 0.343 0.340 0.328 0.329 0.328 0.331 0.346 0.360 0.330 0.339 0.347 -9999.000
-9999.000 -9999.000 -9999.000 0.335 0.345 0.331 0.341 0.328 0.336 0.343 0.335 0.329 0.348 0.347 0.332 0.334 -9999.000
-9999.000 -9999.000 0.335 0.335 0.331 0.353 0.330 0.327 0.332 0.326 0.330 0.347 0.337 0.341 0.375 0.338 -9999.000
-9999.000 0.335 0.336 0.334 0.349 0.340 0.323 0.326 0.330 0.353 0.348 0.330 0.376 0.336 0.332 -9999.000 -9999.000
-9999.000 0.332 0.334 0.332 0.334 0.331 0.336 0.340 0.325 0.338 0.358 0.354 0.354 0.352 0.335 0.346 -9999.000
-9999.000 0.327 0.345 0.335 0.335 0.325 0.332 0.340 0.334 0.350 0.338 0.340 0.339 0.344 0.328 -9999.000 -9999.000
-9999.000 0.333 0.324 0.331 0.329 0.328 0.332 0.339 0.341 0.341 0.345 0.335 0.346 0.339 -9999.000 -9999.000 -9999.000
-9999.000 -9999.000 0.337 0.329 0.336 0.343 0.349 0.344 0.327 0.344 0.325 0.345 0.335 0.341 -9999.000 -9999.000 -9999.000
-9999.000 -9999.000 0.331 0.330 0.348 0.343 0.357 0.351 0.347 0.334 0.343 0.339 0.334 -9999.000 -9999.000 -9999.000 -9999.000
-9999.000 -9999.000 -9999.000 -9999.000 0.338 0.341 0.331 0.337 0.341 0.329 0.334 0.338 0.342 -9999.000 -9999.000 -9999.000 -9999.000
-9999.000 -9999.000 -9999.000 -9999.000 -9999.000 0.347 0.342 0.340 0.334 0.350 0.339 0.352 0.337 0.337 -9999.000 -9999.000 -9999.000
-9999.000 -9999.000 -9999.000 -9999.000 -9999.000 -9999.000 0.341 0.340 0.335 0.337 0.337 0.338 0.335 0.341 0.342 -9999.000 -9999.000
-9999.000 -9999.000 -9999.000 -9999.000 -9999.000 -9999.000 -9999.000 0.350 0.340 0.343 0.340 0.334 0.331 0.338 -9999.000 -9999.000 -9999.000
-9999.000 -9999.000 -9999.000 -9999.000 -9999.000 -9999.000 -9999.000 -9999.000 0.353 0.344 0.343 0.342 0.338 0.332 0.362 -9999.000 -9999.000
-9999.000 -9999.000 -9999.000 -9999.000 -9999.000 -9999.000 -9999.000 -9999.000 -9999.000 -9999.000 -9999.000 -9999.000 -9999.000 -9999.000 -9999.000 -9999.000 -9999.000