tests/3D/WG1_2.0_001/maps/thetaliqL0003N0008.asc
ncols         17
nrows         27
xllcorner     624603.750000
yllcorner     5171346.250000
cellsize      500.000000
NODATA_value  -9999.0
-9999.000 -9999.000 -9999.000 -9999.000 -9999.000 -9999.000 -9999.000 -9999.000 -9999.000 -9999.000 -9999.000 -9999.000 -9999.000 -9999.000 -9999.000 -9999.000 -9999.000
-9999.000 -9999.000 -9999.000 -9999.000 -9999.000 -9999.000 -9999.000 -9999.000 -9999.000 -9999.000 -9999.000 0.325 0.327 0.315 -9999.000 -9999.000 -9999.000
-9999.000 -9999.000 -9999.000 -9999.000 -9999.000 -9999.000 -9999.000 -9999.000 -9999.000 0.354 0.339 0.328 0.328 0.319 0.336 -9999.000 -9999.000
-9999.000 -9999.000 -9999.000 -9999.000 -9999.000 -9999.000 -9999.000 -9999.000 0.344 0.340 0.343 0.329 0.333 0.353 0.319 -9999.000 -9999.000
-9999.000 -9999.000 -9999.000 -9999.000 -9999.000 -9999.000 -9999.000 -9999.000 0.340 0.336 0.356 0.338 0.322 0.329 0.320 -9999.000 -9999.000
-9999.000 -9999.000 -9999.000 -9999.000 -9999.000 -9999.000 -9999.000 0.336 0.337 0.340 0.333 0.335 0.331 0.319 0.324 -9999.000 -9999.000
-9999.000 -9999.000 -9999.000 -9999.000 -9999.000 -9999.000 0.347 0.335 0.337 0.340 0.368 0.345 0.329 0.329 0.326 -9999.000 -9999.000
-9999.000 -9999.000 -9999.000 -9999.000 -9999.000 -9999.000 0.337 0.339 0.340 0.340 0.343 0.367 0.342 0.341 0.347 -9999.000 -9999.000
-9999.000 -9999.000 -9999.000 -9999.000 -9999.000 -9999.000 0.332 0.341 0.336 0.346 0.331 0.329 0.334 0.339 0.341 -9999.000 -9999.000
-9999.000 -9999.000 -9999.000 -9999.000 -9999.000 -9999.000 -9999.000 0.332 0.339 0.336 0.344 0.338 0.337 0.362 0.342 -9999.000 -9999.000
-9999.000 -9999.000 -9999.000 -9999.000 -9999.000 -9999.000 0.332 0.335 0.331 0.330 0.338 0.339 0.345 0.338 0.338 0.331 -9999.000
-9999.000 -9999.000 -9999.000 -9999.000 -9999.000 0.334 0.332 0.330 0.320 0.333 0.334 0.337 0.350 0.334 0.338 0.327 -9999.000
-9999.000 -9999.000 -9999.000 0.333 0.358 0.333 0.331 0.319 0.319 0.318 0.327 0.341 0.349 0.327 0.336 0.342 -9999.000
-9999.000 -9999.000 -9999.000 0.328 0.334 0.325 0.330 0.318 0.327 0.333 0.326 0.323 0.337 0.339 0.318 0.330 -9999.000
-9999.000 -9999.000 0.327 0.327 0.323 0.342 0.322 0.316 0.322 0.317 0.323 0.339 0.329 0.333 0.365 0.327 -9999.000
-9999.000 0.321 0.324 0.327 0.340 0.329 0.313 0.316 0.320 0.341 0.338 0.325 0.364 0.333 0.324 -9999.000 -9999.000
-9999.000 0.317 0.326 0.317 0.316 0.318 0.323 0.327 0.316 0.327 0.349 0.344 0.346 0.346 0.321 0.332 -9999.000
-9999.000 0.313 0.332 0.322 0.321 0.311 0.317 0.328 0.323 0.338 0.326 0.331 0.334 0.336 0.320 -9999.000 -9999.000
-9999.000 0.318 0.314 0.318 0.314 0.315 0.322 0.328 0.330 0.332 0.340 0.328 0.339 0.335 -9999.000 -9999.000 -9999.000
-9999.000 -9999.000 0.324 0.313 0.324 0.331 0.337 0.333 0.319 0.334 0.314 0.338 0.330 0.333 -9999.000 -9999.000 -9999.000
-9999.000 -9999.000 0.315 0.316 0.336 0.332 0.345 0.343 0.339 0.326 0.335 0.329 0.330 -9999.000 -9999.000 -9999.000 -9999.000
-9999.000 -9999.000 -9999.000 -9999.000 0.328 0.334 0.325 0.327 0.335 0.323 0.327 0.330 0.335 -9999.000 -9999.000 -9999.000 -9999.000
-9999.000 -9999.000 -9999.000 -9999.000 -9999.000 0.340 0.335 0.335 0.323 0.342 0.332 0.340 0.329 0.332 -9999.000 -9999.000 -9999.000
-9999.000 -9999.000 -9999.000 -9999.000 -9999.000 -9999.000 0.330 0.331 0.329 0.332 0.332 0.333 0.330 0.336 0.333 -9999.000 -9999.000
-9999.000 -9999.000 -9999.000 -9999.000 -9999.000 -9999.000 -9999.000 0.335 0.334 0.334 0.333 0.329 0.327 0.333 -9999.000 -9999.000 -9999.000
-9999.000 -9999.000 -9999.000 -9999.000 -9999.000 -9999.000 -9999.000 -9999.000 0.344 0.336 0.333 0.334 0.331 0.325 0.354 -9999.000 -9999.000
-9999.000 -9999.000 -9999.000 -9999.000 -9999.000 -9999.000 -9999.000 -9999.000 -9999.000 -9999.000 -9999.000 -9999.000 -9999.000 -9999.000 -9999.000 -9999.000 -9999.000