tests/3D/WG1_2.0_001/maps/thetaliqL0001N0011.asc
ncols         17
nrows         27
xllcorner     624603.750000
yllcorner     5171346.250000
cellsize      500.000000
NODATA_value  -9999.0
-9999.000 -9999.000 -9999.000 -9999.000 -9999.000 -9999.000 -9999.000 -9999.000 -9999.000 -9999.000 -9999.000 -9999.000 -9999.000 -9999.000 -9999.000 -9999.000 -9999.000
-9999.000 -9999.000 -9999.000 -9999.000 -9999.000 -9999.000 -9999.000 -9999.000 -9999.000 -9999.000 -9999.000 0.284 0.275 0.276 -9999.000 -9999.000 -9999.000
-9999.000 -9999.000 -9999.000 -9999.000 -9999.000 -9999.000 -9999.000 -9999.000 -9999.000 0.196 0.146 0.148 0.275 0.276 0.276 -9999.000 -9999.000
-9999.000 -9999.000 -9999.000 -9999.000 -9999.000 -9999.000 -9999.000 -9999.000 0.275 0.183 0.196 0.141 0.164 0.275 0.275 -9999.000 -9999.000
-9999.000 -9999.000 -9999.000 -9999.000 -9999.000 -9999.000 -9999.000 -9999.000 0.219 0.180 0.188 0.212 0.275 0.275 0.275 -9999.000 -9999.000
-9999.000 -9999.000 -9999.000 -9999.000 -9999.000 -9999.000 -9999.000 0.250 0.142 0.267 0.278 0.193 0.158 0.276 0.276 -9999.000 -9999.000
-9999.000 -9999.000 -9999.000 -9999.000 -9999.000 -9999.000 0.262 0.171 0.205 0.278 0.258 0.196 0.283 0.139 0.286 -9999.000 -9999.000
-9999.000 -9999.000 -9999.000 -9999.000 -9999.000 -9999.000 0.175 0.160 0.202 0.276 0.280 0.169 0.197 0.152 0.267 -9999.000 -9999.000
-9999.000 -9999.000 -9999.000 -9999.000 -9999.000 -9999.000 0.258 0.224 0.169 0.264 0.282 0.277 0.214 0.193 0.280 -9999.000 -9999.000
-9999.000 -9999.000 -9999.000 -9999.000 -9999.000 -9999.000 -9999.000 0.173 0.174 0.274 0.281 0.280 0.269 0.190 0.261 -9999.000 -9999.000
-9999.000 -9999.000 -9999.000 -9999.000 -9999.000 -9999.000 0.193 0.163 0.153 0.264 0.280 0.282 0.186 0.163 0.173 0.259 -9999.000
-9999.000 -9999.000 -9999.000 -9999.000 -9999.000 0.204 0.146 0.170 0.197 0.273 0.282 0.281 0.186 0.186 0.174 0.193 -9999.000
-9999.000 -9999.000 -9999.000 0.171 0.169 0.151 0.190 0.267 0.276 0.277 0.283 0.283 0.257 0.171 0.160 0.235 -9999.000
-9999.000 -9999.000 -9999.000 0.140 0.159 0.196 0.229 0.275 0.280 0.282 0.283 0.284 0.279 0.175 0.274 0.271 -9999.000
-9999.000 -9999.000 0.174 0.140 0.246 0.231 0.273 0.279 0.282 0.282 0.283 0.282 0.279 0.252 0.216 0.255 -9999.000
-9999.000 0.140 0.165 0.257 0.260 0.274 0.277 0.281 0.281 0.282 0.280 0.276 0.250 0.152 0.150 -9999.000 -9999.000
-9999.000 0.188 0.269 0.275 0.279 0.281 0.281 0.281 0.280 0.282 0.267 0.182 0.142 0.200 0.276 0.276 -9999.000
-9999.000 0.262 0.276 0.279 0.280 0.280 0.280 0.299 0.280 0.281 0.268 0.153 0.176 0.206 0.151 -9999.000 -9999.000
-9999.000 0.274 0.277 0.276 0.291 0.294 0.294 0.305 0.281 0.281 0.276 0.274 0.188 0.167 -9999.000 -9999.000 -9999.000
-9999.000 -9999.000 0.271 0.296 0.296 0.277 0.280 0.280 0.280 0.275 0.208 0.168 0.141 0.182 -9999.000 -9999.000 -9999.000
-9999.000 -9999.000 0.296 0.291 0.279 0.279 0.279 0.274 0.279 0.279 0.272 0.154 0.193 -9999.000 -9999.000 -9999.000 -9999.000
-9999.000 -9999.000 -9999.000 -9999.000 0.277 0.261 0.270 0.237 0.274 0.279 0.276 0.200 0.185 -9999.000 -9999.000 -9999.000 -9999.000
-9999.000 -9999.000 -9999.000 -9999.000 -9999.000 0.140 0.222 0.192 0.238 0.273 0.274 0.176 0.142 0.141 -9999.000 -9999.000 -9999.000
-9999.000 -9999.000 -9999.000 -9999.000 -9999.000 -9999.000 0.140 0.140 0.147 0.244 0.270 0.264 0.206 0.166 0.256 -9999.000 -9999.000
-9999.000 -9999.000 -9999.000 -9999.000 -9999.000 -9999.000 -9999.000 0.209 0.159 0.163 0.260 0.252 0.140 0.170 -9999.000 -9999.000 -9999.000
-9999.000 -9999.000 -9999.000 -9999.000 -9999.000 -9999.000 -9999.000 -9999.000 0.203 0.161 0.141 0.154 0.174 0.176 0.201 -9999.000 -9999.000
-9999.000 -9999.000 -9999.000 -9999.000 -9999.000 -9999.000 -9999.000 -9999.000 -9999.000 -9999.000 -9999.000 -9999.000 -9999.000 -9999.000 -9999.000 -9999.000 -9999.000