tests/3D/WG1_2.0_001/maps/thetaliqL0001N0010.asc
ncols         17
nrows         27
xllcorner     624603.750000
yllcorner     5171346.250000
cellsize      500.000000
NODATA_value  -9999.0
-9999.000 -9999.000 -9999.000 -9999.000 -9999.000 -9999.000 -9999.000 -9999.000 -9999.000 -9999.000 -9999.000 -9999.000 -9999.000 -9999.000 -9999.000 -9999.000 -9999.000
-9999.000 -9999.000 -9999.000 -9999.000 -9999.000 -9999.000 -9999.000 -9999.000 -9999.000 -9999.000 -9999.000 0.297 0.302 0.302 -9999.000 -9999.000 -9999.000
-9999.000 -9999.000 -9999.000 -9999.000 -9999.000 -9999.000 -9999.000 -9999.000 -9999.000 0.299 0.289 0.229 0.302 0.302 0.302 -9999.000 -9999.000
-9999.000 -9999.000 -9999.000 -9999.000 -9999.000 -9999.000 -9999.000 -9999.000 0.294 0.288 0.294 0.279 0.279 0.302 0.302 -9999.000 -9999.000
-9999.000 -9999.000 -9999.000 -9999.000 -9999.000 -9999.000 -9999.000 -9999.000 0.290 0.296 0.297 0.300 0.301 0.302 0.302 -9999.000 -9999.000
-9999.000 -9999.000 -9999.000 -9999.000 -9999.000 -9999.000 -9999.000 0.290 0.284 0.303 0.306 0.298 0.269 0.302 0.303 -9999.000 -9999.000
-9999.000 -9999.000 -9999.000 -9999.000 -9999.000 -9999.000 0.289 0.290 0.298 0.306 0.302 0.295 0.297 0.245 0.299 -9999.000 -9999.000
-9999.000 -9999.000 -9999.000 -9999.000 -9999.000 -9999.000 0.282 0.276 0.297 0.304 0.307 0.296 0.298 0.253 0.287 -9999.000 -9999.000
-9999.000 -9999.000 -9999.000 -9999.000 -9999.000 -9999.000 0.286 0.288 0.294 0.302 0.308 0.306 0.301 0.297 0.293 -9999.000 -9999.000
-9999.000 -9999.000 -9999.000 -9999.000 -9999.000 -9999.000 -9999.000 0.287 0.294 0.304 0.308 0.307 0.305 0.294 0.294 -9999.000 -9999.000
-9999.000 -9999.000 -9999.000 -9999.000 -9999.000 -9999.000 0.285 0.272 0.291 0.302 0.307 0.308 0.298 0.272 0.290 0.293 -9999.000
-9999.000 -9999.000 -9999.000 -9999.000 -9999.000 0.284 0.287 0.293 0.297 0.303 0.309 0.308 0.298 0.298 0.289 0.289 -9999.000
-9999.000 -9999.000 -9999.000 0.281 0.281 0.288 0.294 0.302 0.305 0.305 0.309 0.309 0.303 0.296 0.294 0.291 -9999.000
-9999.000 -9999.000 -9999.000 0.258 0.290 0.295 0.299 0.304 0.307 0.308 0.313 0.312 0.307 0.297 0.301 0.295 -9999.000
-9999.000 -9999.000 0.284 0.270 0.299 0.299 0.304 0.307 0.310 0.313 0.313 0.309 0.307 0.303 0.289 0.293 -9999.000
-9999.000 0.249 0.290 0.300 0.302 0.304 0.305 0.309 0.312 0.311 0.308 0.305 0.303 0.293 0.238 -9999.000 -9999.000
-9999.000 0.293 0.302 0.305 0.307 0.310 0.311 0.310 0.315 0.310 0.303 0.296 0.289 0.287 0.302 0.303 -9999.000
-9999.000 0.300 0.305 0.310 0.312 0.312 0.313 0.321 0.316 0.308 0.304 0.292 0.289 0.286 0.283 -9999.000 -9999.000
-9999.000 0.303 0.307 0.312 0.318 0.322 0.322 0.323 0.313 0.310 0.305 0.304 0.294 0.282 -9999.000 -9999.000 -9999.000
-9999.000 -9999.000 0.312 0.322 0.323 0.314 0.312 0.308 0.311 0.304 0.296 0.292 0.283 0.288 -9999.000 -9999.000 -9999.000
-9999.000 -9999.000 0.323 0.320 0.311 0.307 0.307 0.303 0.306 0.307 0.302 0.289 0.289 -9999.000 -9999.000 -9999.000 -9999.000
-9999.000 -9999.000 -9999.000 -9999.000 0.306 0.302 0.302 0.298 0.302 0.306 0.304 0.294 0.285 -9999.000 -9999.000 -9999.000 -9999.000
-9999.000 -9999.000 -9999.000 -9999.000 -9999.000 0.263 0.296 0.293 0.298 0.302 0.302 0.291 0.284 0.273 -9999.000 -9999.000 -9999.000
-9999.000 -9999.000 -9999.000 -9999.000 -9999.000 -9999.000 0.235 0.249 0.287 0.297 0.300 0.299 0.294 0.279 0.284 -9999.000 -9999.000
-9999.000 -9999.000 -9999.000 -9999.000 -9999.000 -9999.000 -9999.000 0.280 0.264 0.289 0.298 0.297 0.266 0.280 -9999.000 -9999.000 -9999.000
-9999.000 -9999.000 -9999.000 -9999.000 -9999.000 -9999.000 -9999.000 -9999.000 0.281 0.275 0.276 0.287 0.288 0.285 0.282 -9999.000 -9999.000
-9999.000 -9999.000 -9999.000 -9999.000 -9999.000 -9999.000 -9999.000 -9999.000 -9999.000 -9999.000 -9999.000 -9999.000 -9999.000 -9999.000 -9999.000 -9999.000 -9999.000