tests/3D/WG1_2.0_001/maps/thetaliqL0004N0014.asc
ncols         17
nrows         27
xllcorner     624603.750000
yllcorner     5171346.250000
cellsize      500.000000
NODATA_value  -9999.0
-9999.000 -9999.000 -9999.000 -9999.000 -9999.000 -9999.000 -9999.000 -9999.000 -9999.000 -9999.000 -9999.000 -9999.000 -9999.000 -9999.000 -9999.000 -9999.000 -9999.000
-9999.000 -9999.000 -9999.000 -9999.000 -9999.000 -9999.000 -9999.000 -9999.000 -9999.000 -9999.000 -9999.000 0.328 0.343 0.330 -9999.000 -9999.000 -9999.000
-9999.000 -9999.000 -9999.000 -9999.000 -9999.000 -9999.000 -9999.000 -9999.000 -9999.000 0.349 0.341 0.331 0.343 0.334 0.352 -9999.000 -9999.000
-9999.000 -9999.000 -9999.000 -9999.000 -9999.000 -9999.000 -9999.000 -9999.000 0.343 0.340 0.344 0.330 0.338 0.370 0.335 -9999.000 -9999.000
-9999.000 -9999.000 -9999.000 -9999.000 -9999.000 -9999.000 -9999.000 -9999.000 0.337 0.337 0.355 0.337 0.337 0.345 0.335 -9999.000 -9999.000
-9999.000 -9999.000 -9999.000 -9999.000 -9999.000 -9999.000 -9999.000 0.334 0.335 0.342 0.334 0.337 0.332 0.334 0.340 -9999.000 -9999.000
-9999.000 -9999.000 -9999.000 -9999.000 -9999.000 -9999.000 0.342 0.333 0.340 0.333 0.363 0.338 0.331 0.331 0.330 -9999.000 -9999.000
-9999.000 -9999.000 -9999.000 -9999.000 -9999.000 -9999.000 0.336 0.335 0.336 0.332 0.337 0.362 0.343 0.338 0.350 -9999.000 -9999.000
-9999.000 -9999.000 -9999.000 -9999.000 -9999.000 -9999.000 0.336 0.338 0.334 0.348 0.321 0.326 0.333 0.340 0.343 -9999.000 -9999.000
-9999.000 -9999.000 -9999.000 -9999.000 -9999.000 -9999.000 -9999.000 0.332 0.338 0.339 0.336 0.333 0.335 0.361 0.339 -9999.000 -9999.000
-9999.000 -9999.000 -9999.000 -9999.000 -9999.000 -9999.000 0.329 0.337 0.332 0.327 0.330 0.330 0.341 0.338 0.336 0.333 -9999.000
-9999.000 -9999.000 -9999.000 -9999.000 -9999.000 0.332 0.333 0.333 0.322 0.331 0.327 0.328 0.348 0.334 0.339 0.328 -9999.000
-9999.000 -9999.000 -9999.000 0.333 0.355 0.337 0.334 0.321 0.323 0.321 0.322 0.334 0.347 0.326 0.336 0.339 -9999.000
-9999.000 -9999.000 -9999.000 0.329 0.339 0.326 0.331 0.321 0.327 0.333 0.327 0.321 0.341 0.339 0.333 0.330 -9999.000
-9999.000 -9999.000 0.330 0.330 0.327 0.342 0.322 0.320 0.325 0.319 0.322 0.333 0.332 0.337 0.360 0.332 -9999.000
-9999.000 0.327 0.328 0.325 0.335 0.330 0.316 0.319 0.323 0.342 0.335 0.323 0.361 0.331 0.328 -9999.000 -9999.000
-9999.000 0.325 0.326 0.324 0.328 0.326 0.330 0.333 0.319 0.330 0.346 0.341 0.341 0.341 0.336 0.348 -9999.000
-9999.000 0.320 0.336 0.327 0.328 0.321 0.328 0.333 0.327 0.339 0.329 0.330 0.329 0.339 0.325 -9999.000 -9999.000
-9999.000 0.329 0.318 0.326 0.326 0.325 0.326 0.332 0.332 0.330 0.332 0.330 0.338 0.333 -9999.000 -9999.000 -9999.000
-9999.000 -9999.000 0.332 0.326 0.330 0.334 0.339 0.335 0.320 0.334 0.319 0.334 0.333 0.335 -9999.000 -9999.000 -9999.000
-9999.000 -9999.000 0.327 0.325 0.339 0.333 0.344 0.338 0.334 0.326 0.332 0.334 0.329 -9999.000 -9999.000 -9999.000 -9999.000
-9999.000 -9999.000 -9999.000 -9999.000 0.329 0.329 0.323 0.329 0.330 0.322 0.326 0.333 0.334 -9999.000 -9999.000 -9999.000 -9999.000
-9999.000 -9999.000 -9999.000 -9999.000 -9999.000 0.333 0.332 0.328 0.326 0.335 0.329 0.344 0.333 0.331 -9999.000 -9999.000 -9999.000
-9999.000 -9999.000 -9999.000 -9999.000 -9999.000 -9999.000 0.330 0.331 0.328 0.326 0.326 0.327 0.332 0.333 0.333 -9999.000 -9999.000
-9999.000 -9999.000 -9999.000 -9999.000 -9999.000 -9999.000 -9999.000 0.337 0.332 0.335 0.332 0.324 0.322 0.332 -9999.000 -9999.000 -9999.000
-9999.000 -9999.000 -9999.000 -9999.000 -9999.000 -9999.000 -9999.000 -9999.000 0.341 0.333 0.332 0.332 0.334 0.328 0.349 -9999.000 -9999.000
-9999.000 -9999.000 -9999.000 -9999.000 -9999.000 -9999.000 -9999.000 -9999.000 -9999.000 -9999.000 -9999.000 -9999.000 -9999.000 -9999.000 -9999.000 -9999.000 -9999.000