tests/3D/WG1_2.0_001/maps/thetaiceL0001N0011.asc
ncols         17
nrows         27
xllcorner     624603.750000
yllcorner     5171346.250000
cellsize      500.000000
NODATA_value  -9999.0
-9999.000 -9999.000 -9999.000 -9999.000 -9999.000 -9999.000 -9999.000 -9999.000 -9999.000 -9999.000 -9999.000 -9999.000 -9999.000 -9999.000 -9999.000 -9999.000 -9999.000
-9999.000 -9999.000 -9999.000 -9999.000 -9999.000 -9999.000 -9999.000 -9999.000 -9999.000 -9999.000 -9999.000 0.120 0.233 0.225 -9999.000 -9999.000 -9999.000
-9999.000 -9999.000 -9999.000 -9999.000 -9999.000 -9999.000 -9999.000 -9999.000 -9999.000 0.367 0.359 0.217 0.233 0.228 0.236 -9999.000 -9999.000
-9999.000 -9999.000 -9999.000 -9999.000 -9999.000 -9999.000 -9999.000 -9999.000 0.293 0.226 0.223 0.355 0.260 0.242 0.229 -9999.000 -9999.000
-9999.000 -9999.000 -9999.000 -9999.000 -9999.000 -9999.000 -9999.000 -9999.000 0.350 0.135 0.314 0.152 0.230 0.234 0.229 -9999.000 -9999.000
-9999.000 -9999.000 -9999.000 -9999.000 -9999.000 -9999.000 -9999.000 0.310 0.335 0.267 0.195 0.111 0.357 0.228 0.231 -9999.000 -9999.000
-9999.000 -9999.000 -9999.000 -9999.000 -9999.000 -9999.000 0.364 0.267 0.221 0.365 0.367 0.364 0.356 0.274 0.143 -9999.000 -9999.000
-9999.000 -9999.000 -9999.000 -9999.000 -9999.000 -9999.000 0.270 0.362 0.363 0.365 0.366 0.367 0.259 0.282 0.362 -9999.000 -9999.000
-9999.000 -9999.000 -9999.000 -9999.000 -9999.000 -9999.000 0.357 0.362 0.337 0.324 0.367 0.365 0.260 0.246 0.363 -9999.000 -9999.000
-9999.000 -9999.000 -9999.000 -9999.000 -9999.000 -9999.000 -9999.000 0.214 0.335 0.254 0.366 0.365 0.338 0.349 0.299 -9999.000 -9999.000
-9999.000 -9999.000 -9999.000 -9999.000 -9999.000 -9999.000 0.342 0.246 0.260 0.365 0.367 0.366 0.364 0.293 0.217 0.358 -9999.000
-9999.000 -9999.000 -9999.000 -9999.000 -9999.000 0.357 0.252 0.220 0.358 0.366 0.366 0.366 0.361 0.235 0.347 0.355 -9999.000
-9999.000 -9999.000 -9999.000 0.333 0.365 0.226 0.252 0.355 0.348 0.360 0.366 0.365 0.360 0.327 0.135 0.303 -9999.000
-9999.000 -9999.000 -9999.000 0.280 0.229 0.238 0.366 0.361 0.366 0.365 0.363 0.366 0.245 0.289 0.228 0.344 -9999.000
-9999.000 -9999.000 0.277 0.256 0.209 0.360 0.364 0.365 0.363 0.361 0.366 0.366 0.196 0.181 0.366 0.355 -9999.000
-9999.000 0.365 0.365 0.365 0.366 0.365 0.365 0.362 0.359 0.364 0.365 0.362 0.367 0.353 0.354 -9999.000 -9999.000
-9999.000 0.363 0.365 0.363 0.363 0.345 0.348 0.340 0.354 0.358 0.367 0.364 0.364 0.363 0.229 0.235 -9999.000
-9999.000 0.364 0.364 0.354 0.338 0.312 0.228 0.343 0.357 0.365 0.362 0.365 0.363 0.309 0.283 -9999.000 -9999.000
-9999.000 0.302 0.358 0.323 0.178 0.243 0.347 0.358 0.362 0.365 0.364 0.209 0.351 0.340 -9999.000 -9999.000 -9999.000
-9999.000 -9999.000 0.279 0.172 0.342 0.358 0.362 0.362 0.363 0.364 0.345 0.363 0.123 0.354 -9999.000 -9999.000 -9999.000
-9999.000 -9999.000 0.223 0.264 0.361 0.364 0.365 0.365 0.365 0.363 0.365 0.186 0.356 -9999.000 -9999.000 -9999.000 -9999.000
-9999.000 -9999.000 -9999.000 -9999.000 0.365 0.366 0.364 0.361 0.365 0.361 0.363 0.250 0.346 -9999.000 -9999.000 -9999.000 -9999.000
-9999.000 -9999.000 -9999.000 -9999.000 -9999.000 0.365 0.363 0.364 0.362 0.364 0.364 0.235 0.181 0.316 -9999.000 -9999.000 -9999.000
-9999.000 -9999.000 -9999.000 -9999.000 -9999.000 -9999.000 0.362 0.362 0.342 0.364 0.364 0.364 0.181 0.362 0.361 -9999.000 -9999.000
-9999.000 -9999.000 -9999.000 -9999.000 -9999.000 -9999.000 -9999.000 0.363 0.361 0.327 0.358 0.363 0.363 0.316 -9999.000 -9999.000 -9999.000
-9999.000 -9999.000 -9999.000 -9999.000 -9999.000 -9999.000 -9999.000 -9999.000 0.364 0.362 0.362 0.362 0.326 0.342 0.363 -9999.000 -9999.000
-9999.000 -9999.000 -9999.000 -9999.000 -9999.000 -9999.000 -9999.000 -9999.000 -9999.000 -9999.000 -9999.000 -9999.000 -9999.000 -9999.000 -9999.000 -9999.000 -9999.000