tests/3D/WG1_2.0_001/maps/thetaliqL0001N0012.asc
ncols         17
nrows         27
xllcorner     624603.750000
yllcorner     5171346.250000
cellsize      500.000000
NODATA_value  -9999.0
-9999.000 -9999.000 -9999.000 -9999.000 -9999.000 -9999.000 -9999.000 -9999.000 -9999.000 -9999.000 -9999.000 -9999.000 -9999.000 -9999.000 -9999.000 -9999.000 -9999.000
-9999.000 -9999.000 -9999.000 -9999.000 -9999.000 -9999.000 -9999.000 -9999.000 -9999.000 -9999.000 -9999.000 0.275 0.252 0.252 -9999.000 -9999.000 -9999.000
-9999.000 -9999.000 -9999.000 -9999.000 -9999.000 -9999.000 -9999.000 -9999.000 -9999.000 0.137 0.140 0.150 0.252 0.253 0.253 -9999.000 -9999.000
-9999.000 -9999.000 -9999.000 -9999.000 -9999.000 -9999.000 -9999.000 -9999.000 0.201 0.153 0.151 0.142 0.152 0.252 0.252 -9999.000 -9999.000
-9999.000 -9999.000 -9999.000 -9999.000 -9999.000 -9999.000 -9999.000 -9999.000 0.156 0.143 0.143 0.143 0.252 0.252 0.252 -9999.000 -9999.000
-9999.000 -9999.000 -9999.000 -9999.000 -9999.000 -9999.000 -9999.000 0.163 0.143 0.144 0.146 0.143 0.151 0.252 0.253 -9999.000 -9999.000
-9999.000 -9999.000 -9999.000 -9999.000 -9999.000 -9999.000 0.156 0.150 0.142 0.148 0.144 0.152 0.257 0.140 0.276 -9999.000 -9999.000
-9999.000 -9999.000 -9999.000 -9999.000 -9999.000 -9999.000 0.148 0.149 0.143 0.147 0.150 0.143 0.150 0.150 0.164 -9999.000 -9999.000
-9999.000 -9999.000 -9999.000 -9999.000 -9999.000 -9999.000 0.160 0.157 0.142 0.144 0.158 0.146 0.143 0.150 0.269 -9999.000 -9999.000
-9999.000 -9999.000 -9999.000 -9999.000 -9999.000 -9999.000 -9999.000 0.151 0.143 0.145 0.155 0.152 0.144 0.152 0.167 -9999.000 -9999.000
-9999.000 -9999.000 -9999.000 -9999.000 -9999.000 -9999.000 0.153 0.152 0.142 0.144 0.152 0.157 0.143 0.152 0.151 0.166 -9999.000
-9999.000 -9999.000 -9999.000 -9999.000 -9999.000 0.154 0.142 0.142 0.143 0.145 0.159 0.155 0.143 0.142 0.152 0.154 -9999.000
-9999.000 -9999.000 -9999.000 0.152 0.152 0.142 0.142 0.144 0.146 0.148 0.164 0.159 0.144 0.142 0.142 0.158 -9999.000
-9999.000 -9999.000 -9999.000 0.142 0.142 0.142 0.143 0.145 0.151 0.162 0.148 0.150 0.146 0.142 0.252 0.170 -9999.000
-9999.000 -9999.000 0.151 0.142 0.143 0.143 0.144 0.150 0.152 0.144 0.147 0.154 0.146 0.143 0.156 0.146 -9999.000
-9999.000 0.142 0.142 0.143 0.143 0.145 0.146 0.152 0.145 0.149 0.152 0.145 0.143 0.142 0.150 -9999.000 -9999.000
-9999.000 0.142 0.144 0.144 0.147 0.146 0.147 0.150 0.141 0.150 0.144 0.142 0.142 0.154 0.253 0.253 -9999.000
-9999.000 0.143 0.145 0.144 0.142 0.143 0.142 0.240 0.141 0.151 0.144 0.142 0.151 0.155 0.142 -9999.000 -9999.000
-9999.000 0.144 0.144 0.141 0.285 0.288 0.289 0.294 0.142 0.148 0.145 0.145 0.142 0.151 -9999.000 -9999.000 -9999.000
-9999.000 -9999.000 0.140 0.292 0.292 0.140 0.142 0.153 0.144 0.147 0.143 0.143 0.142 0.151 -9999.000 -9999.000 -9999.000
-9999.000 -9999.000 0.293 0.285 0.142 0.147 0.147 0.145 0.153 0.155 0.145 0.142 0.151 -9999.000 -9999.000 -9999.000 -9999.000
-9999.000 -9999.000 -9999.000 -9999.000 0.145 0.143 0.144 0.143 0.146 0.156 0.149 0.143 0.153 -9999.000 -9999.000 -9999.000 -9999.000
-9999.000 -9999.000 -9999.000 -9999.000 -9999.000 0.142 0.143 0.142 0.143 0.146 0.148 0.143 0.142 0.142 -9999.000 -9999.000 -9999.000
-9999.000 -9999.000 -9999.000 -9999.000 -9999.000 -9999.000 0.142 0.142 0.142 0.143 0.145 0.144 0.143 0.150 0.165 -9999.000 -9999.000
-9999.000 -9999.000 -9999.000 -9999.000 -9999.000 -9999.000 -9999.000 0.155 0.151 0.142 0.144 0.143 0.142 0.150 -9999.000 -9999.000 -9999.000
-9999.000 -9999.000 -9999.000 -9999.000 -9999.000 -9999.000 -9999.000 -9999.000 0.154 0.150 0.142 0.142 0.150 0.151 0.154 -9999.000 -9999.000
-9999.000 -9999.000 -9999.000 -9999.000 -9999.000 -9999.000 -9999.000 -9999.000 -9999.000 -9999.000 -9999.000 -9999.000 -9999.000 -9999.000 -9999.000 -9999.000 -9999.000