tests/3D/WG1_2.0_001/maps/thetaliqL0001N0009.asc
ncols         17
nrows         27
xllcorner     624603.750000
yllcorner     5171346.250000
cellsize      500.000000
NODATA_value  -9999.0
-9999.000 -9999.000 -9999.000 -9999.000 -9999.000 -9999.000 -9999.000 -9999.000 -9999.000 -9999.000 -9999.000 -9999.000 -9999.000 -9999.000 -9999.000 -9999.000 -9999.000
-9999.000 -9999.000 -9999.000 -9999.000 -9999.000 -9999.000 -9999.000 -9999.000 -9999.000 -9999.000 -9999.000 0.305 0.307 0.307 -9999.000 -9999.000 -9999.000
-9999.000 -9999.000 -9999.000 -9999.000 -9999.000 -9999.000 -9999.000 -9999.000 -9999.000 0.319 0.309 0.302 0.307 0.307 0.306 -9999.000 -9999.000
-9999.000 -9999.000 -9999.000 -9999.000 -9999.000 -9999.000 -9999.000 -9999.000 0.303 0.302 0.306 0.309 0.306 0.307 0.307 -9999.000 -9999.000
-9999.000 -9999.000 -9999.000 -9999.000 -9999.000 -9999.000 -9999.000 -9999.000 0.303 0.313 0.314 0.318 0.308 0.307 0.307 -9999.000 -9999.000
-9999.000 -9999.000 -9999.000 -9999.000 -9999.000 -9999.000 -9999.000 0.302 0.305 0.317 0.318 0.317 0.303 0.307 0.306 -9999.000 -9999.000
-9999.000 -9999.000 -9999.000 -9999.000 -9999.000 -9999.000 0.299 0.300 0.316 0.317 0.318 0.305 0.309 0.313 0.309 -9999.000 -9999.000
-9999.000 -9999.000 -9999.000 -9999.000 -9999.000 -9999.000 0.299 0.298 0.314 0.316 0.318 0.314 0.307 0.303 0.302 -9999.000 -9999.000
-9999.000 -9999.000 -9999.000 -9999.000 -9999.000 -9999.000 0.297 0.300 0.314 0.317 0.318 0.318 0.317 0.306 0.304 -9999.000 -9999.000
-9999.000 -9999.000 -9999.000 -9999.000 -9999.000 -9999.000 -9999.000 0.299 0.312 0.317 0.317 0.318 0.319 0.305 0.306 -9999.000 -9999.000
-9999.000 -9999.000 -9999.000 -9999.000 -9999.000 -9999.000 0.298 0.296 0.310 0.317 0.317 0.318 0.315 0.301 0.302 0.305 -9999.000
-9999.000 -9999.000 -9999.000 -9999.000 -9999.000 0.296 0.308 0.311 0.314 0.316 0.317 0.318 0.315 0.316 0.301 0.303 -9999.000
-9999.000 -9999.000 -9999.000 0.293 0.293 0.307 0.312 0.317 0.317 0.316 0.318 0.318 0.319 0.314 0.312 0.304 -9999.000
-9999.000 -9999.000 -9999.000 0.299 0.309 0.312 0.315 0.317 0.317 0.317 0.323 0.322 0.318 0.315 0.307 0.304 -9999.000
-9999.000 -9999.000 0.294 0.301 0.315 0.316 0.316 0.317 0.319 0.325 0.323 0.319 0.318 0.319 0.302 0.303 -9999.000
-9999.000 0.298 0.308 0.315 0.316 0.316 0.317 0.318 0.323 0.321 0.317 0.318 0.319 0.311 0.298 -9999.000 -9999.000
-9999.000 0.311 0.315 0.317 0.318 0.320 0.321 0.320 0.329 0.320 0.317 0.314 0.308 0.300 0.307 0.306 -9999.000
-9999.000 0.314 0.316 0.320 0.324 0.323 0.326 0.330 0.330 0.318 0.317 0.311 0.299 0.298 0.300 -9999.000 -9999.000
-9999.000 0.315 0.318 0.325 0.331 0.332 0.332 0.330 0.325 0.319 0.317 0.316 0.312 0.297 -9999.000 -9999.000 -9999.000
-9999.000 -9999.000 0.327 0.330 0.330 0.328 0.324 0.317 0.322 0.316 0.313 0.310 0.303 0.298 -9999.000 -9999.000 -9999.000
-9999.000 -9999.000 0.330 0.331 0.323 0.317 0.317 0.315 0.316 0.316 0.315 0.308 0.299 -9999.000 -9999.000 -9999.000 -9999.000
-9999.000 -9999.000 -9999.000 -9999.000 0.317 0.316 0.316 0.315 0.315 0.315 0.315 0.312 0.296 -9999.000 -9999.000 -9999.000 -9999.000
-9999.000 -9999.000 -9999.000 -9999.000 -9999.000 0.302 0.313 0.311 0.314 0.314 0.314 0.309 0.303 0.301 -9999.000 -9999.000 -9999.000
-9999.000 -9999.000 -9999.000 -9999.000 -9999.000 -9999.000 0.296 0.298 0.306 0.314 0.313 0.314 0.311 0.296 0.296 -9999.000 -9999.000
-9999.000 -9999.000 -9999.000 -9999.000 -9999.000 -9999.000 -9999.000 0.292 0.292 0.308 0.314 0.313 0.300 0.296 -9999.000 -9999.000 -9999.000
-9999.000 -9999.000 -9999.000 -9999.000 -9999.000 -9999.000 -9999.000 -9999.000 0.293 0.294 0.300 0.307 0.298 0.296 0.295 -9999.000 -9999.000
-9999.000 -9999.000 -9999.000 -9999.000 -9999.000 -9999.000 -9999.000 -9999.000 -9999.000 -9999.000 -9999.000 -9999.000 -9999.000 -9999.000 -9999.000 -9999.000 -9999.000