tests/3D/WG1_2.0_001/maps/thetaliqL0003N0012.asc
ncols         17
nrows         27
xllcorner     624603.750000
yllcorner     5171346.250000
cellsize      500.000000
NODATA_value  -9999.0
-9999.000 -9999.000 -9999.000 -9999.000 -9999.000 -9999.000 -9999.000 -9999.000 -9999.000 -9999.000 -9999.000 -9999.000 -9999.000 -9999.000 -9999.000 -9999.000 -9999.000
-9999.000 -9999.000 -9999.000 -9999.000 -9999.000 -9999.000 -9999.000 -9999.000 -9999.000 -9999.000 -9999.000 0.305 0.330 0.317 -9999.000 -9999.000 -9999.000
-9999.000 -9999.000 -9999.000 -9999.000 -9999.000 -9999.000 -9999.000 -9999.000 -9999.000 0.292 0.311 0.312 0.330 0.321 0.338 -9999.000 -9999.000
-9999.000 -9999.000 -9999.000 -9999.000 -9999.000 -9999.000 -9999.000 -9999.000 0.313 0.317 0.317 0.302 0.315 0.355 0.322 -9999.000 -9999.000
-9999.000 -9999.000 -9999.000 -9999.000 -9999.000 -9999.000 -9999.000 -9999.000 0.303 0.312 0.324 0.311 0.324 0.331 0.323 -9999.000 -9999.000
-9999.000 -9999.000 -9999.000 -9999.000 -9999.000 -9999.000 -9999.000 0.304 0.302 0.313 0.308 0.314 0.303 0.321 0.327 -9999.000 -9999.000
-9999.000 -9999.000 -9999.000 -9999.000 -9999.000 -9999.000 0.303 0.311 0.314 0.284 0.316 0.296 0.298 0.310 0.307 -9999.000 -9999.000
-9999.000 -9999.000 -9999.000 -9999.000 -9999.000 -9999.000 0.309 0.298 0.296 0.280 0.289 0.316 0.315 0.319 0.298 -9999.000 -9999.000
-9999.000 -9999.000 -9999.000 -9999.000 -9999.000 -9999.000 0.301 0.296 0.301 0.315 0.270 0.283 0.304 0.317 0.293 -9999.000 -9999.000
-9999.000 -9999.000 -9999.000 -9999.000 -9999.000 -9999.000 -9999.000 0.311 0.305 0.310 0.285 0.286 0.301 0.328 0.309 -9999.000 -9999.000
-9999.000 -9999.000 -9999.000 -9999.000 -9999.000 -9999.000 0.296 0.310 0.304 0.284 0.278 0.277 0.301 0.307 0.312 0.300 -9999.000
-9999.000 -9999.000 -9999.000 -9999.000 -9999.000 0.297 0.306 0.307 0.284 0.287 0.280 0.276 0.310 0.307 0.310 0.301 -9999.000
-9999.000 -9999.000 -9999.000 0.301 0.308 0.310 0.306 0.283 0.285 0.282 0.276 0.285 0.310 0.297 0.310 0.309 -9999.000
-9999.000 -9999.000 -9999.000 0.300 0.311 0.300 0.286 0.281 0.286 0.292 0.287 0.277 0.313 0.308 0.320 0.304 -9999.000
-9999.000 -9999.000 0.300 0.301 0.301 0.304 0.280 0.279 0.284 0.281 0.280 0.276 0.306 0.311 0.315 0.300 -9999.000
-9999.000 0.283 0.285 0.281 0.283 0.289 0.275 0.280 0.285 0.299 0.289 0.284 0.319 0.302 0.299 -9999.000 -9999.000
-9999.000 0.282 0.284 0.282 0.294 0.290 0.291 0.296 0.283 0.291 0.302 0.299 0.297 0.302 0.323 0.334 -9999.000
-9999.000 0.278 0.294 0.287 0.291 0.287 0.301 0.299 0.288 0.296 0.289 0.286 0.285 0.312 0.301 -9999.000 -9999.000
-9999.000 0.302 0.280 0.292 0.299 0.299 0.290 0.293 0.291 0.286 0.279 0.304 0.303 0.301 -9999.000 -9999.000 -9999.000
-9999.000 -9999.000 0.304 0.297 0.296 0.295 0.298 0.294 0.281 0.294 0.281 0.293 0.309 0.303 -9999.000 -9999.000 -9999.000
-9999.000 -9999.000 0.296 0.289 0.299 0.290 0.300 0.290 0.285 0.287 0.288 0.308 0.298 -9999.000 -9999.000 -9999.000 -9999.000
-9999.000 -9999.000 -9999.000 -9999.000 0.286 0.278 0.282 0.289 0.284 0.284 0.287 0.304 0.300 -9999.000 -9999.000 -9999.000 -9999.000
-9999.000 -9999.000 -9999.000 -9999.000 -9999.000 0.280 0.291 0.276 0.286 0.281 0.285 0.315 0.307 0.301 -9999.000 -9999.000 -9999.000
-9999.000 -9999.000 -9999.000 -9999.000 -9999.000 -9999.000 0.284 0.290 0.295 0.278 0.279 0.280 0.308 0.294 0.296 -9999.000 -9999.000
-9999.000 -9999.000 -9999.000 -9999.000 -9999.000 -9999.000 -9999.000 0.285 0.294 0.303 0.295 0.280 0.277 0.302 -9999.000 -9999.000 -9999.000
-9999.000 -9999.000 -9999.000 -9999.000 -9999.000 -9999.000 -9999.000 -9999.000 0.302 0.289 0.287 0.290 0.306 0.299 0.307 -9999.000 -9999.000
-9999.000 -9999.000 -9999.000 -9999.000 -9999.000 -9999.000 -9999.000 -9999.000 -9999.000 -9999.000 -9999.000 -9999.000 -9999.000 -9999.000 -9999.000 -9999.000 -9999.000