tests/3D/WG1_2.0_001/maps/watertableN0006.asc
ncols         17
nrows         27
xllcorner     624603.750000
yllcorner     5171346.250000
cellsize      500.000000
NODATA_value  -9999.0
-9999.000 -9999.000 -9999.000 -9999.000 -9999.000 -9999.000 -9999.000 -9999.000 -9999.000 -9999.000 -9999.000 -9999.000 -9999.000 -9999.000 -9999.000 -9999.000 -9999.000
-9999.000 -9999.000 -9999.000 -9999.000 -9999.000 -9999.000 -9999.000 -9999.000 -9999.000 -9999.000 -9999.000 1999.482 2001.412 2004.251 -9999.000 -9999.000 -9999.000
-9999.000 -9999.000 -9999.000 -9999.000 -9999.000 -9999.000 -9999.000 -9999.000 -9999.000 2004.713 2002.029 1999.942 2001.169 2001.664 2003.913 -9999.000 -9999.000
-9999.000 -9999.000 -9999.000 -9999.000 -9999.000 -9999.000 -9999.000 -9999.000 2003.945 2000.964 2000.274 1997.893 1999.958 2002.799 2003.143 -9999.000 -9999.000
-9999.000 -9999.000 -9999.000 -9999.000 -9999.000 -9999.000 -9999.000 -9999.000 2001.912 1999.952 1999.103 1998.156 1998.768 2001.021 2001.360 -9999.000 -9999.000
-9999.000 -9999.000 -9999.000 -9999.000 -9999.000 -9999.000 -9999.000 2003.192 1998.684 1998.117 1997.475 1998.534 2000.520 2001.620 2001.043 -9999.000 -9999.000
-9999.000 -9999.000 -9999.000 -9999.000 -9999.000 -9999.000 2003.518 2001.437 2000.324 1997.918 1998.951 2000.219 2002.342 2002.919 2001.892 -9999.000 -9999.000
-9999.000 -9999.000 -9999.000 -9999.000 -9999.000 -9999.000 2003.395 2003.066 1998.643 1997.202 1998.822 2000.067 2001.675 2002.822 2002.618 -9999.000 -9999.000
-9999.000 -9999.000 -9999.000 -9999.000 -9999.000 -9999.000 2002.804 2002.990 2000.840 1998.835 1997.838 1998.783 1999.796 2002.364 2002.679 -9999.000 -9999.000
-9999.000 -9999.000 -9999.000 -9999.000 -9999.000 -9999.000 -9999.000 2005.400 2001.621 1999.185 1998.956 1997.672 1998.734 2003.964 2003.052 -9999.000 -9999.000
-9999.000 -9999.000 -9999.000 -9999.000 -9999.000 -9999.000 2004.591 2002.938 2003.315 2000.519 1998.791 1999.551 1999.909 2002.340 2002.009 2002.046 -9999.000
-9999.000 -9999.000 -9999.000 -9999.000 -9999.000 2004.300 2002.065 2003.550 2002.121 2000.372 1999.547 1998.820 2000.320 2001.819 2002.587 2001.131 -9999.000
-9999.000 -9999.000 -9999.000 2003.562 2003.982 2002.109 2002.702 2001.718 2001.148 1999.098 1998.105 1998.538 1999.255 2001.358 2002.538 2002.134 -9999.000
-9999.000 -9999.000 -9999.000 2002.984 2004.338 2002.521 2002.189 2000.704 2000.459 1999.952 1999.454 1997.690 1998.457 1999.925 2002.929 2003.260 -9999.000
-9999.000 -9999.000 2004.870 2001.693 2002.671 2001.730 2001.202 2001.137 1999.828 1997.741 1997.333 1996.374 1997.760 2000.477 2002.142 2004.206 -9999.000
-9999.000 2006.590 2003.090 2002.824 2000.920 2003.200 2001.781 2001.000 1999.704 2000.704 1999.997 1999.475 2000.944 2001.178 2005.644 -9999.000 -9999.000
-9999.000 2004.662 2003.317 2001.669 2000.770 2001.669 2003.047 2001.337 1998.099 2001.411 2001.750 2002.118 2002.471 2004.419 2001.641 2002.225 -9999.000
-9999.000 2002.786 2003.442 2003.034 2001.166 2000.960 2000.734 1997.694 1998.185 2002.055 2002.788 2004.330 2003.669 2003.252 2004.153 -9999.000 -9999.000
-9999.000 2000.274 2002.396 2000.064 1996.662 1999.081 1996.759 1996.908 1997.711 1999.247 2000.076 2001.251 2002.295 2004.659 -9999.000 -9999.000 -9999.000
-9999.000 -9999.000 2002.140 1997.252 1996.667 1997.724 1998.365 1999.980 1999.209 2000.013 2001.253 2002.179 2002.484 2000.423 -9999.000 -9999.000 -9999.000
-9999.000 -9999.000 1996.513 2003.075 1999.414 2001.002 2002.014 2000.757 1998.341 1998.538 1999.829 2002.383 2002.943 -9999.000 -9999.000 -9999.000 -9999.000
-9999.000 -9999.000 -9999.000 -9999.000 2001.351 2002.446 2003.198 2002.988 1998.813 1997.499 1998.718 2001.581 2004.204 -9999.000 -9999.000 -9999.000 -9999.000
-9999.000 -9999.000 -9999.000 -9999.000 -9999.000 2003.468 2003.124 2003.786 2000.140 1997.344 1996.980 1999.761 2000.501 2003.191 -9999.000 -9999.000 -9999.000
-9999.000 -9999.000 -9999.000 -9999.000 -9999.000 -9999.000 2004.108 2003.193 2002.438 1998.851 1997.400 1998.153 2000.929 2000.381 2002.342 -9999.000 -9999.000
-9999.000 -9999.000 -9999.000 -9999.000 -9999.000 -9999.000 -9999.000 2005.696 2002.747 2001.894 1998.952 1998.953 2000.454 2003.850 -9999.000 -9999.000 -9999.000
-9999.000 -9999.000 -9999.000 -9999.000 -9999.000 -9999.000 -9999.000 -9999.000 2004.900 2002.164 1999.662 1999.109 2000.859 2001.067 2003.132 -9999.000 -9999.000
-9999.000 -9999.000 -9999.000 -9999.000 -9999.000 -9999.000 -9999.000 -9999.000 -9999.000 -9999.000 -9999.000 -9999.000 -9999.000 -9999.000 -9999.000 -9999.000 -9999.000