tests/3D/WG1_2.0_001/maps/watertableN0015.asc
ncols         17
nrows         27
xllcorner     624603.750000
yllcorner     5171346.250000
cellsize      500.000000
NODATA_value  -9999.0
-9999.000 -9999.000 -9999.000 -9999.000 -9999.000 -9999.000 -9999.000 -9999.000 -9999.000 -9999.000 -9999.000 -9999.000 -9999.000 -9999.000 -9999.000 -9999.000 -9999.000
-9999.000 -9999.000 -9999.000 -9999.000 -9999.000 -9999.000 -9999.000 -9999.000 -9999.000 -9999.000 -9999.000 1999.011 2002.770 2009.203 -9999.000 -9999.000 -9999.000
-9999.000 -9999.000 -9999.000 -9999.000 -9999.000 -9999.000 -9999.000 -9999.000 -9999.000 2005.293 2005.361 1998.352 2002.218 2003.408 2008.830 -9999.000 -9999.000
-9999.000 -9999.000 -9999.000 -9999.000 -9999.000 -9999.000 -9999.000 -9999.000 2008.538 2001.513 1996.585 1991.793 1996.331 2005.497 2006.799 -9999.000 -9999.000
-9999.000 -9999.000 -9999.000 -9999.000 -9999.000 -9999.000 -9999.000 -9999.000 2003.192 1996.952 1990.748 1989.927 1996.169 2001.990 2002.638 -9999.000 -9999.000
-9999.000 -9999.000 -9999.000 -9999.000 -9999.000 -9999.000 -9999.000 2006.624 1994.277 1989.875 1988.084 1992.608 1999.365 2003.227 2001.919 -9999.000 -9999.000
-9999.000 -9999.000 -9999.000 -9999.000 -9999.000 -9999.000 2009.224 2001.740 1996.575 1987.066 1990.128 1998.286 2005.157 2007.118 2003.612 -9999.000 -9999.000
-9999.000 -9999.000 -9999.000 -9999.000 -9999.000 -9999.000 2008.025 2005.314 1993.507 1988.011 1987.625 1994.716 1999.958 2004.618 2005.924 -9999.000 -9999.000
-9999.000 -9999.000 -9999.000 -9999.000 -9999.000 -9999.000 2007.769 2006.746 1999.744 1991.754 1986.835 1990.397 1996.071 2002.862 2006.458 -9999.000 -9999.000
-9999.000 -9999.000 -9999.000 -9999.000 -9999.000 -9999.000 -9999.000 2011.608 2001.458 1993.979 1986.037 1987.064 1993.426 2002.556 2005.547 -9999.000 -9999.000
-9999.000 -9999.000 -9999.000 -9999.000 -9999.000 -9999.000 2010.276 2005.555 2005.761 1997.239 1989.472 1989.247 1996.625 2003.970 2002.796 2003.699 -9999.000
-9999.000 -9999.000 -9999.000 -9999.000 -9999.000 2010.067 2002.808 2005.969 2001.457 1996.393 1990.035 1990.156 1997.146 2001.035 2004.171 2001.875 -9999.000
-9999.000 -9999.000 -9999.000 2007.817 2009.218 2002.627 2004.190 2000.573 1998.406 1993.421 1988.383 1988.598 1994.412 1999.912 2003.162 2003.844 -9999.000
-9999.000 -9999.000 -9999.000 2006.525 2007.586 2004.459 2000.807 1997.845 1993.713 1988.442 1983.836 1984.403 1990.250 1996.763 2006.232 2008.094 -9999.000
-9999.000 -9999.000 2010.964 2003.504 2004.461 2002.240 2000.253 1995.908 1989.914 1984.940 1984.766 1987.031 1991.069 1997.965 2002.132 2012.082 -9999.000
-9999.000 2012.972 2003.697 2004.562 2000.756 2001.216 1999.155 1993.777 1988.008 1988.793 1993.258 1996.218 1998.209 2001.124 2013.721 -9999.000 -9999.000
-9999.000 2007.443 2005.460 1999.785 1996.771 1996.170 1993.003 1988.857 1984.754 1991.188 1998.628 2003.182 2004.317 2009.578 2003.299 2004.820 -9999.000
-9999.000 2003.299 2001.489 1995.251 1990.243 1989.756 1986.268 1983.191 1984.922 1995.080 2002.156 2006.360 2007.909 2007.744 2012.800 -9999.000 -9999.000
-9999.000 1992.772 1999.408 1988.948 1982.030 1982.344 1981.726 1983.517 1986.904 1993.717 1998.499 2000.704 2002.976 2009.641 -9999.000 -9999.000 -9999.000
-9999.000 -9999.000 1996.873 1981.485 1981.749 1988.252 1990.688 1993.778 1991.847 1996.283 2000.224 2003.628 2004.589 2000.227 -9999.000 -9999.000 -9999.000
-9999.000 -9999.000 1980.511 1995.712 1992.611 1999.744 1999.579 2000.458 1993.721 1992.502 1995.875 2003.466 2006.186 -9999.000 -9999.000 -9999.000 -9999.000
-9999.000 -9999.000 -9999.000 -9999.000 2000.347 2004.503 2005.820 2003.705 1994.917 1990.835 1993.156 2001.837 2009.624 -9999.000 -9999.000 -9999.000 -9999.000
-9999.000 -9999.000 -9999.000 -9999.000 -9999.000 2008.704 2006.046 2007.959 1997.127 1990.804 1989.093 1995.642 1999.678 2006.341 -9999.000 -9999.000 -9999.000
-9999.000 -9999.000 -9999.000 -9999.000 -9999.000 -9999.000 2009.950 2007.727 2005.086 1995.471 1991.258 1992.325 2000.519 1999.752 2006.455 -9999.000 -9999.000
-9999.000 -9999.000 -9999.000 -9999.000 -9999.000 -9999.000 -9999.000 2013.649 2006.756 2003.222 1995.349 1994.513 1999.631 2007.515 -9999.000 -9999.000 -9999.000
-9999.000 -9999.000 -9999.000 -9999.000 -9999.000 -9999.000 -9999.000 -9999.000 2012.144 2004.467 1998.123 1996.107 2000.970 2002.234 2005.545 -9999.000 -9999.000
-9999.000 -9999.000 -9999.000 -9999.000 -9999.000 -9999.000 -9999.000 -9999.000 -9999.000 -9999.000 -9999.000 -9999.000 -9999.000 -9999.000 -9999.000 -9999.000 -9999.000