tests/3D/WG1_2.0_001/maps/watertableN0003.asc
ncols         17
nrows         27
xllcorner     624603.750000
yllcorner     5171346.250000
cellsize      500.000000
NODATA_value  -9999.0
-9999.000 -9999.000 -9999.000 -9999.000 -9999.000 -9999.000 -9999.000 -9999.000 -9999.000 -9999.000 -9999.000 -9999.000 -9999.000 -9999.000 -9999.000 -9999.000 -9999.000
-9999.000 -9999.000 -9999.000 -9999.000 -9999.000 -9999.000 -9999.000 -9999.000 -9999.000 -9999.000 -9999.000 1999.620 2000.828 2002.347 -9999.000 -9999.000 -9999.000
-9999.000 -9999.000 -9999.000 -9999.000 -9999.000 -9999.000 -9999.000 -9999.000 -9999.000 2001.007 2000.866 1999.811 2000.700 2000.979 2002.257 -9999.000 -9999.000
-9999.000 -9999.000 -9999.000 -9999.000 -9999.000 -9999.000 -9999.000 -9999.000 2001.801 2000.390 1999.654 1998.805 1999.396 2001.479 2001.782 -9999.000 -9999.000
-9999.000 -9999.000 -9999.000 -9999.000 -9999.000 -9999.000 -9999.000 -9999.000 2000.801 1999.844 1998.704 1998.640 1999.407 2000.645 2000.796 -9999.000 -9999.000
-9999.000 -9999.000 -9999.000 -9999.000 -9999.000 -9999.000 -9999.000 2001.487 1999.155 1998.555 1998.267 1999.122 2000.116 2000.936 2000.622 -9999.000 -9999.000
-9999.000 -9999.000 -9999.000 -9999.000 -9999.000 -9999.000 2001.636 2000.672 1999.762 1998.022 1998.620 1999.936 2001.165 2001.447 2000.876 -9999.000 -9999.000
-9999.000 -9999.000 -9999.000 -9999.000 -9999.000 -9999.000 2001.569 2001.492 1999.132 1998.186 1998.163 1999.444 2000.459 2001.320 2001.077 -9999.000 -9999.000
-9999.000 -9999.000 -9999.000 -9999.000 -9999.000 -9999.000 2001.377 2001.457 2000.353 1998.860 1998.021 1998.681 1999.745 2001.161 2001.188 -9999.000 -9999.000
-9999.000 -9999.000 -9999.000 -9999.000 -9999.000 -9999.000 -9999.000 2002.794 2000.715 1999.277 1997.835 1998.050 1999.258 2000.921 2001.386 -9999.000 -9999.000
-9999.000 -9999.000 -9999.000 -9999.000 -9999.000 -9999.000 2002.314 2001.286 2001.675 1999.865 1998.462 1998.470 1999.782 2001.099 2000.956 2000.926 -9999.000
-9999.000 -9999.000 -9999.000 -9999.000 -9999.000 2002.171 2000.885 2001.709 2000.703 1999.699 1998.580 1998.616 1999.852 2000.788 2001.236 2000.504 -9999.000
-9999.000 -9999.000 -9999.000 2001.650 2001.998 2000.792 2001.276 2000.519 2000.048 1999.127 1998.258 1998.309 1999.361 2000.437 2001.232 2000.914 -9999.000
-9999.000 -9999.000 -9999.000 2001.462 2001.977 2001.299 2000.496 1999.905 1999.179 1998.220 1997.502 1997.564 1998.558 1999.727 2001.653 2001.624 -9999.000
-9999.000 -9999.000 2002.493 2000.792 2001.328 2000.805 2000.409 1999.561 1998.516 1997.736 1997.671 1997.964 1998.691 2000.001 2000.443 2002.215 -9999.000
-9999.000 2002.858 2000.983 2001.337 2000.450 2000.607 2000.157 1999.202 1998.257 1998.363 1999.107 1999.648 2000.009 2000.576 2002.975 -9999.000 -9999.000
-9999.000 2001.877 2001.550 2000.232 1999.664 1999.630 1999.068 1998.296 1997.793 1998.749 2000.050 2001.057 2001.210 2002.125 2000.952 2001.310 -9999.000
-9999.000 2000.988 2000.642 1999.420 1998.570 1998.510 1997.935 1997.621 1997.843 1999.415 2000.876 2001.717 2001.897 2001.627 2002.209 -9999.000 -9999.000
-9999.000 1998.828 2000.218 1998.365 1997.449 1997.553 1997.460 1997.729 1998.042 1999.185 2000.033 2000.556 2001.015 2002.302 -9999.000 -9999.000 -9999.000
-9999.000 -9999.000 1999.902 1997.337 1997.415 1998.359 1998.702 1999.145 1998.887 1999.585 2000.318 2001.089 2001.231 2000.115 -9999.000 -9999.000 -9999.000
-9999.000 -9999.000 1997.117 2000.025 1998.988 2000.278 2000.242 2000.415 1999.125 1998.904 1999.498 2001.003 2001.531 -9999.000 -9999.000 -9999.000 -9999.000
-9999.000 -9999.000 -9999.000 -9999.000 2000.372 2001.291 2001.661 2001.111 1999.299 1998.585 1999.003 2000.698 2002.118 -9999.000 -9999.000 -9999.000 -9999.000
-9999.000 -9999.000 -9999.000 -9999.000 -9999.000 2001.889 2001.631 2002.050 1999.652 1998.522 1998.211 1999.341 2000.025 2001.534 -9999.000 -9999.000 -9999.000
-9999.000 -9999.000 -9999.000 -9999.000 -9999.000 -9999.000 2002.112 2001.649 2001.263 1999.357 1998.600 1998.803 2000.394 2000.020 2001.129 -9999.000 -9999.000
-9999.000 -9999.000 -9999.000 -9999.000 -9999.000 -9999.000 -9999.000 2002.687 2001.378 2000.906 1999.358 1999.205 1999.963 2001.835 -9999.000 -9999.000 -9999.000
-9999.000 -9999.000 -9999.000 -9999.000 -9999.000 -9999.000 -9999.000 -9999.000 2002.448 2001.066 1999.660 1999.380 2000.370 2000.508 2001.016 -9999.000 -9999.000
-9999.000 -9999.000 -9999.000 -9999.000 -9999.000 -9999.000 -9999.000 -9999.000 -9999.000 -9999.000 -9999.000 -9999.000 -9999.000 -9999.000 -9999.000 -9999.000 -9999.000