tests/3D/WG1_2.0_001/maps/watertableN0011.asc
ncols         17
nrows         27
xllcorner     624603.750000
yllcorner     5171346.250000
cellsize      500.000000
NODATA_value  -9999.0
-9999.000 -9999.000 -9999.000 -9999.000 -9999.000 -9999.000 -9999.000 -9999.000 -9999.000 -9999.000 -9999.000 -9999.000 -9999.000 -9999.000 -9999.000 -9999.000 -9999.000
-9999.000 -9999.000 -9999.000 -9999.000 -9999.000 -9999.000 -9999.000 -9999.000 -9999.000 -9999.000 -9999.000 1998.756 2002.300 2007.141 -9999.000 -9999.000 -9999.000
-9999.000 -9999.000 -9999.000 -9999.000 -9999.000 -9999.000 -9999.000 -9999.000 -9999.000 2003.550 2002.944 1998.719 2001.888 2002.780 2006.858 -9999.000 -9999.000
-9999.000 -9999.000 -9999.000 -9999.000 -9999.000 -9999.000 -9999.000 -9999.000 2005.809 2000.968 1997.747 1994.138 1997.242 2004.361 2005.335 -9999.000 -9999.000
-9999.000 -9999.000 -9999.000 -9999.000 -9999.000 -9999.000 -9999.000 -9999.000 2002.291 1998.052 1993.623 1993.160 1997.430 2001.715 2002.200 -9999.000 -9999.000
-9999.000 -9999.000 -9999.000 -9999.000 -9999.000 -9999.000 -9999.000 2004.635 1995.772 1993.107 1991.894 1995.037 1999.660 2002.644 2001.654 -9999.000 -9999.000
-9999.000 -9999.000 -9999.000 -9999.000 -9999.000 -9999.000 2005.809 2001.449 1997.803 1991.119 1993.296 1998.929 2003.655 2004.715 2002.712 -9999.000 -9999.000
-9999.000 -9999.000 -9999.000 -9999.000 -9999.000 -9999.000 2005.041 2004.084 1995.515 1991.782 1991.574 1996.438 2000.352 2003.568 2003.659 -9999.000 -9999.000
-9999.000 -9999.000 -9999.000 -9999.000 -9999.000 -9999.000 2004.778 2004.554 2000.013 1994.401 1991.045 1993.526 1997.490 2002.556 2004.151 -9999.000 -9999.000
-9999.000 -9999.000 -9999.000 -9999.000 -9999.000 -9999.000 -9999.000 2008.540 2001.250 1996.010 1990.427 1991.169 1995.662 2002.142 2004.159 -9999.000 -9999.000
-9999.000 -9999.000 -9999.000 -9999.000 -9999.000 -9999.000 2007.239 2003.828 2004.359 1998.309 1992.860 1992.767 1997.791 2002.979 2002.300 2002.735 -9999.000
-9999.000 -9999.000 -9999.000 -9999.000 -9999.000 2006.870 2002.006 2004.533 2001.249 1997.697 1993.303 1993.387 1998.139 2001.156 2003.280 2001.315 -9999.000
-9999.000 -9999.000 -9999.000 2005.162 2006.250 2001.805 2003.204 2000.704 1999.142 1995.577 1992.118 1992.268 1996.268 2000.161 2002.678 2002.725 -9999.000
-9999.000 -9999.000 -9999.000 2004.170 2005.574 2003.353 2000.723 1998.669 1995.805 1992.103 1989.067 1989.365 1993.312 1997.728 2004.914 2005.357 -9999.000
-9999.000 -9999.000 2007.741 2001.960 2003.454 2001.752 2000.429 1997.333 1993.206 1989.929 1989.726 1991.078 1993.869 1998.813 2001.254 2007.799 -9999.000
-9999.000 2008.722 2002.510 2003.515 2000.655 2001.113 1999.641 1995.903 1992.041 1992.516 1995.496 1997.530 1998.930 2000.818 2009.386 -9999.000 -9999.000
-9999.000 2005.362 2004.220 1999.993 1997.866 1997.583 1995.392 1992.450 1989.978 1994.106 1999.216 2002.400 2002.962 2006.647 2002.697 2003.840 -9999.000
-9999.000 2002.496 2001.309 1996.875 1993.477 1993.191 1990.841 1989.271 1990.146 1996.756 2001.855 2004.609 2005.691 2005.128 2007.831 -9999.000 -9999.000
-9999.000 1994.885 1999.865 1992.630 1988.662 1988.961 1988.546 1989.673 1991.248 1995.833 1999.169 2000.829 2002.337 2007.005 -9999.000 -9999.000 -9999.000
-9999.000 -9999.000 1998.397 1988.274 1988.496 1992.352 1993.872 1995.824 1994.627 1997.532 2000.208 2002.661 2003.180 2000.025 -9999.000 -9999.000 -9999.000
-9999.000 -9999.000 1987.522 1998.489 1995.119 2000.072 1999.952 2000.542 1995.771 1994.914 1997.213 2002.448 2004.518 -9999.000 -9999.000 -9999.000 -9999.000
-9999.000 -9999.000 -9999.000 -9999.000 2000.428 2003.384 2004.522 2002.814 1996.527 1993.721 1995.331 2001.441 2006.630 -9999.000 -9999.000 -9999.000 -9999.000
-9999.000 -9999.000 -9999.000 -9999.000 -9999.000 2005.506 2004.506 2005.842 1997.925 1993.586 1992.383 1996.744 1999.416 2004.295 -9999.000 -9999.000 -9999.000
-9999.000 -9999.000 -9999.000 -9999.000 -9999.000 -9999.000 2006.343 2004.837 2003.406 1996.790 1993.886 1994.641 2000.483 1999.666 2003.864 -9999.000 -9999.000
-9999.000 -9999.000 -9999.000 -9999.000 -9999.000 -9999.000 -9999.000 2008.948 2004.279 2002.232 1996.777 1996.180 1999.224 2005.480 -9999.000 -9999.000 -9999.000
-9999.000 -9999.000 -9999.000 -9999.000 -9999.000 -9999.000 -9999.000 -9999.000 2007.985 2003.063 1998.108 1996.956 2000.706 2001.366 2003.268 -9999.000 -9999.000
-9999.000 -9999.000 -9999.000 -9999.000 -9999.000 -9999.000 -9999.000 -9999.000 -9999.000 -9999.000 -9999.000 -9999.000 -9999.000 -9999.000 -9999.000 -9999.000 -9999.000