tests/3D/WG1_2.0_001/maps/watertableN0014.asc
ncols         17
nrows         27
xllcorner     624603.750000
yllcorner     5171346.250000
cellsize      500.000000
NODATA_value  -9999.0
-9999.000 -9999.000 -9999.000 -9999.000 -9999.000 -9999.000 -9999.000 -9999.000 -9999.000 -9999.000 -9999.000 -9999.000 -9999.000 -9999.000 -9999.000 -9999.000 -9999.000
-9999.000 -9999.000 -9999.000 -9999.000 -9999.000 -9999.000 -9999.000 -9999.000 -9999.000 -9999.000 -9999.000 1997.205 2002.245 2008.625 -9999.000 -9999.000 -9999.000
-9999.000 -9999.000 -9999.000 -9999.000 -9999.000 -9999.000 -9999.000 -9999.000 -9999.000 2016.570 2002.403 1997.654 2001.714 2002.990 2007.249 -9999.000 -9999.000
-9999.000 -9999.000 -9999.000 -9999.000 -9999.000 -9999.000 -9999.000 -9999.000 2004.783 1997.924 1996.098 1992.283 1998.125 2003.867 2006.141 -9999.000 -9999.000
-9999.000 -9999.000 -9999.000 -9999.000 -9999.000 -9999.000 -9999.000 -9999.000 2000.895 1995.531 1993.819 1990.150 1996.417 2001.354 2002.310 -9999.000 -9999.000
-9999.000 -9999.000 -9999.000 -9999.000 -9999.000 -9999.000 -9999.000 2004.014 1993.145 1991.661 1989.732 1991.244 1998.632 2002.901 2001.540 -9999.000 -9999.000
-9999.000 -9999.000 -9999.000 -9999.000 -9999.000 -9999.000 2006.147 2000.226 1997.527 1993.132 2001.227 1996.910 2002.301 2004.106 2002.500 -9999.000 -9999.000
-9999.000 -9999.000 -9999.000 -9999.000 -9999.000 -9999.000 2004.902 2004.128 1993.542 1991.177 1996.532 2002.423 1999.777 2002.035 2010.511 -9999.000 -9999.000
-9999.000 -9999.000 -9999.000 -9999.000 -9999.000 -9999.000 2004.667 2004.889 1998.838 1994.514 1992.240 1996.621 1995.320 2000.592 2007.279 -9999.000 -9999.000
-9999.000 -9999.000 -9999.000 -9999.000 -9999.000 -9999.000 -9999.000 2009.140 2000.534 1995.170 1996.146 1993.227 1992.980 2008.228 2002.038 -9999.000 -9999.000
-9999.000 -9999.000 -9999.000 -9999.000 -9999.000 -9999.000 2008.022 2004.123 2004.522 2000.392 1995.340 1997.271 1996.438 2001.053 1999.682 2002.130 -9999.000
-9999.000 -9999.000 -9999.000 -9999.000 -9999.000 2007.635 2002.502 2005.555 2004.828 2000.448 1996.622 1995.450 1998.140 2000.419 2001.991 2000.033 -9999.000
-9999.000 -9999.000 -9999.000 2006.795 2012.775 2003.193 2003.942 2004.183 2003.605 1998.025 1993.346 1994.459 1995.495 2001.168 2001.160 2000.399 -9999.000
-9999.000 -9999.000 -9999.000 2004.930 2008.303 2003.700 2007.475 2002.678 2000.201 2000.179 1997.463 1992.227 1994.298 1996.305 2005.712 2004.877 -9999.000
-9999.000 -9999.000 2009.118 2002.146 2004.389 2002.788 2002.682 2003.481 1998.783 1993.683 1991.495 1989.700 1992.117 1998.225 2007.823 2007.867 -9999.000
-9999.000 2018.673 2010.052 2005.568 2001.981 2008.058 2004.727 2001.497 1998.130 2001.720 1999.088 1997.097 2005.092 2000.220 2010.664 -9999.000 -9999.000
-9999.000 2014.384 2006.837 2008.145 2005.480 2005.322 2008.663 2003.113 1993.411 2003.214 2005.276 2003.283 2004.362 2008.353 2002.899 2003.824 -9999.000
-9999.000 2009.630 2008.800 2008.935 2003.347 2003.290 2002.516 1991.974 1993.866 2005.149 2007.841 2010.697 2006.746 2004.820 2007.927 -9999.000 -9999.000
-9999.000 2002.318 2005.062 1999.881 1989.866 1996.357 1989.869 1990.732 1992.951 1997.049 1998.502 2000.804 2003.204 2008.177 -9999.000 -9999.000 -9999.000
-9999.000 -9999.000 2003.239 1992.243 1989.842 1993.005 1995.181 1998.935 1996.331 1999.335 2004.075 2003.284 2003.050 1999.077 -9999.000 -9999.000 -9999.000
-9999.000 -9999.000 1990.314 2007.302 1997.708 2001.621 2005.737 2000.800 1994.092 1995.598 1999.272 2003.773 2004.667 -9999.000 -9999.000 -9999.000 -9999.000
-9999.000 -9999.000 -9999.000 -9999.000 2002.487 2005.000 2005.650 2007.257 1995.611 1992.561 1995.862 2001.735 2007.412 -9999.000 -9999.000 -9999.000 -9999.000
-9999.000 -9999.000 -9999.000 -9999.000 -9999.000 2007.116 2005.726 2007.306 2000.919 1992.679 1991.326 1998.415 1999.407 2005.271 -9999.000 -9999.000 -9999.000
-9999.000 -9999.000 -9999.000 -9999.000 -9999.000 -9999.000 2008.928 2006.170 2003.684 1996.122 1992.274 1994.834 2000.131 1999.798 2004.017 -9999.000 -9999.000
-9999.000 -9999.000 -9999.000 -9999.000 -9999.000 -9999.000 -9999.000 2014.522 2005.263 2002.455 1995.784 1996.791 2000.997 2006.966 -9999.000 -9999.000 -9999.000
-9999.000 -9999.000 -9999.000 -9999.000 -9999.000 -9999.000 -9999.000 -9999.000 2010.940 2004.939 1998.903 1996.920 2000.256 2000.985 2006.911 -9999.000 -9999.000
-9999.000 -9999.000 -9999.000 -9999.000 -9999.000 -9999.000 -9999.000 -9999.000 -9999.000 -9999.000 -9999.000 -9999.000 -9999.000 -9999.000 -9999.000 -9999.000 -9999.000