tests/3D/WG1_2.0_001/maps/watertableN0010.asc
ncols         17
nrows         27
xllcorner     624603.750000
yllcorner     5171346.250000
cellsize      500.000000
NODATA_value  -9999.0
-9999.000 -9999.000 -9999.000 -9999.000 -9999.000 -9999.000 -9999.000 -9999.000 -9999.000 -9999.000 -9999.000 -9999.000 -9999.000 -9999.000 -9999.000 -9999.000 -9999.000
-9999.000 -9999.000 -9999.000 -9999.000 -9999.000 -9999.000 -9999.000 -9999.000 -9999.000 -9999.000 -9999.000 1998.883 2002.151 2006.591 -9999.000 -9999.000 -9999.000
-9999.000 -9999.000 -9999.000 -9999.000 -9999.000 -9999.000 -9999.000 -9999.000 -9999.000 2003.362 2002.745 1998.953 2001.774 2002.591 2006.331 -9999.000 -9999.000
-9999.000 -9999.000 -9999.000 -9999.000 -9999.000 -9999.000 -9999.000 -9999.000 2005.348 2000.954 1998.148 1994.977 1997.605 2004.042 2004.934 -9999.000 -9999.000
-9999.000 -9999.000 -9999.000 -9999.000 -9999.000 -9999.000 -9999.000 -9999.000 2002.166 1998.514 1994.547 1994.196 1997.713 2001.615 2002.059 -9999.000 -9999.000
-9999.000 -9999.000 -9999.000 -9999.000 -9999.000 -9999.000 -9999.000 2004.288 1996.384 1994.090 1993.023 1995.875 1999.834 2002.467 2001.557 -9999.000 -9999.000
-9999.000 -9999.000 -9999.000 -9999.000 -9999.000 -9999.000 2005.235 2001.472 1998.307 1992.294 1994.270 1999.186 2003.398 2004.404 2002.550 -9999.000 -9999.000
-9999.000 -9999.000 -9999.000 -9999.000 -9999.000 -9999.000 2004.645 2003.881 1996.208 1992.882 1992.724 1997.093 2000.556 2003.406 2003.353 -9999.000 -9999.000
-9999.000 -9999.000 -9999.000 -9999.000 -9999.000 -9999.000 2004.302 2004.207 2000.277 1995.230 1992.251 1994.484 1998.054 2002.582 2003.773 -9999.000 -9999.000
-9999.000 -9999.000 -9999.000 -9999.000 -9999.000 -9999.000 -9999.000 2007.911 2001.381 1996.679 1991.674 1992.355 1996.418 2002.129 2003.886 -9999.000 -9999.000
-9999.000 -9999.000 -9999.000 -9999.000 -9999.000 -9999.000 2006.676 2003.569 2004.217 1998.731 1993.856 1993.801 1998.289 2002.838 2002.263 2002.572 -9999.000
-9999.000 -9999.000 -9999.000 -9999.000 -9999.000 2006.322 2002.032 2004.367 2001.377 1998.182 1994.264 1994.346 1998.587 2001.382 2003.144 2001.276 -9999.000
-9999.000 -9999.000 -9999.000 2004.761 2005.761 2001.827 2003.140 2000.879 1999.462 1996.262 1993.190 1993.333 1996.920 2000.423 2002.744 2002.556 -9999.000
-9999.000 -9999.000 -9999.000 2003.930 2005.292 2003.263 2000.872 1999.014 1996.472 1993.149 1990.531 1990.764 1994.246 1998.207 2004.550 2004.917 -9999.000
-9999.000 -9999.000 2007.145 2001.918 2003.359 2001.803 2000.608 1997.831 1994.166 1991.333 1991.123 1992.239 1994.738 1999.192 2001.196 2007.066 -9999.000
-9999.000 2008.084 2002.447 2003.406 2000.791 2001.224 1999.887 1996.571 1993.198 1993.586 1996.199 1998.025 1999.278 2000.974 2008.636 -9999.000 -9999.000
-9999.000 2005.067 2004.046 2000.184 1998.285 1998.083 1996.130 1993.478 1991.469 1994.978 1999.512 2002.420 2002.907 2006.132 2002.514 2003.562 -9999.000
-9999.000 2002.451 2001.390 1997.429 1994.440 1994.196 1992.138 1990.889 1991.642 1997.319 2001.928 2004.419 2005.292 2004.727 2007.048 -9999.000 -9999.000
-9999.000 1995.554 2000.101 1993.712 1990.349 1990.648 1990.291 1991.265 1992.497 1996.509 1999.469 2000.991 2002.352 2006.496 -9999.000 -9999.000 -9999.000
-9999.000 -9999.000 1998.932 1989.988 1990.209 1993.554 1994.825 1996.463 1995.470 1997.980 2000.386 2002.623 2003.078 2000.098 -9999.000 -9999.000 -9999.000
-9999.000 -9999.000 1989.290 1999.190 1995.898 2000.276 2000.167 2000.690 1996.406 1995.638 1997.689 2002.415 2004.221 -9999.000 -9999.000 -9999.000 -9999.000
-9999.000 -9999.000 -9999.000 -9999.000 2000.585 2003.279 2004.334 2002.761 1997.058 1994.557 1995.999 2001.509 2006.112 -9999.000 -9999.000 -9999.000 -9999.000
-9999.000 -9999.000 -9999.000 -9999.000 -9999.000 2005.154 2004.301 2005.521 1998.304 1994.402 1993.322 1997.225 1999.612 2004.069 -9999.000 -9999.000 -9999.000
-9999.000 -9999.000 -9999.000 -9999.000 -9999.000 -9999.000 2005.896 2004.524 2003.260 1997.281 1994.670 1995.354 2000.630 1999.776 2003.475 -9999.000 -9999.000
-9999.000 -9999.000 -9999.000 -9999.000 -9999.000 -9999.000 -9999.000 2008.093 2003.949 2002.199 1997.274 1996.738 1999.423 2005.103 -9999.000 -9999.000 -9999.000
-9999.000 -9999.000 -9999.000 -9999.000 -9999.000 -9999.000 -9999.000 -9999.000 2007.255 2002.878 1998.410 1997.408 2000.751 2001.310 2002.994 -9999.000 -9999.000
-9999.000 -9999.000 -9999.000 -9999.000 -9999.000 -9999.000 -9999.000 -9999.000 -9999.000 -9999.000 -9999.000 -9999.000 -9999.000 -9999.000 -9999.000 -9999.000 -9999.000