tests/3D/WG1_2.0_001/maps/watertableN0003.asc
ncols         17
nrows         27
xllcorner     624603.750000
yllcorner     5171346.250000
cellsize      500.000000
NODATA_value  -9999.0
-9999.000 -9999.000 -9999.000 -9999.000 -9999.000 -9999.000 -9999.000 -9999.000 -9999.000 -9999.000 -9999.000 -9999.000 -9999.000 -9999.000 -9999.000 -9999.000 -9999.000
-9999.000 -9999.000 -9999.000 -9999.000 -9999.000 -9999.000 -9999.000 -9999.000 -9999.000 -9999.000 -9999.000 1999.643 2000.826 2002.336 -9999.000 -9999.000 -9999.000
-9999.000 -9999.000 -9999.000 -9999.000 -9999.000 -9999.000 -9999.000 -9999.000 -9999.000 2001.678 2000.921 1999.842 2000.695 2000.945 2002.214 -9999.000 -9999.000
-9999.000 -9999.000 -9999.000 -9999.000 -9999.000 -9999.000 -9999.000 -9999.000 2001.892 2000.418 1999.825 1998.841 1999.830 2001.688 2001.748 -9999.000 -9999.000
-9999.000 -9999.000 -9999.000 -9999.000 -9999.000 -9999.000 -9999.000 -9999.000 2000.872 1999.870 1999.175 1998.976 1999.420 2000.619 2000.783 -9999.000 -9999.000
-9999.000 -9999.000 -9999.000 -9999.000 -9999.000 -9999.000 -9999.000 2001.547 1999.233 1998.806 1998.590 1999.152 2000.162 2000.922 2000.619 -9999.000 -9999.000
-9999.000 -9999.000 -9999.000 -9999.000 -9999.000 -9999.000 2001.727 2000.683 1999.903 1998.720 1999.271 2000.039 2001.190 2001.440 2000.892 -9999.000 -9999.000
-9999.000 -9999.000 -9999.000 -9999.000 -9999.000 -9999.000 2001.612 2001.549 1999.258 1998.467 1998.973 1999.876 2000.600 2001.352 2001.341 -9999.000 -9999.000
-9999.000 -9999.000 -9999.000 -9999.000 -9999.000 -9999.000 2001.470 2001.569 2000.371 1999.157 1998.623 1998.918 1999.770 2001.192 2001.331 -9999.000 -9999.000
-9999.000 -9999.000 -9999.000 -9999.000 -9999.000 -9999.000 -9999.000 2002.809 2000.789 1999.397 1999.043 1998.445 1999.270 2001.415 2001.444 -9999.000 -9999.000
-9999.000 -9999.000 -9999.000 -9999.000 -9999.000 -9999.000 2002.347 2001.376 2001.695 2000.000 1999.056 1999.435 1999.893 2001.129 2000.978 2000.985 -9999.000
-9999.000 -9999.000 -9999.000 -9999.000 -9999.000 2002.210 2000.945 2001.759 2000.808 1999.899 1999.429 1999.108 2000.014 2000.826 2001.333 2000.520 -9999.000
-9999.000 -9999.000 -9999.000 2001.712 2002.227 2000.877 2001.322 2000.614 2000.193 1999.231 1998.812 1998.952 1999.531 2000.502 2001.259 2000.990 -9999.000
-9999.000 -9999.000 -9999.000 2001.490 2002.070 2001.278 2000.731 2000.016 1999.794 1999.241 1999.018 1998.325 1998.832 1999.823 2001.629 2001.632 -9999.000
-9999.000 -9999.000 2002.521 2000.821 2001.325 2000.897 2000.451 2000.095 1999.434 1998.483 1998.275 1998.212 1998.698 2000.034 2000.856 2002.195 -9999.000
-9999.000 2003.047 2001.194 2001.399 2000.534 2001.197 2000.535 2000.020 1999.366 1999.684 1999.711 1999.597 2000.318 2000.577 2002.976 -9999.000 -9999.000
-9999.000 2002.044 2001.624 2000.402 1999.865 2000.293 2000.578 1999.864 1998.677 2000.045 2000.438 2001.147 2001.304 2002.235 2000.937 2001.281 -9999.000
-9999.000 2001.101 2001.341 2000.737 1999.894 1999.694 1999.482 1998.535 1998.665 2000.455 2001.047 2001.914 2001.924 2001.686 2002.165 -9999.000 -9999.000
-9999.000 1999.567 2000.811 1999.421 1997.947 1998.923 1998.174 1998.233 1998.610 1999.495 2000.136 2000.563 2001.105 2002.350 -9999.000 -9999.000 -9999.000
-9999.000 -9999.000 2000.706 1998.183 1998.121 1998.719 1999.056 1999.738 1999.370 1999.777 2000.372 2001.160 2001.244 2000.188 -9999.000 -9999.000 -9999.000
-9999.000 -9999.000 1997.860 2001.020 1999.482 2000.462 2000.810 2000.467 1999.241 1999.042 1999.698 2001.068 2001.551 -9999.000 -9999.000 -9999.000 -9999.000
-9999.000 -9999.000 -9999.000 -9999.000 2000.611 2001.322 2001.669 2001.268 1999.413 1998.623 1999.145 2000.731 2002.164 -9999.000 -9999.000 -9999.000 -9999.000
-9999.000 -9999.000 -9999.000 -9999.000 -9999.000 2001.960 2001.692 2002.101 1999.793 1998.789 1998.386 1999.572 2000.077 2001.579 -9999.000 -9999.000 -9999.000
-9999.000 -9999.000 -9999.000 -9999.000 -9999.000 -9999.000 2002.211 2001.694 2001.274 1999.427 1998.706 1998.973 2000.419 2000.091 2001.175 -9999.000 -9999.000
-9999.000 -9999.000 -9999.000 -9999.000 -9999.000 -9999.000 -9999.000 2003.002 2001.404 2000.954 1999.436 1999.334 2000.057 2001.898 -9999.000 -9999.000 -9999.000
-9999.000 -9999.000 -9999.000 -9999.000 -9999.000 -9999.000 -9999.000 -9999.000 2002.539 2001.119 1999.823 1999.529 2000.419 2000.522 2001.469 -9999.000 -9999.000
-9999.000 -9999.000 -9999.000 -9999.000 -9999.000 -9999.000 -9999.000 -9999.000 -9999.000 -9999.000 -9999.000 -9999.000 -9999.000 -9999.000 -9999.000 -9999.000 -9999.000