tests/3D/PSQL_test/NetPrec-SE27XX/NetPrecN0001.asc
ncols         295
nrows         180
xllcorner     627200.000000
yllcorner     5109000.000000
cellsize      200.000000
NODATA_value  -9999.0
[rows 28 to 55 of 180, columns 126 to 188 of 295]
0.230882 0.332639 0.431962 0.471259 0.548630 0.604205 0.644254 0.618945 0.503520 0.417934 0.375671 0.366546 0.381029 0.419149 0.458562 0.456616 0.532174 0.578536 0.657087 0.687676 0.699407 0.624810 0.587690 0.533668 0.556103 0.496292 0.473738 0.456134 0.366065 0.364165 0.354358 0.368470 0.435291 0.444182 0.629074 0.539513 0.533864 0.374462 0.276173 0.158420 0.061695 0.011476 0.000000 0.000000 0.000000 0.000000 0.000000 0.000000 0.000000 0.000000 0.000000 0.000000 0.000000 0.000000 0.000000 0.000000 0.000000 0.000000 0.000000 0.000000 0.000000 0.000000 0.000000
0.382434 0.484393 0.526252 0.598553 0.633336 0.643801 0.617415 0.512874 0.458229 0.294159 0.240375 0.288704 0.252382 0.337016 0.353974 0.362282 0.419298 0.422808 0.435703 0.551839 0.640398 0.700766 0.696785 0.671406 0.594008 0.568049 0.540122 0.451547 0.401755 0.425174 0.367302 0.591663 0.548928 0.574572 0.526083 0.462649 0.368727 0.330478 0.238586 0.148163 0.047139 0.000000 0.000000 0.022095 0.000000 0.000000 0.000000 0.000000 0.000000 0.000000 0.000000 0.000000 0.000000 0.000000 0.000000 0.000000 0.000000 0.000000 0.000000 0.000000 0.000000 0.000000 0.000000
0.509039 0.591231 0.627718 0.631289 0.602925 0.573114 0.530643 0.444720 0.380158 0.297885 0.171653 0.170496 0.170531 0.213931 0.201992 0.234673 0.267919 0.253275 0.346588 0.550806 0.510983 0.588759 0.699791 0.700746 0.687772 0.659405 0.522965 0.482308 0.445919 0.457342 0.463709 0.659306 0.577696 0.614347 0.542682 0.441346 0.352457 0.282006 0.218953 0.156276 0.055605 0.002395 0.044034 0.008393 0.000000 0.000000 0.000000 0.000000 0.000000 0.000000 0.000000 0.000000 0.000000 0.000000 0.000000 0.000000 0.000000 0.000000 0.000000 0.000000 0.000000 0.000000 0.000000
0.619856 0.620802 0.555882 0.492465 0.462430 0.442388 0.406007 0.337824 0.262381 0.205682 0.154654 0.040163 0.000000 0.048103 0.000000 0.000000 0.006374 0.027815 0.112349 0.413504 0.441388 0.551895 0.698731 0.705957 0.701167 0.680582 0.593386 0.519195 0.513118 0.492451 0.576140 0.617637 0.548950 0.622433 0.409658 0.372134 0.338276 0.285784 0.228736 0.152118 0.076949 0.065878 0.052640 0.005707 0.000000 0.000000 0.000000 0.000000 0.000000 0.000000 0.000000 0.000000 0.000000 0.000000 0.000000 0.000000 0.000000 0.000000 0.000000 0.000000 0.000000 0.000000 0.000000
0.495694 0.490754 0.458322 0.355494 0.288983 0.263720 0.237975 0.204474 0.192789 0.063578 0.017636 0.000000 0.000000 0.000000 0.018793 0.027333 0.011666 0.058797 0.137130 0.239985 0.395998 0.549482 0.701466 0.710241 0.705239 0.611861 0.541784 0.552598 0.557972 0.551748 0.674541 0.632886 0.586193 0.508115 0.398830 0.371270 0.331306 0.271609 0.212998 0.158698 0.158049 0.089281 0.038856 0.000000 0.000000 0.000000 0.000000 0.000000 0.000000 0.000000 0.000000 0.000000 0.000000 0.000000 0.000000 0.000000 0.000000 0.000000 0.000000 0.000000 0.000000 0.000000 0.000000
0.466431 0.379122 0.358579 0.225148 0.116712 0.065147 0.067475 0.073760 0.111860 0.000000 0.000000 0.000000 0.000000 0.039709 0.057145 0.072198 0.117114 0.141078 0.191975 0.260725 0.398210 0.587893 0.696817 0.712814 0.709881 0.697139 0.601308 0.646953 0.639944 0.669411 0.673559 0.492448 0.484685 0.411320 0.406628 0.353867 0.309938 0.269428 0.210251 0.169575 0.152263 0.090611 0.058632 0.024476 0.000000 0.000000 0.000000 0.000000 0.000000 0.000000 0.000000 0.000000 0.000000 0.000000 0.000000 0.000000 0.000000 0.000000 0.000000 0.000000 0.000000 0.000000 0.000000
0.341482 0.293944 0.155180 0.031818 0.000000 0.000000 0.000000 0.000000 0.000000 0.000000 0.000000 0.000000 0.000000 0.095362 0.121081 0.154259 0.196161 0.227739 0.258900 0.351146 0.430791 0.555110 0.588535 0.707975 0.713466 0.708032 0.646944 0.698036 0.694005 0.680447 0.588241 0.512457 0.465432 0.426452 0.399249 0.354662 0.305450 0.266852 0.231045 0.255954 0.145792 0.097549 0.074717 0.025458 0.000000 0.000000 0.000000 0.000000 0.000000 0.000000 0.000000 0.000000 0.000000 0.000000 0.023514 0.000000 0.000000 0.000000 0.000000 0.000000 0.000000 0.000000 0.000000
0.193237 0.167252 0.000000 0.000000 0.000000 0.000000 0.000000 0.000000 0.000000 0.000000 0.000000 0.000000 0.021356 0.154152 0.147004 0.203452 0.257613 0.292778 0.330573 0.380467 0.500452 0.552555 0.589429 0.606105 0.713243 0.713279 0.708185 0.703213 0.653348 0.550516 0.531427 0.521285 0.464232 0.420352 0.397805 0.326399 0.312289 0.278629 0.304385 0.220768 0.170121 0.142053 0.096488 0.011585 0.000000 0.000000 0.000000 0.000000 0.000000 0.000000 0.000000 0.000000 0.000000 0.000000 0.056369 0.000000 0.000000 0.000000 0.000000 0.000000 0.000000 0.000000 0.000000
0.026965 0.000000 0.000000 0.000000 0.000000 0.000000 0.000000 0.000000 0.000000 0.000000 0.000000 0.000000 0.015028 0.163021 0.221526 0.283586 0.342052 0.362526 0.387637 0.445741 0.509232 0.563134 0.552624 0.587414 0.717386 0.717684 0.712394 0.706484 0.658167 0.547190 0.552298 0.522283 0.469460 0.427141 0.384664 0.344271 0.316564 0.321802 0.279568 0.236279 0.201849 0.137395 0.094308 0.027753 0.000000 0.000000 0.000000 0.000000 0.000000 0.000000 0.000000 0.000000 0.000000 0.000000 0.000000 0.000000 0.000000 0.000000 0.000000 0.000000 0.000000 0.000000 0.000000
0.000000 0.000000 0.000000 0.000000 0.000000 0.000000 0.000000 0.000000 0.000000 0.000000 0.000000 0.000000 0.035894 0.174497 0.277271 0.374485 0.419869 0.424102 0.447188 0.466133 0.521071 0.624756 0.690017 0.724931 0.724197 0.721670 0.716185 0.710412 0.690531 0.609785 0.548377 0.537215 0.474734 0.435126 0.378159 0.356627 0.331818 0.378914 0.307540 0.254174 0.217716 0.147561 0.042750 0.119290 0.125111 0.000000 0.000000 0.000000 0.000000 0.000000 0.009051 0.089480 0.000000 0.000000 0.000000 0.000000 0.000000 0.000000 0.000000 0.000000 0.000000 0.000000 0.000000
0.000000 0.000000 0.000000 0.000000 0.000000 0.000000 0.000000 0.000000 0.000000 0.000000 0.000000 0.000000 0.060262 0.210222 0.308503 0.386492 0.422611 0.442327 0.480872 0.490413 0.537145 0.538007 0.576517 0.574420 0.725717 0.725668 0.719987 0.714136 0.702848 0.583157 0.560966 0.540208 0.466066 0.439033 0.387137 0.375373 0.400945 0.348185 0.351457 0.338910 0.232457 0.155635 0.076884 0.077763 0.240520 0.048497 0.054468 0.185950 0.230975 0.056461 0.076442 0.000000 0.000000 0.000000 0.000000 0.000000 0.000000 0.000000 0.000000 0.000000 0.000000 0.000000 0.000000
0.000000 0.000000 0.000000 0.000000 0.000000 0.000000 0.000000 0.000000 0.000000 0.000000 0.000000 0.000000 0.024059 0.179573 0.266790 0.313851 0.394323 0.407744 0.455383 0.484387 0.532835 0.515694 0.551396 0.653991 0.715413 0.729230 0.723797 0.717759 0.708864 0.635484 0.576078 0.539305 0.476034 0.456550 0.396355 0.451244 0.380578 0.348593 0.435375 0.418245 0.236314 0.281653 0.335456 0.317349 0.123824 0.298293 0.176446 0.005766 0.075518 0.000000 0.000000 0.000000 0.000000 0.000000 0.000000 0.000000 0.000000 0.000000 0.000000 0.000000 0.000000 0.000000 0.000000
0.000000 0.000000 0.000000 0.000000 0.000000 0.000000 0.000000 0.000000 0.000000 0.000000 0.000000 0.000000 0.029311 0.182726 0.247381 0.287702 0.416730 0.424480 0.454512 0.508957 0.523620 0.478056 0.518293 0.574264 0.678049 0.731902 0.727612 0.721386 0.714039 0.701628 0.600943 0.571652 0.520138 0.481488 0.493789 0.421504 0.379521 0.376379 0.411969 0.336222 0.189715 0.136402 0.068966 0.014054 0.000000 0.000000 0.163369 0.000000 0.000000 0.000000 0.000000 0.000000 0.000000 0.000000 0.000000 0.000000 0.000000 0.000000 0.000000 0.000000 0.000000 0.000000 0.000000
0.000000 0.000000 0.000000 0.000000 0.000000 0.000000 0.000000 0.000000 0.000000 0.000000 0.000000 0.000000 0.064838 0.206740 0.299437 0.344852 0.424676 0.446947 0.466172 0.494598 0.508481 0.477981 0.514613 0.554842 0.627348 0.713794 0.730984 0.725014 0.716717 0.602853 0.589482 0.573855 0.545689 0.502790 0.455113 0.426888 0.444247 0.435644 0.291732 0.223270 0.128007 0.078017 0.048957 0.000000 0.000000 0.000000 0.000000 0.000000 0.000000 0.000000 0.018681 0.000000 0.000000 0.000000 0.000000 0.000000 0.000000 0.000000 0.000000 0.000000 0.000000 0.000000 0.000000
0.000000 0.000000 0.000000 0.000000 0.000000 0.000000 0.000000 0.000000 0.000000 0.000000 0.000000 0.000000 0.068330 0.234961 0.308121 0.351621 0.423729 0.467984 0.480643 0.503046 0.522295 0.487727 0.516683 0.542202 0.561731 0.672729 0.734240 0.728640 0.720923 0.711157 0.670537 0.576993 0.534225 0.496047 0.464615 0.456470 0.468529 0.302959 0.230120 0.165574 0.102395 0.046672 0.019295 0.000000 0.000000 0.000000 0.000000 0.000000 0.000000 0.000000 0.000000 0.000000 0.000000 0.000000 0.000000 0.000000 0.000000 0.000000 0.000000 0.000000 0.000000 0.000000 0.000000
0.000000 0.000000 0.000000 0.000000 0.000000 0.000000 0.000000 0.000000 0.000000 0.000000 0.000000 0.000000 0.078389 0.277020 0.338562 0.390192 0.469596 0.491909 0.502120 0.520912 0.545500 0.521878 0.515380 0.524353 0.621193 0.718951 0.738050 0.732263 0.724911 0.673453 0.595518 0.567664 0.544541 0.504102 0.470616 0.541118 0.422158 0.322986 0.261639 0.210026 0.095078 0.039913 0.014403 0.000000 0.000000 0.000000 0.000000 0.000000 0.000000 0.000000 0.000000 0.000000 0.000000 0.000000 0.000000 0.000000 0.000000 0.000000 0.000000 0.000000 0.000000 0.000000 0.000000
0.000000 0.000000 0.000000 0.000000 0.000000 0.000000 0.000000 0.000000 0.000000 0.000000 0.000000 0.000000 0.147961 0.330609 0.389076 0.446028 0.481500 0.501172 0.511366 0.532265 0.560442 0.549359 0.503043 0.510516 0.551393 0.681352 0.741854 0.735879 0.728675 0.718855 0.684379 0.563944 0.543131 0.517723 0.575832 0.496243 0.437630 0.353720 0.328101 0.264342 0.180241 0.104882 0.009382 0.000000 0.000000 0.000000 0.000000 0.000000 0.000000 0.000000 0.000000 0.000000 0.000000 0.000000 0.000000 0.000000 0.000000 0.000000 0.000000 0.000000 0.000000 0.000000 0.000000
0.000000 0.000000 0.000000 0.000000 0.000000 0.000000 0.000000 0.000000 0.000000 0.000000 0.000000 0.000000 0.104853 0.306116 0.393979 0.455730 0.487341 0.508134 0.514498 0.537342 0.551851 0.558560 0.513016 0.514909 0.633348 0.708206 0.743832 0.739035 0.732207 0.724737 0.708500 0.568302 0.559264 0.659759 0.451332 0.390091 0.383206 0.318842 0.222650 0.198940 0.113865 0.080365 0.000000 0.000000 0.000000 0.000000 0.000000 0.000000 0.000000 0.000000 0.000000 0.000000 0.000000 0.000000 0.000000 0.000000 0.000000 0.000000 0.000000 0.000000 0.000000 0.000000 0.000000
0.000000 0.000000 0.000000 0.000000 0.000000 0.000000 0.000000 0.000000 0.000000 0.000000 0.000000 0.000000 0.106220 0.314537 0.396956 0.470676 0.507588 0.525106 0.536757 0.542454 0.558872 0.573222 0.530668 0.530634 0.594494 0.644069 0.671566 0.739009 0.735504 0.728080 0.718725 0.678798 0.622007 0.529658 0.401083 0.340637 0.285876 0.265285 0.158623 0.130111 0.104073 0.054303 0.000000 0.000000 0.000000 0.000000 0.000000 0.000000 0.000000 0.000000 0.000000 0.000000 0.000000 0.000000 0.000000 0.000000 0.000000 0.000000 0.000000 0.000000 0.000000 0.000000 0.000000
0.000000 0.000000 0.000000 0.000000 0.000000 0.000000 0.000000 0.000000 0.000000 0.000000 0.000000 0.000000 0.077132 0.280422 0.400012 0.475720 0.520511 0.528702 0.509192 0.545667 0.564018 0.572514 0.583377 0.558839 0.547209 0.560135 0.597099 0.704517 0.733500 0.730293 0.722536 0.663913 0.567597 0.532971 0.355686 0.349004 0.220178 0.224905 0.171297 0.113725 0.067870 0.000000 0.000000 0.000000 0.000000 0.000000 0.000000 0.000000 0.000000 0.000000 0.000000 0.000000 0.000000 0.000000 0.000000 0.000000 0.000000 0.000000 0.000000 0.000000 0.000000 0.000000 0.000000
0.000000 0.000000 0.000000 0.000000 0.000000 0.000000 0.000000 0.000000 0.000000 0.000000 0.000000 0.000000 0.044186 0.227409 0.378424 0.469872 0.514288 0.528171 0.508721 0.544981 0.545150 0.577726 0.600834 0.605596 0.589602 0.566154 0.536404 0.604046 0.619629 0.729015 0.725558 0.652730 0.587711 0.516255 0.351099 0.279823 0.204250 0.153631 0.143098 0.081080 0.027339 0.000000 0.000000 0.000000 0.000000 0.000000 0.000000 0.000000 0.000000 0.000000 0.000000 0.000000 0.000000 0.000000 0.000000 0.000000 0.000000 0.000000 0.000000 0.000000 0.000000 0.000000 0.000000
0.000000 0.000000 0.000000 0.000000 0.000000 0.000000 0.000000 0.000000 0.000000 0.000000 0.000000 0.000000 0.076514 0.240827 0.363911 0.454172 0.495344 0.519087 0.529415 0.531439 0.524557 0.548449 0.551210 0.590655 0.596683 0.572679 0.608911 0.611864 0.643102 0.661232 0.729444 0.676736 0.589898 0.457629 0.295780 0.249270 0.180670 0.127349 0.101000 0.054573 0.002362 0.000000 0.000000 0.000000 0.000000 0.000000 0.000000 0.000000 0.000000 0.000000 0.000000 0.000000 0.000000 0.000000 0.000000 0.000000 0.000000 0.000000 0.000000 0.000000 0.000000 0.000000 0.000000
0.000000 0.000000 0.000000 0.000000 0.000000 0.000000 0.000000 0.000000 0.000000 0.000000 0.000000 0.000000 0.104535 0.231340 0.338975 0.420290 0.485733 0.523722 0.536538 0.536701 0.512451 0.500661 0.516370 0.569616 0.589269 0.570975 0.592237 0.593284 0.613891 0.676092 0.732531 0.661623 0.582036 0.461221 0.346619 0.206847 0.179043 0.128866 0.104371 0.053655 0.043406 0.025087 0.000000 0.000000 0.000000 0.000000 0.000000 0.000000 0.000000 0.000000 0.000000 0.000000 0.000000 0.000000 0.000000 0.000000 0.000000 0.000000 0.000000 0.000000 0.000000 0.000000 0.000000
0.000000 0.000000 0.000000 0.000000 0.000000 0.000000 0.000000 0.000000 0.000000 0.000000 0.000000 0.000000 0.141177 0.262556 0.344779 0.428747 0.488778 0.520974 0.539729 0.537744 0.506757 0.476671 0.498911 0.554403 0.588011 0.581553 0.594781 0.599751 0.614940 0.692624 0.735476 0.658061 0.563529 0.473598 0.335518 0.217245 0.162964 0.130018 0.117141 0.092904 0.060614 0.066510 0.036035 0.011985 0.000000 0.000000 0.000000 0.000000 0.000000 0.000000 0.000000 0.000000 0.000000 0.000000 0.000000 0.000000 0.000000 0.000000 0.000000 0.000000 0.000000 0.000000 0.000000
0.000000 0.000000 0.000000 0.000000 0.000000 0.000000 0.000000 0.000000 0.000000 0.000000 0.000000 0.000000 0.054303 0.238654 0.358468 0.441271 0.498674 0.532197 0.536869 0.536730 0.505359 0.483216 0.507281 0.569097 0.596362 0.592223 0.592614 0.618549 0.645569 0.697338 0.708639 0.683278 0.542469 0.355789 0.256817 0.213064 0.176118 0.206156 0.205843 0.116354 0.079814 0.110208 0.081287 0.000000 0.000000 0.000000 0.000000 0.000000 0.000000 0.000000 0.000000 0.000000 0.000000 0.000000 0.000000 0.000000 0.000000 0.000000 0.000000 0.000000 0.000000 0.000000 0.000000
0.000000 0.000000 0.000000 0.000000 0.000000 0.000000 0.000000 0.000000 0.000000 0.000000 0.000000 0.000000 0.000069 0.195547 0.349177 0.418128 0.494466 0.533418 0.534149 0.531331 0.506312 0.487337 0.509654 0.571791 0.597069 0.600940 0.608527 0.642171 0.676776 0.722225 0.929415 0.634474 0.511892 0.349802 0.286953 0.263920 0.237148 0.239372 0.156806 0.136476 0.123730 0.144252 0.085940 0.000000 0.000000 0.000000 0.000000 0.000000 0.000000 0.000000 0.000000 0.000000 0.000000 0.000000 0.000000 0.000000 0.000000 0.000000 0.000000 0.000000 0.000000 0.000000 0.000000
0.000000 0.000000 0.000000 0.000000 0.000000 0.000000 0.000000 0.000000 0.000000 0.000000 0.000000 0.057230 0.018534 0.204416 0.339358 0.412618 0.497526 0.533871 0.537233 0.515788 0.488599 0.503636 0.528335 0.578550 0.605296 0.602444 0.631293 0.677971 0.710000 0.780990 0.698328 0.613625 0.468834 0.411953 0.418982 0.315522 0.255718 0.234033 0.164748 0.168595 0.155703 0.169958 0.094453 0.000000 0.000000 0.000000 0.000000 0.000000 0.000000 0.000000 0.000000 0.000000 0.000000 0.000000 0.000000 0.000000 0.000000 0.000000 0.000000 0.000000 0.000000 0.000000 0.000000
0.000000 0.000000 0.000000 0.000000 0.000000 0.000000 0.000000 0.000000 0.000000 0.000000 0.000000 0.083249 0.175923 0.201410 0.328826 0.422535 0.452784 0.515620 0.538000 0.520621 0.488952 0.491579 0.512313 0.564082 0.632939 0.627890 0.661190 0.705596 0.735547 0.783331 0.697498 0.654812 0.573014 0.578199 0.391368 0.282879 0.293262 0.206558 0.170095 0.181939 0.206103 0.197375 0.102750 0.000000 0.000000 0.000000 0.000000 0.000000 0.000000 0.000000 0.000000 0.000000 0.000000 0.000000 0.000000 0.000000 0.000000 0.000000 0.000000 0.000000 0.000000 0.000000 0.000000
