tests/3D/rendena/output-maps-METEOIO-OFF/snowdepthN0002.asc
ncols         320
nrows         361
xllcorner     618410.159000
yllcorner     5088785.286000
cellsize      100.000000
NODATA_value  -9999.0
[rows 232 to 260 of 361, columns 130 to 194 of 320]
70.222 61.271 55.395 50.650 26.620 7.788 0.000 0.000 0.000 0.000 0.000 0.000 0.000 0.000 0.000 0.000 0.000 9.444 36.507 46.122 63.016 77.915 85.883 97.867 124.819 145.080 168.259 185.949 202.119 221.329 239.632 240.630 220.225 205.063 188.175 167.523 138.104 116.222 92.516 83.795 79.026 65.344 54.584 55.052 52.509 56.467 61.056 67.005 71.459 72.988 73.165 70.767 65.393 56.123 38.673 27.313 0.000 0.000 0.000 0.000 0.000 0.000 0.000 0.000 0.000
73.119 64.385 55.391 52.068 37.829 7.765 9.330 0.000 0.000 0.000 0.000 0.000 0.000 0.000 0.000 0.000 0.000 0.000 21.534 43.892 56.073 74.699 81.175 94.582 123.955 148.370 176.470 194.182 211.633 236.060 242.009 240.722 222.443 207.838 193.704 175.557 147.064 123.239 94.359 83.784 79.111 65.543 55.117 53.759 51.463 47.043 44.879 51.608 55.339 59.903 59.858 55.281 49.467 38.901 25.296 8.650 0.000 0.000 0.000 0.000 0.000 0.000 0.000 0.000 0.000
75.571 66.571 57.127 52.337 42.295 12.056 10.627 0.000 0.000 0.000 0.000 0.000 0.000 0.000 0.000 0.000 0.000 0.000 8.788 41.885 48.169 69.316 77.733 92.094 124.557 153.147 182.110 200.434 217.928 237.077 236.275 220.225 211.189 201.925 193.089 180.454 153.911 132.931 102.469 85.090 79.801 68.440 55.949 53.152 49.307 41.848 39.966 41.240 43.878 45.367 43.730 40.162 34.867 14.170 0.000 0.000 0.000 0.000 0.000 0.000 0.000 0.000 0.000 0.000 0.000
77.034 68.297 58.282 52.531 45.559 20.854 7.597 8.615 9.931 0.000 0.000 0.000 0.000 0.000 0.000 0.000 0.000 0.000 8.794 39.966 46.607 65.392 75.832 91.735 126.054 155.211 184.860 203.411 216.524 218.774 214.770 204.154 194.393 186.631 178.830 168.397 153.707 139.830 108.053 87.386 80.932 71.292 54.463 51.536 41.371 15.630 7.815 14.033 24.988 26.916 20.635 8.751 9.759 0.000 0.000 0.000 0.000 0.000 0.000 0.000 0.000 0.000 0.000 0.000 0.000
77.703 69.627 60.005 53.400 50.066 36.752 22.495 14.381 9.595 9.376 0.000 0.000 0.000 0.000 0.000 0.000 0.000 0.000 8.504 35.471 44.491 61.952 74.370 88.460 119.891 148.818 178.009 197.554 208.273 210.138 204.304 194.217 183.033 170.722 157.798 147.421 141.806 134.084 105.434 87.164 79.784 68.398 54.212 47.538 26.785 9.558 0.000 0.000 0.000 0.000 0.000 0.000 0.000 0.000 0.000 0.000 0.000 0.000 0.000 0.000 0.000 0.000 0.000 0.000 0.000
77.092 68.821 60.213 54.213 52.855 51.757 46.834 42.253 30.636 11.614 7.981 0.000 0.000 0.000 0.000 0.000 0.000 0.000 0.000 25.207 42.117 56.110 69.959 78.966 102.852 135.691 160.362 183.715 195.915 200.345 197.337 186.967 169.924 154.256 141.266 128.452 118.637 111.281 98.646 83.299 74.120 56.217 46.276 38.625 7.404 0.000 0.000 0.000 0.000 0.000 0.000 0.000 0.000 0.000 0.000 0.000 0.000 0.000 0.000 0.000 0.000 0.000 0.000 0.000 0.000
77.521 68.847 61.177 55.151 55.939 54.689 54.045 52.967 50.314 36.360 10.614 9.190 0.000 0.000 0.000 0.000 0.000 0.000 0.000 7.825 39.390 42.774 63.628 70.207 81.293 106.723 129.821 154.634 172.462 183.062 183.445 171.492 155.777 143.342 122.615 103.540 96.214 93.061 87.847 77.877 61.652 42.896 35.757 8.012 0.000 0.000 0.000 0.000 0.000 0.000 0.000 0.000 0.000 0.000 0.000 0.000 0.000 0.000 0.000 0.000 0.000 0.000 0.000 0.000 0.000
77.577 72.866 65.483 61.090 58.366 55.782 55.906 54.958 53.047 50.214 33.296 8.842 0.000 0.000 0.000 0.000 0.000 0.000 0.000 7.515 33.845 40.428 47.728 62.077 66.100 75.508 95.157 122.792 142.447 155.385 156.563 151.254 142.167 121.954 101.169 90.782 85.125 81.320 77.444 67.817 44.335 33.481 10.570 0.000 0.000 0.000 0.000 0.000 0.000 0.000 0.000 0.000 0.000 0.000 0.000 0.000 0.000 0.000 0.000 0.000 0.000 0.000 0.000 0.000 0.000
79.625 74.907 74.825 70.931 69.525 67.071 61.924 56.154 55.131 52.537 48.771 23.837 11.712 0.000 0.000 0.000 0.000 0.000 0.000 0.000 8.048 38.530 39.634 43.774 58.126 62.041 68.968 84.566 109.258 126.618 127.754 120.874 108.662 98.824 88.654 82.362 77.565 71.661 60.589 44.999 33.447 8.208 0.000 0.000 0.000 0.000 0.000 0.000 0.000 0.000 0.000 0.000 0.000 0.000 0.000 0.000 0.000 0.000 0.000 0.000 0.000 0.000 0.000 0.000 0.000
92.021 82.123 78.742 78.913 80.779 80.027 71.957 62.133 56.437 54.795 51.650 43.470 14.236 7.453 0.000 0.000 0.000 0.000 0.000 0.000 9.906 13.927 38.416 38.011 38.950 53.523 62.332 70.305 83.304 93.808 92.830 88.224 84.465 81.203 78.139 73.802 61.381 49.079 40.357 32.864 7.362 0.000 0.000 0.000 0.000 0.000 0.000 0.000 0.000 0.000 0.000 0.000 0.000 0.000 0.000 0.000 0.000 0.000 0.000 0.000 0.000 0.000 0.000 0.000 0.000
113.602 100.543 89.266 87.827 85.441 83.841 80.613 70.448 61.153 56.283 53.835 50.264 38.197 11.317 9.835 9.986 10.537 0.000 0.000 0.000 10.428 7.590 10.373 36.373 39.178 40.822 52.650 65.644 73.474 78.920 77.103 73.561 71.091 69.361 63.876 53.850 43.548 38.634 31.030 9.330 0.000 0.000 0.000 0.000 0.000 0.000 0.000 0.000 0.000 0.000 0.000 0.000 0.000 0.000 0.000 0.000 0.000 0.000 0.000 0.000 0.000 0.000 0.000 0.000 0.000
128.226 117.355 106.609 96.953 93.110 86.710 83.227 78.126 67.193 57.609 55.449 52.530 50.053 37.795 22.309 13.700 8.773 9.307 8.705 12.503 8.298 8.277 10.289 7.577 36.897 42.387 43.527 52.293 63.543 68.540 68.945 61.916 55.724 46.359 41.155 38.592 36.127 13.352 7.505 0.000 0.000 0.000 0.000 0.000 0.000 0.000 0.000 0.000 0.000 0.000 0.000 0.000 0.000 0.000 0.000 0.000 0.000 0.000 0.000 0.000 0.000 0.000 0.000 0.000 0.000
134.684 130.986 117.931 108.336 99.257 90.650 84.543 81.504 71.674 61.062 56.514 54.418 53.063 51.304 48.673 46.679 46.620 43.888 36.896 22.358 7.008 9.415 8.864 8.270 12.581 39.752 44.141 43.682 44.668 44.287 44.884 42.709 40.059 36.731 34.175 17.460 12.039 0.000 0.000 0.000 0.000 0.000 0.000 0.000 0.000 0.000 0.000 0.000 0.000 0.000 0.000 0.000 0.000 0.000 0.000 0.000 0.000 0.000 0.000 0.000 0.000 0.000 0.000 0.000 0.000
135.977 133.481 122.371 112.735 100.753 93.259 85.842 82.125 73.814 62.823 55.953 54.330 55.215 54.468 54.568 54.783 55.250 54.895 53.579 48.648 31.581 10.534 11.049 9.815 10.387 12.188 34.897 43.392 42.016 40.753 39.721 38.501 29.732 7.188 10.879 0.000 0.000 0.000 0.000 0.000 0.000 0.000 0.000 0.000 0.000 0.000 0.000 0.000 0.000 0.000 0.000 0.000 0.000 0.000 0.000 0.000 0.000 0.000 0.000 0.000 0.000 0.000 0.000 0.000 0.000
134.503 132.641 120.929 111.366 99.780 92.998 85.597 82.069 74.107 63.823 56.094 56.200 55.651 55.742 55.924 56.501 56.370 55.603 53.542 52.801 42.666 20.477 8.150 10.773 12.606 11.050 7.793 10.673 18.299 19.512 11.853 10.111 8.531 0.000 0.000 0.000 0.000 0.000 0.000 0.000 0.000 0.000 0.000 0.000 0.000 0.000 0.000 0.000 0.000 0.000 0.000 0.000 0.000 0.000 0.000 0.000 0.000 0.000 0.000 0.000 0.000 0.000 0.000 0.000 0.000
131.651 128.772 117.556 108.171 97.813 90.654 85.517 82.694 74.604 65.491 58.947 58.060 58.130 58.576 59.167 59.413 58.513 56.197 55.531 52.765 44.007 23.893 7.317 7.999 9.782 10.561 10.869 7.665 7.583 8.588 10.059 0.000 0.000 0.000 0.000 0.000 0.000 0.000 0.000 0.000 0.000 0.000 0.000 0.000 0.000 0.000 0.000 0.000 0.000 0.000 0.000 0.000 0.000 0.000 0.000 0.000 0.000 0.000 0.000 0.000 0.000 0.000 0.000 0.000 10.841
131.123 121.078 113.162 102.632 97.037 90.016 86.924 84.205 77.589 69.411 63.089 58.962 60.084 60.898 61.635 61.542 59.627 56.420 54.788 52.107 42.433 24.323 10.049 7.487 10.907 9.985 9.305 10.304 18.224 0.000 0.000 0.000 0.000 0.000 0.000 0.000 0.000 0.000 0.000 0.000 0.000 0.000 0.000 0.000 0.000 0.000 0.000 0.000 0.000 0.000 0.000 0.000 0.000 0.000 0.000 0.000 0.000 0.000 0.000 0.000 0.000 0.000 8.609 12.908 34.263
130.416 119.854 110.973 101.179 95.872 90.351 88.599 86.205 83.346 75.452 69.085 64.686 62.803 62.072 61.349 62.109 59.509 55.531 54.319 51.842 40.140 23.824 12.079 8.063 8.254 10.161 10.380 0.000 0.000 0.000 0.000 0.000 0.000 0.000 0.000 0.000 0.000 0.000 0.000 0.000 0.000 0.000 0.000 0.000 0.000 0.000 0.000 0.000 0.000 0.000 0.000 0.000 0.000 0.000 0.000 0.000 0.000 0.000 0.000 0.000 0.000 7.992 23.232 39.275 44.405
130.992 120.275 111.940 103.329 98.920 94.098 90.781 88.198 85.343 83.185 78.546 73.290 69.758 67.253 64.299 61.831 58.705 54.952 54.094 51.551 37.709 22.365 12.667 7.428 12.185 9.472 11.434 0.000 0.000 0.000 0.000 0.000 0.000 0.000 0.000 0.000 0.000 0.000 0.000 0.000 0.000 0.000 0.000 0.000 0.000 0.000 0.000 0.000 0.000 0.000 0.000 0.000 0.000 0.000 0.000 0.000 0.000 0.000 0.000 0.000 7.425 31.222 39.861 44.253 55.052
132.197 122.100 117.181 110.246 102.372 97.986 94.778 91.173 87.931 85.788 83.929 82.988 77.389 72.992 67.406 59.702 56.854 55.270 53.034 48.853 31.977 18.095 10.346 7.561 8.833 11.878 10.378 0.000 0.000 0.000 0.000 0.000 0.000 0.000 0.000 0.000 0.000 0.000 0.000 0.000 0.000 0.000 0.000 0.000 0.000 0.000 0.000 0.000 0.000 0.000 0.000 0.000 0.000 0.000 0.000 0.000 0.000 0.000 9.057 15.052 35.395 39.982 49.012 59.334 64.720
133.895 131.204 126.188 119.835 115.253 110.021 103.436 99.777 95.052 89.843 87.248 85.451 84.879 79.327 70.387 59.262 54.663 53.806 51.673 42.043 22.952 11.170 7.267 7.922 7.676 11.814 11.389 0.000 0.000 0.000 0.000 0.000 0.000 0.000 0.000 0.000 0.000 0.000 0.000 0.000 0.000 0.000 0.000 0.000 0.000 0.000 0.000 0.000 0.000 0.000 0.000 0.000 0.000 0.000 0.000 0.000 0.000 8.801 20.722 36.095 41.995 55.462 60.231 64.901 70.623
134.711 135.646 135.471 135.094 133.902 126.386 120.742 113.418 103.458 98.088 91.683 87.939 86.032 84.341 73.605 59.229 54.452 51.729 49.002 28.628 11.097 8.947 7.827 8.360 12.617 9.422 0.000 0.000 0.000 0.000 0.000 0.000 0.000 0.000 0.000 0.000 0.000 0.000 0.000 0.000 0.000 0.000 0.000 0.000 0.000 0.000 0.000 0.000 0.000 0.000 0.000 0.000 0.000 0.000 0.000 0.000 8.356 18.993 36.007 44.475 59.058 61.807 66.834 73.058 79.642
136.935 136.261 136.937 138.197 139.273 138.334 136.934 133.313 120.096 109.056 100.206 92.147 87.544 84.121 77.161 59.847 52.180 49.367 39.581 13.745 8.284 11.146 8.069 9.766 9.914 11.318 0.000 0.000 0.000 0.000 0.000 0.000 0.000 0.000 0.000 0.000 0.000 0.000 0.000 0.000 0.000 0.000 0.000 0.000 0.000 0.000 0.000 0.000 0.000 0.000 0.000 0.000 0.000 0.000 0.000 8.546 12.554 34.884 42.537 58.962 61.011 68.914 81.342 94.703 101.293
140.840 141.707 144.609 148.763 151.506 150.358 145.702 140.365 137.177 124.734 111.943 99.542 89.448 84.482 78.709 60.917 50.295 46.431 30.377 10.061 10.741 10.699 7.975 8.814 17.604 0.000 0.000 0.000 0.000 0.000 0.000 0.000 0.000 0.000 0.000 0.000 0.000 0.000 0.000 0.000 0.000 0.000 0.000 0.000 0.000 0.000 0.000 0.000 0.000 0.000 0.000 0.000 0.000 0.000 10.401 15.873 35.283 38.944 56.751 59.526 69.384 88.474 101.243 108.883 114.352
146.878 150.678 156.792 162.194 165.416 164.125 158.664 152.195 145.425 140.851 129.757 109.817 94.892 85.334 77.807 62.161 47.866 43.093 20.580 7.933 9.922 10.092 11.642 0.000 0.000 0.000 0.000 0.000 0.000 0.000 0.000 0.000 0.000 0.000 0.000 0.000 0.000 0.000 0.000 0.000 0.000 0.000 0.000 0.000 0.000 0.000 0.000 0.000 0.000 0.000 0.000 0.000 8.565 7.517 26.979 38.059 38.303 53.228 61.625 68.044 90.490 103.856 118.143 132.457 138.706
153.834 159.797 168.027 175.154 175.585 173.891 170.786 164.714 157.973 149.544 141.726 121.316 98.224 85.870 76.656 62.159 46.387 41.463 11.892 8.128 0.000 0.000 0.000 0.000 0.000 0.000 0.000 0.000 0.000 0.000 0.000 0.000 0.000 0.000 0.000 0.000 0.000 0.000 0.000 0.000 0.000 0.000 0.000 0.000 0.000 0.000 0.000 0.000 0.000 0.000 8.515 8.860 19.236 35.892 40.577 42.381 52.052 58.299 65.367 86.585 104.814 124.335 143.644 157.426 163.313
160.287 172.890 182.518 185.089 179.247 176.316 173.924 169.138 161.887 153.299 144.447 126.036 100.894 85.279 74.937 59.943 44.858 40.228 9.391 10.748 0.000 0.000 0.000 0.000 0.000 0.000 0.000 0.000 0.000 0.000 0.000 0.000 0.000 0.000 0.000 0.000 0.000 0.000 0.000 0.000 0.000 0.000 0.000 0.000 0.000 13.383 0.000 10.793 8.890 7.722 18.094 33.139 39.245 41.763 44.996 54.565 60.312 64.646 76.416 99.584 115.057 141.294 162.905 178.144 186.643
171.162 181.942 188.389 183.422 176.790 172.299 168.464 161.122 153.241 145.321 140.015 121.479 98.017 83.305 72.387 57.024 43.173 36.152 10.389 0.000 0.000 0.000 0.000 0.000 0.000 0.000 0.000 0.000 0.000 0.000 0.000 0.000 0.000 0.000 0.000 0.000 0.000 12.327 9.261 7.936 9.157 10.025 8.341 9.168 8.143 9.568 8.671 9.324 11.437 33.072 39.632 41.254 43.741 52.194 56.909 61.261 65.308 73.179 91.151 106.881 122.776 144.145 168.526 190.284 202.556
179.883 186.478 185.242 176.265 167.243 161.858 153.415 143.712 136.098 133.181 119.687 106.563 91.445 77.957 68.343 48.763 40.857 22.536 7.440 0.000 0.000 0.000 0.000 0.000 0.000 0.000 0.000 0.000 0.000 0.000 13.452 10.622 8.613 8.941 9.423 10.981 8.998 7.754 11.505 13.328 10.413 7.603 8.199 7.272 10.704 11.179 9.153 15.811 34.729 41.769 44.010 53.792 58.241 61.458 63.302 67.871 74.874 89.090 104.932 114.104 129.018 145.245 169.274 191.040 210.551
