tests/3D/rendena/output-maps-METEOIO-OFF/SWEDENSITYN0002.asc
ncols         320
nrows         361
xllcorner     618410.159000
yllcorner     5088785.286000
cellsize      100.000000
NODATA_value  -9999.0
[rows 174 to 202 of 361, columns 128 to 191 of 320]
132.308 134.254 135.904 135.231 133.813 130.403 126.565 125.456 124.783 124.578 124.714 125.013 125.351 125.459 128.739 131.799 135.780 141.002 143.297 144.946 146.478 152.182 155.106 159.433 157.495 0.000 0.000 0.000 0.000 0.000 0.000 0.000 0.000 0.000 0.000 0.000 0.000 0.000 0.000 0.000 0.000 0.000 0.000 0.000 0.000 0.000 158.217 160.626 157.439 155.356 154.297 153.423 152.997 152.809 152.730 151.593 148.011 145.723 143.993 142.052 140.186 138.553 135.695 133.455
134.977 137.172 138.732 138.257 135.190 133.213 131.231 129.799 129.094 128.795 128.582 127.329 127.789 130.112 131.886 134.669 140.514 142.512 144.264 145.639 148.187 153.465 156.323 161.187 159.763 0.000 0.000 0.000 0.000 0.000 0.000 0.000 0.000 0.000 0.000 0.000 0.000 0.000 0.000 0.000 0.000 0.000 0.000 0.000 0.000 158.480 162.673 158.868 155.937 153.980 152.795 149.583 148.068 147.105 146.768 146.743 145.672 144.285 142.530 140.864 138.836 136.431 133.936 132.050
139.225 140.388 140.830 140.081 137.672 135.316 134.168 133.681 133.457 133.227 132.952 132.965 132.204 133.622 134.785 139.948 142.188 143.714 145.253 147.023 151.922 155.273 159.272 157.283 0.000 0.000 0.000 0.000 0.000 0.000 0.000 0.000 0.000 0.000 0.000 0.000 0.000 0.000 0.000 0.000 0.000 0.000 0.000 0.000 0.000 157.962 160.292 156.980 154.606 152.992 149.312 147.395 145.762 144.661 144.015 143.755 143.402 142.593 140.810 138.920 136.276 133.691 132.685 129.504
142.355 142.322 142.418 141.468 140.143 138.601 137.812 137.580 137.399 136.918 136.189 135.842 135.689 136.612 138.767 141.547 143.722 145.254 146.347 149.530 153.965 157.259 154.388 161.850 0.000 0.000 0.000 0.000 0.000 0.000 0.000 0.000 0.000 0.000 0.000 0.000 0.000 0.000 0.000 0.000 0.000 0.000 0.000 0.000 157.356 162.635 158.690 155.594 153.396 149.987 147.756 145.787 144.587 142.919 142.140 142.197 141.716 140.863 139.357 135.933 133.493 132.561 129.954 128.175
145.063 144.666 144.329 142.997 142.088 141.328 141.081 140.999 140.817 140.487 139.768 139.332 138.154 139.598 140.542 142.899 144.939 146.067 148.589 153.538 156.686 160.336 157.940 0.000 0.000 0.000 0.000 0.000 0.000 0.000 0.000 0.000 0.000 0.000 0.000 0.000 0.000 0.000 0.000 0.000 0.000 0.000 0.000 0.059 157.337 159.768 156.527 153.901 152.117 148.089 145.951 144.024 142.706 141.230 140.165 139.295 138.637 137.643 134.541 133.088 132.163 129.957 128.867 128.475
146.749 146.768 146.673 145.824 145.197 143.908 144.133 143.159 142.829 142.413 141.799 141.061 140.809 141.030 141.584 143.708 145.497 147.432 152.884 155.754 159.634 157.232 0.050 0.000 0.000 0.000 0.000 0.000 0.000 0.000 0.000 0.000 0.000 0.000 0.000 0.000 0.000 0.000 0.000 0.000 0.000 0.000 0.000 158.134 161.216 157.842 154.897 152.515 147.965 145.739 144.413 142.958 141.301 139.936 138.660 136.495 134.020 132.260 131.397 130.761 129.050 128.807 128.845 129.207
148.958 148.356 147.790 147.282 146.889 146.652 145.848 145.940 144.685 143.958 143.030 142.329 141.883 142.064 142.400 144.493 146.041 148.270 154.341 157.840 156.472 115.788 0.000 0.000 0.000 0.000 0.000 0.000 0.000 0.000 0.000 0.000 0.000 0.000 0.000 0.000 0.000 0.000 0.000 0.000 0.000 0.000 157.581 162.933 158.636 155.605 153.184 148.993 146.023 144.083 143.207 140.986 139.781 138.520 136.081 133.628 130.978 128.346 125.944 126.120 125.974 127.025 129.556 130.974
154.637 152.205 150.579 150.059 148.469 148.109 147.677 147.717 146.994 145.539 144.259 143.281 142.639 142.717 143.342 145.199 146.270 149.518 155.115 159.666 158.020 0.000 0.000 0.000 0.000 0.000 0.000 0.000 0.000 0.000 0.000 0.000 0.000 0.000 0.000 0.000 0.000 0.000 0.000 0.000 0.000 0.000 157.912 160.643 157.145 154.911 152.215 147.071 144.385 142.657 140.690 139.436 138.256 136.179 133.919 130.952 126.915 123.328 121.727 123.001 124.244 127.668 130.398 132.672
157.963 157.099 155.504 154.682 151.525 151.249 150.074 148.795 147.752 147.352 145.525 145.356 144.288 144.424 145.778 146.462 147.453 152.630 156.424 155.469 45.756 0.000 0.000 0.000 0.000 0.000 0.000 0.000 0.000 0.000 0.000 0.000 0.000 0.000 0.000 0.000 0.000 0.000 0.000 0.000 0.000 158.192 163.732 159.571 156.552 153.767 151.112 145.934 143.440 141.312 139.527 138.126 136.060 134.048 131.138 126.098 121.590 121.722 121.057 122.006 123.208 127.493 131.508 133.969
161.194 160.013 158.341 157.219 155.780 155.181 152.423 151.268 150.388 148.696 147.066 146.561 146.250 146.404 146.797 147.559 149.601 154.601 158.491 156.753 0.000 0.000 0.000 0.000 0.000 0.000 0.000 0.000 0.000 0.000 0.000 0.000 0.000 0.000 0.000 0.000 0.000 0.000 0.000 0.000 0.000 158.360 161.843 158.621 155.672 153.215 148.771 145.232 143.235 140.521 138.785 136.767 133.602 130.678 126.675 122.298 121.878 117.775 118.728 122.187 123.013 127.961 132.312 135.005
159.246 163.186 161.573 160.147 158.442 157.580 156.248 155.549 154.656 153.688 152.372 149.368 148.633 148.885 149.667 152.752 154.137 156.953 155.120 158.450 0.000 0.000 0.000 0.000 0.000 0.000 0.000 0.000 0.000 0.000 0.000 0.000 0.000 0.000 0.000 0.000 0.000 0.000 0.000 0.000 159.740 155.606 160.476 157.212 155.018 152.669 147.937 144.850 143.259 140.229 138.270 135.856 132.050 128.372 123.539 122.636 119.320 117.419 120.386 121.999 124.943 129.098 133.312 135.707
159.424 159.328 159.232 163.602 161.911 160.464 159.696 159.173 158.508 157.821 156.938 156.040 155.007 154.950 155.277 155.896 157.536 160.293 157.358 0.000 0.000 0.000 0.000 0.000 0.000 0.000 0.000 0.000 0.000 0.000 0.000 0.000 0.000 0.000 0.000 0.000 0.000 0.000 0.000 0.000 158.367 162.704 159.006 156.311 153.742 151.971 147.520 144.714 142.444 140.023 137.871 135.216 130.974 127.121 123.650 122.740 119.110 121.658 122.222 122.642 126.799 131.097 134.795 136.510
164.329 159.224 159.322 159.341 159.191 157.456 163.694 163.531 156.147 157.262 156.553 155.738 155.061 153.766 153.453 153.964 155.322 157.727 1.053 0.000 0.000 0.000 0.000 0.000 0.000 0.000 0.000 0.000 0.000 0.000 0.000 0.000 0.000 0.000 0.000 0.000 0.000 0.000 0.000 158.411 155.770 161.057 158.151 155.257 153.107 149.417 146.735 144.337 142.522 139.575 137.292 134.783 130.219 126.822 124.136 123.185 122.904 122.859 122.956 125.993 129.126 132.955 136.239 137.300
160.535 161.669 163.493 159.128 159.343 158.776 159.380 159.701 43.176 0.024 0.570 0.046 43.986 87.090 92.656 89.475 0.774 0.000 0.000 0.000 0.000 0.000 0.000 0.000 0.000 0.000 0.000 0.000 0.000 0.000 0.000 0.000 0.000 0.000 0.000 0.000 0.000 0.000 0.075 158.079 162.088 159.418 156.608 154.203 152.512 148.310 145.725 143.305 141.191 139.116 136.650 134.137 129.472 125.832 124.346 124.461 124.312 124.185 126.312 128.549 131.871 135.192 137.223 137.630
157.149 158.617 159.487 161.947 158.879 159.036 56.809 0.000 0.000 0.000 0.000 0.000 0.000 0.000 0.000 0.000 0.000 0.000 0.000 0.000 0.000 0.000 0.000 0.000 0.000 0.000 0.000 0.000 0.000 0.000 0.000 0.000 0.000 0.000 0.000 0.000 0.000 0.000 158.109 163.042 160.168 157.512 155.514 153.487 150.228 147.421 144.972 143.586 140.362 138.346 135.716 132.734 128.230 125.384 124.650 125.746 127.439 128.130 129.165 131.559 134.454 136.675 137.756 137.985
153.687 156.250 157.045 158.825 161.017 164.188 158.887 4.270 0.000 0.000 0.000 0.000 0.000 0.000 0.000 0.000 0.000 0.000 0.000 0.000 0.000 0.000 0.000 0.000 0.000 0.000 0.000 0.000 0.000 0.000 0.000 0.000 0.000 0.000 0.000 0.000 0.000 157.813 163.259 160.234 157.675 155.880 154.198 152.675 148.692 145.980 143.737 141.823 139.684 137.426 134.884 130.361 127.292 124.914 124.825 126.851 129.539 130.555 132.112 134.172 136.330 137.677 138.242 137.624
153.231 153.595 155.878 156.526 158.321 160.383 162.367 158.634 159.358 0.000 0.000 0.000 0.000 0.000 0.000 0.000 0.000 0.000 0.000 0.000 0.000 0.000 0.000 0.000 0.000 0.000 0.000 0.000 0.000 0.000 0.000 0.000 0.000 0.000 0.000 0.000 157.513 162.834 159.766 157.961 155.795 154.388 153.234 150.269 147.896 145.220 143.870 140.876 138.800 136.577 133.929 129.104 125.566 124.447 125.362 128.558 130.819 132.905 134.292 136.188 137.350 138.279 138.458 137.078
151.530 152.164 153.303 153.530 156.187 157.799 159.662 161.027 163.118 158.596 161.481 0.000 0.000 0.000 0.000 0.000 0.000 0.000 0.000 0.000 0.000 0.000 0.000 0.000 0.000 0.000 0.000 0.000 0.000 0.000 0.000 0.000 0.000 0.000 0.000 157.662 154.164 159.514 156.882 155.346 154.094 153.204 152.109 148.325 146.100 144.721 142.200 140.357 138.378 135.997 131.888 128.424 125.380 124.746 125.992 129.251 132.029 134.316 136.185 137.133 138.195 138.687 138.109 136.324
148.800 150.789 152.081 153.166 153.133 155.825 156.684 158.450 159.587 161.702 164.165 158.679 1.261 0.000 0.000 0.000 0.000 0.000 0.000 0.000 0.000 0.000 0.000 0.000 0.000 0.000 0.000 0.000 0.000 0.000 0.000 0.000 0.000 0.000 0.000 157.512 160.767 157.815 155.241 153.719 152.707 150.425 148.714 146.504 144.033 142.926 141.404 139.972 138.005 135.823 131.482 128.260 125.575 125.470 128.160 130.166 133.157 135.710 137.086 137.922 138.961 138.841 137.753 136.558
148.535 149.371 149.923 151.556 152.117 153.165 155.053 156.463 158.343 159.330 161.565 164.084 158.419 0.000 0.000 0.000 0.000 0.000 0.000 0.000 0.000 0.000 0.000 0.000 0.000 0.000 0.000 0.000 0.000 0.000 0.000 0.000 0.000 0.000 158.603 154.231 159.270 156.085 153.948 152.541 149.372 147.895 145.408 144.641 143.237 141.548 140.323 139.187 137.506 135.497 130.629 126.710 125.401 126.173 129.110 131.716 134.401 136.641 137.611 138.586 139.280 139.225 138.443 136.267
147.324 148.085 148.892 149.044 150.617 151.599 153.040 155.130 156.683 158.591 159.913 162.687 158.680 0.056 0.000 0.000 0.000 0.000 0.000 0.000 0.000 0.000 0.000 0.000 0.000 0.000 0.000 0.000 0.000 0.000 0.000 0.000 0.000 0.000 157.639 162.124 158.001 155.100 153.142 150.111 147.672 145.766 144.736 142.934 141.618 140.298 139.038 137.690 136.194 132.189 128.639 125.430 124.378 125.823 129.332 132.375 135.277 137.037 138.063 139.107 139.794 139.250 138.310 136.270
145.314 146.219 147.182 148.421 149.059 149.422 151.733 152.932 156.030 157.215 159.182 161.997 158.528 0.034 0.000 0.000 0.000 0.000 0.000 0.000 0.000 0.000 0.000 0.000 0.000 0.000 0.000 0.000 0.000 0.000 0.000 0.000 0.000 158.519 156.694 159.981 157.122 154.314 152.385 148.691 145.185 144.047 142.777 141.744 140.410 139.088 137.408 135.592 132.784 128.647 125.996 124.069 123.876 125.521 129.342 132.844 135.996 137.337 138.340 139.730 139.899 139.343 138.288 136.392
143.853 144.881 145.899 146.835 147.887 149.194 150.988 152.863 155.137 156.805 158.749 161.694 158.411 0.000 0.000 0.000 0.000 0.000 0.000 0.000 0.000 0.000 0.000 0.000 0.000 0.000 0.000 0.000 0.000 0.000 0.000 0.000 0.000 157.461 161.766 158.114 155.679 153.312 150.313 147.290 145.426 143.048 141.779 140.364 139.248 137.639 135.540 132.059 127.367 124.833 123.174 119.812 123.101 125.153 129.375 133.176 136.287 137.420 139.601 139.763 140.573 140.140 138.440 136.585
142.543 143.957 145.026 146.135 147.144 148.684 150.449 152.436 154.869 156.584 158.554 161.675 158.268 0.000 0.000 0.000 0.000 0.000 0.000 0.000 0.000 0.000 0.000 0.000 0.000 0.000 0.000 0.000 0.000 0.000 0.000 0.000 158.635 155.395 159.556 156.370 154.363 152.556 149.131 145.501 144.089 142.447 140.791 139.529 137.949 136.006 132.332 126.884 123.231 122.083 120.796 118.411 123.256 125.107 129.826 134.008 136.666 137.669 140.031 140.060 140.887 140.286 138.768 137.075
141.585 143.354 144.623 145.747 146.829 148.484 150.386 152.536 154.806 156.575 158.831 162.844 157.995 0.000 0.000 0.000 0.000 0.000 0.000 0.000 0.000 0.000 0.000 0.000 0.000 0.000 0.000 0.000 0.000 0.000 0.000 0.000 157.306 162.033 158.020 155.577 153.331 150.616 148.000 145.738 143.474 141.934 140.050 138.592 135.852 132.305 127.616 123.630 121.414 119.400 116.665 121.697 123.289 126.823 130.621 134.705 136.840 138.905 140.016 141.191 141.221 140.438 139.200 137.522
141.568 143.250 144.541 145.661 146.781 148.449 150.247 152.344 155.212 157.285 160.127 157.638 0.072 0.000 0.000 0.000 0.000 0.000 0.000 0.000 0.000 0.000 0.000 0.000 0.000 0.000 0.000 0.000 0.000 0.000 0.000 156.899 156.077 159.934 156.965 154.268 152.597 149.553 146.983 144.482 143.210 141.608 139.701 137.982 134.911 130.204 125.044 121.381 117.525 115.177 116.471 122.304 123.644 127.920 131.580 135.503 137.740 139.290 140.342 141.566 141.461 140.640 139.334 137.699
141.986 143.513 144.752 145.821 146.927 148.558 150.450 152.490 155.299 157.593 160.919 157.946 0.000 0.000 0.000 0.000 0.000 0.000 0.000 0.000 0.000 0.000 0.000 0.000 0.000 0.000 0.000 0.000 0.000 0.000 158.459 156.758 160.736 157.894 155.453 153.343 150.772 148.587 146.072 143.945 142.869 141.433 139.722 137.655 135.337 128.763 124.190 121.577 117.004 115.517 121.404 122.407 126.081 129.622 133.474 136.815 138.194 139.629 140.857 141.754 141.836 140.361 138.931 137.273
142.682 144.041 145.172 146.183 147.207 148.829 150.797 152.681 155.425 158.640 162.336 158.290 0.000 0.000 0.000 0.000 0.000 0.000 0.000 0.000 0.000 0.000 0.000 0.000 0.000 0.000 0.000 0.000 0.000 0.086 157.014 161.688 158.300 155.547 153.950 152.479 149.810 147.363 144.880 143.588 142.606 140.965 139.481 137.402 134.445 127.800 121.894 121.188 114.594 116.039 121.531 124.735 128.590 132.610 136.257 137.618 138.951 140.132 141.596 141.942 141.516 139.634 137.990 136.165
143.349 144.531 145.606 146.577 147.846 148.836 151.484 152.561 155.679 158.828 162.772 162.721 0.000 0.000 0.000 0.000 0.000 0.000 0.000 0.000 0.000 0.000 0.000 0.000 0.000 0.000 0.000 0.000 0.000 156.189 155.092 158.674 156.430 153.959 152.651 150.425 148.654 145.906 144.340 143.407 142.166 140.459 139.063 137.063 132.370 127.204 121.829 119.760 115.387 118.435 121.409 125.637 130.423 135.885 137.441 138.736 139.786 140.987 141.998 142.045 140.578 138.988 137.019 135.220
