tests/3D/rendena/output-maps-METEOIO-OFF/SWEN0002.asc
ncols         320
nrows         361
xllcorner     618410.159000
yllcorner     5088785.286000
cellsize      100.000000
NODATA_value  -9999.0
[rows 30 to 59 of 361, columns 198 to 263 of 320]
29.700 29.564 29.088 27.822 27.015 26.731 26.425 24.719 23.707 23.697 23.789 23.742 23.611 23.664 24.116 24.600 24.864 24.870 24.743 24.520 24.043 23.399 22.861 22.532 22.207 21.970 21.875 22.009 22.450 22.984 23.444 23.819 24.135 24.267 24.589 25.122 25.751 26.311 26.660 26.918 27.190 27.400 -9999.000 -9999.000 -9999.000 -9999.000 -9999.000 -9999.000 -9999.000 -9999.000 -9999.000 -9999.000 -9999.000 -9999.000 -9999.000 -9999.000 -9999.000 -9999.000 -9999.000 -9999.000 -9999.000 -9999.000 -9999.000 -9999.000 -9999.000 -9999.000
29.076 28.808 28.105 27.094 27.195 27.722 27.739 25.668 24.383 24.144 24.176 24.058 23.737 23.764 24.129 24.699 25.046 25.088 25.026 24.716 24.181 23.299 22.635 22.280 22.135 21.871 21.697 21.710 22.038 22.525 23.079 23.435 23.886 24.214 24.639 25.431 26.201 26.823 27.185 27.444 27.641 27.757 -9999.000 -9999.000 -9999.000 -9999.000 -9999.000 -9999.000 -9999.000 -9999.000 -9999.000 -9999.000 -9999.000 -9999.000 -9999.000 -9999.000 -9999.000 -9999.000 -9999.000 -9999.000 -9999.000 -9999.000 -9999.000 -9999.000 -9999.000 -9999.000
28.514 27.934 27.570 27.542 28.702 30.040 30.052 27.757 26.393 25.905 25.751 25.430 24.792 24.343 24.700 25.226 25.580 25.679 25.611 25.294 24.616 23.499 22.351 21.988 21.874 21.776 21.550 21.531 21.713 22.119 22.633 23.060 23.619 24.322 25.001 25.918 26.649 27.140 27.454 27.692 27.882 27.914 -9999.000 -9999.000 -9999.000 -9999.000 -9999.000 -9999.000 -9999.000 -9999.000 -9999.000 -9999.000 -9999.000 -9999.000 -9999.000 -9999.000 -9999.000 -9999.000 -9999.000 -9999.000 -9999.000 -9999.000 -9999.000 -9999.000 -9999.000 -9999.000
28.421 28.472 28.892 30.025 32.066 33.402 32.877 30.809 29.304 28.536 27.914 27.154 25.939 25.164 25.250 25.865 26.186 26.332 26.258 26.018 25.193 23.776 22.399 21.762 21.608 21.577 21.351 21.337 21.414 21.653 22.027 22.479 23.394 24.557 25.514 26.391 26.906 27.218 27.412 27.616 27.755 27.773 -9999.000 -9999.000 -9999.000 -9999.000 -9999.000 -9999.000 -9999.000 -9999.000 -9999.000 -9999.000 -9999.000 -9999.000 -9999.000 -9999.000 -9999.000 -9999.000 -9999.000 -9999.000 -9999.000 -9999.000 -9999.000 -9999.000 -9999.000 -9999.000
29.979 30.608 31.976 33.542 33.884 33.208 32.292 31.188 30.439 29.852 28.882 27.544 26.405 25.790 25.840 26.341 26.592 26.734 26.741 26.514 25.732 24.218 22.725 21.772 21.407 21.391 20.984 20.985 21.175 21.128 21.307 22.041 23.412 25.024 26.067 26.698 26.929 26.991 26.862 27.038 27.377 27.888 28.287 -9999.000 -9999.000 -9999.000 -9999.000 -9999.000 -9999.000 -9999.000 -9999.000 -9999.000 -9999.000 -9999.000 -9999.000 -9999.000 -9999.000 -9999.000 -9999.000 -9999.000 -9999.000 -9999.000 -9999.000 -9999.000 -9999.000 -9999.000
33.321 33.626 33.462 33.854 33.422 32.346 31.364 30.556 30.028 29.603 28.819 27.682 26.877 26.318 26.301 26.515 26.742 26.849 26.829 26.567 25.837 24.501 23.160 21.981 21.275 21.227 20.945 20.394 20.519 20.153 19.815 21.740 23.436 25.287 26.371 26.857 26.780 26.566 26.554 26.746 27.087 27.783 28.464 28.763 -9999.000 -9999.000 -9999.000 -9999.000 -9999.000 -9999.000 -9999.000 -9999.000 -9999.000 -9999.000 -9999.000 -9999.000 -9999.000 -9999.000 -9999.000 -9999.000 -9999.000 -9999.000 -9999.000 -9999.000 -9999.000 -9999.000
33.669 33.491 33.508 32.897 32.218 31.344 30.388 29.624 29.194 28.873 28.318 27.857 27.294 26.899 26.660 26.567 26.750 26.785 26.701 26.389 25.706 24.542 23.275 22.126 21.316 21.075 20.830 20.052 20.345 19.597 19.495 21.363 23.174 25.093 26.280 26.676 26.658 26.627 26.919 27.084 27.429 27.691 28.236 28.819 28.837 29.348 -9999.000 -9999.000 -9999.000 -9999.000 -9999.000 -9999.000 -9999.000 -9999.000 -9999.000 -9999.000 -9999.000 -9999.000 -9999.000 -9999.000 -9999.000 -9999.000 -9999.000 -9999.000 -9999.000 -9999.000
31.930 32.250 32.344 32.230 31.865 31.185 30.393 29.740 29.329 28.959 28.471 28.165 27.713 27.297 26.947 26.704 26.755 26.687 26.521 26.155 25.435 24.369 23.268 22.200 21.397 21.003 20.424 19.982 20.022 19.512 19.402 21.201 22.853 24.609 25.818 26.386 26.646 27.041 27.932 28.722 28.390 28.219 28.401 28.803 29.237 29.560 29.771 -9999.000 -9999.000 -9999.000 -9999.000 -9999.000 -9999.000 -9999.000 -9999.000 -9999.000 -9999.000 -9999.000 -9999.000 -9999.000 -9999.000 -9999.000 -9999.000 -9999.000 -9999.000 -9999.000
29.440 29.800 30.889 31.722 31.754 31.160 30.470 29.939 29.550 29.157 28.663 28.351 27.875 27.461 27.148 26.865 26.791 26.590 26.324 25.899 25.116 24.062 23.129 22.031 21.204 20.918 20.453 20.011 20.091 19.495 19.402 21.132 22.642 24.260 25.557 25.989 26.480 27.246 28.675 30.017 29.876 29.322 29.086 29.239 29.546 29.799 30.509 31.356 -9999.000 -9999.000 -9999.000 -9999.000 -9999.000 -9999.000 -9999.000 -9999.000 -9999.000 -9999.000 -9999.000 -9999.000 -9999.000 -9999.000 -9999.000 -9999.000 -9999.000 -9999.000
28.621 28.234 28.898 30.026 31.150 31.197 30.551 29.905 29.435 29.028 28.749 28.234 27.790 27.486 27.299 27.024 26.847 26.508 26.130 25.616 24.761 23.668 22.706 21.625 20.926 20.479 20.029 19.533 19.841 19.572 19.516 21.109 22.535 24.096 25.286 25.901 26.251 27.091 28.574 30.376 30.792 30.492 30.070 30.044 30.281 30.587 31.284 31.847 -9999.000 -9999.000 -9999.000 -9999.000 -9999.000 -9999.000 -9999.000 -9999.000 -9999.000 -9999.000 -9999.000 -9999.000 -9999.000 -9999.000 -9999.000 -9999.000 -9999.000 -9999.000
28.864 27.866 27.547 28.134 29.521 30.366 30.626 29.922 29.202 28.884 28.381 27.902 27.577 27.460 27.390 27.121 26.783 26.397 25.908 25.305 24.318 23.215 22.119 21.100 20.149 19.620 19.443 19.288 19.487 19.440 19.427 21.085 22.493 24.029 25.174 25.837 26.476 27.017 28.248 29.977 31.232 31.157 30.814 30.713 30.951 31.300 31.836 32.212 -9999.000 -9999.000 -9999.000 -9999.000 -9999.000 -9999.000 -9999.000 -9999.000 -9999.000 -9999.000 -9999.000 -9999.000 -9999.000 -9999.000 -9999.000 -9999.000 -9999.000 -9999.000
28.840 28.332 27.427 27.101 27.469 28.662 29.547 29.658 29.209 28.501 27.889 27.477 27.369 27.445 27.419 27.139 26.719 26.201 25.610 24.910 23.822 22.620 21.429 19.704 19.488 19.241 19.015 19.177 19.261 19.247 19.233 20.983 22.530 24.004 25.142 25.885 26.608 27.043 27.995 29.505 31.008 31.370 31.266 31.149 31.343 31.753 32.152 32.399 -9999.000 -9999.000 -9999.000 -9999.000 -9999.000 -9999.000 -9999.000 -9999.000 -9999.000 -9999.000 -9999.000 -9999.000 -9999.000 -9999.000 -9999.000 -9999.000 -9999.000 -9999.000
28.499 28.473 27.796 26.979 26.358 26.614 27.513 28.518 28.613 28.047 27.382 27.096 27.217 27.412 27.382 27.078 26.582 25.944 25.245 24.439 23.250 22.021 19.840 19.227 19.031 18.877 18.763 18.905 19.010 18.988 19.144 20.981 22.651 24.034 25.055 25.872 26.611 27.104 27.988 29.308 30.770 31.642 31.718 31.655 31.808 32.087 32.307 32.434 -9999.000 -9999.000 -9999.000 -9999.000 -9999.000 -9999.000 -9999.000 -9999.000 -9999.000 -9999.000 -9999.000 -9999.000 -9999.000 -9999.000 -9999.000 -9999.000 -9999.000 -9999.000
28.046 28.032 27.654 26.856 26.085 25.742 26.093 26.841 27.446 27.317 26.908 26.861 27.134 27.326 27.265 26.930 26.364 25.632 24.846 23.916 22.592 21.358 19.284 18.950 18.625 18.541 18.443 18.643 18.748 18.757 19.150 21.086 22.847 24.146 24.966 25.729 26.445 27.094 28.210 29.551 30.822 31.657 31.902 31.948 31.987 32.141 32.196 32.255 -9999.000 -9999.000 -9999.000 -9999.000 -9999.000 -9999.000 -9999.000 -9999.000 -9999.000 -9999.000 -9999.000 -9999.000 -9999.000 -9999.000 -9999.000 -9999.000 -9999.000 -9999.000
27.293 27.146 26.978 26.650 26.162 25.872 25.797 26.046 26.296 26.543 26.563 26.747 27.012 27.122 27.034 26.683 26.095 25.323 24.488 23.412 22.053 19.814 18.802 18.506 18.264 18.195 18.084 18.358 18.510 18.566 19.155 21.221 22.954 24.182 24.851 25.479 26.288 27.274 28.716 29.976 30.879 31.600 31.861 31.969 31.912 31.903 31.921 31.963 32.062 32.157 -9999.000 -9999.000 -9999.000 -9999.000 -9999.000 -9999.000 -9999.000 -9999.000 -9999.000 -9999.000 -9999.000 -9999.000 -9999.000 -9999.000 -9999.000 -9999.000
26.175 25.989 26.304 26.547 26.437 26.290 26.126 26.026 26.019 26.198 26.421 26.632 26.768 26.779 26.667 26.342 25.802 25.066 24.195 22.942 21.713 19.263 18.528 18.100 17.896 17.727 17.878 18.038 18.269 18.409 19.139 21.251 22.996 24.175 24.705 25.247 26.161 27.656 29.028 30.226 30.780 31.007 31.031 31.065 31.176 31.361 31.517 31.668 31.829 32.018 32.133 -9999.000 -9999.000 -9999.000 -9999.000 -9999.000 -9999.000 -9999.000 -9999.000 -9999.000 -9999.000 -9999.000 -9999.000 -9999.000 -9999.000 -9999.000
25.098 24.980 25.835 26.578 26.708 26.577 26.423 26.235 26.143 26.205 26.356 26.440 26.423 26.346 26.293 26.014 25.569 24.842 23.940 22.584 21.298 18.892 18.307 17.746 17.605 17.343 17.575 17.686 18.011 18.248 19.089 21.236 23.018 24.232 24.758 25.290 26.231 27.735 28.958 29.841 30.248 30.409 30.418 30.466 30.651 30.911 31.137 31.318 31.502 31.739 31.966 -9999.000 -9999.000 -9999.000 -9999.000 -9999.000 -9999.000 -9999.000 -9999.000 -9999.000 -9999.000 -9999.000 -9999.000 -9999.000 36.096 36.410
24.616 24.622 25.403 26.415 26.685 26.747 26.621 26.452 26.245 26.217 26.227 26.174 26.130 25.981 25.809 25.637 25.214 24.617 23.709 22.459 21.057 18.690 18.038 17.491 17.241 16.954 17.120 17.338 17.627 17.937 18.925 21.135 22.998 24.383 25.075 25.648 26.501 27.694 28.596 29.320 29.777 30.026 30.132 30.228 30.390 30.592 30.793 30.965 31.134 31.355 31.657 31.945 -9999.000 -9999.000 -9999.000 -9999.000 -9999.000 -9999.000 -9999.000 -9999.000 -9999.000 -9999.000 -9999.000 -9999.000 35.599 35.909
24.848 24.693 25.317 25.985 26.433 26.418 26.461 26.386 26.261 26.184 26.112 25.981 25.789 25.673 25.445 25.174 24.812 24.310 23.409 22.253 20.570 18.589 17.917 17.224 16.882 16.707 16.757 16.900 17.260 17.553 18.650 20.255 22.815 24.203 25.321 26.194 26.993 28.008 28.560 29.072 29.467 29.733 29.875 29.991 30.135 30.290 30.460 30.629 30.773 30.905 31.253 31.811 32.100 -9999.000 -9999.000 -9999.000 -9999.000 -9999.000 -9999.000 -9999.000 -9999.000 -9999.000 -9999.000 34.896 35.010 35.125
25.593 25.343 25.443 25.634 25.856 26.045 26.112 26.110 26.061 26.017 25.915 25.750 25.602 25.342 25.073 24.777 24.415 23.850 23.081 21.956 19.832 18.501 17.773 16.986 16.626 16.403 16.503 16.405 16.743 17.113 18.133 19.968 22.449 24.120 25.443 26.534 27.537 28.292 28.643 29.020 29.246 29.372 29.449 29.549 29.715 29.897 30.094 30.285 30.417 30.512 30.808 31.474 31.946 -9999.000 -9999.000 -9999.000 -9999.000 -9999.000 33.371 33.535 33.736 33.986 34.304 34.511 34.535 34.444
26.513 26.243 26.037 25.859 25.787 25.776 25.758 25.757 25.847 25.799 25.699 25.516 25.336 25.045 24.762 24.468 24.063 23.542 22.656 21.720 19.479 18.430 17.539 16.734 16.299 16.036 16.051 15.920 16.267 16.666 17.741 19.741 22.519 24.555 26.141 27.225 28.045 28.631 28.960 28.925 28.963 29.064 28.985 29.020 29.221 29.302 29.602 29.854 30.011 30.106 30.433 31.176 31.940 32.478 32.658 32.745 32.811 32.863 32.994 33.132 33.353 33.654 33.982 34.098 34.055 33.938
27.217 27.063 26.836 26.509 26.178 25.884 25.666 25.553 25.532 25.582 25.476 25.278 25.067 24.739 24.463 24.181 23.876 23.238 22.353 21.247 19.040 18.204 17.165 16.374 15.899 15.579 15.553 15.356 15.642 16.203 17.349 19.570 22.701 25.432 26.749 27.712 28.158 28.303 28.684 28.653 28.486 28.183 27.954 27.915 28.239 28.673 29.152 29.484 29.675 29.663 30.150 31.016 31.831 32.196 32.342 32.374 32.363 32.301 32.289 32.414 32.746 33.116 33.465 33.658 33.512 33.372
27.474 27.420 27.352 26.790 26.310 25.887 25.596 25.421 25.332 25.346 25.221 25.008 24.792 24.612 24.360 24.073 23.670 23.044 22.110 20.521 18.627 17.768 16.751 15.939 15.315 14.978 14.926 14.691 14.887 15.565 16.921 19.490 22.960 25.241 26.863 27.069 27.091 27.126 27.178 27.156 26.909 26.567 26.415 26.497 27.032 27.658 28.340 28.792 29.080 29.418 29.932 30.866 31.541 31.729 31.742 31.681 31.479 31.269 31.274 31.672 32.060 32.509 32.802 32.863 32.577 32.303
27.251 27.334 26.980 26.768 26.247 25.802 25.505 25.284 25.106 25.055 24.897 24.817 24.613 24.340 24.137 23.902 23.572 22.991 21.993 19.747 18.262 17.330 16.302 15.445 14.737 14.297 14.260 13.974 14.198 14.943 16.568 19.326 22.963 24.451 24.633 24.373 24.201 24.141 24.181 24.270 24.232 24.269 24.537 25.179 25.797 26.518 27.313 27.949 28.425 28.917 29.596 30.166 30.614 30.719 30.695 30.524 30.347 30.226 30.435 30.888 31.169 31.551 31.540 31.182 30.883 30.595
26.365 26.435 26.347 26.121 25.861 25.578 25.281 25.144 24.895 24.802 24.627 24.486 24.224 24.003 23.832 23.642 23.349 22.856 21.908 19.614 18.038 17.064 15.972 15.009 14.244 13.398 13.545 13.297 13.575 14.436 16.005 18.741 21.773 22.337 22.039 21.701 21.446 20.839 20.707 20.736 21.381 21.968 22.814 23.735 24.449 25.184 25.984 26.756 27.389 27.848 28.105 28.388 28.719 28.984 29.124 29.045 28.902 29.063 29.334 29.654 29.875 29.757 29.262 28.540 28.179 28.221
25.343 25.376 25.387 25.463 25.573 25.486 25.145 24.740 24.494 24.301 24.201 23.978 23.745 23.536 23.348 23.149 22.896 22.405 21.595 19.418 17.872 16.816 15.560 14.453 13.552 12.472 12.615 12.807 13.141 14.049 15.614 17.520 19.182 19.501 19.177 18.924 18.562 18.189 17.915 17.919 18.303 19.170 20.402 22.150 22.883 23.684 24.261 24.985 25.550 25.746 25.569 25.542 25.859 26.367 26.856 27.129 27.359 27.696 27.887 27.875 27.609 26.984 26.305 25.871 26.032 26.644
24.275 24.279 24.388 24.604 24.910 24.989 24.646 24.217 23.847 23.747 23.564 23.350 23.103 22.866 22.644 22.353 21.928 21.335 19.781 18.980 17.740 16.536 15.167 13.844 12.741 12.095 11.504 12.304 12.757 13.725 14.974 16.566 17.357 17.410 17.211 16.832 16.559 16.213 16.008 16.047 16.456 17.105 18.091 19.055 20.026 21.519 22.197 22.845 23.324 23.415 23.208 23.168 23.472 23.906 24.572 25.116 25.537 25.819 25.879 25.644 25.169 24.684 24.541 24.664 25.471 26.541
23.399 23.429 23.647 23.794 23.977 24.065 23.870 23.402 23.185 23.032 22.826 22.532 22.217 21.979 21.754 21.293 19.802 19.070 18.389 17.894 17.193 16.015 14.527 13.080 11.816 11.173 10.747 11.474 12.360 13.258 14.369 15.389 16.134 16.239 16.052 15.733 15.340 15.064 14.951 15.011 15.351 15.785 16.331 16.799 17.470 18.496 19.260 20.061 21.229 21.471 21.520 21.608 21.845 22.305 22.900 23.414 23.776 23.931 23.949 23.859 23.781 23.864 24.301 25.075 26.186 27.253
22.655 22.676 23.072 23.143 23.095 23.057 22.882 22.694 22.521 22.289 21.922 21.531 21.206 21.085 19.943 19.356 18.314 17.291 16.680 16.553 16.021 14.915 13.529 12.200 10.987 9.571 9.176 10.890 11.571 12.570 13.510 14.349 15.006 15.052 14.956 14.629 14.338 14.163 14.092 14.127 14.343 14.635 14.796 15.210 15.811 16.500 17.324 18.293 19.086 19.580 19.915 20.040 20.234 21.138 21.526 21.979 22.364 22.611 22.797 23.038 23.462 24.138 25.071 25.987 26.874 27.563
22.090 22.149 22.479 22.548 22.377 22.246 22.176 22.067 21.855 21.487 21.000 19.774 19.462 19.199 18.716 17.914 16.841 15.875 15.075 14.608 14.306 13.477 12.259 10.830 8.642 4.847 5.324 8.577 10.854 11.553 12.340 13.160 13.655 13.778 13.665 13.465 13.228 13.150 13.125 13.165 13.372 13.717 13.982 14.529 15.099 15.826 16.534 17.276 17.917 18.571 19.056 19.266 19.325 19.335 19.605 20.200 21.637 22.242 22.730 23.232 23.804 24.678 25.494 26.225 26.539 27.064
