examples/3D/Borden05m/output-maps-METEOIO-OFF/psiliqL0030N0003.asc
ncols         160
nrows         34
xllcorner     620200.000000
yllcorner     5168000.000000
cellsize      0.500000
NODATA_value  -9999.0
[rows 0 to 27 of 34, columns 62 to 123 of 160]
-9999.000 -9999.000 -9999.000 -9999.000 -9999.000 -9999.000 -9999.000 -9999.000 -9999.000 -9999.000 -9999.000 -9999.000 -9999.000 -9999.000 -9999.000 -9999.000 -9999.000 -9999.000 -9999.000 -9999.000 -9999.000 -9999.000 -9999.000 -9999.000 -9999.000 -9999.000 -9999.000 -9999.000 -9999.000 -9999.000 -9999.000 -9999.000 -9999.000 -9999.000 -9999.000 -9999.000 -9999.000 -9999.000 -9999.000 -9999.000 -9999.000 -9999.000 -9999.000 -9999.000 -9999.000 -9999.000 -9999.000 -9999.000 -9999.000 -9999.000 -9999.000 -9999.000 -9999.000 -9999.000 -9999.000 -9999.000 -9999.000 -9999.000 -9999.000 -9999.000 -9999.000 -9999.000
4242.825 4234.945 4226.160 4219.042 4215.374 4214.704 4214.399 4214.213 4219.439 4227.950 4235.958 4243.117 4245.874 4248.505 4250.527 4250.941 4250.063 4247.027 4243.838 4240.601 4238.969 4231.945 4220.975 4212.864 4210.202 4214.262 4218.474 4220.783 4225.552 4235.567 4245.785 4254.002 4266.339 4273.228 4278.090 4279.957 4275.373 4271.556 4266.938 4259.975 4248.538 -9999.000 -9999.000 -9999.000 -9999.000 -9999.000 -9999.000 -9999.000 -9999.000 -9999.000 -9999.000 -9999.000 -9999.000 -9999.000 -9999.000 -9999.000 -9999.000 -9999.000 -9999.000 -9999.000 -9999.000 -9999.000
4224.120 4220.593 4212.714 4208.215 4203.279 4200.942 4201.458 4201.774 4205.752 4217.117 4225.238 4230.085 4233.084 4236.301 4234.600 4233.984 4234.002 4231.284 4227.943 4224.700 4222.944 4224.819 4217.296 4211.180 4207.134 4203.732 4206.452 4209.095 4213.850 4222.652 4230.154 4237.687 4252.694 4265.614 4270.893 4267.733 4262.632 4258.159 4249.889 4238.346 4228.016 4220.190 4213.791 4207.720 4200.214 4205.863 4213.235 4221.527 4229.209 4240.684 4252.598 -9999.000 -9999.000 -9999.000 -9999.000 -9999.000 -9999.000 -9999.000 -9999.000 -9999.000 -9999.000 -9999.000
4206.194 4210.538 4207.974 4203.682 4195.596 4206.649 4208.083 4209.127 4212.718 4214.616 4220.725 4223.373 4229.003 4238.251 4241.342 4241.971 4242.184 4240.322 4237.168 4235.273 4232.557 4227.326 4225.364 4224.843 4223.230 4226.999 4228.437 4231.572 4226.249 4230.683 4236.634 4243.265 4248.026 4253.495 4255.000 4251.074 4251.454 4242.440 4228.157 4218.041 4210.291 4210.616 4207.048 4198.297 4183.385 4191.166 4206.561 4210.544 4212.098 4222.318 4234.110 4244.442 4247.396 4246.358 4245.186 4241.297 4226.597 4211.071 4195.174 4176.026 -9999.000 -9999.000
4218.111 4216.757 4213.653 4209.134 4219.500 4228.027 4229.814 4232.574 4237.056 4238.757 4228.579 4226.996 4234.249 4243.962 4249.158 4249.542 4249.272 4245.242 4244.171 4244.134 4242.555 4241.717 4243.054 4239.897 4242.312 4247.682 4251.034 4246.467 4238.071 4240.494 4248.849 4257.896 4265.115 4274.605 4284.612 4284.637 4279.743 4270.626 4257.732 4234.781 4217.101 4205.300 4196.184 4187.985 4190.950 4184.764 4198.429 4199.338 4201.211 4207.462 4217.113 4227.275 4232.868 4231.295 4229.558 4226.110 4215.556 4199.892 4184.207 4165.683 4138.234 4108.481
4220.622 4219.952 4220.271 4228.484 4240.310 4251.122 4253.450 4255.550 4254.458 4247.832 4237.868 4235.883 4248.980 4266.164 4274.155 4273.537 4268.276 4270.380 4271.154 4272.522 4269.785 4270.201 4266.649 4270.723 4278.451 4286.672 4285.361 4272.685 4259.839 4259.961 4265.941 4273.654 4281.198 4290.774 4299.068 4293.633 4288.311 4280.904 4255.296 4233.102 4218.632 4218.033 4217.984 4212.667 4209.952 4208.733 4204.491 4203.909 4202.098 4201.022 4212.489 4225.170 4227.871 4220.074 4214.940 4211.662 4202.992 4190.348 4173.435 4155.447 4134.665 4105.732
4252.878 4253.193 4259.067 4269.350 4281.342 4303.039 4302.083 4302.241 4300.152 4287.141 4274.020 4264.780 4288.555 4300.178 4307.154 4303.475 4307.337 4315.810 4312.735 4307.146 4294.651 4300.174 4305.100 4320.376 4328.734 4334.459 4328.735 4313.785 4306.476 4308.685 4316.178 4318.105 4327.592 4335.330 4349.565 4347.214 4344.811 4324.744 4286.601 4257.718 4246.402 4258.457 4251.985 4244.485 4244.293 4232.922 4225.681 4227.858 4219.142 4213.897 4225.852 4232.046 4232.329 4223.096 4227.037 4219.435 4196.918 4179.434 4164.121 4148.808 4130.077 4123.420
4260.113 4264.086 4275.138 4293.051 4310.354 4329.875 4326.306 4317.347 4327.597 4320.914 4309.996 4303.064 4328.085 4337.914 4348.000 4352.772 4365.685 4376.030 4357.515 4338.999 4327.085 4334.836 4362.467 4386.656 4391.439 4389.807 4388.102 4370.626 4366.111 4363.442 4365.162 4363.102 4361.414 4388.459 4410.943 4410.350 4388.335 4364.847 4322.895 4283.751 4260.448 4276.275 4271.325 4274.560 4264.521 4252.510 4246.815 4245.110 4238.046 4228.705 4237.819 4241.105 4247.446 4252.856 4257.447 4239.752 4221.007 4200.738 4182.155 4167.033 4159.049 4151.341
4312.124 4326.929 4336.239 4356.652 4372.546 4397.513 4407.645 4417.211 4421.656 4415.461 4407.396 4396.018 4403.846 4430.269 4442.136 4450.040 4457.977 4470.946 4469.901 4461.760 4459.621 4464.498 4480.141 4496.468 4503.312 4505.653 4507.289 4490.897 4476.887 4475.968 4471.174 4471.228 4470.490 4484.157 4507.024 4502.609 4461.716 4433.683 4396.279 4355.936 4325.636 4321.424 4342.998 4342.012 4324.780 4315.437 4290.546 4287.308 4278.396 4255.745 4255.857 4256.546 4264.175 4279.770 4266.861 4249.410 4231.419 4210.988 4193.779 4185.263 4182.270 4177.952
4435.210 4444.935 4448.432 4455.357 4488.747 4523.209 4547.797 4570.904 4578.226 4565.662 4556.159 4542.346 4533.932 4547.418 4565.911 4584.195 4599.143 4610.706 4612.413 4610.794 4610.865 4614.437 4617.533 4622.352 4631.668 4639.487 4647.711 4654.723 4642.594 4625.193 4616.539 4608.586 4608.651 4610.401 4615.382 4616.065 4595.470 4548.801 4514.795 4481.129 4462.884 4450.498 4452.923 4433.396 4406.653 4351.540 4313.188 4281.102 4263.340 4241.715 4251.862 4267.268 4313.234 4319.078 4305.927 4290.396 4266.331 4242.936 4222.778 4218.889 4216.577 4211.433
4569.864 4573.818 4576.110 4578.206 4607.299 4651.338 4692.487 4725.073 4724.079 4709.163 4697.694 4689.129 4673.573 4669.534 4683.967 4701.028 4722.966 4733.225 4738.242 4734.099 4734.299 4736.625 4739.134 4741.439 4745.690 4756.301 4772.558 4788.187 4786.532 4765.344 4746.680 4730.679 4729.348 4727.590 4722.372 4724.840 4726.390 4706.693 4672.060 4629.408 4588.082 4572.970 4558.197 4546.389 4527.407 4480.063 4406.249 4361.933 4321.281 4294.608 4301.222 4377.255 4401.759 4389.986 4379.527 4357.659 4327.875 4304.457 4282.774 4281.555 4277.037 4268.496
4697.095 4704.777 4706.990 4711.770 4729.010 4764.900 4803.507 4834.957 4850.185 4841.133 4821.269 4797.210 4785.711 4782.189 4786.399 4797.029 4811.727 4832.868 4853.750 4859.717 4860.660 4857.871 4860.456 4862.202 4862.334 4865.942 4875.846 4886.772 4890.378 4881.314 4858.048 4832.896 4822.172 4816.013 4812.562 4814.167 4820.181 4824.068 4807.284 4767.973 4719.679 4689.392 4675.130 4661.954 4646.185 4631.654 4592.279 4568.457 4528.144 4476.288 4448.764 4498.070 4489.736 4478.701 4454.945 4421.085 4385.582 4354.427 4329.729 4323.555 4320.075 4319.275
4820.884 4826.190 4833.136 4848.548 4874.019 4895.440 4920.687 4949.710 4967.619 4972.776 4970.292 4965.029 4965.885 4966.189 4888.257 4895.732 4903.214 4924.269 4942.628 4949.359 4950.102 4946.918 4949.044 4949.969 4949.745 4949.335 4952.580 4958.833 4961.200 4958.191 4943.018 4967.316 4945.807 4931.470 4922.722 4913.968 4905.470 4895.637 4885.077 4862.738 4829.261 4793.216 4772.594 4764.819 4757.709 4747.295 4740.205 4721.048 4696.165 4657.557 4615.305 4596.318 4595.395 4577.872 4539.742 4505.405 4479.637 4441.627 4411.256 4395.845 4395.473 4388.394
4947.822 4952.764 4967.693 4985.936 4965.527 4975.775 4986.342 4996.807 5000.279 5001.127 5000.430 4997.721 4996.521 4993.534 4990.265 4979.134 4980.601 4982.572 4985.118 4988.850 4987.752 4988.890 4991.833 4989.929 4983.607 4979.299 4977.720 4978.957 4986.580 4990.270 4991.348 4987.054 4986.061 4984.883 4980.715 4975.487 4968.078 4958.564 4978.000 4964.811 4934.255 4890.262 4845.576 4839.453 4842.741 4841.604 4839.703 4833.285 4814.729 4785.534 4745.569 4704.923 4699.806 4684.052 4661.734 4642.589 4620.777 4578.051 4540.014 4517.547 4507.773 4483.784
4998.437 5001.417 5005.300 5002.211 4999.148 4993.888 4991.887 4990.175 4987.356 4987.624 4985.378 4980.846 4976.187 4967.189 4954.863 4943.382 4939.109 4943.083 4948.792 4954.168 4959.049 4962.887 4962.410 4956.570 4947.815 4940.015 4938.484 4945.649 4951.608 4958.821 4959.937 4958.698 4956.181 4955.954 4952.550 4952.881 4960.513 4976.255 4977.993 4985.473 4984.535 4963.917 4926.482 4945.445 4924.861 4931.541 4926.469 4914.510 4892.116 4866.456 4833.073 4800.210 4782.009 4773.980 4766.894 4758.547 4741.682 4698.981 4662.540 4632.958 4612.919 4585.865
4984.615 4991.505 4992.139 4984.603 4975.378 4967.472 4959.188 4956.191 4955.361 4954.727 4954.860 4948.994 4938.479 4920.146 4908.011 4896.525 4890.224 4885.364 4887.996 4899.722 4912.906 4918.063 4907.607 4898.634 4886.242 4878.131 4878.743 4879.431 4889.401 4907.792 4916.870 4918.043 4911.347 4904.424 4897.865 4894.842 4901.692 4917.838 4935.939 4953.016 4963.116 4971.477 4979.262 4975.814 4979.383 4981.363 4978.767 4983.441 4964.273 4938.459 4906.908 4879.980 4853.097 4849.846 4850.173 4846.154 4843.302 4807.278 4768.529 4732.592 4704.969 4676.793
4955.616 4956.639 4951.607 4944.655 4933.956 4922.060 4911.542 4902.568 4902.968 4904.720 4905.994 4897.615 4881.075 4862.270 4848.063 4833.585 4829.196 4822.483 4813.122 4822.904 4843.666 4851.463 4834.169 4822.773 4807.086 4800.830 4796.578 4797.273 4806.349 4830.420 4857.022 4859.965 4849.004 4838.150 4834.123 4831.410 4836.178 4853.385 4875.637 4893.267 4904.958 4910.976 4919.389 4929.439 4945.198 4961.306 4974.728 4978.324 4989.286 4984.145 4968.181 4962.944 4936.785 4921.760 4914.454 4910.575 4903.755 4878.075 4846.742 4817.627 4790.051 4764.778
4916.339 4911.076 4904.030 4896.053 4871.904 4858.300 4843.945 4827.472 4822.422 4815.975 4815.957 4803.416 4795.461 4778.932 4762.857 4746.561 4731.517 4725.367 4717.968 4713.759 4726.370 4734.503 4726.344 4716.832 4707.025 4703.236 4700.039 4703.045 4713.983 4733.116 4751.975 4761.697 4755.333 4756.383 4758.276 4757.591 4765.307 4775.973 4794.540 4818.863 4840.252 4851.541 4859.200 4869.134 4884.615 4899.806 4915.269 4934.550 4959.679 4977.277 4988.272 4987.967 4986.936 4977.348 4982.702 4971.480 4958.352 4936.738 4910.276 4882.128 4855.135 4836.920
4870.183 4863.261 4856.756 4829.990 4770.090 4746.498 4725.865 4707.996 4699.687 4689.706 4669.349 4659.864 4655.263 4660.044 4645.846 4627.599 4608.695 4603.428 4599.745 4578.828 4570.429 4569.852 4590.822 4585.279 4585.882 4589.555 4587.498 4588.436 4601.374 4608.095 4612.473 4620.336 4628.557 4641.739 4651.836 4665.865 4685.011 4696.420 4712.411 4733.895 4761.917 4779.744 4790.646 4802.174 4818.661 4835.935 4855.047 4878.686 4906.597 4924.489 4936.860 4949.785 4964.664 4981.258 4986.269 4996.720 4994.935 4991.603 4966.073 4934.843 4913.702 4895.687
4796.637 4793.668 4781.314 4719.707 4678.008 4642.084 4623.811 4598.131 4582.385 4562.691 4518.348 4498.583 4499.322 4517.202 4515.314 4499.974 4488.327 4477.902 4467.071 4447.125 4424.234 4430.755 4451.748 4454.911 4460.417 4470.069 4470.388 4462.795 4457.381 4469.196 4474.454 4487.193 4508.488 4514.916 4535.691 4574.003 4588.115 4604.730 4624.113 4645.640 4669.175 4694.303 4710.269 4727.221 4747.042 4765.110 4786.676 4810.332 4841.699 4865.282 4881.144 4893.030 4904.760 4921.323 4943.945 4965.476 4985.905 4996.116 4998.458 4983.131 4966.833 4946.199
4682.302 4674.899 4640.404 4584.009 4548.555 4526.017 4502.814 4478.720 4451.539 4408.736 4371.400 4347.804 4366.740 4378.791 4393.993 4382.948 4372.379 4362.507 4342.345 4324.581 4305.981 4317.936 4326.690 4350.145 4358.641 4362.991 4370.638 4369.535 4356.747 4348.160 4356.760 4367.447 4381.210 4407.341 4446.850 4473.316 4493.612 4515.700 4535.476 4557.965 4582.238 4607.154 4626.108 4645.942 4665.688 4688.009 4707.942 4731.461 4760.851 4789.351 4807.390 4824.727 4839.720 4860.796 4886.611 4911.628 4939.288 4963.046 4978.708 4993.152 4996.797 4990.522
4549.966 4522.796 4469.121 4425.987 4409.061 4398.762 4374.635 4353.346 4322.143 4285.852 4265.005 4243.307 4254.428 4265.487 4288.648 4280.673 4275.179 4273.128 4257.256 4243.997 4226.572 4232.339 4245.530 4271.831 4278.884 4283.675 4294.538 4294.430 4289.450 4268.960 4275.728 4287.661 4303.914 4337.788 4361.013 4384.389 4407.943 4428.590 4451.417 4474.711 4498.975 4527.417 4548.706 4569.314 4592.414 4612.668 4626.976 4642.850 4667.539 4689.865 4713.628 4738.759 4755.288 4782.145 4815.447 4849.434 4887.143 4914.775 4932.017 4945.685 4958.622 4980.403
4385.810 4326.028 4288.946 4272.850 4277.038 4266.237 4246.895 4228.267 4209.063 4188.211 4170.460 4144.456 4150.149 4167.075 4185.177 4189.193 4191.854 4190.970 4182.395 4168.950 4155.243 4159.053 4177.113 4195.824 4207.303 4215.853 4224.097 4224.094 4213.857 4203.646 4208.656 4225.309 4242.275 4259.344 4280.230 4301.612 4323.102 4346.746 4370.329 4394.213 4420.132 4448.337 4471.541 4496.642 4522.377 4539.179 4547.938 4554.637 4573.809 4590.548 4614.110 4639.121 4659.692 4688.787 4726.273 4771.318 4814.619 4859.638 4880.978 4896.550 4908.245 4925.144
4265.331 4231.063 4202.548 4199.345 4185.003 4173.420 4160.385 4140.298 4125.137 4112.040 4091.032 4084.149 4092.097 4105.534 4112.223 4120.667 4118.941 4116.964 4112.202 4098.212 4096.589 4107.326 4122.537 4135.878 4148.274 4155.523 4160.532 4157.681 4148.479 4147.235 4156.013 4172.087 4185.615 4199.892 4220.680 4240.676 4262.711 4285.674 4308.138 4333.148 4358.960 4385.921 4414.613 4437.626 4455.951 4464.725 4474.337 4471.887 4481.857 4498.130 4515.284 4539.118 4565.688 4592.210 4633.829 4677.874 4721.460 4765.518 4807.177 4830.551 4850.506 4872.199
4203.385 4173.604 4145.093 4119.061 4108.864 4104.409 4092.743 4077.076 4067.137 4052.419 4045.730 4054.524 4054.914 4061.432 4058.079 4059.152 4057.004 4056.688 4055.504 4051.461 4065.518 4071.621 4084.486 4094.249 4104.236 4109.998 4113.535 4115.506 4112.613 4119.901 4125.886 4139.534 4150.767 4163.903 4183.696 4200.548 4219.362 4241.725 4264.904 4288.878 4314.903 4343.476 4368.471 4385.912 4392.055 4401.096 4401.273 4388.492 4398.861 4411.226 4421.065 4442.723 4464.633 4484.662 4524.400 4573.002 4625.769 4666.789 4717.683 4750.425 4779.100 4803.533
4119.477 4089.924 4062.328 4043.390 4040.195 4028.979 4019.088 4008.305 3995.113 3990.478 3999.104 3996.698 3993.151 3989.597 3992.208 3996.046 3995.929 3995.162 3999.018 4011.690 4016.222 4021.598 4029.948 4041.346 4053.878 4057.560 4062.143 4067.682 4074.779 4078.159 4081.776 4092.240 4104.487 4116.953 4132.915 4151.069 4170.096 4192.925 4217.216 4243.328 4270.818 4299.690 4322.952 4331.631 4341.658 4342.892 4335.027 4328.588 4330.630 4342.887 4348.759 4365.279 4388.522 4396.217 4434.053 4485.467 4528.195 4567.419 4605.813 4656.245 4687.768 4717.110
4056.699 4027.639 4008.271 3994.968 3983.927 3972.832 3961.955 3949.765 3944.312 3946.578 3943.641 3941.324 3938.419 3941.122 3944.681 3949.252 3949.801 3951.290 3954.534 3959.042 3966.120 3975.852 3986.722 3999.432 4015.895 4021.492 4026.644 4033.356 4036.809 4040.870 4045.244 4056.440 4068.832 4081.071 4098.444 4117.082 4136.487 4159.829 4186.934 4218.526 4246.935 4275.302 4302.083 4312.965 4317.553 4316.862 4310.383 4296.310 4293.401 4302.762 4303.455 4312.455 4330.886 4337.816 4360.089 4398.984 4426.433 4463.596 4507.215 4567.715 4601.871 4637.723
3986.324 3968.224 3954.095 3935.186 3920.725 3909.445 3901.256 3897.499 3897.657 3895.123 3893.694 3892.144 3889.370 3889.957 3894.121 3897.824 3900.620 3903.794 3908.852 3916.112 3925.393 3933.281 3945.206 3960.335 3976.440 3984.619 3990.705 3997.593 4003.022 4007.980 4011.964 4021.942 4034.163 4044.243 4061.740 4081.351 4102.207 4128.748 4159.699 4192.056 4220.237 4247.452 4277.043 4282.493 4285.135 4286.591 4272.212 4259.165 4251.755 4254.119 4256.845 4256.785 4267.606 4279.003 4295.115 4315.819 4343.520 4381.046 4433.207 4482.427 4521.618 4554.139
