examples/3D/Borden05m/output-maps-METEOIO-OFF/psiliqL0001N0004.asc
ncols         160
nrows         34
xllcorner     620200.000000
yllcorner     5168000.000000
cellsize      0.500000
NODATA_value  -9999.0
[rows 0 to 27 of 34, columns 0 to 62 of 160]
-9999.000 -9999.000 -9999.000 -9999.000 -9999.000 -9999.000 -9999.000 -9999.000 -9999.000 -9999.000 -9999.000 -9999.000 -9999.000 -9999.000 -9999.000 -9999.000 -9999.000 -9999.000 -9999.000 -9999.000 -9999.000 -9999.000 -9999.000 -9999.000 -9999.000 -9999.000 -9999.000 -9999.000 -9999.000 -9999.000 -9999.000 -9999.000 -9999.000 -9999.000 -9999.000 -9999.000 -9999.000 -9999.000 -9999.000 -9999.000 -9999.000 -9999.000 -9999.000 -9999.000 -9999.000 -9999.000 -9999.000 -9999.000 -9999.000 -9999.000 -9999.000 -9999.000 -9999.000 -9999.000 -9999.000 -9999.000 -9999.000 -9999.000 -9999.000 -9999.000 -9999.000 -9999.000 -9999.000
-9999.000 -9999.000 -9999.000 -9999.000 -9999.000 -9999.000 -9999.000 -9999.000 -9999.000 -9999.000 -9999.000 -9999.000 -9999.000 -9999.000 -9999.000 -9999.000 -9999.000 -9999.000 -9999.000 -9999.000 -9999.000 -9999.000 -9999.000 -9999.000 -9999.000 -9999.000 -9999.000 -9999.000 -9999.000 -9999.000 -9999.000 -9999.000 -9999.000 -9999.000 -9999.000 -9999.000 -9999.000 -9999.000 -9999.000 -9999.000 -9999.000 -9999.000 -9999.000 -9999.000 -9999.000 -9999.000 -9999.000 -9999.000 -9999.000 -9999.000 -9999.000 -9999.000 -9999.000 -9999.000 -9999.000 -9999.000 -9999.000 -9999.000 -9999.000 -601.186 -601.812 -602.367 -602.828
-9999.000 -9999.000 -9999.000 -9999.000 -9999.000 -9999.000 -9999.000 -9999.000 -9999.000 -9999.000 -9999.000 -9999.000 -9999.000 -9999.000 -9999.000 -9999.000 -9999.000 -9999.000 -9999.000 -9999.000 -9999.000 -9999.000 -9999.000 -9999.000 -9999.000 -9999.000 -9999.000 -9999.000 -9999.000 -9999.000 -9999.000 -9999.000 -9999.000 -9999.000 -9999.000 -9999.000 -9999.000 -9999.000 -9999.000 -9999.000 -9999.000 -9999.000 -9999.000 -9999.000 -9999.000 -9999.000 -9999.000 -609.775 -610.780 -611.834 -612.011 -610.632 -609.582 -608.347 -607.182 -606.002 -604.636 -602.884 -602.623 -604.082 -604.378 -604.626 -604.769
-9999.000 -9999.000 -9999.000 -9999.000 -9999.000 -9999.000 -9999.000 -9999.000 -9999.000 -9999.000 -9999.000 -9999.000 -9999.000 -9999.000 -9999.000 -9999.000 -9999.000 -9999.000 -9999.000 -9999.000 -9999.000 -9999.000 -9999.000 -9999.000 -9999.000 -9999.000 -9999.000 -9999.000 -9999.000 -9999.000 -9999.000 -9999.000 -9999.000 -9999.000 -9999.000 -9999.000 -9999.000 -9999.000 -9999.000 -9999.000 -607.652 -607.185 -606.892 -607.807 -608.471 -608.921 -610.010 -611.046 -611.953 -611.841 -611.719 -611.904 -610.669 -609.411 -608.472 -607.552 -606.209 -604.472 -604.301 -605.446 -606.273 -606.616 -606.608
-9999.000 -9999.000 -9999.000 -9999.000 -9999.000 -9999.000 -9999.000 -9999.000 -9999.000 -9999.000 -9999.000 -9999.000 -9999.000 -9999.000 -9999.000 -9999.000 -9999.000 -9999.000 -9999.000 -9999.000 -9999.000 -9999.000 -9999.000 -9999.000 -9999.000 -9999.000 -9999.000 -9999.000 -9999.000 -9999.000 -9999.000 -9999.000 -9999.000 -9999.000 -612.119 -611.195 -610.449 -609.636 -608.676 -608.460 -608.261 -607.759 -608.164 -608.363 -609.112 -610.230 -611.301 -611.978 -611.753 -611.960 -611.855 -611.199 -610.542 -609.890 -608.717 -607.093 -606.918 -606.164 -606.053 -606.528 -606.259 -606.055 -605.902
-9999.000 -9999.000 -9999.000 -9999.000 -9999.000 -9999.000 -9999.000 -9999.000 -9999.000 -9999.000 -9999.000 -9999.000 -9999.000 -9999.000 -9999.000 -9999.000 -9999.000 -9999.000 -9999.000 -9999.000 -9999.000 -9999.000 -9999.000 -9999.000 -9999.000 -9999.000 -9999.000 -9999.000 -611.539 -611.843 -612.100 -612.124 -612.180 -612.397 -612.207 -611.831 -611.036 -609.947 -609.392 -609.107 -608.800 -608.844 -609.307 -609.491 -609.196 -609.949 -610.425 -610.903 -611.715 -611.838 -611.297 -610.635 -609.861 -609.213 -608.518 -607.840 -607.099 -605.242 -604.586 -605.309 -605.886 -606.216 -606.165
-9999.000 -9999.000 -9999.000 -9999.000 -9999.000 -9999.000 -9999.000 -9999.000 -9999.000 -9999.000 -9999.000 -9999.000 -9999.000 -9999.000 -9999.000 -9999.000 -9999.000 -9999.000 -9999.000 -9999.000 -9999.000 -9999.000 -9999.000 -612.607 -612.290 -612.093 -611.776 -611.783 -612.189 -612.487 -612.637 -612.739 -612.927 -612.809 -612.578 -612.058 -611.505 -610.403 -610.275 -610.119 -609.284 -609.311 -608.905 -608.503 -608.741 -608.745 -609.710 -610.386 -609.736 -609.355 -609.144 -608.947 -608.262 -607.359 -606.219 -604.639 -602.734 -601.024 -598.970 -599.985 -600.983 -602.444 -602.370
-9999.000 -9999.000 -9999.000 -9999.000 -9999.000 -9999.000 -9999.000 -9999.000 -9999.000 -9999.000 -9999.000 -9999.000 -9999.000 -9999.000 -9999.000 -9999.000 -9999.000 -9999.000 -9999.000 -613.259 -613.254 -613.311 -613.138 -613.369 -613.413 -613.165 -612.795 -612.842 -613.005 -613.182 -613.116 -613.006 -612.945 -612.403 -611.821 -611.318 -610.922 -609.883 -609.187 -608.423 -607.221 -607.627 -608.155 -608.454 -608.432 -608.540 -607.928 -607.619 -607.346 -607.095 -606.710 -606.145 -605.545 -604.039 -602.302 -600.435 -598.474 -596.285 -593.474 -594.210 -596.126 -597.990 -597.977
-9999.000 -9999.000 -9999.000 -9999.000 -9999.000 -9999.000 -9999.000 -9999.000 -9999.000 -9999.000 -9999.000 -9999.000 -9999.000 -9999.000 -9999.000 -9999.000 -613.959 -613.902 -613.915 -613.937 -614.038 -613.920 -613.620 -613.786 -613.753 -613.525 -613.528 -613.217 -612.904 -612.563 -612.329 -612.406 -612.134 -611.892 -611.543 -610.953 -609.791 -608.565 -607.780 -606.736 -605.421 -605.688 -605.834 -605.754 -605.906 -605.325 -603.526 -603.239 -603.296 -601.099 -599.586 -599.322 -598.829 -596.780 -593.602 -589.159 -582.011 -575.719 -568.543 -565.239 -570.763 -571.892 -569.928
-9999.000 -9999.000 -9999.000 -9999.000 -9999.000 -9999.000 -9999.000 -9999.000 -9999.000 -9999.000 -9999.000 -9999.000 -9999.000 -614.790 -614.718 -614.501 -614.620 -614.721 -614.717 -614.819 -614.313 -614.377 -614.321 -614.104 -613.621 -613.446 -613.200 -612.764 -612.614 -612.467 -612.292 -612.222 -611.594 -610.894 -610.191 -609.104 -607.956 -606.771 -605.237 -604.288 -603.158 -602.945 -603.378 -603.383 -602.612 -600.586 -598.555 -597.118 -593.654 -589.703 -587.098 -584.147 -582.127 -579.243 -573.059 -555.129 -526.603 -497.905 -480.589 -466.263 -464.741 -462.093 -459.813
-9999.000 -9999.000 -9999.000 -9999.000 -9999.000 -9999.000 -9999.000 -9999.000 -9999.000 -9999.000 -615.705 -615.497 -615.672 -615.985 -616.060 -615.808 -615.484 -615.503 -615.328 -614.563 -614.012 -614.360 -613.740 -613.506 -613.535 -613.223 -612.761 -612.422 -611.623 -611.174 -610.723 -609.449 -608.698 -607.854 -606.824 -605.583 -604.165 -601.265 -598.350 -597.094 -593.467 -590.929 -592.023 -592.288 -591.356 -588.105 -582.488 -573.524 -562.963 -545.944 -527.514 -513.507 -502.475 -489.524 -474.788 -453.523 -427.084 -403.546 -380.888 -367.553 -362.398 -360.522 -357.475
-9999.000 -9999.000 -9999.000 -9999.000 -9999.000 -9999.000 -9999.000 -9999.000 -616.391 -616.069 -615.845 -616.047 -616.215 -616.654 -616.341 -616.015 -615.721 -615.303 -614.958 -614.557 -614.443 -613.867 -613.157 -612.959 -612.575 -611.954 -611.559 -610.803 -609.757 -609.270 -608.201 -606.905 -605.612 -604.344 -602.908 -601.474 -598.202 -593.608 -588.081 -582.478 -574.288 -563.284 -562.350 -560.122 -557.014 -538.278 -508.902 -478.242 -455.393 -435.100 -413.145 -400.682 -392.148 -381.354 -368.111 -356.840 -338.547 -313.346 -286.543 -267.581 -257.234 -254.773 -249.849
-9999.000 -9999.000 -9999.000 -9999.000 -9999.000 -9999.000 -616.878 -616.253 -615.833 -616.393 -616.837 -616.894 -617.149 -616.385 -615.682 -615.445 -615.146 -614.780 -614.484 -614.612 -613.007 -612.811 -612.554 -611.680 -611.228 -610.728 -609.914 -608.565 -607.342 -604.656 -602.020 -599.315 -596.130 -593.596 -590.897 -587.524 -579.902 -566.206 -543.934 -516.111 -488.154 -463.353 -454.701 -450.460 -444.577 -432.890 -410.968 -387.131 -358.787 -331.419 -310.593 -300.913 -292.040 -281.856 -269.596 -257.081 -244.326 -222.301 -199.026 -175.152 -157.939 -150.456 -139.818
-9999.000 -9999.000 -9999.000 -9999.000 -617.074 -616.769 -616.596 -615.868 -615.276 -615.967 -615.468 -615.546 -615.690 -615.907 -616.168 -615.660 -615.269 -614.850 -614.558 -612.936 -611.214 -611.096 -609.665 -607.605 -607.105 -606.216 -605.346 -603.619 -600.810 -596.950 -589.282 -580.178 -571.586 -560.980 -548.560 -529.158 -498.410 -465.968 -440.594 -414.920 -390.543 -370.868 -358.003 -351.337 -341.941 -330.317 -314.362 -291.419 -265.445 -235.712 -211.761 -196.916 -188.959 -179.076 -167.109 -151.727 -133.541 -118.740 -101.311 -79.635 -64.065 -52.886 -38.215
-9999.000 -9999.000 -9999.000 -617.701 -616.935 -616.455 -616.389 -615.893 -615.073 -615.249 -615.087 -614.998 -614.851 -614.577 -614.354 -613.903 -613.588 -613.388 -612.713 -611.233 -609.793 -607.704 -605.645 -603.184 -600.905 -599.446 -597.770 -594.634 -587.581 -576.852 -552.864 -509.241 -473.962 -454.625 -441.727 -423.902 -406.420 -380.369 -353.139 -326.424 -299.386 -276.852 -257.224 -248.425 -240.912 -232.537 -215.976 -195.939 -174.175 -142.593 -115.587 -95.988 -84.704 -76.667 -61.427 -41.647 7.731 18.228 27.542 28.000 28.179 27.556 29.468
-9999.000 -9999.000 -617.913 -617.407 -617.359 -616.600 -615.576 -615.312 -614.098 -613.364 -613.632 -612.791 -612.105 -612.114 -611.331 -610.566 -609.990 -610.237 -610.011 -607.906 -603.541 -598.568 -594.064 -581.785 -571.674 -563.929 -558.742 -543.966 -516.476 -475.112 -440.457 -404.374 -372.281 -346.317 -335.227 -321.794 -301.861 -283.313 -256.163 -229.235 -203.248 -178.962 -155.206 -138.918 -132.364 -118.671 -99.466 -78.419 -53.183 4.579 20.879 21.415 21.151 21.450 21.233 21.496 21.634 21.278 19.375 13.720 8.504 8.506 11.969
-9999.000 -9999.000 -618.322 -617.609 -617.691 -616.305 -614.664 -614.666 -613.451 -611.496 -611.002 -609.934 -609.138 -608.023 -606.474 -604.330 -604.662 -604.566 -605.392 -599.700 -592.006 -575.279 -530.756 -481.575 -453.689 -448.846 -445.300 -432.905 -413.601 -377.696 -334.194 -290.543 -251.578 -225.153 -211.984 -198.458 -178.670 -155.386 -138.393 -108.240 -89.979 -69.268 -41.963 15.563 20.907 21.207 20.878 21.146 21.111 21.064 20.821 17.554 16.869 17.101 18.150 13.502 7.520 -37.558 -49.096 -57.585 -63.956 -65.574 -62.766
-9999.000 -618.662 -618.325 -618.166 -617.088 -616.583 -614.910 -612.276 -610.752 -608.782 -607.262 -606.586 -600.578 -593.817 -589.817 -582.881 -584.614 -586.175 -588.691 -578.556 -552.045 -478.057 -392.940 -348.486 -325.113 -321.459 -324.094 -311.422 -289.151 -257.014 -204.818 -158.321 -116.633 -87.114 -76.864 -72.605 -52.283 7.781 23.675 25.304 25.718 25.425 21.319 21.106 21.422 20.972 18.280 12.378 5.006 -40.427 -51.412 -58.136 -56.643 -53.970 -53.119 -60.677 -70.618 -85.421 -96.308 -104.659 -111.170 -115.389 -117.538
-9999.000 -619.407 -618.570 -617.715 -617.299 -616.905 -613.810 -608.060 -606.753 -604.757 -602.551 -595.936 -575.331 -543.047 -512.979 -481.838 -482.546 -491.963 -490.054 -464.566 -427.496 -368.039 -268.330 -202.780 -205.592 -199.432 -192.574 -172.581 -145.987 -119.349 -85.878 12.077 14.623 14.697 14.743 14.602 14.640 14.761 11.403 8.189 4.469 -4.146 6.812 6.749 4.447 -39.511 -52.639 -63.472 -72.770 -85.570 -92.635 -97.831 -100.141 -100.022 -104.141 -110.421 -120.307 -131.826 -142.177 -152.672 -162.826 -168.278 -167.590
-9999.000 -618.862 -617.881 -617.722 -618.142 -615.533 -612.738 -606.678 -599.260 -595.927 -585.167 -543.128 -474.668 -422.638 -389.876 -371.473 -359.417 -361.078 -344.314 -305.758 -248.329 -175.730 -132.181 -88.555 -98.730 -106.215 -108.645 -108.006 -104.857 -98.339 -85.360 -60.491 4.054 6.122 4.767 -44.853 -56.522 -65.036 -69.845 -72.411 -75.426 -76.145 -72.531 -72.614 -77.524 -89.393 -98.450 -107.044 -115.612 -125.251 -131.142 -136.236 -139.054 -143.490 -148.403 -154.306 -166.234 -179.007 -192.138 -203.731 -214.987 -225.248 -224.254
-9999.000 -619.885 -618.521 -619.678 -617.409 -614.352 -611.817 -601.367 -582.850 -566.996 -496.287 -432.940 -369.058 -322.834 -287.660 -250.618 -226.301 -202.356 -173.566 -147.217 -99.755 11.157 11.527 11.285 -88.376 -105.673 -117.425 -135.560 -143.167 -144.894 -135.222 -116.174 -95.892 -85.462 -87.921 -95.515 -99.871 -104.556 -107.996 -115.254 -122.187 -127.016 -127.637 -122.710 -129.269 -135.823 -143.695 -152.748 -162.253 -171.198 -179.379 -186.515 -189.737 -195.344 -196.605 -202.932 -226.514 -242.888 -256.690 -270.378 -284.591 -302.910 -304.084
-9999.000 -620.198 -619.800 -619.025 -617.347 -614.857 -609.834 -596.316 -550.248 -476.165 -416.154 -383.060 -330.316 -272.081 -214.935 -185.439 -170.774 -166.912 -161.259 -159.312 -174.020 -161.437 -142.960 -125.801 -134.595 -140.193 -152.346 -163.959 -168.947 -166.618 -162.466 -156.017 -150.026 -148.138 -150.885 -151.683 -149.248 -154.829 -161.548 -167.938 -173.703 -180.672 -185.547 -188.147 -191.114 -192.709 -200.599 -210.976 -221.213 -229.185 -236.956 -242.986 -244.850 -248.811 -253.886 -262.904 -286.906 -309.627 -327.434 -345.707 -373.226 -384.335 -391.070
-9999.000 -621.469 -619.166 -619.274 -618.197 -617.062 -614.785 -607.292 -588.590 -488.289 -359.134 -345.323 -327.467 -294.845 -240.295 -191.899 -187.016 -216.575 -239.749 -251.627 -248.224 -234.693 -218.306 -199.345 -189.366 -185.288 -187.801 -196.289 -207.581 -212.162 -212.787 -216.477 -219.070 -217.866 -219.552 -215.513 -212.568 -221.188 -232.208 -245.097 -256.402 -264.802 -267.761 -267.404 -268.245 -271.258 -278.211 -287.340 -298.315 -308.019 -315.446 -320.437 -325.317 -332.032 -339.559 -347.795 -368.466 -385.963 -403.290 -426.915 -456.894 -477.736 -487.532
-9999.000 -9999.000 -620.484 -619.128 -619.028 -618.248 -616.810 -612.496 -604.171 -569.052 -491.384 -440.548 -408.804 -377.550 -331.437 -292.478 -287.607 -283.367 -309.123 -311.185 -307.695 -301.619 -290.236 -277.120 -265.588 -258.768 -255.115 -256.820 -264.763 -276.968 -290.475 -300.382 -306.492 -310.906 -304.567 -295.296 -296.324 -301.958 -311.592 -324.384 -335.165 -345.951 -348.692 -347.652 -347.614 -350.109 -354.573 -364.905 -375.319 -385.901 -390.732 -395.410 -400.061 -408.269 -416.504 -425.813 -442.436 -458.858 -479.352 -517.173 -552.771 -573.550 -582.829
-9999.000 -9999.000 -621.608 -619.633 -618.929 -617.988 -617.571 -616.290 -610.971 -604.352 -592.979 -572.386 -541.956 -500.096 -467.515 -436.193 -422.617 -416.121 -416.357 -410.311 -396.409 -382.709 -372.476 -361.700 -351.054 -342.331 -334.835 -342.927 -351.464 -364.102 -379.331 -395.624 -404.076 -408.994 -405.275 -398.936 -402.445 -410.098 -420.431 -432.298 -440.986 -449.206 -451.448 -452.133 -452.169 -453.722 -455.885 -462.792 -472.529 -480.769 -487.980 -494.569 -498.706 -506.835 -517.166 -525.690 -542.698 -559.236 -571.821 -582.348 -590.773 -595.518 -599.246
-9999.000 -9999.000 -9999.000 -621.406 -620.376 -619.172 -618.770 -619.119 -617.984 -615.577 -612.609 -607.988 -603.387 -597.993 -590.120 -577.535 -567.963 -563.235 -560.549 -536.834 -517.370 -488.182 -467.045 -459.159 -450.440 -441.425 -438.589 -444.818 -450.693 -460.324 -475.992 -496.129 -509.410 -510.233 -510.210 -507.832 -512.998 -518.819 -530.067 -541.493 -551.313 -557.912 -560.423 -562.566 -563.770 -565.447 -567.177 -570.460 -574.051 -577.097 -579.516 -580.457 -581.349 -582.739 -584.427 -585.913 -588.147 -592.679 -596.244 -599.557 -602.643 -605.228 -607.415
-9999.000 -9999.000 -9999.000 -9999.000 -9999.000 -622.096 -619.438 -619.088 -619.005 -618.958 -618.174 -615.931 -615.192 -613.907 -611.880 -610.018 -608.368 -606.086 -602.458 -598.133 -592.211 -585.984 -577.220 -567.925 -561.544 -554.191 -551.297 -556.679 -561.885 -568.840 -577.451 -584.219 -585.522 -585.417 -585.308 -585.592 -586.727 -587.772 -589.195 -591.623 -593.696 -594.457 -594.988 -595.523 -596.065 -596.514 -596.941 -597.319 -598.420 -599.397 -599.221 -599.507 -599.758 -599.957 -600.625 -601.255 -601.847 -604.250 -606.008 -606.737 -608.817 -610.388 -611.010
-9999.000 -9999.000 -9999.000 -9999.000 -9999.000 -9999.000 -622.074 -620.865 -619.438 -619.230 -618.655 -617.932 -618.348 -617.586 -616.844 -615.929 -614.528 -613.679 -612.369 -610.671 -608.494 -606.502 -603.766 -600.440 -599.207 -597.883 -596.331 -597.761 -598.847 -599.751 -602.497 -602.727 -603.314 -603.230 -603.246 -603.184 -603.640 -604.109 -604.476 -605.572 -605.882 -606.321 -606.588 -606.848 -607.100 -607.291 -607.418 -607.513 -608.071 -607.892 -607.841 -608.004 -608.146 -608.225 -608.543 -609.026 -609.354 -610.292 -610.834 -611.351 -612.590 -613.067 -613.596
