examples/3D/Borden05m/output-maps-METEOIO-OFF/psiliqL0008N0003.asc
ncols         160
nrows         34
xllcorner     620200.000000
yllcorner     5168000.000000
cellsize      0.500000
NODATA_value  -9999.0
[rows 0 to 27 of 34, columns 0 to 64 of 160]
-9999.000 -9999.000 -9999.000 -9999.000 -9999.000 -9999.000 -9999.000 -9999.000 -9999.000 -9999.000 -9999.000 -9999.000 -9999.000 -9999.000 -9999.000 -9999.000 -9999.000 -9999.000 -9999.000 -9999.000 -9999.000 -9999.000 -9999.000 -9999.000 -9999.000 -9999.000 -9999.000 -9999.000 -9999.000 -9999.000 -9999.000 -9999.000 -9999.000 -9999.000 -9999.000 -9999.000 -9999.000 -9999.000 -9999.000 -9999.000 -9999.000 -9999.000 -9999.000 -9999.000 -9999.000 -9999.000 -9999.000 -9999.000 -9999.000 -9999.000 -9999.000 -9999.000 -9999.000 -9999.000 -9999.000 -9999.000 -9999.000 -9999.000 -9999.000 -9999.000 -9999.000 -9999.000 -9999.000 -9999.000 -9999.000
-9999.000 -9999.000 -9999.000 -9999.000 -9999.000 -9999.000 -9999.000 -9999.000 -9999.000 -9999.000 -9999.000 -9999.000 -9999.000 -9999.000 -9999.000 -9999.000 -9999.000 -9999.000 -9999.000 -9999.000 -9999.000 -9999.000 -9999.000 -9999.000 -9999.000 -9999.000 -9999.000 -9999.000 -9999.000 -9999.000 -9999.000 -9999.000 -9999.000 -9999.000 -9999.000 -9999.000 -9999.000 -9999.000 -9999.000 -9999.000 -9999.000 -9999.000 -9999.000 -9999.000 -9999.000 -9999.000 -9999.000 -9999.000 -9999.000 -9999.000 -9999.000 -9999.000 -9999.000 -9999.000 -9999.000 -9999.000 -9999.000 -9999.000 -9999.000 -187.355 -193.016 -198.575 -203.816 -213.154 -222.621
-9999.000 -9999.000 -9999.000 -9999.000 -9999.000 -9999.000 -9999.000 -9999.000 -9999.000 -9999.000 -9999.000 -9999.000 -9999.000 -9999.000 -9999.000 -9999.000 -9999.000 -9999.000 -9999.000 -9999.000 -9999.000 -9999.000 -9999.000 -9999.000 -9999.000 -9999.000 -9999.000 -9999.000 -9999.000 -9999.000 -9999.000 -9999.000 -9999.000 -9999.000 -9999.000 -9999.000 -9999.000 -9999.000 -9999.000 -9999.000 -9999.000 -9999.000 -9999.000 -9999.000 -9999.000 -9999.000 -9999.000 -316.213 -333.850 -350.851 -352.536 -329.625 -306.342 -282.844 -262.535 -244.003 -225.066 -205.446 -202.113 -212.972 -217.890 -221.367 -223.744 -229.103 -238.119
-9999.000 -9999.000 -9999.000 -9999.000 -9999.000 -9999.000 -9999.000 -9999.000 -9999.000 -9999.000 -9999.000 -9999.000 -9999.000 -9999.000 -9999.000 -9999.000 -9999.000 -9999.000 -9999.000 -9999.000 -9999.000 -9999.000 -9999.000 -9999.000 -9999.000 -9999.000 -9999.000 -9999.000 -9999.000 -9999.000 -9999.000 -9999.000 -9999.000 -9999.000 -9999.000 -9999.000 -9999.000 -9999.000 -9999.000 -9999.000 -268.551 -262.756 -261.184 -272.207 -283.669 -295.567 -315.570 -333.614 -349.482 -352.573 -350.107 -344.312 -321.196 -297.138 -277.890 -260.619 -241.606 -221.705 -218.861 -229.908 -238.568 -243.068 -243.184 -241.205 -245.104
-9999.000 -9999.000 -9999.000 -9999.000 -9999.000 -9999.000 -9999.000 -9999.000 -9999.000 -9999.000 -9999.000 -9999.000 -9999.000 -9999.000 -9999.000 -9999.000 -9999.000 -9999.000 -9999.000 -9999.000 -9999.000 -9999.000 -9999.000 -9999.000 -9999.000 -9999.000 -9999.000 -9999.000 -9999.000 -9999.000 -9999.000 -9999.000 -9999.000 -9999.000 -360.542 -342.898 -324.839 -306.676 -290.267 -283.814 -277.983 -272.250 -276.388 -281.406 -292.904 -311.575 -331.529 -346.119 -349.072 -351.912 -347.620 -334.502 -317.963 -301.656 -280.933 -258.084 -249.074 -237.047 -234.072 -239.327 -238.610 -237.365 -236.028 -237.781 -240.852
-9999.000 -9999.000 -9999.000 -9999.000 -9999.000 -9999.000 -9999.000 -9999.000 -9999.000 -9999.000 -9999.000 -9999.000 -9999.000 -9999.000 -9999.000 -9999.000 -9999.000 -9999.000 -9999.000 -9999.000 -9999.000 -9999.000 -9999.000 -9999.000 -9999.000 -9999.000 -9999.000 -9999.000 -355.615 -361.695 -367.109 -368.853 -370.388 -371.805 -364.882 -352.495 -334.164 -312.844 -300.280 -293.343 -287.025 -286.393 -291.370 -293.818 -293.909 -305.784 -317.637 -328.773 -339.478 -340.811 -331.388 -317.763 -302.017 -287.516 -272.463 -259.365 -244.028 -222.530 -214.011 -220.281 -226.333 -230.144 -229.701 -229.369 -225.535
-9999.000 -9999.000 -9999.000 -9999.000 -9999.000 -9999.000 -9999.000 -9999.000 -9999.000 -9999.000 -9999.000 -9999.000 -9999.000 -9999.000 -9999.000 -9999.000 -9999.000 -9999.000 -9999.000 -9999.000 -9999.000 -9999.000 -9999.000 -384.713 -378.649 -372.282 -365.101 -364.413 -368.936 -374.889 -378.381 -380.245 -382.055 -377.881 -369.523 -355.851 -339.987 -318.565 -310.167 -303.653 -291.398 -289.501 -285.159 -281.476 -283.608 -286.486 -298.540 -307.454 -301.768 -295.705 -289.561 -282.376 -269.629 -254.055 -236.183 -215.207 -193.024 -172.875 -155.766 -161.719 -170.753 -182.354 -182.010 -178.020 -168.820
-9999.000 -9999.000 -9999.000 -9999.000 -9999.000 -9999.000 -9999.000 -9999.000 -9999.000 -9999.000 -9999.000 -9999.000 -9999.000 -9999.000 -9999.000 -9999.000 -9999.000 -9999.000 -9999.000 -409.470 -408.785 -407.987 -403.592 -402.708 -400.603 -393.739 -385.766 -383.944 -385.743 -387.721 -386.451 -384.056 -380.137 -368.742 -354.981 -340.936 -326.861 -306.196 -291.653 -277.871 -261.929 -263.686 -268.529 -271.079 -270.955 -270.501 -264.320 -260.530 -254.870 -248.816 -241.671 -232.809 -222.025 -203.132 -181.954 -160.160 -138.950 -118.151 -97.794 -100.771 -112.578 -125.453 -125.022 -115.571 -104.383
-9999.000 -9999.000 -9999.000 -9999.000 -9999.000 -9999.000 -9999.000 -9999.000 -9999.000 -9999.000 -9999.000 -9999.000 -9999.000 -9999.000 -9999.000 -9999.000 -437.649 -435.940 -434.052 -428.879 -426.661 -422.945 -416.319 -415.532 -411.888 -405.012 -400.224 -391.961 -384.384 -377.267 -371.576 -369.130 -361.534 -351.983 -340.168 -324.544 -302.710 -280.232 -264.077 -247.548 -230.898 -230.826 -232.303 -231.455 -230.684 -222.361 -203.597 -196.751 -192.376 -172.252 -156.865 -150.553 -142.361 -122.844 -96.478 -65.773 -28.352 -0.679 24.251 30.793 15.510 10.168 16.302 30.210 39.198
-9999.000 -9999.000 -9999.000 -9999.000 -9999.000 -9999.000 -9999.000 -9999.000 -9999.000 -9999.000 -9999.000 -9999.000 -9999.000 -481.665 -477.642 -468.712 -460.877 -458.938 -455.348 -449.974 -438.072 -434.861 -428.908 -421.525 -410.432 -402.189 -393.164 -381.573 -373.270 -366.245 -359.270 -352.664 -338.935 -323.544 -307.605 -287.345 -265.765 -244.466 -222.992 -207.585 -192.854 -188.858 -190.673 -188.917 -180.075 -160.394 -139.282 -124.169 -99.210 -71.924 -54.249 -38.351 -26.695 -11.000 14.773 58.658 102.663 136.293 155.264 171.601 170.633 173.326 177.085 183.932 189.834
-9999.000 -9999.000 -9999.000 -9999.000 -9999.000 -9999.000 -9999.000 -9999.000 -9999.000 -9999.000 -516.886 -514.377 -518.016 -517.295 -512.962 -501.395 -488.575 -481.916 -471.068 -450.877 -434.115 -430.934 -416.297 -406.636 -400.350 -389.818 -376.811 -363.856 -346.523 -333.887 -321.144 -300.308 -283.825 -267.423 -249.664 -229.662 -207.802 -176.176 -146.934 -130.582 -103.815 -87.264 -89.453 -88.452 -78.861 -57.449 -28.164 5.368 35.365 68.785 94.381 112.126 125.384 140.394 158.298 191.507 230.534 261.161 286.932 302.297 307.058 309.455 312.692 319.197 325.153
-9999.000 -9999.000 -9999.000 -9999.000 -9999.000 -9999.000 -9999.000 -9999.000 -540.639 -534.020 -527.857 -531.112 -536.119 -539.515 -526.868 -511.363 -495.762 -479.177 -463.579 -446.101 -430.689 -414.248 -395.179 -383.503 -371.760 -356.708 -343.084 -325.089 -303.729 -288.697 -269.134 -246.733 -226.502 -207.681 -188.231 -168.261 -136.640 -98.016 -59.986 -28.905 5.475 36.259 39.620 45.162 53.122 84.829 120.636 155.547 185.730 215.236 244.784 261.702 272.592 285.587 301.189 316.771 340.099 367.923 396.736 415.968 425.659 427.814 431.891 439.743 447.313
-9999.000 -9999.000 -9999.000 -9999.000 -9999.000 -9999.000 -565.959 -542.021 -527.510 -535.506 -543.642 -547.146 -550.793 -532.313 -511.375 -494.943 -478.674 -461.766 -445.848 -431.134 -395.805 -379.698 -364.708 -344.760 -330.867 -316.935 -299.544 -275.653 -251.788 -217.659 -185.519 -155.835 -126.266 -103.208 -80.957 -56.824 -18.014 28.670 74.549 111.670 143.957 175.785 186.541 193.233 202.089 220.971 250.704 280.271 313.286 344.106 368.065 379.152 389.168 400.503 414.037 427.013 439.948 463.066 487.510 511.534 528.892 535.887 545.037 551.111 562.087
-9999.000 -9999.000 -9999.000 -9999.000 -599.057 -578.272 -557.813 -527.138 -504.752 -510.456 -503.310 -502.939 -504.400 -502.358 -497.104 -479.587 -462.347 -444.950 -426.291 -388.017 -346.358 -329.433 -302.166 -269.615 -255.189 -239.900 -223.793 -199.324 -167.131 -127.754 -74.175 -26.377 7.765 37.998 65.116 94.299 131.728 172.328 210.332 245.256 275.556 299.875 313.967 321.537 332.264 346.211 364.819 389.930 418.080 448.511 472.861 487.409 495.703 506.544 518.959 533.529 546.139 560.410 578.561 602.316 619.699 631.877 644.258 650.727 662.357
-9999.000 -9999.000 -9999.000 -645.470 -607.184 -570.655 -543.260 -512.487 -481.182 -474.813 -466.816 -460.348 -453.665 -444.853 -434.802 -418.765 -405.148 -392.997 -372.125 -335.085 -298.190 -262.680 -228.439 -195.332 -169.850 -151.878 -132.658 -104.538 -58.722 -10.092 52.104 114.344 156.889 184.290 205.655 231.677 255.432 288.540 321.235 352.055 382.035 406.313 426.068 433.771 441.484 449.664 465.940 486.256 507.360 535.567 562.708 584.087 596.698 606.276 623.225 641.576 653.927 665.846 670.777 674.417 676.753 678.820 682.371 685.375 685.811
-9999.000 -9999.000 -691.621 -654.956 -619.596 -567.785 -515.461 -482.296 -441.586 -416.224 -408.975 -389.945 -372.604 -363.788 -346.425 -328.832 -315.941 -312.877 -300.371 -263.327 -206.775 -152.736 -113.512 -50.505 -11.157 16.821 35.058 65.676 104.124 152.485 203.276 252.015 290.521 320.640 334.838 351.290 372.812 393.517 423.427 451.433 479.894 505.657 528.981 538.407 543.284 557.119 577.667 599.766 622.332 645.577 659.238 664.137 666.768 669.097 672.513 675.483 676.735 676.405 673.464 666.075 659.461 658.559 662.539 669.277 670.642
-9999.000 -9999.000 -716.289 -672.552 -629.412 -558.701 -483.656 -445.902 -402.585 -358.075 -338.531 -314.343 -293.946 -274.260 -249.334 -224.315 -219.434 -216.226 -215.923 -158.117 -92.157 -17.388 63.579 130.428 173.010 185.251 194.525 214.043 239.652 282.644 330.917 379.244 420.517 448.684 462.873 477.864 496.946 515.593 533.026 566.497 588.521 612.325 639.268 658.960 666.276 667.511 663.610 667.003 669.980 671.945 671.431 667.777 667.307 668.949 671.348 666.350 659.510 652.335 645.449 634.155 625.548 622.591 624.640 627.597 624.496
-9999.000 -802.161 -750.460 -696.091 -625.149 -555.224 -468.254 -386.612 -336.585 -294.002 -264.361 -242.025 -183.816 -129.796 -99.008 -66.501 -67.246 -68.251 -75.039 -26.151 39.673 134.932 248.913 303.129 336.345 340.597 337.683 351.665 376.566 415.125 472.674 513.710 557.230 589.440 600.982 605.737 622.149 643.337 651.676 661.953 666.770 671.589 671.788 673.571 674.221 673.585 668.766 661.523 653.190 646.269 638.220 631.569 633.798 638.622 642.408 633.085 623.340 614.179 604.720 594.622 586.244 580.722 577.805 575.345 569.451
-9999.000 -835.881 -775.465 -702.644 -630.231 -551.193 -436.738 -308.452 -261.317 -225.068 -191.041 -137.159 -40.142 37.668 81.254 125.360 124.567 114.500 112.368 147.598 201.317 273.628 393.452 471.762 486.709 498.819 507.311 529.889 559.281 586.888 612.362 632.214 645.581 651.516 653.638 654.477 655.602 656.897 654.993 652.259 648.590 649.672 654.181 654.394 651.453 646.755 636.587 625.993 618.361 611.649 605.854 600.941 599.164 600.422 597.664 590.746 580.500 569.795 559.334 547.614 536.051 529.328 529.543 522.757 516.535
-9999.000 -859.071 -790.282 -724.171 -648.785 -521.520 -399.076 -269.791 -178.411 -134.553 -75.572 25.853 129.468 216.227 264.372 291.165 304.869 298.898 312.928 354.378 413.400 484.184 544.042 605.473 620.956 624.880 617.374 621.615 626.320 628.542 631.482 634.775 641.515 644.926 644.023 640.056 631.534 622.123 616.768 613.872 610.961 611.264 614.423 615.151 612.168 606.699 599.015 590.768 582.928 574.801 569.367 564.433 562.004 557.974 553.806 547.610 534.490 521.124 507.222 494.472 481.833 469.582 469.870 466.109 459.104
-9999.000 -943.931 -860.838 -797.712 -659.511 -495.084 -370.882 -214.708 -73.221 -9.574 95.855 204.090 294.961 357.612 400.813 447.521 483.064 510.874 540.520 538.221 580.709 611.276 621.940 628.628 626.651 626.902 614.881 594.125 583.627 577.834 581.029 589.918 596.959 603.324 601.327 600.375 597.150 591.853 587.651 579.822 572.691 567.790 566.929 572.266 566.872 562.340 555.041 546.065 536.739 528.282 520.188 513.152 510.192 504.854 503.682 496.560 471.181 453.320 437.977 422.118 404.229 384.055 381.535 374.426 359.437
-9999.000 -1024.572 -945.390 -838.528 -684.456 -520.861 -370.876 -195.555 7.434 128.824 233.063 289.257 355.550 419.657 484.810 530.666 564.548 575.484 572.218 564.716 535.246 528.665 544.016 567.310 577.604 579.954 568.349 555.445 548.134 547.653 547.811 548.704 549.060 548.094 544.979 545.633 548.400 542.014 534.211 526.982 520.619 513.296 508.387 505.740 503.732 502.898 495.184 484.733 474.309 466.211 458.415 452.506 450.415 446.145 440.045 429.684 403.865 378.954 358.219 334.890 300.023 285.221 275.926 265.146 232.312
-9999.000 -1109.546 -995.637 -891.078 -752.974 -611.924 -472.289 -299.520 -129.233 96.856 267.776 320.381 350.630 396.391 458.076 520.332 534.400 508.644 479.985 459.894 458.048 465.107 478.349 498.261 513.747 521.301 520.071 510.929 497.668 490.361 486.548 479.528 474.301 474.106 473.157 478.338 480.777 471.662 459.677 445.486 433.138 423.975 421.149 422.020 421.652 418.560 411.666 401.922 390.182 379.502 371.867 366.528 360.723 352.532 343.266 332.708 308.513 286.825 263.639 229.768 186.023 152.314 136.713 99.770 61.166
-9999.000 -9999.000 -1064.145 -951.587 -834.435 -704.693 -573.706 -414.308 -253.616 -51.504 80.350 181.307 237.471 280.378 334.219 384.354 398.764 410.232 386.479 383.789 385.762 389.667 399.209 411.414 423.890 432.117 437.128 434.898 426.048 411.570 395.159 382.855 375.503 370.064 377.594 387.739 385.869 379.534 368.619 354.242 342.136 329.784 326.473 327.242 327.279 324.495 319.695 307.712 295.439 283.359 277.602 271.744 266.073 255.670 244.604 231.703 208.421 182.990 154.269 109.177 58.290 6.385 -36.356 -74.115 -109.971
-9999.000 -9999.000 -1145.631 -1033.821 -911.517 -784.548 -674.718 -562.955 -400.354 -273.570 -165.246 -68.338 12.769 75.843 123.375 178.263 207.349 219.841 227.494 243.327 263.280 283.223 297.204 309.474 321.966 332.777 340.900 331.135 321.189 306.197 287.444 267.123 256.333 251.295 254.836 261.260 256.460 246.891 233.123 217.169 204.177 192.066 187.886 185.605 184.732 181.923 178.333 168.635 156.061 146.666 138.107 130.925 126.654 117.956 106.516 96.866 74.095 42.559 7.475 -34.289 -81.118 -118.297 -153.719 -186.922 -219.098
-9999.000 -9999.000 -9999.000 -1107.228 -1007.849 -919.167 -821.411 -742.441 -640.685 -524.169 -419.259 -318.308 -250.899 -194.843 -140.603 -87.327 -49.450 -26.824 -6.654 47.990 81.626 121.183 154.137 170.168 185.191 199.954 203.797 195.006 185.552 170.096 147.070 123.130 109.699 110.326 109.516 110.746 104.316 98.116 84.911 69.349 53.188 41.477 35.650 29.860 25.725 20.956 16.007 7.911 -2.592 -13.390 -21.798 -25.930 -30.510 -36.671 -45.279 -55.004 -69.165 -99.410 -128.795 -158.840 -193.280 -227.184 -258.741 -289.441 -319.452
-9999.000 -9999.000 -9999.000 -9999.000 -9999.000 -1068.399 -968.172 -876.734 -799.254 -727.024 -642.024 -542.319 -491.829 -440.200 -383.981 -338.322 -299.035 -258.540 -208.755 -163.990 -114.678 -76.409 -36.439 -0.900 17.083 33.340 40.509 30.539 19.147 2.174 -25.043 -48.210 -54.245 -54.839 -55.043 -57.580 -63.473 -69.899 -78.059 -92.999 -105.955 -112.403 -117.368 -122.065 -126.903 -131.050 -135.073 -139.061 -148.387 -155.692 -155.614 -158.747 -161.935 -165.131 -172.412 -180.740 -190.684 -216.609 -239.345 -255.863 -288.390 -316.978 -337.632 -367.341 -394.310
-9999.000 -9999.000 -9999.000 -9999.000 -9999.000 -9999.000 -1113.794 -1022.441 -947.125 -871.176 -788.579 -717.270 -685.338 -638.209 -586.820 -531.415 -473.219 -428.386 -385.264 -341.820 -297.318 -259.893 -222.216 -184.636 -167.945 -155.376 -143.257 -151.495 -161.172 -171.042 -191.582 -196.117 -202.685 -203.142 -203.829 -204.390 -209.982 -216.043 -221.790 -232.228 -237.662 -243.851 -248.320 -252.567 -256.965 -260.772 -263.652 -266.435 -272.224 -271.179 -271.012 -272.891 -275.369 -278.159 -284.820 -293.755 -302.573 -319.084 -333.623 -348.408 -373.685 -393.220 -413.590 -438.496 -457.483
