examples/3D/Borden05m/output-maps-METEOIO-OFF/psiliqL0028N0003.asc
ncols         160
nrows         34
xllcorner     620200.000000
yllcorner     5168000.000000
cellsize      0.500000
NODATA_value  -9999.0
[rows 0 to 27 of 34, columns 0 to 61 of 160]
-9999.000 -9999.000 -9999.000 -9999.000 -9999.000 -9999.000 -9999.000 -9999.000 -9999.000 -9999.000 -9999.000 -9999.000 -9999.000 -9999.000 -9999.000 -9999.000 -9999.000 -9999.000 -9999.000 -9999.000 -9999.000 -9999.000 -9999.000 -9999.000 -9999.000 -9999.000 -9999.000 -9999.000 -9999.000 -9999.000 -9999.000 -9999.000 -9999.000 -9999.000 -9999.000 -9999.000 -9999.000 -9999.000 -9999.000 -9999.000 -9999.000 -9999.000 -9999.000 -9999.000 -9999.000 -9999.000 -9999.000 -9999.000 -9999.000 -9999.000 -9999.000 -9999.000 -9999.000 -9999.000 -9999.000 -9999.000 -9999.000 -9999.000 -9999.000 -9999.000 -9999.000 -9999.000
-9999.000 -9999.000 -9999.000 -9999.000 -9999.000 -9999.000 -9999.000 -9999.000 -9999.000 -9999.000 -9999.000 -9999.000 -9999.000 -9999.000 -9999.000 -9999.000 -9999.000 -9999.000 -9999.000 -9999.000 -9999.000 -9999.000 -9999.000 -9999.000 -9999.000 -9999.000 -9999.000 -9999.000 -9999.000 -9999.000 -9999.000 -9999.000 -9999.000 -9999.000 -9999.000 -9999.000 -9999.000 -9999.000 -9999.000 -9999.000 -9999.000 -9999.000 -9999.000 -9999.000 -9999.000 -9999.000 -9999.000 -9999.000 -9999.000 -9999.000 -9999.000 -9999.000 -9999.000 -9999.000 -9999.000 -9999.000 -9999.000 -9999.000 -9999.000 3856.087 3851.012 3846.652
-9999.000 -9999.000 -9999.000 -9999.000 -9999.000 -9999.000 -9999.000 -9999.000 -9999.000 -9999.000 -9999.000 -9999.000 -9999.000 -9999.000 -9999.000 -9999.000 -9999.000 -9999.000 -9999.000 -9999.000 -9999.000 -9999.000 -9999.000 -9999.000 -9999.000 -9999.000 -9999.000 -9999.000 -9999.000 -9999.000 -9999.000 -9999.000 -9999.000 -9999.000 -9999.000 -9999.000 -9999.000 -9999.000 -9999.000 -9999.000 -9999.000 -9999.000 -9999.000 -9999.000 -9999.000 -9999.000 -9999.000 3724.162 3707.376 3694.925 3690.421 3711.874 3735.609 3760.164 3781.401 3800.224 3819.296 3840.999 3844.458 3832.679 3827.816 3825.068
-9999.000 -9999.000 -9999.000 -9999.000 -9999.000 -9999.000 -9999.000 -9999.000 -9999.000 -9999.000 -9999.000 -9999.000 -9999.000 -9999.000 -9999.000 -9999.000 -9999.000 -9999.000 -9999.000 -9999.000 -9999.000 -9999.000 -9999.000 -9999.000 -9999.000 -9999.000 -9999.000 -9999.000 -9999.000 -9999.000 -9999.000 -9999.000 -9999.000 -9999.000 -9999.000 -9999.000 -9999.000 -9999.000 -9999.000 -9999.000 3771.961 3778.237 3778.253 3769.125 3758.398 3745.007 3724.785 3708.047 3695.776 3694.549 3697.583 3700.469 3721.466 3747.751 3768.436 3784.607 3804.537 3825.670 3828.687 3818.861 3811.620 3804.944
-9999.000 -9999.000 -9999.000 -9999.000 -9999.000 -9999.000 -9999.000 -9999.000 -9999.000 -9999.000 -9999.000 -9999.000 -9999.000 -9999.000 -9999.000 -9999.000 -9999.000 -9999.000 -9999.000 -9999.000 -9999.000 -9999.000 -9999.000 -9999.000 -9999.000 -9999.000 -9999.000 -9999.000 -9999.000 -9999.000 -9999.000 -9999.000 -9999.000 -9999.000 3675.951 3693.217 3711.751 3731.080 3748.855 3756.664 3762.992 3768.794 3764.633 3760.876 3749.723 3728.911 3710.221 3698.190 3698.035 3696.250 3700.307 3712.254 3729.545 3745.021 3766.163 3791.401 3801.093 3812.183 3815.231 3810.741 3813.619 3815.963
-9999.000 -9999.000 -9999.000 -9999.000 -9999.000 -9999.000 -9999.000 -9999.000 -9999.000 -9999.000 -9999.000 -9999.000 -9999.000 -9999.000 -9999.000 -9999.000 -9999.000 -9999.000 -9999.000 -9999.000 -9999.000 -9999.000 -9999.000 -9999.000 -9999.000 -9999.000 -9999.000 -9999.000 3677.239 3671.798 3667.772 3667.025 3666.420 3666.346 3673.676 3685.270 3702.832 3725.778 3739.922 3747.948 3755.566 3756.485 3751.062 3750.055 3751.222 3739.016 3727.210 3716.180 3705.389 3702.571 3711.990 3726.956 3743.883 3759.102 3774.999 3778.902 3801.079 3821.761 3828.034 3822.694 3819.809 3819.427
-9999.000 -9999.000 -9999.000 -9999.000 -9999.000 -9999.000 -9999.000 -9999.000 -9999.000 -9999.000 -9999.000 -9999.000 -9999.000 -9999.000 -9999.000 -9999.000 -9999.000 -9999.000 -9999.000 -9999.000 -9999.000 -9999.000 -9999.000 3643.232 3648.483 3655.748 3664.314 3666.172 3663.859 3659.301 3657.529 3657.005 3655.508 3660.926 3668.507 3682.085 3697.991 3721.157 3730.109 3734.766 3746.644 3751.230 3760.149 3764.675 3763.394 3759.705 3744.945 3733.527 3735.723 3739.978 3747.469 3756.525 3770.690 3784.738 3800.244 3818.445 3838.334 3859.510 3872.863 3867.418 3860.790 3853.337
-9999.000 -9999.000 -9999.000 -9999.000 -9999.000 -9999.000 -9999.000 -9999.000 -9999.000 -9999.000 -9999.000 -9999.000 -9999.000 -9999.000 -9999.000 -9999.000 -9999.000 -9999.000 -9999.000 3615.530 3617.155 3619.510 3625.285 3626.458 3628.938 3636.494 3645.354 3649.271 3647.852 3647.838 3649.990 3653.414 3658.826 3669.907 3683.937 3698.485 3711.727 3732.973 3747.894 3760.519 3776.176 3777.464 3774.572 3773.555 3773.952 3772.551 3770.437 3769.353 3776.058 3776.539 3780.063 3789.723 3802.363 3819.065 3836.650 3853.809 3867.678 3884.636 3901.874 3893.250 3884.004 3867.786
-9999.000 -9999.000 -9999.000 -9999.000 -9999.000 -9999.000 -9999.000 -9999.000 -9999.000 -9999.000 -9999.000 -9999.000 -9999.000 -9999.000 -9999.000 -9999.000 3583.996 3586.290 3589.478 3595.884 3600.564 3605.368 3613.260 3615.731 3619.902 3627.768 3632.934 3643.125 3652.348 3660.094 3666.573 3669.553 3676.423 3686.017 3697.762 3711.754 3731.926 3755.970 3771.967 3789.044 3806.726 3807.754 3806.409 3806.988 3805.654 3806.617 3820.867 3824.063 3818.171 3827.138 3838.980 3841.897 3849.206 3869.565 3891.995 3906.834 3928.547 3945.481 3968.563 3958.923 3935.772 3919.344
-9999.000 -9999.000 -9999.000 -9999.000 -9999.000 -9999.000 -9999.000 -9999.000 -9999.000 -9999.000 -9999.000 -9999.000 -9999.000 3531.324 3535.793 3546.938 3559.776 3563.743 3569.699 3577.439 3590.424 3594.930 3601.717 3609.639 3623.220 3632.566 3641.930 3654.233 3662.705 3670.094 3676.824 3679.687 3691.277 3705.454 3719.958 3739.262 3761.574 3780.083 3798.309 3815.259 3827.065 3824.216 3824.011 3826.651 3831.363 3844.122 3860.735 3860.276 3869.035 3889.608 3899.842 3907.021 3913.327 3927.892 3950.139 3980.353 4014.315 4039.475 4050.208 4057.811 4042.434 4040.666
-9999.000 -9999.000 -9999.000 -9999.000 -9999.000 -9999.000 -9999.000 -9999.000 -9999.000 -9999.000 3502.861 3504.678 3501.629 3499.321 3506.037 3519.291 3534.929 3541.166 3554.182 3576.577 3596.373 3600.202 3614.195 3625.195 3632.547 3642.705 3655.863 3668.081 3683.460 3695.189 3703.730 3719.753 3735.610 3751.898 3769.258 3789.990 3805.958 3829.392 3854.470 3863.091 3879.826 3882.148 3878.639 3877.261 3887.224 3898.192 3912.512 3927.527 3946.035 3967.971 3977.832 3991.166 4000.677 4011.471 4027.489 4070.889 4117.125 4147.547 4164.819 4178.203 4175.172 4177.793
-9999.000 -9999.000 -9999.000 -9999.000 -9999.000 -9999.000 -9999.000 -9999.000 3476.475 3485.220 3491.181 3488.500 3484.742 3479.324 3495.012 3511.209 3527.856 3547.209 3563.560 3582.711 3597.175 3612.372 3633.232 3644.376 3655.242 3670.586 3683.834 3698.607 3719.245 3726.757 3737.424 3756.948 3772.657 3789.809 3808.371 3825.157 3845.232 3875.645 3904.890 3921.047 3947.612 3964.868 3959.619 3958.386 3960.274 3983.712 4010.161 4039.650 4058.397 4081.999 4110.805 4130.808 4140.980 4152.968 4167.660 4192.787 4229.618 4259.929 4291.407 4306.587 4308.687 4306.337
-9999.000 -9999.000 -9999.000 -9999.000 -9999.000 -9999.000 3445.975 3470.802 3486.705 3478.571 3464.359 3459.675 3453.941 3486.934 3510.279 3528.508 3546.020 3564.374 3581.370 3589.897 3619.675 3640.099 3652.285 3665.538 3680.640 3695.700 3712.403 3734.094 3751.746 3773.399 3789.018 3805.325 3829.510 3847.474 3865.157 3879.289 3907.503 3942.995 3978.503 4003.641 4029.028 4061.857 4062.179 4065.000 4067.404 4092.655 4127.782 4158.539 4191.173 4222.588 4252.111 4263.605 4273.545 4284.355 4297.779 4308.659 4325.383 4355.353 4385.664 4408.905 4424.003 4424.265
-9999.000 -9999.000 -9999.000 -9999.000 3412.486 3433.562 3452.477 3482.912 3505.390 3501.102 3505.867 3504.365 3500.428 3506.592 3515.892 3533.910 3554.036 3574.590 3589.326 3616.329 3664.504 3675.922 3693.036 3723.089 3734.737 3749.577 3766.100 3787.364 3806.054 3833.774 3868.174 3897.698 3919.991 3940.312 3960.694 3978.623 4015.301 4053.702 4090.743 4123.521 4151.686 4179.253 4186.917 4193.126 4204.433 4222.924 4246.999 4275.797 4310.786 4344.019 4368.243 4377.988 4384.011 4394.415 4402.592 4412.507 4423.810 4443.431 4467.548 4503.742 4528.768 4540.820
-9999.000 -9999.000 -9999.000 3357.030 3396.463 3436.740 3462.600 3493.240 3526.263 3526.234 3535.747 3535.842 3535.015 3541.073 3544.644 3562.109 3581.573 3603.047 3625.577 3659.990 3689.748 3707.405 3736.020 3752.263 3765.822 3779.809 3799.808 3820.958 3858.483 3889.134 3936.414 3988.543 4022.172 4043.168 4067.613 4097.123 4124.273 4165.143 4200.948 4234.753 4266.619 4290.264 4305.793 4311.772 4322.875 4329.816 4343.379 4365.489 4388.958 4420.803 4451.089 4481.200 4497.423 4509.370 4527.265 4545.976 4560.750 4576.542 4550.013 4575.783 4588.994 4595.171
-9999.000 -9999.000 3307.917 3347.965 3379.196 3425.775 3479.370 3515.269 3555.260 3574.407 3578.210 3589.134 3600.257 3601.868 3611.242 3624.849 3649.061 3659.996 3682.571 3698.292 3735.832 3770.274 3765.328 3804.155 3835.903 3871.095 3894.887 3923.633 3963.767 3999.092 4045.294 4097.426 4133.649 4163.543 4181.665 4204.161 4226.435 4254.985 4293.821 4321.103 4356.601 4383.618 4404.603 4406.387 4410.315 4427.742 4457.502 4489.782 4520.019 4550.322 4534.096 4559.310 4570.906 4577.574 4587.650 4594.605 4598.049 4596.358 4595.500 4588.975 4582.734 4581.769
-9999.000 -9999.000 3276.932 3323.995 3358.003 3415.173 3503.408 3538.063 3578.652 3625.320 3639.835 3662.396 3655.573 3643.636 3662.520 3677.801 3701.521 3711.495 3707.368 3761.446 3815.693 3839.522 3843.771 3924.100 3979.645 4007.336 4027.098 4049.906 4071.751 4112.148 4153.015 4210.021 4253.483 4285.576 4302.259 4324.611 4346.160 4363.016 4384.481 4433.601 4471.454 4504.214 4537.971 4560.738 4570.128 4576.436 4550.466 4571.811 4586.476 4593.159 4596.181 4592.886 4592.787 4593.991 4595.177 4589.885 4582.822 4575.659 4570.114 4563.429 4557.867 4555.593
-9999.000 3182.249 3235.057 3285.411 3349.483 3410.448 3484.790 3559.982 3628.841 3683.218 3709.776 3702.377 3699.651 3724.891 3745.870 3763.581 3772.116 3785.765 3768.692 3825.440 3863.508 3912.677 4013.704 4075.119 4143.225 4141.521 4132.031 4138.936 4156.762 4206.032 4288.666 4348.196 4417.584 4469.680 4489.167 4498.820 4519.616 4542.365 4488.306 4535.354 4557.785 4576.630 4587.974 4591.473 4593.799 4594.419 4591.453 4585.027 4577.377 4571.988 4568.144 4563.978 4566.669 4570.163 4570.320 4563.578 4555.624 4547.659 4539.608 4532.228 4525.442 4520.494
-9999.000 3143.241 3200.453 3268.643 3335.956 3380.247 3460.336 3631.284 3696.626 3736.526 3741.781 3713.391 3771.077 3832.899 3859.040 3907.441 3893.898 3881.605 3844.844 3872.378 3912.920 3986.621 4164.279 4256.592 4314.536 4325.157 4328.101 4359.321 4406.974 4458.223 4507.974 4475.356 4529.809 4557.621 4564.847 4567.318 4574.739 4574.688 4574.791 4571.583 4567.579 4568.861 4574.580 4575.338 4573.138 4570.390 4565.245 4558.327 4553.576 4549.263 4546.854 4544.186 4542.220 4541.314 4536.202 4530.852 4521.091 4510.617 4500.208 4488.954 4477.564 4470.091
-9999.000 3100.691 3176.363 3233.997 3277.182 3364.877 3496.700 3643.591 3742.318 3777.978 3751.146 3784.120 3890.463 4001.611 4057.625 4081.778 4063.369 4014.872 3995.224 4042.194 4116.956 4243.975 4392.554 4498.273 4516.944 4523.168 4474.476 4504.381 4532.156 4537.326 4540.564 4551.176 4558.146 4562.905 4562.937 4561.560 4558.133 4551.199 4547.632 4545.007 4542.214 4541.878 4544.624 4547.296 4545.052 4541.658 4537.601 4532.360 4526.249 4519.593 4515.260 4510.912 4508.627 4502.707 4498.931 4492.680 4474.947 4459.434 4444.215 4430.561 4416.659 4399.155
-9999.000 2972.296 3070.515 3108.491 3175.410 3367.552 3498.408 3638.494 3808.808 3828.835 3872.503 4018.253 4143.393 4228.758 4259.989 4296.256 4324.203 4343.033 4383.935 4257.200 4344.785 4451.694 4502.596 4526.179 4540.100 4542.990 4535.247 4516.435 4507.741 4502.957 4506.439 4515.513 4521.746 4528.001 4527.108 4529.593 4532.098 4530.047 4527.007 4519.118 4512.056 4505.948 4503.107 4508.286 4504.114 4502.217 4496.216 4487.830 4478.857 4471.459 4463.288 4456.493 4454.000 4448.614 4446.906 4436.510 4403.913 4381.570 4363.032 4342.415 4312.889 4291.735
-9999.000 2891.257 2963.029 3016.806 3122.213 3286.510 3376.348 3533.907 3782.655 3925.011 4098.624 4196.410 4270.600 4314.089 4366.974 4424.059 4455.469 4471.428 4441.423 4469.063 4428.139 4419.805 4440.546 4473.108 4493.560 4500.129 4494.602 4487.720 4482.370 4483.057 4482.448 4479.563 4476.535 4474.080 4472.188 4476.474 4482.967 4476.618 4466.892 4457.963 4449.911 4441.098 4435.545 4431.071 4431.972 4432.508 4424.914 4414.355 4403.314 4394.783 4387.343 4382.606 4379.406 4373.810 4363.138 4348.391 4319.304 4292.171 4267.879 4233.823 4184.437 4168.834
-9999.000 2766.422 2901.706 2974.332 3062.969 3190.314 3290.303 3440.662 3568.782 3820.411 3962.299 4172.452 4227.726 4303.629 4353.563 4432.066 4430.192 4402.243 4361.053 4348.188 4363.619 4375.792 4386.421 4403.065 4423.412 4436.005 4443.604 4439.745 4427.225 4415.952 4405.717 4392.856 4384.387 4382.880 4388.487 4399.906 4401.038 4392.442 4378.770 4360.733 4345.337 4333.729 4332.181 4335.418 4336.829 4332.723 4326.997 4316.014 4303.120 4290.221 4284.343 4279.624 4271.468 4259.258 4246.343 4232.186 4207.876 4188.165 4163.016 4117.422 4072.141 4028.267
-9999.000 -9999.000 2813.425 2921.149 3010.996 3119.026 3202.598 3315.723 3455.069 3626.728 3746.008 3937.979 4040.742 4088.657 4124.329 4184.409 4214.647 4251.586 4251.121 4267.424 4281.110 4289.476 4297.059 4304.692 4317.301 4329.372 4342.040 4340.966 4333.822 4314.258 4289.067 4269.604 4259.947 4251.327 4264.791 4278.344 4273.137 4266.772 4254.497 4238.579 4226.382 4212.289 4209.068 4209.051 4209.770 4207.496 4205.118 4192.459 4179.920 4169.871 4165.546 4159.379 4155.345 4144.828 4133.386 4122.351 4103.349 4079.772 4051.084 4007.761 3967.601 3926.067
-9999.000 -9999.000 2723.884 2826.575 2925.504 3040.870 3120.945 3122.529 3255.982 3358.324 3468.816 3585.204 3687.747 3760.837 3795.560 3861.717 3923.940 3946.240 3993.024 4054.018 4092.756 4136.945 4163.496 4175.058 4189.718 4206.483 4215.671 4201.557 4191.691 4175.804 4153.159 4126.926 4114.079 4114.913 4114.216 4115.864 4108.490 4100.060 4085.908 4072.486 4060.602 4052.188 4048.763 4042.875 4040.386 4037.552 4035.852 4030.783 4022.558 4017.948 4009.185 4005.125 4003.897 4000.500 3994.264 3991.650 3981.212 3954.902 3925.821 3896.951 3864.796 3841.673
-9999.000 -9999.000 -9999.000 2780.581 2855.111 2885.514 2976.571 3002.012 2993.254 3074.071 3190.318 3331.938 3399.160 3454.669 3514.042 3554.678 3609.504 3663.367 3729.566 3815.380 3873.742 3927.897 3982.765 4011.560 4027.575 4046.483 4048.166 4041.066 4034.129 4020.733 3996.322 3974.368 3969.204 3978.017 3974.380 3968.070 3962.171 3961.761 3956.540 3947.534 3936.342 3934.508 3931.153 3924.687 3918.489 3913.989 3910.495 3909.631 3904.644 3897.145 3896.284 3896.426 3893.405 3892.465 3888.197 3880.571 3875.593 3846.353 3822.559 3806.537 3779.363 3749.184
-9999.000 -9999.000 -9999.000 -9999.000 -9999.000 2721.834 2829.395 2932.733 2971.565 2994.510 3055.327 3159.636 3195.511 3250.638 3315.906 3368.832 3438.497 3509.459 3596.121 3639.997 3708.979 3747.628 3794.055 3848.923 3864.532 3877.037 3890.235 3883.294 3876.487 3869.034 3845.921 3844.632 3848.858 3849.696 3849.922 3845.231 3841.058 3836.208 3835.336 3823.798 3819.810 3818.994 3815.138 3811.311 3805.859 3802.371 3799.677 3799.847 3792.758 3793.280 3800.006 3797.831 3795.358 3794.237 3787.748 3778.697 3770.218 3748.858 3735.430 3726.606 3695.073 3675.681
-9999.000 -9999.000 -9999.000 -9999.000 -9999.000 -9999.000 2689.815 2790.465 2858.512 2928.428 3006.453 3059.486 3080.285 3106.129 3152.174 3229.276 3323.462 3399.214 3448.330 3492.880 3544.228 3590.193 3628.293 3677.295 3699.844 3709.637 3727.987 3727.497 3721.407 3719.361 3721.229 3734.861 3730.260 3730.213 3729.010 3728.721 3722.480 3717.289 3714.997 3716.394 3718.238 3713.844 3710.194 3706.416 3701.315 3696.356 3693.331 3691.169 3692.116 3699.411 3700.385 3700.949 3699.170 3695.709 3687.022 3676.757 3667.933 3659.670 3650.230 3638.916 3623.701 3610.040
