examples/3D/Borden05m/output-maps-METEOIO-OFF/psiliqL0030N0004.asc
ncols         160
nrows         34
xllcorner     620200.000000
yllcorner     5168000.000000
cellsize      0.500000
NODATA_value  -9999.0
[rows 0 to 27 of 34, columns 62 to 123 of 160]
-9999.000 -9999.000 -9999.000 -9999.000 -9999.000 -9999.000 -9999.000 -9999.000 -9999.000 -9999.000 -9999.000 -9999.000 -9999.000 -9999.000 -9999.000 -9999.000 -9999.000 -9999.000 -9999.000 -9999.000 -9999.000 -9999.000 -9999.000 -9999.000 -9999.000 -9999.000 -9999.000 -9999.000 -9999.000 -9999.000 -9999.000 -9999.000 -9999.000 -9999.000 -9999.000 -9999.000 -9999.000 -9999.000 -9999.000 -9999.000 -9999.000 -9999.000 -9999.000 -9999.000 -9999.000 -9999.000 -9999.000 -9999.000 -9999.000 -9999.000 -9999.000 -9999.000 -9999.000 -9999.000 -9999.000 -9999.000 -9999.000 -9999.000 -9999.000 -9999.000 -9999.000 -9999.000
4241.470 4233.601 4224.825 4217.716 4214.056 4213.394 4213.097 4212.918 4218.150 4226.666 4234.677 4241.836 4244.591 4247.218 4249.232 4249.634 4248.741 4245.686 4242.477 4239.218 4237.564 4230.518 4219.527 4211.399 4208.721 4212.770 4216.975 4219.280 4224.051 4234.071 4244.295 4252.522 4264.870 4271.771 4276.643 4278.519 4273.941 4270.126 4265.508 4258.540 4247.097 -9999.000 -9999.000 -9999.000 -9999.000 -9999.000 -9999.000 -9999.000 -9999.000 -9999.000 -9999.000 -9999.000 -9999.000 -9999.000 -9999.000 -9999.000 -9999.000 -9999.000 -9999.000 -9999.000 -9999.000 -9999.000
4222.695 4219.178 4211.308 4206.817 4201.890 4199.561 4200.085 4200.407 4204.391 4215.760 4223.884 4228.731 4231.728 4234.939 4233.230 4232.601 4232.603 4229.867 4226.504 4223.238 4221.459 4223.311 4215.767 4209.632 4205.571 4202.158 4204.869 4207.508 4212.264 4221.071 4228.580 4236.122 4251.141 4264.073 4269.364 4266.214 4261.120 4256.652 4248.383 4236.835 4226.490 4218.622 4212.206 4206.132 4198.632 4204.292 4211.679 4219.988 4227.686 4239.174 4251.097 -9999.000 -9999.000 -9999.000 -9999.000 -9999.000 -9999.000 -9999.000 -9999.000 -9999.000 -9999.000 -9999.000
4204.629 4208.982 4206.426 4202.143 4194.065 4205.126 4206.568 4207.618 4211.215 4213.117 4219.228 4221.875 4227.502 4236.743 4239.823 4240.439 4240.634 4238.752 4235.574 4233.655 4230.913 4225.658 4223.674 4223.133 4221.504 4225.259 4226.689 4229.820 4224.497 4228.935 4234.894 4241.534 4246.307 4251.789 4253.308 4249.395 4249.785 4240.780 4226.503 4216.388 4208.633 4208.947 4205.375 4196.628 4181.726 4189.522 4204.935 4208.937 4210.510 4220.746 4232.547 4242.871 4245.837 4244.819 4243.670 4239.806 4225.130 4209.626 4193.748 4174.612 -9999.000 -9999.000
4216.333 4214.988 4211.892 4207.381 4217.756 4226.290 4228.085 4230.851 4235.338 4237.043 4226.866 4225.281 4232.529 4242.234 4247.418 4247.786 4247.496 4243.443 4242.347 4242.283 4240.676 4239.812 4241.124 4237.946 4240.342 4245.699 4249.041 4244.470 4236.072 4238.499 4246.861 4255.918 4263.150 4272.654 4282.677 4282.718 4277.841 4268.738 4255.858 4232.917 4215.246 4203.450 4194.344 4186.158 4189.140 4182.975 4196.663 4197.595 4199.493 4205.766 4215.437 4225.615 4231.229 4229.682 4227.973 4224.553 4214.027 4198.389 4182.726 4164.221 4136.780 4107.054
4218.557 4217.895 4218.223 4226.444 4238.279 4249.099 4251.435 4253.542 4252.455 4245.833 4235.870 4233.881 4246.972 4264.145 4272.121 4271.485 4266.201 4268.279 4269.024 4270.363 4267.596 4267.983 4264.404 4268.454 4276.162 4284.368 4283.047 4270.365 4257.518 4257.642 4263.629 4271.352 4278.909 4288.502 4296.815 4291.401 4286.100 4278.716 4253.130 4230.957 4216.507 4215.929 4215.901 4210.608 4207.919 4206.728 4202.515 4201.964 4200.183 4199.139 4210.635 4223.346 4226.079 4218.316 4213.217 4209.974 4201.338 4188.727 4171.846 4153.888 4133.135 4104.239
4250.450 4250.774 4256.658 4266.951 4278.953 4300.660 4299.712 4299.879 4297.796 4284.788 4271.668 4262.425 4286.192 4297.802 4304.761 4301.060 4304.896 4313.340 4310.233 4304.612 4292.084 4297.575 4302.471 4317.721 4326.058 4331.767 4326.032 4311.076 4303.764 4305.974 4313.472 4315.409 4324.910 4332.665 4346.921 4344.596 4342.221 4322.185 4284.074 4255.224 4243.941 4256.028 4249.588 4242.122 4241.965 4230.630 4223.426 4225.641 4216.962 4211.756 4223.751 4229.985 4230.310 4221.120 4225.105 4217.546 4195.073 4177.632 4162.362 4147.092 4128.405 4121.797
4257.254 4261.239 4272.303 4290.229 4307.545 4327.079 4323.522 4314.574 4324.831 4318.153 4307.235 4300.299 4325.311 4335.125 4345.192 4349.939 4362.823 4373.135 4354.586 4336.034 4324.085 4331.801 4359.401 4383.562 4388.323 4386.674 4384.957 4367.475 4362.957 4360.288 4362.013 4359.962 4358.288 4385.351 4407.858 4407.295 4385.315 4361.865 4319.953 4280.851 4257.591 4273.460 4268.552 4271.829 4261.833 4249.865 4244.213 4242.552 4235.533 4226.237 4235.400 4238.735 4245.126 4250.589 4255.234 4237.592 4218.901 4198.687 4180.159 4165.094 4157.168 4149.523
4308.770 4323.591 4332.920 4353.353 4369.265 4394.250 4404.397 4413.976 4418.433 4412.245 4404.184 4392.803 4400.624 4427.032 4438.877 4446.754 4454.660 4467.592 4466.508 4458.328 4456.151 4460.993 4476.604 4492.905 4499.727 4502.052 4503.676 4487.276 4473.262 4472.342 4467.550 4467.612 4466.887 4480.572 4503.465 4499.082 4458.228 4430.237 4392.879 4352.584 4322.333 4318.171 4339.792 4338.856 4321.673 4312.378 4287.537 4284.348 4275.486 4252.887 4253.052 4253.797 4261.485 4277.140 4264.294 4246.907 4228.982 4208.618 4191.477 4183.030 4180.110 4175.870
4431.324 4441.076 4444.602 4451.557 4484.974 4519.462 4544.072 4567.200 4574.537 4561.986 4552.489 4538.676 4530.255 4543.728 4562.198 4580.454 4595.368 4606.893 4608.560 4606.900 4606.932 4610.467 4613.532 4618.326 4627.621 4635.425 4643.638 4650.641 4638.507 4621.105 4612.452 4604.505 4604.580 4606.347 4611.353 4612.069 4591.512 4544.886 4510.928 4477.312 4459.117 4446.783 4449.260 4429.784 4403.091 4348.030 4309.729 4277.694 4259.985 4238.412 4248.614 4264.078 4310.106 4316.018 4302.937 4287.479 4263.490 4240.174 4220.096 4216.289 4214.064 4209.012
4565.442 4569.436 4571.770 4573.909 4603.043 4647.119 4688.301 4720.916 4719.946 4705.048 4693.590 4685.028 4669.467 4665.415 4679.828 4696.862 4718.765 4728.985 4733.960 4729.775 4729.934 4732.225 4734.703 4736.984 4741.218 4751.816 4768.064 4783.687 4782.026 4760.835 4742.170 4726.171 4724.849 4723.105 4717.909 4720.406 4721.992 4702.334 4667.746 4625.142 4583.865 4568.802 4554.076 4542.315 4523.377 4476.077 4402.308 4358.038 4317.434 4290.812 4297.481 4373.573 4398.143 4386.441 4376.057 4354.269 4324.569 4301.237 4279.644 4278.519 4274.099 4265.662
4692.165 4699.903 4702.175 4707.013 4724.308 4760.250 4798.904 4830.394 4845.655 4836.629 4816.781 4792.731 4781.230 4777.697 4781.888 4792.491 4807.156 4828.257 4849.097 4855.021 4855.923 4853.099 4855.655 4857.380 4857.498 4861.097 4870.996 4881.917 4885.519 4876.450 4853.181 4828.029 4817.309 4811.160 4807.726 4809.356 4815.400 4819.322 4802.576 4763.305 4715.052 4684.805 4670.583 4657.444 4641.709 4627.212 4587.869 4564.082 4523.806 4471.993 4444.518 4493.881 4485.609 4474.643 4450.962 4417.183 4381.767 4350.702 4326.099 4320.024 4316.650 4315.963
4815.502 4820.883 4827.905 4843.391 4868.935 4890.423 4915.731 4944.807 4962.761 4967.952 4965.492 4960.243 4961.102 4961.397 4883.449 4890.899 4898.349 4919.367 4937.685 4944.374 4945.077 4941.859 4943.959 4944.865 4944.630 4944.215 4947.457 4953.708 4956.071 4953.058 4937.880 4962.174 4940.664 4926.332 4917.595 4908.859 4900.383 4890.577 4880.046 4857.736 4824.288 4788.272 4767.676 4759.924 4752.835 4742.441 4735.369 4716.232 4691.372 4652.792 4610.576 4591.634 4590.763 4573.300 4535.238 4500.975 4475.287 4437.365 4407.086 4391.775 4391.511 4384.548
4942.068 4947.104 4962.128 4980.465 4960.144 4970.475 4981.117 4991.649 4995.177 4996.071 4995.407 4992.719 4991.527 4988.539 4985.257 4974.105 4975.543 4977.478 4979.984 4983.676 4982.540 4983.645 4986.564 4984.645 4978.316 4974.005 4972.425 4973.662 4981.283 4984.967 4986.038 4981.738 4980.739 4979.559 4975.394 4970.174 4962.778 4953.279 4972.731 4959.559 4929.019 4885.039 4840.364 4834.248 4837.540 4836.405 4834.505 4828.089 4809.539 4780.355 4740.408 4699.790 4694.709 4678.999 4656.734 4637.648 4615.905 4573.256 4535.302 4512.927 4503.254 4479.376
4992.406 4995.501 4999.499 4996.520 4993.562 4988.399 4986.488 4984.856 4982.106 4982.429 4980.227 4975.725 4971.082 4962.088 4949.756 4938.258 4933.961 4937.902 4943.574 4948.913 4953.759 4957.567 4957.068 4951.216 4942.456 4934.656 4933.127 4940.293 4946.249 4953.457 4954.563 4953.313 4950.785 4950.549 4947.140 4947.468 4955.100 4970.844 4972.584 4980.067 4979.128 4958.506 4921.063 4940.017 4919.419 4926.082 4920.993 4909.016 4886.609 4860.939 4827.554 4794.698 4776.512 4768.508 4761.455 4753.150 4736.334 4693.691 4657.316 4627.810 4607.856 4580.898
4978.413 4985.438 4986.204 4978.796 4969.691 4961.898 4953.717 4950.813 4950.064 4949.498 4949.684 4943.858 4933.369 4915.048 4902.914 4891.417 4885.097 4880.209 4882.810 4894.502 4907.655 4912.785 4902.311 4893.328 4880.933 4872.823 4873.437 4874.126 4884.093 4902.476 4911.543 4912.701 4905.987 4899.048 4892.473 4889.436 4896.273 4912.407 4930.494 4947.556 4957.639 4965.979 4973.740 4970.262 4973.798 4975.742 4973.108 4977.745 4958.541 4932.696 4901.122 4874.177 4847.286 4844.036 4844.373 4840.371 4837.546 4801.555 4762.848 4726.963 4699.402 4671.300
4949.354 4950.530 4945.648 4938.840 4928.277 4916.507 4906.105 4897.237 4897.730 4899.561 4900.900 4892.571 4876.066 4857.281 4843.084 4828.604 4824.202 4817.468 4808.082 4817.835 4838.571 4846.345 4829.035 4817.632 4801.943 4795.689 4791.439 4792.133 4801.204 4825.266 4851.852 4854.776 4843.791 4832.913 4828.860 4826.120 4830.862 4848.040 4870.263 4887.861 4899.518 4905.496 4913.865 4923.868 4939.574 4955.626 4968.990 4972.528 4983.434 4978.239 4962.228 4956.950 4930.758 4915.708 4908.386 4904.498 4897.676 4872.001 4840.682 4811.588 4784.044 4758.815
4910.132 4905.039 4898.159 4890.340 4866.340 4852.876 4838.649 4822.294 4817.348 4810.991 4811.047 4798.566 4790.656 4774.158 4758.100 4741.810 4726.762 4720.599 4713.182 4708.951 4721.541 4729.655 4721.485 4711.967 4702.158 4698.370 4695.174 4698.177 4709.108 4728.227 4747.067 4756.764 4750.371 4751.389 4753.246 4752.523 4760.199 4770.824 4789.345 4813.619 4834.955 4846.187 4853.783 4863.651 4879.060 4894.175 4909.560 4928.762 4953.813 4971.336 4982.260 4981.890 4980.799 4971.158 4976.467 4965.206 4952.045 4930.405 4903.924 4875.763 4848.768 4830.562
4864.146 4857.408 4851.081 4824.486 4764.748 4741.306 4720.813 4703.071 4694.876 4684.993 4664.719 4655.303 4650.756 4655.575 4641.405 4623.172 4604.272 4599.000 4595.307 4574.376 4565.961 4565.371 4586.331 4580.784 4581.385 4585.057 4582.999 4583.932 4596.859 4603.564 4607.919 4615.753 4623.940 4637.082 4647.136 4661.117 4680.211 4691.566 4707.497 4728.916 4756.869 4774.621 4785.443 4796.886 4813.282 4830.461 4849.476 4873.015 4900.827 4918.621 4930.896 4943.730 4958.523 4975.036 4979.972 4990.352 4988.501 4985.108 4959.524 4928.245 4907.065 4889.021
4790.877 4788.102 4775.936 4714.509 4672.980 4637.216 4619.091 4593.545 4577.919 4558.332 4514.079 4494.388 4495.188 4513.114 4511.259 4495.941 4484.306 4473.885 4463.050 4443.097 4420.197 4426.709 4447.695 4450.854 4456.357 4466.007 4466.322 4458.722 4453.295 4465.091 4470.324 4483.031 4504.288 4510.672 4531.398 4569.654 4583.707 4600.256 4619.569 4641.019 4664.471 4689.510 4705.380 4722.230 4741.943 4759.897 4781.346 4804.883 4836.129 4859.592 4875.335 4887.105 4898.721 4915.173 4937.687 4959.115 4979.444 4989.559 4991.810 4976.397 4960.020 4939.318
4676.917 4669.712 4635.410 4579.200 4543.921 4521.546 4498.494 4474.538 4447.482 4404.788 4367.547 4344.030 4363.030 4375.130 4390.371 4379.352 4368.801 4358.939 4338.780 4321.015 4302.411 4314.360 4323.109 4346.561 4355.053 4359.399 4367.041 4365.928 4353.127 4344.520 4353.095 4363.749 4377.473 4403.559 4443.015 4469.423 4489.655 4511.672 4531.371 4553.775 4577.957 4602.773 4621.618 4641.337 4660.960 4683.152 4702.951 4726.332 4755.580 4783.938 4801.835 4819.030 4833.881 4854.816 4880.493 4905.373 4932.898 4956.524 4972.057 4986.377 4989.903 4983.518
4545.030 4518.057 4464.574 4421.625 4404.873 4394.736 4370.759 4349.607 4318.527 4282.346 4261.592 4239.973 4251.158 4262.268 4285.470 4277.525 4272.052 4270.015 4254.150 4240.894 4223.469 4229.232 4242.420 4268.718 4275.766 4280.553 4291.409 4291.292 4286.297 4265.789 4272.532 4284.435 4300.650 4334.480 4357.654 4380.975 4404.465 4425.042 4447.791 4470.999 4495.167 4523.504 4544.679 4565.163 4588.129 4608.242 4622.402 4638.123 4662.653 4684.817 4708.416 4733.380 4749.741 4776.429 4809.561 4843.378 4880.918 4908.382 4925.456 4938.961 4951.740 4973.371
4381.375 4321.785 4284.890 4268.971 4273.324 4262.677 4243.478 4224.980 4205.892 4185.144 4167.483 4141.555 4147.310 4164.287 4182.428 4186.474 4189.158 4188.289 4179.723 4166.283 4152.578 4156.388 4174.446 4193.153 4204.629 4213.174 4221.410 4221.398 4211.147 4200.920 4205.907 4222.533 4239.466 4256.497 4277.338 4298.669 4320.103 4343.681 4367.191 4390.993 4416.819 4444.920 4468.009 4492.983 4518.580 4535.234 4543.837 4550.371 4569.372 4585.933 4609.312 4634.135 4654.515 4683.414 4720.703 4765.545 4808.644 4853.459 4874.596 4889.967 4901.464 4918.172
4261.415 4227.327 4198.985 4195.945 4181.757 4170.316 4157.412 4137.445 4122.392 4109.389 4088.463 4081.650 4089.657 4103.142 4109.869 4118.342 4116.637 4114.676 4109.924 4095.940 4094.320 4105.057 4120.267 4133.605 4145.997 4153.242 4158.244 4155.384 4146.171 4144.912 4153.671 4169.722 4183.223 4197.468 4218.220 4238.174 4260.161 4283.069 4305.468 4330.405 4356.132 4382.996 4411.577 4434.467 4452.656 4461.281 4470.734 4468.114 4477.905 4493.991 4510.948 4534.579 4560.938 4587.244 4628.639 4672.456 4715.810 4759.632 4801.054 4824.191 4843.911 4865.374
4199.967 4170.350 4141.995 4116.111 4106.053 4101.726 4090.178 4074.618 4064.775 4050.141 4043.526 4052.383 4052.827 4059.388 4056.070 4057.171 4055.044 4054.743 4053.568 4049.531 4063.591 4069.695 4082.559 4092.320 4102.304 4108.060 4111.592 4113.554 4110.652 4117.927 4123.897 4137.527 4148.740 4161.852 4181.617 4198.436 4217.213 4239.531 4262.657 4286.569 4312.521 4341.008 4365.902 4383.229 4389.243 4398.141 4398.161 4385.211 4395.400 4407.574 4417.211 4438.656 4460.344 4480.141 4519.639 4567.992 4620.502 4661.260 4711.888 4744.361 4772.767 4796.933
4116.521 4087.113 4059.655 4040.848 4037.774 4026.671 4016.885 4006.195 3993.087 3988.527 3997.217 3994.867 3991.367 3987.852 3990.496 3994.359 3994.260 3993.507 3997.372 4010.049 4014.584 4019.961 4028.310 4039.706 4052.235 4055.912 4060.490 4066.022 4073.111 4076.481 4080.087 4090.537 4102.770 4115.218 4131.160 4149.291 4168.290 4191.085 4215.336 4241.398 4268.827 4297.626 4320.801 4329.377 4339.286 4340.387 4332.372 4325.770 4327.636 4339.704 4345.373 4361.680 4384.696 4392.153 4429.739 4480.892 4523.347 4562.291 4600.396 4650.534 4681.759 4710.803
4054.151 4025.216 4005.968 3992.779 3981.843 3970.847 3960.060 3947.952 3942.572 3944.902 3942.021 3939.753 3936.890 3939.627 3943.214 3947.807 3948.374 3949.874 3953.127 3957.640 3964.721 3974.452 3985.321 3998.030 4014.490 4020.083 4025.229 4031.936 4035.382 4039.436 4043.802 4054.988 4067.369 4079.597 4096.957 4115.579 4134.965 4158.283 4185.358 4216.911 4245.272 4273.578 4300.284 4311.076 4315.559 4314.745 4308.127 4293.900 4290.823 4300.001 4300.498 4309.289 4327.496 4334.191 4356.212 4394.843 4422.014 4458.886 4502.203 4562.390 4596.226 4631.754
3984.125 3966.132 3952.105 3933.293 3918.924 3907.728 3899.617 3895.931 3896.152 3893.674 3892.294 3890.787 3888.049 3888.666 3892.855 3896.577 3899.388 3902.572 3907.638 3914.902 3924.185 3932.073 3943.997 3959.123 3975.225 3983.400 3989.481 3996.365 4001.789 4006.742 4010.720 4020.691 4032.906 4042.979 4060.467 4080.068 4100.911 4127.436 4158.365 4190.693 4218.836 4246.001 4275.528 4280.900 4283.448 4284.793 4270.287 4257.097 4249.528 4251.720 4254.259 4253.999 4264.605 4275.773 4291.640 4312.084 4339.509 4376.743 4428.596 4477.494 4516.351 4548.529
