examples/3D/Borden05m/output-maps-METEOIO-OFF/psiliqL0022N0004.asc
ncols         160
nrows         34
xllcorner     620200.000000
yllcorner     5168000.000000
cellsize      0.500000
NODATA_value  -9999.0
[rows 0 to 27 of 34, columns 62 to 123 of 160]
-9999.000 -9999.000 -9999.000 -9999.000 -9999.000 -9999.000 -9999.000 -9999.000 -9999.000 -9999.000 -9999.000 -9999.000 -9999.000 -9999.000 -9999.000 -9999.000 -9999.000 -9999.000 -9999.000 -9999.000 -9999.000 -9999.000 -9999.000 -9999.000 -9999.000 -9999.000 -9999.000 -9999.000 -9999.000 -9999.000 -9999.000 -9999.000 -9999.000 -9999.000 -9999.000 -9999.000 -9999.000 -9999.000 -9999.000 -9999.000 -9999.000 -9999.000 -9999.000 -9999.000 -9999.000 -9999.000 -9999.000 -9999.000 -9999.000 -9999.000 -9999.000 -9999.000 -9999.000 -9999.000 -9999.000 -9999.000 -9999.000 -9999.000 -9999.000 -9999.000 -9999.000 -9999.000
2636.606 2628.385 2619.555 2612.002 2608.361 2607.743 2607.372 2607.243 2612.621 2621.025 2628.986 2636.264 2638.969 2641.611 2643.825 2644.354 2643.381 2640.315 2637.128 2633.858 2632.315 2624.823 2613.685 2605.263 2602.562 2606.783 2611.098 2613.469 2618.712 2629.019 2639.457 2647.759 2659.801 2666.080 2670.936 2673.175 2668.656 2664.791 2660.375 2654.125 2642.767 -9999.000 -9999.000 -9999.000 -9999.000 -9999.000 -9999.000 -9999.000 -9999.000 -9999.000 -9999.000 -9999.000 -9999.000 -9999.000 -9999.000 -9999.000 -9999.000 -9999.000 -9999.000 -9999.000 -9999.000 -9999.000
2617.873 2613.861 2605.768 2601.071 2596.079 2594.129 2594.587 2594.938 2599.122 2610.049 2618.223 2623.145 2626.020 2629.043 2628.093 2627.595 2627.521 2624.784 2621.452 2618.180 2616.436 2617.649 2610.107 2604.293 2600.538 2597.942 2600.545 2603.042 2607.122 2616.206 2623.966 2631.733 2646.329 2658.910 2664.046 2661.045 2655.828 2651.489 2643.771 2632.745 2622.252 2613.375 2606.495 2600.457 2593.566 2599.139 2605.911 2614.726 2623.159 2634.704 2646.621 -9999.000 -9999.000 -9999.000 -9999.000 -9999.000 -9999.000 -9999.000 -9999.000 -9999.000 -9999.000 -9999.000
2600.117 2603.773 2600.915 2596.620 2590.148 2600.141 2601.646 2602.874 2606.452 2609.035 2613.850 2616.652 2622.248 2631.457 2634.442 2635.087 2635.316 2633.511 2630.411 2628.587 2625.875 2620.674 2619.117 2618.958 2617.960 2622.260 2623.696 2626.143 2620.161 2624.145 2630.166 2636.832 2642.349 2648.287 2650.835 2647.078 2646.699 2637.790 2623.529 2612.739 2604.446 2603.512 2599.878 2591.290 2577.152 2584.338 2599.528 2603.540 2605.697 2616.392 2628.249 2638.473 2640.895 2639.906 2638.793 2635.130 2620.491 2605.037 2589.366 2570.298 -9999.000 -9999.000
2611.171 2609.857 2606.944 2603.748 2615.225 2624.263 2626.161 2629.108 2633.307 2634.040 2623.177 2621.307 2629.117 2639.174 2644.689 2645.031 2644.877 2641.797 2640.768 2640.576 2638.710 2638.607 2640.423 2638.695 2642.097 2647.548 2650.649 2644.555 2635.812 2637.462 2645.488 2654.051 2661.242 2671.176 2681.678 2681.067 2675.684 2666.463 2653.086 2629.738 2610.998 2599.417 2590.978 2582.976 2584.256 2579.263 2591.501 2592.483 2594.069 2600.992 2610.710 2620.688 2626.154 2624.758 2623.223 2619.892 2609.470 2593.892 2578.324 2560.352 2533.583 2504.157
2615.867 2615.719 2617.409 2627.678 2640.434 2652.983 2655.550 2657.929 2657.251 2649.607 2639.651 2636.922 2650.837 2667.548 2675.666 2675.641 2672.520 2676.855 2676.593 2676.479 2672.713 2673.864 2672.641 2679.393 2686.990 2694.598 2693.015 2680.658 2668.485 2667.799 2672.215 2677.771 2684.608 2694.398 2703.259 2697.898 2691.629 2682.920 2655.848 2631.269 2615.577 2615.171 2614.997 2609.637 2606.444 2603.992 2598.185 2597.369 2595.745 2594.633 2606.053 2618.327 2621.055 2613.627 2608.767 2605.556 2596.539 2584.218 2567.638 2549.796 2529.521 2500.606
2653.554 2655.236 2662.191 2673.743 2688.256 2710.936 2711.745 2713.341 2713.597 2701.583 2688.999 2678.961 2699.885 2710.811 2718.539 2717.387 2724.012 2733.068 2729.264 2722.524 2711.096 2716.927 2725.025 2740.077 2747.572 2752.318 2748.705 2735.608 2729.036 2729.440 2734.335 2734.134 2741.172 2750.008 2764.517 2762.981 2757.427 2736.249 2698.790 2667.398 2651.771 2660.632 2653.847 2646.531 2644.471 2631.697 2622.526 2623.445 2614.093 2608.158 2619.604 2625.438 2625.975 2617.497 2621.641 2613.602 2592.323 2574.493 2558.673 2543.301 2525.602 2518.332
2675.808 2681.480 2692.022 2710.326 2730.085 2751.456 2753.395 2750.143 2760.032 2753.555 2743.512 2736.045 2754.378 2765.187 2775.939 2782.957 2795.621 2806.394 2792.120 2776.738 2768.035 2774.475 2798.124 2818.797 2823.608 2823.290 2823.685 2810.291 2804.768 2800.152 2798.545 2794.673 2791.816 2814.492 2833.987 2832.883 2810.422 2786.884 2747.963 2709.798 2682.527 2690.631 2686.793 2687.993 2675.631 2661.995 2651.168 2645.681 2637.558 2625.794 2632.913 2636.735 2644.261 2650.882 2653.218 2635.510 2616.763 2596.329 2577.153 2561.822 2554.553 2547.345
2750.116 2763.751 2771.874 2789.641 2809.163 2836.971 2852.128 2865.975 2870.263 2863.074 2854.687 2842.578 2845.698 2867.463 2879.200 2888.238 2897.336 2909.874 2911.870 2906.365 2904.978 2908.958 2920.356 2932.992 2939.630 2943.319 2946.737 2936.417 2924.256 2920.698 2914.018 2910.828 2909.224 2917.560 2934.735 2931.506 2897.951 2870.756 2836.370 2798.118 2767.804 2757.681 2772.028 2766.483 2749.023 2735.106 2705.769 2696.467 2684.393 2658.731 2656.740 2660.660 2670.265 2682.613 2668.143 2650.521 2631.674 2610.556 2591.675 2583.252 2580.291 2575.878
2874.662 2883.064 2887.119 2894.294 2926.890 2961.114 2987.519 3010.814 3018.584 3007.137 2997.588 2984.747 2975.875 2984.789 3001.084 3018.344 3033.403 3044.636 3047.190 3045.752 3045.890 3048.634 3051.590 3055.433 3063.089 3070.494 3079.425 3088.196 3079.043 3062.009 3051.629 3040.975 3038.651 3038.876 3040.702 3041.072 3026.784 2987.770 2956.848 2924.489 2901.763 2885.781 2880.919 2861.819 2837.537 2787.408 2748.789 2715.979 2694.266 2669.950 2674.433 2693.133 2731.798 2731.957 2718.845 2702.011 2677.035 2652.489 2629.796 2624.012 2620.748 2614.771
3005.797 3010.554 3014.132 3018.495 3044.232 3084.651 3123.386 3154.220 3155.409 3143.107 3132.185 3122.789 3109.558 3105.775 3116.901 3130.944 3149.873 3160.494 3167.555 3164.993 3165.250 3166.624 3168.836 3170.831 3173.911 3182.695 3196.692 3210.092 3209.639 3192.194 3174.364 3157.787 3153.737 3150.022 3144.584 3145.992 3147.211 3133.518 3103.778 3064.878 3023.632 3003.723 2986.399 2974.357 2957.193 2920.626 2858.258 2821.150 2783.905 2754.444 2749.320 2809.022 2822.070 2810.189 2797.157 2773.696 2744.751 2719.768 2695.643 2690.435 2684.796 2675.786
3128.204 3135.692 3139.780 3147.000 3163.770 3193.639 3227.273 3256.126 3272.072 3265.478 3249.098 3228.316 3219.747 3217.202 3220.235 3228.776 3240.126 3258.339 3276.607 3282.177 3282.960 3280.307 3282.581 3283.972 3284.023 3286.356 3293.726 3302.704 3305.719 3298.632 3278.862 3256.196 3243.866 3236.604 3232.692 3232.644 3236.481 3238.430 3224.216 3190.281 3147.461 3116.302 3098.869 3084.731 3070.308 3057.738 3028.229 3007.640 2972.484 2925.365 2894.870 2922.339 2913.184 2901.493 2877.163 2845.116 2813.479 2781.473 2753.877 2742.159 2736.562 2732.805
3245.192 3250.294 3258.557 3273.943 3296.213 3313.977 3335.078 3360.207 3375.437 3380.757 3379.548 3376.124 3377.317 3377.428 3323.896 3329.103 3334.288 3348.632 3361.958 3366.641 3367.089 3364.858 3366.436 3367.046 3366.964 3366.558 3368.220 3372.463 3374.023 3371.875 3360.704 3374.894 3355.595 3342.458 3334.349 3326.162 3317.746 3308.184 3298.238 3279.086 3249.186 3215.023 3191.818 3182.607 3175.945 3167.492 3161.358 3144.365 3121.551 3087.267 3047.536 3022.319 3017.498 3000.431 2966.862 2937.454 2915.346 2878.655 2846.525 2826.968 2822.252 2810.383
3357.959 3362.866 3376.487 3392.332 3379.223 3386.380 3393.726 3400.974 3403.388 3403.963 3403.435 3400.849 3399.901 3397.378 3393.310 3382.829 3384.127 3385.709 3388.084 3391.584 3390.293 3391.255 3394.127 3392.396 3386.491 3382.536 3380.948 3381.783 3389.091 3392.446 3393.324 3390.539 3389.660 3388.813 3385.940 3382.360 3377.292 3370.769 3382.605 3371.070 3344.313 3306.006 3266.489 3257.079 3257.046 3256.729 3254.457 3248.327 3230.158 3202.470 3165.025 3126.260 3116.572 3101.896 3083.891 3067.914 3048.776 3008.689 2970.951 2945.716 2931.789 2906.411
3402.296 3405.081 3407.731 3404.662 3401.488 3396.553 3394.906 3393.361 3390.686 3391.016 3388.777 3384.391 3380.103 3372.154 3360.446 3348.881 3345.248 3349.314 3354.508 3359.226 3363.178 3366.671 3366.883 3361.592 3353.352 3345.982 3344.294 3351.078 3356.800 3363.036 3363.937 3362.666 3360.460 3360.527 3357.714 3358.264 3365.427 3379.981 3383.685 3388.873 3388.235 3374.040 3348.254 3354.864 3335.002 3340.186 3335.385 3323.813 3302.450 3278.152 3247.167 3216.746 3196.197 3187.989 3181.562 3173.853 3159.842 3120.989 3085.655 3054.967 3032.570 3005.519
3387.234 3394.121 3395.101 3387.911 3379.214 3371.810 3364.261 3361.616 3360.470 3359.676 3359.603 3353.848 3344.474 3327.492 3315.507 3304.010 3297.677 3294.037 3297.578 3308.173 3319.452 3324.240 3315.572 3307.395 3295.961 3287.992 3288.470 3289.912 3299.368 3315.545 3322.485 3323.483 3317.682 3312.080 3306.055 3303.722 3310.694 3326.283 3343.001 3358.419 3367.599 3375.447 3382.559 3382.442 3384.858 3386.156 3384.288 3386.126 3368.982 3345.818 3318.206 3293.043 3266.854 3261.928 3260.878 3256.536 3253.575 3221.126 3184.343 3149.417 3121.153 3093.351
3359.047 3360.959 3356.763 3349.980 3339.600 3328.241 3318.127 3310.405 3310.819 3312.546 3313.442 3305.858 3290.283 3272.188 3258.314 3244.067 3239.741 3233.785 3226.735 3236.680 3255.466 3262.388 3246.971 3236.401 3221.587 3214.942 3211.325 3212.451 3221.656 3243.623 3266.712 3268.929 3258.767 3248.773 3244.614 3242.183 3247.869 3265.471 3286.549 3302.806 3313.522 3319.423 3327.716 3337.495 3351.529 3366.132 3378.297 3384.074 3391.698 3388.124 3377.089 3368.523 3345.310 3331.141 3322.791 3318.062 3310.415 3286.712 3257.281 3229.208 3201.754 3177.384
3320.459 3316.437 3309.940 3302.469 3282.974 3270.165 3257.029 3241.949 3237.630 3232.743 3233.391 3221.457 3212.396 3194.970 3179.196 3163.220 3150.266 3144.198 3137.448 3136.972 3150.691 3159.118 3148.677 3138.902 3127.852 3123.092 3119.942 3122.491 3133.127 3153.564 3172.295 3180.778 3173.850 3172.222 3172.332 3171.601 3178.488 3190.892 3209.967 3232.621 3251.477 3261.879 3269.599 3279.611 3294.536 3309.043 3323.658 3341.711 3364.210 3380.205 3390.283 3391.853 3391.128 3384.489 3385.676 3375.230 3363.101 3343.505 3318.496 3291.001 3264.226 3245.962
3275.632 3268.966 3262.630 3241.249 3187.948 3167.140 3147.976 3131.485 3124.471 3115.761 3101.090 3091.789 3086.266 3085.753 3071.015 3053.208 3035.588 3030.325 3026.378 3010.849 3008.305 3009.353 3022.655 3016.370 3014.164 3015.280 3013.095 3015.104 3028.364 3037.413 3044.407 3051.533 3055.459 3065.758 3074.065 3083.557 3101.133 3113.415 3130.060 3151.410 3177.286 3192.984 3203.273 3214.541 3230.578 3247.481 3265.700 3288.569 3314.667 3331.417 3343.060 3355.405 3369.085 3384.259 3390.888 3398.960 3397.646 3393.549 3370.390 3342.101 3321.109 3302.979
3207.990 3204.935 3194.529 3142.459 3100.876 3066.928 3049.030 3025.325 3011.822 2996.207 2960.222 2943.106 2940.926 2953.056 2947.777 2931.798 2919.161 2909.826 2900.903 2884.174 2867.597 2873.280 2890.294 2890.110 2892.476 2899.682 2899.146 2893.500 2892.992 2905.921 2912.432 2923.818 2940.645 2946.107 2961.598 2994.340 3008.199 3024.107 3043.733 3065.327 3088.408 3111.288 3126.032 3141.924 3161.246 3178.725 3199.856 3223.301 3253.193 3274.813 3289.879 3301.533 3313.132 3329.188 3350.341 3369.740 3388.181 3398.625 3400.123 3389.391 3371.303 3352.206
3103.070 3096.121 3068.814 3017.516 2980.432 2955.183 2932.920 2909.317 2886.360 2851.026 2816.792 2795.063 2808.139 2818.126 2827.017 2814.829 2803.461 2793.620 2776.447 2759.899 2744.526 2754.960 2763.581 2780.293 2786.577 2790.648 2796.052 2794.978 2785.952 2783.485 2792.126 2802.580 2814.798 2835.198 2869.966 2895.358 2914.130 2935.441 2955.320 2977.874 3001.918 3025.293 3042.987 3062.226 3081.754 3103.464 3123.824 3147.930 3177.137 3203.640 3220.456 3236.402 3250.976 3271.201 3295.745 3319.362 3345.084 3367.355 3381.334 3394.778 3400.173 3395.554
2980.594 2960.300 2915.009 2872.909 2848.787 2833.178 2809.451 2787.682 2758.993 2725.544 2702.734 2682.124 2691.463 2700.797 2718.749 2709.187 2701.349 2697.598 2682.344 2668.923 2652.919 2659.478 2671.177 2693.373 2699.120 2703.316 2712.450 2711.954 2708.146 2692.862 2700.447 2711.648 2726.651 2757.531 2781.243 2804.738 2827.126 2847.512 2870.058 2893.529 2917.661 2944.689 2965.089 2984.978 3007.369 3027.704 3043.924 3062.186 3087.592 3110.155 3132.117 3155.340 3171.625 3197.356 3228.907 3260.165 3295.293 3320.568 3337.124 3350.601 3363.527 3383.468
2829.218 2779.949 2745.155 2721.547 2716.855 2703.238 2682.777 2663.260 2643.505 2620.741 2601.116 2576.212 2581.131 2596.077 2612.328 2612.083 2612.044 2610.208 2600.532 2587.065 2573.480 2577.210 2593.954 2611.797 2621.476 2629.187 2637.153 2637.266 2628.625 2619.315 2624.685 2640.234 2656.870 2675.710 2697.310 2718.997 2740.126 2763.396 2787.009 2810.929 2836.766 2864.319 2886.183 2910.619 2935.803 2953.847 2964.275 2974.380 2995.776 3013.344 3036.225 3060.137 3079.495 3108.361 3144.305 3187.112 3228.423 3269.084 3288.322 3303.254 3314.934 3331.762
2702.273 2669.187 2640.071 2630.998 2615.000 2600.916 2585.848 2565.560 2548.680 2533.166 2511.802 2500.179 2506.951 2520.178 2528.808 2534.720 2532.422 2529.969 2524.004 2510.173 2504.864 2514.588 2529.843 2543.845 2555.272 2562.322 2567.863 2565.174 2556.535 2553.401 2561.990 2577.942 2592.222 2608.023 2629.295 2650.098 2672.209 2695.285 2718.068 2743.276 2769.238 2795.987 2823.530 2846.895 2866.965 2877.043 2887.698 2889.894 2902.730 2919.967 2938.575 2962.192 2987.707 3015.443 3056.526 3099.253 3141.023 3182.518 3218.614 3240.341 3258.863 3280.153
2627.700 2597.708 2568.610 2543.045 2529.927 2523.164 2510.159 2492.952 2481.447 2465.751 2454.263 2459.057 2460.505 2469.020 2467.643 2468.458 2465.901 2465.206 2462.606 2455.640 2466.543 2473.259 2486.906 2497.133 2506.899 2512.922 2516.793 2517.937 2513.613 2519.363 2526.029 2540.281 2552.026 2566.298 2586.838 2604.299 2623.780 2646.407 2669.823 2694.196 2720.360 2748.801 2774.027 2792.844 2800.910 2811.135 2814.266 2805.132 2817.450 2831.181 2843.390 2865.615 2888.073 2911.406 2951.289 2998.450 3048.673 3088.868 3135.474 3164.760 3191.476 3215.432
2538.283 2508.498 2480.083 2458.844 2453.014 2441.712 2430.927 2418.933 2405.317 2397.485 2402.464 2399.906 2397.389 2395.755 2398.377 2401.598 2401.049 2400.072 2402.616 2412.573 2416.953 2422.373 2431.553 2442.847 2454.534 2458.421 2462.948 2467.588 2473.348 2476.591 2480.724 2491.798 2504.153 2517.271 2533.982 2552.262 2571.672 2594.728 2618.838 2644.685 2672.311 2700.902 2723.696 2733.496 2744.190 2747.192 2741.428 2736.637 2741.627 2754.572 2763.182 2781.770 2805.231 2818.285 2858.734 2909.409 2953.494 2992.281 3030.304 3074.559 3104.729 3132.669
2469.399 2440.056 2417.877 2402.430 2391.417 2380.366 2369.377 2356.472 2348.798 2349.115 2346.206 2343.795 2341.248 2344.058 2347.509 2351.830 2351.916 2352.885 2355.805 2360.152 2366.671 2376.114 2386.963 2399.340 2414.967 2420.184 2425.190 2431.510 2434.775 2438.641 2443.191 2454.695 2467.093 2479.716 2497.289 2515.936 2535.673 2559.068 2586.041 2617.291 2645.563 2673.671 2699.216 2710.119 2715.402 2715.176 2709.831 2697.383 2696.172 2707.004 2709.733 2721.394 2741.564 2751.843 2780.444 2822.553 2852.624 2890.042 2931.927 2987.509 3019.844 3054.618
2396.304 2375.605 2359.536 2340.213 2326.234 2315.003 2305.922 2300.144 2299.031 2296.094 2294.283 2292.659 2290.216 2291.376 2295.422 2299.167 2301.533 2304.408 2308.587 2315.306 2324.407 2332.568 2344.471 2359.383 2374.977 2382.394 2388.300 2394.774 2399.736 2404.547 2408.725 2419.076 2431.379 2442.299 2460.112 2479.663 2500.158 2526.849 2557.780 2589.671 2617.522 2644.634 2672.892 2678.346 2681.268 2682.696 2669.563 2656.511 2650.697 2654.138 2657.172 2661.323 2673.804 2686.707 2708.613 2733.681 2763.587 2801.819 2852.862 2901.797 2938.821 2971.646
