examples/3D/Borden05m/output-maps-METEOIO-OFF/psiliqL0015N0001.asc
ncols         160
nrows         34
xllcorner     620200.000000
yllcorner     5168000.000000
cellsize      0.500000
NODATA_value  -9999.0
[rows 0 to 27 of 34, columns 63 to 125 of 160]
-9999.000 -9999.000 -9999.000 -9999.000 -9999.000 -9999.000 -9999.000 -9999.000 -9999.000 -9999.000 -9999.000 -9999.000 -9999.000 -9999.000 -9999.000 -9999.000 -9999.000 -9999.000 -9999.000 -9999.000 -9999.000 -9999.000 -9999.000 -9999.000 -9999.000 -9999.000 -9999.000 -9999.000 -9999.000 -9999.000 -9999.000 -9999.000 -9999.000 -9999.000 -9999.000 -9999.000 -9999.000 -9999.000 -9999.000 -9999.000 -9999.000 -9999.000 -9999.000 -9999.000 -9999.000 -9999.000 -9999.000 -9999.000 -9999.000 -9999.000 -9999.000 -9999.000 -9999.000 -9999.000 -9999.000 -9999.000 -9999.000 -9999.000 -9999.000 -9999.000 -9999.000 -9999.000 -9999.000
1211.047 1202.090 1194.077 1190.393 1189.773 1189.308 1189.204 1194.698 1202.996 1210.901 1218.263 1220.898 1223.521 1225.873 1226.470 1225.384 1222.265 1219.060 1215.745 1214.271 1206.364 1195.081 1186.401 1183.696 1188.107 1192.574 1195.069 1200.801 1211.446 1222.165 1230.632 1242.509 1248.348 1253.293 1255.951 1251.580 1247.760 1243.599 1238.040 1226.802 -9999.000 -9999.000 -9999.000 -9999.000 -9999.000 -9999.000 -9999.000 -9999.000 -9999.000 -9999.000 -9999.000 -9999.000 -9999.000 -9999.000 -9999.000 -9999.000 -9999.000 -9999.000 -9999.000 -9999.000 -9999.000 -9999.000 -9999.000
1196.592 1188.244 1183.317 1178.241 1176.612 1177.016 1177.399 1181.765 1192.308 1200.521 1205.498 1208.248 1211.082 1210.765 1210.349 1210.172 1207.398 1204.061 1200.757 1199.022 1199.661 1192.118 1186.597 1183.141 1181.307 1183.874 1186.313 1189.875 1199.282 1207.349 1215.407 1229.732 1242.104 1247.198 1244.413 1239.158 1234.990 1227.795 1217.260 1206.686 1197.064 1189.850 1183.902 1177.610 1183.185 1189.504 1198.845 1207.992 1219.641 1231.587 -9999.000 -9999.000 -9999.000 -9999.000 -9999.000 -9999.000 -9999.000 -9999.000 -9999.000 -9999.000 -9999.000 -9999.000 -9999.000
1187.065 1183.925 1179.631 1174.610 1183.739 1185.377 1186.829 1190.443 1193.653 1197.346 1200.285 1205.854 1215.030 1217.923 1218.581 1218.823 1217.067 1214.016 1212.264 1209.573 1204.426 1203.268 1203.490 1203.104 1207.951 1209.464 1211.378 1204.879 1208.530 1214.677 1221.449 1227.704 1234.127 1237.647 1234.069 1233.027 1224.176 1209.874 1198.425 1189.604 1187.558 1183.856 1175.405 1161.948 1168.635 1183.676 1187.743 1190.451 1201.581 1213.515 1223.706 1225.667 1224.707 1223.629 1220.147 1205.541 1190.129 1174.630 1155.610 -9999.000 -9999.000 -9999.000 -9999.000
1194.312 1191.625 1189.710 1202.343 1212.051 1214.265 1217.560 1221.646 1221.611 1210.190 1208.098 1216.428 1226.827 1232.663 1233.008 1232.994 1230.781 1229.825 1229.535 1227.468 1228.079 1230.411 1230.053 1234.453 1240.103 1243.088 1235.723 1226.714 1227.717 1235.493 1243.681 1250.906 1261.279 1272.229 1271.014 1265.075 1255.554 1241.487 1217.499 1197.559 1185.946 1177.914 1169.935 1169.619 1165.578 1176.497 1177.481 1178.757 1186.211 1195.938 1205.712 1211.015 1209.718 1208.304 1205.025 1194.671 1179.119 1163.605 1146.068 1119.857 1090.682 1063.968 1061.739
1205.046 1208.141 1220.540 1234.555 1249.132 1252.397 1255.420 1255.384 1247.014 1237.158 1233.851 1248.567 1264.969 1273.311 1273.914 1272.775 1279.163 1278.080 1276.750 1272.179 1274.109 1275.103 1284.422 1292.136 1299.417 1297.738 1285.721 1274.131 1272.712 1275.740 1279.414 1285.660 1295.653 1304.954 1299.470 1292.025 1281.663 1252.668 1225.312 1207.901 1207.097 1206.334 1200.522 1196.554 1192.716 1185.272 1184.011 1182.333 1180.984 1192.179 1203.927 1206.516 1199.260 1194.499 1191.219 1181.779 1169.630 1153.238 1135.430 1115.520 1086.559 1079.377 1069.760
1254.735 1263.066 1276.383 1293.977 1318.511 1321.794 1325.389 1328.210 1317.368 1305.417 1294.801 1313.392 1323.892 1332.488 1333.759 1343.017 1352.772 1348.474 1340.850 1330.502 1336.830 1348.013 1363.233 1370.341 1374.553 1372.999 1361.586 1355.604 1354.319 1356.845 1354.726 1359.615 1369.396 1384.015 1382.820 1373.825 1350.669 1312.559 1277.632 1256.970 1261.933 1253.907 1245.897 1241.438 1226.752 1215.286 1214.557 1204.145 1197.140 1207.718 1212.856 1213.266 1205.124 1209.144 1200.444 1179.992 1161.629 1145.157 1129.549 1112.597 1104.667 1094.382 1085.471
1302.342 1313.145 1332.881 1356.267 1380.934 1389.239 1392.167 1402.553 1396.735 1387.731 1380.005 1392.727 1404.683 1416.337 1425.642 1438.391 1449.802 1439.429 1426.956 1421.275 1426.871 1447.464 1465.564 1470.913 1472.199 1474.740 1464.988 1458.454 1451.923 1447.222 1441.674 1437.774 1456.626 1473.314 1471.179 1447.225 1422.044 1383.753 1344.231 1311.367 1310.858 1306.343 1304.257 1288.456 1272.124 1255.660 1245.821 1235.809 1221.028 1225.587 1229.147 1237.049 1244.115 1243.895 1225.629 1206.380 1185.348 1165.247 1149.375 1142.423 1135.390 1124.118 1116.113
1413.972 1421.973 1438.896 1463.684 1496.415 1518.169 1537.403 1542.586 1535.144 1526.860 1514.402 1513.700 1531.752 1543.729 1554.078 1564.472 1576.884 1581.776 1578.786 1578.286 1581.786 1589.871 1599.787 1606.822 1612.228 1617.574 1612.675 1602.002 1595.952 1587.509 1581.501 1579.239 1582.938 1594.932 1592.061 1563.565 1535.026 1500.562 1461.063 1427.760 1409.770 1415.349 1403.444 1383.513 1363.489 1328.333 1311.974 1295.494 1265.645 1260.401 1265.885 1276.077 1284.501 1267.610 1248.842 1228.329 1205.775 1184.677 1175.660 1172.128 1167.107 1159.072 1154.619
1550.647 1556.071 1564.971 1599.135 1635.786 1666.070 1691.143 1700.349 1690.569 1681.513 1669.989 1661.127 1666.386 1681.049 1697.610 1712.881 1723.879 1727.209 1726.001 1726.338 1728.590 1731.753 1735.155 1741.813 1749.274 1759.124 1769.583 1763.060 1746.392 1734.696 1722.013 1717.984 1717.151 1716.177 1715.739 1705.766 1671.413 1640.368 1605.833 1575.893 1553.690 1539.422 1517.590 1492.336 1443.565 1401.982 1365.991 1338.387 1309.359 1306.704 1326.334 1356.824 1350.223 1335.380 1315.713 1288.362 1261.358 1235.113 1226.453 1221.250 1213.556 1204.585 1196.915
1693.815 1699.005 1706.312 1730.615 1769.671 1807.850 1838.234 1842.063 1832.650 1822.785 1813.236 1802.555 1799.384 1807.843 1819.309 1835.548 1846.361 1855.094 1853.855 1854.194 1854.866 1857.040 1859.048 1861.404 1868.855 1881.069 1892.658 1893.440 1879.603 1863.034 1846.636 1840.906 1836.027 1830.633 1830.887 1831.012 1821.143 1793.612 1755.508 1711.787 1685.154 1662.851 1647.493 1628.587 1598.225 1542.778 1509.048 1471.778 1436.743 1418.272 1460.952 1461.341 1446.719 1428.734 1401.238 1370.558 1341.909 1313.467 1302.717 1294.195 1283.042 1273.604 1262.313
1826.465 1832.162 1841.770 1858.696 1884.033 1913.960 1940.999 1957.952 1953.931 1941.120 1923.788 1918.347 1917.103 1919.382 1926.182 1934.528 1950.010 1965.804 1970.898 1971.505 1969.035 1971.188 1972.478 1972.678 1974.088 1979.388 1986.816 1989.572 1984.674 1968.645 1948.998 1936.126 1928.633 1924.779 1923.365 1924.942 1924.416 1911.323 1880.780 1841.420 1808.071 1786.092 1768.847 1753.006 1739.528 1716.134 1695.817 1662.359 1616.189 1579.753 1584.946 1571.991 1556.423 1528.017 1493.992 1462.370 1426.390 1393.070 1373.362 1362.935 1353.820 1342.886 1327.827
1942.282 1951.286 1966.395 1985.798 2000.423 2017.973 2039.762 2052.771 2058.498 2058.827 2057.550 2059.606 2060.066 2028.277 2031.721 2034.943 2043.325 2052.095 2054.853 2054.986 2053.631 2054.868 2055.405 2055.672 2055.466 2055.901 2058.541 2059.637 2058.663 2051.627 2057.773 2041.263 2029.953 2022.977 2015.569 2007.190 1997.557 1987.674 1970.814 1943.603 1910.597 1884.356 1872.691 1864.875 1856.452 1849.464 1832.631 1809.721 1777.049 1737.162 1704.046 1693.145 1673.256 1639.933 1610.999 1588.375 1549.095 1511.465 1484.123 1471.503 1451.459 1429.735 1409.841
2046.157 2058.063 2071.349 2064.306 2068.548 2072.933 2077.278 2078.777 2079.271 2079.217 2077.214 2077.056 2075.526 2071.285 2061.759 2063.117 2064.396 2066.542 2069.727 2068.205 2069.058 2072.032 2070.709 2065.454 2062.060 2060.643 2061.254 2068.441 2071.783 2072.959 2072.153 2072.143 2072.344 2071.224 2069.474 2066.575 2062.570 2067.553 2057.300 2033.803 2000.438 1965.250 1952.472 1948.756 1948.228 1944.686 1937.902 1919.160 1891.818 1855.529 1817.204 1801.903 1785.927 1768.898 1752.674 1732.804 1691.732 1650.446 1618.428 1596.262 1564.911 1538.385 1513.518
2084.930 2085.911 2082.375 2078.742 2073.833 2072.307 2070.780 2068.182 2068.636 2066.626 2062.760 2059.336 2052.933 2042.385 2031.263 2028.518 2032.788 2037.490 2041.511 2044.565 2047.802 2048.834 2044.370 2036.971 2030.304 2028.679 2035.200 2040.738 2046.219 2047.221 2046.445 2045.221 2046.328 2044.737 2045.974 2052.938 2066.415 2071.675 2074.718 2074.306 2065.756 2050.122 2045.692 2026.035 2029.369 2024.272 2012.612 1991.864 1968.591 1939.588 1911.084 1887.903 1878.441 1871.033 1862.118 1848.774 1811.260 1774.375 1739.553 1711.372 1680.021 1650.154 1621.728
2075.215 2075.904 2068.523 2059.915 2052.669 2045.539 2043.013 2041.442 2040.433 2040.230 2034.785 2026.799 2011.529 2000.249 1989.252 1983.233 1980.792 1985.065 1994.502 2003.977 2008.478 2001.643 1994.607 1984.505 1977.066 1977.644 1979.762 1988.665 2002.839 2008.049 2009.348 2005.083 2001.564 1996.935 1995.947 2003.440 2018.627 2034.019 2047.839 2056.131 2063.498 2069.941 2072.530 2073.576 2073.821 2072.141 2071.165 2055.655 2034.878 2010.933 1987.539 1961.983 1955.296 1952.465 1947.164 1943.459 1913.465 1877.479 1842.045 1811.242 1781.055 1752.293 1724.076
2045.939 2041.753 2034.483 2023.852 2012.507 2002.332 1995.316 1995.366 1996.725 1997.012 1989.964 1975.224 1957.898 1944.566 1930.780 1926.679 1921.403 1916.232 1926.086 1942.954 1949.125 1935.638 1926.278 1912.769 1906.222 1903.386 1904.883 1914.043 1934.036 1954.159 1956.235 1947.682 1939.660 1936.734 1935.787 1943.166 1961.590 1981.827 1996.966 2006.923 2012.810 2020.999 2030.387 2042.585 2055.411 2065.965 2073.198 2077.609 2075.329 2068.717 2057.433 2036.950 2023.552 2014.211 2008.688 2000.421 1978.718 1951.246 1924.197 1896.571 1872.132 1849.966 1820.632
2004.256 1997.129 1989.027 1972.590 1959.502 1946.510 1931.796 1927.309 1922.997 1923.440 1911.255 1900.503 1881.705 1865.783 1849.802 1838.455 1832.215 1825.738 1828.227 1842.698 1851.374 1839.171 1829.602 1817.950 1812.739 1809.846 1812.018 1822.298 1843.854 1862.712 1870.780 1864.523 1862.176 1862.680 1863.917 1871.773 1886.937 1907.351 1929.295 1946.644 1956.894 1965.112 1975.402 1989.802 2003.440 2016.871 2033.342 2053.092 2067.390 2076.533 2079.719 2079.267 2075.196 2072.735 2063.086 2052.189 2035.011 2012.162 1986.207 1960.473 1942.707 1924.568 1904.932
1957.004 1948.923 1930.308 1880.804 1860.457 1840.720 1823.794 1816.448 1807.456 1796.336 1785.654 1777.720 1771.071 1754.583 1736.155 1718.887 1713.034 1708.364 1697.148 1699.482 1701.905 1708.669 1702.058 1697.757 1696.937 1694.837 1697.891 1711.522 1722.796 1732.553 1739.941 1741.554 1751.399 1760.767 1769.185 1788.091 1803.396 1822.569 1845.680 1871.526 1887.022 1898.140 1910.227 1926.596 1943.547 1961.024 1983.030 2007.269 2022.770 2033.591 2045.295 2057.808 2071.612 2079.553 2085.564 2084.929 2080.766 2060.622 2036.103 2016.548 1999.597 1985.287 1970.867
1893.766 1881.988 1835.002 1790.146 1754.545 1733.885 1709.285 1695.533 1681.491 1650.814 1633.889 1626.921 1631.917 1621.812 1603.751 1589.078 1579.835 1571.944 1557.554 1546.209 1551.090 1564.755 1561.837 1561.680 1566.956 1565.831 1562.032 1566.050 1580.356 1588.626 1599.896 1614.417 1621.273 1635.093 1666.464 1683.527 1701.960 1724.846 1749.672 1775.621 1799.564 1815.888 1833.173 1854.063 1872.598 1894.441 1918.413 1947.489 1967.713 1982.307 1993.914 2005.483 2021.091 2040.890 2058.386 2075.207 2086.253 2087.741 2082.067 2063.690 2047.372 2033.877 2025.655
1783.878 1758.484 1707.012 1663.824 1631.654 1606.185 1579.693 1557.732 1526.586 1492.853 1470.598 1476.466 1482.733 1484.407 1469.805 1456.629 1445.975 1430.798 1414.874 1402.067 1411.111 1419.694 1430.644 1435.143 1439.102 1442.659 1441.740 1436.204 1439.465 1448.747 1459.932 1472.173 1489.501 1522.758 1550.353 1571.091 1595.077 1618.610 1645.189 1673.289 1699.420 1719.843 1742.237 1765.099 1789.388 1812.705 1839.478 1870.364 1896.631 1913.593 1929.332 1944.394 1964.536 1988.419 2011.112 2035.411 2056.762 2069.861 2083.263 2091.253 2089.358 2078.111 2066.338
1646.830 1603.766 1557.368 1521.963 1497.155 1469.884 1444.538 1415.496 1382.389 1355.971 1334.590 1340.816 1347.254 1359.458 1347.495 1336.793 1330.939 1315.762 1301.878 1286.928 1294.138 1304.581 1323.286 1327.979 1331.724 1339.409 1338.643 1335.978 1325.462 1334.164 1345.365 1360.242 1389.902 1415.897 1441.763 1465.664 1488.589 1514.020 1541.262 1569.299 1599.240 1623.074 1646.727 1673.042 1697.775 1719.624 1743.672 1773.182 1799.023 1822.057 1846.010 1864.341 1891.129 1922.859 1953.087 1987.026 2011.147 2027.977 2042.201 2056.117 2075.570 2087.302 2090.798
1462.561 1425.243 1390.618 1374.098 1354.429 1329.961 1307.224 1285.034 1258.985 1236.348 1211.209 1214.426 1226.779 1240.685 1236.102 1233.209 1230.162 1219.238 1205.551 1191.958 1195.591 1211.222 1228.368 1236.521 1243.526 1251.260 1251.476 1244.252 1235.808 1241.682 1256.615 1273.515 1294.712 1318.032 1341.359 1363.787 1388.606 1414.460 1441.037 1469.822 1500.111 1524.384 1552.201 1581.212 1604.754 1621.051 1638.657 1666.593 1689.185 1715.464 1742.342 1764.658 1797.300 1835.566 1879.646 1921.917 1960.983 1980.224 1996.174 2009.240 2027.303 2048.957 2069.416
1322.095 1289.145 1271.826 1251.556 1232.828 1213.932 1191.809 1172.098 1153.397 1130.828 1114.312 1119.451 1132.006 1141.939 1145.310 1142.251 1139.174 1132.004 1118.203 1109.610 1118.446 1133.771 1148.387 1158.987 1165.857 1171.831 1169.229 1161.027 1156.215 1164.674 1180.642 1195.812 1213.314 1235.536 1257.740 1280.783 1305.016 1329.380 1356.360 1384.362 1413.126 1442.188 1468.763 1493.637 1508.396 1523.758 1534.123 1553.834 1576.344 1600.741 1629.020 1658.977 1693.487 1739.849 1786.929 1832.055 1875.570 1910.353 1933.602 1953.349 1976.366 1999.815 2019.562
1227.131 1195.339 1168.171 1150.709 1140.399 1124.946 1105.359 1091.659 1074.447 1058.228 1059.100 1061.145 1071.154 1071.305 1071.736 1068.696 1067.575 1063.668 1054.101 1062.229 1069.492 1083.845 1094.495 1104.065 1110.286 1114.388 1114.724 1109.049 1113.361 1120.554 1135.307 1147.521 1162.873 1184.231 1202.477 1222.890 1246.217 1270.462 1295.993 1323.299 1352.877 1379.820 1401.657 1413.529 1427.217 1435.653 1432.753 1450.160 1468.743 1487.027 1514.334 1542.645 1575.037 1621.861 1674.936 1729.934 1775.874 1824.418 1855.598 1884.842 1911.963 1940.116 1965.685
1125.888 1095.419 1070.955 1061.769 1049.495 1037.187 1023.535 1009.073 998.073 999.576 996.666 994.887 994.815 997.362 999.983 999.013 997.822 999.202 1006.779 1011.034 1016.506 1026.427 1037.635 1048.565 1052.584 1056.986 1060.737 1065.204 1068.193 1072.647 1084.132 1096.476 1110.083 1127.399 1145.778 1165.562 1188.918 1213.056 1238.963 1267.131 1296.052 1319.198 1330.955 1343.447 1349.451 1347.233 1345.877 1355.738 1371.892 1385.913 1409.920 1437.975 1461.045 1510.102 1567.309 1620.244 1666.374 1711.423 1757.129 1792.423 1824.721 1862.253 1894.721
1047.814 1022.397 1004.383 992.801 981.291 969.798 955.942 946.076 944.502 941.483 938.892 936.591 939.459 942.796 946.890 946.572 947.093 949.739 953.961 960.009 969.216 980.058 992.140 1007.010 1011.841 1016.637 1022.502 1025.468 1029.008 1033.546 1045.145 1057.371 1070.154 1087.733 1106.233 1126.126 1149.465 1176.259 1207.203 1235.417 1263.459 1288.203 1299.550 1306.037 1306.995 1303.611 1293.762 1295.450 1309.253 1315.787 1332.280 1357.129 1374.288 1413.321 1464.089 1503.091 1547.985 1595.936 1655.020 1693.511 1734.711 1774.168 1812.211
976.576 958.382 938.319 924.443 912.998 902.935 895.235 892.903 889.540 887.350 885.635 883.472 885.136 889.095 892.898 894.911 897.549 900.984 907.253 916.218 924.634 936.523 951.238 966.358 973.053 978.719 984.718 989.133 993.652 997.814 1008.292 1020.452 1031.883 1049.743 1069.013 1088.971 1115.583 1146.303 1177.615 1205.043 1231.987 1259.077 1264.630 1268.011 1269.755 1258.191 1245.762 1242.139 1247.512 1252.058 1261.479 1277.459 1294.319 1324.650 1357.671 1394.451 1439.034 1495.562 1551.375 1594.121 1635.075 1675.111 1710.642
