examples/3D/Borden05m/output-maps-METEOIO-OFF/psiliqL0023N0004.asc
ncols         160
nrows         34
xllcorner     620200.000000
yllcorner     5168000.000000
cellsize      0.500000
NODATA_value  -9999.0
[rows 0 to 27 of 34, columns 62 to 123 of 160]
-9999.000 -9999.000 -9999.000 -9999.000 -9999.000 -9999.000 -9999.000 -9999.000 -9999.000 -9999.000 -9999.000 -9999.000 -9999.000 -9999.000 -9999.000 -9999.000 -9999.000 -9999.000 -9999.000 -9999.000 -9999.000 -9999.000 -9999.000 -9999.000 -9999.000 -9999.000 -9999.000 -9999.000 -9999.000 -9999.000 -9999.000 -9999.000 -9999.000 -9999.000 -9999.000 -9999.000 -9999.000 -9999.000 -9999.000 -9999.000 -9999.000 -9999.000 -9999.000 -9999.000 -9999.000 -9999.000 -9999.000 -9999.000 -9999.000 -9999.000 -9999.000 -9999.000 -9999.000 -9999.000 -9999.000 -9999.000 -9999.000 -9999.000 -9999.000 -9999.000 -9999.000 -9999.000
2837.859 2829.685 2820.864 2813.369 2809.727 2809.105 2808.745 2808.611 2813.971 2822.391 2830.360 2837.624 2840.335 2842.976 2845.164 2845.677 2844.714 2841.649 2838.460 2835.192 2833.635 2826.198 2815.078 2806.691 2803.991 2808.188 2812.488 2814.848 2820.029 2830.296 2840.704 2848.992 2861.067 2867.419 2872.274 2874.466 2869.941 2866.086 2861.648 2855.313 2843.948 -9999.000 -9999.000 -9999.000 -9999.000 -9999.000 -9999.000 -9999.000 -9999.000 -9999.000 -9999.000 -9999.000 -9999.000 -9999.000 -9999.000 -9999.000 -9999.000 -9999.000 -9999.000 -9999.000 -9999.000 -9999.000
2819.109 2815.161 2807.098 2802.427 2797.444 2795.446 2795.913 2796.260 2800.420 2811.403 2819.572 2824.485 2827.375 2830.421 2829.375 2828.860 2828.794 2826.056 2822.720 2819.450 2817.700 2818.992 2811.448 2805.593 2801.797 2799.096 2801.711 2804.224 2808.386 2817.432 2825.157 2832.892 2847.536 2860.157 2865.309 2862.291 2857.091 2852.741 2844.961 2833.876 2823.407 2814.657 2807.837 2801.797 2794.831 2800.415 2807.261 2816.011 2824.348 2835.882 2847.796 -9999.000 -9999.000 -9999.000 -9999.000 -9999.000 -9999.000 -9999.000 -9999.000 -9999.000 -9999.000 -9999.000
2801.288 2805.032 2802.211 2797.915 2791.240 2801.363 2802.858 2804.061 2807.641 2810.139 2815.116 2817.898 2823.498 2832.708 2835.703 2836.342 2836.565 2834.748 2831.637 2829.800 2827.083 2821.873 2820.260 2820.050 2818.970 2823.199 2824.632 2827.163 2821.262 2825.301 2831.311 2837.971 2843.391 2849.269 2851.688 2847.914 2847.637 2838.725 2824.473 2813.779 2805.563 2804.793 2801.173 2792.570 2778.339 2785.603 2800.821 2804.831 2806.912 2817.547 2829.392 2839.621 2842.105 2841.107 2839.985 2836.293 2821.646 2806.184 2790.484 2771.406 -9999.000 -9999.000
2812.373 2811.053 2808.112 2804.746 2816.078 2825.046 2826.924 2829.844 2834.076 2834.929 2824.151 2822.316 2830.053 2840.062 2845.532 2845.872 2845.697 2842.492 2841.452 2841.274 2839.438 2839.236 2840.985 2839.070 2842.343 2847.778 2850.908 2845.003 2836.303 2838.050 2846.117 2854.739 2861.933 2871.812 2882.255 2881.732 2876.423 2867.230 2853.934 2830.654 2812.064 2800.470 2791.959 2783.945 2785.445 2780.312 2792.736 2793.714 2795.340 2802.181 2811.891 2821.889 2827.369 2825.951 2824.390 2821.046 2810.609 2795.022 2779.441 2761.399 2734.541 2705.072
2816.677 2816.459 2817.969 2827.971 2840.599 2852.919 2855.446 2857.783 2857.048 2849.528 2839.569 2836.931 2850.739 2867.502 2875.596 2875.487 2872.090 2876.138 2875.998 2876.062 2872.417 2873.468 2871.945 2878.353 2885.958 2893.637 2892.085 2879.688 2867.432 2866.848 2871.461 2877.287 2884.214 2893.980 2902.777 2897.418 2891.286 2882.763 2855.902 2831.649 2816.136 2815.730 2815.593 2810.258 2807.143 2804.862 2799.265 2798.491 2796.854 2795.753 2807.184 2819.512 2822.238 2814.767 2809.876 2806.662 2797.693 2785.336 2768.719 2750.861 2730.525 2701.607
2853.517 2855.019 2861.826 2873.204 2887.385 2909.925 2910.498 2911.902 2911.858 2899.714 2887.060 2877.118 2898.392 2909.396 2917.020 2915.541 2921.810 2930.784 2927.062 2920.459 2908.889 2914.672 2922.363 2937.432 2945.026 2949.888 2946.009 2932.681 2926.018 2926.650 2931.874 2931.941 2939.289 2947.993 2962.477 2960.855 2955.718 2934.710 2897.200 2866.158 2851.106 2860.399 2853.683 2846.372 2844.573 2832.000 2823.095 2824.193 2814.939 2809.104 2820.624 2826.512 2827.024 2818.460 2822.587 2814.612 2793.189 2775.414 2759.667 2744.310 2726.488 2719.298
2873.677 2879.124 2889.714 2907.950 2927.382 2948.500 2949.733 2945.753 2955.676 2949.166 2939.009 2931.604 2950.766 2961.443 2972.101 2978.826 2991.511 3002.220 2987.408 2971.626 2962.513 2969.107 2993.243 3014.345 3019.145 3018.656 3018.787 3004.883 2999.489 2995.121 2993.935 2990.294 2987.590 3010.819 3030.700 3029.679 3007.300 2983.801 2944.541 2906.294 2879.561 2888.669 2884.730 2886.221 2874.186 2860.789 2850.637 2845.654 2837.691 2826.251 2833.637 2837.406 2844.797 2851.280 2853.915 2836.225 2817.498 2797.103 2778.018 2762.728 2755.382 2748.121
2944.944 2958.711 2966.966 2985.044 3004.091 3031.522 3046.031 3059.326 3063.622 3056.550 3048.197 3036.175 3039.877 3062.216 3073.960 3082.846 3091.790 3104.372 3105.979 3100.137 3098.648 3102.731 3114.651 3127.740 3134.396 3137.913 3141.106 3130.029 3117.640 3114.416 3107.978 3105.202 3103.714 3112.728 3130.628 3127.270 3092.824 3065.557 3030.832 2992.359 2962.088 2952.747 2968.038 2963.105 2945.717 2932.415 2903.677 2895.172 2883.528 2858.272 2856.567 2860.103 2869.480 2882.254 2868.003 2850.429 2831.718 2810.714 2792.069 2783.657 2780.713 2776.329
3069.046 3077.599 3081.569 3088.695 3121.370 3155.605 3181.765 3205.021 3212.723 3201.128 3191.579 3178.611 3169.792 3179.272 3195.835 3213.216 3228.253 3239.521 3241.962 3240.495 3240.618 3243.458 3246.424 3250.383 3258.241 3265.694 3274.536 3283.089 3273.567 3256.493 3246.337 3236.030 3234.016 3234.444 3236.679 3237.107 3222.053 3182.110 3150.835 3118.350 3096.222 3080.731 3076.822 3057.712 3033.167 2982.461 2943.922 2911.246 2890.065 2866.118 2871.336 2889.649 2929.249 2930.146 2917.060 2900.424 2875.600 2851.236 2828.896 2823.383 2820.266 2814.421
3200.375 3205.019 3208.423 3212.488 3238.630 3279.485 3318.508 3349.547 3350.453 3337.817 3326.822 3317.526 3304.003 3300.185 3311.721 3326.137 3345.438 3356.009 3362.809 3360.044 3360.287 3361.774 3364.018 3366.047 3369.270 3378.281 3392.560 3406.242 3405.642 3387.736 3369.811 3353.317 3349.619 3346.163 3340.767 3342.324 3343.602 3329.180 3298.855 3259.516 3218.294 3199.021 3182.054 3170.082 3152.732 3114.860 3051.104 3013.136 2975.502 2946.423 2942.795 3004.565 3019.073 3007.237 2994.562 2971.341 2942.336 2917.594 2893.818 2889.150 2883.688 2874.773
3323.170 3330.672 3334.515 3341.421 3358.239 3388.852 3423.097 3452.265 3468.113 3461.207 3444.388 3423.196 3414.262 3411.595 3414.776 3423.578 3435.345 3453.921 3472.511 3478.127 3478.925 3476.250 3478.557 3479.990 3480.049 3482.541 3490.229 3499.453 3502.547 3495.220 3475.022 3452.057 3439.942 3432.831 3428.990 3429.161 3433.283 3435.490 3420.973 3386.390 3342.913 3311.893 3294.890 3280.907 3266.352 3253.574 3222.867 3201.908 3166.140 3118.459 3088.363 3118.590 3109.565 3097.988 3073.766 3041.535 3009.461 2977.608 2950.421 2939.441 2934.151 2930.805
3440.834 3445.954 3454.047 3469.431 3492.096 3510.315 3531.930 3557.541 3573.103 3578.401 3577.034 3573.383 3574.538 3574.678 3518.100 3523.593 3529.066 3544.248 3558.201 3563.136 3563.617 3561.262 3562.906 3563.552 3563.452 3563.045 3564.907 3569.405 3571.071 3568.823 3557.160 3572.625 3553.061 3539.786 3531.607 3523.356 3514.937 3505.349 3495.338 3475.803 3445.476 3411.101 3388.246 3379.244 3372.555 3363.886 3357.661 3340.425 3317.380 3282.580 3242.558 3218.146 3213.838 3196.743 3162.638 3132.653 3110.128 3073.317 3041.451 3022.456 3018.326 3007.098
3555.243 3560.153 3573.937 3590.084 3576.065 3583.612 3591.365 3599.017 3601.566 3602.179 3601.636 3599.042 3598.071 3595.498 3591.539 3580.981 3582.304 3583.936 3586.330 3589.856 3588.586 3589.566 3592.444 3590.690 3584.732 3580.734 3579.149 3580.038 3587.390 3590.793 3591.704 3588.739 3587.854 3586.973 3583.942 3580.157 3574.797 3567.901 3580.689 3568.955 3541.734 3502.733 3462.588 3453.610 3454.014 3453.615 3451.410 3445.265 3427.068 3399.212 3361.473 3322.493 3313.400 3298.615 3280.100 3263.759 3244.322 3203.943 3166.207 3141.356 3127.987 3102.822
3600.290 3603.105 3605.915 3602.853 3599.703 3594.739 3593.059 3591.503 3588.820 3589.151 3586.922 3582.529 3578.207 3570.139 3558.365 3546.819 3543.110 3547.167 3552.425 3557.223 3561.288 3564.822 3564.945 3559.583 3551.279 3543.855 3542.190 3549.024 3554.780 3561.143 3562.077 3560.815 3558.574 3558.606 3555.718 3556.235 3563.450 3578.145 3581.597 3587.070 3586.397 3571.405 3544.172 3552.337 3532.398 3537.780 3532.956 3521.348 3499.869 3475.416 3444.146 3413.437 3393.200 3385.036 3378.550 3370.788 3356.449 3317.146 3281.705 3251.188 3229.118 3202.100
3585.364 3592.264 3593.215 3585.998 3577.252 3569.804 3562.181 3559.509 3558.419 3557.659 3557.627 3551.873 3542.371 3525.235 3513.244 3501.758 3495.434 3491.645 3495.073 3505.808 3517.323 3522.154 3513.261 3504.983 3493.428 3485.443 3485.939 3487.289 3496.813 3513.270 3520.479 3521.501 3515.588 3509.817 3503.718 3501.287 3508.231 3523.876 3540.753 3556.369 3565.656 3573.565 3580.759 3580.227 3582.788 3584.173 3582.214 3584.409 3567.017 3543.528 3515.432 3490.060 3463.796 3459.095 3458.235 3453.953 3451.028 3418.156 3381.153 3346.127 3317.970 3290.148
3557.109 3558.930 3554.650 3547.868 3537.471 3526.069 3515.928 3508.073 3508.506 3510.255 3511.217 3503.551 3487.873 3469.704 3455.801 3441.535 3437.208 3431.161 3423.824 3433.749 3452.780 3459.809 3444.156 3433.481 3418.557 3411.961 3408.265 3409.340 3418.530 3440.761 3464.289 3466.594 3456.328 3446.217 3442.062 3439.580 3445.133 3462.665 3483.871 3500.282 3511.106 3517.008 3525.306 3535.110 3549.351 3564.133 3576.446 3581.942 3589.978 3586.205 3574.553 3566.405 3542.828 3528.558 3520.348 3515.737 3508.208 3484.275 3454.625 3426.442 3398.993 3374.532
3518.509 3514.358 3507.819 3500.312 3480.263 3467.383 3454.123 3438.896 3434.511 3429.453 3430.039 3418.049 3409.144 3391.846 3376.048 3360.042 3346.834 3340.761 3333.933 3332.991 3346.572 3354.960 3344.803 3335.059 3324.163 3319.524 3316.368 3318.975 3329.648 3349.921 3368.665 3377.296 3370.428 3369.122 3369.437 3368.691 3375.658 3387.820 3406.808 3429.648 3448.798 3459.292 3466.986 3476.971 3491.949 3506.523 3521.227 3539.417 3562.229 3578.412 3588.594 3589.921 3589.151 3582.139 3583.845 3573.303 3561.053 3541.212 3516.032 3488.468 3461.681 3443.438
3473.620 3466.954 3460.629 3438.607 3384.514 3363.390 3344.076 3327.444 3320.298 3311.457 3296.099 3286.798 3281.410 3281.575 3266.917 3249.066 3231.294 3226.038 3222.129 3205.929 3202.655 3203.498 3217.757 3211.563 3209.706 3211.140 3208.970 3210.844 3224.062 3232.816 3239.476 3246.684 3251.132 3261.772 3270.280 3280.312 3298.056 3310.199 3326.733 3348.071 3374.188 3390.125 3400.467 3411.744 3427.814 3444.740 3463.047 3485.988 3512.292 3529.163 3540.877 3553.276 3567.088 3582.423 3588.835 3597.193 3595.811 3591.805 3568.348 3539.694 3518.689 3500.582
3405.366 3402.361 3391.749 3338.525 3296.966 3262.809 3244.901 3220.987 3207.238 3191.145 3154.145 3136.722 3134.928 3147.793 3142.952 3127.065 3114.563 3105.100 3095.946 3078.819 3061.456 3067.244 3084.754 3084.985 3087.741 3095.250 3094.819 3088.927 3087.802 3100.585 3106.931 3118.471 3135.836 3141.394 3157.517 3190.922 3204.779 3220.739 3240.299 3261.848 3284.952 3308.080 3322.945 3338.940 3358.296 3375.821 3396.978 3420.422 3450.471 3472.309 3487.448 3499.104 3510.692 3526.785 3548.094 3567.735 3586.401 3596.797 3598.386 3587.068 3569.197 3549.905
3299.419 3292.459 3264.299 3212.409 3175.573 3150.708 3128.370 3104.747 3081.302 3045.071 3010.483 2988.548 3002.378 3012.640 3022.333 3010.300 2999.044 2989.210 2971.672 2954.979 2939.207 2949.831 2958.468 2976.019 2982.576 2986.678 2992.360 2991.279 2981.778 2978.538 2987.163 2997.628 3010.016 3031.103 3066.429 3091.916 3110.838 3132.205 3152.028 3174.530 3198.561 3222.087 3239.901 3259.177 3278.698 3300.452 3320.727 3344.728 3373.927 3400.648 3417.585 3433.671 3448.262 3468.557 3493.223 3516.978 3542.907 3565.331 3579.490 3593.033 3598.189 3593.345
3175.888 3154.787 3108.502 3066.324 3043.152 3028.255 3004.526 2982.862 2953.902 2920.136 2897.605 2876.887 2886.469 2896.035 2914.651 2905.299 2897.765 2894.238 2878.916 2865.522 2849.345 2855.805 2867.689 2890.395 2896.301 2900.569 2909.915 2909.464 2905.505 2889.563 2897.034 2908.309 2923.444 2954.667 2978.281 3001.721 3024.211 3044.583 3067.115 3090.514 3114.613 3141.769 3162.234 3182.169 3204.608 3224.896 3240.841 3258.770 3284.051 3306.548 3328.698 3352.119 3368.393 3394.220 3425.944 3457.497 3492.901 3518.425 3535.024 3548.485 3561.376 3581.515
3023.119 2972.596 2937.573 2914.960 2911.430 2898.215 2877.941 2858.579 2838.934 2816.445 2797.085 2772.069 2777.103 2792.310 2808.803 2809.101 2809.408 2807.700 2798.169 2784.711 2771.114 2774.856 2791.762 2809.710 2819.611 2827.424 2835.423 2835.518 2826.674 2817.246 2822.560 2838.232 2854.887 2873.478 2894.956 2916.567 2937.698 2960.968 2984.528 3008.391 3034.184 3061.764 3083.744 3108.213 3133.421 3151.267 3161.447 3171.087 3192.167 3209.590 3232.513 3256.516 3275.976 3304.818 3340.900 3383.930 3425.434 3466.583 3486.030 3500.990 3512.623 3529.414
2897.203 2864.030 2835.047 2826.760 2811.018 2797.293 2782.520 2762.295 2745.665 2730.484 2709.189 2698.178 2705.112 2718.375 2726.770 2733.005 2730.786 2728.398 2722.589 2708.743 2703.896 2713.748 2728.996 2742.913 2754.458 2761.532 2767.005 2764.294 2755.582 2752.681 2761.286 2777.242 2791.412 2807.001 2828.186 2848.857 2870.923 2893.944 2916.642 2941.776 2967.667 2994.389 3022.022 3045.292 3065.097 3074.968 3085.451 3087.025 3099.461 3116.532 3134.909 3158.499 3184.088 3211.611 3252.695 3295.521 3337.451 3379.200 3415.925 3437.795 3456.436 3477.718
2824.419 2794.509 2765.536 2739.958 2727.246 2720.810 2708.005 2691.021 2679.738 2664.186 2653.316 2658.623 2659.949 2668.221 2666.602 2667.454 2664.952 2664.308 2661.888 2655.290 2666.588 2673.227 2686.775 2696.943 2706.735 2712.725 2716.554 2717.801 2713.656 2719.597 2726.173 2740.343 2752.015 2766.131 2786.561 2803.923 2823.295 2845.857 2869.207 2893.490 2919.592 2948.002 2973.152 2991.751 2999.532 3009.568 3012.290 3002.660 3014.692 3028.205 3040.065 3062.160 3084.484 3107.333 3147.123 3194.386 3244.847 3285.067 3332.131 3361.774 3388.663 3412.610
2735.875 2706.163 2677.891 2656.976 2651.507 2640.243 2629.594 2617.772 2604.227 2596.810 2602.256 2599.725 2597.085 2595.215 2597.839 2601.138 2600.645 2599.696 2602.405 2612.702 2617.101 2622.515 2631.590 2642.897 2654.688 2658.550 2663.085 2667.839 2673.767 2677.027 2681.096 2692.091 2704.429 2717.459 2734.067 2752.319 2771.665 2794.671 2818.780 2844.631 2872.207 2900.796 2923.612 2933.235 2943.810 2946.557 2940.497 2935.466 2940.048 2952.862 2961.078 2979.348 3002.713 3015.020 3055.057 3105.736 3149.560 3188.310 3226.289 3271.228 3301.484 3329.519
2667.897 2638.622 2616.823 2601.669 2590.674 2579.637 2568.678 2555.875 2548.490 2549.059 2546.153 2543.758 2541.168 2543.967 2547.432 2551.784 2551.928 2552.962 2555.921 2560.288 2566.877 2576.355 2587.206 2599.625 2615.356 2620.622 2625.647 2632.018 2635.310 2639.202 2643.733 2655.200 2667.598 2680.172 2697.718 2716.358 2736.046 2759.424 2786.400 2817.675 2845.943 2874.060 2899.735 2910.609 2915.781 2915.473 2909.962 2897.285 2895.831 2906.441 2908.870 2920.142 2940.029 2949.812 2977.536 3019.148 3048.792 3086.076 3128.074 3184.169 3216.635 3251.451
2595.242 2574.890 2559.083 2539.828 2525.802 2514.576 2505.616 2500.098 2499.149 2496.267 2494.506 2492.893 2490.409 2491.496 2495.556 2499.295 2501.714 2504.624 2508.913 2515.698 2524.820 2532.947 2544.852 2559.790 2575.449 2582.962 2588.893 2595.422 2600.446 2605.279 2609.437 2619.746 2632.042 2642.861 2660.636 2680.196 2700.736 2727.405 2758.333 2790.275 2818.157 2845.271 2873.681 2879.121 2881.995 2883.412 2870.109 2857.040 2851.006 2854.284 2857.243 2860.822 2873.037 2885.683 2906.783 2931.214 2960.742 2998.778 3049.848 3098.706 3135.891 3168.572
