examples/3D/Borden05m/output-maps-METEOIO-OFF/psiliqL0016N0004.asc
ncols         160
nrows         34
xllcorner     620200.000000
yllcorner     5168000.000000
cellsize      0.500000
NODATA_value  -9999.0
[rows 0 to 27 of 34, columns 0 to 62 of 160]
-9999.000 -9999.000 -9999.000 -9999.000 -9999.000 -9999.000 -9999.000 -9999.000 -9999.000 -9999.000 -9999.000 -9999.000 -9999.000 -9999.000 -9999.000 -9999.000 -9999.000 -9999.000 -9999.000 -9999.000 -9999.000 -9999.000 -9999.000 -9999.000 -9999.000 -9999.000 -9999.000 -9999.000 -9999.000 -9999.000 -9999.000 -9999.000 -9999.000 -9999.000 -9999.000 -9999.000 -9999.000 -9999.000 -9999.000 -9999.000 -9999.000 -9999.000 -9999.000 -9999.000 -9999.000 -9999.000 -9999.000 -9999.000 -9999.000 -9999.000 -9999.000 -9999.000 -9999.000 -9999.000 -9999.000 -9999.000 -9999.000 -9999.000 -9999.000 -9999.000 -9999.000 -9999.000 -9999.000
-9999.000 -9999.000 -9999.000 -9999.000 -9999.000 -9999.000 -9999.000 -9999.000 -9999.000 -9999.000 -9999.000 -9999.000 -9999.000 -9999.000 -9999.000 -9999.000 -9999.000 -9999.000 -9999.000 -9999.000 -9999.000 -9999.000 -9999.000 -9999.000 -9999.000 -9999.000 -9999.000 -9999.000 -9999.000 -9999.000 -9999.000 -9999.000 -9999.000 -9999.000 -9999.000 -9999.000 -9999.000 -9999.000 -9999.000 -9999.000 -9999.000 -9999.000 -9999.000 -9999.000 -9999.000 -9999.000 -9999.000 -9999.000 -9999.000 -9999.000 -9999.000 -9999.000 -9999.000 -9999.000 -9999.000 -9999.000 -9999.000 -9999.000 -9999.000 1439.623 1434.298 1429.367 1424.793
-9999.000 -9999.000 -9999.000 -9999.000 -9999.000 -9999.000 -9999.000 -9999.000 -9999.000 -9999.000 -9999.000 -9999.000 -9999.000 -9999.000 -9999.000 -9999.000 -9999.000 -9999.000 -9999.000 -9999.000 -9999.000 -9999.000 -9999.000 -9999.000 -9999.000 -9999.000 -9999.000 -9999.000 -9999.000 -9999.000 -9999.000 -9999.000 -9999.000 -9999.000 -9999.000 -9999.000 -9999.000 -9999.000 -9999.000 -9999.000 -9999.000 -9999.000 -9999.000 -9999.000 -9999.000 -9999.000 -9999.000 1308.080 1290.977 1276.077 1273.500 1295.966 1319.602 1343.747 1364.678 1383.564 1402.744 1423.319 1426.821 1415.593 1410.819 1407.793 1406.085
-9999.000 -9999.000 -9999.000 -9999.000 -9999.000 -9999.000 -9999.000 -9999.000 -9999.000 -9999.000 -9999.000 -9999.000 -9999.000 -9999.000 -9999.000 -9999.000 -9999.000 -9999.000 -9999.000 -9999.000 -9999.000 -9999.000 -9999.000 -9999.000 -9999.000 -9999.000 -9999.000 -9999.000 -9999.000 -9999.000 -9999.000 -9999.000 -9999.000 -9999.000 -9999.000 -9999.000 -9999.000 -9999.000 -9999.000 -9999.000 1355.033 1361.104 1362.203 1352.144 1341.200 1328.933 1309.061 1291.658 1277.477 1275.398 1278.339 1283.188 1305.651 1330.854 1350.970 1368.090 1387.719 1408.301 1411.426 1401.092 1393.223 1388.066 1388.632
-9999.000 -9999.000 -9999.000 -9999.000 -9999.000 -9999.000 -9999.000 -9999.000 -9999.000 -9999.000 -9999.000 -9999.000 -9999.000 -9999.000 -9999.000 -9999.000 -9999.000 -9999.000 -9999.000 -9999.000 -9999.000 -9999.000 -9999.000 -9999.000 -9999.000 -9999.000 -9999.000 -9999.000 -9999.000 -9999.000 -9999.000 -9999.000 -9999.000 -9999.000 1261.046 1278.588 1296.955 1315.752 1332.897 1340.066 1346.159 1352.062 1348.116 1343.833 1332.733 1313.494 1294.356 1281.095 1279.567 1277.466 1281.953 1294.869 1311.996 1328.308 1349.560 1373.715 1383.341 1395.279 1398.575 1393.945 1395.809 1397.761 1399.508
-9999.000 -9999.000 -9999.000 -9999.000 -9999.000 -9999.000 -9999.000 -9999.000 -9999.000 -9999.000 -9999.000 -9999.000 -9999.000 -9999.000 -9999.000 -9999.000 -9999.000 -9999.000 -9999.000 -9999.000 -9999.000 -9999.000 -9999.000 -9999.000 -9999.000 -9999.000 -9999.000 -9999.000 1263.291 1257.666 1253.088 1252.048 1251.201 1250.604 1257.834 1270.051 1288.240 1310.415 1323.860 1331.484 1338.547 1339.544 1334.666 1333.085 1333.806 1322.146 1310.690 1299.993 1289.660 1288.123 1297.907 1312.441 1329.061 1344.284 1360.111 1369.938 1388.352 1409.768 1417.663 1412.170 1407.807 1405.762 1406.842
-9999.000 -9999.000 -9999.000 -9999.000 -9999.000 -9999.000 -9999.000 -9999.000 -9999.000 -9999.000 -9999.000 -9999.000 -9999.000 -9999.000 -9999.000 -9999.000 -9999.000 -9999.000 -9999.000 -9999.000 -9999.000 -9999.000 -9999.000 1231.390 1237.264 1244.192 1252.163 1253.590 1250.200 1245.107 1242.640 1241.669 1240.352 1245.350 1253.669 1267.556 1283.700 1306.110 1315.074 1321.199 1333.640 1336.974 1343.514 1347.909 1346.511 1343.727 1331.040 1321.587 1326.328 1332.118 1339.260 1347.669 1361.458 1376.860 1394.149 1414.247 1435.594 1456.133 1471.752 1466.386 1458.887 1449.515 1450.385
-9999.000 -9999.000 -9999.000 -9999.000 -9999.000 -9999.000 -9999.000 -9999.000 -9999.000 -9999.000 -9999.000 -9999.000 -9999.000 -9999.000 -9999.000 -9999.000 -9999.000 -9999.000 -9999.000 1204.793 1206.016 1207.673 1212.870 1214.105 1216.613 1224.018 1232.633 1235.624 1234.337 1233.533 1235.560 1238.790 1243.729 1255.383 1269.623 1284.254 1298.402 1319.728 1334.883 1348.657 1364.918 1364.860 1361.294 1359.844 1360.556 1360.730 1364.029 1366.321 1372.829 1377.032 1383.112 1392.703 1404.601 1422.804 1442.468 1461.972 1479.460 1497.799 1516.109 1510.900 1500.827 1487.276 1486.577
-9999.000 -9999.000 -9999.000 -9999.000 -9999.000 -9999.000 -9999.000 -9999.000 -9999.000 -9999.000 -9999.000 -9999.000 -9999.000 -9999.000 -9999.000 -9999.000 1174.869 1176.964 1179.593 1185.475 1188.933 1193.377 1200.819 1202.623 1206.827 1214.457 1219.784 1229.214 1237.872 1245.698 1252.200 1255.393 1263.219 1273.305 1285.616 1301.125 1322.848 1346.507 1363.140 1380.391 1397.914 1398.905 1398.052 1399.329 1399.725 1405.416 1422.521 1428.038 1428.312 1443.729 1457.495 1462.387 1470.120 1489.440 1512.926 1534.845 1562.632 1582.748 1604.271 1603.350 1585.740 1576.482 1580.993
-9999.000 -9999.000 -9999.000 -9999.000 -9999.000 -9999.000 -9999.000 -9999.000 -9999.000 -9999.000 -9999.000 -9999.000 -9999.000 1127.064 1131.401 1141.403 1151.431 1154.430 1159.257 1165.890 1178.553 1182.676 1189.372 1197.397 1209.916 1219.061 1228.700 1241.068 1249.975 1257.733 1265.233 1270.984 1284.498 1300.066 1316.112 1336.660 1359.145 1379.829 1400.390 1416.736 1430.511 1432.079 1431.396 1433.922 1441.247 1457.803 1476.331 1484.103 1500.999 1523.666 1536.664 1547.690 1555.974 1569.401 1590.477 1623.740 1658.770 1685.739 1699.540 1711.627 1704.882 1705.867 1710.028
-9999.000 -9999.000 -9999.000 -9999.000 -9999.000 -9999.000 -9999.000 -9999.000 -9999.000 -9999.000 1094.179 1096.555 1093.371 1093.088 1098.604 1111.097 1125.324 1132.150 1144.234 1165.686 1184.086 1188.038 1202.911 1213.646 1220.934 1231.888 1245.538 1258.807 1276.002 1288.993 1300.806 1320.472 1337.455 1354.541 1372.809 1393.639 1413.409 1441.612 1468.721 1481.354 1503.134 1513.163 1510.378 1510.347 1519.388 1534.683 1554.950 1577.180 1598.381 1623.134 1639.420 1653.505 1663.902 1675.801 1691.230 1726.934 1767.891 1798.010 1820.274 1834.867 1836.536 1838.962 1841.417
-9999.000 -9999.000 -9999.000 -9999.000 -9999.000 -9999.000 -9999.000 -9999.000 1069.158 1076.771 1083.044 1080.273 1076.069 1072.185 1086.356 1102.472 1118.865 1136.979 1153.355 1172.020 1187.603 1204.137 1224.519 1236.628 1248.698 1264.557 1278.758 1296.220 1318.077 1330.875 1347.566 1369.375 1388.247 1406.745 1425.996 1444.475 1470.477 1503.840 1535.574 1557.536 1585.228 1607.408 1606.063 1607.953 1611.835 1636.872 1665.448 1695.471 1719.507 1745.916 1774.817 1792.661 1802.882 1814.955 1829.574 1848.562 1877.343 1906.476 1936.690 1954.480 1961.057 1961.046 1962.561
-9999.000 -9999.000 -9999.000 -9999.000 -9999.000 -9999.000 1041.464 1065.884 1081.163 1073.402 1063.176 1059.579 1055.514 1080.187 1102.491 1120.086 1137.345 1155.380 1172.340 1185.215 1218.879 1237.413 1252.001 1269.999 1285.176 1300.394 1318.347 1342.119 1364.080 1393.434 1418.687 1442.314 1468.779 1488.703 1507.716 1525.692 1556.579 1593.462 1629.649 1657.698 1684.281 1714.719 1720.620 1725.545 1731.591 1752.466 1783.789 1813.461 1846.338 1877.630 1904.051 1915.358 1925.182 1935.915 1948.798 1960.333 1974.643 2000.682 2027.705 2051.484 2067.625 2071.043 2076.380
-9999.000 -9999.000 -9999.000 -9999.000 1007.840 1028.881 1048.946 1079.762 1102.491 1097.768 1104.414 1104.547 1102.650 1106.909 1114.363 1132.653 1151.667 1171.007 1188.798 1223.137 1268.014 1283.493 1307.420 1339.603 1353.564 1369.319 1386.124 1409.449 1435.674 1468.786 1511.573 1547.968 1573.399 1595.971 1616.944 1638.135 1671.923 1708.974 1745.145 1778.456 1807.414 1832.693 1844.070 1851.157 1862.304 1878.248 1899.183 1925.821 1956.630 1987.967 2012.169 2024.685 2031.792 2041.845 2051.457 2062.689 2074.197 2090.598 2111.297 2140.099 2160.154 2171.010 2179.979
-9999.000 -9999.000 -9999.000 957.679 996.554 1034.787 1061.862 1092.941 1125.362 1129.716 1138.931 1143.499 1147.847 1156.230 1164.342 1181.582 1198.241 1214.915 1237.214 1273.861 1308.472 1337.112 1368.930 1394.700 1414.839 1430.794 1449.745 1473.581 1513.045 1549.555 1599.017 1651.495 1687.332 1710.727 1732.567 1759.331 1783.740 1819.553 1853.642 1885.948 1916.763 1940.538 1958.165 1965.009 1974.149 1981.976 1997.228 2018.036 2039.337 2067.733 2095.533 2120.112 2133.807 2143.585 2159.341 2175.291 2187.813 2201.300 2193.955 2206.908 2213.727 2217.139 2220.381
-9999.000 -9999.000 910.203 948.348 982.277 1032.282 1085.490 1120.247 1161.225 1184.737 1191.344 1207.819 1223.325 1229.891 1244.641 1261.266 1279.485 1286.627 1304.027 1332.834 1381.032 1425.023 1443.094 1492.278 1525.037 1553.209 1571.396 1598.006 1633.454 1673.599 1720.893 1770.047 1807.356 1837.538 1853.528 1872.476 1894.116 1917.668 1951.182 1978.995 2010.044 2035.456 2056.453 2062.223 2066.631 2081.969 2106.183 2131.947 2156.301 2179.994 2180.998 2193.874 2199.909 2203.532 2208.820 2212.554 2214.502 2213.845 2212.403 2206.557 2200.910 2200.334 2204.323
-9999.000 -9999.000 883.019 928.254 968.047 1033.724 1114.530 1151.670 1194.554 1240.623 1258.916 1283.084 1292.917 1300.009 1322.488 1343.671 1356.708 1363.470 1362.499 1417.284 1474.386 1521.208 1562.692 1629.739 1675.188 1692.437 1705.261 1725.581 1749.241 1791.111 1836.714 1888.729 1931.275 1961.500 1977.041 1994.993 2014.491 2031.254 2049.844 2089.388 2117.278 2143.285 2170.402 2190.479 2198.564 2202.042 2189.596 2200.225 2207.543 2210.928 2212.313 2209.170 2208.769 2209.702 2210.876 2206.002 2199.497 2192.888 2187.778 2181.200 2175.583 2173.777 2175.937
-9999.000 793.416 845.731 898.767 967.359 1034.221 1116.746 1196.410 1254.724 1302.770 1331.578 1341.585 1373.544 1413.283 1437.753 1462.577 1465.527 1470.964 1459.955 1508.206 1555.504 1625.471 1731.523 1786.736 1832.460 1833.565 1827.894 1839.333 1861.852 1905.105 1972.704 2020.555 2074.578 2115.261 2130.443 2137.265 2154.681 2174.323 2157.092 2182.066 2193.884 2203.844 2207.661 2209.854 2211.273 2211.662 2208.620 2202.348 2194.679 2189.181 2185.171 2180.681 2183.098 2186.358 2187.046 2180.276 2172.454 2164.655 2156.926 2149.801 2143.457 2138.995 2136.656
-9999.000 757.563 816.883 888.196 959.085 1024.876 1126.232 1272.172 1327.167 1364.801 1385.706 1402.424 1476.635 1540.429 1572.178 1615.357 1608.330 1597.165 1580.937 1612.085 1659.071 1730.742 1873.231 1955.741 1985.684 1996.241 2002.688 2029.358 2066.776 2104.311 2139.091 2136.153 2166.070 2181.551 2186.578 2188.983 2193.643 2194.552 2193.699 2191.053 2187.423 2188.570 2193.422 2193.852 2191.496 2188.632 2183.148 2175.592 2169.978 2165.137 2162.157 2158.956 2157.126 2156.892 2152.414 2146.830 2137.559 2127.597 2117.906 2107.351 2096.678 2090.227 2091.526
-9999.000 726.583 798.339 861.486 924.621 1036.760 1163.594 1300.291 1393.728 1431.190 1449.078 1513.182 1611.812 1706.265 1755.858 1779.343 1777.796 1753.627 1754.008 1797.585 1861.668 1954.481 2049.413 2126.732 2139.975 2144.090 2121.376 2137.322 2152.513 2156.953 2160.694 2167.177 2174.836 2179.833 2180.458 2179.266 2176.045 2169.456 2165.736 2163.439 2160.820 2160.954 2163.955 2165.520 2163.104 2159.258 2154.600 2148.682 2142.223 2135.277 2130.952 2126.626 2124.233 2119.115 2114.752 2108.681 2093.971 2079.985 2065.840 2053.086 2040.275 2026.222 2027.034
-9999.000 624.235 713.626 767.197 877.581 1053.813 1181.211 1330.398 1478.542 1515.467 1586.208 1705.904 1809.725 1881.251 1917.994 1956.611 1983.670 2005.459 2039.850 1989.214 2047.641 2108.619 2135.620 2148.663 2152.196 2154.427 2147.852 2130.480 2122.390 2118.262 2122.608 2132.469 2140.184 2147.523 2147.057 2148.945 2150.170 2147.684 2144.814 2137.411 2130.513 2125.188 2123.530 2128.817 2124.043 2120.942 2114.822 2106.607 2097.758 2089.971 2082.063 2075.204 2072.326 2066.714 2065.039 2056.423 2027.974 2008.127 1991.352 1973.477 1950.872 1930.429 1927.808
-9999.000 543.336 619.816 705.978 841.355 1006.029 1132.385 1298.933 1510.498 1628.343 1755.357 1827.496 1897.499 1953.188 2011.113 2055.688 2079.305 2089.206 2076.869 2089.601 2057.820 2051.781 2070.033 2097.314 2111.867 2116.995 2110.240 2101.731 2096.623 2097.704 2098.504 2098.769 2098.645 2097.930 2096.159 2099.258 2104.683 2099.220 2091.196 2083.550 2076.578 2068.614 2063.367 2059.923 2059.064 2058.846 2051.321 2040.917 2030.261 2021.967 2014.272 2008.733 2006.007 2000.916 1992.620 1980.067 1952.387 1926.028 1903.433 1875.495 1834.651 1819.908 1811.019
-9999.000 442.339 565.046 657.341 776.480 913.037 1037.607 1200.546 1347.319 1568.855 1722.810 1837.599 1877.968 1935.366 1990.619 2055.661 2058.161 2029.494 1996.918 1983.360 1990.758 2001.286 2014.394 2033.595 2051.572 2062.033 2065.679 2059.857 2047.822 2039.667 2033.946 2025.238 2019.361 2019.275 2021.587 2029.919 2032.468 2024.014 2011.582 1995.868 1982.169 1971.823 1969.326 1971.008 1971.235 1967.617 1961.043 1950.610 1938.204 1926.453 1919.368 1914.109 1907.132 1897.012 1885.873 1873.340 1848.432 1827.041 1803.080 1765.100 1721.899 1686.109 1666.912
-9999.000 -9999.000 488.586 599.613 706.597 828.711 941.821 1082.951 1232.416 1412.038 1528.312 1662.788 1736.068 1779.682 1825.210 1878.011 1896.846 1917.528 1903.416 1909.662 1917.512 1924.103 1933.601 1944.665 1957.905 1968.463 1977.373 1976.273 1968.570 1952.395 1932.805 1918.040 1910.221 1903.983 1914.413 1926.436 1923.612 1917.464 1906.014 1890.863 1878.451 1865.086 1861.584 1861.903 1862.088 1859.330 1855.260 1842.729 1830.153 1818.794 1813.597 1807.592 1802.508 1791.952 1780.654 1768.480 1747.118 1723.316 1696.753 1656.230 1615.321 1573.643 1532.267
-9999.000 -9999.000 403.799 512.295 625.870 749.136 848.251 917.024 1067.799 1182.404 1286.384 1384.962 1467.368 1529.396 1569.942 1629.301 1671.272 1687.178 1709.980 1743.303 1770.496 1800.085 1819.331 1831.853 1845.956 1859.916 1869.088 1857.939 1848.195 1832.947 1812.886 1790.664 1779.577 1777.342 1779.676 1784.664 1779.178 1770.295 1756.568 1741.804 1729.409 1718.824 1714.987 1711.325 1709.843 1707.016 1704.181 1696.432 1685.954 1679.011 1670.897 1665.415 1662.808 1656.856 1648.462 1643.127 1628.001 1602.598 1574.649 1542.914 1506.154 1477.464 1445.453
-9999.000 -9999.000 -9999.000 449.832 539.710 605.791 701.838 760.669 819.400 922.139 1030.841 1146.359 1211.606 1264.679 1318.239 1363.853 1406.156 1439.481 1475.951 1539.221 1580.047 1623.608 1664.416 1685.281 1700.923 1717.728 1721.101 1713.400 1705.415 1691.416 1668.951 1647.335 1638.505 1643.100 1641.558 1640.127 1634.508 1631.524 1622.926 1611.869 1599.714 1593.574 1589.710 1584.307 1579.807 1575.637 1571.919 1567.720 1560.660 1552.343 1547.825 1545.953 1542.487 1539.061 1533.058 1525.268 1516.372 1488.602 1463.336 1440.436 1410.006 1378.123 1349.727
-9999.000 -9999.000 -9999.000 -9999.000 -9999.000 450.603 554.279 651.364 714.532 768.272 844.502 946.369 991.269 1044.106 1103.169 1151.104 1202.250 1254.591 1318.272 1361.071 1416.359 1452.703 1492.753 1533.465 1548.734 1562.211 1571.603 1564.116 1556.500 1545.893 1523.428 1511.586 1511.014 1511.535 1511.749 1508.623 1503.960 1498.909 1494.683 1482.359 1474.119 1470.688 1466.605 1462.524 1457.619 1453.894 1450.596 1448.561 1440.524 1436.657 1439.507 1436.796 1433.905 1431.577 1424.727 1416.260 1407.131 1383.397 1364.567 1351.084 1318.785 1293.523 1274.868
-9999.000 -9999.000 -9999.000 -9999.000 -9999.000 -9999.000 410.764 506.355 579.437 653.860 735.597 800.510 828.885 868.237 917.977 982.350 1055.168 1112.552 1158.103 1201.977 1249.210 1289.870 1327.198 1368.596 1387.149 1398.289 1412.925 1408.533 1401.304 1395.715 1385.419 1389.031 1383.766 1383.673 1382.866 1382.494 1376.830 1371.352 1367.266 1361.897 1359.625 1354.301 1350.206 1346.136 1341.417 1337.086 1334.072 1331.465 1328.309 1331.737 1332.054 1330.963 1328.563 1325.294 1317.614 1307.911 1298.823 1285.339 1272.500 1258.710 1237.116 1219.574 1198.992
