examples/3D/Borden05m/output-maps-METEOIO-OFF/psiliqL0026N0004.asc
ncols         160
nrows         34
xllcorner     620200.000000
yllcorner     5168000.000000
cellsize      0.500000
NODATA_value  -9999.0
[rows 0 to 27 of 34, columns 62 to 123 of 160]
-9999.000 -9999.000 -9999.000 -9999.000 -9999.000 -9999.000 -9999.000 -9999.000 -9999.000 -9999.000 -9999.000 -9999.000 -9999.000 -9999.000 -9999.000 -9999.000 -9999.000 -9999.000 -9999.000 -9999.000 -9999.000 -9999.000 -9999.000 -9999.000 -9999.000 -9999.000 -9999.000 -9999.000 -9999.000 -9999.000 -9999.000 -9999.000 -9999.000 -9999.000 -9999.000 -9999.000 -9999.000 -9999.000 -9999.000 -9999.000 -9999.000 -9999.000 -9999.000 -9999.000 -9999.000 -9999.000 -9999.000 -9999.000 -9999.000 -9999.000 -9999.000 -9999.000 -9999.000 -9999.000 -9999.000 -9999.000 -9999.000 -9999.000 -9999.000 -9999.000 -9999.000 -9999.000
3440.481 3432.441 3423.642 3416.314 3412.665 3412.027 3411.694 3411.541 3416.847 3425.310 3433.297 3440.517 3443.247 3445.881 3447.993 3448.457 3447.523 3444.462 3441.263 3437.999 3436.399 3429.129 3418.062 3409.783 3407.089 3411.219 3415.474 3417.807 3422.807 3432.963 3443.286 3451.541 3463.727 3470.309 3475.168 3477.226 3472.681 3468.850 3464.344 3457.746 3446.353 -9999.000 -9999.000 -9999.000 -9999.000 -9999.000 -9999.000 -9999.000 -9999.000 -9999.000 -9999.000 -9999.000 -9999.000 -9999.000 -9999.000 -9999.000 -9999.000 -9999.000 -9999.000 -9999.000 -9999.000 -9999.000
3421.696 3417.934 3409.955 3405.360 3400.400 3398.259 3398.748 3399.084 3403.168 3414.317 3422.466 3427.351 3430.286 3433.402 3432.068 3431.502 3431.463 3428.725 3425.376 3422.106 3420.342 3421.871 3414.325 3408.346 3404.432 3401.423 3404.075 3406.638 3411.051 3419.990 3427.617 3435.263 3450.062 3462.812 3468.023 3464.950 3459.802 3455.411 3447.434 3436.162 3425.754 3417.382 3410.741 3404.693 3397.503 3403.122 3410.201 3418.760 3426.820 3438.330 3450.244 -9999.000 -9999.000 -9999.000 -9999.000 -9999.000 -9999.000 -9999.000 -9999.000 -9999.000 -9999.000 -9999.000
3403.714 3407.718 3405.008 3400.713 3393.431 3403.950 3405.416 3406.550 3410.134 3412.375 3417.838 3420.561 3426.170 3435.390 3438.417 3439.041 3439.248 3437.400 3434.257 3432.383 3429.652 3424.419 3422.642 3422.285 3420.965 3424.986 3426.415 3429.200 3423.544 3427.751 3433.735 3440.382 3445.520 3451.227 3453.261 3449.433 3449.453 3440.517 3426.272 3415.845 3407.844 3407.552 3403.965 3395.311 3380.801 3388.299 3403.605 3407.612 3409.475 3419.936 3431.757 3442.012 3444.693 3443.679 3442.540 3438.770 3424.107 3408.624 3392.845 3373.740 -9999.000 -9999.000
3414.969 3413.633 3410.617 3406.750 3417.659 3426.429 3428.261 3431.105 3435.441 3436.655 3426.132 3424.401 3431.924 3441.797 3447.137 3447.482 3447.251 3443.677 3442.609 3442.475 3440.732 3440.241 3441.796 3439.333 3442.223 3447.620 3450.837 3445.502 3436.931 3438.968 3447.160 3455.966 3463.174 3472.894 3483.161 3482.891 3477.784 3468.654 3455.563 3432.457 3414.288 3402.632 3393.887 3385.818 3387.969 3382.408 3395.383 3396.350 3398.097 3404.696 3414.387 3424.456 3429.988 3428.510 3426.882 3423.503 3413.027 3397.417 3381.799 3363.555 3336.438 3306.850
3418.235 3417.815 3418.803 3428.024 3440.293 3451.950 3454.377 3456.601 3455.705 3448.563 3438.597 3436.232 3449.726 3466.656 3474.690 3474.345 3470.131 3473.327 3473.560 3474.164 3470.890 3471.649 3469.236 3474.625 3482.266 3490.165 3488.709 3476.190 3463.682 3463.403 3468.605 3475.245 3482.443 3492.139 3500.737 3495.371 3489.621 3481.617 3455.340 3432.018 3416.999 3416.554 3416.496 3411.207 3408.301 3406.511 3401.527 3400.866 3399.180 3398.111 3409.574 3422.067 3424.796 3417.200 3412.221 3408.996 3400.174 3387.711 3370.982 3353.082 3332.563 3303.649
3452.749 3453.728 3460.118 3471.006 3484.225 3506.380 3506.278 3507.132 3506.199 3493.675 3480.813 3471.164 3493.498 3504.751 3512.079 3509.636 3514.851 3523.589 3520.124 3513.935 3501.948 3507.598 3514.080 3529.217 3537.121 3542.341 3537.664 3523.639 3516.701 3518.013 3524.215 3525.088 3533.363 3541.668 3556.068 3554.165 3550.243 3529.691 3491.970 3461.916 3448.527 3459.063 3452.508 3445.171 3444.113 3432.106 3423.963 3425.568 3416.584 3411.036 3422.771 3428.815 3429.253 3420.427 3424.501 3416.715 3394.852 3377.230 3361.696 3346.382 3328.191 3321.250
3466.926 3471.723 3482.488 3500.560 3519.051 3539.458 3538.608 3532.475 3542.523 3535.927 3525.434 3518.221 3539.881 3550.177 3560.570 3566.436 3579.195 3589.726 3573.306 3556.331 3545.995 3553.062 3578.673 3601.076 3605.852 3604.861 3604.199 3588.764 3583.750 3580.116 3580.185 3577.233 3574.978 3599.862 3620.885 3620.084 3597.911 3574.477 3534.130 3495.571 3470.381 3482.439 3478.136 3480.442 3469.330 3456.594 3448.416 3444.896 3437.372 3426.878 3435.046 3438.645 3445.621 3451.681 3455.194 3437.544 3418.853 3398.555 3379.727 3364.547 3356.963 3349.544
3529.427 3543.618 3552.303 3571.356 3589.024 3615.371 3627.977 3639.652 3643.996 3637.288 3629.049 3617.293 3622.753 3646.826 3658.603 3667.048 3675.539 3688.264 3688.712 3681.862 3680.072 3684.474 3697.969 3712.427 3719.149 3722.151 3724.672 3711.316 3698.237 3696.009 3690.286 3688.736 3687.588 3698.619 3718.678 3714.907 3677.748 3650.213 3614.408 3575.208 3545.000 3537.935 3555.995 3552.832 3535.589 3524.062 3497.049 3490.874 3480.466 3456.385 3455.509 3457.873 3466.547 3480.579 3466.956 3449.492 3431.150 3410.451 3392.480 3384.078 3381.164 3376.857
3652.557 3661.595 3665.344 3672.362 3705.321 3739.629 3765.093 3788.266 3795.790 3783.769 3774.231 3760.893 3752.238 3763.424 3780.799 3798.549 3813.528 3824.903 3827.009 3825.456 3825.536 3828.669 3831.673 3835.985 3844.455 3852.057 3860.630 3868.523 3857.889 3840.684 3831.184 3821.902 3820.800 3821.819 3825.262 3825.838 3808.455 3765.684 3733.301 3700.379 3679.988 3665.904 3664.789 3645.580 3620.176 3567.665 3529.288 3496.943 3477.300 3454.412 3461.799 3478.919 3521.301 3524.379 3511.330 3495.239 3470.816 3446.944 3425.615 3420.868 3418.165 3412.685
3784.794 3789.131 3792.046 3795.254 3822.647 3864.852 3904.770 3936.459 3936.540 3922.920 3911.717 3902.730 3888.329 3884.410 3897.178 3912.715 3933.131 3943.551 3949.568 3946.193 3946.399 3948.228 3950.569 3952.703 3956.358 3966.049 3981.174 3995.693 3994.646 3975.343 3957.115 3940.850 3938.189 3935.485 3930.194 3932.175 3933.609 3916.971 3884.852 3844.154 3802.953 3785.533 3769.579 3757.752 3739.779 3697.924 3629.934 3589.319 3550.462 3522.479 3523.302 3591.242 3610.096 3598.353 3586.702 3564.142 3534.890 3510.804 3488.013 3484.909 3479.934 3471.259
3909.027 3916.603 3919.744 3925.736 3942.733 3975.604 4011.714 4041.856 4057.434 4049.607 4031.483 4009.064 3999.030 3995.995 3999.613 4009.190 4022.203 4041.864 4061.420 4067.169 4068.011 4065.272 4067.684 4069.241 4069.325 4072.293 4080.932 4090.889 4094.210 4086.148 4064.649 4040.764 4029.265 4022.585 4018.935 4019.748 4024.710 4027.672 4012.224 3975.661 3930.173 3899.527 3883.761 3870.188 3855.179 3841.715 3807.356 3785.234 3747.579 3698.168 3669.233 3707.695 3699.028 3687.751 3663.805 3630.960 3597.506 3566.045 3540.019 3531.192 3526.769 3524.604
4028.929 4034.136 4041.745 4057.151 4081.029 4100.630 4123.810 4150.891 4167.466 4172.710 4170.871 4166.537 4167.570 4167.785 4102.057 4108.397 4114.725 4132.415 4148.242 4153.932 4154.509 4151.785 4153.624 4154.381 4154.224 4153.815 4156.273 4161.528 4163.501 4160.937 4147.782 4167.048 4146.667 4132.954 4124.548 4116.099 4107.664 4097.993 4087.773 4067.069 4035.431 4000.385 3978.536 3970.110 3963.292 3953.927 3947.381 3929.371 3905.587 3869.203 3828.275 3806.241 3803.440 3786.225 3750.465 3718.693 3694.862 3657.626 3626.492 3609.125 3606.698 3597.343
4148.415 4153.358 4167.656 4184.725 4167.992 4176.721 4185.703 4194.582 4197.545 4198.276 4197.683 4195.056 4194.001 4191.264 4187.608 4176.808 4178.190 4179.960 4182.409 4186.009 4184.799 4185.834 4188.730 4186.905 4180.789 4176.658 4175.080 4176.123 4183.599 4187.133 4188.125 4184.601 4183.680 4182.681 4179.170 4174.772 4168.539 4160.527 4176.175 4163.834 4135.206 4094.093 4052.035 4044.314 4045.989 4045.308 4043.266 4037.037 4018.721 3990.327 3951.672 3912.021 3904.679 3889.531 3869.446 3851.969 3831.588 3790.281 3752.498 3728.752 3717.010 3692.439
4195.661 4198.583 4201.891 4198.856 4195.784 4190.732 4188.952 4187.364 4184.654 4184.987 4182.777 4178.349 4173.905 4165.457 4153.460 4141.950 4138.001 4142.018 4147.461 4152.495 4156.898 4160.551 4160.408 4154.836 4146.337 4138.754 4137.150 4144.132 4149.980 4156.714 4157.731 4156.483 4154.126 4154.047 4150.934 4151.364 4158.749 4173.883 4176.595 4182.928 4182.145 4164.751 4133.158 4145.966 4125.765 4131.719 4126.803 4115.060 4093.208 4068.257 4036.107 4004.504 3985.174 3977.107 3970.410 3962.450 3947.087 3906.392 3870.589 3840.543 3819.418 3792.462
4181.133 4188.081 4188.949 4181.649 4172.753 4165.163 4157.308 4154.545 4153.610 4152.944 4153.019 4147.250 4137.343 4119.718 4107.684 4096.209 4089.901 4085.651 4088.733 4099.883 4112.104 4117.065 4107.494 4098.914 4087.000 4078.962 4079.511 4080.581 4090.300 4107.588 4115.599 4116.684 4110.429 4104.154 4097.842 4095.138 4102.019 4117.855 4135.236 4151.459 4161.081 4169.172 4176.613 4174.826 4177.813 4179.448 4177.210 4180.463 4162.309 4137.826 4108.258 4082.231 4055.720 4051.664 4051.342 4047.209 4044.357 4010.181 3972.481 3937.119 3909.249 3881.339
4152.591 4154.137 4149.603 4142.816 4132.358 4120.811 4110.572 4102.297 4102.772 4104.572 4105.712 4097.781 4081.768 4063.355 4049.345 4035.003 4030.658 4024.328 4016.121 4025.978 4045.743 4053.094 4036.731 4025.744 4010.491 4004.042 4000.110 4001.024 4010.166 4033.184 4058.024 4060.593 4050.014 4039.565 4035.438 4032.825 4038.007 4055.363 4076.981 4093.880 4105.044 4110.968 4119.288 4129.172 4144.039 4159.363 4172.125 4176.783 4186.052 4181.676 4168.164 4161.257 4136.571 4121.981 4114.169 4109.887 4102.683 4078.029 4047.690 4019.144 3991.682 3966.919
4113.826 4109.281 4102.606 4094.979 4073.252 4060.140 4046.485 4030.795 4026.190 4020.596 4020.975 4008.796 4000.338 3983.403 3967.511 3951.400 3937.417 3931.317 3924.245 3921.901 3935.061 3943.333 3934.028 3924.380 3913.949 3909.674 3906.500 3909.278 3920.062 3939.840 3958.622 3967.703 3961.028 3960.701 3961.655 3960.892 3968.133 3979.606 3998.363 4021.790 4041.853 4052.642 4060.277 4070.198 4085.348 4100.143 4115.128 4133.742 4157.507 4174.260 4184.757 4185.357 4184.450 4176.315 4179.570 4168.729 4156.100 4135.503 4109.783 4081.985 4055.131 4036.926
4068.599 4061.920 4055.612 4031.649 3975.159 3953.066 3933.272 3916.190 3908.621 3899.359 3881.919 3872.591 3867.584 3869.764 3855.332 3837.333 3819.093 3813.842 3810.036 3791.816 3786.344 3786.575 3803.706 3797.787 3796.981 3799.373 3797.248 3798.718 3811.809 3819.681 3825.346 3832.810 3838.843 3850.532 3859.672 3871.364 3889.650 3901.417 3917.656 3938.994 3965.866 3982.552 3993.074 4004.400 4020.590 4037.606 4056.199 4079.380 4106.316 4123.569 4135.512 4148.086 4162.309 4178.139 4183.910 4193.130 4191.546 4187.805 4163.443 4133.676 4112.609 4094.545
3998.351 3995.470 3984.218 3927.507 3885.990 3851.175 3833.206 3808.625 3794.104 3776.544 3736.464 3718.095 3717.435 3732.488 3728.944 3713.317 3701.201 3691.341 3681.478 3663.150 3643.420 3649.520 3668.519 3670.003 3673.933 3682.355 3682.242 3675.615 3672.642 3684.995 3690.852 3702.875 3721.884 3727.766 3745.825 3781.267 3795.164 3811.331 3830.740 3852.204 3875.416 3899.326 3914.589 3930.920 3950.403 3968.088 3989.348 4012.811 4043.353 4065.868 4081.246 4092.931 4104.511 4120.737 4142.543 4162.931 4182.293 4192.557 4194.422 4181.348 4164.119 4144.228
3889.147 3882.118 3851.362 3797.657 3761.526 3737.767 3715.162 3691.436 3666.481 3627.516 3591.824 3569.238 3585.306 3596.374 3608.461 3596.878 3585.939 3576.107 3557.459 3540.317 3523.337 3534.532 3543.216 3563.292 3570.674 3574.877 3581.395 3580.297 3569.376 3563.827 3572.416 3582.941 3595.873 3619.066 3656.119 3681.953 3701.385 3722.977 3742.693 3765.101 3789.146 3813.179 3831.392 3850.821 3870.352 3892.265 3912.310 3936.020 3965.217 3992.616 4009.939 4026.473 4041.148 4061.687 4086.755 4110.961 4137.545 4160.457 4175.183 4189.042 4193.487 4187.975
3762.238 3738.667 3689.344 3646.881 3626.506 3613.694 3589.903 3568.502 3538.675 3503.912 3482.176 3461.099 3471.389 3481.634 3502.228 3493.493 3486.856 3483.980 3468.438 3455.113 3438.407 3444.571 3457.013 3481.254 3487.646 3492.132 3502.121 3501.809 3497.401 3479.493 3486.637 3498.160 3513.728 3546.030 3569.410 3592.748 3615.610 3636.011 3658.576 3681.833 3705.902 3733.508 3754.226 3774.351 3796.976 3817.155 3832.304 3849.259 3874.191 3896.517 3919.258 3943.308 3959.583 3985.741 4018.027 4050.509 4086.787 4113.103 4129.869 4143.317 4156.134 4176.890
3605.036 3550.682 3514.910 3495.217 3495.114 3483.046 3463.278 3444.329 3424.962 3403.255 3384.653 3359.270 3364.631 3380.610 3397.820 3399.734 3401.070 3399.732 3390.624 3377.182 3363.544 3367.316 3384.714 3402.985 3413.557 3421.680 3429.778 3429.824 3420.373 3410.595 3415.756 3431.818 3448.565 3466.453 3487.616 3509.058 3530.264 3553.608 3577.084 3600.857 3626.600 3654.341 3676.738 3701.372 3726.701 3743.997 3753.467 3761.745 3781.902 3798.924 3822.007 3846.322 3866.132 3894.952 3931.500 3975.255 4017.389 4060.059 4080.181 4095.272 4106.807 4123.526
3481.918 3448.411 3419.757 3413.768 3398.738 3386.035 3372.103 3352.025 3336.104 3321.884 3300.771 3291.577 3298.983 3312.350 3320.037 3327.237 3325.244 3323.046 3317.697 3303.796 3300.336 3310.568 3325.798 3339.465 3351.371 3358.516 3363.785 3361.009 3352.081 3349.879 3358.541 3374.523 3388.386 3403.372 3424.338 3444.660 3466.645 3489.565 3512.078 3537.066 3562.825 3589.546 3617.526 3640.580 3659.645 3668.942 3678.948 3678.691 3689.960 3706.573 3724.300 3747.861 3773.728 3800.672 3841.828 3885.015 3927.491 3970.064 4008.742 4031.097 4050.148 4071.459
3414.226 3384.494 3355.834 3330.169 3318.633 3313.134 3300.899 3284.551 3273.909 3258.770 3249.739 3256.578 3257.532 3265.075 3262.731 3263.691 3261.353 3260.859 3258.975 3253.478 3265.961 3272.370 3285.624 3295.616 3305.489 3311.379 3315.080 3316.635 3313.023 3319.534 3325.847 3339.777 3351.239 3364.907 3385.028 3402.128 3421.209 3443.626 3466.834 3490.907 3516.891 3545.279 3570.267 3588.272 3595.254 3604.766 3606.297 3595.214 3606.423 3619.324 3630.188 3651.952 3673.944 3695.417 3735.009 3782.662 3833.924 3874.297 3922.814 3953.599 3981.073 4005.053
3328.067 3298.528 3270.642 3250.663 3246.248 3235.076 3224.816 3213.496 3200.152 3193.969 3200.812 3198.363 3195.356 3192.781 3195.412 3198.952 3198.628 3197.762 3200.967 3212.284 3216.741 3222.139 3230.902 3242.247 3254.354 3258.137 3262.693 3267.783 3274.211 3277.521 3281.392 3292.151 3304.439 3317.210 3333.520 3351.702 3370.877 3393.765 3417.902 3443.807 3471.280 3499.918 3522.847 3531.985 3542.242 3544.256 3537.334 3531.605 3534.996 3547.457 3554.539 3571.915 3595.067 3605.222 3644.126 3694.919 3738.064 3776.805 3814.749 3861.831 3892.421 3920.815
3262.646 3233.546 3212.865 3198.573 3187.620 3176.612 3165.737 3153.239 3146.717 3148.044 3145.149 3142.807 3140.098 3142.867 3146.380 3150.832 3151.154 3152.386 3155.469 3159.897 3166.695 3176.281 3187.139 3199.682 3215.726 3221.134 3226.215 3232.734 3236.097 3240.063 3244.528 3255.877 3268.269 3280.694 3298.156 3316.782 3336.329 3359.667 3386.667 3418.040 3446.323 3474.495 3500.587 3511.404 3516.261 3515.721 3509.723 3496.367 3494.200 3504.171 3505.737 3515.900 3535.007 3543.393 3568.588 3608.827 3637.309 3674.312 3716.771 3774.517 3807.475 3842.507
3191.223 3171.898 3156.867 3137.810 3123.644 3112.434 3103.840 3099.105 3098.656 3095.944 3094.342 3092.769 3090.170 3091.050 3095.160 3098.886 3101.468 3104.492 3109.111 3116.099 3125.288 3133.311 3145.223 3160.243 3176.093 3183.893 3189.892 3196.579 3201.781 3206.672 3210.760 3220.931 3233.199 3243.703 3261.358 3280.937 3301.606 3328.210 3359.133 3391.232 3419.216 3446.341 3475.220 3480.622 3483.352 3484.735 3470.916 3457.793 3451.095 3453.895 3456.651 3458.549 3470.025 3481.972 3500.750 3523.379 3551.901 3589.481 3640.771 3689.530 3727.322 3759.684
