examples/3D/Borden05m/output-maps-METEOIO-OFF/psiliqL0004N0003.asc
ncols         160
nrows         34
xllcorner     620200.000000
yllcorner     5168000.000000
cellsize      0.500000
NODATA_value  -9999.0
[rows 0 to 27 of 34, columns 63 to 125 of 160]
-9999.000 -9999.000 -9999.000 -9999.000 -9999.000 -9999.000 -9999.000 -9999.000 -9999.000 -9999.000 -9999.000 -9999.000 -9999.000 -9999.000 -9999.000 -9999.000 -9999.000 -9999.000 -9999.000 -9999.000 -9999.000 -9999.000 -9999.000 -9999.000 -9999.000 -9999.000 -9999.000 -9999.000 -9999.000 -9999.000 -9999.000 -9999.000 -9999.000 -9999.000 -9999.000 -9999.000 -9999.000 -9999.000 -9999.000 -9999.000 -9999.000 -9999.000 -9999.000 -9999.000 -9999.000 -9999.000 -9999.000 -9999.000 -9999.000 -9999.000 -9999.000 -9999.000 -9999.000 -9999.000 -9999.000 -9999.000 -9999.000 -9999.000 -9999.000 -9999.000 -9999.000 -9999.000 -9999.000
-560.774 -562.731 -564.575 -565.329 -565.492 -565.706 -565.883 -564.862 -563.340 -561.841 -560.270 -559.855 -559.354 -558.818 -558.706 -559.024 -559.777 -560.493 -561.250 -561.443 -563.302 -565.641 -567.393 -567.900 -566.937 -566.056 -565.650 -564.442 -562.191 -559.822 -557.975 -555.158 -553.988 -552.653 -551.630 -552.666 -553.469 -554.245 -555.153 -557.883 -9999.000 -9999.000 -9999.000 -9999.000 -9999.000 -9999.000 -9999.000 -9999.000 -9999.000 -9999.000 -9999.000 -9999.000 -9999.000 -9999.000 -9999.000 -9999.000 -9999.000 -9999.000 -9999.000 -9999.000 -9999.000 -9999.000 -9999.000
-564.265 -566.126 -567.092 -568.208 -568.624 -568.657 -568.747 -568.055 -566.113 -564.525 -563.631 -563.249 -562.842 -562.895 -563.049 -563.116 -563.749 -564.450 -565.163 -565.502 -565.244 -566.827 -567.813 -568.447 -568.813 -568.361 -567.942 -567.404 -565.427 -563.816 -562.163 -558.938 -555.912 -554.629 -555.258 -556.482 -557.148 -558.419 -560.522 -562.660 -564.585 -565.940 -566.831 -567.762 -566.485 -565.423 -563.259 -561.064 -558.406 -555.441 -9999.000 -9999.000 -9999.000 -9999.000 -9999.000 -9999.000 -9999.000 -9999.000 -9999.000 -9999.000 -9999.000 -9999.000 -9999.000
-566.819 -567.558 -568.512 -569.567 -567.985 -567.876 -567.743 -567.201 -566.572 -566.129 -565.604 -564.645 -562.732 -562.305 -562.239 -562.216 -562.617 -563.315 -563.649 -564.207 -565.447 -565.548 -565.395 -565.478 -564.288 -564.061 -563.595 -565.281 -564.588 -563.343 -561.947 -560.500 -559.007 -557.885 -558.662 -558.689 -560.473 -563.426 -565.493 -566.931 -567.085 -567.445 -568.771 -571.233 -569.819 -566.625 -565.873 -565.284 -562.754 -560.098 -557.518 -557.192 -557.262 -557.280 -557.713 -560.876 -563.837 -566.550 -570.075 -9999.000 -9999.000 -9999.000 -9999.000
-566.472 -567.210 -567.802 -565.064 -563.259 -563.114 -562.554 -561.814 -562.028 -564.986 -565.600 -563.890 -561.756 -560.513 -560.622 -560.688 -561.158 -561.369 -561.428 -561.991 -561.671 -561.072 -561.100 -559.900 -558.613 -557.825 -560.030 -562.131 -562.012 -560.194 -558.329 -556.631 -553.833 -550.485 -550.820 -552.250 -554.289 -557.149 -562.321 -566.358 -568.326 -569.448 -570.629 -570.489 -570.990 -568.754 -568.481 -568.226 -566.472 -564.496 -562.420 -561.086 -561.154 -561.157 -561.548 -563.400 -566.290 -568.857 -571.441 -575.215 -578.970 -582.597 -582.598
-566.110 -565.552 -562.676 -559.872 -556.328 -555.989 -555.472 -555.620 -558.234 -560.614 -561.716 -558.059 -554.160 -552.129 -552.065 -552.105 -549.563 -550.341 -551.112 -552.786 -552.107 -551.514 -548.051 -545.973 -543.926 -544.603 -548.158 -551.259 -551.734 -551.262 -550.840 -549.217 -546.129 -542.822 -544.384 -546.443 -548.989 -556.634 -562.867 -566.100 -565.488 -565.077 -565.880 -566.337 -566.806 -568.408 -568.331 -568.272 -568.493 -566.083 -563.479 -562.740 -564.118 -564.902 -565.120 -566.665 -568.414 -570.952 -573.569 -576.098 -580.268 -580.550 -581.897
-556.538 -554.595 -551.393 -546.360 -538.741 -537.941 -536.742 -535.096 -538.966 -542.939 -547.014 -541.996 -539.173 -536.121 -535.037 -530.399 -526.203 -528.509 -532.141 -535.829 -533.396 -527.625 -521.280 -518.681 -517.332 -516.766 -521.152 -523.353 -524.760 -524.791 -526.698 -525.716 -520.704 -513.138 -512.705 -517.973 -527.429 -540.045 -550.554 -556.324 -554.620 -556.258 -557.568 -558.223 -561.473 -563.803 -563.379 -565.412 -566.654 -564.060 -562.900 -562.565 -564.201 -562.554 -564.083 -567.655 -570.689 -573.105 -575.167 -577.369 -577.976 -579.181 -580.333
-544.336 -541.732 -535.426 -525.927 -513.881 -505.515 -499.096 -493.139 -498.146 -504.359 -510.444 -508.606 -500.769 -492.079 -482.248 -470.725 -458.584 -462.323 -469.688 -471.221 -467.540 -452.431 -437.338 -430.397 -426.300 -420.515 -425.975 -435.243 -445.678 -455.528 -463.681 -468.606 -455.925 -441.950 -444.598 -468.734 -489.603 -510.825 -528.019 -541.106 -542.724 -542.564 -542.620 -547.421 -551.454 -556.255 -558.730 -560.385 -563.705 -562.465 -561.303 -558.780 -556.069 -556.022 -559.954 -563.498 -567.168 -570.459 -572.874 -573.374 -574.055 -575.550 -576.554
-485.963 -481.339 -469.459 -437.759 -394.228 -361.712 -339.661 -336.034 -343.157 -352.263 -367.356 -375.021 -361.550 -348.555 -338.568 -330.596 -322.857 -317.431 -318.117 -318.173 -316.329 -313.806 -309.371 -304.293 -299.313 -293.887 -292.351 -299.347 -306.251 -313.787 -320.526 -322.123 -323.470 -318.826 -319.212 -333.194 -354.527 -388.489 -432.349 -468.071 -488.864 -491.112 -501.247 -511.159 -521.746 -536.493 -542.709 -547.363 -555.798 -556.840 -553.971 -549.990 -547.546 -552.315 -556.321 -560.542 -564.789 -568.654 -569.566 -569.616 -570.046 -571.012 -571.386
-340.745 -337.016 -332.353 -309.412 -281.369 -254.442 -232.844 -224.621 -232.608 -241.282 -251.182 -259.778 -259.635 -248.711 -235.581 -222.721 -214.231 -211.222 -212.751 -212.625 -211.636 -208.940 -207.259 -203.626 -197.961 -188.573 -176.804 -179.314 -194.250 -206.461 -220.767 -226.934 -229.470 -234.103 -234.376 -234.569 -254.716 -276.798 -302.275 -326.747 -343.213 -363.242 -387.157 -412.953 -458.303 -493.043 -514.829 -529.614 -541.050 -543.163 -533.358 -522.790 -527.310 -531.567 -537.716 -545.648 -552.507 -558.955 -560.369 -560.926 -562.136 -563.465 -564.675
-235.571 -230.445 -223.207 -207.518 -177.177 -144.225 -116.234 -109.647 -115.662 -124.822 -135.431 -143.191 -146.093 -142.180 -135.225 -123.596 -113.041 -102.231 -101.667 -101.302 -101.854 -100.179 -98.898 -98.497 -93.958 -85.136 -76.714 -74.515 -83.590 -99.078 -116.512 -126.865 -136.533 -143.750 -145.302 -144.907 -145.387 -163.762 -192.559 -229.347 -254.332 -273.558 -285.236 -298.042 -310.280 -339.090 -357.233 -392.988 -437.280 -470.348 -449.785 -461.761 -474.113 -489.424 -506.205 -519.207 -530.206 -539.868 -543.096 -544.686 -546.989 -548.703 -551.059
-126.978 -119.128 -107.404 -92.294 -74.902 -49.215 -19.479 0.128 -0.464 -9.172 -22.739 -24.970 -25.280 -24.884 -20.940 -16.993 -5.129 7.433 12.263 12.763 10.592 12.379 12.850 12.674 12.042 13.967 18.723 20.498 17.791 5.411 -12.446 -30.467 -47.444 -56.079 -61.200 -62.464 -64.590 -73.333 -96.048 -127.724 -160.204 -183.703 -199.824 -211.413 -219.437 -226.449 -238.753 -261.400 -293.511 -320.828 -331.482 -338.301 -351.039 -381.618 -418.447 -449.144 -482.844 -507.031 -519.254 -522.995 -526.313 -529.988 -534.419
-14.709 -3.373 11.639 27.252 38.497 57.018 100.591 111.558 117.415 118.465 119.489 120.910 121.309 119.010 119.960 120.019 120.722 122.925 124.036 123.521 123.792 124.748 123.786 124.630 123.584 122.473 122.360 122.014 122.300 119.392 112.646 96.292 56.240 42.268 33.293 24.675 15.972 6.961 -7.424 -36.484 -69.947 -100.699 -115.437 -122.783 -127.798 -131.871 -143.929 -161.650 -184.796 -214.760 -246.867 -255.970 -269.049 -289.996 -306.941 -318.909 -345.177 -382.827 -421.052 -442.616 -468.121 -487.727 -500.243
105.042 115.516 124.682 127.303 126.795 128.364 129.384 130.578 129.533 130.563 127.635 128.364 126.183 119.753 110.295 111.421 112.261 114.700 117.629 116.667 117.870 121.823 119.522 113.704 110.436 108.571 108.482 115.251 117.595 118.438 118.505 117.687 115.663 114.677 114.634 114.896 116.605 112.424 102.830 55.720 22.477 -10.188 -34.251 -45.076 -45.137 -48.617 -54.397 -72.321 -97.797 -129.450 -162.652 -180.762 -192.199 -200.304 -208.748 -220.318 -249.616 -280.658 -305.839 -322.505 -343.973 -370.382 -401.409
134.555 132.767 131.037 126.595 122.914 119.836 118.581 115.829 116.628 114.381 110.873 107.378 100.292 63.322 45.200 41.207 45.108 49.481 53.531 57.544 66.596 94.779 64.266 50.920 42.599 39.785 45.327 50.249 54.120 54.389 52.752 50.821 50.925 49.480 52.312 65.273 105.405 115.030 115.194 113.979 114.307 111.530 63.794 38.727 39.136 34.849 23.714 2.651 -25.223 -54.203 -81.064 -108.411 -118.161 -123.888 -130.677 -138.559 -167.532 -197.310 -225.625 -247.129 -267.455 -287.547 -307.029
118.834 120.732 114.070 106.606 98.543 66.108 57.761 53.903 52.047 51.162 45.367 37.644 21.275 2.827 -11.997 -19.653 -20.949 -15.180 -6.221 2.520 9.459 9.494 -1.711 -13.863 -22.901 -23.505 -21.067 -13.259 -2.281 -0.280 0.056 -4.044 -6.877 -11.268 -10.535 0.477 22.354 39.113 53.361 66.703 100.329 107.279 112.520 112.122 112.444 114.029 110.243 96.201 51.681 25.609 0.430 -31.416 -43.401 -49.276 -56.037 -61.465 -87.448 -119.917 -151.122 -177.879 -201.059 -220.709 -239.781
52.954 50.199 43.403 32.961 20.394 4.250 -4.403 -5.656 -4.837 -5.231 -11.506 -25.568 -43.210 -58.245 -73.072 -77.549 -81.697 -83.368 -72.477 -57.089 -50.827 -60.991 -70.571 -84.347 -92.435 -95.282 -93.964 -85.427 -68.908 -54.008 -53.728 -62.254 -70.211 -74.096 -74.888 -65.532 -44.674 -24.423 -9.342 2.620 14.977 25.088 34.918 47.068 65.055 101.512 113.836 114.976 114.679 113.801 96.605 53.132 34.603 21.656 12.263 -4.396 -28.234 -56.739 -83.981 -111.193 -132.578 -149.961 -171.817
-5.662 -11.281 -17.766 -27.612 -39.625 -52.135 -65.686 -69.376 -71.562 -69.904 -80.723 -92.143 -111.358 -126.249 -140.881 -148.509 -153.530 -158.078 -150.138 -133.937 -124.564 -139.136 -149.003 -162.208 -168.834 -172.096 -171.423 -163.183 -142.048 -125.088 -119.917 -127.992 -134.916 -138.039 -138.315 -132.795 -116.479 -96.274 -76.863 -62.378 -52.071 -43.248 -32.397 -17.196 -0.505 19.843 39.487 63.348 101.616 111.240 116.800 115.553 116.310 108.782 98.610 61.938 38.221 7.769 -22.930 -52.296 -71.985 -90.069 -106.215
-59.573 -65.441 -74.696 -112.884 -126.939 -142.548 -155.717 -159.960 -166.153 -168.964 -177.685 -184.513 -195.061 -208.891 -223.015 -235.098 -238.556 -241.655 -244.690 -235.536 -231.552 -234.089 -240.316 -246.725 -250.098 -252.296 -249.378 -238.855 -228.514 -218.667 -214.373 -219.408 -215.007 -210.126 -210.167 -196.948 -184.372 -168.180 -148.707 -128.399 -117.632 -108.939 -98.407 -83.027 -65.647 -46.893 -23.214 2.807 23.978 36.804 50.233 67.325 104.895 116.738 120.107 119.850 112.405 68.388 38.211 9.461 -12.669 -30.294 -46.373
-112.594 -118.032 -147.409 -185.044 -211.303 -225.609 -242.116 -249.377 -256.077 -273.772 -284.674 -291.537 -290.475 -299.627 -312.492 -322.988 -327.631 -330.689 -337.370 -339.507 -337.045 -330.760 -335.478 -337.811 -335.936 -337.546 -339.226 -333.609 -324.033 -318.304 -312.071 -305.788 -301.805 -296.408 -277.227 -265.681 -254.527 -238.502 -220.530 -201.538 -185.885 -175.565 -163.504 -146.574 -131.158 -111.182 -87.929 -60.112 -40.697 -25.820 -12.871 1.959 24.082 46.177 67.859 107.025 119.922 119.644 117.310 70.281 48.379 29.418 12.999
-194.163 -204.152 -238.422 -270.984 -296.418 -312.848 -330.056 -340.776 -359.600 -392.021 -414.576 -415.021 -409.353 -415.214 -433.384 -449.661 -460.893 -471.640 -483.563 -490.082 -484.529 -477.714 -476.077 -475.378 -472.853 -472.609 -473.403 -473.254 -462.823 -453.221 -441.914 -430.981 -419.300 -388.715 -359.542 -341.653 -325.686 -309.827 -290.943 -271.248 -255.387 -243.825 -229.169 -213.396 -196.219 -177.721 -154.555 -127.116 -105.356 -91.215 -77.782 -62.765 -41.929 -17.540 7.299 37.172 64.566 100.854 113.798 122.636 122.966 106.651 68.541
-280.951 -304.515 -334.008 -365.228 -400.288 -432.586 -460.559 -482.701 -502.621 -518.063 -526.695 -523.643 -520.679 -516.916 -522.897 -528.161 -530.724 -535.897 -540.541 -544.977 -542.067 -539.219 -534.104 -533.172 -532.221 -530.099 -530.851 -531.547 -533.819 -530.418 -526.920 -522.189 -510.862 -496.904 -479.745 -460.863 -436.649 -406.241 -372.926 -343.859 -322.906 -307.335 -291.431 -274.263 -258.874 -243.598 -224.940 -201.963 -181.677 -165.590 -147.830 -132.708 -109.535 -81.336 -54.362 -21.517 3.257 25.969 43.320 63.341 105.607 119.579 119.701
-413.938 -450.830 -488.188 -506.264 -517.795 -527.943 -535.856 -542.534 -550.310 -556.135 -561.654 -560.434 -557.447 -553.701 -555.969 -556.995 -557.570 -560.262 -563.144 -566.030 -565.294 -562.165 -558.370 -557.051 -555.630 -553.737 -553.760 -555.401 -557.674 -556.428 -553.281 -549.391 -543.278 -536.364 -528.933 -521.457 -511.839 -499.490 -483.146 -458.892 -426.351 -398.084 -365.336 -337.400 -320.136 -309.543 -296.162 -274.748 -259.410 -242.535 -224.835 -210.839 -185.467 -155.391 -118.753 -81.652 -48.850 -31.359 -14.814 1.585 27.343 55.467 98.985
-530.769 -541.785 -547.790 -552.755 -557.237 -561.272 -565.382 -569.026 -572.228 -575.558 -578.672 -577.638 -575.527 -573.324 -572.953 -573.408 -573.797 -574.948 -576.944 -578.864 -577.565 -575.280 -572.873 -571.318 -570.262 -569.081 -569.688 -571.201 -572.654 -571.332 -568.685 -566.045 -562.656 -558.138 -553.137 -547.707 -541.427 -534.478 -525.761 -515.396 -502.870 -487.628 -467.736 -440.880 -421.577 -402.254 -383.544 -358.223 -338.251 -321.415 -302.887 -283.085 -258.115 -224.802 -189.904 -155.352 -120.826 -96.565 -77.301 -59.521 -35.108 -8.975 16.403
-558.775 -565.058 -569.497 -572.466 -573.722 -575.812 -578.566 -580.048 -581.959 -584.309 -583.964 -583.555 -581.915 -581.883 -581.782 -582.178 -582.178 -582.637 -584.267 -583.204 -582.392 -580.544 -579.319 -578.151 -577.332 -576.772 -576.857 -578.121 -577.617 -576.687 -574.533 -572.944 -570.608 -566.931 -563.836 -559.945 -555.108 -549.601 -543.129 -535.467 -526.023 -516.243 -506.883 -501.545 -494.756 -489.074 -490.090 -476.774 -459.502 -437.160 -404.442 -370.372 -338.482 -305.404 -268.602 -231.572 -198.067 -163.558 -142.874 -120.402 -96.462 -71.345 -47.242
-576.003 -579.957 -582.973 -583.621 -584.670 -585.721 -586.853 -588.022 -589.118 -588.604 -588.772 -588.867 -588.878 -588.629 -588.357 -588.438 -588.536 -588.430 -587.591 -587.257 -586.908 -585.993 -584.954 -583.918 -583.620 -583.179 -582.880 -582.399 -582.165 -581.812 -580.508 -579.160 -577.558 -575.294 -572.802 -569.865 -565.973 -561.711 -556.648 -550.207 -542.834 -536.650 -533.548 -529.921 -528.255 -529.832 -531.275 -527.740 -522.628 -517.107 -505.825 -490.285 -466.231 -406.663 -347.286 -307.566 -275.136 -243.717 -216.956 -192.541 -169.506 -139.712 -113.837
-584.642 -587.135 -588.510 -589.146 -589.889 -590.570 -591.546 -592.256 -592.056 -592.171 -592.296 -592.469 -592.192 -591.958 -591.585 -591.671 -591.651 -591.431 -591.156 -590.801 -590.111 -589.335 -588.469 -587.111 -586.866 -586.491 -585.938 -585.761 -585.506 -585.205 -584.049 -582.904 -581.663 -579.716 -577.584 -575.044 -571.811 -567.635 -561.989 -556.308 -549.907 -543.964 -541.393 -540.012 -540.571 -542.115 -545.780 -545.868 -542.166 -541.106 -536.403 -528.613 -523.121 -502.479 -461.921 -413.428 -361.768 -325.714 -286.602 -262.668 -235.458 -207.123 -178.825
-590.426 -591.438 -592.718 -593.398 -593.956 -594.482 -594.875 -594.727 -594.886 -594.976 -595.010 -595.129 -594.985 -594.756 -594.518 -594.416 -594.229 -594.146 -593.829 -593.246 -592.799 -592.091 -591.106 -589.987 -589.662 -589.272 -588.869 -588.620 -588.288 -588.066 -587.182 -586.166 -585.179 -583.437 -581.490 -579.541 -576.243 -571.840 -566.821 -561.952 -556.450 -550.276 -549.610 -549.237 -549.268 -552.762 -556.643 -557.682 -556.884 -556.799 -554.300 -551.073 -547.832 -538.396 -527.176 -512.385 -486.455 -433.222 -368.588 -332.851 -303.609 -275.419 -250.839
