examples/3D/Borden05m/output-maps-METEOIO-OFF/psiliqL0003N0004.asc
ncols         160
nrows         34
xllcorner     620200.000000
yllcorner     5168000.000000
cellsize      0.500000
NODATA_value  -9999.0
[rows 0 to 27 of 34, columns 0 to 62 of 160]
-9999.000 -9999.000 -9999.000 -9999.000 -9999.000 -9999.000 -9999.000 -9999.000 -9999.000 -9999.000 -9999.000 -9999.000 -9999.000 -9999.000 -9999.000 -9999.000 -9999.000 -9999.000 -9999.000 -9999.000 -9999.000 -9999.000 -9999.000 -9999.000 -9999.000 -9999.000 -9999.000 -9999.000 -9999.000 -9999.000 -9999.000 -9999.000 -9999.000 -9999.000 -9999.000 -9999.000 -9999.000 -9999.000 -9999.000 -9999.000 -9999.000 -9999.000 -9999.000 -9999.000 -9999.000 -9999.000 -9999.000 -9999.000 -9999.000 -9999.000 -9999.000 -9999.000 -9999.000 -9999.000 -9999.000 -9999.000 -9999.000 -9999.000 -9999.000 -9999.000 -9999.000 -9999.000 -9999.000
-9999.000 -9999.000 -9999.000 -9999.000 -9999.000 -9999.000 -9999.000 -9999.000 -9999.000 -9999.000 -9999.000 -9999.000 -9999.000 -9999.000 -9999.000 -9999.000 -9999.000 -9999.000 -9999.000 -9999.000 -9999.000 -9999.000 -9999.000 -9999.000 -9999.000 -9999.000 -9999.000 -9999.000 -9999.000 -9999.000 -9999.000 -9999.000 -9999.000 -9999.000 -9999.000 -9999.000 -9999.000 -9999.000 -9999.000 -9999.000 -9999.000 -9999.000 -9999.000 -9999.000 -9999.000 -9999.000 -9999.000 -9999.000 -9999.000 -9999.000 -9999.000 -9999.000 -9999.000 -9999.000 -9999.000 -9999.000 -9999.000 -9999.000 -9999.000 -573.833 -574.626 -575.335 -575.934
-9999.000 -9999.000 -9999.000 -9999.000 -9999.000 -9999.000 -9999.000 -9999.000 -9999.000 -9999.000 -9999.000 -9999.000 -9999.000 -9999.000 -9999.000 -9999.000 -9999.000 -9999.000 -9999.000 -9999.000 -9999.000 -9999.000 -9999.000 -9999.000 -9999.000 -9999.000 -9999.000 -9999.000 -9999.000 -9999.000 -9999.000 -9999.000 -9999.000 -9999.000 -9999.000 -9999.000 -9999.000 -9999.000 -9999.000 -9999.000 -9999.000 -9999.000 -9999.000 -9999.000 -9999.000 -9999.000 -9999.000 -585.176 -586.465 -587.757 -587.997 -586.276 -584.867 -583.219 -581.662 -580.095 -578.296 -576.025 -575.681 -577.474 -577.889 -578.220 -578.414
-9999.000 -9999.000 -9999.000 -9999.000 -9999.000 -9999.000 -9999.000 -9999.000 -9999.000 -9999.000 -9999.000 -9999.000 -9999.000 -9999.000 -9999.000 -9999.000 -9999.000 -9999.000 -9999.000 -9999.000 -9999.000 -9999.000 -9999.000 -9999.000 -9999.000 -9999.000 -9999.000 -9999.000 -9999.000 -9999.000 -9999.000 -9999.000 -9999.000 -9999.000 -9999.000 -9999.000 -9999.000 -9999.000 -9999.000 -9999.000 -582.208 -581.614 -581.290 -582.439 -583.323 -583.990 -585.428 -586.752 -587.879 -587.778 -587.624 -587.799 -586.230 -584.560 -583.279 -582.045 -580.287 -578.059 -577.827 -579.260 -580.297 -580.764 -580.754
-9999.000 -9999.000 -9999.000 -9999.000 -9999.000 -9999.000 -9999.000 -9999.000 -9999.000 -9999.000 -9999.000 -9999.000 -9999.000 -9999.000 -9999.000 -9999.000 -9999.000 -9999.000 -9999.000 -9999.000 -9999.000 -9999.000 -9999.000 -9999.000 -9999.000 -9999.000 -9999.000 -9999.000 -9999.000 -9999.000 -9999.000 -9999.000 -9999.000 -9999.000 -588.165 -586.992 -585.986 -584.885 -583.629 -583.303 -583.008 -582.386 -582.892 -583.177 -584.150 -585.625 -587.015 -587.891 -587.658 -587.910 -587.763 -586.931 -586.035 -585.147 -583.606 -581.504 -581.177 -580.179 -580.015 -580.619 -580.306 -580.063 -579.878
-9999.000 -9999.000 -9999.000 -9999.000 -9999.000 -9999.000 -9999.000 -9999.000 -9999.000 -9999.000 -9999.000 -9999.000 -9999.000 -9999.000 -9999.000 -9999.000 -9999.000 -9999.000 -9999.000 -9999.000 -9999.000 -9999.000 -9999.000 -9999.000 -9999.000 -9999.000 -9999.000 -9999.000 -587.470 -587.861 -588.188 -588.230 -588.307 -588.554 -588.288 -587.774 -586.734 -585.302 -584.539 -584.140 -583.720 -583.766 -584.346 -584.576 -584.256 -585.235 -585.903 -586.556 -587.564 -587.732 -587.052 -586.178 -585.149 -584.263 -583.306 -582.457 -581.375 -579.017 -578.178 -579.078 -579.795 -580.202 -580.141
-9999.000 -9999.000 -9999.000 -9999.000 -9999.000 -9999.000 -9999.000 -9999.000 -9999.000 -9999.000 -9999.000 -9999.000 -9999.000 -9999.000 -9999.000 -9999.000 -9999.000 -9999.000 -9999.000 -9999.000 -9999.000 -9999.000 -9999.000 -588.903 -588.518 -588.246 -587.833 -587.834 -588.308 -588.683 -588.872 -588.998 -589.227 -589.062 -588.751 -588.067 -587.314 -585.874 -585.642 -585.417 -584.364 -584.358 -583.833 -583.350 -583.641 -583.701 -584.938 -585.813 -585.076 -584.611 -584.302 -583.989 -583.069 -581.883 -580.394 -578.356 -575.909 -573.658 -571.104 -572.349 -573.624 -575.430 -575.351
-9999.000 -9999.000 -9999.000 -9999.000 -9999.000 -9999.000 -9999.000 -9999.000 -9999.000 -9999.000 -9999.000 -9999.000 -9999.000 -9999.000 -9999.000 -9999.000 -9999.000 -9999.000 -9999.000 -589.809 -589.795 -589.846 -589.621 -589.872 -589.910 -589.587 -589.120 -589.149 -589.348 -589.552 -589.473 -589.335 -589.234 -588.557 -587.803 -587.121 -586.556 -585.192 -584.261 -583.265 -581.745 -582.200 -582.842 -583.205 -583.190 -583.328 -582.650 -582.311 -581.936 -581.626 -581.136 -580.390 -579.561 -577.624 -575.381 -572.963 -570.441 -567.625 -564.096 -565.029 -567.431 -569.811 -569.822
-9999.000 -9999.000 -9999.000 -9999.000 -9999.000 -9999.000 -9999.000 -9999.000 -9999.000 -9999.000 -9999.000 -9999.000 -9999.000 -9999.000 -9999.000 -9999.000 -590.780 -590.708 -590.705 -590.692 -590.774 -590.619 -590.243 -590.415 -590.357 -590.059 -590.034 -589.623 -589.217 -588.790 -588.491 -588.562 -588.215 -587.872 -587.386 -586.603 -585.109 -583.484 -582.417 -581.043 -579.353 -579.651 -579.851 -579.769 -579.954 -579.254 -577.019 -576.629 -576.703 -574.021 -572.106 -571.734 -571.055 -568.407 -564.358 -558.789 -549.885 -541.973 -533.068 -529.229 -535.930 -537.447 -535.071
-9999.000 -9999.000 -9999.000 -9999.000 -9999.000 -9999.000 -9999.000 -9999.000 -9999.000 -9999.000 -9999.000 -9999.000 -9999.000 -592.004 -591.907 -591.608 -591.656 -591.747 -591.709 -591.777 -591.150 -591.198 -591.101 -590.820 -590.203 -589.952 -589.622 -589.058 -588.834 -588.622 -588.383 -588.289 -587.498 -586.594 -585.671 -584.256 -582.720 -581.146 -579.168 -577.876 -576.416 -576.179 -576.701 -576.693 -575.738 -573.213 -570.608 -568.829 -564.573 -559.570 -556.238 -552.569 -549.996 -546.264 -538.426 -516.994 -485.740 -456.408 -438.951 -424.441 -423.092 -420.441 -418.078
-9999.000 -9999.000 -9999.000 -9999.000 -9999.000 -9999.000 -9999.000 -9999.000 -9999.000 -9999.000 -593.087 -592.861 -593.073 -593.453 -593.503 -593.168 -592.734 -592.736 -592.477 -591.514 -590.790 -591.157 -590.396 -590.072 -590.061 -589.654 -589.053 -588.587 -587.582 -586.985 -586.405 -584.828 -583.820 -582.695 -581.334 -579.682 -577.828 -574.158 -570.433 -568.784 -564.287 -561.203 -562.508 -562.827 -561.591 -557.486 -550.446 -539.368 -526.551 -506.933 -487.156 -472.663 -461.421 -448.312 -433.389 -411.325 -384.069 -360.133 -337.335 -323.923 -318.823 -316.930 -313.876
-9999.000 -9999.000 -9999.000 -9999.000 -9999.000 -9999.000 -9999.000 -9999.000 -593.945 -593.553 -593.293 -593.533 -593.737 -594.264 -593.852 -593.433 -593.040 -592.485 -592.028 -591.483 -591.281 -590.562 -589.641 -589.349 -588.852 -588.050 -587.504 -586.533 -585.170 -584.527 -583.187 -581.486 -579.811 -578.146 -576.264 -574.370 -570.250 -564.405 -557.395 -550.359 -540.087 -526.813 -525.665 -523.044 -519.295 -498.246 -467.751 -436.744 -413.381 -392.498 -370.094 -357.410 -348.781 -337.896 -324.561 -313.096 -294.550 -269.237 -242.349 -223.401 -213.118 -210.691 -205.803
-9999.000 -9999.000 -9999.000 -9999.000 -9999.000 -9999.000 -594.605 -593.828 -593.304 -593.963 -594.553 -594.653 -594.980 -593.944 -593.075 -592.734 -592.327 -591.835 -591.421 -591.537 -589.589 -589.219 -588.845 -587.772 -587.142 -586.452 -585.382 -583.640 -582.033 -578.676 -575.364 -571.941 -567.884 -564.631 -561.163 -556.859 -547.246 -530.316 -504.492 -475.103 -446.749 -421.432 -412.664 -408.294 -402.241 -390.121 -367.729 -343.599 -315.045 -287.541 -266.586 -256.869 -247.969 -237.760 -225.465 -212.941 -200.123 -178.001 -154.647 -130.770 -113.566 -106.134 -95.540
-9999.000 -9999.000 -9999.000 -9999.000 -594.916 -594.517 -594.280 -593.370 -592.631 -593.414 -592.871 -592.986 -593.190 -593.394 -593.632 -592.998 -592.464 -591.889 -591.499 -589.552 -587.254 -587.011 -585.237 -582.606 -581.895 -580.723 -579.539 -577.286 -573.737 -568.795 -559.197 -547.795 -537.066 -524.259 -509.759 -488.675 -457.155 -424.141 -397.929 -371.717 -347.051 -327.171 -314.287 -307.586 -298.130 -286.401 -270.332 -247.296 -221.202 -191.408 -167.439 -152.635 -144.689 -134.790 -122.843 -107.486 -89.363 -74.491 -56.988 -35.167 -19.497 -8.290 6.340
-9999.000 -9999.000 -9999.000 -595.813 -594.863 -594.190 -594.039 -593.376 -592.318 -592.549 -592.328 -592.267 -592.152 -591.839 -591.605 -591.003 -590.523 -590.145 -589.235 -587.300 -585.379 -582.785 -580.082 -576.964 -574.098 -572.190 -569.974 -565.938 -557.006 -543.548 -514.870 -468.416 -432.549 -412.685 -399.289 -380.974 -363.160 -336.738 -309.271 -282.403 -255.267 -232.691 -213.075 -204.281 -196.720 -188.351 -171.810 -151.739 -129.938 -98.355 -71.295 -51.588 -40.251 -32.169 -16.887 2.884 46.576 57.991 67.227 67.880 68.231 67.946 70.099
-9999.000 -9999.000 -596.173 -595.508 -595.411 -594.473 -593.137 -592.669 -591.120 -590.212 -590.495 -589.514 -588.686 -588.694 -587.755 -586.784 -585.940 -586.133 -585.680 -583.077 -577.579 -571.264 -565.646 -550.478 -538.045 -528.493 -522.047 -505.011 -475.886 -433.937 -398.171 -361.350 -328.970 -302.847 -291.642 -278.077 -258.072 -239.387 -212.091 -185.142 -159.050 -134.722 -110.967 -94.818 -88.266 -74.532 -55.223 -34.059 -8.784 43.111 60.136 60.998 60.968 61.356 61.425 62.027 62.932 61.913 59.664 53.952 48.688 48.599 52.190
-9999.000 -9999.000 -596.732 -595.834 -595.914 -594.308 -592.059 -591.875 -590.273 -587.745 -587.066 -585.665 -584.780 -583.564 -581.573 -578.920 -579.099 -578.934 -579.902 -572.664 -562.777 -542.074 -492.042 -441.260 -412.354 -407.118 -403.268 -390.460 -370.842 -334.648 -291.008 -247.074 -207.966 -181.442 -168.218 -154.589 -134.755 -111.529 -94.467 -64.122 -45.668 -24.828 2.538 54.238 60.705 61.070 60.586 61.073 61.344 61.390 60.991 57.667 56.914 57.186 58.203 53.489 46.638 7.206 -4.275 -12.762 -19.130 -20.755 -17.959
-9999.000 -597.322 -596.871 -596.645 -595.369 -594.681 -592.556 -589.149 -586.846 -584.113 -582.099 -581.271 -574.131 -565.716 -560.567 -552.102 -554.031 -555.806 -558.877 -546.069 -514.662 -437.825 -350.736 -306.023 -282.335 -278.813 -281.559 -268.919 -246.597 -214.083 -161.331 -114.641 -72.611 -42.849 -32.502 -28.188 -7.870 45.792 62.205 64.543 65.230 65.222 61.684 62.507 62.796 61.546 58.425 52.287 43.925 4.332 -6.587 -13.306 -11.812 -9.136 -8.297 -15.857 -25.803 -40.543 -51.427 -59.782 -66.302 -70.529 -72.682
-9999.000 -598.236 -597.275 -596.266 -595.701 -595.347 -591.656 -583.790 -581.565 -578.812 -576.042 -568.177 -542.864 -505.441 -473.829 -441.855 -442.709 -452.268 -450.679 -424.610 -386.417 -326.176 -225.556 -159.636 -161.930 -155.754 -148.937 -128.809 -101.984 -75.064 -41.403 46.105 52.495 53.458 53.659 52.765 52.968 54.072 50.974 47.806 43.893 36.902 46.534 46.564 43.282 5.245 -7.819 -18.647 -27.940 -40.668 -47.720 -52.910 -55.227 -55.125 -59.259 -65.537 -75.434 -86.960 -97.326 -107.836 -118.007 -123.479 -122.779
-9999.000 -597.862 -596.635 -596.451 -597.074 -594.145 -590.201 -581.935 -572.172 -567.676 -554.651 -506.089 -434.788 -380.709 -347.363 -328.813 -316.995 -319.118 -302.574 -263.771 -206.059 -132.895 -88.299 -44.123 -54.037 -61.460 -64.372 -63.465 -60.070 -53.528 -40.565 -15.814 40.979 44.658 42.549 -0.127 -11.713 -20.218 -25.020 -27.591 -30.610 -31.323 -27.731 -27.799 -32.716 -44.514 -53.559 -62.149 -70.720 -80.358 -86.255 -91.356 -94.178 -98.633 -103.539 -109.449 -121.437 -134.244 -147.401 -159.018 -170.303 -180.637 -179.644
-9999.000 -599.510 -597.787 -599.243 -597.208 -592.951 -589.155 -575.628 -551.857 -532.325 -457.073 -390.893 -325.728 -278.960 -243.783 -206.729 -182.372 -158.462 -129.529 -104.600 -56.728 41.734 44.881 42.978 -43.608 -60.737 -72.504 -90.671 -98.288 -100.018 -90.348 -71.317 -51.142 -40.714 -43.172 -50.668 -54.987 -59.663 -63.108 -70.378 -77.317 -82.165 -82.813 -77.894 -84.449 -90.983 -98.861 -107.929 -117.447 -126.393 -134.588 -141.730 -144.951 -150.560 -151.826 -158.191 -181.865 -198.302 -212.156 -225.917 -240.287 -258.656 -259.858
-9999.000 -599.916 -599.505 -599.101 -597.496 -594.171 -588.035 -570.542 -514.372 -435.821 -373.235 -339.167 -285.986 -227.818 -170.706 -140.958 -126.139 -122.157 -116.825 -114.588 -129.481 -117.086 -98.543 -81.280 -89.813 -95.367 -107.507 -119.101 -124.097 -121.763 -117.621 -111.216 -105.271 -103.406 -106.150 -106.918 -104.461 -110.061 -116.816 -123.235 -129.026 -136.018 -140.904 -143.530 -146.471 -148.060 -155.963 -166.355 -176.612 -184.601 -192.380 -198.405 -200.285 -204.264 -209.393 -218.467 -242.534 -265.324 -283.228 -301.706 -329.565 -340.795 -347.614
-9999.000 -601.771 -598.965 -599.333 -598.483 -597.029 -594.215 -584.402 -560.529 -449.294 -317.579 -301.829 -283.574 -250.495 -195.965 -147.285 -142.477 -172.027 -195.371 -207.242 -203.688 -190.131 -173.781 -154.849 -144.812 -140.694 -143.145 -151.618 -162.944 -167.582 -168.270 -172.019 -174.639 -173.441 -175.054 -170.948 -168.027 -176.656 -187.707 -200.652 -212.004 -220.441 -223.392 -223.012 -223.840 -226.873 -233.828 -242.990 -254.001 -263.754 -271.183 -276.184 -281.107 -287.891 -295.490 -303.810 -324.613 -342.259 -359.826 -383.980 -414.826 -436.498 -446.569
-9999.000 -9999.000 -600.659 -599.156 -599.221 -598.380 -596.870 -591.565 -580.502 -536.917 -453.342 -399.426 -366.418 -334.756 -288.549 -249.320 -244.213 -239.653 -265.199 -267.071 -263.455 -257.340 -245.998 -232.970 -221.474 -214.636 -210.907 -212.610 -220.547 -232.815 -246.417 -256.388 -262.510 -266.954 -260.533 -251.211 -252.284 -257.935 -267.610 -280.456 -291.277 -302.131 -304.892 -303.865 -303.829 -306.340 -310.809 -321.217 -331.713 -342.364 -347.229 -351.960 -356.651 -364.970 -373.341 -382.816 -399.819 -416.792 -437.806 -476.240 -514.433 -539.252 -551.089
-9999.000 -9999.000 -602.019 -599.895 -599.285 -598.237 -597.869 -597.151 -590.445 -581.665 -566.778 -541.276 -505.726 -461.872 -428.558 -395.947 -381.602 -374.821 -374.571 -367.870 -353.545 -339.423 -328.960 -318.123 -307.412 -298.605 -291.084 -299.256 -307.828 -320.543 -335.918 -352.416 -360.985 -365.905 -362.194 -355.845 -359.429 -367.180 -377.694 -389.789 -398.727 -407.198 -409.549 -410.325 -410.403 -412.033 -414.273 -421.367 -431.302 -439.624 -446.932 -453.578 -457.724 -465.919 -476.406 -485.147 -503.221 -522.098 -537.338 -550.466 -561.043 -567.078 -571.881
-9999.000 -9999.000 -9999.000 -601.601 -600.682 -599.917 -599.451 -600.258 -599.860 -597.024 -592.841 -586.254 -580.097 -572.983 -562.926 -547.711 -535.996 -529.929 -525.999 -498.847 -478.025 -448.063 -426.138 -417.772 -408.656 -399.271 -396.376 -402.785 -408.878 -418.886 -435.057 -455.478 -468.838 -469.580 -469.617 -467.294 -472.586 -478.501 -490.129 -502.328 -513.271 -520.807 -523.785 -526.362 -527.860 -529.883 -531.971 -535.855 -540.198 -543.962 -546.904 -548.079 -549.213 -550.934 -553.048 -554.959 -557.784 -563.549 -568.107 -572.266 -576.243 -579.613 -582.418
-9999.000 -9999.000 -9999.000 -9999.000 -9999.000 -603.395 -600.349 -599.769 -599.989 -600.319 -599.476 -596.563 -595.594 -593.780 -590.970 -588.357 -585.792 -582.464 -577.386 -571.715 -563.922 -555.988 -545.022 -533.463 -525.812 -517.268 -513.883 -520.019 -526.119 -534.358 -544.839 -553.033 -554.653 -554.548 -554.428 -554.814 -556.235 -557.573 -559.351 -562.421 -564.988 -565.955 -566.648 -567.337 -568.042 -568.621 -569.165 -569.638 -571.028 -572.192 -571.945 -572.304 -572.626 -572.882 -573.737 -574.577 -575.387 -578.432 -580.645 -581.626 -584.331 -586.312 -587.161
-9999.000 -9999.000 -9999.000 -9999.000 -9999.000 -9999.000 -603.270 -601.805 -600.278 -600.054 -599.374 -598.648 -599.148 -598.403 -597.464 -596.004 -593.801 -592.275 -590.425 -588.123 -585.151 -582.380 -578.777 -574.366 -572.641 -570.941 -568.940 -570.663 -572.057 -573.219 -576.480 -576.699 -577.447 -577.360 -577.394 -577.336 -577.940 -578.553 -579.027 -580.308 -580.681 -581.242 -581.594 -581.937 -582.281 -582.552 -582.732 -582.867 -583.500 -583.238 -583.167 -583.345 -583.521 -583.643 -584.089 -584.735 -585.196 -586.342 -587.046 -587.726 -589.224 -589.854 -590.578
