examples/3D/Borden05m/output-maps-METEOIO-OFF/psiliqL0029N0003.asc
ncols         160
nrows         34
xllcorner     620200.000000
yllcorner     5168000.000000
cellsize      0.500000
NODATA_value  -9999.0
[rows 0 to 27 of 34, columns 0 to 61 of 160]
-9999.000 -9999.000 -9999.000 -9999.000 -9999.000 -9999.000 -9999.000 -9999.000 -9999.000 -9999.000 -9999.000 -9999.000 -9999.000 -9999.000 -9999.000 -9999.000 -9999.000 -9999.000 -9999.000 -9999.000 -9999.000 -9999.000 -9999.000 -9999.000 -9999.000 -9999.000 -9999.000 -9999.000 -9999.000 -9999.000 -9999.000 -9999.000 -9999.000 -9999.000 -9999.000 -9999.000 -9999.000 -9999.000 -9999.000 -9999.000 -9999.000 -9999.000 -9999.000 -9999.000 -9999.000 -9999.000 -9999.000 -9999.000 -9999.000 -9999.000 -9999.000 -9999.000 -9999.000 -9999.000 -9999.000 -9999.000 -9999.000 -9999.000 -9999.000 -9999.000 -9999.000 -9999.000
-9999.000 -9999.000 -9999.000 -9999.000 -9999.000 -9999.000 -9999.000 -9999.000 -9999.000 -9999.000 -9999.000 -9999.000 -9999.000 -9999.000 -9999.000 -9999.000 -9999.000 -9999.000 -9999.000 -9999.000 -9999.000 -9999.000 -9999.000 -9999.000 -9999.000 -9999.000 -9999.000 -9999.000 -9999.000 -9999.000 -9999.000 -9999.000 -9999.000 -9999.000 -9999.000 -9999.000 -9999.000 -9999.000 -9999.000 -9999.000 -9999.000 -9999.000 -9999.000 -9999.000 -9999.000 -9999.000 -9999.000 -9999.000 -9999.000 -9999.000 -9999.000 -9999.000 -9999.000 -9999.000 -9999.000 -9999.000 -9999.000 -9999.000 -9999.000 4056.180 4051.123 4046.805
-9999.000 -9999.000 -9999.000 -9999.000 -9999.000 -9999.000 -9999.000 -9999.000 -9999.000 -9999.000 -9999.000 -9999.000 -9999.000 -9999.000 -9999.000 -9999.000 -9999.000 -9999.000 -9999.000 -9999.000 -9999.000 -9999.000 -9999.000 -9999.000 -9999.000 -9999.000 -9999.000 -9999.000 -9999.000 -9999.000 -9999.000 -9999.000 -9999.000 -9999.000 -9999.000 -9999.000 -9999.000 -9999.000 -9999.000 -9999.000 -9999.000 -9999.000 -9999.000 -9999.000 -9999.000 -9999.000 -9999.000 3924.273 3907.506 3895.250 3890.576 3911.936 3935.673 3960.258 3981.519 4000.337 4019.401 4041.200 4044.656 4032.829 4027.955 4025.225
-9999.000 -9999.000 -9999.000 -9999.000 -9999.000 -9999.000 -9999.000 -9999.000 -9999.000 -9999.000 -9999.000 -9999.000 -9999.000 -9999.000 -9999.000 -9999.000 -9999.000 -9999.000 -9999.000 -9999.000 -9999.000 -9999.000 -9999.000 -9999.000 -9999.000 -9999.000 -9999.000 -9999.000 -9999.000 -9999.000 -9999.000 -9999.000 -9999.000 -9999.000 -9999.000 -9999.000 -9999.000 -9999.000 -9999.000 -9999.000 3972.246 3978.530 3978.443 3969.377 3958.653 3945.151 3924.885 3908.188 3896.065 3894.899 3897.932 3900.647 3921.517 3947.890 3968.623 3984.717 4004.677 4025.859 4028.870 4019.086 4011.895 4005.089
-9999.000 -9999.000 -9999.000 -9999.000 -9999.000 -9999.000 -9999.000 -9999.000 -9999.000 -9999.000 -9999.000 -9999.000 -9999.000 -9999.000 -9999.000 -9999.000 -9999.000 -9999.000 -9999.000 -9999.000 -9999.000 -9999.000 -9999.000 -9999.000 -9999.000 -9999.000 -9999.000 -9999.000 -9999.000 -9999.000 -9999.000 -9999.000 -9999.000 -9999.000 3876.134 3893.370 3911.907 3931.270 3949.084 3956.935 3963.270 3969.052 3964.860 3961.132 3949.959 3929.001 3910.334 3898.392 3898.341 3896.574 3900.589 3912.451 3929.754 3945.163 3966.302 3991.638 4001.346 4012.374 4015.408 4010.932 4013.894 4016.270
-9999.000 -9999.000 -9999.000 -9999.000 -9999.000 -9999.000 -9999.000 -9999.000 -9999.000 -9999.000 -9999.000 -9999.000 -9999.000 -9999.000 -9999.000 -9999.000 -9999.000 -9999.000 -9999.000 -9999.000 -9999.000 -9999.000 -9999.000 -9999.000 -9999.000 -9999.000 -9999.000 -9999.000 3877.441 3872.004 3868.008 3867.266 3866.663 3866.616 3873.940 3885.470 3902.968 3925.968 3940.159 3948.208 3955.861 3956.762 3951.280 3950.308 3951.498 3939.234 3927.388 3916.321 3905.486 3902.557 3911.944 3926.948 3943.905 3959.134 3975.052 3978.480 4000.991 4021.630 4027.782 4022.464 4019.706 4019.466
-9999.000 -9999.000 -9999.000 -9999.000 -9999.000 -9999.000 -9999.000 -9999.000 -9999.000 -9999.000 -9999.000 -9999.000 -9999.000 -9999.000 -9999.000 -9999.000 -9999.000 -9999.000 -9999.000 -9999.000 -9999.000 -9999.000 -9999.000 3843.345 3848.533 3855.809 3864.407 3866.281 3864.038 3859.508 3857.776 3857.271 3855.741 3861.179 3868.684 3882.226 3898.102 3921.323 3930.266 3934.793 3946.616 3951.297 3960.404 3964.931 3963.650 3959.879 3944.942 3933.359 3935.345 3939.475 3947.003 3956.124 3970.335 3984.293 3999.678 4017.754 4037.558 4058.820 4072.010 4066.575 4060.030 4052.745
-9999.000 -9999.000 -9999.000 -9999.000 -9999.000 -9999.000 -9999.000 -9999.000 -9999.000 -9999.000 -9999.000 -9999.000 -9999.000 -9999.000 -9999.000 -9999.000 -9999.000 -9999.000 -9999.000 3815.617 3817.263 3819.660 3825.465 3826.614 3829.075 3836.625 3845.487 3849.461 3848.012 3848.046 3850.192 3853.616 3859.051 3870.073 3884.074 3898.608 3911.770 3933.007 3947.907 3960.436 3976.041 3977.438 3974.598 3973.613 3973.983 3972.452 3969.894 3968.539 3975.276 3975.463 3978.794 3988.483 4001.214 4017.827 4035.284 4052.299 4065.919 4082.810 4099.998 4091.115 4081.955 4065.530
-9999.000 -9999.000 -9999.000 -9999.000 -9999.000 -9999.000 -9999.000 -9999.000 -9999.000 -9999.000 -9999.000 -9999.000 -9999.000 -9999.000 -9999.000 -9999.000 3783.999 3786.297 3789.513 3795.944 3800.708 3805.523 3813.434 3815.941 3820.090 3827.957 3833.090 3843.327 3852.581 3860.306 3866.769 3869.720 3876.501 3886.047 3897.742 3911.608 3931.657 3955.741 3971.697 3988.772 4006.476 4007.515 4006.134 4006.661 4005.193 4005.777 4019.811 4022.840 4016.465 4024.928 4036.643 4039.432 4046.748 4067.244 4089.645 4103.961 4125.233 4141.962 4165.221 4154.890 4131.300 4114.296
-9999.000 -9999.000 -9999.000 -9999.000 -9999.000 -9999.000 -9999.000 -9999.000 -9999.000 -9999.000 -9999.000 -9999.000 -9999.000 3730.988 3735.451 3746.670 3759.717 3763.744 3769.773 3777.584 3790.577 3795.096 3801.870 3809.765 3823.416 3832.762 3842.087 3854.370 3862.795 3870.145 3876.807 3879.427 3890.858 3904.925 3919.310 3938.526 3960.845 3979.199 3997.259 4014.289 4025.958 4022.763 4022.615 4025.283 4029.799 4042.272 4058.763 4057.660 4065.788 4086.232 4096.281 4103.185 4109.375 4124.091 4146.500 4176.529 4210.470 4235.539 4246.064 4253.330 4237.263 4235.293
-9999.000 -9999.000 -9999.000 -9999.000 -9999.000 -9999.000 -9999.000 -9999.000 -9999.000 -9999.000 3702.977 3704.730 3701.666 3699.158 3705.948 3719.240 3734.969 3741.132 3754.203 3776.656 3796.548 3800.350 3814.253 3825.259 3832.602 3842.682 3855.789 3867.914 3883.141 3894.769 3903.049 3918.783 3934.565 3950.809 3968.121 3988.880 4004.574 4027.660 4052.620 4060.956 4077.316 4079.034 4075.496 4074.034 4084.105 4094.752 4108.623 4123.088 4141.423 4163.174 4172.546 4185.862 4195.346 4206.100 4222.224 4266.324 4313.058 4343.555 4360.454 4373.771 4370.380 4373.048
-9999.000 -9999.000 -9999.000 -9999.000 -9999.000 -9999.000 -9999.000 -9999.000 3676.535 3685.357 3691.263 3688.563 3684.814 3679.238 3695.022 3711.197 3727.837 3747.266 3763.593 3782.766 3797.121 3812.194 3833.085 3844.141 3854.901 3870.199 3883.369 3897.926 3918.479 3925.576 3935.773 3955.146 3970.634 3987.719 4006.274 4022.974 4042.619 4072.855 4101.963 4117.701 4144.230 4161.124 4155.587 4154.128 4155.884 4179.228 4205.544 4235.034 4253.385 4276.794 4305.631 4325.850 4336.055 4348.077 4362.820 4388.505 4426.051 4456.502 4488.120 4503.115 4504.873 4502.362
-9999.000 -9999.000 -9999.000 -9999.000 -9999.000 -9999.000 3645.859 3670.703 3686.632 3678.442 3663.870 3659.066 3653.162 3686.818 3710.217 3728.468 3745.973 3764.328 3781.309 3789.460 3818.909 3839.490 3851.480 3864.344 3879.448 3894.507 3911.123 3932.668 3950.000 3971.062 3985.940 4001.705 4025.768 4043.637 4061.277 4075.160 4103.228 4138.681 4174.206 4199.168 4224.512 4257.587 4257.481 4260.159 4262.288 4287.934 4323.410 4354.290 4386.936 4418.391 4448.199 4459.734 4469.710 4480.557 4494.060 4504.922 4521.885 4552.216 4582.830 4606.056 4621.098 4621.133
-9999.000 -9999.000 -9999.000 -9999.000 3612.425 3633.492 3652.290 3682.674 3705.107 3700.830 3705.411 3703.745 3699.609 3705.901 3715.325 3733.290 3753.482 3774.117 3788.586 3814.977 3863.437 3874.537 3891.109 3921.012 3932.495 3947.289 3963.825 3984.966 4003.091 4030.439 4064.228 4093.271 4115.390 4135.603 4156.012 4173.743 4210.735 4249.318 4286.495 4319.283 4347.428 4375.224 4382.610 4388.771 4400.114 4418.837 4443.193 4472.190 4507.547 4540.958 4565.202 4574.731 4580.682 4591.136 4599.220 4609.053 4620.369 4640.287 4664.713 4701.547 4727.015 4739.200
-9999.000 -9999.000 -9999.000 3556.543 3596.014 3636.448 3662.189 3692.774 3725.827 3725.411 3734.927 3734.627 3733.347 3739.186 3742.353 3759.812 3779.489 3801.349 3823.900 3858.143 3887.532 3904.320 3932.721 3948.222 3961.283 3975.154 3995.292 4016.281 4053.723 4083.978 4131.177 4183.376 4216.914 4237.790 4262.523 4292.327 4319.766 4361.113 4397.110 4431.080 4463.068 4486.730 4502.110 4508.037 4519.319 4526.197 4539.627 4561.854 4585.513 4617.656 4648.157 4678.737 4695.178 4707.318 4725.408 4744.369 4759.352 4775.354 4747.242 4774.097 4787.863 4794.297
-9999.000 -9999.000 3507.304 3547.504 3578.502 3624.785 3678.399 3714.379 3754.275 3773.047 3776.607 3787.060 3797.807 3798.993 3807.905 3821.243 3845.942 3857.191 3880.213 3894.883 3931.598 3965.321 3958.535 3996.572 4028.299 4064.131 4088.446 4117.434 4158.035 4193.048 4239.256 4291.733 4327.953 4357.898 4376.259 4399.103 4421.479 4450.489 4489.805 4517.073 4552.966 4580.138 4601.141 4602.608 4606.504 4624.105 4654.323 4687.142 4717.865 4748.716 4731.050 4757.288 4769.346 4776.270 4786.750 4793.981 4797.558 4795.786 4794.982 4788.409 4782.133 4781.155
-9999.000 -9999.000 3476.003 3523.214 3556.733 3613.186 3702.034 3736.479 3776.878 3823.603 3837.816 3860.255 3852.056 3838.539 3857.124 3871.908 3896.515 3906.766 3902.407 3956.486 4010.580 4032.589 4033.825 4115.335 4171.776 4200.381 4220.764 4243.832 4265.590 4305.946 4346.511 4404.028 4447.652 4479.970 4496.803 4519.566 4541.325 4558.224 4579.955 4629.894 4668.593 4701.929 4736.251 4759.249 4768.743 4775.273 4748.158 4770.374 4785.630 4792.568 4795.707 4792.384 4792.298 4793.517 4794.699 4789.370 4782.256 4775.041 4769.456 4762.763 4757.213 4754.913
-9999.000 3380.899 3433.745 3483.873 3547.564 3608.036 3681.700 3756.534 3826.297 3881.236 3907.649 3898.842 3893.265 3917.324 3938.024 3955.147 3964.151 3978.500 3960.960 4018.486 4055.876 4103.409 4204.099 4266.084 4336.086 4334.168 4324.381 4330.943 4348.432 4398.279 4482.259 4542.862 4613.619 4666.735 4686.630 4696.553 4717.659 4740.691 4683.583 4732.482 4755.804 4775.393 4787.364 4790.965 4793.348 4793.958 4790.964 4784.488 4776.802 4771.386 4767.524 4763.359 4766.053 4769.553 4769.654 4762.906 4754.930 4746.940 4738.855 4731.451 4724.632 4719.651
-9999.000 3341.625 3398.660 3466.587 3533.602 3576.109 3654.445 3827.516 3893.777 3933.937 3937.966 3905.889 3962.256 4023.949 4049.639 4098.478 4084.395 4072.025 4033.594 4060.896 4100.988 4174.942 4355.593 4448.751 4509.030 4519.650 4522.301 4553.918 4602.467 4654.930 4706.024 4671.037 4727.627 4756.534 4763.986 4766.484 4774.149 4774.029 4774.220 4770.969 4766.932 4768.220 4774.000 4774.766 4772.549 4769.770 4764.607 4757.695 4752.968 4748.656 4746.256 4743.601 4741.601 4740.623 4735.445 4730.104 4720.293 4709.766 4699.290 4687.974 4676.524 4668.969
-9999.000 3298.104 3374.101 3431.277 3472.805 3558.479 3690.756 3838.562 3937.825 3973.445 3942.995 3973.463 4080.506 4193.071 4249.622 4273.822 4254.006 4203.495 4182.220 4229.541 4305.276 4435.222 4588.317 4696.411 4715.512 4721.881 4671.004 4702.077 4730.933 4736.228 4739.513 4750.568 4757.570 4762.371 4762.387 4761.006 4757.562 4750.598 4747.041 4744.385 4741.570 4741.182 4743.890 4746.628 4744.362 4740.961 4736.904 4731.671 4725.542 4718.867 4714.495 4710.116 4707.818 4701.816 4698.077 4691.803 4673.811 4658.164 4642.850 4629.116 4615.120 4597.325
-9999.000 3167.528 3266.482 3303.161 3366.468 3559.962 3691.159 3830.579 4002.870 4021.629 4063.166 4211.174 4338.134 4424.659 4455.416 4491.466 4519.476 4538.070 4579.553 4446.544 4536.641 4647.450 4700.384 4724.844 4739.596 4742.499 4734.627 4715.689 4706.967 4702.180 4705.663 4714.754 4720.938 4727.153 4726.249 4728.787 4731.391 4729.367 4726.304 4718.365 4711.278 4705.090 4702.130 4707.273 4703.116 4701.278 4695.242 4686.797 4677.772 4670.369 4662.145 4655.329 4652.849 4647.470 4645.750 4635.201 4602.253 4579.697 4561.004 4540.150 4510.036 4488.809
-9999.000 3086.465 3157.845 3208.926 3311.847 3476.143 3562.998 3719.913 3971.906 4116.461 4294.086 4394.090 4468.661 4511.129 4563.570 4621.670 4653.713 4670.183 4638.743 4667.687 4626.077 4617.619 4638.605 4671.606 4692.519 4699.167 4693.711 4686.953 4681.595 4682.285 4681.612 4678.525 4675.307 4672.743 4670.856 4675.238 4681.810 4675.374 4665.494 4656.447 4648.292 4639.393 4633.794 4629.209 4630.226 4630.789 4623.152 4612.545 4601.437 4592.856 4585.412 4580.721 4577.467 4571.819 4560.941 4546.006 4516.796 4489.589 4465.141 4430.556 4380.431 4364.725
-9999.000 2959.635 3095.960 3166.949 3253.054 3379.658 3477.656 3627.066 3753.772 4008.065 4149.078 4367.256 4423.804 4501.246 4550.714 4630.311 4628.058 4600.175 4558.299 4545.547 4561.715 4574.085 4584.543 4600.980 4621.503 4634.243 4642.146 4638.438 4625.882 4614.370 4603.791 4590.620 4581.966 4580.360 4586.247 4597.917 4598.918 4590.296 4576.507 4558.263 4542.712 4530.983 4529.496 4532.840 4534.323 4530.148 4524.463 4513.405 4500.444 4487.425 4481.626 4476.935 4468.668 4456.274 4443.202 4428.901 4404.628 4385.037 4359.761 4313.493 4267.991 4223.390
-9999.000 -9999.000 3006.675 3114.124 3202.549 3309.423 3390.577 3501.446 3640.065 3811.198 3930.847 4127.691 4232.951 4281.234 4316.072 4376.740 4407.920 4446.222 4446.925 4464.117 4478.347 4486.915 4494.376 4501.735 4514.284 4526.462 4539.425 4538.340 4531.240 4511.400 4485.755 4465.915 4456.116 4447.302 4461.014 4474.685 4469.264 4462.865 4450.504 4434.507 4422.312 4408.142 4404.926 4404.861 4405.601 4403.344 4401.082 4388.388 4375.829 4365.868 4361.597 4355.401 4351.441 4340.915 4329.448 4318.491 4299.662 4276.069 4247.158 4203.543 4163.378 4121.784
-9999.000 -9999.000 2916.724 3018.925 3116.632 3231.345 3309.855 3305.890 3437.978 3539.393 3650.522 3768.470 3872.739 3946.773 3981.015 4047.735 4111.647 4134.497 4183.312 4246.659 4286.414 4331.870 4359.069 4370.572 4385.283 4402.275 4411.450 4397.077 4387.190 4371.241 4348.375 4321.803 4308.803 4309.883 4308.921 4310.276 4302.726 4294.313 4280.106 4266.776 4254.915 4246.662 4243.252 4237.158 4234.563 4231.708 4230.080 4225.213 4217.154 4212.718 4203.882 4199.925 4198.798 4195.598 4189.525 4187.113 4177.033 4150.604 4121.371 4092.673 4060.830 4038.100
-9999.000 -9999.000 -9999.000 2974.286 3047.532 3074.946 3165.588 3188.265 3173.920 3252.964 3369.896 3513.744 3581.170 3636.905 3696.775 3737.005 3792.886 3848.482 3917.194 4004.934 4064.810 4119.900 4175.983 4205.467 4221.528 4240.612 4242.146 4235.081 4228.212 4214.845 4190.249 4168.244 4163.365 4172.510 4168.679 4161.943 4155.998 4155.780 4150.817 4141.958 4130.823 4129.325 4125.990 4119.415 4113.055 4108.508 4105.013 4104.407 4099.573 4092.123 4091.550 4091.846 4088.848 4088.101 4083.959 4076.322 4071.639 4042.234 4018.510 4003.005 3976.045 3945.952
-9999.000 -9999.000 -9999.000 -9999.000 -9999.000 2910.516 3018.387 3122.246 3159.055 3179.449 3239.004 3343.539 3378.679 3434.008 3499.801 3553.149 3624.368 3696.903 3785.512 3829.519 3899.689 3938.578 3985.579 4041.660 4057.317 4069.747 4083.255 4076.342 4069.577 4062.355 4039.154 4038.712 4043.308 4044.148 4044.353 4039.509 4035.354 4030.498 4029.881 4018.384 4014.726 4014.106 4010.248 4006.424 4000.909 3997.425 3994.766 3995.103 3988.079 3988.952 3995.991 3993.851 3991.403 3990.373 3983.902 3974.785 3966.337 3945.145 3932.134 3923.661 3892.156 3873.221
-9999.000 -9999.000 -9999.000 -9999.000 -9999.000 -9999.000 2879.093 2980.157 3047.762 3117.295 3195.006 3247.047 3267.212 3291.927 3337.662 3415.823 3511.794 3589.087 3638.519 3683.152 3734.874 3781.315 3819.512 3869.174 3892.072 3901.757 3920.410 3920.226 3914.205 3912.420 3915.267 3929.702 3925.126 3925.058 3923.800 3923.497 3917.188 3912.000 3909.838 3911.778 3913.946 3909.611 3905.982 3902.214 3897.069 3892.046 3889.011 3886.876 3888.157 3895.768 3896.793 3897.491 3895.762 3892.282 3883.507 3873.188 3864.376 3856.535 3847.362 3836.239 3821.540 3808.191
