examples/3D/Borden05m/output-maps-METEOIO-OFF/psiliqL0006N0004.asc
ncols         160
nrows         34
xllcorner     620200.000000
yllcorner     5168000.000000
cellsize      0.500000
NODATA_value  -9999.0
[rows 0 to 27 of 34, columns 0 to 63 of 160]
-9999.000 -9999.000 -9999.000 -9999.000 -9999.000 -9999.000 -9999.000 -9999.000 -9999.000 -9999.000 -9999.000 -9999.000 -9999.000 -9999.000 -9999.000 -9999.000 -9999.000 -9999.000 -9999.000 -9999.000 -9999.000 -9999.000 -9999.000 -9999.000 -9999.000 -9999.000 -9999.000 -9999.000 -9999.000 -9999.000 -9999.000 -9999.000 -9999.000 -9999.000 -9999.000 -9999.000 -9999.000 -9999.000 -9999.000 -9999.000 -9999.000 -9999.000 -9999.000 -9999.000 -9999.000 -9999.000 -9999.000 -9999.000 -9999.000 -9999.000 -9999.000 -9999.000 -9999.000 -9999.000 -9999.000 -9999.000 -9999.000 -9999.000 -9999.000 -9999.000 -9999.000 -9999.000 -9999.000 -9999.000
-9999.000 -9999.000 -9999.000 -9999.000 -9999.000 -9999.000 -9999.000 -9999.000 -9999.000 -9999.000 -9999.000 -9999.000 -9999.000 -9999.000 -9999.000 -9999.000 -9999.000 -9999.000 -9999.000 -9999.000 -9999.000 -9999.000 -9999.000 -9999.000 -9999.000 -9999.000 -9999.000 -9999.000 -9999.000 -9999.000 -9999.000 -9999.000 -9999.000 -9999.000 -9999.000 -9999.000 -9999.000 -9999.000 -9999.000 -9999.000 -9999.000 -9999.000 -9999.000 -9999.000 -9999.000 -9999.000 -9999.000 -9999.000 -9999.000 -9999.000 -9999.000 -9999.000 -9999.000 -9999.000 -9999.000 -9999.000 -9999.000 -9999.000 -9999.000 -562.506 -568.369 -574.160 -579.610 -589.253
-9999.000 -9999.000 -9999.000 -9999.000 -9999.000 -9999.000 -9999.000 -9999.000 -9999.000 -9999.000 -9999.000 -9999.000 -9999.000 -9999.000 -9999.000 -9999.000 -9999.000 -9999.000 -9999.000 -9999.000 -9999.000 -9999.000 -9999.000 -9999.000 -9999.000 -9999.000 -9999.000 -9999.000 -9999.000 -9999.000 -9999.000 -9999.000 -9999.000 -9999.000 -9999.000 -9999.000 -9999.000 -9999.000 -9999.000 -9999.000 -9999.000 -9999.000 -9999.000 -9999.000 -9999.000 -9999.000 -9999.000 -690.324 -707.741 -724.798 -726.338 -703.919 -681.257 -658.234 -638.240 -619.872 -600.973 -581.369 -578.071 -589.122 -594.097 -597.688 -600.212 -605.816
-9999.000 -9999.000 -9999.000 -9999.000 -9999.000 -9999.000 -9999.000 -9999.000 -9999.000 -9999.000 -9999.000 -9999.000 -9999.000 -9999.000 -9999.000 -9999.000 -9999.000 -9999.000 -9999.000 -9999.000 -9999.000 -9999.000 -9999.000 -9999.000 -9999.000 -9999.000 -9999.000 -9999.000 -9999.000 -9999.000 -9999.000 -9999.000 -9999.000 -9999.000 -9999.000 -9999.000 -9999.000 -9999.000 -9999.000 -9999.000 -643.350 -637.604 -635.893 -647.146 -658.645 -670.286 -690.022 -707.817 -723.633 -726.744 -724.505 -718.962 -696.315 -672.929 -654.141 -637.019 -618.196 -598.342 -595.606 -606.999 -615.930 -620.320 -620.591 -618.825
-9999.000 -9999.000 -9999.000 -9999.000 -9999.000 -9999.000 -9999.000 -9999.000 -9999.000 -9999.000 -9999.000 -9999.000 -9999.000 -9999.000 -9999.000 -9999.000 -9999.000 -9999.000 -9999.000 -9999.000 -9999.000 -9999.000 -9999.000 -9999.000 -9999.000 -9999.000 -9999.000 -9999.000 -9999.000 -9999.000 -9999.000 -9999.000 -9999.000 -9999.000 -732.980 -715.853 -698.398 -680.782 -664.758 -658.597 -652.919 -647.231 -651.446 -656.585 -668.110 -686.483 -706.262 -720.729 -723.745 -726.706 -722.707 -710.018 -694.127 -678.243 -657.921 -635.501 -626.879 -614.962 -612.182 -617.690 -617.194 -616.086 -614.859 -616.821
-9999.000 -9999.000 -9999.000 -9999.000 -9999.000 -9999.000 -9999.000 -9999.000 -9999.000 -9999.000 -9999.000 -9999.000 -9999.000 -9999.000 -9999.000 -9999.000 -9999.000 -9999.000 -9999.000 -9999.000 -9999.000 -9999.000 -9999.000 -9999.000 -9999.000 -9999.000 -9999.000 -9999.000 -727.469 -733.456 -738.856 -740.657 -742.280 -743.899 -737.383 -725.513 -707.768 -687.121 -675.025 -668.405 -662.363 -661.883 -666.935 -669.590 -669.802 -681.661 -693.428 -704.468 -715.173 -716.561 -707.538 -694.518 -679.355 -665.373 -650.835 -637.371 -623.050 -601.643 -593.146 -599.870 -606.441 -610.735 -610.523 -610.388
-9999.000 -9999.000 -9999.000 -9999.000 -9999.000 -9999.000 -9999.000 -9999.000 -9999.000 -9999.000 -9999.000 -9999.000 -9999.000 -9999.000 -9999.000 -9999.000 -9999.000 -9999.000 -9999.000 -9999.000 -9999.000 -9999.000 -9999.000 -754.951 -749.054 -743.055 -736.274 -735.774 -740.443 -746.370 -749.933 -751.918 -753.825 -750.053 -742.140 -729.128 -713.975 -693.320 -685.392 -679.048 -666.994 -665.531 -661.714 -658.224 -660.608 -663.558 -675.605 -684.539 -678.796 -672.923 -667.306 -660.734 -648.563 -633.349 -615.799 -595.076 -573.071 -553.241 -535.680 -542.415 -552.289 -564.919 -564.887 -560.910
-9999.000 -9999.000 -9999.000 -9999.000 -9999.000 -9999.000 -9999.000 -9999.000 -9999.000 -9999.000 -9999.000 -9999.000 -9999.000 -9999.000 -9999.000 -9999.000 -9999.000 -9999.000 -9999.000 -778.251 -777.698 -777.121 -773.058 -772.377 -770.489 -764.030 -756.492 -755.027 -756.904 -759.086 -758.037 -755.940 -752.488 -741.662 -728.617 -715.326 -701.881 -681.878 -667.831 -654.324 -638.605 -640.956 -646.268 -649.236 -649.428 -649.197 -642.664 -638.917 -633.893 -627.940 -621.060 -612.845 -602.848 -584.281 -563.310 -541.524 -519.619 -497.914 -475.954 -479.099 -492.914 -506.824 -506.319 -495.991
-9999.000 -9999.000 -9999.000 -9999.000 -9999.000 -9999.000 -9999.000 -9999.000 -9999.000 -9999.000 -9999.000 -9999.000 -9999.000 -9999.000 -9999.000 -9999.000 -804.681 -803.121 -801.483 -796.771 -794.951 -791.546 -785.355 -784.872 -781.551 -775.162 -770.792 -763.157 -756.155 -749.511 -744.287 -742.267 -735.168 -726.295 -715.214 -700.224 -678.956 -657.220 -641.609 -625.588 -609.370 -609.897 -611.833 -611.389 -610.998 -602.605 -583.879 -577.549 -573.175 -552.302 -536.892 -530.852 -523.132 -503.547 -475.628 -440.115 -394.885 -360.785 -331.665 -322.782 -339.761 -345.176 -338.041 -322.632
-9999.000 -9999.000 -9999.000 -9999.000 -9999.000 -9999.000 -9999.000 -9999.000 -9999.000 -9999.000 -9999.000 -9999.000 -9999.000 -845.280 -841.580 -833.398 -826.563 -824.984 -821.853 -817.118 -805.944 -803.142 -797.704 -790.848 -780.556 -772.972 -764.588 -753.756 -746.116 -739.728 -733.358 -727.130 -714.013 -699.307 -684.010 -664.404 -643.632 -622.853 -601.779 -587.263 -572.834 -568.896 -571.708 -570.753 -562.147 -542.085 -520.528 -503.786 -475.868 -445.205 -424.632 -405.725 -392.017 -373.770 -343.340 -293.601 -248.496 -215.200 -196.449 -180.533 -180.631 -177.979 -174.813 -168.906
-9999.000 -9999.000 -9999.000 -9999.000 -9999.000 -9999.000 -9999.000 -9999.000 -9999.000 -9999.000 -878.358 -875.927 -879.369 -878.735 -875.017 -864.485 -852.803 -846.719 -836.842 -818.015 -802.489 -799.854 -786.019 -777.153 -771.560 -761.758 -749.620 -737.523 -720.978 -709.122 -696.894 -676.469 -660.747 -645.134 -628.163 -609.119 -587.697 -555.912 -526.499 -509.804 -480.854 -461.742 -465.076 -464.628 -454.875 -429.736 -393.758 -351.817 -316.402 -280.308 -254.018 -236.854 -224.085 -209.491 -192.690 -163.624 -129.097 -101.214 -76.507 -62.092 -57.165 -55.125 -51.941 -45.292
-9999.000 -9999.000 -9999.000 -9999.000 -9999.000 -9999.000 -9999.000 -9999.000 -900.010 -894.002 -888.322 -891.418 -896.103 -899.345 -888.012 -873.901 -859.663 -844.505 -830.116 -813.996 -799.735 -784.290 -766.542 -755.783 -744.863 -730.790 -718.095 -700.826 -680.385 -665.739 -646.463 -624.875 -605.258 -587.272 -568.675 -549.318 -516.503 -475.140 -432.234 -394.685 -353.156 -316.828 -312.774 -306.717 -298.165 -265.431 -229.659 -195.666 -167.407 -140.717 -113.920 -99.047 -89.351 -77.488 -63.153 -49.926 -29.100 -2.458 25.407 44.500 54.468 56.684 61.275 70.192
-9999.000 -9999.000 -9999.000 -9999.000 -9999.000 -9999.000 -922.540 -900.926 -887.738 -895.296 -902.562 -905.700 -909.054 -892.892 -873.798 -858.926 -844.062 -828.544 -813.945 -800.182 -766.425 -752.009 -738.089 -718.828 -706.065 -693.182 -676.674 -653.595 -630.376 -596.235 -563.475 -532.842 -502.350 -478.107 -454.207 -426.602 -380.021 -324.599 -275.249 -238.012 -206.452 -176.888 -166.795 -160.978 -153.007 -136.933 -110.305 -83.147 -52.112 -22.834 -0.483 9.766 19.013 29.516 42.125 54.757 67.915 90.725 114.668 138.619 155.767 162.784 172.700 182.762
-9999.000 -9999.000 -9999.000 -9999.000 -951.452 -933.234 -915.072 -887.203 -866.619 -872.359 -865.501 -865.183 -866.555 -865.207 -860.963 -844.838 -829.144 -813.318 -795.943 -759.135 -720.184 -704.383 -677.655 -646.041 -632.528 -618.248 -603.287 -579.577 -546.770 -505.666 -445.537 -388.142 -346.801 -312.380 -284.018 -254.699 -218.502 -180.302 -146.402 -114.964 -87.188 -65.172 -51.650 -44.415 -34.209 -21.393 -4.145 19.885 46.992 77.216 101.399 116.026 123.942 133.943 145.696 160.511 176.872 192.029 210.021 232.724 248.986 260.209 273.234 291.731
-9999.000 -9999.000 -9999.000 -990.892 -957.973 -926.132 -901.779 -873.769 -844.867 -838.795 -831.611 -825.376 -818.867 -810.678 -801.108 -786.413 -774.373 -764.092 -744.963 -709.790 -674.199 -638.878 -605.691 -571.541 -545.102 -527.078 -508.255 -478.351 -426.629 -366.997 -295.875 -233.346 -192.385 -167.513 -149.363 -126.553 -105.546 -75.570 -45.387 -16.642 11.694 34.861 54.512 63.160 71.052 79.478 95.988 116.258 137.949 168.131 195.394 215.767 227.455 235.799 251.167 269.517 293.337 306.623 314.637 316.716 318.049 319.100 322.206 326.661
-9999.000 -9999.000 -1028.367 -998.374 -968.762 -923.058 -875.621 -845.390 -807.155 -782.948 -776.465 -758.186 -741.761 -733.652 -716.937 -700.113 -689.058 -687.593 -677.271 -640.031 -583.133 -526.975 -480.678 -407.000 -360.011 -329.651 -311.258 -280.298 -243.223 -196.123 -149.928 -105.854 -69.985 -41.761 -29.200 -14.323 6.483 26.191 54.700 82.041 108.920 133.499 156.886 170.793 177.207 191.183 211.115 232.781 256.857 288.447 305.571 308.309 309.424 310.375 311.710 313.516 315.677 313.812 310.674 304.714 299.271 298.963 303.043 310.161
-9999.000 -9999.000 -1048.105 -1012.758 -977.003 -913.796 -845.598 -810.536 -769.560 -727.428 -709.160 -686.662 -665.766 -644.765 -620.408 -594.944 -592.933 -591.555 -592.751 -534.137 -462.453 -368.857 -274.058 -211.127 -173.759 -165.069 -158.539 -141.936 -119.017 -78.994 -32.320 14.618 55.376 82.929 96.685 110.994 130.778 152.184 169.622 201.231 220.910 242.411 268.786 300.233 309.127 309.963 308.200 309.937 311.364 311.856 311.297 307.817 306.900 307.335 308.304 303.354 294.993 275.405 265.633 257.380 251.066 249.403 252.161 255.661
-9999.000 -1111.109 -1073.843 -1032.056 -972.361 -910.486 -829.254 -751.233 -705.238 -665.776 -638.124 -615.627 -551.888 -492.658 -458.841 -421.114 -424.702 -429.457 -437.579 -381.239 -303.988 -207.179 -101.698 -53.763 -27.852 -25.303 -28.818 -15.652 8.211 44.475 101.184 147.092 191.278 222.749 233.795 238.312 257.128 288.573 303.442 309.587 311.962 313.858 312.352 315.359 315.705 313.169 308.724 301.663 291.384 272.316 263.240 256.792 258.341 261.058 261.843 254.318 244.548 231.635 221.202 212.943 206.407 202.133 199.956 198.146
-9999.000 -1135.481 -1092.593 -1036.506 -976.596 -905.147 -795.338 -674.817 -631.738 -598.392 -563.964 -499.562 -384.631 -298.516 -256.063 -216.360 -218.254 -229.225 -229.283 -196.172 -146.206 -78.021 30.970 100.444 102.036 108.662 115.447 136.629 165.049 193.519 225.861 274.672 291.257 296.562 297.759 296.215 297.319 300.306 298.423 295.593 291.464 289.798 295.450 295.572 290.478 273.229 261.976 251.416 242.393 231.600 225.093 220.073 217.757 217.779 213.569 207.333 197.455 186.125 175.787 165.216 154.946 149.332 150.097 143.785
-9999.000 -1150.053 -1101.953 -1053.235 -991.741 -874.447 -759.453 -635.628 -546.489 -502.335 -426.830 -305.406 -208.323 -134.606 -94.985 -74.571 -63.748 -68.594 -52.673 -11.551 47.861 121.885 173.052 221.283 216.417 210.520 205.038 207.717 212.601 219.049 230.809 250.340 279.894 287.351 284.762 266.686 257.412 249.322 244.713 242.186 239.210 238.859 242.137 242.186 237.435 227.584 219.082 210.684 202.236 192.884 187.090 182.008 179.189 174.621 169.758 163.803 151.440 138.442 125.108 113.295 101.761 90.908 91.857 88.612
-9999.000 -1206.889 -1152.108 -1112.277 -996.711 -847.751 -730.396 -575.650 -428.826 -349.132 -238.373 -145.169 -67.394 -14.782 21.580 59.251 84.103 107.895 137.713 153.540 200.538 256.803 267.387 264.188 224.857 212.280 201.088 182.873 175.187 173.302 182.549 200.423 217.883 228.184 226.039 220.937 217.402 212.952 209.542 202.229 195.272 190.355 189.535 194.438 188.009 181.860 174.089 165.011 155.466 146.570 138.328 131.159 127.943 122.309 120.982 114.319 89.975 73.009 58.662 44.216 28.577 9.638 8.154 2.034
-9999.000 -1249.320 -1208.330 -1141.693 -1017.118 -868.182 -719.872 -543.254 -323.083 -206.329 -120.974 -77.369 -18.936 40.301 97.937 129.552 145.450 150.197 153.492 157.185 140.094 147.965 166.646 185.032 181.494 177.305 165.585 154.176 149.114 151.408 155.351 161.220 166.517 168.173 165.559 165.302 168.064 162.413 155.455 148.850 142.883 135.736 130.774 128.004 125.251 123.753 115.802 105.306 94.896 86.774 78.918 72.884 70.861 66.703 61.137 51.538 26.718 3.023 -16.029 -36.522 -67.624 -80.321 -87.993 -95.677
-9999.000 -1298.514 -1234.049 -1177.565 -1075.516 -952.717 -819.788 -651.207 -470.250 -231.379 -71.975 -41.582 -19.287 17.728 72.966 123.832 128.364 98.880 74.361 62.316 66.444 79.614 95.662 114.646 125.667 130.378 128.452 120.075 108.457 103.403 102.284 98.117 95.290 96.490 95.420 100.072 102.920 94.244 82.944 69.565 57.823 49.051 46.099 46.604 45.850 42.657 35.616 26.116 14.711 4.484 -3.101 -8.291 -13.634 -21.074 -29.432 -38.750 -61.315 -81.026 -101.319 -130.465 -169.223 -198.298 -211.120 -244.694
-9999.000 -9999.000 -1274.679 -1213.386 -1139.166 -1035.852 -916.342 -762.493 -603.203 -378.882 -243.267 -160.727 -115.811 -79.672 -31.121 11.004 18.055 24.724 0.245 -0.555 3.807 10.105 21.208 33.804 45.272 52.407 56.734 55.040 47.029 34.210 19.892 9.474 3.316 -1.238 5.902 15.741 14.428 8.578 -1.562 -15.060 -26.489 -38.130 -41.203 -40.320 -40.352 -43.094 -47.838 -59.143 -70.610 -82.114 -87.454 -92.772 -98.012 -107.514 -117.349 -128.709 -149.548 -171.737 -197.368 -240.667 -292.119 -350.057 -398.940 -442.555
-9999.000 -9999.000 -1314.762 -1259.829 -1191.690 -1100.335 -1008.461 -900.099 -743.416 -616.882 -504.750 -396.735 -310.212 -251.461 -209.151 -163.112 -141.421 -131.783 -128.120 -116.689 -98.959 -81.659 -69.311 -57.599 -46.027 -36.307 -28.393 -37.221 -46.323 -60.013 -76.878 -95.147 -104.697 -109.720 -105.786 -99.044 -103.192 -111.970 -124.320 -138.792 -150.243 -161.262 -164.792 -166.404 -166.927 -169.365 -172.544 -181.595 -193.452 -202.604 -210.812 -218.003 -222.295 -231.082 -242.487 -252.057 -275.105 -307.870 -347.574 -398.315 -453.719 -495.257 -531.999 -565.458
-9999.000 -9999.000 -9999.000 -1295.511 -1249.537 -1199.484 -1130.050 -1066.250 -969.616 -857.885 -759.275 -663.864 -596.009 -539.378 -482.711 -421.211 -379.134 -357.193 -340.303 -287.847 -257.906 -221.256 -192.267 -179.041 -165.818 -152.865 -149.200 -157.277 -165.631 -179.387 -200.226 -223.376 -237.256 -237.250 -237.654 -235.621 -241.824 -248.172 -261.533 -277.210 -293.839 -306.991 -313.434 -319.585 -323.826 -329.100 -334.806 -344.982 -358.078 -371.349 -382.190 -387.504 -392.923 -400.657 -411.071 -422.204 -439.068 -472.510 -504.094 -536.121 -571.115 -604.550 -635.804 -665.541
-9999.000 -9999.000 -9999.000 -9999.000 -9999.000 -1297.354 -1231.599 -1170.701 -1113.318 -1052.106 -975.147 -883.255 -835.493 -787.481 -734.826 -690.555 -654.132 -617.254 -571.604 -525.660 -475.700 -433.039 -386.832 -347.165 -326.441 -308.515 -301.650 -312.578 -325.671 -346.409 -379.639 -410.176 -418.667 -419.278 -419.284 -421.678 -428.577 -436.013 -446.052 -463.141 -478.297 -485.798 -491.066 -496.030 -500.956 -505.278 -509.502 -514.004 -523.951 -532.206 -532.534 -535.608 -538.679 -541.840 -549.036 -556.965 -566.550 -592.657 -615.514 -631.684 -663.369 -691.688 -711.647 -739.906
-9999.000 -9999.000 -9999.000 -9999.000 -9999.000 -9999.000 -1317.435 -1265.885 -1218.327 -1167.565 -1104.493 -1044.676 -1017.221 -974.031 -927.113 -877.757 -826.318 -787.197 -747.349 -706.028 -663.153 -627.038 -589.348 -552.192 -535.804 -522.484 -510.362 -520.091 -530.656 -541.731 -565.229 -571.568 -578.194 -578.398 -578.833 -579.233 -584.729 -590.759 -596.643 -608.087 -613.934 -620.038 -624.348 -628.447 -632.612 -636.137 -638.798 -641.400 -647.614 -646.843 -646.484 -648.356 -650.640 -653.051 -659.166 -667.535 -675.768 -692.316 -706.437 -720.537 -745.344 -763.906 -782.798 -806.441
