examples/3D/Borden05m/output-maps-METEOIO-OFF/psiliqL0027N0001.asc
ncols         160
nrows         34
xllcorner     620200.000000
yllcorner     5168000.000000
cellsize      0.500000
NODATA_value  -9999.0
[rows 0 to 27 of 34, columns 0 to 61 of 160]
-9999.000 -9999.000 -9999.000 -9999.000 -9999.000 -9999.000 -9999.000 -9999.000 -9999.000 -9999.000 -9999.000 -9999.000 -9999.000 -9999.000 -9999.000 -9999.000 -9999.000 -9999.000 -9999.000 -9999.000 -9999.000 -9999.000 -9999.000 -9999.000 -9999.000 -9999.000 -9999.000 -9999.000 -9999.000 -9999.000 -9999.000 -9999.000 -9999.000 -9999.000 -9999.000 -9999.000 -9999.000 -9999.000 -9999.000 -9999.000 -9999.000 -9999.000 -9999.000 -9999.000 -9999.000 -9999.000 -9999.000 -9999.000 -9999.000 -9999.000 -9999.000 -9999.000 -9999.000 -9999.000 -9999.000 -9999.000 -9999.000 -9999.000 -9999.000 -9999.000 -9999.000 -9999.000
-9999.000 -9999.000 -9999.000 -9999.000 -9999.000 -9999.000 -9999.000 -9999.000 -9999.000 -9999.000 -9999.000 -9999.000 -9999.000 -9999.000 -9999.000 -9999.000 -9999.000 -9999.000 -9999.000 -9999.000 -9999.000 -9999.000 -9999.000 -9999.000 -9999.000 -9999.000 -9999.000 -9999.000 -9999.000 -9999.000 -9999.000 -9999.000 -9999.000 -9999.000 -9999.000 -9999.000 -9999.000 -9999.000 -9999.000 -9999.000 -9999.000 -9999.000 -9999.000 -9999.000 -9999.000 -9999.000 -9999.000 -9999.000 -9999.000 -9999.000 -9999.000 -9999.000 -9999.000 -9999.000 -9999.000 -9999.000 -9999.000 -9999.000 -9999.000 3656.630 3651.556 3647.205
-9999.000 -9999.000 -9999.000 -9999.000 -9999.000 -9999.000 -9999.000 -9999.000 -9999.000 -9999.000 -9999.000 -9999.000 -9999.000 -9999.000 -9999.000 -9999.000 -9999.000 -9999.000 -9999.000 -9999.000 -9999.000 -9999.000 -9999.000 -9999.000 -9999.000 -9999.000 -9999.000 -9999.000 -9999.000 -9999.000 -9999.000 -9999.000 -9999.000 -9999.000 -9999.000 -9999.000 -9999.000 -9999.000 -9999.000 -9999.000 -9999.000 -9999.000 -9999.000 -9999.000 -9999.000 -9999.000 -9999.000 3523.707 3506.963 3494.431 3490.247 3511.969 3535.893 3560.615 3582.021 3601.028 3620.257 3641.968 3645.455 3633.603 3628.757 3626.050
-9999.000 -9999.000 -9999.000 -9999.000 -9999.000 -9999.000 -9999.000 -9999.000 -9999.000 -9999.000 -9999.000 -9999.000 -9999.000 -9999.000 -9999.000 -9999.000 -9999.000 -9999.000 -9999.000 -9999.000 -9999.000 -9999.000 -9999.000 -9999.000 -9999.000 -9999.000 -9999.000 -9999.000 -9999.000 -9999.000 -9999.000 -9999.000 -9999.000 -9999.000 -9999.000 -9999.000 -9999.000 -9999.000 -9999.000 -9999.000 3571.164 3577.483 3577.692 3568.614 3558.004 3544.828 3524.715 3507.903 3495.560 3494.407 3497.613 3500.865 3522.199 3548.612 3569.461 3585.907 3605.983 3627.205 3630.320 3620.494 3613.272 3606.820
-9999.000 -9999.000 -9999.000 -9999.000 -9999.000 -9999.000 -9999.000 -9999.000 -9999.000 -9999.000 -9999.000 -9999.000 -9999.000 -9999.000 -9999.000 -9999.000 -9999.000 -9999.000 -9999.000 -9999.000 -9999.000 -9999.000 -9999.000 -9999.000 -9999.000 -9999.000 -9999.000 -9999.000 -9999.000 -9999.000 -9999.000 -9999.000 -9999.000 -9999.000 3475.175 3492.518 3511.131 3530.531 3548.366 3556.203 3562.505 3568.399 3564.384 3560.737 3549.751 3529.228 3510.642 3498.631 3498.519 3496.901 3501.215 3513.482 3531.008 3546.803 3568.197 3593.572 3603.466 3614.807 3618.028 3613.655 3616.580 3619.029
-9999.000 -9999.000 -9999.000 -9999.000 -9999.000 -9999.000 -9999.000 -9999.000 -9999.000 -9999.000 -9999.000 -9999.000 -9999.000 -9999.000 -9999.000 -9999.000 -9999.000 -9999.000 -9999.000 -9999.000 -9999.000 -9999.000 -9999.000 -9999.000 -9999.000 -9999.000 -9999.000 -9999.000 3476.546 3471.118 3467.104 3466.408 3465.861 3465.799 3473.102 3484.821 3502.554 3525.579 3539.816 3547.950 3555.649 3556.730 3551.535 3550.682 3552.024 3540.078 3528.514 3517.727 3507.208 3504.753 3514.480 3529.700 3546.897 3562.411 3578.586 3583.251 3605.365 3626.337 3632.953 3627.792 3624.965 3624.622
-9999.000 -9999.000 -9999.000 -9999.000 -9999.000 -9999.000 -9999.000 -9999.000 -9999.000 -9999.000 -9999.000 -9999.000 -9999.000 -9999.000 -9999.000 -9999.000 -9999.000 -9999.000 -9999.000 -9999.000 -9999.000 -9999.000 -9999.000 3442.980 3448.294 3455.556 3464.100 3465.926 3463.460 3458.888 3457.134 3456.674 3455.304 3460.799 3468.546 3482.292 3498.393 3521.695 3530.859 3535.855 3547.999 3552.717 3561.690 3566.473 3565.459 3562.129 3547.831 3536.874 3539.595 3544.306 3552.111 3561.465 3575.952 3590.460 3606.448 3625.123 3645.430 3666.831 3680.630 3675.431 3668.954 3661.549
-9999.000 -9999.000 -9999.000 -9999.000 -9999.000 -9999.000 -9999.000 -9999.000 -9999.000 -9999.000 -9999.000 -9999.000 -9999.000 -9999.000 -9999.000 -9999.000 -9999.000 -9999.000 -9999.000 3415.657 3417.267 3419.587 3425.314 3426.423 3428.919 3436.508 3445.405 3449.301 3447.945 3447.954 3450.218 3453.775 3459.314 3470.625 3484.867 3499.644 3513.210 3534.734 3549.962 3562.981 3578.997 3580.492 3577.876 3577.167 3577.944 3577.034 3575.740 3575.318 3582.399 3583.594 3587.745 3597.820 3610.815 3628.048 3646.193 3663.911 3678.421 3695.814 3713.442 3705.379 3696.317 3680.550
-9999.000 -9999.000 -9999.000 -9999.000 -9999.000 -9999.000 -9999.000 -9999.000 -9999.000 -9999.000 -9999.000 -9999.000 -9999.000 -9999.000 -9999.000 -9999.000 3384.453 3386.769 3389.943 3396.276 3400.890 3405.720 3413.629 3416.088 3420.333 3428.274 3433.563 3443.812 3453.121 3461.032 3467.699 3470.909 3478.095 3487.989 3500.063 3514.490 3535.126 3559.493 3575.918 3593.397 3611.464 3612.897 3612.013 3613.079 3612.325 3614.125 3629.066 3632.916 3628.009 3637.999 3650.492 3654.063 3661.888 3682.625 3705.585 3721.429 3744.038 3761.600 3784.889 3776.282 3753.861 3738.270
-9999.000 -9999.000 -9999.000 -9999.000 -9999.000 -9999.000 -9999.000 -9999.000 -9999.000 -9999.000 -9999.000 -9999.000 -9999.000 3332.162 3336.708 3347.859 3360.507 3364.480 3370.437 3378.170 3391.233 3395.825 3402.727 3410.784 3424.419 3433.909 3443.472 3455.973 3464.691 3472.345 3479.399 3482.791 3494.857 3509.495 3524.500 3544.310 3567.064 3586.204 3605.092 3622.474 3634.936 3632.954 3633.217 3636.362 3641.814 3655.417 3672.722 3673.491 3683.485 3704.793 3715.820 3723.879 3730.890 3745.875 3768.512 3799.442 3833.923 3859.631 3870.977 3879.275 3864.893 3863.586
-9999.000 -9999.000 -9999.000 -9999.000 -9999.000 -9999.000 -9999.000 -9999.000 -9999.000 -9999.000 3303.003 3305.003 3302.123 3300.137 3306.923 3320.290 3335.975 3342.435 3355.552 3378.049 3397.916 3401.951 3416.218 3427.404 3434.971 3445.432 3458.885 3471.462 3487.284 3499.434 3508.590 3525.289 3541.642 3558.431 3576.335 3597.574 3614.385 3638.769 3664.586 3674.122 3691.870 3695.429 3692.576 3691.908 3702.395 3714.328 3729.756 3745.994 3765.353 3788.155 3799.177 3813.186 3823.358 3834.796 3851.278 3894.516 3940.760 3971.563 3989.614 4003.402 4001.010 4003.805
-9999.000 -9999.000 -9999.000 -9999.000 -9999.000 -9999.000 -9999.000 -9999.000 3276.426 3285.237 3291.434 3288.981 3285.446 3280.421 3296.255 3312.721 3329.621 3349.145 3365.775 3385.162 3399.999 3415.589 3436.698 3448.217 3459.490 3475.198 3488.863 3504.218 3525.336 3533.689 3545.284 3565.455 3581.918 3599.709 3618.892 3636.416 3657.613 3688.926 3719.052 3736.376 3763.725 3782.078 3777.832 3777.533 3780.256 3804.505 3831.811 3862.028 3881.900 3906.413 3935.894 3956.356 3967.133 3979.684 3994.876 4019.947 4056.522 4087.110 4118.807 4134.465 4137.130 4135.101
-9999.000 -9999.000 -9999.000 -9999.000 -9999.000 -9999.000 3245.756 3270.722 3286.824 3278.996 3265.431 3261.184 3255.960 3288.644 3312.293 3330.861 3348.742 3367.457 3384.835 3394.105 3424.587 3445.232 3457.998 3472.033 3487.537 3503.022 3520.257 3542.570 3561.048 3583.834 3600.771 3618.231 3643.186 3661.931 3680.380 3695.524 3724.687 3761.048 3797.383 3823.541 3849.800 3883.192 3884.723 3888.447 3891.871 3917.468 3952.990 3984.366 4017.723 4049.811 4079.730 4091.827 4102.330 4113.655 4127.498 4138.841 4155.720 4185.671 4215.961 4239.436 4254.740 4255.312
-9999.000 -9999.000 -9999.000 -9999.000 3211.847 3233.067 3252.320 3283.064 3305.900 3301.963 3307.322 3306.434 3303.171 3309.697 3319.368 3337.933 3358.485 3379.449 3394.942 3423.053 3471.441 3483.677 3501.840 3532.554 3544.884 3560.305 3577.371 3599.344 3619.218 3647.964 3683.667 3714.393 3737.608 3758.815 3779.984 3798.958 3836.200 3875.318 3913.130 3946.795 3975.853 4004.030 4012.775 4019.803 4031.825 4050.817 4075.332 4104.641 4139.954 4173.676 4198.509 4209.050 4215.677 4226.506 4235.197 4245.555 4257.154 4276.730 4300.727 4336.406 4361.046 4372.956
-9999.000 -9999.000 -9999.000 3156.681 3196.201 3236.517 3262.771 3293.814 3327.230 3328.081 3338.148 3339.245 3339.513 3346.444 3351.074 3369.193 3389.084 3410.802 3433.942 3469.154 3499.914 3519.073 3548.534 3566.149 3580.843 3595.592 3616.115 3638.113 3676.442 3708.237 3756.376 3809.239 3843.783 3865.735 3890.752 3920.852 3948.612 3989.920 4026.448 4060.985 4093.598 4118.052 4134.517 4141.295 4152.937 4160.636 4175.008 4197.656 4221.559 4253.699 4284.318 4314.460 4330.905 4343.042 4361.067 4379.796 4394.572 4410.306 4385.450 4410.153 4422.762 4428.570
-9999.000 -9999.000 3107.588 3147.581 3179.219 3226.355 3280.284 3316.552 3357.188 3377.358 3382.135 3394.329 3406.662 3409.546 3420.225 3434.921 3459.447 3470.851 3493.753 3511.297 3550.442 3586.379 3584.031 3624.414 3656.938 3692.242 3716.261 3745.528 3785.973 3822.413 3869.427 3922.045 3959.110 3989.801 4008.533 4031.539 4054.583 4083.546 4122.772 4150.917 4186.838 4214.477 4236.180 4238.979 4243.607 4261.504 4291.426 4323.758 4354.058 4384.318 4369.984 4394.567 4406.036 4412.724 4422.612 4429.452 4432.870 4431.310 4430.384 4423.826 4417.470 4416.300
-9999.000 -9999.000 3076.930 3123.965 3158.682 3216.894 3304.959 3340.390 3381.864 3429.298 3445.050 3468.747 3464.360 3455.069 3475.304 3492.094 3515.897 3526.533 3523.554 3578.547 3633.863 3660.423 3668.578 3748.592 3804.084 3831.673 3851.613 3874.958 3897.686 3938.936 3980.919 4038.228 4082.334 4114.997 4132.323 4155.058 4177.191 4194.797 4216.774 4265.841 4303.582 4336.466 4370.325 4393.499 4403.389 4410.052 4385.777 4406.763 4421.307 4428.155 4431.420 4428.451 4428.570 4429.928 4431.226 4426.024 4419.008 4411.836 4406.207 4399.337 4393.499 4390.918
-9999.000 2982.585 3035.439 3086.188 3150.912 3212.765 3288.320 3364.562 3433.370 3488.197 3516.054 3511.318 3512.760 3540.499 3563.030 3582.543 3591.751 3605.785 3590.219 3647.214 3686.980 3738.808 3841.177 3902.952 3970.049 3969.402 3961.016 3969.054 3987.997 4037.460 4119.508 4178.701 4247.438 4299.215 4318.982 4329.046 4350.216 4373.363 4323.030 4368.878 4391.049 4409.759 4421.061 4425.023 4427.834 4428.981 4426.533 4420.606 4413.393 4408.371 4404.818 4400.851 4403.664 4407.209 4407.413 4400.611 4392.553 4384.428 4376.164 4368.491 4361.349 4355.972
-9999.000 2943.864 3001.349 3070.000 3137.930 3184.466 3266.934 3436.578 3502.009 3542.855 3550.714 3527.514 3588.092 3651.604 3679.698 3729.072 3717.376 3706.381 3672.447 3701.328 3743.404 3817.904 3993.609 4086.046 4142.544 4154.011 4158.046 4189.627 4237.103 4287.816 4336.869 4307.238 4360.139 4387.423 4394.983 4397.979 4405.711 4406.285 4406.856 4404.239 4400.803 4402.603 4408.770 4410.017 4408.316 4406.058 4401.361 4394.824 4390.377 4386.325 4384.089 4381.505 4379.588 4378.691 4373.509 4367.951 4357.983 4347.241 4336.515 4324.869 4313.012 4305.021
-9999.000 2902.316 2977.770 3036.087 3081.286 3171.519 3303.593 3450.494 3549.842 3586.922 3565.293 3602.505 3709.943 3821.457 3878.631 3904.311 3888.769 3843.631 3826.872 3874.680 3949.587 4074.729 4219.765 4324.031 4343.130 4350.002 4304.233 4333.651 4360.973 4366.601 4370.330 4380.997 4388.398 4393.550 4394.022 4393.067 4390.076 4383.598 4380.453 4378.296 4375.962 4376.113 4379.332 4382.367 4380.563 4377.575 4373.884 4368.958 4363.122 4356.663 4352.455 4348.130 4345.754 4339.725 4335.640 4329.073 4311.196 4295.353 4279.700 4265.530 4251.058 4233.110
-9999.000 2776.137 2873.738 2913.251 2984.168 3175.517 3306.789 3448.551 3618.158 3640.963 3688.508 3833.893 3959.169 4045.301 4078.843 4117.033 4146.483 4166.988 4208.628 4089.385 4175.566 4279.587 4329.391 4352.962 4366.845 4370.448 4363.494 4345.409 4337.282 4332.984 4336.890 4346.322 4352.939 4359.535 4358.940 4361.651 4364.340 4362.556 4359.848 4352.332 4345.631 4339.951 4337.585 4343.159 4339.324 4337.703 4332.038 4323.961 4315.219 4307.917 4299.789 4292.893 4290.161 4284.447 4282.342 4271.619 4238.824 4216.086 4197.032 4175.925 4146.199 4124.265
-9999.000 2695.158 2767.452 2824.173 2932.464 3097.338 3190.944 3350.190 3597.019 3738.758 3910.180 4007.711 4083.550 4130.064 4185.304 4243.141 4275.534 4292.453 4265.227 4292.780 4253.646 4246.430 4267.819 4300.745 4321.458 4328.594 4323.572 4317.074 4312.173 4313.235 4313.006 4310.582 4307.953 4305.783 4304.041 4308.377 4314.944 4308.848 4299.463 4290.864 4283.151 4274.682 4269.449 4265.370 4266.437 4267.211 4259.890 4249.555 4238.677 4230.198 4222.653 4217.642 4214.157 4208.170 4197.169 4182.000 4152.360 4124.566 4099.641 4065.279 4015.744 3999.318
-9999.000 2572.349 2706.748 2781.257 2872.817 3001.472 3104.233 3256.574 3387.406 3637.952 3782.535 3986.603 4042.618 4118.974 4171.283 4250.463 4250.592 4224.047 4184.875 4173.094 4188.859 4201.785 4213.423 4231.014 4251.831 4264.841 4272.626 4269.032 4256.893 4246.136 4236.457 4224.055 4215.870 4214.523 4219.886 4231.081 4232.377 4223.854 4210.371 4192.644 4177.539 4166.220 4164.806 4168.145 4169.693 4165.850 4160.239 4149.429 4136.620 4123.757 4117.599 4112.532 4104.049 4091.480 4078.088 4063.371 4038.258 4017.612 3991.730 3945.909 3899.910 3855.798
-9999.000 -9999.000 2619.577 2727.778 2819.413 2929.141 3015.871 3132.225 3273.520 3447.204 3567.809 3756.754 3858.930 3908.381 3946.719 4007.924 4038.796 4075.803 4075.455 4092.018 4106.173 4115.228 4123.708 4132.281 4145.523 4157.971 4170.751 4170.018 4163.086 4143.981 4119.359 4100.327 4090.814 4082.351 4095.506 4108.875 4103.814 4097.431 4085.215 4069.386 4057.236 4043.306 4040.198 4040.368 4041.206 4039.040 4036.631 4024.032 4011.458 4001.165 3996.518 3989.994 3985.383 3974.271 3962.166 3950.299 3930.319 3905.914 3876.574 3832.635 3791.552 3749.124
-9999.000 -9999.000 2530.500 2633.889 2734.376 2850.907 2933.217 2941.220 3077.139 3181.724 3293.089 3409.571 3512.115 3585.994 3622.881 3690.070 3752.081 3775.183 3821.151 3880.867 3919.538 3963.280 3989.887 4002.105 4017.215 4034.165 4043.694 4030.092 4020.422 4004.698 3982.309 3956.388 3943.619 3944.092 3943.527 3945.327 3937.985 3929.406 3915.206 3901.627 3889.698 3881.141 3877.754 3872.145 3869.838 3867.090 3865.343 3860.039 3851.537 3846.548 3837.545 3832.961 3831.109 3826.897 3819.810 3816.249 3804.666 3777.661 3747.893 3717.998 3684.667 3660.283
-9999.000 -9999.000 -9999.000 2586.640 2662.732 2696.630 2788.681 2817.614 2815.366 2899.066 3015.898 3156.693 3225.187 3281.962 3342.305 3384.759 3439.853 3493.200 3557.992 3642.884 3700.606 3754.585 3808.879 3837.512 3853.917 3872.996 3875.091 3868.141 3861.247 3847.862 3823.610 3801.623 3796.044 3804.367 3800.743 3794.670 3788.628 3787.855 3782.232 3772.971 3761.655 3759.456 3756.082 3749.745 3743.733 3739.290 3735.774 3734.577 3729.291 3721.510 3720.032 3719.600 3716.044 3714.323 3709.279 3700.968 3694.971 3665.148 3640.523 3623.220 3595.069 3564.037
-9999.000 -9999.000 -9999.000 -9999.000 -9999.000 2533.882 2641.550 2744.936 2786.535 2812.909 2876.001 2981.209 3019.003 3075.146 3141.106 3194.789 3264.029 3334.489 3420.198 3464.833 3533.412 3572.496 3618.918 3673.044 3688.980 3701.850 3714.947 3708.112 3701.328 3693.641 3670.553 3668.300 3672.005 3672.661 3672.710 3667.962 3663.567 3658.539 3657.251 3645.543 3641.132 3640.064 3636.179 3632.333 3626.929 3623.410 3620.624 3620.522 3613.203 3613.132 3619.231 3616.622 3613.650 3611.902 3604.809 3595.203 3586.049 3563.863 3549.358 3539.523 3507.304 3486.804
-9999.000 -9999.000 -9999.000 -9999.000 -9999.000 -9999.000 2501.808 2602.436 2671.544 2742.508 2821.617 2876.487 2898.818 2926.734 2974.048 3051.043 3144.377 3219.473 3269.102 3314.323 3365.965 3412.034 3450.531 3499.280 3521.798 3531.940 3550.158 3549.458 3543.336 3541.003 3541.811 3554.525 3549.741 3549.533 3548.186 3547.708 3541.337 3535.960 3533.379 3534.100 3535.523 3530.997 3527.274 3523.446 3518.348 3513.400 3510.307 3507.997 3508.438 3515.188 3515.816 3515.881 3513.630 3509.714 3500.603 3489.853 3480.463 3471.218 3460.951 3448.889 3432.605 3418.090
