examples/3D/Borden05m/output-maps-METEOIO-OFF/psiliqL0029N0001.asc
ncols         160
nrows         34
xllcorner     620200.000000
yllcorner     5168000.000000
cellsize      0.500000
NODATA_value  -9999.0
[rows 0 to 27 of 34, columns 62 to 123 of 160]
-9999.000 -9999.000 -9999.000 -9999.000 -9999.000 -9999.000 -9999.000 -9999.000 -9999.000 -9999.000 -9999.000 -9999.000 -9999.000 -9999.000 -9999.000 -9999.000 -9999.000 -9999.000 -9999.000 -9999.000 -9999.000 -9999.000 -9999.000 -9999.000 -9999.000 -9999.000 -9999.000 -9999.000 -9999.000 -9999.000 -9999.000 -9999.000 -9999.000 -9999.000 -9999.000 -9999.000 -9999.000 -9999.000 -9999.000 -9999.000 -9999.000 -9999.000 -9999.000 -9999.000 -9999.000 -9999.000 -9999.000 -9999.000 -9999.000 -9999.000 -9999.000 -9999.000 -9999.000 -9999.000 -9999.000 -9999.000 -9999.000 -9999.000 -9999.000 -9999.000 -9999.000 -9999.000
4043.931 4036.111 4027.439 4020.398 4016.874 4016.358 4016.197 4016.171 4021.566 4030.208 4038.344 4045.640 4048.498 4051.225 4053.350 4053.847 4053.015 4050.026 4046.882 4043.683 4042.103 4035.060 4024.108 4016.000 4013.375 4017.499 4021.769 4024.128 4028.995 4039.078 4049.343 4057.579 4069.872 4076.663 4081.486 4083.349 4078.713 4074.827 4070.177 4063.261 4051.820 -9999.000 -9999.000 -9999.000 -9999.000 -9999.000 -9999.000 -9999.000 -9999.000 -9999.000 -9999.000 -9999.000 -9999.000 -9999.000 -9999.000 -9999.000 -9999.000 -9999.000 -9999.000 -9999.000 -9999.000 -9999.000
4025.659 4022.183 4014.403 4010.016 4005.221 4003.087 4003.755 4004.234 4008.395 4019.855 4028.122 4033.105 4036.200 4039.489 4037.964 4037.431 4037.497 4034.829 4031.534 4028.331 4026.617 4028.450 4020.965 4014.930 4010.964 4007.710 4010.462 4013.132 4017.845 4026.717 4034.274 4041.846 4056.796 4069.650 4074.872 4071.676 4066.493 4061.963 4053.691 4042.159 4031.805 4023.983 4017.484 4011.283 4003.664 4009.084 4016.147 4024.270 4031.829 4043.130 4054.929 -9999.000 -9999.000 -9999.000 -9999.000 -9999.000 -9999.000 -9999.000 -9999.000 -9999.000 -9999.000 -9999.000
4008.636 4013.020 4010.559 4006.418 3998.693 4009.781 4011.395 4012.633 4016.392 4018.537 4024.635 4027.437 4033.182 4042.526 4045.689 4046.393 4046.668 4044.866 4041.766 4039.925 4037.252 4032.067 4030.200 4029.769 4028.282 4032.169 4033.660 4036.761 4031.403 4035.822 4041.811 4048.461 4053.312 4058.816 4060.406 4056.437 4056.640 4047.544 4033.162 4022.864 4014.964 4015.072 4011.375 4002.467 3987.433 3994.897 4010.010 4013.740 4015.124 4025.186 4036.817 4047.045 4049.716 4048.402 4046.927 4042.747 4027.746 4011.947 3995.846 3976.559 -9999.000 -9999.000
4021.780 4020.580 4017.658 4013.472 4024.154 4032.928 4034.918 4037.890 4042.522 4044.279 4034.179 4032.707 4040.159 4050.024 4055.352 4055.806 4055.614 4051.757 4050.742 4050.734 4049.165 4048.466 4049.911 4046.983 4049.577 4055.016 4058.399 4053.702 4045.319 4047.696 4056.049 4065.058 4072.276 4081.798 4091.816 4091.685 4086.628 4077.372 4064.275 4041.117 4023.142 4011.195 4001.959 3993.544 3996.031 3989.709 4002.899 4003.518 4005.061 4011.117 4020.516 4030.409 4035.699 4033.826 4031.773 4027.995 4017.123 4001.157 3985.211 3966.536 3939.016 3909.070
4026.363 4025.929 4026.598 4035.255 4047.394 4058.626 4061.192 4063.534 4062.696 4056.136 4046.353 4044.437 4057.779 4075.026 4083.132 4082.670 4077.744 4080.187 4080.885 4082.119 4079.304 4079.864 4076.658 4081.128 4088.906 4097.121 4095.846 4083.281 4070.588 4070.672 4076.508 4083.986 4091.452 4101.034 4109.344 4103.828 4098.262 4090.534 4064.551 4041.841 4026.980 4026.146 4025.798 4020.167 4017.065 4015.350 4010.560 4009.594 4007.450 4006.016 4017.128 4029.408 4031.745 4023.610 4018.117 4014.455 4005.358 3992.387 3975.175 3956.895 3935.891 3906.662
4061.560 4062.237 4068.442 4079.089 4091.610 4113.654 4113.142 4113.706 4112.131 4099.454 4086.595 4077.430 4101.006 4112.673 4119.852 4116.579 4120.864 4129.475 4126.365 4120.686 4108.377 4114.001 4119.391 4134.713 4143.042 4148.726 4143.350 4128.719 4121.590 4123.654 4130.892 4132.602 4141.807 4149.671 4163.889 4161.541 4158.596 4138.190 4099.889 4070.413 4058.250 4069.574 4062.704 4054.848 4054.029 4042.077 4034.181 4035.781 4026.558 4020.797 4032.253 4037.962 4037.826 4028.230 4031.737 4023.622 4000.811 3982.848 3967.053 3951.332 3932.344 3925.230
4073.358 4077.746 4088.940 4107.118 4124.954 4144.940 4142.296 4134.288 4144.729 4138.297 4127.697 4120.887 4145.239 4155.336 4165.628 4170.783 4183.751 4194.222 4176.297 4158.231 4146.781 4154.437 4181.650 4205.486 4210.363 4208.992 4207.653 4190.792 4186.255 4183.441 4184.833 4182.615 4180.820 4207.327 4229.393 4228.631 4206.390 4182.668 4140.812 4101.461 4077.293 4091.760 4086.529 4089.071 4078.283 4065.600 4058.785 4056.119 4048.426 4038.276 4046.626 4049.455 4055.412 4060.440 4064.215 4045.985 4026.715 4005.909 3986.748 3971.106 3962.729 3954.612
4131.250 4146.108 4155.466 4175.754 4192.324 4217.885 4228.890 4239.238 4243.897 4237.801 4229.906 4218.625 4226.033 4252.028 4264.009 4272.165 4280.340 4293.336 4292.749 4285.010 4283.036 4287.874 4303.064 4319.020 4325.944 4328.570 4330.552 4315.045 4301.393 4300.269 4295.354 4295.100 4294.320 4307.339 4329.462 4325.099 4284.954 4256.785 4219.456 4179.017 4148.313 4142.920 4163.124 4161.072 4143.299 4132.856 4106.865 4102.315 4092.445 4068.840 4068.103 4068.599 4075.870 4090.451 4076.733 4058.651 4039.948 4018.832 4000.821 3991.728 3988.158 3983.256
4257.843 4267.572 4271.306 4278.437 4311.927 4346.572 4371.610 4394.965 4402.565 4390.353 4381.046 4367.543 4359.242 4372.307 4390.662 4408.939 4424.003 4435.611 4437.497 4435.972 4436.126 4439.673 4442.840 4447.638 4456.862 4464.760 4473.216 4480.602 4468.997 4451.790 4443.062 4434.897 4434.761 4436.375 4440.956 4441.531 4421.584 4375.646 4341.730 4307.873 4288.659 4275.370 4276.390 4256.395 4229.415 4174.352 4135.384 4102.605 4083.737 4061.152 4069.961 4085.134 4129.533 4133.991 4120.165 4103.789 4078.927 4054.706 4033.549 4028.741 4025.628 4019.702
4395.419 4399.598 4402.168 4404.670 4433.481 4477.229 4518.254 4550.805 4550.266 4535.861 4524.642 4516.149 4501.047 4497.190 4511.345 4528.147 4549.811 4560.204 4565.556 4561.685 4561.967 4564.257 4566.822 4569.198 4573.428 4583.953 4600.084 4615.602 4614.273 4593.732 4575.346 4559.434 4557.901 4555.993 4550.787 4553.094 4554.502 4535.381 4501.105 4458.597 4416.896 4400.755 4385.197 4372.866 4353.590 4307.050 4234.088 4190.078 4149.229 4121.559 4126.034 4199.347 4221.707 4209.199 4197.688 4174.881 4144.458 4120.096 4097.352 4094.870 4089.438 4080.059
4525.237 4532.953 4535.449 4540.584 4557.828 4593.046 4631.132 4662.376 4677.828 4669.225 4649.943 4626.444 4615.462 4612.206 4616.400 4626.884 4641.262 4662.123 4682.756 4688.747 4689.745 4687.058 4689.702 4691.521 4691.776 4695.374 4705.126 4715.988 4719.714 4711.100 4688.475 4663.831 4653.083 4646.927 4643.508 4644.932 4650.627 4654.153 4637.502 4598.608 4550.689 4519.934 4504.876 4491.143 4475.075 4460.297 4421.641 4397.674 4357.418 4305.529 4276.974 4322.859 4313.716 4301.875 4277.303 4242.909 4207.119 4175.072 4149.207 4141.515 4136.928 4134.902
4651.024 4656.280 4663.354 4678.726 4703.772 4724.727 4749.468 4778.041 4795.675 4800.935 4798.712 4793.796 4794.819 4795.223 4720.461 4727.757 4735.041 4755.332 4773.130 4779.671 4780.449 4777.470 4779.629 4780.634 4780.568 4780.316 4783.537 4789.728 4792.200 4789.519 4775.077 4798.341 4777.325 4763.326 4754.801 4746.204 4737.736 4727.890 4717.300 4695.197 4661.955 4625.886 4604.638 4596.344 4588.915 4578.339 4570.928 4551.566 4526.432 4487.820 4445.299 4424.907 4422.848 4404.707 4366.446 4332.006 4305.955 4267.340 4235.944 4219.175 4217.388 4208.802
4778.572 4783.391 4798.020 4815.826 4796.202 4805.954 4816.036 4826.044 4829.360 4830.182 4829.542 4826.909 4825.820 4822.980 4819.703 4808.739 4810.262 4812.250 4814.834 4818.597 4817.543 4818.740 4821.776 4820.017 4813.891 4809.789 4808.387 4809.770 4817.567 4821.446 4822.744 4818.893 4818.166 4817.262 4813.456 4808.589 4801.574 4792.479 4810.956 4797.918 4767.737 4724.313 4680.090 4673.333 4675.945 4674.614 4672.335 4665.588 4646.680 4617.239 4577.119 4536.203 4529.977 4513.792 4491.421 4472.050 4449.913 4406.818 4368.074 4344.469 4333.332 4308.274
4830.234 4832.968 4836.454 4833.122 4829.810 4824.376 4822.234 4820.390 4817.473 4817.669 4815.381 4810.858 4806.263 4797.434 4785.236 4773.799 4769.658 4773.691 4779.382 4784.725 4789.549 4793.420 4793.128 4787.478 4778.930 4771.346 4769.975 4777.289 4783.434 4790.760 4792.105 4791.134 4788.937 4789.022 4785.949 4786.532 4794.290 4810.024 4812.107 4819.361 4818.485 4798.662 4762.638 4779.968 4759.345 4765.673 4760.434 4748.288 4725.759 4699.975 4666.569 4633.658 4614.775 4606.305 4598.852 4590.103 4573.075 4530.291 4493.375 4462.982 4441.911 4414.056
4817.504 4824.060 4824.380 4816.524 4807.011 4798.837 4790.346 4787.131 4786.041 4785.209 4785.181 4779.235 4768.804 4750.611 4738.489 4727.009 4720.720 4716.033 4718.806 4730.424 4743.419 4748.597 4738.455 4729.697 4717.562 4709.625 4710.395 4711.370 4721.488 4739.838 4748.910 4750.349 4744.070 4737.629 4731.449 4728.809 4735.948 4752.268 4770.410 4787.464 4797.606 4806.030 4813.827 4810.854 4814.300 4816.179 4813.622 4817.861 4798.838 4773.222 4742.007 4715.115 4688.104 4684.400 4684.282 4679.918 4676.715 4640.759 4601.825 4565.524 4537.263 4508.501
4789.205 4789.885 4784.476 4777.054 4765.914 4753.627 4742.736 4733.539 4733.608 4735.073 4736.064 4727.595 4711.028 4692.202 4677.962 4663.464 4659.054 4652.421 4643.350 4653.169 4673.719 4681.461 4664.480 4653.290 4637.837 4631.677 4627.669 4628.601 4637.900 4661.942 4688.370 4691.520 4680.985 4670.589 4666.910 4664.600 4669.845 4687.451 4709.889 4727.662 4739.527 4745.804 4754.450 4764.682 4780.408 4796.474 4809.853 4813.808 4824.415 4819.512 4804.186 4798.532 4772.716 4757.746 4750.233 4746.145 4739.090 4713.494 4682.194 4652.951 4625.065 4599.507
4749.896 4744.205 4736.614 4728.076 4703.895 4689.802 4675.049 4658.250 4652.843 4646.200 4645.929 4633.177 4624.845 4608.009 4591.821 4575.453 4560.591 4554.398 4547.052 4543.308 4556.077 4564.288 4555.904 4546.444 4536.589 4532.807 4529.764 4532.884 4543.980 4563.506 4582.615 4592.484 4586.390 4587.481 4589.557 4589.295 4597.349 4608.682 4627.761 4652.319 4673.826 4685.427 4693.499 4703.825 4719.590 4735.019 4750.671 4770.067 4795.114 4812.741 4823.832 4823.955 4823.136 4814.071 4819.038 4808.029 4795.121 4773.831 4747.590 4719.520 4692.494 4674.146
4703.015 4695.414 4688.186 4661.338 4601.515 4577.554 4556.433 4538.121 4529.422 4519.109 4499.035 4489.201 4484.164 4488.012 4473.527 4455.163 4436.291 4430.935 4427.162 4406.891 4399.226 4398.874 4418.931 4413.365 4413.707 4417.170 4415.228 4416.457 4429.619 4436.843 4441.800 4449.866 4457.893 4471.109 4481.420 4495.353 4514.811 4526.859 4543.478 4565.502 4593.820 4611.944 4623.326 4635.368 4652.326 4670.061 4689.546 4713.553 4741.684 4759.862 4772.556 4785.809 4800.924 4817.711 4823.281 4833.778 4832.384 4829.272 4804.333 4773.733 4752.830 4734.964
4628.531 4624.726 4611.758 4550.473 4507.927 4471.423 4452.425 4426.283 4410.179 4390.429 4346.627 4326.751 4326.740 4343.576 4340.993 4325.358 4313.422 4303.014 4292.341 4272.748 4250.626 4257.048 4277.577 4280.372 4285.557 4294.996 4295.317 4288.099 4283.459 4295.607 4301.254 4314.105 4335.179 4341.875 4362.429 4400.546 4415.169 4432.274 4452.300 4474.476 4498.617 4524.145 4540.646 4558.158 4578.607 4597.283 4619.468 4643.759 4675.592 4699.568 4715.960 4728.436 4740.759 4757.859 4780.889 4802.738 4823.494 4834.301 4837.092 4822.872 4806.849 4786.866
4512.958 4504.701 4470.166 4413.457 4376.863 4353.089 4329.166 4304.367 4277.024 4234.536 4197.036 4173.190 4190.978 4202.418 4216.536 4205.110 4194.256 4184.248 4164.360 4146.683 4128.452 4140.211 4148.966 4171.616 4179.892 4184.278 4191.733 4190.739 4178.550 4170.894 4179.703 4190.613 4204.490 4230.271 4269.622 4296.445 4317.091 4339.675 4360.100 4383.277 4408.240 4433.716 4453.292 4473.856 4494.395 4517.474 4538.300 4562.736 4592.947 4622.040 4640.766 4658.769 4674.549 4696.357 4722.851 4748.528 4776.778 4801.177 4817.446 4832.568 4837.213 4831.894
4378.844 4351.584 4297.978 4253.993 4235.204 4223.325 4198.396 4176.268 4144.672 4108.105 4086.454 4064.406 4074.885 4085.370 4107.584 4099.168 4093.190 4090.782 4074.881 4061.531 4044.240 4050.090 4063.099 4088.913 4095.840 4100.607 4111.319 4111.244 4106.512 4086.801 4093.839 4105.895 4122.260 4156.093 4179.768 4203.608 4227.523 4248.699 4272.109 4296.098 4321.068 4350.109 4372.108 4393.489 4417.401 4438.601 4454.112 4471.271 4497.053 4520.427 4544.998 4570.938 4588.497 4616.287 4650.452 4685.187 4723.668 4752.098 4770.341 4785.063 4799.060 4821.650
4212.881 4153.454 4115.693 4097.698 4099.854 4087.823 4067.522 4048.036 4028.088 4006.394 3987.876 3961.542 3966.734 3983.072 4000.660 4003.912 4006.055 4004.914 3996.098 3982.579 3968.840 3972.614 3990.504 4009.117 4020.393 4028.871 4037.125 4037.194 4027.230 4017.229 4022.415 4039.103 4056.249 4073.813 4095.117 4116.922 4138.811 4162.911 4187.062 4211.575 4238.169 4267.040 4290.885 4316.772 4343.366 4361.304 4371.299 4379.495 4400.056 4418.044 4442.703 4468.792 4490.460 4520.809 4559.412 4605.510 4649.909 4695.738 4718.170 4735.013 4748.048 4766.264
4088.057 4053.027 4023.535 4018.719 4003.319 3990.614 3976.573 3955.774 3939.781 3925.831 3904.291 3896.387 3903.819 3916.919 3923.592 3931.510 3929.546 3927.381 3922.372 3908.332 3906.199 3916.780 3931.982 3945.403 3957.685 3964.926 3970.025 3967.228 3958.145 3956.734 3965.585 3981.774 3995.568 4010.249 4031.361 4051.774 4074.190 4097.596 4120.588 4146.174 4172.620 4200.238 4229.542 4253.427 4272.870 4282.772 4293.548 4292.775 4304.258 4321.864 4340.470 4365.605 4393.430 4421.546 4464.589 4510.003 4554.929 4600.258 4642.827 4667.608 4688.997 4712.249
4021.160 3990.527 3961.128 3934.363 3923.039 3917.578 3905.080 3888.611 3877.930 3862.601 3854.880 3862.800 3862.996 3869.487 3866.147 3866.998 3864.649 3864.169 3862.718 3858.243 3871.861 3878.007 3890.949 3900.757 3910.710 3916.504 3920.090 3921.973 3918.928 3926.068 3932.204 3946.019 3957.440 3970.879 3990.968 4008.143 4027.338 4050.084 4073.699 4098.189 4124.764 4153.922 4179.621 4197.987 4205.200 4215.300 4216.836 4205.574 4217.329 4231.081 4242.509 4265.611 4289.042 4311.017 4352.379 4402.476 4456.660 4499.359 4551.535 4585.686 4615.978 4642.222
3933.460 3903.154 3874.743 3854.828 3850.645 3838.799 3828.222 3816.764 3803.046 3797.591 3805.391 3802.642 3798.940 3795.383 3797.793 3801.388 3801.083 3800.186 3803.798 3816.071 3820.537 3825.882 3834.308 3845.672 3858.081 3861.777 3866.347 3871.773 3878.713 3882.097 3885.816 3896.413 3908.757 3921.417 3937.621 3955.978 3975.283 3998.418 4023.016 4049.481 4077.435 4106.787 4130.576 4140.057 4150.912 4153.195 4146.504 4141.271 4144.767 4158.282 4165.758 4183.894 4208.618 4218.535 4258.351 4311.418 4356.146 4397.214 4437.525 4489.203 4522.620 4553.884
3867.205 3837.488 3817.161 3803.005 3791.408 3779.794 3768.416 3755.692 3749.560 3751.226 3747.977 3745.372 3742.271 3744.780 3748.152 3752.549 3752.924 3754.254 3757.384 3761.815 3768.777 3778.434 3789.269 3801.910 3818.245 3823.773 3828.889 3835.539 3838.961 3843.000 3847.410 3858.674 3871.116 3883.478 3900.980 3919.755 3939.376 3962.942 3990.295 4022.160 4050.925 4079.694 4106.823 4118.284 4123.615 4123.722 4118.210 4105.254 4103.562 4114.204 4116.345 4126.975 4147.027 4155.890 4180.584 4221.623 4251.241 4290.380 4335.820 4397.835 4433.964 4471.949
3794.200 3775.250 3760.368 3740.915 3726.046 3714.332 3705.624 3701.242 3700.906 3698.021 3696.278 3694.486 3691.550 3692.034 3696.035 3699.620 3702.261 3705.314 3710.196 3717.333 3726.545 3734.428 3746.315 3761.385 3777.395 3785.450 3791.486 3798.299 3803.650 3808.576 3812.580 3822.611 3834.866 3845.095 3862.698 3882.398 3903.339 3930.069 3961.230 3993.791 4022.243 4049.813 4079.668 4085.617 4088.869 4090.976 4077.491 4065.269 4058.974 4062.482 4066.355 4068.036 4080.388 4093.415 4111.813 4134.745 4164.528 4204.072 4258.147 4309.500 4350.691 4385.617
