examples/3D/Borden05m/output-maps-METEOIO-OFF/psiliqL0029N0004.asc
ncols         160
nrows         34
xllcorner     620200.000000
yllcorner     5168000.000000
cellsize      0.500000
NODATA_value  -9999.0
[rows 0 to 27 of 34, columns 0 to 61 of 160]
-9999.000 -9999.000 -9999.000 -9999.000 -9999.000 -9999.000 -9999.000 -9999.000 -9999.000 -9999.000 -9999.000 -9999.000 -9999.000 -9999.000 -9999.000 -9999.000 -9999.000 -9999.000 -9999.000 -9999.000 -9999.000 -9999.000 -9999.000 -9999.000 -9999.000 -9999.000 -9999.000 -9999.000 -9999.000 -9999.000 -9999.000 -9999.000 -9999.000 -9999.000 -9999.000 -9999.000 -9999.000 -9999.000 -9999.000 -9999.000 -9999.000 -9999.000 -9999.000 -9999.000 -9999.000 -9999.000 -9999.000 -9999.000 -9999.000 -9999.000 -9999.000 -9999.000 -9999.000 -9999.000 -9999.000 -9999.000 -9999.000 -9999.000 -9999.000 -9999.000 -9999.000 -9999.000
-9999.000 -9999.000 -9999.000 -9999.000 -9999.000 -9999.000 -9999.000 -9999.000 -9999.000 -9999.000 -9999.000 -9999.000 -9999.000 -9999.000 -9999.000 -9999.000 -9999.000 -9999.000 -9999.000 -9999.000 -9999.000 -9999.000 -9999.000 -9999.000 -9999.000 -9999.000 -9999.000 -9999.000 -9999.000 -9999.000 -9999.000 -9999.000 -9999.000 -9999.000 -9999.000 -9999.000 -9999.000 -9999.000 -9999.000 -9999.000 -9999.000 -9999.000 -9999.000 -9999.000 -9999.000 -9999.000 -9999.000 -9999.000 -9999.000 -9999.000 -9999.000 -9999.000 -9999.000 -9999.000 -9999.000 -9999.000 -9999.000 -9999.000 -9999.000 4054.806 4049.761 4045.456
-9999.000 -9999.000 -9999.000 -9999.000 -9999.000 -9999.000 -9999.000 -9999.000 -9999.000 -9999.000 -9999.000 -9999.000 -9999.000 -9999.000 -9999.000 -9999.000 -9999.000 -9999.000 -9999.000 -9999.000 -9999.000 -9999.000 -9999.000 -9999.000 -9999.000 -9999.000 -9999.000 -9999.000 -9999.000 -9999.000 -9999.000 -9999.000 -9999.000 -9999.000 -9999.000 -9999.000 -9999.000 -9999.000 -9999.000 -9999.000 -9999.000 -9999.000 -9999.000 -9999.000 -9999.000 -9999.000 -9999.000 3922.815 3906.035 3893.760 3889.066 3910.406 3934.126 3958.699 3979.952 3998.769 4017.838 4039.653 4043.139 4031.367 4026.519 4023.805
-9999.000 -9999.000 -9999.000 -9999.000 -9999.000 -9999.000 -9999.000 -9999.000 -9999.000 -9999.000 -9999.000 -9999.000 -9999.000 -9999.000 -9999.000 -9999.000 -9999.000 -9999.000 -9999.000 -9999.000 -9999.000 -9999.000 -9999.000 -9999.000 -9999.000 -9999.000 -9999.000 -9999.000 -9999.000 -9999.000 -9999.000 -9999.000 -9999.000 -9999.000 -9999.000 -9999.000 -9999.000 -9999.000 -9999.000 -9999.000 3970.922 3977.188 3977.073 3967.973 3957.212 3943.677 3923.385 3906.679 3894.538 3893.349 3896.357 3899.049 3919.899 3946.256 3966.978 3983.068 4003.029 4024.222 4027.251 4017.493 4010.321 4003.529
-9999.000 -9999.000 -9999.000 -9999.000 -9999.000 -9999.000 -9999.000 -9999.000 -9999.000 -9999.000 -9999.000 -9999.000 -9999.000 -9999.000 -9999.000 -9999.000 -9999.000 -9999.000 -9999.000 -9999.000 -9999.000 -9999.000 -9999.000 -9999.000 -9999.000 -9999.000 -9999.000 -9999.000 -9999.000 -9999.000 -9999.000 -9999.000 -9999.000 -9999.000 3874.899 3892.122 3910.638 3929.974 3947.761 3955.586 3961.906 3967.662 3963.435 3959.668 3948.455 3927.457 3908.754 3896.783 3896.700 3894.901 3898.883 3910.716 3927.992 3943.380 3964.502 3989.827 3999.531 4010.561 4013.603 4009.140 4012.114 4014.500
-9999.000 -9999.000 -9999.000 -9999.000 -9999.000 -9999.000 -9999.000 -9999.000 -9999.000 -9999.000 -9999.000 -9999.000 -9999.000 -9999.000 -9999.000 -9999.000 -9999.000 -9999.000 -9999.000 -9999.000 -9999.000 -9999.000 -9999.000 -9999.000 -9999.000 -9999.000 -9999.000 -9999.000 3876.199 3870.762 3866.762 3866.011 3865.397 3865.339 3872.661 3884.175 3901.648 3924.617 3938.774 3946.789 3954.409 3955.271 3949.745 3948.725 3949.867 3937.553 3925.660 3914.547 3903.667 3900.694 3910.039 3925.003 3941.924 3957.124 3973.016 3976.425 3998.924 4019.557 4025.709 4020.395 4017.643 4017.410
-9999.000 -9999.000 -9999.000 -9999.000 -9999.000 -9999.000 -9999.000 -9999.000 -9999.000 -9999.000 -9999.000 -9999.000 -9999.000 -9999.000 -9999.000 -9999.000 -9999.000 -9999.000 -9999.000 -9999.000 -9999.000 -9999.000 -9999.000 3841.959 3847.159 3854.450 3863.062 3864.955 3862.740 3858.216 3856.479 3855.963 3854.417 3859.836 3867.322 3880.837 3896.679 3919.861 3928.761 3933.243 3945.018 3949.648 3958.699 3963.167 3961.825 3957.992 3942.994 3931.351 3933.277 3937.350 3944.823 3953.892 3968.057 3981.973 3997.324 4015.372 4035.154 4056.403 4069.585 4064.148 4057.605 4050.326
-9999.000 -9999.000 -9999.000 -9999.000 -9999.000 -9999.000 -9999.000 -9999.000 -9999.000 -9999.000 -9999.000 -9999.000 -9999.000 -9999.000 -9999.000 -9999.000 -9999.000 -9999.000 -9999.000 3814.046 3815.705 3818.122 3823.958 3825.156 3827.641 3835.207 3844.080 3848.065 3846.625 3846.658 3848.794 3852.201 3857.614 3868.607 3882.576 3897.072 3910.189 3931.376 3946.222 3958.692 3974.235 3975.567 3972.657 3971.600 3971.895 3970.288 3967.654 3966.223 3972.885 3973.000 3976.262 3985.886 3998.557 4015.116 4032.527 4049.505 4063.096 4079.967 4097.142 4088.254 4079.095 4062.676
-9999.000 -9999.000 -9999.000 -9999.000 -9999.000 -9999.000 -9999.000 -9999.000 -9999.000 -9999.000 -9999.000 -9999.000 -9999.000 -9999.000 -9999.000 -9999.000 3782.302 3784.601 3787.830 3794.299 3799.082 3803.914 3811.846 3814.379 3818.545 3826.423 3831.564 3841.804 3851.055 3858.771 3865.217 3868.143 3874.892 3884.400 3896.051 3909.866 3929.857 3953.879 3969.767 3986.768 4004.396 4005.354 4003.889 4004.327 4002.769 4003.261 4017.203 4020.140 4013.675 4022.049 4033.679 4036.390 4043.633 4064.063 4086.408 4100.676 4121.911 4138.615 4161.858 4151.520 4127.934 4110.939
-9999.000 -9999.000 -9999.000 -9999.000 -9999.000 -9999.000 -9999.000 -9999.000 -9999.000 -9999.000 -9999.000 -9999.000 -9999.000 3729.283 3733.719 3744.912 3757.957 3761.976 3768.003 3775.822 3788.823 3793.350 3800.136 3808.043 3821.703 3831.054 3840.379 3852.658 3861.073 3868.406 3875.041 3877.629 3889.018 3903.035 3917.362 3936.514 3958.762 3977.039 3995.016 4011.958 4023.534 4020.243 4019.995 4022.559 4026.969 4039.333 4055.716 4054.505 4062.526 4082.866 4092.816 4099.627 4105.732 4120.373 4142.717 4172.691 4206.590 4231.631 4242.143 4249.405 4233.345 4231.391
-9999.000 -9999.000 -9999.000 -9999.000 -9999.000 -9999.000 -9999.000 -9999.000 -9999.000 -9999.000 3701.422 3703.122 3699.989 3697.420 3704.155 3717.398 3733.090 3739.224 3752.273 3774.714 3794.600 3798.399 3812.303 3823.312 3830.656 3840.734 3853.835 3865.948 3881.156 3892.760 3901.005 3916.697 3932.426 3948.610 3965.852 3986.532 4002.140 4025.133 4049.994 4058.227 4074.478 4076.083 4072.430 4070.850 4080.801 4091.325 4105.072 4119.414 4137.628 4159.262 4168.522 4181.734 4191.124 4201.795 4217.849 4261.894 4308.586 4339.059 4355.948 4369.271 4365.897 4368.593
-9999.000 -9999.000 -9999.000 -9999.000 -9999.000 -9999.000 -9999.000 -9999.000 3675.136 3683.892 3689.707 3686.916 3683.072 3677.404 3693.101 3709.198 3725.772 3745.146 3761.430 3780.572 3794.906 3809.965 3830.847 3841.897 3852.650 3867.939 3881.095 3895.633 3916.161 3923.225 3933.382 3952.704 3968.131 3985.144 4003.618 4020.228 4039.773 4069.902 4098.897 4114.516 4140.922 4157.690 4152.024 4150.434 4152.057 4175.266 4201.445 4230.801 4249.020 4272.302 4301.018 4321.126 4331.231 4343.167 4357.841 4383.475 4420.988 4451.423 4483.043 4498.056 4499.846 4497.378
-9999.000 -9999.000 -9999.000 -9999.000 -9999.000 -9999.000 3644.653 3669.426 3685.248 3676.950 3662.259 3657.329 3651.297 3684.824 3708.102 3726.241 3743.648 3761.920 3778.834 3786.936 3816.348 3836.903 3848.875 3861.724 3876.815 3891.857 3908.453 3929.973 3947.274 3968.298 3983.128 3998.836 4022.832 4040.622 4058.172 4071.955 4099.914 4135.250 4170.651 4195.484 4220.694 4253.633 4253.387 4255.925 4257.914 4283.418 4318.751 4349.490 4381.998 4413.320 4443.005 4454.427 4464.303 4475.066 4488.505 4499.323 4516.263 4546.593 4577.225 4600.485 4615.578 4615.675
-9999.000 -9999.000 -9999.000 -9999.000 3611.405 3632.412 3651.109 3681.385 3703.691 3699.272 3703.699 3701.869 3697.562 3703.686 3712.947 3730.762 3750.821 3771.343 3785.720 3812.041 3860.449 3871.511 3888.055 3917.936 3929.398 3944.171 3960.682 3981.794 3999.885 4027.192 4060.932 4089.915 4111.965 4132.097 4152.413 4170.040 4206.919 4245.380 4282.429 4315.083 4343.089 4370.744 4377.987 4384.004 4395.202 4413.780 4437.993 4466.848 4502.067 4535.345 4559.465 4568.884 4574.738 4585.115 4593.142 4602.943 4614.251 4634.183 4658.647 4695.537 4721.077 4733.346
-9999.000 -9999.000 -9999.000 3555.598 3595.012 3635.365 3660.996 3691.448 3724.345 3723.752 3733.073 3732.563 3731.066 3736.688 3739.646 3756.911 3776.416 3798.130 3820.562 3854.715 3884.037 3900.777 3929.142 3944.616 3957.651 3971.497 3991.609 4012.569 4049.977 4080.195 4127.349 4179.494 4212.967 4233.767 4258.412 4288.117 4315.446 4356.674 4392.544 4426.383 4458.234 4481.756 4496.993 4502.777 4513.915 4520.649 4533.937 4556.025 4579.548 4611.562 4641.945 4672.419 4688.772 4700.844 4718.889 4737.832 4752.822 4768.859 4740.806 4767.741 4781.602 4788.143
-9999.000 -9999.000 3506.418 3546.575 3577.503 3623.687 3677.171 3712.993 3752.699 3771.255 3774.573 3784.767 3795.244 3796.159 3804.808 3817.904 3842.387 3853.456 3876.334 3890.894 3927.526 3961.192 3954.366 3992.368 4024.066 4059.872 4084.164 4113.130 4153.708 4188.695 4234.872 4287.309 4323.479 4353.361 4371.647 4394.404 4416.681 4445.583 4484.782 4511.926 4547.689 4574.727 4595.593 4596.921 4600.678 4618.139 4648.219 4680.903 4711.496 4742.227 4724.451 4750.594 4762.575 4769.443 4779.894 4787.124 4790.726 4789.009 4788.285 4781.814 4775.656 4774.807
-9999.000 -9999.000 3475.123 3522.287 3555.725 3612.062 3700.758 3735.016 3775.191 3821.657 3835.579 3857.704 3849.176 3835.329 3853.594 3868.082 3892.431 3902.465 3897.937 3951.888 4005.890 4027.835 4029.027 4110.505 4166.922 4195.509 4215.879 4238.938 4260.689 4301.038 4341.591 4399.089 4442.683 4474.960 4491.736 4514.429 4536.105 4552.912 4574.542 4624.370 4662.952 4696.165 4730.358 4753.225 4762.587 4768.986 4741.739 4763.829 4778.965 4785.792 4788.831 4785.425 4785.275 4786.453 4787.622 4782.309 4775.240 4768.099 4762.615 4756.045 4750.635 4748.484
-9999.000 3380.069 3432.878 3482.944 3546.539 3606.879 3680.369 3754.986 3824.489 3879.126 3905.197 3896.020 3890.052 3913.717 3934.038 3950.812 3959.512 3973.612 3955.883 4013.271 4050.568 4098.037 4198.685 4260.649 4330.638 4328.715 4318.932 4325.503 4343.006 4392.869 4476.862 4537.473 4608.227 4661.325 4681.186 4691.061 4712.106 4735.064 4677.871 4726.678 4749.899 4769.379 4781.234 4784.715 4786.976 4787.462 4784.347 4777.753 4769.957 4764.441 4760.492 4756.257 4758.903 4762.377 4762.483 4755.768 4747.856 4739.960 4731.995 4724.734 4718.073 4713.260
-9999.000 3340.793 3397.792 3465.650 3532.558 3574.916 3653.058 3825.883 3891.851 3931.668 3935.308 3902.806 3958.723 4019.964 4045.218 4093.656 4079.228 4066.581 4027.943 4055.102 4095.108 4169.016 4349.641 4442.790 4503.075 4513.707 4516.378 4548.026 4596.612 4649.119 4700.256 4665.305 4721.919 4750.835 4758.276 4760.749 4768.373 4768.199 4768.324 4764.997 4760.875 4762.069 4767.748 4768.406 4766.078 4763.186 4757.912 4750.894 4746.069 4741.669 4739.196 4736.487 4734.454 4733.468 4728.311 4723.021 4713.292 4702.877 4692.538 4681.382 4670.106 4662.735
-9999.000 3297.267 3373.227 3430.327 3471.739 3557.251 3689.317 3836.856 3935.795 3971.038 3940.157 3970.154 4076.701 4188.764 4244.833 4268.594 4248.399 4197.587 4176.091 4223.269 4298.929 4428.849 4581.949 4690.062 4709.190 4715.594 4664.761 4695.887 4724.805 4730.166 4733.516 4744.629 4751.676 4756.506 4756.534 4755.146 4751.680 4744.681 4741.078 4738.363 4735.480 4735.014 4737.635 4740.279 4737.915 4734.413 4730.259 4724.932 4718.718 4711.970 4707.540 4703.122 4700.808 4694.815 4691.114 4684.908 4667.014 4651.494 4636.332 4622.770 4608.960 4591.360
-9999.000 3166.683 3265.598 3302.198 3365.382 3558.705 3689.681 3828.817 4000.763 4019.121 4060.198 4207.705 4334.139 4420.133 4450.380 4485.965 4513.578 4531.858 4573.119 4439.974 4530.011 4640.815 4693.775 4718.278 4733.081 4736.041 4728.234 4709.369 4700.727 4696.024 4699.588 4708.753 4714.999 4721.259 4720.382 4722.931 4725.530 4723.488 4720.395 4712.415 4705.276 4699.025 4695.993 4701.057 4696.816 4694.891 4688.771 4680.247 4671.152 4663.691 4655.424 4648.585 4646.105 4640.751 4639.084 4628.618 4595.782 4573.364 4554.835 4534.161 4504.241 4483.215
-9999.000 3085.611 3156.947 3207.947 3310.744 3474.866 3561.494 3718.120 3969.759 4113.901 4291.056 4390.550 4464.584 4506.512 4558.434 4616.063 4647.708 4663.868 4632.211 4661.029 4619.369 4610.919 4631.946 4665.008 4685.992 4692.717 4687.343 4680.675 4675.410 4676.195 4675.614 4672.611 4669.465 4666.956 4665.108 4669.513 4676.094 4669.654 4659.759 4650.685 4642.493 4633.546 4627.891 4623.242 4624.189 4624.681 4616.974 4606.303 4595.140 4586.516 4579.045 4574.346 4571.105 4565.497 4554.685 4539.844 4510.756 4483.697 4459.418 4425.017 4375.090 4359.585
-9999.000 2958.771 3095.043 3165.952 3251.934 3378.367 3476.140 3625.265 3751.626 4005.509 4146.056 4363.734 4419.756 4496.668 4545.629 4624.767 4622.128 4593.947 4551.867 4539.000 4555.128 4567.515 4578.026 4594.536 4615.144 4627.975 4635.973 4632.364 4619.909 4608.498 4598.015 4584.932 4576.353 4574.809 4580.742 4592.443 4593.463 4584.847 4571.055 4552.799 4537.224 4525.462 4523.932 4527.227 4528.655 4524.423 4518.683 4507.576 4494.574 4481.527 4475.715 4471.029 4462.789 4450.446 4437.450 4423.250 4399.104 4379.664 4354.556 4308.473 4263.164 4218.761
-9999.000 -9999.000 3005.720 3113.103 3201.413 3308.121 3389.060 3499.658 3637.950 3808.692 3927.906 4124.274 4229.038 4276.821 4311.181 4371.419 4402.237 4440.262 4440.777 4457.866 4472.064 4480.654 4488.173 4495.611 4508.252 4520.528 4533.592 4532.611 4525.613 4505.875 4480.325 4460.572 4450.849 4442.097 4455.857 4469.563 4464.167 4457.783 4445.429 4429.429 4417.223 4403.032 4399.786 4399.684 4400.384 4398.084 4395.781 4383.051 4370.465 4360.489 4356.217 4350.037 4346.113 4335.645 4324.259 4313.408 4294.705 4271.260 4242.512 4199.074 4159.094 4117.688
-9999.000 -9999.000 2915.749 3017.880 3115.479 3230.032 3308.342 3304.130 3435.917 3536.982 3647.717 3765.235 3869.054 3942.637 3976.449 4042.779 4106.364 4128.962 4177.605 4240.860 4280.585 4326.063 4353.319 4364.900 4379.703 4396.792 4406.068 4391.797 4382.010 4366.159 4343.384 4316.894 4303.966 4305.107 4304.193 4305.585 4298.064 4289.673 4275.479 4262.155 4250.290 4242.027 4238.599 4232.480 4229.857 4226.971 4225.315 4220.424 4212.349 4207.908 4199.080 4195.147 4194.061 4190.923 4184.931 4182.622 4172.663 4146.372 4117.292 4088.757 4057.083 4034.523
-9999.000 -9999.000 -9999.000 2973.204 3046.358 3073.606 3164.069 3186.533 3171.928 3250.668 3367.260 3510.736 3577.774 3633.122 3692.621 3732.516 3788.114 3843.490 3912.050 3999.700 4059.545 4114.649 4170.780 4200.336 4216.481 4235.657 4237.286 4230.316 4223.541 4210.263 4185.751 4163.821 4159.009 4168.210 4164.426 4157.727 4151.813 4151.617 4146.672 4137.823 4126.692 4125.191 4121.847 4115.257 4108.879 4104.312 4100.798 4100.178 4095.337 4087.889 4087.331 4087.654 4084.700 4084.014 4079.950 4072.409 4067.837 4038.558 4014.972 3999.613 3972.802 3942.860
-9999.000 -9999.000 -9999.000 -9999.000 -9999.000 2909.104 3016.841 3120.527 3157.117 3177.260 3236.534 3340.764 3375.587 3430.600 3496.089 3549.162 3620.146 3692.492 3780.965 3824.890 3895.027 3933.924 3980.963 4037.103 4052.834 4065.345 4078.939 4072.111 4065.430 4058.287 4035.161 4034.786 4039.440 4040.331 4040.578 4035.771 4031.645 4026.814 4026.215 4014.731 4011.081 4010.463 4006.602 4002.770 3997.245 3993.749 3991.079 3991.409 3984.384 3985.265 3992.321 3990.210 3987.806 3986.833 3980.434 3971.404 3963.056 3941.976 3929.085 3920.739 3889.363 3870.559
-9999.000 -9999.000 -9999.000 -9999.000 -9999.000 -9999.000 2877.492 2978.434 3045.844 3115.178 3192.666 3244.470 3264.390 3288.858 3334.355 3412.299 3508.081 3585.222 3634.543 3679.106 3730.798 3777.242 3815.468 3865.179 3888.138 3897.892 3916.618 3916.508 3910.559 3908.844 3911.754 3926.246 3921.722 3921.698 3920.478 3920.208 3913.927 3908.762 3906.618 3908.573 3910.750 3906.421 3902.793 3899.022 3893.871 3888.843 3885.802 3883.665 3884.949 3892.571 3893.614 3894.342 3892.654 3889.227 3880.517 3870.275 3861.550 3853.806 3844.737 3833.722 3819.134 3805.896
