examples/3D/Borden05m/output-maps-METEOIO-OFF/psiliqL0026N0001.asc
ncols         160
nrows         34
xllcorner     620200.000000
yllcorner     5168000.000000
cellsize      0.500000
NODATA_value  -9999.0
[rows 0 to 27 of 34, columns 62 to 123 of 160]
-9999.000 -9999.000 -9999.000 -9999.000 -9999.000 -9999.000 -9999.000 -9999.000 -9999.000 -9999.000 -9999.000 -9999.000 -9999.000 -9999.000 -9999.000 -9999.000 -9999.000 -9999.000 -9999.000 -9999.000 -9999.000 -9999.000 -9999.000 -9999.000 -9999.000 -9999.000 -9999.000 -9999.000 -9999.000 -9999.000 -9999.000 -9999.000 -9999.000 -9999.000 -9999.000 -9999.000 -9999.000 -9999.000 -9999.000 -9999.000 -9999.000 -9999.000 -9999.000 -9999.000 -9999.000 -9999.000 -9999.000 -9999.000 -9999.000 -9999.000 -9999.000 -9999.000 -9999.000 -9999.000 -9999.000 -9999.000 -9999.000 -9999.000 -9999.000 -9999.000 -9999.000 -9999.000
3442.538 3434.586 3425.892 3418.682 3415.161 3414.658 3414.465 3414.454 3419.900 3428.496 3436.608 3443.942 3446.774 3449.498 3451.691 3452.226 3451.356 3448.355 3445.214 3442.005 3440.461 3433.246 3422.233 3414.008 3411.368 3415.552 3419.858 3422.237 3427.276 3437.461 3447.801 3456.058 3468.231 3474.785 3479.603 3481.607 3477.002 3473.109 3468.548 3461.913 3450.512 -9999.000 -9999.000 -9999.000 -9999.000 -9999.000 -9999.000 -9999.000 -9999.000 -9999.000 -9999.000 -9999.000 -9999.000 -9999.000 -9999.000 -9999.000 -9999.000 -9999.000 -9999.000 -9999.000 -9999.000 -9999.000
3424.258 3420.594 3412.728 3408.261 3403.437 3401.441 3402.080 3402.566 3406.798 3418.088 3426.370 3431.374 3434.416 3437.626 3436.375 3435.882 3435.910 3433.233 3429.944 3426.732 3425.025 3426.612 3419.122 3413.200 3409.343 3406.390 3409.096 3411.710 3416.165 3425.136 3432.782 3440.432 3455.219 3467.939 3473.102 3469.968 3464.749 3460.282 3452.231 3440.909 3430.510 3422.312 3415.647 3409.470 3402.091 3407.488 3414.330 3422.652 3430.490 3441.816 3453.613 -9999.000 -9999.000 -9999.000 -9999.000 -9999.000 -9999.000 -9999.000 -9999.000 -9999.000 -9999.000 -9999.000
3407.303 3411.423 3408.845 3404.694 3397.566 3408.248 3409.882 3411.184 3414.932 3417.330 3422.937 3425.791 3431.516 3440.838 3443.954 3444.657 3444.934 3443.151 3440.072 3438.259 3435.590 3430.418 3428.703 3428.409 3427.152 3431.236 3432.726 3435.568 3429.960 3434.206 3440.214 3446.869 3451.995 3457.669 3459.647 3455.743 3455.670 3446.626 3432.269 3421.735 3413.648 3413.299 3409.591 3400.754 3386.019 3393.266 3408.307 3412.049 3413.659 3423.896 3435.546 3445.729 3448.193 3446.892 3445.436 3441.341 3426.363 3410.594 3394.578 3375.321 -9999.000 -9999.000
3420.136 3418.944 3416.085 3412.386 3423.475 3432.434 3434.459 3437.497 3442.019 3443.410 3433.050 3431.466 3439.119 3449.105 3454.542 3454.973 3454.818 3451.315 3450.316 3450.251 3448.576 3448.154 3449.779 3447.387 3450.350 3455.820 3459.109 3453.840 3445.326 3447.411 3455.636 3464.458 3471.657 3481.341 3491.542 3491.175 3485.943 3476.661 3463.398 3440.107 3421.748 3409.896 3400.924 3392.592 3394.454 3388.586 3401.246 3401.894 3403.329 3409.632 3419.050 3428.866 3434.100 3432.287 3430.306 3426.570 3415.748 3399.816 3383.915 3365.445 3338.176 3308.345
3425.571 3425.325 3426.498 3435.917 3448.397 3460.273 3462.925 3465.370 3464.687 3457.745 3447.964 3445.766 3459.408 3476.468 3484.613 3484.364 3480.234 3483.509 3483.819 3484.499 3481.301 3482.138 3479.806 3485.281 3493.010 3500.997 3499.623 3487.180 3474.741 3474.523 3479.770 3486.436 3493.632 3503.291 3511.812 3506.325 3500.410 3492.203 3465.681 3442.087 3426.776 3426.020 3425.629 3419.986 3416.709 3414.537 3409.165 3408.112 3406.036 3404.583 3415.668 3427.783 3430.118 3422.112 3416.715 3413.075 3403.847 3390.999 3373.912 3355.685 3334.865 3305.634
3462.875 3464.056 3470.658 3481.772 3495.234 3517.644 3517.796 3518.901 3518.209 3505.910 3493.253 3483.788 3506.291 3517.688 3525.141 3522.807 3528.122 3536.950 3533.567 3527.459 3515.554 3521.296 3527.879 3543.119 3551.127 3556.449 3551.870 3537.938 3531.089 3532.481 3538.747 3539.660 3547.946 3556.221 3570.540 3568.498 3564.371 3543.549 3505.504 3475.085 3461.302 3471.422 3464.428 3456.637 3455.116 3442.638 3434.020 3435.146 3425.681 3419.649 3430.900 3436.455 3436.396 3427.066 3430.638 3422.354 3400.005 3381.912 3365.925 3350.178 3331.569 3324.215
3480.439 3485.454 3496.449 3514.769 3533.526 3554.210 3553.640 3547.779 3558.093 3551.745 3541.478 3534.470 3556.314 3566.774 3577.310 3583.303 3596.174 3606.805 3590.473 3573.587 3563.347 3570.517 3596.242 3618.765 3623.660 3622.788 3622.244 3606.920 3602.013 3598.477 3598.629 3595.739 3593.512 3618.384 3639.330 3638.373 3615.955 3592.202 3551.466 3512.462 3486.783 3498.332 3493.498 3495.259 3483.587 3470.287 3461.542 3457.450 3449.348 3438.270 3445.846 3448.846 3455.220 3460.677 3463.587 3445.340 3426.062 3405.190 3385.801 3370.073 3361.952 3354.006
3546.912 3561.320 3570.223 3589.515 3607.450 3634.087 3646.990 3658.957 3663.568 3657.108 3649.099 3637.550 3643.197 3667.446 3679.379 3687.960 3696.572 3709.410 3709.968 3703.226 3701.541 3706.050 3719.656 3734.236 3741.091 3744.233 3746.893 3733.674 3720.726 3718.626 3713.020 3711.566 3710.477 3721.507 3741.499 3737.575 3700.164 3672.283 3636.052 3596.357 3565.607 3557.956 3575.413 3571.619 3553.733 3541.554 3513.877 3507.034 3495.953 3471.188 3469.623 3471.286 3479.255 3492.580 3478.247 3460.078 3441.038 3419.651 3401.000 3391.925 3388.346 3383.383
3674.352 3683.567 3687.495 3694.713 3727.908 3762.474 3788.206 3811.643 3819.421 3807.636 3798.322 3785.194 3776.730 3788.089 3805.628 3823.528 3838.640 3850.130 3852.342 3850.893 3851.080 3854.325 3857.448 3861.890 3870.502 3878.256 3886.989 3895.049 3884.577 3867.526 3858.176 3849.026 3848.022 3849.084 3852.492 3852.945 3835.342 3792.240 3759.436 3726.017 3705.069 3690.380 3688.617 3668.737 3642.640 3589.409 3550.308 3517.223 3496.834 3473.194 3479.824 3496.174 3537.776 3540.047 3526.189 3509.286 3484.051 3459.370 3437.235 3431.685 3428.179 3421.900
3810.947 3815.397 3818.423 3821.757 3849.302 3891.693 3931.816 3963.714 3963.998 3950.580 3939.577 3930.786 3916.574 3912.829 3925.759 3941.443 3961.991 3972.529 3978.658 3975.388 3975.701 3977.642 3980.106 3982.376 3986.177 3996.027 4011.322 4026.020 4025.162 4006.052 3988.013 3971.925 3969.410 3966.800 3961.528 3963.439 3964.704 3947.801 3915.314 3874.161 3832.437 3814.446 3797.881 3785.416 3766.777 3724.237 3655.526 3614.176 3574.554 3545.779 3545.784 3612.901 3630.890 3618.269 3605.728 3582.265 3552.104 3527.107 3503.398 3499.367 3493.455 3483.838
3939.269 3946.868 3950.026 3956.045 3973.090 4006.035 4042.247 4072.511 4088.229 4080.551 4062.586 4040.334 4030.475 4027.611 4031.389 4041.111 4054.251 4074.029 4093.693 4099.546 4100.494 4097.866 4100.404 4102.098 4102.332 4105.462 4114.275 4124.422 4127.948 4120.107 4098.834 4075.169 4063.865 4057.335 4053.768 4054.577 4059.443 4062.213 4046.488 4009.569 3963.662 3932.541 3916.256 3902.124 3886.524 3872.444 3837.449 3814.652 3776.281 3726.108 3696.369 3733.988 3724.456 3712.287 3687.419 3653.629 3619.216 3586.778 3559.754 3549.902 3544.435 3541.208
4062.757 4067.879 4075.391 4090.709 4114.520 4134.077 4157.243 4184.340 4200.960 4206.282 4204.550 4200.346 4201.525 4201.891 4136.314 4142.790 4149.237 4167.031 4182.955 4188.739 4189.417 4186.804 4188.768 4189.664 4189.660 4189.418 4192.056 4197.507 4199.697 4197.371 4184.471 4203.994 4183.856 4170.350 4162.093 4153.717 4145.270 4135.504 4125.115 4104.178 4072.252 4036.866 4014.628 4005.774 3998.490 3988.623 3981.543 3962.960 3938.565 3901.528 3859.897 3837.104 3833.511 3815.463 3778.831 3746.158 3721.398 3683.191 3651.043 3632.617 3629.089 3618.586
4185.183 4189.922 4203.998 4220.851 4203.922 4212.483 4221.330 4230.112 4233.020 4233.738 4233.174 4230.611 4229.651 4227.026 4223.490 4212.807 4214.296 4216.162 4218.699 4222.388 4221.271 4222.414 4225.432 4223.747 4217.786 4213.825 4212.429 4213.672 4221.369 4225.149 4226.411 4223.171 4222.534 4221.797 4218.506 4214.268 4208.126 4200.135 4215.739 4203.302 4174.530 4133.229 4090.936 4082.938 4084.295 4083.258 4080.824 4074.167 4055.385 4026.484 3987.278 3947.026 3939.037 3923.197 3902.378 3884.124 3862.915 3820.726 3782.002 3757.251 3744.433 3718.717
4234.658 4237.248 4240.205 4236.823 4233.423 4228.076 4226.037 4224.235 4221.358 4221.574 4219.298 4214.851 4210.429 4202.034 4190.109 4178.679 4174.811 4178.903 4184.419 4189.528 4194.015 4197.767 4197.743 4192.308 4183.963 4176.547 4175.125 4182.305 4188.374 4195.357 4196.653 4195.710 4193.673 4193.909 4191.087 4191.767 4199.349 4214.626 4217.429 4223.809 4223.037 4205.619 4173.964 4186.660 4166.305 4172.066 4166.920 4154.913 4132.764 4107.485 4074.969 4042.959 4023.172 4014.602 4007.356 3998.798 3982.788 3941.387 3904.813 3873.915 3851.851 3823.868
4221.634 4228.115 4228.495 4220.706 4211.341 4203.314 4195.065 4191.956 4190.729 4189.827 4189.723 4183.831 4173.852 4156.197 4144.166 4132.715 4126.443 4122.236 4125.365 4136.572 4148.861 4153.910 4144.449 4135.999 4124.232 4116.356 4117.081 4118.345 4128.281 4145.817 4154.113 4155.522 4149.620 4143.715 4137.770 4135.411 4142.605 4158.716 4176.332 4192.758 4202.552 4210.786 4218.334 4216.614 4219.627 4221.247 4218.958 4222.130 4203.866 4179.248 4149.514 4123.287 4096.532 4092.189 4091.538 4087.033 4083.765 4049.121 4010.887 3974.911 3946.336 3917.619
4193.813 4194.746 4189.570 4182.139 4171.055 4158.916 4148.132 4139.367 4139.411 4140.844 4141.680 4133.506 4117.307 4098.762 4084.664 4070.272 4065.904 4059.570 4051.377 4061.266 4081.083 4088.505 4072.236 4061.364 4046.247 4039.947 4036.181 4037.281 4046.635 4069.902 4095.036 4097.945 4087.752 4077.723 4074.037 4071.869 4077.485 4095.257 4117.266 4134.534 4146.044 4152.290 4160.904 4171.045 4186.129 4201.632 4214.537 4219.307 4228.664 4224.353 4210.884 4203.989 4179.283 4164.635 4156.729 4152.321 4144.957 4120.103 4089.515 4060.651 4032.785 4007.518
4154.898 4149.577 4142.095 4133.654 4111.133 4097.263 4082.902 4066.568 4061.389 4055.292 4055.239 4042.690 4033.926 4016.743 4000.664 3984.417 3970.343 3964.186 3957.087 3954.748 3967.939 3976.265 3967.031 3957.478 3947.162 3943.021 3940.000 3942.952 3953.942 3973.970 3993.053 4002.490 3996.226 3996.363 3997.825 3997.598 4005.388 4017.414 4036.720 4060.687 4081.278 4092.581 4100.708 4111.091 4126.669 4141.854 4157.195 4176.135 4200.201 4217.232 4227.987 4228.821 4228.123 4220.169 4223.578 4212.867 4200.347 4179.833 4154.161 4126.358 4099.430 4081.065
4108.553 4100.932 4093.646 4068.698 4011.235 3988.216 3967.555 3949.682 3941.401 3931.508 3913.517 3903.707 3898.285 3900.114 3885.401 3867.185 3848.783 3843.424 3839.551 3821.301 3815.834 3816.094 3833.279 3827.438 3826.730 3829.236 3827.249 3828.883 3842.172 3850.281 3856.240 3864.060 3870.519 3882.707 3892.409 3904.705 3923.640 3936.078 3953.004 3975.041 4002.617 4020.005 4031.218 4043.218 4060.056 4077.691 4096.872 4120.615 4148.085 4165.852 4178.289 4191.337 4206.012 4222.273 4228.456 4238.070 4236.869 4233.496 4209.480 4180.024 4159.219 4141.348
4036.173 4032.198 4019.816 3961.961 3919.318 3883.425 3864.454 3838.957 3823.614 3805.324 3764.594 3745.655 3744.494 3759.126 3755.232 3739.327 3727.000 3716.989 3707.027 3688.638 3668.883 3674.992 3694.031 3695.571 3699.579 3708.101 3708.102 3701.616 3698.822 3711.398 3717.532 3729.903 3749.338 3755.720 3774.352 3810.447 3825.048 3841.963 3862.159 3884.442 3908.500 3933.273 3949.406 3966.607 3986.951 4005.483 4027.571 4051.841 4083.171 4106.454 4122.583 4135.003 4147.301 4164.229 4186.724 4207.788 4227.818 4238.740 4241.250 4228.799 4212.158 4192.805
3923.858 3915.619 3883.620 3828.660 3791.299 3766.367 3742.675 3717.957 3692.113 3652.354 3615.953 3592.747 3608.281 3618.895 3630.603 3618.715 3607.539 3597.530 3578.757 3561.534 3544.513 3555.702 3564.406 3584.526 3591.971 3596.252 3602.864 3601.882 3591.107 3585.751 3594.587 3605.428 3618.752 3642.419 3680.040 3706.515 3726.653 3749.015 3769.557 3792.844 3817.815 3842.813 3862.025 3882.476 3903.046 3926.005 3947.097 3971.851 4002.084 4030.509 4048.848 4066.392 4082.070 4103.605 4129.661 4154.847 4182.404 4206.281 4221.960 4236.754 4242.109 4237.471
3793.042 3768.209 3717.589 3673.833 3652.196 3638.191 3613.296 3590.893 3560.163 3524.597 3502.155 3480.462 3490.222 3500.014 3520.236 3511.196 3504.319 3501.263 3485.589 3472.178 3455.420 3461.567 3474.014 3498.286 3504.721 3509.263 3519.325 3519.103 3514.812 3497.054 3504.403 3516.193 3532.103 3564.832 3588.717 3612.635 3636.154 3657.282 3680.644 3704.768 3729.770 3758.372 3780.142 3801.369 3825.141 3846.503 3862.865 3881.051 3907.229 3930.811 3954.818 3980.145 3997.709 4025.163 4058.751 4092.534 4130.111 4157.716 4175.760 4190.468 4204.521 4226.483
3631.416 3575.797 3538.758 3517.811 3516.510 3503.312 3482.496 3462.598 3442.383 3419.922 3400.658 3374.694 3379.557 3395.115 3411.978 3413.610 3414.725 3413.220 3403.989 3390.462 3376.770 3380.513 3397.908 3416.193 3426.791 3434.951 3443.099 3443.210 3433.844 3424.181 3429.500 3445.775 3462.799 3481.031 3502.610 3524.541 3546.310 3570.293 3594.485 3619.051 3645.667 3674.359 3697.783 3723.522 3750.027 3768.562 3779.324 3788.944 3810.487 3828.930 3853.475 3879.290 3900.638 3931.032 3969.183 4014.560 4058.322 4102.617 4124.351 4141.038 4154.146 4172.411
3503.747 3469.055 3439.234 3432.115 3415.999 3402.271 3387.396 3366.464 3349.780 3334.888 3313.182 3303.470 3310.432 3323.425 3330.803 3337.755 3335.566 3333.217 3327.756 3313.776 3310.262 3320.463 3335.680 3349.347 3361.263 3368.427 3373.724 3370.987 3362.114 3359.993 3368.770 3384.910 3398.980 3414.228 3435.515 3456.226 3478.667 3502.114 3525.229 3550.899 3577.422 3604.995 3633.919 3658.008 3678.199 3688.702 3699.998 3701.107 3713.810 3731.927 3751.230 3776.437 3804.024 3832.756 3875.762 3920.842 3965.241 4009.755 4050.371 4074.658 4095.622 4118.826
3431.785 3401.001 3371.308 3344.645 3332.158 3325.773 3312.720 3295.632 3284.331 3268.609 3259.064 3265.461 3266.033 3273.253 3270.637 3271.379 3268.868 3268.242 3266.260 3260.689 3273.125 3279.502 3292.736 3302.716 3312.585 3318.477 3322.188 3323.761 3320.180 3326.742 3333.130 3347.167 3358.773 3372.628 3392.985 3410.375 3429.806 3452.635 3476.325 3500.955 3527.577 3556.692 3582.501 3601.425 3609.422 3620.052 3622.800 3613.023 3625.636 3640.034 3652.491 3675.951 3699.743 3723.123 3764.714 3814.452 3867.866 3910.434 3961.175 3994.193 4023.903 4050.111
3341.787 3311.344 3282.577 3261.749 3256.533 3244.612 3233.664 3221.721 3207.819 3201.145 3207.560 3204.736 3201.405 3198.553 3200.954 3204.308 3203.836 3202.856 3205.975 3217.230 3221.640 3227.003 3235.740 3247.064 3259.157 3262.930 3267.480 3272.571 3279.011 3282.344 3286.255 3297.077 3309.455 3322.351 3338.823 3357.212 3376.643 3399.842 3424.351 3450.695 3478.683 3507.919 3531.535 3541.457 3552.602 3555.608 3549.783 3545.259 3549.961 3563.842 3572.460 3591.493 3616.432 3628.503 3669.458 3722.421 3767.839 3808.931 3849.291 3898.841 3931.936 3962.852
3273.088 3243.232 3221.817 3206.823 3195.204 3183.576 3172.130 3159.114 3152.131 3153.049 3149.796 3147.141 3144.162 3146.700 3150.022 3154.317 3154.513 3155.646 3158.653 3163.023 3169.776 3179.326 3190.154 3202.671 3218.694 3224.082 3229.145 3235.651 3239.006 3242.973 3247.450 3258.828 3271.269 3283.768 3301.334 3320.100 3339.829 3363.395 3390.676 3422.390 3451.082 3479.738 3506.398 3517.874 3523.491 3523.813 3518.784 3506.506 3505.527 3516.804 3519.795 3531.514 3552.320 3562.549 3589.739 3632.122 3662.874 3702.272 3747.238 3807.595 3843.235 3881.014
3198.963 3179.016 3163.382 3143.749 3129.036 3117.317 3108.254 3103.096 3102.267 3099.217 3097.318 3095.486 3092.664 3093.353 3097.302 3100.897 3103.372 3106.310 3110.860 3117.794 3126.939 3134.925 3146.806 3161.796 3177.618 3185.390 3191.363 3198.024 3203.204 3208.079 3212.157 3222.330 3234.615 3245.155 3262.871 3282.539 3303.332 3330.102 3361.237 3393.603 3421.912 3449.428 3478.775 3484.730 3488.104 3490.231 3477.256 3465.085 3459.448 3463.421 3467.473 3470.800 3483.844 3497.511 3518.165 3542.827 3573.542 3613.471 3667.265 3718.667 3759.219 3794.449
