examples/3D/Borden05m/output-maps-METEOIO-OFF/psiliqL0003N0001.asc
ncols         160
nrows         34
xllcorner     620200.000000
yllcorner     5168000.000000
cellsize      0.500000
NODATA_value  -9999.0
[rows 0 to 28 of 34, columns 65 to 129 of 160]
-9999.000 -9999.000 -9999.000 -9999.000 -9999.000 -9999.000 -9999.000 -9999.000 -9999.000 -9999.000 -9999.000 -9999.000 -9999.000 -9999.000 -9999.000 -9999.000 -9999.000 -9999.000 -9999.000 -9999.000 -9999.000 -9999.000 -9999.000 -9999.000 -9999.000 -9999.000 -9999.000 -9999.000 -9999.000 -9999.000 -9999.000 -9999.000 -9999.000 -9999.000 -9999.000 -9999.000 -9999.000 -9999.000 -9999.000 -9999.000 -9999.000 -9999.000 -9999.000 -9999.000 -9999.000 -9999.000 -9999.000 -9999.000 -9999.000 -9999.000 -9999.000 -9999.000 -9999.000 -9999.000 -9999.000 -9999.000 -9999.000 -9999.000 -9999.000 -9999.000 -9999.000 -9999.000 -9999.000 -9999.000 -9999.000
-543.536 -544.113 -544.255 -544.403 -544.506 -543.779 -542.655 -541.543 -540.423 -540.086 -539.716 -539.346 -539.274 -539.501 -540.046 -540.577 -541.125 -541.323 -542.617 -544.289 -545.531 -545.900 -545.262 -544.637 -544.308 -543.446 -541.823 -540.102 -538.709 -536.650 -535.691 -534.711 -534.026 -534.759 -535.356 -535.959 -536.715 -538.644 -9999.000 -9999.000 -9999.000 -9999.000 -9999.000 -9999.000 -9999.000 -9999.000 -9999.000 -9999.000 -9999.000 -9999.000 -9999.000 -9999.000 -9999.000 -9999.000 -9999.000 -9999.000 -9999.000 -9999.000 -9999.000 -9999.000 -9999.000 -9999.000 -9999.000 -9999.000 -9999.000
-545.316 -546.097 -546.384 -546.409 -546.449 -545.939 -544.565 -543.437 -542.773 -542.456 -542.123 -542.163 -542.266 -542.327 -542.780 -543.294 -543.803 -544.061 -543.960 -545.064 -545.796 -546.253 -546.489 -546.159 -545.845 -545.417 -544.038 -542.847 -541.609 -539.291 -537.128 -536.176 -536.594 -537.452 -537.996 -538.989 -540.541 -542.112 -543.553 -544.526 -545.209 -545.899 -545.008 -544.129 -542.599 -541.027 -539.070 -536.940 -9999.000 -9999.000 -9999.000 -9999.000 -9999.000 -9999.000 -9999.000 -9999.000 -9999.000 -9999.000 -9999.000 -9999.000 -9999.000 -9999.000 -9999.000 -9999.000 -9999.000
-546.305 -547.022 -545.929 -545.823 -545.717 -545.316 -544.890 -544.535 -544.165 -543.445 -542.107 -541.757 -541.706 -541.701 -541.997 -542.493 -542.759 -543.172 -543.994 -544.119 -544.053 -544.099 -543.317 -543.122 -542.838 -543.919 -543.407 -542.485 -541.440 -540.366 -539.243 -538.450 -538.970 -539.044 -540.345 -542.458 -544.010 -545.112 -545.295 -545.625 -546.596 -548.241 -547.269 -545.082 -544.458 -543.973 -542.178 -540.239 -538.458 -538.141 -538.181 -538.207 -538.582 -540.844 -543.031 -545.066 -547.548 -9999.000 -9999.000 -9999.000 -9999.000 -9999.000 -9999.000 -9999.000 -9999.000
-545.717 -543.904 -542.593 -542.434 -542.040 -541.526 -541.691 -543.657 -544.067 -542.860 -541.314 -540.421 -540.460 -540.507 -540.838 -541.011 -541.083 -541.475 -541.306 -540.907 -540.903 -540.088 -539.157 -538.637 -540.108 -541.589 -541.480 -540.198 -538.841 -537.570 -535.555 -533.211 -533.411 -534.437 -535.967 -538.172 -541.894 -544.735 -546.140 -546.976 -547.824 -547.745 -548.080 -546.541 -546.300 -546.056 -544.848 -543.379 -541.847 -540.897 -540.947 -540.980 -541.302 -542.687 -544.781 -546.696 -548.682 -551.500 -554.280 -556.682 -556.762 -554.640 -552.291 -9999.000 -9999.000
-542.139 -540.070 -537.577 -537.259 -536.887 -537.009 -538.808 -540.551 -541.284 -538.756 -535.943 -534.452 -534.373 -534.403 -532.744 -533.233 -533.770 -534.908 -534.461 -534.028 -531.675 -530.129 -528.649 -529.115 -531.677 -533.927 -534.265 -533.858 -533.434 -532.211 -529.957 -527.589 -528.650 -530.146 -532.095 -537.553 -542.025 -544.388 -544.104 -543.893 -544.477 -544.819 -545.176 -546.171 -546.140 -546.142 -546.221 -544.516 -542.663 -542.118 -543.054 -543.589 -543.826 -544.979 -546.355 -548.238 -550.172 -552.119 -554.957 -555.352 -556.209 -554.146 -551.790 -549.546 -546.573
-533.996 -530.366 -524.931 -524.304 -523.492 -522.470 -525.247 -528.144 -530.931 -527.317 -525.174 -523.009 -522.287 -519.173 -516.329 -517.918 -520.439 -523.057 -521.385 -517.521 -513.184 -511.409 -510.509 -510.322 -513.348 -514.819 -515.609 -515.447 -516.591 -515.736 -512.268 -507.099 -506.759 -510.150 -516.775 -525.915 -533.489 -537.546 -536.423 -537.525 -538.485 -539.002 -541.256 -542.887 -542.698 -544.071 -544.904 -543.127 -542.217 -541.940 -542.994 -541.999 -543.106 -545.701 -547.901 -549.687 -551.235 -552.847 -553.413 -554.280 -555.045 -553.841 -551.811 -549.640 -546.585
-522.777 -516.413 -509.043 -505.156 -502.695 -499.464 -502.054 -505.284 -508.430 -506.695 -502.279 -497.859 -493.386 -488.305 -483.052 -485.821 -489.982 -491.029 -489.435 -482.279 -475.616 -473.089 -471.729 -468.872 -471.433 -475.538 -479.825 -483.689 -486.952 -489.096 -482.429 -475.442 -476.002 -486.569 -495.885 -507.456 -518.265 -527.004 -527.844 -527.803 -527.849 -531.183 -534.146 -537.477 -539.188 -540.470 -542.724 -541.836 -540.954 -539.192 -537.391 -537.334 -540.131 -542.768 -545.466 -547.853 -549.569 -550.059 -550.613 -551.677 -552.377 -551.698 -550.154 -548.415 -547.026
-488.743 -476.623 -456.474 -435.565 -414.297 -410.194 -420.074 -429.267 -441.145 -447.078 -438.796 -428.769 -417.219 -403.997 -388.712 -375.998 -375.757 -375.355 -371.588 -366.362 -355.511 -338.614 -313.986 -275.016 -258.568 -304.782 -338.392 -364.672 -382.766 -388.321 -391.740 -384.367 -384.741 -406.173 -430.755 -453.224 -474.812 -488.756 -497.240 -496.263 -501.123 -506.766 -513.376 -523.461 -527.801 -531.189 -537.043 -537.736 -535.777 -532.955 -531.154 -534.420 -537.395 -540.503 -543.625 -546.369 -547.148 -547.256 -547.601 -548.322 -548.614 -547.962 -546.168 -545.868 -544.388
-408.768 -359.854 -76.662 -1.613 13.173 14.764 13.207 12.047 10.741 8.985 8.818 11.325 13.470 15.589 17.062 17.612 17.283 17.349 17.629 18.255 18.841 20.025 21.621 23.948 26.074 24.256 20.908 18.802 16.469 15.858 15.915 15.557 15.593 14.901 3.470 -62.403 -320.343 -396.016 -423.089 -441.083 -454.603 -465.642 -485.229 -500.835 -512.164 -520.373 -527.574 -528.513 -521.754 -513.905 -516.675 -519.748 -524.205 -529.972 -535.003 -539.573 -540.637 -541.058 -541.911 -542.882 -543.732 -544.501 -543.992 -543.549 -541.688
14.676 18.863 31.176 37.356 40.611 40.524 39.572 38.844 38.067 37.344 36.971 37.366 37.824 38.974 39.709 40.817 40.445 40.440 40.315 40.531 40.704 40.645 41.195 42.257 43.146 43.434 42.464 41.099 39.691 39.496 39.121 38.727 38.901 39.037 39.126 34.500 23.670 15.458 10.486 -20.709 -120.690 -315.222 -357.915 -410.978 -430.834 -453.899 -477.623 -491.507 -477.941 -482.088 -486.736 -493.574 -502.929 -511.367 -518.924 -525.757 -528.044 -529.217 -530.881 -532.158 -533.869 -535.885 -536.592 -537.620 -538.118
39.666 40.980 42.633 44.806 47.113 49.341 48.917 47.961 46.196 46.405 46.470 46.414 46.746 46.739 48.001 49.492 49.874 49.861 49.303 49.645 49.706 49.641 49.366 49.426 49.998 50.356 50.302 49.174 47.492 46.013 45.326 45.209 45.092 45.438 45.660 45.194 42.779 40.026 37.187 34.447 29.580 22.149 18.868 16.085 13.195 -10.837 -139.516 -379.624 -407.453 -419.478 -432.097 -452.190 -468.209 -479.338 -493.466 -505.245 -511.875 -514.026 -516.020 -518.467 -521.598 -524.392 -526.071 -529.234 -531.002
49.595 51.160 51.797 55.571 70.629 78.957 83.644 86.009 86.097 89.019 88.102 88.169 87.925 88.795 87.825 90.727 90.012 90.792 89.748 91.064 89.974 91.097 89.921 88.885 87.946 88.557 87.757 86.651 79.671 66.443 56.639 52.794 51.935 50.978 49.963 49.320 48.633 46.944 44.738 42.420 41.840 41.236 40.596 40.330 39.005 36.622 30.574 19.642 13.250 10.586 -37.344 -261.971 -355.130 -382.769 -422.374 -452.542 -470.088 -475.876 -484.968 -493.117 -499.235 -505.739 -511.374 -516.450 -521.372
90.536 93.086 92.020 91.623 92.281 90.897 92.149 90.614 90.179 88.987 89.082 83.340 75.563 76.499 77.798 79.446 82.989 80.751 82.062 83.949 83.413 78.072 75.387 73.495 73.595 79.538 82.617 82.588 83.758 82.913 83.158 83.012 83.069 83.169 83.182 78.717 71.655 54.904 50.717 47.687 46.341 45.982 46.661 46.565 46.831 45.649 43.707 40.762 37.624 36.336 33.404 25.979 21.172 18.216 10.319 -67.753 -351.990 -397.364 -427.793 -447.237 -459.702 -471.761 -481.026 -489.701 -499.209
92.739 87.882 84.737 83.562 81.872 80.410 80.474 79.241 75.361 72.940 68.339 59.141 51.013 50.777 51.889 55.562 58.876 60.612 63.292 65.129 61.436 54.707 51.310 50.854 52.209 56.487 60.310 60.370 59.047 57.279 57.810 56.065 56.622 62.026 72.989 80.109 79.479 79.667 79.824 80.371 61.594 51.407 52.470 51.944 50.907 49.057 47.590 45.934 44.651 42.588 42.393 41.720 40.924 40.709 37.320 31.774 19.872 12.964 -39.087 -284.696 -375.175 -409.336 -434.542 -452.230 -466.412
78.892 72.247 66.258 60.668 59.372 58.141 57.259 57.406 52.913 51.376 49.917 49.135 48.228 47.757 47.649 48.390 49.209 49.810 50.492 49.820 49.401 48.564 47.839 48.112 48.182 48.867 50.053 49.776 49.922 49.392 49.381 48.785 48.551 49.183 50.539 51.745 55.616 61.590 67.609 72.679 79.362 79.094 78.754 78.395 74.862 63.184 52.256 50.492 48.881 46.493 46.555 46.783 46.627 47.583 45.652 42.982 39.928 37.259 32.843 23.250 15.833 -14.073 -196.688 -369.709 -414.127
51.872 50.648 49.751 48.937 48.660 49.056 49.472 49.792 49.382 48.179 46.989 46.414 45.395 45.691 45.316 44.668 45.654 47.200 47.776 46.307 45.980 44.906 44.515 44.357 44.287 44.752 46.158 47.824 47.622 46.578 45.871 45.725 45.458 45.975 47.519 48.801 49.450 49.853 49.970 50.595 51.309 52.371 59.305 67.724 77.300 77.319 77.073 77.553 63.036 52.388 51.011 49.926 49.645 49.173 47.975 46.590 45.445 43.865 42.484 41.001 38.432 34.703 26.680 15.002 -52.038
48.515 48.532 47.995 47.500 46.305 46.366 46.244 47.024 45.685 44.770 42.694 41.553 40.225 39.737 39.305 38.384 39.013 40.709 42.010 39.889 39.381 38.185 37.883 37.621 37.463 37.857 40.180 41.906 42.574 41.635 41.121 41.232 41.878 42.195 43.376 44.760 46.099 46.853 47.138 47.328 47.745 48.616 49.355 50.064 51.244 55.893 66.958 74.255 79.419 79.241 79.298 71.845 63.819 55.269 51.654 49.934 48.197 46.578 46.122 45.317 44.897 43.048 40.355 37.332 31.366
46.840 41.797 41.050 39.425 38.185 38.157 37.391 37.039 34.938 30.963 27.073 22.510 18.812 15.987 15.262 14.517 13.140 14.300 14.823 14.969 14.104 13.299 13.032 12.650 13.072 14.987 16.629 18.293 19.468 19.193 20.879 23.536 31.161 35.622 37.140 38.484 40.385 43.017 43.760 44.132 44.562 45.475 46.370 46.979 48.237 49.810 50.639 51.132 52.268 58.688 69.559 78.763 81.040 80.936 75.822 59.896 51.264 49.649 48.580 48.086 47.850 47.534 44.970 43.258 40.945
39.850 33.539 23.542 18.432 14.448 12.962 11.637 -2.245 -32.799 -149.926 -228.490 -314.231 -364.384 -389.647 -399.052 -404.726 -414.589 -416.894 -412.604 -403.918 -412.157 -417.277 -416.294 -418.905 -419.966 -409.605 -391.067 -377.256 -362.728 -348.536 -341.473 -323.886 -56.336 2.582 12.662 16.498 21.801 32.328 36.787 38.120 39.374 41.550 42.612 43.867 45.083 47.045 47.768 48.326 48.661 49.123 50.156 51.843 57.817 70.374 80.617 80.188 80.542 60.563 52.024 50.522 50.715 49.350 47.890 46.565 44.860
13.588 -44.555 -284.074 -370.382 -403.587 -418.148 -434.835 -455.375 -467.242 -467.378 -463.740 -466.048 -473.724 -479.909 -484.215 -488.990 -494.819 -498.343 -495.243 -491.723 -490.380 -489.666 -488.247 -488.009 -488.657 -489.633 -485.552 -481.905 -477.555 -473.581 -469.833 -456.336 -440.805 -427.828 -408.969 -383.035 -325.263 -53.050 10.575 15.413 20.133 30.556 35.506 37.666 39.832 42.801 44.603 45.137 45.608 46.145 47.101 48.317 49.429 51.102 55.784 64.512 75.163 84.451 84.398 69.757 59.466 52.249 50.670 48.575 47.197
-401.509 -440.796 -461.497 -473.705 -484.125 -493.835 -504.129 -512.774 -518.138 -515.935 -513.796 -510.872 -514.655 -518.092 -519.812 -523.481 -526.807 -529.988 -528.015 -525.865 -522.054 -521.267 -520.538 -518.978 -519.482 -520.084 -521.928 -519.665 -517.238 -513.944 -506.271 -498.040 -489.283 -481.337 -472.784 -462.166 -448.810 -430.972 -407.651 -384.179 -344.331 -70.584 6.744 15.198 20.316 31.697 36.464 38.302 40.130 41.357 43.376 45.386 46.514 48.540 49.343 50.278 51.270 53.522 68.631 80.070 79.627 78.376 58.860 51.845 49.576
-498.864 -506.395 -512.175 -518.568 -523.938 -528.698 -534.243 -538.476 -542.468 -541.620 -539.372 -536.663 -538.033 -538.717 -539.175 -541.091 -543.219 -545.273 -544.726 -542.415 -539.648 -538.547 -537.464 -536.108 -536.138 -537.387 -539.006 -538.108 -535.760 -532.857 -528.436 -523.379 -517.999 -512.685 -506.180 -498.617 -490.125 -479.854 -467.903 -458.572 -445.341 -427.809 -406.303 -386.573 -346.963 -62.420 4.094 14.413 19.149 26.020 34.466 38.668 42.647 45.685 48.174 48.249 48.723 48.925 50.210 52.278 62.728 76.044 77.987 77.908 64.170
-532.406 -535.945 -539.125 -542.041 -545.079 -547.701 -550.005 -552.465 -554.382 -553.667 -552.147 -550.703 -550.329 -550.636 -550.930 -551.741 -553.203 -554.296 -553.374 -551.727 -550.017 -548.824 -548.023 -547.223 -547.638 -548.739 -549.616 -548.678 -546.761 -544.829 -542.368 -539.046 -535.386 -531.369 -526.732 -521.619 -515.313 -508.049 -499.850 -491.023 -481.657 -471.283 -465.784 -459.743 -453.782 -440.724 -423.506 -400.305 -362.711 -207.654 -18.440 18.353 32.469 38.684 42.823 44.667 45.738 46.313 47.581 48.862 49.922 51.045 52.435 60.254 70.680
-548.172 -550.228 -551.170 -552.682 -554.600 -555.718 -557.118 -558.488 -558.212 -557.961 -556.961 -556.928 -556.838 -557.079 -557.108 -557.403 -558.292 -557.531 -556.948 -555.678 -554.749 -553.870 -553.276 -552.881 -552.911 -553.657 -553.288 -552.629 -551.118 -549.905 -548.200 -545.560 -543.239 -540.370 -536.794 -532.713 -527.922 -522.245 -515.320 -508.272 -501.817 -498.490 -494.544 -491.813 -493.673 -487.768 -481.381 -474.274 -462.912 -449.163 -422.903 -361.203 -59.176 15.741 31.180 38.522 40.754 43.111 44.849 46.286 47.515 48.224 48.972 48.538 49.110
-557.741 -558.239 -559.036 -559.805 -560.630 -561.492 -562.095 -561.728 -561.843 -561.937 -561.977 -561.786 -561.568 -561.599 -561.654 -561.521 -560.897 -560.627 -560.310 -559.658 -558.873 -558.067 -557.808 -557.482 -557.218 -556.859 -556.669 -556.384 -555.454 -554.439 -553.251 -551.594 -549.734 -547.552 -544.688 -541.496 -537.701 -532.949 -527.505 -522.905 -520.581 -517.988 -516.869 -518.071 -519.183 -516.858 -513.376 -509.882 -503.117 -495.221 -486.629 -465.149 -430.230 -367.473 -67.771 12.019 22.874 33.478 37.773 41.577 43.599 45.728 46.922 47.073 47.201
-561.763 -562.316 -562.890 -563.428 -564.095 -564.482 -564.356 -564.452 -564.536 -564.647 -564.469 -564.282 -564.025 -564.030 -563.979 -563.814 -563.593 -563.275 -562.763 -562.169 -561.479 -560.502 -560.239 -559.945 -559.547 -559.384 -559.177 -558.924 -558.110 -557.244 -556.306 -554.873 -553.272 -551.388 -548.968 -545.853 -541.713 -537.493 -532.762 -528.344 -526.418 -525.420 -525.813 -527.034 -529.704 -529.818 -527.262 -526.457 -523.118 -517.618 -513.874 -501.352 -482.648 -466.409 -441.984 -404.820 -287.244 -36.162 16.268 30.825 37.024 40.667 42.114 43.150 44.072
-564.895 -565.468 -565.907 -566.247 -566.427 -566.351 -566.435 -566.474 -566.503 -566.590 -566.525 -566.347 -566.178 -566.070 -565.929 -565.772 -565.492 -565.078 -564.733 -564.191 -563.456 -562.633 -562.295 -561.991 -561.662 -561.430 -561.181 -560.989 -560.367 -559.616 -558.902 -557.639 -556.182 -554.621 -552.178 -548.945 -545.221 -541.578 -537.508 -533.006 -532.413 -532.142 -532.220 -534.787 -537.574 -538.453 -537.930 -537.798 -536.205 -533.859 -531.418 -524.781 -516.944 -507.466 -494.196 -473.487 -446.412 -418.341 -369.624 -68.094 10.629 17.462 23.459 32.716 36.841
-566.939 -567.479 -567.694 -567.670 -567.603 -567.691 -567.582 -567.491 -567.541 -567.713 -567.790 -567.616 -567.501 -567.409 -567.274 -566.812 -566.414 -566.154 -565.936 -565.446 -564.849 -564.112 -563.604 -563.322 -562.818 -562.405 -562.188 -562.086 -561.592 -560.975 -560.788 -559.781 -558.567 -556.418 -553.697 -550.661 -547.003 -543.459 -539.617 -535.740 -535.798 -535.792 -535.858 -538.623 -541.075 -543.756 -543.208 -542.850 -544.680 -542.732 -540.882 -537.943 -532.686 -527.120 -517.131 -502.501 -488.399 -474.192 -456.899 -435.214 -409.142 -373.142 -301.413 -47.056 10.682
