examples/3D/Borden05m/output-maps-METEOIO-OFF/psiliqL0026N0003.asc
ncols         160
nrows         34
xllcorner     620200.000000
yllcorner     5168000.000000
cellsize      0.500000
NODATA_value  -9999.0
[rows 0 to 27 of 34, columns 62 to 123 of 160]
-9999.000 -9999.000 -9999.000 -9999.000 -9999.000 -9999.000 -9999.000 -9999.000 -9999.000 -9999.000 -9999.000 -9999.000 -9999.000 -9999.000 -9999.000 -9999.000 -9999.000 -9999.000 -9999.000 -9999.000 -9999.000 -9999.000 -9999.000 -9999.000 -9999.000 -9999.000 -9999.000 -9999.000 -9999.000 -9999.000 -9999.000 -9999.000 -9999.000 -9999.000 -9999.000 -9999.000 -9999.000 -9999.000 -9999.000 -9999.000 -9999.000 -9999.000 -9999.000 -9999.000 -9999.000 -9999.000 -9999.000 -9999.000 -9999.000 -9999.000 -9999.000 -9999.000 -9999.000 -9999.000 -9999.000 -9999.000 -9999.000 -9999.000 -9999.000 -9999.000 -9999.000 -9999.000
3441.672 3433.622 3424.814 3417.477 3413.819 3413.171 3412.829 3412.668 3417.967 3426.423 3434.406 3441.623 3444.353 3446.990 3449.109 3449.584 3448.663 3445.620 3442.441 3439.198 3437.621 3430.373 3419.326 3411.065 3408.385 3412.526 3416.788 3419.123 3424.121 3434.271 3444.585 3452.828 3465.001 3471.571 3476.420 3478.470 3473.922 3470.091 3465.589 3458.998 3447.614 -9999.000 -9999.000 -9999.000 -9999.000 -9999.000 -9999.000 -9999.000 -9999.000 -9999.000 -9999.000 -9999.000 -9999.000 -9999.000 -9999.000 -9999.000 -9999.000 -9999.000 -9999.000 -9999.000 -9999.000 -9999.000
3422.955 3419.184 3411.194 3406.591 3401.622 3399.472 3399.952 3400.280 3404.357 3415.500 3423.645 3428.528 3431.464 3434.583 3433.257 3432.702 3432.679 3429.958 3426.630 3423.383 3421.642 3423.195 3415.669 3409.709 3405.810 3402.812 3405.471 3408.037 3412.448 3421.382 3428.999 3436.634 3451.420 3464.157 3469.356 3466.274 3461.121 3456.728 3448.753 3437.489 3427.099 3418.772 3412.151 3406.109 3398.916 3404.526 3411.592 3420.136 3428.182 3439.679 3451.585 -9999.000 -9999.000 -9999.000 -9999.000 -9999.000 -9999.000 -9999.000 -9999.000 -9999.000 -9999.000 -9999.000
3405.110 3409.104 3406.385 3402.081 3394.790 3405.301 3406.759 3407.885 3411.463 3413.698 3419.158 3421.879 3427.490 3436.715 3439.752 3440.389 3440.613 3438.785 3435.665 3433.815 3431.110 3425.901 3424.147 3423.810 3422.506 3426.540 3427.977 3430.765 3425.108 3429.310 3435.284 3441.919 3447.044 3452.737 3454.757 3450.917 3450.928 3441.985 3427.738 3417.313 3409.319 3409.041 3405.461 3396.806 3382.288 3389.774 3405.064 3409.054 3410.899 3421.345 3433.156 3443.419 3446.089 3445.056 3443.896 3440.105 3425.422 3409.921 3394.127 3375.013 -9999.000 -9999.000
3416.573 3415.228 3412.204 3408.329 3419.230 3427.991 3429.815 3432.653 3436.982 3438.192 3427.667 3425.936 3433.463 3443.343 3448.694 3449.055 3448.843 3445.292 3444.250 3444.144 3442.429 3441.965 3443.545 3441.104 3444.013 3449.423 3452.650 3447.319 3438.747 3440.779 3448.962 3457.757 3464.951 3474.654 3484.905 3484.618 3479.496 3470.352 3457.250 3434.136 3415.960 3404.300 3395.549 3387.468 3389.604 3384.024 3396.979 3397.923 3399.647 3406.223 3415.895 3425.949 3431.460 3429.958 3428.305 3424.901 3414.401 3398.769 3383.132 3364.873 3337.751 3308.140
3420.126 3419.698 3420.679 3429.893 3442.153 3453.802 3456.222 3458.439 3457.538 3450.392 3440.425 3438.062 3451.561 3468.502 3476.550 3476.224 3472.032 3475.255 3475.517 3476.152 3472.909 3473.698 3471.313 3476.727 3484.389 3492.304 3490.858 3478.343 3465.835 3465.552 3470.746 3477.375 3484.558 3494.235 3502.814 3497.426 3491.652 3483.626 3457.327 3433.984 3418.945 3418.480 3418.401 3413.090 3410.158 3408.341 3403.330 3402.639 3400.922 3399.824 3411.257 3423.720 3426.417 3418.788 3413.776 3410.520 3401.666 3389.174 3372.418 3354.492 3333.947 3305.000
3455.012 3455.984 3462.366 3473.245 3486.456 3508.604 3508.493 3509.340 3508.402 3495.874 3483.012 3473.365 3495.707 3506.973 3514.318 3511.898 3517.140 3525.909 3522.476 3516.322 3504.369 3510.052 3516.567 3531.731 3539.657 3544.894 3540.227 3526.209 3519.272 3520.581 3526.777 3527.638 3535.898 3544.184 3558.560 3556.630 3552.677 3532.091 3494.336 3464.247 3450.824 3461.326 3454.736 3447.364 3446.271 3434.228 3426.048 3427.615 3418.592 3413.005 3424.700 3430.703 3431.099 3422.229 3426.261 3418.432 3396.529 3378.867 3363.294 3347.941 3329.709 3322.722
3469.642 3474.430 3485.185 3503.246 3521.728 3542.124 3541.265 3535.123 3545.165 3538.566 3528.072 3520.863 3542.532 3552.844 3563.257 3569.149 3581.940 3592.505 3576.121 3559.183 3548.885 3555.989 3581.634 3604.066 3608.865 3607.891 3607.240 3591.812 3586.800 3583.165 3583.228 3580.266 3577.997 3602.861 3623.858 3623.024 3600.811 3577.334 3536.942 3498.336 3473.098 3485.110 3480.761 3483.021 3471.863 3459.081 3450.858 3447.293 3439.722 3429.181 3437.299 3440.846 3447.769 3453.775 3457.233 3439.530 3420.785 3400.435 3381.554 3366.321 3358.681 3351.201
3532.675 3546.852 3555.520 3574.557 3592.209 3618.542 3631.136 3642.801 3647.135 3640.420 3632.178 3620.425 3625.893 3649.983 3661.783 3670.257 3678.781 3691.545 3692.034 3685.226 3683.477 3687.917 3701.445 3715.931 3722.675 3725.694 3728.226 3714.877 3701.802 3699.574 3693.849 3692.292 3691.131 3702.141 3722.172 3718.364 3681.160 3653.575 3617.717 3578.462 3548.199 3541.077 3559.083 3555.865 3538.568 3526.988 3499.922 3493.693 3483.232 3459.096 3458.163 3460.466 3469.078 3483.045 3469.356 3451.825 3433.416 3412.651 3394.612 3386.141 3383.155 3378.771
3656.382 3665.395 3669.116 3676.108 3709.042 3743.328 3768.771 3791.927 3799.436 3787.404 3777.861 3764.524 3755.877 3767.078 3784.477 3802.258 3817.274 3828.689 3830.837 3829.328 3829.450 3832.623 3835.659 3839.997 3848.487 3856.103 3864.687 3872.587 3861.957 3844.755 3835.255 3825.969 3824.856 3825.857 3829.271 3829.810 3812.382 3769.560 3737.121 3704.141 3683.691 3669.548 3668.374 3649.108 3623.646 3571.078 3532.645 3500.244 3480.544 3457.598 3464.925 3481.981 3524.295 3527.298 3514.173 3498.003 3473.499 3449.545 3428.133 3423.301 3420.509 3414.935
3789.204 3793.501 3796.374 3799.541 3826.894 3869.064 3908.950 3940.612 3940.670 3927.033 3915.819 3906.830 3892.437 3888.532 3901.323 3916.891 3937.343 3947.805 3953.868 3950.538 3950.787 3952.654 3955.027 3957.184 3960.855 3970.556 3985.688 4000.212 3999.171 3979.872 3961.647 3945.381 3942.713 3939.994 3934.678 3936.624 3938.016 3921.330 3889.158 3848.404 3807.146 3789.671 3773.663 3761.783 3743.759 3701.855 3633.815 3593.151 3554.241 3526.201 3526.962 3594.837 3613.616 3601.794 3590.058 3567.409 3538.066 3513.886 3490.998 3487.794 3482.716 3473.931
3913.988 3921.506 3924.588 3930.521 3947.462 3980.281 4016.345 4046.446 4061.992 4054.140 4036.001 4013.575 4003.545 4000.523 4004.163 4013.770 4026.819 4046.523 4066.125 4071.921 4072.807 4070.105 4072.547 4074.123 4074.218 4077.191 4085.832 4095.791 4099.116 4091.059 4069.565 4045.684 4034.182 4027.490 4023.820 4024.603 4029.529 4032.448 4016.955 3980.345 3934.810 3904.118 3888.308 3874.694 3859.645 3846.144 3811.751 3789.591 3751.895 3702.437 3673.446 3711.845 3703.107 3691.752 3667.719 3634.781 3601.231 3569.670 3543.539 3534.602 3530.064 3527.778
4034.375 4039.505 4047.036 4062.364 4086.169 4105.701 4128.820 4155.846 4172.376 4177.586 4175.725 4171.380 4172.413 4172.639 4106.930 4113.298 4119.661 4137.391 4153.264 4159.000 4159.621 4156.934 4158.799 4159.572 4159.421 4159.012 4161.467 4166.720 4168.696 4166.137 4152.989 4172.261 4151.882 4138.163 4129.743 4121.272 4112.808 4103.104 4092.849 4072.110 4040.437 4005.360 3983.481 3975.030 3968.189 3958.804 3952.239 3934.209 3910.401 3873.986 3833.018 3810.933 3808.072 3790.787 3754.949 3723.091 3699.168 3661.833 3630.594 3613.115 3610.570 3601.086
4154.259 4159.103 4173.301 4190.274 4173.451 4182.095 4190.999 4199.810 4202.716 4203.402 4202.777 4200.131 4199.071 4196.338 4192.698 4181.922 4183.337 4185.147 4187.640 4191.287 4190.119 4191.189 4194.108 4192.296 4186.181 4182.046 4180.460 4181.499 4188.974 4192.513 4193.513 4189.998 4189.084 4188.086 4184.569 4180.159 4173.908 4165.876 4181.503 4169.141 4140.494 4099.365 4057.294 4049.566 4051.237 4050.555 4048.514 4042.285 4023.965 3995.560 3956.885 3917.203 3909.818 3894.618 3874.471 3856.923 3836.462 3795.067 3757.188 3733.339 3721.484 3696.789
4201.798 4204.598 4207.787 4204.638 4201.458 4196.307 4194.435 4192.765 4189.985 4190.261 4188.009 4183.554 4179.095 4170.646 4158.659 4147.168 4143.248 4147.302 4152.786 4157.864 4162.308 4165.993 4165.871 4160.308 4151.807 4144.216 4142.602 4149.577 4155.423 4162.161 4163.188 4161.952 4159.607 4159.536 4156.428 4156.857 4164.237 4179.366 4182.072 4188.399 4187.615 4170.223 4138.636 4151.455 4131.270 4137.243 4132.349 4120.627 4098.792 4073.853 4041.705 4010.093 3990.743 3982.646 3975.908 3967.898 3952.475 3911.712 3875.833 3845.702 3824.480 3797.417
4187.452 4194.257 4194.987 4187.556 4178.536 4170.830 4162.870 4160.011 4158.993 4158.257 4158.278 4152.471 4142.541 4124.907 4112.875 4101.413 4095.128 4090.909 4094.028 4105.218 4117.475 4122.465 4112.913 4104.339 4092.420 4084.373 4084.911 4085.974 4095.691 4112.984 4121.007 4122.107 4115.870 4109.612 4103.316 4100.624 4107.516 4123.362 4140.753 4156.989 4166.627 4174.739 4182.205 4180.448 4183.471 4185.145 4182.950 4186.246 4168.131 4143.682 4114.140 4088.129 4061.623 4057.561 4057.224 4053.065 4050.180 4015.961 3978.211 3942.790 3914.851 3886.859
4158.974 4160.358 4155.667 4148.732 4138.135 4126.458 4116.099 4107.715 4108.092 4109.811 4110.886 4102.905 4086.859 4068.426 4054.409 4040.072 4035.742 4029.435 4021.259 4031.149 4050.946 4058.321 4041.973 4030.989 4015.733 4009.273 4005.332 4006.239 4015.381 4038.407 4063.263 4065.852 4055.298 4044.874 4040.774 4038.188 4043.396 4060.780 4082.427 4099.357 4110.557 4116.520 4124.885 4134.819 4149.741 4165.125 4177.950 4182.671 4192.001 4187.681 4174.218 4167.352 4142.697 4128.129 4120.328 4116.050 4108.843 4084.176 4053.819 4025.246 3997.747 3972.936
4120.151 4115.425 4108.577 4100.786 4078.905 4065.649 4051.861 4036.049 4031.335 4025.647 4025.950 4013.710 4005.207 3988.241 3972.333 3956.216 3942.239 3936.154 3929.104 3926.785 3939.970 3948.262 3938.968 3929.322 3918.887 3914.604 3911.423 3914.198 3924.985 3944.775 3963.576 3972.684 3966.040 3965.748 3966.740 3966.017 3973.300 3984.817 4003.622 4027.100 4047.217 4058.066 4065.766 4075.756 4090.982 4105.856 4120.923 4139.621 4163.468 4180.299 4190.870 4191.535 4190.686 4182.601 4185.898 4175.091 4162.491 4141.915 4116.212 4088.422 4061.568 4043.353
4074.743 4067.868 4061.372 4037.232 3980.574 3958.324 3938.384 3921.169 3913.480 3904.114 3886.586 3877.188 3872.127 3874.266 3859.807 3841.793 3823.548 3818.303 3814.509 3796.305 3790.850 3791.095 3808.234 3802.318 3801.509 3803.896 3801.768 3803.238 3816.338 3824.225 3829.913 3837.408 3843.478 3855.211 3864.399 3876.142 3894.485 3906.312 3922.615 3944.022 3970.967 3987.733 3998.339 4009.755 4026.040 4043.156 4061.851 4085.136 4112.174 4129.529 4141.568 4154.234 4168.542 4184.452 4190.296 4199.583 4198.061 4194.377 4170.068 4140.347 4119.321 4101.286
4004.197 4001.108 3989.658 3932.757 3891.062 3856.079 3837.956 3813.232 3798.583 3780.912 3740.736 3722.289 3721.565 3736.571 3732.991 3717.341 3705.211 3695.347 3685.488 3667.167 3647.446 3653.556 3672.560 3674.046 3677.974 3686.396 3686.282 3679.659 3676.697 3689.069 3694.953 3707.011 3726.061 3731.991 3750.104 3785.608 3799.572 3815.811 3835.297 3856.845 3880.147 3904.154 3919.519 3935.959 3955.556 3973.360 3994.743 4018.330 4048.998 4071.636 4087.136 4098.939 4110.633 4126.968 4148.879 4169.368 4188.828 4199.186 4201.142 4188.154 4171.005 4151.186
3894.586 3887.345 3856.383 3802.483 3766.168 3742.236 3719.471 3695.598 3670.511 3631.431 3595.638 3572.969 3588.970 3599.986 3612.033 3600.421 3589.462 3579.618 3560.966 3543.824 3526.848 3538.048 3546.735 3566.813 3574.196 3578.400 3584.921 3583.829 3572.921 3567.392 3576.008 3586.568 3599.543 3622.785 3659.896 3685.794 3705.297 3726.967 3746.769 3769.270 3793.416 3817.557 3835.888 3855.442 3875.105 3897.155 3917.341 3941.196 3970.539 3998.085 4015.554 4032.234 4047.051 4067.731 4092.938 4117.281 4143.999 4167.043 4181.899 4195.884 4200.451 4195.053
3767.186 3743.404 3693.875 3651.217 3630.658 3617.675 3593.725 3572.180 3542.222 3507.345 3485.510 3464.351 3474.574 3484.764 3505.317 3496.550 3489.889 3486.999 3471.447 3458.119 3441.412 3447.578 3460.021 3484.265 3490.658 3495.146 3505.140 3504.837 3500.442 3482.552 3489.722 3501.277 3516.884 3549.234 3572.668 3596.066 3618.997 3639.475 3662.125 3685.477 3709.651 3737.372 3758.215 3778.474 3801.243 3821.573 3836.880 3853.997 3879.095 3901.589 3924.501 3948.722 3965.170 3991.500 4023.960 4056.613 4093.063 4119.550 4136.486 4150.102 4163.081 4183.993
3609.436 3554.877 3518.908 3499.028 3498.751 3486.522 3466.604 3447.519 3428.030 3406.216 3387.521 3362.059 3367.356 3383.283 3400.452 3402.334 3403.646 3402.292 3393.174 3379.725 3366.085 3369.856 3387.256 3405.528 3416.102 3424.229 3432.332 3432.386 3422.947 3413.186 3418.369 3434.458 3451.239 3469.165 3490.374 3511.868 3533.135 3556.546 3580.100 3603.961 3629.805 3657.658 3680.180 3704.951 3730.429 3747.884 3757.522 3765.974 3786.313 3803.520 3826.795 3851.305 3871.315 3900.337 3937.091 3981.053 4023.396 4066.275 4086.607 4101.906 4113.645 4130.562
3485.756 3452.058 3423.223 3417.065 3401.875 3389.024 3374.957 3354.756 3338.724 3324.408 3303.211 3293.946 3301.293 3314.612 3322.261 3329.431 3327.416 3325.202 3319.841 3305.934 3302.471 3312.701 3327.932 3341.600 3353.508 3360.657 3365.931 3363.163 3354.244 3352.056 3360.736 3376.740 3390.629 3405.645 3426.645 3447.008 3469.041 3492.016 3514.594 3539.658 3565.504 3592.327 3620.425 3643.609 3662.820 3672.275 3682.451 3682.375 3693.834 3710.644 3728.578 3752.352 3778.440 3805.611 3847.001 3890.426 3933.145 3975.964 4014.888 4037.490 4056.785 4078.336
3417.532 3387.630 3358.809 3332.992 3321.314 3315.685 3303.330 3286.875 3276.136 3260.912 3251.807 3258.584 3259.486 3266.986 3264.606 3265.540 3263.180 3262.672 3260.778 3255.274 3267.754 3274.162 3287.416 3297.409 3307.285 3313.177 3316.884 3318.445 3314.841 3321.364 3327.690 3341.636 3353.116 3366.805 3386.950 3404.079 3423.195 3445.652 3468.909 3493.042 3519.098 3547.573 3572.663 3590.787 3597.903 3607.566 3609.262 3598.356 3609.756 3622.859 3633.934 3655.922 3678.147 3699.865 3739.710 3787.625 3839.156 3879.805 3928.602 3959.669 3987.424 4011.682
3330.890 3301.204 3273.178 3253.067 3248.530 3237.246 3226.883 3215.470 3202.042 3195.787 3202.567 3200.064 3197.011 3194.397 3196.998 3200.513 3200.170 3199.291 3202.487 3213.799 3218.253 3223.650 3232.414 3243.759 3255.869 3259.655 3264.215 3269.310 3275.746 3279.064 3282.944 3293.714 3306.013 3318.798 3335.123 3353.324 3372.521 3395.437 3419.608 3445.556 3473.085 3501.792 3524.806 3534.046 3544.424 3546.575 3539.807 3534.248 3537.822 3550.480 3557.772 3575.370 3598.759 3609.163 3648.331 3699.400 3742.832 3781.869 3820.116 3867.508 3898.412 3927.119
3265.051 3235.826 3215.027 3200.623 3189.566 3178.462 3167.499 3154.921 3148.329 3149.593 3146.644 3144.255 3141.506 3144.242 3147.729 3152.159 3152.465 3153.685 3156.761 3161.184 3167.980 3177.566 3188.425 3200.969 3217.016 3222.427 3227.511 3234.035 3237.403 3241.375 3245.846 3257.202 3269.601 3282.033 3299.504 3318.139 3337.700 3361.054 3388.076 3419.479 3447.803 3476.029 3502.189 3513.093 3518.054 3517.637 3511.779 3498.581 3496.585 3506.743 3508.510 3518.887 3538.224 3546.855 3572.310 3612.826 3641.599 3678.906 3721.682 3779.758 3813.052 3848.426
3193.280 3173.850 3158.719 3139.568 3125.313 3114.022 3105.352 3100.551 3100.041 3097.275 3095.626 3094.013 3091.381 3092.232 3096.318 3100.027 3102.595 3105.609 3110.221 3117.205 3126.393 3134.416 3146.329 3161.351 3177.204 3185.007 3191.010 3197.700 3202.906 3207.801 3211.893 3222.067 3234.338 3244.846 3262.505 3282.088 3302.763 3329.376 3360.312 3392.432 3420.444 3447.610 3476.544 3482.019 3484.838 3486.331 3472.637 3459.658 3453.119 3456.091 3459.035 3461.134 3472.827 3485.007 3504.034 3526.929 3555.735 3593.617 3645.227 3694.324 3732.464 3765.186
