examples/3D/Borden05m/output-maps-METEOIO-OFF/psiliqL0010N0004.asc
ncols         160
nrows         34
xllcorner     620200.000000
yllcorner     5168000.000000
cellsize      0.500000
NODATA_value  -9999.0
[rows 0 to 28 of 34, columns 65 to 129 of 160]
-9999.000 -9999.000 -9999.000 -9999.000 -9999.000 -9999.000 -9999.000 -9999.000 -9999.000 -9999.000 -9999.000 -9999.000 -9999.000 -9999.000 -9999.000 -9999.000 -9999.000 -9999.000 -9999.000 -9999.000 -9999.000 -9999.000 -9999.000 -9999.000 -9999.000 -9999.000 -9999.000 -9999.000 -9999.000 -9999.000 -9999.000 -9999.000 -9999.000 -9999.000 -9999.000 -9999.000 -9999.000 -9999.000 -9999.000 -9999.000 -9999.000 -9999.000 -9999.000 -9999.000 -9999.000 -9999.000 -9999.000 -9999.000 -9999.000 -9999.000 -9999.000 -9999.000 -9999.000 -9999.000 -9999.000 -9999.000 -9999.000 -9999.000 -9999.000 -9999.000 -9999.000 -9999.000 -9999.000 -9999.000 -9999.000
178.563 174.607 173.758 173.006 172.715 178.129 186.232 194.008 201.365 203.891 206.456 208.866 209.464 208.232 204.990 201.678 198.236 196.716 188.395 176.880 167.909 165.135 169.650 174.207 176.782 182.897 193.887 204.967 213.760 225.778 231.552 236.769 239.861 235.643 231.859 227.858 222.737 211.498 -9999.000 -9999.000 -9999.000 -9999.000 -9999.000 -9999.000 -9999.000 -9999.000 -9999.000 -9999.000 -9999.000 -9999.000 -9999.000 -9999.000 -9999.000 -9999.000 -9999.000 -9999.000 -9999.000 -9999.000 -9999.000 -9999.000 -9999.000 -9999.000 -9999.000 -9999.000 -9999.000
166.965 161.572 159.928 160.049 160.219 164.514 174.621 182.731 187.647 190.244 192.911 193.018 192.622 192.320 189.447 186.015 182.592 180.774 180.918 173.284 167.900 164.604 163.279 165.782 168.138 171.316 181.021 189.445 197.913 212.315 224.824 230.118 227.616 222.380 218.334 211.481 201.237 190.479 179.934 172.492 166.799 161.218 167.157 173.551 183.677 193.736 205.835 218.069 -9999.000 -9999.000 -9999.000 -9999.000 -9999.000 -9999.000 -9999.000 -9999.000 -9999.000 -9999.000 -9999.000 -9999.000 -9999.000 -9999.000 -9999.000 -9999.000 -9999.000
161.932 157.686 165.945 167.396 168.717 172.077 175.465 178.116 180.993 186.492 195.670 198.527 199.203 199.445 197.682 194.581 192.775 190.002 184.829 183.933 184.428 184.483 189.710 191.211 192.626 185.648 189.061 195.408 202.450 209.512 216.613 221.121 217.824 216.348 207.496 193.090 181.133 171.963 169.195 165.663 157.613 144.999 151.747 167.135 171.680 175.212 187.078 199.421 209.740 211.708 211.154 210.488 207.483 193.176 178.025 162.843 143.978 -9999.000 -9999.000 -9999.000 -9999.000 -9999.000 -9999.000 -9999.000 -9999.000
171.297 184.536 194.483 196.598 199.780 203.391 202.361 190.111 187.597 196.285 207.063 213.290 213.763 213.950 212.396 211.413 210.913 208.581 209.699 212.503 213.273 218.500 224.317 227.095 218.553 209.102 209.548 217.214 225.328 232.917 244.082 255.805 254.342 247.952 238.020 223.226 198.667 177.982 166.669 159.377 151.902 150.949 148.088 158.578 160.070 161.635 169.998 180.263 190.383 196.072 195.329 194.464 191.638 181.682 166.455 151.257 134.261 108.586 79.857 52.638 51.271 74.928 98.657 -9999.000 -9999.000
203.418 218.222 234.116 237.564 240.627 240.520 230.932 220.460 216.323 231.671 248.195 257.118 258.558 259.199 267.290 265.532 263.075 257.736 260.320 263.246 274.835 282.916 290.025 288.054 275.809 264.199 262.017 264.004 266.448 272.665 283.489 293.780 288.401 279.820 267.686 236.664 206.978 188.473 187.942 187.469 182.038 178.160 173.900 165.833 164.838 163.736 162.892 174.680 186.819 190.037 183.554 179.459 176.655 167.369 155.766 139.918 122.531 103.259 74.663 67.295 58.834 80.661 104.407 125.562 150.206
262.250 282.162 308.109 312.932 317.533 321.570 310.591 298.070 286.369 303.379 314.161 324.161 327.952 339.853 350.568 345.774 337.080 327.213 334.113 348.136 364.152 371.328 375.151 374.744 363.939 357.852 355.012 355.653 352.120 355.836 367.166 382.788 382.079 370.050 344.381 304.612 266.430 242.181 245.066 237.106 229.499 224.031 208.496 195.858 194.535 184.056 177.117 188.104 193.849 195.231 188.260 192.987 184.453 165.135 146.920 130.535 115.342 99.518 91.706 81.892 73.757 86.010 105.992 125.889 150.646
328.966 355.034 381.959 394.351 401.044 411.010 404.575 395.158 386.406 395.079 408.475 421.641 433.431 446.928 459.101 451.312 440.479 436.664 441.731 460.455 476.929 482.559 484.621 488.204 480.609 473.091 465.058 458.038 451.207 446.729 463.403 478.753 476.277 451.240 424.493 386.067 345.209 308.572 302.847 299.133 295.797 278.184 260.179 239.788 227.180 216.452 200.452 204.540 209.528 219.295 228.006 226.940 208.978 189.963 169.104 149.023 133.544 127.656 121.578 111.197 104.110 109.857 123.417 137.631 149.465
447.805 475.017 509.261 533.615 554.922 559.499 550.918 541.893 528.583 524.891 540.291 552.564 563.937 575.218 587.302 593.825 592.184 591.985 594.940 600.491 608.105 614.788 620.639 626.670 625.275 615.676 607.980 598.332 590.192 587.303 587.756 596.366 594.485 570.918 543.242 510.876 472.812 439.578 418.074 419.498 404.723 383.976 359.717 320.038 298.547 279.336 247.483 241.707 250.700 263.634 270.978 253.431 234.512 213.315 190.287 168.336 159.873 157.050 152.721 145.645 141.930 145.850 158.196 160.450 170.687
573.384 605.747 640.576 670.587 694.880 703.839 694.379 684.930 673.684 664.332 666.653 679.897 695.758 711.008 721.670 725.368 724.119 724.383 726.038 729.019 731.616 736.909 743.702 753.610 764.902 760.097 743.497 730.373 715.421 709.192 706.840 703.659 703.223 697.919 669.656 642.293 610.610 579.843 557.179 539.967 519.609 496.469 450.491 407.555 369.730 338.665 307.753 302.544 326.304 354.167 344.885 330.031 308.882 280.051 251.565 223.384 213.767 208.581 201.118 192.806 185.246 178.524 180.415 182.076 192.803
706.559 727.719 763.306 799.246 828.391 833.569 825.648 815.812 805.333 795.702 792.369 798.550 808.020 822.352 833.411 843.446 843.208 843.570 843.596 845.475 847.101 848.469 854.495 865.036 874.996 876.226 864.196 847.237 829.125 820.069 812.612 806.286 805.746 806.197 801.207 778.338 744.430 702.576 674.720 652.668 639.052 623.055 600.815 553.568 525.119 490.831 455.316 431.420 466.428 461.816 448.370 428.995 399.740 368.232 337.167 306.158 292.671 283.833 272.997 263.779 252.458 239.462 233.170 225.485 221.147
833.166 849.672 871.195 898.529 924.986 943.047 940.696 929.796 914.002 909.794 908.590 909.726 915.008 921.237 934.988 949.297 954.270 954.849 952.456 954.332 955.243 955.197 955.602 959.117 965.090 967.072 962.664 947.524 927.425 910.980 900.695 895.281 892.380 892.825 891.777 881.110 854.581 819.004 785.545 762.330 745.599 732.005 721.224 705.426 688.612 660.196 619.467 584.257 579.046 568.509 555.013 528.136 496.269 467.254 430.315 394.587 371.278 360.002 349.659 337.432 321.765 306.787 296.021 278.810 267.649
951.816 969.675 982.593 998.745 1019.864 1032.166 1038.230 1039.095 1038.366 1039.777 1039.152 1021.855 1023.410 1025.010 1029.213 1034.964 1036.591 1036.645 1035.899 1036.713 1036.892 1037.054 1036.649 1035.899 1037.050 1037.247 1036.089 1030.259 1027.922 1009.743 996.798 988.839 981.298 973.183 964.282 955.103 939.888 913.813 880.972 852.441 839.570 832.266 825.712 820.162 805.616 785.179 756.920 720.858 686.389 675.715 658.994 631.494 608.259 590.094 553.606 516.789 488.862 475.577 454.316 431.822 411.491 388.643 366.668 344.349 322.404
1047.888 1045.752 1048.298 1051.243 1054.485 1055.853 1056.246 1055.940 1053.234 1051.949 1049.021 1042.892 1032.880 1033.680 1034.586 1036.691 1039.871 1038.344 1039.100 1041.918 1040.495 1035.246 1031.824 1030.194 1030.349 1037.040 1039.622 1039.697 1038.264 1036.264 1034.983 1033.719 1032.879 1032.130 1031.116 1031.884 1022.157 999.370 968.025 934.598 918.288 911.705 911.562 907.936 901.367 882.762 856.506 822.292 785.969 769.110 755.680 743.624 731.726 715.889 679.117 641.193 611.151 590.322 562.003 538.107 515.280 488.901 465.100 439.925 410.421
1056.319 1052.440 1047.111 1045.461 1044.062 1041.601 1041.955 1039.488 1034.750 1029.813 1021.480 1009.231 996.725 993.663 997.721 1002.109 1005.858 1008.461 1011.494 1012.799 1008.389 1000.963 994.244 992.285 998.409 1003.619 1008.152 1008.375 1006.544 1004.209 1004.381 1002.589 1004.243 1012.253 1027.098 1034.906 1036.927 1036.458 1031.613 1022.282 1008.395 988.169 990.355 985.455 973.556 952.256 928.671 900.152 872.336 847.414 838.242 832.106 824.610 814.228 780.685 746.724 714.250 688.316 661.290 635.874 611.734 586.859 560.651 532.170 502.881
1038.246 1029.222 1020.702 1012.891 1010.041 1008.026 1006.689 1005.929 999.695 990.911 974.370 961.345 949.082 942.328 940.370 945.235 954.144 962.599 966.885 960.971 954.069 944.138 936.407 936.644 939.103 947.602 960.222 963.680 964.133 959.453 955.826 950.959 950.521 959.130 975.704 991.713 1005.652 1014.512 1022.872 1029.221 1033.522 1033.847 1034.321 1033.959 1031.125 1015.528 994.992 971.899 947.730 921.267 912.849 908.745 902.787 898.652 870.761 836.310 802.514 773.148 745.969 721.546 697.641 672.141 645.056 618.103 587.224
996.915 985.962 973.864 963.089 956.432 956.354 957.651 957.567 950.627 935.716 917.728 903.581 889.215 884.761 879.858 876.251 886.444 902.282 907.941 895.436 886.233 872.846 865.676 862.972 864.594 873.745 892.274 909.842 910.796 901.793 893.242 889.295 888.008 896.117 915.545 935.960 951.187 961.629 968.671 977.520 987.217 999.231 1012.820 1024.846 1034.751 1037.447 1036.183 1031.772 1016.557 996.549 982.852 971.874 964.305 953.992 931.985 904.169 876.633 848.629 825.211 805.180 779.420 752.360 725.812 694.447 660.228
944.900 931.718 919.191 907.056 893.444 889.753 886.807 888.067 876.625 865.442 846.209 830.565 814.914 805.055 799.104 793.316 798.419 813.783 822.689 808.955 798.990 786.277 780.176 777.071 778.743 788.596 810.632 828.901 835.416 827.722 822.348 820.225 820.003 826.330 842.066 862.587 883.433 899.292 909.230 917.695 928.362 943.232 958.011 973.084 990.762 1010.706 1025.826 1035.060 1039.238 1039.000 1037.042 1031.500 1020.751 1008.807 990.836 966.198 937.973 910.060 890.674 871.921 853.535 825.887 794.775 763.317 728.697
886.679 842.997 825.967 808.568 793.721 788.213 780.960 774.379 764.976 757.794 749.174 733.582 716.473 700.813 695.527 691.093 683.533 689.687 693.194 695.168 688.068 681.944 679.403 677.033 680.448 693.820 705.982 716.675 722.707 720.454 726.911 733.132 736.417 752.176 766.211 784.205 805.714 828.772 841.708 851.462 862.725 878.644 895.867 913.918 936.880 961.665 978.248 989.866 1002.190 1015.347 1030.117 1040.069 1044.779 1044.313 1038.485 1017.191 991.411 968.662 948.826 932.086 916.235 895.112 858.924 826.748 793.380
802.540 761.090 729.921 712.234 691.003 680.210 669.938 645.722 631.982 625.103 628.502 618.117 601.098 586.760 578.705 572.200 559.878 552.521 556.983 568.302 563.496 561.516 565.282 563.532 560.689 567.308 581.747 590.204 599.912 610.699 615.672 624.332 649.726 664.014 679.443 699.851 721.873 744.552 764.297 777.407 791.893 810.703 827.677 848.707 872.529 901.082 920.772 935.585 947.912 960.742 977.868 998.444 1016.311 1033.723 1045.637 1046.032 1041.407 1019.014 1000.893 984.172 972.764 949.301 918.522 887.035 853.757
691.426 651.601 621.700 599.939 575.896 557.806 531.990 500.736 480.568 484.298 491.020 490.212 475.715 462.270 451.435 437.607 421.823 410.691 418.992 427.953 435.116 438.519 442.471 444.652 443.629 440.287 447.331 456.685 467.766 479.032 492.662 522.456 548.295 566.538 588.112 609.339 632.992 657.472 679.094 695.299 713.892 733.206 754.046 775.127 800.282 829.530 853.498 869.036 883.630 898.629 918.949 943.112 966.485 991.601 1013.868 1027.339 1040.220 1048.477 1046.532 1031.511 1016.763 997.611 972.748 940.172 909.704
562.037 525.618 500.123 474.729 449.701 421.940 389.717 361.222 340.433 346.538 353.286 363.325 350.614 338.168 330.728 315.185 300.449 285.964 293.868 303.896 320.594 324.832 328.436 335.157 334.073 332.017 324.755 334.280 345.555 360.447 389.401 416.916 443.763 467.423 490.277 515.141 541.412 567.513 594.138 614.545 634.305 656.143 676.757 695.835 717.632 744.122 767.154 786.644 807.405 823.951 848.838 878.823 907.381 940.445 964.238 981.927 996.898 1011.538 1030.663 1042.523 1042.990 1037.654 1013.838 990.497 962.015
402.132 380.932 360.001 334.897 311.291 288.132 260.102 235.730 211.282 214.755 226.907 240.513 233.565 228.945 225.084 213.087 198.982 185.236 188.946 204.102 221.096 228.385 235.030 242.664 242.864 236.457 228.450 234.662 249.244 266.522 289.753 314.694 339.487 363.027 389.078 416.427 444.248 473.747 503.798 526.655 552.490 578.464 599.292 612.727 628.244 653.224 672.275 694.403 717.039 735.068 764.150 798.431 838.741 878.222 913.782 931.512 947.176 960.726 979.588 1001.076 1020.432 1036.319 1036.445 1033.083 1016.160
271.543 250.570 230.626 210.704 188.569 167.794 147.555 124.841 105.686 110.720 123.887 135.664 137.812 134.554 131.208 123.206 109.384 98.432 106.724 122.262 137.488 147.611 154.422 160.723 158.110 150.070 143.898 152.173 168.113 183.911 202.693 225.714 249.069 272.993 298.410 324.408 353.256 383.351 414.015 443.965 471.483 496.981 510.988 524.603 534.888 553.127 572.868 594.673 619.025 644.026 674.510 715.565 757.033 796.856 835.447 864.315 884.842 902.697 925.084 948.115 967.587 984.171 998.692 1011.814 1019.421
163.226 144.570 133.495 117.814 97.772 83.518 66.063 47.220 46.034 49.270 61.074 62.922 63.515 60.425 59.187 54.443 43.059 49.246 56.969 71.917 82.950 92.433 98.821 103.085 102.794 96.059 99.237 106.707 121.722 134.161 150.177 172.028 190.757 211.819 235.757 260.881 287.763 316.680 348.049 377.026 401.166 414.828 428.935 438.067 435.789 452.835 470.722 488.789 514.410 540.306 570.988 613.116 659.677 707.243 747.204 788.337 813.421 838.268 862.702 888.147 911.656 930.926 945.715 950.126 958.810
63.003 52.937 41.369 29.184 15.359 1.138 -11.411 -11.756 -14.334 -15.039 -13.501 -10.600 -8.098 -9.149 -10.339 -9.690 -3.747 0.475 6.045 16.560 27.764 38.192 42.322 46.634 49.728 53.226 55.975 60.589 72.287 84.510 98.328 115.921 134.205 154.110 177.608 201.811 227.987 256.986 286.748 310.652 323.861 337.017 343.733 341.811 340.214 350.959 366.913 382.226 407.310 435.096 460.544 509.365 562.710 611.642 651.917 691.006 727.247 756.423 783.186 815.858 843.966 872.564 891.072 899.602 907.295
-5.630 -16.492 -27.299 -38.247 -52.012 -62.784 -65.137 -67.734 -70.015 -71.754 -68.511 -64.976 -60.825 -61.273 -60.956 -58.422 -54.228 -48.470 -39.390 -28.509 -16.595 -2.228 2.343 6.996 12.537 15.277 18.561 23.059 34.688 46.729 59.530 76.993 95.239 115.086 138.256 164.863 195.647 224.009 252.275 276.621 288.082 294.737 295.271 291.458 281.304 282.960 296.891 304.109 322.032 348.058 367.678 411.437 464.271 503.519 545.825 588.660 639.457 670.868 705.281 738.857 771.364 803.002 820.828 831.409 843.349
-70.507 -83.484 -94.327 -104.422 -112.915 -115.617 -118.847 -120.934 -122.394 -124.086 -121.827 -117.737 -113.737 -111.860 -109.305 -106.335 -100.340 -91.441 -82.820 -70.916 -56.317 -41.511 -35.321 -29.818 -24.147 -20.119 -15.811 -11.665 -1.101 10.938 22.692 40.529 59.514 78.981 105.422 135.907 166.787 193.965 220.880 247.133 252.425 255.445 256.326 244.367 230.616 226.768 231.750 235.518 246.789 263.299 280.989 315.538 352.286 391.486 437.288 492.873 546.439 583.896 619.754 654.118 684.453 708.934 730.189 746.896 764.204
-126.540 -141.398 -150.979 -155.368 -157.529 -161.196 -160.852 -159.933 -161.355 -164.916 -165.405 -160.664 -156.892 -154.373 -151.250 -141.174 -131.396 -123.788 -116.602 -104.018 -89.573 -74.107 -64.335 -58.170 -48.980 -41.596 -37.270 -34.312 -25.005 -14.266 -8.581 8.011 27.064 55.390 86.842 117.797 149.871 177.627 204.195 228.128 229.776 231.143 231.629 216.950 202.477 186.319 191.006 194.502 185.357 201.081 217.006 239.486 273.116 306.099 353.226 408.407 453.305 492.775 530.753 565.296 591.882 616.111 635.818 657.085 675.356
