examples/3D/Borden05m/output-maps-METEOIO-OFF/psiliqL0027N0003.asc
ncols         160
nrows         34
xllcorner     620200.000000
yllcorner     5168000.000000
cellsize      0.500000
NODATA_value  -9999.0
[rows 0 to 27 of 34, columns 62 to 123 of 160]
-9999.000 -9999.000 -9999.000 -9999.000 -9999.000 -9999.000 -9999.000 -9999.000 -9999.000 -9999.000 -9999.000 -9999.000 -9999.000 -9999.000 -9999.000 -9999.000 -9999.000 -9999.000 -9999.000 -9999.000 -9999.000 -9999.000 -9999.000 -9999.000 -9999.000 -9999.000 -9999.000 -9999.000 -9999.000 -9999.000 -9999.000 -9999.000 -9999.000 -9999.000 -9999.000 -9999.000 -9999.000 -9999.000 -9999.000 -9999.000 -9999.000 -9999.000 -9999.000 -9999.000 -9999.000 -9999.000 -9999.000 -9999.000 -9999.000 -9999.000 -9999.000 -9999.000 -9999.000 -9999.000 -9999.000 -9999.000 -9999.000 -9999.000 -9999.000 -9999.000 -9999.000 -9999.000
3642.247 3634.240 3625.438 3618.155 3614.495 3613.842 3613.509 3613.342 3618.623 3627.093 3635.082 3642.285 3645.022 3647.657 3649.752 3650.211 3649.301 3646.259 3643.078 3639.836 3638.245 3631.052 3620.023 3611.799 3609.123 3613.243 3617.492 3619.819 3624.760 3634.875 3645.163 3653.399 3665.612 3672.261 3677.113 3679.117 3674.561 3670.735 3666.206 3659.524 3648.127 -9999.000 -9999.000 -9999.000 -9999.000 -9999.000 -9999.000 -9999.000 -9999.000 -9999.000 -9999.000 -9999.000 -9999.000 -9999.000 -9999.000 -9999.000 -9999.000 -9999.000 -9999.000 -9999.000 -9999.000 -9999.000
3623.526 3619.816 3611.854 3607.277 3602.315 3600.118 3600.607 3600.931 3604.983 3616.182 3624.321 3629.195 3632.146 3635.290 3633.870 3633.299 3633.285 3630.565 3627.233 3623.987 3622.242 3623.874 3616.348 3610.348 3606.412 3603.312 3605.985 3608.570 3613.066 3621.966 3629.553 3637.162 3652.002 3664.785 3670.004 3666.903 3661.764 3657.354 3649.308 3637.976 3627.603 3619.401 3612.837 3606.789 3599.518 3605.139 3612.282 3620.763 3628.717 3640.208 3652.116 -9999.000 -9999.000 -9999.000 -9999.000 -9999.000 -9999.000 -9999.000 -9999.000 -9999.000 -9999.000 -9999.000
3605.646 3609.727 3607.046 3602.744 3595.253 3605.897 3607.348 3608.452 3612.033 3614.184 3619.805 3622.508 3628.123 3637.353 3640.402 3641.037 3641.257 3639.420 3636.291 3634.429 3631.719 3626.504 3624.697 3624.313 3622.931 3626.897 3628.333 3631.208 3625.634 3629.893 3635.861 3642.495 3647.528 3653.165 3655.057 3651.197 3651.303 3642.346 3628.094 3617.750 3609.821 3609.696 3606.122 3597.446 3582.832 3590.394 3605.711 3609.700 3611.473 3621.861 3633.667 3643.943 3646.682 3645.646 3644.482 3640.665 3625.976 3610.468 3594.647 3575.524 -9999.000 -9999.000
3617.199 3615.849 3612.803 3608.764 3619.529 3628.228 3630.041 3632.857 3637.223 3638.554 3628.115 3626.420 3633.877 3643.715 3649.026 3649.391 3649.163 3645.491 3644.440 3644.350 3642.668 3642.109 3643.627 3641.005 3643.789 3649.188 3652.445 3647.305 3638.777 3640.907 3649.133 3657.990 3665.191 3674.842 3685.033 3684.827 3679.766 3670.635 3657.591 3634.523 3616.478 3604.788 3595.951 3587.845 3590.192 3584.464 3597.599 3598.536 3600.299 3606.795 3616.462 3626.541 3632.072 3630.551 3628.876 3625.460 3614.946 3599.306 3583.656 3565.329 3538.122 3508.474
3620.454 3619.962 3620.774 3629.733 3641.880 3653.315 3655.708 3657.892 3656.941 3649.923 3639.955 3637.685 3651.082 3668.082 3676.114 3675.713 3671.251 3674.192 3674.581 3675.398 3672.280 3672.974 3670.295 3675.372 3683.048 3691.039 3689.626 3677.071 3664.478 3664.297 3669.688 3676.589 3683.863 3693.517 3702.027 3696.631 3690.976 3683.113 3656.994 3633.948 3619.060 3618.570 3618.506 3613.200 3610.330 3608.668 3603.854 3603.194 3601.457 3600.367 3611.810 3624.328 3627.027 3619.356 3614.314 3611.053 3602.245 3589.716 3572.921 3554.978 3534.373 3505.428
3654.631 3655.434 3661.683 3672.408 3685.307 3707.336 3707.008 3707.678 3706.449 3693.797 3680.869 3671.321 3694.020 3705.372 3712.623 3709.885 3714.780 3723.472 3720.127 3714.113 3702.022 3707.663 3713.778 3728.968 3737.001 3742.358 3737.426 3723.175 3716.146 3717.681 3724.202 3725.331 3733.900 3742.052 3756.396 3754.366 3750.808 3730.361 3692.520 3662.744 3649.859 3660.760 3654.211 3646.816 3645.957 3634.091 3626.154 3627.880 3618.940 3613.443 3625.206 3631.260 3631.629 3622.671 3626.682 3618.912 3596.858 3579.242 3563.736 3548.394 3530.038 3523.133
3667.347 3671.925 3682.748 3700.764 3718.943 3739.113 3737.570 3730.718 3740.807 3734.183 3723.581 3716.439 3738.943 3749.132 3759.460 3765.070 3777.889 3788.396 3771.478 3754.144 3743.440 3750.703 3776.842 3799.711 3804.504 3803.365 3802.450 3786.511 3781.624 3778.232 3778.711 3775.977 3773.856 3799.268 3820.641 3819.875 3797.720 3774.250 3733.480 3694.753 3670.012 3682.991 3678.504 3681.021 3670.155 3657.577 3649.996 3646.906 3639.470 3629.236 3637.608 3641.095 3647.876 3653.737 3657.483 3639.787 3621.047 3600.721 3581.919 3566.717 3558.993 3551.457
3727.548 3741.875 3750.696 3770.069 3787.273 3813.256 3825.226 3836.360 3840.716 3834.127 3825.927 3814.266 3820.322 3844.993 3856.807 3865.136 3873.511 3886.325 3886.428 3879.285 3877.437 3881.984 3896.039 3910.984 3917.751 3920.600 3922.908 3908.799 3895.492 3893.593 3888.103 3886.952 3885.899 3897.578 3918.323 3914.370 3876.253 3848.567 3812.334 3772.821 3742.562 3736.182 3755.094 3752.449 3735.182 3724.175 3697.666 3692.197 3682.134 3658.378 3657.714 3659.621 3667.993 3682.373 3668.886 3651.383 3633.086 3612.412 3594.587 3586.110 3583.127 3578.764
3851.021 3860.205 3863.862 3870.829 3903.868 3938.190 3963.411 3986.548 3994.005 3981.836 3972.300 3958.842 3950.252 3962.023 3979.693 3997.598 4012.596 4024.047 4026.084 4024.545 4024.654 4027.924 4030.974 4035.432 4044.127 4051.794 4060.288 4067.967 4056.964 4039.715 4030.429 4021.479 4020.664 4021.857 4025.669 4026.250 4008.039 3964.264 3931.445 3898.306 3878.421 3864.731 3864.471 3845.155 3819.388 3766.199 3727.801 3695.492 3676.289 3653.683 3661.724 3678.376 3721.611 3725.333 3712.210 3696.210 3671.827 3648.023 3626.934 3622.347 3619.682 3614.222
3984.225 3988.429 3991.150 3994.042 4021.822 4064.452 4104.647 4136.534 4136.324 4122.363 4111.083 4102.199 4087.513 4083.574 4096.775 4112.716 4133.539 4143.950 4149.750 4146.216 4146.453 4148.433 4150.839 4153.033 4156.848 4166.778 4182.192 4196.994 4195.800 4176.032 4157.700 4141.504 4139.174 4136.699 4131.413 4133.496 4134.934 4117.503 4084.726 4043.508 4002.245 3985.373 3969.687 3957.840 3939.590 3896.340 3826.871 3785.307 3745.974 3718.287 3720.522 3790.445 3810.665 3798.865 3787.460 3765.019 3735.578 3711.601 3689.027 3686.331 3681.402 3672.687
4109.556 4117.108 4119.967 4125.605 4142.614 4176.195 4212.889 4243.323 4258.786 4250.630 4232.058 4209.223 4198.826 4195.679 4199.462 4209.325 4222.787 4242.850 4262.772 4268.610 4269.510 4266.786 4269.263 4270.882 4270.986 4274.119 4283.077 4293.280 4296.677 4288.371 4266.437 4242.241 4230.938 4224.384 4220.773 4221.766 4226.969 4230.136 4214.327 4177.051 4130.836 4100.255 4084.844 4071.351 4056.135 4042.390 4006.763 3984.199 3945.860 3895.813 3867.199 3908.335 3899.708 3888.444 3864.492 3831.337 3797.313 3765.867 3740.108 3731.874 3727.613 3725.710
4230.741 4235.910 4243.289 4258.633 4282.850 4302.851 4326.498 4354.020 4370.892 4376.087 4374.069 4369.495 4370.484 4370.731 4301.968 4308.614 4315.258 4333.820 4350.315 4356.300 4356.951 4354.139 4356.070 4356.881 4356.712 4356.305 4358.959 4364.464 4366.540 4363.871 4350.220 4370.751 4350.093 4336.223 4327.724 4319.186 4310.717 4300.984 4290.658 4269.524 4237.408 4202.096 4180.541 4172.269 4165.371 4155.739 4149.053 4130.751 4106.683 4069.730 4028.450 4007.149 4004.782 3987.448 3951.049 3918.583 3894.212 3856.723 3825.714 3808.766 3806.777 3797.907
4352.353 4357.218 4371.595 4388.882 4371.160 4380.202 4389.521 4398.743 4401.790 4402.516 4401.874 4399.213 4398.120 4395.326 4391.781 4380.919 4382.348 4384.200 4386.707 4390.375 4389.224 4390.311 4393.236 4391.402 4385.236 4381.060 4379.478 4380.568 4388.083 4391.662 4392.684 4388.977 4388.046 4387.005 4383.327 4378.713 4372.174 4363.773 4380.354 4367.788 4338.669 4296.829 4254.111 4246.791 4248.874 4248.086 4246.088 4239.819 4221.447 4192.852 4153.862 4113.947 4107.138 4091.809 4071.129 4053.194 4032.407 3990.692 3952.786 3929.295 3917.973 3893.467
4400.642 4403.485 4406.845 4403.710 4400.558 4395.380 4393.475 4391.796 4389.006 4389.282 4387.033 4382.561 4378.055 4369.472 4357.404 4345.918 4341.912 4345.948 4351.489 4356.642 4361.195 4364.918 4364.708 4359.076 4350.513 4342.871 4341.280 4348.305 4354.182 4361.040 4362.091 4360.856 4358.470 4358.360 4355.178 4355.582 4363.024 4378.305 4380.768 4387.384 4386.563 4368.367 4335.322 4349.681 4329.401 4335.556 4330.622 4318.845 4296.876 4271.762 4239.311 4207.393 4188.338 4180.266 4173.449 4165.365 4149.592 4108.355 4072.346 4042.364 4021.449 3994.398
4386.424 4393.250 4393.956 4386.499 4377.429 4369.675 4361.635 4358.744 4357.776 4357.068 4357.121 4351.302 4341.230 4323.424 4311.371 4299.906 4293.619 4289.242 4292.241 4303.565 4316.054 4321.086 4311.307 4302.635 4290.599 4282.537 4283.096 4284.067 4293.849 4311.418 4319.706 4320.825 4314.473 4308.048 4301.684 4298.907 4305.785 4321.703 4339.268 4355.712 4365.464 4373.638 4381.185 4379.007 4382.168 4383.920 4381.627 4385.270 4366.894 4342.107 4312.066 4285.831 4259.236 4255.383 4255.219 4251.103 4248.234 4213.573 4175.582 4140.041 4112.190 4084.161
4357.827 4359.122 4354.348 4347.412 4336.792 4325.063 4314.668 4306.141 4306.528 4308.259 4309.388 4301.313 4285.147 4266.625 4252.565 4238.196 4233.854 4227.448 4218.977 4228.841 4248.879 4256.360 4239.776 4228.690 4213.327 4206.920 4202.902 4203.757 4212.884 4236.173 4261.465 4264.142 4253.484 4242.951 4238.865 4236.242 4241.335 4258.669 4280.462 4297.563 4308.881 4314.855 4323.230 4333.192 4348.322 4363.886 4376.860 4381.299 4391.037 4386.513 4372.427 4365.970 4340.943 4326.263 4318.591 4314.418 4307.314 4282.400 4251.806 4223.105 4195.594 4170.675
4318.914 4314.058 4307.164 4299.331 4276.887 4263.550 4249.625 4233.654 4228.861 4222.989 4223.217 4210.907 4202.546 4185.694 4169.749 4153.591 4139.350 4133.251 4126.116 4123.326 4136.367 4144.620 4135.610 4125.998 4115.721 4111.563 4108.378 4111.211 4122.037 4141.663 4160.478 4169.737 4163.160 4163.199 4164.410 4163.690 4171.074 4182.371 4201.109 4224.790 4245.219 4256.173 4263.858 4273.831 4289.117 4304.067 4319.230 4338.071 4362.237 4379.259 4389.934 4390.357 4389.463 4381.003 4384.816 4373.908 4361.179 4340.348 4314.460 4286.585 4259.702 4241.492
4273.352 4266.471 4259.979 4235.189 4177.727 4155.148 4135.042 4117.671 4109.834 4100.321 4082.093 4072.679 4067.738 4070.543 4056.154 4038.086 4019.679 4014.431 4010.668 3991.787 3985.597 3985.637 4003.734 3997.911 3997.456 4000.165 3998.055 3999.392 4012.451 4020.045 4025.404 4032.988 4039.591 4051.679 4061.087 4073.393 4091.927 4103.640 4119.855 4141.272 4168.478 4185.501 4196.175 4207.613 4223.942 4241.093 4259.887 4283.256 4310.509 4327.994 4340.114 4352.842 4367.291 4383.370 4389.004 4398.581 4396.994 4393.399 4368.786 4338.690 4317.638 4299.611
4202.097 4199.047 4187.379 4129.310 4087.622 4052.413 4034.261 4009.308 3994.393 3976.225 3935.015 3916.245 3915.893 3931.622 3928.470 3912.901 3900.896 3890.895 3880.796 3862.071 3841.559 3847.772 3867.273 3869.179 3873.501 3882.230 3882.224 3875.359 3871.783 3884.014 3889.738 3901.961 3921.567 3927.614 3946.383 3982.578 3996.567 4012.888 4032.336 4053.867 4077.217 4101.493 4116.999 4133.559 4153.205 4171.068 4192.490 4216.089 4246.926 4269.795 4285.381 4297.200 4308.898 4325.285 4347.370 4368.115 4387.814 4398.133 4400.184 4386.610 4369.674 4349.651
4091.355 4084.084 4052.250 3997.736 3961.647 3938.074 3915.210 3891.293 3865.692 3825.691 3789.521 3766.627 3783.368 3794.647 3807.487 3796.021 3785.164 3775.317 3756.290 3738.995 3721.615 3733.004 3741.707 3762.630 3770.291 3774.530 3781.333 3780.237 3768.858 3762.562 3771.171 3781.757 3794.922 3818.877 3856.577 3882.605 3902.293 3924.053 3943.835 3966.319 3990.483 4014.806 4033.280 4052.893 4072.568 4094.677 4114.792 4138.556 4167.904 4195.682 4213.287 4230.124 4244.978 4265.750 4291.101 4315.605 4342.552 4365.769 4380.821 4394.916 4399.249 4393.629
3962.777 3938.161 3887.608 3844.844 3825.205 3812.905 3788.923 3767.453 3737.195 3701.973 3680.394 3659.107 3669.560 3679.972 3701.181 3692.615 3686.250 3683.572 3667.944 3654.635 3637.750 3643.817 3656.447 3681.205 3687.762 3692.326 3702.537 3702.281 3697.738 3679.197 3686.262 3697.906 3713.668 3746.389 3769.760 3793.140 3816.214 3836.719 3859.398 3882.720 3906.901 3934.788 3955.728 3976.063 3998.903 4019.203 4034.252 4051.049 4076.037 4098.481 4121.597 4146.037 4162.496 4188.948 4221.607 4254.584 4291.338 4318.102 4335.105 4348.726 4361.687 4382.810
3803.488 3747.638 3711.405 3692.485 3693.337 3681.476 3661.713 3642.753 3623.346 3601.780 3583.329 3557.738 3563.138 3579.319 3596.724 3599.142 3600.794 3599.560 3590.580 3577.134 3563.478 3567.260 3584.825 3603.206 3614.006 3622.238 3630.376 3630.415 3620.776 3610.900 3616.037 3632.262 3649.083 3666.787 3687.905 3709.360 3730.670 3754.125 3777.672 3801.523 3827.369 3855.295 3877.973 3902.812 3928.342 3945.623 3955.031 3963.035 3983.073 4000.154 4023.490 4048.115 4068.253 4097.280 4134.204 4178.423 4220.992 4264.392 4284.963 4300.319 4312.036 4328.939
3680.673 3646.847 3618.106 3612.699 3597.733 3585.210 3571.410 3551.247 3535.441 3521.437 3500.292 3491.627 3499.128 3512.479 3519.890 3527.380 3525.438 3523.285 3518.076 3504.149 3501.147 3511.504 3526.730 3540.316 3552.346 3559.519 3564.727 3561.938 3552.948 3550.995 3559.698 3575.716 3589.510 3604.334 3625.274 3645.536 3667.558 3690.519 3713.055 3738.091 3763.914 3790.757 3818.989 3842.117 3861.094 3870.368 3880.393 3879.713 3890.790 3907.455 3925.183 3948.959 3975.153 4002.146 4043.577 4087.139 4130.058 4173.169 4212.761 4235.540 4254.985 4276.559
3614.078 3584.220 3555.488 3529.628 3518.330 3513.003 3500.828 3484.576 3474.043 3458.950 3450.453 3457.737 3458.512 3465.768 3463.146 3464.115 3461.809 3461.349 3459.634 3454.495 3467.370 3473.702 3486.859 3496.794 3506.697 3512.558 3516.222 3517.886 3514.460 3521.173 3527.413 3541.283 3552.699 3566.245 3586.297 3603.350 3622.383 3644.808 3668.035 3692.116 3718.153 3746.640 3771.694 3789.636 3796.498 3805.995 3807.303 3795.919 3807.052 3819.960 3830.714 3852.605 3874.735 3896.013 3935.812 3983.878 4035.697 4076.418 4125.718 4157.184 4185.151 4209.436
3528.170 3498.528 3470.619 3450.809 3446.614 3435.353 3425.113 3413.861 3400.495 3394.648 3401.891 3399.413 3396.237 3393.388 3395.991 3399.587 3399.301 3398.450 3401.811 3413.463 3417.936 3423.328 3431.988 3443.347 3455.562 3459.323 3463.889 3469.096 3475.698 3479.031 3482.846 3493.539 3505.824 3518.528 3534.759 3552.945 3572.094 3594.982 3619.177 3645.159 3672.669 3701.409 3724.476 3733.568 3743.850 3745.765 3738.716 3732.929 3736.113 3748.661 3755.587 3772.902 3796.238 3805.946 3844.759 3895.891 3939.123 3978.182 4016.442 4064.570 4095.607 4124.452
3463.136 3433.959 3413.523 3399.400 3388.351 3377.252 3366.313 3353.834 3347.527 3349.042 3346.096 3343.725 3340.937 3343.663 3347.167 3351.632 3351.998 3353.285 3356.402 3360.846 3367.713 3377.334 3388.196 3400.782 3416.933 3422.391 3427.493 3434.065 3437.456 3441.451 3445.899 3457.216 3469.613 3481.997 3499.443 3518.078 3537.598 3560.947 3587.986 3619.432 3647.773 3676.029 3702.339 3713.233 3718.097 3717.607 3711.590 3698.169 3695.940 3705.891 3707.381 3717.402 3736.497 3744.685 3769.323 3809.409 3837.825 3875.069 3918.029 3976.684 4010.167 4045.636
3391.741 3372.648 3357.769 3338.681 3324.377 3313.089 3304.539 3299.999 3299.655 3296.946 3295.352 3293.753 3291.083 3291.867 3295.971 3299.677 3302.301 3305.354 3310.077 3317.129 3326.340 3334.329 3346.245 3361.294 3377.210 3385.108 3391.133 3397.874 3403.137 3408.050 3412.117 3422.244 3434.504 3444.906 3462.526 3482.116 3502.837 3529.432 3560.372 3592.550 3620.603 3647.780 3676.877 3682.344 3685.118 3686.601 3672.736 3659.739 3652.980 3655.796 3658.679 3660.230 3671.693 3683.661 3701.940 3724.264 3752.769 3790.534 3842.252 3891.350 3929.724 3962.368
