examples/3D/Borden05m/output-maps-METEOIO-OFF/psiliqL0017N0004.asc
ncols         160
nrows         34
xllcorner     620200.000000
yllcorner     5168000.000000
cellsize      0.500000
NODATA_value  -9999.0
[rows 0 to 27 of 34, columns 0 to 61 of 160]
-9999.000 -9999.000 -9999.000 -9999.000 -9999.000 -9999.000 -9999.000 -9999.000 -9999.000 -9999.000 -9999.000 -9999.000 -9999.000 -9999.000 -9999.000 -9999.000 -9999.000 -9999.000 -9999.000 -9999.000 -9999.000 -9999.000 -9999.000 -9999.000 -9999.000 -9999.000 -9999.000 -9999.000 -9999.000 -9999.000 -9999.000 -9999.000 -9999.000 -9999.000 -9999.000 -9999.000 -9999.000 -9999.000 -9999.000 -9999.000 -9999.000 -9999.000 -9999.000 -9999.000 -9999.000 -9999.000 -9999.000 -9999.000 -9999.000 -9999.000 -9999.000 -9999.000 -9999.000 -9999.000 -9999.000 -9999.000 -9999.000 -9999.000 -9999.000 -9999.000 -9999.000 -9999.000
-9999.000 -9999.000 -9999.000 -9999.000 -9999.000 -9999.000 -9999.000 -9999.000 -9999.000 -9999.000 -9999.000 -9999.000 -9999.000 -9999.000 -9999.000 -9999.000 -9999.000 -9999.000 -9999.000 -9999.000 -9999.000 -9999.000 -9999.000 -9999.000 -9999.000 -9999.000 -9999.000 -9999.000 -9999.000 -9999.000 -9999.000 -9999.000 -9999.000 -9999.000 -9999.000 -9999.000 -9999.000 -9999.000 -9999.000 -9999.000 -9999.000 -9999.000 -9999.000 -9999.000 -9999.000 -9999.000 -9999.000 -9999.000 -9999.000 -9999.000 -9999.000 -9999.000 -9999.000 -9999.000 -9999.000 -9999.000 -9999.000 -9999.000 -9999.000 1641.972 1636.676 1631.805
-9999.000 -9999.000 -9999.000 -9999.000 -9999.000 -9999.000 -9999.000 -9999.000 -9999.000 -9999.000 -9999.000 -9999.000 -9999.000 -9999.000 -9999.000 -9999.000 -9999.000 -9999.000 -9999.000 -9999.000 -9999.000 -9999.000 -9999.000 -9999.000 -9999.000 -9999.000 -9999.000 -9999.000 -9999.000 -9999.000 -9999.000 -9999.000 -9999.000 -9999.000 -9999.000 -9999.000 -9999.000 -9999.000 -9999.000 -9999.000 -9999.000 -9999.000 -9999.000 -9999.000 -9999.000 -9999.000 -9999.000 1510.302 1493.234 1478.552 1475.829 1498.224 1521.882 1546.073 1567.039 1585.929 1605.106 1625.781 1629.284 1618.011 1613.239 1610.249
-9999.000 -9999.000 -9999.000 -9999.000 -9999.000 -9999.000 -9999.000 -9999.000 -9999.000 -9999.000 -9999.000 -9999.000 -9999.000 -9999.000 -9999.000 -9999.000 -9999.000 -9999.000 -9999.000 -9999.000 -9999.000 -9999.000 -9999.000 -9999.000 -9999.000 -9999.000 -9999.000 -9999.000 -9999.000 -9999.000 -9999.000 -9999.000 -9999.000 -9999.000 -9999.000 -9999.000 -9999.000 -9999.000 -9999.000 -9999.000 1557.242 1563.337 1564.358 1554.393 1543.485 1531.142 1511.256 1493.918 1479.909 1477.915 1480.879 1485.578 1507.932 1533.236 1553.409 1570.456 1590.116 1610.748 1613.870 1603.586 1595.781 1590.512
-9999.000 -9999.000 -9999.000 -9999.000 -9999.000 -9999.000 -9999.000 -9999.000 -9999.000 -9999.000 -9999.000 -9999.000 -9999.000 -9999.000 -9999.000 -9999.000 -9999.000 -9999.000 -9999.000 -9999.000 -9999.000 -9999.000 -9999.000 -9999.000 -9999.000 -9999.000 -9999.000 -9999.000 -9999.000 -9999.000 -9999.000 -9999.000 -9999.000 -9999.000 1463.040 1480.567 1498.959 1517.814 1535.024 1542.257 1548.375 1554.279 1550.329 1546.108 1535.020 1515.668 1496.584 1483.440 1482.041 1479.981 1484.446 1497.293 1514.445 1530.695 1551.942 1576.189 1585.819 1597.685 1600.965 1596.354 1598.317 1600.316
-9999.000 -9999.000 -9999.000 -9999.000 -9999.000 -9999.000 -9999.000 -9999.000 -9999.000 -9999.000 -9999.000 -9999.000 -9999.000 -9999.000 -9999.000 -9999.000 -9999.000 -9999.000 -9999.000 -9999.000 -9999.000 -9999.000 -9999.000 -9999.000 -9999.000 -9999.000 -9999.000 -9999.000 1465.098 1459.503 1454.993 1454.001 1453.198 1452.665 1459.917 1472.095 1490.246 1512.499 1526.015 1533.686 1540.806 1541.810 1536.902 1535.386 1536.161 1524.472 1513.001 1502.290 1491.931 1490.298 1500.061 1514.638 1531.288 1546.509 1562.335 1571.656 1590.367 1611.707 1619.459 1613.983 1609.754 1607.862
-9999.000 -9999.000 -9999.000 -9999.000 -9999.000 -9999.000 -9999.000 -9999.000 -9999.000 -9999.000 -9999.000 -9999.000 -9999.000 -9999.000 -9999.000 -9999.000 -9999.000 -9999.000 -9999.000 -9999.000 -9999.000 -9999.000 -9999.000 1432.919 1438.755 1445.732 1453.778 1455.266 1451.989 1446.963 1444.578 1443.671 1442.363 1447.418 1455.694 1469.572 1485.712 1508.198 1517.174 1523.188 1535.595 1539.046 1545.799 1550.220 1548.845 1545.997 1533.145 1523.532 1528.064 1533.725 1540.895 1549.354 1563.164 1578.434 1595.544 1615.445 1636.626 1657.177 1672.581 1667.200 1659.780 1650.578
-9999.000 -9999.000 -9999.000 -9999.000 -9999.000 -9999.000 -9999.000 -9999.000 -9999.000 -9999.000 -9999.000 -9999.000 -9999.000 -9999.000 -9999.000 -9999.000 -9999.000 -9999.000 -9999.000 1406.146 1407.418 1409.155 1414.425 1415.679 1418.208 1425.650 1434.313 1437.408 1436.137 1435.426 1437.491 1440.764 1445.768 1457.397 1471.639 1486.279 1500.364 1521.692 1536.835 1550.519 1566.735 1566.798 1563.297 1561.892 1562.581 1562.622 1565.460 1567.457 1573.961 1577.832 1583.676 1593.248 1605.175 1623.206 1642.633 1661.865 1678.970 1697.120 1715.287 1709.770 1699.764 1685.993
-9999.000 -9999.000 -9999.000 -9999.000 -9999.000 -9999.000 -9999.000 -9999.000 -9999.000 -9999.000 -9999.000 -9999.000 -9999.000 -9999.000 -9999.000 -9999.000 1376.032 1378.158 1380.854 1386.802 1390.385 1394.885 1402.392 1404.279 1408.509 1416.187 1421.531 1431.054 1439.788 1447.635 1454.162 1457.363 1465.132 1475.197 1487.476 1502.867 1524.463 1548.150 1564.720 1581.945 1599.470 1600.457 1599.560 1600.774 1601.012 1606.283 1623.112 1628.388 1628.095 1642.920 1656.472 1661.147 1668.784 1688.114 1711.416 1732.633 1759.800 1779.552 1801.134 1799.448 1781.365 1771.502
-9999.000 -9999.000 -9999.000 -9999.000 -9999.000 -9999.000 -9999.000 -9999.000 -9999.000 -9999.000 -9999.000 -9999.000 -9999.000 1327.772 1332.132 1342.247 1352.530 1355.631 1360.576 1367.327 1380.044 1384.228 1390.963 1399.010 1411.649 1420.842 1430.490 1442.881 1451.780 1459.531 1466.988 1472.515 1485.882 1501.342 1517.261 1537.696 1560.146 1580.615 1600.941 1617.293 1630.862 1632.030 1631.362 1633.871 1640.940 1657.123 1675.417 1682.417 1698.545 1720.951 1733.638 1744.268 1752.309 1765.741 1786.807 1819.698 1854.527 1881.253 1894.734 1906.409 1898.926 1899.668
-9999.000 -9999.000 -9999.000 -9999.000 -9999.000 -9999.000 -9999.000 -9999.000 -9999.000 -9999.000 1295.210 1297.550 1294.394 1293.961 1299.595 1312.172 1326.541 1333.343 1345.532 1367.091 1385.637 1389.610 1404.440 1415.228 1422.553 1433.472 1447.109 1460.315 1477.376 1490.273 1501.817 1521.175 1538.056 1555.059 1573.225 1594.006 1613.399 1641.128 1667.980 1680.191 1701.469 1710.789 1707.893 1707.702 1716.760 1731.615 1751.287 1772.808 1793.679 1818.101 1833.769 1847.717 1857.968 1869.695 1885.086 1921.341 1962.656 1992.736 2014.539 2029.004 2030.262 2032.685
-9999.000 -9999.000 -9999.000 -9999.000 -9999.000 -9999.000 -9999.000 -9999.000 1270.048 1277.766 1284.028 1281.280 1277.132 1273.141 1287.461 1303.607 1320.048 1338.293 1354.696 1373.431 1388.948 1405.398 1425.846 1437.900 1449.895 1465.735 1479.875 1497.122 1518.874 1531.212 1547.369 1568.945 1587.506 1605.836 1624.964 1643.220 1668.623 1701.617 1733.016 1754.370 1781.858 1803.539 1801.801 1803.372 1807.023 1831.847 1860.156 1890.042 1913.551 1939.651 1968.480 1986.449 1996.611 2008.619 2023.181 2042.618 2072.015 2101.205 2131.495 2149.047 2155.232 2155.001
-9999.000 -9999.000 -9999.000 -9999.000 -9999.000 -9999.000 1242.095 1266.558 1281.903 1274.125 1263.583 1259.915 1255.731 1281.118 1303.533 1321.206 1338.514 1356.604 1373.594 1386.129 1419.488 1438.193 1452.592 1470.203 1485.381 1500.591 1518.437 1542.017 1563.578 1592.224 1616.588 1639.508 1665.683 1685.346 1704.146 1721.687 1752.220 1788.847 1824.841 1852.526 1878.907 1909.462 1914.834 1919.531 1925.220 1946.401 1977.979 2007.678 2040.475 2071.724 2098.359 2109.642 2119.437 2130.133 2143.013 2154.443 2168.910 2195.243 2222.519 2246.237 2262.272 2265.398
-9999.000 -9999.000 -9999.000 -9999.000 1208.464 1229.513 1249.493 1280.289 1303.012 1298.340 1304.846 1304.860 1302.810 1307.247 1314.876 1333.167 1352.299 1371.764 1389.319 1423.054 1468.201 1483.325 1506.661 1538.639 1552.382 1568.035 1584.781 1607.877 1633.388 1665.933 1707.880 1743.557 1768.592 1790.857 1811.668 1832.474 1866.386 1903.434 1939.574 1972.752 2001.571 2026.979 2037.993 2044.961 2056.078 2072.194 2093.350 2120.123 2151.235 2182.686 2206.852 2219.105 2226.092 2236.141 2245.592 2256.669 2268.117 2284.759 2305.728 2335.136 2355.591 2366.520
-9999.000 -9999.000 -9999.000 1157.857 1196.782 1235.193 1262.178 1293.231 1325.715 1329.716 1338.966 1343.170 1347.093 1355.290 1363.033 1380.306 1397.216 1414.304 1436.623 1473.062 1507.221 1534.878 1566.349 1591.248 1610.768 1626.497 1645.467 1668.994 1708.179 1744.058 1793.181 1845.479 1881.003 1904.093 1926.059 1952.968 1977.521 2013.675 2047.837 2080.211 2111.064 2134.779 2152.183 2158.909 2168.173 2175.895 2190.976 2211.859 2233.301 2261.943 2289.917 2314.930 2328.814 2338.747 2354.651 2370.795 2383.475 2397.140 2388.196 2402.221 2409.569 2413.199
-9999.000 -9999.000 1110.243 1148.549 1182.258 1231.986 1285.235 1320.095 1360.996 1384.145 1390.510 1406.508 1421.629 1427.762 1442.050 1458.417 1477.136 1484.590 1502.395 1530.046 1577.248 1620.309 1636.322 1684.517 1717.092 1745.768 1764.348 1791.053 1826.788 1866.410 1913.484 1962.764 1999.880 2029.957 2046.061 2065.246 2086.877 2110.786 2144.693 2172.420 2203.801 2229.304 2250.250 2255.639 2259.971 2275.460 2300.119 2326.406 2351.225 2375.443 2374.990 2388.882 2395.370 2399.236 2404.909 2408.899 2410.969 2410.241 2408.870 2402.988 2397.303 2396.697
-9999.000 -9999.000 1082.744 1128.136 1167.452 1232.425 1313.855 1350.785 1393.465 1439.557 1457.490 1481.464 1489.840 1495.279 1517.406 1538.060 1551.965 1558.968 1557.678 1612.294 1668.999 1713.725 1751.944 1819.977 1866.187 1884.253 1897.612 1918.089 1941.530 1983.187 2028.288 2080.609 2123.136 2153.448 2169.036 2187.311 2206.933 2223.652 2242.438 2282.745 2311.435 2337.970 2365.596 2385.856 2394.027 2397.737 2384.171 2395.700 2403.637 2407.304 2408.832 2405.684 2405.313 2406.271 2407.450 2402.551 2396.023 2389.409 2384.306 2377.754 2372.166 2370.334
-9999.000 992.723 1045.079 1097.895 1166.114 1232.486 1314.322 1393.588 1452.732 1501.227 1529.741 1538.169 1567.100 1605.505 1629.587 1653.752 1657.124 1663.201 1651.614 1700.449 1746.812 1814.877 1920.384 1976.047 2023.616 2024.488 2018.500 2029.547 2051.633 2095.310 2164.050 2212.745 2267.940 2309.501 2325.004 2332.037 2349.705 2369.567 2349.233 2376.024 2388.707 2399.387 2403.807 2406.091 2407.589 2408.023 2405.022 2398.774 2391.145 2385.696 2381.734 2377.297 2379.754 2383.046 2383.703 2376.958 2369.159 2361.393 2353.685 2346.577 2340.225 2335.743
-9999.000 956.614 1015.758 1086.813 1157.405 1221.396 1320.953 1468.912 1524.660 1562.329 1581.743 1594.501 1667.143 1730.618 1761.789 1805.331 1797.711 1786.402 1768.387 1799.120 1845.429 1917.141 2062.488 2145.811 2178.135 2188.759 2194.961 2222.026 2260.270 2298.871 2334.771 2329.206 2361.039 2377.472 2382.656 2385.068 2389.958 2390.777 2389.991 2387.289 2383.620 2384.772 2389.691 2390.155 2387.841 2385.036 2379.636 2372.187 2366.699 2361.955 2359.067 2355.943 2354.124 2353.849 2349.334 2343.791 2334.509 2324.543 2314.831 2304.252 2293.546 2287.033
-9999.000 924.679 996.761 1059.449 1120.917 1230.999 1358.192 1495.619 1589.305 1626.375 1640.277 1701.550 1800.639 1896.358 1946.408 1969.899 1966.904 1940.657 1939.293 1983.043 2047.884 2143.434 2242.797 2322.526 2336.326 2340.731 2315.937 2333.085 2349.312 2353.744 2357.321 2363.999 2371.470 2376.375 2376.940 2375.757 2372.547 2365.946 2362.246 2359.924 2357.293 2357.390 2360.377 2362.052 2359.688 2355.933 2351.382 2345.574 2339.195 2332.320 2328.034 2323.735 2321.371 2316.199 2311.897 2305.825 2290.883 2276.795 2262.588 2249.785 2236.910 2222.596
-9999.000 820.175 910.300 962.569 1069.321 1246.845 1374.445 1522.698 1672.415 1707.616 1775.809 1897.460 2002.923 2075.527 2111.773 2150.167 2177.269 2198.764 2233.622 2176.534 2237.257 2301.950 2330.911 2344.896 2349.427 2351.853 2345.286 2327.848 2319.710 2315.479 2319.659 2329.338 2336.828 2344.022 2343.519 2345.489 2346.859 2344.438 2341.570 2334.136 2327.230 2321.845 2320.099 2325.395 2320.703 2317.745 2311.679 2303.492 2294.670 2286.950 2279.047 2272.214 2269.382 2263.797 2262.125 2253.368 2224.583 2204.544 2187.642 2169.565 2146.415 2125.952
-9999.000 739.282 815.367 898.825 1031.690 1196.293 1319.505 1485.099 1699.442 1818.978 1949.581 2023.667 2093.916 2148.542 2206.029 2251.634 2275.878 2286.241 2272.360 2286.234 2253.573 2247.247 2265.680 2293.459 2308.624 2314.002 2307.450 2299.134 2294.020 2295.042 2295.667 2295.597 2295.168 2294.277 2292.501 2295.729 2301.278 2295.769 2287.621 2279.879 2272.822 2264.792 2259.528 2256.013 2255.323 2255.195 2247.693 2237.303 2226.638 2218.345 2210.688 2205.228 2202.471 2197.342 2188.851 2176.119 2148.330 2121.923 2099.214 2070.807 2029.305 2014.558
-9999.000 636.314 760.069 850.720 967.303 1103.056 1225.485 1387.183 1532.097 1755.784 1908.436 2030.983 2072.489 2131.380 2186.169 2252.321 2254.435 2225.788 2192.430 2178.846 2186.822 2197.415 2210.296 2229.326 2247.590 2258.327 2262.385 2256.778 2244.724 2236.304 2230.182 2221.093 2214.973 2214.759 2217.357 2225.974 2228.433 2219.992 2207.472 2191.574 2177.739 2167.293 2164.881 2166.702 2167.042 2163.399 2156.913 2146.450 2134.017 2122.183 2115.210 2110.005 2102.937 2092.648 2081.368 2068.709 2043.871 2022.654 1998.649 1960.111 1916.834 1880.483
-9999.000 -9999.000 682.645 793.392 898.937 1019.852 1130.433 1269.084 1417.462 1596.106 1712.348 1851.406 1927.006 1970.900 2015.564 2068.946 2088.703 2110.696 2097.662 2104.674 2112.937 2119.621 2128.940 2139.742 2152.986 2163.738 2173.022 2171.969 2164.339 2147.893 2127.838 2112.679 2104.707 2098.279 2108.981 2121.157 2118.161 2112.017 2100.515 2085.313 2072.928 2059.510 2056.040 2056.340 2056.580 2053.874 2049.958 2037.428 2024.867 2013.631 2008.520 2002.514 1997.530 1986.990 1975.698 1963.648 1942.526 1918.811 1892.166 1851.533 1810.830 1769.318
-9999.000 -9999.000 597.479 705.492 817.841 940.437 1037.929 1101.016 1250.187 1363.555 1467.848 1567.705 1651.625 1714.459 1754.445 1814.318 1857.928 1874.311 1899.046 1934.603 1962.689 1993.441 2013.268 2025.712 2039.889 2054.124 2063.342 2051.986 2042.266 2026.995 2006.745 1984.214 1973.005 1971.050 1973.158 1977.895 1972.280 1963.461 1949.722 1935.093 1922.761 1912.375 1908.588 1904.754 1903.202 1900.388 1897.662 1890.153 1879.882 1873.153 1865.005 1859.661 1857.189 1851.475 1843.294 1838.232 1823.566 1798.183 1770.263 1738.909 1702.686 1674.609
-9999.000 -9999.000 -9999.000 644.419 733.019 796.138 891.758 947.767 1000.795 1101.589 1210.776 1328.321 1393.597 1446.760 1500.715 1545.839 1589.116 1624.084 1662.957 1728.024 1770.235 1814.612 1856.544 1878.046 1893.720 1910.718 1913.982 1906.372 1898.520 1884.623 1862.050 1840.459 1831.979 1836.963 1835.279 1833.472 1827.861 1825.124 1816.843 1805.992 1793.952 1788.201 1784.404 1778.933 1774.310 1770.129 1766.448 1762.549 1755.686 1747.462 1743.273 1741.591 1738.185 1734.994 1729.172 1721.446 1712.946 1685.145 1660.109 1637.898 1607.854 1576.217
-9999.000 -9999.000 -9999.000 -9999.000 -9999.000 640.288 744.292 841.884 902.995 954.117 1028.993 1130.983 1175.054 1228.009 1287.523 1335.816 1388.449 1442.281 1507.811 1550.628 1606.982 1643.448 1683.969 1725.818 1741.094 1754.490 1764.223 1756.824 1749.333 1739.058 1716.613 1705.720 1705.603 1706.192 1706.440 1703.215 1698.623 1693.624 1689.715 1677.496 1669.647 1666.465 1662.426 1658.386 1653.452 1649.761 1646.529 1644.695 1636.757 1633.275 1636.463 1633.812 1630.971 1628.763 1621.969 1613.488 1604.461 1580.985 1562.671 1549.644 1517.472 1492.754
-9999.000 -9999.000 -9999.000 -9999.000 -9999.000 -9999.000 601.150 697.157 769.822 843.850 925.250 989.140 1016.851 1055.044 1104.442 1169.843 1244.411 1303.292 1349.104 1392.993 1440.524 1481.580 1518.930 1560.927 1579.794 1590.823 1605.788 1601.762 1594.683 1589.453 1580.237 1584.745 1579.583 1579.531 1578.718 1578.379 1572.692 1567.265 1563.356 1558.580 1556.678 1551.454 1547.414 1543.382 1538.640 1534.266 1531.259 1528.696 1525.891 1529.647 1530.024 1529.075 1526.732 1523.453 1515.700 1505.966 1496.921 1483.898 1471.371 1457.814 1436.776 1419.576
