examples/3D/Borden05m/output-maps-METEOIO-OFF/psiliqL0016N0003.asc
ncols         160
nrows         34
xllcorner     620200.000000
yllcorner     5168000.000000
cellsize      0.500000
NODATA_value  -9999.0
[rows 0 to 27 of 34, columns 63 to 125 of 160]
-9999.000 -9999.000 -9999.000 -9999.000 -9999.000 -9999.000 -9999.000 -9999.000 -9999.000 -9999.000 -9999.000 -9999.000 -9999.000 -9999.000 -9999.000 -9999.000 -9999.000 -9999.000 -9999.000 -9999.000 -9999.000 -9999.000 -9999.000 -9999.000 -9999.000 -9999.000 -9999.000 -9999.000 -9999.000 -9999.000 -9999.000 -9999.000 -9999.000 -9999.000 -9999.000 -9999.000 -9999.000 -9999.000 -9999.000 -9999.000 -9999.000 -9999.000 -9999.000 -9999.000 -9999.000 -9999.000 -9999.000 -9999.000 -9999.000 -9999.000 -9999.000 -9999.000 -9999.000 -9999.000 -9999.000 -9999.000 -9999.000 -9999.000 -9999.000 -9999.000 -9999.000 -9999.000 -9999.000
1416.009 1407.054 1399.087 1395.382 1394.725 1394.228 1394.069 1399.490 1407.749 1415.614 1422.930 1425.557 1428.179 1430.520 1431.125 1430.078 1426.991 1423.813 1420.529 1419.069 1411.247 1400.009 1391.383 1388.684 1393.058 1397.479 1399.923 1405.546 1416.103 1426.747 1435.162 1447.040 1452.922 1457.831 1460.401 1455.974 1452.108 1447.873 1442.184 1430.907 -9999.000 -9999.000 -9999.000 -9999.000 -9999.000 -9999.000 -9999.000 -9999.000 -9999.000 -9999.000 -9999.000 -9999.000 -9999.000 -9999.000 -9999.000 -9999.000 -9999.000 -9999.000 -9999.000 -9999.000 -9999.000 -9999.000 -9999.000
1401.425 1393.094 1388.174 1383.075 1381.353 1381.709 1382.024 1386.299 1396.835 1404.990 1409.922 1412.670 1415.530 1415.137 1414.733 1414.599 1411.860 1408.551 1405.278 1403.568 1404.316 1396.799 1391.255 1387.761 1385.807 1388.352 1390.762 1394.355 1403.674 1411.659 1419.645 1433.986 1446.368 1451.446 1448.601 1443.316 1439.085 1431.781 1421.147 1410.552 1400.967 1393.790 1387.847 1381.498 1387.102 1393.514 1402.813 1411.894 1423.565 1435.534 -9999.000 -9999.000 -9999.000 -9999.000 -9999.000 -9999.000 -9999.000 -9999.000 -9999.000 -9999.000 -9999.000 -9999.000 -9999.000
1391.540 1388.411 1384.075 1378.790 1387.969 1389.505 1390.837 1394.358 1397.400 1401.189 1404.065 1409.618 1418.801 1421.731 1422.422 1422.703 1420.978 1417.952 1416.217 1413.552 1408.428 1407.242 1407.429 1406.958 1411.708 1413.175 1415.120 1408.647 1412.298 1418.387 1425.111 1431.237 1437.573 1440.935 1437.305 1436.325 1427.434 1413.118 1401.757 1393.016 1391.135 1387.471 1379.042 1365.533 1372.334 1387.436 1391.539 1394.218 1405.338 1417.311 1427.545 1429.650 1428.782 1427.799 1424.392 1409.880 1394.559 1379.123 1360.159 -9999.000 -9999.000 -9999.000 -9999.000
1398.091 1395.319 1393.146 1405.507 1414.987 1417.013 1420.118 1424.090 1424.055 1412.629 1410.513 1418.744 1429.102 1434.929 1435.324 1435.343 1433.052 1432.119 1431.871 1429.860 1430.401 1432.688 1432.150 1436.398 1441.985 1444.933 1437.692 1428.667 1429.713 1437.483 1445.692 1452.891 1463.189 1474.064 1472.920 1467.045 1457.566 1443.623 1419.781 1400.087 1388.564 1380.565 1372.674 1372.671 1368.567 1379.742 1380.796 1382.197 1389.663 1399.483 1409.385 1414.824 1413.632 1412.319 1409.147 1398.895 1383.448 1368.033 1350.535 1324.350 1295.242 1268.772 1266.489
1407.142 1409.939 1421.884 1435.508 1449.538 1452.436 1455.122 1454.788 1446.359 1436.369 1433.066 1447.630 1464.082 1472.435 1473.009 1471.648 1477.786 1476.846 1475.706 1471.270 1473.111 1473.805 1482.749 1490.402 1497.654 1495.904 1483.765 1472.039 1470.686 1473.881 1477.798 1484.112 1494.073 1503.320 1497.874 1490.639 1480.600 1452.028 1425.268 1408.323 1407.796 1407.325 1401.767 1398.075 1394.573 1387.488 1386.415 1384.881 1383.718 1395.109 1407.103 1409.886 1402.773 1398.153 1395.027 1385.783 1373.742 1357.454 1339.771 1319.936 1291.098 1284.128 1274.422
1453.518 1461.469 1474.239 1490.966 1514.715 1517.131 1520.003 1522.120 1510.867 1498.657 1488.015 1506.873 1517.423 1525.922 1526.895 1535.815 1545.489 1541.265 1533.764 1523.263 1529.509 1540.220 1555.343 1562.385 1566.519 1564.527 1552.783 1546.682 1545.637 1548.501 1546.648 1551.830 1561.474 1576.106 1574.952 1566.630 1544.065 1506.485 1472.582 1453.160 1459.158 1451.743 1444.216 1440.427 1426.288 1415.386 1415.121 1405.105 1398.521 1409.508 1415.033 1415.738 1407.800 1412.059 1403.649 1383.256 1365.138 1348.926 1333.516 1316.616 1308.925 1298.781 1289.912
1494.610 1505.055 1524.039 1546.097 1569.314 1575.781 1577.091 1586.877 1580.612 1571.226 1563.375 1576.785 1588.507 1600.003 1608.972 1621.697 1632.986 1622.026 1609.106 1602.952 1608.610 1629.523 1647.809 1652.838 1653.623 1655.628 1645.252 1638.881 1632.694 1628.488 1623.180 1619.396 1638.748 1655.870 1654.083 1630.782 1606.530 1569.097 1530.856 1499.849 1501.495 1497.899 1497.016 1482.352 1466.944 1451.744 1442.958 1433.665 1419.796 1425.219 1429.304 1437.604 1445.004 1445.492 1427.595 1408.670 1387.956 1368.214 1352.642 1345.862 1339.005 1327.889 1319.991
1595.887 1603.437 1619.631 1642.355 1672.786 1692.140 1709.521 1713.882 1706.039 1697.440 1684.816 1684.488 1702.920 1714.766 1724.872 1735.039 1747.414 1751.820 1748.408 1747.720 1751.200 1759.611 1769.668 1776.302 1781.089 1785.863 1780.063 1769.216 1763.596 1755.419 1749.724 1747.397 1751.630 1764.352 1761.698 1733.160 1705.952 1673.070 1635.568 1604.434 1589.110 1597.317 1587.622 1569.230 1551.095 1517.651 1503.106 1488.072 1459.683 1455.770 1461.854 1472.704 1482.341 1466.360 1448.230 1428.356 1406.367 1385.932 1377.342 1374.225 1369.604 1361.872 1357.710
1720.879 1725.614 1733.296 1765.671 1800.103 1828.225 1851.942 1860.242 1849.745 1840.225 1828.166 1819.023 1824.614 1839.400 1856.034 1871.307 1882.401 1885.682 1884.478 1884.783 1887.045 1890.039 1893.275 1899.772 1906.906 1916.365 1926.428 1919.459 1902.640 1890.901 1878.143 1873.923 1872.852 1872.091 1871.925 1861.967 1828.179 1798.962 1766.915 1740.134 1720.758 1709.715 1690.178 1666.920 1619.643 1579.944 1545.764 1520.366 1493.439 1493.222 1514.035 1546.868 1542.315 1528.682 1510.248 1483.939 1457.909 1432.767 1425.105 1420.750 1413.834 1405.489 1398.467
1851.488 1856.206 1862.464 1885.910 1923.869 1961.056 1990.810 1993.811 1983.588 1973.148 1963.182 1951.749 1948.217 1956.929 1968.774 1985.515 1996.480 2005.155 2003.873 2004.282 2005.054 2007.144 2008.974 2011.203 2018.608 2030.880 2042.567 2042.975 2028.292 2011.028 1993.924 1987.686 1982.296 1976.442 1976.772 1977.419 1967.858 1941.348 1904.760 1863.028 1838.951 1819.107 1806.238 1789.729 1760.502 1705.956 1673.529 1638.163 1606.014 1591.584 1638.621 1642.612 1630.076 1614.401 1588.915 1559.720 1532.696 1505.938 1497.036 1489.946 1480.043 1471.758 1461.523
1975.642 1981.236 1990.382 2006.909 2032.403 2062.480 2089.568 2106.204 2101.556 2087.847 2069.556 2063.208 2061.405 2063.559 2070.540 2079.401 2095.469 2111.853 2117.231 2118.009 2115.566 2117.679 2118.828 2118.793 2120.116 2125.519 2132.976 2135.496 2129.844 2112.625 2091.707 2077.985 2069.651 2065.128 2063.586 2065.544 2065.782 2053.190 2022.920 1983.782 1951.504 1931.192 1915.796 1901.824 1890.165 1867.511 1848.819 1817.026 1772.987 1739.840 1750.525 1740.304 1727.547 1702.056 1670.505 1640.821 1607.204 1576.495 1559.750 1551.769 1545.047 1536.318 1523.084
2087.805 2097.089 2112.466 2132.348 2147.408 2165.475 2187.780 2201.083 2206.576 2206.347 2204.302 2205.723 2205.641 2170.350 2173.803 2177.248 2186.588 2196.217 2199.481 2199.843 2198.444 2199.677 2200.038 2199.993 2199.489 2199.863 2202.510 2203.394 2201.830 2193.584 2200.071 2182.243 2169.770 2161.910 2153.960 2145.460 2135.961 2126.290 2109.269 2081.718 2048.585 2023.026 2012.304 2005.552 1998.173 1992.392 1976.675 1955.076 1923.707 1885.548 1855.323 1847.191 1829.970 1799.199 1772.757 1752.579 1716.019 1681.703 1658.187 1649.387 1633.093 1614.754 1597.813
2191.792 2204.385 2218.355 2210.632 2215.389 2220.257 2225.054 2226.644 2226.980 2226.537 2223.988 2223.145 2220.854 2216.053 2205.947 2207.064 2208.373 2210.704 2214.167 2212.891 2213.861 2216.744 2215.105 2209.398 2205.566 2203.835 2204.253 2211.233 2214.261 2214.912 2213.156 2212.221 2211.461 2209.423 2207.007 2203.683 2199.408 2205.494 2195.066 2170.941 2136.627 2100.670 2088.462 2085.634 2085.680 2082.926 2076.821 2058.731 2031.935 1996.126 1958.485 1945.032 1930.753 1915.490 1901.317 1883.552 1844.779 1806.590 1778.603 1760.876 1733.736 1711.469 1690.717
2230.171 2231.757 2228.539 2225.094 2220.195 2218.600 2216.990 2214.264 2214.506 2212.156 2207.763 2203.617 2196.284 2184.850 2173.067 2169.832 2173.975 2178.872 2183.243 2186.675 2190.063 2190.862 2185.928 2177.935 2170.716 2168.749 2175.109 2180.543 2185.961 2186.632 2185.268 2183.222 2183.447 2181.057 2181.825 2188.755 2202.560 2207.834 2211.323 2210.860 2201.378 2184.172 2181.324 2161.845 2165.813 2161.169 2149.838 2129.150 2105.714 2076.318 2047.475 2024.859 2016.164 2009.826 2002.140 1989.777 1953.301 1918.291 1886.277 1861.615 1834.047 1808.535 1784.727
2218.444 2219.451 2212.276 2203.702 2196.364 2189.030 2186.332 2184.675 2183.535 2183.122 2177.284 2168.594 2152.436 2140.366 2128.704 2122.262 2119.542 2123.847 2133.736 2143.753 2148.408 2141.146 2133.518 2122.669 2114.642 2114.855 2116.718 2125.670 2140.101 2145.378 2146.216 2141.083 2136.502 2130.961 2129.296 2136.570 2151.976 2167.862 2182.192 2190.794 2198.329 2204.952 2207.322 2208.890 2209.760 2208.565 2208.385 2192.801 2171.576 2146.793 2122.764 2096.846 2090.378 2087.972 2083.020 2079.570 2049.379 2013.658 1979.102 1949.993 1922.111 1896.319 1871.809
2185.753 2181.869 2174.904 2164.435 2153.112 2142.902 2135.731 2135.807 2137.220 2137.586 2130.391 2115.351 2097.604 2083.808 2069.601 2065.251 2059.862 2054.608 2064.790 2082.228 2088.611 2074.660 2064.680 2050.422 2043.351 2040.068 2041.384 2050.573 2070.885 2091.306 2092.992 2083.494 2074.260 2070.172 2068.180 2074.823 2093.005 2113.471 2128.939 2139.143 2145.150 2153.510 2163.226 2176.139 2189.850 2201.352 2209.030 2214.352 2212.070 2204.757 2193.634 2172.509 2158.822 2149.486 2143.856 2135.263 2112.683 2084.317 2056.689 2029.028 2005.066 1984.041 1956.416
2140.693 2134.225 2126.774 2110.407 2097.802 2085.155 2070.691 2066.519 2062.446 2063.292 2051.563 2041.464 2023.187 2007.492 1991.640 1980.183 1974.151 1967.909 1970.297 1984.935 1993.665 1981.560 1971.583 1959.548 1953.973 1950.754 1952.856 1963.177 1984.544 2003.187 2010.813 2003.601 2000.170 1999.206 1998.745 2005.338 2019.375 2039.147 2060.847 2078.086 2088.090 2096.101 2106.410 2121.188 2135.504 2149.848 2167.344 2188.201 2203.266 2212.849 2215.945 2215.519 2211.129 2209.175 2199.217 2187.655 2169.323 2145.120 2117.836 2090.973 2072.455 2053.960 2034.221
2091.902 2085.237 2067.476 2018.708 1999.555 1981.026 1965.089 1958.574 1950.383 1939.599 1930.130 1923.676 1919.004 1903.704 1886.097 1869.331 1863.990 1859.795 1848.296 1850.170 1852.481 1860.077 1853.259 1848.940 1848.101 1845.763 1848.515 1861.974 1872.769 1881.794 1888.519 1889.460 1897.918 1905.264 1911.768 1928.596 1941.947 1959.477 1981.104 2005.727 2020.166 2030.314 2041.696 2057.719 2074.698 2092.629 2115.314 2140.439 2156.692 2168.103 2180.290 2193.328 2207.679 2215.721 2222.140 2221.225 2216.512 2195.018 2168.786 2147.750 2129.396 2113.813 2098.151
2030.238 2020.734 1975.295 1933.287 1900.288 1882.106 1859.295 1846.889 1833.782 1803.583 1788.066 1783.403 1791.000 1782.990 1766.351 1752.790 1744.102 1736.466 1722.049 1710.165 1715.232 1729.310 1726.661 1726.702 1732.080 1730.891 1726.688 1729.875 1743.712 1751.316 1761.937 1775.765 1780.950 1793.001 1822.140 1836.391 1852.335 1872.687 1894.848 1918.082 1939.738 1953.993 1969.491 1988.822 2006.240 2027.428 2051.103 2080.281 2100.815 2115.661 2127.514 2139.398 2155.467 2175.897 2194.046 2211.291 2222.135 2223.144 2215.936 2196.544 2178.619 2163.641 2153.714
1926.666 1904.032 1855.870 1816.886 1788.910 1766.628 1742.652 1722.128 1691.708 1659.201 1638.406 1646.755 1654.955 1658.896 1645.626 1633.415 1623.347 1608.193 1592.385 1579.341 1588.627 1597.198 1608.917 1613.598 1617.494 1621.235 1620.202 1614.050 1616.297 1625.185 1635.784 1647.278 1663.929 1695.804 1721.116 1739.498 1760.982 1781.684 1805.017 1829.593 1852.473 1869.836 1889.183 1909.048 1930.751 1951.852 1976.803 2006.279 2031.695 2048.011 2063.347 2078.067 2098.139 2122.227 2145.296 2170.059 2191.676 2204.803 2217.847 2224.861 2221.751 2209.562 2196.104
1800.149 1760.224 1718.008 1687.617 1667.165 1642.878 1619.894 1592.265 1560.192 1535.281 1515.016 1522.701 1530.519 1544.373 1533.410 1523.577 1518.312 1503.300 1489.586 1474.548 1481.688 1492.311 1511.494 1516.318 1520.106 1527.969 1527.209 1524.336 1513.067 1521.468 1532.425 1546.914 1576.105 1600.858 1625.212 1647.558 1668.625 1691.872 1716.405 1741.368 1768.235 1788.814 1808.935 1831.476 1852.465 1870.645 1891.183 1917.600 1940.819 1961.924 1984.231 2000.880 2026.337 2057.169 2086.992 2120.808 2144.939 2161.590 2175.508 2188.991 2208.088 2218.903 2221.530
1628.372 1594.226 1563.967 1551.670 1535.053 1512.909 1491.927 1471.027 1446.183 1424.629 1400.166 1404.253 1417.553 1432.283 1428.697 1426.467 1423.748 1413.089 1399.480 1385.915 1389.574 1405.362 1422.604 1430.974 1438.083 1445.855 1446.065 1438.649 1430.082 1435.855 1450.793 1467.496 1488.087 1510.759 1533.312 1554.898 1578.705 1603.243 1628.169 1654.976 1683.091 1704.977 1729.882 1755.525 1775.262 1787.612 1800.891 1824.564 1843.368 1866.375 1890.128 1909.272 1938.685 1974.204 2016.075 2056.641 2094.785 2113.196 2128.397 2140.819 2158.339 2179.532 2199.453
1501.670 1471.098 1456.716 1438.654 1421.956 1404.696 1383.655 1364.955 1347.181 1325.195 1309.767 1315.501 1328.476 1338.492 1342.429 1339.617 1336.712 1329.759 1315.979 1307.867 1316.830 1332.141 1346.668 1357.390 1364.300 1370.234 1367.653 1359.428 1354.892 1363.394 1379.362 1394.375 1411.564 1433.525 1455.346 1478.017 1501.774 1525.500 1551.668 1578.657 1606.233 1633.936 1658.569 1680.887 1692.787 1704.995 1711.410 1727.139 1745.878 1766.402 1790.733 1816.385 1845.992 1887.643 1930.339 1971.681 2012.168 2044.987 2066.367 2084.700 2106.566 2129.136 2148.090
1416.176 1385.854 1359.956 1344.056 1335.055 1320.604 1301.861 1288.857 1272.163 1256.879 1258.541 1260.709 1270.685 1270.768 1271.367 1268.472 1267.458 1263.762 1254.580 1263.108 1270.291 1284.540 1295.131 1304.739 1310.951 1315.051 1315.544 1310.111 1314.680 1321.845 1336.565 1348.741 1363.954 1385.193 1403.305 1423.545 1446.706 1470.728 1495.934 1522.843 1551.921 1578.122 1598.795 1609.101 1620.970 1627.034 1621.354 1635.908 1651.520 1666.458 1690.166 1714.197 1741.255 1782.533 1829.891 1879.436 1920.184 1964.689 1992.449 2018.723 2043.313 2069.622 2093.727
1320.321 1290.773 1267.370 1259.203 1247.536 1235.832 1222.725 1208.625 1198.269 1200.428 1197.707 1195.946 1195.756 1198.399 1201.168 1200.302 1199.168 1200.728 1208.650 1212.924 1218.389 1228.205 1239.431 1250.482 1254.506 1258.959 1262.881 1267.585 1270.667 1275.133 1286.617 1299.017 1312.605 1329.880 1348.286 1368.052 1391.395 1415.551 1441.459 1469.532 1498.338 1521.273 1532.442 1544.173 1549.027 1545.364 1542.372 1550.215 1564.436 1576.001 1597.206 1622.077 1640.566 1684.524 1736.246 1782.925 1822.894 1862.065 1903.022 1933.421 1961.462 1995.433 2025.067
1245.764 1221.176 1203.877 1192.694 1181.527 1170.341 1156.812 1147.412 1146.230 1143.328 1140.848 1138.587 1141.508 1144.910 1149.073 1148.838 1149.440 1152.134 1156.377 1162.494 1171.735 1182.581 1194.711 1209.704 1214.613 1219.473 1225.445 1228.505 1232.149 1236.752 1248.403 1260.722 1273.549 1291.194 1309.778 1329.709 1353.113 1379.990 1411.034 1439.309 1467.389 1492.224 1503.391 1509.464 1509.866 1505.670 1494.783 1495.273 1507.752 1512.697 1527.223 1549.788 1563.900 1598.800 1645.036 1678.862 1718.277 1760.625 1814.193 1846.705 1882.073 1916.069 1949.418
1176.765 1159.095 1139.348 1125.651 1114.405 1104.627 1097.321 1095.258 1092.033 1089.961 1088.313 1086.156 1087.786 1091.786 1095.604 1097.684 1100.367 1103.917 1110.255 1119.241 1127.623 1139.519 1154.268 1169.468 1176.288 1182.018 1188.125 1192.667 1197.283 1201.511 1212.038 1224.291 1235.724 1253.653 1273.036 1293.140 1319.824 1350.632 1382.085 1409.633 1436.650 1463.924 1469.423 1472.618 1474.103 1462.006 1449.094 1444.690 1449.243 1452.936 1460.830 1475.338 1490.390 1517.919 1547.775 1581.052 1621.689 1673.854 1724.519 1761.756 1796.507 1830.235 1859.721
