examples/3D/Borden05m/output-maps-METEOIO-OFF/psiliqL0012N0003.asc
ncols         160
nrows         34
xllcorner     620200.000000
yllcorner     5168000.000000
cellsize      0.500000
NODATA_value  -9999.0
[rows 0 to 27 of 34, columns 0 to 63 of 160]
-9999.000 -9999.000 -9999.000 -9999.000 -9999.000 -9999.000 -9999.000 -9999.000 -9999.000 -9999.000 -9999.000 -9999.000 -9999.000 -9999.000 -9999.000 -9999.000 -9999.000 -9999.000 -9999.000 -9999.000 -9999.000 -9999.000 -9999.000 -9999.000 -9999.000 -9999.000 -9999.000 -9999.000 -9999.000 -9999.000 -9999.000 -9999.000 -9999.000 -9999.000 -9999.000 -9999.000 -9999.000 -9999.000 -9999.000 -9999.000 -9999.000 -9999.000 -9999.000 -9999.000 -9999.000 -9999.000 -9999.000 -9999.000 -9999.000 -9999.000 -9999.000 -9999.000 -9999.000 -9999.000 -9999.000 -9999.000 -9999.000 -9999.000 -9999.000 -9999.000 -9999.000 -9999.000 -9999.000 -9999.000
-9999.000 -9999.000 -9999.000 -9999.000 -9999.000 -9999.000 -9999.000 -9999.000 -9999.000 -9999.000 -9999.000 -9999.000 -9999.000 -9999.000 -9999.000 -9999.000 -9999.000 -9999.000 -9999.000 -9999.000 -9999.000 -9999.000 -9999.000 -9999.000 -9999.000 -9999.000 -9999.000 -9999.000 -9999.000 -9999.000 -9999.000 -9999.000 -9999.000 -9999.000 -9999.000 -9999.000 -9999.000 -9999.000 -9999.000 -9999.000 -9999.000 -9999.000 -9999.000 -9999.000 -9999.000 -9999.000 -9999.000 -9999.000 -9999.000 -9999.000 -9999.000 -9999.000 -9999.000 -9999.000 -9999.000 -9999.000 -9999.000 -9999.000 -9999.000 627.235 621.773 616.565 611.700 602.812
-9999.000 -9999.000 -9999.000 -9999.000 -9999.000 -9999.000 -9999.000 -9999.000 -9999.000 -9999.000 -9999.000 -9999.000 -9999.000 -9999.000 -9999.000 -9999.000 -9999.000 -9999.000 -9999.000 -9999.000 -9999.000 -9999.000 -9999.000 -9999.000 -9999.000 -9999.000 -9999.000 -9999.000 -9999.000 -9999.000 -9999.000 -9999.000 -9999.000 -9999.000 -9999.000 -9999.000 -9999.000 -9999.000 -9999.000 -9999.000 -9999.000 -9999.000 -9999.000 -9999.000 -9999.000 -9999.000 -9999.000 497.071 479.771 463.921 461.848 484.521 507.986 531.834 552.486 571.218 590.276 610.345 613.767 602.719 597.903 594.685 592.679 587.830
-9999.000 -9999.000 -9999.000 -9999.000 -9999.000 -9999.000 -9999.000 -9999.000 -9999.000 -9999.000 -9999.000 -9999.000 -9999.000 -9999.000 -9999.000 -9999.000 -9999.000 -9999.000 -9999.000 -9999.000 -9999.000 -9999.000 -9999.000 -9999.000 -9999.000 -9999.000 -9999.000 -9999.000 -9999.000 -9999.000 -9999.000 -9999.000 -9999.000 -9999.000 -9999.000 -9999.000 -9999.000 -9999.000 -9999.000 -9999.000 544.244 550.188 551.554 541.069 529.924 517.900 498.027 480.340 465.402 462.893 465.655 471.014 493.814 518.484 538.224 555.476 574.835 595.087 598.119 587.506 579.309 574.534 574.807 577.400
-9999.000 -9999.000 -9999.000 -9999.000 -9999.000 -9999.000 -9999.000 -9999.000 -9999.000 -9999.000 -9999.000 -9999.000 -9999.000 -9999.000 -9999.000 -9999.000 -9999.000 -9999.000 -9999.000 -9999.000 -9999.000 -9999.000 -9999.000 -9999.000 -9999.000 -9999.000 -9999.000 -9999.000 -9999.000 -9999.000 -9999.000 -9999.000 -9999.000 -9999.000 451.261 468.838 487.061 505.569 522.385 529.236 535.207 541.055 537.066 532.477 521.250 502.384 482.945 469.130 466.987 464.615 469.080 482.154 499.053 515.456 536.552 560.162 569.599 581.674 584.913 580.089 581.464 583.137 584.758 583.345
-9999.000 -9999.000 -9999.000 -9999.000 -9999.000 -9999.000 -9999.000 -9999.000 -9999.000 -9999.000 -9999.000 -9999.000 -9999.000 -9999.000 -9999.000 -9999.000 -9999.000 -9999.000 -9999.000 -9999.000 -9999.000 -9999.000 -9999.000 -9999.000 -9999.000 -9999.000 -9999.000 -9999.000 454.615 448.806 443.867 442.534 441.413 440.480 447.583 459.906 478.186 499.970 513.036 520.384 527.134 528.020 523.175 521.245 521.654 510.005 498.491 487.729 477.372 476.085 485.816 500.027 516.365 531.408 547.050 558.724 575.790 597.381 605.729 600.050 595.024 592.256 593.155 593.625
-9999.000 -9999.000 -9999.000 -9999.000 -9999.000 -9999.000 -9999.000 -9999.000 -9999.000 -9999.000 -9999.000 -9999.000 -9999.000 -9999.000 -9999.000 -9999.000 -9999.000 -9999.000 -9999.000 -9999.000 -9999.000 -9999.000 -9999.000 424.103 430.077 436.740 444.336 445.432 441.517 436.061 433.153 431.815 430.343 435.007 443.407 457.239 473.301 495.286 504.073 510.505 522.960 525.698 531.264 535.434 533.821 531.168 519.006 510.049 515.489 521.649 528.533 536.584 550.115 565.875 583.734 604.531 626.500 646.982 663.451 658.067 650.127 639.951 640.752 644.312
-9999.000 -9999.000 -9999.000 -9999.000 -9999.000 -9999.000 -9999.000 -9999.000 -9999.000 -9999.000 -9999.000 -9999.000 -9999.000 -9999.000 -9999.000 -9999.000 -9999.000 -9999.000 -9999.000 398.432 399.408 400.667 405.488 406.575 408.918 416.083 424.411 426.876 425.410 424.108 425.847 428.761 433.296 444.909 459.003 473.452 487.694 508.841 523.871 537.833 554.109 553.413 549.432 547.658 548.321 548.905 553.931 557.304 563.733 569.188 576.130 585.703 597.391 616.233 636.896 657.676 676.990 696.400 715.522 711.615 701.190 688.413 688.431 696.669
-9999.000 -9999.000 -9999.000 -9999.000 -9999.000 -9999.000 -9999.000 -9999.000 -9999.000 -9999.000 -9999.000 -9999.000 -9999.000 -9999.000 -9999.000 -9999.000 369.415 371.341 373.631 379.175 382.051 386.176 393.253 394.612 398.600 405.915 411.050 419.970 428.176 435.751 441.976 444.953 452.817 462.799 475.044 490.821 512.845 536.188 552.874 570.054 587.410 588.265 587.441 588.842 589.775 597.109 615.343 621.895 624.559 642.513 657.287 663.164 671.401 690.916 715.598 741.045 772.182 794.565 816.466 818.888 803.174 796.302 801.445 814.268
-9999.000 -9999.000 -9999.000 -9999.000 -9999.000 -9999.000 -9999.000 -9999.000 -9999.000 -9999.000 -9999.000 -9999.000 -9999.000 323.533 327.743 337.239 346.193 348.709 352.972 359.031 371.364 375.116 381.525 389.317 401.207 410.003 419.445 431.539 440.290 447.861 455.308 461.719 475.586 491.348 507.670 528.442 550.870 572.254 593.651 609.909 624.480 627.626 626.833 629.401 637.819 656.088 675.916 687.257 707.814 732.159 746.962 760.042 769.740 783.723 805.697 841.597 878.600 907.472 923.174 937.233 933.550 935.551 939.560 946.811
-9999.000 -9999.000 -9999.000 -9999.000 -9999.000 -9999.000 -9999.000 -9999.000 -9999.000 -9999.000 289.425 291.910 288.570 288.850 293.839 305.925 319.506 326.324 337.869 358.761 376.432 380.142 395.014 405.354 412.304 423.203 436.695 449.994 467.480 480.592 493.223 513.864 531.022 548.219 566.707 587.606 608.854 639.058 667.415 682.038 706.182 719.358 717.213 718.018 727.348 745.034 768.536 794.605 818.172 845.252 864.854 880.142 891.692 904.881 921.182 955.455 995.649 1026.399 1050.798 1066.066 1069.464 1071.962 1074.853 1081.000
-9999.000 -9999.000 -9999.000 -9999.000 -9999.000 -9999.000 -9999.000 -9999.000 264.990 272.155 278.436 275.514 271.021 267.499 281.005 296.908 313.003 330.461 346.579 364.802 380.469 397.147 417.060 429.173 441.316 457.018 471.215 489.280 511.302 525.702 544.342 566.950 586.989 606.126 625.921 645.487 674.294 709.790 743.710 769.006 798.410 823.342 824.057 827.632 832.992 859.719 890.335 921.833 948.768 977.053 1006.757 1024.542 1035.416 1048.207 1063.539 1081.157 1107.747 1136.780 1166.732 1185.506 1193.723 1194.700 1197.287 1204.928
-9999.000 -9999.000 -9999.000 -9999.000 -9999.000 -9999.000 238.364 262.595 277.574 269.819 260.780 257.387 253.707 275.430 297.199 314.368 331.298 348.954 365.614 379.655 414.344 431.981 447.115 466.443 481.389 496.407 514.561 538.906 562.342 594.525 623.491 650.232 678.216 699.609 719.999 740.423 773.711 812.866 851.144 881.837 910.206 940.905 949.382 955.539 963.347 983.445 1014.261 1044.303 1077.891 1109.665 1135.493 1147.167 1157.436 1168.712 1182.043 1194.354 1208.189 1233.036 1258.979 1282.969 1299.607 1304.377 1310.830 1316.122
-9999.000 -9999.000 -9999.000 -9999.000 204.801 225.792 246.171 277.022 299.709 294.687 301.788 302.285 300.882 304.321 310.963 329.126 347.517 366.175 384.714 421.278 464.902 481.646 507.828 540.748 555.505 571.594 588.598 612.909 642.260 678.178 725.158 765.402 793.363 818.062 840.573 864.257 898.569 936.637 973.809 1008.371 1038.476 1063.698 1076.833 1084.573 1095.958 1111.365 1131.609 1157.926 1187.773 1218.911 1243.488 1257.305 1265.221 1275.736 1286.513 1298.827 1310.737 1326.121 1345.593 1371.844 1390.298 1401.024 1410.068 1415.324
-9999.000 -9999.000 -9999.000 156.415 195.077 232.577 259.966 291.062 323.127 328.770 337.713 343.616 349.555 358.595 368.098 385.112 400.634 415.477 437.514 474.865 511.269 543.996 577.509 607.160 630.151 647.357 666.604 692.231 733.622 773.753 825.882 880.307 918.302 943.558 965.417 992.135 1016.508 1051.453 1085.638 1118.003 1149.002 1173.361 1192.173 1199.626 1208.302 1216.582 1232.598 1253.287 1274.323 1302.107 1329.510 1352.616 1365.905 1375.537 1391.302 1407.011 1419.092 1431.780 1430.585 1438.928 1443.383 1445.827 1448.706 1451.347
-9999.000 -9999.000 109.502 146.980 181.753 232.826 285.788 320.011 361.160 385.988 393.438 411.754 428.796 437.141 453.808 471.497 487.670 493.447 509.143 542.691 595.359 643.991 671.499 725.922 760.538 787.614 805.026 832.110 867.291 910.340 959.151 1008.235 1046.532 1077.214 1092.825 1110.966 1132.854 1155.216 1187.352 1215.702 1245.710 1271.164 1292.767 1300.242 1304.984 1319.715 1342.200 1366.047 1388.896 1410.936 1418.045 1427.079 1431.601 1434.692 1438.927 1441.999 1443.552 1443.053 1440.945 1434.656 1428.610 1427.767 1431.557 1438.242
-9999.000 -9999.000 83.553 128.133 169.775 238.191 316.386 354.211 397.762 443.637 463.354 488.446 504.437 518.602 542.988 566.680 576.452 582.320 582.779 638.844 698.802 755.901 812.580 877.544 921.385 936.377 947.762 967.944 992.785 1035.577 1083.023 1133.503 1175.713 1205.210 1220.317 1236.891 1255.971 1273.089 1291.027 1327.659 1352.615 1376.955 1402.522 1422.095 1429.881 1432.407 1424.420 1431.526 1436.581 1439.070 1439.940 1436.899 1436.631 1437.885 1439.466 1434.842 1428.378 1421.576 1415.918 1408.388 1401.849 1399.534 1401.534 1404.132
-9999.000 -4.441 47.735 101.615 171.614 240.330 325.459 406.554 461.449 507.759 538.099 555.173 600.408 646.880 674.247 702.808 704.763 708.025 699.712 746.522 799.102 878.542 988.572 1043.669 1083.542 1086.680 1082.860 1096.013 1120.055 1161.103 1223.426 1267.077 1315.538 1351.947 1365.330 1371.013 1387.325 1406.150 1401.348 1419.066 1427.539 1434.888 1436.609 1438.616 1439.784 1439.951 1436.597 1430.158 1422.368 1416.674 1412.288 1407.523 1409.985 1413.554 1414.768 1407.880 1399.750 1391.506 1383.154 1375.157 1368.049 1363.029 1360.261 1357.241
-9999.000 -39.304 20.735 93.036 165.004 237.855 346.245 484.006 536.115 574.180 602.241 636.660 719.500 787.055 823.378 867.011 863.732 853.934 845.269 878.479 928.793 1001.093 1133.261 1214.093 1236.256 1247.815 1255.752 1280.708 1314.205 1346.500 1375.605 1381.919 1402.851 1413.414 1417.019 1418.824 1422.062 1422.987 1421.597 1419.010 1415.498 1416.729 1421.481 1421.924 1419.489 1416.320 1410.210 1402.004 1395.804 1390.506 1386.996 1383.435 1381.735 1382.004 1377.969 1372.181 1362.735 1352.485 1342.420 1331.341 1320.149 1313.384 1313.919 1306.940
-9999.000 -66.508 3.951 68.879 138.557 258.782 384.047 517.923 611.073 651.676 687.911 766.220 865.741 957.614 1007.851 1033.799 1040.213 1025.637 1033.360 1076.078 1136.947 1218.732 1296.421 1365.459 1378.294 1382.452 1368.275 1378.900 1388.969 1392.109 1394.917 1398.921 1405.664 1409.686 1409.593 1407.562 1403.446 1396.203 1391.909 1389.402 1386.702 1386.992 1390.153 1391.413 1388.910 1384.695 1379.421 1372.894 1366.047 1358.780 1354.246 1349.829 1347.469 1342.801 1338.384 1332.306 1318.383 1304.576 1290.341 1277.331 1264.285 1250.794 1251.022 1247.086
-9999.000 -160.320 -73.865 -15.140 109.676 280.614 407.161 560.560 704.061 750.669 834.760 949.285 1048.787 1118.257 1159.716 1202.437 1232.387 1257.087 1289.742 1264.004 1312.289 1357.580 1376.609 1386.686 1387.508 1389.694 1382.838 1364.891 1355.827 1350.682 1354.041 1362.884 1369.850 1376.453 1375.175 1375.944 1375.774 1372.329 1368.927 1361.325 1354.300 1349.192 1347.966 1353.345 1348.383 1344.785 1338.416 1330.055 1321.099 1313.075 1305.172 1298.276 1295.341 1289.781 1288.218 1280.189 1253.012 1233.785 1217.263 1199.848 1178.998 1158.159 1155.172 1147.670
-9999.000 -241.419 -163.282 -66.336 79.016 243.863 382.832 553.978 756.813 871.376 987.070 1053.629 1124.558 1186.682 1249.242 1293.286 1317.923 1327.805 1321.427 1327.895 1297.881 1291.622 1308.537 1334.049 1346.806 1351.253 1343.306 1333.197 1327.041 1327.096 1327.182 1327.317 1327.046 1325.929 1323.356 1325.276 1329.584 1323.758 1315.819 1308.293 1301.530 1293.815 1288.707 1285.674 1284.283 1283.826 1276.286 1265.888 1255.333 1247.106 1239.324 1233.544 1231.042 1226.206 1218.769 1206.952 1179.659 1153.346 1130.926 1104.447 1065.690 1050.313 1040.907 1027.444
-9999.000 -334.655 -216.064 -117.160 12.134 151.780 284.917 453.489 609.852 826.392 988.659 1074.529 1112.206 1165.727 1225.437 1289.105 1296.030 1268.758 1239.059 1224.088 1227.476 1236.370 1249.605 1269.325 1286.320 1295.700 1297.343 1290.008 1277.220 1269.170 1263.999 1255.720 1249.807 1249.398 1249.921 1256.610 1259.065 1250.183 1237.804 1222.635 1209.390 1199.446 1196.670 1197.897 1197.801 1194.409 1187.602 1177.391 1165.174 1153.818 1146.333 1140.901 1134.333 1124.919 1114.344 1102.247 1076.901 1054.487 1030.156 993.623 949.739 915.101 898.179 859.493
-9999.000 -9999.000 -288.817 -176.577 -63.896 62.901 186.048 337.429 492.618 678.980 798.383 916.840 982.892 1027.468 1078.607 1131.263 1148.327 1164.814 1146.337 1148.661 1153.762 1159.015 1168.579 1180.381 1193.488 1203.120 1210.218 1208.466 1199.896 1184.141 1165.676 1151.721 1143.794 1137.708 1146.568 1157.585 1155.117 1148.663 1137.182 1122.058 1109.428 1096.235 1092.622 1093.066 1093.108 1090.231 1085.634 1073.157 1060.536 1048.670 1043.095 1037.052 1031.512 1020.793 1009.300 996.344 973.538 948.655 921.377 879.946 836.657 792.791 752.588 718.334
-9999.000 -9999.000 -372.273 -261.740 -143.216 -17.379 88.090 179.641 337.364 458.277 562.947 658.553 737.207 798.178 842.784 901.598 938.244 953.025 968.389 992.686 1016.015 1040.593 1057.200 1069.807 1083.436 1096.095 1104.817 1094.147 1083.885 1068.237 1048.353 1026.752 1015.584 1011.757 1014.624 1020.301 1015.041 1005.606 991.609 975.994 963.071 951.493 947.341 944.311 943.099 940.221 936.932 928.155 916.721 908.756 900.614 894.424 891.104 883.963 874.358 867.384 849.605 823.031 793.701 759.110 718.964 686.833 653.288 621.172
-9999.000 -9999.000 -9999.000 -329.893 -234.900 -157.058 -59.433 10.591 92.165 203.102 310.639 419.153 485.592 539.717 593.055 641.830 681.233 708.729 736.192 792.903 828.607 869.149 905.582 923.940 939.442 955.383 958.994 950.608 941.651 926.700 904.021 881.642 870.842 873.483 872.221 872.043 866.104 861.767 851.438 839.017 825.880 817.768 813.363 808.065 803.956 799.731 795.740 790.157 782.072 773.141 767.107 764.315 760.447 755.870 748.842 740.374 729.318 700.967 674.058 647.751 615.259 582.056 551.619 520.546
-9999.000 -9999.000 -9999.000 -9999.000 -9999.000 -309.988 -207.595 -112.576 -41.249 23.010 104.836 206.595 255.249 308.166 366.077 413.178 458.855 505.645 562.369 605.557 657.004 693.233 731.772 768.293 783.778 797.687 805.614 797.413 788.747 776.126 752.822 736.505 733.638 733.591 733.476 730.575 725.406 719.868 714.013 700.857 690.662 685.937 681.489 677.135 672.280 668.365 664.739 661.806 653.261 647.750 649.172 646.175 643.037 640.162 632.980 624.413 614.676 589.681 568.583 553.144 520.274 492.856 472.747 442.635
-9999.000 -9999.000 -9999.000 -9999.000 -9999.000 -9999.000 -352.973 -258.990 -184.206 -108.214 -25.054 44.047 75.122 119.223 170.552 231.035 297.011 348.536 393.175 437.101 483.232 522.401 559.776 598.930 616.322 627.933 641.153 635.036 626.830 619.369 604.297 603.962 598.027 597.623 596.739 596.156 590.475 584.659 579.697 571.775 567.864 562.022 557.641 553.394 548.757 544.610 541.577 538.793 534.240 536.363 536.468 534.844 532.253 529.048 521.680 512.114 502.863 487.550 473.506 458.854 435.132 416.334 395.624 371.597
