examples/3D/Borden05m/output-maps-METEOIO-OFF/thetaliqL0004N0001.asc
ncols         160
nrows         34
xllcorner     620200.000000
yllcorner     5168000.000000
cellsize      0.500000
NODATA_value  -9999.0
[rows 0 to 32 of 34, columns 74 to 147 of 160]
-9999.000 -9999.000 -9999.000 -9999.000 -9999.000 -9999.000 -9999.000 -9999.000 -9999.000 -9999.000 -9999.000 -9999.000 -9999.000 -9999.000 -9999.000 -9999.000 -9999.000 -9999.000 -9999.000 -9999.000 -9999.000 -9999.000 -9999.000 -9999.000 -9999.000 -9999.000 -9999.000 -9999.000 -9999.000 -9999.000 -9999.000 -9999.000 -9999.000 -9999.000 -9999.000 -9999.000 -9999.000 -9999.000 -9999.000 -9999.000 -9999.000 -9999.000 -9999.000 -9999.000 -9999.000 -9999.000 -9999.000 -9999.000 -9999.000 -9999.000 -9999.000 -9999.000 -9999.000 -9999.000 -9999.000 -9999.000 -9999.000 -9999.000 -9999.000 -9999.000 -9999.000 -9999.000 -9999.000 -9999.000 -9999.000 -9999.000 -9999.000 -9999.000 -9999.000 -9999.000 -9999.000 -9999.000 -9999.000 -9999.000
0.124 0.124 0.125 0.125 0.125 0.124 0.123 0.122 0.122 0.120 0.118 0.117 0.116 0.117 0.118 0.118 0.119 0.122 0.124 0.126 0.128 0.130 0.131 0.132 0.131 0.130 0.129 0.128 0.126 -9999.000 -9999.000 -9999.000 -9999.000 -9999.000 -9999.000 -9999.000 -9999.000 -9999.000 -9999.000 -9999.000 -9999.000 -9999.000 -9999.000 -9999.000 -9999.000 -9999.000 -9999.000 -9999.000 -9999.000 -9999.000 -9999.000 -9999.000 -9999.000 -9999.000 -9999.000 -9999.000 -9999.000 -9999.000 -9999.000 -9999.000 -9999.000 -9999.000 -9999.000 -9999.000 -9999.000 -9999.000 -9999.000 -9999.000 -9999.000 -9999.000 -9999.000 -9999.000 -9999.000 -9999.000
0.121 0.121 0.121 0.121 0.121 0.120 0.120 0.119 0.119 0.119 0.117 0.117 0.116 0.116 0.116 0.117 0.117 0.119 0.120 0.122 0.125 0.128 0.129 0.129 0.127 0.127 0.125 0.123 0.121 0.119 0.118 0.117 0.116 0.117 0.119 0.120 0.123 0.125 0.128 -9999.000 -9999.000 -9999.000 -9999.000 -9999.000 -9999.000 -9999.000 -9999.000 -9999.000 -9999.000 -9999.000 -9999.000 -9999.000 -9999.000 -9999.000 -9999.000 -9999.000 -9999.000 -9999.000 -9999.000 -9999.000 -9999.000 -9999.000 -9999.000 -9999.000 -9999.000 -9999.000 -9999.000 -9999.000 -9999.000 -9999.000 -9999.000 -9999.000 -9999.000 -9999.000
0.119 0.121 0.122 0.122 0.122 0.121 0.121 0.120 0.120 0.119 0.119 0.119 0.119 0.120 0.120 0.120 0.119 0.120 0.121 0.122 0.124 0.125 0.126 0.126 0.125 0.124 0.121 0.119 0.117 0.117 0.117 0.115 0.114 0.115 0.117 0.118 0.119 0.121 0.124 0.126 0.126 0.126 0.126 0.126 0.123 0.120 0.117 0.114 -9999.000 -9999.000 -9999.000 -9999.000 -9999.000 -9999.000 -9999.000 -9999.000 -9999.000 -9999.000 -9999.000 -9999.000 -9999.000 -9999.000 -9999.000 -9999.000 -9999.000 -9999.000 -9999.000 -9999.000 -9999.000 -9999.000 -9999.000 -9999.000 -9999.000 -9999.000
0.120 0.122 0.124 0.124 0.123 0.123 0.123 0.123 0.122 0.122 0.123 0.123 0.124 0.126 0.126 0.124 0.122 0.122 0.124 0.126 0.127 0.130 0.133 0.133 0.132 0.130 0.126 0.121 0.118 0.116 0.115 0.114 0.114 0.114 0.116 0.116 0.116 0.118 0.120 0.122 0.123 0.123 0.123 0.122 0.120 0.118 0.115 0.113 0.110 0.107 0.104 0.104 0.106 0.109 -9999.000 -9999.000 -9999.000 -9999.000 -9999.000 -9999.000 -9999.000 -9999.000 -9999.000 -9999.000 -9999.000 -9999.000 -9999.000 -9999.000 -9999.000 -9999.000 -9999.000 -9999.000 -9999.000 -9999.000
0.126 0.130 0.132 0.132 0.132 0.135 0.134 0.133 0.132 0.132 0.133 0.137 0.139 0.141 0.140 0.137 0.134 0.133 0.133 0.134 0.136 0.139 0.142 0.141 0.139 0.136 0.128 0.122 0.119 0.119 0.119 0.118 0.118 0.117 0.116 0.116 0.116 0.116 0.118 0.120 0.121 0.120 0.119 0.119 0.118 0.116 0.114 0.111 0.109 0.106 0.105 0.105 0.107 0.109 0.112 0.116 0.121 0.127 -9999.000 -9999.000 -9999.000 -9999.000 -9999.000 -9999.000 -9999.000 -9999.000 -9999.000 -9999.000 -9999.000 -9999.000 -9999.000 -9999.000 -9999.000 -9999.000
0.143 0.146 0.150 0.151 0.156 0.161 0.158 0.154 0.150 0.153 0.159 0.166 0.169 0.170 0.171 0.166 0.164 0.162 0.162 0.160 0.161 0.167 0.176 0.176 0.170 0.160 0.145 0.134 0.128 0.129 0.128 0.127 0.126 0.123 0.120 0.120 0.119 0.118 0.120 0.121 0.121 0.120 0.121 0.120 0.117 0.114 0.112 0.110 0.108 0.108 0.107 0.106 0.107 0.109 0.112 0.116 0.121 0.126 0.133 0.138 0.142 0.146 -9999.000 -9999.000 -9999.000 -9999.000 -9999.000 -9999.000 -9999.000 -9999.000 -9999.000 -9999.000 -9999.000 -9999.000
0.177 0.185 0.192 0.200 0.208 0.217 0.213 0.206 0.205 0.207 0.219 0.230 0.234 0.236 0.241 0.237 0.231 0.223 0.217 0.211 0.207 0.218 0.230 0.229 0.211 0.195 0.176 0.158 0.145 0.143 0.143 0.143 0.138 0.133 0.128 0.126 0.124 0.121 0.122 0.123 0.125 0.128 0.128 0.124 0.120 0.117 0.114 0.112 0.111 0.111 0.110 0.109 0.110 0.111 0.113 0.115 0.120 0.125 0.130 0.135 0.139 0.144 0.146 0.144 0.141 0.138 -9999.000 -9999.000 -9999.000 -9999.000 -9999.000 -9999.000 -9999.000 -9999.000
0.272 0.283 0.295 0.309 0.322 0.335 0.343 0.343 0.343 0.345 0.348 0.353 0.358 0.364 0.367 0.368 0.365 0.358 0.349 0.339 0.335 0.333 0.338 0.337 0.320 0.293 0.264 0.232 0.208 0.194 0.195 0.186 0.177 0.166 0.149 0.142 0.137 0.129 0.128 0.131 0.135 0.137 0.132 0.128 0.124 0.120 0.116 0.115 0.115 0.115 0.114 0.113 0.114 0.116 0.116 0.118 0.122 0.125 0.129 0.134 0.137 0.142 0.140 0.138 0.136 0.134 0.131 0.127 0.123 0.120 -9999.000 -9999.000 -9999.000 -9999.000
0.370 0.370 0.370 0.370 0.370 0.370 0.370 0.370 0.370 0.370 0.370 0.370 0.370 0.370 0.370 0.370 0.370 0.370 0.370 0.370 0.370 0.370 0.370 0.370 0.370 0.370 0.370 0.363 0.329 0.302 0.280 0.263 0.246 0.214 0.188 0.169 0.156 0.145 0.143 0.153 0.165 0.160 0.155 0.148 0.139 0.132 0.126 0.124 0.123 0.122 0.121 0.120 0.119 0.119 0.120 0.122 0.124 0.126 0.131 0.133 0.136 0.137 0.135 0.133 0.131 0.129 0.126 0.123 0.120 0.118 0.117 0.119 0.121 -9999.000
0.370 0.370 0.370 0.370 0.370 0.370 0.370 0.370 0.370 0.370 0.370 0.370 0.370 0.370 0.370 0.370 0.370 0.370 0.370 0.370 0.370 0.370 0.370 0.370 0.370 0.370 0.370 0.370 0.370 0.370 0.370 0.370 0.364 0.352 0.316 0.293 0.262 0.228 0.204 0.226 0.218 0.210 0.199 0.183 0.169 0.156 0.146 0.142 0.140 0.138 0.136 0.133 0.130 0.129 0.128 0.127 0.129 0.130 0.132 0.136 0.138 0.136 0.135 0.132 0.128 0.125 0.122 0.120 0.118 0.117 0.116 0.117 0.119 0.122
0.370 0.370 0.370 0.370 0.370 0.370 0.370 0.370 0.370 0.370 0.370 0.370 0.370 0.370 0.370 0.370 0.370 0.370 0.370 0.370 0.370 0.370 0.370 0.370 0.370 0.370 0.370 0.370 0.370 0.370 0.370 0.370 0.370 0.370 0.370 0.370 0.370 0.370 0.341 0.319 0.306 0.292 0.266 0.242 0.223 0.200 0.180 0.168 0.165 0.161 0.157 0.152 0.147 0.145 0.140 0.137 0.139 0.138 0.139 0.142 0.139 0.137 0.134 0.130 0.126 0.123 0.121 0.120 0.118 0.117 0.115 0.116 0.118 0.121
0.370 0.370 0.370 0.370 0.370 0.370 0.370 0.370 0.370 0.370 0.370 0.370 0.370 0.370 0.370 0.370 0.370 0.370 0.370 0.370 0.370 0.370 0.370 0.370 0.370 0.370 0.370 0.370 0.370 0.370 0.370 0.370 0.370 0.370 0.370 0.370 0.370 0.370 0.370 0.370 0.370 0.370 0.368 0.353 0.339 0.303 0.265 0.239 0.229 0.213 0.200 0.189 0.178 0.168 0.160 0.152 0.151 0.150 0.148 0.145 0.143 0.139 0.134 0.129 0.125 0.123 0.122 0.120 0.119 0.117 0.116 0.116 0.118 0.120
0.370 0.370 0.370 0.370 0.370 0.370 0.370 0.370 0.370 0.370 0.370 0.370 0.370 0.370 0.370 0.370 0.370 0.370 0.370 0.370 0.370 0.370 0.370 0.370 0.370 0.370 0.370 0.370 0.370 0.370 0.370 0.370 0.370 0.370 0.370 0.370 0.370 0.370 0.370 0.370 0.370 0.370 0.370 0.370 0.370 0.370 0.370 0.355 0.328 0.297 0.273 0.255 0.235 0.220 0.205 0.189 0.183 0.180 0.167 0.161 0.157 0.147 0.140 0.135 0.129 0.125 0.123 0.121 0.119 0.118 0.118 0.118 0.118 0.119
0.370 0.370 0.370 0.370 0.370 0.370 0.370 0.370 0.370 0.370 0.370 0.370 0.370 0.370 0.370 0.370 0.370 0.370 0.370 0.370 0.370 0.370 0.370 0.370 0.370 0.370 0.370 0.370 0.370 0.370 0.370 0.370 0.370 0.370 0.370 0.370 0.370 0.370 0.370 0.370 0.370 0.370 0.370 0.370 0.370 0.370 0.370 0.370 0.370 0.370 0.367 0.344 0.317 0.290 0.266 0.244 0.226 0.208 0.192 0.180 0.167 0.156 0.147 0.140 0.135 0.131 0.128 0.126 0.125 0.120 0.120 0.120 0.120 0.120
0.370 0.370 0.370 0.370 0.370 0.370 0.370 0.370 0.370 0.370 0.370 0.370 0.370 0.370 0.370 0.370 0.370 0.370 0.370 0.370 0.370 0.370 0.370 0.370 0.370 0.370 0.370 0.370 0.370 0.370 0.370 0.370 0.370 0.370 0.370 0.370 0.370 0.370 0.370 0.370 0.370 0.370 0.370 0.370 0.370 0.370 0.370 0.370 0.370 0.370 0.370 0.370 0.370 0.370 0.347 0.313 0.279 0.256 0.235 0.216 0.199 0.184 0.169 0.158 0.151 0.145 0.139 0.137 0.132 0.126 0.123 0.123 0.123 0.123
0.370 0.370 0.370 0.370 0.370 0.370 0.370 0.370 0.370 0.370 0.370 0.370 0.370 0.370 0.370 0.370 0.370 0.370 0.370 0.370 0.370 0.370 0.370 0.370 0.370 0.370 0.370 0.370 0.370 0.370 0.370 0.370 0.370 0.370 0.370 0.370 0.370 0.370 0.370 0.370 0.370 0.370 0.370 0.370 0.370 0.370 0.370 0.370 0.370 0.370 0.370 0.370 0.370 0.370 0.370 0.370 0.354 0.320 0.292 0.268 0.247 0.223 0.201 0.183 0.173 0.165 0.157 0.149 0.140 0.133 0.126 0.126 0.126 0.127
0.370 0.370 0.370 0.370 0.370 0.370 0.370 0.370 0.370 0.370 0.370 0.370 0.370 0.370 0.370 0.370 0.370 0.370 0.370 0.370 0.370 0.370 0.370 0.370 0.370 0.370 0.370 0.370 0.370 0.370 0.370 0.370 0.370 0.370 0.370 0.370 0.370 0.370 0.370 0.370 0.370 0.370 0.370 0.370 0.370 0.370 0.370 0.370 0.370 0.370 0.370 0.370 0.370 0.370 0.370 0.370 0.370 0.370 0.366 0.338 0.313 0.284 0.258 0.235 0.220 0.209 0.197 0.182 0.168 0.157 0.144 0.139 0.136 0.134
0.370 0.370 0.370 0.370 0.370 0.370 0.370 0.370 0.370 0.370 0.370 0.370 0.370 0.370 0.370 0.370 0.370 0.370 0.370 0.370 0.370 0.370 0.370 0.370 0.370 0.370 0.370 0.370 0.370 0.370 0.370 0.370 0.370 0.370 0.370 0.370 0.370 0.370 0.370 0.370 0.370 0.370 0.370 0.370 0.370 0.370 0.370 0.370 0.370 0.370 0.370 0.370 0.370 0.370 0.370 0.370 0.370 0.370 0.370 0.370 0.370 0.369 0.345 0.317 0.291 0.273 0.252 0.232 0.212 0.191 0.172 0.160 0.155 0.147
0.370 0.369 0.364 0.349 0.334 0.327 0.321 0.312 0.309 0.314 0.322 0.314 0.309 0.310 0.307 0.306 0.317 0.333 0.342 0.350 0.355 0.358 0.362 0.370 0.370 0.370 0.370 0.370 0.370 0.370 0.370 0.370 0.370 0.370 0.370 0.370 0.370 0.370 0.370 0.370 0.370 0.370 0.370 0.370 0.370 0.370 0.370 0.370 0.370 0.370 0.370 0.370 0.370 0.370 0.370 0.370 0.370 0.370 0.370 0.370 0.370 0.370 0.370 0.370 0.370 0.354 0.327 0.300 0.276 0.246 0.219 0.198 0.175 0.166
0.244 0.249 0.245 0.233 0.223 0.215 0.207 0.198 0.192 0.197 0.203 0.205 0.206 0.208 0.209 0.207 0.206 0.213 0.220 0.227 0.233 0.239 0.260 0.282 0.297 0.317 0.339 0.362 0.370 0.370 0.370 0.370 0.370 0.370 0.370 0.370 0.370 0.370 0.370 0.370 0.370 0.370 0.370 0.370 0.370 0.370 0.370 0.370 0.370 0.370 0.370 0.370 0.370 0.370 0.370 0.370 0.370 0.370 0.370 0.370 0.370 0.370 0.370 0.370 0.370 0.370 0.370 0.370 0.360 0.326 0.293 0.265 0.230 0.199
0.163 0.166 0.170 0.164 0.159 0.156 0.150 0.145 0.141 0.143 0.147 0.152 0.153 0.154 0.157 0.156 0.155 0.153 0.156 0.160 0.165 0.177 0.191 0.206 0.219 0.234 0.251 0.271 0.294 0.318 0.338 0.357 0.370 0.370 0.370 0.370 0.370 0.370 0.370 0.370 0.370 0.370 0.370 0.370 0.370 0.370 0.370 0.370 0.370 0.370 0.370 0.370 0.370 0.370 0.370 0.370 0.370 0.370 0.370 0.370 0.370 0.370 0.370 0.370 0.370 0.370 0.370 0.370 0.370 0.370 0.368 0.335 0.291 0.252
0.125 0.127 0.131 0.129 0.128 0.127 0.124 0.121 0.119 0.120 0.122 0.126 0.127 0.129 0.131 0.131 0.129 0.127 0.128 0.131 0.135 0.142 0.150 0.158 0.167 0.177 0.190 0.204 0.222 0.241 0.256 0.276 0.298 0.320 0.336 0.356 0.370 0.370 0.370 0.370 0.370 0.370 0.370 0.370 0.370 0.370 0.370 0.370 0.370 0.370 0.370 0.370 0.370 0.370 0.370 0.370 0.370 0.370 0.370 0.370 0.370 0.370 0.370 0.370 0.370 0.370 0.370 0.370 0.370 0.370 0.370 0.370 -9999.000 -9999.000
0.109 0.110 0.112 0.112 0.112 0.112 0.111 0.109 0.108 0.109 0.110 0.112 0.114 0.115 0.116 0.115 0.114 0.113 0.114 0.116 0.119 0.122 0.126 0.131 0.137 0.144 0.152 0.162 0.174 0.188 0.202 0.218 0.236 0.245 0.254 0.264 0.282 0.302 0.325 0.350 0.370 0.370 0.370 0.370 0.370 0.370 0.370 0.370 0.370 0.370 0.370 0.370 0.370 0.370 0.370 0.370 0.370 0.370 0.370 0.370 0.370 0.370 0.370 0.370 0.370 0.370 0.370 0.370 0.370 0.370 -9999.000 -9999.000 -9999.000 -9999.000
0.103 0.105 0.105 0.105 0.105 0.104 0.104 0.103 0.104 0.104 0.106 0.107 0.108 0.108 0.109 0.109 0.108 0.108 0.109 0.111 0.112 0.114 0.117 0.120 0.124 0.129 0.135 0.142 0.150 0.161 0.173 0.184 0.190 0.196 0.201 0.198 0.209 0.219 0.231 0.250 0.271 0.303 0.351 0.370 0.370 0.370 0.370 0.370 0.370 0.370 0.370 0.370 0.370 0.370 0.370 0.370 0.370 0.370 0.370 0.370 0.370 0.370 0.370 0.370 0.370 0.370 0.370 0.370 0.370 -9999.000 -9999.000 -9999.000 -9999.000 -9999.000
0.099 0.100 0.100 0.100 0.100 0.100 0.100 0.100 0.101 0.101 0.102 0.102 0.103 0.103 0.104 0.104 0.104 0.104 0.105 0.106 0.107 0.108 0.110 0.112 0.115 0.118 0.123 0.128 0.134 0.142 0.149 0.153 0.157 0.159 0.157 0.156 0.160 0.165 0.171 0.183 0.196 0.211 0.247 0.295 0.348 0.370 0.370 0.370 0.370 0.370 0.370 0.370 0.370 0.370 0.370 0.370 0.370 0.370 0.370 0.370 0.370 0.370 0.370 0.370 0.370 0.370 0.370 -9999.000 -9999.000 -9999.000 -9999.000 -9999.000 -9999.000 -9999.000
0.097 0.097 0.097 0.097 0.097 0.097 0.098 0.098 0.098 0.098 0.099 0.100 0.101 0.101 0.101 0.101 0.102 0.102 0.102 0.103 0.104 0.105 0.106 0.108 0.110 0.113 0.117 0.122 0.128 0.134 0.141 0.143 0.145 0.145 0.143 0.139 0.139 0.143 0.144 0.150 0.158 0.165 0.186 0.217 0.245 0.280 0.321 0.367 0.370 0.370 0.370 0.370 0.370 0.370 0.370 0.370 0.370 0.370 0.370 0.370 0.370 0.370 0.370 0.370 0.370 -9999.000 -9999.000 -9999.000 -9999.000 -9999.000 -9999.000 -9999.000 -9999.000 -9999.000
0.095 0.095 0.095 0.096 0.096 0.096 0.096 0.096 0.096 0.097 0.097 0.098 0.099 0.099 0.099 0.099 0.100 0.100 0.100 0.101 0.101 0.102 0.103 0.105 0.107 0.109 0.113 0.117 0.122 0.128 0.134 0.135 0.135 0.135 0.131 0.128 0.126 0.127 0.128 0.130 0.133 0.137 0.147 0.160 0.176 0.198 0.233 0.274 0.308 0.347 0.370 0.370 0.370 0.370 0.370 0.370 0.370 0.370 0.370 0.370 0.370 0.370 0.370 0.370 -9999.000 -9999.000 -9999.000 -9999.000 -9999.000 -9999.000 -9999.000 -9999.000 -9999.000 -9999.000
0.094 0.094 0.094 0.094 0.095 0.095 0.095 0.095 0.095 0.096 0.096 0.097 0.097 0.098 0.098 0.098 0.099 0.099 0.099 0.099 0.100 0.100 0.101 0.102 0.105 0.107 0.111 0.115 0.120 0.125 0.130 0.130 0.130 0.130 0.126 0.123 0.119 0.120 0.120 0.119 0.121 0.123 0.128 0.135 0.144 0.159 0.183 0.207 0.231 0.259 0.289 0.317 0.345 0.366 0.370 0.370 0.370 0.370 0.370 0.370 0.370 0.370 -9999.000 -9999.000 -9999.000 -9999.000 -9999.000 -9999.000 -9999.000 -9999.000 -9999.000 -9999.000 -9999.000 -9999.000
0.094 0.093 0.094 0.094 0.094 0.094 0.094 0.095 0.095 0.095 0.095 0.096 0.096 0.097 0.097 0.097 0.098 0.098 0.098 0.098 0.099 0.099 0.099 0.101 0.104 0.106 0.110 0.114 0.118 0.122 0.127 0.127 0.128 0.128 0.125 0.121 0.117 0.117 0.114 0.112 0.114 0.115 0.118 0.123 0.129 0.138 0.151 0.163 0.178 0.196 0.216 0.234 0.245 0.255 0.275 0.295 0.333 0.370 0.370 0.370 -9999.000 -9999.000 -9999.000 -9999.000 -9999.000 -9999.000 -9999.000 -9999.000 -9999.000 -9999.000 -9999.000 -9999.000 -9999.000 -9999.000
0.093 0.093 0.093 0.093 0.093 0.094 0.094 0.094 0.094 0.094 0.095 0.095 0.096 0.096 0.097 0.097 0.098 0.098 0.097 0.098 0.098 0.098 0.099 0.100 0.103 0.106 0.109 0.113 0.117 0.121 0.125 0.126 0.127 0.127 0.123 0.119 0.116 0.113 0.111 0.110 0.110 0.111 0.112 0.116 0.120 0.125 0.134 0.145 0.153 0.160 0.167 0.171 0.176 0.181 0.187 0.195 0.222 0.274 0.336 -9999.000 -9999.000 -9999.000 -9999.000 -9999.000 -9999.000 -9999.000 -9999.000 -9999.000 -9999.000 -9999.000 -9999.000 -9999.000 -9999.000 -9999.000
0.093 0.093 0.093 0.093 0.093 0.094 0.094 0.094 0.094 0.094 0.094 0.095 0.095 0.096 0.097 0.097 0.097 0.097 0.097 0.097 0.098 0.098 0.098 0.099 0.102 0.106 0.110 0.114 0.117 0.122 0.126 0.127 0.127 0.127 0.125 0.121 0.116 0.112 0.110 0.109 0.110 0.110 0.111 0.114 0.118 0.122 0.129 0.137 0.142 0.144 0.147 0.151 0.154 0.151 0.147 0.149 0.166 -9999.000 -9999.000 -9999.000 -9999.000 -9999.000 -9999.000 -9999.000 -9999.000 -9999.000 -9999.000 -9999.000 -9999.000 -9999.000 -9999.000 -9999.000 -9999.000 -9999.000
0.093 0.093 0.092 0.093 0.093 0.093 0.094 0.094 0.094 0.094 0.094 0.095 0.095 0.096 0.097 0.097 0.097 0.097 0.097 0.097 0.097 0.098 0.098 0.099 0.102 0.105 0.110 -9999.000 -9999.000 -9999.000 -9999.000 -9999.000 -9999.000 -9999.000 -9999.000 -9999.000 -9999.000 -9999.000 -9999.000 -9999.000 -9999.000 -9999.000 -9999.000 -9999.000 -9999.000 -9999.000 -9999.000 -9999.000 -9999.000 -9999.000 -9999.000 -9999.000 -9999.000 -9999.000 -9999.000 -9999.000 -9999.000 -9999.000 -9999.000 -9999.000 -9999.000 -9999.000 -9999.000 -9999.000 -9999.000 -9999.000 -9999.000 -9999.000 -9999.000 -9999.000 -9999.000 -9999.000 -9999.000 -9999.000
