examples/3D/Borden05m/output-maps-METEOIO-OFF/thetaliqL0001N0003.asc
ncols         160
nrows         34
xllcorner     620200.000000
yllcorner     5168000.000000
cellsize      0.500000
NODATA_value  -9999.0
[rows 0 to 32 of 34, columns 0 to 73 of 160]
-9999.000 -9999.000 -9999.000 -9999.000 -9999.000 -9999.000 -9999.000 -9999.000 -9999.000 -9999.000 -9999.000 -9999.000 -9999.000 -9999.000 -9999.000 -9999.000 -9999.000 -9999.000 -9999.000 -9999.000 -9999.000 -9999.000 -9999.000 -9999.000 -9999.000 -9999.000 -9999.000 -9999.000 -9999.000 -9999.000 -9999.000 -9999.000 -9999.000 -9999.000 -9999.000 -9999.000 -9999.000 -9999.000 -9999.000 -9999.000 -9999.000 -9999.000 -9999.000 -9999.000 -9999.000 -9999.000 -9999.000 -9999.000 -9999.000 -9999.000 -9999.000 -9999.000 -9999.000 -9999.000 -9999.000 -9999.000 -9999.000 -9999.000 -9999.000 -9999.000 -9999.000 -9999.000 -9999.000 -9999.000 -9999.000 -9999.000 -9999.000 -9999.000 -9999.000 -9999.000 -9999.000 -9999.000 -9999.000 -9999.000
-9999.000 -9999.000 -9999.000 -9999.000 -9999.000 -9999.000 -9999.000 -9999.000 -9999.000 -9999.000 -9999.000 -9999.000 -9999.000 -9999.000 -9999.000 -9999.000 -9999.000 -9999.000 -9999.000 -9999.000 -9999.000 -9999.000 -9999.000 -9999.000 -9999.000 -9999.000 -9999.000 -9999.000 -9999.000 -9999.000 -9999.000 -9999.000 -9999.000 -9999.000 -9999.000 -9999.000 -9999.000 -9999.000 -9999.000 -9999.000 -9999.000 -9999.000 -9999.000 -9999.000 -9999.000 -9999.000 -9999.000 -9999.000 -9999.000 -9999.000 -9999.000 -9999.000 -9999.000 -9999.000 -9999.000 -9999.000 -9999.000 -9999.000 -9999.000 0.199 0.198 0.198 0.198 0.197 0.197 0.196 0.196 0.196 0.196 0.196 0.196 0.197 0.197 0.197
-9999.000 -9999.000 -9999.000 -9999.000 -9999.000 -9999.000 -9999.000 -9999.000 -9999.000 -9999.000 -9999.000 -9999.000 -9999.000 -9999.000 -9999.000 -9999.000 -9999.000 -9999.000 -9999.000 -9999.000 -9999.000 -9999.000 -9999.000 -9999.000 -9999.000 -9999.000 -9999.000 -9999.000 -9999.000 -9999.000 -9999.000 -9999.000 -9999.000 -9999.000 -9999.000 -9999.000 -9999.000 -9999.000 -9999.000 -9999.000 -9999.000 -9999.000 -9999.000 -9999.000 -9999.000 -9999.000 -9999.000 0.193 0.193 0.192 0.192 0.193 0.193 0.194 0.195 0.196 0.197 0.198 0.198 0.197 0.197 0.197 0.197 0.196 0.196 0.196 0.195 0.195 0.195 0.195 0.195 0.196 0.196 0.196
-9999.000 -9999.000 -9999.000 -9999.000 -9999.000 -9999.000 -9999.000 -9999.000 -9999.000 -9999.000 -9999.000 -9999.000 -9999.000 -9999.000 -9999.000 -9999.000 -9999.000 -9999.000 -9999.000 -9999.000 -9999.000 -9999.000 -9999.000 -9999.000 -9999.000 -9999.000 -9999.000 -9999.000 -9999.000 -9999.000 -9999.000 -9999.000 -9999.000 -9999.000 -9999.000 -9999.000 -9999.000 -9999.000 -9999.000 -9999.000 0.195 0.195 0.195 0.195 0.194 0.194 0.193 0.193 0.192 0.192 0.192 0.192 0.193 0.194 0.194 0.195 0.196 0.197 0.197 0.196 0.196 0.195 0.195 0.196 0.195 0.195 0.195 0.195 0.195 0.195 0.195 0.196 0.196 0.196
-9999.000 -9999.000 -9999.000 -9999.000 -9999.000 -9999.000 -9999.000 -9999.000 -9999.000 -9999.000 -9999.000 -9999.000 -9999.000 -9999.000 -9999.000 -9999.000 -9999.000 -9999.000 -9999.000 -9999.000 -9999.000 -9999.000 -9999.000 -9999.000 -9999.000 -9999.000 -9999.000 -9999.000 -9999.000 -9999.000 -9999.000 -9999.000 -9999.000 -9999.000 0.192 0.192 0.193 0.193 0.194 0.194 0.194 0.195 0.194 0.194 0.194 0.193 0.192 0.192 0.192 0.192 0.192 0.192 0.193 0.193 0.194 0.195 0.195 0.196 0.196 0.195 0.196 0.196 0.196 0.196 0.195 0.195 0.196 0.197 0.197 0.197 0.197 0.197 0.196 0.196
-9999.000 -9999.000 -9999.000 -9999.000 -9999.000 -9999.000 -9999.000 -9999.000 -9999.000 -9999.000 -9999.000 -9999.000 -9999.000 -9999.000 -9999.000 -9999.000 -9999.000 -9999.000 -9999.000 -9999.000 -9999.000 -9999.000 -9999.000 -9999.000 -9999.000 -9999.000 -9999.000 -9999.000 0.192 0.192 0.192 0.192 0.192 0.192 0.192 0.192 0.193 0.193 0.194 0.194 0.194 0.194 0.194 0.194 0.194 0.193 0.193 0.193 0.192 0.192 0.192 0.193 0.193 0.194 0.194 0.195 0.195 0.196 0.197 0.196 0.196 0.196 0.196 0.196 0.196 0.197 0.197 0.198 0.198 0.199 0.198 0.198 0.197 0.197
-9999.000 -9999.000 -9999.000 -9999.000 -9999.000 -9999.000 -9999.000 -9999.000 -9999.000 -9999.000 -9999.000 -9999.000 -9999.000 -9999.000 -9999.000 -9999.000 -9999.000 -9999.000 -9999.000 -9999.000 -9999.000 -9999.000 -9999.000 0.192 0.192 0.192 0.192 0.192 0.192 0.192 0.191 0.191 0.191 0.191 0.192 0.192 0.192 0.193 0.193 0.193 0.194 0.194 0.194 0.194 0.194 0.194 0.193 0.193 0.193 0.194 0.194 0.194 0.194 0.195 0.196 0.197 0.198 0.199 0.200 0.200 0.199 0.198 0.198 0.198 0.199 0.200 0.201 0.204 0.204 0.204 0.205 0.203 0.202 0.201
-9999.000 -9999.000 -9999.000 -9999.000 -9999.000 -9999.000 -9999.000 -9999.000 -9999.000 -9999.000 -9999.000 -9999.000 -9999.000 -9999.000 -9999.000 -9999.000 -9999.000 -9999.000 -9999.000 0.191 0.191 0.191 0.191 0.191 0.191 0.191 0.191 0.191 0.191 0.191 0.191 0.191 0.191 0.192 0.192 0.192 0.193 0.193 0.194 0.194 0.195 0.195 0.194 0.194 0.194 0.194 0.194 0.195 0.195 0.195 0.195 0.196 0.196 0.197 0.198 0.199 0.201 0.202 0.204 0.203 0.202 0.201 0.201 0.202 0.202 0.204 0.207 0.211 0.214 0.217 0.219 0.217 0.215 0.213
-9999.000 -9999.000 -9999.000 -9999.000 -9999.000 -9999.000 -9999.000 -9999.000 -9999.000 -9999.000 -9999.000 -9999.000 -9999.000 -9999.000 -9999.000 -9999.000 0.191 0.191 0.191 0.191 0.191 0.191 0.191 0.191 0.191 0.191 0.191 0.191 0.191 0.192 0.192 0.192 0.192 0.192 0.192 0.193 0.193 0.194 0.195 0.195 0.196 0.196 0.196 0.196 0.196 0.196 0.197 0.197 0.197 0.199 0.200 0.200 0.200 0.202 0.204 0.207 0.211 0.215 0.220 0.222 0.218 0.218 0.219 0.222 0.223 0.228 0.243 0.271 0.296 0.310 0.312 0.308 0.302 0.291
-9999.000 -9999.000 -9999.000 -9999.000 -9999.000 -9999.000 -9999.000 -9999.000 -9999.000 -9999.000 -9999.000 -9999.000 -9999.000 0.190 0.190 0.190 0.190 0.190 0.190 0.190 0.190 0.190 0.190 0.191 0.191 0.191 0.191 0.191 0.192 0.192 0.192 0.192 0.192 0.193 0.193 0.194 0.194 0.195 0.196 0.197 0.198 0.198 0.197 0.197 0.198 0.199 0.201 0.201 0.204 0.206 0.208 0.210 0.211 0.213 0.217 0.228 0.247 0.272 0.288 0.301 0.302 0.304 0.306 0.309 0.311 0.313 0.325 0.338 0.348 0.355 0.357 0.355 0.352 0.349
-9999.000 -9999.000 -9999.000 -9999.000 -9999.000 -9999.000 -9999.000 -9999.000 -9999.000 -9999.000 0.190 0.190 0.190 0.189 0.189 0.190 0.190 0.190 0.190 0.190 0.191 0.190 0.191 0.191 0.191 0.191 0.191 0.192 0.192 0.192 0.193 0.193 0.194 0.194 0.195 0.196 0.197 0.199 0.201 0.202 0.204 0.206 0.205 0.205 0.205 0.207 0.211 0.217 0.223 0.234 0.247 0.258 0.268 0.280 0.294 0.310 0.324 0.335 0.345 0.349 0.351 0.351 0.352 0.354 0.355 0.357 0.360 0.364 0.367 0.369 0.369 0.369 0.368 0.368
-9999.000 -9999.000 -9999.000 -9999.000 -9999.000 -9999.000 -9999.000 -9999.000 0.189 0.189 0.189 0.189 0.189 0.189 0.189 0.189 0.190 0.190 0.190 0.190 0.190 0.191 0.191 0.191 0.192 0.192 0.192 0.193 0.193 0.194 0.194 0.195 0.196 0.197 0.198 0.199 0.201 0.204 0.207 0.211 0.216 0.223 0.224 0.225 0.227 0.239 0.262 0.291 0.309 0.320 0.331 0.336 0.340 0.344 0.349 0.352 0.357 0.362 0.365 0.367 0.367 0.368 0.368 0.368 0.369 0.369 0.369 0.370 0.370 0.370 0.370 0.370 0.370 0.370
-9999.000 -9999.000 -9999.000 -9999.000 -9999.000 -9999.000 0.189 0.189 0.189 0.189 0.189 0.189 0.189 0.189 0.190 0.190 0.190 0.190 0.190 0.190 0.191 0.191 0.192 0.192 0.192 0.193 0.193 0.194 0.195 0.197 0.198 0.200 0.202 0.204 0.205 0.208 0.212 0.221 0.235 0.256 0.282 0.303 0.310 0.312 0.315 0.321 0.332 0.342 0.352 0.358 0.362 0.363 0.364 0.365 0.367 0.368 0.368 0.369 0.369 0.370 0.370 0.370 0.370 0.370 0.370 0.370 0.370 0.370 0.370 0.370 0.370 0.370 0.370 0.370
-9999.000 -9999.000 -9999.000 -9999.000 0.189 0.189 0.189 0.189 0.190 0.189 0.190 0.190 0.190 0.189 0.189 0.190 0.190 0.190 0.190 0.191 0.192 0.192 0.193 0.195 0.195 0.196 0.196 0.197 0.199 0.202 0.207 0.212 0.218 0.225 0.233 0.246 0.272 0.302 0.317 0.330 0.341 0.348 0.352 0.354 0.356 0.358 0.361 0.364 0.367 0.368 0.369 0.369 0.370 0.370 0.370 0.370 0.370 0.370 0.370 0.370 0.370 0.370 0.370 0.370 0.370 0.370 0.370 0.370 0.370 0.370 0.370 0.370 0.370 0.370
-9999.000 -9999.000 -9999.000 0.188 0.189 0.189 0.189 0.189 0.190 0.190 0.190 0.190 0.190 0.190 0.190 0.191 0.191 0.191 0.191 0.192 0.193 0.195 0.196 0.197 0.199 0.200 0.201 0.203 0.208 0.214 0.230 0.263 0.295 0.309 0.317 0.326 0.334 0.345 0.353 0.359 0.364 0.366 0.368 0.368 0.368 0.369 0.369 0.370 0.370 0.370 0.370 0.370 0.370 0.370 0.370 0.370 0.370 0.370 0.370 0.370 0.370 0.370 0.370 0.370 0.370 0.370 0.370 0.370 0.370 0.370 0.370 0.370 0.370 0.370
-9999.000 -9999.000 0.188 0.188 0.189 0.189 0.190 0.190 0.191 0.191 0.191 0.191 0.192 0.192 0.192 0.193 0.193 0.193 0.193 0.194 0.197 0.200 0.203 0.211 0.218 0.223 0.226 0.236 0.256 0.295 0.317 0.335 0.347 0.355 0.357 0.360 0.363 0.365 0.367 0.369 0.369 0.370 0.370 0.370 0.370 0.370 0.370 0.370 0.370 0.370 0.370 0.370 0.370 0.370 0.370 0.370 0.370 0.370 0.370 0.370 0.370 0.370 0.370 0.370 0.370 0.370 0.370 0.370 0.370 0.370 0.370 0.370 0.370 0.370
-9999.000 -9999.000 0.188 0.188 0.188 0.189 0.190 0.190 0.191 0.192 0.192 0.193 0.194 0.194 0.195 0.197 0.196 0.196 0.196 0.200 0.205 0.215 0.246 0.289 0.310 0.313 0.315 0.321 0.331 0.346 0.358 0.365 0.368 0.369 0.369 0.369 0.370 0.370 0.370 0.370 0.370 0.370 0.370 0.370 0.370 0.370 0.370 0.370 0.370 0.370 0.370 0.370 0.370 0.370 0.370 0.370 0.370 0.370 0.370 0.370 0.370 0.370 0.370 0.370 0.370 0.370 0.370 0.370 0.370 0.370 0.370 0.370 0.370 0.370
-9999.000 0.188 0.188 0.188 0.189 0.189 0.190 0.192 0.193 0.194 0.195 0.195 0.199 0.203 0.206 0.210 0.209 0.208 0.207 0.213 0.230 0.293 0.340 0.355 0.360 0.361 0.360 0.362 0.365 0.368 0.370 0.370 0.370 0.370 0.370 0.370 0.370 0.370 0.370 0.370 0.370 0.370 0.370 0.370 0.370 0.370 0.370 0.370 0.370 0.370 0.370 0.370 0.370 0.370 0.370 0.370 0.370 0.370 0.370 0.370 0.370 0.370 0.370 0.370 0.370 0.370 0.370 0.370 0.370 0.370 0.370 0.370 0.370 0.370
-9999.000 0.187 0.188 0.188 0.188 0.189 0.191 0.194 0.195 0.196 0.198 0.202 0.216 0.238 0.262 0.290 0.289 0.280 0.281 0.304 0.325 0.350 0.367 0.370 0.370 0.370 0.370 0.370 0.370 0.370 0.370 0.370 0.370 0.370 0.370 0.370 0.370 0.370 0.370 0.370 0.370 0.370 0.370 0.370 0.370 0.370 0.370 0.370 0.370 0.370 0.370 0.370 0.370 0.370 0.370 0.370 0.370 0.370 0.370 0.370 0.370 0.370 0.370 0.370 0.370 0.370 0.369 0.368 0.367 0.366 0.366 0.366 0.365 0.364
-9999.000 0.187 0.188 0.188 0.188 0.189 0.191 0.195 0.200 0.202 0.209 0.238 0.298 0.327 0.343 0.350 0.355 0.356 0.360 0.365 0.369 0.370 0.370 0.370 0.370 0.370 0.370 0.370 0.370 0.370 0.370 0.370 0.370 0.370 0.370 0.370 0.370 0.370 0.370 0.370 0.370 0.370 0.370 0.370 0.370 0.370 0.370 0.370 0.370 0.370 0.370 0.370 0.370 0.370 0.370 0.370 0.370 0.370 0.370 0.369 0.369 0.369 0.369 0.369 0.369 0.367 0.363 0.359 0.356 0.352 0.350 0.348 0.341 0.337
-9999.000 0.187 0.188 0.187 0.188 0.190 0.192 0.198 0.211 0.221 0.279 0.322 0.350 0.361 0.366 0.369 0.370 0.370 0.370 0.370 0.370 0.370 0.370 0.370 0.370 0.370 0.370 0.370 0.370 0.370 0.370 0.370 0.370 0.370 0.370 0.370 0.370 0.370 0.370 0.370 0.370 0.370 0.370 0.370 0.370 0.370 0.370 0.370 0.370 0.370 0.370 0.370 0.370 0.370 0.370 0.369 0.369 0.368 0.368 0.367 0.365 0.363 0.363 0.362 0.361 0.353 0.342 0.331 0.323 0.315 0.309 0.297 0.273 0.257
-9999.000 0.187 0.187 0.187 0.188 0.190 0.193 0.201 0.233 0.294 0.331 0.345 0.359 0.367 0.370 0.370 0.370 0.370 0.370 0.370 0.370 0.370 0.370 0.370 0.370 0.370 0.370 0.370 0.370 0.370 0.370 0.370 0.370 0.370 0.370 0.370 0.370 0.370 0.370 0.370 0.370 0.370 0.370 0.370 0.370 0.370 0.369 0.369 0.369 0.369 0.369 0.368 0.368 0.368 0.368 0.367 0.365 0.363 0.360 0.356 0.348 0.344 0.341 0.338 0.328 0.313 0.294 0.267 0.246 0.232 0.223 0.216 0.210 0.207
-9999.000 0.186 0.187 0.187 0.188 0.188 0.190 0.194 0.206 0.285 0.352 0.356 0.360 0.365 0.369 0.370 0.370 0.370 0.370 0.369 0.369 0.369 0.369 0.370 0.370 0.370 0.370 0.370 0.370 0.369 0.369 0.369 0.369 0.369 0.369 0.369 0.369 0.369 0.369 0.368 0.367 0.367 0.367 0.367 0.367 0.367 0.366 0.365 0.364 0.363 0.362 0.361 0.360 0.359 0.357 0.355 0.350 0.344 0.337 0.325 0.309 0.293 0.283 0.258 0.238 0.221 0.214 0.210 0.207 0.205 0.203 0.200 0.199 0.197
-9999.000 -9999.000 0.186 0.187 0.187 0.188 0.188 0.191 0.196 0.219 0.284 0.318 0.334 0.347 0.360 0.366 0.367 0.367 0.365 0.364 0.364 0.364 0.365 0.366 0.367 0.368 0.368 0.368 0.367 0.366 0.365 0.364 0.363 0.362 0.363 0.364 0.364 0.363 0.362 0.360 0.358 0.355 0.355 0.355 0.355 0.355 0.354 0.351 0.347 0.344 0.342 0.340 0.338 0.334 0.330 0.326 0.317 0.307 0.290 0.255 0.230 0.216 0.211 0.206 0.203 0.201 0.200 0.198 0.197 0.196 0.195 0.195 0.194 0.193
-9999.000 -9999.000 0.186 0.187 0.187 0.188 0.188 0.189 0.192 0.196 0.203 0.218 0.239 0.274 0.303 0.322 0.328 0.331 0.331 0.333 0.339 0.345 0.349 0.352 0.354 0.356 0.358 0.356 0.354 0.351 0.346 0.339 0.335 0.333 0.335 0.338 0.336 0.333 0.328 0.322 0.318 0.313 0.312 0.312 0.312 0.311 0.310 0.305 0.297 0.289 0.282 0.276 0.272 0.265 0.256 0.249 0.236 0.226 0.218 0.211 0.206 0.202 0.200 0.198 0.196 0.195 0.195 0.194 0.194 0.193 0.193 0.192 0.192 0.192
-9999.000 -9999.000 -9999.000 0.186 0.186 0.187 0.187 0.187 0.187 0.189 0.191 0.194 0.197 0.200 0.205 0.214 0.221 0.224 0.226 0.242 0.257 0.284 0.303 0.308 0.313 0.318 0.319 0.316 0.313 0.307 0.295 0.275 0.263 0.262 0.262 0.264 0.260 0.255 0.246 0.238 0.231 0.227 0.225 0.224 0.223 0.222 0.221 0.219 0.216 0.214 0.213 0.212 0.212 0.211 0.210 0.209 0.207 0.204 0.202 0.200 0.198 0.196 0.195 0.194 0.193 0.192 0.192 0.192 0.191 0.191 0.191 0.191 0.191 0.191
-9999.000 -9999.000 -9999.000 -9999.000 -9999.000 0.185 0.187 0.187 0.187 0.187 0.187 0.189 0.189 0.190 0.191 0.193 0.194 0.195 0.198 0.200 0.204 0.208 0.214 0.220 0.225 0.230 0.231 0.228 0.224 0.220 0.214 0.210 0.209 0.209 0.209 0.209 0.208 0.207 0.206 0.205 0.204 0.203 0.203 0.202 0.202 0.202 0.201 0.201 0.201 0.200 0.200 0.200 0.200 0.200 0.199 0.199 0.198 0.197 0.196 0.195 0.194 0.193 0.192 0.192 0.191 0.191 0.191 0.190 0.190 0.190 0.190 0.190 0.190 0.190
-9999.000 -9999.000 -9999.000 -9999.000 -9999.000 -9999.000 0.185 0.186 0.187 0.187 0.187 0.188 0.187 0.188 0.188 0.189 0.190 0.190 0.191 0.192 0.194 0.195 0.197 0.199 0.200 0.201 0.202 0.201 0.200 0.200 0.198 0.198 0.197 0.197 0.197 0.197 0.197 0.197 0.197 0.196 0.196 0.195 0.195 0.195 0.195 0.195 0.195 0.195 0.194 0.194 0.194 0.194 0.194 0.194 0.194 0.194 0.193 0.193 0.193 0.192 0.191 0.191 0.191 0.190 0.190 0.190 0.190 0.190 0.189 0.189 0.189 0.189 0.189 0.189
-9999.000 -9999.000 -9999.000 -9999.000 -9999.000 -9999.000 -9999.000 -9999.000 0.185 0.186 0.187 0.187 0.187 0.187 0.187 0.187 0.188 0.188 0.189 0.189 0.190 0.191 0.191 0.192 0.193 0.193 0.194 0.193 0.193 0.193 0.193 0.193 0.193 0.193 0.193 0.193 0.192 0.192 0.192 0.192 0.192 0.192 0.192 0.192 0.192 0.192 0.192 0.191 0.192 0.192 0.192 0.192 0.192 0.192 0.191 0.191 0.191 0.191 0.191 0.190 0.190 0.190 0.190 0.190 0.189 0.189 0.189 0.189 0.189 0.189 0.189 0.189 0.189 0.189
-9999.000 -9999.000 -9999.000 -9999.000 -9999.000 -9999.000 -9999.000 -9999.000 -9999.000 -9999.000 0.186 0.186 0.187 0.187 0.187 0.187 0.187 0.187 0.188 0.188 0.189 0.189 0.189 0.190 0.190 0.190 0.191 0.191 0.190 0.191 0.191 0.191 0.191 0.191 0.191 0.190 0.190 0.190 0.190 0.191 0.190 0.190 0.190 0.190 0.190 0.190 0.190 0.190 0.190 0.190 0.190 0.190 0.190 0.190 0.190 0.190 0.190 0.190 0.189 0.190 0.190 0.189 0.189 0.189 0.189 0.189 0.189 0.189 0.189 0.189 0.189 0.189 0.189 0.189
-9999.000 -9999.000 -9999.000 -9999.000 -9999.000 -9999.000 -9999.000 -9999.000 -9999.000 -9999.000 -9999.000 -9999.000 0.186 0.186 0.187 0.187 0.187 0.187 0.187 0.187 0.188 0.188 0.188 0.188 0.189 0.189 0.189 0.189 0.189 0.189 0.189 0.189 0.189 0.189 0.189 0.189 0.189 0.189 0.189 0.189 0.189 0.189 0.189 0.189 0.189 0.189 0.189 0.189 0.189 0.189 0.189 0.189 0.189 0.189 0.189 0.189 0.189 0.189 0.189 0.189 0.189 0.189 0.189 0.189 0.189 0.189 0.188 0.189 0.188 0.188 0.188 0.189 0.189 0.188
-9999.000 -9999.000 -9999.000 -9999.000 -9999.000 -9999.000 -9999.000 -9999.000 -9999.000 -9999.000 -9999.000 -9999.000 -9999.000 -9999.000 0.186 0.186 0.186 0.187 0.187 0.187 0.187 0.188 0.188 0.188 0.188 0.188 0.188 0.189 0.189 0.189 0.189 0.189 0.189 0.189 0.189 0.189 0.188 0.189 0.189 0.189 0.189 0.189 0.189 0.189 0.189 0.189 0.188 0.189 0.189 0.189 0.189 0.189 0.189 0.189 0.189 0.189 0.189 0.189 0.189 0.189 0.189 0.189 0.189 0.189 0.189 0.188 0.189 0.189 0.189 0.189 0.189 0.189 0.189 0.189
-9999.000 -9999.000 -9999.000 -9999.000 -9999.000 -9999.000 -9999.000 -9999.000 -9999.000 -9999.000 -9999.000 -9999.000 -9999.000 -9999.000 -9999.000 -9999.000 -9999.000 0.185 0.186 0.187 0.187 0.187 0.187 0.187 0.187 0.187 0.188 0.188 0.188 0.188 0.188 0.188 0.188 0.188 0.188 0.188 0.188 0.188 0.188 0.188 0.188 0.188 0.188 0.188 0.188 0.188 0.188 0.188 0.188 0.188 0.188 0.188 0.188 0.188 0.188 0.188 0.188 0.188 0.188 0.188 0.188 0.189 0.188 0.188 0.188 0.188 0.188 0.188 0.188 0.188 0.189 0.189 0.189 0.189
