examples/3D/Borden05m/output-maps-METEOIO-OFF/thetaliqL0008N0003.asc
ncols         160
nrows         34
xllcorner     620200.000000
yllcorner     5168000.000000
cellsize      0.500000
NODATA_value  -9999.0
[rows 0 to 32 of 34, columns 0 to 73 of 160]
-9999.000 -9999.000 -9999.000 -9999.000 -9999.000 -9999.000 -9999.000 -9999.000 -9999.000 -9999.000 -9999.000 -9999.000 -9999.000 -9999.000 -9999.000 -9999.000 -9999.000 -9999.000 -9999.000 -9999.000 -9999.000 -9999.000 -9999.000 -9999.000 -9999.000 -9999.000 -9999.000 -9999.000 -9999.000 -9999.000 -9999.000 -9999.000 -9999.000 -9999.000 -9999.000 -9999.000 -9999.000 -9999.000 -9999.000 -9999.000 -9999.000 -9999.000 -9999.000 -9999.000 -9999.000 -9999.000 -9999.000 -9999.000 -9999.000 -9999.000 -9999.000 -9999.000 -9999.000 -9999.000 -9999.000 -9999.000 -9999.000 -9999.000 -9999.000 -9999.000 -9999.000 -9999.000 -9999.000 -9999.000 -9999.000 -9999.000 -9999.000 -9999.000 -9999.000 -9999.000 -9999.000 -9999.000 -9999.000 -9999.000
-9999.000 -9999.000 -9999.000 -9999.000 -9999.000 -9999.000 -9999.000 -9999.000 -9999.000 -9999.000 -9999.000 -9999.000 -9999.000 -9999.000 -9999.000 -9999.000 -9999.000 -9999.000 -9999.000 -9999.000 -9999.000 -9999.000 -9999.000 -9999.000 -9999.000 -9999.000 -9999.000 -9999.000 -9999.000 -9999.000 -9999.000 -9999.000 -9999.000 -9999.000 -9999.000 -9999.000 -9999.000 -9999.000 -9999.000 -9999.000 -9999.000 -9999.000 -9999.000 -9999.000 -9999.000 -9999.000 -9999.000 -9999.000 -9999.000 -9999.000 -9999.000 -9999.000 -9999.000 -9999.000 -9999.000 -9999.000 -9999.000 -9999.000 -9999.000 0.369 0.369 0.369 0.369 0.369 0.369 0.368 0.368 0.368 0.368 0.368 0.368 0.368 0.369 0.369
-9999.000 -9999.000 -9999.000 -9999.000 -9999.000 -9999.000 -9999.000 -9999.000 -9999.000 -9999.000 -9999.000 -9999.000 -9999.000 -9999.000 -9999.000 -9999.000 -9999.000 -9999.000 -9999.000 -9999.000 -9999.000 -9999.000 -9999.000 -9999.000 -9999.000 -9999.000 -9999.000 -9999.000 -9999.000 -9999.000 -9999.000 -9999.000 -9999.000 -9999.000 -9999.000 -9999.000 -9999.000 -9999.000 -9999.000 -9999.000 -9999.000 -9999.000 -9999.000 -9999.000 -9999.000 -9999.000 -9999.000 0.359 0.354 0.349 0.349 0.356 0.361 0.364 0.366 0.368 0.368 0.369 0.369 0.369 0.369 0.369 0.369 0.368 0.368 0.368 0.367 0.367 0.367 0.367 0.367 0.368 0.368 0.369
-9999.000 -9999.000 -9999.000 -9999.000 -9999.000 -9999.000 -9999.000 -9999.000 -9999.000 -9999.000 -9999.000 -9999.000 -9999.000 -9999.000 -9999.000 -9999.000 -9999.000 -9999.000 -9999.000 -9999.000 -9999.000 -9999.000 -9999.000 -9999.000 -9999.000 -9999.000 -9999.000 -9999.000 -9999.000 -9999.000 -9999.000 -9999.000 -9999.000 -9999.000 -9999.000 -9999.000 -9999.000 -9999.000 -9999.000 -9999.000 0.366 0.366 0.366 0.365 0.364 0.362 0.359 0.355 0.350 0.349 0.350 0.352 0.358 0.362 0.365 0.366 0.368 0.369 0.369 0.368 0.368 0.368 0.368 0.368 0.367 0.367 0.367 0.367 0.367 0.368 0.368 0.368 0.368 0.368
-9999.000 -9999.000 -9999.000 -9999.000 -9999.000 -9999.000 -9999.000 -9999.000 -9999.000 -9999.000 -9999.000 -9999.000 -9999.000 -9999.000 -9999.000 -9999.000 -9999.000 -9999.000 -9999.000 -9999.000 -9999.000 -9999.000 -9999.000 -9999.000 -9999.000 -9999.000 -9999.000 -9999.000 -9999.000 -9999.000 -9999.000 -9999.000 -9999.000 -9999.000 0.346 0.352 0.357 0.360 0.363 0.364 0.365 0.365 0.365 0.364 0.363 0.360 0.355 0.351 0.350 0.349 0.351 0.354 0.358 0.361 0.364 0.367 0.367 0.368 0.368 0.368 0.368 0.368 0.368 0.368 0.368 0.368 0.368 0.369 0.369 0.369 0.369 0.369 0.368 0.368
-9999.000 -9999.000 -9999.000 -9999.000 -9999.000 -9999.000 -9999.000 -9999.000 -9999.000 -9999.000 -9999.000 -9999.000 -9999.000 -9999.000 -9999.000 -9999.000 -9999.000 -9999.000 -9999.000 -9999.000 -9999.000 -9999.000 -9999.000 -9999.000 -9999.000 -9999.000 -9999.000 -9999.000 0.348 0.346 0.344 0.343 0.342 0.342 0.345 0.349 0.354 0.359 0.362 0.363 0.364 0.364 0.363 0.363 0.363 0.361 0.358 0.356 0.353 0.353 0.355 0.358 0.361 0.363 0.365 0.366 0.368 0.369 0.369 0.369 0.368 0.368 0.368 0.368 0.368 0.369 0.369 0.370 0.370 0.370 0.370 0.370 0.369 0.369
-9999.000 -9999.000 -9999.000 -9999.000 -9999.000 -9999.000 -9999.000 -9999.000 -9999.000 -9999.000 -9999.000 -9999.000 -9999.000 -9999.000 -9999.000 -9999.000 -9999.000 -9999.000 -9999.000 -9999.000 -9999.000 -9999.000 -9999.000 0.336 0.339 0.342 0.344 0.345 0.343 0.341 0.339 0.338 0.337 0.339 0.343 0.348 0.353 0.358 0.360 0.361 0.363 0.363 0.364 0.364 0.364 0.364 0.362 0.360 0.361 0.362 0.363 0.364 0.366 0.367 0.368 0.369 0.369 0.370 0.370 0.370 0.370 0.370 0.370 0.370 0.370 0.370 0.370 0.370 0.370 0.370 0.370 0.370 0.370 0.370
-9999.000 -9999.000 -9999.000 -9999.000 -9999.000 -9999.000 -9999.000 -9999.000 -9999.000 -9999.000 -9999.000 -9999.000 -9999.000 -9999.000 -9999.000 -9999.000 -9999.000 -9999.000 -9999.000 0.323 0.324 0.324 0.327 0.327 0.328 0.332 0.336 0.337 0.336 0.335 0.335 0.336 0.338 0.343 0.348 0.353 0.356 0.361 0.363 0.365 0.366 0.366 0.366 0.365 0.365 0.365 0.366 0.366 0.367 0.367 0.368 0.368 0.369 0.369 0.370 0.370 0.370 0.370 0.370 0.370 0.370 0.370 0.370 0.370 0.370 0.370 0.370 0.370 0.370 0.370 0.370 0.370 0.370 0.370
-9999.000 -9999.000 -9999.000 -9999.000 -9999.000 -9999.000 -9999.000 -9999.000 -9999.000 -9999.000 -9999.000 -9999.000 -9999.000 -9999.000 -9999.000 -9999.000 0.306 0.307 0.308 0.312 0.313 0.315 0.319 0.320 0.322 0.326 0.328 0.333 0.336 0.340 0.342 0.343 0.346 0.349 0.353 0.357 0.361 0.364 0.366 0.367 0.368 0.368 0.368 0.368 0.368 0.369 0.369 0.369 0.369 0.370 0.370 0.370 0.370 0.370 0.370 0.370 0.370 0.370 0.370 0.370 0.370 0.370 0.370 0.370 0.370 0.370 0.370 0.370 0.370 0.370 0.370 0.370 0.370 0.370
-9999.000 -9999.000 -9999.000 -9999.000 -9999.000 -9999.000 -9999.000 -9999.000 -9999.000 -9999.000 -9999.000 -9999.000 -9999.000 0.273 0.276 0.283 0.289 0.291 0.293 0.297 0.306 0.308 0.312 0.316 0.323 0.327 0.332 0.338 0.341 0.344 0.347 0.349 0.353 0.357 0.360 0.363 0.366 0.367 0.369 0.369 0.369 0.369 0.369 0.369 0.370 0.370 0.370 0.370 0.370 0.370 0.370 0.370 0.370 0.370 0.370 0.370 0.370 0.370 0.370 0.370 0.370 0.370 0.370 0.370 0.370 0.370 0.370 0.370 0.370 0.370 0.370 0.370 0.370 0.370
-9999.000 -9999.000 -9999.000 -9999.000 -9999.000 -9999.000 -9999.000 -9999.000 -9999.000 -9999.000 0.245 0.247 0.244 0.244 0.248 0.257 0.268 0.273 0.281 0.297 0.308 0.310 0.319 0.325 0.328 0.334 0.340 0.345 0.351 0.354 0.358 0.362 0.364 0.366 0.367 0.368 0.369 0.370 0.370 0.370 0.370 0.370 0.370 0.370 0.370 0.370 0.370 0.370 0.370 0.370 0.370 0.370 0.370 0.370 0.370 0.370 0.370 0.370 0.370 0.370 0.370 0.370 0.370 0.370 0.370 0.370 0.370 0.370 0.370 0.370 0.370 0.370 0.370 0.370
-9999.000 -9999.000 -9999.000 -9999.000 -9999.000 -9999.000 -9999.000 -9999.000 0.226 0.231 0.236 0.233 0.229 0.226 0.237 0.249 0.262 0.275 0.287 0.300 0.310 0.321 0.331 0.337 0.342 0.348 0.352 0.357 0.361 0.363 0.366 0.367 0.368 0.369 0.369 0.370 0.370 0.370 0.370 0.370 0.370 0.370 0.370 0.370 0.370 0.370 0.370 0.370 0.370 0.370 0.370 0.370 0.370 0.370 0.370 0.370 0.370 0.370 0.370 0.370 0.370 0.370 0.370 0.370 0.370 0.370 0.370 0.370 0.370 0.370 0.370 0.370 0.370 0.370
-9999.000 -9999.000 -9999.000 -9999.000 -9999.000 -9999.000 0.206 0.224 0.236 0.230 0.223 0.220 0.218 0.232 0.249 0.263 0.276 0.289 0.300 0.310 0.331 0.338 0.345 0.351 0.355 0.358 0.362 0.365 0.367 0.369 0.370 0.370 0.370 0.370 0.370 0.370 0.370 0.370 0.370 0.370 0.370 0.370 0.370 0.370 0.370 0.370 0.370 0.370 0.370 0.370 0.370 0.370 0.370 0.370 0.370 0.370 0.370 0.370 0.370 0.370 0.370 0.370 0.370 0.370 0.370 0.370 0.370 0.370 0.370 0.370 0.370 0.370 0.370 0.370
-9999.000 -9999.000 -9999.000 -9999.000 0.183 0.197 0.212 0.236 0.255 0.250 0.256 0.256 0.255 0.257 0.261 0.275 0.288 0.301 0.313 0.335 0.351 0.356 0.361 0.366 0.367 0.368 0.369 0.369 0.370 0.370 0.370 0.370 0.370 0.370 0.370 0.370 0.370 0.370 0.370 0.370 0.370 0.370 0.370 0.370 0.370 0.370 0.370 0.370 0.370 0.370 0.370 0.370 0.370 0.370 0.370 0.370 0.370 0.370 0.370 0.370 0.370 0.370 0.370 0.370 0.370 0.370 0.370 0.370 0.370 0.370 0.370 0.370 0.370 0.370
-9999.000 -9999.000 -9999.000 0.155 0.177 0.203 0.224 0.248 0.274 0.279 0.285 0.290 0.295 0.301 0.308 0.318 0.326 0.332 0.342 0.354 0.362 0.366 0.368 0.369 0.370 0.370 0.370 0.370 0.370 0.370 0.370 0.370 0.370 0.370 0.370 0.370 0.370 0.370 0.370 0.370 0.370 0.370 0.370 0.370 0.370 0.370 0.370 0.370 0.370 0.370 0.370 0.370 0.370 0.370 0.370 0.370 0.370 0.370 0.370 0.370 0.370 0.370 0.370 0.370 0.370 0.370 0.370 0.370 0.370 0.370 0.370 0.370 0.370 0.370
-9999.000 -9999.000 0.134 0.150 0.170 0.205 0.246 0.273 0.303 0.319 0.324 0.334 0.341 0.345 0.351 0.356 0.359 0.359 0.362 0.366 0.369 0.370 0.370 0.370 0.370 0.370 0.370 0.370 0.370 0.370 0.370 0.370 0.370 0.370 0.370 0.370 0.370 0.370 0.370 0.370 0.370 0.370 0.370 0.370 0.370 0.370 0.370 0.370 0.370 0.370 0.370 0.370 0.370 0.370 0.370 0.370 0.370 0.370 0.370 0.370 0.370 0.370 0.370 0.370 0.370 0.370 0.370 0.370 0.370 0.370 0.370 0.370 0.370 0.370
-9999.000 -9999.000 0.124 0.142 0.164 0.212 0.272 0.300 0.327 0.347 0.353 0.359 0.363 0.365 0.367 0.368 0.369 0.369 0.369 0.370 0.370 0.370 0.370 0.370 0.370 0.370 0.370 0.370 0.370 0.370 0.370 0.370 0.370 0.370 0.370 0.370 0.370 0.370 0.370 0.370 0.370 0.370 0.370 0.370 0.370 0.370 0.370 0.370 0.370 0.370 0.370 0.370 0.370 0.370 0.370 0.370 0.370 0.370 0.370 0.370 0.370 0.370 0.370 0.370 0.370 0.370 0.370 0.370 0.370 0.370 0.370 0.370 0.370 0.370
-9999.000 0.102 0.114 0.132 0.166 0.214 0.284 0.335 0.354 0.363 0.366 0.368 0.370 0.370 0.370 0.370 0.370 0.370 0.370 0.370 0.370 0.370 0.370 0.370 0.370 0.370 0.370 0.370 0.370 0.370 0.370 0.370 0.370 0.370 0.370 0.370 0.370 0.370 0.370 0.370 0.370 0.370 0.370 0.370 0.370 0.370 0.370 0.370 0.370 0.370 0.370 0.370 0.370 0.370 0.370 0.370 0.370 0.370 0.370 0.370 0.370 0.370 0.370 0.370 0.370 0.370 0.370 0.370 0.370 0.370 0.370 0.370 0.370 0.370
-9999.000 0.096 0.107 0.129 0.163 0.217 0.306 0.360 0.366 0.368 0.369 0.370 0.370 0.370 0.370 0.370 0.370 0.370 0.370 0.370 0.370 0.370 0.370 0.370 0.370 0.370 0.370 0.370 0.370 0.370 0.370 0.370 0.370 0.370 0.370 0.370 0.370 0.370 0.370 0.370 0.370 0.370 0.370 0.370 0.370 0.370 0.370 0.370 0.370 0.370 0.370 0.370 0.370 0.370 0.370 0.370 0.370 0.370 0.370 0.370 0.370 0.370 0.370 0.370 0.370 0.370 0.370 0.370 0.370 0.370 0.370 0.370 0.370 0.370
-9999.000 0.092 0.104 0.122 0.153 0.241 0.329 0.365 0.370 0.370 0.370 0.370 0.370 0.370 0.370 0.370 0.370 0.370 0.370 0.370 0.370 0.370 0.370 0.370 0.370 0.370 0.370 0.370 0.370 0.370 0.370 0.370 0.370 0.370 0.370 0.370 0.370 0.370 0.370 0.370 0.370 0.370 0.370 0.370 0.370 0.370 0.370 0.370 0.370 0.370 0.370 0.370 0.370 0.370 0.370 0.370 0.370 0.370 0.370 0.370 0.370 0.370 0.370 0.370 0.370 0.370 0.370 0.370 0.370 0.370 0.370 0.370 0.370 0.370
-9999.000 0.083 0.092 0.102 0.148 0.262 0.342 0.369 0.370 0.370 0.370 0.370 0.370 0.370 0.370 0.370 0.370 0.370 0.370 0.370 0.370 0.370 0.370 0.370 0.370 0.370 0.370 0.370 0.370 0.370 0.370 0.370 0.370 0.370 0.370 0.370 0.370 0.370 0.370 0.370 0.370 0.370 0.370 0.370 0.370 0.370 0.370 0.370 0.370 0.370 0.370 0.370 0.370 0.370 0.370 0.370 0.370 0.370 0.370 0.370 0.370 0.370 0.370 0.370 0.370 0.370 0.370 0.370 0.370 0.370 0.370 0.370 0.370 0.370
-9999.000 0.078 0.083 0.095 0.137 0.241 0.342 0.369 0.370 0.370 0.370 0.370 0.370 0.370 0.370 0.370 0.370 0.370 0.370 0.370 0.370 0.370 0.370 0.370 0.370 0.370 0.370 0.370 0.370 0.370 0.370 0.370 0.370 0.370 0.370 0.370 0.370 0.370 0.370 0.370 0.370 0.370 0.370 0.370 0.370 0.370 0.370 0.370 0.370 0.370 0.370 0.370 0.370 0.370 0.370 0.370 0.370 0.370 0.370 0.370 0.370 0.370 0.370 0.370 0.370 0.370 0.370 0.370 0.370 0.370 0.370 0.370 0.370 0.370
-9999.000 0.074 0.079 0.088 0.113 0.174 0.281 0.362 0.370 0.370 0.370 0.370 0.370 0.370 0.370 0.370 0.370 0.370 0.370 0.370 0.370 0.370 0.370 0.370 0.370 0.370 0.370 0.370 0.370 0.370 0.370 0.370 0.370 0.370 0.370 0.370 0.370 0.370 0.370 0.370 0.370 0.370 0.370 0.370 0.370 0.370 0.370 0.370 0.370 0.370 0.370 0.370 0.370 0.370 0.370 0.370 0.370 0.370 0.370 0.370 0.370 0.370 0.370 0.370 0.370 0.370 0.370 0.370 0.370 0.370 0.370 0.370 0.370 0.369
-9999.000 -9999.000 0.076 0.082 0.096 0.129 0.200 0.321 0.367 0.370 0.370 0.370 0.370 0.370 0.370 0.370 0.370 0.370 0.370 0.370 0.370 0.370 0.370 0.370 0.370 0.370 0.370 0.370 0.370 0.370 0.370 0.370 0.370 0.370 0.370 0.370 0.370 0.370 0.370 0.370 0.370 0.370 0.370 0.370 0.370 0.370 0.370 0.370 0.370 0.370 0.370 0.370 0.370 0.370 0.370 0.370 0.370 0.370 0.370 0.370 0.370 0.370 0.370 0.370 0.370 0.370 0.370 0.370 0.369 0.369 0.368 0.366 0.364 0.361
-9999.000 -9999.000 0.073 0.077 0.086 0.105 0.141 0.208 0.328 0.365 0.370 0.370 0.370 0.370 0.370 0.370 0.370 0.370 0.370 0.370 0.370 0.370 0.370 0.370 0.370 0.370 0.370 0.370 0.370 0.370 0.370 0.370 0.370 0.370 0.370 0.370 0.370 0.370 0.370 0.370 0.370 0.370 0.370 0.370 0.370 0.370 0.370 0.370 0.370 0.370 0.370 0.370 0.370 0.370 0.370 0.370 0.370 0.370 0.370 0.370 0.370 0.370 0.370 0.369 0.369 0.367 0.366 0.365 0.363 0.360 0.357 0.352 0.346 0.345
-9999.000 -9999.000 -9999.000 0.074 0.079 0.085 0.098 0.116 0.158 0.239 0.318 0.358 0.367 0.369 0.370 0.370 0.370 0.370 0.370 0.370 0.370 0.370 0.370 0.370 0.370 0.370 0.370 0.370 0.370 0.370 0.370 0.370 0.370 0.370 0.370 0.370 0.370 0.370 0.370 0.370 0.370 0.370 0.370 0.370 0.370 0.370 0.370 0.370 0.370 0.370 0.370 0.370 0.370 0.370 0.370 0.370 0.370 0.370 0.370 0.370 0.369 0.368 0.366 0.363 0.358 0.351 0.348 0.344 0.339 0.333 0.325 0.318 0.317 0.316
-9999.000 -9999.000 -9999.000 -9999.000 -9999.000 0.076 0.081 0.090 0.102 0.121 0.157 0.224 0.265 0.304 0.337 0.353 0.362 0.366 0.369 0.370 0.370 0.370 0.370 0.370 0.370 0.370 0.370 0.370 0.370 0.370 0.370 0.370 0.370 0.370 0.370 0.370 0.370 0.370 0.370 0.370 0.370 0.370 0.370 0.370 0.370 0.370 0.370 0.370 0.370 0.370 0.370 0.370 0.370 0.370 0.370 0.370 0.369 0.369 0.368 0.367 0.363 0.358 0.353 0.344 0.332 0.321 0.315 0.308 0.301 0.291 0.283 0.281 0.279 0.277
-9999.000 -9999.000 -9999.000 -9999.000 -9999.000 -9999.000 0.074 0.078 0.083 0.090 0.104 0.124 0.136 0.159 0.191 0.233 0.280 0.312 0.336 0.352 0.362 0.366 0.369 0.370 0.370 0.370 0.370 0.370 0.370 0.370 0.369 0.369 0.369 0.369 0.369 0.369 0.369 0.369 0.369 0.368 0.368 0.368 0.367 0.367 0.367 0.366 0.366 0.366 0.365 0.365 0.365 0.365 0.365 0.365 0.364 0.363 0.361 0.358 0.355 0.350 0.341 0.332 0.321 0.305 0.292 0.277 0.267 0.258 0.250 0.243 0.241 0.238 0.237 0.236
-9999.000 -9999.000 -9999.000 -9999.000 -9999.000 -9999.000 -9999.000 -9999.000 0.074 0.078 0.083 0.088 0.093 0.099 0.108 0.124 0.148 0.183 0.220 0.254 0.291 0.319 0.338 0.351 0.357 0.359 0.361 0.361 0.360 0.359 0.359 0.358 0.357 0.357 0.356 0.356 0.354 0.352 0.352 0.352 0.351 0.350 0.349 0.347 0.345 0.343 0.342 0.341 0.341 0.341 0.342 0.343 0.342 0.341 0.337 0.333 0.329 0.323 0.315 0.311 0.303 0.288 0.275 0.263 0.248 0.232 0.221 0.213 0.210 0.208 0.206 0.206 0.207 0.206
-9999.000 -9999.000 -9999.000 -9999.000 -9999.000 -9999.000 -9999.000 -9999.000 -9999.000 -9999.000 0.075 0.076 0.079 0.082 0.086 0.090 0.099 0.111 0.129 0.149 0.179 0.210 0.239 0.274 0.296 0.304 0.311 0.315 0.312 0.316 0.319 0.316 0.317 0.316 0.313 0.305 0.300 0.298 0.305 0.308 0.306 0.304 0.302 0.297 0.290 0.286 0.285 0.285 0.286 0.287 0.291 0.293 0.292 0.285 0.279 0.274 0.268 0.260 0.258 0.261 0.256 0.242 0.233 0.222 0.208 0.194 0.183 0.181 0.182 0.180 0.181 0.185 0.186 0.184
-9999.000 -9999.000 -9999.000 -9999.000 -9999.000 -9999.000 -9999.000 -9999.000 -9999.000 -9999.000 -9999.000 -9999.000 0.073 0.075 0.076 0.079 0.081 0.086 0.093 0.102 0.116 0.134 0.153 0.176 0.200 0.209 0.217 0.226 0.233 0.243 0.252 0.251 0.248 0.243 0.234 0.226 0.219 0.225 0.231 0.239 0.243 0.245 0.243 0.231 0.220 0.215 0.215 0.216 0.218 0.222 0.226 0.230 0.227 0.225 0.223 0.217 0.208 0.205 0.208 0.211 0.213 0.204 0.196 0.188 0.179 0.171 0.167 0.166 0.162 0.163 0.166 0.169 0.169 0.166
-9999.000 -9999.000 -9999.000 -9999.000 -9999.000 -9999.000 -9999.000 -9999.000 -9999.000 -9999.000 -9999.000 -9999.000 -9999.000 -9999.000 0.072 0.073 0.075 0.077 0.080 0.084 0.093 0.108 0.119 0.130 0.143 0.153 0.159 0.170 0.184 0.192 0.197 0.201 0.202 0.198 0.190 0.181 0.172 0.172 0.177 0.189 0.201 0.203 0.195 0.184 0.175 0.170 0.170 0.174 0.180 0.184 0.187 0.186 0.185 0.183 0.181 0.180 0.176 0.173 0.176 0.183 0.191 0.186 0.179 0.173 0.167 0.159 0.160 0.161 0.160 0.160 0.163 0.166 0.168 0.165
-9999.000 -9999.000 -9999.000 -9999.000 -9999.000 -9999.000 -9999.000 -9999.000 -9999.000 -9999.000 -9999.000 -9999.000 -9999.000 -9999.000 -9999.000 -9999.000 -9999.000 0.072 0.074 0.078 0.083 0.092 0.097 0.102 0.109 0.118 0.125 0.132 0.141 0.151 0.153 0.155 0.158 0.160 0.152 0.145 0.139 0.134 0.141 0.149 0.157 0.164 0.155 0.148 0.141 0.136 0.140 0.145 0.149 0.152 0.151 0.150 0.150 0.149 0.148 0.147 0.146 0.148 0.154 0.161 0.167 0.170 0.165 0.159 0.154 0.152 0.153 0.154 0.156 0.157 0.160 0.162 0.165 0.163
