examples/3D/Borden05m/output-maps-METEOIO-OFF/watertableN0003.asc
ncols         160
nrows         34
xllcorner     620200.000000
yllcorner     5168000.000000
cellsize      0.500000
NODATA_value  -9999.0
[rows 0 to 28 of 34, columns 0 to 64 of 160]
-9999.000 -9999.000 -9999.000 -9999.000 -9999.000 -9999.000 -9999.000 -9999.000 -9999.000 -9999.000 -9999.000 -9999.000 -9999.000 -9999.000 -9999.000 -9999.000 -9999.000 -9999.000 -9999.000 -9999.000 -9999.000 -9999.000 -9999.000 -9999.000 -9999.000 -9999.000 -9999.000 -9999.000 -9999.000 -9999.000 -9999.000 -9999.000 -9999.000 -9999.000 -9999.000 -9999.000 -9999.000 -9999.000 -9999.000 -9999.000 -9999.000 -9999.000 -9999.000 -9999.000 -9999.000 -9999.000 -9999.000 -9999.000 -9999.000 -9999.000 -9999.000 -9999.000 -9999.000 -9999.000 -9999.000 -9999.000 -9999.000 -9999.000 -9999.000 -9999.000 -9999.000 -9999.000 -9999.000 -9999.000 -9999.000
-9999.000 -9999.000 -9999.000 -9999.000 -9999.000 -9999.000 -9999.000 -9999.000 -9999.000 -9999.000 -9999.000 -9999.000 -9999.000 -9999.000 -9999.000 -9999.000 -9999.000 -9999.000 -9999.000 -9999.000 -9999.000 -9999.000 -9999.000 -9999.000 -9999.000 -9999.000 -9999.000 -9999.000 -9999.000 -9999.000 -9999.000 -9999.000 -9999.000 -9999.000 -9999.000 -9999.000 -9999.000 -9999.000 -9999.000 -9999.000 -9999.000 -9999.000 -9999.000 -9999.000 -9999.000 -9999.000 -9999.000 -9999.000 -9999.000 -9999.000 -9999.000 -9999.000 -9999.000 -9999.000 -9999.000 -9999.000 -9999.000 -9999.000 -9999.000 883.887 889.388 894.750 899.789 900.000 900.000
-9999.000 -9999.000 -9999.000 -9999.000 -9999.000 -9999.000 -9999.000 -9999.000 -9999.000 -9999.000 -9999.000 -9999.000 -9999.000 -9999.000 -9999.000 -9999.000 -9999.000 -9999.000 -9999.000 -9999.000 -9999.000 -9999.000 -9999.000 -9999.000 -9999.000 -9999.000 -9999.000 -9999.000 -9999.000 -9999.000 -9999.000 -9999.000 -9999.000 -9999.000 -9999.000 -9999.000 -9999.000 -9999.000 -9999.000 -9999.000 -9999.000 -9999.000 -9999.000 -9999.000 -9999.000 -9999.000 -9999.000 1010.908 1028.091 1044.276 1046.076 1023.693 1000.759 977.555 957.500 900.000 900.000 900.000 898.007 900.000 900.000 900.000 900.000 900.000 900.000
-9999.000 -9999.000 -9999.000 -9999.000 -9999.000 -9999.000 -9999.000 -9999.000 -9999.000 -9999.000 -9999.000 -9999.000 -9999.000 -9999.000 -9999.000 -9999.000 -9999.000 -9999.000 -9999.000 -9999.000 -9999.000 -9999.000 -9999.000 -9999.000 -9999.000 -9999.000 -9999.000 -9999.000 -9999.000 -9999.000 -9999.000 -9999.000 -9999.000 -9999.000 -9999.000 -9999.000 -9999.000 -9999.000 -9999.000 -9999.000 964.198 958.451 956.967 967.626 978.779 990.512 1010.113 1027.693 1042.861 1045.628 1043.071 1037.563 1015.022 991.190 972.136 955.200 900.000 900.000 900.000 900.000 900.000 900.000 900.000 900.000 900.000
-9999.000 -9999.000 -9999.000 -9999.000 -9999.000 -9999.000 -9999.000 -9999.000 -9999.000 -9999.000 -9999.000 -9999.000 -9999.000 -9999.000 -9999.000 -9999.000 -9999.000 -9999.000 -9999.000 -9999.000 -9999.000 -9999.000 -9999.000 -9999.000 -9999.000 -9999.000 -9999.000 -9999.000 -9999.000 -9999.000 -9999.000 -9999.000 -9999.000 -9999.000 1055.136 1037.796 1019.940 1001.915 985.607 979.109 973.323 967.643 971.652 976.431 987.620 1006.012 1025.381 1039.348 1041.883 1044.443 1040.153 1027.322 1010.980 994.961 974.527 900.000 900.000 900.000 900.000 900.000 900.000 900.000 900.000 900.000 900.000
-9999.000 -9999.000 -9999.000 -9999.000 -9999.000 -9999.000 -9999.000 -9999.000 -9999.000 -9999.000 -9999.000 -9999.000 -9999.000 -9999.000 -9999.000 -9999.000 -9999.000 -9999.000 -9999.000 -9999.000 -9999.000 -9999.000 -9999.000 -9999.000 -9999.000 -9999.000 -9999.000 -9999.000 1051.040 1056.909 1062.023 1063.545 1064.853 1066.005 1059.098 1046.930 1028.906 1007.738 995.179 988.196 981.824 981.101 985.924 988.130 988.029 999.562 1011.017 1021.738 1032.032 1033.278 1023.908 1010.326 994.680 980.272 965.319 900.000 900.000 900.000 900.000 900.000 900.000 900.000 900.000 900.000 900.000
-9999.000 -9999.000 -9999.000 -9999.000 -9999.000 -9999.000 -9999.000 -9999.000 -9999.000 -9999.000 -9999.000 -9999.000 -9999.000 -9999.000 -9999.000 -9999.000 -9999.000 -9999.000 -9999.000 -9999.000 -9999.000 -9999.000 -9999.000 1080.438 1074.483 1068.049 1060.762 1059.888 1064.061 1069.686 1072.840 1074.413 1076.010 1071.656 1063.399 1049.872 1034.180 1012.890 1004.465 998.069 985.940 983.757 979.057 975.262 977.141 979.836 991.601 1000.268 994.735 988.704 982.367 974.979 962.208 900.000 900.000 900.000 887.239 867.555 851.053 856.632 865.084 875.911 875.433 871.618 862.773
-9999.000 -9999.000 -9999.000 -9999.000 -9999.000 -9999.000 -9999.000 -9999.000 -9999.000 -9999.000 -9999.000 -9999.000 -9999.000 -9999.000 -9999.000 -9999.000 -9999.000 -9999.000 -9999.000 1100.000 1100.000 1100.000 1098.966 1097.973 1095.761 1088.828 1080.781 1078.663 1080.254 1081.857 1080.363 1077.737 1073.570 1062.255 1048.572 1034.584 1020.666 1000.167 985.680 972.059 956.291 957.620 962.025 964.211 963.852 963.287 957.534 953.850 900.000 900.000 900.000 900.000 900.000 896.713 876.188 855.156 834.842 814.822 795.197 798.156 809.363 821.760 821.369 812.356 801.526
-9999.000 -9999.000 -9999.000 -9999.000 -9999.000 -9999.000 -9999.000 -9999.000 -9999.000 -9999.000 -9999.000 -9999.000 -9999.000 -9999.000 -9999.000 -9999.000 1100.000 1100.000 1100.000 1100.000 1100.000 1100.000 1100.000 1100.000 1100.000 1099.356 1094.440 1085.964 1078.188 1070.950 1065.080 1062.392 1054.776 1045.175 1033.360 1017.922 996.374 973.967 957.888 900.000 900.000 900.000 900.000 900.000 900.000 900.000 897.471 890.729 886.700 867.522 852.588 846.421 838.343 819.318 793.889 764.486 700.000 700.000 675.651 668.831 684.385 689.766 683.542 669.318 659.997
-9999.000 -9999.000 -9999.000 -9999.000 -9999.000 -9999.000 -9999.000 -9999.000 -9999.000 -9999.000 -9999.000 -9999.000 -9999.000 1178.476 1174.363 1165.162 1156.744 1154.483 1100.000 1100.000 1100.000 1100.000 1100.000 1100.000 1100.000 1095.870 1086.754 1075.088 1066.681 1059.484 1052.369 1045.902 1032.302 1016.972 1001.095 980.937 959.389 900.000 900.000 900.000 887.375 883.545 884.924 882.907 874.319 855.454 835.142 820.980 797.204 770.794 700.000 700.000 700.000 700.000 685.229 639.679 591.727 500.000 500.000 500.000 500.000 500.000 500.000 500.000 494.724
-9999.000 -9999.000 -9999.000 -9999.000 -9999.000 -9999.000 -9999.000 -9999.000 -9999.000 -9999.000 1212.760 1210.281 1213.688 1213.238 1208.509 1196.711 1183.543 1176.840 1165.684 1100.000 1100.000 1100.000 1100.000 1100.000 1093.730 1083.153 1070.100 1057.168 1040.021 1027.325 1014.744 994.232 977.675 961.179 900.000 900.000 900.000 871.386 842.980 827.228 801.459 785.640 787.701 786.676 777.285 756.624 700.000 694.623 663.829 628.063 599.605 579.885 565.180 500.000 500.000 493.431 452.502 421.006 394.091 325.000 325.000 325.000 325.000 325.000 325.000
-9999.000 -9999.000 -9999.000 -9999.000 -9999.000 -9999.000 -9999.000 -9999.000 1236.783 1229.845 1223.644 1226.642 1231.250 1234.672 1221.561 1205.940 1190.184 1173.250 1157.514 1100.000 1100.000 1100.000 1088.768 1077.009 1065.210 1050.069 1036.368 1018.573 997.222 982.509 963.391 900.000 900.000 900.000 883.077 863.556 833.192 795.929 759.085 700.000 694.542 663.170 659.584 653.757 645.241 610.889 571.125 500.000 499.277 467.581 436.896 419.911 408.840 395.430 325.000 325.000 325.000 315.735 287.413 267.832 257.230 200.000 200.000 200.000 200.000
-9999.000 -9999.000 -9999.000 -9999.000 -9999.000 -9999.000 1262.864 1238.843 1224.096 1231.857 1240.521 1243.904 1247.521 1226.994 1205.710 1188.980 1172.481 1155.321 1100.000 1100.000 1090.315 1073.612 1058.675 1039.184 1024.937 1010.666 993.138 969.346 900.000 900.000 881.658 853.007 824.146 801.647 779.915 756.398 700.000 670.857 622.048 580.902 500.000 500.000 498.167 491.021 481.557 462.053 431.355 401.062 325.000 325.000 314.512 304.010 294.230 282.874 269.113 200.000 200.000 200.000 197.184 172.881 110.000 110.000 110.000 110.000 110.000
-9999.000 -9999.000 -9999.000 -9999.000 1296.182 1275.327 1254.994 1224.330 1201.850 1207.052 1199.944 1199.451 1200.809 1197.854 1191.731 1173.955 1156.190 1100.000 1100.000 1082.805 1040.738 1023.921 997.213 964.761 900.000 900.000 900.000 894.197 863.252 825.272 773.441 700.000 692.160 660.950 632.007 599.837 558.488 500.000 473.211 436.744 405.512 325.000 325.000 325.000 325.000 325.000 317.942 293.378 265.984 200.000 200.000 196.001 187.502 176.351 110.000 110.000 110.000 110.000 50.000 50.000 0.000 0.000 -2.876 -6.657 -16.850
-9999.000 -9999.000 -9999.000 1300.000 1300.000 1268.331 1241.004 1210.110 1178.455 1172.484 1163.902 1157.702 1100.000 1100.000 1100.000 1100.000 1100.000 1087.887 1066.606 1029.752 993.236 958.730 900.000 892.632 867.896 850.154 831.055 803.619 758.656 700.000 645.557 577.070 500.000 499.840 477.251 450.181 425.746 392.393 325.000 325.000 300.910 276.506 200.000 200.000 200.000 200.000 200.000 195.643 173.642 110.000 110.000 50.000 50.000 20.000 0.000 -0.369 -9.020 -19.270 -28.851 -29.136 -28.653 -29.103 -29.523 -31.763 -30.181
-9999.000 -9999.000 1390.688 1300.000 1300.000 1267.306 1214.557 1180.745 1100.000 1100.000 1100.000 1088.503 1071.175 1062.393 1045.196 1027.441 1013.132 1008.852 995.024 959.292 900.000 851.585 814.479 700.000 700.000 682.551 663.426 630.402 587.889 500.000 478.772 427.415 387.527 325.000 325.000 325.000 306.612 286.495 257.539 200.000 200.000 174.587 110.000 110.000 110.000 110.000 50.000 50.000 0.000 -5.970 -22.436 -22.735 -22.644 -22.430 -22.556 -22.296 -22.436 -22.207 -20.323 -14.877 -9.987 -9.149 -13.283 -19.277 -21.066
-9999.000 -9999.000 1416.463 1372.010 1300.000 1260.810 1183.486 1100.000 1100.000 1056.816 1037.005 1012.219 993.179 975.068 900.000 900.000 900.000 900.000 900.000 856.568 792.133 700.000 630.333 500.000 500.000 496.678 487.527 467.014 439.809 394.766 325.000 296.480 200.000 200.000 200.000 198.865 178.828 110.000 110.000 106.560 50.000 0.000 -1.331 -16.836 -22.466 -22.239 -22.564 -22.245 -22.361 -22.178 -21.892 -18.629 -17.746 -18.295 -19.065 -14.761 -8.826 -3.308 -0.013 0.000 0.000 20.000 20.000 0.000 0.000
-9999.000 1500.000 1452.185 1398.123 1300.000 1258.216 1171.732 1089.591 1036.867 992.491 962.259 900.000 885.814 832.590 801.685 768.741 769.176 769.696 776.662 700.000 657.694 500.000 424.422 325.000 325.000 325.000 325.000 319.892 293.805 200.000 197.692 110.000 110.000 50.000 20.000 20.000 0.000 -9.673 -25.448 -27.338 -26.958 -27.072 -22.274 -22.436 -22.124 -22.404 -19.267 -13.713 -6.313 -1.257 0.000 0.000 0.000 0.000 -0.344 0.000 20.000 20.000 50.000 50.000 104.732 110.000 110.000 110.000 110.000
-9999.000 1500.000 1479.183 1406.493 1300.000 1258.679 1100.000 1010.885 961.263 900.000 890.928 840.675 700.000 658.723 609.014 500.000 500.000 571.694 573.140 500.000 472.884 393.759 272.750 192.009 178.650 110.000 110.000 110.000 107.132 50.000 0.000 -14.538 -16.443 -16.289 -16.326 -16.266 -16.279 -16.239 -12.941 -9.281 -5.165 -4.989 -8.316 -7.870 -5.700 -2.967 0.000 0.000 20.000 20.000 50.000 50.000 50.000 50.000 50.000 50.000 110.000 110.000 110.000 110.000 110.000 110.000 110.000 170.019 175.953
-9999.000 1567.044 1496.024 1430.552 1359.196 1234.469 1100.000 973.196 879.698 835.895 778.964 671.247 500.000 459.756 409.797 325.000 325.000 325.000 325.000 303.641 200.000 168.943 110.000 0.000 -3.479 -3.475 -3.506 -3.476 -3.446 -3.428 -3.408 -1.534 -5.749 -7.742 -6.455 -3.709 0.000 0.000 20.000 20.000 20.000 20.000 20.000 20.000 20.000 50.000 50.000 50.000 108.881 110.000 110.000 110.000 110.000 110.000 110.000 110.000 110.000 171.159 184.815 197.357 200.000 200.000 200.000 200.000 200.000
-9999.000 1663.366 1574.984 1500.000 1385.921 1210.345 1080.737 900.000 775.125 700.000 591.618 473.417 325.000 321.261 277.181 200.000 177.782 110.000 110.000 50.000 -0.127 -12.097 -11.978 -11.918 -3.467 -3.463 0.000 50.000 50.000 50.000 50.000 50.000 50.000 50.000 50.000 50.000 50.000 50.000 50.000 110.000 110.000 110.000 110.000 110.000 110.000 110.000 110.000 110.000 110.000 164.754 172.939 180.030 182.973 188.155 189.028 195.578 200.000 200.000 200.000 266.330 282.342 302.155 304.175 310.851 323.195
-9999.000 1700.000 1666.682 1568.653 1417.213 1244.642 1092.952 900.000 691.909 500.000 443.896 391.482 325.000 263.019 194.675 110.000 -0.364 -0.367 -0.370 50.000 110.000 110.000 110.000 108.343 50.000 50.000 110.000 110.000 110.000 110.000 110.000 110.000 110.000 110.000 110.000 110.000 110.000 110.000 110.000 110.000 170.053 177.114 181.886 184.253 186.605 187.588 195.381 200.000 200.000 200.000 200.000 200.000 200.000 200.000 200.000 258.224 283.220 307.252 325.000 325.000 325.000 396.018 405.400 415.392 448.337
-9999.000 1844.316 1700.000 1620.910 1487.320 1300.000 1198.320 1016.938 839.498 588.917 392.985 325.000 325.000 287.397 200.000 110.000 110.000 110.000 189.449 200.000 200.000 200.000 200.000 186.429 171.727 165.304 168.776 179.160 192.686 199.422 200.000 200.000 200.000 200.000 200.000 200.000 200.000 200.000 200.000 200.000 200.000 263.245 266.017 265.242 265.679 268.526 275.404 284.824 296.284 306.600 314.285 319.524 324.910 325.000 325.000 325.000 325.000 395.215 418.096 452.231 498.744 500.000 500.000 591.643 634.629
-9999.000 -9999.000 1796.976 1681.830 1566.268 1434.436 1300.000 1100.000 970.340 700.000 606.198 496.147 438.481 394.074 325.000 285.647 272.137 263.326 291.579 297.939 297.963 294.861 285.262 272.757 260.527 200.000 200.000 200.000 260.384 274.103 289.448 300.917 307.964 313.111 306.016 296.034 297.516 303.691 314.236 325.000 325.000 325.000 325.000 325.000 325.000 325.000 325.000 325.000 385.305 397.845 403.812 409.771 415.601 426.205 437.437 450.607 475.025 500.000 500.000 583.495 639.469 693.568 700.000 774.083 809.268
-9999.000 -9999.000 1883.434 1770.271 1648.809 1500.000 1407.564 1300.000 1100.000 997.294 880.610 775.300 685.468 612.079 500.000 496.681 467.015 454.494 448.984 434.739 414.744 395.407 325.000 325.000 325.000 325.000 325.000 325.000 325.000 325.000 392.150 412.871 424.020 429.677 425.715 418.676 423.511 433.448 447.688 464.498 478.161 491.167 495.537 497.744 498.536 500.000 500.000 500.000 500.000 500.000 500.000 500.000 562.962 572.804 585.673 596.724 622.142 656.139 692.456 700.000 780.222 816.165 850.656 883.066 900.000
-9999.000 -9999.000 -9999.000 1838.155 1700.000 1664.470 1562.343 1488.745 1399.119 1275.455 1100.000 1043.262 970.474 900.000 852.409 795.539 700.000 700.000 700.000 647.049 609.475 565.195 500.000 500.000 496.982 481.395 477.215 486.798 497.015 500.000 500.000 565.484 580.881 580.574 581.343 579.730 586.868 594.027 608.988 626.426 644.202 656.942 663.156 669.217 673.512 678.470 683.608 691.955 700.000 700.000 700.000 700.000 700.000 700.000 700.000 754.842 768.638 798.312 826.949 855.900 889.383 900.000 953.807 984.411 1014.282
-9999.000 -9999.000 -9999.000 -9999.000 -9999.000 1825.563 1700.000 1617.639 1500.000 1475.423 1387.311 1278.211 1225.096 1168.591 1100.000 1057.912 1013.301 968.215 900.000 868.629 817.768 778.838 700.000 700.000 682.069 664.656 656.991 667.802 679.998 697.759 700.000 700.000 700.000 755.163 755.374 757.959 763.811 770.164 778.077 792.727 805.212 811.351 816.196 820.798 825.594 829.667 833.590 837.358 846.413 853.284 852.993 856.081 859.243 862.364 869.547 877.863 887.709 900.000 900.000 900.000 984.036 1012.037 1032.369 1061.945 1088.129
-9999.000 -9999.000 -9999.000 -9999.000 -9999.000 -9999.000 1869.118 1770.186 1692.517 1613.284 1500.000 1453.665 1420.781 1373.614 1300.000 1256.303 1189.966 1100.000 1093.901 1048.965 1002.511 963.470 900.000 886.457 869.449 856.993 844.590 852.428 861.814 871.170 890.344 893.861 900.000 900.000 900.000 900.000 900.000 900.000 900.000 900.000 900.000 900.000 900.000 900.000 900.000 957.213 960.163 962.974 968.350 967.018 966.934 968.760 971.300 974.264 981.172 990.339 999.358 1015.392 1029.729 1044.445 1068.842 1087.862 1100.000 1100.000 1100.000
-9999.000 -9999.000 -9999.000 -9999.000 -9999.000 -9999.000 -9999.000 -9999.000 1854.615 1774.659 1687.730 1631.154 1586.172 1500.000 1500.000 1451.558 1386.407 1300.000 1262.104 1216.958 1166.712 1100.000 1086.514 1047.701 1024.898 1013.358 1002.200 1001.743 1009.300 1013.962 1010.764 1015.984 1019.646 1020.536 1022.374 1026.467 1033.724 1038.462 1039.883 1036.950 1041.235 1045.111 1048.608 1052.776 1058.801 1064.465 1068.178 1070.594 1069.126 1068.610 1066.853 1065.024 1066.417 1070.890 1080.038 1088.155 1095.343 1100.000 1100.000 1100.000 1100.000 1156.249 1172.980 1188.020 1207.139
