examples/3D/Borden05m/output-maps-METEOIO-ON/psiliqL0005N0004.asc
ncols         160
nrows         34
xllcorner     620200.000000
yllcorner     5168000.000000
cellsize      0.500000
NODATA_value  -9999.0
[rows 0 to 27 of 34, columns 63 to 125 of 160]
-9999.000 -9999.000 -9999.000 -9999.000 -9999.000 -9999.000 -9999.000 -9999.000 -9999.000 -9999.000 -9999.000 -9999.000 -9999.000 -9999.000 -9999.000 -9999.000 -9999.000 -9999.000 -9999.000 -9999.000 -9999.000 -9999.000 -9999.000 -9999.000 -9999.000 -9999.000 -9999.000 -9999.000 -9999.000 -9999.000 -9999.000 -9999.000 -9999.000 -9999.000 -9999.000 -9999.000 -9999.000 -9999.000 -9999.000 -9999.000 -9999.000 -9999.000 -9999.000 -9999.000 -9999.000 -9999.000 -9999.000 -9999.000 -9999.000 -9999.000 -9999.000 -9999.000 -9999.000 -9999.000 -9999.000 -9999.000 -9999.000 -9999.000 -9999.000 -9999.000 -9999.000 -9999.000 -9999.000
-722.072 -731.527 -740.542 -744.714 -745.809 -746.890 -747.446 -742.264 -734.551 -727.125 -720.009 -717.793 -715.484 -713.198 -712.722 -714.141 -717.479 -720.831 -724.309 -725.782 -734.334 -745.894 -755.015 -757.829 -753.278 -748.719 -746.155 -739.840 -728.802 -717.745 -709.060 -697.357 -691.987 -686.693 -683.130 -686.861 -690.110 -693.392 -697.539 -708.313 -9999.000 -9999.000 -9999.000 -9999.000 -9999.000 -9999.000 -9999.000 -9999.000 -9999.000 -9999.000 -9999.000 -9999.000 -9999.000 -9999.000 -9999.000 -9999.000 -9999.000 -9999.000 -9999.000 -9999.000 -9999.000 -9999.000 -9999.000
-738.368 -747.480 -753.204 -758.944 -760.729 -761.000 -761.152 -757.076 -747.540 -739.707 -735.045 -732.819 -730.564 -730.307 -730.862 -731.390 -734.389 -737.881 -741.359 -743.202 -743.460 -751.128 -756.385 -759.580 -760.520 -758.123 -755.853 -753.056 -743.247 -734.775 -726.299 -712.263 -700.007 -694.687 -696.758 -701.508 -704.782 -710.550 -719.744 -729.951 -740.625 -747.761 -752.841 -757.522 -751.175 -744.760 -734.063 -723.394 -711.168 -698.925 -9999.000 -9999.000 -9999.000 -9999.000 -9999.000 -9999.000 -9999.000 -9999.000 -9999.000 -9999.000 -9999.000 -9999.000 -9999.000
-751.415 -755.555 -760.569 -764.436 -757.347 -756.381 -755.410 -752.435 -748.958 -747.285 -744.603 -739.487 -730.750 -728.345 -727.995 -728.016 -729.943 -733.131 -734.971 -737.812 -743.076 -743.905 -743.400 -743.185 -737.800 -736.328 -735.210 -742.416 -739.187 -732.812 -725.813 -718.413 -711.089 -705.850 -708.584 -709.717 -717.490 -730.726 -741.926 -750.411 -753.075 -755.887 -763.115 -774.618 -767.638 -751.904 -746.948 -742.771 -730.457 -718.010 -707.797 -705.952 -706.151 -706.353 -708.705 -722.368 -736.863 -751.377 -769.824 -9999.000 -9999.000 -9999.000 -9999.000
-750.068 -753.394 -754.700 -741.789 -732.533 -731.197 -728.583 -725.602 -727.427 -740.199 -743.121 -734.597 -724.247 -718.464 -718.565 -718.787 -720.165 -721.320 -722.010 -724.624 -723.356 -720.684 -719.570 -714.201 -708.599 -705.967 -715.095 -724.381 -724.113 -716.511 -708.647 -701.142 -689.817 -677.681 -678.828 -684.278 -692.630 -705.818 -728.757 -748.463 -758.388 -764.218 -770.585 -771.565 -772.913 -762.490 -760.313 -758.378 -749.251 -738.696 -728.488 -722.586 -722.822 -723.072 -725.243 -734.455 -748.952 -763.453 -779.598 -804.414 -832.446 -859.934 -860.516
-744.772 -741.211 -727.694 -714.024 -698.867 -696.713 -694.566 -695.090 -705.436 -715.903 -720.646 -705.504 -690.210 -682.241 -681.421 -680.445 -671.781 -674.401 -677.755 -683.806 -681.296 -677.864 -665.716 -658.477 -652.148 -654.224 -665.774 -676.349 -678.438 -676.943 -675.483 -669.675 -658.903 -648.179 -652.508 -659.655 -669.802 -698.503 -726.540 -743.272 -741.809 -740.774 -744.767 -747.504 -751.095 -758.781 -758.821 -758.901 -759.049 -746.783 -734.470 -730.790 -736.503 -739.784 -741.791 -750.436 -761.015 -775.885 -792.480 -810.827 -838.821 -846.197 -853.596
-699.935 -691.853 -678.823 -660.257 -636.660 -633.222 -629.556 -625.228 -635.824 -647.845 -660.010 -645.429 -636.376 -627.504 -623.815 -611.816 -601.816 -607.324 -616.600 -625.972 -619.669 -605.192 -590.741 -585.110 -582.386 -581.560 -590.663 -595.477 -598.494 -598.601 -602.777 -600.304 -588.605 -572.777 -571.681 -582.556 -604.631 -639.125 -674.041 -696.873 -692.912 -698.650 -703.898 -708.138 -722.154 -733.712 -733.881 -743.144 -749.226 -737.657 -731.454 -729.286 -735.061 -729.297 -736.975 -754.402 -771.641 -787.240 -801.521 -815.937 -823.364 -832.569 -839.933
-650.896 -642.621 -624.765 -601.187 -577.194 -564.981 -557.415 -549.086 -555.811 -564.602 -573.649 -569.538 -557.114 -545.362 -534.048 -522.173 -510.735 -516.414 -525.456 -527.667 -524.062 -508.771 -495.469 -490.661 -488.254 -483.427 -488.210 -495.538 -503.819 -511.877 -519.016 -523.735 -509.436 -495.313 -496.474 -518.628 -540.836 -571.894 -606.309 -639.956 -645.963 -645.664 -646.801 -662.070 -677.186 -696.771 -708.312 -716.989 -732.250 -727.860 -721.614 -710.336 -699.873 -700.767 -717.002 -734.201 -753.408 -772.260 -786.528 -790.888 -795.697 -804.963 -811.023
-538.306 -533.893 -522.866 -497.142 -464.710 -440.323 -418.637 -415.481 -425.365 -434.935 -448.958 -455.895 -444.058 -432.868 -421.726 -410.420 -398.916 -390.767 -390.927 -390.842 -388.790 -386.209 -381.246 -375.060 -368.558 -361.353 -358.946 -367.003 -375.639 -385.771 -395.143 -397.953 -399.917 -393.679 -393.493 -410.750 -434.849 -461.474 -493.734 -522.303 -542.757 -541.419 -554.393 -570.309 -591.630 -628.117 -647.988 -664.768 -694.951 -699.722 -687.647 -672.484 -665.298 -681.344 -697.576 -716.373 -737.062 -757.555 -763.997 -765.166 -768.116 -773.706 -776.261
-426.032 -422.075 -415.629 -385.911 -353.354 -324.276 -301.527 -293.605 -303.352 -313.447 -324.623 -334.682 -335.378 -323.762 -308.734 -293.519 -283.000 -278.709 -279.775 -279.506 -278.484 -275.837 -274.016 -269.769 -263.160 -252.652 -240.057 -242.786 -258.680 -272.164 -287.857 -294.510 -296.762 -300.682 -300.090 -300.368 -322.407 -345.618 -373.779 -404.108 -425.750 -443.773 -460.042 -477.225 -514.978 -552.074 -584.353 -612.306 -640.402 -645.961 -618.889 -593.703 -603.566 -614.777 -632.342 -657.137 -681.953 -707.764 -715.383 -718.596 -724.329 -730.730 -737.010
-310.436 -305.389 -297.505 -279.788 -247.889 -215.092 -188.701 -183.677 -191.091 -201.240 -212.572 -221.121 -224.413 -220.092 -212.228 -199.437 -187.987 -176.628 -175.850 -175.412 -175.956 -174.322 -172.936 -172.222 -167.127 -157.660 -148.659 -146.358 -155.727 -171.393 -188.645 -197.740 -204.880 -210.118 -210.183 -208.850 -209.242 -227.805 -257.707 -297.361 -325.600 -346.505 -357.253 -368.810 -381.247 -418.050 -438.382 -466.738 -500.161 -527.784 -500.149 -509.015 -519.317 -535.708 -560.351 -585.341 -611.264 -638.117 -649.258 -654.944 -662.688 -669.144 -678.025
-205.012 -198.129 -186.887 -172.022 -155.425 -132.821 -109.986 -93.089 -94.985 -104.393 -118.490 -120.977 -121.393 -120.611 -116.177 -111.516 -99.137 -86.078 -81.165 -80.581 -82.853 -81.149 -80.428 -80.482 -80.687 -78.416 -73.271 -71.228 -73.918 -86.090 -103.178 -118.334 -127.374 -131.743 -134.694 -134.800 -136.207 -144.350 -166.255 -196.672 -228.348 -250.901 -265.488 -275.518 -282.378 -289.865 -302.099 -324.935 -360.617 -395.590 -411.502 -420.665 -431.918 -455.467 -481.638 -503.037 -534.423 -565.569 -586.286 -593.829 -601.263 -610.576 -622.567
-110.466 -100.394 -85.885 -70.951 -61.362 -49.354 -32.700 -23.322 -17.852 -16.477 -16.016 -13.922 -13.915 -16.793 -15.910 -15.112 -14.283 -11.053 -10.356 -10.326 -10.451 -9.898 -9.863 -9.585 -9.910 -11.409 -11.167 -11.077 -11.199 -13.815 -20.130 -34.525 -44.863 -51.370 -58.137 -66.124 -74.806 -83.054 -95.048 -116.813 -146.159 -173.600 -184.563 -189.009 -192.069 -194.843 -205.952 -223.058 -246.973 -280.019 -316.541 -327.824 -342.266 -364.590 -381.842 -394.276 -425.953 -459.302 -484.944 -496.138 -515.322 -534.463 -550.323
-30.795 -20.557 -10.244 -8.777 -8.372 -7.954 -7.538 -7.395 -7.354 -7.374 -9.421 -9.460 -10.567 -15.788 -24.442 -23.032 -21.835 -19.454 -16.134 -17.588 -16.812 -13.969 -15.265 -20.261 -23.440 -24.985 -24.893 -18.115 -15.297 -14.648 -14.134 -14.616 -14.674 -14.851 -15.071 -15.378 -15.769 -19.550 -27.472 -46.029 -72.067 -100.227 -115.587 -121.552 -119.201 -121.205 -125.659 -141.897 -165.290 -196.283 -229.845 -247.566 -258.532 -266.036 -273.717 -285.402 -317.920 -352.781 -381.376 -401.438 -427.134 -447.878 -466.883
-3.717 -4.041 -7.384 -10.993 -15.360 -16.292 -17.424 -19.645 -18.929 -20.791 -24.404 -27.369 -32.542 -42.352 -53.485 -55.248 -50.501 -45.947 -42.245 -39.937 -36.960 -35.201 -39.294 -46.442 -52.920 -54.926 -48.916 -43.657 -39.397 -38.904 -40.236 -41.859 -41.330 -43.175 -42.513 -36.716 -25.002 -17.567 -17.305 -17.376 -18.220 -19.726 -38.200 -56.078 -53.418 -57.034 -67.109 -85.573 -106.214 -131.327 -155.701 -179.978 -187.353 -191.099 -196.013 -202.471 -231.488 -262.460 -293.208 -318.143 -342.743 -365.669 -387.076
-16.537 -14.991 -21.508 -29.041 -35.234 -41.008 -42.597 -43.994 -44.643 -44.581 -49.471 -55.794 -69.255 -80.207 -91.039 -96.818 -97.392 -91.516 -82.875 -75.234 -71.004 -75.862 -82.345 -91.808 -99.519 -99.376 -96.447 -88.131 -76.616 -74.220 -73.780 -78.022 -81.306 -86.760 -88.313 -81.806 -68.098 -54.922 -43.518 -36.705 -30.241 -24.708 -18.017 -17.945 -17.943 -18.127 -21.875 -34.488 -51.745 -70.698 -91.585 -115.607 -123.145 -126.071 -129.955 -131.834 -155.364 -186.305 -217.142 -244.539 -269.229 -290.719 -312.202
-43.849 -46.188 -52.386 -61.766 -71.577 -80.343 -84.907 -83.839 -81.488 -80.645 -85.812 -98.583 -114.393 -126.787 -139.819 -143.348 -147.154 -148.943 -138.263 -123.253 -117.930 -129.358 -138.193 -151.244 -158.777 -161.209 -159.348 -150.071 -132.686 -117.156 -116.843 -125.878 -134.759 -139.994 -142.770 -136.208 -118.845 -101.223 -88.762 -80.918 -76.002 -68.576 -59.863 -49.802 -38.641 -29.336 -19.244 -18.596 -18.936 -19.710 -34.948 -51.789 -63.783 -73.743 -79.524 -87.979 -106.482 -130.625 -154.937 -180.281 -200.714 -217.679 -239.842
-82.138 -87.084 -93.008 -102.312 -112.798 -122.668 -134.073 -136.047 -136.856 -133.955 -143.739 -154.181 -172.569 -186.878 -201.419 -209.362 -214.642 -219.533 -211.898 -195.593 -186.365 -201.402 -211.710 -225.395 -232.294 -235.541 -234.177 -224.473 -201.742 -183.771 -178.459 -187.308 -195.370 -200.002 -202.031 -198.154 -183.523 -164.756 -146.853 -134.450 -127.002 -120.173 -110.921 -97.974 -85.637 -73.457 -58.549 -42.005 -29.758 -21.927 -16.761 -17.036 -17.674 -25.034 -33.672 -43.339 -58.152 -79.291 -104.294 -129.206 -145.910 -161.858 -176.385
-123.370 -128.653 -138.149 -176.971 -191.108 -206.253 -218.878 -222.185 -227.231 -229.159 -237.080 -243.534 -254.032 -269.014 -285.110 -299.350 -303.961 -307.907 -311.888 -302.046 -297.453 -299.886 -307.734 -315.852 -320.202 -322.916 -319.040 -305.542 -292.214 -280.481 -275.687 -281.604 -278.425 -275.150 -276.491 -263.744 -251.315 -234.986 -215.546 -195.674 -185.850 -178.208 -168.763 -154.854 -139.843 -124.528 -104.242 -82.810 -69.272 -59.922 -49.500 -38.958 -27.301 -17.818 -14.990 -15.490 -21.101 -39.054 -60.683 -80.496 -97.702 -111.815 -124.202
-169.200 -174.590 -205.920 -246.125 -274.805 -290.707 -309.091 -316.730 -322.729 -340.303 -350.854 -358.018 -356.798 -368.183 -384.662 -398.598 -405.023 -409.451 -419.090 -422.315 -418.174 -409.328 -416.478 -420.754 -418.847 -421.469 -423.512 -414.424 -399.852 -391.565 -383.969 -377.570 -375.505 -372.498 -353.013 -341.553 -329.048 -310.896 -291.128 -270.892 -254.480 -243.986 -231.906 -215.145 -200.324 -181.467 -159.778 -134.200 -117.852 -105.606 -95.577 -85.366 -71.433 -54.320 -40.213 -26.614 -16.223 -16.755 -18.031 -39.531 -54.885 -69.700 -78.124
-249.666 -260.847 -300.268 -339.310 -368.709 -387.586 -408.729 -421.558 -440.114 -466.653 -483.347 -481.303 -474.622 -477.881 -491.626 -503.904 -513.017 -523.449 -537.028 -545.427 -537.969 -529.603 -526.909 -525.400 -522.203 -521.801 -523.283 -525.131 -515.722 -507.920 -499.091 -491.433 -484.458 -461.305 -440.137 -426.643 -409.162 -391.344 -370.935 -349.605 -331.577 -318.543 -302.482 -285.234 -266.515 -246.920 -223.197 -195.923 -175.067 -162.284 -150.720 -138.532 -121.591 -101.177 -81.883 -61.470 -43.399 -33.793 -23.058 -14.413 -15.682 -31.482 -43.792
-343.153 -369.550 -407.899 -445.221 -470.149 -491.432 -512.606 -534.565 -560.693 -586.210 -603.385 -596.680 -589.980 -581.955 -594.032 -606.006 -612.631 -626.066 -639.392 -652.174 -643.846 -635.229 -621.644 -618.828 -616.182 -611.024 -612.823 -614.837 -620.164 -611.878 -603.405 -592.453 -569.487 -546.733 -525.151 -507.486 -490.074 -470.621 -449.339 -428.013 -406.382 -390.193 -374.035 -355.219 -336.705 -318.426 -297.057 -271.958 -250.686 -234.230 -216.775 -202.865 -181.387 -155.405 -131.709 -103.763 -85.047 -71.395 -59.564 -47.650 -32.215 -21.413 -22.709
-480.077 -508.338 -545.634 -566.898 -584.610 -605.704 -625.447 -644.801 -670.075 -692.271 -713.756 -709.444 -697.731 -684.552 -692.903 -697.900 -701.147 -712.615 -725.757 -738.845 -735.167 -721.172 -705.271 -699.555 -693.908 -686.932 -687.095 -693.073 -701.312 -696.191 -684.142 -669.666 -648.907 -627.803 -607.673 -589.667 -569.697 -548.668 -527.391 -504.463 -480.961 -464.478 -443.909 -422.216 -403.826 -392.048 -376.940 -352.953 -335.674 -316.241 -296.695 -282.000 -255.866 -225.449 -189.654 -154.804 -125.357 -112.474 -100.665 -90.581 -75.223 -57.265 -41.709
-613.598 -642.060 -661.431 -679.098 -696.649 -714.296 -733.472 -752.467 -771.654 -792.576 -812.938 -807.703 -794.158 -780.871 -779.605 -782.556 -785.529 -793.582 -806.785 -819.506 -811.800 -796.505 -781.296 -772.114 -765.798 -759.564 -762.415 -770.505 -778.297 -771.049 -756.516 -742.088 -724.783 -704.393 -684.030 -664.072 -643.256 -622.454 -599.586 -576.113 -552.599 -530.163 -508.704 -487.530 -477.107 -466.539 -456.940 -440.363 -423.348 -404.029 -383.239 -362.370 -334.692 -297.367 -260.077 -224.793 -191.263 -169.144 -153.107 -139.618 -121.032 -101.740 -86.098
-704.650 -733.122 -755.983 -773.478 -783.448 -797.758 -816.772 -830.251 -846.823 -867.185 -869.765 -865.376 -852.094 -848.829 -848.055 -851.023 -852.126 -857.341 -870.106 -865.582 -857.569 -842.376 -831.344 -822.266 -816.009 -811.831 -812.859 -820.711 -818.849 -811.663 -797.234 -785.711 -770.593 -750.232 -733.451 -714.743 -693.912 -672.515 -649.957 -626.226 -600.803 -577.810 -558.776 -549.237 -538.942 -532.004 -535.842 -521.770 -507.561 -492.926 -472.145 -451.311 -424.051 -386.847 -345.683 -303.743 -268.235 -233.376 -213.895 -193.718 -173.053 -151.965 -132.817
-796.752 -825.190 -849.609 -859.415 -869.537 -880.907 -894.237 -907.663 -921.132 -922.834 -924.972 -924.726 -921.852 -918.739 -916.388 -917.482 -918.604 -918.539 -914.029 -909.880 -904.365 -893.548 -882.615 -872.890 -868.867 -864.812 -862.462 -859.997 -857.693 -853.288 -841.914 -830.475 -817.342 -800.617 -783.813 -765.547 -744.149 -722.708 -699.845 -674.471 -649.036 -629.761 -620.128 -610.444 -606.083 -609.727 -613.325 -604.518 -592.528 -580.802 -560.677 -539.689 -518.683 -476.151 -430.406 -386.913 -352.298 -318.178 -289.592 -264.939 -242.437 -214.005 -190.393
-870.599 -897.141 -915.674 -925.386 -935.199 -945.362 -958.778 -970.155 -973.076 -975.234 -977.235 -978.524 -975.041 -971.431 -967.305 -967.903 -967.785 -965.372 -961.251 -955.840 -947.013 -936.290 -924.749 -911.055 -906.889 -902.514 -897.409 -895.019 -892.149 -887.945 -876.656 -865.248 -853.006 -836.369 -819.236 -800.532 -778.920 -754.283 -725.939 -700.250 -675.017 -654.354 -645.692 -641.179 -642.571 -647.660 -658.851 -658.731 -647.180 -642.754 -628.342 -607.562 -593.579 -555.348 -510.221 -478.390 -444.078 -409.262 -367.110 -341.454 -311.562 -281.436 -252.470
-939.459 -958.334 -977.397 -989.351 -999.530 -1009.581 -1018.740 -1021.762 -1024.893 -1026.927 -1028.209 -1029.542 -1026.836 -1022.724 -1018.633 -1016.944 -1014.523 -1012.040 -1006.370 -997.626 -988.939 -977.176 -962.860 -948.517 -942.925 -937.696 -932.449 -928.895 -924.922 -920.982 -910.614 -899.029 -887.408 -870.130 -852.054 -833.819 -808.507 -779.462 -750.511 -725.406 -700.612 -677.206 -673.800 -672.292 -672.860 -685.330 -700.325 -704.869 -701.384 -700.099 -689.904 -676.913 -664.094 -633.678 -603.237 -572.537 -536.657 -491.746 -447.084 -417.811 -387.244 -356.834 -329.130
