examples/3D/Borden05m/output-maps-METEOIO-ON/psiliqL0017N0004.asc
ncols         160
nrows         34
xllcorner     620200.000000
yllcorner     5168000.000000
cellsize      0.500000
NODATA_value  -9999.0
[rows 0 to 27 of 34, columns 62 to 123 of 160]
-9999.000 -9999.000 -9999.000 -9999.000 -9999.000 -9999.000 -9999.000 -9999.000 -9999.000 -9999.000 -9999.000 -9999.000 -9999.000 -9999.000 -9999.000 -9999.000 -9999.000 -9999.000 -9999.000 -9999.000 -9999.000 -9999.000 -9999.000 -9999.000 -9999.000 -9999.000 -9999.000 -9999.000 -9999.000 -9999.000 -9999.000 -9999.000 -9999.000 -9999.000 -9999.000 -9999.000 -9999.000 -9999.000 -9999.000 -9999.000 -9999.000 -9999.000 -9999.000 -9999.000 -9999.000 -9999.000 -9999.000 -9999.000 -9999.000 -9999.000 -9999.000 -9999.000 -9999.000 -9999.000 -9999.000 -9999.000 -9999.000 -9999.000 -9999.000 -9999.000 -9999.000 -9999.000
1585.214 1576.291 1566.900 1558.516 1554.317 1553.161 1552.191 1551.564 1556.535 1564.404 1571.899 1578.844 1581.137 1583.433 1585.444 1585.752 1584.460 1581.150 1577.773 1574.319 1572.696 1564.801 1553.472 1544.797 1542.045 1546.377 1550.806 1553.306 1558.976 1569.638 1580.432 1589.055 1601.239 1607.532 1612.855 1615.874 1612.005 1608.751 1605.088 1599.824 1588.869 -9999.000 -9999.000 -9999.000 -9999.000 -9999.000 -9999.000 -9999.000 -9999.000 -9999.000 -9999.000 -9999.000 -9999.000 -9999.000 -9999.000 -9999.000 -9999.000 -9999.000 -9999.000 -9999.000 -9999.000 -9999.000
1565.231 1560.388 1551.595 1546.180 1540.550 1538.242 1538.084 1537.906 1541.702 1551.878 1559.642 1564.199 1566.611 1569.155 1568.342 1567.620 1567.223 1564.243 1560.720 1557.264 1555.387 1556.069 1548.425 1542.736 1539.133 1537.049 1539.630 1542.131 1545.928 1555.370 1563.519 1571.711 1586.388 1599.168 1604.706 1602.381 1597.738 1594.176 1587.498 1577.437 1567.354 1558.108 1551.558 1546.333 1540.689 1547.089 1554.332 1564.257 1573.842 1585.969 1598.214 -9999.000 -9999.000 -9999.000 -9999.000 -9999.000 -9999.000 -9999.000 -9999.000 -9999.000 -9999.000 -9999.000
1545.088 1547.717 1544.044 1539.092 1532.969 1541.648 1542.573 1543.330 1546.359 1548.875 1552.426 1554.903 1560.085 1568.900 1571.478 1571.823 1571.788 1569.780 1566.509 1564.556 1561.699 1556.390 1554.984 1554.980 1554.328 1558.966 1560.456 1562.577 1556.337 1560.240 1566.549 1573.536 1579.886 1586.557 1590.288 1587.262 1587.126 1579.066 1565.635 1555.229 1547.355 1546.347 1543.486 1535.896 1523.177 1530.930 1546.898 1551.772 1555.057 1566.675 1579.030 1589.414 1592.024 1591.743 1591.432 1588.717 1574.917 1560.258 1545.356 1526.746 -9999.000 -9999.000
1551.824 1549.846 1546.333 1543.229 1554.659 1563.295 1564.577 1567.009 1570.459 1570.071 1558.315 1555.835 1563.590 1573.483 1578.846 1578.841 1578.476 1575.747 1574.535 1574.065 1571.864 1572.085 1574.086 1573.168 1577.141 1582.646 1585.651 1578.723 1569.938 1571.327 1579.417 1587.999 1595.562 1606.248 1617.637 1617.320 1612.434 1604.044 1591.325 1568.715 1550.297 1539.834 1532.831 1526.000 1527.288 1524.093 1536.457 1538.442 1540.724 1548.841 1559.271 1569.728 1575.792 1575.274 1574.694 1572.302 1562.830 1548.131 1533.374 1516.345 1490.430 1461.835
1552.830 1552.219 1553.950 1564.673 1577.182 1590.018 1591.986 1593.860 1592.838 1584.025 1573.598 1569.967 1583.983 1600.012 1607.853 1607.873 1605.809 1611.290 1610.172 1608.954 1604.390 1605.860 1605.971 1614.301 1621.760 1628.990 1627.310 1615.293 1603.738 1602.796 1606.533 1611.093 1617.910 1628.346 1638.189 1633.632 1627.659 1619.140 1592.252 1567.335 1552.051 1552.947 1553.892 1549.714 1547.437 1545.415 1539.795 1539.939 1539.463 1539.272 1551.533 1564.377 1567.968 1561.666 1557.919 1555.726 1547.475 1536.315 1520.847 1503.923 1484.725 1456.604
1587.655 1589.308 1596.033 1607.461 1622.640 1645.060 1646.171 1647.945 1649.035 1637.100 1624.378 1613.418 1632.159 1642.279 1650.134 1650.250 1658.324 1667.513 1663.066 1655.450 1644.550 1650.433 1660.383 1675.194 1682.098 1686.244 1684.033 1672.247 1666.345 1665.889 1669.484 1668.337 1674.296 1684.360 1699.698 1699.469 1692.897 1672.124 1636.303 1604.624 1587.619 1595.815 1590.188 1584.351 1582.490 1570.198 1561.145 1562.546 1553.995 1548.743 1560.917 1567.533 1569.239 1562.275 1567.626 1560.433 1541.066 1524.152 1509.112 1494.751 1478.701 1472.025
1612.097 1617.875 1627.128 1644.696 1665.030 1686.646 1691.195 1690.772 1699.788 1692.890 1682.929 1674.722 1688.511 1699.594 1710.452 1718.594 1730.866 1741.711 1729.938 1716.388 1709.567 1715.071 1736.116 1754.504 1759.296 1759.822 1761.619 1750.938 1745.014 1739.474 1736.139 1731.544 1728.437 1748.934 1767.233 1766.628 1744.868 1722.418 1686.635 1650.414 1622.059 1626.752 1625.057 1626.455 1614.138 1600.979 1588.412 1581.980 1574.542 1562.528 1569.596 1574.911 1584.331 1592.891 1595.051 1578.619 1561.187 1541.971 1523.728 1509.535 1503.940 1498.232
1692.440 1704.353 1710.752 1725.887 1746.714 1775.375 1792.826 1808.603 1812.175 1803.858 1794.851 1781.948 1781.837 1800.423 1811.844 1821.389 1831.045 1843.173 1846.945 1842.984 1841.981 1845.324 1854.013 1864.298 1870.791 1875.354 1879.978 1873.615 1862.841 1857.925 1850.422 1845.623 1843.961 1849.542 1863.824 1862.121 1834.078 1808.473 1777.159 1741.502 1712.541 1700.160 1711.461 1704.599 1688.563 1673.369 1642.835 1631.274 1618.682 1592.521 1590.520 1597.729 1609.839 1621.464 1607.398 1591.112 1573.221 1553.184 1534.765 1527.879 1526.381 1523.315
1809.950 1816.561 1820.017 1826.421 1857.608 1890.825 1917.585 1940.317 1947.799 1936.598 1926.672 1914.169 1904.810 1910.712 1925.500 1942.006 1957.050 1968.019 1971.062 1969.703 1969.849 1972.045 1974.887 1978.109 1984.739 1991.931 2001.396 2011.414 2004.338 1987.825 1976.717 1964.788 1961.442 1961.249 1961.716 1962.587 1953.038 1919.738 1891.791 1861.405 1837.135 1820.253 1812.270 1794.933 1773.738 1728.326 1691.131 1659.435 1636.752 1612.169 1614.450 1636.518 1671.937 1669.950 1658.345 1642.269 1618.366 1594.777 1572.186 1566.888 1564.672 1559.794
1931.443 1935.795 1939.304 1944.249 1967.105 2004.517 2041.070 2070.231 2072.319 2061.296 2050.461 2040.380 2028.508 2024.843 2033.895 2046.063 2063.134 2074.012 2082.379 2080.833 2081.146 2081.939 2083.977 2085.795 2088.177 2095.877 2108.557 2120.708 2121.203 2106.353 2089.364 2072.802 2067.472 2063.000 2057.935 2059.246 2060.892 2051.675 2025.838 1990.253 1950.146 1928.427 1910.783 1899.938 1885.313 1856.917 1803.181 1772.031 1738.345 1708.533 1697.430 1748.246 1755.522 1745.021 1731.922 1709.109 1682.416 1658.231 1634.380 1628.485 1623.948 1616.440
2044.359 2050.921 2055.425 2063.469 2079.308 2104.844 2134.862 2161.662 2177.717 2172.426 2158.094 2139.321 2132.613 2130.757 2133.171 2140.538 2149.932 2166.440 2183.182 2188.596 2189.352 2186.840 2188.961 2190.168 2190.211 2191.810 2197.685 2205.571 2208.382 2202.742 2185.416 2164.608 2151.610 2144.014 2140.183 2139.496 2142.407 2143.653 2131.646 2101.790 2063.228 2032.478 2014.116 2000.513 1988.127 1978.017 1955.917 1938.611 1907.949 1865.063 1833.988 1849.114 1840.778 1830.083 1806.909 1777.622 1750.117 1719.367 1691.798 1678.484 1673.447 1669.742
2151.915 2156.234 2164.721 2179.560 2199.371 2214.468 2232.664 2255.117 2268.509 2273.856 2273.458 2271.282 2272.853 2273.062 2235.017 2239.057 2243.049 2253.421 2263.792 2267.350 2267.735 2266.188 2267.491 2267.952 2268.002 2267.646 2268.384 2271.459 2272.629 2271.165 2262.670 2270.744 2253.034 2240.850 2233.330 2225.682 2217.520 2208.381 2199.151 2182.427 2155.314 2122.999 2098.958 2089.712 2084.256 2078.001 2073.470 2058.862 2038.393 2007.878 1970.823 1942.871 1936.815 1921.317 1891.989 1867.157 1848.929 1814.756 1783.299 1762.982 1757.430 1744.509
2252.192 2256.611 2269.016 2283.040 2274.250 2279.308 2284.541 2289.741 2291.527 2292.038 2291.801 2289.551 2289.078 2287.200 2283.002 2273.285 2274.811 2276.448 2278.969 2282.531 2281.279 2282.249 2285.156 2283.585 2277.970 2274.261 2272.694 2273.313 2280.472 2283.678 2284.501 2282.727 2281.969 2281.347 2279.259 2276.653 2272.985 2268.296 2275.414 2265.038 2240.889 2206.486 2170.657 2159.741 2158.249 2159.110 2157.316 2152.115 2134.977 2109.059 2074.065 2037.406 2025.860 2012.939 1998.804 1986.095 1970.036 1933.121 1897.190 1871.930 1857.199 1832.831
2290.682 2293.102 2294.807 2291.660 2288.403 2283.732 2282.428 2281.168 2278.819 2279.484 2277.608 2273.730 2270.135 2263.326 2252.485 2241.326 2238.506 2242.993 2248.173 2252.728 2256.292 2259.706 2260.436 2255.531 2247.627 2240.515 2238.709 2245.226 2250.766 2256.351 2257.062 2255.685 2253.541 2253.603 2250.905 2251.285 2257.817 2271.301 2275.951 2279.504 2278.946 2268.759 2250.347 2249.430 2230.287 2234.857 2230.598 2219.695 2199.459 2176.549 2147.657 2119.420 2098.143 2090.647 2085.555 2079.283 2068.216 2033.050 1999.802 1969.929 1947.675 1922.353
2274.667 2281.550 2282.815 2275.988 2267.845 2261.048 2254.308 2252.280 2251.376 2250.963 2251.287 2246.164 2238.091 2222.549 2211.234 2200.268 2194.397 2191.938 2196.396 2206.566 2216.869 2221.574 2214.111 2206.465 2195.616 2187.690 2188.008 2189.821 2198.830 2213.469 2218.876 2219.512 2213.947 2208.764 2202.583 2200.119 2206.557 2221.178 2236.438 2250.286 2258.436 2265.600 2272.019 2273.800 2275.381 2276.199 2274.788 2274.917 2259.169 2237.855 2212.970 2189.250 2163.916 2158.457 2157.163 2153.353 2151.182 2121.960 2087.531 2054.491 2027.212 2001.160
2248.500 2251.217 2247.857 2241.566 2231.840 2221.337 2212.042 2205.706 2206.759 2209.124 2210.459 2204.064 2189.793 2172.828 2159.814 2146.310 2142.556 2137.537 2132.317 2142.669 2160.447 2166.976 2152.818 2142.782 2128.474 2121.496 2118.142 2119.362 2128.423 2148.796 2169.343 2170.680 2160.501 2150.425 2145.461 2142.396 2147.782 2164.727 2184.177 2198.721 2208.036 2213.146 2220.726 2229.776 2242.239 2255.468 2266.470 2273.295 2278.586 2275.813 2267.751 2257.074 2235.755 2222.269 2213.522 2208.637 2200.984 2179.168 2151.724 2125.247 2098.968 2076.414
2213.389 2210.643 2205.048 2198.512 2182.599 2171.018 2159.415 2146.004 2142.953 2139.855 2141.729 2130.982 2122.022 2104.800 2089.928 2074.800 2063.728 2058.212 2052.283 2054.462 2069.105 2077.866 2066.083 2056.145 2044.249 2038.749 2035.434 2037.443 2047.566 2068.409 2086.562 2093.671 2085.680 2081.550 2079.600 2077.791 2083.033 2095.349 2113.559 2134.008 2150.165 2158.960 2165.732 2174.873 2188.594 2201.872 2215.211 2231.809 2252.039 2266.472 2275.481 2277.798 2276.912 2271.850 2270.271 2260.270 2248.865 2230.780 2207.093 2180.593 2154.715 2137.354
2173.764 2168.008 2162.580 2145.416 2097.150 2079.023 2061.751 2047.105 2041.880 2034.931 2024.744 2016.462 2011.228 2008.229 1993.911 1977.068 1960.865 1956.135 1952.465 1940.650 1942.009 1944.225 1952.795 1946.017 1941.946 1941.282 1938.760 1941.099 1954.135 1964.122 1972.119 1978.026 1978.372 1985.825 1991.839 1997.214 2012.429 2023.820 2039.414 2059.227 2082.336 2095.329 2103.921 2113.774 2128.336 2143.868 2160.439 2181.790 2205.771 2220.874 2231.181 2242.336 2254.498 2268.086 2275.117 2281.206 2279.826 2275.047 2253.341 2227.051 2206.505 2188.858
2115.320 2113.206 2105.057 2060.037 2019.658 1988.104 1971.605 1950.300 1939.340 1927.374 1897.674 1883.207 1880.135 1889.523 1882.912 1867.247 1854.627 1846.526 1839.254 1824.901 1812.533 1817.840 1832.397 1830.065 1830.320 1835.762 1834.381 1829.552 1831.602 1844.601 1851.139 1860.768 1873.724 1877.353 1888.168 1915.905 1927.988 1941.768 1959.819 1979.717 2000.795 2020.588 2032.941 2046.605 2064.109 2079.772 2099.232 2121.190 2148.845 2167.959 2181.281 2191.576 2201.915 2216.524 2235.697 2252.797 2269.149 2279.046 2279.499 2271.315 2251.999 2233.969
2022.803 2017.375 1995.832 1949.035 1912.270 1886.678 1866.342 1844.368 1825.332 1795.899 1764.768 1745.273 1755.643 1765.203 1770.934 1758.742 1747.513 1738.254 1723.424 1708.010 1694.911 1704.523 1713.075 1725.478 1730.188 1733.808 1737.453 1735.944 1728.710 1729.363 1737.177 1746.457 1756.500 1771.928 1802.157 1825.161 1841.153 1860.062 1878.034 1898.630 1920.535 1940.978 1955.968 1972.976 1990.575 2010.168 2029.112 2051.940 2079.419 2103.078 2117.547 2131.047 2143.793 2161.941 2184.188 2205.498 2228.680 2248.827 2260.728 2272.713 2278.584 2274.606
1913.865 1899.315 1860.757 1820.806 1793.701 1776.268 1754.259 1733.618 1707.882 1677.513 1654.679 1635.829 1645.010 1654.120 1669.572 1659.705 1651.020 1646.750 1632.339 1619.170 1604.293 1611.457 1622.217 1641.721 1646.436 1649.959 1657.619 1656.393 1652.715 1639.947 1647.133 1656.782 1669.706 1697.208 1719.540 1741.266 1760.945 1779.082 1799.286 1820.650 1842.469 1866.392 1884.059 1901.383 1921.280 1939.679 1955.158 1973.011 1996.980 2017.806 2036.747 2056.859 2071.059 2094.147 2122.682 2150.358 2182.073 2204.192 2218.787 2230.795 2242.573 2260.450
1778.543 1737.496 1705.777 1679.110 1670.452 1656.626 1636.978 1618.355 1599.636 1576.970 1557.352 1534.195 1539.558 1554.076 1569.878 1567.608 1566.441 1564.500 1554.548 1541.381 1528.079 1531.852 1547.742 1564.904 1573.228 1580.095 1587.480 1587.158 1578.898 1569.395 1574.064 1587.808 1602.918 1621.343 1641.680 1661.672 1680.532 1701.391 1722.740 1744.325 1767.710 1792.451 1811.102 1832.796 1855.375 1871.997 1881.324 1891.437 1912.102 1928.046 1948.316 1969.307 1985.629 2012.035 2044.688 2083.786 2121.603 2157.386 2173.295 2185.979 2195.999 2211.349
1655.961 1625.354 1597.562 1586.456 1571.012 1556.908 1542.044 1523.030 1506.391 1490.580 1470.094 1456.496 1463.395 1477.233 1487.723 1492.617 1490.463 1488.142 1481.779 1468.313 1460.868 1470.019 1485.254 1499.523 1510.108 1516.714 1522.181 1519.092 1510.191 1505.128 1512.687 1527.470 1540.937 1556.216 1576.121 1595.576 1615.711 1636.682 1657.361 1680.287 1703.873 1727.991 1752.325 1773.456 1792.220 1800.781 1809.791 1812.602 1824.922 1840.400 1857.479 1878.438 1900.687 1926.509 1964.540 2003.724 2041.676 2078.964 2109.099 2127.471 2142.961 2162.071
1581.663 1553.257 1525.458 1501.782 1488.366 1481.611 1469.142 1452.268 1440.983 1425.777 1412.289 1415.457 1418.338 1428.771 1429.217 1430.377 1428.002 1427.437 1424.246 1415.668 1424.718 1431.847 1445.919 1456.289 1465.685 1471.559 1475.242 1475.381 1469.566 1473.627 1479.844 1493.438 1504.292 1517.882 1537.310 1553.394 1571.357 1592.052 1613.375 1635.639 1659.447 1685.312 1708.179 1725.376 1732.212 1740.784 1743.387 1734.157 1745.262 1757.331 1768.394 1788.217 1808.137 1830.542 1867.448 1910.599 1956.127 1992.763 2033.750 2058.095 2080.986 2102.252
1496.468 1468.147 1440.774 1419.579 1413.502 1403.466 1393.361 1381.764 1368.950 1360.093 1363.662 1361.783 1360.594 1360.759 1363.905 1367.181 1366.736 1365.934 1367.893 1376.311 1380.680 1386.135 1395.761 1406.841 1417.773 1421.484 1425.593 1429.199 1433.548 1436.016 1439.653 1450.143 1461.442 1473.677 1489.394 1506.116 1523.957 1545.181 1567.057 1590.489 1615.852 1641.860 1661.934 1670.018 1678.735 1680.473 1673.658 1667.495 1671.849 1682.631 1690.211 1707.181 1727.698 1740.866 1779.574 1826.332 1867.780 1902.848 1937.280 1974.455 2000.739 2024.974
1430.575 1402.506 1379.967 1364.504 1354.760 1344.911 1334.950 1322.613 1314.486 1314.431 1312.302 1310.510 1308.784 1312.184 1316.016 1320.559 1320.673 1321.571 1324.476 1328.845 1335.070 1344.317 1355.070 1367.085 1381.965 1386.651 1391.197 1396.820 1399.426 1402.522 1406.420 1417.222 1428.589 1440.264 1456.617 1473.760 1492.031 1513.626 1538.530 1567.450 1593.419 1619.085 1641.549 1650.152 1653.570 1651.344 1644.401 1630.610 1628.006 1637.162 1638.398 1648.752 1666.829 1675.820 1704.808 1745.217 1773.154 1806.942 1844.006 1892.884 1920.633 1951.493
1361.588 1340.542 1324.487 1306.073 1293.497 1283.329 1274.653 1268.497 1267.402 1264.951 1263.567 1262.490 1260.776 1262.747 1267.108 1271.207 1273.572 1276.468 1280.249 1286.721 1295.739 1304.040 1315.835 1330.454 1345.509 1352.165 1357.605 1363.392 1367.550 1371.663 1375.251 1385.008 1396.408 1406.761 1423.535 1441.658 1460.383 1485.462 1514.522 1544.132 1569.689 1594.589 1619.833 1623.104 1624.019 1623.241 1608.673 1593.342 1586.141 1587.719 1588.221 1592.056 1602.390 1612.810 1634.685 1658.646 1685.955 1720.580 1766.874 1811.662 1843.524 1872.939
