examples/3D/Borden05m/output-maps-METEOIO-ON/psiliqL0012N0004.asc
ncols         160
nrows         34
xllcorner     620200.000000
yllcorner     5168000.000000
cellsize      0.500000
NODATA_value  -9999.0
[rows 0 to 28 of 34, columns 64 to 127 of 160]
-9999.000 -9999.000 -9999.000 -9999.000 -9999.000 -9999.000 -9999.000 -9999.000 -9999.000 -9999.000 -9999.000 -9999.000 -9999.000 -9999.000 -9999.000 -9999.000 -9999.000 -9999.000 -9999.000 -9999.000 -9999.000 -9999.000 -9999.000 -9999.000 -9999.000 -9999.000 -9999.000 -9999.000 -9999.000 -9999.000 -9999.000 -9999.000 -9999.000 -9999.000 -9999.000 -9999.000 -9999.000 -9999.000 -9999.000 -9999.000 -9999.000 -9999.000 -9999.000 -9999.000 -9999.000 -9999.000 -9999.000 -9999.000 -9999.000 -9999.000 -9999.000 -9999.000 -9999.000 -9999.000 -9999.000 -9999.000 -9999.000 -9999.000 -9999.000 -9999.000 -9999.000 -9999.000 -9999.000 -9999.000
567.584 558.925 554.738 553.609 552.590 551.995 557.057 564.859 572.323 579.342 581.602 583.904 586.034 586.415 585.068 581.746 578.380 574.916 573.358 565.176 553.747 544.878 542.099 546.526 551.012 553.540 559.489 570.315 581.223 589.873 601.847 607.739 613.048 616.304 612.494 609.242 605.744 600.966 590.088 -9999.000 -9999.000 -9999.000 -9999.000 -9999.000 -9999.000 -9999.000 -9999.000 -9999.000 -9999.000 -9999.000 -9999.000 -9999.000 -9999.000 -9999.000 -9999.000 -9999.000 -9999.000 -9999.000 -9999.000 -9999.000 -9999.000 -9999.000 -9999.000 -9999.000
551.997 546.448 540.770 538.689 538.482 538.315 542.233 552.131 559.925 564.528 566.859 569.277 568.929 568.280 567.826 564.838 561.328 557.863 556.000 556.274 548.619 543.118 539.692 538.105 540.606 543.007 546.369 555.970 564.259 572.574 586.973 599.525 604.967 602.752 598.062 594.625 588.342 578.657 568.519 558.651 551.844 546.681 541.454 547.830 554.711 564.969 575.024 587.191 599.434 -9999.000 -9999.000 -9999.000 -9999.000 -9999.000 -9999.000 -9999.000 -9999.000 -9999.000 -9999.000 -9999.000 -9999.000 -9999.000 -9999.000 -9999.000
544.218 539.239 534.098 542.085 543.028 543.878 546.884 549.817 552.552 555.118 560.271 569.052 571.555 571.902 571.873 569.900 566.665 564.761 561.911 556.622 555.467 555.684 555.409 560.371 561.853 563.538 556.878 560.487 566.825 573.817 580.623 587.577 591.964 589.064 588.494 580.558 567.211 556.460 548.319 546.590 543.749 536.314 524.122 531.538 547.402 552.310 555.980 567.898 580.290 590.595 592.867 592.617 592.349 589.785 576.039 561.445 546.706 528.162 -9999.000 -9999.000 -9999.000 -9999.000 -9999.000 -9999.000
546.452 544.129 556.203 565.109 566.415 568.925 572.171 571.159 558.961 556.289 564.378 574.470 580.016 579.969 579.666 577.524 576.337 575.771 573.390 574.067 576.359 576.324 580.904 586.451 589.294 581.409 572.406 573.307 581.186 589.454 596.992 607.956 619.669 618.990 613.859 605.484 592.561 569.807 550.827 540.598 534.103 527.472 527.772 525.379 536.896 538.963 541.091 549.644 560.125 570.470 576.459 576.058 575.617 573.315 563.949 549.331 534.678 518.027 492.581 464.226 437.739 436.443 460.211 483.941
556.054 567.992 581.005 594.851 596.900 598.892 598.087 588.607 578.163 574.048 588.554 604.263 612.160 612.528 611.785 618.650 616.879 614.732 609.521 611.444 612.998 622.988 630.352 637.189 635.337 623.523 612.394 610.953 613.715 616.926 623.304 633.886 644.111 639.652 633.169 623.941 596.264 569.989 554.075 555.216 556.198 552.099 549.621 546.914 540.394 540.455 540.149 539.973 552.232 564.841 568.466 562.415 558.864 556.746 548.316 537.402 522.186 505.397 486.561 458.489 451.801 443.372 465.379 489.143
601.300 613.425 630.076 653.008 655.130 657.727 660.225 648.872 636.455 624.971 641.903 651.559 659.856 661.526 671.306 680.848 675.939 667.602 657.366 663.431 675.349 690.004 696.354 699.882 698.991 688.371 682.942 681.372 683.356 680.892 685.335 696.109 711.659 712.005 703.562 682.222 646.977 613.889 594.350 600.703 595.026 589.443 586.545 573.501 563.357 564.073 555.208 549.592 561.499 567.931 569.832 563.379 568.903 561.493 542.961 525.897 510.606 496.270 480.921 473.910 464.675 456.889 469.556 489.654
640.281 657.973 679.718 702.368 710.249 713.299 722.017 715.194 705.741 697.169 706.751 718.416 729.663 739.184 751.283 762.386 753.262 741.672 736.856 741.534 760.076 776.253 781.052 782.396 785.509 777.393 770.858 764.125 758.736 753.034 749.226 767.028 783.510 782.663 760.730 738.383 704.653 669.216 638.558 638.597 637.767 638.061 624.458 610.445 594.824 586.168 578.187 564.757 570.656 576.370 586.592 595.973 596.798 580.443 563.104 543.883 525.365 511.128 506.059 500.731 491.029 484.497 490.901 504.931
734.819 748.168 771.124 801.425 821.891 840.238 843.629 834.631 825.379 811.989 808.910 824.562 835.882 846.121 856.494 868.351 874.026 871.718 871.187 873.969 880.002 887.973 894.333 899.738 905.484 902.934 893.341 886.807 878.160 871.372 869.210 871.510 882.294 881.412 858.056 833.104 803.827 769.644 740.850 724.956 731.923 722.401 706.414 688.551 655.425 640.247 625.830 597.915 594.703 604.021 617.451 627.138 612.202 595.931 577.637 557.307 537.974 531.269 529.901 526.872 520.865 518.183 523.277 536.633
845.194 851.616 882.165 915.095 942.863 965.602 973.275 962.707 952.707 940.781 931.118 934.151 947.560 963.423 978.541 989.315 992.900 991.668 991.868 993.553 996.310 998.923 1004.516 1011.455 1021.373 1032.512 1027.325 1011.081 998.939 985.373 980.588 979.499 978.058 978.807 973.287 944.882 918.992 889.571 862.663 843.708 831.356 814.479 795.024 752.934 715.774 683.818 658.837 632.720 631.584 655.819 686.781 681.359 669.915 653.180 628.878 604.743 580.740 574.418 571.754 566.488 560.037 554.413 549.757 553.534
963.350 969.574 990.195 1025.210 1060.130 1088.086 1091.451 1081.997 1071.460 1060.835 1050.408 1046.905 1053.900 1064.197 1079.407 1090.534 1100.202 1099.666 1100.034 1100.245 1102.108 1103.738 1105.394 1111.961 1123.245 1134.026 1135.306 1122.839 1106.425 1089.562 1082.594 1076.961 1071.820 1072.533 1074.042 1068.661 1045.985 1012.867 972.952 948.394 929.328 918.522 905.226 883.764 837.382 810.926 779.546 748.150 729.850 770.584 770.831 760.402 745.854 722.227 696.256 671.297 646.124 637.931 632.875 625.244 619.072 610.747 600.605 597.106
1075.619 1085.053 1100.469 1122.118 1148.913 1173.989 1190.410 1186.595 1174.404 1157.664 1152.791 1151.562 1153.266 1159.357 1166.694 1181.406 1196.547 1201.743 1202.424 1200.017 1201.957 1202.952 1202.954 1203.768 1208.076 1214.770 1217.248 1212.890 1197.805 1178.615 1164.678 1156.454 1152.388 1150.717 1152.316 1152.408 1142.080 1115.679 1080.654 1049.495 1029.304 1015.269 1003.903 995.201 979.449 964.342 937.072 897.305 864.520 866.138 857.430 846.477 823.117 795.157 770.279 739.218 710.062 693.502 687.351 681.998 674.688 663.581 653.116 646.782
1179.889 1194.584 1212.274 1224.976 1240.482 1260.414 1272.061 1277.461 1277.834 1276.804 1278.603 1278.725 1255.969 1258.637 1261.240 1267.463 1274.729 1277.043 1277.274 1276.346 1277.322 1277.598 1277.748 1277.405 1277.171 1279.014 1279.715 1278.835 1272.895 1274.714 1258.445 1247.064 1239.984 1232.719 1224.634 1215.694 1206.890 1192.222 1167.432 1136.404 1110.880 1100.884 1095.864 1090.996 1087.225 1074.132 1055.114 1027.453 992.119 960.419 952.074 937.018 910.715 889.157 873.426 840.303 807.977 785.298 777.259 761.567 744.677 729.956 713.093 697.200
1273.549 1285.960 1281.630 1284.664 1287.804 1290.924 1291.996 1292.302 1292.160 1289.998 1289.714 1288.171 1283.528 1274.274 1275.749 1277.195 1279.655 1283.112 1281.772 1282.658 1285.537 1284.086 1278.740 1275.261 1273.704 1274.094 1281.088 1284.125 1284.873 1284.094 1283.456 1283.080 1281.823 1280.255 1278.049 1275.230 1277.609 1268.300 1246.583 1215.815 1183.319 1170.469 1167.031 1168.540 1166.654 1161.776 1145.022 1120.188 1086.912 1051.571 1037.316 1025.224 1013.955 1003.412 989.230 954.184 918.670 891.916 874.826 849.828 829.819 811.509 790.071 771.904
1295.308 1292.076 1288.666 1284.127 1282.985 1281.780 1279.487 1280.174 1278.304 1274.541 1271.220 1265.122 1254.730 1243.582 1241.222 1245.822 1250.730 1254.914 1257.932 1261.156 1262.333 1257.782 1250.206 1243.370 1241.477 1247.774 1253.192 1258.201 1258.817 1257.461 1255.543 1255.809 1253.482 1253.985 1260.198 1272.914 1278.776 1280.898 1280.553 1274.429 1263.368 1254.818 1236.226 1239.967 1235.988 1225.446 1205.978 1184.047 1156.786 1130.211 1107.608 1100.150 1095.631 1089.934 1080.847 1048.300 1015.970 985.644 962.161 937.091 914.040 892.747 871.059 848.819
1283.769 1277.076 1269.199 1262.665 1256.345 1254.507 1253.389 1252.873 1253.083 1248.061 1240.750 1226.113 1214.956 1204.048 1198.216 1196.577 1201.651 1211.157 1220.302 1224.801 1218.470 1211.330 1201.084 1193.252 1193.493 1195.792 1204.499 1217.781 1221.879 1222.430 1217.440 1213.083 1207.218 1205.150 1211.619 1225.844 1240.200 1252.986 1260.557 1267.417 1273.453 1277.370 1278.297 1278.763 1277.888 1276.334 1261.949 1242.399 1220.089 1197.595 1172.823 1166.453 1164.445 1160.596 1158.539 1131.753 1098.775 1066.605 1039.175 1013.616 990.675 968.654 945.325 920.659
1250.446 1244.195 1234.620 1224.418 1215.353 1209.787 1210.847 1213.206 1214.327 1208.466 1194.847 1178.384 1165.640 1152.341 1148.685 1144.193 1140.464 1150.959 1167.534 1173.539 1160.567 1151.053 1137.292 1130.072 1127.119 1128.617 1137.773 1156.847 1175.213 1176.105 1166.423 1156.866 1151.784 1148.844 1154.742 1171.869 1190.526 1204.166 1212.843 1217.870 1225.385 1234.290 1245.712 1258.045 1268.313 1276.563 1279.838 1278.127 1273.235 1260.577 1241.205 1228.368 1219.095 1213.820 1205.813 1185.418 1159.370 1133.774 1107.819 1086.092 1067.589 1043.109 1017.765 993.165
1208.469 1202.199 1189.159 1178.055 1167.205 1154.666 1152.084 1149.980 1152.301 1141.973 1132.369 1114.639 1100.012 1085.139 1075.428 1070.014 1064.536 1069.087 1084.453 1093.417 1080.219 1070.120 1057.446 1051.337 1048.051 1049.780 1059.720 1081.385 1099.459 1105.786 1097.421 1091.581 1088.463 1086.557 1091.206 1104.529 1122.982 1142.326 1156.852 1165.062 1171.860 1181.051 1194.439 1207.311 1220.151 1236.020 1254.654 1268.142 1276.644 1280.205 1279.590 1276.458 1272.371 1262.969 1252.322 1235.655 1213.061 1187.180 1161.673 1144.536 1127.786 1110.897 1084.569 1055.547
1166.392 1152.561 1108.402 1092.010 1075.662 1061.895 1057.504 1051.382 1044.786 1036.661 1030.897 1024.637 1010.030 993.512 978.162 973.484 969.694 961.285 966.332 969.581 973.367 966.124 960.293 958.026 955.420 958.427 971.663 983.103 992.724 998.146 995.768 1001.361 1006.183 1008.636 1022.777 1034.618 1050.531 1070.182 1091.885 1103.499 1111.678 1121.353 1135.635 1150.943 1166.974 1187.869 1210.750 1225.180 1235.078 1245.921 1257.387 1270.145 1278.253 1282.935 1281.948 1276.813 1256.740 1232.468 1212.221 1194.738 1180.258 1166.501 1147.223 1112.819
1113.906 1074.838 1034.535 1004.230 987.991 967.956 958.440 949.068 924.640 911.876 907.025 912.862 904.175 888.156 874.964 867.591 861.556 849.252 840.859 845.659 857.733 853.305 851.590 855.495 853.574 849.956 855.065 868.748 876.046 884.790 894.894 897.842 905.261 929.408 941.218 954.441 972.534 992.373 1013.083 1031.403 1042.945 1055.918 1073.098 1088.396 1107.597 1129.446 1156.208 1174.128 1186.989 1197.176 1207.469 1221.797 1240.090 1255.905 1271.077 1281.204 1281.240 1276.068 1255.803 1238.931 1224.238 1215.265 1194.035 1165.193
1014.667 971.077 933.322 906.075 886.373 864.761 848.423 823.719 794.585 776.307 783.058 791.365 793.188 780.321 768.636 759.440 746.522 731.906 720.850 729.525 737.996 746.178 749.496 752.932 755.166 753.669 748.775 753.235 761.042 770.125 779.130 790.882 818.033 840.237 855.142 873.427 891.330 911.841 933.493 952.882 967.016 983.606 1001.046 1020.254 1039.478 1062.698 1090.094 1112.541 1126.281 1138.945 1151.457 1169.095 1190.568 1211.026 1233.029 1252.297 1263.220 1274.679 1281.771 1278.982 1265.221 1252.201 1234.630 1211.885
891.058 851.804 820.257 799.564 777.871 756.999 732.905 704.380 680.380 662.257 670.362 678.424 690.647 679.819 669.704 664.410 650.423 637.186 623.219 630.890 640.718 657.648 661.537 664.679 671.251 669.774 666.819 657.286 664.949 674.086 686.151 711.680 734.193 755.855 774.656 792.475 812.350 833.676 855.277 878.200 895.218 912.029 931.448 949.888 966.575 985.947 1010.402 1031.416 1049.270 1068.225 1082.299 1104.701 1132.153 1158.133 1188.249 1208.921 1223.133 1235.088 1246.949 1263.787 1273.922 1274.593 1268.789 1246.505
743.118 711.830 697.691 682.176 661.899 642.789 623.794 599.994 579.255 556.825 561.731 575.029 589.691 584.777 581.945 579.436 568.825 555.669 542.459 546.191 561.257 577.870 585.060 591.397 598.603 598.350 591.082 582.128 586.993 599.999 614.832 634.270 654.940 674.989 693.475 713.944 735.151 756.598 779.780 803.978 821.681 842.881 865.068 882.450 892.831 905.102 927.197 943.704 963.591 983.931 999.523 1025.804 1057.501 1095.204 1131.783 1164.857 1179.482 1191.814 1201.891 1217.279 1236.106 1253.428 1267.369 1265.875
623.813 609.113 592.703 577.101 561.026 541.942 524.278 507.000 486.325 469.786 475.961 489.672 501.378 504.695 502.194 499.589 492.491 479.140 469.401 477.924 493.184 507.862 517.837 524.317 530.116 527.131 518.583 512.332 519.755 534.429 548.313 564.471 584.586 604.433 624.489 645.390 666.118 689.015 712.547 736.397 759.898 781.166 800.971 810.331 820.006 825.754 839.910 856.037 874.067 894.925 916.540 943.135 980.838 1019.201 1056.022 1091.721 1118.406 1135.792 1150.445 1169.373 1189.169 1205.510 1218.860 1230.845
543.467 520.145 504.956 496.803 483.533 465.729 453.490 437.690 421.213 421.882 425.419 437.091 438.762 439.755 437.121 436.323 432.252 421.853 428.935 436.448 451.008 461.666 470.924 476.964 480.861 480.493 473.792 476.896 483.534 497.490 508.635 522.888 542.720 559.106 577.390 598.142 619.494 641.882 665.651 691.317 714.233 732.221 740.223 749.533 754.007 747.102 759.478 772.455 785.044 805.256 825.539 850.018 887.017 929.266 973.206 1009.340 1047.677 1069.912 1091.645 1112.694 1135.146 1155.663 1171.969 1183.568
455.572 432.975 425.277 415.204 404.549 392.199 379.118 368.256 369.533 367.542 366.977 368.320 371.451 374.325 373.598 372.657 373.792 380.511 384.785 390.266 400.409 411.425 421.832 425.679 429.765 432.824 436.354 438.750 442.721 453.594 464.953 477.578 493.732 510.488 528.512 549.809 571.493 594.674 620.037 645.790 665.510 674.260 683.388 686.256 680.806 675.741 682.010 693.292 702.643 720.947 741.624 758.148 798.484 844.772 887.064 921.872 956.106 989.480 1015.004 1038.468 1068.101 1093.409 1119.386 1134.776
389.920 373.123 363.392 353.559 343.510 330.704 321.164 319.863 317.722 315.838 314.303 317.739 321.474 325.836 325.640 326.199 328.890 333.151 339.023 348.087 358.827 370.636 385.000 389.459 393.931 399.329 401.841 404.839 408.870 419.883 431.267 443.188 459.663 476.800 495.257 516.857 541.642 570.308 596.151 621.625 643.299 651.921 655.807 653.934 647.786 635.110 633.673 643.847 646.440 658.522 677.728 688.830 721.775 764.182 793.752 827.707 863.719 909.587 936.299 966.621 996.431 1025.652 1054.090 1068.893
331.956 313.260 300.954 290.782 281.508 274.046 272.113 269.367 267.700 266.534 264.986 267.276 271.529 275.625 277.695 280.385 283.602 289.725 298.624 307.093 318.874 333.361 348.106 354.300 359.648 365.200 369.096 373.147 376.888 386.911 398.391 409.295 426.286 444.388 462.898 488.076 517.126 546.447 571.803 596.653 621.093 624.416 625.582 624.886 611.221 596.023 589.962 592.349 593.166 599.734 611.182 622.591 648.112 674.808 703.494 738.566 784.187 828.859 859.475 889.238 918.526 944.369 964.775 982.630
278.731 260.617 246.237 237.491 233.943 232.383 229.186 230.035 231.283 229.996 226.454 225.923 230.739 234.527 237.115 240.505 250.825 260.663 268.189 275.217 287.614 301.909 317.305 327.113 333.167 342.268 349.538 353.611 356.234 365.113 375.306 380.253 395.995 414.340 441.749 472.177 501.951 532.766 559.140 584.138 606.749 606.999 607.071 606.384 590.552 574.982 557.300 560.499 561.562 549.005 561.364 572.948 589.255 615.721 639.859 676.481 720.181 753.703 783.524 812.933 840.453 861.085 879.728 894.228
