examples/3D/Borden05m/output-maps-METEOIO-ON/psiliqL0012N0003.asc
ncols         160
nrows         34
xllcorner     620200.000000
yllcorner     5168000.000000
cellsize      0.500000
NODATA_value  -9999.0
[rows 0 to 28 of 34, columns 64 to 127 of 160]
-9999.000 -9999.000 -9999.000 -9999.000 -9999.000 -9999.000 -9999.000 -9999.000 -9999.000 -9999.000 -9999.000 -9999.000 -9999.000 -9999.000 -9999.000 -9999.000 -9999.000 -9999.000 -9999.000 -9999.000 -9999.000 -9999.000 -9999.000 -9999.000 -9999.000 -9999.000 -9999.000 -9999.000 -9999.000 -9999.000 -9999.000 -9999.000 -9999.000 -9999.000 -9999.000 -9999.000 -9999.000 -9999.000 -9999.000 -9999.000 -9999.000 -9999.000 -9999.000 -9999.000 -9999.000 -9999.000 -9999.000 -9999.000 -9999.000 -9999.000 -9999.000 -9999.000 -9999.000 -9999.000 -9999.000 -9999.000 -9999.000 -9999.000 -9999.000 -9999.000 -9999.000 -9999.000 -9999.000 -9999.000
567.584 558.926 554.739 553.609 552.591 551.995 557.057 564.859 572.324 579.343 581.603 583.905 586.035 586.416 585.069 581.747 578.381 574.917 573.360 565.179 553.750 544.881 542.102 546.530 551.016 553.545 559.495 570.321 581.231 589.881 601.856 607.749 613.060 616.317 612.509 609.259 605.762 600.986 590.109 -9999.000 -9999.000 -9999.000 -9999.000 -9999.000 -9999.000 -9999.000 -9999.000 -9999.000 -9999.000 -9999.000 -9999.000 -9999.000 -9999.000 -9999.000 -9999.000 -9999.000 -9999.000 -9999.000 -9999.000 -9999.000 -9999.000 -9999.000 -9999.000 -9999.000
551.997 546.448 540.770 538.689 538.483 538.316 542.234 552.131 559.925 564.528 566.860 569.278 568.930 568.281 567.827 564.839 561.330 557.864 556.002 556.276 548.621 543.121 539.695 538.109 540.611 543.012 546.375 555.977 564.267 572.582 586.982 599.535 604.979 602.766 598.077 594.642 588.361 578.678 568.542 558.678 551.875 546.716 541.493 547.873 554.759 565.022 575.082 587.254 599.501 -9999.000 -9999.000 -9999.000 -9999.000 -9999.000 -9999.000 -9999.000 -9999.000 -9999.000 -9999.000 -9999.000 -9999.000 -9999.000 -9999.000 -9999.000
544.219 539.239 534.098 542.085 543.028 543.878 546.884 549.818 552.552 555.118 560.272 569.053 571.556 571.903 571.874 569.901 566.667 564.763 561.913 556.624 555.469 555.687 555.412 560.375 561.858 563.543 556.884 560.494 566.833 573.826 580.633 587.588 591.976 589.078 588.510 580.576 567.231 556.482 548.344 546.618 543.781 536.350 524.162 531.582 547.451 552.364 556.040 567.964 580.363 590.678 592.960 592.720 592.462 589.910 576.175 561.592 546.864 528.329 -9999.000 -9999.000 -9999.000 -9999.000 -9999.000 -9999.000
546.452 544.129 556.204 565.109 566.415 568.926 572.172 571.159 558.961 556.290 564.379 574.471 580.017 579.970 579.667 577.525 576.338 575.773 573.392 574.069 576.362 576.328 580.908 586.455 589.299 581.415 572.413 573.314 581.194 589.464 597.002 607.967 619.682 619.005 613.875 605.503 592.581 569.830 550.854 540.627 534.136 527.509 527.814 525.425 536.947 539.019 541.153 549.713 560.202 570.556 576.554 576.163 575.732 573.442 564.088 549.482 534.843 518.208 492.786 464.452 437.985 436.706 460.490 484.230
556.054 567.992 581.006 594.851 596.900 598.893 598.087 588.607 578.163 574.049 588.555 604.264 612.161 612.529 611.786 618.652 616.881 614.734 609.524 611.446 613.001 622.992 630.356 637.194 635.343 623.529 612.401 610.960 613.723 616.936 623.315 633.898 644.125 639.668 633.186 623.961 596.286 570.014 554.103 555.247 556.233 552.139 549.664 546.963 540.448 540.515 540.215 540.046 552.313 564.931 568.565 562.524 558.985 556.878 548.461 537.560 522.360 505.588 486.773 458.721 452.053 443.643 465.666 489.447
601.300 613.425 630.076 653.009 655.131 657.727 660.226 648.873 636.455 624.971 641.904 651.560 659.857 661.527 671.307 680.850 675.941 667.604 657.368 663.434 675.352 690.007 696.358 699.887 698.996 688.377 682.949 681.380 683.366 680.902 685.347 696.122 711.674 712.022 703.581 682.243 647.001 613.916 594.380 600.737 595.063 589.485 586.592 573.553 563.415 564.137 555.279 549.671 561.585 568.027 569.938 563.496 569.032 561.633 543.115 526.066 510.790 496.473 481.144 474.153 464.938 457.171 469.856 489.972
640.281 657.974 679.718 702.368 710.249 713.299 722.017 715.194 705.742 697.170 706.752 718.417 729.664 739.186 751.285 762.388 753.264 741.675 736.858 741.537 760.080 776.257 781.057 782.401 785.516 777.400 770.866 764.134 758.746 753.046 749.239 767.042 783.527 782.682 760.751 738.407 704.679 669.245 638.591 638.634 637.808 638.107 624.509 610.502 594.887 586.238 578.264 564.843 570.750 576.474 586.707 596.099 596.937 580.595 563.270 544.064 525.563 511.345 506.295 500.987 491.306 484.794 491.217 505.266
734.819 748.169 771.124 801.425 821.892 840.238 843.629 834.631 825.379 811.990 808.911 824.563 835.883 846.122 856.496 868.353 874.028 871.720 871.190 873.972 880.006 887.977 894.338 899.744 905.491 902.941 893.350 886.817 878.172 871.385 869.225 871.527 882.313 881.433 858.080 833.131 803.856 769.677 740.887 724.997 731.969 722.452 706.470 688.614 655.495 640.324 625.915 598.010 594.808 604.137 617.578 627.277 612.356 596.099 577.819 557.505 538.190 531.504 530.156 527.147 521.162 518.501 523.617 536.994
845.194 851.617 882.165 915.095 942.863 965.603 973.276 962.707 952.708 940.782 931.119 934.152 947.561 963.425 978.543 989.317 992.902 991.671 991.871 993.557 996.314 998.928 1004.522 1011.462 1021.381 1032.520 1027.335 1011.092 998.952 985.387 980.605 979.517 978.079 978.830 973.314 944.912 919.026 889.608 862.705 843.754 831.408 814.537 795.088 753.005 715.853 683.905 658.933 632.826 631.702 655.949 686.923 681.515 670.086 653.367 629.081 604.965 580.980 574.679 572.035 566.791 560.362 554.762 550.129 553.930
963.351 969.574 990.195 1025.211 1060.130 1088.087 1091.452 1081.998 1071.461 1060.836 1050.409 1046.907 1053.902 1064.199 1079.409 1090.536 1100.205 1099.669 1100.037 1100.249 1102.112 1103.743 1105.400 1111.969 1123.253 1134.036 1135.317 1122.852 1106.439 1089.578 1082.613 1076.982 1071.844 1072.559 1074.072 1068.695 1046.022 1012.909 972.999 948.446 929.387 918.587 905.299 883.845 837.471 811.026 779.656 748.271 729.984 770.731 770.992 760.579 746.048 722.438 696.486 671.547 646.395 638.224 633.191 625.584 619.437 611.138 601.022 597.549
1075.619 1085.054 1100.469 1122.119 1148.914 1173.990 1190.411 1186.596 1174.405 1157.665 1152.792 1151.563 1153.267 1159.359 1166.696 1181.409 1196.550 1201.747 1202.428 1200.021 1201.962 1202.959 1202.961 1203.776 1208.085 1214.781 1217.260 1212.904 1197.821 1178.632 1164.698 1156.477 1152.414 1150.747 1152.350 1152.446 1142.123 1115.727 1080.707 1049.555 1029.371 1015.343 1003.986 995.294 979.552 964.456 937.199 897.445 864.674 866.307 857.615 846.680 823.339 795.399 770.542 739.504 710.371 693.836 687.711 682.384 675.103 664.024 653.589 647.285
1179.889 1194.584 1212.275 1224.977 1240.483 1260.414 1272.062 1277.462 1277.835 1276.805 1278.604 1278.726 1255.971 1258.639 1261.242 1267.465 1274.732 1277.047 1277.278 1276.350 1277.328 1277.605 1277.755 1277.413 1277.180 1279.025 1279.728 1278.849 1272.912 1274.733 1258.467 1247.089 1240.013 1232.752 1224.671 1215.735 1206.937 1192.275 1167.492 1136.471 1110.956 1100.968 1095.959 1091.102 1087.343 1074.263 1055.260 1027.614 992.297 960.614 952.288 937.253 910.972 889.438 873.732 840.634 808.334 785.684 777.673 762.012 745.153 730.465 713.635 697.776
1273.550 1285.960 1281.630 1284.665 1287.805 1290.925 1291.996 1292.303 1292.161 1289.999 1289.716 1288.173 1283.530 1274.276 1275.752 1277.198 1279.658 1283.115 1281.777 1282.663 1285.543 1284.092 1278.748 1275.270 1273.714 1274.106 1281.101 1284.141 1284.891 1284.114 1283.479 1283.106 1281.853 1280.289 1278.088 1275.274 1277.660 1268.357 1246.647 1215.889 1183.402 1170.563 1167.137 1168.658 1166.787 1161.924 1145.187 1120.372 1087.115 1051.796 1037.564 1025.497 1014.254 1003.740 989.587 954.571 919.088 892.367 875.309 850.346 830.373 812.101 790.700 772.572
1295.309 1292.076 1288.666 1284.127 1282.985 1281.781 1279.488 1280.175 1278.305 1274.543 1271.221 1265.124 1254.732 1243.584 1241.225 1245.825 1250.733 1254.918 1257.937 1261.161 1262.339 1257.788 1250.214 1243.379 1241.487 1247.785 1253.206 1258.217 1258.835 1257.481 1255.567 1255.836 1253.513 1254.020 1260.239 1272.960 1278.828 1280.959 1280.622 1274.507 1263.457 1254.919 1236.340 1240.096 1236.134 1225.610 1206.161 1184.253 1157.015 1130.466 1107.891 1100.463 1095.976 1090.314 1081.262 1048.751 1016.460 986.172 962.729 937.700 914.691 893.441 871.797 849.602
1283.769 1277.077 1269.199 1262.665 1256.345 1254.508 1253.390 1252.874 1253.084 1248.063 1240.751 1226.114 1214.957 1204.050 1198.219 1196.580 1201.655 1211.161 1220.307 1224.806 1218.476 1211.337 1201.092 1193.260 1193.503 1195.803 1204.513 1217.796 1221.896 1222.450 1217.463 1213.109 1207.249 1205.186 1211.660 1225.891 1240.254 1253.048 1260.628 1267.499 1273.546 1277.477 1278.418 1278.901 1278.044 1276.510 1262.149 1242.623 1220.341 1197.877 1173.137 1166.803 1164.833 1161.026 1159.013 1132.272 1099.341 1067.219 1039.839 1014.331 991.442 969.474 946.198 921.586
1250.446 1244.196 1234.621 1224.418 1215.353 1209.788 1210.848 1213.207 1214.328 1208.467 1194.848 1178.386 1165.641 1152.343 1148.687 1144.195 1140.467 1150.963 1167.538 1173.544 1160.573 1151.059 1137.299 1130.081 1127.128 1128.628 1137.786 1156.862 1175.230 1176.125 1166.445 1156.892 1151.814 1148.879 1154.782 1171.916 1190.580 1204.228 1212.914 1217.953 1225.480 1234.400 1245.837 1258.188 1268.477 1276.749 1280.050 1278.366 1273.506 1260.881 1241.547 1228.751 1219.523 1214.296 1206.340 1186.001 1160.010 1134.475 1108.583 1086.922 1068.485 1044.074 1018.797 994.264
1208.469 1202.200 1189.160 1178.055 1167.205 1154.667 1152.084 1149.981 1152.302 1141.974 1132.370 1114.641 1100.014 1085.141 1075.430 1070.016 1064.539 1069.091 1084.457 1093.422 1080.224 1070.126 1057.453 1051.345 1048.060 1049.790 1059.732 1081.399 1099.475 1105.805 1097.443 1091.606 1088.492 1086.591 1091.245 1104.574 1123.034 1142.386 1156.922 1165.144 1171.954 1181.161 1194.565 1207.457 1220.318 1236.212 1254.872 1268.391 1276.928 1280.526 1279.953 1276.867 1272.831 1263.484 1252.896 1236.294 1213.768 1187.961 1162.531 1145.476 1128.811 1112.009 1085.770 1056.837
1166.392 1152.562 1108.402 1092.010 1075.663 1061.895 1057.504 1051.383 1044.787 1036.662 1030.898 1024.638 1010.032 993.514 978.164 973.487 969.697 961.288 966.336 969.585 973.372 966.129 960.299 958.033 955.428 958.436 971.674 983.116 992.739 998.163 995.788 1001.385 1006.210 1008.668 1022.814 1034.661 1050.581 1070.240 1091.953 1103.578 1111.770 1121.461 1135.759 1151.087 1167.141 1188.061 1210.971 1225.434 1235.369 1246.253 1257.765 1270.574 1278.737 1283.481 1282.561 1277.500 1257.505 1233.319 1213.164 1195.778 1181.401 1167.753 1148.588 1114.301
1113.906 1074.839 1034.535 1004.230 987.991 967.956 958.441 949.069 924.641 911.877 907.026 912.863 904.176 888.157 874.966 867.593 861.558 849.255 840.862 845.663 857.737 853.310 851.596 855.502 853.582 849.965 855.076 868.760 876.060 884.806 894.913 897.864 905.286 929.438 941.253 954.482 972.581 992.428 1013.147 1031.479 1043.033 1056.020 1073.218 1088.536 1107.760 1129.635 1156.428 1174.381 1187.281 1197.512 1207.854 1222.236 1240.590 1256.473 1271.719 1281.928 1282.052 1276.976 1256.816 1240.056 1225.484 1216.641 1195.548 1166.851
1014.667 971.077 933.322 906.075 886.373 864.761 848.424 823.720 794.585 776.308 783.058 791.367 793.189 780.322 768.637 759.442 746.524 731.908 720.853 729.529 738.000 746.182 749.501 752.938 755.173 753.677 748.785 753.246 761.055 770.141 779.148 790.902 818.057 840.265 855.174 873.465 891.374 911.893 933.553 952.953 967.099 983.703 1001.160 1020.387 1039.634 1062.879 1090.306 1112.788 1126.567 1139.276 1151.840 1169.536 1191.074 1211.605 1233.689 1253.046 1264.066 1275.632 1282.840 1280.178 1266.553 1253.682 1236.270 1213.696
891.058 851.804 820.257 799.565 777.871 756.999 732.906 704.381 680.380 662.258 670.363 678.425 690.648 679.820 669.706 664.411 650.425 637.188 623.222 630.893 640.721 657.653 661.542 664.684 671.257 669.782 666.828 657.297 664.962 674.100 686.168 711.699 734.216 755.881 774.687 792.512 812.392 833.725 855.335 878.267 895.297 912.121 931.556 950.014 966.722 986.120 1010.603 1031.651 1049.545 1068.545 1082.672 1105.134 1132.655 1158.712 1188.914 1209.682 1223.999 1236.071 1248.059 1265.037 1275.323 1276.159 1270.534 1248.444
743.118 711.830 697.691 682.176 661.899 642.789 623.794 599.995 579.256 556.825 561.731 575.030 589.692 584.778 581.946 579.438 568.826 555.671 542.462 546.194 561.261 577.874 585.065 591.402 598.610 598.358 591.090 582.138 587.005 600.012 614.848 634.289 654.961 675.015 693.505 713.979 735.191 756.645 779.835 804.042 821.756 842.968 865.170 882.569 892.970 905.265 927.388 943.926 963.851 984.235 999.879 1026.220 1057.987 1095.771 1132.439 1165.615 1180.352 1192.809 1203.023 1218.562 1237.555 1255.058 1269.196 1267.916
623.814 609.114 592.704 577.101 561.027 541.942 524.279 507.000 486.325 469.786 475.962 489.673 501.379 504.696 502.195 499.591 492.493 479.142 469.403 477.926 493.188 507.866 517.841 524.322 530.123 527.138 518.591 512.342 519.767 534.442 548.328 564.489 584.607 604.458 624.518 645.423 666.157 689.060 712.600 736.458 759.970 781.250 801.068 810.445 820.139 825.908 840.090 856.247 874.313 895.212 916.876 943.529 981.301 1019.743 1056.656 1092.459 1119.261 1136.778 1151.577 1170.667 1190.641 1207.177 1220.741 1232.960
543.467 520.145 504.956 496.803 483.534 465.729 453.491 437.690 421.214 421.883 425.419 437.091 438.763 439.756 437.122 436.324 432.253 421.855 428.937 436.451 451.011 461.670 470.928 476.969 480.867 480.500 473.800 476.906 483.545 497.503 508.650 522.905 542.741 559.129 577.418 598.174 619.532 641.926 665.702 691.377 714.302 732.302 740.317 749.642 754.134 747.251 759.650 772.656 785.278 805.528 825.857 850.391 887.454 929.779 973.808 1010.045 1048.500 1070.868 1092.752 1113.970 1136.611 1157.336 1173.873 1185.723
455.572 432.975 425.277 415.204 404.549 392.199 379.119 368.257 369.534 367.542 366.977 368.320 371.452 374.326 373.599 372.658 373.794 380.513 384.787 390.268 400.412 411.429 421.836 425.684 429.770 432.831 436.361 438.759 442.731 453.607 464.968 477.595 493.751 510.511 528.538 549.840 571.529 594.716 620.087 645.848 665.578 674.339 683.480 686.362 680.929 675.884 682.176 693.485 702.867 721.208 741.928 758.503 798.899 845.257 887.632 922.537 956.884 990.389 1016.063 1039.698 1069.526 1095.052 1121.270 1136.929
389.920 373.123 363.392 353.559 343.510 330.704 321.164 319.863 317.722 315.839 314.303 317.739 321.474 325.837 325.641 326.200 328.891 333.153 339.025 348.090 358.830 370.639 385.004 389.464 393.937 399.336 401.848 404.847 408.880 419.895 431.281 443.204 459.682 476.822 495.283 516.888 541.678 570.350 596.200 621.682 643.366 651.998 655.897 654.038 647.906 635.249 633.834 644.034 646.657 658.773 678.020 689.170 722.170 764.644 794.291 828.335 864.453 910.443 937.299 967.786 997.787 1027.225 1055.910 1070.989
331.956 313.260 300.954 290.782 281.508 274.047 272.113 269.367 267.701 266.535 264.986 267.277 271.530 275.626 277.696 280.387 283.604 289.727 298.626 307.095 318.877 333.364 348.110 354.304 359.654 365.207 369.103 373.156 376.898 386.922 398.404 409.311 426.305 444.410 462.923 488.106 517.162 546.487 571.851 596.708 621.157 624.492 625.669 624.988 611.338 596.158 590.118 592.530 593.376 599.977 611.465 622.919 648.493 675.251 704.009 739.164 784.883 829.668 860.416 890.334 919.800 945.850 966.493 984.619
278.731 260.618 246.237 237.492 233.943 232.383 229.186 230.036 231.283 229.997 226.454 225.923 230.739 234.528 237.116 240.506 250.827 260.665 268.191 275.219 287.617 301.912 317.308 327.117 333.172 342.274 349.545 353.619 356.243 365.124 375.320 380.269 396.013 414.361 441.774 472.206 501.985 532.807 559.187 584.193 606.812 607.073 607.157 606.484 590.667 575.114 557.453 560.677 561.768 549.243 561.639 573.267 589.625 616.149 640.356 677.057 720.848 754.476 784.419 813.970 841.653 862.474 881.336 896.088
