examples/3D/Borden05m/output-maps-METEOIO-ON/psiliqL0010N0004.asc
ncols         160
nrows         34
xllcorner     620200.000000
yllcorner     5168000.000000
cellsize      0.500000
NODATA_value  -9999.0
[rows 0 to 28 of 34, columns 66 to 131 of 160]
-9999.000 -9999.000 -9999.000 -9999.000 -9999.000 -9999.000 -9999.000 -9999.000 -9999.000 -9999.000 -9999.000 -9999.000 -9999.000 -9999.000 -9999.000 -9999.000 -9999.000 -9999.000 -9999.000 -9999.000 -9999.000 -9999.000 -9999.000 -9999.000 -9999.000 -9999.000 -9999.000 -9999.000 -9999.000 -9999.000 -9999.000 -9999.000 -9999.000 -9999.000 -9999.000 -9999.000 -9999.000 -9999.000 -9999.000 -9999.000 -9999.000 -9999.000 -9999.000 -9999.000 -9999.000 -9999.000 -9999.000 -9999.000 -9999.000 -9999.000 -9999.000 -9999.000 -9999.000 -9999.000 -9999.000 -9999.000 -9999.000 -9999.000 -9999.000 -9999.000 -9999.000 -9999.000 -9999.000 -9999.000 -9999.000 -9999.000
154.907 153.788 152.750 152.167 157.266 165.040 172.493 179.542 181.788 184.092 186.271 186.680 185.311 181.984 178.622 175.154 173.623 165.327 153.858 144.911 142.121 146.586 151.094 153.634 159.695 170.586 181.540 190.201 202.091 207.823 213.127 216.477 212.692 209.440 206.009 201.425 190.579 -9999.000 -9999.000 -9999.000 -9999.000 -9999.000 -9999.000 -9999.000 -9999.000 -9999.000 -9999.000 -9999.000 -9999.000 -9999.000 -9999.000 -9999.000 -9999.000 -9999.000 -9999.000 -9999.000 -9999.000 -9999.000 -9999.000 -9999.000 -9999.000 -9999.000 -9999.000 -9999.000 -9999.000 -9999.000
140.858 138.868 138.642 138.479 142.446 152.232 160.038 164.659 166.958 169.326 169.164 168.544 168.067 165.076 161.571 158.102 156.246 156.356 148.697 143.271 139.916 138.528 140.997 143.357 146.546 156.211 164.556 172.920 187.207 199.668 205.073 202.902 198.194 194.806 188.682 179.148 168.988 158.872 151.963 146.825 141.765 148.132 154.869 165.262 175.505 187.690 199.932 -9999.000 -9999.000 -9999.000 -9999.000 -9999.000 -9999.000 -9999.000 -9999.000 -9999.000 -9999.000 -9999.000 -9999.000 -9999.000 -9999.000 -9999.000 -9999.000 -9999.000 -9999.000 -9999.000
134.549 142.260 143.210 144.097 147.093 150.194 152.602 155.204 160.345 169.113 171.586 171.933 171.907 169.948 166.728 164.844 161.996 156.715 155.660 155.966 155.842 160.934 162.413 163.923 157.095 160.587 166.936 173.931 180.919 187.987 192.636 189.787 189.044 181.158 167.845 156.955 148.708 146.691 143.858 136.487 124.506 131.787 147.611 152.533 156.358 168.398 180.806 191.081 193.220 192.984 192.735 190.234 176.512 161.946 147.273 128.756 -9999.000 -9999.000 -9999.000 -9999.000 -9999.000 -9999.000 -9999.000 -9999.000 -9999.000 -9999.000
156.821 165.835 167.149 169.692 172.856 171.594 159.219 156.471 164.693 174.865 180.484 180.420 180.142 178.235 177.058 176.454 174.001 174.860 177.269 177.588 182.410 187.974 190.752 182.484 173.394 174.101 181.894 190.038 197.566 208.640 220.483 219.661 214.431 206.063 193.058 170.247 151.044 140.907 134.617 128.066 127.972 125.900 137.080 139.179 141.247 149.976 160.479 170.781 176.742 176.390 176.005 173.742 164.421 149.837 135.228 118.730 93.477 65.226 38.436 37.357 61.130 84.876 -9999.000 -9999.000 -9999.000 -9999.000
182.535 196.784 198.865 200.905 200.186 190.440 179.989 175.681 190.382 205.964 213.882 214.390 214.176 221.594 219.562 217.044 211.575 213.677 215.810 226.464 233.789 240.470 238.549 226.816 215.857 214.216 216.588 219.261 225.463 236.103 246.482 242.063 235.375 225.864 197.872 171.055 154.889 156.129 157.126 153.059 150.501 147.522 140.642 140.671 140.434 140.265 152.525 165.042 168.682 162.733 159.264 157.177 148.679 137.864 122.751 106.019 87.334 59.289 52.391 44.276 66.275 90.046 110.998 135.517 164.187 193.121
233.051 256.187 258.714 261.640 264.701 253.581 241.285 229.592 245.801 255.271 263.745 266.036 276.499 286.182 281.089 272.463 262.492 268.631 281.336 295.928 302.057 305.337 304.974 294.821 289.581 287.566 288.906 285.915 289.752 300.810 316.446 317.022 307.830 286.264 251.250 217.599 197.047 202.663 196.967 191.487 188.176 174.832 164.252 164.694 155.706 149.946 161.747 168.107 170.089 163.842 169.438 161.943 143.748 126.626 111.236 96.914 81.851 74.711 65.485 57.824 70.395 90.563 110.526 135.292 164.052 191.611
285.593 308.656 317.871 322.310 330.908 324.115 314.866 306.148 314.047 325.945 337.348 347.420 359.450 370.657 362.592 351.786 347.771 352.120 369.661 384.953 389.755 391.426 395.066 387.975 381.196 373.987 367.776 361.632 357.543 374.267 390.023 389.079 367.078 344.773 311.864 276.741 245.163 243.341 242.858 242.711 228.594 214.242 197.400 187.856 179.660 165.665 171.098 176.974 187.518 197.230 197.524 181.204 163.905 144.684 126.058 111.808 106.953 101.781 92.209 85.816 92.115 106.101 120.641 132.707 159.279 186.529
380.888 411.845 433.518 452.892 456.210 446.940 437.590 424.005 419.739 434.217 445.498 456.014 466.674 478.422 484.859 483.211 482.870 485.428 490.399 497.443 503.750 509.492 515.687 514.662 505.542 498.361 489.257 481.673 479.312 480.299 489.685 489.130 467.651 442.961 414.498 380.905 352.180 334.881 340.116 329.530 313.564 294.635 260.474 243.851 228.706 200.092 196.398 206.562 220.521 229.435 214.156 197.894 179.442 158.999 139.304 132.676 131.364 128.354 122.470 119.820 124.662 137.790 140.726 151.513 169.061 183.106
491.987 524.803 552.974 575.716 583.466 573.150 563.121 551.426 541.641 543.526 556.383 571.990 587.138 597.833 601.635 600.455 600.676 602.157 604.880 607.249 612.428 619.265 629.365 640.951 636.521 620.384 607.829 593.608 588.248 586.801 584.597 585.297 581.390 554.943 529.877 500.843 472.881 453.097 438.999 422.308 403.549 362.790 325.646 293.587 267.690 240.962 238.462 263.566 292.747 285.954 274.578 257.584 233.127 208.781 184.217 177.492 174.654 169.238 162.795 156.962 151.814 155.097 157.993 169.768 180.021 189.847
599.431 633.487 667.754 695.228 699.104 690.278 679.860 669.018 659.169 655.730 661.902 671.451 685.917 697.143 707.331 707.199 707.589 707.567 709.360 710.915 712.281 718.396 729.120 739.354 740.948 729.434 713.250 696.267 688.645 682.547 677.376 677.849 679.304 675.458 654.047 621.917 582.080 556.388 536.755 525.965 513.203 494.516 451.077 426.502 396.047 364.020 342.845 379.549 376.987 366.590 351.468 327.520 301.843 276.581 250.885 241.779 236.522 228.850 222.583 214.079 203.735 199.860 194.380 191.963 199.377 206.819
708.933 729.028 754.533 778.920 795.487 792.263 780.928 765.001 760.862 759.883 761.304 766.885 773.399 787.393 801.893 807.002 807.654 805.288 807.155 808.066 808.051 808.552 812.233 818.450 820.794 816.950 802.761 784.218 769.905 761.430 757.271 755.206 756.281 755.911 746.256 721.237 687.628 656.308 635.387 621.180 610.223 602.087 588.876 574.650 548.742 510.226 476.761 472.980 464.128 453.077 429.648 402.224 378.402 347.224 317.441 299.590 293.001 286.996 279.059 267.667 256.856 250.033 236.527 228.663 235.484 234.070
817.436 829.180 843.610 862.532 873.482 878.903 879.585 879.013 880.903 880.989 864.350 866.469 868.516 873.079 879.104 880.921 881.089 880.408 881.255 881.457 881.646 881.308 880.685 882.036 882.549 881.902 876.985 876.301 860.610 849.549 842.646 835.534 827.480 818.619 809.987 796.141 772.281 741.770 715.654 705.358 700.514 696.202 692.736 680.252 661.818 635.303 600.664 567.471 558.216 543.343 518.256 498.015 483.291 450.596 417.932 394.320 385.294 368.505 350.897 335.804 318.455 302.030 285.161 268.355 267.036 264.603
884.582 886.807 889.110 891.398 892.183 892.408 892.304 890.176 889.968 888.559 883.738 874.669 876.124 877.494 879.930 883.344 881.970 882.821 885.690 884.286 879.048 875.661 874.108 874.406 881.334 884.304 885.021 884.640 884.051 883.773 882.848 881.695 880.074 878.002 878.487 869.605 848.860 819.548 788.385 774.762 770.547 772.315 770.394 765.645 749.048 724.652 692.070 657.264 641.931 630.179 620.062 610.393 596.971 562.686 527.354 500.017 481.998 456.763 436.502 417.948 396.422 378.023 358.809 335.621 328.734 324.083
888.771 884.285 883.207 882.025 879.754 880.450 878.583 874.866 871.654 865.841 855.628 844.485 842.309 846.954 851.752 855.788 858.588 861.736 863.092 858.682 851.238 844.512 842.584 848.793 854.162 858.941 859.519 858.171 856.344 856.691 854.512 855.064 861.150 873.558 879.905 881.455 881.195 876.696 868.576 856.973 838.601 842.010 838.144 827.747 808.587 787.052 760.447 734.542 711.415 703.978 699.693 694.234 685.948 654.464 622.522 592.036 568.084 543.136 520.103 498.753 477.110 454.722 430.864 407.008 387.684 365.962
869.740 863.311 857.159 855.398 854.194 853.637 853.802 848.821 841.813 827.538 816.444 805.559 799.744 798.433 803.754 812.994 821.676 826.092 820.214 813.276 803.272 795.476 795.687 798.180 806.767 819.506 823.080 823.597 818.837 814.810 809.072 807.163 813.644 827.711 841.704 854.066 861.404 868.143 874.025 878.797 879.462 879.786 879.125 876.897 863.059 844.215 822.938 800.937 776.392 769.662 767.372 763.513 761.509 735.711 703.333 671.535 644.073 618.741 596.212 574.326 551.019 526.425 502.450 475.193 445.276 421.373
835.732 825.650 816.677 811.420 812.482 814.839 815.874 810.227 796.869 780.606 767.970 754.753 751.136 746.855 743.723 754.275 770.368 776.164 763.667 754.362 740.819 733.503 730.710 732.320 741.513 760.068 777.561 778.276 768.792 759.443 754.314 751.424 757.527 774.727 793.067 806.345 814.766 819.760 827.249 836.096 847.100 859.074 869.048 877.866 880.336 879.048 875.425 861.975 843.383 830.806 821.324 815.896 807.752 787.935 762.460 737.237 711.438 690.073 672.003 648.184 623.061 598.493 569.251 537.430 505.670 480.250
791.783 780.869 770.321 758.131 755.736 754.031 756.530 746.369 736.507 718.575 704.046 689.275 680.108 674.735 669.438 674.938 690.593 699.638 685.874 675.710 662.725 656.373 653.099 654.715 664.583 686.576 704.618 710.634 702.119 695.595 692.011 690.067 694.477 708.203 726.754 745.655 759.529 767.505 774.313 783.525 796.778 809.488 822.127 837.703 855.697 868.806 877.104 881.162 880.655 878.293 873.203 864.040 853.698 837.603 815.455 789.835 764.495 747.472 730.944 714.748 689.237 660.198 630.767 598.211 565.793 538.761
712.903 697.204 681.227 667.811 663.753 657.963 652.803 644.740 638.764 631.200 616.478 600.090 585.081 580.424 576.586 569.539 576.062 579.724 581.597 574.167 567.632 564.725 562.085 565.359 578.676 590.696 600.967 606.196 602.728 607.579 611.924 613.209 626.920 638.942 654.983 674.569 695.709 706.773 714.787 724.392 738.560 753.779 769.593 790.304 812.743 826.902 836.635 847.353 858.538 870.962 879.498 883.615 882.783 877.507 858.089 834.631 814.516 797.112 782.737 769.388 750.747 716.973 687.090 655.966 625.882 596.481
640.485 610.681 594.545 575.018 566.080 557.746 535.427 523.344 517.781 522.197 512.680 496.519 483.099 476.017 470.477 458.992 452.189 456.787 467.868 462.602 460.099 463.389 461.252 458.119 464.452 478.408 486.010 494.401 503.365 506.040 512.101 534.813 546.515 559.516 577.626 597.443 618.006 635.739 646.957 659.654 676.705 691.858 710.955 732.760 759.163 776.604 789.279 799.422 809.694 823.906 841.843 857.140 871.836 882.051 881.919 877.952 857.312 840.911 826.182 817.377 796.608 768.532 739.601 708.816 679.629 657.291
541.743 513.833 494.386 472.918 457.660 434.848 406.511 388.721 394.024 401.831 402.090 388.953 377.085 367.915 355.762 341.464 331.226 339.526 347.965 354.458 357.219 360.582 362.252 360.759 356.803 362.785 370.590 379.595 388.184 398.466 424.387 446.272 460.742 478.779 496.655 517.134 538.685 557.654 571.447 587.872 605.251 624.307 643.645 667.021 694.384 716.346 729.795 742.124 754.541 771.973 793.130 813.241 834.766 853.676 864.202 875.448 883.027 880.715 866.334 853.538 836.617 814.345 784.236 756.218 731.313 710.703
430.879 408.883 387.316 366.351 342.914 315.127 290.660 272.829 280.503 288.146 299.077 287.865 277.178 271.474 257.657 244.392 230.790 238.663 248.118 264.019 267.578 270.567 276.704 275.128 272.462 264.223 272.078 281.009 292.732 317.471 340.058 361.694 380.145 397.838 417.582 438.894 460.409 482.934 499.695 516.303 535.534 553.993 571.166 591.149 615.800 636.892 654.316 672.809 686.835 708.961 735.975 761.270 790.737 810.822 824.873 836.802 848.691 865.111 875.464 875.539 870.457 848.091 826.254 799.480 777.391 757.294
308.587 292.395 271.867 252.563 233.457 209.204 188.016 165.877 170.600 183.411 197.616 191.644 188.146 185.410 174.536 161.384 148.212 151.927 166.664 183.057 189.794 195.918 203.054 202.828 195.957 187.223 192.166 204.877 219.600 239.444 260.246 280.320 298.657 318.971 340.121 361.514 384.617 408.600 425.926 446.929 468.963 486.652 497.459 510.598 533.271 550.008 569.748 589.835 605.141 631.375 662.689 699.830 735.905 767.887 781.991 794.176 804.269 819.666 838.244 855.039 868.527 867.443 863.322 846.188 823.675 802.090
201.380 185.178 168.619 149.507 131.434 113.568 92.817 75.102 80.987 94.648 106.840 109.525 106.886 104.168 96.776 83.471 72.814 81.086 96.357 111.198 120.929 127.358 133.291 130.348 121.940 115.215 122.584 137.215 151.265 167.776 187.975 207.980 228.005 248.878 269.627 292.513 316.024 339.768 362.940 384.263 404.488 414.172 424.117 431.044 445.940 462.334 480.753 501.580 522.952 549.867 587.446 625.483 661.851 696.910 722.212 739.199 753.513 772.362 792.031 808.180 821.422 833.051 843.287 847.992 849.429 841.996
111.591 102.879 89.290 71.113 58.493 42.455 24.783 24.453 28.251 40.419 42.580 43.506 40.769 39.877 35.454 24.327 30.622 38.289 53.044 63.817 73.019 79.126 83.110 82.538 75.483 78.205 85.012 99.113 110.374 124.893 144.887 161.394 179.808 200.583 221.947 244.385 268.140 293.729 316.665 334.972 343.443 353.051 358.278 352.309 365.199 378.546 391.754 412.132 432.573 457.896 494.945 536.848 580.164 616.106 653.389 674.786 696.059 717.020 739.091 759.223 775.055 786.435 787.239 792.080 805.905 823.940
29.987 19.899 9.024 -3.628 -16.814 -28.479 -28.118 -30.154 -30.470 -28.656 -25.530 -22.817 -23.657 -24.654 -23.848 -17.809 -13.573 -8.082 2.269 13.259 23.457 27.358 31.434 34.275 37.477 39.845 43.949 54.977 66.360 79.141 95.469 112.240 130.337 151.665 173.273 196.355 221.719 247.371 266.952 275.969 285.264 288.587 283.687 279.066 286.108 297.596 307.663 326.511 347.265 365.146 406.150 452.269 494.920 529.645 563.823 595.700 620.941 644.112 673.416 698.250 723.546 738.661 743.565 747.334 749.958 761.107
-33.155 -42.982 -53.066 -66.060 -76.165 -77.964 -80.111 -82.030 -83.490 -80.040 -76.343 -72.053 -72.373 -71.950 -69.344 -65.126 -59.396 -50.405 -39.670 -27.944 -13.786 -9.417 -4.974 0.334 2.808 5.767 9.851 20.949 32.340 44.359 60.884 78.019 96.551 118.154 142.892 171.458 197.252 222.649 244.010 252.641 256.717 254.988 249.161 236.937 235.972 246.560 249.704 262.486 282.155 294.116 328.659 371.886 402.133 436.182 471.807 516.508 542.847 572.995 602.876 632.025 660.419 674.949 682.035 690.185 701.872 712.605
-96.063 -106.237 -115.750 -123.734 -126.002 -128.867 -130.646 -131.848 -133.330 -130.912 -126.702 -122.608 -120.655 -118.048 -115.057 -109.073 -100.222 -91.686 -79.910 -65.476 -50.854 -44.846 -39.534 -34.075 -30.285 -26.258 -22.455 -12.326 -0.814 10.311 27.390 45.483 63.907 89.125 118.173 147.379 172.656 197.487 221.607 224.954 226.221 225.563 212.262 197.122 191.522 194.239 195.191 202.861 214.766 226.584 253.579 281.387 310.647 345.925 391.311 435.978 466.147 496.109 525.679 552.021 572.934 590.709 603.819 617.294 632.336 651.899
-151.285 -160.384 -164.362 -166.170 -169.535 -168.939 -167.800 -169.024 -172.411 -172.768 -167.941 -164.109 -161.552 -158.421 -148.368 -138.631 -131.082 -123.979 -111.511 -97.212 -81.912 -72.308 -66.321 -57.330 -50.163 -46.080 -43.410 -34.460 -24.153 -18.981 -3.028 15.252 42.671 73.085 102.853 133.568 159.813 184.759 207.068 207.273 207.348 206.696 191.051 175.599 158.246 161.360 162.906 151.325 163.854 175.666 192.818 219.745 244.572 281.904 326.142 360.350 390.219 419.965 447.737 468.871 488.474 503.883 520.851 534.643 551.134 582.727
