examples/3D/Borden05m/output-maps-METEOIO-ON/psiliqL0026N0003.asc
ncols         160
nrows         34
xllcorner     620200.000000
yllcorner     5168000.000000
cellsize      0.500000
NODATA_value  -9999.0
[rows 0 to 27 of 34, columns 62 to 123 of 160]
-9999.000 -9999.000 -9999.000 -9999.000 -9999.000 -9999.000 -9999.000 -9999.000 -9999.000 -9999.000 -9999.000 -9999.000 -9999.000 -9999.000 -9999.000 -9999.000 -9999.000 -9999.000 -9999.000 -9999.000 -9999.000 -9999.000 -9999.000 -9999.000 -9999.000 -9999.000 -9999.000 -9999.000 -9999.000 -9999.000 -9999.000 -9999.000 -9999.000 -9999.000 -9999.000 -9999.000 -9999.000 -9999.000 -9999.000 -9999.000 -9999.000 -9999.000 -9999.000 -9999.000 -9999.000 -9999.000 -9999.000 -9999.000 -9999.000 -9999.000 -9999.000 -9999.000 -9999.000 -9999.000 -9999.000 -9999.000 -9999.000 -9999.000 -9999.000 -9999.000 -9999.000 -9999.000
3383.555 3375.011 3365.670 3357.779 3353.560 3352.356 3351.472 3350.791 3355.596 3363.588 3371.137 3377.949 3380.302 3382.589 3384.384 3384.561 3383.370 3380.081 3376.685 3373.252 3371.513 3364.132 3352.986 3344.662 3341.960 3346.122 3350.452 3352.905 3358.072 3368.444 3379.036 3387.613 3400.178 3407.198 3412.550 3415.150 3411.180 3407.930 3403.976 3397.847 3386.756 -9999.000 -9999.000 -9999.000 -9999.000 -9999.000 -9999.000 -9999.000 -9999.000 -9999.000 -9999.000 -9999.000 -9999.000 -9999.000 -9999.000 -9999.000 -9999.000 -9999.000 -9999.000 -9999.000 -9999.000 -9999.000
3363.705 3359.414 3350.872 3345.699 3340.155 3337.437 3337.368 3337.169 3340.748 3351.424 3359.133 3363.610 3366.168 3368.938 3367.289 3366.436 3366.142 3363.177 3359.631 3356.194 3354.290 3355.710 3348.085 3342.061 3338.139 3335.162 3337.890 3340.575 3345.156 3354.315 3362.214 3370.187 3385.372 3398.567 3404.281 3401.765 3397.211 3393.432 3386.051 3375.321 3365.346 3357.235 3351.162 3345.842 3339.465 3345.928 3353.840 3363.186 3371.948 3384.022 3396.289 -9999.000 -9999.000 -9999.000 -9999.000 -9999.000 -9999.000 -9999.000 -9999.000 -9999.000 -9999.000 -9999.000
3343.612 3347.039 3343.731 3338.828 3330.939 3340.863 3341.756 3342.344 3345.417 3347.181 3352.202 3354.518 3359.752 3368.629 3371.343 3371.685 3371.639 3369.569 3366.233 3364.192 3361.323 3355.981 3354.126 3353.724 3352.396 3356.451 3357.957 3360.866 3355.385 3359.818 3366.080 3373.062 3378.595 3384.760 3387.317 3384.070 3384.720 3376.445 3362.871 3353.097 3345.713 3346.018 3343.135 3335.281 3321.630 3330.009 3346.185 3351.019 3353.634 3364.739 3377.056 3387.627 3390.888 3390.595 3390.254 3387.311 3373.462 3358.734 3343.587 3324.893 -9999.000 -9999.000
3351.749 3349.779 3346.120 3341.608 3351.880 3360.031 3361.272 3363.560 3367.378 3368.115 3357.154 3355.020 3362.174 3371.710 3376.745 3376.815 3376.340 3372.552 3371.296 3371.001 3369.124 3368.526 3370.003 3367.497 3370.380 3375.811 3379.110 3373.906 3365.517 3367.787 3376.263 3385.411 3393.025 3403.216 3414.026 3414.366 3409.930 3401.518 3389.177 3366.838 3349.440 3338.572 3330.668 3323.494 3326.576 3321.959 3335.866 3337.728 3340.312 3347.672 3358.043 3368.741 3374.983 3374.296 3373.515 3371.007 3361.393 3346.601 3331.713 3314.068 3287.407 3258.475
3350.973 3349.864 3350.164 3358.700 3370.302 3381.319 3383.143 3384.804 3383.392 3375.779 3365.383 3362.624 3375.758 3392.362 3400.104 3399.499 3395.055 3398.048 3398.105 3398.560 3395.160 3395.818 3393.332 3398.676 3406.309 3414.246 3412.878 3400.499 3388.180 3388.141 3393.636 3400.626 3408.238 3418.418 3427.578 3422.849 3417.804 3410.569 3385.112 3362.648 3348.512 3348.980 3349.872 3345.571 3343.675 3342.903 3338.928 3339.244 3338.491 3338.303 3350.600 3363.907 3367.478 3360.770 3356.716 3354.438 3346.562 3335.019 3319.158 3302.060 3282.295 3254.176
3380.647 3380.891 3386.553 3396.727 3409.256 3430.755 3430.044 3430.339 3428.895 3415.912 3402.641 3392.625 3414.621 3425.577 3432.637 3429.957 3434.960 3443.517 3439.900 3433.584 3421.490 3427.045 3433.454 3448.548 3456.450 3461.713 3457.128 3443.245 3436.495 3438.047 3444.544 3445.772 3454.465 3463.257 3478.218 3476.960 3473.766 3454.023 3417.175 3388.043 3375.613 3387.141 3381.619 3375.343 3375.366 3364.450 3357.387 3360.048 3352.088 3347.526 3360.216 3367.204 3368.602 3360.763 3365.854 3359.106 3338.292 3321.708 3307.188 3292.856 3275.624 3269.639
3389.402 3393.436 3403.454 3420.797 3438.592 3458.348 3456.899 3450.224 3459.777 3452.744 3441.869 3434.319 3455.683 3465.716 3475.876 3481.536 3494.120 3504.501 3487.960 3470.884 3460.456 3467.448 3492.997 3515.367 3520.148 3519.205 3518.634 3503.341 3498.518 3495.128 3495.495 3492.896 3491.057 3516.412 3537.986 3537.826 3516.384 3493.757 3454.290 3416.671 3392.475 3405.560 3402.324 3405.729 3395.748 3384.150 3377.107 3374.708 3368.276 3358.847 3368.058 3372.696 3380.721 3387.853 3392.470 3375.956 3358.417 3339.279 3321.604 3307.565 3301.107 3294.807
3446.051 3459.478 3467.432 3485.782 3502.776 3528.486 3540.509 3551.661 3555.559 3548.469 3539.904 3527.878 3533.109 3556.977 3568.579 3576.875 3585.240 3597.857 3598.204 3591.271 3589.417 3593.772 3607.243 3621.695 3628.431 3631.479 3634.086 3620.862 3607.966 3605.967 3600.525 3599.310 3598.553 3610.048 3630.632 3627.461 3590.987 3564.216 3529.247 3490.950 3461.704 3455.661 3474.781 3472.729 3456.629 3446.262 3420.422 3415.404 3406.131 3383.167 3383.386 3386.845 3396.628 3411.794 3399.353 3383.105 3366.008 3346.574 3329.877 3322.750 3321.110 3318.074
3563.317 3571.635 3574.699 3581.069 3613.406 3647.141 3672.085 3694.805 3701.942 3689.605 3679.811 3666.269 3657.460 3668.525 3685.796 3703.460 3718.370 3729.693 3731.759 3730.171 3730.224 3733.339 3736.336 3740.657 3749.153 3756.804 3765.455 3773.460 3762.985 3745.993 3736.749 3727.772 3727.022 3728.446 3732.356 3733.454 3716.659 3674.561 3642.922 3610.813 3591.306 3578.173 3578.074 3559.929 3535.628 3484.264 3447.035 3415.843 3397.333 3375.554 3384.030 3402.245 3445.741 3449.995 3438.167 3423.346 3400.240 3377.716 3357.758 3354.396 3353.088 3349.015
3690.032 3693.715 3696.021 3698.667 3725.544 3767.271 3806.764 3838.092 3837.883 3824.035 3812.664 3803.561 3789.090 3785.134 3797.888 3813.425 3833.847 3844.277 3850.304 3846.940 3847.156 3848.997 3851.354 3853.510 3857.199 3866.940 3882.137 3896.756 3895.840 3876.706 3858.687 3842.669 3840.293 3837.916 3832.995 3835.392 3837.293 3821.182 3789.668 3749.655 3709.219 3692.629 3677.565 3666.675 3649.681 3608.833 3541.893 3502.328 3464.533 3437.618 3439.520 3508.535 3528.526 3517.958 3507.537 3486.270 3458.363 3435.661 3414.293 3412.641 3409.149 3401.981
3809.411 3816.435 3819.076 3824.618 3841.220 3873.751 3909.571 3939.475 3954.871 3946.924 3928.738 3906.305 3896.295 3893.312 3897.004 3906.666 3919.765 3939.505 3959.130 3964.937 3965.828 3963.130 3965.577 3967.167 3967.288 3970.301 3978.999 3989.032 3992.446 3984.501 3963.145 3939.431 3928.129 3921.669 3918.266 3919.359 3924.641 3927.973 3912.956 3876.897 3831.986 3801.990 3786.939 3774.139 3759.945 3747.328 3713.836 3692.611 3655.885 3607.436 3579.495 3618.994 3611.393 3601.234 3578.474 3546.885 3514.746 3484.660 3460.061 3452.710 3449.806 3449.201
3925.381 3930.173 3937.420 3952.518 3976.145 3995.553 4018.593 4045.583 4062.117 4067.368 4065.583 4061.343 4062.506 4062.873 3997.307 4003.817 4010.309 4028.151 4044.110 4049.908 4050.572 4047.914 4049.804 4050.600 4050.474 4050.095 4052.586 4057.879 4059.898 4057.386 4044.294 4063.633 4043.334 4029.711 4021.405 4013.073 4004.784 3995.296 3985.310 3964.899 3933.621 3899.007 3877.658 3869.787 3863.572 3854.851 3848.984 3831.690 3808.654 3773.054 3732.960 3711.823 3709.959 3693.744 3659.057 3628.425 3605.807 3569.864 3540.098 3524.170 3523.246 3515.467
4042.063 4046.755 4060.856 4077.785 4060.968 4069.667 4078.669 4087.613 4090.684 4091.563 4091.157 4088.748 4087.936 4085.455 4082.058 4071.510 4073.127 4075.109 4077.740 4081.491 4080.399 4081.523 4084.480 4082.694 4076.598 4072.475 4070.893 4071.927 4079.387 4082.899 4083.862 4080.301 4079.332 4078.274 4074.696 4070.230 4063.940 4055.895 4071.552 4059.269 4030.760 3989.831 3948.022 3940.611 3942.646 3942.369 3940.775 3935.033 3917.247 3889.431 3851.407 3812.444 3805.850 3791.518 3772.317 3755.809 3736.490 3696.341 3659.806 3637.397 3627.084 3604.034
4087.761 4090.613 4093.907 4090.912 4087.932 4083.022 4081.428 4080.066 4077.618 4078.244 4076.356 4072.272 4068.183 4060.094 4048.448 4037.269 4033.622 4037.907 4043.577 4048.799 4053.348 4057.106 4057.030 4051.492 4042.997 4035.392 4033.744 4040.660 4046.422 4053.048 4053.933 4052.525 4049.978 4049.679 4046.321 4046.487 4053.602 4068.479 4070.959 4077.099 4076.174 4058.691 4027.067 4039.910 4019.800 4025.890 4021.157 4009.645 3988.070 3963.448 3931.680 3900.520 3881.704 3874.222 3868.190 3860.986 3846.478 3806.742 3772.003 3743.130 3723.288 3697.727
4072.981 4080.053 4081.099 4074.028 4065.409 4058.139 4050.644 4048.271 4047.753 4047.525 4048.055 4042.750 4033.307 4016.138 4004.540 3993.469 3987.525 3983.593 3986.942 3998.309 4010.696 4015.775 4006.273 3997.719 3985.787 3977.695 3978.153 3979.095 3988.650 4005.737 4013.504 4014.297 4007.703 4001.040 3994.298 3991.127 3997.520 4012.864 4029.764 4045.535 4054.745 4062.472 4069.600 4067.556 4070.340 4071.819 4069.474 4072.669 4054.506 4030.068 4000.602 3974.741 3948.468 3944.727 3944.805 3941.168 3938.915 3905.450 3868.581 3834.173 3807.384 3780.686
4045.484 4047.356 4043.198 4036.833 4026.838 4015.791 4006.083 3998.361 3999.402 4001.779 4003.498 3996.143 3980.698 3962.830 3949.332 3935.459 3931.530 3925.562 3917.657 3927.753 3947.698 3955.173 3938.880 3927.906 3912.616 3906.077 3902.004 3902.724 3911.620 3934.335 3958.812 3960.956 3949.888 3938.885 3934.142 3930.861 3935.336 3951.963 3972.851 3989.037 3999.516 4004.793 4012.512 4021.844 4036.206 4051.074 4063.428 4067.724 4076.682 4072.044 4058.327 4051.279 4026.522 4011.941 4004.227 4000.141 3993.242 3969.008 3939.216 3911.350 3884.711 3860.919
4009.011 4004.993 3998.892 3991.877 3970.791 3958.353 3945.394 3930.414 3926.520 3921.630 3922.701 3911.201 3903.400 3887.092 3871.781 3856.193 3842.673 3836.973 3830.233 3828.143 3841.488 3849.884 3840.649 3831.003 3820.511 3816.109 3812.743 3815.261 3825.716 3845.086 3863.384 3871.907 3864.596 3863.553 3863.713 3862.087 3868.411 3878.927 3896.710 3919.166 3938.276 3948.141 3954.888 3963.962 3978.309 3992.345 4006.616 4024.561 4047.703 4063.882 4073.856 4073.989 4072.680 4064.217 4067.231 4056.246 4043.584 4023.075 3997.577 3970.146 3943.814 3926.294
3967.216 3961.262 3955.719 3932.554 3876.897 3855.648 3836.711 3820.484 3813.758 3805.320 3788.671 3780.106 3775.828 3778.697 3764.900 3747.472 3729.735 3724.913 3721.459 3703.515 3698.237 3698.594 3715.778 3709.838 3708.938 3711.162 3708.793 3709.934 3722.613 3729.991 3735.071 3741.855 3747.112 3757.920 3766.090 3776.735 3793.897 3804.491 3819.527 3839.649 3865.309 3880.805 3890.164 3900.362 3915.460 3931.423 3949.003 3971.211 3997.212 4013.574 4024.668 4036.443 4049.921 4065.072 4070.242 4078.952 4076.966 4072.945 4048.443 4018.687 3997.798 3980.088
3901.411 3899.437 3889.129 3833.396 3792.880 3759.077 3742.112 3718.521 3704.962 3688.326 3649.136 3631.605 3631.737 3647.517 3644.642 3629.615 3618.026 3608.614 3599.117 3581.078 3561.555 3567.777 3586.804 3588.247 3592.050 3600.262 3599.857 3592.851 3589.398 3601.171 3606.348 3617.576 3635.673 3640.538 3657.476 3691.686 3704.274 3719.071 3737.063 3757.085 3778.848 3801.317 3815.158 3830.096 3848.216 3864.572 3884.534 3906.732 3936.041 3957.354 3971.562 3982.113 3992.601 4007.788 4028.621 4048.119 4066.692 4076.286 4077.618 4064.166 4046.736 4026.832
3797.534 3791.581 3761.929 3709.361 3674.377 3651.765 3630.287 3607.663 3583.769 3545.824 3511.100 3489.412 3506.299 3518.113 3530.880 3519.904 3509.498 3500.125 3481.855 3465.006 3448.229 3459.530 3468.228 3488.232 3495.451 3499.406 3505.592 3504.068 3492.623 3486.431 3494.262 3503.902 3515.822 3537.877 3573.657 3598.112 3616.076 3636.123 3654.238 3675.006 3697.391 3719.760 3736.320 3754.114 3772.035 3792.363 3810.848 3833.021 3860.702 3886.604 3902.449 3917.525 3930.766 3949.908 3973.630 3996.560 4021.956 4043.793 4057.580 4070.654 4074.490 4068.564
3676.652 3654.291 3606.215 3565.011 3545.902 3534.334 3511.757 3491.533 3462.841 3429.155 3408.421 3388.261 3399.379 3410.376 3431.640 3423.504 3417.394 3414.967 3399.794 3386.750 3370.234 3376.488 3388.928 3413.067 3419.272 3423.484 3433.106 3432.332 3427.358 3408.773 3415.106 3425.683 3440.161 3471.225 3493.240 3515.094 3536.369 3555.094 3575.910 3597.365 3619.599 3645.353 3664.219 3682.504 3703.305 3721.676 3735.034 3750.209 3773.370 3793.927 3814.900 3837.181 3851.694 3876.107 3906.681 3937.503 3972.196 3997.029 4012.439 4024.684 4036.472 4056.398
3526.000 3472.989 3438.563 3420.215 3421.422 3410.637 3392.121 3374.375 3356.154 3335.529 3317.928 3293.463 3299.649 3316.362 3334.219 3336.708 3338.539 3337.621 3328.856 3315.671 3302.203 3306.053 3323.428 3341.580 3351.946 3359.772 3367.480 3367.039 3356.997 3346.512 3350.835 3365.913 3381.529 3398.140 3417.891 3437.791 3457.338 3478.916 3500.541 3522.396 3546.173 3571.919 3592.311 3614.936 3638.263 3653.568 3661.057 3667.351 3685.514 3700.528 3721.580 3743.841 3761.583 3788.325 3822.808 3864.529 3904.689 3945.473 3963.829 3977.297 3987.381 4002.845
3409.680 3377.578 3350.311 3345.672 3331.969 3320.561 3307.876 3288.989 3274.194 3261.025 3240.882 3232.577 3240.778 3254.847 3263.148 3270.883 3269.352 3267.542 3262.502 3248.832 3245.518 3255.801 3270.991 3284.527 3296.213 3303.050 3307.919 3304.648 3295.118 3292.196 3300.005 3314.993 3327.717 3341.421 3360.962 3379.721 3400.015 3421.129 3441.738 3464.740 3488.450 3513.082 3538.947 3559.874 3576.811 3583.985 3591.860 3589.456 3598.553 3612.954 3628.422 3649.677 3673.193 3697.755 3736.515 3777.318 3817.451 3857.752 3894.262 3914.586 3931.769 3951.407
3348.640 3320.316 3293.042 3268.728 3258.505 3254.267 3243.239 3228.040 3218.473 3204.334 3196.226 3203.894 3205.594 3213.798 3212.038 3213.502 3211.591 3211.449 3209.841 3204.543 3217.136 3223.574 3236.772 3246.625 3256.273 3261.849 3265.149 3266.205 3261.989 3267.778 3273.242 3286.191 3296.532 3308.936 3327.648 3343.201 3360.600 3381.211 3402.503 3424.567 3448.469 3474.721 3497.537 3513.352 3518.136 3525.435 3524.733 3511.392 3520.293 3530.826 3539.250 3558.500 3577.904 3596.729 3633.633 3678.581 3727.152 3764.888 3810.856 3839.219 3864.427 3886.328
3268.847 3240.678 3214.137 3195.466 3192.307 3182.339 3173.224 3162.984 3150.650 3145.402 3153.095 3151.419 3149.109 3147.153 3150.325 3154.327 3154.389 3153.838 3157.281 3168.758 3173.302 3178.710 3187.407 3198.604 3210.482 3213.952 3218.106 3222.700 3228.528 3231.129 3234.173 3243.978 3255.177 3266.721 3281.661 3298.334 3315.861 3336.971 3359.212 3383.118 3408.509 3435.005 3455.751 3462.680 3470.705 3470.465 3461.259 3453.195 3454.187 3464.169 3468.677 3483.376 3503.753 3511.044 3547.007 3594.814 3634.963 3670.743 3705.793 3750.091 3778.041 3803.977
3209.260 3181.459 3162.051 3148.992 3139.223 3129.346 3119.542 3108.051 3102.468 3104.656 3102.550 3100.922 3098.854 3102.188 3106.194 3111.066 3111.736 3113.246 3116.537 3121.101 3127.964 3137.542 3148.320 3160.707 3176.519 3181.614 3186.298 3192.330 3195.109 3198.388 3202.052 3212.481 3223.825 3235.067 3251.210 3268.376 3286.325 3307.929 3333.067 3362.466 3388.688 3414.735 3438.653 3447.265 3449.889 3447.085 3438.778 3423.054 3418.440 3425.864 3424.773 3432.152 3448.350 3453.713 3475.777 3512.809 3538.054 3571.818 3611.083 3665.717 3695.699 3727.924
3143.004 3124.891 3111.043 3093.137 3080.074 3069.916 3062.314 3058.510 3058.922 3057.005 3056.129 3055.212 3053.200 3054.597 3059.154 3063.259 3066.153 3069.423 3074.221 3081.321 3090.555 3098.555 3110.377 3125.234 3140.850 3148.340 3153.950 3160.162 3164.798 3169.025 3172.344 3181.631 3192.894 3202.266 3218.657 3236.832 3255.958 3280.875 3309.972 3340.125 3366.071 3391.092 3417.820 3421.039 3421.552 3420.682 3404.558 3389.062 3379.900 3380.125 3380.178 3379.230 3387.716 3396.532 3412.048 3431.317 3456.408 3490.525 3538.363 3583.738 3618.265 3647.523
