tests/3D/Borden05m/output_maps-METEOIO_ON/psiliqL0011N0002.asc
ncols         160
nrows         34
xllcorner     620200.000000
yllcorner     5168000.000000
cellsize      0.500000
NODATA_value  -9999.0
[rows 0 to 28 of 34, columns 65 to 129 of 160]
-9999.000 -9999.000 -9999.000 -9999.000 -9999.000 -9999.000 -9999.000 -9999.000 -9999.000 -9999.000 -9999.000 -9999.000 -9999.000 -9999.000 -9999.000 -9999.000 -9999.000 -9999.000 -9999.000 -9999.000 -9999.000 -9999.000 -9999.000 -9999.000 -9999.000 -9999.000 -9999.000 -9999.000 -9999.000 -9999.000 -9999.000 -9999.000 -9999.000 -9999.000 -9999.000 -9999.000 -9999.000 -9999.000 -9999.000 -9999.000 -9999.000 -9999.000 -9999.000 -9999.000 -9999.000 -9999.000 -9999.000 -9999.000 -9999.000 -9999.000 -9999.000 -9999.000 -9999.000 -9999.000 -9999.000 -9999.000 -9999.000 -9999.000 -9999.000 -9999.000 -9999.000 -9999.000 -9999.000 -9999.000 -9999.000
359.008 354.823 353.698 352.671 352.081 357.162 364.950 372.409 379.443 381.696 383.999 386.154 386.549 385.192 381.867 378.504 375.038 373.494 365.255 353.807 344.900 342.116 346.563 351.061 353.595 359.602 370.462 381.394 390.051 401.985 407.799 413.108 416.414 412.619 409.370 405.908 401.230 390.371 -9999.000 -9999.000 -9999.000 -9999.000 -9999.000 -9999.000 -9999.000 -9999.000 -9999.000 -9999.000 -9999.000 -9999.000 -9999.000 -9999.000 -9999.000 -9999.000 -9999.000 -9999.000 -9999.000 -9999.000 -9999.000 -9999.000 -9999.000 -9999.000 -9999.000 -9999.000 -9999.000
346.502 340.814 338.779 338.562 338.398 342.340 352.182 359.982 364.594 366.910 369.303 369.048 368.414 367.948 364.959 361.452 357.985 356.126 356.319 348.662 343.199 339.809 338.324 340.809 343.191 346.467 356.102 364.420 372.762 387.106 399.615 405.041 402.851 398.154 394.745 388.545 378.939 368.795 358.810 351.959 346.816 341.681 348.060 354.877 365.212 375.370 387.555 399.805 -9999.000 -9999.000 -9999.000 -9999.000 -9999.000 -9999.000 -9999.000 -9999.000 -9999.000 -9999.000 -9999.000 -9999.000 -9999.000 -9999.000 -9999.000 -9999.000 -9999.000
339.269 334.324 342.173 343.119 343.988 346.989 350.006 352.578 355.162 360.309 369.084 371.572 371.919 371.892 369.926 366.699 364.806 361.957 356.673 355.568 355.830 355.631 360.660 362.141 363.740 356.997 360.549 366.894 373.889 380.788 387.801 392.321 389.450 388.796 380.889 367.563 356.746 348.557 346.691 343.861 336.465 324.387 331.743 347.596 352.520 356.278 368.267 380.680 390.989 393.214 392.989 392.750 390.239 376.526 361.969 347.286 328.774 -9999.000 -9999.000 -9999.000 -9999.000 -9999.000 -9999.000 -9999.000 -9999.000
344.310 356.513 365.472 366.782 369.309 372.515 371.377 359.091 356.381 364.537 374.669 380.251 380.196 379.906 377.882 376.700 376.116 373.699 374.467 376.819 376.962 381.664 387.220 390.031 381.956 372.911 373.716 381.554 389.762 397.297 408.318 420.099 419.351 414.174 405.806 392.846 370.068 350.982 340.805 334.420 327.836 327.947 325.723 337.081 339.174 341.283 349.936 360.442 370.782 376.775 376.417 376.024 373.763 364.442 349.866 335.263 318.721 293.418 265.155 238.552 237.399 261.204 284.963 -9999.000 -9999.000
368.656 381.770 395.818 397.883 399.899 399.137 389.524 379.076 374.866 389.469 405.115 413.023 413.461 412.983 420.125 418.224 415.891 410.552 412.565 414.409 424.732 432.077 438.837 436.952 425.179 414.137 412.598 415.166 418.110 424.403 435.016 445.321 440.885 434.303 424.937 397.107 370.566 354.531 355.728 356.725 352.650 350.139 347.306 340.615 340.671 340.411 340.252 352.526 365.106 368.756 362.776 359.286 357.206 348.767 337.930 322.796 306.071 287.350 259.331 252.574 244.339 266.378 290.179 311.138 335.586
414.618 431.564 454.598 456.923 459.684 462.464 451.227 438.871 427.282 443.853 453.417 461.802 463.783 473.905 483.518 478.517 470.036 459.933 466.036 478.348 492.972 499.213 502.618 501.992 491.607 486.274 484.483 486.148 483.422 487.564 498.483 514.079 514.544 505.730 484.281 449.156 415.792 395.752 401.743 396.064 390.541 387.445 374.261 363.909 364.500 355.586 349.912 361.781 368.195 370.155 363.826 369.408 361.978 343.641 326.578 311.270 296.978 281.810 274.774 265.581 257.896 270.553 290.721 310.645 335.370
460.629 482.656 505.512 514.060 517.805 526.463 519.656 510.305 501.660 510.400 522.182 533.507 543.305 555.369 566.524 557.931 546.733 542.318 546.832 564.875 580.610 585.412 586.920 590.299 582.696 576.041 569.072 563.274 557.354 553.408 570.674 586.797 585.905 563.941 541.620 508.306 473.031 441.920 441.036 440.387 440.469 426.619 412.447 396.227 387.139 379.064 365.367 371.050 376.864 387.267 396.835 397.418 381.106 363.814 344.623 326.086 311.879 306.956 301.745 292.149 285.727 292.117 306.161 320.857 332.801
552.625 576.007 606.636 627.705 646.565 649.920 640.786 631.485 617.998 614.326 629.391 640.692 651.070 661.587 673.390 679.446 677.469 677.034 679.704 685.207 692.716 699.050 704.626 710.598 708.812 699.457 692.602 683.729 676.546 674.287 675.934 686.023 685.309 662.896 638.080 609.216 575.334 546.582 529.993 536.103 526.058 510.092 491.709 458.078 442.191 427.425 399.177 395.743 405.505 419.222 428.546 413.464 397.225 378.881 358.525 339.047 332.417 331.117 328.137 322.234 319.610 324.620 337.902 340.957 351.710
656.656 687.076 719.950 747.919 770.660 778.371 767.930 757.915 746.105 736.381 738.841 751.974 767.709 782.843 793.578 797.272 796.067 796.278 797.862 800.603 803.095 808.482 815.372 825.383 836.747 831.941 815.753 803.407 789.517 784.448 783.184 781.366 782.096 777.388 749.968 724.496 695.275 667.848 648.488 635.273 618.499 599.404 557.993 520.855 488.864 463.442 437.038 435.241 459.934 490.030 483.949 472.568 455.734 431.386 407.179 382.932 376.448 373.738 368.439 362.037 356.354 351.498 355.073 358.087 370.004
774.639 794.813 829.350 863.943 891.658 895.279 886.139 875.661 864.928 854.790 851.320 857.904 867.827 882.666 893.842 903.772 903.438 903.818 903.914 905.743 907.336 908.849 915.192 926.198 936.708 938.148 926.160 909.864 892.945 885.654 879.793 874.643 875.241 876.730 872.124 850.087 817.471 777.605 752.489 733.151 722.365 709.351 689.291 644.398 618.901 588.003 556.312 536.598 575.343 574.213 563.830 549.028 525.274 499.486 474.415 449.021 440.414 435.303 427.699 421.528 413.164 402.973 399.337 394.185 392.077
889.371 904.702 925.574 951.724 976.455 992.950 989.431 977.667 961.334 956.829 955.725 957.288 963.125 970.050 984.404 999.226 1004.379 1005.046 1002.661 1004.566 1005.521 1005.515 1006.175 1010.172 1016.630 1019.044 1014.946 1000.313 981.450 967.330 958.986 954.880 953.019 954.363 954.233 944.250 918.550 884.243 853.016 832.473 818.367 807.222 798.821 784.361 769.716 743.149 704.033 670.934 669.881 661.132 650.165 626.807 599.155 574.846 543.770 514.346 497.188 490.869 485.244 477.676 466.484 455.905 449.386 436.109 428.563
997.589 1014.856 1027.079 1042.047 1061.474 1072.773 1078.183 1078.711 1077.911 1079.755 1079.860 1060.163 1062.557 1064.882 1070.276 1076.922 1078.989 1079.190 1078.386 1079.299 1079.540 1079.711 1079.373 1078.946 1080.546 1081.156 1080.397 1074.973 1075.545 1059.570 1048.355 1041.370 1034.190 1026.128 1017.237 1008.530 994.285 969.973 939.218 913.414 903.286 898.375 893.807 890.213 877.450 858.752 831.693 796.738 764.325 755.562 740.638 714.986 694.133 678.954 646.094 613.650 590.559 582.083 565.903 548.716 533.874 516.834 500.744 484.034 467.696
1086.544 1083.107 1085.737 1088.458 1091.162 1092.091 1092.356 1092.234 1090.089 1089.844 1088.368 1083.636 1074.475 1075.941 1077.350 1079.798 1083.235 1081.879 1082.749 1085.624 1084.198 1078.908 1075.478 1073.925 1074.272 1081.236 1084.244 1084.981 1084.406 1083.798 1083.477 1082.394 1081.042 1079.138 1076.703 1078.148 1069.066 1047.850 1017.827 986.017 972.802 969.000 970.665 968.791 964.009 947.368 922.789 889.898 854.866 840.118 828.246 817.606 807.556 793.812 759.204 723.841 696.856 679.366 654.317 634.252 615.894 594.488 576.283 557.256 534.316
1092.160 1088.719 1084.207 1083.097 1081.904 1079.622 1080.314 1078.445 1074.706 1071.439 1065.485 1055.182 1044.037 1041.770 1046.393 1051.247 1055.358 1058.268 1061.455 1062.723 1058.244 1050.736 1043.958 1042.050 1048.306 1053.703 1058.601 1059.203 1057.855 1055.989 1056.302 1054.057 1054.594 1060.754 1073.327 1079.445 1081.297 1081.012 1075.720 1066.151 1056.099 1037.645 1041.251 1037.363 1026.931 1007.658 985.970 959.085 932.897 910.089 902.703 898.368 892.861 884.246 852.303 820.240 789.907 766.265 741.336 718.376 697.139 675.560 653.335 629.613 605.897
1077.295 1069.470 1062.989 1056.753 1054.954 1053.793 1053.257 1053.445 1048.443 1041.284 1026.828 1015.703 1004.807 998.985 997.510 1002.708 1012.082 1020.997 1025.456 1019.353 1012.315 1002.192 994.380 994.609 997.008 1005.659 1018.673 1022.513 1023.053 1018.184 1013.998 1008.205 1006.226 1012.712 1026.870 1041.059 1053.649 1061.123 1067.944 1073.926 1078.299 1079.126 1079.556 1078.827 1076.979 1062.916 1043.771 1022.035 999.851 975.262 968.787 966.720 962.954 961.014 934.816 902.233 870.345 842.997 817.651 795.018 773.167 749.952 725.425 701.574 674.464
1044.722 1035.177 1025.035 1016.016 1010.605 1011.666 1014.024 1015.102 1009.348 995.860 979.498 966.808 953.551 949.914 945.528 942.099 952.624 968.958 974.860 962.127 952.719 939.068 931.803 928.932 930.489 939.667 958.485 976.419 977.228 967.651 958.204 953.107 950.201 956.212 973.389 991.902 1005.379 1013.947 1018.980 1026.508 1035.414 1046.661 1058.852 1069.016 1077.598 1080.525 1079.085 1074.895 1061.913 1043.012 1030.395 1021.114 1015.867 1007.903 987.915 962.276 936.994 911.248 889.837 871.686 847.672 822.572 798.117 768.934 737.194
1002.937 990.472 979.463 968.764 956.400 953.911 952.007 954.417 944.173 934.440 916.610 902.032 887.210 877.772 872.379 866.992 872.018 887.530 896.536 883.055 872.925 860.098 853.869 850.591 852.266 862.174 884.006 902.068 908.245 899.811 893.634 890.291 888.375 892.916 906.452 924.969 944.109 958.329 966.445 973.275 982.508 995.863 1008.695 1021.481 1037.256 1055.628 1068.993 1077.467 1081.359 1080.889 1078.244 1073.767 1064.605 1054.242 1038.003 1015.783 990.193 964.938 948.035 931.578 915.220 889.485 860.634 831.226 798.627
953.991 910.653 894.608 878.445 864.854 860.629 854.674 848.796 840.702 834.832 827.921 813.256 796.804 781.625 776.958 773.144 765.417 771.203 774.660 777.490 770.155 763.974 761.388 758.767 761.910 775.190 786.923 796.873 802.203 799.285 804.513 809.103 810.981 824.917 836.860 852.852 872.487 893.928 905.290 913.413 923.084 937.345 952.651 968.621 989.480 1012.203 1026.568 1036.464 1047.334 1058.760 1071.464 1079.910 1084.447 1083.687 1078.646 1059.077 1035.404 1015.428 998.203 984.006 970.695 951.985 918.148 888.383 857.307
877.799 837.510 807.456 791.269 771.488 762.261 753.408 730.034 717.611 712.405 717.531 708.430 692.340 679.034 671.807 666.020 654.127 646.529 651.229 662.808 657.962 655.854 659.453 657.427 654.053 659.777 673.599 681.053 689.625 699.163 701.981 708.727 732.165 743.930 757.054 775.168 795.011 815.666 833.715 845.120 857.985 875.136 890.403 909.601 931.484 958.132 975.886 988.739 998.999 1009.390 1023.782 1042.034 1057.742 1072.842 1083.198 1083.351 1079.001 1058.786 1042.406 1027.973 1019.380 998.696 970.569 941.798 911.145
775.486 737.533 709.955 690.380 668.840 653.042 629.284 600.549 582.516 588.542 596.600 597.641 584.639 572.863 563.681 551.146 536.689 526.043 534.532 542.987 550.326 553.367 556.767 558.721 557.228 552.806 558.030 565.839 574.887 583.689 594.711 621.253 643.305 658.001 676.173 694.074 714.584 736.202 755.401 769.389 785.924 803.367 822.538 841.866 865.219 892.664 914.942 928.622 941.217 953.795 971.460 992.922 1013.371 1035.319 1054.610 1065.558 1077.155 1084.759 1082.501 1068.748 1056.186 1039.315 1017.210 987.228 959.502
658.004 625.568 604.224 582.594 561.675 537.910 509.754 485.521 467.544 475.434 483.286 494.864 483.844 473.443 467.945 454.043 440.793 427.009 434.782 444.424 460.841 464.566 467.633 473.989 472.465 469.657 460.773 468.535 477.573 489.471 514.610 537.166 558.822 577.457 595.223 615.043 636.376 657.950 680.692 697.604 714.338 733.694 752.180 769.154 788.883 813.496 834.620 852.343 871.164 885.329 907.726 935.114 960.927 990.916 1011.514 1025.888 1038.098 1050.269 1067.223 1077.823 1078.586 1073.570 1051.710 1029.948 1003.451
518.375 503.139 487.286 466.883 447.676 428.626 404.600 383.637 361.352 366.167 379.222 393.655 388.212 385.048 382.426 371.683 358.530 345.340 349.064 363.966 380.471 387.435 393.667 400.839 400.602 393.534 384.693 389.600 402.462 417.244 436.890 457.632 477.700 496.119 516.520 537.709 559.142 582.300 606.408 623.943 645.068 667.207 684.776 695.409 708.161 730.600 747.287 767.178 787.485 803.043 829.432 861.093 898.697 935.230 967.991 982.615 995.162 1005.567 1021.314 1040.409 1057.898 1072.086 1071.318 1067.558 1051.198
413.645 397.042 381.140 364.823 345.725 327.857 310.285 289.572 272.445 278.475 292.161 304.111 307.112 304.542 301.881 294.637 281.309 271.112 279.509 294.776 309.536 319.391 325.846 331.714 328.752 320.276 313.791 321.190 335.845 349.816 366.155 386.317 406.250 426.298 447.194 467.944 490.847 514.383 538.196 561.552 582.870 602.912 612.465 622.312 628.692 643.268 659.588 677.884 698.811 720.406 747.283 785.072 823.449 860.249 895.866 922.129 939.619 954.443 973.713 993.868 1010.583 1024.397 1036.775 1047.701 1052.401
323.818 308.274 299.841 286.412 268.422 255.992 240.073 222.999 223.168 226.836 238.756 240.673 241.632 238.947 238.102 233.856 223.094 229.782 237.373 252.031 262.748 271.979 278.054 281.996 281.527 274.651 277.567 284.292 298.324 309.531 323.921 343.840 360.292 378.649 399.420 420.789 443.214 466.989 492.633 515.578 533.747 542.008 551.497 556.382 549.985 562.664 575.882 588.846 609.218 629.673 654.685 691.844 734.082 777.904 814.171 852.247 874.369 896.223 917.625 940.337 961.163 977.792 989.901 991.286 996.724
235.655 227.632 217.552 206.787 194.286 181.152 169.889 170.708 168.695 168.254 169.833 172.962 175.755 174.972 174.003 174.975 181.354 185.609 191.096 201.344 212.348 222.651 226.527 230.609 233.561 236.928 239.313 243.353 254.307 265.682 278.390 294.636 311.405 329.473 350.793 372.449 395.592 420.969 446.688 466.356 475.261 484.497 487.620 482.477 477.672 484.372 495.809 505.579 524.227 545.028 562.333 603.125 649.475 692.121 727.096 761.548 794.464 820.188 843.903 873.830 899.423 925.648 941.560 947.300 951.896
174.846 165.119 155.289 145.222 132.323 122.500 120.950 118.806 116.905 115.407 118.851 122.567 126.893 126.635 127.127 129.775 134.016 139.817 148.845 159.583 171.352 185.614 190.029 194.488 199.842 202.337 205.317 209.377 220.436 231.827 243.802 260.307 277.449 295.951 317.561 342.332 370.958 396.790 422.241 443.776 452.423 456.428 454.654 448.697 436.283 435.124 445.555 448.482 460.983 480.501 492.127 525.983 568.934 599.000 633.189 669.229 714.777 741.615 772.221 802.505 832.202 861.206 876.543 884.527 893.678
114.697 102.446 92.272 82.879 75.157 73.056 70.251 68.528 67.344 65.828 68.183 72.415 76.510 78.522 81.171 84.275 90.329 99.205 107.707 119.486 133.948 148.633 154.735 160.066 165.573 169.417 173.459 177.233 187.312 198.811 209.830 226.871 244.974 263.448 288.655 317.713 346.987 372.316 397.171 421.468 424.823 426.062 425.411 411.958 396.824 391.034 393.634 394.575 401.759 413.513 425.216 451.580 478.955 508.074 543.420 589.125 634.032 664.705 694.900 724.722 751.280 772.484 790.936 804.971 819.346
61.811 47.477 38.554 34.791 33.107 29.826 30.548 31.742 30.487 27.022 26.578 31.400 35.210 37.783 41.044 51.231 61.019 68.557 75.623 88.056 102.354 117.703 127.410 133.432 142.479 149.699 153.779 156.428 165.345 175.599 180.663 196.515 214.833 242.254 272.684 302.464 333.240 359.561 384.548 407.024 407.271 407.367 406.723 391.014 375.536 358.059 361.262 362.622 350.616 363.133 374.916 391.745 418.559 443.180 480.318 524.474 558.556 588.655 618.530 646.526 667.819 687.423 702.945 720.564 734.926
