tests/3D/hillslope01/output_maps-METEOIO_OFF/psiliqL0011N0002.asc
ncols         104
nrows         10
xllcorner     -2.000000
yllcorner     0.000000
cellsize      1.000000
NODATA_value  -9999.0
-9999.000 -9999.000 -9999.000 -9999.000 -9999.000 -9999.000 -9999.000 -9999.000 -9999.000 -9999.000 -9999.000 -9999.000 -9999.000 -9999.000 -9999.000 -9999.000 -9999.000 -9999.000 -9999.000 -9999.000 -9999.000 -9999.000 -9999.000 -9999.000 -9999.000 -9999.000 -9999.000 -9999.000 -9999.000 -9999.000 -9999.000 -9999.000 -9999.000 -9999.000 -9999.000 -9999.000 -9999.000 -9999.000 -9999.000 -9999.000 -9999.000 -9999.000 -9999.000 -9999.000 -9999.000 -9999.000 -9999.000 -9999.000 -9999.000 -9999.000 -9999.000 -9999.000 -9999.000 -9999.000 -9999.000 -9999.000 -9999.000 -9999.000 -9999.000 -9999.000 -9999.000 -9999.000 -9999.000 -9999.000 -9999.000 -9999.000 -9999.000 -9999.000 -9999.000 -9999.000 -9999.000 -9999.000 -9999.000 -9999.000 -9999.000 -9999.000 -9999.000 -9999.000 -9999.000 -9999.000 -9999.000 -9999.000 -9999.000 -9999.000 -9999.000 -9999.000 -9999.000 -9999.000 -9999.000 -9999.000 -9999.000 -9999.000 -9999.000 -9999.000 -9999.000 -9999.000 -9999.000 -9999.000 -9999.000 -9999.000 -9999.000 -9999.000 -9999.000 -9999.000
-9999.000 -9999.000 -9999.000 -9999.000 -9999.000 -9999.000 -9999.000 -9999.000 -9999.000 -9999.000 -9999.000 -9999.000 -9999.000 -9999.000 -9999.000 -9999.000 -9999.000 -9999.000 -9999.000 -9999.000 -9999.000 -9999.000 -9999.000 -9999.000 -9999.000 -9999.000 -9999.000 -9999.000 -9999.000 -9999.000 -9999.000 -9999.000 -9999.000 -9999.000 -9999.000 -9999.000 -9999.000 -9999.000 -9999.000 -9999.000 -9999.000 -9999.000 -9999.000 -9999.000 -9999.000 -9999.000 -9999.000 -9999.000 -9999.000 -9999.000 -9999.000 -9999.000 -9999.000 -9999.000 -9999.000 -9999.000 -9999.000 -9999.000 -9999.000 -9999.000 -9999.000 -9999.000 -9999.000 -9999.000 -9999.000 -9999.000 -9999.000 -9999.000 -9999.000 -9999.000 -9999.000 -9999.000 -9999.000 -9999.000 -9999.000 -9999.000 -9999.000 -9999.000 -9999.000 -9999.000 -9999.000 -9999.000 -9999.000 -9999.000 -9999.000 -9999.000 -9999.000 -9999.000 -9999.000 -9999.000 -9999.000 -9999.000 -9999.000 -9999.000 -9999.000 -9999.000 -9999.000 -9999.000 -9999.000 -9999.000 -9999.000 -9999.000 -9999.000 -9999.000
-9999.000 -9999.000 1178.953 1124.111 1087.479 1054.539 1013.807 963.982 907.475 846.449 782.012 715.223 646.709 576.708 505.497 433.516 360.743 287.073 212.628 137.690 62.305 -13.529 -88.769 -159.919 -221.620 -269.491 -302.995 -324.650 -337.873 -345.657 -350.132 -352.664 -354.082 -354.868 -355.301 -355.536 -355.663 -355.731 -355.765 -355.782 -355.789 -355.791 -355.790 -355.788 -355.784 -355.781 -355.777 -355.773 -355.769 -355.765 -355.761 -355.757 -355.752 -355.748 -355.744 -355.740 -355.736 -355.732 -355.728 -355.724 -355.719 -355.715 -355.711 -355.707 -355.703 -355.699 -355.695 -355.691 -355.686 -355.682 -355.678 -355.674 -355.670 -355.666 -355.662 -355.658 -355.653 -355.649 -355.645 -355.641 -355.637 -355.633 -355.629 -355.625 -355.621 -355.616 -355.612 -355.608 -355.604 -355.600 -355.596 -355.592 -355.588 -355.583 -355.579 -355.575 -355.571 -355.568 -355.578 -355.707 -356.927 -366.904 -9999.000 -9999.000
-9999.000 -9999.000 1178.974 1124.117 1087.481 1054.539 1013.807 963.982 907.475 846.449 782.012 715.223 646.709 576.708 505.497 433.516 360.743 287.073 212.628 137.690 62.305 -13.529 -88.769 -159.919 -221.620 -269.491 -302.995 -324.650 -337.873 -345.657 -350.132 -352.664 -354.082 -354.868 -355.301 -355.536 -355.663 -355.731 -355.765 -355.782 -355.789 -355.791 -355.790 -355.788 -355.784 -355.781 -355.777 -355.773 -355.769 -355.765 -355.761 -355.757 -355.752 -355.748 -355.744 -355.740 -355.736 -355.732 -355.728 -355.724 -355.719 -355.715 -355.711 -355.707 -355.703 -355.699 -355.695 -355.691 -355.686 -355.682 -355.678 -355.674 -355.670 -355.666 -355.662 -355.658 -355.653 -355.649 -355.645 -355.641 -355.637 -355.633 -355.629 -355.625 -355.621 -355.616 -355.612 -355.608 -355.604 -355.600 -355.596 -355.592 -355.588 -355.583 -355.579 -355.575 -355.571 -355.568 -355.578 -355.707 -356.927 -366.904 -9999.000 -9999.000
-9999.000 -9999.000 1178.984 1124.120 1087.482 1054.540 1013.807 963.982 907.475 846.449 782.012 715.223 646.709 576.708 505.497 433.516 360.743 287.073 212.628 137.690 62.305 -13.529 -88.769 -159.919 -221.620 -269.491 -302.995 -324.650 -337.873 -345.657 -350.132 -352.664 -354.082 -354.868 -355.301 -355.536 -355.663 -355.731 -355.765 -355.782 -355.789 -355.791 -355.790 -355.788 -355.784 -355.781 -355.777 -355.773 -355.769 -355.765 -355.761 -355.757 -355.752 -355.748 -355.744 -355.740 -355.736 -355.732 -355.728 -355.724 -355.719 -355.715 -355.711 -355.707 -355.703 -355.699 -355.695 -355.691 -355.686 -355.682 -355.678 -355.674 -355.670 -355.666 -355.662 -355.658 -355.653 -355.649 -355.645 -355.641 -355.637 -355.633 -355.629 -355.625 -355.621 -355.616 -355.612 -355.608 -355.604 -355.600 -355.596 -355.592 -355.588 -355.583 -355.579 -355.575 -355.571 -355.568 -355.578 -355.707 -356.927 -366.904 -9999.000 -9999.000
-9999.000 -9999.000 1178.984 1124.120 1087.482 1054.540 1013.807 963.982 907.475 846.449 782.012 715.223 646.709 576.708 505.497 433.516 360.743 287.073 212.628 137.690 62.305 -13.529 -88.769 -159.919 -221.620 -269.491 -302.995 -324.650 -337.873 -345.657 -350.132 -352.664 -354.082 -354.868 -355.301 -355.536 -355.663 -355.731 -355.765 -355.782 -355.789 -355.791 -355.790 -355.788 -355.784 -355.781 -355.777 -355.773 -355.769 -355.765 -355.761 -355.757 -355.752 -355.748 -355.744 -355.740 -355.736 -355.732 -355.728 -355.724 -355.719 -355.715 -355.711 -355.707 -355.703 -355.699 -355.695 -355.691 -355.686 -355.682 -355.678 -355.674 -355.670 -355.666 -355.662 -355.658 -355.653 -355.649 -355.645 -355.641 -355.637 -355.633 -355.629 -355.625 -355.621 -355.616 -355.612 -355.608 -355.604 -355.600 -355.596 -355.592 -355.588 -355.583 -355.579 -355.575 -355.571 -355.568 -355.578 -355.707 -356.927 -366.904 -9999.000 -9999.000
-9999.000 -9999.000 1178.974 1124.117 1087.481 1054.539 1013.807 963.982 907.475 846.449 782.012 715.223 646.709 576.708 505.497 433.516 360.743 287.073 212.628 137.690 62.305 -13.529 -88.769 -159.919 -221.620 -269.491 -302.995 -324.650 -337.873 -345.657 -350.132 -352.664 -354.082 -354.868 -355.301 -355.536 -355.663 -355.731 -355.765 -355.782 -355.789 -355.791 -355.790 -355.788 -355.784 -355.781 -355.777 -355.773 -355.769 -355.765 -355.761 -355.757 -355.752 -355.748 -355.744 -355.740 -355.736 -355.732 -355.728 -355.724 -355.719 -355.715 -355.711 -355.707 -355.703 -355.699 -355.695 -355.691 -355.686 -355.682 -355.678 -355.674 -355.670 -355.666 -355.662 -355.658 -355.653 -355.649 -355.645 -355.641 -355.637 -355.633 -355.629 -355.625 -355.621 -355.616 -355.612 -355.608 -355.604 -355.600 -355.596 -355.592 -355.588 -355.583 -355.579 -355.575 -355.571 -355.568 -355.578 -355.707 -356.927 -366.904 -9999.000 -9999.000
-9999.000 -9999.000 1178.953 1124.111 1087.479 1054.539 1013.807 963.982 907.475 846.449 782.012 715.223 646.709 576.708 505.497 433.516 360.743 287.073 212.628 137.690 62.305 -13.529 -88.769 -159.919 -221.620 -269.491 -302.995 -324.650 -337.873 -345.657 -350.132 -352.664 -354.082 -354.868 -355.301 -355.536 -355.663 -355.731 -355.765 -355.782 -355.789 -355.791 -355.790 -355.788 -355.784 -355.781 -355.777 -355.773 -355.769 -355.765 -355.761 -355.757 -355.752 -355.748 -355.744 -355.740 -355.736 -355.732 -355.728 -355.724 -355.719 -355.715 -355.711 -355.707 -355.703 -355.699 -355.695 -355.691 -355.686 -355.682 -355.678 -355.674 -355.670 -355.666 -355.662 -355.658 -355.653 -355.649 -355.645 -355.641 -355.637 -355.633 -355.629 -355.625 -355.621 -355.616 -355.612 -355.608 -355.604 -355.600 -355.596 -355.592 -355.588 -355.583 -355.579 -355.575 -355.571 -355.568 -355.578 -355.707 -356.927 -366.904 -9999.000 -9999.000
-9999.000 -9999.000 -9999.000 -9999.000 -9999.000 -9999.000 -9999.000 -9999.000 -9999.000 -9999.000 -9999.000 -9999.000 -9999.000 -9999.000 -9999.000 -9999.000 -9999.000 -9999.000 -9999.000 -9999.000 -9999.000 -9999.000 -9999.000 -9999.000 -9999.000 -9999.000 -9999.000 -9999.000 -9999.000 -9999.000 -9999.000 -9999.000 -9999.000 -9999.000 -9999.000 -9999.000 -9999.000 -9999.000 -9999.000 -9999.000 -9999.000 -9999.000 -9999.000 -9999.000 -9999.000 -9999.000 -9999.000 -9999.000 -9999.000 -9999.000 -9999.000 -9999.000 -9999.000 -9999.000 -9999.000 -9999.000 -9999.000 -9999.000 -9999.000 -9999.000 -9999.000 -9999.000 -9999.000 -9999.000 -9999.000 -9999.000 -9999.000 -9999.000 -9999.000 -9999.000 -9999.000 -9999.000 -9999.000 -9999.000 -9999.000 -9999.000 -9999.000 -9999.000 -9999.000 -9999.000 -9999.000 -9999.000 -9999.000 -9999.000 -9999.000 -9999.000 -9999.000 -9999.000 -9999.000 -9999.000 -9999.000 -9999.000 -9999.000 -9999.000 -9999.000 -9999.000 -9999.000 -9999.000 -9999.000 -9999.000 -9999.000 -9999.000 -9999.000 -9999.000
-9999.000 -9999.000 -9999.000 -9999.000 -9999.000 -9999.000 -9999.000 -9999.000 -9999.000 -9999.000 -9999.000 -9999.000 -9999.000 -9999.000 -9999.000 -9999.000 -9999.000 -9999.000 -9999.000 -9999.000 -9999.000 -9999.000 -9999.000 -9999.000 -9999.000 -9999.000 -9999.000 -9999.000 -9999.000 -9999.000 -9999.000 -9999.000 -9999.000 -9999.000 -9999.000 -9999.000 -9999.000 -9999.000 -9999.000 -9999.000 -9999.000 -9999.000 -9999.000 -9999.000 -9999.000 -9999.000 -9999.000 -9999.000 -9999.000 -9999.000 -9999.000 -9999.000 -9999.000 -9999.000 -9999.000 -9999.000 -9999.000 -9999.000 -9999.000 -9999.000 -9999.000 -9999.000 -9999.000 -9999.000 -9999.000 -9999.000 -9999.000 -9999.000 -9999.000 -9999.000 -9999.000 -9999.000 -9999.000 -9999.000 -9999.000 -9999.000 -9999.000 -9999.000 -9999.000 -9999.000 -9999.000 -9999.000 -9999.000 -9999.000 -9999.000 -9999.000 -9999.000 -9999.000 -9999.000 -9999.000 -9999.000 -9999.000 -9999.000 -9999.000 -9999.000 -9999.000 -9999.000 -9999.000 -9999.000 -9999.000 -9999.000 -9999.000 -9999.000 -9999.000