tests/3D/hillslope01/output_maps-METEOIO_OFF/psiliqL0054N0001.asc
ncols         104
nrows         10
xllcorner     -2.000000
yllcorner     0.000000
cellsize      1.000000
NODATA_value  -9999.0
-9999.000 -9999.000 -9999.000 -9999.000 -9999.000 -9999.000 -9999.000 -9999.000 -9999.000 -9999.000 -9999.000 -9999.000 -9999.000 -9999.000 -9999.000 -9999.000 -9999.000 -9999.000 -9999.000 -9999.000 -9999.000 -9999.000 -9999.000 -9999.000 -9999.000 -9999.000 -9999.000 -9999.000 -9999.000 -9999.000 -9999.000 -9999.000 -9999.000 -9999.000 -9999.000 -9999.000 -9999.000 -9999.000 -9999.000 -9999.000 -9999.000 -9999.000 -9999.000 -9999.000 -9999.000 -9999.000 -9999.000 -9999.000 -9999.000 -9999.000 -9999.000 -9999.000 -9999.000 -9999.000 -9999.000 -9999.000 -9999.000 -9999.000 -9999.000 -9999.000 -9999.000 -9999.000 -9999.000 -9999.000 -9999.000 -9999.000 -9999.000 -9999.000 -9999.000 -9999.000 -9999.000 -9999.000 -9999.000 -9999.000 -9999.000 -9999.000 -9999.000 -9999.000 -9999.000 -9999.000 -9999.000 -9999.000 -9999.000 -9999.000 -9999.000 -9999.000 -9999.000 -9999.000 -9999.000 -9999.000 -9999.000 -9999.000 -9999.000 -9999.000 -9999.000 -9999.000 -9999.000 -9999.000 -9999.000 -9999.000 -9999.000 -9999.000 -9999.000 -9999.000
-9999.000 -9999.000 -9999.000 -9999.000 -9999.000 -9999.000 -9999.000 -9999.000 -9999.000 -9999.000 -9999.000 -9999.000 -9999.000 -9999.000 -9999.000 -9999.000 -9999.000 -9999.000 -9999.000 -9999.000 -9999.000 -9999.000 -9999.000 -9999.000 -9999.000 -9999.000 -9999.000 -9999.000 -9999.000 -9999.000 -9999.000 -9999.000 -9999.000 -9999.000 -9999.000 -9999.000 -9999.000 -9999.000 -9999.000 -9999.000 -9999.000 -9999.000 -9999.000 -9999.000 -9999.000 -9999.000 -9999.000 -9999.000 -9999.000 -9999.000 -9999.000 -9999.000 -9999.000 -9999.000 -9999.000 -9999.000 -9999.000 -9999.000 -9999.000 -9999.000 -9999.000 -9999.000 -9999.000 -9999.000 -9999.000 -9999.000 -9999.000 -9999.000 -9999.000 -9999.000 -9999.000 -9999.000 -9999.000 -9999.000 -9999.000 -9999.000 -9999.000 -9999.000 -9999.000 -9999.000 -9999.000 -9999.000 -9999.000 -9999.000 -9999.000 -9999.000 -9999.000 -9999.000 -9999.000 -9999.000 -9999.000 -9999.000 -9999.000 -9999.000 -9999.000 -9999.000 -9999.000 -9999.000 -9999.000 -9999.000 -9999.000 -9999.000 -9999.000 -9999.000
-9999.000 -9999.000 3983.111 3883.505 3784.309 3685.545 3587.233 3489.389 3392.024 3295.150 3198.778 3102.918 3007.582 2912.782 2818.532 2724.846 2631.742 2539.240 2447.365 2356.144 2265.596 2175.730 2086.549 1998.062 1910.319 1823.468 1737.726 1653.389 1570.784 1490.197 1411.825 1335.843 1262.369 1191.347 1122.620 1056.128 991.680 929.156 868.500 809.428 752.087 696.099 641.662 588.423 536.534 485.660 435.995 387.104 339.383 292.061 246.005 199.780 154.992 109.950 65.946 21.912 -21.773 -64.820 -108.147 -149.920 -191.884 -231.927 -271.041 -308.604 -344.097 -378.135 -409.597 -439.286 -466.687 -492.036 -515.477 -536.944 -556.728 -574.829 -591.453 -606.690 -620.673 -633.515 -645.316 -656.175 -666.172 -675.388 -683.889 -691.735 -698.980 -705.671 -711.848 -717.547 -722.800 -727.635 -732.076 -736.143 -739.856 -743.230 -746.281 -749.022 -751.465 -753.627 -755.549 -757.477 -761.044 -776.121 -9999.000 -9999.000
-9999.000 -9999.000 3983.111 3883.505 3784.309 3685.545 3587.233 3489.389 3392.024 3295.150 3198.778 3102.918 3007.582 2912.782 2818.532 2724.846 2631.742 2539.240 2447.365 2356.144 2265.596 2175.730 2086.549 1998.062 1910.319 1823.468 1737.726 1653.389 1570.784 1490.197 1411.825 1335.843 1262.369 1191.347 1122.620 1056.128 991.680 929.156 868.500 809.428 752.087 696.099 641.662 588.423 536.534 485.660 435.995 387.104 339.383 292.061 246.005 199.780 154.992 109.950 65.946 21.912 -21.773 -64.820 -108.147 -149.920 -191.884 -231.927 -271.041 -308.604 -344.097 -378.135 -409.597 -439.286 -466.687 -492.036 -515.477 -536.944 -556.728 -574.829 -591.453 -606.690 -620.673 -633.515 -645.316 -656.175 -666.172 -675.388 -683.889 -691.735 -698.980 -705.671 -711.848 -717.547 -722.800 -727.635 -732.076 -736.143 -739.856 -743.230 -746.281 -749.022 -751.465 -753.627 -755.549 -757.477 -761.044 -776.121 -9999.000 -9999.000
-9999.000 -9999.000 3983.111 3883.505 3784.309 3685.545 3587.233 3489.389 3392.024 3295.150 3198.778 3102.918 3007.582 2912.782 2818.532 2724.846 2631.742 2539.240 2447.365 2356.144 2265.596 2175.730 2086.549 1998.062 1910.319 1823.468 1737.726 1653.389 1570.784 1490.197 1411.825 1335.843 1262.369 1191.347 1122.620 1056.128 991.680 929.156 868.500 809.428 752.087 696.099 641.662 588.423 536.534 485.660 435.995 387.104 339.383 292.061 246.005 199.780 154.992 109.950 65.946 21.912 -21.773 -64.820 -108.147 -149.920 -191.884 -231.927 -271.041 -308.604 -344.097 -378.135 -409.597 -439.286 -466.687 -492.036 -515.477 -536.944 -556.728 -574.829 -591.453 -606.690 -620.673 -633.515 -645.316 -656.175 -666.172 -675.388 -683.889 -691.735 -698.980 -705.671 -711.848 -717.547 -722.800 -727.635 -732.076 -736.143 -739.856 -743.230 -746.281 -749.022 -751.465 -753.627 -755.549 -757.477 -761.044 -776.121 -9999.000 -9999.000
-9999.000 -9999.000 3983.111 3883.505 3784.309 3685.545 3587.233 3489.389 3392.024 3295.150 3198.778 3102.918 3007.582 2912.782 2818.532 2724.846 2631.742 2539.240 2447.365 2356.144 2265.596 2175.730 2086.549 1998.062 1910.319 1823.468 1737.726 1653.389 1570.784 1490.197 1411.825 1335.843 1262.369 1191.347 1122.620 1056.128 991.680 929.156 868.500 809.428 752.087 696.099 641.662 588.423 536.534 485.660 435.995 387.104 339.383 292.061 246.005 199.780 154.992 109.950 65.946 21.912 -21.773 -64.820 -108.147 -149.920 -191.884 -231.927 -271.041 -308.604 -344.097 -378.135 -409.597 -439.286 -466.687 -492.036 -515.477 -536.944 -556.728 -574.829 -591.453 -606.690 -620.673 -633.515 -645.316 -656.175 -666.172 -675.388 -683.889 -691.735 -698.980 -705.671 -711.848 -717.547 -722.800 -727.635 -732.076 -736.143 -739.856 -743.230 -746.281 -749.022 -751.465 -753.627 -755.549 -757.477 -761.044 -776.121 -9999.000 -9999.000
-9999.000 -9999.000 3983.111 3883.505 3784.309 3685.545 3587.233 3489.389 3392.024 3295.150 3198.778 3102.918 3007.582 2912.782 2818.532 2724.846 2631.742 2539.240 2447.365 2356.144 2265.596 2175.730 2086.549 1998.062 1910.319 1823.468 1737.726 1653.389 1570.784 1490.197 1411.825 1335.843 1262.369 1191.347 1122.620 1056.128 991.680 929.156 868.500 809.428 752.087 696.099 641.662 588.423 536.534 485.660 435.995 387.104 339.383 292.061 246.005 199.780 154.992 109.950 65.946 21.912 -21.773 -64.820 -108.147 -149.920 -191.884 -231.927 -271.041 -308.604 -344.097 -378.135 -409.597 -439.286 -466.687 -492.036 -515.477 -536.944 -556.728 -574.829 -591.453 -606.690 -620.673 -633.515 -645.316 -656.175 -666.172 -675.388 -683.889 -691.735 -698.980 -705.671 -711.848 -717.547 -722.800 -727.635 -732.076 -736.143 -739.856 -743.230 -746.281 -749.022 -751.465 -753.627 -755.549 -757.477 -761.044 -776.121 -9999.000 -9999.000
-9999.000 -9999.000 3983.111 3883.505 3784.309 3685.545 3587.233 3489.389 3392.024 3295.150 3198.778 3102.918 3007.582 2912.782 2818.532 2724.846 2631.742 2539.240 2447.365 2356.144 2265.596 2175.730 2086.549 1998.062 1910.319 1823.468 1737.726 1653.389 1570.784 1490.197 1411.825 1335.843 1262.369 1191.347 1122.620 1056.128 991.680 929.156 868.500 809.428 752.087 696.099 641.662 588.423 536.534 485.660 435.995 387.104 339.383 292.061 246.005 199.780 154.992 109.950 65.946 21.912 -21.773 -64.820 -108.147 -149.920 -191.884 -231.927 -271.041 -308.604 -344.097 -378.135 -409.597 -439.286 -466.687 -492.036 -515.477 -536.944 -556.728 -574.829 -591.453 -606.690 -620.673 -633.515 -645.316 -656.175 -666.172 -675.388 -683.889 -691.735 -698.980 -705.671 -711.848 -717.547 -722.800 -727.635 -732.076 -736.143 -739.856 -743.230 -746.281 -749.022 -751.465 -753.627 -755.549 -757.477 -761.044 -776.121 -9999.000 -9999.000
-9999.000 -9999.000 -9999.000 -9999.000 -9999.000 -9999.000 -9999.000 -9999.000 -9999.000 -9999.000 -9999.000 -9999.000 -9999.000 -9999.000 -9999.000 -9999.000 -9999.000 -9999.000 -9999.000 -9999.000 -9999.000 -9999.000 -9999.000 -9999.000 -9999.000 -9999.000 -9999.000 -9999.000 -9999.000 -9999.000 -9999.000 -9999.000 -9999.000 -9999.000 -9999.000 -9999.000 -9999.000 -9999.000 -9999.000 -9999.000 -9999.000 -9999.000 -9999.000 -9999.000 -9999.000 -9999.000 -9999.000 -9999.000 -9999.000 -9999.000 -9999.000 -9999.000 -9999.000 -9999.000 -9999.000 -9999.000 -9999.000 -9999.000 -9999.000 -9999.000 -9999.000 -9999.000 -9999.000 -9999.000 -9999.000 -9999.000 -9999.000 -9999.000 -9999.000 -9999.000 -9999.000 -9999.000 -9999.000 -9999.000 -9999.000 -9999.000 -9999.000 -9999.000 -9999.000 -9999.000 -9999.000 -9999.000 -9999.000 -9999.000 -9999.000 -9999.000 -9999.000 -9999.000 -9999.000 -9999.000 -9999.000 -9999.000 -9999.000 -9999.000 -9999.000 -9999.000 -9999.000 -9999.000 -9999.000 -9999.000 -9999.000 -9999.000 -9999.000 -9999.000
-9999.000 -9999.000 -9999.000 -9999.000 -9999.000 -9999.000 -9999.000 -9999.000 -9999.000 -9999.000 -9999.000 -9999.000 -9999.000 -9999.000 -9999.000 -9999.000 -9999.000 -9999.000 -9999.000 -9999.000 -9999.000 -9999.000 -9999.000 -9999.000 -9999.000 -9999.000 -9999.000 -9999.000 -9999.000 -9999.000 -9999.000 -9999.000 -9999.000 -9999.000 -9999.000 -9999.000 -9999.000 -9999.000 -9999.000 -9999.000 -9999.000 -9999.000 -9999.000 -9999.000 -9999.000 -9999.000 -9999.000 -9999.000 -9999.000 -9999.000 -9999.000 -9999.000 -9999.000 -9999.000 -9999.000 -9999.000 -9999.000 -9999.000 -9999.000 -9999.000 -9999.000 -9999.000 -9999.000 -9999.000 -9999.000 -9999.000 -9999.000 -9999.000 -9999.000 -9999.000 -9999.000 -9999.000 -9999.000 -9999.000 -9999.000 -9999.000 -9999.000 -9999.000 -9999.000 -9999.000 -9999.000 -9999.000 -9999.000 -9999.000 -9999.000 -9999.000 -9999.000 -9999.000 -9999.000 -9999.000 -9999.000 -9999.000 -9999.000 -9999.000 -9999.000 -9999.000 -9999.000 -9999.000 -9999.000 -9999.000 -9999.000 -9999.000 -9999.000 -9999.000