tests/3D/hillslope01/output_maps-METEOIO_OFF/psiliqL0073N0001.asc
ncols         104
nrows         10
xllcorner     -2.000000
yllcorner     0.000000
cellsize      1.000000
NODATA_value  -9999.0
-9999.000 -9999.000 -9999.000 -9999.000 -9999.000 -9999.000 -9999.000 -9999.000 -9999.000 -9999.000 -9999.000 -9999.000 -9999.000 -9999.000 -9999.000 -9999.000 -9999.000 -9999.000 -9999.000 -9999.000 -9999.000 -9999.000 -9999.000 -9999.000 -9999.000 -9999.000 -9999.000 -9999.000 -9999.000 -9999.000 -9999.000 -9999.000 -9999.000 -9999.000 -9999.000 -9999.000 -9999.000 -9999.000 -9999.000 -9999.000 -9999.000 -9999.000 -9999.000 -9999.000 -9999.000 -9999.000 -9999.000 -9999.000 -9999.000 -9999.000 -9999.000 -9999.000 -9999.000 -9999.000 -9999.000 -9999.000 -9999.000 -9999.000 -9999.000 -9999.000 -9999.000 -9999.000 -9999.000 -9999.000 -9999.000 -9999.000 -9999.000 -9999.000 -9999.000 -9999.000 -9999.000 -9999.000 -9999.000 -9999.000 -9999.000 -9999.000 -9999.000 -9999.000 -9999.000 -9999.000 -9999.000 -9999.000 -9999.000 -9999.000 -9999.000 -9999.000 -9999.000 -9999.000 -9999.000 -9999.000 -9999.000 -9999.000 -9999.000 -9999.000 -9999.000 -9999.000 -9999.000 -9999.000 -9999.000 -9999.000 -9999.000 -9999.000 -9999.000 -9999.000
-9999.000 -9999.000 -9999.000 -9999.000 -9999.000 -9999.000 -9999.000 -9999.000 -9999.000 -9999.000 -9999.000 -9999.000 -9999.000 -9999.000 -9999.000 -9999.000 -9999.000 -9999.000 -9999.000 -9999.000 -9999.000 -9999.000 -9999.000 -9999.000 -9999.000 -9999.000 -9999.000 -9999.000 -9999.000 -9999.000 -9999.000 -9999.000 -9999.000 -9999.000 -9999.000 -9999.000 -9999.000 -9999.000 -9999.000 -9999.000 -9999.000 -9999.000 -9999.000 -9999.000 -9999.000 -9999.000 -9999.000 -9999.000 -9999.000 -9999.000 -9999.000 -9999.000 -9999.000 -9999.000 -9999.000 -9999.000 -9999.000 -9999.000 -9999.000 -9999.000 -9999.000 -9999.000 -9999.000 -9999.000 -9999.000 -9999.000 -9999.000 -9999.000 -9999.000 -9999.000 -9999.000 -9999.000 -9999.000 -9999.000 -9999.000 -9999.000 -9999.000 -9999.000 -9999.000 -9999.000 -9999.000 -9999.000 -9999.000 -9999.000 -9999.000 -9999.000 -9999.000 -9999.000 -9999.000 -9999.000 -9999.000 -9999.000 -9999.000 -9999.000 -9999.000 -9999.000 -9999.000 -9999.000 -9999.000 -9999.000 -9999.000 -9999.000 -9999.000 -9999.000
-9999.000 -9999.000 5867.289 5767.718 5668.584 5569.894 5471.662 5373.900 5276.619 5179.831 5083.550 4987.788 4892.558 4797.876 4703.758 4610.222 4517.288 4424.982 4333.329 4242.360 4152.107 4062.609 3973.913 3886.085 3799.217 3713.440 3628.918 3545.841 3464.405 3384.795 3307.162 3231.621 3158.238 3087.020 3017.932 2950.913 2885.878 2822.734 2761.387 2701.734 2643.686 2587.143 2532.021 2478.225 2425.670 2374.264 2323.926 2274.562 2226.098 2178.435 2131.510 2085.214 2039.520 1994.315 1949.561 1905.159 1861.051 1817.170 1773.425 1729.809 1686.192 1642.613 1598.934 1555.139 1511.145 1466.876 1422.332 1377.357 1332.056 1286.201 1239.941 1193.026 1145.577 1097.370 1048.515 998.790 948.328 896.857 844.592 791.125 736.861 681.241 624.715 566.864 507.695 447.370 385.252 322.035 257.282 190.419 122.366 52.553 -19.397 -91.795 -162.755 -230.851 -294.047 -350.603 -399.676 -441.380 -476.977 -513.368 -9999.000 -9999.000
-9999.000 -9999.000 5867.289 5767.718 5668.584 5569.894 5471.662 5373.900 5276.619 5179.831 5083.550 4987.788 4892.558 4797.876 4703.758 4610.222 4517.288 4424.982 4333.329 4242.360 4152.107 4062.609 3973.913 3886.085 3799.217 3713.440 3628.918 3545.841 3464.405 3384.795 3307.162 3231.621 3158.238 3087.020 3017.932 2950.913 2885.878 2822.734 2761.387 2701.734 2643.686 2587.143 2532.021 2478.225 2425.670 2374.264 2323.926 2274.562 2226.098 2178.435 2131.510 2085.214 2039.520 1994.315 1949.561 1905.159 1861.051 1817.170 1773.425 1729.809 1686.192 1642.613 1598.934 1555.139 1511.145 1466.876 1422.332 1377.357 1332.056 1286.201 1239.941 1193.026 1145.577 1097.370 1048.515 998.790 948.328 896.857 844.592 791.125 736.861 681.241 624.715 566.864 507.695 447.370 385.252 322.035 257.282 190.419 122.366 52.553 -19.397 -91.795 -162.755 -230.851 -294.047 -350.603 -399.676 -441.380 -476.977 -513.368 -9999.000 -9999.000
-9999.000 -9999.000 5867.289 5767.718 5668.584 5569.894 5471.662 5373.900 5276.619 5179.831 5083.550 4987.788 4892.558 4797.876 4703.758 4610.222 4517.288 4424.982 4333.329 4242.360 4152.107 4062.609 3973.913 3886.085 3799.217 3713.440 3628.918 3545.841 3464.405 3384.795 3307.162 3231.621 3158.238 3087.020 3017.932 2950.913 2885.878 2822.734 2761.387 2701.734 2643.686 2587.143 2532.021 2478.225 2425.670 2374.264 2323.926 2274.562 2226.098 2178.435 2131.510 2085.214 2039.520 1994.315 1949.561 1905.159 1861.051 1817.170 1773.425 1729.809 1686.192 1642.613 1598.934 1555.139 1511.145 1466.876 1422.332 1377.357 1332.056 1286.201 1239.941 1193.026 1145.577 1097.370 1048.515 998.790 948.328 896.857 844.592 791.125 736.861 681.241 624.715 566.864 507.695 447.370 385.252 322.035 257.282 190.419 122.366 52.553 -19.397 -91.795 -162.755 -230.851 -294.047 -350.603 -399.676 -441.380 -476.977 -513.368 -9999.000 -9999.000
-9999.000 -9999.000 5867.289 5767.718 5668.584 5569.894 5471.662 5373.900 5276.619 5179.831 5083.550 4987.788 4892.558 4797.876 4703.758 4610.222 4517.288 4424.982 4333.329 4242.360 4152.107 4062.609 3973.913 3886.085 3799.217 3713.440 3628.918 3545.841 3464.405 3384.795 3307.162 3231.621 3158.238 3087.020 3017.932 2950.913 2885.878 2822.734 2761.387 2701.734 2643.686 2587.143 2532.021 2478.225 2425.670 2374.264 2323.926 2274.562 2226.098 2178.435 2131.510 2085.214 2039.520 1994.315 1949.561 1905.159 1861.051 1817.170 1773.425 1729.809 1686.192 1642.613 1598.934 1555.139 1511.145 1466.876 1422.332 1377.357 1332.056 1286.201 1239.941 1193.026 1145.577 1097.370 1048.515 998.790 948.328 896.857 844.592 791.125 736.861 681.241 624.715 566.864 507.695 447.370 385.252 322.035 257.282 190.419 122.366 52.553 -19.397 -91.795 -162.755 -230.851 -294.047 -350.603 -399.676 -441.380 -476.977 -513.368 -9999.000 -9999.000
-9999.000 -9999.000 5867.289 5767.718 5668.584 5569.894 5471.662 5373.900 5276.619 5179.831 5083.550 4987.788 4892.558 4797.876 4703.758 4610.222 4517.288 4424.982 4333.329 4242.360 4152.107 4062.609 3973.913 3886.085 3799.217 3713.440 3628.918 3545.841 3464.405 3384.795 3307.162 3231.621 3158.238 3087.020 3017.932 2950.913 2885.878 2822.734 2761.387 2701.734 2643.686 2587.143 2532.021 2478.225 2425.670 2374.264 2323.926 2274.562 2226.098 2178.435 2131.510 2085.214 2039.520 1994.315 1949.561 1905.159 1861.051 1817.170 1773.425 1729.809 1686.192 1642.613 1598.934 1555.139 1511.145 1466.876 1422.332 1377.357 1332.056 1286.201 1239.941 1193.026 1145.577 1097.370 1048.515 998.790 948.328 896.857 844.592 791.125 736.861 681.241 624.715 566.864 507.695 447.370 385.252 322.035 257.282 190.419 122.366 52.553 -19.397 -91.795 -162.755 -230.851 -294.047 -350.603 -399.676 -441.380 -476.977 -513.368 -9999.000 -9999.000
-9999.000 -9999.000 5867.289 5767.718 5668.584 5569.894 5471.662 5373.900 5276.619 5179.831 5083.550 4987.788 4892.558 4797.876 4703.758 4610.222 4517.288 4424.982 4333.329 4242.360 4152.107 4062.609 3973.913 3886.085 3799.217 3713.440 3628.918 3545.841 3464.405 3384.795 3307.162 3231.621 3158.238 3087.020 3017.932 2950.913 2885.878 2822.734 2761.387 2701.734 2643.686 2587.143 2532.021 2478.225 2425.670 2374.264 2323.926 2274.562 2226.098 2178.435 2131.510 2085.214 2039.520 1994.315 1949.561 1905.159 1861.051 1817.170 1773.425 1729.809 1686.192 1642.613 1598.934 1555.139 1511.145 1466.876 1422.332 1377.357 1332.056 1286.201 1239.941 1193.026 1145.577 1097.370 1048.515 998.790 948.328 896.857 844.592 791.125 736.861 681.241 624.715 566.864 507.695 447.370 385.252 322.035 257.282 190.419 122.366 52.553 -19.397 -91.795 -162.755 -230.851 -294.047 -350.603 -399.676 -441.380 -476.977 -513.368 -9999.000 -9999.000
-9999.000 -9999.000 -9999.000 -9999.000 -9999.000 -9999.000 -9999.000 -9999.000 -9999.000 -9999.000 -9999.000 -9999.000 -9999.000 -9999.000 -9999.000 -9999.000 -9999.000 -9999.000 -9999.000 -9999.000 -9999.000 -9999.000 -9999.000 -9999.000 -9999.000 -9999.000 -9999.000 -9999.000 -9999.000 -9999.000 -9999.000 -9999.000 -9999.000 -9999.000 -9999.000 -9999.000 -9999.000 -9999.000 -9999.000 -9999.000 -9999.000 -9999.000 -9999.000 -9999.000 -9999.000 -9999.000 -9999.000 -9999.000 -9999.000 -9999.000 -9999.000 -9999.000 -9999.000 -9999.000 -9999.000 -9999.000 -9999.000 -9999.000 -9999.000 -9999.000 -9999.000 -9999.000 -9999.000 -9999.000 -9999.000 -9999.000 -9999.000 -9999.000 -9999.000 -9999.000 -9999.000 -9999.000 -9999.000 -9999.000 -9999.000 -9999.000 -9999.000 -9999.000 -9999.000 -9999.000 -9999.000 -9999.000 -9999.000 -9999.000 -9999.000 -9999.000 -9999.000 -9999.000 -9999.000 -9999.000 -9999.000 -9999.000 -9999.000 -9999.000 -9999.000 -9999.000 -9999.000 -9999.000 -9999.000 -9999.000 -9999.000 -9999.000 -9999.000 -9999.000
-9999.000 -9999.000 -9999.000 -9999.000 -9999.000 -9999.000 -9999.000 -9999.000 -9999.000 -9999.000 -9999.000 -9999.000 -9999.000 -9999.000 -9999.000 -9999.000 -9999.000 -9999.000 -9999.000 -9999.000 -9999.000 -9999.000 -9999.000 -9999.000 -9999.000 -9999.000 -9999.000 -9999.000 -9999.000 -9999.000 -9999.000 -9999.000 -9999.000 -9999.000 -9999.000 -9999.000 -9999.000 -9999.000 -9999.000 -9999.000 -9999.000 -9999.000 -9999.000 -9999.000 -9999.000 -9999.000 -9999.000 -9999.000 -9999.000 -9999.000 -9999.000 -9999.000 -9999.000 -9999.000 -9999.000 -9999.000 -9999.000 -9999.000 -9999.000 -9999.000 -9999.000 -9999.000 -9999.000 -9999.000 -9999.000 -9999.000 -9999.000 -9999.000 -9999.000 -9999.000 -9999.000 -9999.000 -9999.000 -9999.000 -9999.000 -9999.000 -9999.000 -9999.000 -9999.000 -9999.000 -9999.000 -9999.000 -9999.000 -9999.000 -9999.000 -9999.000 -9999.000 -9999.000 -9999.000 -9999.000 -9999.000 -9999.000 -9999.000 -9999.000 -9999.000 -9999.000 -9999.000 -9999.000 -9999.000 -9999.000 -9999.000 -9999.000 -9999.000 -9999.000