tests/3D/hillslope01/output_maps-METEOIO_OFF/psiliqL0043N0001.asc
ncols         104
nrows         10
xllcorner     -2.000000
yllcorner     0.000000
cellsize      1.000000
NODATA_value  -9999.0
-9999.000 -9999.000 -9999.000 -9999.000 -9999.000 -9999.000 -9999.000 -9999.000 -9999.000 -9999.000 -9999.000 -9999.000 -9999.000 -9999.000 -9999.000 -9999.000 -9999.000 -9999.000 -9999.000 -9999.000 -9999.000 -9999.000 -9999.000 -9999.000 -9999.000 -9999.000 -9999.000 -9999.000 -9999.000 -9999.000 -9999.000 -9999.000 -9999.000 -9999.000 -9999.000 -9999.000 -9999.000 -9999.000 -9999.000 -9999.000 -9999.000 -9999.000 -9999.000 -9999.000 -9999.000 -9999.000 -9999.000 -9999.000 -9999.000 -9999.000 -9999.000 -9999.000 -9999.000 -9999.000 -9999.000 -9999.000 -9999.000 -9999.000 -9999.000 -9999.000 -9999.000 -9999.000 -9999.000 -9999.000 -9999.000 -9999.000 -9999.000 -9999.000 -9999.000 -9999.000 -9999.000 -9999.000 -9999.000 -9999.000 -9999.000 -9999.000 -9999.000 -9999.000 -9999.000 -9999.000 -9999.000 -9999.000 -9999.000 -9999.000 -9999.000 -9999.000 -9999.000 -9999.000 -9999.000 -9999.000 -9999.000 -9999.000 -9999.000 -9999.000 -9999.000 -9999.000 -9999.000 -9999.000 -9999.000 -9999.000 -9999.000 -9999.000 -9999.000 -9999.000
-9999.000 -9999.000 -9999.000 -9999.000 -9999.000 -9999.000 -9999.000 -9999.000 -9999.000 -9999.000 -9999.000 -9999.000 -9999.000 -9999.000 -9999.000 -9999.000 -9999.000 -9999.000 -9999.000 -9999.000 -9999.000 -9999.000 -9999.000 -9999.000 -9999.000 -9999.000 -9999.000 -9999.000 -9999.000 -9999.000 -9999.000 -9999.000 -9999.000 -9999.000 -9999.000 -9999.000 -9999.000 -9999.000 -9999.000 -9999.000 -9999.000 -9999.000 -9999.000 -9999.000 -9999.000 -9999.000 -9999.000 -9999.000 -9999.000 -9999.000 -9999.000 -9999.000 -9999.000 -9999.000 -9999.000 -9999.000 -9999.000 -9999.000 -9999.000 -9999.000 -9999.000 -9999.000 -9999.000 -9999.000 -9999.000 -9999.000 -9999.000 -9999.000 -9999.000 -9999.000 -9999.000 -9999.000 -9999.000 -9999.000 -9999.000 -9999.000 -9999.000 -9999.000 -9999.000 -9999.000 -9999.000 -9999.000 -9999.000 -9999.000 -9999.000 -9999.000 -9999.000 -9999.000 -9999.000 -9999.000 -9999.000 -9999.000 -9999.000 -9999.000 -9999.000 -9999.000 -9999.000 -9999.000 -9999.000 -9999.000 -9999.000 -9999.000 -9999.000 -9999.000
-9999.000 -9999.000 2891.628 2791.976 2692.712 2593.876 2495.493 2397.580 2300.148 2203.207 2106.764 2010.828 1915.410 1820.519 1726.167 1632.368 1539.131 1446.472 1354.426 1263.025 1172.281 1082.187 992.704 903.742 815.257 727.441 640.540 554.964 471.243 389.785 310.716 234.285 160.840 90.176 21.733 -44.102 -107.987 -170.708 -232.189 -293.605 -354.207 -414.507 -473.628 -531.024 -586.032 -637.509 -685.266 -728.021 -764.488 -792.077 -814.046 -833.135 -849.577 -863.946 -876.644 -887.858 -897.862 -906.849 -914.962 -922.344 -929.101 -935.322 -941.085 -946.452 -951.476 -956.200 -960.662 -964.892 -968.917 -972.759 -976.434 -979.960 -983.347 -986.608 -989.749 -992.779 -995.703 -998.526 -1001.251 -1003.882 -1006.419 -1008.866 -1011.222 -1013.489 -1015.666 -1017.754 -1019.753 -1021.660 -1023.477 -1025.202 -1026.834 -1028.371 -1029.813 -1031.158 -1032.405 -1033.552 -1034.600 -1035.550 -1036.410 -1037.281 -1039.163 -1050.814 -9999.000 -9999.000
-9999.000 -9999.000 2891.628 2791.976 2692.712 2593.876 2495.493 2397.580 2300.148 2203.207 2106.764 2010.828 1915.410 1820.519 1726.167 1632.368 1539.131 1446.472 1354.426 1263.025 1172.281 1082.187 992.704 903.742 815.257 727.441 640.540 554.964 471.243 389.785 310.716 234.285 160.840 90.176 21.733 -44.102 -107.987 -170.708 -232.189 -293.605 -354.207 -414.507 -473.628 -531.024 -586.032 -637.509 -685.266 -728.021 -764.488 -792.077 -814.046 -833.135 -849.577 -863.946 -876.644 -887.858 -897.862 -906.849 -914.962 -922.344 -929.101 -935.322 -941.085 -946.452 -951.476 -956.200 -960.662 -964.892 -968.917 -972.759 -976.434 -979.960 -983.347 -986.608 -989.749 -992.779 -995.703 -998.526 -1001.251 -1003.882 -1006.419 -1008.866 -1011.222 -1013.489 -1015.666 -1017.754 -1019.753 -1021.660 -1023.477 -1025.202 -1026.834 -1028.371 -1029.813 -1031.158 -1032.405 -1033.552 -1034.600 -1035.550 -1036.410 -1037.281 -1039.163 -1050.814 -9999.000 -9999.000
-9999.000 -9999.000 2891.628 2791.976 2692.712 2593.876 2495.493 2397.580 2300.148 2203.207 2106.764 2010.828 1915.410 1820.519 1726.167 1632.368 1539.131 1446.472 1354.426 1263.025 1172.281 1082.187 992.704 903.742 815.257 727.441 640.540 554.964 471.243 389.785 310.716 234.285 160.840 90.176 21.733 -44.102 -107.987 -170.708 -232.189 -293.605 -354.207 -414.507 -473.628 -531.024 -586.032 -637.509 -685.266 -728.021 -764.488 -792.077 -814.046 -833.135 -849.577 -863.946 -876.644 -887.858 -897.862 -906.849 -914.962 -922.344 -929.101 -935.322 -941.085 -946.452 -951.476 -956.200 -960.662 -964.892 -968.917 -972.759 -976.434 -979.960 -983.347 -986.608 -989.749 -992.779 -995.703 -998.526 -1001.251 -1003.882 -1006.419 -1008.866 -1011.222 -1013.489 -1015.666 -1017.754 -1019.753 -1021.660 -1023.477 -1025.202 -1026.834 -1028.371 -1029.813 -1031.158 -1032.405 -1033.552 -1034.600 -1035.550 -1036.410 -1037.281 -1039.163 -1050.814 -9999.000 -9999.000
-9999.000 -9999.000 2891.628 2791.976 2692.712 2593.876 2495.493 2397.580 2300.148 2203.207 2106.764 2010.828 1915.410 1820.519 1726.167 1632.368 1539.131 1446.472 1354.426 1263.025 1172.281 1082.187 992.704 903.742 815.257 727.441 640.540 554.964 471.243 389.785 310.716 234.285 160.840 90.176 21.733 -44.102 -107.987 -170.708 -232.189 -293.605 -354.207 -414.507 -473.628 -531.024 -586.032 -637.509 -685.266 -728.021 -764.488 -792.077 -814.046 -833.135 -849.577 -863.946 -876.644 -887.858 -897.862 -906.849 -914.962 -922.344 -929.101 -935.322 -941.085 -946.452 -951.476 -956.200 -960.662 -964.892 -968.917 -972.759 -976.434 -979.960 -983.347 -986.608 -989.749 -992.779 -995.703 -998.526 -1001.251 -1003.882 -1006.419 -1008.866 -1011.222 -1013.489 -1015.666 -1017.754 -1019.753 -1021.660 -1023.477 -1025.202 -1026.834 -1028.371 -1029.813 -1031.158 -1032.405 -1033.552 -1034.600 -1035.550 -1036.410 -1037.281 -1039.163 -1050.814 -9999.000 -9999.000
-9999.000 -9999.000 2891.628 2791.976 2692.712 2593.876 2495.493 2397.580 2300.148 2203.207 2106.764 2010.828 1915.410 1820.519 1726.167 1632.368 1539.131 1446.472 1354.426 1263.025 1172.281 1082.187 992.704 903.742 815.257 727.441 640.540 554.964 471.243 389.785 310.716 234.285 160.840 90.176 21.733 -44.102 -107.987 -170.708 -232.189 -293.605 -354.207 -414.507 -473.628 -531.024 -586.032 -637.509 -685.266 -728.021 -764.488 -792.077 -814.046 -833.135 -849.577 -863.946 -876.644 -887.858 -897.862 -906.849 -914.962 -922.344 -929.101 -935.322 -941.085 -946.452 -951.476 -956.200 -960.662 -964.892 -968.917 -972.759 -976.434 -979.960 -983.347 -986.608 -989.749 -992.779 -995.703 -998.526 -1001.251 -1003.882 -1006.419 -1008.866 -1011.222 -1013.489 -1015.666 -1017.754 -1019.753 -1021.660 -1023.477 -1025.202 -1026.834 -1028.371 -1029.813 -1031.158 -1032.405 -1033.552 -1034.600 -1035.550 -1036.410 -1037.281 -1039.163 -1050.814 -9999.000 -9999.000
-9999.000 -9999.000 2891.628 2791.976 2692.712 2593.876 2495.493 2397.580 2300.148 2203.207 2106.764 2010.828 1915.410 1820.519 1726.167 1632.368 1539.131 1446.472 1354.426 1263.025 1172.281 1082.187 992.704 903.742 815.257 727.441 640.540 554.964 471.243 389.785 310.716 234.285 160.840 90.176 21.733 -44.102 -107.987 -170.708 -232.189 -293.605 -354.207 -414.507 -473.628 -531.024 -586.032 -637.509 -685.266 -728.021 -764.488 -792.077 -814.046 -833.135 -849.577 -863.946 -876.644 -887.858 -897.862 -906.849 -914.962 -922.344 -929.101 -935.322 -941.085 -946.452 -951.476 -956.200 -960.662 -964.892 -968.917 -972.759 -976.434 -979.960 -983.347 -986.608 -989.749 -992.779 -995.703 -998.526 -1001.251 -1003.882 -1006.419 -1008.866 -1011.222 -1013.489 -1015.666 -1017.754 -1019.753 -1021.660 -1023.477 -1025.202 -1026.834 -1028.371 -1029.813 -1031.158 -1032.405 -1033.552 -1034.600 -1035.550 -1036.410 -1037.281 -1039.163 -1050.814 -9999.000 -9999.000
-9999.000 -9999.000 -9999.000 -9999.000 -9999.000 -9999.000 -9999.000 -9999.000 -9999.000 -9999.000 -9999.000 -9999.000 -9999.000 -9999.000 -9999.000 -9999.000 -9999.000 -9999.000 -9999.000 -9999.000 -9999.000 -9999.000 -9999.000 -9999.000 -9999.000 -9999.000 -9999.000 -9999.000 -9999.000 -9999.000 -9999.000 -9999.000 -9999.000 -9999.000 -9999.000 -9999.000 -9999.000 -9999.000 -9999.000 -9999.000 -9999.000 -9999.000 -9999.000 -9999.000 -9999.000 -9999.000 -9999.000 -9999.000 -9999.000 -9999.000 -9999.000 -9999.000 -9999.000 -9999.000 -9999.000 -9999.000 -9999.000 -9999.000 -9999.000 -9999.000 -9999.000 -9999.000 -9999.000 -9999.000 -9999.000 -9999.000 -9999.000 -9999.000 -9999.000 -9999.000 -9999.000 -9999.000 -9999.000 -9999.000 -9999.000 -9999.000 -9999.000 -9999.000 -9999.000 -9999.000 -9999.000 -9999.000 -9999.000 -9999.000 -9999.000 -9999.000 -9999.000 -9999.000 -9999.000 -9999.000 -9999.000 -9999.000 -9999.000 -9999.000 -9999.000 -9999.000 -9999.000 -9999.000 -9999.000 -9999.000 -9999.000 -9999.000 -9999.000 -9999.000
-9999.000 -9999.000 -9999.000 -9999.000 -9999.000 -9999.000 -9999.000 -9999.000 -9999.000 -9999.000 -9999.000 -9999.000 -9999.000 -9999.000 -9999.000 -9999.000 -9999.000 -9999.000 -9999.000 -9999.000 -9999.000 -9999.000 -9999.000 -9999.000 -9999.000 -9999.000 -9999.000 -9999.000 -9999.000 -9999.000 -9999.000 -9999.000 -9999.000 -9999.000 -9999.000 -9999.000 -9999.000 -9999.000 -9999.000 -9999.000 -9999.000 -9999.000 -9999.000 -9999.000 -9999.000 -9999.000 -9999.000 -9999.000 -9999.000 -9999.000 -9999.000 -9999.000 -9999.000 -9999.000 -9999.000 -9999.000 -9999.000 -9999.000 -9999.000 -9999.000 -9999.000 -9999.000 -9999.000 -9999.000 -9999.000 -9999.000 -9999.000 -9999.000 -9999.000 -9999.000 -9999.000 -9999.000 -9999.000 -9999.000 -9999.000 -9999.000 -9999.000 -9999.000 -9999.000 -9999.000 -9999.000 -9999.000 -9999.000 -9999.000 -9999.000 -9999.000 -9999.000 -9999.000 -9999.000 -9999.000 -9999.000 -9999.000 -9999.000 -9999.000 -9999.000 -9999.000 -9999.000 -9999.000 -9999.000 -9999.000 -9999.000 -9999.000 -9999.000 -9999.000