tests/3D/hillslope01/output_maps-METEOIO_OFF/psiliqL0029N0002.asc
ncols         104
nrows         10
xllcorner     -2.000000
yllcorner     0.000000
cellsize      1.000000
NODATA_value  -9999.0
-9999.000 -9999.000 -9999.000 -9999.000 -9999.000 -9999.000 -9999.000 -9999.000 -9999.000 -9999.000 -9999.000 -9999.000 -9999.000 -9999.000 -9999.000 -9999.000 -9999.000 -9999.000 -9999.000 -9999.000 -9999.000 -9999.000 -9999.000 -9999.000 -9999.000 -9999.000 -9999.000 -9999.000 -9999.000 -9999.000 -9999.000 -9999.000 -9999.000 -9999.000 -9999.000 -9999.000 -9999.000 -9999.000 -9999.000 -9999.000 -9999.000 -9999.000 -9999.000 -9999.000 -9999.000 -9999.000 -9999.000 -9999.000 -9999.000 -9999.000 -9999.000 -9999.000 -9999.000 -9999.000 -9999.000 -9999.000 -9999.000 -9999.000 -9999.000 -9999.000 -9999.000 -9999.000 -9999.000 -9999.000 -9999.000 -9999.000 -9999.000 -9999.000 -9999.000 -9999.000 -9999.000 -9999.000 -9999.000 -9999.000 -9999.000 -9999.000 -9999.000 -9999.000 -9999.000 -9999.000 -9999.000 -9999.000 -9999.000 -9999.000 -9999.000 -9999.000 -9999.000 -9999.000 -9999.000 -9999.000 -9999.000 -9999.000 -9999.000 -9999.000 -9999.000 -9999.000 -9999.000 -9999.000 -9999.000 -9999.000 -9999.000 -9999.000 -9999.000 -9999.000
-9999.000 -9999.000 -9999.000 -9999.000 -9999.000 -9999.000 -9999.000 -9999.000 -9999.000 -9999.000 -9999.000 -9999.000 -9999.000 -9999.000 -9999.000 -9999.000 -9999.000 -9999.000 -9999.000 -9999.000 -9999.000 -9999.000 -9999.000 -9999.000 -9999.000 -9999.000 -9999.000 -9999.000 -9999.000 -9999.000 -9999.000 -9999.000 -9999.000 -9999.000 -9999.000 -9999.000 -9999.000 -9999.000 -9999.000 -9999.000 -9999.000 -9999.000 -9999.000 -9999.000 -9999.000 -9999.000 -9999.000 -9999.000 -9999.000 -9999.000 -9999.000 -9999.000 -9999.000 -9999.000 -9999.000 -9999.000 -9999.000 -9999.000 -9999.000 -9999.000 -9999.000 -9999.000 -9999.000 -9999.000 -9999.000 -9999.000 -9999.000 -9999.000 -9999.000 -9999.000 -9999.000 -9999.000 -9999.000 -9999.000 -9999.000 -9999.000 -9999.000 -9999.000 -9999.000 -9999.000 -9999.000 -9999.000 -9999.000 -9999.000 -9999.000 -9999.000 -9999.000 -9999.000 -9999.000 -9999.000 -9999.000 -9999.000 -9999.000 -9999.000 -9999.000 -9999.000 -9999.000 -9999.000 -9999.000 -9999.000 -9999.000 -9999.000 -9999.000 -9999.000
-9999.000 -9999.000 3096.023 3013.560 2943.758 2880.757 2819.756 2758.056 2694.647 2629.379 2562.407 2493.979 2424.327 2353.628 2282.031 2209.662 2136.587 2062.847 1988.497 1913.597 1838.183 1762.265 1685.854 1608.996 1531.723 1454.039 1375.923 1297.377 1218.447 1139.171 1059.550 979.546 899.124 818.336 737.242 655.873 574.218 492.191 409.737 326.951 243.907 160.654 77.205 -6.481 -89.703 -168.361 -234.664 -283.111 -314.433 -333.038 -343.524 -349.252 -352.323 -353.950 -354.805 -355.251 -355.482 -355.600 -355.659 -355.688 -355.700 -355.705 -355.705 -355.704 -355.701 -355.697 -355.693 -355.689 -355.685 -355.681 -355.677 -355.673 -355.669 -355.665 -355.661 -355.656 -355.652 -355.648 -355.644 -355.640 -355.636 -355.632 -355.628 -355.623 -355.619 -355.615 -355.611 -355.607 -355.603 -355.599 -355.595 -355.590 -355.586 -355.582 -355.578 -355.575 -355.574 -355.597 -355.768 -356.761 -361.662 -382.704 -9999.000 -9999.000
-9999.000 -9999.000 3096.025 3013.561 2943.759 2880.757 2819.756 2758.056 2694.647 2629.379 2562.407 2493.979 2424.327 2353.628 2282.031 2209.662 2136.587 2062.847 1988.497 1913.597 1838.183 1762.265 1685.854 1608.996 1531.723 1454.039 1375.923 1297.377 1218.447 1139.171 1059.550 979.546 899.124 818.336 737.242 655.873 574.218 492.191 409.737 326.951 243.907 160.654 77.205 -6.481 -89.703 -168.361 -234.664 -283.111 -314.433 -333.038 -343.524 -349.252 -352.323 -353.950 -354.805 -355.251 -355.482 -355.600 -355.659 -355.688 -355.700 -355.705 -355.705 -355.704 -355.701 -355.697 -355.693 -355.689 -355.685 -355.681 -355.677 -355.673 -355.669 -355.665 -355.661 -355.656 -355.652 -355.648 -355.644 -355.640 -355.636 -355.632 -355.628 -355.623 -355.619 -355.615 -355.611 -355.607 -355.603 -355.599 -355.595 -355.590 -355.586 -355.582 -355.578 -355.575 -355.574 -355.597 -355.768 -356.761 -361.662 -382.704 -9999.000 -9999.000
-9999.000 -9999.000 3096.026 3013.562 2943.759 2880.757 2819.756 2758.056 2694.647 2629.379 2562.407 2493.979 2424.327 2353.628 2282.031 2209.662 2136.587 2062.847 1988.497 1913.597 1838.183 1762.265 1685.854 1608.996 1531.723 1454.039 1375.923 1297.377 1218.447 1139.171 1059.550 979.546 899.124 818.336 737.242 655.873 574.218 492.191 409.737 326.951 243.907 160.654 77.205 -6.481 -89.703 -168.361 -234.664 -283.111 -314.433 -333.038 -343.524 -349.252 -352.323 -353.950 -354.805 -355.251 -355.482 -355.600 -355.659 -355.688 -355.700 -355.705 -355.705 -355.704 -355.701 -355.697 -355.693 -355.689 -355.685 -355.681 -355.677 -355.673 -355.669 -355.665 -355.661 -355.656 -355.652 -355.648 -355.644 -355.640 -355.636 -355.632 -355.628 -355.623 -355.619 -355.615 -355.611 -355.607 -355.603 -355.599 -355.595 -355.590 -355.586 -355.582 -355.578 -355.575 -355.574 -355.597 -355.768 -356.761 -361.662 -382.704 -9999.000 -9999.000
-9999.000 -9999.000 3096.026 3013.562 2943.759 2880.757 2819.756 2758.056 2694.647 2629.379 2562.407 2493.979 2424.327 2353.628 2282.031 2209.662 2136.587 2062.847 1988.497 1913.597 1838.183 1762.265 1685.854 1608.996 1531.723 1454.039 1375.923 1297.377 1218.447 1139.171 1059.550 979.546 899.124 818.336 737.242 655.873 574.218 492.191 409.737 326.951 243.907 160.654 77.205 -6.481 -89.703 -168.361 -234.664 -283.111 -314.433 -333.038 -343.524 -349.252 -352.323 -353.950 -354.805 -355.251 -355.482 -355.600 -355.659 -355.688 -355.700 -355.705 -355.705 -355.704 -355.701 -355.697 -355.693 -355.689 -355.685 -355.681 -355.677 -355.673 -355.669 -355.665 -355.661 -355.656 -355.652 -355.648 -355.644 -355.640 -355.636 -355.632 -355.628 -355.623 -355.619 -355.615 -355.611 -355.607 -355.603 -355.599 -355.595 -355.590 -355.586 -355.582 -355.578 -355.575 -355.574 -355.597 -355.768 -356.761 -361.662 -382.704 -9999.000 -9999.000
-9999.000 -9999.000 3096.025 3013.561 2943.759 2880.757 2819.756 2758.056 2694.647 2629.379 2562.407 2493.979 2424.327 2353.628 2282.031 2209.662 2136.587 2062.847 1988.497 1913.597 1838.183 1762.265 1685.854 1608.996 1531.723 1454.039 1375.923 1297.377 1218.447 1139.171 1059.550 979.546 899.124 818.336 737.242 655.873 574.218 492.191 409.737 326.951 243.907 160.654 77.205 -6.481 -89.703 -168.361 -234.664 -283.111 -314.433 -333.038 -343.524 -349.252 -352.323 -353.950 -354.805 -355.251 -355.482 -355.600 -355.659 -355.688 -355.700 -355.705 -355.705 -355.704 -355.701 -355.697 -355.693 -355.689 -355.685 -355.681 -355.677 -355.673 -355.669 -355.665 -355.661 -355.656 -355.652 -355.648 -355.644 -355.640 -355.636 -355.632 -355.628 -355.623 -355.619 -355.615 -355.611 -355.607 -355.603 -355.599 -355.595 -355.590 -355.586 -355.582 -355.578 -355.575 -355.574 -355.597 -355.768 -356.761 -361.662 -382.704 -9999.000 -9999.000
-9999.000 -9999.000 3096.023 3013.560 2943.758 2880.757 2819.756 2758.056 2694.647 2629.379 2562.407 2493.979 2424.327 2353.628 2282.031 2209.662 2136.587 2062.847 1988.497 1913.597 1838.183 1762.265 1685.854 1608.996 1531.723 1454.039 1375.923 1297.377 1218.447 1139.171 1059.550 979.546 899.124 818.336 737.242 655.873 574.218 492.191 409.737 326.951 243.907 160.654 77.205 -6.481 -89.703 -168.361 -234.664 -283.111 -314.433 -333.038 -343.524 -349.252 -352.323 -353.950 -354.805 -355.251 -355.482 -355.600 -355.659 -355.688 -355.700 -355.705 -355.705 -355.704 -355.701 -355.697 -355.693 -355.689 -355.685 -355.681 -355.677 -355.673 -355.669 -355.665 -355.661 -355.656 -355.652 -355.648 -355.644 -355.640 -355.636 -355.632 -355.628 -355.623 -355.619 -355.615 -355.611 -355.607 -355.603 -355.599 -355.595 -355.590 -355.586 -355.582 -355.578 -355.575 -355.574 -355.597 -355.768 -356.761 -361.662 -382.704 -9999.000 -9999.000
-9999.000 -9999.000 -9999.000 -9999.000 -9999.000 -9999.000 -9999.000 -9999.000 -9999.000 -9999.000 -9999.000 -9999.000 -9999.000 -9999.000 -9999.000 -9999.000 -9999.000 -9999.000 -9999.000 -9999.000 -9999.000 -9999.000 -9999.000 -9999.000 -9999.000 -9999.000 -9999.000 -9999.000 -9999.000 -9999.000 -9999.000 -9999.000 -9999.000 -9999.000 -9999.000 -9999.000 -9999.000 -9999.000 -9999.000 -9999.000 -9999.000 -9999.000 -9999.000 -9999.000 -9999.000 -9999.000 -9999.000 -9999.000 -9999.000 -9999.000 -9999.000 -9999.000 -9999.000 -9999.000 -9999.000 -9999.000 -9999.000 -9999.000 -9999.000 -9999.000 -9999.000 -9999.000 -9999.000 -9999.000 -9999.000 -9999.000 -9999.000 -9999.000 -9999.000 -9999.000 -9999.000 -9999.000 -9999.000 -9999.000 -9999.000 -9999.000 -9999.000 -9999.000 -9999.000 -9999.000 -9999.000 -9999.000 -9999.000 -9999.000 -9999.000 -9999.000 -9999.000 -9999.000 -9999.000 -9999.000 -9999.000 -9999.000 -9999.000 -9999.000 -9999.000 -9999.000 -9999.000 -9999.000 -9999.000 -9999.000 -9999.000 -9999.000 -9999.000 -9999.000
-9999.000 -9999.000 -9999.000 -9999.000 -9999.000 -9999.000 -9999.000 -9999.000 -9999.000 -9999.000 -9999.000 -9999.000 -9999.000 -9999.000 -9999.000 -9999.000 -9999.000 -9999.000 -9999.000 -9999.000 -9999.000 -9999.000 -9999.000 -9999.000 -9999.000 -9999.000 -9999.000 -9999.000 -9999.000 -9999.000 -9999.000 -9999.000 -9999.000 -9999.000 -9999.000 -9999.000 -9999.000 -9999.000 -9999.000 -9999.000 -9999.000 -9999.000 -9999.000 -9999.000 -9999.000 -9999.000 -9999.000 -9999.000 -9999.000 -9999.000 -9999.000 -9999.000 -9999.000 -9999.000 -9999.000 -9999.000 -9999.000 -9999.000 -9999.000 -9999.000 -9999.000 -9999.000 -9999.000 -9999.000 -9999.000 -9999.000 -9999.000 -9999.000 -9999.000 -9999.000 -9999.000 -9999.000 -9999.000 -9999.000 -9999.000 -9999.000 -9999.000 -9999.000 -9999.000 -9999.000 -9999.000 -9999.000 -9999.000 -9999.000 -9999.000 -9999.000 -9999.000 -9999.000 -9999.000 -9999.000 -9999.000 -9999.000 -9999.000 -9999.000 -9999.000 -9999.000 -9999.000 -9999.000 -9999.000 -9999.000 -9999.000 -9999.000 -9999.000 -9999.000