tests/3D/hillslope01/output_maps-METEOIO_OFF/psiliqL0071N0001.asc
ncols         104
nrows         10
xllcorner     -2.000000
yllcorner     0.000000
cellsize      1.000000
NODATA_value  -9999.0
-9999.000 -9999.000 -9999.000 -9999.000 -9999.000 -9999.000 -9999.000 -9999.000 -9999.000 -9999.000 -9999.000 -9999.000 -9999.000 -9999.000 -9999.000 -9999.000 -9999.000 -9999.000 -9999.000 -9999.000 -9999.000 -9999.000 -9999.000 -9999.000 -9999.000 -9999.000 -9999.000 -9999.000 -9999.000 -9999.000 -9999.000 -9999.000 -9999.000 -9999.000 -9999.000 -9999.000 -9999.000 -9999.000 -9999.000 -9999.000 -9999.000 -9999.000 -9999.000 -9999.000 -9999.000 -9999.000 -9999.000 -9999.000 -9999.000 -9999.000 -9999.000 -9999.000 -9999.000 -9999.000 -9999.000 -9999.000 -9999.000 -9999.000 -9999.000 -9999.000 -9999.000 -9999.000 -9999.000 -9999.000 -9999.000 -9999.000 -9999.000 -9999.000 -9999.000 -9999.000 -9999.000 -9999.000 -9999.000 -9999.000 -9999.000 -9999.000 -9999.000 -9999.000 -9999.000 -9999.000 -9999.000 -9999.000 -9999.000 -9999.000 -9999.000 -9999.000 -9999.000 -9999.000 -9999.000 -9999.000 -9999.000 -9999.000 -9999.000 -9999.000 -9999.000 -9999.000 -9999.000 -9999.000 -9999.000 -9999.000 -9999.000 -9999.000 -9999.000 -9999.000
-9999.000 -9999.000 -9999.000 -9999.000 -9999.000 -9999.000 -9999.000 -9999.000 -9999.000 -9999.000 -9999.000 -9999.000 -9999.000 -9999.000 -9999.000 -9999.000 -9999.000 -9999.000 -9999.000 -9999.000 -9999.000 -9999.000 -9999.000 -9999.000 -9999.000 -9999.000 -9999.000 -9999.000 -9999.000 -9999.000 -9999.000 -9999.000 -9999.000 -9999.000 -9999.000 -9999.000 -9999.000 -9999.000 -9999.000 -9999.000 -9999.000 -9999.000 -9999.000 -9999.000 -9999.000 -9999.000 -9999.000 -9999.000 -9999.000 -9999.000 -9999.000 -9999.000 -9999.000 -9999.000 -9999.000 -9999.000 -9999.000 -9999.000 -9999.000 -9999.000 -9999.000 -9999.000 -9999.000 -9999.000 -9999.000 -9999.000 -9999.000 -9999.000 -9999.000 -9999.000 -9999.000 -9999.000 -9999.000 -9999.000 -9999.000 -9999.000 -9999.000 -9999.000 -9999.000 -9999.000 -9999.000 -9999.000 -9999.000 -9999.000 -9999.000 -9999.000 -9999.000 -9999.000 -9999.000 -9999.000 -9999.000 -9999.000 -9999.000 -9999.000 -9999.000 -9999.000 -9999.000 -9999.000 -9999.000 -9999.000 -9999.000 -9999.000 -9999.000 -9999.000
-9999.000 -9999.000 5669.024 5569.451 5470.312 5371.618 5273.379 5175.610 5078.322 4981.528 4885.239 4789.469 4694.230 4599.538 4505.409 4411.860 4318.913 4226.590 4134.919 4043.928 3953.649 3864.118 3775.379 3687.496 3600.558 3514.699 3430.085 3346.914 3265.391 3185.707 3108.018 3032.444 2959.049 2887.842 2818.780 2751.798 2686.807 2623.713 2562.417 2502.815 2444.819 2388.326 2333.255 2279.508 2227.003 2175.645 2125.355 2076.038 2027.623 1980.002 1933.125 1886.865 1841.216 1796.048 1751.337 1706.973 1662.902 1619.061 1575.343 1531.770 1488.173 1444.636 1400.986 1357.228 1313.268 1269.025 1224.522 1179.556 1134.306 1088.455 1042.249 995.344 947.946 899.749 850.944 801.227 750.822 699.349 647.157 593.663 539.490 483.839 427.393 369.570 310.412 250.194 188.013 124.890 60.245 -6.692 -73.469 -139.968 -204.859 -265.819 -321.659 -371.726 -415.430 -452.733 -484.072 -510.187 -533.005 -561.021 -9999.000 -9999.000
-9999.000 -9999.000 5669.024 5569.451 5470.312 5371.618 5273.379 5175.610 5078.322 4981.528 4885.239 4789.469 4694.230 4599.538 4505.409 4411.860 4318.913 4226.590 4134.919 4043.928 3953.649 3864.118 3775.379 3687.496 3600.558 3514.699 3430.085 3346.914 3265.391 3185.707 3108.018 3032.444 2959.049 2887.842 2818.780 2751.798 2686.807 2623.713 2562.417 2502.815 2444.819 2388.326 2333.255 2279.508 2227.003 2175.645 2125.355 2076.038 2027.623 1980.002 1933.125 1886.865 1841.216 1796.048 1751.337 1706.973 1662.902 1619.061 1575.343 1531.770 1488.173 1444.636 1400.986 1357.228 1313.268 1269.025 1224.522 1179.556 1134.306 1088.455 1042.249 995.344 947.946 899.749 850.944 801.227 750.822 699.349 647.157 593.663 539.490 483.839 427.393 369.570 310.412 250.194 188.013 124.890 60.245 -6.692 -73.469 -139.968 -204.859 -265.819 -321.659 -371.726 -415.430 -452.733 -484.072 -510.187 -533.005 -561.021 -9999.000 -9999.000
-9999.000 -9999.000 5669.024 5569.451 5470.312 5371.618 5273.379 5175.610 5078.322 4981.528 4885.239 4789.469 4694.230 4599.538 4505.409 4411.860 4318.913 4226.590 4134.919 4043.928 3953.649 3864.118 3775.379 3687.496 3600.558 3514.699 3430.085 3346.914 3265.391 3185.707 3108.018 3032.444 2959.049 2887.842 2818.780 2751.798 2686.807 2623.713 2562.417 2502.815 2444.819 2388.326 2333.255 2279.508 2227.003 2175.645 2125.355 2076.038 2027.623 1980.002 1933.125 1886.865 1841.216 1796.048 1751.337 1706.973 1662.902 1619.061 1575.343 1531.770 1488.173 1444.636 1400.986 1357.228 1313.268 1269.025 1224.522 1179.556 1134.306 1088.455 1042.249 995.344 947.946 899.749 850.944 801.227 750.822 699.349 647.157 593.663 539.490 483.839 427.393 369.570 310.412 250.194 188.013 124.890 60.245 -6.692 -73.469 -139.968 -204.859 -265.819 -321.659 -371.726 -415.430 -452.733 -484.072 -510.187 -533.005 -561.021 -9999.000 -9999.000
-9999.000 -9999.000 5669.024 5569.451 5470.312 5371.618 5273.379 5175.610 5078.322 4981.528 4885.239 4789.469 4694.230 4599.538 4505.409 4411.860 4318.913 4226.590 4134.919 4043.928 3953.649 3864.118 3775.379 3687.496 3600.558 3514.699 3430.085 3346.914 3265.391 3185.707 3108.018 3032.444 2959.049 2887.842 2818.780 2751.798 2686.807 2623.713 2562.417 2502.815 2444.819 2388.326 2333.255 2279.508 2227.003 2175.645 2125.355 2076.038 2027.623 1980.002 1933.125 1886.865 1841.216 1796.048 1751.337 1706.973 1662.902 1619.061 1575.343 1531.770 1488.173 1444.636 1400.986 1357.228 1313.268 1269.025 1224.522 1179.556 1134.306 1088.455 1042.249 995.344 947.946 899.749 850.944 801.227 750.822 699.349 647.157 593.663 539.490 483.839 427.393 369.570 310.412 250.194 188.013 124.890 60.245 -6.692 -73.469 -139.968 -204.859 -265.819 -321.659 -371.726 -415.430 -452.733 -484.072 -510.187 -533.005 -561.021 -9999.000 -9999.000
-9999.000 -9999.000 5669.024 5569.451 5470.312 5371.618 5273.379 5175.610 5078.322 4981.528 4885.239 4789.469 4694.230 4599.538 4505.409 4411.860 4318.913 4226.590 4134.919 4043.928 3953.649 3864.118 3775.379 3687.496 3600.558 3514.699 3430.085 3346.914 3265.391 3185.707 3108.018 3032.444 2959.049 2887.842 2818.780 2751.798 2686.807 2623.713 2562.417 2502.815 2444.819 2388.326 2333.255 2279.508 2227.003 2175.645 2125.355 2076.038 2027.623 1980.002 1933.125 1886.865 1841.216 1796.048 1751.337 1706.973 1662.902 1619.061 1575.343 1531.770 1488.173 1444.636 1400.986 1357.228 1313.268 1269.025 1224.522 1179.556 1134.306 1088.455 1042.249 995.344 947.946 899.749 850.944 801.227 750.822 699.349 647.157 593.663 539.490 483.839 427.393 369.570 310.412 250.194 188.013 124.890 60.245 -6.692 -73.469 -139.968 -204.859 -265.819 -321.659 -371.726 -415.430 -452.733 -484.072 -510.187 -533.005 -561.021 -9999.000 -9999.000
-9999.000 -9999.000 5669.024 5569.451 5470.312 5371.618 5273.379 5175.610 5078.322 4981.528 4885.239 4789.469 4694.230 4599.538 4505.409 4411.860 4318.913 4226.590 4134.919 4043.928 3953.649 3864.118 3775.379 3687.496 3600.558 3514.699 3430.085 3346.914 3265.391 3185.707 3108.018 3032.444 2959.049 2887.842 2818.780 2751.798 2686.807 2623.713 2562.417 2502.815 2444.819 2388.326 2333.255 2279.508 2227.003 2175.645 2125.355 2076.038 2027.623 1980.002 1933.125 1886.865 1841.216 1796.048 1751.337 1706.973 1662.902 1619.061 1575.343 1531.770 1488.173 1444.636 1400.986 1357.228 1313.268 1269.025 1224.522 1179.556 1134.306 1088.455 1042.249 995.344 947.946 899.749 850.944 801.227 750.822 699.349 647.157 593.663 539.490 483.839 427.393 369.570 310.412 250.194 188.013 124.890 60.245 -6.692 -73.469 -139.968 -204.859 -265.819 -321.659 -371.726 -415.430 -452.733 -484.072 -510.187 -533.005 -561.021 -9999.000 -9999.000
-9999.000 -9999.000 -9999.000 -9999.000 -9999.000 -9999.000 -9999.000 -9999.000 -9999.000 -9999.000 -9999.000 -9999.000 -9999.000 -9999.000 -9999.000 -9999.000 -9999.000 -9999.000 -9999.000 -9999.000 -9999.000 -9999.000 -9999.000 -9999.000 -9999.000 -9999.000 -9999.000 -9999.000 -9999.000 -9999.000 -9999.000 -9999.000 -9999.000 -9999.000 -9999.000 -9999.000 -9999.000 -9999.000 -9999.000 -9999.000 -9999.000 -9999.000 -9999.000 -9999.000 -9999.000 -9999.000 -9999.000 -9999.000 -9999.000 -9999.000 -9999.000 -9999.000 -9999.000 -9999.000 -9999.000 -9999.000 -9999.000 -9999.000 -9999.000 -9999.000 -9999.000 -9999.000 -9999.000 -9999.000 -9999.000 -9999.000 -9999.000 -9999.000 -9999.000 -9999.000 -9999.000 -9999.000 -9999.000 -9999.000 -9999.000 -9999.000 -9999.000 -9999.000 -9999.000 -9999.000 -9999.000 -9999.000 -9999.000 -9999.000 -9999.000 -9999.000 -9999.000 -9999.000 -9999.000 -9999.000 -9999.000 -9999.000 -9999.000 -9999.000 -9999.000 -9999.000 -9999.000 -9999.000 -9999.000 -9999.000 -9999.000 -9999.000 -9999.000 -9999.000
-9999.000 -9999.000 -9999.000 -9999.000 -9999.000 -9999.000 -9999.000 -9999.000 -9999.000 -9999.000 -9999.000 -9999.000 -9999.000 -9999.000 -9999.000 -9999.000 -9999.000 -9999.000 -9999.000 -9999.000 -9999.000 -9999.000 -9999.000 -9999.000 -9999.000 -9999.000 -9999.000 -9999.000 -9999.000 -9999.000 -9999.000 -9999.000 -9999.000 -9999.000 -9999.000 -9999.000 -9999.000 -9999.000 -9999.000 -9999.000 -9999.000 -9999.000 -9999.000 -9999.000 -9999.000 -9999.000 -9999.000 -9999.000 -9999.000 -9999.000 -9999.000 -9999.000 -9999.000 -9999.000 -9999.000 -9999.000 -9999.000 -9999.000 -9999.000 -9999.000 -9999.000 -9999.000 -9999.000 -9999.000 -9999.000 -9999.000 -9999.000 -9999.000 -9999.000 -9999.000 -9999.000 -9999.000 -9999.000 -9999.000 -9999.000 -9999.000 -9999.000 -9999.000 -9999.000 -9999.000 -9999.000 -9999.000 -9999.000 -9999.000 -9999.000 -9999.000 -9999.000 -9999.000 -9999.000 -9999.000 -9999.000 -9999.000 -9999.000 -9999.000 -9999.000 -9999.000 -9999.000 -9999.000 -9999.000 -9999.000 -9999.000 -9999.000 -9999.000 -9999.000