tests/3D/hillslope01/output_maps-METEOIO_OFF/psiliqL0052N0001.asc
ncols         104
nrows         10
xllcorner     -2.000000
yllcorner     0.000000
cellsize      1.000000
NODATA_value  -9999.0
-9999.000 -9999.000 -9999.000 -9999.000 -9999.000 -9999.000 -9999.000 -9999.000 -9999.000 -9999.000 -9999.000 -9999.000 -9999.000 -9999.000 -9999.000 -9999.000 -9999.000 -9999.000 -9999.000 -9999.000 -9999.000 -9999.000 -9999.000 -9999.000 -9999.000 -9999.000 -9999.000 -9999.000 -9999.000 -9999.000 -9999.000 -9999.000 -9999.000 -9999.000 -9999.000 -9999.000 -9999.000 -9999.000 -9999.000 -9999.000 -9999.000 -9999.000 -9999.000 -9999.000 -9999.000 -9999.000 -9999.000 -9999.000 -9999.000 -9999.000 -9999.000 -9999.000 -9999.000 -9999.000 -9999.000 -9999.000 -9999.000 -9999.000 -9999.000 -9999.000 -9999.000 -9999.000 -9999.000 -9999.000 -9999.000 -9999.000 -9999.000 -9999.000 -9999.000 -9999.000 -9999.000 -9999.000 -9999.000 -9999.000 -9999.000 -9999.000 -9999.000 -9999.000 -9999.000 -9999.000 -9999.000 -9999.000 -9999.000 -9999.000 -9999.000 -9999.000 -9999.000 -9999.000 -9999.000 -9999.000 -9999.000 -9999.000 -9999.000 -9999.000 -9999.000 -9999.000 -9999.000 -9999.000 -9999.000 -9999.000 -9999.000 -9999.000 -9999.000 -9999.000
-9999.000 -9999.000 -9999.000 -9999.000 -9999.000 -9999.000 -9999.000 -9999.000 -9999.000 -9999.000 -9999.000 -9999.000 -9999.000 -9999.000 -9999.000 -9999.000 -9999.000 -9999.000 -9999.000 -9999.000 -9999.000 -9999.000 -9999.000 -9999.000 -9999.000 -9999.000 -9999.000 -9999.000 -9999.000 -9999.000 -9999.000 -9999.000 -9999.000 -9999.000 -9999.000 -9999.000 -9999.000 -9999.000 -9999.000 -9999.000 -9999.000 -9999.000 -9999.000 -9999.000 -9999.000 -9999.000 -9999.000 -9999.000 -9999.000 -9999.000 -9999.000 -9999.000 -9999.000 -9999.000 -9999.000 -9999.000 -9999.000 -9999.000 -9999.000 -9999.000 -9999.000 -9999.000 -9999.000 -9999.000 -9999.000 -9999.000 -9999.000 -9999.000 -9999.000 -9999.000 -9999.000 -9999.000 -9999.000 -9999.000 -9999.000 -9999.000 -9999.000 -9999.000 -9999.000 -9999.000 -9999.000 -9999.000 -9999.000 -9999.000 -9999.000 -9999.000 -9999.000 -9999.000 -9999.000 -9999.000 -9999.000 -9999.000 -9999.000 -9999.000 -9999.000 -9999.000 -9999.000 -9999.000 -9999.000 -9999.000 -9999.000 -9999.000 -9999.000 -9999.000
-9999.000 -9999.000 3784.693 3685.080 3585.875 3487.100 3388.776 3290.920 3193.544 3096.659 3000.275 2904.402 2809.052 2714.237 2619.969 2526.265 2433.138 2340.610 2248.706 2157.454 2066.870 1976.962 1887.724 1799.152 1711.289 1624.283 1538.360 1453.832 1371.054 1290.325 1211.844 1135.795 1062.318 991.338 922.665 856.257 791.894 729.453 668.908 609.895 552.675 496.736 442.416 389.230 337.452 286.626 237.083 188.213 140.654 93.295 47.477 1.110 -43.411 -88.359 -132.083 -175.283 -217.445 -258.017 -297.761 -334.925 -370.702 -404.040 -435.200 -464.387 -491.123 -515.993 -538.747 -559.661 -578.893 -596.490 -612.681 -627.533 -641.200 -653.788 -665.397 -676.127 -686.055 -695.260 -703.804 -711.748 -719.142 -726.031 -732.453 -738.443 -744.030 -749.241 -754.097 -758.619 -762.823 -766.724 -770.336 -773.668 -776.731 -779.533 -782.083 -784.387 -786.454 -788.292 -789.936 -791.601 -794.822 -809.323 -9999.000 -9999.000
-9999.000 -9999.000 3784.693 3685.080 3585.875 3487.100 3388.776 3290.920 3193.544 3096.659 3000.275 2904.402 2809.052 2714.237 2619.969 2526.265 2433.138 2340.610 2248.706 2157.454 2066.870 1976.962 1887.724 1799.152 1711.289 1624.283 1538.360 1453.832 1371.054 1290.325 1211.844 1135.795 1062.318 991.338 922.665 856.257 791.894 729.453 668.908 609.895 552.675 496.736 442.416 389.230 337.452 286.626 237.083 188.213 140.654 93.295 47.477 1.110 -43.411 -88.359 -132.083 -175.283 -217.445 -258.017 -297.761 -334.925 -370.702 -404.040 -435.200 -464.387 -491.123 -515.993 -538.747 -559.661 -578.893 -596.490 -612.681 -627.533 -641.200 -653.788 -665.397 -676.127 -686.055 -695.260 -703.804 -711.748 -719.142 -726.031 -732.453 -738.443 -744.030 -749.241 -754.097 -758.619 -762.823 -766.724 -770.336 -773.668 -776.731 -779.533 -782.083 -784.387 -786.454 -788.292 -789.936 -791.601 -794.822 -809.323 -9999.000 -9999.000
-9999.000 -9999.000 3784.693 3685.080 3585.875 3487.100 3388.776 3290.920 3193.544 3096.659 3000.275 2904.402 2809.052 2714.237 2619.969 2526.265 2433.138 2340.610 2248.706 2157.454 2066.870 1976.962 1887.724 1799.152 1711.289 1624.283 1538.360 1453.832 1371.054 1290.325 1211.844 1135.795 1062.318 991.338 922.665 856.257 791.894 729.453 668.908 609.895 552.675 496.736 442.416 389.230 337.452 286.626 237.083 188.213 140.654 93.295 47.477 1.110 -43.411 -88.359 -132.083 -175.283 -217.445 -258.017 -297.761 -334.925 -370.702 -404.040 -435.200 -464.387 -491.123 -515.993 -538.747 -559.661 -578.893 -596.490 -612.681 -627.533 -641.200 -653.788 -665.397 -676.127 -686.055 -695.260 -703.804 -711.748 -719.142 -726.031 -732.453 -738.443 -744.030 -749.241 -754.097 -758.619 -762.823 -766.724 -770.336 -773.668 -776.731 -779.533 -782.083 -784.387 -786.454 -788.292 -789.936 -791.601 -794.822 -809.323 -9999.000 -9999.000
-9999.000 -9999.000 3784.693 3685.080 3585.875 3487.100 3388.776 3290.920 3193.544 3096.659 3000.275 2904.402 2809.052 2714.237 2619.969 2526.265 2433.138 2340.610 2248.706 2157.454 2066.870 1976.962 1887.724 1799.152 1711.289 1624.283 1538.360 1453.832 1371.054 1290.325 1211.844 1135.795 1062.318 991.338 922.665 856.257 791.894 729.453 668.908 609.895 552.675 496.736 442.416 389.230 337.452 286.626 237.083 188.213 140.654 93.295 47.477 1.110 -43.411 -88.359 -132.083 -175.283 -217.445 -258.017 -297.761 -334.925 -370.702 -404.040 -435.200 -464.387 -491.123 -515.993 -538.747 -559.661 -578.893 -596.490 -612.681 -627.533 -641.200 -653.788 -665.397 -676.127 -686.055 -695.260 -703.804 -711.748 -719.142 -726.031 -732.453 -738.443 -744.030 -749.241 -754.097 -758.619 -762.823 -766.724 -770.336 -773.668 -776.731 -779.533 -782.083 -784.387 -786.454 -788.292 -789.936 -791.601 -794.822 -809.323 -9999.000 -9999.000
-9999.000 -9999.000 3784.693 3685.080 3585.875 3487.100 3388.776 3290.920 3193.544 3096.659 3000.275 2904.402 2809.052 2714.237 2619.969 2526.265 2433.138 2340.610 2248.706 2157.454 2066.870 1976.962 1887.724 1799.152 1711.289 1624.283 1538.360 1453.832 1371.054 1290.325 1211.844 1135.795 1062.318 991.338 922.665 856.257 791.894 729.453 668.908 609.895 552.675 496.736 442.416 389.230 337.452 286.626 237.083 188.213 140.654 93.295 47.477 1.110 -43.411 -88.359 -132.083 -175.283 -217.445 -258.017 -297.761 -334.925 -370.702 -404.040 -435.200 -464.387 -491.123 -515.993 -538.747 -559.661 -578.893 -596.490 -612.681 -627.533 -641.200 -653.788 -665.397 -676.127 -686.055 -695.260 -703.804 -711.748 -719.142 -726.031 -732.453 -738.443 -744.030 -749.241 -754.097 -758.619 -762.823 -766.724 -770.336 -773.668 -776.731 -779.533 -782.083 -784.387 -786.454 -788.292 -789.936 -791.601 -794.822 -809.323 -9999.000 -9999.000
-9999.000 -9999.000 3784.693 3685.080 3585.875 3487.100 3388.776 3290.920 3193.544 3096.659 3000.275 2904.402 2809.052 2714.237 2619.969 2526.265 2433.138 2340.610 2248.706 2157.454 2066.870 1976.962 1887.724 1799.152 1711.289 1624.283 1538.360 1453.832 1371.054 1290.325 1211.844 1135.795 1062.318 991.338 922.665 856.257 791.894 729.453 668.908 609.895 552.675 496.736 442.416 389.230 337.452 286.626 237.083 188.213 140.654 93.295 47.477 1.110 -43.411 -88.359 -132.083 -175.283 -217.445 -258.017 -297.761 -334.925 -370.702 -404.040 -435.200 -464.387 -491.123 -515.993 -538.747 -559.661 -578.893 -596.490 -612.681 -627.533 -641.200 -653.788 -665.397 -676.127 -686.055 -695.260 -703.804 -711.748 -719.142 -726.031 -732.453 -738.443 -744.030 -749.241 -754.097 -758.619 -762.823 -766.724 -770.336 -773.668 -776.731 -779.533 -782.083 -784.387 -786.454 -788.292 -789.936 -791.601 -794.822 -809.323 -9999.000 -9999.000
-9999.000 -9999.000 -9999.000 -9999.000 -9999.000 -9999.000 -9999.000 -9999.000 -9999.000 -9999.000 -9999.000 -9999.000 -9999.000 -9999.000 -9999.000 -9999.000 -9999.000 -9999.000 -9999.000 -9999.000 -9999.000 -9999.000 -9999.000 -9999.000 -9999.000 -9999.000 -9999.000 -9999.000 -9999.000 -9999.000 -9999.000 -9999.000 -9999.000 -9999.000 -9999.000 -9999.000 -9999.000 -9999.000 -9999.000 -9999.000 -9999.000 -9999.000 -9999.000 -9999.000 -9999.000 -9999.000 -9999.000 -9999.000 -9999.000 -9999.000 -9999.000 -9999.000 -9999.000 -9999.000 -9999.000 -9999.000 -9999.000 -9999.000 -9999.000 -9999.000 -9999.000 -9999.000 -9999.000 -9999.000 -9999.000 -9999.000 -9999.000 -9999.000 -9999.000 -9999.000 -9999.000 -9999.000 -9999.000 -9999.000 -9999.000 -9999.000 -9999.000 -9999.000 -9999.000 -9999.000 -9999.000 -9999.000 -9999.000 -9999.000 -9999.000 -9999.000 -9999.000 -9999.000 -9999.000 -9999.000 -9999.000 -9999.000 -9999.000 -9999.000 -9999.000 -9999.000 -9999.000 -9999.000 -9999.000 -9999.000 -9999.000 -9999.000 -9999.000 -9999.000
-9999.000 -9999.000 -9999.000 -9999.000 -9999.000 -9999.000 -9999.000 -9999.000 -9999.000 -9999.000 -9999.000 -9999.000 -9999.000 -9999.000 -9999.000 -9999.000 -9999.000 -9999.000 -9999.000 -9999.000 -9999.000 -9999.000 -9999.000 -9999.000 -9999.000 -9999.000 -9999.000 -9999.000 -9999.000 -9999.000 -9999.000 -9999.000 -9999.000 -9999.000 -9999.000 -9999.000 -9999.000 -9999.000 -9999.000 -9999.000 -9999.000 -9999.000 -9999.000 -9999.000 -9999.000 -9999.000 -9999.000 -9999.000 -9999.000 -9999.000 -9999.000 -9999.000 -9999.000 -9999.000 -9999.000 -9999.000 -9999.000 -9999.000 -9999.000 -9999.000 -9999.000 -9999.000 -9999.000 -9999.000 -9999.000 -9999.000 -9999.000 -9999.000 -9999.000 -9999.000 -9999.000 -9999.000 -9999.000 -9999.000 -9999.000 -9999.000 -9999.000 -9999.000 -9999.000 -9999.000 -9999.000 -9999.000 -9999.000 -9999.000 -9999.000 -9999.000 -9999.000 -9999.000 -9999.000 -9999.000 -9999.000 -9999.000 -9999.000 -9999.000 -9999.000 -9999.000 -9999.000 -9999.000 -9999.000 -9999.000 -9999.000 -9999.000 -9999.000 -9999.000