tests/3D/hillslope01/output_maps-METEOIO_OFF/psiliqL0053N0001.asc
ncols         104
nrows         10
xllcorner     -2.000000
yllcorner     0.000000
cellsize      1.000000
NODATA_value  -9999.0
-9999.000 -9999.000 -9999.000 -9999.000 -9999.000 -9999.000 -9999.000 -9999.000 -9999.000 -9999.000 -9999.000 -9999.000 -9999.000 -9999.000 -9999.000 -9999.000 -9999.000 -9999.000 -9999.000 -9999.000 -9999.000 -9999.000 -9999.000 -9999.000 -9999.000 -9999.000 -9999.000 -9999.000 -9999.000 -9999.000 -9999.000 -9999.000 -9999.000 -9999.000 -9999.000 -9999.000 -9999.000 -9999.000 -9999.000 -9999.000 -9999.000 -9999.000 -9999.000 -9999.000 -9999.000 -9999.000 -9999.000 -9999.000 -9999.000 -9999.000 -9999.000 -9999.000 -9999.000 -9999.000 -9999.000 -9999.000 -9999.000 -9999.000 -9999.000 -9999.000 -9999.000 -9999.000 -9999.000 -9999.000 -9999.000 -9999.000 -9999.000 -9999.000 -9999.000 -9999.000 -9999.000 -9999.000 -9999.000 -9999.000 -9999.000 -9999.000 -9999.000 -9999.000 -9999.000 -9999.000 -9999.000 -9999.000 -9999.000 -9999.000 -9999.000 -9999.000 -9999.000 -9999.000 -9999.000 -9999.000 -9999.000 -9999.000 -9999.000 -9999.000 -9999.000 -9999.000 -9999.000 -9999.000 -9999.000 -9999.000 -9999.000 -9999.000 -9999.000 -9999.000
-9999.000 -9999.000 -9999.000 -9999.000 -9999.000 -9999.000 -9999.000 -9999.000 -9999.000 -9999.000 -9999.000 -9999.000 -9999.000 -9999.000 -9999.000 -9999.000 -9999.000 -9999.000 -9999.000 -9999.000 -9999.000 -9999.000 -9999.000 -9999.000 -9999.000 -9999.000 -9999.000 -9999.000 -9999.000 -9999.000 -9999.000 -9999.000 -9999.000 -9999.000 -9999.000 -9999.000 -9999.000 -9999.000 -9999.000 -9999.000 -9999.000 -9999.000 -9999.000 -9999.000 -9999.000 -9999.000 -9999.000 -9999.000 -9999.000 -9999.000 -9999.000 -9999.000 -9999.000 -9999.000 -9999.000 -9999.000 -9999.000 -9999.000 -9999.000 -9999.000 -9999.000 -9999.000 -9999.000 -9999.000 -9999.000 -9999.000 -9999.000 -9999.000 -9999.000 -9999.000 -9999.000 -9999.000 -9999.000 -9999.000 -9999.000 -9999.000 -9999.000 -9999.000 -9999.000 -9999.000 -9999.000 -9999.000 -9999.000 -9999.000 -9999.000 -9999.000 -9999.000 -9999.000 -9999.000 -9999.000 -9999.000 -9999.000 -9999.000 -9999.000 -9999.000 -9999.000 -9999.000 -9999.000 -9999.000 -9999.000 -9999.000 -9999.000 -9999.000 -9999.000
-9999.000 -9999.000 3883.904 3784.295 3685.094 3586.325 3488.007 3390.157 3292.786 3195.907 3099.529 3003.662 2908.319 2813.512 2719.253 2625.558 2532.443 2439.928 2348.039 2256.802 2166.236 2076.349 1987.140 1898.611 1810.808 1723.880 1638.050 1553.619 1470.929 1390.272 1311.846 1235.831 1162.356 1091.354 1022.654 956.202 891.796 829.314 768.712 709.670 652.388 596.425 542.045 488.833 436.998 386.149 336.542 287.664 240.020 192.685 146.740 100.453 55.788 10.704 -33.210 -77.106 -120.388 -162.663 -204.740 -244.758 -284.169 -321.307 -356.769 -390.380 -421.558 -450.974 -477.955 -503.011 -526.081 -547.243 -566.745 -584.591 -601.004 -616.061 -629.903 -642.639 -654.368 -665.189 -675.181 -684.421 -692.975 -700.902 -708.254 -715.076 -721.409 -727.286 -732.739 -737.795 -742.476 -746.802 -750.793 -754.461 -757.823 -760.888 -763.669 -766.175 -768.416 -770.405 -772.178 -773.966 -777.355 -792.144 -9999.000 -9999.000
-9999.000 -9999.000 3883.904 3784.295 3685.094 3586.325 3488.007 3390.157 3292.786 3195.907 3099.529 3003.662 2908.319 2813.512 2719.253 2625.558 2532.443 2439.928 2348.039 2256.802 2166.236 2076.349 1987.140 1898.611 1810.808 1723.880 1638.050 1553.619 1470.929 1390.272 1311.846 1235.831 1162.356 1091.354 1022.654 956.202 891.796 829.314 768.712 709.670 652.388 596.425 542.045 488.833 436.998 386.149 336.542 287.664 240.020 192.685 146.740 100.453 55.788 10.704 -33.210 -77.106 -120.388 -162.663 -204.740 -244.758 -284.169 -321.307 -356.769 -390.380 -421.558 -450.974 -477.955 -503.011 -526.081 -547.243 -566.745 -584.591 -601.004 -616.061 -629.903 -642.639 -654.368 -665.189 -675.181 -684.421 -692.975 -700.902 -708.254 -715.076 -721.409 -727.286 -732.739 -737.795 -742.476 -746.802 -750.793 -754.461 -757.823 -760.888 -763.669 -766.175 -768.416 -770.405 -772.178 -773.966 -777.355 -792.144 -9999.000 -9999.000
-9999.000 -9999.000 3883.904 3784.295 3685.094 3586.325 3488.007 3390.157 3292.786 3195.907 3099.529 3003.662 2908.319 2813.512 2719.253 2625.558 2532.443 2439.928 2348.039 2256.802 2166.236 2076.349 1987.140 1898.611 1810.808 1723.880 1638.050 1553.619 1470.929 1390.272 1311.846 1235.831 1162.356 1091.354 1022.654 956.202 891.796 829.314 768.712 709.670 652.388 596.425 542.045 488.833 436.998 386.149 336.542 287.664 240.020 192.685 146.740 100.453 55.788 10.704 -33.210 -77.106 -120.388 -162.663 -204.740 -244.758 -284.169 -321.307 -356.769 -390.380 -421.558 -450.974 -477.955 -503.011 -526.081 -547.243 -566.745 -584.591 -601.004 -616.061 -629.903 -642.639 -654.368 -665.189 -675.181 -684.421 -692.975 -700.902 -708.254 -715.076 -721.409 -727.286 -732.739 -737.795 -742.476 -746.802 -750.793 -754.461 -757.823 -760.888 -763.669 -766.175 -768.416 -770.405 -772.178 -773.966 -777.355 -792.144 -9999.000 -9999.000
-9999.000 -9999.000 3883.904 3784.295 3685.094 3586.325 3488.007 3390.157 3292.786 3195.907 3099.529 3003.662 2908.319 2813.512 2719.253 2625.558 2532.443 2439.928 2348.039 2256.802 2166.236 2076.349 1987.140 1898.611 1810.808 1723.880 1638.050 1553.619 1470.929 1390.272 1311.846 1235.831 1162.356 1091.354 1022.654 956.202 891.796 829.314 768.712 709.670 652.388 596.425 542.045 488.833 436.998 386.149 336.542 287.664 240.020 192.685 146.740 100.453 55.788 10.704 -33.210 -77.106 -120.388 -162.663 -204.740 -244.758 -284.169 -321.307 -356.769 -390.380 -421.558 -450.974 -477.955 -503.011 -526.081 -547.243 -566.745 -584.591 -601.004 -616.061 -629.903 -642.639 -654.368 -665.189 -675.181 -684.421 -692.975 -700.902 -708.254 -715.076 -721.409 -727.286 -732.739 -737.795 -742.476 -746.802 -750.793 -754.461 -757.823 -760.888 -763.669 -766.175 -768.416 -770.405 -772.178 -773.966 -777.355 -792.144 -9999.000 -9999.000
-9999.000 -9999.000 3883.904 3784.295 3685.094 3586.325 3488.007 3390.157 3292.786 3195.907 3099.529 3003.662 2908.319 2813.512 2719.253 2625.558 2532.443 2439.928 2348.039 2256.802 2166.236 2076.349 1987.140 1898.611 1810.808 1723.880 1638.050 1553.619 1470.929 1390.272 1311.846 1235.831 1162.356 1091.354 1022.654 956.202 891.796 829.314 768.712 709.670 652.388 596.425 542.045 488.833 436.998 386.149 336.542 287.664 240.020 192.685 146.740 100.453 55.788 10.704 -33.210 -77.106 -120.388 -162.663 -204.740 -244.758 -284.169 -321.307 -356.769 -390.380 -421.558 -450.974 -477.955 -503.011 -526.081 -547.243 -566.745 -584.591 -601.004 -616.061 -629.903 -642.639 -654.368 -665.189 -675.181 -684.421 -692.975 -700.902 -708.254 -715.076 -721.409 -727.286 -732.739 -737.795 -742.476 -746.802 -750.793 -754.461 -757.823 -760.888 -763.669 -766.175 -768.416 -770.405 -772.178 -773.966 -777.355 -792.144 -9999.000 -9999.000
-9999.000 -9999.000 3883.904 3784.295 3685.094 3586.325 3488.007 3390.157 3292.786 3195.907 3099.529 3003.662 2908.319 2813.512 2719.253 2625.558 2532.443 2439.928 2348.039 2256.802 2166.236 2076.349 1987.140 1898.611 1810.808 1723.880 1638.050 1553.619 1470.929 1390.272 1311.846 1235.831 1162.356 1091.354 1022.654 956.202 891.796 829.314 768.712 709.670 652.388 596.425 542.045 488.833 436.998 386.149 336.542 287.664 240.020 192.685 146.740 100.453 55.788 10.704 -33.210 -77.106 -120.388 -162.663 -204.740 -244.758 -284.169 -321.307 -356.769 -390.380 -421.558 -450.974 -477.955 -503.011 -526.081 -547.243 -566.745 -584.591 -601.004 -616.061 -629.903 -642.639 -654.368 -665.189 -675.181 -684.421 -692.975 -700.902 -708.254 -715.076 -721.409 -727.286 -732.739 -737.795 -742.476 -746.802 -750.793 -754.461 -757.823 -760.888 -763.669 -766.175 -768.416 -770.405 -772.178 -773.966 -777.355 -792.144 -9999.000 -9999.000
-9999.000 -9999.000 -9999.000 -9999.000 -9999.000 -9999.000 -9999.000 -9999.000 -9999.000 -9999.000 -9999.000 -9999.000 -9999.000 -9999.000 -9999.000 -9999.000 -9999.000 -9999.000 -9999.000 -9999.000 -9999.000 -9999.000 -9999.000 -9999.000 -9999.000 -9999.000 -9999.000 -9999.000 -9999.000 -9999.000 -9999.000 -9999.000 -9999.000 -9999.000 -9999.000 -9999.000 -9999.000 -9999.000 -9999.000 -9999.000 -9999.000 -9999.000 -9999.000 -9999.000 -9999.000 -9999.000 -9999.000 -9999.000 -9999.000 -9999.000 -9999.000 -9999.000 -9999.000 -9999.000 -9999.000 -9999.000 -9999.000 -9999.000 -9999.000 -9999.000 -9999.000 -9999.000 -9999.000 -9999.000 -9999.000 -9999.000 -9999.000 -9999.000 -9999.000 -9999.000 -9999.000 -9999.000 -9999.000 -9999.000 -9999.000 -9999.000 -9999.000 -9999.000 -9999.000 -9999.000 -9999.000 -9999.000 -9999.000 -9999.000 -9999.000 -9999.000 -9999.000 -9999.000 -9999.000 -9999.000 -9999.000 -9999.000 -9999.000 -9999.000 -9999.000 -9999.000 -9999.000 -9999.000 -9999.000 -9999.000 -9999.000 -9999.000 -9999.000 -9999.000
-9999.000 -9999.000 -9999.000 -9999.000 -9999.000 -9999.000 -9999.000 -9999.000 -9999.000 -9999.000 -9999.000 -9999.000 -9999.000 -9999.000 -9999.000 -9999.000 -9999.000 -9999.000 -9999.000 -9999.000 -9999.000 -9999.000 -9999.000 -9999.000 -9999.000 -9999.000 -9999.000 -9999.000 -9999.000 -9999.000 -9999.000 -9999.000 -9999.000 -9999.000 -9999.000 -9999.000 -9999.000 -9999.000 -9999.000 -9999.000 -9999.000 -9999.000 -9999.000 -9999.000 -9999.000 -9999.000 -9999.000 -9999.000 -9999.000 -9999.000 -9999.000 -9999.000 -9999.000 -9999.000 -9999.000 -9999.000 -9999.000 -9999.000 -9999.000 -9999.000 -9999.000 -9999.000 -9999.000 -9999.000 -9999.000 -9999.000 -9999.000 -9999.000 -9999.000 -9999.000 -9999.000 -9999.000 -9999.000 -9999.000 -9999.000 -9999.000 -9999.000 -9999.000 -9999.000 -9999.000 -9999.000 -9999.000 -9999.000 -9999.000 -9999.000 -9999.000 -9999.000 -9999.000 -9999.000 -9999.000 -9999.000 -9999.000 -9999.000 -9999.000 -9999.000 -9999.000 -9999.000 -9999.000 -9999.000 -9999.000 -9999.000 -9999.000 -9999.000 -9999.000