tests/3D/hillslope01/output_maps-METEOIO_OFF/psiliqL0009N0002.asc
ncols         104
nrows         10
xllcorner     -2.000000
yllcorner     0.000000
cellsize      1.000000
NODATA_value  -9999.0
-9999.000 -9999.000 -9999.000 -9999.000 -9999.000 -9999.000 -9999.000 -9999.000 -9999.000 -9999.000 -9999.000 -9999.000 -9999.000 -9999.000 -9999.000 -9999.000 -9999.000 -9999.000 -9999.000 -9999.000 -9999.000 -9999.000 -9999.000 -9999.000 -9999.000 -9999.000 -9999.000 -9999.000 -9999.000 -9999.000 -9999.000 -9999.000 -9999.000 -9999.000 -9999.000 -9999.000 -9999.000 -9999.000 -9999.000 -9999.000 -9999.000 -9999.000 -9999.000 -9999.000 -9999.000 -9999.000 -9999.000 -9999.000 -9999.000 -9999.000 -9999.000 -9999.000 -9999.000 -9999.000 -9999.000 -9999.000 -9999.000 -9999.000 -9999.000 -9999.000 -9999.000 -9999.000 -9999.000 -9999.000 -9999.000 -9999.000 -9999.000 -9999.000 -9999.000 -9999.000 -9999.000 -9999.000 -9999.000 -9999.000 -9999.000 -9999.000 -9999.000 -9999.000 -9999.000 -9999.000 -9999.000 -9999.000 -9999.000 -9999.000 -9999.000 -9999.000 -9999.000 -9999.000 -9999.000 -9999.000 -9999.000 -9999.000 -9999.000 -9999.000 -9999.000 -9999.000 -9999.000 -9999.000 -9999.000 -9999.000 -9999.000 -9999.000 -9999.000 -9999.000
-9999.000 -9999.000 -9999.000 -9999.000 -9999.000 -9999.000 -9999.000 -9999.000 -9999.000 -9999.000 -9999.000 -9999.000 -9999.000 -9999.000 -9999.000 -9999.000 -9999.000 -9999.000 -9999.000 -9999.000 -9999.000 -9999.000 -9999.000 -9999.000 -9999.000 -9999.000 -9999.000 -9999.000 -9999.000 -9999.000 -9999.000 -9999.000 -9999.000 -9999.000 -9999.000 -9999.000 -9999.000 -9999.000 -9999.000 -9999.000 -9999.000 -9999.000 -9999.000 -9999.000 -9999.000 -9999.000 -9999.000 -9999.000 -9999.000 -9999.000 -9999.000 -9999.000 -9999.000 -9999.000 -9999.000 -9999.000 -9999.000 -9999.000 -9999.000 -9999.000 -9999.000 -9999.000 -9999.000 -9999.000 -9999.000 -9999.000 -9999.000 -9999.000 -9999.000 -9999.000 -9999.000 -9999.000 -9999.000 -9999.000 -9999.000 -9999.000 -9999.000 -9999.000 -9999.000 -9999.000 -9999.000 -9999.000 -9999.000 -9999.000 -9999.000 -9999.000 -9999.000 -9999.000 -9999.000 -9999.000 -9999.000 -9999.000 -9999.000 -9999.000 -9999.000 -9999.000 -9999.000 -9999.000 -9999.000 -9999.000 -9999.000 -9999.000 -9999.000 -9999.000
-9999.000 -9999.000 959.222 910.814 880.197 852.360 814.320 765.636 709.641 648.921 584.610 517.903 449.465 379.493 308.264 236.321 163.586 89.906 15.414 -58.791 -130.715 -195.956 -249.502 -288.857 -315.332 -332.032 -342.122 -348.048 -351.458 -353.395 -354.482 -355.088 -355.422 -355.605 -355.704 -355.756 -355.783 -355.795 -355.800 -355.801 -355.799 -355.796 -355.793 -355.789 -355.785 -355.781 -355.777 -355.773 -355.769 -355.765 -355.761 -355.757 -355.753 -355.748 -355.744 -355.740 -355.736 -355.732 -355.728 -355.724 -355.720 -355.715 -355.711 -355.707 -355.703 -355.699 -355.695 -355.691 -355.687 -355.682 -355.678 -355.674 -355.670 -355.666 -355.662 -355.658 -355.654 -355.649 -355.645 -355.641 -355.637 -355.633 -355.629 -355.625 -355.621 -355.617 -355.612 -355.608 -355.604 -355.600 -355.596 -355.592 -355.588 -355.584 -355.579 -355.575 -355.571 -355.568 -355.572 -355.658 -356.568 -365.048 -9999.000 -9999.000
-9999.000 -9999.000 959.249 910.820 880.199 852.360 814.320 765.636 709.641 648.921 584.610 517.903 449.465 379.493 308.264 236.321 163.586 89.906 15.414 -58.791 -130.715 -195.956 -249.502 -288.857 -315.332 -332.032 -342.122 -348.048 -351.458 -353.395 -354.482 -355.088 -355.422 -355.605 -355.704 -355.756 -355.783 -355.795 -355.800 -355.801 -355.799 -355.796 -355.793 -355.789 -355.785 -355.781 -355.777 -355.773 -355.769 -355.765 -355.761 -355.757 -355.753 -355.748 -355.744 -355.740 -355.736 -355.732 -355.728 -355.724 -355.720 -355.715 -355.711 -355.707 -355.703 -355.699 -355.695 -355.691 -355.687 -355.682 -355.678 -355.674 -355.670 -355.666 -355.662 -355.658 -355.654 -355.649 -355.645 -355.641 -355.637 -355.633 -355.629 -355.625 -355.621 -355.617 -355.612 -355.608 -355.604 -355.600 -355.596 -355.592 -355.588 -355.584 -355.579 -355.575 -355.571 -355.568 -355.572 -355.658 -356.568 -365.048 -9999.000 -9999.000
-9999.000 -9999.000 959.262 910.824 880.200 852.361 814.320 765.636 709.641 648.921 584.610 517.903 449.465 379.493 308.264 236.321 163.586 89.906 15.414 -58.791 -130.715 -195.956 -249.502 -288.857 -315.332 -332.032 -342.122 -348.048 -351.458 -353.395 -354.482 -355.088 -355.422 -355.605 -355.704 -355.756 -355.783 -355.795 -355.800 -355.801 -355.799 -355.796 -355.793 -355.789 -355.785 -355.781 -355.777 -355.773 -355.769 -355.765 -355.761 -355.757 -355.753 -355.748 -355.744 -355.740 -355.736 -355.732 -355.728 -355.724 -355.720 -355.715 -355.711 -355.707 -355.703 -355.699 -355.695 -355.691 -355.687 -355.682 -355.678 -355.674 -355.670 -355.666 -355.662 -355.658 -355.654 -355.649 -355.645 -355.641 -355.637 -355.633 -355.629 -355.625 -355.621 -355.617 -355.612 -355.608 -355.604 -355.600 -355.596 -355.592 -355.588 -355.584 -355.579 -355.575 -355.571 -355.568 -355.572 -355.658 -356.568 -365.048 -9999.000 -9999.000
-9999.000 -9999.000 959.262 910.824 880.200 852.361 814.320 765.636 709.641 648.921 584.610 517.903 449.465 379.493 308.264 236.321 163.586 89.906 15.414 -58.791 -130.715 -195.956 -249.502 -288.857 -315.332 -332.032 -342.122 -348.048 -351.458 -353.395 -354.482 -355.088 -355.422 -355.605 -355.704 -355.756 -355.783 -355.795 -355.800 -355.801 -355.799 -355.796 -355.793 -355.789 -355.785 -355.781 -355.777 -355.773 -355.769 -355.765 -355.761 -355.757 -355.753 -355.748 -355.744 -355.740 -355.736 -355.732 -355.728 -355.724 -355.720 -355.715 -355.711 -355.707 -355.703 -355.699 -355.695 -355.691 -355.687 -355.682 -355.678 -355.674 -355.670 -355.666 -355.662 -355.658 -355.654 -355.649 -355.645 -355.641 -355.637 -355.633 -355.629 -355.625 -355.621 -355.617 -355.612 -355.608 -355.604 -355.600 -355.596 -355.592 -355.588 -355.584 -355.579 -355.575 -355.571 -355.568 -355.572 -355.658 -356.568 -365.048 -9999.000 -9999.000
-9999.000 -9999.000 959.249 910.820 880.199 852.360 814.320 765.636 709.641 648.921 584.610 517.903 449.465 379.493 308.264 236.321 163.586 89.906 15.414 -58.791 -130.715 -195.956 -249.502 -288.857 -315.332 -332.032 -342.122 -348.048 -351.458 -353.395 -354.482 -355.088 -355.422 -355.605 -355.704 -355.756 -355.783 -355.795 -355.800 -355.801 -355.799 -355.796 -355.793 -355.789 -355.785 -355.781 -355.777 -355.773 -355.769 -355.765 -355.761 -355.757 -355.753 -355.748 -355.744 -355.740 -355.736 -355.732 -355.728 -355.724 -355.720 -355.715 -355.711 -355.707 -355.703 -355.699 -355.695 -355.691 -355.687 -355.682 -355.678 -355.674 -355.670 -355.666 -355.662 -355.658 -355.654 -355.649 -355.645 -355.641 -355.637 -355.633 -355.629 -355.625 -355.621 -355.617 -355.612 -355.608 -355.604 -355.600 -355.596 -355.592 -355.588 -355.584 -355.579 -355.575 -355.571 -355.568 -355.572 -355.658 -356.568 -365.048 -9999.000 -9999.000
-9999.000 -9999.000 959.222 910.814 880.197 852.360 814.320 765.636 709.641 648.921 584.610 517.903 449.465 379.493 308.264 236.321 163.586 89.906 15.414 -58.791 -130.715 -195.956 -249.502 -288.857 -315.332 -332.032 -342.122 -348.048 -351.458 -353.395 -354.482 -355.088 -355.422 -355.605 -355.704 -355.756 -355.783 -355.795 -355.800 -355.801 -355.799 -355.796 -355.793 -355.789 -355.785 -355.781 -355.777 -355.773 -355.769 -355.765 -355.761 -355.757 -355.753 -355.748 -355.744 -355.740 -355.736 -355.732 -355.728 -355.724 -355.720 -355.715 -355.711 -355.707 -355.703 -355.699 -355.695 -355.691 -355.687 -355.682 -355.678 -355.674 -355.670 -355.666 -355.662 -355.658 -355.654 -355.649 -355.645 -355.641 -355.637 -355.633 -355.629 -355.625 -355.621 -355.617 -355.612 -355.608 -355.604 -355.600 -355.596 -355.592 -355.588 -355.584 -355.579 -355.575 -355.571 -355.568 -355.572 -355.658 -356.568 -365.048 -9999.000 -9999.000
-9999.000 -9999.000 -9999.000 -9999.000 -9999.000 -9999.000 -9999.000 -9999.000 -9999.000 -9999.000 -9999.000 -9999.000 -9999.000 -9999.000 -9999.000 -9999.000 -9999.000 -9999.000 -9999.000 -9999.000 -9999.000 -9999.000 -9999.000 -9999.000 -9999.000 -9999.000 -9999.000 -9999.000 -9999.000 -9999.000 -9999.000 -9999.000 -9999.000 -9999.000 -9999.000 -9999.000 -9999.000 -9999.000 -9999.000 -9999.000 -9999.000 -9999.000 -9999.000 -9999.000 -9999.000 -9999.000 -9999.000 -9999.000 -9999.000 -9999.000 -9999.000 -9999.000 -9999.000 -9999.000 -9999.000 -9999.000 -9999.000 -9999.000 -9999.000 -9999.000 -9999.000 -9999.000 -9999.000 -9999.000 -9999.000 -9999.000 -9999.000 -9999.000 -9999.000 -9999.000 -9999.000 -9999.000 -9999.000 -9999.000 -9999.000 -9999.000 -9999.000 -9999.000 -9999.000 -9999.000 -9999.000 -9999.000 -9999.000 -9999.000 -9999.000 -9999.000 -9999.000 -9999.000 -9999.000 -9999.000 -9999.000 -9999.000 -9999.000 -9999.000 -9999.000 -9999.000 -9999.000 -9999.000 -9999.000 -9999.000 -9999.000 -9999.000 -9999.000 -9999.000
-9999.000 -9999.000 -9999.000 -9999.000 -9999.000 -9999.000 -9999.000 -9999.000 -9999.000 -9999.000 -9999.000 -9999.000 -9999.000 -9999.000 -9999.000 -9999.000 -9999.000 -9999.000 -9999.000 -9999.000 -9999.000 -9999.000 -9999.000 -9999.000 -9999.000 -9999.000 -9999.000 -9999.000 -9999.000 -9999.000 -9999.000 -9999.000 -9999.000 -9999.000 -9999.000 -9999.000 -9999.000 -9999.000 -9999.000 -9999.000 -9999.000 -9999.000 -9999.000 -9999.000 -9999.000 -9999.000 -9999.000 -9999.000 -9999.000 -9999.000 -9999.000 -9999.000 -9999.000 -9999.000 -9999.000 -9999.000 -9999.000 -9999.000 -9999.000 -9999.000 -9999.000 -9999.000 -9999.000 -9999.000 -9999.000 -9999.000 -9999.000 -9999.000 -9999.000 -9999.000 -9999.000 -9999.000 -9999.000 -9999.000 -9999.000 -9999.000 -9999.000 -9999.000 -9999.000 -9999.000 -9999.000 -9999.000 -9999.000 -9999.000 -9999.000 -9999.000 -9999.000 -9999.000 -9999.000 -9999.000 -9999.000 -9999.000 -9999.000 -9999.000 -9999.000 -9999.000 -9999.000 -9999.000 -9999.000 -9999.000 -9999.000 -9999.000 -9999.000 -9999.000