tests/3D/hillslope01/output_maps-METEOIO_OFF/psiliqL0070N0001.asc
ncols         104
nrows         10
xllcorner     -2.000000
yllcorner     0.000000
cellsize      1.000000
NODATA_value  -9999.0
-9999.000 -9999.000 -9999.000 -9999.000 -9999.000 -9999.000 -9999.000 -9999.000 -9999.000 -9999.000 -9999.000 -9999.000 -9999.000 -9999.000 -9999.000 -9999.000 -9999.000 -9999.000 -9999.000 -9999.000 -9999.000 -9999.000 -9999.000 -9999.000 -9999.000 -9999.000 -9999.000 -9999.000 -9999.000 -9999.000 -9999.000 -9999.000 -9999.000 -9999.000 -9999.000 -9999.000 -9999.000 -9999.000 -9999.000 -9999.000 -9999.000 -9999.000 -9999.000 -9999.000 -9999.000 -9999.000 -9999.000 -9999.000 -9999.000 -9999.000 -9999.000 -9999.000 -9999.000 -9999.000 -9999.000 -9999.000 -9999.000 -9999.000 -9999.000 -9999.000 -9999.000 -9999.000 -9999.000 -9999.000 -9999.000 -9999.000 -9999.000 -9999.000 -9999.000 -9999.000 -9999.000 -9999.000 -9999.000 -9999.000 -9999.000 -9999.000 -9999.000 -9999.000 -9999.000 -9999.000 -9999.000 -9999.000 -9999.000 -9999.000 -9999.000 -9999.000 -9999.000 -9999.000 -9999.000 -9999.000 -9999.000 -9999.000 -9999.000 -9999.000 -9999.000 -9999.000 -9999.000 -9999.000 -9999.000 -9999.000 -9999.000 -9999.000 -9999.000 -9999.000
-9999.000 -9999.000 -9999.000 -9999.000 -9999.000 -9999.000 -9999.000 -9999.000 -9999.000 -9999.000 -9999.000 -9999.000 -9999.000 -9999.000 -9999.000 -9999.000 -9999.000 -9999.000 -9999.000 -9999.000 -9999.000 -9999.000 -9999.000 -9999.000 -9999.000 -9999.000 -9999.000 -9999.000 -9999.000 -9999.000 -9999.000 -9999.000 -9999.000 -9999.000 -9999.000 -9999.000 -9999.000 -9999.000 -9999.000 -9999.000 -9999.000 -9999.000 -9999.000 -9999.000 -9999.000 -9999.000 -9999.000 -9999.000 -9999.000 -9999.000 -9999.000 -9999.000 -9999.000 -9999.000 -9999.000 -9999.000 -9999.000 -9999.000 -9999.000 -9999.000 -9999.000 -9999.000 -9999.000 -9999.000 -9999.000 -9999.000 -9999.000 -9999.000 -9999.000 -9999.000 -9999.000 -9999.000 -9999.000 -9999.000 -9999.000 -9999.000 -9999.000 -9999.000 -9999.000 -9999.000 -9999.000 -9999.000 -9999.000 -9999.000 -9999.000 -9999.000 -9999.000 -9999.000 -9999.000 -9999.000 -9999.000 -9999.000 -9999.000 -9999.000 -9999.000 -9999.000 -9999.000 -9999.000 -9999.000 -9999.000 -9999.000 -9999.000 -9999.000 -9999.000
-9999.000 -9999.000 5569.885 5470.311 5371.170 5272.472 5174.231 5076.458 4979.167 4882.369 4786.076 4690.301 4595.058 4500.361 4406.226 4312.671 4219.716 4127.385 4035.704 3944.701 3854.409 3764.861 3676.100 3588.187 3501.213 3415.310 3330.648 3247.427 3165.857 3086.133 3008.415 2932.822 2859.423 2788.221 2719.173 2652.211 2587.244 2524.176 2462.907 2403.331 2345.363 2288.896 2233.853 2180.131 2127.653 2076.319 2026.056 1976.762 1928.373 1880.775 1833.923 1787.681 1742.057 1696.907 1652.219 1607.875 1563.824 1520.004 1476.301 1432.750 1389.162 1345.650 1302.013 1258.275 1214.334 1170.103 1125.624 1080.660 1035.440 989.587 943.413 896.510 849.142 800.947 752.173 702.456 652.084 600.606 548.458 494.942 440.826 385.150 328.752 270.942 211.786 151.635 89.408 26.340 -37.924 -103.061 -166.390 -227.512 -285.091 -337.418 -384.147 -425.090 -460.217 -489.882 -514.637 -535.253 -553.759 -579.119 -9999.000 -9999.000
-9999.000 -9999.000 5569.885 5470.311 5371.170 5272.472 5174.231 5076.458 4979.167 4882.369 4786.076 4690.301 4595.058 4500.361 4406.226 4312.671 4219.716 4127.385 4035.704 3944.701 3854.409 3764.861 3676.100 3588.187 3501.213 3415.310 3330.648 3247.427 3165.857 3086.133 3008.415 2932.822 2859.423 2788.221 2719.173 2652.211 2587.244 2524.176 2462.907 2403.331 2345.363 2288.896 2233.853 2180.131 2127.653 2076.319 2026.056 1976.762 1928.373 1880.775 1833.923 1787.681 1742.057 1696.907 1652.219 1607.875 1563.824 1520.004 1476.301 1432.750 1389.162 1345.650 1302.013 1258.275 1214.334 1170.103 1125.624 1080.660 1035.440 989.587 943.413 896.510 849.142 800.947 752.173 702.456 652.084 600.606 548.458 494.942 440.826 385.150 328.752 270.942 211.786 151.635 89.408 26.340 -37.924 -103.061 -166.390 -227.512 -285.091 -337.418 -384.147 -425.090 -460.217 -489.882 -514.637 -535.253 -553.759 -579.119 -9999.000 -9999.000
-9999.000 -9999.000 5569.885 5470.311 5371.170 5272.472 5174.231 5076.458 4979.167 4882.369 4786.076 4690.301 4595.058 4500.361 4406.226 4312.671 4219.716 4127.385 4035.704 3944.701 3854.409 3764.861 3676.100 3588.187 3501.213 3415.310 3330.648 3247.427 3165.857 3086.133 3008.415 2932.822 2859.423 2788.221 2719.173 2652.211 2587.244 2524.176 2462.907 2403.331 2345.363 2288.896 2233.853 2180.131 2127.653 2076.319 2026.056 1976.762 1928.373 1880.775 1833.923 1787.681 1742.057 1696.907 1652.219 1607.875 1563.824 1520.004 1476.301 1432.750 1389.162 1345.650 1302.013 1258.275 1214.334 1170.103 1125.624 1080.660 1035.440 989.587 943.413 896.510 849.142 800.947 752.173 702.456 652.084 600.606 548.458 494.942 440.826 385.150 328.752 270.942 211.786 151.635 89.408 26.340 -37.924 -103.061 -166.390 -227.512 -285.091 -337.418 -384.147 -425.090 -460.217 -489.882 -514.637 -535.253 -553.759 -579.119 -9999.000 -9999.000
-9999.000 -9999.000 5569.885 5470.311 5371.170 5272.472 5174.231 5076.458 4979.167 4882.369 4786.076 4690.301 4595.058 4500.361 4406.226 4312.671 4219.716 4127.385 4035.704 3944.701 3854.409 3764.861 3676.100 3588.187 3501.213 3415.310 3330.648 3247.427 3165.857 3086.133 3008.415 2932.822 2859.423 2788.221 2719.173 2652.211 2587.244 2524.176 2462.907 2403.331 2345.363 2288.896 2233.853 2180.131 2127.653 2076.319 2026.056 1976.762 1928.373 1880.775 1833.923 1787.681 1742.057 1696.907 1652.219 1607.875 1563.824 1520.004 1476.301 1432.750 1389.162 1345.650 1302.013 1258.275 1214.334 1170.103 1125.624 1080.660 1035.440 989.587 943.413 896.510 849.142 800.947 752.173 702.456 652.084 600.606 548.458 494.942 440.826 385.150 328.752 270.942 211.786 151.635 89.408 26.340 -37.924 -103.061 -166.390 -227.512 -285.091 -337.418 -384.147 -425.090 -460.217 -489.882 -514.637 -535.253 -553.759 -579.119 -9999.000 -9999.000
-9999.000 -9999.000 5569.885 5470.311 5371.170 5272.472 5174.231 5076.458 4979.167 4882.369 4786.076 4690.301 4595.058 4500.361 4406.226 4312.671 4219.716 4127.385 4035.704 3944.701 3854.409 3764.861 3676.100 3588.187 3501.213 3415.310 3330.648 3247.427 3165.857 3086.133 3008.415 2932.822 2859.423 2788.221 2719.173 2652.211 2587.244 2524.176 2462.907 2403.331 2345.363 2288.896 2233.853 2180.131 2127.653 2076.319 2026.056 1976.762 1928.373 1880.775 1833.923 1787.681 1742.057 1696.907 1652.219 1607.875 1563.824 1520.004 1476.301 1432.750 1389.162 1345.650 1302.013 1258.275 1214.334 1170.103 1125.624 1080.660 1035.440 989.587 943.413 896.510 849.142 800.947 752.173 702.456 652.084 600.606 548.458 494.942 440.826 385.150 328.752 270.942 211.786 151.635 89.408 26.340 -37.924 -103.061 -166.390 -227.512 -285.091 -337.418 -384.147 -425.090 -460.217 -489.882 -514.637 -535.253 -553.759 -579.119 -9999.000 -9999.000
-9999.000 -9999.000 5569.885 5470.311 5371.170 5272.472 5174.231 5076.458 4979.167 4882.369 4786.076 4690.301 4595.058 4500.361 4406.226 4312.671 4219.716 4127.385 4035.704 3944.701 3854.409 3764.861 3676.100 3588.187 3501.213 3415.310 3330.648 3247.427 3165.857 3086.133 3008.415 2932.822 2859.423 2788.221 2719.173 2652.211 2587.244 2524.176 2462.907 2403.331 2345.363 2288.896 2233.853 2180.131 2127.653 2076.319 2026.056 1976.762 1928.373 1880.775 1833.923 1787.681 1742.057 1696.907 1652.219 1607.875 1563.824 1520.004 1476.301 1432.750 1389.162 1345.650 1302.013 1258.275 1214.334 1170.103 1125.624 1080.660 1035.440 989.587 943.413 896.510 849.142 800.947 752.173 702.456 652.084 600.606 548.458 494.942 440.826 385.150 328.752 270.942 211.786 151.635 89.408 26.340 -37.924 -103.061 -166.390 -227.512 -285.091 -337.418 -384.147 -425.090 -460.217 -489.882 -514.637 -535.253 -553.759 -579.119 -9999.000 -9999.000
-9999.000 -9999.000 -9999.000 -9999.000 -9999.000 -9999.000 -9999.000 -9999.000 -9999.000 -9999.000 -9999.000 -9999.000 -9999.000 -9999.000 -9999.000 -9999.000 -9999.000 -9999.000 -9999.000 -9999.000 -9999.000 -9999.000 -9999.000 -9999.000 -9999.000 -9999.000 -9999.000 -9999.000 -9999.000 -9999.000 -9999.000 -9999.000 -9999.000 -9999.000 -9999.000 -9999.000 -9999.000 -9999.000 -9999.000 -9999.000 -9999.000 -9999.000 -9999.000 -9999.000 -9999.000 -9999.000 -9999.000 -9999.000 -9999.000 -9999.000 -9999.000 -9999.000 -9999.000 -9999.000 -9999.000 -9999.000 -9999.000 -9999.000 -9999.000 -9999.000 -9999.000 -9999.000 -9999.000 -9999.000 -9999.000 -9999.000 -9999.000 -9999.000 -9999.000 -9999.000 -9999.000 -9999.000 -9999.000 -9999.000 -9999.000 -9999.000 -9999.000 -9999.000 -9999.000 -9999.000 -9999.000 -9999.000 -9999.000 -9999.000 -9999.000 -9999.000 -9999.000 -9999.000 -9999.000 -9999.000 -9999.000 -9999.000 -9999.000 -9999.000 -9999.000 -9999.000 -9999.000 -9999.000 -9999.000 -9999.000 -9999.000 -9999.000 -9999.000 -9999.000
-9999.000 -9999.000 -9999.000 -9999.000 -9999.000 -9999.000 -9999.000 -9999.000 -9999.000 -9999.000 -9999.000 -9999.000 -9999.000 -9999.000 -9999.000 -9999.000 -9999.000 -9999.000 -9999.000 -9999.000 -9999.000 -9999.000 -9999.000 -9999.000 -9999.000 -9999.000 -9999.000 -9999.000 -9999.000 -9999.000 -9999.000 -9999.000 -9999.000 -9999.000 -9999.000 -9999.000 -9999.000 -9999.000 -9999.000 -9999.000 -9999.000 -9999.000 -9999.000 -9999.000 -9999.000 -9999.000 -9999.000 -9999.000 -9999.000 -9999.000 -9999.000 -9999.000 -9999.000 -9999.000 -9999.000 -9999.000 -9999.000 -9999.000 -9999.000 -9999.000 -9999.000 -9999.000 -9999.000 -9999.000 -9999.000 -9999.000 -9999.000 -9999.000 -9999.000 -9999.000 -9999.000 -9999.000 -9999.000 -9999.000 -9999.000 -9999.000 -9999.000 -9999.000 -9999.000 -9999.000 -9999.000 -9999.000 -9999.000 -9999.000 -9999.000 -9999.000 -9999.000 -9999.000 -9999.000 -9999.000 -9999.000 -9999.000 -9999.000 -9999.000 -9999.000 -9999.000 -9999.000 -9999.000 -9999.000 -9999.000 -9999.000 -9999.000 -9999.000 -9999.000