tests/3D/hillslope01/output_maps-METEOIO_OFF/psiliqL0006N0001.asc
ncols         104
nrows         10
xllcorner     -2.000000
yllcorner     0.000000
cellsize      1.000000
NODATA_value  -9999.0
-9999.000 -9999.000 -9999.000 -9999.000 -9999.000 -9999.000 -9999.000 -9999.000 -9999.000 -9999.000 -9999.000 -9999.000 -9999.000 -9999.000 -9999.000 -9999.000 -9999.000 -9999.000 -9999.000 -9999.000 -9999.000 -9999.000 -9999.000 -9999.000 -9999.000 -9999.000 -9999.000 -9999.000 -9999.000 -9999.000 -9999.000 -9999.000 -9999.000 -9999.000 -9999.000 -9999.000 -9999.000 -9999.000 -9999.000 -9999.000 -9999.000 -9999.000 -9999.000 -9999.000 -9999.000 -9999.000 -9999.000 -9999.000 -9999.000 -9999.000 -9999.000 -9999.000 -9999.000 -9999.000 -9999.000 -9999.000 -9999.000 -9999.000 -9999.000 -9999.000 -9999.000 -9999.000 -9999.000 -9999.000 -9999.000 -9999.000 -9999.000 -9999.000 -9999.000 -9999.000 -9999.000 -9999.000 -9999.000 -9999.000 -9999.000 -9999.000 -9999.000 -9999.000 -9999.000 -9999.000 -9999.000 -9999.000 -9999.000 -9999.000 -9999.000 -9999.000 -9999.000 -9999.000 -9999.000 -9999.000 -9999.000 -9999.000 -9999.000 -9999.000 -9999.000 -9999.000 -9999.000 -9999.000 -9999.000 -9999.000 -9999.000 -9999.000 -9999.000 -9999.000
-9999.000 -9999.000 -9999.000 -9999.000 -9999.000 -9999.000 -9999.000 -9999.000 -9999.000 -9999.000 -9999.000 -9999.000 -9999.000 -9999.000 -9999.000 -9999.000 -9999.000 -9999.000 -9999.000 -9999.000 -9999.000 -9999.000 -9999.000 -9999.000 -9999.000 -9999.000 -9999.000 -9999.000 -9999.000 -9999.000 -9999.000 -9999.000 -9999.000 -9999.000 -9999.000 -9999.000 -9999.000 -9999.000 -9999.000 -9999.000 -9999.000 -9999.000 -9999.000 -9999.000 -9999.000 -9999.000 -9999.000 -9999.000 -9999.000 -9999.000 -9999.000 -9999.000 -9999.000 -9999.000 -9999.000 -9999.000 -9999.000 -9999.000 -9999.000 -9999.000 -9999.000 -9999.000 -9999.000 -9999.000 -9999.000 -9999.000 -9999.000 -9999.000 -9999.000 -9999.000 -9999.000 -9999.000 -9999.000 -9999.000 -9999.000 -9999.000 -9999.000 -9999.000 -9999.000 -9999.000 -9999.000 -9999.000 -9999.000 -9999.000 -9999.000 -9999.000 -9999.000 -9999.000 -9999.000 -9999.000 -9999.000 -9999.000 -9999.000 -9999.000 -9999.000 -9999.000 -9999.000 -9999.000 -9999.000 -9999.000 -9999.000 -9999.000 -9999.000 -9999.000
-9999.000 -9999.000 -354.788 -362.173 -363.011 -363.276 -363.389 -363.437 -363.457 -363.464 -363.465 -363.463 -363.460 -363.456 -363.452 -363.448 -363.444 -363.440 -363.436 -363.431 -363.427 -363.423 -363.419 -363.415 -363.411 -363.407 -363.402 -363.398 -363.394 -363.390 -363.386 -363.382 -363.377 -363.373 -363.369 -363.365 -363.361 -363.357 -363.352 -363.348 -363.344 -363.340 -363.336 -363.332 -363.327 -363.323 -363.319 -363.315 -363.311 -363.307 -363.302 -363.298 -363.294 -363.290 -363.286 -363.282 -363.277 -363.273 -363.269 -363.265 -363.261 -363.257 -363.252 -363.248 -363.244 -363.240 -363.236 -363.232 -363.227 -363.223 -363.219 -363.215 -363.211 -363.207 -363.202 -363.198 -363.194 -363.190 -363.186 -363.182 -363.177 -363.173 -363.169 -363.165 -363.161 -363.157 -363.152 -363.148 -363.144 -363.140 -363.136 -363.132 -363.128 -363.123 -363.119 -363.115 -363.111 -363.107 -363.106 -363.145 -363.667 -369.859 -9999.000 -9999.000
-9999.000 -9999.000 -354.788 -362.173 -363.011 -363.276 -363.389 -363.437 -363.457 -363.464 -363.465 -363.463 -363.460 -363.456 -363.452 -363.448 -363.444 -363.440 -363.436 -363.431 -363.427 -363.423 -363.419 -363.415 -363.411 -363.407 -363.402 -363.398 -363.394 -363.390 -363.386 -363.382 -363.377 -363.373 -363.369 -363.365 -363.361 -363.357 -363.352 -363.348 -363.344 -363.340 -363.336 -363.332 -363.327 -363.323 -363.319 -363.315 -363.311 -363.307 -363.302 -363.298 -363.294 -363.290 -363.286 -363.282 -363.277 -363.273 -363.269 -363.265 -363.261 -363.257 -363.252 -363.248 -363.244 -363.240 -363.236 -363.232 -363.227 -363.223 -363.219 -363.215 -363.211 -363.207 -363.202 -363.198 -363.194 -363.190 -363.186 -363.182 -363.177 -363.173 -363.169 -363.165 -363.161 -363.157 -363.152 -363.148 -363.144 -363.140 -363.136 -363.132 -363.128 -363.123 -363.119 -363.115 -363.111 -363.107 -363.106 -363.145 -363.667 -369.859 -9999.000 -9999.000
-9999.000 -9999.000 -354.788 -362.173 -363.011 -363.276 -363.389 -363.437 -363.457 -363.464 -363.465 -363.463 -363.460 -363.456 -363.452 -363.448 -363.444 -363.440 -363.436 -363.431 -363.427 -363.423 -363.419 -363.415 -363.411 -363.407 -363.402 -363.398 -363.394 -363.390 -363.386 -363.382 -363.377 -363.373 -363.369 -363.365 -363.361 -363.357 -363.352 -363.348 -363.344 -363.340 -363.336 -363.332 -363.327 -363.323 -363.319 -363.315 -363.311 -363.307 -363.302 -363.298 -363.294 -363.290 -363.286 -363.282 -363.277 -363.273 -363.269 -363.265 -363.261 -363.257 -363.252 -363.248 -363.244 -363.240 -363.236 -363.232 -363.227 -363.223 -363.219 -363.215 -363.211 -363.207 -363.202 -363.198 -363.194 -363.190 -363.186 -363.182 -363.177 -363.173 -363.169 -363.165 -363.161 -363.157 -363.152 -363.148 -363.144 -363.140 -363.136 -363.132 -363.128 -363.123 -363.119 -363.115 -363.111 -363.107 -363.106 -363.145 -363.667 -369.859 -9999.000 -9999.000
-9999.000 -9999.000 -354.788 -362.173 -363.011 -363.276 -363.389 -363.437 -363.457 -363.464 -363.465 -363.463 -363.460 -363.456 -363.452 -363.448 -363.444 -363.440 -363.436 -363.431 -363.427 -363.423 -363.419 -363.415 -363.411 -363.407 -363.402 -363.398 -363.394 -363.390 -363.386 -363.382 -363.377 -363.373 -363.369 -363.365 -363.361 -363.357 -363.352 -363.348 -363.344 -363.340 -363.336 -363.332 -363.327 -363.323 -363.319 -363.315 -363.311 -363.307 -363.302 -363.298 -363.294 -363.290 -363.286 -363.282 -363.277 -363.273 -363.269 -363.265 -363.261 -363.257 -363.252 -363.248 -363.244 -363.240 -363.236 -363.232 -363.227 -363.223 -363.219 -363.215 -363.211 -363.207 -363.202 -363.198 -363.194 -363.190 -363.186 -363.182 -363.177 -363.173 -363.169 -363.165 -363.161 -363.157 -363.152 -363.148 -363.144 -363.140 -363.136 -363.132 -363.128 -363.123 -363.119 -363.115 -363.111 -363.107 -363.106 -363.145 -363.667 -369.859 -9999.000 -9999.000
-9999.000 -9999.000 -354.788 -362.173 -363.011 -363.276 -363.389 -363.437 -363.457 -363.464 -363.465 -363.463 -363.460 -363.456 -363.452 -363.448 -363.444 -363.440 -363.436 -363.431 -363.427 -363.423 -363.419 -363.415 -363.411 -363.407 -363.402 -363.398 -363.394 -363.390 -363.386 -363.382 -363.377 -363.373 -363.369 -363.365 -363.361 -363.357 -363.352 -363.348 -363.344 -363.340 -363.336 -363.332 -363.327 -363.323 -363.319 -363.315 -363.311 -363.307 -363.302 -363.298 -363.294 -363.290 -363.286 -363.282 -363.277 -363.273 -363.269 -363.265 -363.261 -363.257 -363.252 -363.248 -363.244 -363.240 -363.236 -363.232 -363.227 -363.223 -363.219 -363.215 -363.211 -363.207 -363.202 -363.198 -363.194 -363.190 -363.186 -363.182 -363.177 -363.173 -363.169 -363.165 -363.161 -363.157 -363.152 -363.148 -363.144 -363.140 -363.136 -363.132 -363.128 -363.123 -363.119 -363.115 -363.111 -363.107 -363.106 -363.145 -363.667 -369.859 -9999.000 -9999.000
-9999.000 -9999.000 -354.788 -362.173 -363.011 -363.276 -363.389 -363.437 -363.457 -363.464 -363.465 -363.463 -363.460 -363.456 -363.452 -363.448 -363.444 -363.440 -363.436 -363.431 -363.427 -363.423 -363.419 -363.415 -363.411 -363.407 -363.402 -363.398 -363.394 -363.390 -363.386 -363.382 -363.377 -363.373 -363.369 -363.365 -363.361 -363.357 -363.352 -363.348 -363.344 -363.340 -363.336 -363.332 -363.327 -363.323 -363.319 -363.315 -363.311 -363.307 -363.302 -363.298 -363.294 -363.290 -363.286 -363.282 -363.277 -363.273 -363.269 -363.265 -363.261 -363.257 -363.252 -363.248 -363.244 -363.240 -363.236 -363.232 -363.227 -363.223 -363.219 -363.215 -363.211 -363.207 -363.202 -363.198 -363.194 -363.190 -363.186 -363.182 -363.177 -363.173 -363.169 -363.165 -363.161 -363.157 -363.152 -363.148 -363.144 -363.140 -363.136 -363.132 -363.128 -363.123 -363.119 -363.115 -363.111 -363.107 -363.106 -363.145 -363.667 -369.859 -9999.000 -9999.000
-9999.000 -9999.000 -9999.000 -9999.000 -9999.000 -9999.000 -9999.000 -9999.000 -9999.000 -9999.000 -9999.000 -9999.000 -9999.000 -9999.000 -9999.000 -9999.000 -9999.000 -9999.000 -9999.000 -9999.000 -9999.000 -9999.000 -9999.000 -9999.000 -9999.000 -9999.000 -9999.000 -9999.000 -9999.000 -9999.000 -9999.000 -9999.000 -9999.000 -9999.000 -9999.000 -9999.000 -9999.000 -9999.000 -9999.000 -9999.000 -9999.000 -9999.000 -9999.000 -9999.000 -9999.000 -9999.000 -9999.000 -9999.000 -9999.000 -9999.000 -9999.000 -9999.000 -9999.000 -9999.000 -9999.000 -9999.000 -9999.000 -9999.000 -9999.000 -9999.000 -9999.000 -9999.000 -9999.000 -9999.000 -9999.000 -9999.000 -9999.000 -9999.000 -9999.000 -9999.000 -9999.000 -9999.000 -9999.000 -9999.000 -9999.000 -9999.000 -9999.000 -9999.000 -9999.000 -9999.000 -9999.000 -9999.000 -9999.000 -9999.000 -9999.000 -9999.000 -9999.000 -9999.000 -9999.000 -9999.000 -9999.000 -9999.000 -9999.000 -9999.000 -9999.000 -9999.000 -9999.000 -9999.000 -9999.000 -9999.000 -9999.000 -9999.000 -9999.000 -9999.000
-9999.000 -9999.000 -9999.000 -9999.000 -9999.000 -9999.000 -9999.000 -9999.000 -9999.000 -9999.000 -9999.000 -9999.000 -9999.000 -9999.000 -9999.000 -9999.000 -9999.000 -9999.000 -9999.000 -9999.000 -9999.000 -9999.000 -9999.000 -9999.000 -9999.000 -9999.000 -9999.000 -9999.000 -9999.000 -9999.000 -9999.000 -9999.000 -9999.000 -9999.000 -9999.000 -9999.000 -9999.000 -9999.000 -9999.000 -9999.000 -9999.000 -9999.000 -9999.000 -9999.000 -9999.000 -9999.000 -9999.000 -9999.000 -9999.000 -9999.000 -9999.000 -9999.000 -9999.000 -9999.000 -9999.000 -9999.000 -9999.000 -9999.000 -9999.000 -9999.000 -9999.000 -9999.000 -9999.000 -9999.000 -9999.000 -9999.000 -9999.000 -9999.000 -9999.000 -9999.000 -9999.000 -9999.000 -9999.000 -9999.000 -9999.000 -9999.000 -9999.000 -9999.000 -9999.000 -9999.000 -9999.000 -9999.000 -9999.000 -9999.000 -9999.000 -9999.000 -9999.000 -9999.000 -9999.000 -9999.000 -9999.000 -9999.000 -9999.000 -9999.000 -9999.000 -9999.000 -9999.000 -9999.000 -9999.000 -9999.000 -9999.000 -9999.000 -9999.000 -9999.000