tests/test_sample_run/prealpiC/rec/VegTemperature0000.asc
ncols         676
nrows         544
xllcorner     583000.000000
yllcorner     5000000.000000
cellsize      250.000000
NODATA_value  -9999.0
[rows 174 to 202 of 544, columns 455 to 519 of 676]
4.620 4.710 4.743 4.755 4.850 4.909 4.920 4.862 4.953 5.070 5.099 5.147 5.137 5.189 5.206 5.220 5.241 5.307 5.370 5.430 5.394 5.387 5.402 5.460 5.476 5.372 5.333 5.293 5.151 5.327 5.374 5.409 5.251 5.171 5.233 5.423 5.438 5.709 5.646 5.668 5.626 5.753 5.935 5.887 5.996 6.264 6.186 6.375 6.639 6.743 6.954 7.125 7.186 7.445 7.683 7.784 7.991 8.131 7.578 -9999.000 -9999.000 -9999.000 -9999.000 -9999.000 -9999.000
4.588 4.710 4.724 4.671 4.771 4.835 4.802 4.880 4.971 5.070 5.107 5.135 5.063 5.103 5.153 5.232 5.262 5.291 5.343 5.411 5.459 5.432 5.426 5.463 5.438 5.436 5.446 5.232 5.062 5.294 5.396 5.507 5.469 5.255 5.387 5.343 5.334 5.516 5.373 5.375 5.348 5.681 5.651 5.818 5.984 5.996 6.053 6.267 6.481 6.557 6.715 6.997 7.185 7.369 7.560 7.601 7.716 7.657 7.705 -9999.000 -9999.000 -9999.000 -9999.000 -9999.000 -9999.000
4.589 4.566 4.523 4.585 4.757 4.788 4.683 4.783 4.945 5.041 5.025 5.038 4.994 5.068 5.089 5.080 5.235 5.318 5.373 5.402 5.457 5.469 5.476 5.454 5.516 5.538 5.498 5.297 5.091 5.333 5.455 5.551 5.398 5.385 5.431 5.417 5.205 5.199 5.196 5.073 5.310 5.408 5.562 5.719 5.782 5.856 5.943 6.094 6.247 6.403 6.609 6.804 6.994 7.157 7.340 7.523 7.588 7.716 7.820 7.445 -9999.000 -9999.000 -9999.000 -9999.000 -9999.000
4.436 4.340 4.324 4.488 4.730 4.802 4.668 4.824 4.983 5.004 5.104 5.106 5.138 5.257 5.210 5.071 5.193 5.263 5.350 5.399 5.458 5.482 5.491 5.475 5.503 5.569 5.440 5.292 5.009 5.279 5.488 5.554 5.342 5.338 5.368 5.203 5.161 5.014 4.899 4.942 5.189 5.286 5.441 5.530 5.662 5.805 5.930 6.050 6.281 6.511 6.590 6.726 6.870 7.084 7.269 7.392 7.472 7.638 8.139 7.625 -9999.000 -9999.000 -9999.000 -9999.000 -9999.000
4.592 4.435 4.515 4.647 4.772 4.698 4.680 4.819 4.978 5.107 5.194 5.252 5.291 5.255 5.333 5.196 5.112 5.205 5.274 5.311 5.415 5.465 5.496 5.517 5.487 5.550 5.423 5.368 5.036 5.333 5.546 5.421 5.194 5.278 5.206 5.191 4.975 4.877 4.654 4.912 5.155 5.361 5.569 5.672 5.739 5.844 6.103 6.219 6.380 6.618 6.788 6.883 6.843 7.050 7.197 7.332 7.478 7.698 8.048 7.710 -9999.000 -9999.000 -9999.000 -9999.000 -9999.000
4.659 4.462 4.645 4.815 4.877 4.764 4.667 4.760 4.933 4.987 5.119 5.190 5.303 5.321 5.271 5.360 5.222 5.148 5.116 5.229 5.292 5.356 5.462 5.539 5.622 5.570 5.522 5.312 5.169 5.295 5.607 5.456 5.212 5.081 5.063 5.275 5.128 4.903 4.715 5.028 5.303 5.481 5.659 5.853 6.106 6.147 6.212 6.441 6.613 6.681 6.687 6.764 6.848 6.939 7.090 7.227 7.359 7.795 7.898 7.501 -9999.000 -9999.000 -9999.000 -9999.000 -9999.000
4.695 4.607 4.767 4.879 4.930 4.831 4.791 4.679 4.814 4.916 5.057 5.172 5.167 5.229 5.218 5.415 5.431 5.349 5.208 5.227 5.282 5.404 5.542 5.531 5.537 5.499 5.719 5.582 5.555 5.420 5.567 5.354 5.130 4.915 5.061 5.268 5.199 4.942 4.888 4.998 5.232 5.454 5.705 5.982 6.071 6.109 6.278 6.333 6.358 6.489 6.639 6.717 6.817 6.841 6.958 7.118 7.298 8.081 7.996 7.441 -9999.000 -9999.000 -9999.000 -9999.000 -9999.000
4.540 4.681 4.838 4.917 4.984 4.954 4.903 4.713 4.721 4.859 4.947 5.031 5.109 5.075 5.241 5.234 5.222 5.352 5.431 5.394 5.491 5.463 5.509 5.412 5.442 5.419 5.506 5.560 5.601 5.726 5.532 5.405 5.172 5.036 5.089 5.309 5.198 5.044 5.185 5.087 5.195 5.534 5.731 5.753 5.864 5.992 6.152 6.341 6.585 6.630 6.619 6.654 6.720 6.829 6.792 6.986 7.340 7.925 7.967 7.417 -9999.000 -9999.000 -9999.000 -9999.000 7.987
4.612 4.732 4.815 4.906 4.899 4.988 5.031 4.902 4.691 4.707 4.833 4.849 4.912 5.013 5.047 5.031 5.158 5.427 5.438 5.405 5.377 5.380 5.455 5.373 5.238 5.296 5.244 5.368 5.450 5.904 5.429 5.390 5.363 5.342 5.163 5.438 5.308 5.281 5.270 5.188 5.116 5.384 5.406 5.589 5.690 5.850 6.120 6.333 6.311 6.347 6.464 6.633 6.731 6.799 6.934 6.904 7.421 7.880 8.082 7.658 7.680 -9999.000 8.002 7.914 7.927
4.480 4.691 4.826 4.756 4.777 4.935 5.005 4.847 4.626 4.677 4.834 5.037 4.885 4.930 5.019 5.010 5.203 5.466 5.176 5.192 5.180 5.301 5.236 5.208 5.181 5.132 5.087 5.249 5.428 5.705 5.491 5.526 5.658 5.633 5.472 5.533 5.562 5.424 5.279 5.246 5.297 5.391 5.467 5.703 5.893 6.059 6.054 6.059 6.165 6.281 6.405 6.517 6.624 6.766 6.933 6.975 7.230 7.898 8.117 8.254 8.151 8.003 7.839 7.470 7.745
4.534 4.551 4.594 4.821 4.823 4.911 5.057 4.872 4.761 4.718 4.920 5.050 5.120 5.150 5.261 5.228 5.234 5.133 5.115 5.015 5.173 5.121 5.079 5.090 5.005 5.044 5.055 5.178 5.325 5.546 5.858 5.897 5.927 5.855 6.068 5.509 5.346 5.214 5.201 5.395 5.641 5.529 5.597 5.808 6.017 6.250 6.398 6.400 6.236 6.158 6.299 6.393 6.488 6.677 6.727 6.863 7.190 7.914 8.128 8.282 8.114 7.599 7.114 7.088 7.244
4.659 4.754 4.549 4.701 4.819 4.873 5.067 4.995 4.732 4.662 4.857 4.897 5.112 5.149 5.182 5.121 5.190 4.962 4.968 5.023 5.064 5.068 5.023 5.015 4.974 4.989 5.046 5.051 5.199 5.337 5.528 5.662 5.618 5.681 6.225 5.732 5.500 5.262 5.423 5.655 5.949 5.677 5.812 5.907 6.048 6.242 6.512 6.668 6.606 6.418 6.415 6.501 6.572 6.569 6.560 6.801 7.138 7.927 8.130 8.282 8.058 7.273 7.095 7.094 6.959
4.809 4.691 4.533 4.631 4.662 4.810 5.006 5.019 4.860 4.596 4.675 4.875 5.053 4.929 4.948 4.973 5.127 5.018 4.929 4.923 4.965 4.979 4.839 4.807 4.827 4.874 4.835 4.892 5.033 5.277 5.376 5.448 5.426 5.697 6.323 5.925 5.357 5.336 5.652 5.915 6.103 5.811 5.900 6.283 6.039 6.175 6.390 6.486 6.612 6.682 6.704 6.790 6.916 6.942 6.753 6.941 7.361 7.956 8.150 8.283 8.008 6.978 6.742 6.690 6.708
4.782 4.676 4.690 4.757 4.921 4.949 5.019 5.095 4.847 4.609 4.631 4.772 4.956 4.861 4.848 4.838 4.956 4.966 4.742 4.753 4.734 4.593 4.692 4.867 4.764 4.717 4.750 4.757 4.950 5.122 5.260 5.276 5.394 5.828 6.240 6.346 5.540 5.507 5.826 6.112 6.235 5.871 5.923 6.302 6.348 6.092 6.216 6.311 6.597 6.746 6.776 6.739 6.732 6.854 6.940 6.862 7.377 7.920 8.259 8.277 8.106 7.070 6.805 6.578 6.530
4.678 4.724 4.748 4.772 4.952 4.919 5.005 5.067 4.798 4.822 4.736 4.679 4.793 4.826 4.749 4.721 4.669 4.630 4.657 4.368 4.407 4.447 4.687 4.897 4.821 4.853 4.851 4.682 4.845 4.964 5.098 5.229 5.422 5.800 6.172 6.505 5.756 5.639 6.075 6.301 6.217 5.933 5.943 6.237 6.564 6.282 6.136 6.226 6.456 6.472 6.552 6.565 6.643 6.596 6.755 7.028 7.269 8.104 8.251 8.276 8.229 7.592 7.089 6.925 6.786
4.826 4.851 4.717 4.615 4.771 4.706 4.988 5.132 4.953 4.839 4.891 4.799 4.576 4.570 4.676 4.733 4.588 4.473 4.417 4.517 4.652 4.762 4.787 4.715 4.559 4.624 4.958 4.897 4.825 4.906 5.056 5.307 5.410 5.708 6.147 6.416 6.114 5.961 6.232 6.457 6.377 6.036 6.062 6.250 6.392 6.513 6.476 6.252 6.183 6.304 6.415 6.386 6.431 6.437 6.667 7.016 7.785 8.266 8.257 8.294 8.212 7.864 7.427 7.278 6.979
4.936 4.915 4.748 4.638 4.681 4.797 4.933 5.238 5.069 4.913 5.107 4.808 4.585 4.462 4.676 4.832 4.749 4.590 4.392 4.492 4.518 4.686 4.486 4.474 4.509 4.633 4.976 5.156 5.025 5.011 5.061 5.277 5.422 5.566 5.886 6.210 6.482 6.400 6.395 6.542 6.293 6.045 6.093 6.365 6.377 6.507 6.624 6.349 6.089 6.166 6.220 6.270 6.283 6.342 6.653 7.152 8.094 8.261 8.273 8.285 7.968 7.492 7.360 7.241 7.189
4.832 4.791 4.781 4.762 4.815 4.946 5.019 5.106 5.192 5.188 4.847 4.866 4.591 4.434 4.682 4.808 4.842 4.582 4.375 4.279 4.458 4.603 4.437 4.339 4.500 4.671 4.907 5.133 5.427 5.224 5.268 5.208 5.170 5.477 5.753 6.078 6.408 6.606 6.675 6.540 6.280 6.145 6.136 6.270 6.603 6.623 6.718 6.419 6.053 6.113 6.298 6.484 6.699 6.672 6.810 7.721 8.156 8.261 8.361 8.276 7.604 7.180 6.956 6.863 6.990
5.021 4.968 4.914 4.906 4.919 4.937 4.786 4.838 5.086 5.266 4.990 4.836 4.609 4.464 4.593 4.762 4.869 4.573 4.491 4.493 4.301 4.347 4.433 4.393 4.481 4.643 4.961 5.178 5.388 5.453 5.529 5.421 5.178 5.458 5.694 6.016 6.306 6.419 6.745 6.765 6.347 6.495 6.477 6.188 6.399 6.567 6.681 6.365 6.222 6.375 6.399 6.650 6.915 7.062 7.030 8.052 8.269 8.358 8.334 8.210 7.401 6.962 6.714 6.601 6.661
5.216 5.109 5.063 5.002 4.981 4.894 4.723 4.684 5.017 5.392 5.018 4.853 4.698 4.518 4.577 4.671 4.991 4.624 4.643 4.760 4.376 4.417 4.603 4.615 4.581 4.731 4.991 5.221 5.490 5.544 5.607 5.557 5.346 5.488 5.835 6.118 6.318 6.445 6.774 6.808 6.580 6.735 6.692 6.372 6.308 6.608 6.652 6.663 6.661 6.789 6.555 6.919 7.328 7.577 7.315 8.152 8.309 8.353 8.280 8.016 7.376 6.812 6.405 6.381 6.591
5.359 5.234 5.188 5.139 5.098 5.058 4.889 4.735 4.896 5.452 5.273 4.837 4.636 4.514 4.556 4.669 4.948 4.798 4.856 4.618 4.446 4.434 4.747 4.822 4.764 4.845 5.113 5.354 5.578 5.651 5.880 5.875 5.627 5.783 6.060 6.194 6.266 6.410 6.465 6.852 6.908 6.564 6.474 6.235 6.272 6.636 7.229 6.959 7.403 7.310 7.117 7.143 7.658 7.889 7.749 8.331 8.309 8.302 8.139 7.737 7.709 7.277 6.787 6.341 6.553
5.456 5.322 5.225 5.269 5.190 5.297 5.023 4.912 4.976 5.426 5.597 5.039 4.800 4.630 4.577 4.637 4.855 5.230 5.120 4.658 4.601 4.555 4.716 4.917 5.024 5.130 5.267 5.528 5.826 5.980 6.061 6.215 5.960 5.995 6.177 6.347 6.337 6.363 6.521 6.747 7.183 6.749 6.678 6.344 6.357 6.724 7.438 7.511 7.563 7.663 7.651 7.646 7.779 8.222 8.020 7.899 7.776 7.702 7.590 7.450 7.154 6.678 6.620 6.301 6.575
5.526 5.472 5.446 5.457 5.337 5.269 5.130 5.158 5.252 5.575 5.639 5.093 4.863 4.771 4.663 4.696 4.777 5.259 5.470 5.060 4.854 4.743 4.818 5.100 5.540 5.470 5.630 5.661 5.760 6.042 6.113 6.301 6.227 6.062 6.201 6.376 6.581 6.665 6.631 6.570 7.049 6.734 6.464 6.236 6.431 6.937 7.507 7.883 7.768 8.078 8.178 8.106 8.279 8.074 7.894 7.663 7.446 7.418 7.389 7.083 6.859 6.463 6.435 6.415 6.308
5.646 5.650 5.667 5.469 5.629 5.364 5.291 5.353 5.445 5.730 5.435 5.183 5.049 4.953 4.837 4.892 5.059 5.467 5.595 5.341 5.184 5.066 5.063 5.276 5.661 5.929 6.005 6.023 5.916 6.167 6.352 6.342 6.307 6.100 6.134 6.372 6.448 6.478 6.384 6.493 7.198 7.122 6.417 6.114 6.459 7.069 7.588 7.866 8.212 8.325 7.971 7.752 7.691 7.531 7.085 6.826 7.308 7.199 6.987 6.714 6.725 6.281 6.057 5.980 6.338
5.643 5.696 5.610 5.524 5.805 5.517 5.456 5.565 5.623 5.772 5.491 5.408 5.315 5.239 5.137 5.260 5.289 5.582 5.828 5.764 5.675 5.453 5.411 5.566 5.908 6.159 6.265 6.202 6.082 6.215 6.120 6.289 6.408 6.416 6.193 6.205 6.272 6.296 6.433 6.915 7.478 7.269 6.501 6.349 6.552 7.220 7.586 8.153 8.314 8.174 7.708 7.401 7.502 7.209 6.888 6.747 6.742 6.596 6.616 6.411 6.463 6.385 6.208 5.971 6.291
5.594 5.659 5.628 5.620 5.819 5.631 5.447 5.677 5.969 5.777 5.700 5.713 5.617 5.439 5.450 5.726 5.622 5.623 5.827 6.032 6.033 5.772 5.770 5.714 6.071 6.276 6.370 6.363 6.150 6.047 6.140 6.234 6.392 6.297 6.115 6.064 6.144 6.327 6.563 6.947 7.380 7.388 7.236 6.698 6.798 7.321 7.744 8.258 8.306 7.986 7.537 7.220 7.137 7.164 7.126 6.605 6.482 6.758 6.279 6.224 6.222 6.123 6.027 5.919 6.241
5.605 5.643 5.624 5.706 5.801 5.772 5.532 5.924 6.127 6.089 5.803 5.668 5.633 5.564 5.738 5.951 5.966 6.051 6.118 6.107 6.317 6.053 6.120 5.898 6.185 6.418 6.475 6.472 6.283 6.093 6.345 6.402 6.447 6.356 6.355 6.033 6.103 6.312 6.443 6.688 7.311 7.458 7.503 7.362 7.342 7.450 7.895 8.276 8.308 7.941 7.692 7.179 6.870 6.904 6.747 6.706 6.139 6.079 6.145 6.073 5.935 5.816 5.784 6.037 6.331
5.593 5.740 5.740 5.765 5.716 5.650 5.651 5.807 6.087 6.085 5.854 5.789 5.797 5.805 6.038 6.122 6.245 6.286 6.379 6.425 6.441 6.347 6.359 6.107 6.236 6.499 6.589 6.506 6.426 6.159 6.116 6.295 6.522 6.411 6.428 6.090 6.083 6.342 6.334 6.561 7.166 7.433 7.722 7.679 7.563 7.774 8.127 8.371 8.207 7.612 7.443 7.321 6.820 6.576 6.456 6.705 6.174 5.745 5.766 5.803 5.604 5.535 5.796 5.922 5.967
5.581 5.733 5.804 5.820 5.788 5.783 5.808 6.001 6.175 6.196 6.044 6.038 6.082 6.023 6.167 6.276 6.375 6.457 6.532 6.550 6.486 6.544 6.475 6.291 6.263 6.381 6.591 6.555 6.428 6.180 6.036 6.257 6.491 6.358 6.179 6.011 6.027 6.231 6.186 6.482 6.815 7.068 7.486 7.830 7.992 8.020 8.262 8.379 7.853 7.758 7.424 6.994 6.510 6.238 5.899 5.983 5.967 5.775 5.756 5.604 5.479 5.406 5.637 5.659 5.818
