tests/3D/PSQL_test/NetPrec/NetPrecN0001.asc
ncols         295
nrows         180
xllcorner     627200.000000
yllcorner     5109000.000000
cellsize      200.000000
NODATA_value  -9999.0
[rows 112 to 139 of 180, columns 124 to 185 of 295]
0.000000 0.000000 0.000000 0.000000 0.000000 0.000000 0.000000 0.000000 0.000000 0.000000 0.000000 0.000000 0.000000 0.000000 0.030453 0.144157 0.690600 6.739949 11.653996 13.609896 15.328729 16.705373 17.122626 17.545489 19.383413 20.716196 20.611057 25.179293 23.323282 24.438622 24.354714 25.314390 25.450440 25.287619 24.612652 14.454987 4.452943 0.437699 0.035173 0.000000 0.000000 0.000000 0.000000 0.000000 0.000000 0.000000 0.000000 0.000000 0.000000 0.000000 0.000000 0.000000 0.000000 0.000000 0.000000 0.000000 0.000000 0.000000 0.000000 0.000000 0.000000 0.000000
0.000000 0.000000 0.000000 0.000000 0.000000 0.000000 0.000000 0.000000 0.000000 0.000000 0.000000 0.000000 0.000000 0.000000 0.164838 1.153271 5.598404 8.841332 11.634768 13.528493 15.312523 16.488593 17.105159 18.136503 20.525944 21.105472 21.566390 25.041996 25.738789 25.906077 25.791105 25.241395 21.619578 22.077471 25.124945 15.172785 0.603141 6.327817 2.791741 0.000000 0.000000 0.000000 0.000000 0.000000 0.023638 0.000000 0.159876 0.000000 0.000000 0.000000 0.000000 0.000000 0.000000 0.000000 0.000000 0.000000 0.000000 0.000000 0.000000 0.000000 0.000000 0.000000
0.000000 0.000000 0.000000 0.000000 0.000000 0.000000 0.000000 0.000000 0.000000 0.000000 0.000000 0.000000 0.000000 0.000000 0.000000 0.084220 0.435855 5.451130 10.473260 14.381517 15.828199 16.807725 17.616876 18.593452 22.541124 25.068298 25.535884 26.085554 25.500017 24.975427 25.036838 23.212450 19.842949 18.862513 24.759723 20.743375 11.617340 14.126795 8.311242 2.835935 1.040062 0.203143 0.001958 0.581697 2.615416 0.385586 0.213585 0.019138 0.000000 0.031128 0.000000 0.000000 0.000000 0.000000 0.000000 0.000000 0.000000 0.000000 0.000000 0.000000 0.000000 0.000000
0.000000 0.000000 0.000000 0.000000 0.000000 0.000000 0.000000 0.000000 0.000000 0.000000 0.000000 0.000000 0.000000 0.000000 0.000000 0.000000 0.328432 4.929216 10.143144 12.628334 14.540607 15.935033 17.328486 21.742856 25.020269 25.763551 26.310084 24.888471 22.964751 20.326069 22.565838 22.533628 17.808572 16.659576 13.944965 23.750866 25.165243 24.444558 20.066305 13.666297 11.856062 3.761006 5.369565 9.281555 10.667874 9.443201 3.378725 0.165189 0.074514 0.360923 0.000000 0.000000 0.000000 0.000000 0.000000 0.000000 0.000000 0.000000 0.000000 0.000000 0.000000 0.000000
0.000000 0.000000 0.000000 0.000000 0.000000 0.000000 0.000000 0.000000 0.000000 0.000000 0.000000 0.000000 0.000000 0.000000 0.000000 0.000000 0.245369 5.207821 6.814832 9.744071 13.498000 15.164583 19.132315 22.609424 23.642685 26.046935 26.005004 23.354024 20.009507 19.115385 19.666175 19.123059 14.486487 10.526330 6.920236 10.931752 13.313460 19.911642 24.877613 24.249313 21.275394 20.415293 16.974716 17.659591 17.710021 17.490929 16.013270 11.573910 5.281570 0.112347 0.000000 0.000000 0.000000 0.000000 0.000000 0.000000 0.000000 0.000000 0.000000 0.000000 0.000000 0.000000
0.000000 0.000000 0.000000 0.000000 0.000000 0.000000 0.000000 0.000000 0.000000 0.000000 0.000000 0.000000 0.000000 0.000000 0.000000 0.000000 0.261794 2.278601 5.148606 7.790772 12.082697 18.677390 17.591901 24.635602 25.352095 26.392572 25.042423 20.894207 18.077083 18.910933 16.319865 14.981911 12.209077 5.870228 1.086766 3.383890 9.249840 16.201606 20.285501 24.565419 24.702586 24.603340 24.383231 23.509602 22.728419 21.605572 21.047275 19.655405 13.155369 0.350823 0.000000 0.000000 0.000000 0.000000 0.000000 0.000000 0.000000 0.000000 0.000000 0.000000 0.000000 0.000000
0.000000 0.000000 0.000000 0.000000 0.000000 0.000000 0.000000 0.000000 0.000000 0.000000 0.000000 0.000000 0.000000 0.000000 0.000000 0.000000 0.000000 0.117072 1.936334 6.410467 12.288713 12.744009 17.562613 23.743464 26.329964 25.787591 22.788050 19.356188 16.600346 16.192058 13.514565 11.872861 8.079301 0.581051 0.112025 0.081220 2.386107 11.708788 19.081406 20.436589 23.750796 24.368638 24.555982 23.947500 23.127728 22.495759 21.783095 21.115751 18.816748 10.438143 0.346901 0.000000 0.000000 0.000000 0.000000 0.000000 0.000000 0.000000 0.000000 0.000000 0.116678 0.000000
0.000000 0.000000 0.000000 0.000000 0.000000 0.000000 0.000000 0.000000 0.000000 0.000000 0.000000 0.000000 0.000000 0.000000 0.000000 0.000000 0.000000 0.056432 0.462202 8.775788 5.758507 11.243187 16.275823 20.637030 26.287531 24.935420 18.830016 17.416409 15.088102 15.248497 11.543660 9.605505 4.411239 0.267647 0.000000 0.000000 0.220044 4.326387 17.394446 17.220685 18.645517 19.971259 24.055342 23.893216 23.089557 22.072718 21.511519 21.246772 20.514764 18.537502 11.549937 0.103141 0.000000 0.000000 0.000000 0.124975 0.000000 0.000000 0.000000 0.000000 0.000000 0.559644
0.000000 0.000000 0.000000 0.000000 0.000000 0.000000 0.000000 0.000000 0.000000 0.000000 0.000000 0.000000 0.000000 0.000000 0.000000 0.000000 0.000000 0.042820 4.167270 0.490762 0.988385 6.561281 13.153718 20.102864 25.460341 25.806443 19.052997 16.507002 13.419147 14.320223 10.990244 7.819493 1.114745 0.191368 0.000000 0.000000 0.101826 1.194083 12.992313 13.972214 14.479653 16.420078 17.421507 23.576042 23.349248 22.480955 21.756106 21.049885 20.747456 20.108825 17.182536 3.921297 0.112576 0.000000 0.000000 0.476238 0.000000 0.256704 0.790117 0.254504 0.177401 0.650947
0.000000 0.000000 0.000000 0.000000 0.000000 0.000000 0.000000 0.000000 0.000000 0.000000 0.000000 0.000000 0.000000 0.000000 0.000000 0.000000 0.000000 0.319896 0.060037 0.001094 0.109666 1.079876 9.308730 14.356527 20.974760 22.673420 23.480135 18.223388 14.498084 12.759790 10.226237 6.537284 0.485185 0.112498 0.000000 0.000000 0.062854 0.502501 9.202852 11.047321 11.178931 10.799132 9.369660 20.730601 23.958841 23.004813 21.863896 21.309648 20.575857 20.449408 19.506635 15.876154 6.203520 0.589732 0.071596 0.121146 2.192172 6.911845 5.883013 2.701275 3.151517 7.089020
0.000000 0.000000 0.000000 0.000000 0.000000 0.000000 0.000000 0.000000 0.000000 0.000000 0.000000 0.000000 0.000000 0.000000 0.000000 0.000000 0.000000 0.000000 0.000000 0.000000 0.049769 0.370245 4.004398 12.366113 18.023694 23.821847 21.455314 17.658340 14.387338 11.281172 9.871156 6.035797 0.426737 0.026870 0.000000 0.000000 0.000000 0.362065 5.798803 8.157125 8.260093 8.147366 5.953395 13.009761 22.834218 23.227414 22.201685 21.514756 20.951556 20.428067 20.076593 19.492922 17.790034 14.820280 10.639452 9.952712 11.116735 14.257896 13.709004 14.182553 13.365066 14.233344
0.000000 0.000000 0.000000 0.000000 0.000000 0.000000 0.000000 0.000000 0.000000 0.000000 0.000000 0.000000 0.000000 0.000000 0.000000 0.000000 0.000000 0.000000 0.000000 0.000000 0.000000 0.238210 2.794508 9.353695 17.152245 23.601568 18.247077 16.749841 13.579322 10.830918 8.973891 4.466799 0.364985 0.000000 0.000000 0.000000 0.000000 0.203164 1.566221 4.643376 5.826432 6.202678 3.397085 7.527705 21.240620 23.553460 22.853354 21.779482 21.175274 20.622894 20.111654 19.706630 19.044806 18.492865 17.874731 17.136401 15.849536 16.281364 16.198978 14.340060 15.302153 14.749279
0.000000 0.000000 0.000000 0.000000 0.000000 0.000000 0.000000 0.000000 0.000000 0.000000 0.000000 0.000000 0.000000 0.000000 0.000000 0.000000 0.000000 0.000000 0.000000 0.000000 0.000000 0.355159 4.052553 8.040538 15.398679 21.846152 19.333147 16.002877 12.709538 9.993052 6.819972 1.887186 0.118936 0.000000 0.000000 0.000000 0.000000 0.000000 0.345318 0.609751 2.120129 1.867975 0.684926 5.084332 18.554865 24.102353 23.167225 22.148163 21.471991 20.925998 20.357037 19.824843 19.373851 18.785521 18.270994 17.739255 17.312256 16.845748 16.319238 15.664047 15.420272 15.069467
0.000000 0.000000 0.000000 0.000000 0.000000 0.000000 0.000000 0.000000 0.000000 0.000000 0.000000 0.000000 0.000000 0.000000 0.000000 0.000000 0.000000 0.000000 0.000000 0.000000 0.158329 2.489942 5.302744 10.420455 14.771598 21.426038 18.963226 14.880995 12.135989 8.725347 4.089886 0.463111 0.051465 0.000000 0.000000 0.000000 0.000000 0.000000 0.000000 0.196006 0.480995 0.521404 0.328861 2.204713 15.843345 24.009363 23.277723 22.712322 21.696507 21.175984 20.645126 20.022230 19.444045 19.068659 18.557923 18.062361 17.617859 17.150661 16.631148 16.187077 15.816248 15.338287
0.000000 0.000000 0.000000 0.000000 0.000000 0.000000 0.000000 0.000000 0.000000 0.000000 0.000000 0.000000 0.000000 0.000000 0.000000 0.000000 0.000000 0.000000 0.000000 0.000000 0.447092 3.953679 8.035980 11.318304 16.601165 19.880220 16.027989 14.162086 11.000664 5.557529 2.119108 0.334943 0.000000 0.000000 0.000000 0.000000 0.000000 0.000000 0.000000 0.013002 0.104936 0.192418 0.157333 0.639314 12.548615 22.316952 23.833534 22.923495 21.930069 21.432409 20.843514 20.292358 19.716260 19.285541 18.790431 18.296926 17.955220 17.400655 16.888420 16.454632 16.092875 15.684621
0.000000 0.000000 0.000000 0.000000 0.000000 0.000000 0.000000 0.000000 0.000000 0.000000 0.000000 0.000000 0.000000 0.000000 0.000000 0.000000 0.000000 0.000000 0.000000 0.116095 0.700122 5.327337 10.245311 15.534335 19.985166 16.880342 14.208869 10.235101 7.122721 3.441217 0.533851 0.088948 0.000000 0.000000 0.000000 0.000000 0.000000 0.000000 0.000000 0.000000 0.000000 0.000000 0.020209 0.172534 5.085623 17.554903 23.211513 23.063091 22.721687 21.680699 21.181309 20.671938 20.071415 19.576412 19.033616 18.480804 18.143822 17.727629 17.287790 16.796411 16.319430 15.979271
0.000000 0.000000 0.000000 0.000000 0.000000 0.000000 0.000000 0.000000 0.000000 0.000000 0.000000 0.000000 0.000000 0.000000 0.000000 0.000000 0.000000 0.000000 0.051729 0.409876 3.262543 7.879313 11.204639 16.098555 17.729959 17.414913 12.011627 7.371392 3.373734 0.825846 0.122577 0.000000 0.000000 0.000000 0.000000 0.000000 0.000000 0.000000 0.000000 0.000000 0.000000 0.000000 0.023016 0.190869 1.745983 12.200073 18.313381 20.875806 23.056847 22.206719 21.461651 20.895091 20.301795 19.814389 19.277740 18.741004 18.342885 18.028476 17.633125 17.149127 16.680001 16.290295
0.000000 0.000000 0.000000 0.000000 0.000000 0.000000 0.000000 0.000000 0.000000 0.000000 0.000000 0.000000 0.000000 0.000000 0.000000 0.000000 0.000000 0.000000 0.112788 0.919509 5.572974 10.779934 12.310059 12.951771 16.105076 16.805543 10.102545 6.601225 1.411841 0.256414 0.000000 0.000000 0.000000 0.000000 0.000000 0.000000 0.000000 0.000000 0.000000 0.000000 0.000000 0.000000 0.075550 0.337466 2.471079 5.633729 12.573165 20.233945 23.098532 22.818491 21.782391 21.190769 20.639826 20.129025 19.597495 19.142018 18.622401 18.247443 17.820553 17.446373 16.985298 16.604243
0.000000 0.000000 0.000000 0.000000 0.000000 0.000000 0.000000 0.000000 0.000000 0.000000 0.000000 0.000000 0.000000 0.000000 0.000000 0.000000 0.000000 0.000000 0.299291 1.822237 6.455559 11.350659 11.587482 11.752893 16.259954 14.320055 7.403201 3.706533 0.403423 0.034301 0.000000 0.000000 0.000000 0.000000 0.000000 0.000000 0.000000 0.000000 0.000000 0.000000 0.000000 0.000000 0.050054 0.292854 2.223995 0.833408 5.317458 17.175947 23.714799 23.095017 22.631997 21.542214 20.951164 20.481822 19.924152 19.476316 18.975916 18.540717 18.052857 17.552990 17.296646 16.926430
0.000000 0.000000 0.000000 0.000000 0.000000 0.000000 0.000000 0.000000 0.000000 0.000000 0.000000 0.000000 0.000000 0.000000 0.000000 0.000000 0.000000 0.000000 0.361269 3.418444 6.823910 10.358236 10.803438 14.564631 17.334450 12.196591 6.899129 1.201808 0.085032 0.000000 0.000000 0.000000 0.000000 0.000000 0.000000 0.000000 0.000000 0.000000 0.000000 0.000000 0.000000 0.000000 0.000000 0.136003 0.647106 0.136096 4.668083 12.212581 20.351150 23.296967 22.876369 22.004601 21.332881 20.807812 20.290995 19.749575 19.324654 18.909099 18.360168 17.830282 17.617523 17.255791
0.000000 0.000000 0.000000 0.000000 0.000000 0.000000 0.000000 0.000000 0.000000 0.000000 0.000000 0.000000 0.000000 0.000000 0.000000 0.000000 0.000000 0.102938 1.609706 6.293068 7.888211 12.050043 16.032653 14.120962 15.841609 10.918986 6.424268 0.501713 0.106624 0.000000 0.000000 0.000000 0.000000 0.000000 0.000000 0.000000 0.000000 0.000000 0.000000 0.000000 0.000000 0.000000 0.000000 0.119392 0.432199 0.027456 0.150064 0.602075 11.271365 14.420624 22.414409 22.695602 21.687742 21.138293 20.630748 20.100147 19.676822 19.271995 18.744806 18.281955 18.043709 17.525736
0.000000 0.000000 0.000000 0.000000 0.000000 0.000000 0.000000 0.000000 0.000000 0.000000 0.000000 0.000000 0.000000 0.000000 0.000000 0.000000 0.000000 0.454526 4.834539 9.934302 14.520095 10.673933 11.718854 13.002530 14.129171 10.023040 5.220767 0.580240 0.096994 0.000000 0.000000 0.000000 0.000000 0.000000 0.000000 0.000000 0.000000 0.000000 0.000000 0.000000 0.000000 0.000000 0.000000 0.049574 0.112268 0.000000 0.000000 0.100217 0.705817 9.517464 22.557844 23.040658 22.571644 21.521405 21.037057 20.551162 20.040477 19.636805 19.125685 18.751193 18.312451 17.960753
0.000000 0.000000 0.000000 0.000000 0.000000 0.000000 0.000000 0.000000 0.000000 0.000000 0.000000 0.000000 0.000000 0.000000 0.000000 0.000000 0.078609 0.457251 7.966181 12.508064 6.625890 7.331891 9.418097 10.326862 12.931974 6.850483 3.956778 1.871443 0.083061 0.000000 0.000000 0.000000 0.000000 0.000000 0.000000 0.000000 0.000000 0.000000 0.000000 0.000000 0.000000 0.000000 0.000000 0.013826 0.076764 0.000000 0.000000 0.172896 0.585029 14.619929 23.467999 23.544469 22.732374 22.473872 21.435233 20.907634 20.438279 20.013149 19.566274 19.139763 18.723805 18.308485
0.000000 0.000000 0.000000 0.000000 0.000000 0.000000 0.000000 0.000000 0.000000 0.000000 0.000000 0.000000 0.000000 0.000000 0.000000 0.076336 0.377097 2.722544 12.154471 8.584537 3.278570 4.832559 8.044294 9.987449 11.121323 5.965085 2.632515 0.567274 0.062606 0.000000 0.000000 0.000000 0.000000 0.000000 0.000000 0.000000 0.000000 0.000000 0.000000 0.000000 0.000000 0.000000 0.000000 0.021600 0.096713 0.000000 0.000000 0.051236 4.775819 19.857664 23.406893 23.717627 23.189167 22.898834 22.048976 21.265873 20.806287 20.422043 19.885212 19.531024 19.059494 18.593455
0.000000 0.000000 0.000000 0.000000 0.000000 0.000000 0.000000 0.000000 0.000000 0.000000 0.000000 0.120745 0.377851 0.610242 2.718608 4.669236 6.161543 9.508064 7.263544 1.355990 2.041462 4.683483 7.203430 10.774493 10.801286 4.050039 0.595519 0.287535 0.089318 0.000000 0.000000 0.000000 0.000000 0.000000 0.000000 0.000000 0.000000 0.000000 0.000000 0.000000 0.000000 0.000000 0.000000 0.000000 0.044766 0.000000 0.000000 0.337935 13.771780 23.085041 24.208946 23.410045 24.062559 23.271510 22.606109 21.834408 21.175076 20.800219 20.368943 19.918650 19.521521 18.944759
0.000000 0.000000 0.000000 0.000000 0.000000 0.000000 0.000000 0.000000 0.000000 0.000000 0.028063 0.445369 3.015471 4.188791 5.213871 6.755494 4.209447 3.557041 3.052767 0.378220 2.395914 4.447074 6.428707 9.381695 4.792305 6.185350 0.338417 0.292797 0.188102 0.000000 0.000000 0.000000 0.000000 0.000000 0.000000 0.000000 0.000000 0.000000 0.000000 0.000000 0.000000 0.000000 0.000000 0.000000 0.062779 0.000000 0.001065 6.076844 19.469590 24.208193 24.233150 24.147087 23.343282 23.619029 23.222460 22.571693 21.753802 21.227427 20.823888 20.416642 20.087510 19.547816
0.000000 0.000000 0.000000 0.000000 0.000000 0.000000 0.000000 0.000000 0.000000 0.079563 0.418551 0.234941 0.572123 3.268767 4.865158 0.483869 0.256834 0.197663 0.292031 0.407888 1.543036 3.320656 6.790323 6.845027 2.527273 5.178373 0.406549 0.327196 0.177628 0.010289 0.000000 0.000000 0.000000 0.000000 0.000000 0.000000 0.000000 0.000000 0.000000 0.000000 0.000000 0.000000 0.000000 0.000000 0.065795 0.010781 0.182547 7.733203 21.554358 24.324380 24.245999 24.174373 24.104456 23.286112 23.951283 23.136996 22.502857 21.701351 21.258685 20.746995 20.295797 19.919988
0.000000 0.000000 0.000000 0.000000 0.000000 0.000000 0.000000 0.000000 0.018505 0.132600 0.226115 0.211860 0.067646 0.099484 0.104804 0.101974 0.043663 0.025229 0.102013 0.393702 1.888482 4.026165 8.737984 2.157696 0.951543 1.113578 1.255501 0.533925 0.195205 0.086120 0.000000 0.000000 0.000000 0.000000 0.000000 0.000000 0.000000 0.000000 0.000000 0.000000 0.000000 0.000000 0.000000 0.000000 0.041780 0.181284 0.867021 10.449656 22.500514 24.357310 24.278233 24.208284 24.143017 24.073912 23.915671 23.605404 22.869723 22.518526 21.499770 21.075674 20.633081 20.267848
