tests/3D/Muntatschini_ref_005/output-maps-SE27XX/HN0002.asc
ncols         108
nrows         156
xllcorner     619971.250000
yllcorner     5169711.250000
cellsize      20.000000
NODATA_value  -9999.0
[rows 58 to 86 of 156, columns 0 to 63 of 108]
-9999.0 -9999.0 -9999.0 -9999.0 -9999.0 -9999.0 -9999.0 -9999.0 -9999.0 -9999.0 -9999.0 -9999.0 -9999.0 -9999.0 -9999.0 -9999.0 -9999.0 -9999.0 -9999.0 -9999.0 -9999.0 -9999.0 -9999.0 -9999.0 -9999.0 -9999.0 -9999.0 -9999.0 -9999.0 -9999.0 -9999.0 -9999.0 -9999.0 -9999.0 -9999.0 -9999.0 0.836490 0.863597 1.644033 1.705832 1.740424 1.803342 1.852007 1.134074 1.197836 1.213183 1.212739 1.203908 1.176593 1.153724 1.142058 1.135442 1.134706 1.137388 1.133049 1.141430 1.147081 0.982109 0.985586 0.984711 0.981419 0.977218 0.976811 0.981232
-9999.0 -9999.0 -9999.0 -9999.0 -9999.0 -9999.0 -9999.0 -9999.0 -9999.0 -9999.0 -9999.0 -9999.0 -9999.0 -9999.0 -9999.0 -9999.0 -9999.0 -9999.0 -9999.0 -9999.0 -9999.0 -9999.0 -9999.0 -9999.0 -9999.0 -9999.0 -9999.0 -9999.0 -9999.0 -9999.0 -9999.0 -9999.0 -9999.0 -9999.0 -9999.0 0.851870 0.916454 1.695437 1.696730 1.722152 1.745003 1.800483 1.867894 1.946996 1.186147 1.198570 1.200927 1.194576 1.172234 1.160581 1.150026 1.145386 1.140268 1.134202 1.132448 1.133737 1.143684 1.151474 0.983061 0.980116 0.978540 0.973378 0.972513 0.975183
-9999.0 -9999.0 -9999.0 -9999.0 -9999.0 -9999.0 -9999.0 -9999.0 -9999.0 -9999.0 -9999.0 -9999.0 -9999.0 -9999.0 -9999.0 -9999.0 -9999.0 -9999.0 -9999.0 -9999.0 -9999.0 -9999.0 -9999.0 -9999.0 -9999.0 -9999.0 -9999.0 -9999.0 -9999.0 -9999.0 -9999.0 -9999.0 1.524754 0.834492 0.865914 0.974504 0.962116 1.738650 1.727760 1.740072 1.778034 1.820112 1.900564 1.939559 1.972206 1.195810 1.198758 1.183395 1.173490 1.164909 1.155773 1.150347 1.143972 1.137282 1.134800 1.135226 1.139791 1.141612 1.147850 0.980203 0.976103 0.972073 0.969055 0.969534
-9999.0 -9999.0 -9999.0 -9999.0 -9999.0 -9999.0 -9999.0 -9999.0 -9999.0 -9999.0 -9999.0 -9999.0 -9999.0 -9999.0 -9999.0 -9999.0 -9999.0 -9999.0 -9999.0 -9999.0 -9999.0 -9999.0 -9999.0 -9999.0 -9999.0 -9999.0 -9999.0 -9999.0 -9999.0 -9999.0 1.531909 1.519888 1.537078 0.874500 0.940367 0.986341 1.744189 1.752634 1.750955 1.763956 1.797098 1.871846 1.911190 1.939387 1.971238 1.193955 1.195575 1.188969 1.177600 1.165712 1.156399 1.151182 1.143901 1.139143 1.135987 1.133668 1.132002 1.140030 1.143570 1.148120 0.974378 0.969701 0.967503 0.967903
-9999.0 -9999.0 -9999.0 -9999.0 -9999.0 -9999.0 -9999.0 -9999.0 -9999.0 -9999.0 -9999.0 -9999.0 -9999.0 -9999.0 -9999.0 -9999.0 -9999.0 -9999.0 -9999.0 -9999.0 -9999.0 -9999.0 -9999.0 -9999.0 -9999.0 -9999.0 -9999.0 -9999.0 -9999.0 1.506340 1.530700 1.597443 1.662264 1.685860 1.002692 1.771842 1.793225 1.787611 1.774448 1.802161 1.831445 1.871076 1.906590 1.938949 1.966785 1.984817 1.196150 1.197599 1.184720 1.175328 1.162810 1.153998 1.145306 1.138869 1.136356 1.131914 1.127735 1.130986 1.134747 1.136536 1.135262 0.967534 0.967285 0.967385
-9999.0 -9999.0 -9999.0 -9999.0 -9999.0 -9999.0 -9999.0 -9999.0 -9999.0 -9999.0 -9999.0 -9999.0 -9999.0 -9999.0 -9999.0 -9999.0 -9999.0 -9999.0 -9999.0 -9999.0 -9999.0 -9999.0 -9999.0 -9999.0 -9999.0 1.512456 1.512279 1.507456 1.499589 1.579292 1.650898 1.730543 1.750309 1.805330 1.830767 1.840066 1.829123 1.844653 1.814251 1.810134 1.823499 1.858246 1.895412 1.922474 1.946699 1.966990 1.186000 1.187558 1.184296 1.180145 1.165190 1.156906 1.147155 1.139674 1.134426 1.127471 1.122168 1.121448 1.121084 1.121316 1.127036 1.129100 0.966023 0.966417
-9999.0 -9999.0 -9999.0 -9999.0 -9999.0 -9999.0 -9999.0 -9999.0 -9999.0 -9999.0 -9999.0 -9999.0 -9999.0 -9999.0 -9999.0 -9999.0 -9999.0 -9999.0 -9999.0 -9999.0 -9999.0 -9999.0 -9999.0 1.550130 1.517835 1.519326 1.512823 1.515007 1.625021 1.691605 1.743362 1.791868 1.822802 1.854425 1.867576 1.881880 1.855789 1.871396 1.829385 1.810063 1.817333 1.846177 1.877327 1.896218 1.917059 1.939109 1.955930 1.175533 1.182480 1.182580 1.178950 1.167305 1.150442 1.136132 1.128036 1.120310 1.114608 1.109158 1.111047 1.115809 1.119715 1.125252 0.964346 0.969053
-9999.0 -9999.0 -9999.0 -9999.0 -9999.0 -9999.0 -9999.0 -9999.0 -9999.0 -9999.0 -9999.0 -9999.0 -9999.0 -9999.0 -9999.0 -9999.0 -9999.0 -9999.0 -9999.0 -9999.0 -9999.0 0.746982 0.760365 1.545802 1.595717 1.581988 1.582284 1.643639 1.717131 1.748831 1.801414 1.836937 1.853332 1.877912 1.890134 1.901773 1.928677 1.890540 1.843732 1.816177 1.813508 1.835548 1.854971 1.873313 1.894690 1.915464 1.939766 1.167850 1.180820 1.191164 1.192414 1.172094 1.145985 1.131239 1.120839 1.116031 1.109552 1.105278 1.107187 1.110220 1.111755 1.117994 1.125912 0.968844
-9999.0 -9999.0 -9999.0 -9999.0 -9999.0 -9999.0 -9999.0 -9999.0 -9999.0 -9999.0 -9999.0 -9999.0 -9999.0 -9999.0 -9999.0 -9999.0 -9999.0 -9999.0 -9999.0 -9999.0 0.773738 0.790141 0.825235 0.847371 1.745947 1.726956 1.753658 1.777791 1.803812 1.824990 1.841688 1.852029 1.858068 1.922031 1.940839 1.957271 1.949959 1.919774 1.866851 1.829912 1.821256 1.822470 1.834888 1.853235 1.874466 1.899256 1.927414 1.953790 1.179476 1.186986 1.184699 1.162475 1.140404 1.130620 1.123440 1.113775 1.106832 1.102199 1.101204 1.100681 1.105270 1.113402 1.121153 1.131450
-9999.0 -9999.0 -9999.0 -9999.0 -9999.0 -9999.0 -9999.0 -9999.0 -9999.0 -9999.0 -9999.0 -9999.0 -9999.0 -9999.0 -9999.0 -9999.0 -9999.0 -9999.0 0.792185 0.814272 0.860267 0.894934 0.927991 0.918231 0.921660 1.838406 1.841720 1.844693 1.848296 1.845492 1.848326 1.891580 1.905984 1.926668 1.942476 1.954510 1.950416 1.936291 1.904535 1.865548 1.830181 1.817775 1.819730 1.835097 1.863193 1.890177 1.919594 1.949253 1.173651 1.181605 1.174469 1.153138 1.139916 1.130297 1.123378 1.114929 1.106238 1.097664 1.095262 1.095655 1.099468 1.102446 1.112949 1.127112
-9999.0 -9999.0 -9999.0 -9999.0 -9999.0 -9999.0 -9999.0 -9999.0 -9999.0 -9999.0 -9999.0 -9999.0 -9999.0 -9999.0 -9999.0 -9999.0 0.798142 0.843696 0.850708 0.943773 0.960490 0.947528 0.949556 0.950577 0.959091 0.959400 0.953091 0.944095 0.931684 1.852501 1.889213 1.890019 1.899299 1.917266 1.920577 1.932653 1.945832 1.957049 1.942365 1.906317 1.849029 1.813932 1.813423 1.823723 1.850357 1.886318 1.914030 1.946421 1.174161 1.176458 1.165955 1.152051 1.140220 1.132074 1.124727 1.117861 1.108948 1.101305 1.096643 1.092618 1.090914 1.095100 1.104873 1.122014
-9999.0 -9999.0 -9999.0 -9999.0 -9999.0 -9999.0 -9999.0 -9999.0 -9999.0 -9999.0 -9999.0 -9999.0 -9999.0 -9999.0 -9999.0 0.785391 0.850751 0.918159 0.968444 1.002760 0.975296 0.949987 0.924012 0.941564 0.957077 0.967758 0.990421 0.976342 0.960739 1.906368 1.892054 1.885590 1.887741 1.903861 1.910975 1.931716 1.948265 1.969109 1.966319 1.934277 1.865626 1.825583 1.813676 1.820357 1.850885 1.888908 1.924189 1.949796 1.973773 1.177179 1.166200 1.149993 1.138268 1.129303 1.123444 1.124056 1.121636 1.115434 1.101885 1.090235 1.088863 1.091362 1.099435 1.111981
-9999.0 -9999.0 -9999.0 -9999.0 -9999.0 -9999.0 -9999.0 -9999.0 -9999.0 -9999.0 -9999.0 -9999.0 -9999.0 -9999.0 -9999.0 0.873252 0.979576 1.036421 1.029862 1.008993 0.967564 0.929896 1.843750 1.853484 1.927150 1.950081 0.985851 0.979713 1.937751 1.917919 1.898530 1.885340 1.889392 1.901694 1.920218 1.934385 1.955272 1.972918 1.976745 1.960003 1.927681 1.861522 1.832746 1.840642 1.869371 1.915121 1.962462 1.969859 1.982727 1.181913 1.170346 1.152288 1.142362 1.128888 1.127038 1.136083 1.144026 1.137303 1.119734 1.099328 1.089893 1.087268 1.093080 1.102886
-9999.0 -9999.0 -9999.0 -9999.0 -9999.0 -9999.0 -9999.0 -9999.0 -9999.0 -9999.0 -9999.0 -9999.0 -9999.0 -9999.0 -9999.0 1.033722 1.073590 1.062325 1.005314 0.969556 0.939107 1.846321 1.863983 1.878784 1.902644 1.926034 1.941252 1.942372 1.938602 1.920471 1.898004 1.893605 1.894051 1.904960 1.919711 1.937416 1.954425 1.967321 1.983673 2.002937 2.006495 1.958848 1.906493 1.899168 1.918137 1.957687 2.000225 2.004616 2.006680 1.199826 1.183220 1.162777 1.143251 1.134704 1.139806 1.154992 1.165794 1.158254 1.140228 1.110921 1.090682 1.080772 1.087078 1.095793
-9999.0 -9999.0 -9999.0 -9999.0 -9999.0 -9999.0 -9999.0 -9999.0 -9999.0 -9999.0 -9999.0 -9999.0 -9999.0 -9999.0 1.007721 1.065354 1.089104 1.039352 0.970065 0.937162 1.065874 1.845997 1.827074 1.839742 1.863646 1.887218 1.902664 1.910816 1.913527 1.911686 1.907186 1.900311 1.897855 1.901487 1.909020 1.927656 1.942958 1.960905 1.985556 2.029116 2.085171 2.070981 2.022541 1.980566 1.981448 2.014124 2.042465 2.044596 1.234473 1.230633 1.210052 1.180507 1.154696 1.151104 1.161004 1.178007 1.183689 1.173267 1.155149 1.117638 1.087749 1.079645 1.080957 1.088303
-9999.0 -9999.0 -9999.0 -9999.0 -9999.0 -9999.0 -9999.0 -9999.0 -9999.0 -9999.0 -9999.0 -9999.0 -9999.0 0.946205 1.047943 1.074855 1.080527 1.021236 0.947964 1.079737 1.054133 1.046191 1.811653 1.824670 1.837711 1.852734 1.869351 1.880560 1.890658 1.900688 1.906879 1.903602 1.896250 1.893928 1.902868 1.910607 1.921742 1.935423 1.976605 2.028384 2.100707 2.133388 2.099480 2.056609 2.041833 2.051128 2.067486 1.248621 1.255599 1.253326 1.236745 1.214211 1.190808 1.186679 1.189667 1.194527 1.193342 1.182360 1.159419 1.122205 1.088627 1.075599 1.075489 1.083891
-9999.0 -9999.0 -9999.0 -9999.0 -9999.0 -9999.0 -9999.0 -9999.0 -9999.0 -9999.0 -9999.0 -9999.0 0.902436 0.998929 1.064800 1.079032 1.061316 0.999401 1.104098 1.075982 1.069673 1.067212 1.828925 1.822688 1.824914 1.838475 1.850298 1.862336 1.875951 1.886997 1.896562 1.896180 1.891339 1.889195 1.886105 1.885402 1.895707 1.912379 1.951612 2.008829 2.069655 2.117863 2.122082 2.096294 2.085610 2.077042 2.077431 2.075425 1.261100 1.264651 1.262594 1.258321 1.244736 1.235104 1.218325 1.217340 1.210980 1.195762 1.170045 1.131885 1.093091 1.074087 1.070217 1.071966
-9999.0 -9999.0 -9999.0 -9999.0 -9999.0 -9999.0 -9999.0 -9999.0 -9999.0 -9999.0 -9999.0 0.904670 1.011623 1.071820 1.092495 1.076396 1.040639 0.978911 1.108523 1.097753 1.106076 1.100454 1.850284 1.820782 1.810462 1.822403 1.835730 1.854008 1.863981 1.873781 1.885278 1.886774 1.883834 1.878010 1.870021 1.869539 1.876252 1.893023 1.925096 1.979434 2.030773 2.077541 2.098205 2.098992 2.090085 2.083767 2.074942 2.067915 2.064885 2.081844 1.276446 1.295791 1.294339 1.280524 1.259100 1.248169 1.232681 1.212324 1.188722 1.148153 1.103971 1.074104 1.064502 1.071588
-9999.0 -9999.0 -9999.0 -9999.0 -9999.0 -9999.0 -9999.0 -9999.0 -9999.0 -9999.0 0.914211 1.021281 1.083578 1.094553 1.096321 1.047775 1.010314 1.149805 1.134631 1.142754 1.159336 1.145664 1.088533 1.818189 1.810385 1.818130 1.834704 1.849443 1.858338 1.864654 1.870142 1.874467 1.875340 1.868925 1.856434 1.858184 1.862674 1.878823 1.905908 1.949744 1.995480 2.038818 2.067703 2.074821 2.070314 2.066020 2.053823 2.040961 2.045465 2.070684 2.099218 1.301643 1.323820 1.310941 1.293454 1.275250 1.251757 1.236841 1.211536 1.169610 1.115493 1.074791 1.068308 1.072049
-9999.0 -9999.0 -9999.0 -9999.0 -9999.0 -9999.0 -9999.0 -9999.0 -9999.0 0.925481 1.035456 1.086008 1.098829 1.101554 1.079618 1.036558 1.020185 1.192491 1.189874 1.195674 1.211590 1.183241 1.100246 1.816370 1.805386 1.815978 1.834389 1.844345 1.851996 1.858195 1.863283 1.873100 1.872335 1.864458 1.854474 1.849663 1.853066 1.869505 1.897387 1.931726 1.970031 2.001424 2.024504 2.042617 2.038269 2.030362 2.005612 2.000172 2.015379 2.047984 2.079288 2.119806 1.317873 1.326063 1.315982 1.295802 1.269223 1.248626 1.221957 1.175955 1.121878 1.080267 1.069174 1.078699
-9999.0 -9999.0 -9999.0 -9999.0 -9999.0 -9999.0 -9999.0 -9999.0 0.937428 1.055911 1.099569 1.107795 1.106742 1.089138 1.075347 1.067695 1.258703 1.244686 1.235477 1.235246 1.230099 1.200384 1.107151 1.812577 1.802998 1.817005 1.834694 1.844926 1.849585 1.853122 1.862568 1.870899 1.871849 1.866476 1.855328 1.849117 1.850894 1.863229 1.884089 1.916578 1.951534 1.977475 2.002120 2.011236 2.009382 1.991787 1.974171 1.976530 1.987415 2.011203 2.044983 2.086137 2.128062 1.327694 1.319799 1.297448 1.270964 1.245512 1.213608 1.163745 1.117014 1.084035 1.080608 1.105711
-9999.0 -9999.0 -9999.0 -9999.0 -9999.0 -9999.0 -9999.0 0.931207 1.053790 1.113270 1.124766 1.121454 1.102103 1.089898 1.094773 1.078840 1.294793 1.273918 1.261026 1.257347 1.242474 1.206308 1.116459 1.816474 1.801529 1.814918 1.834303 1.842842 1.847895 1.856098 1.861202 1.868403 1.873204 1.869049 1.862474 1.848840 1.847296 1.854595 1.870368 1.900638 1.931606 1.959169 1.978185 1.980024 1.968245 1.953428 1.948985 1.955401 1.968564 1.986710 2.007452 2.034284 2.085399 2.129510 1.306455 1.292275 1.267971 1.236500 1.188221 1.137357 1.102638 1.088938 1.114009 1.136991
-9999.0 -9999.0 -9999.0 -9999.0 -9999.0 -9999.0 0.913248 1.023341 1.104838 1.138717 1.145587 1.128512 1.114990 1.112231 1.102673 1.089865 1.079552 1.274081 1.259242 1.261236 1.248162 1.218237 1.139435 1.062130 1.801687 1.807912 1.826810 1.839821 1.851494 1.856391 1.859090 1.865842 1.872794 1.870686 1.868455 1.853639 1.838362 1.838970 1.856611 1.885583 1.915904 1.940207 1.955221 1.952657 1.942102 1.937744 1.940337 1.947473 1.954670 1.960227 1.975917 1.994915 2.035876 2.094074 1.284895 1.282127 1.256864 1.214103 1.157378 1.112528 1.089050 1.112097 1.152231 1.169975
-9999.0 -9999.0 -9999.0 -9999.0 -9999.0 1.802762 0.983287 1.085830 1.126684 1.158363 1.155524 1.148440 1.145188 1.125824 1.109139 1.100130 1.080768 1.274291 1.254817 1.256117 1.253392 1.241308 1.174243 1.083147 1.802509 1.797359 1.815441 1.835981 1.851838 1.857091 1.857506 1.864087 1.868740 1.868202 1.863765 1.855941 1.836762 1.831584 1.842354 1.872591 1.902453 1.923773 1.934650 1.928319 1.927886 1.930045 1.934833 1.946211 1.945262 1.941261 1.952866 1.961156 1.994261 2.040782 2.058358 1.244541 1.231726 1.189213 1.133423 1.094721 1.102006 1.145356 1.183980 1.180592
-9999.0 -9999.0 -9999.0 -9999.0 -9999.0 0.935626 1.044251 1.110434 1.145376 1.154189 1.170899 1.183313 1.161855 1.138253 1.121327 1.111809 1.085600 1.267093 1.250117 1.247829 1.250499 1.254954 1.194635 1.095270 1.804458 1.786808 1.802302 1.830601 1.844390 1.849152 1.854100 1.860866 1.860088 1.860101 1.861919 1.857019 1.845903 1.829820 1.836486 1.864672 1.890996 1.906279 1.913901 1.908083 1.910593 1.922737 1.933992 1.947156 1.939399 1.920291 1.921767 1.933116 1.947414 1.985743 2.000299 2.005356 1.197240 1.168438 1.116079 1.089738 1.116229 1.170494 1.189729 1.154337
-9999.0 -9999.0 -9999.0 -9999.0 -9999.0 0.978132 1.078489 1.127444 1.144300 1.160083 1.181987 1.180125 1.160679 1.146526 1.129141 1.106144 1.090364 1.061043 1.243487 1.233671 1.246857 1.243687 1.194370 1.104787 1.804737 1.780566 1.796741 1.815627 1.831770 1.839034 1.848303 1.855674 1.849236 1.850327 1.855987 1.862018 1.857008 1.842348 1.849087 1.873178 1.889747 1.894525 1.894492 1.890889 1.898635 1.914961 1.927078 1.939331 1.925859 1.898956 1.897645 1.903725 1.915771 1.941358 1.946825 1.961089 1.965165 1.143249 1.107237 1.091361 1.112011 1.163964 1.146342 1.130397
-9999.0 -9999.0 -9999.0 -9999.0 -9999.0 0.983604 1.095878 1.120720 1.143953 1.153820 1.157064 1.163358 1.163956 1.151282 1.128562 1.113153 1.092052 1.051924 1.236056 1.230321 1.235280 1.233144 1.204083 1.125844 1.045802 1.788841 1.791843 1.804826 1.817934 1.829231 1.845053 1.850943 1.847941 1.842797 1.847662 1.859646 1.875628 1.877467 1.896819 1.905569 1.906794 1.894495 1.883730 1.882484 1.896311 1.908680 1.922264 1.926970 1.905030 1.887554 1.879872 1.884890 1.894773 1.907203 1.910276 1.921497 1.915376 1.125893 1.100438 1.081645 1.109124 1.075945 1.080326 1.083205
-9999.0 -9999.0 -9999.0 -9999.0 0.910959 0.985400 1.095179 1.128195 1.144762 1.133763 1.134903 1.151938 1.156691 1.146258 1.126087 1.109674 1.088481 1.061587 1.026297 1.204266 1.211778 1.225075 1.225073 1.186338 1.118824 1.057739 1.804591 1.806785 1.817802 1.833050 1.846747 1.854762 1.851317 1.841761 1.844670 1.861741 1.887026 1.922425 1.960602 1.965672 1.936879 1.905312 1.888187 1.886119 1.894383 1.906541 1.914316 1.912139 1.893021 1.865425 1.843466 1.854759 1.861255 1.876758 1.882147 1.887617 1.889111 1.860827 1.074869 1.075740 1.031721 1.039380 1.041927 0.960239
-9999.0 -9999.0 -9999.0 -9999.0 0.919631 1.000372 1.112285 1.151803 1.136078 1.127040 1.135404 1.149111 1.159169 1.151519 1.131658 1.109964 1.085110 1.052399 1.012126 1.175445 1.168881 1.194530 1.225159 1.228609 1.192868 1.137781 1.086397 1.846916 1.852816 1.865969 1.090394 1.093581 1.864401 1.848459 1.843084 1.853285 1.886749 1.934146 1.984880 1.999515 1.972315 1.926650 1.904977 1.900869 1.907153 1.909172 1.904752 1.890298 1.867101 1.837893 1.831499 1.828313 1.842206 1.847791 1.851096 1.851906 1.851030 1.826227 1.747445 0.989155 0.995671 0.963434 0.867297 -9999.0
