tests/3D/Muntatschini_ref_005/output-maps-SE27XX/HN0003.asc
ncols         108
nrows         156
xllcorner     619971.250000
yllcorner     5169711.250000
cellsize      20.000000
NODATA_value  -9999.0
[rows 58 to 86 of 156, columns 0 to 63 of 108]
-9999.0 -9999.0 -9999.0 -9999.0 -9999.0 -9999.0 -9999.0 -9999.0 -9999.0 -9999.0 -9999.0 -9999.0 -9999.0 -9999.0 -9999.0 -9999.0 -9999.0 -9999.0 -9999.0 -9999.0 -9999.0 -9999.0 -9999.0 -9999.0 -9999.0 -9999.0 -9999.0 -9999.0 -9999.0 -9999.0 -9999.0 -9999.0 -9999.0 -9999.0 -9999.0 -9999.0 0.690014 0.715007 1.577202 1.640023 1.675214 1.739248 1.788856 0.966097 1.025755 1.040504 1.040491 1.032535 1.007243 0.985977 0.975038 0.968768 0.967941 0.970317 0.966249 0.974075 0.979446 0.896731 0.900050 0.899279 0.896196 0.892228 0.891793 0.895879
-9999.0 -9999.0 -9999.0 -9999.0 -9999.0 -9999.0 -9999.0 -9999.0 -9999.0 -9999.0 -9999.0 -9999.0 -9999.0 -9999.0 -9999.0 -9999.0 -9999.0 -9999.0 -9999.0 -9999.0 -9999.0 -9999.0 -9999.0 -9999.0 -9999.0 -9999.0 -9999.0 -9999.0 -9999.0 -9999.0 -9999.0 -9999.0 -9999.0 -9999.0 -9999.0 0.704510 0.764254 1.629414 1.630743 1.656593 1.679832 1.736284 1.804949 1.885635 1.014761 1.026795 1.029327 1.023609 1.002926 0.992129 0.982299 0.977941 0.973115 0.967404 0.965712 0.966886 0.976172 0.983571 0.897658 0.894992 0.893533 0.888676 0.887806 0.890245
-9999.0 -9999.0 -9999.0 -9999.0 -9999.0 -9999.0 -9999.0 -9999.0 -9999.0 -9999.0 -9999.0 -9999.0 -9999.0 -9999.0 -9999.0 -9999.0 -9999.0 -9999.0 -9999.0 -9999.0 -9999.0 -9999.0 -9999.0 -9999.0 -9999.0 -9999.0 -9999.0 -9999.0 -9999.0 -9999.0 -9999.0 -9999.0 1.455588 0.688030 0.717671 0.818157 0.806577 1.673356 1.662290 1.674801 1.713402 1.756221 1.838156 1.877974 1.911426 1.024139 1.027239 1.013119 1.003949 0.995989 0.987495 0.982449 0.976513 0.970268 0.967915 0.968256 0.972483 0.974279 0.980294 0.895036 0.891264 0.887492 0.884701 0.885026
-9999.0 -9999.0 -9999.0 -9999.0 -9999.0 -9999.0 -9999.0 -9999.0 -9999.0 -9999.0 -9999.0 -9999.0 -9999.0 -9999.0 -9999.0 -9999.0 -9999.0 -9999.0 -9999.0 -9999.0 -9999.0 -9999.0 -9999.0 -9999.0 -9999.0 -9999.0 -9999.0 -9999.0 -9999.0 -9999.0 1.462780 1.450707 1.468166 0.724956 0.786246 0.829074 1.678955 1.687576 1.685861 1.699058 1.732753 1.808822 1.848907 1.877705 1.910324 1.022206 1.024152 1.018243 1.007743 0.996693 0.988014 0.983151 0.976392 0.971966 0.969007 0.966789 0.965190 0.972673 0.976131 0.980592 0.889603 0.885334 0.883266 0.883623
-9999.0 -9999.0 -9999.0 -9999.0 -9999.0 -9999.0 -9999.0 -9999.0 -9999.0 -9999.0 -9999.0 -9999.0 -9999.0 -9999.0 -9999.0 -9999.0 -9999.0 -9999.0 -9999.0 -9999.0 -9999.0 -9999.0 -9999.0 -9999.0 -9999.0 -9999.0 -9999.0 -9999.0 -9999.0 1.436659 1.461427 1.529340 1.595307 1.619353 0.844002 1.706975 1.728819 1.723149 1.709737 1.737876 1.767631 1.807959 1.844135 1.877154 1.905649 1.924235 1.024376 1.026081 1.014305 1.005639 0.993996 0.985757 0.977642 0.971637 0.969294 0.965129 0.961191 0.964187 0.967772 0.969609 0.968615 0.883300 0.883117 0.883152
-9999.0 -9999.0 -9999.0 -9999.0 -9999.0 -9999.0 -9999.0 -9999.0 -9999.0 -9999.0 -9999.0 -9999.0 -9999.0 -9999.0 -9999.0 -9999.0 -9999.0 -9999.0 -9999.0 -9999.0 -9999.0 -9999.0 -9999.0 -9999.0 -9999.0 1.442543 1.442419 1.437625 1.429743 1.510669 1.583486 1.664562 1.684769 1.740822 1.766795 1.776361 1.765326 1.781187 1.750220 1.745953 1.759487 1.794825 1.832677 1.860290 1.885072 1.905912 1.014545 1.016424 1.013714 1.010039 0.996227 0.988494 0.979352 0.972323 0.967425 0.960950 0.955989 0.955289 0.954988 0.955307 0.960746 0.962822 0.881840 0.882275
-9999.0 -9999.0 -9999.0 -9999.0 -9999.0 -9999.0 -9999.0 -9999.0 -9999.0 -9999.0 -9999.0 -9999.0 -9999.0 -9999.0 -9999.0 -9999.0 -9999.0 -9999.0 -9999.0 -9999.0 -9999.0 -9999.0 -9999.0 1.480835 1.448127 1.449599 1.442992 1.445246 1.557015 1.624741 1.677444 1.726890 1.758466 1.790732 1.804210 1.818884 1.792440 1.808408 1.765633 1.745884 1.753195 1.782504 1.814220 1.833500 1.854805 1.877390 1.894700 1.004893 1.011729 1.012119 1.008954 0.998175 0.982417 0.969006 0.961444 0.954276 0.948966 0.943878 0.945624 0.950082 0.953774 0.959030 0.880145 0.884612
-9999.0 -9999.0 -9999.0 -9999.0 -9999.0 -9999.0 -9999.0 -9999.0 -9999.0 -9999.0 -9999.0 -9999.0 -9999.0 -9999.0 -9999.0 -9999.0 -9999.0 -9999.0 -9999.0 -9999.0 -9999.0 0.677102 0.689642 1.476473 1.527173 1.513254 1.513553 1.575901 1.650634 1.682906 1.736453 1.772678 1.789452 1.814562 1.827107 1.839084 1.866636 1.827892 1.780258 1.752143 1.749329 1.771687 1.791443 1.810146 1.831976 1.853232 1.878127 0.997483 1.009907 1.019868 1.021336 1.002598 0.978286 0.964473 0.954755 0.950293 0.944272 0.940279 0.942023 0.944826 0.946260 0.952105 0.959584 0.884321
-9999.0 -9999.0 -9999.0 -9999.0 -9999.0 -9999.0 -9999.0 -9999.0 -9999.0 -9999.0 -9999.0 -9999.0 -9999.0 -9999.0 -9999.0 -9999.0 -9999.0 -9999.0 -9999.0 -9999.0 0.702010 0.717165 0.749683 0.770583 1.679968 1.660640 1.687780 1.712315 1.738790 1.760349 1.777367 1.787942 1.794159 1.859386 1.878659 1.895541 1.888248 1.857630 1.803807 1.766179 1.757275 1.758411 1.770999 1.789679 1.811340 1.836669 1.865473 1.892500 1.008536 1.015885 1.014070 0.993571 0.973050 0.963907 0.957210 0.948239 0.941773 0.937430 0.936463 0.935929 0.940151 0.947697 0.954974 0.964678
-9999.0 -9999.0 -9999.0 -9999.0 -9999.0 -9999.0 -9999.0 -9999.0 -9999.0 -9999.0 -9999.0 -9999.0 -9999.0 -9999.0 -9999.0 -9999.0 -9999.0 -9999.0 0.719124 0.739825 0.782867 0.814850 0.845648 0.836590 0.839805 1.774096 1.777441 1.780414 1.784040 1.781170 1.784058 1.828123 1.842844 1.864001 1.880227 1.892630 1.888615 1.874379 1.842159 1.802502 1.766441 1.753700 1.755592 1.771196 1.799818 1.827365 1.857449 1.887825 1.003133 1.010899 1.004530 0.984830 0.972553 0.963603 0.957180 0.949353 0.941288 0.933299 0.931016 0.931289 0.934734 0.937439 0.947221 0.960487
-9999.0 -9999.0 -9999.0 -9999.0 -9999.0 -9999.0 -9999.0 -9999.0 -9999.0 -9999.0 -9999.0 -9999.0 -9999.0 -9999.0 -9999.0 -9999.0 0.724262 0.766544 0.773338 0.860232 0.875904 0.863767 0.865599 0.866557 0.874571 0.874919 0.869012 0.860521 0.848844 1.788290 1.825665 1.826489 1.835972 1.854351 1.857842 1.870275 1.883844 1.895432 1.880637 1.844031 1.785703 1.749881 1.749227 1.759626 1.786723 1.823385 1.851723 1.884893 1.003668 1.006192 0.996629 0.983769 0.972784 0.965219 0.958415 0.952096 0.943894 0.936825 0.932453 0.928591 0.926855 0.930615 0.939658 0.955646
-9999.0 -9999.0 -9999.0 -9999.0 -9999.0 -9999.0 -9999.0 -9999.0 -9999.0 -9999.0 -9999.0 -9999.0 -9999.0 -9999.0 -9999.0 0.712127 0.772899 0.836037 0.883092 0.915237 0.889562 0.865900 0.841582 0.857878 0.872392 0.882470 0.903657 0.890552 0.875952 1.843146 1.828563 1.821969 1.824172 1.840650 1.848006 1.869258 1.886249 1.907633 1.904968 1.872490 1.802655 1.761846 1.749592 1.756260 1.787275 1.826001 1.862022 1.888278 1.912950 1.006949 0.996912 0.981877 0.970967 0.962618 0.957172 0.957827 0.955734 0.950089 0.937509 0.926554 0.925069 0.927194 0.934596 0.946277
-9999.0 -9999.0 -9999.0 -9999.0 -9999.0 -9999.0 -9999.0 -9999.0 -9999.0 -9999.0 -9999.0 -9999.0 -9999.0 -9999.0 -9999.0 0.794262 0.893047 0.946277 0.940289 0.920874 0.882236 0.847046 1.778845 1.788727 1.863789 1.887268 0.899063 0.893545 1.875032 1.854871 1.835141 1.821702 1.825826 1.838393 1.857354 1.871901 1.893310 1.911431 1.915512 1.898651 1.865889 1.798540 1.769150 1.777031 1.806167 1.852723 1.900994 1.908682 1.922044 1.011464 1.000866 0.984069 0.974783 0.962230 0.960490 0.968963 0.976508 0.970438 0.954187 0.935125 0.926136 0.923463 0.928712 0.937802
-9999.0 -9999.0 -9999.0 -9999.0 -9999.0 -9999.0 -9999.0 -9999.0 -9999.0 -9999.0 -9999.0 -9999.0 -9999.0 -9999.0 -9999.0 0.943965 0.972030 0.962927 0.917588 0.884054 0.855584 1.781382 1.799347 1.814390 1.838694 1.862585 1.878207 1.879480 1.875745 1.857361 1.834531 1.830070 1.830522 1.841649 1.856740 1.874879 1.892335 1.905611 1.922451 1.942317 1.946195 1.897766 1.844390 1.836782 1.855950 1.896155 1.939495 1.944085 1.946432 1.028242 1.013011 0.993970 0.975691 0.967659 0.972350 0.986490 0.996666 0.989841 0.973208 0.945921 0.926919 0.917479 0.923156 0.931200
-9999.0 -9999.0 -9999.0 -9999.0 -9999.0 -9999.0 -9999.0 -9999.0 -9999.0 -9999.0 -9999.0 -9999.0 -9999.0 -9999.0 0.919386 0.965580 0.987783 0.949421 0.884680 0.853806 0.901435 1.780989 1.761730 1.774604 1.798930 1.822963 1.838767 1.847175 1.850045 1.848270 1.843769 1.836818 1.834333 1.838038 1.845743 1.864801 1.880497 1.898906 1.924182 1.968820 2.026293 2.012060 1.962714 1.919819 1.920556 1.953739 1.982575 1.984820 1.059807 1.056898 1.038086 1.010635 0.986490 0.982998 0.992089 1.007864 1.013251 1.003743 0.987039 0.952156 0.924209 0.916455 0.917497 0.924252
-9999.0 -9999.0 -9999.0 -9999.0 -9999.0 -9999.0 -9999.0 -9999.0 -9999.0 -9999.0 -9999.0 -9999.0 -9999.0 0.861932 0.955402 0.973534 0.979386 0.932594 0.864053 0.914482 0.890551 0.883107 1.746019 1.759250 1.772511 1.787821 1.804785 1.816270 1.826641 1.836948 1.843342 1.840079 1.832634 1.830283 1.839397 1.847319 1.858726 1.872743 1.914816 1.967789 2.041833 2.075493 2.041056 1.997318 1.982130 1.991483 2.008077 1.072371 1.079281 1.077805 1.062860 1.042092 1.020256 1.016241 1.018856 1.023311 1.022286 1.012232 0.991036 0.956438 0.925067 0.912744 0.912466 0.920195
-9999.0 -9999.0 -9999.0 -9999.0 -9999.0 -9999.0 -9999.0 -9999.0 -9999.0 -9999.0 -9999.0 -9999.0 0.821327 0.911091 0.965583 0.977274 0.964508 0.912034 0.937345 0.910929 0.905045 0.902763 1.763615 1.757236 1.759478 1.773290 1.785360 1.797669 1.811600 1.822927 1.832749 1.832441 1.827579 1.825427 1.822288 1.821582 1.832095 1.849108 1.889138 1.947573 2.009800 2.059270 2.063803 2.037590 2.026654 2.017830 2.018142 2.016111 1.084098 1.087935 1.086598 1.083043 1.070539 1.061489 1.045725 1.044711 1.038825 1.024798 1.001013 0.965549 0.929330 0.911434 0.907641 0.909184
-9999.0 -9999.0 -9999.0 -9999.0 -9999.0 -9999.0 -9999.0 -9999.0 -9999.0 -9999.0 -9999.0 0.823411 0.923122 0.971216 0.990981 0.975187 0.950726 0.892939 0.941263 0.931075 0.938872 0.933744 1.785378 1.755306 1.744759 1.756910 1.770510 1.789169 1.799384 1.809426 1.821202 1.822806 1.819897 1.814025 1.805907 1.805406 1.812227 1.829302 1.861992 1.917424 1.969888 2.017797 2.039093 2.040043 2.030993 2.024526 2.015486 2.008328 2.005318 2.022782 1.098924 1.117499 1.116527 1.103780 1.083799 1.073559 1.059153 1.040298 1.018460 0.980781 0.939587 0.911587 0.902436 0.908889
-9999.0 -9999.0 -9999.0 -9999.0 -9999.0 -9999.0 -9999.0 -9999.0 -9999.0 -9999.0 0.832346 0.932176 0.981064 0.992818 0.994693 0.957003 0.922428 0.979954 0.965438 0.972836 0.988359 0.975860 0.922760 1.752670 1.744659 1.752531 1.769438 1.784501 1.793619 1.800106 1.805754 1.810236 1.811222 1.804770 1.792082 1.793850 1.798387 1.814801 1.842381 1.887068 1.933761 1.978091 2.007714 2.015107 2.010592 2.006256 1.993835 1.980723 1.985350 2.011169 2.040467 1.122282 1.143499 1.131875 1.115728 1.098778 1.076921 1.063089 1.039657 1.000738 0.950375 0.912348 0.906084 0.909399
-9999.0 -9999.0 -9999.0 -9999.0 -9999.0 -9999.0 -9999.0 -9999.0 -9999.0 0.842965 0.945436 0.984321 0.996968 0.999697 0.978095 0.946899 0.931511 1.019612 1.016836 1.022060 1.036977 1.010893 0.933759 1.750800 1.739536 1.750299 1.769077 1.779278 1.787138 1.793505 1.798737 1.808808 1.808135 1.800211 1.790090 1.785181 1.788600 1.805290 1.833660 1.868650 1.907739 1.939844 1.963504 1.982091 1.977769 1.969791 1.944594 1.939038 1.954548 1.987841 2.019883 2.061428 1.137308 1.145525 1.136488 1.117803 1.093089 1.073952 1.049220 1.006505 0.956232 0.917460 0.906996 0.915702
-9999.0 -9999.0 -9999.0 -9999.0 -9999.0 -9999.0 -9999.0 -9999.0 0.853901 0.964092 0.997561 1.005220 1.004325 0.987188 0.974795 0.968975 1.081436 1.068136 1.059261 1.058886 1.054264 1.026915 0.940222 1.746903 1.737057 1.751289 1.769333 1.779824 1.784647 1.788312 1.797980 1.806531 1.807596 1.802232 1.790944 1.784621 1.786377 1.798870 1.820075 1.853167 1.888829 1.915357 1.940597 1.950011 1.948249 1.930407 1.912489 1.914885 1.925980 1.950242 1.984738 2.026838 2.069852 1.146505 1.139734 1.119183 1.094595 1.070934 1.041298 0.994962 0.951519 0.920870 0.917663 0.940932
-9999.0 -9999.0 -9999.0 -9999.0 -9999.0 -9999.0 -9999.0 0.847648 0.962192 1.010095 1.021570 1.018618 1.000368 0.987795 0.993242 0.977105 1.114835 1.095187 1.082959 1.079475 1.065851 1.032476 0.948891 1.750837 1.735508 1.749094 1.768864 1.777642 1.782878 1.791302 1.796552 1.803947 1.808922 1.804796 1.798185 1.784327 1.782705 1.790053 1.806060 1.836881 1.868468 1.896646 1.916152 1.918155 1.906267 1.891251 1.886772 1.893326 1.906748 1.925244 1.946400 1.973810 2.026090 2.071373 1.126870 1.114149 1.091708 1.062468 1.017563 0.970244 0.937940 0.925276 0.948659 0.970087
-9999.0 -9999.0 -9999.0 -9999.0 -9999.0 -9999.0 0.830517 0.933362 1.002046 1.034200 1.041077 1.025344 1.012078 1.009902 1.000638 0.987464 0.978121 1.095248 1.081188 1.082999 1.071080 1.043572 0.970325 0.898076 1.735637 1.741895 1.761150 1.774483 1.786472 1.791548 1.794362 1.801298 1.808447 1.806396 1.804233 1.789211 1.773627 1.774145 1.792027 1.821510 1.852425 1.877277 1.892713 1.890222 1.879553 1.875182 1.877893 1.885216 1.892583 1.898258 1.914238 1.933606 1.975439 2.034999 1.106275 1.104352 1.081204 1.041552 0.988790 0.947013 0.925145 0.946650 0.984108 1.000738
-9999.0 -9999.0 -9999.0 -9999.0 -9999.0 1.734629 0.895611 0.982159 1.022392 1.052419 1.050339 1.043981 1.040877 1.022633 1.006433 0.998364 0.979191 1.095430 1.076975 1.078107 1.075817 1.064982 1.002752 0.917762 1.736477 1.731110 1.749497 1.770476 1.786729 1.792184 1.792694 1.799466 1.804264 1.803796 1.799397 1.791546 1.772038 1.766665 1.777521 1.808265 1.838694 1.860503 1.871721 1.865372 1.864982 1.867234 1.872187 1.883863 1.882965 1.878927 1.890748 1.899186 1.932955 1.980509 1.998673 1.068948 1.057560 1.018289 0.966426 0.930326 0.937018 0.977387 1.013450 1.010459
-9999.0 -9999.0 -9999.0 -9999.0 -9999.0 0.851096 0.952361 1.006337 1.039617 1.048352 1.064438 1.076363 1.056422 1.034291 1.018381 1.009506 0.984055 1.088807 1.072597 1.070290 1.072967 1.077575 1.021785 0.929233 1.738496 1.720365 1.736075 1.764911 1.779045 1.784008 1.789158 1.796138 1.795404 1.795472 1.797433 1.792602 1.781380 1.764950 1.771614 1.800234 1.827034 1.842681 1.850562 1.844707 1.847287 1.859695 1.871231 1.884746 1.876938 1.857529 1.859042 1.870610 1.885205 1.924345 1.939337 1.944721 1.025141 0.998758 0.950160 0.925527 0.950019 1.000465 1.018486 0.985783
-9999.0 -9999.0 -9999.0 -9999.0 -9999.0 0.890685 0.976534 1.022453 1.038487 1.053647 1.074470 1.073142 1.055230 1.042010 1.025660 1.003761 0.987870 0.964696 1.066387 1.057087 1.069529 1.067042 1.021575 0.938264 1.738848 1.714065 1.730418 1.749625 1.766117 1.773616 1.783180 1.790806 1.784319 1.785457 1.791288 1.797586 1.792658 1.777774 1.784553 1.808986 1.825828 1.830756 1.830798 1.827160 1.835055 1.851711 1.864117 1.876707 1.863089 1.835740 1.834420 1.840640 1.852958 1.879088 1.884759 1.899449 1.903828 0.975016 0.941675 0.926790 0.945822 0.994037 0.977824 0.963290
-9999.0 -9999.0 -9999.0 -9999.0 -9999.0 0.895647 0.992478 1.016182 1.038208 1.047745 1.050988 1.057214 1.058121 1.046425 1.025144 1.010673 0.990377 0.959522 1.059253 1.053745 1.058564 1.057080 1.030594 0.958071 0.883433 1.722615 1.725516 1.738656 1.752010 1.763584 1.779817 1.785959 1.782990 1.777758 1.782719 1.795022 1.811486 1.813508 1.833238 1.842087 1.843304 1.830816 1.819874 1.818595 1.832669 1.845288 1.859183 1.864076 1.841821 1.824066 1.816258 1.821403 1.831529 1.844254 1.847457 1.858994 1.852930 0.958453 0.934967 0.917460 0.942832 0.912019 0.916237 0.919330
-9999.0 -9999.0 -9999.0 -9999.0 0.827854 0.897211 0.990956 1.023217 1.039114 1.029127 1.030278 1.046441 1.051264 1.041766 1.022937 1.007004 0.986395 0.964970 0.936582 1.029112 1.036206 1.049061 1.049745 1.014258 0.951613 0.894462 1.738650 1.740760 1.751931 1.767488 1.781537 1.789846 1.786444 1.776712 1.779618 1.797012 1.822887 1.859133 1.898168 1.903375 1.874062 1.841933 1.824468 1.822325 1.830721 1.843119 1.851088 1.848946 1.829546 1.801481 1.779144 1.790671 1.797347 1.813198 1.818752 1.824403 1.826045 1.797386 0.910838 0.911669 0.870847 0.877876 0.880238 0.804949
-9999.0 -9999.0 -9999.0 -9999.0 0.836002 0.911212 1.007828 1.045283 1.031183 1.022976 1.030791 1.043798 1.053581 1.046759 1.028299 1.007546 0.983200 0.960116 0.923476 1.002049 0.995745 1.019837 1.048941 1.052880 1.020151 0.968994 0.920905 1.781741 1.787677 1.801068 0.923805 0.927059 1.799786 1.783565 1.778000 1.788315 1.822425 1.870843 1.922728 1.937808 1.910202 1.863718 1.841613 1.837388 1.843767 1.845837 1.841369 1.826694 1.803119 1.773416 1.766923 1.763709 1.777905 1.783661 1.787097 1.787994 1.787189 1.762039 1.681973 0.831170 0.837358 0.807680 0.718673 -9999.0
