tests/3D/Muntatschini_ref_005/output-maps-SE27XX/HN0002.asc
ncols         108
nrows         156
xllcorner     619971.250000
yllcorner     5169711.250000
cellsize      20.000000
NODATA_value  -9999.0
[rows 56 to 83 of 156, columns 0 to 61 of 108]
-9999.0 -9999.0 -9999.0 -9999.0 -9999.0 -9999.0 -9999.0 -9999.0 -9999.0 -9999.0 -9999.0 -9999.0 -9999.0 -9999.0 -9999.0 -9999.0 -9999.0 -9999.0 -9999.0 -9999.0 -9999.0 -9999.0 -9999.0 -9999.0 -9999.0 -9999.0 -9999.0 -9999.0 -9999.0 -9999.0 -9999.0 -9999.0 -9999.0 -9999.0 -9999.0 -9999.0 -9999.0 -9999.0 -1.201651 -0.529897 -0.520498 0.028862 -0.477920 -0.267766 -0.133423 -0.064418 -0.023780 0.011988 0.011681 -0.064373 -0.108802 -0.205915 -0.263012 -0.279127 -0.220510 -11.110744 -10.985689 -10.907666 -10.817959 -10.713873 -10.645290 -10.607352
-9999.0 -9999.0 -9999.0 -9999.0 -9999.0 -9999.0 -9999.0 -9999.0 -9999.0 -9999.0 -9999.0 -9999.0 -9999.0 -9999.0 -9999.0 -9999.0 -9999.0 -9999.0 -9999.0 -9999.0 -9999.0 -9999.0 -9999.0 -9999.0 -9999.0 -9999.0 -9999.0 -9999.0 -9999.0 -9999.0 -9999.0 -9999.0 -9999.0 -9999.0 -9999.0 -9999.0 -0.996408 -1.071801 -1.620301 -0.404127 -0.185128 -0.788834 -0.613892 -0.376492 -0.196238 0.691932 0.722148 -0.011792 0.038997 0.026437 -0.073644 -0.112839 -0.201123 -0.268744 -0.297863 -0.251646 -11.117281 -11.004286 -10.957334 -10.869795 -10.809200 -10.767005
-9999.0 -9999.0 -9999.0 -9999.0 -9999.0 -9999.0 -9999.0 -9999.0 -9999.0 -9999.0 -9999.0 -9999.0 -9999.0 -9999.0 -9999.0 -9999.0 -9999.0 -9999.0 -9999.0 -9999.0 -9999.0 -9999.0 -9999.0 -9999.0 -9999.0 -9999.0 -9999.0 -9999.0 -9999.0 -9999.0 -9999.0 -9999.0 -9999.0 -9999.0 -9999.0 -9999.0 -3.737465 -1.415397 -7.425356 -6.992215 -6.783057 -6.883170 -7.461650 -0.479355 -0.251684 0.621587 0.666709 -0.154321 -0.088837 -0.073037 -0.092466 -0.108895 -0.202453 -0.297635 -0.364454 -0.348106 -0.258145 -11.101437 -11.174518 -10.980982 -10.917313 -10.877722
-9999.0 -9999.0 -9999.0 -9999.0 -9999.0 -9999.0 -9999.0 -9999.0 -9999.0 -9999.0 -9999.0 -9999.0 -9999.0 -9999.0 -9999.0 -9999.0 -9999.0 -9999.0 -9999.0 -9999.0 -9999.0 -9999.0 -9999.0 -9999.0 -9999.0 -9999.0 -9999.0 -9999.0 -9999.0 -9999.0 -9999.0 -9999.0 -9999.0 -9999.0 -9999.0 -1.905655 -1.116461 -8.486931 -7.587748 -7.196725 -6.888923 -7.011718 -7.425715 -6.798842 -0.301372 0.576031 0.600950 -0.165792 -0.112309 -0.094192 -0.172082 -0.178502 -0.254430 -0.325843 -0.374622 -0.373801 -0.322272 -0.237265 -11.176595 -11.129600 -11.057144 -11.015650
-9999.0 -9999.0 -9999.0 -9999.0 -9999.0 -9999.0 -9999.0 -9999.0 -9999.0 -9999.0 -9999.0 -9999.0 -9999.0 -9999.0 -9999.0 -9999.0 -9999.0 -9999.0 -9999.0 -9999.0 -9999.0 -9999.0 -9999.0 -9999.0 -9999.0 -9999.0 -9999.0 -9999.0 -9999.0 -9999.0 -9999.0 -9999.0 -8.222396 -1.397112 -0.634467 -0.620386 -0.722054 -7.923739 -7.619670 -7.312879 -6.976669 -7.132954 -6.686755 -6.671939 -7.224749 0.544517 0.590205 -0.171638 -0.147814 -0.167845 -0.218219 -0.264612 -0.309002 -0.341817 -0.367094 -0.385549 -0.391674 -0.352349 -0.268792 -11.237167 -11.183488 -11.084552
-9999.0 -9999.0 -9999.0 -9999.0 -9999.0 -9999.0 -9999.0 -9999.0 -9999.0 -9999.0 -9999.0 -9999.0 -9999.0 -9999.0 -9999.0 -9999.0 -9999.0 -9999.0 -9999.0 -9999.0 -9999.0 -9999.0 -9999.0 -9999.0 -9999.0 -9999.0 -9999.0 -9999.0 -9999.0 -9999.0 -8.522201 -9.197695 -9.606583 -0.744566 -0.243664 -0.353468 -7.790158 -7.761903 -7.595604 -7.362956 -7.060057 -7.012588 -6.771963 -6.698833 -6.910375 0.436280 0.571709 -0.184871 -0.171126 -0.204396 -0.248612 -0.304425 -0.338880 -0.366867 -0.394889 -0.440150 -0.483685 -0.484782 -0.417965 -0.312687 -11.284006 -11.234357
-9999.0 -9999.0 -9999.0 -9999.0 -9999.0 -9999.0 -9999.0 -9999.0 -9999.0 -9999.0 -9999.0 -9999.0 -9999.0 -9999.0 -9999.0 -9999.0 -9999.0 -9999.0 -9999.0 -9999.0 -9999.0 -9999.0 -9999.0 -9999.0 -9999.0 -9999.0 -9999.0 -9999.0 -9999.0 -11.987312 -9.307452 -8.652211 -8.305500 -7.728991 -0.326766 -7.500971 -7.627774 -7.687018 -7.645784 -7.596834 -7.010263 -7.116640 -7.554997 -6.725955 -6.871868 -7.285930 0.451060 0.563114 -0.215329 -0.200305 -0.224595 -0.300345 -0.380326 -0.450569 -0.495612 -0.544741 -0.592157 -0.612701 -0.570922 -0.470740 -0.332491 -11.328619
-9999.0 -9999.0 -9999.0 -9999.0 -9999.0 -9999.0 -9999.0 -9999.0 -9999.0 -9999.0 -9999.0 -9999.0 -9999.0 -9999.0 -9999.0 -9999.0 -9999.0 -9999.0 -9999.0 -9999.0 -9999.0 -9999.0 -9999.0 -9999.0 -9999.0 -9.170834 -8.794574 -8.723423 -8.348189 -8.974519 -9.261847 -8.087550 -7.823577 -7.808279 -7.494417 -7.616435 -8.175822 -8.190501 -8.149942 -7.435691 -7.686368 -6.867639 -7.667695 -7.374447 -6.849028 -7.251461 0.216881 0.486718 -0.270088 -0.212494 -0.275949 -0.388770 -0.517182 -0.620997 -0.629733 -0.668177 -0.696119 -0.708248 -0.686206 -0.598931 -0.466177 -0.318412
-9999.0 -9999.0 -9999.0 -9999.0 -9999.0 -9999.0 -9999.0 -9999.0 -9999.0 -9999.0 -9999.0 -9999.0 -9999.0 -9999.0 -9999.0 -9999.0 -9999.0 -9999.0 -9999.0 -9999.0 -9999.0 -9999.0 -9999.0 -9.196760 -9.634112 -11.562171 -9.538933 -8.113145 -7.522864 -8.009022 -8.358322 -7.865783 -7.644839 -7.550120 -8.068982 -8.131906 -8.251383 -8.244396 -8.237303 -7.617443 -7.810684 -7.777285 -7.105772 -6.942013 -7.353320 -6.880346 -6.986562 0.249299 -0.353449 -0.295077 -0.385943 -0.497246 -0.627882 -0.727812 -0.768494 -0.743583 -0.760336 -0.771551 -0.756006 -0.678458 -0.575968 -0.439553
-9999.0 -9999.0 -9999.0 -9999.0 -9999.0 -9999.0 -9999.0 -9999.0 -9999.0 -9999.0 -9999.0 -9999.0 -9999.0 -9999.0 -9999.0 -9999.0 -9999.0 -9999.0 -9999.0 -9999.0 -9999.0 -14.207574 -15.477803 -10.619353 -8.991266 -9.069934 -9.317276 -8.858575 -7.921498 -7.806791 -7.768462 -7.923972 -7.842799 -7.506356 -8.076397 -8.180390 -7.786932 -7.574040 -8.335328 -8.194933 -7.425515 -7.418348 -6.974149 -7.166554 -6.958374 -7.414874 -6.891238 -0.643476 -0.486813 -0.466588 -0.520731 -0.585684 -0.644114 -0.746883 -0.801069 -0.798012 -0.856009 -0.817377 -0.798910 -0.752437 -0.677314 -0.576117
-9999.0 -9999.0 -9999.0 -9999.0 -9999.0 -9999.0 -9999.0 -9999.0 -9999.0 -9999.0 -9999.0 -9999.0 -9999.0 -9999.0 -9999.0 -9999.0 -9999.0 -9999.0 -9999.0 -9999.0 -22.134899 -17.311871 -14.898732 -15.690810 -9.152495 -9.018800 -8.667034 -8.268550 -7.930016 -7.761237 -7.906685 -7.817675 -7.782525 -7.483467 -7.601432 -7.587930 -7.782993 -7.894315 -8.415967 -8.313623 -8.124513 -7.440229 -7.372090 -7.188933 -7.068949 -7.675127 -6.880469 -6.902569 -0.604695 -0.610483 0.129870 -0.665286 -0.666496 -0.698133 -0.813159 -0.862127 -0.888324 -0.890876 -0.846080 -0.831626 -0.788650 -0.711345
-9999.0 -9999.0 -9999.0 -9999.0 -9999.0 -9999.0 -9999.0 -9999.0 -9999.0 -9999.0 -9999.0 -9999.0 -9999.0 -9999.0 -9999.0 -9999.0 -9999.0 -9999.0 -14.712098 -11.382256 -17.226572 -16.394179 -15.280122 -15.007349 -15.179715 -8.711067 -8.410071 -8.172716 -7.944779 -7.788911 -7.667445 -7.738939 -7.921986 -7.678637 -7.596367 -7.570914 -7.728493 -7.792344 -7.702636 -8.427477 -8.290271 -7.503363 -7.311305 -7.287041 -6.914457 -7.069665 -7.706711 -7.003851 -0.655519 -0.706630 -0.675620 -0.676415 -0.681617 -0.741189 -0.802096 -0.822863 -0.821857 -0.002037 -0.023325 -0.863186 -0.855896 -0.822422
-9999.0 -9999.0 -9999.0 -9999.0 -9999.0 -9999.0 -9999.0 -9999.0 -9999.0 -9999.0 -9999.0 -9999.0 -9999.0 -9999.0 -9999.0 -9999.0 -14.613838 -12.071712 -14.499892 -11.664440 -13.604489 -14.855764 -14.985256 -15.123276 -15.054713 -14.864026 -14.374153 -13.985183 -13.603110 -7.847809 -7.654737 -7.518669 -7.637974 -7.319763 -7.589005 -7.626820 -7.652292 -7.671861 -7.819716 -8.197744 -8.435410 -8.233748 -7.483462 -7.402015 -7.445750 -7.168040 -7.068583 -7.081470 -0.673809 -0.710500 -0.679163 -0.700183 -0.725393 -0.811112 -0.844936 0.092398 0.126811 0.131988 0.050771 0.000931 -0.002437 -0.172035
-9999.0 -9999.0 -9999.0 -9999.0 -9999.0 -9999.0 -9999.0 -9999.0 -9999.0 -9999.0 -9999.0 -9999.0 -9999.0 -9999.0 -9999.0 -14.494703 -11.717239 -11.563635 -12.687609 -14.069064 -14.275632 -14.217691 -14.321693 -14.614984 -14.174582 -14.189785 -14.202294 -13.990505 -13.712486 -7.895675 -7.693267 -7.574169 -7.670484 -8.099734 -7.746718 -7.602774 -7.547442 -8.478849 -7.741272 -7.900602 -8.493749 -8.334501 -7.595704 -7.363444 -7.013166 -6.805619 -7.132179 -7.954095 -7.288046 -0.664690 -0.683723 -0.724660 -0.820703 -0.839841 0.076384 0.136697 0.159430 0.210713 0.176331 0.100523 0.098251 -0.057969
-9999.0 -9999.0 -9999.0 -9999.0 -9999.0 -9999.0 -9999.0 -9999.0 -9999.0 -9999.0 -9999.0 -9999.0 -9999.0 -9999.0 -9999.0 -16.087727 -17.859809 -15.085753 -13.981642 -13.943568 -14.378743 -14.035683 -8.407634 -8.292652 -8.027755 -7.952274 -13.834137 -13.729451 -7.812636 -7.899698 -7.817764 -7.629673 -7.723981 -7.378415 -7.581052 -7.580077 -7.512288 -8.437318 -8.566003 -7.848188 -8.041531 -7.771905 -7.620070 -7.392792 -7.084978 -7.502538 -7.045072 -7.984346 -7.344913 -0.651185 -0.672591 -0.720320 -0.810180 0.112251 0.131873 0.156506 0.149003 0.203807 0.167335 0.102187 -0.033950 -0.045940
-9999.0 -9999.0 -9999.0 -9999.0 -9999.0 -9999.0 -9999.0 -9999.0 -9999.0 -9999.0 -9999.0 -9999.0 -9999.0 -9999.0 -9999.0 -22.985599 -19.666407 -16.186753 -14.994511 -14.316717 -14.172518 -8.808245 -8.352953 -8.233156 -8.000709 -7.900378 -7.838570 -7.927027 -7.816362 -7.798066 -7.798285 -7.657454 -7.521151 -7.621651 -7.616830 -7.542016 -7.465779 -8.333537 -8.440863 -8.603062 -7.900257 -8.123332 -7.624737 -7.239346 -7.135067 -7.256393 -7.878909 -7.198045 -7.380334 -0.620208 -0.631207 -0.650000 -0.683091 0.217512 0.143115 0.109332 0.093703 0.108016 0.061948 0.017061 -0.055114 -0.058762
-9999.0 -9999.0 -9999.0 -9999.0 -9999.0 -9999.0 -9999.0 -9999.0 -9999.0 -9999.0 -9999.0 -9999.0 -9999.0 -9999.0 -13.198532 -16.224991 -17.608994 -16.535994 -15.567103 -15.029208 -2.509968 -8.671776 -8.568904 -8.633652 -8.149929 -7.964812 -7.859028 -7.800064 -7.798410 -7.840637 -7.761116 -7.661585 -7.563123 -7.431356 -7.316030 -7.474127 -7.385250 -8.190146 -7.454388 -7.646134 -8.508416 -7.941672 -7.906691 -7.740507 -7.560536 -7.229624 -7.164051 -7.802329 -0.617637 -0.609990 -0.599954 -0.586001 0.332758 0.267658 0.192299 0.100721 -0.890825 -0.920362 -0.967508 -0.049845 -0.092809 -0.188948
-9999.0 -9999.0 -9999.0 -9999.0 -9999.0 -9999.0 -9999.0 -9999.0 -9999.0 -9999.0 -9999.0 -9999.0 -9999.0 -15.495670 -15.303391 -15.896520 -16.186871 -16.234491 -16.000242 -2.641863 -2.531333 -2.271257 -8.781867 -8.599734 -8.590325 -8.401976 -7.969685 -7.864274 -7.788499 -7.731663 -7.706405 -7.676886 -7.606142 -7.497772 -7.346284 -7.667719 -7.439933 -7.305333 -8.008593 -7.276109 -7.535488 -7.816476 -8.639908 -7.742331 -7.517954 -7.283797 -7.774961 -0.764293 -0.702371 -0.700882 -0.609058 -0.557149 -0.504473 0.347329 0.299849 -0.742680 -0.857364 -0.919714 -0.972144 -0.042393 -0.097667 -0.199885
-9999.0 -9999.0 -9999.0 -9999.0 -9999.0 -9999.0 -9999.0 -9999.0 -9999.0 -9999.0 -9999.0 -9999.0 -15.999273 -15.558490 -15.415250 -15.882772 -15.869630 -15.854064 -2.716946 -2.494136 -2.378208 -2.198654 -8.939773 -8.741545 -8.564183 -8.298395 -8.374130 -7.963927 -7.856188 -7.782219 -7.728212 -7.696346 -7.711819 -7.647047 -7.462172 -7.337750 -7.256260 -7.341644 -7.047761 -7.062877 -7.296531 -7.936408 -7.710011 -8.340587 -8.156767 -7.973256 -7.249837 -7.608355 -0.848213 -0.742540 -0.635943 -0.590442 -0.578897 -0.511910 -0.628572 -0.689799 -0.790249 -0.844258 -0.886563 0.030636 -0.023251 -0.099964
-9999.0 -9999.0 -9999.0 -9999.0 -9999.0 -9999.0 -9999.0 -9999.0 -9999.0 -9999.0 -9999.0 -15.867311 -16.032623 -15.708104 -15.656980 -16.057702 -16.171665 -15.991300 -2.563020 -2.380413 -2.308145 -2.224429 -9.051985 -8.904095 -8.729540 -8.480657 -8.525480 -8.092143 -7.968946 -7.877475 -7.807567 -7.776118 -7.830501 -7.779377 -7.670873 -7.446215 -7.286431 -6.987689 -7.177736 -6.977595 -7.008242 -7.334043 -7.551970 -7.587629 -7.516537 -7.406458 -7.398554 -7.656677 -7.371843 -7.373128 -0.721938 -0.655884 -0.636446 -0.681433 -0.680542 -0.662957 -0.724450 -0.778448 -0.808795 0.113912 0.084243 -0.001503
-9999.0 -9999.0 -9999.0 -9999.0 -9999.0 -9999.0 -9999.0 -9999.0 -9999.0 -9999.0 -15.837072 -15.784314 -15.522104 -15.790781 -15.620725 -16.388366 -16.143467 -2.985906 -2.296383 -2.232585 -2.478834 -2.531292 -2.347854 -9.194538 -8.850990 -8.601263 -8.399722 -8.496238 -8.088447 -7.979334 -7.917686 -7.883256 -7.913423 -7.865856 -7.797962 -7.633415 -7.463482 -7.141848 -6.896869 -7.066635 -6.972175 -7.136265 -7.283978 -7.370178 -7.477126 -7.403844 -7.851917 -7.305545 -7.185509 -7.194756 -7.883534 0.034990 0.156483 0.104656 0.081490 -0.796202 -0.729499 -0.760221 -0.792680 -0.811305 0.138165 0.063828
-9999.0 -9999.0 -9999.0 -9999.0 -9999.0 -9999.0 -9999.0 -9999.0 -9999.0 -14.870338 -14.511424 -15.200220 -15.223494 -15.352939 -16.248132 -16.178371 -16.228749 -2.445930 -2.638155 -2.317160 -2.301384 -2.430559 -2.441484 -9.666952 -9.417413 -8.710681 -8.497997 -8.615676 -8.211639 -8.094035 -8.006760 -7.970208 -8.009229 -8.001971 -7.956273 -7.830630 -7.638678 -7.552528 -7.063023 -6.793448 -7.717784 -7.080617 -7.171716 -7.312882 -7.390613 -7.885547 -7.301174 -7.203492 -7.097575 -7.302156 -7.621667 -7.665177 -0.797503 -0.777214 -0.022510 -0.028715 0.006388 -0.824037 -0.836092 -0.843418 0.141882 0.191415
-9999.0 -9999.0 -9999.0 -9999.0 -9999.0 -9999.0 -9999.0 -9999.0 -13.612728 -13.420703 -13.690325 -14.562605 -14.759749 -15.572063 -16.252049 -16.491663 -2.263983 -2.189748 -2.214043 -2.307752 -2.420739 -2.523054 -2.479420 -9.833007 -9.492487 -8.801641 -8.594130 -8.446913 -8.594122 -8.197078 -8.093324 -8.040396 -8.123411 -8.083881 -8.080754 -8.049224 -7.819208 -7.568571 -7.268346 -7.091067 -7.196375 -7.209414 -7.788776 -7.286734 -7.359731 -7.365742 -7.225948 -7.120485 -7.595361 -7.013062 -7.462812 -7.539806 -7.378191 -0.316422 -0.183620 -0.139572 -0.068278 -0.046126 -0.899484 -0.930961 0.061779 0.215667
-9999.0 -9999.0 -9999.0 -9999.0 -9999.0 -9999.0 -9999.0 -11.848838 -12.236546 -12.629781 -13.200003 -13.884036 -14.786197 -15.110188 -16.033480 -16.436149 -2.325923 -2.346612 -2.389773 -2.457675 -2.497923 -2.513061 -2.418095 -9.896267 -9.713275 -9.283449 -8.654078 -8.534028 -8.672585 -8.270201 -8.176307 -8.119741 -8.185728 -8.153499 -8.172673 -8.169741 -8.001397 -7.775580 -7.548497 -7.092838 -6.997440 -7.364831 -7.324797 -7.326423 -7.978648 -7.404807 -7.368477 -7.288779 -7.125391 -7.024975 -6.990511 -7.409517 -7.263518 -7.811158 -0.588901 -0.527054 -0.247258 -0.139661 -0.962945 -0.877475 0.122374 0.148997
-9999.0 -9999.0 -9999.0 -9999.0 -9999.0 -9999.0 -9.163245 -10.210418 -11.204657 -12.313273 -13.238301 -13.544128 -14.346836 -15.227882 -15.967773 -15.910269 -16.429434 -3.586545 -3.580595 -3.530134 -2.488656 -2.418695 -2.864259 -2.249675 -9.710886 -9.484477 -9.119688 -8.572652 -8.453006 -8.626425 -8.255504 -8.192373 -8.236038 -8.200961 -8.245837 -8.265560 -8.208109 -7.979027 -7.700845 -7.471274 -7.168631 -7.264889 -7.516496 -7.608261 -8.254642 -7.460665 -7.473810 -7.366264 -7.325286 -7.155623 -7.018190 -6.966547 -7.171635 -7.576309 -0.782213 -0.677721 -0.392361 -0.208730 -0.954531 -0.824842 0.183895 0.265689
-9999.0 -9999.0 -9999.0 -9999.0 -9999.0 -9.298074 -8.141065 -10.141186 -11.206802 -12.257404 -13.147777 -13.841733 -13.842734 -15.743336 -15.932768 -16.140948 -16.415432 -3.689206 -3.641291 -2.576808 -2.483325 -2.392650 -2.548794 -2.620290 -9.783964 -9.527817 -9.225022 -8.585854 -8.468993 -8.664240 -8.319611 -8.309530 -8.246796 -8.264992 -8.305839 -8.353089 -8.335884 -8.441732 -8.172197 -7.749011 -7.592870 -7.519356 -7.445867 -7.436145 -7.782124 -7.653065 -7.689480 -7.503514 -8.131153 -7.399262 -7.120702 -6.927537 -6.973972 -7.236207 -7.456957 -0.758117 -0.371833 -0.218273 -0.925616 0.063159 0.058424 0.261634
-9999.0 -9999.0 -9999.0 -9999.0 -9999.0 -16.047857 -10.274027 -10.327115 -11.128808 -12.323337 -13.249333 -14.034297 -13.816570 -15.104012 -15.502518 -16.161047 -16.487900 -3.727141 -2.687166 -2.629388 -2.554408 -3.479760 -2.562510 -2.631574 -9.893685 -9.236719 -9.273713 -9.089117 -8.512489 -8.445469 -8.650962 -8.338743 -8.302363 -8.299041 -8.342114 -8.403540 -8.468071 -8.345866 -8.397879 -7.852771 -7.780228 -7.915646 -7.768783 -7.646134 -7.551558 -7.448050 -7.421096 -7.606624 -7.524056 -7.492969 -7.333991 -7.111163 -7.518743 -7.074337 -7.202224 -7.397946 -0.375946 -1.054147 -0.101995 -0.004265 0.128451 0.144126
-9999.0 -9999.0 -9999.0 -9999.0 -9999.0 -15.938322 -13.536835 -11.771451 -11.354390 -11.807924 -12.631703 -13.719322 -13.737225 -15.039784 -15.502206 -16.294503 -16.503726 -16.394493 -2.827150 -2.792861 -2.661691 -3.552103 -2.554890 -2.463053 -10.051544 -9.410706 -9.127005 -9.149704 -8.543442 -8.468978 -8.427436 -8.691942 -8.661436 -8.584020 -8.304686 -8.405750 -8.478416 -8.442303 -8.300757 -8.098558 -8.016662 -7.966783 -7.912121 -7.858284 -7.713851 -7.589419 -7.521992 -7.445018 -7.681479 -7.799677 -7.633020 -7.348838 -7.196843 -7.609866 -7.640245 -7.171892 -8.021524 -1.108106 -0.150172 -0.168366 -0.028079 -0.029513
