tests/3D/Muntatschini_ref_005/output-maps-SE27XX/LEN0001.asc
ncols         108
nrows         156
xllcorner     619971.250000
yllcorner     5169711.250000
cellsize      20.000000
NODATA_value  -9999.0
[rows 56 to 83 of 156, columns 0 to 62 of 108]
-9999.0 -9999.0 -9999.0 -9999.0 -9999.0 -9999.0 -9999.0 -9999.0 -9999.0 -9999.0 -9999.0 -9999.0 -9999.0 -9999.0 -9999.0 -9999.0 -9999.0 -9999.0 -9999.0 -9999.0 -9999.0 -9999.0 -9999.0 -9999.0 -9999.0 -9999.0 -9999.0 -9999.0 -9999.0 -9999.0 -9999.0 -9999.0 -9999.0 -9999.0 -9999.0 -9999.0 -9999.0 -9999.0 18.999603 12.674097 18.540744 17.460298 17.217678 17.160176 18.399368 18.781217 18.006405 19.766925 19.208680 19.341278 19.234292 18.918716 18.574469 18.289683 18.103898 16.467697 16.255879 16.117565 15.983993 15.857073 15.744249 15.665698 15.592387
-9999.0 -9999.0 -9999.0 -9999.0 -9999.0 -9999.0 -9999.0 -9999.0 -9999.0 -9999.0 -9999.0 -9999.0 -9999.0 -9999.0 -9999.0 -9999.0 -9999.0 -9999.0 -9999.0 -9999.0 -9999.0 -9999.0 -9999.0 -9999.0 -9999.0 -9999.0 -9999.0 -9999.0 -9999.0 -9999.0 -9999.0 -9999.0 -9999.0 -9999.0 -9999.0 -9999.0 20.097164 18.826533 19.453129 14.554420 15.796194 16.717033 16.659817 16.754433 17.829297 17.073266 17.571443 19.296870 19.908651 19.274413 19.343950 19.219257 18.920913 18.535210 18.216550 18.931211 16.442086 16.294595 16.168534 16.018194 15.902786 15.795924 15.690688
-9999.0 -9999.0 -9999.0 -9999.0 -9999.0 -9999.0 -9999.0 -9999.0 -9999.0 -9999.0 -9999.0 -9999.0 -9999.0 -9999.0 -9999.0 -9999.0 -9999.0 -9999.0 -9999.0 -9999.0 -9999.0 -9999.0 -9999.0 -9999.0 -9999.0 -9999.0 -9999.0 -9999.0 -9999.0 -9999.0 -9999.0 -9999.0 -9999.0 -9999.0 -9999.0 -9999.0 30.415939 22.506076 8.514653 7.346637 6.620825 6.818961 6.628989 16.486369 17.409348 16.733624 17.152745 17.721826 19.398784 18.920368 19.186333 19.223838 19.014573 18.673407 18.371312 18.141217 18.080936 16.518796 16.365140 16.225339 16.103082 16.000140 15.887685
-9999.0 -9999.0 -9999.0 -9999.0 -9999.0 -9999.0 -9999.0 -9999.0 -9999.0 -9999.0 -9999.0 -9999.0 -9999.0 -9999.0 -9999.0 -9999.0 -9999.0 -9999.0 -9999.0 -9999.0 -9999.0 -9999.0 -9999.0 -9999.0 -9999.0 -9999.0 -9999.0 -9999.0 -9999.0 -9999.0 -9999.0 -9999.0 -9999.0 -9999.0 -9999.0 25.376497 23.789196 10.816935 9.276243 8.314877 7.321313 6.680769 6.684896 6.127095 17.366193 16.594042 16.868805 18.332947 18.948970 19.449891 18.841046 18.988510 18.938893 18.779713 18.547330 18.360779 18.203579 18.166169 16.571772 16.445488 16.332827 16.247737 16.139230
-9999.0 -9999.0 -9999.0 -9999.0 -9999.0 -9999.0 -9999.0 -9999.0 -9999.0 -9999.0 -9999.0 -9999.0 -9999.0 -9999.0 -9999.0 -9999.0 -9999.0 -9999.0 -9999.0 -9999.0 -9999.0 -9999.0 -9999.0 -9999.0 -9999.0 -9999.0 -9999.0 -9999.0 -9999.0 -9999.0 -9999.0 -9999.0 8.859656 17.961877 15.539397 22.778733 22.368186 10.021475 9.502939 8.831715 7.788665 7.091717 6.939072 6.669459 5.995579 17.513304 16.779789 18.201604 18.654811 19.067178 18.465149 18.714899 18.838290 18.856119 18.745082 18.560037 18.341587 18.241911 18.221288 16.627982 16.552155 16.488802 16.408576
-9999.0 -9999.0 -9999.0 -9999.0 -9999.0 -9999.0 -9999.0 -9999.0 -9999.0 -9999.0 -9999.0 -9999.0 -9999.0 -9999.0 -9999.0 -9999.0 -9999.0 -9999.0 -9999.0 -9999.0 -9999.0 -9999.0 -9999.0 -9999.0 -9999.0 -9999.0 -9999.0 -9999.0 -9999.0 -9999.0 8.819065 10.146780 14.044556 17.747415 15.278418 19.416330 9.595849 9.734227 9.515619 9.086296 8.138501 7.285370 7.306013 6.517262 6.101681 17.439204 17.723779 18.103217 18.497411 18.862936 19.218511 18.582241 18.819369 18.919610 18.875099 18.687763 18.441865 18.206909 18.155661 18.196077 16.727726 16.696515 16.646250
-9999.0 -9999.0 -9999.0 -9999.0 -9999.0 -9999.0 -9999.0 -9999.0 -9999.0 -9999.0 -9999.0 -9999.0 -9999.0 -9999.0 -9999.0 -9999.0 -9999.0 -9999.0 -9999.0 -9999.0 -9999.0 -9999.0 -9999.0 -9999.0 -9999.0 -9999.0 -9999.0 -9999.0 -9999.0 17.803674 12.817488 9.277518 9.493682 8.711533 19.721297 8.267896 8.649294 9.094285 9.489534 9.140927 8.263283 7.536651 7.502554 6.210452 5.565599 5.969572 16.591748 17.912057 18.365661 18.817554 19.232473 18.590160 18.792646 18.879986 18.858355 18.716087 18.478030 18.249901 18.127058 18.145191 18.287091 16.850433 16.824035
-9999.0 -9999.0 -9999.0 -9999.0 -9999.0 -9999.0 -9999.0 -9999.0 -9999.0 -9999.0 -9999.0 -9999.0 -9999.0 -9999.0 -9999.0 -9999.0 -9999.0 -9999.0 -9999.0 -9999.0 -9999.0 -9999.0 -9999.0 -9999.0 -9999.0 9.002018 8.395573 8.155653 6.860024 12.649996 11.248485 9.986487 8.665494 8.403440 7.858600 7.925487 8.721767 9.092290 8.993017 9.230706 8.828308 7.437097 7.675095 6.724149 5.887108 5.487443 17.298034 17.747571 18.288173 18.829342 19.296147 18.578741 18.704789 18.758997 18.770839 18.742183 18.603797 18.388103 18.228477 18.196001 18.263788 18.397093 16.960584
-9999.0 -9999.0 -9999.0 -9999.0 -9999.0 -9999.0 -9999.0 -9999.0 -9999.0 -9999.0 -9999.0 -9999.0 -9999.0 -9999.0 -9999.0 -9999.0 -9999.0 -9999.0 -9999.0 -9999.0 -9999.0 -9999.0 -9999.0 9.096918 12.463350 17.146094 12.911069 7.068614 6.631983 9.105008 9.924851 9.562293 9.148273 8.327424 7.644471 7.373758 7.839188 8.875141 8.632014 9.378932 9.036858 8.231245 7.388812 7.054489 6.486649 6.108573 5.627905 17.694682 18.227212 18.743433 19.138324 19.358755 18.607006 18.770764 18.878363 18.909765 18.832588 18.678588 18.474607 18.362486 18.310525 18.369505 17.068066
-9999.0 -9999.0 -9999.0 -9999.0 -9999.0 -9999.0 -9999.0 -9999.0 -9999.0 -9999.0 -9999.0 -9999.0 -9999.0 -9999.0 -9999.0 -9999.0 -9999.0 -9999.0 -9999.0 -9999.0 -9999.0 19.549610 22.274613 14.806408 11.378115 12.485265 11.813733 9.944305 8.969856 9.018947 9.192324 8.495174 8.454904 8.310159 7.258659 7.478623 8.794175 9.035930 9.257546 9.245227 9.314285 8.845285 8.011190 7.304693 7.048949 6.563614 6.055555 17.850054 18.208502 18.529075 18.837637 19.214698 18.694021 19.004593 19.134265 19.179794 19.129936 18.999846 18.794547 18.596985 18.437352 18.354836 18.367173
-9999.0 -9999.0 -9999.0 -9999.0 -9999.0 -9999.0 -9999.0 -9999.0 -9999.0 -9999.0 -9999.0 -9999.0 -9999.0 -9999.0 -9999.0 -9999.0 -9999.0 -9999.0 -9999.0 -9999.0 37.457523 27.982735 20.675318 22.947779 11.544611 10.731319 10.170189 9.580440 9.476582 9.108674 8.329075 8.722408 8.142319 7.017188 8.221203 8.310998 8.579810 8.874500 8.374613 8.860302 9.549477 9.178668 8.727462 7.954314 7.748306 7.626750 7.245639 7.227760 18.358304 18.520241 18.815108 18.398493 18.949960 19.276860 19.417698 19.494710 19.472517 19.358863 19.159795 18.898216 18.621249 18.375034 18.279328
-9999.0 -9999.0 -9999.0 -9999.0 -9999.0 -9999.0 -9999.0 -9999.0 -9999.0 -9999.0 -9999.0 -9999.0 -9999.0 -9999.0 -9999.0 -9999.0 -9999.0 -9999.0 19.644621 13.200552 25.841643 24.213016 22.621565 22.074633 22.320578 10.134913 9.921640 9.288485 8.886591 9.053614 8.714206 7.917791 7.467607 7.397857 7.945520 7.510585 8.343707 8.758335 8.379809 8.503440 8.944324 9.442378 9.046593 8.646417 8.161530 7.440651 7.785808 7.452864 17.858517 18.807936 19.100053 18.697129 19.185420 19.478521 19.655925 19.827251 19.920605 19.881921 19.652979 19.300424 18.921579 18.582224 18.318619
-9999.0 -9999.0 -9999.0 -9999.0 -9999.0 -9999.0 -9999.0 -9999.0 -9999.0 -9999.0 -9999.0 -9999.0 -9999.0 -9999.0 -9999.0 -9999.0 20.025638 13.655460 19.985072 13.739113 18.139483 21.164784 21.380778 21.360602 21.326928 21.216390 20.908299 20.432798 19.892900 8.924246 8.043004 7.769152 7.335390 7.248348 7.788045 7.878555 8.111762 8.433940 8.864572 8.426268 8.269311 9.291072 9.336738 8.952058 8.592957 8.080768 7.414452 7.692774 18.296483 18.302314 18.538612 18.909130 19.173113 19.566337 19.855212 20.192122 20.432902 20.454424 20.241162 19.899742 19.444175 18.923518 18.523551
-9999.0 -9999.0 -9999.0 -9999.0 -9999.0 -9999.0 -9999.0 -9999.0 -9999.0 -9999.0 -9999.0 -9999.0 -9999.0 -9999.0 -9999.0 21.000321 14.921385 13.818636 16.182914 17.327474 18.060494 19.539785 20.405988 20.551043 20.506866 20.344563 19.995449 19.695037 19.327913 7.877528 7.715745 7.689466 7.570540 7.572074 7.687106 7.725593 7.861634 7.834510 8.165367 8.863069 8.502886 9.269438 9.163447 9.261233 8.849945 7.597747 6.993247 7.153827 7.815021 18.633968 18.783781 19.060610 19.269129 19.719119 20.107058 20.507921 20.803897 20.885012 20.762275 20.465816 19.936345 19.357087 18.823196
-9999.0 -9999.0 -9999.0 -9999.0 -9999.0 -9999.0 -9999.0 -9999.0 -9999.0 -9999.0 -9999.0 -9999.0 -9999.0 -9999.0 -9999.0 26.292705 28.327592 20.400390 18.254322 18.223932 18.790640 19.454800 8.874734 8.941089 8.786005 8.763294 19.390340 19.130907 8.339294 8.161096 7.398753 7.414734 7.166368 6.944381 7.568590 7.556758 7.387962 6.607956 7.579180 8.028958 8.191353 7.793485 8.838629 8.963800 8.602459 7.738915 7.551413 7.129098 7.868259 18.847159 18.935099 19.178293 19.485300 19.928312 20.332190 20.649329 20.861384 20.981873 20.954462 21.180792 20.313299 19.764300 19.199228
-9999.0 -9999.0 -9999.0 -9999.0 -9999.0 -9999.0 -9999.0 -9999.0 -9999.0 -9999.0 -9999.0 -9999.0 -9999.0 -9999.0 -9999.0 37.339596 31.100223 23.155586 20.400780 19.635876 19.704580 8.770415 8.820899 8.757362 8.602662 8.459750 8.370463 7.361934 7.449757 7.426291 7.550396 7.261516 7.071199 6.882725 6.235575 6.747330 6.482059 6.317690 7.180607 7.902641 6.871511 7.535597 8.368927 8.302613 7.522441 7.166365 7.457958 7.636125 7.362030 18.883634 19.014136 19.272808 19.628065 20.054178 20.362779 20.554936 20.680595 20.794600 20.821200 21.216472 20.949895 20.099965 19.538372
-9999.0 -9999.0 -9999.0 -9999.0 -9999.0 -9999.0 -9999.0 -9999.0 -9999.0 -9999.0 -9999.0 -9999.0 -9999.0 -9999.0 16.681747 21.607076 25.121732 23.248982 21.624445 20.974055 20.829774 9.215420 9.231487 9.055143 8.763911 8.472262 8.263994 8.154714 8.103755 7.422070 7.274924 7.193340 7.026686 6.572608 6.660423 6.627306 6.512600 6.156978 6.861387 7.018949 6.224456 6.510471 6.987851 7.429097 7.614165 7.348309 6.830094 7.649822 19.412752 19.614027 19.860556 19.256677 19.657700 19.997500 20.195502 20.277648 20.378608 20.497832 20.594934 20.717600 20.671783 20.317467 19.817463
-9999.0 -9999.0 -9999.0 -9999.0 -9999.0 -9999.0 -9999.0 -9999.0 -9999.0 -9999.0 -9999.0 -9999.0 -9999.0 21.153179 20.746242 21.038634 21.934411 22.358580 22.222512 21.917629 21.647469 21.988620 9.722309 9.421730 9.061609 8.684185 8.373866 8.192684 8.095955 8.039497 7.563443 7.275787 7.365036 6.938301 6.705728 6.446013 6.428061 6.444635 6.117397 6.987284 6.598218 6.445670 6.043696 6.511009 6.741930 7.040666 7.147771 18.891584 18.858345 19.099383 19.492953 18.970379 19.428476 19.680885 19.836916 19.947668 20.081506 20.315017 20.550049 20.768557 21.255699 20.954102 20.105649
-9999.0 -9999.0 -9999.0 -9999.0 -9999.0 -9999.0 -9999.0 -9999.0 -9999.0 -9999.0 -9999.0 -9999.0 22.167533 21.493543 20.874717 21.002836 21.456938 22.101010 22.494625 23.191103 23.408555 23.029597 10.068603 9.725549 9.345505 8.970100 8.659187 8.415672 8.246791 8.126459 8.052294 8.014521 7.526050 7.331248 7.086729 6.426160 6.408074 6.254495 6.273747 5.842742 5.486052 6.221509 6.385070 6.701435 6.877541 6.874159 6.652558 5.590616 18.131695 17.435732 18.916100 19.406496 19.853588 20.168816 19.411259 19.563377 19.802839 20.160202 20.540192 21.323816 21.426998 21.194353 20.408269
-9999.0 -9999.0 -9999.0 -9999.0 -9999.0 -9999.0 -9999.0 -9999.0 -9999.0 -9999.0 -9999.0 21.736258 21.321188 20.839228 20.738395 20.946764 21.532962 22.319990 23.060658 23.591888 23.368025 23.079117 10.278316 10.001264 9.681901 9.341417 9.043177 8.734412 8.491269 8.303542 8.191123 8.151326 8.110057 7.996770 7.802196 7.541046 7.267840 7.002308 6.171565 6.089595 5.542678 5.207610 5.175101 6.176044 6.304459 5.465774 5.338515 5.166670 5.064941 5.794475 17.166971 17.549154 18.998037 19.379375 19.750505 20.067266 20.426208 19.882019 20.340502 21.281480 20.974759 21.387297 21.104432
-9999.0 -9999.0 -9999.0 -9999.0 -9999.0 -9999.0 -9999.0 -9999.0 -9999.0 -9999.0 20.222673 20.219252 20.116485 20.298883 20.422878 21.093465 21.842024 22.833704 23.345769 23.420183 23.211693 22.946682 22.733306 10.242256 9.980896 9.687944 9.365402 9.026086 8.721928 8.506573 8.388391 8.353677 8.344501 8.304571 8.208943 7.993541 7.707702 7.356725 6.994216 6.220522 5.805490 5.386511 5.142876 5.135029 5.141012 5.071726 5.029325 4.985858 4.904856 4.789829 5.487740 16.651972 16.966505 17.398568 17.854357 18.324310 19.889906 20.343654 19.832667 20.367960 20.825464 21.447731 21.301290
-9999.0 -9999.0 -9999.0 -9999.0 -9999.0 -9999.0 -9999.0 -9999.0 -9999.0 18.161364 18.255395 18.640314 19.224411 19.659055 20.392387 21.284096 22.069398 23.142253 23.312853 23.171880 22.824395 22.659759 22.852644 10.441177 10.262614 9.968808 9.610106 9.257660 8.934585 8.701356 8.579940 8.539464 8.581715 8.631946 8.618848 8.475844 8.193836 7.789623 7.353102 6.600701 6.208408 5.742308 5.375996 5.538555 5.462057 5.255642 5.401384 5.391104 5.300755 4.703204 4.499374 5.119671 16.166763 16.540687 16.991554 17.508488 18.084973 19.652257 20.171166 19.813800 20.475898 20.880777 20.957487
-9999.0 -9999.0 -9999.0 -9999.0 -9999.0 -9999.0 -9999.0 -9999.0 14.460515 16.010030 16.638525 17.464816 18.282080 19.356511 20.393273 21.290135 22.461627 22.873370 22.928454 22.697535 22.450020 22.414039 22.908459 10.599210 10.447323 10.135284 9.761864 9.415569 9.105998 8.881668 8.748460 8.708518 8.765233 8.878277 8.938169 8.852414 8.591775 8.190315 7.751109 7.337472 6.879758 6.287933 5.795340 5.418020 5.345540 5.315961 5.496042 5.272357 5.192622 5.255101 4.605907 4.212409 4.859220 16.443822 16.334323 16.800284 17.367762 18.953439 19.525261 19.284584 20.515119 20.607147 20.834962
-9999.0 -9999.0 -9999.0 -9999.0 -9999.0 -9999.0 -9999.0 11.783857 11.585501 13.154832 14.554136 16.479791 17.747944 19.141767 20.249067 21.199432 22.036871 22.260286 22.156451 22.053208 22.170637 22.413954 23.021541 10.674250 10.512881 10.190847 9.838501 9.538494 9.262609 9.032981 8.887272 8.826985 8.870478 9.011120 9.120984 9.114212 8.893814 8.539310 8.131283 7.735129 7.205597 6.221119 6.322515 6.182299 5.841946 5.948085 5.862955 5.782255 5.503044 5.103540 5.081582 4.456277 4.062216 4.711139 15.760921 16.173545 16.735020 18.358828 18.085363 19.408917 20.142995 20.289339 20.486074
-9999.0 -9999.0 -9999.0 -9999.0 -9999.0 -9999.0 8.543169 9.206609 11.081872 11.929326 13.508561 15.715574 17.424758 18.806479 20.004213 20.871211 21.437151 21.655794 21.756450 21.831041 22.095587 22.473099 23.005992 22.618079 10.491024 10.189065 9.874727 9.615382 9.368166 9.147652 8.983694 8.902394 8.918157 9.061089 9.213941 9.296448 9.198641 8.916527 8.530374 8.141439 7.834154 7.319004 6.601475 6.612675 5.999337 6.640881 6.446343 6.303409 5.821487 5.366657 5.216345 4.684256 4.354546 3.898642 15.192787 15.631996 16.278193 17.994730 17.858333 19.365144 19.841398 19.879670 19.982167
-9999.0 -9999.0 -9999.0 -9999.0 -9999.0 9.563670 7.132598 8.269977 10.672335 11.364889 13.771584 14.857094 17.154775 18.460420 19.675857 20.551095 21.235207 21.445708 21.653955 21.738546 22.054648 22.294529 22.718137 23.185148 10.454254 10.226474 9.911887 9.650090 9.406437 9.203234 9.047989 8.939257 8.938679 9.062173 9.269534 9.444626 9.478124 9.304390 8.967183 8.575259 8.240328 7.952435 7.495054 6.998742 6.566442 6.731587 6.631893 6.581417 6.297449 5.948167 5.347849 5.048534 4.636210 4.200567 4.011634 15.405946 17.066839 16.962812 18.701257 18.997243 19.107658 19.316729 19.435330
-9999.0 -9999.0 -9999.0 -9999.0 -9999.0 23.971963 10.800441 11.272057 11.294624 11.092827 12.987164 14.194672 16.840411 18.097875 19.362546 20.363758 21.189634 21.623727 21.834150 21.928474 21.900249 22.017118 22.431039 22.995911 10.504090 10.341905 10.010271 9.660101 9.408586 9.228128 9.077191 8.969413 8.949999 9.039288 9.256102 9.531868 9.706785 9.695807 9.457410 9.069579 8.704811 8.364332 8.106174 7.769491 7.603623 7.481216 6.763268 6.296075 6.066175 6.360135 5.973447 5.702098 5.104475 4.574397 4.383266 4.379260 17.057119 16.946056 18.311357 18.833984 18.699667 18.661154 18.904602
-9999.0 -9999.0 -9999.0 -9999.0 -9999.0 24.508295 18.491064 13.111199 12.238396 12.645841 13.289033 14.625826 16.477293 17.808271 19.178125 20.397586 21.278046 21.985205 21.975174 22.067394 21.923872 22.120385 22.605326 23.329120 10.716412 10.571456 10.178389 9.764189 9.446115 9.253892 9.133640 9.035034 9.014992 9.046907 9.212682 9.504470 9.804093 9.966280 9.864498 9.533422 9.156254 8.814470 8.567656 8.449398 8.344703 8.170167 7.716887 6.815297 6.405781 6.568806 6.210152 6.101465 5.769809 5.100203 4.873358 5.115942 4.884604 17.057422 18.055337 18.306439 18.393875 18.058142 17.898329
