tests/3D/Muntatschini_ref_005/output-maps-SE27XX/LEN0012.asc
ncols         108
nrows         156
xllcorner     619971.250000
yllcorner     5169711.250000
cellsize      20.000000
NODATA_value  -9999.0
[rows 87 to 115 of 156, columns 0 to 63 of 108]
-9999.0 -9999.0 -9999.0 -9999.0 0.056931 0.048015 0.044634 0.043817 0.044630 0.044999 0.044853 0.044506 0.044272 0.044394 0.045101 0.045675 0.046400 0.047477 0.051080 0.513959 0.512041 0.504124 0.495336 0.489994 0.491669 0.501847 0.513313 0.517810 0.515733 0.512006 0.509786 0.509515 0.518538 0.073943 0.074226 0.073819 0.073156 0.072201 0.071053 0.070503 0.070720 0.071744 0.072240 0.072265 0.072158 0.072370 0.072802 0.073303 0.073616 0.074104 0.074510 0.074479 0.074230 0.074136 0.074071 0.073955 0.074342 0.076514 0.076871 0.076677 0.078809 -9999.0 -9999.0 -9999.0
-9999.0 -9999.0 -9999.0 -9999.0 0.055919 0.046304 0.043874 0.043518 0.044200 0.044910 0.044905 0.044552 0.044223 0.044261 0.044771 0.045518 0.046211 0.047304 0.051650 0.523024 0.526712 0.520493 0.510546 0.503621 0.498829 0.502688 0.511602 0.513516 0.509294 0.504562 0.502825 0.502995 0.512919 0.073700 0.074227 0.073885 0.073201 0.072143 0.070862 0.070098 0.070448 0.071358 0.071658 0.071775 0.072051 0.072747 0.073491 0.073839 0.074213 0.074658 0.075020 0.075197 0.075039 0.074801 0.075143 0.076203 0.076838 0.077270 0.078361 0.080542 -9999.0 -9999.0 -9999.0 -9999.0
-9999.0 -9999.0 -9999.0 -9999.0 0.054897 0.045995 0.043682 0.043299 0.043964 0.044813 0.044994 0.044920 0.044777 0.044407 0.044680 0.045258 0.045795 0.473008 0.496785 0.523871 0.533592 0.531131 0.523965 0.517417 0.513692 0.514539 0.518336 0.519519 0.517811 0.513942 0.511798 0.509759 0.514689 0.522644 0.074116 0.073846 0.073214 0.072110 0.070982 0.070466 0.070632 0.071246 0.071482 0.071690 0.072159 0.073148 0.073766 0.074449 0.074786 0.075242 0.075648 0.075735 0.075763 0.075976 0.076788 0.077175 0.077638 0.078946 0.080813 -9999.0 -9999.0 -9999.0 -9999.0 -9999.0
-9999.0 -9999.0 -9999.0 -9999.0 0.054667 0.045878 0.043650 0.043277 0.043962 0.044912 0.045201 0.045239 0.044956 0.044784 0.044733 0.433707 0.437393 0.451526 0.469810 0.499214 0.522768 0.532639 0.530038 0.526541 0.524111 0.528390 0.532153 0.530862 0.527529 0.523081 0.519693 0.519102 0.521572 0.524047 0.527784 0.073826 0.073292 0.072138 0.071183 0.070843 0.071089 0.071669 0.071850 0.072031 0.072286 0.073207 0.074053 0.074870 0.075329 0.075754 0.076097 0.076507 0.076753 0.077517 0.077784 0.078068 0.079143 0.081159 -9999.0 -9999.0 -9999.0 -9999.0 -9999.0 -9999.0
-9999.0 -9999.0 -9999.0 -9999.0 0.053946 0.045262 0.043766 0.043707 0.044206 0.045222 0.045734 0.045753 0.045498 0.434943 0.430921 0.431768 0.426940 0.432742 0.444523 0.463733 0.489025 0.506673 0.512185 0.515732 0.524626 0.533199 0.538127 0.539222 0.535516 0.532159 0.528991 0.527581 0.527479 0.528182 0.528730 0.526975 0.073361 0.072299 0.071596 0.071328 0.071658 0.072377 0.072379 0.072125 0.072122 0.072910 0.074098 0.075103 0.075869 0.076267 0.076757 0.077206 0.078387 0.078737 0.078692 0.079512 0.081453 -9999.0 -9999.0 -9999.0 -9999.0 -9999.0 -9999.0 -9999.0
-9999.0 -9999.0 -9999.0 -9999.0 0.053627 0.045365 0.044085 0.044178 0.044760 0.045520 0.045989 0.045938 0.451540 0.442294 0.435138 0.430083 0.427217 0.427376 0.431718 0.442829 0.460477 0.477195 0.483152 0.484967 0.489025 0.501962 0.519590 0.534243 0.533084 0.530426 0.528556 0.527801 0.526987 0.527430 0.528869 0.526920 0.518543 0.506170 0.499512 0.498723 0.504068 0.509950 0.072358 0.071992 0.071917 0.509984 0.525056 0.075237 0.076164 0.076773 0.077134 0.078599 0.079179 0.079154 0.079874 0.081527 -9999.0 -9999.0 -9999.0 -9999.0 -9999.0 -9999.0 -9999.0 -9999.0
-9999.0 -9999.0 -9999.0 -9999.0 0.072279 0.067107 0.423424 0.427187 0.438207 0.045809 0.046216 0.461242 0.458143 0.449222 0.439263 0.433003 0.431162 0.430542 0.432588 0.437802 0.449162 0.461200 0.467444 0.463705 0.458542 0.460211 0.471565 0.489338 0.504316 0.511633 0.512418 0.509427 0.507441 0.510528 0.518278 0.520057 0.510517 0.498273 0.492246 0.495524 0.501325 0.503413 0.500408 0.494747 0.071009 0.501309 0.516838 0.532923 0.076030 0.076903 0.078364 0.078884 0.079240 0.080202 0.081318 0.082234 -9999.0 -9999.0 -9999.0 -9999.0 -9999.0 -9999.0 -9999.0 -9999.0
-9999.0 -9999.0 -9999.0 -9999.0 0.072475 0.067519 0.065446 0.432067 0.444379 0.454023 0.461031 0.464358 0.461758 0.454352 0.443803 0.437328 0.434526 0.435492 0.442715 0.448634 0.453592 0.459522 0.464558 0.465125 0.457977 0.451273 0.449738 0.456231 0.465812 0.476885 0.482060 0.481824 0.480930 0.484128 0.495551 0.497815 0.493789 0.479319 0.479434 0.480309 0.487605 0.489931 0.483326 0.479913 0.482770 0.490726 0.503409 0.520351 0.535076 0.076048 0.077769 0.078292 0.078736 0.080078 0.082367 0.081822 -9999.0 -9999.0 -9999.0 -9999.0 -9999.0 -9999.0 -9999.0 -9999.0
-9999.0 -9999.0 -9999.0 -9999.0 -9999.0 0.067702 0.065547 0.434239 0.444908 0.452321 0.459043 0.466715 0.465611 0.460227 0.450289 0.442136 0.440819 0.446088 0.452481 0.461683 0.468110 0.472856 0.473788 0.473441 0.470383 0.467133 0.462024 0.458302 0.460767 0.466504 0.472711 0.475077 0.475492 0.474210 0.478482 0.476912 0.470660 0.461529 0.461762 0.464984 0.474196 0.474264 0.470048 0.471433 0.477191 0.486347 0.497533 0.506384 0.517460 0.529806 0.076355 0.077183 0.078196 0.080506 0.081949 0.081772 -9999.0 -9999.0 -9999.0 -9999.0 -9999.0 -9999.0 -9999.0 -9999.0
-9999.0 -9999.0 -9999.0 -9999.0 -9999.0 0.068216 0.066090 0.436038 0.444232 0.450570 0.457440 0.466022 0.467485 0.461877 0.449984 0.440369 0.437424 0.442011 0.453264 0.473556 0.485159 0.491532 0.491536 0.489448 0.485669 0.481206 0.475388 0.469878 0.466046 0.467279 0.471264 0.475331 0.476809 0.474994 0.473581 0.465684 0.455966 0.444947 0.442617 0.446719 0.454386 0.459047 0.460031 0.466793 0.472562 0.482464 0.493592 0.501642 0.506561 0.513802 0.057077 0.075624 0.076582 0.079297 0.081609 -9999.0 -9999.0 -9999.0 -9999.0 -9999.0 -9999.0 -9999.0 -9999.0 -9999.0
-9999.0 -9999.0 -9999.0 -9999.0 -9999.0 0.069458 0.066807 0.066495 0.445316 0.452005 0.459691 0.466194 0.468706 0.462736 0.453178 0.440114 0.428395 0.422284 0.431323 0.455068 0.479082 0.493828 0.496775 0.495317 0.493354 0.490636 0.485775 0.479530 0.473740 0.469667 0.469394 0.472939 0.474678 0.473816 0.471393 0.463066 0.452265 0.436350 0.431308 0.431675 0.440005 0.446512 0.453579 0.463893 0.474126 0.482929 0.492727 0.501242 0.504122 0.053842 0.055014 0.056297 0.076027 0.080016 0.080183 -9999.0 -9999.0 -9999.0 -9999.0 -9999.0 -9999.0 -9999.0 -9999.0 -9999.0
-9999.0 -9999.0 -9999.0 -9999.0 -9999.0 0.069979 0.067975 0.067208 0.448742 0.454301 0.462665 0.468747 0.471701 0.466460 0.456983 0.444025 0.427845 0.416186 0.409685 0.422692 0.449773 0.472544 0.484176 0.486478 0.484382 0.484181 0.482821 0.480955 0.475968 0.471403 0.464544 0.464150 0.468675 0.469634 0.469691 0.461787 0.447196 0.433534 0.426552 0.427967 0.436011 0.440197 0.448821 0.464252 0.476252 0.486676 0.493544 0.501069 0.505756 0.053892 0.054133 0.054537 0.061642 0.068675 -9999.0 -9999.0 -9999.0 -9999.0 -9999.0 -9999.0 -9999.0 -9999.0 -9999.0 -9999.0
-9999.0 -9999.0 -9999.0 -9999.0 -9999.0 0.070452 0.068253 0.067639 0.453845 0.456423 0.466171 0.069263 0.069362 0.471932 0.463162 0.450477 0.435168 0.419883 0.408475 0.408283 0.420543 0.440867 0.456429 0.465042 0.465810 0.467027 0.468251 0.469341 0.465240 0.457736 0.450077 0.448132 0.453872 0.459145 0.465335 0.461023 0.447659 0.435051 0.431185 0.435671 0.439914 0.444489 0.455714 0.472927 0.486726 0.494864 0.498863 0.502550 0.053813 0.053994 0.053469 0.055533 0.065452 0.065805 -9999.0 -9999.0 -9999.0 -9999.0 -9999.0 -9999.0 -9999.0 -9999.0 -9999.0 -9999.0
-9999.0 -9999.0 -9999.0 -9999.0 -9999.0 0.071614 0.068981 0.068071 0.068117 0.461682 0.470830 0.479233 0.069775 0.069432 0.068889 0.459051 0.444630 0.430128 0.413423 0.405139 0.410480 0.422836 0.437602 0.448207 0.454352 0.456916 0.459323 0.459445 0.454022 0.444635 0.437135 0.432587 0.431963 0.435881 0.439749 0.439365 0.438790 0.439629 0.440517 0.448915 0.453828 0.458014 0.464989 0.477212 0.492609 0.500776 0.501550 0.050828 0.053916 0.053518 0.052232 0.057128 0.063231 -9999.0 -9999.0 -9999.0 -9999.0 -9999.0 -9999.0 -9999.0 -9999.0 -9999.0 -9999.0 -9999.0
-9999.0 -9999.0 -9999.0 -9999.0 -9999.0 0.071935 0.069365 0.068498 0.068539 0.467640 0.473898 0.481610 0.483034 0.069879 0.069446 0.068653 0.455031 0.441557 0.425089 0.416207 0.407409 0.413320 0.421168 0.435746 0.449690 0.457986 0.462120 0.461494 0.454831 0.446330 0.438403 0.431781 0.424921 0.420638 0.416277 0.413660 0.423268 0.434345 0.447207 0.459211 0.465847 0.468184 0.472060 0.479304 0.493598 0.503337 0.051659 0.054379 0.053730 0.052745 0.054175 0.060040 0.057906 -9999.0 -9999.0 -9999.0 -9999.0 -9999.0 -9999.0 -9999.0 -9999.0 -9999.0 -9999.0 -9999.0
-9999.0 -9999.0 -9999.0 -9999.0 0.073802 0.072187 0.069945 0.068825 0.068896 0.471403 0.474962 0.481574 0.484011 0.070027 0.069845 0.069382 0.068421 0.067360 0.436107 0.420184 0.411259 0.405990 0.408034 0.417468 0.434409 0.452379 0.463635 0.462956 0.457529 0.451140 0.444004 0.436604 0.426697 0.415610 0.403860 0.399637 0.407343 0.419038 0.436705 0.457150 0.468166 0.471245 0.472399 0.476126 0.487109 0.051211 0.052880 0.055202 0.054059 0.052747 0.058288 0.060346 0.057962 -9999.0 -9999.0 -9999.0 -9999.0 -9999.0 -9999.0 -9999.0 -9999.0 -9999.0 -9999.0 -9999.0
-9999.0 -9999.0 -9999.0 -9999.0 0.074095 0.072231 0.070445 0.069281 0.069029 0.069275 0.474251 0.479760 0.484304 0.484510 0.483569 0.069829 0.069139 0.068154 0.066916 0.065326 0.417365 0.409043 0.405798 0.407975 0.419112 0.441110 0.458790 0.464211 0.460950 0.455381 0.450798 0.443442 0.433335 0.418783 0.404531 0.396666 0.398700 0.405712 0.417360 0.439101 0.456533 0.465371 0.466613 0.467334 0.046872 0.049924 0.053889 0.056708 0.055381 0.054257 0.059326 0.061649 0.058838 -9999.0 -9999.0 -9999.0 -9999.0 -9999.0 -9999.0 -9999.0 -9999.0 -9999.0 -9999.0 -9999.0
-9999.0 -9999.0 -9999.0 0.074948 0.074324 0.072085 0.070638 0.069546 0.069177 0.069166 0.069269 0.480141 0.484665 0.485585 0.484547 0.481768 0.069525 0.068662 0.067901 0.066710 0.065329 0.422241 0.413835 0.412456 0.415440 0.429305 0.452870 0.466134 0.467194 0.464786 0.459265 0.452559 0.441748 0.427279 0.414661 0.404253 0.402049 0.404444 0.409628 0.424095 0.441427 0.450712 0.454210 0.457663 0.046400 0.048773 0.053702 0.057959 0.057840 0.056711 0.060921 0.062476 0.065672 -9999.0 -9999.0 -9999.0 -9999.0 -9999.0 -9999.0 -9999.0 -9999.0 -9999.0 -9999.0 -9999.0
-9999.0 -9999.0 -9999.0 0.075220 0.074249 0.071528 0.070953 0.069791 0.069498 0.069248 0.069343 0.477092 0.481264 0.481344 0.478508 0.476869 0.069639 0.069313 0.068609 0.067927 0.066646 0.065920 0.424276 0.420013 0.419398 0.428050 0.445175 0.464126 0.470668 0.470273 0.467002 0.459488 0.449045 0.437816 0.428330 0.419745 0.413284 0.410429 0.413949 0.422608 0.432164 0.439636 0.445392 0.045675 0.046161 0.047395 0.052803 0.059133 0.060610 0.062062 0.062647 0.065481 0.068455 -9999.0 -9999.0 -9999.0 -9999.0 -9999.0 -9999.0 -9999.0 -9999.0 -9999.0 -9999.0 -9999.0
-9999.0 -9999.0 0.075959 0.075510 0.073904 0.071734 0.070522 0.070026 0.069665 0.069532 0.069448 0.473448 0.475373 0.471885 0.469634 0.468759 0.473661 0.069660 0.069378 0.068797 0.067935 0.067219 0.066594 0.431859 0.427568 0.433975 0.445167 0.462022 0.472235 0.473878 0.471490 0.464694 0.455260 0.447116 0.439953 0.432932 0.427729 0.423049 0.423017 0.425053 0.428975 0.435411 0.045225 0.045618 0.046108 0.046932 0.050802 0.058160 0.061337 0.061383 0.064884 0.069730 -9999.0 -9999.0 -9999.0 -9999.0 -9999.0 -9999.0 -9999.0 -9999.0 -9999.0 -9999.0 -9999.0 -9999.0
-9999.0 -9999.0 0.076243 0.075280 0.073347 0.071350 0.070685 0.070139 0.069832 0.069536 0.069328 0.068852 0.068617 0.465066 0.463594 0.466977 0.477336 0.070434 0.070422 0.069991 0.069266 0.068438 0.067790 0.066892 0.439865 0.440986 0.448653 0.458428 0.469756 0.473193 0.470970 0.464318 0.456064 0.452658 0.447478 0.442144 0.438831 0.434826 0.430604 0.429231 0.428563 0.044851 0.045376 0.045962 0.046416 0.047069 0.051325 0.056079 0.060020 0.063264 0.070814 -9999.0 -9999.0 -9999.0 -9999.0 -9999.0 -9999.0 -9999.0 -9999.0 -9999.0 -9999.0 -9999.0 -9999.0 -9999.0
-9999.0 -9999.0 0.076441 0.074888 0.073409 0.071275 0.071009 0.070467 0.070085 0.069826 0.069402 0.068820 0.068370 0.463136 0.463605 0.474250 0.487428 0.071362 0.071403 0.071101 0.070430 0.069563 0.068732 0.068180 0.067782 0.067561 0.454395 0.459239 0.467865 0.471907 0.468482 0.462035 0.455025 0.454386 0.452384 0.449093 0.446007 0.442414 0.436637 0.433247 0.044823 0.044996 0.045659 0.046587 0.047085 0.050359 0.052105 0.053924 0.061296 0.070317 0.073507 -9999.0 -9999.0 -9999.0 -9999.0 -9999.0 -9999.0 -9999.0 -9999.0 -9999.0 -9999.0 -9999.0 -9999.0 -9999.0
-9999.0 -9999.0 0.076486 0.074341 0.073067 0.071713 0.071228 0.070887 0.070393 0.070141 0.069647 0.069209 0.068726 0.465546 0.466935 0.478815 0.495984 0.072043 0.072086 0.071715 0.071303 0.070662 0.069785 0.068987 0.068494 0.068217 0.068280 0.466240 0.468360 0.469625 0.466392 0.461825 0.456169 0.453682 0.452819 0.452842 0.451092 0.446922 0.439760 0.044982 0.044903 0.045239 0.046141 0.047107 0.049111 0.052606 0.053203 0.055385 0.064799 0.070696 0.075773 -9999.0 -9999.0 -9999.0 -9999.0 -9999.0 -9999.0 -9999.0 -9999.0 -9999.0 -9999.0 -9999.0 -9999.0 -9999.0
-9999.0 0.076998 0.076629 0.074722 0.072978 0.072059 0.071650 0.071306 0.070852 0.070476 0.069996 0.069559 0.069174 0.068919 0.469402 0.475839 0.490609 0.071995 0.072337 0.072082 0.502033 0.071454 0.070847 0.070237 0.069669 0.069164 0.068953 0.068895 0.470015 0.468262 0.465391 0.461153 0.457002 0.045857 0.045868 0.045828 0.045634 0.045363 0.045078 0.044900 0.044934 0.045303 0.046065 0.047039 0.049326 0.053659 0.055100 0.057493 0.065664 0.072428 -9999.0 -9999.0 -9999.0 -9999.0 -9999.0 -9999.0 -9999.0 -9999.0 -9999.0 -9999.0 -9999.0 -9999.0 -9999.0 -9999.0
-9999.0 0.077233 0.076516 0.074883 0.073043 0.072512 0.072157 0.071874 0.071467 0.070953 0.070537 0.070015 0.069515 0.069126 0.068586 0.465241 0.472853 0.487366 0.494407 0.497172 0.498942 0.071847 0.071660 0.071303 0.070919 0.070676 0.070270 0.069915 0.069556 0.473858 0.469301 0.464124 0.460881 0.046112 0.046132 0.046131 0.045864 0.045415 0.045069 0.044803 0.044646 0.044876 0.045322 0.046116 0.048838 0.051857 0.054256 0.061612 0.072264 0.077035 -9999.0 -9999.0 -9999.0 -9999.0 -9999.0 -9999.0 -9999.0 -9999.0 -9999.0 -9999.0 -9999.0 -9999.0 -9999.0 -9999.0
-9999.0 0.077496 0.076318 0.074218 0.073054 0.072772 0.072622 0.072485 0.071893 0.071421 0.071099 0.070485 0.069898 0.069306 0.068734 0.067988 0.452476 0.452816 0.462143 0.476407 0.490882 0.501905 0.505955 0.505575 0.503182 0.500773 0.496851 0.070837 0.070480 0.482876 0.478535 0.473548 0.471865 0.469670 0.046553 0.046573 0.046397 0.045963 0.045450 0.045154 0.044880 0.044730 0.044872 0.045169 0.046385 0.047434 0.050210 0.063886 0.072695 0.078103 -9999.0 -9999.0 -9999.0 -9999.0 -9999.0 -9999.0 -9999.0 -9999.0 -9999.0 -9999.0 -9999.0 -9999.0 -9999.0 -9999.0
-9999.0 0.077673 0.075737 0.073833 0.073376 0.072964 0.072987 0.072929 0.072356 0.072020 0.071512 0.070975 0.070457 0.069732 0.069032 0.068134 0.067080 0.440538 0.444636 0.463096 0.483364 0.496949 0.504625 0.506979 0.508379 0.506762 0.502375 0.496846 0.494414 0.490240 0.487804 0.488201 0.487345 0.482944 0.047689 0.047592 0.047199 0.046718 0.046629 0.046233 0.045779 0.045407 0.045226 0.045281 0.046024 0.046143 0.047753 0.061919 0.071689 0.079447 -9999.0 -9999.0 -9999.0 -9999.0 -9999.0 -9999.0 -9999.0 -9999.0 -9999.0 -9999.0 -9999.0 -9999.0 -9999.0 -9999.0
-9999.0 0.077785 0.075709 0.073889 0.073415 0.073087 0.073111 0.073107 0.072904 0.072490 0.072066 0.071510 0.070966 0.070413 0.069536 0.068531 0.067504 0.445648 0.447478 0.460796 0.474343 0.485372 0.493494 0.501272 0.502450 0.499864 0.494199 0.490427 0.490846 0.491637 0.494852 0.499371 0.501725 0.496226 0.492300 0.049153 0.048465 0.048786 0.049843 0.050626 0.049998 0.049021 0.048756 0.048521 0.051378 0.051904 0.053460 0.065281 0.075877 -9999.0 -9999.0 -9999.0 -9999.0 -9999.0 -9999.0 -9999.0 -9999.0 -9999.0 -9999.0 -9999.0 -9999.0 -9999.0 -9999.0 -9999.0
-9999.0 0.078065 0.075794 0.073824 0.073482 0.073060 0.073367 0.073362 0.073087 0.072918 0.072617 0.072078 0.071630 0.070993 0.070253 0.069299 0.068350 0.067945 0.457473 0.464380 0.469731 0.475937 0.482145 0.486093 0.482739 0.477223 0.471904 0.474132 0.480542 0.489262 0.497607 0.508746 0.515518 0.508008 0.502740 0.500249 0.050046 0.051251 0.052720 0.053063 0.054771 -9999.0 -9999.0 -9999.0 -9999.0 -9999.0 -9999.0 -9999.0 -9999.0 -9999.0 -9999.0 -9999.0 -9999.0 -9999.0 -9999.0 -9999.0 -9999.0 -9999.0 -9999.0 -9999.0 -9999.0 -9999.0 -9999.0 -9999.0
