tests/3D/Muntatschini_ref_005/output-maps-SE27XX/thetaliqL0007N0001.asc
ncols         108
nrows         156
xllcorner     619971.250000
yllcorner     5169711.250000
cellsize      20.000000
NODATA_value  -9999.0
[rows 87 to 115 of 156, columns 0 to 63 of 108]
-9999.0 -9999.0 -9999.0 -9999.0 0.421857 0.422043 0.422625 0.424793 0.429321 0.430754 0.430356 0.431580 0.434679 0.437541 0.438342 0.437300 0.435932 0.433786 0.429977 0.425395 0.422434 0.421808 0.423053 0.425246 0.427344 0.428362 0.427985 0.426717 0.425418 0.424702 0.424735 0.425727 0.426818 0.426558 0.424412 0.421908 0.420916 0.421490 0.423252 0.425478 0.426959 0.426957 0.425959 0.424854 0.424028 0.423247 0.422354 0.421601 0.421137 0.420717 0.420230 0.419924 0.420026 0.420438 0.420922 0.421294 0.421586 0.421833 0.422007 0.422185 0.422466 -9999.0 -9999.0 -9999.0
-9999.0 -9999.0 -9999.0 -9999.0 0.423191 0.423041 0.423067 0.424822 0.429245 0.430621 0.429864 0.430494 0.433515 0.437235 0.439199 0.438765 0.437792 0.436596 0.433819 0.428841 0.424092 0.421738 0.421651 0.422768 0.424037 0.424622 0.424361 0.423677 0.423055 0.422857 0.423296 0.424510 0.426013 0.426550 0.425293 0.422833 0.421209 0.421049 0.422291 0.424549 0.426327 0.426561 0.426031 0.425600 0.425307 0.424418 0.422993 0.421800 0.421166 0.420755 0.420257 0.419824 0.419759 0.420105 0.420700 0.421237 0.421543 0.421667 0.421704 0.421848 -9999.0 -9999.0 -9999.0 -9999.0
-9999.0 -9999.0 -9999.0 -9999.0 0.424294 0.423706 0.423464 0.424927 0.429444 0.430738 0.429365 0.428974 0.431284 0.435410 0.438670 0.439438 0.439149 0.438839 0.437657 0.433933 0.428604 0.424496 0.422964 0.423148 0.423663 0.423433 0.422374 0.421203 0.420626 0.420782 0.421577 0.422795 0.424251 0.425269 0.425046 0.423352 0.421727 0.421245 0.422057 0.424049 0.425800 0.426012 0.425712 0.425874 0.426206 0.425538 0.423816 0.422216 0.421373 0.420968 0.420488 0.419920 0.419614 0.419774 0.420329 0.421001 0.421444 0.421608 0.421643 -9999.0 -9999.0 -9999.0 -9999.0 -9999.0
-9999.0 -9999.0 -9999.0 -9999.0 0.424488 0.423553 0.423714 0.425166 0.429869 0.431137 0.429394 0.428050 0.429114 0.432488 0.436358 0.438670 0.439652 0.440129 0.440133 0.438311 0.434106 0.429404 0.426574 0.426043 0.426344 0.425672 0.423575 0.421270 0.420071 0.420071 0.420866 0.421942 0.423062 0.424055 0.424183 0.423120 0.421874 0.421503 0.422315 0.424378 0.426104 0.425955 0.425372 0.425778 0.426740 0.426773 0.425119 0.423101 0.421833 0.421316 0.420864 0.420236 0.419713 0.419661 0.420083 0.420727 0.421280 0.421501 -9999.0 -9999.0 -9999.0 -9999.0 -9999.0 -9999.0
-9999.0 -9999.0 -9999.0 -9999.0 0.423647 0.422752 0.422079 0.425742 0.430504 0.431559 0.429551 0.427610 0.427541 0.429616 0.432967 0.435970 0.438006 0.439310 0.440207 0.440111 0.437853 0.434062 0.430844 0.429915 0.430645 0.430840 0.428769 0.425165 0.422440 0.421528 0.421872 0.422756 0.423627 0.424394 0.424351 0.423277 0.422231 0.422088 0.423185 0.425487 0.426952 0.426387 0.425628 0.426166 0.427486 0.428219 0.426986 0.424682 0.422835 0.421953 0.421451 0.420815 0.420150 0.419869 0.420175 0.420924 0.420966 -9999.0 -9999.0 -9999.0 -9999.0 -9999.0 -9999.0 -9999.0
-9999.0 -9999.0 -9999.0 -9999.0 0.422574 0.422152 0.422314 0.426519 0.430865 0.431759 0.430000 0.428003 0.427150 0.427980 0.430229 0.432736 0.434683 0.435957 0.437081 0.438134 0.437949 0.436002 0.433449 0.432400 0.433486 0.435214 0.435116 0.432363 0.428583 0.426038 0.425188 0.425577 0.426255 0.426789 0.426330 0.424850 0.423565 0.423402 0.424672 0.427099 0.428306 0.427703 0.427048 0.427449 0.428644 0.429660 0.429084 0.427000 0.424704 0.423206 0.422382 0.421702 0.420982 0.420451 0.420423 0.421505 -9999.0 -9999.0 -9999.0 -9999.0 -9999.0 -9999.0 -9999.0 -9999.0
-9999.0 -9999.0 -9999.0 -9999.0 0.421267 0.421306 0.423005 0.427479 0.431302 0.432074 0.430726 0.428846 0.427495 0.427605 0.429293 0.431400 0.432716 0.432922 0.432842 0.433355 0.433994 0.433780 0.432540 0.431574 0.432296 0.434597 0.436678 0.436573 0.434034 0.430866 0.428746 0.428194 0.428650 0.429398 0.429186 0.427703 0.426099 0.425610 0.426590 0.428727 0.429638 0.429277 0.428869 0.429110 0.429930 0.430776 0.430754 0.429374 0.427296 0.425360 0.424021 0.423076 0.422245 0.421428 0.420702 0.421151 -9999.0 -9999.0 -9999.0 -9999.0 -9999.0 -9999.0 -9999.0 -9999.0
-9999.0 -9999.0 -9999.0 -9999.0 0.420492 0.421049 0.423178 0.427932 0.431461 0.432480 0.431760 0.430081 0.428214 0.427675 0.429236 0.431911 0.433671 0.433309 0.431574 0.430087 0.429463 0.429323 0.428926 0.428249 0.428184 0.429477 0.431895 0.433988 0.434235 0.432590 0.430371 0.428952 0.428905 0.429902 0.430494 0.429883 0.428651 0.428134 0.428858 0.430480 0.430921 0.430440 0.430075 0.430202 0.430655 0.431095 0.431216 0.430709 0.429491 0.427875 0.426285 0.425042 0.424053 0.423018 0.421519 0.420592 -9999.0 -9999.0 -9999.0 -9999.0 -9999.0 -9999.0 -9999.0 -9999.0
-9999.0 -9999.0 -9999.0 -9999.0 -9999.0 0.421765 0.422868 0.427477 0.430850 0.432136 0.431992 0.430751 0.428762 0.427681 0.428920 0.432345 0.435810 0.436849 0.434893 0.431510 0.428507 0.426822 0.426095 0.425631 0.425167 0.425168 0.426245 0.428266 0.430264 0.430903 0.430041 0.428551 0.427815 0.428393 0.429384 0.429848 0.429664 0.429785 0.430813 0.432184 0.432292 0.431454 0.430823 0.430825 0.431067 0.431055 0.430770 0.430534 0.430214 0.429506 0.428354 0.427133 0.426063 0.425282 0.423815 0.420921 -9999.0 -9999.0 -9999.0 -9999.0 -9999.0 -9999.0 -9999.0 -9999.0
-9999.0 -9999.0 -9999.0 -9999.0 -9999.0 0.421338 0.422400 0.426368 0.429656 0.431168 0.431285 0.430432 0.428709 0.427332 0.427770 0.430988 0.435960 0.439887 0.440447 0.437565 0.432932 0.428960 0.426767 0.425907 0.425372 0.424671 0.424410 0.425062 0.426793 0.428592 0.429380 0.428785 0.427679 0.427245 0.427442 0.427990 0.428620 0.429678 0.431478 0.433082 0.433257 0.432249 0.431295 0.430970 0.430993 0.430947 0.430471 0.429934 0.429675 0.429607 0.429223 0.428595 0.427800 0.426665 0.427237 -9999.0 -9999.0 -9999.0 -9999.0 -9999.0 -9999.0 -9999.0 -9999.0 -9999.0
-9999.0 -9999.0 -9999.0 -9999.0 -9999.0 0.420237 0.421620 0.425316 0.428487 0.430133 0.430204 0.429371 0.427985 0.426640 0.426259 0.428197 0.432968 0.438938 0.442964 0.443100 0.439669 0.434846 0.431101 0.429311 0.428792 0.428104 0.427064 0.426234 0.426592 0.428062 0.429673 0.430318 0.429558 0.428241 0.427014 0.426481 0.426822 0.427964 0.429959 0.431806 0.432516 0.432199 0.431608 0.431004 0.430548 0.430520 0.430295 0.429701 0.429118 0.429037 0.429116 0.428985 0.429011 0.428100 0.427876 -9999.0 -9999.0 -9999.0 -9999.0 -9999.0 -9999.0 -9999.0 -9999.0 -9999.0
-9999.0 -9999.0 -9999.0 -9999.0 -9999.0 0.420004 0.421237 0.424648 0.427846 0.429632 0.429532 0.428325 0.426957 0.425822 0.425039 0.425571 0.428631 0.434353 0.440544 0.444089 0.443686 0.440215 0.436100 0.433319 0.432373 0.431962 0.431119 0.429852 0.429067 0.429598 0.430961 0.432400 0.432667 0.431492 0.429371 0.427433 0.426496 0.426426 0.427557 0.429117 0.430251 0.431003 0.431286 0.430673 0.429701 0.429564 0.429915 0.429823 0.429199 0.428886 0.429139 0.429383 0.428856 0.430404 -9999.0 -9999.0 -9999.0 -9999.0 -9999.0 -9999.0 -9999.0 -9999.0 -9999.0 -9999.0
-9999.0 -9999.0 -9999.0 -9999.0 -9999.0 0.420040 0.421152 0.424231 0.427450 0.429570 0.429609 0.428070 0.426387 0.425228 0.424355 0.423983 0.425277 0.429231 0.435338 0.440841 0.443315 0.442296 0.439205 0.435934 0.433804 0.432815 0.432151 0.431465 0.430696 0.430766 0.431592 0.433089 0.434419 0.434661 0.433483 0.431163 0.428741 0.426984 0.426917 0.427475 0.428096 0.429247 0.430585 0.430616 0.429370 0.428558 0.428886 0.429528 0.429531 0.429332 0.429551 0.430519 0.430096 0.430211 -9999.0 -9999.0 -9999.0 -9999.0 -9999.0 -9999.0 -9999.0 -9999.0 -9999.0 -9999.0
-9999.0 -9999.0 -9999.0 -9999.0 -9999.0 0.420336 0.421014 0.423911 0.427219 0.429590 0.429860 0.428252 0.426460 0.425278 0.424327 0.423359 0.423358 0.425445 0.430308 0.436293 0.440676 0.441881 0.440486 0.437656 0.434540 0.432148 0.430620 0.429940 0.429588 0.429639 0.430141 0.431322 0.433237 0.435200 0.436180 0.435115 0.432525 0.430249 0.429342 0.428377 0.427571 0.427978 0.429628 0.430582 0.429833 0.428569 0.428230 0.428884 0.429453 0.429733 0.429970 0.431017 0.434492 -9999.0 -9999.0 -9999.0 -9999.0 -9999.0 -9999.0 -9999.0 -9999.0 -9999.0 -9999.0 -9999.0
-9999.0 -9999.0 -9999.0 -9999.0 -9999.0 0.420490 0.420922 0.423381 0.426804 0.429520 0.430084 0.428710 0.426892 0.425659 0.424651 0.423435 0.422595 0.423193 0.426286 0.431463 0.436759 0.439814 0.440392 0.439084 0.436459 0.433200 0.430123 0.428123 0.427310 0.427107 0.427342 0.428075 0.429793 0.432499 0.434980 0.435886 0.435267 0.434462 0.433564 0.431530 0.429337 0.428326 0.429381 0.430812 0.430739 0.429179 0.427900 0.427996 0.428780 0.429430 0.429674 0.429877 0.432483 -9999.0 -9999.0 -9999.0 -9999.0 -9999.0 -9999.0 -9999.0 -9999.0 -9999.0 -9999.0 -9999.0
-9999.0 -9999.0 -9999.0 -9999.0 0.419149 0.419427 0.420495 0.422649 0.426049 0.429124 0.430172 0.429185 0.427398 0.426093 0.425108 0.423842 0.422508 0.422031 0.423416 0.426959 0.431812 0.435766 0.437972 0.438655 0.437952 0.435578 0.431974 0.428524 0.426455 0.425466 0.425170 0.425353 0.426384 0.428504 0.430925 0.433239 0.435192 0.436581 0.437043 0.435596 0.432923 0.430460 0.430194 0.431333 0.431716 0.430115 0.427850 0.426891 0.427393 0.428283 0.428791 0.428821 0.428915 -9999.0 -9999.0 -9999.0 -9999.0 -9999.0 -9999.0 -9999.0 -9999.0 -9999.0 -9999.0 -9999.0
-9999.0 -9999.0 -9999.0 -9999.0 0.419189 0.419254 0.420064 0.421875 0.424957 0.428344 0.430105 0.429684 0.427975 0.426538 0.425679 0.424712 0.423154 0.421765 0.421640 0.423318 0.426739 0.430636 0.433710 0.435896 0.437161 0.436713 0.434035 0.430163 0.426991 0.425146 0.424219 0.423852 0.424142 0.425046 0.426582 0.429195 0.432536 0.435423 0.437406 0.437555 0.435874 0.433279 0.431892 0.432158 0.432494 0.430987 0.428018 0.425840 0.425535 0.426250 0.427126 0.427327 0.427434 -9999.0 -9999.0 -9999.0 -9999.0 -9999.0 -9999.0 -9999.0 -9999.0 -9999.0 -9999.0 -9999.0
-9999.0 -9999.0 -9999.0 0.418887 0.418928 0.419312 0.419869 0.421222 0.423769 0.427159 0.429852 0.430342 0.428900 0.427286 0.426415 0.425598 0.424007 0.422010 0.420842 0.421119 0.422958 0.425961 0.429171 0.432097 0.434488 0.435728 0.434711 0.431681 0.428192 0.425670 0.424173 0.423387 0.423108 0.422977 0.423674 0.425645 0.428759 0.431972 0.434747 0.436308 0.436192 0.434682 0.433056 0.432720 0.433073 0.432043 0.428891 0.425542 0.423991 0.424057 0.424815 0.424758 0.424450 -9999.0 -9999.0 -9999.0 -9999.0 -9999.0 -9999.0 -9999.0 -9999.0 -9999.0 -9999.0 -9999.0
-9999.0 -9999.0 -9999.0 0.418908 0.418870 0.419167 0.419642 0.420651 0.422632 0.425665 0.428843 0.430472 0.429994 0.428539 0.427272 0.426105 0.424445 0.422184 0.420474 0.419942 0.420628 0.422494 0.425160 0.428279 0.431305 0.433677 0.434151 0.432444 0.429468 0.426717 0.424948 0.423970 0.423294 0.422522 0.422504 0.423508 0.425616 0.428297 0.430879 0.432895 0.433885 0.433640 0.432607 0.432283 0.432810 0.432735 0.430502 0.426769 0.423880 0.422849 0.422734 0.422396 0.422765 -9999.0 -9999.0 -9999.0 -9999.0 -9999.0 -9999.0 -9999.0 -9999.0 -9999.0 -9999.0 -9999.0
-9999.0 -9999.0 0.418515 0.418795 0.419000 0.419075 0.419374 0.420104 0.421568 0.424031 0.427069 0.429426 0.430149 0.429394 0.428113 0.426702 0.424864 0.422439 0.420447 0.419459 0.419396 0.420176 0.421881 0.424511 0.427700 0.430920 0.432898 0.432792 0.430774 0.428123 0.426247 0.425260 0.424502 0.423645 0.423083 0.423190 0.424235 0.426079 0.428004 0.429796 0.431089 0.431508 0.431028 0.430632 0.431076 0.431963 0.431594 0.428995 0.425565 0.423541 0.422694 0.421802 -9999.0 -9999.0 -9999.0 -9999.0 -9999.0 -9999.0 -9999.0 -9999.0 -9999.0 -9999.0 -9999.0 -9999.0
-9999.0 -9999.0 0.418726 0.418840 0.418994 0.419036 0.419194 0.419676 0.420670 0.422409 0.424768 0.427151 0.428872 0.429502 0.429443 0.428426 0.426181 0.423130 0.420685 0.419395 0.418922 0.419035 0.419766 0.421443 0.424046 0.427331 0.430284 0.431777 0.431288 0.429423 0.427666 0.426682 0.426109 0.425657 0.424963 0.424468 0.424653 0.425629 0.426977 0.428526 0.429892 0.430538 0.430056 0.428985 0.428582 0.429499 0.430714 0.430333 0.427879 0.425284 0.425246 -9999.0 -9999.0 -9999.0 -9999.0 -9999.0 -9999.0 -9999.0 -9999.0 -9999.0 -9999.0 -9999.0 -9999.0 -9999.0
-9999.0 -9999.0 0.419196 0.418966 0.418937 0.418959 0.419065 0.419369 0.420038 0.421226 0.422927 0.424845 0.426953 0.429041 0.430799 0.430839 0.428507 0.424785 0.421653 0.419931 0.419115 0.418820 0.418949 0.419675 0.421185 0.423552 0.426366 0.428721 0.429607 0.428873 0.427560 0.426723 0.426592 0.426868 0.426673 0.426158 0.425997 0.426501 0.427566 0.429078 0.430695 0.431510 0.430595 0.428456 0.426839 0.426799 0.428087 0.429209 0.428640 0.425854 0.424952 -9999.0 -9999.0 -9999.0 -9999.0 -9999.0 -9999.0 -9999.0 -9999.0 -9999.0 -9999.0 -9999.0 -9999.0 -9999.0
-9999.0 -9999.0 0.419076 0.418862 0.418814 0.418824 0.418923 0.419128 0.419590 0.420448 0.421828 0.423528 0.425653 0.428226 0.431110 0.432768 0.431736 0.428231 0.424424 0.421965 0.420536 0.419607 0.419127 0.419170 0.419728 0.420839 0.422536 0.424495 0.425980 0.426273 0.425689 0.425156 0.425365 0.426056 0.426422 0.426262 0.426274 0.426890 0.428111 0.429972 0.432303 0.433851 0.433115 0.430338 0.427509 0.425963 0.425890 0.426628 0.427333 0.426431 0.423956 -9999.0 -9999.0 -9999.0 -9999.0 -9999.0 -9999.0 -9999.0 -9999.0 -9999.0 -9999.0 -9999.0 -9999.0 -9999.0
-9999.0 0.418180 0.418540 0.418695 0.418683 0.418690 0.418775 0.418912 0.419227 0.419885 0.421094 0.422757 0.424750 0.427236 0.430405 0.433495 0.434598 0.432711 0.429207 0.426110 0.423794 0.421922 0.420450 0.419637 0.419485 0.419752 0.420301 0.421205 0.422228 0.422837 0.422877 0.422801 0.423290 0.424148 0.424649 0.424491 0.424418 0.425200 0.426778 0.429309 0.432584 0.435300 0.435820 0.433858 0.430974 0.428377 0.426574 0.425476 0.425108 0.426977 -9999.0 -9999.0 -9999.0 -9999.0 -9999.0 -9999.0 -9999.0 -9999.0 -9999.0 -9999.0 -9999.0 -9999.0 -9999.0 -9999.0
-9999.0 0.418198 0.418442 0.418623 0.418659 0.418692 0.418754 0.418804 0.418923 0.419344 0.420298 0.421871 0.423778 0.426001 0.428901 0.432456 0.435357 0.435777 0.433636 0.430496 0.427735 0.425418 0.423158 0.421355 0.420325 0.419877 0.419745 0.419973 0.420456 0.420804 0.420876 0.420926 0.421474 0.422424 0.422987 0.422662 0.422051 0.422281 0.423562 0.426155 0.429899 0.433771 0.436303 0.436413 0.434866 0.432630 0.430214 0.427507 0.424505 0.424568 -9999.0 -9999.0 -9999.0 -9999.0 -9999.0 -9999.0 -9999.0 -9999.0 -9999.0 -9999.0 -9999.0 -9999.0 -9999.0 -9999.0
-9999.0 0.418395 0.418590 0.418677 0.418745 0.418838 0.418906 0.418872 0.418789 0.418922 0.419478 0.420631 0.422241 0.424160 0.426515 0.429722 0.433229 0.435452 0.435103 0.433019 0.430755 0.428773 0.426674 0.424567 0.422718 0.421432 0.420722 0.420590 0.420689 0.420691 0.420489 0.420285 0.420522 0.421280 0.422014 0.421948 0.421101 0.420593 0.420961 0.422491 0.425181 0.428641 0.432122 0.434280 0.434950 0.434510 0.433224 0.430525 0.426094 0.423303 -9999.0 -9999.0 -9999.0 -9999.0 -9999.0 -9999.0 -9999.0 -9999.0 -9999.0 -9999.0 -9999.0 -9999.0 -9999.0 -9999.0
-9999.0 0.418541 0.418657 0.418795 0.418873 0.419043 0.419190 0.419131 0.418878 0.418750 0.418944 0.419575 0.420627 0.422006 0.423767 0.426150 0.429263 0.432219 0.433734 0.433429 0.432042 0.430738 0.429576 0.428254 0.426668 0.425355 0.424490 0.423880 0.423340 0.422665 0.421759 0.420801 0.420266 0.420482 0.421345 0.422051 0.421712 0.420859 0.420377 0.420613 0.421805 0.423625 0.425580 0.427682 0.429201 0.430246 0.430688 0.429534 0.426095 0.424047 -9999.0 -9999.0 -9999.0 -9999.0 -9999.0 -9999.0 -9999.0 -9999.0 -9999.0 -9999.0 -9999.0 -9999.0 -9999.0 -9999.0
-9999.0 0.418567 0.418712 0.418857 0.418956 0.419186 0.419453 0.419481 0.419176 0.418849 0.418771 0.419006 0.419546 0.420337 0.421476 0.423121 0.425554 0.428636 0.431252 0.432275 0.431885 0.431280 0.430823 0.430333 0.429714 0.429067 0.428355 0.427480 0.426778 0.425965 0.424654 0.422683 0.420920 0.420320 0.421028 0.422458 0.423315 0.422923 0.421899 0.420873 0.420863 0.422278 0.423148 0.424120 0.425621 0.427114 0.428344 0.427403 0.426476 -9999.0 -9999.0 -9999.0 -9999.0 -9999.0 -9999.0 -9999.0 -9999.0 -9999.0 -9999.0 -9999.0 -9999.0 -9999.0 -9999.0 -9999.0
-9999.0 0.418633 0.418780 0.418917 0.419044 0.419332 0.419696 0.419854 0.419622 0.419197 0.418911 0.418886 0.419111 0.419530 0.420235 0.421419 0.423437 0.426337 0.429075 0.430689 0.430970 0.430698 0.430437 0.430357 0.430315 0.429887 0.429139 0.428393 0.428106 0.427918 0.427121 0.425080 0.422518 0.421030 0.421138 0.422573 0.424511 0.425559 0.424894 0.423107 0.421311 -9999.0 -9999.0 -9999.0 -9999.0 -9999.0 -9999.0 -9999.0 -9999.0 -9999.0 -9999.0 -9999.0 -9999.0 -9999.0 -9999.0 -9999.0 -9999.0 -9999.0 -9999.0 -9999.0 -9999.0 -9999.0 -9999.0 -9999.0
