tests/3D/Muntatschini_ref_005/output-maps-SE27XX/thetaliqL0010N0002.asc
ncols         108
nrows         156
xllcorner     619971.250000
yllcorner     5169711.250000
cellsize      20.000000
NODATA_value  -9999.0
[rows 87 to 115 of 156, columns 0 to 63 of 108]
-9999.0 -9999.0 -9999.0 -9999.0 0.439585 0.439802 0.440329 0.442279 0.446326 0.447593 0.447236 0.448329 0.451077 0.453596 0.454287 0.453359 0.452144 0.450236 0.446842 0.442774 0.440114 0.439559 0.440690 0.442670 0.444553 0.445461 0.445118 0.443955 0.442793 0.442155 0.442212 0.443105 0.444038 0.444016 0.442072 0.439797 0.438894 0.439417 0.441021 0.443040 0.444378 0.444376 0.443474 0.442473 0.441724 0.441015 0.440204 0.439518 0.439095 0.438712 0.438268 0.437989 0.438083 0.438459 0.438900 0.439238 0.439505 0.439729 0.439887 0.440061 0.440318 -9999.0 -9999.0 -9999.0
-9999.0 -9999.0 -9999.0 -9999.0 0.440792 0.440706 0.440729 0.442307 0.446262 0.447478 0.446799 0.447363 0.450049 0.453330 0.455044 0.454649 0.453784 0.452721 0.450254 0.445854 0.441596 0.439482 0.439413 0.440428 0.441577 0.442104 0.441870 0.441254 0.440694 0.440520 0.440919 0.442014 0.443337 0.444008 0.442870 0.440638 0.439160 0.439015 0.440147 0.442198 0.443807 0.444019 0.443540 0.443149 0.442884 0.442077 0.440784 0.439699 0.439122 0.438747 0.438293 0.437898 0.437838 0.438154 0.438697 0.439187 0.439465 0.439578 0.439612 0.439743 -9999.0 -9999.0 -9999.0 -9999.0
-9999.0 -9999.0 -9999.0 -9999.0 0.441789 0.441307 0.441087 0.442403 0.446440 0.447580 0.446348 0.446000 0.448064 0.451720 0.454581 0.455241 0.454980 0.454747 0.453694 0.450388 0.445639 0.441960 0.440588 0.440759 0.441227 0.441021 0.440069 0.439014 0.438495 0.438640 0.439361 0.440462 0.441774 0.442647 0.442647 0.441110 0.439632 0.439194 0.439934 0.441744 0.443331 0.443522 0.443251 0.443397 0.443697 0.443093 0.441531 0.440078 0.439310 0.438942 0.438504 0.437985 0.437706 0.437852 0.438359 0.438972 0.439375 0.439524 0.439557 -9999.0 -9999.0 -9999.0 -9999.0 -9999.0
-9999.0 -9999.0 -9999.0 -9999.0 0.441968 0.441172 0.441313 0.442618 0.446822 0.447936 0.446372 0.445169 0.446122 0.449128 0.452549 0.454622 0.455479 0.455891 0.455884 0.454268 0.450543 0.446359 0.443833 0.443361 0.443631 0.443023 0.441135 0.439059 0.437981 0.437987 0.438710 0.439682 0.440695 0.441591 0.441670 0.440899 0.439766 0.439429 0.440168 0.442043 0.443605 0.443471 0.442943 0.443310 0.444180 0.444210 0.442713 0.440882 0.439729 0.439258 0.438847 0.438274 0.437797 0.437749 0.438135 0.438722 0.439226 0.439427 -9999.0 -9999.0 -9999.0 -9999.0 -9999.0 -9999.0
-9999.0 -9999.0 -9999.0 -9999.0 0.441213 0.440452 0.439843 0.443136 0.447385 0.448307 0.446506 0.444767 0.444707 0.446603 0.449590 0.452248 0.454041 0.455182 0.455964 0.455867 0.453869 0.450512 0.447653 0.446830 0.447480 0.447647 0.445790 0.442557 0.440109 0.439293 0.439609 0.440409 0.441197 0.441891 0.441851 0.440855 0.440091 0.439961 0.440960 0.443047 0.444371 0.443860 0.443174 0.443661 0.444854 0.445516 0.444402 0.442316 0.440640 0.439838 0.439382 0.438802 0.438195 0.437939 0.438219 0.438901 0.438940 -9999.0 -9999.0 -9999.0 -9999.0 -9999.0 -9999.0 -9999.0
-9999.0 -9999.0 -9999.0 -9999.0 0.440253 0.439906 0.440051 0.443829 0.447703 0.448482 0.446904 0.445116 0.444386 0.445133 0.447147 0.449381 0.451109 0.452232 0.453224 0.454145 0.453970 0.452240 0.449978 0.449050 0.450019 0.451546 0.451449 0.448999 0.445632 0.443358 0.442600 0.442952 0.443562 0.444042 0.443627 0.442296 0.441128 0.440992 0.442142 0.444319 0.445393 0.444823 0.444458 0.444821 0.445921 0.446598 0.446045 0.444415 0.442337 0.440977 0.440228 0.439610 0.438954 0.438470 0.438444 0.439430 -9999.0 -9999.0 -9999.0 -9999.0 -9999.0 -9999.0 -9999.0 -9999.0
-9999.0 -9999.0 -9999.0 -9999.0 0.439229 0.439270 0.440703 0.444720 0.448124 0.448758 0.447548 0.445903 0.444692 0.444794 0.446306 0.448186 0.449355 0.449537 0.449468 0.449923 0.450485 0.450286 0.449179 0.448324 0.448973 0.451018 0.452853 0.452749 0.450498 0.447682 0.445794 0.445305 0.445715 0.446384 0.446188 0.444859 0.443426 0.442998 0.443884 0.445794 0.446602 0.446276 0.445890 0.446082 0.447079 0.447619 0.447585 0.446302 0.444682 0.442931 0.441717 0.440859 0.440104 0.439360 0.438699 0.439108 -9999.0 -9999.0 -9999.0 -9999.0 -9999.0 -9999.0 -9999.0 -9999.0
-9999.0 -9999.0 -9999.0 -9999.0 0.438509 0.439016 0.440985 0.445131 0.448267 0.449161 0.448511 0.447006 0.445333 0.444854 0.446256 0.448641 0.450198 0.449870 0.448326 0.447003 0.446448 0.446321 0.445964 0.445358 0.445304 0.446467 0.448626 0.450482 0.450695 0.449228 0.447252 0.445989 0.445952 0.446843 0.447365 0.446818 0.445719 0.445268 0.445919 0.447362 0.447750 0.447320 0.446998 0.447111 0.447486 0.447901 0.448003 0.447543 0.446405 0.445204 0.443768 0.442643 0.441746 0.440807 0.439443 0.438598 -9999.0 -9999.0 -9999.0 -9999.0 -9999.0 -9999.0 -9999.0 -9999.0
-9999.0 -9999.0 -9999.0 -9999.0 -9999.0 0.439668 0.440689 0.444724 0.447726 0.448860 0.448723 0.447607 0.445823 0.444858 0.445974 0.449032 0.452097 0.453001 0.451262 0.448254 0.445577 0.444072 0.443422 0.443005 0.442589 0.442594 0.443569 0.445385 0.447168 0.447732 0.446960 0.445629 0.444975 0.445496 0.446380 0.446795 0.446633 0.446750 0.447666 0.448883 0.448974 0.448229 0.447670 0.447669 0.447881 0.447863 0.447606 0.447393 0.447104 0.446421 0.445636 0.444535 0.443567 0.442861 0.441530 0.438899 -9999.0 -9999.0 -9999.0 -9999.0 -9999.0 -9999.0 -9999.0 -9999.0
-9999.0 -9999.0 -9999.0 -9999.0 -9999.0 0.439280 0.440262 0.443731 0.446660 0.448000 0.448094 0.447323 0.445777 0.444545 0.444945 0.447829 0.452243 0.455693 0.456167 0.453616 0.449510 0.445971 0.444011 0.443241 0.442761 0.442132 0.441902 0.442497 0.444059 0.445670 0.446373 0.445837 0.444849 0.444464 0.444643 0.445140 0.445708 0.446662 0.448266 0.449688 0.449838 0.448941 0.448093 0.447800 0.447816 0.447769 0.447339 0.446859 0.446626 0.446564 0.446138 0.445854 0.445137 0.444112 0.444627 -9999.0 -9999.0 -9999.0 -9999.0 -9999.0 -9999.0 -9999.0 -9999.0 -9999.0
-9999.0 -9999.0 -9999.0 -9999.0 -9999.0 0.438276 0.439537 0.442927 0.445618 0.447075 0.447129 0.446376 0.445131 0.443924 0.443586 0.445334 0.449599 0.454879 0.458393 0.458491 0.455469 0.451209 0.447883 0.446289 0.445826 0.445209 0.444281 0.443541 0.443870 0.445192 0.446634 0.447208 0.446526 0.445352 0.444255 0.443785 0.444098 0.445133 0.446917 0.448562 0.449189 0.448902 0.448372 0.447827 0.447417 0.447387 0.447183 0.446650 0.446129 0.446023 0.446091 0.445931 0.446229 0.445407 0.445207 -9999.0 -9999.0 -9999.0 -9999.0 -9999.0 -9999.0 -9999.0 -9999.0 -9999.0
-9999.0 -9999.0 -9999.0 -9999.0 -9999.0 0.438063 0.439188 0.442308 0.445040 0.446624 0.446524 0.445442 0.444212 0.443188 0.442485 0.442973 0.445729 0.450837 0.456296 0.459379 0.459008 0.455956 0.452327 0.449866 0.449030 0.448664 0.447913 0.446783 0.446087 0.446568 0.447790 0.449070 0.449304 0.448257 0.446362 0.444634 0.443803 0.443752 0.444769 0.446164 0.447173 0.447840 0.448084 0.447531 0.446660 0.446536 0.446847 0.446760 0.446200 0.445888 0.446115 0.446326 0.445843 0.447195 -9999.0 -9999.0 -9999.0 -9999.0 -9999.0 -9999.0 -9999.0 -9999.0 -9999.0 -9999.0
-9999.0 -9999.0 -9999.0 -9999.0 -9999.0 0.438096 0.439110 0.441929 0.444687 0.446568 0.446560 0.445394 0.443891 0.442659 0.441870 0.441538 0.442713 0.446271 0.451711 0.456554 0.458705 0.457798 0.455078 0.452192 0.450311 0.449434 0.448844 0.448230 0.447548 0.447616 0.448358 0.449692 0.450872 0.451081 0.450030 0.447970 0.445814 0.444248 0.444187 0.444687 0.445240 0.446270 0.447458 0.447476 0.446358 0.445633 0.445927 0.446499 0.446464 0.446288 0.446488 0.447359 0.446885 0.447123 -9999.0 -9999.0 -9999.0 -9999.0 -9999.0 -9999.0 -9999.0 -9999.0 -9999.0 -9999.0
-9999.0 -9999.0 -9999.0 -9999.0 -9999.0 0.438366 0.438984 0.441619 0.444651 0.446589 0.446812 0.445322 0.443926 0.442871 0.442021 0.440978 0.440977 0.442869 0.447236 0.452555 0.456405 0.457448 0.456215 0.453720 0.450966 0.448843 0.447484 0.446878 0.446566 0.446616 0.447070 0.448128 0.449834 0.451573 0.452436 0.451492 0.449194 0.447166 0.446350 0.445482 0.444759 0.445128 0.446601 0.447445 0.446770 0.445640 0.445340 0.445892 0.446397 0.446649 0.446864 0.447818 0.450824 -9999.0 -9999.0 -9999.0 -9999.0 -9999.0 -9999.0 -9999.0 -9999.0 -9999.0 -9999.0 -9999.0
-9999.0 -9999.0 -9999.0 -9999.0 -9999.0 0.438507 0.438901 0.441137 0.444262 0.446524 0.447009 0.445774 0.444103 0.443203 0.442289 0.441210 0.440288 0.440835 0.443628 0.448268 0.452965 0.455648 0.456146 0.454988 0.452666 0.449773 0.447033 0.445249 0.444527 0.444351 0.444565 0.445226 0.446767 0.449184 0.451391 0.452192 0.451637 0.450915 0.450106 0.448291 0.446332 0.445433 0.446378 0.447651 0.447578 0.446183 0.445008 0.445097 0.445799 0.446381 0.446600 0.446767 0.449195 -9999.0 -9999.0 -9999.0 -9999.0 -9999.0 -9999.0 -9999.0 -9999.0 -9999.0 -9999.0 -9999.0
-9999.0 -9999.0 -9999.0 -9999.0 0.437281 0.437536 0.438510 0.440472 0.443578 0.446174 0.447089 0.446200 0.444576 0.443595 0.442703 0.441555 0.440355 0.439932 0.441047 0.444242 0.448580 0.452087 0.454031 0.454625 0.453994 0.451885 0.448680 0.445604 0.443756 0.442872 0.442609 0.442777 0.443711 0.445623 0.447794 0.449855 0.451580 0.452800 0.453196 0.451905 0.449528 0.447334 0.447101 0.448118 0.448454 0.446985 0.444960 0.444106 0.444559 0.445359 0.445810 0.445840 0.445969 -9999.0 -9999.0 -9999.0 -9999.0 -9999.0 -9999.0 -9999.0 -9999.0 -9999.0 -9999.0 -9999.0
-9999.0 -9999.0 -9999.0 -9999.0 0.437318 0.437378 0.438118 0.439769 0.442568 0.445668 0.447044 0.446649 0.445115 0.443807 0.443016 0.442344 0.440930 0.439667 0.439567 0.441111 0.444050 0.447532 0.450266 0.452199 0.453307 0.452899 0.450517 0.447070 0.444236 0.442581 0.441749 0.441421 0.441691 0.442516 0.443905 0.446250 0.449227 0.451784 0.453529 0.453649 0.452151 0.449846 0.448617 0.448855 0.449111 0.447760 0.445108 0.443160 0.442893 0.443537 0.444322 0.444502 0.444642 -9999.0 -9999.0 -9999.0 -9999.0 -9999.0 -9999.0 -9999.0 -9999.0 -9999.0 -9999.0 -9999.0
-9999.0 -9999.0 -9999.0 0.437042 0.437080 0.437431 0.437940 0.439173 0.441490 0.444560 0.447028 0.447244 0.445938 0.444493 0.443713 0.442943 0.441705 0.439890 0.438827 0.439080 0.440783 0.443348 0.446220 0.448828 0.450949 0.452039 0.451125 0.448426 0.445310 0.443048 0.441703 0.440999 0.440756 0.440647 0.441281 0.443060 0.445856 0.448725 0.451187 0.452557 0.452443 0.451097 0.449657 0.449359 0.449627 0.448700 0.445885 0.442888 0.441501 0.441565 0.442246 0.442197 0.441972 -9999.0 -9999.0 -9999.0 -9999.0 -9999.0 -9999.0 -9999.0 -9999.0 -9999.0 -9999.0 -9999.0
-9999.0 -9999.0 -9999.0 0.437062 0.437026 0.437299 0.437733 0.438653 0.440457 0.443208 0.446102 0.447362 0.446919 0.445618 0.444486 0.443419 0.442102 0.440049 0.438491 0.438006 0.438633 0.440360 0.442624 0.445418 0.448121 0.450225 0.450635 0.449109 0.446450 0.443987 0.442399 0.441523 0.440922 0.440230 0.440217 0.441128 0.443032 0.445439 0.447745 0.449535 0.450408 0.450184 0.449264 0.448933 0.449396 0.449319 0.447321 0.443983 0.441393 0.440469 0.440376 0.440042 0.440429 -9999.0 -9999.0 -9999.0 -9999.0 -9999.0 -9999.0 -9999.0 -9999.0 -9999.0 -9999.0 -9999.0
-9999.0 -9999.0 0.436702 0.436959 0.437145 0.437214 0.437487 0.438154 0.439489 0.441728 0.444499 0.446440 0.447071 0.446390 0.445243 0.443978 0.442288 0.440281 0.438467 0.437565 0.437508 0.438220 0.439800 0.442037 0.444898 0.447774 0.449526 0.449420 0.447615 0.445244 0.443566 0.442686 0.442011 0.441238 0.440733 0.440833 0.441779 0.443441 0.445167 0.446770 0.447923 0.448292 0.447822 0.447463 0.447857 0.448638 0.448301 0.445975 0.442906 0.441098 0.440300 0.439541 -9999.0 -9999.0 -9999.0 -9999.0 -9999.0 -9999.0 -9999.0 -9999.0 -9999.0 -9999.0 -9999.0 -9999.0
-9999.0 -9999.0 0.436895 0.436999 0.437140 0.437179 0.437323 0.437763 0.438670 0.440255 0.442396 0.444571 0.446146 0.446501 0.446436 0.445519 0.443477 0.440909 0.438683 0.437506 0.437074 0.437178 0.437846 0.439400 0.441616 0.444566 0.447200 0.448523 0.448078 0.446410 0.444842 0.443965 0.443456 0.443048 0.442423 0.441979 0.442149 0.443029 0.444241 0.445632 0.446853 0.447388 0.446952 0.445991 0.445630 0.446447 0.447525 0.447175 0.444979 0.442672 0.442591 -9999.0 -9999.0 -9999.0 -9999.0 -9999.0 -9999.0 -9999.0 -9999.0 -9999.0 -9999.0 -9999.0 -9999.0 -9999.0
-9999.0 -9999.0 0.437325 0.437115 0.437088 0.437108 0.437205 0.437483 0.438094 0.439177 0.440725 0.442466 0.444395 0.446093 0.447647 0.447668 0.445549 0.442410 0.439564 0.437995 0.437250 0.436981 0.437099 0.437762 0.439150 0.441324 0.443701 0.445799 0.446584 0.445924 0.444752 0.444007 0.443894 0.444140 0.443963 0.443499 0.443356 0.443810 0.444768 0.446125 0.447531 0.448250 0.447427 0.445513 0.444065 0.444031 0.445186 0.446183 0.445662 0.443149 0.442457 -9999.0 -9999.0 -9999.0 -9999.0 -9999.0 -9999.0 -9999.0 -9999.0 -9999.0 -9999.0 -9999.0 -9999.0 -9999.0
-9999.0 -9999.0 0.437215 0.437020 0.436976 0.436985 0.437075 0.437263 0.437685 0.438468 0.439725 0.441271 0.443218 0.445366 0.447925 0.449386 0.448424 0.445524 0.442082 0.439849 0.438547 0.437699 0.437262 0.437301 0.437811 0.438825 0.440397 0.442013 0.443339 0.443599 0.443074 0.442600 0.442792 0.443413 0.443741 0.443596 0.443608 0.444162 0.445261 0.446893 0.448967 0.450331 0.449666 0.447186 0.444658 0.443275 0.443215 0.443880 0.444510 0.443638 0.441493 -9999.0 -9999.0 -9999.0 -9999.0 -9999.0 -9999.0 -9999.0 -9999.0 -9999.0 -9999.0 -9999.0 -9999.0 -9999.0
-9999.0 0.436395 0.436725 0.436867 0.436855 0.436862 0.436940 0.437065 0.437353 0.437955 0.439057 0.440571 0.442379 0.444665 0.447312 0.450040 0.450971 0.449552 0.446405 0.443621 0.441315 0.439810 0.438469 0.437727 0.437589 0.437833 0.438334 0.439180 0.439962 0.440508 0.440544 0.440478 0.440923 0.441665 0.442115 0.441972 0.441910 0.442617 0.444039 0.446306 0.449222 0.451621 0.452069 0.450322 0.447756 0.445436 0.443823 0.442840 0.442522 0.444159 -9999.0 -9999.0 -9999.0 -9999.0 -9999.0 -9999.0 -9999.0 -9999.0 -9999.0 -9999.0 -9999.0 -9999.0 -9999.0 -9999.0
-9999.0 0.436412 0.436635 0.436801 0.436834 0.436864 0.436921 0.436967 0.437075 0.437460 0.438331 0.439764 0.441498 0.443512 0.446173 0.449141 0.451691 0.452015 0.450116 0.447326 0.444863 0.442984 0.440934 0.439293 0.438355 0.437946 0.437826 0.438034 0.438492 0.438665 0.438730 0.438779 0.439279 0.440107 0.440614 0.440319 0.439773 0.439988 0.441150 0.443487 0.446838 0.450278 0.452510 0.452597 0.451222 0.449234 0.447079 0.444655 0.441946 0.442094 -9999.0 -9999.0 -9999.0 -9999.0 -9999.0 -9999.0 -9999.0 -9999.0 -9999.0 -9999.0 -9999.0 -9999.0 -9999.0 -9999.0
-9999.0 0.436592 0.436771 0.436850 0.436913 0.436997 0.437060 0.437029 0.436953 0.437075 0.437582 0.438635 0.440101 0.441845 0.443978 0.446915 0.449833 0.451782 0.451463 0.449607 0.447586 0.445790 0.443911 0.442020 0.440359 0.439201 0.438550 0.438596 0.438697 0.438554 0.438374 0.438193 0.438412 0.439099 0.439731 0.439669 0.438907 0.438456 0.438797 0.440185 0.442610 0.445716 0.448820 0.450731 0.451315 0.450919 0.449770 0.447356 0.443386 0.440926 -9999.0 -9999.0 -9999.0 -9999.0 -9999.0 -9999.0 -9999.0 -9999.0 -9999.0 -9999.0 -9999.0 -9999.0 -9999.0 -9999.0
-9999.0 0.436726 0.436832 0.436959 0.437029 0.437185 0.437319 0.437265 0.437034 0.436917 0.437095 0.437671 0.438631 0.439888 0.441488 0.443648 0.446503 0.448933 0.450264 0.449979 0.448736 0.447568 0.446529 0.445344 0.443919 0.442741 0.441966 0.441408 0.440925 0.440329 0.439512 0.438649 0.438169 0.438368 0.439120 0.439758 0.439452 0.438688 0.438259 0.438484 0.439559 0.441195 0.442992 0.444861 0.446221 0.447151 0.447538 0.446496 0.443395 0.441563 -9999.0 -9999.0 -9999.0 -9999.0 -9999.0 -9999.0 -9999.0 -9999.0 -9999.0 -9999.0 -9999.0 -9999.0 -9999.0 -9999.0
-9999.0 0.436750 0.436883 0.437015 0.437106 0.437315 0.437560 0.437585 0.437307 0.437008 0.436936 0.437151 0.437645 0.438367 0.439405 0.440902 0.443127 0.445741 0.448060 0.448957 0.448601 0.448059 0.447649 0.447209 0.446653 0.446079 0.445446 0.444665 0.444035 0.443302 0.442120 0.440341 0.438750 0.438213 0.438860 0.440125 0.440897 0.440544 0.439624 0.438701 0.438733 0.440032 0.440693 0.441614 0.442973 0.444312 0.445408 0.444548 0.443732 -9999.0 -9999.0 -9999.0 -9999.0 -9999.0 -9999.0 -9999.0 -9999.0 -9999.0 -9999.0 -9999.0 -9999.0 -9999.0 -9999.0 -9999.0
-9999.0 0.436810 0.436945 0.437070 0.437186 0.437450 0.437782 0.437926 0.437714 0.437326 0.437064 0.437042 0.437247 0.437630 0.438273 0.439353 0.441188 0.443853 0.446118 0.447546 0.447793 0.447548 0.447313 0.447238 0.447202 0.446824 0.446158 0.445491 0.445231 0.445058 0.444337 0.442498 0.440189 0.438850 0.438957 0.440260 0.441977 0.442917 0.442317 0.440715 0.439086 -9999.0 -9999.0 -9999.0 -9999.0 -9999.0 -9999.0 -9999.0 -9999.0 -9999.0 -9999.0 -9999.0 -9999.0 -9999.0 -9999.0 -9999.0 -9999.0 -9999.0 -9999.0 -9999.0 -9999.0 -9999.0 -9999.0 -9999.0
