tests/3D/Muntatschini_ref_005/output-maps-SE27XX/thetaliqL0004N0009.asc
ncols         108
nrows         156
xllcorner     619971.250000
yllcorner     5169711.250000
cellsize      20.000000
NODATA_value  -9999.0
[rows 58 to 86 of 156, columns 0 to 63 of 108]
-9999.0 -9999.0 -9999.0 -9999.0 -9999.0 -9999.0 -9999.0 -9999.0 -9999.0 -9999.0 -9999.0 -9999.0 -9999.0 -9999.0 -9999.0 -9999.0 -9999.0 -9999.0 -9999.0 -9999.0 -9999.0 -9999.0 -9999.0 -9999.0 -9999.0 -9999.0 -9999.0 -9999.0 -9999.0 -9999.0 -9999.0 -9999.0 -9999.0 -9999.0 -9999.0 -9999.0 0.410895 0.410270 0.408668 0.408325 0.408060 0.408330 0.409214 0.412395 0.414310 0.416224 0.417651 0.418390 0.418383 0.417889 0.417051 0.416139 0.415184 0.414394 0.413932 0.413883 0.414194 0.415344 0.415894 0.416070 0.415616 0.414788 0.413941 0.413338
-9999.0 -9999.0 -9999.0 -9999.0 -9999.0 -9999.0 -9999.0 -9999.0 -9999.0 -9999.0 -9999.0 -9999.0 -9999.0 -9999.0 -9999.0 -9999.0 -9999.0 -9999.0 -9999.0 -9999.0 -9999.0 -9999.0 -9999.0 -9999.0 -9999.0 -9999.0 -9999.0 -9999.0 -9999.0 -9999.0 -9999.0 -9999.0 -9999.0 -9999.0 -9999.0 0.412952 0.412675 0.410028 0.409330 0.408651 0.408103 0.408121 0.408828 0.410407 0.413970 0.415861 0.417047 0.417496 0.417442 0.417208 0.416734 0.416183 0.415517 0.414844 0.414252 0.413873 0.413869 0.414390 0.415727 0.416273 0.416075 0.415281 0.414342 0.413572
-9999.0 -9999.0 -9999.0 -9999.0 -9999.0 -9999.0 -9999.0 -9999.0 -9999.0 -9999.0 -9999.0 -9999.0 -9999.0 -9999.0 -9999.0 -9999.0 -9999.0 -9999.0 -9999.0 -9999.0 -9999.0 -9999.0 -9999.0 -9999.0 -9999.0 -9999.0 -9999.0 -9999.0 -9999.0 -9999.0 -9999.0 -9999.0 0.408066 0.411791 0.414489 0.414154 0.413272 0.411050 0.410154 0.409189 0.408564 0.408388 0.408844 0.409949 0.412027 0.415730 0.416968 0.417285 0.417059 0.416762 0.416371 0.416009 0.415593 0.415118 0.414587 0.414062 0.413761 0.413991 0.414751 0.416121 0.416337 0.415866 0.415052 0.414254
-9999.0 -9999.0 -9999.0 -9999.0 -9999.0 -9999.0 -9999.0 -9999.0 -9999.0 -9999.0 -9999.0 -9999.0 -9999.0 -9999.0 -9999.0 -9999.0 -9999.0 -9999.0 -9999.0 -9999.0 -9999.0 -9999.0 -9999.0 -9999.0 -9999.0 -9999.0 -9999.0 -9999.0 -9999.0 -9999.0 0.410292 0.411220 0.410081 0.411611 0.413160 0.414169 0.412423 0.411878 0.410772 0.409566 0.408768 0.408541 0.408622 0.409375 0.411180 0.415071 0.416652 0.417316 0.417226 0.416830 0.416338 0.415922 0.415595 0.415238 0.414799 0.414211 0.413692 0.413591 0.414108 0.414905 0.416008 0.416024 0.415639 0.415062
-9999.0 -9999.0 -9999.0 -9999.0 -9999.0 -9999.0 -9999.0 -9999.0 -9999.0 -9999.0 -9999.0 -9999.0 -9999.0 -9999.0 -9999.0 -9999.0 -9999.0 -9999.0 -9999.0 -9999.0 -9999.0 -9999.0 -9999.0 -9999.0 -9999.0 -9999.0 -9999.0 -9999.0 -9999.0 0.408412 0.408391 0.410343 0.411335 0.411487 0.413739 0.412819 0.413213 0.412772 0.411365 0.409747 0.408573 0.408084 0.408036 0.408564 0.409936 0.412121 0.415566 0.416801 0.417275 0.417168 0.416732 0.416141 0.415607 0.415159 0.414801 0.414299 0.413727 0.413362 0.413533 0.414059 0.414624 0.415594 0.415748 0.415572
-9999.0 -9999.0 -9999.0 -9999.0 -9999.0 -9999.0 -9999.0 -9999.0 -9999.0 -9999.0 -9999.0 -9999.0 -9999.0 -9999.0 -9999.0 -9999.0 -9999.0 -9999.0 -9999.0 -9999.0 -9999.0 -9999.0 -9999.0 -9999.0 -9999.0 0.407725 0.407715 0.408447 0.409029 0.408777 0.409590 0.410866 0.411700 0.412196 0.412728 0.413359 0.413888 0.413623 0.412094 0.409968 0.408339 0.407590 0.407491 0.407874 0.408845 0.410512 0.413987 0.415569 0.416650 0.417116 0.417110 0.416583 0.415830 0.415114 0.414668 0.414259 0.413764 0.413332 0.413228 0.413422 0.413757 0.414218 0.415289 0.415539
-9999.0 -9999.0 -9999.0 -9999.0 -9999.0 -9999.0 -9999.0 -9999.0 -9999.0 -9999.0 -9999.0 -9999.0 -9999.0 -9999.0 -9999.0 -9999.0 -9999.0 -9999.0 -9999.0 -9999.0 -9999.0 -9999.0 -9999.0 0.412630 0.412297 0.409937 0.408555 0.408144 0.408859 0.409414 0.410151 0.411200 0.411981 0.412439 0.412959 0.413701 0.414416 0.414445 0.413103 0.410727 0.408654 0.407520 0.407249 0.407481 0.408144 0.409318 0.411012 0.414164 0.415568 0.416587 0.417173 0.416963 0.416127 0.415190 0.414639 0.414326 0.413922 0.413473 0.413167 0.413085 0.413136 0.413430 0.414536 0.415024
-9999.0 -9999.0 -9999.0 -9999.0 -9999.0 -9999.0 -9999.0 -9999.0 -9999.0 -9999.0 -9999.0 -9999.0 -9999.0 -9999.0 -9999.0 -9999.0 -9999.0 -9999.0 -9999.0 -9999.0 -9999.0 0.419298 0.419761 0.413980 0.412758 0.411815 0.410568 0.410169 0.410152 0.410202 0.410560 0.411126 0.411723 0.412251 0.412912 0.413816 0.414900 0.415203 0.414305 0.412067 0.409646 0.407986 0.407317 0.407322 0.407793 0.408688 0.410068 0.413137 0.414559 0.415854 0.416885 0.417091 0.416372 0.415435 0.414798 0.414483 0.414113 0.413680 0.413270 0.412954 0.412740 0.412770 0.413151 0.414274
-9999.0 -9999.0 -9999.0 -9999.0 -9999.0 -9999.0 -9999.0 -9999.0 -9999.0 -9999.0 -9999.0 -9999.0 -9999.0 -9999.0 -9999.0 -9999.0 -9999.0 -9999.0 -9999.0 -9999.0 0.420064 0.418080 0.419014 0.419074 0.415551 0.414105 0.412806 0.411811 0.411206 0.410755 0.410536 0.410621 0.410968 0.411682 0.412505 0.413582 0.414768 0.415553 0.415419 0.413821 0.411312 0.408970 0.407623 0.407236 0.407523 0.408349 0.409623 0.411201 0.414254 0.415610 0.416639 0.416865 0.416343 0.415710 0.415226 0.414880 0.414441 0.413922 0.413425 0.412926 0.412513 0.412297 0.412480 0.412956
-9999.0 -9999.0 -9999.0 -9999.0 -9999.0 -9999.0 -9999.0 -9999.0 -9999.0 -9999.0 -9999.0 -9999.0 -9999.0 -9999.0 -9999.0 -9999.0 -9999.0 -9999.0 0.420873 0.421976 0.421373 0.419826 0.419429 0.419465 0.419195 0.416309 0.414911 0.413282 0.411990 0.411075 0.410451 0.410228 0.410335 0.410939 0.411888 0.413008 0.414215 0.415343 0.416044 0.415474 0.413377 0.410567 0.408309 0.407277 0.407290 0.408061 0.409435 0.411180 0.414498 0.415865 0.416665 0.416762 0.416380 0.415937 0.415587 0.415316 0.414976 0.414497 0.413941 0.413229 0.412542 0.412051 0.412033 0.412415
-9999.0 -9999.0 -9999.0 -9999.0 -9999.0 -9999.0 -9999.0 -9999.0 -9999.0 -9999.0 -9999.0 -9999.0 -9999.0 -9999.0 -9999.0 -9999.0 0.416556 0.418689 0.418625 0.419583 0.420165 0.419128 0.418103 0.417842 0.418427 0.418706 0.418124 0.416677 0.415146 0.411830 0.411022 0.410344 0.410134 0.410618 0.411521 0.412539 0.413633 0.414876 0.416155 0.416658 0.415463 0.412672 0.409660 0.407796 0.407347 0.407911 0.409296 0.411290 0.415041 0.416418 0.416910 0.416767 0.416403 0.416034 0.415758 0.415664 0.415658 0.415445 0.414915 0.414008 0.413008 0.412197 0.411901 0.412115
-9999.0 -9999.0 -9999.0 -9999.0 -9999.0 -9999.0 -9999.0 -9999.0 -9999.0 -9999.0 -9999.0 -9999.0 -9999.0 -9999.0 -9999.0 0.413219 0.413382 0.416908 0.418805 0.419152 0.418875 0.417618 0.415950 0.415045 0.415493 0.416616 0.417273 0.416914 0.415958 0.412895 0.411924 0.410965 0.410432 0.410680 0.411509 0.412470 0.413444 0.414548 0.416010 0.417255 0.417256 0.415243 0.412049 0.409342 0.408200 0.408302 0.409407 0.411358 0.413970 0.417100 0.417416 0.417102 0.416617 0.416131 0.415761 0.415858 0.416267 0.416470 0.416102 0.415082 0.413787 0.412627 0.412016 0.412027
-9999.0 -9999.0 -9999.0 -9999.0 -9999.0 -9999.0 -9999.0 -9999.0 -9999.0 -9999.0 -9999.0 -9999.0 -9999.0 -9999.0 -9999.0 0.415940 0.415276 0.417508 0.418417 0.418419 0.417747 0.416232 0.412196 0.410761 0.410637 0.411547 0.414959 0.415602 0.413575 0.413264 0.412605 0.411631 0.410863 0.410754 0.411382 0.412253 0.413246 0.414294 0.415806 0.417515 0.418770 0.418041 0.415437 0.412232 0.410178 0.409554 0.410067 0.411718 0.414424 0.417908 0.418151 0.417633 0.416949 0.416382 0.415960 0.416047 0.416565 0.417041 0.416955 0.416005 0.414570 0.413168 0.412276 0.412051
-9999.0 -9999.0 -9999.0 -9999.0 -9999.0 -9999.0 -9999.0 -9999.0 -9999.0 -9999.0 -9999.0 -9999.0 -9999.0 -9999.0 -9999.0 0.420544 0.418308 0.419637 0.419422 0.417840 0.416254 0.412755 0.411345 0.409995 0.409355 0.409638 0.410602 0.411638 0.412251 0.412575 0.412427 0.411815 0.411003 0.410561 0.410810 0.411550 0.412542 0.413577 0.415091 0.417280 0.419710 0.420548 0.419002 0.415888 0.413106 0.411574 0.411282 0.412419 0.415008 0.418831 0.419282 0.418642 0.417595 0.416810 0.416314 0.416257 0.416654 0.417141 0.417256 0.416479 0.415071 0.413587 0.412543 0.412151
-9999.0 -9999.0 -9999.0 -9999.0 -9999.0 -9999.0 -9999.0 -9999.0 -9999.0 -9999.0 -9999.0 -9999.0 -9999.0 -9999.0 0.416783 0.418648 0.420860 0.421915 0.420003 0.417206 0.414851 0.412326 0.411215 0.409971 0.409088 0.408877 0.409266 0.410011 0.410746 0.411325 0.411632 0.411498 0.410913 0.410244 0.410015 0.410393 0.411182 0.412101 0.413478 0.415878 0.419027 0.421292 0.421110 0.418754 0.415795 0.413663 0.412584 0.413110 0.416641 0.419256 0.420255 0.419862 0.418703 0.417666 0.416924 0.416604 0.416814 0.417255 0.417436 0.416750 0.415366 0.413927 0.412843 0.412347
-9999.0 -9999.0 -9999.0 -9999.0 -9999.0 -9999.0 -9999.0 -9999.0 -9999.0 -9999.0 -9999.0 -9999.0 -9999.0 0.416733 0.416768 0.419411 0.422672 0.422742 0.419801 0.416382 0.415072 0.414218 0.411659 0.410409 0.409394 0.408901 0.408866 0.409181 0.409688 0.410248 0.410717 0.410939 0.410717 0.410086 0.409506 0.409362 0.409582 0.410037 0.411026 0.413115 0.416175 0.419348 0.420581 0.419646 0.417286 0.415065 0.413468 0.414675 0.416320 0.418767 0.420442 0.420842 0.420081 0.418952 0.417933 0.417382 0.417407 0.417719 0.417835 0.417208 0.415826 0.414357 0.413252 0.412718
-9999.0 -9999.0 -9999.0 -9999.0 -9999.0 -9999.0 -9999.0 -9999.0 -9999.0 -9999.0 -9999.0 -9999.0 0.419246 0.418092 0.419091 0.421842 0.423648 0.421983 0.418248 0.416269 0.415759 0.415343 0.412699 0.411139 0.409835 0.409149 0.408918 0.408998 0.409297 0.409692 0.410111 0.410471 0.410593 0.410188 0.409454 0.408823 0.408438 0.408345 0.408810 0.410200 0.412520 0.415600 0.417693 0.418139 0.416899 0.415172 0.413476 0.413066 0.415386 0.417385 0.419515 0.420986 0.421194 0.420440 0.419368 0.418610 0.418380 0.418530 0.418611 0.418074 0.416669 0.415049 0.413789 0.413152
-9999.0 -9999.0 -9999.0 -9999.0 -9999.0 -9999.0 -9999.0 -9999.0 -9999.0 -9999.0 -9999.0 0.419973 0.419728 0.420061 0.421877 0.424288 0.423845 0.421044 0.417594 0.416321 0.416362 0.416328 0.413829 0.411984 0.410254 0.409372 0.409156 0.409282 0.409473 0.409653 0.409895 0.410255 0.410636 0.410560 0.409873 0.408900 0.407985 0.407447 0.407511 0.408282 0.409797 0.412143 0.414219 0.415340 0.415055 0.414072 0.412860 0.412233 0.412522 0.413952 0.417538 0.419700 0.420989 0.421092 0.420485 0.419805 0.419408 0.419328 0.419362 0.418974 0.417726 0.415974 0.414491 0.413675
-9999.0 -9999.0 -9999.0 -9999.0 -9999.0 -9999.0 -9999.0 -9999.0 -9999.0 -9999.0 0.421284 0.420506 0.420294 0.421850 0.424362 0.425169 0.423335 0.419968 0.417606 0.416647 0.416941 0.417450 0.416488 0.412731 0.410569 0.409557 0.409428 0.409643 0.409836 0.409893 0.409976 0.410310 0.410869 0.411080 0.410527 0.409421 0.408192 0.407307 0.407035 0.407371 0.408353 0.409963 0.411559 0.412612 0.412924 0.412701 0.412084 0.411311 0.411029 0.411725 0.413571 0.417301 0.419426 0.420600 0.420757 0.420310 0.419887 0.419673 0.419680 0.419428 0.418486 0.416866 0.415343 0.414356
-9999.0 -9999.0 -9999.0 -9999.0 -9999.0 -9999.0 -9999.0 -9999.0 -9999.0 0.423433 0.422386 0.421262 0.421407 0.423607 0.424975 0.424524 0.422854 0.420319 0.418410 0.417372 0.417647 0.418349 0.417376 0.413154 0.410706 0.409651 0.409581 0.409889 0.410172 0.410191 0.410152 0.410454 0.411112 0.411562 0.411206 0.410101 0.408680 0.407491 0.406927 0.406999 0.407678 0.408830 0.410047 0.410987 0.411658 0.411898 0.411398 0.410407 0.409852 0.410010 0.411025 0.413115 0.417032 0.419166 0.420245 0.420250 0.419895 0.419575 0.419443 0.419159 0.418480 0.417342 0.416185 0.415322
-9999.0 -9999.0 -9999.0 -9999.0 -9999.0 -9999.0 -9999.0 -9999.0 0.421994 0.423560 0.423541 0.423065 0.423424 0.424033 0.424203 0.423812 0.422318 0.420731 0.418986 0.417951 0.418295 0.419011 0.417847 0.413331 0.410711 0.409579 0.409531 0.409954 0.410355 0.410456 0.410405 0.410605 0.411183 0.411788 0.411706 0.410732 0.409136 0.407610 0.406792 0.406726 0.407278 0.408249 0.409378 0.410333 0.411197 0.411504 0.411009 0.410091 0.409467 0.409177 0.409457 0.410628 0.413086 0.417255 0.419259 0.419897 0.419695 0.419313 0.418991 0.418516 0.417857 0.417265 0.416833 0.416508
-9999.0 -9999.0 -9999.0 -9999.0 -9999.0 -9999.0 -9999.0 0.417551 0.420435 0.423031 0.425009 0.425734 0.424931 0.423679 0.423344 0.423138 0.421935 0.420515 0.419086 0.418428 0.418892 0.419467 0.418214 0.413612 0.410644 0.409249 0.409187 0.409789 0.410371 0.410627 0.410610 0.410709 0.411117 0.411733 0.411978 0.411288 0.409623 0.407719 0.406608 0.406426 0.406922 0.407914 0.409131 0.410133 0.410815 0.411000 0.410756 0.410222 0.409718 0.409193 0.408849 0.409102 0.410613 0.413519 0.417668 0.419235 0.419516 0.419184 0.418580 0.417788 0.417033 0.416943 0.417264 0.417492
-9999.0 -9999.0 -9999.0 -9999.0 -9999.0 -9999.0 0.413459 0.416045 0.419039 0.422440 0.426221 0.427310 0.425853 0.423879 0.423102 0.422925 0.422323 0.420380 0.418824 0.418250 0.418865 0.419757 0.419050 0.415999 0.410882 0.408846 0.408518 0.409222 0.410083 0.410611 0.410775 0.410826 0.410991 0.411493 0.412110 0.411997 0.410468 0.408149 0.406607 0.406236 0.406627 0.407640 0.408976 0.409847 0.410142 0.410244 0.410425 0.410437 0.410219 0.409687 0.408945 0.408480 0.409067 0.411233 0.415587 0.417939 0.418998 0.418983 0.418248 0.417186 0.416452 0.416785 0.417538 0.418028
-9999.0 -9999.0 -9999.0 -9999.0 -9999.0 0.408287 0.412509 0.414827 0.417692 0.421981 0.426483 0.428139 0.426984 0.424760 0.423417 0.423138 0.422586 0.420529 0.418601 0.417891 0.418569 0.419876 0.419786 0.417227 0.411589 0.408695 0.407861 0.408400 0.409417 0.410241 0.410719 0.410906 0.410897 0.411162 0.411971 0.412638 0.411761 0.409274 0.407139 0.406392 0.406579 0.407538 0.408836 0.409400 0.409290 0.409277 0.409677 0.410172 0.410373 0.410101 0.409314 0.408551 0.408520 0.409749 0.412154 0.416179 0.418015 0.418616 0.417947 0.416706 0.416115 0.416580 0.417320 0.417807
-9999.0 -9999.0 -9999.0 -9999.0 -9999.0 0.411220 0.412417 0.413610 0.416403 0.420665 0.424718 0.427259 0.427362 0.425734 0.424037 0.423519 0.423057 0.421057 0.418771 0.417622 0.418114 0.419737 0.420435 0.418495 0.412804 0.409089 0.407556 0.407655 0.408532 0.409541 0.410412 0.410894 0.410815 0.410729 0.411461 0.412816 0.413141 0.411204 0.408692 0.407327 0.407080 0.407811 0.408800 0.408949 0.408536 0.408433 0.408855 0.409652 0.410184 0.410054 0.409370 0.408799 0.408607 0.409212 0.410617 0.412840 0.416618 0.417820 0.417451 0.416197 0.415576 0.415807 0.416351 0.416826
-9999.0 -9999.0 -9999.0 -9999.0 -9999.0 0.411733 0.412246 0.412653 0.415490 0.419176 0.422332 0.425374 0.426775 0.426029 0.424233 0.423197 0.422607 0.421331 0.418807 0.417659 0.418103 0.419685 0.420813 0.419649 0.414619 0.410534 0.408124 0.407433 0.407840 0.408769 0.409956 0.410892 0.410936 0.410425 0.410625 0.412126 0.413699 0.413276 0.411280 0.409420 0.408580 0.408843 0.409138 0.408720 0.408141 0.407995 0.408323 0.409192 0.409813 0.409622 0.409034 0.408742 0.408780 0.409078 0.409764 0.411190 0.413409 0.416502 0.416450 0.415396 0.414621 0.414508 0.414958 0.415894
-9999.0 -9999.0 -9999.0 -9999.0 -9999.0 0.410637 0.411312 0.412712 0.416014 0.418677 0.420226 0.422974 0.425541 0.426078 0.424634 0.423135 0.422055 0.420543 0.418037 0.416881 0.417430 0.419214 0.421050 0.421248 0.418840 0.413440 0.410077 0.408309 0.407952 0.408528 0.409804 0.411154 0.411497 0.410617 0.409943 0.410779 0.412795 0.414128 0.413655 0.412096 0.410989 0.410666 0.410019 0.409041 0.408319 0.408054 0.408276 0.408975 0.409406 0.409082 0.408489 0.408330 0.408568 0.408838 0.409180 0.409994 0.411564 0.414671 0.414869 0.414212 0.413496 0.413089 0.413608 0.415338
-9999.0 -9999.0 -9999.0 -9999.0 0.408781 0.409713 0.411976 0.413593 0.417483 0.419299 0.419735 0.421971 0.424972 0.426479 0.425690 0.423996 0.422329 0.420114 0.417482 0.415175 0.415351 0.417197 0.419804 0.421624 0.421445 0.418634 0.413553 0.410756 0.409471 0.409506 0.410514 0.411986 0.412605 0.411540 0.409866 0.409459 0.410765 0.412897 0.414120 0.413955 0.413447 0.412817 0.411428 0.410016 0.409049 0.408624 0.408622 0.408922 0.409031 0.408592 0.407991 0.407824 0.408093 0.408442 0.408713 0.409182 0.410131 0.411162 0.413193 0.413009 0.412630 0.412104 0.411902 0.413268
-9999.0 -9999.0 -9999.0 -9999.0 0.409853 0.410510 0.412383 0.414635 0.419011 0.420450 0.420322 0.422091 0.425270 0.427497 0.427441 0.425954 0.424176 0.421452 0.417726 0.413918 0.412685 0.413674 0.416256 0.419094 0.420822 0.420437 0.418052 0.413897 0.412096 0.411541 0.413553 0.414650 0.413875 0.412943 0.410582 0.408867 0.408973 0.410602 0.412636 0.414115 0.414782 0.414336 0.412881 0.411358 0.410234 0.409622 0.409249 0.408996 0.408711 0.408219 0.407680 0.407431 0.407664 0.408075 0.408437 0.408773 0.409275 0.409774 0.409955 0.411876 0.412428 0.412962 0.412182 -9999.0
