tests/3D/Muntatschini_ref_005/output-maps-SE27XX/thetaliqL0009N0007.asc
ncols         108
nrows         156
xllcorner     619971.250000
yllcorner     5169711.250000
cellsize      20.000000
NODATA_value  -9999.0
[rows 87 to 115 of 156, columns 0 to 63 of 108]
-9999.0 -9999.0 -9999.0 -9999.0 0.433149 0.433403 0.434125 0.436196 0.440379 0.441662 0.441310 0.442505 0.445407 0.448042 0.448724 0.447718 0.446412 0.444367 0.440773 0.436330 0.433587 0.433060 0.434288 0.436379 0.438343 0.439252 0.438843 0.437489 0.436281 0.435639 0.435818 0.436761 0.437515 0.437956 0.435937 0.433580 0.432648 0.433193 0.434859 0.436955 0.438343 0.438337 0.437399 0.436361 0.435584 0.434848 0.434006 0.433295 0.432855 0.432458 0.431997 0.431709 0.431806 0.432196 0.432652 0.433003 0.433278 0.433505 0.433668 0.433882 0.434143 -9999.0 -9999.0 -9999.0
-9999.0 -9999.0 -9999.0 -9999.0 0.434411 0.434364 0.434568 0.436244 0.440345 0.441566 0.440864 0.441499 0.444348 0.447790 0.449545 0.449084 0.448149 0.446991 0.444345 0.439507 0.435066 0.432905 0.432888 0.433984 0.435201 0.435746 0.435481 0.434825 0.434245 0.434079 0.434505 0.435649 0.436893 0.437949 0.436765 0.434451 0.432922 0.432776 0.433953 0.436083 0.437751 0.437968 0.437469 0.437064 0.436787 0.435948 0.434605 0.433480 0.432882 0.432492 0.432021 0.431612 0.431551 0.431879 0.432440 0.432944 0.433230 0.433346 0.433378 0.433506 -9999.0 -9999.0 -9999.0 -9999.0
-9999.0 -9999.0 -9999.0 -9999.0 0.435461 0.435008 0.434950 0.436352 0.440534 0.441665 0.440365 0.440036 0.442248 0.446106 0.449075 0.449724 0.449429 0.448997 0.447820 0.444265 0.439264 0.435443 0.434057 0.434263 0.434763 0.434547 0.433552 0.432455 0.431926 0.432093 0.432852 0.434004 0.435359 0.436075 0.436535 0.434941 0.433411 0.432961 0.433733 0.435611 0.437257 0.437453 0.437170 0.437321 0.437631 0.437000 0.435378 0.433871 0.433075 0.432692 0.432238 0.431701 0.431413 0.431563 0.432086 0.432719 0.433135 0.433286 0.433312 -9999.0 -9999.0 -9999.0 -9999.0 -9999.0
-9999.0 -9999.0 -9999.0 -9999.0 0.435669 0.434893 0.435194 0.436584 0.440937 0.442037 0.440373 0.439134 0.440180 0.443368 0.446958 0.448970 0.449857 0.450259 0.450207 0.448418 0.444440 0.440037 0.437425 0.436953 0.437234 0.436569 0.434581 0.432424 0.431329 0.431363 0.432132 0.433144 0.434198 0.435125 0.435048 0.434722 0.433550 0.433205 0.433975 0.435920 0.437539 0.437397 0.436848 0.437230 0.438132 0.438159 0.436602 0.434702 0.433507 0.433019 0.432591 0.431997 0.431503 0.431452 0.431851 0.432458 0.432977 0.433176 -9999.0 -9999.0 -9999.0 -9999.0 -9999.0 -9999.0
-9999.0 -9999.0 -9999.0 -9999.0 0.434901 0.434169 0.433655 0.437108 0.441504 0.442393 0.440477 0.438674 0.438652 0.440552 0.443713 0.446505 0.448401 0.449582 0.450372 0.450206 0.448025 0.444451 0.441457 0.440606 0.441272 0.441396 0.439405 0.436005 0.433477 0.432662 0.433015 0.433854 0.434684 0.435413 0.435361 0.434193 0.433886 0.433755 0.434794 0.436959 0.438332 0.437798 0.437085 0.437593 0.438833 0.439516 0.438355 0.436188 0.434449 0.433618 0.433143 0.432542 0.431911 0.431645 0.431935 0.432639 0.432670 -9999.0 -9999.0 -9999.0 -9999.0 -9999.0 -9999.0 -9999.0
-9999.0 -9999.0 -9999.0 -9999.0 0.433944 0.433645 0.433856 0.437804 0.441810 0.442564 0.440887 0.439030 0.438148 0.438974 0.441125 0.443496 0.445328 0.446512 0.447552 0.448483 0.448232 0.446352 0.443957 0.442999 0.444025 0.445587 0.445412 0.442779 0.439258 0.436906 0.436136 0.436515 0.437158 0.437658 0.437200 0.435797 0.434523 0.434436 0.435684 0.437945 0.439026 0.438306 0.438418 0.438797 0.440006 0.440335 0.439564 0.438365 0.436206 0.434796 0.434018 0.433374 0.432693 0.432193 0.432164 0.433173 -9999.0 -9999.0 -9999.0 -9999.0 -9999.0 -9999.0 -9999.0 -9999.0
-9999.0 -9999.0 -9999.0 -9999.0 0.433042 0.433114 0.434439 0.438574 0.442081 0.442838 0.441559 0.439695 0.438449 0.438593 0.440214 0.442205 0.443441 0.443640 0.443588 0.444071 0.444633 0.444375 0.443184 0.442300 0.443014 0.445163 0.447040 0.446851 0.444437 0.441470 0.439505 0.439017 0.439461 0.440154 0.439903 0.438484 0.437004 0.436619 0.437587 0.439562 0.440374 0.440016 0.439537 0.439660 0.441214 0.441533 0.441393 0.439814 0.438639 0.436820 0.435558 0.434667 0.433884 0.433109 0.432419 0.432839 -9999.0 -9999.0 -9999.0 -9999.0 -9999.0 -9999.0 -9999.0 -9999.0
-9999.0 -9999.0 -9999.0 -9999.0 0.432255 0.432790 0.434937 0.439041 0.442228 0.443137 0.442439 0.440852 0.439108 0.438642 0.440153 0.442668 0.444288 0.443926 0.442305 0.440938 0.440374 0.440232 0.439842 0.439204 0.439178 0.440425 0.442696 0.444606 0.444775 0.443187 0.441103 0.439796 0.439775 0.440703 0.441194 0.440591 0.439443 0.439032 0.439732 0.441223 0.441597 0.441143 0.440841 0.440978 0.441259 0.441796 0.441872 0.441347 0.439922 0.439182 0.437686 0.436518 0.435586 0.434608 0.433184 0.432313 -9999.0 -9999.0 -9999.0 -9999.0 -9999.0 -9999.0 -9999.0 -9999.0
-9999.0 -9999.0 -9999.0 -9999.0 -9999.0 0.433465 0.434589 0.438618 0.441678 0.442847 0.442683 0.441485 0.439613 0.438634 0.439853 0.443084 0.446278 0.447171 0.445309 0.442145 0.439362 0.437809 0.437144 0.436711 0.436285 0.436306 0.437352 0.439267 0.441116 0.441666 0.440823 0.439423 0.438751 0.439310 0.440205 0.440625 0.440456 0.440627 0.441591 0.442843 0.442904 0.442130 0.441580 0.441584 0.441793 0.441752 0.441465 0.441228 0.440898 0.439958 0.439630 0.438484 0.437477 0.436735 0.435346 0.432627 -9999.0 -9999.0 -9999.0 -9999.0 -9999.0 -9999.0 -9999.0 -9999.0
-9999.0 -9999.0 -9999.0 -9999.0 -9999.0 0.433063 0.434140 0.437606 0.440573 0.441958 0.442036 0.441201 0.439570 0.438302 0.438773 0.441845 0.446486 0.450065 0.450486 0.447730 0.443392 0.439696 0.437671 0.436880 0.436382 0.435731 0.435521 0.436175 0.437833 0.439507 0.440218 0.439632 0.438592 0.438203 0.438389 0.438926 0.439532 0.440583 0.442263 0.443732 0.443858 0.442916 0.442045 0.441730 0.441737 0.441658 0.441187 0.440674 0.440425 0.440343 0.439872 0.439859 0.439111 0.438040 0.438558 -9999.0 -9999.0 -9999.0 -9999.0 -9999.0 -9999.0 -9999.0 -9999.0 -9999.0
-9999.0 -9999.0 -9999.0 -9999.0 -9999.0 0.432020 0.433336 0.436957 0.439533 0.440984 0.441019 0.440217 0.438900 0.437653 0.437332 0.439224 0.443752 0.449318 0.452950 0.452941 0.449674 0.445169 0.441693 0.440041 0.439561 0.438911 0.437950 0.437194 0.437573 0.438975 0.440485 0.441057 0.440326 0.439100 0.437957 0.437494 0.437850 0.439003 0.440889 0.442610 0.443236 0.442922 0.442351 0.441751 0.441304 0.441253 0.441021 0.440448 0.439900 0.439955 0.440016 0.439664 0.440248 0.439380 0.439178 -9999.0 -9999.0 -9999.0 -9999.0 -9999.0 -9999.0 -9999.0 -9999.0 -9999.0
-9999.0 -9999.0 -9999.0 -9999.0 -9999.0 0.431798 0.432969 0.436269 0.438914 0.440497 0.440370 0.439263 0.437971 0.436877 0.436158 0.436723 0.439683 0.445106 0.450846 0.454017 0.453503 0.450214 0.446376 0.443807 0.442954 0.442568 0.441777 0.440580 0.439873 0.440398 0.441704 0.443039 0.443258 0.442141 0.440135 0.438350 0.437529 0.437559 0.438657 0.440122 0.441150 0.441831 0.442056 0.441434 0.440506 0.440370 0.440679 0.440563 0.439960 0.439804 0.440041 0.440262 0.439609 0.440927 -9999.0 -9999.0 -9999.0 -9999.0 -9999.0 -9999.0 -9999.0 -9999.0 -9999.0 -9999.0
-9999.0 -9999.0 -9999.0 -9999.0 -9999.0 0.431830 0.432887 0.435871 0.438573 0.440442 0.440269 0.439440 0.437929 0.436385 0.435529 0.435191 0.436476 0.440278 0.446027 0.451103 0.453298 0.452249 0.449335 0.446295 0.444344 0.443433 0.442809 0.442145 0.441434 0.441527 0.442330 0.443738 0.444951 0.445132 0.443982 0.441827 0.439616 0.438053 0.438008 0.438528 0.439096 0.440177 0.441386 0.441350 0.440149 0.439390 0.439707 0.440292 0.440401 0.440212 0.440428 0.441337 0.440836 0.441150 -9999.0 -9999.0 -9999.0 -9999.0 -9999.0 -9999.0 -9999.0 -9999.0 -9999.0 -9999.0
-9999.0 -9999.0 -9999.0 -9999.0 -9999.0 0.432106 0.432755 0.435489 0.438747 0.440516 0.440647 0.438883 0.437875 0.436820 0.435977 0.434637 0.434617 0.436660 0.441301 0.446900 0.450909 0.451942 0.450580 0.447931 0.445042 0.442825 0.441404 0.440764 0.440443 0.440520 0.441017 0.442140 0.443926 0.445716 0.446584 0.445584 0.443189 0.441085 0.440209 0.439283 0.438523 0.438933 0.440469 0.441315 0.440567 0.439380 0.439078 0.439832 0.440335 0.440596 0.440825 0.441807 0.444882 -9999.0 -9999.0 -9999.0 -9999.0 -9999.0 -9999.0 -9999.0 -9999.0 -9999.0 -9999.0 -9999.0
-9999.0 -9999.0 -9999.0 -9999.0 -9999.0 0.432254 0.432667 0.434988 0.438300 0.440439 0.440851 0.439529 0.437622 0.437123 0.436177 0.435129 0.433914 0.434509 0.437466 0.442375 0.447310 0.450091 0.450574 0.449304 0.446826 0.443767 0.440892 0.439039 0.438308 0.438152 0.438394 0.439093 0.440719 0.443258 0.445586 0.446436 0.445820 0.445019 0.444110 0.442175 0.440125 0.439211 0.440215 0.441528 0.441415 0.439935 0.438890 0.438984 0.439715 0.440327 0.440545 0.440700 0.443176 -9999.0 -9999.0 -9999.0 -9999.0 -9999.0 -9999.0 -9999.0 -9999.0 -9999.0 -9999.0 -9999.0
-9999.0 -9999.0 -9999.0 -9999.0 0.430976 0.431247 0.432261 0.434297 0.437584 0.440110 0.440941 0.439988 0.438195 0.437531 0.436605 0.435415 0.434208 0.433803 0.434782 0.438172 0.442706 0.446378 0.448404 0.448995 0.448267 0.445989 0.442594 0.439380 0.437477 0.436578 0.436320 0.436500 0.437496 0.439543 0.441867 0.444045 0.445823 0.447053 0.447398 0.445983 0.443461 0.441171 0.440957 0.442035 0.442359 0.440955 0.438827 0.437941 0.438426 0.439272 0.439706 0.439709 0.439813 -9999.0 -9999.0 -9999.0 -9999.0 -9999.0 -9999.0 -9999.0 -9999.0 -9999.0 -9999.0 -9999.0
-9999.0 -9999.0 -9999.0 -9999.0 0.431017 0.431082 0.431853 0.433566 0.436470 0.439807 0.441018 0.440474 0.438853 0.437406 0.436500 0.436232 0.434767 0.433462 0.433403 0.435063 0.438016 0.441603 0.444470 0.446483 0.447610 0.447094 0.444536 0.440908 0.437967 0.436255 0.435392 0.435052 0.435357 0.436279 0.437795 0.440277 0.443381 0.446037 0.447835 0.447882 0.446252 0.443810 0.442554 0.442831 0.443239 0.441775 0.438969 0.436936 0.436679 0.437368 0.438158 0.438317 0.438429 -9999.0 -9999.0 -9999.0 -9999.0 -9999.0 -9999.0 -9999.0 -9999.0 -9999.0 -9999.0 -9999.0
-9999.0 -9999.0 -9999.0 0.430725 0.430769 0.431137 0.431668 0.432949 0.435351 0.438538 0.441226 0.441153 0.439697 0.438188 0.437382 0.436432 0.435569 0.433691 0.432593 0.432861 0.434723 0.437252 0.440209 0.442937 0.445154 0.446244 0.445214 0.442338 0.439072 0.436710 0.435311 0.434581 0.434360 0.434300 0.435012 0.436908 0.439841 0.442847 0.445418 0.446798 0.446613 0.445172 0.443679 0.443387 0.443800 0.442765 0.439773 0.436630 0.435206 0.435295 0.435992 0.435923 0.435630 -9999.0 -9999.0 -9999.0 -9999.0 -9999.0 -9999.0 -9999.0 -9999.0 -9999.0 -9999.0 -9999.0
-9999.0 -9999.0 -9999.0 0.430748 0.430713 0.431002 0.431453 0.432409 0.434280 0.437135 0.440208 0.441290 0.440732 0.439376 0.438216 0.437030 0.435983 0.433855 0.432243 0.431744 0.432399 0.434276 0.436480 0.439349 0.442185 0.444360 0.444726 0.443068 0.440259 0.437673 0.436014 0.435110 0.434516 0.433829 0.433846 0.434829 0.436858 0.439388 0.441796 0.443639 0.444528 0.444269 0.443309 0.443105 0.443573 0.443434 0.441283 0.437754 0.435057 0.434111 0.434040 0.433688 0.434111 -9999.0 -9999.0 -9999.0 -9999.0 -9999.0 -9999.0 -9999.0 -9999.0 -9999.0 -9999.0 -9999.0
-9999.0 -9999.0 0.430372 0.430641 0.430837 0.430914 0.431200 0.431892 0.433276 0.435597 0.438534 0.440391 0.440984 0.440230 0.439048 0.437728 0.435790 0.434095 0.432216 0.431284 0.431228 0.431969 0.433686 0.435851 0.438800 0.441794 0.443580 0.443405 0.441467 0.438967 0.437220 0.436319 0.435649 0.434852 0.434340 0.434464 0.435483 0.437235 0.439040 0.440719 0.441931 0.442311 0.441947 0.441563 0.441966 0.442752 0.442338 0.439841 0.436615 0.434746 0.433944 0.433156 -9999.0 -9999.0 -9999.0 -9999.0 -9999.0 -9999.0 -9999.0 -9999.0 -9999.0 -9999.0 -9999.0 -9999.0
-9999.0 -9999.0 0.430573 0.430682 0.430833 0.430878 0.431029 0.431486 0.432427 0.434070 0.436291 0.438606 0.440311 0.440446 0.440315 0.439325 0.437049 0.434742 0.432437 0.431220 0.430775 0.430885 0.431580 0.433267 0.435400 0.438462 0.441153 0.442493 0.441972 0.440198 0.438562 0.437669 0.437166 0.436731 0.436080 0.435626 0.435818 0.436749 0.438031 0.439506 0.440803 0.441492 0.441010 0.439984 0.439610 0.440463 0.441554 0.441133 0.438794 0.436364 0.436243 -9999.0 -9999.0 -9999.0 -9999.0 -9999.0 -9999.0 -9999.0 -9999.0 -9999.0 -9999.0 -9999.0 -9999.0 -9999.0
-9999.0 -9999.0 0.431016 0.430803 0.430779 0.430805 0.430906 0.431196 0.431829 0.432952 0.434558 0.436365 0.438434 0.440032 0.441579 0.441538 0.439155 0.436294 0.433345 0.431721 0.430953 0.430677 0.430802 0.431491 0.432958 0.435279 0.437571 0.439669 0.440444 0.439721 0.438497 0.437744 0.437652 0.437894 0.437696 0.437206 0.437062 0.437542 0.438559 0.440007 0.441627 0.442364 0.441463 0.439437 0.437931 0.437904 0.439118 0.440137 0.439539 0.436863 0.436039 -9999.0 -9999.0 -9999.0 -9999.0 -9999.0 -9999.0 -9999.0 -9999.0 -9999.0 -9999.0 -9999.0 -9999.0 -9999.0
-9999.0 -9999.0 0.430904 0.430706 0.430664 0.430677 0.430771 0.430967 0.431405 0.432217 0.433520 0.435124 0.437207 0.439287 0.441866 0.443340 0.442139 0.439525 0.435951 0.433638 0.432292 0.431417 0.430967 0.431011 0.431541 0.432592 0.434303 0.435773 0.437074 0.437323 0.436771 0.436290 0.436511 0.437158 0.437490 0.437321 0.437332 0.437918 0.439092 0.440965 0.443143 0.444533 0.443773 0.441138 0.438494 0.437062 0.437031 0.437732 0.438346 0.437404 0.435177 -9999.0 -9999.0 -9999.0 -9999.0 -9999.0 -9999.0 -9999.0 -9999.0 -9999.0 -9999.0 -9999.0 -9999.0 -9999.0
-9999.0 0.430053 0.430397 0.430547 0.430540 0.430549 0.430631 0.430761 0.431060 0.431684 0.432827 0.434396 0.436273 0.438757 0.441336 0.444058 0.444833 0.443715 0.440439 0.437585 0.434740 0.433600 0.432213 0.431448 0.431307 0.431562 0.432081 0.433023 0.433595 0.434116 0.434151 0.434093 0.434574 0.435490 0.435949 0.435781 0.435723 0.436474 0.437985 0.440378 0.443427 0.445900 0.446306 0.444428 0.441722 0.439290 0.437620 0.436600 0.436244 0.437868 -9999.0 -9999.0 -9999.0 -9999.0 -9999.0 -9999.0 -9999.0 -9999.0 -9999.0 -9999.0 -9999.0 -9999.0 -9999.0 -9999.0
-9999.0 0.430071 0.430303 0.430478 0.430517 0.430550 0.430610 0.430658 0.430771 0.431171 0.432074 0.433560 0.435358 0.437449 0.440341 0.443279 0.445801 0.445934 0.443937 0.441036 0.438483 0.436890 0.434764 0.433065 0.432095 0.431673 0.431550 0.431767 0.432292 0.432183 0.432241 0.432308 0.432846 0.433850 0.434363 0.434036 0.433479 0.433734 0.434983 0.437452 0.440969 0.444549 0.446837 0.446867 0.445371 0.443270 0.441008 0.438443 0.435573 0.435658 -9999.0 -9999.0 -9999.0 -9999.0 -9999.0 -9999.0 -9999.0 -9999.0 -9999.0 -9999.0 -9999.0 -9999.0 -9999.0 -9999.0
-9999.0 0.430256 0.430444 0.430532 0.430599 0.430687 0.430752 0.430720 0.430643 0.430771 0.431297 0.432389 0.433909 0.435718 0.437934 0.441124 0.444043 0.445947 0.445587 0.443604 0.441451 0.439444 0.437475 0.435508 0.433784 0.432584 0.431873 0.432345 0.432481 0.432034 0.431836 0.431665 0.431908 0.432626 0.433422 0.433336 0.432543 0.432102 0.432496 0.433974 0.436529 0.439791 0.443032 0.444998 0.445564 0.445111 0.443881 0.441271 0.437059 0.434440 -9999.0 -9999.0 -9999.0 -9999.0 -9999.0 -9999.0 -9999.0 -9999.0 -9999.0 -9999.0 -9999.0 -9999.0 -9999.0 -9999.0
-9999.0 0.430394 0.430509 0.430644 0.430719 0.430881 0.431020 0.430963 0.430725 0.430606 0.430792 0.431390 0.432385 0.433688 0.435349 0.437595 0.440705 0.443077 0.444397 0.444028 0.442665 0.441410 0.440302 0.439043 0.437530 0.436294 0.435495 0.434880 0.434392 0.433832 0.432985 0.432087 0.431596 0.431818 0.432765 0.433416 0.433087 0.432298 0.431866 0.432128 0.433285 0.435035 0.436924 0.438896 0.440306 0.441274 0.441644 0.440452 0.437118 0.435209 -9999.0 -9999.0 -9999.0 -9999.0 -9999.0 -9999.0 -9999.0 -9999.0 -9999.0 -9999.0 -9999.0 -9999.0 -9999.0 -9999.0
-9999.0 0.430418 0.430561 0.430703 0.430798 0.431016 0.431268 0.431294 0.431006 0.430698 0.430626 0.430850 0.431362 0.432111 0.433189 0.434743 0.437114 0.439755 0.442075 0.442954 0.442544 0.441954 0.441512 0.441021 0.440419 0.439826 0.439185 0.438391 0.437732 0.436958 0.435697 0.433816 0.432153 0.431619 0.432317 0.433807 0.434598 0.434212 0.433239 0.432268 0.432309 0.433732 0.434530 0.435481 0.436904 0.438314 0.439456 0.438475 0.437441 -9999.0 -9999.0 -9999.0 -9999.0 -9999.0 -9999.0 -9999.0 -9999.0 -9999.0 -9999.0 -9999.0 -9999.0 -9999.0 -9999.0 -9999.0
-9999.0 0.430479 0.430625 0.430759 0.430881 0.431154 0.431497 0.431646 0.431426 0.431026 0.430756 0.430735 0.430948 0.431346 0.432014 0.433135 0.435041 0.437917 0.440045 0.441457 0.441706 0.441442 0.441183 0.441089 0.441055 0.440683 0.440014 0.439319 0.439032 0.438821 0.438025 0.436055 0.433624 0.432253 0.432396 0.433779 0.435747 0.436699 0.436036 0.434347 0.432668 -9999.0 -9999.0 -9999.0 -9999.0 -9999.0 -9999.0 -9999.0 -9999.0 -9999.0 -9999.0 -9999.0 -9999.0 -9999.0 -9999.0 -9999.0 -9999.0 -9999.0 -9999.0 -9999.0 -9999.0 -9999.0 -9999.0 -9999.0
