tests/3D/Muntatschini_ref_005/output-maps-SE27XX/thetaliqL0009N0001.asc
ncols         108
nrows         156
xllcorner     619971.250000
yllcorner     5169711.250000
cellsize      20.000000
NODATA_value  -9999.0
[rows 58 to 86 of 156, columns 0 to 63 of 108]
-9999.0 -9999.0 -9999.0 -9999.0 -9999.0 -9999.0 -9999.0 -9999.0 -9999.0 -9999.0 -9999.0 -9999.0 -9999.0 -9999.0 -9999.0 -9999.0 -9999.0 -9999.0 -9999.0 -9999.0 -9999.0 -9999.0 -9999.0 -9999.0 -9999.0 -9999.0 -9999.0 -9999.0 -9999.0 -9999.0 -9999.0 -9999.0 -9999.0 -9999.0 -9999.0 -9999.0 0.433840 0.433325 0.433499 0.433036 0.432716 0.432809 0.433482 0.434739 0.436425 0.438133 0.439419 0.440099 0.440129 0.439718 0.438983 0.438170 0.437309 0.436588 0.436173 0.436118 0.436389 0.436913 0.437408 0.437574 0.437173 0.436430 0.435663 0.435107
-9999.0 -9999.0 -9999.0 -9999.0 -9999.0 -9999.0 -9999.0 -9999.0 -9999.0 -9999.0 -9999.0 -9999.0 -9999.0 -9999.0 -9999.0 -9999.0 -9999.0 -9999.0 -9999.0 -9999.0 -9999.0 -9999.0 -9999.0 -9999.0 -9999.0 -9999.0 -9999.0 -9999.0 -9999.0 -9999.0 -9999.0 -9999.0 -9999.0 -9999.0 -9999.0 0.435719 0.435444 0.434616 0.434000 0.433323 0.432774 0.432657 0.433156 0.434356 0.436092 0.437827 0.438900 0.439315 0.439293 0.439094 0.438681 0.438189 0.437599 0.437001 0.436472 0.436127 0.436104 0.436557 0.437255 0.437757 0.437590 0.436882 0.436033 0.435328
-9999.0 -9999.0 -9999.0 -9999.0 -9999.0 -9999.0 -9999.0 -9999.0 -9999.0 -9999.0 -9999.0 -9999.0 -9999.0 -9999.0 -9999.0 -9999.0 -9999.0 -9999.0 -9999.0 -9999.0 -9999.0 -9999.0 -9999.0 -9999.0 -9999.0 -9999.0 -9999.0 -9999.0 -9999.0 -9999.0 -9999.0 -9999.0 0.433350 0.434665 0.437162 0.436646 0.435914 0.435474 0.434683 0.433779 0.433115 0.432863 0.433101 0.434026 0.435755 0.437686 0.438836 0.439144 0.438951 0.438688 0.438346 0.438026 0.437664 0.437245 0.436772 0.436295 0.436011 0.436207 0.436880 0.437614 0.437824 0.437410 0.436680 0.435956
-9999.0 -9999.0 -9999.0 -9999.0 -9999.0 -9999.0 -9999.0 -9999.0 -9999.0 -9999.0 -9999.0 -9999.0 -9999.0 -9999.0 -9999.0 -9999.0 -9999.0 -9999.0 -9999.0 -9999.0 -9999.0 -9999.0 -9999.0 -9999.0 -9999.0 -9999.0 -9999.0 -9999.0 -9999.0 -9999.0 0.435375 0.436288 0.435141 0.434469 0.435784 0.436691 0.436679 0.436199 0.435197 0.434073 0.433262 0.432891 0.432882 0.433500 0.435025 0.437067 0.438550 0.439161 0.439097 0.438754 0.438324 0.437952 0.437668 0.437350 0.436959 0.436428 0.435958 0.435847 0.436304 0.437019 0.437521 0.437547 0.437208 0.436688
-9999.0 -9999.0 -9999.0 -9999.0 -9999.0 -9999.0 -9999.0 -9999.0 -9999.0 -9999.0 -9999.0 -9999.0 -9999.0 -9999.0 -9999.0 -9999.0 -9999.0 -9999.0 -9999.0 -9999.0 -9999.0 -9999.0 -9999.0 -9999.0 -9999.0 -9999.0 -9999.0 -9999.0 -9999.0 0.433790 0.433680 0.435193 0.435930 0.435943 0.436259 0.436979 0.437312 0.436921 0.435683 0.434140 0.433005 0.432471 0.432343 0.432755 0.433940 0.435801 0.437531 0.438675 0.439128 0.439050 0.438677 0.438150 0.437674 0.437270 0.436951 0.436505 0.435994 0.435657 0.435799 0.436272 0.436786 0.437155 0.437301 0.437148
-9999.0 -9999.0 -9999.0 -9999.0 -9999.0 -9999.0 -9999.0 -9999.0 -9999.0 -9999.0 -9999.0 -9999.0 -9999.0 -9999.0 -9999.0 -9999.0 -9999.0 -9999.0 -9999.0 -9999.0 -9999.0 -9999.0 -9999.0 -9999.0 -9999.0 0.433124 0.433109 0.433793 0.434376 0.433833 0.434375 0.435348 0.436063 0.436379 0.436761 0.437348 0.437844 0.437566 0.436245 0.434321 0.432804 0.432041 0.431862 0.432155 0.432989 0.434416 0.436102 0.437572 0.438564 0.438993 0.439006 0.438538 0.437870 0.437230 0.436835 0.436475 0.436036 0.435644 0.435547 0.435722 0.436016 0.436431 0.436881 0.437112
-9999.0 -9999.0 -9999.0 -9999.0 -9999.0 -9999.0 -9999.0 -9999.0 -9999.0 -9999.0 -9999.0 -9999.0 -9999.0 -9999.0 -9999.0 -9999.0 -9999.0 -9999.0 -9999.0 -9999.0 -9999.0 -9999.0 -9999.0 0.437436 0.437281 0.435129 0.433892 0.433518 0.433777 0.434125 0.434676 0.435508 0.436149 0.436494 0.436934 0.437571 0.438264 0.438254 0.437124 0.435011 0.433103 0.431999 0.431679 0.431843 0.432409 0.433431 0.434867 0.436301 0.437586 0.438501 0.439030 0.438862 0.438136 0.437310 0.436819 0.436546 0.436190 0.435791 0.435510 0.435429 0.435469 0.435725 0.436198 0.436639
-9999.0 -9999.0 -9999.0 -9999.0 -9999.0 -9999.0 -9999.0 -9999.0 -9999.0 -9999.0 -9999.0 -9999.0 -9999.0 -9999.0 -9999.0 -9999.0 -9999.0 -9999.0 -9999.0 -9999.0 -9999.0 0.440610 0.441304 0.438715 0.437411 0.436603 0.435470 0.434933 0.434745 0.434717 0.434910 0.435343 0.435849 0.436274 0.436847 0.437627 0.438546 0.438893 0.438183 0.436216 0.434018 0.432447 0.431790 0.431752 0.432134 0.432914 0.434083 0.435373 0.436673 0.437820 0.438748 0.438972 0.438368 0.437544 0.436977 0.436693 0.436369 0.435983 0.435611 0.435320 0.435124 0.435138 0.435470 0.435955
-9999.0 -9999.0 -9999.0 -9999.0 -9999.0 -9999.0 -9999.0 -9999.0 -9999.0 -9999.0 -9999.0 -9999.0 -9999.0 -9999.0 -9999.0 -9999.0 -9999.0 -9999.0 -9999.0 -9999.0 0.441343 0.439581 0.440366 0.440594 0.439564 0.438307 0.437075 0.436120 0.435501 0.435040 0.434798 0.434849 0.435150 0.435655 0.436363 0.437297 0.438381 0.439154 0.439146 0.437778 0.435518 0.433377 0.432114 0.431719 0.431938 0.432640 0.433749 0.435055 0.436378 0.437611 0.438547 0.438788 0.438351 0.437789 0.437358 0.437056 0.436672 0.436209 0.435760 0.435307 0.434927 0.434719 0.434870 0.435285
-9999.0 -9999.0 -9999.0 -9999.0 -9999.0 -9999.0 -9999.0 -9999.0 -9999.0 -9999.0 -9999.0 -9999.0 -9999.0 -9999.0 -9999.0 -9999.0 -9999.0 -9999.0 0.441953 0.443130 0.442462 0.441031 0.440648 0.440695 0.440642 0.440046 0.438780 0.437299 0.436116 0.435284 0.434703 0.434407 0.434466 0.434974 0.435797 0.436782 0.437882 0.438932 0.439626 0.439197 0.437372 0.434845 0.432778 0.431800 0.431755 0.432400 0.433603 0.435083 0.436606 0.437855 0.438591 0.438709 0.438381 0.437989 0.437683 0.437452 0.437161 0.436739 0.436239 0.435595 0.434968 0.434514 0.434477 0.434801
-9999.0 -9999.0 -9999.0 -9999.0 -9999.0 -9999.0 -9999.0 -9999.0 -9999.0 -9999.0 -9999.0 -9999.0 -9999.0 -9999.0 -9999.0 -9999.0 0.438099 0.440124 0.440011 0.440747 0.441256 0.440349 0.439431 0.439195 0.439714 0.440079 0.439563 0.438261 0.436930 0.435954 0.435138 0.434516 0.434306 0.434696 0.435514 0.436409 0.437370 0.438469 0.439652 0.440173 0.439219 0.436769 0.434033 0.432309 0.431842 0.432284 0.433488 0.435195 0.437072 0.438366 0.438827 0.438714 0.438396 0.438073 0.437838 0.437766 0.437773 0.437592 0.437120 0.436309 0.435405 0.434661 0.434371 0.434539
-9999.0 -9999.0 -9999.0 -9999.0 -9999.0 -9999.0 -9999.0 -9999.0 -9999.0 -9999.0 -9999.0 -9999.0 -9999.0 -9999.0 -9999.0 0.435207 0.435240 0.438353 0.440014 0.440301 0.440087 0.438994 0.437498 0.436653 0.437027 0.438030 0.438642 0.438346 0.437552 0.436804 0.435954 0.435094 0.434603 0.434788 0.435529 0.436355 0.437199 0.438149 0.439471 0.440659 0.440806 0.439077 0.436217 0.433742 0.432632 0.432643 0.433572 0.435294 0.437508 0.438951 0.439280 0.439019 0.438597 0.438175 0.437852 0.437935 0.438302 0.438492 0.438182 0.437282 0.436114 0.435058 0.434486 0.434474
-9999.0 -9999.0 -9999.0 -9999.0 -9999.0 -9999.0 -9999.0 -9999.0 -9999.0 -9999.0 -9999.0 -9999.0 -9999.0 -9999.0 -9999.0 0.437553 0.436808 0.438777 0.439603 0.439633 0.439084 0.437851 0.436257 0.434938 0.434666 0.435411 0.436503 0.437200 0.437312 0.437110 0.436553 0.435702 0.434995 0.434861 0.435390 0.436156 0.437008 0.437914 0.439269 0.440845 0.442045 0.441531 0.439253 0.436339 0.434410 0.433735 0.434103 0.435587 0.437942 0.439671 0.439942 0.439501 0.438897 0.438408 0.438031 0.438088 0.438534 0.438967 0.438917 0.438096 0.436817 0.435555 0.434733 0.434510
-9999.0 -9999.0 -9999.0 -9999.0 -9999.0 -9999.0 -9999.0 -9999.0 -9999.0 -9999.0 -9999.0 -9999.0 -9999.0 -9999.0 -9999.0 0.441425 0.439454 0.440676 0.440569 0.439189 0.437888 0.436759 0.435474 0.434221 0.433584 0.433791 0.434608 0.435545 0.436148 0.436475 0.436391 0.435852 0.435112 0.434680 0.434871 0.435510 0.436371 0.437281 0.438616 0.440551 0.442727 0.443583 0.442308 0.439532 0.436970 0.435498 0.435136 0.436152 0.438421 0.440478 0.440948 0.440406 0.439490 0.438793 0.438335 0.438251 0.438584 0.439027 0.439156 0.438503 0.437267 0.435943 0.434983 0.434608
-9999.0 -9999.0 -9999.0 -9999.0 -9999.0 -9999.0 -9999.0 -9999.0 -9999.0 -9999.0 -9999.0 -9999.0 -9999.0 -9999.0 0.438185 0.439755 0.441723 0.442777 0.441158 0.438671 0.437217 0.436402 0.435438 0.434282 0.433429 0.433184 0.433500 0.434166 0.434824 0.435364 0.435648 0.435541 0.435013 0.434396 0.434167 0.434475 0.435158 0.435958 0.437158 0.439238 0.441954 0.444013 0.443955 0.441944 0.439282 0.437279 0.436227 0.436653 0.438559 0.440850 0.441788 0.441483 0.440477 0.439545 0.438857 0.438536 0.438706 0.439113 0.439301 0.438741 0.437538 0.436251 0.435263 0.434798
-9999.0 -9999.0 -9999.0 -9999.0 -9999.0 -9999.0 -9999.0 -9999.0 -9999.0 -9999.0 -9999.0 -9999.0 -9999.0 0.438223 0.438116 0.440430 0.443373 0.443554 0.441007 0.438498 0.437366 0.436738 0.435882 0.434716 0.433760 0.433274 0.433208 0.433471 0.433914 0.434401 0.434813 0.435023 0.434834 0.434261 0.433711 0.433560 0.433744 0.434135 0.434958 0.436742 0.439356 0.442142 0.443319 0.442575 0.440490 0.438464 0.436949 0.436765 0.438174 0.440383 0.441923 0.442322 0.441674 0.440662 0.439733 0.439220 0.439238 0.439531 0.439665 0.439154 0.437955 0.436651 0.435643 0.435146
-9999.0 -9999.0 -9999.0 -9999.0 -9999.0 -9999.0 -9999.0 -9999.0 -9999.0 -9999.0 -9999.0 -9999.0 0.440537 0.439383 0.440186 0.442634 0.444314 0.442918 0.440146 0.438395 0.437933 0.437648 0.436790 0.435383 0.434188 0.433532 0.433295 0.433347 0.433592 0.433927 0.434282 0.434617 0.434727 0.434367 0.433700 0.433123 0.432746 0.432631 0.432985 0.434135 0.436109 0.438802 0.440679 0.441135 0.440043 0.438500 0.436956 0.436495 0.437287 0.439103 0.441055 0.442389 0.442602 0.441938 0.440992 0.440306 0.440101 0.440249 0.440353 0.439922 0.438712 0.437277 0.436141 0.435565
-9999.0 -9999.0 -9999.0 -9999.0 -9999.0 -9999.0 -9999.0 -9999.0 -9999.0 -9999.0 -9999.0 0.441198 0.440831 0.441061 0.442618 0.444847 0.444529 0.442098 0.439551 0.438405 0.438415 0.438492 0.437766 0.436152 0.434602 0.433775 0.433552 0.433626 0.433778 0.433921 0.434115 0.434438 0.434787 0.434726 0.434114 0.433227 0.432380 0.431858 0.431846 0.432447 0.433710 0.435744 0.437585 0.438600 0.438361 0.437481 0.436392 0.435830 0.436057 0.437271 0.439201 0.441177 0.442343 0.442454 0.441942 0.441343 0.441004 0.440949 0.441004 0.440706 0.439648 0.438115 0.436790 0.436044
-9999.0 -9999.0 -9999.0 -9999.0 -9999.0 -9999.0 -9999.0 -9999.0 -9999.0 -9999.0 0.442362 0.441535 0.441241 0.442589 0.444860 0.445700 0.444127 0.441650 0.439536 0.438639 0.438858 0.439332 0.438714 0.436834 0.434894 0.433960 0.433808 0.433971 0.434123 0.434161 0.434223 0.434515 0.435019 0.435220 0.434740 0.433730 0.432601 0.431762 0.431451 0.431671 0.432470 0.433839 0.435231 0.436172 0.436461 0.436260 0.435719 0.435042 0.434780 0.435364 0.436893 0.438950 0.440894 0.441970 0.442142 0.441762 0.441407 0.441226 0.441256 0.441081 0.440311 0.438919 0.437559 0.436660
-9999.0 -9999.0 -9999.0 -9999.0 -9999.0 -9999.0 -9999.0 -9999.0 -9999.0 0.444275 0.443216 0.442133 0.442195 0.444181 0.445483 0.445155 0.443683 0.441904 0.440183 0.439220 0.439426 0.440092 0.439445 0.437223 0.435035 0.434056 0.433952 0.434208 0.434444 0.434445 0.434401 0.434653 0.435249 0.435673 0.435367 0.434373 0.433072 0.431951 0.431378 0.431362 0.431904 0.432884 0.433942 0.434753 0.435365 0.435593 0.435192 0.434307 0.433774 0.433849 0.434706 0.436428 0.438690 0.440659 0.441650 0.441680 0.441389 0.441122 0.441031 0.440831 0.440294 0.439338 0.438318 0.437527
-9999.0 -9999.0 -9999.0 -9999.0 -9999.0 -9999.0 -9999.0 -9999.0 0.442972 0.444224 0.444151 0.443686 0.444025 0.444623 0.444814 0.444479 0.443607 0.442201 0.440637 0.439689 0.439987 0.440672 0.439869 0.437395 0.435048 0.433989 0.433906 0.434266 0.434618 0.434700 0.434633 0.434798 0.435319 0.435878 0.435823 0.434951 0.433493 0.432072 0.431281 0.431145 0.431578 0.432409 0.433374 0.434217 0.435001 0.435315 0.434910 0.434076 0.433486 0.433167 0.433346 0.434324 0.436375 0.438881 0.440754 0.441361 0.441208 0.440892 0.440637 0.440270 0.439741 0.439268 0.438888 0.438557
-9999.0 -9999.0 -9999.0 -9999.0 -9999.0 -9999.0 -9999.0 0.438988 0.441413 0.443638 0.445385 0.446080 0.445434 0.444336 0.444013 0.443844 0.443202 0.441951 0.440680 0.440090 0.440520 0.441090 0.440193 0.437642 0.434999 0.433690 0.433591 0.434120 0.434638 0.434853 0.434824 0.434900 0.435258 0.435823 0.436058 0.435455 0.433942 0.432188 0.431136 0.430908 0.431287 0.432136 0.433197 0.434098 0.434742 0.434948 0.434744 0.434249 0.433765 0.433235 0.432869 0.433039 0.434308 0.436753 0.439290 0.440759 0.441046 0.440789 0.440302 0.439656 0.439028 0.438968 0.439222 0.439394
-9999.0 -9999.0 -9999.0 -9999.0 -9999.0 -9999.0 0.435318 0.437499 0.440086 0.443035 0.446436 0.447491 0.446239 0.444466 0.443760 0.443616 0.443097 0.441835 0.440458 0.439937 0.440495 0.441334 0.440802 0.438337 0.435210 0.433334 0.432994 0.433610 0.434369 0.434839 0.434980 0.435011 0.435144 0.435602 0.436165 0.436089 0.434731 0.432615 0.431165 0.430765 0.431050 0.431924 0.433102 0.433896 0.434191 0.434301 0.434469 0.434466 0.434247 0.433743 0.433025 0.432556 0.432999 0.434797 0.437420 0.439598 0.440593 0.440638 0.440049 0.439157 0.438533 0.438796 0.439416 0.439826
-9999.0 -9999.0 -9999.0 -9999.0 -9999.0 0.432907 0.434335 0.436332 0.438796 0.442592 0.446654 0.448188 0.447183 0.445230 0.444037 0.443801 0.443347 0.441986 0.440275 0.439624 0.440221 0.441404 0.441409 0.439338 0.435846 0.433226 0.432417 0.432866 0.433760 0.434500 0.434932 0.435087 0.435067 0.435308 0.436051 0.436668 0.435913 0.433664 0.431688 0.430935 0.431034 0.431864 0.433016 0.433542 0.433448 0.433441 0.433800 0.434225 0.434404 0.434159 0.433413 0.432696 0.432590 0.433605 0.435672 0.438006 0.439734 0.440335 0.439813 0.438756 0.438215 0.438565 0.439170 0.439601
-9999.0 -9999.0 -9999.0 -9999.0 -9999.0 0.433301 0.434206 0.435161 0.437599 0.441431 0.445047 0.447317 0.447453 0.446053 0.444564 0.444115 0.443758 0.442469 0.440443 0.439393 0.439809 0.441249 0.441958 0.440475 0.436944 0.433611 0.432178 0.432195 0.432967 0.433877 0.434658 0.435082 0.435010 0.434930 0.435592 0.436832 0.437152 0.435434 0.433133 0.431819 0.431529 0.432144 0.433028 0.433170 0.432794 0.432687 0.433048 0.433741 0.434236 0.434159 0.433533 0.432988 0.432777 0.433238 0.434485 0.436412 0.438460 0.439638 0.439388 0.438306 0.437706 0.437826 0.438278 0.438739
-9999.0 -9999.0 -9999.0 -9999.0 -9999.0 0.433663 0.434002 0.434259 0.436776 0.440088 0.442891 0.445622 0.446924 0.446303 0.444735 0.443841 0.443343 0.442249 0.440468 0.439433 0.439809 0.441229 0.442311 0.441516 0.438594 0.434950 0.432715 0.432026 0.432361 0.433194 0.434256 0.435091 0.435143 0.434675 0.434847 0.436201 0.437642 0.437297 0.435474 0.433724 0.432911 0.433118 0.433377 0.433006 0.432465 0.432296 0.432572 0.433330 0.433921 0.433803 0.433272 0.433002 0.433008 0.433219 0.433833 0.435100 0.437017 0.438443 0.438492 0.437575 0.436838 0.436651 0.437060 0.437927
-9999.0 -9999.0 -9999.0 -9999.0 -9999.0 0.432641 0.433113 0.434324 0.437277 0.439694 0.441072 0.443509 0.445815 0.446333 0.445096 0.443772 0.442840 0.441537 0.439772 0.438729 0.439212 0.440817 0.442509 0.442803 0.440980 0.437577 0.434516 0.432859 0.432500 0.433002 0.434131 0.435345 0.435660 0.434871 0.434248 0.434986 0.436792 0.438000 0.437537 0.436100 0.435069 0.434786 0.434218 0.433331 0.432637 0.432370 0.432534 0.433152 0.433584 0.433334 0.432817 0.432656 0.432854 0.433072 0.433376 0.434100 0.435496 0.436794 0.437069 0.436509 0.435816 0.435472 0.435923 0.437471
-9999.0 -9999.0 -9999.0 -9999.0 0.431079 0.431805 0.433718 0.435117 0.438630 0.440325 0.440702 0.442653 0.445333 0.446707 0.446060 0.444572 0.443115 0.441160 0.438818 0.437215 0.437356 0.439001 0.441351 0.443040 0.442989 0.440769 0.437652 0.435108 0.433902 0.433901 0.434786 0.436101 0.436665 0.435717 0.434187 0.433781 0.434925 0.436788 0.437820 0.437651 0.437240 0.436721 0.435501 0.434221 0.433311 0.432886 0.432862 0.433133 0.433267 0.432935 0.432434 0.432260 0.432493 0.432782 0.433018 0.433428 0.434289 0.435222 0.435547 0.435422 0.435154 0.434644 0.434424 0.435854
-9999.0 -9999.0 -9999.0 -9999.0 0.432040 0.432545 0.434037 0.436011 0.440032 0.441382 0.441236 0.442763 0.445586 0.447594 0.447601 0.446322 0.444787 0.442395 0.439080 0.436135 0.435001 0.435845 0.438135 0.440688 0.442297 0.442050 0.440170 0.437869 0.436227 0.435668 0.435967 0.437034 0.437793 0.436977 0.434845 0.433260 0.433292 0.434674 0.436422 0.437717 0.438368 0.438061 0.436785 0.435410 0.434369 0.433785 0.433443 0.433240 0.433037 0.432651 0.432175 0.431956 0.432140 0.432506 0.432830 0.433134 0.433594 0.434107 0.434403 0.434513 0.435004 0.435488 0.435039 -9999.0
