tests/3D/Muntatschini_ref_005/output-maps-SE27XX/thetaliqL0010N0007.asc
ncols         108
nrows         156
xllcorner     619971.250000
yllcorner     5169711.250000
cellsize      20.000000
NODATA_value  -9999.0
[rows 58 to 86 of 156, columns 0 to 63 of 108]
-9999.0 -9999.0 -9999.0 -9999.0 -9999.0 -9999.0 -9999.0 -9999.0 -9999.0 -9999.0 -9999.0 -9999.0 -9999.0 -9999.0 -9999.0 -9999.0 -9999.0 -9999.0 -9999.0 -9999.0 -9999.0 -9999.0 -9999.0 -9999.0 -9999.0 -9999.0 -9999.0 -9999.0 -9999.0 -9999.0 -9999.0 -9999.0 -9999.0 -9999.0 -9999.0 -9999.0 0.439449 0.438822 0.439676 0.439228 0.438924 0.439022 0.439724 0.440513 0.442088 0.443736 0.444964 0.445600 0.445605 0.445190 0.444472 0.443689 0.442863 0.442177 0.441780 0.441732 0.442001 0.442602 0.443078 0.443226 0.442829 0.442110 0.441374 0.440849
-9999.0 -9999.0 -9999.0 -9999.0 -9999.0 -9999.0 -9999.0 -9999.0 -9999.0 -9999.0 -9999.0 -9999.0 -9999.0 -9999.0 -9999.0 -9999.0 -9999.0 -9999.0 -9999.0 -9999.0 -9999.0 -9999.0 -9999.0 -9999.0 -9999.0 -9999.0 -9999.0 -9999.0 -9999.0 -9999.0 -9999.0 -9999.0 -9999.0 -9999.0 -9999.0 0.441197 0.440856 0.440759 0.440121 0.439470 0.438940 0.438829 0.439313 0.440585 0.441863 0.443426 0.444443 0.444829 0.444795 0.444601 0.444198 0.443725 0.443149 0.442567 0.442052 0.441723 0.441718 0.442171 0.442937 0.443406 0.443228 0.442539 0.441723 0.441054
-9999.0 -9999.0 -9999.0 -9999.0 -9999.0 -9999.0 -9999.0 -9999.0 -9999.0 -9999.0 -9999.0 -9999.0 -9999.0 -9999.0 -9999.0 -9999.0 -9999.0 -9999.0 -9999.0 -9999.0 -9999.0 -9999.0 -9999.0 -9999.0 -9999.0 -9999.0 -9999.0 -9999.0 -9999.0 -9999.0 -9999.0 -9999.0 0.439555 0.440221 0.442459 0.442130 0.441357 0.441543 0.440780 0.439909 0.439270 0.439028 0.439259 0.440153 0.441955 0.443354 0.444372 0.444650 0.444462 0.444214 0.443880 0.443571 0.443211 0.442803 0.442341 0.441887 0.441627 0.441832 0.442489 0.443279 0.443460 0.443048 0.442340 0.441647
-9999.0 -9999.0 -9999.0 -9999.0 -9999.0 -9999.0 -9999.0 -9999.0 -9999.0 -9999.0 -9999.0 -9999.0 -9999.0 -9999.0 -9999.0 -9999.0 -9999.0 -9999.0 -9999.0 -9999.0 -9999.0 -9999.0 -9999.0 -9999.0 -9999.0 -9999.0 -9999.0 -9999.0 -9999.0 -9999.0 0.441450 0.442317 0.441276 0.440046 0.441303 0.442119 0.442761 0.442240 0.441276 0.440192 0.439412 0.439056 0.439049 0.439647 0.441186 0.442819 0.444107 0.444677 0.444602 0.444268 0.443846 0.443492 0.443212 0.442907 0.442527 0.442020 0.441572 0.441483 0.441934 0.442622 0.443179 0.443191 0.442854 0.442351
-9999.0 -9999.0 -9999.0 -9999.0 -9999.0 -9999.0 -9999.0 -9999.0 -9999.0 -9999.0 -9999.0 -9999.0 -9999.0 -9999.0 -9999.0 -9999.0 -9999.0 -9999.0 -9999.0 -9999.0 -9999.0 -9999.0 -9999.0 -9999.0 -9999.0 -9999.0 -9999.0 -9999.0 -9999.0 0.439917 0.439810 0.441271 0.441979 0.442111 0.441769 0.443059 0.443313 0.442936 0.441744 0.440258 0.439165 0.438652 0.438530 0.438928 0.440071 0.442003 0.443215 0.444237 0.444645 0.444552 0.444180 0.443677 0.443223 0.442843 0.442534 0.442099 0.441603 0.441286 0.441436 0.441892 0.442382 0.442822 0.442952 0.442796
-9999.0 -9999.0 -9999.0 -9999.0 -9999.0 -9999.0 -9999.0 -9999.0 -9999.0 -9999.0 -9999.0 -9999.0 -9999.0 -9999.0 -9999.0 -9999.0 -9999.0 -9999.0 -9999.0 -9999.0 -9999.0 -9999.0 -9999.0 -9999.0 -9999.0 0.439279 0.439259 0.439918 0.440474 0.439959 0.440484 0.441421 0.442109 0.442415 0.442853 0.443349 0.443825 0.443557 0.442284 0.440432 0.438971 0.438237 0.438065 0.438348 0.439154 0.440599 0.441875 0.443180 0.444108 0.444509 0.444511 0.444062 0.443416 0.442801 0.442417 0.442065 0.441637 0.441263 0.441175 0.441344 0.441632 0.442033 0.442559 0.442772
-9999.0 -9999.0 -9999.0 -9999.0 -9999.0 -9999.0 -9999.0 -9999.0 -9999.0 -9999.0 -9999.0 -9999.0 -9999.0 -9999.0 -9999.0 -9999.0 -9999.0 -9999.0 -9999.0 -9999.0 -9999.0 -9999.0 -9999.0 0.443433 0.443270 0.441203 0.440012 0.439651 0.439905 0.440243 0.440774 0.441578 0.442194 0.442527 0.442951 0.443565 0.444230 0.444220 0.443131 0.441096 0.439259 0.438195 0.437888 0.438047 0.438593 0.439579 0.441083 0.442003 0.443178 0.444061 0.444568 0.444386 0.443668 0.442864 0.442394 0.442127 0.441778 0.441391 0.441125 0.441051 0.441094 0.441350 0.441907 0.442328
-9999.0 -9999.0 -9999.0 -9999.0 -9999.0 -9999.0 -9999.0 -9999.0 -9999.0 -9999.0 -9999.0 -9999.0 -9999.0 -9999.0 -9999.0 -9999.0 -9999.0 -9999.0 -9999.0 -9999.0 -9999.0 0.446169 0.446385 0.444651 0.443402 0.442625 0.441534 0.441019 0.440839 0.440814 0.441002 0.441420 0.441907 0.442317 0.442868 0.443619 0.444503 0.444834 0.444149 0.442256 0.440140 0.438627 0.437994 0.437957 0.438327 0.439079 0.440268 0.441137 0.442309 0.443429 0.444315 0.444491 0.443877 0.443074 0.442533 0.442265 0.441948 0.441574 0.441215 0.440940 0.440754 0.440780 0.441111 0.441679
-9999.0 -9999.0 -9999.0 -9999.0 -9999.0 -9999.0 -9999.0 -9999.0 -9999.0 -9999.0 -9999.0 -9999.0 -9999.0 -9999.0 -9999.0 -9999.0 -9999.0 -9999.0 -9999.0 -9999.0 0.446772 0.445028 0.445830 0.445760 0.445473 0.444265 0.443081 0.442164 0.441569 0.441127 0.440894 0.440944 0.441234 0.441722 0.442403 0.443302 0.444344 0.445085 0.445076 0.443758 0.441584 0.439522 0.438305 0.437925 0.438138 0.438815 0.439885 0.441263 0.442079 0.443214 0.444097 0.444295 0.443855 0.443317 0.442905 0.442611 0.442232 0.441785 0.441354 0.440922 0.440560 0.440369 0.440527 0.440939
-9999.0 -9999.0 -9999.0 -9999.0 -9999.0 -9999.0 -9999.0 -9999.0 -9999.0 -9999.0 -9999.0 -9999.0 -9999.0 -9999.0 -9999.0 -9999.0 -9999.0 -9999.0 0.447507 0.448321 0.447838 0.446510 0.446155 0.446185 0.445838 0.445938 0.444722 0.443299 0.442162 0.441362 0.440803 0.440518 0.440576 0.441065 0.441858 0.442807 0.443864 0.444872 0.445539 0.445125 0.443369 0.440936 0.438945 0.438002 0.437960 0.438583 0.439744 0.441236 0.442293 0.443432 0.444121 0.444212 0.443891 0.443517 0.443218 0.442986 0.442695 0.442285 0.441804 0.441185 0.440586 0.440158 0.440141 0.440469
-9999.0 -9999.0 -9999.0 -9999.0 -9999.0 -9999.0 -9999.0 -9999.0 -9999.0 -9999.0 -9999.0 -9999.0 -9999.0 -9999.0 -9999.0 -9999.0 0.443771 0.445505 0.445474 0.446296 0.446791 0.445896 0.445008 0.444783 0.445285 0.445459 0.444957 0.443711 0.442360 0.442006 0.441221 0.440622 0.440420 0.440797 0.441585 0.442447 0.443372 0.444429 0.445565 0.446063 0.445145 0.442787 0.440153 0.438492 0.438043 0.438471 0.439633 0.441344 0.442801 0.443911 0.444336 0.444220 0.443915 0.443602 0.443364 0.443286 0.443285 0.443106 0.442648 0.441863 0.440996 0.440289 0.440029 0.440209
-9999.0 -9999.0 -9999.0 -9999.0 -9999.0 -9999.0 -9999.0 -9999.0 -9999.0 -9999.0 -9999.0 -9999.0 -9999.0 -9999.0 -9999.0 0.440816 0.440956 0.444005 0.445627 0.445909 0.445673 0.444588 0.443177 0.442396 0.442794 0.443767 0.444283 0.443966 0.443126 0.442824 0.442006 0.441178 0.440706 0.440885 0.441599 0.442394 0.443207 0.444121 0.445392 0.446531 0.446669 0.445006 0.442254 0.439871 0.438803 0.438817 0.439714 0.441375 0.443659 0.444545 0.444774 0.444509 0.444098 0.443680 0.443363 0.443452 0.443810 0.443988 0.443676 0.442797 0.441674 0.440664 0.440132 0.440137
-9999.0 -9999.0 -9999.0 -9999.0 -9999.0 -9999.0 -9999.0 -9999.0 -9999.0 -9999.0 -9999.0 -9999.0 -9999.0 -9999.0 -9999.0 0.443165 0.442586 0.444488 0.445271 0.445274 0.444696 0.443345 0.442349 0.441083 0.440830 0.441621 0.442349 0.442815 0.443390 0.443120 0.442583 0.441764 0.441083 0.440955 0.441466 0.442204 0.443023 0.443895 0.445198 0.446710 0.447859 0.447363 0.445174 0.442372 0.440516 0.439868 0.440226 0.441657 0.444012 0.445239 0.445402 0.444963 0.444379 0.443896 0.443535 0.443612 0.444062 0.444476 0.444407 0.443594 0.442355 0.441138 0.440362 0.440163
-9999.0 -9999.0 -9999.0 -9999.0 -9999.0 -9999.0 -9999.0 -9999.0 -9999.0 -9999.0 -9999.0 -9999.0 -9999.0 -9999.0 -9999.0 0.447171 0.445164 0.446304 0.446118 0.444757 0.443335 0.442818 0.441544 0.440337 0.439725 0.439926 0.440774 0.441681 0.442197 0.442510 0.442428 0.441909 0.441196 0.440781 0.440966 0.441582 0.442411 0.443286 0.444570 0.446429 0.448517 0.449334 0.448109 0.445442 0.442981 0.441567 0.441222 0.442201 0.444475 0.446027 0.446366 0.445821 0.444931 0.444261 0.443835 0.443787 0.444128 0.444553 0.444657 0.443997 0.442790 0.441508 0.440599 0.440255
-9999.0 -9999.0 -9999.0 -9999.0 -9999.0 -9999.0 -9999.0 -9999.0 -9999.0 -9999.0 -9999.0 -9999.0 -9999.0 -9999.0 0.443852 0.445473 0.447343 0.448245 0.446608 0.444207 0.442556 0.442436 0.441508 0.440395 0.439574 0.439339 0.439645 0.440288 0.440921 0.441441 0.441713 0.441611 0.441102 0.440507 0.440287 0.440586 0.441243 0.442013 0.443168 0.445170 0.447779 0.449751 0.449691 0.447761 0.445205 0.443282 0.442272 0.442746 0.444063 0.446338 0.447191 0.446861 0.445877 0.444991 0.444352 0.444075 0.444257 0.444642 0.444802 0.444224 0.443046 0.441804 0.440865 0.440430
-9999.0 -9999.0 -9999.0 -9999.0 -9999.0 -9999.0 -9999.0 -9999.0 -9999.0 -9999.0 -9999.0 -9999.0 -9999.0 0.443815 0.443835 0.446120 0.448892 0.448948 0.446437 0.443920 0.442838 0.442025 0.441935 0.440813 0.439894 0.439425 0.439362 0.439616 0.440043 0.440513 0.440910 0.441111 0.440929 0.440377 0.439848 0.439703 0.439880 0.440257 0.441051 0.442770 0.445286 0.447961 0.449086 0.448369 0.446367 0.444422 0.443011 0.442379 0.443806 0.445909 0.447342 0.447686 0.447041 0.446079 0.445206 0.444734 0.444757 0.445028 0.445137 0.444613 0.443441 0.442185 0.441223 0.440754
-9999.0 -9999.0 -9999.0 -9999.0 -9999.0 -9999.0 -9999.0 -9999.0 -9999.0 -9999.0 -9999.0 -9999.0 0.445992 0.444983 0.445837 0.448187 0.449714 0.448293 0.445509 0.443839 0.443415 0.443001 0.442810 0.441455 0.440305 0.439673 0.439445 0.439495 0.439732 0.440055 0.440398 0.440720 0.440826 0.440479 0.439836 0.439280 0.438916 0.438807 0.439149 0.440260 0.442164 0.444754 0.446556 0.446990 0.445941 0.444459 0.442975 0.442672 0.443059 0.444753 0.446541 0.447798 0.447976 0.447336 0.446424 0.445776 0.445581 0.445717 0.445799 0.445353 0.444166 0.442780 0.441693 0.441144
-9999.0 -9999.0 -9999.0 -9999.0 -9999.0 -9999.0 -9999.0 -9999.0 -9999.0 -9999.0 -9999.0 0.446611 0.446397 0.446665 0.448225 0.450266 0.449880 0.447495 0.444951 0.443874 0.443915 0.443830 0.443749 0.442195 0.440703 0.439907 0.439692 0.439764 0.439911 0.440049 0.440236 0.440548 0.440884 0.440824 0.440234 0.439379 0.438562 0.438059 0.438049 0.438631 0.439851 0.441812 0.443583 0.444557 0.444327 0.443481 0.442432 0.441891 0.442177 0.443430 0.444920 0.446690 0.447789 0.447880 0.447365 0.446787 0.446452 0.446395 0.446435 0.446121 0.445070 0.443579 0.442303 0.441597
-9999.0 -9999.0 -9999.0 -9999.0 -9999.0 -9999.0 -9999.0 -9999.0 -9999.0 -9999.0 0.447735 0.447055 0.446867 0.448204 0.450328 0.451009 0.449443 0.446952 0.444943 0.444130 0.444389 0.444831 0.443924 0.442851 0.440983 0.440085 0.439939 0.440097 0.440244 0.440280 0.440340 0.440622 0.441107 0.441300 0.440836 0.439863 0.438774 0.437966 0.437667 0.437881 0.438654 0.439975 0.441315 0.442222 0.442500 0.442307 0.441784 0.441132 0.440880 0.441443 0.443068 0.444709 0.446445 0.447449 0.447583 0.447207 0.446856 0.446683 0.446702 0.446504 0.445720 0.444349 0.443038 0.442183
-9999.0 -9999.0 -9999.0 -9999.0 -9999.0 -9999.0 -9999.0 -9999.0 -9999.0 0.449569 0.448657 0.447680 0.447818 0.449679 0.450836 0.450454 0.449034 0.447242 0.445615 0.444735 0.444972 0.445584 0.444713 0.443224 0.441119 0.440178 0.440079 0.440325 0.440553 0.440554 0.440511 0.440754 0.441329 0.441736 0.441440 0.440483 0.439228 0.438148 0.437596 0.437582 0.438107 0.439053 0.440073 0.440855 0.441444 0.441663 0.441274 0.440422 0.439908 0.439983 0.440811 0.442622 0.444466 0.446218 0.447140 0.447149 0.446856 0.446593 0.446493 0.446271 0.445714 0.444757 0.443767 0.443015
-9999.0 -9999.0 -9999.0 -9999.0 -9999.0 -9999.0 -9999.0 -9999.0 0.448339 0.449666 0.449624 0.449221 0.449513 0.450030 0.450175 0.449844 0.448926 0.447581 0.446096 0.445216 0.445519 0.446137 0.445109 0.443389 0.441132 0.440113 0.440034 0.440381 0.440720 0.440799 0.440734 0.440894 0.441396 0.441934 0.441880 0.441040 0.439634 0.438265 0.437502 0.437372 0.437792 0.438595 0.439526 0.440338 0.441092 0.441394 0.441002 0.440198 0.439630 0.439325 0.439498 0.440443 0.442571 0.444653 0.446295 0.446845 0.446682 0.446368 0.446108 0.445723 0.445181 0.444697 0.444326 0.444024
-9999.0 -9999.0 -9999.0 -9999.0 -9999.0 -9999.0 -9999.0 0.444519 0.446999 0.449199 0.450872 0.451461 0.450772 0.449712 0.449431 0.449274 0.448597 0.447394 0.446177 0.445612 0.446017 0.446517 0.445415 0.443628 0.441084 0.439826 0.439732 0.440241 0.440740 0.440946 0.440919 0.440993 0.441337 0.441882 0.442107 0.441526 0.440068 0.438376 0.437362 0.437143 0.437511 0.438331 0.439355 0.440222 0.440842 0.441038 0.440841 0.440364 0.439899 0.439389 0.439037 0.439202 0.440427 0.442941 0.444987 0.446285 0.446531 0.446259 0.445762 0.445106 0.444477 0.444412 0.444674 0.444861
-9999.0 -9999.0 -9999.0 -9999.0 -9999.0 -9999.0 0.440966 0.443216 0.445770 0.448679 0.451872 0.452783 0.451547 0.449873 0.449233 0.449096 0.448585 0.447270 0.445941 0.445447 0.445988 0.446765 0.446191 0.443536 0.441287 0.439482 0.439156 0.439750 0.440481 0.440933 0.441069 0.441099 0.441227 0.441669 0.442211 0.442136 0.440826 0.438787 0.437390 0.437005 0.437283 0.438127 0.439263 0.440027 0.440310 0.440416 0.440577 0.440575 0.440364 0.439878 0.439186 0.438734 0.439165 0.440979 0.443223 0.445178 0.446091 0.446094 0.445489 0.444599 0.443982 0.444262 0.444893 0.445313
-9999.0 -9999.0 -9999.0 -9999.0 -9999.0 0.439075 0.440155 0.442131 0.444606 0.448267 0.452085 0.453467 0.452482 0.450612 0.449493 0.449261 0.448799 0.447384 0.445744 0.445140 0.445735 0.446863 0.446810 0.444596 0.441899 0.439377 0.438598 0.439033 0.439895 0.440608 0.441023 0.441172 0.441154 0.441386 0.442101 0.442694 0.441964 0.439797 0.437892 0.437169 0.437266 0.438068 0.439179 0.439685 0.439594 0.439587 0.439934 0.440344 0.440516 0.440279 0.439559 0.438869 0.438768 0.439749 0.441877 0.443752 0.445262 0.445793 0.445242 0.444196 0.443683 0.444071 0.444698 0.445125
-9999.0 -9999.0 -9999.0 -9999.0 -9999.0 0.438977 0.440042 0.441062 0.443466 0.447129 0.450582 0.452726 0.452813 0.451441 0.450014 0.449581 0.449199 0.447839 0.445888 0.444913 0.445350 0.446745 0.447358 0.445670 0.442955 0.439746 0.438367 0.438386 0.439130 0.440008 0.440760 0.441168 0.441098 0.441022 0.441660 0.442852 0.443157 0.441501 0.439285 0.438020 0.437743 0.438338 0.439190 0.439325 0.438963 0.438860 0.439210 0.439878 0.440355 0.440279 0.439675 0.439150 0.438947 0.439393 0.440596 0.442592 0.444158 0.445125 0.444828 0.443762 0.443214 0.443399 0.443868 0.444298
-9999.0 -9999.0 -9999.0 -9999.0 -9999.0 0.439455 0.439883 0.440206 0.442672 0.445841 0.448544 0.451137 0.452318 0.451679 0.450164 0.449308 0.448814 0.447734 0.445931 0.444957 0.445338 0.446698 0.447674 0.446646 0.444540 0.441035 0.438883 0.438221 0.438545 0.439349 0.440373 0.441176 0.441225 0.440775 0.440942 0.442246 0.443630 0.443295 0.441541 0.439857 0.439075 0.439276 0.439525 0.439165 0.438645 0.438483 0.438751 0.439483 0.440051 0.439935 0.439424 0.439164 0.439170 0.439373 0.439966 0.441188 0.443183 0.444055 0.443976 0.443073 0.442398 0.442284 0.442693 0.443506
-9999.0 -9999.0 -9999.0 -9999.0 -9999.0 0.438507 0.439055 0.440263 0.443108 0.445383 0.446721 0.449087 0.451269 0.451721 0.450506 0.449247 0.448341 0.447067 0.445277 0.444292 0.444766 0.446302 0.447878 0.448079 0.445988 0.443562 0.440617 0.439022 0.438677 0.439162 0.440252 0.441420 0.441723 0.440962 0.440364 0.441077 0.442815 0.443974 0.443528 0.442147 0.441156 0.440882 0.440334 0.439478 0.438810 0.438554 0.438714 0.439310 0.439726 0.439483 0.438985 0.438830 0.439022 0.439231 0.439525 0.440224 0.441646 0.442509 0.442619 0.442061 0.441428 0.441119 0.441563 0.443072
-9999.0 -9999.0 -9999.0 -9999.0 0.436850 0.437687 0.439643 0.441021 0.444363 0.445920 0.446298 0.448219 0.450780 0.452060 0.451400 0.449975 0.448565 0.446683 0.444430 0.442830 0.442987 0.444580 0.446818 0.448385 0.448257 0.445801 0.443635 0.441188 0.440027 0.440027 0.440882 0.442149 0.442690 0.441776 0.440303 0.439914 0.441019 0.442812 0.443804 0.443642 0.443246 0.442744 0.441569 0.440336 0.439461 0.439052 0.439029 0.439291 0.439419 0.439099 0.438615 0.438448 0.438673 0.438952 0.439179 0.439575 0.440406 0.441424 0.441247 0.441026 0.440764 0.440296 0.440125 0.441379
-9999.0 -9999.0 -9999.0 -9999.0 0.437800 0.438360 0.439996 0.441914 0.445694 0.446919 0.446806 0.448329 0.451040 0.452928 0.452887 0.451641 0.450141 0.447821 0.444629 0.441736 0.440690 0.441554 0.443784 0.446224 0.447710 0.447391 0.445262 0.443845 0.442266 0.441770 0.441464 0.442350 0.443776 0.442989 0.440936 0.439410 0.439444 0.440778 0.442462 0.443707 0.444331 0.444033 0.442805 0.441482 0.440481 0.439918 0.439589 0.439393 0.439196 0.438824 0.438365 0.438154 0.438333 0.438685 0.438998 0.439291 0.439735 0.440228 0.440618 0.440209 0.440667 0.441168 0.440472 -9999.0
