tests/3D/Muntatschini_ref_005/output-maps-SE27XX/thetaliqL0009N0002.asc
ncols         108
nrows         156
xllcorner     619971.250000
yllcorner     5169711.250000
cellsize      20.000000
NODATA_value  -9999.0
[rows 58 to 86 of 156, columns 0 to 63 of 108]
-9999.0 -9999.0 -9999.0 -9999.0 -9999.0 -9999.0 -9999.0 -9999.0 -9999.0 -9999.0 -9999.0 -9999.0 -9999.0 -9999.0 -9999.0 -9999.0 -9999.0 -9999.0 -9999.0 -9999.0 -9999.0 -9999.0 -9999.0 -9999.0 -9999.0 -9999.0 -9999.0 -9999.0 -9999.0 -9999.0 -9999.0 -9999.0 -9999.0 -9999.0 -9999.0 -9999.0 0.418091 0.418304 0.415658 0.416645 0.416962 0.416302 0.416453 0.424625 0.424396 0.427589 0.428492 0.427480 0.426410 0.426279 0.425428 0.424768 0.424136 0.423761 0.423556 0.423610 0.423761 0.425106 0.425432 0.425725 0.425236 0.424453 0.423782 0.423457
-9999.0 -9999.0 -9999.0 -9999.0 -9999.0 -9999.0 -9999.0 -9999.0 -9999.0 -9999.0 -9999.0 -9999.0 -9999.0 -9999.0 -9999.0 -9999.0 -9999.0 -9999.0 -9999.0 -9999.0 -9999.0 -9999.0 -9999.0 -9999.0 -9999.0 -9999.0 -9999.0 -9999.0 -9999.0 -9999.0 -9999.0 -9999.0 -9999.0 -9999.0 -9999.0 0.419766 0.419253 0.414977 0.415701 0.415774 0.416601 0.416266 0.415255 0.420243 0.425814 0.427158 0.427816 0.426162 0.425820 0.425500 0.425491 0.425098 0.424522 0.423984 0.423530 0.423329 0.423557 0.423968 0.425451 0.425829 0.425499 0.424708 0.423963 0.423472
-9999.0 -9999.0 -9999.0 -9999.0 -9999.0 -9999.0 -9999.0 -9999.0 -9999.0 -9999.0 -9999.0 -9999.0 -9999.0 -9999.0 -9999.0 -9999.0 -9999.0 -9999.0 -9999.0 -9999.0 -9999.0 -9999.0 -9999.0 -9999.0 -9999.0 -9999.0 -9999.0 -9999.0 -9999.0 -9999.0 -9999.0 -9999.0 0.413940 0.422114 0.420707 0.421845 0.420569 0.416534 0.416286 0.415959 0.416821 0.416088 0.417112 0.418147 0.420931 0.427473 0.427628 0.425825 0.425528 0.425299 0.425449 0.425097 0.424599 0.424166 0.423709 0.423432 0.423434 0.423845 0.424338 0.425740 0.425714 0.425223 0.424398 0.423813
-9999.0 -9999.0 -9999.0 -9999.0 -9999.0 -9999.0 -9999.0 -9999.0 -9999.0 -9999.0 -9999.0 -9999.0 -9999.0 -9999.0 -9999.0 -9999.0 -9999.0 -9999.0 -9999.0 -9999.0 -9999.0 -9999.0 -9999.0 -9999.0 -9999.0 -9999.0 -9999.0 -9999.0 -9999.0 -9999.0 0.414843 0.413931 0.414096 0.421783 0.422841 0.421864 0.418399 0.417447 0.416812 0.416205 0.416867 0.416842 0.416622 0.418238 0.420504 0.428000 0.426891 0.425982 0.425684 0.425274 0.424749 0.424951 0.424559 0.424265 0.423896 0.423558 0.423316 0.423546 0.424088 0.424467 0.425491 0.425355 0.424923 0.424450
-9999.0 -9999.0 -9999.0 -9999.0 -9999.0 -9999.0 -9999.0 -9999.0 -9999.0 -9999.0 -9999.0 -9999.0 -9999.0 -9999.0 -9999.0 -9999.0 -9999.0 -9999.0 -9999.0 -9999.0 -9999.0 -9999.0 -9999.0 -9999.0 -9999.0 -9999.0 -9999.0 -9999.0 -9999.0 0.409842 0.412253 0.414000 0.415199 0.418167 0.422406 0.419466 0.419561 0.419027 0.417277 0.415738 0.417022 0.416338 0.414389 0.418308 0.419806 0.421475 0.428102 0.427070 0.425887 0.425493 0.424925 0.425043 0.424642 0.424383 0.424105 0.423716 0.423319 0.423219 0.423549 0.423934 0.424027 0.425006 0.425044 0.424812
-9999.0 -9999.0 -9999.0 -9999.0 -9999.0 -9999.0 -9999.0 -9999.0 -9999.0 -9999.0 -9999.0 -9999.0 -9999.0 -9999.0 -9999.0 -9999.0 -9999.0 -9999.0 -9999.0 -9999.0 -9999.0 -9999.0 -9999.0 -9999.0 -9999.0 0.411255 0.411920 0.412381 0.413652 0.413071 0.412527 0.415769 0.417655 0.417777 0.420507 0.420200 0.418789 0.418506 0.417557 0.416676 0.414724 0.417484 0.413996 0.415674 0.418782 0.419981 0.427109 0.426325 0.425478 0.425559 0.425301 0.425463 0.424841 0.424309 0.424004 0.423638 0.423239 0.423029 0.423084 0.423233 0.423457 0.423564 0.424570 0.424832
-9999.0 -9999.0 -9999.0 -9999.0 -9999.0 -9999.0 -9999.0 -9999.0 -9999.0 -9999.0 -9999.0 -9999.0 -9999.0 -9999.0 -9999.0 -9999.0 -9999.0 -9999.0 -9999.0 -9999.0 -9999.0 -9999.0 -9999.0 0.415724 0.414799 0.411111 0.412090 0.413582 0.414592 0.414419 0.414369 0.416483 0.417576 0.419082 0.419162 0.420347 0.420486 0.419464 0.418925 0.416954 0.414839 0.414275 0.416137 0.416557 0.416345 0.418748 0.421927 0.426033 0.424813 0.425495 0.425773 0.425419 0.425078 0.424207 0.423786 0.423560 0.423205 0.422892 0.422766 0.422763 0.422853 0.423022 0.423962 0.424474
-9999.0 -9999.0 -9999.0 -9999.0 -9999.0 -9999.0 -9999.0 -9999.0 -9999.0 -9999.0 -9999.0 -9999.0 -9999.0 -9999.0 -9999.0 -9999.0 -9999.0 -9999.0 -9999.0 -9999.0 -9999.0 0.426465 0.420864 0.414650 0.416153 0.415066 0.413184 0.413253 0.415058 0.415555 0.416120 0.416953 0.417492 0.418842 0.419646 0.420131 0.420224 0.421346 0.418773 0.417288 0.416539 0.415124 0.416494 0.416022 0.416701 0.416567 0.420337 0.424720 0.424193 0.425315 0.426013 0.425668 0.425136 0.424100 0.423656 0.423517 0.423157 0.422910 0.422642 0.422512 0.422424 0.422594 0.422802 0.423824
-9999.0 -9999.0 -9999.0 -9999.0 -9999.0 -9999.0 -9999.0 -9999.0 -9999.0 -9999.0 -9999.0 -9999.0 -9999.0 -9999.0 -9999.0 -9999.0 -9999.0 -9999.0 -9999.0 -9999.0 0.423057 0.422344 0.423919 0.420528 0.418067 0.417502 0.417127 0.416834 0.416286 0.416329 0.416504 0.415997 0.417104 0.419973 0.418401 0.419536 0.420110 0.420748 0.420720 0.419274 0.416356 0.416053 0.415006 0.415578 0.415685 0.414517 0.417856 0.420373 0.424806 0.424997 0.426583 0.425752 0.424937 0.424363 0.423937 0.423597 0.423157 0.422789 0.422561 0.422316 0.422131 0.422163 0.422455 0.422764
-9999.0 -9999.0 -9999.0 -9999.0 -9999.0 -9999.0 -9999.0 -9999.0 -9999.0 -9999.0 -9999.0 -9999.0 -9999.0 -9999.0 -9999.0 -9999.0 -9999.0 -9999.0 0.427902 0.427719 0.425026 0.424564 0.425127 0.424901 0.421121 0.420017 0.419233 0.418527 0.417864 0.416683 0.416527 0.416807 0.416911 0.417777 0.417873 0.419786 0.419716 0.420618 0.422553 0.420699 0.418880 0.417189 0.415859 0.414807 0.416006 0.416597 0.415265 0.419574 0.425378 0.424799 0.425247 0.425463 0.424915 0.424550 0.424185 0.423797 0.423353 0.423979 0.423633 0.422211 0.421872 0.421745 0.422048 0.422565
-9999.0 -9999.0 -9999.0 -9999.0 -9999.0 -9999.0 -9999.0 -9999.0 -9999.0 -9999.0 -9999.0 -9999.0 -9999.0 -9999.0 -9999.0 -9999.0 0.423784 0.424524 0.423844 0.428326 0.427337 0.425370 0.424179 0.423679 0.424010 0.422427 0.422382 0.421466 0.419582 0.417278 0.417991 0.417730 0.417192 0.418579 0.417578 0.418344 0.419241 0.420485 0.421276 0.421847 0.421056 0.417699 0.416383 0.414778 0.414481 0.415491 0.417537 0.419467 0.426669 0.425487 0.425692 0.425390 0.425047 0.424619 0.424154 0.424944 0.424764 0.424556 0.424114 0.423487 0.422996 0.422497 0.421753 0.422228
-9999.0 -9999.0 -9999.0 -9999.0 -9999.0 -9999.0 -9999.0 -9999.0 -9999.0 -9999.0 -9999.0 -9999.0 -9999.0 -9999.0 -9999.0 0.418866 0.421600 0.425780 0.427046 0.425941 0.425376 0.424427 0.423390 0.422460 0.423762 0.424584 0.423989 0.423495 0.422169 0.419487 0.419039 0.418118 0.416890 0.415764 0.417007 0.418216 0.419360 0.418807 0.421851 0.422142 0.421830 0.419571 0.418481 0.416061 0.416003 0.417981 0.418447 0.417855 0.422360 0.427083 0.425994 0.425507 0.424958 0.424353 0.424934 0.424975 0.425222 0.425397 0.425007 0.424169 0.423420 0.422721 0.421633 0.421979
-9999.0 -9999.0 -9999.0 -9999.0 -9999.0 -9999.0 -9999.0 -9999.0 -9999.0 -9999.0 -9999.0 -9999.0 -9999.0 -9999.0 -9999.0 0.421137 0.421634 0.424455 0.426145 0.426010 0.424400 0.421842 0.417879 0.416715 0.417216 0.418865 0.424056 0.422198 0.420398 0.419138 0.419627 0.418890 0.417758 0.418723 0.417309 0.418036 0.419644 0.419967 0.420149 0.423165 0.424060 0.425276 0.421606 0.418859 0.417937 0.417141 0.418267 0.418192 0.421893 0.427631 0.426376 0.425702 0.424975 0.425385 0.424938 0.425199 0.425744 0.426160 0.425890 0.424700 0.423824 0.422975 0.422521 0.421802
-9999.0 -9999.0 -9999.0 -9999.0 -9999.0 -9999.0 -9999.0 -9999.0 -9999.0 -9999.0 -9999.0 -9999.0 -9999.0 -9999.0 -9999.0 0.425716 0.423766 0.426286 0.425859 0.424577 0.421210 0.417481 0.416829 0.415706 0.415640 0.416062 0.417630 0.419747 0.419513 0.419695 0.419254 0.419190 0.418753 0.417718 0.418696 0.418459 0.420110 0.419478 0.419656 0.420714 0.426718 0.426213 0.425134 0.423172 0.421883 0.420082 0.417411 0.419850 0.423079 0.428394 0.427120 0.426239 0.425194 0.425540 0.425179 0.425488 0.426059 0.426532 0.426431 0.425206 0.423963 0.423127 0.422695 0.422669
-9999.0 -9999.0 -9999.0 -9999.0 -9999.0 -9999.0 -9999.0 -9999.0 -9999.0 -9999.0 -9999.0 -9999.0 -9999.0 -9999.0 0.424200 0.425248 0.426589 0.427300 0.425265 0.422996 0.420597 0.417019 0.416082 0.414516 0.415060 0.415325 0.415891 0.416573 0.417144 0.418486 0.419062 0.419054 0.418720 0.418789 0.418374 0.417712 0.418716 0.418256 0.420447 0.422200 0.424987 0.428433 0.427788 0.425276 0.422523 0.421338 0.421154 0.419149 0.424506 0.427310 0.427432 0.427178 0.427066 0.426178 0.425835 0.425970 0.425284 0.425666 0.425592 0.425645 0.424328 0.423246 0.422815 0.422761
-9999.0 -9999.0 -9999.0 -9999.0 -9999.0 -9999.0 -9999.0 -9999.0 -9999.0 -9999.0 -9999.0 -9999.0 -9999.0 0.421677 0.423384 0.426066 0.428715 0.427660 0.424479 0.423073 0.422004 0.418576 0.415891 0.415139 0.414144 0.414178 0.415363 0.415769 0.416238 0.416777 0.417947 0.418533 0.418107 0.418196 0.417959 0.416717 0.416992 0.417586 0.417298 0.419824 0.423262 0.426189 0.426384 0.426934 0.424929 0.422639 0.419951 0.423830 0.425569 0.427075 0.427799 0.428137 0.427153 0.427425 0.426908 0.425639 0.425741 0.425854 0.425705 0.425851 0.424307 0.423197 0.422921 0.422783
-9999.0 -9999.0 -9999.0 -9999.0 -9999.0 -9999.0 -9999.0 -9999.0 -9999.0 -9999.0 -9999.0 -9999.0 0.423153 0.423654 0.425565 0.427849 0.429026 0.426966 0.424449 0.422578 0.422117 0.420273 0.416550 0.415647 0.414864 0.414870 0.414173 0.415305 0.415729 0.416180 0.416654 0.417017 0.417828 0.417617 0.417503 0.417872 0.417160 0.416353 0.416985 0.418998 0.421461 0.421606 0.424535 0.423094 0.422067 0.420735 0.421106 0.422612 0.426968 0.427970 0.427501 0.428202 0.427916 0.427374 0.427025 0.426648 0.426484 0.426457 0.426244 0.426236 0.424835 0.423594 0.423073 0.422789
-9999.0 -9999.0 -9999.0 -9999.0 -9999.0 -9999.0 -9999.0 -9999.0 -9999.0 -9999.0 -9999.0 0.423585 0.424520 0.425711 0.428445 0.429491 0.428269 0.425671 0.423694 0.422743 0.423142 0.421336 0.417527 0.416193 0.414980 0.414592 0.413928 0.415154 0.415565 0.415942 0.416297 0.416684 0.416867 0.416949 0.416599 0.416295 0.415647 0.415850 0.415883 0.416919 0.419111 0.421192 0.422921 0.422411 0.422168 0.422926 0.421793 0.420376 0.422405 0.423449 0.429293 0.428648 0.428655 0.428427 0.427714 0.427226 0.426798 0.427196 0.426959 0.427079 0.425910 0.424115 0.422995 0.422754
-9999.0 -9999.0 -9999.0 -9999.0 -9999.0 -9999.0 -9999.0 -9999.0 -9999.0 -9999.0 0.424453 0.424974 0.426116 0.428017 0.430412 0.429142 0.427436 0.424928 0.423688 0.423530 0.424193 0.424424 0.420286 0.416325 0.414979 0.414405 0.414597 0.414285 0.415592 0.415902 0.416120 0.416496 0.416962 0.417248 0.416858 0.416202 0.415334 0.415353 0.415619 0.415925 0.417450 0.419219 0.420869 0.421767 0.421814 0.421971 0.420047 0.420552 0.420649 0.421338 0.421559 0.430756 0.430129 0.430527 0.430150 0.428463 0.427423 0.427257 0.427646 0.426975 0.426667 0.424646 0.423469 0.423071
-9999.0 -9999.0 -9999.0 -9999.0 -9999.0 -9999.0 -9999.0 -9999.0 -9999.0 0.427310 0.427848 0.426497 0.427911 0.429673 0.429174 0.428373 0.426903 0.426016 0.424501 0.424789 0.425800 0.425980 0.422100 0.415744 0.413834 0.414229 0.414536 0.414270 0.415630 0.415884 0.416038 0.416413 0.416947 0.417322 0.417040 0.416282 0.415446 0.414337 0.415283 0.416482 0.414596 0.417905 0.419285 0.419598 0.420062 0.419454 0.420064 0.419189 0.418653 0.418966 0.419334 0.421901 0.429798 0.429001 0.430408 0.430036 0.429471 0.427428 0.427146 0.426989 0.426843 0.425360 0.424382 0.423704
-9999.0 -9999.0 -9999.0 -9999.0 -9999.0 -9999.0 -9999.0 -9999.0 0.428351 0.430420 0.430398 0.429556 0.429685 0.428931 0.428106 0.427667 0.428646 0.427426 0.426234 0.425971 0.426654 0.426677 0.422353 0.415420 0.413692 0.414034 0.414366 0.414984 0.414731 0.415864 0.416030 0.416356 0.416669 0.417306 0.417184 0.416326 0.415509 0.414821 0.414804 0.415148 0.415133 0.416657 0.416756 0.419624 0.420240 0.420496 0.419933 0.419332 0.417295 0.418055 0.417761 0.419372 0.423095 0.430515 0.429953 0.430041 0.429617 0.428475 0.426867 0.426404 0.426074 0.425416 0.425004 0.424832
-9999.0 -9999.0 -9999.0 -9999.0 -9999.0 -9999.0 -9999.0 0.424850 0.430200 0.432851 0.434051 0.432449 0.429996 0.428608 0.427575 0.427455 0.429307 0.428125 0.427134 0.426761 0.427063 0.426768 0.422505 0.415528 0.413194 0.412878 0.414085 0.414731 0.414596 0.415859 0.416014 0.416274 0.416498 0.417142 0.417300 0.416712 0.415668 0.414602 0.414146 0.415095 0.415982 0.416881 0.417608 0.418547 0.417969 0.419260 0.419043 0.418489 0.418582 0.418610 0.417902 0.417619 0.420413 0.422381 0.430068 0.429576 0.429684 0.428463 0.426937 0.425336 0.425305 0.425133 0.425539 0.426054
-9999.0 -9999.0 -9999.0 -9999.0 -9999.0 -9999.0 0.421362 0.426572 0.429620 0.433662 0.435418 0.434386 0.431382 0.428763 0.427809 0.428151 0.427353 0.427027 0.425729 0.425350 0.426968 0.427198 0.424870 0.420237 0.413650 0.412212 0.412662 0.414251 0.415098 0.414853 0.416015 0.416240 0.416311 0.416883 0.417344 0.417186 0.416009 0.414538 0.413991 0.414174 0.415234 0.416242 0.417355 0.417570 0.417104 0.417722 0.417793 0.418035 0.418480 0.418724 0.418107 0.418247 0.418543 0.421165 0.429452 0.428828 0.429277 0.428143 0.426302 0.424322 0.424645 0.425348 0.426307 0.427007
-9999.0 -9999.0 -9999.0 -9999.0 -9999.0 0.411563 0.423070 0.426188 0.429001 0.433253 0.435359 0.435489 0.433332 0.428923 0.428041 0.427803 0.427199 0.426868 0.425308 0.426091 0.426817 0.427707 0.426526 0.421475 0.414240 0.412095 0.412012 0.413657 0.414606 0.414545 0.415901 0.416065 0.416311 0.416521 0.417106 0.417542 0.416764 0.414121 0.413045 0.413634 0.414278 0.415443 0.417071 0.418156 0.417162 0.416887 0.416929 0.417566 0.416418 0.417999 0.418407 0.418170 0.418322 0.419357 0.423146 0.429465 0.427976 0.428115 0.425133 0.424957 0.424630 0.425792 0.426893 0.427414
-9999.0 -9999.0 -9999.0 -9999.0 -9999.0 0.415442 0.421387 0.424015 0.427420 0.431467 0.433941 0.435493 0.434515 0.431132 0.429315 0.428281 0.427597 0.427099 0.426251 0.425729 0.426631 0.426949 0.427508 0.422398 0.415043 0.413037 0.411680 0.412073 0.413904 0.414763 0.414757 0.416133 0.416158 0.416098 0.416572 0.417513 0.417438 0.415969 0.413548 0.414092 0.414317 0.414626 0.416155 0.416807 0.416516 0.416503 0.417761 0.418132 0.418770 0.417697 0.417430 0.417298 0.416546 0.418951 0.420184 0.423630 0.428890 0.426351 0.425830 0.424463 0.424717 0.425853 0.426609 0.426647
-9999.0 -9999.0 -9999.0 -9999.0 -9999.0 0.417707 0.420184 0.421736 0.425718 0.429006 0.431757 0.433426 0.434129 0.431454 0.429317 0.427792 0.427140 0.426383 0.426414 0.425721 0.426460 0.426533 0.427376 0.422868 0.416113 0.413697 0.412252 0.411772 0.413354 0.414138 0.415116 0.415121 0.415189 0.414878 0.415851 0.416842 0.417882 0.417354 0.415900 0.415032 0.414870 0.415580 0.416124 0.415798 0.415417 0.415506 0.416326 0.418290 0.418248 0.416962 0.416616 0.416618 0.417006 0.416894 0.417600 0.419825 0.422025 0.426487 0.425352 0.424147 0.424317 0.425217 0.425839 0.425820
-9999.0 -9999.0 -9999.0 -9999.0 -9999.0 0.419066 0.419953 0.421134 0.425234 0.427713 0.428686 0.430890 0.432961 0.431656 0.429527 0.427819 0.427316 0.426082 0.424916 0.425270 0.425787 0.427025 0.427593 0.426137 0.420698 0.414840 0.412691 0.411966 0.412059 0.413640 0.414752 0.415096 0.415391 0.414806 0.414355 0.415789 0.417284 0.419007 0.418769 0.416928 0.416463 0.416369 0.416215 0.415512 0.415156 0.415272 0.415868 0.417076 0.417659 0.417100 0.416616 0.416021 0.416173 0.414815 0.417446 0.418813 0.420718 0.425880 0.424400 0.423545 0.423642 0.423749 0.424341 0.425981
-9999.0 -9999.0 -9999.0 -9999.0 0.414904 0.421343 0.421207 0.422156 0.426073 0.427428 0.427239 0.429531 0.431463 0.431761 0.429961 0.428521 0.427027 0.425352 0.423029 0.423569 0.424201 0.425525 0.427109 0.427024 0.426572 0.420155 0.414687 0.413198 0.412667 0.413941 0.414981 0.415446 0.416891 0.415295 0.414197 0.414030 0.415274 0.417540 0.418781 0.418696 0.418383 0.417946 0.416825 0.415793 0.415343 0.415487 0.415753 0.416466 0.416533 0.416039 0.415574 0.415667 0.416074 0.415921 0.416044 0.416465 0.417990 0.419144 0.424716 0.423060 0.421742 0.421440 0.423503 0.423192
-9999.0 -9999.0 -9999.0 -9999.0 0.415555 0.419876 0.422517 0.424671 0.427646 0.428295 0.427965 0.429822 0.432510 0.433113 0.431793 0.429819 0.427749 0.425333 0.422893 0.421787 0.421730 0.422856 0.425140 0.426918 0.426790 0.426221 0.420265 0.417291 0.416169 0.416604 0.420299 0.419376 0.417810 0.416194 0.414586 0.413562 0.414703 0.416112 0.417886 0.420549 0.421086 0.419058 0.417750 0.416415 0.415759 0.415972 0.416209 0.416172 0.415884 0.415376 0.415083 0.415052 0.415471 0.415887 0.416312 0.417891 0.417881 0.417362 0.418405 0.423262 0.423035 0.422496 0.420217 -9999.0
