tests/3D/Muntatschini_ref_005/output-maps-SE27XX/thetaliqL0005N0008.asc
ncols         108
nrows         156
xllcorner     619971.250000
yllcorner     5169711.250000
cellsize      20.000000
NODATA_value  -9999.0
[rows 58 to 86 of 156, columns 0 to 63 of 108]
-9999.0 -9999.0 -9999.0 -9999.0 -9999.0 -9999.0 -9999.0 -9999.0 -9999.0 -9999.0 -9999.0 -9999.0 -9999.0 -9999.0 -9999.0 -9999.0 -9999.0 -9999.0 -9999.0 -9999.0 -9999.0 -9999.0 -9999.0 -9999.0 -9999.0 -9999.0 -9999.0 -9999.0 -9999.0 -9999.0 -9999.0 -9999.0 -9999.0 -9999.0 -9999.0 -9999.0 0.413144 0.412537 0.411350 0.410983 0.410709 0.410951 0.411807 0.414513 0.416411 0.418304 0.419717 0.420449 0.420445 0.419959 0.419131 0.418229 0.417284 0.416502 0.416045 0.415996 0.416302 0.417449 0.417994 0.418169 0.417720 0.416900 0.416061 0.415462
-9999.0 -9999.0 -9999.0 -9999.0 -9999.0 -9999.0 -9999.0 -9999.0 -9999.0 -9999.0 -9999.0 -9999.0 -9999.0 -9999.0 -9999.0 -9999.0 -9999.0 -9999.0 -9999.0 -9999.0 -9999.0 -9999.0 -9999.0 -9999.0 -9999.0 -9999.0 -9999.0 -9999.0 -9999.0 -9999.0 -9999.0 -9999.0 -9999.0 -9999.0 -9999.0 0.415185 0.414912 0.412675 0.411985 0.411304 0.410752 0.410748 0.411425 0.412956 0.416066 0.417947 0.419122 0.419567 0.419515 0.419284 0.418816 0.418271 0.417614 0.416948 0.416363 0.415988 0.415982 0.416495 0.417827 0.418369 0.418174 0.417389 0.416458 0.415695
-9999.0 -9999.0 -9999.0 -9999.0 -9999.0 -9999.0 -9999.0 -9999.0 -9999.0 -9999.0 -9999.0 -9999.0 -9999.0 -9999.0 -9999.0 -9999.0 -9999.0 -9999.0 -9999.0 -9999.0 -9999.0 -9999.0 -9999.0 -9999.0 -9999.0 -9999.0 -9999.0 -9999.0 -9999.0 -9999.0 -9999.0 -9999.0 0.410866 0.414036 0.416717 0.416353 0.415490 0.413674 0.412790 0.411830 0.411195 0.411006 0.411428 0.412512 0.414550 0.417811 0.419044 0.419360 0.419137 0.418843 0.418456 0.418099 0.417689 0.417220 0.416695 0.416174 0.415875 0.416101 0.416852 0.418218 0.418434 0.417968 0.417162 0.416371
-9999.0 -9999.0 -9999.0 -9999.0 -9999.0 -9999.0 -9999.0 -9999.0 -9999.0 -9999.0 -9999.0 -9999.0 -9999.0 -9999.0 -9999.0 -9999.0 -9999.0 -9999.0 -9999.0 -9999.0 -9999.0 -9999.0 -9999.0 -9999.0 -9999.0 -9999.0 -9999.0 -9999.0 -9999.0 -9999.0 0.413071 0.414002 0.412853 0.413853 0.415376 0.416369 0.415028 0.414489 0.413395 0.412196 0.411391 0.411140 0.411207 0.411942 0.413715 0.417154 0.418731 0.419389 0.419302 0.418911 0.418425 0.418014 0.417691 0.417338 0.416904 0.416322 0.415808 0.415705 0.416217 0.417005 0.418106 0.418123 0.417743 0.417171
-9999.0 -9999.0 -9999.0 -9999.0 -9999.0 -9999.0 -9999.0 -9999.0 -9999.0 -9999.0 -9999.0 -9999.0 -9999.0 -9999.0 -9999.0 -9999.0 -9999.0 -9999.0 -9999.0 -9999.0 -9999.0 -9999.0 -9999.0 -9999.0 -9999.0 -9999.0 -9999.0 -9999.0 -9999.0 0.411232 0.411190 0.413041 0.413989 0.414122 0.415933 0.415411 0.415795 0.415360 0.413973 0.412359 0.411186 0.410687 0.410625 0.411139 0.412488 0.414637 0.417648 0.418877 0.419349 0.419245 0.418815 0.418230 0.417702 0.417258 0.416904 0.416408 0.415843 0.415481 0.415649 0.416169 0.416729 0.417696 0.417850 0.417676
-9999.0 -9999.0 -9999.0 -9999.0 -9999.0 -9999.0 -9999.0 -9999.0 -9999.0 -9999.0 -9999.0 -9999.0 -9999.0 -9999.0 -9999.0 -9999.0 -9999.0 -9999.0 -9999.0 -9999.0 -9999.0 -9999.0 -9999.0 -9999.0 -9999.0 0.410545 0.410535 0.411265 0.411849 0.411515 0.412267 0.413497 0.414316 0.414786 0.415299 0.415924 0.416451 0.416182 0.414679 0.412575 0.410957 0.410202 0.410089 0.410460 0.411416 0.413054 0.416083 0.417658 0.418731 0.419192 0.419188 0.418667 0.417923 0.417214 0.416774 0.416370 0.415881 0.415453 0.415350 0.415542 0.415872 0.416328 0.417394 0.417642
-9999.0 -9999.0 -9999.0 -9999.0 -9999.0 -9999.0 -9999.0 -9999.0 -9999.0 -9999.0 -9999.0 -9999.0 -9999.0 -9999.0 -9999.0 -9999.0 -9999.0 -9999.0 -9999.0 -9999.0 -9999.0 -9999.0 -9999.0 0.415374 0.415075 0.412735 0.411369 0.410960 0.411554 0.412075 0.412786 0.413805 0.414567 0.415010 0.415519 0.416248 0.416964 0.416987 0.415672 0.413328 0.411271 0.410137 0.409856 0.410077 0.410729 0.411885 0.413550 0.416264 0.417659 0.418667 0.419247 0.419042 0.418217 0.417292 0.416747 0.416438 0.416040 0.415596 0.415292 0.415210 0.415259 0.415548 0.416647 0.417132
-9999.0 -9999.0 -9999.0 -9999.0 -9999.0 -9999.0 -9999.0 -9999.0 -9999.0 -9999.0 -9999.0 -9999.0 -9999.0 -9999.0 -9999.0 -9999.0 -9999.0 -9999.0 -9999.0 -9999.0 -9999.0 0.421364 0.421865 0.416720 0.415450 0.414534 0.413294 0.412845 0.412797 0.412836 0.413169 0.413716 0.414302 0.414816 0.415466 0.416355 0.417419 0.417729 0.416857 0.414652 0.412256 0.410602 0.409932 0.409930 0.410388 0.411269 0.412624 0.415246 0.416660 0.417940 0.418960 0.419169 0.418462 0.417536 0.416906 0.416594 0.416229 0.415801 0.415395 0.415081 0.414869 0.414896 0.415272 0.416387
-9999.0 -9999.0 -9999.0 -9999.0 -9999.0 -9999.0 -9999.0 -9999.0 -9999.0 -9999.0 -9999.0 -9999.0 -9999.0 -9999.0 -9999.0 -9999.0 -9999.0 -9999.0 -9999.0 -9999.0 0.422128 0.420168 0.421088 0.421177 0.418130 0.416707 0.415412 0.414419 0.413808 0.413354 0.413131 0.413211 0.413553 0.414236 0.415046 0.416106 0.417282 0.418068 0.417953 0.416384 0.413902 0.411582 0.410242 0.409852 0.410129 0.410938 0.412192 0.413739 0.416353 0.417700 0.418720 0.418947 0.418434 0.417808 0.417329 0.416987 0.416555 0.416042 0.415549 0.415055 0.414645 0.414429 0.414608 0.415078
-9999.0 -9999.0 -9999.0 -9999.0 -9999.0 -9999.0 -9999.0 -9999.0 -9999.0 -9999.0 -9999.0 -9999.0 -9999.0 -9999.0 -9999.0 -9999.0 -9999.0 -9999.0 0.422915 0.424038 0.423424 0.421889 0.421496 0.421533 0.421295 0.418847 0.417463 0.415850 0.414570 0.413664 0.413044 0.412809 0.412908 0.413500 0.414434 0.415539 0.416734 0.417855 0.418557 0.418008 0.415943 0.413166 0.410928 0.409899 0.409903 0.410656 0.412010 0.413724 0.416595 0.417954 0.418748 0.418846 0.418469 0.418031 0.417686 0.417419 0.417085 0.416612 0.416062 0.415357 0.414676 0.414188 0.414167 0.414543
-9999.0 -9999.0 -9999.0 -9999.0 -9999.0 -9999.0 -9999.0 -9999.0 -9999.0 -9999.0 -9999.0 -9999.0 -9999.0 -9999.0 -9999.0 -9999.0 0.418644 0.420777 0.420705 0.421645 0.422221 0.421196 0.420181 0.419922 0.420501 0.420796 0.420219 0.418785 0.417275 0.414410 0.413597 0.412924 0.412714 0.413184 0.414079 0.415082 0.416160 0.417387 0.418656 0.419163 0.418002 0.415252 0.412270 0.410419 0.409965 0.410511 0.411873 0.413834 0.417126 0.418502 0.418991 0.418851 0.418491 0.418127 0.417855 0.417763 0.417758 0.417549 0.417026 0.416130 0.415140 0.414335 0.414038 0.414247
-9999.0 -9999.0 -9999.0 -9999.0 -9999.0 -9999.0 -9999.0 -9999.0 -9999.0 -9999.0 -9999.0 -9999.0 -9999.0 -9999.0 -9999.0 0.415352 0.415504 0.418994 0.420872 0.421217 0.420945 0.419702 0.418045 0.417147 0.417587 0.418699 0.419358 0.419004 0.418064 0.415445 0.414489 0.413541 0.413013 0.413250 0.414070 0.415015 0.415973 0.417058 0.418505 0.419747 0.419770 0.417792 0.414636 0.411953 0.410811 0.410898 0.411979 0.413905 0.416473 0.419170 0.419491 0.419182 0.418704 0.418224 0.417859 0.417954 0.418358 0.418559 0.418199 0.417193 0.415911 0.414761 0.414154 0.414161
-9999.0 -9999.0 -9999.0 -9999.0 -9999.0 -9999.0 -9999.0 -9999.0 -9999.0 -9999.0 -9999.0 -9999.0 -9999.0 -9999.0 -9999.0 0.418039 0.417372 0.419586 0.420488 0.420492 0.419829 0.418343 0.414772 0.413348 0.413199 0.414090 0.417054 0.417710 0.416104 0.415806 0.415159 0.414201 0.413439 0.413325 0.413940 0.414800 0.415775 0.416806 0.418301 0.419997 0.421248 0.420548 0.417983 0.414809 0.412765 0.412129 0.412623 0.414257 0.416923 0.419968 0.420218 0.419708 0.419032 0.418473 0.418056 0.418138 0.418648 0.419120 0.419038 0.418104 0.416686 0.415299 0.414413 0.414188
-9999.0 -9999.0 -9999.0 -9999.0 -9999.0 -9999.0 -9999.0 -9999.0 -9999.0 -9999.0 -9999.0 -9999.0 -9999.0 -9999.0 -9999.0 0.422577 0.420379 0.421698 0.421490 0.419925 0.418370 0.415325 0.413925 0.412584 0.411940 0.412212 0.413161 0.414186 0.414798 0.415122 0.414983 0.414380 0.413576 0.413133 0.413375 0.414102 0.415079 0.416099 0.417592 0.419751 0.422152 0.422996 0.421483 0.418408 0.415646 0.414118 0.413815 0.414939 0.417493 0.420879 0.421337 0.420707 0.419673 0.418897 0.418403 0.418343 0.418733 0.419216 0.419333 0.418570 0.417183 0.415716 0.414679 0.414287
-9999.0 -9999.0 -9999.0 -9999.0 -9999.0 -9999.0 -9999.0 -9999.0 -9999.0 -9999.0 -9999.0 -9999.0 -9999.0 -9999.0 0.418873 0.420713 0.422908 0.423960 0.422072 0.419301 0.417001 0.414903 0.413810 0.412574 0.411691 0.411473 0.411852 0.412588 0.413314 0.413890 0.414193 0.414063 0.413485 0.412820 0.412590 0.412960 0.413735 0.414640 0.415995 0.418356 0.421453 0.423697 0.423531 0.421218 0.418291 0.416170 0.415089 0.415605 0.418724 0.421303 0.422296 0.421912 0.420768 0.419741 0.419004 0.418684 0.418891 0.419328 0.419510 0.418838 0.417475 0.416053 0.414978 0.414484
-9999.0 -9999.0 -9999.0 -9999.0 -9999.0 -9999.0 -9999.0 -9999.0 -9999.0 -9999.0 -9999.0 -9999.0 -9999.0 0.418827 0.418855 0.421470 0.424705 0.424782 0.421873 0.418496 0.417229 0.416410 0.414255 0.413013 0.412003 0.411508 0.411469 0.411776 0.412275 0.412825 0.413287 0.413508 0.413290 0.412666 0.412088 0.411942 0.412158 0.412604 0.413573 0.415622 0.418627 0.421756 0.422985 0.422074 0.419745 0.417543 0.415954 0.416774 0.418396 0.420819 0.422479 0.422877 0.422127 0.421010 0.420000 0.419453 0.419479 0.419789 0.419907 0.419292 0.417931 0.416485 0.415385 0.414853
-9999.0 -9999.0 -9999.0 -9999.0 -9999.0 -9999.0 -9999.0 -9999.0 -9999.0 -9999.0 -9999.0 -9999.0 0.421319 0.420171 0.421157 0.423883 0.425677 0.424033 0.420336 0.418384 0.417880 0.417483 0.415280 0.413737 0.412444 0.411760 0.411526 0.411602 0.411894 0.412280 0.412690 0.413049 0.413169 0.412770 0.412043 0.411419 0.411031 0.410934 0.411383 0.412743 0.415019 0.418053 0.420123 0.420571 0.419348 0.417641 0.415961 0.415547 0.417462 0.419445 0.421559 0.423016 0.423223 0.422478 0.421418 0.420668 0.420441 0.420590 0.420673 0.420147 0.418765 0.417166 0.415919 0.415293
-9999.0 -9999.0 -9999.0 -9999.0 -9999.0 -9999.0 -9999.0 -9999.0 -9999.0 -9999.0 -9999.0 0.422040 0.421788 0.422118 0.423913 0.426307 0.425875 0.423104 0.419686 0.418424 0.418460 0.418449 0.416390 0.414574 0.412864 0.411987 0.411768 0.411886 0.412072 0.412247 0.412482 0.412838 0.413216 0.413142 0.412464 0.411500 0.410591 0.410052 0.410103 0.410853 0.412334 0.414643 0.416692 0.417800 0.417521 0.416550 0.415352 0.414732 0.415015 0.416421 0.419589 0.421739 0.423016 0.423120 0.422521 0.421848 0.421457 0.421378 0.421414 0.421034 0.419808 0.418082 0.416616 0.415810
-9999.0 -9999.0 -9999.0 -9999.0 -9999.0 -9999.0 -9999.0 -9999.0 -9999.0 -9999.0 0.423337 0.422561 0.422347 0.423885 0.426378 0.427185 0.425373 0.422029 0.419690 0.418736 0.419021 0.419527 0.418619 0.415314 0.413177 0.412172 0.412038 0.412246 0.412433 0.412488 0.412568 0.412897 0.413450 0.413660 0.413116 0.412020 0.410801 0.409919 0.409638 0.409958 0.410917 0.412496 0.414067 0.415108 0.415417 0.415198 0.414590 0.413828 0.413547 0.414228 0.416038 0.419353 0.421468 0.422631 0.422790 0.422348 0.421930 0.421718 0.421725 0.421480 0.420557 0.418965 0.417459 0.416480
-9999.0 -9999.0 -9999.0 -9999.0 -9999.0 -9999.0 -9999.0 -9999.0 -9999.0 0.425465 0.424424 0.423310 0.423447 0.425631 0.426992 0.426549 0.424895 0.422368 0.420477 0.419446 0.419713 0.420413 0.419485 0.415734 0.413315 0.412267 0.412191 0.412492 0.412769 0.412785 0.412745 0.413041 0.413692 0.414140 0.413790 0.412698 0.411289 0.410105 0.409536 0.409594 0.410255 0.411385 0.412583 0.413508 0.414173 0.414413 0.413925 0.412947 0.412392 0.412537 0.413531 0.415580 0.419086 0.421212 0.422281 0.422287 0.421937 0.421621 0.421490 0.421213 0.420549 0.419434 0.418292 0.417434
-9999.0 -9999.0 -9999.0 -9999.0 -9999.0 -9999.0 -9999.0 -9999.0 0.424039 0.425583 0.425565 0.425092 0.425452 0.426059 0.426229 0.425842 0.424339 0.422768 0.421041 0.420015 0.420354 0.421067 0.419952 0.415911 0.413322 0.412195 0.412141 0.412556 0.412951 0.413050 0.412996 0.413191 0.413763 0.414364 0.414285 0.413323 0.411741 0.410225 0.409407 0.409328 0.409865 0.410820 0.411927 0.412870 0.413726 0.414035 0.413552 0.412642 0.412019 0.411724 0.411990 0.413136 0.415547 0.419308 0.421305 0.421939 0.421740 0.421363 0.421045 0.420579 0.419933 0.419362 0.418934 0.418600
-9999.0 -9999.0 -9999.0 -9999.0 -9999.0 -9999.0 -9999.0 0.419639 0.422486 0.425055 0.427016 0.427741 0.426952 0.425712 0.425378 0.425171 0.423955 0.422551 0.421137 0.420486 0.420946 0.421520 0.420313 0.416187 0.413257 0.411869 0.411801 0.412394 0.412968 0.413218 0.413199 0.413296 0.413698 0.414308 0.414552 0.413873 0.412225 0.410336 0.409228 0.409038 0.409517 0.410492 0.411691 0.412682 0.413361 0.413550 0.413310 0.412779 0.412278 0.411748 0.411400 0.411640 0.413120 0.415975 0.419721 0.421282 0.421562 0.421236 0.420641 0.419863 0.419122 0.419035 0.419345 0.419566
-9999.0 -9999.0 -9999.0 -9999.0 -9999.0 -9999.0 0.415587 0.418139 0.421104 0.424468 0.428220 0.429306 0.427866 0.425908 0.425135 0.424958 0.424362 0.422420 0.420881 0.420312 0.420920 0.421806 0.421116 0.418165 0.413492 0.411472 0.411141 0.411834 0.412681 0.413202 0.413364 0.413412 0.413572 0.414070 0.414681 0.414574 0.413065 0.410768 0.409233 0.408855 0.409230 0.410227 0.411545 0.412408 0.412704 0.412807 0.412986 0.412996 0.412777 0.412247 0.411506 0.411038 0.411605 0.413726 0.417660 0.420000 0.421051 0.421039 0.420317 0.419273 0.418551 0.418872 0.419609 0.420092
-9999.0 -9999.0 -9999.0 -9999.0 -9999.0 0.410931 0.414634 0.416931 0.419764 0.424015 0.428480 0.430127 0.428987 0.426782 0.425448 0.425171 0.424626 0.422570 0.420663 0.419958 0.420626 0.421919 0.421838 0.419344 0.414192 0.411328 0.410493 0.411020 0.412022 0.412836 0.413309 0.413491 0.413481 0.413744 0.414546 0.415208 0.414346 0.411886 0.409765 0.409014 0.409187 0.410131 0.411413 0.411974 0.411865 0.411853 0.412247 0.412734 0.412933 0.412664 0.411879 0.411120 0.411077 0.412279 0.414647 0.418247 0.420077 0.420677 0.420022 0.418803 0.418213 0.418663 0.419389 0.419870
-9999.0 -9999.0 -9999.0 -9999.0 -9999.0 0.413373 0.414544 0.415721 0.418488 0.422714 0.426731 0.429250 0.429355 0.427744 0.426062 0.425548 0.425092 0.423093 0.420832 0.419692 0.420175 0.421779 0.422477 0.420598 0.415394 0.411722 0.410197 0.410284 0.411148 0.412146 0.413006 0.413481 0.413403 0.413317 0.414041 0.415385 0.415710 0.413798 0.411308 0.409944 0.409690 0.410406 0.411384 0.411532 0.411122 0.411018 0.411433 0.412218 0.412746 0.412624 0.411945 0.411376 0.411181 0.411766 0.413153 0.415344 0.418685 0.419890 0.419533 0.418299 0.417675 0.417894 0.418428 0.418901
-9999.0 -9999.0 -9999.0 -9999.0 -9999.0 0.413870 0.414373 0.414773 0.417584 0.421240 0.424367 0.427381 0.428773 0.428037 0.426259 0.425230 0.424646 0.423383 0.420866 0.419728 0.420166 0.421731 0.422853 0.421740 0.417190 0.413157 0.410763 0.410069 0.410467 0.411384 0.412557 0.413481 0.413527 0.413020 0.413216 0.414700 0.416259 0.415846 0.413867 0.412017 0.411178 0.411434 0.411725 0.411312 0.410735 0.410585 0.410908 0.411764 0.412383 0.412201 0.411619 0.411330 0.411363 0.411649 0.412327 0.413734 0.415921 0.418580 0.418543 0.417504 0.416729 0.416607 0.417053 0.417983
-9999.0 -9999.0 -9999.0 -9999.0 -9999.0 0.412781 0.413445 0.414831 0.418108 0.420753 0.422287 0.425006 0.427550 0.428085 0.426657 0.425169 0.424098 0.422600 0.420103 0.418958 0.419499 0.421265 0.423085 0.423295 0.421004 0.416030 0.412700 0.410942 0.410583 0.411150 0.412408 0.413743 0.414083 0.413213 0.412544 0.413367 0.415359 0.416677 0.416204 0.414657 0.413557 0.413240 0.412604 0.411635 0.410913 0.410647 0.410862 0.411552 0.411984 0.411670 0.411087 0.410926 0.411158 0.411421 0.411759 0.412563 0.414115 0.416766 0.416980 0.416334 0.415616 0.415224 0.415731 0.417446
-9999.0 -9999.0 -9999.0 -9999.0 0.410952 0.411865 0.414103 0.415706 0.419569 0.421374 0.421804 0.424016 0.426989 0.428483 0.427704 0.426026 0.424374 0.422179 0.419570 0.417272 0.417443 0.419267 0.421847 0.423652 0.423490 0.420787 0.416137 0.413368 0.412089 0.412119 0.413112 0.414566 0.415179 0.414128 0.412469 0.412059 0.413345 0.415443 0.416642 0.416477 0.415983 0.415367 0.413999 0.412601 0.411638 0.411211 0.411207 0.411505 0.411617 0.411193 0.410605 0.410437 0.410700 0.411042 0.411308 0.411768 0.412708 0.413734 0.415318 0.415145 0.414808 0.414274 0.414063 0.415478
-9999.0 -9999.0 -9999.0 -9999.0 0.412013 0.412660 0.414503 0.416739 0.421083 0.422514 0.422386 0.424134 0.427282 0.429490 0.429436 0.427964 0.426204 0.423507 0.419816 0.416035 0.414809 0.415781 0.418333 0.421140 0.422855 0.422485 0.420170 0.416462 0.414678 0.414121 0.415690 0.416791 0.416432 0.415515 0.413179 0.411477 0.411571 0.413166 0.415168 0.416624 0.417292 0.416865 0.415431 0.413924 0.412809 0.412199 0.411829 0.411583 0.411311 0.410833 0.410302 0.410056 0.410282 0.410688 0.411046 0.411378 0.411875 0.412378 0.412582 0.414081 0.414627 0.415161 0.414430 -9999.0
