tests/3D/Muntatschini_ref_005/output-maps-SE27XX/thetaliqL0002N0001.asc
ncols         108
nrows         156
xllcorner     619971.250000
yllcorner     5169711.250000
cellsize      20.000000
NODATA_value  -9999.0
[rows 58 to 86 of 156, columns 0 to 63 of 108]
-9999.0 -9999.0 -9999.0 -9999.0 -9999.0 -9999.0 -9999.0 -9999.0 -9999.0 -9999.0 -9999.0 -9999.0 -9999.0 -9999.0 -9999.0 -9999.0 -9999.0 -9999.0 -9999.0 -9999.0 -9999.0 -9999.0 -9999.0 -9999.0 -9999.0 -9999.0 -9999.0 -9999.0 -9999.0 -9999.0 -9999.0 -9999.0 -9999.0 -9999.0 -9999.0 -9999.0 0.410035 0.409471 0.409678 0.409165 0.408810 0.408913 0.409654 0.411037 0.412915 0.414823 0.416264 0.417027 0.417062 0.416600 0.415776 0.414865 0.413903 0.413098 0.412635 0.412574 0.412876 0.413478 0.414030 0.414216 0.413768 0.412939 0.412085 0.411466
-9999.0 -9999.0 -9999.0 -9999.0 -9999.0 -9999.0 -9999.0 -9999.0 -9999.0 -9999.0 -9999.0 -9999.0 -9999.0 -9999.0 -9999.0 -9999.0 -9999.0 -9999.0 -9999.0 -9999.0 -9999.0 -9999.0 -9999.0 -9999.0 -9999.0 -9999.0 -9999.0 -9999.0 -9999.0 -9999.0 -9999.0 -9999.0 -9999.0 -9999.0 -9999.0 0.412126 0.411826 0.410917 0.410235 0.409486 0.408877 0.408748 0.409301 0.410624 0.412543 0.414481 0.415682 0.416149 0.416123 0.415900 0.415437 0.414887 0.414227 0.413559 0.412969 0.412584 0.412559 0.413063 0.413859 0.414420 0.414235 0.413444 0.412497 0.411712
-9999.0 -9999.0 -9999.0 -9999.0 -9999.0 -9999.0 -9999.0 -9999.0 -9999.0 -9999.0 -9999.0 -9999.0 -9999.0 -9999.0 -9999.0 -9999.0 -9999.0 -9999.0 -9999.0 -9999.0 -9999.0 -9999.0 -9999.0 -9999.0 -9999.0 -9999.0 -9999.0 -9999.0 -9999.0 -9999.0 -9999.0 -9999.0 0.409510 0.410954 0.413741 0.413162 0.412349 0.411874 0.410995 0.409991 0.409255 0.408976 0.409240 0.410266 0.412177 0.414322 0.415611 0.415956 0.415740 0.415445 0.415062 0.414704 0.414300 0.413832 0.413304 0.412771 0.412455 0.412672 0.413423 0.414260 0.414496 0.414033 0.413219 0.412412
-9999.0 -9999.0 -9999.0 -9999.0 -9999.0 -9999.0 -9999.0 -9999.0 -9999.0 -9999.0 -9999.0 -9999.0 -9999.0 -9999.0 -9999.0 -9999.0 -9999.0 -9999.0 -9999.0 -9999.0 -9999.0 -9999.0 -9999.0 -9999.0 -9999.0 -9999.0 -9999.0 -9999.0 -9999.0 -9999.0 0.411762 0.412780 0.411499 0.410739 0.412201 0.413216 0.413213 0.412681 0.411566 0.410317 0.409417 0.409007 0.408997 0.409682 0.411370 0.413630 0.415290 0.415975 0.415904 0.415519 0.415038 0.414622 0.414304 0.413949 0.413513 0.412920 0.412395 0.412272 0.412781 0.413578 0.414157 0.414187 0.413808 0.413227
-9999.0 -9999.0 -9999.0 -9999.0 -9999.0 -9999.0 -9999.0 -9999.0 -9999.0 -9999.0 -9999.0 -9999.0 -9999.0 -9999.0 -9999.0 -9999.0 -9999.0 -9999.0 -9999.0 -9999.0 -9999.0 -9999.0 -9999.0 -9999.0 -9999.0 -9999.0 -9999.0 -9999.0 -9999.0 0.410001 0.409880 0.411560 0.412381 0.412388 0.412734 0.413546 0.413923 0.413487 0.412107 0.410391 0.409133 0.408542 0.408401 0.408856 0.410170 0.412229 0.414149 0.415430 0.415938 0.415852 0.415434 0.414843 0.414310 0.413859 0.413502 0.413005 0.412436 0.412060 0.412218 0.412744 0.413319 0.413748 0.413912 0.413741
-9999.0 -9999.0 -9999.0 -9999.0 -9999.0 -9999.0 -9999.0 -9999.0 -9999.0 -9999.0 -9999.0 -9999.0 -9999.0 -9999.0 -9999.0 -9999.0 -9999.0 -9999.0 -9999.0 -9999.0 -9999.0 -9999.0 -9999.0 -9999.0 -9999.0 0.409264 0.409247 0.410005 0.410652 0.410050 0.410652 0.411733 0.412529 0.412882 0.413303 0.413964 0.414518 0.414207 0.412733 0.410592 0.408911 0.408067 0.407869 0.408192 0.409116 0.410693 0.412554 0.414195 0.415306 0.415787 0.415802 0.415277 0.414530 0.413815 0.413373 0.412972 0.412483 0.412046 0.411937 0.412132 0.412460 0.412923 0.413442 0.413700
-9999.0 -9999.0 -9999.0 -9999.0 -9999.0 -9999.0 -9999.0 -9999.0 -9999.0 -9999.0 -9999.0 -9999.0 -9999.0 -9999.0 -9999.0 -9999.0 -9999.0 -9999.0 -9999.0 -9999.0 -9999.0 -9999.0 -9999.0 0.414060 0.413887 0.411490 0.410115 0.409700 0.409988 0.410375 0.410986 0.411912 0.412626 0.413011 0.413502 0.414213 0.414987 0.414977 0.413714 0.411359 0.409242 0.408020 0.407667 0.407848 0.408474 0.409605 0.411191 0.412777 0.414211 0.415234 0.415828 0.415640 0.414827 0.413904 0.413356 0.413051 0.412655 0.412210 0.411897 0.411807 0.411851 0.412136 0.412680 0.413172
-9999.0 -9999.0 -9999.0 -9999.0 -9999.0 -9999.0 -9999.0 -9999.0 -9999.0 -9999.0 -9999.0 -9999.0 -9999.0 -9999.0 -9999.0 -9999.0 -9999.0 -9999.0 -9999.0 -9999.0 -9999.0 0.417613 0.418413 0.415491 0.414033 0.413131 0.411869 0.411272 0.411063 0.411033 0.411247 0.411729 0.412292 0.412766 0.413404 0.414275 0.415304 0.415692 0.414897 0.412701 0.410256 0.408516 0.407789 0.407747 0.408170 0.409032 0.410324 0.411742 0.413191 0.414472 0.415511 0.415763 0.415088 0.414166 0.413532 0.413216 0.412854 0.412423 0.412009 0.411685 0.411467 0.411482 0.411852 0.412409
-9999.0 -9999.0 -9999.0 -9999.0 -9999.0 -9999.0 -9999.0 -9999.0 -9999.0 -9999.0 -9999.0 -9999.0 -9999.0 -9999.0 -9999.0 -9999.0 -9999.0 -9999.0 -9999.0 -9999.0 0.418442 0.416465 0.417345 0.417614 0.416444 0.415035 0.413658 0.412594 0.411904 0.411391 0.411122 0.411179 0.411514 0.412076 0.412865 0.413907 0.415119 0.415984 0.415976 0.414444 0.411924 0.409545 0.408147 0.407711 0.407953 0.408729 0.409958 0.411400 0.412862 0.414240 0.415287 0.415558 0.415068 0.414440 0.413957 0.413621 0.413192 0.412676 0.412175 0.411671 0.411248 0.411016 0.411185 0.411646
-9999.0 -9999.0 -9999.0 -9999.0 -9999.0 -9999.0 -9999.0 -9999.0 -9999.0 -9999.0 -9999.0 -9999.0 -9999.0 -9999.0 -9999.0 -9999.0 -9999.0 -9999.0 0.419124 0.420466 0.419706 0.418092 0.417661 0.417715 0.417668 0.416985 0.415565 0.413909 0.412589 0.411663 0.411017 0.410688 0.410754 0.411318 0.412234 0.413332 0.414560 0.415735 0.416514 0.416033 0.413991 0.411175 0.408882 0.407800 0.407750 0.408464 0.409796 0.411435 0.413117 0.414513 0.415337 0.415469 0.415102 0.414663 0.414321 0.414062 0.413738 0.413266 0.412709 0.411992 0.411294 0.410789 0.410748 0.411107
-9999.0 -9999.0 -9999.0 -9999.0 -9999.0 -9999.0 -9999.0 -9999.0 -9999.0 -9999.0 -9999.0 -9999.0 -9999.0 -9999.0 -9999.0 -9999.0 0.414798 0.417077 0.416947 0.417772 0.418344 0.417324 0.416294 0.416029 0.416612 0.417029 0.416450 0.414991 0.413507 0.412408 0.411501 0.410809 0.410576 0.411010 0.411919 0.412916 0.413989 0.415217 0.416543 0.417127 0.416057 0.413318 0.410274 0.408363 0.407846 0.408335 0.409669 0.411559 0.413636 0.415084 0.415601 0.415475 0.415118 0.414757 0.414494 0.414414 0.414422 0.414219 0.413693 0.412788 0.411780 0.410953 0.410631 0.410817
-9999.0 -9999.0 -9999.0 -9999.0 -9999.0 -9999.0 -9999.0 -9999.0 -9999.0 -9999.0 -9999.0 -9999.0 -9999.0 -9999.0 -9999.0 0.411579 0.411612 0.415085 0.416947 0.417269 0.417030 0.415804 0.414130 0.413186 0.413602 0.414724 0.415409 0.415079 0.414196 0.413356 0.412409 0.411452 0.410906 0.411112 0.411936 0.412856 0.413798 0.414860 0.416340 0.417673 0.417840 0.415899 0.412702 0.409950 0.408720 0.408733 0.409761 0.411674 0.414132 0.415739 0.416109 0.415817 0.415343 0.414872 0.414510 0.414602 0.415013 0.415225 0.414879 0.413873 0.412570 0.411395 0.410758 0.410744
-9999.0 -9999.0 -9999.0 -9999.0 -9999.0 -9999.0 -9999.0 -9999.0 -9999.0 -9999.0 -9999.0 -9999.0 -9999.0 -9999.0 -9999.0 0.414192 0.413356 0.415559 0.416486 0.416520 0.415905 0.414531 0.412743 0.411275 0.410971 0.411795 0.413017 0.413802 0.413918 0.413698 0.413077 0.412129 0.411341 0.411193 0.411781 0.412635 0.413584 0.414596 0.416114 0.417883 0.419234 0.418655 0.416095 0.412838 0.410691 0.409943 0.410351 0.412001 0.414621 0.416547 0.416852 0.416357 0.415681 0.415133 0.414710 0.414773 0.415272 0.415758 0.415702 0.414783 0.413354 0.411947 0.411032 0.410784
-9999.0 -9999.0 -9999.0 -9999.0 -9999.0 -9999.0 -9999.0 -9999.0 -9999.0 -9999.0 -9999.0 -9999.0 -9999.0 -9999.0 -9999.0 0.418527 0.416318 0.417691 0.417572 0.416025 0.414574 0.413304 0.411875 0.410482 0.409775 0.410005 0.410907 0.411948 0.412625 0.412990 0.412896 0.412295 0.411472 0.410992 0.411204 0.411915 0.412874 0.413889 0.415381 0.417553 0.420004 0.420971 0.419531 0.416408 0.413542 0.411902 0.411499 0.412630 0.415157 0.417453 0.417983 0.417374 0.416346 0.415564 0.415050 0.414956 0.415328 0.415824 0.415969 0.415238 0.413856 0.412379 0.411310 0.410893
-9999.0 -9999.0 -9999.0 -9999.0 -9999.0 -9999.0 -9999.0 -9999.0 -9999.0 -9999.0 -9999.0 -9999.0 -9999.0 -9999.0 0.414898 0.416654 0.418868 0.420061 0.418238 0.415445 0.413807 0.412908 0.411834 0.410550 0.409603 0.409331 0.409682 0.410421 0.411152 0.411752 0.412068 0.411950 0.411362 0.410676 0.410422 0.410764 0.411523 0.412413 0.413752 0.416079 0.419132 0.421458 0.421392 0.419121 0.416128 0.413888 0.412713 0.413184 0.415305 0.417871 0.418929 0.418586 0.417454 0.416408 0.415635 0.415274 0.415465 0.415921 0.416132 0.415505 0.414159 0.412722 0.411622 0.411104
-9999.0 -9999.0 -9999.0 -9999.0 -9999.0 -9999.0 -9999.0 -9999.0 -9999.0 -9999.0 -9999.0 -9999.0 -9999.0 0.414942 0.414820 0.417412 0.420731 0.420940 0.418069 0.415234 0.413967 0.413275 0.412328 0.411031 0.409970 0.409431 0.409358 0.409649 0.410141 0.410682 0.411139 0.411372 0.411163 0.410526 0.409916 0.409748 0.409952 0.410387 0.411301 0.413288 0.416211 0.419344 0.420673 0.419833 0.417484 0.415212 0.413516 0.413299 0.414869 0.417346 0.419080 0.419531 0.418802 0.417662 0.416617 0.416041 0.416062 0.416390 0.416541 0.415968 0.414625 0.413169 0.412045 0.411491
-9999.0 -9999.0 -9999.0 -9999.0 -9999.0 -9999.0 -9999.0 -9999.0 -9999.0 -9999.0 -9999.0 -9999.0 0.417538 0.416241 0.417139 0.419896 0.421799 0.420222 0.417083 0.415118 0.414601 0.414288 0.413340 0.411773 0.410445 0.409718 0.409455 0.409512 0.409783 0.410155 0.410549 0.410921 0.411044 0.410644 0.409904 0.409264 0.408846 0.408720 0.409111 0.410387 0.412582 0.415590 0.417697 0.418210 0.416983 0.415253 0.413527 0.413002 0.413876 0.415909 0.418102 0.419606 0.419847 0.419098 0.418032 0.417261 0.417031 0.417197 0.417313 0.416830 0.415473 0.413868 0.412600 0.411958
-9999.0 -9999.0 -9999.0 -9999.0 -9999.0 -9999.0 -9999.0 -9999.0 -9999.0 -9999.0 -9999.0 0.418282 0.417865 0.418124 0.419877 0.422401 0.422044 0.419298 0.416414 0.415129 0.415139 0.415231 0.414430 0.412629 0.410905 0.409987 0.409739 0.409822 0.409990 0.410149 0.410364 0.410723 0.411111 0.411042 0.410363 0.409379 0.408441 0.407864 0.407851 0.408515 0.409915 0.412176 0.414230 0.415364 0.415097 0.414113 0.412898 0.412271 0.412520 0.413867 0.416018 0.418239 0.419554 0.419679 0.419102 0.418427 0.418045 0.417984 0.418046 0.417711 0.416522 0.414805 0.413324 0.412492
-9999.0 -9999.0 -9999.0 -9999.0 -9999.0 -9999.0 -9999.0 -9999.0 -9999.0 -9999.0 0.419594 0.418658 0.418326 0.419844 0.422415 0.423372 0.421590 0.418776 0.416397 0.415391 0.415635 0.416165 0.415485 0.413389 0.411229 0.410192 0.410023 0.410204 0.410373 0.410415 0.410484 0.410808 0.411368 0.411592 0.411058 0.409937 0.408686 0.407759 0.407415 0.407657 0.408542 0.410058 0.411604 0.412652 0.412974 0.412750 0.412147 0.411395 0.411104 0.411753 0.413445 0.415736 0.417920 0.419133 0.419327 0.418899 0.418500 0.418295 0.418328 0.418131 0.417267 0.415705 0.414183 0.413179
-9999.0 -9999.0 -9999.0 -9999.0 -9999.0 -9999.0 -9999.0 -9999.0 -9999.0 0.421757 0.420555 0.419333 0.419400 0.421646 0.423125 0.422754 0.421087 0.419061 0.417123 0.416041 0.416271 0.417019 0.416301 0.413824 0.411385 0.410298 0.410183 0.410467 0.410729 0.410731 0.410681 0.410961 0.411624 0.412095 0.411755 0.410651 0.409207 0.407967 0.407334 0.407316 0.407915 0.409000 0.410172 0.411073 0.411754 0.412007 0.411561 0.410578 0.409986 0.410070 0.411021 0.412927 0.415444 0.417656 0.418772 0.418807 0.418479 0.418178 0.418075 0.417851 0.417247 0.416175 0.415032 0.414147
-9999.0 -9999.0 -9999.0 -9999.0 -9999.0 -9999.0 -9999.0 -9999.0 0.420282 0.421694 0.421612 0.421084 0.421469 0.422149 0.422366 0.421987 0.420984 0.419395 0.417633 0.416566 0.416900 0.417671 0.416778 0.414016 0.411400 0.410224 0.410131 0.410531 0.410922 0.411014 0.410939 0.411123 0.411701 0.412324 0.412262 0.411293 0.409674 0.408101 0.407227 0.407076 0.407555 0.408474 0.409543 0.410477 0.411348 0.411698 0.411248 0.410321 0.409666 0.409314 0.409512 0.410597 0.412868 0.415659 0.417763 0.418447 0.418276 0.417919 0.417632 0.417220 0.416626 0.416095 0.415670 0.415300
-9999.0 -9999.0 -9999.0 -9999.0 -9999.0 -9999.0 -9999.0 0.415800 0.418520 0.421029 0.423009 0.423802 0.423070 0.421825 0.421458 0.421267 0.420524 0.419112 0.417680 0.417017 0.417500 0.418142 0.417142 0.414292 0.411345 0.409892 0.409782 0.410369 0.410945 0.411183 0.411151 0.411236 0.411634 0.412263 0.412525 0.411854 0.410172 0.408229 0.407067 0.406815 0.407233 0.408171 0.409346 0.410345 0.411061 0.411289 0.411063 0.410513 0.409976 0.409388 0.408984 0.409172 0.410579 0.413289 0.416117 0.417769 0.418093 0.417804 0.417256 0.416531 0.415827 0.415760 0.416044 0.416236
-9999.0 -9999.0 -9999.0 -9999.0 -9999.0 -9999.0 0.411703 0.414131 0.417027 0.420346 0.424205 0.425410 0.423986 0.421972 0.421171 0.421007 0.420420 0.418982 0.417431 0.416846 0.417473 0.418417 0.417818 0.415063 0.411580 0.409498 0.409121 0.409803 0.410645 0.411168 0.411324 0.411359 0.411507 0.412017 0.412644 0.412559 0.411048 0.408701 0.407099 0.406657 0.406972 0.407937 0.409241 0.410122 0.410448 0.410571 0.410757 0.410754 0.410511 0.409951 0.409157 0.408637 0.409128 0.411117 0.414024 0.416465 0.417583 0.417634 0.416972 0.415972 0.415273 0.415566 0.416262 0.416721
-9999.0 -9999.0 -9999.0 -9999.0 -9999.0 0.409024 0.410606 0.412828 0.415578 0.419846 0.424453 0.426205 0.425060 0.422838 0.421485 0.421217 0.420705 0.419153 0.417227 0.416495 0.417164 0.418495 0.418502 0.416181 0.412288 0.409378 0.408482 0.408979 0.409970 0.410792 0.411271 0.411443 0.411422 0.411689 0.412516 0.413205 0.412363 0.409863 0.407676 0.406846 0.406954 0.407871 0.409145 0.409729 0.409625 0.409617 0.410015 0.410486 0.410685 0.410413 0.409586 0.408792 0.408674 0.409799 0.412086 0.414680 0.416618 0.417293 0.416707 0.415523 0.414916 0.415307 0.415985 0.416467
-9999.0 -9999.0 -9999.0 -9999.0 -9999.0 0.409466 0.410463 0.411522 0.414239 0.418539 0.422625 0.425209 0.425365 0.423771 0.422081 0.421572 0.421169 0.419698 0.417416 0.416236 0.416701 0.418319 0.419120 0.417459 0.413513 0.409805 0.408217 0.408237 0.409090 0.410100 0.410967 0.411438 0.411358 0.411270 0.412006 0.413388 0.413745 0.411830 0.409275 0.407821 0.407501 0.408181 0.409159 0.409316 0.408900 0.408781 0.409181 0.409949 0.410499 0.410413 0.409719 0.409115 0.408881 0.409392 0.410776 0.412910 0.415188 0.416510 0.416231 0.415019 0.414346 0.414480 0.414984 0.415501
-9999.0 -9999.0 -9999.0 -9999.0 -9999.0 0.409862 0.410237 0.410520 0.413320 0.417028 0.420185 0.423278 0.424761 0.424057 0.422276 0.421263 0.420700 0.419464 0.417443 0.416281 0.416701 0.418297 0.419519 0.418632 0.415357 0.411291 0.408812 0.408049 0.408420 0.409342 0.410520 0.411448 0.411506 0.410986 0.411177 0.412684 0.414292 0.413906 0.411875 0.409931 0.409029 0.409259 0.409546 0.409134 0.408536 0.408348 0.408654 0.409494 0.410149 0.410018 0.409430 0.409130 0.409137 0.409370 0.410051 0.411459 0.413584 0.415169 0.415226 0.414201 0.413376 0.413166 0.413623 0.414591
-9999.0 -9999.0 -9999.0 -9999.0 -9999.0 0.408729 0.409249 0.410592 0.413881 0.416589 0.418137 0.420885 0.423499 0.424089 0.422685 0.421185 0.420131 0.418662 0.416661 0.415490 0.416032 0.417833 0.419742 0.420074 0.418032 0.414220 0.410809 0.408971 0.408574 0.409129 0.410382 0.411730 0.412082 0.411204 0.410512 0.411332 0.413343 0.414692 0.414175 0.412572 0.411424 0.411110 0.410479 0.409495 0.408726 0.408430 0.408612 0.409297 0.409775 0.409498 0.408925 0.408747 0.408967 0.409207 0.409545 0.410348 0.411894 0.413325 0.413634 0.413010 0.412237 0.411851 0.412354 0.414081
-9999.0 -9999.0 -9999.0 -9999.0 0.407007 0.407804 0.409920 0.411474 0.415397 0.417300 0.417723 0.419919 0.422953 0.424516 0.423781 0.422092 0.420444 0.418239 0.415609 0.413797 0.413953 0.415794 0.418435 0.420340 0.420284 0.417795 0.414304 0.411467 0.410128 0.410126 0.411109 0.412572 0.413201 0.412145 0.410443 0.409993 0.411264 0.413339 0.414491 0.414303 0.413843 0.413264 0.411905 0.410482 0.409473 0.409002 0.408975 0.409276 0.409424 0.409056 0.408502 0.408309 0.408566 0.408886 0.409147 0.409602 0.410557 0.411585 0.411937 0.411798 0.411499 0.410932 0.410685 0.412278
-9999.0 -9999.0 -9999.0 -9999.0 0.408068 0.408625 0.410273 0.412468 0.416969 0.418489 0.418324 0.420043 0.423239 0.425526 0.425535 0.424079 0.422337 0.419632 0.415904 0.412594 0.411329 0.412266 0.414823 0.417687 0.419500 0.419224 0.417120 0.414546 0.412713 0.412087 0.412410 0.413605 0.414461 0.413550 0.411174 0.409415 0.409452 0.410985 0.412931 0.414376 0.415104 0.414761 0.413336 0.411804 0.410646 0.409998 0.409619 0.409394 0.409169 0.408741 0.408215 0.407973 0.408176 0.408580 0.408940 0.409276 0.409786 0.410354 0.410675 0.410785 0.411331 0.411866 0.411374 -9999.0
