tests/3D/Muntatschini_ref_005/output-maps-SE27XX/thetaliqL0006N0001.asc
ncols         108
nrows         156
xllcorner     619971.250000
yllcorner     5169711.250000
cellsize      20.000000
NODATA_value  -9999.0
[rows 58 to 86 of 156, columns 0 to 63 of 108]
-9999.0 -9999.0 -9999.0 -9999.0 -9999.0 -9999.0 -9999.0 -9999.0 -9999.0 -9999.0 -9999.0 -9999.0 -9999.0 -9999.0 -9999.0 -9999.0 -9999.0 -9999.0 -9999.0 -9999.0 -9999.0 -9999.0 -9999.0 -9999.0 -9999.0 -9999.0 -9999.0 -9999.0 -9999.0 -9999.0 -9999.0 -9999.0 -9999.0 -9999.0 -9999.0 -9999.0 0.416809 0.416359 0.417192 0.416691 0.416349 0.416449 0.417170 0.417899 0.419698 0.421518 0.422888 0.423610 0.423634 0.423189 0.422395 0.421524 0.420604 0.419837 0.419395 0.419338 0.419631 0.420102 0.420627 0.420804 0.420377 0.419587 0.418774 0.418189
-9999.0 -9999.0 -9999.0 -9999.0 -9999.0 -9999.0 -9999.0 -9999.0 -9999.0 -9999.0 -9999.0 -9999.0 -9999.0 -9999.0 -9999.0 -9999.0 -9999.0 -9999.0 -9999.0 -9999.0 -9999.0 -9999.0 -9999.0 -9999.0 -9999.0 -9999.0 -9999.0 -9999.0 -9999.0 -9999.0 -9999.0 -9999.0 -9999.0 -9999.0 -9999.0 0.418884 0.418580 0.418388 0.417729 0.417003 0.416413 0.416289 0.416827 0.418113 0.419342 0.421191 0.422334 0.422775 0.422741 0.422524 0.422074 0.421545 0.420913 0.420276 0.419712 0.419345 0.419328 0.419807 0.420461 0.420996 0.420820 0.420066 0.419163 0.418419
-9999.0 -9999.0 -9999.0 -9999.0 -9999.0 -9999.0 -9999.0 -9999.0 -9999.0 -9999.0 -9999.0 -9999.0 -9999.0 -9999.0 -9999.0 -9999.0 -9999.0 -9999.0 -9999.0 -9999.0 -9999.0 -9999.0 -9999.0 -9999.0 -9999.0 -9999.0 -9999.0 -9999.0 -9999.0 -9999.0 -9999.0 -9999.0 0.417027 0.418144 0.420259 0.419719 0.419060 0.419315 0.418465 0.417493 0.416780 0.416511 0.416768 0.417764 0.419619 0.421041 0.422268 0.422592 0.422383 0.422090 0.421718 0.421369 0.420981 0.420532 0.420031 0.419522 0.419221 0.419432 0.420149 0.420839 0.421066 0.420624 0.419850 0.419083
-9999.0 -9999.0 -9999.0 -9999.0 -9999.0 -9999.0 -9999.0 -9999.0 -9999.0 -9999.0 -9999.0 -9999.0 -9999.0 -9999.0 -9999.0 -9999.0 -9999.0 -9999.0 -9999.0 -9999.0 -9999.0 -9999.0 -9999.0 -9999.0 -9999.0 -9999.0 -9999.0 -9999.0 -9999.0 -9999.0 0.419210 0.420194 0.418947 0.417515 0.418973 0.419899 0.420611 0.420097 0.419019 0.417808 0.416938 0.416541 0.416532 0.417197 0.418835 0.420378 0.421963 0.422612 0.422540 0.422163 0.421695 0.421294 0.420987 0.420646 0.420227 0.419664 0.419163 0.419044 0.419532 0.420293 0.420738 0.420768 0.420411 0.419860
-9999.0 -9999.0 -9999.0 -9999.0 -9999.0 -9999.0 -9999.0 -9999.0 -9999.0 -9999.0 -9999.0 -9999.0 -9999.0 -9999.0 -9999.0 -9999.0 -9999.0 -9999.0 -9999.0 -9999.0 -9999.0 -9999.0 -9999.0 -9999.0 -9999.0 -9999.0 -9999.0 -9999.0 -9999.0 0.417503 0.417379 0.419018 0.419811 0.419819 0.419454 0.420938 0.421300 0.420878 0.419542 0.417879 0.416660 0.416089 0.415951 0.416394 0.417669 0.419669 0.420873 0.422096 0.422573 0.422485 0.422077 0.421508 0.420993 0.420556 0.420213 0.419740 0.419194 0.418836 0.418989 0.419494 0.420045 0.420351 0.420509 0.420350
-9999.0 -9999.0 -9999.0 -9999.0 -9999.0 -9999.0 -9999.0 -9999.0 -9999.0 -9999.0 -9999.0 -9999.0 -9999.0 -9999.0 -9999.0 -9999.0 -9999.0 -9999.0 -9999.0 -9999.0 -9999.0 -9999.0 -9999.0 -9999.0 -9999.0 0.416787 0.416787 0.417535 0.418115 0.417533 0.418132 0.419182 0.419955 0.420297 0.420705 0.421342 0.421877 0.421576 0.420148 0.418075 0.416444 0.415626 0.415434 0.415749 0.416646 0.418177 0.419348 0.420913 0.421969 0.422424 0.422431 0.421922 0.421201 0.420511 0.420087 0.419703 0.419235 0.418821 0.418718 0.418904 0.419223 0.419669 0.420061 0.420312
-9999.0 -9999.0 -9999.0 -9999.0 -9999.0 -9999.0 -9999.0 -9999.0 -9999.0 -9999.0 -9999.0 -9999.0 -9999.0 -9999.0 -9999.0 -9999.0 -9999.0 -9999.0 -9999.0 -9999.0 -9999.0 -9999.0 -9999.0 0.421434 0.421259 0.418929 0.417615 0.417209 0.417490 0.417862 0.418456 0.419356 0.420049 0.420422 0.420897 0.421584 0.422331 0.422320 0.421098 0.418817 0.416765 0.415579 0.415237 0.415414 0.416022 0.417120 0.418660 0.419556 0.420924 0.421896 0.422454 0.422267 0.421482 0.420595 0.420067 0.419774 0.419395 0.418970 0.418673 0.418590 0.418639 0.418915 0.419334 0.419807
-9999.0 -9999.0 -9999.0 -9999.0 -9999.0 -9999.0 -9999.0 -9999.0 -9999.0 -9999.0 -9999.0 -9999.0 -9999.0 -9999.0 -9999.0 -9999.0 -9999.0 -9999.0 -9999.0 -9999.0 -9999.0 0.423979 0.424711 0.422796 0.421407 0.420532 0.419310 0.418735 0.418532 0.418503 0.418711 0.419178 0.419726 0.420184 0.420802 0.421644 0.422638 0.423012 0.422243 0.420117 0.417748 0.416060 0.415354 0.415315 0.415726 0.416565 0.417820 0.418565 0.419948 0.421169 0.422151 0.422384 0.421732 0.420842 0.420232 0.419929 0.419579 0.419169 0.418780 0.418473 0.418270 0.418288 0.418650 0.419079
-9999.0 -9999.0 -9999.0 -9999.0 -9999.0 -9999.0 -9999.0 -9999.0 -9999.0 -9999.0 -9999.0 -9999.0 -9999.0 -9999.0 -9999.0 -9999.0 -9999.0 -9999.0 -9999.0 -9999.0 0.424770 0.422725 0.423728 0.423940 0.423735 0.422376 0.421044 0.420016 0.419348 0.418851 0.418591 0.418647 0.418971 0.419517 0.420280 0.421288 0.422459 0.423296 0.423285 0.421804 0.419363 0.417058 0.415702 0.415279 0.415516 0.416270 0.417464 0.418864 0.419631 0.420945 0.421935 0.422185 0.421709 0.421102 0.420636 0.420310 0.419901 0.419408 0.418931 0.418454 0.418058 0.417841 0.418008 0.418455
-9999.0 -9999.0 -9999.0 -9999.0 -9999.0 -9999.0 -9999.0 -9999.0 -9999.0 -9999.0 -9999.0 -9999.0 -9999.0 -9999.0 -9999.0 -9999.0 -9999.0 -9999.0 0.425408 0.426625 0.425791 0.424417 0.423977 0.424038 0.423988 0.424261 0.422891 0.421289 0.420012 0.419114 0.418489 0.418170 0.418235 0.418782 0.419668 0.420732 0.421920 0.423056 0.423807 0.423341 0.421365 0.418639 0.416415 0.415365 0.415319 0.416013 0.417307 0.418897 0.419870 0.421200 0.421982 0.422098 0.421739 0.421314 0.420984 0.420731 0.420419 0.419969 0.419439 0.418759 0.418097 0.417620 0.417591 0.417936
-9999.0 -9999.0 -9999.0 -9999.0 -9999.0 -9999.0 -9999.0 -9999.0 -9999.0 -9999.0 -9999.0 -9999.0 -9999.0 -9999.0 -9999.0 -9999.0 0.421284 0.423590 0.423147 0.424203 0.424681 0.423660 0.422687 0.422434 0.423000 0.423400 0.422857 0.421477 0.420069 0.419837 0.418958 0.418287 0.418062 0.418483 0.419364 0.420330 0.421368 0.422556 0.423834 0.424399 0.423364 0.420714 0.417765 0.415912 0.415412 0.415888 0.417184 0.419019 0.420365 0.421746 0.422231 0.422103 0.421755 0.421404 0.421149 0.421068 0.421073 0.420880 0.420377 0.419515 0.418558 0.417774 0.417473 0.417657
-9999.0 -9999.0 -9999.0 -9999.0 -9999.0 -9999.0 -9999.0 -9999.0 -9999.0 -9999.0 -9999.0 -9999.0 -9999.0 -9999.0 -9999.0 0.418244 0.418366 0.421704 0.423419 0.423658 0.423425 0.422234 0.420627 0.419730 0.420133 0.421208 0.421871 0.421564 0.420731 0.420755 0.419838 0.418911 0.418383 0.418582 0.419381 0.420272 0.421183 0.422209 0.423639 0.424927 0.425087 0.423211 0.420119 0.417453 0.416261 0.416276 0.417275 0.419128 0.421511 0.422368 0.422719 0.422430 0.421971 0.421513 0.421162 0.421252 0.421640 0.421841 0.421508 0.420549 0.419308 0.418194 0.417590 0.417583
-9999.0 -9999.0 -9999.0 -9999.0 -9999.0 -9999.0 -9999.0 -9999.0 -9999.0 -9999.0 -9999.0 -9999.0 -9999.0 -9999.0 -9999.0 0.420379 0.420198 0.422115 0.422966 0.422970 0.422353 0.421026 0.420157 0.418735 0.418442 0.419242 0.419593 0.420350 0.421299 0.421085 0.420484 0.419567 0.418804 0.418661 0.419231 0.420058 0.420977 0.421955 0.423422 0.425131 0.426434 0.425876 0.423404 0.420254 0.418176 0.417452 0.417848 0.419446 0.421984 0.423144 0.423428 0.422950 0.422294 0.421766 0.421360 0.421419 0.421893 0.422350 0.422293 0.421414 0.420054 0.418715 0.417847 0.417618
-9999.0 -9999.0 -9999.0 -9999.0 -9999.0 -9999.0 -9999.0 -9999.0 -9999.0 -9999.0 -9999.0 -9999.0 -9999.0 -9999.0 -9999.0 0.424925 0.422753 0.424122 0.423988 0.422489 0.421082 0.420700 0.419315 0.417965 0.417280 0.417503 0.418380 0.419390 0.420046 0.420400 0.420310 0.419729 0.418931 0.418466 0.418672 0.419361 0.420289 0.421271 0.422716 0.424813 0.427180 0.428112 0.426725 0.423711 0.420940 0.419353 0.418962 0.420057 0.422504 0.424011 0.424511 0.423924 0.422938 0.422185 0.421691 0.421598 0.421949 0.422414 0.422546 0.421845 0.420528 0.419125 0.418107 0.417718
-9999.0 -9999.0 -9999.0 -9999.0 -9999.0 -9999.0 -9999.0 -9999.0 -9999.0 -9999.0 -9999.0 -9999.0 -9999.0 -9999.0 0.421377 0.423149 0.425172 0.426337 0.424598 0.421918 0.420461 0.420317 0.419276 0.418031 0.417113 0.416850 0.417191 0.417908 0.418618 0.419200 0.419506 0.419393 0.418824 0.418158 0.417912 0.418244 0.418980 0.419842 0.421140 0.423392 0.426342 0.428584 0.428521 0.426332 0.423444 0.421277 0.420139 0.420594 0.421973 0.424419 0.425421 0.425092 0.424002 0.423000 0.422259 0.421907 0.422080 0.422509 0.422702 0.422099 0.420813 0.419448 0.418399 0.417911
-9999.0 -9999.0 -9999.0 -9999.0 -9999.0 -9999.0 -9999.0 -9999.0 -9999.0 -9999.0 -9999.0 -9999.0 -9999.0 0.421422 0.421335 0.423812 0.426978 0.427159 0.424406 0.421823 0.420604 0.419932 0.419753 0.418498 0.417469 0.416947 0.416877 0.417160 0.417638 0.418162 0.418606 0.418832 0.418630 0.418012 0.417421 0.417258 0.417456 0.417878 0.418766 0.420692 0.423521 0.426547 0.427828 0.427020 0.424755 0.422559 0.420918 0.420068 0.421560 0.423923 0.425574 0.426001 0.425303 0.424208 0.423205 0.422646 0.422656 0.422961 0.423095 0.422542 0.421256 0.419866 0.418798 0.418277
-9999.0 -9999.0 -9999.0 -9999.0 -9999.0 -9999.0 -9999.0 -9999.0 -9999.0 -9999.0 -9999.0 -9999.0 0.423895 0.422686 0.423556 0.426168 0.427975 0.426457 0.423585 0.421701 0.421198 0.420893 0.420733 0.419215 0.417930 0.417225 0.416970 0.417027 0.417291 0.417652 0.418035 0.418395 0.418514 0.418125 0.417408 0.416788 0.416382 0.416261 0.416642 0.417881 0.420009 0.422921 0.424957 0.425453 0.424269 0.422598 0.420926 0.420419 0.420617 0.422558 0.424653 0.426085 0.426312 0.425590 0.424562 0.423815 0.423586 0.423731 0.423835 0.423365 0.422066 0.420534 0.419326 0.418722
-9999.0 -9999.0 -9999.0 -9999.0 -9999.0 -9999.0 -9999.0 -9999.0 -9999.0 -9999.0 -9999.0 0.424606 0.424243 0.424500 0.426146 0.428548 0.428191 0.425556 0.422939 0.421703 0.421707 0.421788 0.421788 0.420044 0.418374 0.417485 0.417247 0.417328 0.417491 0.417646 0.417854 0.418202 0.418578 0.418512 0.417852 0.416899 0.415989 0.415429 0.415419 0.416064 0.417423 0.419615 0.421604 0.422703 0.422445 0.421492 0.420315 0.419708 0.419950 0.421257 0.422673 0.424790 0.426043 0.426153 0.425591 0.424935 0.424559 0.424490 0.424536 0.424211 0.423068 0.421430 0.420017 0.419232
-9999.0 -9999.0 -9999.0 -9999.0 -9999.0 -9999.0 -9999.0 -9999.0 -9999.0 -9999.0 0.425848 0.425010 0.424706 0.426120 0.428564 0.429456 0.427740 0.425193 0.422918 0.421953 0.422178 0.422680 0.422026 0.420780 0.418688 0.417685 0.417522 0.417697 0.417863 0.417904 0.417971 0.418285 0.418827 0.419043 0.418526 0.417439 0.416227 0.415327 0.414994 0.415231 0.416090 0.417562 0.419061 0.420077 0.420389 0.420172 0.419587 0.418857 0.418575 0.419206 0.420849 0.422406 0.424486 0.425636 0.425815 0.425392 0.424998 0.424790 0.424814 0.424613 0.423783 0.422290 0.420843 0.419892
-9999.0 -9999.0 -9999.0 -9999.0 -9999.0 -9999.0 -9999.0 -9999.0 -9999.0 0.427899 0.426827 0.425679 0.425709 0.427840 0.429229 0.428853 0.427252 0.425463 0.423612 0.422572 0.422781 0.423491 0.422801 0.421199 0.418840 0.417788 0.417677 0.417953 0.418208 0.418210 0.418162 0.418433 0.419076 0.419532 0.419202 0.418132 0.416732 0.415530 0.414916 0.414900 0.415482 0.416534 0.417672 0.418545 0.419204 0.419450 0.419018 0.418065 0.417492 0.417573 0.418497 0.420346 0.422125 0.424232 0.425288 0.425308 0.424982 0.424683 0.424572 0.424349 0.423766 0.422741 0.421658 0.420825
-9999.0 -9999.0 -9999.0 -9999.0 -9999.0 -9999.0 -9999.0 -9999.0 0.426492 0.427936 0.427866 0.427330 0.427680 0.428308 0.428493 0.428114 0.427308 0.425781 0.424095 0.423069 0.423382 0.424112 0.423255 0.421385 0.418855 0.417715 0.417627 0.418015 0.418395 0.418484 0.418412 0.418590 0.419151 0.419753 0.419693 0.418753 0.417183 0.415659 0.414811 0.414667 0.415132 0.416023 0.417061 0.417967 0.418811 0.419150 0.418714 0.417816 0.417181 0.416839 0.417032 0.418085 0.420289 0.422325 0.424325 0.424970 0.424790 0.424438 0.424152 0.423751 0.423179 0.422674 0.422278 0.421936
-9999.0 -9999.0 -9999.0 -9999.0 -9999.0 -9999.0 -9999.0 0.422226 0.424952 0.427340 0.429186 0.429917 0.429201 0.427995 0.427626 0.427426 0.426866 0.425510 0.424136 0.423497 0.423956 0.424558 0.423600 0.421653 0.418800 0.417393 0.417288 0.417858 0.418416 0.418648 0.418618 0.418700 0.419085 0.419695 0.419947 0.419296 0.417667 0.415782 0.414656 0.414412 0.414819 0.415729 0.416870 0.417839 0.418532 0.418754 0.418535 0.418002 0.417482 0.416912 0.416519 0.416702 0.418066 0.420696 0.422756 0.424323 0.424617 0.424330 0.423795 0.423095 0.422426 0.422366 0.422652 0.422847
-9999.0 -9999.0 -9999.0 -9999.0 -9999.0 -9999.0 0.418338 0.420824 0.423569 0.426686 0.430328 0.431445 0.430070 0.428133 0.427352 0.427178 0.426603 0.425385 0.423896 0.423337 0.423927 0.424821 0.424244 0.421610 0.419028 0.417010 0.416645 0.417309 0.418126 0.418633 0.418786 0.418819 0.418962 0.419456 0.420063 0.419980 0.418516 0.416240 0.414687 0.414258 0.414565 0.415502 0.416766 0.417621 0.417938 0.418057 0.418238 0.418236 0.418000 0.417457 0.416687 0.416182 0.416659 0.418590 0.420752 0.423077 0.424135 0.424169 0.423530 0.422570 0.421906 0.422200 0.422877 0.423321
-9999.0 -9999.0 -9999.0 -9999.0 -9999.0 0.416562 0.417601 0.419620 0.422194 0.426218 0.430567 0.432204 0.431094 0.428955 0.427647 0.427372 0.426871 0.425547 0.423700 0.422997 0.423630 0.424895 0.424896 0.422676 0.419713 0.416894 0.416025 0.416509 0.417471 0.418268 0.418734 0.418901 0.418880 0.419138 0.419939 0.420605 0.419790 0.417368 0.415247 0.414442 0.414546 0.415437 0.416673 0.417240 0.417139 0.417132 0.417518 0.417975 0.418167 0.417904 0.417102 0.416332 0.416219 0.417309 0.419529 0.421369 0.423213 0.423848 0.423283 0.422152 0.421586 0.421973 0.422626 0.423085
-9999.0 -9999.0 -9999.0 -9999.0 -9999.0 0.416160 0.417441 0.418400 0.420921 0.424977 0.428836 0.431262 0.431384 0.429841 0.428211 0.427709 0.427308 0.426057 0.423878 0.422749 0.423187 0.424729 0.425484 0.423894 0.420899 0.417307 0.415768 0.415788 0.416617 0.417597 0.418438 0.418895 0.418817 0.418732 0.419445 0.420783 0.421128 0.419276 0.416800 0.415389 0.415078 0.415737 0.416686 0.416839 0.416435 0.416320 0.416708 0.417453 0.417986 0.417903 0.417230 0.416645 0.416418 0.416914 0.418256 0.420327 0.421846 0.423101 0.422830 0.421680 0.421054 0.421196 0.421674 0.422155
-9999.0 -9999.0 -9999.0 -9999.0 -9999.0 0.416503 0.417249 0.417418 0.420038 0.423546 0.426526 0.429432 0.430811 0.430113 0.428394 0.427410 0.426860 0.425672 0.423897 0.422783 0.423183 0.424704 0.425866 0.425009 0.422682 0.418749 0.416344 0.415606 0.415966 0.416861 0.418005 0.418905 0.418960 0.418457 0.418642 0.420103 0.421660 0.421287 0.419322 0.417437 0.416561 0.416783 0.417061 0.416662 0.416082 0.415900 0.416196 0.417011 0.417646 0.417519 0.416950 0.416660 0.416667 0.416893 0.417553 0.418919 0.420979 0.421823 0.421880 0.420906 0.420138 0.419943 0.420387 0.421279
-9999.0 -9999.0 -9999.0 -9999.0 -9999.0 0.415686 0.416170 0.417455 0.420566 0.423125 0.424575 0.427160 0.429610 0.430141 0.428780 0.427333 0.426313 0.424906 0.423147 0.422028 0.422538 0.424253 0.426070 0.426387 0.424441 0.421585 0.418282 0.416501 0.416116 0.416656 0.417872 0.419179 0.419519 0.418668 0.417998 0.418793 0.420742 0.422050 0.421550 0.419998 0.418884 0.418578 0.417966 0.417011 0.416265 0.415978 0.416154 0.416818 0.417282 0.417014 0.416459 0.416286 0.416500 0.416734 0.417062 0.417841 0.419341 0.420062 0.420364 0.419774 0.419041 0.418682 0.419151 0.420914
-9999.0 -9999.0 -9999.0 -9999.0 0.413948 0.415019 0.416793 0.418278 0.421997 0.423793 0.424176 0.426234 0.429087 0.430540 0.429816 0.428193 0.426606 0.424498 0.421984 0.420408 0.420551 0.422305 0.424826 0.426641 0.426591 0.424223 0.421667 0.418922 0.417625 0.417624 0.418578 0.419995 0.420604 0.419581 0.417932 0.417495 0.418729 0.420741 0.421857 0.421673 0.421227 0.420665 0.419349 0.417969 0.416989 0.416532 0.416505 0.416797 0.416941 0.416584 0.416047 0.415861 0.416110 0.416421 0.416676 0.417117 0.418044 0.419043 0.418744 0.418629 0.418328 0.417752 0.417649 0.419034
-9999.0 -9999.0 -9999.0 -9999.0 0.414929 0.415736 0.417184 0.419230 0.423487 0.424916 0.424738 0.426346 0.429353 0.431493 0.431475 0.430070 0.428397 0.425814 0.422262 0.419254 0.418043 0.418937 0.421378 0.424113 0.425846 0.425589 0.423589 0.421905 0.420132 0.419527 0.419142 0.420277 0.421823 0.420941 0.418640 0.416935 0.416972 0.418460 0.420346 0.421744 0.422446 0.422114 0.420735 0.419250 0.418127 0.417498 0.417129 0.416911 0.416693 0.416278 0.415768 0.415533 0.415731 0.416125 0.416474 0.416800 0.417296 0.417848 0.418162 0.417650 0.418272 0.418698 0.418163 -9999.0
