tests/3D/Muntatschini_ref_005/output-maps-SE27XX/thetaliqL0007N0004.asc
ncols         108
nrows         156
xllcorner     619971.250000
yllcorner     5169711.250000
cellsize      20.000000
NODATA_value  -9999.0
[rows 58 to 86 of 156, columns 0 to 63 of 108]
-9999.0 -9999.0 -9999.0 -9999.0 -9999.0 -9999.0 -9999.0 -9999.0 -9999.0 -9999.0 -9999.0 -9999.0 -9999.0 -9999.0 -9999.0 -9999.0 -9999.0 -9999.0 -9999.0 -9999.0 -9999.0 -9999.0 -9999.0 -9999.0 -9999.0 -9999.0 -9999.0 -9999.0 -9999.0 -9999.0 -9999.0 -9999.0 -9999.0 -9999.0 -9999.0 -9999.0 0.422107 0.421528 0.421756 0.421267 0.420929 0.421030 0.421757 0.423063 0.424849 0.426665 0.428033 0.428754 0.428784 0.428343 0.427558 0.426693 0.425778 0.425013 0.424573 0.424514 0.424804 0.425371 0.425896 0.426070 0.425642 0.424852 0.424038 0.423450
-9999.0 -9999.0 -9999.0 -9999.0 -9999.0 -9999.0 -9999.0 -9999.0 -9999.0 -9999.0 -9999.0 -9999.0 -9999.0 -9999.0 -9999.0 -9999.0 -9999.0 -9999.0 -9999.0 -9999.0 -9999.0 -9999.0 -9999.0 -9999.0 -9999.0 -9999.0 -9999.0 -9999.0 -9999.0 -9999.0 -9999.0 -9999.0 -9999.0 -9999.0 -9999.0 0.424086 0.423772 0.422943 0.422277 0.421561 0.420979 0.420856 0.421385 0.422689 0.424502 0.426338 0.427476 0.427916 0.427891 0.427680 0.427239 0.426716 0.426087 0.425450 0.424887 0.424521 0.424500 0.424984 0.425735 0.426266 0.426085 0.425331 0.424429 0.423683
-9999.0 -9999.0 -9999.0 -9999.0 -9999.0 -9999.0 -9999.0 -9999.0 -9999.0 -9999.0 -9999.0 -9999.0 -9999.0 -9999.0 -9999.0 -9999.0 -9999.0 -9999.0 -9999.0 -9999.0 -9999.0 -9999.0 -9999.0 -9999.0 -9999.0 -9999.0 -9999.0 -9999.0 -9999.0 -9999.0 -9999.0 -9999.0 0.421600 0.422971 0.425592 0.425067 0.424271 0.423842 0.423002 0.422044 0.421341 0.421074 0.421326 0.422307 0.424179 0.426192 0.427406 0.427731 0.427526 0.427248 0.426883 0.426543 0.426156 0.425710 0.425206 0.424700 0.424401 0.424612 0.425329 0.426116 0.426336 0.425893 0.425116 0.424348
-9999.0 -9999.0 -9999.0 -9999.0 -9999.0 -9999.0 -9999.0 -9999.0 -9999.0 -9999.0 -9999.0 -9999.0 -9999.0 -9999.0 -9999.0 -9999.0 -9999.0 -9999.0 -9999.0 -9999.0 -9999.0 -9999.0 -9999.0 -9999.0 -9999.0 -9999.0 -9999.0 -9999.0 -9999.0 -9999.0 0.423731 0.424696 0.423499 0.422756 0.424156 0.425096 0.425138 0.424611 0.423548 0.422355 0.421496 0.421104 0.421095 0.421750 0.423386 0.425540 0.427104 0.427751 0.427681 0.427316 0.426857 0.426463 0.426160 0.425822 0.425406 0.424843 0.424344 0.424230 0.424717 0.425476 0.426016 0.426042 0.425678 0.425125
-9999.0 -9999.0 -9999.0 -9999.0 -9999.0 -9999.0 -9999.0 -9999.0 -9999.0 -9999.0 -9999.0 -9999.0 -9999.0 -9999.0 -9999.0 -9999.0 -9999.0 -9999.0 -9999.0 -9999.0 -9999.0 -9999.0 -9999.0 -9999.0 -9999.0 -9999.0 -9999.0 -9999.0 -9999.0 0.422047 0.421931 0.423540 0.424323 0.424372 0.424642 0.425459 0.425794 0.425379 0.424063 0.422426 0.421224 0.420660 0.420524 0.420960 0.422215 0.424229 0.426029 0.427239 0.427716 0.427631 0.427231 0.426672 0.426167 0.425740 0.425400 0.424925 0.424382 0.424025 0.424178 0.424680 0.425227 0.425627 0.425780 0.425615
-9999.0 -9999.0 -9999.0 -9999.0 -9999.0 -9999.0 -9999.0 -9999.0 -9999.0 -9999.0 -9999.0 -9999.0 -9999.0 -9999.0 -9999.0 -9999.0 -9999.0 -9999.0 -9999.0 -9999.0 -9999.0 -9999.0 -9999.0 -9999.0 -9999.0 0.421343 0.421326 0.422050 0.422666 0.422097 0.422674 0.423708 0.424467 0.424803 0.425228 0.425833 0.426360 0.426064 0.424660 0.422618 0.421012 0.420205 0.420016 0.420325 0.421209 0.422739 0.424514 0.426066 0.427117 0.427571 0.427585 0.427086 0.426376 0.425696 0.425275 0.424892 0.424425 0.424010 0.423908 0.424094 0.424407 0.424849 0.425335 0.425579
-9999.0 -9999.0 -9999.0 -9999.0 -9999.0 -9999.0 -9999.0 -9999.0 -9999.0 -9999.0 -9999.0 -9999.0 -9999.0 -9999.0 -9999.0 -9999.0 -9999.0 -9999.0 -9999.0 -9999.0 -9999.0 -9999.0 -9999.0 0.425922 0.425750 0.423466 0.422154 0.421758 0.422039 0.422410 0.422995 0.423879 0.424559 0.424925 0.425393 0.426071 0.426807 0.426797 0.425594 0.423350 0.421328 0.420160 0.419822 0.419995 0.420594 0.421676 0.423231 0.424718 0.426079 0.427053 0.427616 0.427433 0.426657 0.425778 0.425258 0.424967 0.424588 0.424164 0.423867 0.423782 0.423825 0.424098 0.424611 0.425079
-9999.0 -9999.0 -9999.0 -9999.0 -9999.0 -9999.0 -9999.0 -9999.0 -9999.0 -9999.0 -9999.0 -9999.0 -9999.0 -9999.0 -9999.0 -9999.0 -9999.0 -9999.0 -9999.0 -9999.0 -9999.0 0.429325 0.429967 0.427278 0.425895 0.425036 0.423832 0.423265 0.423068 0.423039 0.423244 0.423704 0.424240 0.424692 0.425300 0.426129 0.427108 0.427477 0.426721 0.424629 0.422297 0.420634 0.419938 0.419898 0.420303 0.421128 0.422384 0.423733 0.425110 0.426332 0.427318 0.427549 0.426902 0.426025 0.425423 0.425123 0.424778 0.424368 0.423973 0.423665 0.423457 0.423474 0.423829 0.424354
-9999.0 -9999.0 -9999.0 -9999.0 -9999.0 -9999.0 -9999.0 -9999.0 -9999.0 -9999.0 -9999.0 -9999.0 -9999.0 -9999.0 -9999.0 -9999.0 -9999.0 -9999.0 -9999.0 -9999.0 0.430085 0.428193 0.429038 0.429216 0.428190 0.426852 0.425541 0.424528 0.423870 0.423382 0.423125 0.423179 0.423499 0.424035 0.424786 0.425779 0.426932 0.427755 0.427746 0.426289 0.423888 0.421618 0.420281 0.419864 0.420096 0.420838 0.422013 0.423431 0.424800 0.426107 0.427100 0.427351 0.426883 0.426287 0.425829 0.425508 0.425099 0.424607 0.424130 0.423651 0.423248 0.423029 0.423191 0.423634
-9999.0 -9999.0 -9999.0 -9999.0 -9999.0 -9999.0 -9999.0 -9999.0 -9999.0 -9999.0 -9999.0 -9999.0 -9999.0 -9999.0 -9999.0 -9999.0 -9999.0 -9999.0 0.430766 0.431954 0.431272 0.429751 0.429344 0.429392 0.429269 0.428705 0.427356 0.425780 0.424523 0.423641 0.423024 0.422710 0.422773 0.423312 0.424185 0.425232 0.426400 0.427518 0.428258 0.427800 0.425858 0.423174 0.420984 0.419949 0.419902 0.420584 0.421858 0.423446 0.425042 0.426364 0.427143 0.427266 0.426917 0.426502 0.426176 0.425928 0.425617 0.425168 0.424638 0.423954 0.423289 0.422810 0.422774 0.423119
-9999.0 -9999.0 -9999.0 -9999.0 -9999.0 -9999.0 -9999.0 -9999.0 -9999.0 -9999.0 -9999.0 -9999.0 -9999.0 -9999.0 -9999.0 -9999.0 0.426648 0.428757 0.428654 0.429459 0.430002 0.429029 0.428049 0.427799 0.428353 0.428703 0.428152 0.426768 0.425338 0.424351 0.423486 0.422825 0.422603 0.423017 0.423885 0.424835 0.425857 0.427025 0.428285 0.428840 0.427823 0.425216 0.422313 0.420487 0.419993 0.420461 0.421736 0.423564 0.425542 0.426905 0.427393 0.427272 0.426935 0.426591 0.426339 0.426262 0.426269 0.426075 0.425573 0.424711 0.423751 0.422964 0.422660 0.422840
-9999.0 -9999.0 -9999.0 -9999.0 -9999.0 -9999.0 -9999.0 -9999.0 -9999.0 -9999.0 -9999.0 -9999.0 -9999.0 -9999.0 -9999.0 0.423542 0.423595 0.426911 0.428682 0.428987 0.428754 0.427583 0.425993 0.425100 0.425505 0.426572 0.427214 0.426893 0.426025 0.425254 0.424351 0.423438 0.422918 0.423114 0.423901 0.424777 0.425675 0.426685 0.428093 0.429359 0.429515 0.427672 0.424629 0.422004 0.420829 0.420842 0.421825 0.423651 0.426046 0.427533 0.427876 0.427597 0.427147 0.426696 0.426352 0.426442 0.426834 0.427035 0.426703 0.425744 0.424503 0.423384 0.422781 0.422770
-9999.0 -9999.0 -9999.0 -9999.0 -9999.0 -9999.0 -9999.0 -9999.0 -9999.0 -9999.0 -9999.0 -9999.0 -9999.0 -9999.0 -9999.0 0.426047 0.425276 0.427369 0.428247 0.428275 0.427682 0.426333 0.424688 0.423289 0.423002 0.423813 0.424951 0.425657 0.425815 0.425579 0.424988 0.424084 0.423333 0.423192 0.423753 0.424567 0.425471 0.426435 0.427878 0.429557 0.430838 0.430289 0.427858 0.424759 0.422712 0.421997 0.422388 0.423963 0.426490 0.428301 0.428579 0.428108 0.427465 0.426943 0.426542 0.426607 0.427085 0.427546 0.427490 0.426612 0.425251 0.423911 0.423041 0.422807
-9999.0 -9999.0 -9999.0 -9999.0 -9999.0 -9999.0 -9999.0 -9999.0 -9999.0 -9999.0 -9999.0 -9999.0 -9999.0 -9999.0 -9999.0 0.430222 0.428092 0.429389 0.429260 0.427785 0.426365 0.425217 0.423842 0.422513 0.421838 0.422058 0.422941 0.423936 0.424558 0.424905 0.424816 0.424243 0.423458 0.423000 0.423203 0.423881 0.424795 0.425761 0.427182 0.429244 0.431568 0.432483 0.431118 0.428156 0.425429 0.423867 0.423484 0.424562 0.427000 0.429163 0.429651 0.429070 0.428093 0.427352 0.426866 0.426783 0.427141 0.427612 0.427746 0.427046 0.425730 0.424322 0.423306 0.422911
-9999.0 -9999.0 -9999.0 -9999.0 -9999.0 -9999.0 -9999.0 -9999.0 -9999.0 -9999.0 -9999.0 -9999.0 -9999.0 -9999.0 0.426728 0.428419 0.430511 0.431618 0.429875 0.427224 0.425641 0.424827 0.423803 0.422577 0.421673 0.421414 0.421750 0.422455 0.423153 0.423725 0.424026 0.423914 0.423353 0.422699 0.422456 0.422783 0.423507 0.424356 0.425631 0.427845 0.430742 0.432944 0.432880 0.430729 0.427890 0.425759 0.424641 0.425112 0.427094 0.429557 0.430550 0.430219 0.429144 0.428153 0.427423 0.427087 0.427271 0.427704 0.427901 0.427299 0.426017 0.424649 0.423603 0.423111
-9999.0 -9999.0 -9999.0 -9999.0 -9999.0 -9999.0 -9999.0 -9999.0 -9999.0 -9999.0 -9999.0 -9999.0 -9999.0 0.426756 0.426662 0.429137 0.432268 0.432441 0.429710 0.427029 0.425829 0.425120 0.424274 0.423038 0.422025 0.421509 0.421439 0.421718 0.422188 0.422704 0.423141 0.423363 0.423163 0.422555 0.421973 0.421813 0.422008 0.422422 0.423295 0.425189 0.427971 0.430943 0.432200 0.431405 0.429178 0.427019 0.425421 0.425187 0.426713 0.429062 0.430697 0.431117 0.430422 0.429344 0.428357 0.427814 0.427835 0.428145 0.428285 0.427737 0.426459 0.425074 0.424005 0.423479
-9999.0 -9999.0 -9999.0 -9999.0 -9999.0 -9999.0 -9999.0 -9999.0 -9999.0 -9999.0 -9999.0 -9999.0 0.429215 0.428000 0.428868 0.431480 0.433260 0.431752 0.428784 0.426924 0.426438 0.426106 0.425239 0.423745 0.422478 0.421783 0.421532 0.421587 0.421846 0.422201 0.422578 0.422932 0.423050 0.422668 0.421961 0.421350 0.420950 0.420829 0.421204 0.422423 0.424518 0.427381 0.429381 0.429867 0.428702 0.427059 0.425416 0.424966 0.425775 0.427703 0.429776 0.431196 0.431418 0.430709 0.429699 0.428969 0.428752 0.428909 0.429018 0.428555 0.427264 0.425738 0.424533 0.423922
-9999.0 -9999.0 -9999.0 -9999.0 -9999.0 -9999.0 -9999.0 -9999.0 -9999.0 -9999.0 -9999.0 0.429917 0.429548 0.429799 0.431473 0.433839 0.433483 0.430876 0.428153 0.426939 0.426955 0.427004 0.426277 0.424561 0.422917 0.422040 0.421804 0.421883 0.422043 0.422195 0.422401 0.422743 0.423114 0.423048 0.422399 0.421459 0.420563 0.420010 0.419998 0.420634 0.421973 0.424130 0.426086 0.427165 0.426911 0.425975 0.424817 0.424220 0.424480 0.425794 0.427814 0.429911 0.431151 0.431267 0.430717 0.430077 0.429714 0.429656 0.429714 0.429393 0.428261 0.426628 0.425220 0.424430
-9999.0 -9999.0 -9999.0 -9999.0 -9999.0 -9999.0 -9999.0 -9999.0 -9999.0 -9999.0 0.431162 0.430295 0.429997 0.431444 0.433862 0.434739 0.433043 0.430385 0.428136 0.427191 0.427433 0.427935 0.427217 0.425285 0.423226 0.422236 0.422075 0.422248 0.422409 0.422450 0.422515 0.422825 0.423359 0.423572 0.423063 0.421992 0.420796 0.419909 0.419580 0.419813 0.420659 0.422109 0.423584 0.424584 0.424890 0.424677 0.424102 0.423384 0.423106 0.423725 0.425392 0.427551 0.429612 0.430755 0.430932 0.430525 0.430147 0.429954 0.429986 0.429796 0.428970 0.427483 0.426036 0.425083
-9999.0 -9999.0 -9999.0 -9999.0 -9999.0 -9999.0 -9999.0 -9999.0 -9999.0 0.433207 0.432088 0.430940 0.431020 0.433135 0.434512 0.434149 0.432572 0.430663 0.428832 0.427815 0.428041 0.428747 0.428012 0.425699 0.423375 0.422338 0.422228 0.422499 0.422750 0.422751 0.422704 0.422971 0.423604 0.424053 0.423728 0.422674 0.421295 0.420109 0.419503 0.419487 0.420060 0.421097 0.422217 0.423077 0.423727 0.423968 0.423542 0.422604 0.422039 0.422119 0.423028 0.424898 0.427274 0.429360 0.430411 0.430441 0.430129 0.429845 0.429747 0.429531 0.428953 0.427931 0.426844 0.426004
-9999.0 -9999.0 -9999.0 -9999.0 -9999.0 -9999.0 -9999.0 -9999.0 0.431816 0.433176 0.433098 0.432608 0.432963 0.433594 0.433792 0.433431 0.432490 0.430988 0.429323 0.428318 0.428639 0.429363 0.428461 0.425882 0.423390 0.422267 0.422179 0.422560 0.422934 0.423021 0.422949 0.423125 0.423677 0.424270 0.424212 0.423287 0.421741 0.420237 0.419400 0.419257 0.419715 0.420595 0.421616 0.422509 0.423340 0.423673 0.423243 0.422358 0.421733 0.421397 0.421586 0.422623 0.424842 0.427477 0.429458 0.430100 0.429936 0.429598 0.429325 0.428931 0.428365 0.427857 0.427452 0.427101
-9999.0 -9999.0 -9999.0 -9999.0 -9999.0 -9999.0 -9999.0 0.427566 0.430177 0.432563 0.434431 0.435159 0.434453 0.433277 0.432937 0.432759 0.432066 0.430729 0.429374 0.428745 0.429203 0.429804 0.428805 0.426145 0.423337 0.421950 0.421846 0.422406 0.422955 0.423183 0.423152 0.423233 0.423613 0.424213 0.424462 0.423822 0.422217 0.420359 0.419248 0.419006 0.419407 0.420305 0.421429 0.422382 0.423066 0.423283 0.423067 0.422542 0.422029 0.421468 0.421081 0.421261 0.422605 0.425246 0.427909 0.429462 0.429764 0.429487 0.428965 0.428273 0.427603 0.427539 0.427811 0.427997
-9999.0 -9999.0 -9999.0 -9999.0 -9999.0 -9999.0 0.423661 0.426003 0.428766 0.431926 0.435554 0.436666 0.435316 0.433421 0.432675 0.432523 0.431964 0.430602 0.429132 0.428579 0.429176 0.430067 0.429491 0.426812 0.423561 0.421573 0.421214 0.421866 0.422670 0.423168 0.423318 0.423351 0.423492 0.423978 0.424576 0.424495 0.423053 0.420811 0.419278 0.418855 0.419158 0.420081 0.421328 0.422169 0.422481 0.422598 0.422775 0.422773 0.422541 0.422006 0.421246 0.420749 0.421219 0.423147 0.425922 0.428227 0.429281 0.429323 0.428691 0.427738 0.427073 0.427357 0.428022 0.428462
-9999.0 -9999.0 -9999.0 -9999.0 -9999.0 0.421122 0.422641 0.424766 0.427403 0.431453 0.435788 0.437417 0.436331 0.434239 0.432969 0.432716 0.432227 0.430757 0.428934 0.428244 0.428885 0.430146 0.430144 0.427897 0.424236 0.421459 0.420602 0.421078 0.422025 0.422809 0.423267 0.423431 0.423411 0.423666 0.424454 0.425110 0.424307 0.421921 0.419830 0.419035 0.419140 0.420018 0.421236 0.421794 0.421694 0.421687 0.422067 0.422517 0.422707 0.422447 0.421656 0.420898 0.420786 0.421860 0.424091 0.426540 0.428366 0.429000 0.428437 0.427310 0.426735 0.427115 0.427766 0.428227
-9999.0 -9999.0 -9999.0 -9999.0 -9999.0 0.421511 0.422503 0.423531 0.426127 0.430207 0.434070 0.436498 0.436636 0.435128 0.433534 0.433054 0.432667 0.431272 0.429109 0.427998 0.428448 0.429986 0.430734 0.429103 0.425402 0.421866 0.420349 0.420368 0.421185 0.422149 0.422976 0.423426 0.423350 0.423265 0.423968 0.425284 0.425623 0.423798 0.421359 0.419969 0.419663 0.420314 0.421249 0.421399 0.421001 0.420888 0.421271 0.422005 0.422529 0.422447 0.421784 0.421206 0.420983 0.421471 0.422793 0.424878 0.427019 0.428259 0.427986 0.426831 0.426196 0.426335 0.426821 0.427312
-9999.0 -9999.0 -9999.0 -9999.0 -9999.0 0.421919 0.422293 0.422574 0.425252 0.428773 0.431767 0.434686 0.436070 0.435395 0.433713 0.432760 0.432226 0.431051 0.429140 0.428043 0.428446 0.429960 0.431106 0.430209 0.427156 0.423285 0.420917 0.420188 0.420543 0.421425 0.422550 0.423435 0.423490 0.422994 0.423177 0.424614 0.426145 0.425777 0.423841 0.421986 0.421125 0.421345 0.421619 0.421225 0.420653 0.420474 0.420767 0.421570 0.422196 0.422069 0.421508 0.421222 0.421228 0.421451 0.422102 0.423446 0.425524 0.426995 0.427034 0.426056 0.425278 0.425088 0.425528 0.426446
-9999.0 -9999.0 -9999.0 -9999.0 -9999.0 0.420844 0.421354 0.422642 0.425774 0.428336 0.429809 0.432419 0.434883 0.435429 0.434099 0.432686 0.431689 0.430296 0.428401 0.427295 0.427811 0.429521 0.431320 0.431623 0.429612 0.426075 0.422824 0.421069 0.420690 0.421221 0.422418 0.423705 0.424039 0.423202 0.422542 0.423325 0.425242 0.426526 0.426033 0.424506 0.423412 0.423112 0.422510 0.421569 0.420835 0.420552 0.420726 0.421381 0.421838 0.421573 0.421026 0.420855 0.421065 0.421295 0.421618 0.422385 0.423887 0.425245 0.425523 0.424927 0.424195 0.423837 0.424318 0.425966
-9999.0 -9999.0 -9999.0 -9999.0 0.419165 0.419956 0.421996 0.423482 0.427205 0.428996 0.429403 0.431495 0.434361 0.435827 0.435126 0.433534 0.431975 0.429887 0.427392 0.425684 0.425839 0.427591 0.430094 0.431889 0.431824 0.429390 0.426155 0.423453 0.422174 0.422173 0.423112 0.424508 0.425106 0.424099 0.422476 0.422046 0.423260 0.425238 0.426335 0.426155 0.425718 0.425165 0.423870 0.422512 0.421549 0.421099 0.421073 0.421361 0.421502 0.421151 0.420621 0.420437 0.420682 0.420989 0.421238 0.421673 0.422586 0.423609 0.423914 0.423775 0.423493 0.422956 0.422730 0.424230
-9999.0 -9999.0 -9999.0 -9999.0 0.420186 0.420730 0.422341 0.424434 0.428697 0.430122 0.429972 0.431613 0.434636 0.436784 0.436783 0.435408 0.433759 0.431197 0.427660 0.424527 0.423333 0.424239 0.426678 0.429395 0.431103 0.430827 0.428756 0.426386 0.424641 0.424059 0.424332 0.425440 0.426306 0.425438 0.423173 0.421494 0.421529 0.422994 0.424850 0.426225 0.426918 0.426590 0.425234 0.423774 0.422669 0.422051 0.421689 0.421474 0.421258 0.420850 0.420346 0.420115 0.420310 0.420696 0.421040 0.421361 0.421849 0.422392 0.422735 0.422818 0.423340 0.423869 0.423348 -9999.0
