tests/3D/Muntatschini_ref_005/output-maps-SE27XX/thetaliqL0011N0002.asc
ncols         108
nrows         156
xllcorner     619971.250000
yllcorner     5169711.250000
cellsize      20.000000
NODATA_value  -9999.0
[rows 87 to 115 of 156, columns 0 to 63 of 108]
-9999.0 -9999.0 -9999.0 -9999.0 0.431808 0.435522 0.437413 0.440388 0.443664 0.443764 0.442997 0.444353 0.447080 0.448140 0.446970 0.445471 0.442950 0.441154 0.437978 0.437456 0.436262 0.436994 0.437933 0.440010 0.441184 0.440749 0.439626 0.435951 0.435628 0.436146 0.438815 0.439224 0.435391 0.443286 0.441391 0.440012 0.439230 0.440123 0.441567 0.443971 0.444784 0.444429 0.443309 0.442550 0.442095 0.441634 0.440694 0.440146 0.439730 0.439434 0.439087 0.439234 0.439412 0.439758 0.440119 0.440438 0.440618 0.440433 0.440543 0.441688 0.442015 -9999.0 -9999.0 -9999.0
-9999.0 -9999.0 -9999.0 -9999.0 0.432701 0.436120 0.438465 0.440678 0.444179 0.443971 0.442678 0.443333 0.446178 0.448878 0.447780 0.447230 0.445317 0.443094 0.440218 0.438140 0.435668 0.434277 0.436142 0.437618 0.438267 0.438940 0.438520 0.438008 0.437386 0.437450 0.438117 0.439352 0.437190 0.443384 0.441972 0.440567 0.439346 0.439791 0.440905 0.443259 0.444304 0.444108 0.443573 0.443266 0.443076 0.442331 0.441203 0.440260 0.439781 0.439510 0.439175 0.438946 0.438724 0.439300 0.439690 0.439934 0.440081 0.440078 0.440048 0.439926 -9999.0 -9999.0 -9999.0 -9999.0
-9999.0 -9999.0 -9999.0 -9999.0 0.433513 0.436277 0.438370 0.440894 0.444504 0.443579 0.441386 0.441327 0.442634 0.447218 0.448350 0.447201 0.446460 0.448055 0.445263 0.441643 0.437666 0.435388 0.435702 0.436267 0.437221 0.437390 0.436706 0.436086 0.436041 0.436615 0.436908 0.437354 0.438469 0.435059 0.442059 0.440882 0.439930 0.439869 0.440704 0.442555 0.444451 0.444049 0.443470 0.443501 0.443632 0.442608 0.441552 0.440313 0.439703 0.439391 0.439107 0.438784 0.438656 0.438739 0.439055 0.439434 0.439706 0.439464 0.439415 -9999.0 -9999.0 -9999.0 -9999.0 -9999.0
-9999.0 -9999.0 -9999.0 -9999.0 0.433874 0.436452 0.440011 0.441246 0.445735 0.443852 0.441059 0.439355 0.441188 0.444065 0.446824 0.448349 0.448951 0.449645 0.449017 0.446262 0.441419 0.438294 0.437374 0.437693 0.437476 0.436666 0.435585 0.434044 0.433690 0.434952 0.435858 0.436692 0.437135 0.437154 0.434280 0.441136 0.440350 0.439997 0.440816 0.442527 0.444034 0.443639 0.443049 0.443247 0.444114 0.443334 0.442271 0.440711 0.439620 0.439234 0.438940 0.438493 0.438202 0.438122 0.438354 0.438727 0.439038 0.438695 -9999.0 -9999.0 -9999.0 -9999.0 -9999.0 -9999.0
-9999.0 -9999.0 -9999.0 -9999.0 0.433975 0.436900 0.438834 0.442536 0.445809 0.444113 0.439599 0.438183 0.439410 0.443433 0.446365 0.447352 0.448647 0.449696 0.450060 0.448943 0.445270 0.442782 0.440933 0.440365 0.440005 0.440225 0.437978 0.435007 0.433917 0.434134 0.434146 0.435587 0.436346 0.436934 0.436896 0.433356 0.440108 0.439968 0.441303 0.443156 0.444255 0.444088 0.442928 0.443326 0.444784 0.444875 0.443456 0.441520 0.440100 0.439401 0.439166 0.438702 0.438101 0.438160 0.438467 0.438840 0.438150 -9999.0 -9999.0 -9999.0 -9999.0 -9999.0 -9999.0 -9999.0
-9999.0 -9999.0 -9999.0 -9999.0 0.434221 0.438524 0.440020 0.443215 0.445654 0.444766 0.440665 0.439023 0.441701 0.442951 0.444675 0.446534 0.446904 0.447559 0.448322 0.449000 0.448006 0.445294 0.443050 0.442323 0.443176 0.444704 0.443319 0.440275 0.438047 0.437056 0.437096 0.437038 0.437576 0.438966 0.438290 0.436429 0.434826 0.435374 0.437264 0.438942 0.438886 0.435664 0.444283 0.444664 0.446883 0.440346 0.435943 0.443516 0.441108 0.440146 0.439290 0.439037 0.438237 0.438307 0.438801 0.439557 -9999.0 -9999.0 -9999.0 -9999.0 -9999.0 -9999.0 -9999.0 -9999.0
-9999.0 -9999.0 -9999.0 -9999.0 0.439776 0.443015 0.442611 0.443273 0.444982 0.444942 0.440942 0.441283 0.441893 0.442189 0.443704 0.445150 0.445845 0.446299 0.445302 0.445621 0.446651 0.445409 0.443889 0.443198 0.444289 0.446204 0.446511 0.444794 0.443441 0.440916 0.439792 0.439757 0.440289 0.440521 0.439921 0.438642 0.438107 0.438450 0.440088 0.441500 0.441394 0.440381 0.438630 0.437134 0.447767 0.443814 0.440622 0.436326 0.442871 0.441509 0.440295 0.440129 0.439559 0.438989 0.438539 0.439091 -9999.0 -9999.0 -9999.0 -9999.0 -9999.0 -9999.0 -9999.0 -9999.0
-9999.0 -9999.0 -9999.0 -9999.0 0.438280 0.439312 0.445101 0.444521 0.444930 0.443793 0.444071 0.442223 0.440920 0.440806 0.442514 0.445843 0.445881 0.445445 0.443832 0.442915 0.442492 0.442916 0.442099 0.441448 0.441872 0.443250 0.444942 0.445751 0.445381 0.443342 0.441735 0.441081 0.441611 0.442185 0.441702 0.440205 0.440194 0.441379 0.442059 0.442768 0.442314 0.442026 0.442519 0.442460 0.440753 0.443293 0.442506 0.440938 0.435589 0.443272 0.441603 0.440935 0.440472 0.439714 0.438086 0.438645 -9999.0 -9999.0 -9999.0 -9999.0 -9999.0 -9999.0 -9999.0 -9999.0
-9999.0 -9999.0 -9999.0 -9999.0 -9999.0 0.439801 0.444213 0.444301 0.444731 0.444145 0.444616 0.443503 0.440990 0.440404 0.442171 0.445109 0.446759 0.446500 0.444618 0.442047 0.440242 0.440294 0.439795 0.439338 0.439219 0.439635 0.440429 0.442259 0.443534 0.443290 0.442058 0.441009 0.440900 0.441835 0.441995 0.442004 0.442127 0.443181 0.444047 0.444559 0.443756 0.443615 0.443806 0.443826 0.443400 0.443305 0.442530 0.441710 0.440681 0.436164 0.443434 0.442323 0.441580 0.440842 0.439075 0.438833 -9999.0 -9999.0 -9999.0 -9999.0 -9999.0 -9999.0 -9999.0 -9999.0
-9999.0 -9999.0 -9999.0 -9999.0 -9999.0 0.439683 0.443694 0.444849 0.444734 0.444389 0.443620 0.443417 0.442057 0.440076 0.441288 0.444246 0.447140 0.449192 0.448817 0.445866 0.442258 0.439341 0.438013 0.437511 0.437543 0.437092 0.437694 0.438897 0.440396 0.441620 0.441894 0.441105 0.440378 0.440615 0.440656 0.441544 0.442407 0.443951 0.445271 0.445955 0.445570 0.444910 0.444617 0.444229 0.443697 0.443113 0.442420 0.441621 0.441083 0.440156 0.434926 0.444070 0.442775 0.442173 0.442093 -9999.0 -9999.0 -9999.0 -9999.0 -9999.0 -9999.0 -9999.0 -9999.0 -9999.0
-9999.0 -9999.0 -9999.0 -9999.0 -9999.0 0.438659 0.441954 0.446714 0.445594 0.444356 0.443238 0.442129 0.441704 0.439688 0.440092 0.442916 0.445990 0.448670 0.450437 0.450650 0.447444 0.443283 0.440721 0.439658 0.439481 0.438697 0.438037 0.438022 0.439195 0.440972 0.441981 0.442238 0.441268 0.440501 0.440059 0.440474 0.441361 0.443371 0.443305 0.444415 0.444500 0.444699 0.444104 0.442855 0.443215 0.442752 0.442327 0.441424 0.440632 0.438669 0.438083 0.434975 0.443887 0.442248 0.443312 -9999.0 -9999.0 -9999.0 -9999.0 -9999.0 -9999.0 -9999.0 -9999.0 -9999.0
-9999.0 -9999.0 -9999.0 -9999.0 -9999.0 0.438279 0.441100 0.445283 0.444881 0.443987 0.442553 0.442336 0.441901 0.439319 0.438918 0.440372 0.444012 0.449088 0.451733 0.451190 0.451148 0.448266 0.444236 0.442497 0.442364 0.442142 0.441315 0.440362 0.440675 0.441868 0.443301 0.444327 0.444131 0.442995 0.441100 0.440560 0.440973 0.442469 0.442109 0.443204 0.443559 0.443803 0.443484 0.442560 0.442500 0.442144 0.442319 0.441582 0.440501 0.438374 0.438488 0.438216 0.435634 0.434556 -9999.0 -9999.0 -9999.0 -9999.0 -9999.0 -9999.0 -9999.0 -9999.0 -9999.0 -9999.0
-9999.0 -9999.0 -9999.0 -9999.0 -9999.0 0.438027 0.439955 0.443920 0.445478 0.442977 0.439500 0.447151 0.446061 0.441718 0.438702 0.438885 0.441956 0.444870 0.448694 0.451699 0.450582 0.450537 0.447497 0.445577 0.444501 0.444236 0.443653 0.442899 0.442540 0.443211 0.444313 0.445705 0.446315 0.445922 0.444307 0.442940 0.442387 0.441415 0.441152 0.441661 0.441883 0.442603 0.443050 0.442046 0.441815 0.441076 0.441394 0.441407 0.439318 0.438661 0.439111 0.440053 0.436745 0.441374 -9999.0 -9999.0 -9999.0 -9999.0 -9999.0 -9999.0 -9999.0 -9999.0 -9999.0 -9999.0
-9999.0 -9999.0 -9999.0 -9999.0 -9999.0 0.437750 0.439452 0.442656 0.447731 0.444338 0.442077 0.436779 0.443235 0.443580 0.443835 0.439545 0.439726 0.442015 0.445806 0.449151 0.449923 0.449552 0.449700 0.447767 0.445418 0.444141 0.442868 0.442668 0.442556 0.443434 0.444057 0.445398 0.446680 0.447543 0.447615 0.446839 0.445397 0.443213 0.441786 0.441394 0.440471 0.441128 0.441966 0.442790 0.441743 0.440541 0.440484 0.438847 0.439205 0.439171 0.440370 0.444408 0.439616 -9999.0 -9999.0 -9999.0 -9999.0 -9999.0 -9999.0 -9999.0 -9999.0 -9999.0 -9999.0 -9999.0
-9999.0 -9999.0 -9999.0 -9999.0 -9999.0 0.439117 0.439364 0.441757 0.445952 0.444417 0.442612 0.440636 0.435853 0.442517 0.441911 0.442784 0.439263 0.440942 0.442672 0.446588 0.449097 0.449096 0.448785 0.449328 0.446857 0.444156 0.441924 0.441303 0.441150 0.441809 0.442392 0.443154 0.444487 0.445837 0.447808 0.447402 0.446580 0.445484 0.444469 0.442222 0.440653 0.441487 0.442332 0.442788 0.442181 0.440069 0.437555 0.437633 0.438234 0.439128 0.439618 0.442674 0.441762 -9999.0 -9999.0 -9999.0 -9999.0 -9999.0 -9999.0 -9999.0 -9999.0 -9999.0 -9999.0 -9999.0
-9999.0 -9999.0 -9999.0 -9999.0 0.437090 0.439067 0.439500 0.440449 0.445407 0.445336 0.442467 0.441178 0.437691 0.442438 0.442165 0.441295 0.441747 0.442865 0.442685 0.445523 0.446817 0.448311 0.448273 0.448134 0.447739 0.446065 0.442935 0.440784 0.440181 0.440290 0.440631 0.439913 0.441190 0.443497 0.445819 0.447451 0.448199 0.447553 0.447075 0.445144 0.443843 0.442193 0.442466 0.443372 0.442835 0.438817 0.437006 0.437064 0.437306 0.438793 0.438304 0.438494 0.438835 -9999.0 -9999.0 -9999.0 -9999.0 -9999.0 -9999.0 -9999.0 -9999.0 -9999.0 -9999.0 -9999.0
-9999.0 -9999.0 -9999.0 -9999.0 0.437805 0.438127 0.438927 0.440645 0.443486 0.448445 0.445434 0.441760 0.440099 0.437103 0.434895 0.442064 0.440789 0.440161 0.442319 0.444640 0.446656 0.445937 0.447627 0.448173 0.447720 0.447820 0.444734 0.441991 0.440318 0.439670 0.439428 0.438340 0.439170 0.440447 0.444200 0.445978 0.448079 0.449032 0.448142 0.447367 0.446454 0.444180 0.443749 0.444382 0.441408 0.439250 0.437251 0.435534 0.436165 0.436596 0.436825 0.437113 0.437611 -9999.0 -9999.0 -9999.0 -9999.0 -9999.0 -9999.0 -9999.0 -9999.0 -9999.0 -9999.0 -9999.0
-9999.0 -9999.0 -9999.0 0.436710 0.438136 0.438353 0.439072 0.439840 0.442213 0.445038 0.449117 0.443377 0.440211 0.438760 0.438206 0.434766 0.441589 0.440438 0.439680 0.441173 0.444266 0.444271 0.444567 0.446863 0.448167 0.447086 0.446323 0.443111 0.440630 0.439309 0.438685 0.438485 0.438364 0.439474 0.441842 0.443016 0.445409 0.447748 0.448812 0.447434 0.446886 0.446339 0.445466 0.444967 0.442186 0.439988 0.437106 0.435214 0.434307 0.434689 0.435185 0.434904 0.435773 -9999.0 -9999.0 -9999.0 -9999.0 -9999.0 -9999.0 -9999.0 -9999.0 -9999.0 -9999.0 -9999.0
-9999.0 -9999.0 -9999.0 0.437248 0.437347 0.438403 0.438360 0.439427 0.441219 0.443859 0.447586 0.444004 0.441040 0.439839 0.439371 0.437150 0.441887 0.440428 0.439182 0.439147 0.440516 0.444228 0.443475 0.444517 0.445942 0.446248 0.445571 0.444394 0.441471 0.439434 0.438758 0.438520 0.438036 0.438389 0.439603 0.441504 0.442926 0.444476 0.446376 0.447342 0.445704 0.445076 0.444760 0.443143 0.442309 0.440731 0.438244 0.435544 0.433845 0.433386 0.433333 0.431878 0.435799 -9999.0 -9999.0 -9999.0 -9999.0 -9999.0 -9999.0 -9999.0 -9999.0 -9999.0 -9999.0 -9999.0
-9999.0 -9999.0 0.436467 0.437938 0.437735 0.438155 0.438241 0.438989 0.440075 0.442357 0.445648 0.445128 0.443272 0.441819 0.440864 0.439980 0.435540 0.440613 0.439378 0.438681 0.439183 0.439394 0.443208 0.443546 0.444101 0.445621 0.445092 0.444881 0.442580 0.439841 0.439324 0.439290 0.439705 0.438476 0.439670 0.439474 0.441555 0.442773 0.444166 0.445238 0.445927 0.444056 0.442058 0.441760 0.440836 0.440674 0.439453 0.437126 0.434670 0.433733 0.431858 0.430756 -9999.0 -9999.0 -9999.0 -9999.0 -9999.0 -9999.0 -9999.0 -9999.0 -9999.0 -9999.0 -9999.0 -9999.0
-9999.0 -9999.0 0.436555 0.437191 0.437503 0.438142 0.438521 0.438691 0.439447 0.440666 0.442466 0.445693 0.448719 0.444649 0.442927 0.440564 0.436834 0.440517 0.439164 0.438541 0.438489 0.438821 0.439160 0.442884 0.442899 0.444035 0.443395 0.443629 0.443279 0.440851 0.440314 0.440540 0.440885 0.439540 0.439328 0.440239 0.440977 0.440917 0.442835 0.444112 0.444594 0.441453 0.440724 0.439596 0.438876 0.439202 0.439434 0.438714 0.436560 0.435329 0.434218 -9999.0 -9999.0 -9999.0 -9999.0 -9999.0 -9999.0 -9999.0 -9999.0 -9999.0 -9999.0 -9999.0 -9999.0 -9999.0
-9999.0 -9999.0 0.436730 0.436856 0.437228 0.437968 0.438086 0.438457 0.439101 0.440153 0.441434 0.443351 0.446512 0.445076 0.442927 0.441718 0.437045 0.441606 0.439125 0.438100 0.437999 0.438198 0.438620 0.438969 0.441144 0.444107 0.443055 0.441927 0.442655 0.441054 0.440851 0.441043 0.441615 0.440703 0.440519 0.440384 0.441473 0.441161 0.442150 0.444003 0.441891 0.442602 0.441011 0.438590 0.437007 0.437562 0.438030 0.438806 0.437427 0.435311 0.435559 -9999.0 -9999.0 -9999.0 -9999.0 -9999.0 -9999.0 -9999.0 -9999.0 -9999.0 -9999.0 -9999.0 -9999.0 -9999.0
-9999.0 -9999.0 0.436855 0.436804 0.437137 0.437774 0.438030 0.438362 0.438834 0.439275 0.440288 0.441558 0.445372 0.445240 0.443774 0.442932 0.438982 0.443667 0.440758 0.438934 0.438184 0.438074 0.438276 0.438666 0.438929 0.440147 0.443063 0.441362 0.440852 0.440033 0.439971 0.440266 0.440832 0.440464 0.440487 0.440227 0.440502 0.441099 0.442164 0.442648 0.444769 0.444943 0.442330 0.439462 0.436920 0.435779 0.436374 0.437477 0.436693 0.433418 0.435028 -9999.0 -9999.0 -9999.0 -9999.0 -9999.0 -9999.0 -9999.0 -9999.0 -9999.0 -9999.0 -9999.0 -9999.0 -9999.0
-9999.0 0.437380 0.437023 0.437104 0.437113 0.437430 0.437849 0.438080 0.438481 0.439033 0.439724 0.441231 0.442333 0.447561 0.446260 0.443698 0.441371 0.447394 0.444454 0.442278 0.433731 0.439023 0.438388 0.438501 0.438763 0.439122 0.439581 0.441599 0.439019 0.438556 0.438280 0.437882 0.438767 0.436600 0.436952 0.436691 0.436887 0.438165 0.439716 0.441872 0.444886 0.446554 0.444962 0.442149 0.439369 0.437008 0.436629 0.436289 0.436224 0.434728 -9999.0 -9999.0 -9999.0 -9999.0 -9999.0 -9999.0 -9999.0 -9999.0 -9999.0 -9999.0 -9999.0 -9999.0 -9999.0 -9999.0
-9999.0 0.436887 0.436825 0.436977 0.437093 0.437254 0.437485 0.437850 0.438088 0.438543 0.439343 0.440200 0.442350 0.444014 0.448218 0.447490 0.445501 0.442231 0.440263 0.437837 0.437025 0.441274 0.439833 0.438856 0.438469 0.438639 0.438628 0.438929 0.440130 0.436782 0.436186 0.436652 0.437317 0.434920 0.435312 0.434954 0.434936 0.435704 0.437155 0.439237 0.442166 0.445168 0.446442 0.444922 0.443520 0.440786 0.438543 0.436813 0.435249 0.434696 -9999.0 -9999.0 -9999.0 -9999.0 -9999.0 -9999.0 -9999.0 -9999.0 -9999.0 -9999.0 -9999.0 -9999.0 -9999.0 -9999.0
-9999.0 0.436639 0.436888 0.437198 0.437102 0.437277 0.437419 0.437520 0.437845 0.438088 0.438589 0.439272 0.440433 0.442075 0.444413 0.449550 0.448360 0.446297 0.445237 0.443718 0.441147 0.437725 0.436148 0.434842 0.434116 0.433196 0.432223 0.438600 0.439558 0.436351 0.435806 0.435350 0.436073 0.436785 0.434380 0.433849 0.433717 0.434150 0.435159 0.436493 0.438162 0.439974 0.442642 0.443460 0.445058 0.443405 0.443270 0.438886 0.434904 0.433244 -9999.0 -9999.0 -9999.0 -9999.0 -9999.0 -9999.0 -9999.0 -9999.0 -9999.0 -9999.0 -9999.0 -9999.0 -9999.0 -9999.0
-9999.0 0.436603 0.436886 0.437233 0.437098 0.437234 0.437426 0.437420 0.437519 0.437789 0.438078 0.438662 0.439533 0.440577 0.441515 0.444095 0.448962 0.447500 0.446523 0.444650 0.442869 0.440970 0.439940 0.438632 0.437007 0.436023 0.435878 0.434097 0.434413 0.435875 0.435579 0.435479 0.435232 0.435866 0.433277 0.433595 0.433444 0.433366 0.433759 0.434567 0.435085 0.435057 0.437462 0.440400 0.442353 0.442793 0.443210 0.439893 0.435787 0.434343 -9999.0 -9999.0 -9999.0 -9999.0 -9999.0 -9999.0 -9999.0 -9999.0 -9999.0 -9999.0 -9999.0 -9999.0 -9999.0 -9999.0
-9999.0 0.436593 0.436908 0.437230 0.437118 0.437261 0.437399 0.437514 0.437411 0.437456 0.437773 0.438099 0.438622 0.439325 0.440234 0.441535 0.444341 0.445680 0.444191 0.444341 0.442562 0.442241 0.441314 0.439684 0.439533 0.439096 0.438495 0.438978 0.439027 0.437895 0.437178 0.435586 0.434617 0.434927 0.435673 0.433743 0.434238 0.433577 0.433583 0.433187 0.434537 0.434302 0.435299 0.436836 0.438073 0.439304 0.440062 0.438082 0.435145 -9999.0 -9999.0 -9999.0 -9999.0 -9999.0 -9999.0 -9999.0 -9999.0 -9999.0 -9999.0 -9999.0 -9999.0 -9999.0 -9999.0 -9999.0
-9999.0 0.436632 0.436975 0.437281 0.437155 0.437307 0.437470 0.437810 0.437475 0.437430 0.437438 0.437796 0.438096 0.438388 0.439257 0.439952 0.441491 0.446327 0.443430 0.442833 0.442613 0.441829 0.441761 0.441231 0.440948 0.441245 0.440878 0.440807 0.440329 0.439662 0.439230 0.436844 0.434738 0.433618 0.435427 0.436470 0.435195 0.435624 0.434920 0.434214 0.435334 -9999.0 -9999.0 -9999.0 -9999.0 -9999.0 -9999.0 -9999.0 -9999.0 -9999.0 -9999.0 -9999.0 -9999.0 -9999.0 -9999.0 -9999.0 -9999.0 -9999.0 -9999.0 -9999.0 -9999.0 -9999.0 -9999.0 -9999.0
