tests/3D/Muntatschini_ref_005/output-maps-SE27XX/thetaliqL0011N0001.asc
ncols         108
nrows         156
xllcorner     619971.250000
yllcorner     5169711.250000
cellsize      20.000000
NODATA_value  -9999.0
[rows 58 to 86 of 156, columns 0 to 63 of 108]
-9999.0 -9999.0 -9999.0 -9999.0 -9999.0 -9999.0 -9999.0 -9999.0 -9999.0 -9999.0 -9999.0 -9999.0 -9999.0 -9999.0 -9999.0 -9999.0 -9999.0 -9999.0 -9999.0 -9999.0 -9999.0 -9999.0 -9999.0 -9999.0 -9999.0 -9999.0 -9999.0 -9999.0 -9999.0 -9999.0 -9999.0 -9999.0 -9999.0 -9999.0 -9999.0 -9999.0 0.449533 0.449062 0.449236 0.448817 0.448529 0.448613 0.449224 0.450344 0.451858 0.453389 0.454540 0.455146 0.455172 0.454804 0.454147 0.453420 0.452649 0.452001 0.451629 0.451580 0.451824 0.452292 0.452736 0.452884 0.452524 0.451857 0.451168 0.450669
-9999.0 -9999.0 -9999.0 -9999.0 -9999.0 -9999.0 -9999.0 -9999.0 -9999.0 -9999.0 -9999.0 -9999.0 -9999.0 -9999.0 -9999.0 -9999.0 -9999.0 -9999.0 -9999.0 -9999.0 -9999.0 -9999.0 -9999.0 -9999.0 -9999.0 -9999.0 -9999.0 -9999.0 -9999.0 -9999.0 -9999.0 -9999.0 -9999.0 -9999.0 -9999.0 0.451221 0.450967 0.450243 0.449684 0.449074 0.448578 0.448472 0.448924 0.450014 0.451561 0.453115 0.454075 0.454445 0.454425 0.454247 0.453877 0.453437 0.452908 0.452371 0.451896 0.451587 0.451567 0.451975 0.452599 0.453048 0.452897 0.452263 0.451500 0.450868
-9999.0 -9999.0 -9999.0 -9999.0 -9999.0 -9999.0 -9999.0 -9999.0 -9999.0 -9999.0 -9999.0 -9999.0 -9999.0 -9999.0 -9999.0 -9999.0 -9999.0 -9999.0 -9999.0 -9999.0 -9999.0 -9999.0 -9999.0 -9999.0 -9999.0 -9999.0 -9999.0 -9999.0 -9999.0 -9999.0 -9999.0 -9999.0 0.449103 0.450281 0.452506 0.452049 0.451390 0.451012 0.450300 0.449485 0.448886 0.448659 0.448874 0.449708 0.451274 0.452990 0.454017 0.454291 0.454119 0.453884 0.453578 0.453291 0.452966 0.452591 0.452166 0.451738 0.451484 0.451660 0.452265 0.452920 0.453108 0.452736 0.452081 0.451432
-9999.0 -9999.0 -9999.0 -9999.0 -9999.0 -9999.0 -9999.0 -9999.0 -9999.0 -9999.0 -9999.0 -9999.0 -9999.0 -9999.0 -9999.0 -9999.0 -9999.0 -9999.0 -9999.0 -9999.0 -9999.0 -9999.0 -9999.0 -9999.0 -9999.0 -9999.0 -9999.0 -9999.0 -9999.0 -9999.0 0.450923 0.451743 0.450717 0.450097 0.451280 0.452087 0.452099 0.451663 0.450763 0.449750 0.449018 0.448684 0.448676 0.449234 0.450613 0.452438 0.453762 0.454307 0.454249 0.453943 0.453557 0.453224 0.452970 0.452685 0.452334 0.451858 0.451436 0.451337 0.451748 0.452389 0.452837 0.452860 0.452554 0.452089
-9999.0 -9999.0 -9999.0 -9999.0 -9999.0 -9999.0 -9999.0 -9999.0 -9999.0 -9999.0 -9999.0 -9999.0 -9999.0 -9999.0 -9999.0 -9999.0 -9999.0 -9999.0 -9999.0 -9999.0 -9999.0 -9999.0 -9999.0 -9999.0 -9999.0 -9999.0 -9999.0 -9999.0 -9999.0 0.449495 0.449396 0.450759 0.451422 0.451442 0.451702 0.452369 0.452663 0.452313 0.451200 0.449810 0.448786 0.448305 0.448189 0.448561 0.449630 0.451316 0.452852 0.453873 0.454278 0.454208 0.453873 0.453401 0.452975 0.452614 0.452327 0.451926 0.451468 0.451165 0.451294 0.451718 0.452180 0.452509 0.452639 0.452501
-9999.0 -9999.0 -9999.0 -9999.0 -9999.0 -9999.0 -9999.0 -9999.0 -9999.0 -9999.0 -9999.0 -9999.0 -9999.0 -9999.0 -9999.0 -9999.0 -9999.0 -9999.0 -9999.0 -9999.0 -9999.0 -9999.0 -9999.0 -9999.0 -9999.0 0.448895 0.448881 0.449498 0.450023 0.449534 0.450023 0.450898 0.451541 0.451826 0.452173 0.452696 0.453141 0.452891 0.451705 0.449974 0.448606 0.447917 0.447754 0.448019 0.448773 0.450064 0.451571 0.452886 0.453774 0.454157 0.454168 0.453749 0.453151 0.452578 0.452223 0.451899 0.451506 0.451153 0.451066 0.451224 0.451488 0.451861 0.452263 0.452469
-9999.0 -9999.0 -9999.0 -9999.0 -9999.0 -9999.0 -9999.0 -9999.0 -9999.0 -9999.0 -9999.0 -9999.0 -9999.0 -9999.0 -9999.0 -9999.0 -9999.0 -9999.0 -9999.0 -9999.0 -9999.0 -9999.0 -9999.0 0.452775 0.452635 0.450702 0.449587 0.449250 0.449483 0.449797 0.450293 0.451043 0.451619 0.451929 0.452324 0.452896 0.453517 0.453508 0.452495 0.450595 0.448876 0.447878 0.447589 0.447737 0.448249 0.449171 0.450474 0.451747 0.452898 0.453718 0.454191 0.454039 0.453389 0.452648 0.452209 0.451964 0.451644 0.451285 0.451033 0.450960 0.450996 0.451227 0.451650 0.452046
-9999.0 -9999.0 -9999.0 -9999.0 -9999.0 -9999.0 -9999.0 -9999.0 -9999.0 -9999.0 -9999.0 -9999.0 -9999.0 -9999.0 -9999.0 -9999.0 -9999.0 -9999.0 -9999.0 -9999.0 -9999.0 0.455603 0.456197 0.453920 0.452752 0.452027 0.451008 0.450525 0.450356 0.450331 0.450505 0.450895 0.451349 0.451732 0.452246 0.452946 0.453770 0.454080 0.453445 0.451679 0.449701 0.448283 0.447689 0.447654 0.448000 0.448704 0.449763 0.450914 0.452080 0.453109 0.453939 0.454137 0.453595 0.452858 0.452350 0.452095 0.451804 0.451457 0.451122 0.450861 0.450685 0.450699 0.450998 0.451432
-9999.0 -9999.0 -9999.0 -9999.0 -9999.0 -9999.0 -9999.0 -9999.0 -9999.0 -9999.0 -9999.0 -9999.0 -9999.0 -9999.0 -9999.0 -9999.0 -9999.0 -9999.0 -9999.0 -9999.0 0.456251 0.454674 0.455380 0.455567 0.454681 0.453555 0.452450 0.451593 0.451036 0.450622 0.450403 0.450450 0.450721 0.451175 0.451811 0.452650 0.453622 0.454314 0.454307 0.453081 0.451051 0.449122 0.447982 0.447625 0.447823 0.448457 0.449458 0.450643 0.451817 0.452921 0.453759 0.453973 0.453581 0.453078 0.452691 0.452421 0.452076 0.451660 0.451257 0.450850 0.450508 0.450322 0.450459 0.450832
-9999.0 -9999.0 -9999.0 -9999.0 -9999.0 -9999.0 -9999.0 -9999.0 -9999.0 -9999.0 -9999.0 -9999.0 -9999.0 -9999.0 -9999.0 -9999.0 -9999.0 -9999.0 0.456801 0.457830 0.457240 0.455973 0.455631 0.455673 0.455610 0.455112 0.453979 0.452651 0.451589 0.450841 0.450318 0.450052 0.450105 0.450562 0.451302 0.452188 0.453174 0.454115 0.454737 0.454353 0.452717 0.450446 0.448582 0.447698 0.447657 0.448241 0.449326 0.450665 0.452021 0.453139 0.453797 0.453902 0.453608 0.453258 0.452983 0.452775 0.452514 0.452135 0.451687 0.451109 0.450545 0.450137 0.450104 0.450396
-9999.0 -9999.0 -9999.0 -9999.0 -9999.0 -9999.0 -9999.0 -9999.0 -9999.0 -9999.0 -9999.0 -9999.0 -9999.0 -9999.0 -9999.0 -9999.0 0.453358 0.455159 0.455058 0.455724 0.456175 0.455365 0.454545 0.454334 0.454798 0.455115 0.454655 0.453490 0.452294 0.451443 0.450710 0.450149 0.449960 0.450312 0.451048 0.451853 0.452716 0.453701 0.454759 0.455225 0.454372 0.452176 0.449714 0.448158 0.447736 0.448135 0.449223 0.450765 0.452441 0.453596 0.454008 0.453907 0.453622 0.453333 0.453121 0.453056 0.453064 0.452900 0.452477 0.451750 0.450937 0.450269 0.450009 0.450161
-9999.0 -9999.0 -9999.0 -9999.0 -9999.0 -9999.0 -9999.0 -9999.0 -9999.0 -9999.0 -9999.0 -9999.0 -9999.0 -9999.0 -9999.0 0.450756 0.450794 0.453588 0.455070 0.455324 0.455132 0.454154 0.452815 0.452059 0.452397 0.453296 0.453840 0.453575 0.452858 0.452207 0.451444 0.450670 0.450228 0.450395 0.451062 0.451804 0.452562 0.453414 0.454598 0.455659 0.455791 0.454245 0.451680 0.449451 0.448450 0.448460 0.449298 0.450850 0.452850 0.454121 0.454413 0.454180 0.453802 0.453424 0.453133 0.453208 0.453538 0.453707 0.453429 0.452623 0.451575 0.450626 0.450112 0.450102
-9999.0 -9999.0 -9999.0 -9999.0 -9999.0 -9999.0 -9999.0 -9999.0 -9999.0 -9999.0 -9999.0 -9999.0 -9999.0 -9999.0 -9999.0 0.452862 0.452208 0.453967 0.454703 0.454728 0.454235 0.453122 0.451720 0.450534 0.450289 0.450965 0.451927 0.452544 0.452668 0.452482 0.451982 0.451217 0.450580 0.450460 0.450937 0.451626 0.452390 0.453203 0.454417 0.455825 0.456896 0.456438 0.454402 0.451789 0.450053 0.449445 0.449777 0.451114 0.453234 0.454765 0.455004 0.454609 0.454070 0.453632 0.453294 0.453345 0.453746 0.454134 0.454088 0.453352 0.452206 0.451072 0.450334 0.450133
-9999.0 -9999.0 -9999.0 -9999.0 -9999.0 -9999.0 -9999.0 -9999.0 -9999.0 -9999.0 -9999.0 -9999.0 -9999.0 -9999.0 -9999.0 0.456337 0.454571 0.455661 0.455561 0.454327 0.453153 0.452170 0.451012 0.449884 0.449310 0.449496 0.450237 0.451080 0.451618 0.451912 0.451837 0.451352 0.450686 0.450298 0.450470 0.451045 0.451819 0.452635 0.453832 0.455563 0.457504 0.458265 0.457130 0.454652 0.452356 0.451034 0.450708 0.451621 0.453664 0.455487 0.455902 0.455418 0.454598 0.453976 0.453567 0.453493 0.453792 0.454188 0.454302 0.453717 0.452609 0.451420 0.450558 0.450222
-9999.0 -9999.0 -9999.0 -9999.0 -9999.0 -9999.0 -9999.0 -9999.0 -9999.0 -9999.0 -9999.0 -9999.0 -9999.0 -9999.0 0.453432 0.454840 0.456591 0.457528 0.456083 0.453861 0.452555 0.451847 0.450979 0.449939 0.449169 0.448948 0.449234 0.449835 0.450427 0.450913 0.451168 0.451073 0.450597 0.450042 0.449835 0.450113 0.450728 0.451447 0.452525 0.454390 0.456815 0.458648 0.458596 0.456806 0.454428 0.452634 0.451689 0.452076 0.453766 0.455817 0.456651 0.456378 0.455481 0.454649 0.454034 0.453748 0.453901 0.454264 0.454432 0.453930 0.452852 0.451697 0.450810 0.450392
-9999.0 -9999.0 -9999.0 -9999.0 -9999.0 -9999.0 -9999.0 -9999.0 -9999.0 -9999.0 -9999.0 -9999.0 -9999.0 0.453464 0.453372 0.455442 0.458058 0.458215 0.455947 0.453709 0.452696 0.452123 0.451379 0.450330 0.449468 0.449030 0.448970 0.449207 0.449607 0.450046 0.450417 0.450606 0.450436 0.449920 0.449424 0.449288 0.449454 0.449806 0.450548 0.452152 0.454495 0.456983 0.458030 0.457368 0.455508 0.453696 0.452341 0.452159 0.453427 0.455402 0.456772 0.457126 0.456548 0.455647 0.454817 0.454359 0.454375 0.454636 0.454756 0.454298 0.453225 0.452056 0.451152 0.450705
-9999.0 -9999.0 -9999.0 -9999.0 -9999.0 -9999.0 -9999.0 -9999.0 -9999.0 -9999.0 -9999.0 -9999.0 0.455530 0.454503 0.455223 0.457403 0.458891 0.457648 0.455182 0.453617 0.453206 0.452943 0.452194 0.450930 0.449854 0.449263 0.449049 0.449096 0.449316 0.449619 0.449939 0.450240 0.450340 0.450015 0.449414 0.448894 0.448553 0.448450 0.448769 0.449807 0.451584 0.453999 0.455678 0.456084 0.455109 0.453729 0.452344 0.451940 0.452635 0.454259 0.456000 0.457188 0.457375 0.456784 0.455941 0.455330 0.455147 0.455278 0.455370 0.454985 0.453902 0.452617 0.451599 0.451081
-9999.0 -9999.0 -9999.0 -9999.0 -9999.0 -9999.0 -9999.0 -9999.0 -9999.0 -9999.0 -9999.0 0.456119 0.455797 0.456003 0.457391 0.459365 0.459081 0.456919 0.454651 0.453628 0.453638 0.453698 0.453070 0.451621 0.450227 0.449482 0.449280 0.449348 0.449484 0.449614 0.449788 0.450079 0.450394 0.450339 0.449787 0.448987 0.448222 0.447750 0.447740 0.448283 0.449424 0.451255 0.452909 0.453818 0.453604 0.452815 0.451837 0.451332 0.451541 0.452637 0.454349 0.456110 0.457148 0.457246 0.456789 0.456255 0.455952 0.455903 0.455952 0.455684 0.454739 0.453368 0.452181 0.451512
-9999.0 -9999.0 -9999.0 -9999.0 -9999.0 -9999.0 -9999.0 -9999.0 -9999.0 -9999.0 0.457157 0.456423 0.456166 0.457366 0.459378 0.460118 0.458721 0.456522 0.454637 0.453838 0.454036 0.454457 0.453891 0.452234 0.450489 0.449649 0.449511 0.449658 0.449796 0.449830 0.449886 0.450149 0.450602 0.450784 0.450351 0.449441 0.448422 0.447664 0.447383 0.447581 0.448304 0.449540 0.450793 0.451640 0.451899 0.451719 0.451232 0.450623 0.450388 0.450913 0.452298 0.454125 0.455858 0.456816 0.456966 0.456628 0.456312 0.456151 0.456176 0.456020 0.455332 0.454087 0.452870 0.452065
-9999.0 -9999.0 -9999.0 -9999.0 -9999.0 -9999.0 -9999.0 -9999.0 -9999.0 0.458856 0.457920 0.456958 0.457015 0.458777 0.459926 0.459633 0.458328 0.456751 0.455216 0.454358 0.454544 0.455137 0.454548 0.452583 0.450616 0.449735 0.449641 0.449872 0.450085 0.450086 0.450046 0.450273 0.450810 0.451190 0.450915 0.450021 0.448847 0.447835 0.447316 0.447302 0.447792 0.448678 0.449632 0.450363 0.450914 0.451119 0.450758 0.449961 0.449480 0.449549 0.450321 0.451880 0.453893 0.455648 0.456529 0.456556 0.456296 0.456058 0.455977 0.455797 0.455317 0.454463 0.453551 0.452843
-9999.0 -9999.0 -9999.0 -9999.0 -9999.0 -9999.0 -9999.0 -9999.0 0.457699 0.458817 0.458752 0.458339 0.458638 0.459166 0.459334 0.459036 0.458266 0.457016 0.455624 0.454778 0.455044 0.455654 0.454926 0.452737 0.450629 0.449675 0.449600 0.449924 0.450241 0.450316 0.450255 0.450404 0.450872 0.451375 0.451325 0.450541 0.449227 0.447944 0.447228 0.447105 0.447498 0.448249 0.449121 0.449880 0.450586 0.450869 0.450504 0.449753 0.449221 0.448933 0.449095 0.449977 0.451833 0.454063 0.455732 0.456272 0.456135 0.455853 0.455625 0.455296 0.454823 0.454400 0.454061 0.453766
-9999.0 -9999.0 -9999.0 -9999.0 -9999.0 -9999.0 -9999.0 0.454147 0.456319 0.458301 0.459848 0.460459 0.459883 0.458909 0.458624 0.458475 0.457908 0.456795 0.455663 0.455136 0.455519 0.456026 0.455215 0.452959 0.450584 0.449405 0.449316 0.449793 0.450259 0.450453 0.450427 0.450496 0.450817 0.451326 0.451537 0.450995 0.449632 0.448048 0.447098 0.446891 0.447234 0.448002 0.448961 0.449773 0.450353 0.450538 0.450355 0.449909 0.449472 0.448994 0.448664 0.448818 0.449962 0.452173 0.454427 0.455736 0.455991 0.455761 0.455325 0.454748 0.454186 0.454133 0.454361 0.454514
-9999.0 -9999.0 -9999.0 -9999.0 -9999.0 -9999.0 0.450855 0.452822 0.455138 0.457766 0.460777 0.461705 0.460596 0.459026 0.458401 0.458273 0.457811 0.456691 0.455463 0.454998 0.455497 0.456244 0.455768 0.453553 0.450774 0.449084 0.448777 0.449333 0.450017 0.450440 0.450567 0.450595 0.450715 0.451127 0.451633 0.451565 0.450343 0.448434 0.447124 0.446762 0.447020 0.447811 0.448875 0.449591 0.449856 0.449956 0.450107 0.450104 0.449907 0.449452 0.448805 0.448381 0.448782 0.450409 0.452754 0.454699 0.455587 0.455625 0.455098 0.454301 0.453743 0.453980 0.454536 0.454902
-9999.0 -9999.0 -9999.0 -9999.0 -9999.0 0.448699 0.449982 0.451777 0.453988 0.457372 0.460970 0.462320 0.461431 0.459703 0.458647 0.458436 0.458033 0.456823 0.455299 0.454719 0.455253 0.456307 0.456311 0.454452 0.451346 0.448987 0.448256 0.448662 0.449469 0.450136 0.450524 0.450664 0.450646 0.450863 0.451531 0.452085 0.451406 0.449381 0.447597 0.446916 0.447005 0.447756 0.448797 0.449272 0.449187 0.449181 0.449505 0.449887 0.450048 0.449828 0.449155 0.448508 0.448412 0.449328 0.451200 0.453278 0.454820 0.455355 0.454886 0.453942 0.453458 0.453774 0.454318 0.454702
-9999.0 -9999.0 -9999.0 -9999.0 -9999.0 0.449037 0.449866 0.450727 0.452914 0.456338 0.459549 0.461555 0.461672 0.460433 0.459114 0.458715 0.458397 0.457253 0.455448 0.454512 0.454885 0.456170 0.456800 0.455467 0.452333 0.449334 0.448040 0.448056 0.448752 0.449574 0.450277 0.450659 0.450594 0.450523 0.451119 0.452233 0.452519 0.450976 0.448902 0.447715 0.447453 0.448009 0.448808 0.448935 0.448597 0.448500 0.448826 0.449451 0.449898 0.449828 0.449264 0.448771 0.448581 0.448997 0.450122 0.451865 0.453684 0.454734 0.454509 0.453540 0.453004 0.453114 0.453520 0.453933
-9999.0 -9999.0 -9999.0 -9999.0 -9999.0 0.449369 0.449684 0.449914 0.452177 0.455139 0.457636 0.460057 0.461205 0.460654 0.459264 0.458472 0.458028 0.457055 0.455472 0.454549 0.454885 0.456151 0.457112 0.456394 0.453812 0.450540 0.448525 0.447902 0.448205 0.448957 0.449915 0.450667 0.450714 0.450293 0.450448 0.451666 0.452959 0.452649 0.451012 0.449436 0.448702 0.448889 0.449123 0.448787 0.448300 0.448146 0.448396 0.449081 0.449614 0.449507 0.449028 0.448784 0.448790 0.448980 0.449534 0.450676 0.452409 0.453667 0.453707 0.452886 0.452226 0.452061 0.452429 0.453205
-9999.0 -9999.0 -9999.0 -9999.0 -9999.0 0.448451 0.448879 0.449972 0.452623 0.454783 0.456013 0.458183 0.460225 0.460680 0.459584 0.458411 0.457582 0.456422 0.454850 0.453919 0.454352 0.455784 0.457290 0.457548 0.455910 0.452901 0.450149 0.448655 0.448331 0.448784 0.449803 0.450896 0.451180 0.450469 0.449908 0.450573 0.452197 0.453280 0.452865 0.451575 0.450648 0.450393 0.449881 0.449081 0.448454 0.448213 0.448361 0.448920 0.449310 0.449084 0.448617 0.448472 0.448651 0.448847 0.449122 0.449775 0.451037 0.452190 0.452433 0.451931 0.451310 0.451002 0.451408 0.452800
-9999.0 -9999.0 -9999.0 -9999.0 0.447033 0.447699 0.449425 0.450684 0.453834 0.455344 0.455680 0.457420 0.459798 0.461011 0.460436 0.459118 0.457825 0.456084 0.453994 0.452563 0.452690 0.454164 0.456261 0.457763 0.457716 0.455723 0.452968 0.450683 0.449596 0.449595 0.450392 0.451576 0.452082 0.451230 0.449853 0.449487 0.450518 0.452193 0.453119 0.452968 0.452599 0.452133 0.451037 0.449883 0.449063 0.448680 0.448658 0.448903 0.449023 0.448724 0.448272 0.448114 0.448324 0.448586 0.448798 0.449169 0.449945 0.450794 0.451070 0.450955 0.450715 0.450256 0.450061 0.451342
-9999.0 -9999.0 -9999.0 -9999.0 0.447902 0.448365 0.449714 0.451488 0.455086 0.456286 0.456157 0.457518 0.460022 0.461796 0.461799 0.460668 0.459308 0.457182 0.454225 0.451592 0.450575 0.451336 0.453391 0.455672 0.457104 0.456882 0.455191 0.453163 0.451689 0.451189 0.451439 0.452390 0.453095 0.452363 0.450445 0.449017 0.449046 0.450292 0.451865 0.453026 0.453610 0.453335 0.452190 0.450954 0.450017 0.449490 0.449182 0.448999 0.448816 0.448467 0.448037 0.447839 0.448006 0.448336 0.448629 0.448903 0.449319 0.449781 0.450055 0.450140 0.450584 0.451021 0.450605 -9999.0
