tests/3D/Muntatschini_ref_005/output-maps-SE27XX/thetaliqL0010N0006.asc
ncols         108
nrows         156
xllcorner     619971.250000
yllcorner     5169711.250000
cellsize      20.000000
NODATA_value  -9999.0
[rows 58 to 86 of 156, columns 0 to 63 of 108]
-9999.0 -9999.0 -9999.0 -9999.0 -9999.0 -9999.0 -9999.0 -9999.0 -9999.0 -9999.0 -9999.0 -9999.0 -9999.0 -9999.0 -9999.0 -9999.0 -9999.0 -9999.0 -9999.0 -9999.0 -9999.0 -9999.0 -9999.0 -9999.0 -9999.0 -9999.0 -9999.0 -9999.0 -9999.0 -9999.0 -9999.0 -9999.0 -9999.0 -9999.0 -9999.0 -9999.0 0.439692 0.439089 0.439681 0.439232 0.438928 0.439023 0.439717 0.440691 0.442276 0.443922 0.445153 0.445793 0.445805 0.445396 0.444681 0.443898 0.443071 0.442384 0.441986 0.441936 0.442203 0.442756 0.443232 0.443383 0.442988 0.442269 0.441532 0.441005
-9999.0 -9999.0 -9999.0 -9999.0 -9999.0 -9999.0 -9999.0 -9999.0 -9999.0 -9999.0 -9999.0 -9999.0 -9999.0 -9999.0 -9999.0 -9999.0 -9999.0 -9999.0 -9999.0 -9999.0 -9999.0 -9999.0 -9999.0 -9999.0 -9999.0 -9999.0 -9999.0 -9999.0 -9999.0 -9999.0 -9999.0 -9999.0 -9999.0 -9999.0 -9999.0 0.441453 0.441126 0.440762 0.440132 0.439480 0.438950 0.438838 0.439321 0.440574 0.442027 0.443617 0.444637 0.445026 0.444997 0.444804 0.444403 0.443930 0.443356 0.442775 0.442261 0.441931 0.441922 0.442371 0.443090 0.443562 0.443387 0.442700 0.441883 0.441212
-9999.0 -9999.0 -9999.0 -9999.0 -9999.0 -9999.0 -9999.0 -9999.0 -9999.0 -9999.0 -9999.0 -9999.0 -9999.0 -9999.0 -9999.0 -9999.0 -9999.0 -9999.0 -9999.0 -9999.0 -9999.0 -9999.0 -9999.0 -9999.0 -9999.0 -9999.0 -9999.0 -9999.0 -9999.0 -9999.0 -9999.0 -9999.0 0.439557 0.440467 0.442743 0.442371 0.441610 0.441553 0.440791 0.439919 0.439280 0.439037 0.439268 0.440161 0.441941 0.443529 0.444568 0.444850 0.444664 0.444415 0.444083 0.443775 0.443417 0.443011 0.442551 0.442095 0.441832 0.442033 0.442689 0.443433 0.443618 0.443209 0.442503 0.441808
-9999.0 -9999.0 -9999.0 -9999.0 -9999.0 -9999.0 -9999.0 -9999.0 -9999.0 -9999.0 -9999.0 -9999.0 -9999.0 -9999.0 -9999.0 -9999.0 -9999.0 -9999.0 -9999.0 -9999.0 -9999.0 -9999.0 -9999.0 -9999.0 -9999.0 -9999.0 -9999.0 -9999.0 -9999.0 -9999.0 0.441462 0.442331 0.441279 0.440284 0.441546 0.442367 0.442762 0.442251 0.441286 0.440203 0.439421 0.439065 0.439057 0.439655 0.441183 0.442979 0.444301 0.444875 0.444804 0.444471 0.444052 0.443697 0.443419 0.443114 0.442735 0.442227 0.441778 0.441685 0.442134 0.442821 0.443336 0.443350 0.443015 0.442513
-9999.0 -9999.0 -9999.0 -9999.0 -9999.0 -9999.0 -9999.0 -9999.0 -9999.0 -9999.0 -9999.0 -9999.0 -9999.0 -9999.0 -9999.0 -9999.0 -9999.0 -9999.0 -9999.0 -9999.0 -9999.0 -9999.0 -9999.0 -9999.0 -9999.0 -9999.0 -9999.0 -9999.0 -9999.0 0.439930 0.439823 0.441283 0.441991 0.442103 0.441999 0.443059 0.443323 0.442947 0.441754 0.440267 0.439174 0.438660 0.438538 0.438936 0.440079 0.441988 0.443388 0.444429 0.444843 0.444755 0.444386 0.443883 0.443429 0.443047 0.442738 0.442305 0.441810 0.441491 0.441638 0.442094 0.442586 0.442980 0.443112 0.442957
-9999.0 -9999.0 -9999.0 -9999.0 -9999.0 -9999.0 -9999.0 -9999.0 -9999.0 -9999.0 -9999.0 -9999.0 -9999.0 -9999.0 -9999.0 -9999.0 -9999.0 -9999.0 -9999.0 -9999.0 -9999.0 -9999.0 -9999.0 -9999.0 -9999.0 0.439291 0.439272 0.439931 0.440489 0.439971 0.440495 0.441432 0.442120 0.442426 0.442851 0.443360 0.443836 0.443568 0.442295 0.440442 0.438980 0.438246 0.438073 0.438356 0.439162 0.440595 0.442039 0.443371 0.444305 0.444709 0.444715 0.444266 0.443621 0.443006 0.442623 0.442272 0.441846 0.441471 0.441382 0.441551 0.441837 0.442238 0.442716 0.442931
-9999.0 -9999.0 -9999.0 -9999.0 -9999.0 -9999.0 -9999.0 -9999.0 -9999.0 -9999.0 -9999.0 -9999.0 -9999.0 -9999.0 -9999.0 -9999.0 -9999.0 -9999.0 -9999.0 -9999.0 -9999.0 -9999.0 -9999.0 0.443446 0.443285 0.441217 0.440025 0.439664 0.439917 0.440253 0.440785 0.441588 0.442204 0.442537 0.442961 0.443575 0.444240 0.444230 0.443141 0.441106 0.439268 0.438204 0.437896 0.438055 0.438601 0.439587 0.441071 0.442183 0.443373 0.444256 0.444763 0.444586 0.443873 0.443072 0.442602 0.442336 0.441989 0.441603 0.441335 0.441261 0.441302 0.441556 0.442063 0.442485
-9999.0 -9999.0 -9999.0 -9999.0 -9999.0 -9999.0 -9999.0 -9999.0 -9999.0 -9999.0 -9999.0 -9999.0 -9999.0 -9999.0 -9999.0 -9999.0 -9999.0 -9999.0 -9999.0 -9999.0 -9999.0 0.446337 0.446643 0.444666 0.443415 0.442638 0.441547 0.441030 0.440850 0.440825 0.441011 0.441429 0.441916 0.442326 0.442877 0.443628 0.444512 0.444844 0.444160 0.442267 0.440149 0.438636 0.438002 0.437966 0.438335 0.439088 0.440266 0.441309 0.442502 0.443618 0.444505 0.444691 0.444086 0.443286 0.442745 0.442476 0.442160 0.441787 0.441428 0.441151 0.440964 0.440987 0.441316 0.441833
-9999.0 -9999.0 -9999.0 -9999.0 -9999.0 -9999.0 -9999.0 -9999.0 -9999.0 -9999.0 -9999.0 -9999.0 -9999.0 -9999.0 -9999.0 -9999.0 -9999.0 -9999.0 -9999.0 -9999.0 0.446959 0.445223 0.446015 0.446001 0.445486 0.444277 0.443093 0.442175 0.441579 0.441137 0.440904 0.440953 0.441244 0.441731 0.442412 0.443311 0.444353 0.445096 0.445087 0.443769 0.441595 0.439532 0.438314 0.437934 0.438146 0.438823 0.439893 0.441252 0.442258 0.443406 0.444293 0.444500 0.444066 0.443528 0.443115 0.442822 0.442446 0.442000 0.441568 0.441135 0.440771 0.440578 0.440733 0.441142
-9999.0 -9999.0 -9999.0 -9999.0 -9999.0 -9999.0 -9999.0 -9999.0 -9999.0 -9999.0 -9999.0 -9999.0 -9999.0 -9999.0 -9999.0 -9999.0 -9999.0 -9999.0 0.447664 0.448540 0.448022 0.446681 0.446322 0.446356 0.446068 0.445950 0.444734 0.443310 0.442172 0.441372 0.440812 0.440527 0.440585 0.441074 0.441867 0.442816 0.443873 0.444882 0.445549 0.445136 0.443380 0.440946 0.438954 0.438011 0.437968 0.438592 0.439752 0.441234 0.442474 0.443628 0.444321 0.444419 0.444100 0.443726 0.443429 0.443199 0.442911 0.442503 0.442022 0.441402 0.440801 0.440371 0.440349 0.440673
-9999.0 -9999.0 -9999.0 -9999.0 -9999.0 -9999.0 -9999.0 -9999.0 -9999.0 -9999.0 -9999.0 -9999.0 -9999.0 -9999.0 -9999.0 -9999.0 0.443931 0.445707 0.445659 0.446453 0.446946 0.446056 0.445168 0.444943 0.445445 0.445655 0.445154 0.443907 0.442570 0.442016 0.441231 0.440631 0.440429 0.440806 0.441594 0.442456 0.443381 0.444438 0.445575 0.446074 0.445156 0.442798 0.440163 0.438501 0.438052 0.438479 0.439642 0.441342 0.442968 0.444110 0.444540 0.444426 0.444122 0.443810 0.443575 0.443499 0.443501 0.443323 0.442867 0.442082 0.441214 0.440505 0.440240 0.440414
-9999.0 -9999.0 -9999.0 -9999.0 -9999.0 -9999.0 -9999.0 -9999.0 -9999.0 -9999.0 -9999.0 -9999.0 -9999.0 -9999.0 -9999.0 0.441010 0.441124 0.444160 0.445775 0.446053 0.445825 0.444747 0.443330 0.442542 0.442931 0.443902 0.444434 0.444124 0.443297 0.442834 0.442016 0.441187 0.440715 0.440894 0.441608 0.442403 0.443216 0.444131 0.445402 0.446541 0.446681 0.445018 0.442265 0.439881 0.438813 0.438825 0.439723 0.441383 0.443642 0.444727 0.444977 0.444717 0.444307 0.443893 0.443578 0.443664 0.444022 0.444201 0.443893 0.443017 0.441894 0.440882 0.440345 0.440345
-9999.0 -9999.0 -9999.0 -9999.0 -9999.0 -9999.0 -9999.0 -9999.0 -9999.0 -9999.0 -9999.0 -9999.0 -9999.0 -9999.0 -9999.0 0.443336 0.442723 0.444621 0.445406 0.445415 0.444850 0.443534 0.442351 0.441084 0.440828 0.441607 0.442469 0.442980 0.443387 0.443129 0.442593 0.441774 0.441092 0.440964 0.441475 0.442213 0.443032 0.443904 0.445208 0.446720 0.447871 0.447375 0.445186 0.442383 0.440526 0.439877 0.440234 0.441666 0.444006 0.445420 0.445607 0.445173 0.444590 0.444111 0.443749 0.443821 0.444266 0.444681 0.444618 0.443811 0.442574 0.441357 0.440577 0.440374
-9999.0 -9999.0 -9999.0 -9999.0 -9999.0 -9999.0 -9999.0 -9999.0 -9999.0 -9999.0 -9999.0 -9999.0 -9999.0 -9999.0 -9999.0 0.447277 0.445289 0.446437 0.446270 0.444919 0.443533 0.442822 0.441554 0.440347 0.439734 0.439934 0.440773 0.441679 0.442206 0.442519 0.442438 0.441918 0.441206 0.440790 0.440975 0.441591 0.442420 0.443295 0.444579 0.446439 0.448527 0.449346 0.448121 0.445454 0.442991 0.441576 0.441230 0.442210 0.444469 0.446204 0.446571 0.446033 0.445146 0.444477 0.444047 0.443991 0.444327 0.444753 0.444862 0.444211 0.443008 0.441729 0.440815 0.440467
-9999.0 -9999.0 -9999.0 -9999.0 -9999.0 -9999.0 -9999.0 -9999.0 -9999.0 -9999.0 -9999.0 -9999.0 -9999.0 -9999.0 0.443999 0.445595 0.447467 0.448395 0.446779 0.444382 0.442816 0.442447 0.441518 0.440405 0.439583 0.439348 0.439654 0.440296 0.440930 0.441450 0.441722 0.441620 0.441111 0.440516 0.440296 0.440594 0.441252 0.442022 0.443177 0.445179 0.447788 0.449761 0.449703 0.447772 0.445216 0.443291 0.442280 0.442744 0.444262 0.446526 0.447390 0.447071 0.446092 0.445204 0.444559 0.444274 0.444452 0.444839 0.445004 0.444438 0.443266 0.442025 0.441083 0.440644
-9999.0 -9999.0 -9999.0 -9999.0 -9999.0 -9999.0 -9999.0 -9999.0 -9999.0 -9999.0 -9999.0 -9999.0 -9999.0 0.443981 0.443970 0.446242 0.449024 0.449108 0.446615 0.444151 0.443070 0.442303 0.441945 0.440823 0.439903 0.439434 0.439371 0.439625 0.440052 0.440522 0.440918 0.441120 0.440938 0.440386 0.439856 0.439711 0.439889 0.440265 0.441059 0.442779 0.445294 0.447969 0.449096 0.448380 0.446377 0.444431 0.443013 0.442566 0.443984 0.446091 0.447535 0.447889 0.447251 0.446287 0.445409 0.444932 0.444954 0.445228 0.445343 0.444828 0.443663 0.442407 0.441443 0.440971
-9999.0 -9999.0 -9999.0 -9999.0 -9999.0 -9999.0 -9999.0 -9999.0 -9999.0 -9999.0 -9999.0 -9999.0 0.446172 0.445136 0.445969 0.448318 0.449864 0.448464 0.445739 0.444067 0.443640 0.443257 0.442820 0.441465 0.440315 0.439683 0.439454 0.439504 0.439741 0.440064 0.440407 0.440729 0.440835 0.440488 0.439845 0.439289 0.438925 0.438815 0.439157 0.440268 0.442171 0.444762 0.446564 0.447000 0.445951 0.444468 0.442983 0.442657 0.443209 0.444916 0.446726 0.447988 0.448172 0.447533 0.446624 0.445972 0.445778 0.445916 0.446003 0.445568 0.444388 0.443005 0.441916 0.441366
-9999.0 -9999.0 -9999.0 -9999.0 -9999.0 -9999.0 -9999.0 -9999.0 -9999.0 -9999.0 -9999.0 0.446795 0.446545 0.446800 0.448344 0.450407 0.450039 0.447670 0.445177 0.444096 0.444129 0.444079 0.443760 0.442206 0.440713 0.439917 0.439702 0.439774 0.439920 0.440058 0.440245 0.440557 0.440893 0.440834 0.440243 0.439388 0.438571 0.438067 0.438057 0.438638 0.439858 0.441819 0.443590 0.444566 0.444335 0.443489 0.442440 0.441899 0.442174 0.443413 0.445065 0.446866 0.447969 0.448064 0.447556 0.446978 0.446646 0.446592 0.446636 0.446331 0.445290 0.443805 0.442529 0.441820
-9999.0 -9999.0 -9999.0 -9999.0 -9999.0 -9999.0 -9999.0 -9999.0 -9999.0 -9999.0 0.447917 0.447206 0.446995 0.448322 0.450457 0.451167 0.449616 0.447178 0.445166 0.444342 0.444590 0.445035 0.444199 0.442861 0.440993 0.440095 0.439949 0.440106 0.440253 0.440290 0.440349 0.440631 0.441116 0.441310 0.440846 0.439872 0.438783 0.437975 0.437675 0.437889 0.438662 0.439982 0.441323 0.442230 0.442508 0.442315 0.441792 0.441140 0.440887 0.441451 0.443051 0.444846 0.446614 0.447625 0.447766 0.447393 0.447046 0.446874 0.446896 0.446708 0.445938 0.444576 0.443265 0.442408
-9999.0 -9999.0 -9999.0 -9999.0 -9999.0 -9999.0 -9999.0 -9999.0 -9999.0 0.449751 0.448810 0.447817 0.447937 0.449807 0.450985 0.450621 0.449203 0.447457 0.445824 0.444933 0.445161 0.445781 0.444969 0.443235 0.441129 0.440187 0.440088 0.440335 0.440562 0.440563 0.440521 0.440764 0.441339 0.441745 0.441450 0.440492 0.439238 0.438157 0.437604 0.437590 0.438114 0.439061 0.440080 0.440863 0.441452 0.441671 0.441282 0.440430 0.439916 0.439990 0.440818 0.442604 0.444600 0.446386 0.447315 0.447329 0.447041 0.446781 0.446686 0.446473 0.445929 0.444983 0.443995 0.443240
-9999.0 -9999.0 -9999.0 -9999.0 -9999.0 -9999.0 -9999.0 -9999.0 0.448516 0.449810 0.449758 0.449346 0.449644 0.450174 0.450329 0.450000 0.449125 0.447780 0.446292 0.445405 0.445705 0.446334 0.445367 0.443401 0.441142 0.440123 0.440044 0.440391 0.440730 0.440809 0.440744 0.440904 0.441405 0.441943 0.441889 0.441050 0.439644 0.438274 0.437511 0.437380 0.437800 0.438602 0.439533 0.440345 0.441100 0.441402 0.441010 0.440206 0.439638 0.439332 0.439506 0.440450 0.442553 0.444785 0.446466 0.447025 0.446867 0.446557 0.446302 0.445928 0.445396 0.444921 0.444551 0.444244
-9999.0 -9999.0 -9999.0 -9999.0 -9999.0 -9999.0 -9999.0 0.444693 0.447137 0.449318 0.450991 0.451596 0.450922 0.449865 0.449578 0.449421 0.448781 0.447580 0.446363 0.445797 0.446205 0.446717 0.445673 0.443639 0.441095 0.439835 0.439741 0.440250 0.440749 0.440956 0.440928 0.441002 0.441347 0.441892 0.442117 0.441536 0.440077 0.438385 0.437371 0.437151 0.437519 0.438338 0.439362 0.440230 0.440850 0.441047 0.440850 0.440373 0.439907 0.439397 0.439045 0.439209 0.440434 0.442922 0.445136 0.446462 0.446715 0.446450 0.445963 0.445319 0.444697 0.444635 0.444891 0.445072
-9999.0 -9999.0 -9999.0 -9999.0 -9999.0 -9999.0 0.441144 0.443358 0.445893 0.448784 0.451991 0.452922 0.451696 0.450016 0.449369 0.449234 0.448726 0.447458 0.446131 0.445636 0.446177 0.446962 0.446407 0.443819 0.441298 0.439492 0.439165 0.439759 0.440490 0.440943 0.441078 0.441109 0.441237 0.441679 0.442220 0.442146 0.440836 0.438796 0.437398 0.437013 0.437290 0.438134 0.439270 0.440035 0.440318 0.440425 0.440586 0.440583 0.440373 0.439886 0.439194 0.438742 0.439172 0.440973 0.443363 0.445353 0.446277 0.446291 0.445699 0.444819 0.444208 0.444480 0.445101 0.445514
-9999.0 -9999.0 -9999.0 -9999.0 -9999.0 0.439084 0.440300 0.442260 0.444710 0.448367 0.452202 0.453602 0.452622 0.450753 0.449630 0.449400 0.448945 0.447579 0.445939 0.445330 0.445921 0.447052 0.447016 0.444856 0.441910 0.439387 0.438608 0.439042 0.439904 0.440617 0.441033 0.441182 0.441163 0.441395 0.442111 0.442704 0.441975 0.439806 0.437902 0.437177 0.437274 0.438076 0.439187 0.439693 0.439602 0.439596 0.439943 0.440352 0.440525 0.440288 0.439568 0.438877 0.438776 0.439756 0.441862 0.443903 0.445450 0.445994 0.445457 0.444421 0.443906 0.444280 0.444895 0.445319
-9999.0 -9999.0 -9999.0 -9999.0 -9999.0 0.439162 0.440180 0.441176 0.443566 0.447234 0.450689 0.452838 0.452936 0.451572 0.450146 0.449714 0.449343 0.448036 0.446086 0.445105 0.445534 0.446927 0.447558 0.445933 0.442966 0.439757 0.438376 0.438395 0.439139 0.440017 0.440769 0.441177 0.441107 0.441031 0.441669 0.442862 0.443168 0.441512 0.439295 0.438029 0.437752 0.438346 0.439198 0.439333 0.438971 0.438868 0.439218 0.439886 0.440363 0.440287 0.439684 0.439158 0.438955 0.439401 0.440604 0.442577 0.444318 0.445327 0.445046 0.443987 0.443431 0.443598 0.444058 0.444494
-9999.0 -9999.0 -9999.0 -9999.0 -9999.0 0.439610 0.440012 0.440315 0.442772 0.445944 0.448644 0.451243 0.452438 0.451810 0.450299 0.449444 0.448955 0.447883 0.446126 0.445149 0.445524 0.446886 0.447879 0.446915 0.444552 0.441046 0.438893 0.438230 0.438554 0.439358 0.440382 0.441186 0.441235 0.440784 0.440951 0.442256 0.443641 0.443306 0.441551 0.439866 0.439084 0.439284 0.439533 0.439174 0.438654 0.438491 0.438759 0.439491 0.440060 0.439944 0.439433 0.439172 0.439178 0.439381 0.439974 0.441197 0.443167 0.444239 0.444193 0.443295 0.442611 0.442479 0.442887 0.443706
-9999.0 -9999.0 -9999.0 -9999.0 -9999.0 0.438653 0.439175 0.440373 0.443217 0.445502 0.446837 0.449198 0.451386 0.451848 0.450642 0.449381 0.448480 0.447213 0.445469 0.444481 0.444953 0.446491 0.448080 0.448304 0.446293 0.443574 0.440628 0.439032 0.438687 0.439172 0.440261 0.441430 0.441733 0.440972 0.440373 0.441086 0.442825 0.443985 0.443538 0.442156 0.441165 0.440891 0.440343 0.439487 0.438819 0.438562 0.438722 0.439319 0.439734 0.439492 0.438994 0.438839 0.439030 0.439240 0.439534 0.440233 0.441642 0.442684 0.442833 0.442281 0.441638 0.441327 0.441769 0.443274
-9999.0 -9999.0 -9999.0 -9999.0 0.437031 0.437835 0.439763 0.441133 0.444482 0.446055 0.446430 0.448341 0.450903 0.452192 0.451542 0.450117 0.448713 0.446833 0.444582 0.443021 0.443174 0.444765 0.447008 0.448589 0.448483 0.446101 0.443647 0.441198 0.440037 0.440037 0.440891 0.442159 0.442700 0.441786 0.440313 0.439923 0.441028 0.442821 0.443814 0.443651 0.443255 0.442754 0.441579 0.440345 0.439470 0.439061 0.439037 0.439300 0.439428 0.439107 0.438624 0.438457 0.438681 0.438960 0.439188 0.439584 0.440414 0.441413 0.441439 0.441243 0.440985 0.440511 0.440331 0.441618
-9999.0 -9999.0 -9999.0 -9999.0 0.437976 0.438516 0.440105 0.442017 0.445818 0.447059 0.446939 0.448450 0.451160 0.453056 0.453026 0.451787 0.450295 0.447982 0.444793 0.441940 0.440885 0.441738 0.443961 0.446405 0.447906 0.447608 0.445552 0.443857 0.442277 0.441774 0.441698 0.442616 0.443787 0.443000 0.440946 0.439419 0.439453 0.440786 0.442471 0.443716 0.444340 0.444043 0.442815 0.441492 0.440489 0.439927 0.439597 0.439402 0.439205 0.438833 0.438374 0.438163 0.438341 0.438694 0.439007 0.439300 0.439743 0.440237 0.440611 0.440415 0.440879 0.441377 0.440742 -9999.0
