tests/3D/Muntatschini_ref_005/output-maps-SE27XX/thetaliqL0009N0008.asc
ncols         108
nrows         156
xllcorner     619971.250000
yllcorner     5169711.250000
cellsize      20.000000
NODATA_value  -9999.0
[rows 58 to 86 of 156, columns 0 to 63 of 108]
-9999.0 -9999.0 -9999.0 -9999.0 -9999.0 -9999.0 -9999.0 -9999.0 -9999.0 -9999.0 -9999.0 -9999.0 -9999.0 -9999.0 -9999.0 -9999.0 -9999.0 -9999.0 -9999.0 -9999.0 -9999.0 -9999.0 -9999.0 -9999.0 -9999.0 -9999.0 -9999.0 -9999.0 -9999.0 -9999.0 -9999.0 -9999.0 -9999.0 -9999.0 -9999.0 -9999.0 0.432997 0.432359 0.433380 0.432923 0.432612 0.432719 0.433447 0.434160 0.435815 0.437528 0.438805 0.439465 0.439465 0.439029 0.438281 0.437465 0.436608 0.435897 0.435485 0.435436 0.435716 0.436428 0.436923 0.437077 0.436665 0.435917 0.435154 0.434610
-9999.0 -9999.0 -9999.0 -9999.0 -9999.0 -9999.0 -9999.0 -9999.0 -9999.0 -9999.0 -9999.0 -9999.0 -9999.0 -9999.0 -9999.0 -9999.0 -9999.0 -9999.0 -9999.0 -9999.0 -9999.0 -9999.0 -9999.0 -9999.0 -9999.0 -9999.0 -9999.0 -9999.0 -9999.0 -9999.0 -9999.0 -9999.0 -9999.0 -9999.0 -9999.0 0.434816 0.434481 0.434505 0.433849 0.433177 0.432631 0.432521 0.433028 0.434346 0.435569 0.437205 0.438262 0.438662 0.438623 0.438418 0.437997 0.437505 0.436907 0.436301 0.435767 0.435426 0.435423 0.435893 0.436776 0.437263 0.437078 0.436362 0.435515 0.434821
-9999.0 -9999.0 -9999.0 -9999.0 -9999.0 -9999.0 -9999.0 -9999.0 -9999.0 -9999.0 -9999.0 -9999.0 -9999.0 -9999.0 -9999.0 -9999.0 -9999.0 -9999.0 -9999.0 -9999.0 -9999.0 -9999.0 -9999.0 -9999.0 -9999.0 -9999.0 -9999.0 -9999.0 -9999.0 -9999.0 -9999.0 -9999.0 0.433236 0.433797 0.436133 0.435813 0.435008 0.435324 0.434533 0.433632 0.432975 0.432728 0.432975 0.433904 0.435767 0.437123 0.438188 0.438474 0.438276 0.438017 0.437668 0.437347 0.436971 0.436547 0.436067 0.435596 0.435328 0.435540 0.436223 0.437130 0.437318 0.436891 0.436156 0.435436
-9999.0 -9999.0 -9999.0 -9999.0 -9999.0 -9999.0 -9999.0 -9999.0 -9999.0 -9999.0 -9999.0 -9999.0 -9999.0 -9999.0 -9999.0 -9999.0 -9999.0 -9999.0 -9999.0 -9999.0 -9999.0 -9999.0 -9999.0 -9999.0 -9999.0 -9999.0 -9999.0 -9999.0 -9999.0 -9999.0 0.435202 0.436096 0.435019 0.433621 0.434947 0.435804 0.436583 0.436047 0.435048 0.433928 0.433124 0.432762 0.432758 0.433380 0.434974 0.436563 0.437911 0.438503 0.438423 0.438073 0.437634 0.437264 0.436973 0.436655 0.436260 0.435733 0.435268 0.435178 0.435646 0.436361 0.437027 0.437038 0.436688 0.436167
-9999.0 -9999.0 -9999.0 -9999.0 -9999.0 -9999.0 -9999.0 -9999.0 -9999.0 -9999.0 -9999.0 -9999.0 -9999.0 -9999.0 -9999.0 -9999.0 -9999.0 -9999.0 -9999.0 -9999.0 -9999.0 -9999.0 -9999.0 -9999.0 -9999.0 -9999.0 -9999.0 -9999.0 -9999.0 0.433610 0.433504 0.435026 0.435767 0.435900 0.435438 0.436894 0.437163 0.436773 0.435535 0.434000 0.432871 0.432344 0.432221 0.432636 0.433822 0.435818 0.436979 0.438047 0.438468 0.438371 0.437982 0.437458 0.436984 0.436588 0.436267 0.435815 0.435300 0.434972 0.435128 0.435601 0.436110 0.436655 0.436790 0.436628
-9999.0 -9999.0 -9999.0 -9999.0 -9999.0 -9999.0 -9999.0 -9999.0 -9999.0 -9999.0 -9999.0 -9999.0 -9999.0 -9999.0 -9999.0 -9999.0 -9999.0 -9999.0 -9999.0 -9999.0 -9999.0 -9999.0 -9999.0 -9999.0 -9999.0 0.432951 0.432932 0.433613 0.434186 0.433667 0.434217 0.435196 0.435911 0.436234 0.436686 0.437206 0.437699 0.437423 0.436100 0.434181 0.432671 0.431915 0.431740 0.432036 0.432872 0.434366 0.435582 0.436946 0.437910 0.438326 0.438326 0.437858 0.437185 0.436545 0.436145 0.435779 0.435334 0.434946 0.434855 0.435030 0.435330 0.435746 0.436381 0.436603
-9999.0 -9999.0 -9999.0 -9999.0 -9999.0 -9999.0 -9999.0 -9999.0 -9999.0 -9999.0 -9999.0 -9999.0 -9999.0 -9999.0 -9999.0 -9999.0 -9999.0 -9999.0 -9999.0 -9999.0 -9999.0 -9999.0 -9999.0 0.437259 0.437084 0.434943 0.433709 0.433336 0.433615 0.433972 0.434527 0.435364 0.436006 0.436354 0.436795 0.437433 0.438120 0.438112 0.436979 0.434869 0.432968 0.431871 0.431556 0.431722 0.432288 0.433311 0.434863 0.435717 0.436944 0.437861 0.438386 0.438196 0.437447 0.436610 0.436120 0.435842 0.435479 0.435077 0.434801 0.434725 0.434771 0.435036 0.435704 0.436142
-9999.0 -9999.0 -9999.0 -9999.0 -9999.0 -9999.0 -9999.0 -9999.0 -9999.0 -9999.0 -9999.0 -9999.0 -9999.0 -9999.0 -9999.0 -9999.0 -9999.0 -9999.0 -9999.0 -9999.0 -9999.0 0.440096 0.440334 0.438519 0.437234 0.436427 0.435296 0.434769 0.434591 0.434569 0.434768 0.435205 0.435711 0.436138 0.436710 0.437491 0.438411 0.438751 0.438036 0.436071 0.433879 0.432316 0.431663 0.431627 0.432011 0.432791 0.434021 0.434814 0.436042 0.437206 0.438127 0.438307 0.437664 0.436828 0.436264 0.435985 0.435654 0.435266 0.434894 0.434609 0.434417 0.434444 0.434789 0.435468
-9999.0 -9999.0 -9999.0 -9999.0 -9999.0 -9999.0 -9999.0 -9999.0 -9999.0 -9999.0 -9999.0 -9999.0 -9999.0 -9999.0 -9999.0 -9999.0 -9999.0 -9999.0 -9999.0 -9999.0 0.440730 0.438921 0.439760 0.439698 0.439398 0.438142 0.436917 0.435969 0.435356 0.434900 0.434661 0.434714 0.435015 0.435526 0.436234 0.437168 0.438248 0.439015 0.438999 0.437630 0.435376 0.433241 0.431984 0.431592 0.431814 0.432516 0.433625 0.435049 0.435797 0.436982 0.437900 0.438102 0.437641 0.437079 0.436650 0.436343 0.435948 0.435484 0.435036 0.434588 0.434214 0.434018 0.434183 0.434611
-9999.0 -9999.0 -9999.0 -9999.0 -9999.0 -9999.0 -9999.0 -9999.0 -9999.0 -9999.0 -9999.0 -9999.0 -9999.0 -9999.0 -9999.0 -9999.0 -9999.0 -9999.0 0.441496 0.442353 0.441855 0.440476 0.440113 0.440143 0.439789 0.439890 0.438628 0.437152 0.435974 0.435146 0.434567 0.434277 0.434338 0.434847 0.435670 0.436654 0.437750 0.438795 0.439484 0.439050 0.437226 0.434704 0.432644 0.431670 0.431629 0.432276 0.433478 0.435024 0.436018 0.437208 0.437923 0.438014 0.437677 0.437287 0.436975 0.436733 0.436428 0.436002 0.435502 0.434860 0.434239 0.433797 0.433781 0.434124
-9999.0 -9999.0 -9999.0 -9999.0 -9999.0 -9999.0 -9999.0 -9999.0 -9999.0 -9999.0 -9999.0 -9999.0 -9999.0 -9999.0 -9999.0 -9999.0 0.437612 0.439427 0.439394 0.440260 0.440777 0.439845 0.438922 0.438689 0.439212 0.439396 0.438873 0.437577 0.436175 0.435814 0.435004 0.434384 0.434175 0.434568 0.435384 0.436279 0.437239 0.438336 0.439514 0.440029 0.439070 0.436621 0.433893 0.432175 0.431713 0.432158 0.433363 0.435135 0.436540 0.437704 0.438144 0.438021 0.437702 0.437375 0.437127 0.437044 0.437041 0.436854 0.436378 0.435563 0.434663 0.433931 0.433664 0.433853
-9999.0 -9999.0 -9999.0 -9999.0 -9999.0 -9999.0 -9999.0 -9999.0 -9999.0 -9999.0 -9999.0 -9999.0 -9999.0 -9999.0 -9999.0 0.434547 0.434701 0.437874 0.439567 0.439866 0.439617 0.438486 0.437012 0.436203 0.436617 0.437628 0.438173 0.437844 0.436967 0.436667 0.435818 0.434959 0.434471 0.434658 0.435398 0.436223 0.437068 0.438019 0.439337 0.440517 0.440654 0.438923 0.436069 0.433601 0.432499 0.432516 0.433447 0.435169 0.437532 0.438356 0.438599 0.438321 0.437891 0.437456 0.437126 0.437217 0.437588 0.437772 0.437446 0.436531 0.435366 0.434319 0.433769 0.433776
-9999.0 -9999.0 -9999.0 -9999.0 -9999.0 -9999.0 -9999.0 -9999.0 -9999.0 -9999.0 -9999.0 -9999.0 -9999.0 -9999.0 -9999.0 0.436997 0.436407 0.438392 0.439206 0.439206 0.438601 0.437194 0.436167 0.434856 0.434600 0.435417 0.436154 0.436648 0.437252 0.436974 0.436416 0.435566 0.434861 0.434730 0.435260 0.436026 0.436878 0.437784 0.439137 0.440705 0.441896 0.441373 0.439097 0.436192 0.434272 0.433606 0.433980 0.435464 0.437903 0.439078 0.439253 0.438793 0.438184 0.437680 0.437304 0.437386 0.437854 0.438283 0.438208 0.437360 0.436073 0.434810 0.434006 0.433802
-9999.0 -9999.0 -9999.0 -9999.0 -9999.0 -9999.0 -9999.0 -9999.0 -9999.0 -9999.0 -9999.0 -9999.0 -9999.0 -9999.0 -9999.0 0.441176 0.439101 0.440286 0.440086 0.438666 0.437187 0.436655 0.435337 0.434089 0.433457 0.433667 0.434543 0.435483 0.436019 0.436343 0.436256 0.435717 0.434979 0.434550 0.434743 0.435383 0.436244 0.437152 0.438485 0.440417 0.442587 0.443432 0.442152 0.439381 0.436829 0.435368 0.435015 0.436030 0.438385 0.439900 0.440258 0.439687 0.438758 0.438060 0.437618 0.437571 0.437927 0.438367 0.438472 0.437781 0.436523 0.435191 0.434250 0.433896
-9999.0 -9999.0 -9999.0 -9999.0 -9999.0 -9999.0 -9999.0 -9999.0 -9999.0 -9999.0 -9999.0 -9999.0 -9999.0 -9999.0 0.437728 0.439420 0.441374 0.442305 0.440592 0.438091 0.436279 0.436260 0.435296 0.434145 0.433297 0.433056 0.433374 0.434040 0.434696 0.435234 0.435516 0.435409 0.434881 0.434266 0.434039 0.434350 0.435033 0.435832 0.437031 0.439111 0.441827 0.443877 0.443810 0.441797 0.439143 0.437150 0.436107 0.436596 0.437871 0.440236 0.441120 0.440772 0.439744 0.438822 0.438159 0.437874 0.438065 0.438462 0.438625 0.438019 0.436789 0.435499 0.434525 0.434076
-9999.0 -9999.0 -9999.0 -9999.0 -9999.0 -9999.0 -9999.0 -9999.0 -9999.0 -9999.0 -9999.0 -9999.0 -9999.0 0.437682 0.437716 0.440096 0.442986 0.443035 0.440410 0.437695 0.436565 0.435725 0.435737 0.434577 0.433626 0.433143 0.433078 0.433342 0.433785 0.434272 0.434683 0.434892 0.434703 0.434131 0.433584 0.433435 0.433619 0.434010 0.434836 0.436622 0.439239 0.442021 0.443188 0.442438 0.440356 0.438337 0.436874 0.436122 0.437608 0.439794 0.441282 0.441637 0.440961 0.439960 0.439052 0.438562 0.438586 0.438867 0.438976 0.438424 0.437199 0.435893 0.434895 0.434410
-9999.0 -9999.0 -9999.0 -9999.0 -9999.0 -9999.0 -9999.0 -9999.0 -9999.0 -9999.0 -9999.0 -9999.0 0.439940 0.438902 0.439799 0.442250 0.443840 0.442351 0.439351 0.437609 0.437166 0.436740 0.436645 0.435241 0.434051 0.433398 0.433163 0.433215 0.433461 0.433797 0.434153 0.434486 0.434596 0.434236 0.433571 0.432996 0.432620 0.432508 0.432864 0.434019 0.435997 0.438688 0.440560 0.441009 0.439918 0.438378 0.436840 0.436519 0.436824 0.438589 0.440454 0.441761 0.441944 0.441276 0.440325 0.439650 0.439447 0.439585 0.439665 0.439195 0.437953 0.436510 0.435381 0.434812
-9999.0 -9999.0 -9999.0 -9999.0 -9999.0 -9999.0 -9999.0 -9999.0 -9999.0 -9999.0 -9999.0 0.440585 0.440374 0.440663 0.442291 0.444417 0.444009 0.441516 0.438770 0.437648 0.437692 0.437607 0.437621 0.436008 0.434461 0.433638 0.433417 0.433493 0.433646 0.433790 0.433985 0.434307 0.434656 0.434593 0.433982 0.433096 0.432252 0.431732 0.431725 0.432331 0.433599 0.435634 0.437472 0.438483 0.438243 0.437365 0.436277 0.435716 0.436009 0.437306 0.438758 0.440615 0.441758 0.441851 0.441312 0.440707 0.440356 0.440293 0.440330 0.439996 0.438894 0.437339 0.436013 0.435282
-9999.0 -9999.0 -9999.0 -9999.0 -9999.0 -9999.0 -9999.0 -9999.0 -9999.0 -9999.0 0.441755 0.441061 0.440875 0.442270 0.444486 0.445188 0.443550 0.440860 0.438768 0.437923 0.438194 0.438651 0.437705 0.436687 0.434751 0.433822 0.433672 0.433836 0.433990 0.434028 0.434091 0.434383 0.434885 0.435085 0.434604 0.433596 0.432470 0.431635 0.431328 0.431553 0.432357 0.433728 0.435119 0.436059 0.436347 0.436147 0.435604 0.434927 0.434666 0.435252 0.436931 0.438544 0.440366 0.441408 0.441545 0.441150 0.440781 0.440597 0.440612 0.440399 0.439573 0.438139 0.436776 0.435890
-9999.0 -9999.0 -9999.0 -9999.0 -9999.0 -9999.0 -9999.0 -9999.0 -9999.0 0.443668 0.442731 0.441723 0.441869 0.443811 0.445013 0.444608 0.443124 0.441169 0.439476 0.438561 0.438811 0.439442 0.438525 0.437074 0.434891 0.433917 0.433816 0.434073 0.434309 0.434311 0.434267 0.434520 0.435115 0.435535 0.435229 0.434237 0.432939 0.431823 0.431254 0.431243 0.431789 0.432771 0.433828 0.434640 0.435251 0.435477 0.435072 0.434189 0.433658 0.433738 0.434598 0.436471 0.438295 0.440129 0.441088 0.441093 0.440784 0.440506 0.440397 0.440157 0.439567 0.438564 0.437533 0.436754
-9999.0 -9999.0 -9999.0 -9999.0 -9999.0 -9999.0 -9999.0 -9999.0 0.442388 0.443785 0.443751 0.443334 0.443640 0.444175 0.444323 0.443975 0.442935 0.441531 0.439984 0.439068 0.439383 0.440021 0.438938 0.437245 0.434904 0.433850 0.433770 0.434131 0.434482 0.434564 0.434498 0.434664 0.435184 0.435740 0.435684 0.434813 0.433359 0.431943 0.431156 0.431024 0.431462 0.432294 0.433260 0.434102 0.434884 0.435195 0.434787 0.433954 0.433367 0.433053 0.433236 0.434218 0.436419 0.438491 0.440209 0.440778 0.440603 0.440272 0.439995 0.439585 0.439012 0.438502 0.438116 0.437807
-9999.0 -9999.0 -9999.0 -9999.0 -9999.0 -9999.0 -9999.0 0.438412 0.441007 0.443310 0.445059 0.445676 0.444952 0.443844 0.443552 0.443383 0.442598 0.441342 0.440073 0.439485 0.439904 0.440418 0.439258 0.437492 0.434854 0.433553 0.433457 0.433985 0.434502 0.434717 0.434689 0.434766 0.435123 0.435687 0.435920 0.435317 0.433807 0.432057 0.431011 0.430786 0.431169 0.432020 0.433081 0.433980 0.434621 0.434823 0.434618 0.434124 0.433643 0.433117 0.432756 0.432929 0.434202 0.436804 0.438840 0.440194 0.440446 0.440157 0.439631 0.438939 0.438278 0.438207 0.438484 0.438683
-9999.0 -9999.0 -9999.0 -9999.0 -9999.0 -9999.0 0.434722 0.437069 0.439738 0.442777 0.446111 0.447058 0.445764 0.444018 0.443347 0.443200 0.442665 0.441214 0.439828 0.439316 0.439875 0.440677 0.440066 0.437297 0.435065 0.433197 0.432861 0.433477 0.434234 0.434703 0.434844 0.434876 0.435009 0.435467 0.436028 0.435949 0.434592 0.432481 0.431038 0.430642 0.430932 0.431807 0.432984 0.433775 0.434067 0.434176 0.434343 0.434341 0.434124 0.433621 0.432907 0.432442 0.432891 0.434770 0.437000 0.439042 0.439986 0.439982 0.439341 0.438406 0.437761 0.438055 0.438719 0.439158
-9999.0 -9999.0 -9999.0 -9999.0 -9999.0 0.432771 0.433887 0.435952 0.438533 0.442352 0.446336 0.447779 0.446750 0.444793 0.443620 0.443376 0.442889 0.441334 0.439623 0.438995 0.439612 0.440783 0.440716 0.438401 0.435699 0.433087 0.432283 0.432735 0.433628 0.434366 0.434797 0.434952 0.434933 0.435173 0.435914 0.436528 0.435770 0.433525 0.431556 0.430810 0.430914 0.431746 0.432896 0.433419 0.433325 0.433318 0.433677 0.434102 0.434280 0.434035 0.433291 0.432578 0.432477 0.433496 0.435695 0.437541 0.439119 0.439663 0.439079 0.437984 0.437453 0.437864 0.438522 0.438964
-9999.0 -9999.0 -9999.0 -9999.0 -9999.0 0.432665 0.433779 0.434850 0.437354 0.441168 0.444770 0.447011 0.447098 0.445661 0.444167 0.443712 0.443307 0.441806 0.439772 0.438757 0.439211 0.440663 0.441291 0.439520 0.436793 0.433468 0.432042 0.432065 0.432836 0.433745 0.434524 0.434946 0.434874 0.434795 0.435456 0.436692 0.437007 0.435289 0.432995 0.431690 0.431406 0.432023 0.432905 0.433045 0.432670 0.432564 0.432927 0.433620 0.434113 0.434033 0.433408 0.432865 0.432657 0.433122 0.434369 0.436431 0.437953 0.438964 0.438645 0.437532 0.436968 0.437170 0.437659 0.438100
-9999.0 -9999.0 -9999.0 -9999.0 -9999.0 0.433163 0.433620 0.433967 0.436530 0.439829 0.442648 0.445351 0.446581 0.445913 0.444327 0.443427 0.442907 0.441775 0.439815 0.438800 0.439198 0.440612 0.441619 0.440537 0.438436 0.434800 0.432575 0.431893 0.432230 0.433062 0.434122 0.434955 0.435005 0.434539 0.434712 0.436064 0.437498 0.437148 0.435331 0.433590 0.432783 0.432992 0.433250 0.432878 0.432340 0.432174 0.432452 0.433211 0.433798 0.433676 0.433146 0.432877 0.432885 0.433098 0.433711 0.434979 0.437039 0.437839 0.437758 0.436816 0.436119 0.436010 0.436431 0.437272
-9999.0 -9999.0 -9999.0 -9999.0 -9999.0 0.432181 0.432766 0.434024 0.436984 0.439354 0.440747 0.443211 0.445487 0.445957 0.444684 0.443366 0.442415 0.441079 0.439133 0.438108 0.438601 0.440198 0.441833 0.442027 0.439842 0.437420 0.434369 0.432720 0.432365 0.432868 0.433996 0.435207 0.435520 0.434732 0.434113 0.434852 0.436654 0.437855 0.437394 0.435963 0.434938 0.434654 0.434086 0.433200 0.432511 0.432247 0.432413 0.433032 0.433459 0.433207 0.432690 0.432531 0.432730 0.432947 0.433252 0.433977 0.435444 0.436227 0.436347 0.435764 0.435112 0.434784 0.435246 0.436811
-9999.0 -9999.0 -9999.0 -9999.0 0.430461 0.431333 0.433374 0.434814 0.438290 0.439908 0.440302 0.442306 0.444976 0.446310 0.445615 0.444123 0.442648 0.440683 0.438334 0.436585 0.436749 0.438405 0.440733 0.442357 0.442211 0.439649 0.437496 0.434960 0.433761 0.433762 0.434648 0.435961 0.436522 0.435575 0.434050 0.433648 0.434793 0.436654 0.437687 0.437519 0.437106 0.436584 0.435365 0.434088 0.433183 0.432762 0.432739 0.433011 0.433142 0.432807 0.432305 0.432133 0.432366 0.432655 0.432891 0.433302 0.434161 0.435207 0.434908 0.434689 0.434407 0.433923 0.433746 0.435031
-9999.0 -9999.0 -9999.0 -9999.0 0.431444 0.432035 0.433744 0.435745 0.439671 0.440944 0.440829 0.442418 0.445247 0.447217 0.447168 0.445861 0.444289 0.441866 0.438540 0.435446 0.434358 0.435258 0.437576 0.440114 0.441654 0.441312 0.439094 0.437718 0.436082 0.435567 0.435146 0.436071 0.437649 0.436832 0.434704 0.433126 0.433163 0.434548 0.436298 0.437591 0.438236 0.437922 0.436647 0.435276 0.434240 0.433659 0.433318 0.433114 0.432909 0.432521 0.432045 0.431827 0.432012 0.432377 0.432701 0.433004 0.433463 0.433972 0.434362 0.433814 0.434293 0.434807 0.434072 -9999.0
