tests/3D/Muntatschini_ref_005/output-maps-SE27XX/thetaliqL0012N0001.asc
ncols         108
nrows         156
xllcorner     619971.250000
yllcorner     5169711.250000
cellsize      20.000000
NODATA_value  -9999.0
[rows 87 to 115 of 156, columns 0 to 63 of 108]
-9999.0 -9999.0 -9999.0 -9999.0 0.462678 0.462825 0.463281 0.464910 0.468264 0.469310 0.469020 0.469922 0.472175 0.474229 0.474795 0.474047 0.473063 0.471509 0.468725 0.465336 0.463120 0.462656 0.463601 0.465248 0.466809 0.467558 0.467275 0.466311 0.465345 0.464813 0.464860 0.465603 0.466375 0.466212 0.464609 0.462725 0.461974 0.462409 0.463740 0.465408 0.466510 0.466508 0.465766 0.464941 0.464322 0.463735 0.463062 0.462493 0.462141 0.461823 0.461453 0.461220 0.461298 0.461612 0.461979 0.462260 0.462482 0.462668 0.462800 0.462944 0.463156 -9999.0 -9999.0 -9999.0
-9999.0 -9999.0 -9999.0 -9999.0 0.463684 0.463578 0.463615 0.464933 0.468212 0.469216 0.468660 0.469128 0.471335 0.474014 0.475408 0.475094 0.474398 0.473538 0.471529 0.467888 0.464359 0.462593 0.462535 0.463383 0.464339 0.464778 0.464582 0.464068 0.463600 0.463453 0.463785 0.464696 0.465795 0.466206 0.465268 0.463423 0.462196 0.462075 0.463015 0.464713 0.466040 0.466215 0.465820 0.465498 0.465279 0.464614 0.463543 0.462644 0.462164 0.461852 0.461474 0.461144 0.461095 0.461358 0.461810 0.462218 0.462449 0.462543 0.462571 0.462680 -9999.0 -9999.0 -9999.0 -9999.0
-9999.0 -9999.0 -9999.0 -9999.0 0.464514 0.464080 0.463914 0.465013 0.468358 0.469299 0.468289 0.468006 0.469709 0.472705 0.475034 0.475574 0.475367 0.475148 0.474299 0.471612 0.467713 0.464663 0.463519 0.463661 0.464049 0.463876 0.463080 0.462197 0.461762 0.461882 0.462485 0.463404 0.464498 0.465224 0.465084 0.463814 0.462588 0.462223 0.462839 0.464338 0.465648 0.465806 0.465582 0.465702 0.465950 0.465452 0.464162 0.462958 0.462320 0.462014 0.461649 0.461217 0.460984 0.461106 0.461528 0.462039 0.462374 0.462498 0.462525 -9999.0 -9999.0 -9999.0 -9999.0 -9999.0
-9999.0 -9999.0 -9999.0 -9999.0 0.464663 0.463969 0.464103 0.465193 0.468671 0.469591 0.468308 0.467320 0.468111 0.470587 0.473385 0.475035 0.475732 0.476069 0.476068 0.474766 0.471739 0.468307 0.466218 0.465826 0.466049 0.465544 0.463973 0.462236 0.461331 0.461335 0.461941 0.462754 0.463600 0.464345 0.464412 0.463639 0.462699 0.462419 0.463033 0.464585 0.465874 0.465763 0.465328 0.465631 0.466347 0.466372 0.465138 0.463625 0.462668 0.462277 0.461935 0.461457 0.461060 0.461020 0.461342 0.461830 0.462250 0.462418 -9999.0 -9999.0 -9999.0 -9999.0 -9999.0 -9999.0
-9999.0 -9999.0 -9999.0 -9999.0 0.464035 0.463368 0.462872 0.465621 0.469134 0.469895 0.468420 0.466990 0.466943 0.468484 0.470938 0.473109 0.474567 0.475494 0.476128 0.476054 0.474442 0.471711 0.469370 0.468692 0.469227 0.469364 0.467835 0.465156 0.463115 0.462431 0.462695 0.463363 0.464020 0.464596 0.464563 0.463731 0.462969 0.462861 0.463689 0.465414 0.466504 0.466084 0.465518 0.465920 0.466901 0.467444 0.466529 0.464811 0.463424 0.462759 0.462379 0.461897 0.461392 0.461178 0.461412 0.461980 0.462012 -9999.0 -9999.0 -9999.0 -9999.0 -9999.0 -9999.0 -9999.0
-9999.0 -9999.0 -9999.0 -9999.0 0.463235 0.462921 0.463048 0.466196 0.469396 0.470041 0.468749 0.467279 0.466652 0.467272 0.468934 0.470769 0.472183 0.473101 0.473909 0.474659 0.474520 0.473118 0.471273 0.470513 0.471306 0.472552 0.472474 0.470472 0.467701 0.465818 0.465187 0.465479 0.465985 0.466383 0.466037 0.464931 0.463955 0.463840 0.464798 0.466604 0.467492 0.467022 0.466576 0.466873 0.467775 0.468497 0.468042 0.466540 0.464828 0.463703 0.463083 0.462569 0.462024 0.461621 0.461599 0.462420 -9999.0 -9999.0 -9999.0 -9999.0 -9999.0 -9999.0 -9999.0 -9999.0
-9999.0 -9999.0 -9999.0 -9999.0 0.462253 0.462286 0.463575 0.466908 0.469714 0.470269 0.469282 0.467903 0.466907 0.466993 0.468242 0.469790 0.470750 0.470900 0.470846 0.471221 0.471683 0.471522 0.470619 0.469916 0.470447 0.472119 0.473611 0.473527 0.471693 0.469386 0.467830 0.467426 0.467764 0.468316 0.468153 0.467054 0.465865 0.465508 0.466243 0.467822 0.468488 0.468221 0.467904 0.468065 0.468722 0.469337 0.469308 0.468255 0.466759 0.465318 0.464316 0.463605 0.462979 0.462362 0.461812 0.462152 -9999.0 -9999.0 -9999.0 -9999.0 -9999.0 -9999.0 -9999.0 -9999.0
-9999.0 -9999.0 -9999.0 -9999.0 0.461654 0.462075 0.463709 0.467250 0.469832 0.470572 0.470045 0.468813 0.467438 0.467043 0.468201 0.470162 0.471438 0.471172 0.469910 0.468825 0.468371 0.468268 0.467975 0.467475 0.467430 0.468388 0.470161 0.471678 0.471851 0.470652 0.469030 0.467989 0.467957 0.468691 0.469119 0.468667 0.467759 0.467385 0.467923 0.469112 0.469430 0.469078 0.468815 0.468910 0.469221 0.469563 0.469650 0.469276 0.468342 0.467188 0.466008 0.465081 0.464340 0.463562 0.462430 0.461728 -9999.0 -9999.0 -9999.0 -9999.0 -9999.0 -9999.0 -9999.0 -9999.0
-9999.0 -9999.0 -9999.0 -9999.0 -9999.0 0.462617 0.463464 0.466915 0.469389 0.470325 0.470218 0.469307 0.467843 0.467047 0.467969 0.470482 0.472985 0.473723 0.472310 0.469853 0.467652 0.466410 0.465872 0.465527 0.465182 0.465185 0.465992 0.467493 0.468962 0.469425 0.468789 0.467692 0.467150 0.467579 0.468307 0.468646 0.468510 0.468605 0.469359 0.470358 0.470433 0.469822 0.469365 0.469367 0.469544 0.469533 0.469323 0.469151 0.468914 0.468354 0.467543 0.466638 0.465843 0.465261 0.464161 0.461978 -9999.0 -9999.0 -9999.0 -9999.0 -9999.0 -9999.0 -9999.0 -9999.0
-9999.0 -9999.0 -9999.0 -9999.0 -9999.0 0.462295 0.463110 0.466096 0.468514 0.469620 0.469703 0.469075 0.467805 0.466788 0.467119 0.469494 0.473102 0.475899 0.476285 0.474227 0.470885 0.467980 0.466361 0.465723 0.465324 0.464801 0.464609 0.465101 0.466396 0.467726 0.468304 0.467863 0.467045 0.466725 0.466872 0.467279 0.467745 0.468530 0.469849 0.471014 0.471138 0.470405 0.469712 0.469474 0.469489 0.469454 0.469103 0.468710 0.468520 0.468469 0.468146 0.467721 0.467133 0.466291 0.466715 -9999.0 -9999.0 -9999.0 -9999.0 -9999.0 -9999.0 -9999.0 -9999.0 -9999.0
-9999.0 -9999.0 -9999.0 -9999.0 -9999.0 0.461459 0.462508 0.465313 0.467659 0.468861 0.468910 0.468296 0.467271 0.466275 0.465994 0.467440 0.470944 0.475238 0.478072 0.478155 0.475727 0.472274 0.469553 0.468242 0.467860 0.467351 0.466582 0.465967 0.466238 0.467330 0.468519 0.468989 0.468428 0.467457 0.466549 0.466156 0.466413 0.467268 0.468740 0.470091 0.470606 0.470373 0.469941 0.469496 0.469162 0.469140 0.468974 0.468537 0.468108 0.468047 0.468104 0.467972 0.468028 0.467355 0.467191 -9999.0 -9999.0 -9999.0 -9999.0 -9999.0 -9999.0 -9999.0 -9999.0 -9999.0
-9999.0 -9999.0 -9999.0 -9999.0 -9999.0 0.461282 0.462218 0.464803 0.467184 0.468490 0.468414 0.467528 0.466515 0.465665 0.465082 0.465485 0.467765 0.471954 0.476380 0.478861 0.478568 0.476118 0.473181 0.471175 0.470491 0.470191 0.469574 0.468643 0.468068 0.468462 0.469465 0.470514 0.470705 0.469846 0.468286 0.466857 0.466167 0.466126 0.466968 0.468121 0.468952 0.469502 0.469705 0.469252 0.468539 0.468440 0.468697 0.468627 0.468167 0.467934 0.468121 0.468300 0.467891 0.469014 -9999.0 -9999.0 -9999.0 -9999.0 -9999.0 -9999.0 -9999.0 -9999.0 -9999.0 -9999.0
-9999.0 -9999.0 -9999.0 -9999.0 -9999.0 0.461309 0.462154 0.464490 0.466897 0.468446 0.468445 0.467343 0.466108 0.465232 0.464573 0.464293 0.465268 0.468209 0.472664 0.476587 0.478319 0.477595 0.475405 0.473068 0.471535 0.470818 0.470334 0.469830 0.469268 0.469322 0.469928 0.471020 0.471982 0.472152 0.471293 0.469603 0.467828 0.466536 0.466487 0.466902 0.467360 0.468211 0.469191 0.469208 0.468292 0.467695 0.467939 0.468411 0.468409 0.468262 0.468425 0.469138 0.468817 0.468933 -9999.0 -9999.0 -9999.0 -9999.0 -9999.0 -9999.0 -9999.0 -9999.0 -9999.0 -9999.0
-9999.0 -9999.0 -9999.0 -9999.0 -9999.0 0.461534 0.462049 0.464235 0.466732 0.468470 0.468653 0.467429 0.466138 0.465269 0.464567 0.463830 0.463824 0.465396 0.469001 0.473348 0.476465 0.477308 0.476318 0.474304 0.472066 0.470332 0.469216 0.468717 0.468458 0.468497 0.468869 0.469736 0.471131 0.472548 0.473248 0.472479 0.470605 0.468944 0.468272 0.467559 0.466963 0.467269 0.468487 0.469184 0.468631 0.467702 0.467454 0.467935 0.468352 0.468558 0.468733 0.469504 0.472011 -9999.0 -9999.0 -9999.0 -9999.0 -9999.0 -9999.0 -9999.0 -9999.0 -9999.0 -9999.0 -9999.0
-9999.0 -9999.0 -9999.0 -9999.0 -9999.0 0.461652 0.461979 0.463836 0.466413 0.468417 0.468817 0.467803 0.466426 0.465542 0.464789 0.463896 0.463254 0.463706 0.466024 0.469847 0.473680 0.475853 0.476257 0.475326 0.473447 0.471092 0.468845 0.467374 0.466775 0.466628 0.466803 0.467347 0.468614 0.470594 0.472394 0.473047 0.472598 0.472011 0.471353 0.469870 0.468262 0.467522 0.468304 0.469353 0.469297 0.468150 0.467205 0.467279 0.467858 0.468337 0.468516 0.468664 0.470576 -9999.0 -9999.0 -9999.0 -9999.0 -9999.0 -9999.0 -9999.0 -9999.0 -9999.0 -9999.0 -9999.0
-9999.0 -9999.0 -9999.0 -9999.0 0.460630 0.460843 0.461655 0.463285 0.465850 0.468133 0.468883 0.468155 0.466816 0.465866 0.465131 0.464182 0.463187 0.462836 0.463881 0.466533 0.470101 0.472965 0.474544 0.475027 0.474520 0.472811 0.470196 0.467666 0.466137 0.465402 0.465182 0.465319 0.466089 0.467666 0.469451 0.471140 0.472549 0.473542 0.473867 0.472822 0.470885 0.469089 0.468899 0.469737 0.470015 0.468837 0.467167 0.466459 0.466833 0.467494 0.467866 0.467885 0.467956 -9999.0 -9999.0 -9999.0 -9999.0 -9999.0 -9999.0 -9999.0 -9999.0 -9999.0 -9999.0 -9999.0
-9999.0 -9999.0 -9999.0 -9999.0 0.460660 0.460710 0.461328 0.462701 0.465019 0.467567 0.468854 0.468525 0.467262 0.466182 0.465526 0.464834 0.463664 0.462617 0.462534 0.463813 0.466375 0.469240 0.471480 0.473057 0.473960 0.473632 0.471696 0.468872 0.466534 0.465161 0.464468 0.464191 0.464412 0.465096 0.466246 0.468182 0.470627 0.472715 0.474135 0.474235 0.473024 0.471147 0.470143 0.470341 0.470582 0.469476 0.467289 0.465675 0.465451 0.465986 0.466636 0.466782 0.466862 -9999.0 -9999.0 -9999.0 -9999.0 -9999.0 -9999.0 -9999.0 -9999.0 -9999.0 -9999.0 -9999.0
-9999.0 -9999.0 -9999.0 0.460429 0.460461 0.460754 0.461179 0.462206 0.464128 0.466659 0.468680 0.469018 0.467942 0.466750 0.466104 0.465465 0.464305 0.462802 0.461918 0.462129 0.463542 0.465794 0.468161 0.470305 0.472040 0.472930 0.472190 0.469985 0.467422 0.465549 0.464429 0.463840 0.463633 0.463541 0.464069 0.465547 0.467858 0.470216 0.472229 0.473347 0.473259 0.472167 0.470993 0.470752 0.471005 0.470248 0.467932 0.465450 0.464294 0.464347 0.464915 0.464871 0.464642 -9999.0 -9999.0 -9999.0 -9999.0 -9999.0 -9999.0 -9999.0 -9999.0 -9999.0 -9999.0 -9999.0
-9999.0 -9999.0 -9999.0 0.460446 0.460416 0.460644 0.461006 0.461774 0.463273 0.465547 0.467923 0.469114 0.468748 0.467678 0.466744 0.465862 0.464634 0.462934 0.461639 0.461234 0.461757 0.463191 0.465193 0.467502 0.469726 0.471451 0.471788 0.470544 0.468362 0.466327 0.465008 0.464276 0.463772 0.463194 0.463182 0.463941 0.465523 0.467515 0.469414 0.470883 0.471600 0.471420 0.470671 0.470433 0.470815 0.470754 0.469117 0.466359 0.464205 0.463435 0.463354 0.463096 0.463388 -9999.0 -9999.0 -9999.0 -9999.0 -9999.0 -9999.0 -9999.0 -9999.0 -9999.0 -9999.0 -9999.0
-9999.0 -9999.0 0.460145 0.460360 0.460516 0.460574 0.460801 0.461358 0.462469 0.464324 0.466608 0.468356 0.468876 0.468313 0.467371 0.466324 0.464922 0.463126 0.461618 0.460867 0.460819 0.461413 0.462726 0.464707 0.467075 0.469445 0.470882 0.470798 0.469320 0.467366 0.465976 0.465243 0.464680 0.464036 0.463614 0.463696 0.464484 0.465863 0.467292 0.468614 0.469565 0.469871 0.469516 0.469226 0.469551 0.470196 0.469920 0.468007 0.465463 0.463952 0.463316 0.462654 -9999.0 -9999.0 -9999.0 -9999.0 -9999.0 -9999.0 -9999.0 -9999.0 -9999.0 -9999.0 -9999.0 -9999.0
-9999.0 -9999.0 0.460307 0.460394 0.460512 0.460544 0.460665 0.461032 0.461788 0.463104 0.464877 0.466668 0.467959 0.468408 0.468353 0.467598 0.465909 0.463647 0.461799 0.460817 0.460457 0.460543 0.461101 0.462394 0.464359 0.466806 0.468975 0.470063 0.469699 0.468327 0.467031 0.466304 0.465881 0.465541 0.465022 0.464651 0.464792 0.465522 0.466527 0.467676 0.468685 0.469156 0.468800 0.468010 0.467715 0.468392 0.469282 0.468996 0.467183 0.465256 0.465219 -9999.0 -9999.0 -9999.0 -9999.0 -9999.0 -9999.0 -9999.0 -9999.0 -9999.0 -9999.0 -9999.0 -9999.0 -9999.0
-9999.0 -9999.0 0.460666 0.460491 0.460468 0.460485 0.460566 0.460798 0.461307 0.462209 0.463495 0.464935 0.466523 0.468070 0.469347 0.469369 0.467626 0.464888 0.462531 0.461225 0.460603 0.460379 0.460477 0.461031 0.462186 0.463990 0.466094 0.467825 0.468472 0.467927 0.466957 0.466339 0.466245 0.466447 0.466299 0.465914 0.465794 0.466170 0.466962 0.468082 0.469269 0.469863 0.469188 0.467614 0.466419 0.466394 0.467352 0.468176 0.467752 0.465680 0.465013 -9999.0 -9999.0 -9999.0 -9999.0 -9999.0 -9999.0 -9999.0 -9999.0 -9999.0 -9999.0 -9999.0 -9999.0 -9999.0
-9999.0 -9999.0 0.460574 0.460411 0.460374 0.460382 0.460457 0.460614 0.460967 0.461619 0.462665 0.463947 0.465554 0.467471 0.469575 0.470778 0.469993 0.467451 0.464617 0.462768 0.461685 0.460978 0.460613 0.460646 0.461072 0.461916 0.463222 0.464695 0.465791 0.466006 0.465570 0.465174 0.465332 0.465846 0.466117 0.465995 0.466004 0.466462 0.467369 0.468742 0.470447 0.471565 0.471024 0.468992 0.466908 0.465765 0.465717 0.466269 0.466791 0.466109 0.464279 -9999.0 -9999.0 -9999.0 -9999.0 -9999.0 -9999.0 -9999.0 -9999.0 -9999.0 -9999.0 -9999.0 -9999.0 -9999.0
-9999.0 0.459889 0.460165 0.460283 0.460274 0.460280 0.460344 0.460449 0.460689 0.461191 0.462110 0.463367 0.464863 0.466745 0.469077 0.471311 0.472077 0.470739 0.468172 0.465887 0.464121 0.462735 0.461620 0.461002 0.460886 0.461090 0.461507 0.462211 0.462985 0.463436 0.463465 0.463410 0.463780 0.464420 0.464793 0.464672 0.464619 0.465205 0.466384 0.468258 0.470655 0.472616 0.472982 0.471560 0.469460 0.467552 0.466219 0.465404 0.465132 0.466509 -9999.0 -9999.0 -9999.0 -9999.0 -9999.0 -9999.0 -9999.0 -9999.0 -9999.0 -9999.0 -9999.0 -9999.0 -9999.0 -9999.0
-9999.0 0.459903 0.460090 0.460228 0.460256 0.460281 0.460329 0.460367 0.460457 0.460779 0.461505 0.462698 0.464135 0.465797 0.467980 0.470580 0.472659 0.472927 0.471382 0.469096 0.467066 0.465362 0.463668 0.462306 0.461525 0.461185 0.461084 0.461258 0.461639 0.461898 0.461951 0.461990 0.462408 0.463121 0.463543 0.463295 0.462837 0.463015 0.463985 0.465927 0.468696 0.471518 0.473339 0.473410 0.472293 0.470672 0.468905 0.466908 0.464669 0.464724 -9999.0 -9999.0 -9999.0 -9999.0 -9999.0 -9999.0 -9999.0 -9999.0 -9999.0 -9999.0 -9999.0 -9999.0 -9999.0 -9999.0
-9999.0 0.460054 0.460203 0.460270 0.460322 0.460392 0.460445 0.460419 0.460355 0.460457 0.460881 0.461758 0.462977 0.464421 0.466181 0.468587 0.471146 0.472732 0.472477 0.470965 0.469311 0.467832 0.466278 0.464708 0.463322 0.462352 0.461806 0.461726 0.461810 0.461808 0.461653 0.461500 0.461683 0.462257 0.462807 0.462754 0.462113 0.461733 0.462017 0.463178 0.465199 0.467770 0.470323 0.471885 0.472366 0.472046 0.471110 0.469135 0.465856 0.463770 -9999.0 -9999.0 -9999.0 -9999.0 -9999.0 -9999.0 -9999.0 -9999.0 -9999.0 -9999.0 -9999.0 -9999.0 -9999.0 -9999.0
-9999.0 0.460166 0.460254 0.460360 0.460419 0.460549 0.460661 0.460616 0.460423 0.460325 0.460474 0.460955 0.461755 0.462800 0.464126 0.465909 0.468250 0.470405 0.471495 0.471265 0.470251 0.469295 0.468441 0.467464 0.466285 0.465306 0.464660 0.464195 0.463791 0.463293 0.462610 0.461885 0.461481 0.461647 0.462299 0.462831 0.462573 0.461928 0.461566 0.461750 0.462656 0.464032 0.465502 0.467065 0.468188 0.468955 0.469277 0.468422 0.465864 0.464340 -9999.0 -9999.0 -9999.0 -9999.0 -9999.0 -9999.0 -9999.0 -9999.0 -9999.0 -9999.0 -9999.0 -9999.0 -9999.0 -9999.0
-9999.0 0.460185 0.460296 0.460407 0.460483 0.460658 0.460862 0.460883 0.460651 0.460401 0.460341 0.460521 0.460933 0.461535 0.462399 0.463641 0.465479 0.467782 0.469686 0.470426 0.470138 0.469695 0.469360 0.468999 0.468541 0.468066 0.467543 0.466898 0.466377 0.465770 0.464787 0.463304 0.461972 0.461521 0.462061 0.463140 0.463783 0.463485 0.462712 0.461936 0.461935 0.463019 0.463671 0.464406 0.465533 0.466646 0.467556 0.466852 0.466144 -9999.0 -9999.0 -9999.0 -9999.0 -9999.0 -9999.0 -9999.0 -9999.0 -9999.0 -9999.0 -9999.0 -9999.0 -9999.0 -9999.0 -9999.0
-9999.0 0.460236 0.460348 0.460453 0.460550 0.460770 0.461047 0.461167 0.460990 0.460666 0.460448 0.460429 0.460601 0.460920 0.461457 0.462356 0.463878 0.466076 0.468091 0.469265 0.469470 0.469271 0.469080 0.469019 0.468989 0.468677 0.468130 0.467580 0.467367 0.467225 0.466628 0.465103 0.463179 0.462057 0.462144 0.463232 0.464686 0.465465 0.464963 0.463621 0.462268 -9999.0 -9999.0 -9999.0 -9999.0 -9999.0 -9999.0 -9999.0 -9999.0 -9999.0 -9999.0 -9999.0 -9999.0 -9999.0 -9999.0 -9999.0 -9999.0 -9999.0 -9999.0 -9999.0 -9999.0 -9999.0 -9999.0 -9999.0
