tests/3D/Muntatschini_ref_005/output-maps-SE27XX/thetaliqL0005N0002.asc
ncols         108
nrows         156
xllcorner     619971.250000
yllcorner     5169711.250000
cellsize      20.000000
NODATA_value  -9999.0
[rows 58 to 86 of 156, columns 0 to 63 of 108]
-9999.0 -9999.0 -9999.0 -9999.0 -9999.0 -9999.0 -9999.0 -9999.0 -9999.0 -9999.0 -9999.0 -9999.0 -9999.0 -9999.0 -9999.0 -9999.0 -9999.0 -9999.0 -9999.0 -9999.0 -9999.0 -9999.0 -9999.0 -9999.0 -9999.0 -9999.0 -9999.0 -9999.0 -9999.0 -9999.0 -9999.0 -9999.0 -9999.0 -9999.0 -9999.0 -9999.0 0.412686 0.412496 0.413758 0.413253 0.412943 0.413053 0.413778 0.414350 0.416183 0.418034 0.419421 0.420140 0.420146 0.419672 0.418855 0.417964 0.417033 0.416263 0.415824 0.415776 0.416076 0.416415 0.416957 0.417143 0.416714 0.415914 0.415089 0.414498
-9999.0 -9999.0 -9999.0 -9999.0 -9999.0 -9999.0 -9999.0 -9999.0 -9999.0 -9999.0 -9999.0 -9999.0 -9999.0 -9999.0 -9999.0 -9999.0 -9999.0 -9999.0 -9999.0 -9999.0 -9999.0 -9999.0 -9999.0 -9999.0 -9999.0 -9999.0 -9999.0 -9999.0 -9999.0 -9999.0 -9999.0 -9999.0 -9999.0 -9999.0 -9999.0 0.415116 0.414904 0.414882 0.414258 0.413559 0.412990 0.412884 0.413430 0.414721 0.415821 0.417706 0.418866 0.419301 0.419247 0.419008 0.418539 0.417997 0.417354 0.416709 0.416141 0.415775 0.415761 0.416254 0.416780 0.417331 0.417156 0.416390 0.415476 0.414723
-9999.0 -9999.0 -9999.0 -9999.0 -9999.0 -9999.0 -9999.0 -9999.0 -9999.0 -9999.0 -9999.0 -9999.0 -9999.0 -9999.0 -9999.0 -9999.0 -9999.0 -9999.0 -9999.0 -9999.0 -9999.0 -9999.0 -9999.0 -9999.0 -9999.0 -9999.0 -9999.0 -9999.0 -9999.0 -9999.0 -9999.0 -9999.0 0.413586 0.414610 0.416752 0.416066 0.415388 0.415821 0.414983 0.414036 0.413347 0.413098 0.413369 0.414363 0.416220 0.417552 0.418799 0.419117 0.418889 0.418579 0.418189 0.417828 0.417427 0.416970 0.416460 0.415948 0.415649 0.415866 0.416600 0.417164 0.417397 0.416949 0.416162 0.415386
-9999.0 -9999.0 -9999.0 -9999.0 -9999.0 -9999.0 -9999.0 -9999.0 -9999.0 -9999.0 -9999.0 -9999.0 -9999.0 -9999.0 -9999.0 -9999.0 -9999.0 -9999.0 -9999.0 -9999.0 -9999.0 -9999.0 -9999.0 -9999.0 -9999.0 -9999.0 -9999.0 -9999.0 -9999.0 -9999.0 0.415749 0.416699 0.415297 0.413660 0.415458 0.416348 0.417104 0.416597 0.415533 0.414344 0.413498 0.413124 0.413130 0.413797 0.415434 0.416879 0.418486 0.419139 0.419053 0.418659 0.418173 0.417753 0.417432 0.417082 0.416657 0.416085 0.415583 0.415471 0.415971 0.416747 0.417056 0.417086 0.416722 0.416162
-9999.0 -9999.0 -9999.0 -9999.0 -9999.0 -9999.0 -9999.0 -9999.0 -9999.0 -9999.0 -9999.0 -9999.0 -9999.0 -9999.0 -9999.0 -9999.0 -9999.0 -9999.0 -9999.0 -9999.0 -9999.0 -9999.0 -9999.0 -9999.0 -9999.0 -9999.0 -9999.0 -9999.0 -9999.0 0.413999 0.413744 0.415522 0.416303 0.416302 0.415781 0.417448 0.417796 0.417373 0.416052 0.414414 0.413220 0.412670 0.412549 0.412998 0.414268 0.416269 0.417378 0.418614 0.419089 0.418984 0.418556 0.417967 0.417437 0.416992 0.416643 0.416164 0.415614 0.415256 0.415416 0.415931 0.416489 0.416652 0.416810 0.416648
-9999.0 -9999.0 -9999.0 -9999.0 -9999.0 -9999.0 -9999.0 -9999.0 -9999.0 -9999.0 -9999.0 -9999.0 -9999.0 -9999.0 -9999.0 -9999.0 -9999.0 -9999.0 -9999.0 -9999.0 -9999.0 -9999.0 -9999.0 -9999.0 -9999.0 0.413342 0.413456 0.414274 0.414529 0.413919 0.414615 0.415656 0.416444 0.416792 0.417209 0.417840 0.418370 0.418072 0.416654 0.414604 0.412999 0.412205 0.412029 0.412352 0.413250 0.414778 0.415824 0.417408 0.418471 0.418917 0.418911 0.418387 0.417650 0.416948 0.416513 0.416123 0.415648 0.415232 0.415133 0.415325 0.415646 0.416096 0.416347 0.416600
-9999.0 -9999.0 -9999.0 -9999.0 -9999.0 -9999.0 -9999.0 -9999.0 -9999.0 -9999.0 -9999.0 -9999.0 -9999.0 -9999.0 -9999.0 -9999.0 -9999.0 -9999.0 -9999.0 -9999.0 -9999.0 -9999.0 -9999.0 0.417945 0.417692 0.415204 0.414041 0.413624 0.414028 0.414376 0.414940 0.415849 0.416546 0.416926 0.417402 0.418085 0.418825 0.418813 0.417596 0.415336 0.413310 0.412150 0.411824 0.412011 0.412622 0.413718 0.415258 0.416017 0.417397 0.418375 0.418938 0.418743 0.417937 0.417027 0.416486 0.416185 0.415802 0.415372 0.415077 0.414996 0.415045 0.415325 0.415601 0.416083
-9999.0 -9999.0 -9999.0 -9999.0 -9999.0 -9999.0 -9999.0 -9999.0 -9999.0 -9999.0 -9999.0 -9999.0 -9999.0 -9999.0 -9999.0 -9999.0 -9999.0 -9999.0 -9999.0 -9999.0 -9999.0 0.420304 0.420942 0.418985 0.417847 0.416960 0.415714 0.415183 0.415012 0.415005 0.415217 0.415687 0.416238 0.416700 0.417317 0.418153 0.419139 0.419504 0.418733 0.416621 0.414276 0.412615 0.411929 0.411901 0.412317 0.413156 0.414409 0.414991 0.416394 0.417634 0.418633 0.418862 0.418184 0.417267 0.416640 0.416329 0.415978 0.415563 0.415171 0.414863 0.414660 0.414684 0.415051 0.415339
-9999.0 -9999.0 -9999.0 -9999.0 -9999.0 -9999.0 -9999.0 -9999.0 -9999.0 -9999.0 -9999.0 -9999.0 -9999.0 -9999.0 -9999.0 -9999.0 -9999.0 -9999.0 -9999.0 -9999.0 0.420669 0.418494 0.419895 0.420097 0.420121 0.418790 0.417475 0.416470 0.415830 0.415354 0.415107 0.415172 0.415501 0.416050 0.416810 0.417810 0.418969 0.419790 0.419768 0.418290 0.415870 0.413593 0.412261 0.411854 0.412097 0.412852 0.414041 0.415444 0.416058 0.417400 0.418407 0.418648 0.418146 0.417517 0.417039 0.416706 0.416288 0.415790 0.415312 0.414833 0.414438 0.414224 0.414398 0.414854
-9999.0 -9999.0 -9999.0 -9999.0 -9999.0 -9999.0 -9999.0 -9999.0 -9999.0 -9999.0 -9999.0 -9999.0 -9999.0 -9999.0 -9999.0 -9999.0 -9999.0 -9999.0 0.421763 0.423059 0.421943 0.420570 0.420117 0.420202 0.420119 0.420678 0.419328 0.417752 0.416500 0.415624 0.415016 0.414712 0.414785 0.415332 0.416213 0.417265 0.418438 0.419555 0.420290 0.419817 0.417851 0.415150 0.412956 0.411929 0.411894 0.412589 0.413876 0.415464 0.416285 0.417646 0.418438 0.418544 0.418166 0.417722 0.417379 0.417118 0.416798 0.416342 0.415811 0.415129 0.414465 0.413992 0.413967 0.414327
-9999.0 -9999.0 -9999.0 -9999.0 -9999.0 -9999.0 -9999.0 -9999.0 -9999.0 -9999.0 -9999.0 -9999.0 -9999.0 -9999.0 -9999.0 -9999.0 0.417535 0.419979 0.419102 0.420608 0.421083 0.419901 0.418882 0.418606 0.419170 0.419562 0.419014 0.417626 0.416213 0.416349 0.415490 0.414837 0.414620 0.415041 0.415916 0.416871 0.417895 0.419065 0.420323 0.420873 0.419836 0.417203 0.414283 0.412461 0.411980 0.412462 0.413750 0.415578 0.416771 0.418184 0.418677 0.418539 0.418173 0.417807 0.417538 0.417445 0.417444 0.417249 0.416746 0.415880 0.414919 0.414134 0.413841 0.414037
-9999.0 -9999.0 -9999.0 -9999.0 -9999.0 -9999.0 -9999.0 -9999.0 -9999.0 -9999.0 -9999.0 -9999.0 -9999.0 -9999.0 -9999.0 0.414341 0.414238 0.417931 0.419765 0.419965 0.419761 0.418516 0.416838 0.415903 0.416301 0.417394 0.418074 0.417769 0.416930 0.417271 0.416370 0.415458 0.414942 0.415144 0.415936 0.416817 0.417716 0.418729 0.420139 0.421406 0.421551 0.419681 0.416613 0.413981 0.412817 0.412846 0.413841 0.415679 0.418059 0.418809 0.419164 0.418864 0.418387 0.417910 0.417541 0.417617 0.418009 0.418213 0.417882 0.416916 0.415667 0.414546 0.413949 0.413953
-9999.0 -9999.0 -9999.0 -9999.0 -9999.0 -9999.0 -9999.0 -9999.0 -9999.0 -9999.0 -9999.0 -9999.0 -9999.0 -9999.0 -9999.0 0.415615 0.416003 0.418238 0.419247 0.419296 0.418666 0.417287 0.416671 0.415257 0.414970 0.415772 0.415797 0.416565 0.417820 0.417607 0.417017 0.416113 0.415362 0.415224 0.415790 0.416608 0.417517 0.418483 0.419931 0.421617 0.422900 0.422334 0.419876 0.416759 0.414715 0.414015 0.414413 0.415997 0.418525 0.419593 0.419883 0.419391 0.418715 0.418160 0.417730 0.417781 0.418260 0.418730 0.418678 0.417792 0.416416 0.415065 0.414197 0.413976
-9999.0 -9999.0 -9999.0 -9999.0 -9999.0 -9999.0 -9999.0 -9999.0 -9999.0 -9999.0 -9999.0 -9999.0 -9999.0 -9999.0 -9999.0 0.420968 0.418681 0.420317 0.420283 0.418791 0.417345 0.417220 0.415834 0.414494 0.413821 0.414046 0.414925 0.415931 0.416580 0.416934 0.416847 0.416274 0.415488 0.415032 0.415238 0.415921 0.416840 0.417810 0.419238 0.421314 0.423657 0.424575 0.423190 0.420201 0.417464 0.415906 0.415526 0.416609 0.419046 0.420482 0.420989 0.420383 0.419366 0.418583 0.418067 0.417966 0.418326 0.418804 0.418944 0.418233 0.416894 0.415472 0.414451 0.414067
-9999.0 -9999.0 -9999.0 -9999.0 -9999.0 -9999.0 -9999.0 -9999.0 -9999.0 -9999.0 -9999.0 -9999.0 -9999.0 -9999.0 0.417646 0.419609 0.421446 0.422643 0.420898 0.418170 0.416846 0.416823 0.415785 0.414554 0.413653 0.413401 0.413746 0.414461 0.415168 0.415747 0.416053 0.415943 0.415382 0.414726 0.414485 0.414816 0.415545 0.416399 0.417683 0.419916 0.422843 0.425067 0.424999 0.422823 0.419963 0.417826 0.416703 0.417158 0.418406 0.420910 0.421927 0.421577 0.420452 0.419417 0.418653 0.418295 0.418475 0.418913 0.419112 0.418493 0.417181 0.415794 0.414739 0.414255
-9999.0 -9999.0 -9999.0 -9999.0 -9999.0 -9999.0 -9999.0 -9999.0 -9999.0 -9999.0 -9999.0 -9999.0 -9999.0 0.417575 0.417584 0.420157 0.423385 0.423526 0.420686 0.418207 0.416953 0.416258 0.416246 0.415008 0.413998 0.413492 0.413432 0.413719 0.414197 0.414719 0.415162 0.415388 0.415188 0.414580 0.413998 0.413840 0.414038 0.414456 0.415338 0.417250 0.420058 0.423063 0.424333 0.423528 0.421281 0.419109 0.417488 0.416483 0.418024 0.420428 0.422100 0.422516 0.421786 0.420661 0.419634 0.419064 0.419077 0.419384 0.419517 0.418943 0.417629 0.416216 0.415136 0.414614
-9999.0 -9999.0 -9999.0 -9999.0 -9999.0 -9999.0 -9999.0 -9999.0 -9999.0 -9999.0 -9999.0 -9999.0 0.420054 0.418889 0.419851 0.422554 0.424393 0.422801 0.419996 0.418046 0.417526 0.417214 0.417208 0.415711 0.414448 0.413761 0.413517 0.413581 0.413848 0.414210 0.414592 0.414951 0.415070 0.414688 0.413982 0.413372 0.412975 0.412858 0.413241 0.414473 0.416584 0.419474 0.421497 0.421989 0.420815 0.419158 0.417500 0.417011 0.417097 0.419064 0.421180 0.422622 0.422837 0.422092 0.421039 0.420275 0.420037 0.420179 0.420272 0.419781 0.418450 0.416888 0.415663 0.415052
-9999.0 -9999.0 -9999.0 -9999.0 -9999.0 -9999.0 -9999.0 -9999.0 -9999.0 -9999.0 -9999.0 0.420774 0.420457 0.420783 0.422505 0.424976 0.424589 0.421849 0.419309 0.418027 0.418028 0.418114 0.418249 0.416527 0.414880 0.414010 0.413781 0.413870 0.414040 0.414199 0.414409 0.414755 0.415128 0.415065 0.414415 0.413476 0.412580 0.412034 0.412034 0.412680 0.414028 0.416203 0.418178 0.419270 0.419014 0.418069 0.416903 0.416303 0.416550 0.417854 0.419188 0.421331 0.422593 0.422697 0.422117 0.421441 0.421046 0.420962 0.420997 0.420648 0.419473 0.417796 0.416357 0.415559
-9999.0 -9999.0 -9999.0 -9999.0 -9999.0 -9999.0 -9999.0 -9999.0 -9999.0 -9999.0 0.422068 0.421257 0.420997 0.422469 0.424992 0.425887 0.424092 0.421615 0.419264 0.418270 0.418507 0.419036 0.418367 0.417251 0.415184 0.414198 0.414046 0.414228 0.414401 0.414448 0.414518 0.414830 0.415368 0.415583 0.415071 0.413999 0.412805 0.411927 0.411612 0.411857 0.412712 0.414172 0.415661 0.416671 0.416981 0.416767 0.416190 0.415467 0.415187 0.415813 0.417456 0.418937 0.421046 0.422206 0.422376 0.421933 0.421516 0.421289 0.421296 0.421074 0.420209 0.418674 0.417192 0.416223
-9999.0 -9999.0 -9999.0 -9999.0 -9999.0 -9999.0 -9999.0 -9999.0 -9999.0 0.424186 0.423151 0.422014 0.422065 0.424258 0.425662 0.425239 0.423556 0.421869 0.419962 0.418905 0.419138 0.419875 0.419163 0.417662 0.415327 0.414293 0.414192 0.414475 0.414736 0.414745 0.414701 0.414971 0.415607 0.416058 0.415730 0.414672 0.413293 0.412118 0.411528 0.411525 0.412107 0.413153 0.414285 0.415155 0.415811 0.416059 0.415629 0.414682 0.414115 0.414199 0.415116 0.416963 0.418676 0.420807 0.421869 0.421878 0.421528 0.421206 0.421075 0.420826 0.420207 0.419140 0.418023 0.417171
-9999.0 -9999.0 -9999.0 -9999.0 -9999.0 -9999.0 -9999.0 -9999.0 0.422775 0.424310 0.424280 0.423749 0.424121 0.424741 0.424889 0.424458 0.423770 0.422196 0.420469 0.419433 0.419768 0.420518 0.419625 0.417842 0.415336 0.414216 0.414138 0.414532 0.414915 0.415011 0.414944 0.415122 0.415675 0.416270 0.416208 0.415279 0.413731 0.412235 0.411415 0.411287 0.411754 0.412642 0.413675 0.414580 0.415422 0.415759 0.415323 0.414431 0.413805 0.413471 0.413666 0.414712 0.416910 0.418895 0.420915 0.421556 0.421359 0.420981 0.420671 0.420236 0.419625 0.419082 0.418661 0.418310
-9999.0 -9999.0 -9999.0 -9999.0 -9999.0 -9999.0 -9999.0 0.418471 0.421301 0.423760 0.425667 0.426433 0.425677 0.424402 0.423985 0.423748 0.423333 0.421943 0.420541 0.419894 0.420364 0.420976 0.419971 0.418104 0.415280 0.413896 0.413800 0.414371 0.414932 0.415168 0.415143 0.415226 0.415606 0.416207 0.416455 0.415810 0.414202 0.412348 0.411252 0.411027 0.411436 0.412343 0.413479 0.414447 0.415137 0.415355 0.415134 0.414606 0.414096 0.413538 0.413157 0.413342 0.414695 0.417315 0.419340 0.420920 0.421205 0.420893 0.420325 0.419584 0.418869 0.418780 0.419055 0.419253
-9999.0 -9999.0 -9999.0 -9999.0 -9999.0 -9999.0 0.414556 0.417133 0.419921 0.423117 0.426863 0.427999 0.426554 0.424534 0.423707 0.423510 0.422913 0.421839 0.420318 0.419741 0.420337 0.421240 0.420637 0.417932 0.415505 0.413516 0.413163 0.413825 0.414641 0.415149 0.415305 0.415341 0.415482 0.415968 0.416566 0.416483 0.415035 0.412792 0.411273 0.410867 0.411176 0.412107 0.413368 0.414221 0.414536 0.414651 0.414829 0.414829 0.414601 0.414071 0.413316 0.412823 0.413299 0.415219 0.417321 0.419669 0.420726 0.420742 0.420063 0.419055 0.418346 0.418621 0.419302 0.419762
-9999.0 -9999.0 -9999.0 -9999.0 -9999.0 0.413116 0.413860 0.415894 0.418531 0.422667 0.427109 0.428760 0.427593 0.425378 0.424019 0.423725 0.423200 0.422011 0.420121 0.419396 0.420034 0.421317 0.421309 0.419031 0.416184 0.413399 0.412548 0.413033 0.413990 0.414786 0.415251 0.415419 0.415399 0.415652 0.416441 0.417098 0.416291 0.413899 0.411816 0.411038 0.411148 0.412034 0.413267 0.413833 0.413733 0.413723 0.414107 0.414563 0.414759 0.414505 0.413720 0.412964 0.412858 0.413941 0.416151 0.417937 0.419792 0.420416 0.419813 0.418631 0.418025 0.418404 0.419070 0.419553
-9999.0 -9999.0 -9999.0 -9999.0 -9999.0 0.411872 0.413582 0.414651 0.417260 0.421419 0.425348 0.427801 0.427901 0.426298 0.424609 0.424075 0.423649 0.422528 0.420292 0.419135 0.419582 0.421155 0.421919 0.420272 0.417356 0.413803 0.412292 0.412321 0.413144 0.414119 0.414956 0.415412 0.415335 0.415248 0.415951 0.417272 0.417614 0.415779 0.413340 0.411961 0.411662 0.412322 0.413270 0.413425 0.413024 0.412911 0.413297 0.414038 0.414573 0.414497 0.413836 0.413262 0.413044 0.413540 0.414870 0.416930 0.418396 0.419654 0.419351 0.418150 0.417495 0.417639 0.418126 0.418624
-9999.0 -9999.0 -9999.0 -9999.0 -9999.0 0.412124 0.413325 0.413646 0.416385 0.419983 0.423011 0.425952 0.427332 0.426589 0.424802 0.423770 0.423186 0.421949 0.420306 0.419167 0.419574 0.421123 0.422295 0.421393 0.419115 0.415222 0.412855 0.412138 0.412501 0.413391 0.414526 0.415419 0.415475 0.414975 0.415155 0.416598 0.418138 0.417770 0.415830 0.413976 0.413115 0.413346 0.413630 0.413237 0.412663 0.412486 0.412782 0.413594 0.414229 0.414107 0.413547 0.413265 0.413278 0.413508 0.414163 0.415514 0.417566 0.418349 0.418380 0.417366 0.416576 0.416394 0.416854 0.417701
-9999.0 -9999.0 -9999.0 -9999.0 -9999.0 0.412157 0.412313 0.413712 0.416935 0.419564 0.421026 0.423634 0.426108 0.426619 0.425196 0.423690 0.422627 0.421167 0.419544 0.418393 0.418907 0.420647 0.422483 0.422782 0.420761 0.418021 0.414762 0.413014 0.412645 0.413183 0.414390 0.415686 0.416025 0.415183 0.414519 0.415304 0.417233 0.418529 0.418040 0.416507 0.415408 0.415114 0.414512 0.413568 0.412832 0.412553 0.412733 0.413397 0.413860 0.413597 0.413051 0.412885 0.413102 0.413339 0.413666 0.414439 0.415931 0.416560 0.416839 0.416210 0.415464 0.415148 0.415646 0.417473
-9999.0 -9999.0 -9999.0 -9999.0 0.409952 0.411578 0.413111 0.414573 0.418383 0.420216 0.420588 0.422667 0.425557 0.427017 0.426245 0.424559 0.422917 0.420747 0.418165 0.416742 0.416874 0.418644 0.421193 0.423026 0.422954 0.420517 0.418106 0.415399 0.414127 0.414136 0.415083 0.416489 0.417095 0.416083 0.414454 0.414024 0.415246 0.417240 0.418350 0.418169 0.417729 0.417174 0.415871 0.414504 0.413537 0.413090 0.413071 0.413367 0.413511 0.413159 0.412630 0.412452 0.412704 0.413017 0.413274 0.413715 0.414635 0.415634 0.415192 0.415051 0.414670 0.414131 0.414409 0.415529
-9999.0 -9999.0 -9999.0 -9999.0 0.410787 0.411975 0.413483 0.415535 0.419870 0.421319 0.421124 0.422750 0.425808 0.427978 0.427932 0.426468 0.424731 0.422073 0.418432 0.415561 0.414319 0.415212 0.417680 0.420450 0.422200 0.421923 0.419864 0.418346 0.416603 0.416018 0.415392 0.416556 0.418299 0.417428 0.415153 0.413472 0.413513 0.414988 0.416856 0.418242 0.418940 0.418608 0.417236 0.415763 0.414653 0.414036 0.413679 0.413466 0.413250 0.412841 0.412340 0.412114 0.412315 0.412710 0.413061 0.413389 0.413885 0.414432 0.414752 0.414056 0.414701 0.414964 0.414544 -9999.0
