tests/3D/Muntatschini_ref_005/output-maps-SE27XX/thetaliqL0005N0005.asc
ncols         108
nrows         156
xllcorner     619971.250000
yllcorner     5169711.250000
cellsize      20.000000
NODATA_value  -9999.0
[rows 58 to 86 of 156, columns 0 to 63 of 108]
-9999.0 -9999.0 -9999.0 -9999.0 -9999.0 -9999.0 -9999.0 -9999.0 -9999.0 -9999.0 -9999.0 -9999.0 -9999.0 -9999.0 -9999.0 -9999.0 -9999.0 -9999.0 -9999.0 -9999.0 -9999.0 -9999.0 -9999.0 -9999.0 -9999.0 -9999.0 -9999.0 -9999.0 -9999.0 -9999.0 -9999.0 -9999.0 -9999.0 -9999.0 -9999.0 -9999.0 0.414659 0.414075 0.414157 0.413676 0.413342 0.413471 0.414236 0.415742 0.417595 0.419470 0.420882 0.421625 0.421652 0.421192 0.420379 0.419485 0.418541 0.417753 0.417299 0.417240 0.417540 0.418144 0.418686 0.418865 0.418423 0.417607 0.416768 0.416163
-9999.0 -9999.0 -9999.0 -9999.0 -9999.0 -9999.0 -9999.0 -9999.0 -9999.0 -9999.0 -9999.0 -9999.0 -9999.0 -9999.0 -9999.0 -9999.0 -9999.0 -9999.0 -9999.0 -9999.0 -9999.0 -9999.0 -9999.0 -9999.0 -9999.0 -9999.0 -9999.0 -9999.0 -9999.0 -9999.0 -9999.0 -9999.0 -9999.0 -9999.0 -9999.0 0.416704 0.416415 0.415398 0.414713 0.413984 0.413393 0.413289 0.413855 0.415227 0.417236 0.419130 0.420304 0.420759 0.420728 0.420509 0.420052 0.419511 0.418861 0.418203 0.417622 0.417245 0.417226 0.417727 0.418520 0.419067 0.418879 0.418100 0.417170 0.416402
-9999.0 -9999.0 -9999.0 -9999.0 -9999.0 -9999.0 -9999.0 -9999.0 -9999.0 -9999.0 -9999.0 -9999.0 -9999.0 -9999.0 -9999.0 -9999.0 -9999.0 -9999.0 -9999.0 -9999.0 -9999.0 -9999.0 -9999.0 -9999.0 -9999.0 -9999.0 -9999.0 -9999.0 -9999.0 -9999.0 -9999.0 -9999.0 0.413891 0.415551 0.418262 0.417770 0.416942 0.416340 0.415471 0.414487 0.413781 0.413519 0.413803 0.414828 0.416775 0.418980 0.420232 0.420566 0.420351 0.420063 0.419686 0.419334 0.418933 0.418472 0.417951 0.417429 0.417123 0.417341 0.418082 0.418912 0.419138 0.418679 0.417877 0.417085
-9999.0 -9999.0 -9999.0 -9999.0 -9999.0 -9999.0 -9999.0 -9999.0 -9999.0 -9999.0 -9999.0 -9999.0 -9999.0 -9999.0 -9999.0 -9999.0 -9999.0 -9999.0 -9999.0 -9999.0 -9999.0 -9999.0 -9999.0 -9999.0 -9999.0 -9999.0 -9999.0 -9999.0 -9999.0 -9999.0 0.416098 0.417075 0.415867 0.415346 0.416821 0.417799 0.417677 0.417137 0.416040 0.414815 0.413946 0.413566 0.413567 0.414255 0.415956 0.418308 0.419920 0.420587 0.420513 0.420133 0.419658 0.419251 0.418937 0.418588 0.418158 0.417577 0.417063 0.416947 0.417450 0.418234 0.418808 0.418833 0.418457 0.417886
-9999.0 -9999.0 -9999.0 -9999.0 -9999.0 -9999.0 -9999.0 -9999.0 -9999.0 -9999.0 -9999.0 -9999.0 -9999.0 -9999.0 -9999.0 -9999.0 -9999.0 -9999.0 -9999.0 -9999.0 -9999.0 -9999.0 -9999.0 -9999.0 -9999.0 -9999.0 -9999.0 -9999.0 -9999.0 0.414326 0.414232 0.415969 0.416803 0.416863 0.417334 0.418017 0.418376 0.417947 0.416580 0.414907 0.413678 0.413109 0.412983 0.413444 0.414749 0.416834 0.418813 0.420060 0.420551 0.420461 0.420045 0.419467 0.418944 0.418503 0.418152 0.417661 0.417101 0.416734 0.416893 0.417411 0.417975 0.418404 0.418562 0.418391
-9999.0 -9999.0 -9999.0 -9999.0 -9999.0 -9999.0 -9999.0 -9999.0 -9999.0 -9999.0 -9999.0 -9999.0 -9999.0 -9999.0 -9999.0 -9999.0 -9999.0 -9999.0 -9999.0 -9999.0 -9999.0 -9999.0 -9999.0 -9999.0 -9999.0 0.413612 0.413596 0.414339 0.414959 0.414473 0.415098 0.416193 0.416982 0.417354 0.417803 0.418431 0.418973 0.418673 0.417215 0.415109 0.413459 0.412639 0.412455 0.412785 0.413705 0.415291 0.417249 0.418849 0.419932 0.420400 0.420411 0.419896 0.419161 0.418458 0.418024 0.417627 0.417145 0.416717 0.416612 0.416803 0.417128 0.417583 0.418104 0.418354
-9999.0 -9999.0 -9999.0 -9999.0 -9999.0 -9999.0 -9999.0 -9999.0 -9999.0 -9999.0 -9999.0 -9999.0 -9999.0 -9999.0 -9999.0 -9999.0 -9999.0 -9999.0 -9999.0 -9999.0 -9999.0 -9999.0 -9999.0 0.418383 0.418158 0.415804 0.414445 0.414036 0.414432 0.414839 0.415461 0.416395 0.417107 0.417496 0.417983 0.418688 0.419442 0.419437 0.418184 0.415863 0.413783 0.412590 0.412252 0.412438 0.413061 0.414184 0.415795 0.417455 0.418861 0.419866 0.420447 0.420256 0.419452 0.418542 0.418004 0.417703 0.417311 0.416873 0.416567 0.416480 0.416525 0.416808 0.417357 0.417839
-9999.0 -9999.0 -9999.0 -9999.0 -9999.0 -9999.0 -9999.0 -9999.0 -9999.0 -9999.0 -9999.0 -9999.0 -9999.0 -9999.0 -9999.0 -9999.0 -9999.0 -9999.0 -9999.0 -9999.0 -9999.0 0.422162 0.422813 0.419760 0.418396 0.417503 0.416261 0.415701 0.415524 0.415506 0.415743 0.416230 0.416789 0.417263 0.417893 0.418756 0.419777 0.420146 0.419351 0.417184 0.414780 0.413075 0.412366 0.412330 0.412754 0.413609 0.414913 0.416440 0.417861 0.419124 0.420142 0.420377 0.419704 0.418795 0.418173 0.417863 0.417506 0.417082 0.416675 0.416358 0.416145 0.416164 0.416531 0.417092
-9999.0 -9999.0 -9999.0 -9999.0 -9999.0 -9999.0 -9999.0 -9999.0 -9999.0 -9999.0 -9999.0 -9999.0 -9999.0 -9999.0 -9999.0 -9999.0 -9999.0 -9999.0 -9999.0 -9999.0 0.422952 0.421008 0.421898 0.422076 0.420823 0.419431 0.418088 0.417051 0.416387 0.415892 0.415634 0.415695 0.416027 0.416602 0.417382 0.418415 0.419603 0.420441 0.420416 0.418900 0.416421 0.414084 0.412712 0.412289 0.412533 0.413305 0.414523 0.415996 0.417542 0.418892 0.419915 0.420170 0.419683 0.419066 0.418592 0.418260 0.417836 0.417328 0.416836 0.416342 0.415928 0.415704 0.415873 0.416331
-9999.0 -9999.0 -9999.0 -9999.0 -9999.0 -9999.0 -9999.0 -9999.0 -9999.0 -9999.0 -9999.0 -9999.0 -9999.0 -9999.0 -9999.0 -9999.0 -9999.0 -9999.0 0.423680 0.424904 0.424215 0.422648 0.422233 0.422281 0.422143 0.421389 0.419995 0.418370 0.417076 0.416166 0.415534 0.415224 0.415295 0.415856 0.416764 0.417849 0.419054 0.420203 0.420957 0.420471 0.418456 0.415685 0.413431 0.412370 0.412329 0.413040 0.414358 0.416008 0.417790 0.419155 0.419958 0.420080 0.419718 0.419287 0.418949 0.418692 0.418370 0.417905 0.417358 0.416653 0.415969 0.415475 0.415441 0.415799
-9999.0 -9999.0 -9999.0 -9999.0 -9999.0 -9999.0 -9999.0 -9999.0 -9999.0 -9999.0 -9999.0 -9999.0 -9999.0 -9999.0 -9999.0 -9999.0 0.419426 0.421609 0.421507 0.422357 0.422921 0.421912 0.420900 0.420641 0.421215 0.421569 0.420998 0.419568 0.418089 0.416902 0.416022 0.415343 0.415115 0.415551 0.416445 0.417431 0.418490 0.419701 0.420997 0.421560 0.420491 0.417789 0.414796 0.412918 0.412417 0.412908 0.414231 0.416128 0.418305 0.419712 0.420213 0.420087 0.419736 0.419380 0.419118 0.419036 0.419042 0.418840 0.418322 0.417432 0.416443 0.415633 0.415322 0.415511
-9999.0 -9999.0 -9999.0 -9999.0 -9999.0 -9999.0 -9999.0 -9999.0 -9999.0 -9999.0 -9999.0 -9999.0 -9999.0 -9999.0 -9999.0 0.416199 0.416289 0.419720 0.421559 0.421880 0.421634 0.420419 0.418773 0.417856 0.418276 0.419379 0.420045 0.419710 0.418808 0.417849 0.416915 0.415972 0.415437 0.415644 0.416457 0.417369 0.418302 0.419354 0.420807 0.422104 0.422243 0.420325 0.417180 0.414476 0.413275 0.413298 0.414325 0.416216 0.418701 0.420359 0.420712 0.420421 0.419954 0.419487 0.419130 0.419223 0.419627 0.419834 0.419488 0.418497 0.417217 0.416065 0.415445 0.415437
-9999.0 -9999.0 -9999.0 -9999.0 -9999.0 -9999.0 -9999.0 -9999.0 -9999.0 -9999.0 -9999.0 -9999.0 -9999.0 -9999.0 -9999.0 0.418818 0.418046 0.420218 0.421124 0.421148 0.420526 0.419120 0.417252 0.415811 0.415539 0.416382 0.417711 0.418433 0.418441 0.418191 0.417574 0.416638 0.415865 0.415724 0.416310 0.417152 0.418094 0.419096 0.420588 0.422317 0.423629 0.423039 0.420516 0.417319 0.415217 0.414494 0.414914 0.416543 0.419160 0.421154 0.421439 0.420948 0.420283 0.419741 0.419326 0.419395 0.419891 0.420366 0.420304 0.419394 0.417989 0.416606 0.415712 0.415473
-9999.0 -9999.0 -9999.0 -9999.0 -9999.0 -9999.0 -9999.0 -9999.0 -9999.0 -9999.0 -9999.0 -9999.0 -9999.0 -9999.0 -9999.0 0.423166 0.420975 0.422311 0.422164 0.420632 0.419154 0.417801 0.416385 0.415019 0.414331 0.414565 0.415479 0.416506 0.417145 0.417498 0.417398 0.416804 0.415994 0.415526 0.415742 0.416446 0.417396 0.418398 0.419870 0.422007 0.424411 0.425339 0.423906 0.420839 0.418031 0.416433 0.416056 0.417173 0.419695 0.422047 0.422548 0.421943 0.420930 0.420163 0.419663 0.419580 0.419953 0.420439 0.420574 0.419845 0.418482 0.417029 0.415983 0.415579
-9999.0 -9999.0 -9999.0 -9999.0 -9999.0 -9999.0 -9999.0 -9999.0 -9999.0 -9999.0 -9999.0 -9999.0 -9999.0 -9999.0 0.419546 0.421310 0.423481 0.424609 0.422791 0.420045 0.418380 0.417396 0.416333 0.415073 0.414149 0.413889 0.414238 0.414968 0.415690 0.416276 0.416586 0.416468 0.415890 0.415215 0.414969 0.415312 0.416064 0.416945 0.418268 0.420569 0.423583 0.425857 0.425773 0.423529 0.420592 0.418405 0.417265 0.417755 0.419910 0.422458 0.423480 0.423132 0.422017 0.420993 0.420242 0.419898 0.420091 0.420535 0.420736 0.420108 0.418778 0.417366 0.416288 0.415783
-9999.0 -9999.0 -9999.0 -9999.0 -9999.0 -9999.0 -9999.0 -9999.0 -9999.0 -9999.0 -9999.0 -9999.0 -9999.0 0.419562 0.419488 0.422056 0.425296 0.425456 0.422614 0.419819 0.418575 0.417835 0.416812 0.415542 0.414503 0.413978 0.413911 0.414201 0.414687 0.415220 0.415674 0.415902 0.415694 0.415069 0.414471 0.414309 0.414512 0.414942 0.415855 0.417826 0.420723 0.423809 0.425096 0.424257 0.421947 0.419720 0.418080 0.417944 0.419526 0.421952 0.423637 0.424065 0.423344 0.422228 0.421211 0.420652 0.420674 0.420993 0.421134 0.420560 0.419234 0.417803 0.416701 0.416160
-9999.0 -9999.0 -9999.0 -9999.0 -9999.0 -9999.0 -9999.0 -9999.0 -9999.0 -9999.0 -9999.0 -9999.0 0.422091 0.420857 0.421772 0.424478 0.426313 0.424736 0.421635 0.419709 0.419207 0.418860 0.417812 0.416270 0.414966 0.414255 0.414000 0.414060 0.414331 0.414700 0.415091 0.415455 0.415578 0.415181 0.414453 0.413825 0.413417 0.413296 0.413692 0.414968 0.417150 0.420118 0.422188 0.422681 0.421473 0.419772 0.418080 0.417619 0.418560 0.420551 0.422690 0.424156 0.424382 0.423646 0.422601 0.421847 0.421622 0.421784 0.421892 0.421407 0.420065 0.418487 0.417243 0.416614
-9999.0 -9999.0 -9999.0 -9999.0 -9999.0 -9999.0 -9999.0 -9999.0 -9999.0 -9999.0 -9999.0 0.422816 0.422458 0.422733 0.424477 0.426918 0.426538 0.423825 0.420983 0.419728 0.419747 0.419792 0.418891 0.417112 0.415413 0.414514 0.414274 0.414361 0.414530 0.414690 0.414905 0.415258 0.415640 0.415572 0.414902 0.413933 0.413011 0.412446 0.412443 0.413115 0.414514 0.416754 0.418778 0.419892 0.419627 0.418659 0.417464 0.416848 0.417117 0.418477 0.420668 0.422835 0.424117 0.424236 0.423662 0.422997 0.422619 0.422557 0.422615 0.422276 0.421097 0.419405 0.417950 0.417136
-9999.0 -9999.0 -9999.0 -9999.0 -9999.0 -9999.0 -9999.0 -9999.0 -9999.0 -9999.0 0.424105 0.423231 0.422942 0.424447 0.426951 0.427841 0.426074 0.423297 0.420970 0.419997 0.420251 0.420768 0.420007 0.417858 0.415731 0.414713 0.414551 0.414734 0.414904 0.414949 0.415018 0.415339 0.415890 0.416109 0.415580 0.414478 0.413247 0.412337 0.412007 0.412259 0.413150 0.414659 0.416190 0.417223 0.417538 0.417319 0.416723 0.415979 0.415693 0.416339 0.418063 0.420402 0.422532 0.423712 0.423893 0.423469 0.423072 0.422870 0.422899 0.422696 0.421832 0.420287 0.418792 0.417809
-9999.0 -9999.0 -9999.0 -9999.0 -9999.0 -9999.0 -9999.0 -9999.0 -9999.0 0.426224 0.425089 0.423917 0.424009 0.426200 0.427615 0.427226 0.425588 0.423592 0.421699 0.420649 0.420888 0.421613 0.420833 0.418284 0.415883 0.414815 0.414708 0.414991 0.415253 0.415257 0.415210 0.415488 0.416141 0.416602 0.416264 0.415176 0.413756 0.412540 0.411923 0.411919 0.412522 0.413604 0.414768 0.415662 0.416331 0.416579 0.416131 0.415161 0.414582 0.414676 0.415623 0.417569 0.420118 0.422273 0.423358 0.423384 0.423059 0.422760 0.422653 0.422422 0.421816 0.420750 0.419625 0.418759
-9999.0 -9999.0 -9999.0 -9999.0 -9999.0 -9999.0 -9999.0 -9999.0 0.424787 0.426220 0.426154 0.425654 0.426023 0.426667 0.426866 0.426489 0.425493 0.423935 0.422213 0.421175 0.421508 0.422253 0.421297 0.418471 0.415896 0.414742 0.414657 0.415054 0.415441 0.415533 0.415462 0.415646 0.416216 0.416827 0.416763 0.415807 0.414215 0.412670 0.411814 0.411676 0.412161 0.413078 0.414141 0.415066 0.415924 0.416261 0.415810 0.414898 0.414257 0.413919 0.414127 0.415209 0.417519 0.420330 0.422373 0.423033 0.422859 0.422505 0.422216 0.421802 0.421207 0.420675 0.420255 0.419897
-9999.0 -9999.0 -9999.0 -9999.0 -9999.0 -9999.0 -9999.0 0.420393 0.423118 0.425607 0.427551 0.428305 0.427560 0.426336 0.425987 0.425797 0.425062 0.423677 0.422273 0.421623 0.422093 0.422709 0.421654 0.418743 0.415836 0.414416 0.414315 0.414895 0.415463 0.415700 0.415671 0.415757 0.416149 0.416768 0.417023 0.416359 0.414705 0.412794 0.411654 0.411413 0.411839 0.412774 0.413940 0.414926 0.415626 0.415843 0.415617 0.415076 0.414554 0.413984 0.413594 0.413790 0.415192 0.417939 0.420772 0.422373 0.422681 0.422387 0.421841 0.421117 0.420416 0.420346 0.420632 0.420828
-9999.0 -9999.0 -9999.0 -9999.0 -9999.0 -9999.0 0.416361 0.418799 0.421675 0.424968 0.428733 0.429872 0.428460 0.426496 0.425721 0.425558 0.424976 0.423547 0.422023 0.421452 0.422066 0.422981 0.422374 0.419584 0.416068 0.414027 0.413662 0.414337 0.415169 0.415685 0.415840 0.415877 0.416025 0.416526 0.417142 0.417054 0.415563 0.413254 0.411681 0.411254 0.411576 0.412536 0.413828 0.414695 0.415012 0.415129 0.415311 0.415310 0.415075 0.414528 0.413753 0.413249 0.413748 0.415753 0.418720 0.421098 0.422180 0.422213 0.421552 0.420558 0.419866 0.420162 0.420856 0.421315
-9999.0 -9999.0 -9999.0 -9999.0 -9999.0 0.413538 0.415326 0.417538 0.420280 0.424490 0.428979 0.430664 0.429536 0.427352 0.426029 0.425762 0.425247 0.423705 0.421816 0.421105 0.421766 0.423067 0.423056 0.420710 0.416765 0.413901 0.413029 0.413525 0.414505 0.415315 0.415787 0.415959 0.415940 0.416203 0.417015 0.417689 0.416855 0.414394 0.412244 0.411435 0.411555 0.412465 0.413727 0.414299 0.414195 0.414186 0.414579 0.415047 0.415244 0.414976 0.414166 0.413389 0.413287 0.414412 0.416719 0.419348 0.421229 0.421877 0.421285 0.420111 0.419518 0.419918 0.420598 0.421075
-9999.0 -9999.0 -9999.0 -9999.0 -9999.0 0.414149 0.415195 0.416276 0.418982 0.423201 0.427203 0.429722 0.429859 0.428287 0.426622 0.426120 0.425705 0.424236 0.421995 0.420847 0.421315 0.422906 0.423669 0.421958 0.417969 0.414316 0.412759 0.412793 0.413638 0.414633 0.415487 0.415953 0.415875 0.415788 0.416513 0.417868 0.418214 0.416326 0.413814 0.412392 0.412087 0.412767 0.413732 0.413887 0.413477 0.413360 0.413759 0.414521 0.415060 0.414969 0.414286 0.413695 0.413471 0.413991 0.415358 0.417511 0.419834 0.421108 0.420814 0.419615 0.418965 0.419118 0.419625 0.420126
-9999.0 -9999.0 -9999.0 -9999.0 -9999.0 0.414580 0.414987 0.415299 0.418079 0.421720 0.424821 0.427843 0.429273 0.428568 0.426815 0.425812 0.425251 0.424025 0.422026 0.420891 0.421311 0.422875 0.424054 0.423102 0.419778 0.415774 0.413340 0.412603 0.412973 0.413884 0.415046 0.415961 0.416016 0.415505 0.415694 0.417177 0.418754 0.418368 0.416372 0.414469 0.413591 0.413822 0.414107 0.413699 0.413112 0.412934 0.413239 0.414072 0.414713 0.414574 0.413994 0.413699 0.413710 0.413951 0.414624 0.416014 0.418160 0.419799 0.419830 0.418816 0.418017 0.417833 0.418284 0.419229
-9999.0 -9999.0 -9999.0 -9999.0 -9999.0 0.413476 0.414028 0.415367 0.418618 0.421264 0.422789 0.425491 0.428042 0.428605 0.427215 0.425740 0.424696 0.423242 0.421263 0.420120 0.420654 0.422420 0.424277 0.424574 0.422467 0.418652 0.415302 0.413506 0.413119 0.413670 0.414907 0.416236 0.416581 0.415716 0.415037 0.415846 0.417827 0.419150 0.418646 0.417074 0.415951 0.415641 0.415018 0.414050 0.413298 0.413010 0.413196 0.413875 0.414340 0.414058 0.413491 0.413319 0.413536 0.413779 0.414113 0.414906 0.416452 0.417991 0.418270 0.417650 0.416901 0.416527 0.417024 0.418726
-9999.0 -9999.0 -9999.0 -9999.0 0.411736 0.412563 0.414689 0.416236 0.420093 0.421935 0.422357 0.424530 0.427500 0.429016 0.428276 0.426615 0.424990 0.422822 0.420237 0.418456 0.418616 0.420425 0.423010 0.424861 0.424779 0.422239 0.418738 0.415952 0.414644 0.414647 0.415620 0.417063 0.417681 0.416639 0.414968 0.414529 0.415786 0.417834 0.418979 0.418798 0.418340 0.417763 0.416420 0.415020 0.414032 0.413575 0.413551 0.413849 0.413989 0.413618 0.413064 0.412878 0.413133 0.413452 0.413710 0.414160 0.415101 0.416148 0.416607 0.416462 0.416163 0.415613 0.415383 0.416903
-9999.0 -9999.0 -9999.0 -9999.0 0.412783 0.413359 0.415051 0.417236 0.421624 0.423089 0.422942 0.424651 0.427785 0.430011 0.429999 0.428556 0.426834 0.424172 0.420509 0.417257 0.416026 0.416964 0.419483 0.422289 0.424049 0.423751 0.421591 0.418994 0.417194 0.416599 0.417033 0.418173 0.418922 0.418022 0.415685 0.413958 0.414003 0.415526 0.417457 0.418885 0.419592 0.419238 0.417832 0.416324 0.415189 0.414558 0.414185 0.413959 0.413729 0.413299 0.412778 0.412539 0.412743 0.413143 0.413497 0.413829 0.414331 0.414881 0.415202 0.415455 0.415996 0.416536 0.415955 -9999.0
