tests/3D/Muntatschini_ref_005/output-maps-SE27XX/thetaliqL0015N0011.asc
ncols         108
nrows         156
xllcorner     619971.250000
yllcorner     5169711.250000
cellsize      20.000000
NODATA_value  -9999.0
[rows 87 to 115 of 156, columns 0 to 63 of 108]
-9999.0 -9999.0 -9999.0 -9999.0 0.507303 0.507667 0.508513 0.509156 0.510159 0.510331 0.510292 0.510810 0.511665 0.512313 0.512321 0.511948 0.511489 0.510763 0.509573 0.508649 0.508017 0.508119 0.508682 0.509389 0.509951 0.510101 0.509809 0.508647 0.508320 0.508260 0.509044 0.509338 0.508274 0.509518 0.508868 0.508125 0.507850 0.508058 0.508603 0.509251 0.509658 0.509641 0.509352 0.509037 0.508795 0.508554 0.508282 0.508056 0.507918 0.507790 0.507643 0.507556 0.507593 0.507719 0.507863 0.507972 0.508058 0.508132 0.508188 0.508410 0.508497 -9999.0 -9999.0 -9999.0
-9999.0 -9999.0 -9999.0 -9999.0 0.507722 0.508005 0.508686 0.509245 0.510273 0.510420 0.510229 0.510559 0.511458 0.512349 0.512623 0.512338 0.512010 0.511560 0.510606 0.509429 0.508173 0.507747 0.508002 0.508489 0.508925 0.509095 0.508995 0.508760 0.508592 0.508604 0.508779 0.509112 0.508722 0.509528 0.509134 0.508397 0.507926 0.507910 0.508312 0.508983 0.509487 0.509542 0.509388 0.509260 0.509165 0.508886 0.508461 0.508107 0.507924 0.507799 0.507648 0.507521 0.507509 0.507619 0.507799 0.507957 0.508046 0.508083 0.508097 0.508144 -9999.0 -9999.0 -9999.0 -9999.0
-9999.0 -9999.0 -9999.0 -9999.0 0.508111 0.508274 0.508821 0.509301 0.510317 0.510380 0.509952 0.510004 0.510824 0.511927 0.512562 0.512553 0.512431 0.512552 0.512085 0.510883 0.509373 0.508341 0.508129 0.508302 0.508498 0.508442 0.508179 0.507898 0.507806 0.507925 0.508184 0.508525 0.508876 0.507920 0.509079 0.508562 0.508082 0.507964 0.508238 0.508837 0.509336 0.509384 0.509294 0.509337 0.509422 0.509207 0.508698 0.508228 0.507987 0.507864 0.507718 0.507544 0.507458 0.507514 0.507689 0.507891 0.508020 0.508067 0.508078 -9999.0 -9999.0 -9999.0 -9999.0 -9999.0
-9999.0 -9999.0 -9999.0 -9999.0 0.508307 0.508358 0.508932 0.509398 0.510450 0.510492 0.509887 0.509614 0.510102 0.511126 0.512087 0.512766 0.512961 0.513030 0.512932 0.512249 0.511002 0.509724 0.509101 0.509043 0.509093 0.508757 0.508098 0.507488 0.507320 0.507476 0.507776 0.508068 0.508399 0.508650 0.507615 0.508500 0.508131 0.508045 0.508319 0.508929 0.509409 0.509341 0.509173 0.509297 0.509576 0.509566 0.509076 0.508483 0.508119 0.507967 0.507829 0.507634 0.507480 0.507473 0.507611 0.507809 0.507973 0.508036 -9999.0 -9999.0 -9999.0 -9999.0 -9999.0 -9999.0
-9999.0 -9999.0 -9999.0 -9999.0 0.508182 0.508231 0.508470 0.509493 0.510518 0.510457 0.509760 0.509302 0.509486 0.510494 0.511473 0.512239 0.512743 0.513011 0.513170 0.512973 0.512212 0.511122 0.510323 0.510171 0.510355 0.510199 0.509400 0.508270 0.507633 0.507572 0.507805 0.508081 0.508383 0.508649 0.508566 0.507328 0.508229 0.508215 0.508570 0.509233 0.509627 0.509441 0.509233 0.509407 0.509794 0.509989 0.509615 0.508943 0.508408 0.508155 0.508004 0.507806 0.507606 0.507529 0.507635 0.507857 0.507881 -9999.0 -9999.0 -9999.0 -9999.0 -9999.0 -9999.0 -9999.0
-9999.0 -9999.0 -9999.0 -9999.0 0.508323 0.508449 0.508457 0.509581 0.510512 0.510468 0.509866 0.509370 0.509523 0.509919 0.510670 0.511415 0.511971 0.512294 0.512590 0.512760 0.512524 0.511843 0.511144 0.510970 0.511336 0.511665 0.511406 0.510469 0.509462 0.508893 0.508784 0.508952 0.509164 0.509309 0.509054 0.508530 0.507710 0.507938 0.508525 0.509088 0.509206 0.508242 0.509643 0.509778 0.510392 0.510114 0.508601 0.509614 0.508951 0.508519 0.508277 0.508071 0.507854 0.507700 0.507703 0.507983 -9999.0 -9999.0 -9999.0 -9999.0 -9999.0 -9999.0 -9999.0 -9999.0
-9999.0 -9999.0 -9999.0 -9999.0 0.508199 0.508303 0.509349 0.509968 0.510749 0.510484 0.510066 0.509865 0.509568 0.509732 0.510305 0.510905 0.511273 0.511352 0.511440 0.511627 0.511737 0.511531 0.511108 0.510910 0.511238 0.511863 0.512239 0.511967 0.511168 0.510320 0.509823 0.509788 0.509978 0.510164 0.509907 0.509362 0.508963 0.509103 0.509552 0.510011 0.510104 0.509920 0.509269 0.508745 0.510756 0.511078 0.510388 0.508659 0.509702 0.509146 0.508757 0.508479 0.508234 0.507991 0.507768 0.507927 -9999.0 -9999.0 -9999.0 -9999.0 -9999.0 -9999.0 -9999.0 -9999.0
-9999.0 -9999.0 -9999.0 -9999.0 0.507806 0.507925 0.509023 0.510533 0.510858 0.511004 0.510749 0.510243 0.509726 0.509714 0.510288 0.511016 0.511368 0.511168 0.510762 0.510498 0.510453 0.510415 0.510264 0.510081 0.510175 0.510632 0.511301 0.511720 0.511605 0.511030 0.510414 0.510124 0.510201 0.510467 0.510416 0.510121 0.509793 0.509903 0.510185 0.510499 0.510487 0.510355 0.510390 0.510464 0.509919 0.510717 0.510668 0.510390 0.508720 0.509875 0.509418 0.509058 0.508771 0.508462 0.508011 0.507743 -9999.0 -9999.0 -9999.0 -9999.0 -9999.0 -9999.0 -9999.0 -9999.0
-9999.0 -9999.0 -9999.0 -9999.0 -9999.0 0.508142 0.508746 0.510450 0.510789 0.511041 0.510925 0.510473 0.509869 0.509697 0.510233 0.511216 0.511966 0.511977 0.511308 0.510411 0.509751 0.509455 0.509351 0.509239 0.509134 0.509206 0.509631 0.510244 0.510713 0.510724 0.510375 0.509967 0.509844 0.510071 0.510227 0.510279 0.510209 0.510450 0.510724 0.510973 0.510887 0.510706 0.510681 0.510693 0.510706 0.510643 0.510547 0.510475 0.510304 0.508786 0.510019 0.509669 0.509364 0.509139 0.508676 0.507899 -9999.0 -9999.0 -9999.0 -9999.0 -9999.0 -9999.0 -9999.0 -9999.0
-9999.0 -9999.0 -9999.0 -9999.0 -9999.0 0.508050 0.508585 0.510457 0.510516 0.510832 0.510781 0.510444 0.509895 0.509598 0.509913 0.510973 0.512251 0.513029 0.512870 0.511900 0.510605 0.509617 0.509153 0.508985 0.508831 0.508643 0.508713 0.509056 0.509665 0.510112 0.510240 0.509979 0.509669 0.509620 0.509666 0.509870 0.510067 0.510552 0.510993 0.511315 0.511258 0.511013 0.510844 0.510741 0.510715 0.510622 0.510446 0.510310 0.510255 0.510176 0.508398 0.510098 0.509867 0.509551 0.509646 -9999.0 -9999.0 -9999.0 -9999.0 -9999.0 -9999.0 -9999.0 -9999.0 -9999.0
-9999.0 -9999.0 -9999.0 -9999.0 -9999.0 0.507699 0.508132 0.509648 0.510695 0.510537 0.510470 0.510192 0.509746 0.509409 0.509409 0.510189 0.511636 0.513134 0.513867 0.513569 0.512477 0.511176 0.510247 0.509850 0.509726 0.509488 0.509230 0.509063 0.509341 0.509829 0.510273 0.510334 0.510046 0.509713 0.509384 0.509361 0.509557 0.510141 0.510707 0.511164 0.511256 0.511131 0.510934 0.510677 0.510529 0.510481 0.510386 0.510208 0.510064 0.509733 0.509672 0.508403 0.510228 0.509927 0.509989 -9999.0 -9999.0 -9999.0 -9999.0 -9999.0 -9999.0 -9999.0 -9999.0 -9999.0
-9999.0 -9999.0 -9999.0 -9999.0 -9999.0 0.507618 0.508005 0.509272 0.510454 0.510336 0.510222 0.510192 0.509800 0.509165 0.508960 0.509325 0.510440 0.512147 0.513612 0.514186 0.513772 0.512720 0.511646 0.511010 0.510879 0.510760 0.510506 0.510085 0.509965 0.510203 0.510667 0.511015 0.510986 0.510577 0.509885 0.509435 0.509357 0.509696 0.510098 0.510525 0.510738 0.510874 0.510833 0.510554 0.510293 0.510295 0.510349 0.510246 0.510023 0.509634 0.509711 0.509734 0.508817 0.508691 -9999.0 -9999.0 -9999.0 -9999.0 -9999.0 -9999.0 -9999.0 -9999.0 -9999.0 -9999.0
-9999.0 -9999.0 -9999.0 -9999.0 -9999.0 0.507625 0.507974 0.509136 0.510677 0.510331 0.509360 0.510110 0.509857 0.509733 0.509048 0.508745 0.509331 0.510680 0.512362 0.513618 0.513971 0.513477 0.512595 0.511789 0.511378 0.511170 0.510978 0.510699 0.510504 0.510600 0.510909 0.511334 0.511610 0.511521 0.511019 0.510406 0.509908 0.509723 0.509728 0.509886 0.510019 0.510369 0.510621 0.510455 0.510053 0.509897 0.510066 0.510195 0.509781 0.509714 0.509828 0.510155 0.509631 0.510656 -9999.0 -9999.0 -9999.0 -9999.0 -9999.0 -9999.0 -9999.0 -9999.0 -9999.0 -9999.0
-9999.0 -9999.0 -9999.0 -9999.0 -9999.0 0.507706 0.507934 0.508793 0.510208 0.510892 0.510194 0.508451 0.509476 0.509324 0.509224 0.509124 0.508594 0.509452 0.510962 0.512528 0.513443 0.513518 0.513029 0.512281 0.511547 0.510981 0.510611 0.510413 0.510326 0.510408 0.510614 0.510980 0.511468 0.511855 0.511962 0.511655 0.511047 0.510517 0.510130 0.509792 0.509584 0.509866 0.510318 0.510466 0.510154 0.509853 0.509840 0.509728 0.509791 0.509867 0.509948 0.510330 0.510570 -9999.0 -9999.0 -9999.0 -9999.0 -9999.0 -9999.0 -9999.0 -9999.0 -9999.0 -9999.0 -9999.0
-9999.0 -9999.0 -9999.0 -9999.0 -9999.0 0.507783 0.507893 0.508638 0.509917 0.510864 0.510286 0.509778 0.508164 0.509259 0.508965 0.508937 0.508841 0.508928 0.509720 0.511259 0.512576 0.513175 0.513187 0.512758 0.512006 0.511090 0.510268 0.509810 0.509697 0.509741 0.509846 0.510054 0.510539 0.511273 0.511948 0.512188 0.511956 0.511598 0.511121 0.510476 0.509913 0.509811 0.510202 0.510546 0.510415 0.509964 0.509364 0.509452 0.509652 0.509842 0.509884 0.509850 0.510733 -9999.0 -9999.0 -9999.0 -9999.0 -9999.0 -9999.0 -9999.0 -9999.0 -9999.0 -9999.0 -9999.0
-9999.0 -9999.0 -9999.0 -9999.0 0.507287 0.507435 0.507758 0.508419 0.509685 0.511146 0.510357 0.510000 0.508877 0.509387 0.509095 0.508714 0.508490 0.508503 0.509388 0.510401 0.511350 0.512289 0.512772 0.512836 0.512504 0.511712 0.510666 0.509763 0.509336 0.509160 0.509115 0.509152 0.509504 0.510254 0.511067 0.511720 0.512089 0.512262 0.512180 0.511644 0.510859 0.510253 0.510356 0.510755 0.510780 0.509933 0.509276 0.509115 0.509318 0.509607 0.509628 0.509545 0.509604 -9999.0 -9999.0 -9999.0 -9999.0 -9999.0 -9999.0 -9999.0 -9999.0 -9999.0 -9999.0 -9999.0
-9999.0 -9999.0 -9999.0 -9999.0 0.507354 0.507358 0.507623 0.508183 0.509100 0.510545 0.511410 0.510218 0.509672 0.508729 0.507905 0.508966 0.508505 0.508103 0.508285 0.509021 0.510688 0.511011 0.511787 0.512272 0.512471 0.512142 0.511276 0.510198 0.509440 0.508990 0.508728 0.508593 0.508768 0.509263 0.509885 0.510676 0.511476 0.512124 0.512521 0.512361 0.511762 0.511017 0.510834 0.511030 0.510788 0.510173 0.509253 0.508734 0.508785 0.509067 0.509234 0.509176 0.509224 -9999.0 -9999.0 -9999.0 -9999.0 -9999.0 -9999.0 -9999.0 -9999.0 -9999.0 -9999.0 -9999.0
-9999.0 -9999.0 -9999.0 0.507202 0.507267 0.507377 0.507560 0.507982 0.508750 0.509739 0.510979 0.510936 0.509830 0.509402 0.509199 0.507925 0.508769 0.508180 0.507849 0.507957 0.508921 0.510364 0.510544 0.511280 0.511871 0.512054 0.511614 0.510672 0.509718 0.509011 0.508581 0.508361 0.508423 0.508598 0.508942 0.509576 0.510460 0.511324 0.512001 0.512219 0.512018 0.511539 0.511235 0.511245 0.510991 0.510465 0.509428 0.508522 0.508257 0.508412 0.508611 0.508535 0.508477 -9999.0 -9999.0 -9999.0 -9999.0 -9999.0 -9999.0 -9999.0 -9999.0 -9999.0 -9999.0 -9999.0
-9999.0 -9999.0 -9999.0 0.507259 0.507230 0.507338 0.507491 0.507806 0.508411 0.509308 0.510481 0.511014 0.510172 0.509806 0.509564 0.508719 0.508914 0.508237 0.507729 0.507584 0.507814 0.508752 0.510060 0.510261 0.511073 0.511610 0.511555 0.510940 0.510047 0.509236 0.508732 0.508482 0.508439 0.508321 0.508415 0.508794 0.509510 0.510288 0.510958 0.511392 0.511596 0.511480 0.511249 0.510910 0.510974 0.510729 0.509890 0.508739 0.508011 0.507886 0.508056 0.507826 0.508387 -9999.0 -9999.0 -9999.0 -9999.0 -9999.0 -9999.0 -9999.0 -9999.0 -9999.0 -9999.0 -9999.0
-9999.0 -9999.0 0.507091 0.507219 0.507272 0.507307 0.507407 0.507636 0.508089 0.508828 0.509956 0.511254 0.510871 0.510221 0.509934 0.509532 0.507870 0.508312 0.507713 0.507421 0.507417 0.507669 0.508549 0.509845 0.510139 0.510954 0.511303 0.511067 0.510354 0.509543 0.509066 0.508877 0.508812 0.508540 0.508400 0.508487 0.508907 0.509461 0.509979 0.510493 0.510888 0.510997 0.510591 0.510447 0.510545 0.510662 0.510325 0.509377 0.508376 0.507979 0.507764 0.507866 -9999.0 -9999.0 -9999.0 -9999.0 -9999.0 -9999.0 -9999.0 -9999.0 -9999.0 -9999.0 -9999.0 -9999.0
-9999.0 -9999.0 0.507183 0.507224 0.507279 0.507296 0.507348 0.507501 0.507811 0.508342 0.509043 0.509967 0.510722 0.510937 0.510340 0.509895 0.508410 0.508492 0.507767 0.507384 0.507253 0.507302 0.507545 0.508409 0.509697 0.510336 0.510688 0.510922 0.510591 0.509970 0.509523 0.509357 0.509310 0.509091 0.508853 0.508714 0.508833 0.509141 0.509556 0.510080 0.510518 0.510425 0.510203 0.509843 0.509778 0.510057 0.510277 0.509934 0.509079 0.508406 0.508040 -9999.0 -9999.0 -9999.0 -9999.0 -9999.0 -9999.0 -9999.0 -9999.0 -9999.0 -9999.0 -9999.0 -9999.0 -9999.0
-9999.0 -9999.0 0.507330 0.507269 0.507262 0.507273 0.507307 0.507404 0.507614 0.507980 0.508494 0.509067 0.509949 0.510878 0.510672 0.510388 0.508769 0.508948 0.508029 0.507521 0.507285 0.507211 0.507271 0.507514 0.508114 0.509104 0.510437 0.510254 0.510313 0.509986 0.509642 0.509527 0.509585 0.509567 0.509425 0.509216 0.509171 0.509318 0.509671 0.510197 0.510412 0.510534 0.510126 0.509481 0.509122 0.509230 0.509653 0.509858 0.509487 0.508492 0.508421 -9999.0 -9999.0 -9999.0 -9999.0 -9999.0 -9999.0 -9999.0 -9999.0 -9999.0 -9999.0 -9999.0 -9999.0 -9999.0
-9999.0 -9999.0 0.507322 0.507234 0.507227 0.507234 0.507264 0.507328 0.507473 0.507739 0.508161 0.508669 0.509554 0.510918 0.510757 0.510940 0.509608 0.509931 0.508834 0.508119 0.507705 0.507438 0.507306 0.507339 0.507526 0.507880 0.508764 0.509788 0.509458 0.509432 0.509239 0.509162 0.509300 0.509452 0.509493 0.509356 0.509346 0.509523 0.509949 0.510306 0.510908 0.511120 0.510648 0.509741 0.509007 0.508735 0.508932 0.509213 0.509312 0.508659 0.508549 -9999.0 -9999.0 -9999.0 -9999.0 -9999.0 -9999.0 -9999.0 -9999.0 -9999.0 -9999.0 -9999.0 -9999.0 -9999.0
-9999.0 0.507000 0.507140 0.507182 0.507185 0.507191 0.507217 0.507259 0.507358 0.507563 0.507935 0.508430 0.509021 0.510186 0.511595 0.511297 0.510528 0.511198 0.510219 0.509515 0.507774 0.508131 0.507690 0.507455 0.507426 0.507522 0.507701 0.508294 0.508931 0.508567 0.508558 0.508575 0.508783 0.508699 0.508781 0.508637 0.508654 0.508937 0.509488 0.510250 0.511070 0.511587 0.511446 0.510747 0.509939 0.509268 0.508885 0.508662 0.508615 0.508569 -9999.0 -9999.0 -9999.0 -9999.0 -9999.0 -9999.0 -9999.0 -9999.0 -9999.0 -9999.0 -9999.0 -9999.0 -9999.0 -9999.0
-9999.0 0.507029 0.507097 0.507164 0.507178 0.507189 0.507207 0.507219 0.507259 0.507395 0.507694 0.508169 0.508735 0.509386 0.510715 0.512248 0.511808 0.510871 0.510305 0.509586 0.508970 0.509168 0.508494 0.507956 0.507653 0.507522 0.507489 0.507571 0.507977 0.508098 0.507878 0.507960 0.508194 0.508127 0.508206 0.508003 0.507902 0.508130 0.508676 0.509516 0.510537 0.511438 0.511870 0.511658 0.511119 0.510472 0.509804 0.508971 0.507978 0.508235 -9999.0 -9999.0 -9999.0 -9999.0 -9999.0 -9999.0 -9999.0 -9999.0 -9999.0 -9999.0 -9999.0 -9999.0 -9999.0 -9999.0
-9999.0 0.507080 0.507151 0.507181 0.507203 0.507232 0.507250 0.507235 0.507211 0.507260 0.507441 0.507800 0.508286 0.508855 0.509550 0.510971 0.512542 0.511960 0.511803 0.511174 0.510475 0.509224 0.508639 0.508085 0.507605 0.507264 0.506740 0.507728 0.507921 0.507900 0.507631 0.507648 0.507795 0.508000 0.507827 0.507678 0.507450 0.507473 0.507785 0.508372 0.509211 0.510203 0.511087 0.511508 0.511550 0.511324 0.510886 0.509890 0.508419 0.507704 -9999.0 -9999.0 -9999.0 -9999.0 -9999.0 -9999.0 -9999.0 -9999.0 -9999.0 -9999.0 -9999.0 -9999.0 -9999.0 -9999.0
-9999.0 0.507130 0.507173 0.507220 0.507245 0.507298 0.507337 0.507310 0.507230 0.507199 0.507270 0.507473 0.507797 0.508215 0.508744 0.509453 0.510877 0.511864 0.511682 0.511361 0.510832 0.510390 0.510039 0.509588 0.509018 0.508615 0.508407 0.507916 0.507849 0.508058 0.507794 0.507546 0.507458 0.507594 0.507535 0.507656 0.507486 0.507300 0.507286 0.507533 0.508009 0.508685 0.509451 0.510025 0.510439 0.510693 0.510713 0.510091 0.508715 0.508336 -9999.0 -9999.0 -9999.0 -9999.0 -9999.0 -9999.0 -9999.0 -9999.0 -9999.0 -9999.0 -9999.0 -9999.0 -9999.0 -9999.0
-9999.0 0.507134 0.507191 0.507241 0.507273 0.507344 0.507420 0.507418 0.507318 0.507223 0.507208 0.507288 0.507459 0.507705 0.508058 0.508564 0.509530 0.511265 0.511007 0.511043 0.510830 0.510645 0.510510 0.510280 0.510027 0.509891 0.509788 0.509632 0.509429 0.509140 0.508632 0.507950 0.507441 0.507407 0.507749 0.507865 0.508010 0.507797 0.507452 0.507129 0.507429 0.508307 0.508435 0.508896 0.509426 0.509895 0.510204 0.509621 0.508689 -9999.0 -9999.0 -9999.0 -9999.0 -9999.0 -9999.0 -9999.0 -9999.0 -9999.0 -9999.0 -9999.0 -9999.0 -9999.0 -9999.0 -9999.0
-9999.0 0.507150 0.507213 0.507262 0.507301 0.507388 0.507493 0.507532 0.507454 0.507325 0.507241 0.507239 0.507312 0.507444 0.507669 0.508040 0.508655 0.509947 0.510752 0.510571 0.510626 0.510559 0.510476 0.510397 0.510405 0.510382 0.510280 0.510103 0.509981 0.509814 0.509410 0.508645 0.507844 0.507531 0.507760 0.508308 0.508529 0.508676 0.508283 0.507713 0.507270 -9999.0 -9999.0 -9999.0 -9999.0 -9999.0 -9999.0 -9999.0 -9999.0 -9999.0 -9999.0 -9999.0 -9999.0 -9999.0 -9999.0 -9999.0 -9999.0 -9999.0 -9999.0 -9999.0 -9999.0 -9999.0 -9999.0 -9999.0
