tests/3D/Muntatschini_ref_005/output-maps-SE27XX/thetaliqL0007N0001.asc
ncols         108
nrows         156
xllcorner     619971.250000
yllcorner     5169711.250000
cellsize      20.000000
NODATA_value  -9999.0
[rows 58 to 86 of 156, columns 0 to 63 of 108]
-9999.0 -9999.0 -9999.0 -9999.0 -9999.0 -9999.0 -9999.0 -9999.0 -9999.0 -9999.0 -9999.0 -9999.0 -9999.0 -9999.0 -9999.0 -9999.0 -9999.0 -9999.0 -9999.0 -9999.0 -9999.0 -9999.0 -9999.0 -9999.0 -9999.0 -9999.0 -9999.0 -9999.0 -9999.0 -9999.0 -9999.0 -9999.0 -9999.0 -9999.0 -9999.0 -9999.0 0.421709 0.421216 0.421742 0.421251 0.420913 0.421011 0.421720 0.422713 0.424487 0.426282 0.427633 0.428346 0.428373 0.427939 0.427159 0.426303 0.425397 0.424640 0.424203 0.424146 0.424434 0.424940 0.425458 0.425632 0.425211 0.424430 0.423628 0.423045
-9999.0 -9999.0 -9999.0 -9999.0 -9999.0 -9999.0 -9999.0 -9999.0 -9999.0 -9999.0 -9999.0 -9999.0 -9999.0 -9999.0 -9999.0 -9999.0 -9999.0 -9999.0 -9999.0 -9999.0 -9999.0 -9999.0 -9999.0 -9999.0 -9999.0 -9999.0 -9999.0 -9999.0 -9999.0 -9999.0 -9999.0 -9999.0 -9999.0 -9999.0 -9999.0 0.423712 0.423417 0.422924 0.422273 0.421556 0.420975 0.420851 0.421380 0.422647 0.424136 0.425959 0.427085 0.427522 0.427494 0.427279 0.426842 0.426323 0.425698 0.425070 0.424516 0.424153 0.424131 0.424607 0.425295 0.425823 0.425648 0.424905 0.424013 0.423277
-9999.0 -9999.0 -9999.0 -9999.0 -9999.0 -9999.0 -9999.0 -9999.0 -9999.0 -9999.0 -9999.0 -9999.0 -9999.0 -9999.0 -9999.0 -9999.0 -9999.0 -9999.0 -9999.0 -9999.0 -9999.0 -9999.0 -9999.0 -9999.0 -9999.0 -9999.0 -9999.0 -9999.0 -9999.0 -9999.0 -9999.0 -9999.0 0.421582 0.422810 0.425139 0.424601 0.423900 0.423835 0.422997 0.422039 0.421337 0.421070 0.421322 0.422301 0.424129 0.425810 0.427020 0.427341 0.427136 0.426853 0.426490 0.426150 0.425768 0.425326 0.424829 0.424328 0.424032 0.424239 0.424946 0.425670 0.425893 0.425456 0.424693 0.423935
-9999.0 -9999.0 -9999.0 -9999.0 -9999.0 -9999.0 -9999.0 -9999.0 -9999.0 -9999.0 -9999.0 -9999.0 -9999.0 -9999.0 -9999.0 -9999.0 -9999.0 -9999.0 -9999.0 -9999.0 -9999.0 -9999.0 -9999.0 -9999.0 -9999.0 -9999.0 -9999.0 -9999.0 -9999.0 -9999.0 0.423730 0.424699 0.423479 0.422392 0.423789 0.424721 0.425112 0.424604 0.423542 0.422350 0.421491 0.421099 0.421090 0.421744 0.423357 0.425158 0.426720 0.427360 0.427290 0.426925 0.426466 0.426075 0.425774 0.425435 0.425026 0.424467 0.423973 0.423859 0.424339 0.425089 0.425572 0.425600 0.425247 0.424702
-9999.0 -9999.0 -9999.0 -9999.0 -9999.0 -9999.0 -9999.0 -9999.0 -9999.0 -9999.0 -9999.0 -9999.0 -9999.0 -9999.0 -9999.0 -9999.0 -9999.0 -9999.0 -9999.0 -9999.0 -9999.0 -9999.0 -9999.0 -9999.0 -9999.0 -9999.0 -9999.0 -9999.0 -9999.0 0.422050 0.421933 0.423538 0.424319 0.424329 0.424281 0.425430 0.425786 0.425371 0.424057 0.422421 0.421219 0.420655 0.420519 0.420955 0.422209 0.424178 0.425646 0.426849 0.427324 0.427240 0.426842 0.426282 0.425780 0.425351 0.425014 0.424544 0.424008 0.423655 0.423805 0.424303 0.424845 0.425187 0.425344 0.425186
-9999.0 -9999.0 -9999.0 -9999.0 -9999.0 -9999.0 -9999.0 -9999.0 -9999.0 -9999.0 -9999.0 -9999.0 -9999.0 -9999.0 -9999.0 -9999.0 -9999.0 -9999.0 -9999.0 -9999.0 -9999.0 -9999.0 -9999.0 -9999.0 -9999.0 0.421346 0.421332 0.422057 0.422669 0.422094 0.422670 0.423702 0.424460 0.424796 0.425199 0.425825 0.426352 0.426057 0.424653 0.422613 0.421007 0.420200 0.420011 0.420320 0.421203 0.422711 0.424141 0.425687 0.426730 0.427181 0.427191 0.426690 0.425982 0.425307 0.424891 0.424513 0.424051 0.423639 0.423540 0.423722 0.424036 0.424474 0.424903 0.425149
-9999.0 -9999.0 -9999.0 -9999.0 -9999.0 -9999.0 -9999.0 -9999.0 -9999.0 -9999.0 -9999.0 -9999.0 -9999.0 -9999.0 -9999.0 -9999.0 -9999.0 -9999.0 -9999.0 -9999.0 -9999.0 -9999.0 -9999.0 0.425918 0.425752 0.423468 0.422159 0.421762 0.422037 0.422405 0.422989 0.423872 0.424552 0.424919 0.425386 0.426063 0.426799 0.426788 0.425587 0.423344 0.421324 0.420156 0.419817 0.419991 0.420589 0.421671 0.423187 0.424352 0.425701 0.426661 0.427213 0.427033 0.426263 0.425391 0.424873 0.424585 0.424211 0.423792 0.423497 0.423415 0.423458 0.423731 0.424186 0.424650
-9999.0 -9999.0 -9999.0 -9999.0 -9999.0 -9999.0 -9999.0 -9999.0 -9999.0 -9999.0 -9999.0 -9999.0 -9999.0 -9999.0 -9999.0 -9999.0 -9999.0 -9999.0 -9999.0 -9999.0 -9999.0 0.428788 0.429515 0.427276 0.425892 0.425033 0.423831 0.423262 0.423063 0.423033 0.423238 0.423697 0.424234 0.424685 0.425293 0.426121 0.427100 0.427468 0.426713 0.424623 0.422292 0.420629 0.419934 0.419894 0.420298 0.421123 0.422359 0.423375 0.424740 0.425942 0.426915 0.427145 0.426506 0.425637 0.425038 0.424737 0.424394 0.423990 0.423602 0.423300 0.423098 0.423113 0.423465 0.423933
-9999.0 -9999.0 -9999.0 -9999.0 -9999.0 -9999.0 -9999.0 -9999.0 -9999.0 -9999.0 -9999.0 -9999.0 -9999.0 -9999.0 -9999.0 -9999.0 -9999.0 -9999.0 -9999.0 -9999.0 0.429570 0.427638 0.428545 0.428767 0.428182 0.426845 0.425535 0.424522 0.423864 0.423375 0.423119 0.423173 0.423492 0.424028 0.424779 0.425771 0.426923 0.427746 0.427737 0.426282 0.423882 0.421613 0.420277 0.419860 0.420092 0.420833 0.422008 0.423387 0.424429 0.425722 0.426704 0.426953 0.426488 0.425894 0.425437 0.425117 0.424715 0.424228 0.423756 0.423284 0.422887 0.422672 0.422836 0.423274
-9999.0 -9999.0 -9999.0 -9999.0 -9999.0 -9999.0 -9999.0 -9999.0 -9999.0 -9999.0 -9999.0 -9999.0 -9999.0 -9999.0 -9999.0 -9999.0 -9999.0 -9999.0 0.430197 0.431417 0.430645 0.429228 0.428812 0.428868 0.428819 0.428696 0.427348 0.425773 0.424517 0.423634 0.423018 0.422705 0.422767 0.423305 0.424178 0.425224 0.426392 0.427509 0.428249 0.427792 0.425851 0.423168 0.420980 0.419945 0.419897 0.420580 0.421853 0.423419 0.424667 0.425979 0.426748 0.426869 0.426519 0.426104 0.425778 0.425533 0.425227 0.424783 0.424259 0.423583 0.422930 0.422456 0.422422 0.422763
-9999.0 -9999.0 -9999.0 -9999.0 -9999.0 -9999.0 -9999.0 -9999.0 -9999.0 -9999.0 -9999.0 -9999.0 -9999.0 -9999.0 -9999.0 -9999.0 0.426140 0.428353 0.428070 0.428980 0.429472 0.428494 0.427534 0.427286 0.427839 0.428232 0.427695 0.426331 0.424937 0.424345 0.423480 0.422820 0.422597 0.423011 0.423878 0.424828 0.425849 0.427017 0.428276 0.428831 0.427815 0.425210 0.422308 0.420483 0.419989 0.420457 0.421731 0.423537 0.425156 0.426515 0.426997 0.426874 0.426536 0.426192 0.425942 0.425866 0.425872 0.425682 0.425186 0.424334 0.423387 0.422610 0.422309 0.422489
-9999.0 -9999.0 -9999.0 -9999.0 -9999.0 -9999.0 -9999.0 -9999.0 -9999.0 -9999.0 -9999.0 -9999.0 -9999.0 -9999.0 -9999.0 0.423130 0.423234 0.426502 0.428207 0.428473 0.428241 0.427078 0.425501 0.424616 0.425013 0.426070 0.426720 0.426414 0.425587 0.425247 0.424345 0.423433 0.422913 0.423109 0.423895 0.424770 0.425667 0.426677 0.428083 0.429349 0.429506 0.427664 0.424624 0.421999 0.420825 0.420838 0.421820 0.423645 0.425990 0.427131 0.427478 0.427197 0.426748 0.426301 0.425957 0.426043 0.426431 0.426629 0.426301 0.425355 0.424130 0.423024 0.422427 0.422418
-9999.0 -9999.0 -9999.0 -9999.0 -9999.0 -9999.0 -9999.0 -9999.0 -9999.0 -9999.0 -9999.0 -9999.0 -9999.0 -9999.0 -9999.0 0.425440 0.424961 0.426921 0.427767 0.427776 0.427183 0.425880 0.424664 0.423265 0.422976 0.423763 0.424471 0.425210 0.425783 0.425572 0.424981 0.424078 0.423327 0.423186 0.423747 0.424560 0.425464 0.426427 0.427869 0.429548 0.430828 0.430280 0.427851 0.424754 0.422708 0.421993 0.422383 0.423956 0.426453 0.427894 0.428175 0.427708 0.427065 0.426549 0.426151 0.426210 0.426675 0.427130 0.427075 0.426209 0.424868 0.423544 0.422684 0.422455
-9999.0 -9999.0 -9999.0 -9999.0 -9999.0 -9999.0 -9999.0 -9999.0 -9999.0 -9999.0 -9999.0 -9999.0 -9999.0 -9999.0 -9999.0 0.429686 0.427584 0.428898 0.428773 0.427306 0.425927 0.425198 0.423835 0.422507 0.421833 0.422051 0.422915 0.423908 0.424551 0.424898 0.424809 0.424237 0.423452 0.422994 0.423197 0.423874 0.424788 0.425754 0.427173 0.429234 0.431557 0.432472 0.431110 0.428149 0.425424 0.423862 0.423478 0.424555 0.426963 0.428745 0.429239 0.428665 0.427695 0.426959 0.426474 0.426384 0.426729 0.427193 0.427323 0.426634 0.425336 0.423948 0.422943 0.422553
-9999.0 -9999.0 -9999.0 -9999.0 -9999.0 -9999.0 -9999.0 -9999.0 -9999.0 -9999.0 -9999.0 -9999.0 -9999.0 -9999.0 0.426236 0.427925 0.429958 0.431090 0.429381 0.426750 0.425273 0.424820 0.423797 0.422572 0.421668 0.421408 0.421744 0.422449 0.423147 0.423719 0.424020 0.423907 0.423347 0.422693 0.422450 0.422777 0.423500 0.424349 0.425624 0.427836 0.430732 0.432932 0.432870 0.430721 0.427883 0.425753 0.424635 0.425085 0.426734 0.429141 0.430131 0.429807 0.428741 0.427756 0.427030 0.426686 0.426860 0.427284 0.427476 0.426885 0.425619 0.424268 0.423233 0.422750
-9999.0 -9999.0 -9999.0 -9999.0 -9999.0 -9999.0 -9999.0 -9999.0 -9999.0 -9999.0 -9999.0 -9999.0 -9999.0 0.426280 0.426177 0.428609 0.431712 0.431901 0.429206 0.426618 0.425421 0.424764 0.424267 0.423031 0.422019 0.421504 0.421434 0.421712 0.422182 0.422698 0.423134 0.423357 0.423157 0.422550 0.421967 0.421807 0.422002 0.422416 0.423289 0.425182 0.427961 0.430933 0.432190 0.431396 0.429170 0.427013 0.425401 0.424851 0.426325 0.428653 0.430276 0.430699 0.430015 0.428940 0.427957 0.427407 0.427421 0.427724 0.427859 0.427321 0.426056 0.424686 0.423630 0.423113
-9999.0 -9999.0 -9999.0 -9999.0 -9999.0 -9999.0 -9999.0 -9999.0 -9999.0 -9999.0 -9999.0 -9999.0 0.428717 0.427513 0.428359 0.430927 0.432701 0.431220 0.428353 0.426506 0.426015 0.425715 0.425231 0.423738 0.422472 0.421778 0.421527 0.421581 0.421840 0.422195 0.422572 0.422926 0.423044 0.422662 0.421955 0.421345 0.420945 0.420825 0.421199 0.422417 0.424510 0.427372 0.429372 0.429858 0.428694 0.427052 0.425409 0.424914 0.425390 0.427302 0.429365 0.430777 0.430998 0.430295 0.429288 0.428558 0.428334 0.428484 0.428590 0.428131 0.426852 0.425346 0.424153 0.423554
-9999.0 -9999.0 -9999.0 -9999.0 -9999.0 -9999.0 -9999.0 -9999.0 -9999.0 -9999.0 -9999.0 0.429417 0.429045 0.429287 0.430911 0.433263 0.432923 0.430347 0.427724 0.426512 0.426520 0.426599 0.426269 0.424554 0.422910 0.422035 0.421798 0.421877 0.422038 0.422190 0.422395 0.422737 0.423107 0.423042 0.422394 0.421454 0.420558 0.420006 0.419994 0.420629 0.421967 0.424122 0.426078 0.427157 0.426904 0.425967 0.424810 0.424214 0.424452 0.425738 0.427413 0.429499 0.430729 0.430843 0.430296 0.429655 0.429290 0.429228 0.429278 0.428959 0.427841 0.426226 0.424835 0.424057
-9999.0 -9999.0 -9999.0 -9999.0 -9999.0 -9999.0 -9999.0 -9999.0 -9999.0 -9999.0 0.430643 0.429791 0.429487 0.430886 0.433281 0.434160 0.432491 0.429938 0.427706 0.426757 0.426984 0.427477 0.426831 0.425278 0.423220 0.422231 0.422070 0.422242 0.422403 0.422444 0.422510 0.422819 0.423352 0.423566 0.423057 0.421987 0.420792 0.419906 0.419577 0.419809 0.420655 0.422103 0.423578 0.424577 0.424883 0.424670 0.424095 0.423378 0.423100 0.423719 0.425336 0.427148 0.429199 0.430333 0.430509 0.430101 0.429719 0.429521 0.429546 0.429356 0.428540 0.427072 0.425645 0.424707
-9999.0 -9999.0 -9999.0 -9999.0 -9999.0 -9999.0 -9999.0 -9999.0 -9999.0 0.432661 0.431576 0.430435 0.430478 0.432568 0.433937 0.433582 0.432019 0.430207 0.428387 0.427370 0.427578 0.428279 0.427596 0.425691 0.423369 0.422332 0.422222 0.422493 0.422744 0.422745 0.422698 0.422964 0.423597 0.424046 0.423722 0.422668 0.421290 0.420105 0.419499 0.419483 0.420056 0.421092 0.422212 0.423071 0.423720 0.423962 0.423536 0.422599 0.422034 0.422114 0.423022 0.424842 0.426871 0.428946 0.429991 0.430015 0.429701 0.429413 0.429309 0.429091 0.428525 0.427518 0.426448 0.425623
-9999.0 -9999.0 -9999.0 -9999.0 -9999.0 -9999.0 -9999.0 -9999.0 0.431280 0.432656 0.432580 0.432064 0.432410 0.433033 0.433225 0.432863 0.432011 0.430519 0.428866 0.427860 0.428168 0.428888 0.428042 0.425874 0.423383 0.422261 0.422173 0.422554 0.422927 0.423015 0.422944 0.423119 0.423670 0.424264 0.424205 0.423281 0.421736 0.420233 0.419397 0.419253 0.419711 0.420590 0.421611 0.422503 0.423334 0.423667 0.423238 0.422354 0.421729 0.421392 0.421581 0.422617 0.424786 0.427072 0.429043 0.429678 0.429510 0.429170 0.428893 0.428500 0.427942 0.427448 0.427055 0.426714
-9999.0 -9999.0 -9999.0 -9999.0 -9999.0 -9999.0 -9999.0 0.427082 0.429705 0.432053 0.433875 0.434599 0.433903 0.432730 0.432377 0.432189 0.431581 0.430253 0.428906 0.428279 0.428729 0.429327 0.428383 0.426137 0.423331 0.421944 0.421840 0.422400 0.422949 0.423177 0.423146 0.423227 0.423606 0.424206 0.424455 0.423816 0.422212 0.420355 0.419244 0.419003 0.419403 0.420300 0.421423 0.422377 0.423060 0.423278 0.423062 0.422537 0.422024 0.421463 0.421077 0.421256 0.422599 0.425188 0.427495 0.429041 0.429338 0.429062 0.428542 0.427857 0.427197 0.427138 0.427416 0.427601
-9999.0 -9999.0 -9999.0 -9999.0 -9999.0 -9999.0 0.423239 0.425618 0.428328 0.431411 0.434994 0.436096 0.434758 0.432868 0.432110 0.431948 0.431388 0.430126 0.428669 0.428118 0.428704 0.429586 0.429021 0.426428 0.423554 0.421568 0.421208 0.421860 0.422663 0.423162 0.423311 0.423345 0.423485 0.423971 0.424569 0.424488 0.423047 0.420807 0.419275 0.418852 0.419153 0.420076 0.421322 0.422163 0.422475 0.422593 0.422770 0.422767 0.422535 0.422001 0.421242 0.420745 0.421214 0.423115 0.425525 0.427815 0.428861 0.428901 0.428276 0.427337 0.426683 0.426968 0.427630 0.428062
-9999.0 -9999.0 -9999.0 -9999.0 -9999.0 0.421116 0.422374 0.424414 0.426972 0.430947 0.435227 0.436840 0.435759 0.433675 0.432401 0.432138 0.431651 0.430285 0.428477 0.427788 0.428413 0.429660 0.429662 0.427479 0.424229 0.421453 0.420597 0.421072 0.422019 0.422803 0.423261 0.423425 0.423404 0.423659 0.424447 0.425103 0.424301 0.421917 0.419827 0.419032 0.419136 0.420013 0.421231 0.421789 0.421689 0.421682 0.422062 0.422511 0.422701 0.422442 0.421652 0.420894 0.420781 0.421855 0.424041 0.426138 0.427954 0.428583 0.428030 0.426919 0.426357 0.426736 0.427377 0.427826
-9999.0 -9999.0 -9999.0 -9999.0 -9999.0 0.421116 0.422231 0.423198 0.425712 0.429723 0.433526 0.435917 0.436048 0.434545 0.432954 0.432469 0.432081 0.430792 0.428654 0.427544 0.427977 0.429492 0.430239 0.428678 0.425396 0.421861 0.420344 0.420363 0.421179 0.422143 0.422970 0.423420 0.423343 0.423259 0.423961 0.425277 0.425617 0.423793 0.421356 0.419966 0.419659 0.420309 0.421244 0.421394 0.420997 0.420883 0.421265 0.421999 0.422523 0.422441 0.421779 0.421202 0.420978 0.421466 0.422787 0.424826 0.426612 0.427851 0.427587 0.426453 0.425830 0.425964 0.426437 0.426915
-9999.0 -9999.0 -9999.0 -9999.0 -9999.0 0.421478 0.422028 0.422236 0.424843 0.428307 0.431249 0.434120 0.435481 0.434806 0.433134 0.432176 0.431644 0.430478 0.428675 0.427580 0.427976 0.429469 0.430613 0.429777 0.427149 0.423279 0.420912 0.420183 0.420537 0.421419 0.422544 0.423429 0.423484 0.422988 0.423170 0.424607 0.426138 0.425771 0.423836 0.421981 0.421120 0.421339 0.421614 0.421220 0.420649 0.420469 0.420761 0.421564 0.422190 0.422064 0.421503 0.421217 0.421223 0.421446 0.422096 0.423439 0.425468 0.426593 0.426646 0.425687 0.424921 0.424727 0.425160 0.426056
-9999.0 -9999.0 -9999.0 -9999.0 -9999.0 0.420520 0.421018 0.422285 0.425364 0.427893 0.429332 0.431884 0.434306 0.434839 0.433514 0.432101 0.431107 0.429725 0.427938 0.426836 0.427343 0.429032 0.430820 0.431130 0.429216 0.426068 0.422819 0.421065 0.420685 0.421216 0.422412 0.423698 0.424033 0.423196 0.422536 0.423318 0.425235 0.426519 0.426027 0.424501 0.423406 0.423107 0.422505 0.421565 0.420830 0.420547 0.420721 0.421375 0.421833 0.421568 0.421021 0.420850 0.421060 0.421290 0.421613 0.422380 0.423856 0.424857 0.425151 0.424570 0.423843 0.423483 0.423951 0.425641
-9999.0 -9999.0 -9999.0 -9999.0 0.418852 0.419763 0.421638 0.423105 0.426782 0.428556 0.428940 0.430980 0.433796 0.435231 0.434533 0.432944 0.431396 0.429329 0.426858 0.425241 0.425390 0.427118 0.429600 0.431383 0.431335 0.429000 0.426149 0.423448 0.422169 0.422168 0.423106 0.424501 0.425100 0.424093 0.422471 0.422041 0.423254 0.425231 0.426328 0.426148 0.425711 0.425159 0.423865 0.422507 0.421544 0.421094 0.421068 0.421355 0.421497 0.421146 0.420616 0.420432 0.420677 0.420984 0.421233 0.421667 0.422580 0.423564 0.423552 0.423435 0.423145 0.422588 0.422414 0.423858
-9999.0 -9999.0 -9999.0 -9999.0 0.419845 0.420515 0.422002 0.424044 0.428255 0.429668 0.429502 0.431095 0.434060 0.436171 0.436163 0.434794 0.433159 0.430625 0.427130 0.424108 0.422916 0.423801 0.426207 0.428899 0.430603 0.430348 0.428376 0.426380 0.424635 0.424040 0.423975 0.425093 0.426299 0.425431 0.423168 0.421489 0.421524 0.422988 0.424842 0.426217 0.426909 0.426583 0.425228 0.423768 0.422663 0.422045 0.421683 0.421468 0.421253 0.420845 0.420342 0.420110 0.420305 0.420691 0.421035 0.421356 0.421844 0.422386 0.422696 0.422474 0.423043 0.423499 0.422999 -9999.0
