tests/3D/Muntatschini_ref_005/output-maps-SE27XX/thetaliqL0001N0011.asc
ncols         108
nrows         156
xllcorner     619971.250000
yllcorner     5169711.250000
cellsize      20.000000
NODATA_value  -9999.0
[rows 58 to 86 of 156, columns 0 to 63 of 108]
-9999.0 -9999.0 -9999.0 -9999.0 -9999.0 -9999.0 -9999.0 -9999.0 -9999.0 -9999.0 -9999.0 -9999.0 -9999.0 -9999.0 -9999.0 -9999.0 -9999.0 -9999.0 -9999.0 -9999.0 -9999.0 -9999.0 -9999.0 -9999.0 -9999.0 -9999.0 -9999.0 -9999.0 -9999.0 -9999.0 -9999.0 -9999.0 -9999.0 -9999.0 -9999.0 -9999.0 0.407591 0.406915 0.404816 0.404475 0.404210 0.404493 0.405405 0.409007 0.410911 0.412846 0.414291 0.415039 0.415037 0.414540 0.413691 0.412768 0.411800 0.411000 0.410534 0.410481 0.410796 0.411804 0.412360 0.412536 0.412074 0.411235 0.410379 0.409770
-9999.0 -9999.0 -9999.0 -9999.0 -9999.0 -9999.0 -9999.0 -9999.0 -9999.0 -9999.0 -9999.0 -9999.0 -9999.0 -9999.0 -9999.0 -9999.0 -9999.0 -9999.0 -9999.0 -9999.0 -9999.0 -9999.0 -9999.0 -9999.0 -9999.0 -9999.0 -9999.0 -9999.0 -9999.0 -9999.0 -9999.0 -9999.0 -9999.0 -9999.0 -9999.0 0.409655 0.409325 0.406212 0.405494 0.404806 0.404249 0.404274 0.405000 0.406630 0.410595 0.412479 0.413677 0.414131 0.414082 0.413848 0.413370 0.412813 0.412138 0.411455 0.410854 0.410470 0.410467 0.410995 0.412193 0.412743 0.412539 0.411735 0.410784 0.410006
-9999.0 -9999.0 -9999.0 -9999.0 -9999.0 -9999.0 -9999.0 -9999.0 -9999.0 -9999.0 -9999.0 -9999.0 -9999.0 -9999.0 -9999.0 -9999.0 -9999.0 -9999.0 -9999.0 -9999.0 -9999.0 -9999.0 -9999.0 -9999.0 -9999.0 -9999.0 -9999.0 -9999.0 -9999.0 -9999.0 -9999.0 -9999.0 0.404150 0.408491 0.411173 0.410826 0.409922 0.407254 0.406338 0.405355 0.404723 0.404548 0.405020 0.406149 0.408286 0.412364 0.413595 0.413917 0.413692 0.413395 0.413000 0.412635 0.412212 0.411733 0.411193 0.410662 0.410359 0.410595 0.411364 0.412592 0.412807 0.412327 0.411503 0.410695
-9999.0 -9999.0 -9999.0 -9999.0 -9999.0 -9999.0 -9999.0 -9999.0 -9999.0 -9999.0 -9999.0 -9999.0 -9999.0 -9999.0 -9999.0 -9999.0 -9999.0 -9999.0 -9999.0 -9999.0 -9999.0 -9999.0 -9999.0 -9999.0 -9999.0 -9999.0 -9999.0 -9999.0 -9999.0 -9999.0 0.406418 0.407362 0.406211 0.408299 0.409834 0.410825 0.408663 0.408100 0.406971 0.405743 0.404933 0.404708 0.404794 0.405563 0.407413 0.411712 0.413279 0.413950 0.413859 0.413461 0.412963 0.412544 0.412214 0.411854 0.411409 0.410815 0.410291 0.410188 0.410714 0.411519 0.412477 0.412491 0.412099 0.411514
-9999.0 -9999.0 -9999.0 -9999.0 -9999.0 -9999.0 -9999.0 -9999.0 -9999.0 -9999.0 -9999.0 -9999.0 -9999.0 -9999.0 -9999.0 -9999.0 -9999.0 -9999.0 -9999.0 -9999.0 -9999.0 -9999.0 -9999.0 -9999.0 -9999.0 -9999.0 -9999.0 -9999.0 -9999.0 0.404489 0.404475 0.406504 0.407534 0.407709 0.410399 0.409070 0.409465 0.409014 0.407578 0.405931 0.404737 0.404242 0.404197 0.404737 0.406137 0.408382 0.412199 0.413431 0.413910 0.413801 0.413359 0.412764 0.412227 0.411776 0.411414 0.410905 0.410326 0.409957 0.410131 0.410664 0.411236 0.412058 0.412212 0.412031
-9999.0 -9999.0 -9999.0 -9999.0 -9999.0 -9999.0 -9999.0 -9999.0 -9999.0 -9999.0 -9999.0 -9999.0 -9999.0 -9999.0 -9999.0 -9999.0 -9999.0 -9999.0 -9999.0 -9999.0 -9999.0 -9999.0 -9999.0 -9999.0 -9999.0 0.403787 0.403777 0.404524 0.405116 0.404893 0.405751 0.407064 0.407917 0.408428 0.408982 0.409617 0.410156 0.409886 0.408325 0.406157 0.404498 0.403738 0.403641 0.404033 0.405024 0.406732 0.410611 0.412185 0.413278 0.413749 0.413746 0.413214 0.412453 0.411729 0.411278 0.410864 0.410364 0.409927 0.409823 0.410020 0.410358 0.410826 0.411750 0.412001
-9999.0 -9999.0 -9999.0 -9999.0 -9999.0 -9999.0 -9999.0 -9999.0 -9999.0 -9999.0 -9999.0 -9999.0 -9999.0 -9999.0 -9999.0 -9999.0 -9999.0 -9999.0 -9999.0 -9999.0 -9999.0 -9999.0 -9999.0 0.408811 0.408461 0.406049 0.404635 0.404216 0.405000 0.405578 0.406337 0.407411 0.408210 0.408679 0.409210 0.409968 0.410695 0.410726 0.409354 0.406931 0.404819 0.403666 0.403393 0.403631 0.404307 0.405505 0.407248 0.410778 0.412184 0.413218 0.413812 0.413598 0.412751 0.411805 0.411250 0.410934 0.410526 0.410072 0.409762 0.409678 0.409729 0.410027 0.410989 0.411482
-9999.0 -9999.0 -9999.0 -9999.0 -9999.0 -9999.0 -9999.0 -9999.0 -9999.0 -9999.0 -9999.0 -9999.0 -9999.0 -9999.0 -9999.0 -9999.0 -9999.0 -9999.0 -9999.0 -9999.0 -9999.0 0.415880 0.416237 0.410189 0.408960 0.407990 0.406718 0.406339 0.406334 0.406389 0.406759 0.407339 0.407949 0.408489 0.409164 0.410087 0.411193 0.411500 0.410581 0.408298 0.405829 0.404139 0.403460 0.403466 0.403949 0.404861 0.406277 0.409748 0.411164 0.412477 0.413519 0.413725 0.412998 0.412051 0.411411 0.411094 0.410721 0.410283 0.409866 0.409546 0.409330 0.409361 0.409747 0.410724
-9999.0 -9999.0 -9999.0 -9999.0 -9999.0 -9999.0 -9999.0 -9999.0 -9999.0 -9999.0 -9999.0 -9999.0 -9999.0 -9999.0 -9999.0 -9999.0 -9999.0 -9999.0 -9999.0 -9999.0 0.416626 0.414594 0.415542 0.415528 0.411846 0.410369 0.409046 0.408032 0.407418 0.406960 0.406738 0.406825 0.407180 0.407912 0.408751 0.409851 0.411059 0.411858 0.411720 0.410088 0.407527 0.405140 0.403769 0.403377 0.403671 0.404515 0.405815 0.407440 0.410869 0.412227 0.413266 0.413494 0.412970 0.412333 0.411846 0.411497 0.411052 0.410528 0.410025 0.409520 0.409101 0.408882 0.409067 0.409549
-9999.0 -9999.0 -9999.0 -9999.0 -9999.0 -9999.0 -9999.0 -9999.0 -9999.0 -9999.0 -9999.0 -9999.0 -9999.0 -9999.0 -9999.0 -9999.0 -9999.0 -9999.0 0.417472 0.418509 0.417924 0.416358 0.415951 0.415986 0.415640 0.412626 0.411200 0.409538 0.408221 0.407288 0.406651 0.406427 0.406538 0.407154 0.408123 0.409265 0.410495 0.411645 0.412359 0.411776 0.409634 0.406768 0.404467 0.403417 0.403433 0.404221 0.405623 0.407411 0.411117 0.412483 0.413292 0.413393 0.413009 0.412565 0.412212 0.411938 0.411594 0.411111 0.410548 0.409827 0.409130 0.408633 0.408616 0.409001
-9999.0 -9999.0 -9999.0 -9999.0 -9999.0 -9999.0 -9999.0 -9999.0 -9999.0 -9999.0 -9999.0 -9999.0 -9999.0 -9999.0 -9999.0 -9999.0 0.413086 0.415186 0.415137 0.416113 0.416700 0.415647 0.414606 0.414342 0.414933 0.415174 0.414584 0.413121 0.411557 0.408058 0.407236 0.406545 0.406332 0.406827 0.407747 0.408786 0.409901 0.411169 0.412473 0.412985 0.411764 0.408914 0.405843 0.403945 0.403490 0.404067 0.405481 0.407523 0.411683 0.413043 0.413542 0.413400 0.413035 0.412664 0.412384 0.412290 0.412285 0.412071 0.411534 0.410616 0.409604 0.408783 0.408483 0.408697
-9999.0 -9999.0 -9999.0 -9999.0 -9999.0 -9999.0 -9999.0 -9999.0 -9999.0 -9999.0 -9999.0 -9999.0 -9999.0 -9999.0 -9999.0 0.409674 0.409843 0.413410 0.415326 0.415670 0.415389 0.414113 0.412437 0.411524 0.411984 0.413121 0.413763 0.413395 0.412413 0.409147 0.408156 0.407177 0.406635 0.406889 0.407734 0.408715 0.409708 0.410835 0.412326 0.413596 0.413595 0.411538 0.408278 0.405519 0.404359 0.404466 0.405595 0.407584 0.410268 0.413755 0.414055 0.413739 0.413251 0.412758 0.412385 0.412486 0.412903 0.413109 0.412739 0.411705 0.410393 0.409218 0.408600 0.408610
-9999.0 -9999.0 -9999.0 -9999.0 -9999.0 -9999.0 -9999.0 -9999.0 -9999.0 -9999.0 -9999.0 -9999.0 -9999.0 -9999.0 -9999.0 0.412426 0.411757 0.414004 0.414924 0.414925 0.414243 0.412680 0.408436 0.406973 0.406854 0.407793 0.411450 0.412054 0.409851 0.409523 0.408850 0.407856 0.407074 0.406964 0.407605 0.408494 0.409507 0.410576 0.412119 0.413862 0.415142 0.414395 0.411736 0.408468 0.406376 0.405743 0.406270 0.407952 0.410722 0.414573 0.414798 0.414275 0.413584 0.413012 0.412586 0.412677 0.413204 0.413688 0.413602 0.412641 0.411188 0.409767 0.408865 0.408637
-9999.0 -9999.0 -9999.0 -9999.0 -9999.0 -9999.0 -9999.0 -9999.0 -9999.0 -9999.0 -9999.0 -9999.0 -9999.0 -9999.0 -9999.0 0.417119 0.414809 0.416152 0.415930 0.414326 0.412686 0.409004 0.407562 0.406187 0.405537 0.405828 0.406819 0.407876 0.408492 0.408821 0.408669 0.408044 0.407217 0.406768 0.407023 0.407777 0.408790 0.409845 0.411390 0.413623 0.416103 0.416958 0.415378 0.412200 0.409363 0.407804 0.407509 0.408667 0.411318 0.415507 0.415941 0.415293 0.414236 0.413444 0.412943 0.412887 0.413290 0.413786 0.413904 0.413119 0.411696 0.410194 0.409137 0.408740
-9999.0 -9999.0 -9999.0 -9999.0 -9999.0 -9999.0 -9999.0 -9999.0 -9999.0 -9999.0 -9999.0 -9999.0 -9999.0 -9999.0 0.413263 0.415163 0.417388 0.418451 0.416509 0.413680 0.411442 0.408561 0.407427 0.406160 0.405262 0.405049 0.405447 0.406207 0.406956 0.407546 0.407859 0.407722 0.407126 0.406444 0.406211 0.406598 0.407402 0.408341 0.409745 0.412194 0.415407 0.417718 0.417532 0.415126 0.412108 0.409936 0.408838 0.409382 0.413247 0.415916 0.416924 0.416527 0.415356 0.414308 0.413557 0.413234 0.413448 0.413897 0.414081 0.413390 0.411995 0.410539 0.409443 0.408940
-9999.0 -9999.0 -9999.0 -9999.0 -9999.0 -9999.0 -9999.0 -9999.0 -9999.0 -9999.0 -9999.0 -9999.0 -9999.0 0.413212 0.413248 0.415931 0.419222 0.419284 0.416304 0.413019 0.411716 0.410805 0.407878 0.406605 0.405572 0.405070 0.405037 0.405358 0.405876 0.406447 0.406926 0.407152 0.406925 0.406282 0.405692 0.405546 0.405771 0.406235 0.407246 0.409378 0.412500 0.415736 0.416993 0.416038 0.413631 0.411366 0.409746 0.411261 0.412939 0.415417 0.417111 0.417516 0.416745 0.415604 0.414573 0.414017 0.414044 0.414361 0.414481 0.413851 0.412459 0.410978 0.409858 0.409315
-9999.0 -9999.0 -9999.0 -9999.0 -9999.0 -9999.0 -9999.0 -9999.0 -9999.0 -9999.0 -9999.0 -9999.0 0.415759 0.414588 0.415600 0.418383 0.420202 0.418509 0.414902 0.412915 0.412406 0.411952 0.408941 0.407349 0.406020 0.405323 0.405088 0.405171 0.405477 0.405880 0.406308 0.406675 0.406799 0.406385 0.405637 0.404995 0.404604 0.404511 0.404987 0.406407 0.408774 0.411914 0.414048 0.414502 0.413237 0.411476 0.409749 0.409350 0.412018 0.414030 0.416170 0.417660 0.417868 0.417106 0.416022 0.415255 0.415023 0.415178 0.415265 0.414727 0.413312 0.411677 0.410403 0.409761
-9999.0 -9999.0 -9999.0 -9999.0 -9999.0 -9999.0 -9999.0 -9999.0 -9999.0 -9999.0 -9999.0 0.416493 0.416249 0.416581 0.418425 0.420856 0.420397 0.417560 0.414242 0.412963 0.413009 0.412940 0.410095 0.408211 0.406446 0.405548 0.405329 0.405459 0.405654 0.405839 0.406087 0.406454 0.406842 0.406764 0.406063 0.405072 0.404140 0.403594 0.403662 0.404452 0.405999 0.408391 0.410507 0.411648 0.411357 0.410356 0.409121 0.408481 0.408785 0.410254 0.414201 0.416354 0.417658 0.417763 0.417149 0.416460 0.416060 0.415984 0.416023 0.415637 0.414380 0.412614 0.411114 0.410289
-9999.0 -9999.0 -9999.0 -9999.0 -9999.0 -9999.0 -9999.0 -9999.0 -9999.0 -9999.0 0.417821 0.417032 0.416819 0.418399 0.420934 0.421742 0.419877 0.416630 0.414246 0.413283 0.413587 0.414103 0.413074 0.408972 0.406767 0.405736 0.405606 0.405827 0.406024 0.406083 0.406168 0.406508 0.407079 0.407293 0.406728 0.405601 0.404349 0.403450 0.403176 0.403522 0.404525 0.406168 0.407795 0.408868 0.409185 0.408959 0.408329 0.407541 0.407254 0.407964 0.409867 0.413959 0.416074 0.417261 0.417419 0.416968 0.416544 0.416332 0.416344 0.416096 0.415151 0.413517 0.411976 0.410977
-9999.0 -9999.0 -9999.0 -9999.0 -9999.0 -9999.0 -9999.0 -9999.0 -9999.0 0.419998 0.418933 0.417790 0.417946 0.420166 0.421545 0.421083 0.419391 0.416983 0.415055 0.414011 0.414292 0.415005 0.413989 0.409404 0.406906 0.405832 0.405763 0.406078 0.406366 0.406386 0.406347 0.406655 0.407327 0.407784 0.407420 0.406294 0.404847 0.403636 0.403065 0.403142 0.403836 0.405011 0.406252 0.407211 0.407894 0.408138 0.407627 0.406618 0.406054 0.406217 0.407252 0.409403 0.413681 0.415807 0.416898 0.416904 0.416549 0.416230 0.416102 0.415822 0.415145 0.413999 0.412830 0.411953
-9999.0 -9999.0 -9999.0 -9999.0 -9999.0 -9999.0 -9999.0 -9999.0 0.418540 0.420130 0.420098 0.419619 0.419974 0.420588 0.420758 0.420362 0.419003 0.417398 0.415634 0.414591 0.414944 0.415669 0.414461 0.409584 0.406911 0.405758 0.405711 0.406143 0.406553 0.406656 0.406605 0.406809 0.407399 0.408015 0.407930 0.406938 0.405311 0.403757 0.402926 0.402862 0.403427 0.404418 0.405569 0.406543 0.407423 0.407734 0.407229 0.406294 0.405659 0.405366 0.405654 0.406849 0.409374 0.413905 0.415899 0.416546 0.416345 0.415964 0.415644 0.415172 0.414514 0.413925 0.413488 0.413149
-9999.0 -9999.0 -9999.0 -9999.0 -9999.0 -9999.0 -9999.0 0.414037 0.416966 0.419590 0.421589 0.422307 0.421484 0.420218 0.419883 0.419684 0.418616 0.417181 0.415736 0.415068 0.415541 0.416125 0.414828 0.409870 0.406843 0.405421 0.405361 0.405975 0.406569 0.406830 0.406813 0.406915 0.407332 0.407959 0.408208 0.407504 0.405806 0.403867 0.402737 0.402555 0.403063 0.404076 0.405316 0.406336 0.407030 0.407218 0.406968 0.406426 0.405913 0.405380 0.405032 0.405291 0.406834 0.409816 0.414314 0.415879 0.416165 0.415833 0.415230 0.414437 0.413681 0.413596 0.413915 0.414143
-9999.0 -9999.0 -9999.0 -9999.0 -9999.0 -9999.0 0.409892 0.412519 0.415540 0.418986 0.422804 0.423897 0.422416 0.420418 0.419644 0.419471 0.418862 0.417039 0.415463 0.414882 0.415512 0.416420 0.415714 0.412594 0.407085 0.405010 0.404678 0.405397 0.406275 0.406814 0.406981 0.407034 0.407202 0.407714 0.408343 0.408227 0.406667 0.404304 0.402735 0.402360 0.402762 0.403795 0.405156 0.406043 0.406343 0.406447 0.406631 0.406644 0.406423 0.405881 0.405127 0.404655 0.405256 0.407477 0.412218 0.414569 0.415641 0.415632 0.414897 0.413831 0.413094 0.413430 0.414186 0.414683
-9999.0 -9999.0 -9999.0 -9999.0 -9999.0 0.404438 0.408944 0.411274 0.414177 0.418511 0.423066 0.424731 0.423553 0.421307 0.419958 0.419678 0.419122 0.417181 0.415234 0.414518 0.415212 0.416540 0.416457 0.413843 0.407806 0.404855 0.404007 0.404558 0.405596 0.406437 0.406924 0.407115 0.407106 0.407377 0.408202 0.408881 0.407985 0.405450 0.403275 0.402517 0.402711 0.403689 0.405012 0.405586 0.405473 0.405461 0.405869 0.406374 0.406579 0.406302 0.405500 0.404724 0.404696 0.405951 0.408419 0.412824 0.414652 0.415266 0.414596 0.413349 0.412749 0.413217 0.413964 0.414461
-9999.0 -9999.0 -9999.0 -9999.0 -9999.0 0.407610 0.408838 0.410040 0.412859 0.417171 0.421275 0.423845 0.423947 0.422297 0.420585 0.420063 0.419599 0.417718 0.415404 0.414247 0.414755 0.416401 0.417112 0.415119 0.409045 0.405255 0.403694 0.403799 0.404694 0.405723 0.406611 0.407102 0.407022 0.406934 0.407681 0.409063 0.409393 0.407417 0.404857 0.403468 0.403220 0.403966 0.404973 0.405125 0.404705 0.404600 0.405032 0.405845 0.406386 0.406252 0.405555 0.404975 0.404781 0.405400 0.406832 0.409115 0.413280 0.414467 0.414100 0.412835 0.412202 0.412433 0.412985 0.413475
-9999.0 -9999.0 -9999.0 -9999.0 -9999.0 0.408148 0.408662 0.409062 0.411933 0.415658 0.418855 0.421940 0.423353 0.422590 0.420774 0.419737 0.419143 0.417854 0.415447 0.414291 0.414742 0.416346 0.417490 0.416280 0.410897 0.406728 0.404273 0.403571 0.403988 0.404935 0.406145 0.407101 0.407145 0.406624 0.406828 0.408359 0.409964 0.409531 0.407496 0.405602 0.404748 0.405016 0.405317 0.404890 0.404301 0.404154 0.404490 0.405376 0.406007 0.405811 0.405211 0.404914 0.404955 0.405260 0.405959 0.407413 0.409695 0.413160 0.413091 0.412026 0.411241 0.411121 0.411587 0.412536
-9999.0 -9999.0 -9999.0 -9999.0 -9999.0 0.407046 0.407713 0.409124 0.412453 0.415135 0.416708 0.419501 0.422101 0.422641 0.421181 0.419670 0.418583 0.417060 0.414671 0.413506 0.414062 0.415872 0.417733 0.417945 0.415470 0.409692 0.406263 0.404462 0.404100 0.404688 0.405990 0.407367 0.407716 0.406819 0.406133 0.406985 0.409042 0.410402 0.409921 0.408332 0.407203 0.406873 0.406213 0.405216 0.404483 0.404213 0.404441 0.405153 0.405590 0.405260 0.404654 0.404493 0.404737 0.405013 0.405362 0.406192 0.407801 0.411321 0.411494 0.410833 0.410104 0.409713 0.410236 0.411994
-9999.0 -9999.0 -9999.0 -9999.0 0.405151 0.406107 0.408388 0.410011 0.413931 0.415762 0.416207 0.418477 0.421519 0.423046 0.422248 0.420537 0.418853 0.416616 0.413957 0.411781 0.411963 0.413834 0.416476 0.418325 0.418150 0.415257 0.409810 0.406957 0.405648 0.405686 0.406714 0.408216 0.408846 0.407760 0.406053 0.405640 0.406973 0.409149 0.410398 0.410230 0.409711 0.409067 0.407649 0.406210 0.405226 0.404794 0.404792 0.405099 0.405208 0.404758 0.404144 0.403975 0.404249 0.404607 0.404883 0.405362 0.406329 0.407393 0.409830 0.409619 0.409266 0.408729 0.408528 0.409937
-9999.0 -9999.0 -9999.0 -9999.0 0.406240 0.406901 0.408800 0.411060 0.415485 0.416932 0.416803 0.418602 0.421826 0.424084 0.424026 0.422523 0.420724 0.417964 0.414195 0.410503 0.409268 0.410274 0.412890 0.415765 0.417517 0.417127 0.414651 0.410163 0.408328 0.407768 0.410148 0.411223 0.410143 0.409191 0.406783 0.405037 0.405147 0.406811 0.408887 0.410395 0.411073 0.410616 0.409132 0.407579 0.406434 0.405811 0.405430 0.405172 0.404879 0.404376 0.403826 0.403573 0.403811 0.404231 0.404600 0.404942 0.405453 0.405960 0.406152 0.408543 0.409095 0.409656 0.408845 -9999.0
