tests/3D/Muntatschini_ref_005/output-maps-SE27XX/thetaliqL0011N0003.asc
ncols         108
nrows         156
xllcorner     619971.250000
yllcorner     5169711.250000
cellsize      20.000000
NODATA_value  -9999.0
[rows 87 to 115 of 156, columns 0 to 63 of 108]
-9999.0 -9999.0 -9999.0 -9999.0 0.449297 0.449474 0.450023 0.451862 0.455646 0.456821 0.456495 0.457535 0.460107 0.462452 0.463088 0.462225 0.461093 0.459308 0.456130 0.452290 0.449802 0.449294 0.450371 0.452237 0.454002 0.454844 0.454511 0.453375 0.452285 0.451691 0.451785 0.452627 0.453426 0.453305 0.451491 0.449366 0.448521 0.449012 0.450512 0.452396 0.453643 0.453641 0.452800 0.451867 0.451168 0.450505 0.449746 0.449105 0.448709 0.448351 0.447935 0.447674 0.447762 0.448114 0.448527 0.448844 0.449093 0.449303 0.449451 0.449629 0.449869 -9999.0 -9999.0 -9999.0
-9999.0 -9999.0 -9999.0 -9999.0 0.450432 0.450325 0.450401 0.451893 0.455595 0.456721 0.456091 0.456634 0.459156 0.462215 0.463798 0.463427 0.462624 0.461631 0.459322 0.455170 0.451182 0.449206 0.449154 0.450119 0.451202 0.451697 0.451475 0.450893 0.450366 0.450204 0.450580 0.451609 0.452806 0.453298 0.452236 0.450152 0.448770 0.448635 0.449694 0.451611 0.453111 0.453309 0.452862 0.452497 0.452250 0.451497 0.450288 0.449275 0.448735 0.448383 0.447958 0.447588 0.447533 0.447829 0.448337 0.448796 0.449056 0.449162 0.449193 0.449316 -9999.0 -9999.0 -9999.0 -9999.0
-9999.0 -9999.0 -9999.0 -9999.0 0.451371 0.450893 0.450739 0.451984 0.455760 0.456810 0.455660 0.455350 0.457300 0.460721 0.463374 0.463981 0.463741 0.463485 0.462499 0.459410 0.454972 0.451528 0.450250 0.450415 0.450855 0.450661 0.449766 0.448776 0.448291 0.448430 0.449110 0.450145 0.451376 0.452130 0.452029 0.450593 0.449212 0.448802 0.449496 0.451187 0.452667 0.452846 0.452592 0.452729 0.453008 0.452444 0.450986 0.449628 0.448910 0.448566 0.448155 0.447670 0.447409 0.447545 0.448020 0.448595 0.448972 0.449111 0.449141 -9999.0 -9999.0 -9999.0 -9999.0 -9999.0
-9999.0 -9999.0 -9999.0 -9999.0 0.451547 0.450776 0.450954 0.452189 0.456117 0.457144 0.455679 0.454563 0.455474 0.458299 0.461492 0.463373 0.464170 0.464553 0.464546 0.463034 0.459560 0.455653 0.453295 0.452856 0.453106 0.452527 0.450751 0.448798 0.447790 0.447802 0.448486 0.449401 0.450353 0.451194 0.451214 0.450396 0.449337 0.449023 0.449714 0.451466 0.452923 0.452796 0.452304 0.452647 0.453458 0.453485 0.452089 0.450380 0.449303 0.448862 0.448477 0.447940 0.447493 0.447449 0.447810 0.448360 0.448832 0.449021 -9999.0 -9999.0 -9999.0 -9999.0 -9999.0 -9999.0
-9999.0 -9999.0 -9999.0 -9999.0 0.450843 0.450104 0.449568 0.452670 0.456637 0.457482 0.455797 0.454179 0.454138 0.455896 0.458696 0.461176 0.462846 0.463906 0.464630 0.464533 0.462667 0.459536 0.456873 0.456108 0.456716 0.456859 0.455109 0.452072 0.449778 0.449019 0.449322 0.450075 0.450818 0.451471 0.451430 0.450446 0.449641 0.449520 0.450454 0.452402 0.453636 0.453159 0.452519 0.452974 0.454086 0.454701 0.453664 0.451719 0.450154 0.449405 0.448977 0.448435 0.447866 0.447626 0.447889 0.448528 0.448564 -9999.0 -9999.0 -9999.0 -9999.0 -9999.0 -9999.0 -9999.0
-9999.0 -9999.0 -9999.0 -9999.0 0.449956 0.449613 0.449761 0.453313 0.456928 0.457646 0.456171 0.454505 0.453800 0.454512 0.456409 0.458504 0.460121 0.461171 0.462098 0.462951 0.462776 0.461158 0.459048 0.458188 0.459097 0.460513 0.460408 0.458111 0.454963 0.452839 0.452133 0.452466 0.453040 0.453489 0.453091 0.451836 0.450713 0.450596 0.451689 0.453724 0.454718 0.454144 0.453717 0.454055 0.455107 0.455872 0.455297 0.453676 0.451738 0.450469 0.449769 0.449191 0.448576 0.448124 0.448100 0.449021 -9999.0 -9999.0 -9999.0 -9999.0 -9999.0 -9999.0 -9999.0 -9999.0
-9999.0 -9999.0 -9999.0 -9999.0 0.448855 0.448901 0.450367 0.454111 0.457281 0.457903 0.456777 0.455211 0.454085 0.454190 0.455615 0.457376 0.458470 0.458644 0.458591 0.459024 0.459547 0.459352 0.458314 0.457518 0.458133 0.460043 0.461738 0.461625 0.459519 0.456890 0.455127 0.454676 0.455063 0.455688 0.455492 0.454239 0.452895 0.452506 0.453349 0.455130 0.455878 0.455570 0.455181 0.455330 0.456184 0.456870 0.456810 0.455538 0.453924 0.452293 0.451160 0.450358 0.449653 0.448957 0.448338 0.448722 -9999.0 -9999.0 -9999.0 -9999.0 -9999.0 -9999.0 -9999.0 -9999.0
-9999.0 -9999.0 -9999.0 -9999.0 0.448163 0.448636 0.450520 0.454515 0.457420 0.458255 0.457651 0.456246 0.454684 0.454245 0.455568 0.457799 0.459245 0.458935 0.457500 0.456275 0.455768 0.455652 0.455315 0.454748 0.454705 0.455800 0.457819 0.459541 0.459724 0.458345 0.456498 0.455321 0.455292 0.456125 0.456599 0.456077 0.455047 0.454636 0.455252 0.456594 0.456950 0.456549 0.456258 0.456370 0.456683 0.457112 0.457207 0.456774 0.455638 0.454411 0.453074 0.452025 0.451187 0.450310 0.449034 0.448244 -9999.0 -9999.0 -9999.0 -9999.0 -9999.0 -9999.0 -9999.0 -9999.0
-9999.0 -9999.0 -9999.0 -9999.0 -9999.0 0.449246 0.450225 0.454137 0.456922 0.457981 0.457854 0.456810 0.455143 0.454248 0.455307 0.458170 0.461017 0.461844 0.460217 0.457416 0.454925 0.453526 0.452924 0.452535 0.452146 0.452154 0.453075 0.454780 0.456443 0.456958 0.456227 0.454981 0.454373 0.454864 0.455682 0.456063 0.455907 0.456028 0.456885 0.458013 0.458093 0.457400 0.456889 0.456892 0.457090 0.457073 0.456834 0.456638 0.456366 0.455656 0.454813 0.453788 0.452887 0.452228 0.450985 0.448527 -9999.0 -9999.0 -9999.0 -9999.0 -9999.0 -9999.0 -9999.0 -9999.0
-9999.0 -9999.0 -9999.0 -9999.0 -9999.0 0.448884 0.449825 0.453219 0.455931 0.457182 0.457271 0.456550 0.455102 0.453955 0.454342 0.457054 0.461171 0.464362 0.464784 0.462404 0.458580 0.455282 0.453456 0.452738 0.452287 0.451696 0.451487 0.452053 0.453525 0.455030 0.455679 0.455172 0.454245 0.453887 0.454052 0.454517 0.455047 0.455951 0.457448 0.458769 0.458903 0.458069 0.457285 0.457013 0.457029 0.456984 0.456583 0.456136 0.455921 0.455863 0.455424 0.455017 0.454349 0.453395 0.453873 -9999.0 -9999.0 -9999.0 -9999.0 -9999.0 -9999.0 -9999.0 -9999.0 -9999.0
-9999.0 -9999.0 -9999.0 -9999.0 -9999.0 0.447944 0.449124 0.452336 0.454977 0.456317 0.456368 0.455666 0.454500 0.453373 0.453063 0.454717 0.458716 0.463630 0.466871 0.466941 0.464129 0.460168 0.457072 0.455588 0.455155 0.454574 0.453705 0.453012 0.453329 0.454571 0.455920 0.456448 0.455805 0.454706 0.453677 0.453239 0.453536 0.454522 0.456195 0.457730 0.458310 0.458042 0.457546 0.457034 0.456652 0.456625 0.456435 0.455937 0.455452 0.455386 0.455448 0.455231 0.455365 0.454600 0.454417 -9999.0 -9999.0 -9999.0 -9999.0 -9999.0 -9999.0 -9999.0 -9999.0 -9999.0
-9999.0 -9999.0 -9999.0 -9999.0 -9999.0 0.447744 0.448797 0.451740 0.454433 0.455892 0.455799 0.454804 0.453655 0.452683 0.452024 0.452494 0.455095 0.459880 0.464950 0.467787 0.467422 0.464585 0.461215 0.458929 0.458157 0.457815 0.457110 0.456047 0.455399 0.455852 0.456999 0.458191 0.458403 0.457417 0.455638 0.454022 0.453251 0.453226 0.454186 0.455495 0.456433 0.457054 0.457276 0.456754 0.455945 0.455835 0.456124 0.456040 0.455515 0.455254 0.455467 0.455670 0.455165 0.456410 -9999.0 -9999.0 -9999.0 -9999.0 -9999.0 -9999.0 -9999.0 -9999.0 -9999.0 -9999.0
-9999.0 -9999.0 -9999.0 -9999.0 -9999.0 0.447775 0.448725 0.451385 0.454119 0.455843 0.455787 0.454605 0.453228 0.452215 0.451456 0.451139 0.452254 0.455605 0.460689 0.465183 0.467158 0.466303 0.463775 0.461097 0.459354 0.458540 0.457988 0.457408 0.456769 0.456834 0.457531 0.458777 0.459870 0.460054 0.459061 0.457136 0.455128 0.453682 0.453628 0.454098 0.454616 0.455584 0.456690 0.456700 0.455655 0.454982 0.455264 0.455797 0.455791 0.455624 0.455812 0.456627 0.456242 0.456438 -9999.0 -9999.0 -9999.0 -9999.0 -9999.0 -9999.0 -9999.0 -9999.0 -9999.0 -9999.0
-9999.0 -9999.0 -9999.0 -9999.0 -9999.0 0.448027 0.448607 0.451070 0.453946 0.455889 0.456066 0.454607 0.453221 0.452255 0.451479 0.450630 0.450611 0.452403 0.456504 0.461466 0.465031 0.465983 0.464832 0.462516 0.459960 0.457985 0.456718 0.456150 0.455856 0.455905 0.456332 0.457322 0.458911 0.460520 0.461310 0.460428 0.458292 0.456407 0.455636 0.454822 0.454148 0.454506 0.455888 0.456674 0.456039 0.454986 0.454711 0.455259 0.455729 0.455963 0.456162 0.457047 0.459865 -9999.0 -9999.0 -9999.0 -9999.0 -9999.0 -9999.0 -9999.0 -9999.0 -9999.0 -9999.0 -9999.0
-9999.0 -9999.0 -9999.0 -9999.0 -9999.0 0.448160 0.448528 0.450620 0.453566 0.455830 0.456253 0.455096 0.453476 0.452547 0.451695 0.450718 0.449978 0.450491 0.453116 0.457466 0.461841 0.464322 0.464775 0.463697 0.461537 0.458840 0.456283 0.454619 0.453947 0.453786 0.453987 0.454604 0.456044 0.458299 0.460354 0.461100 0.460581 0.459900 0.459134 0.457438 0.455613 0.454784 0.455677 0.456867 0.456796 0.455492 0.454426 0.454515 0.455170 0.455715 0.455917 0.456082 0.458270 -9999.0 -9999.0 -9999.0 -9999.0 -9999.0 -9999.0 -9999.0 -9999.0 -9999.0 -9999.0 -9999.0
-9999.0 -9999.0 -9999.0 -9999.0 0.447010 0.447250 0.448163 0.449999 0.452926 0.455520 0.456331 0.455499 0.453949 0.452913 0.452081 0.451009 0.449903 0.449521 0.450706 0.453711 0.457755 0.461019 0.462822 0.463368 0.462773 0.460804 0.457814 0.454940 0.453216 0.452391 0.452145 0.452299 0.453174 0.454971 0.457011 0.458938 0.460538 0.461660 0.462018 0.460812 0.458595 0.456554 0.456349 0.457308 0.457620 0.456276 0.454379 0.453585 0.454012 0.454763 0.455179 0.455197 0.455279 -9999.0 -9999.0 -9999.0 -9999.0 -9999.0 -9999.0 -9999.0 -9999.0 -9999.0 -9999.0 -9999.0
-9999.0 -9999.0 -9999.0 -9999.0 0.447046 0.447101 0.447795 0.449340 0.451956 0.454896 0.456338 0.455924 0.454487 0.453235 0.452464 0.451746 0.450425 0.449245 0.449169 0.450636 0.453546 0.456773 0.459323 0.461120 0.462145 0.461753 0.459528 0.456309 0.453663 0.452113 0.451330 0.451017 0.451271 0.452058 0.453372 0.455573 0.458348 0.460726 0.462344 0.462445 0.461046 0.458897 0.457765 0.457999 0.458272 0.457002 0.454515 0.452693 0.452447 0.453057 0.453789 0.453949 0.454040 -9999.0 -9999.0 -9999.0 -9999.0 -9999.0 -9999.0 -9999.0 -9999.0 -9999.0 -9999.0 -9999.0
-9999.0 -9999.0 -9999.0 0.446785 0.446822 0.447150 0.447628 0.448784 0.450950 0.453813 0.456163 0.456502 0.455252 0.453902 0.453174 0.452398 0.451149 0.449453 0.448458 0.448696 0.450329 0.452880 0.455541 0.457976 0.459954 0.460961 0.460103 0.457579 0.454666 0.452545 0.451281 0.450616 0.450390 0.450298 0.450902 0.452577 0.455198 0.457880 0.460175 0.461440 0.461327 0.460072 0.458740 0.458473 0.458757 0.457881 0.455240 0.452431 0.451135 0.451203 0.451845 0.451792 0.451536 -9999.0 -9999.0 -9999.0 -9999.0 -9999.0 -9999.0 -9999.0 -9999.0 -9999.0 -9999.0 -9999.0
-9999.0 -9999.0 -9999.0 0.446805 0.446771 0.447027 0.447434 0.448297 0.449985 0.452554 0.455278 0.456615 0.456170 0.454957 0.453904 0.452879 0.451520 0.449602 0.448144 0.447690 0.448278 0.449930 0.452196 0.454790 0.457318 0.459277 0.459649 0.458219 0.455732 0.453421 0.451930 0.451106 0.450544 0.449898 0.449891 0.450752 0.452547 0.454806 0.456962 0.458629 0.459443 0.459233 0.458382 0.458113 0.458545 0.458462 0.456586 0.453453 0.451025 0.450165 0.450086 0.449788 0.450145 -9999.0 -9999.0 -9999.0 -9999.0 -9999.0 -9999.0 -9999.0 -9999.0 -9999.0 -9999.0 -9999.0
-9999.0 -9999.0 0.446466 0.446708 0.446883 0.446948 0.447204 0.447829 0.449079 0.451172 0.453783 0.455775 0.456342 0.455688 0.454622 0.453437 0.451792 0.449819 0.448121 0.447277 0.447223 0.447891 0.449404 0.451646 0.454308 0.456996 0.458621 0.458511 0.456817 0.454594 0.453023 0.452198 0.451570 0.450842 0.450366 0.450463 0.451359 0.452920 0.454538 0.456041 0.457124 0.457473 0.457069 0.456737 0.457108 0.457835 0.457508 0.455322 0.452439 0.450743 0.450027 0.449304 -9999.0 -9999.0 -9999.0 -9999.0 -9999.0 -9999.0 -9999.0 -9999.0 -9999.0 -9999.0 -9999.0 -9999.0
-9999.0 -9999.0 0.446648 0.446746 0.446878 0.446915 0.447050 0.447462 0.448312 0.449795 0.451796 0.453848 0.455343 0.455826 0.455739 0.454872 0.452915 0.450405 0.448323 0.447221 0.446817 0.446914 0.447541 0.449029 0.451252 0.454013 0.456456 0.457682 0.457255 0.455689 0.454221 0.453402 0.452930 0.452540 0.451951 0.451533 0.451695 0.452522 0.453661 0.454971 0.456121 0.456655 0.456246 0.455346 0.455016 0.455788 0.456793 0.456455 0.454388 0.452212 0.452153 -9999.0 -9999.0 -9999.0 -9999.0 -9999.0 -9999.0 -9999.0 -9999.0 -9999.0 -9999.0 -9999.0 -9999.0 -9999.0
-9999.0 -9999.0 0.447051 0.446855 0.446829 0.446848 0.446939 0.447200 0.447772 0.448787 0.450235 0.451861 0.453688 0.455446 0.456868 0.456875 0.454842 0.451806 0.449147 0.447678 0.446981 0.446729 0.446840 0.447462 0.448774 0.450836 0.453217 0.455148 0.455871 0.455245 0.454145 0.453452 0.453351 0.453574 0.453401 0.452961 0.452826 0.453251 0.454151 0.455429 0.456781 0.457450 0.456675 0.454886 0.453537 0.453518 0.454608 0.455537 0.455044 0.452689 0.451946 -9999.0 -9999.0 -9999.0 -9999.0 -9999.0 -9999.0 -9999.0 -9999.0 -9999.0 -9999.0 -9999.0 -9999.0 -9999.0
-9999.0 -9999.0 0.446949 0.446765 0.446724 0.446733 0.446817 0.446993 0.447389 0.448123 0.449300 0.450745 0.452589 0.454772 0.457128 0.458482 0.457528 0.454708 0.451499 0.449413 0.448195 0.447402 0.446992 0.447029 0.447508 0.448457 0.449965 0.451629 0.452841 0.453077 0.452582 0.452139 0.452322 0.452901 0.453203 0.453060 0.453069 0.453587 0.454622 0.456188 0.458126 0.459389 0.458757 0.456436 0.454076 0.452791 0.452749 0.453380 0.453968 0.453174 0.451141 -9999.0 -9999.0 -9999.0 -9999.0 -9999.0 -9999.0 -9999.0 -9999.0 -9999.0 -9999.0 -9999.0 -9999.0 -9999.0
-9999.0 0.446179 0.446489 0.446622 0.446611 0.446618 0.446691 0.446808 0.447078 0.447642 0.448674 0.450090 0.451779 0.453959 0.456602 0.459102 0.459911 0.458449 0.455527 0.452952 0.450889 0.449377 0.448122 0.447428 0.447299 0.447528 0.447997 0.448819 0.449690 0.450182 0.450213 0.450153 0.450574 0.451295 0.451713 0.451570 0.451512 0.452178 0.453518 0.455647 0.458371 0.460596 0.460999 0.459364 0.456970 0.454807 0.453304 0.452388 0.452087 0.453615 -9999.0 -9999.0 -9999.0 -9999.0 -9999.0 -9999.0 -9999.0 -9999.0 -9999.0 -9999.0 -9999.0 -9999.0 -9999.0 -9999.0
-9999.0 0.446196 0.446404 0.446560 0.446591 0.446620 0.446673 0.446716 0.446817 0.447178 0.447994 0.449336 0.450957 0.452836 0.455369 0.458320 0.460644 0.460885 0.459120 0.456525 0.454230 0.452342 0.450428 0.448894 0.448016 0.447633 0.447520 0.447716 0.448167 0.448449 0.448502 0.448550 0.449025 0.449826 0.450297 0.450011 0.449499 0.449708 0.450812 0.453013 0.456154 0.459360 0.461426 0.461493 0.460209 0.458355 0.456345 0.454076 0.451540 0.451616 -9999.0 -9999.0 -9999.0 -9999.0 -9999.0 -9999.0 -9999.0 -9999.0 -9999.0 -9999.0 -9999.0 -9999.0 -9999.0 -9999.0
-9999.0 0.446364 0.446532 0.446607 0.446665 0.446744 0.446803 0.446774 0.446702 0.446817 0.447293 0.448279 0.449651 0.451281 0.453271 0.456062 0.458972 0.460735 0.460437 0.458705 0.456815 0.455097 0.453338 0.451566 0.450005 0.448916 0.448287 0.448242 0.448350 0.448338 0.448160 0.447992 0.448202 0.448847 0.449462 0.449396 0.448676 0.448257 0.448587 0.449902 0.452188 0.455103 0.458004 0.459776 0.460317 0.459944 0.458870 0.456609 0.452880 0.450532 -9999.0 -9999.0 -9999.0 -9999.0 -9999.0 -9999.0 -9999.0 -9999.0 -9999.0 -9999.0 -9999.0 -9999.0 -9999.0 -9999.0
-9999.0 0.446490 0.446589 0.446708 0.446775 0.446921 0.447046 0.446995 0.446778 0.446669 0.446836 0.447376 0.448276 0.449452 0.450948 0.452964 0.455681 0.458115 0.459332 0.459052 0.457887 0.456794 0.455821 0.454707 0.453364 0.452255 0.451528 0.450988 0.450537 0.449995 0.449226 0.448413 0.447962 0.448151 0.448886 0.449481 0.449186 0.448465 0.448063 0.448279 0.449306 0.450865 0.452539 0.454309 0.455585 0.456455 0.456817 0.455827 0.452904 0.451196 -9999.0 -9999.0 -9999.0 -9999.0 -9999.0 -9999.0 -9999.0 -9999.0 -9999.0 -9999.0 -9999.0 -9999.0 -9999.0 -9999.0
-9999.0 0.446512 0.446637 0.446761 0.446846 0.447043 0.447272 0.447295 0.447034 0.446754 0.446687 0.446889 0.447351 0.448028 0.449001 0.450400 0.452503 0.455141 0.457269 0.458094 0.457760 0.457255 0.456873 0.456456 0.455931 0.455393 0.454805 0.454079 0.453488 0.452798 0.451680 0.450002 0.448504 0.448003 0.448617 0.449834 0.450553 0.450212 0.449340 0.448466 0.448479 0.449726 0.450454 0.451295 0.452576 0.453839 0.454870 0.454054 0.453216 -9999.0 -9999.0 -9999.0 -9999.0 -9999.0 -9999.0 -9999.0 -9999.0 -9999.0 -9999.0 -9999.0 -9999.0 -9999.0 -9999.0 -9999.0
-9999.0 0.446568 0.446695 0.446812 0.446922 0.447168 0.447479 0.447614 0.447415 0.447052 0.446806 0.446786 0.446978 0.447337 0.447940 0.448951 0.450668 0.453202 0.455461 0.456770 0.457002 0.456777 0.456558 0.456486 0.456452 0.456104 0.455488 0.454866 0.454621 0.454453 0.453767 0.452032 0.449858 0.448602 0.448709 0.449942 0.451582 0.452454 0.451877 0.450360 0.448841 -9999.0 -9999.0 -9999.0 -9999.0 -9999.0 -9999.0 -9999.0 -9999.0 -9999.0 -9999.0 -9999.0 -9999.0 -9999.0 -9999.0 -9999.0 -9999.0 -9999.0 -9999.0 -9999.0 -9999.0 -9999.0 -9999.0 -9999.0
