tests/3D/Muntatschini_ref_005/output-maps-SE27XX/thetaliqL0005N0012.asc
ncols         108
nrows         156
xllcorner     619971.250000
yllcorner     5169711.250000
cellsize      20.000000
NODATA_value  -9999.0
[rows 58 to 86 of 156, columns 0 to 63 of 108]
-9999.0 -9999.0 -9999.0 -9999.0 -9999.0 -9999.0 -9999.0 -9999.0 -9999.0 -9999.0 -9999.0 -9999.0 -9999.0 -9999.0 -9999.0 -9999.0 -9999.0 -9999.0 -9999.0 -9999.0 -9999.0 -9999.0 -9999.0 -9999.0 -9999.0 -9999.0 -9999.0 -9999.0 -9999.0 -9999.0 -9999.0 -9999.0 -9999.0 -9999.0 -9999.0 -9999.0 0.413640 0.412937 0.411340 0.410976 0.410704 0.410953 0.411838 0.415007 0.416843 0.418734 0.420145 0.420873 0.420869 0.420382 0.419552 0.418651 0.417705 0.416923 0.416468 0.416416 0.416725 0.417640 0.418184 0.418353 0.417898 0.417077 0.416239 0.415645
-9999.0 -9999.0 -9999.0 -9999.0 -9999.0 -9999.0 -9999.0 -9999.0 -9999.0 -9999.0 -9999.0 -9999.0 -9999.0 -9999.0 -9999.0 -9999.0 -9999.0 -9999.0 -9999.0 -9999.0 -9999.0 -9999.0 -9999.0 -9999.0 -9999.0 -9999.0 -9999.0 -9999.0 -9999.0 -9999.0 -9999.0 -9999.0 -9999.0 -9999.0 -9999.0 0.415642 0.415279 0.412682 0.411971 0.411286 0.410732 0.410732 0.411416 0.413002 0.416564 0.418374 0.419541 0.419982 0.419935 0.419707 0.419241 0.418697 0.418035 0.417367 0.416777 0.416402 0.416401 0.416921 0.418022 0.418557 0.418352 0.417564 0.416635 0.415875
-9999.0 -9999.0 -9999.0 -9999.0 -9999.0 -9999.0 -9999.0 -9999.0 -9999.0 -9999.0 -9999.0 -9999.0 -9999.0 -9999.0 -9999.0 -9999.0 -9999.0 -9999.0 -9999.0 -9999.0 -9999.0 -9999.0 -9999.0 -9999.0 -9999.0 -9999.0 -9999.0 -9999.0 -9999.0 -9999.0 -9999.0 -9999.0 0.410805 0.414515 0.417086 0.416766 0.415869 0.413673 0.412782 0.411817 0.411180 0.410993 0.411421 0.412512 0.414615 0.418280 0.419459 0.419771 0.419552 0.419265 0.418879 0.418523 0.418107 0.417638 0.417109 0.416591 0.416296 0.416531 0.417284 0.418412 0.418617 0.418145 0.417337 0.416547
-9999.0 -9999.0 -9999.0 -9999.0 -9999.0 -9999.0 -9999.0 -9999.0 -9999.0 -9999.0 -9999.0 -9999.0 -9999.0 -9999.0 -9999.0 -9999.0 -9999.0 -9999.0 -9999.0 -9999.0 -9999.0 -9999.0 -9999.0 -9999.0 -9999.0 -9999.0 -9999.0 -9999.0 -9999.0 -9999.0 0.413002 0.413933 0.412806 0.414324 0.415804 0.416751 0.415058 0.414493 0.413391 0.412186 0.411378 0.411129 0.411199 0.411940 0.413749 0.417661 0.419153 0.419805 0.419715 0.419326 0.418839 0.418431 0.418108 0.417758 0.417322 0.416741 0.416230 0.416133 0.416649 0.417436 0.418297 0.418308 0.417922 0.417349
-9999.0 -9999.0 -9999.0 -9999.0 -9999.0 -9999.0 -9999.0 -9999.0 -9999.0 -9999.0 -9999.0 -9999.0 -9999.0 -9999.0 -9999.0 -9999.0 -9999.0 -9999.0 -9999.0 -9999.0 -9999.0 -9999.0 -9999.0 -9999.0 -9999.0 -9999.0 -9999.0 -9999.0 -9999.0 0.411143 0.411109 0.413020 0.413984 0.414167 0.416350 0.415448 0.415808 0.415370 0.413974 0.412352 0.411173 0.410674 0.410614 0.411131 0.412488 0.414703 0.418122 0.419303 0.419766 0.419656 0.419224 0.418645 0.418122 0.417684 0.417330 0.416831 0.416264 0.415904 0.416077 0.416598 0.417157 0.417887 0.418035 0.417856
-9999.0 -9999.0 -9999.0 -9999.0 -9999.0 -9999.0 -9999.0 -9999.0 -9999.0 -9999.0 -9999.0 -9999.0 -9999.0 -9999.0 -9999.0 -9999.0 -9999.0 -9999.0 -9999.0 -9999.0 -9999.0 -9999.0 -9999.0 -9999.0 -9999.0 0.410452 0.410440 0.411172 0.411758 0.411467 0.412250 0.413495 0.414320 0.414795 0.415339 0.415941 0.416470 0.416199 0.414686 0.412569 0.410942 0.410185 0.410073 0.410448 0.411409 0.413083 0.416580 0.418088 0.419150 0.419608 0.419606 0.419087 0.418343 0.417637 0.417196 0.416791 0.416300 0.415874 0.415774 0.415967 0.416297 0.416755 0.417586 0.417829
-9999.0 -9999.0 -9999.0 -9999.0 -9999.0 -9999.0 -9999.0 -9999.0 -9999.0 -9999.0 -9999.0 -9999.0 -9999.0 -9999.0 -9999.0 -9999.0 -9999.0 -9999.0 -9999.0 -9999.0 -9999.0 -9999.0 -9999.0 0.415324 0.415008 0.412655 0.411279 0.410870 0.411530 0.412062 0.412780 0.413807 0.414575 0.415021 0.415534 0.416268 0.416986 0.417010 0.415685 0.413325 0.411257 0.410118 0.409838 0.410061 0.410717 0.411880 0.413602 0.416728 0.418084 0.419096 0.419676 0.419463 0.418633 0.417708 0.417167 0.416859 0.416458 0.416015 0.415712 0.415630 0.415681 0.415974 0.416843 0.417324
-9999.0 -9999.0 -9999.0 -9999.0 -9999.0 -9999.0 -9999.0 -9999.0 -9999.0 -9999.0 -9999.0 -9999.0 -9999.0 -9999.0 -9999.0 -9999.0 -9999.0 -9999.0 -9999.0 -9999.0 -9999.0 0.421658 0.421887 0.416674 0.415429 0.414495 0.413252 0.412830 0.412790 0.412830 0.413167 0.413720 0.414309 0.414827 0.415482 0.416375 0.417445 0.417756 0.416878 0.414658 0.412247 0.410585 0.409913 0.409911 0.410373 0.411260 0.412647 0.415730 0.417089 0.418375 0.419392 0.419587 0.418871 0.417945 0.417323 0.417015 0.416650 0.416222 0.415813 0.415500 0.415290 0.415322 0.415701 0.416584
-9999.0 -9999.0 -9999.0 -9999.0 -9999.0 -9999.0 -9999.0 -9999.0 -9999.0 -9999.0 -9999.0 -9999.0 -9999.0 -9999.0 -9999.0 -9999.0 -9999.0 -9999.0 -9999.0 -9999.0 0.422358 0.420356 0.421288 0.421197 0.418157 0.416724 0.415422 0.414424 0.413811 0.413355 0.413131 0.413211 0.413555 0.414245 0.415059 0.416126 0.417307 0.418098 0.417981 0.416401 0.413904 0.411570 0.410223 0.409832 0.410112 0.410927 0.412189 0.413792 0.416816 0.418127 0.419139 0.419357 0.418844 0.418224 0.417749 0.417409 0.416973 0.416461 0.415968 0.415476 0.415065 0.414852 0.415035 0.415507
-9999.0 -9999.0 -9999.0 -9999.0 -9999.0 -9999.0 -9999.0 -9999.0 -9999.0 -9999.0 -9999.0 -9999.0 -9999.0 -9999.0 -9999.0 -9999.0 -9999.0 -9999.0 0.423217 0.424143 0.423609 0.422089 0.421691 0.421721 0.421307 0.418882 0.417489 0.415866 0.414578 0.413667 0.413043 0.412808 0.412908 0.413504 0.414444 0.415555 0.416756 0.417884 0.418590 0.418036 0.415958 0.413163 0.410912 0.409879 0.409884 0.410643 0.412006 0.413756 0.417059 0.418375 0.419162 0.419258 0.418885 0.418453 0.418108 0.417839 0.417501 0.417029 0.416479 0.415773 0.415092 0.414607 0.414593 0.414972
-9999.0 -9999.0 -9999.0 -9999.0 -9999.0 -9999.0 -9999.0 -9999.0 -9999.0 -9999.0 -9999.0 -9999.0 -9999.0 -9999.0 -9999.0 -9999.0 0.418923 0.420914 0.420886 0.421858 0.422432 0.421399 0.420380 0.420123 0.420700 0.420889 0.420311 0.418884 0.417337 0.414417 0.413600 0.412923 0.412712 0.413186 0.414086 0.415095 0.416180 0.417413 0.418690 0.419200 0.418030 0.415261 0.412261 0.410400 0.409946 0.410497 0.411869 0.413867 0.417631 0.418921 0.419405 0.419266 0.418912 0.418550 0.418275 0.418182 0.418177 0.417968 0.417443 0.416544 0.415555 0.414752 0.414461 0.414673
-9999.0 -9999.0 -9999.0 -9999.0 -9999.0 -9999.0 -9999.0 -9999.0 -9999.0 -9999.0 -9999.0 -9999.0 -9999.0 -9999.0 -9999.0 0.415545 0.415728 0.419223 0.421096 0.421429 0.421150 0.419898 0.418271 0.417385 0.417843 0.418956 0.419560 0.419194 0.418218 0.415459 0.414497 0.413543 0.413012 0.413252 0.414077 0.415027 0.415991 0.417083 0.418539 0.419787 0.419810 0.417818 0.414641 0.411943 0.410797 0.410887 0.411976 0.413913 0.416555 0.419638 0.419907 0.419597 0.419121 0.418638 0.418273 0.418374 0.418784 0.418986 0.418622 0.417610 0.416327 0.415177 0.414576 0.414587
-9999.0 -9999.0 -9999.0 -9999.0 -9999.0 -9999.0 -9999.0 -9999.0 -9999.0 -9999.0 -9999.0 -9999.0 -9999.0 -9999.0 -9999.0 0.418250 0.417618 0.419809 0.420706 0.420702 0.420027 0.418462 0.414798 0.413367 0.413224 0.414150 0.417334 0.417872 0.416152 0.415822 0.415172 0.414207 0.413441 0.413327 0.413947 0.414812 0.415792 0.416829 0.418333 0.420039 0.421298 0.420593 0.418011 0.414818 0.412764 0.412126 0.412625 0.414268 0.416984 0.420437 0.420630 0.420118 0.419444 0.418884 0.418470 0.418563 0.419082 0.419555 0.419469 0.418527 0.417105 0.415715 0.414834 0.414613
-9999.0 -9999.0 -9999.0 -9999.0 -9999.0 -9999.0 -9999.0 -9999.0 -9999.0 -9999.0 -9999.0 -9999.0 -9999.0 -9999.0 -9999.0 0.422891 0.420596 0.421900 0.421669 0.420097 0.418453 0.415348 0.413927 0.412579 0.411933 0.412208 0.413186 0.414219 0.414809 0.415135 0.414995 0.414388 0.413579 0.413134 0.413377 0.414110 0.415092 0.416118 0.417620 0.419792 0.422208 0.423057 0.421535 0.418441 0.415663 0.414128 0.413824 0.414954 0.417558 0.421350 0.421745 0.421109 0.420077 0.419305 0.418819 0.418770 0.419166 0.419652 0.419765 0.418995 0.417602 0.416133 0.415101 0.414715
-9999.0 -9999.0 -9999.0 -9999.0 -9999.0 -9999.0 -9999.0 -9999.0 -9999.0 -9999.0 -9999.0 -9999.0 -9999.0 -9999.0 0.419072 0.420950 0.423111 0.424128 0.422218 0.419456 0.417309 0.414909 0.413809 0.412566 0.411680 0.411463 0.411844 0.412586 0.413315 0.413895 0.414200 0.414069 0.413487 0.412819 0.412588 0.412961 0.413741 0.414651 0.416014 0.418390 0.421504 0.423760 0.423595 0.421268 0.418324 0.416191 0.415106 0.415649 0.419105 0.421730 0.422705 0.422313 0.421169 0.420149 0.419419 0.419109 0.419321 0.419759 0.419936 0.419258 0.417894 0.416471 0.415401 0.414910
-9999.0 -9999.0 -9999.0 -9999.0 -9999.0 -9999.0 -9999.0 -9999.0 -9999.0 -9999.0 -9999.0 -9999.0 -9999.0 0.419011 0.419065 0.421697 0.424894 0.424932 0.422014 0.418885 0.417620 0.416676 0.414257 0.413008 0.411993 0.411496 0.411457 0.411767 0.412270 0.412823 0.413288 0.413510 0.413291 0.412663 0.412082 0.411936 0.412154 0.412603 0.413578 0.415641 0.418663 0.421809 0.423044 0.422129 0.419787 0.417573 0.415993 0.417173 0.418827 0.421244 0.422889 0.423277 0.422523 0.421413 0.420410 0.419871 0.419898 0.420207 0.420323 0.419706 0.418347 0.416901 0.415806 0.415276
-9999.0 -9999.0 -9999.0 -9999.0 -9999.0 -9999.0 -9999.0 -9999.0 -9999.0 -9999.0 -9999.0 -9999.0 0.421493 0.420363 0.421364 0.424077 0.425832 0.424167 0.420721 0.418790 0.418301 0.417818 0.415289 0.413736 0.412436 0.411748 0.411514 0.411591 0.411885 0.412275 0.412688 0.413048 0.413169 0.412767 0.412036 0.411408 0.411019 0.410922 0.411377 0.412746 0.415036 0.418087 0.420166 0.420617 0.419387 0.417671 0.415983 0.415620 0.417957 0.419908 0.421975 0.423424 0.423623 0.422880 0.421823 0.421076 0.420851 0.421003 0.421087 0.420560 0.419179 0.417583 0.416339 0.415712
-9999.0 -9999.0 -9999.0 -9999.0 -9999.0 -9999.0 -9999.0 -9999.0 -9999.0 -9999.0 -9999.0 0.422205 0.421991 0.422318 0.424129 0.426479 0.426014 0.423241 0.420080 0.418840 0.418892 0.418782 0.416407 0.414578 0.412857 0.411975 0.411757 0.411876 0.412064 0.412240 0.412477 0.412836 0.413215 0.413140 0.412458 0.411488 0.410575 0.410035 0.410088 0.410844 0.412336 0.414657 0.416717 0.417831 0.417550 0.416574 0.415369 0.414745 0.415056 0.416503 0.420095 0.422158 0.423425 0.423525 0.422924 0.422252 0.421861 0.421789 0.421827 0.421450 0.420222 0.418497 0.417032 0.416227
-9999.0 -9999.0 -9999.0 -9999.0 -9999.0 -9999.0 -9999.0 -9999.0 -9999.0 -9999.0 0.423501 0.422750 0.422557 0.424106 0.426563 0.427326 0.425498 0.422399 0.420082 0.419153 0.419459 0.419961 0.418882 0.415322 0.413172 0.412162 0.412029 0.412239 0.412427 0.412483 0.412563 0.412894 0.413450 0.413661 0.413113 0.412011 0.410785 0.409899 0.409619 0.409943 0.410909 0.412497 0.414077 0.415124 0.415434 0.415213 0.414601 0.413834 0.413553 0.414239 0.416120 0.419863 0.421885 0.423039 0.423187 0.422747 0.422334 0.422130 0.422144 0.421901 0.420976 0.419380 0.417874 0.416898
-9999.0 -9999.0 -9999.0 -9999.0 -9999.0 -9999.0 -9999.0 -9999.0 -9999.0 0.425624 0.424600 0.423492 0.423661 0.425813 0.427139 0.426677 0.425028 0.422751 0.420876 0.419867 0.420148 0.420842 0.419796 0.415744 0.413310 0.412258 0.412183 0.412486 0.412765 0.412781 0.412741 0.413039 0.413694 0.414144 0.413791 0.412692 0.411276 0.410086 0.409516 0.409576 0.410243 0.411380 0.412584 0.413514 0.414182 0.414422 0.413931 0.412947 0.412390 0.412538 0.413540 0.415659 0.419589 0.421623 0.422683 0.422686 0.422340 0.422031 0.421907 0.421634 0.420972 0.419852 0.418709 0.417852
-9999.0 -9999.0 -9999.0 -9999.0 -9999.0 -9999.0 -9999.0 -9999.0 0.424206 0.425776 0.425744 0.425285 0.425622 0.426210 0.426368 0.425981 0.424724 0.423162 0.421446 0.420435 0.420784 0.421485 0.420253 0.415922 0.413317 0.412186 0.412133 0.412551 0.412948 0.413047 0.412993 0.413191 0.413765 0.414369 0.414289 0.413322 0.411730 0.410206 0.409385 0.409308 0.409850 0.410810 0.411924 0.412871 0.413731 0.414041 0.413555 0.412640 0.412016 0.411720 0.411988 0.413142 0.415625 0.419806 0.421710 0.422337 0.422140 0.421770 0.421460 0.420998 0.420356 0.419781 0.419354 0.419021
-9999.0 -9999.0 -9999.0 -9999.0 -9999.0 -9999.0 -9999.0 0.419811 0.422697 0.425263 0.427208 0.427887 0.427071 0.425837 0.425517 0.425329 0.424356 0.422958 0.421551 0.420899 0.421361 0.421924 0.420608 0.416200 0.413253 0.411857 0.411790 0.412387 0.412965 0.413217 0.413198 0.413295 0.413700 0.414314 0.414559 0.413875 0.412216 0.410317 0.409205 0.409016 0.409499 0.410480 0.411685 0.412681 0.413363 0.413552 0.413311 0.412779 0.412274 0.411743 0.411393 0.411636 0.413126 0.416057 0.420192 0.421691 0.421966 0.421641 0.421052 0.420278 0.419540 0.419459 0.419771 0.419995
-9999.0 -9999.0 -9999.0 -9999.0 -9999.0 -9999.0 0.415752 0.418349 0.421306 0.424682 0.428384 0.429426 0.427977 0.426037 0.425295 0.425129 0.424534 0.422815 0.421278 0.420711 0.421330 0.422214 0.421522 0.418414 0.413488 0.411457 0.411125 0.411823 0.412677 0.413201 0.413363 0.413412 0.413574 0.414074 0.414689 0.414580 0.413061 0.410750 0.409208 0.408831 0.409210 0.410213 0.411538 0.412405 0.412702 0.412806 0.412986 0.412996 0.412777 0.412243 0.411498 0.411029 0.411601 0.413766 0.418156 0.420414 0.421455 0.421444 0.420725 0.419684 0.418965 0.419297 0.420038 0.420527
-9999.0 -9999.0 -9999.0 -9999.0 -9999.0 0.410915 0.414852 0.417132 0.419988 0.424217 0.428637 0.430238 0.429085 0.426902 0.425598 0.425326 0.424780 0.422946 0.421049 0.420355 0.421040 0.422336 0.422250 0.419654 0.414192 0.411311 0.410473 0.411005 0.412013 0.412833 0.413308 0.413492 0.413482 0.413746 0.414553 0.415218 0.414349 0.411874 0.409742 0.408989 0.409166 0.410116 0.411404 0.411967 0.411858 0.411846 0.412244 0.412733 0.412933 0.412662 0.411873 0.411110 0.411069 0.412278 0.414712 0.418747 0.420493 0.421087 0.420431 0.419213 0.418628 0.419092 0.419825 0.420315
-9999.0 -9999.0 -9999.0 -9999.0 -9999.0 0.413503 0.414743 0.415934 0.418696 0.422903 0.426899 0.429393 0.429485 0.427874 0.426210 0.425702 0.425245 0.423468 0.421211 0.420091 0.420596 0.422206 0.422892 0.420892 0.415401 0.411706 0.410175 0.410264 0.411134 0.412138 0.413003 0.413481 0.413402 0.413316 0.414045 0.415397 0.415722 0.413798 0.411294 0.409925 0.409671 0.410391 0.411374 0.411522 0.411110 0.411007 0.411425 0.412214 0.412745 0.412621 0.411939 0.411367 0.411171 0.411761 0.413155 0.415414 0.419194 0.420311 0.419948 0.418711 0.418096 0.418330 0.418875 0.419356
-9999.0 -9999.0 -9999.0 -9999.0 -9999.0 0.414059 0.414575 0.414974 0.417790 0.421424 0.424545 0.427546 0.428909 0.428157 0.426388 0.425383 0.424803 0.423543 0.421259 0.420138 0.420580 0.422147 0.423255 0.422019 0.417209 0.413149 0.410743 0.410047 0.410448 0.411371 0.412551 0.413481 0.413526 0.413017 0.413214 0.414709 0.416277 0.415860 0.413870 0.412010 0.411167 0.411423 0.411715 0.411300 0.410721 0.410571 0.410897 0.411757 0.412379 0.412195 0.411610 0.411320 0.411354 0.411641 0.412324 0.413740 0.415998 0.419062 0.418967 0.417923 0.417161 0.417052 0.417514 0.418439
-9999.0 -9999.0 -9999.0 -9999.0 -9999.0 0.412988 0.413648 0.415034 0.418286 0.420894 0.422433 0.425165 0.427692 0.428209 0.426783 0.425317 0.424259 0.422773 0.420506 0.419373 0.419919 0.421687 0.423495 0.423694 0.421207 0.416042 0.412691 0.410923 0.410564 0.411135 0.412401 0.413744 0.414085 0.413210 0.412538 0.413368 0.415373 0.416699 0.416223 0.414667 0.413560 0.413239 0.412598 0.411625 0.410900 0.410633 0.410850 0.411543 0.411977 0.411661 0.411074 0.410913 0.411147 0.411412 0.411752 0.412561 0.414152 0.417279 0.417410 0.416762 0.416053 0.415684 0.416195 0.417920
-9999.0 -9999.0 -9999.0 -9999.0 0.411098 0.412063 0.414311 0.415900 0.419719 0.421493 0.421930 0.424156 0.427119 0.428600 0.427816 0.426153 0.424512 0.422332 0.419739 0.417689 0.417872 0.419703 0.422279 0.424076 0.423897 0.421001 0.416151 0.413364 0.412079 0.412110 0.413110 0.414573 0.415189 0.414131 0.412462 0.412052 0.413348 0.415459 0.416666 0.416499 0.416000 0.415379 0.414002 0.412596 0.411629 0.411200 0.411196 0.411495 0.411607 0.411180 0.410588 0.410419 0.410685 0.411029 0.411297 0.411761 0.412706 0.413783 0.415814 0.415579 0.415244 0.414721 0.414533 0.415903
-9999.0 -9999.0 -9999.0 -9999.0 0.412171 0.412829 0.414723 0.416928 0.421237 0.422635 0.422512 0.424280 0.427423 0.429614 0.429549 0.428086 0.426330 0.423636 0.419958 0.416429 0.415234 0.416228 0.418789 0.421596 0.423297 0.422904 0.420411 0.416479 0.414686 0.414142 0.416074 0.417084 0.416451 0.415526 0.413176 0.411465 0.411562 0.413169 0.415183 0.416647 0.417317 0.416886 0.415444 0.413928 0.412807 0.412193 0.411821 0.411572 0.411298 0.410816 0.410282 0.410035 0.410263 0.410672 0.411032 0.411366 0.411866 0.412371 0.412615 0.414567 0.415100 0.415662 0.414822 -9999.0
