tests/3D/Muntatschini_ref_005/output-maps-SE27XX/thetaliqL0005N0001.asc
ncols         108
nrows         156
xllcorner     619971.250000
yllcorner     5169711.250000
cellsize      20.000000
NODATA_value  -9999.0
[rows 87 to 115 of 156, columns 0 to 63 of 108]
-9999.0 -9999.0 -9999.0 -9999.0 0.403637 0.406406 0.407523 0.409522 0.414183 0.415005 0.414094 0.415474 0.418487 0.421074 0.421412 0.420026 0.418295 0.415728 0.411606 0.405080 0.402376 0.402290 0.403217 0.405889 0.407860 0.408335 0.407280 0.404266 0.403606 0.403614 0.404946 0.406139 0.405234 0.379009 0.377138 0.375480 0.375349 0.375973 0.377432 0.384310 0.383995 0.382565 0.379299 0.378537 0.378483 0.378521 0.378146 0.377583 0.377065 0.376666 0.376367 0.376421 0.376789 0.377151 0.377588 0.378034 0.378170 0.377522 0.377566 0.381021 0.381711 -9999.0 -9999.0 -9999.0
-9999.0 -9999.0 -9999.0 -9999.0 0.404934 0.407346 0.407946 0.409632 0.414352 0.414890 0.413762 0.414507 0.417508 0.420958 0.422403 0.421503 0.420176 0.418540 0.415276 0.407714 0.402697 0.401014 0.401707 0.402751 0.404184 0.404703 0.404252 0.404048 0.402626 0.403195 0.403753 0.405295 0.405447 0.379058 0.377648 0.375781 0.375312 0.375719 0.376938 0.382936 0.382885 0.381190 0.379954 0.379710 0.379759 0.379094 0.377808 0.376765 0.376173 0.375854 0.375663 0.375665 0.375870 0.376206 0.376483 0.376471 0.376525 0.376540 0.376492 0.376122 -9999.0 -9999.0 -9999.0 -9999.0
-9999.0 -9999.0 -9999.0 -9999.0 0.406036 0.408047 0.408349 0.409804 0.414707 0.414688 0.413171 0.412863 0.415257 0.419232 0.421976 0.422218 0.421682 0.419639 0.417293 0.412849 0.406703 0.402574 0.401879 0.402632 0.403606 0.403564 0.402514 0.401528 0.400960 0.401448 0.401550 0.402836 0.404490 0.403643 0.377304 0.375940 0.375352 0.375669 0.376691 0.380442 0.385463 0.382416 0.380324 0.380173 0.380300 0.379319 0.377559 0.376060 0.375395 0.375122 0.374935 0.374949 0.375072 0.375147 0.375039 0.375159 0.375362 0.375208 0.374863 -9999.0 -9999.0 -9999.0 -9999.0 -9999.0
-9999.0 -9999.0 -9999.0 -9999.0 0.406323 0.408071 0.408699 0.410181 0.415923 0.415163 0.413153 0.411793 0.412945 0.416274 0.419899 0.419796 0.421200 0.420676 0.420875 0.417657 0.412204 0.407515 0.404930 0.404878 0.405456 0.404664 0.402484 0.400468 0.399779 0.399929 0.400911 0.402380 0.402996 0.403294 0.403028 0.378145 0.377385 0.375601 0.376708 0.379122 0.382027 0.380865 0.379717 0.379571 0.381745 0.379694 0.377783 0.375814 0.374846 0.374409 0.374245 0.374019 0.374038 0.374047 0.373979 0.373843 0.373688 0.373337 -9999.0 -9999.0 -9999.0 -9999.0 -9999.0 -9999.0
-9999.0 -9999.0 -9999.0 -9999.0 0.405600 0.407632 0.407373 0.411453 0.416260 0.415791 0.413045 0.411060 0.411146 0.411528 0.414752 0.417467 0.419464 0.421879 0.420900 0.420437 0.417453 0.412565 0.409938 0.408476 0.409085 0.409469 0.406867 0.403030 0.400651 0.400124 0.400853 0.402250 0.403244 0.403716 0.404154 0.401807 0.375165 0.375638 0.376933 0.379621 0.381255 0.382880 0.378907 0.379110 0.382875 0.382079 0.378715 0.376283 0.374600 0.373977 0.373603 0.373296 0.372999 0.373360 0.373875 0.372073 0.370632 -9999.0 -9999.0 -9999.0 -9999.0 -9999.0 -9999.0 -9999.0
-9999.0 -9999.0 -9999.0 -9999.0 0.404960 0.407431 0.408356 0.412818 0.416444 0.416678 0.413355 0.411344 0.409024 0.410040 0.411932 0.414436 0.416452 0.417496 0.419031 0.418912 0.418892 0.416069 0.413048 0.412071 0.413301 0.414453 0.413523 0.410732 0.406975 0.404576 0.404091 0.404681 0.405529 0.406423 0.405855 0.404120 0.402813 0.402856 0.404397 0.407123 0.407941 0.405967 0.382096 0.382499 0.384088 0.409048 0.406326 0.379937 0.375263 0.374009 0.373321 0.372641 0.372464 0.373100 0.375138 0.377098 -9999.0 -9999.0 -9999.0 -9999.0 -9999.0 -9999.0 -9999.0 -9999.0
-9999.0 -9999.0 -9999.0 -9999.0 0.374984 0.388175 0.408080 0.411072 0.414034 0.417495 0.413974 0.411042 0.409803 0.409379 0.411245 0.412935 0.414222 0.414444 0.414246 0.414886 0.415633 0.414645 0.412878 0.411402 0.412452 0.415514 0.416564 0.416403 0.413245 0.409631 0.407379 0.407508 0.408233 0.408619 0.407958 0.406506 0.405612 0.405534 0.406611 0.409330 0.409907 0.409093 0.408015 0.407418 0.384952 0.411476 0.409979 0.406751 0.377081 0.375062 0.373463 0.372777 0.372434 0.372312 0.374112 0.374010 -9999.0 -9999.0 -9999.0 -9999.0 -9999.0 -9999.0 -9999.0 -9999.0
-9999.0 -9999.0 -9999.0 -9999.0 0.373798 0.375698 0.390498 0.410840 0.413995 0.414266 0.413967 0.412262 0.410229 0.409207 0.411059 0.414612 0.414942 0.414354 0.413648 0.411895 0.410991 0.410368 0.409495 0.408563 0.408501 0.410105 0.412665 0.414497 0.414870 0.412285 0.409987 0.408778 0.408944 0.409932 0.410573 0.409295 0.408317 0.408990 0.409389 0.410870 0.410752 0.410390 0.410817 0.410484 0.409909 0.411608 0.411169 0.409742 0.406768 0.377279 0.375191 0.373939 0.373106 0.371865 0.370112 0.373396 -9999.0 -9999.0 -9999.0 -9999.0 -9999.0 -9999.0 -9999.0 -9999.0
-9999.0 -9999.0 -9999.0 -9999.0 -9999.0 0.374838 0.389786 0.410326 0.413424 0.414286 0.414490 0.412879 0.410564 0.408899 0.410653 0.414981 0.418080 0.418619 0.416292 0.412510 0.409345 0.407471 0.406501 0.405808 0.405437 0.405700 0.406289 0.408871 0.411289 0.411627 0.409986 0.408525 0.407968 0.409222 0.409972 0.410484 0.410487 0.411204 0.412305 0.413572 0.412667 0.412486 0.412142 0.412077 0.411530 0.411851 0.410951 0.410307 0.409213 0.406085 0.377387 0.375880 0.374397 0.372546 0.368075 0.372733 -9999.0 -9999.0 -9999.0 -9999.0 -9999.0 -9999.0 -9999.0 -9999.0
-9999.0 -9999.0 -9999.0 -9999.0 -9999.0 0.375300 0.387955 0.411134 0.413009 0.414148 0.413866 0.412776 0.410479 0.408515 0.409384 0.413049 0.418463 0.420656 0.421645 0.418137 0.412877 0.408478 0.406115 0.405195 0.404786 0.404296 0.404207 0.405237 0.406834 0.408878 0.409522 0.408772 0.407696 0.407957 0.408269 0.409112 0.410061 0.411664 0.413588 0.415063 0.414951 0.413863 0.413035 0.412484 0.411700 0.411262 0.410816 0.409855 0.409384 0.408635 0.409612 0.379649 0.376186 0.374673 0.373519 -9999.0 -9999.0 -9999.0 -9999.0 -9999.0 -9999.0 -9999.0 -9999.0 -9999.0
-9999.0 -9999.0 -9999.0 -9999.0 -9999.0 0.374013 0.386543 0.389003 0.412577 0.413423 0.412825 0.411580 0.409830 0.407920 0.407907 0.411372 0.415303 0.420053 0.423427 0.423395 0.419946 0.414456 0.410333 0.408283 0.407811 0.406888 0.406094 0.405675 0.406295 0.408645 0.409884 0.410863 0.409525 0.408331 0.407774 0.407636 0.408424 0.410302 0.411266 0.413067 0.413577 0.414428 0.413678 0.411968 0.411211 0.410851 0.410730 0.409695 0.408616 0.411409 0.411214 0.409479 0.377741 0.372765 0.377967 -9999.0 -9999.0 -9999.0 -9999.0 -9999.0 -9999.0 -9999.0 -9999.0 -9999.0
-9999.0 -9999.0 -9999.0 -9999.0 -9999.0 0.373650 0.382482 0.388326 0.411720 0.412535 0.411993 0.410921 0.409119 0.407673 0.406837 0.408008 0.410364 0.417788 0.421980 0.424701 0.423624 0.420681 0.416017 0.413026 0.412259 0.411773 0.410924 0.409166 0.408770 0.410335 0.411942 0.413478 0.413592 0.412294 0.410059 0.408458 0.408174 0.408909 0.409179 0.410770 0.411683 0.412282 0.412292 0.411652 0.410216 0.409740 0.410499 0.409947 0.408873 0.411333 0.411498 0.411397 0.410135 0.410255 -9999.0 -9999.0 -9999.0 -9999.0 -9999.0 -9999.0 -9999.0 -9999.0 -9999.0 -9999.0
-9999.0 -9999.0 -9999.0 -9999.0 -9999.0 0.373254 0.378623 0.384593 0.411533 0.412335 0.410657 0.390776 0.386732 0.407682 0.405671 0.406397 0.408386 0.411251 0.417727 0.422173 0.423892 0.422512 0.419462 0.416019 0.413891 0.413402 0.412663 0.411836 0.411334 0.411841 0.413099 0.414858 0.416066 0.416026 0.414457 0.412221 0.410668 0.409376 0.408392 0.409029 0.409522 0.410563 0.411937 0.411304 0.410078 0.408944 0.409297 0.409823 0.412075 0.411908 0.412303 0.413027 0.410165 0.413787 -9999.0 -9999.0 -9999.0 -9999.0 -9999.0 -9999.0 -9999.0 -9999.0 -9999.0 -9999.0
-9999.0 -9999.0 -9999.0 -9999.0 -9999.0 0.372132 0.375136 0.385039 0.389042 0.412765 0.411736 0.407936 0.383745 0.382411 0.382415 0.405906 0.406159 0.407736 0.412686 0.417961 0.421743 0.422269 0.421944 0.419010 0.415097 0.413136 0.411013 0.410881 0.410729 0.411485 0.412192 0.413743 0.415762 0.417497 0.418213 0.417119 0.414636 0.412575 0.410376 0.410372 0.408787 0.409252 0.410653 0.410964 0.410260 0.408673 0.408457 0.411602 0.412047 0.412499 0.413119 0.416120 0.415418 -9999.0 -9999.0 -9999.0 -9999.0 -9999.0 -9999.0 -9999.0 -9999.0 -9999.0 -9999.0 -9999.0
-9999.0 -9999.0 -9999.0 -9999.0 -9999.0 0.376137 0.375036 0.378916 0.386002 0.412475 0.411999 0.409783 0.406241 0.379441 0.378960 0.379158 0.405486 0.406560 0.408704 0.414175 0.418254 0.420767 0.420890 0.420847 0.417275 0.413618 0.410307 0.409186 0.408531 0.408839 0.409457 0.410528 0.412545 0.414092 0.416692 0.417621 0.416742 0.415645 0.415449 0.412314 0.409940 0.409057 0.410065 0.411040 0.411056 0.409049 0.410391 0.410531 0.411393 0.412265 0.412849 0.414784 0.415766 -9999.0 -9999.0 -9999.0 -9999.0 -9999.0 -9999.0 -9999.0 -9999.0 -9999.0 -9999.0 -9999.0
-9999.0 -9999.0 -9999.0 -9999.0 0.372076 0.378576 0.376981 0.378594 0.386909 0.412334 0.411814 0.410307 0.407384 0.379565 0.378888 0.378297 0.378372 0.384329 0.407569 0.411496 0.414492 0.417265 0.419175 0.419413 0.419878 0.416336 0.412224 0.408767 0.407588 0.407045 0.407344 0.407622 0.409195 0.411945 0.414723 0.417153 0.418810 0.418191 0.418541 0.416489 0.413389 0.410787 0.410617 0.411742 0.411592 0.412453 0.410116 0.409288 0.409943 0.411023 0.411525 0.411439 0.411817 -9999.0 -9999.0 -9999.0 -9999.0 -9999.0 -9999.0 -9999.0 -9999.0 -9999.0 -9999.0 -9999.0
-9999.0 -9999.0 -9999.0 -9999.0 0.374715 0.375335 0.377138 0.378288 0.383574 0.387174 0.413012 0.411102 0.408828 0.406306 0.404713 0.378156 0.377661 0.377872 0.384876 0.385615 0.411840 0.413001 0.416113 0.417888 0.418997 0.418590 0.414542 0.410506 0.407620 0.406647 0.405975 0.405905 0.406664 0.407081 0.410548 0.412532 0.416314 0.418093 0.418925 0.418903 0.416744 0.413754 0.412468 0.413359 0.415184 0.413270 0.410099 0.408006 0.407889 0.408687 0.409331 0.409402 0.410325 -9999.0 -9999.0 -9999.0 -9999.0 -9999.0 -9999.0 -9999.0 -9999.0 -9999.0 -9999.0 -9999.0
-9999.0 -9999.0 -9999.0 0.371831 0.376956 0.376069 0.376854 0.377938 0.383230 0.384864 0.386059 0.412300 0.409570 0.407510 0.406619 0.404485 0.377555 0.377188 0.377684 0.384364 0.383946 0.409680 0.412833 0.414991 0.417559 0.418189 0.416477 0.412167 0.408309 0.406505 0.405475 0.405145 0.405525 0.406182 0.407704 0.408552 0.412158 0.415854 0.417553 0.417943 0.418360 0.416490 0.414781 0.413699 0.415828 0.414328 0.410827 0.407447 0.406062 0.406110 0.406432 0.406169 0.407493 -9999.0 -9999.0 -9999.0 -9999.0 -9999.0 -9999.0 -9999.0 -9999.0 -9999.0 -9999.0 -9999.0
-9999.0 -9999.0 -9999.0 0.374342 0.374559 0.376522 0.376641 0.377591 0.381903 0.383227 0.386629 0.412513 0.410730 0.408878 0.407612 0.405750 0.377726 0.376816 0.376889 0.377721 0.381232 0.385988 0.408758 0.411317 0.413411 0.416567 0.416392 0.413933 0.409779 0.406779 0.405975 0.405472 0.405467 0.405396 0.404762 0.407575 0.408872 0.411170 0.414639 0.416259 0.415426 0.414795 0.414866 0.415415 0.415687 0.415155 0.412450 0.408455 0.405625 0.404423 0.403837 0.402133 0.405958 -9999.0 -9999.0 -9999.0 -9999.0 -9999.0 -9999.0 -9999.0 -9999.0 -9999.0 -9999.0 -9999.0
-9999.0 -9999.0 0.371644 0.376950 0.375070 0.376060 0.376733 0.377279 0.378143 0.383332 0.384448 0.412251 0.411875 0.410413 0.409082 0.407649 0.404150 0.377205 0.376595 0.376998 0.377768 0.380080 0.382903 0.407705 0.410624 0.413272 0.415394 0.414469 0.412065 0.407975 0.407108 0.406630 0.406512 0.406057 0.406079 0.406600 0.408001 0.409960 0.411701 0.413246 0.414331 0.413062 0.414453 0.413826 0.414079 0.414635 0.413779 0.410746 0.407332 0.405390 0.402816 0.400341 -9999.0 -9999.0 -9999.0 -9999.0 -9999.0 -9999.0 -9999.0 -9999.0 -9999.0 -9999.0 -9999.0 -9999.0
-9999.0 -9999.0 0.371176 0.374297 0.374893 0.375846 0.376445 0.377059 0.377673 0.378702 0.381275 0.384687 0.390713 0.411899 0.410989 0.409565 0.405731 0.377553 0.376024 0.376014 0.376641 0.377315 0.377982 0.384151 0.407025 0.409765 0.412125 0.413744 0.412752 0.409349 0.408592 0.408128 0.408039 0.407787 0.407443 0.407351 0.407943 0.408946 0.410315 0.411869 0.412367 0.414205 0.413438 0.412098 0.411564 0.412334 0.413219 0.412433 0.409920 0.408371 0.407458 -9999.0 -9999.0 -9999.0 -9999.0 -9999.0 -9999.0 -9999.0 -9999.0 -9999.0 -9999.0 -9999.0 -9999.0 -9999.0
-9999.0 -9999.0 0.370766 0.371850 0.373965 0.375469 0.376029 0.376631 0.377294 0.378012 0.382064 0.383231 0.386859 0.412022 0.412533 0.411579 0.407228 0.377482 0.374970 0.374373 0.374915 0.375822 0.376824 0.377513 0.378630 0.385096 0.408936 0.410164 0.410950 0.409035 0.408717 0.408267 0.408698 0.409107 0.409048 0.409004 0.409061 0.408087 0.409258 0.412190 0.414397 0.414997 0.413769 0.411372 0.409694 0.409610 0.410873 0.411787 0.410774 0.408542 0.407730 -9999.0 -9999.0 -9999.0 -9999.0 -9999.0 -9999.0 -9999.0 -9999.0 -9999.0 -9999.0 -9999.0 -9999.0 -9999.0
-9999.0 -9999.0 0.371582 0.371871 0.373753 0.374964 0.375593 0.376267 0.376957 0.377524 0.378448 0.382810 0.384913 0.411433 0.412865 0.413536 0.410024 0.378971 0.375192 0.373505 0.373332 0.374075 0.375406 0.376619 0.377366 0.377892 0.379004 0.407153 0.407570 0.406741 0.407005 0.406795 0.407415 0.408288 0.408534 0.408427 0.408810 0.409694 0.411091 0.413786 0.415999 0.417220 0.416020 0.412907 0.410019 0.408571 0.408767 0.409616 0.409816 0.406051 0.406603 -9999.0 -9999.0 -9999.0 -9999.0 -9999.0 -9999.0 -9999.0 -9999.0 -9999.0 -9999.0 -9999.0 -9999.0 -9999.0
-9999.0 0.376544 0.374424 0.373270 0.373998 0.374681 0.375222 0.375860 0.376478 0.377086 0.377888 0.378994 0.383881 0.387866 0.413372 0.414551 0.413283 0.387552 0.381068 0.375780 0.401726 0.373658 0.374174 0.375277 0.376327 0.377087 0.377243 0.377594 0.404342 0.404086 0.403716 0.404095 0.405432 0.407579 0.408156 0.408018 0.408104 0.409015 0.410721 0.413232 0.416326 0.418654 0.418690 0.416410 0.413439 0.410878 0.409326 0.408553 0.408719 0.408372 -9999.0 -9999.0 -9999.0 -9999.0 -9999.0 -9999.0 -9999.0 -9999.0 -9999.0 -9999.0 -9999.0 -9999.0 -9999.0 -9999.0
-9999.0 0.374781 0.373734 0.373728 0.374004 0.374335 0.374779 0.375332 0.375933 0.376466 0.377093 0.378083 0.382380 0.386523 0.386643 0.415311 0.416193 0.414387 0.411511 0.408699 0.405965 0.375540 0.374435 0.374267 0.374837 0.375478 0.375741 0.375783 0.376289 0.401486 0.402182 0.402481 0.403327 0.405734 0.406335 0.406025 0.405659 0.406183 0.407671 0.410278 0.413825 0.417336 0.419446 0.419214 0.417485 0.415254 0.412940 0.410303 0.407812 0.407034 -9999.0 -9999.0 -9999.0 -9999.0 -9999.0 -9999.0 -9999.0 -9999.0 -9999.0 -9999.0 -9999.0 -9999.0 -9999.0 -9999.0
-9999.0 0.372946 0.373438 0.373709 0.373848 0.373979 0.374292 0.374742 0.375390 0.375915 0.376333 0.377090 0.378121 0.381032 0.387485 0.387405 0.416253 0.416772 0.415846 0.413011 0.409410 0.407102 0.404752 0.402736 0.401206 0.400241 0.399508 0.373972 0.374735 0.400906 0.401019 0.401481 0.401503 0.403124 0.405139 0.405062 0.404447 0.404342 0.405035 0.406553 0.408857 0.411936 0.415344 0.417578 0.418271 0.417743 0.416369 0.413276 0.408303 0.405472 -9999.0 -9999.0 -9999.0 -9999.0 -9999.0 -9999.0 -9999.0 -9999.0 -9999.0 -9999.0 -9999.0 -9999.0 -9999.0 -9999.0
-9999.0 0.372200 0.373132 0.373428 0.373487 0.373630 0.373813 0.374170 0.374761 0.375260 0.375775 0.376342 0.377037 0.377947 0.382343 0.386916 0.387462 0.415158 0.415645 0.414363 0.411761 0.409634 0.408644 0.406923 0.404973 0.403689 0.403116 0.402016 0.401870 0.402119 0.401178 0.400698 0.400598 0.401361 0.404121 0.404852 0.404654 0.404168 0.404069 0.404559 0.405109 0.405382 0.407662 0.411699 0.413479 0.414535 0.414785 0.413015 0.408579 0.406231 -9999.0 -9999.0 -9999.0 -9999.0 -9999.0 -9999.0 -9999.0 -9999.0 -9999.0 -9999.0 -9999.0 -9999.0 -9999.0 -9999.0
-9999.0 0.372099 0.373061 0.373263 0.373335 0.373409 0.373447 0.373674 0.374069 0.374596 0.375150 0.375712 0.376313 0.376890 0.377691 0.382100 0.384040 0.412343 0.413521 0.413585 0.412318 0.410858 0.409704 0.408875 0.408014 0.407452 0.406847 0.406244 0.406375 0.405079 0.404423 0.402406 0.400916 0.400346 0.401172 0.405080 0.406011 0.405770 0.405029 0.404378 0.405157 0.404025 0.405924 0.407292 0.408884 0.410464 0.411667 0.410106 0.408349 -9999.0 -9999.0 -9999.0 -9999.0 -9999.0 -9999.0 -9999.0 -9999.0 -9999.0 -9999.0 -9999.0 -9999.0 -9999.0 -9999.0 -9999.0
-9999.0 0.372167 0.373215 0.373318 0.373296 0.373281 0.373201 0.373309 0.373522 0.373894 0.374412 0.375009 0.375502 0.376144 0.376850 0.377856 0.382793 0.385677 0.411797 0.412090 0.411820 0.411215 0.410079 0.409596 0.408774 0.408847 0.408514 0.408116 0.407621 0.407012 0.406759 0.404195 0.401387 0.400210 0.401343 0.402373 0.407157 0.408204 0.407616 0.406349 0.405946 -9999.0 -9999.0 -9999.0 -9999.0 -9999.0 -9999.0 -9999.0 -9999.0 -9999.0 -9999.0 -9999.0 -9999.0 -9999.0 -9999.0 -9999.0 -9999.0 -9999.0 -9999.0 -9999.0 -9999.0 -9999.0 -9999.0 -9999.0
