tests/3D/Muntatschini_ref_005/output-maps-SE27XX/thetaliqL0006N0003.asc
ncols         108
nrows         156
xllcorner     619971.250000
yllcorner     5169711.250000
cellsize      20.000000
NODATA_value  -9999.0
[rows 58 to 86 of 156, columns 0 to 63 of 108]
-9999.0 -9999.0 -9999.0 -9999.0 -9999.0 -9999.0 -9999.0 -9999.0 -9999.0 -9999.0 -9999.0 -9999.0 -9999.0 -9999.0 -9999.0 -9999.0 -9999.0 -9999.0 -9999.0 -9999.0 -9999.0 -9999.0 -9999.0 -9999.0 -9999.0 -9999.0 -9999.0 -9999.0 -9999.0 -9999.0 -9999.0 -9999.0 -9999.0 -9999.0 -9999.0 -9999.0 0.417614 0.417042 0.417259 0.416758 0.416414 0.416515 0.417247 0.418586 0.420411 0.422264 0.423660 0.424398 0.424430 0.423981 0.423181 0.422297 0.421364 0.420583 0.420133 0.420074 0.420369 0.420951 0.421487 0.421666 0.421230 0.420424 0.419594 0.418994
-9999.0 -9999.0 -9999.0 -9999.0 -9999.0 -9999.0 -9999.0 -9999.0 -9999.0 -9999.0 -9999.0 -9999.0 -9999.0 -9999.0 -9999.0 -9999.0 -9999.0 -9999.0 -9999.0 -9999.0 -9999.0 -9999.0 -9999.0 -9999.0 -9999.0 -9999.0 -9999.0 -9999.0 -9999.0 -9999.0 -9999.0 -9999.0 -9999.0 -9999.0 -9999.0 0.419639 0.419331 0.418465 0.417793 0.417063 0.416470 0.416344 0.416883 0.418194 0.420051 0.421930 0.423094 0.423544 0.423519 0.423303 0.422854 0.422320 0.421679 0.421029 0.420455 0.420082 0.420059 0.420551 0.421322 0.421865 0.421682 0.420914 0.419994 0.419232
-9999.0 -9999.0 -9999.0 -9999.0 -9999.0 -9999.0 -9999.0 -9999.0 -9999.0 -9999.0 -9999.0 -9999.0 -9999.0 -9999.0 -9999.0 -9999.0 -9999.0 -9999.0 -9999.0 -9999.0 -9999.0 -9999.0 -9999.0 -9999.0 -9999.0 -9999.0 -9999.0 -9999.0 -9999.0 -9999.0 -9999.0 -9999.0 0.417101 0.418500 0.421189 0.420641 0.419839 0.419387 0.418532 0.417555 0.416839 0.416566 0.416823 0.417822 0.419710 0.421777 0.423023 0.423356 0.423147 0.422862 0.422490 0.422143 0.421749 0.421295 0.420781 0.420264 0.419958 0.420171 0.420902 0.421711 0.421937 0.421486 0.420695 0.419911
-9999.0 -9999.0 -9999.0 -9999.0 -9999.0 -9999.0 -9999.0 -9999.0 -9999.0 -9999.0 -9999.0 -9999.0 -9999.0 -9999.0 -9999.0 -9999.0 -9999.0 -9999.0 -9999.0 -9999.0 -9999.0 -9999.0 -9999.0 -9999.0 -9999.0 -9999.0 -9999.0 -9999.0 -9999.0 -9999.0 0.419281 0.420268 0.419035 0.418284 0.419710 0.420680 0.420700 0.420171 0.419087 0.417872 0.416996 0.416597 0.416587 0.417254 0.418911 0.421109 0.422713 0.423376 0.423305 0.422932 0.422465 0.422062 0.421753 0.421408 0.420984 0.420409 0.419900 0.419782 0.420278 0.421052 0.421610 0.421637 0.421268 0.420703
-9999.0 -9999.0 -9999.0 -9999.0 -9999.0 -9999.0 -9999.0 -9999.0 -9999.0 -9999.0 -9999.0 -9999.0 -9999.0 -9999.0 -9999.0 -9999.0 -9999.0 -9999.0 -9999.0 -9999.0 -9999.0 -9999.0 -9999.0 -9999.0 -9999.0 -9999.0 -9999.0 -9999.0 -9999.0 0.417567 0.417448 0.419083 0.419880 0.419911 0.420214 0.421026 0.421378 0.420954 0.419613 0.417944 0.416719 0.416144 0.416006 0.416450 0.417728 0.419760 0.421611 0.422850 0.423340 0.423254 0.422848 0.422276 0.421760 0.421323 0.420976 0.420492 0.419939 0.419575 0.419730 0.420242 0.420799 0.421213 0.421370 0.421202
-9999.0 -9999.0 -9999.0 -9999.0 -9999.0 -9999.0 -9999.0 -9999.0 -9999.0 -9999.0 -9999.0 -9999.0 -9999.0 -9999.0 -9999.0 -9999.0 -9999.0 -9999.0 -9999.0 -9999.0 -9999.0 -9999.0 -9999.0 -9999.0 -9999.0 0.416850 0.416833 0.417570 0.418199 0.417613 0.418199 0.419250 0.420024 0.420366 0.420790 0.421417 0.421955 0.421653 0.420221 0.418140 0.416503 0.415681 0.415488 0.415803 0.416703 0.418252 0.420063 0.421653 0.422728 0.423193 0.423207 0.422698 0.421973 0.421279 0.420850 0.420460 0.419984 0.419560 0.419455 0.419645 0.419964 0.420414 0.420915 0.421165
-9999.0 -9999.0 -9999.0 -9999.0 -9999.0 -9999.0 -9999.0 -9999.0 -9999.0 -9999.0 -9999.0 -9999.0 -9999.0 -9999.0 -9999.0 -9999.0 -9999.0 -9999.0 -9999.0 -9999.0 -9999.0 -9999.0 -9999.0 0.421513 0.421343 0.419014 0.417677 0.417273 0.417553 0.417929 0.418524 0.419424 0.420117 0.420491 0.420968 0.421659 0.422411 0.422400 0.421174 0.418886 0.416826 0.415636 0.415291 0.415468 0.416077 0.417179 0.418746 0.420276 0.421667 0.422660 0.423236 0.423051 0.422261 0.421364 0.420833 0.420537 0.420151 0.419718 0.419415 0.419328 0.419371 0.419649 0.420176 0.420653
-9999.0 -9999.0 -9999.0 -9999.0 -9999.0 -9999.0 -9999.0 -9999.0 -9999.0 -9999.0 -9999.0 -9999.0 -9999.0 -9999.0 -9999.0 -9999.0 -9999.0 -9999.0 -9999.0 -9999.0 -9999.0 0.424978 0.425687 0.422900 0.421485 0.420609 0.419382 0.418802 0.418598 0.418569 0.418777 0.419246 0.419793 0.420253 0.420873 0.421719 0.422718 0.423094 0.422323 0.420190 0.417813 0.416118 0.415410 0.415369 0.415781 0.416621 0.417891 0.419270 0.420678 0.421923 0.422930 0.423170 0.422512 0.421617 0.421003 0.420696 0.420344 0.419926 0.419523 0.419209 0.418997 0.419013 0.419374 0.419913
-9999.0 -9999.0 -9999.0 -9999.0 -9999.0 -9999.0 -9999.0 -9999.0 -9999.0 -9999.0 -9999.0 -9999.0 -9999.0 -9999.0 -9999.0 -9999.0 -9999.0 -9999.0 -9999.0 -9999.0 0.425766 0.423841 0.424700 0.424916 0.423824 0.422457 0.421120 0.420086 0.419416 0.418917 0.418656 0.418711 0.419037 0.419583 0.420349 0.421361 0.422538 0.423378 0.423369 0.421882 0.419434 0.417121 0.415759 0.415334 0.415570 0.416326 0.417522 0.418950 0.420359 0.421696 0.422710 0.422969 0.422493 0.421884 0.421416 0.421089 0.420672 0.420170 0.419684 0.419195 0.418784 0.418560 0.418725 0.419174
-9999.0 -9999.0 -9999.0 -9999.0 -9999.0 -9999.0 -9999.0 -9999.0 -9999.0 -9999.0 -9999.0 -9999.0 -9999.0 -9999.0 -9999.0 -9999.0 -9999.0 -9999.0 0.426446 0.427698 0.426983 0.425425 0.425008 0.425059 0.424969 0.424348 0.422971 0.421363 0.420081 0.419181 0.418553 0.418233 0.418297 0.418846 0.419736 0.420803 0.421996 0.423136 0.423892 0.423425 0.421443 0.418706 0.416475 0.415421 0.415372 0.416068 0.417365 0.418973 0.420606 0.421959 0.422756 0.422883 0.422527 0.422102 0.421769 0.421517 0.421201 0.420743 0.420202 0.419506 0.418827 0.418337 0.418299 0.418650
-9999.0 -9999.0 -9999.0 -9999.0 -9999.0 -9999.0 -9999.0 -9999.0 -9999.0 -9999.0 -9999.0 -9999.0 -9999.0 -9999.0 -9999.0 -9999.0 0.422246 0.424424 0.424310 0.425121 0.425675 0.424684 0.423684 0.423428 0.423994 0.424372 0.423810 0.422396 0.420945 0.419906 0.419024 0.418351 0.418123 0.418546 0.419430 0.420399 0.421441 0.422633 0.423919 0.424486 0.423448 0.420789 0.417829 0.415969 0.415466 0.415942 0.417241 0.419094 0.421112 0.422512 0.423011 0.422889 0.422543 0.422193 0.421937 0.421858 0.421866 0.421668 0.421157 0.420278 0.419299 0.418496 0.418184 0.418367
-9999.0 -9999.0 -9999.0 -9999.0 -9999.0 -9999.0 -9999.0 -9999.0 -9999.0 -9999.0 -9999.0 -9999.0 -9999.0 -9999.0 -9999.0 0.419097 0.419141 0.422518 0.424324 0.424635 0.424400 0.423208 0.421584 0.420671 0.421080 0.422168 0.422829 0.422504 0.421631 0.420826 0.419906 0.418975 0.418445 0.418645 0.419447 0.420340 0.421255 0.422286 0.423723 0.425015 0.425176 0.423294 0.420190 0.417514 0.416317 0.416330 0.417331 0.419192 0.421612 0.423149 0.423505 0.423220 0.422761 0.422302 0.421951 0.422042 0.422441 0.422647 0.422309 0.421331 0.420066 0.418925 0.418307 0.418295
-9999.0 -9999.0 -9999.0 -9999.0 -9999.0 -9999.0 -9999.0 -9999.0 -9999.0 -9999.0 -9999.0 -9999.0 -9999.0 -9999.0 -9999.0 0.421643 0.420845 0.422981 0.423878 0.423909 0.423308 0.421951 0.420242 0.418815 0.418521 0.419338 0.420512 0.421252 0.421388 0.421158 0.420555 0.419634 0.418868 0.418724 0.419296 0.420125 0.421048 0.422031 0.423503 0.425218 0.426527 0.425966 0.423484 0.420322 0.418235 0.417507 0.417904 0.419509 0.422074 0.423932 0.424223 0.423743 0.423087 0.422554 0.422145 0.422209 0.422695 0.423166 0.423110 0.422216 0.420828 0.419461 0.418574 0.418334
-9999.0 -9999.0 -9999.0 -9999.0 -9999.0 -9999.0 -9999.0 -9999.0 -9999.0 -9999.0 -9999.0 -9999.0 -9999.0 -9999.0 -9999.0 0.425877 0.423718 0.425045 0.424921 0.423418 0.421988 0.420784 0.419387 0.418032 0.417345 0.417568 0.418459 0.419473 0.420117 0.420471 0.420380 0.419796 0.418995 0.418529 0.418735 0.419426 0.420358 0.421344 0.422793 0.424898 0.427273 0.428208 0.426814 0.423788 0.421006 0.419412 0.419021 0.420120 0.422594 0.424812 0.425319 0.424727 0.423729 0.422972 0.422475 0.422387 0.422751 0.423232 0.423370 0.422658 0.421316 0.419881 0.418844 0.418440
-9999.0 -9999.0 -9999.0 -9999.0 -9999.0 -9999.0 -9999.0 -9999.0 -9999.0 -9999.0 -9999.0 -9999.0 -9999.0 -9999.0 0.422333 0.424048 0.426188 0.427331 0.425558 0.422850 0.421244 0.420392 0.419348 0.418098 0.417177 0.416913 0.417254 0.417973 0.418684 0.419268 0.419575 0.419460 0.418888 0.418221 0.417974 0.418307 0.419045 0.419910 0.421211 0.423470 0.426429 0.428679 0.428615 0.426417 0.423516 0.421341 0.420201 0.420672 0.422714 0.425217 0.426236 0.425901 0.424803 0.423790 0.423043 0.422697 0.422884 0.423326 0.423528 0.422917 0.421609 0.420215 0.419146 0.418644
-9999.0 -9999.0 -9999.0 -9999.0 -9999.0 -9999.0 -9999.0 -9999.0 -9999.0 -9999.0 -9999.0 -9999.0 -9999.0 0.422369 0.422261 0.424782 0.427988 0.428176 0.425391 0.422647 0.421420 0.420719 0.419828 0.418567 0.417535 0.417010 0.416938 0.417222 0.417701 0.418227 0.418672 0.418899 0.418695 0.418076 0.417482 0.417318 0.417517 0.417939 0.418829 0.420760 0.423598 0.426634 0.427919 0.427106 0.424831 0.422627 0.420990 0.420767 0.422310 0.424711 0.426385 0.426817 0.426109 0.425006 0.423996 0.423440 0.423461 0.423778 0.423923 0.423364 0.422061 0.420648 0.419557 0.419020
-9999.0 -9999.0 -9999.0 -9999.0 -9999.0 -9999.0 -9999.0 -9999.0 -9999.0 -9999.0 -9999.0 -9999.0 0.424882 0.423633 0.424512 0.427181 0.429010 0.427477 0.424439 0.422538 0.422039 0.421716 0.420811 0.419288 0.417997 0.417289 0.417033 0.417089 0.417353 0.417715 0.418098 0.418460 0.418579 0.418190 0.417470 0.416847 0.416440 0.416317 0.416698 0.417940 0.420075 0.422995 0.425038 0.425534 0.424345 0.422667 0.420991 0.420512 0.421348 0.423319 0.425441 0.426895 0.427124 0.426399 0.425367 0.424621 0.424399 0.424559 0.424671 0.424200 0.422883 0.421326 0.420096 0.419472
-9999.0 -9999.0 -9999.0 -9999.0 -9999.0 -9999.0 -9999.0 -9999.0 -9999.0 -9999.0 -9999.0 0.425601 0.425211 0.425464 0.427169 0.429598 0.429243 0.426581 0.423793 0.422550 0.422564 0.422632 0.421870 0.420120 0.418444 0.417551 0.417310 0.417390 0.417554 0.417709 0.417918 0.418267 0.418644 0.418578 0.417917 0.416959 0.416046 0.415483 0.415471 0.416118 0.417481 0.419679 0.421674 0.422776 0.422517 0.421561 0.420380 0.419772 0.420027 0.421354 0.423427 0.425576 0.426846 0.426966 0.426405 0.425752 0.425381 0.425322 0.425382 0.425055 0.423901 0.422234 0.420797 0.419991
-9999.0 -9999.0 -9999.0 -9999.0 -9999.0 -9999.0 -9999.0 -9999.0 -9999.0 -9999.0 0.426872 0.425976 0.425663 0.427138 0.429616 0.430527 0.428798 0.426076 0.423776 0.422807 0.423049 0.423562 0.422862 0.420859 0.418759 0.417751 0.417586 0.417762 0.417927 0.417968 0.418035 0.418350 0.418894 0.419112 0.418593 0.417502 0.416284 0.415381 0.415046 0.415282 0.416144 0.417620 0.419123 0.420142 0.420455 0.420238 0.419651 0.418919 0.418636 0.419267 0.420944 0.423156 0.425269 0.426440 0.426625 0.426209 0.425823 0.425625 0.425658 0.425465 0.424624 0.423107 0.421631 0.420657
-9999.0 -9999.0 -9999.0 -9999.0 -9999.0 -9999.0 -9999.0 -9999.0 -9999.0 0.428963 0.427810 0.426632 0.426706 0.428873 0.430291 0.429926 0.428314 0.426358 0.424484 0.423441 0.423668 0.424391 0.423664 0.421281 0.418911 0.417854 0.417742 0.418018 0.418273 0.418275 0.418227 0.418499 0.419144 0.419601 0.419270 0.418197 0.416792 0.415584 0.414967 0.414950 0.415534 0.416589 0.417731 0.418607 0.419269 0.419515 0.419081 0.418125 0.417549 0.417630 0.418556 0.420441 0.422874 0.425012 0.426090 0.426122 0.425803 0.425512 0.425413 0.425193 0.424606 0.423564 0.422455 0.421597
-9999.0 -9999.0 -9999.0 -9999.0 -9999.0 -9999.0 -9999.0 -9999.0 0.427539 0.428917 0.428837 0.428332 0.428699 0.429350 0.429556 0.429188 0.428222 0.426685 0.424982 0.423952 0.424278 0.425021 0.424124 0.421467 0.418926 0.417782 0.417692 0.418081 0.418461 0.418550 0.418477 0.418656 0.419219 0.419824 0.419764 0.418821 0.417246 0.415714 0.414862 0.414716 0.415183 0.416078 0.417118 0.418028 0.418874 0.419214 0.418776 0.417875 0.417238 0.416895 0.417087 0.418144 0.420383 0.423081 0.425114 0.425774 0.425606 0.425261 0.424983 0.424582 0.424005 0.423488 0.423075 0.422716
-9999.0 -9999.0 -9999.0 -9999.0 -9999.0 -9999.0 -9999.0 0.423198 0.425850 0.428283 0.430195 0.430949 0.430234 0.429031 0.428680 0.428497 0.427783 0.426417 0.425031 0.424389 0.424857 0.425474 0.424476 0.421736 0.418872 0.417459 0.417352 0.417923 0.418483 0.418715 0.418684 0.418766 0.419153 0.419765 0.420019 0.419367 0.417731 0.415839 0.414707 0.414461 0.414869 0.415783 0.416927 0.417899 0.418595 0.418817 0.418597 0.418062 0.417539 0.416967 0.416573 0.416756 0.418126 0.420794 0.423524 0.425120 0.425430 0.425149 0.424616 0.423912 0.423228 0.423163 0.423440 0.423628
-9999.0 -9999.0 -9999.0 -9999.0 -9999.0 -9999.0 0.419216 0.421591 0.424405 0.427627 0.431346 0.432496 0.431117 0.429176 0.428408 0.428251 0.427682 0.426288 0.424787 0.424221 0.424830 0.425742 0.425157 0.422450 0.419101 0.417075 0.416708 0.417373 0.418192 0.418700 0.418852 0.418886 0.419030 0.419525 0.420135 0.420052 0.418583 0.416299 0.414738 0.414308 0.414615 0.415555 0.416824 0.417681 0.417999 0.418119 0.418300 0.418297 0.418060 0.417515 0.416742 0.416235 0.416714 0.418666 0.421494 0.423857 0.424937 0.424982 0.424339 0.423367 0.422689 0.422976 0.423653 0.424101
-9999.0 -9999.0 -9999.0 -9999.0 -9999.0 0.416615 0.418164 0.420327 0.423007 0.427143 0.431586 0.433264 0.432156 0.430012 0.428710 0.428451 0.427953 0.426450 0.424586 0.423880 0.424531 0.425820 0.425822 0.423547 0.419789 0.416959 0.416086 0.416571 0.417535 0.418334 0.418801 0.418968 0.418947 0.419207 0.420011 0.420680 0.419861 0.417430 0.415300 0.414491 0.414597 0.415490 0.416731 0.417299 0.417198 0.417190 0.417578 0.418036 0.418230 0.417965 0.417159 0.416387 0.416272 0.417367 0.419620 0.422128 0.424002 0.424652 0.424081 0.422931 0.422343 0.422727 0.423388 0.423858
-9999.0 -9999.0 -9999.0 -9999.0 -9999.0 0.417032 0.418024 0.419063 0.421707 0.425874 0.429825 0.432314 0.432460 0.430918 0.429287 0.428795 0.428402 0.426977 0.424767 0.423629 0.424084 0.425653 0.426423 0.424782 0.420979 0.417374 0.415828 0.415847 0.416679 0.417661 0.418504 0.418963 0.418885 0.418799 0.419515 0.420857 0.421204 0.419343 0.416857 0.415442 0.415130 0.415792 0.416744 0.416897 0.416493 0.416377 0.416766 0.417514 0.418049 0.417965 0.417290 0.416701 0.416473 0.416971 0.418318 0.420422 0.422619 0.423895 0.423619 0.422442 0.421792 0.421928 0.422421 0.422922
-9999.0 -9999.0 -9999.0 -9999.0 -9999.0 0.417434 0.417807 0.418088 0.420814 0.424409 0.427468 0.430455 0.431879 0.431193 0.429472 0.428495 0.427950 0.426752 0.424797 0.423673 0.424083 0.425629 0.426806 0.425915 0.422768 0.418820 0.416407 0.415665 0.416025 0.416924 0.418070 0.418972 0.419028 0.418523 0.418709 0.420174 0.421735 0.421361 0.419386 0.417496 0.416618 0.416842 0.417121 0.416720 0.416138 0.415955 0.416253 0.417071 0.417709 0.417580 0.417008 0.416717 0.416723 0.416950 0.417613 0.418983 0.421079 0.422598 0.422646 0.421650 0.420853 0.420655 0.421101 0.422039
-9999.0 -9999.0 -9999.0 -9999.0 -9999.0 0.416336 0.416848 0.418158 0.421352 0.423972 0.425475 0.428139 0.430662 0.431226 0.429867 0.428420 0.427400 0.425978 0.424040 0.422908 0.423435 0.425181 0.427023 0.427338 0.425318 0.421665 0.418350 0.416562 0.416175 0.416717 0.417935 0.419247 0.419588 0.418735 0.418062 0.418860 0.420815 0.422124 0.421622 0.420064 0.418949 0.418643 0.418029 0.417071 0.416323 0.416035 0.416212 0.416879 0.417345 0.417075 0.416517 0.416343 0.416557 0.416792 0.417120 0.417902 0.419421 0.420810 0.421103 0.420496 0.419748 0.419378 0.419867 0.421546
-9999.0 -9999.0 -9999.0 -9999.0 0.414641 0.415433 0.417501 0.419014 0.422817 0.424654 0.425067 0.427199 0.430132 0.431635 0.430922 0.429292 0.427697 0.425564 0.423016 0.421265 0.421420 0.423207 0.425765 0.427604 0.427542 0.425090 0.421747 0.418991 0.417688 0.417686 0.418642 0.420066 0.420676 0.419649 0.417995 0.417557 0.418794 0.420810 0.421929 0.421746 0.421299 0.420736 0.419416 0.418032 0.417050 0.416592 0.416565 0.416858 0.417002 0.416645 0.416105 0.415917 0.416167 0.416479 0.416734 0.417176 0.418106 0.419131 0.419457 0.419320 0.419031 0.418482 0.418247 0.419785
-9999.0 -9999.0 -9999.0 -9999.0 0.415678 0.416226 0.417849 0.419983 0.424341 0.425804 0.425648 0.427319 0.430410 0.432613 0.432616 0.431210 0.429525 0.426907 0.423295 0.420090 0.418867 0.419785 0.422270 0.425046 0.426796 0.426520 0.424439 0.421982 0.420202 0.419602 0.419899 0.421043 0.421900 0.421014 0.418706 0.416994 0.417030 0.418522 0.420413 0.421817 0.422523 0.422190 0.420806 0.419317 0.418191 0.417561 0.417192 0.416973 0.416754 0.416338 0.415825 0.415590 0.415788 0.416182 0.416531 0.416859 0.417356 0.417909 0.418244 0.418338 0.418871 0.419402 0.418896 -9999.0
