tests/3D/Muntatschini_ref_005/output-maps-SE27XX/thetaliqL0001N0003.asc
ncols         108
nrows         156
xllcorner     619971.250000
yllcorner     5169711.250000
cellsize      20.000000
NODATA_value  -9999.0
[rows 58 to 86 of 156, columns 0 to 63 of 108]
-9999.0 -9999.0 -9999.0 -9999.0 -9999.0 -9999.0 -9999.0 -9999.0 -9999.0 -9999.0 -9999.0 -9999.0 -9999.0 -9999.0 -9999.0 -9999.0 -9999.0 -9999.0 -9999.0 -9999.0 -9999.0 -9999.0 -9999.0 -9999.0 -9999.0 -9999.0 -9999.0 -9999.0 -9999.0 -9999.0 -9999.0 -9999.0 -9999.0 -9999.0 -9999.0 -9999.0 0.408977 0.408392 0.408635 0.408121 0.407767 0.407872 0.408625 0.409983 0.411869 0.413785 0.415230 0.415995 0.416028 0.415563 0.414734 0.413820 0.412855 0.412047 0.411583 0.411522 0.411826 0.412438 0.412992 0.413177 0.412727 0.411894 0.411037 0.410417
-9999.0 -9999.0 -9999.0 -9999.0 -9999.0 -9999.0 -9999.0 -9999.0 -9999.0 -9999.0 -9999.0 -9999.0 -9999.0 -9999.0 -9999.0 -9999.0 -9999.0 -9999.0 -9999.0 -9999.0 -9999.0 -9999.0 -9999.0 -9999.0 -9999.0 -9999.0 -9999.0 -9999.0 -9999.0 -9999.0 -9999.0 -9999.0 -9999.0 -9999.0 -9999.0 0.411068 0.410755 0.409880 0.409189 0.408437 0.407827 0.407699 0.408255 0.409602 0.411497 0.413440 0.414644 0.415111 0.415085 0.414861 0.414396 0.413843 0.413180 0.412509 0.411916 0.411530 0.411507 0.412015 0.412821 0.413383 0.413195 0.412401 0.411450 0.410664
-9999.0 -9999.0 -9999.0 -9999.0 -9999.0 -9999.0 -9999.0 -9999.0 -9999.0 -9999.0 -9999.0 -9999.0 -9999.0 -9999.0 -9999.0 -9999.0 -9999.0 -9999.0 -9999.0 -9999.0 -9999.0 -9999.0 -9999.0 -9999.0 -9999.0 -9999.0 -9999.0 -9999.0 -9999.0 -9999.0 -9999.0 -9999.0 0.408468 0.409892 0.412674 0.412106 0.411280 0.410834 0.409951 0.408945 0.408207 0.407928 0.408194 0.409224 0.411164 0.413281 0.414571 0.414916 0.414700 0.414404 0.414020 0.413660 0.413253 0.412783 0.412253 0.411718 0.411403 0.411622 0.412377 0.413223 0.413458 0.412992 0.412174 0.411364
-9999.0 -9999.0 -9999.0 -9999.0 -9999.0 -9999.0 -9999.0 -9999.0 -9999.0 -9999.0 -9999.0 -9999.0 -9999.0 -9999.0 -9999.0 -9999.0 -9999.0 -9999.0 -9999.0 -9999.0 -9999.0 -9999.0 -9999.0 -9999.0 -9999.0 -9999.0 -9999.0 -9999.0 -9999.0 -9999.0 0.410719 0.411738 0.410463 0.409671 0.411144 0.412150 0.412186 0.411644 0.410525 0.409272 0.408370 0.407960 0.407951 0.408639 0.410344 0.412589 0.414250 0.414936 0.414863 0.414477 0.413994 0.413577 0.413258 0.412901 0.412463 0.411868 0.411343 0.411220 0.411732 0.412532 0.413119 0.413147 0.412766 0.412183
-9999.0 -9999.0 -9999.0 -9999.0 -9999.0 -9999.0 -9999.0 -9999.0 -9999.0 -9999.0 -9999.0 -9999.0 -9999.0 -9999.0 -9999.0 -9999.0 -9999.0 -9999.0 -9999.0 -9999.0 -9999.0 -9999.0 -9999.0 -9999.0 -9999.0 -9999.0 -9999.0 -9999.0 -9999.0 0.408951 0.408829 0.410517 0.411341 0.411367 0.411667 0.412523 0.412891 0.412453 0.411068 0.409347 0.408085 0.407494 0.407353 0.407810 0.409128 0.411217 0.413109 0.414392 0.414900 0.414811 0.414390 0.413798 0.413264 0.412812 0.412454 0.411954 0.411383 0.411006 0.411166 0.411695 0.412271 0.412708 0.412871 0.412699
-9999.0 -9999.0 -9999.0 -9999.0 -9999.0 -9999.0 -9999.0 -9999.0 -9999.0 -9999.0 -9999.0 -9999.0 -9999.0 -9999.0 -9999.0 -9999.0 -9999.0 -9999.0 -9999.0 -9999.0 -9999.0 -9999.0 -9999.0 -9999.0 -9999.0 0.408211 0.408194 0.408954 0.409603 0.409001 0.409606 0.410692 0.411491 0.411846 0.412280 0.412932 0.413488 0.413177 0.411696 0.409549 0.407863 0.407017 0.406819 0.407144 0.408071 0.409664 0.411508 0.413153 0.414266 0.414747 0.414761 0.414235 0.413485 0.412767 0.412324 0.411920 0.411429 0.410991 0.410883 0.411078 0.411408 0.411873 0.412401 0.412659
-9999.0 -9999.0 -9999.0 -9999.0 -9999.0 -9999.0 -9999.0 -9999.0 -9999.0 -9999.0 -9999.0 -9999.0 -9999.0 -9999.0 -9999.0 -9999.0 -9999.0 -9999.0 -9999.0 -9999.0 -9999.0 -9999.0 -9999.0 0.413025 0.412849 0.410443 0.409064 0.408648 0.408939 0.409329 0.409943 0.410873 0.411589 0.411976 0.412469 0.413183 0.413960 0.413949 0.412681 0.410318 0.408195 0.406970 0.406616 0.406798 0.407426 0.408562 0.410171 0.411729 0.413168 0.414195 0.414791 0.414600 0.413783 0.412855 0.412306 0.412000 0.411601 0.411154 0.410841 0.410751 0.410796 0.411083 0.411637 0.412130
-9999.0 -9999.0 -9999.0 -9999.0 -9999.0 -9999.0 -9999.0 -9999.0 -9999.0 -9999.0 -9999.0 -9999.0 -9999.0 -9999.0 -9999.0 -9999.0 -9999.0 -9999.0 -9999.0 -9999.0 -9999.0 0.416600 0.417349 0.414459 0.412997 0.412092 0.410825 0.410228 0.410020 0.409990 0.410206 0.410690 0.411255 0.411731 0.412371 0.413246 0.414279 0.414667 0.413869 0.411665 0.409212 0.407467 0.406738 0.406696 0.407121 0.407986 0.409292 0.410691 0.412145 0.413432 0.414474 0.414723 0.414043 0.413117 0.412482 0.412165 0.411801 0.411369 0.410953 0.410628 0.410410 0.410426 0.410798 0.411366
-9999.0 -9999.0 -9999.0 -9999.0 -9999.0 -9999.0 -9999.0 -9999.0 -9999.0 -9999.0 -9999.0 -9999.0 -9999.0 -9999.0 -9999.0 -9999.0 -9999.0 -9999.0 -9999.0 -9999.0 0.417420 0.415427 0.416316 0.416549 0.415419 0.414005 0.412624 0.411556 0.410865 0.410351 0.410081 0.410139 0.410475 0.411040 0.411831 0.412877 0.414093 0.414961 0.414951 0.413413 0.410885 0.408499 0.407096 0.406659 0.406903 0.407682 0.408915 0.410381 0.411815 0.413197 0.414247 0.414516 0.414023 0.413393 0.412909 0.412571 0.412140 0.411622 0.411119 0.410614 0.410190 0.409958 0.410128 0.410592
-9999.0 -9999.0 -9999.0 -9999.0 -9999.0 -9999.0 -9999.0 -9999.0 -9999.0 -9999.0 -9999.0 -9999.0 -9999.0 -9999.0 -9999.0 -9999.0 -9999.0 -9999.0 0.418120 0.419429 0.418684 0.417068 0.416635 0.416688 0.416604 0.415964 0.414539 0.412877 0.411553 0.410624 0.409976 0.409647 0.409713 0.410279 0.411198 0.412300 0.413533 0.414712 0.415493 0.415009 0.412959 0.410134 0.407834 0.406748 0.406699 0.407415 0.408752 0.410408 0.412071 0.413470 0.414295 0.414426 0.414058 0.413618 0.413274 0.413014 0.412687 0.412214 0.411655 0.410935 0.410235 0.409729 0.409689 0.410051
-9999.0 -9999.0 -9999.0 -9999.0 -9999.0 -9999.0 -9999.0 -9999.0 -9999.0 -9999.0 -9999.0 -9999.0 -9999.0 -9999.0 -9999.0 -9999.0 0.413773 0.416034 0.415913 0.416751 0.417325 0.416299 0.415265 0.414999 0.415584 0.415982 0.415400 0.413936 0.412439 0.411371 0.410462 0.409768 0.409534 0.409970 0.410882 0.411883 0.412959 0.414192 0.415522 0.416108 0.415033 0.412283 0.409229 0.407313 0.406795 0.407286 0.408624 0.410532 0.412593 0.414042 0.414559 0.414432 0.414075 0.413712 0.413447 0.413366 0.413374 0.413170 0.412641 0.411732 0.410722 0.409892 0.409571 0.409759
-9999.0 -9999.0 -9999.0 -9999.0 -9999.0 -9999.0 -9999.0 -9999.0 -9999.0 -9999.0 -9999.0 -9999.0 -9999.0 -9999.0 -9999.0 0.410523 0.410567 0.414056 0.415925 0.416248 0.416005 0.414772 0.413092 0.412147 0.412568 0.413694 0.414378 0.414044 0.413144 0.412323 0.411373 0.410412 0.409865 0.410072 0.410899 0.411821 0.412767 0.413833 0.415319 0.416657 0.416822 0.414873 0.411665 0.408904 0.407671 0.407685 0.408718 0.410637 0.413128 0.414700 0.415070 0.414775 0.414300 0.413825 0.413462 0.413556 0.413969 0.414181 0.413832 0.412822 0.411514 0.410335 0.409698 0.409685
-9999.0 -9999.0 -9999.0 -9999.0 -9999.0 -9999.0 -9999.0 -9999.0 -9999.0 -9999.0 -9999.0 -9999.0 -9999.0 -9999.0 -9999.0 0.413153 0.412325 0.414535 0.415464 0.415496 0.414874 0.413476 0.411715 0.410243 0.409941 0.410779 0.411981 0.412752 0.412900 0.412666 0.412043 0.411091 0.410301 0.410153 0.410744 0.411600 0.412553 0.413569 0.415092 0.416867 0.418223 0.417641 0.415070 0.411802 0.409649 0.408899 0.409309 0.410965 0.413609 0.415511 0.415814 0.415317 0.414637 0.414087 0.413663 0.413728 0.414231 0.414718 0.414660 0.413736 0.412302 0.410889 0.409973 0.409725
-9999.0 -9999.0 -9999.0 -9999.0 -9999.0 -9999.0 -9999.0 -9999.0 -9999.0 -9999.0 -9999.0 -9999.0 -9999.0 -9999.0 -9999.0 0.417530 0.415297 0.416673 0.416546 0.414990 0.413515 0.412276 0.410836 0.409439 0.408731 0.408961 0.409877 0.410922 0.411591 0.411956 0.411862 0.411259 0.410432 0.409951 0.410165 0.410878 0.411841 0.412859 0.414357 0.416536 0.418997 0.419967 0.418520 0.415386 0.412510 0.410865 0.410462 0.411596 0.414147 0.416422 0.416949 0.416336 0.415303 0.414519 0.414005 0.413913 0.414289 0.414787 0.414930 0.414194 0.412805 0.411323 0.410251 0.409834
-9999.0 -9999.0 -9999.0 -9999.0 -9999.0 -9999.0 -9999.0 -9999.0 -9999.0 -9999.0 -9999.0 -9999.0 -9999.0 -9999.0 0.413866 0.415638 0.417857 0.419044 0.417207 0.414403 0.412736 0.411873 0.410795 0.409506 0.408557 0.408285 0.408637 0.409379 0.410112 0.410714 0.411031 0.410912 0.410322 0.409634 0.409379 0.409723 0.410485 0.411378 0.412722 0.415058 0.418123 0.420458 0.420390 0.418110 0.415106 0.412858 0.411680 0.412163 0.414254 0.416843 0.417900 0.417553 0.416415 0.415366 0.414592 0.414233 0.414426 0.414884 0.415094 0.414461 0.413109 0.411667 0.410564 0.410045
-9999.0 -9999.0 -9999.0 -9999.0 -9999.0 -9999.0 -9999.0 -9999.0 -9999.0 -9999.0 -9999.0 -9999.0 -9999.0 0.413904 0.413791 0.416399 0.419724 0.419923 0.417035 0.414183 0.412913 0.412195 0.411290 0.409989 0.408925 0.408384 0.408311 0.408604 0.409097 0.409640 0.410099 0.410333 0.410123 0.409484 0.408872 0.408704 0.408909 0.409345 0.410263 0.412257 0.415192 0.418337 0.419669 0.418826 0.416468 0.414188 0.412494 0.412241 0.413833 0.416318 0.418054 0.418503 0.417769 0.416626 0.415579 0.415003 0.415024 0.415353 0.415503 0.414925 0.413576 0.412115 0.410988 0.410433
-9999.0 -9999.0 -9999.0 -9999.0 -9999.0 -9999.0 -9999.0 -9999.0 -9999.0 -9999.0 -9999.0 -9999.0 0.416506 0.415211 0.416120 0.418887 0.420788 0.419197 0.416038 0.414069 0.413552 0.413222 0.412306 0.410733 0.409401 0.408671 0.408408 0.408466 0.408738 0.409111 0.409507 0.409880 0.410003 0.409602 0.408859 0.408218 0.407798 0.407672 0.408066 0.409346 0.411550 0.414569 0.416683 0.417197 0.415965 0.414229 0.412497 0.411994 0.412837 0.414876 0.417075 0.418583 0.418822 0.418069 0.417000 0.416226 0.415996 0.416162 0.416278 0.415790 0.414426 0.412815 0.411544 0.410900
-9999.0 -9999.0 -9999.0 -9999.0 -9999.0 -9999.0 -9999.0 -9999.0 -9999.0 -9999.0 -9999.0 0.417251 0.416845 0.417107 0.418873 0.421398 0.421031 0.418269 0.415369 0.414082 0.414095 0.414170 0.413400 0.411592 0.409862 0.408941 0.408693 0.408776 0.408945 0.409105 0.409321 0.409681 0.410070 0.410001 0.409320 0.408333 0.407392 0.406813 0.406801 0.407468 0.408874 0.411142 0.413203 0.414342 0.414073 0.413086 0.411866 0.411237 0.411497 0.412863 0.414987 0.417215 0.418533 0.418657 0.418076 0.417398 0.417014 0.416952 0.417014 0.416676 0.415480 0.413755 0.412270 0.411436
-9999.0 -9999.0 -9999.0 -9999.0 -9999.0 -9999.0 -9999.0 -9999.0 -9999.0 -9999.0 0.418569 0.417639 0.417312 0.418841 0.421416 0.422365 0.420570 0.417736 0.415352 0.414347 0.414596 0.415128 0.414411 0.412354 0.410187 0.409147 0.408978 0.409159 0.409329 0.409372 0.409441 0.409767 0.410328 0.410553 0.410016 0.408892 0.407637 0.406707 0.406363 0.406607 0.407495 0.409017 0.410568 0.411620 0.411943 0.411718 0.411113 0.410358 0.410066 0.410717 0.412440 0.414706 0.416897 0.418112 0.418303 0.417873 0.417472 0.417266 0.417300 0.417100 0.416229 0.414658 0.413131 0.412124
-9999.0 -9999.0 -9999.0 -9999.0 -9999.0 -9999.0 -9999.0 -9999.0 -9999.0 0.420740 0.419542 0.418318 0.418393 0.420644 0.422120 0.421742 0.420067 0.418027 0.416084 0.415003 0.415237 0.415986 0.415239 0.412790 0.410344 0.409254 0.409138 0.409423 0.409687 0.409688 0.409639 0.409920 0.410585 0.411057 0.410716 0.409608 0.408160 0.406916 0.406281 0.406265 0.406866 0.407955 0.409131 0.410035 0.410718 0.410972 0.410523 0.409538 0.408944 0.409028 0.409984 0.411920 0.414415 0.416631 0.417748 0.417782 0.417452 0.417150 0.417046 0.416819 0.416210 0.415131 0.413983 0.413096
-9999.0 -9999.0 -9999.0 -9999.0 -9999.0 -9999.0 -9999.0 -9999.0 0.419261 0.420690 0.420607 0.420081 0.420464 0.421141 0.421356 0.420974 0.419961 0.418367 0.416600 0.415532 0.415869 0.416640 0.415716 0.412983 0.410359 0.409179 0.409087 0.409488 0.409880 0.409972 0.409897 0.410082 0.410662 0.411287 0.411225 0.410252 0.408628 0.407050 0.406174 0.406024 0.406505 0.407427 0.408499 0.409437 0.410310 0.410661 0.410209 0.409279 0.408623 0.408270 0.408469 0.409558 0.411861 0.414629 0.416737 0.417421 0.417247 0.416890 0.416601 0.416185 0.415587 0.415052 0.414625 0.414254
-9999.0 -9999.0 -9999.0 -9999.0 -9999.0 -9999.0 -9999.0 0.414762 0.417506 0.420030 0.422016 0.422803 0.422061 0.420811 0.420446 0.420255 0.419505 0.418087 0.416651 0.415985 0.416470 0.417110 0.416081 0.413261 0.410303 0.408846 0.408737 0.409325 0.409903 0.410142 0.410110 0.410196 0.410594 0.411226 0.411488 0.410815 0.409128 0.407178 0.406013 0.405761 0.406182 0.407123 0.408302 0.409304 0.410022 0.410250 0.410023 0.409471 0.408933 0.408344 0.407938 0.408127 0.409540 0.412285 0.415089 0.416742 0.417064 0.416773 0.416221 0.415491 0.414783 0.414716 0.415003 0.415197
-9999.0 -9999.0 -9999.0 -9999.0 -9999.0 -9999.0 0.410648 0.413098 0.416009 0.419348 0.423214 0.424414 0.422980 0.420961 0.420162 0.419998 0.419408 0.417954 0.416398 0.415811 0.416442 0.417387 0.416781 0.413985 0.410539 0.408450 0.408073 0.408758 0.409603 0.410127 0.410284 0.410319 0.410467 0.410979 0.411608 0.411523 0.410006 0.407652 0.406046 0.405603 0.405920 0.406888 0.408196 0.409079 0.409406 0.409530 0.409716 0.409713 0.409470 0.408908 0.408111 0.407590 0.408084 0.410093 0.412988 0.415434 0.416553 0.416600 0.415934 0.414928 0.414226 0.414523 0.415223 0.415686
-9999.0 -9999.0 -9999.0 -9999.0 -9999.0 0.407975 0.409559 0.411792 0.414561 0.418846 0.423464 0.425213 0.424060 0.421830 0.420476 0.420207 0.419690 0.418123 0.416191 0.415459 0.416132 0.417468 0.417470 0.415118 0.411249 0.408330 0.407432 0.407931 0.408925 0.409749 0.410231 0.410403 0.410382 0.410650 0.411480 0.412171 0.411325 0.408817 0.406624 0.405791 0.405901 0.406821 0.408099 0.408685 0.408580 0.408572 0.408972 0.409445 0.409644 0.409371 0.408541 0.407745 0.407628 0.408757 0.411074 0.413643 0.415584 0.416258 0.415666 0.414476 0.413868 0.414265 0.414949 0.415434
-9999.0 -9999.0 -9999.0 -9999.0 -9999.0 0.408396 0.409415 0.410485 0.413216 0.417530 0.421632 0.424222 0.424374 0.422771 0.421075 0.420564 0.420157 0.418669 0.416379 0.415198 0.415669 0.417294 0.418093 0.416398 0.412478 0.408758 0.407166 0.407186 0.408043 0.409055 0.409925 0.410398 0.410318 0.410229 0.410968 0.412354 0.412712 0.410790 0.408227 0.406770 0.406449 0.407131 0.408112 0.408270 0.407853 0.407734 0.408136 0.408906 0.409457 0.409371 0.408675 0.408069 0.407834 0.408347 0.409736 0.411900 0.414151 0.415473 0.415188 0.413970 0.413298 0.413438 0.413947 0.414465
-9999.0 -9999.0 -9999.0 -9999.0 -9999.0 0.408808 0.409190 0.409479 0.412293 0.416013 0.419184 0.422287 0.423769 0.423057 0.421268 0.420253 0.419687 0.418444 0.416408 0.415244 0.415668 0.417270 0.418491 0.417573 0.414328 0.410249 0.407762 0.406997 0.407369 0.408295 0.409477 0.410408 0.410466 0.409944 0.410136 0.411648 0.413261 0.412874 0.410835 0.408886 0.407982 0.408212 0.408500 0.408087 0.407488 0.407300 0.407606 0.408449 0.409106 0.408974 0.408384 0.408084 0.408091 0.408325 0.409008 0.410421 0.412577 0.414129 0.414181 0.413151 0.412326 0.412121 0.412581 0.413551
-9999.0 -9999.0 -9999.0 -9999.0 -9999.0 0.407674 0.408202 0.409551 0.412851 0.415563 0.417119 0.419882 0.422503 0.423091 0.421679 0.420174 0.419116 0.417641 0.415625 0.414452 0.414996 0.416805 0.418716 0.419044 0.416957 0.413187 0.409765 0.407922 0.407524 0.408081 0.409338 0.410691 0.411043 0.410162 0.409469 0.410291 0.412310 0.413663 0.413144 0.411536 0.410385 0.410069 0.409436 0.408448 0.407678 0.407381 0.407564 0.408251 0.408731 0.408453 0.407878 0.407699 0.407920 0.408161 0.408500 0.409306 0.410869 0.412280 0.412585 0.411957 0.411184 0.410801 0.411306 0.413041
-9999.0 -9999.0 -9999.0 -9999.0 0.405932 0.406745 0.408875 0.410436 0.414367 0.416270 0.416697 0.418907 0.421953 0.423518 0.422776 0.421081 0.419426 0.417213 0.414573 0.412752 0.412911 0.414760 0.417410 0.419318 0.419255 0.416720 0.413271 0.410426 0.409082 0.409081 0.410067 0.411536 0.412166 0.411106 0.409400 0.408948 0.410224 0.412306 0.413463 0.413274 0.412812 0.412230 0.410867 0.409439 0.408427 0.407955 0.407928 0.408230 0.408378 0.408009 0.407452 0.407259 0.407517 0.407839 0.408101 0.408557 0.409516 0.410566 0.410882 0.410742 0.410443 0.409876 0.409632 0.411221
-9999.0 -9999.0 -9999.0 -9999.0 0.406999 0.407563 0.409232 0.411435 0.415944 0.417462 0.417300 0.419032 0.422242 0.424535 0.424539 0.423076 0.421324 0.418607 0.414864 0.411539 0.410275 0.411221 0.413790 0.416664 0.418479 0.418194 0.416046 0.413516 0.411677 0.411055 0.411344 0.412529 0.413431 0.412516 0.410133 0.408368 0.408406 0.409945 0.411898 0.413348 0.414078 0.413733 0.412302 0.410765 0.409604 0.408954 0.408574 0.408348 0.408122 0.407692 0.407164 0.406921 0.407126 0.407531 0.407892 0.408230 0.408741 0.409311 0.409648 0.409727 0.410276 0.410822 0.410304 -9999.0
