tests/3D/Muntatschini_ref_005/output-maps-SE27XX/thetaliqL0002N0001.asc
ncols         108
nrows         156
xllcorner     619971.250000
yllcorner     5169711.250000
cellsize      20.000000
NODATA_value  -9999.0
[rows 58 to 86 of 156, columns 0 to 63 of 108]
-9999.0 -9999.0 -9999.0 -9999.0 -9999.0 -9999.0 -9999.0 -9999.0 -9999.0 -9999.0 -9999.0 -9999.0 -9999.0 -9999.0 -9999.0 -9999.0 -9999.0 -9999.0 -9999.0 -9999.0 -9999.0 -9999.0 -9999.0 -9999.0 -9999.0 -9999.0 -9999.0 -9999.0 -9999.0 -9999.0 -9999.0 -9999.0 -9999.0 -9999.0 -9999.0 -9999.0 0.394237 0.395369 0.366095 0.368954 0.370278 0.369229 0.371338 0.402057 0.402295 0.405482 0.406763 0.407248 0.405547 0.406079 0.405061 0.404100 0.403223 0.402599 0.402254 0.402325 0.402654 0.405315 0.405879 0.406035 0.405570 0.404769 0.403981 0.403470
-9999.0 -9999.0 -9999.0 -9999.0 -9999.0 -9999.0 -9999.0 -9999.0 -9999.0 -9999.0 -9999.0 -9999.0 -9999.0 -9999.0 -9999.0 -9999.0 -9999.0 -9999.0 -9999.0 -9999.0 -9999.0 -9999.0 -9999.0 -9999.0 -9999.0 -9999.0 -9999.0 -9999.0 -9999.0 -9999.0 -9999.0 -9999.0 -9999.0 -9999.0 -9999.0 0.397658 0.397160 0.364514 0.365814 0.366620 0.369834 0.372126 0.371210 0.375657 0.402608 0.405056 0.406113 0.405024 0.404718 0.404314 0.404948 0.404330 0.403636 0.402969 0.402423 0.402124 0.402279 0.402864 0.405705 0.406208 0.405961 0.405175 0.404295 0.403622
-9999.0 -9999.0 -9999.0 -9999.0 -9999.0 -9999.0 -9999.0 -9999.0 -9999.0 -9999.0 -9999.0 -9999.0 -9999.0 -9999.0 -9999.0 -9999.0 -9999.0 -9999.0 -9999.0 -9999.0 -9999.0 -9999.0 -9999.0 -9999.0 -9999.0 -9999.0 -9999.0 -9999.0 -9999.0 -9999.0 -9999.0 -9999.0 0.364092 0.399449 0.400581 0.399659 0.398568 0.366235 0.366127 0.366254 0.369661 0.371767 0.370860 0.371965 0.377546 0.404020 0.405992 0.404752 0.404385 0.404010 0.404740 0.404272 0.403745 0.403220 0.402684 0.402248 0.402100 0.402460 0.403242 0.406072 0.406207 0.405705 0.404907 0.404176
-9999.0 -9999.0 -9999.0 -9999.0 -9999.0 -9999.0 -9999.0 -9999.0 -9999.0 -9999.0 -9999.0 -9999.0 -9999.0 -9999.0 -9999.0 -9999.0 -9999.0 -9999.0 -9999.0 -9999.0 -9999.0 -9999.0 -9999.0 -9999.0 -9999.0 -9999.0 -9999.0 -9999.0 -9999.0 -9999.0 0.366126 0.364317 0.359668 0.398812 0.401171 0.400704 0.367740 0.367149 0.366569 0.366263 0.369363 0.372207 0.369561 0.373424 0.376412 0.403797 0.404390 0.404856 0.404594 0.404091 0.403445 0.404179 0.403728 0.403326 0.402872 0.402361 0.401953 0.402049 0.402662 0.403413 0.405906 0.405868 0.405458 0.404905
-9999.0 -9999.0 -9999.0 -9999.0 -9999.0 -9999.0 -9999.0 -9999.0 -9999.0 -9999.0 -9999.0 -9999.0 -9999.0 -9999.0 -9999.0 -9999.0 -9999.0 -9999.0 -9999.0 -9999.0 -9999.0 -9999.0 -9999.0 -9999.0 -9999.0 -9999.0 -9999.0 -9999.0 -9999.0 0.353415 0.359192 0.364997 0.365595 0.367870 0.400211 0.370281 0.372015 0.370922 0.367212 0.366626 0.369379 0.371361 0.368961 0.374827 0.378272 0.378112 0.405232 0.404545 0.404741 0.404419 0.403794 0.404368 0.403769 0.403314 0.402950 0.402470 0.401977 0.401723 0.402015 0.402555 0.402987 0.405456 0.405564 0.405359
-9999.0 -9999.0 -9999.0 -9999.0 -9999.0 -9999.0 -9999.0 -9999.0 -9999.0 -9999.0 -9999.0 -9999.0 -9999.0 -9999.0 -9999.0 -9999.0 -9999.0 -9999.0 -9999.0 -9999.0 -9999.0 -9999.0 -9999.0 -9999.0 -9999.0 0.362920 0.364181 0.365044 0.367706 0.359177 0.361797 0.364917 0.369499 0.370890 0.373770 0.374400 0.371911 0.371128 0.370901 0.366813 0.366437 0.372002 0.368606 0.372091 0.376439 0.379371 0.402731 0.403393 0.404159 0.404407 0.404219 0.404880 0.404053 0.403298 0.402846 0.402415 0.401930 0.401584 0.401577 0.401792 0.402104 0.402485 0.405133 0.405343
-9999.0 -9999.0 -9999.0 -9999.0 -9999.0 -9999.0 -9999.0 -9999.0 -9999.0 -9999.0 -9999.0 -9999.0 -9999.0 -9999.0 -9999.0 -9999.0 -9999.0 -9999.0 -9999.0 -9999.0 -9999.0 -9999.0 -9999.0 0.366788 0.362062 0.355416 0.358958 0.367066 0.366319 0.364264 0.364271 0.365902 0.367346 0.371695 0.375264 0.377808 0.377158 0.373077 0.373903 0.367267 0.366402 0.368376 0.371105 0.371250 0.373527 0.375376 0.379586 0.402360 0.403163 0.404036 0.404512 0.404158 0.404381 0.403312 0.402726 0.402375 0.401957 0.401543 0.401336 0.401305 0.401408 0.401684 0.404397 0.404867
-9999.0 -9999.0 -9999.0 -9999.0 -9999.0 -9999.0 -9999.0 -9999.0 -9999.0 -9999.0 -9999.0 -9999.0 -9999.0 -9999.0 -9999.0 -9999.0 -9999.0 -9999.0 -9999.0 -9999.0 -9999.0 0.408343 0.406136 0.361002 0.363566 0.361281 0.360954 0.363219 0.364986 0.365261 0.365752 0.369558 0.370462 0.370566 0.376816 0.377190 0.372171 0.372619 0.371683 0.369982 0.366644 0.366629 0.369063 0.371340 0.371375 0.373629 0.377229 0.401487 0.402218 0.403514 0.404457 0.404357 0.404511 0.403370 0.402714 0.402394 0.402004 0.401600 0.401263 0.401050 0.400905 0.401029 0.401412 0.404166
-9999.0 -9999.0 -9999.0 -9999.0 -9999.0 -9999.0 -9999.0 -9999.0 -9999.0 -9999.0 -9999.0 -9999.0 -9999.0 -9999.0 -9999.0 -9999.0 -9999.0 -9999.0 -9999.0 -9999.0 0.404955 0.404757 0.407152 0.405419 0.366790 0.367794 0.367975 0.367674 0.365692 0.366020 0.369122 0.366839 0.370303 0.376042 0.370289 0.371472 0.372415 0.373244 0.376729 0.374011 0.367605 0.366623 0.366733 0.369060 0.369201 0.369026 0.371446 0.372787 0.402212 0.403209 0.404094 0.405198 0.404339 0.403588 0.403061 0.402608 0.402113 0.401615 0.401226 0.400844 0.400564 0.400501 0.400791 0.401294
-9999.0 -9999.0 -9999.0 -9999.0 -9999.0 -9999.0 -9999.0 -9999.0 -9999.0 -9999.0 -9999.0 -9999.0 -9999.0 -9999.0 -9999.0 -9999.0 -9999.0 -9999.0 0.409897 0.410820 0.408439 0.407383 0.407372 0.407413 0.405734 0.371186 0.369935 0.369961 0.369258 0.366402 0.366558 0.370319 0.371500 0.372778 0.370169 0.373669 0.372079 0.372610 0.376415 0.376587 0.373322 0.367285 0.366429 0.366550 0.367841 0.371789 0.369354 0.372481 0.403490 0.403265 0.403897 0.404911 0.404261 0.403763 0.403319 0.402884 0.402426 0.401919 0.401441 0.400897 0.400382 0.400080 0.400277 0.400827
-9999.0 -9999.0 -9999.0 -9999.0 -9999.0 -9999.0 -9999.0 -9999.0 -9999.0 -9999.0 -9999.0 -9999.0 -9999.0 -9999.0 -9999.0 -9999.0 0.405294 0.407490 0.406804 0.409191 0.409033 0.407410 0.406344 0.406115 0.406685 0.406183 0.405671 0.404389 0.402667 0.367173 0.370566 0.370560 0.371377 0.372494 0.369848 0.370759 0.371588 0.372576 0.373281 0.377045 0.378005 0.370474 0.366555 0.366023 0.366510 0.368708 0.372159 0.372169 0.404258 0.404829 0.405154 0.404823 0.404380 0.403832 0.403379 0.403058 0.402911 0.402656 0.402175 0.401372 0.400550 0.400010 0.399994 0.400454
-9999.0 -9999.0 -9999.0 -9999.0 -9999.0 -9999.0 -9999.0 -9999.0 -9999.0 -9999.0 -9999.0 -9999.0 -9999.0 -9999.0 -9999.0 0.400976 0.402852 0.406582 0.408118 0.408331 0.407847 0.406226 0.404607 0.403823 0.404445 0.405608 0.405946 0.405552 0.404441 0.373294 0.372516 0.371132 0.370121 0.369912 0.369692 0.370642 0.371585 0.374161 0.375381 0.374474 0.377373 0.372559 0.370294 0.366117 0.366405 0.372343 0.375687 0.375395 0.374288 0.405836 0.405563 0.405028 0.404484 0.403737 0.403142 0.403132 0.403475 0.403641 0.403231 0.402230 0.401119 0.400204 0.399931 0.400202
-9999.0 -9999.0 -9999.0 -9999.0 -9999.0 -9999.0 -9999.0 -9999.0 -9999.0 -9999.0 -9999.0 -9999.0 -9999.0 -9999.0 -9999.0 0.403185 0.402328 0.406193 0.407567 0.407547 0.406602 0.404256 0.367926 0.366381 0.366825 0.367933 0.404460 0.404195 0.371204 0.371068 0.374224 0.372722 0.372753 0.372638 0.369639 0.370531 0.372978 0.378711 0.376785 0.377706 0.379356 0.382519 0.374969 0.370937 0.370116 0.372719 0.372864 0.375980 0.374258 0.406571 0.406198 0.405442 0.404636 0.403799 0.403223 0.403333 0.403916 0.404363 0.404173 0.402550 0.401790 0.400555 0.400007 0.400056
-9999.0 -9999.0 -9999.0 -9999.0 -9999.0 -9999.0 -9999.0 -9999.0 -9999.0 -9999.0 -9999.0 -9999.0 -9999.0 -9999.0 -9999.0 0.406193 0.404788 0.407757 0.407919 0.406375 0.403953 0.369043 0.367287 0.366140 0.365934 0.366435 0.367612 0.373918 0.373178 0.373377 0.372538 0.373340 0.373033 0.372498 0.376261 0.373144 0.375703 0.378232 0.376415 0.375966 0.385625 0.384425 0.379326 0.376674 0.378265 0.377965 0.374170 0.373883 0.377515 0.407543 0.407290 0.406365 0.405119 0.404109 0.403591 0.403657 0.404163 0.404669 0.404694 0.403088 0.401661 0.400808 0.400062 0.400019
-9999.0 -9999.0 -9999.0 -9999.0 -9999.0 -9999.0 -9999.0 -9999.0 -9999.0 -9999.0 -9999.0 -9999.0 -9999.0 -9999.0 0.405742 0.407016 0.408567 0.409774 0.407915 0.405240 0.399949 0.367459 0.366068 0.365280 0.365266 0.365804 0.366537 0.367267 0.367875 0.372411 0.373230 0.373240 0.373099 0.374162 0.372533 0.372294 0.373304 0.376614 0.375240 0.377808 0.386325 0.388268 0.386812 0.382927 0.378628 0.377297 0.378281 0.373358 0.403529 0.406401 0.407073 0.407644 0.406206 0.405034 0.404338 0.404179 0.404482 0.404916 0.404972 0.403888 0.402353 0.401071 0.400230 0.400014
-9999.0 -9999.0 -9999.0 -9999.0 -9999.0 -9999.0 -9999.0 -9999.0 -9999.0 -9999.0 -9999.0 -9999.0 -9999.0 0.404482 0.405070 0.407964 0.410951 0.410588 0.407450 0.401822 0.401029 0.398468 0.365365 0.364904 0.364863 0.365358 0.366035 0.366536 0.366993 0.367521 0.370893 0.372412 0.371108 0.372508 0.372036 0.372573 0.372059 0.372078 0.375311 0.373233 0.379659 0.383618 0.388591 0.386133 0.382945 0.378513 0.376384 0.402019 0.403855 0.406124 0.407439 0.408802 0.407745 0.406601 0.405619 0.405144 0.405180 0.405345 0.405308 0.404287 0.402206 0.400848 0.400470 0.400170
-9999.0 -9999.0 -9999.0 -9999.0 -9999.0 -9999.0 -9999.0 -9999.0 -9999.0 -9999.0 -9999.0 -9999.0 0.406546 0.405907 0.407372 0.410220 0.411721 0.409673 0.403582 0.401082 0.400424 0.399531 0.365848 0.365158 0.364821 0.365005 0.365366 0.365822 0.366325 0.366862 0.367402 0.367801 0.370823 0.371147 0.371136 0.373240 0.372381 0.371858 0.371552 0.375549 0.380251 0.379851 0.381818 0.381544 0.379949 0.378125 0.376885 0.381658 0.403883 0.406737 0.406806 0.408006 0.407968 0.407130 0.407292 0.406554 0.406261 0.406219 0.406070 0.404610 0.402972 0.401373 0.400822 0.400356
-9999.0 -9999.0 -9999.0 -9999.0 -9999.0 -9999.0 -9999.0 -9999.0 -9999.0 -9999.0 -9999.0 0.407230 0.407591 0.408197 0.410368 0.412522 0.411693 0.408569 0.402691 0.401152 0.401638 0.400892 0.366870 0.365644 0.364599 0.364357 0.364584 0.365260 0.365867 0.366446 0.366937 0.367387 0.367895 0.368182 0.368081 0.367841 0.367612 0.367718 0.371598 0.371789 0.376236 0.380396 0.382951 0.379449 0.378913 0.382250 0.381313 0.381142 0.381809 0.379484 0.407409 0.408602 0.408282 0.408225 0.407440 0.406681 0.406157 0.407208 0.406965 0.405593 0.404602 0.402187 0.400805 0.400695
-9999.0 -9999.0 -9999.0 -9999.0 -9999.0 -9999.0 -9999.0 -9999.0 -9999.0 -9999.0 0.408783 0.408437 0.408604 0.410363 0.412753 0.413054 0.410878 0.405219 0.402671 0.401953 0.402587 0.403139 0.400547 0.366036 0.364294 0.363755 0.364121 0.364898 0.365662 0.366182 0.366553 0.366987 0.367611 0.368005 0.367711 0.367209 0.366764 0.366919 0.367615 0.370906 0.373336 0.376857 0.379814 0.381022 0.381438 0.381539 0.380592 0.379873 0.380077 0.381143 0.379603 0.407489 0.408644 0.409541 0.409453 0.408845 0.406861 0.406552 0.407657 0.406987 0.405495 0.403021 0.401551 0.401227
-9999.0 -9999.0 -9999.0 -9999.0 -9999.0 -9999.0 -9999.0 -9999.0 -9999.0 0.411217 0.410538 0.409588 0.410016 0.412049 0.413010 0.412137 0.410316 0.405864 0.403936 0.403162 0.403853 0.404403 0.401916 0.366079 0.363781 0.363266 0.363793 0.364617 0.365496 0.365987 0.366246 0.366695 0.367315 0.367710 0.367423 0.366720 0.366151 0.366243 0.366991 0.369753 0.371161 0.374122 0.376885 0.376215 0.377163 0.378572 0.377057 0.375960 0.375606 0.379418 0.381059 0.379982 0.407338 0.408473 0.409321 0.409122 0.408546 0.406694 0.406374 0.406952 0.405628 0.404087 0.402879 0.402139
-9999.0 -9999.0 -9999.0 -9999.0 -9999.0 -9999.0 -9999.0 -9999.0 0.411269 0.412236 0.412144 0.411776 0.411974 0.412241 0.412074 0.411518 0.408504 0.406773 0.404992 0.404176 0.404785 0.405298 0.402345 0.365849 0.363386 0.362940 0.363539 0.364416 0.365303 0.365791 0.366054 0.366433 0.366959 0.367381 0.367233 0.366586 0.365848 0.365700 0.366296 0.367190 0.368706 0.371409 0.374488 0.377247 0.378060 0.378382 0.376879 0.376851 0.376440 0.374733 0.378338 0.381451 0.380554 0.406803 0.408521 0.408954 0.408541 0.406612 0.406064 0.406379 0.404548 0.404199 0.403654 0.403495
-9999.0 -9999.0 -9999.0 -9999.0 -9999.0 -9999.0 -9999.0 0.407279 0.411350 0.413502 0.414909 0.414362 0.413145 0.411648 0.411227 0.410985 0.408630 0.407044 0.405656 0.405066 0.405435 0.405664 0.402661 0.365897 0.363249 0.362676 0.363248 0.364105 0.364984 0.365617 0.365896 0.366237 0.366687 0.367075 0.367206 0.366686 0.365848 0.365268 0.365664 0.366529 0.368298 0.373718 0.372494 0.373483 0.375876 0.375160 0.375181 0.374663 0.375300 0.376320 0.374857 0.378302 0.381787 0.381345 0.407668 0.408547 0.408586 0.406595 0.406898 0.404858 0.403687 0.403989 0.404377 0.404815
-9999.0 -9999.0 -9999.0 -9999.0 -9999.0 -9999.0 0.403764 0.407221 0.409664 0.413634 0.416500 0.416112 0.414030 0.411958 0.411184 0.410932 0.410335 0.407074 0.405394 0.404821 0.405402 0.406033 0.404509 0.400422 0.363646 0.362527 0.362808 0.363600 0.364553 0.365358 0.365823 0.366155 0.366471 0.366782 0.367215 0.367063 0.366003 0.364837 0.364983 0.365837 0.366461 0.368661 0.372742 0.372510 0.376229 0.371888 0.372641 0.372838 0.374677 0.375823 0.374787 0.376915 0.378590 0.383277 0.406066 0.407476 0.408139 0.406359 0.406384 0.403870 0.403270 0.404038 0.405047 0.405733
-9999.0 -9999.0 -9999.0 -9999.0 -9999.0 0.361020 0.403763 0.406757 0.408709 0.413280 0.416356 0.417536 0.415190 0.412864 0.411514 0.411131 0.410489 0.407153 0.405065 0.404459 0.405141 0.406378 0.405660 0.401415 0.364489 0.362410 0.362389 0.363065 0.364059 0.364972 0.365655 0.366151 0.366317 0.366458 0.366904 0.367296 0.366490 0.364741 0.364250 0.365081 0.365773 0.366866 0.369452 0.372551 0.373932 0.372204 0.372520 0.372302 0.372984 0.373529 0.375300 0.375435 0.377087 0.379900 0.383315 0.406502 0.405805 0.407016 0.404796 0.403765 0.403474 0.404248 0.405247 0.405776
-9999.0 -9999.0 -9999.0 -9999.0 -9999.0 0.397900 0.402508 0.403762 0.406903 0.412002 0.415063 0.417346 0.415909 0.414040 0.412235 0.411593 0.410968 0.407569 0.405059 0.404023 0.404800 0.406506 0.406579 0.402814 0.365403 0.362288 0.361976 0.362695 0.363550 0.364421 0.365357 0.366084 0.366180 0.366058 0.366340 0.367091 0.367088 0.365301 0.363945 0.364291 0.364997 0.366357 0.367869 0.369134 0.368956 0.368887 0.372973 0.375308 0.375969 0.372438 0.372767 0.372618 0.375176 0.378039 0.379870 0.382371 0.405186 0.406168 0.404459 0.403282 0.403155 0.403972 0.404558 0.404721
-9999.0 -9999.0 -9999.0 -9999.0 -9999.0 0.398924 0.400828 0.402470 0.405476 0.408967 0.412222 0.414923 0.415475 0.414377 0.412384 0.411245 0.410494 0.409108 0.405108 0.403998 0.404694 0.406264 0.406768 0.403724 0.366385 0.362677 0.361749 0.362298 0.363096 0.363864 0.364827 0.365871 0.365998 0.365602 0.365515 0.366299 0.367192 0.366475 0.365016 0.364461 0.364785 0.366106 0.367147 0.366906 0.366423 0.366581 0.368424 0.373456 0.375245 0.373196 0.372780 0.371644 0.372270 0.375737 0.377013 0.376405 0.380773 0.405212 0.403949 0.402836 0.402367 0.402897 0.403651 0.403653
-9999.0 -9999.0 -9999.0 -9999.0 -9999.0 0.400227 0.400241 0.402382 0.405764 0.408179 0.409600 0.412163 0.414350 0.414509 0.412787 0.411200 0.409984 0.408360 0.404332 0.403235 0.403844 0.405557 0.407017 0.406244 0.401861 0.364406 0.362246 0.362007 0.362591 0.363219 0.364260 0.365547 0.366034 0.365381 0.364816 0.365180 0.366467 0.370441 0.370168 0.366105 0.365904 0.366541 0.366525 0.365865 0.365638 0.366092 0.367109 0.369294 0.370756 0.370568 0.369240 0.372310 0.370845 0.370436 0.373018 0.376124 0.376938 0.403571 0.402527 0.401749 0.401285 0.401028 0.401886 0.403697
-9999.0 -9999.0 -9999.0 -9999.0 0.396028 0.401862 0.401983 0.403312 0.406911 0.408375 0.408727 0.410912 0.413629 0.414802 0.413699 0.411876 0.410064 0.407771 0.405152 0.401420 0.401742 0.403437 0.405905 0.407251 0.406167 0.402180 0.364402 0.362691 0.362433 0.363061 0.364067 0.365595 0.366463 0.365737 0.364621 0.364413 0.365182 0.366766 0.368043 0.368087 0.367922 0.367674 0.366560 0.365492 0.365320 0.365998 0.367069 0.368035 0.368169 0.367687 0.367225 0.367541 0.368070 0.370517 0.370007 0.370562 0.373535 0.373149 0.401577 0.400804 0.399264 0.398586 0.400579 0.401673
-9999.0 -9999.0 -9999.0 -9999.0 0.397054 0.400852 0.402697 0.404458 0.408240 0.409277 0.409129 0.410935 0.413913 0.415834 0.415447 0.413759 0.411744 0.408827 0.405073 0.399370 0.398165 0.399758 0.402611 0.405240 0.406541 0.405366 0.400593 0.368140 0.366629 0.367132 0.398590 0.399062 0.367241 0.366670 0.364959 0.364045 0.364321 0.365547 0.367278 0.374429 0.374247 0.368741 0.367177 0.365992 0.365827 0.366466 0.367160 0.367441 0.367186 0.366655 0.366516 0.366675 0.367190 0.367745 0.368332 0.374251 0.373633 0.369854 0.371682 0.400159 0.399952 0.398567 0.398526 -9999.0
