tests/3D/Muntatschini_ref_005/output-maps-SE27XX/thetaliqL0004N0010.asc
ncols         108
nrows         156
xllcorner     619971.250000
yllcorner     5169711.250000
cellsize      20.000000
NODATA_value  -9999.0
[rows 87 to 115 of 156, columns 0 to 63 of 108]
-9999.0 -9999.0 -9999.0 -9999.0 0.411648 0.411963 0.412815 0.415123 0.419758 0.421181 0.420793 0.422136 0.425397 0.428368 0.429122 0.427965 0.426476 0.424159 0.420120 0.414851 0.411807 0.411232 0.412602 0.414930 0.417115 0.418115 0.417641 0.416135 0.414794 0.414085 0.414273 0.415322 0.416169 0.414179 0.411899 0.409315 0.408363 0.409061 0.411020 0.413425 0.414958 0.414843 0.413741 0.412583 0.411738 0.410905 0.409934 0.409089 0.408552 0.408061 0.407508 0.407190 0.407319 0.407756 0.408266 0.408664 0.408928 0.408957 0.409097 0.409343 0.409408 -9999.0 -9999.0 -9999.0
-9999.0 -9999.0 -9999.0 -9999.0 0.413044 0.413043 0.413320 0.415180 0.419727 0.421073 0.420290 0.421009 0.424207 0.428084 0.430062 0.429516 0.428441 0.427113 0.424117 0.418377 0.413418 0.411034 0.411030 0.412252 0.413608 0.414206 0.413895 0.413164 0.412528 0.412350 0.412825 0.414095 0.415477 0.414198 0.412823 0.410274 0.408662 0.408606 0.410038 0.412501 0.414331 0.414478 0.413890 0.413427 0.413096 0.412099 0.410524 0.409224 0.408520 0.408042 0.407478 0.407007 0.406952 0.407339 0.407918 0.408370 0.408621 0.408688 0.408619 0.408438 -9999.0 -9999.0 -9999.0 -9999.0
-9999.0 -9999.0 -9999.0 -9999.0 0.414207 0.413761 0.413746 0.415304 0.419944 0.421192 0.419734 0.419367 0.421840 0.426181 0.429532 0.430249 0.429900 0.429151 0.427781 0.423717 0.418060 0.413817 0.412300 0.412541 0.413103 0.412862 0.411750 0.410533 0.409950 0.410139 0.410982 0.412261 0.413756 0.414557 0.412578 0.410822 0.409199 0.408815 0.409782 0.411941 0.413768 0.413925 0.413583 0.413729 0.414028 0.413227 0.411336 0.409593 0.408674 0.408199 0.407654 0.407051 0.406727 0.406869 0.407362 0.408005 0.408418 0.408458 0.408182 -9999.0 -9999.0 -9999.0 -9999.0 -9999.0
-9999.0 -9999.0 -9999.0 -9999.0 0.414435 0.413633 0.414016 0.415559 0.420393 0.421605 0.419736 0.418352 0.419525 0.423094 0.427137 0.429171 0.430175 0.430615 0.430532 0.428457 0.423915 0.418934 0.416029 0.415511 0.415830 0.415082 0.412846 0.410472 0.409276 0.409321 0.410175 0.411296 0.412456 0.413480 0.413403 0.410583 0.409348 0.409083 0.410038 0.412251 0.414042 0.413822 0.413186 0.413588 0.414570 0.414511 0.412668 0.410471 0.409092 0.408507 0.407999 0.407299 0.406725 0.406573 0.406990 0.407632 0.408084 0.407974 -9999.0 -9999.0 -9999.0 -9999.0 -9999.0 -9999.0
-9999.0 -9999.0 -9999.0 -9999.0 0.413587 0.412854 0.412315 0.416135 0.421024 0.421993 0.419837 0.417828 0.417807 0.419677 0.423228 0.426377 0.428531 0.429866 0.430751 0.430537 0.428023 0.423954 0.420575 0.419613 0.420343 0.420451 0.418196 0.414402 0.411611 0.410729 0.411135 0.412066 0.412985 0.413792 0.413734 0.412458 0.409711 0.409674 0.410903 0.413358 0.414864 0.414188 0.413384 0.413974 0.415362 0.416055 0.414615 0.412095 0.410079 0.409116 0.408539 0.407810 0.406998 0.406667 0.406990 0.407662 0.407370 -9999.0 -9999.0 -9999.0 -9999.0 -9999.0 -9999.0 -9999.0
-9999.0 -9999.0 -9999.0 -9999.0 0.412517 0.412255 0.412532 0.416901 0.421356 0.422175 0.420289 0.418219 0.416971 0.417903 0.420317 0.422985 0.425052 0.426390 0.427562 0.428603 0.428295 0.426144 0.423431 0.422348 0.423496 0.425242 0.425016 0.422014 0.418070 0.415451 0.414597 0.415019 0.415736 0.416293 0.415781 0.414225 0.412838 0.412760 0.414154 0.416674 0.417873 0.417071 0.414864 0.415325 0.416674 0.419314 0.418447 0.414507 0.411999 0.410368 0.409450 0.408594 0.407777 0.407207 0.407087 0.407907 -9999.0 -9999.0 -9999.0 -9999.0 -9999.0 -9999.0 -9999.0 -9999.0
-9999.0 -9999.0 -9999.0 -9999.0 0.408895 0.409566 0.412867 0.417477 0.421389 0.422474 0.421035 0.418685 0.417297 0.417469 0.419292 0.421532 0.422924 0.423149 0.423085 0.423619 0.424237 0.423930 0.422582 0.421593 0.422399 0.424818 0.426928 0.426690 0.423941 0.420590 0.418386 0.417844 0.418342 0.419113 0.418821 0.417234 0.415601 0.415189 0.416273 0.418476 0.419378 0.418973 0.418452 0.418607 0.418122 0.420658 0.420492 0.418692 0.414725 0.412604 0.411039 0.409994 0.409084 0.408064 0.407101 0.407425 -9999.0 -9999.0 -9999.0 -9999.0 -9999.0 -9999.0 -9999.0 -9999.0
-9999.0 -9999.0 -9999.0 -9999.0 0.408016 0.409170 0.411852 0.417976 0.421544 0.422553 0.421759 0.419974 0.418027 0.417516 0.419217 0.422046 0.423875 0.423467 0.421634 0.420090 0.419447 0.419279 0.418835 0.418121 0.418100 0.419503 0.422052 0.424194 0.424374 0.422572 0.420222 0.418758 0.418733 0.419768 0.420305 0.419627 0.418349 0.417906 0.418687 0.420359 0.420769 0.420257 0.419925 0.420083 0.420405 0.420985 0.421051 0.420433 0.418802 0.415324 0.413461 0.412108 0.411025 0.409763 0.407795 0.406902 -9999.0 -9999.0 -9999.0 -9999.0 -9999.0 -9999.0 -9999.0 -9999.0
-9999.0 -9999.0 -9999.0 -9999.0 -9999.0 0.409897 0.411467 0.417500 0.420923 0.422227 0.422034 0.420680 0.418586 0.417498 0.418870 0.422504 0.426111 0.427117 0.425004 0.421430 0.418303 0.416560 0.415815 0.415332 0.414863 0.414890 0.416059 0.418198 0.420264 0.420875 0.419923 0.418353 0.417600 0.418225 0.419221 0.419695 0.419516 0.419717 0.420797 0.422200 0.422258 0.421387 0.420774 0.420777 0.421003 0.420943 0.420604 0.420323 0.419934 0.418876 0.415791 0.414421 0.413182 0.412037 0.410253 0.407260 -9999.0 -9999.0 -9999.0 -9999.0 -9999.0 -9999.0 -9999.0 -9999.0
-9999.0 -9999.0 -9999.0 -9999.0 -9999.0 0.409365 0.410895 0.416359 0.419685 0.421230 0.421310 0.420362 0.418534 0.417126 0.417665 0.421113 0.426347 0.430405 0.430872 0.427715 0.422798 0.418642 0.416378 0.415500 0.414952 0.414235 0.414008 0.414742 0.416590 0.418457 0.419247 0.418587 0.417422 0.416991 0.417201 0.417811 0.418502 0.419690 0.421578 0.423225 0.423358 0.422290 0.421309 0.420947 0.420947 0.420844 0.420299 0.419711 0.419422 0.419318 0.419100 0.416114 0.415180 0.413701 0.413902 -9999.0 -9999.0 -9999.0 -9999.0 -9999.0 -9999.0 -9999.0 -9999.0 -9999.0
-9999.0 -9999.0 -9999.0 -9999.0 -9999.0 0.408093 0.409896 0.413977 0.418505 0.420137 0.420166 0.419258 0.417783 0.416401 0.416055 0.418180 0.423272 0.429578 0.433711 0.433672 0.429914 0.424787 0.420868 0.419018 0.418483 0.417763 0.416698 0.415864 0.416293 0.417862 0.419550 0.420187 0.419366 0.417997 0.416725 0.416220 0.416631 0.417935 0.420051 0.421982 0.422676 0.422314 0.421662 0.420976 0.420461 0.420389 0.420115 0.419459 0.418839 0.419188 0.419251 0.418871 0.416510 0.415103 0.414844 -9999.0 -9999.0 -9999.0 -9999.0 -9999.0 -9999.0 -9999.0 -9999.0 -9999.0
-9999.0 -9999.0 -9999.0 -9999.0 -9999.0 0.407792 0.409333 0.413098 0.417811 0.419590 0.419437 0.418180 0.416733 0.415531 0.414747 0.415390 0.418709 0.424814 0.431335 0.434945 0.434322 0.430537 0.426163 0.423258 0.422299 0.421866 0.420979 0.419642 0.418858 0.419450 0.420922 0.422423 0.422664 0.421408 0.419162 0.417178 0.416283 0.416330 0.417564 0.419198 0.420339 0.421097 0.421340 0.420621 0.419562 0.419393 0.419728 0.419588 0.418904 0.419019 0.419282 0.419528 0.418787 0.420242 -9999.0 -9999.0 -9999.0 -9999.0 -9999.0 -9999.0 -9999.0 -9999.0 -9999.0 -9999.0
-9999.0 -9999.0 -9999.0 -9999.0 -9999.0 0.407770 0.409179 0.412594 0.417411 0.419524 0.419332 0.416370 0.414646 0.414952 0.414030 0.413681 0.415128 0.419386 0.425868 0.431632 0.434124 0.432898 0.429556 0.426097 0.423891 0.422862 0.422158 0.421412 0.420620 0.420734 0.421645 0.423231 0.424590 0.424789 0.423486 0.421069 0.418612 0.416881 0.416838 0.417411 0.418040 0.419240 0.420579 0.420517 0.419149 0.418286 0.418633 0.419282 0.419686 0.419475 0.419718 0.420723 0.420137 0.420468 -9999.0 -9999.0 -9999.0 -9999.0 -9999.0 -9999.0 -9999.0 -9999.0 -9999.0 -9999.0
-9999.0 -9999.0 -9999.0 -9999.0 -9999.0 0.407953 0.408955 0.412101 0.415735 0.419582 0.419736 0.417769 0.414571 0.413414 0.412512 0.413035 0.413055 0.415339 0.420543 0.426861 0.431408 0.432570 0.430998 0.427972 0.424695 0.422193 0.420594 0.419876 0.419524 0.419624 0.420189 0.421455 0.423464 0.425479 0.426456 0.425326 0.422628 0.420264 0.419286 0.418241 0.417384 0.417833 0.419539 0.420468 0.419609 0.418267 0.417924 0.419062 0.419612 0.419905 0.420165 0.421244 0.424683 -9999.0 -9999.0 -9999.0 -9999.0 -9999.0 -9999.0 -9999.0 -9999.0 -9999.0 -9999.0 -9999.0
-9999.0 -9999.0 -9999.0 -9999.0 -9999.0 0.408085 0.408824 0.411487 0.415167 0.419487 0.419958 0.418469 0.416355 0.413715 0.412705 0.411597 0.412242 0.412928 0.416242 0.421744 0.427322 0.430472 0.431012 0.429547 0.426718 0.423253 0.420019 0.417946 0.417138 0.416975 0.417257 0.418046 0.419875 0.422729 0.425360 0.426323 0.425612 0.424695 0.423656 0.421465 0.419157 0.418129 0.419245 0.420705 0.420557 0.418882 0.418012 0.418104 0.418922 0.419607 0.419845 0.420002 0.422776 -9999.0 -9999.0 -9999.0 -9999.0 -9999.0 -9999.0 -9999.0 -9999.0 -9999.0 -9999.0 -9999.0
-9999.0 -9999.0 -9999.0 -9999.0 0.406478 0.406957 0.408312 0.410685 0.414321 0.419100 0.420057 0.418980 0.416984 0.414156 0.413141 0.411863 0.410607 0.410305 0.413228 0.417021 0.422122 0.426270 0.428562 0.429221 0.428370 0.425768 0.421928 0.418328 0.416210 0.415218 0.414943 0.415155 0.416277 0.418575 0.421192 0.423644 0.425639 0.427014 0.427382 0.425754 0.422896 0.420319 0.420076 0.421278 0.421624 0.420316 0.417938 0.416942 0.417485 0.418430 0.418896 0.418895 0.419019 -9999.0 -9999.0 -9999.0 -9999.0 -9999.0 -9999.0 -9999.0 -9999.0 -9999.0 -9999.0 -9999.0
-9999.0 -9999.0 -9999.0 -9999.0 0.406494 0.406771 0.407801 0.409831 0.413079 0.416751 0.420111 0.419526 0.417707 0.416102 0.415105 0.412721 0.411165 0.409841 0.409929 0.412005 0.416842 0.420889 0.424116 0.426386 0.427645 0.427033 0.424120 0.420036 0.416752 0.414855 0.413903 0.413539 0.413891 0.414934 0.416641 0.419422 0.422901 0.425885 0.427902 0.427927 0.426059 0.423292 0.421875 0.422183 0.422895 0.421238 0.418092 0.415822 0.415540 0.416307 0.417168 0.417340 0.417474 -9999.0 -9999.0 -9999.0 -9999.0 -9999.0 -9999.0 -9999.0 -9999.0 -9999.0 -9999.0 -9999.0
-9999.0 -9999.0 -9999.0 0.406086 0.406200 0.406846 0.407575 0.409116 0.411816 0.415373 0.418343 0.420269 0.418651 0.416964 0.416066 0.415031 0.412016 0.410019 0.408920 0.409376 0.411632 0.415986 0.419322 0.422383 0.424874 0.426086 0.424891 0.421636 0.417977 0.415348 0.413804 0.413005 0.412775 0.412727 0.413533 0.415656 0.418928 0.422292 0.425179 0.426719 0.426487 0.424847 0.423157 0.422821 0.423532 0.422351 0.418990 0.415481 0.413902 0.414002 0.414759 0.414679 0.414343 -9999.0 -9999.0 -9999.0 -9999.0 -9999.0 -9999.0 -9999.0 -9999.0 -9999.0 -9999.0 -9999.0
-9999.0 -9999.0 -9999.0 0.406084 0.406146 0.406748 0.407308 0.408492 0.410598 0.413796 0.417206 0.420427 0.419814 0.418296 0.417003 0.415693 0.412473 0.410147 0.408435 0.407988 0.408891 0.411071 0.415126 0.418351 0.421526 0.423960 0.424351 0.422459 0.419299 0.416413 0.414573 0.413580 0.412937 0.412192 0.412224 0.413326 0.415588 0.418410 0.421099 0.423155 0.424143 0.423841 0.422751 0.422768 0.423283 0.423107 0.420678 0.416726 0.413731 0.412679 0.412593 0.412199 0.412643 -9999.0 -9999.0 -9999.0 -9999.0 -9999.0 -9999.0 -9999.0 -9999.0 -9999.0 -9999.0 -9999.0
-9999.0 -9999.0 0.405603 0.405939 0.406314 0.406630 0.407071 0.407895 0.409467 0.412059 0.415320 0.419411 0.420088 0.419263 0.417944 0.416474 0.414331 0.410389 0.408339 0.407366 0.407400 0.408334 0.410298 0.414417 0.417725 0.421065 0.423058 0.422840 0.420651 0.417852 0.415907 0.414915 0.414181 0.413311 0.412757 0.412904 0.414040 0.415993 0.418004 0.419877 0.421228 0.421643 0.421485 0.421043 0.421483 0.422348 0.421864 0.419050 0.415456 0.413383 0.412486 0.411590 -9999.0 -9999.0 -9999.0 -9999.0 -9999.0 -9999.0 -9999.0 -9999.0 -9999.0 -9999.0 -9999.0 -9999.0
-9999.0 -9999.0 0.405791 0.406006 0.406362 0.406633 0.406873 0.407432 0.408511 0.410363 0.412846 0.415462 0.417382 0.419496 0.419369 0.418262 0.415723 0.411033 0.408476 0.407175 0.406763 0.406965 0.407831 0.409793 0.413905 0.417317 0.420328 0.421819 0.421220 0.419228 0.417402 0.416415 0.415865 0.415388 0.414675 0.414180 0.414398 0.415437 0.416869 0.418515 0.419965 0.420990 0.420435 0.419275 0.418847 0.419785 0.420984 0.420497 0.417879 0.415170 0.415015 -9999.0 -9999.0 -9999.0 -9999.0 -9999.0 -9999.0 -9999.0 -9999.0 -9999.0 -9999.0 -9999.0 -9999.0 -9999.0
-9999.0 -9999.0 0.406258 0.406177 0.406300 0.406561 0.406704 0.407078 0.407825 0.409095 0.410921 0.412985 0.415334 0.419035 0.420788 0.420731 0.418058 0.412657 0.409370 0.407603 0.406827 0.406619 0.406842 0.407658 0.409349 0.411931 0.416291 0.418650 0.419507 0.418694 0.417332 0.416499 0.416405 0.416678 0.416463 0.415924 0.415768 0.416308 0.417448 0.419069 0.421145 0.421963 0.420936 0.418655 0.416970 0.416920 0.418261 0.419390 0.418702 0.415701 0.414774 -9999.0 -9999.0 -9999.0 -9999.0 -9999.0 -9999.0 -9999.0 -9999.0 -9999.0 -9999.0 -9999.0 -9999.0 -9999.0
-9999.0 -9999.0 0.406116 0.406130 0.406206 0.406376 0.406534 0.406788 0.407326 0.408250 0.409746 0.411567 0.413920 0.418190 0.421106 0.422746 0.421386 0.416183 0.412179 0.409645 0.408200 0.407308 0.406914 0.407055 0.407685 0.408874 0.410735 0.414276 0.415742 0.416019 0.415410 0.414880 0.415133 0.415857 0.416230 0.416044 0.416059 0.416718 0.418036 0.420398 0.422836 0.424387 0.423513 0.420547 0.417588 0.415980 0.415940 0.416707 0.417359 0.416299 0.413802 -9999.0 -9999.0 -9999.0 -9999.0 -9999.0 -9999.0 -9999.0 -9999.0 -9999.0 -9999.0 -9999.0 -9999.0 -9999.0
-9999.0 0.405140 0.405549 0.405915 0.406098 0.406209 0.406337 0.406519 0.406898 0.407627 0.408942 0.410728 0.412849 0.415616 0.420475 0.423556 0.424422 0.420892 0.417158 0.413976 0.413111 0.409631 0.408170 0.407398 0.407309 0.407646 0.408231 0.409253 0.411864 0.412458 0.412502 0.412443 0.412981 0.414284 0.414793 0.414611 0.414551 0.415389 0.417074 0.419742 0.423152 0.425923 0.426363 0.424232 0.421185 0.418453 0.416589 0.415447 0.415025 0.416814 -9999.0 -9999.0 -9999.0 -9999.0 -9999.0 -9999.0 -9999.0 -9999.0 -9999.0 -9999.0 -9999.0 -9999.0 -9999.0 -9999.0
-9999.0 0.405136 0.405457 0.405824 0.406049 0.406164 0.406270 0.406347 0.406516 0.407010 0.408050 0.409749 0.411797 0.414158 0.417420 0.422660 0.425528 0.425669 0.423405 0.420140 0.417280 0.413247 0.410907 0.409066 0.408040 0.407602 0.407507 0.407781 0.408381 0.410308 0.410388 0.410469 0.411067 0.412468 0.413036 0.412677 0.412068 0.412358 0.413746 0.416489 0.420410 0.424416 0.426979 0.426994 0.425279 0.422907 0.420366 0.417484 0.414267 0.414344 -9999.0 -9999.0 -9999.0 -9999.0 -9999.0 -9999.0 -9999.0 -9999.0 -9999.0 -9999.0 -9999.0 -9999.0 -9999.0 -9999.0
-9999.0 0.405311 0.405646 0.405952 0.406138 0.406284 0.406372 0.406354 0.406331 0.406521 0.407134 0.408402 0.410146 0.412208 0.414735 0.418390 0.423536 0.425718 0.425299 0.423042 0.420603 0.418349 0.416144 0.413957 0.412050 0.410727 0.409955 0.408306 0.408488 0.410132 0.409928 0.409747 0.410017 0.410813 0.411991 0.411898 0.411029 0.410549 0.410993 0.412628 0.415463 0.419093 0.422711 0.424910 0.425516 0.424990 0.423595 0.420628 0.415913 0.412994 -9999.0 -9999.0 -9999.0 -9999.0 -9999.0 -9999.0 -9999.0 -9999.0 -9999.0 -9999.0 -9999.0 -9999.0 -9999.0 -9999.0
-9999.0 0.405443 0.405775 0.406114 0.406239 0.406478 0.406631 0.406577 0.406380 0.406276 0.406534 0.407249 0.408401 0.409917 0.411825 0.414449 0.418040 0.422480 0.423977 0.423540 0.421978 0.420549 0.419294 0.417884 0.416194 0.414822 0.413941 0.413275 0.412737 0.412117 0.411185 0.410194 0.409653 0.409902 0.411257 0.411975 0.411616 0.410753 0.410278 0.410570 0.411852 0.413791 0.415883 0.418073 0.419622 0.420701 0.421091 0.419712 0.415977 0.413831 -9999.0 -9999.0 -9999.0 -9999.0 -9999.0 -9999.0 -9999.0 -9999.0 -9999.0 -9999.0 -9999.0 -9999.0 -9999.0 -9999.0
-9999.0 0.405466 0.405835 0.406173 0.406322 0.406614 0.406876 0.406906 0.406627 0.406336 0.406293 0.406599 0.407220 0.408102 0.409385 0.411207 0.413988 0.418738 0.421363 0.422336 0.421857 0.421176 0.420668 0.420107 0.419430 0.418770 0.418060 0.417178 0.416444 0.415581 0.414178 0.412086 0.410243 0.409663 0.410435 0.412397 0.413274 0.412848 0.411771 0.410699 0.410742 0.412302 0.413187 0.414234 0.415795 0.417357 0.418622 0.417496 0.416326 -9999.0 -9999.0 -9999.0 -9999.0 -9999.0 -9999.0 -9999.0 -9999.0 -9999.0 -9999.0 -9999.0 -9999.0 -9999.0 -9999.0 -9999.0
-9999.0 0.405506 0.405897 0.406241 0.406407 0.406751 0.407102 0.407268 0.407054 0.406646 0.406386 0.406412 0.406693 0.407197 0.408011 0.409354 0.411568 0.414825 0.419061 0.420650 0.420921 0.420616 0.420314 0.420204 0.420170 0.419761 0.419018 0.418237 0.417906 0.417660 0.416762 0.414552 0.411843 0.410340 0.410503 0.412033 0.414534 0.415584 0.414847 0.412980 0.411121 -9999.0 -9999.0 -9999.0 -9999.0 -9999.0 -9999.0 -9999.0 -9999.0 -9999.0 -9999.0 -9999.0 -9999.0 -9999.0 -9999.0 -9999.0 -9999.0 -9999.0 -9999.0 -9999.0 -9999.0 -9999.0 -9999.0 -9999.0
