tests/3D/Muntatschini_ref_005/output-maps-SE27XX/thetaliqL0008N0002.asc
ncols         108
nrows         156
xllcorner     619971.250000
yllcorner     5169711.250000
cellsize      20.000000
NODATA_value  -9999.0
[rows 58 to 86 of 156, columns 0 to 63 of 108]
-9999.0 -9999.0 -9999.0 -9999.0 -9999.0 -9999.0 -9999.0 -9999.0 -9999.0 -9999.0 -9999.0 -9999.0 -9999.0 -9999.0 -9999.0 -9999.0 -9999.0 -9999.0 -9999.0 -9999.0 -9999.0 -9999.0 -9999.0 -9999.0 -9999.0 -9999.0 -9999.0 -9999.0 -9999.0 -9999.0 -9999.0 -9999.0 -9999.0 -9999.0 -9999.0 -9999.0 0.427333 0.426869 0.427529 0.427051 0.426722 0.426818 0.427517 0.428380 0.430103 0.431848 0.433159 0.433849 0.433872 0.433445 0.432689 0.431857 0.430978 0.430244 0.429823 0.429769 0.430048 0.430517 0.431022 0.431192 0.430783 0.430026 0.429246 0.428682
-9999.0 -9999.0 -9999.0 -9999.0 -9999.0 -9999.0 -9999.0 -9999.0 -9999.0 -9999.0 -9999.0 -9999.0 -9999.0 -9999.0 -9999.0 -9999.0 -9999.0 -9999.0 -9999.0 -9999.0 -9999.0 -9999.0 -9999.0 -9999.0 -9999.0 -9999.0 -9999.0 -9999.0 -9999.0 -9999.0 -9999.0 -9999.0 -9999.0 -9999.0 -9999.0 0.429324 0.429044 0.428681 0.428041 0.427344 0.426777 0.426657 0.427172 0.428421 0.429764 0.431535 0.432629 0.433049 0.433019 0.432810 0.432384 0.431879 0.431274 0.430664 0.430125 0.429775 0.429754 0.430219 0.430864 0.431377 0.431206 0.430484 0.429620 0.428905
-9999.0 -9999.0 -9999.0 -9999.0 -9999.0 -9999.0 -9999.0 -9999.0 -9999.0 -9999.0 -9999.0 -9999.0 -9999.0 -9999.0 -9999.0 -9999.0 -9999.0 -9999.0 -9999.0 -9999.0 -9999.0 -9999.0 -9999.0 -9999.0 -9999.0 -9999.0 -9999.0 -9999.0 -9999.0 -9999.0 -9999.0 -9999.0 0.427378 0.428448 0.430738 0.430213 0.429511 0.429562 0.428746 0.427814 0.427130 0.426869 0.427115 0.428069 0.429867 0.431392 0.432564 0.432874 0.432672 0.432398 0.432045 0.431714 0.431342 0.430913 0.430430 0.429944 0.429657 0.429859 0.430548 0.431229 0.431443 0.431019 0.430277 0.429541
-9999.0 -9999.0 -9999.0 -9999.0 -9999.0 -9999.0 -9999.0 -9999.0 -9999.0 -9999.0 -9999.0 -9999.0 -9999.0 -9999.0 -9999.0 -9999.0 -9999.0 -9999.0 -9999.0 -9999.0 -9999.0 -9999.0 -9999.0 -9999.0 -9999.0 -9999.0 -9999.0 -9999.0 -9999.0 -9999.0 0.429461 0.430402 0.429224 0.428003 0.429424 0.430322 0.430812 0.430310 0.429277 0.428116 0.427280 0.426899 0.426889 0.427527 0.429107 0.430760 0.432272 0.432892 0.432822 0.432467 0.432022 0.431639 0.431346 0.431019 0.430620 0.430079 0.429600 0.429491 0.429958 0.430688 0.431132 0.431158 0.430812 0.430284
-9999.0 -9999.0 -9999.0 -9999.0 -9999.0 -9999.0 -9999.0 -9999.0 -9999.0 -9999.0 -9999.0 -9999.0 -9999.0 -9999.0 -9999.0 -9999.0 -9999.0 -9999.0 -9999.0 -9999.0 -9999.0 -9999.0 -9999.0 -9999.0 -9999.0 -9999.0 -9999.0 -9999.0 -9999.0 0.427825 0.427711 0.429272 0.430033 0.430058 0.429867 0.431123 0.431460 0.431056 0.429778 0.428185 0.427015 0.426466 0.426334 0.426758 0.427980 0.429915 0.431233 0.432398 0.432856 0.432771 0.432383 0.431841 0.431352 0.430938 0.430611 0.430155 0.429635 0.429293 0.429440 0.429923 0.430448 0.430757 0.430906 0.430751
-9999.0 -9999.0 -9999.0 -9999.0 -9999.0 -9999.0 -9999.0 -9999.0 -9999.0 -9999.0 -9999.0 -9999.0 -9999.0 -9999.0 -9999.0 -9999.0 -9999.0 -9999.0 -9999.0 -9999.0 -9999.0 -9999.0 -9999.0 -9999.0 -9999.0 0.427139 0.427124 0.427830 0.428427 0.427868 0.428428 0.429432 0.430170 0.430497 0.430898 0.431498 0.432010 0.431723 0.430358 0.428372 0.426809 0.426023 0.425838 0.426140 0.427000 0.428478 0.429772 0.431270 0.432279 0.432712 0.432720 0.432237 0.431552 0.430896 0.430491 0.430123 0.429675 0.429276 0.429179 0.429358 0.429660 0.430085 0.430477 0.430713
-9999.0 -9999.0 -9999.0 -9999.0 -9999.0 -9999.0 -9999.0 -9999.0 -9999.0 -9999.0 -9999.0 -9999.0 -9999.0 -9999.0 -9999.0 -9999.0 -9999.0 -9999.0 -9999.0 -9999.0 -9999.0 -9999.0 -9999.0 0.431589 0.431426 0.429204 0.427929 0.427543 0.427812 0.428170 0.428738 0.429598 0.430259 0.430616 0.431070 0.431728 0.432444 0.432434 0.431266 0.429084 0.427117 0.425979 0.425650 0.425819 0.426402 0.427455 0.428948 0.429969 0.431278 0.432209 0.432747 0.432570 0.431823 0.430976 0.430472 0.430192 0.429829 0.429422 0.429137 0.429057 0.429099 0.429363 0.429780 0.430231
-9999.0 -9999.0 -9999.0 -9999.0 -9999.0 -9999.0 -9999.0 -9999.0 -9999.0 -9999.0 -9999.0 -9999.0 -9999.0 -9999.0 -9999.0 -9999.0 -9999.0 -9999.0 -9999.0 -9999.0 -9999.0 0.434258 0.434907 0.432906 0.431562 0.430727 0.429557 0.429004 0.428810 0.428782 0.428981 0.429428 0.429950 0.430389 0.430980 0.431786 0.432736 0.433094 0.432360 0.430328 0.428060 0.426441 0.425763 0.425724 0.426118 0.426922 0.428134 0.429018 0.430344 0.431514 0.432459 0.432681 0.432057 0.431211 0.430629 0.430339 0.430007 0.429614 0.429236 0.428942 0.428745 0.428762 0.429103 0.429534
-9999.0 -9999.0 -9999.0 -9999.0 -9999.0 -9999.0 -9999.0 -9999.0 -9999.0 -9999.0 -9999.0 -9999.0 -9999.0 -9999.0 -9999.0 -9999.0 -9999.0 -9999.0 -9999.0 -9999.0 0.434944 0.433034 0.433972 0.434170 0.433787 0.432487 0.431214 0.430229 0.429590 0.429115 0.428865 0.428918 0.429229 0.429750 0.430480 0.431445 0.432565 0.433364 0.433355 0.431941 0.429607 0.427399 0.426097 0.425691 0.425917 0.426640 0.427783 0.429142 0.430040 0.431298 0.432252 0.432491 0.432037 0.431459 0.431015 0.430705 0.430312 0.429841 0.429384 0.428925 0.428541 0.428332 0.428491 0.428917
-9999.0 -9999.0 -9999.0 -9999.0 -9999.0 -9999.0 -9999.0 -9999.0 -9999.0 -9999.0 -9999.0 -9999.0 -9999.0 -9999.0 -9999.0 -9999.0 -9999.0 -9999.0 0.435627 0.436785 0.436023 0.434643 0.434236 0.434291 0.434211 0.434286 0.432977 0.431446 0.430225 0.429366 0.428767 0.428462 0.428523 0.429047 0.429896 0.430913 0.432049 0.433134 0.433852 0.433408 0.431522 0.428913 0.426782 0.425773 0.425727 0.426392 0.427633 0.429166 0.430268 0.431543 0.432291 0.432405 0.432065 0.431661 0.431345 0.431106 0.430807 0.430377 0.429869 0.429215 0.428579 0.428120 0.428088 0.428421
-9999.0 -9999.0 -9999.0 -9999.0 -9999.0 -9999.0 -9999.0 -9999.0 -9999.0 -9999.0 -9999.0 -9999.0 -9999.0 -9999.0 -9999.0 -9999.0 0.431684 0.433804 0.433476 0.434431 0.434925 0.433952 0.433014 0.432769 0.433299 0.433661 0.433138 0.431818 0.430464 0.430057 0.429216 0.428574 0.428357 0.428760 0.429604 0.430528 0.431521 0.432656 0.433878 0.434417 0.433431 0.430899 0.428076 0.426298 0.425817 0.426272 0.427514 0.429281 0.430741 0.432061 0.432528 0.432409 0.432079 0.431745 0.431500 0.431424 0.431430 0.431244 0.430764 0.429939 0.429020 0.428267 0.427977 0.428153
-9999.0 -9999.0 -9999.0 -9999.0 -9999.0 -9999.0 -9999.0 -9999.0 -9999.0 -9999.0 -9999.0 -9999.0 -9999.0 -9999.0 -9999.0 0.428720 0.428748 0.431989 0.433679 0.433935 0.433722 0.432590 0.431053 0.430190 0.430573 0.431597 0.432223 0.431925 0.431114 0.430935 0.430058 0.429170 0.428664 0.428855 0.429620 0.430472 0.431344 0.432326 0.433692 0.434920 0.435072 0.433284 0.430329 0.427775 0.426631 0.426643 0.427600 0.429377 0.431679 0.432658 0.432991 0.432720 0.432283 0.431847 0.431512 0.431595 0.431969 0.432162 0.431846 0.430928 0.429740 0.428668 0.428090 0.428082
-9999.0 -9999.0 -9999.0 -9999.0 -9999.0 -9999.0 -9999.0 -9999.0 -9999.0 -9999.0 -9999.0 -9999.0 -9999.0 -9999.0 -9999.0 0.430792 0.430428 0.432396 0.433249 0.433274 0.432698 0.431417 0.430376 0.429015 0.428735 0.429511 0.430054 0.430758 0.431467 0.431251 0.430677 0.429798 0.429068 0.428930 0.429476 0.430267 0.431146 0.432082 0.433483 0.435113 0.436355 0.435823 0.433465 0.430455 0.428464 0.427769 0.428148 0.429680 0.432120 0.433394 0.433667 0.433212 0.432590 0.432085 0.431696 0.431752 0.432208 0.432650 0.432597 0.431758 0.430455 0.429171 0.428338 0.428115
-9999.0 -9999.0 -9999.0 -9999.0 -9999.0 -9999.0 -9999.0 -9999.0 -9999.0 -9999.0 -9999.0 -9999.0 -9999.0 -9999.0 -9999.0 0.435100 0.433027 0.434336 0.434231 0.432815 0.431462 0.430893 0.429562 0.428269 0.427613 0.427826 0.428675 0.429642 0.430259 0.430596 0.430510 0.429953 0.429189 0.428744 0.428941 0.429600 0.430489 0.431428 0.432808 0.434809 0.437062 0.437948 0.436627 0.433754 0.431107 0.429588 0.429215 0.430263 0.432616 0.434222 0.434698 0.434139 0.433196 0.432480 0.432008 0.431923 0.432262 0.432713 0.432843 0.432173 0.430912 0.429562 0.428588 0.428211
-9999.0 -9999.0 -9999.0 -9999.0 -9999.0 -9999.0 -9999.0 -9999.0 -9999.0 -9999.0 -9999.0 -9999.0 -9999.0 -9999.0 0.431762 0.433455 0.435388 0.436477 0.434819 0.432267 0.430845 0.430520 0.429525 0.428333 0.427452 0.427200 0.427526 0.428213 0.428892 0.429449 0.429742 0.429632 0.429087 0.428451 0.428214 0.428532 0.429237 0.430062 0.431302 0.433452 0.436262 0.438395 0.438334 0.436251 0.433496 0.431427 0.430340 0.430786 0.432258 0.434608 0.435563 0.435245 0.434209 0.433253 0.432547 0.432218 0.432391 0.432804 0.432993 0.432417 0.431186 0.429873 0.428870 0.428401
-9999.0 -9999.0 -9999.0 -9999.0 -9999.0 -9999.0 -9999.0 -9999.0 -9999.0 -9999.0 -9999.0 -9999.0 -9999.0 0.431783 0.431712 0.434093 0.437104 0.437269 0.434646 0.432157 0.430993 0.430335 0.429983 0.428780 0.427794 0.427293 0.427225 0.427496 0.427953 0.428455 0.428880 0.429097 0.428902 0.428311 0.427744 0.427588 0.427778 0.428181 0.429031 0.430872 0.433573 0.436457 0.437675 0.436905 0.434746 0.432651 0.431091 0.430433 0.431881 0.434138 0.435708 0.436111 0.435442 0.434402 0.433449 0.432922 0.432937 0.433232 0.433365 0.432837 0.431610 0.430279 0.429254 0.428752
-9999.0 -9999.0 -9999.0 -9999.0 -9999.0 -9999.0 -9999.0 -9999.0 -9999.0 -9999.0 -9999.0 -9999.0 0.434134 0.432986 0.433831 0.436338 0.438053 0.436604 0.433840 0.432041 0.431565 0.431263 0.430920 0.429468 0.428235 0.427559 0.427315 0.427368 0.427621 0.427966 0.428333 0.428678 0.428792 0.428420 0.427733 0.427138 0.426748 0.426631 0.426996 0.428182 0.430219 0.433001 0.434942 0.435414 0.434284 0.432689 0.431093 0.430631 0.430981 0.432835 0.434828 0.436190 0.436401 0.435717 0.434744 0.434038 0.433824 0.433970 0.434070 0.433623 0.432381 0.430916 0.429759 0.429175
-9999.0 -9999.0 -9999.0 -9999.0 -9999.0 -9999.0 -9999.0 -9999.0 -9999.0 -9999.0 -9999.0 0.434807 0.434464 0.434720 0.436315 0.438597 0.438258 0.435749 0.433222 0.432045 0.432053 0.432120 0.431929 0.430261 0.428662 0.427810 0.427579 0.427656 0.427813 0.427961 0.428160 0.428494 0.428854 0.428791 0.428159 0.427245 0.426371 0.425833 0.425822 0.426441 0.427744 0.429842 0.431744 0.432792 0.432545 0.431636 0.430511 0.429930 0.430172 0.431434 0.432942 0.434960 0.436149 0.436257 0.435726 0.435107 0.434753 0.434690 0.434739 0.434427 0.433339 0.431770 0.430419 0.429662
-9999.0 -9999.0 -9999.0 -9999.0 -9999.0 -9999.0 -9999.0 -9999.0 -9999.0 -9999.0 0.435996 0.435188 0.434910 0.436285 0.438612 0.439457 0.437826 0.435370 0.433199 0.432281 0.432506 0.432989 0.432340 0.430965 0.428963 0.428001 0.427844 0.428011 0.428169 0.428208 0.428272 0.428573 0.429092 0.429300 0.428805 0.427763 0.426599 0.425735 0.425415 0.425641 0.426466 0.427877 0.429312 0.430284 0.430582 0.430375 0.429816 0.429117 0.428847 0.429450 0.431043 0.432690 0.434675 0.435771 0.435939 0.435543 0.435173 0.434979 0.435002 0.434815 0.434019 0.432591 0.431204 0.430291
-9999.0 -9999.0 -9999.0 -9999.0 -9999.0 -9999.0 -9999.0 -9999.0 -9999.0 0.437950 0.436916 0.435827 0.435887 0.437919 0.439238 0.438882 0.437358 0.435626 0.433861 0.432877 0.433089 0.433770 0.433092 0.431367 0.429108 0.428099 0.427992 0.428256 0.428500 0.428501 0.428455 0.428715 0.429331 0.429767 0.429452 0.428427 0.427084 0.425930 0.425339 0.425323 0.425882 0.426892 0.427982 0.428819 0.429451 0.429686 0.429271 0.428359 0.427809 0.427887 0.428771 0.430563 0.432428 0.434436 0.435444 0.435467 0.435161 0.434879 0.434778 0.434564 0.434006 0.433024 0.431982 0.431178
-9999.0 -9999.0 -9999.0 -9999.0 -9999.0 -9999.0 -9999.0 -9999.0 0.436619 0.437964 0.437904 0.437420 0.437765 0.438365 0.438541 0.438180 0.437379 0.435931 0.434329 0.433359 0.433665 0.434364 0.433523 0.431545 0.429122 0.428030 0.427944 0.428316 0.428679 0.428764 0.428694 0.428865 0.429402 0.429979 0.429922 0.429023 0.427518 0.426054 0.425239 0.425099 0.425546 0.426402 0.427397 0.428266 0.429074 0.429399 0.428981 0.428120 0.427512 0.427184 0.427368 0.428377 0.430509 0.432624 0.434532 0.435145 0.434981 0.434649 0.434379 0.433994 0.433445 0.432957 0.432570 0.432237
-9999.0 -9999.0 -9999.0 -9999.0 -9999.0 -9999.0 -9999.0 0.432558 0.435112 0.437397 0.439173 0.439879 0.439202 0.438060 0.437714 0.437528 0.436968 0.435681 0.434378 0.433773 0.434211 0.434789 0.433853 0.431801 0.429071 0.427722 0.427620 0.428165 0.428700 0.428921 0.428892 0.428970 0.429339 0.429923 0.430165 0.429543 0.427982 0.426173 0.425090 0.424855 0.425246 0.426120 0.427214 0.428143 0.428808 0.429019 0.428810 0.428298 0.427800 0.427253 0.426876 0.427051 0.428360 0.430900 0.433040 0.434534 0.434819 0.434548 0.434039 0.433369 0.432720 0.432657 0.432922 0.433101
-9999.0 -9999.0 -9999.0 -9999.0 -9999.0 -9999.0 0.428830 0.431145 0.433781 0.436784 0.440258 0.441324 0.440022 0.438190 0.437456 0.437299 0.436760 0.435566 0.434153 0.433617 0.434186 0.435039 0.434487 0.431947 0.429289 0.427355 0.427004 0.427639 0.428422 0.428907 0.429052 0.429085 0.429222 0.429695 0.430276 0.430197 0.428795 0.426613 0.425120 0.424708 0.425002 0.425902 0.427116 0.427935 0.428239 0.428353 0.428526 0.428523 0.428297 0.427777 0.427037 0.426553 0.427011 0.428873 0.431131 0.433349 0.434358 0.434394 0.433781 0.432861 0.432220 0.432491 0.433132 0.433554
-9999.0 -9999.0 -9999.0 -9999.0 -9999.0 0.426915 0.427978 0.429969 0.432470 0.436339 0.440485 0.442037 0.440988 0.438971 0.437741 0.437488 0.437016 0.435719 0.433965 0.433297 0.433904 0.435112 0.435112 0.432977 0.429946 0.427244 0.426409 0.426873 0.427795 0.428558 0.429003 0.429163 0.429143 0.429391 0.430158 0.430795 0.430015 0.427694 0.425658 0.424884 0.424985 0.425840 0.427027 0.427570 0.427473 0.427466 0.427836 0.428274 0.428459 0.428206 0.427437 0.426698 0.426589 0.427635 0.429782 0.431723 0.433480 0.434085 0.433540 0.432454 0.431902 0.432267 0.432891 0.433333
-9999.0 -9999.0 -9999.0 -9999.0 -9999.0 0.426690 0.427816 0.428788 0.431253 0.435156 0.438842 0.441151 0.441271 0.439819 0.438281 0.437811 0.437435 0.436210 0.434132 0.433058 0.433483 0.434955 0.435675 0.434138 0.431079 0.427640 0.426163 0.426181 0.426976 0.427915 0.428720 0.429158 0.429083 0.429001 0.429685 0.430964 0.431294 0.429521 0.427147 0.425794 0.425495 0.426129 0.427040 0.427186 0.426799 0.426688 0.427061 0.427775 0.428286 0.428206 0.427561 0.426998 0.426781 0.427256 0.428543 0.430546 0.432177 0.433373 0.433108 0.431999 0.431391 0.431524 0.431986 0.432454
-9999.0 -9999.0 -9999.0 -9999.0 -9999.0 0.427034 0.427621 0.427859 0.430417 0.433790 0.436645 0.439421 0.440733 0.440077 0.438456 0.437529 0.437009 0.435879 0.434155 0.433096 0.433480 0.434930 0.436032 0.435197 0.432783 0.429021 0.426716 0.426006 0.426351 0.427210 0.428306 0.429167 0.429221 0.428738 0.428915 0.430313 0.431801 0.431444 0.429562 0.427757 0.426919 0.427133 0.427400 0.427016 0.426460 0.426285 0.426570 0.427352 0.427961 0.427838 0.427292 0.427013 0.427020 0.427237 0.427870 0.429178 0.431171 0.432152 0.432194 0.431257 0.430511 0.430329 0.430753 0.431615
-9999.0 -9999.0 -9999.0 -9999.0 -9999.0 0.426248 0.426671 0.427917 0.430924 0.433386 0.434783 0.437258 0.439598 0.440108 0.438824 0.437458 0.436494 0.435152 0.433443 0.432375 0.432866 0.434503 0.436228 0.436520 0.434630 0.431733 0.428573 0.426865 0.426495 0.427012 0.428177 0.429429 0.429755 0.428940 0.428298 0.429059 0.430924 0.432171 0.431693 0.430209 0.429145 0.428853 0.428267 0.427352 0.426636 0.426361 0.426530 0.427168 0.427613 0.427355 0.426822 0.426656 0.426861 0.427085 0.427399 0.428146 0.429594 0.430468 0.430744 0.430170 0.429468 0.429130 0.429589 0.431227
-9999.0 -9999.0 -9999.0 -9999.0 0.424550 0.425496 0.427300 0.428719 0.432297 0.434018 0.434392 0.436372 0.439098 0.440485 0.439805 0.438270 0.436770 0.434765 0.432369 0.430828 0.430968 0.432644 0.435042 0.436763 0.436706 0.434415 0.431811 0.429184 0.427940 0.427939 0.428852 0.430210 0.430792 0.429813 0.428234 0.427815 0.428997 0.430919 0.431985 0.431811 0.431386 0.430850 0.429591 0.428269 0.427331 0.426893 0.426868 0.427148 0.427286 0.426944 0.426428 0.426248 0.426488 0.426786 0.427029 0.427452 0.428340 0.429315 0.429192 0.429068 0.428777 0.428256 0.428150 0.429490
-9999.0 -9999.0 -9999.0 -9999.0 0.425487 0.426166 0.427644 0.429630 0.433718 0.435085 0.434926 0.436475 0.439349 0.441389 0.441378 0.440054 0.438471 0.436017 0.432628 0.429722 0.428564 0.429423 0.431758 0.434363 0.436005 0.435749 0.433808 0.432035 0.430340 0.429766 0.429560 0.430639 0.431957 0.431114 0.428913 0.427278 0.427312 0.428737 0.430542 0.431879 0.432551 0.432234 0.430916 0.429496 0.428422 0.427820 0.427467 0.427258 0.427049 0.426651 0.426160 0.425935 0.426125 0.426501 0.426836 0.427149 0.427624 0.428152 0.428468 0.428136 0.428684 0.429128 0.428644 -9999.0
