tests/3D/Muntatschini_ref_005/output-maps-SE27XX/thetaliqL0015N0002.asc
ncols         108
nrows         156
xllcorner     619971.250000
yllcorner     5169711.250000
cellsize      20.000000
NODATA_value  -9999.0
[rows 58 to 86 of 156, columns 0 to 63 of 108]
-9999.0 -9999.0 -9999.0 -9999.0 -9999.0 -9999.0 -9999.0 -9999.0 -9999.0 -9999.0 -9999.0 -9999.0 -9999.0 -9999.0 -9999.0 -9999.0 -9999.0 -9999.0 -9999.0 -9999.0 -9999.0 -9999.0 -9999.0 -9999.0 -9999.0 -9999.0 -9999.0 -9999.0 -9999.0 -9999.0 -9999.0 -9999.0 -9999.0 -9999.0 -9999.0 -9999.0 0.508299 0.508006 0.508131 0.507980 0.507881 0.507915 0.508159 0.508689 0.509072 0.509597 0.509982 0.510176 0.510174 0.510042 0.509812 0.509564 0.509300 0.509083 0.508956 0.508939 0.509029 0.509194 0.509346 0.509387 0.509252 0.509018 0.508780 0.508615
-9999.0 -9999.0 -9999.0 -9999.0 -9999.0 -9999.0 -9999.0 -9999.0 -9999.0 -9999.0 -9999.0 -9999.0 -9999.0 -9999.0 -9999.0 -9999.0 -9999.0 -9999.0 -9999.0 -9999.0 -9999.0 -9999.0 -9999.0 -9999.0 -9999.0 -9999.0 -9999.0 -9999.0 -9999.0 -9999.0 -9999.0 -9999.0 -9999.0 -9999.0 -9999.0 0.508818 0.508602 0.508487 0.508268 0.508052 0.507877 0.507841 0.508003 0.508445 0.509142 0.509494 0.509808 0.509925 0.509916 0.509857 0.509731 0.509581 0.509394 0.509204 0.509034 0.508928 0.508933 0.509087 0.509305 0.509448 0.509379 0.509154 0.508890 0.508678
-9999.0 -9999.0 -9999.0 -9999.0 -9999.0 -9999.0 -9999.0 -9999.0 -9999.0 -9999.0 -9999.0 -9999.0 -9999.0 -9999.0 -9999.0 -9999.0 -9999.0 -9999.0 -9999.0 -9999.0 -9999.0 -9999.0 -9999.0 -9999.0 -9999.0 -9999.0 -9999.0 -9999.0 -9999.0 -9999.0 -9999.0 -9999.0 0.508100 0.508564 0.509117 0.509074 0.508821 0.508734 0.508484 0.508197 0.507986 0.507907 0.507986 0.508283 0.508896 0.509558 0.509781 0.509864 0.509807 0.509734 0.509628 0.509531 0.509411 0.509279 0.509127 0.508984 0.508905 0.508981 0.509196 0.509414 0.509460 0.509320 0.509088 0.508865
-9999.0 -9999.0 -9999.0 -9999.0 -9999.0 -9999.0 -9999.0 -9999.0 -9999.0 -9999.0 -9999.0 -9999.0 -9999.0 -9999.0 -9999.0 -9999.0 -9999.0 -9999.0 -9999.0 -9999.0 -9999.0 -9999.0 -9999.0 -9999.0 -9999.0 -9999.0 -9999.0 -9999.0 -9999.0 -9999.0 0.508716 0.508979 0.508656 0.508537 0.508824 0.509073 0.509140 0.508960 0.508646 0.508291 0.508034 0.507917 0.507917 0.508117 0.508635 0.509460 0.509704 0.509878 0.509850 0.509745 0.509609 0.509500 0.509409 0.509314 0.509190 0.509030 0.508888 0.508867 0.509018 0.509237 0.509378 0.509375 0.509260 0.509096
-9999.0 -9999.0 -9999.0 -9999.0 -9999.0 -9999.0 -9999.0 -9999.0 -9999.0 -9999.0 -9999.0 -9999.0 -9999.0 -9999.0 -9999.0 -9999.0 -9999.0 -9999.0 -9999.0 -9999.0 -9999.0 -9999.0 -9999.0 -9999.0 -9999.0 -9999.0 -9999.0 -9999.0 -9999.0 0.508206 0.508166 0.508647 0.508876 0.508941 0.509037 0.509239 0.509308 0.509186 0.508799 0.508313 0.507953 0.507784 0.507745 0.507879 0.508257 0.508912 0.509522 0.509751 0.509868 0.509832 0.509710 0.509556 0.509416 0.509301 0.509201 0.509059 0.508897 0.508797 0.508852 0.508999 0.509155 0.509262 0.509298 0.509241
-9999.0 -9999.0 -9999.0 -9999.0 -9999.0 -9999.0 -9999.0 -9999.0 -9999.0 -9999.0 -9999.0 -9999.0 -9999.0 -9999.0 -9999.0 -9999.0 -9999.0 -9999.0 -9999.0 -9999.0 -9999.0 -9999.0 -9999.0 -9999.0 -9999.0 0.507998 0.507983 0.508201 0.508377 0.508215 0.508389 0.508696 0.508919 0.509019 0.509173 0.509322 0.509473 0.509386 0.508974 0.508370 0.507888 0.507646 0.507590 0.507685 0.507953 0.508443 0.509144 0.509418 0.509700 0.509824 0.509825 0.509685 0.509479 0.509284 0.509160 0.509045 0.508905 0.508786 0.508761 0.508816 0.508910 0.509041 0.509178 0.509242
-9999.0 -9999.0 -9999.0 -9999.0 -9999.0 -9999.0 -9999.0 -9999.0 -9999.0 -9999.0 -9999.0 -9999.0 -9999.0 -9999.0 -9999.0 -9999.0 -9999.0 -9999.0 -9999.0 -9999.0 -9999.0 -9999.0 -9999.0 0.509357 0.509286 0.508620 0.508230 0.508110 0.508196 0.508309 0.508485 0.508748 0.508947 0.509056 0.509193 0.509391 0.509603 0.509599 0.509247 0.508586 0.507982 0.507630 0.507529 0.507582 0.507765 0.508093 0.508608 0.509119 0.509411 0.509696 0.509856 0.509791 0.509555 0.509297 0.509150 0.509064 0.508950 0.508825 0.508739 0.508716 0.508732 0.508819 0.508971 0.509104
-9999.0 -9999.0 -9999.0 -9999.0 -9999.0 -9999.0 -9999.0 -9999.0 -9999.0 -9999.0 -9999.0 -9999.0 -9999.0 -9999.0 -9999.0 -9999.0 -9999.0 -9999.0 -9999.0 -9999.0 -9999.0 0.510426 0.510161 0.509730 0.509334 0.509083 0.508728 0.508561 0.508504 0.508497 0.508559 0.508697 0.508855 0.508989 0.509167 0.509409 0.509691 0.509794 0.509574 0.508963 0.508272 0.507773 0.507563 0.507552 0.507675 0.507926 0.508330 0.508890 0.509138 0.509503 0.509782 0.509821 0.509614 0.509356 0.509190 0.509109 0.509006 0.508885 0.508767 0.508679 0.508620 0.508634 0.508746 0.508900
-9999.0 -9999.0 -9999.0 -9999.0 -9999.0 -9999.0 -9999.0 -9999.0 -9999.0 -9999.0 -9999.0 -9999.0 -9999.0 -9999.0 -9999.0 -9999.0 -9999.0 -9999.0 -9999.0 -9999.0 0.510548 0.509944 0.510221 0.509962 0.509994 0.509609 0.509230 0.508935 0.508743 0.508600 0.508525 0.508542 0.508637 0.508796 0.509017 0.509307 0.509640 0.509875 0.509870 0.509448 0.508745 0.508069 0.507666 0.507540 0.507612 0.507838 0.508192 0.508667 0.509141 0.509427 0.509698 0.509749 0.509606 0.509440 0.509313 0.509220 0.509094 0.508950 0.508812 0.508674 0.508556 0.508497 0.508554 0.508691
-9999.0 -9999.0 -9999.0 -9999.0 -9999.0 -9999.0 -9999.0 -9999.0 -9999.0 -9999.0 -9999.0 -9999.0 -9999.0 -9999.0 -9999.0 -9999.0 -9999.0 -9999.0 0.510848 0.510884 0.510836 0.510439 0.510323 0.510328 0.509984 0.510142 0.509756 0.509302 0.508936 0.508677 0.508494 0.508401 0.508420 0.508582 0.508840 0.509147 0.509486 0.509807 0.510018 0.509885 0.509323 0.508533 0.507877 0.507564 0.507552 0.507761 0.508147 0.508648 0.509209 0.509489 0.509699 0.509723 0.509623 0.509510 0.509414 0.509337 0.509239 0.509109 0.508954 0.508752 0.508558 0.508424 0.508427 0.508538
-9999.0 -9999.0 -9999.0 -9999.0 -9999.0 -9999.0 -9999.0 -9999.0 -9999.0 -9999.0 -9999.0 -9999.0 -9999.0 -9999.0 -9999.0 -9999.0 0.509651 0.510037 0.510080 0.510387 0.510542 0.510252 0.509966 0.509896 0.510057 0.509977 0.509815 0.509422 0.508926 0.508886 0.508630 0.508433 0.508368 0.508493 0.508750 0.509029 0.509327 0.509667 0.510028 0.510184 0.509891 0.509134 0.508275 0.507726 0.507578 0.507723 0.508111 0.508684 0.509453 0.509637 0.509765 0.509729 0.509637 0.509539 0.509458 0.509430 0.509429 0.509372 0.509224 0.508968 0.508690 0.508463 0.508387 0.508449
-9999.0 -9999.0 -9999.0 -9999.0 -9999.0 -9999.0 -9999.0 -9999.0 -9999.0 -9999.0 -9999.0 -9999.0 -9999.0 -9999.0 -9999.0 0.508591 0.508681 0.509677 0.510192 0.510271 0.510187 0.509831 0.509439 0.509205 0.509356 0.509675 0.509745 0.509630 0.509362 0.509150 0.508884 0.508614 0.508461 0.508521 0.508754 0.509012 0.509274 0.509569 0.509973 0.510331 0.510372 0.509843 0.508959 0.508181 0.507830 0.507837 0.508138 0.508684 0.509447 0.509937 0.509906 0.509820 0.509690 0.509552 0.509450 0.509484 0.509605 0.509662 0.509558 0.509271 0.508909 0.508582 0.508418 0.508425
-9999.0 -9999.0 -9999.0 -9999.0 -9999.0 -9999.0 -9999.0 -9999.0 -9999.0 -9999.0 -9999.0 -9999.0 -9999.0 -9999.0 -9999.0 0.509388 0.509249 0.509837 0.510078 0.510070 0.509871 0.509354 0.509004 0.508594 0.508514 0.508786 0.509281 0.509264 0.509347 0.509246 0.509072 0.508806 0.508584 0.508544 0.508711 0.508951 0.509216 0.509496 0.509911 0.510387 0.510744 0.510587 0.509896 0.508997 0.508394 0.508184 0.508306 0.508776 0.509549 0.510156 0.510100 0.509957 0.509773 0.509617 0.509504 0.509541 0.509694 0.509827 0.509799 0.509533 0.509132 0.508737 0.508491 0.508432
-9999.0 -9999.0 -9999.0 -9999.0 -9999.0 -9999.0 -9999.0 -9999.0 -9999.0 -9999.0 -9999.0 -9999.0 -9999.0 -9999.0 -9999.0 0.510776 0.510051 0.510392 0.510304 0.509861 0.509276 0.509153 0.508733 0.508339 0.508139 0.508208 0.508498 0.508794 0.508950 0.509050 0.509023 0.508854 0.508622 0.508487 0.508548 0.508750 0.509019 0.509300 0.509711 0.510299 0.510950 0.511199 0.510819 0.509981 0.509196 0.508739 0.508631 0.508952 0.509696 0.510405 0.510398 0.510218 0.509938 0.509730 0.509602 0.509601 0.509718 0.509855 0.509882 0.509665 0.509273 0.508857 0.508569 0.508464
-9999.0 -9999.0 -9999.0 -9999.0 -9999.0 -9999.0 -9999.0 -9999.0 -9999.0 -9999.0 -9999.0 -9999.0 -9999.0 -9999.0 0.509603 0.510162 0.510720 0.510961 0.510416 0.509659 0.509061 0.509022 0.508721 0.508357 0.508088 0.508012 0.508115 0.508327 0.508534 0.508704 0.508792 0.508758 0.508591 0.508397 0.508326 0.508425 0.508640 0.508889 0.509263 0.509903 0.510724 0.511331 0.511310 0.510710 0.509908 0.509295 0.508973 0.509138 0.509681 0.510412 0.510658 0.510543 0.510233 0.509961 0.509769 0.509693 0.509759 0.509880 0.509924 0.509731 0.509353 0.508954 0.508656 0.508520
-9999.0 -9999.0 -9999.0 -9999.0 -9999.0 -9999.0 -9999.0 -9999.0 -9999.0 -9999.0 -9999.0 -9999.0 -9999.0 0.509567 0.509614 0.510357 0.511184 0.511157 0.510352 0.509599 0.509272 0.508847 0.508861 0.508495 0.508194 0.508040 0.508019 0.508104 0.508245 0.508399 0.508530 0.508595 0.508535 0.508354 0.508180 0.508133 0.508192 0.508315 0.508577 0.509137 0.509944 0.510781 0.511126 0.510902 0.510276 0.509661 0.509219 0.509203 0.509626 0.510279 0.510708 0.510802 0.510595 0.510303 0.510037 0.509897 0.509906 0.509989 0.510020 0.509848 0.509475 0.509075 0.508770 0.508620
-9999.0 -9999.0 -9999.0 -9999.0 -9999.0 -9999.0 -9999.0 -9999.0 -9999.0 -9999.0 -9999.0 -9999.0 0.510245 0.509956 0.510248 0.510970 0.511401 0.510931 0.510099 0.509592 0.509476 0.509237 0.509145 0.508705 0.508329 0.508121 0.508045 0.508062 0.508141 0.508248 0.508361 0.508467 0.508502 0.508387 0.508175 0.507992 0.507871 0.507835 0.507950 0.508319 0.508943 0.509775 0.510342 0.510475 0.510145 0.509675 0.509201 0.509129 0.509534 0.510001 0.510467 0.510849 0.510895 0.510698 0.510417 0.510217 0.510158 0.510201 0.510226 0.510081 0.509704 0.509264 0.508918 0.508744
-9999.0 -9999.0 -9999.0 -9999.0 -9999.0 -9999.0 -9999.0 -9999.0 -9999.0 -9999.0 -9999.0 0.510427 0.510414 0.510501 0.511005 0.511588 0.511434 0.510682 0.509932 0.509613 0.509646 0.509503 0.509448 0.508945 0.508459 0.508197 0.508127 0.508151 0.508200 0.508246 0.508308 0.508411 0.508521 0.508500 0.508305 0.508022 0.507751 0.507584 0.507582 0.507779 0.508186 0.508828 0.509398 0.509709 0.509634 0.509364 0.509026 0.508850 0.508954 0.509370 0.510139 0.510521 0.510853 0.510877 0.510712 0.510533 0.510426 0.510412 0.510425 0.510326 0.509991 0.509516 0.509109 0.508886
-9999.0 -9999.0 -9999.0 -9999.0 -9999.0 -9999.0 -9999.0 -9999.0 -9999.0 -9999.0 0.510780 0.510607 0.510576 0.511004 0.511621 0.511781 0.511277 0.510535 0.509926 0.509699 0.509805 0.509943 0.509441 0.509156 0.508549 0.508256 0.508209 0.508262 0.508310 0.508322 0.508342 0.508435 0.508593 0.508655 0.508502 0.508181 0.507820 0.507552 0.507453 0.507528 0.507787 0.508225 0.508664 0.508960 0.509049 0.508988 0.508815 0.508601 0.508519 0.508705 0.509255 0.510077 0.510448 0.510750 0.510780 0.510662 0.510555 0.510507 0.510516 0.510453 0.510200 0.509761 0.509342 0.509073
-9999.0 -9999.0 -9999.0 -9999.0 -9999.0 -9999.0 -9999.0 -9999.0 -9999.0 0.511345 0.511094 0.510803 0.510878 0.511421 0.511737 0.511595 0.511160 0.510644 0.510154 0.509901 0.509992 0.510178 0.509757 0.509276 0.508594 0.508287 0.508256 0.508338 0.508412 0.508411 0.508398 0.508478 0.508666 0.508797 0.508700 0.508386 0.507972 0.507613 0.507429 0.507427 0.507604 0.507920 0.508256 0.508514 0.508706 0.508776 0.508646 0.508367 0.508198 0.508225 0.508500 0.509113 0.509997 0.510374 0.510649 0.510648 0.510557 0.510479 0.510451 0.510380 0.510202 0.509893 0.509577 0.509338
-9999.0 -9999.0 -9999.0 -9999.0 -9999.0 -9999.0 -9999.0 -9999.0 0.510971 0.511422 0.511402 0.511294 0.511361 0.511496 0.511525 0.511422 0.511175 0.510767 0.510316 0.510056 0.510161 0.510342 0.509871 0.509329 0.508598 0.508266 0.508242 0.508356 0.508467 0.508492 0.508471 0.508524 0.508688 0.508862 0.508844 0.508569 0.508107 0.507652 0.507398 0.507356 0.507499 0.507767 0.508076 0.508344 0.508590 0.508686 0.508556 0.508292 0.508106 0.508007 0.508066 0.508379 0.509096 0.510055 0.510392 0.510553 0.510501 0.510407 0.510328 0.510206 0.510033 0.509876 0.509759 0.509664
-9999.0 -9999.0 -9999.0 -9999.0 -9999.0 -9999.0 -9999.0 0.509773 0.510612 0.511299 0.511800 0.511937 0.511693 0.511370 0.511300 0.511268 0.511095 0.510727 0.510354 0.510177 0.510304 0.510446 0.509960 0.509405 0.508583 0.508172 0.508143 0.508311 0.508473 0.508540 0.508531 0.508556 0.508669 0.508847 0.508919 0.508729 0.508250 0.507688 0.507350 0.507279 0.507405 0.507680 0.508019 0.508305 0.508506 0.508569 0.508503 0.508347 0.508195 0.508027 0.507911 0.507968 0.508375 0.509217 0.510096 0.510389 0.510458 0.510370 0.510214 0.510005 0.509804 0.509787 0.509874 0.509940
-9999.0 -9999.0 -9999.0 -9999.0 -9999.0 -9999.0 0.508613 0.509413 0.510226 0.511151 0.512082 0.512312 0.511925 0.511431 0.511263 0.511230 0.511073 0.510679 0.510264 0.510111 0.510289 0.510527 0.510341 0.509311 0.508649 0.508058 0.507952 0.508149 0.508389 0.508537 0.508581 0.508591 0.508633 0.508778 0.508953 0.508927 0.508498 0.507824 0.507358 0.507231 0.507328 0.507612 0.507989 0.508239 0.508331 0.508365 0.508419 0.508418 0.508350 0.508189 0.507959 0.507810 0.507956 0.508569 0.509589 0.510047 0.510319 0.510315 0.510120 0.509836 0.509641 0.509742 0.509950 0.510092
-9999.0 -9999.0 -9999.0 -9999.0 -9999.0 0.507918 0.508433 0.509063 0.509890 0.511017 0.512141 0.512514 0.512206 0.511654 0.511335 0.511267 0.511121 0.510695 0.510190 0.510012 0.510214 0.510568 0.510543 0.509719 0.508847 0.508022 0.507766 0.507912 0.508197 0.508431 0.508567 0.508615 0.508609 0.508685 0.508918 0.509108 0.508869 0.508157 0.507525 0.507285 0.507322 0.507592 0.507961 0.508126 0.508095 0.508093 0.508209 0.508345 0.508401 0.508321 0.508082 0.507854 0.507823 0.508150 0.508869 0.509759 0.510066 0.510222 0.510041 0.509706 0.509547 0.509690 0.509901 0.510044
-9999.0 -9999.0 -9999.0 -9999.0 -9999.0 0.507907 0.508376 0.508739 0.509518 0.510651 0.511696 0.512325 0.512340 0.511921 0.511496 0.511368 0.511244 0.510835 0.510227 0.509941 0.510100 0.510544 0.510718 0.510040 0.509187 0.508141 0.507687 0.507697 0.507945 0.508235 0.508481 0.508614 0.508590 0.508566 0.508775 0.509160 0.509255 0.508715 0.507987 0.507569 0.507481 0.507681 0.507963 0.508005 0.507885 0.507852 0.507971 0.508193 0.508348 0.508321 0.508121 0.507947 0.507881 0.508030 0.508427 0.509100 0.509895 0.510021 0.509913 0.509569 0.509405 0.509488 0.509651 0.509792
-9999.0 -9999.0 -9999.0 -9999.0 -9999.0 0.508163 0.508335 0.508455 0.509262 0.510247 0.511083 0.511863 0.512195 0.511986 0.511527 0.511281 0.511130 0.510794 0.510255 0.509964 0.510090 0.510516 0.510801 0.510330 0.509694 0.508563 0.507857 0.507640 0.507750 0.508017 0.508354 0.508616 0.508631 0.508483 0.508540 0.508966 0.509410 0.509298 0.508729 0.508179 0.507925 0.507991 0.508072 0.507951 0.507779 0.507727 0.507819 0.508062 0.508248 0.508208 0.508039 0.507953 0.507955 0.508023 0.508219 0.508622 0.509292 0.509793 0.509653 0.509358 0.509157 0.509141 0.509288 0.509541
-9999.0 -9999.0 -9999.0 -9999.0 -9999.0 0.507871 0.508068 0.508473 0.509372 0.510059 0.510484 0.511229 0.511882 0.512004 0.511630 0.511260 0.510988 0.510598 0.510059 0.509760 0.509913 0.510395 0.510870 0.510916 0.510046 0.509381 0.508427 0.507903 0.507790 0.507952 0.508313 0.508696 0.508792 0.508543 0.508349 0.508585 0.509150 0.509519 0.509374 0.508930 0.508609 0.508518 0.508336 0.508053 0.507834 0.507751 0.507806 0.508004 0.508140 0.508059 0.507893 0.507843 0.507907 0.507976 0.508074 0.508306 0.508786 0.509360 0.509228 0.509046 0.508852 0.508781 0.508926 0.509422
-9999.0 -9999.0 -9999.0 -9999.0 0.507215 0.507587 0.508267 0.508710 0.509744 0.510196 0.510322 0.510942 0.511721 0.512097 0.511885 0.511462 0.511035 0.510459 0.509758 0.509296 0.509358 0.509869 0.510563 0.511036 0.510979 0.509994 0.509405 0.508613 0.508234 0.508236 0.508519 0.508933 0.509106 0.508808 0.508327 0.508202 0.508567 0.509150 0.509468 0.509416 0.509287 0.509122 0.508740 0.508337 0.508051 0.507917 0.507910 0.507997 0.508038 0.507931 0.507771 0.507716 0.507791 0.507883 0.507959 0.508091 0.508366 0.508719 0.508934 0.508719 0.508652 0.508509 0.508476 0.508845
-9999.0 -9999.0 -9999.0 -9999.0 0.507556 0.507775 0.508404 0.509003 0.510165 0.510510 0.510483 0.510982 0.511809 0.512366 0.512337 0.511965 0.511506 0.510786 0.509788 0.508917 0.508612 0.508917 0.509638 0.510402 0.510847 0.510725 0.509837 0.509474 0.508966 0.508815 0.508826 0.508968 0.509457 0.509202 0.508533 0.508033 0.508047 0.508490 0.509039 0.509439 0.509635 0.509537 0.509141 0.508714 0.508388 0.508203 0.508094 0.508029 0.507963 0.507839 0.507687 0.507617 0.507678 0.507795 0.507899 0.507996 0.508143 0.508305 0.508454 0.508601 0.508704 0.508870 0.508508 -9999.0
