tests/3D/Muntatschini_ref_005/output-maps-SE27XX/thetaliqL0003N0002.asc
ncols         108
nrows         156
xllcorner     619971.250000
yllcorner     5169711.250000
cellsize      20.000000
NODATA_value  -9999.0
[rows 58 to 86 of 156, columns 0 to 63 of 108]
-9999.0 -9999.0 -9999.0 -9999.0 -9999.0 -9999.0 -9999.0 -9999.0 -9999.0 -9999.0 -9999.0 -9999.0 -9999.0 -9999.0 -9999.0 -9999.0 -9999.0 -9999.0 -9999.0 -9999.0 -9999.0 -9999.0 -9999.0 -9999.0 -9999.0 -9999.0 -9999.0 -9999.0 -9999.0 -9999.0 -9999.0 -9999.0 -9999.0 -9999.0 -9999.0 -9999.0 0.411093 0.410522 0.410740 0.410229 0.409876 0.409979 0.410722 0.412091 0.413963 0.415864 0.417299 0.418058 0.418091 0.417631 0.416810 0.415903 0.414945 0.414143 0.413682 0.413621 0.413922 0.414525 0.415075 0.415259 0.414813 0.413987 0.413136 0.412520
-9999.0 -9999.0 -9999.0 -9999.0 -9999.0 -9999.0 -9999.0 -9999.0 -9999.0 -9999.0 -9999.0 -9999.0 -9999.0 -9999.0 -9999.0 -9999.0 -9999.0 -9999.0 -9999.0 -9999.0 -9999.0 -9999.0 -9999.0 -9999.0 -9999.0 -9999.0 -9999.0 -9999.0 -9999.0 -9999.0 -9999.0 -9999.0 -9999.0 -9999.0 -9999.0 0.413173 0.412868 0.411975 0.411293 0.410546 0.409939 0.409810 0.410362 0.411690 0.413592 0.415523 0.416718 0.417182 0.417156 0.416934 0.416473 0.415925 0.415267 0.414601 0.414013 0.413630 0.413606 0.414109 0.414905 0.415463 0.415277 0.414490 0.413546 0.412765
-9999.0 -9999.0 -9999.0 -9999.0 -9999.0 -9999.0 -9999.0 -9999.0 -9999.0 -9999.0 -9999.0 -9999.0 -9999.0 -9999.0 -9999.0 -9999.0 -9999.0 -9999.0 -9999.0 -9999.0 -9999.0 -9999.0 -9999.0 -9999.0 -9999.0 -9999.0 -9999.0 -9999.0 -9999.0 -9999.0 -9999.0 -9999.0 0.410575 0.412005 0.414775 0.414204 0.413389 0.412926 0.412049 0.411049 0.410316 0.410038 0.410301 0.411323 0.413240 0.415364 0.416647 0.416990 0.416775 0.416481 0.416100 0.415743 0.415340 0.414874 0.414347 0.413817 0.413502 0.413719 0.414468 0.415304 0.415538 0.415077 0.414265 0.413461
-9999.0 -9999.0 -9999.0 -9999.0 -9999.0 -9999.0 -9999.0 -9999.0 -9999.0 -9999.0 -9999.0 -9999.0 -9999.0 -9999.0 -9999.0 -9999.0 -9999.0 -9999.0 -9999.0 -9999.0 -9999.0 -9999.0 -9999.0 -9999.0 -9999.0 -9999.0 -9999.0 -9999.0 -9999.0 -9999.0 0.412815 0.413827 0.412556 0.411788 0.413247 0.414252 0.414264 0.413730 0.412619 0.411374 0.410478 0.410069 0.410059 0.410742 0.412430 0.414676 0.416327 0.417009 0.416937 0.416554 0.416075 0.415661 0.415344 0.414990 0.414555 0.413965 0.413443 0.413321 0.413828 0.414622 0.415201 0.415230 0.414852 0.414274
-9999.0 -9999.0 -9999.0 -9999.0 -9999.0 -9999.0 -9999.0 -9999.0 -9999.0 -9999.0 -9999.0 -9999.0 -9999.0 -9999.0 -9999.0 -9999.0 -9999.0 -9999.0 -9999.0 -9999.0 -9999.0 -9999.0 -9999.0 -9999.0 -9999.0 -9999.0 -9999.0 -9999.0 -9999.0 0.411059 0.410938 0.412613 0.413430 0.413447 0.413773 0.414597 0.414967 0.414532 0.413157 0.411448 0.410194 0.409606 0.409465 0.409919 0.411228 0.413292 0.415193 0.416467 0.416973 0.416886 0.416468 0.415881 0.415350 0.414902 0.414546 0.414050 0.413483 0.413109 0.413267 0.413791 0.414364 0.414794 0.414956 0.414785
-9999.0 -9999.0 -9999.0 -9999.0 -9999.0 -9999.0 -9999.0 -9999.0 -9999.0 -9999.0 -9999.0 -9999.0 -9999.0 -9999.0 -9999.0 -9999.0 -9999.0 -9999.0 -9999.0 -9999.0 -9999.0 -9999.0 -9999.0 -9999.0 -9999.0 0.410324 0.410308 0.411063 0.411707 0.411108 0.411708 0.412785 0.413578 0.413930 0.414355 0.415008 0.415560 0.415250 0.413781 0.411648 0.409973 0.409132 0.408935 0.409257 0.410178 0.411755 0.413604 0.415238 0.416343 0.416821 0.416836 0.416313 0.415569 0.414857 0.414417 0.414017 0.413529 0.413094 0.412986 0.413181 0.413508 0.413969 0.414489 0.414745
-9999.0 -9999.0 -9999.0 -9999.0 -9999.0 -9999.0 -9999.0 -9999.0 -9999.0 -9999.0 -9999.0 -9999.0 -9999.0 -9999.0 -9999.0 -9999.0 -9999.0 -9999.0 -9999.0 -9999.0 -9999.0 -9999.0 -9999.0 0.415103 0.414930 0.412542 0.411172 0.410759 0.411046 0.411431 0.412041 0.412964 0.413675 0.414058 0.414547 0.415256 0.416027 0.416017 0.414758 0.412413 0.410303 0.409085 0.408733 0.408914 0.409537 0.410665 0.412255 0.413825 0.415253 0.416273 0.416864 0.416675 0.415865 0.414945 0.414400 0.414096 0.413701 0.413257 0.412946 0.412856 0.412900 0.413185 0.413730 0.414220
-9999.0 -9999.0 -9999.0 -9999.0 -9999.0 -9999.0 -9999.0 -9999.0 -9999.0 -9999.0 -9999.0 -9999.0 -9999.0 -9999.0 -9999.0 -9999.0 -9999.0 -9999.0 -9999.0 -9999.0 -9999.0 0.418649 0.419419 0.416528 0.415076 0.414178 0.412920 0.412326 0.412117 0.412087 0.412301 0.412781 0.413342 0.413814 0.414450 0.415318 0.416343 0.416729 0.415938 0.413749 0.411314 0.409579 0.408855 0.408813 0.409235 0.410094 0.411387 0.412794 0.414238 0.415514 0.416548 0.416798 0.416124 0.415206 0.414574 0.414259 0.413899 0.413470 0.413057 0.412734 0.412517 0.412533 0.412902 0.413460
-9999.0 -9999.0 -9999.0 -9999.0 -9999.0 -9999.0 -9999.0 -9999.0 -9999.0 -9999.0 -9999.0 -9999.0 -9999.0 -9999.0 -9999.0 -9999.0 -9999.0 -9999.0 -9999.0 -9999.0 0.419469 0.417496 0.418375 0.418625 0.417477 0.416075 0.414703 0.413643 0.412955 0.412445 0.412177 0.412233 0.412567 0.413127 0.413913 0.414951 0.416158 0.417021 0.417012 0.415485 0.412975 0.410605 0.409212 0.408777 0.409019 0.409792 0.411017 0.412463 0.413910 0.415282 0.416325 0.416593 0.416104 0.415479 0.414998 0.414663 0.414235 0.413721 0.413222 0.412720 0.412299 0.412069 0.412237 0.412697
-9999.0 -9999.0 -9999.0 -9999.0 -9999.0 -9999.0 -9999.0 -9999.0 -9999.0 -9999.0 -9999.0 -9999.0 -9999.0 -9999.0 -9999.0 -9999.0 -9999.0 -9999.0 0.420156 0.421473 0.420725 0.419120 0.418691 0.418744 0.418679 0.418017 0.416603 0.414953 0.413638 0.412715 0.412072 0.411745 0.411810 0.412372 0.413284 0.414379 0.415602 0.416773 0.417548 0.417069 0.415034 0.412229 0.409944 0.408866 0.408816 0.409528 0.410855 0.412494 0.414164 0.415553 0.416373 0.416504 0.416139 0.415702 0.415361 0.415103 0.414779 0.414309 0.413754 0.413040 0.412344 0.411842 0.411801 0.412160
-9999.0 -9999.0 -9999.0 -9999.0 -9999.0 -9999.0 -9999.0 -9999.0 -9999.0 -9999.0 -9999.0 -9999.0 -9999.0 -9999.0 -9999.0 -9999.0 0.415845 0.418102 0.417978 0.418803 0.419373 0.418357 0.417330 0.417066 0.417647 0.418052 0.417475 0.416022 0.414540 0.413458 0.412554 0.411865 0.411632 0.412065 0.412971 0.413964 0.415033 0.416257 0.417577 0.418159 0.417093 0.414364 0.411331 0.409427 0.408912 0.409399 0.410728 0.412618 0.414681 0.416122 0.416636 0.416510 0.416155 0.415795 0.415533 0.415452 0.415461 0.415258 0.414733 0.413832 0.412828 0.412005 0.411684 0.411871
-9999.0 -9999.0 -9999.0 -9999.0 -9999.0 -9999.0 -9999.0 -9999.0 -9999.0 -9999.0 -9999.0 -9999.0 -9999.0 -9999.0 -9999.0 0.412629 0.412667 0.416128 0.417983 0.418304 0.418064 0.416842 0.415174 0.414236 0.414652 0.415768 0.416450 0.416119 0.415233 0.414402 0.413459 0.412505 0.411962 0.412166 0.412988 0.413904 0.414843 0.415900 0.417375 0.418703 0.418868 0.416934 0.413750 0.411008 0.409783 0.409796 0.410821 0.412727 0.415188 0.416774 0.417142 0.416850 0.416379 0.415908 0.415548 0.415641 0.416050 0.416261 0.415915 0.414913 0.413615 0.412445 0.411811 0.411798
-9999.0 -9999.0 -9999.0 -9999.0 -9999.0 -9999.0 -9999.0 -9999.0 -9999.0 -9999.0 -9999.0 -9999.0 -9999.0 -9999.0 -9999.0 0.415235 0.414408 0.416602 0.417524 0.417557 0.416943 0.415565 0.413796 0.412333 0.412032 0.412859 0.414069 0.414842 0.414968 0.414743 0.414124 0.413179 0.412395 0.412247 0.412833 0.413684 0.414629 0.415638 0.417150 0.418911 0.420257 0.419680 0.417130 0.413886 0.411747 0.411001 0.411408 0.413052 0.415670 0.417579 0.417881 0.417388 0.416714 0.416168 0.415748 0.415811 0.416309 0.416793 0.416736 0.415820 0.414397 0.412995 0.412084 0.411837
-9999.0 -9999.0 -9999.0 -9999.0 -9999.0 -9999.0 -9999.0 -9999.0 -9999.0 -9999.0 -9999.0 -9999.0 -9999.0 -9999.0 -9999.0 0.419565 0.417358 0.418724 0.418602 0.417060 0.415606 0.414353 0.412926 0.411538 0.410835 0.411063 0.411968 0.413006 0.413675 0.414037 0.413944 0.413345 0.412525 0.412047 0.412258 0.412967 0.413923 0.414933 0.416420 0.418583 0.421024 0.421987 0.420552 0.417442 0.414587 0.412953 0.412553 0.413679 0.416205 0.418482 0.419007 0.418400 0.417376 0.416598 0.416086 0.415994 0.416366 0.416860 0.417003 0.416273 0.414897 0.413425 0.412361 0.411946
-9999.0 -9999.0 -9999.0 -9999.0 -9999.0 -9999.0 -9999.0 -9999.0 -9999.0 -9999.0 -9999.0 -9999.0 -9999.0 -9999.0 0.415941 0.417695 0.419897 0.421080 0.419262 0.416480 0.414838 0.413956 0.412886 0.411606 0.410662 0.410392 0.410742 0.411478 0.412207 0.412804 0.413119 0.413001 0.412416 0.411732 0.411479 0.411820 0.412576 0.413463 0.414797 0.417115 0.420156 0.422472 0.422405 0.420144 0.417163 0.414932 0.413762 0.414236 0.416337 0.418899 0.419950 0.419607 0.418479 0.417438 0.416669 0.416311 0.416502 0.416956 0.417165 0.416539 0.415198 0.413767 0.412671 0.412156
-9999.0 -9999.0 -9999.0 -9999.0 -9999.0 -9999.0 -9999.0 -9999.0 -9999.0 -9999.0 -9999.0 -9999.0 -9999.0 0.415982 0.415865 0.418449 0.421751 0.421953 0.419092 0.416267 0.415005 0.414304 0.413378 0.412086 0.411029 0.410491 0.410418 0.410709 0.411199 0.411738 0.412194 0.412426 0.412217 0.411583 0.410975 0.410808 0.411011 0.411444 0.412355 0.414335 0.417247 0.420367 0.421690 0.420853 0.418514 0.416251 0.414566 0.414339 0.415910 0.418377 0.420102 0.420549 0.419822 0.418687 0.417648 0.417075 0.417096 0.417422 0.417572 0.417000 0.415662 0.414211 0.413092 0.412541
-9999.0 -9999.0 -9999.0 -9999.0 -9999.0 -9999.0 -9999.0 -9999.0 -9999.0 -9999.0 -9999.0 -9999.0 0.418565 0.417277 0.418175 0.420920 0.422810 0.421237 0.418108 0.416152 0.415638 0.415318 0.414386 0.412824 0.411502 0.410777 0.410515 0.410572 0.410842 0.411213 0.411606 0.411976 0.412099 0.411700 0.410962 0.410325 0.409908 0.409783 0.410173 0.411444 0.413632 0.416628 0.418727 0.419237 0.418015 0.416292 0.414573 0.414062 0.414922 0.416946 0.419129 0.420626 0.420864 0.420118 0.419057 0.418289 0.418060 0.418225 0.418341 0.417858 0.416506 0.414907 0.413645 0.413006
-9999.0 -9999.0 -9999.0 -9999.0 -9999.0 -9999.0 -9999.0 -9999.0 -9999.0 -9999.0 -9999.0 0.419306 0.418896 0.419155 0.420904 0.423412 0.423052 0.420316 0.417443 0.416164 0.416175 0.416258 0.415472 0.413678 0.411960 0.411045 0.410798 0.410881 0.411048 0.411207 0.411421 0.411779 0.412165 0.412097 0.411420 0.410440 0.409505 0.408930 0.408917 0.409579 0.410975 0.413227 0.415273 0.416403 0.416137 0.415157 0.413946 0.413322 0.413575 0.414925 0.417055 0.419267 0.420575 0.420699 0.420123 0.419451 0.419071 0.419009 0.419071 0.418736 0.417551 0.415841 0.414366 0.413538
-9999.0 -9999.0 -9999.0 -9999.0 -9999.0 -9999.0 -9999.0 -9999.0 -9999.0 -9999.0 0.420613 0.419685 0.419358 0.420871 0.423428 0.424374 0.422598 0.419792 0.417426 0.416426 0.416671 0.417199 0.416505 0.414435 0.412282 0.411250 0.411081 0.411261 0.411430 0.411472 0.411541 0.411864 0.412421 0.412645 0.412112 0.410995 0.409749 0.408825 0.408482 0.408724 0.409606 0.411117 0.412657 0.413702 0.414022 0.413799 0.413198 0.412448 0.412158 0.412805 0.414504 0.416775 0.418950 0.420156 0.420348 0.419921 0.419524 0.419320 0.419353 0.419156 0.418294 0.416737 0.415221 0.414221
-9999.0 -9999.0 -9999.0 -9999.0 -9999.0 -9999.0 -9999.0 -9999.0 -9999.0 0.422765 0.421573 0.420358 0.420428 0.422662 0.424130 0.423758 0.422098 0.420079 0.418150 0.417075 0.417305 0.418050 0.417322 0.414868 0.412439 0.411356 0.411241 0.411523 0.411785 0.411787 0.411737 0.412016 0.412677 0.413146 0.412807 0.411707 0.410268 0.409033 0.408401 0.408384 0.408981 0.410062 0.411230 0.412128 0.412806 0.413059 0.412614 0.411635 0.411045 0.411128 0.412077 0.413988 0.416485 0.418686 0.419796 0.419830 0.419503 0.419204 0.419101 0.418877 0.418274 0.417205 0.416067 0.415186
-9999.0 -9999.0 -9999.0 -9999.0 -9999.0 -9999.0 -9999.0 -9999.0 0.421298 0.422709 0.422627 0.422104 0.422485 0.423159 0.423374 0.422996 0.421995 0.420413 0.418660 0.417599 0.417933 0.418699 0.417796 0.415059 0.412454 0.411281 0.411189 0.411587 0.411977 0.412069 0.411994 0.412177 0.412754 0.413374 0.413313 0.412346 0.410733 0.409166 0.408295 0.408145 0.408622 0.409538 0.410603 0.411534 0.412402 0.412751 0.412302 0.411378 0.410726 0.410375 0.410572 0.411654 0.413929 0.416699 0.418792 0.419472 0.419301 0.418946 0.418660 0.418249 0.417656 0.417127 0.416703 0.416334
-9999.0 -9999.0 -9999.0 -9999.0 -9999.0 -9999.0 -9999.0 0.416835 0.419550 0.422051 0.424021 0.424805 0.424074 0.422834 0.422471 0.422281 0.421540 0.420134 0.418709 0.418048 0.418529 0.419166 0.418158 0.415335 0.412399 0.410951 0.410842 0.411426 0.412000 0.412237 0.412206 0.412290 0.412686 0.413314 0.413574 0.412905 0.411230 0.409293 0.408135 0.407884 0.408301 0.409236 0.410407 0.411402 0.412116 0.412343 0.412118 0.411569 0.411035 0.410449 0.410046 0.410233 0.411635 0.414350 0.417155 0.418798 0.419119 0.418831 0.418284 0.417561 0.416860 0.416792 0.417077 0.417269
-9999.0 -9999.0 -9999.0 -9999.0 -9999.0 -9999.0 0.412753 0.415178 0.418065 0.421373 0.425210 0.426404 0.424985 0.422981 0.422187 0.422024 0.421439 0.420003 0.418459 0.417877 0.418502 0.419441 0.418842 0.416083 0.412633 0.410558 0.410182 0.410862 0.411702 0.412222 0.412378 0.412413 0.412560 0.413068 0.413693 0.413608 0.412102 0.409764 0.408168 0.407727 0.408041 0.409003 0.410302 0.411180 0.411505 0.411628 0.411813 0.411810 0.411568 0.411010 0.410218 0.409700 0.410189 0.412179 0.415070 0.417499 0.418612 0.418660 0.418001 0.417003 0.416307 0.416600 0.417294 0.417752
-9999.0 -9999.0 -9999.0 -9999.0 -9999.0 0.410086 0.411665 0.413880 0.416624 0.420875 0.425457 0.427196 0.426054 0.423844 0.422499 0.422232 0.421721 0.420172 0.418255 0.417527 0.418194 0.419519 0.419524 0.417202 0.413338 0.410439 0.409546 0.410041 0.411029 0.411847 0.412325 0.412497 0.412475 0.412742 0.413566 0.414252 0.413413 0.410922 0.408743 0.407915 0.408023 0.408937 0.410207 0.410788 0.410684 0.410677 0.411074 0.411543 0.411741 0.411470 0.410645 0.409855 0.409738 0.410858 0.413149 0.415722 0.417651 0.418321 0.417736 0.416556 0.415952 0.416343 0.417020 0.417501
-9999.0 -9999.0 -9999.0 -9999.0 -9999.0 0.410520 0.411523 0.412581 0.415290 0.419571 0.423639 0.426208 0.426362 0.424775 0.423092 0.422586 0.422183 0.420714 0.418442 0.417269 0.417734 0.419346 0.420141 0.418473 0.414558 0.410864 0.409282 0.409301 0.410152 0.411158 0.412022 0.412491 0.412412 0.412323 0.413057 0.414434 0.414789 0.412881 0.410336 0.408887 0.408568 0.409245 0.410220 0.410377 0.409962 0.409844 0.410243 0.411008 0.411556 0.411470 0.410778 0.410176 0.409943 0.410452 0.411831 0.413970 0.416227 0.417542 0.417262 0.416054 0.415385 0.415521 0.416025 0.416539
-9999.0 -9999.0 -9999.0 -9999.0 -9999.0 0.410922 0.411298 0.411583 0.414375 0.418067 0.421211 0.424289 0.425762 0.425058 0.423285 0.422278 0.421717 0.420486 0.418470 0.417314 0.417734 0.419323 0.420537 0.419640 0.416395 0.412345 0.409874 0.409114 0.409483 0.410403 0.411577 0.412501 0.412559 0.412041 0.412231 0.413733 0.415334 0.414950 0.412926 0.410989 0.410091 0.410320 0.410606 0.410195 0.409600 0.409413 0.409717 0.410554 0.411207 0.411076 0.410490 0.410192 0.410199 0.410431 0.411110 0.412513 0.414642 0.416207 0.416261 0.415240 0.414420 0.414213 0.414669 0.415633
-9999.0 -9999.0 -9999.0 -9999.0 -9999.0 0.409794 0.410315 0.411654 0.414931 0.417625 0.419168 0.421906 0.424506 0.425091 0.423693 0.422200 0.421151 0.419688 0.417692 0.416527 0.417067 0.418861 0.420759 0.421087 0.419036 0.415262 0.411864 0.410033 0.409637 0.410191 0.411439 0.412783 0.413132 0.412258 0.411568 0.412386 0.414390 0.415733 0.415218 0.413621 0.412478 0.412164 0.411536 0.410554 0.409789 0.409494 0.409675 0.410358 0.410835 0.410558 0.409988 0.409809 0.410029 0.410268 0.410605 0.411405 0.412952 0.414371 0.414677 0.414054 0.413285 0.412903 0.413404 0.415125
-9999.0 -9999.0 -9999.0 -9999.0 0.408071 0.408872 0.410984 0.412533 0.416438 0.418330 0.418753 0.420942 0.423962 0.425515 0.424782 0.423101 0.421460 0.419265 0.416646 0.414841 0.414998 0.416831 0.419461 0.421356 0.421297 0.418800 0.415346 0.412520 0.411185 0.411184 0.412163 0.413622 0.414248 0.413195 0.411500 0.411051 0.412318 0.414385 0.415533 0.415345 0.414888 0.414310 0.412957 0.411538 0.410533 0.410064 0.410037 0.410337 0.410484 0.410118 0.409565 0.409373 0.409629 0.409949 0.410209 0.410662 0.411614 0.412649 0.412986 0.412847 0.412550 0.411986 0.411742 0.413325
-9999.0 -9999.0 -9999.0 -9999.0 0.409130 0.409687 0.411337 0.413524 0.418003 0.419513 0.419351 0.421065 0.424247 0.426522 0.426528 0.425079 0.423344 0.420650 0.416937 0.413640 0.412381 0.413318 0.415867 0.418718 0.420521 0.420243 0.418130 0.415588 0.413762 0.413141 0.413451 0.414634 0.415503 0.414595 0.412228 0.410476 0.410512 0.412040 0.413979 0.415418 0.416144 0.415801 0.414382 0.412855 0.411702 0.411056 0.410679 0.410454 0.410230 0.409804 0.409279 0.409038 0.409241 0.409644 0.410002 0.410337 0.410845 0.411412 0.411740 0.411839 0.412383 0.412921 0.412419 -9999.0
