tests/3D/Muntatschini_ref_005/output-maps-SE27XX/thetaliqL0004N0001.asc
ncols         108
nrows         156
xllcorner     619971.250000
yllcorner     5169711.250000
cellsize      20.000000
NODATA_value  -9999.0
[rows 87 to 115 of 156, columns 0 to 63 of 108]
-9999.0 -9999.0 -9999.0 -9999.0 0.401452 0.404293 0.405420 0.407439 0.412140 0.412982 0.412069 0.413456 0.416499 0.419117 0.419464 0.418061 0.416309 0.413709 0.409532 0.402862 0.400117 0.400021 0.400959 0.403662 0.405660 0.406147 0.405090 0.402073 0.401401 0.401403 0.402722 0.403931 0.403064 0.373278 0.371376 0.369753 0.369710 0.370365 0.371843 0.379192 0.378734 0.377146 0.373621 0.372851 0.372856 0.372962 0.372620 0.372062 0.371535 0.371144 0.370879 0.370999 0.371435 0.371829 0.372297 0.372783 0.372921 0.372177 0.372233 0.375998 0.376890 -9999.0 -9999.0 -9999.0
-9999.0 -9999.0 -9999.0 -9999.0 0.402767 0.405243 0.405846 0.407547 0.412306 0.412864 0.411730 0.412476 0.415506 0.418996 0.420466 0.419560 0.418217 0.416562 0.413258 0.405538 0.400453 0.398742 0.399434 0.400490 0.401939 0.402465 0.402011 0.401803 0.400375 0.400946 0.401510 0.403068 0.403254 0.373325 0.371858 0.369998 0.369639 0.370121 0.371382 0.377795 0.377602 0.375696 0.374348 0.374093 0.374155 0.373472 0.372149 0.371087 0.370490 0.370187 0.370044 0.370116 0.370387 0.370762 0.371035 0.370982 0.371029 0.371053 0.371024 0.370628 -9999.0 -9999.0 -9999.0 -9999.0
-9999.0 -9999.0 -9999.0 -9999.0 0.403886 0.405954 0.406253 0.407720 0.412662 0.412667 0.411135 0.410817 0.413231 0.417249 0.420033 0.420285 0.419743 0.417611 0.415241 0.410741 0.404517 0.400331 0.399618 0.400376 0.401359 0.401315 0.400253 0.399254 0.398679 0.399172 0.399281 0.400584 0.402258 0.401447 0.371482 0.370118 0.369627 0.370043 0.371122 0.375097 0.380443 0.377092 0.374788 0.374580 0.374668 0.373603 0.371766 0.370222 0.369558 0.369303 0.369161 0.369261 0.369463 0.369558 0.369394 0.369470 0.369667 0.369496 0.369126 -9999.0 -9999.0 -9999.0 -9999.0 -9999.0
-9999.0 -9999.0 -9999.0 -9999.0 0.404175 0.405979 0.406606 0.408098 0.413876 0.413146 0.411119 0.409740 0.410898 0.414260 0.417927 0.417771 0.419187 0.418663 0.418863 0.415613 0.410093 0.405337 0.402712 0.402655 0.403240 0.402443 0.400238 0.398196 0.397494 0.397644 0.398636 0.400119 0.400749 0.401057 0.400818 0.372546 0.371836 0.369936 0.371108 0.373620 0.376681 0.375390 0.374135 0.373910 0.376197 0.373902 0.371880 0.369837 0.368867 0.368434 0.368313 0.368144 0.368252 0.368293 0.368181 0.367940 0.367696 0.367286 -9999.0 -9999.0 -9999.0 -9999.0 -9999.0 -9999.0
-9999.0 -9999.0 -9999.0 -9999.0 0.403443 0.405534 0.405265 0.409371 0.414225 0.413777 0.411016 0.409007 0.409085 0.409395 0.412656 0.415405 0.417426 0.419859 0.418885 0.418421 0.415403 0.410454 0.407783 0.406303 0.406920 0.407312 0.404686 0.400805 0.398393 0.397855 0.398588 0.399997 0.401002 0.401484 0.401926 0.399586 0.369349 0.369915 0.371272 0.374072 0.375756 0.377546 0.373203 0.373360 0.377380 0.376415 0.372750 0.370202 0.368467 0.367852 0.367493 0.367234 0.367000 0.367500 0.368096 0.365826 0.363994 -9999.0 -9999.0 -9999.0 -9999.0 -9999.0 -9999.0 -9999.0
-9999.0 -9999.0 -9999.0 -9999.0 0.402784 0.405327 0.406246 0.410742 0.414414 0.414661 0.411332 0.409296 0.406871 0.407891 0.409803 0.412334 0.414371 0.415428 0.416976 0.416866 0.416846 0.413996 0.410935 0.409941 0.411184 0.412358 0.411428 0.408602 0.404794 0.402361 0.401865 0.402460 0.403319 0.404221 0.403651 0.401903 0.400593 0.400634 0.402189 0.404948 0.405783 0.403812 0.376603 0.376997 0.378595 0.406883 0.404169 0.374047 0.369027 0.367747 0.367056 0.366364 0.366277 0.367145 0.369654 0.371754 -9999.0 -9999.0 -9999.0 -9999.0 -9999.0 -9999.0 -9999.0 -9999.0
-9999.0 -9999.0 -9999.0 -9999.0 0.369297 0.384332 0.405897 0.408941 0.411946 0.415480 0.411959 0.408917 0.407657 0.407228 0.409111 0.410821 0.412122 0.412342 0.412137 0.412779 0.413533 0.412541 0.410755 0.409263 0.410321 0.413417 0.414495 0.414337 0.411142 0.407482 0.405200 0.405323 0.406055 0.406451 0.405791 0.404323 0.403415 0.403330 0.404416 0.407166 0.407756 0.406937 0.405864 0.405280 0.379458 0.409318 0.407824 0.404596 0.370841 0.368728 0.367031 0.366355 0.366073 0.366072 0.368409 0.368177 -9999.0 -9999.0 -9999.0 -9999.0 -9999.0 -9999.0 -9999.0 -9999.0
-9999.0 -9999.0 -9999.0 -9999.0 0.368040 0.370197 0.386618 0.408701 0.411906 0.412188 0.411879 0.410150 0.408093 0.407058 0.408925 0.412512 0.412859 0.412265 0.411535 0.409756 0.408836 0.408206 0.407324 0.406382 0.406317 0.407939 0.410531 0.412393 0.412772 0.410165 0.407839 0.406610 0.406775 0.407776 0.408429 0.407144 0.406153 0.406821 0.407228 0.408731 0.408619 0.408250 0.408671 0.408337 0.407778 0.409466 0.409025 0.407585 0.404615 0.371013 0.368774 0.367468 0.366614 0.365271 0.363330 0.367519 -9999.0 -9999.0 -9999.0 -9999.0 -9999.0 -9999.0 -9999.0 -9999.0
-9999.0 -9999.0 -9999.0 -9999.0 -9999.0 0.369131 0.385772 0.408181 0.411326 0.412202 0.412401 0.410773 0.408434 0.406751 0.408516 0.412886 0.416030 0.416584 0.414230 0.410399 0.407184 0.405281 0.404296 0.403595 0.403218 0.403481 0.404083 0.406692 0.409138 0.409487 0.407837 0.406357 0.405790 0.407051 0.407815 0.408338 0.408341 0.409059 0.410174 0.411461 0.410556 0.410364 0.410009 0.409941 0.409394 0.409715 0.408806 0.408153 0.407050 0.403929 0.371089 0.369471 0.367864 0.365748 0.360400 0.366710 -9999.0 -9999.0 -9999.0 -9999.0 -9999.0 -9999.0 -9999.0 -9999.0
-9999.0 -9999.0 -9999.0 -9999.0 -9999.0 0.369711 0.383787 0.408969 0.410895 0.412049 0.411767 0.410666 0.408346 0.406363 0.407234 0.410934 0.416412 0.418656 0.419657 0.416110 0.410782 0.406321 0.403921 0.402986 0.402570 0.402075 0.401984 0.403023 0.404641 0.406709 0.407366 0.406610 0.405520 0.405776 0.406094 0.406945 0.407905 0.409520 0.411469 0.412965 0.412856 0.411754 0.410910 0.410351 0.409565 0.409125 0.408671 0.407698 0.407220 0.406469 0.407551 0.373583 0.369722 0.368122 0.366657 -9999.0 -9999.0 -9999.0 -9999.0 -9999.0 -9999.0 -9999.0 -9999.0 -9999.0
-9999.0 -9999.0 -9999.0 -9999.0 -9999.0 0.368339 0.382356 0.384725 0.410438 0.411311 0.410711 0.409453 0.407687 0.405759 0.405741 0.409229 0.413212 0.418035 0.421463 0.421440 0.417946 0.412384 0.408202 0.406121 0.405640 0.404712 0.403906 0.403479 0.404103 0.406474 0.407734 0.408724 0.407379 0.406169 0.405599 0.405454 0.406249 0.408139 0.409124 0.410948 0.411467 0.412318 0.411560 0.409838 0.409073 0.408710 0.408586 0.407540 0.406449 0.409331 0.409135 0.407414 0.371419 0.365523 0.371989 -9999.0 -9999.0 -9999.0 -9999.0 -9999.0 -9999.0 -9999.0 -9999.0 -9999.0
-9999.0 -9999.0 -9999.0 -9999.0 -9999.0 0.367942 0.377982 0.383987 0.409572 0.410415 0.409870 0.408775 0.406954 0.405502 0.404660 0.405836 0.408221 0.415715 0.419980 0.422752 0.421675 0.418687 0.413961 0.410924 0.410141 0.409648 0.408789 0.407016 0.406611 0.408187 0.409813 0.411369 0.411490 0.410179 0.407920 0.406295 0.406001 0.406730 0.407010 0.408617 0.409545 0.410153 0.410167 0.409519 0.408068 0.407586 0.408351 0.407797 0.406715 0.409261 0.409426 0.409320 0.408069 0.408194 -9999.0 -9999.0 -9999.0 -9999.0 -9999.0 -9999.0 -9999.0 -9999.0 -9999.0 -9999.0
-9999.0 -9999.0 -9999.0 -9999.0 -9999.0 0.367483 0.373715 0.379931 0.409369 0.410213 0.408551 0.386268 0.381940 0.405488 0.403477 0.404207 0.406211 0.409116 0.415666 0.420179 0.421934 0.420546 0.417452 0.413959 0.411796 0.411291 0.410542 0.409709 0.409200 0.409711 0.410982 0.412762 0.413989 0.413955 0.412374 0.410109 0.408526 0.407208 0.406220 0.406861 0.407360 0.408412 0.409804 0.409170 0.407928 0.406780 0.407134 0.407670 0.410017 0.409851 0.410250 0.410975 0.408052 0.411721 -9999.0 -9999.0 -9999.0 -9999.0 -9999.0 -9999.0 -9999.0 -9999.0 -9999.0 -9999.0
-9999.0 -9999.0 -9999.0 -9999.0 -9999.0 0.366157 0.369574 0.380374 0.384500 0.410631 0.409617 0.405818 0.378715 0.377310 0.377376 0.403696 0.403966 0.405560 0.410565 0.415912 0.419750 0.420294 0.419956 0.416981 0.413019 0.411022 0.408877 0.408737 0.408583 0.409344 0.410060 0.411627 0.413673 0.415436 0.416167 0.415060 0.412542 0.410450 0.408236 0.408222 0.406624 0.407089 0.408507 0.408828 0.408115 0.406508 0.406287 0.409534 0.409991 0.410451 0.411083 0.414092 0.413413 -9999.0 -9999.0 -9999.0 -9999.0 -9999.0 -9999.0 -9999.0 -9999.0 -9999.0 -9999.0 -9999.0
-9999.0 -9999.0 -9999.0 -9999.0 -9999.0 0.370900 0.369474 0.373743 0.381229 0.410339 0.409880 0.407647 0.404099 0.374057 0.373620 0.373919 0.403270 0.404360 0.406540 0.412071 0.416213 0.418765 0.418897 0.418841 0.415229 0.411525 0.408171 0.407023 0.406358 0.406666 0.407291 0.408375 0.410416 0.411994 0.414626 0.415566 0.414679 0.413571 0.413368 0.410205 0.407800 0.406899 0.407915 0.408906 0.408921 0.406892 0.408310 0.408451 0.409326 0.410212 0.410809 0.412749 0.413736 -9999.0 -9999.0 -9999.0 -9999.0 -9999.0 -9999.0 -9999.0 -9999.0 -9999.0 -9999.0 -9999.0
-9999.0 -9999.0 -9999.0 -9999.0 0.366200 0.373907 0.371871 0.373479 0.382227 0.410186 0.409696 0.408173 0.405236 0.374139 0.373473 0.372948 0.373159 0.379697 0.405365 0.409337 0.412393 0.415213 0.417150 0.417397 0.417856 0.414280 0.410117 0.406615 0.405409 0.404855 0.405155 0.405439 0.407031 0.409807 0.412612 0.415069 0.416750 0.416145 0.416504 0.414432 0.411295 0.408658 0.408479 0.409614 0.409467 0.410400 0.408034 0.407190 0.407852 0.408947 0.409462 0.409371 0.409747 -9999.0 -9999.0 -9999.0 -9999.0 -9999.0 -9999.0 -9999.0 -9999.0 -9999.0 -9999.0 -9999.0
-9999.0 -9999.0 -9999.0 -9999.0 0.369412 0.370102 0.372127 0.373242 0.378787 0.382365 0.410874 0.408974 0.406674 0.404141 0.402547 0.372679 0.372298 0.372700 0.380345 0.381060 0.409671 0.410887 0.414040 0.415840 0.416967 0.416553 0.412466 0.408378 0.405449 0.404456 0.403776 0.403708 0.404476 0.404900 0.408386 0.410396 0.414221 0.416033 0.416889 0.416871 0.414690 0.411665 0.410353 0.411244 0.413160 0.411229 0.408018 0.405892 0.405766 0.406570 0.407220 0.407291 0.408236 -9999.0 -9999.0 -9999.0 -9999.0 -9999.0 -9999.0 -9999.0 -9999.0 -9999.0 -9999.0 -9999.0
-9999.0 -9999.0 -9999.0 0.365930 0.372090 0.370975 0.371823 0.372926 0.378472 0.380020 0.381033 0.410172 0.407430 0.405343 0.404438 0.402315 0.372057 0.371863 0.372566 0.379854 0.379303 0.407498 0.410707 0.412897 0.415494 0.416139 0.414413 0.410060 0.406155 0.404323 0.403276 0.402943 0.403325 0.403982 0.405515 0.406379 0.410020 0.413755 0.415484 0.415893 0.416312 0.414422 0.412686 0.411593 0.413813 0.412300 0.408758 0.405328 0.403913 0.403948 0.404262 0.403988 0.405361 -9999.0 -9999.0 -9999.0 -9999.0 -9999.0 -9999.0 -9999.0 -9999.0 -9999.0 -9999.0 -9999.0
-9999.0 -9999.0 -9999.0 0.368999 0.369251 0.371507 0.371606 0.372594 0.377120 0.378353 0.381765 0.410388 0.408606 0.406728 0.405439 0.403571 0.372164 0.371371 0.371644 0.372666 0.376505 0.381502 0.406567 0.409177 0.411303 0.414491 0.414322 0.411839 0.407644 0.404610 0.403786 0.403276 0.403269 0.403192 0.402556 0.405388 0.406701 0.409025 0.412527 0.414172 0.413344 0.412707 0.412766 0.413391 0.413669 0.413136 0.410402 0.406355 0.403478 0.402237 0.401610 0.399852 0.403795 -9999.0 -9999.0 -9999.0 -9999.0 -9999.0 -9999.0 -9999.0 -9999.0 -9999.0 -9999.0 -9999.0
-9999.0 -9999.0 0.365735 0.372126 0.369850 0.370971 0.371728 0.372291 0.373128 0.378563 0.379528 0.410104 0.409743 0.408273 0.406918 0.405464 0.401958 0.371721 0.371243 0.371825 0.372739 0.375255 0.378184 0.405502 0.408473 0.411157 0.413307 0.412381 0.409952 0.405826 0.404936 0.404447 0.404322 0.403863 0.403885 0.404408 0.405820 0.407799 0.409561 0.411124 0.412221 0.410949 0.412419 0.411784 0.412039 0.412606 0.411746 0.408680 0.405221 0.403237 0.400580 0.397974 -9999.0 -9999.0 -9999.0 -9999.0 -9999.0 -9999.0 -9999.0 -9999.0 -9999.0 -9999.0 -9999.0 -9999.0
-9999.0 -9999.0 0.365170 0.368946 0.369611 0.370715 0.371402 0.372074 0.372683 0.373673 0.376296 0.379768 0.386100 0.409750 0.408845 0.407404 0.403548 0.371996 0.370513 0.370649 0.371439 0.372233 0.372956 0.379513 0.404815 0.407598 0.410000 0.411640 0.410644 0.407215 0.406437 0.405961 0.405868 0.405615 0.405268 0.405174 0.405769 0.406783 0.408166 0.409735 0.410244 0.412172 0.411396 0.410039 0.409496 0.410274 0.411174 0.410386 0.407851 0.406296 0.405385 -9999.0 -9999.0 -9999.0 -9999.0 -9999.0 -9999.0 -9999.0 -9999.0 -9999.0 -9999.0 -9999.0 -9999.0 -9999.0
-9999.0 -9999.0 0.364658 0.365923 0.368495 0.370266 0.370924 0.371604 0.372305 0.373007 0.377255 0.378413 0.382137 0.409869 0.410409 0.409450 0.405077 0.371739 0.369190 0.368691 0.369412 0.370500 0.371655 0.372398 0.373514 0.380342 0.406743 0.408014 0.408815 0.406890 0.406557 0.406098 0.406529 0.406946 0.406889 0.406844 0.406902 0.405931 0.407114 0.410065 0.412371 0.412980 0.411740 0.409314 0.407610 0.407520 0.408797 0.409727 0.408707 0.406470 0.405607 -9999.0 -9999.0 -9999.0 -9999.0 -9999.0 -9999.0 -9999.0 -9999.0 -9999.0 -9999.0 -9999.0 -9999.0 -9999.0
-9999.0 -9999.0 0.365627 0.365966 0.368238 0.369679 0.370424 0.371194 0.371953 0.372524 0.373433 0.378014 0.380137 0.409269 0.410748 0.411437 0.407918 0.373107 0.369169 0.367490 0.367440 0.368392 0.369973 0.371365 0.372182 0.372695 0.373732 0.404934 0.405383 0.404559 0.404819 0.404602 0.405228 0.406113 0.406368 0.406265 0.406650 0.407543 0.408955 0.411752 0.413990 0.415230 0.414024 0.410880 0.407953 0.406481 0.406672 0.407531 0.407732 0.403869 0.404460 -9999.0 -9999.0 -9999.0 -9999.0 -9999.0 -9999.0 -9999.0 -9999.0 -9999.0 -9999.0 -9999.0 -9999.0 -9999.0
-9999.0 0.371734 0.369145 0.367695 0.368539 0.369354 0.369993 0.370730 0.371424 0.372070 0.372869 0.373951 0.379072 0.383132 0.411232 0.412465 0.411221 0.382274 0.375310 0.369633 0.399494 0.367655 0.368395 0.369743 0.370966 0.371819 0.371966 0.372242 0.402093 0.401857 0.401489 0.401869 0.403217 0.405467 0.406056 0.405921 0.406010 0.406930 0.408652 0.411190 0.414318 0.416678 0.416724 0.414425 0.411420 0.408826 0.407251 0.406470 0.406644 0.406290 -9999.0 -9999.0 -9999.0 -9999.0 -9999.0 -9999.0 -9999.0 -9999.0 -9999.0 -9999.0 -9999.0 -9999.0 -9999.0 -9999.0
-9999.0 0.369598 0.368316 0.368256 0.368561 0.368951 0.369472 0.370117 0.370811 0.371399 0.372039 0.373013 0.377523 0.381858 0.381710 0.413195 0.414131 0.412341 0.409424 0.406561 0.403782 0.369427 0.368395 0.368389 0.369149 0.369935 0.370268 0.370315 0.370818 0.399221 0.399928 0.400232 0.401088 0.403593 0.404209 0.403903 0.403534 0.404060 0.405562 0.408196 0.411782 0.415337 0.417479 0.417253 0.415510 0.413256 0.410915 0.408252 0.405745 0.404906 -9999.0 -9999.0 -9999.0 -9999.0 -9999.0 -9999.0 -9999.0 -9999.0 -9999.0 -9999.0 -9999.0 -9999.0 -9999.0 -9999.0
-9999.0 0.367358 0.367914 0.368219 0.368375 0.368526 0.368888 0.369418 0.370182 0.370788 0.371233 0.372002 0.373019 0.376057 0.382861 0.382477 0.414147 0.414711 0.413774 0.410902 0.407257 0.404933 0.402552 0.400508 0.398957 0.397979 0.397249 0.368176 0.369019 0.398632 0.398754 0.399219 0.399244 0.400882 0.402995 0.402927 0.402307 0.402195 0.402891 0.404422 0.406747 0.409856 0.413311 0.415582 0.416290 0.415760 0.414373 0.411256 0.406225 0.403333 -9999.0 -9999.0 -9999.0 -9999.0 -9999.0 -9999.0 -9999.0 -9999.0 -9999.0 -9999.0 -9999.0 -9999.0 -9999.0 -9999.0
-9999.0 0.366433 0.367524 0.367877 0.367945 0.368101 0.368303 0.368724 0.369434 0.370032 0.370623 0.371230 0.371939 0.372844 0.377481 0.382267 0.382575 0.413045 0.413556 0.412267 0.409635 0.407483 0.406475 0.404734 0.402765 0.401465 0.400883 0.399784 0.399634 0.399870 0.398920 0.398432 0.398329 0.399105 0.401963 0.402714 0.402520 0.402026 0.401919 0.402407 0.402949 0.403177 0.405468 0.409618 0.411425 0.412494 0.412751 0.410972 0.406490 0.404094 -9999.0 -9999.0 -9999.0 -9999.0 -9999.0 -9999.0 -9999.0 -9999.0 -9999.0 -9999.0 -9999.0 -9999.0 -9999.0 -9999.0
-9999.0 0.366295 0.367421 0.367675 0.367760 0.367830 0.367850 0.368109 0.368597 0.369241 0.369898 0.370541 0.371197 0.371797 0.372604 0.377267 0.379181 0.410181 0.411406 0.411480 0.410200 0.408722 0.407554 0.406716 0.405845 0.405273 0.404660 0.404046 0.404168 0.402863 0.402197 0.400159 0.398652 0.398079 0.398917 0.402942 0.403895 0.403656 0.402907 0.402251 0.403032 0.401781 0.403771 0.405152 0.406762 0.408360 0.409580 0.408008 0.406251 -9999.0 -9999.0 -9999.0 -9999.0 -9999.0 -9999.0 -9999.0 -9999.0 -9999.0 -9999.0 -9999.0 -9999.0 -9999.0 -9999.0 -9999.0
-9999.0 0.366365 0.367589 0.367737 0.367712 0.367673 0.367543 0.367648 0.367915 0.368386 0.369016 0.369721 0.370291 0.371006 0.371761 0.372789 0.377984 0.380872 0.409652 0.409971 0.409698 0.409081 0.407932 0.407444 0.406617 0.406682 0.406340 0.405930 0.405429 0.404817 0.404559 0.401971 0.399133 0.397943 0.399083 0.400134 0.405049 0.406119 0.405533 0.404257 0.403849 -9999.0 -9999.0 -9999.0 -9999.0 -9999.0 -9999.0 -9999.0 -9999.0 -9999.0 -9999.0 -9999.0 -9999.0 -9999.0 -9999.0 -9999.0 -9999.0 -9999.0 -9999.0 -9999.0 -9999.0 -9999.0 -9999.0 -9999.0
