tests/3D/Muntatschini_ref_005/output-maps-SE27XX/thetaliqL0014N0006.asc
ncols         108
nrows         156
xllcorner     619971.250000
yllcorner     5169711.250000
cellsize      20.000000
NODATA_value  -9999.0
[rows 58 to 86 of 156, columns 0 to 63 of 108]
-9999.0 -9999.0 -9999.0 -9999.0 -9999.0 -9999.0 -9999.0 -9999.0 -9999.0 -9999.0 -9999.0 -9999.0 -9999.0 -9999.0 -9999.0 -9999.0 -9999.0 -9999.0 -9999.0 -9999.0 -9999.0 -9999.0 -9999.0 -9999.0 -9999.0 -9999.0 -9999.0 -9999.0 -9999.0 -9999.0 -9999.0 -9999.0 -9999.0 -9999.0 -9999.0 -9999.0 0.491109 0.490512 0.490824 0.490572 0.490411 0.490474 0.490928 0.491808 0.492381 0.493257 0.493899 0.494216 0.494203 0.493972 0.493581 0.493165 0.492724 0.492365 0.492156 0.492127 0.492281 0.492367 0.492623 0.492684 0.492449 0.492053 0.491658 0.491390
-9999.0 -9999.0 -9999.0 -9999.0 -9999.0 -9999.0 -9999.0 -9999.0 -9999.0 -9999.0 -9999.0 -9999.0 -9999.0 -9999.0 -9999.0 -9999.0 -9999.0 -9999.0 -9999.0 -9999.0 -9999.0 -9999.0 -9999.0 -9999.0 -9999.0 -9999.0 -9999.0 -9999.0 -9999.0 -9999.0 -9999.0 -9999.0 -9999.0 -9999.0 -9999.0 0.491919 0.491477 0.491423 0.491017 0.490658 0.490366 0.490307 0.490578 0.491417 0.492583 0.493078 0.493593 0.493781 0.493765 0.493667 0.493453 0.493204 0.492884 0.492563 0.492274 0.492099 0.492117 0.492384 0.492558 0.492789 0.492661 0.492276 0.491837 0.491488
-9999.0 -9999.0 -9999.0 -9999.0 -9999.0 -9999.0 -9999.0 -9999.0 -9999.0 -9999.0 -9999.0 -9999.0 -9999.0 -9999.0 -9999.0 -9999.0 -9999.0 -9999.0 -9999.0 -9999.0 -9999.0 -9999.0 -9999.0 -9999.0 -9999.0 -9999.0 -9999.0 -9999.0 -9999.0 -9999.0 -9999.0 -9999.0 0.490795 0.491529 0.492322 0.492330 0.491863 0.491793 0.491376 0.490897 0.490547 0.490416 0.490548 0.491045 0.492187 0.493238 0.493542 0.493672 0.493577 0.493461 0.493282 0.493120 0.492910 0.492688 0.492429 0.492194 0.492071 0.492210 0.492573 0.492739 0.492800 0.492556 0.492164 0.491793
-9999.0 -9999.0 -9999.0 -9999.0 -9999.0 -9999.0 -9999.0 -9999.0 -9999.0 -9999.0 -9999.0 -9999.0 -9999.0 -9999.0 -9999.0 -9999.0 -9999.0 -9999.0 -9999.0 -9999.0 -9999.0 -9999.0 -9999.0 -9999.0 -9999.0 -9999.0 -9999.0 -9999.0 -9999.0 -9999.0 0.491768 0.492200 0.491717 0.491490 0.491921 0.492289 0.492525 0.492171 0.491646 0.491055 0.490628 0.490434 0.490435 0.490769 0.491693 0.493128 0.493420 0.493703 0.493649 0.493472 0.493240 0.493060 0.492905 0.492748 0.492539 0.492274 0.492041 0.492016 0.492276 0.492640 0.492671 0.492656 0.492455 0.492178
-9999.0 -9999.0 -9999.0 -9999.0 -9999.0 -9999.0 -9999.0 -9999.0 -9999.0 -9999.0 -9999.0 -9999.0 -9999.0 -9999.0 -9999.0 -9999.0 -9999.0 -9999.0 -9999.0 -9999.0 -9999.0 -9999.0 -9999.0 -9999.0 -9999.0 -9999.0 -9999.0 -9999.0 -9999.0 0.490914 0.490847 0.491649 0.492030 0.492246 0.492278 0.492698 0.492754 0.492550 0.491901 0.491091 0.490493 0.490213 0.490149 0.490373 0.491002 0.492214 0.493185 0.493505 0.493686 0.493614 0.493403 0.493150 0.492921 0.492736 0.492568 0.492328 0.492055 0.491893 0.491993 0.492239 0.492495 0.492473 0.492526 0.492423
-9999.0 -9999.0 -9999.0 -9999.0 -9999.0 -9999.0 -9999.0 -9999.0 -9999.0 -9999.0 -9999.0 -9999.0 -9999.0 -9999.0 -9999.0 -9999.0 -9999.0 -9999.0 -9999.0 -9999.0 -9999.0 -9999.0 -9999.0 -9999.0 -9999.0 0.490572 0.490543 0.490904 0.491195 0.490929 0.491219 0.491730 0.492102 0.492271 0.492590 0.492778 0.493031 0.492885 0.492193 0.491185 0.490385 0.489984 0.489892 0.490050 0.490496 0.491372 0.492587 0.492951 0.493407 0.493609 0.493608 0.493375 0.493029 0.492704 0.492496 0.492302 0.492064 0.491869 0.491832 0.491924 0.492082 0.492301 0.492334 0.492434
-9999.0 -9999.0 -9999.0 -9999.0 -9999.0 -9999.0 -9999.0 -9999.0 -9999.0 -9999.0 -9999.0 -9999.0 -9999.0 -9999.0 -9999.0 -9999.0 -9999.0 -9999.0 -9999.0 -9999.0 -9999.0 -9999.0 -9999.0 0.492840 0.492712 0.491600 0.490952 0.490752 0.490896 0.491085 0.491378 0.491817 0.492150 0.492332 0.492561 0.492894 0.493249 0.493241 0.492650 0.491546 0.490541 0.489958 0.489791 0.489880 0.490183 0.490728 0.491693 0.492496 0.492931 0.493411 0.493680 0.493558 0.493152 0.492716 0.492473 0.492329 0.492135 0.491927 0.491787 0.491750 0.491779 0.491929 0.491990 0.492211
-9999.0 -9999.0 -9999.0 -9999.0 -9999.0 -9999.0 -9999.0 -9999.0 -9999.0 -9999.0 -9999.0 -9999.0 -9999.0 -9999.0 -9999.0 -9999.0 -9999.0 -9999.0 -9999.0 -9999.0 -9999.0 0.494447 0.493683 0.493457 0.492795 0.492375 0.491782 0.491503 0.491408 0.491399 0.491503 0.491733 0.491997 0.492220 0.492519 0.492925 0.493396 0.493569 0.493198 0.492175 0.491023 0.490194 0.489847 0.489828 0.490033 0.490450 0.491177 0.492143 0.492482 0.493102 0.493563 0.493607 0.493241 0.492807 0.492535 0.492404 0.492229 0.492028 0.491829 0.491685 0.491589 0.491620 0.491813 0.491875
-9999.0 -9999.0 -9999.0 -9999.0 -9999.0 -9999.0 -9999.0 -9999.0 -9999.0 -9999.0 -9999.0 -9999.0 -9999.0 -9999.0 -9999.0 -9999.0 -9999.0 -9999.0 -9999.0 -9999.0 0.494590 0.493534 0.494024 0.493383 0.493903 0.493256 0.492621 0.492128 0.491809 0.491571 0.491447 0.491474 0.491633 0.491899 0.492269 0.492754 0.493311 0.493705 0.493696 0.492986 0.491811 0.490685 0.490017 0.489808 0.489928 0.490303 0.490892 0.491790 0.492533 0.492963 0.493407 0.493474 0.493228 0.492953 0.492745 0.492587 0.492372 0.492133 0.491902 0.491675 0.491481 0.491388 0.491490 0.491724
-9999.0 -9999.0 -9999.0 -9999.0 -9999.0 -9999.0 -9999.0 -9999.0 -9999.0 -9999.0 -9999.0 -9999.0 -9999.0 -9999.0 -9999.0 -9999.0 -9999.0 -9999.0 0.495194 0.495041 0.495070 0.494430 0.494243 0.494231 0.493441 0.494152 0.493503 0.492742 0.492131 0.491699 0.491394 0.491239 0.491271 0.491541 0.491972 0.492485 0.493053 0.493592 0.493946 0.493721 0.492777 0.491456 0.490366 0.489848 0.489828 0.490175 0.490816 0.491710 0.492645 0.493057 0.493399 0.493429 0.493260 0.493076 0.492914 0.492781 0.492611 0.492393 0.492134 0.491798 0.491477 0.491259 0.491275 0.491469
-9999.0 -9999.0 -9999.0 -9999.0 -9999.0 -9999.0 -9999.0 -9999.0 -9999.0 -9999.0 -9999.0 -9999.0 -9999.0 -9999.0 -9999.0 -9999.0 0.493156 0.493653 0.493785 0.494377 0.494645 0.494141 0.493655 0.493539 0.493804 0.493543 0.493265 0.492608 0.491720 0.492047 0.491619 0.491292 0.491183 0.491392 0.491821 0.492288 0.492787 0.493356 0.493963 0.494224 0.493730 0.492459 0.491026 0.490115 0.489871 0.490112 0.490757 0.491770 0.493105 0.493299 0.493504 0.493440 0.493291 0.493126 0.492985 0.492935 0.492931 0.492834 0.492585 0.492155 0.491692 0.491319 0.491203 0.491315
-9999.0 -9999.0 -9999.0 -9999.0 -9999.0 -9999.0 -9999.0 -9999.0 -9999.0 -9999.0 -9999.0 -9999.0 -9999.0 -9999.0 -9999.0 0.491259 0.491487 0.493187 0.494073 0.494211 0.494049 0.493429 0.492792 0.492422 0.492704 0.493241 0.493301 0.493088 0.492586 0.492489 0.492044 0.491593 0.491338 0.491439 0.491828 0.492258 0.492698 0.493192 0.493872 0.494473 0.494540 0.493649 0.492167 0.490869 0.490287 0.490300 0.490802 0.491712 0.493118 0.493861 0.493742 0.493591 0.493373 0.493137 0.492963 0.493027 0.493233 0.493328 0.493148 0.492661 0.492056 0.491514 0.491251 0.491271
-9999.0 -9999.0 -9999.0 -9999.0 -9999.0 -9999.0 -9999.0 -9999.0 -9999.0 -9999.0 -9999.0 -9999.0 -9999.0 -9999.0 -9999.0 0.492659 0.492520 0.493512 0.493909 0.493876 0.493508 0.492520 0.492289 0.491608 0.491483 0.491998 0.492625 0.492443 0.492884 0.492650 0.492358 0.491913 0.491544 0.491477 0.491756 0.492157 0.492601 0.493070 0.493767 0.494567 0.495169 0.494901 0.493737 0.492230 0.491225 0.490876 0.491081 0.491866 0.493232 0.494231 0.494062 0.493816 0.493508 0.493240 0.493054 0.493130 0.493399 0.493623 0.493565 0.493106 0.492431 0.491770 0.491369 0.491280
-9999.0 -9999.0 -9999.0 -9999.0 -9999.0 -9999.0 -9999.0 -9999.0 -9999.0 -9999.0 -9999.0 -9999.0 -9999.0 -9999.0 -9999.0 0.495190 0.493888 0.494438 0.494235 0.493461 0.492349 0.492525 0.491792 0.491135 0.490804 0.490919 0.491456 0.491953 0.492156 0.492323 0.492277 0.491993 0.491607 0.491382 0.491485 0.491822 0.492272 0.492742 0.493431 0.494420 0.495519 0.495940 0.495293 0.493879 0.492562 0.491801 0.491623 0.492161 0.493479 0.494654 0.494561 0.494248 0.493774 0.493427 0.493221 0.493238 0.493445 0.493676 0.493713 0.493332 0.492667 0.491969 0.491498 0.491335
-9999.0 -9999.0 -9999.0 -9999.0 -9999.0 -9999.0 -9999.0 -9999.0 -9999.0 -9999.0 -9999.0 -9999.0 -9999.0 -9999.0 0.493072 0.494090 0.495015 0.495351 0.494370 0.493084 0.492184 0.492274 0.491770 0.491164 0.490717 0.490592 0.490764 0.491117 0.491462 0.491744 0.491891 0.491834 0.491555 0.491232 0.491114 0.491280 0.491639 0.492054 0.492680 0.493754 0.495139 0.496164 0.496128 0.495111 0.493758 0.492730 0.492193 0.492524 0.493341 0.494620 0.495006 0.494797 0.494269 0.493818 0.493507 0.493396 0.493517 0.493718 0.493781 0.493440 0.492800 0.492132 0.491642 0.491423
-9999.0 -9999.0 -9999.0 -9999.0 -9999.0 -9999.0 -9999.0 -9999.0 -9999.0 -9999.0 -9999.0 -9999.0 -9999.0 0.492961 0.493123 0.494415 0.495778 0.495653 0.494244 0.493181 0.492641 0.491782 0.492004 0.491395 0.490894 0.490638 0.490604 0.490744 0.490979 0.491237 0.491454 0.491563 0.491462 0.491160 0.490872 0.490794 0.490892 0.491097 0.491533 0.492471 0.493825 0.495236 0.495818 0.495435 0.494379 0.493344 0.492644 0.492573 0.493320 0.494403 0.495099 0.495239 0.494879 0.494395 0.493957 0.493735 0.493753 0.493888 0.493931 0.493630 0.493001 0.492334 0.491828 0.491582
-9999.0 -9999.0 -9999.0 -9999.0 -9999.0 -9999.0 -9999.0 -9999.0 -9999.0 -9999.0 -9999.0 -9999.0 0.494069 0.493652 0.494198 0.495416 0.496094 0.495240 0.494019 0.493185 0.493005 0.492505 0.492480 0.491745 0.491118 0.490772 0.490646 0.490674 0.490806 0.490985 0.491173 0.491350 0.491407 0.491216 0.490863 0.490558 0.490357 0.490297 0.490489 0.491105 0.492147 0.493541 0.494493 0.494717 0.494159 0.493370 0.492576 0.492577 0.493254 0.493990 0.494708 0.495339 0.495403 0.495071 0.494596 0.494267 0.494169 0.494241 0.494276 0.494021 0.493383 0.492646 0.492071 0.491784
-9999.0 -9999.0 -9999.0 -9999.0 -9999.0 -9999.0 -9999.0 -9999.0 -9999.0 -9999.0 -9999.0 0.494366 0.494437 0.494618 0.495512 0.496440 0.496122 0.494810 0.493746 0.493233 0.493306 0.492956 0.492987 0.492146 0.491334 0.490898 0.490782 0.490823 0.490904 0.490981 0.491084 0.491255 0.491439 0.491404 0.491079 0.490608 0.490157 0.489880 0.489878 0.490207 0.490883 0.491955 0.492907 0.493428 0.493302 0.492850 0.492283 0.491989 0.492220 0.492986 0.494280 0.494812 0.495360 0.495393 0.495105 0.494802 0.494619 0.494597 0.494615 0.494440 0.493865 0.493064 0.492384 0.492016
-9999.0 -9999.0 -9999.0 -9999.0 -9999.0 -9999.0 -9999.0 -9999.0 -9999.0 -9999.0 0.494967 0.494753 0.494763 0.495514 0.496526 0.496719 0.495821 0.494743 0.493737 0.493386 0.493594 0.493813 0.492768 0.492498 0.491484 0.490996 0.490919 0.491006 0.491087 0.491107 0.491140 0.491295 0.491559 0.491662 0.491406 0.490871 0.490272 0.489827 0.489664 0.489789 0.490220 0.490949 0.491679 0.492173 0.492323 0.492220 0.491931 0.491573 0.491435 0.491746 0.492795 0.494190 0.494701 0.495194 0.495228 0.495025 0.494843 0.494766 0.494780 0.494664 0.494223 0.493474 0.492770 0.492325
-9999.0 -9999.0 -9999.0 -9999.0 -9999.0 -9999.0 -9999.0 -9999.0 -9999.0 0.495927 0.495571 0.495118 0.495297 0.496188 0.496666 0.496379 0.495632 0.494950 0.494142 0.493744 0.493920 0.494215 0.493355 0.492698 0.491558 0.491048 0.490998 0.491134 0.491257 0.491256 0.491233 0.491367 0.491681 0.491899 0.491736 0.491212 0.490523 0.489928 0.489625 0.489622 0.489916 0.490440 0.491000 0.491430 0.491749 0.491866 0.491647 0.491181 0.490901 0.490947 0.491406 0.492558 0.494056 0.494572 0.495020 0.495008 0.494853 0.494722 0.494673 0.494544 0.494230 0.493698 0.493164 0.492767
-9999.0 -9999.0 -9999.0 -9999.0 -9999.0 -9999.0 -9999.0 -9999.0 0.495305 0.496152 0.496139 0.495984 0.496077 0.496269 0.496292 0.496110 0.495866 0.495182 0.494433 0.494016 0.494205 0.494484 0.493538 0.492786 0.491566 0.491014 0.490975 0.491165 0.491348 0.491389 0.491354 0.491443 0.491718 0.492008 0.491977 0.491518 0.490748 0.489993 0.489572 0.489505 0.489741 0.490187 0.490699 0.491145 0.491555 0.491714 0.491495 0.491056 0.490747 0.490583 0.490683 0.491205 0.492529 0.494151 0.494593 0.494849 0.494757 0.494598 0.494462 0.494246 0.493946 0.493674 0.493476 0.493320
-9999.0 -9999.0 -9999.0 -9999.0 -9999.0 -9999.0 -9999.0 0.493282 0.494799 0.496006 0.496857 0.497044 0.496581 0.496025 0.495926 0.495876 0.495760 0.495141 0.494517 0.494221 0.494430 0.494643 0.493683 0.492915 0.491541 0.490858 0.490810 0.491089 0.491359 0.491470 0.491456 0.491498 0.491687 0.491982 0.492102 0.491784 0.490986 0.490054 0.489494 0.489377 0.489586 0.490042 0.490606 0.491079 0.491415 0.491518 0.491408 0.491148 0.490895 0.490617 0.490424 0.490519 0.491198 0.492737 0.494176 0.494586 0.494687 0.494530 0.494259 0.493897 0.493554 0.493526 0.493678 0.493797
-9999.0 -9999.0 -9999.0 -9999.0 -9999.0 -9999.0 0.491321 0.492765 0.494179 0.495796 0.497333 0.497665 0.496977 0.496153 0.495894 0.495838 0.495563 0.495050 0.494349 0.494095 0.494402 0.494790 0.494450 0.492538 0.491651 0.490668 0.490492 0.490821 0.491220 0.491465 0.491538 0.491555 0.491626 0.491867 0.492160 0.492116 0.491398 0.490277 0.489506 0.489298 0.489460 0.489930 0.490555 0.490970 0.491123 0.491179 0.491268 0.491267 0.491153 0.490885 0.490503 0.490257 0.490501 0.491591 0.493363 0.494017 0.494452 0.494429 0.494090 0.493604 0.493271 0.493455 0.493818 0.494070
-9999.0 -9999.0 -9999.0 -9999.0 -9999.0 0.490441 0.491119 0.492207 0.493667 0.495576 0.497437 0.498021 0.497479 0.496537 0.496013 0.495893 0.495628 0.495057 0.494211 0.493925 0.494281 0.494875 0.494807 0.493286 0.491980 0.490606 0.490183 0.490428 0.490901 0.491290 0.491516 0.491596 0.491585 0.491713 0.492102 0.492419 0.492017 0.490830 0.489782 0.489386 0.489450 0.489897 0.490508 0.490781 0.490729 0.490726 0.490920 0.491146 0.491240 0.491106 0.490708 0.490328 0.490278 0.490823 0.492139 0.493633 0.494031 0.494272 0.493950 0.493378 0.493117 0.493380 0.493756 0.494006
-9999.0 -9999.0 -9999.0 -9999.0 -9999.0 0.490104 0.491030 0.491709 0.493051 0.494943 0.496703 0.497754 0.497755 0.497022 0.496298 0.496076 0.495841 0.495289 0.494262 0.493805 0.494098 0.494852 0.495111 0.493814 0.492547 0.490804 0.490051 0.490069 0.490482 0.490963 0.491373 0.491593 0.491553 0.491513 0.491863 0.492507 0.492663 0.491759 0.490547 0.489855 0.489712 0.490044 0.490511 0.490580 0.490381 0.490327 0.490525 0.490894 0.491152 0.491106 0.490772 0.490484 0.490374 0.490623 0.491284 0.492527 0.493853 0.493941 0.493737 0.493150 0.492889 0.493062 0.493354 0.493590
-9999.0 -9999.0 -9999.0 -9999.0 -9999.0 0.490632 0.490989 0.491245 0.492621 0.494263 0.495681 0.496990 0.497515 0.497131 0.496341 0.495923 0.495656 0.495065 0.494324 0.493851 0.494072 0.494788 0.495236 0.494285 0.493397 0.491506 0.490332 0.489974 0.490157 0.490601 0.491162 0.491598 0.491621 0.491376 0.491470 0.492182 0.492924 0.492734 0.491782 0.490868 0.490447 0.490556 0.490690 0.490489 0.490204 0.490119 0.490272 0.490677 0.490985 0.490917 0.490635 0.490494 0.490497 0.490609 0.490936 0.491609 0.492856 0.493628 0.493308 0.492805 0.492487 0.492494 0.492754 0.493168
-9999.0 -9999.0 -9999.0 -9999.0 -9999.0 0.490173 0.490568 0.491270 0.492772 0.493890 0.494617 0.495896 0.496988 0.497170 0.496513 0.495892 0.495422 0.494746 0.494005 0.493517 0.493780 0.494588 0.495364 0.495404 0.493726 0.492873 0.491280 0.490409 0.490223 0.490493 0.491093 0.491730 0.491890 0.491475 0.491152 0.491547 0.492489 0.493106 0.492863 0.492120 0.491586 0.491432 0.491129 0.490659 0.490296 0.490158 0.490250 0.490580 0.490804 0.490669 0.490394 0.490312 0.490418 0.490532 0.490695 0.491083 0.491949 0.492945 0.492606 0.492293 0.491988 0.491896 0.492143 0.492984
-9999.0 -9999.0 -9999.0 -9999.0 0.488968 0.489692 0.490903 0.491661 0.493362 0.494074 0.494298 0.495379 0.496697 0.497316 0.496928 0.496206 0.495472 0.494495 0.493313 0.492740 0.492859 0.493719 0.494876 0.495651 0.495514 0.493646 0.492914 0.491590 0.490959 0.490964 0.491436 0.492126 0.492415 0.491916 0.491115 0.490909 0.491517 0.492490 0.493023 0.492935 0.492719 0.492441 0.491801 0.491130 0.490655 0.490434 0.490423 0.490567 0.490635 0.490457 0.490191 0.490101 0.490225 0.490379 0.490504 0.490724 0.491181 0.491878 0.492202 0.491758 0.491657 0.491433 0.491406 0.491959
-9999.0 -9999.0 -9999.0 -9999.0 0.489552 0.489973 0.491163 0.492171 0.494060 0.494592 0.494566 0.495449 0.496858 0.497788 0.497707 0.497056 0.496253 0.495013 0.493323 0.492074 0.491601 0.492142 0.493360 0.494633 0.495354 0.495100 0.493398 0.493029 0.492179 0.491964 0.491873 0.492005 0.493003 0.492574 0.491457 0.490626 0.490651 0.491389 0.492306 0.492975 0.493303 0.493136 0.492473 0.491759 0.491216 0.490909 0.490728 0.490619 0.490510 0.490304 0.490051 0.489937 0.490037 0.490232 0.490403 0.490565 0.490809 0.491079 0.491425 0.491646 0.491796 0.492102 0.491341 -9999.0
