tests/3D/Muntatschini_ref_005/output-maps-SE27XX/thetaliqL0003N0001.asc
ncols         108
nrows         156
xllcorner     619971.250000
yllcorner     5169711.250000
cellsize      20.000000
NODATA_value  -9999.0
[rows 87 to 115 of 156, columns 0 to 63 of 108]
-9999.0 -9999.0 -9999.0 -9999.0 0.408715 0.409399 0.409741 0.411877 0.416451 0.417891 0.417444 0.418654 0.421798 0.424721 0.425510 0.424388 0.422928 0.420670 0.416724 0.412356 0.409346 0.408703 0.409956 0.412182 0.414327 0.415371 0.414994 0.413720 0.412420 0.411715 0.411752 0.412772 0.413889 0.413794 0.411647 0.409170 0.408222 0.408811 0.410563 0.412786 0.414268 0.414253 0.413231 0.412104 0.411261 0.410472 0.409576 0.408819 0.408354 0.407938 0.407467 0.407180 0.407298 0.407719 0.408212 0.408595 0.408901 0.409152 0.409342 0.409575 0.409738 -9999.0 -9999.0 -9999.0
-9999.0 -9999.0 -9999.0 -9999.0 0.410097 0.410414 0.410188 0.411901 0.416379 0.417759 0.416938 0.417536 0.420591 0.424398 0.426389 0.425885 0.424822 0.423541 0.420635 0.415831 0.410974 0.408606 0.408532 0.409669 0.410962 0.411560 0.411299 0.410614 0.410007 0.409824 0.410280 0.411525 0.413063 0.413775 0.412525 0.410087 0.408516 0.408379 0.409606 0.411853 0.413630 0.413851 0.413301 0.412845 0.412533 0.411623 0.410180 0.408982 0.408345 0.407940 0.407456 0.407047 0.407003 0.407362 0.407962 0.408510 0.408829 0.408968 0.409031 0.409114 -9999.0 -9999.0 -9999.0 -9999.0
-9999.0 -9999.0 -9999.0 -9999.0 0.411225 0.411075 0.410591 0.412010 0.416591 0.417895 0.416444 0.415984 0.418290 0.422497 0.425819 0.426563 0.426212 0.426236 0.424957 0.421050 0.415540 0.411353 0.409818 0.410026 0.410575 0.410358 0.409300 0.408130 0.407560 0.407733 0.408541 0.409780 0.411261 0.412298 0.412266 0.410598 0.409020 0.408569 0.409370 0.411345 0.413099 0.413298 0.412975 0.413111 0.413421 0.412722 0.410973 0.409361 0.408515 0.408112 0.407648 0.407108 0.406827 0.407004 0.407569 0.408247 0.408706 0.408889 0.408906 -9999.0 -9999.0 -9999.0 -9999.0 -9999.0
-9999.0 -9999.0 -9999.0 -9999.0 0.411424 0.410898 0.410844 0.412267 0.417046 0.418322 0.416475 0.415035 0.416057 0.419460 0.423403 0.426147 0.427130 0.427582 0.427556 0.425612 0.421215 0.416357 0.413463 0.412938 0.413264 0.412601 0.410490 0.408182 0.406996 0.407012 0.407813 0.408898 0.410031 0.411040 0.411182 0.410357 0.409158 0.408819 0.409616 0.411669 0.413402 0.413237 0.412624 0.413004 0.413942 0.413944 0.412254 0.410215 0.408942 0.408426 0.407985 0.407380 0.406890 0.406869 0.407292 0.407962 0.408502 0.408765 -9999.0 -9999.0 -9999.0 -9999.0 -9999.0 -9999.0
-9999.0 -9999.0 -9999.0 -9999.0 0.410578 0.410104 0.409243 0.412868 0.417719 0.418752 0.416621 0.414570 0.414434 0.416877 0.420283 0.423349 0.425427 0.426749 0.427651 0.427520 0.425130 0.421172 0.417852 0.416895 0.417653 0.417863 0.415740 0.412071 0.409331 0.408436 0.408786 0.409684 0.410578 0.411363 0.411336 0.410271 0.409515 0.409400 0.410475 0.412775 0.414249 0.413657 0.412872 0.413387 0.414687 0.415393 0.414114 0.411775 0.409914 0.409031 0.408537 0.407919 0.407282 0.407051 0.407427 0.407982 0.408238 -9999.0 -9999.0 -9999.0 -9999.0 -9999.0 -9999.0 -9999.0
-9999.0 -9999.0 -9999.0 -9999.0 0.409533 0.409409 0.409473 0.413663 0.418081 0.418938 0.417049 0.414940 0.414377 0.415190 0.417465 0.420012 0.421994 0.423288 0.424416 0.425479 0.425258 0.423213 0.420559 0.419476 0.420604 0.422395 0.422294 0.419448 0.415583 0.412993 0.412135 0.412536 0.413234 0.413791 0.413334 0.411858 0.410593 0.410452 0.411734 0.414220 0.415455 0.414823 0.414311 0.414685 0.415856 0.416729 0.416108 0.414099 0.411774 0.410267 0.409441 0.408768 0.408067 0.407565 0.407679 0.408488 -9999.0 -9999.0 -9999.0 -9999.0 -9999.0 -9999.0 -9999.0 -9999.0
-9999.0 -9999.0 -9999.0 -9999.0 0.408857 0.409164 0.410451 0.414987 0.418861 0.419222 0.417764 0.416141 0.414715 0.414794 0.416501 0.418648 0.419986 0.420172 0.420056 0.420549 0.421177 0.420924 0.419637 0.418638 0.419395 0.421778 0.423940 0.423837 0.421209 0.417949 0.415785 0.415225 0.415700 0.416473 0.416267 0.414774 0.413177 0.412703 0.413693 0.415885 0.416815 0.416433 0.415998 0.416223 0.417168 0.417880 0.417826 0.416370 0.414379 0.412419 0.411068 0.410124 0.409295 0.408480 0.407618 0.408859 -9999.0 -9999.0 -9999.0 -9999.0 -9999.0 -9999.0 -9999.0 -9999.0
-9999.0 -9999.0 -9999.0 -9999.0 0.407906 0.408536 0.411006 0.415448 0.419003 0.419985 0.419176 0.417391 0.415438 0.414856 0.416438 0.419178 0.420986 0.420597 0.418775 0.417214 0.416533 0.416351 0.415924 0.415225 0.415170 0.416504 0.419002 0.421179 0.421439 0.419746 0.417469 0.416021 0.415985 0.417010 0.417631 0.417035 0.415808 0.415300 0.416030 0.417697 0.418145 0.417639 0.417252 0.417361 0.417801 0.418218 0.418312 0.417754 0.416474 0.414965 0.413351 0.412100 0.411107 0.410008 0.408523 0.408135 -9999.0 -9999.0 -9999.0 -9999.0 -9999.0 -9999.0 -9999.0 -9999.0
-9999.0 -9999.0 -9999.0 -9999.0 -9999.0 0.408871 0.410763 0.414976 0.418365 0.419618 0.419406 0.418068 0.415987 0.414851 0.416107 0.419619 0.423195 0.424264 0.422208 0.418683 0.415566 0.413815 0.413045 0.412563 0.412093 0.412101 0.413208 0.415289 0.417351 0.418016 0.417141 0.415622 0.414883 0.415483 0.416519 0.417029 0.416876 0.417018 0.418066 0.419476 0.419581 0.418703 0.418035 0.418013 0.418237 0.418193 0.417864 0.417588 0.417233 0.416488 0.415460 0.414221 0.413147 0.412403 0.410526 0.408223 -9999.0 -9999.0 -9999.0 -9999.0 -9999.0 -9999.0 -9999.0 -9999.0
-9999.0 -9999.0 -9999.0 -9999.0 -9999.0 0.408722 0.410115 0.413833 0.417139 0.418624 0.418677 0.417739 0.415925 0.414490 0.414931 0.418228 0.423358 0.427428 0.427990 0.424952 0.420115 0.416000 0.413733 0.412847 0.412305 0.411598 0.411353 0.412025 0.413805 0.415660 0.416475 0.415881 0.414757 0.414334 0.414560 0.415153 0.415834 0.416928 0.418774 0.420427 0.420600 0.419539 0.418535 0.418175 0.418171 0.418096 0.417574 0.416989 0.416701 0.416607 0.415887 0.415733 0.414878 0.413841 0.414399 -9999.0 -9999.0 -9999.0 -9999.0 -9999.0 -9999.0 -9999.0 -9999.0 -9999.0
-9999.0 -9999.0 -9999.0 -9999.0 -9999.0 0.407552 0.409367 0.412991 0.415930 0.417555 0.417561 0.416643 0.415178 0.413785 0.413392 0.415372 0.420275 0.426462 0.430656 0.430761 0.427135 0.422083 0.418190 0.416338 0.415806 0.415105 0.414058 0.413234 0.413617 0.415138 0.416804 0.417478 0.416715 0.415378 0.414154 0.413641 0.414025 0.415196 0.417235 0.419125 0.419849 0.419504 0.418872 0.418223 0.417723 0.417661 0.417399 0.416757 0.416142 0.415719 0.415784 0.415666 0.416249 0.414652 0.415259 -9999.0 -9999.0 -9999.0 -9999.0 -9999.0 -9999.0 -9999.0 -9999.0 -9999.0
-9999.0 -9999.0 -9999.0 -9999.0 -9999.0 0.407296 0.408965 0.412308 0.415260 0.417030 0.416864 0.415570 0.414128 0.412948 0.412155 0.412702 0.415833 0.421720 0.428151 0.431844 0.431379 0.427710 0.423395 0.420502 0.419524 0.419104 0.418240 0.416955 0.416173 0.416738 0.418159 0.419654 0.419946 0.418749 0.416594 0.414646 0.413721 0.413644 0.414781 0.416379 0.417523 0.418282 0.418548 0.417884 0.416855 0.416679 0.417010 0.416895 0.416240 0.415587 0.415840 0.416014 0.415659 0.417110 -9999.0 -9999.0 -9999.0 -9999.0 -9999.0 -9999.0 -9999.0 -9999.0 -9999.0 -9999.0
-9999.0 -9999.0 -9999.0 -9999.0 -9999.0 0.407288 0.408861 0.411878 0.414833 0.416951 0.416937 0.415451 0.413717 0.412341 0.411459 0.411096 0.412418 0.416461 0.422760 0.428483 0.431041 0.429940 0.426680 0.423262 0.421048 0.420014 0.419333 0.418644 0.417875 0.417975 0.418847 0.420404 0.421793 0.422058 0.420865 0.418498 0.416030 0.414214 0.414138 0.414705 0.415329 0.416478 0.417823 0.417818 0.416502 0.415637 0.415956 0.416599 0.416268 0.416065 0.416309 0.417331 0.416004 0.417174 -9999.0 -9999.0 -9999.0 -9999.0 -9999.0 -9999.0 -9999.0 -9999.0 -9999.0 -9999.0
-9999.0 -9999.0 -9999.0 -9999.0 -9999.0 0.407380 0.408802 0.411511 0.414768 0.416952 0.417171 0.415471 0.413781 0.412582 0.411632 0.410460 0.410483 0.412615 0.417595 0.423775 0.428327 0.429561 0.428073 0.425101 0.421847 0.419363 0.417786 0.417096 0.416758 0.416839 0.417381 0.418615 0.420608 0.422660 0.423699 0.422612 0.419929 0.417569 0.416631 0.415632 0.414780 0.415165 0.416827 0.417774 0.416964 0.415642 0.415279 0.415618 0.416198 0.416494 0.416753 0.417965 0.420988 -9999.0 -9999.0 -9999.0 -9999.0 -9999.0 -9999.0 -9999.0 -9999.0 -9999.0 -9999.0 -9999.0
-9999.0 -9999.0 -9999.0 -9999.0 -9999.0 0.408060 0.408427 0.410933 0.414318 0.416853 0.417380 0.415917 0.414031 0.412958 0.411949 0.410749 0.409716 0.410342 0.413497 0.418806 0.424282 0.427451 0.428028 0.426639 0.423883 0.420483 0.417304 0.415257 0.414444 0.414257 0.414522 0.415297 0.417092 0.419911 0.422495 0.423438 0.422778 0.421933 0.420987 0.418861 0.416576 0.415506 0.416561 0.417998 0.417893 0.416266 0.414615 0.414708 0.415518 0.416198 0.416462 0.416526 0.420330 -9999.0 -9999.0 -9999.0 -9999.0 -9999.0 -9999.0 -9999.0 -9999.0 -9999.0 -9999.0 -9999.0
-9999.0 -9999.0 -9999.0 -9999.0 0.406505 0.407402 0.408007 0.410160 0.413534 0.416426 0.417455 0.416397 0.414541 0.413386 0.412394 0.411145 0.409845 0.409412 0.410597 0.414210 0.419189 0.423277 0.425554 0.426242 0.425476 0.422980 0.419236 0.415684 0.413585 0.412590 0.412316 0.412539 0.413631 0.415834 0.418336 0.420715 0.422726 0.424149 0.424604 0.423073 0.420266 0.417691 0.417386 0.418530 0.418900 0.416890 0.414560 0.413586 0.414106 0.415032 0.415551 0.415673 0.416244 -9999.0 -9999.0 -9999.0 -9999.0 -9999.0 -9999.0 -9999.0 -9999.0 -9999.0 -9999.0 -9999.0
-9999.0 -9999.0 -9999.0 -9999.0 0.406648 0.406795 0.407651 0.409383 0.412429 0.415794 0.417386 0.416915 0.415132 0.413647 0.412769 0.412006 0.410477 0.409133 0.409042 0.410730 0.414005 0.417998 0.421165 0.423412 0.424703 0.424196 0.421396 0.417384 0.414137 0.412272 0.411356 0.411024 0.411370 0.412321 0.413893 0.416560 0.419996 0.422967 0.425004 0.425119 0.423336 0.420606 0.419142 0.419391 0.419358 0.417792 0.414729 0.412509 0.412218 0.412955 0.413872 0.414147 0.414708 -9999.0 -9999.0 -9999.0 -9999.0 -9999.0 -9999.0 -9999.0 -9999.0 -9999.0 -9999.0 -9999.0
-9999.0 -9999.0 -9999.0 0.406264 0.406790 0.406836 0.407415 0.408736 0.411238 0.414606 0.417281 0.417594 0.416084 0.414402 0.413503 0.412682 0.411304 0.409343 0.408219 0.408518 0.410359 0.413218 0.416499 0.419503 0.421954 0.423207 0.422122 0.418964 0.415374 0.412805 0.411311 0.410557 0.410323 0.410222 0.410933 0.412942 0.416118 0.419410 0.422260 0.423841 0.423679 0.422077 0.420356 0.419978 0.419958 0.418874 0.415623 0.412202 0.410642 0.410728 0.411486 0.411507 0.411809 -9999.0 -9999.0 -9999.0 -9999.0 -9999.0 -9999.0 -9999.0 -9999.0 -9999.0 -9999.0 -9999.0
-9999.0 -9999.0 -9999.0 0.406369 0.406385 0.406758 0.407187 0.408166 0.410106 0.413109 0.416271 0.417736 0.417205 0.415686 0.414374 0.413188 0.411712 0.409474 0.407816 0.407325 0.408026 0.409888 0.412397 0.415578 0.418672 0.421095 0.421558 0.419764 0.416693 0.413877 0.412098 0.411147 0.410501 0.409745 0.409742 0.410771 0.412914 0.415647 0.418274 0.420317 0.421302 0.421010 0.419912 0.419183 0.419698 0.419592 0.417276 0.413445 0.410536 0.409466 0.409435 0.408804 0.409579 -9999.0 -9999.0 -9999.0 -9999.0 -9999.0 -9999.0 -9999.0 -9999.0 -9999.0 -9999.0 -9999.0
-9999.0 -9999.0 0.405905 0.406512 0.406510 0.406632 0.406923 0.407624 0.409052 0.411479 0.414495 0.416670 0.417377 0.416571 0.415244 0.413799 0.411943 0.409704 0.407756 0.406819 0.406787 0.407566 0.409263 0.411720 0.414960 0.418252 0.420268 0.420135 0.418037 0.415316 0.413427 0.412454 0.411710 0.410861 0.410314 0.410444 0.411511 0.413382 0.415330 0.417135 0.418432 0.418833 0.417943 0.417508 0.417925 0.418806 0.418397 0.415719 0.412243 0.410254 0.408926 0.408571 -9999.0 -9999.0 -9999.0 -9999.0 -9999.0 -9999.0 -9999.0 -9999.0 -9999.0 -9999.0 -9999.0 -9999.0
-9999.0 -9999.0 0.405999 0.406403 0.406566 0.406584 0.406734 0.407199 0.408164 0.409871 0.412201 0.414566 0.416262 0.416702 0.416626 0.415586 0.413290 0.410378 0.407964 0.406722 0.406289 0.406422 0.407147 0.408804 0.411225 0.414557 0.417565 0.419085 0.418562 0.416651 0.414872 0.413898 0.413332 0.412885 0.412205 0.411720 0.411917 0.412911 0.414274 0.415839 0.417226 0.417506 0.416986 0.415846 0.415388 0.416286 0.417500 0.417087 0.414571 0.412101 0.411554 -9999.0 -9999.0 -9999.0 -9999.0 -9999.0 -9999.0 -9999.0 -9999.0 -9999.0 -9999.0 -9999.0 -9999.0 -9999.0
-9999.0 -9999.0 0.406394 0.406565 0.406465 0.406492 0.406591 0.406888 0.407538 0.408697 0.410369 0.412261 0.414339 0.416256 0.418037 0.418061 0.415640 0.411999 0.408877 0.407198 0.406426 0.406171 0.406316 0.407034 0.408522 0.410867 0.413533 0.415930 0.416831 0.416082 0.414759 0.413928 0.413811 0.414105 0.413924 0.413421 0.413269 0.413786 0.414871 0.416409 0.417704 0.418535 0.417573 0.415338 0.413642 0.413552 0.414830 0.415953 0.415295 0.412332 0.412854 -9999.0 -9999.0 -9999.0 -9999.0 -9999.0 -9999.0 -9999.0 -9999.0 -9999.0 -9999.0 -9999.0 -9999.0 -9999.0
-9999.0 -9999.0 0.406616 0.406263 0.406308 0.406331 0.406431 0.406636 0.407090 0.407927 0.409277 0.410949 0.413044 0.415438 0.418356 0.420022 0.418916 0.415441 0.411608 0.409166 0.407768 0.406878 0.406443 0.406511 0.407065 0.408156 0.409829 0.411603 0.413104 0.413409 0.412838 0.412314 0.412540 0.413260 0.413653 0.413510 0.413535 0.414174 0.415429 0.416974 0.419368 0.420965 0.420185 0.417295 0.414360 0.412745 0.412633 0.413362 0.414075 0.412614 0.410715 -9999.0 -9999.0 -9999.0 -9999.0 -9999.0 -9999.0 -9999.0 -9999.0 -9999.0 -9999.0 -9999.0 -9999.0 -9999.0
-9999.0 0.405563 0.406082 0.406107 0.406149 0.406175 0.406265 0.406408 0.406722 0.407366 0.408546 0.410181 0.412146 0.414609 0.417627 0.420769 0.421867 0.419996 0.416430 0.413301 0.410725 0.409116 0.407684 0.406920 0.406796 0.407073 0.407609 0.408494 0.409299 0.409916 0.409969 0.409909 0.410423 0.410963 0.411492 0.411354 0.411298 0.412105 0.413717 0.416300 0.419673 0.422476 0.423004 0.420955 0.417946 0.415247 0.413374 0.412234 0.411949 0.413548 -9999.0 -9999.0 -9999.0 -9999.0 -9999.0 -9999.0 -9999.0 -9999.0 -9999.0 -9999.0 -9999.0 -9999.0 -9999.0 -9999.0
-9999.0 0.405752 0.405879 0.406090 0.406117 0.406155 0.406224 0.406284 0.406410 0.406825 0.407754 0.409300 0.411183 0.413387 0.416277 0.419711 0.422668 0.423061 0.420815 0.417559 0.414717 0.412580 0.410329 0.408559 0.407572 0.407155 0.407039 0.407266 0.407742 0.407866 0.407954 0.408018 0.408588 0.409224 0.409809 0.409501 0.408908 0.409160 0.410464 0.413091 0.416922 0.420921 0.423545 0.423644 0.422010 0.419666 0.417143 0.414336 0.411128 0.412271 -9999.0 -9999.0 -9999.0 -9999.0 -9999.0 -9999.0 -9999.0 -9999.0 -9999.0 -9999.0 -9999.0 -9999.0 -9999.0 -9999.0
-9999.0 0.405874 0.406076 0.406139 0.406199 0.406282 0.406350 0.406327 0.406262 0.406399 0.406940 0.408067 0.409652 0.411555 0.413900 0.417113 0.420505 0.422771 0.422373 0.420186 0.417831 0.415783 0.413632 0.411503 0.409655 0.408385 0.407699 0.407842 0.407948 0.407729 0.407546 0.407369 0.407625 0.408395 0.408812 0.408764 0.407947 0.407478 0.407872 0.409407 0.412109 0.415666 0.419266 0.421512 0.422155 0.421664 0.420299 0.417462 0.412935 0.410715 -9999.0 -9999.0 -9999.0 -9999.0 -9999.0 -9999.0 -9999.0 -9999.0 -9999.0 -9999.0 -9999.0 -9999.0 -9999.0 -9999.0
-9999.0 0.406011 0.406133 0.406245 0.406317 0.406469 0.406605 0.406554 0.406323 0.406212 0.406407 0.407021 0.408051 0.409414 0.411162 0.413540 0.416652 0.419470 0.421005 0.420654 0.419181 0.417813 0.416599 0.415247 0.413635 0.412312 0.411454 0.410853 0.410318 0.409657 0.408776 0.407846 0.407335 0.407557 0.408099 0.408819 0.408519 0.407713 0.407291 0.407591 0.408686 0.410416 0.412872 0.414741 0.416279 0.417315 0.417740 0.416551 0.412957 0.410771 -9999.0 -9999.0 -9999.0 -9999.0 -9999.0 -9999.0 -9999.0 -9999.0 -9999.0 -9999.0 -9999.0 -9999.0 -9999.0 -9999.0
-9999.0 0.406044 0.406194 0.406307 0.406396 0.406600 0.406849 0.406876 0.406588 0.406284 0.406218 0.406452 0.406982 0.407762 0.408889 0.410518 0.412931 0.415832 0.418490 0.419502 0.419062 0.418402 0.417910 0.417396 0.416761 0.416114 0.415396 0.414502 0.413786 0.412971 0.411650 0.409674 0.407923 0.407340 0.408057 0.409176 0.410073 0.409720 0.408761 0.407774 0.408180 0.409716 0.409089 0.410539 0.412109 0.413618 0.414839 0.413793 0.413245 -9999.0 -9999.0 -9999.0 -9999.0 -9999.0 -9999.0 -9999.0 -9999.0 -9999.0 -9999.0 -9999.0 -9999.0 -9999.0 -9999.0 -9999.0
-9999.0 0.406118 0.406275 0.406366 0.406482 0.406740 0.407079 0.407229 0.407002 0.406596 0.406327 0.406315 0.406544 0.406964 0.407662 0.408830 0.410825 0.413706 0.416284 0.417902 0.418155 0.417847 0.417552 0.417457 0.417419 0.416987 0.416217 0.415442 0.415143 0.414950 0.414135 0.412058 0.409472 0.408006 0.408136 0.409595 0.411235 0.412326 0.411702 0.409994 0.408045 -9999.0 -9999.0 -9999.0 -9999.0 -9999.0 -9999.0 -9999.0 -9999.0 -9999.0 -9999.0 -9999.0 -9999.0 -9999.0 -9999.0 -9999.0 -9999.0 -9999.0 -9999.0 -9999.0 -9999.0 -9999.0 -9999.0 -9999.0
