tests/3D/Muntatschini_ref_005/output-maps-SE27XX/thetaliqL0006N0009.asc
ncols         108
nrows         156
xllcorner     619971.250000
yllcorner     5169711.250000
cellsize      20.000000
NODATA_value  -9999.0
[rows 58 to 86 of 156, columns 0 to 63 of 108]
-9999.0 -9999.0 -9999.0 -9999.0 -9999.0 -9999.0 -9999.0 -9999.0 -9999.0 -9999.0 -9999.0 -9999.0 -9999.0 -9999.0 -9999.0 -9999.0 -9999.0 -9999.0 -9999.0 -9999.0 -9999.0 -9999.0 -9999.0 -9999.0 -9999.0 -9999.0 -9999.0 -9999.0 -9999.0 -9999.0 -9999.0 -9999.0 -9999.0 -9999.0 -9999.0 -9999.0 0.416044 0.415416 0.414386 0.414013 0.413737 0.413968 0.414820 0.417451 0.419311 0.421182 0.422577 0.423299 0.423294 0.422813 0.421994 0.421103 0.420169 0.419395 0.418944 0.418895 0.419199 0.420243 0.420781 0.420953 0.420507 0.419696 0.418866 0.418276
-9999.0 -9999.0 -9999.0 -9999.0 -9999.0 -9999.0 -9999.0 -9999.0 -9999.0 -9999.0 -9999.0 -9999.0 -9999.0 -9999.0 -9999.0 -9999.0 -9999.0 -9999.0 -9999.0 -9999.0 -9999.0 -9999.0 -9999.0 -9999.0 -9999.0 -9999.0 -9999.0 -9999.0 -9999.0 -9999.0 -9999.0 -9999.0 -9999.0 -9999.0 -9999.0 0.418050 0.417759 0.415695 0.415004 0.414324 0.413774 0.413761 0.414424 0.415949 0.418990 0.420827 0.421986 0.422425 0.422374 0.422146 0.421684 0.421146 0.420495 0.419835 0.419256 0.418885 0.418881 0.419391 0.420619 0.421152 0.420956 0.420179 0.419259 0.418505
-9999.0 -9999.0 -9999.0 -9999.0 -9999.0 -9999.0 -9999.0 -9999.0 -9999.0 -9999.0 -9999.0 -9999.0 -9999.0 -9999.0 -9999.0 -9999.0 -9999.0 -9999.0 -9999.0 -9999.0 -9999.0 -9999.0 -9999.0 -9999.0 -9999.0 -9999.0 -9999.0 -9999.0 -9999.0 -9999.0 -9999.0 -9999.0 0.413912 0.416919 0.419538 0.419204 0.418338 0.416673 0.415798 0.414844 0.414208 0.414016 0.414423 0.415493 0.417528 0.420706 0.421908 0.422218 0.421999 0.421710 0.421328 0.420975 0.420568 0.420104 0.419583 0.419070 0.418776 0.419002 0.419745 0.421004 0.421214 0.420752 0.419954 0.419173
-9999.0 -9999.0 -9999.0 -9999.0 -9999.0 -9999.0 -9999.0 -9999.0 -9999.0 -9999.0 -9999.0 -9999.0 -9999.0 -9999.0 -9999.0 -9999.0 -9999.0 -9999.0 -9999.0 -9999.0 -9999.0 -9999.0 -9999.0 -9999.0 -9999.0 -9999.0 -9999.0 -9999.0 -9999.0 -9999.0 0.416086 0.417010 0.415878 0.416738 0.418239 0.419212 0.418024 0.417479 0.416394 0.415203 0.414400 0.414142 0.414203 0.414928 0.416690 0.420067 0.421601 0.422249 0.422161 0.421775 0.421295 0.420889 0.420570 0.420221 0.419792 0.419217 0.418709 0.418610 0.419117 0.419896 0.420893 0.420908 0.420530 0.419964
-9999.0 -9999.0 -9999.0 -9999.0 -9999.0 -9999.0 -9999.0 -9999.0 -9999.0 -9999.0 -9999.0 -9999.0 -9999.0 -9999.0 -9999.0 -9999.0 -9999.0 -9999.0 -9999.0 -9999.0 -9999.0 -9999.0 -9999.0 -9999.0 -9999.0 -9999.0 -9999.0 -9999.0 -9999.0 0.414267 0.414224 0.416070 0.416997 0.417145 0.418794 0.418401 0.418766 0.418335 0.416964 0.415359 0.414192 0.413692 0.413625 0.414130 0.415464 0.417612 0.420546 0.421746 0.422210 0.422105 0.421679 0.421102 0.420581 0.420144 0.419794 0.419303 0.418743 0.418387 0.418554 0.419069 0.419622 0.420488 0.420638 0.420464
-9999.0 -9999.0 -9999.0 -9999.0 -9999.0 -9999.0 -9999.0 -9999.0 -9999.0 -9999.0 -9999.0 -9999.0 -9999.0 -9999.0 -9999.0 -9999.0 -9999.0 -9999.0 -9999.0 -9999.0 -9999.0 -9999.0 -9999.0 -9999.0 -9999.0 0.413584 0.413572 0.414295 0.414877 0.414550 0.415292 0.416501 0.417310 0.417767 0.418282 0.418889 0.419412 0.419142 0.417657 0.415572 0.413965 0.413212 0.413093 0.413459 0.414404 0.416034 0.419006 0.420542 0.421599 0.422054 0.422050 0.421535 0.420800 0.420100 0.419664 0.419264 0.418780 0.418357 0.418257 0.418447 0.418773 0.419225 0.420189 0.420433
-9999.0 -9999.0 -9999.0 -9999.0 -9999.0 -9999.0 -9999.0 -9999.0 -9999.0 -9999.0 -9999.0 -9999.0 -9999.0 -9999.0 -9999.0 -9999.0 -9999.0 -9999.0 -9999.0 -9999.0 -9999.0 -9999.0 -9999.0 0.418365 0.418071 0.415753 0.414400 0.413996 0.414590 0.415098 0.415795 0.416796 0.417548 0.417982 0.418485 0.419205 0.419916 0.419937 0.418639 0.416317 0.414277 0.413148 0.412866 0.413081 0.413726 0.414869 0.416536 0.419174 0.420542 0.421539 0.422112 0.421906 0.421089 0.420174 0.419636 0.419331 0.418936 0.418497 0.418197 0.418116 0.418166 0.418453 0.419452 0.419930
-9999.0 -9999.0 -9999.0 -9999.0 -9999.0 -9999.0 -9999.0 -9999.0 -9999.0 -9999.0 -9999.0 -9999.0 -9999.0 -9999.0 -9999.0 -9999.0 -9999.0 -9999.0 -9999.0 -9999.0 -9999.0 0.424140 0.424551 0.419701 0.418449 0.417537 0.416311 0.415867 0.415810 0.415844 0.416165 0.416703 0.417281 0.417787 0.418430 0.419306 0.420357 0.420667 0.419811 0.417630 0.415254 0.413610 0.412943 0.412938 0.413389 0.414262 0.415612 0.418173 0.419556 0.420823 0.421830 0.422031 0.421329 0.420413 0.419792 0.419485 0.419124 0.418700 0.418298 0.417988 0.417779 0.417808 0.418182 0.419195
-9999.0 -9999.0 -9999.0 -9999.0 -9999.0 -9999.0 -9999.0 -9999.0 -9999.0 -9999.0 -9999.0 -9999.0 -9999.0 -9999.0 -9999.0 -9999.0 -9999.0 -9999.0 -9999.0 -9999.0 0.424877 0.422928 0.423843 0.423874 0.421090 0.419683 0.418397 0.417409 0.416799 0.416346 0.416121 0.416199 0.416537 0.417204 0.418005 0.419053 0.420218 0.421001 0.420894 0.419344 0.416885 0.414584 0.413253 0.412864 0.413137 0.413935 0.415177 0.416724 0.419263 0.420583 0.421588 0.421809 0.421301 0.420684 0.420211 0.419874 0.419444 0.418937 0.418450 0.417962 0.417557 0.417345 0.417524 0.417990
-9999.0 -9999.0 -9999.0 -9999.0 -9999.0 -9999.0 -9999.0 -9999.0 -9999.0 -9999.0 -9999.0 -9999.0 -9999.0 -9999.0 -9999.0 -9999.0 -9999.0 -9999.0 0.425677 0.426726 0.426145 0.424634 0.424244 0.424279 0.423988 0.421787 0.420416 0.418817 0.417548 0.416650 0.416034 0.415795 0.415890 0.416475 0.417399 0.418491 0.419675 0.420788 0.421486 0.420948 0.418907 0.416155 0.413936 0.412914 0.412914 0.413657 0.414998 0.416702 0.419501 0.420832 0.421614 0.421709 0.421338 0.420906 0.420565 0.420300 0.419968 0.419500 0.418956 0.418259 0.417586 0.417105 0.417087 0.417460
-9999.0 -9999.0 -9999.0 -9999.0 -9999.0 -9999.0 -9999.0 -9999.0 -9999.0 -9999.0 -9999.0 -9999.0 -9999.0 -9999.0 -9999.0 -9999.0 0.421451 0.423515 0.423458 0.424398 0.424965 0.423951 0.422947 0.422692 0.423263 0.423521 0.422951 0.421536 0.420031 0.417388 0.416577 0.415909 0.415699 0.416162 0.417049 0.418042 0.419108 0.420321 0.421581 0.422086 0.420944 0.418224 0.415268 0.413431 0.412978 0.413516 0.414862 0.416813 0.420039 0.421373 0.421854 0.421715 0.421361 0.421002 0.420731 0.420640 0.420635 0.420428 0.419909 0.419022 0.418044 0.417249 0.416958 0.417167
-9999.0 -9999.0 -9999.0 -9999.0 -9999.0 -9999.0 -9999.0 -9999.0 -9999.0 -9999.0 -9999.0 -9999.0 -9999.0 -9999.0 -9999.0 0.418169 0.418330 0.421783 0.423637 0.423974 0.423703 0.422472 0.420843 0.419959 0.420400 0.421500 0.422134 0.421780 0.420839 0.418405 0.417461 0.416522 0.415998 0.416230 0.417043 0.417976 0.418923 0.419995 0.421428 0.422662 0.422695 0.420740 0.417614 0.414954 0.413818 0.413900 0.414967 0.416873 0.419436 0.422047 0.422349 0.422042 0.421570 0.421095 0.420733 0.420829 0.421231 0.421429 0.421071 0.420074 0.418806 0.417670 0.417072 0.417081
-9999.0 -9999.0 -9999.0 -9999.0 -9999.0 -9999.0 -9999.0 -9999.0 -9999.0 -9999.0 -9999.0 -9999.0 -9999.0 -9999.0 -9999.0 0.420833 0.420185 0.422365 0.423255 0.423256 0.422598 0.421104 0.417753 0.416341 0.416184 0.417078 0.419880 0.420491 0.419067 0.418761 0.418123 0.417176 0.416420 0.416304 0.416911 0.417763 0.418726 0.419744 0.421225 0.422906 0.424150 0.423466 0.420930 0.417785 0.415755 0.415117 0.415602 0.417221 0.419872 0.422837 0.423066 0.422561 0.421893 0.421340 0.420928 0.421014 0.421521 0.421987 0.421904 0.420977 0.419573 0.418201 0.417327 0.417107
-9999.0 -9999.0 -9999.0 -9999.0 -9999.0 -9999.0 -9999.0 -9999.0 -9999.0 -9999.0 -9999.0 -9999.0 -9999.0 -9999.0 -9999.0 0.425350 0.423147 0.424446 0.424233 0.422684 0.421120 0.418297 0.416903 0.415572 0.414930 0.415197 0.416147 0.417163 0.417760 0.418082 0.417948 0.417353 0.416556 0.416113 0.416350 0.417071 0.418036 0.419045 0.420522 0.422658 0.425035 0.425877 0.424386 0.421344 0.418604 0.417086 0.416780 0.417892 0.420434 0.423738 0.424170 0.423546 0.422524 0.421758 0.421273 0.421218 0.421606 0.422084 0.422196 0.421439 0.420064 0.418613 0.417590 0.417205
-9999.0 -9999.0 -9999.0 -9999.0 -9999.0 -9999.0 -9999.0 -9999.0 -9999.0 -9999.0 -9999.0 -9999.0 -9999.0 -9999.0 0.421653 0.423483 0.425641 0.426669 0.424798 0.422062 0.419842 0.417874 0.416794 0.415567 0.414689 0.414470 0.414842 0.415573 0.416290 0.416863 0.417164 0.417036 0.416462 0.415803 0.415574 0.415939 0.416706 0.417601 0.418940 0.421273 0.424331 0.426553 0.426398 0.424116 0.421219 0.419112 0.418036 0.418555 0.421582 0.424145 0.425119 0.424736 0.423605 0.422593 0.421867 0.421555 0.421761 0.422193 0.422370 0.421702 0.420352 0.418946 0.417885 0.417398
-9999.0 -9999.0 -9999.0 -9999.0 -9999.0 -9999.0 -9999.0 -9999.0 -9999.0 -9999.0 -9999.0 -9999.0 -9999.0 0.421604 0.421639 0.424228 0.427411 0.427476 0.424600 0.421347 0.420081 0.419230 0.417238 0.416005 0.415001 0.414509 0.414467 0.414771 0.415265 0.415807 0.416265 0.416484 0.416269 0.415650 0.415076 0.414930 0.415144 0.415586 0.416542 0.418565 0.421531 0.424625 0.425845 0.424951 0.422648 0.420466 0.418896 0.419660 0.421274 0.423666 0.425301 0.425691 0.424948 0.423846 0.422851 0.422313 0.422339 0.422644 0.422759 0.422149 0.420802 0.419369 0.418286 0.417762
-9999.0 -9999.0 -9999.0 -9999.0 -9999.0 -9999.0 -9999.0 -9999.0 -9999.0 -9999.0 -9999.0 -9999.0 0.424063 0.422934 0.423912 0.426601 0.428360 0.426731 0.423167 0.421241 0.420746 0.420327 0.418251 0.416722 0.415440 0.414760 0.414527 0.414601 0.414889 0.415271 0.415674 0.416031 0.416149 0.415755 0.415034 0.414415 0.414028 0.413930 0.414374 0.415715 0.417961 0.420962 0.423010 0.423456 0.422247 0.420558 0.418893 0.418504 0.420370 0.422320 0.424395 0.425831 0.426033 0.425297 0.424251 0.423511 0.423287 0.423435 0.423516 0.422994 0.421626 0.420045 0.418813 0.418191
-9999.0 -9999.0 -9999.0 -9999.0 -9999.0 -9999.0 -9999.0 -9999.0 -9999.0 -9999.0 -9999.0 0.424773 0.424535 0.424860 0.426637 0.428987 0.428551 0.425815 0.422528 0.421288 0.421329 0.421285 0.419349 0.417552 0.415858 0.414987 0.414769 0.414884 0.415067 0.415239 0.415471 0.415824 0.416198 0.416125 0.415453 0.414497 0.413596 0.413060 0.413105 0.413845 0.415305 0.417586 0.419613 0.420712 0.420437 0.419475 0.418288 0.417674 0.417965 0.419369 0.422476 0.424574 0.425832 0.425933 0.425341 0.424676 0.424289 0.424213 0.424249 0.423873 0.422657 0.420949 0.419500 0.418702
-9999.0 -9999.0 -9999.0 -9999.0 -9999.0 -9999.0 -9999.0 -9999.0 -9999.0 -9999.0 0.426054 0.425295 0.425089 0.426611 0.429061 0.429845 0.428051 0.424839 0.422535 0.421601 0.421890 0.422388 0.421431 0.418286 0.416169 0.415173 0.415038 0.415242 0.415426 0.415480 0.415558 0.415883 0.416431 0.416640 0.416102 0.415015 0.413806 0.412929 0.412646 0.412960 0.413906 0.415463 0.417017 0.418047 0.418354 0.418136 0.417534 0.416781 0.416503 0.417175 0.418988 0.422244 0.424306 0.425451 0.425605 0.425168 0.424757 0.424550 0.424558 0.424316 0.423400 0.421821 0.420333 0.419367
-9999.0 -9999.0 -9999.0 -9999.0 -9999.0 -9999.0 -9999.0 -9999.0 -9999.0 0.428153 0.427130 0.426031 0.426177 0.428323 0.429655 0.429213 0.427582 0.425181 0.423318 0.422306 0.422575 0.423263 0.422304 0.418702 0.416307 0.415267 0.415190 0.415487 0.415760 0.415775 0.415735 0.416026 0.416672 0.417116 0.416770 0.415688 0.414291 0.413115 0.412548 0.412599 0.413251 0.414367 0.415551 0.416464 0.417123 0.417361 0.416882 0.415913 0.415361 0.415501 0.416483 0.418531 0.421978 0.424050 0.425104 0.425109 0.424764 0.424453 0.424326 0.424052 0.423394 0.422286 0.421157 0.420311
-9999.0 -9999.0 -9999.0 -9999.0 -9999.0 -9999.0 -9999.0 -9999.0 0.426748 0.428280 0.428257 0.427794 0.428142 0.428735 0.428900 0.428518 0.427129 0.425581 0.423878 0.422869 0.423207 0.423907 0.422762 0.418878 0.416314 0.415196 0.415141 0.415550 0.415941 0.416038 0.415983 0.416177 0.416743 0.417338 0.417262 0.416309 0.414740 0.413235 0.412421 0.412337 0.412867 0.413811 0.414903 0.415836 0.416684 0.416992 0.416516 0.415615 0.414996 0.414700 0.414959 0.416089 0.418496 0.422196 0.424141 0.424764 0.424568 0.424197 0.423885 0.423425 0.422785 0.422214 0.421791 0.421467
-9999.0 -9999.0 -9999.0 -9999.0 -9999.0 -9999.0 -9999.0 0.422403 0.425228 0.427762 0.429692 0.430394 0.429607 0.428385 0.428060 0.427862 0.426755 0.425371 0.423976 0.423333 0.423787 0.424350 0.423118 0.419152 0.416252 0.414872 0.414803 0.415389 0.415958 0.416205 0.416185 0.416280 0.416678 0.417284 0.417526 0.416854 0.415219 0.413345 0.412246 0.412053 0.412522 0.413487 0.414672 0.415653 0.416328 0.416517 0.416281 0.415755 0.415257 0.414728 0.414378 0.414613 0.416073 0.418920 0.422596 0.424119 0.424393 0.424071 0.423484 0.422715 0.421981 0.421896 0.422206 0.422427
-9999.0 -9999.0 -9999.0 -9999.0 -9999.0 -9999.0 0.418394 0.420931 0.423858 0.427183 0.430871 0.431929 0.430506 0.428580 0.427826 0.427655 0.427067 0.425237 0.423718 0.423157 0.423760 0.424634 0.423948 0.420964 0.416484 0.414479 0.414148 0.414834 0.415674 0.416190 0.416349 0.416396 0.416554 0.417047 0.417653 0.417548 0.416054 0.413775 0.412251 0.411874 0.412240 0.413226 0.414530 0.415386 0.415681 0.415784 0.415962 0.415971 0.415753 0.415226 0.414488 0.414021 0.414577 0.416684 0.420566 0.422854 0.423888 0.423876 0.423162 0.422129 0.421414 0.421738 0.422470 0.422949
-9999.0 -9999.0 -9999.0 -9999.0 -9999.0 0.413952 0.417468 0.419733 0.422540 0.426731 0.431125 0.432735 0.431607 0.429439 0.428132 0.427860 0.427322 0.425380 0.423499 0.422806 0.423471 0.424749 0.424665 0.422161 0.417177 0.414338 0.413507 0.414028 0.415019 0.415827 0.416295 0.416475 0.416464 0.416724 0.417520 0.418176 0.417324 0.414885 0.412781 0.412032 0.412199 0.413133 0.414402 0.414959 0.414851 0.414840 0.415231 0.415712 0.415908 0.415641 0.414861 0.414107 0.414060 0.415244 0.417609 0.421147 0.422930 0.423519 0.422869 0.421662 0.421082 0.421534 0.422256 0.422734
-9999.0 -9999.0 -9999.0 -9999.0 -9999.0 0.416193 0.417372 0.418540 0.421273 0.425442 0.429402 0.431879 0.431979 0.430391 0.428737 0.428232 0.427782 0.425896 0.423664 0.422543 0.423028 0.424614 0.425298 0.423396 0.418368 0.414730 0.413217 0.413298 0.414153 0.415143 0.415995 0.416464 0.416387 0.416302 0.417020 0.418352 0.418675 0.416783 0.414313 0.412958 0.412701 0.413406 0.414376 0.414521 0.414115 0.414013 0.414423 0.415199 0.415724 0.415605 0.414932 0.414366 0.414169 0.414744 0.416117 0.418310 0.421581 0.422745 0.422387 0.421165 0.420554 0.420778 0.421310 0.421778
-9999.0 -9999.0 -9999.0 -9999.0 -9999.0 0.416703 0.417203 0.417597 0.420378 0.423984 0.427071 0.430042 0.431407 0.430676 0.428925 0.427918 0.427342 0.426097 0.423701 0.422582 0.423017 0.424563 0.425665 0.424520 0.420148 0.416155 0.413779 0.413087 0.413479 0.414389 0.415550 0.416465 0.416511 0.416009 0.416202 0.417674 0.419220 0.418813 0.416851 0.415013 0.414178 0.414427 0.414715 0.414306 0.413734 0.413583 0.413903 0.414749 0.415364 0.415186 0.414610 0.414324 0.414355 0.414634 0.415306 0.416700 0.418890 0.421467 0.421411 0.420382 0.419622 0.419509 0.419953 0.420870
-9999.0 -9999.0 -9999.0 -9999.0 -9999.0 0.415631 0.416285 0.417656 0.420888 0.423489 0.425006 0.427696 0.430202 0.430724 0.429317 0.427855 0.426803 0.425327 0.422950 0.421823 0.422359 0.424104 0.425897 0.426096 0.423743 0.419003 0.415702 0.413954 0.413597 0.414158 0.415403 0.416726 0.417063 0.416201 0.415538 0.416353 0.418327 0.419633 0.419162 0.417628 0.416533 0.416219 0.415590 0.414630 0.413911 0.413647 0.413858 0.414540 0.414969 0.414661 0.414086 0.413924 0.414154 0.414412 0.414747 0.415545 0.417096 0.419683 0.419867 0.419226 0.418523 0.418136 0.418641 0.420337
-9999.0 -9999.0 -9999.0 -9999.0 0.413802 0.414722 0.416938 0.418518 0.422323 0.424097 0.424525 0.426713 0.429645 0.431115 0.430346 0.428695 0.427068 0.424905 0.422332 0.420156 0.420329 0.422134 0.424683 0.426461 0.426291 0.423538 0.419108 0.416362 0.415092 0.415120 0.416102 0.417542 0.418150 0.417109 0.415463 0.415056 0.416329 0.418403 0.419588 0.419422 0.418935 0.418326 0.416973 0.415588 0.414630 0.414205 0.414200 0.414495 0.414607 0.414192 0.413612 0.413444 0.413705 0.414042 0.414305 0.414760 0.415692 0.416732 0.418241 0.418052 0.417701 0.417182 0.416984 0.418341
-9999.0 -9999.0 -9999.0 -9999.0 0.414856 0.415499 0.417337 0.419537 0.423821 0.425225 0.425099 0.426831 0.429937 0.432111 0.432055 0.430606 0.428871 0.426210 0.422567 0.418924 0.417723 0.418692 0.421218 0.423992 0.425680 0.425305 0.422956 0.419424 0.417656 0.417108 0.418575 0.419636 0.419391 0.418482 0.416168 0.414479 0.414570 0.416144 0.418124 0.419562 0.420226 0.419809 0.418390 0.416897 0.415791 0.415183 0.414816 0.414574 0.414308 0.413838 0.413312 0.413070 0.413292 0.413694 0.414049 0.414378 0.414871 0.415374 0.415605 0.416984 0.417521 0.418053 0.417285 -9999.0
