tests/3D/Muntatschini_ref_005/output-maps-SE27XX/thetaliqL0011N0008.asc
ncols         108
nrows         156
xllcorner     619971.250000
yllcorner     5169711.250000
cellsize      20.000000
NODATA_value  -9999.0
[rows 87 to 115 of 156, columns 0 to 63 of 108]
-9999.0 -9999.0 -9999.0 -9999.0 0.448751 0.449032 0.449808 0.451672 0.455359 0.456457 0.456157 0.457257 0.459836 0.462142 0.462702 0.461795 0.460623 0.458784 0.455563 0.451738 0.449317 0.448896 0.450039 0.451933 0.453686 0.454474 0.454075 0.452712 0.451639 0.451088 0.451395 0.452245 0.452663 0.453299 0.451484 0.449360 0.448518 0.449011 0.450513 0.452396 0.453641 0.453637 0.452796 0.451864 0.451165 0.450502 0.449742 0.449101 0.448706 0.448347 0.447931 0.447671 0.447759 0.448111 0.448524 0.448840 0.449089 0.449299 0.449447 0.449678 0.449920 -9999.0 -9999.0 -9999.0
-9999.0 -9999.0 -9999.0 -9999.0 0.449890 0.449906 0.450214 0.451730 0.455355 0.456396 0.455774 0.456371 0.458920 0.461945 0.463442 0.463001 0.462162 0.461113 0.458732 0.454544 0.450588 0.448692 0.448728 0.449745 0.450852 0.451343 0.451102 0.450507 0.449988 0.449851 0.450241 0.451267 0.452226 0.453294 0.452230 0.450145 0.448765 0.448633 0.449695 0.451612 0.453111 0.453306 0.452859 0.452495 0.452246 0.451491 0.450283 0.449270 0.448730 0.448379 0.447954 0.447585 0.447530 0.447826 0.448335 0.448792 0.449052 0.449158 0.449189 0.449312 -9999.0 -9999.0 -9999.0 -9999.0
-9999.0 -9999.0 -9999.0 -9999.0 0.450844 0.450497 0.450561 0.451833 0.455522 0.456469 0.455302 0.455040 0.457048 0.460470 0.463044 0.463573 0.463302 0.463036 0.461968 0.458784 0.454331 0.450938 0.449734 0.449941 0.450398 0.450206 0.449320 0.448345 0.447883 0.448047 0.448736 0.449770 0.450977 0.451391 0.452024 0.450587 0.449207 0.448799 0.449496 0.451188 0.452667 0.452843 0.452590 0.452726 0.453004 0.452438 0.450980 0.449623 0.448906 0.448561 0.448151 0.447666 0.447405 0.447542 0.448018 0.448592 0.448968 0.449107 0.449137 -9999.0 -9999.0 -9999.0 -9999.0 -9999.0
-9999.0 -9999.0 -9999.0 -9999.0 0.451053 0.450417 0.450788 0.452047 0.455884 0.456802 0.455296 0.454209 0.455181 0.458039 0.461203 0.463062 0.463831 0.464175 0.464111 0.462494 0.458955 0.455045 0.452745 0.452339 0.452583 0.451960 0.450167 0.448239 0.447286 0.447344 0.448050 0.448957 0.449907 0.450735 0.450473 0.450391 0.449332 0.449020 0.449715 0.451466 0.452920 0.452792 0.452300 0.452644 0.453454 0.453479 0.452082 0.450374 0.449298 0.448857 0.448472 0.447935 0.447489 0.447445 0.447807 0.448357 0.448829 0.449016 -9999.0 -9999.0 -9999.0 -9999.0 -9999.0 -9999.0
-9999.0 -9999.0 -9999.0 -9999.0 0.450384 0.449788 0.449406 0.452503 0.456367 0.457090 0.455358 0.453764 0.453780 0.455632 0.458458 0.460924 0.462591 0.463618 0.464302 0.464120 0.462164 0.458989 0.456347 0.455610 0.456201 0.456270 0.454455 0.451397 0.449155 0.448456 0.448798 0.449556 0.450311 0.450974 0.450916 0.449703 0.449635 0.449517 0.450454 0.452400 0.453631 0.453152 0.452514 0.452970 0.454082 0.454695 0.453656 0.451712 0.450148 0.449400 0.448972 0.448429 0.447861 0.447622 0.447885 0.448523 0.448560 -9999.0 -9999.0 -9999.0 -9999.0 -9999.0 -9999.0 -9999.0
-9999.0 -9999.0 -9999.0 -9999.0 0.449600 0.449382 0.449571 0.453100 0.456618 0.457233 0.455720 0.454073 0.453430 0.454200 0.456144 0.458265 0.459897 0.460942 0.461864 0.462666 0.462405 0.460711 0.458588 0.457761 0.458688 0.460045 0.459843 0.457473 0.454346 0.452271 0.451607 0.451957 0.452536 0.452982 0.452549 0.451273 0.450050 0.450019 0.451176 0.453176 0.454102 0.453319 0.453710 0.454050 0.455201 0.455361 0.454436 0.453667 0.451731 0.450463 0.449763 0.449184 0.448570 0.448119 0.448096 0.449012 -9999.0 -9999.0 -9999.0 -9999.0 -9999.0 -9999.0 -9999.0 -9999.0
-9999.0 -9999.0 -9999.0 -9999.0 0.448923 0.448993 0.450286 0.453878 0.456952 0.457464 0.456317 0.454788 0.453690 0.453844 0.455311 0.457087 0.458187 0.458368 0.458346 0.458787 0.459276 0.459018 0.457943 0.457171 0.457833 0.459743 0.461367 0.461150 0.458989 0.456359 0.454625 0.454213 0.454621 0.455236 0.454972 0.453681 0.452368 0.452074 0.452974 0.454711 0.455404 0.455071 0.454541 0.454544 0.456280 0.456563 0.456311 0.454656 0.453916 0.452285 0.451153 0.450352 0.449646 0.448951 0.448331 0.448717 -9999.0 -9999.0 -9999.0 -9999.0 -9999.0 -9999.0 -9999.0 -9999.0
-9999.0 -9999.0 -9999.0 -9999.0 0.448166 0.448636 0.450667 0.454377 0.457097 0.457879 0.457248 0.455826 0.454270 0.453882 0.455258 0.457494 0.458905 0.458562 0.457138 0.455951 0.455476 0.455352 0.454996 0.454429 0.454427 0.455561 0.457586 0.459252 0.459365 0.457930 0.456074 0.454930 0.454929 0.455756 0.456150 0.455588 0.454568 0.454249 0.454889 0.456191 0.456497 0.456094 0.455853 0.455984 0.456099 0.456711 0.456765 0.456274 0.454758 0.454403 0.453066 0.452017 0.451180 0.450303 0.449027 0.448238 -9999.0 -9999.0 -9999.0 -9999.0 -9999.0 -9999.0 -9999.0 -9999.0
-9999.0 -9999.0 -9999.0 -9999.0 -9999.0 0.449246 0.450309 0.454007 0.456628 0.457648 0.457487 0.456400 0.454721 0.453871 0.454998 0.457884 0.460676 0.461410 0.459733 0.456931 0.454487 0.453135 0.452561 0.452177 0.451800 0.451833 0.452794 0.454516 0.456150 0.456607 0.455834 0.454586 0.454003 0.454515 0.455292 0.455651 0.455495 0.455689 0.456545 0.457631 0.457664 0.456985 0.456526 0.456531 0.456707 0.456659 0.456401 0.456191 0.455885 0.454801 0.454806 0.453781 0.452880 0.452221 0.450975 0.448526 -9999.0 -9999.0 -9999.0 -9999.0 -9999.0 -9999.0 -9999.0 -9999.0
-9999.0 -9999.0 -9999.0 -9999.0 -9999.0 0.448887 0.449903 0.453159 0.455654 0.456868 0.456922 0.456159 0.454690 0.453575 0.454034 0.456808 0.460914 0.464017 0.464322 0.461852 0.458005 0.454738 0.452958 0.452265 0.451819 0.451237 0.451076 0.451693 0.453202 0.454687 0.455303 0.454762 0.453833 0.453500 0.453665 0.454154 0.454700 0.455674 0.457158 0.458440 0.458531 0.457700 0.456944 0.456662 0.456662 0.456577 0.456149 0.455696 0.455479 0.455399 0.454594 0.455010 0.454342 0.453389 0.453860 -9999.0 -9999.0 -9999.0 -9999.0 -9999.0 -9999.0 -9999.0 -9999.0 -9999.0
-9999.0 -9999.0 -9999.0 -9999.0 -9999.0 0.447945 0.449128 0.452494 0.454819 0.455998 0.456013 0.455289 0.454103 0.452995 0.452728 0.454468 0.458528 0.463433 0.466560 0.466481 0.463571 0.459592 0.456525 0.455073 0.454650 0.454061 0.453208 0.452544 0.452917 0.454185 0.455531 0.456018 0.455351 0.454264 0.453246 0.452856 0.453194 0.454275 0.455959 0.457482 0.458018 0.457731 0.457216 0.456664 0.456263 0.456211 0.455999 0.455487 0.455004 0.454908 0.454950 0.454422 0.455360 0.454590 0.454419 -9999.0 -9999.0 -9999.0 -9999.0 -9999.0 -9999.0 -9999.0 -9999.0 -9999.0
-9999.0 -9999.0 -9999.0 -9999.0 -9999.0 0.447745 0.448799 0.451835 0.454253 0.455552 0.455422 0.454491 0.453335 0.452298 0.451657 0.452204 0.454901 0.459756 0.464792 0.467501 0.466986 0.464067 0.460687 0.458435 0.457704 0.457360 0.456651 0.455571 0.454960 0.455445 0.456626 0.457804 0.457978 0.456966 0.455159 0.453583 0.452883 0.452979 0.453976 0.455283 0.456181 0.456774 0.456950 0.456375 0.455552 0.455441 0.455708 0.455590 0.455044 0.454764 0.454976 0.455168 0.454451 0.455524 -9999.0 -9999.0 -9999.0 -9999.0 -9999.0 -9999.0 -9999.0 -9999.0 -9999.0 -9999.0
-9999.0 -9999.0 -9999.0 -9999.0 -9999.0 0.447775 0.448726 0.451475 0.454010 0.455507 0.455166 0.454660 0.453360 0.451988 0.451142 0.450805 0.452000 0.455446 0.460562 0.465002 0.466867 0.465899 0.463322 0.460653 0.458959 0.458163 0.457606 0.456997 0.456367 0.456465 0.457196 0.458451 0.459510 0.459638 0.458582 0.456670 0.454733 0.453395 0.453357 0.453823 0.454323 0.455295 0.456351 0.456285 0.455205 0.454544 0.454843 0.455357 0.455289 0.455120 0.455322 0.456142 0.455622 0.456094 -9999.0 -9999.0 -9999.0 -9999.0 -9999.0 -9999.0 -9999.0 -9999.0 -9999.0 -9999.0
-9999.0 -9999.0 -9999.0 -9999.0 -9999.0 0.448026 0.448608 0.451071 0.454113 0.455677 0.455649 0.453839 0.453216 0.452313 0.451594 0.450403 0.450294 0.452178 0.456353 0.461315 0.464802 0.465657 0.464437 0.462103 0.459569 0.457619 0.456366 0.455794 0.455509 0.455590 0.456046 0.457055 0.458635 0.460194 0.460929 0.460039 0.457933 0.456079 0.455269 0.454429 0.453755 0.454156 0.455526 0.456259 0.455573 0.454526 0.454274 0.454805 0.455237 0.455470 0.455677 0.456568 0.459166 -9999.0 -9999.0 -9999.0 -9999.0 -9999.0 -9999.0 -9999.0 -9999.0 -9999.0 -9999.0 -9999.0
-9999.0 -9999.0 -9999.0 -9999.0 -9999.0 0.448162 0.448529 0.450622 0.453671 0.455607 0.455835 0.454636 0.452733 0.452543 0.451691 0.450823 0.449740 0.450264 0.452905 0.457306 0.461662 0.464072 0.464468 0.463334 0.461135 0.458418 0.455866 0.454233 0.453603 0.453483 0.453706 0.454331 0.455783 0.458041 0.460106 0.460856 0.460298 0.459559 0.458706 0.456971 0.455154 0.454375 0.455292 0.456454 0.456331 0.455010 0.453949 0.454043 0.454693 0.455241 0.455430 0.455551 0.457786 -9999.0 -9999.0 -9999.0 -9999.0 -9999.0 -9999.0 -9999.0 -9999.0 -9999.0 -9999.0 -9999.0
-9999.0 -9999.0 -9999.0 -9999.0 0.447004 0.447250 0.448163 0.450000 0.453026 0.455387 0.455925 0.455061 0.453345 0.452909 0.452077 0.451004 0.449954 0.449618 0.450581 0.453627 0.457599 0.460833 0.462601 0.463098 0.462427 0.460382 0.457359 0.454506 0.452835 0.452050 0.451825 0.451983 0.452887 0.454746 0.456846 0.458787 0.460330 0.461376 0.461641 0.460362 0.458115 0.456093 0.455939 0.456918 0.457191 0.455781 0.453880 0.453107 0.453552 0.454316 0.454679 0.454666 0.454765 -9999.0 -9999.0 -9999.0 -9999.0 -9999.0 -9999.0 -9999.0 -9999.0 -9999.0 -9999.0 -9999.0
-9999.0 -9999.0 -9999.0 -9999.0 0.447045 0.447099 0.447795 0.449341 0.451957 0.455074 0.456197 0.455509 0.454050 0.452657 0.451746 0.451740 0.450420 0.449241 0.449230 0.450776 0.453550 0.456613 0.459151 0.460914 0.461881 0.461386 0.459092 0.455864 0.453264 0.451745 0.450970 0.450659 0.450950 0.451822 0.453213 0.455443 0.458184 0.460514 0.462077 0.462080 0.460609 0.458437 0.457363 0.457636 0.457851 0.456512 0.453994 0.452192 0.451987 0.452619 0.453310 0.453432 0.453535 -9999.0 -9999.0 -9999.0 -9999.0 -9999.0 -9999.0 -9999.0 -9999.0 -9999.0 -9999.0 -9999.0
-9999.0 -9999.0 -9999.0 0.446779 0.446820 0.447148 0.447627 0.448784 0.450950 0.453814 0.456347 0.456215 0.454783 0.453441 0.452730 0.451693 0.451144 0.449450 0.448457 0.448697 0.450469 0.452845 0.455357 0.457774 0.459731 0.460669 0.459724 0.457148 0.454241 0.452128 0.450873 0.450219 0.450047 0.450032 0.450695 0.452407 0.455034 0.457710 0.459978 0.461159 0.460964 0.459674 0.458378 0.458141 0.458360 0.457394 0.454700 0.451897 0.450650 0.450756 0.451376 0.451304 0.451046 -9999.0 -9999.0 -9999.0 -9999.0 -9999.0 -9999.0 -9999.0 -9999.0 -9999.0 -9999.0 -9999.0
-9999.0 -9999.0 -9999.0 0.446803 0.446768 0.447025 0.447433 0.448296 0.449985 0.452555 0.455380 0.456345 0.455713 0.454512 0.453498 0.452340 0.451517 0.449599 0.448142 0.447690 0.448279 0.450060 0.452137 0.454584 0.457107 0.459021 0.459310 0.457809 0.455294 0.452977 0.451492 0.450686 0.450181 0.449580 0.449613 0.450511 0.452351 0.454621 0.456760 0.458377 0.459156 0.458919 0.458077 0.457770 0.458170 0.458002 0.456048 0.452879 0.450479 0.449659 0.449631 0.449291 0.449758 -9999.0 -9999.0 -9999.0 -9999.0 -9999.0 -9999.0 -9999.0 -9999.0 -9999.0 -9999.0 -9999.0
-9999.0 -9999.0 0.446460 0.446706 0.446880 0.446946 0.447203 0.447828 0.449080 0.451173 0.453875 0.455643 0.456063 0.455308 0.454266 0.453086 0.451142 0.449815 0.448118 0.447275 0.447223 0.447892 0.449525 0.451568 0.454103 0.456760 0.458311 0.458114 0.456360 0.454118 0.452566 0.451776 0.451203 0.450480 0.450023 0.450144 0.451081 0.452656 0.454266 0.455769 0.456858 0.457197 0.456746 0.456397 0.456751 0.457424 0.457010 0.454745 0.451857 0.450211 0.449495 0.448852 -9999.0 -9999.0 -9999.0 -9999.0 -9999.0 -9999.0 -9999.0 -9999.0 -9999.0 -9999.0 -9999.0 -9999.0
-9999.0 -9999.0 0.446645 0.446743 0.446876 0.446913 0.447049 0.447462 0.448312 0.449796 0.451797 0.453934 0.455529 0.455630 0.455402 0.454487 0.452296 0.450399 0.448319 0.447217 0.446814 0.446913 0.447542 0.449145 0.451161 0.453858 0.456173 0.457332 0.456829 0.455229 0.453778 0.453000 0.452571 0.452162 0.451570 0.451161 0.451346 0.452186 0.453339 0.454675 0.455845 0.456335 0.455888 0.454960 0.454635 0.455401 0.456349 0.455929 0.453813 0.451650 0.451484 -9999.0 -9999.0 -9999.0 -9999.0 -9999.0 -9999.0 -9999.0 -9999.0 -9999.0 -9999.0 -9999.0 -9999.0 -9999.0
-9999.0 -9999.0 0.447047 0.446852 0.446827 0.446847 0.446937 0.447199 0.447772 0.448787 0.450235 0.451862 0.453786 0.455273 0.456520 0.456427 0.454125 0.451796 0.449140 0.447672 0.446976 0.446726 0.446838 0.447463 0.448818 0.450980 0.453128 0.454851 0.455506 0.454837 0.453749 0.453098 0.453034 0.453230 0.453035 0.452583 0.452453 0.452883 0.453804 0.455118 0.456445 0.457081 0.456249 0.454433 0.453104 0.453100 0.454197 0.455086 0.454512 0.452084 0.451379 -9999.0 -9999.0 -9999.0 -9999.0 -9999.0 -9999.0 -9999.0 -9999.0 -9999.0 -9999.0 -9999.0 -9999.0 -9999.0
-9999.0 -9999.0 0.446948 0.446762 0.446722 0.446732 0.446816 0.446992 0.447388 0.448123 0.449299 0.450745 0.452683 0.454655 0.456777 0.458034 0.456770 0.454696 0.451489 0.449405 0.448189 0.447397 0.446989 0.447028 0.447508 0.448459 0.450092 0.451492 0.452526 0.452728 0.452227 0.451811 0.452024 0.452593 0.452878 0.452709 0.452716 0.453240 0.454307 0.455874 0.457804 0.458997 0.458272 0.455904 0.453555 0.452300 0.452311 0.452952 0.453480 0.452567 0.450681 -9999.0 -9999.0 -9999.0 -9999.0 -9999.0 -9999.0 -9999.0 -9999.0 -9999.0 -9999.0 -9999.0 -9999.0 -9999.0
-9999.0 0.446174 0.446487 0.446619 0.446609 0.446616 0.446689 0.446807 0.447076 0.447641 0.448674 0.450089 0.451778 0.454123 0.456502 0.458706 0.459184 0.458438 0.455516 0.452999 0.450231 0.449371 0.448117 0.447424 0.447297 0.447527 0.447997 0.448921 0.449496 0.449871 0.449899 0.449854 0.450299 0.450982 0.451382 0.451213 0.451169 0.451854 0.453228 0.455377 0.458074 0.460223 0.460528 0.458832 0.456426 0.454266 0.452795 0.451896 0.451587 0.452943 -9999.0 -9999.0 -9999.0 -9999.0 -9999.0 -9999.0 -9999.0 -9999.0 -9999.0 -9999.0 -9999.0 -9999.0 -9999.0 -9999.0
-9999.0 0.446193 0.446401 0.446557 0.446589 0.446618 0.446671 0.446714 0.446815 0.447177 0.447994 0.449336 0.450956 0.452835 0.455557 0.458254 0.460256 0.460163 0.458399 0.455849 0.453602 0.452336 0.450422 0.448888 0.448011 0.447629 0.447517 0.447714 0.448244 0.448148 0.448160 0.448232 0.448731 0.449494 0.449940 0.449626 0.449140 0.449400 0.450558 0.452793 0.455930 0.459081 0.461055 0.461033 0.459685 0.457814 0.455801 0.453498 0.450907 0.451025 -9999.0 -9999.0 -9999.0 -9999.0 -9999.0 -9999.0 -9999.0 -9999.0 -9999.0 -9999.0 -9999.0 -9999.0 -9999.0 -9999.0
-9999.0 0.446360 0.446529 0.446604 0.446663 0.446742 0.446801 0.446771 0.446700 0.446815 0.447292 0.448279 0.449651 0.451280 0.453271 0.456262 0.458951 0.460408 0.460076 0.458304 0.456375 0.454453 0.452696 0.450944 0.449406 0.448334 0.447640 0.448236 0.448392 0.447983 0.447770 0.447630 0.447863 0.448508 0.449076 0.448976 0.448266 0.447899 0.448293 0.449651 0.451960 0.454882 0.457755 0.459465 0.459935 0.459511 0.458402 0.456031 0.452236 0.449902 -9999.0 -9999.0 -9999.0 -9999.0 -9999.0 -9999.0 -9999.0 -9999.0 -9999.0 -9999.0 -9999.0 -9999.0 -9999.0 -9999.0
-9999.0 0.446486 0.446586 0.446706 0.446773 0.446919 0.447044 0.446992 0.446775 0.446667 0.446835 0.447376 0.448276 0.449452 0.450948 0.452965 0.455889 0.458013 0.459069 0.458693 0.457454 0.456322 0.455330 0.454191 0.452816 0.451704 0.450995 0.450386 0.449963 0.449530 0.448767 0.447965 0.447535 0.447749 0.448467 0.449039 0.448731 0.448032 0.447664 0.447931 0.448998 0.450602 0.452338 0.454100 0.455356 0.456212 0.456520 0.455392 0.452337 0.450663 -9999.0 -9999.0 -9999.0 -9999.0 -9999.0 -9999.0 -9999.0 -9999.0 -9999.0 -9999.0 -9999.0 -9999.0 -9999.0 -9999.0
-9999.0 0.446508 0.446634 0.446759 0.446844 0.447041 0.447269 0.447291 0.447030 0.446751 0.446685 0.446887 0.447350 0.448027 0.449001 0.450402 0.452591 0.455120 0.457005 0.457738 0.457353 0.456827 0.456433 0.455978 0.455426 0.454905 0.454351 0.453659 0.453068 0.452361 0.451206 0.449496 0.448001 0.447546 0.448200 0.449405 0.450099 0.449735 0.448853 0.447975 0.448061 0.449430 0.450123 0.451012 0.452308 0.453581 0.454594 0.453652 0.452603 -9999.0 -9999.0 -9999.0 -9999.0 -9999.0 -9999.0 -9999.0 -9999.0 -9999.0 -9999.0 -9999.0 -9999.0 -9999.0 -9999.0 -9999.0
-9999.0 0.446564 0.446692 0.446810 0.446920 0.447167 0.447477 0.447611 0.447411 0.447048 0.446803 0.446783 0.446976 0.447335 0.447939 0.448952 0.450669 0.453367 0.455257 0.456399 0.456616 0.456385 0.456153 0.456059 0.456033 0.455720 0.455144 0.454529 0.454264 0.454053 0.453306 0.451508 0.449316 0.448104 0.448268 0.449539 0.451160 0.451986 0.451357 0.449834 0.448335 -9999.0 -9999.0 -9999.0 -9999.0 -9999.0 -9999.0 -9999.0 -9999.0 -9999.0 -9999.0 -9999.0 -9999.0 -9999.0 -9999.0 -9999.0 -9999.0 -9999.0 -9999.0 -9999.0 -9999.0 -9999.0 -9999.0 -9999.0
