tests/3D/Muntatschini_ref_005/output-maps-SE27XX/thetaliqL0009N0012.asc
ncols         108
nrows         156
xllcorner     619971.250000
yllcorner     5169711.250000
cellsize      20.000000
NODATA_value  -9999.0
[rows 58 to 86 of 156, columns 0 to 63 of 108]
-9999.0 -9999.0 -9999.0 -9999.0 -9999.0 -9999.0 -9999.0 -9999.0 -9999.0 -9999.0 -9999.0 -9999.0 -9999.0 -9999.0 -9999.0 -9999.0 -9999.0 -9999.0 -9999.0 -9999.0 -9999.0 -9999.0 -9999.0 -9999.0 -9999.0 -9999.0 -9999.0 -9999.0 -9999.0 -9999.0 -9999.0 -9999.0 -9999.0 -9999.0 -9999.0 -9999.0 0.433021 0.432264 0.433074 0.432631 0.432332 0.432456 0.433223 0.434262 0.435837 0.437551 0.438824 0.439474 0.439464 0.439021 0.438265 0.437449 0.436591 0.435885 0.435474 0.435425 0.435709 0.436368 0.436862 0.437008 0.436586 0.435835 0.435073 0.434537
-9999.0 -9999.0 -9999.0 -9999.0 -9999.0 -9999.0 -9999.0 -9999.0 -9999.0 -9999.0 -9999.0 -9999.0 -9999.0 -9999.0 -9999.0 -9999.0 -9999.0 -9999.0 -9999.0 -9999.0 -9999.0 -9999.0 -9999.0 -9999.0 -9999.0 -9999.0 -9999.0 -9999.0 -9999.0 -9999.0 -9999.0 -9999.0 -9999.0 -9999.0 -9999.0 0.434785 0.434346 0.434210 0.433531 0.432867 0.432327 0.432231 0.432751 0.434149 0.435695 0.437219 0.438265 0.438657 0.438617 0.438413 0.437991 0.437499 0.436894 0.436284 0.435743 0.435403 0.435411 0.435892 0.436720 0.437197 0.436998 0.436276 0.435430 0.434742
-9999.0 -9999.0 -9999.0 -9999.0 -9999.0 -9999.0 -9999.0 -9999.0 -9999.0 -9999.0 -9999.0 -9999.0 -9999.0 -9999.0 -9999.0 -9999.0 -9999.0 -9999.0 -9999.0 -9999.0 -9999.0 -9999.0 -9999.0 -9999.0 -9999.0 -9999.0 -9999.0 -9999.0 -9999.0 -9999.0 -9999.0 -9999.0 0.432909 0.433806 0.435983 0.435759 0.434912 0.435010 0.434219 0.433324 0.432678 0.432441 0.432705 0.433640 0.435586 0.437203 0.438185 0.438461 0.438265 0.438012 0.437662 0.437340 0.436957 0.436529 0.436044 0.435577 0.435316 0.435542 0.436229 0.437073 0.437244 0.436806 0.436066 0.435349
-9999.0 -9999.0 -9999.0 -9999.0 -9999.0 -9999.0 -9999.0 -9999.0 -9999.0 -9999.0 -9999.0 -9999.0 -9999.0 -9999.0 -9999.0 -9999.0 -9999.0 -9999.0 -9999.0 -9999.0 -9999.0 -9999.0 -9999.0 -9999.0 -9999.0 -9999.0 -9999.0 -9999.0 -9999.0 -9999.0 0.434838 0.435716 0.434686 0.433639 0.434905 0.435717 0.436300 0.435733 0.434737 0.433624 0.432830 0.432486 0.432491 0.433118 0.434756 0.436703 0.437916 0.438498 0.438411 0.438060 0.437616 0.437250 0.436955 0.436640 0.436242 0.435718 0.435256 0.435177 0.435654 0.436365 0.436962 0.436964 0.436605 0.436081
-9999.0 -9999.0 -9999.0 -9999.0 -9999.0 -9999.0 -9999.0 -9999.0 -9999.0 -9999.0 -9999.0 -9999.0 -9999.0 -9999.0 -9999.0 -9999.0 -9999.0 -9999.0 -9999.0 -9999.0 -9999.0 -9999.0 -9999.0 -9999.0 -9999.0 -9999.0 -9999.0 -9999.0 -9999.0 0.433238 0.433139 0.434680 0.435432 0.435639 0.435411 0.436620 0.436856 0.436466 0.435228 0.433705 0.432586 0.432070 0.431955 0.432377 0.433566 0.435642 0.437067 0.438059 0.438463 0.438355 0.437958 0.437440 0.436971 0.436583 0.436260 0.435804 0.435286 0.434963 0.435128 0.435602 0.436106 0.436587 0.436715 0.436544
-9999.0 -9999.0 -9999.0 -9999.0 -9999.0 -9999.0 -9999.0 -9999.0 -9999.0 -9999.0 -9999.0 -9999.0 -9999.0 -9999.0 -9999.0 -9999.0 -9999.0 -9999.0 -9999.0 -9999.0 -9999.0 -9999.0 -9999.0 -9999.0 -9999.0 0.432587 0.432565 0.433242 0.433805 0.433319 0.433885 0.434879 0.435595 0.435931 0.436428 0.436909 0.437398 0.437126 0.435801 0.433887 0.432385 0.431640 0.431474 0.431775 0.432614 0.434149 0.435708 0.436962 0.437908 0.438318 0.438316 0.437849 0.437175 0.436536 0.436134 0.435764 0.435316 0.434930 0.434844 0.435020 0.435321 0.435738 0.436315 0.436530
-9999.0 -9999.0 -9999.0 -9999.0 -9999.0 -9999.0 -9999.0 -9999.0 -9999.0 -9999.0 -9999.0 -9999.0 -9999.0 -9999.0 -9999.0 -9999.0 -9999.0 -9999.0 -9999.0 -9999.0 -9999.0 -9999.0 -9999.0 0.436893 0.436697 0.434568 0.433337 0.432965 0.433278 0.433649 0.434215 0.435061 0.435707 0.436062 0.436504 0.437144 0.437825 0.437819 0.436680 0.434573 0.432680 0.431594 0.431287 0.431456 0.432026 0.433051 0.434672 0.435786 0.436951 0.437872 0.438397 0.438194 0.437432 0.436591 0.436104 0.435824 0.435458 0.435055 0.434781 0.434707 0.434756 0.435027 0.435641 0.436077
-9999.0 -9999.0 -9999.0 -9999.0 -9999.0 -9999.0 -9999.0 -9999.0 -9999.0 -9999.0 -9999.0 -9999.0 -9999.0 -9999.0 -9999.0 -9999.0 -9999.0 -9999.0 -9999.0 -9999.0 -9999.0 0.440097 0.439970 0.438136 0.436876 0.436067 0.434941 0.434431 0.434271 0.434256 0.434469 0.434912 0.435420 0.435852 0.436425 0.437207 0.438130 0.438461 0.437737 0.435772 0.433587 0.432035 0.431389 0.431357 0.431744 0.432526 0.433793 0.434916 0.436054 0.437229 0.438146 0.438302 0.437639 0.436797 0.436241 0.435967 0.435634 0.435245 0.434871 0.434588 0.434398 0.434434 0.434784 0.435409
-9999.0 -9999.0 -9999.0 -9999.0 -9999.0 -9999.0 -9999.0 -9999.0 -9999.0 -9999.0 -9999.0 -9999.0 -9999.0 -9999.0 -9999.0 -9999.0 -9999.0 -9999.0 -9999.0 -9999.0 0.440652 0.438789 0.439655 0.439356 0.439068 0.437811 0.436596 0.435657 0.435054 0.434605 0.434371 0.434426 0.434728 0.435252 0.435962 0.436898 0.437973 0.438730 0.438702 0.437328 0.435080 0.432953 0.431704 0.431318 0.431543 0.432248 0.433359 0.434855 0.435866 0.436995 0.437901 0.438083 0.437613 0.437057 0.436632 0.436324 0.435923 0.435458 0.435011 0.434566 0.434193 0.434002 0.434175 0.434609
-9999.0 -9999.0 -9999.0 -9999.0 -9999.0 -9999.0 -9999.0 -9999.0 -9999.0 -9999.0 -9999.0 -9999.0 -9999.0 -9999.0 -9999.0 -9999.0 -9999.0 -9999.0 0.441523 0.442124 0.441748 0.440397 0.440037 0.440052 0.439460 0.439579 0.438322 0.436852 0.435680 0.434854 0.434279 0.433998 0.434063 0.434575 0.435400 0.436384 0.437476 0.438515 0.439194 0.438753 0.436926 0.434410 0.432357 0.431390 0.431355 0.432006 0.433211 0.434797 0.436086 0.437210 0.437913 0.437993 0.437656 0.437272 0.436958 0.436711 0.436398 0.435972 0.435472 0.434829 0.434209 0.433774 0.433770 0.434121
-9999.0 -9999.0 -9999.0 -9999.0 -9999.0 -9999.0 -9999.0 -9999.0 -9999.0 -9999.0 -9999.0 -9999.0 -9999.0 -9999.0 -9999.0 -9999.0 0.437609 0.439243 0.439273 0.440215 0.440736 0.439787 0.438858 0.438627 0.439148 0.439188 0.438662 0.437370 0.435911 0.435521 0.434723 0.434104 0.433899 0.434295 0.435110 0.436004 0.436965 0.438062 0.439233 0.439738 0.438768 0.436319 0.433600 0.431890 0.431435 0.431887 0.433095 0.434907 0.436671 0.437699 0.438129 0.438004 0.437689 0.437362 0.437107 0.437019 0.437014 0.436825 0.436346 0.435526 0.434629 0.433902 0.433646 0.433844
-9999.0 -9999.0 -9999.0 -9999.0 -9999.0 -9999.0 -9999.0 -9999.0 -9999.0 -9999.0 -9999.0 -9999.0 -9999.0 -9999.0 -9999.0 0.434412 0.434636 0.437839 0.439546 0.439843 0.439574 0.438421 0.436982 0.436196 0.436640 0.437656 0.438127 0.437776 0.436852 0.436383 0.435533 0.434676 0.434190 0.434381 0.435120 0.435948 0.436794 0.437747 0.439062 0.440231 0.440350 0.438615 0.435766 0.433309 0.432217 0.432243 0.433180 0.434903 0.437356 0.438427 0.438587 0.438302 0.437872 0.437428 0.437096 0.437195 0.437573 0.437756 0.437421 0.436496 0.435330 0.434285 0.433748 0.433764
-9999.0 -9999.0 -9999.0 -9999.0 -9999.0 -9999.0 -9999.0 -9999.0 -9999.0 -9999.0 -9999.0 -9999.0 -9999.0 -9999.0 -9999.0 0.436921 0.436417 0.438396 0.439201 0.439184 0.438545 0.437016 0.435903 0.434600 0.434364 0.435226 0.436229 0.436550 0.437018 0.436693 0.436132 0.435281 0.434579 0.434452 0.434985 0.435752 0.436606 0.437514 0.438864 0.440423 0.441602 0.441065 0.438788 0.435894 0.433987 0.433334 0.433719 0.435201 0.437689 0.439152 0.439235 0.438767 0.438158 0.437646 0.437274 0.437373 0.437855 0.438285 0.438199 0.437336 0.436041 0.434775 0.433981 0.433787
-9999.0 -9999.0 -9999.0 -9999.0 -9999.0 -9999.0 -9999.0 -9999.0 -9999.0 -9999.0 -9999.0 -9999.0 -9999.0 -9999.0 -9999.0 0.441300 0.439116 0.440275 0.440021 0.438576 0.436960 0.436382 0.435049 0.433808 0.433184 0.433399 0.434311 0.435250 0.435746 0.436064 0.435972 0.435433 0.434698 0.434274 0.434470 0.435111 0.435974 0.436882 0.438215 0.440145 0.442310 0.443139 0.441850 0.439085 0.436546 0.435098 0.434757 0.435773 0.438175 0.439980 0.440237 0.439651 0.438719 0.438024 0.437593 0.437566 0.437935 0.438378 0.438473 0.437764 0.436494 0.435156 0.434225 0.433882
-9999.0 -9999.0 -9999.0 -9999.0 -9999.0 -9999.0 -9999.0 -9999.0 -9999.0 -9999.0 -9999.0 -9999.0 -9999.0 -9999.0 0.437685 0.439455 0.441382 0.442240 0.440470 0.437964 0.436090 0.435966 0.435000 0.433855 0.433015 0.432781 0.433102 0.433767 0.434422 0.434957 0.435237 0.435129 0.434602 0.433990 0.433766 0.434080 0.434764 0.435564 0.436765 0.438849 0.441571 0.443611 0.443531 0.441512 0.438865 0.436887 0.435855 0.436381 0.437835 0.440255 0.441108 0.440738 0.439703 0.438788 0.438140 0.437874 0.438076 0.438472 0.438624 0.437997 0.436757 0.435465 0.434499 0.434058
-9999.0 -9999.0 -9999.0 -9999.0 -9999.0 -9999.0 -9999.0 -9999.0 -9999.0 -9999.0 -9999.0 -9999.0 -9999.0 0.437593 0.437704 0.440124 0.442971 0.442939 0.440273 0.437621 0.436497 0.435479 0.435436 0.434282 0.433338 0.432860 0.432800 0.433065 0.433509 0.433996 0.434408 0.434615 0.434425 0.433854 0.433311 0.433165 0.433351 0.433743 0.434574 0.436367 0.438993 0.441775 0.442930 0.442170 0.440089 0.438079 0.436651 0.436124 0.437645 0.439819 0.441279 0.441611 0.440922 0.439930 0.439035 0.438559 0.438586 0.438861 0.438961 0.438394 0.437163 0.435855 0.434865 0.434385
-9999.0 -9999.0 -9999.0 -9999.0 -9999.0 -9999.0 -9999.0 -9999.0 -9999.0 -9999.0 -9999.0 -9999.0 0.439825 0.438847 0.439793 0.442238 0.443767 0.442224 0.439278 0.437556 0.437133 0.436583 0.436345 0.434945 0.433759 0.433111 0.432879 0.432934 0.433182 0.433520 0.433876 0.434209 0.434318 0.433958 0.433295 0.432722 0.432349 0.432240 0.432603 0.433768 0.435754 0.438448 0.440315 0.440756 0.439664 0.438127 0.436594 0.436358 0.436969 0.438680 0.440467 0.441761 0.441928 0.441259 0.440308 0.439639 0.439438 0.439576 0.439650 0.439166 0.437915 0.436471 0.435345 0.434780
-9999.0 -9999.0 -9999.0 -9999.0 -9999.0 -9999.0 -9999.0 -9999.0 -9999.0 -9999.0 -9999.0 0.440457 0.440337 0.440649 0.442318 0.444375 0.443908 0.441384 0.438709 0.437613 0.437680 0.437457 0.437323 0.435708 0.434165 0.433346 0.433129 0.433209 0.433364 0.433509 0.433706 0.434029 0.434375 0.434312 0.433701 0.432818 0.431977 0.431462 0.431462 0.432078 0.433354 0.435393 0.437230 0.438238 0.437996 0.437120 0.436034 0.435474 0.435804 0.437151 0.438921 0.440642 0.441773 0.441857 0.441306 0.440701 0.440346 0.440285 0.440319 0.439976 0.438859 0.437296 0.435969 0.435243
-9999.0 -9999.0 -9999.0 -9999.0 -9999.0 -9999.0 -9999.0 -9999.0 -9999.0 -9999.0 0.441632 0.441009 0.440881 0.442303 0.444475 0.445092 0.443415 0.440775 0.438707 0.437900 0.438206 0.438653 0.437457 0.436384 0.434453 0.433528 0.433383 0.433550 0.433705 0.433745 0.433808 0.434101 0.434602 0.434800 0.434317 0.433313 0.432191 0.431362 0.431062 0.431296 0.432108 0.433484 0.434877 0.435817 0.436103 0.435904 0.435360 0.434682 0.434422 0.435011 0.436782 0.438720 0.440403 0.441429 0.441548 0.441148 0.440777 0.440600 0.440615 0.440392 0.439546 0.438095 0.436729 0.435849
-9999.0 -9999.0 -9999.0 -9999.0 -9999.0 -9999.0 -9999.0 -9999.0 -9999.0 0.443545 0.442670 0.441695 0.441895 0.443800 0.444939 0.444489 0.443001 0.441114 0.439442 0.438560 0.438835 0.439450 0.438346 0.436770 0.434590 0.433622 0.433526 0.433785 0.434022 0.434025 0.433982 0.434237 0.434831 0.435248 0.434940 0.433949 0.432656 0.431547 0.430986 0.430983 0.431536 0.432522 0.433581 0.434396 0.435004 0.435229 0.434818 0.433935 0.433409 0.433496 0.434362 0.436329 0.438470 0.440163 0.441103 0.441099 0.440787 0.440511 0.440402 0.440152 0.439547 0.438525 0.437488 0.436713
-9999.0 -9999.0 -9999.0 -9999.0 -9999.0 -9999.0 -9999.0 -9999.0 0.442276 0.443754 0.443728 0.443339 0.443616 0.444112 0.444234 0.443882 0.442903 0.441506 0.439972 0.439079 0.439407 0.440021 0.438748 0.436938 0.434603 0.433556 0.433481 0.433842 0.434194 0.434276 0.434212 0.434380 0.434899 0.435452 0.435393 0.434524 0.433074 0.431666 0.430886 0.430762 0.431206 0.432042 0.433011 0.433853 0.434633 0.434938 0.434526 0.433696 0.433113 0.432806 0.432996 0.433985 0.436279 0.438664 0.440233 0.440784 0.440604 0.440274 0.439995 0.439574 0.438990 0.438466 0.438078 0.437776
-9999.0 -9999.0 -9999.0 -9999.0 -9999.0 -9999.0 -9999.0 0.438300 0.440996 0.443335 0.445076 0.445633 0.444856 0.443745 0.443476 0.443320 0.442602 0.441347 0.440084 0.439497 0.439913 0.440398 0.439062 0.437185 0.434552 0.433259 0.433169 0.433697 0.434213 0.434428 0.434402 0.434481 0.434839 0.435400 0.435631 0.435027 0.433521 0.431778 0.430738 0.430521 0.430911 0.431765 0.432828 0.433725 0.434361 0.434558 0.434351 0.433860 0.433384 0.432864 0.432509 0.432688 0.433969 0.436668 0.438960 0.440215 0.440451 0.440153 0.439619 0.438915 0.438244 0.438174 0.438461 0.438671
-9999.0 -9999.0 -9999.0 -9999.0 -9999.0 -9999.0 0.434590 0.437043 0.439748 0.442836 0.446114 0.446988 0.445668 0.443942 0.443304 0.443163 0.442624 0.441207 0.439819 0.439310 0.439879 0.440669 0.440028 0.437031 0.434762 0.432903 0.432573 0.433190 0.433947 0.434415 0.434556 0.434590 0.434725 0.435181 0.435739 0.435658 0.434301 0.432196 0.430762 0.430375 0.430671 0.431549 0.432727 0.433515 0.433803 0.433909 0.434076 0.434075 0.433861 0.433361 0.432653 0.432193 0.432651 0.434586 0.437160 0.439068 0.439989 0.439969 0.439313 0.438367 0.437716 0.438030 0.438711 0.439165
-9999.0 -9999.0 -9999.0 -9999.0 -9999.0 0.432474 0.433857 0.435944 0.438595 0.442413 0.446339 0.447717 0.446668 0.444719 0.443570 0.443325 0.442824 0.441301 0.439596 0.438985 0.439622 0.440792 0.440699 0.438216 0.435394 0.432790 0.431995 0.432450 0.433343 0.434080 0.434509 0.434665 0.434647 0.434887 0.435625 0.436235 0.435475 0.433234 0.431275 0.430539 0.430650 0.431484 0.432634 0.433154 0.433059 0.433052 0.433411 0.433837 0.434016 0.433770 0.433031 0.432321 0.432229 0.433257 0.435534 0.437690 0.439127 0.439649 0.439044 0.437937 0.437412 0.437854 0.438535 0.438989
-9999.0 -9999.0 -9999.0 -9999.0 -9999.0 0.432490 0.433746 0.434881 0.437415 0.441209 0.444796 0.447011 0.447071 0.445615 0.444126 0.443671 0.443245 0.441769 0.439733 0.438746 0.439230 0.440692 0.441284 0.439318 0.436484 0.433167 0.431750 0.431781 0.432553 0.433459 0.434237 0.434659 0.434587 0.434509 0.435168 0.436399 0.436708 0.434991 0.432706 0.431412 0.431137 0.431757 0.432639 0.432776 0.432402 0.432299 0.432664 0.433359 0.433849 0.433764 0.433141 0.432602 0.432398 0.432871 0.434118 0.436258 0.438097 0.438958 0.438611 0.437485 0.436938 0.437180 0.437691 0.438132
-9999.0 -9999.0 -9999.0 -9999.0 -9999.0 0.433091 0.433609 0.434002 0.436588 0.439869 0.442691 0.445378 0.446563 0.445862 0.444271 0.443379 0.442852 0.441706 0.439794 0.438798 0.439208 0.440622 0.441593 0.440317 0.438121 0.434492 0.432279 0.431606 0.431946 0.432777 0.433835 0.434667 0.434715 0.434251 0.434425 0.435774 0.437201 0.436847 0.435036 0.433307 0.432509 0.432720 0.432978 0.432605 0.432070 0.431908 0.432189 0.432949 0.433532 0.433404 0.432875 0.432608 0.432618 0.432836 0.433450 0.434717 0.436860 0.437919 0.437734 0.436780 0.436106 0.436032 0.436470 0.437301
-9999.0 -9999.0 -9999.0 -9999.0 -9999.0 0.432135 0.432773 0.434055 0.437004 0.439332 0.440735 0.443220 0.445476 0.445916 0.444624 0.443319 0.442367 0.441024 0.439125 0.438115 0.438614 0.440211 0.441820 0.441971 0.439514 0.437103 0.434064 0.432426 0.432076 0.432579 0.433708 0.434916 0.435228 0.434441 0.433825 0.434565 0.436363 0.437560 0.437103 0.435679 0.434660 0.434375 0.433807 0.432923 0.432239 0.431980 0.432150 0.432769 0.433190 0.432934 0.432417 0.432259 0.432459 0.432679 0.432984 0.433709 0.435216 0.436353 0.436333 0.435741 0.435107 0.434807 0.435275 0.436856
-9999.0 -9999.0 -9999.0 -9999.0 0.430300 0.431276 0.433385 0.434836 0.438272 0.439835 0.440241 0.442281 0.444944 0.446255 0.445533 0.444046 0.442568 0.440604 0.438261 0.436590 0.436771 0.438436 0.440753 0.442353 0.442160 0.439334 0.437183 0.434656 0.433464 0.433470 0.434357 0.435668 0.436227 0.435280 0.433760 0.433365 0.434512 0.436374 0.437411 0.437246 0.436829 0.436301 0.435081 0.433808 0.432909 0.432494 0.432474 0.432745 0.432871 0.432531 0.432026 0.431857 0.432090 0.432382 0.432618 0.433029 0.433887 0.434993 0.434998 0.434674 0.434396 0.433929 0.433784 0.434992
-9999.0 -9999.0 -9999.0 -9999.0 0.431303 0.431942 0.433787 0.435784 0.439646 0.440865 0.440767 0.442399 0.445230 0.447177 0.447094 0.445777 0.444189 0.441751 0.438424 0.435412 0.434365 0.435300 0.437635 0.440167 0.441676 0.441283 0.438809 0.437414 0.435784 0.435299 0.435064 0.435857 0.437353 0.436535 0.434412 0.432842 0.432886 0.434277 0.436033 0.437326 0.437963 0.437639 0.436363 0.434996 0.433966 0.433389 0.433049 0.432843 0.432633 0.432240 0.431765 0.431546 0.431734 0.432099 0.432422 0.432725 0.433182 0.433683 0.434116 0.433883 0.434339 0.434879 0.433962 -9999.0
