tests/3D/Muntatschini_ref_005/output-maps-SE27XX/thetaliqL0002N0002.asc
ncols         108
nrows         156
xllcorner     619971.250000
yllcorner     5169711.250000
cellsize      20.000000
NODATA_value  -9999.0
[rows 87 to 115 of 156, columns 0 to 63 of 108]
-9999.0 -9999.0 -9999.0 -9999.0 0.394414 0.398189 0.399667 0.402881 0.407141 0.407710 0.406889 0.408368 0.411685 0.413493 0.412726 0.411079 0.408345 0.406135 0.402148 0.397843 0.395997 0.396459 0.397631 0.400074 0.401699 0.401407 0.400248 0.396795 0.396234 0.396610 0.398822 0.399485 0.396594 0.367329 0.362849 0.364346 0.362978 0.366891 0.369171 0.375223 0.375948 0.374402 0.370741 0.369873 0.370190 0.370386 0.367299 0.366520 0.365010 0.365007 0.364589 0.367312 0.368218 0.368910 0.369441 0.370209 0.370134 0.366962 0.366925 0.368813 0.368517 -9999.0 -9999.0 -9999.0
-9999.0 -9999.0 -9999.0 -9999.0 0.395567 0.398984 0.400744 0.403112 0.407525 0.407814 0.406441 0.407130 0.410499 0.414040 0.413668 0.413091 0.411054 0.408678 0.405241 0.399470 0.396016 0.393827 0.395547 0.397196 0.398086 0.398832 0.398296 0.397669 0.397052 0.397085 0.397855 0.399370 0.397910 0.367936 0.362939 0.364278 0.362633 0.366850 0.368778 0.374482 0.375334 0.373241 0.372490 0.372095 0.372039 0.370313 0.368189 0.366416 0.365210 0.365345 0.365036 0.365327 0.363802 0.366742 0.366848 0.365875 0.365376 0.364712 0.363825 0.361012 -9999.0 -9999.0 -9999.0 -9999.0
-9999.0 -9999.0 -9999.0 -9999.0 0.396569 0.399236 0.400762 0.403321 0.407886 0.407551 0.405204 0.404974 0.406694 0.411983 0.413991 0.413215 0.412383 0.411624 0.408279 0.404019 0.398772 0.395701 0.395644 0.395937 0.397042 0.397187 0.396285 0.395414 0.395277 0.395855 0.396297 0.397023 0.398436 0.395885 0.364596 0.363998 0.364706 0.366614 0.368367 0.372229 0.377138 0.375103 0.373101 0.372636 0.371896 0.367190 0.366969 0.364506 0.363418 0.363047 0.363150 0.363413 0.363803 0.363498 0.363330 0.362494 0.362439 0.356955 0.356476 -9999.0 -9999.0 -9999.0 -9999.0 -9999.0
-9999.0 -9999.0 -9999.0 -9999.0 0.396886 0.399297 0.402236 0.403688 0.409082 0.407918 0.404954 0.402993 0.404832 0.408295 0.411888 0.411797 0.412605 0.413491 0.412829 0.409577 0.403786 0.399263 0.397962 0.398160 0.398075 0.397237 0.395807 0.393600 0.393019 0.394216 0.395215 0.396224 0.396849 0.397114 0.394797 0.365540 0.365851 0.365691 0.367807 0.371175 0.375066 0.373615 0.371619 0.371089 0.372868 0.367038 0.366354 0.363428 0.358503 0.357863 0.357726 0.357023 0.357715 0.356402 0.356321 0.355495 0.355809 0.348396 -9999.0 -9999.0 -9999.0 -9999.0 -9999.0 -9999.0
-9999.0 -9999.0 -9999.0 -9999.0 0.396766 0.399489 0.400754 0.404994 0.409379 0.408309 0.403740 0.401867 0.402802 0.404713 0.408425 0.409994 0.411787 0.413121 0.413874 0.412747 0.408261 0.405032 0.402373 0.401660 0.401445 0.401769 0.399204 0.395605 0.394012 0.394008 0.393730 0.395262 0.396134 0.396857 0.396896 0.393773 0.363134 0.362504 0.367499 0.371084 0.373865 0.373582 0.369620 0.369924 0.373276 0.371859 0.366833 0.362131 0.358498 0.355389 0.357290 0.356601 0.353863 0.356557 0.357376 0.357032 0.350176 -9999.0 -9999.0 -9999.0 -9999.0 -9999.0 -9999.0 -9999.0
-9999.0 -9999.0 -9999.0 -9999.0 0.396535 0.400550 0.401849 0.405801 0.409369 0.408917 0.404817 0.402709 0.402695 0.403987 0.406129 0.408519 0.409182 0.410129 0.411124 0.412229 0.411206 0.407912 0.405018 0.404003 0.405008 0.407160 0.405814 0.402001 0.399171 0.397710 0.397519 0.397512 0.398152 0.399637 0.398960 0.396677 0.395228 0.395743 0.397823 0.400050 0.400361 0.397319 0.371945 0.372638 0.375073 0.401694 0.397624 0.365633 0.355901 0.356401 0.352221 0.352314 0.348790 0.353863 0.358740 0.357348 -9999.0 -9999.0 -9999.0 -9999.0 -9999.0 -9999.0 -9999.0 -9999.0
-9999.0 -9999.0 -9999.0 -9999.0 0.356257 0.377444 0.402148 0.404267 0.406988 0.409125 0.405158 0.402530 0.402890 0.403164 0.404993 0.406916 0.407859 0.408382 0.407138 0.407496 0.408780 0.407536 0.405769 0.404872 0.406079 0.408512 0.409422 0.407500 0.405777 0.402540 0.400912 0.400494 0.401061 0.401492 0.401156 0.399651 0.398726 0.399027 0.400757 0.402642 0.402805 0.401698 0.400258 0.399162 0.377054 0.405082 0.402051 0.398295 0.358004 0.356914 0.351459 0.357333 0.355803 0.354996 0.353320 0.359474 -9999.0 -9999.0 -9999.0 -9999.0 -9999.0 -9999.0 -9999.0 -9999.0
-9999.0 -9999.0 -9999.0 -9999.0 0.352868 0.361166 0.379149 0.405346 0.406866 0.405896 0.406039 0.403651 0.401927 0.401651 0.403617 0.407679 0.408215 0.407767 0.405536 0.404168 0.403487 0.403997 0.403100 0.402313 0.402692 0.404317 0.406579 0.407969 0.407725 0.405378 0.403264 0.402231 0.402729 0.403501 0.403112 0.401598 0.401419 0.402473 0.403220 0.404350 0.404065 0.403653 0.403997 0.403988 0.402696 0.404874 0.404103 0.402250 0.397545 0.359579 0.350014 0.351394 0.352043 0.355280 0.345217 0.358929 -9999.0 -9999.0 -9999.0 -9999.0 -9999.0 -9999.0 -9999.0 -9999.0
-9999.0 -9999.0 -9999.0 -9999.0 -9999.0 0.364188 0.378651 0.404992 0.406458 0.406069 0.406533 0.405121 0.402094 0.401237 0.403161 0.406837 0.409433 0.409547 0.407244 0.403857 0.401267 0.400975 0.400255 0.399701 0.399494 0.399886 0.400883 0.403093 0.404848 0.404850 0.403515 0.402152 0.401824 0.402839 0.403300 0.403493 0.403671 0.404611 0.405673 0.406542 0.405832 0.405442 0.405399 0.405405 0.405073 0.404925 0.404063 0.403032 0.401876 0.398045 0.356833 0.353812 0.351011 0.350336 0.341477 0.357454 -9999.0 -9999.0 -9999.0 -9999.0 -9999.0 -9999.0 -9999.0 -9999.0
-9999.0 -9999.0 -9999.0 -9999.0 -9999.0 0.364379 0.378473 0.404888 0.406091 0.406019 0.405262 0.404969 0.403255 0.400821 0.402043 0.405622 0.409748 0.413034 0.412876 0.409246 0.404394 0.400498 0.398638 0.397948 0.397916 0.397453 0.397970 0.399245 0.401053 0.402677 0.403173 0.402316 0.401353 0.401456 0.401566 0.402630 0.403677 0.405318 0.407042 0.408127 0.407822 0.406887 0.406304 0.405833 0.405334 0.404738 0.403909 0.402940 0.402210 0.401296 0.399577 0.360241 0.354629 0.355664 0.353103 -9999.0 -9999.0 -9999.0 -9999.0 -9999.0 -9999.0 -9999.0 -9999.0 -9999.0
-9999.0 -9999.0 -9999.0 -9999.0 -9999.0 0.361513 0.376825 0.381118 0.406348 0.405819 0.404615 0.403272 0.402696 0.400270 0.400557 0.403638 0.407818 0.412098 0.414984 0.415368 0.411120 0.405666 0.402200 0.400715 0.400433 0.399634 0.398825 0.398736 0.399930 0.401986 0.403370 0.403816 0.402759 0.401704 0.401009 0.401321 0.402277 0.404355 0.404598 0.406130 0.406393 0.406464 0.405732 0.404396 0.404783 0.404294 0.403783 0.402715 0.401800 0.402430 0.401993 0.399545 0.357199 0.348760 0.356612 -9999.0 -9999.0 -9999.0 -9999.0 -9999.0 -9999.0 -9999.0 -9999.0 -9999.0
-9999.0 -9999.0 -9999.0 -9999.0 -9999.0 0.358811 0.374795 0.380229 0.405501 0.405354 0.403787 0.403063 0.402456 0.399694 0.399190 0.400647 0.404994 0.411299 0.415697 0.416055 0.416042 0.412121 0.406903 0.404464 0.404057 0.403801 0.402857 0.401716 0.401961 0.403231 0.404961 0.406346 0.406265 0.404934 0.402648 0.401742 0.401910 0.403130 0.402846 0.404261 0.404898 0.405332 0.405115 0.404051 0.403878 0.403422 0.403641 0.402894 0.401720 0.402190 0.402361 0.402194 0.399885 0.399437 -9999.0 -9999.0 -9999.0 -9999.0 -9999.0 -9999.0 -9999.0 -9999.0 -9999.0 -9999.0
-9999.0 -9999.0 -9999.0 -9999.0 -9999.0 0.356116 0.368168 0.370182 0.405745 0.404242 0.401264 0.381440 0.372422 0.401628 0.398675 0.398893 0.402256 0.405964 0.411279 0.415779 0.415268 0.415094 0.411253 0.408459 0.406789 0.406237 0.405520 0.404688 0.404174 0.404862 0.406119 0.407855 0.408815 0.408566 0.406799 0.404956 0.403800 0.402105 0.401850 0.402465 0.402831 0.403753 0.404509 0.403534 0.403141 0.402146 0.402450 0.402642 0.403237 0.402612 0.403088 0.404185 0.400797 0.405047 -9999.0 -9999.0 -9999.0 -9999.0 -9999.0 -9999.0 -9999.0 -9999.0 -9999.0 -9999.0
-9999.0 -9999.0 -9999.0 -9999.0 -9999.0 0.349770 0.364498 0.373005 0.380045 0.405237 0.403567 0.398606 0.365048 0.369975 0.370861 0.399085 0.399744 0.402362 0.407177 0.412049 0.413905 0.413901 0.413779 0.411084 0.407928 0.406021 0.404407 0.404062 0.403898 0.404801 0.405510 0.407110 0.408862 0.410290 0.410704 0.409701 0.407567 0.404627 0.403133 0.402524 0.401427 0.402037 0.403189 0.404392 0.403143 0.401590 0.401425 0.402577 0.403135 0.403185 0.404365 0.408229 0.404987 -9999.0 -9999.0 -9999.0 -9999.0 -9999.0 -9999.0 -9999.0 -9999.0 -9999.0 -9999.0 -9999.0
-9999.0 -9999.0 -9999.0 -9999.0 -9999.0 0.362186 0.364316 0.370954 0.375320 0.405334 0.404010 0.401765 0.397191 0.366638 0.366747 0.368553 0.398692 0.400706 0.403185 0.408224 0.412160 0.412884 0.412740 0.412997 0.409864 0.406387 0.403461 0.402336 0.401989 0.402589 0.403223 0.404155 0.405902 0.407967 0.410563 0.410241 0.409221 0.407949 0.406791 0.404117 0.402016 0.402663 0.403644 0.404408 0.403747 0.401190 0.401118 0.401207 0.401993 0.403041 0.403579 0.406348 0.406327 -9999.0 -9999.0 -9999.0 -9999.0 -9999.0 -9999.0 -9999.0 -9999.0 -9999.0 -9999.0 -9999.0
-9999.0 -9999.0 -9999.0 -9999.0 0.352198 0.367999 0.367558 0.361425 0.375102 0.405865 0.403827 0.402290 0.398785 0.361128 0.363930 0.365933 0.370679 0.374744 0.402190 0.405805 0.408569 0.411163 0.411579 0.411608 0.410972 0.408886 0.404933 0.402017 0.400890 0.400780 0.401062 0.400319 0.401832 0.404551 0.407331 0.409461 0.410723 0.410535 0.410209 0.407936 0.406154 0.403897 0.403988 0.405071 0.404653 0.402887 0.400647 0.400407 0.400731 0.402385 0.402047 0.402225 0.402728 -9999.0 -9999.0 -9999.0 -9999.0 -9999.0 -9999.0 -9999.0 -9999.0 -9999.0 -9999.0 -9999.0
-9999.0 -9999.0 -9999.0 -9999.0 0.356918 0.361549 0.364641 0.370002 0.375162 0.379645 0.406157 0.402920 0.400919 0.397951 0.395915 0.367795 0.365645 0.367610 0.375603 0.377684 0.406638 0.407445 0.409916 0.411054 0.410767 0.410874 0.407195 0.403580 0.401176 0.400103 0.399741 0.398541 0.399460 0.400849 0.404819 0.407131 0.410035 0.411787 0.411322 0.410597 0.409423 0.406534 0.405657 0.406278 0.405906 0.403555 0.400965 0.398718 0.399183 0.399716 0.400144 0.400515 0.401154 -9999.0 -9999.0 -9999.0 -9999.0 -9999.0 -9999.0 -9999.0 -9999.0 -9999.0 -9999.0 -9999.0
-9999.0 -9999.0 -9999.0 0.350949 0.361193 0.363078 0.366770 0.366718 0.368993 0.376470 0.379096 0.404348 0.401240 0.399400 0.398696 0.395735 0.367477 0.368317 0.368108 0.376027 0.377195 0.404111 0.405580 0.408718 0.410601 0.409713 0.408849 0.404991 0.401775 0.399931 0.399055 0.398780 0.398515 0.399480 0.401908 0.403487 0.406494 0.409546 0.411352 0.410305 0.409715 0.408947 0.407595 0.407000 0.406801 0.404524 0.401053 0.398411 0.397057 0.397349 0.397965 0.397667 0.398597 -9999.0 -9999.0 -9999.0 -9999.0 -9999.0 -9999.0 -9999.0 -9999.0 -9999.0 -9999.0 -9999.0
-9999.0 -9999.0 -9999.0 0.352428 0.354911 0.364292 0.360288 0.366195 0.369564 0.374825 0.378539 0.405027 0.402256 0.400707 0.399949 0.397871 0.367327 0.366655 0.362851 0.365070 0.373870 0.379088 0.403187 0.405449 0.407596 0.408327 0.407794 0.406390 0.402865 0.400312 0.399293 0.398927 0.398146 0.398296 0.399617 0.401564 0.403378 0.405452 0.407902 0.409428 0.407940 0.407238 0.406619 0.407423 0.406828 0.405379 0.402530 0.399080 0.396710 0.395894 0.395621 0.393954 0.397947 -9999.0 -9999.0 -9999.0 -9999.0 -9999.0 -9999.0 -9999.0 -9999.0 -9999.0 -9999.0 -9999.0
-9999.0 -9999.0 0.350426 0.359988 0.358085 0.362420 0.360948 0.365054 0.366702 0.368781 0.370553 0.405608 0.404243 0.402857 0.401613 0.400587 0.396485 0.366978 0.367036 0.364438 0.370815 0.364582 0.375958 0.403229 0.404853 0.407130 0.406975 0.406937 0.404236 0.401039 0.400119 0.399899 0.400106 0.398599 0.399816 0.399489 0.401797 0.403338 0.405181 0.406621 0.407576 0.405739 0.406079 0.405760 0.404998 0.405076 0.403900 0.401127 0.397971 0.396483 0.394252 0.392430 -9999.0 -9999.0 -9999.0 -9999.0 -9999.0 -9999.0 -9999.0 -9999.0 -9999.0 -9999.0 -9999.0 -9999.0
-9999.0 -9999.0 0.349398 0.355209 0.355986 0.363026 0.365541 0.364836 0.366172 0.367266 0.366345 0.370938 0.378126 0.405425 0.404062 0.401478 0.397878 0.360347 0.364108 0.365690 0.367619 0.369737 0.365759 0.375592 0.402485 0.404530 0.404630 0.405246 0.405000 0.402285 0.401351 0.401369 0.401546 0.400028 0.399722 0.400677 0.401417 0.401426 0.403723 0.405264 0.406081 0.405398 0.404705 0.403370 0.402558 0.403028 0.403571 0.402894 0.400315 0.398533 0.397712 -9999.0 -9999.0 -9999.0 -9999.0 -9999.0 -9999.0 -9999.0 -9999.0 -9999.0 -9999.0 -9999.0 -9999.0 -9999.0
-9999.0 -9999.0 0.348131 0.351312 0.352913 0.361764 0.361240 0.362698 0.366527 0.368930 0.367225 0.374788 0.378697 0.405725 0.404275 0.403254 0.398505 0.362980 0.357965 0.358363 0.362123 0.365936 0.368540 0.364757 0.372522 0.369546 0.402921 0.402775 0.403912 0.402266 0.401767 0.401769 0.402245 0.401319 0.401166 0.400974 0.402191 0.402069 0.403246 0.405344 0.405881 0.406856 0.405202 0.402397 0.400417 0.400849 0.401537 0.402609 0.401211 0.398596 0.398611 -9999.0 -9999.0 -9999.0 -9999.0 -9999.0 -9999.0 -9999.0 -9999.0 -9999.0 -9999.0 -9999.0 -9999.0 -9999.0
-9999.0 -9999.0 0.349263 0.351557 0.352486 0.360705 0.362601 0.364374 0.365929 0.363496 0.364614 0.365338 0.377051 0.405550 0.405263 0.404771 0.401307 0.361936 0.356621 0.354470 0.355739 0.359926 0.364890 0.367639 0.364250 0.370642 0.372357 0.400824 0.401221 0.400590 0.400404 0.400587 0.401146 0.400839 0.401012 0.400793 0.401079 0.401820 0.403144 0.406360 0.408968 0.409639 0.407135 0.403793 0.400666 0.399079 0.399493 0.400682 0.400078 0.396581 0.397542 -9999.0 -9999.0 -9999.0 -9999.0 -9999.0 -9999.0 -9999.0 -9999.0 -9999.0 -9999.0 -9999.0 -9999.0 -9999.0
-9999.0 0.358928 0.354461 0.354239 0.353336 0.358166 0.361827 0.362981 0.364807 0.365934 0.363781 0.370271 0.364946 0.379349 0.407001 0.405558 0.404252 0.365924 0.360510 0.354127 0.394238 0.355099 0.357941 0.363973 0.366826 0.367929 0.368857 0.369917 0.398186 0.398356 0.398124 0.397556 0.398523 0.399236 0.399744 0.399533 0.399694 0.401040 0.402835 0.405473 0.409118 0.411464 0.410266 0.407158 0.403848 0.400914 0.400048 0.399401 0.399222 0.398505 -9999.0 -9999.0 -9999.0 -9999.0 -9999.0 -9999.0 -9999.0 -9999.0 -9999.0 -9999.0 -9999.0 -9999.0 -9999.0 -9999.0
-9999.0 0.355268 0.353462 0.352002 0.353578 0.355707 0.358316 0.361511 0.362946 0.364626 0.366790 0.363631 0.372852 0.371107 0.375510 0.408597 0.407837 0.405318 0.402816 0.399599 0.398203 0.355026 0.355452 0.356930 0.359315 0.363786 0.364495 0.365663 0.362133 0.396189 0.395603 0.396061 0.396825 0.397294 0.397873 0.397539 0.397359 0.398068 0.399655 0.402185 0.405859 0.409691 0.411676 0.410373 0.408651 0.405525 0.402801 0.400509 0.398319 0.397726 -9999.0 -9999.0 -9999.0 -9999.0 -9999.0 -9999.0 -9999.0 -9999.0 -9999.0 -9999.0 -9999.0 -9999.0 -9999.0 -9999.0
-9999.0 0.351942 0.353218 0.355274 0.353031 0.354984 0.356339 0.357942 0.361592 0.362937 0.364117 0.364515 0.363587 0.366894 0.374052 0.380562 0.409768 0.408784 0.407529 0.405652 0.402570 0.399110 0.397112 0.395405 0.394369 0.392979 0.392177 0.359362 0.362407 0.395791 0.395377 0.394757 0.395502 0.396375 0.396795 0.396363 0.396056 0.396271 0.397213 0.398764 0.400941 0.403488 0.406913 0.408291 0.409970 0.408323 0.407879 0.403153 0.398358 0.396104 -9999.0 -9999.0 -9999.0 -9999.0 -9999.0 -9999.0 -9999.0 -9999.0 -9999.0 -9999.0 -9999.0 -9999.0 -9999.0 -9999.0
-9999.0 0.350557 0.353026 0.355048 0.351730 0.352487 0.353980 0.354008 0.358099 0.361219 0.362617 0.364205 0.366617 0.368396 0.363431 0.373184 0.377839 0.408900 0.408592 0.406567 0.404583 0.402378 0.401052 0.399612 0.397743 0.396535 0.396274 0.394632 0.394483 0.395661 0.395333 0.395121 0.394878 0.395502 0.395608 0.396154 0.396001 0.395711 0.395915 0.396653 0.397345 0.397490 0.400082 0.403543 0.405728 0.406373 0.406925 0.403647 0.399064 0.397060 -9999.0 -9999.0 -9999.0 -9999.0 -9999.0 -9999.0 -9999.0 -9999.0 -9999.0 -9999.0 -9999.0 -9999.0 -9999.0 -9999.0
-9999.0 0.350346 0.352914 0.354607 0.351383 0.351229 0.350907 0.352618 0.353974 0.357419 0.360854 0.362456 0.364107 0.366506 0.368365 0.366606 0.367754 0.405863 0.405555 0.406137 0.404065 0.403767 0.402713 0.401009 0.400791 0.400198 0.399451 0.399694 0.399560 0.398128 0.397236 0.395386 0.394169 0.394407 0.395261 0.396310 0.397071 0.396411 0.396246 0.395660 0.396855 0.396382 0.397505 0.399204 0.400673 0.402175 0.403213 0.401228 0.398588 -9999.0 -9999.0 -9999.0 -9999.0 -9999.0 -9999.0 -9999.0 -9999.0 -9999.0 -9999.0 -9999.0 -9999.0 -9999.0 -9999.0 -9999.0
-9999.0 0.350425 0.353121 0.354712 0.351197 0.350795 0.350086 0.352363 0.350909 0.354306 0.356729 0.360458 0.362033 0.361117 0.366652 0.364120 0.364578 0.374686 0.404105 0.404303 0.403996 0.403035 0.403102 0.402590 0.402343 0.402496 0.401715 0.401406 0.400852 0.400201 0.399966 0.397261 0.394709 0.393114 0.394825 0.396169 0.398139 0.398897 0.398197 0.397182 0.397734 -9999.0 -9999.0 -9999.0 -9999.0 -9999.0 -9999.0 -9999.0 -9999.0 -9999.0 -9999.0 -9999.0 -9999.0 -9999.0 -9999.0 -9999.0 -9999.0 -9999.0 -9999.0 -9999.0 -9999.0 -9999.0 -9999.0 -9999.0
