tests/3D/Muntatschini_ref_005/output-maps-SE27XX/thetaliqL0007N0007.asc
ncols         108
nrows         156
xllcorner     619971.250000
yllcorner     5169711.250000
cellsize      20.000000
NODATA_value  -9999.0
[rows 58 to 86 of 156, columns 0 to 63 of 108]
-9999.0 -9999.0 -9999.0 -9999.0 -9999.0 -9999.0 -9999.0 -9999.0 -9999.0 -9999.0 -9999.0 -9999.0 -9999.0 -9999.0 -9999.0 -9999.0 -9999.0 -9999.0 -9999.0 -9999.0 -9999.0 -9999.0 -9999.0 -9999.0 -9999.0 -9999.0 -9999.0 -9999.0 -9999.0 -9999.0 -9999.0 -9999.0 -9999.0 -9999.0 -9999.0 -9999.0 0.421186 0.420585 0.419855 0.419443 0.419147 0.419328 0.420128 0.422383 0.424190 0.426013 0.427378 0.428088 0.428097 0.427637 0.426843 0.425974 0.425061 0.424302 0.423862 0.423810 0.424105 0.424912 0.425439 0.425608 0.425175 0.424382 0.423569 0.422988
-9999.0 -9999.0 -9999.0 -9999.0 -9999.0 -9999.0 -9999.0 -9999.0 -9999.0 -9999.0 -9999.0 -9999.0 -9999.0 -9999.0 -9999.0 -9999.0 -9999.0 -9999.0 -9999.0 -9999.0 -9999.0 -9999.0 -9999.0 -9999.0 -9999.0 -9999.0 -9999.0 -9999.0 -9999.0 -9999.0 -9999.0 -9999.0 -9999.0 -9999.0 -9999.0 0.423153 0.422862 0.421109 0.420431 0.419744 0.419186 0.419132 0.419740 0.421175 0.423863 0.425674 0.426808 0.427241 0.427200 0.426982 0.426535 0.426010 0.425376 0.424735 0.424170 0.423806 0.423796 0.424289 0.425279 0.425804 0.425616 0.424858 0.423957 0.423215
-9999.0 -9999.0 -9999.0 -9999.0 -9999.0 -9999.0 -9999.0 -9999.0 -9999.0 -9999.0 -9999.0 -9999.0 -9999.0 -9999.0 -9999.0 -9999.0 -9999.0 -9999.0 -9999.0 -9999.0 -9999.0 -9999.0 -9999.0 -9999.0 -9999.0 -9999.0 -9999.0 -9999.0 -9999.0 -9999.0 -9999.0 -9999.0 0.419515 0.422046 0.424628 0.424230 0.423402 0.422048 0.421193 0.420245 0.419589 0.419370 0.419714 0.420745 0.422709 0.425546 0.426734 0.427046 0.426834 0.426554 0.426184 0.425841 0.425447 0.424997 0.424490 0.423986 0.423695 0.423912 0.424636 0.425658 0.425868 0.425419 0.424639 0.423873
-9999.0 -9999.0 -9999.0 -9999.0 -9999.0 -9999.0 -9999.0 -9999.0 -9999.0 -9999.0 -9999.0 -9999.0 -9999.0 -9999.0 -9999.0 -9999.0 -9999.0 -9999.0 -9999.0 -9999.0 -9999.0 -9999.0 -9999.0 -9999.0 -9999.0 -9999.0 -9999.0 -9999.0 -9999.0 -9999.0 0.421656 0.422585 0.421440 0.421855 0.423300 0.424243 0.423368 0.422832 0.421765 0.420583 0.419766 0.419459 0.419493 0.420188 0.421893 0.424912 0.426434 0.427072 0.426992 0.426619 0.426154 0.425758 0.425450 0.425110 0.424692 0.424129 0.423633 0.423530 0.424022 0.424783 0.425552 0.425570 0.425203 0.424649
-9999.0 -9999.0 -9999.0 -9999.0 -9999.0 -9999.0 -9999.0 -9999.0 -9999.0 -9999.0 -9999.0 -9999.0 -9999.0 -9999.0 -9999.0 -9999.0 -9999.0 -9999.0 -9999.0 -9999.0 -9999.0 -9999.0 -9999.0 -9999.0 -9999.0 -9999.0 -9999.0 -9999.0 -9999.0 0.419898 0.419828 0.421559 0.422424 0.422539 0.423816 0.423720 0.424070 0.423649 0.422310 0.420708 0.419536 0.419016 0.418923 0.419402 0.420697 0.422782 0.425387 0.426574 0.427035 0.426939 0.426528 0.425967 0.425459 0.425033 0.424692 0.424213 0.423668 0.423316 0.423477 0.423979 0.424522 0.425158 0.425306 0.425138
-9999.0 -9999.0 -9999.0 -9999.0 -9999.0 -9999.0 -9999.0 -9999.0 -9999.0 -9999.0 -9999.0 -9999.0 -9999.0 -9999.0 -9999.0 -9999.0 -9999.0 -9999.0 -9999.0 -9999.0 -9999.0 -9999.0 -9999.0 -9999.0 -9999.0 0.419215 0.419202 0.419921 0.420508 0.420084 0.420753 0.421889 0.422671 0.423080 0.423561 0.424160 0.424680 0.424404 0.422963 0.420912 0.419318 0.418551 0.418406 0.418750 0.419666 0.421249 0.423879 0.425399 0.426438 0.426885 0.426887 0.426387 0.425672 0.424990 0.424566 0.424178 0.423707 0.423293 0.423193 0.423379 0.423696 0.424137 0.424866 0.425106
-9999.0 -9999.0 -9999.0 -9999.0 -9999.0 -9999.0 -9999.0 -9999.0 -9999.0 -9999.0 -9999.0 -9999.0 -9999.0 -9999.0 -9999.0 -9999.0 -9999.0 -9999.0 -9999.0 -9999.0 -9999.0 -9999.0 -9999.0 0.423884 0.423636 0.421350 0.420023 0.419623 0.420081 0.420535 0.421185 0.422136 0.422854 0.423259 0.423745 0.424443 0.425158 0.425167 0.423918 0.421646 0.419630 0.418496 0.418195 0.418392 0.419017 0.420128 0.421744 0.424058 0.425403 0.426377 0.426938 0.426744 0.425954 0.425066 0.424542 0.424247 0.423864 0.423436 0.423142 0.423060 0.423106 0.423384 0.424143 0.424610
-9999.0 -9999.0 -9999.0 -9999.0 -9999.0 -9999.0 -9999.0 -9999.0 -9999.0 -9999.0 -9999.0 -9999.0 -9999.0 -9999.0 -9999.0 -9999.0 -9999.0 -9999.0 -9999.0 -9999.0 -9999.0 0.428776 0.429260 0.425211 0.423915 0.423032 0.421823 0.421328 0.421220 0.421231 0.421508 0.422013 0.422570 0.423052 0.423676 0.424527 0.425543 0.425871 0.425062 0.422935 0.420596 0.418959 0.418287 0.418269 0.418698 0.419547 0.420853 0.423077 0.424438 0.425670 0.426655 0.426864 0.426192 0.425304 0.424700 0.424399 0.424049 0.423637 0.423243 0.422938 0.422732 0.422756 0.423117 0.423889
-9999.0 -9999.0 -9999.0 -9999.0 -9999.0 -9999.0 -9999.0 -9999.0 -9999.0 -9999.0 -9999.0 -9999.0 -9999.0 -9999.0 -9999.0 -9999.0 -9999.0 -9999.0 -9999.0 -9999.0 0.429507 0.427610 0.428488 0.428570 0.426395 0.425026 0.423743 0.422754 0.422133 0.421671 0.421438 0.421507 0.421836 0.422447 0.423224 0.424243 0.425392 0.426182 0.426112 0.424612 0.422198 0.419929 0.418607 0.418210 0.418465 0.419234 0.420442 0.421933 0.424143 0.425440 0.426426 0.426654 0.426168 0.425568 0.425108 0.424781 0.424366 0.423871 0.423395 0.422917 0.422518 0.422306 0.422476 0.422927
-9999.0 -9999.0 -9999.0 -9999.0 -9999.0 -9999.0 -9999.0 -9999.0 -9999.0 -9999.0 -9999.0 -9999.0 -9999.0 -9999.0 -9999.0 -9999.0 -9999.0 -9999.0 0.430259 0.431340 0.430731 0.429239 0.428848 0.428887 0.428659 0.427017 0.425667 0.424092 0.422840 0.421957 0.421348 0.421083 0.421164 0.421729 0.422626 0.423692 0.424859 0.425962 0.426667 0.426166 0.424182 0.421482 0.419291 0.418272 0.418254 0.418966 0.420272 0.421922 0.424379 0.425687 0.426457 0.426561 0.426203 0.425784 0.425453 0.425199 0.424879 0.424425 0.423894 0.423212 0.422551 0.422077 0.422052 0.422410
-9999.0 -9999.0 -9999.0 -9999.0 -9999.0 -9999.0 -9999.0 -9999.0 -9999.0 -9999.0 -9999.0 -9999.0 -9999.0 -9999.0 -9999.0 -9999.0 0.426133 0.428182 0.428110 0.428986 0.429537 0.428552 0.427570 0.427320 0.427877 0.428163 0.427607 0.426223 0.424766 0.422679 0.421855 0.421197 0.420984 0.421424 0.422298 0.423266 0.424305 0.425490 0.426737 0.427254 0.426173 0.423521 0.420610 0.418792 0.418326 0.418832 0.420139 0.422034 0.424894 0.426220 0.426697 0.426567 0.426224 0.425876 0.425616 0.425531 0.425530 0.425331 0.424827 0.423962 0.423004 0.422223 0.421931 0.422126
-9999.0 -9999.0 -9999.0 -9999.0 -9999.0 -9999.0 -9999.0 -9999.0 -9999.0 -9999.0 -9999.0 -9999.0 -9999.0 -9999.0 -9999.0 0.422952 0.423077 0.426433 0.428231 0.428551 0.428298 0.427106 0.425514 0.424638 0.425059 0.426132 0.426760 0.426422 0.425520 0.423643 0.422725 0.421804 0.421286 0.421501 0.422299 0.423202 0.424122 0.425161 0.426571 0.427804 0.427882 0.425989 0.422923 0.420298 0.419155 0.419210 0.420236 0.422099 0.424585 0.426867 0.427180 0.426888 0.426431 0.425972 0.425621 0.425713 0.426105 0.426302 0.425959 0.424991 0.423752 0.422638 0.422046 0.422047
-9999.0 -9999.0 -9999.0 -9999.0 -9999.0 -9999.0 -9999.0 -9999.0 -9999.0 -9999.0 -9999.0 -9999.0 -9999.0 -9999.0 -9999.0 0.425525 0.424843 0.426962 0.427836 0.427847 0.427221 0.425799 0.423039 0.421643 0.421437 0.422296 0.424533 0.425170 0.424267 0.423985 0.423370 0.422449 0.421701 0.421576 0.422161 0.422992 0.423925 0.424913 0.426365 0.428027 0.429270 0.428643 0.426172 0.423073 0.421054 0.420390 0.420839 0.422430 0.425016 0.427636 0.427881 0.427396 0.426747 0.426213 0.425811 0.425887 0.426376 0.426834 0.426762 0.425868 0.424501 0.423160 0.422300 0.422077
-9999.0 -9999.0 -9999.0 -9999.0 -9999.0 -9999.0 -9999.0 -9999.0 -9999.0 -9999.0 -9999.0 -9999.0 -9999.0 -9999.0 -9999.0 0.429856 0.427711 0.428992 0.428813 0.427313 0.425821 0.423573 0.422195 0.420875 0.420225 0.420471 0.421392 0.422392 0.422989 0.423316 0.423199 0.422618 0.421832 0.421387 0.421609 0.422309 0.423247 0.424230 0.425670 0.427756 0.430086 0.430944 0.429515 0.426534 0.423824 0.422305 0.421975 0.423068 0.425553 0.428509 0.428956 0.428356 0.427366 0.426621 0.426142 0.426078 0.426449 0.426918 0.427038 0.426313 0.424981 0.423567 0.422560 0.422176
-9999.0 -9999.0 -9999.0 -9999.0 -9999.0 -9999.0 -9999.0 -9999.0 -9999.0 -9999.0 -9999.0 -9999.0 -9999.0 -9999.0 0.426284 0.428039 0.430142 0.431184 0.429388 0.426721 0.424816 0.423163 0.422113 0.420896 0.420015 0.419783 0.420137 0.420854 0.421556 0.422124 0.422420 0.422299 0.421735 0.421083 0.420851 0.421201 0.421945 0.422814 0.424115 0.426379 0.429343 0.431532 0.431412 0.429203 0.426357 0.424262 0.423182 0.423684 0.426415 0.428905 0.429871 0.429512 0.428419 0.427430 0.426714 0.426398 0.426594 0.427019 0.427202 0.426569 0.425265 0.423893 0.422852 0.422370
-9999.0 -9999.0 -9999.0 -9999.0 -9999.0 -9999.0 -9999.0 -9999.0 -9999.0 -9999.0 -9999.0 -9999.0 -9999.0 0.426263 0.426251 0.428764 0.431882 0.431985 0.429204 0.426255 0.425043 0.424257 0.422562 0.421338 0.420340 0.419844 0.419792 0.420083 0.420564 0.421090 0.421535 0.421754 0.421546 0.420937 0.420365 0.420215 0.420421 0.420847 0.421763 0.423717 0.426584 0.429600 0.430818 0.429970 0.427719 0.425568 0.424007 0.424525 0.426087 0.428428 0.430036 0.430430 0.429717 0.428641 0.427664 0.427133 0.427158 0.427461 0.427583 0.427005 0.425705 0.424313 0.423248 0.422730
-9999.0 -9999.0 -9999.0 -9999.0 -9999.0 -9999.0 -9999.0 -9999.0 -9999.0 -9999.0 -9999.0 -9999.0 0.428687 0.427544 0.428469 0.431092 0.432832 0.431271 0.428022 0.426151 0.425667 0.425286 0.423548 0.422046 0.420781 0.420102 0.419863 0.419929 0.420203 0.420572 0.420961 0.421315 0.421430 0.421045 0.420337 0.419726 0.419336 0.419228 0.419642 0.420926 0.423095 0.426015 0.428023 0.428477 0.427297 0.425642 0.424004 0.423604 0.425184 0.427098 0.429140 0.430546 0.430751 0.430037 0.429021 0.428297 0.428079 0.428229 0.428320 0.427827 0.426509 0.424973 0.423768 0.423161
-9999.0 -9999.0 -9999.0 -9999.0 -9999.0 -9999.0 -9999.0 -9999.0 -9999.0 -9999.0 -9999.0 0.429383 0.429102 0.429396 0.431111 0.433433 0.433032 0.430383 0.427394 0.426182 0.426213 0.426206 0.424613 0.422864 0.421204 0.420337 0.420114 0.420214 0.420387 0.420550 0.420770 0.421116 0.421486 0.421417 0.420760 0.419818 0.418925 0.418385 0.418406 0.419103 0.420506 0.422720 0.424701 0.425780 0.425515 0.424573 0.423411 0.422810 0.423090 0.424449 0.427234 0.429300 0.430532 0.430637 0.430068 0.429423 0.429051 0.428983 0.429027 0.428677 0.427512 0.425858 0.424445 0.423663
-9999.0 -9999.0 -9999.0 -9999.0 -9999.0 -9999.0 -9999.0 -9999.0 -9999.0 -9999.0 0.430632 0.429845 0.429610 0.431084 0.433486 0.434292 0.432561 0.429640 0.427390 0.426465 0.426733 0.427226 0.426373 0.423588 0.421510 0.420524 0.420380 0.420571 0.420745 0.420794 0.420867 0.421183 0.421722 0.421931 0.421408 0.420336 0.419141 0.418266 0.417965 0.418248 0.419151 0.420656 0.422166 0.423175 0.423479 0.423267 0.422681 0.421948 0.421671 0.422316 0.424063 0.426995 0.429026 0.430152 0.430312 0.429894 0.429500 0.429301 0.429318 0.429099 0.428230 0.426711 0.425259 0.424311
-9999.0 -9999.0 -9999.0 -9999.0 -9999.0 -9999.0 -9999.0 -9999.0 -9999.0 0.432680 0.431638 0.430538 0.430659 0.432763 0.434092 0.433685 0.432097 0.429951 0.428128 0.427130 0.427380 0.428065 0.427204 0.423999 0.421651 0.420620 0.420530 0.420816 0.421079 0.421089 0.421046 0.421326 0.421962 0.422404 0.422069 0.421007 0.419627 0.418456 0.417877 0.417901 0.418522 0.419601 0.420752 0.421638 0.422289 0.422527 0.422071 0.421121 0.420568 0.420683 0.421629 0.423599 0.426730 0.428777 0.429813 0.429826 0.429499 0.429202 0.429087 0.428838 0.428220 0.427162 0.426065 0.425232
-9999.0 -9999.0 -9999.0 -9999.0 -9999.0 -9999.0 -9999.0 -9999.0 0.431302 0.432748 0.432706 0.432241 0.432587 0.433186 0.433360 0.432991 0.431824 0.430316 0.428654 0.427663 0.427990 0.428689 0.427652 0.424176 0.421660 0.420549 0.420482 0.420878 0.421259 0.421352 0.421291 0.421476 0.422032 0.422622 0.422553 0.421619 0.420071 0.418578 0.417761 0.417653 0.418155 0.419070 0.420128 0.421039 0.421874 0.422189 0.421733 0.420844 0.420228 0.419919 0.420150 0.421235 0.423558 0.426940 0.428869 0.429489 0.429307 0.428954 0.428660 0.428231 0.427628 0.427091 0.426680 0.426347
-9999.0 -9999.0 -9999.0 -9999.0 -9999.0 -9999.0 -9999.0 0.427054 0.429761 0.432203 0.434082 0.434783 0.434039 0.432852 0.432526 0.432339 0.431439 0.430094 0.428735 0.428107 0.428556 0.429124 0.427997 0.424443 0.421602 0.420231 0.420149 0.420721 0.421278 0.421515 0.421492 0.421580 0.421968 0.422566 0.422809 0.422156 0.420546 0.418693 0.417596 0.417386 0.417826 0.418762 0.419916 0.420880 0.421552 0.421749 0.421521 0.420998 0.420499 0.419963 0.419603 0.419816 0.421220 0.423972 0.427346 0.428857 0.429137 0.428835 0.428281 0.427551 0.426852 0.426775 0.427064 0.427268
-9999.0 -9999.0 -9999.0 -9999.0 -9999.0 -9999.0 0.423138 0.425569 0.428393 0.431610 0.435222 0.436284 0.434910 0.433024 0.432285 0.432124 0.431556 0.429966 0.428487 0.427937 0.428529 0.429395 0.428762 0.425946 0.421830 0.419848 0.419509 0.420176 0.420995 0.421500 0.421654 0.421696 0.421846 0.422333 0.422930 0.422836 0.421375 0.419128 0.417611 0.417218 0.417558 0.418517 0.419791 0.420635 0.420933 0.421039 0.421214 0.421217 0.420997 0.420472 0.419733 0.419259 0.419779 0.421804 0.425362 0.427623 0.428647 0.428654 0.427981 0.426993 0.426307 0.426608 0.427303 0.427762
-9999.0 -9999.0 -9999.0 -9999.0 -9999.0 0.419345 0.422189 0.424371 0.427074 0.431157 0.435464 0.437056 0.435961 0.433854 0.432582 0.432322 0.431810 0.430110 0.428279 0.427598 0.428244 0.429496 0.429444 0.427075 0.422511 0.419718 0.418884 0.419384 0.420351 0.421142 0.421602 0.421775 0.421761 0.422017 0.422803 0.423453 0.422627 0.420229 0.418145 0.417384 0.417526 0.418436 0.419678 0.420230 0.420125 0.420114 0.420497 0.420962 0.421155 0.420894 0.420117 0.419367 0.419297 0.420432 0.422732 0.425947 0.427719 0.428315 0.427707 0.426547 0.425976 0.426392 0.427077 0.427543
-9999.0 -9999.0 -9999.0 -9999.0 -9999.0 0.420981 0.422077 0.423175 0.425822 0.429903 0.433769 0.436189 0.436302 0.434769 0.433163 0.432675 0.432256 0.430618 0.428445 0.427345 0.427810 0.429354 0.430051 0.428280 0.423682 0.420113 0.418609 0.418667 0.419502 0.420473 0.421309 0.421767 0.421691 0.421607 0.422312 0.423626 0.423952 0.422100 0.419662 0.418304 0.418033 0.418715 0.419666 0.419811 0.419410 0.419304 0.419701 0.420455 0.420976 0.420872 0.420208 0.419642 0.419438 0.419976 0.421319 0.423457 0.426391 0.427565 0.427243 0.426064 0.425451 0.425639 0.426147 0.426618
-9999.0 -9999.0 -9999.0 -9999.0 -9999.0 0.421448 0.421894 0.422236 0.424948 0.428475 0.431483 0.434391 0.435741 0.435043 0.433345 0.432374 0.431822 0.430621 0.428479 0.427385 0.427802 0.429313 0.430414 0.429379 0.425434 0.421522 0.419169 0.418470 0.418845 0.419737 0.420875 0.421772 0.421821 0.421325 0.421512 0.422956 0.424481 0.424091 0.422155 0.420327 0.419492 0.419731 0.420012 0.419611 0.419043 0.418882 0.419192 0.420016 0.420631 0.420471 0.419904 0.419621 0.419643 0.419900 0.420558 0.421921 0.424055 0.426312 0.426291 0.425295 0.424538 0.424397 0.424835 0.425740
-9999.0 -9999.0 -9999.0 -9999.0 -9999.0 0.420389 0.420978 0.422299 0.425455 0.428007 0.429487 0.432109 0.434562 0.435085 0.433729 0.432308 0.431292 0.429869 0.427745 0.426642 0.427163 0.428868 0.430635 0.430870 0.428697 0.424321 0.421068 0.419334 0.418972 0.419517 0.420734 0.422032 0.422366 0.421521 0.420863 0.421659 0.423591 0.424875 0.424398 0.422882 0.421801 0.421497 0.420885 0.419940 0.419220 0.418953 0.419150 0.419818 0.420252 0.419962 0.419402 0.419236 0.419456 0.419703 0.420030 0.420811 0.422333 0.424566 0.424783 0.424167 0.423461 0.423095 0.423583 0.425240
-9999.0 -9999.0 -9999.0 -9999.0 0.418638 0.419498 0.421621 0.423142 0.426869 0.428627 0.429040 0.431161 0.434026 0.435473 0.434742 0.433138 0.431561 0.429458 0.426949 0.425022 0.425185 0.426943 0.429435 0.431191 0.431062 0.428484 0.424414 0.421710 0.420448 0.420464 0.421423 0.422835 0.423434 0.422415 0.420793 0.420379 0.421617 0.423633 0.424775 0.424608 0.424146 0.423565 0.422247 0.420883 0.419931 0.419501 0.419491 0.419782 0.419903 0.419516 0.418958 0.418785 0.419038 0.419360 0.419616 0.420058 0.420975 0.422006 0.423188 0.423018 0.422712 0.422190 0.421983 0.423390
-9999.0 -9999.0 -9999.0 -9999.0 0.419665 0.420263 0.421992 0.424124 0.428344 0.429737 0.429604 0.431278 0.434307 0.436438 0.436406 0.435007 0.433331 0.430745 0.427193 0.423835 0.422653 0.423585 0.426041 0.428752 0.430420 0.430087 0.427877 0.424694 0.422950 0.422396 0.423544 0.424608 0.424647 0.423763 0.421488 0.419816 0.419883 0.421401 0.423319 0.424722 0.425392 0.425013 0.423628 0.422162 0.421069 0.420463 0.420102 0.419872 0.419628 0.419184 0.418671 0.418433 0.418643 0.419036 0.419384 0.419708 0.420194 0.420707 0.420979 0.422028 0.422553 0.423081 0.422412 -9999.0
