tests/3D/Muntatschini_ref_005/output-maps-SE27XX/thetaliqL0008N0009.asc
ncols         108
nrows         156
xllcorner     619971.250000
yllcorner     5169711.250000
cellsize      20.000000
NODATA_value  -9999.0
[rows 87 to 115 of 156, columns 0 to 63 of 108]
-9999.0 -9999.0 -9999.0 -9999.0 0.426938 0.427233 0.428040 0.430191 0.434497 0.435809 0.435451 0.436703 0.439718 0.442449 0.443137 0.442074 0.440701 0.438561 0.434820 0.430095 0.427272 0.426745 0.428028 0.430197 0.432226 0.433151 0.432709 0.431273 0.430028 0.429373 0.429589 0.430565 0.431284 0.431468 0.429381 0.426962 0.426019 0.426599 0.428339 0.430513 0.431942 0.431913 0.430933 0.429863 0.429067 0.428306 0.427430 0.426687 0.426225 0.425806 0.425323 0.425027 0.425132 0.425533 0.426003 0.426366 0.426640 0.426828 0.426987 0.427216 0.427439 -9999.0 -9999.0 -9999.0
-9999.0 -9999.0 -9999.0 -9999.0 0.428243 0.428239 0.428508 0.430247 0.434473 0.435716 0.434990 0.435661 0.438625 0.442195 0.444002 0.443498 0.442511 0.441287 0.438518 0.433363 0.428771 0.426556 0.426558 0.427701 0.428966 0.429525 0.429242 0.428561 0.427966 0.427801 0.428244 0.429426 0.430672 0.431468 0.430235 0.427856 0.426300 0.426171 0.427411 0.429625 0.431339 0.431543 0.431021 0.430601 0.430311 0.429432 0.428032 0.426864 0.426240 0.425830 0.425336 0.424912 0.424852 0.425194 0.425762 0.426259 0.426539 0.426646 0.426657 0.426730 -9999.0 -9999.0 -9999.0 -9999.0
-9999.0 -9999.0 -9999.0 -9999.0 0.429331 0.428910 0.428907 0.430363 0.434672 0.435819 0.434466 0.434134 0.436437 0.440446 0.443519 0.444170 0.443851 0.443281 0.442026 0.438296 0.433092 0.429155 0.427742 0.427966 0.428488 0.428264 0.427235 0.426104 0.425562 0.425740 0.426527 0.427717 0.429110 0.429796 0.430001 0.428361 0.426802 0.426362 0.427182 0.429131 0.430827 0.431016 0.430719 0.430870 0.431179 0.430506 0.428819 0.427252 0.426426 0.426022 0.425546 0.424992 0.424695 0.424844 0.425364 0.426004 0.426422 0.426551 0.426523 -9999.0 -9999.0 -9999.0 -9999.0 -9999.0
-9999.0 -9999.0 -9999.0 -9999.0 0.429550 0.428797 0.429161 0.430603 0.435090 0.436203 0.434468 0.433188 0.434285 0.437597 0.441323 0.443301 0.444219 0.444622 0.444546 0.442645 0.438481 0.433902 0.431213 0.430732 0.431024 0.430327 0.428260 0.426043 0.424927 0.424971 0.425769 0.426813 0.427898 0.428852 0.428730 0.428138 0.426944 0.426612 0.427428 0.429443 0.431110 0.430949 0.430379 0.430767 0.431692 0.431700 0.430073 0.428099 0.426858 0.426347 0.425900 0.425280 0.424767 0.424695 0.425100 0.425717 0.426227 0.426373 -9999.0 -9999.0 -9999.0 -9999.0 -9999.0 -9999.0
-9999.0 -9999.0 -9999.0 -9999.0 0.428763 0.428065 0.427571 0.431139 0.435670 0.436559 0.434558 0.432696 0.432685 0.434564 0.437849 0.440747 0.442722 0.443943 0.444752 0.444552 0.442249 0.438514 0.435406 0.434525 0.435207 0.435311 0.433227 0.429706 0.427109 0.426285 0.426661 0.427529 0.428388 0.429142 0.429085 0.427848 0.427288 0.427175 0.428262 0.430503 0.431913 0.431345 0.430608 0.431137 0.432417 0.433106 0.431878 0.429623 0.427815 0.426951 0.426453 0.425821 0.425149 0.424869 0.425168 0.425871 0.425844 -9999.0 -9999.0 -9999.0 -9999.0 -9999.0 -9999.0 -9999.0
-9999.0 -9999.0 -9999.0 -9999.0 0.427785 0.427527 0.427772 0.431847 0.435976 0.436728 0.434979 0.433059 0.432047 0.432917 0.435157 0.437624 0.439531 0.440761 0.441839 0.442792 0.442505 0.440526 0.438031 0.437041 0.438106 0.439710 0.439500 0.436741 0.433097 0.430673 0.429885 0.430279 0.430945 0.431462 0.430982 0.429530 0.428207 0.428139 0.429443 0.431775 0.432880 0.432100 0.431981 0.432380 0.433641 0.434242 0.433385 0.431862 0.429616 0.428151 0.427340 0.426649 0.425936 0.425419 0.425373 0.426355 -9999.0 -9999.0 -9999.0 -9999.0 -9999.0 -9999.0 -9999.0 -9999.0
-9999.0 -9999.0 -9999.0 -9999.0 0.426453 0.426653 0.428266 0.432525 0.436137 0.437004 0.435671 0.433634 0.432350 0.432513 0.434204 0.436275 0.437560 0.437768 0.437717 0.438216 0.438786 0.438500 0.437254 0.436343 0.437094 0.439325 0.441258 0.441032 0.438504 0.435420 0.433387 0.432889 0.433353 0.434068 0.433791 0.432316 0.430796 0.430420 0.431434 0.433470 0.434300 0.433923 0.433409 0.433518 0.434908 0.435519 0.435339 0.433628 0.432126 0.430232 0.428899 0.427971 0.427157 0.426332 0.425586 0.425991 -9999.0 -9999.0 -9999.0 -9999.0 -9999.0 -9999.0 -9999.0 -9999.0
-9999.0 -9999.0 -9999.0 -9999.0 0.425634 0.426299 0.428592 0.433014 0.436287 0.437215 0.436482 0.434831 0.433027 0.432557 0.434137 0.436750 0.438428 0.438046 0.436361 0.434945 0.434361 0.434209 0.433798 0.433137 0.433121 0.434423 0.436780 0.438750 0.438908 0.437244 0.435076 0.433727 0.433709 0.434668 0.435158 0.434525 0.433340 0.432937 0.433665 0.435205 0.435580 0.435108 0.434806 0.434953 0.435213 0.435791 0.435855 0.435289 0.433736 0.432684 0.431102 0.429887 0.428919 0.427879 0.426343 0.425461 -9999.0 -9999.0 -9999.0 -9999.0 -9999.0 -9999.0 -9999.0 -9999.0
-9999.0 -9999.0 -9999.0 -9999.0 -9999.0 0.426990 0.428226 0.432575 0.435719 0.436922 0.436742 0.435487 0.433546 0.432542 0.433821 0.437181 0.440491 0.441401 0.439453 0.436163 0.433282 0.431678 0.430993 0.430546 0.430109 0.430136 0.431228 0.433214 0.435124 0.435682 0.434798 0.433346 0.432653 0.433235 0.434153 0.434587 0.434416 0.434610 0.435609 0.436899 0.436949 0.436148 0.435588 0.435592 0.435801 0.435747 0.435439 0.435184 0.434828 0.433790 0.433139 0.431937 0.430875 0.430052 0.428576 0.425787 -9999.0 -9999.0 -9999.0 -9999.0 -9999.0 -9999.0 -9999.0 -9999.0
-9999.0 -9999.0 -9999.0 -9999.0 -9999.0 0.426559 0.427748 0.431533 0.434577 0.436003 0.436075 0.435196 0.433501 0.432198 0.432704 0.435903 0.440723 0.444431 0.444842 0.441946 0.437425 0.433595 0.431505 0.430692 0.430181 0.429512 0.429306 0.429994 0.431717 0.433446 0.434174 0.433560 0.432481 0.432084 0.432277 0.432842 0.433479 0.434586 0.436327 0.437842 0.437962 0.436981 0.436080 0.435748 0.435749 0.435654 0.435154 0.434615 0.434352 0.434259 0.433836 0.433389 0.432597 0.431433 0.431896 -9999.0 -9999.0 -9999.0 -9999.0 -9999.0 -9999.0 -9999.0 -9999.0 -9999.0
-9999.0 -9999.0 -9999.0 -9999.0 -9999.0 0.425462 0.426888 0.430654 0.433510 0.434992 0.435018 0.434178 0.432809 0.431525 0.431206 0.433186 0.437898 0.443689 0.447451 0.447401 0.443964 0.439264 0.435659 0.433953 0.433458 0.432787 0.431798 0.431024 0.431429 0.432887 0.434450 0.435035 0.434272 0.433005 0.431825 0.431359 0.431741 0.432959 0.434918 0.436701 0.437338 0.437005 0.436404 0.435769 0.435296 0.435232 0.434982 0.434379 0.433809 0.433981 0.434038 0.433626 0.433782 0.432796 0.432583 -9999.0 -9999.0 -9999.0 -9999.0 -9999.0 -9999.0 -9999.0 -9999.0 -9999.0
-9999.0 -9999.0 -9999.0 -9999.0 -9999.0 0.425222 0.426478 0.429913 0.432864 0.434483 0.434340 0.433195 0.431853 0.430719 0.429985 0.430589 0.433678 0.439324 0.445297 0.448575 0.447995 0.444538 0.440533 0.437868 0.436991 0.436590 0.435769 0.434528 0.433805 0.434356 0.435720 0.437103 0.437322 0.436157 0.434074 0.432237 0.431409 0.431466 0.432613 0.434129 0.435183 0.435882 0.436103 0.435439 0.434466 0.434317 0.434629 0.434499 0.433867 0.433822 0.434067 0.434294 0.433575 0.434903 -9999.0 -9999.0 -9999.0 -9999.0 -9999.0 -9999.0 -9999.0 -9999.0 -9999.0 -9999.0
-9999.0 -9999.0 -9999.0 -9999.0 -9999.0 0.425244 0.426380 0.429488 0.432514 0.434424 0.434197 0.433124 0.431566 0.430220 0.429335 0.428995 0.430346 0.434306 0.440287 0.445564 0.447825 0.446698 0.443643 0.440476 0.438456 0.437512 0.436862 0.436169 0.435436 0.435542 0.436385 0.437850 0.439100 0.439275 0.438067 0.435836 0.433565 0.431971 0.431930 0.432464 0.433047 0.434163 0.435402 0.435341 0.434081 0.433290 0.433618 0.434218 0.434439 0.434243 0.434470 0.435408 0.434853 0.435217 -9999.0 -9999.0 -9999.0 -9999.0 -9999.0 -9999.0 -9999.0 -9999.0 -9999.0 -9999.0
-9999.0 -9999.0 -9999.0 -9999.0 -9999.0 0.425502 0.426229 0.429069 0.432453 0.434509 0.434615 0.432730 0.431488 0.430413 0.429558 0.428424 0.428409 0.430544 0.435373 0.441194 0.445351 0.446402 0.444963 0.442194 0.439190 0.436889 0.435416 0.434752 0.434424 0.434516 0.435040 0.436211 0.438063 0.439913 0.440803 0.439762 0.437281 0.435102 0.434188 0.433220 0.432429 0.432857 0.434441 0.435301 0.434507 0.433273 0.432961 0.433863 0.434372 0.434643 0.434884 0.435893 0.439039 -9999.0 -9999.0 -9999.0 -9999.0 -9999.0 -9999.0 -9999.0 -9999.0 -9999.0 -9999.0 -9999.0
-9999.0 -9999.0 -9999.0 -9999.0 -9999.0 0.425648 0.426130 0.428540 0.431969 0.434424 0.434823 0.433442 0.431426 0.430709 0.429742 0.428689 0.427679 0.428308 0.431383 0.436483 0.441614 0.444493 0.444981 0.443640 0.441045 0.437857 0.434873 0.432959 0.432213 0.432063 0.432323 0.433052 0.434744 0.437381 0.439804 0.440689 0.440035 0.439186 0.438220 0.436198 0.434069 0.433129 0.434170 0.435521 0.435385 0.433841 0.432884 0.432976 0.433734 0.434369 0.434590 0.434736 0.437312 -9999.0 -9999.0 -9999.0 -9999.0 -9999.0 -9999.0 -9999.0 -9999.0 -9999.0 -9999.0 -9999.0
-9999.0 -9999.0 -9999.0 -9999.0 0.424294 0.424608 0.425700 0.427822 0.431219 0.434088 0.434918 0.433920 0.432039 0.431127 0.430176 0.428958 0.427740 0.427359 0.428606 0.432130 0.436830 0.440645 0.442745 0.443345 0.442563 0.440170 0.436631 0.433304 0.431346 0.430426 0.430168 0.430361 0.431402 0.433539 0.435965 0.438230 0.440062 0.441319 0.441651 0.440154 0.437523 0.435149 0.434935 0.436053 0.436374 0.435019 0.432812 0.431895 0.432401 0.433281 0.433713 0.433709 0.433823 -9999.0 -9999.0 -9999.0 -9999.0 -9999.0 -9999.0 -9999.0 -9999.0 -9999.0 -9999.0 -9999.0
-9999.0 -9999.0 -9999.0 -9999.0 0.424330 0.424437 0.425269 0.427059 0.430057 0.433513 0.435025 0.434429 0.432743 0.431226 0.430269 0.429789 0.428294 0.426976 0.426956 0.428724 0.431980 0.435688 0.438664 0.440749 0.441902 0.441335 0.438654 0.434885 0.431848 0.430086 0.429198 0.428853 0.429180 0.430157 0.431746 0.434327 0.437539 0.440286 0.442137 0.442156 0.440437 0.437891 0.436596 0.436888 0.437411 0.435872 0.432954 0.430849 0.430592 0.431310 0.432112 0.432268 0.432390 -9999.0 -9999.0 -9999.0 -9999.0 -9999.0 -9999.0 -9999.0 -9999.0 -9999.0 -9999.0 -9999.0
-9999.0 -9999.0 -9999.0 0.424012 0.424071 0.424497 0.425074 0.426417 0.428899 0.432187 0.434980 0.435145 0.433612 0.432050 0.431219 0.430202 0.429114 0.427197 0.426091 0.426400 0.428375 0.431181 0.434236 0.437063 0.439359 0.440471 0.439371 0.436368 0.432984 0.430542 0.429102 0.428355 0.428142 0.428101 0.428853 0.430827 0.433866 0.436980 0.439641 0.441052 0.440835 0.439325 0.437778 0.437476 0.438000 0.436901 0.433783 0.430527 0.429063 0.429162 0.429872 0.429796 0.429488 -9999.0 -9999.0 -9999.0 -9999.0 -9999.0 -9999.0 -9999.0 -9999.0 -9999.0 -9999.0 -9999.0
-9999.0 -9999.0 -9999.0 0.424031 0.424015 0.424369 0.424846 0.425856 0.427789 0.430737 0.433918 0.435292 0.434689 0.433286 0.432092 0.430847 0.429540 0.427355 0.425711 0.425219 0.425929 0.427901 0.430377 0.433337 0.436275 0.438520 0.438876 0.437130 0.434208 0.431530 0.429819 0.428892 0.428295 0.427599 0.427630 0.428656 0.430765 0.433387 0.435878 0.437775 0.438686 0.438408 0.437408 0.437296 0.437771 0.437603 0.435349 0.431681 0.428896 0.427923 0.427855 0.427483 0.427927 -9999.0 -9999.0 -9999.0 -9999.0 -9999.0 -9999.0 -9999.0 -9999.0 -9999.0 -9999.0 -9999.0
-9999.0 -9999.0 0.423631 0.423915 0.424149 0.424274 0.424595 0.425318 0.426751 0.429146 0.432186 0.434378 0.434975 0.434186 0.432967 0.431603 0.429554 0.427597 0.425669 0.424723 0.424684 0.425470 0.427267 0.429719 0.432762 0.435855 0.437689 0.437483 0.435457 0.432863 0.431059 0.430138 0.429459 0.428643 0.428122 0.428258 0.429321 0.431138 0.433004 0.434742 0.435997 0.436384 0.436105 0.435698 0.436108 0.436906 0.436452 0.433840 0.430499 0.428575 0.427742 0.426931 -9999.0 -9999.0 -9999.0 -9999.0 -9999.0 -9999.0 -9999.0 -9999.0 -9999.0 -9999.0 -9999.0 -9999.0
-9999.0 -9999.0 0.423830 0.423962 0.424155 0.424246 0.424417 0.424899 0.425874 0.427572 0.429865 0.432272 0.434048 0.434436 0.434287 0.433253 0.430857 0.428249 0.425875 0.424631 0.424191 0.424320 0.425055 0.426826 0.429245 0.432406 0.435174 0.436547 0.435987 0.434140 0.432450 0.431537 0.431028 0.430578 0.429909 0.429445 0.429650 0.430616 0.431947 0.433479 0.434825 0.435640 0.435127 0.434052 0.433660 0.434537 0.435648 0.435189 0.432754 0.430240 0.430087 -9999.0 -9999.0 -9999.0 -9999.0 -9999.0 -9999.0 -9999.0 -9999.0 -9999.0 -9999.0 -9999.0 -9999.0 -9999.0
-9999.0 -9999.0 0.424281 0.424094 0.424099 0.424173 0.424283 0.424593 0.425254 0.426415 0.428078 0.429953 0.432109 0.434012 0.435596 0.435531 0.433014 0.429826 0.426786 0.425122 0.424346 0.424082 0.424229 0.424949 0.426478 0.428884 0.431479 0.433627 0.434413 0.433655 0.432392 0.431623 0.431538 0.431784 0.431579 0.431072 0.430926 0.431426 0.432485 0.433993 0.435780 0.436535 0.435582 0.433469 0.431910 0.431875 0.433128 0.434173 0.433530 0.430739 0.429889 -9999.0 -9999.0 -9999.0 -9999.0 -9999.0 -9999.0 -9999.0 -9999.0 -9999.0 -9999.0 -9999.0 -9999.0 -9999.0
-9999.0 -9999.0 0.424163 0.424006 0.423988 0.424033 0.424141 0.424350 0.424812 0.425652 0.427005 0.428666 0.430833 0.433243 0.435892 0.437397 0.436092 0.433141 0.429452 0.427077 0.425701 0.424817 0.424376 0.424440 0.424994 0.426082 0.427853 0.429605 0.430931 0.431183 0.430613 0.430123 0.430359 0.431028 0.431371 0.431192 0.431204 0.431815 0.433040 0.435094 0.437351 0.438777 0.437962 0.435214 0.432473 0.430990 0.430964 0.431686 0.432296 0.431296 0.429008 -9999.0 -9999.0 -9999.0 -9999.0 -9999.0 -9999.0 -9999.0 -9999.0 -9999.0 -9999.0 -9999.0 -9999.0 -9999.0
-9999.0 0.423281 0.423640 0.423835 0.423866 0.423895 0.423988 0.424130 0.424447 0.425097 0.426283 0.427909 0.429851 0.432435 0.435366 0.438152 0.438896 0.437471 0.434073 0.431138 0.428443 0.427044 0.425632 0.424860 0.424730 0.425003 0.425540 0.426518 0.427346 0.427874 0.427912 0.427857 0.428360 0.429416 0.429888 0.429712 0.429656 0.430438 0.432010 0.434493 0.437649 0.440199 0.440595 0.438625 0.435811 0.433284 0.431559 0.430502 0.430121 0.431765 -9999.0 -9999.0 -9999.0 -9999.0 -9999.0 -9999.0 -9999.0 -9999.0 -9999.0 -9999.0 -9999.0 -9999.0 -9999.0 -9999.0
-9999.0 0.423296 0.423546 0.423762 0.423838 0.423887 0.423957 0.424012 0.424137 0.424559 0.425496 0.427037 0.428900 0.431063 0.434081 0.437389 0.439967 0.440042 0.437964 0.434959 0.432321 0.430424 0.428239 0.426500 0.425511 0.425083 0.424964 0.425195 0.425749 0.425874 0.425934 0.426011 0.426572 0.427717 0.428244 0.427902 0.427334 0.427610 0.428913 0.431474 0.435117 0.438819 0.441173 0.441179 0.439600 0.437411 0.435061 0.432388 0.429399 0.429488 -9999.0 -9999.0 -9999.0 -9999.0 -9999.0 -9999.0 -9999.0 -9999.0 -9999.0 -9999.0 -9999.0 -9999.0 -9999.0 -9999.0
-9999.0 0.423479 0.423698 0.423830 0.423922 0.424023 0.424093 0.424063 0.423997 0.424138 0.424686 0.425821 0.427398 0.429274 0.431571 0.434912 0.438197 0.440142 0.439755 0.437679 0.435430 0.433312 0.431271 0.429241 0.427466 0.426232 0.425493 0.425765 0.425918 0.425706 0.425503 0.425334 0.425590 0.426332 0.427264 0.427171 0.426356 0.425912 0.426334 0.427869 0.430517 0.433895 0.437249 0.439275 0.439835 0.439348 0.438058 0.435312 0.430932 0.428222 -9999.0 -9999.0 -9999.0 -9999.0 -9999.0 -9999.0 -9999.0 -9999.0 -9999.0 -9999.0 -9999.0 -9999.0 -9999.0 -9999.0
-9999.0 0.423617 0.423776 0.423954 0.424039 0.424218 0.424360 0.424304 0.424072 0.423956 0.424157 0.424783 0.425818 0.427175 0.428899 0.431241 0.434506 0.437196 0.438546 0.438135 0.436695 0.435378 0.434221 0.432911 0.431339 0.430062 0.429242 0.428602 0.428104 0.427544 0.426672 0.425748 0.425245 0.425480 0.426577 0.427245 0.426904 0.426097 0.425657 0.425937 0.427141 0.428959 0.430922 0.432960 0.434407 0.435407 0.435770 0.434488 0.431005 0.429026 -9999.0 -9999.0 -9999.0 -9999.0 -9999.0 -9999.0 -9999.0 -9999.0 -9999.0 -9999.0 -9999.0 -9999.0 -9999.0 -9999.0
-9999.0 0.423640 0.423830 0.424013 0.424119 0.424354 0.424610 0.424636 0.424349 0.424041 0.423975 0.424217 0.424755 0.425537 0.426665 0.428286 0.430772 0.433756 0.436134 0.437024 0.436581 0.435957 0.435491 0.434971 0.434342 0.433732 0.433077 0.432262 0.431580 0.430776 0.429466 0.427515 0.425797 0.425258 0.425985 0.427646 0.428460 0.428058 0.427050 0.426047 0.426100 0.427585 0.428405 0.429393 0.430859 0.432318 0.433493 0.432441 0.431327 -9999.0 -9999.0 -9999.0 -9999.0 -9999.0 -9999.0 -9999.0 -9999.0 -9999.0 -9999.0 -9999.0 -9999.0 -9999.0 -9999.0 -9999.0
-9999.0 0.423698 0.423894 0.424072 0.424203 0.424493 0.424840 0.424993 0.424773 0.424368 0.424098 0.424087 0.424316 0.424738 0.425440 0.426615 0.428600 0.431600 0.434025 0.435466 0.435718 0.435439 0.435163 0.435059 0.435028 0.434652 0.433968 0.433247 0.432942 0.432711 0.431872 0.429818 0.427299 0.425896 0.426055 0.427488 0.429648 0.430621 0.429926 0.428181 0.426448 -9999.0 -9999.0 -9999.0 -9999.0 -9999.0 -9999.0 -9999.0 -9999.0 -9999.0 -9999.0 -9999.0 -9999.0 -9999.0 -9999.0 -9999.0 -9999.0 -9999.0 -9999.0 -9999.0 -9999.0 -9999.0 -9999.0 -9999.0
