tests/3D/Muntatschini_ref_005/output-maps-SE27XX/thetaliqL0004N0003.asc
ncols         108
nrows         156
xllcorner     619971.250000
yllcorner     5169711.250000
cellsize      20.000000
NODATA_value  -9999.0
[rows 87 to 115 of 156, columns 0 to 63 of 108]
-9999.0 -9999.0 -9999.0 -9999.0 0.412448 0.412646 0.413264 0.415517 0.420225 0.421714 0.421301 0.422584 0.425825 0.428820 0.429654 0.428558 0.427122 0.424871 0.420889 0.416102 0.413032 0.412389 0.413686 0.415968 0.418150 0.419207 0.418809 0.417469 0.416120 0.415378 0.415430 0.416463 0.417565 0.417337 0.415104 0.412505 0.411476 0.412071 0.413901 0.416214 0.417754 0.417752 0.416714 0.415565 0.414706 0.413895 0.412968 0.412187 0.411705 0.411269 0.410764 0.410448 0.410554 0.410981 0.411482 0.411868 0.412171 0.412426 0.412607 0.412799 0.413091 -9999.0 -9999.0 -9999.0
-9999.0 -9999.0 -9999.0 -9999.0 0.413833 0.413683 0.413724 0.415549 0.420149 0.421578 0.420788 0.421451 0.424610 0.428503 0.430557 0.430096 0.429072 0.427815 0.424902 0.419684 0.414745 0.412308 0.412224 0.413388 0.414707 0.415315 0.415043 0.414332 0.413686 0.413482 0.413939 0.415201 0.416744 0.417328 0.416020 0.413464 0.411779 0.411614 0.412903 0.415249 0.417097 0.417341 0.416789 0.416340 0.416035 0.415110 0.413630 0.412393 0.411735 0.411309 0.410793 0.410344 0.410276 0.410635 0.411252 0.411809 0.412125 0.412254 0.412292 0.412441 -9999.0 -9999.0 -9999.0 -9999.0
-9999.0 -9999.0 -9999.0 -9999.0 0.414979 0.414375 0.414136 0.415659 0.420356 0.421697 0.420264 0.419861 0.422278 0.426594 0.430004 0.430804 0.430499 0.430158 0.428910 0.425001 0.419436 0.415166 0.413581 0.413775 0.414310 0.414071 0.412974 0.411760 0.411164 0.411327 0.412152 0.413416 0.414928 0.415957 0.415764 0.414003 0.412317 0.411817 0.412661 0.414728 0.416549 0.416769 0.416457 0.416625 0.416970 0.416275 0.414485 0.412824 0.411949 0.411530 0.411032 0.410443 0.410127 0.410292 0.410867 0.411564 0.412023 0.412192 0.412229 -9999.0 -9999.0 -9999.0 -9999.0 -9999.0
-9999.0 -9999.0 -9999.0 -9999.0 0.415185 0.414220 0.414397 0.415908 0.420800 0.422114 0.420293 0.418896 0.420010 0.423535 0.427584 0.429990 0.431020 0.431518 0.431518 0.429596 0.425184 0.420274 0.417330 0.416781 0.417093 0.416390 0.414210 0.411820 0.410581 0.410584 0.411410 0.412525 0.413688 0.414719 0.414828 0.413762 0.412469 0.412085 0.412927 0.415071 0.416864 0.416710 0.416103 0.416526 0.417527 0.417561 0.415839 0.413743 0.412427 0.411890 0.411422 0.410770 0.410229 0.410175 0.410612 0.411279 0.411853 0.412082 -9999.0 -9999.0 -9999.0 -9999.0 -9999.0 -9999.0
-9999.0 -9999.0 -9999.0 -9999.0 0.414313 0.413389 0.412701 0.416506 0.421460 0.422551 0.420453 0.418433 0.418365 0.420519 0.424021 0.427164 0.429298 0.430665 0.431604 0.431496 0.429118 0.425143 0.421782 0.420816 0.421576 0.421774 0.419608 0.415855 0.413029 0.412087 0.412447 0.413365 0.414271 0.415068 0.415023 0.413887 0.412840 0.412692 0.413831 0.416223 0.417747 0.417158 0.416368 0.416929 0.418303 0.419067 0.417782 0.415384 0.413466 0.412551 0.412030 0.411371 0.410681 0.410390 0.410708 0.411483 0.411527 -9999.0 -9999.0 -9999.0 -9999.0 -9999.0 -9999.0 -9999.0
-9999.0 -9999.0 -9999.0 -9999.0 0.413201 0.412768 0.412943 0.417311 0.421834 0.422759 0.420920 0.418841 0.417940 0.418809 0.421158 0.423779 0.425817 0.427151 0.428331 0.429432 0.429230 0.427182 0.424509 0.423415 0.424553 0.426357 0.426246 0.423360 0.419418 0.416772 0.415891 0.416297 0.417003 0.417559 0.417077 0.415537 0.414193 0.414030 0.415354 0.417876 0.419128 0.418480 0.417847 0.418264 0.419525 0.420540 0.419917 0.417796 0.415408 0.413851 0.412996 0.412290 0.411543 0.410993 0.410964 0.412085 -9999.0 -9999.0 -9999.0 -9999.0 -9999.0 -9999.0 -9999.0 -9999.0
-9999.0 -9999.0 -9999.0 -9999.0 0.411851 0.411895 0.413644 0.418293 0.422272 0.423086 0.421678 0.419702 0.418297 0.418416 0.420178 0.422378 0.423753 0.423969 0.423889 0.424428 0.425095 0.424865 0.423565 0.422558 0.423316 0.425724 0.427897 0.427778 0.425115 0.421805 0.419596 0.419024 0.419501 0.420280 0.420053 0.418505 0.416837 0.416336 0.417361 0.419583 0.420528 0.420150 0.419712 0.419948 0.420866 0.421720 0.421692 0.420219 0.418104 0.416089 0.414698 0.413715 0.412853 0.412006 0.411253 0.411718 -9999.0 -9999.0 -9999.0 -9999.0 -9999.0 -9999.0 -9999.0 -9999.0
-9999.0 -9999.0 -9999.0 -9999.0 0.411038 0.411615 0.413846 0.418765 0.422439 0.423500 0.422746 0.420991 0.419044 0.418488 0.420119 0.422911 0.424746 0.424365 0.422553 0.421005 0.420358 0.420212 0.419797 0.419091 0.419027 0.420379 0.422903 0.425087 0.425339 0.423613 0.421296 0.419818 0.419772 0.420812 0.421423 0.420782 0.419497 0.418966 0.419723 0.421411 0.421868 0.421366 0.420989 0.421124 0.421578 0.422054 0.422179 0.421645 0.420341 0.418707 0.417052 0.415759 0.414730 0.413656 0.412099 0.411138 -9999.0 -9999.0 -9999.0 -9999.0 -9999.0 -9999.0 -9999.0 -9999.0
-9999.0 -9999.0 -9999.0 -9999.0 -9999.0 0.412357 0.413514 0.418293 0.421804 0.423144 0.422991 0.421692 0.419616 0.418493 0.419790 0.423367 0.426987 0.428067 0.426013 0.422476 0.419348 0.417598 0.416844 0.416362 0.415881 0.415884 0.417008 0.419115 0.421195 0.421856 0.420954 0.419400 0.418636 0.419239 0.420269 0.420751 0.420559 0.420691 0.421763 0.423192 0.423301 0.422426 0.421772 0.421774 0.422026 0.422011 0.421713 0.421467 0.421130 0.420359 0.419206 0.417934 0.416820 0.416008 0.414483 0.411480 -9999.0 -9999.0 -9999.0 -9999.0 -9999.0 -9999.0 -9999.0 -9999.0
-9999.0 -9999.0 -9999.0 -9999.0 -9999.0 0.411915 0.413027 0.417138 0.420560 0.422135 0.422254 0.421360 0.419562 0.418129 0.418591 0.421953 0.427154 0.431265 0.431842 0.428808 0.423956 0.419813 0.417533 0.416640 0.416084 0.415356 0.415088 0.415770 0.417575 0.419447 0.420265 0.419642 0.418490 0.418040 0.418246 0.418818 0.419474 0.420583 0.422460 0.424133 0.424313 0.423260 0.422266 0.421926 0.421949 0.421899 0.421400 0.420840 0.420570 0.420498 0.420083 0.419458 0.418629 0.417447 0.418041 -9999.0 -9999.0 -9999.0 -9999.0 -9999.0 -9999.0 -9999.0 -9999.0 -9999.0
-9999.0 -9999.0 -9999.0 -9999.0 -9999.0 0.410773 0.412208 0.416069 0.419341 0.421054 0.421126 0.420254 0.418809 0.417409 0.417016 0.419042 0.424028 0.430283 0.434506 0.434634 0.431017 0.425959 0.422047 0.420182 0.419642 0.418923 0.417842 0.416981 0.417358 0.418890 0.420570 0.421240 0.420444 0.419072 0.417795 0.417243 0.417602 0.418798 0.420879 0.422806 0.423545 0.423212 0.422593 0.421960 0.421483 0.421452 0.421217 0.420596 0.419988 0.419922 0.420003 0.419836 0.419891 0.418941 0.418709 -9999.0 -9999.0 -9999.0 -9999.0 -9999.0 -9999.0 -9999.0 -9999.0 -9999.0
-9999.0 -9999.0 -9999.0 -9999.0 -9999.0 0.410532 0.411810 0.415365 0.418672 0.420530 0.420422 0.419163 0.417739 0.416557 0.415745 0.416304 0.419499 0.425482 0.431974 0.435693 0.435255 0.431595 0.427276 0.424369 0.423384 0.422954 0.422072 0.420749 0.419933 0.420490 0.421915 0.423417 0.423692 0.422462 0.420246 0.418229 0.417260 0.417196 0.418376 0.420002 0.421182 0.421965 0.422256 0.421613 0.420599 0.420457 0.420822 0.420723 0.420072 0.419763 0.420027 0.420281 0.419713 0.421313 -9999.0 -9999.0 -9999.0 -9999.0 -9999.0 -9999.0 -9999.0 -9999.0 -9999.0 -9999.0
-9999.0 -9999.0 -9999.0 -9999.0 -9999.0 0.410569 0.411722 0.414931 0.418260 0.420466 0.420481 0.418920 0.417179 0.415939 0.415032 0.414649 0.416000 0.420126 0.426513 0.432284 0.434877 0.433794 0.430539 0.427109 0.424884 0.423851 0.423158 0.422438 0.421636 0.421711 0.422576 0.424141 0.425530 0.425778 0.424540 0.422117 0.419595 0.417773 0.417704 0.418285 0.418931 0.420132 0.421524 0.421551 0.420250 0.419405 0.419749 0.420417 0.420434 0.420227 0.420457 0.421468 0.421017 0.421164 -9999.0 -9999.0 -9999.0 -9999.0 -9999.0 -9999.0 -9999.0 -9999.0 -9999.0 -9999.0
-9999.0 -9999.0 -9999.0 -9999.0 -9999.0 0.410875 0.411578 0.414586 0.418051 0.420487 0.420762 0.419054 0.417234 0.416015 0.415034 0.413999 0.414000 0.416178 0.421250 0.427511 0.432105 0.433363 0.431890 0.428916 0.425654 0.423155 0.421561 0.420851 0.420483 0.420539 0.421065 0.422300 0.424301 0.426350 0.427371 0.426254 0.423547 0.421173 0.420223 0.419216 0.418376 0.418805 0.420525 0.421516 0.420731 0.419414 0.419064 0.419763 0.420354 0.420646 0.420894 0.421989 0.425602 -9999.0 -9999.0 -9999.0 -9999.0 -9999.0 -9999.0 -9999.0 -9999.0 -9999.0 -9999.0 -9999.0
-9999.0 -9999.0 -9999.0 -9999.0 -9999.0 0.411035 0.411484 0.414035 0.417609 0.420413 0.420995 0.419560 0.417641 0.416402 0.415354 0.414106 0.413206 0.413831 0.417053 0.422456 0.427996 0.431197 0.431798 0.430419 0.427662 0.424249 0.421036 0.418953 0.418109 0.417902 0.418147 0.418912 0.420704 0.423530 0.426125 0.427074 0.426421 0.425574 0.424627 0.422499 0.420212 0.419163 0.420266 0.421757 0.421677 0.420049 0.418735 0.418838 0.419654 0.420332 0.420586 0.420796 0.423522 -9999.0 -9999.0 -9999.0 -9999.0 -9999.0 -9999.0 -9999.0 -9999.0 -9999.0 -9999.0 -9999.0
-9999.0 -9999.0 -9999.0 -9999.0 0.409645 0.409934 0.411040 0.413275 0.416823 0.420002 0.421088 0.420056 0.418180 0.416853 0.415829 0.414513 0.413135 0.412648 0.414067 0.417757 0.422819 0.426954 0.429264 0.429977 0.429232 0.426737 0.422964 0.419367 0.417216 0.416190 0.415883 0.416075 0.417149 0.419362 0.421891 0.424310 0.426350 0.427798 0.428275 0.426754 0.423954 0.421384 0.421111 0.422303 0.422701 0.421043 0.418682 0.417687 0.418210 0.419139 0.419666 0.419694 0.419794 -9999.0 -9999.0 -9999.0 -9999.0 -9999.0 -9999.0 -9999.0 -9999.0 -9999.0 -9999.0 -9999.0
-9999.0 -9999.0 -9999.0 -9999.0 0.409686 0.409754 0.410594 0.412472 0.415673 0.419224 0.421023 0.420579 0.418795 0.417288 0.416381 0.415417 0.413798 0.412357 0.412237 0.413990 0.417530 0.421591 0.424802 0.427088 0.428409 0.427931 0.425120 0.421075 0.417773 0.415855 0.414892 0.414510 0.414815 0.415761 0.417364 0.420088 0.423574 0.426591 0.428665 0.428815 0.427046 0.424329 0.422885 0.423166 0.423531 0.421952 0.418855 0.416591 0.416277 0.417023 0.417932 0.418140 0.418252 -9999.0 -9999.0 -9999.0 -9999.0 -9999.0 -9999.0 -9999.0 -9999.0 -9999.0 -9999.0 -9999.0
-9999.0 -9999.0 -9999.0 0.409373 0.409416 0.409814 0.410392 0.411794 0.414438 0.417964 0.420798 0.421266 0.419757 0.418077 0.417171 0.416297 0.414684 0.412611 0.411400 0.411688 0.413616 0.416717 0.420060 0.423113 0.425612 0.426905 0.425833 0.422661 0.419022 0.416396 0.414841 0.414025 0.413739 0.413608 0.414336 0.416387 0.419631 0.422985 0.425886 0.427513 0.427386 0.425801 0.424104 0.423756 0.424138 0.423055 0.419763 0.416278 0.414671 0.414742 0.415530 0.415470 0.415150 -9999.0 -9999.0 -9999.0 -9999.0 -9999.0 -9999.0 -9999.0 -9999.0 -9999.0 -9999.0 -9999.0
-9999.0 -9999.0 -9999.0 0.409396 0.409356 0.409664 0.410157 0.411202 0.413257 0.416408 0.419733 0.421403 0.420898 0.419383 0.418066 0.416839 0.415139 0.412792 0.411018 0.410467 0.411179 0.413133 0.415883 0.419129 0.422285 0.424761 0.425250 0.423460 0.420351 0.417484 0.415644 0.414629 0.413931 0.413132 0.413115 0.414160 0.416355 0.419148 0.421840 0.423944 0.424977 0.424718 0.423640 0.423316 0.423865 0.423780 0.421442 0.417551 0.414551 0.413484 0.413369 0.413016 0.413409 -9999.0 -9999.0 -9999.0 -9999.0 -9999.0 -9999.0 -9999.0 -9999.0 -9999.0 -9999.0 -9999.0
-9999.0 -9999.0 0.408988 0.409279 0.409490 0.409569 0.409878 0.410635 0.412153 0.414710 0.417883 0.420317 0.421066 0.420278 0.418945 0.417476 0.415539 0.413057 0.410991 0.409967 0.409902 0.410710 0.412495 0.415207 0.418526 0.421882 0.423943 0.423825 0.421712 0.418946 0.416995 0.415970 0.415186 0.414295 0.413712 0.413826 0.414913 0.416832 0.418836 0.420705 0.422056 0.422493 0.422004 0.421591 0.422055 0.422978 0.422586 0.419869 0.416299 0.414200 0.413321 0.412405 -9999.0 -9999.0 -9999.0 -9999.0 -9999.0 -9999.0 -9999.0 -9999.0 -9999.0 -9999.0 -9999.0 -9999.0
-9999.0 -9999.0 0.409207 0.409325 0.409485 0.409529 0.409693 0.410191 0.411222 0.413026 0.415476 0.417967 0.419776 0.420398 0.420332 0.419268 0.416911 0.413773 0.411237 0.409900 0.409411 0.409528 0.410286 0.412040 0.414724 0.418141 0.421215 0.422769 0.422251 0.420302 0.418473 0.417451 0.416857 0.416385 0.415663 0.415148 0.415343 0.416359 0.417763 0.419379 0.420805 0.421492 0.420987 0.419869 0.419452 0.420408 0.421673 0.421269 0.418707 0.416009 0.415962 -9999.0 -9999.0 -9999.0 -9999.0 -9999.0 -9999.0 -9999.0 -9999.0 -9999.0 -9999.0 -9999.0 -9999.0 -9999.0
-9999.0 -9999.0 0.409694 0.409456 0.409426 0.409449 0.409558 0.409874 0.410567 0.411798 0.413564 0.415556 0.417764 0.419919 0.421747 0.421781 0.419325 0.415492 0.412239 0.410455 0.409610 0.409305 0.409438 0.410191 0.411763 0.414233 0.417136 0.419584 0.420503 0.419734 0.418366 0.417497 0.417364 0.417649 0.417444 0.416906 0.416739 0.417264 0.418374 0.419953 0.421654 0.422503 0.421543 0.419313 0.417632 0.417594 0.418938 0.420103 0.419505 0.416600 0.415668 -9999.0 -9999.0 -9999.0 -9999.0 -9999.0 -9999.0 -9999.0 -9999.0 -9999.0 -9999.0 -9999.0 -9999.0 -9999.0
-9999.0 -9999.0 0.409569 0.409348 0.409299 0.409309 0.409411 0.409624 0.410103 0.410992 0.412422 0.414187 0.416410 0.419069 0.422072 0.423796 0.422690 0.419078 0.415116 0.412564 0.411082 0.410119 0.409623 0.409668 0.410246 0.411397 0.413176 0.415188 0.416728 0.417030 0.416422 0.415870 0.416089 0.416807 0.417186 0.417017 0.417030 0.417671 0.418945 0.420903 0.423336 0.424948 0.424172 0.421268 0.418322 0.416718 0.416647 0.417418 0.418149 0.417200 0.414642 -9999.0 -9999.0 -9999.0 -9999.0 -9999.0 -9999.0 -9999.0 -9999.0 -9999.0 -9999.0 -9999.0 -9999.0 -9999.0
-9999.0 0.408641 0.409015 0.409175 0.409162 0.409170 0.409258 0.409400 0.409726 0.410409 0.411661 0.413387 0.415457 0.418068 0.421340 0.424562 0.425685 0.423754 0.420096 0.416878 0.414424 0.412519 0.410993 0.410151 0.409994 0.410271 0.410839 0.411791 0.412831 0.413462 0.413503 0.413425 0.413934 0.414841 0.415360 0.415193 0.415119 0.415932 0.417577 0.420215 0.423633 0.426468 0.427004 0.424946 0.421933 0.419226 0.417352 0.416213 0.415833 0.417763 -9999.0 -9999.0 -9999.0 -9999.0 -9999.0 -9999.0 -9999.0 -9999.0 -9999.0 -9999.0 -9999.0 -9999.0 -9999.0 -9999.0
-9999.0 0.408661 0.408913 0.409100 0.409138 0.409173 0.409237 0.409289 0.409411 0.409848 0.410836 0.412467 0.414447 0.416757 0.419807 0.423484 0.426512 0.426920 0.424680 0.421403 0.418529 0.416150 0.413802 0.411931 0.410864 0.410400 0.410262 0.410499 0.411011 0.411349 0.411425 0.411478 0.412049 0.413049 0.413632 0.413292 0.412660 0.412902 0.414236 0.416934 0.420834 0.424875 0.427520 0.427627 0.426003 0.423664 0.421142 0.418320 0.415195 0.415267 -9999.0 -9999.0 -9999.0 -9999.0 -9999.0 -9999.0 -9999.0 -9999.0 -9999.0 -9999.0 -9999.0 -9999.0 -9999.0 -9999.0
-9999.0 0.408864 0.409066 0.409156 0.409227 0.409323 0.409394 0.409359 0.409273 0.409411 0.409986 0.411181 0.412851 0.414844 0.417294 0.420665 0.424296 0.426616 0.426246 0.424062 0.421695 0.419610 0.417424 0.415235 0.413316 0.411984 0.411242 0.411138 0.411248 0.411228 0.411020 0.410810 0.411058 0.411844 0.412620 0.412549 0.411671 0.411148 0.411533 0.413124 0.415920 0.419523 0.423155 0.425406 0.426103 0.425640 0.424291 0.421467 0.416847 0.413949 -9999.0 -9999.0 -9999.0 -9999.0 -9999.0 -9999.0 -9999.0 -9999.0 -9999.0 -9999.0 -9999.0 -9999.0 -9999.0 -9999.0
-9999.0 0.409015 0.409135 0.409279 0.409359 0.409536 0.409688 0.409626 0.409365 0.409233 0.409434 0.410087 0.411177 0.412608 0.414436 0.416914 0.420188 0.423242 0.424822 0.424495 0.423040 0.421675 0.420461 0.419081 0.417427 0.416061 0.415162 0.414523 0.413964 0.413271 0.412332 0.411339 0.410787 0.411012 0.411924 0.412655 0.412302 0.411419 0.410922 0.411170 0.412409 0.414302 0.416339 0.418527 0.420111 0.421199 0.421658 0.420446 0.416854 0.414731 -9999.0 -9999.0 -9999.0 -9999.0 -9999.0 -9999.0 -9999.0 -9999.0 -9999.0 -9999.0 -9999.0 -9999.0 -9999.0 -9999.0
-9999.0 0.409042 0.409193 0.409343 0.409446 0.409683 0.409961 0.409989 0.409674 0.409335 0.409254 0.409497 0.410057 0.410877 0.412058 0.413765 0.416306 0.419503 0.422227 0.423288 0.422877 0.422244 0.421766 0.421253 0.420604 0.419930 0.419190 0.418282 0.417551 0.416703 0.415337 0.413287 0.411460 0.410841 0.411577 0.413079 0.413966 0.413557 0.412494 0.411430 0.411426 0.412903 0.413804 0.414818 0.416381 0.417935 0.419216 0.418229 0.417248 -9999.0 -9999.0 -9999.0 -9999.0 -9999.0 -9999.0 -9999.0 -9999.0 -9999.0 -9999.0 -9999.0 -9999.0 -9999.0 -9999.0 -9999.0
-9999.0 0.409110 0.409263 0.409405 0.409537 0.409835 0.410212 0.410376 0.410135 0.409695 0.409399 0.409373 0.409606 0.410040 0.410770 0.411998 0.414093 0.417132 0.419952 0.421631 0.421923 0.421640 0.421366 0.421281 0.421237 0.420794 0.420016 0.419239 0.418939 0.418740 0.417904 0.415777 0.413115 0.411575 0.411690 0.413183 0.415213 0.416298 0.415603 0.413745 0.411885 -9999.0 -9999.0 -9999.0 -9999.0 -9999.0 -9999.0 -9999.0 -9999.0 -9999.0 -9999.0 -9999.0 -9999.0 -9999.0 -9999.0 -9999.0 -9999.0 -9999.0 -9999.0 -9999.0 -9999.0 -9999.0 -9999.0 -9999.0
