tests/3D/Muntatschini_ref_005/output-maps-SE27XX/thetaliqL0008N0012.asc
ncols         108
nrows         156
xllcorner     619971.250000
yllcorner     5169711.250000
cellsize      20.000000
NODATA_value  -9999.0
[rows 58 to 86 of 156, columns 0 to 63 of 108]
-9999.0 -9999.0 -9999.0 -9999.0 -9999.0 -9999.0 -9999.0 -9999.0 -9999.0 -9999.0 -9999.0 -9999.0 -9999.0 -9999.0 -9999.0 -9999.0 -9999.0 -9999.0 -9999.0 -9999.0 -9999.0 -9999.0 -9999.0 -9999.0 -9999.0 -9999.0 -9999.0 -9999.0 -9999.0 -9999.0 -9999.0 -9999.0 -9999.0 -9999.0 -9999.0 -9999.0 0.426907 0.426172 0.426482 0.426052 0.425755 0.425908 0.426703 0.428189 0.429860 0.431635 0.432956 0.433633 0.433626 0.433168 0.432387 0.431541 0.430653 0.429920 0.429494 0.429444 0.429737 0.430487 0.430999 0.431153 0.430720 0.429945 0.429156 0.428600
-9999.0 -9999.0 -9999.0 -9999.0 -9999.0 -9999.0 -9999.0 -9999.0 -9999.0 -9999.0 -9999.0 -9999.0 -9999.0 -9999.0 -9999.0 -9999.0 -9999.0 -9999.0 -9999.0 -9999.0 -9999.0 -9999.0 -9999.0 -9999.0 -9999.0 -9999.0 -9999.0 -9999.0 -9999.0 -9999.0 -9999.0 -9999.0 -9999.0 -9999.0 -9999.0 0.428755 0.428347 0.427674 0.426986 0.426310 0.425762 0.425686 0.426247 0.427689 0.429664 0.431294 0.432382 0.432792 0.432749 0.432537 0.432099 0.431589 0.430965 0.430334 0.429777 0.429425 0.429429 0.429923 0.430850 0.431347 0.431146 0.430402 0.429527 0.428814
-9999.0 -9999.0 -9999.0 -9999.0 -9999.0 -9999.0 -9999.0 -9999.0 -9999.0 -9999.0 -9999.0 -9999.0 -9999.0 -9999.0 -9999.0 -9999.0 -9999.0 -9999.0 -9999.0 -9999.0 -9999.0 -9999.0 -9999.0 -9999.0 -9999.0 -9999.0 -9999.0 -9999.0 -9999.0 -9999.0 -9999.0 -9999.0 0.426237 0.427722 0.430043 0.429783 0.428919 0.428529 0.427708 0.426788 0.426138 0.425910 0.426212 0.427192 0.429178 0.431247 0.432301 0.432590 0.432386 0.432121 0.431759 0.431425 0.431031 0.430589 0.430089 0.429604 0.429331 0.429559 0.430269 0.431215 0.431399 0.430949 0.430186 0.429444
-9999.0 -9999.0 -9999.0 -9999.0 -9999.0 -9999.0 -9999.0 -9999.0 -9999.0 -9999.0 -9999.0 -9999.0 -9999.0 -9999.0 -9999.0 -9999.0 -9999.0 -9999.0 -9999.0 -9999.0 -9999.0 -9999.0 -9999.0 -9999.0 -9999.0 -9999.0 -9999.0 -9999.0 -9999.0 -9999.0 0.428250 0.429150 0.428081 0.427546 0.428892 0.429750 0.429847 0.429282 0.428252 0.427106 0.426302 0.425975 0.425994 0.426653 0.428339 0.430703 0.432020 0.432626 0.432538 0.432174 0.431715 0.431335 0.431030 0.430702 0.430291 0.429748 0.429269 0.429183 0.429673 0.430411 0.431104 0.431109 0.430741 0.430200
-9999.0 -9999.0 -9999.0 -9999.0 -9999.0 -9999.0 -9999.0 -9999.0 -9999.0 -9999.0 -9999.0 -9999.0 -9999.0 -9999.0 -9999.0 -9999.0 -9999.0 -9999.0 -9999.0 -9999.0 -9999.0 -9999.0 -9999.0 -9999.0 -9999.0 -9999.0 -9999.0 -9999.0 -9999.0 0.426578 0.426492 0.428127 0.428931 0.429122 0.429408 0.430186 0.430459 0.430054 0.428768 0.427207 0.426064 0.425546 0.425442 0.425890 0.427129 0.429242 0.431103 0.432165 0.432590 0.432481 0.432072 0.431533 0.431045 0.430639 0.430306 0.429835 0.429300 0.428964 0.429132 0.429622 0.430145 0.430717 0.430851 0.430678
-9999.0 -9999.0 -9999.0 -9999.0 -9999.0 -9999.0 -9999.0 -9999.0 -9999.0 -9999.0 -9999.0 -9999.0 -9999.0 -9999.0 -9999.0 -9999.0 -9999.0 -9999.0 -9999.0 -9999.0 -9999.0 -9999.0 -9999.0 -9999.0 -9999.0 0.425912 0.425892 0.426588 0.427162 0.426711 0.427327 0.428387 0.429134 0.429504 0.430010 0.430530 0.431033 0.430759 0.429378 0.427399 0.425854 0.425099 0.424943 0.425264 0.426139 0.427713 0.429679 0.431027 0.432014 0.432441 0.432438 0.431953 0.431255 0.430592 0.430177 0.429795 0.429332 0.428933 0.428842 0.429023 0.429335 0.429766 0.430434 0.430659
-9999.0 -9999.0 -9999.0 -9999.0 -9999.0 -9999.0 -9999.0 -9999.0 -9999.0 -9999.0 -9999.0 -9999.0 -9999.0 -9999.0 -9999.0 -9999.0 -9999.0 -9999.0 -9999.0 -9999.0 -9999.0 -9999.0 -9999.0 0.430385 0.430163 0.427962 0.426687 0.426303 0.426690 0.427099 0.427704 0.428599 0.429279 0.429658 0.430121 0.430788 0.431485 0.431486 0.430293 0.428108 0.426157 0.425048 0.424744 0.424926 0.425521 0.426587 0.428235 0.429784 0.431018 0.431971 0.432515 0.432309 0.431524 0.430653 0.430148 0.429858 0.429480 0.429063 0.428779 0.428702 0.428752 0.429030 0.429736 0.430188
-9999.0 -9999.0 -9999.0 -9999.0 -9999.0 -9999.0 -9999.0 -9999.0 -9999.0 -9999.0 -9999.0 -9999.0 -9999.0 -9999.0 -9999.0 -9999.0 -9999.0 -9999.0 -9999.0 -9999.0 -9999.0 0.434313 0.434321 0.431667 0.430394 0.429549 0.428385 0.427887 0.427751 0.427748 0.427990 0.428463 0.428994 0.429449 0.430047 0.430861 0.431828 0.432157 0.431392 0.429349 0.427091 0.425499 0.424841 0.424816 0.425223 0.426036 0.427336 0.428867 0.430088 0.431301 0.432252 0.432422 0.431741 0.430871 0.430292 0.430005 0.429661 0.429259 0.428873 0.428580 0.428382 0.428416 0.428777 0.429495
-9999.0 -9999.0 -9999.0 -9999.0 -9999.0 -9999.0 -9999.0 -9999.0 -9999.0 -9999.0 -9999.0 -9999.0 -9999.0 -9999.0 -9999.0 -9999.0 -9999.0 -9999.0 -9999.0 -9999.0 0.434921 0.433012 0.433900 0.433681 0.432725 0.431415 0.430168 0.429206 0.428594 0.428139 0.427905 0.427967 0.428281 0.428846 0.429588 0.430563 0.431674 0.432446 0.432398 0.430963 0.428636 0.426442 0.425158 0.424767 0.425006 0.425742 0.426899 0.428421 0.429867 0.431062 0.432005 0.432200 0.431716 0.431137 0.430695 0.430375 0.429963 0.429481 0.429019 0.428557 0.428170 0.427972 0.428148 0.428595
-9999.0 -9999.0 -9999.0 -9999.0 -9999.0 -9999.0 -9999.0 -9999.0 -9999.0 -9999.0 -9999.0 -9999.0 -9999.0 -9999.0 -9999.0 -9999.0 -9999.0 -9999.0 0.435784 0.436505 0.436071 0.434662 0.434289 0.434310 0.433787 0.433290 0.431988 0.430469 0.429258 0.428405 0.427813 0.427540 0.427612 0.428149 0.429008 0.430031 0.431159 0.432229 0.432921 0.432450 0.430548 0.427943 0.425826 0.424835 0.424808 0.425488 0.426741 0.428373 0.430094 0.431289 0.432021 0.432107 0.431757 0.431356 0.431032 0.430777 0.430456 0.430014 0.429496 0.428832 0.428191 0.427738 0.427730 0.428091
-9999.0 -9999.0 -9999.0 -9999.0 -9999.0 -9999.0 -9999.0 -9999.0 -9999.0 -9999.0 -9999.0 -9999.0 -9999.0 -9999.0 -9999.0 -9999.0 0.431740 0.433504 0.433512 0.434462 0.435001 0.434024 0.433064 0.432824 0.433365 0.433460 0.432916 0.431578 0.430090 0.429098 0.428287 0.427649 0.427440 0.427858 0.428700 0.429629 0.430628 0.431767 0.432975 0.433486 0.432461 0.429915 0.427105 0.425344 0.424885 0.425363 0.426618 0.428484 0.430672 0.431798 0.432247 0.432117 0.431788 0.431449 0.431187 0.431098 0.431093 0.430897 0.430402 0.429555 0.428625 0.427872 0.427604 0.427806
-9999.0 -9999.0 -9999.0 -9999.0 -9999.0 -9999.0 -9999.0 -9999.0 -9999.0 -9999.0 -9999.0 -9999.0 -9999.0 -9999.0 -9999.0 0.428485 0.428693 0.431996 0.433760 0.434070 0.433798 0.432611 0.431105 0.430284 0.430731 0.431781 0.432302 0.431946 0.431004 0.430008 0.429125 0.428238 0.427737 0.427940 0.428706 0.429570 0.430451 0.431446 0.432806 0.434006 0.434105 0.432293 0.429341 0.426805 0.425690 0.425730 0.426710 0.428499 0.431003 0.432518 0.432720 0.432427 0.431980 0.431523 0.431179 0.431279 0.431668 0.431857 0.431513 0.430558 0.429351 0.428270 0.427710 0.427724
-9999.0 -9999.0 -9999.0 -9999.0 -9999.0 -9999.0 -9999.0 -9999.0 -9999.0 -9999.0 -9999.0 -9999.0 -9999.0 -9999.0 -9999.0 0.431060 0.430509 0.432563 0.433399 0.433387 0.432737 0.431199 0.429479 0.428132 0.427914 0.428791 0.430284 0.430686 0.430656 0.430333 0.429746 0.428862 0.428139 0.428013 0.428570 0.429368 0.430259 0.431206 0.432605 0.434214 0.435424 0.434842 0.432472 0.429481 0.427521 0.426864 0.427279 0.428812 0.431368 0.433268 0.433394 0.432911 0.432279 0.431751 0.431364 0.431460 0.431955 0.432400 0.432314 0.431424 0.430086 0.428777 0.427952 0.427748
-9999.0 -9999.0 -9999.0 -9999.0 -9999.0 -9999.0 -9999.0 -9999.0 -9999.0 -9999.0 -9999.0 -9999.0 -9999.0 -9999.0 -9999.0 0.435523 0.433306 0.434515 0.434271 0.432782 0.431161 0.429980 0.428617 0.427339 0.426703 0.426934 0.427864 0.428833 0.429362 0.429685 0.429581 0.429022 0.428263 0.427829 0.428038 0.428707 0.429605 0.430549 0.431934 0.433940 0.436185 0.437028 0.435671 0.432802 0.430182 0.428700 0.428364 0.429416 0.431879 0.434125 0.434434 0.433832 0.432865 0.432144 0.431693 0.431658 0.432037 0.432494 0.432595 0.431866 0.430554 0.429170 0.428204 0.427845
-9999.0 -9999.0 -9999.0 -9999.0 -9999.0 -9999.0 -9999.0 -9999.0 -9999.0 -9999.0 -9999.0 -9999.0 -9999.0 -9999.0 0.431844 0.433649 0.435658 0.436572 0.434755 0.432161 0.430194 0.429558 0.428553 0.427374 0.426515 0.426282 0.426619 0.427308 0.427987 0.428537 0.428825 0.428711 0.428166 0.427535 0.427308 0.427638 0.428351 0.429184 0.430434 0.432605 0.435445 0.437557 0.437458 0.435347 0.432604 0.430570 0.429514 0.430043 0.431950 0.434440 0.435336 0.434959 0.433887 0.432936 0.432259 0.431977 0.432182 0.432593 0.432753 0.432109 0.430826 0.429489 0.428487 0.428028
-9999.0 -9999.0 -9999.0 -9999.0 -9999.0 -9999.0 -9999.0 -9999.0 -9999.0 -9999.0 -9999.0 -9999.0 -9999.0 0.431764 0.431853 0.434345 0.437314 0.437308 0.434556 0.431736 0.430563 0.429576 0.428995 0.427808 0.426839 0.426352 0.426296 0.426574 0.427035 0.427541 0.427969 0.428182 0.427983 0.427394 0.426837 0.426689 0.426884 0.427293 0.428166 0.430037 0.432780 0.435675 0.436861 0.436058 0.433895 0.431817 0.430334 0.430161 0.431729 0.433987 0.435512 0.435864 0.435153 0.434120 0.433187 0.432688 0.432715 0.433003 0.433108 0.432524 0.431249 0.429893 0.428867 0.428369
-9999.0 -9999.0 -9999.0 -9999.0 -9999.0 -9999.0 -9999.0 -9999.0 -9999.0 -9999.0 -9999.0 -9999.0 0.434082 0.433051 0.434015 0.436552 0.438160 0.436577 0.433455 0.431660 0.431213 0.430691 0.429941 0.428492 0.427269 0.426606 0.426371 0.426431 0.426692 0.427044 0.427417 0.427759 0.427872 0.427499 0.426814 0.426223 0.425843 0.425735 0.426123 0.427345 0.429419 0.432222 0.434158 0.434605 0.433471 0.431877 0.430292 0.430010 0.430980 0.432777 0.434664 0.436011 0.436190 0.435496 0.434508 0.433812 0.433603 0.433745 0.433823 0.433324 0.432029 0.430532 0.429365 0.428778
-9999.0 -9999.0 -9999.0 -9999.0 -9999.0 -9999.0 -9999.0 -9999.0 -9999.0 -9999.0 -9999.0 0.434742 0.434587 0.434904 0.436621 0.438780 0.438315 0.435707 0.432861 0.431714 0.431775 0.431596 0.430961 0.429281 0.427682 0.426842 0.426622 0.426711 0.426875 0.427029 0.427236 0.427570 0.427928 0.427861 0.427228 0.426317 0.425452 0.424926 0.424936 0.425591 0.426927 0.429050 0.430957 0.431999 0.431746 0.430838 0.429714 0.429134 0.429456 0.430831 0.432995 0.434842 0.436020 0.436109 0.435541 0.434914 0.434546 0.434481 0.434517 0.434162 0.433007 0.431388 0.430013 0.429260
-9999.0 -9999.0 -9999.0 -9999.0 -9999.0 -9999.0 -9999.0 -9999.0 -9999.0 -9999.0 0.435959 0.435290 0.435138 0.436603 0.438874 0.439544 0.437816 0.435015 0.432860 0.432010 0.432314 0.432781 0.431633 0.429980 0.427979 0.427026 0.426882 0.427060 0.427224 0.427268 0.427336 0.427640 0.428159 0.428362 0.427860 0.426823 0.425667 0.424817 0.424518 0.424774 0.425629 0.427066 0.428515 0.429488 0.429783 0.429577 0.429012 0.428307 0.428040 0.428657 0.430454 0.432783 0.434591 0.435661 0.435791 0.435377 0.434992 0.434805 0.434819 0.434590 0.433716 0.432216 0.430802 0.429889
-9999.0 -9999.0 -9999.0 -9999.0 -9999.0 -9999.0 -9999.0 -9999.0 -9999.0 0.437944 0.437016 0.435995 0.436183 0.438174 0.439378 0.438925 0.437382 0.435357 0.433615 0.432688 0.432964 0.433607 0.432529 0.430377 0.428118 0.427121 0.427029 0.427300 0.427549 0.427555 0.427513 0.427779 0.428393 0.428822 0.428501 0.427476 0.426142 0.425004 0.424436 0.424446 0.425030 0.426059 0.427162 0.428011 0.428639 0.428869 0.428437 0.427522 0.426983 0.427085 0.427989 0.429995 0.432525 0.434343 0.435325 0.435324 0.435000 0.434713 0.434598 0.434340 0.433716 0.432660 0.431587 0.430783
-9999.0 -9999.0 -9999.0 -9999.0 -9999.0 -9999.0 -9999.0 -9999.0 0.436624 0.438131 0.438103 0.437689 0.437988 0.438516 0.438651 0.438287 0.437209 0.435755 0.434158 0.433224 0.433558 0.434203 0.432950 0.430550 0.428130 0.427053 0.426982 0.427360 0.427725 0.427812 0.427750 0.427926 0.428462 0.429033 0.428969 0.428069 0.426573 0.425124 0.424328 0.424212 0.424683 0.425555 0.426566 0.427440 0.428246 0.428555 0.428123 0.427265 0.426666 0.426359 0.426568 0.427603 0.429949 0.432727 0.434420 0.434997 0.434812 0.434467 0.434177 0.433743 0.433139 0.432597 0.432196 0.431883
-9999.0 -9999.0 -9999.0 -9999.0 -9999.0 -9999.0 -9999.0 0.432503 0.435262 0.437678 0.439490 0.440090 0.439301 0.438148 0.437861 0.437693 0.436884 0.435580 0.434267 0.433658 0.434089 0.434602 0.433278 0.430806 0.428076 0.426747 0.426660 0.427209 0.427744 0.427970 0.427945 0.428029 0.428400 0.428979 0.429216 0.428588 0.427032 0.425238 0.424172 0.423958 0.424371 0.425263 0.426368 0.427296 0.427950 0.428147 0.427931 0.427425 0.426938 0.426410 0.426052 0.426247 0.427588 0.430351 0.433057 0.434401 0.434651 0.434344 0.433791 0.433063 0.432369 0.432295 0.432590 0.432805
-9999.0 -9999.0 -9999.0 -9999.0 -9999.0 -9999.0 0.428673 0.431174 0.433965 0.437151 0.440575 0.441509 0.440145 0.438346 0.437671 0.437521 0.436963 0.435439 0.434000 0.433471 0.434057 0.434879 0.434221 0.431193 0.428294 0.426377 0.426043 0.426684 0.427470 0.427956 0.428103 0.428141 0.428283 0.428753 0.429330 0.429242 0.427835 0.425664 0.424191 0.423802 0.424119 0.425034 0.426256 0.427070 0.427363 0.427470 0.427641 0.427643 0.427425 0.426913 0.426189 0.425723 0.426210 0.428207 0.431173 0.433209 0.434172 0.434155 0.433478 0.432499 0.431825 0.432144 0.432846 0.433311
-9999.0 -9999.0 -9999.0 -9999.0 -9999.0 0.425918 0.427879 0.430033 0.432754 0.436713 0.440810 0.442266 0.441182 0.439153 0.437950 0.437696 0.437180 0.435547 0.433776 0.433135 0.433788 0.435001 0.434911 0.432395 0.428948 0.426256 0.425443 0.425919 0.426847 0.427610 0.428054 0.428217 0.428201 0.428449 0.429210 0.429839 0.429046 0.426731 0.424714 0.423967 0.424092 0.424961 0.426153 0.426689 0.426589 0.426581 0.426952 0.427397 0.427582 0.427328 0.426570 0.425842 0.425759 0.426838 0.429159 0.431724 0.433275 0.433823 0.433200 0.432055 0.431509 0.431958 0.432657 0.433123
-9999.0 -9999.0 -9999.0 -9999.0 -9999.0 0.426523 0.427769 0.428922 0.431535 0.435472 0.439200 0.441511 0.441583 0.440074 0.438525 0.438052 0.437616 0.436034 0.433921 0.432888 0.433378 0.434891 0.435515 0.433544 0.430076 0.426641 0.425184 0.425228 0.426029 0.426966 0.427771 0.428211 0.428136 0.428055 0.428737 0.430007 0.430324 0.428543 0.426186 0.424862 0.424589 0.425237 0.426150 0.426291 0.425905 0.425801 0.426181 0.426904 0.427409 0.427314 0.426671 0.426120 0.425916 0.426420 0.427712 0.429886 0.432145 0.433102 0.432750 0.431586 0.431015 0.431253 0.431775 0.432230
-9999.0 -9999.0 -9999.0 -9999.0 -9999.0 0.427105 0.427621 0.428015 0.430680 0.434085 0.437010 0.439805 0.441051 0.440334 0.438682 0.437751 0.437206 0.436021 0.433977 0.432938 0.433358 0.434825 0.435844 0.434587 0.431769 0.428006 0.425727 0.425042 0.425398 0.426258 0.427354 0.428216 0.428265 0.427786 0.427966 0.429361 0.430835 0.430464 0.428594 0.426818 0.426002 0.426224 0.426493 0.426107 0.425557 0.425396 0.425690 0.426480 0.427077 0.426935 0.426388 0.426114 0.426129 0.426366 0.427000 0.428314 0.430489 0.431986 0.431837 0.430852 0.430147 0.430059 0.430505 0.431369
-9999.0 -9999.0 -9999.0 -9999.0 -9999.0 0.426108 0.426752 0.428071 0.431126 0.433552 0.435002 0.437571 0.439920 0.440387 0.439050 0.437689 0.436700 0.435308 0.433279 0.432226 0.432741 0.434397 0.436075 0.436243 0.433784 0.430706 0.427566 0.425883 0.425527 0.426050 0.427221 0.428472 0.428793 0.427978 0.427344 0.428111 0.429974 0.431212 0.430746 0.429278 0.428228 0.427933 0.427343 0.426430 0.425730 0.425466 0.425649 0.426290 0.426718 0.426446 0.425909 0.425748 0.425958 0.426190 0.426506 0.427257 0.428790 0.430341 0.430381 0.429770 0.429110 0.428785 0.429268 0.430898
-9999.0 -9999.0 -9999.0 -9999.0 0.424258 0.425227 0.427382 0.428882 0.432452 0.434089 0.434506 0.436609 0.439375 0.440744 0.440001 0.438454 0.436920 0.434882 0.432452 0.430646 0.430827 0.432549 0.434956 0.436624 0.436437 0.433595 0.430793 0.428182 0.426957 0.426969 0.427890 0.429248 0.429826 0.428844 0.427276 0.426873 0.428064 0.430001 0.431088 0.430920 0.430481 0.429926 0.428659 0.427343 0.426420 0.425997 0.425981 0.426261 0.426385 0.426022 0.425493 0.425323 0.425565 0.425871 0.426117 0.426543 0.427429 0.428528 0.428950 0.428663 0.428364 0.427877 0.427716 0.428982
-9999.0 -9999.0 -9999.0 -9999.0 0.425285 0.425929 0.427787 0.429857 0.433876 0.435158 0.435051 0.436729 0.439666 0.441697 0.441621 0.440254 0.438609 0.436083 0.432636 0.429441 0.428341 0.429296 0.431709 0.434336 0.435912 0.435520 0.433047 0.431048 0.429365 0.428857 0.429091 0.429964 0.430994 0.430143 0.427948 0.426330 0.426387 0.427839 0.429672 0.431016 0.431668 0.431317 0.429990 0.428575 0.427514 0.426923 0.426572 0.426355 0.426129 0.425712 0.425219 0.424992 0.425191 0.425569 0.425904 0.426216 0.426688 0.427194 0.427578 0.427789 0.428273 0.428821 0.427937 -9999.0
