tests/3D/Muntatschini_ref_005/output-maps-SE27XX/thetaliqL0015N0001.asc
ncols         108
nrows         156
xllcorner     619971.250000
yllcorner     5169711.250000
cellsize      20.000000
NODATA_value  -9999.0
[rows 58 to 86 of 156, columns 0 to 63 of 108]
-9999.0 -9999.0 -9999.0 -9999.0 -9999.0 -9999.0 -9999.0 -9999.0 -9999.0 -9999.0 -9999.0 -9999.0 -9999.0 -9999.0 -9999.0 -9999.0 -9999.0 -9999.0 -9999.0 -9999.0 -9999.0 -9999.0 -9999.0 -9999.0 -9999.0 -9999.0 -9999.0 -9999.0 -9999.0 -9999.0 -9999.0 -9999.0 -9999.0 -9999.0 -9999.0 -9999.0 0.508262 0.508033 0.508120 0.507971 0.507870 0.507902 0.508130 0.508603 0.509054 0.509581 0.509970 0.510170 0.510174 0.510045 0.509818 0.509570 0.509305 0.509084 0.508956 0.508939 0.509026 0.509190 0.509343 0.509389 0.509260 0.509027 0.508788 0.508618
-9999.0 -9999.0 -9999.0 -9999.0 -9999.0 -9999.0 -9999.0 -9999.0 -9999.0 -9999.0 -9999.0 -9999.0 -9999.0 -9999.0 -9999.0 -9999.0 -9999.0 -9999.0 -9999.0 -9999.0 -9999.0 -9999.0 -9999.0 -9999.0 -9999.0 -9999.0 -9999.0 -9999.0 -9999.0 -9999.0 -9999.0 -9999.0 -9999.0 -9999.0 -9999.0 0.508816 0.508665 0.508476 0.508270 0.508054 0.507879 0.507842 0.508003 0.508412 0.509042 0.509482 0.509804 0.509925 0.509918 0.509858 0.509731 0.509581 0.509397 0.509209 0.509041 0.508935 0.508934 0.509082 0.509299 0.509448 0.509388 0.509165 0.508901 0.508685
-9999.0 -9999.0 -9999.0 -9999.0 -9999.0 -9999.0 -9999.0 -9999.0 -9999.0 -9999.0 -9999.0 -9999.0 -9999.0 -9999.0 -9999.0 -9999.0 -9999.0 -9999.0 -9999.0 -9999.0 -9999.0 -9999.0 -9999.0 -9999.0 -9999.0 -9999.0 -9999.0 -9999.0 -9999.0 -9999.0 -9999.0 -9999.0 0.508081 0.508526 0.509190 0.509089 0.508849 0.508735 0.508486 0.508199 0.507988 0.507908 0.507985 0.508281 0.508857 0.509496 0.509780 0.509869 0.509811 0.509734 0.509629 0.509531 0.509415 0.509284 0.509135 0.508989 0.508906 0.508974 0.509187 0.509409 0.509464 0.509330 0.509101 0.508877
-9999.0 -9999.0 -9999.0 -9999.0 -9999.0 -9999.0 -9999.0 -9999.0 -9999.0 -9999.0 -9999.0 -9999.0 -9999.0 -9999.0 -9999.0 -9999.0 -9999.0 -9999.0 -9999.0 -9999.0 -9999.0 -9999.0 -9999.0 -9999.0 -9999.0 -9999.0 -9999.0 -9999.0 -9999.0 -9999.0 0.508710 0.508985 0.508642 0.508484 0.508829 0.509097 0.509125 0.508962 0.508648 0.508293 0.508035 0.507917 0.507916 0.508114 0.508613 0.509354 0.509698 0.509879 0.509855 0.509750 0.509616 0.509504 0.509415 0.509318 0.509196 0.509033 0.508888 0.508861 0.509008 0.509229 0.509377 0.509379 0.509269 0.509106
-9999.0 -9999.0 -9999.0 -9999.0 -9999.0 -9999.0 -9999.0 -9999.0 -9999.0 -9999.0 -9999.0 -9999.0 -9999.0 -9999.0 -9999.0 -9999.0 -9999.0 -9999.0 -9999.0 -9999.0 -9999.0 -9999.0 -9999.0 -9999.0 -9999.0 -9999.0 -9999.0 -9999.0 -9999.0 0.508205 0.508168 0.508648 0.508877 0.508910 0.509014 0.509221 0.509308 0.509187 0.508800 0.508314 0.507953 0.507783 0.507743 0.507876 0.508254 0.508872 0.509455 0.509741 0.509869 0.509838 0.509720 0.509562 0.509419 0.509299 0.509200 0.509060 0.508899 0.508796 0.508846 0.508994 0.509152 0.509262 0.509302 0.509250
-9999.0 -9999.0 -9999.0 -9999.0 -9999.0 -9999.0 -9999.0 -9999.0 -9999.0 -9999.0 -9999.0 -9999.0 -9999.0 -9999.0 -9999.0 -9999.0 -9999.0 -9999.0 -9999.0 -9999.0 -9999.0 -9999.0 -9999.0 -9999.0 -9999.0 0.507995 0.507985 0.508203 0.508384 0.508217 0.508390 0.508696 0.508920 0.509019 0.509154 0.509321 0.509473 0.509387 0.508976 0.508371 0.507889 0.507645 0.507588 0.507683 0.507951 0.508421 0.509045 0.509405 0.509698 0.509826 0.509828 0.509687 0.509481 0.509285 0.509161 0.509048 0.508909 0.508789 0.508761 0.508816 0.508909 0.509039 0.509178 0.509245
-9999.0 -9999.0 -9999.0 -9999.0 -9999.0 -9999.0 -9999.0 -9999.0 -9999.0 -9999.0 -9999.0 -9999.0 -9999.0 -9999.0 -9999.0 -9999.0 -9999.0 -9999.0 -9999.0 -9999.0 -9999.0 -9999.0 -9999.0 0.509352 0.509293 0.508624 0.508233 0.508114 0.508198 0.508310 0.508485 0.508747 0.508947 0.509055 0.509192 0.509390 0.509603 0.509599 0.509249 0.508588 0.507984 0.507631 0.507528 0.507582 0.507764 0.508091 0.508574 0.509062 0.509403 0.509686 0.509848 0.509789 0.509560 0.509303 0.509154 0.509068 0.508956 0.508831 0.508744 0.508720 0.508734 0.508818 0.508968 0.509103
-9999.0 -9999.0 -9999.0 -9999.0 -9999.0 -9999.0 -9999.0 -9999.0 -9999.0 -9999.0 -9999.0 -9999.0 -9999.0 -9999.0 -9999.0 -9999.0 -9999.0 -9999.0 -9999.0 -9999.0 -9999.0 0.510375 0.510343 0.509735 0.509337 0.509086 0.508732 0.508564 0.508505 0.508498 0.508559 0.508696 0.508854 0.508987 0.509166 0.509407 0.509690 0.509795 0.509576 0.508966 0.508275 0.507774 0.507563 0.507551 0.507675 0.507925 0.508312 0.508804 0.509125 0.509486 0.509768 0.509821 0.509625 0.509369 0.509198 0.509114 0.509012 0.508891 0.508774 0.508684 0.508624 0.508633 0.508742 0.508894
-9999.0 -9999.0 -9999.0 -9999.0 -9999.0 -9999.0 -9999.0 -9999.0 -9999.0 -9999.0 -9999.0 -9999.0 -9999.0 -9999.0 -9999.0 -9999.0 -9999.0 -9999.0 -9999.0 -9999.0 0.510544 0.509975 0.510233 0.510137 0.509997 0.509612 0.509233 0.508937 0.508744 0.508600 0.508524 0.508541 0.508635 0.508794 0.509015 0.509306 0.509639 0.509875 0.509871 0.509450 0.508748 0.508071 0.507667 0.507540 0.507612 0.507837 0.508192 0.508633 0.509084 0.509415 0.509695 0.509757 0.509618 0.509449 0.509319 0.509225 0.509103 0.508959 0.508819 0.508679 0.508561 0.508499 0.508551 0.508685
-9999.0 -9999.0 -9999.0 -9999.0 -9999.0 -9999.0 -9999.0 -9999.0 -9999.0 -9999.0 -9999.0 -9999.0 -9999.0 -9999.0 -9999.0 -9999.0 -9999.0 -9999.0 0.510787 0.510976 0.510855 0.510443 0.510327 0.510337 0.510154 0.510144 0.509758 0.509303 0.508936 0.508677 0.508494 0.508400 0.508419 0.508580 0.508838 0.509146 0.509485 0.509807 0.510018 0.509887 0.509325 0.508536 0.507879 0.507566 0.507552 0.507760 0.508146 0.508629 0.509154 0.509484 0.509702 0.509732 0.509631 0.509515 0.509420 0.509345 0.509251 0.509120 0.508965 0.508764 0.508568 0.508430 0.508425 0.508532
-9999.0 -9999.0 -9999.0 -9999.0 -9999.0 -9999.0 -9999.0 -9999.0 -9999.0 -9999.0 -9999.0 -9999.0 -9999.0 -9999.0 -9999.0 -9999.0 0.509604 0.510104 0.510109 0.510374 0.510528 0.510246 0.509964 0.509893 0.510053 0.510067 0.509908 0.509512 0.509059 0.508886 0.508630 0.508434 0.508368 0.508492 0.508749 0.509029 0.509327 0.509666 0.510027 0.510184 0.509893 0.509137 0.508278 0.507728 0.507579 0.507723 0.508109 0.508665 0.509351 0.509636 0.509771 0.509735 0.509641 0.509542 0.509465 0.509440 0.509441 0.509385 0.509238 0.508983 0.508703 0.508472 0.508388 0.508446
-9999.0 -9999.0 -9999.0 -9999.0 -9999.0 -9999.0 -9999.0 -9999.0 -9999.0 -9999.0 -9999.0 -9999.0 -9999.0 -9999.0 -9999.0 0.508622 0.508673 0.509655 0.510166 0.510249 0.510174 0.509830 0.509406 0.509158 0.509293 0.509608 0.509733 0.509630 0.509375 0.509151 0.508885 0.508615 0.508461 0.508521 0.508754 0.509011 0.509274 0.509568 0.509972 0.510331 0.510374 0.509848 0.508964 0.508185 0.507832 0.507837 0.508136 0.508681 0.509404 0.509880 0.509911 0.509827 0.509698 0.509564 0.509463 0.509493 0.509610 0.509668 0.509568 0.509286 0.508923 0.508594 0.508422 0.508424
-9999.0 -9999.0 -9999.0 -9999.0 -9999.0 -9999.0 -9999.0 -9999.0 -9999.0 -9999.0 -9999.0 -9999.0 -9999.0 -9999.0 -9999.0 0.509387 0.509203 0.509801 0.510047 0.510047 0.509864 0.509416 0.508992 0.508580 0.508496 0.508748 0.509176 0.509271 0.509326 0.509246 0.509072 0.508807 0.508585 0.508543 0.508710 0.508950 0.509215 0.509495 0.509910 0.510387 0.510746 0.510590 0.509900 0.509002 0.508398 0.508185 0.508304 0.508774 0.509524 0.510100 0.510108 0.509969 0.509786 0.509632 0.509518 0.509546 0.509691 0.509824 0.509802 0.509543 0.509145 0.508750 0.508498 0.508433
-9999.0 -9999.0 -9999.0 -9999.0 -9999.0 -9999.0 -9999.0 -9999.0 -9999.0 -9999.0 -9999.0 -9999.0 -9999.0 -9999.0 -9999.0 0.510674 0.510011 0.510366 0.510305 0.509874 0.509381 0.509144 0.508735 0.508340 0.508139 0.508206 0.508479 0.508775 0.508948 0.509050 0.509023 0.508854 0.508622 0.508487 0.508547 0.508749 0.509018 0.509300 0.509711 0.510299 0.510950 0.511201 0.510822 0.509985 0.509199 0.508742 0.508630 0.508950 0.509671 0.510346 0.510409 0.510238 0.509958 0.509748 0.509614 0.509601 0.509710 0.509847 0.509880 0.509671 0.509284 0.508870 0.508576 0.508465
-9999.0 -9999.0 -9999.0 -9999.0 -9999.0 -9999.0 -9999.0 -9999.0 -9999.0 -9999.0 -9999.0 -9999.0 -9999.0 -9999.0 0.509592 0.510112 0.510688 0.510964 0.510450 0.509694 0.509171 0.509024 0.508723 0.508359 0.508089 0.508011 0.508113 0.508325 0.508533 0.508702 0.508791 0.508757 0.508591 0.508397 0.508325 0.508423 0.508638 0.508888 0.509262 0.509902 0.510722 0.511330 0.511311 0.510714 0.509911 0.509297 0.508972 0.509120 0.509689 0.510402 0.510665 0.510562 0.510256 0.509978 0.509777 0.509690 0.509750 0.509872 0.509923 0.509741 0.509366 0.508967 0.508664 0.508522
-9999.0 -9999.0 -9999.0 -9999.0 -9999.0 -9999.0 -9999.0 -9999.0 -9999.0 -9999.0 -9999.0 -9999.0 -9999.0 0.509579 0.509587 0.510312 0.511165 0.511177 0.510395 0.509638 0.509300 0.508988 0.508862 0.508497 0.508194 0.508040 0.508019 0.508103 0.508244 0.508399 0.508529 0.508595 0.508535 0.508354 0.508180 0.508132 0.508191 0.508314 0.508575 0.509134 0.509940 0.510778 0.511126 0.510903 0.510278 0.509662 0.509207 0.509176 0.509602 0.510265 0.510710 0.510817 0.510616 0.510318 0.510045 0.509897 0.509904 0.509990 0.510026 0.509862 0.509492 0.509090 0.508780 0.508627
-9999.0 -9999.0 -9999.0 -9999.0 -9999.0 -9999.0 -9999.0 -9999.0 -9999.0 -9999.0 -9999.0 -9999.0 0.510270 0.509952 0.510220 0.510948 0.511411 0.510970 0.510139 0.509618 0.509489 0.509326 0.509146 0.508706 0.508330 0.508122 0.508046 0.508063 0.508141 0.508248 0.508361 0.508467 0.508501 0.508387 0.508175 0.507992 0.507871 0.507834 0.507948 0.508316 0.508939 0.509770 0.510339 0.510475 0.510145 0.509675 0.509200 0.509088 0.509426 0.509936 0.510460 0.510850 0.510905 0.510708 0.510425 0.510222 0.510161 0.510205 0.510233 0.510095 0.509723 0.509282 0.508932 0.508755
-9999.0 -9999.0 -9999.0 -9999.0 -9999.0 -9999.0 -9999.0 -9999.0 -9999.0 -9999.0 -9999.0 0.510461 0.510400 0.510479 0.510965 0.511583 0.511459 0.510723 0.509964 0.509630 0.509649 0.509589 0.509448 0.508947 0.508460 0.508198 0.508128 0.508152 0.508200 0.508246 0.508308 0.508410 0.508520 0.508500 0.508306 0.508024 0.507752 0.507585 0.507582 0.507777 0.508182 0.508824 0.509395 0.509707 0.509633 0.509363 0.509024 0.508849 0.508935 0.509329 0.510024 0.510505 0.510846 0.510874 0.510715 0.510536 0.510432 0.510417 0.510431 0.510337 0.510009 0.509537 0.509129 0.508901
-9999.0 -9999.0 -9999.0 -9999.0 -9999.0 -9999.0 -9999.0 -9999.0 -9999.0 -9999.0 0.510812 0.510602 0.510543 0.510959 0.511602 0.511803 0.511321 0.510583 0.509959 0.509709 0.509796 0.509938 0.509591 0.509158 0.508552 0.508257 0.508209 0.508262 0.508310 0.508322 0.508342 0.508434 0.508593 0.508656 0.508504 0.508183 0.507823 0.507553 0.507454 0.507526 0.507785 0.508222 0.508662 0.508957 0.509047 0.508984 0.508814 0.508601 0.508518 0.508703 0.509213 0.509952 0.510427 0.510739 0.510779 0.510664 0.510557 0.510506 0.510515 0.510457 0.510214 0.509783 0.509364 0.509090
-9999.0 -9999.0 -9999.0 -9999.0 -9999.0 -9999.0 -9999.0 -9999.0 -9999.0 0.511377 0.511096 0.510790 0.510838 0.511403 0.511749 0.511631 0.511197 0.510676 0.510171 0.509899 0.509977 0.510171 0.509861 0.509279 0.508596 0.508288 0.508256 0.508337 0.508412 0.508412 0.508398 0.508478 0.508666 0.508798 0.508701 0.508388 0.507974 0.507614 0.507430 0.507426 0.507602 0.507917 0.508254 0.508511 0.508704 0.508775 0.508647 0.508368 0.508199 0.508224 0.508497 0.509070 0.509873 0.510354 0.510641 0.510644 0.510555 0.510476 0.510448 0.510383 0.510212 0.509912 0.509598 0.509357
-9999.0 -9999.0 -9999.0 -9999.0 -9999.0 -9999.0 -9999.0 -9999.0 0.510998 0.511409 0.511388 0.511266 0.511349 0.511504 0.511546 0.511446 0.511194 0.510781 0.510321 0.510048 0.510146 0.510340 0.509982 0.509332 0.508600 0.508267 0.508241 0.508356 0.508467 0.508492 0.508471 0.508524 0.508688 0.508862 0.508845 0.508570 0.508108 0.507653 0.507398 0.507355 0.507497 0.507765 0.508074 0.508341 0.508588 0.508686 0.508557 0.508294 0.508107 0.508006 0.508064 0.508376 0.509053 0.509932 0.510377 0.510549 0.510500 0.510405 0.510327 0.510211 0.510044 0.509894 0.509777 0.509679
-9999.0 -9999.0 -9999.0 -9999.0 -9999.0 -9999.0 -9999.0 0.509799 0.510587 0.511262 0.511768 0.511937 0.511720 0.511398 0.511316 0.511276 0.511094 0.510725 0.510348 0.510170 0.510298 0.510455 0.510076 0.509408 0.508585 0.508172 0.508142 0.508310 0.508473 0.508540 0.508531 0.508556 0.508669 0.508846 0.508919 0.508729 0.508251 0.507690 0.507351 0.507278 0.507403 0.507677 0.508017 0.508303 0.508506 0.508570 0.508505 0.508348 0.508196 0.508027 0.507911 0.507966 0.508371 0.509172 0.510011 0.510377 0.510454 0.510371 0.510220 0.510017 0.509821 0.509803 0.509886 0.509945
-9999.0 -9999.0 -9999.0 -9999.0 -9999.0 -9999.0 0.508651 0.509391 0.510194 0.511099 0.512061 0.512327 0.511953 0.511448 0.511261 0.511224 0.511068 0.510683 0.510269 0.510113 0.510287 0.510532 0.510359 0.509468 0.508651 0.508059 0.507951 0.508148 0.508388 0.508536 0.508581 0.508591 0.508633 0.508777 0.508953 0.508928 0.508500 0.507827 0.507360 0.507231 0.507326 0.507609 0.507987 0.508239 0.508331 0.508366 0.508419 0.508418 0.508349 0.508189 0.507960 0.507810 0.507954 0.508544 0.509472 0.510030 0.510317 0.510321 0.510134 0.509857 0.509664 0.509754 0.509953 0.510087
-9999.0 -9999.0 -9999.0 -9999.0 -9999.0 0.507920 0.508407 0.509035 0.509830 0.510966 0.512122 0.512528 0.512230 0.511671 0.511338 0.511269 0.511129 0.510713 0.510204 0.510016 0.510208 0.510563 0.510552 0.509827 0.508850 0.508023 0.507766 0.507911 0.508196 0.508430 0.508566 0.508615 0.508608 0.508684 0.508917 0.509109 0.508871 0.508161 0.507528 0.507286 0.507320 0.507590 0.507959 0.508126 0.508095 0.508093 0.508208 0.508343 0.508400 0.508321 0.508083 0.507854 0.507822 0.508147 0.508831 0.509650 0.510060 0.510229 0.510059 0.509730 0.509568 0.509693 0.509892 0.510029
-9999.0 -9999.0 -9999.0 -9999.0 -9999.0 0.507979 0.508357 0.508690 0.509460 0.510610 0.511667 0.512309 0.512336 0.511925 0.511496 0.511366 0.511251 0.510855 0.510247 0.509945 0.510088 0.510528 0.510721 0.510159 0.509191 0.508145 0.507688 0.507695 0.507943 0.508233 0.508480 0.508613 0.508590 0.508565 0.508774 0.509160 0.509257 0.508719 0.507991 0.507571 0.507480 0.507679 0.507962 0.508006 0.507886 0.507852 0.507969 0.508190 0.508347 0.508321 0.508122 0.507948 0.507881 0.508029 0.508426 0.509061 0.509787 0.510023 0.509931 0.509593 0.509418 0.509479 0.509630 0.509772
-9999.0 -9999.0 -9999.0 -9999.0 -9999.0 0.508164 0.508304 0.508406 0.509204 0.510205 0.511043 0.511834 0.512188 0.511993 0.511536 0.511282 0.511133 0.510802 0.510265 0.509963 0.510083 0.510511 0.510815 0.510460 0.509699 0.508567 0.507859 0.507640 0.507748 0.508015 0.508353 0.508616 0.508631 0.508484 0.508539 0.508965 0.509410 0.509301 0.508733 0.508181 0.507924 0.507990 0.508072 0.507953 0.507780 0.507727 0.507817 0.508060 0.508247 0.508208 0.508039 0.507953 0.507955 0.508022 0.508218 0.508620 0.509251 0.509731 0.509664 0.509375 0.509160 0.509124 0.509261 0.509522
-9999.0 -9999.0 -9999.0 -9999.0 -9999.0 0.507855 0.508030 0.508425 0.509337 0.510050 0.510471 0.511207 0.511871 0.512007 0.511640 0.511261 0.510988 0.510598 0.510062 0.509754 0.509904 0.510389 0.510879 0.510946 0.510235 0.509386 0.508431 0.507905 0.507791 0.507953 0.508313 0.508695 0.508793 0.508545 0.508349 0.508584 0.509148 0.509520 0.509376 0.508931 0.508609 0.508519 0.508338 0.508056 0.507835 0.507751 0.507804 0.508002 0.508139 0.508059 0.507894 0.507843 0.507906 0.507976 0.508073 0.508304 0.508762 0.509261 0.509232 0.509053 0.508849 0.508759 0.508903 0.509392
-9999.0 -9999.0 -9999.0 -9999.0 0.507274 0.507579 0.508226 0.508669 0.509731 0.510214 0.510334 0.510936 0.511720 0.512107 0.511908 0.511479 0.511051 0.510472 0.509766 0.509289 0.509342 0.509850 0.510553 0.511041 0.511005 0.510180 0.509410 0.508617 0.508237 0.508238 0.508519 0.508933 0.509107 0.508810 0.508329 0.508202 0.508565 0.509148 0.509467 0.509414 0.509287 0.509124 0.508742 0.508339 0.508051 0.507916 0.507909 0.507996 0.508038 0.507931 0.507771 0.507716 0.507790 0.507883 0.507958 0.508090 0.508364 0.508685 0.508852 0.508720 0.508645 0.508493 0.508442 0.508851
-9999.0 -9999.0 -9999.0 -9999.0 0.507601 0.507791 0.508345 0.508956 0.510155 0.510530 0.510495 0.510973 0.511801 0.512369 0.512356 0.511985 0.511533 0.510820 0.509821 0.508931 0.508601 0.508886 0.509603 0.510373 0.510837 0.510739 0.510010 0.509478 0.508969 0.508805 0.508860 0.509096 0.509457 0.509203 0.508536 0.508034 0.508046 0.508487 0.509035 0.509436 0.509635 0.509538 0.509143 0.508715 0.508388 0.508203 0.508094 0.508029 0.507964 0.507840 0.507687 0.507617 0.507677 0.507794 0.507898 0.507995 0.508142 0.508305 0.508424 0.508524 0.508650 0.508808 0.508554 -9999.0
