tests/3D/Muntatschini_ref_005/output-maps-SE27XX/thetaliqL0005N0003.asc
ncols         108
nrows         156
xllcorner     619971.250000
yllcorner     5169711.250000
cellsize      20.000000
NODATA_value  -9999.0
[rows 87 to 115 of 156, columns 0 to 63 of 108]
-9999.0 -9999.0 -9999.0 -9999.0 0.414612 0.414809 0.415423 0.417658 0.422324 0.423800 0.423390 0.424662 0.427872 0.430838 0.431662 0.430577 0.429156 0.426927 0.422982 0.418239 0.415194 0.414556 0.415844 0.418108 0.420271 0.421318 0.420924 0.419594 0.418256 0.417521 0.417574 0.418598 0.419689 0.419459 0.417246 0.414667 0.413646 0.414236 0.416052 0.418346 0.419873 0.419871 0.418841 0.417702 0.416850 0.416046 0.415126 0.414351 0.413872 0.413440 0.412939 0.412625 0.412731 0.413154 0.413652 0.414034 0.414335 0.414589 0.414768 0.414960 0.415250 -9999.0 -9999.0 -9999.0
-9999.0 -9999.0 -9999.0 -9999.0 0.415986 0.415838 0.415879 0.417689 0.422250 0.423665 0.422883 0.423540 0.426670 0.430524 0.432556 0.432100 0.431086 0.429842 0.426957 0.421790 0.416893 0.414476 0.414393 0.415548 0.416857 0.417460 0.417190 0.416484 0.415844 0.415641 0.416095 0.417346 0.418875 0.419451 0.418154 0.415619 0.413946 0.413782 0.415061 0.417388 0.419221 0.419463 0.418916 0.418471 0.418169 0.417251 0.415783 0.414555 0.413903 0.413480 0.412968 0.412522 0.412455 0.412811 0.413423 0.413976 0.414290 0.414419 0.414456 0.414605 -9999.0 -9999.0 -9999.0 -9999.0
-9999.0 -9999.0 -9999.0 -9999.0 0.417123 0.416524 0.416288 0.417799 0.422455 0.423783 0.422363 0.421964 0.424360 0.428634 0.432009 0.432800 0.432498 0.432162 0.430927 0.427057 0.421544 0.417311 0.415739 0.415931 0.416463 0.416225 0.415137 0.413933 0.413341 0.413503 0.414322 0.415576 0.417075 0.418094 0.417900 0.416153 0.414480 0.413984 0.414821 0.416872 0.418678 0.418896 0.418586 0.418753 0.419096 0.418407 0.416631 0.414984 0.414115 0.413699 0.413205 0.412621 0.412306 0.412470 0.413042 0.413734 0.414189 0.414357 0.414394 -9999.0 -9999.0 -9999.0 -9999.0 -9999.0
-9999.0 -9999.0 -9999.0 -9999.0 0.417327 0.416370 0.416546 0.418046 0.422895 0.424197 0.422391 0.421007 0.422111 0.425605 0.429614 0.431997 0.433015 0.433509 0.433508 0.431606 0.427238 0.422375 0.419457 0.418913 0.419222 0.418525 0.416362 0.413991 0.412762 0.412766 0.413585 0.414692 0.415846 0.416868 0.416974 0.415914 0.414631 0.414250 0.415085 0.417212 0.418991 0.418837 0.418236 0.418655 0.419647 0.419681 0.417975 0.415895 0.414589 0.414057 0.413592 0.412946 0.412408 0.412355 0.412789 0.413451 0.414021 0.414248 -9999.0 -9999.0 -9999.0 -9999.0 -9999.0 -9999.0
-9999.0 -9999.0 -9999.0 -9999.0 0.416462 0.415546 0.414864 0.418638 0.423548 0.424629 0.422550 0.420548 0.420481 0.422618 0.426088 0.429200 0.431312 0.432664 0.433594 0.433487 0.431133 0.427198 0.423870 0.422913 0.423666 0.423862 0.421714 0.417993 0.415191 0.414257 0.414614 0.415525 0.416423 0.417214 0.417169 0.416041 0.414999 0.414852 0.415982 0.418355 0.419865 0.419282 0.418499 0.419055 0.420418 0.421174 0.419901 0.417523 0.415621 0.414713 0.414196 0.413542 0.412857 0.412568 0.412884 0.413653 0.413697 -9999.0 -9999.0 -9999.0 -9999.0 -9999.0 -9999.0 -9999.0
-9999.0 -9999.0 -9999.0 -9999.0 0.415360 0.414930 0.415104 0.419437 0.423919 0.424835 0.423013 0.420952 0.420061 0.420923 0.423252 0.425849 0.427867 0.429188 0.430355 0.431445 0.431245 0.429217 0.426570 0.425487 0.426614 0.428401 0.428290 0.425432 0.421526 0.418903 0.418030 0.418433 0.419133 0.419684 0.419206 0.417679 0.416345 0.416184 0.417497 0.419998 0.421238 0.420595 0.419965 0.420379 0.421630 0.422638 0.422019 0.419915 0.417547 0.416003 0.415154 0.414454 0.413713 0.413167 0.413138 0.414251 -9999.0 -9999.0 -9999.0 -9999.0 -9999.0 -9999.0 -9999.0 -9999.0
-9999.0 -9999.0 -9999.0 -9999.0 0.414018 0.414062 0.415802 0.420412 0.424355 0.425159 0.423764 0.421808 0.420416 0.420534 0.422280 0.424460 0.425822 0.426036 0.425957 0.426491 0.427151 0.426923 0.425636 0.424638 0.425390 0.427775 0.429926 0.429807 0.427171 0.423892 0.421704 0.421137 0.421609 0.422382 0.422157 0.420622 0.418968 0.418472 0.419488 0.421691 0.422627 0.422252 0.421817 0.422050 0.422959 0.423809 0.423780 0.422318 0.420220 0.418223 0.416843 0.415868 0.415013 0.414172 0.413426 0.413887 -9999.0 -9999.0 -9999.0 -9999.0 -9999.0 -9999.0 -9999.0 -9999.0
-9999.0 -9999.0 -9999.0 -9999.0 0.413211 0.413782 0.415998 0.420880 0.424520 0.425571 0.424824 0.423085 0.421156 0.420605 0.422222 0.424988 0.426805 0.426428 0.424633 0.423100 0.422459 0.422314 0.421903 0.421203 0.421139 0.422480 0.424981 0.427144 0.427393 0.425683 0.423388 0.421924 0.421878 0.422908 0.423514 0.422879 0.421605 0.421079 0.421830 0.423502 0.423954 0.423457 0.423084 0.423217 0.423666 0.424139 0.424263 0.423734 0.422439 0.420818 0.419178 0.417895 0.416875 0.415809 0.414265 0.413312 -9999.0 -9999.0 -9999.0 -9999.0 -9999.0 -9999.0 -9999.0 -9999.0
-9999.0 -9999.0 -9999.0 -9999.0 -9999.0 0.414519 0.415668 0.420412 0.423892 0.425219 0.425067 0.423780 0.421723 0.420610 0.421896 0.425440 0.429025 0.430093 0.428059 0.424556 0.421457 0.419723 0.418975 0.418497 0.418020 0.418024 0.419138 0.421227 0.423288 0.423943 0.423049 0.421509 0.420752 0.421350 0.422370 0.422848 0.422657 0.422788 0.423851 0.425266 0.425374 0.424508 0.423860 0.423862 0.424111 0.424097 0.423801 0.423557 0.423224 0.422457 0.421313 0.420052 0.418948 0.418143 0.416630 0.413651 -9999.0 -9999.0 -9999.0 -9999.0 -9999.0 -9999.0 -9999.0 -9999.0
-9999.0 -9999.0 -9999.0 -9999.0 -9999.0 0.414081 0.415185 0.419268 0.422659 0.424219 0.424337 0.423452 0.421669 0.420249 0.420707 0.424040 0.429190 0.433259 0.433828 0.430826 0.426022 0.421918 0.419658 0.418772 0.418222 0.417499 0.417234 0.417910 0.419700 0.421556 0.422367 0.421749 0.420607 0.420160 0.420365 0.420932 0.421583 0.422681 0.424542 0.426199 0.426377 0.425333 0.424349 0.424013 0.424035 0.423985 0.423491 0.422936 0.422669 0.422598 0.422181 0.421563 0.420741 0.419570 0.420159 -9999.0 -9999.0 -9999.0 -9999.0 -9999.0 -9999.0 -9999.0 -9999.0 -9999.0
-9999.0 -9999.0 -9999.0 -9999.0 -9999.0 0.412948 0.414371 0.418203 0.421451 0.423148 0.423219 0.422355 0.420923 0.419535 0.419145 0.421154 0.426095 0.432288 0.436463 0.436590 0.433012 0.428006 0.424132 0.422284 0.421748 0.421036 0.419964 0.419110 0.419484 0.421004 0.422668 0.423332 0.422543 0.421184 0.419918 0.419371 0.419727 0.420913 0.422976 0.424885 0.425617 0.425286 0.424673 0.424046 0.423573 0.423543 0.423309 0.422694 0.422092 0.422024 0.422104 0.421937 0.421992 0.421051 0.420821 -9999.0 -9999.0 -9999.0 -9999.0 -9999.0 -9999.0 -9999.0 -9999.0 -9999.0
-9999.0 -9999.0 -9999.0 -9999.0 -9999.0 0.412708 0.413976 0.417505 0.420788 0.422628 0.422522 0.421275 0.419862 0.418691 0.417885 0.418440 0.421607 0.427536 0.433961 0.437637 0.437203 0.433584 0.429310 0.426431 0.425456 0.425031 0.424157 0.422846 0.422037 0.422589 0.424002 0.425489 0.425761 0.424542 0.422347 0.420348 0.419387 0.419324 0.420495 0.422106 0.423276 0.424052 0.424339 0.423702 0.422697 0.422557 0.422918 0.422820 0.422175 0.421866 0.422128 0.422380 0.421816 0.423401 -9999.0 -9999.0 -9999.0 -9999.0 -9999.0 -9999.0 -9999.0 -9999.0 -9999.0 -9999.0
-9999.0 -9999.0 -9999.0 -9999.0 -9999.0 0.412745 0.413889 0.417074 0.420380 0.422565 0.422579 0.421030 0.419305 0.418078 0.417178 0.416799 0.418139 0.422229 0.428556 0.434267 0.436830 0.435759 0.432539 0.429145 0.426943 0.425920 0.425232 0.424519 0.423724 0.423799 0.424656 0.426207 0.427582 0.427827 0.426601 0.424200 0.421702 0.419896 0.419828 0.420404 0.421044 0.422234 0.423614 0.423640 0.422351 0.421514 0.421855 0.422517 0.422532 0.422327 0.422554 0.423557 0.423109 0.423256 -9999.0 -9999.0 -9999.0 -9999.0 -9999.0 -9999.0 -9999.0 -9999.0 -9999.0 -9999.0
-9999.0 -9999.0 -9999.0 -9999.0 -9999.0 0.413049 0.413747 0.416731 0.420169 0.422586 0.422858 0.421164 0.419358 0.418149 0.417177 0.416153 0.416155 0.418315 0.423343 0.429544 0.434089 0.435333 0.433876 0.430934 0.427704 0.425229 0.423650 0.422947 0.422583 0.422638 0.423159 0.424383 0.426365 0.428394 0.429405 0.428298 0.425618 0.423266 0.422324 0.421326 0.420494 0.420919 0.422624 0.423606 0.422828 0.421523 0.421176 0.421867 0.422452 0.422742 0.422987 0.424073 0.427650 -9999.0 -9999.0 -9999.0 -9999.0 -9999.0 -9999.0 -9999.0 -9999.0 -9999.0 -9999.0 -9999.0
-9999.0 -9999.0 -9999.0 -9999.0 -9999.0 0.413208 0.413653 0.416184 0.419731 0.422513 0.423089 0.421667 0.419763 0.418532 0.417492 0.416256 0.415366 0.415987 0.419183 0.424538 0.430024 0.433191 0.433785 0.432421 0.429693 0.426313 0.423130 0.421066 0.420230 0.420024 0.420268 0.421025 0.422801 0.425601 0.428172 0.429110 0.428464 0.427625 0.426687 0.424579 0.422313 0.421274 0.422367 0.423844 0.423765 0.422152 0.420848 0.420949 0.421759 0.422430 0.422682 0.422891 0.425591 -9999.0 -9999.0 -9999.0 -9999.0 -9999.0 -9999.0 -9999.0 -9999.0 -9999.0 -9999.0 -9999.0
-9999.0 -9999.0 -9999.0 -9999.0 0.411828 0.412115 0.413212 0.415430 0.418951 0.422106 0.423182 0.422159 0.420299 0.418980 0.417964 0.416659 0.415292 0.414809 0.416222 0.419881 0.424898 0.428992 0.431279 0.431983 0.431246 0.428776 0.425040 0.421476 0.419344 0.418326 0.418022 0.418212 0.419277 0.421471 0.423978 0.426375 0.428394 0.429827 0.430299 0.428793 0.426020 0.423474 0.423205 0.424386 0.424780 0.423135 0.420794 0.419809 0.420328 0.421248 0.421770 0.421798 0.421897 -9999.0 -9999.0 -9999.0 -9999.0 -9999.0 -9999.0 -9999.0 -9999.0 -9999.0 -9999.0 -9999.0
-9999.0 -9999.0 -9999.0 -9999.0 0.411870 0.411936 0.412770 0.414633 0.417809 0.421333 0.423118 0.422678 0.420910 0.419414 0.418514 0.417555 0.415949 0.414519 0.414400 0.416141 0.419656 0.423681 0.426861 0.429125 0.430432 0.429959 0.427176 0.423168 0.419896 0.417994 0.417039 0.416660 0.416962 0.417901 0.419491 0.422191 0.425645 0.428633 0.430685 0.430833 0.429083 0.426392 0.424962 0.425241 0.425600 0.424036 0.420967 0.418722 0.418411 0.419150 0.420052 0.420258 0.420369 -9999.0 -9999.0 -9999.0 -9999.0 -9999.0 -9999.0 -9999.0 -9999.0 -9999.0 -9999.0 -9999.0
-9999.0 -9999.0 -9999.0 0.411559 0.411601 0.411996 0.412569 0.413961 0.416584 0.420081 0.422893 0.423359 0.421862 0.420197 0.419299 0.418431 0.416828 0.414771 0.413569 0.413855 0.415770 0.418850 0.422164 0.425188 0.427663 0.428943 0.427882 0.424740 0.421134 0.418531 0.416988 0.416179 0.415895 0.415766 0.416488 0.418523 0.421738 0.425061 0.427934 0.429546 0.429419 0.427850 0.426170 0.425825 0.426201 0.425128 0.421866 0.418412 0.416818 0.416888 0.417670 0.417610 0.417294 -9999.0 -9999.0 -9999.0 -9999.0 -9999.0 -9999.0 -9999.0 -9999.0 -9999.0 -9999.0 -9999.0
-9999.0 -9999.0 -9999.0 0.411581 0.411541 0.411847 0.412336 0.413373 0.415413 0.418538 0.421837 0.423495 0.422994 0.421492 0.420187 0.418970 0.417280 0.414951 0.413191 0.412644 0.413350 0.415291 0.418022 0.421241 0.424368 0.426821 0.427305 0.425532 0.422451 0.419610 0.417785 0.416778 0.416085 0.415293 0.415277 0.416314 0.418490 0.421259 0.423927 0.426011 0.427034 0.426778 0.425710 0.425387 0.425931 0.425847 0.423530 0.419673 0.416698 0.415640 0.415527 0.415176 0.415567 -9999.0 -9999.0 -9999.0 -9999.0 -9999.0 -9999.0 -9999.0 -9999.0 -9999.0 -9999.0 -9999.0
-9999.0 -9999.0 0.411177 0.411465 0.411675 0.411752 0.412059 0.412810 0.414317 0.416854 0.420003 0.422419 0.423161 0.422380 0.421059 0.419601 0.417679 0.415213 0.413163 0.412147 0.412082 0.412885 0.414658 0.417352 0.420643 0.423969 0.426010 0.425893 0.423799 0.421058 0.419124 0.418108 0.417331 0.416447 0.415868 0.415981 0.417060 0.418963 0.420950 0.422803 0.424141 0.424574 0.424088 0.423679 0.424139 0.425052 0.424664 0.421972 0.418432 0.416350 0.415478 0.414570 -9999.0 -9999.0 -9999.0 -9999.0 -9999.0 -9999.0 -9999.0 -9999.0 -9999.0 -9999.0 -9999.0 -9999.0
-9999.0 -9999.0 0.411394 0.411511 0.411669 0.411713 0.411875 0.412370 0.413393 0.415183 0.417614 0.420086 0.421880 0.422499 0.422433 0.421378 0.419040 0.415925 0.413408 0.412081 0.411595 0.411711 0.412463 0.414206 0.416874 0.420262 0.423308 0.424847 0.424334 0.422403 0.420590 0.419576 0.418988 0.418520 0.417803 0.417293 0.417486 0.418494 0.419886 0.421488 0.422902 0.423580 0.423080 0.421972 0.421558 0.422506 0.423759 0.423359 0.420819 0.418144 0.418098 -9999.0 -9999.0 -9999.0 -9999.0 -9999.0 -9999.0 -9999.0 -9999.0 -9999.0 -9999.0 -9999.0 -9999.0 -9999.0
-9999.0 -9999.0 0.411877 0.411641 0.411610 0.411633 0.411742 0.412055 0.412743 0.413965 0.415717 0.417693 0.419884 0.422025 0.423835 0.423868 0.421433 0.417630 0.414403 0.412632 0.411793 0.411490 0.411622 0.412369 0.413930 0.416383 0.419265 0.421692 0.422602 0.421840 0.420484 0.419623 0.419491 0.419773 0.419569 0.419036 0.418871 0.419391 0.420492 0.422057 0.423741 0.424581 0.423630 0.421420 0.419754 0.419716 0.421049 0.422204 0.421611 0.418731 0.417807 -9999.0 -9999.0 -9999.0 -9999.0 -9999.0 -9999.0 -9999.0 -9999.0 -9999.0 -9999.0 -9999.0 -9999.0 -9999.0
-9999.0 -9999.0 0.411754 0.411534 0.411484 0.411495 0.411596 0.411807 0.412282 0.413165 0.414584 0.416336 0.418541 0.421181 0.424157 0.425864 0.424767 0.421185 0.417257 0.414725 0.413254 0.412298 0.411806 0.411850 0.412424 0.413566 0.415334 0.417334 0.418861 0.419160 0.418557 0.418009 0.418226 0.418938 0.419314 0.419147 0.419159 0.419795 0.421058 0.422996 0.425407 0.427003 0.426234 0.423357 0.420438 0.418848 0.418778 0.419542 0.420267 0.419326 0.416790 -9999.0 -9999.0 -9999.0 -9999.0 -9999.0 -9999.0 -9999.0 -9999.0 -9999.0 -9999.0 -9999.0 -9999.0 -9999.0
-9999.0 0.410832 0.411203 0.411362 0.411349 0.411357 0.411444 0.411585 0.411908 0.412586 0.413829 0.415541 0.417594 0.420187 0.423433 0.426623 0.427734 0.425820 0.422195 0.419005 0.416573 0.414680 0.413165 0.412330 0.412174 0.412449 0.413013 0.413959 0.414995 0.415621 0.415661 0.415584 0.416090 0.416986 0.417501 0.417336 0.417262 0.418069 0.419700 0.422315 0.425702 0.428508 0.429039 0.427001 0.424016 0.421334 0.419477 0.418347 0.417970 0.419883 -9999.0 -9999.0 -9999.0 -9999.0 -9999.0 -9999.0 -9999.0 -9999.0 -9999.0 -9999.0 -9999.0 -9999.0 -9999.0 -9999.0
-9999.0 0.410852 0.411102 0.411288 0.411325 0.411359 0.411423 0.411474 0.411596 0.412029 0.413010 0.414629 0.416593 0.418885 0.421911 0.425557 0.428554 0.428956 0.426738 0.423493 0.420645 0.418283 0.415954 0.414097 0.413038 0.412577 0.412441 0.412676 0.413184 0.413524 0.413600 0.413652 0.414219 0.415209 0.415787 0.415449 0.414823 0.415063 0.416387 0.419063 0.422929 0.426932 0.429550 0.429656 0.428048 0.425732 0.423232 0.420436 0.417337 0.417409 -9999.0 -9999.0 -9999.0 -9999.0 -9999.0 -9999.0 -9999.0 -9999.0 -9999.0 -9999.0 -9999.0 -9999.0 -9999.0 -9999.0
-9999.0 0.411053 0.411254 0.411343 0.411414 0.411509 0.411579 0.411544 0.411458 0.411596 0.412167 0.413353 0.415009 0.416987 0.419416 0.422762 0.426361 0.428657 0.428291 0.426128 0.423783 0.421716 0.419550 0.417378 0.415476 0.414153 0.413417 0.413310 0.413419 0.413404 0.413198 0.412990 0.413236 0.414016 0.414783 0.414712 0.413841 0.413323 0.413705 0.415283 0.418057 0.421630 0.425229 0.427458 0.428148 0.427689 0.426353 0.423555 0.418975 0.416102 -9999.0 -9999.0 -9999.0 -9999.0 -9999.0 -9999.0 -9999.0 -9999.0 -9999.0 -9999.0 -9999.0 -9999.0 -9999.0 -9999.0
-9999.0 0.411204 0.411323 0.411465 0.411545 0.411720 0.411871 0.411810 0.411550 0.411419 0.411618 0.412266 0.413349 0.414768 0.416582 0.419040 0.422288 0.425317 0.426881 0.426557 0.425116 0.423763 0.422561 0.421193 0.419552 0.418198 0.417307 0.416672 0.416118 0.415431 0.414499 0.413514 0.412966 0.413190 0.414092 0.414817 0.414467 0.413591 0.413098 0.413344 0.414574 0.416452 0.418473 0.420642 0.422212 0.423291 0.423746 0.422544 0.418983 0.416878 -9999.0 -9999.0 -9999.0 -9999.0 -9999.0 -9999.0 -9999.0 -9999.0 -9999.0 -9999.0 -9999.0 -9999.0 -9999.0 -9999.0
-9999.0 0.411231 0.411380 0.411529 0.411631 0.411866 0.412141 0.412170 0.411857 0.411520 0.411440 0.411681 0.412237 0.413050 0.414223 0.415917 0.418438 0.421613 0.424311 0.425362 0.424954 0.424327 0.423854 0.423345 0.422702 0.422034 0.421301 0.420401 0.419676 0.418835 0.417480 0.415447 0.413634 0.413020 0.413751 0.415238 0.416118 0.415712 0.414657 0.413602 0.413598 0.415065 0.415958 0.416964 0.418515 0.420056 0.421326 0.420347 0.419373 -9999.0 -9999.0 -9999.0 -9999.0 -9999.0 -9999.0 -9999.0 -9999.0 -9999.0 -9999.0 -9999.0 -9999.0 -9999.0 -9999.0 -9999.0
-9999.0 0.411298 0.411449 0.411590 0.411721 0.412017 0.412391 0.412554 0.412315 0.411878 0.411584 0.411558 0.411789 0.412220 0.412945 0.414163 0.416241 0.419259 0.422056 0.423720 0.424010 0.423728 0.423458 0.423373 0.423330 0.422890 0.422120 0.421350 0.421052 0.420855 0.420026 0.417917 0.415276 0.413748 0.413863 0.415344 0.417355 0.418431 0.417741 0.415899 0.414053 -9999.0 -9999.0 -9999.0 -9999.0 -9999.0 -9999.0 -9999.0 -9999.0 -9999.0 -9999.0 -9999.0 -9999.0 -9999.0 -9999.0 -9999.0 -9999.0 -9999.0 -9999.0 -9999.0 -9999.0 -9999.0 -9999.0 -9999.0
