tests/3D/Muntatschini_ref_005/output-maps-SE27XX/thetaliqL0004N0012.asc
ncols         108
nrows         156
xllcorner     619971.250000
yllcorner     5169711.250000
cellsize      20.000000
NODATA_value  -9999.0
[rows 58 to 86 of 156, columns 0 to 63 of 108]
-9999.0 -9999.0 -9999.0 -9999.0 -9999.0 -9999.0 -9999.0 -9999.0 -9999.0 -9999.0 -9999.0 -9999.0 -9999.0 -9999.0 -9999.0 -9999.0 -9999.0 -9999.0 -9999.0 -9999.0 -9999.0 -9999.0 -9999.0 -9999.0 -9999.0 -9999.0 -9999.0 -9999.0 -9999.0 -9999.0 -9999.0 -9999.0 -9999.0 -9999.0 -9999.0 -9999.0 0.411456 0.410755 0.408900 0.408546 0.408276 0.408540 0.409437 0.412833 0.414690 0.416597 0.418021 0.418756 0.418753 0.418262 0.417425 0.416515 0.415561 0.414772 0.414314 0.414261 0.414573 0.415505 0.416053 0.416224 0.415766 0.414938 0.414094 0.413494
-9999.0 -9999.0 -9999.0 -9999.0 -9999.0 -9999.0 -9999.0 -9999.0 -9999.0 -9999.0 -9999.0 -9999.0 -9999.0 -9999.0 -9999.0 -9999.0 -9999.0 -9999.0 -9999.0 -9999.0 -9999.0 -9999.0 -9999.0 -9999.0 -9999.0 -9999.0 -9999.0 -9999.0 -9999.0 -9999.0 -9999.0 -9999.0 -9999.0 -9999.0 -9999.0 0.413478 0.413119 0.410264 0.409549 0.408863 0.408308 0.408318 0.409019 0.410627 0.414402 0.416234 0.417412 0.417858 0.417811 0.417581 0.417111 0.416561 0.415895 0.415220 0.414626 0.414248 0.414247 0.414770 0.415890 0.416430 0.416224 0.415430 0.414493 0.413727
-9999.0 -9999.0 -9999.0 -9999.0 -9999.0 -9999.0 -9999.0 -9999.0 -9999.0 -9999.0 -9999.0 -9999.0 -9999.0 -9999.0 -9999.0 -9999.0 -9999.0 -9999.0 -9999.0 -9999.0 -9999.0 -9999.0 -9999.0 -9999.0 -9999.0 -9999.0 -9999.0 -9999.0 -9999.0 -9999.0 -9999.0 -9999.0 0.408315 0.412339 0.414943 0.414614 0.413712 0.411274 0.410374 0.409401 0.408766 0.408584 0.409031 0.410137 0.412258 0.416136 0.417330 0.417646 0.417425 0.417134 0.416745 0.416386 0.415967 0.415494 0.414961 0.414438 0.414140 0.414376 0.415136 0.416283 0.416491 0.416015 0.415201 0.414405
-9999.0 -9999.0 -9999.0 -9999.0 -9999.0 -9999.0 -9999.0 -9999.0 -9999.0 -9999.0 -9999.0 -9999.0 -9999.0 -9999.0 -9999.0 -9999.0 -9999.0 -9999.0 -9999.0 -9999.0 -9999.0 -9999.0 -9999.0 -9999.0 -9999.0 -9999.0 -9999.0 -9999.0 -9999.0 -9999.0 0.410539 0.411474 0.410340 0.412146 0.413643 0.414602 0.412671 0.412105 0.410992 0.409778 0.408969 0.408730 0.408807 0.409559 0.411388 0.415507 0.417021 0.417680 0.417589 0.417197 0.416706 0.416294 0.415969 0.415615 0.415175 0.414590 0.414073 0.413975 0.414495 0.415289 0.416167 0.416179 0.415791 0.415213
-9999.0 -9999.0 -9999.0 -9999.0 -9999.0 -9999.0 -9999.0 -9999.0 -9999.0 -9999.0 -9999.0 -9999.0 -9999.0 -9999.0 -9999.0 -9999.0 -9999.0 -9999.0 -9999.0 -9999.0 -9999.0 -9999.0 -9999.0 -9999.0 -9999.0 -9999.0 -9999.0 -9999.0 -9999.0 0.408651 0.408625 0.410583 0.411573 0.411756 0.414194 0.413068 0.413440 0.412997 0.411585 0.409952 0.408768 0.408271 0.408217 0.408744 0.410118 0.412350 0.415976 0.417172 0.417640 0.417530 0.417094 0.416510 0.415982 0.415540 0.415182 0.414680 0.414108 0.413745 0.413919 0.414444 0.415008 0.415754 0.415904 0.415724
-9999.0 -9999.0 -9999.0 -9999.0 -9999.0 -9999.0 -9999.0 -9999.0 -9999.0 -9999.0 -9999.0 -9999.0 -9999.0 -9999.0 -9999.0 -9999.0 -9999.0 -9999.0 -9999.0 -9999.0 -9999.0 -9999.0 -9999.0 -9999.0 -9999.0 0.407956 0.407944 0.408683 0.409271 0.409007 0.409819 0.411092 0.411928 0.412418 0.412968 0.413581 0.414114 0.413844 0.412311 0.410173 0.408534 0.407776 0.407671 0.408052 0.409025 0.410716 0.414418 0.415946 0.417018 0.417481 0.417479 0.416955 0.416205 0.415492 0.415048 0.414639 0.414145 0.413714 0.413614 0.413808 0.414141 0.414603 0.415451 0.415697
-9999.0 -9999.0 -9999.0 -9999.0 -9999.0 -9999.0 -9999.0 -9999.0 -9999.0 -9999.0 -9999.0 -9999.0 -9999.0 -9999.0 -9999.0 -9999.0 -9999.0 -9999.0 -9999.0 -9999.0 -9999.0 -9999.0 -9999.0 0.412889 0.412560 0.410182 0.408792 0.408378 0.409086 0.409637 0.410372 0.411418 0.412198 0.412654 0.413174 0.413918 0.414640 0.414666 0.413322 0.410937 0.408851 0.407707 0.407430 0.407659 0.408323 0.409500 0.411234 0.414571 0.415943 0.416963 0.417548 0.417335 0.416498 0.415564 0.415019 0.414708 0.414304 0.413857 0.413551 0.413469 0.413520 0.413815 0.414701 0.415186
-9999.0 -9999.0 -9999.0 -9999.0 -9999.0 -9999.0 -9999.0 -9999.0 -9999.0 -9999.0 -9999.0 -9999.0 -9999.0 -9999.0 -9999.0 -9999.0 -9999.0 -9999.0 -9999.0 -9999.0 -9999.0 0.419554 0.419808 0.414251 0.413011 0.412063 0.410808 0.410402 0.410376 0.410423 0.410773 0.411337 0.411935 0.412462 0.413125 0.414030 0.415115 0.415424 0.414529 0.412283 0.409849 0.408176 0.407501 0.407503 0.407974 0.408871 0.410271 0.413562 0.414939 0.416235 0.417261 0.417459 0.416739 0.415805 0.415177 0.414865 0.414497 0.414066 0.413654 0.413338 0.413126 0.413157 0.413540 0.414440
-9999.0 -9999.0 -9999.0 -9999.0 -9999.0 -9999.0 -9999.0 -9999.0 -9999.0 -9999.0 -9999.0 -9999.0 -9999.0 -9999.0 -9999.0 -9999.0 -9999.0 -9999.0 -9999.0 -9999.0 0.420265 0.418249 0.419187 0.419110 0.415802 0.414351 0.413041 0.412036 0.411423 0.410966 0.410743 0.410827 0.411175 0.411882 0.412706 0.413786 0.414979 0.415772 0.415647 0.414045 0.411523 0.409167 0.407811 0.407419 0.407705 0.408532 0.409810 0.411425 0.414660 0.415986 0.417007 0.417229 0.416711 0.416085 0.415606 0.415263 0.414824 0.414307 0.413810 0.413313 0.412900 0.412684 0.412868 0.413344
-9999.0 -9999.0 -9999.0 -9999.0 -9999.0 -9999.0 -9999.0 -9999.0 -9999.0 -9999.0 -9999.0 -9999.0 -9999.0 -9999.0 -9999.0 -9999.0 -9999.0 -9999.0 0.421125 0.422076 0.421530 0.419994 0.419592 0.419624 0.419220 0.416549 0.415143 0.413504 0.412205 0.411285 0.410656 0.410426 0.410530 0.411134 0.412086 0.413209 0.414422 0.415559 0.416268 0.415702 0.413598 0.410774 0.408503 0.407463 0.407473 0.408245 0.409623 0.411390 0.414905 0.416236 0.417031 0.417129 0.416752 0.416316 0.415968 0.415697 0.415356 0.414881 0.414326 0.413614 0.412927 0.412438 0.412422 0.412804
-9999.0 -9999.0 -9999.0 -9999.0 -9999.0 -9999.0 -9999.0 -9999.0 -9999.0 -9999.0 -9999.0 -9999.0 -9999.0 -9999.0 -9999.0 -9999.0 0.416795 0.418815 0.418782 0.419759 0.420337 0.419296 0.418269 0.418010 0.418592 0.418791 0.418209 0.416769 0.415212 0.412043 0.411224 0.410541 0.410330 0.410813 0.411720 0.412742 0.413839 0.415086 0.416374 0.416884 0.415693 0.412891 0.409863 0.407987 0.407533 0.408095 0.409484 0.411502 0.415478 0.416787 0.417276 0.417137 0.416779 0.416414 0.416136 0.416043 0.416038 0.415828 0.415298 0.414392 0.413394 0.412584 0.412290 0.412503
-9999.0 -9999.0 -9999.0 -9999.0 -9999.0 -9999.0 -9999.0 -9999.0 -9999.0 -9999.0 -9999.0 -9999.0 -9999.0 -9999.0 -9999.0 0.413397 0.413577 0.417100 0.418989 0.419325 0.419044 0.417783 0.416139 0.415244 0.415704 0.416826 0.417440 0.417072 0.416092 0.413104 0.412131 0.411167 0.410631 0.410877 0.411710 0.412672 0.413648 0.414754 0.416224 0.417481 0.417494 0.415475 0.412265 0.409543 0.408391 0.408488 0.409594 0.411552 0.414215 0.417506 0.417783 0.417471 0.416990 0.416503 0.416135 0.416237 0.416650 0.416854 0.416487 0.415467 0.414172 0.413013 0.412406 0.412417
-9999.0 -9999.0 -9999.0 -9999.0 -9999.0 -9999.0 -9999.0 -9999.0 -9999.0 -9999.0 -9999.0 -9999.0 -9999.0 -9999.0 -9999.0 0.416121 0.415478 0.417689 0.418593 0.418591 0.417912 0.416341 0.412425 0.410981 0.410848 0.411781 0.415188 0.415741 0.413804 0.413473 0.412813 0.411837 0.411064 0.410952 0.411580 0.412455 0.413449 0.414499 0.416018 0.417739 0.419006 0.418284 0.415670 0.412447 0.410378 0.409743 0.410253 0.411912 0.414653 0.418313 0.418513 0.417997 0.417317 0.416752 0.416334 0.416427 0.416949 0.417427 0.417340 0.416391 0.414957 0.413555 0.412667 0.412443
-9999.0 -9999.0 -9999.0 -9999.0 -9999.0 -9999.0 -9999.0 -9999.0 -9999.0 -9999.0 -9999.0 -9999.0 -9999.0 -9999.0 -9999.0 0.420791 0.418482 0.419799 0.419570 0.417984 0.416335 0.412982 0.411551 0.410192 0.409545 0.409826 0.410812 0.411854 0.412452 0.412779 0.412634 0.412020 0.411204 0.410758 0.411006 0.411747 0.412742 0.413780 0.415299 0.417495 0.419937 0.420788 0.419242 0.416114 0.413313 0.411769 0.411469 0.412610 0.415235 0.419234 0.419638 0.418997 0.417956 0.417177 0.416686 0.416635 0.417034 0.417524 0.417639 0.416863 0.415459 0.413977 0.412936 0.412546
-9999.0 -9999.0 -9999.0 -9999.0 -9999.0 -9999.0 -9999.0 -9999.0 -9999.0 -9999.0 -9999.0 -9999.0 -9999.0 -9999.0 0.416948 0.418837 0.421020 0.422051 0.420127 0.417340 0.415172 0.412540 0.411426 0.410173 0.409283 0.409067 0.409456 0.410204 0.410942 0.411525 0.411834 0.411700 0.411112 0.410439 0.410207 0.410586 0.411376 0.412298 0.413677 0.416082 0.419237 0.421515 0.421340 0.418981 0.416008 0.413860 0.412770 0.413315 0.416975 0.419621 0.420607 0.420212 0.419059 0.418028 0.417291 0.416977 0.417190 0.417632 0.417812 0.417129 0.415753 0.414318 0.413238 0.412743
-9999.0 -9999.0 -9999.0 -9999.0 -9999.0 -9999.0 -9999.0 -9999.0 -9999.0 -9999.0 -9999.0 -9999.0 -9999.0 0.416889 0.416939 0.419591 0.422821 0.422865 0.419922 0.416755 0.415478 0.414537 0.411875 0.410616 0.409594 0.409096 0.409059 0.409374 0.409882 0.410443 0.410913 0.411137 0.410915 0.410281 0.409696 0.409550 0.409771 0.410226 0.411216 0.413307 0.416369 0.419551 0.420795 0.419863 0.417495 0.415261 0.413666 0.415025 0.416691 0.419129 0.420792 0.421186 0.420425 0.419304 0.418291 0.417746 0.417773 0.418085 0.418203 0.417581 0.416210 0.414751 0.413647 0.413112
-9999.0 -9999.0 -9999.0 -9999.0 -9999.0 -9999.0 -9999.0 -9999.0 -9999.0 -9999.0 -9999.0 -9999.0 0.419395 0.418251 0.419258 0.421996 0.423772 0.422095 0.418608 0.416658 0.416163 0.415684 0.412919 0.411351 0.410039 0.409348 0.409113 0.409193 0.409492 0.409887 0.410306 0.410669 0.410791 0.410384 0.409647 0.409013 0.408623 0.408528 0.408991 0.410381 0.412702 0.415789 0.417890 0.418342 0.417098 0.415364 0.413660 0.413287 0.415806 0.417778 0.419868 0.421331 0.421534 0.420784 0.419717 0.418963 0.418735 0.418888 0.418974 0.418443 0.417050 0.415440 0.414184 0.413552
-9999.0 -9999.0 -9999.0 -9999.0 -9999.0 -9999.0 -9999.0 -9999.0 -9999.0 -9999.0 -9999.0 0.420114 0.419892 0.420221 0.422046 0.424423 0.423958 0.421160 0.417960 0.416708 0.416759 0.416656 0.414052 0.412201 0.410462 0.409574 0.409355 0.409479 0.409670 0.409849 0.410091 0.410453 0.410836 0.410760 0.410070 0.409092 0.408171 0.407628 0.407688 0.408458 0.409972 0.412322 0.414404 0.415529 0.415244 0.414258 0.413041 0.412411 0.412721 0.414179 0.417962 0.420052 0.421332 0.421434 0.420827 0.420149 0.419755 0.419682 0.419721 0.419341 0.418102 0.416362 0.414884 0.414072
-9999.0 -9999.0 -9999.0 -9999.0 -9999.0 -9999.0 -9999.0 -9999.0 -9999.0 -9999.0 0.421422 0.420659 0.420461 0.422023 0.424506 0.425283 0.423438 0.420302 0.417962 0.417023 0.417329 0.417836 0.416763 0.412952 0.410780 0.409761 0.409629 0.409844 0.410036 0.410093 0.410175 0.410510 0.411072 0.411284 0.410729 0.409617 0.408381 0.407489 0.407212 0.407545 0.408526 0.410137 0.411736 0.412793 0.413106 0.412883 0.412263 0.411488 0.411205 0.411900 0.413795 0.417726 0.419776 0.420942 0.421093 0.420648 0.420232 0.420026 0.420039 0.419795 0.418862 0.417253 0.415733 0.414749
-9999.0 -9999.0 -9999.0 -9999.0 -9999.0 -9999.0 -9999.0 -9999.0 -9999.0 0.423565 0.422528 0.421407 0.421574 0.423749 0.425091 0.424629 0.422963 0.420656 0.418762 0.417742 0.418024 0.418724 0.417681 0.413378 0.410918 0.409857 0.409784 0.410092 0.410375 0.410393 0.410354 0.410655 0.411317 0.411770 0.411413 0.410303 0.408874 0.407676 0.407106 0.407173 0.407851 0.409003 0.410223 0.411164 0.411838 0.412080 0.411580 0.410586 0.410027 0.410181 0.411196 0.413333 0.417451 0.419512 0.420583 0.420587 0.420238 0.419925 0.419800 0.419526 0.418858 0.417728 0.416576 0.415711
-9999.0 -9999.0 -9999.0 -9999.0 -9999.0 -9999.0 -9999.0 -9999.0 0.422133 0.423713 0.423680 0.423215 0.423557 0.424153 0.424315 0.423924 0.422646 0.421069 0.419336 0.418314 0.418665 0.419375 0.418143 0.413557 0.410924 0.409784 0.409734 0.410157 0.410560 0.410660 0.410608 0.410808 0.411389 0.411998 0.411916 0.410938 0.409332 0.407796 0.406971 0.406900 0.407451 0.408424 0.409553 0.410511 0.411379 0.411689 0.411195 0.410272 0.409644 0.409349 0.409626 0.410796 0.413301 0.417670 0.419601 0.420234 0.420036 0.419662 0.419349 0.418884 0.418236 0.417657 0.417226 0.416890
-9999.0 -9999.0 -9999.0 -9999.0 -9999.0 -9999.0 -9999.0 0.417697 0.420604 0.423191 0.425156 0.425846 0.425024 0.423779 0.423454 0.423263 0.422272 0.420861 0.419440 0.418783 0.419249 0.419818 0.418501 0.413838 0.410858 0.409452 0.409388 0.409992 0.410576 0.410832 0.410814 0.410913 0.411323 0.411942 0.412189 0.411496 0.409822 0.407907 0.406788 0.406602 0.407095 0.408089 0.409309 0.410314 0.411001 0.411189 0.410945 0.410408 0.409900 0.409369 0.409020 0.409269 0.410781 0.413737 0.418062 0.419581 0.419860 0.419533 0.418939 0.418158 0.417414 0.417332 0.417646 0.417872
-9999.0 -9999.0 -9999.0 -9999.0 -9999.0 -9999.0 0.413605 0.416218 0.419199 0.422603 0.426344 0.427402 0.425939 0.423979 0.423227 0.423060 0.422460 0.420718 0.419166 0.418594 0.419218 0.420111 0.419414 0.416292 0.411096 0.409048 0.408716 0.409422 0.410286 0.410816 0.410980 0.411030 0.411195 0.411700 0.412321 0.412209 0.410673 0.408341 0.406789 0.406413 0.406801 0.407816 0.409156 0.410031 0.410329 0.410433 0.410615 0.410626 0.410406 0.409869 0.409120 0.408650 0.409234 0.411424 0.416006 0.418292 0.419344 0.419334 0.418609 0.417559 0.416834 0.417168 0.417915 0.418407
-9999.0 -9999.0 -9999.0 -9999.0 -9999.0 0.408494 0.412692 0.414990 0.417866 0.422133 0.426601 0.428221 0.427058 0.424853 0.423534 0.423259 0.422710 0.420851 0.418936 0.418235 0.418924 0.420232 0.420148 0.417538 0.411807 0.408898 0.408056 0.408596 0.409616 0.410444 0.410924 0.411111 0.411101 0.411368 0.412182 0.412853 0.411973 0.409474 0.407325 0.406570 0.406754 0.407715 0.409018 0.409585 0.409474 0.409463 0.409864 0.410360 0.410562 0.410288 0.409494 0.408726 0.408690 0.409919 0.412370 0.416603 0.418373 0.418974 0.418313 0.417084 0.416494 0.416960 0.417699 0.418192
-9999.0 -9999.0 -9999.0 -9999.0 -9999.0 0.411341 0.412582 0.413779 0.416563 0.420808 0.424844 0.427364 0.427458 0.425833 0.424151 0.423639 0.423179 0.421379 0.419100 0.417969 0.418476 0.420100 0.420795 0.418789 0.413028 0.409295 0.407752 0.407847 0.408727 0.409742 0.410616 0.411099 0.411020 0.410933 0.411669 0.413033 0.413360 0.411415 0.408888 0.407512 0.407260 0.407991 0.408984 0.409133 0.408718 0.408615 0.409038 0.409837 0.410372 0.410244 0.409555 0.408980 0.408785 0.409387 0.410797 0.413070 0.417054 0.418191 0.417825 0.416578 0.415957 0.416191 0.416739 0.417225
-9999.0 -9999.0 -9999.0 -9999.0 -9999.0 0.411896 0.412412 0.412812 0.415649 0.419316 0.422466 0.425497 0.426876 0.426119 0.424332 0.423317 0.422732 0.421461 0.419148 0.418015 0.418461 0.420042 0.421162 0.419927 0.414854 0.410750 0.408325 0.407626 0.408033 0.408966 0.410158 0.411099 0.411144 0.410630 0.410830 0.412339 0.413921 0.413498 0.411490 0.409616 0.408769 0.409031 0.409326 0.408906 0.408323 0.408174 0.408504 0.409375 0.410000 0.409812 0.409221 0.408928 0.408964 0.409259 0.409948 0.411380 0.413652 0.416925 0.416835 0.415783 0.415013 0.414900 0.415365 0.416299
-9999.0 -9999.0 -9999.0 -9999.0 -9999.0 0.410814 0.411477 0.412872 0.416152 0.418785 0.420337 0.423093 0.425646 0.426170 0.424732 0.423251 0.422182 0.420683 0.418387 0.417243 0.417793 0.419577 0.421404 0.421607 0.419113 0.413671 0.410289 0.408508 0.408148 0.408726 0.410006 0.411363 0.411707 0.410824 0.410146 0.410985 0.413011 0.414350 0.413872 0.412303 0.411187 0.410863 0.410214 0.409231 0.408503 0.408236 0.408457 0.409158 0.409592 0.409270 0.408676 0.408515 0.408753 0.409022 0.409366 0.410184 0.411784 0.415123 0.415264 0.414611 0.413894 0.413520 0.414036 0.415774
-9999.0 -9999.0 -9999.0 -9999.0 0.408917 0.409883 0.412144 0.413745 0.417600 0.419392 0.419833 0.422077 0.425069 0.426566 0.425776 0.424097 0.422440 0.420240 0.417622 0.415544 0.415728 0.417574 0.420174 0.421990 0.421812 0.418904 0.413784 0.410971 0.409676 0.409710 0.410721 0.412200 0.412822 0.411752 0.410068 0.409657 0.410968 0.413105 0.414329 0.414162 0.413655 0.413024 0.411631 0.410212 0.409238 0.408808 0.408805 0.409107 0.409218 0.408781 0.408180 0.408012 0.408281 0.408630 0.408901 0.409371 0.410326 0.411401 0.413648 0.413417 0.413078 0.412550 0.412358 0.413743
-9999.0 -9999.0 -9999.0 -9999.0 0.409997 0.410657 0.412557 0.414782 0.419131 0.420545 0.420420 0.422202 0.425375 0.427590 0.427527 0.426049 0.424276 0.421558 0.417847 0.414275 0.413068 0.414068 0.416651 0.419483 0.421202 0.420808 0.418308 0.414123 0.412312 0.411763 0.413920 0.414947 0.414097 0.413162 0.410789 0.409063 0.409166 0.410796 0.412835 0.414317 0.414990 0.414549 0.413089 0.411559 0.410428 0.409810 0.409435 0.409182 0.408900 0.408410 0.407869 0.407620 0.407852 0.408265 0.408629 0.408966 0.409471 0.409976 0.410202 0.412390 0.412928 0.413493 0.412657 -9999.0
