tests/3D/Muntatschini_ref_005/output-maps-SE27XX/thetaliqL0013N0006.asc
ncols         108
nrows         156
xllcorner     619971.250000
yllcorner     5169711.250000
cellsize      20.000000
NODATA_value  -9999.0
[rows 87 to 115 of 156, columns 0 to 63 of 108]
-9999.0 -9999.0 -9999.0 -9999.0 0.476246 0.476495 0.477174 0.478555 0.481237 0.482007 0.481797 0.482632 0.484511 0.486160 0.486534 0.485871 0.485014 0.483660 0.481283 0.478640 0.476873 0.476602 0.477485 0.478903 0.480197 0.480764 0.480450 0.479300 0.478512 0.478124 0.478491 0.479126 0.479189 0.479575 0.478223 0.476634 0.476003 0.476378 0.477506 0.478909 0.479830 0.479826 0.479202 0.478509 0.477988 0.477492 0.476923 0.476442 0.476145 0.475875 0.475562 0.475366 0.475434 0.475699 0.476009 0.476247 0.476434 0.476591 0.476703 0.476912 0.477093 -9999.0 -9999.0 -9999.0
-9999.0 -9999.0 -9999.0 -9999.0 0.477102 0.477148 0.477477 0.478610 0.481256 0.481984 0.481529 0.481992 0.483864 0.486038 0.487077 0.486738 0.486130 0.485359 0.483600 0.480689 0.477781 0.476404 0.476470 0.477254 0.478088 0.478457 0.478283 0.477838 0.477449 0.477355 0.477653 0.478413 0.478985 0.479572 0.478779 0.477222 0.476188 0.476092 0.476893 0.478326 0.479438 0.479582 0.479250 0.478979 0.478793 0.478229 0.477326 0.476567 0.476163 0.475899 0.475579 0.475301 0.475260 0.475484 0.475867 0.476211 0.476406 0.476485 0.476509 0.476602 -9999.0 -9999.0 -9999.0 -9999.0
-9999.0 -9999.0 -9999.0 -9999.0 0.477826 0.477600 0.477737 0.478689 0.481373 0.482022 0.481159 0.480993 0.482499 0.484984 0.486804 0.487152 0.486956 0.486892 0.486121 0.483804 0.480548 0.478057 0.477192 0.477358 0.477704 0.477563 0.476914 0.476199 0.475866 0.475999 0.476517 0.477285 0.478179 0.478266 0.478627 0.477554 0.476520 0.476217 0.476743 0.478010 0.479109 0.479239 0.479050 0.479151 0.479356 0.478933 0.477847 0.476832 0.476295 0.476036 0.475727 0.475362 0.475166 0.475270 0.475629 0.476061 0.476344 0.476448 0.476471 -9999.0 -9999.0 -9999.0 -9999.0 -9999.0
-9999.0 -9999.0 -9999.0 -9999.0 0.478008 0.477562 0.477913 0.478853 0.481641 0.482267 0.481144 0.480362 0.481109 0.483217 0.485499 0.486916 0.487463 0.487714 0.487669 0.486500 0.483941 0.481096 0.479426 0.479138 0.479309 0.478827 0.477489 0.476056 0.475368 0.475435 0.475973 0.476648 0.477361 0.477977 0.477591 0.477408 0.476615 0.476383 0.476908 0.478217 0.479296 0.479197 0.478832 0.479088 0.479690 0.479706 0.478668 0.477394 0.476589 0.476259 0.475969 0.475564 0.475228 0.475196 0.475470 0.475885 0.476239 0.476380 -9999.0 -9999.0 -9999.0 -9999.0 -9999.0 -9999.0
-9999.0 -9999.0 -9999.0 -9999.0 0.477530 0.477103 0.476883 0.479182 0.481978 0.482455 0.481164 0.480006 0.480051 0.481551 0.483625 0.485408 0.486599 0.487330 0.487820 0.487678 0.486270 0.483975 0.482065 0.481547 0.481987 0.482010 0.480642 0.478363 0.476715 0.476224 0.476498 0.477066 0.477638 0.478139 0.478088 0.477012 0.476841 0.476755 0.477460 0.478910 0.479820 0.479462 0.478990 0.479331 0.480155 0.480607 0.479836 0.478392 0.477225 0.476665 0.476345 0.475936 0.475508 0.475329 0.475529 0.476009 0.476038 -9999.0 -9999.0 -9999.0 -9999.0 -9999.0 -9999.0 -9999.0
-9999.0 -9999.0 -9999.0 -9999.0 0.477039 0.476888 0.476995 0.479604 0.482148 0.482556 0.481430 0.480228 0.479895 0.480484 0.481928 0.483484 0.484673 0.485428 0.486098 0.486669 0.486465 0.485229 0.483693 0.483111 0.483804 0.484778 0.484610 0.482865 0.480578 0.479069 0.478597 0.478865 0.479295 0.479625 0.479285 0.478321 0.477319 0.477333 0.478226 0.479683 0.480334 0.479610 0.479877 0.480131 0.481031 0.481377 0.480444 0.479844 0.478406 0.477461 0.476938 0.476503 0.476042 0.475703 0.475687 0.476372 -9999.0 -9999.0 -9999.0 -9999.0 -9999.0 -9999.0 -9999.0 -9999.0
-9999.0 -9999.0 -9999.0 -9999.0 0.476357 0.476427 0.477741 0.480266 0.482483 0.482714 0.481870 0.480883 0.480085 0.480213 0.481303 0.482600 0.483403 0.483538 0.483546 0.483882 0.484239 0.484036 0.483244 0.482689 0.483193 0.484585 0.485739 0.485557 0.483984 0.482074 0.480818 0.480532 0.480842 0.481293 0.481072 0.480101 0.479130 0.478948 0.479640 0.480897 0.481383 0.481129 0.480636 0.480519 0.481823 0.482375 0.482064 0.480611 0.480029 0.478819 0.477976 0.477378 0.476850 0.476328 0.475862 0.476155 -9999.0 -9999.0 -9999.0 -9999.0 -9999.0 -9999.0 -9999.0 -9999.0
-9999.0 -9999.0 -9999.0 -9999.0 0.475748 0.476095 0.477705 0.480738 0.482608 0.483165 0.482702 0.481656 0.480509 0.480239 0.481268 0.482898 0.483899 0.483632 0.482612 0.481776 0.481457 0.481373 0.481110 0.480695 0.480708 0.481553 0.483035 0.484229 0.484287 0.483230 0.481877 0.481055 0.481070 0.481679 0.481938 0.481508 0.480756 0.480554 0.481039 0.481969 0.482177 0.481884 0.481727 0.481829 0.481789 0.482367 0.482406 0.482044 0.480695 0.480390 0.479400 0.478621 0.477997 0.477341 0.476385 0.475793 -9999.0 -9999.0 -9999.0 -9999.0 -9999.0 -9999.0 -9999.0 -9999.0
-9999.0 -9999.0 -9999.0 -9999.0 -9999.0 0.476554 0.477399 0.480475 0.482284 0.483018 0.482894 0.482086 0.480843 0.480235 0.481090 0.483204 0.485196 0.485685 0.484450 0.482422 0.480664 0.479702 0.479299 0.479018 0.478741 0.478775 0.479505 0.480782 0.481970 0.482280 0.481699 0.480785 0.480372 0.480760 0.481314 0.481562 0.481439 0.481611 0.482235 0.483008 0.483020 0.482533 0.482220 0.482227 0.482353 0.482314 0.482133 0.481988 0.481764 0.480732 0.480688 0.479930 0.479263 0.478774 0.477842 0.476016 -9999.0 -9999.0 -9999.0 -9999.0 -9999.0 -9999.0 -9999.0 -9999.0
-9999.0 -9999.0 -9999.0 -9999.0 -9999.0 0.476289 0.477093 0.479920 0.481580 0.482456 0.482488 0.481919 0.480829 0.480018 0.480380 0.482441 0.485411 0.487603 0.487779 0.485983 0.483195 0.480828 0.479542 0.479041 0.478706 0.478272 0.478171 0.478652 0.479789 0.480876 0.481317 0.480905 0.480222 0.479988 0.480106 0.480469 0.480866 0.481608 0.482682 0.483599 0.483653 0.483057 0.482523 0.482319 0.482318 0.482252 0.481941 0.481619 0.481470 0.481413 0.480396 0.480840 0.480346 0.479642 0.479984 -9999.0 -9999.0 -9999.0 -9999.0 -9999.0 -9999.0 -9999.0 -9999.0 -9999.0
-9999.0 -9999.0 -9999.0 -9999.0 -9999.0 0.475578 0.476469 0.479065 0.481080 0.481819 0.481821 0.481288 0.480407 0.479591 0.479404 0.480720 0.483705 0.487227 0.489417 0.489326 0.487232 0.484370 0.482154 0.481105 0.480796 0.480351 0.479723 0.479237 0.479537 0.480483 0.481473 0.481814 0.481312 0.480518 0.479766 0.479492 0.479750 0.480582 0.481817 0.482922 0.483303 0.483092 0.482715 0.482303 0.482016 0.481980 0.481828 0.481459 0.481112 0.480894 0.480917 0.480282 0.481100 0.480527 0.480416 -9999.0 -9999.0 -9999.0 -9999.0 -9999.0 -9999.0 -9999.0 -9999.0 -9999.0
-9999.0 -9999.0 -9999.0 -9999.0 -9999.0 0.475426 0.476221 0.478541 0.480654 0.481482 0.481378 0.480769 0.479919 0.479077 0.478595 0.479027 0.481049 0.484609 0.488200 0.490083 0.489691 0.487600 0.485180 0.483569 0.483056 0.482804 0.482280 0.481473 0.481036 0.481403 0.482279 0.483131 0.483245 0.482491 0.481148 0.479994 0.479495 0.479620 0.480364 0.481324 0.481973 0.482398 0.482512 0.482086 0.481496 0.481434 0.481628 0.481535 0.481132 0.480778 0.480936 0.481073 0.480404 0.481096 -9999.0 -9999.0 -9999.0 -9999.0 -9999.0 -9999.0 -9999.0 -9999.0 -9999.0 -9999.0
-9999.0 -9999.0 -9999.0 -9999.0 -9999.0 0.475448 0.476166 0.478270 0.480553 0.481455 0.481031 0.480612 0.479699 0.479016 0.478283 0.477972 0.478885 0.481454 0.485175 0.488336 0.489626 0.488917 0.487075 0.485169 0.483970 0.483403 0.482996 0.482536 0.482074 0.482152 0.482695 0.483612 0.484372 0.484443 0.483649 0.482253 0.480848 0.479905 0.479875 0.480223 0.480588 0.481313 0.482076 0.482013 0.481225 0.480759 0.480998 0.481372 0.481156 0.481031 0.481190 0.481808 0.481366 0.481907 -9999.0 -9999.0 -9999.0 -9999.0 -9999.0 -9999.0 -9999.0 -9999.0 -9999.0 -9999.0
-9999.0 -9999.0 -9999.0 -9999.0 -9999.0 0.475637 0.476077 0.477922 0.480267 0.481709 0.481536 0.479969 0.479511 0.478878 0.478382 0.477808 0.477591 0.479025 0.482108 0.485701 0.488170 0.488750 0.487873 0.486206 0.484397 0.482994 0.482089 0.481668 0.481457 0.481520 0.481860 0.482601 0.483748 0.484857 0.485366 0.484718 0.483201 0.481862 0.481242 0.480618 0.480128 0.480459 0.481473 0.482003 0.481497 0.480744 0.480575 0.480817 0.481126 0.481296 0.481448 0.482130 0.483900 -9999.0 -9999.0 -9999.0 -9999.0 -9999.0 -9999.0 -9999.0 -9999.0 -9999.0 -9999.0 -9999.0
-9999.0 -9999.0 -9999.0 -9999.0 -9999.0 0.475742 0.476016 0.477586 0.479906 0.481661 0.481678 0.480787 0.479175 0.479013 0.478379 0.477803 0.477295 0.477648 0.479564 0.482805 0.485940 0.487642 0.487909 0.487097 0.485517 0.483546 0.481687 0.480503 0.480054 0.479976 0.480140 0.480595 0.481656 0.483302 0.484800 0.485340 0.484936 0.484383 0.483733 0.482462 0.481144 0.480604 0.481299 0.482152 0.482056 0.481095 0.480171 0.480259 0.480734 0.481137 0.481274 0.481356 0.483022 -9999.0 -9999.0 -9999.0 -9999.0 -9999.0 -9999.0 -9999.0 -9999.0 -9999.0 -9999.0 -9999.0
-9999.0 -9999.0 -9999.0 -9999.0 0.474860 0.475052 0.475740 0.477121 0.479426 0.481590 0.481753 0.481113 0.479738 0.479285 0.478666 0.477865 0.477117 0.476895 0.477960 0.480199 0.483014 0.485336 0.486596 0.486941 0.486451 0.484964 0.482763 0.480678 0.479466 0.478898 0.478731 0.478838 0.479509 0.480898 0.482453 0.483870 0.484968 0.485699 0.485873 0.484942 0.483307 0.481845 0.481762 0.482500 0.482698 0.481510 0.480109 0.479563 0.479901 0.480469 0.480727 0.480704 0.480777 -9999.0 -9999.0 -9999.0 -9999.0 -9999.0 -9999.0 -9999.0 -9999.0 -9999.0 -9999.0 -9999.0
-9999.0 -9999.0 -9999.0 -9999.0 0.474896 0.474935 0.475462 0.476627 0.478582 0.480977 0.482191 0.481453 0.480374 0.479248 0.478462 0.478414 0.477428 0.476546 0.476580 0.477778 0.480214 0.482288 0.484125 0.485388 0.486073 0.485701 0.484030 0.481676 0.479778 0.478661 0.478081 0.477837 0.478061 0.478738 0.479785 0.481433 0.483417 0.485093 0.486210 0.486199 0.485129 0.483551 0.482803 0.483027 0.483050 0.482045 0.480182 0.478873 0.478742 0.479224 0.479730 0.479804 0.479878 -9999.0 -9999.0 -9999.0 -9999.0 -9999.0 -9999.0 -9999.0 -9999.0 -9999.0 -9999.0 -9999.0
-9999.0 -9999.0 -9999.0 0.474689 0.474726 0.474973 0.475335 0.476208 0.477832 0.479961 0.481917 0.482093 0.480894 0.479912 0.479395 0.478430 0.477971 0.476703 0.475960 0.476143 0.477551 0.479677 0.481359 0.483115 0.484532 0.485201 0.484510 0.482626 0.480495 0.478932 0.477994 0.477502 0.477387 0.477403 0.477908 0.479180 0.481118 0.483077 0.484718 0.485553 0.485399 0.484461 0.483547 0.483397 0.483425 0.482687 0.480689 0.478632 0.477737 0.477838 0.478305 0.478243 0.478062 -9999.0 -9999.0 -9999.0 -9999.0 -9999.0 -9999.0 -9999.0 -9999.0 -9999.0 -9999.0 -9999.0
-9999.0 -9999.0 -9999.0 0.474713 0.474684 0.474880 0.475189 0.475841 0.477110 0.479027 0.481165 0.482192 0.481582 0.480707 0.479977 0.479027 0.478251 0.476815 0.475722 0.475383 0.475829 0.477241 0.479139 0.480793 0.482638 0.484024 0.484218 0.483117 0.481269 0.479553 0.478449 0.477849 0.477488 0.477048 0.477081 0.477757 0.479135 0.480813 0.482378 0.483548 0.484115 0.483942 0.483345 0.483008 0.483293 0.483142 0.481682 0.479337 0.477575 0.476998 0.477015 0.476741 0.477182 -9999.0 -9999.0 -9999.0 -9999.0 -9999.0 -9999.0 -9999.0 -9999.0 -9999.0 -9999.0 -9999.0
-9999.0 -9999.0 0.474449 0.474639 0.474769 0.474820 0.475015 0.475488 0.476430 0.477998 0.480051 0.481785 0.481972 0.481313 0.480558 0.479686 0.478039 0.476978 0.475703 0.475068 0.475030 0.475537 0.476837 0.478718 0.480454 0.482398 0.483507 0.483343 0.482044 0.480384 0.479246 0.478669 0.478261 0.477709 0.477364 0.477457 0.478171 0.479339 0.480523 0.481635 0.482445 0.482700 0.482257 0.482001 0.482262 0.482742 0.482409 0.480717 0.478579 0.477389 0.476866 0.476461 -9999.0 -9999.0 -9999.0 -9999.0 -9999.0 -9999.0 -9999.0 -9999.0 -9999.0 -9999.0 -9999.0 -9999.0
-9999.0 -9999.0 0.474591 0.474666 0.474767 0.474795 0.474898 0.475211 0.475853 0.476967 0.478463 0.480092 0.481317 0.481691 0.481393 0.480693 0.478929 0.477412 0.475852 0.475023 0.474720 0.474796 0.475273 0.476551 0.478419 0.480356 0.481966 0.482792 0.482401 0.481214 0.480150 0.479588 0.479284 0.478960 0.478508 0.478199 0.478344 0.478968 0.479823 0.480824 0.481695 0.481944 0.481608 0.480923 0.480697 0.481272 0.481961 0.481620 0.480035 0.478451 0.478271 -9999.0 -9999.0 -9999.0 -9999.0 -9999.0 -9999.0 -9999.0 -9999.0 -9999.0 -9999.0 -9999.0 -9999.0 -9999.0
-9999.0 -9999.0 0.474896 0.474749 0.474730 0.474745 0.474814 0.475012 0.475445 0.476209 0.477296 0.478511 0.479989 0.481438 0.482204 0.482094 0.480234 0.478452 0.476466 0.475364 0.474839 0.474651 0.474739 0.475213 0.476261 0.477933 0.479913 0.481006 0.481462 0.480952 0.480152 0.479688 0.479652 0.479778 0.479614 0.479265 0.479165 0.479481 0.480165 0.481149 0.482014 0.482465 0.481836 0.480501 0.479543 0.479570 0.480398 0.481038 0.480591 0.478771 0.478289 -9999.0 -9999.0 -9999.0 -9999.0 -9999.0 -9999.0 -9999.0 -9999.0 -9999.0 -9999.0 -9999.0 -9999.0 -9999.0
-9999.0 -9999.0 0.474824 0.474681 0.474651 0.474659 0.474722 0.474856 0.475155 0.475709 0.476594 0.477677 0.479170 0.481046 0.482395 0.483278 0.482174 0.480601 0.478222 0.476665 0.475753 0.475157 0.474851 0.474882 0.475246 0.475965 0.477265 0.478687 0.479294 0.479425 0.479047 0.478748 0.478915 0.479327 0.479525 0.479382 0.479383 0.479767 0.480564 0.481615 0.483021 0.483857 0.483288 0.481537 0.479824 0.478936 0.478985 0.479479 0.479870 0.479131 0.477849 -9999.0 -9999.0 -9999.0 -9999.0 -9999.0 -9999.0 -9999.0 -9999.0 -9999.0 -9999.0 -9999.0 -9999.0 -9999.0
-9999.0 0.474233 0.474473 0.474572 0.474566 0.474571 0.474626 0.474715 0.474919 0.475346 0.476124 0.477185 0.478447 0.480268 0.482426 0.483794 0.483957 0.483349 0.481206 0.479384 0.477439 0.476642 0.475700 0.475179 0.475084 0.475259 0.475615 0.476377 0.477160 0.477323 0.477337 0.477307 0.477649 0.478017 0.478303 0.478158 0.478130 0.478647 0.479680 0.481273 0.483234 0.484763 0.484941 0.483686 0.481933 0.480364 0.479304 0.478659 0.478455 0.479363 -9999.0 -9999.0 -9999.0 -9999.0 -9999.0 -9999.0 -9999.0 -9999.0 -9999.0 -9999.0 -9999.0 -9999.0 -9999.0 -9999.0
-9999.0 0.474250 0.474407 0.474526 0.474550 0.474572 0.474612 0.474644 0.474721 0.474995 0.475612 0.476621 0.477834 0.479233 0.481331 0.483725 0.484920 0.484670 0.483398 0.481565 0.479943 0.478857 0.477428 0.476279 0.475620 0.475332 0.475248 0.475398 0.475854 0.476071 0.476021 0.476083 0.476468 0.476896 0.477214 0.476959 0.476606 0.476825 0.477718 0.479393 0.481698 0.483975 0.485369 0.485318 0.484335 0.482971 0.481502 0.479804 0.477873 0.478015 -9999.0 -9999.0 -9999.0 -9999.0 -9999.0 -9999.0 -9999.0 -9999.0 -9999.0 -9999.0 -9999.0 -9999.0 -9999.0 -9999.0
-9999.0 0.474376 0.474504 0.474561 0.474606 0.474666 0.474710 0.474687 0.474633 0.474721 0.475083 0.475828 0.476858 0.478077 0.479558 0.481849 0.484237 0.485034 0.484792 0.483505 0.482095 0.480565 0.479274 0.477983 0.476845 0.476046 0.475463 0.475789 0.475942 0.475924 0.475713 0.475617 0.475804 0.476283 0.476554 0.476457 0.475926 0.475676 0.476004 0.477043 0.478770 0.480931 0.483026 0.484247 0.484579 0.484263 0.483447 0.481691 0.478860 0.477147 -9999.0 -9999.0 -9999.0 -9999.0 -9999.0 -9999.0 -9999.0 -9999.0 -9999.0 -9999.0 -9999.0 -9999.0 -9999.0 -9999.0
-9999.0 0.474471 0.474548 0.474639 0.474689 0.474800 0.474893 0.474853 0.474689 0.474608 0.474736 0.475146 0.475825 0.476709 0.477829 0.479332 0.481580 0.483444 0.484088 0.483786 0.482876 0.482046 0.481323 0.480474 0.479437 0.478606 0.478084 0.477565 0.477262 0.477006 0.476433 0.475837 0.475524 0.475695 0.476087 0.476500 0.476254 0.475739 0.475484 0.475713 0.476532 0.477753 0.479080 0.480381 0.481315 0.481940 0.482161 0.481306 0.478990 0.477795 -9999.0 -9999.0 -9999.0 -9999.0 -9999.0 -9999.0 -9999.0 -9999.0 -9999.0 -9999.0 -9999.0 -9999.0 -9999.0 -9999.0
-9999.0 0.474488 0.474584 0.474679 0.474744 0.474892 0.475064 0.475080 0.474882 0.474671 0.474622 0.474776 0.475126 0.475637 0.476370 0.477423 0.479099 0.481412 0.482583 0.483085 0.482798 0.482422 0.482140 0.481799 0.481382 0.481005 0.480609 0.480110 0.479672 0.479138 0.478260 0.476971 0.475856 0.475532 0.476043 0.476795 0.477293 0.477003 0.476336 0.475674 0.475792 0.476906 0.477398 0.478096 0.479086 0.480039 0.480785 0.480052 0.479167 -9999.0 -9999.0 -9999.0 -9999.0 -9999.0 -9999.0 -9999.0 -9999.0 -9999.0 -9999.0 -9999.0 -9999.0 -9999.0 -9999.0 -9999.0
-9999.0 0.474529 0.474628 0.474718 0.474801 0.474987 0.475221 0.475321 0.475170 0.474895 0.474711 0.474696 0.474842 0.475114 0.475570 0.476333 0.477622 0.479712 0.481395 0.482102 0.482264 0.482102 0.481938 0.481863 0.481846 0.481629 0.481220 0.480775 0.480579 0.480408 0.479832 0.478481 0.476844 0.475949 0.476102 0.477076 0.478120 0.478709 0.478206 0.477060 0.475957 -9999.0 -9999.0 -9999.0 -9999.0 -9999.0 -9999.0 -9999.0 -9999.0 -9999.0 -9999.0 -9999.0 -9999.0 -9999.0 -9999.0 -9999.0 -9999.0 -9999.0 -9999.0 -9999.0 -9999.0 -9999.0 -9999.0 -9999.0
