tests/3D/Muntatschini_ref_005/output-maps-SE27XX/thetaliqL0010N0001.asc
ncols         108
nrows         156
xllcorner     619971.250000
yllcorner     5169711.250000
cellsize      20.000000
NODATA_value  -9999.0
[rows 58 to 86 of 156, columns 0 to 63 of 108]
-9999.0 -9999.0 -9999.0 -9999.0 -9999.0 -9999.0 -9999.0 -9999.0 -9999.0 -9999.0 -9999.0 -9999.0 -9999.0 -9999.0 -9999.0 -9999.0 -9999.0 -9999.0 -9999.0 -9999.0 -9999.0 -9999.0 -9999.0 -9999.0 -9999.0 -9999.0 -9999.0 -9999.0 -9999.0 -9999.0 -9999.0 -9999.0 -9999.0 -9999.0 -9999.0 -9999.0 0.439985 0.439485 0.439656 0.439209 0.438900 0.438990 0.439640 0.440851 0.442475 0.444119 0.445355 0.446008 0.446037 0.445642 0.444935 0.444153 0.443325 0.442631 0.442232 0.442179 0.442440 0.442944 0.443420 0.443579 0.443193 0.442478 0.441739 0.441204
-9999.0 -9999.0 -9999.0 -9999.0 -9999.0 -9999.0 -9999.0 -9999.0 -9999.0 -9999.0 -9999.0 -9999.0 -9999.0 -9999.0 -9999.0 -9999.0 -9999.0 -9999.0 -9999.0 -9999.0 -9999.0 -9999.0 -9999.0 -9999.0 -9999.0 -9999.0 -9999.0 -9999.0 -9999.0 -9999.0 -9999.0 -9999.0 -9999.0 -9999.0 -9999.0 0.441794 0.441528 0.440732 0.440137 0.439485 0.438955 0.438842 0.439324 0.440484 0.442155 0.443824 0.444856 0.445255 0.445233 0.445042 0.444645 0.444172 0.443604 0.443028 0.442519 0.442187 0.442166 0.442602 0.443273 0.443756 0.443595 0.442914 0.442096 0.441417
-9999.0 -9999.0 -9999.0 -9999.0 -9999.0 -9999.0 -9999.0 -9999.0 -9999.0 -9999.0 -9999.0 -9999.0 -9999.0 -9999.0 -9999.0 -9999.0 -9999.0 -9999.0 -9999.0 -9999.0 -9999.0 -9999.0 -9999.0 -9999.0 -9999.0 -9999.0 -9999.0 -9999.0 -9999.0 -9999.0 -9999.0 -9999.0 0.439513 0.440779 0.443182 0.442687 0.441980 0.441558 0.440796 0.439924 0.439284 0.439041 0.439271 0.440163 0.441832 0.443688 0.444794 0.445090 0.444905 0.444652 0.444323 0.444015 0.443667 0.443264 0.442808 0.442348 0.442076 0.442264 0.442913 0.443618 0.443820 0.443421 0.442719 0.442022
-9999.0 -9999.0 -9999.0 -9999.0 -9999.0 -9999.0 -9999.0 -9999.0 -9999.0 -9999.0 -9999.0 -9999.0 -9999.0 -9999.0 -9999.0 -9999.0 -9999.0 -9999.0 -9999.0 -9999.0 -9999.0 -9999.0 -9999.0 -9999.0 -9999.0 -9999.0 -9999.0 -9999.0 -9999.0 -9999.0 0.441463 0.442342 0.441239 0.440590 0.441857 0.442728 0.442720 0.442256 0.441291 0.440207 0.439425 0.439068 0.439059 0.439656 0.441127 0.443094 0.444519 0.445106 0.445045 0.444715 0.444301 0.443944 0.443671 0.443365 0.442988 0.442477 0.442024 0.441918 0.442358 0.443046 0.443529 0.443554 0.443227 0.442726
-9999.0 -9999.0 -9999.0 -9999.0 -9999.0 -9999.0 -9999.0 -9999.0 -9999.0 -9999.0 -9999.0 -9999.0 -9999.0 -9999.0 -9999.0 -9999.0 -9999.0 -9999.0 -9999.0 -9999.0 -9999.0 -9999.0 -9999.0 -9999.0 -9999.0 -9999.0 -9999.0 -9999.0 -9999.0 0.439935 0.439829 0.441287 0.441997 0.442013 0.442313 0.443009 0.443327 0.442951 0.441759 0.440272 0.439177 0.438663 0.438539 0.438936 0.440079 0.441876 0.443540 0.444640 0.445075 0.445000 0.444641 0.444134 0.443676 0.443288 0.442980 0.442551 0.442059 0.441734 0.441872 0.442327 0.442822 0.443177 0.443317 0.443169
-9999.0 -9999.0 -9999.0 -9999.0 -9999.0 -9999.0 -9999.0 -9999.0 -9999.0 -9999.0 -9999.0 -9999.0 -9999.0 -9999.0 -9999.0 -9999.0 -9999.0 -9999.0 -9999.0 -9999.0 -9999.0 -9999.0 -9999.0 -9999.0 -9999.0 0.439293 0.439278 0.439938 0.440500 0.439976 0.440499 0.441436 0.442125 0.442429 0.442799 0.443362 0.443840 0.443572 0.442300 0.440447 0.438984 0.438248 0.438075 0.438357 0.439163 0.440540 0.442165 0.443579 0.444533 0.444945 0.444957 0.444507 0.443865 0.443249 0.442869 0.442522 0.442100 0.441722 0.441628 0.441797 0.442081 0.442481 0.442913 0.443135
-9999.0 -9999.0 -9999.0 -9999.0 -9999.0 -9999.0 -9999.0 -9999.0 -9999.0 -9999.0 -9999.0 -9999.0 -9999.0 -9999.0 -9999.0 -9999.0 -9999.0 -9999.0 -9999.0 -9999.0 -9999.0 -9999.0 -9999.0 0.443447 0.443297 0.441226 0.440033 0.439672 0.439922 0.440258 0.440789 0.441591 0.442208 0.442540 0.442964 0.443577 0.444243 0.444234 0.443147 0.441112 0.439273 0.438207 0.437899 0.438057 0.438603 0.439589 0.440976 0.442356 0.443592 0.444472 0.444981 0.444819 0.444120 0.443326 0.442854 0.442591 0.442248 0.441863 0.441593 0.441515 0.441553 0.441800 0.442256 0.442680
-9999.0 -9999.0 -9999.0 -9999.0 -9999.0 -9999.0 -9999.0 -9999.0 -9999.0 -9999.0 -9999.0 -9999.0 -9999.0 -9999.0 -9999.0 -9999.0 -9999.0 -9999.0 -9999.0 -9999.0 -9999.0 0.446500 0.447159 0.444677 0.443423 0.442645 0.441554 0.441037 0.440855 0.440829 0.441015 0.441432 0.441919 0.442329 0.442880 0.443630 0.444515 0.444848 0.444166 0.442273 0.440155 0.438640 0.438005 0.437969 0.438338 0.439090 0.440219 0.441461 0.442713 0.443817 0.444709 0.444924 0.444344 0.443551 0.443005 0.442732 0.442420 0.442048 0.441690 0.441409 0.441221 0.441234 0.441555 0.442021
-9999.0 -9999.0 -9999.0 -9999.0 -9999.0 -9999.0 -9999.0 -9999.0 -9999.0 -9999.0 -9999.0 -9999.0 -9999.0 -9999.0 -9999.0 -9999.0 -9999.0 -9999.0 -9999.0 -9999.0 0.447203 0.445509 0.446264 0.446478 0.445493 0.444285 0.443099 0.442180 0.441584 0.441140 0.440906 0.440956 0.441246 0.441733 0.442414 0.443313 0.444356 0.445099 0.445092 0.443775 0.441600 0.439537 0.438318 0.437937 0.438149 0.438826 0.439895 0.441157 0.442430 0.443617 0.444517 0.444748 0.444327 0.443787 0.443372 0.443082 0.442712 0.442266 0.441833 0.441397 0.441031 0.440831 0.440977 0.441377
-9999.0 -9999.0 -9999.0 -9999.0 -9999.0 -9999.0 -9999.0 -9999.0 -9999.0 -9999.0 -9999.0 -9999.0 -9999.0 -9999.0 -9999.0 -9999.0 -9999.0 -9999.0 0.447791 0.448915 0.448276 0.446903 0.446535 0.446580 0.446524 0.445957 0.444740 0.443315 0.442176 0.441375 0.440815 0.440530 0.440587 0.441076 0.441869 0.442818 0.443876 0.444885 0.445553 0.445141 0.443386 0.440952 0.438959 0.438015 0.437971 0.438594 0.439755 0.441183 0.442650 0.443851 0.444558 0.444671 0.444356 0.443980 0.443685 0.443462 0.443182 0.442776 0.442295 0.441675 0.441070 0.440633 0.440598 0.440910
-9999.0 -9999.0 -9999.0 -9999.0 -9999.0 -9999.0 -9999.0 -9999.0 -9999.0 -9999.0 -9999.0 -9999.0 -9999.0 -9999.0 -9999.0 -9999.0 0.444087 0.446029 0.445923 0.446631 0.447120 0.446248 0.445366 0.445139 0.445638 0.445986 0.445490 0.444238 0.442956 0.442020 0.441235 0.440635 0.440432 0.440809 0.441597 0.442459 0.443384 0.444441 0.445578 0.446078 0.445162 0.442805 0.440170 0.438506 0.438055 0.438482 0.439644 0.441291 0.443098 0.444342 0.444785 0.444677 0.444371 0.444060 0.443834 0.443764 0.443772 0.443597 0.443143 0.442362 0.441491 0.440775 0.440496 0.440658
-9999.0 -9999.0 -9999.0 -9999.0 -9999.0 -9999.0 -9999.0 -9999.0 -9999.0 -9999.0 -9999.0 -9999.0 -9999.0 -9999.0 -9999.0 0.441300 0.441333 0.444330 0.445927 0.446202 0.445997 0.444945 0.443507 0.442694 0.443055 0.444020 0.444607 0.444322 0.443557 0.442838 0.442020 0.441192 0.440719 0.440897 0.441611 0.442406 0.443219 0.444133 0.445404 0.446545 0.446687 0.445025 0.442273 0.439888 0.438818 0.438829 0.439724 0.441384 0.443520 0.444905 0.445221 0.444970 0.444564 0.444158 0.443847 0.443927 0.444281 0.444463 0.444164 0.443298 0.442174 0.441158 0.440606 0.440595
-9999.0 -9999.0 -9999.0 -9999.0 -9999.0 -9999.0 -9999.0 -9999.0 -9999.0 -9999.0 -9999.0 -9999.0 -9999.0 -9999.0 -9999.0 0.443559 0.442844 0.444738 0.445533 0.445561 0.445032 0.443843 0.442314 0.441043 0.440781 0.441501 0.442550 0.443219 0.443329 0.443133 0.442597 0.441778 0.441096 0.440967 0.441477 0.442215 0.443035 0.443907 0.445210 0.446724 0.447876 0.447383 0.445194 0.442391 0.440532 0.439882 0.440236 0.441667 0.443936 0.445598 0.445857 0.445433 0.444853 0.444382 0.444019 0.444074 0.444504 0.444920 0.444872 0.444082 0.442852 0.441636 0.440844 0.440629
-9999.0 -9999.0 -9999.0 -9999.0 -9999.0 -9999.0 -9999.0 -9999.0 -9999.0 -9999.0 -9999.0 -9999.0 -9999.0 -9999.0 -9999.0 0.447285 0.445389 0.446563 0.446459 0.445133 0.443878 0.442797 0.441558 0.440351 0.439737 0.439936 0.440725 0.441628 0.442207 0.442522 0.442441 0.441922 0.441209 0.440793 0.440977 0.441593 0.442422 0.443297 0.444582 0.446442 0.448531 0.449352 0.448129 0.445462 0.442998 0.441581 0.441233 0.442211 0.444397 0.446373 0.446823 0.446303 0.445422 0.444752 0.444311 0.444232 0.444552 0.444978 0.445102 0.444473 0.443284 0.442010 0.441085 0.440724
-9999.0 -9999.0 -9999.0 -9999.0 -9999.0 -9999.0 -9999.0 -9999.0 -9999.0 -9999.0 -9999.0 -9999.0 -9999.0 -9999.0 0.444168 0.445679 0.447568 0.448579 0.447024 0.444634 0.443233 0.442452 0.441523 0.440410 0.439587 0.439350 0.439656 0.440298 0.440932 0.441452 0.441725 0.441623 0.441114 0.440519 0.440298 0.440596 0.441254 0.442024 0.443179 0.445180 0.447789 0.449765 0.449708 0.447779 0.445222 0.443296 0.442283 0.442694 0.444526 0.446730 0.447630 0.447337 0.446371 0.445476 0.444814 0.444505 0.444669 0.445061 0.445241 0.444702 0.443545 0.442306 0.441355 0.440907
-9999.0 -9999.0 -9999.0 -9999.0 -9999.0 -9999.0 -9999.0 -9999.0 -9999.0 -9999.0 -9999.0 -9999.0 -9999.0 0.444204 0.444102 0.446327 0.449151 0.449324 0.446879 0.444468 0.443379 0.442772 0.441951 0.440828 0.439906 0.439437 0.439373 0.439627 0.440055 0.440524 0.440921 0.441123 0.440941 0.440389 0.439859 0.439713 0.439891 0.440268 0.441061 0.442779 0.445293 0.447970 0.449098 0.448385 0.446383 0.444435 0.442980 0.442800 0.444159 0.446282 0.447760 0.448142 0.447520 0.446548 0.445656 0.445163 0.445181 0.445462 0.445591 0.445099 0.443946 0.442691 0.441721 0.441242
-9999.0 -9999.0 -9999.0 -9999.0 -9999.0 -9999.0 -9999.0 -9999.0 -9999.0 -9999.0 -9999.0 -9999.0 0.446427 0.445320 0.446092 0.448443 0.450053 0.448713 0.446052 0.444369 0.443926 0.443649 0.442825 0.441470 0.440319 0.439687 0.439458 0.439508 0.439744 0.440067 0.440409 0.440732 0.440838 0.440491 0.439848 0.439292 0.438928 0.438818 0.439159 0.440268 0.442170 0.444761 0.446565 0.447002 0.445954 0.444471 0.442985 0.442545 0.443306 0.445052 0.446927 0.448207 0.448411 0.447774 0.446865 0.446207 0.446010 0.446152 0.446251 0.445837 0.444674 0.443294 0.442201 0.441646
-9999.0 -9999.0 -9999.0 -9999.0 -9999.0 -9999.0 -9999.0 -9999.0 -9999.0 -9999.0 -9999.0 0.447062 0.446711 0.446932 0.448429 0.450564 0.450259 0.447926 0.445480 0.444379 0.444389 0.444460 0.443764 0.442211 0.440718 0.439921 0.439705 0.439777 0.439923 0.440062 0.440248 0.440560 0.440896 0.440837 0.440247 0.439392 0.438575 0.438071 0.438060 0.438639 0.439858 0.441818 0.443591 0.444567 0.444337 0.443490 0.442442 0.441901 0.442121 0.443292 0.445147 0.447044 0.448163 0.448270 0.447778 0.447203 0.446877 0.446824 0.446877 0.446591 0.445574 0.444100 0.442825 0.442107
-9999.0 -9999.0 -9999.0 -9999.0 -9999.0 -9999.0 -9999.0 -9999.0 -9999.0 -9999.0 0.448180 0.447387 0.447106 0.448401 0.450577 0.451380 0.449872 0.447496 0.445466 0.444604 0.444816 0.445271 0.444673 0.442867 0.440999 0.440099 0.439952 0.440109 0.440256 0.440293 0.440353 0.440634 0.441119 0.441313 0.440850 0.439877 0.438788 0.437979 0.437678 0.437890 0.438662 0.439982 0.441324 0.442230 0.442508 0.442315 0.441793 0.441142 0.440890 0.441452 0.442928 0.444905 0.446773 0.447806 0.447970 0.447605 0.447265 0.447090 0.447119 0.446951 0.446211 0.444873 0.443565 0.442700
-9999.0 -9999.0 -9999.0 -9999.0 -9999.0 -9999.0 -9999.0 -9999.0 -9999.0 0.450015 0.449000 0.447962 0.448022 0.449927 0.451173 0.450858 0.449447 0.447741 0.446088 0.445163 0.445362 0.446002 0.445376 0.443242 0.441134 0.440191 0.440091 0.440338 0.440566 0.440567 0.440524 0.440767 0.441341 0.441749 0.441454 0.440497 0.439242 0.438161 0.437608 0.437592 0.438116 0.439061 0.440081 0.440863 0.441453 0.441672 0.441286 0.440434 0.439919 0.439992 0.440818 0.442480 0.444655 0.446547 0.447498 0.447527 0.447247 0.446991 0.446903 0.446711 0.446195 0.445276 0.444295 0.443535
-9999.0 -9999.0 -9999.0 -9999.0 -9999.0 -9999.0 -9999.0 -9999.0 0.448765 0.449967 0.449897 0.449452 0.449776 0.450349 0.450531 0.450210 0.449375 0.448026 0.446525 0.445614 0.445901 0.446559 0.445784 0.443407 0.441148 0.440127 0.440047 0.440393 0.440733 0.440812 0.440747 0.440907 0.441408 0.441947 0.441894 0.441054 0.439648 0.438278 0.437514 0.437383 0.437801 0.438603 0.439534 0.440346 0.441102 0.441405 0.441015 0.440210 0.439641 0.439334 0.439507 0.440450 0.442429 0.444839 0.446638 0.447220 0.447074 0.446770 0.446525 0.446172 0.445664 0.445209 0.444844 0.444526
-9999.0 -9999.0 -9999.0 -9999.0 -9999.0 -9999.0 -9999.0 0.444939 0.447271 0.449407 0.451081 0.451745 0.451125 0.450073 0.449764 0.449603 0.448987 0.447787 0.446567 0.445999 0.446413 0.446959 0.446095 0.443645 0.441100 0.439839 0.439743 0.440253 0.440752 0.440959 0.440932 0.441005 0.441349 0.441895 0.442121 0.441540 0.440082 0.438389 0.437374 0.437154 0.437520 0.438339 0.439363 0.440232 0.440853 0.441051 0.440855 0.440377 0.439911 0.439399 0.439047 0.439211 0.440434 0.442794 0.445232 0.446643 0.446918 0.446671 0.446203 0.445582 0.444978 0.444921 0.445165 0.445330
-9999.0 -9999.0 -9999.0 -9999.0 -9999.0 -9999.0 0.441407 0.443509 0.445997 0.448829 0.452087 0.453096 0.451897 0.450198 0.449522 0.449384 0.448886 0.447675 0.446353 0.445852 0.446389 0.447194 0.446682 0.444309 0.441303 0.439496 0.439168 0.439761 0.440493 0.440946 0.441082 0.441112 0.441240 0.441681 0.442223 0.442150 0.440842 0.438801 0.437403 0.437016 0.437292 0.438135 0.439271 0.440037 0.440321 0.440428 0.440589 0.440587 0.440376 0.439889 0.439198 0.438745 0.439173 0.440908 0.443434 0.445527 0.446483 0.446525 0.445959 0.445102 0.444502 0.444755 0.445352 0.445746
-9999.0 -9999.0 -9999.0 -9999.0 -9999.0 0.439083 0.440461 0.442386 0.444757 0.448404 0.452296 0.453763 0.452801 0.450930 0.449788 0.449561 0.449126 0.447819 0.446177 0.445552 0.446125 0.447262 0.447266 0.445273 0.441916 0.439391 0.438611 0.439044 0.439906 0.440620 0.441036 0.441185 0.441166 0.441398 0.442113 0.442708 0.441981 0.439813 0.437907 0.437181 0.437276 0.438077 0.439188 0.439696 0.439605 0.439599 0.439945 0.440354 0.440527 0.440291 0.439571 0.438880 0.438778 0.439756 0.441752 0.443997 0.445658 0.446235 0.445732 0.444717 0.444196 0.444533 0.445116 0.445530
-9999.0 -9999.0 -9999.0 -9999.0 -9999.0 0.439462 0.440336 0.441258 0.443606 0.447289 0.450757 0.452931 0.453060 0.451719 0.450292 0.449862 0.449520 0.448283 0.446338 0.445330 0.445730 0.447113 0.447794 0.446366 0.442974 0.439763 0.438380 0.438397 0.439141 0.440019 0.440772 0.441180 0.441111 0.441034 0.441672 0.442866 0.443173 0.441519 0.439301 0.438034 0.437754 0.438347 0.439200 0.439337 0.438975 0.438871 0.439220 0.439888 0.440365 0.440290 0.439687 0.439161 0.438958 0.439402 0.440605 0.442465 0.444433 0.445565 0.445325 0.444284 0.443706 0.443823 0.444258 0.444702
-9999.0 -9999.0 -9999.0 -9999.0 -9999.0 0.439813 0.440141 0.440389 0.442814 0.445999 0.448690 0.451308 0.452554 0.451959 0.450456 0.449600 0.449122 0.448072 0.446362 0.445368 0.445730 0.447093 0.448132 0.447365 0.444560 0.441053 0.438898 0.438233 0.438556 0.439360 0.440384 0.441189 0.441239 0.440788 0.440954 0.442258 0.443645 0.443313 0.441558 0.439872 0.439087 0.439287 0.439537 0.439178 0.438657 0.438494 0.438760 0.439492 0.440062 0.439947 0.439436 0.439175 0.439181 0.439384 0.439976 0.441198 0.443048 0.444417 0.444463 0.443581 0.442872 0.442692 0.443087 0.443921
-9999.0 -9999.0 -9999.0 -9999.0 -9999.0 0.438828 0.439283 0.440451 0.443295 0.445619 0.446943 0.449282 0.451492 0.451987 0.450802 0.449533 0.448639 0.447389 0.445694 0.444691 0.445156 0.446698 0.448322 0.448603 0.446848 0.443583 0.440634 0.439037 0.438691 0.439175 0.440264 0.441433 0.441737 0.440977 0.440377 0.441088 0.442827 0.443989 0.443544 0.442161 0.441168 0.440895 0.440348 0.439492 0.438823 0.438565 0.438723 0.439320 0.439737 0.439496 0.438997 0.438841 0.439033 0.439242 0.439536 0.440234 0.441581 0.442830 0.443094 0.442555 0.441888 0.441557 0.441992 0.443482
-9999.0 -9999.0 -9999.0 -9999.0 0.437318 0.438020 0.439867 0.441216 0.444597 0.446224 0.446587 0.448460 0.451030 0.452345 0.451725 0.450300 0.448903 0.447027 0.444776 0.443235 0.443371 0.444953 0.447212 0.448831 0.448782 0.446646 0.443655 0.441205 0.440043 0.440042 0.440895 0.442162 0.442705 0.441792 0.440317 0.439926 0.441029 0.442823 0.443816 0.443654 0.443258 0.442759 0.441584 0.440350 0.439473 0.439063 0.439040 0.439302 0.439431 0.439111 0.438627 0.438460 0.438684 0.438963 0.439190 0.439586 0.440416 0.441318 0.441630 0.441508 0.441251 0.440760 0.440547 0.441924
-9999.0 -9999.0 -9999.0 -9999.0 0.438246 0.438734 0.440175 0.442077 0.445944 0.447239 0.447100 0.448566 0.451272 0.453195 0.453201 0.451976 0.450506 0.448212 0.445027 0.442195 0.441103 0.441916 0.444122 0.446575 0.448119 0.447882 0.446070 0.443864 0.442283 0.441746 0.442032 0.443057 0.443791 0.443005 0.440951 0.439423 0.439455 0.440787 0.442471 0.443717 0.444343 0.444048 0.442820 0.441496 0.440493 0.439930 0.439600 0.439405 0.439209 0.438836 0.438377 0.438166 0.438344 0.438696 0.439009 0.439302 0.439746 0.440240 0.440528 0.440633 0.441107 0.441574 0.441138 -9999.0
