tests/3D/Muntatschini_ref_005/output-maps-SE27XX/thetaliqL0015N0010.asc
ncols         108
nrows         156
xllcorner     619971.250000
yllcorner     5169711.250000
cellsize      20.000000
NODATA_value  -9999.0
[rows 87 to 115 of 156, columns 0 to 63 of 108]
-9999.0 -9999.0 -9999.0 -9999.0 0.507330 0.507675 0.508477 0.509122 0.510147 0.510334 0.510290 0.510797 0.511652 0.512310 0.512330 0.511963 0.511509 0.510791 0.509609 0.508709 0.508059 0.508139 0.508687 0.509390 0.509956 0.510118 0.509842 0.508735 0.508404 0.508333 0.509062 0.509357 0.508390 0.509519 0.508871 0.508128 0.507850 0.508055 0.508599 0.509248 0.509657 0.509642 0.509352 0.509037 0.508795 0.508555 0.508283 0.508057 0.507919 0.507791 0.507644 0.507556 0.507592 0.507719 0.507863 0.507972 0.508059 0.508132 0.508188 0.508395 0.508481 -9999.0 -9999.0 -9999.0
-9999.0 -9999.0 -9999.0 -9999.0 0.507748 0.508012 0.508648 0.509205 0.510252 0.510415 0.510222 0.510541 0.511436 0.512337 0.512628 0.512352 0.512028 0.511586 0.510645 0.509505 0.508240 0.507794 0.508027 0.508502 0.508934 0.509105 0.509007 0.508776 0.508606 0.508613 0.508784 0.509119 0.508790 0.509528 0.509137 0.508401 0.507928 0.507909 0.508309 0.508980 0.509485 0.509541 0.509387 0.509259 0.509165 0.508888 0.508463 0.508109 0.507925 0.507800 0.507650 0.507522 0.507509 0.507619 0.507799 0.507957 0.508046 0.508083 0.508097 0.508144 -9999.0 -9999.0 -9999.0 -9999.0
-9999.0 -9999.0 -9999.0 -9999.0 0.508133 0.508276 0.508782 0.509259 0.510297 0.510381 0.509954 0.509995 0.510802 0.511910 0.512561 0.512565 0.512444 0.512598 0.512145 0.510958 0.509449 0.508405 0.508175 0.508339 0.508532 0.508475 0.508208 0.507922 0.507824 0.507937 0.508194 0.508537 0.508897 0.508030 0.509080 0.508565 0.508084 0.507963 0.508235 0.508834 0.509334 0.509383 0.509293 0.509337 0.509423 0.509210 0.508701 0.508230 0.507988 0.507865 0.507719 0.507545 0.507458 0.507514 0.507688 0.507890 0.508020 0.508068 0.508078 -9999.0 -9999.0 -9999.0 -9999.0 -9999.0
-9999.0 -9999.0 -9999.0 -9999.0 0.508319 0.508352 0.508891 0.509355 0.510429 0.510493 0.509894 0.509613 0.510089 0.511107 0.512075 0.512791 0.512990 0.513064 0.512975 0.512309 0.511072 0.509791 0.509155 0.509090 0.509142 0.508816 0.508160 0.507544 0.507361 0.507506 0.507802 0.508096 0.508428 0.508684 0.507724 0.508502 0.508133 0.508044 0.508315 0.508925 0.509408 0.509342 0.509174 0.509298 0.509576 0.509569 0.509079 0.508486 0.508120 0.507968 0.507831 0.507636 0.507481 0.507474 0.507610 0.507809 0.507973 0.508036 -9999.0 -9999.0 -9999.0 -9999.0 -9999.0 -9999.0
-9999.0 -9999.0 -9999.0 -9999.0 0.508185 0.508217 0.508426 0.509455 0.510505 0.510467 0.509779 0.509312 0.509482 0.510503 0.511478 0.512249 0.512756 0.513029 0.513196 0.513012 0.512266 0.511180 0.510375 0.510216 0.510402 0.510262 0.509478 0.508354 0.507704 0.507628 0.507851 0.508127 0.508425 0.508689 0.508612 0.507438 0.508232 0.508215 0.508568 0.509231 0.509629 0.509444 0.509235 0.509408 0.509794 0.509990 0.509619 0.508947 0.508411 0.508157 0.508006 0.507808 0.507608 0.507530 0.507635 0.507857 0.507880 -9999.0 -9999.0 -9999.0 -9999.0 -9999.0 -9999.0 -9999.0
-9999.0 -9999.0 -9999.0 -9999.0 0.508295 0.508408 0.508419 0.509552 0.510506 0.510481 0.509885 0.509383 0.509553 0.509936 0.510678 0.511420 0.511974 0.512299 0.512596 0.512775 0.512554 0.511886 0.511188 0.511005 0.511367 0.511708 0.511467 0.510543 0.509532 0.508950 0.508832 0.508996 0.509206 0.509352 0.509106 0.508589 0.507799 0.508006 0.508578 0.509152 0.509287 0.508379 0.509646 0.509779 0.510368 0.510162 0.508741 0.509618 0.508954 0.508521 0.508280 0.508073 0.507857 0.507702 0.507704 0.507988 -9999.0 -9999.0 -9999.0 -9999.0 -9999.0 -9999.0 -9999.0 -9999.0
-9999.0 -9999.0 -9999.0 -9999.0 0.508177 0.508273 0.509301 0.509971 0.510776 0.510501 0.510085 0.509906 0.509602 0.509756 0.510322 0.510920 0.511288 0.511365 0.511445 0.511629 0.511745 0.511551 0.511135 0.510931 0.511250 0.511875 0.512266 0.512013 0.511223 0.510374 0.509869 0.509825 0.510010 0.510199 0.509956 0.509420 0.509016 0.509135 0.509571 0.510042 0.510147 0.509970 0.509356 0.508873 0.510731 0.511076 0.510437 0.508801 0.509706 0.509149 0.508760 0.508482 0.508236 0.507994 0.507771 0.507927 -9999.0 -9999.0 -9999.0 -9999.0 -9999.0 -9999.0 -9999.0 -9999.0
-9999.0 -9999.0 -9999.0 -9999.0 0.507799 0.507923 0.508979 0.510506 0.510879 0.511036 0.510786 0.510283 0.509764 0.509741 0.510305 0.511034 0.511396 0.511203 0.510792 0.510517 0.510463 0.510425 0.510277 0.510094 0.510179 0.510629 0.511299 0.511731 0.511630 0.511065 0.510449 0.510150 0.510220 0.510488 0.510454 0.510167 0.509838 0.509928 0.510204 0.510529 0.510527 0.510395 0.510421 0.510493 0.509993 0.510744 0.510703 0.510438 0.508860 0.509878 0.509421 0.509061 0.508773 0.508465 0.508014 0.507745 -9999.0 -9999.0 -9999.0 -9999.0 -9999.0 -9999.0 -9999.0 -9999.0
-9999.0 -9999.0 -9999.0 -9999.0 -9999.0 0.508139 0.508719 0.510419 0.510803 0.511064 0.510953 0.510509 0.509908 0.509726 0.510247 0.511229 0.511994 0.512024 0.511366 0.510466 0.509794 0.509484 0.509373 0.509258 0.509151 0.509217 0.509633 0.510244 0.510721 0.510745 0.510404 0.509995 0.509866 0.510088 0.510254 0.510313 0.510243 0.510468 0.510743 0.511002 0.510925 0.510741 0.510704 0.510716 0.510734 0.510675 0.510581 0.510510 0.510348 0.508922 0.510021 0.509672 0.509366 0.509141 0.508681 0.507895 -9999.0 -9999.0 -9999.0 -9999.0 -9999.0 -9999.0 -9999.0 -9999.0
-9999.0 -9999.0 -9999.0 -9999.0 -9999.0 0.508044 0.508560 0.510402 0.510525 0.510849 0.510805 0.510476 0.509931 0.509627 0.509927 0.510976 0.512261 0.513059 0.512923 0.511968 0.510677 0.509680 0.509204 0.509030 0.508876 0.508686 0.508745 0.509076 0.509677 0.510130 0.510266 0.510012 0.509701 0.509647 0.509694 0.509894 0.510089 0.510559 0.511005 0.511336 0.511287 0.511040 0.510864 0.510763 0.510740 0.510653 0.510481 0.510344 0.510288 0.510217 0.508500 0.510099 0.509869 0.509552 0.509654 -9999.0 -9999.0 -9999.0 -9999.0 -9999.0 -9999.0 -9999.0 -9999.0 -9999.0
-9999.0 -9999.0 -9999.0 -9999.0 -9999.0 0.507695 0.508127 0.509604 0.510669 0.510555 0.510495 0.510221 0.509778 0.509437 0.509428 0.510191 0.511629 0.513136 0.513892 0.513621 0.512544 0.511245 0.510308 0.509904 0.509778 0.509543 0.509281 0.509109 0.509373 0.509857 0.510302 0.510373 0.510090 0.509753 0.509422 0.509389 0.509577 0.510141 0.510707 0.511170 0.511270 0.511148 0.510954 0.510704 0.510558 0.510513 0.510421 0.510245 0.510100 0.509736 0.509683 0.508501 0.510229 0.509931 0.509982 -9999.0 -9999.0 -9999.0 -9999.0 -9999.0 -9999.0 -9999.0 -9999.0 -9999.0
-9999.0 -9999.0 -9999.0 -9999.0 -9999.0 0.507615 0.508001 0.509244 0.510432 0.510358 0.510251 0.510200 0.509809 0.509194 0.508986 0.509334 0.510431 0.512129 0.513609 0.514209 0.513819 0.512780 0.511706 0.511061 0.510921 0.510802 0.510549 0.510132 0.510004 0.510236 0.510694 0.511046 0.511025 0.510622 0.509936 0.509478 0.509385 0.509696 0.510092 0.510520 0.510743 0.510885 0.510853 0.510583 0.510321 0.510322 0.510380 0.510282 0.510063 0.509641 0.509718 0.509746 0.508881 0.508793 -9999.0 -9999.0 -9999.0 -9999.0 -9999.0 -9999.0 -9999.0 -9999.0 -9999.0 -9999.0
-9999.0 -9999.0 -9999.0 -9999.0 -9999.0 0.507623 0.507970 0.509110 0.510631 0.510354 0.509452 0.510097 0.509823 0.509711 0.509055 0.508763 0.509333 0.510665 0.512347 0.513619 0.513994 0.513519 0.512644 0.511834 0.511411 0.511198 0.511007 0.510735 0.510537 0.510628 0.510930 0.511354 0.511638 0.511560 0.511071 0.510455 0.509943 0.509733 0.509736 0.509895 0.510031 0.510380 0.510642 0.510490 0.510092 0.509932 0.510096 0.510230 0.509790 0.509724 0.509835 0.510158 0.509659 0.510615 -9999.0 -9999.0 -9999.0 -9999.0 -9999.0 -9999.0 -9999.0 -9999.0 -9999.0 -9999.0
-9999.0 -9999.0 -9999.0 -9999.0 -9999.0 0.507704 0.507930 0.508790 0.510163 0.510877 0.510235 0.508582 0.509478 0.509309 0.509192 0.509105 0.508609 0.509448 0.510948 0.512520 0.513455 0.513547 0.513070 0.512322 0.511581 0.511009 0.510635 0.510437 0.510349 0.510425 0.510626 0.510989 0.511481 0.511879 0.511998 0.511692 0.511076 0.510539 0.510161 0.509827 0.509618 0.509888 0.510343 0.510501 0.510197 0.509892 0.509873 0.509730 0.509799 0.509875 0.509955 0.510330 0.510619 -9999.0 -9999.0 -9999.0 -9999.0 -9999.0 -9999.0 -9999.0 -9999.0 -9999.0 -9999.0 -9999.0
-9999.0 -9999.0 -9999.0 -9999.0 -9999.0 0.507778 0.507891 0.508634 0.509888 0.510849 0.510323 0.509826 0.508287 0.509260 0.508966 0.508907 0.508825 0.508916 0.509714 0.511248 0.512574 0.513190 0.513213 0.512792 0.512044 0.511131 0.510306 0.509840 0.509718 0.509753 0.509856 0.510063 0.510548 0.511283 0.511959 0.512200 0.511972 0.511625 0.511166 0.510527 0.509961 0.509846 0.510230 0.510580 0.510457 0.510008 0.509371 0.509454 0.509656 0.509846 0.509889 0.509859 0.510733 -9999.0 -9999.0 -9999.0 -9999.0 -9999.0 -9999.0 -9999.0 -9999.0 -9999.0 -9999.0 -9999.0
-9999.0 -9999.0 -9999.0 -9999.0 0.507290 0.507432 0.507756 0.508416 0.509657 0.511103 0.510390 0.510041 0.508961 0.509388 0.509096 0.508716 0.508476 0.508475 0.509347 0.510361 0.511339 0.512289 0.512780 0.512854 0.512534 0.511754 0.510713 0.509805 0.509365 0.509181 0.509132 0.509169 0.509517 0.510256 0.511058 0.511711 0.512093 0.512282 0.512216 0.511692 0.510911 0.510299 0.510390 0.510784 0.510816 0.509944 0.509289 0.509118 0.509318 0.509606 0.509633 0.509555 0.509612 -9999.0 -9999.0 -9999.0 -9999.0 -9999.0 -9999.0 -9999.0 -9999.0 -9999.0 -9999.0 -9999.0
-9999.0 -9999.0 -9999.0 -9999.0 0.507352 0.507358 0.507621 0.508180 0.509096 0.510499 0.511369 0.510252 0.509711 0.508806 0.508022 0.508968 0.508507 0.508104 0.508266 0.508981 0.510623 0.511001 0.511782 0.512277 0.512487 0.512175 0.511320 0.510243 0.509473 0.509016 0.508753 0.508620 0.508787 0.509264 0.509872 0.510660 0.511470 0.512130 0.512538 0.512394 0.511807 0.511065 0.510868 0.511055 0.510789 0.510186 0.509270 0.508742 0.508784 0.509061 0.509233 0.509182 0.509229 -9999.0 -9999.0 -9999.0 -9999.0 -9999.0 -9999.0 -9999.0 -9999.0 -9999.0 -9999.0 -9999.0
-9999.0 -9999.0 -9999.0 0.507205 0.507266 0.507376 0.507558 0.507979 0.508747 0.509736 0.510933 0.510935 0.509876 0.509446 0.509241 0.508040 0.508770 0.508181 0.507848 0.507954 0.508880 0.510306 0.510538 0.511281 0.511877 0.512073 0.511646 0.510714 0.509757 0.509048 0.508616 0.508395 0.508446 0.508604 0.508936 0.509566 0.510451 0.511318 0.512003 0.512237 0.512050 0.511576 0.511262 0.511265 0.510991 0.510479 0.509451 0.508539 0.508260 0.508406 0.508605 0.508533 0.508473 -9999.0 -9999.0 -9999.0 -9999.0 -9999.0 -9999.0 -9999.0 -9999.0 -9999.0 -9999.0 -9999.0
-9999.0 -9999.0 -9999.0 0.507258 0.507231 0.507337 0.507489 0.507804 0.508408 0.509305 0.510454 0.511008 0.510216 0.509847 0.509596 0.508787 0.508914 0.508238 0.507729 0.507583 0.507810 0.508714 0.510007 0.510258 0.511073 0.511620 0.511580 0.510977 0.510089 0.509279 0.508774 0.508520 0.508466 0.508338 0.508424 0.508796 0.509505 0.510282 0.510957 0.511402 0.511612 0.511500 0.511265 0.510900 0.510970 0.510739 0.509913 0.508765 0.508028 0.507890 0.508046 0.507824 0.508351 -9999.0 -9999.0 -9999.0 -9999.0 -9999.0 -9999.0 -9999.0 -9999.0 -9999.0 -9999.0 -9999.0
-9999.0 -9999.0 0.507094 0.507219 0.507272 0.507306 0.507405 0.507634 0.508086 0.508825 0.509930 0.511209 0.510870 0.510249 0.509956 0.509554 0.507972 0.508313 0.507714 0.507421 0.507415 0.507666 0.508512 0.509795 0.510133 0.510957 0.511322 0.511102 0.510400 0.509593 0.509111 0.508915 0.508838 0.508566 0.508424 0.508507 0.508918 0.509471 0.509991 0.510505 0.510898 0.511009 0.510580 0.510438 0.510537 0.510662 0.510340 0.509405 0.508403 0.507991 0.507773 0.507848 -9999.0 -9999.0 -9999.0 -9999.0 -9999.0 -9999.0 -9999.0 -9999.0 -9999.0 -9999.0 -9999.0 -9999.0
-9999.0 -9999.0 0.507184 0.507224 0.507279 0.507295 0.507347 0.507500 0.507809 0.508339 0.509040 0.509942 0.510673 0.510916 0.510359 0.509926 0.508501 0.508495 0.507769 0.507385 0.507253 0.507301 0.507542 0.508374 0.509647 0.510311 0.510698 0.510947 0.510630 0.510016 0.509565 0.509390 0.509334 0.509122 0.508885 0.508746 0.508859 0.509166 0.509579 0.510096 0.510531 0.510417 0.510200 0.509843 0.509774 0.510051 0.510277 0.509949 0.509104 0.508424 0.508082 -9999.0 -9999.0 -9999.0 -9999.0 -9999.0 -9999.0 -9999.0 -9999.0 -9999.0 -9999.0 -9999.0 -9999.0 -9999.0
-9999.0 -9999.0 0.507330 0.507269 0.507261 0.507272 0.507306 0.507403 0.507612 0.507977 0.508492 0.509064 0.509921 0.510850 0.510695 0.510434 0.508882 0.508954 0.508034 0.507525 0.507287 0.507212 0.507270 0.507511 0.508098 0.509063 0.510385 0.510264 0.510338 0.510020 0.509674 0.509548 0.509599 0.509588 0.509452 0.509247 0.509202 0.509349 0.509698 0.510218 0.510409 0.510537 0.510139 0.509494 0.509127 0.509225 0.509644 0.509857 0.509498 0.508514 0.508429 -9999.0 -9999.0 -9999.0 -9999.0 -9999.0 -9999.0 -9999.0 -9999.0 -9999.0 -9999.0 -9999.0 -9999.0 -9999.0
-9999.0 -9999.0 0.507320 0.507234 0.507226 0.507233 0.507263 0.507327 0.507471 0.507737 0.508158 0.508666 0.509528 0.510871 0.510780 0.510985 0.509727 0.509938 0.508840 0.508124 0.507709 0.507440 0.507307 0.507338 0.507523 0.507876 0.508726 0.509744 0.509468 0.509451 0.509259 0.509177 0.509308 0.509464 0.509510 0.509380 0.509370 0.509547 0.509968 0.510295 0.510902 0.511128 0.510673 0.509774 0.509033 0.508747 0.508929 0.509204 0.509309 0.508681 0.508526 -9999.0 -9999.0 -9999.0 -9999.0 -9999.0 -9999.0 -9999.0 -9999.0 -9999.0 -9999.0 -9999.0 -9999.0 -9999.0
-9999.0 0.507002 0.507140 0.507182 0.507185 0.507190 0.507216 0.507258 0.507357 0.507562 0.507934 0.508428 0.509019 0.510144 0.511547 0.511331 0.510638 0.511204 0.510225 0.509505 0.507864 0.508134 0.507692 0.507456 0.507426 0.507521 0.507699 0.508262 0.508900 0.508575 0.508567 0.508581 0.508784 0.508680 0.508768 0.508630 0.508645 0.508924 0.509469 0.510230 0.511057 0.511589 0.511468 0.510778 0.509969 0.509291 0.508898 0.508667 0.508615 0.508608 -9999.0 -9999.0 -9999.0 -9999.0 -9999.0 -9999.0 -9999.0 -9999.0 -9999.0 -9999.0 -9999.0 -9999.0 -9999.0 -9999.0
-9999.0 0.507029 0.507098 0.507164 0.507177 0.507188 0.507206 0.507219 0.507258 0.507394 0.507692 0.508168 0.508734 0.509384 0.510668 0.512194 0.511843 0.510979 0.510413 0.509682 0.509054 0.509171 0.508497 0.507959 0.507655 0.507524 0.507490 0.507571 0.507953 0.508097 0.507893 0.507970 0.508198 0.508113 0.508198 0.508003 0.507896 0.508113 0.508647 0.509482 0.510508 0.511422 0.511872 0.511675 0.511142 0.510496 0.509827 0.508996 0.508008 0.508247 -9999.0 -9999.0 -9999.0 -9999.0 -9999.0 -9999.0 -9999.0 -9999.0 -9999.0 -9999.0 -9999.0 -9999.0 -9999.0 -9999.0
-9999.0 0.507081 0.507150 0.507181 0.507203 0.507231 0.507250 0.507235 0.507211 0.507259 0.507439 0.507798 0.508284 0.508853 0.509547 0.510922 0.512480 0.511983 0.511831 0.511207 0.510515 0.509312 0.508726 0.508167 0.507682 0.507338 0.506836 0.507731 0.507909 0.507911 0.507656 0.507667 0.507808 0.508016 0.507825 0.507684 0.507455 0.507466 0.507764 0.508342 0.509179 0.510172 0.511064 0.511497 0.511547 0.511326 0.510894 0.509910 0.508451 0.507727 -9999.0 -9999.0 -9999.0 -9999.0 -9999.0 -9999.0 -9999.0 -9999.0 -9999.0 -9999.0 -9999.0 -9999.0 -9999.0 -9999.0
-9999.0 0.507130 0.507173 0.507220 0.507244 0.507297 0.507336 0.507310 0.507230 0.507199 0.507269 0.507471 0.507795 0.508213 0.508741 0.509449 0.510825 0.511829 0.511689 0.511387 0.510870 0.510434 0.510086 0.509641 0.509078 0.508676 0.508465 0.507996 0.507921 0.508101 0.507836 0.507584 0.507492 0.507622 0.507537 0.507666 0.507500 0.507310 0.507287 0.507522 0.507990 0.508656 0.509409 0.509986 0.510400 0.510657 0.510683 0.510079 0.508726 0.508330 -9999.0 -9999.0 -9999.0 -9999.0 -9999.0 -9999.0 -9999.0 -9999.0 -9999.0 -9999.0 -9999.0 -9999.0 -9999.0 -9999.0
-9999.0 0.507135 0.507190 0.507240 0.507272 0.507343 0.507419 0.507418 0.507319 0.507224 0.507207 0.507287 0.507457 0.507703 0.508055 0.508560 0.509504 0.511199 0.511013 0.511068 0.510864 0.510681 0.510548 0.510325 0.510077 0.509937 0.509827 0.509665 0.509461 0.509176 0.508676 0.508002 0.507491 0.507446 0.507779 0.507867 0.508021 0.507814 0.507472 0.507150 0.507428 0.508273 0.508411 0.508859 0.509381 0.509847 0.510160 0.509597 0.508708 -9999.0 -9999.0 -9999.0 -9999.0 -9999.0 -9999.0 -9999.0 -9999.0 -9999.0 -9999.0 -9999.0 -9999.0 -9999.0 -9999.0 -9999.0
-9999.0 0.507151 0.507212 0.507261 0.507300 0.507387 0.507492 0.507532 0.507455 0.507326 0.507242 0.507239 0.507311 0.507443 0.507667 0.508037 0.508652 0.509903 0.510734 0.510599 0.510656 0.510589 0.510507 0.510433 0.510439 0.510408 0.510298 0.510118 0.510000 0.509842 0.509451 0.508698 0.507901 0.507577 0.507792 0.508332 0.508528 0.508686 0.508306 0.507739 0.507288 -9999.0 -9999.0 -9999.0 -9999.0 -9999.0 -9999.0 -9999.0 -9999.0 -9999.0 -9999.0 -9999.0 -9999.0 -9999.0 -9999.0 -9999.0 -9999.0 -9999.0 -9999.0 -9999.0 -9999.0 -9999.0 -9999.0 -9999.0
