tests/3D/Muntatschini_ref_005/output-maps-SE27XX/thetaliqL0015N0001.asc
ncols         108
nrows         156
xllcorner     619971.250000
yllcorner     5169711.250000
cellsize      20.000000
NODATA_value  -9999.0
[rows 87 to 115 of 156, columns 0 to 63 of 108]
-9999.0 -9999.0 -9999.0 -9999.0 0.497884 0.499628 0.500898 0.501350 0.502551 0.502155 0.501636 0.502351 0.503155 0.503604 0.503312 0.502782 0.502154 0.501227 0.500026 0.501991 0.501820 0.502394 0.503017 0.503767 0.504101 0.503885 0.503122 0.500872 0.500906 0.501218 0.503092 0.503351 0.500490 0.509346 0.508663 0.507941 0.507718 0.507990 0.508558 0.509182 0.509535 0.509487 0.509203 0.508910 0.508678 0.508426 0.508148 0.507926 0.507795 0.507667 0.507524 0.507450 0.507498 0.507624 0.507759 0.507859 0.507941 0.508011 0.508078 0.508663 0.508757 -9999.0 -9999.0 -9999.0
-9999.0 -9999.0 -9999.0 -9999.0 0.498206 0.499890 0.501045 0.501530 0.502906 0.502261 0.501740 0.502231 0.503123 0.503787 0.503674 0.503106 0.502597 0.501910 0.500785 0.502120 0.501108 0.501257 0.502060 0.502676 0.503156 0.503253 0.503054 0.502870 0.502528 0.502908 0.503103 0.503507 0.501837 0.509377 0.508940 0.508197 0.507768 0.507819 0.508266 0.508929 0.509391 0.509421 0.509267 0.509139 0.509030 0.508723 0.508298 0.507958 0.507793 0.507669 0.507523 0.507407 0.507411 0.507528 0.507703 0.507847 0.507926 0.507962 0.507982 0.508035 -9999.0 -9999.0 -9999.0 -9999.0
-9999.0 -9999.0 -9999.0 -9999.0 0.498541 0.500140 0.501161 0.501639 0.503075 0.501863 0.501380 0.501596 0.502518 0.503460 0.503666 0.503292 0.503150 0.505722 0.504793 0.503332 0.501752 0.501045 0.501432 0.501908 0.502310 0.502355 0.502183 0.502109 0.502083 0.502356 0.502555 0.502832 0.502942 0.500299 0.508916 0.508379 0.507920 0.507859 0.508187 0.508788 0.509253 0.509271 0.509177 0.509210 0.509271 0.509021 0.508515 0.508065 0.507853 0.507733 0.507587 0.507415 0.507346 0.507415 0.507595 0.507789 0.507907 0.507949 0.507959 -9999.0 -9999.0 -9999.0 -9999.0 -9999.0
-9999.0 -9999.0 -9999.0 -9999.0 0.498808 0.500340 0.501333 0.501852 0.503968 0.502033 0.501272 0.501085 0.501703 0.502673 0.503504 0.506473 0.506707 0.506459 0.506086 0.504840 0.503286 0.502137 0.501884 0.502142 0.502266 0.501824 0.501213 0.500882 0.501123 0.501568 0.501961 0.502236 0.502388 0.502312 0.500133 0.508334 0.507981 0.507945 0.508271 0.508865 0.509293 0.509176 0.509017 0.509147 0.509417 0.509370 0.508871 0.508296 0.507967 0.507826 0.507690 0.507489 0.507350 0.507361 0.507511 0.507710 0.507862 0.507917 -9999.0 -9999.0 -9999.0 -9999.0 -9999.0 -9999.0
-9999.0 -9999.0 -9999.0 -9999.0 0.498809 0.500488 0.501148 0.502636 0.503672 0.502234 0.500901 0.500507 0.501010 0.505132 0.505907 0.506443 0.506825 0.507204 0.506715 0.506155 0.504914 0.503611 0.503147 0.503053 0.503160 0.502796 0.501752 0.500623 0.500348 0.500603 0.501256 0.501623 0.501969 0.502194 0.502082 0.499685 0.508053 0.508100 0.508500 0.509120 0.509450 0.509225 0.509042 0.509245 0.509639 0.509793 0.509390 0.508731 0.508228 0.508002 0.507853 0.507647 0.507455 0.507399 0.507527 0.507730 0.507773 -9999.0 -9999.0 -9999.0 -9999.0 -9999.0 -9999.0 -9999.0
-9999.0 -9999.0 -9999.0 -9999.0 0.499450 0.501072 0.501857 0.503241 0.503525 0.502950 0.500868 0.500543 0.503979 0.504598 0.505261 0.505920 0.506446 0.506593 0.506889 0.506517 0.505964 0.504905 0.504164 0.504155 0.504565 0.504501 0.503805 0.502717 0.501975 0.501663 0.501861 0.502131 0.502377 0.502684 0.502312 0.501597 0.500569 0.501168 0.501893 0.502420 0.502158 0.500170 0.509439 0.509614 0.510810 0.503251 0.500145 0.509377 0.508736 0.508334 0.508107 0.507899 0.507688 0.507551 0.507581 0.507759 -9999.0 -9999.0 -9999.0 -9999.0 -9999.0 -9999.0 -9999.0 -9999.0
-9999.0 -9999.0 -9999.0 -9999.0 0.508579 0.508901 0.505764 0.505049 0.505026 0.503480 0.501058 0.504092 0.504025 0.504234 0.504879 0.505307 0.505623 0.505737 0.505850 0.505986 0.505866 0.505233 0.504603 0.504421 0.504931 0.505584 0.505443 0.504873 0.503915 0.503144 0.502849 0.503124 0.503423 0.503321 0.502783 0.502305 0.502267 0.502879 0.503410 0.503816 0.503606 0.503129 0.501902 0.500639 0.511160 0.505145 0.503413 0.500129 0.509463 0.508931 0.508557 0.508291 0.508056 0.507826 0.507602 0.507805 -9999.0 -9999.0 -9999.0 -9999.0 -9999.0 -9999.0 -9999.0 -9999.0
-9999.0 -9999.0 -9999.0 -9999.0 0.507834 0.507862 0.509960 0.505845 0.505194 0.504874 0.504883 0.504464 0.503984 0.504062 0.504790 0.505569 0.505440 0.505114 0.505022 0.504826 0.504780 0.504524 0.504170 0.503904 0.504246 0.504811 0.505367 0.505446 0.505145 0.504302 0.503774 0.503728 0.503965 0.504164 0.503837 0.503312 0.503153 0.503866 0.504162 0.504255 0.503855 0.503836 0.504178 0.504172 0.502821 0.504435 0.504079 0.503350 0.500098 0.509642 0.509199 0.508854 0.508579 0.508271 0.507826 0.507594 -9999.0 -9999.0 -9999.0 -9999.0 -9999.0 -9999.0 -9999.0 -9999.0
-9999.0 -9999.0 -9999.0 -9999.0 -9999.0 0.508068 0.509282 0.505807 0.505247 0.505211 0.505305 0.504672 0.504005 0.503856 0.504724 0.505762 0.506084 0.505680 0.504865 0.503987 0.503522 0.503404 0.503315 0.503125 0.503108 0.503353 0.503631 0.504448 0.504789 0.504519 0.503929 0.503628 0.503687 0.504098 0.503997 0.503954 0.503947 0.504583 0.504845 0.504894 0.504449 0.504482 0.504725 0.504759 0.504512 0.504423 0.504077 0.503842 0.503271 0.500132 0.509795 0.509457 0.509167 0.508948 0.508428 0.507852 -9999.0 -9999.0 -9999.0 -9999.0 -9999.0 -9999.0 -9999.0 -9999.0
-9999.0 -9999.0 -9999.0 -9999.0 -9999.0 0.508051 0.509076 0.506874 0.505560 0.505577 0.505296 0.504798 0.504048 0.503757 0.504375 0.505598 0.506581 0.506249 0.506128 0.504899 0.503532 0.502666 0.502402 0.502284 0.502227 0.502140 0.502325 0.502890 0.503550 0.503996 0.503952 0.503597 0.503366 0.503575 0.503614 0.503921 0.504213 0.505014 0.505377 0.505489 0.505239 0.505050 0.505071 0.504931 0.504676 0.504367 0.504033 0.503739 0.503643 0.503088 0.497670 0.509894 0.509661 0.509372 0.509327 -9999.0 -9999.0 -9999.0 -9999.0 -9999.0 -9999.0 -9999.0 -9999.0 -9999.0
-9999.0 -9999.0 -9999.0 -9999.0 -9999.0 0.507674 0.508147 0.510569 0.506472 0.505461 0.505057 0.504605 0.504017 0.503680 0.503927 0.505228 0.506324 0.506787 0.506886 0.506186 0.505245 0.503884 0.503065 0.502735 0.502700 0.502286 0.502196 0.502283 0.502924 0.503656 0.503945 0.503923 0.503492 0.503303 0.503204 0.503451 0.503872 0.504899 0.505196 0.505506 0.505425 0.505533 0.505299 0.504728 0.504453 0.504233 0.504004 0.503649 0.503441 0.500778 0.500408 0.497758 0.510041 0.509658 0.509970 -9999.0 -9999.0 -9999.0 -9999.0 -9999.0 -9999.0 -9999.0 -9999.0 -9999.0
-9999.0 -9999.0 -9999.0 -9999.0 -9999.0 0.507574 0.507994 0.509801 0.506139 0.505089 0.504751 0.505006 0.504500 0.503565 0.503312 0.504061 0.505145 0.507127 0.507347 0.507201 0.506321 0.505569 0.504464 0.503960 0.504062 0.503931 0.503706 0.503208 0.503361 0.503931 0.504472 0.504747 0.504575 0.504117 0.503409 0.503260 0.503636 0.504609 0.504922 0.505288 0.505286 0.505276 0.505034 0.504608 0.504176 0.504043 0.504095 0.503722 0.503224 0.500583 0.500611 0.500411 0.498777 0.497658 -9999.0 -9999.0 -9999.0 -9999.0 -9999.0 -9999.0 -9999.0 -9999.0 -9999.0 -9999.0
-9999.0 -9999.0 -9999.0 -9999.0 -9999.0 0.507573 0.507947 0.509636 0.506694 0.505000 0.502676 0.510288 0.510544 0.504949 0.503583 0.503547 0.504502 0.505513 0.506737 0.507249 0.506986 0.506189 0.505604 0.504938 0.504743 0.504726 0.504537 0.504171 0.504113 0.504432 0.504927 0.505385 0.505488 0.505164 0.504433 0.503987 0.504071 0.504476 0.504411 0.504597 0.504617 0.504877 0.504904 0.504329 0.503788 0.503567 0.503801 0.503743 0.500783 0.500647 0.500868 0.501084 0.499282 0.502543 -9999.0 -9999.0 -9999.0 -9999.0 -9999.0 -9999.0 -9999.0 -9999.0 -9999.0 -9999.0
-9999.0 -9999.0 -9999.0 -9999.0 -9999.0 0.507629 0.507905 0.508748 0.511129 0.506130 0.504287 0.500886 0.509285 0.509557 0.509848 0.504366 0.503591 0.504607 0.505928 0.506608 0.506886 0.506472 0.506406 0.505775 0.505051 0.504742 0.504346 0.504274 0.504287 0.504666 0.504995 0.505474 0.505869 0.505965 0.505805 0.505531 0.505191 0.504979 0.504306 0.504150 0.503810 0.504218 0.504468 0.504190 0.503724 0.503375 0.503450 0.500893 0.500736 0.500880 0.501160 0.503154 0.500230 -9999.0 -9999.0 -9999.0 -9999.0 -9999.0 -9999.0 -9999.0 -9999.0 -9999.0 -9999.0 -9999.0
-9999.0 -9999.0 -9999.0 -9999.0 -9999.0 0.507772 0.507839 0.508589 0.510469 0.506016 0.504450 0.503510 0.500579 0.509096 0.508820 0.509517 0.504300 0.504450 0.504896 0.506183 0.506498 0.506575 0.506294 0.506380 0.505517 0.504578 0.503825 0.503763 0.503844 0.504165 0.504446 0.504740 0.505234 0.505583 0.506168 0.506385 0.506075 0.505590 0.505078 0.504165 0.503656 0.503783 0.504163 0.504187 0.503887 0.503274 0.500386 0.500449 0.500641 0.500925 0.501124 0.502507 0.502152 -9999.0 -9999.0 -9999.0 -9999.0 -9999.0 -9999.0 -9999.0 -9999.0 -9999.0 -9999.0 -9999.0
-9999.0 -9999.0 -9999.0 -9999.0 0.507113 0.507392 0.507699 0.508373 0.510205 0.506696 0.504443 0.503835 0.501901 0.509222 0.508928 0.508547 0.508708 0.509063 0.505568 0.506477 0.506210 0.506248 0.506423 0.506220 0.506297 0.505215 0.504082 0.503370 0.503417 0.503549 0.503770 0.503821 0.504337 0.505320 0.506276 0.506886 0.506931 0.506373 0.506020 0.505207 0.504324 0.503821 0.504099 0.504489 0.504128 0.500760 0.500054 0.500064 0.500363 0.500740 0.500679 0.500583 0.500817 -9999.0 -9999.0 -9999.0 -9999.0 -9999.0 -9999.0 -9999.0 -9999.0 -9999.0 -9999.0 -9999.0
-9999.0 -9999.0 -9999.0 -9999.0 0.507290 0.507265 0.507558 0.508130 0.509044 0.511487 0.506738 0.504211 0.503467 0.501760 0.500329 0.508775 0.508328 0.507966 0.508627 0.509863 0.507295 0.505890 0.506127 0.506291 0.506185 0.505957 0.504712 0.503765 0.503379 0.503312 0.503202 0.503165 0.503518 0.504219 0.505519 0.506173 0.506682 0.506771 0.506532 0.506109 0.505309 0.504473 0.504535 0.504877 0.501809 0.500857 0.499886 0.499565 0.499823 0.500182 0.500179 0.500027 0.500481 -9999.0 -9999.0 -9999.0 -9999.0 -9999.0 -9999.0 -9999.0 -9999.0 -9999.0 -9999.0 -9999.0
-9999.0 -9999.0 -9999.0 0.507019 0.507196 0.507285 0.507489 0.507924 0.508690 0.509673 0.511921 0.505471 0.503449 0.502912 0.502771 0.500319 0.508603 0.508042 0.507764 0.507927 0.509780 0.506682 0.505774 0.506170 0.506502 0.506286 0.505496 0.504252 0.503271 0.502865 0.502755 0.502768 0.503164 0.503844 0.504618 0.505059 0.505878 0.506615 0.506790 0.506375 0.506058 0.505405 0.505259 0.505125 0.501960 0.501113 0.499912 0.499157 0.499189 0.499462 0.499452 0.499309 0.500026 -9999.0 -9999.0 -9999.0 -9999.0 -9999.0 -9999.0 -9999.0 -9999.0 -9999.0 -9999.0 -9999.0
-9999.0 -9999.0 -9999.0 0.507180 0.507119 0.507261 0.507423 0.507747 0.508355 0.509246 0.510973 0.505603 0.503768 0.503326 0.503243 0.501807 0.508777 0.508109 0.507629 0.507522 0.507797 0.509551 0.506329 0.505501 0.505805 0.506210 0.505733 0.504800 0.503631 0.502782 0.502693 0.502712 0.503047 0.503377 0.503592 0.504438 0.505043 0.505607 0.506222 0.506247 0.505860 0.505559 0.505528 0.502228 0.502030 0.501452 0.500323 0.499121 0.498644 0.498669 0.498859 0.498055 0.500318 -9999.0 -9999.0 -9999.0 -9999.0 -9999.0 -9999.0 -9999.0 -9999.0 -9999.0 -9999.0 -9999.0
-9999.0 -9999.0 0.506917 0.507135 0.507164 0.507223 0.507338 0.507574 0.508036 0.508770 0.510415 0.506611 0.505280 0.504115 0.503965 0.503614 0.500644 0.508179 0.507599 0.507331 0.507359 0.507641 0.509305 0.505977 0.505407 0.505737 0.505723 0.505014 0.504100 0.502854 0.502849 0.502999 0.503358 0.503286 0.503418 0.503749 0.504361 0.504883 0.505200 0.505517 0.505779 0.505352 0.502088 0.501755 0.501737 0.501592 0.500894 0.499690 0.498817 0.498706 0.497879 0.497906 -9999.0 -9999.0 -9999.0 -9999.0 -9999.0 -9999.0 -9999.0 -9999.0 -9999.0 -9999.0 -9999.0 -9999.0
-9999.0 -9999.0 0.507061 0.507117 0.507189 0.507213 0.507273 0.507435 0.507752 0.508284 0.508979 0.510400 0.511710 0.505857 0.504574 0.503908 0.501359 0.508304 0.507613 0.507259 0.507160 0.507237 0.507518 0.509149 0.505579 0.505549 0.505226 0.505119 0.504435 0.503272 0.503281 0.503482 0.503759 0.503590 0.503506 0.503569 0.503908 0.504189 0.504561 0.505075 0.505219 0.502013 0.501568 0.501089 0.500997 0.501175 0.501116 0.500451 0.499547 0.499468 0.498404 -9999.0 -9999.0 -9999.0 -9999.0 -9999.0 -9999.0 -9999.0 -9999.0 -9999.0 -9999.0 -9999.0 -9999.0 -9999.0
-9999.0 -9999.0 0.507206 0.507171 0.507170 0.507192 0.507229 0.507333 0.507549 0.507917 0.508429 0.509008 0.510467 0.506175 0.504889 0.504007 0.501094 0.508682 0.507808 0.507338 0.507135 0.507097 0.507197 0.507480 0.508376 0.509971 0.506079 0.504696 0.504323 0.503537 0.503613 0.503795 0.504193 0.504149 0.504007 0.503943 0.503993 0.503795 0.504179 0.504933 0.501923 0.501827 0.501249 0.500522 0.500235 0.500388 0.500774 0.500759 0.500077 0.499306 0.499690 -9999.0 -9999.0 -9999.0 -9999.0 -9999.0 -9999.0 -9999.0 -9999.0 -9999.0 -9999.0 -9999.0 -9999.0 -9999.0
-9999.0 -9999.0 0.507259 0.507130 0.507141 0.507158 0.507187 0.507254 0.507401 0.507672 0.508094 0.508596 0.510046 0.506546 0.504947 0.504417 0.501550 0.509609 0.508550 0.507882 0.507513 0.507286 0.507192 0.507265 0.507479 0.507863 0.509550 0.505413 0.503958 0.503407 0.503508 0.503651 0.504004 0.504156 0.503997 0.503817 0.504014 0.504276 0.504690 0.501897 0.502306 0.502259 0.501457 0.500369 0.499712 0.499647 0.500115 0.500454 0.500216 0.498210 0.499928 -9999.0 -9999.0 -9999.0 -9999.0 -9999.0 -9999.0 -9999.0 -9999.0 -9999.0 -9999.0 -9999.0 -9999.0 -9999.0
-9999.0 0.506861 0.507053 0.507081 0.507099 0.507111 0.507140 0.507180 0.507284 0.507491 0.507865 0.508340 0.508929 0.511048 0.506977 0.504918 0.502528 0.510864 0.509911 0.509615 0.500055 0.507942 0.507523 0.507322 0.507330 0.507453 0.507656 0.508933 0.504352 0.503094 0.502997 0.503293 0.503677 0.500328 0.500377 0.500172 0.500289 0.500639 0.501263 0.501887 0.502516 0.502699 0.502187 0.501273 0.500466 0.499922 0.499811 0.499843 0.500059 0.498537 -9999.0 -9999.0 -9999.0 -9999.0 -9999.0 -9999.0 -9999.0 -9999.0 -9999.0 -9999.0 -9999.0 -9999.0 -9999.0 -9999.0
-9999.0 0.506933 0.506985 0.507073 0.507091 0.507104 0.507120 0.507127 0.507174 0.507321 0.507629 0.508093 0.508641 0.509291 0.511680 0.507468 0.505190 0.502736 0.502038 0.501581 0.501239 0.508957 0.508284 0.507766 0.507488 0.507375 0.507356 0.507466 0.508426 0.502789 0.502522 0.502729 0.503017 0.499728 0.499716 0.499440 0.499526 0.499983 0.500678 0.501475 0.502259 0.502802 0.502856 0.502365 0.501708 0.501086 0.500531 0.499770 0.499016 0.499242 -9999.0 -9999.0 -9999.0 -9999.0 -9999.0 -9999.0 -9999.0 -9999.0 -9999.0 -9999.0 -9999.0 -9999.0 -9999.0 -9999.0
-9999.0 0.506962 0.507052 0.507089 0.507114 0.507141 0.507154 0.507132 0.507112 0.507176 0.507375 0.507741 0.508217 0.508771 0.509479 0.511980 0.507787 0.505618 0.505219 0.504403 0.503407 0.501491 0.500923 0.500557 0.500346 0.500220 0.499498 0.507548 0.508096 0.502327 0.501929 0.502247 0.502478 0.502756 0.499257 0.498984 0.498927 0.499309 0.499910 0.500492 0.501042 0.501722 0.502412 0.502725 0.502701 0.502401 0.501904 0.500639 0.498942 0.498495 -9999.0 -9999.0 -9999.0 -9999.0 -9999.0 -9999.0 -9999.0 -9999.0 -9999.0 -9999.0 -9999.0 -9999.0 -9999.0 -9999.0
-9999.0 0.507017 0.507076 0.507132 0.507158 0.507211 0.507237 0.507195 0.507113 0.507100 0.507192 0.507412 0.507735 0.508147 0.508671 0.509403 0.511964 0.506938 0.505874 0.505018 0.504040 0.503302 0.502940 0.502355 0.501616 0.501290 0.501268 0.500507 0.500713 0.501655 0.501523 0.501552 0.501722 0.501895 0.498756 0.498747 0.498619 0.498738 0.499078 0.499585 0.499746 0.499796 0.500894 0.502077 0.502545 0.502760 0.502639 0.501573 0.499561 0.499258 -9999.0 -9999.0 -9999.0 -9999.0 -9999.0 -9999.0 -9999.0 -9999.0 -9999.0 -9999.0 -9999.0 -9999.0 -9999.0 -9999.0
-9999.0 0.507014 0.507095 0.507155 0.507191 0.507261 0.507322 0.507301 0.507192 0.507111 0.507114 0.507210 0.507386 0.507635 0.507997 0.508522 0.510029 0.507233 0.505521 0.504927 0.504305 0.503845 0.503497 0.503040 0.502677 0.502633 0.502625 0.502700 0.502852 0.502490 0.502132 0.501453 0.501180 0.501337 0.501724 0.498869 0.498924 0.498765 0.498629 0.498566 0.499478 0.499672 0.499937 0.500651 0.501227 0.501720 0.501965 0.500906 0.499173 -9999.0 -9999.0 -9999.0 -9999.0 -9999.0 -9999.0 -9999.0 -9999.0 -9999.0 -9999.0 -9999.0 -9999.0 -9999.0 -9999.0 -9999.0
-9999.0 0.507022 0.507119 0.507181 0.507219 0.507300 0.507389 0.507411 0.507322 0.507198 0.507127 0.507137 0.507215 0.507353 0.507592 0.507979 0.508614 0.510860 0.505789 0.504544 0.504338 0.504159 0.503743 0.503507 0.503232 0.503598 0.503591 0.503708 0.503528 0.503206 0.502765 0.501779 0.500965 0.501025 0.501692 0.502093 0.499440 0.499450 0.499022 0.498769 0.499198 -9999.0 -9999.0 -9999.0 -9999.0 -9999.0 -9999.0 -9999.0 -9999.0 -9999.0 -9999.0 -9999.0 -9999.0 -9999.0 -9999.0 -9999.0 -9999.0 -9999.0 -9999.0 -9999.0 -9999.0 -9999.0 -9999.0 -9999.0
