tests/3D/Muntatschini_ref_005/output-maps-SE27XX/thetaliqL0004N0001.asc
ncols         108
nrows         156
xllcorner     619971.250000
yllcorner     5169711.250000
cellsize      20.000000
NODATA_value  -9999.0
[rows 58 to 86 of 156, columns 0 to 63 of 108]
-9999.0 -9999.0 -9999.0 -9999.0 -9999.0 -9999.0 -9999.0 -9999.0 -9999.0 -9999.0 -9999.0 -9999.0 -9999.0 -9999.0 -9999.0 -9999.0 -9999.0 -9999.0 -9999.0 -9999.0 -9999.0 -9999.0 -9999.0 -9999.0 -9999.0 -9999.0 -9999.0 -9999.0 -9999.0 -9999.0 -9999.0 -9999.0 -9999.0 -9999.0 -9999.0 -9999.0 0.412704 0.412144 0.412343 0.411834 0.411482 0.411584 0.412319 0.413696 0.415556 0.417445 0.418872 0.419627 0.419661 0.419204 0.418389 0.417487 0.416535 0.415737 0.415279 0.415218 0.415517 0.416109 0.416655 0.416839 0.416396 0.415575 0.414728 0.414116
-9999.0 -9999.0 -9999.0 -9999.0 -9999.0 -9999.0 -9999.0 -9999.0 -9999.0 -9999.0 -9999.0 -9999.0 -9999.0 -9999.0 -9999.0 -9999.0 -9999.0 -9999.0 -9999.0 -9999.0 -9999.0 -9999.0 -9999.0 -9999.0 -9999.0 -9999.0 -9999.0 -9999.0 -9999.0 -9999.0 -9999.0 -9999.0 -9999.0 -9999.0 -9999.0 0.414775 0.414478 0.413570 0.412895 0.412152 0.411548 0.411420 0.411968 0.413280 0.415187 0.417107 0.418296 0.418757 0.418732 0.418511 0.418053 0.417508 0.416855 0.416194 0.415609 0.415228 0.415203 0.415703 0.416486 0.417042 0.416858 0.416075 0.415137 0.414360
-9999.0 -9999.0 -9999.0 -9999.0 -9999.0 -9999.0 -9999.0 -9999.0 -9999.0 -9999.0 -9999.0 -9999.0 -9999.0 -9999.0 -9999.0 -9999.0 -9999.0 -9999.0 -9999.0 -9999.0 -9999.0 -9999.0 -9999.0 -9999.0 -9999.0 -9999.0 -9999.0 -9999.0 -9999.0 -9999.0 -9999.0 -9999.0 0.412177 0.413614 0.416375 0.415801 0.414996 0.414518 0.413647 0.412652 0.411923 0.411646 0.411907 0.412924 0.414819 0.416949 0.418225 0.418567 0.418353 0.418061 0.417682 0.417327 0.416927 0.416464 0.415941 0.415413 0.415100 0.415315 0.416059 0.416883 0.417117 0.416658 0.415852 0.415053
-9999.0 -9999.0 -9999.0 -9999.0 -9999.0 -9999.0 -9999.0 -9999.0 -9999.0 -9999.0 -9999.0 -9999.0 -9999.0 -9999.0 -9999.0 -9999.0 -9999.0 -9999.0 -9999.0 -9999.0 -9999.0 -9999.0 -9999.0 -9999.0 -9999.0 -9999.0 -9999.0 -9999.0 -9999.0 -9999.0 0.414409 0.415417 0.414148 0.413401 0.414849 0.415854 0.415845 0.415318 0.414213 0.412975 0.412084 0.411677 0.411667 0.412346 0.414018 0.416264 0.417907 0.418585 0.418515 0.418134 0.417658 0.417246 0.416932 0.416580 0.416148 0.415561 0.415041 0.414919 0.415423 0.416213 0.416781 0.416810 0.416435 0.415860
-9999.0 -9999.0 -9999.0 -9999.0 -9999.0 -9999.0 -9999.0 -9999.0 -9999.0 -9999.0 -9999.0 -9999.0 -9999.0 -9999.0 -9999.0 -9999.0 -9999.0 -9999.0 -9999.0 -9999.0 -9999.0 -9999.0 -9999.0 -9999.0 -9999.0 -9999.0 -9999.0 -9999.0 -9999.0 0.412664 0.412543 0.414208 0.415021 0.415028 0.415377 0.416175 0.416548 0.416116 0.414749 0.413049 0.411801 0.411216 0.411075 0.411527 0.412829 0.414870 0.416778 0.418046 0.418549 0.418464 0.418050 0.417465 0.416938 0.416491 0.416138 0.415645 0.415081 0.414709 0.414865 0.415387 0.415956 0.416376 0.416538 0.416369
-9999.0 -9999.0 -9999.0 -9999.0 -9999.0 -9999.0 -9999.0 -9999.0 -9999.0 -9999.0 -9999.0 -9999.0 -9999.0 -9999.0 -9999.0 -9999.0 -9999.0 -9999.0 -9999.0 -9999.0 -9999.0 -9999.0 -9999.0 -9999.0 -9999.0 0.411933 0.411916 0.412668 0.413309 0.412712 0.413308 0.414379 0.415168 0.415517 0.415934 0.416588 0.417137 0.416829 0.415368 0.413248 0.411582 0.410745 0.410548 0.410869 0.411785 0.413348 0.415199 0.416824 0.417924 0.418399 0.418414 0.417895 0.417155 0.416447 0.416010 0.415612 0.415128 0.414695 0.414587 0.414780 0.415106 0.415564 0.416073 0.416328
-9999.0 -9999.0 -9999.0 -9999.0 -9999.0 -9999.0 -9999.0 -9999.0 -9999.0 -9999.0 -9999.0 -9999.0 -9999.0 -9999.0 -9999.0 -9999.0 -9999.0 -9999.0 -9999.0 -9999.0 -9999.0 -9999.0 -9999.0 0.416684 0.416513 0.414139 0.412776 0.412365 0.412650 0.413033 0.413639 0.414556 0.415263 0.415644 0.416130 0.416835 0.417601 0.417591 0.416340 0.414008 0.411910 0.410699 0.410348 0.410527 0.411148 0.412269 0.413841 0.415419 0.416840 0.417853 0.418440 0.418254 0.417449 0.416535 0.415993 0.415691 0.415298 0.414857 0.414547 0.414458 0.414502 0.414784 0.415319 0.415805
-9999.0 -9999.0 -9999.0 -9999.0 -9999.0 -9999.0 -9999.0 -9999.0 -9999.0 -9999.0 -9999.0 -9999.0 -9999.0 -9999.0 -9999.0 -9999.0 -9999.0 -9999.0 -9999.0 -9999.0 -9999.0 0.420202 0.420994 0.418101 0.416657 0.415765 0.414514 0.413923 0.413715 0.413685 0.413897 0.414374 0.414932 0.415401 0.416033 0.416896 0.417915 0.418299 0.417512 0.415337 0.412915 0.411190 0.410469 0.410427 0.410847 0.411702 0.412982 0.414395 0.415830 0.417098 0.418126 0.418376 0.417708 0.416795 0.416167 0.415854 0.415495 0.415069 0.414659 0.414338 0.414122 0.414137 0.414503 0.415050
-9999.0 -9999.0 -9999.0 -9999.0 -9999.0 -9999.0 -9999.0 -9999.0 -9999.0 -9999.0 -9999.0 -9999.0 -9999.0 -9999.0 -9999.0 -9999.0 -9999.0 -9999.0 -9999.0 -9999.0 0.421023 0.419066 0.419937 0.420203 0.419044 0.417649 0.416286 0.415231 0.414548 0.414040 0.413773 0.413829 0.414161 0.414718 0.415499 0.416531 0.417731 0.418588 0.418580 0.417063 0.414567 0.412210 0.410824 0.410392 0.410632 0.411401 0.412619 0.414048 0.415504 0.416868 0.417905 0.418173 0.417688 0.417066 0.416588 0.416255 0.415830 0.415319 0.414823 0.414324 0.413905 0.413675 0.413842 0.414299
-9999.0 -9999.0 -9999.0 -9999.0 -9999.0 -9999.0 -9999.0 -9999.0 -9999.0 -9999.0 -9999.0 -9999.0 -9999.0 -9999.0 -9999.0 -9999.0 -9999.0 -9999.0 0.421698 0.423024 0.422273 0.420676 0.420250 0.420303 0.420255 0.419579 0.418174 0.416533 0.415226 0.414309 0.413669 0.413343 0.413408 0.413967 0.414874 0.415962 0.417178 0.418342 0.419113 0.418636 0.416615 0.413825 0.411553 0.410480 0.410431 0.411138 0.412458 0.414083 0.415756 0.417138 0.417954 0.418085 0.417722 0.417287 0.416948 0.416692 0.416371 0.415904 0.415352 0.414642 0.413950 0.413450 0.413409 0.413765
-9999.0 -9999.0 -9999.0 -9999.0 -9999.0 -9999.0 -9999.0 -9999.0 -9999.0 -9999.0 -9999.0 -9999.0 -9999.0 -9999.0 -9999.0 -9999.0 0.417416 0.419671 0.419544 0.420359 0.420926 0.419917 0.418897 0.418634 0.419211 0.419624 0.419051 0.417607 0.416137 0.415047 0.414148 0.413463 0.413231 0.413661 0.414563 0.415550 0.416612 0.417829 0.419141 0.419720 0.418661 0.415948 0.412932 0.411038 0.410526 0.411010 0.412332 0.414206 0.416270 0.417704 0.418215 0.418091 0.417737 0.417380 0.417120 0.417040 0.417049 0.416847 0.416326 0.415430 0.414432 0.413612 0.413293 0.413478
-9999.0 -9999.0 -9999.0 -9999.0 -9999.0 -9999.0 -9999.0 -9999.0 -9999.0 -9999.0 -9999.0 -9999.0 -9999.0 -9999.0 -9999.0 0.414227 0.414261 0.417700 0.419543 0.419862 0.419625 0.418412 0.416754 0.415820 0.416232 0.417342 0.418021 0.417694 0.416819 0.415986 0.415048 0.414099 0.413559 0.413763 0.414579 0.415490 0.416423 0.417474 0.418940 0.420260 0.420425 0.418504 0.415338 0.412611 0.411392 0.411405 0.412424 0.414319 0.416754 0.418352 0.418719 0.418429 0.417961 0.417494 0.417135 0.417227 0.417634 0.417844 0.417500 0.416505 0.415214 0.414050 0.413419 0.413406
-9999.0 -9999.0 -9999.0 -9999.0 -9999.0 -9999.0 -9999.0 -9999.0 -9999.0 -9999.0 -9999.0 -9999.0 -9999.0 -9999.0 -9999.0 0.416816 0.415988 0.418169 0.419086 0.419120 0.418511 0.417151 0.415379 0.413925 0.413624 0.414440 0.415653 0.416429 0.416542 0.416324 0.415709 0.414770 0.413990 0.413843 0.414426 0.415271 0.416211 0.417214 0.418716 0.420467 0.421804 0.421232 0.418698 0.415473 0.413346 0.412604 0.413008 0.414643 0.417239 0.419152 0.419453 0.418964 0.418294 0.417752 0.417334 0.417396 0.417890 0.418370 0.418315 0.417406 0.415991 0.414597 0.413691 0.413445
-9999.0 -9999.0 -9999.0 -9999.0 -9999.0 -9999.0 -9999.0 -9999.0 -9999.0 -9999.0 -9999.0 -9999.0 -9999.0 -9999.0 -9999.0 0.421107 0.418920 0.420279 0.420162 0.418630 0.417194 0.415935 0.414519 0.413138 0.412438 0.412665 0.413560 0.414592 0.415262 0.415623 0.415530 0.414935 0.414119 0.413644 0.413854 0.414558 0.415508 0.416513 0.417991 0.420140 0.422566 0.423523 0.422098 0.419008 0.416170 0.414545 0.414146 0.415266 0.417770 0.420049 0.420572 0.419971 0.418952 0.418179 0.417670 0.417577 0.417946 0.418437 0.418580 0.417856 0.416488 0.415026 0.413966 0.413553
-9999.0 -9999.0 -9999.0 -9999.0 -9999.0 -9999.0 -9999.0 -9999.0 -9999.0 -9999.0 -9999.0 -9999.0 -9999.0 -9999.0 0.417515 0.419253 0.421444 0.422624 0.420821 0.418057 0.416439 0.415543 0.414479 0.413206 0.412267 0.411998 0.412346 0.413078 0.413802 0.414397 0.414710 0.414593 0.414011 0.413331 0.413078 0.413418 0.414170 0.415052 0.416377 0.418682 0.421703 0.424004 0.423938 0.421692 0.418730 0.416512 0.415348 0.415815 0.417922 0.420462 0.421508 0.421170 0.420049 0.419014 0.418249 0.417892 0.418080 0.418532 0.418741 0.418120 0.416788 0.415365 0.414275 0.413762
-9999.0 -9999.0 -9999.0 -9999.0 -9999.0 -9999.0 -9999.0 -9999.0 -9999.0 -9999.0 -9999.0 -9999.0 -9999.0 0.417558 0.417437 0.420003 0.423287 0.423493 0.420653 0.417853 0.416598 0.415912 0.414968 0.413683 0.412632 0.412097 0.412024 0.412314 0.412801 0.413336 0.413790 0.414021 0.413813 0.413182 0.412577 0.412411 0.412614 0.413044 0.413950 0.415917 0.418812 0.421913 0.423227 0.422396 0.420072 0.417823 0.416144 0.415936 0.417490 0.419943 0.421658 0.422104 0.421383 0.420255 0.419221 0.418651 0.418672 0.418996 0.419146 0.418579 0.417250 0.415807 0.414694 0.414146
-9999.0 -9999.0 -9999.0 -9999.0 -9999.0 -9999.0 -9999.0 -9999.0 -9999.0 -9999.0 -9999.0 -9999.0 0.420128 0.418844 0.419733 0.422461 0.424342 0.422783 0.419683 0.417738 0.417225 0.416915 0.415970 0.414418 0.413102 0.412381 0.412121 0.412177 0.412446 0.412815 0.413205 0.413573 0.413695 0.413299 0.412565 0.411932 0.411517 0.411392 0.411780 0.413044 0.415219 0.418197 0.420283 0.420790 0.419576 0.417863 0.416154 0.415636 0.416508 0.418520 0.420690 0.422179 0.422416 0.421676 0.420621 0.419858 0.419630 0.419795 0.419910 0.419432 0.418089 0.416499 0.415245 0.414608
-9999.0 -9999.0 -9999.0 -9999.0 -9999.0 -9999.0 -9999.0 -9999.0 -9999.0 -9999.0 -9999.0 0.420864 0.420452 0.420707 0.422442 0.424938 0.424585 0.421869 0.419021 0.417748 0.417758 0.417849 0.417050 0.415266 0.413558 0.412648 0.412403 0.412485 0.412651 0.412809 0.413022 0.413377 0.413762 0.413694 0.413021 0.412046 0.411116 0.410543 0.410531 0.411189 0.412576 0.414816 0.416850 0.417974 0.417709 0.416735 0.415531 0.414911 0.415157 0.416492 0.418629 0.420826 0.422127 0.422251 0.421680 0.421012 0.420634 0.420573 0.420635 0.420303 0.419127 0.417427 0.415961 0.415138
-9999.0 -9999.0 -9999.0 -9999.0 -9999.0 -9999.0 -9999.0 -9999.0 -9999.0 -9999.0 0.422162 0.421237 0.420908 0.422410 0.424952 0.425898 0.424136 0.421357 0.419004 0.418008 0.418249 0.418774 0.418101 0.416019 0.413879 0.412852 0.412684 0.412863 0.413031 0.413073 0.413141 0.413462 0.414016 0.414238 0.413709 0.412598 0.411359 0.410439 0.410098 0.410338 0.411215 0.412718 0.414250 0.415288 0.415607 0.415385 0.414788 0.414042 0.413754 0.414397 0.416074 0.418348 0.420511 0.421710 0.421902 0.421479 0.421084 0.420881 0.420915 0.420720 0.419864 0.418318 0.416812 0.415818
-9999.0 -9999.0 -9999.0 -9999.0 -9999.0 -9999.0 -9999.0 -9999.0 -9999.0 0.424301 0.423113 0.421904 0.421970 0.424192 0.425653 0.425287 0.423639 0.421640 0.419722 0.418651 0.418878 0.419619 0.418908 0.416449 0.414034 0.412957 0.412842 0.413124 0.413384 0.413385 0.413336 0.413613 0.414271 0.414737 0.414400 0.413306 0.411875 0.410646 0.410018 0.410000 0.410594 0.411669 0.412831 0.413723 0.414398 0.414649 0.414207 0.413233 0.412646 0.412729 0.413672 0.415560 0.418060 0.420249 0.421353 0.421387 0.421063 0.420766 0.420664 0.420442 0.419845 0.418783 0.417653 0.416777
-9999.0 -9999.0 -9999.0 -9999.0 -9999.0 -9999.0 -9999.0 -9999.0 0.422842 0.424239 0.424158 0.423636 0.424017 0.424688 0.424903 0.424528 0.423541 0.421970 0.420227 0.419171 0.419502 0.420265 0.419380 0.416640 0.414049 0.412883 0.412791 0.413187 0.413575 0.413666 0.413591 0.413774 0.414347 0.414963 0.414903 0.413942 0.412338 0.410779 0.409912 0.409763 0.410237 0.411148 0.412207 0.413133 0.413996 0.414343 0.413897 0.412979 0.412330 0.411980 0.412176 0.413252 0.415502 0.418272 0.420355 0.421032 0.420862 0.420510 0.420226 0.419818 0.419230 0.418705 0.418284 0.417917
-9999.0 -9999.0 -9999.0 -9999.0 -9999.0 -9999.0 -9999.0 0.418408 0.421099 0.423582 0.425539 0.426323 0.425599 0.424368 0.424006 0.423816 0.423086 0.421690 0.420273 0.419617 0.420095 0.420730 0.419740 0.416913 0.413994 0.412554 0.412446 0.413027 0.413597 0.413834 0.413802 0.413886 0.414280 0.414904 0.415163 0.414498 0.412832 0.410905 0.409753 0.409503 0.409918 0.410848 0.412013 0.413002 0.413712 0.413938 0.413714 0.413169 0.412637 0.412054 0.411653 0.411839 0.413233 0.415920 0.418726 0.420361 0.420681 0.420396 0.419853 0.419136 0.418439 0.418373 0.418654 0.418844
-9999.0 -9999.0 -9999.0 -9999.0 -9999.0 -9999.0 0.414350 0.416755 0.419623 0.422906 0.426721 0.427912 0.426504 0.424513 0.423722 0.423560 0.422979 0.421561 0.420027 0.419448 0.420068 0.421002 0.420410 0.417682 0.414227 0.412164 0.411790 0.412466 0.413301 0.413818 0.413973 0.414008 0.414154 0.414659 0.415281 0.415197 0.413699 0.411374 0.409786 0.409347 0.409659 0.410616 0.411908 0.412781 0.413105 0.413227 0.413411 0.413408 0.413167 0.412612 0.411824 0.411309 0.411796 0.413767 0.416654 0.419070 0.420177 0.420227 0.419573 0.418583 0.417891 0.418181 0.418869 0.419324
-9999.0 -9999.0 -9999.0 -9999.0 -9999.0 0.411694 0.413264 0.415465 0.418188 0.422412 0.426966 0.428697 0.427566 0.425370 0.424032 0.423767 0.423261 0.421730 0.419825 0.419101 0.419762 0.421079 0.421086 0.418789 0.414929 0.412045 0.411157 0.411649 0.412632 0.413446 0.413921 0.414091 0.414070 0.414335 0.415154 0.415836 0.415002 0.412525 0.410358 0.409534 0.409641 0.410550 0.411813 0.412392 0.412289 0.412281 0.412676 0.413142 0.413339 0.413070 0.412250 0.411463 0.411346 0.412460 0.414728 0.417304 0.419222 0.419890 0.419310 0.418138 0.417538 0.417925 0.418595 0.419073
-9999.0 -9999.0 -9999.0 -9999.0 -9999.0 0.412133 0.413122 0.414171 0.416862 0.421118 0.425160 0.427713 0.427867 0.426293 0.424621 0.424118 0.423720 0.422269 0.420012 0.418844 0.419304 0.420905 0.421698 0.420054 0.416142 0.412468 0.410894 0.410914 0.411760 0.412760 0.413619 0.414086 0.414007 0.413919 0.414649 0.416017 0.416371 0.414474 0.411943 0.410501 0.410183 0.410857 0.411827 0.411983 0.411571 0.411453 0.411849 0.412610 0.413155 0.413070 0.412382 0.411783 0.411551 0.412057 0.413429 0.415544 0.417806 0.419116 0.418839 0.417639 0.416973 0.417106 0.417605 0.418116
-9999.0 -9999.0 -9999.0 -9999.0 -9999.0 0.412526 0.412898 0.413178 0.415953 0.419624 0.422747 0.425805 0.427271 0.426574 0.424814 0.423812 0.423256 0.422034 0.420039 0.418888 0.419305 0.420884 0.422092 0.421214 0.417967 0.413941 0.411484 0.410728 0.411095 0.412009 0.413177 0.414096 0.414153 0.413638 0.413827 0.415320 0.416913 0.416531 0.414519 0.412592 0.411698 0.411926 0.412211 0.411803 0.411210 0.411024 0.411326 0.412159 0.412809 0.412678 0.412096 0.411799 0.411806 0.412037 0.412711 0.414106 0.416212 0.417788 0.417844 0.416829 0.416013 0.415805 0.416257 0.417216
-9999.0 -9999.0 -9999.0 -9999.0 -9999.0 0.411403 0.411919 0.413250 0.416508 0.419188 0.420720 0.423439 0.426023 0.426607 0.425219 0.423735 0.422693 0.421240 0.419265 0.418106 0.418642 0.420425 0.422313 0.422642 0.420621 0.416842 0.413463 0.411641 0.411248 0.411798 0.413039 0.414376 0.414724 0.413854 0.413168 0.413981 0.415973 0.417309 0.416797 0.415209 0.414072 0.413761 0.413136 0.412160 0.411398 0.411105 0.411285 0.411964 0.412438 0.412164 0.411596 0.411418 0.411637 0.411875 0.412210 0.413005 0.414537 0.415962 0.416268 0.415650 0.414884 0.414503 0.415001 0.416711
-9999.0 -9999.0 -9999.0 -9999.0 0.409696 0.410487 0.412584 0.414123 0.418008 0.419892 0.420311 0.422484 0.425484 0.427028 0.426302 0.424633 0.423002 0.420821 0.418218 0.416430 0.416584 0.418406 0.421020 0.422905 0.422849 0.420386 0.416925 0.414115 0.412788 0.412786 0.413760 0.415210 0.415833 0.414786 0.413101 0.412654 0.413914 0.415968 0.417110 0.416923 0.416468 0.415894 0.414549 0.413138 0.412138 0.411672 0.411644 0.411943 0.412090 0.411726 0.411176 0.410985 0.411240 0.411557 0.411816 0.412266 0.413213 0.414233 0.414588 0.414450 0.414154 0.413592 0.413348 0.414926
-9999.0 -9999.0 -9999.0 -9999.0 0.410748 0.411300 0.412933 0.415108 0.419564 0.421068 0.420906 0.422606 0.425767 0.428026 0.428036 0.426597 0.424875 0.422200 0.418510 0.415238 0.413985 0.414914 0.417446 0.420280 0.422074 0.421801 0.419718 0.417165 0.415349 0.414729 0.415056 0.416239 0.417080 0.416178 0.413825 0.412082 0.412117 0.413637 0.415564 0.416995 0.417716 0.417377 0.415966 0.414448 0.413301 0.412658 0.412283 0.412060 0.411837 0.411413 0.410892 0.410651 0.410853 0.411254 0.411610 0.411944 0.412449 0.413012 0.413331 0.413447 0.413987 0.414518 0.414030 -9999.0
