tests/3D/PSQL_test/output-maps-SE27XX/snowdepthN0003.asc
ncols         295
nrows         180
xllcorner     627200.000000
yllcorner     5109000.000000
cellsize      200.000000
NODATA_value  -9999.0
[rows 78 to 103 of 180, columns 180 to 239 of 295]
36.052102 38.899274 41.660909 43.068145 44.237740 44.840631 43.829505 45.127054 42.763502 42.770194 45.789727 44.839680 44.018458 45.380307 48.137688 50.869759 56.005358 59.038361 46.622804 40.107858 43.346118 42.773533 39.718677 42.605373 45.753123 45.595657 45.647528 39.874910 32.921560 37.400051 36.473302 32.968705 29.107526 18.383039 9.720402 5.270761 3.878495 3.811681 3.767073 3.676766 3.583085 3.572457 3.603242 3.543125 3.479743 3.412998 3.212764 3.225298 3.103957 2.961976 2.854545 10.485711 16.961290 20.547513 23.394378 27.797826 29.092667 28.588863 31.711369 37.837096
38.715541 40.555138 41.862715 42.517317 42.978359 43.526142 42.994179 45.685003 45.616025 42.186129 44.512298 46.758921 47.368578 47.462341 48.441272 48.248481 52.124349 49.377380 34.838151 36.759152 41.111373 43.789677 43.713376 45.326130 45.468584 44.876388 45.382261 45.200872 35.179329 32.969188 35.341700 32.301923 28.477495 14.215637 9.318639 4.896079 3.775144 3.776945 3.677630 3.575580 3.513018 3.446768 3.376439 3.389825 3.355997 3.275371 3.148042 3.102697 2.920641 2.826481 7.106466 15.818626 26.166836 29.288340 29.088467 33.866618 31.529693 33.246902 38.807058 44.929558
39.847887 42.068970 42.205283 41.513041 42.201711 43.049022 45.574966 47.078949 48.888276 45.610893 43.707509 44.370314 45.784890 49.419859 49.536535 49.703858 56.208458 46.640099 36.796004 42.662423 43.160779 44.357265 46.266181 47.308652 45.717918 43.991787 42.556788 41.737673 44.318582 39.993794 37.220761 31.215782 19.718634 13.111544 9.533322 4.355504 3.910825 3.801580 3.732014 3.617914 3.500366 3.378517 3.338240 3.294626 3.419187 3.324634 3.183793 3.123689 2.938039 5.152936 11.425685 18.551399 29.473731 35.797118 36.642035 38.870116 39.275548 42.719502 44.294932 49.060256
41.872168 43.155498 42.130350 41.251108 42.447220 43.072679 45.269755 46.631701 48.120265 49.292356 43.812843 43.359011 45.041283 46.890012 48.456040 53.998016 54.614900 43.910010 41.266669 44.224400 46.279211 44.913719 42.212463 43.605190 46.482521 44.503974 36.671982 30.183444 30.228839 30.240499 36.133190 31.702268 20.533984 14.304536 9.118667 4.360979 4.335817 4.072447 3.805760 3.763994 3.588034 3.495799 3.529076 3.428981 3.367912 3.303267 3.020855 3.030579 3.003011 7.277929 12.962619 19.726554 32.245759 37.151733 39.573907 41.866162 45.776662 46.871416 44.053282 47.978876
40.649344 42.678697 42.270652 42.556287 45.311977 47.463261 48.702635 49.028319 49.040748 51.767777 49.200930 48.536056 53.458909 54.196023 55.726052 55.456228 45.847797 42.236080 41.472211 45.895554 45.431720 44.483221 44.173794 43.135430 43.969511 39.621918 33.651062 34.294632 32.485809 29.518048 28.718032 29.189287 24.354220 14.339634 6.900512 4.827500 4.451500 4.128246 3.848231 3.748650 3.603721 3.585422 3.519491 3.535248 3.374720 3.296024 3.042669 3.198803 3.802032 7.368888 12.297257 16.501967 35.366826 43.999800 42.556357 43.396252 47.873755 52.927214 49.250854 52.489109
41.768156 43.448900 42.172922 42.565794 43.307119 46.044488 48.027204 49.945457 53.427213 56.402827 56.656966 54.241204 49.705558 44.599500 45.098483 47.376631 44.862270 46.918962 45.952407 46.779516 45.725965 45.184203 44.687861 44.177846 44.125867 41.538645 35.372036 29.675870 27.375661 27.332243 29.418260 20.753312 16.612860 12.225646 5.261131 5.254099 4.631364 4.387460 3.906647 3.794157 3.676868 3.645759 3.480887 3.440368 3.352622 3.133271 3.077832 3.499444 4.890423 9.731105 14.049111 18.648236 33.493348 41.185940 40.308415 40.457232 39.704599 42.997476 46.731892 52.028658
43.643732 41.941391 42.993190 44.172612 45.174898 45.505990 44.567134 46.962129 55.060414 48.461148 41.883193 40.584862 40.540621 40.858153 43.769252 48.531995 48.989195 50.174326 48.026853 46.029875 46.237913 45.911667 44.902896 43.944947 42.487537 41.318841 40.788178 36.519422 32.098970 24.574321 26.587390 28.221925 27.686302 20.096260 5.117627 5.244602 4.636964 4.238445 3.934589 3.946656 3.678167 3.634244 3.542316 3.445770 3.302293 3.154984 2.999832 3.576938 6.244727 12.157438 18.111692 25.554230 33.324384 38.817666 40.561662 42.780719 43.085874 42.740029 44.129612 43.261562
44.446702 41.878254 41.773747 43.783290 42.992840 45.104263 44.946838 49.430139 51.351644 39.049242 38.906076 42.400568 44.750648 45.372815 47.016033 49.981317 51.632840 50.977124 49.034103 46.120865 45.966395 47.471057 47.609054 46.973435 45.961535 45.277490 46.057183 45.459335 41.396712 31.352755 28.621015 33.144143 32.723483 22.752902 9.127951 4.686857 4.516152 4.250004 4.024493 3.931012 3.740356 3.594052 3.531518 3.507838 3.308536 3.064097 3.098578 4.233608 7.192642 14.779594 23.012688 29.043869 34.209171 35.876581 38.379105 38.879708 39.777589 44.952625 47.284725 48.391146
46.454228 45.625693 44.669942 46.041920 46.856614 47.049139 47.998738 54.816081 46.083080 41.346632 45.293694 45.355509 47.206020 47.012447 45.435133 48.060556 51.631542 51.205738 50.333088 47.800273 45.958945 47.544209 48.604750 48.817066 48.536302 48.162801 49.031417 48.537106 48.014308 40.307361 37.857141 38.375255 32.704411 22.177692 10.371528 4.620950 4.461317 4.275786 4.129313 4.022291 3.772050 3.610661 3.535554 3.412890 3.328237 3.028606 3.212620 4.561071 8.169906 14.175512 21.700891 28.776064 35.174649 33.108455 38.830437 43.417600 44.157538 46.286940 44.405186 45.010978
48.085650 49.657146 50.179419 48.711985 48.006420 48.471051 52.223430 52.428742 46.474159 44.643443 44.615120 47.018846 46.523337 47.306155 43.853275 42.972749 51.705289 52.030373 51.396401 49.735183 45.673990 46.093538 48.328545 48.445040 48.563592 48.745377 49.204222 49.337274 46.639403 37.766346 35.653696 36.947169 33.031779 21.807311 9.474628 4.661891 4.561664 4.456896 4.249563 4.082403 3.955042 3.821734 3.683199 3.544050 3.360861 3.048253 3.135096 4.458275 7.898810 14.035443 20.488835 29.569488 35.550857 30.403324 39.040172 51.556446 48.178850 48.969412 50.672452 52.435510
48.093061 44.986214 44.405461 50.489158 53.617882 53.414000 55.811554 52.264092 48.036283 44.388404 41.208872 40.431352 44.005035 44.692132 40.535389 35.862486 47.964479 52.408910 51.737158 49.457728 44.711655 45.795648 48.196135 48.286239 48.345596 48.221276 48.244472 48.042047 45.393721 38.795069 36.739043 36.614554 30.884508 21.618733 7.984664 4.878400 4.677587 4.512383 4.338238 4.249780 4.107472 3.959047 3.714771 3.517370 3.321248 3.121725 3.246910 3.979116 7.351467 13.570049 20.696683 29.824295 37.378973 29.774020 38.768678 55.480732 53.927161 53.871337 55.807187 56.787798
39.807949 37.463157 36.253735 38.579287 40.880096 42.894475 46.849641 54.349468 53.434844 50.470492 46.000352 36.863950 40.541285 41.668775 37.700727 29.882344 41.365461 48.898552 46.399051 44.725084 44.494037 47.147864 48.068841 47.904264 47.072725 45.240304 44.578622 45.040857 45.542750 43.196932 40.235402 38.275847 31.927080 21.814542 9.395832 4.973011 4.953687 4.724901 4.488357 4.385391 4.274492 4.064266 3.895321 3.587672 3.335510 3.206539 3.073382 3.079747 6.212395 13.236280 19.938397 30.854430 37.084042 30.526586 39.019414 55.360952 57.593204 53.362858 48.709808 49.326609
38.736762 40.628745 39.786689 40.967733 42.880064 44.850687 48.100373 53.767956 45.623438 39.771667 37.058724 36.904684 38.162864 40.947982 40.931677 31.627844 35.952260 37.889567 42.902915 44.217042 45.402154 46.225067 45.770150 45.204283 44.443211 44.299245 44.951475 45.972857 46.251102 45.775574 42.691076 38.780105 31.781296 21.400979 10.473753 5.043870 5.100703 4.905274 4.700533 4.534300 4.408703 4.182359 3.997636 3.718356 3.487172 3.343948 3.198365 3.199520 5.836814 12.161605 23.419789 31.090994 36.595882 32.972782 40.841102 49.840146 46.389914 43.892675 41.347514 41.203552
42.135000 41.831042 42.495102 43.492462 43.588200 41.027144 47.801348 51.801863 40.728649 37.461446 39.760035 40.227404 40.694821 41.287601 41.094820 36.386637 36.405313 38.537269 42.748454 42.420227 43.056296 43.279304 43.850212 45.046385 45.746948 45.927522 45.812516 46.394937 46.387536 45.931271 44.562865 40.448024 31.354577 21.283739 11.798956 5.109180 5.360120 5.051762 4.927594 4.793371 4.603007 4.359286 4.157681 3.861028 3.521848 3.406940 3.247794 3.235248 6.376855 11.106509 16.381874 28.535108 33.431197 34.531187 42.608858 43.250886 39.084057 38.652632 41.593406 43.036620
38.707916 40.390642 41.132574 41.492647 41.054094 39.643556 52.311916 46.049360 39.946196 39.387811 43.500080 43.058975 42.470983 41.037545 40.786485 39.924793 40.124874 42.551634 41.666034 42.518276 44.268433 45.287966 45.623561 45.886580 45.970745 45.994038 45.920889 46.413692 46.592057 45.854746 46.094012 43.102667 31.149746 22.186515 12.580850 5.293247 5.585425 5.358140 5.168890 4.969746 4.667136 4.454130 4.282503 4.060190 3.610563 3.520642 3.263622 2.998538 5.657482 13.776002 17.777682 27.939080 33.476121 35.968332 43.009615 41.827462 39.919658 40.326697 42.003016 42.316027
39.701411 45.015754 47.047812 43.028076 40.642752 41.294554 52.904902 41.299494 39.199800 40.857112 43.573041 40.805175 37.720990 39.105437 38.719272 37.496605 38.879103 42.459142 43.732175 44.917281 45.218278 45.389270 45.788855 45.907282 46.197045 46.502348 46.544384 46.782808 47.073964 46.185519 46.474933 38.565387 28.106586 23.816518 13.039671 5.480668 5.824339 5.580466 5.374371 5.206533 4.884641 4.558692 4.370185 4.177241 3.709569 3.559597 3.326712 3.390999 10.392718 18.074759 23.734612 30.645756 35.936247 39.369680 43.014946 39.984906 38.608782 39.168275 41.720152 41.931071
39.280939 42.031260 42.375217 40.230857 41.564364 43.083705 56.834668 38.247136 36.450903 36.884232 33.668952 30.476304 32.540853 34.103577 36.193129 35.421408 35.041917 39.404233 43.385295 44.895198 45.612173 45.688291 46.007794 46.311683 46.405595 46.668520 46.898409 47.162812 47.413171 46.468312 43.407254 33.499102 26.743146 21.100321 14.991566 5.867041 6.074807 5.814678 5.640765 5.405612 5.112889 4.766824 4.559808 4.117097 3.906191 3.694303 3.230121 3.669211 10.760077 21.899078 27.953053 33.357960 39.463637 41.635291 40.439701 37.340323 37.790815 38.813969 39.918187 41.140612
41.544000 43.403098 42.108313 39.454101 41.655355 39.098203 56.107322 34.415359 32.374301 31.814077 35.334572 38.176947 38.596428 38.258155 37.326319 35.656033 32.482497 34.490796 42.587103 45.762276 46.110070 46.175616 46.296438 46.678679 46.907168 46.974639 47.262189 47.454881 47.716375 46.484644 40.815105 32.511043 26.867546 21.264026 14.024923 7.377572 6.597561 6.110064 5.817699 5.514826 5.252686 4.935447 4.662265 4.293399 4.064208 3.744691 3.346158 3.403799 10.028261 18.075851 26.735914 32.593351 38.906001 39.948018 36.952503 35.647647 37.107550 37.959061 39.896593 41.202657
40.965307 40.566672 40.764328 41.472547 41.687156 46.569918 48.152393 33.542990 33.733873 34.662097 38.966192 39.701681 39.207636 37.690121 36.664286 36.523783 32.097287 29.815846 36.839176 45.014244 45.845987 46.558897 46.969579 47.005723 46.087555 45.758036 45.809896 47.284660 47.792466 46.490695 41.901282 33.047936 25.951006 21.922379 14.797764 6.680416 6.788845 6.267349 6.052558 5.729793 5.447836 5.158765 4.722064 4.522189 4.180963 3.619386 3.423468 3.702130 8.455863 14.812965 27.257805 35.516474 38.790595 35.473368 34.761946 34.670804 36.277102 38.197919 40.949049 42.073450
44.085813 41.830287 44.349158 39.513958 40.276914 52.379394 43.944146 38.357319 40.274734 35.859811 34.023971 35.335836 37.369910 37.218631 31.958050 33.521184 33.082685 27.426880 30.080990 36.865211 39.961752 45.151403 46.988481 46.793403 44.041969 43.004514 41.503617 44.248743 47.665644 43.575660 36.573040 33.168407 26.814854 22.371884 16.090178 6.746509 7.049995 6.505704 6.255312 5.900210 5.697831 5.338395 4.928061 4.708404 4.253327 3.719029 3.504652 3.118023 11.407693 18.642579 30.184396 34.327020 32.461656 32.598161 32.952236 36.046796 36.441162 36.793430 38.460088 40.631915
45.953448 44.069215 43.845258 40.967366 43.897223 48.135771 35.723532 30.781122 33.644694 35.467885 32.643224 31.849881 32.836612 35.009962 29.254037 28.818629 33.578387 27.700811 26.230796 30.387717 33.523033 40.876134 38.814334 34.123804 36.355994 38.094627 37.847456 38.932329 45.057908 38.103847 29.787874 30.729987 29.265675 23.402405 11.773053 7.662779 7.504737 6.997812 6.600112 6.127376 5.751375 5.421964 5.088369 4.753585 4.234767 3.954541 3.632193 3.463599 12.281105 24.513772 31.617688 26.919008 29.996019 33.846005 35.866909 37.153157 37.383027 36.489767 38.548744 41.228925
45.655006 46.538993 43.002980 45.463804 49.197336 53.940187 50.352547 41.369115 40.674879 43.583325 40.742288 38.470672 35.419168 34.847186 28.517753 26.493954 24.240145 26.772385 27.485822 29.053753 26.592650 28.523849 24.984029 22.964014 24.039509 25.741746 25.923972 24.942012 24.672771 23.066962 22.701193 23.605011 22.657387 13.818959 7.411089 8.260313 7.771547 7.369148 6.885033 6.449337 6.063756 5.653164 5.297254 4.797271 4.306238 4.053756 3.657530 4.019851 13.594155 24.529775 24.048939 25.616588 32.426852 36.158688 37.613426 37.947393 38.040848 37.506897 39.276763 43.786677
45.013795 44.446966 43.975593 49.576297 54.236431 57.036900 49.402628 43.540649 43.779165 45.982167 47.469352 47.906391 43.838833 36.572876 29.697961 25.452514 23.829221 21.193149 27.621735 26.498575 25.288325 22.382142 20.908396 21.660380 18.517201 17.460347 16.009469 15.364455 14.240459 15.777391 14.723985 12.624016 10.796357 8.708791 8.804328 8.630992 8.230210 7.676263 7.231300 6.708273 6.176113 5.883203 5.406146 4.885109 4.514131 4.149595 3.736520 5.589618 12.557386 12.962985 23.587092 30.520616 33.487951 35.460988 36.092734 36.795405 37.692135 38.288619 41.110456 45.524472
45.357180 44.221658 47.454888 56.444201 54.728418 50.880861 45.265033 44.413789 43.861419 44.593401 47.988072 49.261381 48.325450 44.391709 35.607804 28.290888 29.079989 26.840966 18.307412 20.109690 23.053185 20.583664 17.452683 15.112491 10.407761 9.775180 9.481656 9.159031 8.742099 9.644246 9.248898 9.871553 9.750577 9.706956 9.365815 9.042357 8.424612 7.978270 7.446372 6.899469 6.589102 6.023678 5.460396 5.063634 4.623959 4.234295 3.720442 9.032720 18.628615 18.625174 21.141056 26.238722 31.316154 34.835722 35.050931 35.449212 36.303273 38.523562 42.976393 46.362052
48.002898 48.035701 53.899759 52.589897 44.910318 46.463008 45.182017 45.561124 44.656841 46.165004 48.892596 48.995872 48.421563 45.142392 33.859067 28.120904 30.639157 27.252924 20.002887 17.332046 16.258089 14.044574 11.787288 11.393944 11.315411 11.220643 11.218626 11.097566 10.999953 10.924552 10.732939 10.427948 10.417147 10.156422 9.718915 9.378357 8.869537 8.141540 7.587912 7.206847 6.809868 6.157057 5.506475 5.138514 4.719966 4.194881 5.983761 13.033003 20.643605 21.762527 23.403178 28.735854 32.237411 34.550764 34.560225 35.423162 37.282959 39.885062 44.288677 46.427680
48.051745 50.393263 57.369863 42.384255 41.914053 43.408112 45.533985 44.962119 44.840804 46.577566 48.319426 48.537643 46.409826 37.073223 27.295568 25.311353 25.589990 22.020884 13.333298 15.210850 15.312417 13.786158 12.570390 12.231179 11.622635 11.532377 11.530309 11.481742 11.385092 11.308818 11.044065 11.074081 10.850527 10.509530 10.124791 9.632691 9.038637 8.355044 7.971898 7.502675 6.955893 6.340929 5.740120 5.293252 4.722437 7.252196 12.746501 16.555465 20.449833 22.806701 25.301723 29.722193 32.677980 35.368754 37.416068 38.709442 38.083577 40.402224 43.270941 46.942343
