tests/3D/PSQL_test/output-maps-SE27XX/snowdepthN0014.asc
ncols         295
nrows         180
xllcorner     627200.000000
yllcorner     5109000.000000
cellsize      200.000000
NODATA_value  -9999.0
[rows 100 to 124 of 180, columns 57 to 113 of 295]
443.951998 435.554655 405.144202 410.542278 427.282797 433.016403 420.062036 420.774621 415.732862 375.044542 394.758769 404.900317 405.714251 404.349293 394.369218 388.758986 386.620251 384.394371 378.647916 370.667785 359.873630 352.057590 348.705033 335.701642 327.381076 314.148376 298.670740 303.190622 317.991327 348.170009 357.092176 328.616897 325.167839 313.908780 364.574289 464.109260 502.304702 520.313404 507.068378 415.365733 372.003663 353.079637 342.274667 350.723113 390.041042 387.677467 363.928892 329.891062 300.084107 271.346495 260.951143 254.295957 248.086102 254.272951 247.119038 242.665553 249.081223
461.571943 433.776089 418.004766 410.671030 425.822128 424.551997 421.550386 455.481533 438.896194 404.491534 408.250884 403.478485 403.484410 399.416965 392.510428 387.989942 390.718735 388.060326 372.634864 367.157005 357.312920 348.211819 341.645821 332.063168 326.063415 322.071790 300.996310 304.910687 333.783333 335.037698 368.334489 369.861253 356.108824 303.013829 339.109163 421.524696 518.263690 509.311257 464.305230 411.680368 389.437320 396.573788 361.416199 357.906594 374.791585 369.175143 346.952278 314.556278 278.972324 255.277876 251.706249 264.297462 262.262351 253.662562 246.505800 245.336028 239.792503
476.146361 438.559875 439.656092 435.376938 433.916603 421.027768 446.380681 471.052188 440.200806 432.961721 432.082010 425.157413 416.440237 412.223941 403.727480 396.385888 394.718430 390.990104 369.237786 367.594920 357.636089 344.144238 336.613707 333.197986 329.231585 323.077034 296.570049 291.622493 358.445842 349.998929 364.107314 376.454979 343.682050 325.329245 352.326602 388.965060 500.506036 515.189486 447.960888 439.447405 385.183525 398.792572 384.428127 366.814845 356.572969 347.542688 330.205628 297.288694 257.794606 251.970529 266.112459 275.547518 274.458301 255.375084 238.619526 244.218062 237.997612
478.665248 462.964934 452.822070 444.362932 437.968626 430.748391 471.187844 455.984364 447.635671 443.789039 442.078719 441.938731 433.449972 431.275878 423.392648 409.555856 404.327043 391.219318 366.476408 369.453686 363.413246 345.418077 336.910416 335.578314 333.462649 329.325592 305.799351 322.668924 374.794376 394.835614 333.226364 381.591521 334.947689 346.247349 366.935996 425.464195 476.695151 546.587157 443.534632 414.212606 429.434347 406.770798 387.174403 354.938425 332.531137 333.108259 320.481654 275.433337 267.085213 271.211359 273.771056 275.930936 277.427404 267.705809 246.993431 246.608445 233.629942
473.348345 465.510816 458.432286 440.865067 428.187633 469.422444 470.275749 458.573139 454.055424 447.936648 455.229681 450.785952 447.660074 444.751678 428.452128 408.521006 394.896387 384.663035 369.832854 371.266461 360.050570 347.890003 345.438152 338.979406 338.636960 340.034594 318.960080 345.412397 401.328048 472.555416 431.419492 402.159641 318.878168 323.418371 399.953499 461.852698 533.508788 481.033455 390.959360 392.843550 382.046115 402.765051 382.866223 344.892704 327.849860 334.629008 331.812371 290.137869 269.917260 291.540645 284.916682 279.586339 278.555070 280.714569 266.265782 244.980568 249.313092
469.717150 469.364990 449.617013 448.703658 490.630068 478.374966 460.845663 464.918505 460.791819 449.707817 455.049621 447.591721 448.887025 425.014697 418.695530 403.445940 391.813616 383.583391 375.820114 367.837231 358.070031 350.138037 351.257985 350.686301 349.916904 351.052813 346.618366 356.268592 402.167843 447.979380 462.460623 416.192356 328.713130 374.952993 472.875719 526.566667 490.227312 407.598095 444.439447 419.353782 402.782102 426.661167 370.082790 319.606595 325.793617 327.370620 313.531667 270.944131 286.413848 288.637857 285.106112 290.013806 288.777759 276.440845 272.142366 240.982979 244.661234
437.332317 436.924972 472.198766 487.181170 470.163659 459.732154 462.410862 463.016892 459.241695 453.075824 447.229611 443.253043 434.624560 422.676531 417.536029 401.757979 388.774516 382.779847 375.148141 366.601600 360.874002 354.163954 357.398815 360.175542 358.555252 360.730645 360.767105 367.229116 400.662485 416.171584 411.515748 382.072618 381.263247 422.640437 493.516355 558.519746 423.056957 436.111228 435.493165 363.057686 321.030175 387.207620 418.162909 339.364124 335.401615 308.320804 271.047305 282.482256 294.399978 277.299430 285.914233 285.375416 294.149814 285.506197 254.728343 246.090523 268.690918
514.071333 517.603015 492.661655 462.645213 456.006786 465.111685 468.202513 460.502903 455.292654 448.540087 439.081964 433.516806 425.076616 423.413505 418.334497 398.539926 385.195539 381.271191 375.874042 368.481965 361.406096 362.153258 361.225335 367.070456 366.748432 367.649428 372.655789 378.394787 408.550921 424.383292 477.044500 515.498567 471.940338 442.053818 466.566346 552.138528 418.440156 484.109583 417.210955 406.851753 357.477680 371.012949 345.667866 337.249892 311.306128 280.365519 267.214258 298.088023 294.072750 275.688999 261.993126 252.001120 266.921053 269.872913 261.335188 304.807231 304.510657
404.702560 421.082739 466.086783 467.207011 462.281399 463.663111 463.823537 455.264290 454.786918 450.535374 437.179179 428.208707 420.067592 418.045564 412.925826 391.907995 384.757737 383.533576 376.414725 375.845569 363.916009 366.284345 365.281017 370.850835 378.630033 378.073747 373.369804 379.288409 392.458425 379.781800 418.992990 414.664680 411.063127 413.189757 449.107275 545.961982 480.818305 453.314618 467.128998 519.583450 403.434016 325.158721 307.935934 340.520652 309.295818 288.525049 294.037456 305.895395 287.688185 256.728803 255.865834 277.881672 284.656255 292.363967 302.163111 342.207646 327.124729
360.067278 359.002511 384.906546 410.432028 440.206856 454.789107 446.159550 435.661942 444.465750 451.368812 438.313344 425.718474 413.818953 414.794536 406.488492 389.857836 386.619162 382.403830 381.700132 381.082182 374.186157 368.703549 368.534424 372.408354 379.807384 380.490498 384.906869 380.019425 379.356600 352.701746 372.272228 424.848794 400.943166 410.041217 426.849529 466.136599 523.853282 518.802497 553.578671 454.760789 379.250132 341.398847 310.446656 341.783984 314.037138 294.429428 309.042391 313.573617 305.194360 296.227200 308.329550 325.794827 333.823354 334.560238 333.178729 347.840980 336.786587
359.148885 353.759671 360.811573 365.625165 372.818482 382.664874 390.888154 409.066150 424.878397 440.092776 435.026791 415.960133 411.608098 410.971181 402.456514 388.824804 386.693651 382.514890 380.710879 374.477382 370.168100 369.057100 372.268103 377.558149 386.937216 393.113112 401.266342 407.611040 404.254163 384.252584 393.846492 430.139769 440.977326 430.048935 434.315717 430.222232 433.993655 449.000088 430.472952 401.279011 366.605903 319.928752 347.645433 342.156960 303.503498 281.137899 314.725147 325.085752 319.169082 327.143834 335.536007 342.216672 350.584653 347.543958 348.342997 343.363098 349.621960
375.669860 369.788201 367.299624 347.486561 350.262453 357.171264 370.366349 383.265711 397.459335 409.694049 421.716955 412.449687 402.945635 405.243513 394.042194 387.071745 386.315129 381.812283 378.845094 375.373731 369.948792 369.411104 374.075766 386.079194 391.596948 400.044192 414.181013 418.431629 400.839843 376.673277 415.153440 468.848258 455.665746 449.338445 475.537493 487.120597 481.244375 495.628624 424.717245 394.982267 377.372618 366.368194 391.852566 353.399077 296.051047 265.970744 314.289633 324.350898 319.901583 333.184341 341.902109 348.657383 352.920353 354.172169 361.975648 351.656866 360.782197
386.757048 391.444573 380.430824 354.299256 345.320606 350.053751 366.265186 370.544725 373.549067 376.608959 395.947552 396.969633 402.126250 395.668665 385.546450 380.246769 382.404247 380.012458 376.766980 380.776860 376.503238 373.152866 379.196919 389.507232 395.605772 396.961232 403.774522 422.010725 423.916472 394.553252 381.184558 422.420762 438.670906 459.881782 470.503659 453.100438 475.694757 498.241475 441.027359 437.856075 432.474792 413.957773 402.489464 374.351093 304.770762 270.318117 306.506899 328.264842 328.167268 341.042283 348.474572 353.025232 359.649770 366.659666 366.284777 358.079218 341.139879
388.247502 389.128290 374.723987 363.307312 366.453911 363.593659 364.486152 366.754899 366.126741 361.047579 365.323339 383.570996 398.492453 395.479362 380.558114 378.083480 378.534171 379.243503 384.352160 383.879063 381.524184 375.365398 382.161330 396.545777 397.829347 401.965386 396.956101 417.353042 425.285368 410.585150 403.755124 403.194307 383.080439 406.959405 483.675502 483.804541 486.144652 429.008332 409.167679 376.725821 371.528076 391.538280 410.428558 394.684097 318.413079 299.246656 314.921908 328.393877 330.205370 347.014496 352.420186 356.684582 363.198716 366.033385 368.305611 362.740549 344.442852
387.017540 377.433799 347.404254 355.936008 361.917988 366.327262 367.011433 367.217682 367.881767 358.265301 356.647800 365.247530 381.170700 379.803062 376.295118 381.159631 378.855529 377.502291 380.988739 386.594376 384.122339 380.519458 395.328852 402.466819 395.271995 410.290340 445.039368 417.168543 411.952080 419.466754 429.642063 416.581425 389.647181 381.738732 446.636524 457.990595 540.201756 484.452531 471.471420 457.972700 426.568802 392.075992 390.188053 379.180107 329.871198 311.470326 306.320791 328.337867 331.252612 348.290413 356.141784 356.962007 361.468491 373.161710 365.541765 356.391374 357.498852
376.972318 367.940799 335.061595 342.606290 339.114687 348.907984 359.017839 364.687247 364.744827 355.146640 351.072184 351.177296 358.115212 363.959605 371.152460 372.536612 382.016115 386.840531 393.736105 393.687029 388.023138 390.151163 394.042170 392.790056 385.288211 372.930433 421.772082 444.629703 447.881931 442.965944 435.960979 419.165777 409.993017 402.268589 448.738126 399.364283 458.914862 524.104764 504.229804 467.076984 422.048210 384.169064 378.899149 382.212336 338.112871 308.449421 294.740891 308.470858 334.985061 344.988587 354.779477 361.037976 364.940091 382.840732 371.293808 343.459047 353.729410
390.104331 383.350626 350.751578 347.181622 350.612054 348.805323 364.419811 366.289057 359.444938 344.247429 347.329538 345.889907 355.253051 357.103702 360.965965 375.268320 393.500301 397.674266 399.422123 398.299224 394.295572 391.912688 394.280273 391.798637 383.838862 386.882201 407.744953 417.998281 429.245054 435.531241 434.939901 428.789645 419.229020 431.912325 444.243423 406.931893 400.799222 509.336661 473.216759 433.205175 422.112165 382.306607 382.412320 410.124594 362.007832 334.659474 319.267175 313.634966 341.722271 341.932233 350.861886 361.958618 372.361865 378.251873 363.349556 321.110076 340.242206
460.260523 444.412050 422.489615 401.808988 371.070250 366.305460 376.270297 377.722815 369.052290 335.994839 339.425080 340.754299 345.375832 340.625582 356.148715 382.067305 389.058648 392.932017 395.267450 401.507653 400.064625 387.291721 380.506378 389.978846 385.539982 399.515581 412.521600 415.084703 417.647687 421.711910 417.813520 420.207915 407.646177 415.583853 443.976803 445.460239 388.141456 448.091067 532.205097 451.631582 438.882080 389.642774 402.035307 430.921604 378.530472 366.464637 355.211029 328.533232 343.429565 354.226359 357.393792 367.164064 372.234889 371.903190 354.762019 282.958071 311.613731
435.698006 415.722388 404.822242 395.214647 371.906849 375.325351 376.122406 379.188326 367.274013 337.821358 331.965077 335.555407 330.873781 329.971524 360.296326 383.566205 383.366979 386.944034 387.917391 398.506317 397.876260 400.540377 376.816003 379.392668 392.022992 397.040793 406.289727 409.557814 411.237406 414.301930 414.063101 427.253030 414.981512 404.957366 452.076285 468.234963 406.436737 369.751738 497.416127 426.205273 361.927790 386.308731 431.370259 439.413717 392.307604 382.067886 376.092534 329.001331 342.819226 359.859439 363.055406 370.729473 372.358496 373.237769 336.692755 267.864950 317.130442
425.789380 407.896319 397.109009 390.388436 383.939997 378.030102 371.396180 370.475456 360.004847 336.535047 329.925273 330.353295 322.686507 318.131236 346.965884 377.285757 393.036587 413.521247 411.174191 402.366062 400.824387 419.696358 405.275709 371.007381 385.243576 391.325081 396.253040 406.357880 410.023717 404.886637 414.658046 429.623816 427.166077 400.497125 378.300384 395.078402 403.136670 374.110848 411.670671 490.951091 332.602843 401.253115 446.879762 442.932322 401.818657 384.553587 393.230296 343.542494 331.008540 362.324994 365.013201 368.633066 371.625551 364.833317 309.449265 286.240422 334.062992
425.313827 401.993782 400.317511 392.463113 383.849337 379.976257 372.899168 364.643514 350.369910 328.880085 321.540724 325.929997 320.747271 315.890818 339.003208 364.634261 384.291471 414.288355 437.050905 419.523007 419.727567 433.558446 429.026622 406.481508 400.410857 397.108740 404.372436 411.300267 414.326590 414.700951 419.275669 427.772621 431.021472 433.709836 420.739004 411.248068 433.619270 424.382874 396.839662 494.218200 337.655237 407.094787 447.890484 442.545869 416.554634 383.141410 389.753884 343.519977 323.498066 360.326427 360.373292 367.274047 368.999891 357.398687 285.714651 295.300038 334.885368
372.497932 404.503961 394.101940 379.334785 373.558351 378.257998 367.977158 353.734855 336.891244 316.128848 313.120066 320.310010 309.609857 311.268092 338.053974 362.094958 378.908544 396.800444 432.368859 423.931455 427.153260 435.525823 428.920026 415.311650 411.734722 412.389574 415.187020 421.438079 424.507357 419.496992 424.947030 428.291772 429.895753 433.604366 427.535273 394.469973 432.279172 439.297580 430.586684 470.249757 350.681538 430.704584 449.712105 445.211392 430.597904 396.931373 386.506573 349.054732 311.546823 353.292116 357.519814 364.341223 359.691535 350.861995 301.991235 286.907045 336.383088
347.180761 356.418587 372.507294 365.955960 370.411310 374.276682 360.459564 341.682629 321.410346 301.257144 310.936602 314.391231 303.167100 312.091126 340.169885 353.624046 377.425645 400.738988 432.371229 440.570537 434.142166 429.642577 426.684877 420.496382 413.818773 414.865930 414.468768 424.591398 424.797945 422.389190 424.948627 427.767685 428.939180 432.581706 433.084436 406.176707 426.005674 435.584900 469.606814 435.873741 376.257625 440.805249 450.635925 445.578845 439.717934 424.114920 398.555699 344.795712 331.814460 368.947253 375.707212 375.176315 365.685279 359.129756 334.281266 295.113881 297.772129
354.410854 354.141759 355.067317 358.471063 364.255123 365.196806 352.551128 332.933062 308.919842 292.786133 305.203561 306.329553 292.504524 307.383651 338.920587 349.724072 379.166353 409.832086 416.380786 413.937081 417.225744 417.833218 417.894819 422.007119 415.305918 410.444256 411.476706 420.450368 420.008968 423.409392 431.655420 431.521962 428.811933 432.609753 435.169555 422.153154 399.401102 387.879484 447.070867 447.355715 398.106844 442.227172 446.057907 445.877361 446.298879 445.344234 408.072829 328.776495 356.359219 385.581732 387.870719 386.678421 383.599477 380.079853 360.839883 317.383738 289.728798
354.738197 355.444656 351.613239 354.167671 352.464501 350.011602 342.013507 326.298056 301.668104 288.930373 297.729688 296.722454 282.468724 299.261012 335.407630 350.163078 380.215746 395.721020 403.041278 404.823176 403.497543 409.696912 406.905150 413.437087 417.203691 409.969440 411.965708 416.013664 416.472413 423.304174 420.601354 420.846507 425.744305 424.766195 430.134169 434.219763 429.262270 398.387558 391.584375 469.561116 424.715547 440.624603 446.910568 446.304482 444.490311 444.639581 400.326967 325.295263 368.363352 390.786511 391.902802 389.281779 388.742334 387.915322 363.839102 304.499779 304.887796
