tests/3D/PSQL_test/output-maps-SE27XX/snowdepthN0038.asc
ncols         295
nrows         180
xllcorner     627200.000000
yllcorner     5109000.000000
cellsize      200.000000
NODATA_value  -9999.0
[rows 0 to 25 of 180, columns 57 to 113 of 295]
-9999.0 -9999.0 -9999.0 -9999.0 -9999.0 -9999.0 -9999.0 -9999.0 -9999.0 -9999.0 -9999.0 -9999.0 -9999.0 -9999.0 -9999.0 -9999.0 -9999.0 -9999.0 -9999.0 -9999.0 -9999.0 -9999.0 -9999.0 -9999.0 -9999.0 -9999.0 -9999.0 -9999.0 -9999.0 -9999.0 -9999.0 -9999.0 -9999.0 -9999.0 -9999.0 -9999.0 -9999.0 -9999.0 -9999.0 -9999.0 -9999.0 -9999.0 -9999.0 -9999.0 -9999.0 -9999.0 -9999.0 -9999.0 -9999.0 -9999.0 -9999.0 -9999.0 -9999.0 -9999.0 -9999.0 -9999.0 -9999.0
192.710054 186.756362 178.158886 175.230105 175.101453 172.217535 171.596013 166.595133 165.137821 168.593421 168.892594 163.967243 157.823408 155.067746 162.785379 157.506119 158.658944 158.506778 158.298426 147.722631 145.439907 145.073419 144.657511 144.677626 145.071223 135.315605 131.667452 127.936077 126.666981 121.822461 116.035811 111.437922 116.099347 119.090321 116.538961 114.420917 111.270068 113.403075 117.013569 114.741965 115.339045 116.230644 121.044306 123.383432 123.544549 134.130674 131.747363 130.011426 129.684420 130.128375 131.085714 132.023753 134.577791 139.415131 143.772212 150.948007 148.725663
191.965661 187.806237 179.226632 171.302291 170.466279 165.260920 160.434671 159.569395 169.752440 168.481792 165.034229 165.204472 165.537683 163.312903 168.122167 164.040021 161.720010 158.800116 164.042416 152.391187 147.112848 146.069287 143.427655 145.110367 138.433071 130.995594 126.098045 121.223632 120.375445 120.350737 114.819023 112.933552 110.364329 116.941949 113.565525 111.988013 107.679570 108.362005 109.614382 108.336090 111.480284 116.130808 118.097314 121.632522 118.896485 122.592969 129.667697 123.453449 123.120519 127.936312 126.319032 126.445093 130.358861 133.023226 140.531094 147.804925 148.788458
191.495378 186.536572 184.479512 180.235884 158.564537 154.795967 152.140408 147.092079 156.528240 155.254153 154.007594 154.416553 151.185564 149.198670 154.663406 154.661457 153.199602 148.540722 155.000017 159.708968 153.999028 154.330128 154.203331 143.075073 128.918837 123.732239 118.940692 114.498404 115.366479 118.372705 113.951276 110.592003 107.787635 104.946281 100.025318 100.136368 96.381776 99.383060 101.523793 102.746639 104.119198 109.927467 112.873642 119.297487 114.297865 113.393352 118.769760 117.800627 118.097410 126.356516 120.927128 123.067323 123.560506 131.371339 132.839154 131.620055 133.995336
179.148124 174.998233 169.665756 159.918845 145.502499 143.273833 148.486585 144.184571 153.095920 152.962771 151.905034 151.723574 151.343721 147.647921 152.234308 150.826692 149.774272 146.695649 145.584687 149.293125 148.164986 150.442287 146.452167 129.164347 122.517768 124.263308 122.338340 117.077641 114.972718 112.123082 110.105033 108.042626 107.004941 101.075108 95.814827 93.768388 91.186969 89.078442 91.302589 95.742458 95.573054 100.152258 101.130129 106.435820 103.605023 103.759484 109.163383 113.222450 113.731957 118.111969 118.592227 117.816812 114.214634 121.774172 121.118093 128.573881 132.673660
175.702307 176.512046 173.225680 160.616926 145.446698 142.659923 146.566120 144.001165 154.164063 153.277735 152.224594 150.712078 148.277620 147.703589 153.036125 151.522471 149.715867 145.339399 141.578965 145.449918 144.573664 142.486997 144.502393 133.382804 129.001033 127.402452 123.330861 115.285210 111.936182 113.961396 111.829931 109.135949 109.400388 108.837597 107.992586 106.064888 103.174857 102.271231 95.715456 93.890145 94.927938 97.698575 95.255293 98.053935 98.163424 100.213194 102.451513 109.540063 111.374293 114.333917 115.807885 112.561876 108.585983 111.288517 116.925037 125.399445 136.091447
170.510523 167.280301 165.503479 157.711179 143.597466 143.694719 144.187595 139.208078 149.846861 148.271503 147.662840 148.497187 148.639358 147.271530 151.923567 147.702898 142.516659 139.744149 138.070706 138.970539 139.985155 140.230913 145.012841 139.445593 132.999158 124.912208 119.576115 116.941670 114.498737 113.340005 112.640342 110.983492 109.245815 108.245360 107.079025 103.455951 100.874698 100.817192 100.265151 101.827934 97.835931 94.685300 94.211633 93.108311 93.649316 94.177099 94.242120 99.703887 104.117017 106.125651 110.450407 106.572455 108.645713 111.873083 121.121362 125.143462 131.931449
168.535831 163.569849 159.522516 155.446825 140.957712 141.322631 143.956076 135.649645 145.426128 144.000394 143.496755 144.275156 143.108027 144.451267 152.560262 144.697765 141.730084 139.103937 133.679613 132.053556 138.311293 140.397640 144.703662 135.059074 125.650001 122.934335 122.036694 120.580389 118.334093 114.769874 112.873997 111.576097 109.806834 108.236924 107.449911 104.885203 103.160612 103.588493 102.461161 99.979254 98.126547 98.475298 98.808793 94.632840 93.212901 88.536963 85.091208 87.242074 89.176165 88.612325 96.191950 100.033343 96.856550 109.367884 117.886895 116.144025 119.040394
167.971295 164.775920 159.353770 154.466690 145.754801 141.333599 144.573611 135.706538 143.553526 139.978968 140.240931 139.674927 139.994996 144.817008 148.066420 141.608915 138.161812 135.704577 134.661060 137.364267 140.096711 138.822999 143.788851 132.591960 127.437050 124.629879 125.160564 122.698230 120.731261 118.367129 116.696133 114.488449 112.095920 110.081738 109.822066 109.444438 110.380880 109.115249 106.295397 102.312779 98.459369 97.005353 94.720916 95.282746 97.922457 94.598649 75.645623 73.828088 74.157031 75.394322 80.817858 84.764151 86.683119 102.722730 108.016453 112.127981 120.244941
163.906056 159.963806 156.207586 152.900507 150.018780 141.526147 144.793951 137.678575 144.220736 137.829715 136.390604 135.301931 140.066352 141.566053 134.080916 132.080688 135.091839 137.591595 134.006212 133.279097 132.102225 140.397604 148.676362 133.632703 127.296481 125.865004 126.252830 122.486022 119.418732 119.053629 117.089373 114.935923 111.263328 111.849106 114.068177 114.383430 111.472161 109.931394 110.326914 109.674790 106.856319 104.816211 104.410366 108.037714 109.172406 96.984180 83.845777 74.429834 71.823614 73.666645 72.584084 73.669560 74.787535 87.943657 100.183639 112.414807 123.562817
153.441972 155.143555 152.130664 149.488309 150.245176 142.717426 143.248046 137.631409 139.119532 134.728430 131.592743 131.600735 138.573331 128.364187 121.708674 126.362843 133.742161 133.541977 125.904809 125.692284 133.782378 154.045234 138.536004 134.039136 132.619205 126.290679 119.054228 114.632049 112.714199 114.219367 114.468730 113.793448 110.991375 115.277163 120.682319 120.106924 119.290229 115.314004 116.875857 117.058768 116.315321 114.478643 111.753257 106.041421 99.363623 91.194453 83.828407 84.898458 84.425054 79.158809 71.239739 66.839345 70.995198 71.785039 77.970830 105.962099 123.346238
153.429063 151.501176 150.211663 148.899227 147.726636 144.145905 141.519417 137.172263 133.092470 128.653765 126.216608 127.043040 129.321995 121.704677 123.516365 128.592886 129.473976 125.123317 130.122413 139.658622 152.166755 152.314550 141.808407 140.438666 133.333847 130.032660 126.750765 116.953494 113.794373 113.123911 112.649590 115.415540 126.642021 131.345105 127.999409 121.125246 113.648297 114.507852 117.791061 116.883320 110.383240 102.363249 98.994828 94.971899 94.029602 94.180641 98.365195 98.885912 100.667106 95.854216 89.601792 71.705808 59.197190 68.880735 70.145131 91.114780 110.825294
150.923898 147.676727 147.085203 145.681892 144.813828 143.491062 141.126875 134.169271 130.533573 123.900110 121.262990 122.952875 121.853248 118.979395 123.271718 123.971160 125.139904 129.791006 133.048656 132.297661 138.456034 140.312262 144.371086 148.296522 147.616402 146.397172 144.831794 139.458274 127.551066 119.908839 119.582700 129.322581 128.608236 124.488297 119.464835 116.383719 116.984360 120.049667 119.857242 117.753729 108.608586 105.582945 102.492490 98.077537 97.901051 100.831810 102.600624 106.433177 108.074858 105.315191 100.591157 85.489143 66.685198 58.947856 62.265409 74.280652 95.691023
144.799661 145.233442 142.543862 141.964283 142.671669 141.397726 139.463303 129.215545 126.094466 121.041125 113.323130 121.767505 115.436384 119.348454 115.329628 120.507467 134.323753 134.118104 124.232202 125.707854 129.754513 133.536214 138.071127 138.804165 138.605274 141.167331 143.764215 142.591946 145.202285 144.130933 140.622000 131.322621 124.655864 122.038618 120.087453 121.968086 120.787925 119.876903 120.796883 113.725164 111.570486 110.960143 104.156320 102.712715 105.379621 105.061500 103.085855 109.898201 114.404637 114.234071 111.308223 100.985452 88.849509 69.897007 56.925591 59.351080 72.601567
144.614982 142.627465 140.145083 138.308699 139.447375 135.876942 137.095740 132.723198 124.017248 116.344677 113.450852 122.267587 118.064269 114.594847 114.434807 122.412389 123.911634 120.962117 119.186109 126.486686 132.329565 132.988217 134.330271 134.096092 133.171989 132.509360 135.719682 132.527719 129.992229 134.790389 147.089360 129.255136 125.672129 119.345602 123.777202 125.054446 122.152103 123.421116 112.166107 112.445147 117.082843 111.836064 110.596093 112.340345 113.799029 108.215733 109.470078 124.911865 130.524899 128.542032 116.236158 110.054402 109.539580 97.645046 67.210964 51.900053 61.689711
138.896897 136.679391 137.913318 136.882839 136.547982 129.451113 128.625721 126.044207 119.711455 104.704682 110.706829 118.408533 112.899067 111.887733 115.322353 114.149991 113.579826 116.339383 119.334188 126.968606 129.136003 130.434066 131.586298 128.661575 127.170306 128.264695 130.016656 127.163268 127.195858 125.765813 143.125735 133.167535 124.458899 124.661397 127.329354 124.970070 125.309996 124.987941 110.347143 116.127383 115.021218 117.240910 117.542600 118.167888 117.485220 107.525219 115.456593 133.111296 129.940703 121.950874 112.399925 111.363941 103.589351 87.365863 69.377386 55.257231 49.972665
130.543487 129.374479 131.981412 130.789132 126.976189 122.979828 117.761080 113.417027 108.383226 97.856397 100.391779 96.032266 107.176148 113.129239 114.947471 109.689824 109.133856 109.382201 119.077248 123.580780 121.672921 121.180668 120.146777 120.431833 121.505247 123.979335 123.808297 123.729809 124.590911 125.834109 137.190570 142.527593 127.861204 127.487676 128.052976 128.411639 138.834456 122.792349 119.685228 122.501925 120.162657 124.135307 119.708024 122.268989 117.809826 111.169114 128.541044 138.585156 130.167427 119.521389 112.134056 110.400108 111.065834 106.028909 84.158758 61.161943 45.672673
124.075889 123.747614 125.260765 120.589709 115.296045 109.435868 102.377771 97.588155 97.589328 91.967692 92.390734 85.579553 94.187953 108.821340 109.211121 110.717902 110.550735 108.645580 120.011731 120.919501 121.616139 120.250734 116.527015 117.448614 119.498622 123.564582 122.994292 123.771172 125.297334 123.762143 127.592702 144.952491 136.837024 128.885106 133.689450 139.012567 132.984573 128.446122 128.055597 128.132537 128.815296 132.191956 122.557586 126.460623 122.729459 126.809669 146.780257 146.639214 134.585937 126.117454 122.528914 120.031966 121.335937 115.680783 93.878846 71.105897 56.651512
115.001836 112.936981 116.027871 109.399241 103.310265 96.454242 91.464293 85.240563 85.986066 86.819417 82.157061 74.566006 85.067347 93.388926 96.956636 106.139244 105.246254 111.977808 120.110197 115.088378 119.192507 118.704366 113.501730 113.204382 118.184380 121.762876 121.195268 122.374526 124.971634 124.057547 123.350639 135.415963 147.796574 132.493808 144.018421 137.992661 136.203201 132.257928 129.436783 130.722169 133.738019 136.863441 130.172561 132.270879 130.495247 142.255226 144.571600 135.496970 127.922455 115.672119 110.496867 103.610198 104.083402 97.148835 85.643997 72.684625 61.639825
110.949450 103.606120 102.029735 98.297478 92.595343 85.010856 79.791671 70.473142 63.993901 71.743882 76.672879 68.968005 65.818392 73.135988 84.650069 81.420157 99.306353 105.492409 107.316701 104.085615 110.296255 113.409765 112.690818 108.226948 110.210188 112.683566 116.541329 118.007696 122.829885 122.168813 124.121066 133.164196 155.072330 139.109848 140.824889 136.281880 134.368370 133.283745 129.636601 132.577561 128.825776 129.368296 129.799502 133.508108 142.900799 148.898615 131.554020 118.801015 109.323754 105.351297 104.959808 107.807169 105.368385 94.557898 90.126184 83.439448 87.659610
103.679954 100.436572 93.673079 95.421038 83.523749 77.851879 79.117603 69.609941 60.791328 65.599336 62.405432 60.158440 61.922077 55.528543 63.012209 68.461774 83.493914 85.149044 92.044113 90.767543 106.362904 109.806255 111.942561 110.629749 107.571005 110.383306 111.913752 113.924175 119.549335 125.653907 132.123937 140.410509 160.093364 148.480269 139.350181 131.952470 131.081666 137.119732 130.713854 134.296580 143.779944 146.152758 142.757475 146.091980 143.050805 130.210086 118.125958 113.261536 115.487201 120.239098 118.279285 113.313622 111.975146 104.667439 107.199070 113.390569 115.317593
111.837624 115.220754 110.904118 105.606430 97.285771 90.331080 87.421322 85.582985 76.249594 59.090107 54.622169 54.391640 53.298459 50.390120 50.349813 57.099488 62.748942 67.603695 73.188520 77.994438 93.385473 92.415471 100.589288 110.709273 111.645602 117.635038 114.740797 113.542840 120.867904 128.413020 136.306297 146.388108 149.082899 158.115296 155.840763 156.688734 149.953418 159.790406 152.844486 151.638874 159.650769 138.094130 136.860042 137.252709 135.579618 131.933410 124.898461 126.444067 131.940120 128.273078 117.132434 111.642425 113.932677 116.851976 121.355227 126.155504 121.983981
129.216184 131.962489 130.418682 124.637157 121.244530 113.945340 103.706707 104.538444 99.883199 87.712798 73.807291 64.539164 46.104885 40.075952 42.282371 41.245979 45.752962 49.997588 54.177441 61.643084 72.091909 73.960241 89.194181 106.460436 113.687949 114.278017 117.072381 120.606937 125.096988 126.514490 131.294385 140.594440 144.848352 146.597739 149.534203 163.439655 156.739543 150.119236 152.423506 158.209365 156.492679 139.020368 140.901329 142.989083 143.374644 136.396401 130.726967 132.204369 130.504798 127.622277 120.686661 115.613145 118.510509 122.426221 125.883054 127.170495 125.421137
141.148114 140.861786 139.777020 137.527376 135.667885 132.543632 127.420956 124.881862 122.055495 114.897211 100.388666 84.186468 66.630194 48.932556 36.420128 35.294877 33.796247 36.611542 41.996773 49.389541 53.858219 78.057564 99.812965 110.479984 116.938907 120.458532 122.112265 126.782613 133.397198 139.155711 141.353368 144.441508 148.247576 149.334598 152.015316 158.546617 154.495595 148.896928 153.302097 152.796655 155.525471 145.938860 144.720035 148.917741 146.734204 140.151347 134.490794 137.229587 132.374368 132.909332 133.953797 129.421290 131.747953 136.588284 142.689699 145.236435 146.111444
148.645327 147.490280 147.148520 146.461040 143.168149 143.789643 141.583904 135.759922 132.520521 129.685870 120.443797 105.906802 86.059848 64.684007 50.094806 37.259490 32.913813 34.377915 39.054462 44.350879 58.554399 74.353393 101.472939 112.641701 115.347189 124.522538 132.448533 140.603737 145.215632 144.941219 144.395597 147.882878 152.796304 154.198491 156.956266 152.855572 151.981446 152.338612 151.655151 151.898869 161.045837 150.096316 151.655507 152.418061 150.232404 143.947245 138.103881 144.203355 138.742948 142.580262 148.920669 152.659418 155.006443 150.310182 147.800463 144.150463 144.104064
152.266432 156.703877 156.619751 153.495292 152.613871 152.223044 152.870295 147.630353 146.093208 144.252708 138.595737 123.838825 101.386806 80.092987 57.469765 47.492804 41.161513 29.730962 36.159594 34.342948 35.793454 54.797295 82.130811 90.729610 104.423924 118.224475 125.314789 130.830015 141.036785 149.351321 154.042614 158.511141 160.824994 154.984146 146.881762 141.598260 140.586850 143.473081 145.593127 147.991236 162.461224 157.034069 149.136007 146.107496 149.397524 147.745818 145.090491 150.069183 150.539237 163.216039 156.468788 146.515104 140.185402 131.864626 121.937447 122.959287 127.258262
