tests/3D/PSQL_test/output-maps-SE27XX/snowdepthN0046.asc
ncols         295
nrows         180
xllcorner     627200.000000
yllcorner     5109000.000000
cellsize      200.000000
NODATA_value  -9999.0
[rows 104 to 129 of 180, columns 228 to 284 of 295]
110.329027 117.592952 119.618678 119.984418 127.972019 132.111837 131.447405 138.640998 145.348666 143.686354 148.468150 159.704220 171.755300 173.060135 174.814028 172.430434 165.116406 162.260345 157.418847 158.603133 157.573831 161.980405 165.032676 168.484906 154.269733 138.940120 134.665408 130.806323 126.036059 120.463199 113.885716 114.064186 74.166542 95.588423 120.283802 136.537920 137.092458 116.010767 101.214478 124.132478 138.319967 143.330735 143.864277 142.754830 144.671882 148.918315 151.928863 159.811932 154.518120 156.811370 169.294956 172.160644 168.295956 160.269318 153.039775 153.638688 151.922233
122.425262 122.611120 120.589650 117.622865 122.923188 129.908177 131.855164 137.245287 146.154590 152.612658 155.134224 163.863615 170.343537 171.797664 172.542133 172.414103 166.912441 156.345920 152.685636 156.446431 152.077450 154.624819 159.165092 166.773301 151.906799 136.326831 129.970714 128.061755 126.931512 118.565188 83.750038 98.211491 77.821758 102.084792 124.463552 137.025614 142.712648 127.875041 118.855891 129.042465 135.965478 138.933689 143.046128 152.974051 152.431038 148.752061 152.693835 161.402532 163.764204 165.629243 171.122828 172.350599 170.452927 164.856015 160.065500 157.154214 158.361879
123.455430 125.245587 117.823600 118.134548 125.045571 133.452664 136.871441 142.913761 148.857344 157.498563 164.527858 166.865036 167.377184 169.161461 170.750495 171.491240 168.234509 152.925549 148.057926 154.808501 148.291253 145.862386 154.128486 160.769325 150.408598 137.732492 126.854976 124.638729 123.610062 107.272468 86.192112 114.323849 111.043570 119.527429 126.650789 136.024586 145.310707 132.090401 133.435935 130.254618 135.261427 136.789681 137.326752 143.710959 154.561362 159.362865 163.682153 171.674136 169.499823 170.846085 172.109398 174.400054 174.203752 167.805883 165.489420 164.708018 166.786175
122.818498 126.935087 121.355678 123.970322 138.028829 141.569848 143.111514 151.413880 155.298978 160.922409 168.622488 167.510378 165.977853 164.909300 165.113239 166.984437 166.996601 151.612061 147.718415 151.967914 151.173823 145.937774 149.889126 148.196803 141.386704 139.983979 133.255427 119.818750 116.087140 99.248421 106.707022 128.397489 130.569546 132.740248 137.543296 144.209226 149.301823 136.828245 136.189133 140.238501 139.185809 138.236915 136.313585 139.308661 147.900380 158.105659 166.957825 172.371104 174.055840 172.275532 173.699304 171.977380 174.757826 174.250541 172.583085 173.195817 174.277035
123.162688 126.641930 124.248462 130.196019 147.931745 150.025258 149.004565 156.611694 161.754065 166.463023 170.131045 168.536925 165.030010 159.797117 156.521896 156.167036 161.870039 149.852469 145.823515 146.041158 151.290828 147.219000 146.335141 134.187505 131.868725 134.425514 133.369445 119.969315 111.915265 94.375014 110.247137 126.489886 130.779555 135.120907 143.825352 148.856333 153.082134 140.026607 137.914548 141.076192 144.153827 141.205816 137.014583 137.035599 144.582852 153.195052 160.281050 169.242689 175.026177 174.667464 174.170308 171.352775 173.881045 180.667206 177.495329 178.619067 179.160310
123.272347 128.055381 131.829292 140.228856 152.239860 154.616786 152.141898 160.035205 167.682927 169.998141 170.154124 167.443106 163.724186 159.283771 151.588663 142.268923 143.921026 145.044453 140.717712 142.946680 147.089594 150.649934 145.561129 131.685251 127.113038 127.458645 128.237998 118.321672 105.298926 94.931100 112.984769 126.077914 130.601281 134.980705 143.994826 149.530059 156.240960 147.769735 139.744434 140.233629 144.839080 144.707231 138.336149 139.214293 140.333635 146.574464 157.215127 166.888849 171.382848 173.799815 176.920167 173.391721 177.506090 183.200069 180.990476 181.248631 182.642489
124.680525 135.094308 141.710334 149.795632 156.459412 157.149540 157.460323 163.792166 168.484113 169.636329 169.825572 168.822518 161.504920 157.027904 154.463169 147.620723 136.622695 138.577351 137.244875 140.124823 143.291422 148.776349 143.977867 135.270924 129.647082 126.757640 122.688655 117.520189 99.347310 96.704193 116.607353 125.890206 130.664869 134.965166 142.408853 149.539189 154.540724 156.671892 145.795662 143.775988 143.795672 148.456472 144.105135 145.748890 140.831832 143.461842 154.619404 164.846293 162.968960 164.357821 169.306805 174.680869 176.850025 182.715554 184.101702 183.674314 184.145198
127.629749 137.213680 147.603492 156.275387 159.230478 158.877130 159.279175 163.464411 166.902890 168.247618 169.148465 168.808455 163.466782 154.070248 148.116350 148.088673 148.083641 141.002031 137.394035 139.540253 136.975510 141.622537 139.628009 131.939059 129.700014 125.733702 117.973525 115.583505 97.023890 99.454958 116.581466 128.440338 131.440859 132.462056 136.962897 143.953667 150.372556 160.985706 151.310008 145.676883 144.558650 147.820852 148.114306 148.617559 146.322675 142.401832 151.450344 158.485622 156.609910 158.739174 164.606567 174.696912 180.151774 183.357339 185.279455 185.682474 185.541903
129.117128 142.152429 153.802829 158.850435 161.934279 161.317455 161.620237 161.225141 163.359136 163.528346 165.809113 168.916142 167.083765 156.396628 148.192156 144.472452 143.210953 141.828234 137.520770 137.374381 134.148910 139.350479 136.351331 129.272722 122.893738 121.302732 119.093584 97.877555 114.023229 124.698733 124.373282 129.131742 132.329577 137.215724 137.581174 139.539008 141.971506 160.725394 157.512072 147.552066 146.184405 147.295807 150.532243 149.966566 149.177667 145.654200 148.378853 151.165433 155.460001 155.323509 161.099970 175.028324 183.434093 185.462435 187.119226 186.684948 184.714676
136.930620 150.032845 158.750245 160.348469 163.597361 164.309498 157.279721 153.104552 155.532069 157.464840 160.720361 165.372543 165.521389 160.267587 154.276031 144.337884 142.544019 136.648460 132.584341 134.871294 134.743248 135.770488 135.758023 130.088830 118.145925 107.299765 102.011057 117.228584 122.362429 125.659890 127.247425 133.604436 138.442801 138.837630 142.102274 146.197771 141.625204 152.828557 166.994825 154.703523 148.071559 149.326057 151.157761 152.882097 155.675660 155.437888 153.309720 153.105854 144.972397 152.879186 161.980022 177.392396 186.307099 186.896163 187.588864 188.260932 182.403679
144.054589 155.288860 159.862041 162.488250 165.795884 161.462909 156.712937 148.779410 145.492722 149.593361 151.457337 152.902112 155.942290 155.711338 155.690222 144.619685 142.504736 134.273874 128.271009 133.908869 132.491361 129.197152 134.421138 130.543279 114.289155 99.462118 118.157905 123.516074 129.058205 130.591176 129.646449 131.968647 141.829961 145.681045 146.337916 146.554666 150.838994 152.241814 165.069155 161.057556 149.582585 152.608572 150.932739 149.616215 151.263984 156.307643 156.719578 151.269699 142.994534 148.425205 163.621641 176.685998 188.654589 188.344783 188.364312 189.171028 182.507414
151.829543 158.787938 161.760368 165.427145 166.366238 158.199326 154.835855 151.229660 140.913983 141.894569 142.670496 139.943958 141.860674 144.780837 152.617575 146.718577 141.149637 135.230676 130.292173 131.284285 132.977502 126.954891 127.701015 128.387194 115.916457 111.118054 107.242485 119.555554 133.398859 136.571702 135.646589 136.717107 135.359087 141.884706 149.602276 152.437761 157.935753 160.940805 161.732629 164.372057 152.348668 153.241840 148.699983 148.000854 146.361630 151.316418 157.276666 153.910570 140.879694 147.201191 158.594985 165.294222 182.380314 189.711682 189.661476 188.935464 185.115940
161.707963 162.658745 165.850635 166.517992 164.340375 155.358740 151.896132 151.168585 145.974295 140.313759 141.179833 137.388611 138.432242 140.483383 146.604802 143.183333 137.316473 137.323175 134.770939 132.201667 125.460623 123.110322 122.794748 121.190064 113.765583 97.854306 110.839113 118.798340 133.284727 139.734653 140.203241 140.963909 139.891269 141.207204 146.364629 151.820190 164.952730 163.269718 162.569619 167.463844 156.626730 155.271951 152.075321 155.244294 155.505393 152.693068 155.365109 158.111939 146.779374 148.668576 153.426916 157.269083 170.118036 187.767243 190.815301 189.672965 187.251766
164.794034 165.514137 163.900889 161.384926 160.621267 154.319819 149.644747 145.598045 147.281033 141.200386 138.640014 135.228387 136.770485 139.377678 141.532067 135.663264 130.655039 134.301670 135.129805 131.592877 122.488222 121.544102 121.536476 119.948353 106.530362 101.627685 112.576684 119.180586 129.038721 133.706055 134.681415 138.834228 146.016566 144.996231 144.355074 146.117327 159.508389 166.128955 163.041585 166.410612 163.605749 158.099168 155.210861 160.879396 163.240284 158.104252 155.487856 161.298736 153.975080 157.854257 159.076862 159.383358 166.898263 185.518295 191.755389 191.126478 189.600295
165.241411 163.990585 160.514573 155.499048 155.187909 156.626010 149.665104 142.967322 145.550118 142.330892 137.985019 135.829699 135.145430 136.976173 138.208963 128.470499 127.896890 130.810617 132.640884 132.271231 127.600254 124.799688 120.461404 102.856992 97.742719 101.444140 109.020815 115.793855 121.535639 127.192965 130.348547 135.116097 143.427957 145.957650 145.509255 145.605119 155.647925 164.272537 165.061736 165.227972 168.247390 162.724688 159.752411 166.622294 167.978177 158.369108 154.996487 162.196364 156.032923 158.642416 162.847130 160.947297 166.902858 183.720094 191.705270 191.426345 188.951047
164.773701 159.002711 154.268439 151.216193 149.658549 153.950224 151.051386 144.710338 142.600201 140.464451 137.931001 137.015203 136.160311 137.647703 138.932775 128.277412 128.530779 131.498259 131.003400 129.360411 127.013628 123.971487 114.245606 97.467579 101.743398 118.236346 110.109294 117.653870 118.588119 122.297672 126.038052 135.742257 142.761164 145.831066 146.271036 146.068512 152.546945 160.849903 166.080313 165.654211 170.689398 168.865472 166.237779 174.344926 172.618567 159.730256 156.852506 164.416359 154.833707 157.113088 167.494636 164.351238 168.208729 185.106170 193.802797 190.008485 189.535432
160.418856 151.413243 149.825478 146.792287 145.280447 146.570174 153.649685 146.850053 139.112459 137.276156 135.076958 133.312957 132.363791 138.030907 135.056777 127.138392 128.718371 129.973023 126.992909 123.868708 121.414594 113.623732 101.536692 100.050561 111.883851 122.189882 119.146016 114.517208 120.086506 118.455405 124.012481 136.341544 144.286089 145.971127 145.946031 145.565551 148.927710 157.841490 163.105687 167.839350 168.886632 167.711361 171.930281 178.511626 175.489807 160.725679 157.067017 164.675770 159.943524 158.127020 167.963769 173.065593 174.526396 188.078224 194.409843 191.037737 190.858166
158.051788 148.126498 146.510515 142.539091 142.278195 141.007224 149.399585 149.381401 139.631279 133.122853 133.174064 129.479706 125.464908 130.356336 129.230443 125.251090 123.981010 121.110123 119.744060 116.918622 114.025682 111.309313 85.373966 108.523477 113.712347 126.242696 123.246302 117.929680 122.811626 117.269891 123.783604 132.570000 138.849795 142.445727 142.857188 141.496303 141.506296 154.206320 161.528185 168.687722 169.778023 169.724517 170.657166 176.557061 179.450682 164.215659 155.947572 163.023199 165.650756 156.929465 161.673994 168.883264 177.990523 185.312098 194.731091 192.999312 192.987897
156.651427 143.572764 138.770596 136.028429 133.965016 132.754303 138.778160 149.700155 142.658584 133.482099 128.842518 128.412128 121.246761 121.416151 124.216822 125.124335 118.649959 111.552554 110.556719 109.740283 101.140537 90.405995 84.270812 109.220725 116.379620 131.266004 130.604072 116.273853 125.328457 118.011057 123.628032 127.751648 129.331438 133.317228 137.779310 137.370096 139.515904 150.837146 161.985760 170.268276 170.557874 171.038072 173.703499 176.112470 179.109353 171.643107 161.851832 161.014912 169.852897 161.923918 162.116131 166.757753 175.627811 180.476913 193.568827 195.975649 194.755426
152.954150 144.951256 133.626180 134.508810 132.148496 125.508888 129.609623 141.628315 140.278324 135.863061 129.256660 127.844699 125.065316 114.993763 115.946260 119.214994 116.125187 100.227788 85.659564 84.728052 98.510383 90.900655 112.155263 116.122407 119.689475 133.770228 133.919367 117.640850 121.984441 126.939026 127.020551 133.509409 132.887353 130.029663 136.874466 135.466993 134.938810 147.409213 159.902552 170.740903 172.084083 170.179168 174.359346 176.102289 179.032520 178.346923 169.576256 161.646925 169.971667 169.721683 162.817006 161.979164 170.530943 174.312786 186.086634 197.196200 197.262338
148.843718 145.653212 137.308409 130.452516 131.602345 126.340439 124.041569 134.626631 133.684264 133.375391 133.347101 130.003324 122.840447 112.093661 111.945069 109.621037 109.492229 100.047876 108.767488 102.274081 104.447673 112.436344 113.537561 118.490638 124.964828 136.699495 136.379007 120.589507 125.465497 131.296801 132.424410 136.841631 136.253061 131.991277 131.694313 132.939492 135.734205 146.576788 157.996884 169.173912 173.606953 172.155338 175.312716 178.599925 180.336567 181.008884 170.952291 163.626647 168.978812 174.327325 173.058777 168.459307 166.735536 169.758820 177.906739 188.246790 199.168447
141.767730 137.883620 137.692542 128.586022 126.491578 123.261936 121.118713 130.826763 129.705135 129.843923 129.190121 128.310579 126.775702 115.611522 84.626539 77.069521 79.628886 84.877336 103.949522 114.395046 116.419779 115.212205 118.433802 121.067610 129.130407 142.712880 138.448519 125.066212 129.100798 132.156560 127.317725 134.273873 136.976097 135.508367 132.523654 133.619791 139.288413 151.256809 159.469196 171.100823 177.841158 176.205788 174.404601 180.699063 183.974024 182.139850 174.005255 167.886475 170.954890 174.866249 173.855465 178.161424 174.985991 171.803627 173.949329 179.462282 190.170638
136.692143 129.430785 130.480405 127.700230 120.483848 123.858853 120.243957 126.033466 124.474646 125.311117 124.271623 118.903972 119.286665 109.938814 75.232881 86.298599 113.512997 115.586587 115.978125 119.050000 122.996952 120.452841 125.168269 131.514850 138.236504 146.127847 135.414766 127.865952 129.788826 132.250596 123.364146 132.956514 142.400664 141.728336 136.436469 134.408676 138.749238 150.169384 164.228177 175.105107 177.446115 178.564571 177.393039 184.981067 190.139063 183.048185 173.824368 170.121709 166.511400 176.533873 177.636896 183.429439 183.184437 185.235576 178.561819 178.527813 180.904785
136.137925 125.955233 127.630899 125.559782 120.498339 122.229299 119.688840 116.327260 114.395837 117.284808 120.231935 113.397810 108.600315 101.633711 77.700530 105.069169 108.730501 121.670057 126.416700 128.494326 131.050387 130.289594 132.636052 140.193488 143.800561 144.594727 134.659976 131.247542 132.748401 135.674298 128.602424 129.869787 141.640379 146.027054 144.089791 137.345683 139.855907 155.011640 164.867846 168.261968 165.958399 163.416315 168.849604 175.960470 187.131301 188.529338 174.868368 171.112608 168.509698 172.046436 179.078140 180.642485 185.864349 185.578433 184.219451 181.767006 181.336820
140.755749 125.719454 126.724157 122.009205 118.428450 106.720198 116.388689 106.201596 105.577310 105.422723 116.996298 89.070465 96.859370 82.050850 85.923654 112.763153 120.026707 123.953374 127.372126 126.537085 131.927591 131.843669 135.478100 142.088287 147.285060 145.949766 134.339302 132.479158 133.744321 136.706681 134.357027 127.282179 135.249718 142.988846 148.219590 144.601401 144.826227 153.197656 153.468354 155.891345 155.874342 152.006631 154.317588 162.849836 173.423275 190.904201 184.782168 179.383480 178.257025 174.860705 179.388501 181.446793 185.981003 188.309407 186.376558 186.816899 186.793742
142.637812 129.794622 123.205628 117.255483 113.185716 97.597861 103.209989 88.823202 79.643506 79.334535 108.723876 85.186023 75.602669 102.811695 111.413673 116.497013 125.542376 126.049088 127.385248 131.456263 130.842902 130.938614 136.560602 142.439192 148.684964 148.255907 135.540885 134.181659 135.523469 134.679304 135.864807 129.795107 133.909988 139.358930 142.178736 144.054438 144.445803 142.584130 143.886554 152.539020 155.223758 153.138511 153.576790 161.048070 166.754983 182.546789 194.955139 186.306158 177.720452 179.026402 182.898175 183.632401 187.772744 187.949454 189.678863 189.709241 190.050553
