tests/3D/PSQL_test/output-maps-SE27XX/snowdepthN0026.asc
ncols         295
nrows         180
xllcorner     627200.000000
yllcorner     5109000.000000
cellsize      200.000000
NODATA_value  -9999.0
[rows 26 to 51 of 180, columns 114 to 170 of 295]
121.219245 129.220792 128.304390 134.995901 144.930598 123.014328 98.669051 123.157495 129.062447 120.729415 135.990005 104.317574 78.324161 48.730674 29.340088 21.681144 16.885602 14.461711 7.148420 0.000000 0.000000 0.000000 0.000000 5.604708 0.000000 0.000000 7.412970 18.029248 23.037104 16.589796 16.351720 24.802904 25.447232 25.766041 43.263610 55.974708 72.879098 62.823020 88.220052 83.092550 97.786437 106.335031 105.984485 104.035655 104.436923 104.054916 97.217804 100.010018 74.432223 84.531255 100.807014 128.727475 152.857153 161.007615 175.620959 184.390656 188.728539
104.191181 114.665853 115.215164 117.849804 139.516861 137.517861 112.408430 91.506027 98.667755 104.331935 104.618168 85.851392 50.629015 29.325289 17.866186 18.235896 7.316034 5.932686 0.000000 0.000000 0.000000 0.000000 9.019082 14.365764 11.044424 14.160120 0.012095 0.000000 7.596624 6.546340 7.548086 7.549704 7.221519 21.162367 42.083416 48.842823 44.109699 64.343086 77.796245 68.989937 90.350352 100.047660 98.832579 99.202205 97.291866 77.737374 65.863004 72.557266 58.299745 89.794738 110.731304 131.572775 162.753470 177.353886 185.106139 187.624076 188.339166
84.243583 91.017434 95.004335 103.004927 127.203334 136.381485 118.930416 83.317129 44.815451 79.840969 59.719410 43.798321 22.747418 14.125161 7.819785 6.959201 0.000000 0.000000 0.000000 0.000000 7.707870 17.065042 27.413262 33.868902 33.340960 27.560136 21.811262 24.180897 16.626204 12.805994 7.706716 7.417718 7.205292 17.659846 22.250936 34.409833 34.023271 46.657206 55.400284 62.444522 85.853097 89.027404 91.178769 85.121322 72.779893 75.326953 42.633137 62.960942 62.251284 96.111930 122.879037 150.060559 171.183530 182.966659 187.758175 187.060584 188.715994
64.761473 71.795151 68.468250 96.165961 117.390563 115.548290 99.476646 51.984209 26.754357 44.461932 18.860752 12.936153 7.693088 0.000000 0.000000 0.000000 0.000000 0.000000 0.000000 7.251816 14.496073 44.345066 63.607009 54.113329 65.235223 47.519490 46.288378 46.935328 36.595074 36.252398 35.875098 22.547254 14.690318 10.528189 12.189896 15.309975 28.519776 35.196925 43.083369 64.339632 79.638592 75.878223 84.406986 36.788299 52.430110 52.185078 65.000946 76.348702 99.211954 109.995909 134.324879 154.899879 175.185543 184.835540 187.040314 184.999121 188.956607
68.301963 56.915426 61.054730 87.330959 103.131239 92.746125 73.372055 30.349141 20.735740 17.090145 7.607286 0.000000 0.000000 0.000000 0.000000 0.000000 0.000000 0.000000 7.537182 16.107042 28.030327 48.035928 85.217015 84.596772 82.558315 71.760152 73.570953 63.942257 58.268765 65.377694 46.120382 20.731566 35.225720 22.241451 12.617204 14.425943 16.748406 21.162770 46.149117 59.531757 70.713512 69.083063 64.698550 32.954396 51.953775 46.376024 58.782974 82.995620 107.144619 125.677447 142.731852 155.339843 174.935818 184.519351 181.720808 186.137147 187.607587
77.696204 45.174115 55.061794 82.749544 73.723875 59.948986 37.984945 14.576423 13.825339 10.402134 0.000000 0.000000 0.000000 0.000000 0.000000 7.584611 8.144576 11.905743 17.687413 33.459723 53.081093 70.002139 87.037164 118.203116 130.352421 121.444606 133.512532 136.893352 131.890661 130.107488 103.070310 40.664090 49.243576 27.740745 13.002648 14.947212 16.718082 19.504447 35.669324 54.541396 57.222372 61.657412 44.823613 43.200332 59.270865 43.678306 86.075216 102.343821 112.559232 126.691023 141.802140 158.861232 172.474286 177.014534 181.096693 186.338831 187.834412
82.773245 52.366950 29.670250 48.221443 39.997375 25.816899 15.195058 7.161334 0.000000 0.000000 0.000000 0.000000 7.538417 7.487654 7.866677 21.500730 31.851404 37.122642 48.881861 65.461386 72.643791 106.043260 120.809062 141.474184 147.176822 138.426287 137.632732 137.133707 140.888684 133.104170 113.642097 86.623933 55.156543 27.887040 13.706718 15.458131 17.284239 32.272057 48.965511 48.477103 47.977226 50.031664 31.807987 40.186652 50.235717 65.869171 93.621125 105.222271 115.711775 131.017998 146.485831 159.642805 160.708536 173.763175 182.713773 187.059297 186.793599
79.481653 60.664935 36.651448 35.947444 20.821403 11.865747 7.139436 0.000000 0.000000 0.000000 0.000000 0.000000 7.972364 20.905705 19.948809 41.075533 70.001610 85.749025 88.541889 96.160421 94.630722 128.732548 147.421246 148.503151 144.301655 130.138533 130.458628 128.706399 118.979018 115.509257 105.033136 87.372113 54.086096 24.397900 14.993229 15.934664 17.867735 19.772588 37.803069 31.026394 34.008400 31.982610 32.299256 66.623032 72.234306 91.508806 96.332178 110.088326 121.973661 133.252189 148.481642 158.340875 162.713589 174.175688 180.674450 184.688659 189.115589
53.873016 37.854036 28.129427 17.417063 13.520968 7.444480 0.000000 0.000000 0.000000 0.000000 0.000000 10.545224 22.667430 31.805124 54.064110 85.485474 108.893404 124.114402 128.377134 128.001412 121.460898 142.364923 165.262615 144.879831 133.688147 119.382402 117.671393 111.260927 102.938129 97.724868 91.314173 69.870729 54.678991 35.762367 32.197295 16.237681 18.437247 20.618623 32.566347 25.457635 28.006620 30.286142 47.537171 66.406747 80.304739 91.311007 99.458364 110.631771 124.022886 135.354990 145.212837 140.021178 163.687537 173.432475 178.605204 183.998717 189.660221
26.632494 24.007587 13.430535 12.461764 10.503084 6.798259 0.000000 0.000000 0.000000 7.805887 21.453468 38.980282 51.199874 54.947643 98.802511 128.672412 141.531982 150.018705 157.379094 152.298386 149.454731 167.757378 171.892221 150.574041 124.230673 107.113857 113.070597 99.889876 89.992779 84.732454 78.368832 67.436134 45.765998 40.614358 35.789679 32.374484 18.960076 21.338881 24.138622 26.196576 34.636313 55.171938 63.481336 67.520160 81.455524 93.867857 100.607125 118.482015 123.844458 133.668170 129.213560 149.149739 160.577098 167.032591 175.255172 184.787165 190.436234
23.902914 14.402963 12.365256 6.301683 0.000000 0.000000 0.000000 0.000000 7.795264 23.751398 49.790802 75.486922 92.294828 109.137578 125.842325 152.612040 156.642743 162.808288 168.775203 163.781847 165.162259 174.842360 171.848211 155.079525 123.286695 104.651180 95.018666 81.348934 72.394674 71.793179 68.502834 57.710839 46.856494 39.858316 43.763287 37.707586 19.602034 22.050895 24.849035 27.249630 34.635156 58.509642 61.189322 68.897515 81.543509 93.513650 104.862243 115.412122 123.827450 124.237950 135.440816 147.089254 155.313006 167.591406 176.435540 184.663762 185.536159
12.487901 6.916538 5.869786 0.000000 0.000000 0.000000 0.000000 8.173157 23.433653 59.499329 99.498091 115.623636 126.433268 138.000587 142.393702 148.719467 162.754917 175.584619 182.931837 179.130940 177.849565 168.896074 162.244428 152.313282 122.103490 101.159203 83.136962 65.493895 60.308382 61.929604 58.881215 57.057646 46.717761 30.431439 22.330853 18.082915 20.328901 22.751847 25.546148 27.958344 31.125715 46.599063 63.143998 67.047543 81.626685 92.596172 107.337394 113.803686 121.363147 111.934615 129.354455 143.040419 152.075644 165.550991 183.929209 172.783903 168.585296
5.780682 0.000000 0.000000 0.000000 0.000000 0.000000 9.069104 33.603586 59.943208 110.012184 133.948936 141.632206 142.516044 154.059331 152.704700 147.784046 181.253410 197.889669 194.886398 183.923361 170.755162 159.203639 158.523764 146.128828 122.359464 94.415693 78.599173 65.890593 62.261624 60.502270 54.656620 54.506679 46.912223 47.492452 40.951967 43.147860 20.918597 23.438870 26.245857 28.687998 30.649352 53.471070 61.652223 67.421881 85.124760 93.212346 106.659385 110.402289 107.272277 120.679750 120.369783 121.795882 147.530505 163.136440 172.937088 176.404299 152.295716
0.000000 0.000000 0.000000 0.000000 0.012535 7.408056 26.715466 62.769985 91.457513 128.525915 154.293898 152.993782 147.383369 164.259940 158.420822 169.978891 209.972750 206.644472 190.828421 176.697772 166.959977 164.566413 156.489411 145.680419 132.468071 104.412101 91.276441 82.727623 69.151077 69.674562 61.133354 57.482857 50.390050 55.075356 47.883179 29.860933 23.223532 24.129117 26.949522 29.419517 31.471642 44.676423 59.279589 68.552145 83.816694 90.207122 105.191408 95.206018 112.247225 121.410408 103.344018 105.139583 147.441937 142.722111 131.595486 134.503314 171.305850
0.000000 0.000000 0.000000 7.772062 12.656290 25.098280 46.054109 77.700827 106.959944 132.430752 155.239441 162.619576 171.553894 194.351061 201.251111 210.584144 217.587263 205.651405 187.664075 174.368881 168.679590 165.413254 164.039038 148.977252 133.817519 106.303073 98.708174 90.503940 65.822736 67.968191 63.120856 54.299046 54.045257 65.204310 56.022333 45.017447 29.309697 24.788583 27.657624 30.151963 32.259394 34.543421 55.641576 63.822395 75.935627 86.250304 85.117409 103.157480 113.499870 116.168682 108.452676 118.961209 154.117641 165.117718 171.626176 175.228272 180.774211
0.000000 5.672051 8.482781 12.043812 19.541291 35.781062 69.305714 105.766888 124.116347 145.930100 159.266197 168.197537 195.945679 213.406556 214.371477 220.062695 216.154048 208.030871 185.382262 172.215551 169.636381 165.027435 163.573000 149.696589 127.539878 102.483329 88.761367 80.176591 66.034931 65.115580 63.089379 59.201911 58.861490 67.270449 60.070269 52.447828 38.337013 27.604858 28.360117 30.885191 32.940785 54.973315 59.589400 64.670408 72.116143 83.102801 95.130884 103.245007 100.599388 102.030473 131.160203 146.993073 167.570979 178.902909 183.071400 187.461483 192.652093
0.000000 8.296723 13.867870 14.744320 32.957500 58.200094 112.258087 139.389709 151.910692 158.499293 166.361705 182.793392 209.958817 217.832060 215.069845 219.006202 215.383056 205.661082 182.221500 172.484758 167.838256 165.067612 158.696240 151.081475 127.305276 96.906972 88.736326 81.125592 68.113203 62.633751 62.151578 59.259285 57.742661 66.862682 62.250445 57.923561 53.149881 35.526482 29.077261 31.617936 33.686839 36.111679 44.556183 65.022415 75.765518 85.492122 94.388233 97.591592 94.715685 128.645976 148.919384 162.556318 174.045629 183.412356 186.383115 189.738905 192.757667
7.846236 14.216358 21.131819 35.515198 81.171046 110.784127 132.908219 157.736913 163.322787 166.375070 180.347354 199.867082 215.930549 218.326527 213.383128 212.419532 205.949396 196.201049 183.161399 171.604701 166.397847 163.482577 158.069319 143.254952 125.831772 88.243231 83.933981 74.148891 60.981881 59.850908 59.619952 57.448843 54.762856 61.182419 64.673125 63.075835 42.380728 28.597864 29.374733 32.348015 34.842347 44.851205 60.275391 68.206382 75.103845 85.213077 93.758106 80.043648 103.655165 126.839079 143.533591 153.889236 173.994035 183.839089 186.185108 189.865989 195.500752
12.956619 20.153231 32.967337 43.860840 84.929700 124.206325 146.444573 164.224071 168.333777 160.965318 183.525583 212.945094 219.197103 220.965231 213.052608 211.024585 206.704692 194.620907 180.034816 172.273765 170.886138 166.493980 159.597140 148.663491 108.878805 79.192323 75.473394 65.867581 61.528409 60.012428 59.745098 57.178364 53.687481 57.395156 68.888107 67.017176 56.468927 36.327678 30.101710 33.075726 35.575008 37.616315 43.259681 68.995744 76.832657 82.934487 72.470503 89.331840 102.540738 122.221002 130.471414 145.383688 162.147028 175.462094 183.600774 192.581502 196.451433
23.598353 37.695957 56.947993 77.352477 98.653569 129.037344 149.714580 167.529330 168.349954 158.961776 189.264642 218.934506 221.300107 226.893853 216.096812 211.169491 210.833708 197.059640 177.940822 176.226723 179.140983 177.710877 169.924610 153.365038 118.799609 85.492413 75.881241 66.204651 62.499490 60.466677 60.915274 57.923776 56.918776 57.375743 68.400505 67.686825 43.078930 34.089820 30.753670 33.778872 36.312597 38.907714 41.085184 68.259782 74.276347 54.948965 93.988461 110.119091 113.971446 128.472156 150.786168 157.698273 173.249021 178.138305 184.998171 193.532657 197.674175
46.693142 66.363095 94.809871 117.167455 128.035058 140.153384 152.330993 167.877852 167.823800 167.602053 199.170119 221.185386 222.808067 227.591757 220.565823 210.041034 212.108202 197.888130 180.645280 182.109422 185.565027 180.950483 171.274210 150.041017 120.055984 84.485100 76.630217 64.676264 60.344394 59.071032 58.315021 58.656239 57.242883 56.178807 66.325144 67.240068 53.725713 45.280185 42.242172 33.892413 36.605024 39.650419 41.753100 48.639703 62.446822 78.561919 105.846049 123.866197 137.484318 142.506871 164.647086 171.528492 176.055688 181.077668 187.367928 194.090359 199.344007
47.075887 87.833530 113.667094 136.279549 156.376200 164.221982 165.873934 172.961907 175.296108 177.502972 209.284471 225.162750 227.503242 228.887185 225.247405 216.481837 211.430594 196.971602 183.351782 186.662045 185.527077 178.265429 174.556362 158.139012 127.926333 91.622253 76.639821 65.556457 59.666783 60.258007 65.519134 59.751964 57.926936 57.951335 57.074889 63.887554 67.740035 65.227246 56.330186 37.869532 37.068009 39.891116 42.521223 52.702484 73.907007 78.248950 117.130910 122.578169 152.761748 154.087040 164.098241 174.281815 181.004187 185.989173 190.378481 196.617648 199.577649
89.972371 91.874871 124.195430 146.742587 168.076926 178.573694 179.153544 179.796398 182.793251 197.536237 219.587281 229.041195 229.008164 226.618949 223.169928 221.163628 211.111201 197.697091 191.073403 187.286600 181.555434 174.258069 174.966122 162.693535 137.456017 105.144050 81.589113 68.145258 62.734066 62.166558 67.492392 61.596359 63.086827 58.039037 55.496811 56.243544 61.038010 67.180770 73.327184 60.473651 58.842756 40.376780 43.246560 56.063451 70.137903 81.148851 117.424476 138.536435 156.328212 166.591972 169.139959 179.011562 184.767063 189.453257 192.662854 196.268115 196.087197
129.570568 105.746645 131.486390 152.639389 171.973522 179.275851 190.211005 196.512069 203.028154 213.673125 224.583179 229.067511 228.525440 227.834733 221.579568 213.914202 205.106548 201.164410 196.491332 189.653805 182.113239 173.332144 162.825821 157.186821 137.035446 106.247753 86.482436 72.652581 68.033598 65.539084 65.145347 66.246718 68.796451 65.045545 65.969559 60.362167 61.250095 67.353140 61.285034 61.846206 56.557428 54.036907 44.022282 53.218421 69.108710 93.696098 130.476553 146.754852 161.031578 171.742139 176.592652 182.817738 187.648917 190.034307 190.701857 194.457681 191.702940
151.112506 141.805025 132.377839 151.319353 173.666445 178.644326 191.426014 204.358945 214.228288 219.182885 228.994069 230.019379 229.191325 228.242789 220.779792 211.330444 207.029658 197.786650 197.175765 189.325277 184.048759 175.406847 170.398157 149.644362 135.641847 113.238186 95.053621 81.404794 71.428464 66.222388 65.476664 66.970834 73.158750 76.820176 74.472652 65.329084 64.090625 69.060088 66.126393 67.089804 63.496062 52.101386 44.751227 56.826749 71.861338 94.955782 119.402794 154.953053 162.616636 172.250179 176.803523 183.434978 184.800586 186.169908 187.762024 191.115474 190.578566
174.138523 163.474109 144.288485 157.552345 174.431930 182.034168 186.543515 197.729206 215.047241 229.203360 235.623608 231.863307 230.256160 231.736054 224.324090 217.206370 210.372578 202.680121 198.008504 195.440017 184.521797 178.968131 171.918076 156.228596 127.944015 108.529269 95.594626 81.459016 72.604309 68.508200 66.563895 68.433820 75.788771 83.843773 79.538604 69.822425 65.811137 68.418552 67.032620 67.189106 64.204031 50.797642 45.471452 58.719670 75.264214 92.441318 122.504286 154.380783 166.210965 172.329630 174.547452 179.307159 183.901958 183.765430 186.011597 188.591194 189.516595
