tests/3D/PSQL_test/output-maps-SE27XX/snowdepthN0031.asc
ncols         295
nrows         180
xllcorner     627200.000000
yllcorner     5109000.000000
cellsize      200.000000
NODATA_value  -9999.0
[rows 26 to 51 of 180, columns 114 to 170 of 295]
118.289834 125.370353 124.698171 130.887748 140.481385 120.288260 96.968656 120.311226 125.838675 117.993853 132.767335 102.298053 77.502110 48.580917 29.305479 21.660351 16.869021 14.445111 7.148420 0.000000 0.000000 0.000000 0.000000 5.604708 0.000000 0.000000 7.412970 18.016815 23.019437 16.578871 16.340833 24.781981 25.425283 25.743618 43.166978 55.754861 72.375637 62.506021 87.334811 82.352345 96.605485 105.010520 104.666963 102.593189 103.055378 102.582794 96.064396 98.760088 73.902798 83.764361 99.542415 126.764830 149.738316 157.363785 170.840156 178.981287 182.903982
102.009793 111.998131 112.461749 114.991125 136.049860 134.226928 110.017453 90.225978 97.017190 102.389446 102.645325 84.688579 50.461237 29.285277 17.849459 18.219178 7.316034 5.932686 0.000000 0.000000 0.000000 0.000000 8.958656 14.353392 11.030807 14.148598 0.000000 0.000000 7.596624 6.546340 7.548086 7.549704 7.221519 21.147209 41.994883 48.700287 44.004111 64.001605 77.223354 68.567211 89.408797 98.839881 97.668288 98.026873 96.180278 77.131051 65.494802 72.064510 58.044956 88.878897 109.267349 129.505971 158.980903 172.581355 179.618524 181.924101 182.541402
83.140752 89.598744 93.478991 101.055424 124.124256 132.811834 116.080383 82.275275 44.680288 79.038832 59.394714 43.698993 22.718178 14.097219 7.819785 6.959201 0.000000 0.000000 0.000000 0.000000 7.707870 17.052783 27.385986 33.823603 33.297706 27.532963 21.794736 24.161563 16.615512 12.796212 7.706716 7.417718 7.205292 17.648384 22.234094 34.362934 33.977510 46.527811 55.186376 62.133283 85.082348 88.169813 90.256752 84.326673 72.281823 74.776288 42.531660 62.640078 61.940742 94.997719 121.093622 147.092634 166.897023 177.705091 182.027361 181.443823 182.792386
64.351786 71.216068 67.976129 94.667145 114.784161 113.005471 97.710657 51.808602 26.698675 44.364221 18.833890 12.907932 7.693088 0.000000 0.000000 0.000000 0.000000 0.000000 0.000000 7.251816 14.482654 44.248434 63.271559 53.918130 64.872502 47.398695 46.177501 46.819135 36.541595 36.200830 35.825143 22.530963 14.681052 10.518373 12.181359 15.300724 28.491364 35.146711 42.984030 63.998329 79.026289 75.350983 83.631397 36.714759 52.247459 52.004132 64.647714 75.776462 98.000265 108.548704 132.185247 151.667354 170.594790 179.407559 181.378047 179.609300 182.935840
67.811620 56.659708 60.718924 86.287309 101.339205 91.407790 72.712887 30.306654 20.703063 17.072320 7.607286 0.000000 0.000000 0.000000 0.000000 0.000000 0.000000 0.000000 7.537182 16.094092 28.001155 47.913914 84.383883 83.779610 81.795622 71.227807 72.994095 63.567808 57.991282 64.977835 45.983183 20.711619 35.176859 22.224625 12.608834 14.417205 16.738150 21.147730 46.023330 59.263061 70.290241 68.689598 64.350335 32.910664 51.775229 46.244406 58.522328 82.266752 105.821444 123.871954 140.326070 152.096102 170.397196 179.121931 176.658963 180.616950 181.712662
76.954740 45.051363 54.864626 81.898786 73.148964 59.687423 37.914897 14.548011 13.806187 10.380936 0.000000 0.000000 0.000000 0.000000 0.000000 7.584611 8.144576 11.879565 17.663298 33.415463 52.902922 69.545815 86.145754 116.219403 127.814480 119.379077 130.909088 134.107720 129.334192 127.659322 101.577389 40.575366 49.098385 27.714465 12.994383 14.938201 16.707867 19.491858 35.615511 54.357144 57.007140 61.383412 44.706870 43.094952 59.027983 43.568817 85.261357 101.072351 111.111367 124.862805 139.459947 155.533464 168.184431 172.379350 176.122729 180.788347 181.919681
81.882598 52.197112 29.620028 48.093426 39.921399 25.782188 15.166719 7.161334 0.000000 0.000000 0.000000 0.000000 7.538417 7.487654 7.784976 21.483174 31.807937 37.060769 48.756009 65.093436 72.130466 104.414640 118.691962 138.521838 144.038351 135.748511 135.032521 134.558005 138.149137 130.679426 112.027176 85.763027 54.948375 27.860607 13.698435 15.448827 17.273578 32.232048 48.836603 48.352090 47.850077 49.892614 31.768877 40.102191 50.074522 65.500596 92.595108 103.959130 114.175418 129.059178 143.912818 156.292510 157.166169 169.422718 177.547019 181.434831 180.937360
78.743768 60.380459 36.587148 35.886867 20.800926 11.845709 7.139436 0.000000 0.000000 0.000000 0.000000 0.000000 7.972364 20.888193 19.923236 40.994068 69.494498 84.793596 87.498834 94.875198 93.434182 126.155385 144.082935 145.255403 141.256176 127.794905 128.153968 126.486729 117.209213 113.870904 103.560027 86.497508 53.891095 24.378655 14.984299 15.925082 17.856570 19.759632 37.737186 30.990109 33.960791 31.942941 32.257516 66.242005 71.749489 90.585941 95.265293 108.706422 120.293181 131.228967 145.804740 155.067250 159.164524 169.796531 175.732332 179.295424 183.065537
53.698888 37.786224 28.096537 17.398121 13.501369 7.444480 0.000000 0.000000 0.000000 0.000000 0.000000 10.517446 22.639737 31.760707 53.854317 84.474006 106.775504 121.395948 125.421270 125.132496 119.161618 139.053550 160.553075 141.682065 131.094225 117.570301 115.964428 109.751329 101.547781 96.526631 90.326974 69.429375 54.475922 35.709938 32.158712 16.228012 18.425571 20.604367 32.530912 25.436052 27.979331 30.251973 47.395912 66.058218 79.679643 90.397010 98.291573 109.245444 122.284282 133.268713 142.734841 137.698151 160.066534 169.127616 173.846664 178.635825 183.592092
26.602995 23.983356 13.411067 12.441584 10.481898 6.798259 0.000000 0.000000 0.000000 7.805887 21.427324 38.908450 51.028740 54.719973 97.140739 125.582295 138.233248 145.932937 152.666662 148.056524 145.515773 162.907140 166.470264 146.784096 121.974557 105.536125 111.521909 98.611002 89.046825 83.942092 77.744539 67.042019 45.650478 40.533556 35.736409 32.334254 18.948034 21.323510 24.121887 26.173424 34.585721 54.957413 63.178984 67.152780 80.803070 92.878738 99.402630 116.908788 122.116258 131.641552 127.331726 146.428719 157.155225 163.208251 170.795337 179.311852 184.315248
23.879331 14.384294 12.345380 6.301683 0.000000 0.000000 0.000000 0.000000 7.795264 23.725897 49.628511 74.844953 91.076899 107.070435 122.992431 148.145237 151.837438 157.134547 162.762959 158.305275 160.133549 169.062580 166.448147 150.856478 121.015196 103.183547 93.909602 80.645162 71.903558 71.315666 68.089912 57.469051 46.731316 39.781939 43.656660 37.644216 19.589278 22.034380 24.831056 27.227153 34.583369 58.276517 60.919725 68.506102 80.889076 92.536226 103.615173 113.894065 122.103105 122.504950 133.359377 144.496629 152.217790 163.713620 171.886358 179.265840 179.714717
12.468994 6.916538 5.869786 0.000000 0.000000 0.000000 0.000000 8.095280 23.407956 59.201763 97.875203 113.239190 123.533475 134.350130 138.566002 143.973267 156.488694 168.209650 175.089584 172.088051 171.265359 163.623860 157.671309 148.494089 119.942428 99.822095 82.387201 65.134567 60.031000 61.628019 58.623671 56.824095 46.593448 30.397784 22.313751 18.071753 20.315093 22.734155 25.526902 27.934330 31.088781 46.465627 62.846056 66.687597 80.970467 91.646706 106.032086 112.335397 119.714822 110.485847 127.470551 140.682557 149.164585 161.795888 178.677405 168.417017 164.404485
5.780682 0.000000 0.000000 0.000000 0.000000 0.000000 8.992870 33.553693 59.639500 107.786152 130.781231 137.879199 138.715815 148.908807 147.987937 142.335669 172.262687 187.975556 185.706696 176.303375 164.644735 154.687821 154.339635 142.923594 120.277575 93.321084 77.968541 65.525078 61.955350 60.222094 54.452637 54.304152 46.785629 47.360624 40.866910 43.045327 20.903937 23.421067 26.225283 28.662320 30.613856 53.295630 61.375584 67.055393 84.382098 92.245877 105.375094 109.031332 105.975948 119.058621 118.755009 120.090705 144.747897 159.413233 168.323280 171.591587 149.057937
0.000000 0.000000 0.000000 0.000000 0.000000 7.408056 26.684215 62.452173 90.310910 125.590705 150.119020 148.323896 142.419503 157.198004 152.432911 161.948786 198.483590 195.726369 181.922981 169.601274 161.381180 159.812673 152.546778 142.579549 129.989608 102.964330 90.299514 81.996911 68.727691 69.241693 60.844060 57.243752 50.230797 54.865279 47.747264 29.829044 23.206190 24.110084 26.927548 29.392100 31.432433 44.573223 59.034918 68.166032 83.107335 89.328419 103.941508 94.146210 110.829766 119.770204 102.019401 103.850109 144.663296 140.231950 129.444669 132.212737 166.956807
0.000000 0.000000 0.000000 7.772062 12.640448 25.075146 45.934368 77.018598 105.078482 129.185671 150.525751 156.617609 163.974065 184.359914 190.588945 199.046524 205.652615 194.955559 178.939704 167.612149 163.097585 160.877251 159.551357 145.719254 131.318273 104.696052 97.494854 89.555389 65.459578 67.567514 62.801647 54.098828 53.847342 64.878128 55.800608 44.900171 29.279244 24.768309 27.634146 30.122726 32.217242 34.491094 55.440585 63.512837 75.407566 85.479918 84.343355 101.804302 112.050185 114.681434 107.097160 117.320141 150.913962 161.217329 167.005491 170.096586 175.060799
0.000000 5.672051 8.422468 12.027574 19.515758 35.722631 68.822935 103.924602 121.418295 142.006621 153.901294 161.365071 185.923297 202.101663 203.047576 207.825427 204.455214 197.041573 176.810093 165.750410 164.005830 160.476839 159.259523 146.399791 125.309184 101.121902 87.867590 79.515149 65.668677 64.764778 62.770930 58.939911 58.603606 66.910589 59.819086 52.285563 38.267919 27.578650 28.335066 30.854037 32.895144 54.780188 59.339922 64.347567 71.664416 82.412486 94.110370 101.885780 99.369865 100.749329 129.149509 144.217800 163.624488 174.106647 177.856388 181.735605 186.352270
0.000000 8.237625 13.853093 14.720350 32.910031 57.929099 110.088307 136.035658 147.892112 153.338600 160.129247 174.283803 198.776343 205.945261 203.722376 206.928822 203.778988 194.871093 174.197943 166.093971 162.562194 160.183928 154.844893 147.785892 125.087087 95.746181 87.846144 80.442803 67.710912 62.322891 61.847690 58.996560 57.499636 66.509813 61.968687 57.699549 52.979906 35.470604 29.050549 31.584660 33.638029 36.050304 44.438037 64.693846 75.241145 84.742279 93.391379 96.496052 93.672031 126.727734 146.191179 158.999244 169.665618 178.198142 180.849726 183.732832 186.417562
7.846236 14.202450 21.116558 35.462333 80.442176 108.837294 130.117220 153.499799 158.595884 160.296805 172.454890 189.897024 204.335143 206.462378 202.331140 201.482726 195.476874 186.760711 175.341301 165.474877 161.403517 158.968483 154.401530 140.414709 123.679634 87.358018 83.180297 73.628482 60.696407 59.580979 59.352785 57.210208 54.556445 60.891705 64.355075 62.781590 42.282381 28.568447 29.342913 32.311688 34.796722 44.744964 60.016183 67.825469 74.593192 84.470958 92.780332 79.394515 102.315894 125.035819 141.139908 150.729851 169.554851 178.564250 180.631996 183.809212 188.795644
12.942974 20.139642 32.922800 43.759185 84.105618 121.949233 143.059145 159.537573 163.272398 155.253982 174.949445 201.584656 207.339727 208.855196 201.816109 200.497692 196.958623 186.211136 173.102571 166.475690 165.449470 162.092400 155.905718 145.489101 107.160704 78.554117 74.925891 65.505959 61.235109 59.740386 59.476292 56.943159 53.493261 57.156132 68.500583 66.661067 56.240375 36.267809 30.067740 33.037212 35.526371 37.545224 43.151313 68.600833 76.286166 82.248775 71.983022 88.446032 101.244427 120.522689 128.498787 142.740025 158.502515 170.874601 178.071435 186.125829 189.656747
23.579099 37.634643 56.729435 76.739065 97.380304 126.586268 146.205228 162.880054 163.261505 153.272568 179.960362 207.138456 209.277404 214.101626 204.267488 200.344707 200.483840 188.165042 171.300486 170.694158 173.358724 172.076936 165.241860 149.817968 116.936299 84.691341 75.325929 65.837952 62.191992 60.188432 60.630119 57.679060 56.686360 57.136968 68.021613 67.319508 42.975091 34.039886 30.717651 33.737950 36.260699 38.840613 40.992045 67.877263 73.782287 54.732557 92.961577 108.712327 112.470729 126.566786 147.803235 154.322888 168.931289 173.255818 179.255745 187.002239 190.718173
46.588304 65.990466 93.678495 115.176986 125.504500 137.073813 148.589796 163.108314 162.393985 160.810841 188.983434 209.214358 210.686883 214.836813 208.419929 199.512018 201.720086 188.804921 173.664199 175.509004 179.013251 175.033357 166.430646 146.748241 118.150540 83.713206 76.059390 64.335466 60.068646 58.812258 58.065815 58.401998 57.006414 55.954982 65.981074 66.880335 53.528610 45.158178 42.142866 33.842593 36.539432 39.578913 41.654980 48.484593 62.132048 77.944920 104.537629 122.160421 135.354928 140.030944 160.965055 167.393909 171.532519 175.897420 181.484952 187.490805 192.217978
46.949696 86.947198 111.944638 133.436308 152.218120 159.758786 161.101341 167.232586 168.851329 169.827987 198.053474 212.732053 214.833534 216.040373 212.747661 205.009419 200.858572 188.037559 176.405391 179.541373 178.891649 172.635182 169.590616 154.417547 125.690849 90.641478 76.069452 65.201768 59.400689 59.983126 65.163944 59.483037 57.681768 57.705268 56.839415 63.580903 67.371288 64.898650 56.101721 37.797799 36.999912 39.805620 42.417360 52.512127 73.419940 77.638647 115.567409 120.871844 149.815433 151.062076 160.496420 169.931466 176.010941 180.365960 184.216923 189.797565 192.443230
89.020995 90.876720 122.001804 143.368905 163.572603 172.761450 172.886425 173.148722 175.395835 187.816015 207.668284 216.223972 216.223835 214.146392 211.115313 209.280080 200.339591 188.973606 183.611730 180.046754 175.174556 168.978449 170.011640 158.817046 134.869298 103.702623 80.902451 67.746645 62.424045 61.864486 67.104550 61.301552 62.769343 57.791937 55.280636 56.017742 60.771453 66.820704 72.855542 60.212681 58.602409 40.288080 43.137078 55.834308 69.695005 80.470514 115.848209 136.368435 153.175083 162.844232 165.206511 174.218862 179.374162 183.549156 186.331183 189.526693 189.281838
127.048364 104.232235 129.083828 148.879417 167.119415 173.265638 182.578498 187.920835 193.169172 202.661771 212.384755 216.372711 215.902862 215.261189 209.807862 203.000389 195.383225 192.274475 188.513935 182.128253 175.613381 168.150340 159.029778 153.754917 134.541994 104.799742 85.670515 72.169590 67.637634 65.184943 64.797092 65.880008 68.385395 64.697257 65.631462 60.105488 60.980506 66.990247 61.013460 61.566053 56.344206 53.851379 43.906585 53.021906 68.683842 92.679166 128.501381 144.171263 157.614411 167.618349 172.069568 177.682556 182.006869 184.087215 184.622003 187.906920 185.413438
147.294876 138.455097 129.965846 147.765088 168.738154 172.606484 183.422077 194.946671 203.281266 207.553420 216.237148 217.259719 216.641891 215.815803 209.047491 201.287691 197.407414 189.108747 188.950772 182.270624 177.615458 169.903384 165.670579 146.588937 133.274889 111.753301 93.995738 80.729598 70.970816 65.857531 65.123548 66.592520 72.666309 76.281419 73.981585 65.000357 63.780099 68.668252 65.782647 66.729570 63.191062 51.935665 44.629511 56.587785 71.385469 93.903436 117.771542 151.877871 159.113202 168.097509 172.274593 178.255442 179.478168 180.655514 182.015871 184.992916 184.534710
168.831029 158.648326 141.153565 153.620767 169.242584 175.317500 179.418509 188.539359 203.606380 216.377687 222.138088 218.923522 217.601242 218.838229 212.279228 206.258165 200.439089 193.988302 189.478453 187.111468 177.519877 172.894083 167.070177 152.794970 125.919711 107.170525 94.522999 80.784241 72.124792 68.104925 66.193443 68.030887 75.243283 83.144486 78.940110 69.418802 65.474066 68.037800 66.674143 66.827140 63.888213 50.644207 45.343610 58.456851 74.719707 91.463747 120.788573 151.342490 162.502077 168.166724 170.184865 174.530946 178.689150 178.552781 180.515523 182.850815 183.499376
