tests/3D/PSQL_test/output-maps-SE27XX/snowdepthN0030.asc
ncols         295
nrows         180
xllcorner     627200.000000
yllcorner     5109000.000000
cellsize      200.000000
NODATA_value  -9999.0
[rows 104 to 129 of 180, columns 0 to 56 of 295]
-9999.0 226.986546 237.887046 253.642013 276.607625 281.778571 239.229639 242.008089 295.626401 323.349196 302.069263 301.503167 311.889118 311.447042 299.123575 339.940966 333.504800 327.987466 325.808703 347.468979 364.510745 375.047451 339.480825 292.838845 273.832232 269.898284 293.416228 308.000355 269.744278 290.458771 298.247226 299.022445 298.258091 294.779141 298.928653 288.696281 283.635188 345.158774 381.381918 358.166858 339.222837 329.255337 348.019197 337.249321 348.594088 373.793857 317.188427 351.889577 338.724330 344.882559 349.315055 379.472102 398.359091 367.464859 351.629791 349.700620 360.293403
-9999.0 244.585395 261.726804 291.746297 284.913100 286.115493 252.088912 248.039657 268.190508 307.106118 282.925820 295.265199 315.189767 312.521662 286.316558 338.529057 366.250311 345.357773 350.995975 378.141357 330.138172 323.451152 312.463129 281.443804 265.195874 296.095531 313.342774 286.632030 265.014759 318.617627 297.829473 308.562425 313.930665 310.006641 312.051781 293.404650 293.567937 351.137750 373.848901 363.550876 350.287160 335.682998 345.934181 336.818036 356.681953 379.033664 332.234934 351.176339 342.421211 363.838307 379.968632 397.187696 393.814427 372.804314 356.177356 343.880740 354.541415
-9999.0 269.072834 286.496914 288.956491 282.027692 278.087407 257.994023 248.859326 254.309961 298.190541 311.032284 298.473940 301.261960 285.858276 305.292999 389.009659 390.826735 390.064822 377.123204 357.752558 312.087208 307.597434 301.021379 279.365098 273.128544 316.253123 297.932925 272.114566 289.055078 326.973603 306.040012 309.975781 308.093610 311.561681 308.520071 302.940906 299.175234 355.593595 370.440599 358.074190 344.401917 346.980997 348.558840 354.086423 388.934289 372.215882 365.041725 364.162899 389.003124 389.746123 386.958908 362.363026 349.172970 359.344461 366.793347 362.373135 351.741268
-9999.0 280.440150 277.005161 288.826239 292.516227 281.551619 261.984096 263.034795 269.679900 282.310386 346.258736 356.737286 315.849431 318.106063 392.884035 361.304710 337.078065 334.327112 330.456405 319.222813 312.650626 296.752331 286.211630 279.452495 297.960291 314.809299 288.733936 269.692051 320.664815 329.514147 319.091176 318.301364 319.727303 318.215801 313.301271 325.052378 316.558431 356.252844 392.733715 392.159438 372.492230 363.392124 360.423477 386.532397 362.558667 363.027331 380.849375 383.663945 372.745964 357.092277 362.366488 352.595809 345.010177 344.635091 361.766454 378.723143 383.333575
-9999.0 267.930334 266.551031 294.069178 299.501259 288.338218 269.901372 278.484325 291.710324 298.602169 318.185448 349.193031 350.971400 391.258491 372.203740 363.934142 367.571932 372.068597 364.321234 349.260219 337.664361 307.034782 288.492768 303.172379 309.499666 303.135897 289.506531 273.158305 328.130879 334.752597 315.058698 320.843386 328.220379 319.105904 310.539292 331.046129 338.158576 385.877648 354.349841 332.392373 343.541682 372.130310 391.037124 371.337701 346.873486 358.094281 355.967727 361.762321 358.669648 364.438907 372.164072 355.449544 340.236972 334.943857 321.324612 320.811655 319.969961
-9999.0 277.122167 269.325166 289.869306 296.559187 288.609346 274.876515 289.119019 309.499704 317.206680 331.105231 329.408638 313.763230 379.384491 376.596918 371.158243 372.058104 371.603279 358.594190 348.189478 336.972172 314.381857 308.473400 301.452828 282.385879 287.786296 307.217330 275.874607 310.089494 356.367636 330.099424 337.358179 340.934116 314.295814 323.947366 338.034464 367.063869 374.271854 353.083481 346.715379 349.222371 339.132921 342.693603 370.168477 356.153198 357.264430 367.789006 367.159404 369.708450 369.986406 371.886356 358.861557 344.585069 342.776386 328.162019 308.807394 289.958632
-9999.0 290.586606 277.707448 285.476113 293.459832 294.803027 279.627298 291.379638 309.647328 315.899690 342.051568 342.606751 312.270109 370.837211 386.603891 366.996065 357.404236 355.868277 351.514486 345.390733 337.703217 320.847457 322.650228 288.954792 281.181017 290.526178 316.069670 284.273576 301.276541 384.937643 340.814699 361.801738 353.148543 322.332801 347.017166 356.047366 377.185901 351.927064 355.584434 350.378473 358.921665 352.901128 331.012599 332.014265 360.370809 373.472305 359.319704 355.430242 363.032466 363.625688 352.744982 355.913721 351.752357 340.079387 327.784206 302.324569 289.127866
-9999.0 302.010770 285.213061 274.128952 290.157679 297.120279 291.265600 294.006681 307.340751 322.173087 347.239712 352.055397 308.974468 380.308337 357.225329 344.997979 348.085902 354.587335 359.154359 355.369262 342.536944 320.887403 311.723094 305.532655 319.375520 294.290335 307.636722 287.646735 318.041890 373.356858 347.364237 361.972690 349.950994 327.814159 368.170881 393.492048 396.027581 359.612077 347.808963 335.578332 326.735958 315.314187 305.829920 301.568323 319.946368 351.060981 368.035274 352.255569 361.102822 346.445766 335.079891 351.953121 350.257048 335.151094 312.225999 284.669620 297.443563
-9999.0 321.299086 301.529220 286.540737 289.955354 301.550405 306.576919 297.221694 309.897101 336.688780 346.709235 339.963560 303.653355 362.494533 336.519451 311.206685 327.935583 351.575505 353.955834 340.957413 319.565029 305.810233 303.529253 298.846345 323.849433 294.953580 303.604527 294.215384 334.239731 348.590569 346.401039 344.674076 334.108446 352.716187 396.711862 363.622765 355.090576 360.093208 341.629019 321.709163 300.654153 296.702699 296.927735 299.740768 294.713420 306.466400 367.699993 368.074946 369.705125 350.265408 329.767133 329.740566 341.917259 337.288022 315.525709 293.136434 294.842726
-9999.0 327.944165 321.666839 310.277358 308.532093 316.802914 316.994576 296.807467 310.077857 332.044515 339.376019 335.050650 304.080863 352.296774 358.826776 300.537073 286.013461 303.584793 316.078700 322.770793 332.139153 350.536278 349.244119 358.339180 397.854591 355.945370 356.694180 343.178987 363.718062 369.890408 351.506333 348.145724 364.714015 392.663053 363.348565 343.486565 328.049380 320.888470 313.532526 318.285741 306.994085 291.544557 320.110872 304.096599 278.465107 292.939669 374.280157 372.820756 359.879968 349.356769 340.702754 322.186533 324.746109 327.175099 317.484560 308.694956 307.838762
-9999.0 339.411915 330.050698 316.580231 313.185974 320.867717 306.164127 292.392874 304.174756 321.722975 320.889039 314.431130 322.313312 376.077668 427.081723 376.438528 347.981289 347.034689 354.403856 368.428906 382.678853 384.500822 385.380767 367.665046 341.335364 331.315488 339.371700 336.897373 322.184281 374.434232 383.171294 357.006551 391.953696 352.963755 347.282977 341.489420 328.076047 320.873409 310.421652 306.034137 305.280125 299.186829 322.914203 278.990098 282.334792 300.892017 383.978042 356.167030 351.481793 344.833299 346.244007 335.629899 305.868863 305.380419 312.517790 315.133778 316.150542
-9999.0 336.606882 333.338773 331.613665 328.081058 327.976767 305.535663 310.381214 316.162236 323.913241 322.480411 347.522396 405.794872 393.736540 386.658983 391.168470 386.078135 394.711606 399.032874 397.464392 382.862921 378.198248 381.079109 359.823719 358.710776 364.258906 361.036873 361.513415 330.900492 323.757566 358.535914 399.010191 375.770059 330.782072 339.271352 330.847845 322.746278 316.546101 306.728518 298.586654 286.407804 296.913116 310.954845 279.337670 307.641642 326.927164 353.361679 337.625162 340.955484 344.643204 352.849305 342.682463 312.685821 292.633471 303.025929 318.564832 308.526437
-9999.0 339.741286 351.985040 353.326880 350.746977 349.951624 337.275110 336.007526 352.695874 324.561898 361.427843 421.382738 389.245141 381.232345 374.234292 375.843147 382.185787 386.827545 395.198072 399.738186 389.751619 373.741203 365.923394 348.377485 351.051287 367.889435 367.936645 360.154869 345.550575 311.754600 294.656790 349.418882 358.203874 338.761827 329.511960 322.940408 324.470996 314.279500 305.409070 289.010578 272.606465 287.187911 287.754711 286.401491 298.544197 316.529976 352.772662 363.848554 354.798368 350.803543 346.203971 334.616224 318.702274 311.031539 301.904281 304.172882 291.891001
-9999.0 366.793141 365.593485 366.039207 362.710797 358.631523 345.934444 339.750637 350.819217 344.287769 358.057501 415.371266 380.887812 393.534213 382.462091 367.748271 356.631766 357.550652 363.811010 373.838845 395.028292 396.456744 399.388194 369.705691 360.345034 370.310128 351.124513 320.818522 318.024377 305.992289 281.915917 333.521490 354.786059 355.379375 345.424255 312.453580 310.445592 307.133468 297.951695 274.887198 263.504680 278.728394 268.453773 295.775944 310.970139 320.579845 347.040502 367.491036 352.667946 349.771469 343.224756 331.812923 329.901650 314.895652 295.690089 294.824368 315.665582
-9999.0 368.408982 368.735337 365.811862 353.632556 340.174477 338.433691 346.808028 351.332489 343.747133 366.860485 422.335232 386.204219 377.495168 380.330120 382.499203 378.428280 376.472706 365.246465 346.424071 340.574311 346.274351 357.318402 367.185720 371.458416 362.466602 343.320750 318.587162 323.403796 325.782292 282.999355 328.610239 337.897617 333.463332 344.396069 332.876739 279.890853 287.872144 284.522157 256.277873 259.943959 263.919893 256.307831 293.560161 309.072365 314.156675 332.854068 357.296247 374.840515 347.873672 330.998030 319.023632 338.350095 355.049510 350.087765 348.767670 346.765083
-9999.0 371.284183 369.752050 359.973525 350.561367 344.316266 351.479180 348.452921 332.633686 358.252486 402.274248 407.091085 399.118717 387.404694 377.253986 379.609449 380.741300 384.161280 375.786240 365.446353 358.742220 357.075878 358.503282 356.553963 347.490455 343.553283 347.745640 329.792612 322.607441 338.775362 286.917961 340.747384 333.299125 324.066517 322.965345 343.449429 285.189464 261.386945 266.072128 249.164884 266.596489 256.086724 247.335664 282.405414 302.594976 315.076766 321.845185 324.487798 356.986779 302.663554 301.579578 290.079753 290.196709 295.353695 303.894722 321.289630 330.060755
-9999.0 361.956661 357.255110 353.678978 353.674588 358.281773 360.201095 338.251842 347.012303 409.054178 392.676220 389.152823 416.136857 394.138547 383.983673 375.361208 368.515255 367.933120 354.720179 356.418015 366.893014 366.931904 367.651116 362.126728 353.707181 349.272376 347.618644 325.219674 310.856804 333.403003 303.010719 329.997993 326.735590 321.209752 310.105548 303.091285 305.465074 262.533195 255.606746 246.655049 278.975595 253.655942 244.656610 275.303489 291.310818 316.524221 337.411300 329.168037 354.633796 288.030106 289.996629 299.260354 317.804954 321.938545 313.071409 292.684260 304.165204
-9999.0 348.510089 351.112817 357.193031 357.498321 364.737172 362.437986 367.547948 422.904143 389.272142 377.550537 383.242223 395.856637 407.244870 415.262460 378.033581 334.451743 344.486523 339.661783 340.868846 340.776914 331.437762 339.536837 347.269500 347.392904 353.026238 343.533693 313.302991 302.639595 318.146110 306.656225 323.888417 323.571374 310.191736 294.763135 277.535574 281.025682 281.879885 259.941357 242.314569 278.747862 234.283778 241.311338 265.848866 301.272856 346.106639 343.308037 346.383259 347.217339 293.201857 294.836683 311.809437 318.265167 324.225063 304.683773 290.825299 280.157834
-9999.0 336.255692 344.244800 359.884768 367.055965 379.283439 390.851787 422.372421 376.979481 362.852361 375.537802 380.272466 361.528081 358.121544 369.556029 423.555683 350.137239 321.696203 318.808502 339.255748 352.579100 351.859348 336.929025 334.234138 328.595436 327.785147 323.266848 302.072581 305.145528 319.920739 310.853413 320.062966 321.758716 307.284321 296.721861 285.888574 266.653983 266.375592 254.077404 244.545677 275.672170 235.406944 245.850346 284.494978 319.159788 324.067819 333.974056 348.506010 343.225367 307.887048 305.864859 311.090014 316.471940 308.134401 285.257692 289.523475 291.067303
-9999.0 311.284305 316.057832 331.657016 347.593745 349.645918 378.559497 384.726492 363.027021 369.208811 374.533253 374.877954 374.359882 372.078887 351.181709 353.035963 392.303418 372.299364 314.444446 309.008127 320.354300 332.497086 347.275025 353.360684 347.086740 343.427256 330.876321 312.216032 313.088414 324.403951 314.639717 308.781281 309.283441 307.419860 305.082514 291.705890 268.684354 244.788238 239.414318 252.088522 261.807796 234.742757 241.856404 284.256348 295.969270 305.506846 315.000245 332.699209 342.663821 323.740155 319.018428 308.601387 307.017944 297.472126 278.951677 272.381199 282.472263
-9999.0 369.674306 358.430846 340.345556 320.586666 332.827989 350.426135 327.623931 358.145964 384.914280 392.981609 391.781962 388.362061 377.902424 362.338736 343.888616 339.272656 383.392892 386.213361 363.147601 349.961163 328.722910 338.470736 354.079383 341.073451 344.768151 344.474137 322.290254 315.439743 326.687134 327.819720 321.126224 319.615577 319.173800 312.510345 283.861751 240.990090 223.775295 227.664766 240.086041 243.227658 220.079698 247.087936 285.058261 288.035635 287.090376 302.355071 326.867284 328.175869 330.660100 337.582570 333.232647 297.848469 296.936217 276.960863 262.007551 274.232375
-9999.0 435.069300 432.930272 425.958595 405.155469 411.053293 330.552722 294.977267 364.938092 377.807933 388.393380 390.733114 384.846470 386.194153 381.544058 370.833273 355.098923 345.936302 357.617325 367.857043 377.019729 349.134275 340.900204 337.263909 328.804108 339.138878 339.934317 330.014055 319.827918 322.838910 316.865549 310.173310 315.507373 322.856586 302.898175 272.500593 232.452602 230.324869 248.257585 247.325607 234.440557 211.051052 228.258548 279.330441 289.785234 274.251885 309.774984 324.673198 312.174771 304.487931 303.148101 329.901111 293.981912 294.255198 278.392081 268.142276 272.630913
-9999.0 430.877030 425.002342 412.144983 403.643747 419.799930 368.398366 303.823837 332.874552 332.409706 344.833661 363.741812 369.187804 382.974853 384.100062 380.597442 376.381204 358.138558 355.575923 359.068177 365.631581 382.190393 361.792383 337.730532 319.440361 313.511056 320.786978 321.635437 317.511027 314.909018 323.765662 332.446801 330.126338 319.618225 299.091630 276.958324 244.983454 231.735261 232.304788 251.810246 238.793182 206.479202 223.257858 259.406746 270.923072 284.510452 317.619287 300.916514 284.639399 277.475535 276.059283 301.622234 308.856953 285.447909 275.056828 276.231215 281.136751
-9999.0 414.364496 424.603940 419.717066 401.044025 384.131390 411.083202 390.008470 357.568278 344.013627 335.071680 342.537396 347.534969 363.696419 370.292533 367.036505 371.151345 375.757288 369.517950 356.756538 346.989317 340.905305 339.202801 358.719786 373.374773 356.005026 331.698462 327.630168 325.923531 325.426212 333.387494 329.616055 316.944682 321.231864 306.609852 272.530414 250.228730 240.270203 227.401920 233.442919 244.190445 208.965705 208.481553 244.769359 254.955687 297.237604 316.125255 300.890598 282.683096 274.812817 265.920481 267.527099 294.122457 298.468446 271.320280 276.095985 280.981600
-9999.0 412.249463 422.293095 422.271249 409.838514 398.004510 396.816988 424.356788 427.025444 416.226589 392.293536 373.352259 363.090444 366.324746 375.234087 368.811026 366.612686 375.091129 373.088685 366.018779 356.009877 345.829153 341.127462 339.381768 338.465762 335.327148 332.855662 346.762430 351.345967 352.416876 351.586172 335.962304 318.117688 326.918427 328.007233 301.613304 253.705126 237.388690 213.937125 219.549742 248.780034 204.497539 204.131766 243.175495 252.638863 295.516850 325.423238 302.516570 277.147429 280.207186 274.731958 257.983308 258.274103 281.890636 255.321435 258.394608 264.044187
-9999.0 422.448249 418.616366 422.268559 417.461272 406.991290 393.179147 386.309013 414.851495 407.127817 414.537228 405.726323 379.466105 374.413623 382.497348 371.265477 362.979090 357.389186 360.170918 360.051486 363.231414 362.467014 361.301608 362.380533 351.049907 333.333879 321.064250 316.771057 316.035877 317.082627 319.407727 318.774246 318.015832 322.007644 304.758226 282.301291 267.997494 240.331552 214.459620 218.065194 246.907014 203.604613 198.649549 234.485172 260.314233 274.299994 275.937059 302.986925 285.835500 264.162097 277.264421 271.471240 255.300461 271.611711 254.555959 244.051819 251.016686
