tests/3D/PSQL_test/output-maps-SE27XX/snowdepthN0035.asc
ncols         295
nrows         180
xllcorner     627200.000000
yllcorner     5109000.000000
cellsize      200.000000
NODATA_value  -9999.0
[rows 130 to 155 of 180, columns 228 to 284 of 295]
163.826420 154.163360 142.776468 136.814932 111.140267 118.191056 133.239300 123.594988 126.318264 111.920853 100.938866 127.740284 117.693398 130.487085 136.259479 140.054206 147.593544 146.822816 144.291513 150.886409 155.040897 154.426275 160.980798 168.949780 177.104837 178.618754 160.925289 158.216020 155.592285 150.334725 158.800320 159.297773 157.124395 160.659803 164.265821 171.078755 171.297233 168.929957 170.676338 184.287261 191.751713 191.203104 194.935217 203.932202 212.733052 219.955373 233.720924 240.929907 225.565061 220.903096 222.373721 228.452067 232.915301 232.914195 232.083294 226.887795 239.463076
159.768724 155.200836 144.216264 134.153513 117.561636 106.757374 137.000183 144.647823 142.551921 136.690720 134.154021 139.173172 141.444644 141.671917 139.551774 143.134356 150.656426 153.453327 148.199041 151.709448 158.189333 159.045960 161.472803 165.648112 175.100694 183.917764 167.986743 164.348527 164.282916 151.668852 156.437174 161.997239 160.903308 158.843680 161.620333 167.509035 178.207787 180.970829 181.513409 179.521445 184.707120 198.390990 203.913126 207.053894 207.903062 212.837284 221.706879 237.105746 242.911244 223.507519 222.630489 230.983863 236.249275 238.560129 229.893560 227.026712 253.126761
156.055277 157.310986 147.395426 130.511861 98.793056 113.381545 135.896604 153.343250 158.422143 153.508173 150.282531 148.360357 149.364424 148.302308 146.542945 152.512122 159.533791 162.542554 155.767326 157.558366 159.809767 159.586390 163.958474 166.743776 172.256834 184.964354 177.495483 172.509214 170.777779 151.667967 149.256830 162.434869 164.580842 162.477895 164.778012 166.016986 172.746074 171.924954 167.841134 169.559985 194.632566 206.903760 202.858255 205.693425 207.563300 208.889127 221.959629 233.158253 248.279178 239.718562 233.053277 232.557591 232.106212 232.011543 227.194847 239.368845 255.783098
152.406409 152.617316 147.739503 128.735399 91.168361 120.451399 139.741168 149.348282 156.634719 156.753636 156.621390 154.730497 155.648980 154.705252 153.526444 158.335736 164.235476 168.075751 161.203064 158.627540 158.719084 157.234975 161.188569 170.481642 173.014832 183.173646 184.689321 178.632731 172.806431 152.574962 145.823732 158.439615 164.912914 160.197792 160.427266 164.897400 172.340311 169.857580 175.442538 195.799088 212.001448 203.030316 201.759983 209.796650 206.923344 212.544928 226.569484 222.695335 226.879902 245.751287 242.831022 242.894764 230.675451 218.948430 222.897876 246.776739 253.375576
151.892518 148.648403 143.661621 121.028064 93.075563 118.005064 139.139905 147.819824 150.213582 155.212918 158.974876 160.647639 161.766668 163.163203 160.509083 162.562272 170.990164 178.014589 170.699680 164.792208 164.738112 169.061348 171.582804 174.918407 178.385546 181.354226 189.024064 185.416321 177.493569 160.441882 149.571174 153.464925 167.926973 156.782010 155.415974 179.487225 185.153734 181.059249 200.132718 210.776760 197.825646 197.320210 194.013177 202.442661 204.492114 207.794293 209.020384 212.142265 214.275160 227.519824 234.272309 235.990480 239.596902 245.991610 252.533258 263.810260 242.447274
149.469545 146.004809 140.433219 125.702791 94.596684 117.067550 134.076078 144.542374 147.272028 152.643457 157.082548 161.907967 165.504820 168.080024 167.975465 170.155871 176.955330 188.910378 184.152284 172.566268 172.289988 177.692680 180.755280 177.350390 180.820801 180.959914 186.654175 190.027423 187.240185 168.545216 157.727407 154.076670 164.454573 162.600130 155.330389 172.371010 173.647903 179.089576 201.188426 192.866143 190.806771 194.577633 187.779823 202.734195 213.903722 202.114175 200.383180 204.398932 211.930965 219.610804 228.927026 229.768456 231.330719 233.550768 238.644575 264.037555 231.889261
144.857730 141.990503 138.495268 100.022774 90.417112 112.874215 135.527938 144.839797 148.519934 153.327819 157.841668 163.286834 168.333782 170.924376 170.696265 174.692181 179.984961 191.148616 194.233299 189.245508 185.263174 188.796823 189.662164 183.153647 182.007586 179.994399 186.202888 195.499378 194.322968 176.350714 161.632121 159.017540 165.106618 171.702602 164.436987 163.839736 165.751397 181.985672 182.241073 177.754013 187.399602 187.972600 184.925526 202.350500 201.740048 200.587408 203.265166 203.347360 210.655295 218.833767 224.768001 222.658186 225.761041 231.331064 236.636471 262.026183 233.803717
141.119175 136.151877 127.271774 116.426765 91.073234 116.590379 135.043797 143.732209 147.654212 152.859712 158.870772 163.939898 165.889810 172.137264 172.680800 173.168038 179.903091 187.114839 190.313357 197.511280 199.394376 194.788047 197.795401 195.680918 193.530445 188.673353 193.507075 202.763604 196.010239 180.360771 165.291937 161.909670 165.264623 173.836084 172.723180 167.601342 168.191367 185.368088 176.326575 180.165835 187.272513 184.993793 181.871459 186.131571 198.362138 205.759033 208.397395 210.792842 212.524937 217.345839 219.810665 217.671932 225.831589 238.380284 255.148579 262.907830 234.218412
141.497682 130.524261 96.187301 91.751552 107.825076 124.035636 137.198902 146.516885 150.796535 150.211827 154.198454 158.531628 158.926697 166.060923 166.963303 166.010494 177.673826 184.753945 181.808515 184.511798 200.511831 196.184451 197.182092 196.308386 197.323704 195.684102 198.319440 204.735705 196.268320 183.021775 168.436168 165.386128 170.156284 175.200555 175.646015 169.962283 172.914753 182.523045 183.811920 185.617612 188.181908 190.049197 192.570043 198.588270 195.670474 195.416056 210.179658 215.702031 218.383286 224.569443 225.019067 222.701334 231.226235 234.329656 253.032177 258.613150 233.463894
142.800216 135.193112 120.419987 92.316959 109.665058 130.063655 141.562831 150.621242 149.360983 147.107104 148.295065 152.144727 150.769611 152.508159 157.158750 161.411601 177.818337 181.771128 174.675856 172.337390 190.338549 194.305112 191.578742 193.287161 193.658266 192.816680 198.293984 206.779383 196.066477 184.010000 170.602343 165.172930 172.739874 177.992632 177.358656 175.769096 177.991336 181.280545 182.996882 172.226962 178.967191 174.574722 183.275779 197.729923 195.247301 193.531733 212.025060 214.096605 215.555110 216.488224 217.729842 217.823158 227.329717 229.309617 252.092829 253.288144 224.864477
141.173046 138.299157 110.256402 103.268608 106.301367 111.448380 131.751619 133.962697 129.102930 137.926390 142.645456 145.900865 148.969181 150.727564 152.749322 159.114127 169.679219 179.335617 174.407097 169.411318 187.997024 191.060400 186.664913 189.023977 190.162601 191.006905 196.830418 207.752527 191.636113 179.678909 170.513361 166.828385 173.903028 179.151848 176.800701 177.084053 180.354159 182.690262 177.387658 171.131525 189.696863 192.485612 195.566043 194.898883 204.857812 204.419692 206.647166 207.175548 207.152423 211.457089 209.331398 208.216540 222.027310 228.071391 254.028939 253.404401 222.465123
135.606995 112.886077 93.092913 98.990507 101.329586 104.772760 110.161387 114.552522 118.792988 131.782048 139.583418 143.678230 146.719956 147.905750 148.376290 150.683832 159.811718 173.749792 169.986295 162.880420 185.608526 185.382064 181.871654 183.460879 187.959193 188.626237 198.547825 206.678717 187.435434 174.391580 167.999424 167.411030 176.295414 176.476260 173.108844 180.543160 180.969454 184.360251 181.600711 176.562634 186.538049 203.567214 217.281002 202.910634 198.615570 208.884379 213.857399 215.267187 217.407588 218.955658 210.813094 201.776667 210.127696 213.227620 236.782134 248.832758 222.784068
115.032015 91.431054 83.312382 100.963460 110.119741 122.436804 132.862819 132.370970 134.719981 134.835826 133.273582 147.049972 143.672010 143.543265 145.667007 144.742108 154.218335 164.255558 162.042238 159.282391 181.627623 179.725259 177.958683 177.725484 184.682492 187.848204 200.616603 196.282482 176.256540 171.098789 164.693770 169.666428 179.149067 168.817858 171.189619 187.996964 186.232601 184.167339 184.047448 184.414552 190.924766 191.340211 199.864461 217.079598 199.424239 200.328226 211.785326 217.451807 219.894846 220.729662 220.642528 214.124653 211.429945 210.954610 229.232988 257.719422 230.497537
97.703817 80.503290 82.025818 109.976337 127.044291 141.928201 147.027980 145.364914 145.862422 140.601134 137.471990 141.453753 145.472188 150.429750 150.417321 148.489555 153.488832 158.117049 157.165424 161.670204 178.773084 175.953628 178.652191 174.106850 181.481429 189.917904 202.144734 179.096012 164.531829 168.250920 167.404140 176.543601 174.051183 166.878538 177.131210 192.700773 188.531498 185.006841 181.612185 183.433424 191.436788 200.524938 194.045178 202.110394 219.375199 208.967933 209.667010 219.060729 217.618732 215.517506 215.980452 228.659297 223.056403 214.426897 221.534642 253.414229 251.871591
91.199985 79.978101 106.673020 121.575295 139.463381 149.617925 150.187891 152.791283 155.360927 153.333954 144.752400 139.256354 141.842481 149.731683 150.472590 151.527064 156.426341 156.657738 156.493159 161.003203 165.030602 173.469634 174.316540 174.206474 183.508635 192.920733 192.543276 167.160293 162.110143 169.073338 177.666347 178.394129 168.717592 167.695055 183.501476 193.288769 187.933923 185.958498 182.707905 184.852646 190.308200 197.423999 203.725119 196.773688 217.965759 230.692064 213.670754 220.316267 211.203810 215.973141 227.656896 221.683040 232.671599 221.843828 220.923889 233.723269 252.168177
98.875083 99.307647 126.714213 144.521478 149.893986 152.833270 150.664325 154.717193 161.725748 165.983767 159.927562 151.479260 147.599931 141.580827 151.385717 153.736436 158.201286 156.687471 151.868501 152.089258 162.207779 166.396475 169.059128 181.249007 188.435177 190.610938 180.529489 160.371846 164.017415 176.536419 176.813670 170.759384 167.880051 173.893485 186.228271 192.429096 186.868200 191.378426 182.011139 189.122658 207.697954 199.789601 206.004567 208.355302 215.390673 229.358703 225.425868 215.844040 218.875420 212.292782 232.859038 227.800260 224.919895 235.061281 229.753875 235.442315 242.181133
89.938101 120.172583 143.814720 149.516235 153.426390 154.919021 154.462611 156.042650 161.873529 175.488357 171.617090 162.132542 155.779272 146.276431 146.839740 150.317537 157.120708 156.335161 155.697795 158.604396 162.967774 160.002699 174.651264 189.886846 190.546914 186.946780 173.700900 165.106357 173.343625 177.846838 168.271565 169.654225 175.342187 181.239180 190.975624 198.098548 187.262798 199.043102 186.198761 187.431020 214.922870 221.803478 208.953297 212.919495 220.996128 223.158792 230.325292 219.474220 225.127729 219.648349 214.715515 246.775950 223.896117 238.110176 238.396781 238.622815 236.676465
77.930594 125.894878 143.702003 148.405638 152.913779 156.387729 155.410341 155.253591 161.900848 178.124251 176.678877 167.462404 158.650002 144.471450 143.225507 140.343798 145.115343 154.849424 161.743516 164.575490 160.839328 157.533656 175.162671 185.584125 185.553459 180.626631 172.353977 171.888453 179.612257 171.134734 170.348505 176.876196 182.919812 185.840264 193.036640 203.472077 183.105969 196.093947 195.040987 189.551963 203.068992 224.159102 224.660743 215.915073 217.644993 219.876278 223.203122 233.089540 222.967837 229.584561 209.602167 243.138310 237.325452 234.837971 240.406620 231.613167 227.640217
91.051479 109.919086 138.844516 146.028677 153.521824 157.670617 156.238456 156.782856 167.050918 177.294696 177.715185 172.468458 167.937353 153.940844 146.770065 142.553655 141.736954 150.925820 160.403992 160.212326 155.715911 157.948940 172.860802 182.176176 182.819666 176.230379 172.282195 177.645311 176.115949 169.464479 169.431108 177.590246 182.545568 186.784481 193.123171 207.777693 190.898178 192.453365 202.417890 200.844784 199.092083 205.744330 223.310538 231.145564 229.636792 221.881358 217.970189 233.794948 223.071916 229.124731 224.369055 228.960322 254.392781 234.049825 242.180196 234.476949 234.533880
125.466895 141.430886 145.066898 149.364692 153.722816 158.175057 161.611660 168.382995 176.286774 177.073669 176.357444 176.701778 174.900953 176.059680 165.786946 155.496098 151.408949 152.839013 160.248152 163.570165 160.299634 161.557559 172.835639 181.509358 181.112731 174.926690 176.551447 176.825688 171.926859 169.232124 171.376720 182.087445 187.496871 195.207950 207.926142 216.422219 199.717075 196.250547 197.941463 207.790883 211.097515 206.376363 208.817899 216.216904 221.849702 227.076315 225.341554 229.439271 218.528694 225.595694 235.448193 231.334774 253.159421 244.433675 243.906863 240.690527 244.402643
131.664302 145.107777 148.732336 154.281541 159.233870 159.452901 162.174284 174.294858 179.536732 178.864863 179.802082 180.370386 178.985657 189.830979 185.186561 167.602724 160.670876 159.660407 160.220960 163.178373 160.873137 164.830785 172.227693 181.322442 179.712057 177.624532 177.117816 172.104248 171.208550 170.462601 175.019627 185.120118 195.269393 205.777104 220.127090 226.446633 212.556347 203.633222 196.599887 199.910254 210.214461 215.764525 214.341958 216.568783 215.728262 219.307501 229.823270 246.020841 227.205334 215.371008 229.351812 242.412742 247.417791 248.801039 236.156017 246.590576 256.905303
140.643807 146.425204 147.797664 158.979417 164.288965 163.945288 163.849527 176.175627 182.437775 183.402971 186.524881 197.197689 201.710501 207.580365 191.388224 168.628978 162.480099 164.845847 167.569323 166.277463 169.990977 170.469717 173.317256 178.045716 178.542834 177.385726 174.569680 170.555156 176.232542 180.763486 188.279463 199.822014 204.468155 207.996744 221.188522 227.104923 227.869356 226.090585 218.507820 212.485840 212.153087 212.889176 217.772748 220.909919 220.963776 214.918083 219.266701 235.076773 249.152114 228.716365 226.250275 244.322864 245.334605 248.516784 257.615415 258.051284 237.410152
146.472911 144.757978 152.401018 164.633247 169.642612 169.427021 169.175617 176.760612 182.573657 183.492119 191.626521 202.964519 205.411027 195.455529 179.096720 167.113447 166.551232 169.258615 172.660074 171.576158 175.961301 173.868973 173.145289 175.150967 176.978967 178.398095 175.445767 178.971398 188.180531 184.827744 183.563303 194.842164 197.820925 206.217335 216.256738 216.238509 217.447780 222.327001 229.727326 229.968718 220.669400 217.707201 217.386267 222.392240 225.745315 222.531360 224.124779 225.478380 237.638570 260.383207 234.896846 242.484718 248.687991 258.775794 253.587132 232.057504 223.530960
147.531008 152.225880 161.559691 167.693892 173.491233 174.278531 174.227847 176.398159 176.185619 179.353581 189.988484 202.767754 192.139326 177.155734 168.288277 164.895520 168.892290 174.958947 172.501318 174.216832 178.957201 175.719770 175.363870 176.233894 176.689845 180.762705 180.409423 183.410489 188.073548 184.400786 186.497508 190.771199 193.060837 205.644162 210.928477 212.457267 214.571185 217.117717 221.689920 228.261064 226.595445 219.956564 214.641590 213.799999 212.938224 220.016644 229.293727 223.726032 227.005675 268.195914 246.109502 259.655888 259.803728 253.561012 237.395693 225.621819 223.726657
154.114695 155.315197 158.963424 166.516002 178.304765 175.633206 176.739625 176.772995 181.202017 180.088627 186.448245 195.018121 177.690435 167.395315 165.440021 167.178153 173.388628 176.846105 177.766177 178.658121 178.186833 175.229675 175.264681 175.691621 180.253368 181.487148 184.113990 184.086179 186.885947 185.761633 191.326735 197.338642 197.017233 203.732392 210.745776 212.664233 214.144676 216.322506 215.287579 223.075122 236.834278 233.861416 228.341698 224.933549 216.740054 215.023533 218.404127 217.983982 241.265445 264.783938 238.263196 249.956318 258.650850 246.688744 232.989262 231.625312 236.931197
162.564319 157.467437 162.258198 172.289607 184.120125 179.808912 179.011657 179.873234 186.224016 186.544380 195.365064 185.361246 169.260443 167.348330 170.124512 174.538983 176.100957 176.678459 176.502582 178.283529 176.483699 173.243392 178.160247 178.067777 182.463172 182.932864 186.001781 187.108635 182.678906 182.993593 191.895246 201.832799 203.986844 207.311881 212.664920 213.774666 214.477499 217.497844 214.870835 218.384398 225.784439 224.219251 225.002984 231.206554 232.220685 240.571765 240.798740 247.818705 266.530946 251.851835 235.666140 248.210454 251.378378 254.520166 229.354077 235.845701 240.139641
