tests/3D/PSQL_test/output-maps-SE27XX/snowdepthN0021.asc
ncols         295
nrows         180
xllcorner     627200.000000
yllcorner     5109000.000000
cellsize      200.000000
NODATA_value  -9999.0
[rows 104 to 129 of 180, columns 114 to 170 of 295]
246.994011 253.577328 251.726495 247.976067 257.002246 255.650353 260.301826 317.014891 315.070268 302.141111 296.700320 288.635913 285.087343 281.011782 276.197030 269.201513 249.796242 218.461252 192.788928 189.007579 177.657981 156.948747 163.436532 144.750532 113.777569 100.099372 113.137016 119.856701 90.824270 70.378320 56.222743 53.911084 45.556793 32.833107 20.141122 21.708458 24.001510 25.222188 30.934632 28.934707 18.245059 15.202642 0.017664 0.005200 0.008722 17.444041 28.749288 28.897222 43.771532 58.000716 88.128823 114.850880 133.089393 148.967669 157.723733 177.590122 190.254945
249.664485 257.421312 258.910028 257.188572 270.852916 273.694208 283.995270 322.680191 316.738401 307.228525 297.093110 300.067509 297.302711 291.680137 274.098292 244.615547 223.224479 209.201753 192.440404 187.195024 185.890542 191.122549 189.039030 157.450134 109.760356 89.836133 89.256697 100.756548 92.792815 70.710515 55.743504 48.179242 46.470131 39.589338 30.954096 21.074713 9.473760 15.442675 17.200803 11.297556 8.051749 8.972926 0.015640 0.004925 0.006119 14.418396 9.564049 33.066719 42.704725 79.094564 106.604997 133.838443 147.958930 153.679179 161.584974 179.299485 193.696522
255.233694 262.003053 263.532402 267.962914 267.947520 274.849181 298.934573 318.431728 313.729443 307.662943 307.732939 316.581307 307.834294 286.021682 259.784687 229.402333 213.097654 205.426370 202.542353 195.131867 191.920773 208.911452 199.437722 168.948087 110.114940 82.767759 71.763698 80.322302 79.028756 71.389664 54.445943 48.275705 45.923115 43.688606 37.179957 29.449855 25.181594 8.395170 27.940085 24.919193 17.825904 10.981432 0.014637 0.004627 0.005850 8.647637 28.209245 42.929382 64.814529 97.752419 121.002310 144.943279 157.445646 158.370914 164.316487 182.235927 193.563505
275.821652 268.643423 258.219822 268.439323 271.065304 269.000051 299.184447 316.271288 312.064171 318.227746 321.887138 316.595890 286.302560 265.902435 245.516126 219.634547 207.614159 210.738624 216.988434 204.535699 201.555614 217.683814 202.658232 176.977503 128.660492 71.132303 48.489319 45.361383 65.127071 62.446916 52.968590 42.178905 29.035696 29.663836 39.361130 31.000771 19.448911 7.837004 10.809560 16.448979 15.875658 8.046482 0.013270 0.003138 0.007109 9.899160 32.706253 54.650996 84.349703 111.309382 138.140651 154.929354 168.407250 167.025150 170.014331 187.155053 198.098133
288.830462 277.467831 269.754339 271.015369 281.329707 274.470619 296.399924 320.876689 319.454221 332.949026 323.421469 305.378874 269.773861 254.690936 230.987652 215.274525 223.444228 221.461784 205.143038 209.392896 219.332594 215.682390 203.784848 185.917150 136.320068 74.518892 91.552342 52.621038 32.444898 41.126226 51.224255 20.750171 9.673492 10.298087 22.230629 35.926123 28.132234 20.360511 0.022005 0.015831 0.000000 0.019793 0.012649 0.002792 0.008719 11.412843 36.484972 63.532847 98.725100 138.920193 155.315604 166.213550 182.169770 178.035692 173.173468 203.277620 217.874309
289.692649 291.907610 298.665867 283.560653 296.939574 290.361410 296.820288 318.475366 327.109277 348.741784 328.139700 311.591273 253.170733 224.682987 222.765415 237.991547 228.743847 214.379304 217.520597 231.797891 231.629535 215.978862 208.520158 192.864052 155.384244 138.157737 131.555152 77.171321 52.766358 26.822616 20.428340 7.670704 7.793506 0.025550 0.023391 13.070624 7.546679 0.000000 0.020190 0.019458 0.007147 0.015805 0.004677 0.005569 0.015873 13.614986 39.024660 79.832883 129.324360 155.028288 169.849997 176.690449 189.702738 185.681621 183.850953 230.868342 211.657975
307.090144 317.598474 308.118454 296.368127 305.006748 302.810253 284.876782 306.668706 353.135663 348.201586 324.231197 296.219483 224.356275 200.618832 248.760714 252.429596 236.361076 234.054869 249.840687 246.996972 237.979209 226.302331 220.913628 206.865778 184.818218 179.622434 153.783357 94.486218 54.892620 47.120349 25.555071 27.125017 23.142525 19.759389 0.024502 0.013857 0.016841 8.725316 12.120191 10.855295 17.073896 16.146017 0.015563 0.003203 0.016636 17.810325 45.553871 84.537942 145.583161 172.223379 184.289652 190.644378 200.816211 206.474759 195.489234 215.255612 183.792087
343.126607 321.824580 303.305044 299.948239 305.109808 302.576067 299.097933 305.533690 364.727640 328.200002 318.359597 275.437673 220.531385 227.097523 245.029651 249.158865 257.985587 257.912718 266.766464 254.058276 241.156659 228.587723 219.828091 204.616365 198.612030 193.635974 162.160135 113.285540 68.631828 54.216973 49.210224 43.365489 39.947207 28.105321 19.358284 7.504143 7.431471 14.237101 26.582893 22.679192 23.332895 10.932033 0.008762 0.003174 8.263957 14.649386 66.123124 105.552749 148.308664 172.426270 195.853774 199.697044 214.161008 209.226671 195.844103 191.262489 173.654900
332.806846 329.292105 297.467058 297.771440 306.908429 294.725278 287.683170 305.323979 345.334736 320.852503 289.608709 275.854546 263.402355 248.814673 250.158508 255.293760 266.406957 267.326265 272.835062 258.560629 239.712423 217.081768 202.139201 189.693460 181.806076 174.306214 147.073679 104.093966 77.254918 67.762294 57.204762 48.994133 46.184140 42.009113 31.087150 24.823414 24.798119 7.542147 7.639671 8.488258 7.987705 0.002702 0.001570 0.002321 0.005009 26.405636 96.086832 155.006432 154.591449 170.531058 210.441067 200.983732 211.451860 189.891746 174.962437 162.107028 160.646159
308.719025 362.680217 312.704840 302.056078 312.039142 295.034306 315.992174 362.397000 364.922736 309.686052 280.900081 302.186588 288.547304 277.148322 278.691627 274.306819 278.818369 281.542548 275.996581 232.848009 200.148625 194.176694 199.281910 192.070194 177.703730 151.419766 115.502302 94.736789 79.042572 68.357549 57.370815 50.327996 46.345805 37.880923 24.636079 21.562373 16.082002 0.019982 0.004428 0.000911 0.000483 0.007079 13.142989 10.627095 0.004637 22.792462 132.889296 80.942503 83.732271 126.246120 153.334859 141.828353 163.764066 125.458345 123.465189 140.141278 150.667562
309.668031 342.758804 351.074177 297.510034 292.101460 307.103785 359.443677 360.231326 330.571954 303.864698 310.928371 316.902474 302.284948 290.717235 293.231710 287.115251 298.556486 295.333698 259.163168 201.871417 202.054319 208.291394 205.129543 201.583394 191.930399 169.914960 148.860034 112.757783 84.545933 62.438819 54.298725 48.520717 42.385548 33.140192 13.358594 8.031617 0.021757 0.003022 0.009817 0.022596 8.500613 8.461581 23.964851 25.571054 0.019469 11.990722 42.887586 30.551156 53.999724 74.697321 85.653799 116.984936 126.122346 95.903365 85.707987 120.403789 139.160665
328.277544 326.664986 363.126514 343.411958 317.933256 350.242449 369.485905 352.432718 342.533045 325.443198 325.402797 325.451267 316.848439 301.468676 293.833042 295.739072 303.882361 266.965044 225.846894 217.512114 225.866865 209.929007 203.167371 213.984008 206.989848 186.374558 153.372747 115.684855 86.891152 71.809099 60.762354 52.561709 41.334911 16.903712 7.448652 0.020702 0.004322 8.008706 9.349938 22.278051 12.380421 12.061720 32.843644 34.925707 40.511248 0.005774 0.010879 7.954268 10.486085 31.720225 32.984333 74.541901 62.660666 46.657202 48.356314 48.027533 75.372817
330.984928 355.486773 342.835646 396.054825 386.014069 371.785325 359.116064 349.725859 344.365526 335.477833 334.601288 332.115339 324.207388 305.881218 296.556108 325.379979 288.194947 249.524522 235.735123 241.147534 246.141670 235.721742 225.972206 224.988229 206.906979 190.279121 158.809332 116.120370 109.144586 88.938257 64.742646 55.052035 29.648144 14.187053 10.022345 0.016999 0.015728 8.691204 26.478470 30.608960 26.272918 26.894416 47.641158 66.372802 81.263487 44.444209 41.279627 16.458678 0.013214 9.311715 8.022665 10.319394 20.295299 22.139439 23.842897 22.983290 18.614396
324.135755 318.785615 349.450415 382.135749 389.517557 364.351036 348.687424 343.565181 343.231284 343.049718 341.385482 333.658848 315.149846 300.035851 310.764982 328.534155 261.731658 261.628906 254.584264 253.178723 248.808473 221.393327 219.333487 216.362009 203.438423 193.416264 164.413589 134.292125 117.511823 100.909826 69.527296 34.753328 37.100993 7.772627 8.038799 0.009665 7.829835 20.136002 36.648709 31.704679 43.256031 48.467288 58.420875 90.919588 123.744559 95.691379 55.711011 27.702643 16.934265 0.011732 0.008801 0.009863 0.000000 7.936242 8.512439 11.943027 13.835370
386.247510 330.090572 332.655948 352.835320 382.025557 370.053158 337.798111 340.671909 340.192298 344.917651 339.716874 313.630587 296.524599 318.511134 316.415815 285.017340 271.783772 285.905114 278.159036 262.224777 233.188805 209.131741 208.331079 214.016502 203.536472 198.383853 191.853455 168.471985 135.581078 108.236321 69.225927 64.562218 33.786135 7.816429 0.016586 8.323709 11.399078 28.502825 45.203395 46.533797 60.233306 68.123247 81.339566 126.343537 162.108969 149.859072 87.585026 39.084728 19.103964 17.297281 8.498193 0.010844 9.921937 8.682745 7.730199 9.837563 11.550046
366.590418 416.468469 405.328485 405.943985 385.395313 332.987283 333.099801 344.176294 345.056646 337.101154 334.596457 314.253244 351.990008 347.863736 312.961109 285.303423 291.815091 298.891135 302.939978 256.691217 240.174127 208.751788 196.980365 201.043907 200.949717 208.059069 201.940625 175.461577 151.126789 96.316950 110.104547 66.259897 37.734589 17.814374 0.025697 7.563931 31.601681 40.113364 54.150714 52.511210 73.464880 82.584872 106.551525 151.853823 178.093951 182.414773 124.882380 78.564059 22.073936 32.986598 23.212601 17.152224 9.264860 8.098773 7.701742 10.611564 12.658226
371.557301 408.963880 377.758359 367.338294 351.875849 331.215560 349.704270 348.450061 339.036549 330.016658 335.407945 347.652067 370.030217 308.566503 314.354743 306.805056 308.205806 305.505170 302.160259 262.363326 256.580861 232.257168 221.329689 222.576053 210.612334 206.544925 195.788676 177.151948 128.058321 148.692414 135.782878 88.635594 48.403668 17.652180 7.995068 8.011976 31.045264 45.260586 65.301177 58.510552 77.214099 92.604538 131.906456 157.366498 180.937711 195.380432 141.938681 104.154311 42.322883 50.386947 44.989255 31.535261 23.915972 8.552267 7.630852 9.641700 11.590832
417.254977 380.763244 383.849810 376.302468 350.175194 349.448447 362.918280 356.466698 325.010546 347.567628 359.790479 378.487300 337.758422 322.093184 329.798890 325.734775 320.462500 327.442402 304.695082 275.461190 274.468103 263.868835 253.259035 242.436682 216.248231 196.475490 191.614316 172.153229 183.386817 186.759087 172.759626 127.877561 68.741690 43.360815 18.204411 16.698319 11.546878 34.313928 57.546276 68.103327 82.940429 99.953941 145.628347 164.722811 185.812813 199.144238 146.366383 121.295971 66.734065 68.119386 65.415811 64.845912 62.826879 10.492411 8.459418 7.784483 11.256894
409.024988 373.964955 391.410263 374.397200 353.846381 357.137668 366.640703 357.338115 343.767337 385.021026 358.147861 355.638263 343.894753 337.474669 332.365996 328.795393 336.742644 330.173721 297.082231 284.220387 252.097959 212.954106 201.955879 197.532293 194.188026 191.143668 206.150730 198.123707 205.645420 203.452100 182.406520 150.882810 108.260990 54.285110 30.361166 11.134062 20.196305 37.953552 57.004766 77.525579 85.451702 102.662391 146.544812 167.990536 192.406672 203.281493 152.386398 136.309246 91.635824 85.995195 87.035126 87.119544 92.249914 32.602654 8.386552 7.928241 10.174772
400.870395 380.477714 392.145680 387.535420 367.990413 361.884906 363.365054 364.360418 352.526472 386.084248 337.154904 354.572089 349.007938 340.492179 332.410937 315.164896 294.065815 277.557456 267.898235 255.608001 218.613715 210.468200 230.508992 209.966043 197.032742 190.305281 191.621689 206.583077 215.917637 206.507167 186.886873 163.739178 121.358350 72.146016 30.956392 12.175069 35.978912 44.529199 62.111554 80.229097 90.094841 111.056811 146.609071 169.849700 194.234190 203.500270 160.036108 146.865837 120.602524 107.153850 102.594765 100.232677 113.044842 60.507420 10.242656 7.927732 8.219085
408.117755 375.059058 385.250958 384.321908 381.987373 366.514757 364.776007 367.854325 352.422145 379.068870 326.509960 341.831461 337.160991 326.542608 312.003710 287.916121 281.561434 266.096848 249.767672 232.951146 229.888814 243.033209 219.466178 199.694448 184.905723 182.443467 195.792413 222.338573 217.645906 203.782604 180.504329 155.683000 118.419425 87.121615 40.584810 20.030423 31.207269 48.431992 67.715041 84.509846 101.746973 126.252546 161.650275 174.536128 194.795022 203.613178 158.347378 146.210762 135.260755 137.218186 125.311951 127.944129 140.535926 72.167299 8.778373 9.105846 7.977085
369.330999 404.797519 378.381203 373.475201 373.077456 378.625505 365.981910 374.406717 346.524518 395.884029 334.003618 331.194697 328.766292 328.984513 315.202799 298.144575 288.478359 275.230472 256.423460 260.000487 250.915218 234.365005 260.787100 255.031815 238.071543 234.011116 235.351952 230.272471 208.006153 182.937673 158.336222 128.826697 111.887617 75.718655 48.682965 22.094737 32.758904 54.895673 70.399346 90.700609 118.332928 149.514770 164.062699 179.900654 196.900244 214.614839 189.354497 161.798886 143.454573 148.202342 151.485481 154.539438 162.193238 89.640437 14.271380 8.528170 9.153953
354.209043 386.772429 389.042740 368.274391 387.809037 375.851626 363.833013 377.012487 347.174991 394.975997 313.718438 333.085074 339.740347 334.203438 303.961463 288.592409 284.236226 259.129820 237.008298 211.816611 219.911116 267.754889 273.866523 254.692074 243.127162 235.647664 227.841445 211.467971 193.649495 176.360731 146.547108 122.809771 95.372917 70.884946 43.359216 30.390919 47.424438 57.677881 75.165651 109.301849 132.470570 152.371898 165.282091 184.477082 203.765667 226.331766 214.589214 187.767783 150.446506 122.809697 142.326304 156.475407 163.196761 111.737644 22.313927 8.632281 8.655596
371.908718 365.310576 416.164934 385.469370 394.253803 377.144512 348.173294 363.373704 330.916512 384.436841 313.306483 350.596472 345.232120 308.955737 286.667065 259.850542 265.080563 233.333263 242.426569 246.943264 267.644036 287.269797 264.643606 253.465210 241.380905 230.761278 217.447028 197.210445 179.036928 167.996292 144.778602 112.677156 78.892000 47.785321 29.920361 46.127978 57.479867 80.312471 99.565217 122.816398 142.822175 154.691129 175.628767 197.527940 211.713416 231.765701 223.331269 210.707010 196.235946 149.770908 138.319928 165.936810 164.926704 138.461950 64.541893 14.047931 9.487173
355.518647 340.865352 374.936180 349.805433 362.493170 366.063383 325.253006 344.858511 311.648529 382.619546 323.126845 355.103150 331.811341 334.706162 321.224734 305.652175 318.202787 300.915506 317.255332 319.311647 308.435053 277.329487 264.410718 249.004134 233.273886 223.631774 208.905402 186.687822 173.178343 156.570735 126.215393 98.452426 77.445887 47.015147 42.038707 42.381573 69.236087 100.470375 126.431725 138.489167 160.451064 171.321094 199.922908 212.907852 217.193187 231.110836 238.202753 235.259313 236.856539 210.222836 167.257122 165.555951 157.729148 154.502282 100.301579 35.195195 18.519540
354.293986 360.520161 389.174359 368.778539 362.556946 353.538684 326.838078 343.390028 302.048395 374.333265 349.618625 361.695270 363.105532 377.263402 336.952618 327.908404 302.317072 264.638234 261.120748 263.074924 282.675429 276.712697 260.206139 247.969628 224.396360 215.983466 200.392297 183.591970 170.633817 146.729180 111.685347 82.794404 75.599376 68.343782 49.853855 44.929751 79.312690 105.203868 138.274495 157.980510 175.280980 188.453522 212.723456 220.157363 220.255639 229.139842 242.357170 235.568964 238.914387 236.274144 179.596432 144.370463 153.187806 152.293846 113.741311 82.538115 35.574423
