tests/3D/PSQL_test/output-maps-SE27XX/snowdepthN0012.asc
ncols         295
nrows         180
xllcorner     627200.000000
yllcorner     5109000.000000
cellsize      200.000000
NODATA_value  -9999.0
[rows 78 to 103 of 180, columns 57 to 113 of 295]
250.986203 237.418092 251.512997 264.866711 269.270093 252.107879 229.737687 243.274520 262.357412 266.104416 265.973903 264.301255 261.845530 261.638122 259.712180 259.530161 253.655906 249.658069 238.865688 254.413478 260.452392 245.498278 246.750614 249.777089 258.029142 256.083308 232.239257 211.101999 183.835047 167.260481 169.872030 174.116971 200.027569 238.838957 257.945534 254.706483 249.605522 261.255647 265.213357 257.685458 286.535309 316.944510 371.625254 343.496094 352.212747 349.124367 339.877392 384.713100 342.567481 356.393126 356.908005 355.779086 350.976496 336.153464 274.506254 239.958904 266.130207
269.229181 263.354296 265.561510 275.468500 279.547559 266.776874 254.493937 267.181672 278.261455 277.476729 275.991917 273.023536 270.627021 268.604981 269.225021 268.514503 266.572310 266.810932 260.954611 281.723094 261.544111 255.998322 255.881782 263.065251 268.435127 258.875904 238.694007 204.601022 169.572250 202.532666 195.366666 193.295266 200.072739 241.710314 259.563573 266.449599 262.595277 264.471404 264.828412 266.211034 296.660107 325.234415 376.270525 347.701934 357.387413 336.835491 364.652372 372.524724 347.442309 359.980239 362.650479 360.002803 353.977348 355.497584 334.247386 236.961797 201.784871
281.520558 277.371248 279.946466 282.747463 288.312409 283.252442 278.982156 286.367229 291.410434 289.557225 287.233407 284.785990 283.704953 286.689964 288.881127 285.705081 284.620382 291.385444 292.443431 282.108513 271.187333 269.446497 277.340624 277.351272 273.822994 259.619468 240.118296 213.594251 197.017498 227.966962 213.597023 181.300515 175.889733 233.659829 269.536375 274.029594 276.829768 276.680758 266.627316 256.647410 277.647411 309.666477 389.688531 345.350190 362.480499 339.824751 394.291501 349.619177 353.449977 360.492151 359.364978 361.628161 359.555696 354.679521 331.157175 266.359364 198.507525
291.348056 285.166611 284.430487 285.705615 294.180214 294.371197 293.090289 295.641318 298.086122 299.975934 294.164998 291.098553 300.961627 308.309566 303.826669 295.095285 292.361430 314.134475 312.739249 283.282741 273.469807 285.605059 290.969647 283.538818 277.198818 262.603833 247.304638 228.991664 222.807309 237.269755 225.173073 190.788954 175.860334 227.509612 274.587581 282.881966 287.835511 287.819151 277.748452 264.946707 279.351356 291.078728 374.882413 344.807523 347.740301 361.251770 387.450478 353.175685 356.330674 363.736416 361.465369 360.949417 363.841441 346.008437 297.947622 276.816915 238.717139
299.747514 290.305179 288.819570 287.909619 302.916351 304.004225 299.718410 303.760639 308.860240 311.563593 303.052747 308.302156 323.406903 319.835570 307.290602 301.734870 303.914447 333.965945 314.412077 297.188839 288.311384 310.527910 290.279522 284.663120 278.240902 262.895261 246.364132 233.456172 229.718180 251.608137 238.025533 207.112793 196.966154 243.994779 281.539963 294.960155 300.234359 297.194746 286.603051 267.259654 275.611559 282.152099 347.347487 367.476451 341.216504 373.664925 385.512963 367.822944 363.710640 364.958738 364.959198 362.190312 359.293039 332.490682 270.714469 268.260170 263.105515
310.818545 304.755540 304.946820 294.286255 318.408061 318.387879 314.402251 314.729173 322.782216 324.736819 319.355138 334.886944 334.971869 326.215882 318.776281 317.247396 323.960313 352.116588 327.825135 311.905529 324.567053 326.757854 290.813762 288.409605 279.056561 263.144143 246.628690 236.470557 229.282706 260.894215 245.417844 232.825010 224.793679 256.063056 289.689221 306.826647 310.855208 298.718972 290.394263 266.964138 263.714837 281.175630 336.852642 414.528239 388.366336 381.701458 379.289014 379.342801 371.560067 370.033099 366.379634 360.051715 357.199949 364.391413 284.929513 245.560852 243.479644
318.624943 313.753566 319.553222 307.403087 334.760389 339.762202 326.505016 332.120393 332.660858 336.869969 334.373054 348.639552 333.360769 332.720998 323.521212 334.082270 347.115775 371.206586 346.075340 338.770829 358.971184 331.269088 304.291487 295.608323 279.251969 260.434010 250.507061 237.170476 229.926552 253.391982 243.280538 232.199943 246.735548 262.037296 281.592386 302.787066 307.433075 277.558459 260.698524 253.385033 251.128454 294.496370 369.038030 425.171464 368.920625 379.958884 389.993635 384.416848 377.956100 372.188956 363.624067 354.394272 384.869236 335.017721 255.763538 243.689293 252.699181
325.936517 319.442336 319.970764 313.901282 340.297720 361.673030 335.598420 342.830278 342.561289 358.447267 368.564375 355.935457 345.858336 336.393110 332.729271 362.079274 376.406717 376.311082 370.902285 370.950100 359.374747 333.453850 320.485337 307.674255 277.614599 257.873757 247.910464 232.954320 225.714925 226.869664 240.977841 226.665806 258.123935 266.125677 279.470962 310.687382 302.459788 272.871166 259.192755 256.489051 277.875857 333.409801 430.182106 387.785396 375.238066 393.826062 395.092877 389.460107 370.958996 352.123043 338.225891 362.353944 374.039434 288.854689 265.312205 270.370702 277.278707
344.561640 323.291353 320.556752 327.595945 336.183925 375.195554 351.326487 357.974134 356.753746 371.400199 399.996584 371.325659 362.935145 344.919887 360.460587 394.989878 382.294213 372.377832 368.668363 354.565515 337.094843 320.533791 308.679160 301.225064 281.099334 257.382964 241.785441 230.372898 220.540708 230.903801 245.622782 238.284597 280.802818 297.160846 297.665323 294.348827 306.782132 301.509009 291.000535 298.393478 321.723944 390.227498 426.113758 378.939041 399.468959 396.504090 384.810690 364.563341 353.954714 384.676257 409.225076 408.548410 350.989819 283.360023 275.410665 287.099597 283.047205
356.167004 338.908059 339.544093 358.353252 357.400720 395.893072 372.388046 365.486038 375.296705 371.273650 407.803469 381.694903 378.976074 356.240366 396.717904 414.520178 388.029239 378.689071 370.659084 351.892998 330.482021 316.341139 305.438843 291.502252 273.267585 254.682584 243.692341 237.488556 216.200322 245.411066 251.221245 250.013554 307.996968 291.067623 295.505610 294.150631 340.023061 338.995479 334.041515 361.140251 393.979884 439.213337 402.756026 409.199512 404.880789 395.001746 364.009457 383.691418 399.387390 399.781874 390.777658 362.804807 336.726679 293.619319 283.873088 287.222762 286.878011
357.937997 352.699584 366.242310 376.208716 374.577777 397.525609 391.186232 369.535358 385.043576 378.756729 411.872313 391.924038 385.785872 388.361287 422.737074 390.642917 374.898574 382.113287 371.572614 350.447053 328.592736 321.010003 314.331820 300.657382 271.409631 254.014658 255.579049 223.864247 229.213809 247.601004 231.687315 253.402288 301.653150 295.113030 299.312097 314.817551 345.014408 402.850229 402.759154 417.698819 454.455189 411.157993 418.880110 419.809540 408.629710 397.998058 408.393641 427.347888 417.213530 399.062143 387.488284 360.353172 316.049471 302.914248 287.124670 285.945405 282.292418
392.201304 379.428964 387.581655 381.470642 386.473372 393.456963 409.442432 374.087212 392.885045 387.664945 413.848532 402.134193 396.061341 418.025880 409.731892 364.999698 357.947035 357.485179 355.909058 326.498483 318.908474 321.083827 312.597029 294.423814 267.468448 254.452103 248.653236 237.722042 259.706142 263.566794 261.479358 316.941277 398.724826 408.048451 384.085979 351.573205 366.832560 413.609216 404.827167 433.855999 436.586718 428.135612 420.243603 409.024522 404.361589 393.359903 425.099161 399.139097 401.791626 422.809846 356.055645 342.630575 322.810641 304.828274 294.560557 275.893989 276.088871
396.667690 396.472002 402.590523 385.775498 399.641100 393.483844 424.791584 380.073213 400.398949 392.596106 415.756748 409.012174 412.867740 421.065665 393.785825 366.866012 360.676052 361.698452 352.108860 330.077304 324.033205 320.276988 308.218339 291.101871 271.496491 257.490772 246.418344 261.155492 297.159434 270.096690 283.831187 308.649427 311.185247 311.269994 351.114272 400.278437 419.226389 423.228932 391.055404 440.789098 411.829916 419.350571 423.673375 409.859853 403.757517 425.830789 433.567810 348.950530 351.469286 347.745525 295.921272 288.037392 279.314658 288.843471 296.270645 269.666839 280.151219
409.113003 403.329258 414.971989 396.712459 407.280063 405.152645 431.137775 390.445610 403.389708 398.822972 411.335487 408.038681 414.698735 413.986376 395.213283 376.346809 369.454235 364.014706 356.893680 332.363516 329.216805 310.812328 303.598560 290.852904 274.479139 264.907667 251.134886 252.050944 301.222547 293.837791 273.160951 281.213078 287.821665 288.542412 282.670783 322.843853 388.127160 420.974207 392.387116 464.892375 445.307949 456.790891 449.627217 439.935150 412.503438 379.910921 389.470193 317.891474 334.953153 331.243318 297.644133 289.542596 286.421893 280.903004 270.585783 271.615332 280.037939
430.631633 419.103942 411.917092 414.095613 411.105822 417.435710 424.656757 404.266535 409.113799 406.681737 408.126042 433.892660 423.866822 416.074592 397.545646 382.083963 378.288271 375.098252 356.084453 335.220170 335.176769 322.934360 305.371241 293.861262 284.615813 272.533046 254.007964 257.077576 298.678147 306.658753 316.361373 332.728706 339.753780 322.489489 323.458505 331.744126 354.402522 397.065529 407.409628 438.988068 458.268931 435.999436 417.742922 380.758758 349.939045 332.974344 322.908440 331.117106 322.782299 350.951787 319.948606 304.793439 287.764389 276.349843 276.822366 284.430921 268.694900
421.265043 412.109928 408.411431 417.323663 404.043065 423.659654 412.109921 414.022892 413.735177 418.291683 436.550807 441.388858 415.858327 406.133987 394.075219 379.844795 378.275170 375.407859 355.915428 341.414879 341.987595 330.178529 306.756989 298.565646 289.098740 277.785046 258.480181 246.212351 285.938312 318.044472 290.911663 286.532973 286.873805 263.255321 310.169815 360.046651 350.053192 397.155981 431.961221 447.912671 461.389643 441.232023 421.178399 402.804013 388.235490 356.287933 341.596261 321.373607 308.043365 330.882249 316.660058 296.287931 278.109166 262.623382 251.183915 251.265136 242.889031
409.997161 408.351666 418.437236 407.340095 401.390263 450.307100 428.254266 437.579054 440.535697 436.595877 437.816484 437.482134 420.152367 409.732435 396.914914 381.714877 375.646999 368.634090 355.846177 344.330998 341.415957 326.615940 311.520862 306.688116 294.396237 275.346558 268.528145 244.463074 270.226622 304.866468 307.536307 305.295157 283.599998 298.716867 365.192521 396.642992 343.475424 397.969360 442.644886 442.771716 455.091768 438.610009 417.158977 394.941163 387.203870 327.572006 303.600674 309.006565 302.810571 318.897360 319.822411 299.407556 277.387771 257.864869 240.744951 228.436883 220.724592
415.793217 414.375280 417.608589 410.256534 452.256252 439.935644 414.763328 414.629714 413.995335 406.098933 398.261965 408.524313 424.058887 420.099756 403.380904 384.553970 372.583636 367.698740 359.247091 347.173667 345.003773 330.433796 320.413341 316.245985 296.233694 273.866514 270.029344 241.317378 270.079945 291.466027 286.765434 353.627001 388.050613 356.066136 413.023352 350.658707 356.941878 360.550529 435.135093 436.632911 468.380744 437.600371 409.877836 392.455344 394.892173 310.457283 268.554314 331.576792 331.828927 331.548383 326.973504 316.994921 289.097994 253.378881 235.661573 239.016296 249.547948
427.413247 418.343717 427.621653 460.345565 428.921971 384.618813 375.474110 385.184787 394.008437 385.672552 383.424776 388.211202 401.438206 407.741658 407.293601 398.221294 379.159916 368.674617 357.785117 350.501920 347.270862 333.482149 325.684666 323.439433 295.643605 273.103832 274.609288 245.747279 283.149310 309.012051 291.909582 329.388873 368.528394 385.096026 415.368740 301.616396 396.913655 373.637658 399.421406 421.437783 468.525695 476.511996 431.504589 412.997354 389.347407 310.608498 290.779269 320.329147 324.112156 331.999929 325.993832 313.721914 312.201308 263.453663 225.069502 235.406873 247.185529
461.398468 454.936504 462.737261 419.846107 381.976918 368.158696 377.507107 385.658150 394.380156 395.719854 390.264497 385.124057 386.906288 385.473769 383.125898 386.056235 380.594349 369.429375 355.625791 352.203582 346.308467 334.445591 332.321728 324.612276 297.307655 281.479844 282.357209 260.928943 271.181011 298.630627 304.191782 316.796153 316.992948 357.358174 436.542913 331.331010 353.157374 389.744097 422.576907 415.538303 435.128530 462.302178 382.350541 380.014012 346.553042 326.914237 343.054792 347.482903 344.611086 339.105970 310.698672 279.597462 286.385267 272.879732 224.126809 236.362537 243.433842
424.353111 429.383488 404.253572 386.333576 382.876763 383.655614 397.911470 402.506350 403.049822 393.605534 383.148916 384.509136 384.254795 381.247389 374.915075 368.935428 370.637363 366.943179 360.652502 352.041800 344.308230 331.939402 332.891668 325.720442 303.156834 290.018562 286.252463 276.747492 284.024499 302.283026 314.838076 323.987337 308.553992 349.682156 464.550026 423.453394 378.272365 377.174634 372.501669 404.256366 444.343190 462.808071 354.280697 347.878018 347.851459 345.807910 360.482041 351.969386 338.939967 332.649874 295.307041 252.438625 253.105661 258.655449 228.985523 237.012312 236.635465
415.561513 430.138533 395.563771 388.211668 389.833302 404.124216 405.626474 397.907886 405.313597 369.256364 381.708475 384.178894 382.742139 383.396657 375.759002 368.982764 367.116383 366.150898 363.416483 353.725724 341.038613 333.397025 331.965582 325.203472 306.903186 302.666807 286.283663 286.971646 299.141289 310.672058 303.343298 302.611528 295.083133 305.843061 379.618082 500.906500 427.622715 398.675457 448.599257 461.312924 480.466306 433.197926 334.790043 323.589758 355.710025 362.485913 352.555189 332.743323 315.496690 294.523560 280.720893 238.139186 238.639335 239.917873 230.837623 232.932057 239.874200
419.845045 412.041248 383.112101 388.883644 404.809309 410.177882 397.968964 398.115764 393.378291 354.954580 374.304168 383.793967 384.663950 383.392626 373.977952 368.746490 366.780301 364.680064 359.214810 351.672696 341.411522 333.791225 330.468198 318.499020 311.123631 301.025066 282.659972 287.417828 301.626436 330.616997 338.709948 310.524453 305.967166 294.709767 342.405507 437.990916 474.322193 492.032754 479.276846 390.661285 349.606272 331.632171 321.372036 330.124706 368.519097 366.426746 343.548377 311.106154 282.819741 255.761818 246.034366 240.025748 233.535098 240.231720 234.936607 231.718933 237.148563
436.806521 410.269142 395.422619 389.068290 403.684870 402.334055 398.744197 430.902394 414.876509 382.806571 386.571331 382.319541 382.093566 378.383081 371.907804 367.816197 370.507249 368.017021 353.485927 348.346795 338.928461 329.946416 323.457307 315.394525 310.620557 305.520117 285.440341 288.283458 315.452854 317.275076 349.460666 350.457713 336.493846 284.667868 317.933793 396.470393 490.005765 481.479102 438.179282 388.032381 367.055124 374.238920 340.700529 337.577856 354.081906 348.799237 327.686726 296.738558 263.038907 240.995946 237.484462 249.269107 246.993800 241.078018 235.479746 234.445880 229.699414
450.684841 415.066584 415.982536 411.909935 411.079058 398.517861 422.194987 445.362803 416.521853 409.425944 408.869886 402.246791 394.088972 390.102912 382.531285 375.713870 374.181883 370.618238 350.151334 348.734672 339.199907 325.902271 319.638473 316.893567 312.580774 306.426692 281.136136 275.143497 338.073032 330.243626 344.963765 356.339993 324.190120 306.128243 331.392175 365.558033 472.480697 487.233180 422.592272 414.224355 363.056730 376.448660 363.034574 346.531517 337.047730 328.376251 311.760513 280.326810 243.297659 238.033678 251.298050 260.214927 258.743698 241.684522 228.810318 233.524590 228.116552
453.345655 438.082650 428.566491 420.756091 414.843181 407.156204 445.353201 430.988923 423.157238 419.764687 418.304830 418.039743 410.145446 408.070423 400.642252 387.686738 383.090195 370.699927 347.490550 350.482507 344.724348 327.169016 320.131079 318.611893 316.047015 312.738358 289.207567 303.923990 353.649773 372.526096 314.528527 360.705095 315.399296 325.086957 345.031573 400.895949 450.376822 517.363157 417.851957 390.648211 405.190929 384.065473 365.628659 334.921422 314.043312 315.359819 303.390809 260.511797 252.858490 256.136653 258.673840 260.671289 261.715365 252.388516 233.881294 234.982713 222.911325
