tests/3D/PSQL_test/output-maps-SE27XX/snowdepthN0040.asc
ncols         295
nrows         180
xllcorner     627200.000000
yllcorner     5109000.000000
cellsize      200.000000
NODATA_value  -9999.0
[rows 130 to 155 of 180, columns 171 to 227 of 295]
8.286488 0.000000 0.000000 0.000000 0.000000 0.000000 0.000000 10.376349 8.549687 7.634282 7.588523 9.906907 11.998007 12.724491 14.141770 15.541709 17.131913 18.386199 20.363653 22.768297 29.677858 48.430460 66.805717 81.388732 100.205412 105.635713 110.436647 126.914085 150.947295 149.479081 147.038982 150.476663 155.177004 150.330571 151.796047 151.573718 150.119550 152.784009 162.070980 164.718306 162.048314 160.010861 164.448813 167.363264 169.190598 170.746934 170.485945 170.124499 166.092331 170.299581 166.956648 160.914184 156.127152 153.347924 150.490184 148.447601 141.837031
15.027423 0.000000 0.000000 0.000000 0.000000 0.000000 0.000000 0.000000 10.901952 8.892349 7.641198 8.363807 10.819000 11.315024 12.687018 14.030171 15.561126 16.828085 19.078789 37.456510 53.802616 42.798225 82.337546 92.147488 103.096315 114.202854 118.302306 130.865516 146.914625 153.007266 152.931611 150.259623 148.565794 150.719286 154.892057 155.778747 154.623036 153.278361 156.969830 162.524176 163.304187 163.953871 161.808084 166.376394 170.898895 170.964905 170.465988 170.440200 169.154824 170.732376 171.463539 164.431095 156.410851 150.984608 149.285226 147.993036 146.356405
87.599679 16.789151 19.689973 0.000000 0.000000 0.000000 0.000000 0.000000 9.391237 7.436762 8.843329 8.189200 8.461478 9.406621 11.592136 12.015936 13.737988 16.954295 26.906934 51.626067 58.879917 75.894402 79.854493 97.791889 104.169503 117.310650 120.603370 137.151617 150.109456 148.527263 147.087088 145.461880 148.131282 152.195657 157.802154 158.964103 158.483817 159.179272 156.196794 159.552608 165.048408 166.918158 166.569450 167.153957 169.779959 170.488577 168.916104 169.239042 168.819751 170.026404 173.085073 170.426388 160.063917 150.004727 149.918065 146.414881 143.785913
129.556057 96.399902 34.720282 0.000000 0.000000 0.000000 0.000000 0.000000 0.000000 9.375328 10.839306 9.349134 7.908859 8.057591 9.513890 10.709165 15.735147 22.560150 44.098214 55.014258 67.899562 89.442029 99.941427 103.259528 111.698887 121.152246 136.613060 149.189625 143.227390 141.869737 144.701480 143.124902 146.048987 156.192280 159.433603 161.053600 159.000119 160.698150 158.500088 157.742711 161.745174 167.321599 168.944200 170.134512 167.720175 169.423604 166.930252 165.185825 165.972657 168.161321 164.534084 167.970915 166.448101 155.321048 152.896874 150.446428 142.645486
130.699750 89.937721 0.000000 0.000000 0.000000 0.000000 0.000000 0.000000 0.000000 0.000000 9.219733 7.444845 9.017887 7.834836 7.690229 9.089517 18.688080 23.166807 36.146821 55.667537 68.947387 84.901245 104.200579 112.547717 119.165835 125.325985 138.534610 135.767116 137.244868 141.867500 141.090084 141.826771 147.889048 156.558783 158.590978 158.586835 160.793037 163.031645 161.044906 156.107552 157.642075 165.025031 170.392690 172.009425 170.390124 170.640740 161.459772 160.480893 161.427960 165.284024 155.848837 155.159375 167.306596 164.394190 158.274856 154.937526 145.473735
112.654219 42.168530 0.000000 0.000000 0.000000 0.000000 0.000000 0.000000 0.000000 0.000000 0.000000 9.634311 10.931473 9.259987 8.329913 9.025088 16.759557 17.899039 35.615671 48.266482 67.806509 85.324297 99.002663 117.743143 124.175987 127.790780 132.943412 136.136791 137.798162 140.304374 138.067983 141.216206 150.025322 156.815973 158.000506 158.496790 162.704709 163.450040 163.298500 157.404911 151.467172 153.428583 161.650057 171.359914 171.493409 171.497291 161.493896 160.945094 154.637800 156.277288 156.995394 154.799762 164.947847 169.798225 162.873136 152.367153 142.621148
79.500193 0.000000 0.000000 0.000000 0.000000 0.000000 0.000000 0.000000 0.000000 0.000000 0.000000 0.000000 0.000000 10.760588 9.673982 9.689000 7.697515 13.529875 30.137142 54.981214 68.408629 86.873277 107.153930 124.920894 129.454482 133.021314 135.780561 137.926702 139.682824 139.146966 135.148480 143.653105 155.467788 160.463899 162.771648 164.167451 162.615679 164.190146 164.357118 159.682807 149.795051 142.935542 151.339571 164.780504 169.646907 171.994324 162.943263 160.240055 158.544221 150.983698 151.220713 148.626016 156.444863 165.732318 156.131194 144.098538 137.062330
29.652534 0.000000 0.000000 0.000000 0.000000 0.000000 0.000000 0.000000 0.000000 0.000000 0.000000 0.000000 0.000000 0.000000 10.483207 8.613670 9.863220 7.614704 41.797930 62.993733 72.949744 101.352310 125.601116 130.235639 134.495683 137.307444 137.926589 136.958710 140.232472 142.519313 137.694468 149.193666 160.755085 160.478451 160.775135 161.864426 161.324657 162.519025 163.128262 156.598006 155.714471 144.705102 144.528655 150.359239 157.099326 168.241069 170.456527 158.667504 156.171281 155.532653 153.360839 145.709317 147.683139 157.333306 150.768173 139.592931 135.230975
29.716294 0.000000 0.000000 0.000000 0.000000 0.000000 0.000000 0.000000 0.000000 0.000000 0.000000 0.000000 0.000000 0.000000 0.000000 10.427081 8.105700 12.596775 48.279576 71.223944 87.401606 108.356371 128.559549 136.085383 136.756046 137.297152 140.286173 139.252033 138.230258 144.212584 144.377011 153.132901 160.783330 161.287891 163.749992 163.007190 162.891274 163.544791 163.379730 158.370248 156.699974 151.050963 143.105861 143.763944 146.683240 156.300352 171.352948 165.748390 153.808658 152.659839 154.198606 146.166830 141.265710 145.106550 146.679331 140.539533 137.084823
19.073773 0.000000 0.000000 0.000000 0.000000 0.000000 0.000000 0.000000 0.000000 0.000000 0.000000 0.000000 0.000000 0.000000 0.000000 0.000000 10.319562 11.286591 52.543174 92.708547 116.360878 124.157871 134.667151 144.424857 142.337136 139.628122 140.756962 144.177718 140.955928 145.282134 152.309221 154.502394 156.596944 156.738204 164.001908 164.737474 162.950303 162.338118 164.688194 161.178346 155.414592 155.448499 147.312702 142.260420 142.869594 141.942854 150.730762 168.656461 164.410315 154.011320 147.236759 146.669481 135.256812 132.949689 137.870259 141.052348 134.787289
0.000000 0.000000 0.000000 0.000000 0.000000 0.000000 0.000000 0.000000 0.000000 0.000000 0.000000 0.000000 0.000000 0.000000 0.000000 0.000000 10.203764 35.345743 64.919046 101.724545 125.839519 133.269065 139.396696 151.420776 154.057874 143.470498 144.887111 144.468927 145.598100 153.481272 154.473197 150.520970 151.538682 152.515092 159.700574 164.241701 159.950228 159.465739 164.213108 164.418888 154.744508 154.075529 153.354775 145.724567 140.603674 139.253981 140.384348 146.156710 165.870499 157.288970 142.634711 139.568491 136.623862 130.556859 131.816305 136.448675 128.296676
0.000000 0.000000 0.000000 0.000000 0.000000 0.000000 0.000000 0.000000 0.000000 0.000000 0.000000 0.000000 0.000000 0.000000 0.000000 9.822287 30.482533 57.835410 81.929074 120.845827 128.998392 131.327007 140.254193 152.350753 160.078064 148.619644 145.285082 148.706261 148.097783 157.274698 151.525221 148.686551 147.153433 146.489472 156.355418 162.803144 159.190299 155.999118 162.286930 165.463949 157.947345 151.992159 149.447701 153.165481 145.476141 140.666856 141.913135 143.379045 157.428757 155.551241 139.659771 129.213161 133.057505 130.439075 128.396332 132.694871 126.119868
0.000000 0.000000 0.000000 0.000000 0.000000 0.000000 0.000000 0.000000 0.000000 0.000000 0.000000 0.000000 0.000000 0.000000 0.000000 21.360331 41.053145 68.415735 93.191985 120.090289 129.225922 127.008953 138.145194 154.027793 161.608738 157.425895 151.457428 151.771847 154.480402 156.599572 148.176165 146.395593 144.816740 144.942150 155.370094 163.069653 157.964305 153.251566 153.452418 166.068024 164.967508 157.487777 149.372995 148.817852 150.842819 144.440617 138.805672 143.730440 146.414193 141.429595 133.439546 125.265010 130.996464 127.624213 128.889490 128.342861 124.924138
0.000000 0.000000 0.000000 0.000000 0.000000 0.000000 0.000000 0.000000 0.000000 0.000000 0.000000 0.000000 0.000000 8.837879 13.676058 40.117891 51.236751 78.196127 95.028011 128.739203 134.855069 131.117838 139.767266 152.811318 164.204369 161.797287 157.135154 159.946612 156.758723 151.270634 149.277123 148.159378 144.902367 144.402049 150.865106 160.141832 154.527765 150.249137 146.886751 156.658857 164.107057 166.951491 155.308459 145.561398 148.681030 148.237514 137.115841 131.757732 133.922493 125.274093 126.108252 127.749263 132.471925 128.394844 124.954463 119.684879 105.676079
0.000000 0.000000 0.000000 0.000000 0.000000 0.000000 0.000000 0.000000 0.000000 0.000000 0.000000 0.000000 7.813159 18.149615 31.381095 53.288920 65.882333 77.476685 94.757827 121.354168 132.206324 134.297652 144.573364 155.520476 167.664462 161.251989 157.262379 160.443977 151.547022 152.230009 150.757752 151.082815 144.990186 141.275286 150.642634 160.953879 148.922551 147.405990 141.860147 142.375308 151.188441 162.350674 160.878970 147.978615 142.009683 142.171454 140.358171 130.116743 130.087268 128.135555 130.235536 131.863386 133.860057 131.979067 104.740174 101.657615 97.961838
0.000000 0.000000 0.000000 0.000000 0.000000 0.000000 0.000000 0.000000 0.000000 0.000000 0.000000 0.000000 0.000000 25.502429 42.584576 60.263244 64.638934 93.238607 96.246247 118.497319 127.603001 136.541615 153.342612 163.642469 167.022762 153.642939 154.328901 159.562260 152.510679 154.624210 150.486756 151.704229 146.629284 137.161056 149.963814 150.771471 142.820548 144.915436 143.076135 146.824302 150.111273 159.740825 165.014247 158.816611 142.146280 134.719866 139.701725 136.327400 132.526095 135.233584 137.842967 137.053895 121.289778 111.646144 107.647023 101.662049 99.894741
0.000000 0.000000 0.000000 0.000000 0.000000 0.000000 0.000000 0.000000 0.000000 0.000000 0.000000 0.000000 0.000000 26.805286 40.066190 57.378497 74.017246 95.307011 103.618366 125.224112 138.216273 149.229492 161.647414 166.421746 160.770483 145.380166 154.606770 157.535288 152.847351 154.872949 150.091554 148.723946 146.172711 135.715874 146.858573 142.339706 137.428788 141.264154 140.904947 151.237033 160.612495 158.263235 161.031798 166.784399 145.855089 133.983174 139.827933 138.564644 134.991278 137.921094 138.578064 137.444732 134.486112 129.130614 125.492419 125.946966 102.713099
0.000000 0.000000 0.000000 0.000000 0.000000 0.000000 0.000000 0.000000 0.000000 0.000000 0.000000 0.000000 0.000000 25.283208 40.316473 60.895197 80.230908 98.323872 114.623729 132.531019 145.151538 157.970235 164.034042 161.235744 150.205160 144.266861 150.377645 155.983940 153.003164 154.856944 150.995189 151.728557 146.364632 134.900103 143.161427 137.063347 139.446054 134.760646 139.920865 158.689877 163.510215 162.789166 159.369884 160.050363 135.699659 124.331076 132.533395 134.142934 133.275983 137.828571 137.854311 136.063418 122.811021 129.031899 115.190269 104.701390 97.098529
0.000000 0.000000 0.000000 0.000000 0.000000 0.000000 0.000000 0.000000 0.000000 0.000000 0.000000 0.000000 0.000000 14.173772 38.368235 67.251734 89.550289 109.078765 120.543147 134.810114 151.526505 159.609242 156.645998 148.055457 138.663051 144.229783 144.277294 149.552068 152.542035 153.826124 154.303522 148.655265 137.800534 135.377692 138.504477 136.828413 136.273237 131.922386 142.923589 156.264554 160.905318 162.118574 153.067697 145.526119 128.630765 123.069660 129.517299 126.363997 132.758381 136.114920 131.503878 130.547219 113.062986 110.657210 107.371332 66.236728 63.650664
0.000000 0.000000 0.000000 0.000000 0.000000 0.000000 0.000000 0.000000 0.000000 0.000000 0.000000 8.817937 14.486169 31.902707 48.509732 73.577377 93.781675 118.168929 130.601138 139.477407 152.938927 155.022930 152.875630 138.538219 142.741652 145.738373 145.964954 146.074239 152.524548 151.527165 153.734897 152.886979 134.979301 131.858740 134.788568 132.788469 133.557557 137.350996 147.640946 150.271739 155.483154 158.655983 142.776536 131.395227 125.882383 122.564414 127.903106 107.736222 132.199131 122.270303 109.957330 110.221087 109.370335 96.559462 84.594967 82.934440 98.078474
0.000000 0.000000 0.000000 0.000000 0.000000 0.000000 0.000000 0.000000 0.000000 0.000000 0.000000 11.280910 25.951980 48.875741 70.272427 84.968251 103.062457 128.288802 137.371259 137.638856 149.769082 156.030897 138.526436 133.500814 142.722601 144.910207 144.833382 146.134366 152.283014 149.935014 151.500237 155.376621 135.539582 130.291268 127.150725 121.040078 132.011062 144.354503 151.370806 145.114116 144.215583 144.380498 132.467205 126.126938 122.441917 110.466089 108.931162 93.354721 119.159846 117.860348 95.197312 110.797855 102.550452 68.243799 58.909004 77.933225 86.722388
0.000000 0.000000 0.000000 0.000000 0.000000 0.000000 0.000000 0.000000 0.000000 0.000000 7.721427 22.338763 39.532912 71.260489 85.823894 103.646186 114.968537 130.403708 132.477281 139.483117 143.198447 146.890796 130.344362 131.525227 136.913798 141.539402 143.378690 146.022913 150.862761 150.109704 152.784763 156.107026 148.957698 129.050293 115.204245 118.094005 129.419232 143.204733 146.642862 141.417217 137.764811 134.958780 127.945487 124.876233 122.438064 95.785895 86.184475 94.642700 131.949379 101.096751 98.944030 74.539209 73.590402 56.010558 85.938101 97.930812 117.511636
0.000000 0.000000 0.000000 0.000000 0.000000 0.000000 0.000000 0.000000 0.000000 0.000000 15.411979 27.546820 52.154589 81.195718 101.177815 118.575487 123.756695 131.311223 136.276150 145.760963 139.022897 136.895237 134.973423 126.580284 127.874150 136.230215 138.212241 145.866315 146.384819 153.704236 147.109917 134.875148 147.607156 128.864518 114.528455 96.863809 122.698365 135.112335 134.688642 138.763872 138.721463 136.268619 126.866527 116.911224 96.940201 81.267314 80.592669 99.895909 123.994071 115.989875 89.422857 69.026162 54.188619 84.409394 117.799809 130.916694 125.543142
0.000000 0.000000 0.000000 0.000000 0.000000 0.000000 0.000000 0.000000 0.000000 9.103256 23.105290 35.816308 57.816787 90.035656 110.063366 133.816778 136.526033 135.151217 139.764592 141.672453 131.181677 127.376434 128.927106 110.146319 113.289303 117.088035 137.169360 145.923614 143.323917 147.580169 132.966796 125.211067 127.859411 130.396969 109.327068 94.188877 116.824232 125.468943 130.196507 133.735298 133.019960 129.416357 126.181407 100.221668 84.010823 69.963414 89.755399 102.219687 96.989225 89.605081 79.671023 57.158713 83.890741 110.626757 134.861652 138.904643 136.829189
0.000000 0.000000 0.000000 0.000000 0.000000 0.000000 0.000000 0.000000 0.000000 10.012212 33.314265 46.868219 67.216462 93.712751 116.924122 137.402796 134.982659 132.287098 137.113201 124.662267 106.197006 106.254817 101.459261 92.939967 95.601070 118.887665 133.721919 141.570760 143.364741 131.805558 121.699909 116.574329 107.895994 105.766254 110.072458 77.982056 111.294052 121.992661 127.696842 130.642233 115.579369 98.492247 102.838557 70.547616 55.374486 78.263542 78.453411 99.001864 86.430402 61.662515 46.332557 60.275765 109.634364 134.386613 138.325861 138.402683 138.572784
0.000000 0.000000 0.000000 0.000000 0.000000 0.000000 0.000000 0.000000 0.000000 17.281761 39.246620 53.397556 76.574874 106.977701 131.276121 140.086789 127.219510 112.827943 108.681658 104.300239 105.346161 88.835679 76.530079 81.531563 98.355336 115.260154 134.696517 141.755649 126.874124 108.552031 110.386199 103.340894 92.728611 93.530722 94.358357 72.935649 96.245353 101.892902 105.873705 104.910590 73.097041 43.563531 62.551263 41.222601 40.040354 61.956900 86.110517 73.827641 65.356113 52.874702 68.965215 104.173725 130.040805 147.040821 138.250768 138.888111 146.993421
