tests/3D/PSQL_test/output-maps-SE27XX/snowdepthN0036.asc
ncols         295
nrows         180
xllcorner     627200.000000
yllcorner     5109000.000000
cellsize      200.000000
NODATA_value  -9999.0
[rows 26 to 51 of 180, columns 114 to 170 of 295]
120.063824 126.536866 125.879442 131.806866 141.308327 121.778199 98.525963 121.528695 126.720800 119.042691 133.613268 103.449071 78.561201 49.334092 29.611640 21.704451 16.718687 14.177114 7.204799 0.000000 0.000000 0.000000 0.000000 0.000000 0.000000 0.000000 7.467365 17.608181 22.721682 16.077986 15.798722 24.429091 25.063512 25.365167 43.039441 55.704145 72.280716 62.413249 86.988997 82.041429 96.016645 104.010422 103.628329 101.541394 101.962556 101.472907 95.299097 97.907020 73.395458 83.142493 98.590645 125.252089 147.543131 154.796382 167.460035 175.152891 178.787820
104.070902 114.137005 114.442819 116.560093 137.417280 135.572395 111.562405 91.602875 98.419535 103.645316 103.794014 85.770074 51.275338 29.576817 17.783467 18.130226 7.376700 0.000000 0.000000 0.000000 0.000000 0.000000 7.867002 13.924685 10.485397 13.660553 0.000000 0.000000 7.658246 6.581278 7.589001 7.596465 7.274227 20.665081 41.840598 48.578751 43.804156 63.887775 77.074099 68.368142 88.941139 98.253664 97.074336 97.392837 95.557572 76.709663 65.090890 71.598375 57.570223 88.171333 107.945598 127.917323 156.348656 169.236690 175.771420 177.904345 178.426743
85.201346 91.611910 95.467093 102.830401 125.378876 133.791395 116.979322 83.606744 45.469427 80.289026 60.428610 44.399501 22.855757 13.844159 7.898470 7.017338 0.000000 0.000000 0.000000 0.000000 7.782173 16.778603 27.347486 33.879982 33.311560 27.408962 21.523929 23.918004 16.134740 12.194307 7.753051 7.466299 7.260676 17.064159 21.741444 34.051819 33.629913 46.310298 54.987714 61.918399 84.763233 87.773355 89.798492 83.845541 71.900095 74.338625 42.040083 62.177381 61.470152 94.157871 119.671708 144.984534 163.907161 174.016725 178.018694 177.454447 178.595096
66.052198 72.917002 69.561391 96.417124 116.261900 114.006398 99.149856 52.840555 26.976926 45.151757 18.882265 12.665290 7.786578 0.000000 0.000000 0.000000 0.000000 0.000000 0.000000 7.331661 14.100917 44.526161 63.668738 54.239200 65.190040 47.586940 46.321736 46.941177 36.473777 36.105274 35.696496 22.111783 14.046361 9.781163 11.460700 14.630876 28.048093 34.776806 42.682278 63.770187 78.770798 75.108492 83.176933 36.141104 51.852029 51.571419 64.195395 75.259981 97.104017 107.207145 130.542474 149.403986 167.380702 175.601501 177.391274 175.738198 178.665949
69.462652 58.053584 62.129004 87.873679 102.840632 92.836408 73.971054 30.776844 20.790173 17.053507 7.685639 0.000000 0.000000 0.000000 0.000000 0.000000 0.000000 0.000000 7.596345 15.780107 27.990096 48.218970 84.674950 84.032269 82.026023 71.412522 73.135192 63.712373 58.101205 65.047448 45.936846 20.152672 34.932900 21.735266 11.892326 13.718685 16.068634 20.542723 45.741622 59.010275 70.101602 68.489200 64.025731 32.365361 51.351208 45.767892 58.079062 81.674686 104.582827 122.516568 138.557893 149.815544 167.200468 175.315736 173.024850 176.652831 177.493318
78.674083 46.092264 56.135719 83.395520 74.544578 60.911294 38.578131 14.435561 13.659491 10.049811 0.000000 0.000000 0.000000 0.000000 0.000000 7.648670 8.231448 11.363236 17.337278 33.540762 53.284140 69.942156 86.393513 115.756059 127.238737 118.820425 130.161621 133.221090 128.467053 126.779492 101.189824 40.375717 49.029070 27.321588 12.278233 14.241441 16.028713 18.846041 35.202295 54.186794 56.822090 61.187768 44.296575 42.637859 58.734548 43.078107 84.649386 99.518084 109.909632 123.476981 137.717848 153.190481 165.142649 169.059910 172.533256 176.790553 177.672831
83.517976 53.401558 30.130767 49.093671 40.699314 26.110334 15.077564 7.232144 0.000000 0.000000 0.000000 0.000000 7.605840 7.556905 7.530339 21.428604 31.929630 37.265920 49.150176 65.549309 72.535556 104.381324 118.281348 137.897073 143.284342 135.079827 134.319455 133.787614 137.254006 129.781362 111.296221 85.606467 54.922294 27.461732 12.987455 14.753202 16.595238 31.782327 48.652422 48.139428 47.608024 49.646565 31.204566 39.616481 49.629504 65.051550 91.828562 102.723554 112.941177 127.577098 142.012934 153.926546 154.635669 166.293165 173.810124 177.375649 176.713688
80.271259 61.683392 37.289493 36.533205 20.975297 11.645809 7.210512 0.000000 0.000000 0.000000 0.000000 0.000000 8.063106 20.823035 19.755266 41.310471 70.012353 85.171736 87.792714 95.013772 93.543875 125.624686 143.317939 144.441260 140.450920 127.101790 127.402211 125.704193 116.548776 113.203794 102.815150 86.303857 53.847471 23.900783 14.291820 15.230135 17.178065 19.096496 37.322256 30.467781 33.456808 31.389666 31.692882 65.833089 71.281372 89.969404 94.524468 107.488638 118.970975 129.682237 143.841613 152.735434 156.611945 166.622337 172.131186 175.361286 178.713288
54.853135 38.526046 28.538117 17.426638 13.352826 7.524450 0.000000 0.000000 0.000000 0.000000 0.000000 10.038581 22.585663 31.913956 54.376776 84.900884 106.754883 121.024591 124.898372 124.565968 118.628077 138.265782 158.861264 140.830803 130.349476 117.015491 115.396147 109.123142 101.175303 96.210596 90.081402 69.382103 54.389397 35.383690 31.756885 15.534557 17.747033 19.943337 32.132934 24.819696 27.381383 29.672792 46.958975 65.759880 79.248370 89.766483 97.470034 108.061444 120.936046 131.659071 140.866873 135.878518 157.444239 165.990929 170.355329 174.707796 179.210185
27.012902 24.275621 13.278910 12.236953 10.155646 6.865394 0.000000 0.000000 0.000000 7.894254 21.391884 39.251922 51.534909 55.245567 97.372467 125.099667 137.908858 145.004702 151.337341 146.909448 144.330026 161.254935 164.276322 145.502402 121.266771 104.894041 110.962603 98.315528 88.873453 83.799787 77.636363 66.980401 45.469244 40.245818 35.361825 31.898870 18.269871 20.663494 23.583873 25.557645 34.068098 54.564810 62.889551 66.829556 80.344284 92.186826 98.542848 115.650723 120.758939 130.057177 125.820899 144.402095 154.656295 160.394993 167.498323 175.301471 179.880698
24.158216 14.283053 12.129571 6.364169 0.000000 0.000000 0.000000 0.000000 7.884531 23.774901 50.160525 75.458863 91.489001 107.130540 122.618812 147.056601 150.510254 155.257068 160.664426 156.418977 158.443845 167.048914 164.200646 149.219284 120.246330 102.857207 93.714809 80.594431 71.889041 71.267451 68.026224 57.369243 46.531311 39.468013 43.360729 37.260157 18.910814 21.375979 24.293921 26.709812 34.054912 57.997552 60.610134 68.162201 80.416187 91.838221 102.360343 112.645838 120.734488 121.105361 131.698507 142.528211 149.925604 160.845242 168.511041 175.281327 175.456044
12.289566 6.989723 0.000000 0.000000 0.000000 0.000000 0.000000 6.962165 23.452356 59.869793 98.226236 112.886987 123.202353 133.840538 137.820601 142.591109 154.244955 165.333218 171.924559 169.308102 168.693419 161.559882 155.867640 147.120662 119.186772 99.535559 82.327979 65.157190 60.017648 61.582692 58.533231 56.692447 46.372200 29.946412 21.705055 17.379905 19.635694 22.076738 24.990054 27.416338 30.503535 46.001661 62.522586 66.332990 80.483882 90.954294 104.788457 111.103337 118.358693 109.145025 125.931333 138.827879 146.972363 158.998177 174.800285 165.119833 161.205899
0.000000 0.000000 0.000000 0.000000 0.000000 0.000000 8.002983 33.817677 60.284724 107.948633 130.510332 137.132443 138.008196 147.393773 146.669668 140.439617 168.440164 183.674610 181.760438 173.142699 162.228054 153.089292 152.736841 141.837725 119.505700 93.124564 77.930511 65.524376 61.925378 60.147261 54.316099 54.136161 46.542819 47.098998 40.523726 42.695107 20.226014 22.767108 25.688426 28.143342 30.011513 52.973052 61.037616 66.685943 83.830512 91.528207 104.124501 107.807888 104.679787 117.683888 117.361195 118.541692 142.623975 156.621445 164.864735 167.962177 146.556204
0.000000 0.000000 0.000000 0.000000 0.000000 7.512486 26.775135 63.143279 90.784680 125.366084 149.386728 147.158166 140.934621 154.536818 150.308561 158.611678 193.134386 190.746361 178.015214 166.616626 159.206803 157.817028 151.064902 141.488434 129.068385 102.550300 90.077927 81.855485 68.659316 69.136735 60.715947 57.069137 49.989423 54.620849 47.446101 29.307472 22.560826 23.456465 26.390360 28.871887 30.828005 44.188680 58.683188 67.778832 82.563254 88.655367 102.657487 93.234699 109.553397 118.370857 100.385407 102.364848 142.531871 138.245419 127.525459 130.232421 163.612384
0.000000 0.000000 0.000000 7.864449 12.305929 25.155946 46.367130 77.588152 105.224278 128.651711 149.333225 154.639458 161.053995 180.100562 185.800545 193.661121 200.050289 190.043881 175.033874 164.751628 160.881411 158.980375 157.639573 144.496619 130.343500 103.916887 97.116649 89.281629 65.383780 67.449807 62.654497 53.889461 53.605280 64.750403 55.520450 44.540174 28.716773 24.115026 27.096318 29.600990 31.609753 33.898005 55.067531 63.118443 74.940423 84.862244 83.591568 100.484763 110.746779 113.367416 105.682717 115.816376 148.470324 158.264395 163.516936 166.253066 170.834269
0.000000 0.000000 7.402656 11.645179 19.329288 35.969732 69.408563 104.069967 121.113575 141.213891 152.258254 158.846961 181.651464 197.118648 197.975282 201.981134 198.929137 191.842989 172.900736 162.989013 161.707365 158.514825 157.416610 145.103527 124.396518 100.686364 87.627191 79.351452 65.571910 64.627276 62.598647 58.729061 58.359188 66.759193 59.651659 52.071698 37.808948 26.959946 27.796227 30.330492 32.286511 54.416073 58.956972 63.937411 71.203095 81.831312 93.294436 100.555857 98.295652 99.623731 127.426050 142.068938 160.656890 170.511304 173.940785 177.474917 181.699143
0.000000 7.184533 13.534153 14.357156 33.091405 58.476696 110.154953 135.590952 147.102888 151.788852 157.944031 170.785132 193.756935 200.454595 198.398761 201.099588 198.214566 189.691263 170.530443 163.318498 160.339557 158.272390 153.273997 146.434630 124.144873 95.392287 87.580521 80.244174 67.585153 62.159188 61.650850 58.764382 57.232673 66.346015 61.784679 57.482110 52.728167 34.938246 28.510401 31.059097 33.025961 35.447890 43.876825 64.269826 74.743942 84.113094 92.577968 95.593845 92.710383 125.072717 144.096775 156.330123 166.377602 174.297364 176.714281 179.293154 181.722633
7.949765 13.891877 21.023320 35.712925 81.024891 108.581126 129.937807 152.512751 157.380643 158.169729 169.283515 185.587265 199.026810 200.885673 197.077501 196.363797 190.527634 182.324439 171.740262 162.797936 159.105704 156.919621 152.865521 139.249119 122.725529 87.122216 82.955642 73.475076 60.543231 59.388209 59.129500 56.952935 54.260688 60.583212 64.151835 62.555400 41.834982 27.941633 28.703407 31.783873 34.281570 44.304438 59.607382 67.378184 74.083611 83.833576 91.968107 78.629058 100.633361 123.503397 139.226193 148.314406 166.206076 174.608544 176.471230 179.320142 183.841296
12.577532 20.012248 33.102265 44.068936 84.597186 121.809793 142.577569 158.557550 161.744449 153.217234 171.288035 196.361018 201.550690 202.737879 196.341748 195.341771 192.194709 182.214582 169.983818 163.902283 163.182751 160.084322 154.338106 144.101341 106.293286 78.405654 74.765746 65.366990 61.056126 59.525742 59.231893 56.664745 53.174662 56.823452 68.272279 66.417306 55.846976 35.723318 29.426503 32.507339 35.008035 36.935930 42.564278 68.140441 75.748467 81.634625 71.292649 87.562227 100.093716 118.957220 126.762885 140.658921 155.712491 167.376957 173.916872 181.355882 184.625629
23.541367 37.891705 57.242413 77.254662 97.657549 126.356565 145.614350 161.660182 161.439609 151.145401 175.806288 201.372652 203.259386 207.298590 198.292948 194.949526 195.290427 183.867030 168.285244 168.040330 170.473824 169.222825 162.934150 148.179042 116.016879 84.445287 75.141639 65.673140 61.990619 59.953129 60.366874 57.383267 56.361158 56.785948 67.776333 67.055167 42.501873 33.456910 30.075332 33.205128 35.744079 38.339448 40.381649 67.408187 73.248630 54.107156 92.034963 107.284006 111.060900 124.880293 145.505117 151.732707 165.643794 169.531155 174.966438 182.164219 185.564764
46.961163 66.513119 94.017573 114.941012 125.159248 136.568736 147.726566 161.478161 160.510339 157.989559 184.238749 203.212218 204.509855 208.009695 201.960474 194.198364 196.392515 184.342573 170.386065 172.579916 175.637422 171.960622 163.960269 145.198009 117.180804 83.459438 75.847780 64.148125 59.841524 58.552751 57.778410 58.088570 56.663306 55.583711 65.719609 66.592899 53.089435 44.660595 41.608657 33.209247 35.915160 39.071285 41.031703 47.872737 61.505151 77.217535 103.077725 120.701264 133.594131 138.057401 158.170799 164.256434 168.081094 171.952976 177.097897 182.590380 186.934706
47.245306 87.331430 111.756236 133.030661 151.148051 158.439321 159.581197 165.165703 166.306798 166.458327 192.567748 206.252132 208.090205 209.054286 205.909603 198.934395 195.338269 183.582352 172.975333 175.855326 175.410543 169.669645 167.009204 152.575407 124.576264 90.257804 75.839670 64.991391 59.150790 59.705109 64.860753 59.152298 57.322359 57.319981 56.428594 63.275986 67.036018 64.548575 55.611982 37.203643 36.373578 39.179366 41.786003 51.903933 72.865589 76.901623 114.141118 119.309872 147.577461 148.749619 157.782952 166.618791 172.208632 176.139085 179.624145 184.730970 187.136458
89.356042 91.158069 121.695179 142.724266 162.088318 170.447139 170.482758 170.468739 172.231244 183.249202 201.534894 209.335037 209.303554 207.433257 204.650980 202.842790 194.589973 184.415068 179.711600 176.233512 171.785287 166.164959 167.392267 156.854151 133.577856 102.333880 80.600507 67.512629 62.157303 61.567928 66.777010 60.953428 62.395365 57.391889 54.851080 55.564851 60.423993 66.442649 72.434599 59.803572 58.170590 39.657840 42.497636 55.215178 69.015179 79.697919 114.400411 134.583217 150.778193 160.029476 162.216838 170.569010 175.292740 179.130328 181.603527 184.493258 184.179183
126.691635 103.512549 128.665783 147.867949 165.327529 170.802376 179.307145 184.050954 188.517534 197.106431 205.996775 209.556381 209.072810 208.379329 203.471440 197.154987 190.197041 187.517068 184.230036 178.093288 172.101824 165.343164 157.113846 152.016236 133.245307 103.827181 85.281477 71.902793 67.346629 64.867593 64.452741 65.508377 67.982447 64.279717 65.320142 59.767823 60.616867 66.595024 60.603961 61.135173 55.891983 53.376038 43.258182 52.387543 68.003200 91.738949 126.790504 142.151107 155.063020 164.497774 168.626810 173.777818 177.750130 179.623941 180.045547 182.986288 180.635355
146.198956 137.567081 129.424941 146.826964 166.817897 170.109138 179.839666 190.337541 197.724913 201.494393 209.259330 210.298896 209.832692 209.030630 202.631810 195.880416 192.617840 185.072070 184.503804 178.427935 174.072596 166.850091 163.071031 145.033765 132.003751 110.829306 93.440070 80.357631 70.649352 65.519276 64.759243 66.199645 72.224773 75.915733 73.620248 64.646807 63.399104 68.251544 65.351328 66.273207 62.723459 51.442966 43.972522 55.944311 70.674810 92.924473 116.251869 149.526083 156.486556 164.938909 168.810339 174.302686 175.404618 176.432179 177.628951 180.342698 179.899161
166.777580 156.934762 140.340096 152.304795 167.306110 172.730038 176.243244 184.121652 197.542517 209.248986 214.459246 211.715732 210.609201 211.549866 205.571473 200.242241 194.967007 189.214943 184.796216 182.792488 173.616831 169.462619 164.346716 150.966540 124.806297 106.181852 93.934917 80.391807 71.776576 67.741261 65.807932 67.615081 74.767571 82.673038 78.507588 69.036762 65.073867 67.606807 66.224610 66.354394 63.405681 50.134182 44.677804 57.799081 73.975802 90.507423 119.222212 149.004446 159.701414 164.982552 166.823275 170.842331 174.668622 174.505317 176.259797 178.414652 178.870396
