tests/3D/PSQL_test/output-maps-SE27XX/snowdepthN0011.asc
ncols         295
nrows         180
xllcorner     627200.000000
yllcorner     5109000.000000
cellsize      200.000000
NODATA_value  -9999.0
[rows 26 to 51 of 180, columns 114 to 170 of 295]
88.358381 93.965140 93.449769 99.622597 107.819912 93.441050 83.001606 98.079987 101.539564 97.336384 105.184426 84.720780 66.865860 43.845442 28.875184 22.263964 17.697228 15.403713 7.131866 0.000000 0.000000 0.000000 0.000000 5.590867 0.000000 2.556353 7.392686 18.774206 23.464878 17.398230 17.193390 24.880959 25.296089 25.483605 39.756192 49.895591 63.563316 55.262813 76.341367 71.983681 84.391963 91.609772 91.214789 89.319950 89.568390 89.054534 83.293733 85.568411 63.977632 72.310914 86.054253 111.834744 133.814514 139.729344 149.687760 156.262910 160.380123
80.812079 87.355626 88.755056 91.375069 105.547434 104.854936 90.976782 78.562295 82.107401 86.209917 86.286512 72.530861 45.016547 28.710042 18.598124 18.971200 7.299289 5.918332 0.000000 0.000000 0.000000 4.455412 10.928865 15.282812 12.144592 15.094892 4.885452 4.373309 9.214599 6.530991 7.530656 7.529319 8.925809 21.667366 38.792326 44.160692 40.272935 56.575008 67.452056 60.302389 78.061890 86.091843 84.947238 85.161571 83.384990 66.842332 56.954320 62.415759 50.806880 76.693874 95.104918 114.393220 140.979826 151.126050 157.028036 159.318804 160.100340
70.161219 74.461087 77.789920 84.263315 99.945918 106.897501 94.684133 70.848979 41.467780 68.323069 52.061025 39.569833 23.144558 15.316630 7.792865 6.943138 3.081916 0.000000 0.000000 0.000000 8.762816 17.803659 27.047944 32.466420 31.992343 27.117721 22.278889 24.212830 17.412760 13.814078 7.687065 7.945707 9.931779 18.433953 22.506447 32.415568 32.087625 42.225615 49.263834 54.950678 74.105038 76.709160 78.365909 73.203959 62.839092 64.931620 38.357231 54.701635 53.919110 82.053444 106.388803 131.546769 146.903306 155.170369 159.579840 158.897322 160.583872
56.941509 62.309630 59.773744 80.646698 95.433557 94.031497 81.448873 45.750486 27.283407 40.797263 19.663692 14.156846 8.849151 4.155706 3.691368 0.000000 0.000000 0.000000 0.000000 9.537179 15.427477 41.005940 56.690714 48.921867 57.900027 43.477204 42.434821 42.894233 34.412653 34.000698 33.634765 22.873113 15.631631 11.811884 13.341564 16.232863 27.620106 32.970497 39.330473 56.504115 68.942897 65.696128 72.714904 34.000932 46.313307 46.115234 56.473460 65.624463 84.931315 94.529518 117.194617 135.741442 149.828742 156.971863 158.974900 157.056479 161.111891
59.589496 51.539338 54.649202 75.129616 86.823167 78.746889 63.002637 29.332919 21.656302 17.885578 7.584164 5.007436 3.763116 0.000000 0.000000 0.000000 0.000000 4.114254 7.519487 16.957771 27.763486 44.122160 74.748601 73.995680 72.009064 63.120808 64.390473 56.238981 51.572078 57.383524 41.740264 21.555525 33.287839 22.525829 13.770103 15.451675 17.608194 21.508775 41.746092 52.599277 61.540618 60.062005 56.395901 30.752267 46.055768 41.467847 51.293106 71.240428 91.835544 109.218174 125.271852 136.434932 149.920273 156.772075 154.720872 158.209840 160.086255
66.609561 42.265305 49.921379 71.608735 64.097268 52.638391 35.452706 15.730009 14.847269 11.661863 3.327254 0.000000 0.000000 0.000000 3.502332 7.567182 9.785327 13.304029 18.716351 32.233228 48.108899 61.889380 76.114315 103.512583 113.470498 106.648822 116.556592 118.650974 114.960966 113.815513 89.003648 37.541891 44.634462 26.990386 14.130004 15.951117 17.603285 20.108985 33.298792 48.403120 50.472012 53.941711 40.341722 39.084480 51.818541 39.231538 73.863710 87.599068 97.173229 110.215758 124.394521 139.265002 148.744584 151.857214 154.563769 158.488640 160.408748
71.335012 47.586952 30.073522 44.515718 37.489832 26.054495 16.335294 7.145988 4.687792 4.680311 0.000000 0.000000 7.521185 7.469453 10.620776 22.052978 30.921679 35.014973 44.426620 58.189111 64.169540 92.423016 105.828988 122.903871 127.545229 121.816305 121.553660 121.110530 123.929430 117.923471 99.131935 75.297782 49.241987 27.065586 14.794229 16.441155 18.151973 30.620866 43.953981 43.461644 42.942741 44.465420 29.927458 36.612683 44.603056 57.183381 80.461458 90.344418 100.295763 114.223451 129.033064 140.139663 141.214098 150.030085 155.536006 159.241260 159.531367
69.251721 54.250030 35.548327 34.913996 21.449987 13.015247 7.124051 3.864642 0.000000 0.000000 0.000000 3.119462 9.099447 21.566266 20.875255 38.193026 61.447619 74.552257 77.005957 83.944782 82.956675 111.173019 126.505078 128.740524 125.456026 115.067488 115.607426 114.018210 104.592165 101.394194 91.610909 76.168849 48.308095 24.225061 15.993034 16.896795 18.721158 20.366938 35.078198 29.461760 31.807044 30.134903 30.301254 58.003376 62.617719 78.522802 82.610380 94.889883 105.858412 116.335936 130.983436 139.251276 142.461348 150.305440 154.378966 157.115058 161.758742
48.978201 36.213025 28.329531 18.283016 14.625596 7.427862 4.851295 0.000000 0.000000 0.000000 4.789220 12.038679 23.504232 31.163074 48.373173 74.132532 93.423035 104.457284 107.492897 107.897351 105.840760 120.900078 137.788820 124.922984 117.260401 105.260201 103.751242 97.626116 90.070726 85.477235 79.836413 61.616798 49.049214 33.692069 30.732045 17.175505 19.268133 21.132056 30.647450 24.989633 27.033456 28.736488 42.582095 57.725874 69.222614 78.439984 85.354476 95.701264 108.044013 118.331406 127.929674 123.059260 143.058446 150.048360 153.129906 156.567445 162.339014
27.067838 24.562681 14.546182 13.671155 11.846395 6.783157 3.656860 0.000000 0.000000 8.335310 22.270560 36.812661 46.769005 49.451566 85.056418 107.015148 115.857121 121.640702 128.992417 124.208738 124.730073 139.601595 143.514803 127.205633 108.985095 93.974199 99.720189 87.537997 78.976737 74.452579 69.007913 59.734216 41.954892 37.789869 33.736406 30.799892 19.713746 21.737403 23.733836 25.611832 32.333988 48.887273 55.476729 58.705384 70.199005 80.663547 86.377935 102.923337 107.938814 116.829933 112.638014 131.591256 141.015756 145.664238 151.135507 157.404212 163.217862
24.477336 15.474722 13.595290 6.287635 5.282893 0.000000 0.000000 0.000000 8.326732 24.187605 45.388658 66.435909 80.717486 94.587259 106.248143 124.260209 128.637226 136.543873 142.503435 137.149185 136.746266 146.778987 143.829248 129.676957 107.896300 91.816448 83.474800 71.683114 64.190216 63.681869 60.861616 51.847791 42.893541 37.158319 40.275965 35.188397 20.282205 22.322923 24.318332 26.247126 32.326879 51.466821 53.624148 59.865225 70.293289 80.391397 90.292775 100.323005 107.971161 108.236004 118.380055 129.713001 136.859164 145.938417 152.020633 157.351959 158.820562
13.683596 6.901885 5.856559 5.193335 2.610670 0.000000 0.000000 10.788258 23.855867 52.808684 86.629447 99.323132 106.656086 114.475439 118.229086 122.902128 138.549792 151.641729 159.046906 154.455055 152.309029 141.021267 136.068259 129.408849 107.398167 88.745531 73.363844 58.598551 54.334378 55.601430 52.991256 51.405490 42.811409 29.443700 22.687837 18.970246 20.931700 22.899107 24.892252 26.837704 29.507649 41.961430 55.238416 58.348355 70.385426 79.625724 92.614206 98.934012 105.507281 97.111262 112.830832 125.740963 134.135439 144.418014 156.979781 149.776692 145.824378
5.767847 4.133631 0.000000 0.000000 0.000000 0.000000 11.360218 32.665243 53.604003 94.075737 112.744634 117.935166 115.434442 128.170732 125.991240 125.199339 158.657445 174.856264 171.829046 160.173908 145.794703 131.818954 134.142741 126.984160 108.283471 82.977296 69.621502 59.011942 56.002958 54.473996 49.569785 49.350009 43.040492 43.380979 37.941086 39.646366 21.431385 23.473641 25.469591 27.424128 29.137937 47.355253 54.014595 58.661885 73.377365 80.195901 92.056606 95.673353 92.396791 104.833464 104.401575 105.818895 130.325810 142.790475 148.266350 151.059858 134.431231
4.182366 2.254593 0.000000 0.000000 5.141084 10.146994 27.153427 56.622943 80.661147 108.617491 125.699214 125.844774 123.063960 141.626008 135.168374 148.216243 187.587232 184.398393 168.391769 153.578119 141.416626 137.021176 133.726807 127.592425 117.392066 91.837557 80.546967 73.150498 61.722496 62.124073 54.912727 51.823764 45.924315 49.656452 43.603609 28.766492 23.303539 24.041834 26.052564 28.009629 29.827242 40.214246 52.055725 59.601667 72.284784 77.637770 90.720592 82.054189 97.273564 105.533570 88.793109 90.353559 130.291419 125.686543 115.278020 117.833285 148.023769
0.000000 0.000000 4.788055 8.289226 13.881381 25.663023 43.371188 69.453033 94.315360 111.716766 127.850091 137.997494 148.915144 171.763010 178.778858 188.559112 195.764801 183.930225 166.010177 151.312649 143.092018 138.936198 139.020617 130.257649 118.911847 93.660947 87.124900 79.871373 58.968221 60.736584 56.587300 49.216315 48.942724 57.878213 50.289221 41.142509 28.271215 24.581851 26.641824 28.597744 30.485896 32.240612 49.083503 55.722560 65.676955 74.294404 73.533586 88.684450 98.440455 100.860739 93.696036 103.189441 135.648694 143.838778 146.778363 149.359302 155.034383
0.000000 5.658713 10.836662 13.360174 20.682760 34.942226 62.039601 93.305074 106.560027 119.269826 133.753138 145.173247 173.728661 191.146030 192.405994 198.762968 194.892946 186.998828 164.267356 149.232582 144.410994 139.149296 139.768517 130.933298 113.728910 90.377738 78.579262 71.127976 59.181478 58.391534 56.611382 53.294448 52.938954 59.638336 53.507821 47.089860 35.609174 26.876895 27.216698 29.188863 31.042702 48.640587 52.339430 56.433630 62.511073 71.652276 81.843044 88.800790 86.696457 87.781328 114.812747 129.950183 145.889775 153.782404 156.494566 160.612134 166.368923
3.826647 10.694110 15.087189 16.149402 32.571185 53.027292 98.124963 119.031299 124.846555 132.838688 142.741849 160.766526 188.127012 196.545526 194.131915 198.314327 194.722004 185.171065 161.275150 149.697647 142.129035 139.618720 137.614483 132.771284 113.628551 85.531625 78.628049 72.014494 60.956922 56.356747 55.868046 53.365099 52.032302 59.322245 55.365872 51.654998 47.546763 33.305817 27.788352 29.781789 31.665458 33.552528 40.310508 56.730047 65.582488 73.702649 81.238348 83.895420 81.571720 112.704488 131.796720 142.787554 150.785186 156.995211 159.531886 163.270114 166.713308
9.512362 15.424807 22.000177 34.867258 72.537793 98.707838 116.179289 133.976674 135.553583 142.539593 158.309843 178.414666 194.983338 197.766060 192.986049 191.877897 185.696759 175.810330 162.331255 148.606668 140.550104 139.115675 138.272293 127.756171 112.423117 78.057586 74.570320 66.129703 55.057903 54.080833 53.792083 51.888702 49.580421 54.802486 57.418791 55.937518 38.923835 27.662652 28.305445 30.375896 32.343240 40.410380 52.904081 59.385187 65.055857 73.499085 80.712416 69.200703 89.344833 110.843694 126.629154 136.180743 150.308517 157.439016 159.447710 163.661853 170.034298
14.246460 21.063320 33.022734 42.281193 76.319811 111.075812 127.520854 138.997192 140.870577 137.969679 162.605643 192.386889 198.783269 200.890552 193.363091 190.879732 186.542328 173.673616 158.073348 148.172302 145.892897 143.302361 140.184537 131.194157 96.044159 70.405989 67.441046 59.264456 55.582356 54.247136 53.925793 51.692375 48.713763 51.685294 60.965240 59.227309 50.453413 33.967757 28.900095 30.971303 32.950664 34.801361 39.242501 60.023709 66.536693 71.570858 62.957167 77.099880 88.431452 106.974272 114.457501 128.714001 142.813968 151.963817 157.486519 167.072931 171.206036
24.375963 36.960324 52.877533 69.996610 88.617578 115.676651 130.790487 142.069677 142.348249 136.919455 169.172028 199.028232 201.711166 207.893187 197.325555 192.119686 191.080138 177.184653 155.981201 151.606018 154.059999 152.670550 145.996246 134.156567 105.706108 75.829511 67.818310 59.600773 56.433807 54.652356 54.925003 52.333398 51.408859 51.694045 60.579990 59.809883 39.516133 32.164728 29.423723 31.547221 33.550310 35.584044 37.518683 59.397366 64.395730 48.563980 81.137116 95.633953 99.506529 112.690998 133.780978 139.442396 150.379134 153.337894 159.199195 168.183839 172.873726
44.940650 61.212242 85.492140 105.397949 113.669555 123.294974 132.567319 141.566248 143.089030 147.393939 179.717203 202.125226 204.010088 209.336776 202.012168 191.448842 193.247624 178.725812 159.673319 158.993676 161.690971 156.380195 147.337697 132.137593 107.058261 74.988986 68.485401 58.339261 54.665308 53.521150 52.787514 52.966308 51.699734 50.723976 58.863215 59.496760 48.311483 41.276129 38.731431 31.918267 34.084654 36.190014 38.108681 43.577508 54.850397 68.109565 91.747167 108.533105 121.236073 126.244416 144.667920 149.846282 152.483834 155.437474 161.553343 168.983497 174.911786
45.600787 79.960316 102.977734 121.062084 134.698489 138.815603 139.860336 148.507387 153.227910 158.102755 190.880256 207.132168 209.789612 211.427901 207.639609 198.656544 193.237945 178.222775 162.236835 164.768951 162.420375 153.884641 150.713671 138.799591 114.719409 81.163795 68.496166 59.114617 54.128207 54.541487 58.838696 53.903715 52.289801 52.215996 51.379945 56.737236 59.846630 57.591735 50.249791 35.070065 34.435157 36.684298 38.747578 46.894464 64.096813 67.849623 102.535227 107.672331 135.800664 136.869211 144.951157 151.690626 155.643166 159.920713 164.950137 171.843913 175.235046
81.928426 83.948228 112.556921 129.549041 143.570543 153.477849 155.811225 157.815312 162.657676 179.103761 201.782571 212.043063 212.118798 209.633321 205.980401 203.935929 193.577642 179.124896 170.604664 166.226213 158.822787 150.444077 151.424101 143.282689 123.492995 93.236067 72.734913 61.317755 56.725022 56.168125 60.540041 55.470736 56.616611 52.293092 50.099349 50.627885 54.273124 59.296181 64.306832 53.426206 51.970050 37.058886 39.346101 49.668760 61.243723 70.287775 102.794161 122.471805 138.790204 146.970681 148.472313 154.512506 158.726404 163.489205 167.416876 171.388876 171.444412
116.879054 96.466708 120.110334 134.055782 147.625137 155.480586 169.806555 177.447337 185.174867 196.274995 207.778113 212.780309 212.275445 211.620982 204.849461 196.974607 187.530456 182.894871 176.979729 169.704053 160.121680 149.828028 144.380200 140.163882 124.003444 94.301240 77.034224 65.163657 61.216735 59.027635 58.595970 59.420462 61.455327 58.170562 58.598425 53.817591 54.468165 59.461110 54.272635 54.625270 50.117404 47.925509 39.992815 47.360403 60.352548 81.084368 115.054969 130.567765 143.037475 150.594763 153.527054 157.317722 161.612374 164.199155 165.112643 169.655536 166.468000
132.351180 125.136927 122.504905 134.216304 150.028284 155.796861 172.427370 186.496882 197.444122 202.901317 213.336468 214.526278 213.654944 212.678457 204.954277 194.430728 191.035426 180.183814 178.763198 168.318236 161.800015 152.308810 147.739627 134.581834 123.167191 101.479836 84.674104 72.717934 64.127236 59.634678 58.910993 60.069885 65.198538 67.927068 65.793216 57.970241 56.858298 60.912189 58.334455 59.022195 55.885987 46.330344 40.597702 50.328752 62.680970 82.240723 104.652585 137.802794 144.416543 151.080890 153.813578 157.909858 159.029699 160.113164 161.864805 165.617514 165.015139
150.000968 140.106049 130.355719 139.927281 151.426425 160.977796 166.681569 180.772527 199.196410 214.226307 221.345578 217.251705 215.494787 217.211290 209.065252 201.543462 193.971545 185.908631 180.484509 177.723691 164.460368 156.992278 149.439246 139.257781 115.802314 96.918806 85.229296 72.823801 65.174850 61.611217 59.865637 61.342790 67.473864 73.997501 70.141164 61.771017 58.320004 60.394180 59.111731 59.123321 56.479347 45.279408 41.195917 51.907430 65.529279 80.058291 107.802079 137.462498 147.202880 151.154884 152.245591 155.181079 158.291489 158.053500 159.939348 162.524033 164.024570
