tests/3D/PSQL_test/output-maps-SE27XX/snowdepthN0002.asc
ncols         295
nrows         180
xllcorner     627200.000000
yllcorner     5109000.000000
cellsize      200.000000
NODATA_value  -9999.0
[rows 27 to 53 of 180, columns 60 to 119 of 295]
15.017794 14.167452 13.662542 13.116756 13.638281 12.093155 10.151783 8.679273 7.658157 7.301463 7.485395 6.721229 6.724621 6.460123 5.372779 4.473682 3.524399 3.644388 3.695961 4.180845 4.075140 4.746625 5.648226 5.850417 5.886709 6.374819 6.510675 6.844798 7.892079 7.287011 7.011526 6.963237 7.026446 7.184020 7.587373 7.880226 8.172751 8.653808 8.931269 9.515409 10.419672 9.600113 9.437237 9.203025 10.406439 11.201299 9.931217 9.178924 8.866284 8.661645 7.998755 7.957181 8.173593 8.114441 8.111651 8.722123 8.969929 9.355413 10.807027 10.829163
15.824692 15.119344 13.897865 13.906036 13.573990 11.616646 10.278984 8.302940 7.928719 8.165369 7.666951 7.037519 7.698196 7.556840 6.420516 5.218055 4.615011 3.534991 3.371030 3.513076 4.117904 4.432045 5.288977 5.589154 5.988856 6.282163 6.649266 7.763850 7.781058 7.000249 7.016856 7.364884 7.455702 7.593592 7.938836 8.349484 8.641168 9.180335 9.413968 9.532557 10.878675 11.034315 11.179533 10.629225 10.878618 10.606272 10.636977 9.924259 9.277789 8.762246 8.799783 8.457697 8.287743 7.863220 7.718731 7.999886 8.398786 9.072975 10.427548 11.165140
16.284074 14.528431 14.245552 15.318516 12.723449 10.820399 8.971551 8.289483 9.220422 8.863549 7.560389 7.674106 8.641188 8.606795 7.628307 6.337339 5.320767 4.726691 3.354914 3.287697 3.780446 4.754761 5.221415 5.818097 6.139637 6.433874 7.202213 8.726625 7.892125 7.408572 7.732102 8.140167 8.003714 7.887139 7.998889 8.626533 8.907064 9.333589 9.796128 9.563393 10.536450 11.070127 10.178001 10.067912 9.603343 9.679845 10.669168 11.068144 10.198421 9.871721 9.958841 9.020797 8.101142 7.812357 7.464395 8.043742 7.776047 9.040063 10.277612 10.185989
15.478716 15.154035 16.456171 14.753500 12.183062 10.262415 8.961462 9.553670 10.137218 9.176914 8.399959 8.761118 9.640608 9.143459 8.503550 7.462730 6.392914 5.412214 3.941682 3.391117 3.912622 5.240522 5.536603 6.016525 6.017325 6.624275 8.222947 8.948645 7.987698 7.890955 8.221053 8.658499 8.339449 8.219521 8.120671 8.417614 8.622510 8.805946 9.283769 9.607659 10.873247 10.633320 9.781262 10.173240 9.677016 9.688348 10.080054 10.585559 10.372700 10.004035 10.305482 10.002320 8.874697 8.044882 7.752971 6.982236 7.308075 9.110157 9.795305 9.092685
18.219795 19.408788 15.513409 14.108919 12.643757 10.680374 9.807655 10.435549 9.999415 8.678025 8.688411 9.890115 11.653675 10.633806 9.823405 8.878731 7.516223 5.978971 4.949276 3.522813 4.158578 4.536866 5.696548 5.824481 6.232391 7.179180 8.498795 8.732386 8.127866 8.094678 8.293193 8.668178 8.318529 8.373197 8.360355 8.184036 8.034677 8.732500 9.571452 9.948964 12.041452 11.322309 9.725912 9.472104 9.243171 9.374835 9.636055 9.931851 10.069570 9.370506 9.216999 9.240679 9.769969 9.038122 8.114578 5.938521 6.798909 9.069076 8.301712 6.918359
20.281962 21.264847 15.310213 14.263965 13.503868 11.861345 10.727183 10.371916 9.277729 8.766878 9.749034 11.052325 13.524653 12.175058 11.142115 9.687312 8.801016 7.704962 6.087363 4.250092 3.543984 4.005579 5.619510 5.906508 6.560869 7.996307 8.585643 8.355260 8.332940 8.297826 8.519171 8.666216 8.467947 8.552255 8.740492 8.577155 8.728074 9.325354 9.856670 10.778479 13.159870 11.812995 9.961678 9.280195 9.225027 9.001978 9.215202 9.612941 10.235906 10.002226 9.132467 8.759534 9.012739 9.500573 8.719585 6.506424 4.602046 6.170479 5.281346 3.922729
21.813677 22.197441 16.746702 14.253491 14.129337 13.965662 12.000114 10.695912 9.849433 10.099109 11.862917 12.998344 14.823808 12.640298 11.150440 9.584579 9.004354 8.513845 6.840820 5.144951 3.659439 3.588639 4.729124 5.823505 6.883329 8.490891 8.561202 7.962248 8.258975 8.228629 8.580756 8.941419 8.507300 8.443869 8.887607 9.183966 8.852869 9.598585 10.530930 12.192513 12.908231 11.718649 10.584392 9.382081 9.772506 9.461863 9.161369 9.421709 10.200717 10.641976 9.708044 8.749260 8.580286 8.840906 8.983977 7.281367 5.210336 5.111876 3.449987 2.345277
23.409490 22.655265 19.769057 15.598521 14.790394 15.424110 14.290352 13.529611 12.693540 12.611613 13.265834 13.945438 13.917018 12.403883 11.495554 10.108769 9.369709 8.794819 7.580346 6.201833 4.778528 3.474732 3.855020 4.982381 6.144280 7.530547 7.900469 7.593224 7.948414 8.379842 8.561891 8.684844 8.427930 8.516467 8.954305 9.144183 8.771498 9.907902 11.960055 12.732122 11.218759 10.821566 11.016707 11.146083 10.438388 9.360902 8.852906 9.127869 9.519080 10.052415 10.173122 9.353657 7.963919 6.319637 6.700547 5.223565 4.323140 3.096384 2.606944 1.585960
22.795239 22.132691 21.981761 19.424126 17.428984 17.373038 16.794340 16.742680 16.882775 15.217033 17.297791 17.900090 14.354264 12.807504 12.007475 10.796064 10.404175 9.515055 8.255205 7.468211 5.767291 3.761379 3.316844 3.881346 5.101060 6.643408 7.107699 7.443739 7.888998 8.547292 8.689450 8.296600 8.317800 8.776091 9.246270 9.444209 9.289609 10.656268 13.051640 12.586493 11.008725 10.890585 11.058022 12.157735 11.446358 9.340777 8.600737 8.929915 9.224368 9.429072 9.761653 9.398062 8.211975 6.346005 4.222856 3.910935 2.617537 2.489482 2.214781 1.416670
23.092611 22.510128 22.410546 21.850690 20.776445 20.589733 19.645524 18.612252 18.369805 16.512889 19.152067 19.023972 16.805026 14.891543 13.740071 12.066097 10.996620 10.414152 9.310629 8.049835 6.864922 4.751979 4.085754 3.439411 4.275361 5.192259 6.476055 6.934288 7.610012 8.355856 8.367702 8.110247 8.477018 9.125487 9.701907 9.864608 9.912774 11.834636 13.163355 12.640573 11.408443 11.131158 11.114762 11.777263 11.470466 10.341042 9.160980 9.082414 8.445492 8.518254 7.937431 7.953725 6.158513 5.040788 3.907340 2.758506 2.486590 1.363290 1.169607 0.616211
22.910000 21.092332 22.519486 22.497686 22.210434 21.935564 20.711948 19.897882 18.924780 19.251301 21.426723 18.167400 16.671997 16.457330 15.584997 13.685443 12.882809 12.022328 10.371643 9.310629 8.201129 6.169984 5.039917 4.030028 3.171050 3.125500 4.121630 4.931271 6.096921 6.794412 8.020100 7.088175 8.647811 9.689585 9.951502 9.942848 10.815511 12.032684 13.129286 12.646677 11.294165 10.535381 10.680773 11.195502 10.982355 9.959457 10.145998 9.693557 7.338219 5.463585 4.485025 5.725918 4.824224 3.482360 2.499315 1.479755 1.288585 1.160260 0.747108 0.382700
26.079266 22.050805 22.057056 22.978615 23.141038 22.075166 19.984559 19.990226 20.197417 22.232989 20.048828 18.115019 16.731958 15.839342 15.791225 14.373282 13.295863 11.591956 10.054490 9.598612 9.403566 7.449888 6.747858 4.631949 3.842955 2.996277 3.508510 3.818867 4.420772 4.938945 6.426581 7.224252 8.878702 9.436795 9.950975 10.288491 11.309696 12.478654 13.336861 12.971580 11.565635 10.450000 10.382277 10.667257 10.473297 9.830080 9.438769 10.112429 8.423951 5.714290 5.114875 4.213125 3.090686 2.056792 1.293131 1.016579 0.659648 0.334889 0.372380 0.625132
26.204608 23.638197 23.479450 24.002452 23.294318 21.147100 19.825068 22.246293 21.896540 20.738524 19.498053 18.638600 16.606507 15.766055 15.350829 13.284787 11.946733 11.516275 10.383911 10.783959 9.679559 8.693606 8.627612 7.309487 5.240301 3.682182 2.968444 3.200187 3.936259 4.212903 4.892309 6.968320 8.562840 9.222927 9.917844 10.048534 11.488821 11.992372 12.142193 12.243470 11.839717 10.833828 10.115073 10.320502 10.246819 9.745482 8.387569 8.447562 6.577736 4.878687 4.015235 3.031930 2.315253 1.683320 1.026082 0.712881 0.390954 0.539059 1.089111 1.865372
27.952046 25.650845 25.163688 25.050844 23.464002 22.210349 23.274974 26.344747 22.136043 20.651196 19.976819 18.512396 16.539671 16.288877 14.908330 12.958757 12.624251 12.454402 12.289719 11.164511 9.738221 10.473532 10.337045 8.891632 8.097777 6.122971 4.511238 3.149825 3.274493 3.624491 3.769349 5.144559 6.501033 8.159653 9.461805 9.796450 11.422656 11.420337 10.860104 11.198096 10.901842 10.484920 10.070968 9.693045 9.992640 8.644078 6.826429 5.042627 3.813948 2.556074 2.605860 2.511623 2.177977 1.328252 0.610073 0.448594 1.066082 1.725298 2.401146 3.857936
28.693772 27.180622 26.630465 24.567819 23.557345 24.237674 26.915023 25.657078 23.332061 22.907556 20.786870 18.575445 16.954393 16.161721 14.891028 15.028581 14.755361 13.365024 12.316704 11.681264 12.420779 13.756520 12.014233 11.172601 10.016629 9.177955 6.999044 5.918850 4.131142 3.009498 3.162320 2.968547 4.415855 6.649372 9.358520 10.106030 11.308407 11.288128 10.273596 10.393189 10.322245 9.615998 9.499477 8.291854 7.538554 6.136994 4.486986 3.188877 2.178156 1.912312 2.028928 1.982637 1.877597 1.015224 0.573535 1.204468 2.019000 2.348865 3.279976 4.917073
28.484273 29.002938 27.690720 25.296814 26.424514 28.423786 28.093242 23.543637 22.045548 20.769956 19.322318 17.964780 16.512849 16.079598 16.246587 16.393719 14.494326 13.869152 13.561056 13.761415 15.385727 14.613813 13.897616 13.152842 11.562988 10.434423 10.108135 8.114043 6.148631 4.334393 2.767340 2.485797 2.980859 5.157775 7.804096 9.573353 9.557990 9.249310 9.273429 9.842916 9.484354 7.616461 6.551082 6.221146 4.318145 4.391266 3.246194 2.177887 1.869530 1.412422 1.282551 1.209270 1.155652 0.496651 0.926662 1.997741 2.596452 2.704761 4.639343 6.997212
29.441067 28.365406 27.115326 27.629689 30.609925 28.567483 26.288266 24.922612 23.542075 20.977200 19.578844 18.575191 16.771575 17.903051 18.387885 16.116519 16.545247 15.576251 15.330945 16.316287 17.763836 16.089110 14.970010 14.137289 12.792217 12.509570 11.686260 10.468577 9.470332 7.285446 5.171507 3.681791 2.893049 2.476452 4.767304 5.466111 5.168829 5.679417 5.701110 6.996237 5.642726 5.143683 4.375355 3.823992 3.466122 2.804378 2.232411 1.709493 1.249453 1.070107 0.970225 0.806716 0.580683 0.730802 1.863084 2.643119 3.474157 4.967995 9.372079 12.159753
27.149655 24.344129 26.609393 31.240703 29.966927 29.876183 27.355267 26.461325 24.249980 20.868647 20.480642 19.000594 19.072394 19.902621 18.122206 17.523289 18.426748 18.581946 17.427309 18.287033 19.596791 17.088892 15.799699 15.127202 14.446646 14.450966 13.463773 12.378282 11.670029 10.736180 7.963569 5.299676 3.630906 2.479618 2.115080 2.318022 2.571746 2.817985 3.218642 3.293797 3.541912 3.619081 3.438435 2.755078 2.286617 2.391991 2.017374 1.544295 1.155846 1.071526 0.984886 0.618664 0.761863 1.389830 2.472533 3.349747 4.798597 5.861269 9.861410 13.481964
29.385423 31.223693 33.337963 26.914539 27.671439 28.250604 28.656856 26.737389 24.162616 21.346331 20.610244 20.192212 20.745093 19.039016 18.461108 19.026529 19.619714 21.175233 19.484652 20.236663 20.546888 18.071243 17.029486 16.899691 16.006072 15.521344 14.369149 13.879055 12.726687 11.972141 11.060484 8.211934 5.733010 4.060612 2.980953 2.345090 1.850462 2.086245 2.305797 2.125871 2.392766 2.771617 2.708878 2.307997 2.085583 2.062198 1.862479 1.279732 0.976419 0.787675 0.741416 0.992799 2.129565 3.151089 3.771129 5.252157 7.103504 9.118125 11.349141 13.989040
35.642734 33.307584 31.483679 26.888817 27.565303 29.049956 28.061683 26.981344 24.719298 22.475999 22.308844 22.724900 21.246082 18.834302 20.375622 21.649993 22.034276 22.541593 21.651304 22.289874 21.493254 19.106153 18.667770 18.715570 17.881211 17.057935 15.975580 14.799901 14.070922 12.950481 12.781132 11.149315 10.031278 7.577303 5.615006 5.325473 5.019839 4.348554 2.874318 1.654096 1.856008 1.942517 1.844246 1.856613 1.908892 1.858343 1.088805 0.763553 0.783602 0.982332 1.630145 2.507647 3.310820 4.098511 6.265865 8.151514 11.025189 13.035771 13.619628 14.566094
36.333466 31.672557 32.440993 30.230388 28.308675 30.824508 29.961556 27.656398 25.940663 24.220929 24.775868 23.980313 22.514587 21.388415 24.344392 25.150931 24.526520 26.408783 25.850574 25.295376 23.276712 20.753043 20.635212 20.445892 19.285600 18.076301 17.315996 16.356190 15.822336 15.383607 15.204618 13.892129 12.782074 11.603710 11.581500 12.056068 11.375538 8.323686 5.689742 2.933659 1.682378 1.266576 1.035213 1.145270 1.673842 1.334942 1.128449 1.207970 1.322950 2.197600 2.395161 3.589926 4.749036 6.368867 6.333675 10.417960 13.103352 14.450870 15.687439 16.249953
34.401240 33.911630 32.996658 31.510270 31.185013 31.690351 29.332748 28.005513 27.894909 27.010176 25.281545 25.095645 25.065523 25.207573 28.407414 26.997657 26.220860 28.523540 26.286726 24.753397 24.994532 24.045733 22.562677 21.758407 20.282536 19.039405 18.546847 17.958436 17.774879 18.139568 18.120479 16.967959 16.083965 15.349550 14.999398 14.045584 12.236702 8.336453 5.332281 3.131268 2.348000 1.698517 1.235477 1.109247 0.997468 0.940242 1.108094 2.048430 2.632433 2.992742 3.885751 5.325194 6.633943 8.938910 10.658904 10.916911 13.875009 15.262649 16.855875 18.111282
32.166856 34.095297 34.100204 32.811684 32.463222 32.110940 29.520710 29.281096 28.495875 25.993254 25.135953 25.222220 26.594120 27.089706 28.829469 27.388509 28.705729 28.817988 25.532306 23.775349 23.452015 23.766560 24.564388 23.196703 21.983955 21.055052 20.835307 20.238464 20.115831 20.198295 19.370016 17.385109 15.610208 14.231621 13.507047 12.309484 9.438587 6.019222 3.542175 2.365247 2.281200 1.965276 1.727240 1.232442 1.678013 1.328908 2.080811 2.613602 3.596814 4.264405 5.272880 7.593952 10.756612 12.826979 14.129510 12.402840 14.821486 15.747794 17.427942 18.401539
34.084830 34.170903 34.416087 35.972796 33.476028 31.985973 31.249670 29.513094 27.187746 27.410443 29.933909 28.254617 29.319643 28.602938 29.473285 28.697528 29.460289 26.492071 24.629669 23.976342 22.735908 22.082767 22.881730 23.557150 22.948832 22.319087 21.935967 21.055559 19.966641 18.183841 16.774821 15.357836 14.246962 13.569982 12.841750 9.898972 6.880101 4.008296 2.100669 2.194799 2.259244 2.216362 1.998364 2.067049 2.521962 2.594655 5.999064 5.116843 5.132468 5.845130 7.228858 10.081560 13.290033 14.612938 15.545860 14.784998 15.312945 15.897644 17.781224 18.493440
34.935392 35.084940 34.159495 34.431394 36.425482 31.757731 32.416853 31.345935 32.031080 32.550585 31.719311 31.269218 31.150695 30.984659 33.241999 31.216312 28.500590 26.061874 24.411148 23.374450 22.374438 21.738513 21.770164 21.733191 21.495136 20.294998 20.426869 20.001676 18.776334 17.208072 15.374611 15.178412 14.206035 12.272021 9.738710 7.569213 5.092596 2.177339 1.964001 1.909894 1.888566 1.475502 1.461655 2.678231 3.311708 5.198714 8.271843 9.694128 7.669679 7.762275 8.982946 11.900638 14.520256 16.318920 17.776506 16.589160 15.644378 16.552292 17.997604 19.208293
34.344207 35.378389 34.894422 33.835945 36.611632 34.992433 34.987003 35.846252 34.469147 33.592200 33.821486 34.070770 33.820383 34.028473 30.560571 26.559220 26.306431 27.224055 25.449809 23.879290 22.584578 21.707370 21.208306 20.545172 20.931716 18.893224 18.807322 18.667463 17.878611 16.103172 15.222632 14.201210 13.288147 9.908791 7.414464 4.987349 2.371257 1.880501 1.839021 1.725348 1.575914 1.622194 2.265691 3.196814 4.566307 5.396889 9.450255 11.731315 12.817112 12.160604 12.521359 13.196525 16.559565 18.830552 20.378106 18.993558 16.952093 17.530771 18.160731 19.556417
34.366034 35.118905 34.891177 33.185561 35.623440 35.779306 33.836796 31.232230 28.423790 27.758841 28.873455 30.147044 31.642517 32.920392 29.031366 26.574465 25.823995 25.733250 26.727656 25.632133 23.346513 21.128962 20.623833 20.587036 20.389549 18.937205 17.908977 18.004341 17.534045 16.600788 15.023185 12.805976 10.558120 7.951970 4.556136 2.925263 2.124144 1.858722 1.717457 1.631254 1.720586 2.227350 2.849111 3.974170 6.521596 8.467061 11.229737 14.195627 15.541723 16.035356 16.027979 16.969920 19.102379 20.403813 21.459314 21.432212 18.267170 18.804171 19.764277 21.160341
