tests/3D/PSQL_test/output-maps-SE27XX/snowdepthN0029.asc
ncols         295
nrows         180
xllcorner     627200.000000
yllcorner     5109000.000000
cellsize      200.000000
NODATA_value  -9999.0
[rows 52 to 77 of 180, columns 228 to 284 of 295]
102.150908 98.927491 97.233777 96.117443 98.791071 101.991510 105.055038 109.112146 112.805417 117.334410 121.893620 126.287775 131.464790 135.533489 142.115177 148.243028 149.189731 149.614731 211.533301 187.307389 212.665232 217.777137 202.973280 204.331028 231.285905 246.201526 252.236435 251.361456 248.100938 245.097636 244.177489 247.256437 245.743750 242.414900 236.676903 236.597247 246.405867 235.490067 231.279299 240.768762 240.834379 245.747821 242.637688 236.167938 234.608344 228.910219 220.751367 211.545368 228.069468 263.551610 256.419111 231.710704 238.189490 241.811489 227.447049 233.798183 225.270697
92.834787 91.964189 90.727895 93.237115 96.787888 99.591308 103.643295 107.700823 111.104759 116.574743 119.622209 123.430759 129.532510 133.041277 137.705406 142.052739 172.908152 214.278178 218.017548 213.459533 216.558034 220.009425 206.002324 224.882558 250.704994 252.323881 251.700820 250.584972 249.417468 248.075114 250.393956 251.492742 248.715534 249.226156 247.365259 243.046125 247.204552 237.818933 236.634412 250.361625 248.112532 250.481003 240.083249 235.300151 235.793476 233.657830 227.081048 214.061297 207.387525 232.928224 255.924001 257.675863 242.668400 242.436315 236.910213 237.712385 235.110148
86.772672 84.476885 87.258554 90.605028 94.062188 97.634914 101.387515 104.824639 108.842297 112.965309 116.916281 120.378527 125.076309 130.011577 133.717291 170.368160 217.127901 220.919417 213.741723 223.715767 223.748393 221.235337 214.107022 234.122737 248.219451 247.677118 248.087685 248.580311 249.724582 248.240873 249.614086 247.258480 245.520230 249.778709 257.108548 247.471875 234.610157 229.754681 241.285506 255.559817 252.782143 255.386624 238.747556 235.201933 234.927786 232.813105 230.372627 227.383798 212.853501 212.594425 217.899264 225.829964 238.577401 239.643076 234.975978 234.601642 239.580408
79.384751 82.329823 84.997640 88.235588 92.067318 95.543262 98.646584 101.815397 105.299435 109.276102 113.326732 117.168342 121.461253 126.455618 131.495346 162.049358 190.011751 206.695412 214.964849 226.288554 225.278825 223.795886 222.424906 235.364756 242.202959 245.519550 250.113716 249.059229 245.312967 246.021695 240.319194 236.931954 235.208664 236.042600 236.242489 224.157865 231.770571 211.579702 220.157990 242.616318 254.317284 258.355006 245.695256 235.641205 236.211843 232.583962 231.230818 234.633066 227.731085 223.054320 224.456667 225.113378 230.678628 234.138439 228.671845 223.811334 230.925606
76.764071 78.756410 82.554965 85.676339 89.384567 92.261498 95.713208 99.388508 102.834167 105.762566 109.640336 114.046736 117.708634 121.912273 137.540194 168.052719 180.831025 205.781872 214.102880 225.980963 227.472531 227.661466 226.667099 230.837027 237.537486 245.386556 249.604765 246.763010 253.236257 255.619070 250.338879 260.515012 269.329934 265.382545 258.506514 260.723138 276.052819 257.500913 243.714996 247.873087 256.556387 257.073071 247.013168 241.266282 239.060518 237.434337 234.603558 231.123461 231.908085 229.846382 229.431970 232.371503 226.145258 216.062156 238.790589 247.662039 245.092740
74.001754 76.311987 79.167326 82.581154 85.573587 89.242872 93.017480 96.408758 99.388872 102.373629 106.116244 109.338237 113.522506 117.849138 125.427646 158.320945 184.369319 203.006205 210.697309 222.882806 225.322350 227.321881 226.634708 227.790611 235.029832 240.836078 241.293050 241.748069 249.423961 252.253343 242.511703 271.202687 293.232997 289.549328 291.353515 298.920105 306.794641 307.289177 272.063074 251.722263 254.472442 252.393488 244.344657 241.606241 240.747228 236.789122 234.186954 227.295232 223.336424 224.790916 228.522388 229.133393 228.945597 214.194556 213.477419 231.433114 245.431291
71.149706 73.313663 76.902904 79.723528 82.639851 85.561465 89.153953 91.880703 95.625353 99.426242 102.718141 105.766721 109.223862 112.617072 115.597288 151.211189 175.708322 202.038564 209.208772 215.737133 221.077838 222.733686 220.208774 220.952986 231.810297 234.434877 236.392944 237.561810 243.294818 239.563268 233.865419 270.270396 289.213447 287.800145 295.642006 305.025841 302.988251 301.629927 282.034449 253.942983 252.866288 249.991262 244.815269 240.305121 239.267201 235.802862 231.549895 226.154002 214.486191 215.144134 219.132922 227.508890 228.862290 218.648888 210.044544 221.281861 235.433851
68.631875 71.521183 74.075681 76.280742 79.473083 82.302896 85.576979 88.577205 91.631577 95.203426 98.797692 102.809821 106.572323 109.222885 112.274822 141.725911 162.287874 175.313005 201.191371 213.798595 217.296956 216.580712 215.715385 221.223078 231.164958 235.469343 233.009443 231.040124 234.462012 228.976858 240.204726 275.606598 287.482984 293.020685 301.936359 303.996756 297.122199 289.077990 272.125065 254.520563 258.492897 253.467663 246.565700 242.667188 236.716707 234.203314 231.324128 228.387534 225.840207 222.369181 218.430371 222.342955 225.711702 215.871581 206.136998 211.099539 208.636912
66.465506 68.764234 70.714993 73.181695 75.730650 78.811566 81.512180 84.729391 87.914238 91.717618 93.621094 97.903039 100.300686 103.292660 109.493372 127.257109 148.118634 163.930560 193.499589 210.292244 212.887241 209.039575 214.286277 225.277886 229.862065 234.720013 229.103045 223.295617 231.316570 230.889906 251.709029 282.866355 296.179456 299.460616 298.277384 294.302583 287.079192 279.138843 258.946724 245.081160 253.052071 252.432214 246.090521 239.018674 232.014579 232.519566 230.915053 229.513569 249.096234 226.358272 218.903383 217.214432 222.959412 219.589736 212.522800 208.973458 203.081696
63.356146 65.941019 67.717932 69.561900 72.345009 75.646534 77.686846 80.663589 83.681792 86.261645 90.150154 92.710095 95.202582 98.035317 105.081148 118.392448 132.855350 166.318177 190.904337 203.571915 203.660303 206.246728 219.596996 222.816944 221.636729 230.751599 234.065815 240.820060 257.645245 263.066150 275.391870 295.260683 298.123128 293.779100 287.478413 279.598346 267.643560 253.069598 237.276795 241.832238 252.105827 252.496136 252.508217 247.842827 252.407252 243.538950 237.130475 234.483393 257.556956 226.882713 225.086925 217.968265 215.153310 221.228977 217.848160 214.551495 209.591042
60.669000 63.038215 64.633795 66.319584 69.321057 71.957736 75.091234 76.489513 79.249365 82.468727 85.673242 88.791690 91.904524 94.956037 99.859811 105.746048 130.572483 165.579357 181.124455 197.548755 201.374455 209.565680 221.866057 225.229796 226.318790 231.928684 244.418804 255.511078 275.658917 282.429134 285.293767 291.155426 288.425563 283.956916 279.236392 266.574315 246.306569 232.128730 232.795548 241.898946 244.750630 244.412678 243.644623 243.534936 245.446615 244.827898 241.399799 238.427337 251.498732 231.456361 229.756852 223.806585 220.796555 218.002142 218.722483 216.787857 215.181365
57.962916 59.729904 60.717330 63.007990 65.388774 68.218194 69.791407 71.817864 75.181958 77.670904 79.214476 82.948898 89.353344 94.952837 96.865644 99.816689 136.309551 163.452566 179.675822 198.679003 205.830741 213.628775 221.844039 225.313380 228.824545 242.088780 246.926527 256.769422 274.573513 277.106713 280.751578 280.538275 275.095548 273.760258 271.291701 252.815455 230.189770 229.687443 237.299254 239.770888 239.560556 238.489868 237.575329 235.653334 235.623872 236.943580 234.844161 230.069614 248.605757 236.008316 228.777133 223.507936 217.638644 214.475948 217.229045 216.872467 216.884165
55.256907 55.613109 57.229502 59.303110 62.253797 64.884622 66.223171 68.862219 71.950734 71.509738 74.976008 80.136476 86.637327 94.253308 94.951869 111.383776 153.787057 175.077269 183.799627 200.395245 208.782139 212.635051 221.056379 221.735387 224.090462 232.702499 240.566557 254.296165 271.119226 271.933281 274.576072 261.898075 259.256684 256.624851 249.464312 228.340179 220.701638 233.982259 236.154488 234.084378 231.629021 229.520270 233.875948 234.530156 234.443307 233.326294 232.301654 226.845720 231.033119 238.976145 227.667147 219.717045 214.864162 211.067590 210.656721 215.358596 215.747244
51.770040 53.157333 54.174384 56.034516 58.339987 60.252386 62.189630 64.595363 65.241808 68.425332 70.283682 75.077932 82.529133 91.507117 98.825642 118.441601 148.935999 167.162979 180.777605 203.647562 204.596249 206.645945 213.271983 213.274875 216.392176 225.389934 233.301728 247.851346 262.106089 264.340582 265.354763 251.221067 247.682190 232.063201 217.465107 209.583574 225.613567 232.435062 225.628794 219.542736 220.810587 221.848686 229.832699 227.148617 228.559425 227.406201 227.965667 227.987497 229.895862 236.457568 231.714719 224.857004 217.447546 210.496674 206.532966 207.823413 214.821545
49.125589 50.329056 51.555666 53.609177 54.062284 55.729851 60.732770 61.170307 60.736212 64.030852 67.776940 68.756309 74.980836 83.755538 95.541665 99.496928 134.063737 159.286878 167.979144 173.094024 191.278428 195.740936 203.101640 205.403110 207.165318 217.812723 219.493295 228.625068 236.784902 236.480793 233.309180 222.373789 217.820450 208.104651 214.667283 225.994895 230.302348 226.388997 216.670179 223.700909 241.824525 244.736797 238.227924 223.490974 222.729877 223.012979 222.140342 221.769563 226.825579 230.449054 233.606125 228.861618 222.796869 219.856067 212.831979 203.431507 211.688249
46.161678 47.552058 48.585465 50.423325 51.072439 52.509675 54.759645 55.771883 56.332902 58.075975 59.727060 62.816154 69.056053 102.018992 115.460773 121.037120 119.740449 110.028196 147.850900 184.400479 171.026885 158.793195 194.492017 198.851996 200.592173 200.888895 188.472033 191.511844 196.084634 195.926265 194.866648 197.111696 206.709985 220.422292 225.888088 227.070810 225.703435 224.343987 221.083577 226.249581 231.013705 231.548626 244.143094 230.060884 223.109900 224.895283 228.856363 230.737613 228.416248 228.812518 232.206396 231.614268 225.599635 223.719111 217.579987 197.010887 200.187579
43.585755 44.829208 45.705126 47.312493 48.146019 49.761902 50.172553 50.937841 51.249187 52.292712 53.264982 55.208119 79.663956 115.859658 124.851835 128.311579 141.517925 153.808327 150.952004 183.109072 188.648693 194.178629 190.260166 197.177516 196.691418 191.794655 188.356310 189.182857 194.449842 196.258985 206.396516 217.804838 221.366121 221.513537 218.978702 219.044642 221.978028 222.555976 222.424811 222.984269 227.877219 223.650546 226.550894 242.585653 230.731045 231.563333 235.704826 235.493237 232.210325 230.311759 229.980854 231.674809 227.801750 223.598341 224.960595 202.787250 191.289638
40.734836 41.406818 42.844004 43.894050 45.315005 48.673795 46.113517 46.648740 47.512928 47.514764 47.962178 51.211315 95.663692 115.701196 127.773348 139.931050 149.406013 170.223900 171.181396 182.588593 188.435458 191.809081 172.606904 183.741118 187.630504 193.562454 202.088008 207.154360 211.535921 212.471806 211.049995 214.637133 214.196580 214.631441 213.499701 214.542382 214.942547 217.696216 218.848900 216.098328 225.404999 224.580044 220.049054 236.367447 243.424925 237.811011 236.490816 234.564843 232.256536 231.603602 230.587841 228.953983 228.084563 224.409099 227.149003 215.085044 200.391179
38.366246 38.864516 39.351059 40.962260 41.796387 42.209085 42.589089 43.311499 44.309160 43.144296 44.734228 80.793383 113.267359 124.588124 132.575954 142.395432 166.013821 176.144276 167.214866 178.387049 187.639061 177.741571 179.656608 187.330783 180.438793 181.745991 189.798408 197.997129 201.570016 208.274789 206.954357 205.966368 212.504465 215.983433 211.681497 208.426938 212.780043 210.533149 211.241437 212.104501 217.391127 222.150418 224.128316 224.101686 240.073478 238.746104 236.237644 231.924571 232.600904 232.629064 230.366749 225.227238 224.696962 223.513065 227.710674 226.004545 224.118651
36.105383 37.922802 37.119588 38.908788 38.794575 38.640256 39.190616 39.680923 39.314411 39.787582 70.726879 93.676422 112.842444 128.859398 133.092961 147.047232 164.977918 163.675731 167.658137 190.646964 198.056425 194.910011 183.785311 190.391987 182.300813 205.881735 201.828107 197.014900 195.814311 204.233962 205.024247 205.671556 207.149363 211.336966 208.742561 204.752732 216.167565 215.086423 211.910350 208.677076 215.673163 215.356120 221.251719 222.926546 233.008479 239.926866 237.710034 233.099568 231.754663 231.542349 227.187753 227.028200 227.736393 227.664274 230.283152 234.037163 224.187727
33.602030 35.229440 35.010226 36.232034 35.576031 35.610545 35.590014 35.853628 36.270198 45.581825 81.991843 103.097546 117.934371 135.675153 135.669869 152.031060 156.103641 165.196633 188.670366 210.726459 212.655704 205.146642 192.155735 194.939480 188.251307 215.536832 210.593249 199.543773 199.904917 203.492497 206.394201 206.918973 205.959439 201.766577 204.886185 209.513837 215.586068 219.134444 214.996360 218.084594 229.671515 229.793649 229.031239 224.656523 232.295869 239.994597 238.604646 232.565060 229.299278 231.953899 230.538295 230.342772 231.318841 234.120837 233.647640 220.559052 206.152789
31.968426 32.318242 33.755042 32.623127 32.532995 32.752233 32.176452 31.884595 41.022951 76.600718 93.093548 111.123296 125.913811 140.423315 154.189158 171.194923 180.794469 180.052566 199.870669 212.108314 204.533942 203.787243 194.883574 206.105103 194.997067 213.640832 210.590509 197.387078 200.454404 198.454591 204.855352 206.698984 195.640883 203.885516 214.033264 215.601210 216.800594 233.752511 232.439354 232.522294 240.290677 242.379813 238.645407 234.471150 236.799098 238.622286 238.805285 236.703965 229.652246 229.106138 231.432838 235.248684 230.864473 226.441275 211.405015 203.125670 200.877996
30.063025 31.358054 30.491733 30.283055 29.331040 29.364357 29.846562 38.838462 63.660732 99.149957 118.839985 121.544354 160.240498 172.688479 177.884100 187.775737 198.325833 182.952026 196.210221 226.535792 207.176205 191.412687 191.989362 206.615761 196.075526 203.033319 209.347349 203.405242 201.537141 195.317140 191.537411 202.817142 188.933926 206.308064 221.760561 220.232323 227.185216 244.246894 244.166340 242.360487 244.144700 242.436377 242.072482 240.053331 240.678042 234.255515 231.680771 227.940604 218.515117 217.169681 216.552200 217.977890 215.667556 207.809539 198.032069 199.212729 200.371867
28.635277 29.454536 27.758538 27.758195 27.613280 26.805123 37.408800 44.547494 78.285396 121.053850 134.245719 152.776451 170.675374 182.880761 188.797934 193.590139 191.113932 174.255856 211.307255 247.724026 218.716668 193.183479 194.317932 204.985673 194.260093 192.895485 199.853625 208.206234 212.082098 202.423008 180.005602 194.517823 195.871821 205.199804 226.619645 231.552161 238.631061 245.654038 243.932780 245.846241 244.000314 241.666666 239.819280 238.906834 238.585612 226.719077 226.793233 220.266120 215.295829 216.373278 213.947672 209.964773 206.687605 201.997409 203.230143 202.870766 197.838614
27.689052 26.955184 26.180364 25.850231 23.783194 48.815616 78.710512 108.239078 104.203815 148.897459 153.200264 160.110610 165.254702 174.279575 180.537674 187.242910 185.553234 191.525481 237.615284 246.762761 221.056087 197.760769 202.845526 205.273307 193.360459 189.699003 194.909959 210.443593 224.427100 219.238884 192.623109 187.466607 198.118314 211.830775 234.370723 242.212589 239.541653 243.713748 244.719693 243.685956 242.094937 240.062585 239.153296 237.931039 234.644655 224.869662 223.535269 218.159918 219.069669 214.499895 213.996942 211.407168 210.247545 206.545643 205.426052 201.898854 197.221826
26.520192 24.978999 24.433925 25.005886 58.171179 97.065127 121.882336 151.301155 161.269080 147.794681 142.997231 151.086218 159.769694 165.025605 175.290920 184.368393 190.033342 218.812551 246.074629 240.567226 219.329943 202.076749 208.551266 205.016401 195.031148 206.970251 203.337761 209.146602 232.433065 241.885104 217.223008 200.377446 207.830898 223.999435 236.652726 234.437502 229.838195 240.414142 244.037894 242.156282 239.285330 236.574378 234.160229 234.923565 226.273663 220.398604 215.728281 218.878435 219.269906 216.036441 214.073220 212.228687 207.577779 206.139640 204.050089 201.758448 199.795941
