tests/3D/PSQL_test/output-maps-SE27XX/snowdepthN0025.asc
ncols         295
nrows         180
xllcorner     627200.000000
yllcorner     5109000.000000
cellsize      200.000000
NODATA_value  -9999.0
[rows 52 to 77 of 180, columns 0 to 56 of 295]
-9999.0 206.286014 204.689052 199.552882 195.364512 197.552934 201.618263 203.251384 215.241363 224.279933 206.375924 190.356635 178.803427 176.224548 177.214572 179.633287 183.388950 192.187954 197.507214 202.910563 198.815516 214.813742 234.827377 241.681241 258.645112 269.237223 266.376055 269.459923 284.336929 297.161527 313.632606 334.211289 344.500556 313.928727 318.946334 319.492696 310.316750 307.422120 299.580130 295.902538 292.976793 290.977665 290.372515 283.578318 277.706290 277.392856 283.360087 287.071360 311.606405 291.971855 280.397954 287.342261 278.263004 289.770430 312.055183 303.390096 299.323748
-9999.0 215.364480 213.743806 210.974399 212.175435 218.499824 223.607469 225.063549 236.046298 241.137333 219.323320 200.442306 184.148828 185.452167 184.702049 178.586691 185.937773 190.118722 192.120207 194.283133 188.871245 197.554027 216.368695 241.068613 276.539902 266.873892 255.775986 259.110937 273.386628 285.630118 296.705400 312.045387 330.580190 324.930222 315.489865 317.665930 308.322666 300.872611 295.838404 292.232312 286.589438 283.300871 285.103227 279.770902 271.324295 265.726213 268.328169 282.188742 306.619135 290.576465 282.845158 286.224569 273.639648 285.233351 312.032029 300.926598 297.632897
-9999.0 237.975155 232.891563 238.750457 241.714325 237.073781 232.513482 232.652424 248.387886 259.942966 232.410142 213.371182 194.469140 190.222851 187.683555 180.436317 183.067069 184.667752 185.009450 193.201404 187.813435 192.980080 212.007414 242.651722 269.286155 259.390884 249.371442 254.216471 264.340870 250.589794 246.327365 266.621790 296.316270 328.409973 312.593194 312.960784 305.788673 298.605322 293.950763 288.819634 281.034955 278.019351 277.734981 278.589349 268.860967 264.615299 261.123769 276.986062 299.624702 290.235915 281.483523 283.198183 271.414448 283.903606 310.327474 288.560016 286.408151
-9999.0 261.740245 243.329029 245.961461 250.236732 245.779444 246.392654 247.594259 269.349755 269.049670 238.918704 222.258518 204.772426 195.748978 189.129453 182.046871 180.777140 181.528415 184.618329 184.612429 184.530796 183.309055 209.362528 237.658293 240.305626 246.243873 249.100846 250.071562 249.627490 255.122638 251.004106 269.787037 288.024629 324.617495 313.213892 309.878310 303.236442 299.093702 293.837644 287.037705 278.942501 272.109331 267.914820 273.346389 266.472751 261.436999 257.137685 270.820547 292.661738 288.544391 277.389621 279.945826 266.868490 284.804006 293.953194 264.940701 273.547042
-9999.0 281.849359 262.798090 267.809089 268.762806 275.746577 278.073152 281.599847 300.973141 273.563918 253.540954 239.687404 223.765605 208.836511 199.142601 191.300277 180.649807 184.203893 178.998687 177.271904 172.214694 174.612225 192.731762 218.746920 229.478357 240.501661 242.770076 248.024554 262.221648 272.254900 271.407953 280.508338 290.388711 319.702112 318.108624 306.737961 299.031955 298.739401 292.421890 287.441011 282.593267 273.222454 265.974764 262.186659 262.727816 257.071261 253.308080 266.913146 287.261284 284.402566 275.261495 277.734305 266.569977 286.502541 276.362487 260.302479 268.675589
-9999.0 291.078703 309.885172 305.424375 277.297734 279.792668 290.704949 288.562430 315.899059 281.108917 260.701887 252.097362 233.086595 217.112073 209.197395 194.276112 187.009998 180.035310 174.340036 175.789914 168.000384 180.107962 189.343051 209.324021 224.200505 232.798240 226.697681 237.800695 253.974113 267.203324 269.060051 277.824585 289.711931 308.735183 324.545171 306.928709 296.665131 294.261816 290.254556 287.613102 282.304416 275.895433 265.467917 257.863315 255.869512 250.934559 249.017098 266.384389 283.743968 271.496288 269.994208 273.550147 267.507376 287.948520 260.320231 253.558855 263.293906
-9999.0 324.610930 330.290279 305.120003 284.257714 284.441803 297.253502 289.064233 314.696875 289.361164 268.617435 255.459408 239.960373 234.123483 222.527280 203.986960 194.931088 180.656296 177.501075 172.064731 169.833964 171.667582 193.544328 201.676791 211.937003 220.481608 218.640179 227.544740 249.056674 260.973219 264.108318 274.323711 287.692984 298.187404 324.722657 306.020816 294.787514 292.048371 289.334022 286.357901 282.013325 278.397819 264.813146 256.725195 252.820746 247.288349 245.843866 267.533283 279.603668 262.129734 264.446674 266.232848 272.070371 283.395100 243.178252 245.015149 245.248289
-9999.0 347.185579 317.289913 294.730417 293.235332 298.778339 300.417468 295.843618 313.522248 298.319135 281.071393 267.599769 252.233581 245.242164 231.636996 215.859725 201.849613 189.769921 173.030137 172.163389 173.140124 177.076191 192.429849 206.826687 220.510497 223.768303 221.382568 228.294935 245.967514 254.384302 255.240710 264.879899 283.638385 294.571506 323.129883 307.449459 294.943971 294.603921 291.052181 283.147220 279.615098 277.493609 265.719167 251.529995 254.319667 246.323050 241.614953 263.694158 274.969317 261.109438 265.288783 262.180085 274.094776 277.990766 234.286700 244.165367 236.831118
-9999.0 342.000697 313.604083 294.031591 297.158026 307.230145 302.542862 295.182896 314.565661 296.747866 287.765108 275.689533 257.701082 250.525698 242.564078 225.755823 207.507279 194.616766 175.889951 170.945050 175.080822 181.149280 191.486565 207.510657 217.163824 227.661036 224.791708 229.519560 241.261142 250.094482 252.067197 256.308462 264.881096 276.372185 321.371278 311.290059 295.680898 289.210345 287.338290 281.812323 275.107181 268.451558 260.668444 252.318849 247.090969 244.121354 238.207390 256.859508 268.495245 256.396340 256.959188 255.008106 274.818128 268.366167 226.981537 237.253879 229.506898
-9999.0 340.485795 300.136577 294.146187 300.633061 306.584550 295.794485 297.551354 315.863402 287.238270 283.001488 273.253522 265.799491 265.344078 253.469919 237.549701 220.361864 207.338333 188.226548 176.200548 172.213270 177.301655 196.189304 205.439023 216.722594 219.410469 223.571965 227.314882 233.164838 244.215671 245.792824 245.079445 245.801465 253.519790 307.780978 316.126280 299.039337 286.705214 277.916255 274.565710 272.493580 260.186127 248.054232 248.614811 241.125645 241.071954 232.826590 251.716279 266.422809 249.138716 250.170399 245.152929 263.560884 254.599863 216.319234 227.196155 221.761877
-9999.0 343.088451 299.035047 296.790426 308.245619 309.487927 289.361543 312.176196 313.538335 279.060855 275.066507 266.887948 260.741408 252.943977 246.013872 233.910908 222.926309 213.722694 194.762715 186.032631 166.688516 165.222119 176.391342 188.237485 214.320770 223.347277 226.291450 225.707359 232.574977 243.285705 246.354245 248.786779 238.263374 244.803310 300.438460 319.403515 305.438681 287.024086 274.527709 274.173096 269.900521 259.478922 247.699929 248.463485 246.196882 241.421118 230.183234 251.222740 268.719740 245.764800 249.434821 242.085926 251.385661 252.615211 218.491781 225.144507 224.697409
-9999.0 329.202861 312.782541 310.610587 318.768398 315.245511 295.979323 329.941594 309.576324 275.594701 272.379521 269.481483 256.571238 251.330103 243.415870 229.665546 222.275443 218.218029 207.520592 193.520091 176.601541 151.723253 175.214227 189.122862 208.916220 223.425947 225.392015 225.524610 229.625359 239.206113 245.592786 251.394662 235.873891 244.585269 298.582621 318.563170 310.987171 297.919189 276.318775 265.889660 267.764134 260.565696 239.894369 238.337899 240.633196 236.783986 225.090874 252.287790 267.778201 244.491463 246.016901 237.185780 235.914922 245.650537 223.811169 217.069495 222.440136
-9999.0 313.383523 314.959890 320.059850 324.746254 315.401155 303.493694 341.917634 311.678436 287.527398 280.315016 272.367782 265.592156 256.288757 248.653731 230.990910 219.214302 217.330886 211.749714 203.397011 189.662190 171.582314 166.312655 177.011647 199.617869 212.898812 218.981598 222.681321 229.128779 229.721917 238.425892 243.836162 232.584987 252.668621 301.814726 314.024202 308.561102 303.551891 283.777299 263.712343 259.569341 249.205596 230.792349 230.798164 233.755065 232.369992 231.664623 255.753358 258.819653 247.417200 243.321911 235.421246 230.453908 241.686653 229.261330 205.240074 210.296164
-9999.0 313.827615 310.749046 318.792905 325.736435 326.114479 322.644122 351.630619 307.398857 289.579737 288.209557 287.942009 277.152739 267.172978 257.159800 241.567391 236.853506 228.212468 216.243773 207.865254 189.719529 172.769760 136.440294 159.606407 181.958934 198.459442 205.913684 214.304329 226.096683 227.072958 230.605637 230.978756 229.544309 259.380105 301.729445 305.305144 300.405212 293.478577 285.912516 265.108163 261.204705 253.154257 234.506885 225.668126 232.054670 229.629405 233.991092 242.858305 245.570661 240.344126 235.895342 238.919221 237.848056 245.428024 228.627445 195.396689 191.516730
-9999.0 338.899767 317.250933 324.511764 334.549223 334.767491 335.736907 352.812606 309.895434 302.565423 294.133106 285.695579 278.204437 267.494071 257.872622 244.527623 246.576101 238.115780 220.415689 205.777216 199.429290 168.825986 136.780063 138.668153 162.273437 184.835707 192.599451 202.570417 216.885881 218.057609 219.177575 224.360171 229.917881 263.865144 287.063252 272.934238 274.792923 273.331274 271.904836 261.985117 257.356487 255.775798 243.765644 228.876143 227.031936 221.959736 212.384097 221.783764 233.626155 236.158871 232.047737 232.663203 231.889059 234.401810 222.936265 184.057284 178.439974
-9999.0 345.684945 340.096778 342.211052 342.389585 338.776848 342.507910 344.994603 316.233473 311.286834 300.694264 281.647070 272.254061 267.860272 252.479211 239.895904 243.614664 239.116342 224.202734 216.071411 200.378234 177.074708 166.442563 135.726057 150.731729 175.648286 186.072697 187.994300 198.577132 206.978072 208.887652 224.901381 236.055731 260.635283 263.736852 243.825912 243.805964 252.207686 254.067287 242.357302 240.518602 242.852883 238.305387 236.706556 223.348739 207.497392 205.837745 210.216101 221.117479 225.120008 223.327712 212.616482 216.916560 210.540762 209.641206 171.592921 157.025997
-9999.0 354.226598 346.944133 350.176976 348.750302 336.264767 348.126773 329.294821 313.106825 307.858128 304.846790 289.959220 282.656960 270.667105 253.403230 234.164946 234.277385 231.073132 222.230761 214.287660 206.949139 187.378356 174.696876 154.121909 130.696092 148.601258 168.316560 173.073560 182.877084 192.510374 202.813432 227.170326 233.300266 233.010850 238.144568 231.601228 228.773086 237.778487 243.805344 238.252326 236.179004 235.158282 226.842393 223.272764 223.207347 203.782207 200.264118 196.297330 214.530201 212.520536 207.752968 199.152283 187.840080 182.435153 181.525843 165.664566 135.285436
-9999.0 354.839965 351.422224 351.183913 349.494181 326.437981 351.457424 329.123255 320.289499 328.638839 337.216852 317.862373 295.459257 280.802733 265.836711 243.534293 227.735349 219.842931 212.212617 208.114376 206.181225 197.892168 184.439595 169.046354 138.922694 115.405219 131.981080 150.001287 157.033375 167.952203 188.217634 206.205674 221.259144 209.100771 207.853340 214.067741 218.279595 226.885945 227.917483 226.657675 229.775164 230.421772 219.284943 211.297137 202.521270 186.698325 163.815573 173.197308 183.974303 177.713542 173.238556 170.044779 153.804268 161.713952 149.116732 132.222855 121.676985
-9999.0 359.810179 348.886167 344.805791 345.407200 340.018604 380.223526 354.338146 347.134776 344.003989 336.605235 334.764136 321.207719 300.231602 284.433527 266.434059 244.692397 232.308933 219.513093 218.264737 214.872056 201.556193 191.084430 171.769715 140.556674 116.205247 108.843281 119.533199 123.253487 134.505947 154.251400 178.016093 205.646343 202.910729 195.919057 199.489994 206.359231 213.627560 212.933256 208.822897 211.803575 214.667598 203.007565 190.387770 184.345546 162.186973 118.373670 139.578685 126.132168 123.724067 119.492807 114.402453 98.049732 102.849486 85.225402 65.550653 71.380863
-9999.0 362.395896 370.967125 370.513174 364.362025 371.582348 355.895556 335.174097 319.586694 317.920842 320.719348 324.976551 327.494329 324.537141 318.383483 305.032085 287.488550 266.883502 247.049940 228.915444 223.531918 207.585882 195.273528 183.540080 159.711005 139.641108 121.912283 103.473794 101.948490 105.417826 125.099033 151.646309 173.309191 192.914536 183.092824 185.674107 185.913331 197.347601 198.975058 193.111599 183.643614 176.420252 178.989581 170.743408 164.432599 136.331295 97.639014 94.499565 79.569714 66.296668 61.112675 66.218740 72.606895 64.778201 58.426934 55.916208 63.643734
-9999.0 313.107362 308.681214 322.384210 344.565436 349.153969 322.479473 318.174836 312.587062 310.784929 312.584328 313.940628 315.161504 309.190286 306.129265 312.235187 315.911256 308.682526 284.904693 256.497701 242.318834 234.814815 221.147544 198.814964 177.727048 158.980188 142.193099 117.486523 100.266935 99.653729 101.129368 117.363007 133.653442 155.848516 166.161400 161.872368 161.906206 165.608174 162.364550 168.859318 162.834844 137.837660 140.374473 143.091470 133.112777 100.934927 84.541726 85.020303 74.402398 66.812144 61.145734 60.912513 58.195486 59.226988 58.115132 56.636095 52.048857
-9999.0 321.635531 304.621530 293.819742 308.652721 315.117190 304.064622 302.548902 311.607557 306.395403 302.338004 299.887303 301.181324 290.365536 279.436088 279.312229 283.827384 289.435314 294.195810 293.223502 281.326683 273.428285 269.056361 244.258589 203.976690 183.565472 167.034199 144.540232 109.970399 97.436983 99.090696 95.344485 91.309177 106.260082 116.420730 116.892273 118.191658 111.210894 106.679316 113.412226 111.868755 92.450585 76.970157 84.888522 85.250621 69.490843 74.252323 75.076555 69.313943 63.831254 69.710707 73.929209 74.597183 71.372307 71.383329 71.995988 70.755228
-9999.0 324.198289 317.183305 299.935637 302.481010 308.445227 294.739692 303.387001 316.159975 310.512918 299.892344 296.700739 283.419503 278.489056 279.258811 275.513544 273.530284 276.481832 275.522412 268.450886 252.423178 239.389567 236.570915 246.221787 249.128705 225.159944 214.093000 190.129079 161.610635 123.943984 102.801368 100.167262 96.268458 92.346781 87.867242 95.817088 93.063669 82.498057 81.098964 77.044528 74.586276 73.284572 72.077921 70.288525 69.559661 69.384249 73.026530 69.740014 71.382494 73.268711 79.963047 93.313379 97.223082 89.251639 91.945689 96.149479 101.311619
-9999.0 313.163402 318.341164 312.366519 296.837066 290.312858 289.395499 295.996871 308.801151 309.422332 304.030240 291.393060 281.051754 274.936959 273.327093 272.752096 267.768509 270.661191 268.869190 254.494506 241.093461 233.545405 235.882885 228.706518 230.068513 228.338188 219.720451 200.649844 167.210031 129.223596 105.634905 102.034002 97.224821 94.576441 94.794898 87.947973 83.977712 81.128707 80.215053 79.760972 78.739935 76.789796 72.861452 70.582866 69.781343 74.741960 85.701859 89.489746 92.497704 95.956318 101.136282 110.954791 117.439211 129.195555 120.223838 126.960577 129.759472
-9999.0 321.249353 305.876274 307.842323 300.590073 283.105117 277.272296 277.825032 287.824308 299.680845 301.119358 291.967838 270.952172 259.606812 262.984334 261.776201 255.311489 254.283589 246.246161 230.177092 230.300620 227.731465 227.920755 224.640246 208.565711 196.234949 171.526684 156.436323 128.901578 117.292365 118.620284 116.447582 119.025105 106.801898 100.222637 94.336067 87.920181 83.137289 80.807730 80.826593 85.304436 78.543079 83.494315 92.297576 92.903699 99.854345 105.895339 115.857444 132.467440 125.638246 152.585829 163.136927 153.815461 178.724668 149.163415 170.957617 165.276437
-9999.0 329.888817 322.675043 300.368464 299.243278 298.676743 287.350480 282.539990 272.531134 280.623488 295.457074 286.589928 257.288646 243.041829 254.612329 260.362889 247.783244 244.783468 229.906871 225.602281 228.780081 224.622885 217.865111 212.607845 185.486449 179.062007 161.400350 136.166286 149.245923 156.824134 170.601020 160.292185 128.277492 119.956630 114.765538 103.440171 96.829125 111.297713 121.996434 120.519307 111.451982 132.685880 151.700060 163.984884 165.040323 161.589224 162.941426 166.827735 184.555388 181.269071 196.256213 204.076734 180.888994 206.394650 201.449711 204.595726 200.453916
