tests/3D/PSQL_test/output-maps-SE27XX/SWEDENSITYN0041.asc
ncols         295
nrows         180
xllcorner     627200.000000
yllcorner     5109000.000000
cellsize      200.000000
NODATA_value  -9999.0
[rows 75 to 99 of 180, columns 0 to 56 of 295]
-9999.0 108.215894 111.899824 116.015524 112.839769 111.508849 112.354018 115.770632 115.695426 116.290706 117.313853 120.228594 123.068033 124.653380 125.752678 126.545567 127.653599 127.932649 127.581764 128.585643 130.258647 133.906199 136.935604 140.886045 141.333009 142.358911 146.790594 155.847134 174.512941 187.513337 197.996495 197.339876 194.633797 195.276801 195.045285 201.249856 203.727374 205.683580 206.324474 206.646573 207.333540 208.705855 210.544346 211.140230 211.250715 209.213882 201.909033 199.268094 197.134825 193.988915 192.538072 194.941360 193.012638 189.201836 191.554130 189.113492 188.853046
-9999.0 105.654759 109.594298 115.044899 117.003721 117.245074 118.661556 120.838219 118.463029 118.110333 119.619601 120.237444 122.523458 127.612815 128.785597 129.346769 131.057358 130.935919 129.313044 132.877496 134.994673 137.938117 142.113890 143.894625 150.811574 153.556594 168.290578 175.748680 186.255924 194.088805 192.857599 192.645657 193.052562 197.419612 194.478731 195.594030 201.261705 203.999934 205.314321 205.307457 202.188836 203.899039 199.476529 193.696648 193.133258 190.121626 192.206329 191.540632 186.424950 186.518747 180.152158 178.875873 182.581793 176.265021 181.764669 177.262331 177.767489
-9999.0 108.979356 108.956796 111.796969 117.055723 120.299066 121.974645 123.575286 123.684795 121.916363 121.184055 122.432004 122.797592 130.066533 133.253641 130.194178 134.394985 133.622649 135.254229 138.353147 140.562142 142.751239 149.354331 151.851648 169.014650 171.977895 178.940433 186.806060 184.801885 182.170729 179.528498 181.765375 190.467737 193.015093 194.029873 198.310826 192.133650 192.834133 189.669144 190.870183 194.620309 186.340073 180.629565 177.120007 176.923431 177.915058 178.074148 177.155890 172.995573 174.415823 171.236106 169.646738 178.598498 169.314873 169.753118 165.309675 171.421722
-9999.0 112.154950 112.773935 113.113557 114.471696 117.181748 120.709586 124.700670 127.256179 125.901706 124.543386 123.071147 124.776632 130.306918 136.450095 133.847245 136.810495 138.373604 140.121895 143.134792 146.288506 150.022692 158.315643 169.860570 174.884864 183.192951 185.200281 181.144448 177.963251 177.904182 177.967603 180.450765 184.504742 187.174106 188.897875 188.886524 180.623914 176.822485 176.302790 178.112405 185.040280 177.895455 173.582317 173.778913 173.565561 169.863876 171.381659 167.600116 162.155505 160.722987 156.743051 157.300089 175.772165 154.746900 154.084789 151.741905 152.842463
-9999.0 115.767013 115.493429 116.954920 117.678380 118.001441 118.920623 123.308783 129.132218 129.548073 128.332226 128.373070 127.786590 130.804583 137.515515 139.144299 141.035895 143.013081 149.881854 148.361130 153.758030 166.170336 174.086857 182.676616 183.145230 181.735925 178.177244 175.459147 169.656381 166.638314 170.538392 174.917794 178.359649 178.959977 178.186368 180.222860 170.637948 163.202662 161.943147 168.587360 177.392848 173.642003 169.755716 156.798720 158.177320 155.389253 151.837329 153.008132 149.085205 147.943597 145.414918 147.092073 160.308685 148.354245 142.192235 141.567713 141.667700
-9999.0 121.043199 121.207926 121.383939 120.991675 121.463914 120.874213 122.749668 126.105388 132.584261 132.551613 132.411903 132.796944 134.672741 138.510564 144.537280 147.468806 153.921258 163.365461 169.968131 172.321010 178.147822 181.116206 180.498549 178.184316 175.644546 169.397459 164.106052 150.912665 150.857757 151.652918 162.837403 168.694337 166.117318 174.240598 175.816481 158.708883 150.870578 149.752570 151.012913 173.577467 171.975436 169.072128 156.937843 151.611459 146.946805 144.538311 143.302216 142.067579 142.395786 140.624280 139.546559 145.328713 141.386070 138.496778 138.528517 138.721345
-9999.0 121.623597 122.996333 124.368513 124.618961 124.192771 123.055079 124.341205 126.457626 130.870983 135.993569 135.558319 136.996841 139.539593 143.189848 151.832135 159.598063 169.259175 173.813996 175.819168 180.847762 179.114104 177.703363 176.044432 173.206479 166.780286 153.858236 146.239122 145.957364 145.526257 144.099961 155.214487 146.670208 155.711144 172.059577 172.619204 153.974805 145.997205 143.704161 144.141055 158.464324 169.222085 168.558706 158.607713 150.654372 145.343039 142.402512 140.931551 139.909704 138.697177 137.626534 136.362518 137.206945 137.855566 135.644753 135.077686 135.445172
-9999.0 121.303894 123.230158 125.074541 127.228030 127.023285 126.487630 126.862460 129.318336 131.352238 134.688450 142.829955 142.138084 146.675616 153.919982 161.480909 166.739752 171.935661 179.070517 178.531483 175.748674 173.330952 173.284344 164.384219 153.999325 147.361337 143.172144 139.448700 140.496774 141.465728 140.541142 139.841243 140.954730 154.356986 170.847385 171.971184 154.429181 142.885313 139.051638 137.928969 145.294366 157.196206 167.151340 164.555332 150.703062 145.065176 141.109353 139.489245 138.044185 136.086490 134.583715 133.150529 133.087965 135.260847 132.487325 131.409130 132.030028
-9999.0 114.320554 116.094075 121.182774 126.190652 130.221144 130.652433 130.649481 131.597900 134.644392 138.105167 141.888644 147.836705 154.465509 165.913218 170.022886 174.266345 177.782633 172.718944 161.625694 156.177203 153.685935 155.196193 154.225295 144.036522 138.106064 137.100563 135.733732 136.308805 136.198294 135.333272 135.441049 139.646016 149.855636 173.507495 174.250137 153.958881 141.410264 135.193923 134.136121 137.434661 145.261261 160.597608 162.060385 160.674677 148.418533 140.648442 138.299059 136.162557 133.892261 132.220485 130.017764 129.387657 130.097944 129.318957 129.079975 129.910368
-9999.0 112.279684 115.061780 119.607918 124.671150 128.966828 133.230036 133.662156 135.494580 137.858324 141.829271 148.376044 157.812249 161.285452 167.945602 173.162621 175.206418 161.099194 148.793690 143.285794 141.143860 140.143894 140.235066 142.146234 138.384167 135.614606 133.943124 133.259509 135.972688 134.246361 131.905003 132.463105 137.358804 146.741463 170.946034 174.747372 153.629188 140.831292 136.252754 129.664033 134.746001 141.134423 149.488313 153.966992 158.446378 148.847156 144.677374 137.176185 134.349371 131.983740 130.138474 127.555010 127.514293 129.044906 127.937523 127.659969 127.597553
-9999.0 117.461358 118.204553 121.350962 125.514750 129.094623 132.943439 138.439320 140.279697 142.841317 149.901940 162.003471 168.265058 168.323391 172.346126 171.287609 149.668422 141.184829 136.636563 135.327422 133.728788 133.107701 134.040069 137.881546 135.443009 133.053904 131.500795 132.597997 132.732737 131.692109 129.814634 131.081373 134.093902 144.380044 167.739124 170.523517 154.422795 139.908491 137.546845 130.038227 132.342870 137.682487 146.128179 149.443453 156.236355 152.361033 144.953595 139.680308 132.781482 130.061910 129.056111 125.534732 125.587461 127.300540 126.890358 126.324043 126.400692
-9999.0 121.878882 123.620953 124.645034 128.169164 131.982924 136.335777 141.827970 146.155154 152.577241 167.751109 170.524702 172.192123 170.699480 160.914058 146.885006 138.515524 135.063322 133.060486 131.671030 129.998208 129.293073 129.691165 134.517748 136.157182 131.792715 128.660607 130.023949 129.662018 130.017338 126.227240 129.179153 131.871707 141.841425 165.129254 171.573193 153.927636 141.730476 135.861612 129.134841 130.750394 134.157776 138.673352 144.414958 152.942143 148.033782 141.887742 136.427898 131.915079 131.051204 127.901248 123.256014 123.723127 124.294506 124.605930 125.920151 126.336830
-9999.0 122.324199 125.562868 128.347854 132.758889 136.380396 141.419445 146.805905 155.130286 164.141833 169.817294 170.306940 167.861947 154.099264 147.294462 140.426126 135.689332 132.222517 129.218591 128.754607 127.402550 125.850027 126.512110 130.966287 134.123914 132.750373 130.057565 128.180611 127.888261 126.374962 125.714397 130.584505 134.431180 142.989683 161.513125 170.305808 155.223633 140.846808 133.451620 129.323967 126.043449 129.577603 132.441834 137.805475 145.192690 145.278446 138.608462 132.178192 131.582240 131.584677 127.353556 120.470487 120.081836 122.071001 123.313273 124.247357 124.803047
-9999.0 125.396393 126.989255 131.133036 137.067784 140.998703 148.817253 161.190693 165.843813 168.788445 168.647942 156.983103 146.482152 140.288429 138.034510 136.280649 133.735969 129.970967 126.398805 125.258690 123.580549 122.187073 123.933206 128.916904 131.855020 131.206871 128.962608 125.857276 125.136485 125.035118 126.694994 132.699979 137.795529 145.186933 157.579442 166.220929 156.852668 137.070795 128.677285 125.319470 121.863017 127.072774 133.101982 139.380693 143.518026 140.575652 135.973100 130.244602 129.552766 130.470795 125.745379 119.785063 115.547497 118.457714 122.206783 121.576536 121.906313
-9999.0 129.260256 132.079513 135.739176 140.912592 146.520582 153.900300 163.630946 161.411043 158.701603 148.679713 140.289654 135.132128 132.652856 130.640311 131.687945 132.928846 131.224640 125.627489 122.801276 120.600567 121.530102 125.652924 129.589339 129.035794 130.170929 127.265601 124.054054 122.022358 121.607607 127.550391 130.734508 132.784184 140.586605 158.838355 164.391053 155.088010 136.510003 126.009910 120.360013 125.050847 128.467733 136.216010 139.942541 136.553246 135.559423 132.060958 127.626797 130.360887 129.082229 124.374134 120.731265 114.935174 116.597835 118.555153 119.225002 120.839924
-9999.0 132.844036 136.760454 139.313771 146.424066 151.440382 162.007137 163.526381 152.950747 142.703808 136.248043 133.804075 130.494180 127.369115 127.486637 128.714009 130.307220 131.429333 125.662824 121.889733 117.582144 123.854459 128.423294 127.717948 129.095720 127.563561 124.592173 121.864703 118.650671 121.808894 124.435227 128.415608 132.948151 141.073807 160.450735 160.863731 145.597906 131.257529 125.361402 122.431874 126.536944 131.481580 133.628209 134.805451 136.106915 130.830683 127.065148 126.241756 129.676357 126.489129 123.662448 119.264027 115.453383 115.826840 116.854272 118.076857 118.675623
-9999.0 137.308666 138.564500 146.304607 156.602521 160.830705 162.707942 150.087118 139.854609 133.841385 131.730728 128.347666 125.790275 124.201412 123.122969 126.900723 130.973211 129.991514 126.661290 122.902114 119.647599 124.058956 127.711628 125.933088 126.476488 123.856423 122.460242 118.959153 114.982977 119.049564 123.915807 129.214355 132.919489 141.614295 152.782917 158.120130 138.956878 124.666008 124.059965 117.801332 124.675422 129.792271 132.741626 131.921699 127.898221 126.799978 121.406153 126.886996 126.225511 121.721582 124.290756 117.831230 113.772057 115.475697 114.987608 117.913225 116.907700
-9999.0 141.712895 144.879160 150.641889 155.999551 158.352007 156.418925 139.657783 134.261274 130.007031 127.670388 126.975599 125.571082 123.055918 121.194499 124.955088 128.147894 129.810172 125.864202 122.317739 119.572485 123.920976 126.240576 125.073975 122.934188 122.037456 120.962631 116.726954 111.688364 116.417895 122.305179 127.560573 132.202186 143.535507 150.325102 150.899674 134.097752 120.892787 119.943693 116.322949 121.363809 126.833175 129.022296 123.878997 120.547037 120.054030 121.744141 124.319754 122.235538 122.258931 124.272281 117.430477 113.439057 114.152393 112.667725 108.763419 109.022486
-9999.0 145.466928 148.451002 153.697785 156.450706 159.945202 145.925595 135.225584 130.530777 128.772655 127.064644 124.859505 123.289882 120.970891 119.705517 122.560264 127.728573 129.208049 125.498112 120.223104 116.342242 122.720273 124.031153 122.849161 121.866392 121.720483 119.092745 116.001070 111.429516 115.947893 121.772231 126.616351 131.585439 140.794579 145.837319 145.996408 131.106458 119.352006 119.634429 112.075636 119.139294 123.228382 124.395767 120.924387 118.147375 113.838789 121.679997 122.972030 120.367252 121.644901 121.387144 118.111574 111.096309 111.636687 107.594041 109.240973 111.993214
-9999.0 143.898841 147.661397 155.318732 154.637652 148.715840 135.781527 132.566437 130.046576 126.933348 124.259153 122.953776 121.073580 118.083771 117.088123 118.525010 124.368449 125.823657 123.123776 119.115633 116.508367 118.761055 119.312534 118.064077 117.202282 117.262889 113.933125 113.599799 112.109201 116.294269 119.809856 124.042936 128.789527 137.765831 142.682432 138.786604 123.200618 116.375172 116.015054 112.752042 113.779975 117.802833 118.013917 119.869253 114.251689 111.293193 120.547177 123.029968 117.750716 118.521079 116.385804 115.163892 115.164624 114.081041 109.763802 109.326947 109.512027
-9999.0 142.732340 150.928447 152.465373 149.302948 142.704399 135.455379 132.083603 128.123513 125.907332 122.646236 120.686935 118.783522 114.863314 114.260246 119.541390 122.535688 124.365192 119.287566 114.121268 116.142298 117.962784 118.156480 114.020019 111.678850 113.891937 112.452116 107.507159 108.450893 112.417889 118.335839 123.367054 128.830680 134.576292 137.328103 130.217177 122.406538 117.363525 114.129324 109.188081 113.835069 117.276359 119.354486 116.544450 111.109948 111.468707 118.191177 122.465613 115.986991 113.971049 111.936511 113.155805 112.228151 110.749947 109.221080 109.495997 111.598917
-9999.0 142.567746 151.727598 152.034829 145.654291 141.996949 134.816668 131.257453 126.875653 123.409374 121.608360 118.579819 116.715309 112.960628 114.223215 118.071808 119.137948 118.403019 116.493810 112.650967 115.655918 117.324924 115.991022 112.573314 108.552071 109.974447 110.908891 104.953372 108.041107 111.646379 116.743204 122.796618 127.176251 129.421341 132.323302 126.216084 119.528767 117.077769 113.816374 108.776259 114.754954 118.545724 117.439016 117.621047 111.017884 108.496185 116.662488 120.796009 117.475894 116.203933 113.685815 109.201795 107.869285 106.994179 106.930836 111.115267 113.068941
-9999.0 144.958894 148.571446 149.036757 141.590989 134.351323 132.893040 129.897531 127.807378 123.675429 120.675774 117.787990 117.021423 110.391601 112.383214 115.382992 114.299103 113.777176 112.441255 111.402493 114.323075 115.621217 113.911365 110.149126 108.751116 104.602202 106.819610 103.052041 108.952007 112.924233 114.876777 121.137653 127.503304 132.067257 127.358448 122.251067 117.200495 114.797332 110.624628 107.436454 113.190476 117.554838 118.456179 114.306297 110.947853 107.522844 114.662981 118.176575 117.431609 118.125929 115.040439 112.821928 108.506279 104.982899 108.762382 109.323836 110.993631
-9999.0 143.602808 145.503795 143.638763 136.571661 130.806790 127.309266 127.460573 126.371644 122.230840 117.444158 114.653920 113.097486 114.607782 109.253625 110.569503 110.486990 109.962287 107.532502 110.686340 112.253469 110.960972 109.696319 105.540648 102.297355 100.377275 99.590011 106.840679 110.098301 114.690840 117.929620 123.331005 128.234786 127.543587 123.833025 118.099603 113.759858 109.886231 108.103824 106.205844 111.775012 116.456316 119.376463 112.219075 106.268049 106.843872 114.781370 115.946190 113.627312 115.179536 113.805252 111.519422 110.308141 109.349566 107.335652 105.948926 110.523440
-9999.0 141.374697 143.324129 139.932230 133.323527 128.362425 123.761605 121.930611 120.883022 119.819875 118.208422 115.154287 110.679053 110.462587 105.270762 109.409678 109.170524 109.739660 105.709029 108.458948 107.355728 107.759883 106.831753 104.769128 100.656331 99.314187 102.705926 106.144984 112.321762 117.803533 122.853610 126.620942 128.511685 126.249062 122.484785 116.540716 111.972514 106.808363 103.386790 108.503760 112.845676 114.758892 116.811048 110.612363 104.914163 106.775208 112.749200 116.139607 113.485407 110.125986 110.247407 111.558285 109.431747 106.532656 105.815592 106.103648 111.743104
