tests/3D/PSQL_test/output-maps-SE27XX/SWEDENSITYN0005.asc
ncols         295
nrows         180
xllcorner     627200.000000
yllcorner     5109000.000000
cellsize      200.000000
NODATA_value  -9999.0
[rows 52 to 77 of 180, columns 174 to 231 of 295]
103.940738 102.036071 100.418657 99.629236 98.797842 97.146437 95.024540 93.695424 92.567578 91.193931 90.888690 90.721903 89.866534 89.105404 89.723445 93.429814 94.277499 92.233256 90.778074 88.861974 87.688332 87.415306 86.514474 84.496683 80.295775 77.569599 75.084644 73.467474 73.169606 73.275919 73.459347 69.664828 67.406789 66.991964 67.419400 67.675120 67.536316 65.489351 65.861514 69.056612 72.477130 78.937591 82.329300 88.181618 90.575582 94.027103 98.596299 106.437706 121.068450 146.905003 159.268735 164.908308 168.216529 167.933084 168.819109 170.505515 171.393938 172.060335
102.649789 102.311937 101.239968 100.382574 99.033058 97.230992 95.880275 93.811399 92.992283 91.903125 90.759437 90.601360 89.364984 88.261949 87.467285 89.336708 94.238127 93.841211 93.491863 91.618746 90.159384 89.646717 86.955673 84.707973 83.207192 78.770749 76.623304 77.417704 76.842721 76.207064 72.001878 69.824354 68.272776 69.202651 69.899255 69.939567 67.573021 65.868878 67.523628 70.539747 74.449257 79.967314 86.545949 90.126312 91.999238 95.641903 99.527673 110.736006 125.079385 148.636582 159.344590 168.252336 172.355554 172.532704 173.103660 173.646371 174.376114 173.387803
103.565873 103.097792 102.324099 100.493498 99.328453 97.775129 95.929841 94.650937 93.823269 92.237730 90.869321 90.401671 89.236645 88.156075 87.678873 88.842186 92.605924 91.714631 88.958628 92.060747 91.829724 90.698772 90.092760 88.653175 86.725179 80.802692 79.960670 80.075838 78.093800 75.242425 73.732078 72.570074 70.343006 71.625965 71.400747 69.510821 67.163076 66.750920 69.588933 72.206201 76.612013 81.294165 86.783598 89.800610 92.375227 95.778108 102.919802 114.868299 128.771792 149.450575 161.535304 170.669767 174.723222 175.349151 175.966799 177.211331 176.027015 174.612800
104.832582 104.355083 102.862356 101.259889 99.796142 98.266459 97.021461 95.877042 94.309866 92.529222 91.305333 90.171195 89.034447 88.308688 87.234810 86.681521 89.187186 92.823966 87.637585 87.149002 89.394124 87.652645 86.270641 85.101858 85.589889 86.823759 85.020654 79.825569 75.856965 75.085884 77.332423 74.253663 73.728058 74.510841 72.276373 69.791529 67.461608 68.206333 70.660472 74.158812 77.938865 82.117681 86.950270 90.385165 92.226588 96.353393 105.202735 116.277956 136.303454 158.205088 163.804515 171.194274 176.135364 178.555166 179.647290 178.300282 177.131436 175.728513
106.480292 104.973015 103.406274 101.079187 100.383187 100.042386 98.475899 96.697771 94.854021 93.212542 91.793745 90.482059 89.140340 88.058698 86.817942 85.664514 86.375922 89.441204 89.465006 85.557092 85.468478 84.099531 83.205037 79.996628 83.046200 81.722433 84.136936 82.342109 79.432737 80.610434 80.022468 78.435558 77.380821 74.821853 72.488161 69.824224 68.186011 70.880160 72.533631 76.181302 79.339414 82.652668 88.059354 89.800114 91.786569 96.346029 103.599837 115.698182 131.961637 158.566277 166.567810 173.571234 178.287447 180.387539 180.915268 180.185158 178.331008 176.945744
109.350368 105.325118 103.555448 102.149368 101.502659 100.694919 98.962155 97.036350 95.455292 93.707496 92.381537 90.974905 89.463649 88.186671 86.731171 85.495590 85.434092 87.691651 89.022511 88.061075 84.398899 81.523562 80.064144 78.573308 79.762695 80.203796 81.593111 84.360876 83.438664 81.486194 78.827854 77.255105 75.428350 74.320323 71.176258 69.121313 69.534678 72.295790 74.850036 77.793061 81.474898 84.310253 88.414953 91.034157 92.670134 97.328706 104.462043 115.080030 129.029276 155.139329 167.582516 175.877495 180.340493 183.567712 182.456529 181.326247 180.113213 178.460901
113.097173 110.934627 110.701774 107.186833 104.642499 103.957734 100.968295 99.570288 98.490820 94.307406 93.453115 91.744768 89.876918 88.522745 86.883783 85.554281 84.873432 85.233715 84.504042 87.284632 86.804693 82.932003 79.355290 77.161066 76.634042 77.960741 77.186579 80.236772 81.898804 77.652576 76.184930 74.369540 74.394494 72.116734 70.444763 68.987289 71.103430 73.957854 76.111846 78.725319 83.637937 85.624352 89.594944 93.932796 96.437433 98.266404 101.759960 112.006780 124.645402 157.038534 167.643608 181.445919 184.419298 185.414056 184.084082 182.989933 181.129539 179.940727
117.297119 116.045703 115.695278 115.523332 111.660354 104.019664 100.379000 98.926981 97.161960 96.135875 93.627299 92.071501 90.466107 88.865331 87.616359 85.729992 84.341298 83.832538 83.032600 83.486626 85.718389 84.339601 80.463285 77.433577 76.135597 75.805435 75.907534 78.180212 80.905594 77.690364 74.187193 72.529074 72.036608 71.299725 69.674787 70.261481 73.519197 75.633461 78.118964 81.923978 85.266010 87.350551 96.142238 97.376138 99.382377 99.785172 103.549766 113.790668 127.985266 159.478390 168.050882 179.494355 185.565573 186.562274 185.538349 183.981342 182.665233 181.582761
110.679639 109.206524 109.591872 109.984083 111.757815 110.782709 102.775732 101.575607 98.059015 95.833982 93.949307 92.357803 90.466207 89.051624 87.703040 85.986496 84.779587 83.979598 82.976747 82.647513 84.445376 84.211208 80.214726 77.768222 76.598701 76.259002 76.141461 77.371212 79.110499 78.559516 75.017074 73.956817 72.696995 71.102529 71.033963 72.735911 75.093453 77.343966 80.160267 85.261681 88.820321 92.017477 97.881852 99.407915 100.848505 101.656409 105.916969 117.464106 136.796475 162.556973 171.383684 180.745273 187.246055 185.031864 186.804186 185.554626 184.543585 183.261299
109.649717 107.465816 106.407365 104.743496 106.793035 106.297502 109.651177 103.144608 97.917632 96.049491 94.372732 92.784276 91.023028 89.165687 87.575140 86.178641 85.087389 84.068646 83.022755 82.925554 84.482578 84.204092 81.217313 79.609251 77.237372 76.712919 76.534695 76.314971 77.243209 78.143243 77.480337 74.899072 73.625017 73.987092 74.681366 77.287390 77.776208 81.581823 86.572192 89.459357 93.434759 96.440846 101.075373 102.027690 102.423516 103.342604 107.282801 120.547541 144.055152 166.574639 173.664283 183.901259 188.192681 186.543485 185.402893 187.202135 186.253750 185.287628
109.433386 107.353194 106.381325 106.028153 104.598666 103.475391 108.723069 102.021627 99.539784 96.166288 94.041261 92.409791 90.867328 89.484840 88.016599 86.623252 84.668959 83.849866 83.142380 83.114646 82.405822 84.202058 83.070249 80.731683 78.638566 77.659123 77.194595 76.631012 76.272408 76.505056 77.345999 75.965745 74.545159 79.196074 78.281908 79.366941 86.485634 85.402422 90.354217 93.845918 96.569636 98.766111 102.947260 104.623885 104.998585 106.862380 111.447365 124.351494 156.241620 170.615230 179.778354 189.162956 189.973020 188.369844 187.024386 185.671253 184.820090 187.146228
110.095342 108.415668 107.089929 106.081189 104.794729 103.445799 104.149427 103.361362 100.694852 96.092404 94.236892 92.799128 91.180371 89.768632 88.090444 86.408516 84.928442 83.964088 83.363332 82.560840 81.920530 82.486147 84.364682 81.886471 80.054254 78.255369 77.695843 77.182582 76.599286 75.971234 76.659104 76.020509 74.463296 78.742476 84.747221 84.991327 91.481093 90.906838 93.356220 96.737788 98.472845 101.443830 105.161147 106.318374 106.652425 109.208681 116.448664 131.487666 162.184768 174.403162 181.225035 191.979614 191.800172 190.249397 188.697091 187.667090 187.146877 185.836207
111.360845 110.662241 107.805522 106.922602 104.929966 103.714660 102.765062 100.016975 98.952426 97.520271 95.603647 93.987423 91.958040 90.057636 88.174544 86.797671 85.324113 84.025658 83.440409 82.571383 82.208021 82.003743 84.360856 82.222102 79.909591 79.214073 78.450241 77.815861 77.115657 76.492920 76.765328 75.317792 74.322620 79.088933 87.001820 95.141000 94.751701 98.367612 98.028098 100.695716 101.787634 103.161323 107.984731 107.920981 108.054337 113.524042 127.225376 149.003008 172.104813 180.449135 191.936900 193.213618 192.565945 191.629982 190.412756 190.258405 189.286596 188.045450
112.422434 110.819763 107.911483 107.042154 105.691856 103.687566 100.884630 98.371320 98.551295 97.141490 94.685033 92.760824 91.778890 90.119856 88.596446 87.053094 85.531999 84.343882 83.264730 82.313511 82.643104 82.965504 84.372100 82.340722 81.435025 79.885548 79.094452 78.507605 77.710682 76.928618 76.178518 75.737776 80.897494 85.520840 88.501040 98.488698 98.198936 100.031129 107.547259 105.118231 105.651239 106.662461 113.614015 109.553475 116.197342 129.328037 150.489050 164.991486 181.616093 188.839945 195.013480 195.014561 194.443610 193.581671 192.709359 191.828579 191.212857 190.052066
114.378578 111.494992 108.290011 107.426373 106.017528 104.181386 101.369150 98.272463 98.060448 96.359091 93.994657 92.569502 91.575643 90.421154 88.803230 87.417926 86.070698 84.852351 83.544233 82.975217 83.085560 82.814372 83.807851 83.067000 81.348285 80.614401 79.893283 79.135183 78.316030 77.351718 76.414476 75.558120 80.111023 90.119737 94.180911 98.895522 105.902317 103.765214 112.289419 114.383567 113.879087 115.913756 123.333295 127.012029 135.405626 158.315905 164.878869 169.992415 185.001827 196.642329 197.023816 196.266095 196.341671 195.559934 194.491087 193.697077 192.899873 191.556222
114.901922 111.875137 109.289107 106.896504 106.661229 104.410616 101.655817 98.230011 97.980788 96.410203 94.974660 93.739512 93.301102 91.389876 89.673792 88.064049 86.944366 85.868985 84.447086 83.443346 83.334815 82.936574 83.774710 83.405827 83.138354 82.871139 81.802225 80.094857 78.882373 78.190533 76.972889 80.502866 87.603103 90.407145 98.439370 105.135079 112.022168 115.760030 118.671736 123.249251 128.240447 132.353095 137.380732 153.219156 162.833487 169.628723 173.245221 179.423543 198.300317 198.966569 198.464764 198.186529 197.635864 196.983999 196.568933 195.584148 194.882888 193.627827
114.795305 109.375933 108.440688 107.151058 107.762514 105.102531 103.154432 101.037524 100.571687 98.000127 95.921710 96.848613 94.051609 91.737305 90.295683 89.319380 88.157069 86.922496 85.563239 85.064511 84.489293 83.763549 84.216572 83.347703 82.527916 82.036702 81.338281 80.749877 80.622589 79.396533 78.074228 85.864021 90.608151 95.582789 103.252271 110.440311 115.490838 120.482486 124.121970 126.839172 130.269705 136.995196 158.019720 163.076504 169.570801 174.975886 177.929691 186.611535 200.195965 199.792712 199.608233 199.652366 198.504402 198.775395 198.317693 197.477572 196.878088 195.717959
111.586781 109.063208 109.844521 108.317017 108.615862 106.643594 104.876302 103.719935 101.341771 98.349221 97.241707 102.062816 94.591110 92.704858 91.501787 90.389407 90.986765 89.007146 88.560305 89.136746 86.807312 85.040917 85.260125 83.910648 83.045917 82.170111 81.488962 80.616534 79.579372 79.382395 81.946277 87.633055 93.662726 101.278878 106.210620 110.989066 116.405306 122.543101 127.282012 130.720308 139.894286 144.976873 159.621803 164.888099 175.266281 178.812148 186.448250 198.515224 201.353028 201.033125 200.473378 200.831129 200.726878 200.385304 200.039607 199.691946 198.828103 198.062147
112.475848 110.544570 110.926532 111.223435 110.625269 108.639767 106.845222 104.128401 101.291535 99.268570 102.185399 102.567450 97.727866 98.023393 96.919820 95.940684 98.492238 94.210215 95.349904 94.502170 91.432370 89.137856 87.345384 84.828169 82.997844 81.913358 81.138281 80.537901 79.761056 79.946739 83.410094 91.501158 98.163614 105.873545 110.451336 112.710569 116.963260 122.659910 128.742518 138.246867 154.779510 161.689003 163.945053 171.861531 180.224217 182.316129 196.324768 200.698921 202.004959 201.985877 201.516322 201.724165 201.477887 201.929200 201.455657 201.217461 200.985276 200.031394
113.448538 111.919167 112.682058 113.966592 110.970646 110.790644 107.623378 104.593310 103.712432 106.339990 112.188365 103.005840 104.980911 105.246298 101.458598 104.269322 104.698025 98.783419 97.300437 94.296739 92.138434 93.194550 90.304207 87.682049 84.670955 83.349656 81.645731 80.586621 79.359355 80.251736 85.686815 91.490383 97.800266 106.272458 111.674568 115.371147 121.242563 128.688484 134.024805 139.746485 160.544627 164.662468 171.567466 181.746638 186.174752 190.181445 203.121104 202.979761 202.818805 202.656937 202.716899 202.783128 202.404179 202.939008 202.801647 201.733066 202.317392 201.249065
114.431609 112.805994 114.417737 115.127569 113.726362 112.893902 108.028679 108.282032 108.793605 110.025745 115.223232 107.101060 112.095844 110.882814 111.221311 108.620882 100.919825 93.164226 90.368834 89.953937 89.009884 89.375046 90.212001 89.979071 87.703226 84.479213 82.581073 80.933058 79.016811 85.045678 86.742355 96.657035 100.957989 108.125817 113.727931 117.907454 119.889108 128.950868 137.600175 149.357870 161.078324 167.426243 175.343597 188.248779 188.751678 203.597427 203.741708 203.860279 203.565908 203.482634 203.835314 203.985534 204.366029 204.323219 204.290735 203.355793 203.574002 202.873798
114.957370 116.387630 116.905439 116.944200 115.568127 111.805505 112.998202 115.730859 113.344594 117.659345 119.416253 119.646397 114.342421 112.598212 105.009198 99.262312 94.038021 91.606296 90.958159 89.810648 88.958460 88.035611 88.368893 87.118079 85.791297 85.578294 83.948048 81.821979 80.599396 88.567697 93.027526 96.503670 104.396667 110.556863 116.359264 121.450847 126.047256 131.752678 139.273524 149.509295 166.607622 173.873018 179.655812 190.647505 199.414532 203.308934 194.359355 194.560169 194.328017 194.314064 204.446685 194.537682 195.005260 195.036818 195.082081 194.940679 204.288739 194.912668
118.298393 122.254334 119.035282 120.536197 115.276645 115.184412 119.383802 117.409270 121.464595 123.160578 111.844546 107.934475 106.180085 111.232597 107.312256 101.484602 96.258397 92.351071 91.078200 89.666870 88.294447 86.246334 87.299447 85.438780 83.790628 83.377300 82.840944 81.875943 80.027797 86.673724 95.295759 101.644642 104.915438 110.481301 120.067454 121.204154 126.680921 130.277914 137.015040 150.225257 171.814851 178.795518 189.829642 200.101319 202.946672 194.439353 194.703172 194.982859 194.748241 195.228716 195.095628 195.369327 195.821409 195.933625 196.063945 195.453745 196.005587 196.203031
121.271272 124.403105 120.281406 117.892221 115.749771 118.007924 125.937892 114.772011 116.043329 111.256767 107.983249 103.689669 102.647067 108.695373 104.472439 99.124336 93.968423 92.413419 90.736829 88.444721 87.019322 84.911461 85.572390 84.811056 82.458358 82.017716 81.747444 80.569963 82.176223 86.812250 95.700451 100.757976 103.055337 106.731789 118.135720 122.576413 124.568228 130.287068 136.488409 149.905420 168.381554 188.414813 189.548753 201.857193 194.514652 194.666936 194.831626 195.160034 195.206759 195.531939 195.554757 196.041408 196.553134 196.742902 196.774019 196.454484 197.454135 197.563102
124.202620 127.832558 121.711175 118.937720 117.069736 123.631302 121.320704 111.618383 110.043967 108.078425 104.585840 102.546754 101.252084 103.562239 106.207224 101.653074 94.149136 91.571256 88.784731 86.947370 85.305041 84.131513 83.191278 83.847329 81.879175 80.452456 79.986692 81.107165 84.323465 88.916045 94.095431 98.054253 102.045877 105.920957 118.009204 121.300968 124.624958 131.647901 134.558169 149.515003 178.815100 191.526069 199.261971 204.021504 194.637731 195.075719 195.270248 195.481880 195.606387 195.850856 196.000142 196.397377 196.936042 197.386638 197.228011 197.712924 198.233278 198.414355
128.626710 127.012052 122.624765 119.324851 122.637328 129.632179 122.939555 113.733187 110.398990 106.729393 104.249216 102.700463 101.019624 98.960900 101.945842 102.950213 98.525087 93.353957 90.070000 86.008791 83.944513 82.315801 81.815839 81.716891 80.712182 80.617525 82.248222 83.651542 87.424985 92.776307 95.821221 97.945052 101.873394 105.015063 116.762647 121.961962 123.967097 131.619787 137.398996 156.185518 182.040594 192.911683 202.575906 194.609316 194.946227 195.157472 195.387685 195.544622 195.909458 196.103935 196.313211 196.647647 197.006983 197.614464 197.778353 198.594533 198.877656 193.768583
