tests/3D/PSQL_test/output-maps-SE27XX/SWEDENSITYN0002.asc
ncols         295
nrows         180
xllcorner     627200.000000
yllcorner     5109000.000000
cellsize      200.000000
NODATA_value  -9999.0
[rows 108 to 134 of 180, columns 177 to 235 of 295]
84.755791 86.565601 83.407512 82.902128 88.377347 90.664234 97.464192 101.800382 108.652368 106.104378 105.463808 111.626857 105.683546 105.293787 112.455370 114.757753 144.328398 178.008436 201.484611 201.803275 201.096885 200.291999 199.728329 199.389977 199.266626 198.719270 198.388134 198.418050 197.884782 197.651734 197.691848 197.951524 198.069323 198.236238 198.772659 199.051135 199.221952 199.448538 200.267150 201.197095 201.666716 202.636862 203.535811 204.345951 200.911980 187.110118 176.687780 165.133145 152.297811 140.827797 128.700657 117.047892 109.376241 103.696678 92.598751 86.157179 84.331745 80.133551 76.562873
84.617553 90.189843 87.060228 83.815919 87.782320 93.438024 98.302761 102.166003 106.486646 110.329375 109.572632 118.196136 107.059351 114.672817 116.351080 128.331118 157.319392 200.166046 202.235725 201.462816 200.937724 200.474499 199.905345 199.400777 199.116447 198.573313 198.398688 198.122040 197.672159 197.632158 197.461465 197.370243 197.776362 198.092697 198.150033 198.573410 199.061537 199.793877 199.562278 199.548583 200.325620 201.417882 202.040224 186.851110 177.855705 174.188662 165.568691 160.922740 150.425186 133.976685 122.151549 109.037051 101.523846 94.253929 87.578645 83.853031 81.350332 78.016903 74.010091
85.326215 90.262585 93.030742 88.031278 89.830041 92.808478 93.680332 98.125021 101.773614 108.828941 118.702274 120.016868 112.721131 116.210633 124.921667 165.085619 193.023318 201.131631 202.127390 201.533851 201.005320 200.370248 199.803233 199.300861 198.860021 198.632956 198.151570 197.850572 197.312506 197.271915 197.938885 198.481565 198.602873 198.307182 198.523065 199.114884 198.627035 199.169227 198.926775 198.721256 198.375220 196.117351 176.854224 167.391268 165.249637 159.200939 157.041897 150.755136 137.281829 127.426681 114.750784 103.480658 94.255519 89.546299 84.926241 81.707160 79.260543 75.740037 73.034642
91.940380 95.734464 95.914445 94.114969 92.522514 92.150562 93.375677 96.046319 103.885745 108.373876 110.682427 141.221523 116.304157 147.574594 187.052007 188.585064 200.489492 201.806706 202.257223 201.658954 201.126435 200.319029 199.917627 199.412882 198.970236 198.742114 198.107145 196.941136 197.241557 197.828428 197.657375 197.356355 196.923748 196.566889 197.342428 197.790270 198.409447 198.278186 194.294515 180.979877 174.954999 170.608268 164.593460 161.801552 159.335787 154.404710 148.393431 137.743183 127.856709 119.653971 108.595062 98.506760 91.810234 85.670970 82.159758 80.424822 78.102809 75.332007 73.016524
105.649856 104.631104 100.381076 94.919464 91.870929 91.011048 93.789460 101.378911 107.214483 108.510190 114.617355 143.658616 131.059932 183.870649 202.743374 203.879196 203.083701 202.549604 202.258971 201.839484 201.127920 200.489230 199.919468 199.576549 198.972945 198.745397 198.263340 197.990355 195.577861 168.078307 156.409297 153.606208 164.074594 158.312707 154.110754 152.057271 153.276275 166.530875 161.760762 154.354295 163.299010 161.259830 153.842824 152.369445 150.568423 144.500663 137.148086 128.992248 118.193540 109.695818 102.148727 94.073267 86.858449 83.105966 80.923332 78.953830 77.333576 74.635803 72.924688
110.427863 106.509218 100.184421 93.540346 91.307381 91.837427 96.651808 104.008964 108.544721 110.299199 116.377874 147.837460 170.078081 203.476655 204.402780 204.342466 203.530627 202.795392 202.132418 201.716764 201.183537 200.543833 200.139003 199.630229 199.184272 198.642105 198.315031 190.202430 153.610220 137.653979 130.929578 131.273988 135.501159 160.666640 140.184360 132.752766 132.931475 138.964771 144.778352 148.166559 161.967577 150.825989 148.418948 142.676697 136.246403 129.434724 124.619381 117.452745 108.102659 103.979234 96.528948 89.167734 83.560604 80.921094 79.313128 77.252654 76.337598 75.773006 74.428557
111.418808 102.892422 97.906911 93.202753 97.432035 101.237404 99.447627 106.261096 108.763291 116.881475 121.149579 165.841263 198.209081 202.392001 203.906274 204.666540 203.646914 202.909205 202.244184 201.648191 201.293296 200.822512 200.245659 199.735115 198.968778 198.586545 198.260258 168.870678 137.619237 121.451946 118.247512 118.281348 131.288024 138.646555 144.973819 130.052700 129.527368 135.616793 141.088853 148.716794 148.223927 144.057858 138.584533 130.836874 124.526931 120.130531 114.858349 105.171435 100.589431 96.955113 91.671441 85.454419 81.807776 79.451731 77.350813 75.529657 76.176683 78.741234 76.862168
105.255754 99.904109 97.461920 95.822850 101.922830 110.628792 110.127295 109.663612 111.087104 121.513880 147.149459 199.873503 203.459354 204.163715 204.904829 204.845973 203.820421 202.887976 202.411323 201.812834 201.104833 200.812054 200.404705 199.562997 198.800299 198.577247 180.319177 140.865252 123.745769 115.998426 111.369731 113.911512 120.565170 126.336484 132.859262 130.651385 127.672874 132.489736 141.986424 150.036907 142.267214 136.147059 129.332558 121.505990 116.798349 112.134075 102.717945 96.921145 92.622531 89.655835 87.504262 82.713362 79.807787 77.694223 75.462072 74.534792 74.854681 77.465484 81.052339
103.099865 100.427644 105.625401 100.949482 105.362312 111.049832 120.386062 110.661065 115.469874 124.743212 177.132663 207.623969 206.715707 206.333578 206.002239 205.084963 203.851547 202.920196 202.260031 201.668487 201.142459 200.679278 199.940044 199.437493 198.835896 180.140999 153.090866 127.542566 116.487661 110.691478 109.677076 110.325218 114.619209 116.514545 118.572973 123.305750 128.980668 140.161118 138.165236 138.673326 136.336665 131.068814 121.029112 113.182629 108.789770 102.114842 96.963169 91.906769 87.293656 84.039139 81.815508 79.723963 78.678885 75.892979 74.517554 74.253190 75.754145 77.478352 80.325897
106.816317 105.657890 111.864097 107.798004 110.778010 114.284186 124.338087 119.983298 118.361982 147.027233 202.374640 209.695798 208.453596 207.329264 206.532510 205.172142 203.936667 203.004907 202.158726 201.573180 201.052416 200.593786 200.025447 199.853862 189.765549 163.496368 132.756142 118.140096 113.010704 109.931647 109.122436 110.309142 112.895963 114.377889 114.795522 121.802536 130.248458 135.381275 133.964078 132.014269 126.998795 130.748045 120.424291 108.791970 102.368765 97.117371 91.906419 88.914205 84.015702 80.403231 79.890271 79.246420 77.453273 75.845616 74.845883 74.294659 76.557128 79.161905 80.033088
116.056397 112.562127 121.461070 115.234540 115.737330 115.427598 115.608617 138.323705 125.462644 206.634100 -nan 210.376063 208.849636 207.711306 206.680093 205.529267 204.074976 202.752783 202.293266 201.891995 201.547498 200.728391 195.605127 186.962994 159.918481 143.922774 120.741765 113.011272 109.529958 109.507171 109.518208 110.646316 112.916199 113.957762 115.862343 124.115131 134.273763 130.070824 126.853111 126.727861 121.189114 115.736018 118.570240 107.701804 100.126871 92.931697 87.724884 84.254570 81.075695 78.463657 78.895244 78.717988 77.481232 76.867798 77.279284 76.471423 76.293862 78.297109 83.493497
118.866338 117.477739 136.703026 116.967314 115.968764 117.323833 124.717191 127.615755 157.263922 -nan -nan 210.325234 209.315620 207.918984 206.885212 205.729603 203.856739 203.328705 202.669128 200.612655 158.255326 174.841782 181.872459 158.309169 144.964845 144.243550 118.959715 111.870816 110.154794 109.898156 109.853960 111.285415 113.701257 115.329955 119.303269 128.128225 129.514552 124.000132 119.932234 116.403951 112.883151 110.515656 107.871919 109.577259 99.394774 91.003984 85.947016 82.395847 79.347870 78.377176 78.269121 78.044878 77.953074 77.926927 78.760643 78.500105 77.599389 78.839868 82.315501
122.700862 119.963086 150.016244 121.092368 148.841977 161.186115 147.944251 143.169928 157.723110 209.803445 -nan 210.880976 209.592481 208.431219 207.147527 205.544935 204.718512 204.381394 190.297231 142.958231 137.270312 144.831370 149.532832 147.133743 144.963933 136.740269 122.653807 112.354213 109.012869 109.261833 109.157426 110.705925 113.828560 117.969032 122.834965 123.850732 126.357116 120.890455 113.313940 110.870308 109.540663 106.980333 102.772855 101.025153 99.812574 90.450189 85.082727 82.189078 78.018893 78.372054 78.358303 77.759795 80.764929 80.674139 81.549254 82.476954 80.538102 79.606712 81.686901
155.115390 134.941172 138.456784 170.162423 191.845899 185.690951 173.460408 176.656516 193.527999 -nan -nan -nan 210.199020 209.014665 207.466920 205.625342 205.232042 203.246241 168.360199 132.757560 127.243282 141.117614 142.373838 142.419001 141.262264 138.874341 131.298747 113.399904 108.879959 109.294530 108.995509 110.136899 114.860314 120.672723 119.188765 117.976579 120.303901 119.455045 111.817233 103.811847 104.229364 101.377221 97.247000 94.893239 91.214062 89.260680 84.612534 81.870773 77.327041 78.580432 77.331894 77.402545 80.994737 83.606652 83.446999 85.549833 83.692000 80.614614 81.905110
-nan 207.458420 203.997033 203.846049 -nan 210.245190 -nan -nan -nan -nan -nan -nan -nan 209.672823 208.333612 206.202248 205.808325 201.585262 164.417213 136.567144 130.438782 135.644946 139.301537 138.711086 137.823069 135.783871 129.784637 114.136758 108.815057 108.815149 107.574184 110.680292 116.607900 116.623657 115.563602 112.739066 113.657585 116.812167 111.506116 100.848584 98.115326 97.750233 93.816254 89.835157 87.177181 86.048263 84.151906 81.600159 77.569712 78.233584 77.789672 77.407349 80.542466 85.561778 90.090975 89.440918 87.897451 83.857806 82.145268
-nan -nan -nan -nan -nan -nan -nan -nan -nan -nan -nan -nan -nan 210.410103 209.035388 207.079794 207.146091 202.114398 169.845330 134.720460 138.682272 126.506976 127.065704 125.055969 121.622574 119.959086 118.174335 113.602727 107.442061 106.728233 107.794912 112.762500 114.209384 113.790351 112.580759 109.418944 109.403235 109.815922 112.747960 100.873455 95.449830 93.979364 92.513832 89.083740 86.427418 87.077860 85.305095 82.861530 77.771642 77.419824 78.205495 79.061737 81.288765 87.349180 93.679028 96.332344 94.195248 87.933978 84.284293
-nan -nan -nan -nan -nan -nan -nan -nan -nan -nan -nan -nan -nan -nan 209.287398 207.554956 207.881042 198.669878 162.811247 126.605533 132.039722 127.730224 120.603599 117.254506 112.051712 110.186749 109.927783 108.972178 106.624236 107.517382 110.289525 110.522496 111.762773 110.273046 109.307644 108.684834 106.731081 105.563311 105.304838 104.079315 96.433790 93.288661 90.764316 90.985856 87.362046 87.123149 88.722488 84.947973 80.249380 77.464857 77.962696 80.984789 81.678385 86.263500 93.158299 103.143533 99.603810 92.961176 88.158855
-nan -nan -nan -nan -nan -nan -nan -nan -nan -nan -nan -nan -nan -nan 210.127251 208.591132 208.188140 196.331255 158.626424 122.787421 126.371912 131.162910 123.904157 118.298538 111.065812 109.446903 108.976621 110.291884 112.437805 112.569660 107.479718 110.393789 109.640283 107.440936 106.441718 106.535839 104.203745 101.964101 100.793401 102.406909 98.677113 94.370735 89.545522 89.328747 91.308609 88.938628 90.926861 88.186294 83.298177 80.463592 79.521514 82.493387 86.161776 87.269561 93.696603 103.903125 108.877721 97.988644 93.926416
-nan -nan -nan -nan -nan -nan -nan -nan -nan -nan -nan -nan -nan -nan -nan 209.196631 208.796948 192.679739 147.406014 119.569084 121.788676 126.272172 129.285882 120.383360 114.640812 110.406550 111.084782 115.050098 115.964205 111.634085 109.020287 111.796568 108.060278 105.889593 104.704653 103.374168 102.846280 100.198495 98.998872 98.854439 99.930851 93.786892 88.972347 88.078979 90.340924 94.100186 92.653664 91.032927 86.463031 83.506056 81.135667 83.922411 91.575260 93.415077 96.323352 107.632438 116.130095 104.321360 98.918364
-nan -nan -nan -nan -nan -nan -nan -nan -nan -nan -nan -nan -nan -nan -nan 210.416859 208.936238 189.940006 138.481082 118.257200 114.891988 118.180870 126.391338 127.679672 117.890979 117.435010 120.135347 121.390741 116.528398 113.703003 114.892159 111.271059 106.890563 105.632988 103.267316 100.470897 100.183607 98.387654 96.635924 95.962733 97.925928 92.824463 88.738395 86.762766 87.431905 90.698152 95.433449 95.242583 91.420330 87.985260 85.304979 87.223358 94.735725 101.656179 102.766163 110.912674 121.235884 110.733230 110.486887
-nan -nan -nan -nan -nan -nan -nan -nan -nan -nan -nan -nan -nan -nan -nan -nan 204.454517 189.271487 155.962137 121.892262 113.887902 115.119722 120.068164 125.152524 127.599694 126.725875 125.111994 122.911863 118.854525 116.764003 112.230749 108.607632 106.372544 104.952537 102.618030 99.976929 98.214771 97.110427 94.526061 94.206786 93.091508 93.295537 88.900930 85.224610 86.114355 87.508956 92.140809 95.718839 95.667853 93.563531 89.019799 89.070255 97.970342 105.869447 112.508827 116.238709 130.241436 118.093476 124.981489
-nan -nan -nan -nan -nan -nan -nan -nan -nan -nan -nan -nan -nan -nan -nan 208.843612 194.509818 187.242108 160.677568 130.597303 119.068379 114.090511 117.642125 121.623855 126.471496 122.433931 121.014096 118.123613 117.751079 114.432430 109.950240 105.208604 103.293056 102.571849 102.920071 99.328625 97.358480 95.779123 93.659820 92.131236 91.269556 90.939379 88.929272 85.472018 86.403888 88.177599 92.200283 94.807852 97.370745 97.898032 93.317852 91.878183 98.552257 108.185428 121.695884 126.709927 138.535127 133.776342 140.896980
-nan -nan -nan -nan -nan -nan -nan -nan -nan -nan -nan -nan -nan -nan 209.996991 198.186273 187.438098 178.449889 162.533154 147.385372 135.676528 125.318522 118.016674 121.789004 124.338764 117.736602 114.976598 118.305238 114.518263 113.350386 109.227415 104.515230 101.175012 101.219330 101.925749 100.075721 95.871916 94.206745 92.590281 91.127874 90.933043 90.292871 89.705104 86.826885 86.748285 89.096356 91.544004 94.377068 97.337627 102.772171 99.717957 96.291134 99.830394 110.259368 120.099715 138.388666 135.765943 126.759229 127.369428
-nan -nan -nan -nan -nan -nan -nan -nan -nan -nan -nan -nan -nan 203.880916 195.249449 201.507697 177.476248 172.848788 165.207101 154.887636 141.937087 127.305339 121.604511 119.208307 119.024209 118.458962 119.273796 114.092776 110.497379 110.689924 108.742092 106.135345 102.993893 101.167234 99.979007 98.092217 96.206838 93.255642 91.107089 90.487728 89.980124 89.792417 89.123842 86.547280 85.793175 86.454619 88.253942 92.394405 95.837603 99.706836 105.162320 102.297192 103.567156 112.246343 122.378694 136.000364 139.789792 120.243854 112.747896
-nan -nan -nan -nan -nan -nan -nan -nan -nan -nan -nan -nan -nan 195.683700 192.010177 181.079192 179.166311 169.240365 164.004111 150.641779 140.905768 127.476148 120.312862 120.354268 122.381072 121.829960 114.599377 111.468391 109.060407 108.654263 107.703786 105.426475 104.341109 101.201432 97.706898 96.307229 95.334939 92.525361 90.618955 90.554786 90.995471 89.439801 88.258882 86.449909 84.545395 85.154902 85.347135 90.522905 94.405336 98.595560 101.349584 110.953346 108.073588 113.069503 124.260007 145.878435 135.340447 120.106587 106.921160
-nan -nan -nan -nan -nan -nan -nan -nan -nan -nan -nan -nan 199.342266 193.692308 185.628353 173.758633 167.688202 165.741818 158.342364 139.717170 128.380179 121.357797 125.320040 126.537594 125.296605 120.335520 114.096623 109.364576 107.933436 106.294847 106.795005 105.272032 103.490265 99.193173 97.533033 95.116703 93.916980 92.884340 92.456847 90.515086 89.967914 91.044231 88.647479 86.967984 85.646099 83.726230 84.027356 87.999525 91.547142 93.359823 96.940331 103.527096 112.719038 115.760243 125.729207 150.999718 131.221534 118.316177 110.600926
-nan -nan -nan -nan -nan -nan -nan -nan -nan -nan -nan -nan 203.171795 192.437069 184.256099 174.546790 164.767794 160.764401 153.504253 138.467047 127.643435 130.665475 131.120702 129.820493 126.170844 118.555225 112.933264 108.898373 108.323561 107.030596 104.914476 102.705156 103.129370 100.604528 96.993271 93.960551 92.427026 91.073213 91.843308 90.999765 92.099067 93.411141 88.557927 87.467340 90.720554 88.101796 85.925036 86.276496 88.817191 90.176060 94.410930 101.402883 109.678980 119.228458 131.431774 150.354913 133.378508 122.468227 113.722132
