tests/3D/PSQL_test/output-maps-SE27XX/SWEDENSITYN0032.asc
ncols         295
nrows         180
xllcorner     627200.000000
yllcorner     5109000.000000
cellsize      200.000000
NODATA_value  -9999.0
[rows 50 to 74 of 180, columns 228 to 284 of 295]
181.125509 182.443438 182.785756 182.786592 183.455007 183.586486 183.308151 182.758935 181.025767 179.626909 178.845369 177.227958 175.518649 174.698771 173.605302 172.185981 170.764511 169.458641 167.736239 164.655949 161.643370 158.512586 158.278293 134.122167 129.510007 129.779823 133.185448 131.185545 128.123420 125.689799 124.885887 124.733968 124.817083 124.849296 124.706712 123.347893 123.314299 125.992923 123.197277 125.304801 122.368966 121.331472 122.912893 128.231184 123.847695 118.294426 113.135141 111.092215 109.613284 111.060884 117.080142 118.432361 115.416514 109.469038 106.042856 106.135453 105.639551
181.618840 182.387803 182.618546 183.494930 183.353043 182.779571 182.650529 183.211546 181.848625 180.151432 179.355953 177.732060 176.322460 175.143350 173.866525 172.294839 170.854499 169.993164 168.744948 165.659224 161.567481 157.638054 148.320115 138.498310 134.201157 131.800809 128.264853 126.861989 127.668819 126.757502 125.819840 125.103474 124.663150 123.726412 124.260497 122.084739 121.442951 124.432686 124.056059 121.990766 121.936359 121.292770 121.191290 124.749151 125.045720 121.157350 116.469664 111.291269 110.270886 110.711923 111.903569 118.273435 118.051849 114.635070 110.357420 105.165091 106.542930
182.238484 183.463328 184.184181 184.740599 183.955939 183.608847 183.700591 183.191483 182.613227 180.880577 179.404058 178.542896 176.940997 175.750915 173.990647 172.661672 171.856709 169.845127 142.385534 159.935495 143.660323 140.932978 139.108010 129.285958 125.569145 125.849352 126.128372 126.650701 125.902924 124.396990 122.912751 121.782267 120.452170 118.910191 119.077786 119.513142 117.221929 120.681726 122.095071 118.011886 120.349876 119.975437 120.829637 123.298663 127.430676 124.025267 120.234311 116.558732 110.728699 110.284023 110.401125 113.131138 118.973089 118.292743 114.129687 110.002058 109.334070
185.453047 185.920648 186.550587 185.752749 184.617136 183.832545 183.094050 182.780880 183.333858 181.166896 180.094677 179.502063 177.558119 176.525789 175.082438 172.814482 160.515182 140.221026 142.056588 143.742020 142.397283 140.957692 136.495554 127.273104 128.047625 127.973642 127.258357 125.383376 123.251921 121.366750 119.174176 118.999053 118.948435 115.807637 114.277329 114.614394 114.196220 116.738018 118.543913 115.260521 117.630313 116.702539 119.441181 122.391255 124.633443 126.906267 124.270685 120.928868 115.489208 110.191151 110.994408 111.314470 114.746866 119.805226 117.181836 116.533505 116.815603
187.759003 188.848559 187.860277 186.692437 185.539851 184.412825 183.269371 183.859926 183.383262 182.624124 181.118782 179.916342 179.015658 177.463789 176.006922 163.633529 140.388414 141.554045 145.023530 139.257650 139.698073 139.862537 133.944195 128.767308 129.034582 127.855939 125.399526 123.655102 121.452542 119.441277 116.780202 115.539980 114.848416 113.523101 111.768745 110.369259 109.569404 111.213428 115.406984 113.583670 116.605070 115.550413 117.710687 121.596217 123.969957 126.086879 126.821968 125.238679 120.913682 116.118054 114.374802 114.542781 117.454420 120.522049 119.444411 118.296920 115.824100
190.999924 189.705086 188.721637 187.551600 186.222122 185.094975 184.152478 183.836384 183.751445 183.281829 182.547427 181.088706 179.668721 178.589463 176.474224 168.146379 157.635846 148.407263 142.320608 137.953378 139.202556 138.753369 133.730524 129.859921 129.032293 125.817006 124.084257 121.704540 119.030793 115.599046 112.149415 109.428715 108.402415 107.573314 107.004238 104.605925 97.505456 102.186334 107.890106 110.020086 113.292579 114.578394 115.888272 120.483485 123.100517 124.353880 124.540826 124.788243 125.841943 122.406665 121.319520 122.053894 121.397065 115.799356 113.940240 113.049351 111.453218
192.110440 191.378732 189.673559 188.508747 187.175273 186.217171 185.106250 184.036429 183.535112 183.639690 183.193008 182.303426 180.925482 180.047664 174.542449 166.932379 162.702418 147.785827 142.041986 138.022902 138.293888 137.433912 135.113836 131.463686 128.528802 125.422539 123.870628 120.797163 116.145161 113.976341 108.668272 104.294905 103.684535 102.689005 100.556688 98.268931 96.751606 95.502042 99.423524 105.505534 111.373835 114.315119 116.899399 119.991830 122.679074 122.960638 123.469330 125.093679 125.412961 126.026342 124.684227 123.203281 122.231077 117.057749 110.868467 110.430530 108.426189
193.361736 192.388293 191.249376 189.863228 188.603056 187.285508 186.007045 184.927078 184.032282 183.760450 183.554396 183.361873 182.558329 180.879482 178.303080 169.487064 160.806459 149.384796 144.067525 138.851434 138.926554 137.422303 135.676275 132.420566 130.291502 128.266712 125.308213 120.913386 117.274023 114.063671 109.210417 104.868866 105.279095 104.064569 101.793896 101.106852 100.517995 99.891710 100.540210 104.628455 110.380579 114.239263 117.714641 120.906029 122.457966 123.276046 122.039389 122.679139 124.241988 125.407579 126.003850 124.178617 123.146462 120.696588 114.556478 111.082051 107.282796
194.707286 193.754299 192.156650 191.045503 189.888173 188.655965 187.369591 186.463348 185.240316 184.061818 183.675872 183.714230 183.427027 182.948886 181.241144 170.522661 164.299076 149.175445 144.770703 141.994430 140.217819 138.315814 135.601799 130.797566 127.446147 127.570364 124.817362 123.164662 119.402167 114.998926 108.587810 104.760514 105.256857 103.643945 101.696395 101.920937 101.879670 101.300310 100.762400 104.429541 110.664461 114.255819 117.154283 120.703213 121.899513 122.290961 120.720326 119.268068 120.036102 120.326765 124.629911 126.192461 123.679243 122.406769 115.982095 110.326136 105.964058
195.922689 194.559210 193.420400 192.492880 191.200313 190.074996 188.690149 187.626146 186.589506 185.417414 184.294501 183.660055 183.427695 183.429027 182.736017 172.915146 169.075320 164.135788 148.682279 142.449564 140.992709 138.692030 132.827706 128.500147 125.388043 123.143543 121.305237 117.743134 115.935124 111.967398 104.157176 104.047815 104.293355 102.544009 102.138519 102.398710 103.345155 103.525885 103.794969 106.659453 110.762430 113.613426 118.017280 119.674981 120.526267 121.252066 119.148211 116.228843 115.232673 116.486967 119.877848 126.207475 126.277144 125.003014 118.839812 113.807895 109.695342
196.983034 195.883786 195.002557 193.892579 192.785819 191.531564 190.448937 189.192576 187.904721 186.580926 185.986703 184.602764 183.913427 183.562337 183.023844 177.615101 171.762674 168.100091 152.774862 143.664004 141.248960 137.360051 132.119735 127.821372 124.456561 121.029091 118.259625 114.600657 110.622399 109.167950 104.043597 103.886859 103.668577 103.646338 103.378180 103.379310 104.216701 105.069406 104.979363 110.069304 113.819724 116.729760 118.945106 117.828957 117.820502 119.293428 118.958252 114.485398 112.678712 116.102679 120.184848 124.598758 127.156102 126.654808 123.092359 120.054085 116.086173
197.880408 197.299490 196.466256 195.622755 194.331801 192.847440 192.068608 190.840767 189.647450 188.684340 187.158836 186.308386 185.508545 184.603578 183.834010 180.137444 175.267697 166.168520 154.401016 146.139272 141.583250 133.719390 129.053479 128.396658 123.798426 118.136939 114.243131 108.686030 107.017649 105.602016 104.175168 103.793607 104.457014 104.773056 104.867573 105.295113 106.116153 106.285253 109.416748 114.502746 116.852921 117.809421 116.379767 116.589446 114.666584 117.610233 118.172897 114.401207 112.594315 116.350453 119.914100 122.401674 126.927675 127.884756 126.503024 124.501213 121.164915
199.322989 198.085145 197.318894 197.240389 195.766338 194.542705 193.124130 192.581375 191.477909 190.162627 188.909037 187.660198 186.569627 185.558049 183.982360 183.117636 175.384579 166.189818 160.809171 146.117209 138.541849 132.355840 129.060664 125.430862 120.743770 117.975284 113.320436 110.328049 108.150905 107.473398 106.120590 105.582641 105.860964 106.699012 107.220262 107.738454 108.947463 111.614511 115.871267 118.546454 119.114752 118.434621 117.919685 117.104374 117.125198 118.586486 118.119912 115.106517 114.880945 117.540646 119.816496 122.388064 123.609896 127.922233 128.284097 126.916726 124.912854
200.830259 199.891963 199.434121 198.239823 197.762366 196.354439 195.650659 194.733509 193.193801 192.185775 191.579615 190.012892 187.388152 185.436441 184.758970 182.781602 172.975080 167.126486 160.399145 143.527137 137.094215 132.291330 129.172928 125.538818 120.855350 116.562578 114.352108 110.855954 109.507283 109.194916 107.549089 106.846533 107.499322 108.129948 109.139062 109.670837 113.411435 118.036826 120.500867 121.608579 121.580733 121.925721 121.917903 121.775019 120.627702 120.387963 119.814012 117.746521 114.627115 117.858411 120.426564 123.203919 125.932620 127.838909 129.002735 128.228635 127.077430
202.392948 202.293837 201.410300 200.274371 198.664999 198.040062 197.422265 196.124507 194.648166 194.981841 193.367513 191.078553 188.291517 185.541896 185.107847 181.159874 168.908427 162.706215 156.314284 142.589535 137.718789 133.662761 129.599558 126.586116 122.395612 119.105073 115.458870 111.950348 111.063415 110.878422 109.155020 110.524689 110.559415 111.249502 110.842651 111.866532 118.265257 122.426921 124.269547 123.315248 122.731400 121.678927 120.819921 122.399670 123.002172 122.880844 122.336725 121.302605 119.539316 118.972568 121.044746 123.062560 124.015185 125.784042 128.796887 129.112246 128.491415
204.544595 203.742492 203.209150 202.149946 200.847599 199.816582 198.805415 198.304954 198.058386 196.433983 195.565369 193.227376 189.842411 186.368541 183.765145 178.992961 170.499058 166.322941 158.828736 142.308722 140.530012 136.073464 132.659073 129.405737 124.495777 120.832856 116.968065 113.926903 112.421810 112.267199 111.551735 114.862229 113.295089 113.541182 114.326542 120.224257 123.859713 125.876607 123.648153 119.909365 117.944344 117.992445 117.944586 121.479376 122.949609 122.716650 122.539681 122.971100 121.745702 119.833537 120.342396 120.694971 122.283683 124.242250 124.554010 128.665983 128.830106
206.245216 205.525703 204.807432 203.563399 203.394487 202.443224 199.508900 199.364796 199.734394 197.952587 196.734390 196.270696 193.004109 188.872524 184.491704 183.102258 174.454212 167.878820 164.666241 163.047272 148.442828 139.771938 134.794123 131.780436 126.425687 121.717531 118.494871 115.121387 114.243556 113.140956 112.181572 115.855269 116.554350 121.084844 123.797288 126.390497 127.035490 125.818727 122.962075 118.184859 116.410050 116.131689 116.737195 119.283506 121.461535 120.312494 119.709399 120.308702 121.114196 121.365219 119.650408 120.280092 121.597311 122.310372 122.430894 125.689606 129.476136
208.248849 207.354300 206.735453 205.571054 205.243191 204.385903 203.033604 202.502051 202.259026 201.280001 200.368451 198.559406 195.119951 181.204387 179.938645 178.596223 179.525779 181.687173 170.526299 153.818589 164.306241 167.896734 140.552506 135.419251 130.554695 126.556138 125.175548 119.964504 118.761824 118.597135 120.422463 123.192915 126.071299 126.977554 128.787737 127.759931 127.118454 125.657432 123.233729 119.576659 119.592086 118.983217 116.197658 117.112775 118.596430 118.894556 118.050833 118.061790 119.403756 121.076083 119.868378 119.644908 121.229269 122.350486 121.053063 123.117589 128.641464
209.911130 209.210826 208.697638 207.635323 207.146158 206.124864 205.955520 205.540498 205.444874 204.843352 204.297236 202.569695 188.803748 179.424304 177.316487 175.840306 171.537239 166.578434 167.012543 147.199395 143.740805 143.942892 149.839234 138.942741 135.768432 134.470246 132.914194 129.713685 128.917411 128.824900 129.216463 130.713212 131.166759 130.103723 128.934883 127.390179 127.042260 126.341609 125.526006 124.333910 123.364294 121.535755 117.068336 114.884634 116.635773 117.178626 117.452124 118.020819 118.919292 119.571065 120.186940 119.739141 120.514247 122.019428 119.432957 119.632404 124.770451
211.855546 211.510667 210.588802 209.913633 209.084632 206.761100 208.720849 208.447094 207.925044 208.032211 207.666133 203.995610 182.203859 179.769615 176.064643 172.617321 169.181849 156.477196 148.730955 138.055608 137.852333 138.766029 160.510036 152.224889 149.467104 145.528707 141.308635 136.604064 134.640320 135.475047 134.891596 131.050523 129.732822 128.480308 127.303397 124.810477 125.020483 125.339703 124.369762 123.314011 121.016034 122.689721 118.794334 115.086680 115.435506 116.291671 116.995630 117.961478 118.786422 118.880732 119.157600 120.344027 120.302357 120.848669 118.983279 119.290421 119.363535
213.470178 213.266030 213.064821 212.003970 211.510789 211.315504 211.154321 210.729265 210.178531 210.983281 208.984245 187.345961 179.709652 176.989057 174.460647 171.334841 155.874932 142.124590 137.777527 130.886694 129.474475 134.089888 139.199498 140.643147 134.972678 131.531360 133.949523 137.893664 136.392470 134.389051 133.679582 130.988156 128.475320 126.931179 126.737753 122.786183 121.133228 121.961623 123.072358 120.480364 120.115964 119.731230 121.500170 118.235005 115.434804 116.103272 116.256126 117.966529 118.487228 118.569375 119.151550 120.363187 119.587282 120.015280 117.922145 118.110359 116.620678
215.015871 213.811768 214.618630 213.416084 213.677691 213.969127 213.700773 213.452580 213.872569 212.999075 192.279040 183.236429 180.379595 175.415137 174.133093 167.897140 145.009270 134.522745 126.760577 123.699276 126.102589 126.749665 132.336039 141.284219 130.431857 126.969467 129.183492 131.896862 130.248855 130.875111 133.228614 128.600848 129.129130 125.674921 124.133610 120.865689 117.811791 118.040421 119.316167 117.600332 115.916929 116.749021 117.100520 119.536946 115.279005 115.415894 115.520047 116.984491 118.421505 118.630711 119.174408 118.243567 117.788446 117.702958 117.635019 117.234467 118.010399
216.727672 215.692703 216.073363 215.327975 216.043620 216.215242 216.425330 216.386807 215.904761 207.319491 187.228172 180.902125 177.815079 172.625576 169.300612 148.161946 137.136764 125.510542 120.936625 121.486396 122.533277 126.700601 127.518429 139.121184 127.140219 127.399958 127.786675 129.438309 126.929059 127.693884 132.205189 127.911883 125.499809 123.474914 121.479077 118.767597 116.474411 115.456008 116.204307 115.410981 113.172076 114.370092 114.474145 117.567967 115.633176 115.419902 115.586965 116.771540 118.803494 118.266161 117.611752 117.576266 118.194662 117.466154 116.956225 117.729069 121.130936
216.820567 216.767553 216.855789 216.975547 217.261393 218.348959 217.948558 218.161495 210.471838 188.285899 182.728635 179.581988 172.912634 165.856968 145.321419 130.983134 127.759318 123.621573 118.076449 117.808452 119.504739 123.400365 127.437194 136.115678 127.264030 126.122696 124.363226 124.275939 122.362500 124.464981 128.510573 129.528808 124.162063 119.361595 118.088120 117.054156 114.288762 111.471172 113.354679 113.767531 113.498250 113.899187 114.604951 114.896185 114.999215 115.918921 116.004434 116.036039 117.872210 119.553197 117.468310 116.810854 118.248062 118.003847 119.082566 120.688853 123.620615
218.029191 217.300357 218.194362 218.566007 219.532834 219.742832 219.488306 212.603499 194.456485 179.479219 176.157704 174.514885 151.398509 139.330399 133.908407 130.359590 127.387833 122.522366 113.699768 112.160538 113.676009 122.126230 127.056742 135.075704 129.105752 124.941112 121.362182 118.928617 117.327511 119.201558 123.780072 129.424595 122.183588 117.411194 116.347752 115.992440 112.460991 112.778671 113.258185 113.132703 113.404194 114.395481 114.525387 114.810410 114.569716 116.475505 117.967996 117.580117 119.292615 122.019069 120.025683 119.233527 119.648329 119.818843 123.162085 125.952539 126.782778
