tests/3D/PSQL_test/output-maps-SE27XX/SWEDENSITYN0027.asc
ncols         295
nrows         180
xllcorner     627200.000000
yllcorner     5109000.000000
cellsize      200.000000
NODATA_value  -9999.0
[rows 130 to 155 of 180, columns 114 to 170 of 295]
85.849634 86.146998 85.143101 80.750632 83.174761 89.480086 90.728454 94.853862 89.010201 86.483075 88.476276 88.929148 86.443157 84.084591 84.527497 86.902268 91.430781 93.553392 96.838685 100.286797 103.042323 102.140697 106.315701 109.675570 114.316116 120.235496 125.253878 131.208132 152.184422 168.801778 178.473377 187.716742 188.030600 189.466885 204.228821 199.343315 179.580314 174.424508 153.490904 134.843693 127.561590 123.493170 121.145786 120.145158 118.506463 115.556294 113.723470 114.010108 114.368550 112.946736 109.617471 120.371009 135.036124 144.335444 172.762688 167.090473 181.236945
83.483486 81.201870 83.894251 81.401342 79.179868 87.007965 92.323315 95.430194 90.485983 87.148814 90.021213 90.575361 89.865175 87.012905 88.914836 92.608046 96.575297 101.010864 105.987926 108.047621 108.894059 109.940754 109.331728 112.658367 116.405725 122.958404 126.900809 131.970600 155.310955 171.919671 178.863620 185.025593 186.051803 198.696867 206.432431 192.195352 178.293302 168.313708 137.364034 130.303151 125.203155 122.677515 120.193912 119.792829 119.055249 115.670325 112.949131 112.649842 114.131726 113.708421 109.587204 119.137004 131.942339 138.761599 160.787947 138.546259 178.657212
83.953502 81.798646 82.844656 82.859694 77.594118 85.162769 92.386308 96.458718 91.050544 85.489200 86.989105 85.173441 91.297469 92.765422 96.078610 100.033017 101.673490 105.290187 111.226268 115.425165 116.106851 116.560380 113.413238 116.012371 119.562829 124.237395 126.784929 141.411707 168.308575 177.859440 178.921664 189.723107 202.716998 196.278820 202.450180 188.111618 176.849600 159.878783 138.537247 130.136036 125.835729 122.592630 120.057773 118.616946 119.320390 115.147827 111.733154 110.648227 114.752065 115.896576 112.318032 117.906318 129.947155 138.249605 149.200354 135.209454 138.682046
83.654958 83.528279 81.994602 81.784741 79.157549 84.467117 91.237306 97.817264 91.053563 85.375363 84.107406 86.403499 90.684133 97.255173 102.846886 106.875259 108.372391 110.508175 114.363277 119.349831 122.026692 122.281680 118.068894 118.196644 121.404192 125.636836 131.408414 162.526333 175.215445 183.618810 194.803394 185.470716 189.120451 193.110751 196.729752 185.609067 176.534136 165.970947 137.919085 130.251206 125.925558 122.549379 118.931636 117.600890 117.060838 114.189272 111.316473 109.857976 110.082460 113.718966 112.804477 117.418152 130.443078 136.076883 138.244363 132.665448 133.447318
83.656116 83.295088 83.649963 81.689690 78.141538 84.401385 93.333542 99.672310 91.840458 89.217627 87.997671 90.872263 95.389546 102.994683 107.896136 112.114222 113.302325 115.832794 118.886149 122.905746 126.692070 128.192468 123.773642 123.906584 126.400316 131.623660 139.931541 161.619340 179.526973 188.479826 178.956361 178.820446 182.574121 185.080829 192.692600 177.650438 173.761628 169.370007 137.070111 129.098344 124.855252 121.996010 118.293041 116.608090 114.434398 112.146652 109.988459 108.080600 109.039478 110.329850 111.529897 118.510776 129.708263 135.217789 137.311882 133.405203 132.751856
89.252018 85.538576 83.494518 82.791640 82.063963 87.198595 95.688867 100.851218 91.252995 90.652171 89.535433 94.808851 100.657352 106.131654 108.731872 112.932605 116.518443 118.158992 121.353543 124.961676 128.713077 136.085088 134.428758 131.968515 130.415551 139.608021 156.453648 170.563159 187.775888 180.387500 171.515048 175.224196 179.224086 183.953007 187.103255 178.510025 170.444020 164.224733 136.225451 128.361309 124.506355 120.832135 117.289130 114.724681 113.277399 111.401226 108.155995 107.684988 107.710569 108.462555 111.994646 117.826319 130.085230 135.446936 137.847557 132.799258 130.500301
98.304448 91.828141 86.680467 84.366991 84.906792 87.510632 94.810798 101.494662 94.436465 91.201164 92.910455 98.685266 104.521177 110.354669 112.670912 114.856163 119.577933 123.667748 125.580495 129.108621 131.366873 145.547219 158.163983 164.586991 169.621738 173.404021 177.357075 180.712990 179.004326 167.331877 168.665752 174.721665 179.565135 185.922285 186.435945 173.671992 166.192886 148.857274 137.587039 127.079389 122.389796 119.099602 115.510363 113.609438 112.627968 110.426489 109.404009 107.251063 106.905304 107.117838 111.047813 117.867151 130.374728 134.328730 136.324199 132.133765 128.954411
97.283960 99.008478 94.045684 90.768753 88.633983 89.801086 95.413917 102.532888 97.883860 94.670075 96.189622 102.320001 108.855103 112.695764 116.481417 117.953245 123.759158 127.074975 131.458266 135.085105 139.139611 161.709321 169.408245 172.225328 174.841044 176.732359 172.979923 172.095858 170.358725 155.237781 169.430944 173.833937 178.235265 182.264280 175.486693 178.539323 151.257130 149.159147 144.596743 127.207659 121.703675 118.163913 113.871951 111.629728 111.441305 109.301511 109.033325 106.494281 106.408478 107.704257 111.316293 118.902326 130.039259 133.388597 136.827247 131.382651 131.614339
93.412866 100.588983 98.575010 94.300090 92.396283 94.816095 97.592691 102.866723 100.346068 98.539683 100.815056 105.690052 111.377343 115.214117 117.684021 120.517106 126.091585 130.275924 134.406584 143.198608 159.693943 151.628419 165.526253 170.055281 173.845521 162.782371 150.483018 147.885760 151.686687 156.615771 167.693532 171.785725 178.733105 179.594677 170.263229 175.709243 154.212899 150.470560 143.495863 133.638226 120.482938 117.481361 112.807929 110.381066 110.631373 107.647123 107.917519 107.527730 105.786047 108.913468 113.823593 123.593460 131.114926 133.469907 136.812370 134.606750 139.666732
91.359620 98.708856 103.326205 102.756879 101.355736 101.036635 102.514181 103.722526 103.946420 104.006759 105.828586 109.407731 115.828087 121.010018 122.627450 123.448972 127.168673 135.524539 139.733405 147.218943 151.554237 150.535577 140.383420 142.171128 142.197385 142.181196 138.539521 137.481459 141.442140 155.959215 168.287944 172.808344 180.351154 169.472344 167.651356 168.110840 167.905641 160.641598 144.941903 137.323493 123.315323 116.273536 112.746683 109.918444 108.534387 106.547032 105.486701 107.206077 109.589855 117.879508 124.002232 128.849520 131.886203 132.241942 135.826534 140.262513 166.259431
95.731238 98.443965 102.814156 104.900937 104.537945 103.644917 102.816624 102.701713 104.935638 108.531246 111.384063 115.088472 119.312369 122.959436 126.415839 127.642283 136.506664 142.674721 147.261864 147.429728 137.749118 130.395538 128.687658 131.102838 132.805641 133.746121 134.942812 135.338295 135.345250 151.752109 162.646587 171.309377 174.587902 160.591831 154.858033 164.346363 151.384731 146.014571 139.299820 135.490716 128.265842 120.588223 114.228551 110.396543 108.652722 108.020901 105.481855 108.733935 116.870709 124.848780 129.410388 129.549408 131.823010 131.629885 132.540372 135.210009 145.948949
97.442300 97.898287 101.793703 103.292099 103.721887 101.442930 100.648209 101.813051 105.652926 108.951200 111.536959 115.900228 119.016283 124.461934 128.115631 143.292033 146.740582 148.694064 142.619954 132.871812 128.716595 126.837269 127.713707 130.813631 132.259349 133.105587 135.058661 132.651954 131.935293 145.407554 148.729674 168.743089 166.648981 153.224269 150.238896 152.935900 148.569107 145.880558 136.011514 135.248278 129.821415 120.105064 112.863055 110.230430 109.490592 108.413867 106.404577 110.845501 122.088360 128.716125 129.584122 129.410783 130.864392 131.979227 131.395273 136.862097 158.520841
96.180261 98.257532 100.489083 101.293972 100.021575 97.001010 94.805001 100.731828 104.907994 106.987326 109.037511 114.575400 116.148414 120.521369 126.596071 135.157863 137.598442 134.546681 125.135793 123.236444 125.898264 126.780831 127.930442 130.050741 131.066945 133.746978 135.307201 131.384597 132.388922 139.892471 149.162621 159.820584 154.795076 148.738721 143.021763 141.747497 138.695421 134.747144 133.284948 133.905989 131.949532 121.575740 113.555189 112.976107 110.708204 110.313528 110.606887 117.157716 127.135962 129.415919 129.441703 129.680900 131.506722 132.152406 130.281877 133.064695 153.202758
93.463655 98.231423 99.102825 97.802523 98.380487 95.591599 92.041526 95.008977 98.964624 93.602983 96.847732 103.593854 108.889583 112.849832 115.426371 117.660054 118.380695 118.672368 118.898607 122.711093 125.862666 127.352597 127.326368 131.096409 132.456575 134.663040 133.075118 133.246656 132.231687 138.130507 145.782267 157.723400 149.818734 136.488248 134.431828 133.547572 130.727155 128.778840 131.454722 130.953269 132.501562 123.403301 116.065935 113.517488 112.750513 110.249367 115.025971 123.239047 128.957978 129.422539 129.579705 130.276834 132.341947 130.487603 132.451777 143.244045 160.397980
92.385223 96.740815 95.356385 93.103323 96.126761 95.490153 95.049469 90.802074 94.215309 89.319828 90.596638 88.491240 96.489687 100.691451 103.224275 107.066547 111.633696 116.221054 118.091547 120.181784 123.833389 127.363732 130.061888 133.812448 135.973004 134.825291 132.446417 133.089498 131.581911 138.324500 148.264179 146.411194 147.342780 132.764786 132.285132 129.425872 127.362819 126.552822 129.658228 129.523046 132.777866 127.050945 116.890441 113.282746 111.646315 112.945928 119.226728 127.255063 129.397021 129.454554 129.718864 129.726315 132.270310 131.123920 134.382331 157.082278 174.451848
94.707435 93.918440 91.187902 88.538135 93.072524 92.050157 87.791748 85.119175 87.841944 93.798493 94.505136 92.516838 94.502788 104.220993 107.423750 109.583811 111.882884 114.245625 117.353118 120.959389 122.578692 125.185710 130.172018 135.331895 137.073196 133.600049 132.777026 134.370260 130.434402 136.617810 143.508731 138.925472 138.637910 129.306803 128.378454 126.144466 125.359314 125.550468 125.269066 127.322997 130.088859 130.512884 122.621113 115.772174 113.324835 114.024455 122.551924 127.405370 128.589502 129.300044 129.923469 128.910308 130.316077 132.594615 136.337895 183.003034 212.635261
88.608074 88.231503 88.711687 93.464413 92.335173 89.079076 85.499077 85.893792 85.245017 94.571708 94.765392 94.980400 97.806986 102.896206 107.533364 109.644831 111.957950 114.422207 119.090990 122.789630 124.302457 125.610144 130.404447 137.270733 139.351087 135.582607 135.045700 134.876150 134.413776 136.491305 135.423202 131.667291 131.560556 126.515801 124.818198 122.761360 121.832699 121.043805 123.375457 125.267249 127.228892 128.443575 127.524742 124.903988 122.443237 120.417076 125.386701 127.146478 128.368236 129.075773 129.270119 130.057488 128.935551 142.357446 154.718348 206.089003 -nan
88.699644 87.334090 87.602863 92.967345 93.485588 89.248751 85.877539 84.947474 85.661270 93.905427 96.676904 96.951434 98.457081 102.636867 105.499644 109.185942 113.507161 117.741967 121.428174 124.257376 125.309601 126.281235 131.830699 137.284536 142.126598 135.984484 135.835713 131.764346 131.151146 131.847466 130.284840 127.706892 127.347025 124.628492 121.894877 120.756009 121.081731 119.868662 122.686661 124.043241 123.753825 123.866262 126.028289 130.963349 130.953025 129.972311 128.374002 128.666395 128.515298 128.653741 130.153220 127.623803 138.141852 153.185617 194.575879 -nan -nan
92.214917 90.561490 91.197470 93.200085 95.856634 89.912185 88.151955 87.906025 88.448313 91.986623 98.535775 99.318460 101.140459 104.207366 105.122145 110.714809 118.605144 121.661478 124.266698 126.028985 126.930273 128.914434 134.762731 140.727000 142.056304 136.473924 132.866116 130.956568 131.654706 130.390091 126.210347 125.024792 123.112001 123.039752 121.240489 119.249974 119.009188 121.422866 121.381585 120.038276 120.505661 120.720455 122.922678 125.849828 134.494169 136.358420 132.323301 130.213678 129.080916 129.451857 129.217012 127.465921 145.341518 175.536294 -nan -nan -nan
91.651467 94.203610 94.567642 92.149250 97.787760 94.713280 93.372962 95.255073 93.159948 95.177365 100.530357 102.684823 102.455275 106.523075 109.776123 115.857498 120.537567 123.958886 126.457789 127.369294 128.072764 132.756199 137.556837 142.175544 139.807415 132.990414 131.841955 131.642613 131.272338 129.627076 126.670969 122.990193 119.767662 120.164685 116.915311 116.581459 117.954294 118.966582 118.722015 116.994882 117.951195 118.702866 119.282966 120.960003 129.399493 147.871778 133.747288 128.718739 128.233324 128.363662 130.043959 136.111723 159.128161 204.781985 -nan -nan -nan
90.882736 93.922983 96.096042 92.231195 98.281866 97.982946 99.843329 99.813851 97.456973 99.233630 102.148289 103.197373 106.408730 111.277482 115.089598 119.241464 122.614469 124.680492 126.897885 128.504591 129.720692 137.256292 139.606658 142.343566 138.597600 132.590413 131.304516 130.499341 130.960971 128.180941 123.770236 120.555816 118.046949 116.850547 115.228234 115.234698 117.456271 117.495211 116.527563 115.333840 115.659587 117.165991 116.878980 120.067703 122.991914 149.865329 160.977674 136.254571 126.077749 127.363161 132.291202 168.225630 192.465925 53.076609 -nan -nan -nan
93.374941 97.072339 98.104889 98.859758 102.149098 103.232745 103.421185 103.606076 102.022269 102.550020 103.962772 109.692893 109.651935 115.460985 119.340380 121.925767 124.658471 126.966444 128.425919 129.702088 132.627314 139.736320 142.435597 141.372362 134.848680 132.462120 130.775699 130.171308 128.869891 127.660482 123.269965 119.486929 116.966035 113.780719 112.635974 113.857508 114.613299 114.020528 113.988624 112.035519 113.649583 113.759326 112.798320 116.811253 123.571941 159.424173 174.420001 169.884880 137.518134 134.447042 150.924091 187.588680 -nan -nan -nan -nan -nan
89.063990 92.912677 98.251480 101.776975 106.410155 109.028586 109.181927 108.357796 104.455052 105.663074 108.205704 111.369718 116.835678 119.919744 122.588799 125.724250 127.966072 129.747093 130.934640 133.682311 137.902613 142.977088 143.025885 138.778502 135.262779 132.329271 130.709891 131.484530 128.362014 127.237888 121.560239 118.635862 115.943504 112.081117 111.464451 112.618064 112.327173 111.730359 111.658212 109.576459 111.821234 112.116418 110.055067 123.978597 146.735884 168.187354 182.419050 188.453643 176.237214 160.424921 168.954365 -nan -nan -nan -nan -nan -nan
94.141100 100.528895 99.134128 100.958064 105.542872 110.373856 112.703653 112.557889 109.423231 108.410534 112.419443 116.901341 119.963063 123.354186 125.187644 128.434529 129.669066 131.657753 133.415135 138.472866 140.545906 143.739501 140.707467 139.341575 135.963406 131.822510 131.371023 131.295076 129.745508 127.743810 120.392695 116.209822 114.959982 112.181281 110.645508 109.416022 109.494714 109.118975 109.597536 108.091988 110.448146 111.023481 107.137561 122.229518 155.936398 174.849866 187.637573 205.055784 210.021871 184.986222 204.647981 -nan -nan -nan -nan -nan -nan
109.886748 111.063807 106.936885 105.832324 104.352397 106.167946 110.363631 116.965859 116.131564 115.749289 118.773576 121.651462 124.543436 126.842840 127.699283 129.673500 131.840584 133.532271 137.170416 137.206625 136.787998 145.245223 138.353900 137.135696 135.304801 131.515926 132.421939 130.117221 125.047036 123.919177 118.606113 113.293725 112.666757 110.207765 108.139736 106.419514 105.947766 105.302071 105.148767 104.598021 107.254386 110.118845 105.556996 123.149264 137.166751 175.557814 195.088230 212.701140 -nan -nan -nan -nan -nan -nan -nan -nan -nan
130.475310 118.624607 116.345338 112.459951 108.455926 107.695766 110.749151 116.601070 120.171244 121.433384 123.499215 125.324138 127.083921 128.527281 129.136361 130.902084 131.946252 132.537013 133.908153 131.887924 137.245451 142.521722 139.904258 135.795832 134.015850 131.993511 128.722357 123.611748 120.281955 121.088377 117.596703 113.016978 109.850585 108.117410 106.638089 104.725215 102.662598 101.983686 102.724407 103.444947 105.810185 108.461348 103.669013 118.299387 132.642627 166.090294 195.596819 208.538085 72.201625 -nan -nan -nan -nan -nan -nan -nan -nan
