tests/3D/PSQL_test/output-maps-SE27XX/SWEDENSITYN0025.asc
ncols         295
nrows         180
xllcorner     627200.000000
yllcorner     5109000.000000
cellsize      200.000000
NODATA_value  -9999.0
[rows 104 to 129 of 180, columns 228 to 284 of 295]
157.073463 150.160602 144.247551 134.379897 125.945695 123.180039 116.468584 110.086076 104.879677 103.793439 96.952021 93.930713 92.602158 92.655357 91.602706 92.118169 93.817783 97.196990 100.494421 103.277748 100.597639 98.673305 97.595771 97.193330 97.841729 104.217770 111.980588 115.266626 122.252593 131.019596 142.180343 147.789073 176.366012 166.881476 141.124842 129.633796 129.185119 152.832483 168.296139 137.493585 128.372721 124.299789 120.054643 118.675846 118.278604 116.504080 111.541354 109.454392 113.138928 106.230005 105.796223 106.249263 106.970616 107.262371 111.800202 114.852792 108.693774
141.914279 139.456987 135.087545 129.257150 120.723015 116.685719 113.400326 107.485117 102.242831 99.151498 96.575426 93.967853 92.617122 92.560830 92.202291 92.048697 93.085825 95.056041 100.298650 104.509598 100.864855 99.167030 98.526996 97.245881 99.402441 104.385214 112.134848 120.382035 124.945132 134.208229 170.707198 168.622084 174.818763 159.186688 132.869080 125.854330 124.312913 131.555108 160.519559 136.750546 127.331869 122.829029 117.833954 112.911734 111.198227 110.592259 106.771299 105.864539 107.321168 105.547934 105.040132 104.715061 104.802651 106.603800 107.374886 108.227213 104.841919
136.692524 131.248183 127.008145 118.811825 114.801089 110.405467 106.278887 103.479242 100.060469 96.591909 95.556595 93.775923 92.986145 92.078829 91.740910 91.863036 92.123968 94.122761 99.654000 105.886725 104.533038 101.995960 99.038588 98.227253 99.171849 105.296938 113.115331 122.151877 129.778984 154.216995 170.872881 149.267067 145.406009 129.667135 126.276109 120.701710 119.518160 123.574563 136.522261 143.712221 127.061601 123.957921 116.552135 112.011370 107.827649 103.828051 102.140621 101.190635 104.724228 104.065815 103.079962 101.448164 100.717892 101.761374 102.110912 103.008848 100.730561
130.987823 126.094064 119.695192 111.693502 108.576044 106.983339 101.974404 98.584880 97.368326 95.076737 94.193927 95.367208 94.093748 93.053277 92.647976 92.416126 91.805612 94.448475 99.258247 104.049905 108.491008 103.730736 101.026504 100.051241 102.236893 107.261996 111.288800 121.349581 136.456407 165.672560 159.029161 129.193881 126.966907 120.299397 117.458429 115.288651 115.481265 119.789257 126.611276 134.028783 128.296575 122.981585 118.073254 111.981525 106.837262 103.251785 101.456152 101.239692 101.367361 102.987654 101.504170 101.710705 98.391225 98.280308 99.454720 100.044344 98.974340
124.969229 120.312563 116.462488 109.090643 104.626544 103.359659 99.177330 96.160729 94.767710 93.416869 92.977173 93.974171 95.217763 94.450417 93.799589 92.867102 92.282802 94.640629 100.038860 104.294576 109.096234 105.530734 103.796211 104.515236 106.746358 110.586454 112.907387 119.978138 135.984117 169.075937 146.952712 129.823788 124.759574 118.499192 115.282102 113.431042 112.093325 116.270529 121.176214 124.875073 130.013241 123.641511 118.898099 111.751507 106.204364 102.933100 102.116848 100.478535 99.580551 100.746919 100.340320 99.631556 96.446438 95.598392 96.892927 97.408755 97.061952
119.005997 115.180529 110.260908 105.257623 102.990184 100.999628 97.305053 93.838996 92.914914 92.358328 92.239916 92.815240 94.833255 97.482453 96.731879 95.798727 94.304095 96.368258 101.287609 105.538311 110.968310 105.667641 107.324133 111.972749 112.520925 115.775930 117.385903 121.883440 144.658493 168.370903 141.473665 128.817121 122.902052 117.307019 113.765794 111.197696 109.477698 110.764045 115.162496 118.380857 123.831323 125.367903 120.379769 115.098737 109.880341 106.704791 102.236939 99.969823 99.366534 99.051167 98.058252 97.832439 94.840166 94.298957 95.630458 95.444548 94.960992
115.935168 110.202095 106.981956 103.530994 101.482169 99.292308 95.561137 93.276705 92.500154 92.019722 91.574205 91.368520 92.631940 94.884485 99.959223 101.773480 101.245856 100.422814 103.748001 110.543019 109.563116 106.717774 107.654564 112.814245 119.686755 120.627136 122.478272 127.086569 162.887685 166.315998 135.201007 125.911244 120.296976 116.611727 112.545932 109.855307 107.873027 106.350185 109.064616 114.433314 118.641859 123.932706 119.441088 116.669520 113.446748 105.967655 101.946662 100.539518 100.714896 99.309328 97.896103 96.360506 95.164819 93.414294 93.779674 94.181345 94.203351
112.973526 108.405030 103.733179 101.571847 100.634973 98.478035 95.662297 93.631073 91.944135 91.594176 91.478476 90.959249 91.401290 93.101333 96.739670 102.081777 107.125640 107.077699 107.672850 111.785195 112.335286 108.202228 109.487940 113.310075 118.087171 125.620195 132.333651 138.665578 166.741121 163.132205 139.634122 129.157132 122.450144 116.972988 112.315469 109.460263 105.633385 103.601341 105.755258 110.330880 114.567489 119.536753 121.145287 116.612415 114.729208 107.586061 102.614102 101.308732 104.748203 100.280404 96.723060 93.428944 93.367928 92.769352 92.452490 92.750274 92.558767
109.632759 104.264846 101.923237 100.793279 99.266233 98.136845 95.311477 93.591344 92.190927 92.162319 90.441620 90.236446 89.776752 91.924726 94.653266 98.334727 103.041809 108.670942 112.543142 113.116059 117.154631 110.985691 112.235071 116.590598 121.364587 125.761734 136.665403 165.901800 146.956742 129.316146 125.541789 121.221406 122.725814 120.843525 115.468573 109.682124 105.198842 100.720462 102.635196 104.890364 109.832509 114.351220 120.039531 115.940982 114.768827 110.432724 106.543858 108.661407 103.896873 97.654467 94.023002 91.087780 91.642192 91.269669 91.241309 91.768748 91.535212
105.719340 101.613892 100.336654 99.294124 97.686041 97.361535 96.674179 94.946571 93.738485 93.163490 90.672378 89.916857 90.187955 90.784193 92.767089 96.963884 101.386731 105.648554 112.456243 118.086611 116.022467 113.477111 115.293147 117.481932 123.102298 142.774710 162.528400 139.883284 134.821428 130.630859 121.043897 115.811690 112.991743 112.141227 112.787121 111.122690 104.570996 100.385726 99.116863 101.281452 106.691486 111.583643 116.588507 117.708293 115.782727 112.746073 111.646655 107.520075 101.332372 94.713940 91.490836 89.544173 90.045911 90.360441 90.037371 90.356834 90.470540
102.859451 100.537938 99.055554 97.259787 96.073035 96.987490 100.000485 97.623308 95.634390 93.519603 91.733344 90.682426 90.198073 92.589994 92.529252 96.708150 101.256191 105.191251 111.916922 118.924819 120.076714 117.515569 117.401032 119.035673 125.984081 162.534860 138.573339 126.377257 123.536046 125.073889 121.991867 115.047947 111.234577 108.680920 105.956458 105.396062 106.246510 101.171543 98.742329 99.417332 104.334307 109.764024 111.927796 110.399504 112.956243 114.617359 111.518483 107.434311 100.326548 93.571825 90.315592 88.211910 88.861993 89.361962 89.637715 89.546822 89.927637
100.569635 98.918011 97.432678 95.619160 95.202637 95.347397 98.293766 102.643373 100.271792 95.421520 95.284217 93.488714 93.305190 94.999642 94.844210 97.223106 101.218182 105.869577 111.236202 117.109860 120.542081 123.260376 119.778426 119.885001 124.797431 147.847734 143.141664 124.931237 120.066367 119.332691 118.661187 116.762602 112.339700 106.285293 103.206002 100.457316 99.474249 102.735506 99.104077 99.197604 101.988812 107.730186 106.961467 103.844904 104.852634 106.864973 112.672830 108.320514 101.548286 94.099815 90.501785 88.472780 87.443697 88.223403 88.462579 89.135794 90.143624
98.609511 98.211311 95.828225 94.996557 94.850305 96.266108 98.341443 101.826868 104.053885 99.339686 99.290624 98.899665 98.360092 99.321047 97.517762 98.588741 102.108375 106.623445 110.903196 115.137387 118.900568 129.519161 123.520308 125.159271 130.161765 164.924360 136.422850 123.748977 118.686690 117.758554 115.320086 112.836949 111.067669 106.130696 102.242134 99.031573 97.169708 99.650619 98.604742 97.625664 99.371281 103.970993 100.402339 97.916232 98.622738 100.827826 105.903008 109.898423 102.432463 96.374023 93.918921 91.174514 88.012615 87.401117 87.401940 87.901682 88.474254
98.443632 97.076998 96.011720 95.110254 94.757113 97.254442 100.315486 101.301946 106.695111 103.800288 102.797698 103.573199 102.467968 102.407126 100.517499 100.735798 105.940776 108.492413 111.804606 114.948893 119.423957 129.429142 133.221348 128.703753 145.349247 160.149277 132.245877 123.463583 119.066943 117.943436 115.698847 111.436243 109.185022 107.000594 103.956788 100.462764 97.739613 97.552325 98.799105 96.203508 96.715918 99.295880 97.305843 94.515818 95.362430 97.439737 101.856004 108.643663 104.387078 100.098720 96.187026 91.128065 87.186203 86.138804 86.663601 87.333847 87.247795
98.039164 97.251226 97.007550 97.700962 97.304059 97.397233 99.352693 104.846214 107.166671 107.285057 107.299674 108.465572 107.661344 104.740730 104.323084 105.742801 109.660035 112.587619 114.355100 116.062634 119.536057 123.751257 130.405762 151.613381 164.995375 161.068811 145.472626 126.611134 122.535984 120.227334 116.078786 112.380595 109.303918 108.018790 104.989724 101.203255 97.509425 97.160899 97.164676 95.543759 94.679164 95.275529 92.067818 91.351627 91.591465 94.391619 99.292727 106.103797 100.991813 96.184490 95.299578 90.849058 87.117925 85.997316 85.606742 86.505438 87.246539
97.528761 97.685619 97.911600 99.097853 99.191339 98.791498 100.364432 103.818672 108.788658 109.895970 110.824229 111.549642 110.318442 108.870024 107.331290 110.599255 114.120726 115.862361 117.017615 117.849061 120.899242 121.469640 128.061091 164.370615 151.696411 131.655546 149.448074 139.476718 126.736929 121.605254 116.918830 112.649626 110.217007 108.048540 104.900396 101.450343 98.257409 97.193275 95.434185 95.502710 93.084260 93.049297 90.647008 88.948651 89.705286 92.377256 97.187551 104.245859 99.540021 93.780005 90.905329 89.662556 84.970873 84.039641 84.570115 85.831845 86.968347
96.998451 100.222012 100.662564 101.829124 103.184468 101.785481 101.535410 103.395140 107.259414 113.874460 113.045854 114.030572 112.706599 109.431126 109.830391 113.517263 117.345297 117.451625 119.084301 120.738728 123.397058 126.840913 148.952905 161.278430 129.219132 122.366145 125.660262 143.723261 131.792669 122.952330 116.068935 111.478587 109.761095 108.075429 105.122451 101.995096 98.312998 96.304299 95.184113 93.863340 93.976344 91.754480 89.277172 88.591366 88.697116 91.395426 96.196676 101.631847 98.287408 92.249242 89.579681 86.729923 84.873738 83.743225 84.072166 85.111663 86.015735
96.465447 100.282444 103.545247 103.580732 106.064459 104.660738 102.439746 104.158741 106.186259 112.500263 117.846529 117.821543 114.870062 111.915352 113.173542 116.422093 119.957069 121.061421 122.052727 125.738893 127.865410 131.512985 167.714273 135.470041 124.456416 118.787991 119.240231 127.859510 134.164098 122.343283 116.459174 112.345179 109.610617 108.200734 106.611098 103.983551 99.485872 94.943179 93.316201 91.785911 92.274041 91.279631 89.614506 88.641129 88.216739 89.256683 93.142893 97.410805 99.254181 93.074467 89.988955 86.541471 84.536111 83.641499 83.175825 84.117467 84.436713
96.601872 99.458589 104.868100 109.518388 109.354394 108.219900 105.233925 104.401420 106.192928 109.667370 116.223359 122.900809 119.480327 116.155282 117.099819 119.034796 123.056898 127.689992 128.082236 130.624507 149.887827 165.850154 166.892716 128.579889 119.793666 115.593937 115.002360 121.786554 133.271776 125.925986 118.110184 115.898480 113.602588 111.009638 108.336029 103.880683 96.850345 93.487273 91.501280 90.646126 91.163682 89.860720 89.302658 88.428015 87.377954 87.201129 89.221687 91.840413 98.858314 93.505079 89.362430 86.544883 84.752986 83.385469 82.584309 83.200491 83.297885
98.379224 100.562482 106.371810 112.656184 115.054262 113.230385 108.332804 106.174547 107.576111 110.221327 115.385407 121.615215 125.614849 122.654882 120.930024 122.712467 124.929144 152.161894 166.187451 167.363040 163.983927 164.411010 127.795896 121.828450 117.878171 113.297903 113.238285 118.336869 130.675268 126.317313 122.714351 119.457707 117.970881 115.369479 109.523687 105.333187 98.005167 92.480905 90.206588 89.314839 89.422845 87.739464 86.320926 86.995628 85.937233 85.498527 87.099427 89.645378 96.464470 94.765361 90.492689 86.815872 85.066899 83.794671 82.138631 82.225354 82.040858
100.146357 101.360998 105.548766 111.515290 120.386133 117.002226 112.171143 109.382313 110.793776 113.145508 115.785310 118.545831 126.525534 139.274094 129.793982 129.042559 133.056261 159.420354 147.083483 153.653324 144.077584 129.841498 125.411231 118.419633 113.434282 110.290594 110.235159 115.271206 123.247009 124.012457 119.707489 119.027989 119.052372 113.060756 107.288240 102.110626 95.668480 91.829134 88.506895 87.517100 87.275921 86.877602 84.637867 84.458756 84.252114 84.236403 85.879910 87.809250 93.738420 94.192961 94.095212 90.781003 86.529795 84.179071 82.128701 81.821216 81.473752
101.313130 105.408560 106.853724 111.912110 119.527867 124.121519 115.703743 113.882708 115.117683 116.545262 117.843662 119.442638 121.774778 130.167049 165.802181 169.567738 170.930783 167.869451 147.829748 129.123515 125.020024 122.456768 117.574376 115.523546 110.587391 107.781929 108.439158 114.328605 120.378165 125.155348 119.592042 115.186245 113.693709 111.828496 105.369702 98.596624 92.968404 88.791595 87.594309 85.506718 85.482922 85.131992 83.389035 82.264190 82.393366 82.464885 84.306884 86.505196 91.838121 91.700010 88.657403 90.199754 89.460702 85.436105 83.737902 82.251407 81.501874
102.617098 109.863441 111.854488 114.005488 121.440176 129.180567 119.812691 117.066766 118.990208 119.568552 121.072375 125.135355 125.386312 130.791317 171.631074 167.494702 135.918252 129.441151 125.635459 122.735056 119.315759 117.370619 111.930125 110.106948 107.722069 106.893955 108.968749 114.645829 119.660382 125.047830 118.330964 111.416808 109.501625 109.455839 105.562133 98.393269 92.663432 88.292833 86.197118 85.105548 85.394427 83.948937 82.668666 81.135065 81.026994 81.481755 83.706154 85.778698 88.861974 91.655543 88.051862 86.875172 88.040224 88.107243 85.348142 83.044964 81.109309
105.816261 112.195623 117.509898 118.352673 123.373280 133.108715 124.106555 123.887738 124.226689 125.526292 125.298122 130.018572 135.809888 151.997124 171.219636 145.206037 144.120270 128.517136 121.234266 118.689832 115.846642 113.277544 109.062833 107.141587 106.207969 106.242788 108.910030 114.652504 117.458079 122.421661 117.416058 111.505012 108.162337 105.043740 103.144827 98.094539 91.727001 87.751368 86.132895 85.698925 85.776986 83.657316 81.851873 81.198259 80.589948 80.788100 81.062146 83.011147 83.310921 87.923830 89.617930 86.870945 84.916027 85.415305 85.240455 82.667690 80.494782
107.933847 114.626237 120.012606 124.551275 127.005048 148.047407 129.583151 138.572851 138.512537 138.617520 131.312750 162.803562 164.339698 170.333694 165.265367 127.660891 123.545639 126.936178 124.899995 118.009413 115.664260 112.290272 108.134331 105.371254 103.696248 103.520706 107.213852 112.478687 116.403789 120.837236 118.945299 113.399708 108.031766 104.692969 101.145239 97.096040 91.498652 88.704206 87.779781 87.356234 87.971597 85.798511 83.040036 81.887757 80.580721 79.677413 79.821245 81.284891 82.480949 84.292302 86.343429 84.912077 84.933694 83.449124 82.990299 81.583082 80.653791
110.845341 115.162448 121.124247 131.441345 138.940231 165.884492 159.454854 168.066437 171.968600 171.529163 149.527309 168.945513 172.147642 146.377033 129.283267 122.152816 118.499610 118.102815 123.844158 119.996418 115.565970 110.897448 106.678994 104.495334 102.585935 102.170933 104.682761 111.005886 114.406771 117.541193 121.651091 113.845101 108.520032 105.462801 101.742374 97.878583 93.916495 92.119878 91.369199 90.462129 91.111944 88.813243 86.573523 83.091797 80.810443 79.235346 79.473843 79.331704 81.633083 81.493498 84.708145 83.827439 82.787735 83.290720 81.385741 80.117420 79.247265
