tests/3D/PSQL_test/output-maps-SE27XX/SWEDENSITYN0029.asc
ncols         295
nrows         180
xllcorner     627200.000000
yllcorner     5109000.000000
cellsize      200.000000
NODATA_value  -9999.0
[rows 0 to 24 of 180, columns 114 to 170 of 295]
-9999.0 -9999.0 -9999.0 -9999.0 -9999.0 -9999.0 -9999.0 -9999.0 -9999.0 -9999.0 -9999.0 -9999.0 -9999.0 -9999.0 -9999.0 -9999.0 -9999.0 -9999.0 -9999.0 -9999.0 -9999.0 -9999.0 -9999.0 -9999.0 -9999.0 -9999.0 -9999.0 -9999.0 -9999.0 -9999.0 -9999.0 -9999.0 -9999.0 -9999.0 -9999.0 -9999.0 -9999.0 -9999.0 -9999.0 -9999.0 -9999.0 -9999.0 -9999.0 -9999.0 -9999.0 -9999.0 -9999.0 -9999.0 -9999.0 -9999.0 -9999.0 -9999.0 -9999.0 -9999.0 -9999.0 -9999.0 -9999.0
89.140926 91.747732 90.755050 90.817116 92.959989 94.454646 94.580064 90.933020 90.512916 93.454510 96.663088 97.155577 100.091282 104.400526 109.606110 115.634827 122.991616 136.625136 153.301582 161.505811 166.202884 172.636771 178.291524 179.633733 187.879668 180.445490 178.448087 171.800836 164.600727 161.075148 162.657578 165.850538 178.307154 179.253396 181.219877 170.262592 149.479448 143.834255 135.004877 129.568333 126.203107 121.965228 119.301776 118.228818 114.385997 109.595281 108.526221 110.373380 113.744184 117.019231 120.411042 126.254552 127.128396 129.407886 128.638384 131.887820 131.879403
91.180576 90.108643 89.708244 87.764708 91.623879 90.214094 92.110704 90.361987 91.265714 92.333744 93.374256 95.709208 98.467301 105.602685 110.870540 118.291860 123.842757 130.258428 152.803252 164.034652 166.566469 170.831600 174.587208 176.762771 181.237819 192.696645 187.309287 176.824926 169.292622 164.010909 169.716668 171.846550 176.845492 186.291094 168.631551 162.504296 157.630892 143.827921 138.538440 131.431624 127.019714 124.417377 122.137424 118.245247 114.617617 111.998469 114.686878 115.352796 117.732486 121.150977 125.625142 127.959630 128.734574 130.943032 128.769392 130.209002 134.422960
92.236069 89.962075 88.202313 88.599457 91.376290 89.720593 88.302157 90.341985 92.884005 94.934735 95.500205 96.089692 100.535736 107.642916 112.235225 117.110089 124.546418 137.091177 154.987433 152.543782 154.027649 160.748429 168.300822 176.377884 178.432276 181.742016 194.306498 177.651068 175.793248 169.227103 171.040129 180.350446 189.437209 179.522317 161.960539 146.354829 141.104645 138.721293 132.092803 127.760641 125.868740 122.221625 118.510777 115.387755 112.689577 113.992413 117.316421 118.874464 122.484128 125.985910 128.241112 129.353337 130.300368 130.380651 130.860793 132.662346 137.264344
94.974378 93.336183 90.426644 89.987058 89.148537 88.557990 87.056511 91.761899 97.050266 101.281998 100.873399 99.846538 103.046374 107.520937 112.926986 117.455790 121.712732 123.791611 126.765614 124.665342 127.562182 146.282341 163.059627 166.254523 169.874387 174.691614 186.298168 186.428758 183.820515 176.406379 176.221040 184.668850 195.071021 172.931784 161.059550 146.633833 136.133109 131.867469 128.659263 122.491128 119.930877 117.742183 114.371032 112.688605 112.213063 116.246701 120.233981 123.911450 125.801956 128.067090 129.953064 130.696196 131.397088 131.258490 136.685435 136.394029 142.431743
100.632497 98.338535 95.349706 94.963918 91.672435 89.840664 89.233149 94.798832 101.698135 108.303398 108.780381 106.841391 110.183639 111.540819 110.446132 114.700473 114.431607 116.307775 117.366540 117.124788 120.692731 134.577231 160.146195 164.410119 168.985514 172.909185 177.162226 191.674113 195.381513 182.846381 180.757454 196.688152 192.345205 169.744710 158.918444 146.508269 132.484105 127.471965 124.007154 120.349315 116.314289 112.433233 110.083214 110.166024 111.472079 117.602288 122.243876 127.907975 128.890552 130.974213 132.498492 131.916148 132.522724 131.584371 135.091330 141.663901 143.054749
102.391483 103.995475 101.909093 99.704572 94.179536 91.828338 93.150299 100.486550 106.174076 111.353114 113.931862 112.964307 114.653506 116.019103 115.007486 114.767596 111.600016 112.125042 112.931442 118.280013 123.077271 133.180465 157.710695 165.131846 172.536095 176.362315 179.904092 186.270554 203.094872 185.792693 186.580038 200.802449 183.810434 170.501182 162.431504 149.694229 133.102566 126.033568 122.167686 117.749396 112.125761 108.311276 107.839336 110.023144 112.619536 118.357738 124.744682 128.991382 131.241004 132.086098 133.665897 135.015572 133.682759 132.000421 140.848502 144.168888 144.453753
108.614372 110.314998 107.181296 101.371865 97.608858 96.505871 97.742850 103.234621 108.241957 116.270043 120.751299 120.291096 120.398601 124.467543 120.052772 117.266281 113.614332 109.728979 113.164269 119.207278 124.888953 141.315434 158.929178 164.348668 172.087974 175.901418 181.215157 191.696656 203.025155 190.903914 200.885726 195.969843 177.359636 167.530442 157.764812 143.594115 132.510796 123.701250 120.517640 116.120369 110.261228 107.484708 107.452647 109.621913 116.173652 120.904652 127.776675 131.278097 132.581216 134.883649 136.955262 139.193146 135.518592 138.373548 147.355654 148.612342 151.141096
114.374152 113.886116 108.590157 103.378718 100.190016 99.790738 102.678886 108.348334 112.736597 119.306250 132.152644 135.261441 133.614727 132.870566 125.024446 118.268895 112.289820 110.118193 111.245883 117.332466 121.619341 137.978239 157.888057 163.597053 171.440467 175.168503 179.429459 188.037246 199.169363 203.379726 208.221500 193.028862 177.582789 163.488401 146.354121 139.592359 126.959955 122.126304 117.408150 112.234466 108.471048 109.931450 111.402793 111.506682 115.856288 121.671808 130.358564 134.212478 136.650972 137.341078 136.849695 141.218534 143.996362 147.610390 149.716928 153.169805 152.205598
119.222957 112.814954 108.311577 104.558821 103.012939 102.307418 106.135932 108.500056 112.735960 115.569965 123.829565 145.599880 158.703259 141.919610 126.506064 119.983949 117.100538 111.373708 111.731041 116.489255 121.352115 138.013430 157.889205 163.400525 171.480110 176.129775 179.908165 187.747649 198.180965 209.620630 205.910442 185.232837 175.219635 160.578430 137.372729 131.234252 124.017855 118.755933 113.430069 109.505402 108.338582 109.594385 115.589075 115.885019 119.800867 123.864791 132.331477 136.500661 142.580920 140.596577 139.120451 148.855708 152.217678 153.006043 154.031159 157.958086 158.297474
116.636605 111.444635 107.895421 105.604876 107.472898 106.399192 109.853049 115.834373 116.238237 117.002684 124.742324 145.309248 163.721708 153.087022 142.352170 129.299029 117.713921 114.416026 116.391499 117.981916 122.854164 139.281614 158.337820 162.675155 173.238487 178.386632 181.635885 189.281195 196.384600 216.485266 200.982124 184.227507 173.680767 157.019035 134.782732 126.983618 120.414276 113.645943 109.484604 107.534972 109.082639 113.196165 118.183652 126.194798 129.321482 129.427200 137.724540 144.980123 146.667676 145.126869 143.127678 147.493054 157.674637 158.368541 161.247536 162.297075 159.465269
116.209219 112.870720 109.277659 109.214252 112.377051 112.296026 112.731165 118.066892 125.257746 124.281036 130.757079 150.482522 164.537316 167.982919 162.588391 137.757863 122.982197 122.908699 124.022826 124.689366 131.387519 143.911597 162.490512 165.788866 178.778182 182.858614 186.646802 194.261002 204.130876 216.106584 201.087056 182.552530 171.977766 157.313687 133.488806 124.740052 117.226475 111.070880 107.191784 106.381731 109.383901 115.252302 120.585155 120.889188 126.349799 139.402044 144.269036 147.313823 152.012829 146.908455 149.243452 157.944757 163.379779 163.508858 164.479054 167.548308 167.026370
122.589191 116.159338 112.680808 114.671255 117.916567 119.768377 117.931082 122.916496 142.266527 149.105660 157.142952 151.127686 164.205309 182.496126 168.771513 157.185269 139.238875 144.350028 141.587331 138.779741 155.415706 162.023133 162.686167 171.577434 185.329132 190.749337 192.608556 197.521419 214.773256 219.095042 200.781133 182.206763 172.364728 157.183968 132.230313 123.321045 114.976241 109.456396 106.940783 108.007309 112.535611 116.172907 117.997535 121.066759 127.534227 137.703675 147.015822 153.926302 155.296068 153.443976 159.272529 163.664182 166.534506 166.274046 165.724914 171.268761 171.432970
131.985883 121.025684 118.465220 122.381892 125.067288 139.836882 128.928449 131.519158 138.884113 162.068191 165.335669 163.778090 170.383181 185.771234 179.999036 163.999551 164.230488 168.569522 163.541303 160.297267 167.746178 174.374803 163.679305 172.293788 184.982551 194.470246 197.069267 202.237885 214.379673 220.180446 195.805045 182.184197 173.107163 152.616504 128.823597 121.927966 114.718598 108.950559 108.404752 109.560234 111.946712 114.675561 118.775415 123.785182 134.493335 145.055033 150.598038 156.310602 163.198187 163.172649 164.564502 166.552793 168.904017 168.508256 168.042552 173.654889 176.685041
156.599441 138.148517 132.655612 155.628111 150.425536 159.557869 158.364873 159.423741 159.818423 160.634840 167.144929 179.872421 182.704714 186.537748 193.152166 185.277726 187.042390 188.571790 182.582912 175.167439 177.258442 178.359061 166.377195 172.818700 183.714632 195.949010 198.969412 206.040800 216.449602 220.211050 196.011437 180.904363 169.062605 141.391931 123.837437 118.957038 114.618641 112.736124 111.894048 108.277288 112.242899 115.703727 119.533908 126.428024 139.183018 147.664823 156.243429 162.100798 163.684054 167.735743 165.989404 171.982577 171.063458 172.374084 176.059086 178.474412 173.194175
164.503034 159.151961 158.016230 162.553170 163.240029 165.648049 169.757987 169.424253 171.487270 167.953732 181.896793 190.177831 196.966794 195.323966 204.060863 203.512612 207.134826 204.541424 198.838209 189.142465 192.525926 183.074607 172.588094 175.874143 183.584883 192.879241 197.182031 201.021551 216.249532 220.997269 195.637360 180.512183 165.840664 131.324178 122.730897 120.037323 118.203163 115.424026 112.063163 110.064690 112.191021 115.434184 121.929371 133.616400 146.211216 150.963436 159.564118 164.424177 166.925254 167.319488 169.095445 171.470022 174.573148 177.182614 179.478668 172.038504 157.421388
182.604032 182.553523 177.982945 177.983199 179.641868 180.996021 180.765738 184.480928 184.039929 190.545616 192.994087 198.211883 199.345727 207.095946 210.239693 204.233533 212.927751 218.301397 218.991000 209.679486 198.616029 187.964701 184.959075 186.455860 186.578173 194.406148 196.591721 211.970705 221.711656 221.629513 197.669937 180.266280 162.577788 131.252785 124.374744 121.854855 122.918354 117.080900 113.695212 111.650640 114.748305 119.989600 127.512208 142.134282 150.000905 155.538316 163.929372 167.408850 170.258352 171.065379 174.545354 173.412577 181.953393 181.595866 172.506371 163.602152 151.438000
183.373740 184.996724 188.009914 190.749739 188.258179 188.880351 187.535896 190.316556 193.155703 197.258802 198.593835 194.946129 191.380273 179.856251 179.805075 181.293471 189.983651 201.277913 220.787555 218.551430 207.905319 194.420554 195.490571 195.743157 194.180779 193.200508 196.006894 203.317209 219.678268 224.216460 198.525518 181.689560 162.757774 136.739145 131.304279 127.116105 128.054815 119.750541 115.387328 114.625642 118.126857 124.993686 135.929983 149.211330 153.121559 159.535703 165.558415 167.615150 171.172121 173.223104 173.662992 174.762660 183.061804 169.544882 165.279669 165.117131 148.867129
178.486524 179.142678 183.493118 185.359097 192.360176 192.857670 194.624962 193.912094 184.489596 178.450466 181.973772 177.908233 175.011121 162.525002 150.756163 160.291357 163.504092 184.052185 205.037827 124.249074 223.228325 202.620429 200.442207 199.496076 198.526174 195.288309 197.406755 201.762076 221.068089 225.783810 200.825762 183.450581 168.052624 152.952127 145.542837 142.980541 129.800036 119.004385 117.916462 117.232461 121.461626 128.283068 143.356246 153.821041 159.586493 166.003859 169.130848 170.431606 172.605271 175.211198 182.740027 185.455389 175.963386 163.370511 165.323476 158.390311 143.648780
162.204325 165.109608 170.944169 173.659085 177.539801 181.425327 173.936715 176.060770 162.523996 159.268370 162.512863 162.276047 155.487848 141.027959 125.305056 124.953375 150.691400 173.436565 199.183868 223.844650 115.675880 219.526387 205.126313 203.386493 203.570200 202.505997 199.646927 200.544312 225.609298 217.421365 207.802839 190.406661 173.888012 165.458906 164.854383 153.854880 128.257945 121.760011 120.037078 120.579215 127.806419 135.925186 152.434884 160.142294 162.415561 169.838758 172.116251 172.396829 173.173549 177.907366 174.567327 177.502711 174.027733 169.152803 161.253081 150.675963 137.510951
151.798256 145.810949 161.045631 160.777535 164.735507 162.905975 156.350108 158.162596 153.980971 127.951367 145.932008 137.585942 128.430242 122.837994 122.104155 125.409547 158.326036 175.025195 198.526186 208.443616 224.911179 127.923479 213.354918 208.952538 206.685748 203.729645 201.070129 200.954175 218.856902 226.826592 211.623613 197.064706 181.255581 171.601538 171.001534 153.753131 139.953976 127.605771 121.780242 126.815007 136.013883 151.231053 159.637008 163.554636 168.940638 173.015714 173.436826 174.215993 189.021267 175.019661 175.530086 173.942495 172.165608 163.910655 155.734141 145.276316 138.244045
125.515478 134.422237 143.148082 142.843476 158.849380 150.232610 136.528964 131.150578 129.597635 123.999344 129.648681 130.926282 126.898004 125.793784 127.206547 144.099627 163.701519 182.800118 198.639927 210.549698 219.846732 92.993472 225.824649 224.124536 209.882131 204.689934 202.173467 201.406356 204.510798 224.746478 224.661187 206.216985 193.035779 179.160358 171.960072 164.712787 155.342378 133.247523 127.686627 136.294573 148.449077 162.914454 164.626824 166.511899 172.103235 173.822460 175.198554 183.373003 188.330598 180.978152 174.732624 174.245380 171.596976 161.369270 151.453595 141.856558 137.892555
116.757532 122.097872 122.037453 123.393879 129.753238 126.537273 123.764880 120.115035 119.746141 125.695077 144.862189 158.542310 151.645134 153.207483 160.253550 164.321035 177.451738 188.966117 202.831524 212.556710 223.221026 226.300334 -nan 225.959359 215.077011 213.408324 204.402661 201.239888 199.799605 212.353761 223.814859 224.335151 207.214867 189.961766 179.056741 173.138425 165.165750 135.309291 135.800118 155.096664 165.001638 169.191577 165.816901 169.991361 174.198523 174.169878 173.944525 175.539665 184.047594 184.531090 175.113647 174.852791 170.309669 159.019980 148.711964 141.556377 138.322012
113.951222 115.857849 116.123426 119.468585 120.092701 118.927288 119.184771 117.802928 118.512366 121.725296 125.375022 145.964372 167.555024 170.709669 165.708849 183.905580 191.324306 200.470527 208.299352 213.203420 214.299018 220.617624 130.271244 -nan 225.420623 224.656797 208.659900 204.702175 198.976072 198.849582 213.485935 151.534639 217.703214 206.758167 191.428825 179.853918 168.553983 147.175583 155.813320 168.786013 172.874757 169.966204 169.253455 172.924246 174.873738 174.249477 173.776574 173.970342 187.221241 184.452916 177.480936 174.803568 168.102159 156.509633 149.862184 154.725270 139.736771
112.478855 112.178888 112.584706 115.403977 116.169376 118.681893 123.773520 121.600105 124.349018 122.909365 124.495645 134.182417 159.667206 182.607124 187.601580 190.521043 200.709808 206.721134 212.395711 220.675003 222.981611 221.071752 221.281637 225.046846 -nan 226.601847 215.676582 209.884984 203.467928 198.847308 209.033557 218.737503 228.386466 218.186614 194.536612 182.661799 171.878991 165.239684 169.425377 172.146416 173.655475 171.073804 172.075080 173.639900 175.161091 174.562680 173.649769 172.986471 183.369467 189.738304 180.309310 174.856710 170.784492 164.231211 161.284362 145.772684 137.446737
