tests/3D/PSQL_test/output-maps-SE27XX/SWEDENSITYN0007.asc
ncols         295
nrows         180
xllcorner     627200.000000
yllcorner     5109000.000000
cellsize      200.000000
NODATA_value  -9999.0
[rows 78 to 103 of 180, columns 116 to 173 of 295]
72.458140 85.342120 95.251940 94.520003 98.228899 103.992213 112.448297 132.148293 154.163612 165.957779 163.913859 140.270744 114.857914 106.857854 101.460597 96.187578 90.162515 83.498972 83.555812 87.570166 93.177406 99.008402 113.950312 124.232910 140.699256 162.120274 167.285937 174.873333 183.803773 185.816926 187.527850 190.485084 191.052193 188.242359 186.678479 189.950555 185.954891 197.332242 206.497195 202.134257 194.662369 194.016137 197.541426 193.007077 190.493902 186.980015 185.641788 182.437840 176.046979 178.225219 167.497884 144.315261 132.076948 130.436723 124.357152 122.755723 122.242527 121.213468
80.311523 88.032759 96.853358 103.452904 106.861371 109.273864 120.579133 160.048119 168.632638 163.980069 139.534547 117.840572 109.550162 100.821358 95.322886 90.085039 83.715769 81.737982 83.381901 87.687443 93.227199 98.450351 104.368133 120.678171 137.994259 163.440155 166.431051 174.063340 180.698354 183.648934 187.360631 189.993752 191.880363 184.599598 183.940744 183.551111 179.486249 179.812511 191.609654 193.215950 193.877950 205.733101 206.730130 194.216070 190.168290 187.385099 185.803343 183.488954 182.817403 176.717370 166.023159 156.953469 148.551274 131.388733 124.757388 124.474595 125.482569 123.705451
95.463607 97.986135 100.275457 104.430275 117.151937 126.080816 145.952867 158.297518 170.879363 124.816465 113.643515 105.807822 98.461585 94.960628 89.079541 83.054713 79.908428 80.657787 82.954556 87.585157 94.317297 98.503618 103.832973 109.032339 119.700167 157.037688 168.834312 176.131020 180.284405 182.010283 186.545343 189.803312 192.198772 185.640069 183.736219 178.941629 174.453232 176.148680 189.789431 194.972605 197.276134 213.609317 211.654566 195.787044 189.609797 188.030112 186.441711 191.536248 181.012559 179.107326 174.045439 164.515463 148.290643 129.944183 125.350246 127.458830 128.509693 126.504810
96.089998 98.857449 102.746252 112.790033 119.836352 122.376542 134.260818 161.072520 167.980526 120.361157 105.728050 100.439591 96.032349 87.641999 82.369752 79.580063 78.859788 80.072432 82.559805 87.729297 94.043893 97.892819 103.347445 108.182323 110.205812 142.691248 166.346724 175.817404 180.151583 180.906363 184.134876 189.100613 191.182994 187.567969 183.079275 174.406490 170.998260 174.716475 187.067100 195.402677 198.793333 212.909395 212.737056 198.904293 190.030797 188.195802 187.196315 194.097703 185.167450 179.633011 177.269890 165.860289 153.064210 130.027298 126.416437 130.240974 133.847937 141.749798
94.690087 98.933803 106.097996 110.433728 111.480399 107.228555 116.909271 155.587343 166.421753 143.422442 99.987104 93.308489 90.954461 84.378731 79.201019 78.117845 78.608640 79.690224 82.092640 86.952265 94.345355 98.488830 102.662694 104.711208 107.470704 129.951892 164.650066 173.790803 179.106420 180.288958 181.780685 186.252049 190.464600 188.899882 184.347703 175.318239 170.281220 173.299663 187.154722 197.094900 201.071922 204.035741 213.639472 193.308886 190.438683 189.354490 189.242572 192.470225 183.922645 181.915451 174.793894 169.085615 154.792673 132.424591 128.132246 133.458950 168.962436 130.146148
91.888722 96.168821 102.728962 101.459530 101.643510 102.176956 114.647718 145.317788 164.978362 154.336226 96.753697 87.373836 85.526104 83.410396 79.816972 78.865812 78.861369 79.419642 82.359533 88.043668 93.311288 97.309097 101.730351 101.021332 102.391018 125.750715 162.311925 170.773536 178.318632 180.872895 180.682368 184.349321 189.501069 188.447698 183.657644 178.632242 173.955205 173.933687 188.399788 198.953672 203.145204 212.912046 204.787556 192.858931 190.859685 189.810491 200.602488 184.389300 181.618107 179.487560 172.220317 169.701717 154.895035 136.623376 130.499355 163.864774 147.212346 123.437165
89.418288 94.143710 97.970613 100.232829 100.329058 102.376025 116.411292 147.894391 162.947124 155.093969 108.230414 84.914442 83.001445 81.122941 78.740789 78.704071 78.933633 80.569789 82.850119 88.913336 94.200306 97.463932 100.023542 99.575874 102.458592 123.250308 160.914629 168.500109 176.894237 180.766364 181.501335 185.173406 188.037357 187.757202 184.189944 181.395878 178.522107 176.478766 188.661657 200.327286 203.754349 183.088149 199.455132 193.728625 191.792091 191.688310 199.649804 184.336992 182.406301 180.042724 175.216125 171.237444 157.473719 141.136546 138.724136 170.297443 138.601225 125.123886
89.339421 94.519679 98.028888 100.680952 100.373911 109.661531 120.858001 159.331163 160.618896 131.072965 103.391337 83.812609 79.985131 78.417760 78.219545 78.781528 79.177505 82.283392 84.747704 89.965262 92.413992 95.426605 98.844457 97.646405 100.281942 120.185701 157.633592 165.747179 173.945965 177.229579 180.921318 185.032689 186.485866 185.721566 183.060769 183.569626 184.101992 182.828025 194.022594 202.901159 203.857249 180.962158 203.001487 193.212499 192.236826 196.013191 194.878769 186.816326 183.868703 180.591467 178.732787 172.475607 157.157379 166.069118 178.007438 149.735245 125.421399 120.622054
90.024651 96.046412 100.352148 102.274890 106.204481 116.694933 153.693971 160.393964 139.589109 114.341001 98.289711 86.289348 78.214887 77.058039 77.344654 78.403597 78.557880 80.906641 84.212694 89.261417 92.015574 94.637652 97.547088 95.930481 97.708698 117.701754 150.730287 165.315954 170.113887 174.530389 180.357463 181.520863 186.098083 185.320422 183.383364 184.874401 189.723879 192.842399 198.989486 205.602427 212.028549 198.294241 203.245024 193.154199 192.964482 203.166345 198.420296 186.221173 185.470340 180.785346 178.657431 174.419275 167.588400 175.623967 137.650509 127.413002 123.066555 117.197951
93.398972 102.261018 109.596722 110.650940 119.281858 142.872974 154.893626 153.604444 120.146661 105.939610 94.302016 80.766216 76.009350 75.594887 76.722303 77.992461 79.420339 81.545757 85.307075 89.394727 92.200387 94.273903 96.586974 97.448755 99.030062 117.688696 151.478395 165.204068 167.266279 172.943593 176.621923 178.892208 185.243384 185.669235 185.413432 187.551494 195.388953 196.512011 202.544423 204.162344 190.934993 214.551973 204.039123 193.525264 193.097852 208.571070 199.778454 199.607028 199.449711 190.339185 179.820061 177.176818 177.415383 164.523090 133.328130 125.016241 121.267625 115.585675
93.143460 103.754504 117.754564 121.164667 126.151806 142.947027 145.983894 128.346340 110.807861 97.662799 86.473971 76.116263 73.938929 74.845359 76.588512 77.545011 80.185415 83.579544 86.653219 90.129335 92.711115 94.586985 96.189531 96.373854 99.296624 118.388842 148.541559 165.206695 168.386200 172.233795 174.136837 177.685655 186.140464 186.533471 188.126035 191.975438 196.769307 215.450592 205.769008 212.547322 185.172593 212.052780 209.737047 195.932444 195.616773 209.289706 207.776492 199.121587 185.366747 182.156670 177.338128 170.814293 169.762837 165.619832 139.547916 124.712451 119.625030 114.269974
95.622692 104.632597 118.173535 128.511159 130.434637 127.830716 130.590064 117.122875 103.987367 90.228550 78.300574 72.244372 72.413061 73.726083 76.439810 77.725782 80.950771 84.871169 87.903686 89.952668 93.501659 95.016930 96.032952 96.515026 98.039342 115.104120 143.277034 165.652805 167.949961 171.542080 173.200070 173.485538 181.274947 188.313432 190.563339 194.543062 200.072631 211.562326 199.321829 197.130268 188.450835 191.722840 211.727407 203.518229 197.216340 211.814088 194.362841 185.173079 181.255001 177.675831 174.350675 171.761575 170.168459 166.214939 150.708786 128.337696 117.250793 113.078956
96.383594 107.389590 124.599894 129.038886 123.315739 121.754768 117.944280 108.982608 97.059503 82.616332 71.333191 71.473936 71.989560 73.465340 76.207819 78.321938 81.593079 85.497731 88.303022 91.420529 93.694197 95.216794 95.876924 96.476909 97.982658 110.703529 137.000847 163.368010 167.330520 170.260425 172.091251 169.534615 180.738453 186.833587 191.502670 200.062940 201.524583 205.811944 213.739937 211.171984 193.490699 189.469723 192.424626 212.397582 195.174271 203.779074 197.964802 184.366769 180.126724 179.442063 173.741017 170.922051 168.245916 164.213887 147.099773 133.512746 119.147957 112.865030
94.900007 113.748627 125.915970 120.985773 116.645450 112.315218 110.156275 101.121781 84.851895 73.265912 69.813282 71.028569 73.055829 75.083562 76.986210 79.429865 82.853402 87.990404 90.102781 93.006032 94.918128 95.767351 95.957973 96.311552 97.975407 106.217236 132.086445 164.803626 167.300642 169.617947 170.210571 170.685337 181.112891 186.492225 192.470164 202.633953 206.319055 205.483264 203.655278 212.533950 212.535700 190.727590 189.699168 212.738823 202.467646 210.894715 191.124003 183.843012 184.124687 177.616136 170.982487 169.188917 162.454458 152.242124 153.927533 130.117838 122.217463 116.469385
103.801092 116.460904 120.846158 116.824439 113.140056 110.721757 104.072560 95.090312 78.785657 71.762704 71.844756 73.923619 75.117646 75.425773 77.018749 80.186904 85.031941 89.152581 92.019138 94.963421 96.166341 97.532620 95.326217 96.120054 100.121041 108.095621 135.393486 163.886344 166.131691 168.792690 169.378987 171.457310 182.200824 186.388283 193.632713 201.001693 207.013684 206.538455 205.410024 214.765866 212.436863 188.833354 187.824522 212.168543 210.182286 201.222370 191.412693 192.456098 182.808650 178.007271 170.447953 167.106715 161.657034 146.780555 144.454705 133.752538 128.427775 126.401416
108.434821 118.240255 119.759618 115.821362 113.807676 110.001493 103.295410 91.540292 77.006474 73.428545 74.164000 75.215736 76.129547 76.978875 79.014187 82.202074 85.578851 90.268644 93.146827 96.186543 100.065073 101.594141 97.011953 98.756961 106.359300 112.951590 139.072820 160.877809 165.333318 167.985889 169.541085 169.989319 180.497639 187.060385 194.579257 200.412094 212.029899 206.004481 210.592054 212.398941 212.197793 196.783088 185.276668 194.253955 211.029836 209.689394 197.578167 186.242590 181.520699 176.599120 168.589350 166.091368 165.586635 148.327891 138.593638 134.849874 132.251812 127.044758
110.755933 115.678716 119.010861 117.158174 112.074208 105.992120 101.112064 87.615797 74.990928 75.533710 76.480107 77.912959 78.952774 80.556269 82.538916 84.323206 87.915105 93.979896 97.106226 94.888931 101.634937 105.950946 103.737236 103.398796 112.388105 114.538791 131.280902 163.489153 165.339357 167.976514 170.108020 171.150633 180.205762 186.951800 191.817231 200.571759 213.481802 205.434041 210.824492 212.562476 197.253492 196.612726 191.732956 189.211690 210.929403 201.691020 188.742827 182.063929 179.627649 172.800115 167.372112 169.088549 170.611035 151.039211 143.958547 140.823055 131.782020 132.737732
105.981496 109.356096 117.742020 114.464832 106.981418 98.800094 93.909132 80.394638 75.304886 76.812881 78.792467 81.055934 82.223260 83.734706 86.080773 88.108177 89.034488 91.289817 94.430264 100.398858 102.324268 106.628485 114.566004 111.944843 115.091379 118.607474 131.350023 161.237521 165.555088 169.545117 172.129809 172.942081 180.355956 187.490006 192.215891 201.435592 213.655690 212.213647 210.645263 212.465352 196.124573 195.244037 194.339731 192.687626 202.592482 198.030127 189.547374 183.756431 178.022294 170.890486 169.860087 172.684052 172.053728 166.327195 156.660340 159.540579 151.684395 152.508186
108.786734 107.734594 114.431767 107.103445 96.641034 93.800659 89.913043 78.006531 76.450324 77.484960 78.842616 81.693837 83.720429 84.185148 84.827688 85.073576 86.710652 90.010477 93.498746 98.421065 101.580346 105.265039 109.600472 121.885428 120.609475 126.068397 152.687780 161.979833 166.122151 170.338446 173.150037 177.191627 181.909173 187.404481 192.392032 196.925356 206.203030 193.209810 197.882221 192.941098 193.506527 194.068383 192.190283 210.206659 208.354292 194.854795 187.903050 181.856625 175.862118 171.150886 171.658794 178.073028 174.794248 172.468989 169.713598 153.238630 148.104351 133.882900
110.200144 110.587536 112.620782 105.282227 93.094720 90.384783 87.645647 75.863335 75.597865 77.310165 79.103915 82.527320 83.227221 84.419208 85.457580 86.253023 86.503218 89.259577 93.519470 97.793828 102.431523 105.769949 114.749607 125.071588 151.798185 164.658822 166.925576 168.002857 167.553152 172.639688 174.632106 175.428676 182.792139 188.604082 192.870438 206.341714 213.460635 212.973819 211.638035 211.990177 187.448999 192.341767 189.524950 210.115921 198.656808 193.181464 186.454045 180.614242 177.229160 177.774670 178.651172 179.210565 177.546575 176.099380 162.519437 136.931001 136.436566 130.821202
107.263984 106.094046 105.796785 102.491681 92.381120 85.585246 82.835215 75.261550 75.576910 76.765971 79.489239 81.765877 83.573324 84.666331 86.651595 89.287533 88.739384 90.570436 95.604367 100.336553 105.354146 108.149911 118.510163 122.599818 147.901901 155.243534 165.967471 176.112460 187.376612 183.488166 181.019524 184.182344 185.923273 189.619781 192.781139 195.941232 204.563594 204.277723 205.909701 211.889341 193.959974 182.532024 183.470081 212.423246 201.702655 192.369130 188.594711 182.304440 181.520199 183.280221 193.312539 182.425080 175.219950 166.207285 143.317022 132.300964 126.291608 121.288377
108.777927 105.267124 105.814013 99.086887 89.448857 82.906714 79.897796 75.304182 75.461628 76.652900 78.508655 81.093441 82.962928 85.979552 89.187722 94.306863 95.488032 95.382460 100.443240 105.345313 111.786904 118.863170 129.632046 152.717790 159.649602 155.520427 153.597252 165.749262 172.534002 189.637433 196.237727 194.653970 194.943180 196.685167 204.774433 204.729066 211.684659 202.470671 203.909247 212.040814 187.019412 184.113712 190.332177 209.880450 201.185602 192.596887 189.086258 184.511356 187.531885 193.577881 187.548236 177.457549 171.021725 153.142126 134.974891 128.741275 120.290290 115.834111
109.133598 108.630841 103.639825 96.205732 88.078162 79.596316 75.301595 75.627757 75.605207 76.267345 77.846829 81.407622 83.516901 87.089612 93.866954 98.871835 101.949787 103.411792 106.860762 109.175712 106.709034 115.494437 125.956702 152.489201 164.950441 171.633973 174.227161 182.364616 182.996384 178.967471 181.843070 193.413464 199.657710 200.267508 194.890389 203.121290 199.625749 200.905351 204.564521 214.047670 192.490257 183.488812 185.897481 211.550942 200.462323 192.437679 188.238708 189.336649 199.639879 193.248783 180.557801 172.193914 161.617777 139.747805 128.491961 121.054282 113.904613 110.593683
103.623757 101.408181 96.247960 92.665886 86.603738 77.175980 73.855679 75.073695 75.726610 76.442375 79.465280 84.068715 87.702295 90.708486 92.771333 92.806970 95.163351 101.320730 100.798131 102.818946 107.163468 112.559751 120.214963 128.853678 158.651125 167.381286 176.562240 182.975131 194.894294 195.582833 191.062042 189.935597 190.461102 190.220435 194.832914 194.985817 197.685464 201.094593 208.921587 214.083442 196.115987 186.874923 186.340178 209.676321 201.703203 196.266296 189.862654 199.134386 197.274905 187.640886 176.764454 168.411988 143.560401 129.934634 123.585304 114.765308 108.986870 105.560265
100.318639 98.978090 92.306059 87.495379 81.907545 73.746453 73.277579 74.601716 76.843457 78.574001 81.430481 82.993369 85.537926 87.293715 86.842096 88.020752 91.159418 95.923838 102.503954 107.368701 117.231145 123.990007 128.160394 125.913565 141.231915 165.282957 172.144388 178.133728 193.909766 200.102633 202.515353 195.265965 193.637644 193.839801 195.055800 195.412526 199.074166 204.606133 212.776957 213.728324 196.261709 187.189688 186.665816 209.510855 201.414503 195.734387 195.117726 205.555798 194.115578 181.573309 171.991164 156.605104 128.797793 119.799020 116.007173 109.772086 104.737671 102.533290
97.276175 93.938623 89.400826 84.508418 78.187806 72.383465 72.698558 74.082846 77.544741 79.132594 79.261704 80.469827 81.463288 83.294466 84.293570 88.523642 98.054599 104.744214 111.432548 117.505854 135.431694 156.943577 160.141103 152.221643 136.540786 160.642700 169.360346 179.124513 185.635439 194.169300 203.923107 208.014944 202.002028 195.964143 202.829290 197.296689 199.977221 203.294794 212.174239 211.847107 194.244285 179.908788 185.207007 209.544389 201.267528 198.696287 209.822157 196.348724 188.903328 174.029261 165.568447 139.857783 121.717061 112.148196 107.780806 104.720243 101.456795 98.969960
