tests/3D/PSQL_test/output-maps-SE27XX/SWEDENSITYN0017.asc
ncols         295
nrows         180
xllcorner     627200.000000
yllcorner     5109000.000000
cellsize      200.000000
NODATA_value  -9999.0
[rows 52 to 77 of 180, columns 232 to 289 of 295]
178.377444 177.062047 177.184093 176.522994 175.808818 173.884086 172.216530 171.171269 169.261340 167.862880 165.847747 164.207737 163.364117 161.232310 127.658748 145.386881 128.992393 125.726060 124.464082 112.374040 106.046819 105.364315 105.256367 106.005851 105.220175 103.479963 101.640706 99.936344 98.381738 96.668498 97.185781 97.656331 94.504253 98.884120 100.661165 95.357693 98.119478 97.290632 98.459466 101.953001 107.372505 103.263617 98.908857 94.711439 88.141754 86.348962 86.423159 90.328906 95.857157 95.136520 91.095080 86.953181 86.487942 83.404102 86.321551 88.704005 83.496377 79.456289
179.161876 178.025141 176.523411 176.164444 176.581717 174.189467 172.991925 172.279795 169.977263 168.749170 167.086644 164.708558 147.245317 125.003744 126.894483 128.985390 127.395286 125.581809 120.983324 108.618444 107.886492 107.671356 106.757887 104.367865 101.738451 99.434163 96.637167 96.319392 96.388135 92.692823 91.286866 91.827138 91.103988 94.165382 96.079345 91.956764 94.592015 93.362995 96.928334 100.779207 103.582791 106.656050 103.612654 99.888701 93.775676 87.329415 86.970532 87.270936 91.168350 96.681361 93.885442 93.094884 93.355669 91.471299 91.627326 91.218923 88.117238 85.228769
180.251831 178.912543 177.404765 177.344680 176.706326 175.789039 174.125204 172.779795 171.703810 169.853399 168.225114 152.482053 124.956018 126.081508 130.221512 123.320338 123.849137 124.211377 117.584063 109.942876 109.287433 107.822692 104.557490 102.292658 99.426933 97.097432 94.085398 92.594368 91.749911 90.420875 88.257850 87.355144 86.878701 88.681417 92.241581 90.075108 93.139089 91.802924 94.890124 99.757229 102.758325 105.596080 106.693244 104.759965 99.629537 94.368038 92.076015 91.641384 94.129761 97.684466 96.626424 95.251376 92.316055 92.605845 93.165023 91.229568 89.843808 89.345993
181.059263 179.721107 178.592930 177.286994 177.215620 176.584534 175.692598 174.082405 172.485880 171.192783 168.815618 158.772331 142.150596 133.659944 127.290064 121.561968 123.129977 122.716551 116.815873 111.183516 109.679469 105.246082 102.693521 99.765549 96.804314 92.778537 89.821042 86.841913 86.034766 85.150526 84.546919 83.039758 78.007811 82.608077 86.220041 87.171071 89.777881 90.594242 92.645471 98.323965 101.465877 103.316770 103.597512 103.626296 105.439394 101.099289 99.569533 100.424217 99.180124 92.648528 91.117129 90.188515 88.224665 89.011184 88.397606 87.149674 85.685702 86.245184
182.188365 181.047174 179.722452 178.234426 176.960780 177.079749 176.479411 175.414822 173.894189 172.886475 166.618515 157.115694 149.333387 133.171707 126.991635 121.616195 121.872324 120.845359 118.158124 113.421997 109.323999 104.697574 102.411962 98.778161 93.190063 90.777255 85.907421 81.603576 80.639611 79.865936 78.382412 76.682101 74.687436 75.485705 78.285886 82.696053 87.521051 90.375110 93.616629 97.318042 100.690227 101.102137 101.948985 104.226241 104.537952 105.444421 103.678479 101.484917 100.498921 94.886748 87.523534 86.648648 85.003689 84.688050 84.843966 83.141244 81.780363 82.345955
183.894073 182.314099 180.787400 179.501017 178.429874 177.192250 176.976815 176.656985 175.689188 173.836592 170.948358 160.324311 146.066669 134.519837 129.292808 122.755595 122.702399 120.800965 118.781648 114.752742 111.643217 108.698216 104.770713 99.192530 94.595524 90.880888 86.346738 81.496523 80.932827 80.123335 78.055339 77.240920 76.447434 75.868720 77.597658 81.877165 86.789927 90.536821 94.632500 98.340112 100.242719 101.550660 100.067284 101.159697 103.424851 104.932477 105.420177 102.960523 101.559807 99.165367 92.242645 87.948644 83.868710 82.184086 82.117976 81.138497 79.982626 80.581113
185.408614 183.951907 182.405138 181.320192 179.864523 178.459289 177.099617 177.149362 176.725211 176.115873 174.309532 161.823700 151.988159 134.414035 130.035702 126.767107 124.424786 122.096035 119.052060 113.137142 108.188950 108.194935 104.419434 102.029386 97.027747 92.210646 86.241959 81.403068 81.063551 79.805615 77.762093 77.690907 77.693368 77.224794 77.365140 81.562238 87.099250 90.777756 93.927613 98.125209 99.594817 100.267073 98.384039 97.052414 98.654734 98.941824 104.088499 105.661048 102.190526 101.082854 93.993011 87.802054 83.148027 79.988772 80.039869 78.869910 77.574163 77.525392
187.000178 185.633412 183.985263 182.704242 181.463906 180.069891 178.733109 177.084604 176.830714 176.727490 175.930084 164.748196 159.566946 151.655864 133.992765 127.326338 125.491491 122.868104 115.875321 110.128863 105.467810 102.319073 99.996296 95.937750 93.467695 89.631705 82.382736 80.502422 80.382308 78.601738 78.020318 77.980703 79.027380 79.404340 80.220504 83.404647 86.963298 89.892557 94.723486 96.684800 98.029197 99.029014 96.570816 93.473011 92.474443 94.011039 98.090943 106.009099 105.830151 104.678446 97.456252 91.617472 87.882661 83.453397 79.919822 79.689569 77.024649 75.158025
188.909202 187.398439 186.083991 184.560631 183.032077 181.450480 180.741641 179.099491 178.103910 176.984891 176.322614 170.123722 163.238697 158.499874 137.795051 128.767542 125.992784 121.677162 115.033077 108.970277 104.210502 99.499165 96.429515 92.496594 88.164659 86.878844 81.576169 80.234062 79.496310 79.275810 79.057751 79.189800 80.177061 81.134342 81.808923 86.880780 90.111652 92.929434 95.604837 94.850535 94.990252 96.660754 96.300337 91.473880 88.610395 93.307426 98.387686 104.050135 107.179263 106.722744 102.254200 98.592953 94.116160 87.787551 81.384823 83.866956 78.957326 75.517858
190.678310 188.976378 188.041468 186.552157 185.103646 183.942839 182.136746 181.124880 180.175320 179.103972 177.302282 173.059326 167.540223 156.150564 139.239216 131.541574 126.841745 117.383866 110.800087 109.828683 103.770586 96.335112 91.955873 86.136175 83.998806 82.412798 80.573110 79.639068 80.019835 80.445638 80.772951 81.365380 82.353842 83.117357 86.526068 91.183735 93.073646 94.029281 92.583354 92.890095 90.865925 94.164899 95.133023 91.072004 88.389216 93.494167 97.609683 101.026162 107.346615 108.219401 106.532706 103.957781 99.980588 94.728557 90.993256 87.867053 82.953658 81.132741
192.268772 190.911140 189.294838 188.654567 187.318745 185.721754 184.210748 182.735021 181.441816 180.245514 178.206639 176.575602 167.781845 156.087791 145.572673 131.797809 123.365902 115.464462 110.657514 105.650349 99.693982 96.004914 90.407894 87.036490 84.225535 83.251081 81.882058 81.302039 81.627808 82.404418 83.047117 83.975256 85.935228 88.729836 93.108973 95.584419 95.853633 95.180060 94.587152 93.633633 93.637837 95.115703 94.750539 91.529567 90.895380 94.347057 97.124321 100.575096 102.362048 108.466465 108.876877 107.115756 104.421148 100.962691 95.593014 91.263655 87.594472 88.850853
194.414280 192.910480 192.142926 191.126245 189.374382 188.168428 187.439196 185.540358 182.423094 180.124094 179.341385 177.220898 165.082509 157.459688 145.070545 129.085329 121.336206 115.075525 110.726875 105.706343 99.441652 93.726876 91.226753 87.405608 85.314136 84.862149 83.392745 82.736255 83.435511 84.121880 85.104405 86.145362 90.863215 95.549194 98.006015 99.132421 99.054517 99.488378 99.485129 99.386856 97.933330 97.510468 96.906385 94.667373 90.743154 94.590441 97.878324 101.612862 105.730205 108.530692 109.909858 108.889340 107.322753 105.185477 101.112023 96.413198 93.796141 93.692115
195.324995 194.711487 194.060984 192.664651 191.029904 191.408517 189.578799 186.826742 183.506356 180.273936 179.813341 174.396811 160.043652 148.518980 141.298979 127.961594 121.847146 116.779293 111.235648 107.249700 101.577552 97.140201 92.670257 88.364022 86.945782 86.581075 85.070885 86.712583 86.839935 87.578760 87.411537 89.118053 96.495192 100.560618 102.734548 101.559564 100.933647 99.697832 98.307945 100.162619 100.881641 100.763728 100.111204 98.970664 96.628858 95.783896 98.501220 101.630839 103.211760 105.888196 110.037052 110.150257 109.279353 108.457227 101.932608 100.950295 99.347454 96.746521
197.482700 196.486309 195.478808 194.998917 194.743475 193.011696 192.062277 189.411071 185.360787 181.267823 178.238639 171.863476 161.954998 154.707355 143.507432 127.436131 125.384536 119.940450 115.424505 111.338266 104.686694 99.600473 94.504078 90.571365 88.518613 88.205313 87.443411 91.261026 89.742210 90.914129 92.161385 98.857184 102.887312 105.036213 102.506504 98.147061 95.789035 95.735114 94.991238 99.266644 101.150834 100.889197 100.594042 101.118661 99.397020 96.910770 97.822193 98.340802 100.683190 103.748754 104.431931 110.018597 109.773712 107.916618 105.380176 103.599158 101.308435 97.066834
199.811377 198.975078 196.205174 196.060211 196.425916 194.626931 193.347285 192.851131 189.157521 184.274025 179.176602 177.549327 166.636260 158.504527 151.834444 148.793450 133.968324 124.937706 118.516096 114.710239 107.731780 101.081874 96.820118 92.776999 91.387409 90.410438 89.572157 93.514082 94.506926 100.086337 103.214883 106.170794 106.684997 105.302049 102.005893 95.703991 92.832342 92.461537 93.280194 96.838252 99.421834 98.078092 97.334658 98.086342 98.579378 98.796629 96.791549 97.847263 99.386488 100.496844 101.276202 106.186839 110.816123 109.390823 108.082638 106.468324 98.908448 96.199586
201.368983 200.687151 199.541667 199.066499 198.845252 197.947326 197.084207 195.292507 191.670632 175.281969 172.917055 171.332769 172.332937 174.816411 162.035572 138.945442 150.762974 158.363973 125.877919 119.464666 113.345582 108.103144 106.862089 100.092392 98.234629 97.986760 100.171264 103.516991 106.772640 107.335238 109.341638 107.841519 107.049507 105.152254 102.004400 97.141701 96.813215 95.991619 92.433314 93.983506 95.904572 96.119454 94.842168 94.715346 96.434688 98.480859 97.085505 96.833386 98.668234 100.241721 99.117435 103.278572 110.186968 111.335110 111.123805 110.773363 110.671174 105.643571
202.820360 202.099175 201.966332 201.652143 201.569932 201.102574 200.666948 199.233579 184.417024 172.351272 169.842204 168.245513 163.448134 156.827574 157.899972 133.282657 129.569375 129.527630 135.019229 123.795083 119.965832 118.422908 116.634717 112.501228 111.182756 110.946798 110.919119 112.368497 112.678216 111.303702 109.948553 107.842181 107.139893 106.120711 105.003239 103.348885 101.672105 99.420312 94.084710 91.175391 93.292012 93.650725 94.051295 94.687175 95.917544 96.807080 97.569380 96.888909 98.082302 99.766581 96.531591 98.246718 105.479794 106.526917 112.493609 113.058244 113.148955 113.085214
204.317354 202.656752 204.007927 203.751111 203.409340 203.475731 203.268457 200.631668 176.841970 172.687735 168.466615 164.582233 160.545003 142.191986 135.029912 123.367348 122.883470 123.816329 144.997799 137.114632 134.521050 130.891824 126.053532 120.364732 117.692097 118.455242 117.826533 112.945387 111.276371 109.536489 108.024921 104.499182 104.725318 104.939426 103.516010 102.251901 98.788201 100.911269 96.240020 91.281888 91.576973 92.768430 93.426596 94.612330 95.695607 95.827199 96.207798 97.758975 97.749667 98.327596 95.980544 96.896048 97.983301 99.640607 108.825041 114.669058 115.360676 115.474178
206.740872 206.571016 206.440601 206.048669 205.514207 206.354223 204.366644 182.900912 172.720411 169.507091 166.633943 163.140933 142.027411 128.088037 123.461559 114.393429 112.363786 118.462406 124.690818 125.998979 119.501722 115.299926 117.766167 122.211793 120.387856 117.513827 116.708679 113.336040 109.628364 107.316946 107.315993 102.271029 99.811415 100.982203 102.197945 98.882271 98.069344 97.256638 99.174458 95.225007 91.686500 92.446269 92.725994 94.341263 95.262502 95.340098 96.158634 97.617471 96.661472 97.273759 94.799176 94.764502 93.326996 97.548350 102.614467 111.765408 117.866373 117.681623
208.898858 209.209040 208.965154 208.746578 209.200293 208.332408 188.390490 177.971132 173.391476 167.747917 166.350020 159.126187 131.607086 119.459227 110.019657 104.952674 107.565272 108.589746 115.940500 126.325911 113.599670 108.090445 111.228226 114.997480 112.924767 113.227718 115.979095 110.189563 110.770355 105.805376 103.843720 99.859801 95.444366 95.736375 97.279634 95.446770 93.042410 93.996426 94.204820 96.623839 91.485852 91.579285 91.788913 93.421474 95.179285 95.424548 95.970089 95.203192 94.606057 94.503501 94.256533 93.567605 94.706635 97.310146 101.697960 107.016714 119.711872 120.080990
211.264384 211.442290 211.663580 211.641712 211.168116 203.567205 182.669618 174.296873 170.580616 164.681058 161.246145 135.414092 122.997805 108.677605 101.737568 100.792533 102.020519 107.753602 109.477240 123.514701 109.340317 108.002769 108.817174 111.396035 108.198113 109.098794 114.547657 109.142356 105.872755 103.398242 100.646338 96.965977 93.796924 92.402858 93.419944 92.310121 89.739064 90.738769 90.847744 94.462144 91.840098 91.517875 91.750179 93.154932 95.361509 94.912505 94.194825 94.157514 94.635598 93.823235 93.231797 94.729617 99.718367 102.422960 101.899062 107.495092 118.871166 122.977464
212.461416 213.591855 213.136380 213.318846 205.785998 184.017334 177.445795 172.611493 165.236341 155.889755 132.329489 114.834454 110.454437 105.187414 97.383283 96.189047 98.704178 103.432424 109.157181 119.415704 108.912665 106.306386 104.134691 104.857413 102.239042 105.008969 109.790130 110.996704 104.433742 98.049364 95.835537 94.451742 91.394210 87.951973 89.807293 90.164343 89.579571 89.912430 90.556720 91.052974 91.006435 92.068884 92.128061 92.267840 94.525039 96.581618 93.923859 93.156150 94.677764 94.842591 96.619161 99.261655 103.331580 106.817105 104.968577 110.358552 123.051947 126.737311
214.783725 214.971418 214.680032 207.782187 190.852414 173.639204 168.831237 167.004909 138.247652 125.029383 118.145078 113.174564 108.838299 103.555583 93.104505 89.565940 92.198404 102.327049 108.507810 118.061357 111.187525 105.393446 100.390279 97.721804 95.973111 98.186390 104.124404 111.057291 102.234942 95.374141 93.460783 93.089147 89.208909 88.741639 89.257002 89.082831 89.305806 90.336062 90.451573 90.826173 90.518869 92.652606 94.515654 94.247278 96.522448 100.154739 97.556088 96.456258 97.111423 97.763643 103.069841 106.595787 107.669403 111.499824 110.431232 114.980187 129.654679 131.666734
215.905181 215.938819 204.496507 200.092133 180.408877 166.277947 163.134553 147.273966 131.026376 121.800993 116.362848 109.946548 105.927831 99.470801 88.659280 88.910560 90.764186 98.373497 106.857604 114.336839 112.641994 104.698750 97.915088 92.597464 90.384585 90.992839 96.998130 105.176192 100.629243 94.093973 91.071187 90.474248 88.545883 88.650257 89.319607 88.760588 89.560772 90.460596 91.152091 91.250098 90.819911 94.433304 96.136237 98.282231 101.553777 103.423503 102.901665 101.763974 102.407097 104.973177 107.709847 108.762242 112.964735 113.627369 115.214083 118.779331 126.585564 135.737234
213.820452 195.964137 178.169074 166.369644 168.500751 145.187650 137.985193 128.472854 124.370759 118.565285 113.375027 107.859478 101.030711 93.031272 87.657365 89.632836 91.548922 98.585461 106.885193 111.206145 105.362895 104.532057 95.620923 89.604296 86.735569 86.342089 88.484335 96.770478 100.452424 92.900373 90.343793 90.016059 89.568090 88.739387 88.943476 89.481086 90.106505 90.940464 91.058790 91.565985 91.580869 95.001788 96.049517 100.567719 100.958421 103.541269 104.926694 107.198040 106.684033 108.719661 110.550422 111.888287 115.753625 117.524817 117.563888 120.088066 123.316054 129.942022
188.582269 171.242531 164.694840 145.006717 135.462961 132.757407 120.053376 112.699826 111.478499 108.975661 104.463167 102.339183 96.785969 90.040555 90.005471 90.507713 93.558414 99.952770 107.361063 108.336234 101.352987 96.589705 94.923150 87.897640 84.363947 83.236024 84.942323 89.802308 91.630183 94.196776 92.012725 92.242736 91.521346 88.290795 89.197297 89.782448 90.858734 91.914298 92.447200 91.393702 93.621435 95.047751 99.916404 101.745261 101.143441 102.174710 103.425909 103.845036 106.820940 109.077107 110.755537 111.551411 111.894764 113.107382 115.079328 116.088867 118.636134 121.811172
