tests/3D/PSQL_test/output-maps-SE27XX/SWEDENSITYN0038.asc
ncols         295
nrows         180
xllcorner     627200.000000
yllcorner     5109000.000000
cellsize      200.000000
NODATA_value  -9999.0
[rows 125 to 149 of 180, columns 57 to 113 of 295]
122.668024 125.060138 126.463571 126.643931 127.878517 129.169295 130.179141 131.714434 135.912917 142.299261 150.033390 149.159005 139.003921 129.793429 124.792357 123.360128 122.629184 122.281465 121.000499 121.142486 120.375876 120.249739 119.856143 117.256525 116.070580 115.184604 115.317121 115.796221 114.947147 114.022285 114.717877 114.521740 113.092666 111.658910 109.034719 107.585370 106.832400 105.224593 105.482211 103.454803 100.911656 102.453513 101.970487 103.083238 103.264449 102.133496 102.894302 103.744548 113.304855 112.879831 112.072648 111.949573 113.539313 113.943820 111.305823 101.046333 93.381035
120.155533 122.829549 125.043271 126.223746 127.630364 129.255629 130.845284 133.904722 138.041315 142.940508 149.804888 149.473460 137.548735 127.675369 121.733989 121.119906 120.711505 121.350474 121.307430 122.410949 120.665292 121.010252 119.241928 115.424486 115.256850 115.814781 115.616945 115.451754 115.880228 114.507416 115.154951 115.540200 113.265701 114.031400 110.023179 108.381048 106.038410 104.670916 103.253573 102.083125 101.385591 100.917401 101.461742 102.171885 102.785160 102.372786 104.349848 103.019737 112.900216 110.697338 108.449980 108.817693 112.409916 113.452882 111.006244 105.404731 99.192434
121.770625 123.134402 124.925214 126.156915 127.569016 128.545509 129.804123 130.773139 137.575534 144.341560 153.204479 153.385784 137.140910 127.889841 124.089471 124.569138 123.771177 123.223614 124.181291 126.035427 123.499119 120.839466 119.030697 116.417639 116.177496 116.270213 116.261540 118.446516 115.867264 115.546172 117.253250 118.046282 117.040255 118.525534 113.569217 106.968006 104.675834 103.603858 102.082618 101.032172 100.357702 100.221848 100.062649 102.291556 102.660450 104.994126 104.781984 105.808385 111.965237 108.020909 104.289288 106.811685 110.090637 112.166337 111.437325 104.342376 94.160747
122.520520 124.056980 125.056876 126.228866 128.119013 128.933272 129.727514 131.007677 136.585463 142.609417 153.265560 158.895640 141.156499 130.441069 129.176199 129.221254 128.624063 128.617758 129.372441 129.746107 125.272456 123.976948 121.091693 120.145355 118.974752 119.797391 120.704550 120.945699 119.408549 118.892709 120.606396 121.507637 123.004892 122.146870 113.614528 105.020714 105.325017 102.672407 101.803999 100.232226 99.271112 99.174271 100.466350 101.635033 101.272654 102.609132 103.939293 106.243386 110.211852 105.443070 103.701067 105.290591 108.714942 110.110748 110.732074 106.198913 97.077846
122.777522 124.546615 127.072343 128.423817 129.970413 131.275913 132.112622 133.598323 136.400285 143.217759 160.468488 161.798992 147.447913 136.102902 134.171874 134.548974 136.965554 137.504950 137.208201 132.566947 128.381061 126.606179 124.190342 124.789397 123.299881 123.035484 122.649236 122.600837 123.442689 125.208999 125.628363 123.492511 122.176583 120.776373 115.578899 110.827384 106.518807 102.990347 101.594291 100.615039 98.657759 98.264302 99.682839 100.555125 100.128883 101.075612 101.200619 103.582660 108.172261 105.934765 103.146098 105.768179 107.633368 108.760786 109.717891 109.344266 104.460182
126.432995 127.258143 128.429098 130.708489 131.862617 132.459387 133.901187 140.383283 140.083906 147.599000 168.291239 165.510366 155.746492 145.503750 142.625441 144.526444 146.715864 148.170572 148.094230 142.285767 138.189405 133.188138 130.954662 130.423416 129.179419 128.231561 128.258850 129.275492 128.898417 127.264850 124.392972 122.119081 121.662643 118.790137 114.948819 110.411114 108.146056 103.730511 103.016258 101.589521 99.063926 97.475502 98.857960 99.359552 99.818679 100.319400 100.968191 101.690816 106.410048 105.929342 105.226976 105.467263 106.295913 107.610120 109.250837 109.014255 104.240544
129.153322 129.553361 130.086909 132.237728 134.367385 135.675793 139.848310 151.434108 151.951401 163.171522 177.066488 171.391300 165.886605 160.728838 156.879453 160.308790 161.614677 162.496757 163.404878 146.947641 143.943270 140.655570 137.253666 135.948878 135.915967 135.343815 131.729357 131.766422 129.174392 127.626380 122.778707 120.101399 118.024424 115.492417 111.440535 108.457504 106.266523 103.723347 102.570017 100.176575 99.242519 97.634146 97.586388 99.112584 100.429115 100.183941 100.538819 99.487161 102.099792 106.742255 105.362344 104.035587 105.266743 106.779069 109.780400 108.211349 102.811804
131.369634 130.886303 132.170171 135.393761 138.385140 143.556926 151.018086 159.662954 168.624627 173.591849 178.275107 176.017553 174.321355 172.368368 171.683061 174.535901 165.836689 165.219444 155.564918 138.941567 140.131387 140.307388 138.252938 137.243369 137.142293 136.406580 136.434399 131.643888 129.453722 126.396786 120.465320 118.022428 115.625075 112.991007 108.313248 107.276447 104.804552 102.745479 101.286504 98.737333 97.870429 97.721049 97.943388 98.468929 99.208066 99.349383 100.411025 99.954050 101.008377 104.976272 101.912671 101.400733 104.520373 107.205441 107.513120 105.926999 101.139517
132.962931 134.131092 137.910032 141.093685 144.689966 149.203132 159.191513 171.668431 174.507536 180.818333 178.717917 183.835077 182.372110 180.024310 178.202171 177.131890 168.441585 156.076938 145.318499 132.291588 132.278230 132.648918 132.075917 130.910195 131.543695 130.964813 128.129577 126.617135 125.140148 122.687431 118.217129 115.905021 113.447270 110.174901 107.284165 106.397649 104.627870 100.542426 98.519526 96.386485 91.814585 93.374399 95.315820 96.075634 97.998678 98.728562 98.687421 99.396522 100.396440 103.340719 100.277482 102.370469 104.723951 105.093717 104.192829 103.243172 98.232462
136.710241 143.340740 150.033590 149.277787 153.991617 159.799779 172.004944 175.119569 179.186520 192.588249 191.295985 194.291551 188.231345 187.201515 179.009762 178.312991 172.645807 152.626329 134.054191 125.785526 126.190892 126.100510 126.065125 125.782472 124.999909 123.717927 123.113843 122.183822 121.384439 119.517742 117.054334 115.066833 111.667109 108.899944 106.432311 104.743872 103.970031 101.328739 98.259827 91.972894 89.704507 89.581392 91.046425 91.842202 96.774634 98.364513 98.612764 98.412772 98.496781 102.810663 99.952020 102.398408 103.190996 103.005061 103.429936 105.160437 101.860736
144.587089 155.831983 161.250714 161.886540 169.976375 173.980314 178.836707 183.779649 191.274955 193.037112 196.957788 194.057573 190.695481 186.815773 181.000776 181.425001 175.764908 152.295033 135.594034 127.832960 125.236312 124.827114 124.167162 122.192210 120.091020 119.475035 119.484069 119.557559 118.080406 117.150879 115.215332 112.943716 109.803341 104.889046 101.736746 100.411847 100.491413 99.951606 101.728565 93.756604 88.396800 90.064184 91.210526 88.595859 95.591778 98.283352 97.252928 96.896567 97.732210 101.151218 103.006938 102.190899 100.985862 101.268202 103.110358 105.827743 106.333073
163.364532 169.725641 171.736412 174.657419 185.059233 188.857474 194.643548 197.167779 197.443386 200.384972 192.034998 186.699753 174.588518 168.745876 169.649049 173.949435 178.047951 174.185072 150.580893 136.132853 132.262550 129.148236 127.090856 123.532961 118.238523 115.147989 115.691839 115.597291 115.229504 114.679605 113.682119 111.399536 107.835274 103.596056 99.812876 98.645611 91.560160 88.599736 93.392495 99.776224 94.324571 92.684351 91.562015 88.564831 95.136321 98.006785 96.832905 95.702202 97.548837 100.747825 102.492337 101.401151 100.250253 100.146026 104.100595 106.096026 106.779386
175.074959 176.607513 183.056206 191.226389 194.318865 197.213627 202.719205 202.414887 198.759568 192.180323 184.196996 172.730771 143.773224 135.342294 136.919767 152.033623 174.034884 177.125538 173.917330 144.699772 137.758860 133.536902 128.764105 123.659538 119.709002 114.195802 110.883258 111.065667 112.586851 112.537276 110.964534 109.883858 107.315788 99.426298 99.645164 99.498028 93.179248 93.127558 88.834315 96.538108 90.342084 87.635548 90.778860 90.309895 96.214380 97.807966 96.315153 94.854356 97.519215 100.333542 101.590963 99.944332 97.703572 96.453528 101.982466 103.338217 104.448599
185.988741 188.458466 194.692228 199.400434 202.259316 199.200179 193.457196 186.092436 184.830442 180.265303 184.096501 173.318603 143.720045 130.770956 129.862134 131.453913 158.231117 173.514773 175.949715 169.462930 142.843515 136.182003 128.732374 122.263782 120.408593 114.974020 112.418006 108.842008 110.473920 111.138342 108.507997 107.776397 106.526403 100.103739 98.703266 99.734278 97.122240 93.902889 92.317413 92.794344 94.566833 89.101940 87.359153 89.707189 96.681277 97.499698 95.997460 95.172031 96.862300 98.550631 99.325426 98.315946 96.513643 94.793181 100.375069 101.380417 101.765035
189.426949 194.761630 200.436657 198.630092 193.211451 187.107437 178.588888 155.200593 153.460153 160.557117 171.551051 173.978608 149.240092 133.015284 127.608510 125.577498 131.476981 154.898255 172.422782 173.115370 149.331073 144.131662 132.955868 124.505242 121.244671 115.581834 113.022773 112.204377 110.333852 108.300112 107.031512 106.172236 105.825597 102.853843 100.622452 99.771298 93.823844 95.826822 94.882012 92.960579 92.550251 89.755161 88.026776 89.434937 94.409202 95.676235 96.160449 95.259098 95.953700 98.210970 99.043441 96.733648 98.251920 98.917770 99.330278 101.589438 101.440799
196.306602 196.459492 197.809830 189.008640 181.714618 170.702578 153.074724 133.881269 132.844021 137.953784 150.465767 176.455824 158.520751 135.425149 128.973302 122.523876 120.632960 131.140780 137.958036 154.839184 170.191706 154.279667 141.581786 132.252544 120.873558 116.346676 112.577130 109.894086 107.222172 105.283566 104.163689 103.970997 104.893479 104.627833 104.413856 102.752967 100.181479 92.793933 92.065735 92.922631 90.073137 88.256569 88.225269 90.147316 90.959237 92.735245 94.894591 93.952798 92.314509 99.890433 101.621617 96.163709 96.261309 98.069795 100.001720 103.403021 103.762864
210.798648 193.244014 185.700247 173.145703 159.888321 143.384704 136.281663 129.202381 127.902897 130.738493 143.416579 168.273692 168.000127 139.325146 130.320047 123.485545 117.635001 121.761691 128.393236 133.207910 139.699576 159.403540 148.842769 135.693031 122.135675 114.361068 110.409684 104.488833 103.825249 103.152820 100.371205 99.395664 97.485829 96.751641 95.075575 94.555262 98.066736 99.428170 93.419700 88.989992 88.848889 89.272394 88.868217 90.972856 91.695058 92.466858 92.844669 89.435414 86.779102 96.693507 103.425827 95.245756 94.630886 99.160624 98.398513 101.503011 106.987439
195.541470 176.663668 166.665607 150.752546 133.294707 128.626346 131.440718 124.392140 124.625565 131.718076 140.042018 159.783055 168.828777 147.278042 134.007893 125.173672 119.540219 115.933055 123.752979 129.632143 132.967507 138.236384 130.098958 135.468000 122.347227 117.003816 110.738389 105.289173 103.447429 99.895485 98.653563 96.917185 94.833796 93.254585 88.924444 88.253219 88.489582 92.140459 95.942476 92.404651 89.255382 88.843468 88.890217 92.854926 91.042516 89.643647 90.853386 89.935220 87.162158 95.655828 105.370208 101.956098 99.947417 101.520315 101.438121 103.233570 104.375955
170.771969 153.960261 145.385016 136.090837 127.664201 124.629486 128.007102 121.692583 121.400232 126.693696 134.058369 149.014693 166.173417 147.895878 137.659290 129.509432 123.726486 118.403966 118.728350 121.705796 124.803422 128.597416 126.581126 127.183725 125.244885 120.466909 112.784241 106.832250 103.771504 100.074234 95.268801 93.191597 90.578412 87.651093 88.930578 86.882394 85.898549 88.735240 90.073948 89.814244 90.421985 88.045053 93.538869 98.622233 95.420163 87.740565 86.485750 90.808011 90.902911 95.978038 108.696855 109.155586 108.683851 107.875365 104.484671 104.080115 103.775829
156.510373 141.691551 137.470711 129.249503 122.293784 120.510246 126.394913 119.911429 118.803222 124.619384 129.998554 143.749269 166.157390 152.136104 139.493796 127.586469 121.079537 117.613991 111.526974 111.130145 113.474997 121.241917 125.149640 126.529827 127.248932 122.933605 116.259508 108.486565 102.896555 98.815901 92.686458 88.686807 85.510288 85.366447 84.213954 86.163352 84.200343 83.731143 83.112790 83.565199 84.310045 82.531223 90.077863 99.281798 100.305034 96.689400 94.477081 95.883980 91.234069 101.760690 111.811484 113.141844 112.687920 109.732262 103.554027 103.633750 103.577757
142.220928 132.551410 128.083707 123.628638 118.931402 117.680249 123.793371 119.216453 117.225437 119.815479 127.328315 139.094739 164.123962 149.757369 137.823957 126.929118 119.863033 114.465857 107.090171 101.339504 102.771426 112.698726 121.230452 124.958353 125.082131 123.965929 119.056356 109.379805 103.018953 98.715198 92.625221 87.274267 87.786312 86.457382 84.864263 84.420732 86.151396 84.283646 82.294210 81.956569 82.418933 78.495487 88.606055 97.833378 99.102095 103.302691 101.357768 98.896491 102.058288 106.787877 110.689914 114.428249 117.652034 114.684010 109.522895 104.172862 107.380027
133.754900 126.902778 124.035225 119.359122 115.571952 114.959585 119.888349 118.265344 114.770926 116.861836 124.959521 137.107821 160.920106 149.396190 136.383039 127.163454 119.687734 112.316625 103.405772 99.580942 96.708995 102.378557 115.815527 122.266377 124.291975 124.295507 119.523277 111.573836 106.743893 100.611282 94.647641 91.499176 89.452851 84.392408 83.170815 85.837205 86.764187 84.366344 80.840946 83.669872 82.459484 78.616145 89.574212 99.968464 102.739260 106.901068 110.571354 106.974658 106.490654 106.034374 107.667560 110.229108 121.376921 121.033319 115.928694 109.239960 106.189066
129.253778 126.432202 121.952477 118.168892 114.652060 113.350845 118.036388 117.302260 113.500925 115.090048 123.549026 132.275335 158.242658 146.302722 135.227681 127.522619 118.224401 111.375560 101.764192 96.429036 94.144179 97.341742 109.838877 116.942411 122.538195 123.848698 122.643902 114.572305 111.989369 107.367939 100.483135 98.917582 98.666811 96.856896 96.678685 95.228920 95.500107 91.991472 87.333409 83.250113 83.356075 82.117579 88.688667 92.224851 98.529596 104.317486 111.280532 115.326209 110.997759 104.943783 109.896947 116.926592 124.366798 118.487251 106.427142 102.234385 101.035369
127.881488 125.156332 120.995101 115.780531 113.419958 113.427964 117.229986 114.875907 111.884337 114.086541 122.836147 128.657588 152.785758 147.617242 136.275202 125.084920 116.827845 109.155971 100.021448 91.805292 91.872005 93.692415 102.338375 107.785262 114.780909 120.584931 123.166145 117.919149 114.483190 110.549147 105.169929 104.722559 104.095183 100.942070 97.899162 95.608557 94.428467 93.171644 93.788410 88.091910 86.138650 83.608720 82.729108 87.305620 91.131989 98.145129 102.618698 110.359278 118.857810 118.381710 122.257224 125.037565 126.030555 110.781573 99.743964 97.957365 100.169561
124.466216 122.041037 119.190876 113.461229 111.323267 112.867009 115.983586 112.954626 111.381455 116.007469 123.903329 132.227609 146.997749 141.662136 138.020241 127.238601 116.279789 109.644777 96.680288 94.041400 92.208265 93.472285 96.879976 103.229251 109.378394 114.534894 121.260746 121.157214 110.298093 108.878010 104.879819 102.873385 99.190507 98.071666 95.915435 94.606330 94.090464 93.907093 90.434428 86.526252 87.289740 85.058576 84.494244 88.907828 93.087365 95.976799 108.340027 108.738847 118.852990 126.341315 127.078868 130.277296 126.787417 109.486601 99.615477 98.014746 100.229874
