tests/3D/PSQL_test/output-maps-SE27XX/SWEDENSITYN0004.asc
ncols         295
nrows         180
xllcorner     627200.000000
yllcorner     5109000.000000
cellsize      200.000000
NODATA_value  -9999.0
[rows 130 to 155 of 180, columns 174 to 231 of 295]
180.821433 185.895688 190.228188 192.703197 195.176446 196.826531 197.907020 198.565033 199.192715 199.646789 199.719454 199.681172 199.586387 199.422615 199.250203 198.941068 198.475086 185.492508 195.783840 189.726555 182.756004 167.689914 146.743563 136.976417 128.235721 122.011104 125.232165 127.410755 121.761259 119.347094 122.134208 118.801096 117.699777 114.015848 109.779535 106.720593 106.569560 106.953129 105.093637 101.094846 99.294486 97.476955 95.777148 95.237204 94.268168 93.322113 90.248848 89.772891 91.606216 93.552487 95.885703 98.348833 103.023470 100.045542 96.626016 99.796144 109.229977 118.324321
177.607470 183.146263 187.399842 190.800939 193.557858 195.822904 197.172317 197.967093 198.876881 199.517647 199.548955 199.770777 199.729716 199.625950 199.486138 199.034809 186.338139 194.212678 197.291753 181.771315 179.353386 172.396128 156.376913 141.999456 129.709725 124.862540 122.805741 122.637768 122.100276 122.760716 118.238796 115.074544 115.119594 113.311649 110.904432 108.001240 106.236799 104.965811 103.069061 101.105266 98.143217 95.839901 94.935852 94.119676 93.590355 92.602518 89.814956 88.737001 88.988247 90.345426 93.939511 96.883509 100.225009 104.941947 102.179727 103.198256 111.049720 120.458976
171.625528 179.278294 184.758610 188.598971 191.694923 194.223784 195.951454 197.214025 198.324967 198.994330 199.165035 199.699262 199.784872 199.785659 199.492638 196.610988 194.354387 192.217865 184.445167 182.969391 179.039814 170.983602 149.700064 140.937049 129.635958 123.524034 123.558238 125.255069 124.752741 118.479392 115.705923 113.558124 113.104634 112.157710 110.032366 108.901678 105.971601 102.686785 101.204015 100.081577 97.209338 95.139928 94.767738 94.853767 93.064044 91.613785 89.565473 87.420948 87.657424 87.497652 92.099342 95.485001 99.169963 101.472420 110.014943 107.306454 111.803638 122.267935
165.491098 174.606787 180.389493 185.330033 188.950055 191.894727 194.309554 195.951640 197.621537 198.281262 198.945227 199.336099 199.640974 199.821494 198.222343 196.424506 193.162091 187.911297 178.457437 177.574948 174.498049 162.679460 139.759654 130.185338 124.196545 127.575740 128.610831 127.525398 123.232658 117.796231 113.646992 112.316990 110.786791 111.080019 109.632298 107.894054 103.939475 102.253037 99.881417 98.525025 97.301410 96.605743 94.514760 93.693402 94.368535 91.814364 89.908830 88.334959 86.196483 86.172498 89.643128 92.742055 94.212846 97.377761 103.273847 111.539046 114.267543 124.552302
160.538805 169.264352 178.026766 181.119887 185.660716 189.692784 192.418062 194.253799 196.193536 197.538670 198.360496 198.991891 199.339502 199.500976 197.936422 186.896489 192.375849 186.690269 178.947616 173.583689 166.966928 155.425774 138.507024 129.350948 131.933840 132.315037 131.195350 128.056355 121.467197 116.546039 112.992480 112.405091 111.174637 109.205641 107.132744 107.326382 104.935147 101.521949 98.565714 96.903986 95.388359 95.835522 94.766213 95.483492 96.412255 91.564257 90.245785 92.995326 90.233647 87.901254 87.950205 90.114413 91.172898 94.974388 101.339179 108.762752 117.482783 131.915243
223.398619 164.757386 170.314942 176.367433 182.503550 187.125805 190.225460 192.294833 194.890362 196.311483 197.815857 198.723808 198.993456 199.911849 199.514051 187.039084 194.839085 186.410590 178.105736 176.504219 162.127107 154.192724 142.521396 138.411670 138.136497 136.958939 132.085639 127.753248 121.131164 115.719235 113.131605 111.792513 109.999639 107.185127 106.996297 106.395807 107.381686 102.561673 99.758151 96.861002 94.824680 94.453121 93.015272 94.935307 98.329010 94.065626 92.514945 95.188700 91.928431 88.009543 86.522762 87.513349 89.722471 95.066952 101.694584 110.288418 118.367363 129.772597
223.069741 158.353360 165.716382 172.235616 178.922721 183.337078 187.667764 190.019754 192.496773 194.566351 196.308802 198.222579 198.197570 199.363802 200.164196 187.125165 192.145828 185.379268 175.443166 166.532856 152.257870 150.384523 144.993060 140.725754 137.800795 133.889573 130.789293 124.482005 115.313924 112.408278 110.511345 108.215190 106.861387 106.948408 105.707593 105.022332 106.273397 107.224649 103.232386 97.770769 94.594527 93.523728 92.526043 93.738173 97.515023 98.306162 96.831504 97.659754 94.049854 89.105392 86.908945 87.287001 92.088671 96.747073 104.563389 114.686805 121.083269 150.279612
222.644636 223.050897 223.475837 164.717314 172.393138 178.823266 183.904626 186.694945 189.633188 192.068751 193.668652 196.199734 197.793432 198.496438 199.245788 195.627386 187.754949 181.943397 165.833603 141.032452 141.048857 139.534779 139.554018 139.679243 136.661602 129.434907 125.214515 121.370163 112.498589 111.056624 110.668830 109.907078 108.334976 107.621639 105.918390 105.187776 106.917242 109.444272 106.206583 100.534834 97.172742 95.096449 93.246152 92.024067 93.817561 97.936438 101.461547 101.664257 96.783831 92.457149 88.916868 90.271927 95.825081 100.568642 109.805189 119.613876 135.182900 144.348237
221.912481 222.547178 223.045567 223.474526 166.227354 173.428415 179.472896 184.232768 186.160111 190.214273 192.948484 194.786564 196.346111 197.650777 200.093237 192.424252 181.769719 172.860673 157.208153 135.165991 132.082436 132.106128 135.018694 136.134628 135.533551 129.226377 121.456394 117.881917 110.871469 110.129039 109.038537 106.395930 107.555672 106.893047 105.333329 105.563449 106.313754 109.902199 108.921082 104.245724 101.415042 99.013851 93.333720 90.745047 91.447825 94.511065 97.637185 102.188565 101.297978 95.489686 92.817967 92.406735 99.077840 103.351433 112.086890 126.615760 154.106000 158.780055
221.317902 222.026533 222.633629 223.083074 161.014160 168.684524 175.291252 178.675456 185.090260 188.113232 191.165942 193.203546 194.912235 196.488704 196.539791 189.231479 171.065567 151.574859 137.909564 127.601305 122.310616 123.023410 127.230536 133.044813 129.674793 127.206634 120.656649 115.351619 112.125582 110.824674 108.726758 105.222540 105.829357 106.637818 105.355000 103.872741 104.151108 106.136130 111.372021 109.239314 106.221360 101.574648 97.699593 92.774870 89.920281 92.022216 95.132475 99.768517 106.801351 102.048986 100.295229 99.675196 101.215897 105.453406 113.638304 126.440054 139.782183 158.796535
-nan 221.549912 222.138911 222.672879 223.081999 163.516849 170.634126 176.725680 181.861816 185.723578 188.536130 190.882162 193.552565 200.243652 186.946288 181.520707 165.905309 141.396105 132.028062 124.511628 118.053730 116.346168 122.428804 125.861222 129.882213 121.765818 117.996760 116.579855 115.743700 112.465955 109.209218 105.914803 104.533688 108.392545 105.425316 103.638671 102.469337 105.558462 108.133494 112.432725 110.393199 105.784660 103.008004 98.415128 95.082234 91.562904 94.246038 98.938146 107.301903 110.366885 108.244568 107.326062 105.673824 111.334730 120.428216 125.213690 149.779680 153.612399
-nan -nan 221.615847 222.273235 222.671224 223.045434 162.530992 172.135156 177.783800 182.564956 186.154980 190.456970 199.170532 188.028296 186.899888 173.863404 153.406665 140.269460 130.702456 121.729076 116.590962 113.452060 117.553041 120.985113 124.988016 120.920319 116.554135 119.031827 116.972780 115.248622 111.549648 106.993878 105.521853 109.193753 105.730700 102.480762 101.937631 104.068555 107.024422 110.078703 114.354502 110.871850 106.024399 102.721192 100.591181 94.225762 94.691731 98.746534 108.238983 118.381345 115.266993 115.940030 113.621281 119.228792 127.217867 143.936344 158.198655 155.760894
-nan -nan 221.083197 221.939370 222.237202 222.632859 160.180580 167.083580 173.214627 181.663070 187.008065 190.666744 198.050129 185.581539 181.301468 170.230879 155.851351 144.973972 133.069715 119.958471 113.757929 111.441218 111.648142 115.666332 119.321061 118.984076 116.414691 122.847413 121.413953 118.658199 113.005069 105.902419 105.446851 109.735927 107.200154 103.804175 100.493282 100.925654 101.953833 104.573240 108.734687 114.262619 112.364608 108.348049 100.277025 97.795961 97.696437 102.649529 111.947506 120.284967 128.474246 122.283641 122.570820 123.241011 142.235497 158.733025 164.601781 154.060747
-nan -nan -nan 221.103163 221.766057 222.166724 222.560841 161.742569 172.164944 195.640131 200.466207 200.903813 186.210057 191.620260 176.530607 169.068388 143.447304 136.374717 129.610442 118.084544 112.695775 108.895858 109.469438 114.167482 113.575626 116.849790 119.515969 123.155245 124.089967 118.651446 112.847563 109.730290 107.000102 108.790040 111.761863 106.232476 101.423405 100.560638 99.179917 101.757157 107.976884 112.203967 116.021015 111.728758 107.150324 104.696370 108.636392 109.289932 119.158129 124.772496 134.642222 133.191842 134.564541 141.835396 155.770439 166.967685 164.265483 149.161666
-nan -nan -nan -nan 221.155337 221.690046 222.097146 222.434313 165.610614 201.157697 200.012568 188.853596 190.127331 183.486795 177.325510 168.998689 148.693943 134.223826 125.144315 116.330938 110.872256 106.840673 107.806870 114.444079 112.809621 118.404516 120.627867 122.577702 122.167580 123.170752 116.121511 111.089259 107.194034 111.348087 114.233730 108.399144 106.019540 102.003823 100.512095 100.691056 105.944350 109.409084 117.127461 120.413617 115.904636 112.990192 118.541787 121.493642 124.657869 124.590408 125.571227 148.608913 151.443530 153.413558 161.261335 166.645221 150.738658 138.321941
-nan -nan -nan -nan -nan 221.149634 221.625466 221.994881 161.901859 193.307240 189.748500 195.235120 186.321809 183.616399 169.794299 167.136349 143.776818 130.977026 119.300879 111.411446 109.298441 106.918137 108.567662 116.492070 113.599389 118.139762 119.003010 123.025894 120.972315 124.532453 120.184403 111.032136 110.858492 113.326018 119.382301 115.295272 112.675085 107.651795 101.552432 100.027199 98.984111 104.146121 111.820868 121.695675 126.037137 123.803736 124.641938 124.986035 125.360309 143.125759 149.718262 153.803968 153.210093 153.363504 158.078592 154.939684 140.285883 122.851225
-nan -nan -nan -nan -nan 220.485783 221.028374 221.525943 221.919267 187.365132 189.767449 186.434666 187.328339 178.022950 167.481508 161.080369 130.415747 121.138830 114.165558 110.235381 108.366183 108.446232 114.733275 117.395689 115.710476 119.735753 118.299801 122.907305 123.797614 127.607907 123.364580 113.121671 114.577661 121.794236 122.795377 113.108616 106.332752 103.459441 104.165191 100.237709 97.391905 101.114174 109.290965 117.101903 124.327653 130.157457 126.078410 125.680082 125.629396 128.587189 135.286547 139.420373 138.131696 150.091542 162.811031 140.206999 125.802755 120.753460
-nan -nan -nan -nan -nan -nan 220.347354 221.063466 221.565986 193.578509 190.077305 185.920943 184.317219 174.180927 166.685440 149.003620 125.303150 119.263821 112.193903 109.838495 109.115763 109.794353 119.263224 119.144372 116.913630 120.730145 119.238911 122.459100 121.978009 123.723442 130.187910 116.328000 120.364788 129.457014 119.849565 109.814893 103.732774 102.938593 102.884991 100.533552 97.648765 102.796172 114.729477 120.929621 125.701105 133.340799 126.554548 126.282474 126.135262 142.060646 133.801576 145.715119 145.103654 153.029286 168.462338 141.285286 127.184085 119.190060
-nan -nan -nan -nan -nan -nan -nan 220.557751 221.275758 194.152267 201.681357 186.331609 179.963503 169.107936 161.963222 142.145365 125.076967 117.524121 112.432959 112.806053 112.996111 119.572560 121.934230 125.827217 120.591100 121.146061 120.005694 119.771686 123.459176 128.733787 133.820579 121.865820 125.745244 132.407931 118.261678 109.529646 104.185022 103.829582 103.064906 103.761759 102.681438 109.089231 122.068724 127.536954 138.297102 132.681801 127.160358 128.775898 129.399940 149.076229 149.944173 151.159307 167.844218 171.243141 160.237804 149.425372 130.165328 118.323013
-nan -nan -nan -nan -nan -nan -nan 220.175543 197.513895 201.646967 189.397321 190.706956 176.350914 166.598646 154.170735 136.337048 122.602123 118.031305 117.632865 114.373197 121.747386 124.833384 126.485654 127.708682 125.465172 121.314283 122.387495 119.425748 117.420625 126.439867 143.119515 130.938726 135.637993 128.687314 117.528558 111.724275 108.280106 105.388499 103.213490 107.309041 111.431630 113.642039 128.054354 130.313780 155.964313 130.040117 142.757963 150.345803 151.459617 152.027530 155.050004 158.824276 160.934806 153.810177 142.652827 124.574269 120.305770 114.442698
-nan -nan -nan -nan -nan -nan -nan 193.991224 202.408374 190.824253 190.062134 177.997311 170.872855 166.976288 146.573656 133.104776 128.416121 119.631431 117.477638 121.279395 131.408366 128.168640 129.146007 130.145120 126.006506 122.207760 123.575300 119.341188 116.612424 123.851943 136.034093 147.380136 146.755043 124.100354 116.245188 113.030328 112.405521 107.841779 107.246698 113.111912 121.863071 126.255300 146.733365 151.523810 159.656156 146.526052 146.633694 158.124384 150.610998 150.499416 168.380847 174.945815 162.932298 156.951429 138.895366 123.268666 114.912289 107.879882
-nan -nan -nan -nan -nan -nan 167.513504 200.227445 191.641014 185.529133 176.737328 170.186946 166.366511 159.589774 147.455552 141.657869 131.809142 124.891918 120.559747 131.815318 140.926072 134.543260 132.479683 130.814662 126.801672 123.068618 123.913717 119.020279 115.209577 117.691653 128.209935 155.100213 146.129000 122.871262 119.754899 115.903620 119.182051 116.298727 116.332697 120.315952 129.873338 133.442343 158.829835 163.261605 159.348209 134.514927 155.563643 156.908980 165.683870 166.020597 176.111032 156.522351 152.749921 140.953722 126.448226 117.489096 110.418645 102.215977
-nan -nan -nan -nan -nan -nan 196.111766 201.977403 191.161383 186.879867 171.312958 166.254813 156.790176 153.986084 149.510282 140.397605 131.028560 132.838663 132.131557 134.936581 150.114346 145.587679 135.301595 133.990819 127.613517 126.054258 120.219494 121.013888 126.308006 117.794332 128.777113 152.907980 161.190888 129.934129 123.085981 124.274036 122.249109 121.969850 122.169660 130.848347 144.603056 156.491564 165.361983 166.325043 156.876553 143.951987 147.843917 159.093607 169.989283 177.838322 156.412082 133.915301 126.058504 134.260716 120.711301 113.930094 103.769980 98.184615
-nan -nan -nan -nan -nan 219.360432 201.804096 192.308161 187.839349 183.365000 166.904552 162.286152 145.521846 143.674968 144.761241 138.722561 134.726203 140.037034 144.135563 142.946084 161.026553 157.718950 153.801167 133.507605 127.848155 128.718007 120.802182 127.499115 138.082467 129.198221 130.465391 155.972748 164.270268 144.551199 139.002254 133.569447 130.366188 128.529474 131.008025 135.341939 153.377309 163.733789 172.235209 161.503062 156.392488 157.686531 157.688331 162.949260 176.251476 156.990005 141.972283 122.000468 122.142940 121.090022 117.354938 105.748550 99.589463 95.834898
-nan -nan -nan -nan -nan 191.569358 203.332331 189.081176 190.988922 177.821268 164.868682 156.602892 141.941425 144.463975 146.687009 139.296716 150.520702 164.235036 162.873650 165.732061 166.013797 164.806764 152.743074 136.750684 132.769462 128.166967 132.027037 144.041888 152.212075 156.594706 158.633024 157.444396 171.403188 153.776307 148.624426 140.250612 134.787616 142.535055 149.929155 147.559083 167.327638 178.857142 166.657299 166.522476 157.979195 161.034757 173.998103 183.592254 170.097547 135.077911 122.172542 122.199204 119.348763 114.403983 110.136236 105.071335 99.817387 92.891533
-nan -nan -nan -nan 179.478323 198.993290 201.363252 186.055898 186.590684 172.397329 163.053404 148.357894 139.490194 151.149115 160.080191 163.196843 165.291837 165.293179 166.816188 173.063068 171.149131 163.484954 155.218332 136.194090 128.897680 135.829691 153.797762 155.061572 162.481698 163.895553 162.458696 161.862602 172.979040 161.799139 161.678275 156.537354 156.682637 165.538531 184.304788 174.728009 189.877801 182.763535 175.173286 162.534722 167.159058 172.201349 180.868645 165.651436 137.122797 121.276388 115.581290 120.885177 110.376547 106.040707 105.444574 99.789115 92.652122 88.816538
