tests/3D/PSQL_test/output-maps-SE27XX/SWEDENSITYN0033.asc
ncols         295
nrows         180
xllcorner     627200.000000
yllcorner     5109000.000000
cellsize      200.000000
NODATA_value  -9999.0
[rows 50 to 74 of 180, columns 114 to 170 of 295]
140.436826 144.653838 166.944812 145.650297 130.239587 124.639427 118.812134 117.195513 114.737712 113.763298 112.020456 112.594427 113.312584 113.435857 113.811263 116.957675 119.276980 123.047011 124.880178 127.994059 129.772897 132.768191 137.144470 155.649795 167.509091 175.771320 180.243914 185.424781 190.020787 192.723996 193.278212 192.701663 189.958935 189.416261 190.473604 195.162458 196.142130 193.617324 195.222838 194.774498 196.671815 203.541824 205.516984 199.033563 191.070261 181.527817 175.505727 161.636970 157.108918 150.037484 146.824388 142.343806 141.614844 140.481243 139.103487 137.447794 138.826699
127.650275 126.522845 153.385406 142.562430 130.942571 127.636718 121.248325 115.839676 112.801137 111.545540 111.014389 112.347882 113.115627 112.448918 113.360057 115.528259 116.966038 119.319066 123.848609 123.866260 126.840864 130.197911 136.647139 149.079028 170.606921 176.023314 180.214405 185.542804 189.637328 191.774322 192.879170 192.129194 188.917719 186.680719 188.324277 192.917111 195.299166 194.030549 194.821822 194.796821 196.278541 204.543139 205.119702 198.101655 189.343544 182.266007 175.271729 162.727769 154.802970 149.893850 147.863110 144.875192 142.379694 142.389522 140.715017 139.750764 138.625920
125.784034 122.951745 135.359433 131.783605 124.774619 123.141535 119.570107 114.019730 111.135827 110.500043 114.429783 112.237298 111.292629 113.522256 113.932291 115.938237 116.713006 118.983922 121.264603 122.394815 124.173838 132.085835 141.073370 144.714546 161.359398 174.701070 180.698968 185.979107 189.957665 192.120250 191.940477 191.387250 188.254139 186.679523 188.498976 193.716581 195.518002 194.452441 194.027616 196.310236 198.956271 203.453211 203.195801 201.223462 188.010076 176.610164 169.180088 161.936781 156.021821 158.965300 158.495679 146.903130 143.386085 145.073603 142.740801 138.791069 136.931310
125.769611 122.099475 130.338560 129.170399 119.334515 118.155888 115.672497 110.554883 109.957604 113.609412 111.263971 111.739622 114.496876 113.141339 115.053054 116.981814 116.375091 118.740770 119.355202 120.104696 123.256690 132.760762 147.719490 150.016520 154.465162 173.014338 179.780397 183.728651 189.075823 191.562107 191.026202 190.314915 187.780306 186.525838 188.163110 193.323996 194.905649 194.677371 195.084329 198.316968 201.950819 204.351630 219.151288 197.427295 185.304920 175.715523 171.318113 168.976493 163.769758 163.475160 151.717266 148.740714 146.809996 148.151759 143.134411 138.131165 136.455534
124.815149 122.542452 122.481473 128.089763 118.087361 116.078396 113.292429 110.610311 111.201351 111.876233 109.665254 111.478382 115.988157 117.153532 117.991461 118.260614 117.822142 118.718848 118.731988 120.080091 124.016401 132.347631 147.675141 162.796208 156.631976 172.863186 178.823789 182.880088 188.731268 191.017521 190.673417 188.445918 185.917170 187.353085 189.221807 193.339318 195.136089 194.300705 197.043256 201.731372 205.172973 209.146128 201.295609 193.627398 181.041590 178.352719 178.341625 172.510732 166.325439 162.198820 152.354021 152.033091 149.809581 150.612921 143.510987 138.990165 136.791253
121.651007 121.082984 118.975629 127.460790 116.477563 116.113719 113.478581 112.150997 114.277454 111.493872 111.212928 111.523255 113.833893 115.296582 114.100737 118.022916 117.565691 118.384602 119.423892 120.812240 122.813660 129.323791 143.113009 165.121771 171.802159 172.575446 177.968795 183.038517 184.649993 188.933306 190.157491 188.305281 186.089017 185.929092 187.366863 191.624269 197.514652 196.429081 199.758105 204.456481 205.650351 209.755043 201.406811 196.095402 187.988969 187.876775 176.872638 170.094627 170.458681 157.823750 152.662948 153.343078 155.490598 153.701208 143.868387 138.600476 136.936174
117.808418 118.573090 117.323884 127.581292 116.426833 116.349589 113.673554 114.720725 113.758725 111.926473 112.822139 113.409053 114.195035 114.805423 115.673414 117.375258 119.990513 115.856309 121.481834 121.771678 124.046409 128.580135 143.083015 159.926298 171.229294 178.094542 178.380852 181.988696 184.241613 187.790799 188.808364 188.836153 187.898472 185.653905 185.646120 190.353428 194.399511 201.103748 204.441323 206.447212 210.401711 123.355133 207.707444 199.111088 189.770295 179.614079 177.630255 178.527954 170.923938 167.067935 156.945067 155.368223 162.393582 157.283391 143.194084 138.774971 137.045946
113.688253 114.274606 116.542861 125.010446 118.621905 116.325855 114.842479 113.494591 110.355253 109.435983 109.680662 109.369588 112.088017 113.705539 115.140570 116.844248 118.945513 121.339116 125.841645 125.264761 126.890003 129.831005 145.767478 164.198135 172.651722 176.089886 179.490607 182.294388 184.270417 187.494740 188.512484 188.378417 187.911266 186.001426 186.790683 190.575618 193.437703 199.854938 204.737551 207.007315 218.169932 226.344990 221.904220 196.932598 182.925234 180.108285 180.492211 179.282322 173.762715 166.157573 156.067887 156.828932 168.302949 156.047619 144.388062 139.327694 137.913302
112.572366 110.934998 113.703433 122.018827 119.298851 117.301760 114.822825 111.877723 111.065659 110.721941 108.785190 109.641531 113.245851 115.711692 116.650159 117.837075 118.556425 119.296832 124.468380 130.492737 136.653942 143.210227 159.434400 169.942229 175.794429 178.347372 180.444394 184.117690 184.741026 188.351074 188.724889 188.261616 187.798981 187.485406 188.324295 191.735825 194.080905 198.554931 205.047108 206.331440 207.656676 222.187589 226.309640 201.476187 191.355456 184.671862 184.455539 180.598074 169.298740 165.672675 158.291599 167.612147 168.847738 159.871135 145.084991 140.540710 138.051097
111.005729 108.674594 110.058258 118.530571 118.530407 113.916470 114.853818 112.300375 111.841236 111.934806 110.319258 112.294599 114.331684 119.575318 117.416692 117.936261 119.928161 120.883786 121.939711 128.519212 134.545286 139.186947 143.726728 156.643837 176.022289 180.357152 183.528434 186.086735 187.703979 189.577626 187.959274 186.873183 188.016543 188.538216 188.049802 191.794172 196.400679 195.189090 204.247040 205.868016 206.538316 217.629306 104.996261 216.389341 197.170654 190.649430 186.066953 182.043507 171.446251 169.990537 165.761774 173.616050 172.397292 171.726888 162.181770 150.704111 142.310951
109.371799 109.383143 108.987124 115.641047 119.377093 113.045730 114.067034 113.776781 114.306638 115.152881 116.056984 117.762339 119.155169 122.537609 123.057712 121.197083 122.520713 123.726796 125.612815 131.086002 135.718022 137.931609 146.124041 154.361389 175.057160 181.952205 184.736440 187.876293 189.938858 191.033591 187.693204 185.111147 185.521590 187.110358 186.658636 188.641731 193.809985 194.045775 201.366395 205.700262 205.311047 211.581384 225.188791 219.632539 197.602456 192.836568 188.085697 183.611457 178.682942 171.457707 175.039135 178.202295 170.424278 154.189619 145.105489 142.859500 147.256371
109.258281 109.443740 106.462155 110.142457 119.321572 113.930318 113.550228 113.753270 114.686944 115.219692 115.805551 117.793431 120.401064 121.450833 123.126677 128.320850 129.575340 130.160353 131.022657 135.904825 146.973200 140.818723 146.844488 166.272997 174.218572 183.354807 186.289238 191.731607 192.330349 193.305782 188.234745 184.445544 184.125542 186.221428 188.355911 191.004168 192.336644 199.210630 200.997527 206.533152 206.136818 212.260259 223.200352 207.570938 197.544685 190.886821 188.523016 184.173141 180.960925 179.219591 178.616528 174.966317 169.411006 153.239328 145.042584 142.156787 140.074807
109.702997 109.138370 108.596132 107.578651 115.260518 116.150499 112.410551 112.972532 114.869079 115.398419 114.815212 115.826540 116.881608 117.938179 116.743767 121.905642 129.435330 135.622644 148.554744 166.036936 173.880443 163.045121 165.737291 173.953199 179.688772 183.457903 188.931468 194.824312 196.059102 196.509413 190.152259 184.217817 182.813158 184.921663 188.431441 188.461555 193.381951 194.207928 202.237241 206.137714 206.805952 217.956232 226.446959 205.719836 198.516477 191.898619 189.126755 185.325801 180.630184 178.551834 178.445489 172.895433 167.598976 153.548499 145.357311 141.564431 139.764129
109.231421 108.736747 109.790990 110.535693 113.198576 115.496221 112.646189 112.171953 112.531266 112.888573 113.656531 114.500448 115.015017 116.324011 116.608356 116.925205 123.125016 127.475543 132.980770 144.991661 175.819639 188.388772 185.278790 190.696279 187.348411 186.076305 190.576162 197.958497 198.834944 198.685355 192.951976 184.843580 183.020579 182.872959 188.843311 189.055921 193.865294 195.513912 203.014808 200.506160 207.247617 160.580876 217.799756 202.992797 198.162987 193.127898 189.219301 185.408507 180.720732 180.770540 177.532486 171.916937 165.811832 153.911776 144.782884 140.946560 140.198949
108.829033 108.631485 110.976114 110.449672 109.611092 112.110657 112.194771 111.716606 111.748147 111.417878 111.588212 111.802963 113.591641 115.618853 116.668753 118.597955 123.307976 127.798604 131.906320 146.630502 180.337669 203.161412 206.778667 210.769166 198.355769 192.422687 194.182275 199.521517 201.875671 203.512634 196.986502 188.988783 185.397248 184.511091 189.113866 190.015954 194.763246 198.587013 201.936746 201.117700 212.519398 220.694521 147.042126 205.215347 202.585736 195.395833 190.714604 186.583661 181.204185 178.959635 173.826190 170.423260 165.193711 151.033252 144.794868 142.629964 140.557376
106.607180 107.032620 107.325119 107.853112 109.654706 110.541808 110.570858 110.260882 111.042086 110.953075 111.292080 111.493893 113.854275 116.840425 119.694654 121.781786 125.589149 128.701979 128.427129 167.358434 202.114711 214.160141 219.592759 221.760450 207.410153 199.335467 199.778451 201.478993 202.899225 210.446312 204.681651 194.358037 190.336205 187.064220 189.215137 191.006824 195.070191 199.567222 200.306686 208.289498 215.868180 225.469198 219.289921 206.054722 200.728347 197.147721 192.648258 187.762756 182.010171 178.977589 172.530909 170.075657 164.306223 158.024949 144.958979 142.198499 141.080463
104.782357 105.392256 107.174563 107.700971 108.735895 110.554202 110.861424 110.389847 111.131960 110.927789 111.038587 112.589591 113.723134 116.887058 119.261718 119.517894 123.349140 126.453526 130.195050 178.281227 213.740801 187.026944 194.371404 213.082565 223.419264 209.796676 205.429587 201.644188 203.253686 205.624605 216.117681 200.196933 194.901330 191.014004 190.904450 192.596470 196.203525 199.454928 198.629608 208.652713 209.692324 224.650724 54.378563 211.730082 202.004723 199.562881 193.316794 188.051458 182.362907 178.976462 173.705876 170.944131 166.475313 153.758244 144.239111 140.211401 141.118096
102.720636 107.131576 108.060844 108.360565 108.716909 109.767950 110.701995 110.955851 111.344698 111.558204 113.620277 115.325493 119.689539 120.667403 119.993844 124.422584 133.576319 137.269053 148.374512 199.783428 198.946076 177.059319 182.914784 203.899556 217.988187 226.853441 222.096655 209.994064 205.707091 208.093278 219.041797 204.411892 199.374325 194.862591 192.973225 193.091854 195.698537 199.571432 196.585424 204.283152 210.588003 212.441640 225.494889 216.732340 201.130573 206.153065 194.640177 188.805197 182.859071 179.780182 175.405108 173.199115 163.913207 153.953905 143.599792 141.369973 142.326742
101.186423 106.648510 106.940737 107.691224 108.274712 108.488125 108.543269 116.033846 110.982426 113.588303 114.465052 114.045771 115.560849 118.018063 119.326006 122.198577 129.637039 134.714434 171.785799 206.662739 181.317500 162.540681 179.442397 193.822631 204.441280 214.942264 228.035629 223.735194 221.964469 213.789813 224.425542 218.807941 212.085027 203.986044 199.356500 197.467529 195.206373 200.147788 196.282543 202.778301 211.827903 219.365611 226.143319 225.197343 212.024183 208.148102 197.352919 189.858341 183.784961 179.714553 175.179267 167.621687 163.345120 149.398987 144.208781 146.120068 142.467070
99.032906 99.198018 99.360021 104.568190 106.980649 107.405251 104.568788 109.131425 119.285639 114.190073 114.761231 115.677117 122.329332 119.674176 119.828505 122.474351 128.157000 140.809999 185.830387 199.843649 175.457938 152.279214 175.092041 185.804837 194.454192 213.363478 214.904898 218.891410 229.428771 226.021155 60.154297 228.099450 224.876644 214.744294 206.895335 205.086616 193.467168 201.118566 199.634351 203.775825 207.318271 207.786446 216.817359 168.563751 224.287631 205.252177 198.634742 192.073665 185.609770 179.638712 174.566388 160.979056 153.234182 147.338902 146.319937 145.519068 143.004888
95.645900 98.248544 98.245455 101.922463 103.490180 104.689088 104.829109 106.837544 115.500670 121.186374 112.631863 111.799680 121.222690 126.081938 124.811504 125.981140 152.040181 174.178812 202.795554 184.852624 171.719170 147.915914 170.450797 178.548370 184.650857 195.246241 202.139271 208.070708 216.797648 210.399999 209.108457 211.527996 220.573454 226.826707 218.083105 217.593969 196.334048 202.505982 201.957047 206.305401 207.400648 205.753387 209.414241 216.908717 87.049582 212.239285 202.704005 193.471846 187.755010 179.962639 176.177789 157.329927 151.913985 147.212029 153.221278 145.179354 141.313915
96.104119 99.069172 100.332772 102.404350 104.589401 104.436114 105.563426 110.764131 117.174011 123.793672 121.704976 120.597826 125.058639 125.370618 148.202822 169.897094 190.838208 195.332217 180.077269 172.463168 149.444335 141.710369 161.754495 176.267579 182.401921 191.229824 200.851135 202.118417 200.267853 205.850936 206.287349 205.956570 217.690038 223.736460 110.916531 219.733314 203.355658 205.251246 205.703504 205.732490 208.016178 205.204527 205.312532 215.067785 225.118343 213.757464 200.567133 191.548105 189.349970 181.724345 178.613908 163.204471 151.908410 154.294712 157.893373 144.392025 141.015220
98.142516 103.330126 103.450497 104.093283 103.918892 106.406030 107.774046 112.072031 118.314822 122.231746 131.040167 130.073921 130.454173 138.043422 155.724778 185.816746 199.691128 186.274840 171.002228 155.316498 137.383784 139.290744 159.386629 172.528557 181.348966 189.145681 193.883012 200.235053 206.132781 206.073691 206.379288 205.811777 205.682708 216.585427 226.143898 225.600471 212.260443 206.131240 213.491112 205.272765 207.178871 204.880125 201.629581 212.115533 221.144991 215.026635 201.997355 191.280439 187.925033 182.200190 178.979071 170.394117 155.021668 159.101776 158.067417 144.285733 139.936316
104.087672 105.083823 105.295519 104.401944 106.783609 113.572671 112.074492 115.243627 119.192802 121.452751 124.050017 126.215115 133.138839 176.506461 187.381948 196.715429 183.317009 170.808749 150.014214 135.781893 132.327552 137.257015 161.932688 172.566499 180.403088 185.070397 189.034171 196.887757 204.389570 206.531112 208.887056 209.661145 213.485932 213.669031 214.624189 223.471693 221.647111 214.410575 219.153024 208.293151 206.167060 206.971107 197.206091 203.980789 217.068319 213.171429 200.964098 195.088556 190.542846 183.975210 177.844920 174.162445 163.962951 157.976264 157.214011 144.651046 143.313818
104.034501 104.718856 104.779007 101.235890 107.002914 115.793483 115.853241 118.057787 120.289821 121.001022 122.869347 129.043780 167.237540 181.952867 195.067371 184.449693 170.731718 155.045286 132.970041 128.887612 128.144100 131.633176 149.522631 167.641742 179.008698 181.995652 185.682961 193.168989 198.374664 202.212387 206.061502 206.778787 208.794537 216.635978 227.591581 220.342775 50.085753 52.761417 87.031156 225.409338 212.877568 205.880786 200.277432 203.524700 222.433344 213.476344 204.402703 198.753859 191.148446 186.492049 181.513026 176.489199 175.876572 165.866686 155.088972 145.675063 142.875413
