tests/3D/PSQL_test/output-maps-SE27XX/SWEDENSITYN0040.asc
ncols         295
nrows         180
xllcorner     627200.000000
yllcorner     5109000.000000
cellsize      200.000000
NODATA_value  -9999.0
[rows 150 to 174 of 180, columns 171 to 227 of 295]
-nan -nan -nan -nan -nan -nan -nan -nan -nan -nan -nan 221.631842 209.286180 196.000135 188.116801 183.334539 181.649025 172.293798 164.911310 161.649828 157.706026 153.889573 157.982343 163.706822 162.264018 163.402905 163.843106 161.832142 158.341146 160.037136 155.908830 152.606496 155.908422 166.427212 172.487282 171.570952 159.640638 156.061228 152.865747 153.742474 150.336964 147.578800 151.905713 159.173978 160.805275 171.132074 174.848055 176.087069 173.062422 173.120209 175.944483 175.361398 176.201156 185.873344 190.862962 182.603997 178.510682
-nan -nan -nan -nan -nan -nan -nan -nan -nan -nan 52.902787 212.553075 200.754013 187.562453 183.189037 182.202823 179.275146 173.072022 170.180879 164.440799 160.625743 156.949160 163.919004 169.426015 165.884934 165.203148 164.040597 162.371773 159.751587 159.898358 156.342883 153.322168 152.349565 159.925176 176.115987 171.063899 158.353498 158.950119 155.316353 158.064716 156.944828 156.679756 158.566153 163.276056 165.608350 174.255060 180.667766 176.168891 167.448585 178.139714 178.610442 183.369369 183.893918 188.801897 177.563102 172.889814 170.148791
-nan -nan -nan -nan -nan -nan -nan -nan -nan -nan 220.099228 209.403659 194.209259 184.197523 182.656130 178.585365 177.075054 174.596891 169.982929 164.943643 165.309436 164.619357 166.218919 173.881724 171.810617 166.533253 165.848862 163.044207 162.206986 156.834010 158.662740 160.559618 155.021443 161.866786 174.725650 178.780406 162.946223 158.942362 159.790721 159.624556 159.798063 160.150527 163.961127 170.763448 177.461926 181.857393 182.777078 178.582897 171.963161 173.915886 178.686424 186.564474 189.906784 177.290679 166.181199 163.108414 167.894834
-nan -nan -nan -nan -nan -nan -nan -nan -nan 99.223648 213.628448 204.409330 191.643458 181.615154 180.721709 173.106273 172.443971 172.975501 169.395570 166.855510 169.292365 171.295324 170.826952 179.516803 177.955108 176.182305 165.518385 163.291333 163.060549 159.038149 161.855122 167.518057 162.750244 163.588445 176.303056 177.418561 170.555421 168.741321 166.004176 164.208236 163.003196 164.600941 166.750437 176.467561 180.672111 186.596101 179.757607 178.811196 178.944317 177.740838 181.376550 188.378135 177.412773 169.490626 161.128042 160.524598 158.882746
-nan -nan -nan -nan -nan -nan -nan -nan -nan 226.403236 206.753692 198.633455 188.936719 181.973907 178.796484 171.980386 173.097127 173.633807 169.814303 174.479131 181.012538 180.299504 180.991077 182.417453 182.459948 175.743332 167.470909 165.745714 163.276629 164.435566 170.801413 174.960795 176.890429 177.862444 177.546458 184.725790 175.780630 173.420994 169.704228 166.770487 169.828752 174.548677 173.907762 182.756913 189.902055 182.944328 183.093489 179.604089 179.785941 188.857029 194.064225 184.713942 166.233027 160.109117 161.710026 158.071836 152.967276
-nan -nan -nan -nan -nan -nan -nan -nan -nan 220.721764 203.031825 195.055839 185.584696 180.855656 174.714220 170.735685 175.938449 180.003589 181.147736 182.363118 182.035821 181.451455 185.442644 184.284807 182.528538 176.861999 167.357086 163.762695 166.701354 175.292317 176.323106 179.451442 177.307856 176.699036 177.687585 185.721473 180.108900 179.064152 177.116562 176.864465 181.091053 192.653143 187.822228 199.348435 200.834335 188.128861 180.662636 183.722044 187.401257 193.211257 182.000955 164.535347 158.842226 155.900428 160.840885 151.007877 147.631725
-nan -nan -nan -nan -nan -nan -nan -nan 231.187507 223.602909 206.869176 193.641345 184.562947 177.927932 171.340842 175.149025 180.676461 182.693578 182.349115 182.231342 180.985072 189.423355 194.298979 183.619872 182.611133 180.372279 175.042271 177.312547 178.087952 181.616253 185.917389 182.658019 191.008299 190.495057 190.728485 193.191980 175.283058 188.538758 184.002867 177.912917 196.246019 201.429313 192.916752 190.647021 184.345882 195.183525 185.674993 197.066334 196.640569 184.497985 174.010722 162.147733 158.433824 161.085000 155.651604 147.858226 145.949215
-nan -nan -nan -nan -nan -nan -nan -nan 157.421034 222.073955 200.941537 189.140029 181.298462 176.700234 174.362130 174.320090 179.983839 185.983587 191.129456 187.281924 191.015468 197.574607 200.515611 187.125586 183.421164 182.522549 179.230731 180.351998 187.976884 200.361872 204.782678 206.218678 207.170093 200.978525 203.878217 204.753575 202.061818 193.771356 201.977366 202.029431 199.367276 193.362094 188.174155 183.910194 178.501493 179.027145 196.715284 189.930280 181.595416 172.908920 165.074980 160.786875 163.017779 160.386295 152.106654 144.043122 140.143460
-nan -nan -nan -nan -nan -nan -nan -nan 32.972226 219.115798 200.533840 188.335076 181.747903 177.674372 180.254697 179.966829 191.042569 201.288133 197.857305 198.084424 198.575515 214.063572 202.150362 196.580722 187.670801 189.317036 196.136255 202.891716 209.869623 205.189363 197.112486 193.374267 194.390801 187.458270 188.978643 187.430651 175.672217 176.638675 183.780643 188.290915 189.055518 188.028171 176.108130 176.254583 176.634908 177.820937 186.955132 175.890432 172.646945 164.522813 163.599464 163.362300 162.334787 159.932587 151.542476 139.433711 137.147068
-nan -nan -nan -nan -nan -nan -nan -nan 111.276973 227.981576 202.517408 183.862962 179.101499 188.739148 193.430999 192.087415 207.368907 211.673651 224.913599 225.379414 219.233111 213.769453 209.145495 194.150437 195.887429 213.644490 213.184433 201.969817 193.234240 193.821526 192.103719 188.168503 183.329599 182.076607 179.273018 179.957314 175.554186 174.925774 176.234071 183.133508 182.231746 180.236139 176.335374 175.183903 168.473819 176.688481 178.348007 176.572304 167.623054 163.620361 164.435391 162.610528 163.241203 157.592748 144.593136 135.898631 138.155197
-nan -nan -nan -nan -nan -nan -nan -nan 39.799265 231.670312 199.602034 190.921176 196.451098 207.455511 211.447956 -nan 228.865435 221.091268 220.153406 214.034318 205.738015 221.505629 224.183558 221.115556 214.644405 214.507100 194.019639 189.063913 184.711149 179.212921 178.351416 173.707288 171.793834 171.444585 177.544418 175.764207 173.215040 168.541553 172.673199 179.966080 178.296500 177.939469 174.321384 169.121334 167.793173 166.558025 167.236585 175.795410 174.874978 167.527580 163.804177 162.723236 163.898070 157.363905 140.068674 135.259134 138.332351
-nan -nan -nan -nan -nan -nan -nan -nan -nan 224.064282 199.438401 206.764729 231.998136 -nan 121.430707 226.516593 209.422887 199.692520 197.068703 193.900940 190.615094 191.243866 210.509160 202.516209 198.412627 192.010419 184.907064 178.386866 177.410237 173.201434 170.149365 164.142054 160.686277 161.771023 166.650984 172.875719 167.034201 163.807034 167.880293 173.187449 173.077503 175.069095 170.106464 164.466003 160.226636 156.570078 157.754071 163.174947 168.980112 169.108884 164.393443 162.829934 159.885191 157.484778 142.133791 137.280119 138.737098
-nan -nan -nan -nan -nan -nan -nan -nan -nan 226.316894 209.750965 226.207110 -nan 225.814786 209.262966 197.486683 195.069393 187.260578 182.410298 177.637582 180.260276 179.457390 190.392283 195.880369 186.655492 181.213038 177.337021 169.487867 165.871349 160.773926 158.300777 157.849945 157.534975 159.067985 161.636473 166.927102 164.007665 160.433319 162.729522 167.726167 169.801609 173.115276 168.732767 161.084953 158.163989 151.264135 149.444414 153.406208 165.484625 170.098412 168.572582 165.527950 156.606265 155.449586 141.450362 139.158845 139.554256
-nan -nan -nan -nan -nan -nan -nan -nan -nan 237.364046 218.898283 232.272511 -nan 196.408891 195.497344 193.211236 192.513980 184.622575 180.932674 175.432096 173.553900 179.741693 188.358555 189.963746 176.692913 167.581201 166.449168 161.132433 160.538255 154.046203 152.641111 152.136918 154.763919 154.166187 157.572120 163.935243 162.988446 160.876520 160.461517 162.404709 167.650067 171.613873 163.414727 157.986395 154.313383 148.736547 146.108514 148.698611 159.115272 169.041858 169.329637 162.663116 158.898855 154.127774 140.864193 139.657823 140.580140
-nan -nan -nan -nan -nan -nan -nan -nan -nan -nan 230.841905 231.686551 -nan 194.500719 197.395835 193.330151 190.909450 179.255379 177.480923 174.477146 172.433361 180.964957 179.964854 185.109627 170.059360 162.911058 161.727961 157.172940 154.278919 152.440324 151.408666 151.058001 152.207798 154.208229 156.745663 162.341302 163.531467 159.407144 155.162889 159.195044 166.994342 166.651801 162.146143 157.128528 151.937035 147.026950 142.463030 142.880729 152.100663 164.083115 170.596147 162.849092 160.522890 150.514678 139.851657 141.497315 142.312666
-nan -nan -nan -nan -nan -nan -nan -nan -nan -nan 233.998379 -nan 230.837743 200.957668 203.781283 193.785521 185.427259 182.110803 177.139591 175.163817 178.253799 180.584991 178.163307 185.309151 168.752778 162.167681 161.402765 154.116823 152.608636 152.984724 152.594926 151.274164 150.186961 154.549963 158.069536 162.418662 160.906304 157.232136 155.178062 159.419811 165.253763 164.802974 161.492640 157.189101 149.873150 145.942869 142.729981 141.639424 146.953289 159.254447 170.661937 164.644463 158.465921 148.409680 145.024690 143.267922 143.753344
-nan -nan -nan -nan -nan -nan -nan -nan -nan -nan -nan -nan 224.231388 212.103584 197.802048 192.080142 187.195094 182.745752 180.661149 178.675363 179.954269 176.997920 175.035350 182.182206 174.823262 162.786594 161.962935 159.264944 155.738623 154.386499 153.621346 152.285299 150.375292 155.406686 159.420469 160.963910 161.199744 156.205014 155.065508 157.887166 161.873037 163.695205 161.632476 157.191408 151.124461 148.321327 145.453069 145.597427 147.556793 152.505270 162.499989 171.163989 159.955833 153.473167 146.434730 145.405576 145.410306
-nan -nan -nan -nan -nan -nan -nan -nan -nan -nan -nan -nan 227.551475 207.715426 199.852286 200.210578 191.334246 182.864326 180.976488 178.985620 175.625124 174.171240 171.018515 168.601241 180.248276 166.320734 163.972543 160.275343 155.658754 156.070413 153.841781 151.770535 151.087935 157.271141 159.207152 160.022801 158.040692 154.368012 152.762384 153.006365 159.341343 162.693030 160.349747 155.807247 152.632747 150.371054 149.157137 149.539616 150.228005 149.310732 154.968363 166.012220 168.225788 156.298281 149.909953 146.261997 146.451187
-nan -nan -nan -nan -nan -nan -nan -nan -nan -nan -nan -nan 228.261463 204.144945 199.940229 198.791458 187.966573 183.667698 181.736928 173.350985 172.994004 173.254236 167.450602 165.883311 178.435729 170.687108 164.709591 160.588556 155.668266 155.701660 154.829624 151.964314 151.798368 158.707478 159.601149 155.425204 153.123910 151.614970 151.415232 150.797427 159.040721 162.156286 159.219011 155.769589 152.729309 151.175986 150.212023 151.521022 153.140929 155.128169 158.389702 160.628630 169.828408 157.451162 149.337416 146.290403 147.344118
-nan -nan -nan -nan -nan -nan -nan -nan -nan -nan -nan -nan 234.355962 206.446104 204.274647 199.309452 187.311243 184.205267 180.989790 174.277400 171.874594 168.822686 169.324589 166.465121 170.106398 169.773368 165.164926 160.962971 157.589074 156.192317 152.865198 151.022081 156.267746 159.301857 155.801557 152.467332 151.465239 151.445399 151.254547 151.839121 157.283659 159.799373 156.790749 155.020850 153.998906 152.183329 155.650642 155.806070 158.570101 158.666577 161.572042 163.506364 165.666221 159.040456 150.900909 147.948999 148.764582
-nan -nan -nan -nan -nan -nan -nan -nan -nan -nan -nan 241.040141 224.383887 210.476897 210.550685 197.663301 187.505993 184.504650 180.340843 174.915688 168.932219 165.073643 165.745825 165.748546 163.214534 168.402859 163.082230 160.692133 156.388759 155.108271 155.799498 154.599019 155.639187 157.915392 153.212255 151.567220 150.676040 151.902902 151.669681 152.338590 156.941592 154.435034 154.019060 152.686270 154.030104 155.889282 156.808475 159.374559 161.635228 161.801986 164.368778 165.468932 157.034306 154.554213 151.475483 149.386543 149.793694
-nan -nan -nan -nan -nan -nan -nan -nan -nan -nan -nan 241.450648 223.977502 208.531232 205.855715 199.424959 187.231604 185.047142 180.636816 174.585048 167.713922 163.966790 161.104422 160.353513 163.720232 166.838351 161.635537 160.770632 153.658454 152.534836 153.479033 155.057559 155.565203 155.284985 152.301511 150.465898 149.282376 152.155177 152.158792 152.600282 155.470404 154.085700 150.850105 149.404073 152.540374 156.628059 159.998394 161.949591 162.131509 164.313277 164.082081 157.529939 151.515879 150.076950 151.998789 151.062752 149.739842
-nan -nan -nan -nan -nan -nan -nan -nan -nan -nan 55.694739 238.956450 221.632565 207.291354 203.764355 199.378307 190.214204 185.448191 180.555353 173.227335 165.412958 162.363131 161.788365 161.250508 161.046443 164.935208 162.461809 158.202331 152.570888 152.101884 153.668494 152.393904 149.706937 151.667704 151.429442 149.761802 150.004430 148.843459 151.888584 151.811264 152.423127 151.366422 150.221064 148.658732 151.886560 157.125370 162.002739 162.904056 167.926040 171.090369 161.434467 158.191378 157.212666 154.468959 151.118394 149.185558 147.960938
-nan -nan -nan -nan -nan -nan -nan -nan -nan -nan 27.590247 239.351235 225.801021 210.853231 201.119523 192.446774 193.698153 185.767024 180.127723 171.780046 164.286140 161.518914 160.722577 160.563554 159.737232 162.130045 157.920660 154.232367 152.111518 152.410496 153.919988 155.143511 150.929262 149.875487 150.623060 151.013036 151.023783 149.701681 150.322729 151.085232 152.218850 151.223268 149.877826 148.315073 152.698855 157.310609 162.181901 163.563025 170.550747 164.702020 158.435486 159.590753 155.891954 152.496665 149.864749 147.147666 147.133429
-nan -nan -nan -nan -nan -nan -nan -nan -nan -nan -nan 176.974715 226.437522 215.181693 199.397019 191.968697 187.179218 183.285557 180.969569 172.986898 164.366810 161.425922 160.635085 159.025107 158.516400 159.489032 156.421323 153.174402 151.451906 153.136292 153.068352 154.465697 150.189501 148.327160 150.007824 150.884606 151.302866 151.187542 151.214019 149.881290 151.904416 151.119727 149.800566 149.816296 153.577521 158.854501 162.424613 163.863749 164.874094 166.981110 159.017378 160.239316 156.075381 150.140438 148.446243 148.540926 149.308539
