tests/3D/PSQL_test/output-maps-SE27XX/SWEN0025.asc
ncols         295
nrows         180
xllcorner     627200.000000
yllcorner     5109000.000000
cellsize      200.000000
NODATA_value  -9999.0
[rows 26 to 51 of 180, columns 180 to 239 of 295]
25.202485 25.334371 25.600553 25.293783 25.572332 25.844744 25.795547 25.420175 24.775309 24.828912 24.585897 24.638117 25.786252 26.179714 25.229144 24.685358 24.898183 25.644581 25.697731 25.982330 26.390214 26.573248 26.754153 25.560659 26.135109 26.397820 25.853118 25.454069 25.660752 26.492208 26.973617 27.023521 27.079291 25.397334 20.065081 21.662717 21.991006 22.027323 23.422407 24.190416 25.680173 26.520332 26.554913 26.614383 27.049053 26.455995 26.028567 26.292433 25.598400 25.379208 22.204334 21.255112 20.126469 20.272856 20.529322 21.539202 24.597068 25.406630 25.966938 26.065115
25.132843 25.335138 25.319356 25.108440 25.639346 25.789787 25.618305 25.223493 25.043267 25.339661 25.493077 25.653928 25.380703 25.181060 25.976414 26.287222 25.340370 24.793366 24.845312 25.632363 26.320140 26.519650 26.680582 25.967754 25.894493 26.189216 26.122933 26.048252 26.098953 25.873364 26.446729 26.899301 27.297422 25.759322 23.788966 23.581255 22.855180 21.459557 22.088249 22.688145 24.934217 26.261520 26.137135 26.544216 27.024040 26.184543 25.786712 26.296723 25.634787 24.103503 20.589360 20.475630 19.769996 20.019026 20.357075 20.882309 22.709785 25.510319 26.123333 25.974735
24.950523 25.561021 24.726458 25.221180 25.646949 25.413048 24.944397 24.733692 24.922804 25.344918 25.695274 25.825753 25.804481 25.049980 23.924999 24.349663 26.090221 25.258871 23.925991 25.064727 26.148161 26.456898 26.427392 26.303139 25.628504 25.679793 26.257989 26.302899 26.473049 26.296699 26.461057 27.064786 25.562411 23.514985 23.565858 24.755274 25.581202 24.629287 22.121064 21.858619 24.969502 26.301857 25.832175 26.133293 26.523734 25.678822 25.950898 25.475053 23.896454 20.534533 20.397989 19.908761 19.782177 19.953276 20.229070 20.526838 20.831751 25.322234 26.281533 27.002476
24.960368 25.650776 24.734344 25.399720 25.446586 24.768505 24.685808 24.999765 25.295567 25.644990 25.782462 25.753745 25.801339 25.862716 25.725951 25.012858 25.064952 26.233441 23.508919 24.372853 25.819295 26.530803 26.347582 26.634478 25.635404 25.687674 26.141350 26.312959 26.766874 26.821689 26.592993 26.845211 23.733609 21.628084 24.722289 22.850376 22.621795 24.655858 22.986802 22.180975 25.413555 26.641699 25.874559 26.372607 26.377469 25.100407 25.502885 25.420536 22.931274 21.335936 20.806596 19.961536 19.593849 19.895658 20.169614 20.490304 20.523727 23.659546 26.210547 27.522795
24.864836 25.578996 24.972564 25.130400 24.848288 24.344718 24.825760 25.449770 25.677146 25.731361 25.702407 25.756333 25.811167 25.865777 25.920469 25.875699 24.582373 26.409743 23.511489 23.775120 25.426190 26.465854 26.351651 26.864316 25.782797 25.388709 25.598546 26.076963 26.691132 26.981504 26.968247 27.211436 23.748069 19.770221 22.551996 23.394195 24.625544 22.962172 21.872060 23.051036 26.001996 26.681846 26.427982 27.009747 27.253754 25.114343 24.451130 24.337781 22.646219 21.840554 20.796021 19.915583 19.481456 19.847618 20.121749 20.442924 20.521920 23.528697 25.361432 26.612047
24.757411 25.433122 24.195404 24.245931 24.853506 24.499222 24.693466 25.543663 25.680017 25.733623 25.704549 25.759094 25.722024 25.669097 25.722903 25.876509 24.222742 25.977271 24.316878 23.111719 24.792577 26.306387 26.261621 26.644061 25.787494 25.057851 25.282319 25.950198 26.699736 26.756887 26.611399 26.310579 22.748920 21.374259 22.290934 22.338363 22.938327 23.764032 23.299657 24.345032 25.859587 26.721459 27.040687 27.511969 27.684773 25.427483 24.056370 25.257471 23.419725 21.775612 20.270057 19.568953 19.442230 19.810692 20.086754 20.410618 20.566123 22.280404 24.907226 27.372556
24.388733 25.132108 23.529548 24.543545 25.192260 24.908825 24.831753 25.546044 25.756542 25.735348 25.706294 25.843343 25.813735 25.776092 25.829958 25.975970 24.031640 25.529916 25.020540 23.562975 23.828492 26.214668 26.356270 26.414607 25.924556 25.233534 25.610210 25.507282 26.793145 26.339602 25.987055 23.958802 20.062167 21.681006 24.349113 22.078113 20.907156 24.270605 26.722715 27.248577 27.491275 27.707391 27.523254 27.692053 27.822219 26.018806 24.326105 24.850183 21.990158 20.362601 19.248101 19.069116 19.415778 19.785744 20.065929 20.394364 20.626185 19.165914 24.337027 26.838221
24.253191 24.823943 23.156514 24.255076 25.203353 25.246881 25.079960 25.358647 25.757850 25.736022 25.706255 25.759397 25.812699 25.774789 25.919962 26.058160 24.030529 25.528701 25.173718 24.731983 23.391021 25.623078 26.263418 25.994164 26.051563 25.707526 25.614250 24.993970 26.799347 26.347319 24.974156 21.598465 20.414412 23.584838 23.396479 21.188523 21.845882 26.408535 25.982965 25.075925 25.741183 26.799345 26.857735 27.479849 27.931188 26.276129 24.369392 21.960083 20.802988 19.760265 18.840638 18.987180 19.397198 19.773087 20.059713 20.395017 20.657914 19.936509 24.681154 26.733294
24.481282 23.667699 22.319182 23.764225 25.092406 25.143092 25.201692 25.449576 25.599385 25.652332 25.704806 25.757397 25.810234 25.863405 26.000685 26.131075 24.579985 25.394577 25.017359 25.225592 22.923367 24.843999 25.809747 25.445556 25.502158 26.227863 25.765899 25.350338 26.952231 26.583514 22.676152 19.715016 21.051160 23.097694 26.238593 25.265380 24.917216 24.769588 24.373127 24.670668 25.579766 26.837094 26.433329 27.185125 28.038145 26.817795 24.498661 23.590424 21.238360 19.031538 18.598506 18.973766 19.388784 19.772483 20.067900 20.290517 20.685126 20.541083 23.294507 25.693153
25.376523 22.498624 22.321346 23.937823 25.206675 25.354424 25.495255 25.546313 25.507802 25.559434 25.785040 25.837254 25.889799 25.942862 25.996510 26.126548 25.059524 25.113434 25.166631 25.499648 23.157082 24.476376 25.806264 25.442318 25.499804 25.707769 26.397208 26.228402 26.957712 25.947800 21.851203 20.999114 23.043345 24.538557 24.822009 22.116988 21.878295 23.070359 24.164369 23.977787 25.201463 26.235779 26.121064 27.123385 28.126785 27.878722 25.687631 23.278365 21.189685 18.895740 18.580323 18.899446 19.389746 19.783117 20.089626 20.382076 20.730826 20.547808 23.089521 25.909627
24.392522 21.571824 22.322598 24.260296 25.304279 25.443808 25.493653 25.544627 25.497062 25.555917 25.780807 25.832577 25.801325 25.937405 25.990768 26.120627 25.469489 25.253878 25.447082 25.215888 23.373075 23.869720 25.668694 25.859864 25.496529 24.881694 25.293190 26.228853 26.951520 25.800237 23.924229 22.466620 20.437210 22.292526 23.433957 22.414587 21.891396 23.354977 23.684439 22.649307 24.786320 25.503550 25.570646 27.022498 28.207955 28.351721 26.903233 23.344474 22.428988 18.843002 18.736724 18.897272 19.398778 19.666385 20.059024 20.429084 20.793324 20.472591 24.955458 26.863323
21.296466 21.821926 23.357005 24.812111 25.393221 25.598684 25.648587 25.765927 25.501041 25.551045 25.775272 25.826333 25.878189 25.930470 25.983603 26.037192 25.907231 25.639637 25.570493 25.495312 23.374453 24.071022 25.373695 25.431338 24.998337 24.876314 24.747814 25.350408 26.415477 25.301903 24.995424 22.746651 19.787977 22.021638 23.702430 23.252188 22.204488 23.377439 22.614349 21.780140 24.811926 25.107069 24.949303 26.756407 28.207584 28.384077 27.523547 24.355474 22.718635 18.087603 18.556324 18.899665 19.348410 19.629722 20.102198 20.487860 20.805643 20.653665 25.208181 26.370913
23.455872 24.318738 25.109857 25.566241 25.672917 25.521092 25.569814 25.811804 25.577675 25.438110 25.586143 25.735827 25.870355 25.922186 25.974949 26.028111 26.217786 25.745977 25.560602 25.617877 23.588494 24.455453 25.513259 25.571581 25.631037 25.833440 25.604069 25.171395 25.409353 25.641089 26.851252 26.498082 21.972333 23.889422 26.442628 26.215735 24.554404 24.392174 21.741399 20.846704 24.835136 25.353068 24.744770 26.443646 28.222132 28.374547 27.527385 25.338595 23.266344 17.845997 18.614514 18.968828 19.367078 19.664217 20.087702 20.426961 20.828101 21.023810 22.292437 25.526321
25.115439 25.623156 25.376974 25.341204 25.660863 25.508213 25.286321 25.530521 25.488715 25.537497 25.668653 25.627659 25.686790 25.829029 25.872181 25.833384 25.887050 25.495707 25.279169 25.032970 24.393164 24.445801 25.643276 25.835194 26.256050 26.311241 26.272955 25.660094 24.459946 25.795495 27.013984 26.082851 21.974202 24.579517 27.049926 27.631191 25.211262 23.917753 20.797686 20.531771 24.380917 25.158073 24.772052 26.290789 27.824169 27.493838 26.412586 24.916443 23.538226 18.452969 19.080295 18.966276 19.386837 19.771814 20.076311 20.563607 20.921657 21.198810 21.127902 24.753265
25.018636 24.837302 25.284109 25.239453 25.082354 24.894664 25.069146 25.605937 25.728444 25.701829 25.750592 25.626093 25.675953 25.726553 25.669764 25.246488 25.297957 25.212717 24.804294 24.857174 24.742973 24.434512 25.187266 25.823288 26.244500 26.410257 26.654732 24.387777 22.011336 23.864182 22.947748 21.913217 21.376447 23.391146 24.428921 25.144552 24.101543 23.672069 21.757835 21.515538 24.141364 25.398247 25.468962 26.254662 27.240430 26.915724 26.162474 24.763931 21.162093 20.599910 19.796742 19.102664 19.404541 19.871307 20.319260 20.701736 21.082773 21.327662 21.907112 22.974899
23.270592 24.446820 24.049868 24.397542 25.085027 25.332394 25.468550 25.738673 25.785676 25.833285 25.814415 25.705252 25.663561 25.605580 25.312204 24.796020 24.999056 25.336155 25.251081 25.444995 25.361538 25.115932 25.476439 26.168111 26.510815 26.576100 26.949381 22.752851 21.722421 23.615471 21.833392 21.316001 21.375213 22.866017 23.198790 23.007838 22.803112 23.149246 23.491288 23.296904 24.163531 25.413170 25.052554 25.309077 26.424618 27.329967 27.273382 25.208733 21.600537 21.035390 20.009190 18.951690 19.416726 19.900974 20.368037 20.771746 21.176309 21.588364 21.900369 22.786789
24.122961 23.492101 22.952417 23.920380 25.280593 25.571167 25.541677 25.728333 25.833530 25.880459 25.868832 25.682732 25.541872 25.484413 25.029511 24.620093 25.129103 25.805362 25.860024 26.015898 26.073311 26.031394 26.191911 26.431562 26.702652 26.822123 26.775213 22.214535 22.536996 22.607288 20.000783 23.490351 22.795611 21.734909 21.800469 21.565293 21.324532 21.392371 22.370955 24.341426 25.756341 26.040124 24.834048 24.629273 26.072849 27.317892 27.656584 26.212885 21.172025 20.258716 19.622135 18.884755 19.420398 19.922044 20.407971 20.833351 21.262180 21.773616 22.083884 23.068467
24.889690 24.582903 23.147164 22.562920 23.415355 24.742990 25.358757 25.649730 25.915285 25.918191 25.854536 25.750710 25.526527 25.354157 24.868407 24.260571 24.966372 25.887025 26.117573 26.089903 25.955235 25.905252 26.073954 26.026919 26.300191 26.690573 26.688858 22.469297 21.117660 22.588735 22.108019 21.292005 23.042196 24.550083 24.839784 22.444275 21.632447 22.299753 22.946866 24.337672 25.763609 25.853895 24.846344 24.847844 26.072188 26.994215 27.378881 25.769251 18.545722 18.894862 18.668952 18.868069 19.411978 19.996420 20.435443 20.881601 21.333782 21.874224 22.370402 22.055322
23.260914 25.434416 24.860186 23.176987 22.142845 22.628220 24.187208 25.291874 25.605997 25.792649 25.838719 25.734139 25.403180 25.214684 24.538551 23.869772 24.947339 26.042547 26.242143 26.061902 26.027170 25.637613 25.821300 26.108176 26.179556 25.893165 26.414546 23.683014 19.206160 23.329775 25.130369 23.235629 21.651670 21.720177 24.174958 25.518565 24.785251 23.672502 24.007248 24.579292 25.351170 26.244025 25.749439 25.287872 25.875498 26.544586 26.648322 22.769684 17.563607 18.329797 18.525273 18.831170 19.387801 19.923511 20.380891 20.846257 21.386233 21.985643 22.546471 23.008000
24.532972 23.475193 24.953852 25.623482 23.934600 22.167557 22.431760 24.214246 25.408963 25.634319 25.754128 25.542598 25.384460 25.066056 24.176997 23.653315 25.071948 26.096411 25.891758 25.633102 26.014165 25.856781 25.799262 26.287685 25.378421 24.951858 25.658642 25.866614 20.157046 20.539170 22.079916 22.946418 22.213625 22.283737 23.430984 25.315121 26.285565 25.484365 26.131772 25.858374 25.756661 26.762356 26.525627 25.267841 25.533025 26.204822 25.178401 18.293896 18.130525 18.316427 18.454214 18.839083 19.344583 19.896220 20.370332 20.854089 21.414419 22.036342 22.621023 23.138051
25.458679 24.284697 22.716556 23.714901 25.765332 23.959507 22.630967 22.891577 24.547754 25.336203 25.478253 25.318645 25.250164 24.908097 24.156064 24.018847 25.187019 25.100797 25.154944 25.208984 25.403591 25.590721 26.285226 25.137196 24.867309 25.570545 25.165487 26.880637 23.477420 20.203580 17.541845 19.339532 21.012475 22.796634 25.217295 24.894411 23.572972 23.393132 25.563200 26.980248 27.075768 25.946466 26.086252 25.411730 25.706778 25.419474 21.913479 18.909174 19.019644 18.638094 18.561374 18.760542 19.346464 19.845524 20.400384 20.901558 21.413233 22.054688 22.660678 23.272107
25.391986 25.426916 25.054964 23.145266 23.727078 25.752950 24.303589 22.661690 23.321918 24.260536 24.754438 24.796922 24.977145 25.021677 24.930508 24.178033 24.400492 23.705123 23.754455 24.194367 24.430212 24.661319 24.718710 24.224440 25.752998 24.725469 25.459281 26.739161 26.929790 24.995123 18.235631 16.462213 17.637914 20.761168 24.988373 24.660538 23.029907 22.554773 22.918903 24.067468 25.793163 26.995306 26.688833 26.592832 26.297809 24.915354 22.087792 20.833812 19.874869 19.213638 18.888817 18.786973 19.031679 19.768132 20.336409 20.851442 21.378141 22.104890 22.659735 23.219986
25.382151 25.415606 25.601550 25.173681 23.357769 24.250485 25.821009 23.828384 23.684788 24.075540 23.176703 24.320760 25.203081 25.361125 24.283385 22.954675 23.216882 22.820377 22.625578 21.939284 23.411712 23.016260 22.834120 24.744025 24.257695 24.696664 25.852210 25.648283 26.450548 27.058009 22.293079 18.271395 17.251670 22.217435 24.975660 24.195135 23.276466 23.620643 23.446178 22.704057 23.077086 23.904868 25.294644 26.865525 26.860099 24.456804 22.342222 21.239489 20.180653 19.449207 19.162513 18.795144 18.977458 19.589349 20.114558 20.766478 21.372320 22.113796 22.682874 23.188708
25.429126 25.402842 25.544369 25.714446 25.192181 24.074793 24.692465 25.808696 24.894093 23.320576 22.507739 23.957119 24.790767 24.539278 23.517704 22.695502 22.516453 23.644548 23.901047 22.889424 22.937822 22.514357 24.111555 25.348400 23.604559 25.332792 25.080241 25.749748 25.829250 26.680314 23.536988 18.935173 17.587236 23.751806 24.527045 23.436818 23.520740 25.013710 25.895712 24.759872 24.381891 25.182352 23.701664 25.016339 24.216946 23.887748 22.671919 21.597628 20.594032 19.749866 19.203905 18.762325 18.895127 19.447202 19.982568 20.643586 21.258103 21.935829 22.446581 23.102742
25.358412 25.388664 25.528572 25.603546 25.593783 25.443066 24.798343 24.571240 25.843046 23.491730 22.707553 22.959392 23.790863 24.186665 24.056141 23.729854 23.964601 24.697004 24.242720 23.919548 24.162232 25.196426 25.106806 24.689393 25.382730 25.300033 25.656191 25.278143 26.287752 25.256136 25.656486 22.031696 17.562446 22.972289 25.121020 22.048598 23.492733 24.984990 26.214973 25.383450 24.598267 25.158207 23.329376 24.365528 23.290265 23.598357 22.306534 21.278571 20.475188 19.760759 19.284807 18.529572 18.642762 19.202076 19.813334 20.414451 21.032755 21.600068 22.296172 23.026260
25.278645 25.373063 25.460832 25.619751 25.678793 25.731181 25.640092 24.682454 24.717807 25.619401 23.868515 23.142328 22.970196 23.802789 24.675853 24.720760 25.049052 24.663540 24.712200 25.567260 24.958674 24.363442 25.493952 25.137270 24.349989 25.551548 25.173232 25.816636 25.309915 24.681229 26.289072 26.368158 19.623315 22.415352 23.542152 21.113496 23.192315 24.736254 26.011087 25.747269 25.026937 23.917774 22.977612 24.292826 26.063546 25.669055 22.748500 20.625871 19.954154 19.350378 18.530821 18.241823 18.376003 18.967886 19.600620 20.275964 20.761560 21.392427 22.088661 22.820015
