tests/3D/PSQL_test/output-maps-SE27XX/SWEN0033.asc
ncols         295
nrows         180
xllcorner     627200.000000
yllcorner     5109000.000000
cellsize      200.000000
NODATA_value  -9999.0
[rows 104 to 129 of 180, columns 120 to 179 of 295]
24.863453 29.019719 29.264254 28.726558 28.850751 27.805786 27.302541 27.170171 27.225505 27.096034 25.968239 23.563659 22.552966 23.869224 25.717386 25.359814 26.050592 23.801234 20.032216 17.882600 19.937924 20.899637 16.485979 13.458392 11.221741 10.846178 9.353112 7.013451 4.458545 4.779252 5.205611 5.449257 6.627581 6.223199 4.038133 3.348049 0.000000 0.000000 0.000000 3.827758 6.178994 6.206532 8.957769 11.352288 15.844618 19.807310 21.832126 20.678111 19.674081 20.787303 21.543348 21.837123 22.101849 21.839747 21.192817 21.831884 22.217349 21.658066 21.042057 20.958084
26.826631 29.919162 29.766865 29.021511 27.968690 27.649270 27.693166 27.558788 26.460034 24.644172 23.968336 23.571479 22.872278 24.652716 27.594820 26.462616 25.826560 24.336746 19.154286 16.407679 16.330435 17.981746 16.814468 13.510913 11.143506 9.875799 9.529341 8.282217 6.648230 4.647082 2.031272 3.458239 3.829853 2.502668 1.056813 0.118620 0.000000 0.000000 0.000000 3.143703 1.693486 6.971455 8.739458 14.560618 18.521848 22.123156 22.357254 20.766065 19.892341 20.773808 21.526975 22.173400 22.563169 22.318691 21.550176 22.132859 22.846422 22.385288 21.864009 21.924248
27.983983 29.777956 29.191144 27.948156 27.808277 28.625629 28.048625 26.608710 25.049387 23.521924 23.409473 23.871161 25.048720 26.903130 26.435181 26.372799 25.879839 23.883383 18.781426 15.239430 13.689273 14.963974 14.810296 13.643274 10.928839 9.887954 9.431426 9.040859 7.843898 6.347573 5.447206 0.281240 6.001707 5.431241 3.948745 2.416704 0.000000 0.000000 0.000000 0.001959 6.059260 8.790265 12.432458 17.201265 20.637613 22.109651 21.640861 20.454036 19.626742 20.760473 21.312520 22.324595 23.090541 22.453131 21.711066 22.410132 23.038892 22.841802 21.992208 22.178968
27.343174 28.779048 27.916377 27.775022 28.345465 28.206006 26.070437 25.448988 24.249882 22.929146 23.425686 25.656886 27.663644 25.414910 24.837283 26.399995 25.508776 23.978737 21.138212 13.310693 9.821758 9.320750 12.650723 12.237407 10.677666 8.734052 6.268705 6.395047 8.249618 6.657915 4.307644 1.305815 2.402241 3.659852 3.527701 0.304771 0.000000 0.000000 0.000000 1.863770 6.891749 10.836358 15.293917 19.138490 21.763549 21.133969 21.462835 20.682272 19.614323 20.746941 21.298869 22.311723 23.194235 22.721842 22.031392 22.529761 23.020324 23.266467 22.251707 22.022748
26.623544 28.450912 27.730449 28.337142 28.024183 26.677496 24.486082 24.368153 23.054523 23.553081 26.243659 26.896472 24.591081 24.236816 25.340167 25.652739 25.317802 24.031206 21.305782 13.644558 16.365244 10.440201 6.937275 8.554834 10.340380 4.552247 2.124068 2.325888 4.852866 7.598090 6.079469 4.496787 0.000000 0.000000 0.000000 0.000000 0.000000 0.000000 0.000000 2.472284 7.599861 12.181673 17.132150 21.146975 21.214180 21.327192 22.257721 21.340271 19.344503 21.965417 22.998978 22.760101 23.181024 22.708297 22.017965 22.377374 23.003195 23.450614 21.961256 19.875186
26.108460 27.454497 27.741725 29.100410 27.855289 26.690200 22.310885 21.166565 23.679823 27.354982 26.470392 24.464766 23.820896 25.473727 25.994618 25.011642 25.120092 23.544088 21.598257 22.464960 21.946166 14.166067 10.574522 5.845980 4.499366 0.000000 0.391168 0.000000 0.000000 2.926009 1.122072 0.000000 0.000000 0.000000 0.000000 0.000000 0.000000 0.000000 0.000000 2.963938 8.045928 14.447053 20.050332 20.887734 21.632926 21.959157 22.611936 21.745668 20.115390 24.336349 22.972909 20.324828 22.793095 23.182317 22.460195 23.002392 23.418884 22.035060 21.440898 17.679229
26.090818 25.423199 29.367044 28.829659 27.867570 25.474368 19.410765 20.438719 27.972990 27.553824 25.373911 25.007710 26.047054 26.330279 26.009000 25.472898 25.769933 24.564828 23.698792 25.084564 24.007113 16.616572 10.892488 9.595120 5.544604 5.892817 5.050707 4.381933 0.000000 0.000000 0.000000 0.279013 2.695039 2.403537 3.786909 3.577749 0.000000 0.000000 0.000000 3.898469 9.061904 14.900621 19.929189 21.723636 22.626434 22.705042 23.389726 23.551740 21.250641 22.638624 21.006318 17.143189 20.455079 22.690170 21.662897 20.820181 19.888624 19.577310 19.251858 18.429334
26.634503 25.976169 29.925294 27.821402 27.064615 23.435930 20.912975 24.099599 26.737639 26.416807 26.515284 26.591343 27.180614 26.343959 25.817612 25.265625 25.368863 24.575249 25.125608 25.945863 24.353064 19.517809 13.096444 10.872872 10.032263 8.965008 8.343977 6.084522 4.291235 0.478610 0.554013 3.173822 5.728425 4.975001 5.107359 2.405809 0.000000 0.000000 0.123866 3.120787 12.300573 17.760973 19.959247 21.504040 23.448523 23.489658 24.440103 24.560746 22.233825 20.722281 20.600708 16.213399 18.492588 17.846129 16.020168 15.644528 14.952351 14.890133 16.926329 19.404325
24.007931 25.419412 28.679029 26.256409 24.763199 25.209091 24.811514 24.410440 25.116524 25.760371 26.316422 26.602236 27.024343 26.157228 24.684265 23.799836 23.422064 23.308383 24.628313 25.045369 23.798496 18.163840 14.480594 13.083056 11.394674 10.018445 9.479822 8.726759 6.676375 5.386494 5.374910 0.547155 1.597939 0.127299 0.242898 0.000000 0.000000 0.000000 0.000000 5.472285 16.698210 22.946197 20.093994 20.304781 24.582055 23.626419 23.770309 21.758957 19.868155 18.164407 20.147575 16.243356 17.358502 14.475758 13.745319 14.350603 15.566679 17.259970 19.689119 20.057908
24.960994 28.817214 29.265906 24.895001 24.472964 27.566136 26.598523 26.477811 26.983429 26.448086 26.324009 26.798685 26.487177 22.874057 21.194659 22.366332 24.201036 25.442233 25.885844 24.339872 19.977715 16.984918 14.775027 13.176595 11.422452 10.248067 9.508400 7.964205 5.351267 4.754171 3.601559 0.000000 0.000000 0.000000 0.000000 0.000000 2.885605 2.320743 0.000000 4.755376 21.320928 14.460226 14.227735 15.822163 17.672016 18.150121 18.423227 15.531447 15.767245 17.305249 20.436863 17.737589 19.011158 18.392094 19.573541 19.973485 21.475777 22.164869 21.116167 18.938426
28.956269 29.265004 27.108627 25.454086 27.292869 28.430759 27.241323 26.910068 27.718405 26.659495 27.291274 27.492775 23.873904 20.269986 23.071950 25.478200 25.786049 25.466057 24.245058 23.525018 23.757831 19.668954 15.547722 12.233691 10.914153 9.937633 8.795223 7.063282 2.995759 0.372575 0.000000 0.000000 0.000000 0.000000 0.074324 1.752793 5.230383 5.545707 0.000000 2.535897 8.511100 6.128666 10.267118 12.826035 14.208594 16.112337 15.951813 14.555243 14.504259 17.461856 19.205883 19.085947 20.909316 22.066352 22.596139 22.751294 22.529890 20.838548 19.929946 20.077212
29.765747 28.970538 28.334320 27.627914 28.564675 28.845177 28.143048 27.312182 27.173014 26.237480 26.933541 24.263670 21.734512 23.459604 25.406392 23.260822 23.704309 25.502352 25.175397 23.895814 23.404424 20.002499 15.890297 13.676096 11.963227 10.617828 8.587030 3.788174 0.778278 0.000000 0.000000 0.674332 1.979751 4.887416 2.738185 2.657957 6.966218 7.339520 8.304712 0.000000 0.000000 0.000000 1.808551 6.450218 6.470234 13.079818 11.390813 8.765652 9.085200 8.945655 12.983421 15.755809 18.691721 21.686483 21.114690 22.384307 21.302819 20.042168 22.089521 21.550181
28.770958 28.636929 28.669723 28.536959 28.977045 29.178378 28.580759 26.911683 26.348034 27.753033 24.914221 22.483981 23.587373 25.753160 25.863041 25.311121 25.627509 26.275993 24.968044 24.152286 23.506236 20.121041 19.374603 16.183547 12.564220 11.011162 6.386719 3.188726 2.262387 0.000000 0.000000 1.843152 5.707414 6.562537 5.649063 5.765703 9.641678 12.663907 14.700437 8.756531 8.296265 3.504325 0.000000 0.000000 0.891968 0.607578 4.110796 4.441640 4.738931 4.492556 3.265422 5.107449 11.118222 17.768049 20.315027 22.386753 21.674868 21.408675 22.231821 20.071274
27.569676 28.073520 28.661292 29.226433 29.488499 29.174280 27.020519 24.989967 26.562063 27.592515 22.903575 24.792920 25.421058 24.835161 25.204608 23.837441 24.976355 25.308159 25.187556 25.658378 24.414061 22.178073 20.429551 17.845818 13.246302 7.370650 7.793549 0.786738 0.678044 0.000000 0.549453 4.452036 7.731738 6.777931 8.924054 9.818371 11.446987 16.086732 20.473009 16.315828 10.639601 5.750871 3.564459 0.000000 0.000000 0.000000 0.000000 0.081564 0.590855 1.636676 2.301114 2.772296 4.181497 14.135836 17.247559 20.235137 20.567603 20.477136 20.185274 20.085787
26.594727 27.859566 28.650924 29.906098 29.084554 26.471379 23.937261 25.251035 25.648396 24.198097 24.370205 26.993355 25.436164 24.584954 23.105896 22.395926 24.491313 26.267448 25.586502 25.268605 24.526193 23.561750 22.447226 19.063477 13.214567 12.475152 7.159102 1.213114 0.000000 0.317333 2.559371 6.117575 9.296971 9.524353 11.854177 13.077439 14.851991 20.467276 21.646290 19.769096 14.869396 7.816235 4.074922 3.623200 0.000000 0.000000 0.000000 0.000000 0.436992 0.693736 1.236660 2.273224 2.437628 5.183539 13.728542 17.183240 20.785619 21.263736 20.409330 20.310422
26.579581 28.238826 29.634095 28.509378 27.471260 25.463798 27.220272 27.483933 25.135591 23.923125 26.123782 27.509947 26.884532 23.773426 23.109548 21.457848 21.995820 22.791618 23.264539 25.094623 24.979664 23.642166 24.005385 17.166625 19.257481 12.623591 7.876254 3.978421 0.000000 0.991697 6.769158 8.375244 10.887740 10.609619 13.939314 15.243984 18.304258 21.569292 22.876094 22.578217 17.445490 13.787872 4.685904 6.790777 4.850440 3.463972 0.000000 0.072210 0.617522 1.215823 2.239054 2.188507 2.751805 2.777485 3.060904 14.311665 19.256526 22.093288 20.626687 21.254726
28.531427 29.438960 28.281159 26.459196 27.036964 27.723383 29.023977 24.687852 26.121946 26.235131 27.470150 27.004206 26.313364 23.774285 24.221290 22.714948 22.602863 23.640126 23.536453 24.432083 24.081728 23.665306 21.503723 23.867015 22.278339 15.604326 9.658240 3.942089 0.396029 0.521993 6.664097 9.301425 12.712609 11.607466 14.506674 16.634682 21.739609 21.876109 22.685360 23.708478 18.816937 17.198310 8.460514 9.939225 9.121568 6.398638 4.902144 0.000000 0.429785 0.847761 1.699218 2.591345 2.584550 3.095202 2.120178 10.523082 14.900687 17.619585 20.643177 20.888058
29.868144 29.306526 26.044811 26.915090 28.507592 29.639071 26.788497 26.454650 27.866860 27.898716 28.056603 27.932106 26.104387 24.589223 25.445810 25.106547 25.223930 25.112949 23.540694 23.172538 23.839934 25.766254 24.689393 24.437517 23.759864 21.098929 12.747413 8.836004 4.060469 3.745995 2.596369 7.284976 11.444972 13.139627 15.367476 17.615174 22.334803 22.002150 22.698198 23.880978 19.164296 18.863771 12.480798 12.869768 12.559751 12.417265 11.947692 0.543938 0.000000 0.574105 1.616240 2.338301 2.958708 2.761447 3.161219 2.878546 8.756179 12.991505 14.836636 15.954328
30.007507 29.152542 26.781871 29.466357 28.172291 28.371619 27.762498 27.815782 28.012590 28.299816 28.965799 27.928754 25.665096 25.325692 23.115040 20.801447 21.044880 21.597378 21.814656 22.885273 26.561638 25.983333 25.377492 25.619805 24.283954 22.896840 18.358746 10.598710 6.513346 2.511800 4.473894 7.973850 11.341211 14.579115 15.735693 17.961543 21.977547 21.855869 23.304289 24.047193 19.530783 19.856365 16.084080 15.505329 15.813918 15.809769 16.330146 6.504872 0.000000 0.430399 0.956336 2.074431 2.586858 2.979118 3.189533 3.253704 3.198963 2.555503 5.105705 6.748476
29.614449 29.258625 27.436664 29.678033 26.527496 28.772028 28.385329 27.967501 27.518299 26.432573 25.409487 23.989588 23.604347 22.917101 20.199911 22.392646 26.570888 25.086616 24.494071 24.607885 25.161286 24.900517 26.224582 25.457144 24.132704 23.749938 20.566941 13.411314 6.609863 2.743384 7.606847 9.175880 12.167265 14.976815 16.376182 19.146868 21.575650 21.679227 23.315841 24.060526 20.101788 20.306691 20.060205 18.421796 17.841477 17.646087 19.539913 11.248955 0.169664 0.178576 0.616274 1.474323 2.384242 2.808398 3.193485 3.469411 4.021515 4.422435 4.780002 5.307407
28.930270 29.568620 27.197976 28.858399 25.238843 27.285468 27.558796 27.446194 26.536869 25.248851 25.392595 24.520479 23.299141 22.286936 23.931566 27.156812 22.311273 19.946988 19.516676 20.121341 22.797746 25.689721 25.922292 24.692443 23.192599 23.403202 20.399695 15.681562 8.380719 4.451230 6.705254 9.855901 13.056748 15.582033 17.932677 21.153978 21.647220 21.696384 22.936489 23.407114 19.273561 18.596258 19.546504 21.736157 20.945342 21.422049 22.288597 12.873477 0.849025 0.000000 0.387982 0.912277 1.933726 2.516090 2.970213 3.385099 3.715787 4.188826 4.582218 4.997465
28.741853 29.867681 26.476195 29.563331 24.952428 25.916456 26.955585 27.612636 26.941019 26.205026 26.709662 26.194293 26.070856 27.078406 26.964982 23.002314 25.230894 25.342740 24.789824 25.334756 26.313603 26.353686 24.593480 22.788581 22.473521 21.645818 19.544287 14.117774 9.814336 4.883487 7.003996 10.995964 13.456042 16.425715 20.353153 22.715747 21.468726 21.710529 22.743034 23.928970 20.926929 18.608322 18.227998 20.420788 22.539267 23.154840 22.864703 15.172309 2.589114 0.000000 0.340101 0.628747 1.464743 2.290111 2.702667 3.218336 3.687834 3.939593 4.324088 4.705763
28.368704 30.020347 26.452490 29.539908 23.738968 26.599557 27.708202 28.085031 25.595298 25.231463 25.377910 23.386694 22.361885 20.602631 21.210397 24.627982 26.251492 25.344060 25.236798 25.539626 25.624545 24.480486 23.163264 22.517007 22.940476 20.998781 17.002251 13.410460 8.942460 6.555055 9.668547 11.432830 14.136325 19.189763 22.119925 22.206813 21.025588 21.720978 22.959914 24.879330 23.678408 21.564136 16.977183 15.534588 18.851387 21.433360 22.024928 16.863369 4.300237 0.000000 0.000000 0.494915 1.023805 1.889039 2.534294 2.970793 3.440935 3.752377 4.129638 4.504270
26.873540 29.147362 25.379528 28.927885 24.029401 28.288907 28.449672 25.160298 22.072921 21.960896 21.566168 20.069389 20.709248 20.968174 23.395734 26.169254 25.003081 25.125861 25.020407 25.131709 24.587330 23.266617 22.604637 23.170336 23.487323 19.645780 14.608583 9.691679 6.464401 9.468875 11.394519 14.891297 17.602855 20.972482 22.531945 20.478336 21.064957 22.869358 23.550298 25.110851 24.300466 23.065454 20.517278 15.922012 16.506498 19.996935 21.359345 18.832416 11.655109 2.671907 0.000000 0.362942 0.563976 1.318909 2.211995 2.607306 3.105020 3.491142 3.932884 4.369218
25.263623 28.191759 24.193349 29.240237 25.435746 29.096563 26.231216 25.410745 24.234705 24.411988 24.859921 23.953586 26.478277 27.670140 26.978890 25.103903 25.002333 24.665381 24.321712 24.460891 23.877756 22.450673 23.076008 24.020821 21.426641 17.459351 14.478432 9.581602 8.740034 8.796690 13.225367 17.775269 21.461401 22.629447 21.607043 20.897684 23.190229 24.635470 24.079972 24.911521 25.263056 25.221513 25.049053 21.874882 18.408648 19.200464 20.412871 21.098255 16.735130 6.991672 3.637910 2.628273 0.305832 0.750199 1.627231 2.417897 2.908891 3.286505 3.722986 4.153558
25.796713 28.806240 24.158088 28.738820 27.293648 29.170457 28.137460 29.031100 25.791414 25.694354 23.461206 21.125017 21.713941 23.180858 25.201998 25.330062 25.001133 24.423642 23.559185 23.977974 23.369875 22.727927 23.531836 23.787095 19.523135 15.302604 14.288589 13.137484 10.153193 9.244094 14.694919 18.408407 22.726327 22.525774 22.036724 22.659699 24.613749 25.250100 24.545269 24.700329 25.560173 25.436534 25.241566 24.725645 19.003864 16.808777 20.123141 21.568729 19.106400 14.586376 7.042649 1.301344 0.243006 0.414422 1.036605 2.071106 2.598498 3.002310 3.439107 3.783072
