tests/3D/PSQL_test/output-maps-SE27XX/SWEN0036.asc
ncols         295
nrows         180
xllcorner     627200.000000
yllcorner     5109000.000000
cellsize      200.000000
NODATA_value  -9999.0
[rows 52 to 77 of 180, columns 120 to 179 of 295]
21.042377 20.622748 23.112615 24.591178 24.541201 24.633474 24.554336 24.407279 24.279483 24.379276 23.808362 23.296301 23.597824 23.028228 21.536404 21.544033 23.363235 23.910193 22.661696 19.304322 17.005169 15.027381 13.746495 13.153973 13.281635 13.515068 14.644379 15.699419 14.972840 13.317911 12.882343 13.235306 13.371588 12.696062 11.945100 10.111988 10.300947 10.693722 14.452974 20.208930 24.149465 24.868891 24.994980 24.933338 24.938825 25.145749 25.252779 25.234295 25.138775 25.187331 25.210121 25.160052 25.377131 25.397377 25.466815 25.528795 25.506292 25.527577 25.499067 25.462992
20.990539 21.444677 24.323262 24.686914 24.623673 24.519516 24.288565 24.402217 24.497599 24.755488 24.603476 24.176450 23.714321 22.433772 20.956211 20.941522 23.446030 24.502874 23.611074 20.491250 17.423621 15.992582 14.072988 13.388867 13.641630 13.921758 14.882222 15.795693 15.130269 13.467921 13.090007 13.195118 13.066546 12.135674 11.125748 9.495677 3.427149 11.464904 15.373175 21.235324 23.529316 24.376408 24.891910 24.963389 25.132425 25.236427 25.208191 25.233538 24.983709 25.039233 25.277795 25.297082 25.374589 25.334839 25.459370 25.582009 25.538636 25.558104 25.535274 25.505159
22.767232 23.841708 24.928320 24.938225 24.869274 24.119927 24.521681 24.850906 24.756876 24.916975 24.898866 24.671753 23.829860 22.143284 21.049174 20.792200 22.889917 24.337623 24.072062 20.956570 17.971906 16.417874 14.248546 13.603652 13.809566 14.639762 15.666645 15.517941 14.798916 13.494032 13.037546 13.314468 12.487115 11.196037 10.333145 8.376409 10.781734 12.788028 17.594087 19.629246 19.697427 23.286428 24.869094 24.893090 25.198612 25.207197 25.176540 25.172993 24.809608 25.039178 25.277410 25.295109 25.312969 25.328546 25.494159 25.545289 25.527307 25.501754 25.519780 25.488059
24.004611 24.921833 25.006364 25.021856 24.935802 24.585234 24.674601 24.833208 24.688732 24.684808 25.026936 24.623586 23.943262 23.010869 21.143210 20.651581 22.019520 23.891017 22.767639 21.992615 18.699725 16.468473 15.917509 14.362409 14.030117 14.741446 16.026416 16.104184 15.499163 14.003952 12.345290 12.680054 11.737758 10.500398 9.105243 8.156780 10.672141 12.261721 15.004717 15.118502 20.679276 24.219851 24.156550 24.938891 25.178035 25.130255 25.035827 25.025147 24.604309 25.041734 25.333991 25.349478 25.307143 25.321637 25.442915 25.499788 25.471842 25.487006 25.545576 25.469490
24.636381 25.173821 25.023152 25.033536 24.957673 24.805714 24.807157 25.037844 24.734883 24.421837 24.728827 23.281454 22.927808 23.289366 22.138066 21.230754 21.891135 23.665949 22.904444 20.007205 18.725886 17.056690 16.186102 14.835005 14.552184 14.599032 15.380251 16.278166 16.228718 14.451978 13.230788 11.349247 10.531273 9.561609 7.794032 0.546828 8.402835 11.261037 14.345069 18.917556 21.445066 20.312572 23.835483 24.672751 25.090236 25.044815 24.936147 24.736414 24.507580 25.041426 25.331738 25.394490 25.407307 25.370716 25.325059 25.394832 25.407395 25.470309 25.562279 25.500721
24.693318 24.885401 24.889731 25.192278 25.121883 24.779552 24.776253 24.957361 24.866779 24.665533 24.427076 23.033253 22.825797 22.230769 21.318710 21.316016 21.971044 23.709616 22.068504 20.795972 18.529623 17.029490 16.233273 14.997834 14.711433 14.817431 15.030699 16.178148 15.826167 14.445268 13.551591 11.704727 10.473513 9.438880 5.783198 2.548157 3.714460 11.478270 16.945362 18.691056 18.303897 19.908166 22.144151 24.777295 25.143299 24.905130 24.645492 24.682078 24.595601 25.036870 25.326717 25.388529 25.441998 25.163586 24.789136 24.816899 24.809713 24.838011 25.219082 25.305767
24.630110 25.060523 25.510455 25.348383 24.716952 23.542804 23.356063 24.016261 24.555486 24.667738 24.552970 23.325044 22.330906 22.719643 23.273906 23.613860 23.529669 22.801145 20.641095 19.159059 17.769546 16.280176 16.091161 14.747800 14.691696 14.908767 15.119604 15.648979 15.295704 14.124172 13.408156 12.080100 10.413272 10.117954 8.555753 3.680342 3.196455 9.727462 13.558209 16.392181 16.640010 17.851487 23.882426 24.903400 24.940977 24.364914 24.572277 24.505559 24.224634 24.462673 24.861676 24.967268 24.529992 24.406385 24.285257 24.156196 23.701276 23.365770 24.038363 24.825818
25.318183 25.534736 25.296000 24.618515 23.860869 23.311537 23.297424 23.819770 23.638922 23.450487 23.440781 23.431935 22.430446 22.417331 24.056734 24.586585 24.306192 23.279652 19.187890 18.204501 16.464898 15.520430 14.954916 14.362329 15.037091 15.487940 15.452035 15.299358 15.461318 14.108091 12.762180 13.100361 10.025147 10.287443 9.577823 5.909324 0.424386 6.174510 11.807145 14.307586 16.055066 17.251839 22.912662 24.372638 24.518804 22.318470 23.229984 23.403167 24.618468 24.862152 24.741329 24.714983 25.078913 25.264612 25.185323 25.452102 25.518415 25.342652 24.564149 24.026229
25.935203 25.912386 25.521763 25.329057 24.745035 24.448408 24.279942 24.817108 24.246734 22.563834 22.103337 22.091199 21.604112 22.286079 24.299753 25.116768 24.523784 23.380457 20.040029 16.931726 16.056688 14.873947 14.204316 13.902368 15.169061 16.258660 16.447539 15.848442 16.053353 15.258646 13.573582 13.474690 11.383100 10.346087 10.411542 7.506829 2.897370 4.571375 11.781731 14.077511 15.360159 16.894528 20.040239 23.662541 21.746922 20.929837 23.778697 24.528839 24.787330 25.141097 25.145065 25.166977 24.881113 24.251309 24.392521 24.523167 24.270318 24.409136 25.137167 24.881688
26.072700 25.914309 25.828354 25.861956 25.354041 24.725176 24.837869 24.680268 24.044096 23.833228 23.813082 22.629198 21.439471 21.159183 22.543073 23.893885 23.864970 23.051491 20.617940 16.294111 15.429210 13.501509 13.415723 13.156741 14.944518 16.579837 17.103212 16.190171 15.427262 14.491683 14.048444 11.447194 10.959061 10.138928 10.217008 7.347359 1.626640 8.537830 11.978258 14.772701 15.650656 16.870225 18.109710 21.035036 20.541965 22.343923 24.039798 24.737496 25.090318 25.263807 25.150595 25.024010 25.027942 25.112077 25.188175 25.362849 25.315629 25.123081 24.744276 25.190163
25.976288 25.943897 25.742308 25.937748 25.505656 24.857801 24.376474 24.013939 22.345184 21.325477 22.948277 23.706530 23.465403 22.341484 19.915315 21.565065 21.250736 19.627215 17.605122 16.458394 14.373166 12.523440 12.240548 12.148368 14.181796 16.684451 17.754037 16.729663 15.412525 15.427738 13.741683 13.478790 11.189325 10.241213 8.908202 5.856516 2.479783 9.110168 12.336732 14.452868 15.454639 16.873717 18.853961 20.918127 21.319730 23.322771 24.559786 24.723022 24.939960 25.225900 25.408660 25.338648 25.290083 25.291243 25.235182 25.384439 25.446467 25.467533 25.388946 25.104576
25.974854 26.225025 25.711217 25.569895 25.410413 24.988629 24.957944 24.928081 23.733446 21.944482 21.920827 22.138018 22.105814 21.306408 17.019839 12.349930 12.834909 11.905551 14.550086 15.594023 13.880701 11.595656 11.447821 11.505894 13.221297 16.357071 17.693445 17.668859 14.874308 15.245736 13.617424 13.104562 11.038705 11.714695 8.619176 0.736572 5.429280 9.926632 12.476070 14.047736 15.424320 16.831223 18.873659 19.710102 21.517499 23.775665 24.692731 24.787001 24.943772 25.239205 25.386257 25.323994 25.217237 25.216405 25.273029 25.270685 25.361091 25.394922 25.360465 25.396142
26.025335 26.316214 26.207199 26.007760 25.778577 25.519796 25.350136 25.185779 24.555924 23.199757 23.170108 23.349029 21.701331 18.776875 13.252304 8.031544 7.285224 6.398499 10.996904 13.263548 12.747184 11.185957 10.519161 10.087313 11.900916 14.624360 16.191056 17.026316 15.206824 14.935813 13.337391 12.254857 11.343284 11.463445 7.301008 4.158936 0.714110 9.403546 10.736355 13.352158 14.893861 16.390285 18.472273 20.711445 22.963691 24.407252 24.762553 24.846662 25.008565 25.225396 25.362576 25.330147 25.199689 25.254438 25.301630 25.248030 25.293675 25.333042 25.288335 25.287387
26.567746 26.573134 26.572192 26.563913 26.392163 25.762596 24.902961 24.533907 24.496272 23.912199 23.680499 23.441571 19.527474 15.355620 7.113120 5.778790 3.988119 3.434117 8.094629 11.020519 11.111452 10.667201 10.259207 7.748087 9.703501 12.733774 14.284659 15.644085 15.234077 14.594927 13.269283 12.036965 11.793380 8.617983 6.479107 3.368040 4.791917 9.160287 11.781341 12.860679 14.261108 15.499005 18.217108 20.263602 23.522512 24.531544 24.861184 24.662936 24.922422 25.229253 25.390345 25.307762 25.238923 25.283756 25.278931 25.166250 25.217020 25.338347 25.207736 25.081720
26.902159 26.801111 26.714518 26.568204 25.692949 24.730820 24.325817 24.815887 24.427872 22.719474 22.444192 22.163014 17.311624 11.854028 4.862198 14.185979 11.419407 6.641809 2.918679 7.574309 9.288405 10.598380 10.219545 9.069858 6.327284 10.981968 12.807407 14.195477 14.690430 14.115926 12.976268 12.103879 12.281220 8.568344 8.261732 3.530470 0.061087 7.638525 11.408141 12.133782 14.006370 15.840384 18.083549 20.641270 23.085493 24.276212 24.770741 24.678218 24.758389 25.366248 25.376012 25.288857 25.269414 25.261707 25.203902 25.003188 25.131700 25.307937 25.224875 24.876080
26.467128 26.310374 26.548942 26.220772 25.807473 25.338171 25.424275 25.903029 23.955801 21.523630 22.239614 21.426573 16.639540 6.733961 9.267487 19.490977 15.140191 9.132706 5.689068 2.702997 4.390275 7.661482 9.398722 8.337599 5.623923 9.760181 11.297673 12.805025 13.541435 14.002875 13.176749 12.102384 12.943871 10.088707 8.672618 7.449100 2.671148 5.663979 11.061656 9.440655 13.036976 15.544451 17.890121 20.466371 22.239943 23.375189 24.696844 24.651827 25.007379 25.233930 25.261254 25.285080 25.351625 25.314317 25.037605 24.896489 25.102765 25.275571 25.233115 24.859058
25.052274 25.643887 25.294726 25.985885 26.279871 25.136072 25.085423 25.643257 23.849085 21.895666 22.365676 20.684767 15.071519 6.911342 14.233525 24.957307 16.086523 12.104583 9.259919 6.400573 3.099786 3.994640 4.381511 6.760983 3.585422 5.588669 7.273296 9.952925 11.446685 12.121967 13.389017 11.948604 13.075318 10.545546 7.774534 4.514888 2.238719 2.630856 7.602619 8.867611 12.215466 14.703952 17.467726 18.990568 21.831201 24.543498 24.618536 24.911746 25.230511 25.115615 25.054266 25.134786 25.227575 25.145011 24.677871 24.947261 25.220162 25.269084 25.198251 24.822176
24.380153 23.403535 25.557341 24.820079 26.175263 23.882263 22.613558 22.593870 22.026848 21.151952 19.892503 17.862099 11.455912 9.652513 16.469955 25.963530 18.490438 14.809156 12.052937 6.630960 6.460724 5.577478 2.257241 1.276719 0.085104 2.326043 3.239519 6.684278 8.820654 9.411754 13.494963 11.638939 12.113714 10.891967 9.591065 8.836054 5.624209 0.811215 3.056471 9.450546 11.856908 13.951639 16.301778 18.920536 21.869276 24.539619 24.958016 25.176321 25.167594 25.124853 24.868074 24.899127 25.160160 25.143273 24.934279 25.202983 25.188726 25.132238 25.070518 24.765220
24.057191 22.479611 23.698072 24.723407 23.100068 22.262648 22.465257 22.670332 19.416055 16.962567 16.841887 15.590778 8.141027 14.117858 19.461778 25.862481 21.970217 19.220611 15.534548 12.152425 10.372319 8.259117 6.044386 7.605810 8.033020 7.497988 4.654304 2.596641 5.811476 5.385626 12.472735 10.725293 11.456226 10.306552 9.645267 10.073624 8.404671 5.525524 0.298981 7.472602 10.676900 13.573360 15.496859 18.649566 21.173260 24.310568 25.070898 25.130389 24.955369 24.826509 24.838940 24.878319 25.186793 25.270788 25.149398 25.172625 25.064429 24.972172 24.957080 24.805860
23.190034 22.577180 23.051786 24.834408 22.399621 20.595538 21.444856 20.799900 18.767753 15.665248 10.327828 11.428039 16.878395 18.654323 23.104765 25.730794 23.533204 20.737450 16.746005 13.684277 10.905827 10.586537 11.230447 9.220285 9.564159 9.608823 5.916265 3.420737 0.502725 4.762286 10.353200 9.597484 9.897527 9.935791 9.501739 9.786619 10.549910 6.644724 2.508091 7.085175 11.210521 14.238000 15.007505 17.872470 20.044133 23.948779 25.013934 24.866101 24.784303 24.447572 24.831373 25.074942 25.161198 25.216742 25.161470 25.175098 25.030653 25.042002 24.937637 24.765598
24.297598 23.491305 24.385856 24.089213 25.764549 25.547064 21.227961 18.919602 19.133153 12.809906 9.890469 13.537394 20.260439 22.156248 24.839861 24.951918 23.827411 22.442475 17.274583 14.593609 13.058632 11.198588 9.508184 9.170461 9.142743 9.332970 9.338805 6.231573 2.576849 2.754903 7.508301 9.328038 7.324636 9.713311 9.733345 9.880840 11.587942 7.505701 4.687307 6.770139 10.819654 14.344655 15.574683 17.677438 20.081374 23.541819 24.870060 24.861900 24.651804 24.432164 24.930473 24.986322 24.789117 24.941241 25.088631 25.065992 24.938518 25.003733 24.878283 24.723861
24.869694 24.571188 25.537852 24.861612 24.575704 22.811009 18.704733 14.167496 12.436179 11.022821 14.831077 19.793344 21.517897 22.326808 24.746342 22.987973 23.422954 22.566959 18.196263 16.325498 14.747358 12.097018 10.005349 9.049831 8.441569 8.264867 7.215095 7.108920 6.849446 1.203952 3.729091 6.844643 4.778416 8.688397 9.469842 10.202482 12.967453 9.771774 6.149981 7.409422 11.192827 13.089151 14.606507 16.940180 20.507266 22.158223 24.376265 24.791512 24.584581 24.601578 24.976270 25.044839 25.058295 25.099516 24.950539 24.602703 24.744786 24.914778 24.772689 24.814891
24.034619 24.679505 25.042864 23.302966 21.219978 18.836018 17.699924 15.108033 11.648085 14.976008 21.945571 22.676090 21.635989 22.935937 24.243035 21.499092 22.431248 23.568773 19.886660 17.602960 15.972275 13.217010 11.768709 10.657559 9.649720 9.490986 8.507919 6.233439 2.090853 4.473183 0.013126 0.046416 0.243208 3.302580 7.451811 9.581038 12.041991 10.237598 4.290988 7.298150 9.985587 11.943370 14.405468 16.005530 17.848191 21.438295 21.653442 24.268628 24.611394 24.736443 24.845432 24.863918 25.030717 25.173059 24.679231 24.679371 24.897566 24.919454 24.850514 24.376795
23.064667 23.263936 23.203403 20.730482 20.657358 20.238099 17.559073 12.948471 14.700076 20.580464 23.300495 23.316501 21.987233 23.947874 24.104151 20.672835 21.469528 23.731091 22.148096 20.492213 18.464005 15.231222 13.609846 12.057917 10.253644 9.865017 10.052196 8.645576 3.476058 6.073440 4.945919 3.781543 2.671243 1.372887 7.002727 9.700939 9.609832 10.008662 2.936678 7.599748 9.929595 11.847496 13.490984 15.459397 16.517071 20.671071 19.860636 23.914490 24.645115 24.765931 24.592064 24.908854 25.091749 24.913914 24.232613 24.786415 24.736998 24.832960 24.930853 24.122515
24.949614 24.391220 23.018939 21.750471 21.951807 20.373884 16.626476 14.655915 20.825733 23.875329 23.921061 23.411309 21.486154 23.318458 24.582926 20.116821 20.049634 22.242398 23.653870 22.715427 20.919500 17.427665 15.593895 12.944091 10.960285 10.470075 10.502043 10.536678 5.570814 9.329644 8.812826 7.570016 6.427458 2.924363 5.676178 9.352511 9.897493 8.960633 5.377101 6.096312 10.038465 12.177850 12.786228 13.874908 16.140268 16.333215 20.303766 23.564812 24.658328 24.760627 24.451640 24.809266 24.969533 24.558115 24.015071 24.666830 24.440782 24.790116 24.312435 24.221635
24.836304 25.822272 24.391754 22.726683 22.252326 17.124946 13.423661 17.996051 23.552641 24.296423 24.045481 23.241733 21.258230 23.856511 25.389700 21.677486 20.727889 20.960636 22.497293 25.184854 24.979435 18.893235 16.117065 13.911766 11.404835 11.202274 11.105431 10.975517 9.261230 8.152453 9.608329 9.204835 8.921165 6.116910 1.311136 9.203446 9.720011 7.783706 2.700275 9.015599 10.493520 12.107711 12.538565 13.262842 15.680369 15.498633 19.322648 22.932646 24.621919 24.620647 24.459621 24.701389 24.772171 24.302397 24.291159 24.599914 24.469790 24.690548 24.133450 24.642090
