tests/3D/PSQL_test/output-maps-SE27XX/SWEN0014.asc
ncols         295
nrows         180
xllcorner     627200.000000
yllcorner     5109000.000000
cellsize      200.000000
NODATA_value  -9999.0
[rows 52 to 77 of 180, columns 120 to 179 of 295]
19.691926 19.290783 21.628380 23.007766 22.969317 23.050374 22.977556 22.841320 22.723085 22.818441 22.291546 21.812481 22.096532 21.562171 20.158871 20.168501 21.894145 22.414584 21.261773 18.524528 16.131891 14.264262 13.059900 12.505168 12.626326 12.846430 13.909471 14.864541 14.176255 12.617796 12.210487 12.542339 12.669785 12.034698 11.329687 9.666515 9.847743 10.207453 13.714131 19.418008 22.852408 23.292449 23.404079 23.344991 23.358161 23.527851 23.620495 23.602476 23.506552 23.545274 23.562544 23.512963 23.714967 23.731863 23.795318 23.851488 23.828306 23.845811 23.816659 23.780828
19.653158 20.082448 22.775171 23.124164 23.058680 22.961889 22.752991 22.853659 22.944074 23.186972 23.045003 22.652856 22.220346 21.016119 19.625145 19.624415 21.995592 22.991353 22.159957 19.630059 16.536662 15.184699 13.374291 12.733571 12.972383 13.236088 14.141146 14.962327 14.331333 12.765003 12.411547 12.510465 12.388593 11.514246 10.567471 9.093874 3.678428 10.920040 14.584090 20.493263 22.805101 23.024385 23.313813 23.380695 23.529294 23.620075 23.587545 23.610182 23.375799 23.409037 23.629840 23.645333 23.716285 23.676789 23.792297 23.904797 23.861650 23.877403 23.853791 23.823539
21.342625 22.348980 23.363616 23.373268 23.308713 22.611557 22.989279 23.299682 23.211839 23.362523 23.338846 23.125860 22.342757 20.755279 19.724069 19.494478 21.484609 22.862466 22.606730 20.130798 17.066889 15.595814 13.547455 12.942638 13.137748 13.919748 14.889105 14.706490 14.025267 12.795660 12.367882 12.627890 11.849287 10.638970 9.833343 8.068370 10.303119 12.167511 16.809049 18.855666 18.935309 22.723015 23.322862 23.318238 23.596061 23.601228 23.566321 23.560942 23.216391 23.413724 23.633226 23.647077 23.661902 23.674745 23.828053 23.873298 23.853784 23.827660 23.842264 23.810323
22.521831 23.377278 23.463252 23.470546 23.389497 23.059092 23.143845 23.292742 23.156710 23.160153 23.474415 23.096098 22.463242 21.585204 19.824300 19.361507 20.667367 22.510334 21.878233 21.273820 17.827183 15.653144 15.132401 13.664377 13.352530 14.022911 15.195318 15.267638 14.692774 13.280168 11.722670 12.036801 11.151492 9.993969 8.739109 7.867488 10.203068 11.687457 14.261683 14.370536 19.968414 23.090228 23.127618 23.362947 23.581345 23.533134 23.441759 23.427063 23.027639 23.419141 23.690090 23.701702 23.659508 23.670835 23.782757 23.833302 23.804604 23.816575 23.869337 23.795679
23.129425 23.640594 23.498095 23.500063 23.435197 23.291553 23.292245 23.501566 23.216059 22.927456 23.216794 21.855186 21.520558 21.860100 20.773183 19.917282 20.557269 22.251540 22.073836 19.118407 17.864754 16.220522 15.395493 14.117738 13.851651 13.895851 14.591033 15.439597 15.390049 13.708439 12.558835 10.792755 10.029273 9.117774 7.524223 1.854453 8.086177 10.754402 13.644899 18.175350 20.640611 19.558750 22.943890 23.159610 23.505269 23.457865 23.355941 23.172764 22.939331 23.422561 23.691537 23.747334 23.756745 23.719895 23.674466 23.737608 23.746888 23.804078 23.887714 23.826933
23.209020 23.388223 23.384038 23.667755 23.600222 23.276725 23.272442 23.441725 23.355593 23.165578 22.946670 21.633955 21.446003 20.873331 20.012029 20.008570 20.647323 22.307993 21.371606 20.029389 17.646724 16.203932 15.448168 14.278943 14.009170 14.109004 14.309706 15.351544 15.015650 13.709080 12.866452 11.130653 9.980841 9.009070 5.662650 2.847816 3.847331 10.946908 16.125486 17.966943 17.656222 19.122813 21.474597 23.238075 23.558701 23.331142 23.291466 23.124447 23.027194 23.422331 23.690502 23.745069 23.792660 23.527519 23.183692 23.197144 23.199026 23.212233 23.567520 23.646221
23.168426 23.564600 23.986955 23.832529 23.235902 22.134957 21.958879 22.578049 23.084979 23.189307 23.073944 21.922392 20.981496 21.357027 21.884354 22.205823 22.146913 22.160881 19.881783 18.301547 16.914733 15.500964 15.321362 14.050687 13.997963 14.202255 14.400552 14.857327 14.520463 13.413146 12.738066 11.488270 9.930129 9.655452 8.242724 3.824934 3.422772 9.310255 12.908628 15.596618 15.840360 17.164079 22.673813 23.347058 23.373778 22.943636 23.168953 22.962022 22.682954 22.897012 23.256331 23.351875 22.948715 22.829053 22.711777 22.587819 22.156884 21.839800 22.470136 23.207245
23.835339 24.029900 23.802514 23.168881 22.452030 21.933248 21.919540 22.410269 22.237324 22.057841 22.046411 22.035915 21.088005 21.072812 22.620997 23.126390 22.868939 21.916419 18.452555 17.346548 15.683884 14.788995 14.253553 13.694424 14.331462 14.756465 14.678682 14.533168 14.683893 13.403120 12.137107 12.452832 9.625293 9.820679 9.147980 5.800695 1.453600 6.054727 11.276621 13.631230 15.289197 16.542530 22.384630 23.133473 22.987482 21.754137 22.843742 22.960126 23.068654 23.290068 23.160183 23.129569 23.469849 23.641925 23.561308 23.808608 23.867319 23.698439 22.963931 22.458551
24.428750 24.404383 24.040535 23.855970 23.302869 23.021061 22.860871 23.366382 22.825504 21.233369 20.795136 20.781080 20.318315 20.960955 22.863559 23.635916 23.090305 22.019734 19.275079 16.132451 15.305555 14.184949 13.552488 13.267920 14.462866 15.493454 15.627923 15.058512 15.251060 14.495838 12.905859 12.810488 10.846410 9.880709 9.939717 7.282132 3.176145 4.582591 11.261763 13.372830 14.636219 16.147789 19.290744 22.884310 21.146051 20.259386 22.864776 22.989546 23.207213 23.532684 23.549988 23.560695 23.284826 22.688694 22.818931 22.939032 22.697911 22.824691 23.505401 23.262124
24.577079 24.424127 24.339747 24.368380 23.893282 23.297525 23.402141 23.251494 22.647860 22.455594 22.433955 21.301912 20.175176 19.914493 21.238248 22.499251 22.479800 21.807958 19.925489 15.533432 14.717645 12.895416 12.815722 12.571770 14.256135 15.804991 16.257498 15.387714 14.664103 13.778116 13.358161 10.961522 10.506259 9.692436 9.763780 7.143197 2.467389 8.241304 11.455539 14.032256 14.859833 16.116819 17.465855 20.242884 19.877715 21.650737 22.818099 23.177757 23.495292 23.650221 23.537836 23.414671 23.414242 23.490483 23.559255 23.721105 23.673501 23.489624 23.140386 23.556439
24.504015 24.469631 24.283168 24.464517 24.044766 23.437158 22.979946 22.634667 21.055611 20.095930 21.628357 22.346485 22.139922 21.412659 19.249483 20.337525 20.038645 18.932778 16.784130 15.700216 13.723628 11.980833 11.716071 11.629163 13.540132 15.910521 16.883550 15.905234 14.655681 14.668350 13.074745 12.825309 10.675765 9.792422 8.595175 5.775874 2.836076 8.779946 11.749616 13.736237 14.679728 16.043236 18.169446 20.200527 20.561208 22.844199 23.074583 23.167378 23.357207 23.616780 23.784025 23.713668 23.663821 23.661727 23.606297 23.744017 23.799102 23.815434 23.738681 23.468376
24.520028 24.753057 24.262520 24.124856 23.977999 23.575278 23.542641 23.510968 22.379678 20.685327 20.657439 20.859410 20.827787 20.088396 16.280945 11.832619 12.272826 11.418325 13.893005 14.891083 13.266683 11.114693 10.977940 11.031208 12.639961 15.604440 16.832367 16.804510 14.196280 14.502075 12.963249 12.478701 10.541726 11.173510 8.323402 2.076592 5.391672 9.545008 11.885820 13.359626 14.655584 16.012566 18.198462 18.929377 20.780392 23.091032 23.157849 23.230772 23.362749 23.631390 23.765457 23.703010 23.597821 23.593788 23.644205 23.639029 23.720869 23.749443 23.714074 23.744781
24.593063 24.856382 24.748711 24.555535 24.334184 24.084945 23.927978 23.768241 23.169227 21.884793 21.852548 22.017250 20.454656 17.716079 12.647924 7.802318 7.102261 6.260079 10.547386 12.692911 12.205312 10.737114 10.112050 9.708112 11.401812 13.967143 15.451558 16.200446 14.472245 14.214825 12.704205 11.686513 10.831835 10.939378 7.114885 4.247515 2.051324 9.068369 10.322082 12.711607 14.159420 15.574502 17.813810 19.986544 22.460600 23.239486 23.221453 23.287871 23.426441 23.622749 23.745610 23.710762 23.583728 23.631776 23.673031 23.618984 23.659392 23.693023 23.648302 23.644431
25.116588 25.117023 25.111049 25.098536 24.930884 24.329500 23.518444 23.165738 23.127417 22.571136 22.347368 22.116444 18.416678 14.729994 6.985315 5.686430 4.034360 3.595483 7.829988 10.583322 10.674500 10.258598 9.874991 7.519752 9.350472 12.188388 13.653086 14.938903 14.504509 13.897698 12.645457 11.488489 11.257256 8.344766 6.373421 3.608756 4.827536 8.847052 11.246415 12.256579 13.568753 14.802833 17.518909 19.606080 23.001518 23.302449 23.316714 23.133108 23.348179 23.628381 23.774155 23.691920 23.623036 23.661511 23.653531 23.544127 23.589328 23.700001 23.574015 23.452927
25.450399 25.349465 25.261807 25.117977 24.282659 23.373505 22.985478 23.445199 23.075157 21.452975 21.186685 20.915102 16.329662 11.346891 4.891002 13.564695 10.935982 6.444367 3.168859 7.344499 8.964588 10.198094 9.845246 8.762904 6.179117 10.549134 12.268255 13.575763 13.996716 13.451735 12.375856 11.556974 11.719990 8.305759 8.021790 3.748642 1.102734 7.447822 10.901444 11.580539 13.332403 15.061842 17.390252 19.924577 22.620150 23.217917 23.235684 23.136279 23.195090 23.759186 23.762983 23.676329 23.654016 23.642655 23.584275 23.392325 23.510816 23.673087 23.591790 23.272802
25.061651 24.907192 25.119877 24.802870 24.413148 23.962627 24.048339 24.488359 22.640962 20.338175 21.026568 20.247549 15.717353 6.700878 9.047538 18.768147 14.459722 8.800785 5.552129 2.894801 4.326373 7.439610 9.077727 8.082310 5.524935 9.409841 10.850142 12.268414 12.962801 13.351066 12.570403 11.561050 12.348909 9.724456 8.350048 7.276548 3.039015 5.641614 10.634154 9.132765 12.478074 14.785316 17.199063 19.735856 21.595204 22.929359 23.167030 23.125523 23.430844 23.636438 23.658061 23.675354 23.733723 23.693884 23.441714 23.293544 23.484962 23.644639 23.600841 23.246389
23.733030 24.308004 23.951591 24.602062 24.875503 23.784266 23.730855 24.254565 22.551424 20.691956 21.133506 19.540116 14.538108 6.839630 13.631490 23.608430 15.356221 11.605920 8.936002 6.232779 3.259021 4.001037 4.335748 6.591155 3.691332 5.495575 7.088641 9.595022 10.996815 11.632536 12.776486 11.421285 12.478048 10.155697 7.586806 4.582803 2.677824 3.016545 7.433118 8.607740 11.714454 14.063310 16.772077 18.431477 21.293839 23.071184 23.108066 23.357310 23.644102 23.545278 23.465182 23.536255 23.618663 23.548545 23.104732 23.344380 23.597451 23.639978 23.568906 23.212691
23.109097 22.175393 24.233944 23.508627 24.789899 22.609754 21.418796 21.377023 20.832462 19.995859 18.806485 16.891434 11.046743 9.448295 15.844058 24.560932 17.862803 14.170185 11.563634 6.457119 6.300389 5.475341 2.547575 2.310727 1.047601 2.638625 3.429229 6.545490 8.542131 9.095101 12.927810 11.134329 11.579905 10.432288 9.215493 8.570299 5.610565 2.241638 3.397278 9.139619 11.386238 13.356674 15.639385 18.364263 21.344941 23.027773 23.412425 23.605613 23.590239 23.543168 23.304229 23.315727 23.557664 23.537146 23.336965 23.586834 23.568711 23.511974 23.449560 23.171551
22.815334 21.312217 22.465084 23.440738 21.884781 21.085327 21.279615 21.468880 18.372173 16.036480 15.953960 15.011549 8.028920 13.565312 18.797738 24.468070 21.376534 18.487500 14.867178 11.670407 10.003444 8.021387 5.919159 7.406760 7.807558 7.313013 4.639423 2.887635 5.738652 5.337656 11.968826 10.336783 10.968170 9.893816 9.274195 9.672270 8.178485 5.535996 1.495325 7.324151 10.293785 13.009104 14.841166 18.120547 20.584603 22.824253 23.520102 23.564236 23.412491 23.263382 23.264572 23.297815 23.584664 23.659248 23.540804 23.559042 23.452558 23.373451 23.355299 23.209810
22.003490 21.424662 21.870364 23.560511 21.239721 19.517683 20.319703 19.701413 17.801181 15.155322 10.015935 11.133491 16.218296 18.148126 21.871905 24.342047 22.277944 20.075496 16.031395 13.128589 10.513954 10.214907 10.819750 8.935292 9.261519 9.298540 5.828678 3.601804 1.482945 4.767314 9.988926 9.286061 9.573170 9.611027 9.146012 9.470548 10.123730 6.567686 2.964237 6.981087 10.789969 13.645330 14.385358 17.333658 19.414196 22.486706 23.468455 23.324520 23.255117 22.918755 23.259273 23.484858 23.561781 23.609724 23.553149 23.561987 23.420968 23.439274 23.325409 23.171773
23.069310 22.298675 23.143728 22.856244 24.465584 24.241808 20.125147 17.935947 18.152947 12.390323 9.703045 13.033320 19.744884 21.004302 23.504421 23.607473 22.565101 21.895416 16.542508 13.999095 12.546703 10.795028 9.213110 8.893627 8.868686 9.044543 9.046509 6.138287 2.891685 3.054251 7.344350 9.038709 7.190307 9.403319 9.365910 9.562232 11.097830 7.357534 4.796867 6.706807 10.432319 13.754005 14.937596 17.145138 19.466488 22.468658 23.336726 23.324270 23.131982 22.905502 23.355509 23.402682 23.224168 23.351226 23.485285 23.459874 23.334368 23.403725 23.281576 23.132215
23.626268 23.335797 24.249286 23.602233 23.324481 21.637386 17.739943 13.640198 12.052016 10.774828 14.276369 19.258187 20.406324 21.141495 23.420082 21.748880 22.200797 22.040806 17.438647 15.652553 14.148924 11.641215 9.680313 8.785581 8.220610 8.056624 7.073343 6.975233 6.734752 2.344561 3.910426 6.735239 4.826933 8.448751 9.182541 9.812822 12.395949 9.449863 6.151401 7.297048 10.787132 12.572771 14.019079 16.397479 19.937194 21.766435 22.890745 23.259063 23.069735 23.066972 23.412172 23.470556 23.478366 23.512776 23.355960 23.035510 23.164414 23.319877 23.182087 23.218896
22.846488 23.452811 23.792940 22.130651 20.147266 17.874967 17.165187 14.555223 11.373098 14.438635 21.308620 21.527761 20.496168 21.713569 22.949608 20.335777 21.254844 22.654723 19.191231 16.874913 15.315335 12.699908 11.337702 10.293540 9.353981 9.206607 8.285622 6.152432 2.576330 4.529386 1.011013 1.063201 1.367216 3.585897 7.319885 9.291788 11.532960 9.891061 4.457545 7.199619 9.671589 11.502677 13.835844 15.415199 17.344126 20.936089 21.206826 22.792437 23.095238 23.184597 23.289356 23.289643 23.442235 23.571279 23.112672 23.104904 23.308155 23.323521 23.255846 22.805300
21.942349 22.126064 22.053594 19.697578 19.624643 19.241423 16.990858 12.607899 14.193819 20.040336 22.817841 22.128674 20.837006 22.685010 22.826632 19.567804 20.329525 22.491144 21.483751 19.863793 17.763151 14.609122 13.076747 11.613114 9.922440 9.561146 9.734113 8.404537 3.680635 6.023826 4.969869 3.966376 3.035103 2.442887 6.911568 9.408227 9.326816 9.682529 3.356313 7.479988 9.626265 11.422551 12.978258 14.859973 15.999270 20.139615 19.257486 22.449013 23.114519 23.214844 23.051051 23.333078 23.500365 23.327575 22.690861 23.204712 23.156960 23.243256 23.331465 22.564704
23.756341 23.215648 21.888272 20.683191 20.890625 19.804448 16.048211 14.183584 20.149412 22.705977 22.726990 22.211795 20.367691 22.095487 23.290262 19.046543 18.978338 21.080369 22.417306 22.228833 20.293514 16.703141 14.960684 12.450429 10.587921 10.130885 10.160528 10.182352 5.552411 9.059670 8.580490 7.428142 6.376225 3.273950 5.696335 9.087770 9.538415 8.722521 5.464017 6.115576 9.732152 11.741680 12.325315 13.362990 15.609492 15.838545 19.746418 22.238213 23.126657 23.225731 22.920097 23.240028 23.385463 23.005223 22.483813 23.094262 22.876735 23.202580 22.748541 22.652763
23.650177 24.596700 23.228247 21.624153 21.399043 16.528017 13.035374 17.354752 22.415058 23.100074 22.820149 22.055097 20.158221 22.615365 24.063330 20.528820 19.627496 19.843246 21.321025 23.882330 23.769258 18.271432 15.463727 13.369278 11.008935 10.821100 10.729703 10.603698 8.999925 7.975782 9.325555 8.950460 8.680619 6.100071 2.445758 8.951874 9.433176 7.646007 3.181740 8.785856 10.166638 11.684280 12.102481 12.795496 15.122247 14.964038 18.732586 22.072849 23.093465 23.098268 22.930889 23.149835 23.211698 22.762710 22.747051 23.029697 22.902973 23.108555 22.576029 23.047936
