tests/3D/PSQL_test/output-maps-SE27XX/SWEN0015.asc
ncols         295
nrows         180
xllcorner     627200.000000
yllcorner     5109000.000000
cellsize      200.000000
NODATA_value  -9999.0
[rows 0 to 25 of 180, columns 180 to 239 of 295]
-9999.0 -9999.0 -9999.0 -9999.0 -9999.0 -9999.0 -9999.0 -9999.0 -9999.0 -9999.0 -9999.0 -9999.0 -9999.0 -9999.0 -9999.0 -9999.0 -9999.0 -9999.0 -9999.0 -9999.0 -9999.0 -9999.0 -9999.0 -9999.0 -9999.0 -9999.0 -9999.0 -9999.0 -9999.0 -9999.0 -9999.0 -9999.0 -9999.0 -9999.0 -9999.0 -9999.0 -9999.0 -9999.0 -9999.0 -9999.0 -9999.0 -9999.0 -9999.0 -9999.0 -9999.0 -9999.0 -9999.0 -9999.0 -9999.0 -9999.0 -9999.0 -9999.0 -9999.0 -9999.0 -9999.0 -9999.0 -9999.0 -9999.0 -9999.0 -9999.0
23.689772 23.899497 23.958729 24.021141 24.290306 24.258779 24.048433 24.181916 24.365920 24.354464 24.405351 24.454645 24.567001 24.719832 24.657057 23.131929 23.332062 24.847496 24.979518 24.802324 25.091649 25.052284 25.164664 25.072607 24.910129 24.941491 25.109829 25.196553 25.274356 25.377916 25.275403 25.101949 25.197237 25.469470 22.767377 17.767880 19.018237 22.173124 23.022320 22.833011 23.232332 24.382035 25.391906 25.176254 23.616252 20.489777 22.942551 25.246497 25.360055 24.934762 25.014585 24.963710 24.780154 24.709710 25.193618 25.136546 25.073114 25.397699 25.364385 25.306050
23.962476 23.765087 23.654906 24.041531 24.383717 24.363112 23.976334 24.198041 24.437910 24.433644 24.484723 24.534256 24.639243 24.777099 24.457431 23.306250 23.499629 24.741946 25.029972 24.821704 25.134821 25.172062 25.146632 25.089086 25.064628 24.958144 24.988296 25.017098 25.117635 25.317619 25.342758 25.037829 25.279935 24.679292 19.299920 17.780225 19.899747 22.616912 23.414799 22.847181 23.246566 24.396349 25.406623 25.190262 22.870457 21.762388 24.397318 25.340322 25.183343 24.939709 25.109744 24.967862 24.752768 24.937535 25.203085 25.102594 25.225890 25.361222 25.281172 25.125975
23.864946 23.509523 23.573190 24.265008 24.411471 24.412981 24.228812 24.344927 24.453884 24.449444 24.500481 24.606429 24.654979 24.699421 24.292110 23.473639 23.798641 24.606067 25.103327 24.959791 25.047807 25.127106 25.013577 25.048070 25.081249 25.047740 24.633683 24.665361 25.200092 25.439314 25.437552 25.209547 24.987972 21.199365 17.123627 19.031278 21.240671 23.233533 23.943397 23.253856 23.446670 24.672963 25.200014 24.554993 23.082367 23.215836 24.869842 25.273601 25.088243 25.094368 25.091490 24.928283 24.776618 24.944271 25.170112 25.089285 25.189121 25.220415 25.176382 24.877563
23.882027 23.527028 23.692337 24.339999 24.428092 24.429454 24.451797 24.465350 24.469845 24.401667 24.452391 24.622120 24.614071 24.596990 24.099910 23.772153 24.293276 24.621732 24.985797 25.025499 24.736060 25.097919 24.964786 24.926537 24.791083 24.723512 24.295122 24.449240 24.994401 25.175081 25.374334 25.443934 23.531787 19.017151 17.140442 19.914514 21.974700 23.612988 24.404404 23.804747 23.276275 24.688717 25.126728 24.928044 23.988054 24.196055 25.137895 25.124597 25.124256 25.199567 25.144465 24.803993 24.691112 24.870113 25.182715 25.174120 25.090508 25.051160 25.037345 25.064234
23.669785 23.439704 24.032389 24.375305 24.433552 24.472079 24.527686 24.481315 24.485711 24.477873 24.467874 24.517380 24.565702 24.612583 24.115124 23.918197 24.595321 24.789313 24.894911 25.041528 24.466557 25.190913 25.046246 25.077731 24.708548 24.149968 24.179221 24.339782 25.014402 25.319093 25.344597 24.686042 21.930829 18.729347 19.044703 21.004088 22.650467 23.964399 24.682807 23.821122 23.097662 24.705105 25.313871 25.048834 23.983180 24.553363 25.254975 25.071510 25.051895 25.149864 24.940815 24.713634 24.767368 24.952006 25.217556 25.101109 24.954556 25.030717 25.207770 25.274158
23.391558 23.665863 24.215126 24.347572 24.431649 24.518241 24.562520 24.538331 24.445340 24.432999 24.483500 24.532868 24.581262 24.692455 24.130239 24.057025 24.762659 24.869623 24.845843 24.950441 24.254468 25.172601 25.062556 25.155249 24.724927 24.166163 24.195585 24.083164 23.961684 24.275686 24.300529 24.703664 22.605802 19.625858 19.929295 21.272552 22.872876 24.134063 24.149472 23.666173 23.671424 24.954250 25.160353 24.325320 24.065414 25.020412 25.264808 25.027699 25.147536 25.201003 24.772293 24.615911 25.009557 25.072925 25.159128 25.108573 25.029209 25.261415 25.361689 25.274039
23.411278 23.936293 24.232023 24.330890 24.477907 24.523292 24.578592 24.513036 24.397413 24.448484 24.562949 24.548255 24.660720 24.707763 24.145215 24.188566 24.778005 24.942341 24.983601 24.748639 24.269885 24.973922 24.860155 24.895140 24.638041 24.314562 24.212301 23.951696 23.489889 23.337630 24.177567 25.126110 24.855522 19.058073 17.831582 21.288311 22.469220 24.440651 24.833973 24.175284 24.331032 25.077254 24.854826 24.495949 25.111375 25.311291 25.240108 25.111340 25.181076 25.231107 24.590957 24.747409 24.966489 24.952314 24.893930 25.043314 25.278370 25.404357 25.358583 25.332759
23.632307 23.875106 24.012633 24.347551 24.483139 24.550601 24.549679 24.424166 24.412898 24.392654 24.514573 24.627778 24.732827 24.723108 24.368917 24.416364 24.793273 24.957786 25.048888 24.365121 24.284967 24.989613 24.784881 24.724186 24.543501 24.575530 24.606241 24.635627 24.418417 24.444814 24.469916 24.623693 24.981580 20.498186 17.515898 21.304650 22.038465 23.312848 24.470901 24.745483 24.985602 25.263946 25.022017 25.166223 25.409805 25.393882 25.336092 25.192312 25.254614 25.149810 24.787938 24.556573 24.602425 24.654620 24.849599 25.391315 25.403309 25.377621 25.374222 25.424753
23.739647 24.033872 23.947786 24.364041 24.499376 24.566653 24.490706 24.439727 24.428211 24.408027 24.593754 24.643058 24.747934 24.738314 24.568515 24.692801 24.808407 24.778401 24.652019 24.139084 24.894750 25.220684 25.042407 25.143532 25.039347 25.075690 25.103927 25.056597 24.792950 24.589284 24.488050 24.638888 24.780903 23.081756 19.689806 20.540697 21.822287 22.734726 22.743877 23.717899 24.995876 25.341382 25.305731 25.331052 25.361051 25.329384 25.288757 25.270946 25.187979 25.231019 24.894294 24.228303 24.693045 24.430012 24.708065 25.349060 25.288563 25.298193 25.413398 25.378446
23.571883 23.729872 23.968468 24.439985 24.496910 24.582524 24.457717 24.391478 24.443337 24.494320 24.608662 24.714633 24.762812 24.688691 24.662934 24.844440 24.888094 24.625782 24.237950 24.607833 25.259463 24.684441 24.908390 25.271317 25.348683 25.231548 25.321755 25.070790 24.914756 24.942448 25.154424 25.337981 25.116828 24.149326 22.918287 21.341330 21.843800 22.961575 22.548692 22.978414 24.624616 25.318744 25.303639 25.335361 25.346851 25.238923 25.251110 25.145751 25.228098 25.346015 25.015446 24.203701 24.589115 24.351768 24.837676 25.143268 25.277326 25.394865 25.398669 25.370913
24.132157 24.192330 24.372536 24.430297 24.486713 24.587029 24.473097 24.470226 24.522013 24.509150 24.679942 24.729301 24.777399 24.703193 24.677448 24.965848 25.132058 24.880547 24.678049 25.024140 24.929102 24.798826 25.143454 25.330169 25.365430 25.109466 24.972049 24.999613 25.276363 25.476348 25.397924 25.575395 25.381273 24.011692 22.729366 20.844857 21.115710 22.772732 22.781870 23.198996 24.358780 25.132053 25.347762 25.378784 25.396971 25.274298 25.232951 25.158471 25.199229 25.299497 25.135156 24.263276 24.577941 24.401041 24.798033 25.089984 25.350730 25.436475 25.413206 24.788686
24.197433 24.296943 24.444735 24.371966 24.502420 24.583861 24.488276 24.485141 24.536739 24.587742 24.694451 24.793011 24.791741 24.645476 24.691851 25.022412 25.146777 24.742601 24.780400 24.901218 24.573751 24.501129 24.649064 24.887843 24.922782 24.856997 24.985859 25.385011 25.466010 25.447901 25.273770 25.552198 25.245609 23.516198 22.533905 21.119507 21.385673 23.000325 23.772577 23.952415 24.238776 25.039275 25.385091 25.427434 25.392283 25.316747 25.276855 25.159324 25.165467 25.218753 25.006466 23.968916 24.510694 24.536707 24.977636 25.204706 25.438180 25.371575 25.006085 24.515438
24.287667 24.373033 24.431333 24.387739 24.574021 24.572982 24.503255 24.499821 24.551214 24.602187 24.757881 24.807130 24.684572 24.580002 24.778180 25.071081 25.080853 24.357909 24.611339 24.915820 24.588282 24.626793 24.664105 24.470681 24.735579 25.139676 25.370602 25.406174 25.437240 25.342345 25.214814 25.677675 25.546642 23.886423 21.868749 19.477542 20.064525 23.598192 24.576295 24.447399 24.415911 25.074257 25.374092 25.379511 25.342181 25.337873 25.333073 25.096899 24.957232 25.207045 24.771145 24.170697 24.501347 24.691278 24.784768 25.159448 25.354765 24.750752 24.575141 24.875656
24.330601 24.419301 24.387867 24.444292 24.589465 24.554358 24.518041 24.570509 24.621801 24.616165 24.771740 24.768375 24.546964 24.673462 24.856703 25.111888 24.728295 24.371460 25.134471 25.252909 25.166544 25.259715 25.294803 25.281984 25.368855 25.481938 25.387987 25.299865 25.455749 25.357948 25.315929 25.670718 25.618342 24.782749 22.572864 18.893152 17.959990 20.923118 23.252944 23.998714 24.573572 25.126292 25.264039 25.292285 25.241997 25.288235 25.368427 25.034764 24.842101 25.144480 24.619067 24.398159 24.799708 24.983972 24.803635 25.203313 25.127348 23.876845 24.596209 25.158810
24.377086 24.405951 24.362742 24.538050 24.574693 24.569118 24.532526 24.633476 24.726094 24.686269 24.736207 24.664072 24.560476 24.759519 25.053412 24.850541 24.225297 25.056270 25.152303 24.944914 24.816550 24.855806 24.982503 25.174216 25.211149 25.370838 25.281194 25.240725 25.412523 25.306511 25.409633 25.613090 25.682498 25.414082 24.269887 19.512641 17.318359 21.205783 22.869739 23.087810 24.348532 25.066604 25.202840 25.261171 25.204591 25.249653 25.262751 24.966600 24.685946 25.012241 24.439980 24.185320 24.783074 25.001844 24.860328 25.375180 24.940375 22.789751 24.493620 25.504306
24.393753 24.362552 24.452737 24.564469 24.563405 24.617291 24.595342 24.647304 24.739720 24.643058 24.628587 24.677380 24.725364 24.837453 24.746382 23.801779 23.843685 24.705929 24.840582 25.250868 25.076424 25.043229 25.001397 24.947269 25.072819 25.189947 25.143451 25.087902 25.368338 25.465888 25.648197 25.633934 25.661064 25.824106 25.659817 20.669941 16.649756 21.481905 22.678669 22.904386 23.886639 24.865348 25.237118 25.295286 25.179846 25.166828 25.195819 24.713844 24.647371 24.493845 24.387793 24.200069 24.644804 24.691164 25.056632 25.262481 24.694069 22.376701 24.094298 25.556896
24.399051 24.411826 24.523981 24.549611 24.634055 24.657657 24.609040 24.611848 24.606009 24.592238 24.762825 24.811630 24.299215 23.726906 23.310590 23.513457 24.980736 24.887103 24.850060 24.803912 24.749124 25.130906 25.344597 25.275059 24.999913 24.939606 24.974690 25.276204 25.511518 25.637475 25.750750 25.760890 25.679673 25.658644 25.734424 21.220360 16.666308 20.987267 22.703350 22.714116 23.733969 24.776422 25.279171 25.415682 25.287734 25.131607 25.154050 24.910688 24.502241 24.507624 24.315072 23.878054 24.593436 24.550217 25.012086 24.946796 24.888890 23.369518 23.803497 25.308903
24.415208 24.427382 24.539078 24.582900 24.618209 24.645072 24.622295 24.568483 24.554791 24.604751 24.775173 24.264065 23.832161 23.876949 24.503771 25.189827 24.261910 24.180001 24.863055 24.985828 24.429788 24.803294 24.842784 24.546978 24.034484 23.401190 23.612874 24.689755 25.401735 25.559474 25.594865 25.676273 25.654370 25.481786 25.837225 21.745804 17.031637 20.464982 22.941619 23.166425 23.943307 24.954763 25.332477 25.536320 25.378249 25.155444 25.221963 25.002774 24.260038 23.948457 23.536502 23.584041 24.585575 24.586996 24.578348 24.761265 25.302350 24.456126 24.003957 25.003481
24.431060 24.409170 24.497817 24.552138 24.631880 24.658396 24.586437 24.637520 24.687688 24.616821 24.330169 24.558352 24.969909 24.925948 24.698094 24.105658 23.579188 24.192914 24.103924 24.401869 24.672345 24.357389 24.856884 24.434814 24.048761 24.232503 24.119572 23.661677 24.186270 25.110946 25.415626 25.446864 25.551156 25.646231 25.889481 21.518091 17.717017 20.482948 23.176910 23.394236 23.973342 25.001492 25.387493 25.584467 25.628114 25.223892 25.146348 25.151103 24.417024 23.823954 23.115101 22.751640 24.539095 24.577327 24.374704 24.188548 25.286189 24.883724 24.457527 25.236387
24.428136 24.334740 24.512138 24.592114 24.663915 24.637520 24.598992 24.740128 24.643026 24.624655 24.918821 24.891714 24.435113 24.379477 24.530848 24.572974 24.514796 25.001878 24.891982 24.750863 24.784930 24.236779 24.870595 24.575477 24.848130 25.331275 25.435059 25.063433 24.047097 24.236527 25.163054 25.385789 25.498919 25.728787 25.697928 22.033467 18.069218 19.344404 22.087259 22.570445 23.632003 25.031901 25.326423 25.520419 25.648043 25.253287 24.871637 24.868078 24.628551 23.522249 22.801968 22.277599 23.831467 24.282285 24.244628 24.168607 25.275075 24.831486 24.359973 25.374233
24.383794 24.230253 24.492461 24.624233 24.631839 24.608689 24.701338 24.812219 24.858359 24.847196 24.687468 24.188142 24.234600 24.587482 24.877243 24.847182 24.724121 25.013316 25.122727 25.224258 24.985978 24.742923 24.887586 24.823503 25.059997 25.346758 25.509907 25.598432 25.678307 24.934123 25.280412 25.563542 25.521252 25.626807 25.408747 22.745783 18.088801 19.059967 21.622093 21.889069 23.267846 25.076601 25.471081 25.601417 25.614085 25.317208 24.464378 25.019660 25.153233 23.556251 21.777982 22.109904 22.824047 23.666268 23.793381 23.910114 25.209520 24.429929 24.281492 25.506497
24.253615 24.244219 24.584078 24.618452 24.610557 24.620686 24.792030 24.842294 24.812585 24.713952 24.543539 24.409763 24.555064 24.841714 24.815622 24.781145 24.826287 25.089470 25.068618 24.958619 25.329530 25.372456 25.166821 25.034004 24.761296 25.117302 25.245630 25.439797 25.602548 25.733430 25.202754 25.510358 25.543802 25.490287 25.938121 22.769354 18.750805 19.389750 21.649137 22.162683 23.300384 24.998084 25.621385 25.884589 25.938913 25.285330 24.423895 24.947876 24.835112 24.274369 21.826969 20.883794 21.632465 22.706598 22.880739 23.601577 25.137406 24.153035 24.223275 25.582393
24.204748 24.461799 24.597411 24.649604 24.656269 24.583309 24.784220 24.849110 24.732206 24.720652 24.372195 24.517660 24.869109 24.973714 24.963044 24.871395 24.989498 25.099993 25.006288 24.781436 25.290665 25.380713 25.318692 25.508661 25.088185 24.927130 24.966667 25.113647 25.245655 25.599398 25.695222 25.602513 25.766809 25.741741 23.958565 19.365234 19.391944 20.299757 22.170369 22.663201 23.734336 25.188712 25.595516 25.875753 25.805148 25.179710 24.663511 24.869620 24.867220 24.587412 22.762810 20.273640 20.565635 21.264447 22.499326 23.462033 25.008782 24.030135 24.290193 25.377556
24.218482 24.512630 24.565044 24.642773 24.712571 24.714143 24.768190 24.844170 24.741898 24.665872 24.279404 24.100257 24.475488 24.787978 24.834604 24.953270 25.171787 25.167399 24.935584 24.791558 25.177797 25.217647 25.388778 25.431672 25.272089 25.387669 25.495134 25.535702 25.352765 25.203895 25.809568 25.910411 25.840692 25.824961 21.082509 18.452089 20.861242 22.174835 23.322012 23.552256 24.481688 25.228065 25.451147 25.685170 25.464715 25.235085 25.193781 25.068396 24.947043 24.702646 22.922177 21.083236 20.021605 20.313140 21.399230 22.382641 24.460403 23.734173 24.617118 25.452293
24.161212 24.444991 24.543339 24.548812 24.498330 24.548062 24.777941 24.823202 24.626169 24.674115 24.786222 24.697264 24.577836 24.317732 24.473471 24.717327 25.007729 25.053339 24.852621 24.900860 25.253516 25.355868 25.582893 24.974613 24.800541 24.722379 24.763485 24.924160 25.182080 25.565957 25.785940 25.903730 25.811668 24.622308 19.384955 20.003844 21.930026 22.896770 23.752828 23.968181 24.831627 25.268589 25.246106 25.313791 25.564704 25.287090 25.021086 25.075586 24.916415 24.704634 21.607040 20.566718 19.678408 19.630214 20.056050 21.645256 23.668615 23.734267 24.873222 25.485730
