tests/3D/PSQL_test/output-maps-SE27XX/SWEN0047.asc
ncols         295
nrows         180
xllcorner     627200.000000
yllcorner     5109000.000000
cellsize      200.000000
NODATA_value  -9999.0
[rows 135 to 161 of 180, columns 0 to 59 of 295]
-9999.0 23.862038 30.099412 35.729139 31.595399 32.628456 33.845616 34.902157 34.942778 35.431324 35.828812 35.669322 35.330475 34.900008 35.179296 34.976372 33.033826 32.748511 36.815207 33.744766 31.076078 31.106298 32.231861 33.578751 33.914175 31.589389 29.646385 30.083965 31.295499 34.348437 35.187498 34.668644 32.821440 33.516578 33.854783 32.171567 32.540303 35.054085 35.064567 36.077341 37.790244 38.343056 37.931359 36.325459 34.245274 33.299747 32.648904 32.303109 33.364240 34.605884 34.339760 35.208046 36.868804 35.996658 35.730590 35.957918 36.359442 36.162021 35.779786 36.438089
-9999.0 26.285990 31.577239 35.424770 32.612436 34.089428 34.890833 35.377979 35.583192 35.817602 36.042474 35.503083 34.893300 34.930591 34.968767 34.754634 33.680578 31.006999 31.787892 36.197342 36.929621 33.847754 34.176156 35.288293 33.624427 30.858235 30.895568 30.526644 32.066036 34.940108 35.216061 34.985934 31.787307 31.796324 32.900039 31.473320 31.081724 31.482344 30.705263 32.238662 35.882765 37.585797 36.970356 36.747222 36.490870 34.259495 32.642576 31.533725 31.943179 33.017933 34.015902 35.976392 37.058607 34.935944 34.016827 35.716522 36.121931 35.920013 34.528811 33.257908
-9999.0 30.828353 29.747337 32.904124 36.149184 32.677842 34.169366 35.407119 35.807630 36.664752 36.836039 35.928028 35.772770 36.195224 36.236000 36.087920 35.720241 34.594219 30.682471 28.650630 33.216915 37.136578 36.527389 35.967590 35.996181 37.819258 37.303861 34.351949 31.713946 32.103963 34.116960 36.403421 34.174716 32.907120 33.588692 33.925363 32.236070 32.622652 32.634735 32.976523 34.589928 35.412921 35.907459 36.535087 37.034118 35.494855 33.712240 33.225361 33.148304 34.469892 35.161622 36.856765 36.444039 33.368423 33.846680 35.707558 33.800388 31.308453 30.559599 28.043680
-9999.0 33.718085 31.933427 30.181854 36.187875 33.007348 33.352031 35.213504 35.636665 36.061041 36.734519 36.144154 35.800721 35.839679 36.438243 36.480326 36.343105 36.380927 34.657426 29.529328 29.146580 31.568714 34.786823 37.092728 36.972957 34.308238 35.430972 37.494403 37.098635 36.958496 36.197856 35.567351 35.334480 33.266567 33.921867 34.559239 33.317791 32.275067 31.543140 32.293809 32.659381 32.656199 33.668429 35.645892 36.387236 33.574827 30.394371 32.459211 32.539506 34.704699 34.626723 36.861941 34.019035 33.007659 32.292692 31.509161 29.489844 27.909526 24.947494 21.925427
-9999.0 34.982182 34.049209 29.818033 32.682830 34.679039 33.373610 34.773343 35.663532 35.707589 36.467943 36.172238 35.831665 36.067493 35.482756 35.739472 36.187243 36.411818 35.634031 31.525419 28.291709 29.610810 30.051735 30.878176 34.882975 35.182493 36.108785 34.107367 32.503363 31.809059 31.832262 35.071224 37.529832 35.848581 32.617273 31.531480 30.760681 29.083262 29.093105 29.963951 31.195534 30.797975 30.786547 33.012348 34.645703 29.910034 28.795981 29.041791 30.939968 32.932416 34.220290 34.332731 32.461947 30.377144 28.587108 26.751709 25.940384 25.095470 22.010254 18.548573
-9999.0 34.540725 34.582638 30.227624 30.649673 36.808702 33.971153 34.796700 35.483886 35.526409 36.332326 36.200405 35.859457 36.779630 36.960368 35.977401 35.806057 35.845280 35.663332 34.737845 31.206729 29.650501 29.663924 30.105834 32.766638 36.527681 37.098621 36.781791 35.296455 33.885026 33.909440 34.522166 35.390361 37.717009 37.298183 35.182451 34.019080 33.383680 33.055554 31.602512 31.622701 30.414992 29.986940 31.208528 32.253962 28.039110 26.261530 25.724236 25.096894 29.007226 35.004520 32.705051 28.557721 27.368556 25.257349 23.674247 22.621290 20.080922 20.171587 18.623642
-9999.0 35.247480 35.073134 31.355527 28.674964 36.449434 33.991806 33.451179 35.102543 35.352767 35.593056 35.635377 35.676224 36.486627 36.693524 36.890809 37.072834 36.083380 35.248673 35.044645 33.652550 30.877657 28.396498 27.044727 27.535077 31.766716 36.587971 36.993043 36.847216 36.674228 36.901025 37.265054 36.336935 33.338697 33.694774 37.005260 33.056056 32.727979 34.682130 35.784268 34.992509 30.865877 29.147963 31.237171 30.828774 30.586328 23.626752 24.452263 22.284650 27.267367 31.817104 27.126225 26.618316 24.424273 21.833423 16.778146 15.485606 11.553754 19.581783 24.129658
-9999.0 35.052907 35.313523 32.062377 27.839882 33.092916 36.518609 32.865818 34.633324 35.356993 35.211504 34.761315 35.278565 36.334630 36.719257 36.596053 36.460467 36.502066 36.351033 36.375187 35.560410 33.700901 30.932679 27.979458 26.130434 27.584167 30.656692 36.011671 38.156050 35.598477 34.578922 35.647050 36.372116 34.910655 31.209506 32.374220 31.640804 32.029909 32.766758 34.422779 36.696902 35.302716 31.292839 32.044052 31.269972 29.469381 25.511941 20.659777 19.932681 24.674971 25.982272 22.739237 23.576604 22.335655 14.388332 9.194802 17.704597 16.189897 25.515811 29.352646
-9999.0 35.291658 35.326423 30.666308 28.288615 32.489681 35.864377 33.789486 36.305935 35.997018 34.739870 34.246713 34.289189 35.549430 36.578055 36.619630 36.660725 35.926519 35.746597 36.215256 35.823365 35.614296 34.923599 32.811623 29.794363 29.394800 30.670294 31.481072 36.295682 36.326180 33.347085 33.030636 34.351420 35.198977 32.727043 32.753948 32.050302 32.426395 33.142087 33.819550 33.154512 34.461641 35.054445 33.499811 31.294207 29.598795 27.041572 19.667967 17.868458 23.299178 23.590274 22.303671 21.850556 11.941434 14.741831 18.844995 23.868249 27.261141 31.529975 32.789284
-9999.0 34.866394 34.909687 29.917707 29.144165 31.847171 34.050808 30.843307 33.856302 36.545415 36.246323 35.055969 33.426862 34.067179 34.930677 35.875861 36.321347 35.500881 34.823348 34.860394 35.120117 35.155828 34.675196 33.500747 30.641250 30.261699 32.228533 31.118976 33.969838 33.350283 31.205897 32.711377 33.753379 34.689036 32.407279 31.688661 31.701648 33.500566 33.169733 32.089660 33.182104 33.856492 35.361172 34.179108 31.710339 30.056680 27.378166 20.971038 17.598152 22.608354 22.228894 21.310969 12.261520 9.005420 17.308343 24.681592 30.127524 32.061421 33.726219 33.915463
-9999.0 33.871370 32.740609 30.336034 29.968254 30.784801 32.238823 30.469848 31.623500 30.937996 33.954322 36.119132 36.165816 34.909048 31.859086 31.885353 34.493906 35.286223 34.847029 34.608570 34.908047 33.776563 32.482631 33.526209 31.062225 29.442503 31.119528 31.159581 32.666518 32.690736 31.608433 33.091429 33.450983 33.460589 33.139164 30.909497 30.936575 32.106207 32.850377 31.348061 34.192388 33.555183 34.518863 34.204616 32.109332 31.699918 27.941232 21.127550 19.184196 21.570938 17.086524 16.603228 8.416234 12.668996 20.728613 26.889511 31.958745 32.718285 33.585231 33.865542
-9999.0 33.021064 31.051348 29.964221 30.388992 29.636096 30.461630 30.882116 32.662503 31.317810 30.221319 30.257711 33.461619 37.195106 35.651021 32.268590 32.309032 33.009307 33.689045 33.726879 34.084597 33.798496 33.517169 35.999722 33.581373 29.463811 29.918209 31.560528 32.694386 32.364477 31.650160 31.659235 31.695669 31.700363 32.459472 31.351828 30.963430 31.362007 32.522818 32.158784 35.110070 34.843376 35.132592 36.393573 33.888241 33.197087 27.710604 19.823865 19.753582 12.527788 13.772185 11.602867 16.568943 20.830129 25.927379 31.353544 31.487533 32.559657 34.616921 34.992054
-9999.0 33.025199 31.067503 29.979549 29.617179 30.053713 30.480541 29.728480 31.659827 32.404252 31.752850 30.656280 30.299356 31.865314 33.562712 33.907280 35.025751 34.287814 33.404112 32.778674 33.154134 32.493086 32.873481 36.250951 36.881913 31.526086 30.767595 33.379575 32.368017 29.590275 29.190074 30.064719 31.316524 30.101874 30.117226 30.551466 29.272037 29.722169 30.593001 31.808313 33.939026 34.567368 34.856511 37.912339 35.147755 32.875319 27.187823 20.217343 16.162182 19.691935 21.982112 19.957305 23.795410 24.689049 30.741694 33.337041 33.935662 34.819920 35.995994 35.554558
-9999.0 31.754353 30.346477 28.758869 29.211099 30.055011 30.498024 29.322322 29.767662 29.804576 30.649696 31.057430 30.709975 31.144638 32.272086 31.595552 31.996157 34.302796 34.630790 33.463205 34.706033 33.210691 31.457653 33.267449 38.108287 33.329520 31.579868 32.364658 29.588884 28.272285 27.833937 27.853799 26.911827 25.424152 26.930565 27.430706 27.424454 28.389618 29.743543 31.017167 32.207159 34.274709 33.622779 37.290392 35.964969 31.799340 24.686791 18.600182 21.716018 24.749489 27.343280 28.194591 29.992581 31.162111 32.125530 33.853258 34.916959 35.703938 36.281831 35.013081
-9999.0 30.307421 30.360120 29.596623 29.238664 28.421731 28.471143 29.336061 30.184447 29.819792 30.258886 31.462286 31.110909 31.161660 33.284331 31.599069 31.274952 31.688583 33.756171 34.923163 36.395513 34.481803 31.086959 31.117710 36.542210 33.994412 31.980681 30.010539 28.722681 30.481931 30.506473 27.864814 26.416899 27.417072 28.818154 29.734405 31.406983 32.584716 32.948390 32.595657 33.320833 34.544443 32.958357 35.477181 34.920227 30.618427 23.558814 20.388245 23.220492 27.439130 29.584911 32.774192 34.163667 34.587388 34.178683 34.859975 35.478505 35.813873 36.302133 34.734760
-9999.0 29.929450 30.737430 30.396509 29.237624 28.434627 28.470575 28.930273 30.197516 30.627628 30.272594 30.310088 29.531118 29.144651 31.214665 32.680406 33.042643 32.409789 30.977446 31.401148 33.208011 33.245619 30.706070 30.327748 34.560068 34.298892 32.378295 29.597674 29.623692 30.081239 28.327901 27.403749 29.703503 32.537194 34.143904 35.118040 35.153330 35.326517 34.941852 34.626053 34.600984 34.778478 32.634097 33.683166 32.985337 31.377914 23.704301 23.867800 26.789675 30.395004 32.935607 34.174953 34.002167 34.739619 34.973065 35.729115 35.230175 35.569182 36.313189 35.039933
-9999.0 31.076687 30.746443 30.406475 29.655569 29.284369 28.904441 28.512245 28.976912 29.844169 29.050516 29.085062 29.122515 29.158524 29.193820 30.485956 30.523459 30.941908 29.334099 28.490433 27.613442 27.172977 28.586251 29.924908 32.312639 34.031387 31.255770 29.163561 29.629183 27.847691 26.915613 29.253547 33.366953 36.889342 36.851589 35.557156 31.225769 33.296162 32.747184 30.693564 34.370163 33.493519 33.019398 33.390325 32.969764 27.374798 25.156256 27.849667 31.549262 34.247831 34.775405 33.384558 33.863269 35.343370 35.856086 35.834178 34.738477 34.747194 35.324334 35.336640
-9999.0 33.390119 32.507825 31.528296 30.454083 28.873888 27.600711 27.179276 27.213536 27.249548 28.192217 29.500209 29.554001 29.591140 29.205234 28.368032 28.401100 29.310398 29.769812 28.944068 27.617258 25.710824 24.721186 25.764929 28.644455 31.211343 30.016151 30.042424 31.304619 31.727965 33.510596 35.948106 37.716531 36.537404 35.481558 33.973501 33.316196 32.655877 30.329078 31.574877 32.881337 31.967062 31.412909 32.695094 29.310985 28.147488 29.711095 31.696776 33.552704 34.886235 34.563404 33.238310 35.121085 36.388376 36.590515 36.572042 35.329073 35.055944 35.338870 35.341592
-9999.0 33.396507 32.185160 30.420153 28.410671 27.562309 27.141944 26.712453 26.734404 26.779507 27.737496 27.778394 27.816971 28.303644 28.339756 28.816680 28.409427 27.991031 28.021238 28.505223 27.618629 26.695485 27.191721 28.156447 29.962430 32.704034 34.372693 35.499645 36.829259 36.976127 36.992967 36.159106 34.082487 31.453339 32.993259 32.283072 32.303804 33.591478 31.528834 31.763170 32.915053 32.950414 33.035680 32.831426 31.760950 30.153154 34.912345 35.711505 34.653777 34.923504 34.898946 34.260845 35.951060 36.849432 37.029431 37.009630 35.873680 35.061081 35.609609 35.867195
-9999.0 35.408308 32.827724 30.412972 29.643661 30.094206 30.523177 31.305321 32.062358 32.112432 30.681609 29.080453 27.816713 26.927046 26.963175 26.997737 27.028965 27.057555 27.087237 27.575414 28.080539 30.685049 34.361991 35.829534 36.500523 37.511515 37.302908 35.652139 34.765371 33.543109 32.166984 31.024477 28.888107 30.258316 34.667663 34.692733 32.326429 33.394707 34.474013 32.831208 33.624587 34.089655 34.477466 34.466873 33.513152 34.060477 34.913986 35.284721 34.965747 35.245656 35.216222 35.191562 36.679827 37.065965 37.044777 37.020603 35.880725 35.346382 36.351553 36.349308
-9999.0 35.206396 36.521919 36.427349 36.763094 37.263454 37.105907 37.261755 37.310711 37.000136 36.586577 35.644052 33.552505 31.553784 30.043769 29.656496 30.117721 31.344684 33.159221 35.269562 37.073841 37.230250 35.700420 34.288320 32.998203 32.390753 32.424185 32.460866 32.126051 31.782759 31.024987 30.221543 29.822046 33.347425 34.685837 34.711837 31.966624 31.981845 34.386653 33.251987 34.677180 35.234840 35.668559 35.501800 34.837954 33.663360 35.233214 35.021520 34.688004 34.979838 35.521898 35.759040 36.231933 35.953567 36.412488 36.614801 35.630607 36.125160 37.366505 36.785726
-9999.0 28.310538 27.908045 28.811450 31.913884 35.152815 36.044494 36.276470 36.500322 36.711153 37.187294 37.562086 37.819006 37.988938 38.069186 38.083940 37.797387 37.373909 36.102336 33.526624 30.259254 28.120043 27.221766 26.775703 27.285961 29.611299 32.440529 32.481105 31.769693 31.414630 30.631957 29.810965 31.505574 34.360377 33.388521 33.402811 31.200198 30.365170 32.372623 34.676058 35.457586 36.087263 36.719705 36.373821 36.105570 34.218720 35.119573 35.046113 34.709967 34.676016 35.782246 36.283044 35.735551 34.862900 35.127940 35.914199 35.637959 36.366543 35.611613 34.462667
-9999.0 28.341516 27.941133 27.968913 29.274710 30.880264 31.662064 32.054359 31.744325 32.134921 32.850581 33.217146 32.928193 31.191527 29.208614 29.246217 30.539089 31.359105 29.366935 27.136259 26.693485 26.740121 26.772218 26.806165 28.259523 30.061143 31.324940 31.361409 30.582907 29.323380 28.905465 30.678572 34.018235 35.279627 35.016189 35.043085 32.016135 30.389389 30.816391 34.154951 35.394814 36.688912 36.725071 37.243300 36.665356 35.155777 35.290230 35.065306 34.729802 34.379749 36.056670 37.145836 36.254812 34.256576 34.544774 35.393623 33.864270 33.172858 32.447178 32.797457
-9999.0 31.851391 31.543189 30.839348 31.608375 30.914257 28.510802 27.198650 28.149031 29.887746 30.722888 30.366049 28.276174 25.988749 25.544919 27.495008 29.740228 33.160825 31.799538 30.680669 30.310836 30.348405 30.385290 32.000822 33.112166 32.428377 31.724638 32.857343 31.789160 31.833076 32.610471 34.628779 35.809693 34.995844 35.871106 35.894349 32.738835 31.652340 31.650597 33.148623 35.659633 37.249720 37.303593 37.275587 36.998144 35.569443 35.614432 35.072340 34.743907 35.007553 36.070379 37.159283 36.502403 34.267434 35.145190 34.519675 33.187871 33.843889 34.142691 34.412079
-9999.0 34.023101 33.495103 32.260902 33.566933 33.306273 28.957731 26.765544 26.798085 28.198722 29.103323 27.819739 25.473420 26.497416 29.678304 30.931998 31.728296 35.214727 32.524248 29.861312 29.037148 29.508927 31.598647 33.066128 32.756536 32.432740 32.839359 33.852692 33.897816 35.708828 36.254323 36.750295 35.815168 34.060549 34.090559 34.439560 32.734477 32.757422 32.784668 33.166317 36.260084 36.351120 37.274390 37.266368 36.925538 35.746121 34.677990 35.176345 34.751926 35.589958 35.819602 36.523373 36.022018 34.583782 35.145786 35.109896 34.792697 35.334598 35.835865 36.034694
-9999.0 34.296683 34.602090 32.609746 33.267505 32.345320 28.533469 28.999748 27.728042 27.306011 27.796699 27.375232 27.869698 30.872598 32.723919 31.321601 32.447086 36.167816 31.435160 29.004025 29.902894 31.936258 33.381456 32.732216 30.888359 31.695026 33.193340 35.365960 35.932374 36.892122 36.488931 36.290863 35.545302 33.726813 33.411315 33.438468 32.370578 32.757805 32.786284 33.512558 34.844182 35.921441 36.890137 36.811453 36.241388 35.393011 34.177027 35.241130 35.632090 36.373987 35.824554 36.290886 36.485770 36.232913 37.078002 37.573057 37.010830 36.971395 37.470447 36.914155
-9999.0 36.217056 36.088847 33.831491 32.956026 32.006556 29.382190 31.750571 29.868548 28.645655 29.112136 30.780711 34.505713 36.772999 34.303470 32.421058 34.915822 37.268988 31.436298 29.864374 33.629164 36.954716 36.394919 34.339857 33.457448 33.495432 34.455660 35.893492 36.643185 36.890561 35.744225 36.040329 34.352265 33.027217 34.086634 34.114299 32.742767 32.379856 32.772838 33.163814 33.175944 35.156628 35.527335 35.990737 35.494842 34.989758 33.404450 35.670974 36.647802 36.610049 36.330833 36.041947 36.930336 37.468198 37.785233 38.598022 38.311396 36.971314 35.579725 35.571682
