tests/3D/PSQL_test/output-maps-SE27XX/SWEN0042.asc
ncols         295
nrows         180
xllcorner     627200.000000
yllcorner     5109000.000000
cellsize      200.000000
NODATA_value  -9999.0
[rows 27 to 53 of 180, columns 180 to 239 of 295]
26.065092 26.247828 26.211882 25.975068 26.509445 26.644736 26.442493 26.016831 25.812073 26.103854 26.237273 26.391559 26.087398 25.864457 26.654881 26.955510 25.976868 25.400052 25.437360 26.225731 26.917752 27.104748 27.246684 26.503974 26.413398 26.698104 26.615581 26.524723 26.561475 26.318586 26.886914 27.338146 27.727531 26.148993 24.139363 23.912895 23.172149 21.743458 22.369756 22.970100 25.237178 26.567546 26.432687 26.834115 27.308102 26.453570 26.036150 25.222982 24.060318 22.372103 18.633116 18.469139 17.717431 17.969892 18.300791 18.795157 20.679452 25.308918 26.294257 26.141870
25.869029 26.480344 25.598402 26.096412 26.516250 26.249106 25.746723 25.510577 25.686171 26.109752 26.451405 26.561040 26.527344 25.729592 24.559812 24.978707 26.736660 25.876357 24.496181 25.644395 26.741147 27.039873 26.987717 26.844976 26.141913 26.178679 26.758208 26.782187 26.946618 26.753253 26.900002 27.504932 25.961913 23.866916 23.912928 25.106940 25.932591 24.958115 22.409272 22.129258 25.271677 26.607230 26.124055 26.419442 26.804477 25.944459 25.393750 23.924721 22.213488 18.494128 18.510329 17.879009 17.767696 17.916398 18.192148 18.470570 18.686173 23.569432 24.604964 27.158121
25.878257 26.572216 25.606010 26.279847 26.302204 25.583113 25.478348 25.783748 26.076702 26.417380 26.540269 26.492615 26.517645 26.568723 26.411071 25.657018 25.693728 26.872613 24.069025 24.936908 26.398306 27.114123 26.905148 27.181460 26.147988 26.185784 26.632143 26.791506 27.244429 27.285760 27.039162 27.281370 24.104897 21.944111 25.079915 23.170341 22.928432 24.983717 23.284150 22.454265 25.719417 26.949315 26.166031 26.660010 26.655352 25.361289 25.609818 23.974682 21.225476 19.543368 18.916693 17.992505 17.542434 17.871737 18.146270 18.487796 18.455835 21.754439 25.903574 27.699253
25.778232 26.497185 25.850953 25.995176 25.684334 25.145033 25.622102 26.253151 26.468270 26.505512 26.457414 26.494669 26.533090 26.571353 26.609804 26.540240 25.199049 27.045757 24.071233 24.325245 25.996360 27.047149 26.908084 27.415003 26.297590 25.881191 26.079519 26.550928 27.167086 27.447589 27.419814 27.652289 24.118864 20.061689 22.879240 23.722415 24.956816 23.262624 22.148504 23.334735 26.313318 26.989506 26.723805 27.301576 27.537765 25.373340 24.695667 22.932941 21.018356 20.071307 18.877261 17.941826 17.440255 17.837233 18.112716 18.455998 18.495385 21.609177 25.534759 26.784550
25.666631 26.345726 25.047747 25.080992 25.688218 25.303646 25.485307 26.349036 26.470735 26.507246 26.459087 26.497037 26.441082 26.362784 26.400270 26.540068 24.830243 26.603062 24.888078 23.646567 25.347938 26.883584 26.815951 27.190067 26.301651 25.542515 25.757021 26.421663 27.175365 27.218846 27.050699 26.731453 23.102841 21.695899 22.612771 22.652190 23.249387 24.076640 23.597208 24.643770 26.169234 27.029422 27.341542 27.807086 27.971527 25.687862 24.284960 24.017803 21.823849 19.922763 18.309473 17.548596 17.419423 17.814317 18.092611 18.439922 18.565834 20.228541 25.078165 27.546574
25.284710 26.033940 24.359116 25.386534 26.036628 25.724511 25.626806 26.350936 26.548851 26.508544 26.460391 26.582928 26.534455 26.477934 26.515508 26.647579 24.633935 26.145079 25.614039 24.107715 24.362677 26.789582 26.911772 26.955705 26.440997 25.722097 26.090045 25.970781 27.269418 26.794794 26.416946 24.344541 20.353977 22.002125 24.705898 22.393755 21.191804 24.588763 27.056911 27.577426 27.811511 28.024886 27.828218 27.988596 28.109374 26.283451 24.571467 23.519028 20.322550 18.537858 17.219652 17.070750 17.394785 17.802338 18.085616 18.438686 18.627756 16.861869 24.398364 27.010729
25.143716 25.714699 23.973147 25.087833 26.053222 26.072746 25.882689 26.157373 26.549715 26.508797 26.459833 26.496170 26.532747 26.475921 26.606821 26.730855 24.632066 26.143424 25.770551 25.295388 23.916571 26.179431 26.816597 26.527082 26.570187 26.204069 26.093878 25.447272 27.275118 26.802234 25.386916 21.944091 20.726942 23.930412 23.735127 21.484841 22.143772 26.750580 26.308912 25.381484 26.049852 27.107258 27.156067 27.774158 28.218692 26.541841 24.614414 20.484263 19.154324 17.917892 16.859743 17.007472 17.388715 17.803212 18.093899 18.454943 18.699494 17.847040 24.667174 26.904768
25.363923 24.519180 23.107371 24.580141 25.932263 25.965967 26.014239 26.244616 26.386255 26.422267 26.457750 26.493455 26.529484 26.565964 26.688725 26.804660 25.193865 26.005259 25.609107 25.806730 23.437908 25.382815 26.353488 25.967581 26.009925 26.733776 26.247768 25.810892 27.429843 27.041588 23.052440 20.014818 21.374146 23.443434 26.607697 25.608286 25.245540 25.091794 24.679718 24.976739 25.885852 27.144210 26.727271 27.476574 28.325898 27.086903 24.743996 23.801831 19.661740 17.029180 16.630469 17.004070 17.392973 17.816164 18.116713 18.317309 18.744980 18.506465 21.282146 25.859422
26.288722 23.310063 23.108551 24.758294 26.056756 26.189904 26.316081 26.349930 26.291696 26.326327 26.539644 26.574805 26.610431 26.646792 26.683852 26.799534 25.684560 25.724170 25.761183 26.078824 23.676088 25.007428 26.349009 25.963051 26.006565 26.203416 26.889950 26.703423 27.436193 26.389898 22.211989 21.324867 23.391951 24.897178 25.179785 22.426657 22.175591 23.372111 24.474483 24.275377 25.502738 26.536680 26.411985 27.413540 28.414766 28.154607 25.938966 23.506407 19.681086 17.094776 16.630298 16.937331 17.406598 17.840191 18.152964 18.445297 18.809331 18.536742 21.412927 26.074476
25.279317 22.344249 23.109064 25.091438 26.157002 26.281595 26.314091 26.347855 26.273767 26.322152 26.534787 26.569581 26.519162 26.640596 26.677579 26.792941 26.103350 25.866487 26.047260 25.795333 23.889796 24.387937 26.208799 26.388420 26.003354 25.361347 25.767289 26.704286 27.423351 26.240419 24.315151 22.823674 20.749566 22.619346 23.772619 22.728235 22.186991 23.659841 23.988742 22.925244 25.082648 25.797842 25.856377 27.311467 28.496085 28.630344 27.161793 23.572195 21.075338 17.044829 16.796839 16.945651 17.428092 17.704960 18.108448 18.506722 18.890145 18.472042 24.835764 27.029502
22.082630 22.608256 24.176191 25.661198 26.248312 26.440990 26.473490 26.575184 26.283722 26.316479 26.528663 26.562562 26.597531 26.633088 26.669885 26.707073 26.550540 26.259925 26.172975 26.080262 23.896842 24.593199 25.907885 25.951422 25.494593 25.355486 25.210770 25.811011 26.885094 25.734317 25.408678 23.113280 20.086751 22.349350 24.050206 23.582427 22.508910 23.688371 22.905659 22.046623 25.107529 25.396796 25.228959 27.042891 28.495283 28.662390 27.785696 24.588903 21.619323 16.065948 16.614254 16.958011 17.386969 17.678663 18.164968 18.579089 18.916588 18.678724 23.447507 26.533940
24.315371 25.188242 25.994337 26.445930 26.536329 26.360584 26.391890 26.615858 26.356217 26.193709 26.327338 26.469222 26.589170 26.624337 26.660704 26.697397 26.867900 26.368661 26.162050 26.205387 24.115190 24.984975 26.049765 26.093560 26.138764 26.329748 26.081441 25.627923 25.856711 26.078793 27.293231 26.927421 22.313031 24.250818 26.826633 26.583826 24.889484 24.714693 22.020500 21.102068 25.130671 25.644388 25.022298 26.727517 28.509697 28.652307 27.789220 25.577962 23.481223 15.864743 16.705436 17.049507 17.416509 17.699004 18.161120 18.528303 18.952947 19.115218 20.274967 25.683906
26.037925 26.543795 26.269642 26.213245 26.517046 26.340700 26.093694 26.332798 26.271169 26.302669 26.412049 26.351313 26.400808 26.528681 26.548390 26.491457 26.529323 26.112473 25.874160 25.607088 24.937155 24.974988 26.181775 26.361533 26.781354 26.815232 26.767796 26.123510 24.889621 26.234958 27.458197 26.499190 22.315227 24.950055 27.441188 28.022198 25.554056 24.234490 21.058045 20.783741 24.672861 25.448051 25.049604 26.573241 28.108261 27.765004 26.666771 25.152317 22.104166 16.678193 17.154064 17.060265 17.446374 17.846332 18.159484 18.681708 19.067110 19.346122 19.140433 24.732693
25.937472 25.723434 26.166204 26.100840 25.920404 25.708512 25.876101 26.410161 26.517441 26.471361 26.502871 26.356672 26.389525 26.423582 26.341018 25.890543 25.926159 25.822551 25.387718 25.425836 25.294111 24.963809 25.716688 26.348993 26.769166 26.922619 27.155579 24.828851 22.392197 24.273058 23.329014 22.264094 21.702233 23.739565 24.785808 25.498813 24.431209 23.986290 22.031592 21.779086 24.424963 25.690981 25.747588 26.537349 27.520567 27.183775 26.414919 23.721739 19.373719 18.881658 17.963071 17.143795 17.473396 17.957438 18.438347 18.841295 19.245887 19.503796 20.042147 20.929934
24.123299 25.313926 24.890789 25.231947 25.929797 26.165880 26.287335 26.546586 26.576094 26.606260 26.568296 26.437876 26.376739 26.292522 25.974667 25.427938 25.620042 25.948535 25.845481 26.027285 25.925992 25.659574 26.010922 26.706681 27.039788 27.090845 27.454817 23.166565 22.098773 24.014382 22.183332 21.655224 21.703079 23.208645 23.533875 23.334758 23.116990 23.457323 23.793201 23.587496 24.453971 25.706590 25.332745 25.583612 26.699159 27.599926 27.531268 24.087266 20.005374 19.225630 18.152163 17.051820 17.467367 17.996133 18.499028 18.921203 19.354288 19.797076 20.071735 20.912174
25.005795 24.334218 23.756939 24.738484 26.131327 26.412001 26.362501 26.535773 26.625200 26.654678 26.624168 26.407527 26.245090 26.168309 25.684875 25.247681 25.753084 26.435302 26.474569 26.617046 26.659111 26.599911 26.746896 26.974813 27.234802 27.341044 27.277918 22.619413 22.930021 22.996925 20.327873 23.858496 23.150066 22.061355 22.117046 21.866666 21.613243 21.673024 22.654818 24.642542 26.062048 26.338892 25.111897 24.898244 26.344748 27.587046 27.915655 26.450127 19.473697 18.408567 17.707994 16.985797 17.477518 18.024626 18.544481 18.994266 19.453523 20.007022 20.328677 21.227718
25.791391 25.462129 23.959381 23.337218 24.199054 25.551049 26.173938 26.454729 26.709012 26.693477 26.609576 26.477463 26.229575 26.035041 25.519877 24.879457 25.586728 26.518977 26.737687 26.692731 26.538909 26.471499 26.627457 26.563704 26.826168 27.207470 27.190315 22.879812 21.483574 22.971958 22.471292 21.625427 23.393873 24.911400 25.191771 22.761341 21.928080 22.593919 23.238726 24.634091 26.070595 26.151578 25.125695 25.119450 26.344250 27.259900 27.327434 25.079736 16.703072 16.959417 16.739156 16.968679 17.474356 18.106875 18.577569 19.051675 19.536441 20.115234 20.667229 20.201231
24.113604 26.334911 25.728995 23.971775 22.886084 23.370468 24.959374 26.086288 26.391027 26.564579 26.593585 26.460727 26.103302 25.892380 25.181387 24.479404 25.567461 26.678301 26.865567 26.657810 26.605866 26.192429 26.363840 26.640313 26.704062 26.397222 26.912761 24.114286 19.535324 23.718597 25.543313 23.614304 21.988095 22.049030 24.526620 25.876685 25.122683 23.985726 24.313794 24.880930 25.656293 26.546526 26.037895 25.563690 26.146372 26.549167 25.415120 21.043802 15.409677 16.380355 16.627566 16.927929 17.453862 18.036934 18.530628 19.019157 19.595728 20.245819 20.841865 21.373449
25.427464 24.316613 25.819151 26.498312 24.736471 22.895875 23.151083 24.969570 26.182093 26.402065 26.506888 26.264510 26.084405 25.740431 24.811218 24.257706 25.695120 26.733685 26.501017 26.227585 26.600688 26.417282 26.342210 26.830824 25.882679 25.433219 26.139086 26.335486 20.498259 20.886372 22.444160 23.307300 22.560961 22.621790 23.774516 25.672016 26.641586 25.821088 26.463918 26.175952 26.061924 27.071341 26.821769 25.544311 25.800354 25.150405 23.710073 16.280820 16.052085 16.416119 16.560635 16.947875 17.414969 18.015454 18.519426 19.029950 19.628620 20.302192 20.922580 21.466552
26.391270 25.152269 23.513211 24.528014 26.617496 24.743566 23.348770 23.608223 25.295235 26.088677 26.217259 26.035257 25.947142 25.579057 24.790188 24.632610 25.813121 25.709085 25.748955 25.788268 25.971416 26.146160 26.845277 25.653131 25.363383 26.066101 25.638724 27.373446 23.894727 20.542063 17.826254 19.638864 21.333626 23.127672 25.586072 25.245386 23.897682 23.707214 25.890883 27.311671 27.395969 26.251480 26.380682 25.690790 25.963764 24.020152 20.196444 17.004554 17.141926 16.782213 16.696017 16.861360 17.419810 17.961617 18.551717 19.082187 19.629529 20.323539 20.965809 21.606294
26.322586 26.339750 25.936406 23.939347 24.515101 26.592601 25.080101 23.372394 24.034615 24.982930 25.474227 25.500031 25.667361 25.695474 25.584599 24.795852 25.007818 24.280994 24.316522 24.751130 24.976765 25.197354 25.241342 24.723706 26.268204 25.205685 25.938046 27.230809 27.410899 25.424368 18.529099 16.718596 17.910887 21.077060 25.346767 25.010480 23.347466 22.857918 23.218081 24.369945 26.102757 27.302107 26.989637 26.881023 26.298154 23.454726 20.466440 19.139377 18.078200 17.346677 16.899562 16.895702 17.060053 17.883542 18.487976 19.030002 19.593178 20.377641 20.965563 21.552072
26.312684 26.327913 26.500382 26.039700 24.141147 25.043957 26.643618 24.573047 24.408586 24.793678 23.852668 25.010609 25.898956 26.043327 24.921219 23.543999 23.796788 23.377403 23.156567 22.446149 23.937241 23.519381 23.320157 25.247104 24.744922 25.177079 26.338471 26.116989 26.918346 27.527081 22.668496 18.557713 17.518403 22.549951 25.342380 24.546932 23.598817 23.936097 23.750319 22.990667 23.359730 24.193900 25.573911 26.801213 26.734042 22.929290 20.712095 19.519054 18.404585 17.598131 17.286962 16.902527 16.906607 17.673465 18.241894 18.940378 19.587222 20.386431 20.989661 21.518761
26.360784 26.314428 26.441103 26.597376 26.039899 24.862667 25.481695 26.604650 25.652226 24.017817 23.165106 24.636831 25.476209 25.201174 24.138371 23.273017 23.081613 24.215464 24.470319 23.420267 23.454263 23.008173 24.625339 25.865121 24.080235 25.826267 25.555374 26.214648 26.288349 27.144967 23.933471 19.226120 17.850489 24.106209 24.887690 23.779601 23.854235 25.353771 26.233556 25.074538 24.684389 25.482934 23.979928 24.529701 22.532772 22.246858 21.050151 19.900321 18.815468 17.924298 17.305766 16.868002 16.829077 17.523890 18.105536 18.810092 19.465475 20.197964 20.739730 21.427743
26.287248 26.299565 26.424627 26.482723 26.453686 26.272355 25.590430 25.337861 26.621530 24.193060 23.371204 23.613837 24.450703 24.840966 24.692135 24.341735 24.567208 25.301145 24.820249 24.474166 24.707535 25.741882 25.635347 25.201177 25.893590 25.795243 26.143838 25.744535 26.762390 25.693986 26.088385 22.394649 17.824946 23.315490 25.498557 22.372272 23.827252 25.325955 26.557853 25.707264 24.904248 25.460386 23.606222 23.974981 21.767152 22.037935 20.694329 19.508638 18.653948 17.928706 17.347543 16.621693 16.727437 17.266181 17.929848 18.568250 19.224413 19.831599 20.579917 21.342207
26.203995 26.283066 26.354473 26.499305 26.541151 26.576342 26.463944 25.453117 25.471582 26.373223 24.564658 23.802469 23.609520 24.448422 25.329071 25.358812 25.678927 25.267984 25.302359 26.160321 25.515692 24.899092 26.038004 25.659303 24.841685 26.053022 25.653737 26.292551 25.763735 25.111479 26.732713 26.798650 19.926862 22.758659 23.897897 21.418143 23.517317 25.076021 26.353942 26.076872 25.338755 24.210468 23.252915 22.929431 24.413625 23.997004 20.966823 18.783284 18.069502 17.428756 16.602951 16.288207 16.442020 16.882381 17.682489 18.424763 18.934141 19.608134 20.358770 21.117005
26.256003 26.324409 26.386892 26.477981 26.550393 26.551820 26.482252 26.004665 24.844180 25.462663 26.539821 25.219670 24.395382 24.951332 25.838297 26.093235 26.016639 25.388207 24.930198 25.136087 25.641954 25.532703 24.108258 24.152438 24.977146 24.657207 26.196250 25.975719 24.399712 25.789463 26.444107 27.583456 23.207214 22.167392 21.000690 21.072341 23.499998 25.257034 26.651221 26.408641 25.076758 23.365545 23.123762 22.302952 19.642633 17.371801 16.357125 16.752827 16.590041 15.835754 15.612248 15.478871 15.900617 16.718173 17.273818 18.016531 18.665130 19.334375 20.029343 20.755492
26.238471 26.357202 26.409615 26.374814 26.493451 26.477295 26.358097 26.425420 25.992199 24.832143 26.029075 26.431554 26.551808 26.532947 26.302870 26.247712 25.861089 25.348972 23.710602 23.518942 25.132148 24.442556 25.216401 25.713065 24.569183 24.411043 25.725789 24.915669 25.686254 26.581942 25.808724 27.273789 22.631640 20.899801 20.320124 21.037980 23.706011 26.356274 26.910453 26.366846 24.311077 22.654018 23.737998 22.390737 19.644001 16.539529 15.075173 15.054767 14.913468 14.781019 14.629970 15.032992 15.596147 16.270871 16.814876 17.680199 18.424650 19.219533 19.677609 20.347692
