tests/3D/PSQL_test/output-maps-SE27XX/SWEN0028.asc
ncols         295
nrows         180
xllcorner     627200.000000
yllcorner     5109000.000000
cellsize      200.000000
NODATA_value  -9999.0
[rows 104 to 129 of 180, columns 60 to 119 of 295]
36.594013 35.056751 37.368259 38.202226 38.357607 38.503858 38.997380 39.493508 39.518058 39.506204 39.366739 38.734761 37.997635 38.147728 38.078353 38.169169 39.014552 38.404197 38.509571 38.641383 37.430022 35.998297 34.477793 30.487803 29.507500 32.305667 36.607471 33.141494 32.910437 24.586032 22.968910 26.502768 30.174583 35.141433 31.328932 26.199345 27.211033 28.478084 30.489903 30.004039 28.260681 28.402623 31.187214 31.413661 27.868584 29.892256 32.058656 32.170946 31.884244 31.788156 31.606020 30.088660 30.069618 28.281126 29.213467 29.913403 29.437198 27.443292 27.301798 26.392941
35.740197 38.046935 38.105925 37.811231 38.835466 38.745056 39.108104 39.555614 39.638054 39.355819 38.514856 38.519317 38.114256 38.262840 38.548541 38.762881 38.906382 38.641280 39.051463 38.434957 37.518170 36.076967 34.548644 32.054197 30.754639 33.011588 35.838676 36.659721 32.949129 23.646881 24.447991 30.750719 34.398964 31.836120 27.597203 31.676221 30.333326 30.707308 33.178655 28.796966 26.139911 28.095499 29.722702 28.978666 27.869319 31.018706 32.192590 32.546741 32.160604 31.724724 31.328654 30.115766 27.419718 26.414183 28.392997 29.278191 29.777033 28.163449 28.016336 27.183692
37.603091 37.495322 37.322287 38.362465 38.915982 38.957181 38.963960 39.314660 39.284610 38.921279 38.790096 39.107277 38.409979 38.359092 38.805227 38.992527 38.994112 39.064280 39.131576 38.250369 37.755148 36.372873 34.602097 32.808444 31.176304 32.047361 32.168775 30.927299 28.793151 26.920095 28.400872 32.006424 35.711236 27.006506 30.755490 30.543149 24.794630 23.289156 28.667465 29.744543 26.144316 27.428464 26.903725 26.011790 30.359258 31.578381 31.683911 32.520532 32.018642 31.835485 30.659558 27.031507 24.642456 25.830954 27.941138 28.490772 29.487087 29.329871 27.815023 26.958630
36.061183 36.739654 38.353415 38.895166 38.861736 39.136717 39.034251 39.004521 39.091706 39.000752 39.323122 39.332601 38.289575 38.620231 39.167536 39.406613 39.277583 39.216646 39.126744 38.438775 37.803022 36.639113 34.921437 33.173713 31.563552 32.065972 31.849779 34.321124 36.334939 33.049895 29.576728 30.084313 35.064230 27.415530 33.748586 27.035751 26.051447 23.306112 25.706025 26.309539 26.146518 25.981751 25.041406 27.071487 31.936357 31.423528 32.200562 29.801682 28.082234 28.479100 28.053280 25.479260 27.201366 28.358824 28.663776 27.805897 27.397005 28.997335 28.044355 26.183884
36.068307 37.173714 38.500342 38.705506 38.630012 39.178561 39.322280 39.055121 38.994304 39.207125 39.622386 39.244196 38.342642 39.010247 39.563384 39.690194 39.324547 39.167670 39.163393 38.593716 37.828473 37.449206 35.738723 33.512000 31.931615 31.377281 28.797100 29.812299 30.721566 29.770080 28.401569 29.712780 34.908388 32.635301 30.116882 30.227720 32.884798 26.266644 22.236572 23.427652 27.949458 26.716462 26.901501 29.542428 32.235373 31.229698 28.701428 25.732899 26.596372 27.078391 27.800031 27.643330 30.177468 29.462459 28.891857 27.566167 26.337420 27.751566 28.484667 26.196894
32.765715 35.507158 37.180630 37.168136 37.573093 38.949361 39.536309 39.084648 38.684055 39.085007 39.756004 39.273746 38.756028 39.455168 39.758084 39.841277 39.633615 39.473863 39.174557 38.340645 37.830341 37.614617 37.041041 35.750546 33.598623 31.708910 28.782868 29.400287 32.669980 29.751983 27.985992 28.187467 30.527681 34.481476 33.103110 35.011638 29.031960 25.445471 23.132088 23.424302 27.590369 27.063399 27.579844 31.221045 32.706276 31.049302 29.008529 29.596815 30.694186 30.864562 30.688832 29.987690 30.179908 29.055202 27.721394 27.572122 27.674649 28.214143 29.386561 27.700509
30.855767 31.826649 32.778060 34.033808 36.351304 37.933498 38.950188 38.929632 38.297996 39.085337 39.756773 39.274720 39.245403 39.672512 39.821856 39.804990 39.568247 39.549699 38.890323 38.015650 37.639076 37.422102 36.823106 36.953606 37.171723 35.892009 33.093355 31.905331 34.017588 33.521797 31.561989 31.035780 30.153466 29.251454 29.404763 27.760870 26.403018 24.580451 23.548154 27.028183 28.249148 26.317377 26.870856 32.261965 33.074234 32.025767 31.546704 31.654378 31.486645 31.655973 31.260706 30.669469 29.425463 28.607606 27.721549 28.743818 28.376370 28.638855 29.688038 28.903415
31.939097 31.774239 32.729125 34.323811 35.747573 36.475877 37.384511 38.551972 38.265283 38.890131 39.379853 39.092121 39.353559 39.810076 39.787657 39.798173 39.529502 39.297732 38.324359 37.617757 37.591870 37.695642 37.462898 37.219250 37.113084 35.408919 30.688000 31.202165 34.667944 33.969765 32.699985 34.151722 34.632059 33.470578 33.640155 28.809378 27.531875 26.588492 27.885386 30.778119 28.864552 25.145192 25.364134 32.233896 32.760062 31.701229 31.528506 31.765532 31.707713 31.641904 31.369726 31.307151 29.810538 28.830252 30.009494 28.524970 27.418629 27.996629 29.055271 27.710843
35.084223 34.451825 34.675440 35.761352 36.227253 36.126728 35.989302 36.941699 37.988121 39.276701 39.440077 39.026072 39.413689 39.809282 39.864650 39.601549 39.316186 39.059779 38.251804 37.352848 37.336640 36.923148 37.059694 37.139147 37.163311 36.483223 32.670432 30.030232 31.896450 32.286386 32.056977 32.670902 31.330230 32.724206 34.100045 30.986985 31.825662 32.087567 31.435115 31.244117 29.438335 24.715635 24.558305 30.474780 32.631884 31.524884 31.789363 31.976020 31.686346 31.621593 31.722195 31.686389 30.480317 27.848499 28.668376 27.816148 25.441865 26.479545 28.073901 25.937961
37.126805 38.145307 37.928982 37.502040 37.514566 37.274108 36.443746 36.295554 38.091542 39.413730 39.211175 39.074376 39.818868 39.832255 39.549737 39.265870 39.212475 39.045352 37.989030 37.046382 37.412519 36.403963 35.220456 35.244668 36.926723 37.213073 35.415727 33.236809 31.805644 28.768714 28.565865 32.847594 32.096394 31.606215 28.886821 28.332873 26.655661 26.867239 28.816051 31.188290 30.233255 25.845861 26.421427 29.686231 32.966109 31.323463 32.010022 32.046442 31.767210 31.697878 31.770553 31.665914 30.748503 28.088896 26.006521 29.500674 25.749105 25.610393 27.130710 25.343959
35.570814 37.225309 38.464184 38.792918 38.772599 38.538622 37.901557 37.415664 37.520189 38.218063 38.442223 39.311169 39.677762 39.113559 38.761478 38.646923 38.769017 38.715631 38.158510 37.656968 37.746955 36.049669 35.347704 37.041325 35.779196 35.537119 35.670900 35.595209 33.695645 29.803547 27.277686 30.432519 30.549753 34.818237 31.583819 31.126292 30.061002 28.606042 27.737239 29.509625 29.895034 27.237929 27.416127 28.517843 32.721773 31.280238 31.846880 32.008381 31.623574 31.217393 31.511724 31.348248 29.760378 28.998629 26.583274 27.792156 28.124900 24.001678 23.882994 25.348431
32.499503 33.703077 35.859521 37.658285 38.575365 38.769639 38.745439 38.361653 37.553779 37.834919 38.589651 39.395779 38.576260 38.362567 38.438005 38.473814 38.469756 38.305434 38.457886 38.345511 37.711439 35.891288 33.524244 35.655603 37.315115 36.844019 36.595334 36.030412 33.808385 31.395978 29.491120 30.969976 27.603767 29.595229 34.751075 33.613455 31.601250 29.484275 27.668833 28.509465 29.555918 26.832496 25.962498 26.526403 29.921368 31.974547 31.799886 31.630840 31.583424 31.181205 31.867567 31.318185 27.683921 27.543421 28.386077 26.714491 28.332074 26.175351 24.538961 27.469482
30.888877 31.828508 34.027384 36.535016 37.482187 37.322688 37.482255 38.837481 38.385289 38.601785 38.770872 37.665622 37.647430 38.454284 38.844734 38.731463 38.379805 37.814459 37.781652 38.139081 38.066478 36.333455 35.015008 35.685206 35.833451 36.081711 36.331017 35.740785 34.112856 32.137374 31.640666 32.506975 28.984688 26.543769 33.000444 30.653838 28.610131 28.447117 26.126207 28.107563 30.789013 27.794919 27.301333 26.815375 27.951949 31.346046 31.862123 31.325310 31.540023 31.679854 31.829183 30.676936 25.254726 25.127286 26.835525 29.606962 26.836645 30.368437 29.896258 29.360316
33.894692 32.941367 34.889644 36.999075 37.873898 37.052599 35.894916 38.132148 38.742790 38.188770 36.738399 36.008875 37.581652 37.883954 37.804043 37.854714 37.868594 37.244408 36.068645 36.108431 37.399912 36.475962 35.700071 36.487936 35.966952 35.736386 35.653961 34.948742 34.156180 32.265763 31.506642 32.847723 31.909171 26.439523 28.165991 33.802412 29.170145 29.001042 26.430123 29.556626 32.278668 28.957167 29.355724 29.201848 28.199968 31.112418 31.922307 31.531269 31.790412 31.901791 31.786289 29.615634 21.939090 21.839291 24.644717 25.484599 28.061993 30.245402 30.495407 28.689122
33.613246 33.563627 35.312611 36.836667 37.734466 37.079481 35.590166 37.026834 38.571250 37.394028 34.853848 35.446158 36.883034 35.915506 35.318301 35.745511 36.930948 36.395323 35.326347 33.789625 35.440739 37.038539 36.328424 36.603608 36.474790 36.248709 35.581649 34.750442 34.698545 33.106060 30.123525 31.961228 32.933062 27.853213 24.091245 31.471332 27.719223 24.918682 27.756300 32.190932 32.743504 29.699369 30.288700 30.130670 27.528561 30.475757 32.273103 31.892571 31.953177 31.927411 31.644681 27.977473 20.275218 21.415192 28.531658 24.500981 24.385128 26.930958 29.310481 27.873354
34.731252 34.962702 35.587082 36.325768 37.074803 36.550061 35.714521 36.476653 38.101620 36.851831 33.912359 34.543195 35.622588 35.582597 36.215744 35.900819 36.008169 35.872695 35.927010 34.614450 33.628272 35.587097 35.572148 35.369401 35.489948 35.563751 35.069198 34.355110 34.926105 34.118363 31.180576 28.412659 28.943451 29.109536 25.651320 27.041918 31.163023 22.281216 29.228420 33.291469 32.954655 30.115239 30.201478 31.279314 27.765073 29.014782 32.255700 31.982889 31.945661 31.870788 31.384338 25.277597 21.083897 23.303179 27.548647 30.743108 30.113148 30.295853 28.956750 25.573116
34.938870 35.164685 35.865225 36.078932 36.278416 35.784976 35.088742 36.070174 37.731100 36.447828 33.848157 33.878251 34.727128 34.958370 36.052296 37.450343 36.584002 36.454927 36.855670 36.439460 35.061636 35.463842 35.097156 34.905706 35.059639 35.165742 34.965337 34.764792 35.036954 34.735299 34.426517 33.167673 31.198160 31.526480 30.027508 26.548175 32.088339 22.630410 29.681722 33.168726 32.925955 30.916705 29.623571 30.817475 27.384539 27.549588 31.988569 31.565617 31.763602 31.810036 30.778839 23.105851 21.052862 23.260285 27.763421 30.621576 28.208045 27.861482 26.235858 25.839186
33.973163 34.919693 35.918926 35.492011 35.351911 34.730361 34.168397 35.976518 37.302393 35.410429 33.135725 33.763193 34.314903 34.549938 34.988073 36.709482 36.475476 36.711220 36.985167 36.610230 36.042943 36.188958 35.812363 35.388961 35.442972 35.449819 35.067932 34.878466 34.882239 34.604136 34.418429 33.487826 29.586032 30.863061 31.198226 29.134070 30.886288 24.218495 31.453229 33.205749 32.945386 31.850784 29.772080 29.633975 26.671493 26.214207 30.829230 30.166113 30.559532 30.987319 29.938375 23.807760 20.606312 22.108218 30.534976 28.721354 29.640069 29.203442 27.484352 28.227891
33.552676 35.030766 35.622260 34.862467 34.506259 33.561884 33.697034 36.173600 36.704201 34.256191 32.386211 33.592985 33.323939 33.850335 34.772299 36.374716 36.823867 36.690354 36.568398 36.432530 35.982297 35.821599 35.812085 35.296060 35.400164 35.355403 34.779716 34.605130 34.701317 34.358050 34.086271 33.691234 30.572468 30.145205 30.535608 31.742327 29.431106 26.754691 32.692266 33.144386 32.872529 32.444461 30.947891 29.772577 25.917741 27.397654 30.755516 30.779330 30.794152 30.357060 29.877919 26.398106 21.774002 20.060235 30.140090 28.262413 30.005055 29.001126 27.905592 29.084741
33.809767 34.758106 35.037554 34.358741 33.802875 32.555658 33.432535 35.909396 35.940564 32.990659 31.912118 33.622521 32.848256 33.630514 35.408154 35.648031 35.433699 35.614250 35.904623 35.966998 35.874829 35.437756 35.368497 35.047249 35.133547 34.976012 34.577285 34.713457 34.600540 34.267620 33.942070 33.785420 32.391282 29.674934 27.333725 30.221758 30.813408 28.572374 32.542712 32.881157 32.783812 32.648296 32.347227 29.670660 24.788030 29.417465 31.479277 31.604981 31.491250 31.187987 30.958696 28.466709 23.608709 20.026130 29.491325 28.435214 30.081437 29.716919 28.669107 28.727404
34.072632 34.243490 34.204758 33.977967 33.466150 32.289464 33.120738 35.397116 35.052765 31.631652 30.798431 32.847265 33.121166 34.017165 35.034982 35.262456 35.417854 35.438180 35.508632 35.332735 35.148913 35.178089 34.706268 34.766750 34.837519 34.570704 34.496848 34.207291 33.975597 33.832137 33.594793 33.454612 33.410886 32.539040 29.363734 27.725372 31.982209 30.054847 32.150047 32.613607 32.600415 32.578097 32.387392 29.090689 24.706546 30.349767 31.489289 31.591296 31.532669 31.511364 31.347313 28.852441 22.462528 20.411301 29.908768 28.393512 29.666011 30.025981 30.001335 29.022887
33.888960 33.793347 33.761043 33.555999 32.902622 32.210690 32.967351 34.717306 33.896991 29.544451 28.940160 31.517680 33.253020 34.744807 35.254475 35.179969 35.073874 35.019975 35.022049 34.595697 34.272751 34.751759 34.750996 34.675706 34.601012 34.290301 34.166949 33.809325 33.363090 33.109437 32.698923 32.416820 33.081981 33.051981 32.482364 30.812004 31.307771 32.349772 32.333678 32.393090 32.340941 32.419489 32.263599 29.226513 24.978106 30.252510 31.293653 31.275438 31.056229 31.281023 31.318500 28.999296 23.168135 21.572057 27.042761 30.323149 29.003566 28.890518 29.104396 28.987579
33.247083 33.235489 33.370348 33.215669 32.492613 32.052183 32.555189 33.915846 32.766750 27.978530 27.346207 31.727117 34.340461 34.712320 34.619904 34.041454 33.440886 33.565923 34.174022 33.467017 33.692937 34.451156 34.283199 33.982951 33.799346 33.700154 33.761127 33.492412 32.938506 31.863019 30.215534 29.018232 31.370266 32.732236 32.399302 32.164161 32.290475 32.703019 32.268785 32.057109 32.043655 32.308568 31.819240 29.991434 26.236281 30.328683 30.052622 29.943817 29.652360 30.750495 31.244417 29.673313 24.842509 24.409797 27.254924 29.394397 28.778594 27.655527 29.209472 28.795261
32.556694 32.663880 32.851506 32.811944 31.890815 31.043924 31.745496 33.163944 31.939359 26.365695 26.822158 30.913479 30.446104 29.926805 29.952509 30.249860 31.295294 31.944192 32.692823 32.478900 32.611857 33.033809 32.825134 32.433133 32.529493 32.451163 32.205005 31.384758 30.631028 29.248343 28.870605 25.831382 28.117995 32.028303 32.064069 31.964898 31.993911 32.287068 32.101263 31.573602 31.588605 31.943548 31.402464 30.072119 27.909269 31.084815 27.976398 29.669345 28.291631 30.142291 30.941043 30.329752 24.114357 25.338079 28.948484 26.848104 30.456412 28.627953 29.794253 28.592222
31.821617 31.997178 32.173530 32.190273 31.590250 30.432929 30.522838 32.156938 31.816551 26.195707 26.991082 28.370887 27.466489 26.470526 26.142159 27.572081 29.460161 30.020976 30.532528 30.268064 29.715728 29.687275 30.182586 30.866000 31.253084 29.779672 28.296407 28.832929 29.855713 31.129864 31.056284 25.271315 25.935076 30.416220 31.717759 31.887338 31.804614 32.105628 31.931299 31.437322 31.207406 30.974664 30.231421 29.761034 28.574070 31.087141 27.631838 30.902558 27.967067 30.061767 30.693994 30.830684 25.671784 24.329606 27.640608 25.695671 27.671385 26.343869 27.905900 27.593292
30.818669 31.005129 31.073792 30.409413 30.129212 30.017270 29.220918 31.071983 31.591977 27.904315 27.405009 28.091969 27.555229 26.964070 27.015902 27.386432 26.770662 26.468588 26.831566 27.176438 27.176699 27.169985 28.111270 28.681772 28.362375 28.329954 29.131688 30.962137 32.263666 32.488486 30.981721 27.123648 26.414898 27.635364 29.913104 31.686339 31.508272 31.923038 31.761156 31.140645 31.420724 30.982268 29.918782 29.007819 27.966427 30.877265 28.976323 31.362545 28.589826 30.260822 30.517312 30.870081 29.371681 25.530260 28.040098 28.547674 29.690661 28.545033 28.780968 27.769560
