tests/3D/PSQL_test/output-maps-SE27XX/SWEN0011.asc
ncols         295
nrows         180
xllcorner     627200.000000
yllcorner     5109000.000000
cellsize      200.000000
NODATA_value  -9999.0
[rows 130 to 155 of 180, columns 120 to 179 of 295]
23.094609 24.773674 21.005632 23.566332 23.453763 23.843463 22.079086 20.027833 17.794153 17.119829 16.731581 16.650439 17.153106 18.433687 19.327680 20.120745 20.616889 19.911205 19.157967 19.492140 19.594935 19.064568 19.464986 20.120323 16.341942 13.174160 13.276433 12.602206 9.251906 9.993263 14.719710 17.458212 18.324227 18.040833 18.369985 19.122319 20.067869 20.556232 20.148456 19.755691 20.441483 20.296866 20.317468 20.230323 15.438490 12.621110 16.080047 17.213011 17.337188 16.332796 10.598192 3.776079 1.917704 2.389194 2.635849 3.072964 3.434186 3.707381 4.052856 4.311664
23.587018 24.833820 21.231604 23.413722 23.953538 23.042167 21.055530 18.452756 17.206577 18.272411 19.487638 19.141827 18.792460 19.194394 18.851560 19.235446 20.626462 20.126544 19.390320 19.915185 20.003707 18.857757 19.414607 19.088281 16.469993 13.904401 13.752202 10.332575 8.546184 11.608715 15.148207 18.640485 18.849602 18.842612 19.397314 19.846145 20.468512 20.816735 20.472622 19.556470 20.129802 20.222144 20.219086 20.117775 16.526225 12.906755 16.155809 17.233669 18.330939 17.551181 10.457024 5.007056 2.152967 1.947866 2.472374 2.821955 3.181847 3.495693 3.803080 4.135932
23.067219 24.668883 20.744119 21.992793 23.832931 20.218207 19.872300 18.999823 18.363409 19.335619 19.733930 19.393804 19.773441 20.123802 19.801110 19.919762 20.823239 20.715889 20.031227 20.314523 19.194497 18.303429 18.928094 16.478212 15.862808 12.623756 9.634868 11.065443 9.654802 12.659512 15.728990 19.041326 19.185828 19.360443 19.842660 19.990374 20.314235 20.764250 20.496594 19.333233 19.802696 20.122918 19.604022 20.240834 17.665262 13.969036 16.180813 17.903755 18.672851 18.248129 14.428302 11.943086 5.185745 5.758696 2.223502 2.559102 2.931690 3.280409 3.582692 3.911489
21.851961 24.373715 19.975211 21.565404 20.789802 17.752791 18.254141 19.263431 19.927872 20.530498 20.430721 19.878204 20.232583 20.554401 20.653255 20.139344 20.041285 20.344368 19.836784 19.731998 18.755041 18.182661 16.964943 14.306076 11.319909 13.930958 12.692001 11.708301 10.895576 13.284755 17.093552 19.286647 18.875568 19.380353 19.863913 19.760602 20.135005 20.626486 20.128115 19.482843 19.725163 20.148125 18.934518 19.325011 17.515742 14.483090 16.404610 18.787111 19.278648 19.235897 18.346948 15.728091 13.287223 7.668419 1.933367 2.364708 2.615814 3.026027 3.313142 3.603931
20.908146 24.554421 19.965521 23.234968 18.984782 18.334931 18.812461 20.262124 21.274056 21.755999 21.655336 21.170890 21.066677 20.959011 21.225832 20.746546 19.387791 19.293027 19.632063 19.526800 19.754633 18.852950 14.930658 13.091003 16.887519 16.249440 14.685004 13.905528 11.878809 15.917171 18.728641 19.314409 18.546061 19.241704 19.885286 19.782473 19.931102 20.346922 20.054794 19.626969 19.641565 20.238661 19.445716 18.865849 16.593068 14.503390 16.819457 19.257423 19.728475 19.525660 18.919258 16.254916 12.456142 3.320226 1.571602 2.100890 2.490366 2.653651 3.051663 3.372750
21.602090 24.900776 20.217479 24.137380 18.697934 19.434677 19.861651 21.161779 21.673168 21.376318 21.468477 21.172171 21.069268 21.340823 21.232803 21.296009 19.830008 18.828592 18.734941 19.019312 19.459612 19.144146 13.133071 15.198392 20.180553 18.526592 15.839131 14.350929 13.427496 16.591885 20.059403 19.754145 18.770908 18.923929 19.628734 19.527821 19.702844 20.181495 20.351949 20.073862 20.067148 20.464121 19.779481 18.314442 15.981182 14.523691 16.842763 19.364351 19.709788 19.367453 18.852879 13.584815 8.254838 0.938858 1.529894 1.950715 2.215018 2.429471 2.774521 3.139626
21.121891 24.828651 20.946590 22.537230 18.405284 19.690613 19.857172 21.158222 21.670563 20.751947 20.653283 20.969691 20.871533 21.519581 21.235977 21.002237 20.979234 20.224742 18.921149 17.918812 17.806983 15.520356 16.656640 20.697222 21.239375 18.677210 16.424178 13.784840 13.505669 18.274351 20.320405 20.813756 19.282472 18.393422 19.347694 19.402195 19.590620 20.303102 20.455468 20.356973 20.250711 20.490871 19.978152 18.016830 15.563881 14.544439 17.237721 19.416269 19.793788 19.586968 16.751547 10.646296 2.839615 0.901228 1.420557 1.515750 1.894245 2.193455 2.533053 2.819733
21.107095 24.597088 22.432547 21.947488 19.238640 19.939683 20.578698 21.954694 22.213719 21.171727 20.862351 21.730201 21.962686 21.856230 21.721638 21.772674 21.742591 20.459339 19.723603 18.154979 19.170771 18.950042 19.952091 21.926439 20.925805 19.025638 17.174112 14.942818 18.393640 16.796640 20.605964 21.301694 19.806725 17.597205 18.510198 19.270498 19.325460 20.418784 20.553097 20.382393 20.414551 20.602314 19.630932 17.516819 15.350999 15.045964 17.943620 19.528117 19.868791 19.618249 14.227982 6.512831 0.231967 0.749289 1.177269 1.331092 1.565133 1.958643 2.199897 2.527046
22.204970 24.193292 23.289464 21.299313 19.761634 19.677959 20.336955 21.361688 22.034634 21.370589 21.067389 22.228590 22.559595 22.502187 22.766199 22.989146 21.718088 20.144862 18.381606 20.574734 20.705378 20.819424 21.543143 21.694879 21.131318 19.892222 17.262627 16.781489 20.579166 18.207757 20.841062 21.251748 20.677936 17.593180 17.092379 18.796328 19.194994 20.533097 20.505622 20.244555 20.681171 19.951930 17.049043 15.210187 14.899136 16.189722 18.953733 19.557562 19.759973 18.679933 13.571563 6.649016 0.286861 0.564217 0.765246 1.040611 1.311572 1.577587 1.914413 2.235143
24.155010 24.389049 23.428616 21.508958 20.504384 19.925800 20.330631 21.556218 21.845038 21.367356 21.068796 22.376719 23.027615 23.320198 22.968521 21.744737 20.794754 19.870983 20.369210 21.291434 22.134366 22.236448 21.637346 21.112036 21.069409 19.205898 15.732917 20.323282 20.912359 20.980439 20.901723 20.965939 21.020016 18.902742 16.647697 17.671701 18.547408 19.946421 20.535084 20.686192 20.170848 17.354192 14.816173 14.491094 16.501036 18.543799 19.826147 19.734899 19.284612 18.282849 13.137435 5.433081 0.197472 0.473234 0.608055 0.835791 1.143479 1.404088 1.599079 1.993988
24.969652 24.045769 22.938016 22.672168 22.024045 21.531327 21.644003 22.119279 22.021946 20.950900 21.453947 23.093723 23.670930 23.173829 21.754865 20.972632 21.565559 21.907610 22.409067 22.662306 22.749594 22.579225 21.510137 20.818996 21.007473 19.639938 18.664080 20.812866 21.385613 21.106001 21.174960 21.054279 21.052265 20.453927 17.977273 17.261322 18.006699 19.444015 20.633677 20.659302 19.015535 15.156044 15.084747 17.588251 19.813616 20.073913 20.030492 19.985665 19.268451 17.730806 12.898459 3.101650 0.096305 0.353745 0.574663 0.714899 0.933235 1.231414 1.480170 1.817554
23.996298 22.658050 22.925030 22.998790 22.392261 22.479048 22.024872 21.740541 21.645465 22.191035 23.662001 23.523181 21.722112 20.778260 21.437808 22.742861 22.922016 22.723142 22.982628 22.872180 22.970136 22.749612 21.651408 21.117136 21.311067 20.921055 21.209961 21.423004 21.517825 21.270150 21.195008 20.994916 21.236685 21.287101 18.943371 16.833407 17.828991 19.608464 20.586608 20.322735 17.484719 14.417804 16.272683 19.644081 20.370521 20.242723 20.062311 20.138409 19.563489 17.202827 11.836851 1.591395 0.000000 0.234326 0.375387 0.592692 0.765760 1.100598 1.302641 1.542048
21.932822 20.468122 22.556539 21.255027 20.233907 21.304671 21.428410 20.462073 20.136161 20.278074 19.949386 18.889315 19.068408 21.179676 23.052541 23.460221 22.928130 22.819384 22.932667 22.881541 22.981026 22.874214 22.001736 21.340455 21.530652 21.664792 21.515980 21.298848 21.204985 20.900492 20.344162 20.474731 21.042773 21.418390 19.909871 16.852549 17.849974 19.767758 20.533250 19.577408 16.227982 15.198398 18.252479 20.420244 20.450204 20.232512 20.178052 20.184756 19.426917 17.163883 11.697250 1.988806 0.000000 0.051690 0.220407 0.418331 0.640908 1.054705 1.126759 1.360329
23.065597 19.678322 20.379904 17.833428 15.542680 15.481695 16.707908 16.947775 15.940695 15.553279 16.430062 18.375394 21.085397 22.337601 22.856670 23.196550 22.648604 22.540772 22.873052 23.083597 22.993523 22.898299 22.292568 21.384780 21.814253 21.827923 21.492829 21.345862 21.278549 20.701285 20.183566 20.632675 21.154533 21.339757 20.948371 17.536667 17.666404 19.791854 20.941802 18.542462 16.013923 17.245932 19.994944 20.574540 20.479991 20.215389 20.269191 20.154428 18.255450 16.541833 11.591347 0.003664 0.000000 0.000000 0.067548 0.293466 0.485724 0.673937 0.951759 1.138266
24.185972 20.189283 19.855962 20.539855 18.343587 15.809468 15.744852 17.841770 18.610556 18.801588 19.972784 21.910351 22.835455 22.195355 22.240951 22.530435 22.303417 22.545707 23.104475 23.110585 23.018604 22.910111 22.457342 21.259914 22.010742 22.010458 21.276425 21.051048 21.298484 20.974351 21.099991 21.196407 20.994871 21.076525 21.492212 18.740439 17.261148 18.914598 20.406980 18.026236 16.493929 19.169201 20.525861 20.603901 20.509753 20.246647 20.198419 19.743572 16.677232 14.865746 10.808813 0.000000 0.000000 0.000000 0.000000 0.137055 0.323241 0.549986 0.735301 0.960493
20.246141 19.655279 21.075889 24.021341 24.289702 21.697318 19.295244 21.530759 23.094509 23.000375 22.771854 22.536331 22.294367 22.612202 22.637439 21.851211 21.899373 22.748535 23.207025 23.046878 22.972663 22.864786 22.595274 21.687765 22.039087 21.645503 20.952249 20.663166 20.971831 20.746700 20.897361 20.797391 20.577802 20.597601 21.078384 20.611719 18.108419 17.414521 17.744262 17.858069 17.961345 20.144944 20.602944 20.583410 20.555096 20.399281 19.691059 18.393264 14.662444 9.071255 4.376917 0.000000 0.000000 0.000000 0.000000 0.000000 0.197160 0.408967 0.602608 0.784347
23.017077 23.830168 19.838418 22.425258 23.699607 22.078371 20.756064 21.322625 22.666382 22.722831 22.168301 21.557508 21.644788 22.613546 22.970404 21.855057 21.597968 22.746041 23.140555 23.054654 23.023252 22.917523 22.700852 22.284488 21.736034 21.154022 20.774744 20.533932 20.728569 20.894072 20.916785 20.932315 20.718773 20.734208 20.634876 21.004260 21.110760 18.608579 16.916555 17.481754 19.315514 20.626028 20.707707 20.613233 20.570717 20.195078 18.032061 15.779464 12.401281 3.974247 0.959579 0.000000 0.000000 0.000000 0.000000 0.000000 0.072441 0.279614 0.452525 0.609596
21.856165 21.990449 19.827771 21.202434 23.302170 22.602881 21.797541 22.086713 21.818702 20.942074 20.857328 21.176138 21.982154 22.967685 22.972940 21.858333 21.758405 22.840303 23.146734 23.063326 22.920714 22.774227 22.559860 22.152987 21.268355 21.034923 21.074458 20.979130 21.249918 21.549151 21.740495 21.578988 21.158112 20.755692 20.300410 20.205540 20.465937 20.564690 19.654034 18.802982 19.862997 20.706432 20.764900 20.643363 20.615190 19.303996 16.184929 13.794522 6.421122 0.000000 0.000000 0.000000 0.000000 0.000000 0.000000 0.000000 0.000000 0.120359 0.288873 0.488963
20.208607 19.884466 21.041835 20.500387 22.505658 22.424294 21.594188 21.514598 20.586024 19.312197 20.851700 22.072804 22.710453 23.169085 22.760887 21.859733 22.191417 23.005474 23.136432 22.874992 22.834465 22.925313 22.838283 22.469729 21.879550 21.445683 21.092860 21.248799 21.150612 21.477516 21.626787 21.526051 21.267799 20.417105 20.322316 20.096882 19.260689 18.474146 19.516426 20.429843 19.999293 20.731966 20.843538 20.671494 20.345944 17.638581 14.681286 11.026079 0.864016 0.000000 0.000000 0.000000 0.000000 0.000000 0.000000 0.000000 0.000000 0.000000 0.160616 0.322090
20.695285 20.626467 21.687507 20.728617 22.133561 22.586875 20.960027 20.197445 19.881214 20.039718 21.993369 22.928681 23.168495 23.341861 22.521058 22.154993 22.855223 23.189126 23.034564 22.818831 22.981472 22.952792 22.833022 22.266232 21.674722 21.204414 21.363070 21.011570 20.779466 21.585841 21.486347 21.469996 21.104524 20.798518 20.702830 20.494907 19.598588 17.708916 16.747465 20.001351 19.082408 19.441694 20.759618 20.466432 18.436789 15.439351 13.029190 5.291102 0.345718 0.000000 0.000000 0.000000 0.000000 0.000000 0.000000 0.000000 0.000000 0.000000 0.034749 0.224122
21.816327 21.952074 22.082382 21.394122 21.735272 21.456754 20.266694 20.189728 20.797407 21.721066 22.619328 23.046210 23.265569 23.169856 22.391133 22.535689 23.197735 23.277241 22.949104 22.894086 23.022955 22.922483 22.751022 22.101483 21.175292 21.080776 21.495785 21.157455 21.301180 21.603869 21.415554 21.317782 21.023268 21.028602 20.724715 20.517521 19.770045 17.935331 15.571856 17.388255 18.050006 16.211052 18.109574 18.865965 15.621529 12.884315 7.440418 1.827044 0.000000 0.000000 0.000000 0.000000 0.000000 0.000000 0.000000 0.000000 0.000000 0.000000 0.000000 0.096101
21.803474 21.942443 22.449992 21.800273 21.094908 20.565948 20.260584 20.648350 21.611027 22.073182 22.469669 22.925179 22.951697 22.858761 22.522415 22.921546 23.354412 23.241839 22.999230 22.962042 23.057280 22.975071 22.764490 22.114108 21.042961 21.363809 21.268432 21.296916 21.719634 21.531483 21.235077 20.915074 20.820490 20.840322 20.632774 20.652885 18.623783 15.660478 14.808139 15.974283 15.645748 14.589712 15.426443 17.013333 14.030465 7.554959 0.417512 0.000000 0.000000 0.000000 0.000000 0.000000 0.000000 0.000000 0.000000 0.000000 0.000000 0.000000 0.000000 0.093961
22.759211 22.128278 22.253495 21.585551 20.631852 20.561254 20.939424 21.685451 22.320572 22.552168 23.011631 23.152218 23.061014 22.857269 22.958689 23.305668 23.379074 23.291486 23.065919 23.022899 23.094544 22.941997 22.730976 22.026954 20.582343 21.245898 21.282964 21.540568 22.035012 21.549055 21.253306 21.158082 21.063311 21.169121 20.976329 21.064874 16.001656 13.196401 15.306259 16.768525 12.999496 11.009256 12.300405 16.130004 12.675431 0.385257 0.000000 0.000000 0.000000 0.000000 0.000000 0.000000 0.000000 0.000000 0.000000 0.000000 0.000000 0.000000 0.000000 0.277084
23.932763 23.015540 21.215294 20.691886 20.143907 20.782464 21.756780 22.714263 22.921095 23.095199 23.442358 23.442409 23.351085 23.461234 23.389559 23.415586 23.387819 23.310634 23.072329 23.076954 23.102875 22.882235 22.563380 21.569765 19.875402 20.825981 21.421845 21.556057 21.752906 21.255909 20.923602 20.830828 20.859730 20.881486 20.789245 20.999548 14.704719 12.312458 16.136632 14.637786 11.432979 7.452084 4.829556 10.079916 5.467094 0.000000 0.000000 0.000000 0.000000 0.000000 0.000000 0.000000 0.000000 0.000000 0.000000 0.000000 0.000000 0.000000 0.000000 1.110240
22.173404 23.159908 22.231687 21.137378 21.067983 22.015039 22.787628 23.379962 23.515137 23.526837 23.758710 23.668764 23.692909 23.601345 23.325956 23.393153 23.408781 23.335334 23.132315 23.123710 22.889543 21.632400 20.947257 21.017592 19.887007 20.681669 21.311476 21.218644 21.366370 21.156228 20.535783 20.145509 20.209531 20.539216 20.316812 20.826635 14.443915 12.011617 15.773458 13.295898 9.570143 5.484952 0.346976 1.162053 0.000000 0.000000 0.000000 0.000000 0.000000 0.000000 0.000000 0.000000 0.000000 0.000000 0.000000 0.000000 0.000000 0.000000 0.466022 2.556926
21.541130 22.654492 23.641088 23.158358 23.083406 23.534722 23.675090 24.015294 23.930758 23.774482 23.920748 23.831932 23.694373 23.550985 23.161720 23.463349 23.349537 23.318117 23.086503 22.792957 21.867769 20.527301 21.417685 21.844693 20.618158 20.694239 21.325298 21.233313 21.382220 21.172800 20.829247 20.738649 21.012830 20.807071 20.337302 20.949479 15.009733 12.035511 15.096521 14.716185 8.635634 6.582001 1.878656 0.000000 0.000000 0.000000 0.000000 0.000000 0.000000 0.000000 0.000000 0.000000 0.000000 0.000000 0.000000 0.000000 0.000000 0.000000 1.811065 3.179261
