tests/3D/PSQL_test/output-maps-SE27XX/SWEN0026.asc
ncols         295
nrows         180
xllcorner     627200.000000
yllcorner     5109000.000000
cellsize      200.000000
NODATA_value  -9999.0
[rows 104 to 129 of 180, columns 180 to 239 of 295]
20.632912 22.127664 21.176972 15.477861 16.830424 19.451151 20.548923 20.968426 20.742068 22.204312 22.418969 22.346716 19.794562 15.267096 13.438101 13.945125 15.335816 14.531497 15.010944 16.273964 16.321436 15.442456 15.161464 14.694806 14.252466 14.229320 14.230815 14.257162 14.240663 14.048071 13.809953 13.721391 13.656938 13.281099 12.992576 12.593751 11.864884 11.392257 10.885418 10.327362 9.703855 9.063015 8.537059 8.026060 9.750443 14.758974 18.140174 19.147046 20.693017 21.156080 20.827765 19.888486 19.843885 20.169639 19.423385 19.415638 19.392960 19.165393 19.153119 20.384331
21.782662 23.229655 17.995981 14.530609 16.828639 20.563618 20.520775 21.232993 21.018692 22.362951 22.338113 22.213814 17.410424 13.137410 12.793114 13.879413 12.895966 13.684055 14.832487 15.223347 15.105456 15.176600 14.885598 14.555848 14.448659 14.497069 14.502960 14.532681 14.518288 14.326535 14.087755 14.127816 13.861134 13.610332 13.247216 12.771680 12.032732 11.677043 11.087405 10.445149 9.737003 9.274659 8.912150 8.251733 12.394840 17.002988 20.284865 20.933904 20.937860 20.627336 19.810896 18.532200 18.328707 18.744066 18.507942 18.707611 19.474859 19.809062 20.120766 21.199193
23.027202 21.672548 16.922251 14.515931 17.585981 21.621981 20.304166 20.911941 21.403264 22.274096 22.133041 21.639579 15.815848 11.843105 13.002796 13.961592 12.997526 13.464217 13.951159 14.591345 14.692777 14.695769 14.525063 14.591234 14.748897 14.734125 14.810244 14.777496 14.765205 14.640064 14.400612 14.374754 14.101501 13.778854 13.341831 12.858333 12.505030 11.869081 11.197722 10.472954 9.946210 9.387154 9.183748 11.155147 13.396710 18.640413 20.641633 20.799408 20.547573 20.028752 18.289498 16.847016 17.565227 18.239861 18.210285 18.816519 19.550789 20.343896 21.309173 21.696923
22.603718 19.228527 16.910740 15.726342 18.086515 22.255778 21.263888 20.891729 21.111375 21.760573 21.685460 19.948612 14.956467 11.500289 13.997583 13.538391 12.643073 13.133921 13.813048 14.129243 14.359786 14.555048 14.721699 14.852643 14.947272 14.934999 15.212104 15.182337 15.043104 14.853260 14.678970 14.519373 14.308418 13.848597 13.535940 13.240747 12.568967 11.831876 11.213046 10.696354 10.056500 9.663951 10.826495 13.335198 17.561437 19.761915 20.426587 20.184271 19.636453 19.671807 18.005434 17.034165 18.619327 18.993653 18.756248 19.482624 19.955688 20.647487 21.718819 21.882989
21.863535 18.515952 17.952040 17.635399 19.224900 22.044539 21.760150 20.383820 20.783755 20.567918 19.814754 17.864292 14.064724 11.731568 14.180524 12.025149 12.757355 13.475321 13.885227 14.209202 14.438421 14.573207 14.874425 15.075778 15.109218 15.363629 15.449319 15.422469 15.282639 15.159327 14.984584 14.626371 14.346325 14.078925 13.759593 13.193120 12.577194 12.092470 11.461346 10.822225 10.044000 10.390584 13.748479 15.869939 18.387894 19.916636 19.825490 19.184422 18.861335 18.828438 17.715088 17.697995 19.860216 19.984228 19.428305 20.052482 20.577096 21.109263 21.591710 21.548119
20.537869 18.502545 19.354623 19.908066 19.632123 20.674082 22.044021 20.014531 20.594591 20.551906 19.010100 16.094951 12.511088 12.789929 10.375101 12.428408 12.923706 13.570071 13.854203 14.180333 14.479789 14.684647 14.989869 15.129409 15.297917 15.492122 15.512603 15.553451 15.543884 15.355417 15.117146 14.954093 14.605613 14.202787 13.680723 13.499308 13.199387 12.589009 11.756594 10.688368 14.142279 15.976756 16.746931 18.769613 19.300147 19.226115 19.080332 18.392081 17.952214 18.134488 17.894794 18.711842 20.401251 20.492989 19.682432 20.388207 21.228467 21.518293 21.557581 21.155319
18.088529 20.261716 21.810287 20.657251 19.213751 19.562474 20.258096 19.390303 20.441214 19.081921 14.437066 12.219467 12.177934 11.524143 12.303265 12.584656 13.256535 13.565680 13.918916 14.247967 14.550404 14.824014 15.000608 15.271860 15.442859 15.641705 15.664253 15.444267 15.175538 15.050319 14.740497 14.841327 14.091732 14.412023 13.944515 13.661963 13.175545 12.719552 12.332911 16.870304 19.271420 19.907751 20.226022 20.063276 19.452681 19.012738 18.726853 17.910786 17.887638 18.518905 19.080247 20.072739 20.955858 20.785922 20.347833 20.896534 21.462039 21.581370 21.522559 21.171183
19.921660 22.640117 22.923716 21.296821 18.759614 19.349841 20.757540 16.569441 20.077352 16.974601 11.430131 9.776455 13.375597 12.426411 12.560265 12.883592 13.216560 13.527404 13.948417 14.213169 14.517356 14.792699 14.970961 15.309591 15.745547 15.195554 14.118343 13.080153 12.993716 13.342482 13.226943 12.476463 11.668875 11.690341 12.372091 13.280688 16.557531 18.108175 18.612506 19.493531 20.283700 20.460199 20.433617 20.020866 19.181043 18.912112 18.539155 17.641364 17.839028 18.668738 19.730890 20.818982 21.268210 21.022343 20.749126 21.080278 21.354204 21.444052 21.402643 21.212567
20.337810 22.245402 22.775481 19.051526 17.535676 20.301746 21.341995 15.172939 17.593902 15.641919 10.563565 10.280727 11.397405 11.935781 12.660074 12.878610 13.143473 13.520839 13.876069 14.207146 14.445756 14.787248 14.965788 14.901036 14.542504 12.374528 14.176830 13.752254 13.813467 14.945758 17.063597 15.972229 14.713344 14.439775 14.990554 16.963800 19.373640 20.173083 20.166123 20.457018 20.364966 19.711437 19.408522 19.164562 18.485710 18.312287 18.292517 17.827082 17.565447 18.813151 20.426144 21.165747 21.355691 21.345844 21.138152 20.896236 20.991565 20.994665 21.054650 21.221990
20.712757 21.746250 19.559064 18.117540 18.512897 21.138260 20.589066 14.879553 14.045335 14.790493 8.969909 11.198190 11.417579 12.158428 12.525950 12.906010 13.169788 13.479769 13.833883 14.097799 14.401232 14.675964 14.653541 14.624396 13.606190 13.503968 13.412634 14.562143 15.386032 15.920969 19.226242 19.228867 19.447236 18.741615 18.545187 20.161053 20.743929 20.630513 20.470498 20.282109 19.633304 19.020692 18.927173 18.306865 17.399174 18.080146 18.671559 18.007496 18.195817 19.827679 20.965208 21.096025 21.347602 21.595465 20.875132 20.143078 20.310192 20.452763 20.485576 20.931594
22.444042 17.997111 16.603980 17.873889 20.024904 20.497540 18.149114 13.350796 12.508248 10.900707 11.606409 11.426083 11.641896 12.092147 12.457217 12.835243 13.162926 13.404178 13.689744 14.017258 14.315923 14.719777 14.572579 12.523630 13.332876 13.100758 15.112534 16.907903 16.914460 15.926912 18.054000 20.046068 20.865747 21.442397 20.567098 20.747410 21.275439 20.961366 20.208469 19.692107 19.108433 19.115639 18.705812 17.147818 16.890235 17.583449 18.219437 18.392878 18.956464 20.501046 21.005788 21.038586 21.391503 20.961908 20.880080 19.928256 19.273560 19.498320 19.566657 19.630370
20.899186 18.004423 18.881302 19.271673 21.075058 19.957027 15.237641 12.224727 8.050544 10.974344 11.179550 11.422791 11.551837 11.996815 12.425681 12.733663 13.057496 13.427324 13.642796 13.898401 13.992912 14.339244 13.447317 13.830991 12.492035 14.010277 17.131225 19.857465 18.454017 16.918884 16.696533 18.290089 20.764488 21.376297 20.700256 20.950525 21.250905 20.744637 20.201230 19.087062 18.901779 18.706382 17.605801 16.881145 17.361011 17.795322 17.984568 18.559440 19.785662 20.809489 21.042366 21.287269 21.413142 20.502556 20.187183 20.626889 19.192829 18.793142 18.883466 18.311031
19.737286 19.446173 19.797358 21.305688 21.083645 18.935651 13.090410 11.279478 8.778475 10.243753 10.476073 11.043268 11.432794 11.940646 12.364702 12.732192 13.051019 13.349408 13.625896 14.009991 13.949535 13.638957 15.474910 12.964291 13.424464 16.434977 19.556596 21.432643 20.316031 19.579891 19.073605 18.715779 20.112711 20.424248 21.060092 21.472911 20.686020 20.736161 20.678320 19.079242 18.890229 18.486426 17.604227 18.253992 18.647195 18.816023 19.158079 19.956456 21.035245 21.318222 21.371771 21.540101 21.140560 20.205912 19.993339 20.255453 20.269714 19.036595 19.110967 18.571240
19.961955 20.663211 21.260527 21.982981 20.606991 15.885724 11.616677 7.573848 9.155038 9.737325 10.493843 10.837421 11.353399 11.855401 12.273537 12.705592 13.018233 13.310468 13.571892 13.501463 13.071723 13.875261 13.874052 12.849497 15.434309 19.063074 21.231311 21.773044 21.239763 21.147277 21.495910 20.519270 18.947708 20.302451 21.581071 21.092603 20.771113 20.243170 20.388194 19.246642 18.683147 18.877703 18.463010 18.649721 19.017348 19.169294 20.666610 21.396581 21.711264 21.583807 21.425260 21.029949 20.771655 20.144664 20.052553 19.708721 20.470823 19.659582 19.181580 18.813933
20.940319 22.598149 22.596237 20.867674 20.644090 14.418859 4.330494 8.348095 9.097694 9.940983 10.337963 10.726910 11.183179 11.746149 12.293809 12.553141 12.185121 11.667798 12.164535 14.080323 14.475088 16.614580 14.863942 14.074746 18.319568 21.081356 21.785583 21.697722 21.268200 21.262446 21.376851 19.656214 18.776536 21.486425 20.975231 20.214657 19.741088 19.245387 19.254277 19.938180 19.071629 18.465090 18.449071 19.392161 19.707948 20.425956 21.619009 21.372736 21.648862 21.540535 21.070385 20.611839 20.618398 20.621539 19.742981 19.515041 20.405812 20.138792 19.511501 19.308636
20.196934 18.563718 16.652927 18.426694 19.271175 14.144064 5.612850 8.804669 9.419102 9.766806 10.227246 10.607702 11.056807 11.749044 12.000415 11.118054 8.909039 15.523223 15.119856 15.299011 17.373143 19.414639 16.907214 15.220793 19.482285 21.642661 21.845817 21.766933 21.282000 21.109623 20.680155 19.683342 20.441405 21.594454 20.210248 19.752014 19.419622 19.939680 20.105544 19.950446 20.243320 18.016221 18.228087 20.044793 20.706217 21.527538 21.591446 21.409966 21.339386 20.947295 20.440341 20.232029 20.137637 20.478294 20.169591 19.463084 19.972645 20.080434 19.897671 19.913698
17.369184 13.418275 13.739075 16.075106 17.440401 15.544614 7.597112 9.094330 9.231991 9.640750 10.025478 10.465300 11.043450 11.390111 10.907747 11.623144 14.475790 17.421088 17.719146 18.868203 20.204126 21.133090 18.998753 15.785310 18.169279 21.621747 21.881276 21.801398 21.131397 20.438463 20.584808 21.355331 21.085853 21.204827 20.227326 19.593168 19.937683 20.256601 19.950869 19.438670 18.869824 18.624690 18.634730 20.328981 20.563032 21.752855 21.293635 21.499992 20.684213 20.117097 20.161860 19.940653 19.974831 20.115617 20.728628 19.800098 19.040268 19.831781 19.746263 19.666700
13.320719 9.930659 12.945993 15.118009 14.088090 11.287846 8.084529 8.902031 9.167134 9.421817 9.810047 10.304659 10.943658 11.142831 10.602041 14.254346 17.010559 21.652139 20.544570 21.458734 21.505215 21.554106 20.731597 16.565142 16.811011 21.452408 21.919619 21.838476 20.721856 20.187129 21.530430 21.382387 20.505205 20.652959 20.913218 18.869695 19.781436 19.618552 19.442869 19.255630 18.460745 18.649086 20.054935 20.837808 20.548512 21.763213 21.190798 21.566220 20.300237 19.346332 20.002115 19.631475 19.811492 19.712312 20.472167 20.442691 19.005001 18.764282 19.807436 19.518267
8.286981 7.340304 7.953548 6.927480 7.874899 7.730977 8.369580 8.672022 8.951121 9.260256 9.571250 9.991466 10.671613 10.872462 10.675571 14.693254 18.216837 22.119241 21.482890 20.274486 19.786435 19.253797 19.046500 17.555313 17.322501 21.208380 21.909427 21.690501 20.358184 21.109993 21.630073 21.124584 20.909679 20.399536 21.239236 18.867670 18.883625 20.688823 20.554472 20.259647 20.390582 21.325060 21.825592 21.493969 20.403247 21.588866 21.253934 21.399302 20.278142 18.622427 18.723276 19.145245 19.208318 18.953474 19.451698 20.557310 19.753200 18.424654 18.653256 19.959660
7.067246 6.617310 6.694941 8.539397 7.436372 7.921124 8.254625 8.579251 8.783428 9.020712 9.309403 9.726610 10.331768 10.363677 10.410696 14.169111 18.904428 21.931523 21.210427 19.741956 18.115620 16.926135 16.658873 17.604149 18.887395 21.248085 21.971972 21.255134 21.031735 21.657717 21.434256 21.350770 21.544435 21.166011 20.701984 20.398194 18.282942 21.062598 21.626437 21.524856 21.437386 21.809146 21.451441 20.936030 19.638459 20.829080 21.391727 20.802808 20.129725 18.966611 18.129513 19.273162 19.615538 18.590695 18.506377 19.938334 19.733047 19.151779 18.636953 19.240585
5.808756 6.195284 6.636063 7.200366 7.353547 7.634130 8.025743 8.275830 8.450925 8.766946 9.175667 9.588680 10.111270 9.687171 11.109057 13.399756 18.296253 21.775475 21.362146 21.214173 20.394510 19.888277 20.341504 20.871538 21.663976 21.491266 21.299280 21.692996 21.691332 21.755885 21.376919 21.552057 21.702265 21.477188 20.721368 20.972298 20.431328 19.982021 21.277410 21.902596 21.826069 21.228004 20.737249 20.698481 18.922627 19.233761 20.872595 20.193646 19.686944 19.451882 18.507966 18.228612 19.984596 19.071317 18.139087 19.321668 19.229124 19.398117 19.654155 19.110902
5.545333 5.922247 6.356510 6.711953 6.996554 7.399350 7.787770 8.091298 8.257816 8.543768 8.964872 9.295177 9.743411 9.445594 11.160289 13.007726 18.105105 21.442270 22.209198 20.758923 19.787959 20.553362 21.933912 21.857122 21.021017 20.627548 21.225691 21.998390 21.980210 21.865488 21.674659 21.675415 21.661158 21.502330 21.517485 21.410782 21.846589 20.728697 20.141872 21.759483 21.673314 21.219378 20.337935 20.696394 19.460525 19.049358 19.975646 20.185570 18.661997 18.944572 19.029755 18.028389 18.992627 19.626428 18.131421 19.315444 19.224243 19.394805 19.432500 19.469805
5.234905 5.704707 6.132043 6.481799 6.758286 7.086709 7.468370 7.836332 8.060021 8.330321 8.742689 9.052117 9.496587 9.134397 10.792305 13.057400 18.139723 20.869844 21.100815 22.108587 19.653351 19.802356 20.574201 19.931213 20.243519 21.382686 21.266774 21.562185 21.891255 21.635923 21.841685 21.839830 21.612703 21.611492 21.699346 21.694390 21.596189 21.586845 19.658230 21.475682 21.532137 20.516101 20.962417 21.140036 19.948360 19.047409 19.503860 20.043014 18.072985 18.185125 18.852052 18.403140 18.300753 20.186801 18.484799 19.033479 18.945840 19.144244 19.065298 18.853319
5.082861 5.410409 5.763481 6.173317 6.571507 6.829595 7.137907 7.498697 7.779723 8.106914 8.490397 8.662797 9.102448 8.938692 11.134054 13.492372 17.708710 21.916607 20.430886 21.564577 21.612563 19.847141 19.273509 19.630804 20.994389 21.214630 21.412983 21.820358 21.581217 21.589307 21.933827 21.738445 21.802843 21.798783 21.645829 21.713950 21.344092 21.517899 20.462409 21.075760 21.853434 20.080690 19.553262 21.027077 21.181855 19.570552 18.984555 19.900096 18.467766 17.778572 19.019470 18.929651 18.492503 20.228252 18.977822 18.405252 18.150432 18.724876 18.942124 18.548037
4.922447 5.142925 5.453007 5.855784 6.246722 6.558734 6.863873 7.151209 7.490415 7.940277 8.117051 8.673071 8.850202 9.927025 12.738608 14.013016 15.925136 21.569243 21.842227 20.889266 22.119485 22.036075 21.877219 22.207181 21.969474 21.740991 21.726770 21.231683 20.982847 21.692894 22.002942 21.755060 21.762741 21.995337 21.816149 21.867541 21.644641 21.530708 21.510724 20.850456 22.020785 20.905580 19.725016 19.846164 21.497938 21.120459 19.826496 20.184705 19.522477 17.986095 19.022306 19.256941 18.831560 19.360880 19.101539 17.983575 17.740658 18.025062 19.056219 18.206165
4.686784 4.968508 5.308141 5.597582 5.981020 6.285079 6.510148 6.927795 7.258955 7.574989 7.999703 8.512815 9.092726 13.270424 14.242247 15.943981 15.963338 18.220887 21.228693 21.941551 21.624599 22.140062 21.360322 21.447893 21.800882 21.861076 21.394747 20.768478 21.018121 21.743982 22.052732 22.029093 21.542717 21.852053 21.903719 21.946149 22.023050 22.003295 22.046737 21.309622 21.821259 21.028880 20.053822 20.009072 20.992649 21.295596 20.640579 19.909954 20.244537 18.586675 18.500796 19.189582 19.422098 19.199823 20.049929 18.070599 16.700290 16.609648 19.932335 17.518024
