tests/3D/rendena/input-maps/aspect.asc
ncols         320
nrows         361
xllcorner     618410.159000
yllcorner     5088785.286000
cellsize      100.000000
NODATA_value  -9999.0
[rows 216 to 242 of 361, columns 120 to 179 of 320]
47.069000 49.705000 52.852000 56.300000 59.824000 63.752000 70.857000 116.587000 149.899000 183.916000 169.581000 162.524000 149.684000 139.991000 131.622000 124.078000 119.333000 117.512000 117.466000 117.423000 117.501000 119.391000 126.563000 126.889000 264.779000 284.789000 290.924000 294.302000 296.629000 296.445000 292.940000 287.806000 283.660000 281.937000 282.163000 282.951000 283.717000 285.073000 288.260000 296.428000 322.899000 38.848000 43.488000 52.044000 59.573000 78.341000 130.871000 197.331000 209.603000 214.309000 207.660000 199.446000 150.765000 137.812000 137.196000 145.140000 162.393000 204.840000 231.193000 288.854000
46.459000 49.692000 52.999000 56.543000 60.160000 62.741000 65.274000 71.460000 117.783000 149.615000 161.816000 154.686000 146.613000 140.687000 134.554000 126.027000 118.935000 115.109000 113.776000 111.464000 106.506000 101.722000 117.438000 256.469000 271.712000 277.504000 281.895000 286.297000 291.488000 295.700000 295.299000 289.298000 281.000000 275.198000 278.574000 279.609000 280.786000 282.325000 279.249000 288.707000 316.416000 27.421000 37.118000 52.699000 64.102000 77.314000 106.741000 148.892000 200.327000 208.728000 202.575000 163.263000 150.689000 137.011000 136.581000 147.629000 155.889000 227.825000 258.237000 288.271000
49.241000 52.573000 54.741000 56.918000 59.583000 61.101000 61.537000 62.535000 68.572000 68.591000 122.125000 133.702000 135.952000 136.760000 135.798000 128.834000 119.934000 113.449000 109.765000 104.655000 99.816000 81.542000 84.006000 266.357000 269.300000 273.022000 277.297000 283.076000 289.906000 296.721000 300.332000 296.725000 285.511000 273.942000 267.004000 263.608000 262.127000 261.798000 254.805000 259.187000 290.259000 321.461000 41.973000 62.472000 72.997000 80.970000 93.957000 129.981000 198.354000 198.859000 196.479000 166.343000 154.160000 139.161000 137.963000 152.939000 226.412000 255.873000 277.365000 289.289000
56.171000 58.280000 58.194000 58.052000 58.636000 58.806000 58.176000 57.641000 59.060000 65.201000 65.056000 113.996000 109.087000 117.650000 124.965000 125.193000 119.120000 112.170000 106.488000 100.054000 89.222000 83.302000 81.596000 86.181000 272.302000 273.967000 278.773000 284.544000 290.577000 297.331000 304.271000 307.413000 300.912000 286.292000 278.783000 262.691000 256.582000 253.467000 253.124000 256.322000 257.029000 285.359000 59.134000 76.273000 81.832000 84.607000 87.384000 104.375000 145.621000 192.566000 188.665000 168.919000 158.265000 143.945000 143.378000 143.690000 235.122000 263.936000 278.973000 285.858000
63.478000 63.399000 61.372000 59.573000 58.469000 57.613000 56.657000 55.989000 56.105000 57.880000 63.035000 71.085000 66.855000 71.837000 109.885000 104.672000 108.201000 106.498000 102.348000 98.826000 94.362000 97.036000 83.359000 87.516000 274.838000 277.897000 282.057000 286.306000 290.382000 295.473000 303.200000 311.945000 315.127000 308.071000 292.871000 286.952000 255.305000 256.856000 254.678000 255.963000 259.545000 259.466000 80.995000 85.737000 86.254000 84.956000 83.903000 80.195000 106.593000 149.727000 174.236000 172.851000 159.458000 148.789000 152.616000 221.429000 255.163000 272.902000 279.075000 282.507000
66.145000 63.989000 61.221000 59.606000 59.031000 59.173000 59.010000 58.662000 58.153000 58.081000 59.437000 62.415000 65.028000 67.538000 71.173000 67.278000 75.143000 101.107000 99.469000 96.797000 101.126000 101.773000 101.023000 266.879000 278.224000 281.342000 284.240000 286.758000 288.691000 291.410000 297.211000 307.032000 316.513000 320.079000 315.477000 302.899000 286.015000 284.851000 258.053000 258.537000 260.461000 264.749000 89.247000 86.599000 83.724000 79.404000 75.130000 75.119000 76.234000 109.282000 145.898000 160.484000 156.552000 152.352000 148.592000 225.384000 263.878000 274.307000 277.968000 279.437000
64.828000 61.839000 59.998000 60.536000 62.450000 64.859000 65.943000 66.044000 65.202000 64.315000 63.978000 64.465000 64.536000 64.484000 65.270000 68.817000 74.067000 79.372000 84.523000 94.211000 100.908000 106.136000 111.427000 268.519000 280.184000 283.480000 285.425000 286.694000 286.888000 287.308000 289.932000 296.932000 307.059000 316.775000 321.912000 319.677000 308.455000 293.596000 282.920000 276.826000 272.960000 268.026000 88.178000 81.265000 75.827000 70.219000 67.032000 69.793000 78.915000 95.017000 120.069000 143.420000 151.416000 156.760000 209.887000 243.881000 265.598000 274.178000 273.890000 277.836000
65.633000 63.254000 62.756000 65.056000 68.731000 72.556000 74.516000 75.233000 74.768000 74.155000 73.662000 73.205000 71.950000 70.171000 69.407000 70.681000 73.346000 76.224000 80.282000 86.506000 96.068000 103.616000 115.635000 272.229000 281.231000 284.391000 285.879000 286.423000 285.573000 284.576000 284.819000 288.007000 294.072000 303.136000 312.842000 318.210000 313.309000 300.058000 288.150000 280.138000 273.398000 258.400000 86.366000 75.930000 68.857000 65.393000 67.506000 75.526000 80.746000 97.219000 111.764000 130.209000 145.185000 161.791000 228.023000 251.318000 264.142000 267.137000 263.004000 264.134000
71.308000 69.697000 69.912000 72.585000 76.358000 79.789000 81.757000 82.877000 83.222000 83.287000 83.074000 82.279000 80.657000 78.300000 76.879000 76.489000 76.673000 76.786000 78.315000 82.757000 93.336000 98.756000 100.423000 274.344000 280.194000 282.897000 284.393000 284.890000 284.130000 283.102000 282.651000 283.073000 284.069000 286.925000 292.619000 299.123000 297.930000 287.985000 287.412000 278.866000 256.640000 248.784000 107.799000 79.090000 71.127000 72.265000 79.367000 81.633000 97.302000 103.729000 111.068000 122.243000 138.335000 146.118000 225.599000 255.500000 263.265000 263.514000 260.306000 253.248000
79.121000 78.356000 78.900000 80.741000 83.374000 85.361000 86.867000 87.879000 86.841000 87.101000 86.913000 87.795000 86.529000 84.755000 83.027000 80.981000 78.301000 75.737000 74.903000 78.100000 84.646000 95.955000 94.725000 272.883000 276.129000 278.050000 279.511000 280.698000 281.645000 282.356000 282.507000 281.030000 277.450000 279.475000 256.539000 248.384000 247.345000 253.861000 263.510000 259.964000 251.821000 237.377000 229.289000 124.815000 76.440000 79.977000 102.080000 100.909000 105.758000 109.265000 112.673000 118.383000 131.660000 141.221000 239.362000 259.478000 263.949000 261.949000 255.573000 243.739000
84.654000 85.103000 86.562000 84.571000 86.504000 87.693000 92.517000 92.856000 91.680000 91.441000 90.933000 89.521000 88.961000 87.582000 85.239000 81.443000 76.336000 72.308000 70.888000 73.515000 77.680000 81.919000 80.104000 268.236000 266.025000 274.748000 276.023000 274.167000 277.743000 280.824000 281.740000 278.737000 274.908000 259.142000 247.633000 239.848000 242.440000 252.285000 257.795000 256.704000 249.094000 233.258000 219.315000 144.656000 115.291000 107.030000 106.039000 107.531000 109.727000 112.138000 114.836000 119.030000 130.525000 223.538000 249.365000 262.774000 264.277000 259.670000 249.780000 233.798000
86.487000 93.030000 95.890000 94.027000 94.339000 93.854000 94.044000 94.152000 94.086000 93.211000 92.152000 91.026000 90.503000 88.726000 85.674000 80.417000 73.993000 70.047000 69.280000 70.851000 71.423000 69.876000 72.616000 272.065000 263.348000 262.545000 263.829000 263.957000 275.288000 275.963000 276.159000 277.264000 259.048000 244.342000 234.266000 232.614000 241.715000 254.536000 261.942000 262.068000 253.486000 228.485000 204.296000 153.314000 130.989000 118.625000 113.191000 111.299000 111.409000 113.002000 116.191000 121.643000 135.416000 233.279000 254.030000 263.082000 261.138000 252.517000 238.851000 220.849000
92.540000 94.472000 96.823000 97.815000 97.404000 96.301000 95.819000 95.629000 95.344000 94.345000 93.090000 91.888000 90.601000 88.927000 85.461000 80.138000 74.858000 72.453000 72.172000 71.474000 67.987000 61.781000 48.263000 275.141000 258.901000 256.587000 258.024000 261.123000 264.427000 258.121000 251.518000 251.328000 238.677000 230.468000 230.107000 237.927000 250.884000 262.272000 265.405000 275.253000 255.530000 216.116000 150.868000 147.717000 135.032000 124.383000 117.762000 114.295000 113.062000 113.544000 116.310000 122.914000 141.889000 238.680000 253.794000 259.187000 252.998000 239.326000 223.789000 207.767000
97.580000 97.147000 97.726000 97.910000 97.072000 95.883000 95.247000 95.170000 95.109000 94.428000 93.159000 91.712000 88.997000 87.662000 84.699000 81.668000 79.864000 78.990000 77.664000 73.755000 66.879000 58.711000 51.590000 292.063000 255.696000 252.701000 254.114000 255.525000 255.148000 250.508000 241.197000 230.496000 224.516000 226.715000 236.931000 251.464000 263.352000 274.725000 275.241000 278.650000 279.163000 111.358000 130.688000 130.830000 127.695000 122.061000 117.405000 114.739000 113.736000 113.730000 115.168000 121.246000 145.144000 241.050000 249.690000 250.868000 240.154000 223.593000 210.502000 199.033000
104.398000 100.039000 97.725000 96.149000 94.721000 93.460000 92.848000 92.959000 93.275000 92.993000 91.623000 87.955000 87.026000 84.676000 83.141000 83.370000 84.664000 84.488000 81.839000 75.863000 67.816000 60.878000 59.835000 61.987000 258.758000 249.279000 250.784000 250.207000 246.132000 237.594000 227.789000 222.099000 224.034000 234.187000 250.778000 259.948000 279.802000 277.935000 279.981000 283.827000 298.353000 69.659000 109.062000 104.367000 108.553000 109.152000 108.501000 108.578000 109.618000 111.046000 112.375000 117.656000 124.008000 220.665000 241.658000 238.577000 225.045000 209.957000 201.029000 193.675000
112.906000 104.775000 99.651000 96.401000 94.527000 93.000000 91.823000 91.366000 91.439000 91.158000 88.554000 86.703000 83.773000 82.300000 82.703000 84.828000 86.527000 85.749000 82.381000 76.761000 71.103000 68.722000 72.865000 82.656000 250.172000 244.821000 247.618000 245.646000 239.305000 230.327000 224.153000 224.862000 233.020000 246.874000 262.863000 274.982000 281.460000 282.950000 282.993000 284.914000 287.395000 60.239000 78.740000 77.260000 78.868000 99.361000 100.995000 102.846000 98.333000 102.378000 105.718000 111.158000 136.059000 233.140000 229.783000 224.548000 212.303000 201.642000 196.174000 191.336000
123.408000 112.554000 105.099000 100.803000 98.723000 96.727000 94.152000 92.121000 91.021000 90.589000 88.385000 85.941000 84.065000 84.215000 85.715000 87.320000 86.943000 83.899000 79.515000 75.781000 75.335000 79.593000 80.580000 101.085000 112.458000 239.392000 245.212000 242.609000 235.983000 229.448000 228.322000 234.343000 245.331000 258.093000 267.273000 278.300000 283.239000 284.035000 282.083000 278.247000 285.998000 121.360000 74.505000 82.807000 80.922000 81.062000 81.710000 83.130000 80.491000 95.929000 100.521000 100.080000 117.998000 221.254000 215.241000 212.102000 204.773000 199.354000 195.935000 191.136000
135.050000 122.836000 112.991000 107.236000 104.460000 102.039000 98.048000 94.086000 91.333000 89.867000 88.367000 87.242000 87.333000 86.652000 93.043000 92.253000 87.348000 80.815000 74.844000 72.819000 76.732000 85.559000 94.906000 101.201000 109.038000 233.933000 243.968000 241.363000 236.363000 233.952000 237.754000 246.449000 256.384000 265.281000 272.203000 276.890000 279.628000 279.194000 280.945000 243.944000 231.741000 147.691000 122.647000 123.460000 109.392000 79.776000 83.205000 80.481000 80.243000 82.558000 86.167000 84.279000 105.061000 125.341000 194.950000 201.174000 201.253000 201.046000 198.443000 191.446000
143.269000 132.616000 121.661000 114.048000 109.810000 106.942000 102.191000 96.681000 92.333000 90.261000 88.785000 88.697000 91.155000 92.167000 93.462000 91.646000 84.832000 74.318000 67.713000 67.636000 72.784000 81.750000 95.760000 99.624000 114.802000 248.565000 243.657000 241.969000 239.941000 241.684000 248.151000 255.949000 262.377000 266.896000 266.798000 274.837000 263.704000 257.409000 252.559000 218.970000 194.862000 160.407000 149.816000 140.425000 128.208000 112.851000 109.040000 81.141000 83.976000 83.521000 84.982000 85.441000 88.435000 107.401000 158.816000 196.170000 198.039000 202.023000 198.295000 188.817000
139.215000 133.705000 125.297000 117.814000 113.060000 110.800000 107.272000 101.892000 96.760000 93.704000 95.011000 93.115000 91.439000 92.010000 93.990000 82.408000 75.816000 64.352000 61.254000 63.874000 68.139000 74.314000 82.605000 96.649000 103.056000 246.879000 242.617000 243.101000 243.904000 247.612000 253.315000 258.168000 260.999000 262.058000 261.380000 259.506000 255.011000 245.707000 224.468000 204.966000 169.168000 160.028000 156.467000 153.475000 148.966000 139.962000 125.113000 107.704000 104.884000 99.497000 99.651000 101.476000 104.205000 104.219000 128.097000 163.894000 199.581000 197.529000 193.003000 188.720000
127.850000 113.145000 113.766000 111.225000 108.760000 108.979000 109.849000 108.480000 105.158000 102.232000 100.129000 97.869000 95.198000 91.916000 86.287000 76.381000 62.893000 56.853000 59.684000 63.832000 66.621000 70.549000 76.406000 83.345000 96.072000 117.494000 239.216000 243.099000 245.199000 248.277000 251.303000 252.924000 252.956000 251.842000 249.610000 246.037000 239.184000 227.407000 207.190000 193.448000 162.082000 155.021000 154.335000 154.680000 155.154000 153.906000 147.519000 131.788000 114.760000 106.767000 107.153000 111.266000 115.597000 119.165000 127.229000 146.827000 161.956000 186.184000 184.220000 174.745000
62.438000 55.463000 62.923000 68.558000 73.674000 104.951000 100.894000 106.327000 107.113000 105.102000 103.122000 101.206000 97.392000 93.305000 77.446000 62.061000 52.293000 54.941000 62.248000 66.817000 69.106000 72.051000 75.793000 79.617000 84.935000 101.349000 232.604000 240.676000 242.743000 244.136000 244.474000 243.729000 242.365000 240.460000 237.804000 233.393000 226.199000 215.860000 201.031000 192.016000 160.324000 149.838000 148.411000 149.961000 153.241000 157.535000 159.316000 151.205000 132.595000 120.031000 119.088000 124.973000 131.506000 135.102000 137.916000 146.256000 161.712000 173.576000 175.144000 172.703000
45.520000 51.095000 55.549000 59.055000 63.378000 69.952000 66.719000 73.393000 74.968000 72.098000 71.139000 73.903000 74.200000 75.749000 58.785000 46.690000 46.920000 55.935000 64.807000 69.671000 72.606000 74.895000 76.295000 76.536000 76.866000 68.617000 246.932000 237.153000 238.469000 238.166000 236.797000 235.054000 233.196000 230.668000 227.358000 222.806000 217.139000 210.027000 200.089000 194.422000 165.464000 150.742000 145.188000 144.566000 147.427000 154.775000 163.063000 162.888000 147.327000 131.108000 126.557000 130.984000 138.044000 143.609000 147.140000 151.595000 158.464000 165.328000 167.618000 166.515000
41.856000 45.488000 47.039000 48.533000 52.142000 57.300000 61.852000 62.421000 58.068000 53.300000 54.039000 57.598000 57.062000 48.408000 37.307000 37.090000 46.145000 57.074000 64.684000 69.454000 73.090000 75.052000 74.689000 72.216000 68.386000 64.620000 63.004000 235.018000 234.243000 232.499000 230.265000 227.925000 225.233000 221.975000 218.748000 215.632000 212.548000 208.334000 201.201000 189.136000 164.992000 158.225000 149.399000 144.769000 143.805000 150.006000 161.423000 167.216000 157.166000 140.984000 132.711000 133.816000 139.840000 146.767000 152.652000 157.348000 160.857000 162.838000 162.689000 159.819000
44.571000 46.754000 46.829000 47.733000 50.833000 53.762000 53.156000 46.829000 38.182000 35.029000 38.920000 42.852000 41.352000 34.416000 30.178000 37.392000 49.633000 59.245000 64.467000 68.380000 71.699000 73.330000 71.989000 67.996000 61.526000 54.599000 47.027000 319.412000 233.815000 228.464000 224.921000 221.549000 217.998000 215.043000 213.471000 212.913000 212.411000 209.937000 203.283000 191.015000 170.351000 165.521000 157.935000 151.568000 146.152000 147.468000 156.623000 164.858000 160.513000 148.264000 139.071000 137.136000 141.209000 148.147000 155.820000 161.900000 164.923000 164.677000 161.947000 156.235000
51.992000 52.831000 51.892000 52.128000 53.815000 53.847000 49.281000 40.209000 32.367000 32.223000 38.076000 41.568000 39.475000 34.239000 34.253000 44.312000 55.742000 62.582000 65.622000 68.740000 71.596000 72.866000 70.769000 65.614000 57.070000 48.363000 40.891000 34.034000 332.081000 229.859000 220.781000 215.846000 212.605000 211.624000 212.627000 214.280000 215.173000 212.937000 205.254000 191.019000 171.575000 168.922000 164.797000 160.206000 153.279000 149.767000 153.336000 159.922000 159.444000 151.748000 144.060000 140.745000 143.200000 149.676000 158.340000 165.525000 168.468000 167.165000 162.897000 156.056000
62.768000 61.851000 59.540000 58.455000 57.963000 55.358000 48.921000 40.918000 36.795000 40.026000 46.158000 47.639000 44.544000 40.864000 44.004000 53.794000 62.385000 66.616000 68.783000 71.791000 74.250000 74.630000 71.462000 64.936000 54.244000 43.282000 35.642000 31.961000 28.327000 21.986000 197.342000 209.797000 209.612000 212.302000 215.822000 218.275000 218.650000 214.893000 205.323000 189.609000 170.826000 169.523000 168.026000 165.831000 160.150000 154.968000 153.861000 156.132000 156.197000 151.672000 146.458000 143.460000 144.968000 150.704000 159.604000 167.639000 170.550000 168.896000 164.142000 157.194000
