tests/3D/Borden05m/rec/SoilPressure0000L0024.old.asc
ncols         160
nrows         34
xllcorner     620200.000000
yllcorner     5168000.000000
cellsize      0.500000
NODATA_value  -9999.0
[rows 0 to 24 of 34, columns 55 to 109 of 160]
-9999.0 -9999.0 -9999.0 -9999.0 -9999.0 -9999.0 -9999.0 -9999.0 -9999.0 -9999.0 -9999.0 -9999.0 -9999.0 -9999.0 -9999.0 -9999.0 -9999.0 -9999.0 -9999.0 -9999.0 -9999.0 -9999.0 -9999.0 -9999.0 -9999.0 -9999.0 -9999.0 -9999.0 -9999.0 -9999.0 -9999.0 -9999.0 -9999.0 -9999.0 -9999.0 -9999.0 -9999.0 -9999.0 -9999.0 -9999.0 -9999.0 -9999.0 -9999.0 -9999.0 -9999.0 -9999.0 -9999.0 -9999.0 -9999.0 -9999.0 -9999.0 -9999.0 -9999.0 -9999.0 -9999.0
-9999.0 -9999.0 -9999.0 -9999.0 3034.504656 3029.517982 3025.302129 3022.825222 3022.179076 3014.032494 3006.442888 3002.525548 3001.612281 3000.991712 3000.607076 3005.730685 3013.949472 3021.592835 3027.670254 3022.447789 3023.008676 3024.638752 3025.000900 3024.319225 3023.098267 3027.659245 3025.289158 3023.784802 3016.356634 3005.209000 2996.837486 2994.150331 2998.370098 3002.738559 3005.233747 3010.513084 3020.785699 3030.287871 3030.239413 3038.434745 3043.547820 3048.260318 3050.701935 3046.733574 3043.833265 3040.580014 3036.440500 3025.764772 -9999.0 -9999.0 -9999.0 -9999.0 -9999.0 -9999.0 -9999.0
2987.666066 3005.800046 3020.284418 3023.770957 3018.657236 3014.561784 3011.845538 3010.706213 3007.464387 2999.379454 2994.478216 2989.193272 2986.829108 2987.011904 2987.101520 2991.019471 3001.870010 3009.808718 3014.302043 3016.154955 3018.722524 3017.347735 3016.684292 3016.593978 3014.091766 3011.558857 3008.439731 3006.652656 3007.963199 3000.371229 2994.451801 2990.619562 2987.834716 2990.491522 2993.222438 2997.666313 3006.816080 3014.317430 3020.287356 3026.762015 3035.946090 3040.425481 3037.684346 3033.565442 3031.824685 3026.554601 3023.503913 3014.305389 3006.959359 3000.560200 2994.858732 2988.221335 2994.259569 3001.620519 3010.611926
2971.153947 2990.640998 3010.801876 3013.851575 3004.582430 2997.283937 2991.056639 2991.829220 2995.509623 2992.458861 2987.828586 2980.565502 2990.371404 2991.495800 2992.401491 2995.799301 2998.123734 3003.110579 3005.653115 3010.927756 3019.811054 3022.599705 3023.084436 3023.193522 3021.313913 3018.213719 3016.316503 3013.521846 3008.236341 3006.519553 3006.232694 3005.048231 3009.103078 3010.109085 3013.386027 3007.893964 3012.175184 3018.096145 3023.704379 3027.106331 3024.086435 3024.700283 3021.262957 3023.408831 3023.832461 3011.674784 3003.353165 2996.056096 2995.931574 2992.690835 2984.487785 2970.626939 2978.458584 2994.193021 2998.627471
2975.426120 2984.756308 2995.729491 2998.660836 2994.074499 2996.492436 2998.509512 2999.970020 2998.334601 2995.008416 2991.050375 3001.638280 3009.381837 3010.628386 3013.220090 3017.505567 3019.061750 3008.375883 3006.382177 3013.646468 3022.641040 3027.615685 3027.741571 3027.409492 3023.977331 3022.839929 3022.587938 3020.699281 3020.332248 3021.964676 3019.833504 3022.895974 3027.747374 3025.539225 3025.434437 3017.565696 3019.600865 3027.114996 3028.722527 3033.972697 3041.822678 3051.852491 3051.826740 3047.759883 3041.420037 3031.242064 3016.696019 2999.897870 2988.861797 2980.779672 2973.361745 2975.669893 2970.973824 2984.153869 2985.672282
2962.346048 2982.586953 3002.376583 3008.592472 3002.848947 2999.166343 2997.908051 2998.720414 2998.040648 2998.940780 3008.124945 3019.391856 3024.298787 3024.947196 3026.899727 3027.292176 3026.511774 3017.102306 3014.347697 3027.062978 3036.854858 3043.190030 3042.529916 3038.667421 3042.298968 3042.180335 3042.334329 3038.733628 3039.616762 3037.740780 3043.759150 3051.307928 3058.805453 3056.359274 3045.078174 3033.205410 3032.928548 3037.577415 3042.296436 3048.886685 3058.462963 3067.411424 3062.516893 3057.262313 3050.309480 3026.647867 3012.338519 2999.354155 2999.191165 2999.750889 2995.792331 2993.613857 2992.222986 2987.551004 2987.558231
2997.877185 3016.594461 3030.589293 3042.703828 3036.499708 3029.068188 3020.517510 3020.869399 3021.715458 3027.872941 3038.501895 3051.460599 3071.880632 3071.262942 3072.056900 3071.846473 3060.925148 3048.419238 3038.389415 3059.403931 3068.683879 3075.296733 3073.103901 3078.826337 3087.600274 3083.875053 3077.336074 3065.562244 3071.233175 3078.460671 3093.511984 3101.184543 3106.116734 3101.872110 3088.607536 3082.119013 3083.219558 3088.928433 3089.245533 3097.058910 3105.898331 3120.740059 3119.519494 3115.438561 3095.584205 3059.859182 3033.231212 3026.159888 3030.841360 3025.044682 3025.070068 3025.095696 3013.679512 3006.088077 3008.858677
3024.518734 3037.002068 3051.871958 3068.014399 3059.659606 3049.504398 3033.618375 3030.961860 3035.654563 3045.753394 3063.354354 3081.813830 3101.868002 3101.755637 3096.460593 3105.789346 3099.713695 3089.527346 3082.031105 3101.666768 3111.428928 3120.865435 3126.731568 3139.202758 3149.737097 3134.326043 3118.093721 3108.518787 3115.220153 3139.790290 3161.286849 3166.056845 3165.357380 3165.146410 3150.845236 3145.837668 3142.087493 3141.645432 3138.509615 3136.272301 3160.403022 3181.088351 3180.667431 3159.070572 3136.713253 3098.957510 3062.525049 3038.490651 3048.437228 3045.356219 3049.531197 3039.195519 3027.298916 3020.185424 3023.136568
3074.157337 3096.095025 3112.395053 3133.148823 3125.256039 3103.180804 3088.496166 3091.418271 3104.754566 3112.588334 3130.407458 3148.350361 3174.684597 3187.854765 3199.594953 3201.368939 3196.484982 3188.563057 3176.570433 3180.548158 3202.425134 3210.540336 3217.948708 3226.347657 3238.843570 3239.968162 3233.708184 3232.073904 3236.245132 3248.674298 3262.191310 3268.778982 3271.832227 3274.187469 3262.212491 3250.033748 3248.055271 3242.457634 3240.485690 3239.459959 3249.539834 3268.594131 3265.636732 3231.151523 3205.707282 3175.100134 3138.324663 3109.350708 3101.621241 3119.101308 3116.773667 3100.866632 3089.453001 3062.970172 3057.723625
3143.563096 3176.041740 3199.670416 3207.184008 3214.294576 3200.757922 3199.169351 3203.269102 3211.420747 3214.745461 3221.195707 3253.085050 3286.126943 3311.141103 3333.576382 3340.255391 3328.940535 3319.520965 3306.369044 3297.425187 3306.962588 3322.515768 3339.397097 3354.207257 3365.433948 3367.678378 3366.057787 3366.133902 3369.099991 3372.005477 3375.992567 3383.861619 3390.677979 3397.541762 3405.321000 3396.258619 3381.406056 3372.573422 3363.151220 3361.811067 3362.789521 3365.821125 3366.764179 3351.606669 3311.981527 3282.600253 3251.860830 3231.595596 3217.781276 3216.942938 3202.374171 3179.629046 3129.989326 3093.479723 3062.482095
3226.194266 3268.076553 3296.044056 3312.528078 3324.838014 3322.453557 3324.309393 3325.535910 3329.530080 3332.198881 3335.232975 3360.496767 3399.387311 3437.363157 3467.917821 3468.098697 3455.098730 3444.014636 3434.783867 3420.911805 3416.922052 3428.571605 3443.218811 3462.851667 3473.309702 3479.617377 3476.234254 3476.399562 3478.161761 3480.167757 3481.986128 3485.165254 3494.002353 3507.731151 3521.470858 3521.302311 3504.317269 3487.452005 3471.669588 3468.688299 3465.789750 3460.744179 3462.805966 3464.641832 3450.387167 3421.298993 3384.386017 3344.727655 3327.225158 3312.138714 3302.698021 3287.430148 3250.716956 3190.048322 3153.021998
3336.771498 3368.747885 3395.720626 3424.709422 3439.441287 3442.163661 3439.937330 3439.152907 3446.180190 3449.235593 3455.031689 3470.610209 3500.446269 3534.422183 3563.475297 3578.995144 3571.711359 3554.451095 3532.881042 3523.628769 3520.888435 3524.246723 3533.371891 3545.617829 3564.492120 3582.983789 3587.729474 3588.432478 3586.181307 3587.871918 3588.859432 3588.719528 3591.217997 3599.003229 3608.490008 3612.098045 3605.586758 3586.434551 3563.930087 3552.380378 3545.646663 3542.084078 3542.713281 3547.454633 3550.536742 3536.960135 3503.648315 3460.770059 3430.888202 3415.600447 3403.790168 3392.061954 3381.109590 3351.332736 3331.301709
3440.433243 3454.953378 3481.856639 3509.575820 3531.667885 3546.193371 3546.882655 3550.178188 3554.915618 3562.342005 3576.860143 3598.413117 3615.973945 3637.577215 3663.471701 3679.305822 3684.598660 3683.138013 3679.365624 3680.628622 3680.967217 3621.503611 3627.458679 3633.376923 3649.464617 3663.876068 3668.637007 3669.131931 3666.897819 3668.302262 3668.721252 3668.499730 3668.054113 3670.084898 3674.887074 3676.881433 3675.058886 3663.672036 3680.843897 3661.202141 3647.886900 3639.718824 3631.504925 3623.262104 3614.079306 3605.022294 3586.841126 3557.217204 3523.607025 3502.349707 3494.915808 3489.813057 3482.125403 3476.888803 3460.341263
3535.558890 3546.052492 3563.582034 3585.360078 3617.496970 3639.836317 3650.920480 3660.096753 3664.749448 3678.407327 3694.375980 3678.686993 3686.129286 3694.118192 3702.185272 3704.962095 3705.756017 3705.383411 3703.011824 3702.299490 3699.995102 3696.437063 3686.071779 3687.654449 3689.514818 3691.999716 3695.516568 3694.346163 3695.487324 3698.315262 3696.470302 3690.434396 3686.384395 3684.793108 3685.741715 3693.192115 3696.792965 3697.961350 3694.922226 3694.033652 3693.069460 3689.808868 3685.744363 3680.046228 3672.851061 3686.975057 3675.827412 3648.841555 3610.105243 3570.840438 3563.315049 3564.950999 3565.084987 3563.542502 3558.067472
3655.265140 3668.754021 3683.231297 3662.430914 3683.072957 3693.601630 3698.585550 3702.550994 3705.320327 3708.247864 3705.131402 3701.905617 3696.913119 3695.317555 3693.944928 3691.493959 3692.106378 3690.207261 3686.193608 3682.329524 3674.723351 3663.361401 3652.215060 3648.744373 3653.048704 3658.566566 3663.583266 3667.898090 3671.589470 3671.663103 3666.239676 3657.867166 3650.372081 3648.692859 3655.529248 3661.266301 3667.712140 3668.631560 3667.278255 3664.844780 3664.637191 3661.429078 3661.645614 3668.616797 3683.124924 3686.024476 3691.729806 3691.112695 3675.676766 3647.651016 3657.789704 3638.014372 3643.808708 3639.260044 3628.136959
3696.379636 3699.080300 3697.550998 3696.324091 3689.843593 3683.770077 3683.006725 3687.025024 3694.065528 3695.193605 3688.271359 3679.902518 3672.801245 3665.464912 3663.129710 3662.480685 3662.170999 3662.643336 3657.474309 3648.680485 3632.465994 3621.260235 3610.343984 3604.440175 3600.818790 3604.385700 3615.461761 3627.375040 3632.368720 3623.313317 3614.959053 3603.273858 3595.230206 3595.672171 3596.829338 3606.291607 3622.874371 3630.166589 3630.971351 3624.641577 3618.321876 3611.688831 3608.666105 3615.003873 3629.907377 3645.877141 3660.936574 3669.886797 3677.637615 3684.837790 3683.694411 3686.080650 3687.340771 3685.241351 3687.927386
3690.111990 3683.289853 3676.447325 3671.262005 3664.944522 3659.838597 3658.155476 3660.139422 3662.216003 3658.347574 3652.356721 3643.016853 3632.415073 3622.866055 3615.408948 3616.385664 3618.702088 3620.322806 3613.335640 3598.720510 3582.111599 3569.335821 3555.906172 3552.138546 3546.389776 3539.059477 3549.188138 3568.636537 3575.897228 3560.082900 3549.330146 3534.278913 3527.669864 3523.791966 3524.667274 3533.652157 3555.907881 3579.579961 3581.617435 3570.792624 3559.948987 3554.978129 3551.648277 3556.207638 3572.453293 3591.969726 3607.215377 3617.254745 3622.506844 3630.211095 3639.251979 3652.628937 3666.820196 3678.804528 3683.667629
3665.282784 3657.815619 3650.382808 3643.020825 3636.576078 3631.052040 3627.137086 3625.300816 3621.595872 3615.809651 3609.551461 3590.755407 3579.183145 3566.714278 3552.057948 3548.286676 3543.748550 3544.950341 3533.653856 3525.873198 3509.967386 3495.407207 3480.720663 3468.075200 3462.479856 3455.902853 3454.731663 3468.344909 3476.816204 3467.028762 3457.341688 3446.573371 3441.973870 3438.676651 3441.152798 3451.617169 3471.407260 3489.778418 3498.086144 3490.637695 3488.638325 3487.590744 3485.559714 3491.538306 3502.273534 3519.709278 3541.398751 3559.609094 3569.160656 3575.832946 3584.479860 3597.610371 3610.905681 3624.769970 3642.179569
3635.692710 3627.113572 3617.700949 3608.473379 3598.790702 3589.402572 3583.535427 3586.282889 3580.395387 3575.084235 3553.883699 3500.886943 3481.300239 3463.069270 3447.220973 3440.849944 3432.856602 3417.625028 3409.069997 3404.632910 3406.520506 3393.391553 3377.608419 3360.764092 3356.074315 3352.563648 3335.960634 3332.146651 3332.923388 3348.213943 3342.127833 3340.580916 3342.239046 3339.928224 3341.444747 3354.331338 3362.442214 3368.336801 3375.070824 3379.222524 3388.708325 3394.622764 3403.333552 3419.936994 3430.721446 3445.758699 3465.496719 3489.891481 3504.516356 3513.607553 3523.460263 3537.804788 3553.331161 3570.529061 3592.129269
3603.078401 3587.949817 3574.182174 3560.490349 3548.566801 3536.585055 3521.533473 3523.583344 3521.632599 3512.220335 3459.941516 3420.822510 3389.173381 3372.844306 3349.911944 3337.264683 3322.406713 3285.512297 3268.601760 3267.945354 3282.336793 3278.903433 3264.284589 3252.692465 3243.595732 3234.559524 3217.307984 3199.363480 3205.396814 3223.468263 3224.137197 3227.239261 3234.943328 3234.452304 3228.083028 3226.026604 3238.274915 3243.977421 3255.051098 3272.046088 3276.201285 3290.394383 3322.601402 3335.074437 3349.725558 3367.553244 3387.002623 3407.035014 3428.237430 3441.569859 3455.913834 3473.086674 3488.912945 3508.670954 3530.584405
3555.307263 3525.372508 3505.102794 3488.634957 3470.870605 3445.377487 3426.034091 3424.200499 3418.494793 3391.388552 3341.985902 3308.265340 3285.926630 3264.974930 3242.724873 3220.829663 3187.093060 3153.635200 3132.393057 3147.688462 3158.887112 3170.053850 3158.854566 3148.262722 3138.878086 3121.337007 3104.791349 3088.844180 3099.809928 3108.548167 3126.963061 3133.756316 3137.798857 3143.610351 3142.312061 3132.061746 3127.678516 3135.802887 3145.594414 3157.065229 3177.108464 3208.986023 3232.333844 3249.846561 3269.567793 3286.904449 3307.183826 3328.888635 3350.476809 3366.563383 3383.703658 3399.943015 3419.458363 3437.907877 3459.960375
3479.048065 3451.578604 3426.039832 3404.308581 3375.332785 3331.196126 3318.269264 3310.167667 3289.643663 3244.229621 3204.658507 3186.333571 3174.065803 3151.682340 3131.612305 3104.631838 3072.406763 3051.300030 3031.282438 3041.778462 3052.188138 3072.032735 3063.422414 3056.663979 3053.762645 3038.715995 3025.631208 3009.500721 3016.013484 3028.180282 3051.427653 3057.474556 3061.741513 3071.170098 3070.573991 3066.201310 3049.251742 3056.098185 3066.569757 3079.957325 3109.953592 3131.545921 3153.244057 3174.307630 3192.594296 3210.793849 3231.486037 3253.252510 3277.799654 3296.159412 3314.030495 3334.005158 3352.172387 3365.990091 3381.363460
3375.861030 3352.524951 3333.623755 3310.917954 3270.909010 3229.281006 3192.266135 3167.812218 3117.777974 3084.806114 3065.017608 3064.514646 3053.066714 3034.263280 3017.025219 3002.714078 2981.997390 2963.812640 2939.416570 2945.204219 2961.243540 2978.495819 2979.812552 2980.894894 2979.699699 2970.656414 2957.501697 2944.135868 2948.072444 2965.275511 2983.417442 2993.582510 3001.490853 3009.464817 3009.432577 3000.213622 2990.406281 2995.222754 3009.918318 3020.996539 3037.313347 3057.074362 3076.307360 3095.730862 3117.160193 3138.434489 3160.257366 3183.614836 3206.597702 3225.927990 3248.062608 3270.340114 3285.724294 3293.754934 3300.938207
3277.546214 3258.930889 3236.806852 3211.319703 3173.090037 3135.314284 3096.516099 3052.058204 3021.249701 2997.867870 2992.003670 2977.698506 2965.382100 2951.985212 2932.963091 2918.088815 2904.215217 2883.740953 2873.988444 2881.656564 2895.469660 2904.094121 2911.071742 2909.313114 2907.336729 2901.990451 2888.391222 2884.206626 2894.259870 2909.600052 2923.520410 2935.235186 2942.332174 2947.700040 2944.886298 2935.963631 2933.078716 2941.359741 2956.715548 2969.547937 2983.958178 3003.581591 3017.983142 3037.502207 3057.839494 3078.487555 3101.693692 3125.601943 3149.942548 3175.569962 3196.226034 3210.933907 3217.801293 3226.100668 3225.167131
3160.624052 3149.775307 3125.395512 3099.309938 3071.905035 3040.288806 3017.982759 2992.361590 2964.393728 2937.381601 2912.978702 2901.667600 2896.620536 2885.655524 2869.846154 2859.643106 2844.950155 2835.320180 2841.685452 2843.380251 2851.854522 2850.403539 2851.664612 2849.556522 2849.269557 2847.302549 2841.299658 2853.071665 2858.955153 2872.328413 2882.492718 2892.342589 2898.222849 2901.962271 2903.252297 2899.181375 2905.146246 2911.383858 2925.094554 2936.158287 2949.530144 2969.025196 2984.777466 3002.280826 3018.307575 3038.919734 3060.308095 3084.214663 3110.734020 3134.070852 3150.537640 3155.609203 3163.401547 3163.859178 3151.894951
