tests/3D/Borden05m/rec/SoilPressure0000L0021.asc
ncols         160
nrows         34
xllcorner     620200.000000
yllcorner     5168000.000000
cellsize      0.500000
NODATA_value  -9999.0
[rows 0 to 24 of 34, columns 55 to 109 of 160]
-9999.0 -9999.0 -9999.0 -9999.0 -9999.0 -9999.0 -9999.0 -9999.0 -9999.0 -9999.0 -9999.0 -9999.0 -9999.0 -9999.0 -9999.0 -9999.0 -9999.0 -9999.0 -9999.0 -9999.0 -9999.0 -9999.0 -9999.0 -9999.0 -9999.0 -9999.0 -9999.0 -9999.0 -9999.0 -9999.0 -9999.0 -9999.0 -9999.0 -9999.0 -9999.0 -9999.0 -9999.0 -9999.0 -9999.0 -9999.0 -9999.0 -9999.0 -9999.0 -9999.0 -9999.0 -9999.0 -9999.0 -9999.0 -9999.0 -9999.0 -9999.0 -9999.0 -9999.0 -9999.0 -9999.0
-9999.0 -9999.0 -9999.0 -9999.0 2465.562815 2460.434521 2455.781918 2451.407429 2443.003373 2433.943980 2426.081532 2422.174993 2421.295224 2420.659115 2420.299528 2425.482644 2433.682854 2441.465609 2448.599655 2451.177734 2453.699219 2455.817796 2456.243881 2455.147762 2451.972706 2448.690236 2445.322352 2443.711561 2436.096964 2424.895012 2416.416423 2413.725131 2418.018676 2422.439990 2424.951303 2430.424231 2440.974459 2451.680553 2460.262679 2472.560734 2479.079951 2484.274608 2486.918109 2482.770089 2479.245432 2475.157230 2469.215624 2457.981537 -9999.0 -9999.0 -9999.0 -9999.0 -9999.0 -9999.0 -9999.0
2406.908732 2426.065968 2447.311287 2451.166080 2440.453191 2435.872624 2433.013611 2431.480745 2427.234004 2418.874742 2413.876740 2408.586490 2406.394407 2406.568829 2406.670702 2410.652733 2421.324495 2429.325930 2434.097894 2436.816768 2439.683506 2438.698204 2438.093259 2437.890433 2435.043441 2431.614101 2428.248336 2426.425106 2427.490031 2419.900136 2414.104777 2410.398822 2407.956251 2410.638664 2413.253634 2417.424387 2426.755975 2434.793197 2442.866762 2457.715189 2470.583710 2476.058649 2473.460300 2468.620620 2464.681234 2457.378488 2446.666416 2436.276039 2427.042915 2420.231838 2414.500554 2408.074404 2414.057577 2421.165396 2430.418380
2390.123714 2409.834412 2430.700520 2433.933993 2424.055132 2416.542352 2410.725584 2411.376373 2414.715357 2411.533785 2406.914694 2400.308749 2409.836665 2411.037446 2412.002330 2415.327527 2417.775642 2422.234562 2424.881413 2430.318136 2439.376057 2442.209589 2442.723760 2442.831373 2440.919630 2437.722987 2435.814528 2433.020975 2427.754150 2426.197993 2426.060621 2425.149128 2429.565972 2431.101125 2433.603572 2427.724826 2431.875777 2438.162533 2445.123620 2451.057233 2457.405976 2460.476350 2457.166971 2457.143635 2448.693486 2434.889062 2424.408497 2416.374913 2415.517382 2412.196641 2404.034959 2390.450978 2398.037845 2413.660692 2418.085169
2393.667301 2403.122783 2414.571403 2417.691734 2413.085705 2415.292911 2417.260548 2418.764138 2417.147546 2413.898798 2410.477468 2421.687537 2430.401969 2431.949081 2434.592437 2438.472468 2438.841750 2427.679284 2425.582336 2433.287931 2443.232701 2448.637829 2448.832226 2448.561646 2445.484013 2444.354221 2444.047569 2442.060275 2441.977020 2443.796862 2442.219617 2445.750236 2451.261570 2454.433651 2448.307116 2439.721067 2441.513255 2449.771053 2458.575680 2466.104855 2476.479371 2487.478068 2487.276537 2482.366753 2473.694187 2460.829707 2437.974914 2419.647342 2408.602617 2400.771254 2393.348420 2394.993046 2390.725199 2403.332117 2404.815497
2382.278161 2401.845484 2422.600709 2429.524278 2423.843853 2419.846350 2418.210148 2419.005210 2418.524539 2419.942868 2429.992717 2442.378902 2454.696319 2456.873169 2458.914298 2457.974880 2449.945748 2439.753774 2436.721466 2450.543890 2467.024418 2475.000755 2474.901244 2471.917302 2476.410575 2475.915846 2475.525803 2471.551794 2472.723110 2471.735205 2478.787198 2486.370313 2493.956393 2492.455590 2480.311357 2468.441908 2467.912679 2472.426892 2478.040269 2485.157992 2495.395590 2504.812776 2500.015862 2494.248938 2486.047878 2459.499415 2435.324379 2420.208688 2420.536602 2421.051020 2416.392540 2413.861022 2411.961111 2406.628705 2406.391572
2419.108954 2439.168514 2459.401218 2473.552216 2467.701022 2460.151570 2451.163877 2451.540653 2452.906180 2459.467385 2470.626436 2484.898727 2507.174560 2507.727808 2509.089206 2509.292100 2497.116366 2484.358461 2474.016202 2494.391253 2505.063421 2512.736958 2511.762025 2518.602049 2527.625090 2523.645512 2516.693674 2505.337269 2511.139650 2519.573317 2534.563752 2541.961169 2546.652379 2543.431095 2530.751338 2524.498479 2524.947642 2529.829477 2529.716613 2536.844724 2546.268834 2561.330600 2560.498694 2555.242417 2534.699750 2498.152365 2467.302706 2452.006258 2461.329750 2455.364066 2448.912967 2447.489788 2435.390142 2426.780322 2428.276878
2454.722775 2469.791637 2486.713860 2503.835512 2496.574284 2486.290410 2471.093376 2468.945531 2474.267252 2484.152456 2501.889665 2521.351231 2542.384329 2544.500466 2541.521917 2551.010255 2544.251478 2534.073509 2526.339441 2543.668120 2554.449549 2565.174128 2572.357592 2584.893275 2595.641530 2581.848221 2566.817282 2558.470106 2564.703037 2587.811401 2608.026789 2612.869754 2612.798538 2613.601779 2600.915524 2595.510228 2590.935394 2589.246323 2585.523538 2582.944999 2605.539339 2625.201972 2624.669452 2602.889223 2580.157381 2542.487295 2505.379295 2478.580712 2486.681569 2483.949769 2485.860710 2474.195555 2461.322774 2450.773225 2445.653124
2511.017086 2535.129476 2552.876719 2574.154663 2568.835334 2548.255015 2535.369672 2538.612919 2551.495637 2558.856259 2575.671941 2595.031961 2622.613719 2637.861471 2651.770496 2655.677549 2648.141838 2639.500609 2627.152368 2629.569134 2650.636156 2662.243520 2671.353229 2680.547873 2692.996882 2695.341884 2690.149795 2688.846715 2692.711424 2703.596284 2715.799350 2722.463177 2726.421813 2730.276393 2720.924071 2709.236827 2705.579930 2698.996016 2695.788072 2694.509842 2702.680326 2719.697286 2717.246878 2685.329151 2659.044357 2625.902988 2588.854195 2559.511368 2549.659422 2564.113643 2559.032965 2542.607388 2529.171604 2500.303030 2491.200079
2584.415540 2617.772497 2642.857540 2654.463822 2663.847365 2652.759147 2651.893556 2655.728354 2663.362510 2666.885501 2673.497231 2705.411958 2739.127967 2765.281565 2788.187440 2795.691268 2784.163022 2774.457534 2761.644665 2752.673204 2760.999964 2777.009207 2794.140908 2809.231643 2820.458309 2823.165658 2821.804167 2821.992802 2824.667633 2827.660094 2831.444510 2838.969530 2846.416903 2845.274178 2853.418917 2845.880676 2839.557131 2829.297576 2818.692778 2816.499889 2817.004841 2818.958948 2819.861257 2806.991937 2769.650256 2739.891557 2708.502809 2686.131579 2670.669251 2665.908354 2647.874747 2624.981114 2576.560920 2538.939098 2507.040577
2673.220987 2715.206305 2744.438138 2763.712758 2777.005073 2775.990201 2777.814641 2779.222085 2783.515480 2786.706118 2790.826149 2815.633106 2845.669094 2882.547716 2912.592603 2913.717036 2901.623478 2890.710962 2881.197534 2868.274818 2864.543453 2875.234437 2888.936220 2907.549601 2918.246266 2925.461680 2922.692158 2922.966993 2924.561437 2926.407615 2928.209176 2931.088488 2939.468867 2952.102814 2965.118667 2965.381689 2950.118744 2933.515946 2917.451227 2913.485129 2909.923650 2904.865579 2906.583044 2908.286435 2896.124044 2868.944724 2841.507464 2801.102338 2781.455758 2764.709541 2753.553643 2737.528180 2703.257243 2643.245886 2607.972059
2786.491380 2817.559788 2837.560196 2866.308879 2881.949323 2885.879654 2884.229725 2884.039547 2890.993369 2894.783101 2901.630693 2917.199773 2944.615531 2976.885996 3005.049262 3020.881335 3014.526501 2998.596444 2978.301729 2970.214684 2967.927834 2970.956474 2979.393248 2990.471142 3008.353409 3025.834081 3027.091397 3027.804564 3029.019346 3027.187048 3027.531286 3027.343705 3029.432304 3036.331957 3045.167066 3048.654098 3043.484595 3029.335797 3007.927419 2995.814142 2988.730876 2985.057636 2985.112190 2989.044420 2991.314616 2978.519695 2947.587286 2906.516079 2876.140169 2859.412883 2847.226562 2843.441180 2831.953108 2804.437811 2784.992770
2882.620357 2896.803586 2922.610090 2949.771729 2972.088026 2986.959513 2988.439788 2992.262876 2996.926704 3004.877893 3019.326683 3036.559621 3052.305539 3072.328495 3096.765501 3111.600866 3116.963398 3116.001285 3112.952842 3114.391254 3114.718313 3064.464371 3069.634877 3074.755786 3088.390692 3100.920204 3104.451683 3104.880485 3103.511560 3104.252546 3104.460976 3104.306719 3103.903437 3105.393516 3109.502927 3111.275800 3109.973464 3100.724743 3114.237776 3095.489537 3082.678010 3074.789341 3066.812042 3058.614506 3049.584615 3041.280189 3027.928305 2999.678868 2966.646592 2944.382276 2936.156421 2931.367149 2924.071616 2918.834280 2902.829563
2976.941601 2987.576185 3004.434731 3025.381470 3052.700900 3073.359527 3084.059838 3092.952189 3097.572793 3110.719540 3125.724865 3112.281033 3118.441392 3125.190186 3132.036056 3134.412421 3135.110532 3134.821531 3132.530480 3131.961553 3129.890948 3126.093700 3116.031479 3117.608571 3119.377257 3121.838206 3125.256061 3124.058839 3125.228070 3128.014745 3126.252972 3120.409038 3116.536735 3114.995431 3115.854441 3123.260767 3126.835725 3128.081186 3125.700556 3124.927541 3124.145948 3121.412271 3117.990100 3113.181818 3107.127330 3118.523572 3108.567304 3083.118419 3047.049463 3013.270020 3004.523686 3004.745453 3005.014908 3003.151728 2997.565299
3087.551197 3100.516861 3114.468020 3098.464188 3115.481004 3124.309061 3128.553862 3132.141511 3134.809414 3137.242098 3134.094292 3130.744918 3125.830758 3124.341849 3123.016105 3120.612131 3121.251899 3119.372387 3115.448173 3111.781231 3104.665866 3093.596455 3082.474113 3079.298255 3083.691944 3089.068281 3093.883100 3097.901060 3101.518469 3101.893053 3096.719963 3088.589816 3081.310497 3079.633831 3086.396710 3092.123539 3098.292603 3099.230154 3097.956433 3095.721562 3095.695442 3092.764569 3093.100890 3099.915737 3113.981164 3117.582203 3122.482377 3122.007332 3109.107262 3085.990480 3091.519197 3071.943440 3077.088325 3072.540252 3061.487948
3124.919150 3127.303946 3126.091921 3124.761958 3118.433509 3112.502829 3111.815612 3115.833018 3122.837266 3124.060881 3117.242319 3109.070805 3102.129123 3095.043847 3092.823519 3092.046373 3091.676417 3092.086634 3086.999059 3078.757501 3063.493372 3052.410973 3041.522296 3035.651604 3032.543732 3036.510290 3047.223127 3058.483972 3063.400533 3055.074843 3047.079764 3035.818131 3027.898682 3028.368520 3029.895264 3039.260635 3055.117883 3061.717747 3062.564254 3056.674152 3050.950473 3044.612619 3041.920516 3048.351985 3063.027996 3077.996085 3092.336009 3100.935337 3108.513700 3115.516602 3115.593306 3117.430724 3118.334454 3116.401195 3117.910922
3118.031737 3111.435752 3104.814805 3099.808654 3093.569988 3088.504721 3086.936083 3089.112726 3091.480982 3087.890867 3081.990294 3073.080750 3062.649485 3053.210367 3046.200552 3047.170103 3049.472947 3050.964969 3044.338250 3030.504852 3016.914868 3004.289154 2990.883467 2987.144135 2981.743964 2975.367131 2985.651544 3004.453802 3011.482147 2996.469157 2986.126511 2971.507928 2964.866647 2961.349747 2962.520074 2971.694578 2993.309106 3015.814626 3017.732806 3007.372136 2997.050495 2992.242619 2989.201894 2994.252874 3010.635170 3026.502210 3040.784669 3050.441180 3055.666894 3063.331498 3072.198067 3084.371558 3097.797827 3109.178847 3114.710185
3093.488351 3086.183337 3078.883174 3071.681887 3065.417909 3060.377900 3056.600671 3054.813172 3051.518779 3045.903047 3040.095005 3025.453330 3014.073947 3001.941656 2987.772653 2984.263009 2980.296233 2981.758068 2970.698060 2962.490637 2946.340823 2931.745463 2917.309579 2905.347579 2899.814126 2893.569324 2893.902863 2908.041444 2916.732373 2906.199995 2896.527863 2885.413943 2880.579284 2877.438755 2879.893053 2890.402253 2910.844286 2929.333359 2937.351689 2929.914683 2927.252834 2925.560500 2923.800023 2929.669130 2941.224342 2958.848098 2980.072800 2997.476380 3006.788232 3013.536709 3022.119600 3031.789466 3044.263741 3057.641316 3074.390097
3064.069350 3056.045760 3046.846974 3037.865818 3028.713989 3021.983225 3016.381168 3018.888144 3013.003638 3007.588433 2988.130881 2937.390719 2918.782360 2900.872344 2885.446140 2879.458556 2871.786779 2858.639875 2850.168285 2845.384357 2845.225533 2832.014932 2822.075184 2805.219538 2800.513224 2797.030737 2782.610929 2781.165525 2782.724362 2795.315889 2789.131225 2786.717480 2787.612401 2785.459397 2787.594957 2800.825561 2810.028957 2817.124559 2823.831749 2826.775954 2836.102535 2835.219479 2842.337621 2858.609373 2869.912802 2885.420327 2905.396866 2928.873279 2942.871256 2951.836003 2961.690481 2975.783943 2991.163427 3007.943338 3029.014938
3032.375790 3020.519952 3007.158257 2993.625397 2981.786338 2970.073135 2955.777721 2957.738425 2955.621939 2946.673596 2897.761889 2858.317473 2832.499189 2815.642566 2793.155368 2780.865336 2766.630418 2732.580107 2716.657337 2714.945387 2727.147882 2722.234010 2707.112964 2695.029744 2686.416204 2678.248286 2662.375248 2646.975896 2652.868454 2669.624893 2669.211047 2671.316640 2678.294625 2677.682802 2672.250876 2672.251473 2685.129381 2691.511612 2702.323170 2718.051629 2722.712129 2736.678560 2767.816324 2780.641590 2795.365314 2813.845979 2834.171284 2847.392551 2867.672266 2880.719040 2894.857670 2911.628938 2927.276537 2946.804762 2968.540415
2987.850868 2959.004646 2939.241392 2923.030144 2905.955641 2881.900485 2862.503098 2860.799010 2855.067040 2830.510827 2787.597261 2751.404465 2727.109523 2706.082948 2683.604433 2662.159830 2628.511823 2595.605764 2575.004551 2588.174166 2598.676528 2607.515145 2595.898793 2585.074481 2575.822016 2559.547839 2543.614714 2529.037064 2539.596642 2548.448531 2564.503159 2570.640206 2574.757213 2579.912809 2578.815328 2570.162749 2568.265298 2576.611890 2586.611442 2598.073003 2617.031184 2650.549648 2674.853378 2692.337659 2712.343443 2730.962018 2752.132372 2774.634686 2796.315241 2812.307502 2829.877487 2839.326868 2858.345903 2876.916550 2899.152856
2914.227456 2887.008921 2861.527533 2840.189097 2817.741180 2774.656643 2760.886040 2752.789499 2734.477702 2691.412340 2650.775231 2626.736786 2611.648478 2589.112726 2568.371490 2541.046214 2509.058687 2486.983817 2467.391919 2477.307764 2487.164682 2505.148497 2496.035891 2488.509040 2485.101324 2470.430668 2457.436894 2441.995867 2448.967583 2460.731798 2482.599373 2488.321067 2492.534461 2501.491244 2500.929356 2497.180070 2482.372514 2489.770717 2500.469764 2514.788123 2544.565552 2567.426026 2589.944262 2611.066043 2630.160177 2651.510607 2673.567052 2696.124931 2721.368770 2739.966798 2758.003528 2778.455763 2796.914555 2811.418966 2827.986457
2817.871080 2794.195210 2774.624059 2751.445913 2711.820699 2669.272899 2631.495571 2609.109562 2562.358245 2529.032813 2505.732842 2501.202900 2488.411837 2468.922196 2450.327327 2431.399553 2409.373118 2390.417109 2366.474769 2372.038035 2387.408744 2404.044063 2403.846679 2404.008212 2402.556452 2393.207664 2380.157229 2366.957188 2370.996176 2387.832111 2405.770954 2415.384879 2423.107535 2431.108138 2431.250674 2422.760630 2413.431124 2418.603295 2433.654936 2449.885999 2468.334049 2489.237312 2510.076994 2530.112986 2552.130917 2574.384599 2596.845044 2621.080140 2647.033571 2666.988837 2689.493208 2712.688347 2728.874137 2737.400192 2745.699045
2718.051840 2698.770937 2676.306159 2650.237297 2609.916586 2571.016772 2531.203326 2487.749527 2455.993392 2427.861109 2419.190862 2404.113343 2390.787708 2376.478364 2357.143339 2341.012342 2326.078472 2305.470154 2293.981593 2301.262057 2315.053674 2324.469223 2330.567024 2328.673350 2326.605807 2320.906541 2307.478862 2302.060222 2311.971922 2327.500758 2341.810307 2353.303307 2360.480156 2366.197539 2363.590897 2355.025452 2351.583224 2359.978821 2375.626765 2389.584039 2405.048482 2425.727310 2445.984738 2467.223408 2489.284288 2510.896117 2534.768265 2559.236632 2584.308197 2609.955182 2631.501704 2649.933143 2658.126562 2666.722855 2667.155794
2597.911609 2585.864034 2561.357111 2534.361635 2505.463776 2472.293780 2447.569446 2417.428508 2388.539988 2360.480299 2336.022014 2323.523832 2317.385952 2305.060505 2288.490020 2277.585193 2262.500895 2251.083819 2255.979882 2258.111257 2267.381037 2266.720824 2267.940865 2265.743742 2265.389748 2262.978143 2255.994545 2266.830695 2273.947678 2287.975622 2298.511076 2308.470499 2314.723427 2318.795877 2319.954239 2315.517958 2321.080771 2327.763220 2341.935621 2353.485679 2367.538107 2387.683713 2404.601926 2423.422846 2445.339232 2467.792306 2491.072209 2515.929077 2542.855964 2566.463255 2583.664944 2590.056247 2598.391409 2599.700649 2588.661250
