tests/3D/Borden05m/rec/SoilPressure0000L0010.asc
ncols         160
nrows         34
xllcorner     620200.000000
yllcorner     5168000.000000
cellsize      0.500000
NODATA_value  -9999.0
[rows 0 to 24 of 34, columns 0 to 57 of 160]
-9999.0 -9999.0 -9999.0 -9999.0 -9999.0 -9999.0 -9999.0 -9999.0 -9999.0 -9999.0 -9999.0 -9999.0 -9999.0 -9999.0 -9999.0 -9999.0 -9999.0 -9999.0 -9999.0 -9999.0 -9999.0 -9999.0 -9999.0 -9999.0 -9999.0 -9999.0 -9999.0 -9999.0 -9999.0 -9999.0 -9999.0 -9999.0 -9999.0 -9999.0 -9999.0 -9999.0 -9999.0 -9999.0 -9999.0 -9999.0 -9999.0 -9999.0 -9999.0 -9999.0 -9999.0 -9999.0 -9999.0 -9999.0 -9999.0 -9999.0 -9999.0 -9999.0 -9999.0 -9999.0 -9999.0 -9999.0 -9999.0 -9999.0
-9999.0 -9999.0 -9999.0 -9999.0 -9999.0 -9999.0 -9999.0 -9999.0 -9999.0 -9999.0 -9999.0 -9999.0 -9999.0 -9999.0 -9999.0 -9999.0 -9999.0 -9999.0 -9999.0 -9999.0 -9999.0 -9999.0 -9999.0 -9999.0 -9999.0 -9999.0 -9999.0 -9999.0 -9999.0 -9999.0 -9999.0 -9999.0 -9999.0 -9999.0 -9999.0 -9999.0 -9999.0 -9999.0 -9999.0 -9999.0 -9999.0 -9999.0 -9999.0 -9999.0 -9999.0 -9999.0 -9999.0 -9999.0 -9999.0 -9999.0 -9999.0 -9999.0 -9999.0 -9999.0 -9999.0 -9999.0 -9999.0 -9999.0
-9999.0 -9999.0 -9999.0 -9999.0 -9999.0 -9999.0 -9999.0 -9999.0 -9999.0 -9999.0 -9999.0 -9999.0 -9999.0 -9999.0 -9999.0 -9999.0 -9999.0 -9999.0 -9999.0 -9999.0 -9999.0 -9999.0 -9999.0 -9999.0 -9999.0 -9999.0 -9999.0 -9999.0 -9999.0 -9999.0 -9999.0 -9999.0 -9999.0 -9999.0 -9999.0 -9999.0 -9999.0 -9999.0 -9999.0 -9999.0 -9999.0 -9999.0 -9999.0 -9999.0 -9999.0 -9999.0 -9999.0 130.330546 112.862316 96.634641 95.264476 118.860955 143.269289 168.047180 189.565640 209.098960 228.839915 249.295494
-9999.0 -9999.0 -9999.0 -9999.0 -9999.0 -9999.0 -9999.0 -9999.0 -9999.0 -9999.0 -9999.0 -9999.0 -9999.0 -9999.0 -9999.0 -9999.0 -9999.0 -9999.0 -9999.0 -9999.0 -9999.0 -9999.0 -9999.0 -9999.0 -9999.0 -9999.0 -9999.0 -9999.0 -9999.0 -9999.0 -9999.0 -9999.0 -9999.0 -9999.0 -9999.0 -9999.0 -9999.0 -9999.0 -9999.0 -9999.0 177.878297 183.963644 185.583276 174.835257 163.396615 151.204666 131.028295 113.077403 97.692153 95.105843 98.198420 104.512889 128.386621 153.750346 174.197862 192.288073 212.146603 232.748345
-9999.0 -9999.0 -9999.0 -9999.0 -9999.0 -9999.0 -9999.0 -9999.0 -9999.0 -9999.0 -9999.0 -9999.0 -9999.0 -9999.0 -9999.0 -9999.0 -9999.0 -9999.0 -9999.0 -9999.0 -9999.0 -9999.0 -9999.0 -9999.0 -9999.0 -9999.0 -9999.0 -9999.0 -9999.0 -9999.0 -9999.0 -9999.0 -9999.0 -9999.0 79.028831 97.330568 116.467257 135.887894 153.531462 161.118893 167.948805 174.191938 170.342649 165.574374 154.102482 135.121475 115.207098 100.898426 98.374896 95.979585 100.763494 114.446139 131.892694 149.030509 170.676075 194.514269 204.208728 216.592496
-9999.0 -9999.0 -9999.0 -9999.0 -9999.0 -9999.0 -9999.0 -9999.0 -9999.0 -9999.0 -9999.0 -9999.0 -9999.0 -9999.0 -9999.0 -9999.0 -9999.0 -9999.0 -9999.0 -9999.0 -9999.0 -9999.0 -9999.0 -9999.0 -9999.0 -9999.0 -9999.0 -9999.0 78.943570 73.250475 68.461047 67.437169 66.761485 66.415189 74.503583 87.813800 107.144431 129.743319 143.520340 151.493043 158.716190 159.900429 155.204499 153.075824 153.167059 141.235083 129.355397 118.278058 107.740176 106.554478 116.377926 130.662491 147.145593 162.354009 178.046656 190.626013 206.841310 228.256030
-9999.0 -9999.0 -9999.0 -9999.0 -9999.0 -9999.0 -9999.0 -9999.0 -9999.0 -9999.0 -9999.0 -9999.0 -9999.0 -9999.0 -9999.0 -9999.0 -9999.0 -9999.0 -9999.0 -9999.0 -9999.0 -9999.0 -9999.0 45.789640 52.205415 59.287096 67.304240 68.830407 65.302378 60.068665 57.351792 56.316022 55.351712 60.567409 69.861146 84.543117 101.459648 124.096366 133.517767 140.678437 153.559058 156.198391 161.302611 165.249449 163.283086 160.326015 147.975586 138.806630 144.186230 150.183089 156.651098 164.270014 177.387537 192.911810 210.419753 230.669584 251.861377 271.192278
-9999.0 -9999.0 -9999.0 -9999.0 -9999.0 -9999.0 -9999.0 -9999.0 -9999.0 -9999.0 -9999.0 -9999.0 -9999.0 -9999.0 -9999.0 -9999.0 -9999.0 -9999.0 -9999.0 18.036475 19.176950 20.658258 25.833347 27.555481 30.372857 38.012962 46.814427 49.600553 48.594679 47.517552 49.584163 52.844906 57.743795 69.979075 84.691186 99.740734 114.692367 136.327794 151.711379 166.017517 182.379695 181.259671 176.826744 174.526838 174.660654 174.790200 179.877149 182.875814 188.292741 193.385938 199.778817 208.347503 218.826097 236.613336 255.993713 275.211917 293.001677 310.581877
-9999.0 -9999.0 -9999.0 -9999.0 -9999.0 -9999.0 -9999.0 -9999.0 -9999.0 -9999.0 -9999.0 -9999.0 -9999.0 -9999.0 -9999.0 -9999.0 -12.433092 -10.296139 -7.716776 -1.693958 1.355298 5.792305 13.221323 14.931667 19.382619 27.136227 32.775080 42.025148 50.543684 58.473218 64.995502 68.279848 76.586838 86.940339 99.549958 115.794216 138.191543 161.419870 177.961246 194.738079 211.490846 211.644485 210.128865 210.773706 210.959873 217.826139 235.042506 240.296934 242.177970 259.327847 272.561281 276.931559 283.289390 300.354149 322.450496 345.860596 374.622382 394.423912
-9999.0 -9999.0 -9999.0 -9999.0 -9999.0 -9999.0 -9999.0 -9999.0 -9999.0 -9999.0 -9999.0 -9999.0 -9999.0 -59.251878 -54.822140 -45.103186 -36.038406 -33.298764 -28.841501 -22.514859 -9.801611 -5.728096 1.073131 9.296210 21.422320 30.587892 40.461724 52.911895 62.001004 69.796494 77.441413 84.331369 98.452515 114.297510 130.610724 151.159568 172.967725 193.802585 214.417870 229.212420 242.656785 245.089319 242.806535 243.881113 251.018271 267.832319 285.520711 295.484842 314.455497 336.194051 348.643750 359.670192 366.983564 377.774917 396.042563 428.501874 461.799180 487.615262
-9999.0 -9999.0 -9999.0 -9999.0 -9999.0 -9999.0 -9999.0 -9999.0 -9999.0 -9999.0 -95.101598 -92.399091 -95.562533 -94.607438 -89.514504 -77.162180 -63.367873 -56.046202 -44.227833 -23.019534 -5.145371 -1.067343 14.286605 24.868055 32.048077 43.289758 57.024280 70.574826 88.308855 101.392989 114.145187 134.799307 151.392183 167.798774 185.300747 204.788189 224.871105 253.667482 279.840997 292.457048 314.747515 326.710207 322.476129 321.337898 328.054875 343.501765 364.562876 388.113597 408.382269 432.325918 449.703562 462.113981 470.912886 481.271203 494.247383 523.909181 560.107846 588.164069
-9999.0 -9999.0 -9999.0 -9999.0 -9999.0 -9999.0 -9999.0 -9999.0 -119.662790 -112.535984 -106.018229 -108.809712 -113.212444 -116.231803 -102.663419 -86.403296 -69.956436 -52.319008 -35.817760 -17.306761 -1.144802 15.942363 35.873642 48.144642 60.395817 76.013410 90.093572 108.162358 129.691875 143.958086 162.254084 183.599650 202.287334 219.551802 237.093824 254.187566 280.716781 312.943098 343.221958 365.412610 391.121864 413.412528 411.882559 413.301155 416.141041 439.817273 467.208180 495.220495 519.676039 545.366719 572.299029 587.150446 595.525802 605.760027 618.442042 632.498075 655.476714 682.391344
-9999.0 -9999.0 -9999.0 -9999.0 -9999.0 -9999.0 -146.294273 -121.767864 -106.585511 -114.085845 -122.291489 -125.344137 -128.575686 -108.029701 -86.186798 -68.856448 -51.713529 -33.890924 -17.064030 -2.184925 33.134542 50.210022 65.329551 84.879397 99.127337 113.337128 130.685685 154.068367 176.472487 207.630894 235.351411 260.071164 284.983362 303.136194 319.997787 336.975564 366.145367 400.597025 434.035084 460.603262 485.074690 511.850935 518.310046 522.225159 528.102224 544.812003 572.229784 599.370192 630.428460 659.823883 682.979437 692.572923 700.755869 709.867477 720.891297 731.193777 742.829685 765.574054
-9999.0 -9999.0 -9999.0 -9999.0 -180.666921 -159.265815 -138.154447 -106.671273 -83.467873 -88.282627 -80.689030 -79.824630 -80.838566 -77.685714 -71.319949 -53.096442 -34.936096 -16.615964 2.186871 39.561854 81.918224 98.266551 124.223121 155.925343 169.344241 183.724183 198.674215 220.779090 248.170591 280.989514 324.652860 361.027223 384.601403 404.960784 422.968812 442.565366 471.692534 504.909948 537.631221 568.402792 595.197807 617.019211 628.146680 633.744335 643.012928 655.985317 673.713515 697.662959 724.818170 753.710131 776.504990 789.096788 795.488663 804.112620 813.182901 823.831168 834.284307 848.071333
-9999.0 -9999.0 -9999.0 -228.641356 -189.577750 -151.748059 -123.388362 -91.471128 -58.918486 -52.238677 -43.301460 -36.781364 -30.239747 -21.168498 -11.306709 5.216694 19.708479 33.025795 54.053578 90.443828 125.780507 157.840953 188.921034 216.984138 237.865499 252.208143 267.916127 290.140702 327.258851 363.044985 409.707124 458.427974 491.608806 512.698796 529.945131 552.195372 572.222033 602.615835 633.143940 662.220751 690.243854 712.010342 728.785734 734.342793 740.964711 747.862445 762.690906 781.639735 800.687061 826.236431 851.752766 872.607336 884.135798 891.942275 905.738564 919.445335 930.072962 941.791975
-9999.0 -9999.0 -275.702908 -238.094793 -202.144019 -149.554763 -95.643805 -60.733785 -18.861907 6.801238 14.357505 32.886382 49.682286 57.706940 74.067056 91.033010 104.891162 108.515161 121.400410 154.474407 205.230950 250.788829 276.977096 327.921230 357.924827 379.453705 391.733514 414.018567 443.604794 482.353650 526.238913 569.983389 604.131121 631.062410 642.906167 657.225072 675.846521 694.369485 722.877738 748.829558 775.715102 798.541659 817.906296 824.215577 827.640549 840.922649 861.509218 883.253333 903.956452 923.685876 932.709655 938.896833 941.662303 943.284420 945.715227 947.425838 948.325991 948.034369
-9999.0 -9999.0 -300.916061 -256.069851 -212.498427 -141.449442 -63.267576 -24.129515 20.065379 65.359240 84.459204 107.959530 124.434565 139.241133 161.680692 183.938292 189.601125 192.449809 190.340180 242.239390 296.952682 351.089845 407.035803 463.635076 500.615179 509.542554 515.889987 531.855086 553.072722 592.041449 636.192754 681.902726 720.421814 746.527134 758.685928 771.905230 788.035188 802.571052 817.750803 850.733582 872.064188 893.260136 915.761977 933.394525 940.007541 941.527364 935.492876 940.534481 944.015220 945.632250 946.106297 942.958047 942.319809 943.031024 944.138696 939.491439 933.414198 927.371875
-9999.0 -388.246246 -335.811593 -280.700064 -208.738453 -137.592824 -49.734244 32.844645 85.541582 129.096493 156.931178 173.077894 219.607827 263.785186 287.296675 313.078062 310.622661 309.110602 297.858313 337.998927 385.531490 461.319127 565.593348 614.100400 645.582737 645.392226 639.025055 649.979833 671.799552 708.656070 765.069574 803.386920 846.292460 878.297073 888.836548 892.114078 905.918019 922.235224 921.820683 934.392434 939.714980 944.196496 943.375021 944.262733 944.876456 945.091347 942.155748 936.228615 928.892051 923.719196 919.993026 915.661299 918.212389 921.603583 922.831059 916.404789 909.133654 902.025388
-9999.0 -422.398155 -361.542047 -287.770311 -213.782267 -135.697623 -22.446987 111.386126 159.980945 193.934285 219.277771 254.767137 333.388706 394.540508 425.793177 463.307615 456.559062 442.795858 433.243913 462.110563 507.883333 574.172292 695.148477 769.602850 783.091223 791.482286 797.569151 819.642862 849.261318 876.845005 900.702003 909.057312 923.466842 930.083244 931.884612 932.574263 934.421888 934.518165 932.035375 928.683942 924.415692 924.829477 928.768900 928.804065 926.446035 923.884000 918.777981 911.550876 906.211196 901.827744 899.241190 896.377745 895.148235 895.746806 892.101224 886.989414 878.661026 869.766956
-9999.0 -447.414530 -377.054991 -310.103548 -235.447399 -109.431296 16.032851 147.417078 235.875615 270.385267 306.037186 380.985643 471.380820 553.607835 596.590111 616.626187 620.397011 605.064032 611.726983 649.455485 703.845012 775.435143 840.128170 900.650529 909.290202 910.795854 899.477917 906.577972 913.193374 914.526314 915.412023 916.617775 921.685963 924.439613 923.630441 921.297064 917.219144 909.974532 905.445387 902.688212 899.658453 899.681380 902.651777 903.748677 901.610607 898.153465 893.967617 888.563561 882.819653 876.613062 873.128805 869.576325 867.823754 863.766389 859.787213 854.546825 842.193701 829.932470
-9999.0 -536.604672 -450.990780 -388.326916 -254.541400 -84.630973 42.032914 194.897259 328.542736 369.015940 447.918186 549.572856 638.373417 699.271584 735.527249 772.288383 795.830798 815.767479 843.191217 826.522951 866.166645 900.273627 912.162554 917.685483 914.530331 915.275957 908.085371 889.949264 880.280819 874.190458 876.369153 883.944274 889.969152 895.931702 894.347183 895.077119 895.074874 891.905552 888.723639 881.239654 874.196716 869.164199 868.169082 873.788052 869.226811 866.238705 860.903294 853.685554 845.833420 838.780642 831.893456 825.837623 823.551910 818.592709 817.724669 810.866827 785.482663 768.017548
-9999.0 -617.454798 -537.742703 -434.066970 -282.085946 -115.634767 29.945705 199.873557 388.964944 489.185576 587.302763 641.653961 705.358816 763.618412 820.978919 856.403332 873.160472 876.805775 869.715903 871.102058 839.911605 831.339571 845.372025 867.911712 878.150267 881.556008 873.199728 862.684156 856.202063 855.683109 855.177671 854.979970 854.482500 853.222725 850.568987 852.522132 857.096313 851.876285 844.560965 837.465616 831.013405 823.563463 818.699413 816.171581 815.003866 815.133816 808.474471 799.038508 789.490261 782.230151 775.302986 770.227990 768.581821 764.592268 758.388658 747.943197 722.140860 697.546047
-9999.0 -707.134307 -589.220430 -485.818144 -349.991833 -207.356151 -69.680051 98.883566 251.737953 453.095543 607.597554 669.916133 698.753187 743.466481 798.371311 853.866118 855.686889 823.576687 791.916860 774.381132 774.082565 780.382097 791.923777 810.344463 825.732297 834.106970 834.866011 827.076068 814.137066 806.227552 801.345924 793.320127 787.524555 787.229523 787.322848 793.826881 796.986073 788.615537 776.872434 762.433620 749.753458 740.284688 737.661278 739.033984 739.266155 736.602914 730.404083 721.099217 709.823703 699.549675 692.762542 688.130725 682.651899 674.525446 665.314193 654.784407 630.988709 610.437037
-9999.0 -9999.0 -659.887239 -545.952330 -429.135867 -298.698263 -169.918197 -14.900528 137.652310 317.201350 427.236537 528.434360 582.999598 621.047082 668.496099 714.873353 725.215840 734.795456 710.674194 708.522579 710.071244 712.629987 720.421156 731.142077 743.202830 751.908485 758.048050 756.104203 747.288153 731.952653 714.312390 701.103666 693.547840 688.046762 696.716041 707.926184 706.395338 700.550217 689.768400 675.304145 663.133388 650.534398 647.354437 648.376489 648.915738 646.619688 642.483500 630.857104 619.144153 608.041788 603.328131 598.339499 593.704544 584.179798 574.135741 562.779310 541.895109 519.962373
-9999.0 -9999.0 -743.455521 -629.946150 -507.771523 -379.450473 -269.830029 -167.080891 -8.361556 110.130984 207.517994 293.503260 362.237492 415.455929 455.980377 509.181558 538.288337 548.141967 555.925101 572.272652 590.527824 609.854350 622.874486 633.792476 646.030404 657.417081 665.706433 655.372542 645.159254 629.806577 610.700474 590.237772 579.873995 576.055269 579.960990 586.793693 582.544056 573.822607 560.761357 545.829799 533.711485 522.600215 519.134502 517.191327 516.862033 514.743843 512.107376 503.850671 493.130883 485.931791 479.076289 473.839669 471.539239 465.403612 457.179432 451.950377 436.244869 413.377561
