tests/3D/Borden05m/rec/SoilPressure0000L0004.asc
ncols         160
nrows         34
xllcorner     620200.000000
yllcorner     5168000.000000
cellsize      0.500000
NODATA_value  -9999.0
[rows 0 to 24 of 34, columns 55 to 109 of 160]
-9999.0 -9999.0 -9999.0 -9999.0 -9999.0 -9999.0 -9999.0 -9999.0 -9999.0 -9999.0 -9999.0 -9999.0 -9999.0 -9999.0 -9999.0 -9999.0 -9999.0 -9999.0 -9999.0 -9999.0 -9999.0 -9999.0 -9999.0 -9999.0 -9999.0 -9999.0 -9999.0 -9999.0 -9999.0 -9999.0 -9999.0 -9999.0 -9999.0 -9999.0 -9999.0 -9999.0 -9999.0 -9999.0 -9999.0 -9999.0 -9999.0 -9999.0 -9999.0 -9999.0 -9999.0 -9999.0 -9999.0 -9999.0 -9999.0 -9999.0 -9999.0 -9999.0 -9999.0 -9999.0 -9999.0
-9999.0 -9999.0 -9999.0 -9999.0 -677.795757 -680.820332 -683.502028 -685.760990 -690.162199 -694.339264 -698.399210 -700.005100 -700.293810 -700.898531 -701.539406 -699.290922 -695.877129 -692.579803 -689.191396 -688.500467 -687.557503 -686.416907 -686.174186 -686.878872 -688.537382 -690.043380 -691.555103 -691.714275 -695.912810 -701.507412 -705.806814 -707.040961 -704.635194 -702.554138 -701.793411 -699.152026 -694.104991 -689.004798 -685.186265 -679.173925 -676.834973 -674.020910 -671.830998 -674.199927 -675.885451 -677.297812 -678.946332 -684.758076 -9999.0 -9999.0 -9999.0 -9999.0 -9999.0 -9999.0 -9999.0
-700.483339 -693.955648 -685.700442 -684.941810 -691.910157 -694.285117 -695.682310 -696.367222 -698.663617 -702.898167 -705.238861 -708.025817 -708.964907 -709.212146 -709.626007 -707.970170 -703.390011 -699.706393 -697.743130 -697.070001 -696.285660 -696.423590 -696.841573 -697.017545 -698.472515 -700.053973 -701.576138 -702.094701 -701.489347 -705.241322 -707.670944 -709.299738 -710.064857 -709.056589 -708.243793 -707.390345 -702.734756 -699.121305 -695.519100 -688.302080 -681.628488 -678.870172 -680.438276 -683.278603 -684.692784 -687.276734 -691.536239 -695.874559 -699.515503 -701.844584 -703.437800 -705.474555 -702.363490 -700.087412 -695.532326
-709.462350 -702.990935 -694.622954 -694.243521 -700.910473 -705.574946 -707.401410 -707.105147 -705.630255 -707.441640 -709.954626 -712.308830 -708.577584 -708.429025 -708.248021 -706.961148 -705.330189 -704.767729 -703.685243 -701.387348 -696.813150 -695.870189 -695.853830 -695.839278 -696.797956 -698.398134 -699.063243 -700.328450 -703.204726 -703.353238 -702.909066 -702.934177 -699.877965 -699.269122 -698.646088 -703.383962 -702.072260 -699.221674 -696.128311 -692.757585 -689.200437 -686.430726 -688.396817 -688.649168 -692.681070 -699.401854 -704.077121 -706.907265 -706.484172 -706.533038 -709.367600 -715.293866 -711.562063 -703.615133 -702.107868
-709.771146 -708.707210 -704.597442 -704.267112 -707.603674 -706.953666 -705.931741 -704.957533 -705.975914 -707.955040 -709.233770 -702.213043 -697.500479 -697.272007 -695.993788 -694.294137 -695.335657 -703.286384 -705.371757 -700.686263 -694.979615 -691.857804 -692.280435 -692.527377 -693.373700 -693.878907 -693.987322 -695.429639 -694.425966 -692.739883 -692.285251 -689.033172 -685.624058 -683.913412 -689.950213 -696.007852 -696.140643 -691.754287 -687.417560 -683.370852 -676.469776 -668.427884 -669.456777 -673.008660 -677.876826 -684.968359 -697.264527 -706.964963 -710.941713 -712.844877 -715.353151 -715.086651 -715.719236 -710.138442 -709.535600
-714.352688 -709.991288 -699.985913 -696.194569 -700.508735 -704.233146 -706.508251 -706.215688 -706.333483 -704.625889 -696.872252 -689.234750 -680.043796 -679.086359 -677.757895 -677.994136 -684.849370 -691.633658 -695.033295 -685.075345 -675.086296 -669.865029 -669.500654 -668.867243 -662.356051 -664.245115 -666.500579 -670.783784 -668.889383 -666.542044 -657.709113 -652.562796 -647.872242 -649.458258 -658.047989 -665.736557 -667.349852 -666.607662 -666.140737 -662.449068 -654.853423 -646.888662 -650.543898 -655.998419 -663.071347 -682.344901 -699.137482 -707.647722 -704.760564 -702.883185 -704.368239 -705.150735 -706.473995 -710.562018 -710.313611
-696.461211 -686.015322 -675.884948 -665.574844 -670.174757 -676.114633 -683.890261 -683.701486 -681.426882 -676.263551 -667.707861 -654.730808 -636.908079 -634.225220 -631.122962 -627.242931 -635.447457 -644.469216 -653.784521 -642.568002 -635.595115 -628.425639 -625.377843 -615.224705 -606.591500 -611.268135 -618.948049 -626.568459 -621.330727 -609.109506 -596.730779 -591.926286 -589.613396 -588.740495 -596.735227 -600.875303 -603.620758 -603.869163 -607.763548 -605.977235 -595.978998 -582.029514 -581.284452 -591.500706 -611.046633 -639.278591 -665.182187 -680.683565 -677.092279 -680.573123 -683.536160 -685.596638 -693.682674 -699.894861 -699.040873
-670.469369 -658.638880 -646.392253 -632.980600 -635.677489 -644.672395 -653.573512 -653.290389 -646.984517 -640.726228 -626.648551 -607.102430 -586.264684 -575.096937 -567.903769 -560.063407 -566.028342 -573.646537 -581.539351 -577.999526 -566.600330 -555.765846 -545.143202 -534.000601 -523.032198 -528.241451 -536.629888 -538.496038 -535.192817 -520.853282 -508.287498 -503.703655 -501.342149 -496.502808 -500.924995 -508.041843 -516.081974 -523.947251 -530.856324 -535.540193 -522.191841 -508.849946 -510.145285 -531.699562 -552.781889 -581.219338 -611.213435 -638.888722 -643.965628 -643.866537 -644.956051 -656.509446 -667.021667 -680.055645 -687.005562
-613.923841 -587.935535 -569.690145 -553.133531 -548.063979 -560.920602 -564.410377 -560.202481 -550.814411 -546.708227 -536.545281 -511.932219 -480.383714 -456.223052 -434.524566 -431.313627 -441.000445 -450.257959 -463.916785 -470.830090 -459.291910 -448.210334 -437.121174 -425.855248 -414.450412 -406.162633 -406.148245 -405.988865 -403.976760 -401.637947 -396.907856 -390.765745 -384.211321 -376.906801 -374.123829 -381.986148 -390.658930 -400.778091 -410.239182 -413.076714 -415.365683 -409.532709 -409.334222 -426.123330 -449.987485 -476.091221 -507.535701 -535.051201 -554.800661 -553.988265 -566.544395 -581.233635 -600.348338 -630.900771 -646.339336
-536.842231 -505.383391 -480.174969 -466.105239 -451.946993 -452.350794 -450.262992 -448.329734 -443.867084 -439.833614 -433.429318 -404.003337 -371.665327 -342.597605 -319.852947 -311.836019 -321.376414 -331.294592 -342.227451 -352.138155 -352.967687 -341.426783 -326.440910 -311.208761 -300.682088 -296.300297 -297.304205 -296.980574 -295.959873 -293.282869 -291.480215 -287.293168 -280.671198 -270.082366 -257.339234 -259.831475 -275.617448 -289.113667 -304.885326 -311.630873 -313.959026 -318.062183 -317.510624 -317.458343 -339.051176 -362.045183 -390.052440 -420.511198 -442.246935 -460.573303 -476.693052 -493.464976 -529.800025 -564.547905 -593.357004
-442.001072 -408.834125 -381.550849 -356.888872 -342.956740 -338.528789 -337.707598 -335.871014 -330.491025 -325.280158 -317.218419 -299.673798 -267.984574 -235.312319 -208.973109 -203.741279 -210.897235 -220.887295 -232.131287 -240.423062 -243.589683 -239.363364 -231.595442 -218.911168 -207.381615 -195.847562 -194.916554 -194.408776 -194.940938 -193.259264 -191.826526 -191.112910 -186.052681 -176.640117 -167.685558 -165.235498 -174.309220 -189.846546 -207.058359 -216.250431 -223.463738 -228.695825 -228.817292 -227.512603 -227.586525 -245.893284 -275.600661 -315.261692 -343.794375 -364.890748 -375.736613 -387.277320 -399.175620 -435.257791 -455.111040
-336.467947 -317.225328 -291.181432 -263.890550 -245.265242 -236.020853 -235.282732 -232.825623 -226.737824 -219.645661 -208.186273 -193.281904 -176.963646 -154.580104 -131.824502 -114.807650 -116.469764 -125.575564 -139.377145 -141.592968 -141.853473 -141.044410 -136.641718 -132.087870 -119.798173 -106.809980 -101.842649 -101.188014 -103.371319 -101.601783 -100.817105 -100.787908 -100.973652 -98.749952 -93.615903 -91.505351 -93.984486 -105.862664 -122.720883 -137.889980 -146.929725 -151.280136 -154.294932 -154.510689 -156.030872 -164.049423 -185.689937 -215.859054 -247.664387 -270.502682 -285.277511 -295.395461 -302.337237 -309.497254 -321.787480
-241.293530 -230.937378 -210.077915 -187.464766 -164.479436 -148.627603 -143.594350 -137.460955 -133.641892 -123.395386 -108.802460 -93.973412 -84.519199 -72.674903 -56.167584 -46.861741 -41.299100 -39.762443 -39.105652 -36.898498 -36.808148 -38.222638 -37.376048 -36.619638 -36.079276 -33.043913 -32.371677 -32.267302 -32.244419 -31.624354 -31.505345 -31.113843 -31.328412 -32.801309 -32.553166 -32.388912 -32.342019 -34.616851 -41.389004 -55.557893 -65.739345 -72.136912 -78.815392 -86.759424 -95.408111 -103.625947 -115.469087 -137.090165 -166.417676 -194.125180 -205.326236 -209.942065 -213.125626 -216.124341 -227.433323
-150.552160 -140.228035 -127.959448 -111.413330 -90.304570 -75.732030 -66.978667 -59.867805 -55.695990 -45.439110 -35.179457 -33.225308 -32.924023 -32.617086 -32.312666 -32.156965 -32.056184 -31.985754 -33.943684 -33.881015 -34.874224 -40.050426 -48.576042 -47.083703 -45.814845 -43.347736 -39.943278 -41.306233 -40.434963 -37.483672 -38.652950 -43.502340 -46.532790 -47.944450 -47.737710 -40.836469 -37.895984 -37.117973 -36.383308 -36.730320 -36.653154 -36.655025 -36.698102 -36.808949 -36.989334 -41.179912 -49.020071 -67.404208 -93.198772 -121.181592 -136.883025 -143.235143 -141.087702 -143.414109 -148.213300
-64.381784 -54.823183 -44.174292 -34.602236 -33.861852 -33.424353 -33.159998 -31.772025 -29.825470 -30.138207 -33.406135 -36.953398 -41.235883 -42.084718 -43.142575 -45.290955 -44.504109 -46.294561 -49.824122 -52.689058 -57.718270 -67.405428 -78.450291 -80.081720 -75.231370 -70.605798 -66.835097 -64.469907 -61.396213 -59.474567 -63.403597 -70.382417 -76.688563 -78.550613 -72.404557 -66.998154 -62.630785 -61.987063 -63.158155 -64.608039 -63.915019 -65.594905 -64.805893 -58.941568 -47.224418 -39.635848 -39.490876 -39.565968 -40.108346 -41.061301 -60.377950 -78.412995 -76.090330 -80.006559 -90.441213
-41.423758 -41.194658 -41.094649 -43.151082 -48.444659 -53.671338 -54.086459 -50.197524 -43.482381 -41.848613 -48.282240 -55.723428 -61.827794 -67.501002 -69.011036 -70.366697 -70.964793 -70.849484 -75.665162 -81.848549 -95.152201 -106.006538 -116.743569 -122.423631 -122.825689 -116.791658 -108.103404 -100.454531 -96.120824 -100.741739 -107.032133 -116.282121 -123.818769 -123.511928 -120.364612 -111.899209 -100.326214 -97.865577 -97.248323 -101.255546 -104.288422 -109.548495 -110.917002 -104.280070 -90.505934 -77.338232 -65.990513 -59.227600 -52.833120 -47.423212 -40.680248 -40.865524 -41.155649 -41.620290 -45.923180
-49.923108 -55.745516 -61.519068 -65.837374 -71.947844 -77.318251 -78.469206 -75.316077 -71.408265 -73.642009 -79.772423 -89.075603 -98.796017 -107.480380 -111.915714 -110.789689 -108.382345 -107.501126 -112.557645 -125.201487 -140.889032 -153.170814 -166.084742 -169.501473 -173.151566 -174.695829 -163.892032 -148.876251 -143.471970 -154.646928 -163.272174 -176.095566 -183.464150 -185.670328 -183.592955 -174.117134 -156.656679 -141.122003 -140.639627 -149.417275 -158.042362 -163.090751 -165.676149 -158.912397 -141.405095 -123.755454 -111.311713 -103.500983 -98.611252 -91.261185 -82.687228 -72.907057 -62.081936 -53.170858 -43.360069
-72.147870 -79.292520 -86.249014 -92.940502 -99.116069 -104.396611 -107.797135 -109.265205 -110.264584 -115.126078 -120.961429 -129.936483 -140.307092 -150.039190 -161.297554 -163.167340 -163.827399 -160.826696 -170.508401 -180.937116 -199.287356 -213.472975 -227.872357 -235.566258 -240.712494 -245.438389 -237.475082 -220.995808 -211.623371 -226.631166 -236.773208 -250.326507 -257.072521 -260.108540 -258.567721 -248.688252 -225.691218 -207.519587 -202.050975 -210.692993 -218.671375 -223.183490 -225.015554 -221.015109 -206.147480 -187.242999 -169.359146 -157.060480 -149.666958 -142.890086 -133.745775 -121.007774 -108.958119 -97.152209 -82.723950
-101.004656 -109.040727 -117.624253 -125.683581 -134.607674 -143.639985 -148.175238 -146.548891 -151.986122 -157.200222 -166.316312 -204.664061 -218.538861 -233.496839 -245.945319 -249.094701 -253.986962 -255.514638 -263.343350 -269.767804 -280.466853 -295.348859 -311.255246 -325.247007 -329.698804 -333.509961 -337.049763 -326.777309 -321.977636 -324.688590 -332.381143 -340.434101 -344.701310 -347.198663 -343.062160 -329.374188 -315.740242 -303.661685 -298.677182 -304.576698 -301.311661 -297.906205 -299.291078 -286.462754 -273.844571 -257.370612 -237.863687 -218.071257 -208.366334 -200.806433 -191.485297 -177.777252 -163.037838 -148.105043 -128.283401
-132.515079 -143.522117 -155.042336 -167.023971 -177.691604 -188.174858 -197.688794 -195.592437 -197.833319 -203.032240 -233.696566 -273.717643 -302.096088 -317.800462 -335.895713 -343.261843 -348.891209 -365.820018 -376.078894 -383.300454 -382.327562 -393.726556 -409.967269 -423.654937 -429.772598 -433.872591 -443.076890 -445.791300 -441.645534 -432.986917 -440.096898 -444.298835 -442.326076 -444.748791 -446.456697 -437.004572 -422.315233 -413.822256 -406.117326 -399.748480 -397.497776 -394.576656 -375.282530 -363.703601 -351.124934 -332.884127 -313.067244 -292.840849 -276.569466 -266.200358 -254.298324 -237.755866 -223.233079 -204.750751 -183.513185
-173.634192 -197.183218 -213.469769 -227.178780 -240.919513 -255.425208 -273.294703 -273.118034 -277.766195 -288.408432 -327.290839 -366.070775 -395.227792 -413.677351 -434.368665 -446.581301 -464.197997 -489.735276 -505.643519 -503.938659 -497.581815 -501.004184 -514.110343 -525.602215 -533.950399 -543.297720 -555.551389 -562.941579 -556.209503 -548.535464 -546.363120 -544.961191 -541.821205 -541.384109 -542.570110 -543.962675 -534.631259 -527.105551 -518.497040 -511.009213 -504.423545 -481.961289 -461.089613 -447.719611 -430.320273 -412.526624 -392.158942 -370.896639 -353.016436 -340.138899 -324.263915 -307.252946 -288.873402 -269.645609 -246.374957
-230.628871 -255.664516 -279.695637 -298.838458 -318.995815 -349.554643 -360.916084 -365.749462 -369.785583 -395.381649 -433.056136 -469.846073 -494.046703 -514.137450 -533.844482 -553.647340 -576.451979 -597.916744 -611.769838 -606.510324 -601.437603 -595.070398 -605.191460 -614.801391 -619.842962 -629.895622 -639.447690 -648.530232 -642.633089 -636.852720 -627.074713 -625.204798 -623.258469 -619.193452 -620.562218 -621.870036 -625.735519 -618.970584 -612.114251 -603.086454 -583.367682 -562.860999 -542.746105 -525.946772 -509.098834 -490.103794 -469.161799 -448.105275 -426.766275 -410.796379 -394.886896 -376.391716 -358.223203 -340.273699 -319.319543
-318.366290 -342.079894 -362.891318 -383.218746 -411.186086 -448.840984 -473.420609 -478.560099 -502.741716 -529.170926 -563.433560 -582.069997 -596.781990 -613.560052 -628.314190 -641.738104 -658.099515 -671.220261 -683.609908 -680.870365 -674.396348 -666.707940 -672.234439 -675.125677 -676.633576 -682.812964 -689.679483 -696.958505 -695.281740 -688.319118 -680.114605 -677.706882 -674.934522 -670.920987 -671.117022 -674.739950 -679.987014 -677.129656 -670.169600 -661.429999 -647.490864 -632.086139 -616.161175 -600.992313 -583.322663 -564.032821 -544.044062 -522.128133 -499.384941 -483.385460 -463.291141 -442.057626 -424.005952 -412.558321 -397.825231
-405.867463 -427.118824 -448.316214 -469.494019 -502.902019 -538.514774 -572.597524 -597.212952 -619.497100 -639.845261 -652.580858 -663.208729 -672.987096 -681.962221 -690.902228 -699.011554 -706.761729 -715.418333 -724.987101 -721.607771 -714.993576 -708.727449 -708.445690 -709.744434 -710.609782 -713.827782 -719.764050 -726.595768 -723.477401 -717.351582 -711.494555 -708.514717 -706.531660 -703.964102 -705.843851 -710.344754 -715.311115 -712.513371 -706.342014 -700.530069 -692.874094 -682.746321 -671.495736 -659.189735 -644.785434 -628.887424 -609.886244 -589.140177 -567.528902 -546.442308 -525.904589 -505.347641 -495.224440 -485.012563 -475.677848
-509.276329 -525.536413 -545.823069 -567.150698 -593.518141 -622.883655 -643.924089 -661.988206 -677.207583 -690.630158 -699.947664 -706.211803 -708.422283 -712.588676 -718.736173 -721.835549 -726.585784 -734.153855 -733.579204 -731.006650 -724.928941 -724.151912 -724.093881 -725.453847 -725.496972 -727.440655 -733.771421 -731.905916 -729.645200 -724.592045 -721.939709 -719.860963 -718.593512 -717.733200 -718.938450 -723.611932 -723.588888 -721.729101 -716.875443 -714.126130 -709.655069 -702.170013 -696.158408 -688.236448 -677.905531 -665.668594 -650.734792 -632.901310 -611.751746 -591.186637 -573.327589 -564.045548 -554.034116 -547.116634 -550.551959
