tests/3D/Borden05m/rec/SoilPressure0000L0003.asc
ncols         160
nrows         34
xllcorner     620200.000000
yllcorner     5168000.000000
cellsize      0.500000
NODATA_value  -9999.0
[rows 0 to 24 of 34, columns 0 to 54 of 160]
-9999.0 -9999.0 -9999.0 -9999.0 -9999.0 -9999.0 -9999.0 -9999.0 -9999.0 -9999.0 -9999.0 -9999.0 -9999.0 -9999.0 -9999.0 -9999.0 -9999.0 -9999.0 -9999.0 -9999.0 -9999.0 -9999.0 -9999.0 -9999.0 -9999.0 -9999.0 -9999.0 -9999.0 -9999.0 -9999.0 -9999.0 -9999.0 -9999.0 -9999.0 -9999.0 -9999.0 -9999.0 -9999.0 -9999.0 -9999.0 -9999.0 -9999.0 -9999.0 -9999.0 -9999.0 -9999.0 -9999.0 -9999.0 -9999.0 -9999.0 -9999.0 -9999.0 -9999.0 -9999.0 -9999.0
-9999.0 -9999.0 -9999.0 -9999.0 -9999.0 -9999.0 -9999.0 -9999.0 -9999.0 -9999.0 -9999.0 -9999.0 -9999.0 -9999.0 -9999.0 -9999.0 -9999.0 -9999.0 -9999.0 -9999.0 -9999.0 -9999.0 -9999.0 -9999.0 -9999.0 -9999.0 -9999.0 -9999.0 -9999.0 -9999.0 -9999.0 -9999.0 -9999.0 -9999.0 -9999.0 -9999.0 -9999.0 -9999.0 -9999.0 -9999.0 -9999.0 -9999.0 -9999.0 -9999.0 -9999.0 -9999.0 -9999.0 -9999.0 -9999.0 -9999.0 -9999.0 -9999.0 -9999.0 -9999.0 -9999.0
-9999.0 -9999.0 -9999.0 -9999.0 -9999.0 -9999.0 -9999.0 -9999.0 -9999.0 -9999.0 -9999.0 -9999.0 -9999.0 -9999.0 -9999.0 -9999.0 -9999.0 -9999.0 -9999.0 -9999.0 -9999.0 -9999.0 -9999.0 -9999.0 -9999.0 -9999.0 -9999.0 -9999.0 -9999.0 -9999.0 -9999.0 -9999.0 -9999.0 -9999.0 -9999.0 -9999.0 -9999.0 -9999.0 -9999.0 -9999.0 -9999.0 -9999.0 -9999.0 -9999.0 -9999.0 -9999.0 -9999.0 -746.962804 -752.547484 -759.021264 -760.642595 -754.043172 -749.190698 -744.588208 -740.902825
-9999.0 -9999.0 -9999.0 -9999.0 -9999.0 -9999.0 -9999.0 -9999.0 -9999.0 -9999.0 -9999.0 -9999.0 -9999.0 -9999.0 -9999.0 -9999.0 -9999.0 -9999.0 -9999.0 -9999.0 -9999.0 -9999.0 -9999.0 -9999.0 -9999.0 -9999.0 -9999.0 -9999.0 -9999.0 -9999.0 -9999.0 -9999.0 -9999.0 -9999.0 -9999.0 -9999.0 -9999.0 -9999.0 -9999.0 -9999.0 -741.697292 -739.628405 -738.412567 -741.755678 -744.229644 -745.962269 -750.722100 -755.134548 -760.100193 -760.661665 -760.826364 -761.641977 -756.009164 -750.891104 -747.663694
-9999.0 -9999.0 -9999.0 -9999.0 -9999.0 -9999.0 -9999.0 -9999.0 -9999.0 -9999.0 -9999.0 -9999.0 -9999.0 -9999.0 -9999.0 -9999.0 -9999.0 -9999.0 -9999.0 -9999.0 -9999.0 -9999.0 -9999.0 -9999.0 -9999.0 -9999.0 -9999.0 -9999.0 -9999.0 -9999.0 -9999.0 -9999.0 -9999.0 -9999.0 -758.271510 -753.820254 -750.614564 -747.542046 -744.417338 -744.503751 -744.348525 -742.673463 -744.247917 -745.193759 -748.120503 -753.167945 -758.743688 -762.578132 -762.228268 -763.509913 -763.214511 -760.424326 -757.546028 -755.164834 -750.788782
-9999.0 -9999.0 -9999.0 -9999.0 -9999.0 -9999.0 -9999.0 -9999.0 -9999.0 -9999.0 -9999.0 -9999.0 -9999.0 -9999.0 -9999.0 -9999.0 -9999.0 -9999.0 -9999.0 -9999.0 -9999.0 -9999.0 -9999.0 -9999.0 -9999.0 -9999.0 -9999.0 -9999.0 -750.450911 -752.516209 -754.455939 -755.311556 -756.682794 -759.084954 -759.308881 -757.862248 -754.541097 -750.151501 -748.655589 -748.547959 -747.954487 -748.655012 -750.872781 -751.443585 -750.156001 -753.472672 -756.426227 -759.570314 -763.842350 -764.942449 -762.491147 -759.488256 -756.385364 -754.277455 -752.009868
-9999.0 -9999.0 -9999.0 -9999.0 -9999.0 -9999.0 -9999.0 -9999.0 -9999.0 -9999.0 -9999.0 -9999.0 -9999.0 -9999.0 -9999.0 -9999.0 -9999.0 -9999.0 -9999.0 -9999.0 -9999.0 -9999.0 -9999.0 -753.803292 -752.569002 -751.825266 -750.695250 -751.560901 -754.434181 -757.039281 -758.743747 -760.192463 -762.269244 -762.811165 -762.535271 -760.784426 -758.702376 -754.218853 -754.641121 -754.872957 -751.671568 -752.288099 -750.992439 -749.256179 -749.913555 -750.312388 -754.833753 -758.383826 -755.813053 -754.230994 -753.612727 -753.258766 -750.879651 -747.425286 -742.926598
-9999.0 -9999.0 -9999.0 -9999.0 -9999.0 -9999.0 -9999.0 -9999.0 -9999.0 -9999.0 -9999.0 -9999.0 -9999.0 -9999.0 -9999.0 -9999.0 -9999.0 -9999.0 -9999.0 -754.196432 -754.954983 -756.148319 -756.321639 -758.623229 -759.743448 -758.983209 -757.680714 -758.675275 -760.692249 -762.713920 -763.322088 -763.813752 -764.421709 -762.402823 -760.292149 -758.775414 -757.636873 -753.548534 -751.446616 -748.778846 -744.144514 -746.503038 -749.397110 -750.979895 -751.189255 -751.404515 -748.596470 -747.452141 -746.305317 -744.963029 -743.492533 -741.736742 -739.542937 -733.203061 -725.488475
-9999.0 -9999.0 -9999.0 -9999.0 -9999.0 -9999.0 -9999.0 -9999.0 -9999.0 -9999.0 -9999.0 -9999.0 -9999.0 -9999.0 -9999.0 -9999.0 -755.166670 -755.915254 -757.418704 -758.833617 -760.405832 -761.016791 -760.564464 -762.773883 -763.672539 -763.320854 -763.948387 -763.028161 -762.190583 -761.317841 -761.130727 -762.680660 -762.386345 -762.002886 -761.236481 -759.202202 -754.614568 -749.835050 -747.085625 -743.259614 -738.236761 -739.801445 -741.230308 -741.397415 -741.894116 -738.814461 -730.965951 -729.183925 -728.364833 -719.060593 -712.532832 -710.768248 -708.217673 -699.257579 -685.506755
-9999.0 -9999.0 -9999.0 -9999.0 -9999.0 -9999.0 -9999.0 -9999.0 -9999.0 -9999.0 -9999.0 -9999.0 -9999.0 -758.311434 -758.643393 -758.447330 -760.254105 -762.555690 -764.257784 -765.847630 -764.175550 -765.995741 -766.678019 -766.629390 -765.069197 -764.873314 -764.391618 -762.890435 -762.845531 -763.252630 -763.683847 -764.342448 -762.104686 -759.533008 -757.054652 -752.929356 -748.465196 -743.586792 -737.613798 -733.876259 -728.963627 -728.056419 -730.258866 -730.419237 -726.781181 -717.400629 -707.508985 -700.009873 -686.002514 -670.744751 -661.138931 -651.681829 -645.579892 -637.672897 -623.390806
-9999.0 -9999.0 -9999.0 -9999.0 -9999.0 -9999.0 -9999.0 -9999.0 -9999.0 -9999.0 -764.264670 -763.812477 -766.706023 -769.663008 -771.202593 -770.268233 -769.383165 -770.745515 -770.686055 -766.801218 -764.486233 -767.644734 -765.387436 -765.324278 -766.674511 -766.079618 -764.628452 -763.496077 -760.369312 -759.399655 -758.204084 -753.247059 -750.467119 -747.549699 -743.908622 -739.294491 -733.247628 -721.311136 -709.178846 -702.656869 -688.149318 -678.167277 -681.223767 -681.676743 -677.433661 -665.090257 -647.288909 -625.845763 -607.911030 -585.711620 -567.382961 -555.759756 -547.410586 -537.421956 -525.621840
-9999.0 -9999.0 -9999.0 -9999.0 -9999.0 -9999.0 -9999.0 -9999.0 -771.328998 -769.858887 -768.659879 -771.313394 -775.210830 -779.779221 -778.098642 -775.803019 -774.042453 -772.143468 -770.939846 -769.471872 -769.033051 -767.459164 -764.696294 -764.724430 -764.254972 -762.320793 -761.262677 -758.374590 -754.349380 -752.735369 -748.693623 -743.336203 -738.143124 -733.145929 -727.366772 -720.895895 -706.741334 -687.507268 -666.737847 -648.654995 -627.866634 -607.051263 -607.316050 -605.034604 -602.114360 -580.313026 -554.224034 -527.581197 -501.957742 -475.905000 -449.598199 -436.171865 -428.189390 -418.340561 -406.138061
-9999.0 -9999.0 -9999.0 -9999.0 -9999.0 -9999.0 -775.297482 -769.603550 -767.437994 -773.510238 -778.959168 -782.502220 -786.781158 -782.349753 -777.053789 -774.921995 -773.280756 -771.780466 -771.384172 -772.151177 -763.757857 -764.198286 -764.170374 -760.922018 -760.197580 -759.082395 -756.339074 -750.855615 -745.448941 -734.471942 -723.155222 -711.627112 -698.972905 -688.717019 -678.240987 -665.961677 -643.617885 -615.340022 -586.102993 -560.919114 -537.659365 -513.126658 -504.836582 -500.428683 -493.409087 -479.166122 -454.045679 -427.950701 -397.290515 -368.363969 -346.900096 -337.671229 -329.810349 -321.015162 -310.528663
-9999.0 -9999.0 -9999.0 -9999.0 -772.552581 -770.928625 -771.357871 -766.571728 -763.705258 -770.679955 -770.674635 -773.486065 -777.283392 -780.771740 -783.709267 -780.767623 -778.703302 -777.215536 -775.922206 -766.321596 -757.490437 -757.994154 -752.714982 -744.599599 -743.161016 -740.641684 -737.698147 -730.631330 -718.691028 -702.153113 -674.137232 -646.479613 -627.271006 -609.751381 -594.219802 -575.657843 -550.101299 -519.324394 -488.324926 -458.300465 -431.874078 -411.573485 -399.207659 -393.521436 -384.591629 -372.991826 -356.898190 -334.160844 -309.088953 -281.260957 -258.680277 -245.059742 -238.372705 -230.095674 -220.611905
-9999.0 -9999.0 -9999.0 -777.189843 -771.365688 -768.119580 -768.785106 -767.045766 -763.431947 -767.125858 -769.163570 -770.773181 -772.005354 -772.678343 -772.813786 -770.885725 -770.408453 -771.387085 -769.183948 -761.042003 -753.528606 -744.995816 -736.528228 -725.848843 -717.097530 -711.449241 -705.041762 -692.963032 -669.428589 -642.163417 -603.387319 -559.447000 -527.567235 -506.747576 -491.609401 -471.445556 -453.394906 -425.954748 -396.811417 -368.904926 -341.756236 -320.263311 -302.838728 -297.114235 -291.518937 -284.371037 -268.930685 -250.677320 -232.705237 -208.790273 -184.474486 -166.142636 -155.822562 -149.082428 -136.360539
-9999.0 -9999.0 -779.048567 -774.881004 -774.096149 -768.407103 -763.209327 -764.012982 -759.456887 -758.051168 -762.165640 -760.215536 -758.631917 -760.133969 -757.432757 -754.332957 -753.563284 -757.069560 -758.118755 -747.528690 -728.827151 -709.092746 -692.013998 -657.706324 -635.727001 -621.304996 -613.625392 -595.378600 -570.862119 -532.737726 -490.300065 -449.220452 -415.599030 -389.304910 -378.971109 -366.703002 -348.825272 -332.905105 -307.099970 -281.228465 -256.548683 -234.643292 -215.459697 -207.551504 -204.010490 -191.692943 -173.557271 -154.680064 -136.568813 -119.751257 -103.206619 -102.431034 -102.121989 -101.872477 -101.594417
-9999.0 -9999.0 -783.440344 -777.045575 -776.484639 -766.873413 -758.360567 -760.772661 -757.859656 -751.652931 -752.355415 -750.145317 -747.088188 -742.764856 -736.802568 -728.914114 -731.095394 -732.817997 -736.858394 -714.324916 -685.896749 -643.800923 -583.715946 -536.707159 -505.673439 -501.964598 -499.170892 -484.988102 -463.814273 -425.168756 -379.882532 -337.193516 -299.781334 -275.053664 -263.832990 -252.900821 -237.988536 -223.781468 -210.101687 -181.508611 -164.695145 -146.586186 -127.098191 -110.712854 -104.679430 -104.347829 -104.379788 -103.925956 -103.558607 -103.288333 -103.443694 -106.454912 -107.175629 -106.555205 -105.439750
-9999.0 -792.361657 -785.142123 -780.349153 -772.724073 -769.163451 -759.475979 -749.563119 -747.264937 -743.124202 -740.172819 -737.458599 -715.286904 -693.111674 -680.763174 -662.951148 -667.166307 -670.974635 -677.664970 -653.463472 -613.830338 -536.740992 -432.961505 -388.123855 -366.965843 -366.251557 -371.213458 -358.626593 -335.228125 -301.595964 -252.440425 -219.913888 -184.337893 -157.804712 -149.496874 -147.715394 -135.604900 -120.834925 -105.292357 -102.486795 -101.883825 -101.340147 -105.477804 -105.139821 -104.835304 -104.569956 -107.350117 -113.005209 -120.143720 -125.165699 -128.788839 -133.119812 -130.581558 -127.214004 -125.691208
-9999.0 -802.248562 -786.838994 -776.602252 -773.512435 -770.021013 -753.482407 -734.158366 -732.807141 -729.230814 -721.780645 -698.927883 -648.087074 -598.898015 -568.986332 -535.730787 -539.905407 -553.003556 -554.022755 -525.220754 -478.360741 -414.315644 -309.660524 -239.993996 -238.971668 -230.719137 -223.211733 -203.324330 -178.508863 -157.393700 -140.675104 -119.969632 -116.857115 -116.056459 -115.488006 -114.986918 -114.453603 -114.022179 -116.986162 -120.126987 -124.239494 -123.866852 -120.255078 -120.260644 -122.516411 -124.897953 -129.887560 -137.120467 -142.566950 -146.926173 -149.538833 -152.454111 -153.484511 -152.485433 -155.764183
-9999.0 -800.163648 -782.292969 -777.936769 -776.676743 -759.124206 -747.316325 -728.566903 -707.859479 -697.279689 -668.577830 -602.757651 -522.625288 -449.695384 -410.309545 -390.974390 -380.126375 -385.103168 -370.134516 -334.521438 -285.515267 -229.540091 -188.768551 -140.891152 -134.643673 -133.995580 -133.916113 -132.998601 -132.112948 -131.482479 -130.888871 -132.053521 -127.188285 -124.688350 -125.432712 -127.755717 -131.754448 -138.840370 -143.420386 -146.005775 -148.913786 -148.615250 -145.429835 -144.663868 -146.663860 -150.053239 -154.211261 -159.617388 -165.228125 -171.296848 -174.546862 -177.900742 -179.553370 -183.144132 -187.282380
-9999.0 -830.591826 -800.915997 -798.971368 -769.407155 -748.547610 -739.921099 -710.199015 -657.954600 -626.723629 -547.454963 -460.700245 -382.692059 -328.588345 -290.324404 -252.777562 -229.828543 -208.863227 -184.673037 -168.562448 -142.257748 -128.773942 -127.682700 -126.872323 -134.477411 -133.854915 -140.411085 -157.906824 -167.445882 -173.531667 -171.373230 -163.900065 -157.624251 -151.458258 -152.978343 -152.516366 -153.026389 -156.317305 -159.354206 -166.551519 -173.438288 -178.025982 -178.371950 -172.535148 -177.139991 -180.396687 -185.506830 -192.371158 -199.902002 -206.879185 -213.436468 -219.341711 -221.653300 -226.595562 -227.347510
-9999.0 -870.930923 -833.451866 -800.730032 -767.736693 -748.054822 -729.562683 -692.608265 -590.309112 -510.253152 -435.929357 -394.445071 -333.579839 -270.546394 -211.276946 -181.494253 -168.304560 -167.538225 -167.243345 -172.836559 -200.538437 -208.567099 -195.917262 -175.761990 -167.996124 -165.039779 -173.780726 -184.947415 -191.381764 -191.903977 -192.057845 -191.176132 -190.664856 -191.330495 -193.984814 -192.513159 -188.320006 -193.047815 -199.512801 -205.941500 -211.811798 -218.766728 -223.352850 -225.256542 -226.990034 -226.958388 -233.340869 -242.460362 -251.600327 -258.535351 -265.378242 -270.637299 -271.937280 -275.583044 -280.625255
-9999.0 -926.958194 -849.579498 -813.194583 -781.017932 -764.264890 -750.383243 -723.907677 -672.443774 -525.624862 -370.135520 -351.032233 -329.633849 -293.555889 -236.627774 -187.199447 -183.624447 -216.260071 -244.459377 -262.698245 -266.961068 -261.791212 -249.440539 -229.998136 -215.587396 -208.007994 -208.841855 -217.406966 -230.125435 -236.740121 -239.773940 -246.128309 -250.910112 -250.646159 -251.980833 -246.754731 -242.865748 -251.042065 -262.104689 -275.386501 -287.180060 -295.948322 -298.832304 -297.973486 -298.071824 -300.314777 -306.660700 -315.493906 -326.325420 -335.878446 -342.996227 -347.691147 -352.494516 -359.545215 -367.796930
-9999.0 -9999.0 -890.663022 -832.636355 -801.797890 -780.788080 -765.022804 -742.117180 -713.377635 -629.601290 -536.881253 -464.271794 -424.028512 -388.676235 -337.422731 -294.522475 -289.384976 -287.165723 -317.540509 -324.459727 -325.875054 -324.475016 -316.133452 -304.061601 -291.744259 -283.632481 -279.038165 -280.901388 -289.891847 -303.700568 -318.864392 -330.001286 -336.729499 -341.140070 -333.733845 -323.098700 -323.449985 -329.034761 -339.269837 -353.196054 -365.253822 -377.325616 -380.444808 -379.107001 -378.622561 -380.930653 -385.582203 -396.891441 -408.346265 -419.746486 -424.610010 -429.312680 -434.189681 -443.467160 -453.128498
-9999.0 -9999.0 -958.009584 -875.619693 -822.672692 -791.419209 -777.884518 -762.476619 -735.980846 -713.261982 -683.873743 -642.463053 -597.488940 -554.665981 -513.971778 -465.040894 -445.389998 -438.743692 -441.811897 -437.992503 -425.313011 -412.854985 -403.407079 -392.332955 -380.476918 -370.346810 -362.021736 -370.934580 -380.932740 -395.805060 -413.543214 -431.982430 -441.349955 -446.325789 -440.994541 -432.607638 -435.837846 -444.479896 -457.003325 -472.096925 -484.009445 -495.637314 -498.992362 -499.749226 -499.451288 -501.334069 -504.180982 -513.161692 -524.304586 -532.006983 -538.105636 -543.522896 -546.070799 -552.757911 -561.164492
