tests/3D/Borden05m/rec/SoilPressure0000L0019.asc
ncols         160
nrows         34
xllcorner     620200.000000
yllcorner     5168000.000000
cellsize      0.500000
NODATA_value  -9999.0
[rows 0 to 24 of 34, columns 0 to 54 of 160]
-9999.0 -9999.0 -9999.0 -9999.0 -9999.0 -9999.0 -9999.0 -9999.0 -9999.0 -9999.0 -9999.0 -9999.0 -9999.0 -9999.0 -9999.0 -9999.0 -9999.0 -9999.0 -9999.0 -9999.0 -9999.0 -9999.0 -9999.0 -9999.0 -9999.0 -9999.0 -9999.0 -9999.0 -9999.0 -9999.0 -9999.0 -9999.0 -9999.0 -9999.0 -9999.0 -9999.0 -9999.0 -9999.0 -9999.0 -9999.0 -9999.0 -9999.0 -9999.0 -9999.0 -9999.0 -9999.0 -9999.0 -9999.0 -9999.0 -9999.0 -9999.0 -9999.0 -9999.0 -9999.0 -9999.0
-9999.0 -9999.0 -9999.0 -9999.0 -9999.0 -9999.0 -9999.0 -9999.0 -9999.0 -9999.0 -9999.0 -9999.0 -9999.0 -9999.0 -9999.0 -9999.0 -9999.0 -9999.0 -9999.0 -9999.0 -9999.0 -9999.0 -9999.0 -9999.0 -9999.0 -9999.0 -9999.0 -9999.0 -9999.0 -9999.0 -9999.0 -9999.0 -9999.0 -9999.0 -9999.0 -9999.0 -9999.0 -9999.0 -9999.0 -9999.0 -9999.0 -9999.0 -9999.0 -9999.0 -9999.0 -9999.0 -9999.0 -9999.0 -9999.0 -9999.0 -9999.0 -9999.0 -9999.0 -9999.0 -9999.0
-9999.0 -9999.0 -9999.0 -9999.0 -9999.0 -9999.0 -9999.0 -9999.0 -9999.0 -9999.0 -9999.0 -9999.0 -9999.0 -9999.0 -9999.0 -9999.0 -9999.0 -9999.0 -9999.0 -9999.0 -9999.0 -9999.0 -9999.0 -9999.0 -9999.0 -9999.0 -9999.0 -9999.0 -9999.0 -9999.0 -9999.0 -9999.0 -9999.0 -9999.0 -9999.0 -9999.0 -9999.0 -9999.0 -9999.0 -9999.0 -9999.0 -9999.0 -9999.0 -9999.0 -9999.0 -9999.0 -9999.0 1931.818134 1914.782081 1900.462455 1897.370772 1919.562897 1943.217808 1967.469470 1988.488384
-9999.0 -9999.0 -9999.0 -9999.0 -9999.0 -9999.0 -9999.0 -9999.0 -9999.0 -9999.0 -9999.0 -9999.0 -9999.0 -9999.0 -9999.0 -9999.0 -9999.0 -9999.0 -9999.0 -9999.0 -9999.0 -9999.0 -9999.0 -9999.0 -9999.0 -9999.0 -9999.0 -9999.0 -9999.0 -9999.0 -9999.0 -9999.0 -9999.0 -9999.0 -9999.0 -9999.0 -9999.0 -9999.0 -9999.0 -9999.0 1978.425516 1984.565806 1985.342588 1975.397551 1964.353121 1951.666114 1931.665609 1914.638074 1900.923733 1898.982006 1901.858249 1906.134870 1928.159701 1953.566267 1973.761310
-9999.0 -9999.0 -9999.0 -9999.0 -9999.0 -9999.0 -9999.0 -9999.0 -9999.0 -9999.0 -9999.0 -9999.0 -9999.0 -9999.0 -9999.0 -9999.0 -9999.0 -9999.0 -9999.0 -9999.0 -9999.0 -9999.0 -9999.0 -9999.0 -9999.0 -9999.0 -9999.0 -9999.0 -9999.0 -9999.0 -9999.0 -9999.0 -9999.0 -9999.0 1881.593923 1899.203071 1917.774358 1936.875164 1954.370771 1961.966911 1968.590312 1974.566763 1970.499805 1966.187298 1954.861384 1935.008548 1915.797726 1902.720507 1901.365493 1899.143561 1903.315157 1915.783377 1932.746662 1948.641392 1969.650120
-9999.0 -9999.0 -9999.0 -9999.0 -9999.0 -9999.0 -9999.0 -9999.0 -9999.0 -9999.0 -9999.0 -9999.0 -9999.0 -9999.0 -9999.0 -9999.0 -9999.0 -9999.0 -9999.0 -9999.0 -9999.0 -9999.0 -9999.0 -9999.0 -9999.0 -9999.0 -9999.0 -9999.0 1881.694766 1876.169509 1871.793179 1870.911576 1870.264840 1870.051491 1877.792694 1890.067072 1908.227780 1930.690634 1944.394740 1952.210852 1959.506660 1960.432578 1955.243335 1953.540894 1954.048952 1941.897512 1929.994079 1918.860501 1908.046191 1905.808714 1915.114577 1929.363894 1945.659425 1960.460867 1975.864578
-9999.0 -9999.0 -9999.0 -9999.0 -9999.0 -9999.0 -9999.0 -9999.0 -9999.0 -9999.0 -9999.0 -9999.0 -9999.0 -9999.0 -9999.0 -9999.0 -9999.0 -9999.0 -9999.0 -9999.0 -9999.0 -9999.0 -9999.0 1848.130537 1853.885386 1860.944209 1869.132242 1870.794093 1867.950126 1863.074970 1860.806533 1859.965148 1858.643813 1863.835442 1872.105506 1885.965855 1902.031334 1924.561893 1933.419340 1939.042570 1951.167536 1954.553890 1961.339696 1965.340985 1963.482539 1959.935670 1946.164585 1935.634961 1939.135408 1943.928066 1950.539109 1958.481620 1971.710753 1986.084676 2002.197783
-9999.0 -9999.0 -9999.0 -9999.0 -9999.0 -9999.0 -9999.0 -9999.0 -9999.0 -9999.0 -9999.0 -9999.0 -9999.0 -9999.0 -9999.0 -9999.0 -9999.0 -9999.0 -9999.0 1820.588845 1821.903196 1823.732448 1829.121087 1830.520560 1833.067594 1840.514026 1849.184553 1852.411141 1851.109851 1850.452892 1852.410764 1855.564478 1860.490244 1871.871322 1885.917691 1900.332321 1913.995429 1934.984265 1949.713107 1962.787809 1978.440492 1978.208624 1974.238949 1972.259263 1972.186549 1971.200711 1972.328832 1972.921370 1978.601764 1980.991576 1985.543807 1994.247258 2005.398117 2022.237249 2040.339536
-9999.0 -9999.0 -9999.0 -9999.0 -9999.0 -9999.0 -9999.0 -9999.0 -9999.0 -9999.0 -9999.0 -9999.0 -9999.0 -9999.0 -9999.0 -9999.0 1789.959516 1792.069737 1794.811081 1800.870770 1804.591256 1809.054850 1816.545602 1818.482411 1822.605463 1830.182318 1835.326657 1844.778699 1853.379987 1860.933363 1867.125810 1869.922011 1877.133706 1886.691250 1898.413546 1913.032890 1933.786127 1956.890476 1972.658321 1989.115402 2005.895942 2006.088936 2004.269921 2004.478592 2003.481190 2006.956296 2022.242205 2026.031210 2023.594704 2036.217068 2048.327031 2051.560450 2058.005954 2076.335982 2098.241241
-9999.0 -9999.0 -9999.0 -9999.0 -9999.0 -9999.0 -9999.0 -9999.0 -9999.0 -9999.0 -9999.0 -9999.0 -9999.0 1740.906694 1745.195378 1755.391797 1766.085805 1769.228502 1774.216120 1780.996198 1793.567233 1797.580021 1804.077368 1811.852052 1824.388566 1833.290697 1842.518585 1854.474386 1862.818890 1869.962809 1876.682922 1881.066768 1893.400685 1907.867603 1922.710794 1942.050383 1963.511166 1982.595052 2001.464929 2016.822132 2028.961167 2028.293756 2026.596790 2027.988997 2033.434348 2047.745531 2064.422176 2068.712986 2082.125512 2102.843112 2113.763783 2122.459322 2128.883842 2141.196445 2161.115119
-9999.0 -9999.0 -9999.0 -9999.0 -9999.0 -9999.0 -9999.0 -9999.0 -9999.0 -9999.0 1709.461564 1711.573935 1708.254616 1707.306924 1712.948576 1725.444011 1739.828758 1746.273795 1758.317290 1779.693397 1798.083339 1801.603929 1815.826958 1826.179592 1832.995171 1843.204477 1856.117478 1868.430656 1884.388915 1896.189988 1906.221882 1923.934076 1939.530464 1955.247277 1972.041714 1991.510576 2008.905228 2034.410374 2059.481088 2069.570430 2088.564337 2095.204282 2090.838045 2089.080405 2096.919138 2109.637477 2126.848788 2145.667883 2164.617742 2187.132589 2200.339032 2212.815074 2221.590037 2231.806374 2245.970337
-9999.0 -9999.0 -9999.0 -9999.0 -9999.0 -9999.0 -9999.0 -9999.0 1684.415290 1692.179138 1698.175356 1695.205341 1690.858563 1686.313095 1700.559532 1716.361624 1732.449294 1750.451956 1766.342130 1784.585579 1799.284283 1814.819044 1834.614603 1845.731889 1856.693927 1871.548196 1884.548819 1900.269502 1920.630962 1930.796464 1944.559704 1964.288059 1980.803402 1997.341371 2014.730012 2031.017202 2053.701379 2084.424899 2113.625346 2132.254854 2157.858397 2177.110885 2173.203485 2172.777720 2174.631839 2197.690764 2224.131446 2252.424736 2273.605448 2297.833290 2325.290346 2342.331806 2351.236914 2361.999633 2375.366147
-9999.0 -9999.0 -9999.0 -9999.0 -9999.0 -9999.0 1656.298022 1680.726335 1695.989882 1687.919452 1676.414374 1672.206774 1667.332255 1693.646981 1715.728926 1732.951837 1749.684882 1767.135558 1783.354840 1794.303489 1826.068704 1844.058655 1856.960353 1872.626069 1886.580087 1900.482745 1916.746508 1938.489963 1957.714892 1983.330909 2004.241885 2024.032171 2047.904454 2065.297203 2081.909072 2096.816093 2124.887359 2159.271921 2193.178607 2218.476171 2242.860289 2272.150348 2275.014279 2277.855848 2281.480102 2301.964472 2332.759554 2361.263443 2392.684378 2422.674152 2448.609416 2458.801320 2467.516268 2477.151095 2489.076369
-9999.0 -9999.0 -9999.0 -9999.0 1622.831833 1643.852311 1663.551346 1694.135826 1716.575697 1711.639982 1717.393950 1716.604040 1713.603503 1717.679398 1724.874178 1742.309006 1760.733714 1779.407535 1795.347144 1826.633917 1870.976608 1883.959636 1904.609201 1934.629543 1946.349973 1960.157576 1975.082244 1995.942353 2018.175325 2047.687229 2085.982680 2118.225395 2140.482665 2160.160848 2178.696645 2196.806630 2229.076426 2264.311984 2298.616726 2329.815409 2356.743983 2380.905688 2389.770048 2395.149355 2404.928243 2420.171687 2440.607546 2466.571742 2497.240710 2527.910832 2551.048828 2561.899618 2567.802264 2577.033345 2585.404932
-9999.0 -9999.0 -9999.0 1571.391997 1610.386162 1649.089540 1675.756944 1706.520840 1738.754111 1741.526933 1750.179036 1752.857002 1755.033329 1761.869886 1767.809045 1783.994433 1800.149122 1816.690237 1837.555811 1871.956284 1903.470824 1927.327432 1956.226408 1977.489894 1993.862295 2007.197533 2024.225707 2045.098573 2081.649781 2114.131616 2160.393353 2210.117525 2242.835136 2263.238882 2283.425404 2308.642700 2331.584712 2366.612022 2399.180234 2430.027602 2459.450088 2481.624654 2497.252232 2502.513368 2510.890903 2517.351230 2531.116408 2551.273896 2572.169635 2600.515823 2628.071032 2653.252602 2666.859970 2676.501916 2692.146194
-9999.0 -9999.0 1523.573683 1562.173875 1595.403065 1644.484933 1697.621803 1732.340514 1772.549982 1794.234051 1799.188340 1813.138520 1826.282801 1830.247393 1842.217884 1856.587953 1874.709921 1881.061088 1897.801548 1921.126653 1964.198201 2003.189983 2012.886253 2056.910971 2086.945425 2114.465555 2131.680101 2156.391695 2190.478895 2226.766437 2271.122959 2318.358589 2352.853425 2380.596839 2394.911991 2412.653402 2432.445129 2455.409160 2488.492671 2514.531753 2545.202394 2569.613684 2589.295325 2592.873452 2596.108449 2611.043758 2635.814200 2662.485292 2687.638288 2712.362956 2708.494174 2723.962029 2730.942994 2734.922239 2741.046630
-9999.0 -9999.0 1495.504236 1541.183396 1579.489193 1642.918954 1725.304681 1761.314714 1802.834635 1847.964044 1863.929983 1886.074595 1889.971823 1890.453606 1910.138231 1927.918306 1941.631484 1947.047483 1942.898939 1994.815719 2048.279777 2086.302925 2115.503656 2183.112232 2228.516794 2245.972888 2258.229637 2276.811532 2297.547927 2336.456084 2378.235427 2428.861677 2469.198260 2497.640341 2511.405462 2528.547227 2546.765105 2561.879603 2579.631761 2620.111816 2649.239263 2675.744592 2703.422790 2723.200845 2730.813493 2734.373800 2718.049998 2730.961199 2739.783418 2743.712089 2745.266982 2741.885786 2741.390530 2742.258111 2743.352071
-9999.0 1404.792098 1457.184747 1509.522722 1576.907670 1642.090533 1722.130972 1799.908641 1859.706702 1907.768131 1934.081035 1937.540782 1958.473554 1992.209416 2013.465105 2034.189656 2036.189787 2041.197656 2025.970265 2073.376848 2115.174017 2176.692191 2278.451987 2332.541264 2381.460208 2379.646957 2370.883834 2378.988433 2397.994777 2440.273245 2509.119594 2557.340868 2612.782125 2654.273324 2668.668761 2674.526380 2691.243352 2710.222864 2682.459479 2711.776627 2725.205030 2736.447600 2741.318269 2743.153580 2744.301141 2744.431964 2741.231350 2734.839593 2727.164647 2721.733810 2717.831182 2713.498056 2716.069765 2719.498913 2720.215948
-9999.0 1368.247279 1427.024861 1497.521570 1567.391982 1627.487868 1722.882508 1873.975692 1929.944563 1966.017630 1980.482873 1983.165804 2050.403769 2110.971708 2138.679397 2180.578739 2169.331239 2155.179327 2130.902021 2158.010998 2200.111409 2269.138882 2417.491088 2500.027968 2534.871233 2543.504075 2547.168008 2572.983014 2610.792660 2649.580989 2685.708804 2672.904078 2706.690204 2723.306748 2727.240517 2728.265351 2732.374517 2731.902978 2730.249996 2726.541323 2722.011791 2722.500581 2727.004639 2727.111728 2724.579869 2721.709034 2716.403294 2709.184750 2704.024628 2699.596586 2697.052154 2694.274677 2692.699992 2692.606292 2688.323919
-9999.0 1334.525690 1407.250790 1468.968525 1526.935712 1632.514653 1759.722554 1897.503416 1990.148678 2024.483708 2028.150470 2081.339292 2178.838134 2274.632278 2323.109137 2344.096174 2335.620148 2302.527992 2294.863298 2336.062137 2399.519976 2497.847372 2603.485635 2685.837744 2698.619611 2701.617155 2670.776375 2688.483937 2704.927397 2707.494713 2708.900454 2714.181879 2719.607771 2722.808752 2721.898362 2719.554202 2715.345448 2707.832243 2703.391342 2700.339191 2697.100933 2696.651466 2699.252554 2700.915812 2698.540128 2694.965471 2690.729451 2685.322949 2679.335587 2672.883606 2668.991516 2665.092929 2663.161824 2658.296043 2654.577405
-9999.0 1225.847812 1317.437491 1367.042927 1466.328895 1645.981149 1773.174121 1918.296841 2069.459220 2099.082089 2159.713118 2282.698513 2388.800626 2461.054567 2493.727487 2529.100809 2553.660423 2571.842429 2604.810686 2531.941481 2594.429630 2663.993965 2694.433011 2708.088302 2712.594220 2713.571237 2705.307883 2686.086401 2676.206954 2670.122617 2672.346038 2680.102112 2685.701641 2691.319887 2689.629080 2690.820674 2691.689821 2688.728286 2685.291982 2677.307744 2669.991972 2664.193722 2662.082328 2667.322996 2662.833447 2660.302462 2654.577408 2646.742942 2638.275181 2631.070328 2623.606699 2617.282859 2615.028667 2610.026111 2608.944499
-9999.0 1145.097691 1220.404670 1298.398226 1426.026499 1590.002994 1706.063873 1868.419243 2086.545820 2207.262158 2342.555579 2417.884064 2486.050787 2535.956433 2589.933947 2635.192426 2658.122171 2666.737641 2646.997815 2660.358026 2623.205661 2613.661074 2630.151273 2656.812761 2671.311579 2675.502528 2667.818331 2658.430374 2651.876119 2651.370585 2650.268363 2648.224201 2645.999946 2643.722937 2641.070609 2643.847234 2649.071546 2643.005265 2634.209845 2625.933855 2618.468163 2610.162321 2604.815181 2601.209228 2601.003361 2601.294897 2594.161168 2584.196128 2573.991354 2566.188096 2559.123083 2554.366062 2552.122685 2547.537384 2539.332111
-9999.0 1038.278186 1164.195942 1251.516144 1362.787925 1496.468522 1613.774780 1771.682761 1911.147636 2136.991695 2284.615313 2420.110217 2461.408429 2520.748325 2572.041485 2638.098856 2636.972468 2605.832994 2568.213742 2551.897912 2558.413530 2566.647481 2576.822104 2593.501610 2610.572837 2620.318438 2623.816382 2617.365335 2604.060817 2593.941915 2585.900002 2575.016481 2567.487831 2566.232644 2568.769691 2577.454503 2579.356794 2570.665998 2557.794940 2541.380444 2527.191297 2516.534432 2514.362220 2516.611656 2517.406667 2514.024883 2508.092846 2498.009137 2486.023021 2474.559357 2468.376917 2463.882416 2457.274915 2447.335046 2436.478542
-9999.0 -9999.0 1085.010612 1195.158932 1297.659255 1415.775292 1520.554644 1653.067661 1797.683587 1972.393028 2086.369165 2232.203668 2310.086335 2352.148230 2392.674276 2444.941813 2464.195601 2486.419407 2473.073073 2479.130309 2485.776618 2490.323543 2497.163435 2505.559136 2517.172107 2526.894184 2535.686838 2533.618423 2525.129716 2507.218353 2485.384001 2468.671773 2459.734008 2452.385650 2463.202264 2475.369723 2471.818209 2465.557473 2453.894138 2438.555161 2426.257402 2412.834140 2409.586925 2410.070387 2410.706649 2408.452238 2405.245106 2393.170212 2381.147411 2370.706759 2366.351830 2360.970067 2356.866360 2347.114738 2336.688018
-9999.0 -9999.0 999.191541 1106.237604 1216.020822 1336.980687 1430.636572 1481.391769 1626.003293 1735.226323 1838.232166 1938.567518 2023.368858 2085.657720 2122.343188 2181.055227 2225.730975 2240.820323 2267.182514 2304.952029 2332.577818 2363.513170 2382.540622 2393.099669 2405.916426 2419.406273 2427.605920 2414.892597 2404.408172 2388.384406 2367.141858 2343.468901 2331.585173 2329.860411 2331.270616 2335.350595 2329.406588 2320.723361 2307.033836 2292.802678 2280.747701 2270.951038 2267.495663 2263.594729 2262.222234 2259.802944 2257.702169 2251.106103 2241.746828 2235.987569 2228.353589 2223.912286 2222.385310 2217.890668 2210.967543
