tests/3D/Borden05m/rec/SoilPressure0000L0026.old.asc
ncols         160
nrows         34
xllcorner     620200.000000
yllcorner     5168000.000000
cellsize      0.500000
NODATA_value  -9999.0
[rows 0 to 24 of 34, columns 55 to 109 of 160]
-9999.0 -9999.0 -9999.0 -9999.0 -9999.0 -9999.0 -9999.0 -9999.0 -9999.0 -9999.0 -9999.0 -9999.0 -9999.0 -9999.0 -9999.0 -9999.0 -9999.0 -9999.0 -9999.0 -9999.0 -9999.0 -9999.0 -9999.0 -9999.0 -9999.0 -9999.0 -9999.0 -9999.0 -9999.0 -9999.0 -9999.0 -9999.0 -9999.0 -9999.0 -9999.0 -9999.0 -9999.0 -9999.0 -9999.0 -9999.0 -9999.0 -9999.0 -9999.0 -9999.0 -9999.0 -9999.0 -9999.0 -9999.0 -9999.0 -9999.0 -9999.0 -9999.0 -9999.0 -9999.0 -9999.0
-9999.0 -9999.0 -9999.0 -9999.0 3413.079045 3408.029852 3403.704922 3400.410422 3394.611694 3386.255246 3378.710041 3374.687176 3373.651569 3372.937790 3372.431023 3377.408529 3385.537403 3393.040984 3399.102834 3398.873598 3400.100752 3401.675838 3401.938454 3401.144258 3399.115098 3398.535282 3396.056667 3394.563643 3387.249744 3376.131149 3367.823611 3365.129910 3369.289092 3373.610001 3376.076448 3381.211752 3391.335658 3400.832686 3406.005909 3415.938315 3421.610545 3426.444593 3428.883932 3424.980810 3422.092465 3418.727320 3413.686693 3403.008650 -9999.0 -9999.0 -9999.0 -9999.0 -9999.0 -9999.0 -9999.0
3361.897888 3379.833014 3398.863890 3401.993032 3391.715531 3387.237567 3384.432188 3383.263536 3379.871482 3371.784200 3366.846008 3361.467282 3358.890165 3358.976022 3358.952630 3362.722281 3373.585564 3381.388622 3385.694488 3387.590435 3390.056620 3388.378766 3387.613710 3387.516977 3385.021931 3382.334493 3379.270022 3377.489062 3378.954344 3371.353408 3365.343270 3361.417645 3358.398513 3361.057759 3363.817024 3368.421616 3377.443621 3384.727620 3390.846970 3402.731806 3413.674612 3418.515064 3415.826286 3411.653432 3409.037288 3402.930355 3394.621718 3385.514363 3378.577367 3372.559322 3367.045863 3360.430444 3366.655864 3374.323076 3383.304609
3345.420107 3364.572038 3384.620404 3387.317873 3377.651010 3370.265470 3363.624763 3364.347643 3368.101803 3365.030840 3360.294928 3352.501950 3362.436562 3363.418474 3364.181545 3367.513518 3369.609442 3374.844604 3377.229966 3382.356346 3391.093640 3393.790857 3394.195424 3394.253866 3392.345317 3389.235944 3387.320998 3384.511957 3379.203918 3377.371422 3376.976457 3375.605631 3379.478985 3380.634080 3383.897299 3378.578886 3382.935403 3388.707354 3394.304347 3397.804217 3400.776015 3402.072341 3398.674273 3400.222288 3394.608659 3382.420979 3374.166345 3367.305632 3367.762364 3364.741025 3356.677514 3342.793273 3350.938488 3366.884804 3371.455854
3350.004621 3358.993377 3369.470807 3372.055290 3367.245557 3369.633728 3371.542735 3372.850440 3371.088160 3367.606190 3363.197061 3373.359586 3381.008615 3382.103885 3384.559540 3388.862890 3390.450342 3379.910174 3377.898955 3384.871728 3393.802759 3398.574490 3398.620201 3398.201943 3394.494059 3393.321558 3393.085912 3391.248993 3390.681438 3392.180039 3389.671448 3392.450776 3397.413468 3399.439320 3395.502707 3387.549577 3389.748321 3397.460202 3404.155388 3410.202693 3418.920007 3429.068023 3429.275529 3425.233842 3418.064298 3407.287735 3387.891981 3371.413956 3360.526063 3352.443137 3345.151854 3348.053512 3343.220811 3356.921635 3358.590180
3335.629202 3356.158648 3375.674417 3381.339792 3375.382802 3371.749089 3370.602437 3371.301033 3370.374656 3370.825371 3379.379301 3390.477584 3399.589740 3400.752026 3402.555227 3402.107185 3396.750392 3387.145484 3384.504009 3397.074853 3411.629530 3418.526218 3417.725582 3413.286425 3416.325160 3416.434489 3416.933075 3413.569093 3414.254996 3411.787888 3417.129996 3424.702086 3432.397957 3430.563528 3418.632579 3406.524020 3406.437738 3411.534110 3417.510257 3424.449192 3434.114195 3442.994789 3438.146277 3433.177062 3426.459246 3402.396299 3383.104303 3370.213295 3370.381506 3371.130356 3367.163791 3365.284488 3364.370773 3360.267680 3360.526664
3370.763937 3389.144244 3407.420886 3419.590527 3413.268526 3405.835972 3397.473079 3397.710151 3398.117903 3403.922208 3414.159382 3426.482766 3447.260591 3446.269274 3446.644942 3445.670827 3433.742507 3420.973092 3411.070913 3432.787070 3442.848868 3449.379190 3446.531250 3451.525191 3460.118158 3456.544148 3450.266761 3438.205542 3443.785750 3450.211703 3465.312440 3473.193991 3478.370939 3473.646028 3459.854534 3453.162920 3454.702380 3461.064592 3461.991360 3470.452558 3479.057771 3493.876114 3492.505489 3489.270054 3469.722842 3433.644133 3406.259152 3395.604341 3405.825913 3400.244937 3395.636301 3396.089104 3385.197445 3378.270080 3381.381389
3400.170522 3412.543778 3427.736910 3443.737614 3434.717421 3424.585200 3408.150560 3405.065173 3409.251129 3419.409442 3436.856567 3454.661862 3474.277827 3472.763997 3466.040615 3475.597977 3469.135524 3458.618221 3451.190635 3472.453308 3482.045036 3491.591321 3496.953918 3509.470205 3519.866994 3503.362611 3486.319023 3475.919965 3482.934275 3508.493904 3530.865855 3535.626631 3534.608838 3533.908953 3518.585897 3513.803017 3510.487775 3510.855619 3508.178140 3506.248405 3531.502710 3552.974088 3552.723081 3531.267480 3508.871242 3470.049313 3433.157619 3409.552690 3422.124743 3418.854937 3422.948596 3413.221537 3401.780816 3395.426844 3394.867416
3448.319802 3469.315285 3485.160427 3506.412711 3497.077329 3474.007434 3458.051779 3460.679425 3474.241026 3482.318856 3500.763296 3517.783913 3543.426494 3555.359121 3566.251316 3569.662313 3563.315662 3555.181682 3543.296790 3548.436011 3571.767759 3582.128137 3589.804332 3597.994299 3610.589461 3610.941062 3604.012720 3602.174298 3606.551300 3620.031951 3634.473680 3641.144509 3643.988882 3646.229163 3632.849137 3620.086715 3618.426411 3613.162217 3611.971539 3611.174037 3622.608828 3643.121686 3639.899517 3603.520308 3577.299955 3543.579613 3505.918611 3476.893126 3470.743821 3490.010024 3488.510270 3472.661100 3462.447282 3437.016262 3432.743839
3516.340269 3548.761593 3572.428929 3581.480072 3588.342856 3573.423979 3571.348766 3575.563781 3583.992956 3587.145371 3593.540439 3625.744671 3659.160092 3683.884133 3706.405364 3713.319724 3701.325109 3691.775929 3678.326274 3669.479234 3680.268526 3696.924767 3714.249004 3729.057489 3740.358817 3742.398563 3740.764676 3740.816267 3743.957762 3746.924482 3751.192358 3759.561020 3766.836165 3774.757368 3782.464344 3772.277931 3756.041788 3747.218151 3738.366112 3737.613955 3738.994886 3742.848612 3743.904022 3727.158214 3685.398647 3654.519618 3623.004008 3603.736084 3590.740503 3591.176735 3574.235037 3550.534170 3499.563383 3462.873460 3432.026201
3599.995964 3643.387903 3671.923565 3688.259285 3700.593729 3697.461035 3699.338757 3700.406514 3704.168603 3706.514947 3709.074491 3735.569864 3776.561130 3815.629992 3846.782350 3846.498124 3832.765107 3821.491025 3812.434197 3797.960451 3793.921230 3806.491315 3821.923486 3842.307328 3852.695529 3858.603668 3855.050040 3855.228722 3857.125414 3859.364571 3861.396976 3864.968035 3874.468764 3889.249906 3903.705759 3903.005209 3884.422445 3866.856099 3851.026712 3848.684119 3846.285709 3841.326343 3843.688703 3845.612185 3829.711190 3798.794621 3759.627341 3719.585867 3703.181379 3688.496048 3678.394889 3662.146758 3622.090654 3556.372611 3517.290179
3713.036394 3746.843303 3775.144200 3804.921144 3819.456780 3821.512563 3818.920098 3817.724282 3824.794820 3827.427109 3832.803893 3848.975391 3880.961070 3916.488030 3946.294208 3961.668338 3953.756394 3935.605203 3913.194715 3903.190241 3900.192759 3903.845011 3913.483097 3926.562244 3946.228557 3965.633584 3971.079041 3971.894056 3969.300782 3971.519858 3972.900880 3972.910160 3975.820249 3984.375575 3994.371994 3997.944545 3990.412673 3969.576331 3946.121964 3934.889653 3928.428043 3925.003468 3926.075985 3931.371504 3934.841052 3920.235219 3884.821879 3840.262234 3810.460426 3795.726890 3783.555977 3770.246950 3758.301914 3725.480369 3704.549064
3820.205181 3835.344433 3863.385750 3892.025833 3914.386330 3928.930899 3929.176430 3932.138215 3936.948269 3944.141651 3958.993365 3982.114953 4001.113659 4023.973551 4050.914624 4067.443254 4072.702984 4070.925111 4066.688680 4067.854383 4068.222593 4002.646916 4009.151846 4015.634217 4033.430002 4049.250553 4054.825456 4055.438586 4052.838647 4054.591504 4055.259493 4055.073896 4054.660892 4057.117085 4062.412484 4064.511798 4062.210634 4049.412435 4068.911849 4048.660286 4035.041458 4026.729520 4018.395582 4010.131352 4000.769475 3991.139928 3971.312958 3940.401079 3906.060572 3885.078393 3877.633941 3871.919991 3863.537325 3857.939016 3840.816214
3917.489726 3928.021409 3946.283410 3968.983114 4003.038541 4026.584373 4038.022441 4047.420772 4052.117101 4066.181379 4082.961550 4065.857806 4074.350011 4083.266751 4092.187726 4095.253994 4096.131546 4095.723759 4093.316181 4092.516013 4090.054782 4086.666442 4076.118114 4077.729578 4079.690723 4082.265926 4085.933194 4084.821349 4085.965109 4088.873165 4087.041525 4080.925224 4076.794832 4075.208672 4076.248368 4083.738493 4087.326889 4088.400106 4084.903215 4083.958212 4082.908072 4079.334310 4074.875679 4068.604995 4060.626564 4076.466671 4064.509821 4036.280423 3995.701397 3954.395277 3947.337230 3949.619773 3949.493774 3948.025013 3942.435710
4042.633387 4056.508315 4071.436596 4047.623696 4070.760656 4082.578464 4088.128157 4092.372520 4095.226786 4098.511319 4095.474200 4092.411055 4087.439112 4085.814608 4084.437885 4081.979192 4082.596667 4080.703961 4076.632723 4072.598381 4064.600375 4053.005606 4041.843167 4038.195458 4042.469367 4048.120557 4053.317131 4057.859470 4061.621721 4061.533868 4055.984696 4047.486852 4039.883079 4038.238549 4045.160598 4050.937096 4057.590123 4058.512679 4057.132185 4054.602752 4054.315796 4050.966689 4051.144546 4058.265986 4073.131743 4075.605654 4081.831312 4081.037314 4063.774560 4032.465254 4045.516175 4025.519122 4031.692126 4027.065992 4015.745624
4086.627789 4089.551654 4087.843775 4086.754873 4080.258081 4074.141232 4073.349877 4077.384083 4084.459777 4085.520654 4078.493863 4069.941730 4062.705118 4055.208741 4052.820448 4052.284456 4052.040798 4052.567709 4047.309000 4038.023230 4021.113220 4009.673387 3998.673311 3992.746494 3988.809095 3992.144988 4003.500717 4015.883032 4020.960538 4011.455747 4002.900364 3990.971582 3982.884983 3983.349996 3984.303181 3993.872467 4010.979450 4018.771863 4019.590013 4013.014684 4006.359869 3999.610666 3996.439634 4002.810272 4018.040587 4034.723653 4050.392900 4059.617917 4067.443077 4074.709728 4072.733457 4075.514338 4077.022468 4074.764795 4078.118387
4080.869846 4073.885725 4066.894293 4061.590077 4055.193029 4049.998675 4048.200286 4050.052666 4051.933474 4047.829082 4041.630601 4031.903255 4021.017218 4011.349288 4003.612174 4004.626756 4006.981615 4008.698991 4001.416212 3986.219783 3968.781472 3955.580642 3941.899225 3938.042881 3932.083047 3924.167346 3934.249891 3954.185830 3961.656453 3945.362972 3934.393029 3919.110336 3912.581494 3908.522740 3909.261949 3918.180633 3940.923292 3965.431223 3967.608276 3956.556347 3945.517306 3940.673995 3937.336100 3941.754037 3958.190375 3978.696858 3994.658476 4005.076821 4010.385452 4018.144815 4027.416780 4041.598154 4056.391184 4068.784935 4073.166584
4055.685394 4048.033392 4040.451557 4032.912075 4026.201186 4020.268596 4016.121138 4014.212787 4010.213533 4004.213223 3997.500784 3976.909355 3964.809315 3951.960054 3936.978540 3933.064656 3928.166322 3929.222770 3917.743834 3910.078979 3894.061664 3879.091125 3863.900241 3850.567845 3844.908787 3838.159533 3836.051189 3849.381481 3857.770103 3848.537829 3838.899093 3828.419613 3824.035613 3820.692685 3823.240703 3833.731310 3853.141783 3871.487114 3880.050835 3872.727728 3871.517844 3871.309459 3869.479660 3875.739990 3886.169401 3903.762221 3926.070679 3945.071545 3954.914875 3961.651242 3970.569879 3984.559658 3998.416679 4012.670151 4030.594734
4025.532621 4016.497558 4006.769548 3997.221808 3987.046665 3976.932714 3970.647000 3973.469622 3967.537372 3962.117125 3939.294544 3884.172147 3863.423059 3844.689307 3828.503196 3821.823998 3813.485078 3796.852960 3788.269985 3784.022667 3787.061724 3773.653049 3756.843907 3739.402759 3734.648061 3731.186321 3713.222665 3707.928735 3708.279372 3725.464867 3719.535513 3718.655018 3720.907734 3718.574755 3719.760022 3732.493208 3739.938793 3745.091580 3751.931070 3757.141850 3767.606494 3775.020719 3785.264237 3802.338411 3812.925318 3827.885407 3847.835368 3873.180882 3888.528839 3897.856585 3907.952774 3922.804412 3938.660159 3956.234086 3978.345197
3991.699639 3975.443590 3961.113815 3947.044146 3934.687193 3922.207391 3906.439621 3908.491230 3906.567176 3896.508290 3841.359332 3801.596818 3768.547180 3751.900535 3728.445654 3715.144791 3698.941410 3659.912227 3642.367532 3642.458675 3658.257569 3655.537393 3640.794893 3629.338143 3619.937794 3610.412759 3592.343499 3572.801288 3579.017255 3598.050592 3599.513713 3603.349075 3611.603195 3611.252771 3604.313181 3600.936986 3612.801837 3618.077911 3629.379374 3647.428217 3651.952525 3668.132208 3701.953010 3714.480875 3729.274226 3747.124379 3766.840436 3788.009789 3810.169449 3823.926109 3838.724536 3856.513932 3872.734116 3892.714808 3914.882026
3941.829062 3910.909511 3890.027984 3873.018196 3854.359024 3827.455505 3807.846663 3805.825551 3799.983017 3770.758504 3719.106277 3685.070829 3663.048308 3641.793557 3619.387011 3596.081009 3559.069019 3524.677455 3502.993295 3519.792081 3531.528743 3544.269558 3533.318067 3522.902857 3513.492869 3495.181444 3478.300738 3461.506654 3472.804889 3481.518781 3501.553419 3508.820087 3512.838629 3519.103775 3517.676248 3506.348445 3500.285280 3508.239203 3517.927294 3529.688788 3551.300800 3586.054589 3610.030845 3627.900480 3647.823497 3665.526824 3685.978119 3708.023870 3730.166712 3746.638033 3764.205124 3781.567024 3801.650549 3820.128509 3842.245746
3862.336795 3834.509341 3808.694225 3786.265068 3755.282432 3709.274508 3695.753215 3687.291415 3665.085343 3617.432936 3577.032171 3559.000459 3547.880048 3525.445964 3505.514490 3477.561959 3444.438177 3423.840734 3403.603253 3414.591393 3425.467217 3446.634081 3438.425644 3432.248921 3429.758735 3414.533276 3401.452949 3384.918910 3391.172466 3403.637875 3427.824746 3434.097329 3438.397201 3448.126275 3447.480366 3442.652815 3424.225143 3430.672179 3441.155551 3455.098547 3485.779375 3507.347164 3528.942965 3550.147207 3568.594252 3588.553950 3609.577163 3631.519101 3656.854187 3675.550324 3693.699966 3714.195472 3732.480432 3745.887093 3760.958403
3755.684483 3732.385148 3713.685615 3690.484837 3648.457724 3605.867218 3565.960462 3539.331579 3486.711303 3452.916061 3434.997954 3436.575093 3425.892834 3407.460419 3390.206804 3373.322735 3353.130033 3335.521338 3310.914789 3316.939571 3333.502887 3351.232736 3353.614490 3355.355821 3354.364893 3345.546489 3332.328039 3318.840553 3322.681628 3340.087182 3358.306692 3368.766676 3376.709930 3384.560841 3384.289527 3374.442812 3364.158538 3368.598871 3383.393016 3397.656062 3413.718542 3433.148376 3452.527409 3471.877553 3493.262684 3514.590757 3536.308739 3559.808980 3584.728840 3604.773783 3627.199032 3650.114375 3665.323286 3672.939163 3679.342501
3655.237446 3636.996559 3614.823520 3588.513394 3548.254777 3510.264471 3471.139783 3424.726576 3393.401772 3367.505624 3363.227790 3349.527724 3338.032559 3325.355577 3306.572973 3292.116209 3278.982549 3258.697562 3250.202438 3258.218266 3272.122861 3280.284345 3287.901339 3286.274088 3284.387998 3279.292629 3265.577183 3262.194820 3272.345243 3287.509787 3301.102588 3312.881631 3319.826991 3324.845153 3321.759941 3312.446665 3309.760908 3317.780364 3332.820018 3345.275902 3358.905512 3378.149919 3395.561498 3415.248652 3435.791046 3456.185707 3479.130288 3502.815255 3527.272855 3553.106078 3573.828668 3589.972378 3596.918572 3604.958338 3602.831440
3534.971206 3524.926827 3500.339363 3473.617309 3446.419322 3415.495411 3393.748551 3365.538154 3337.815308 3311.091046 3286.831140 3276.484874 3272.277671 3261.702045 3246.545495 3236.904948 3222.587540 3214.258102 3221.704005 3223.200154 3231.224606 3229.312717 3230.652120 3228.640928 3228.421842 3226.755896 3221.382948 3233.748754 3239.518028 3252.477224 3262.322701 3272.008899 3277.576439 3280.973277 3282.208694 3278.219655 3284.267211 3289.998884 3303.179863 3313.715195 3326.367760 3345.217825 3360.524364 3377.549467 3396.806838 3417.524315 3439.039054 3462.738738 3489.042901 3512.071787 3528.033571 3532.743268 3540.185582 3539.814100 3526.878189
