tests/3D/Borden05m/rec/SoilPressure0000L0009.asc
ncols         160
nrows         34
xllcorner     620200.000000
yllcorner     5168000.000000
cellsize      0.500000
NODATA_value  -9999.0
[rows 0 to 25 of 34, columns 0 to 56 of 160]
-9999.0 -9999.0 -9999.0 -9999.0 -9999.0 -9999.0 -9999.0 -9999.0 -9999.0 -9999.0 -9999.0 -9999.0 -9999.0 -9999.0 -9999.0 -9999.0 -9999.0 -9999.0 -9999.0 -9999.0 -9999.0 -9999.0 -9999.0 -9999.0 -9999.0 -9999.0 -9999.0 -9999.0 -9999.0 -9999.0 -9999.0 -9999.0 -9999.0 -9999.0 -9999.0 -9999.0 -9999.0 -9999.0 -9999.0 -9999.0 -9999.0 -9999.0 -9999.0 -9999.0 -9999.0 -9999.0 -9999.0 -9999.0 -9999.0 -9999.0 -9999.0 -9999.0 -9999.0 -9999.0 -9999.0 -9999.0 -9999.0
-9999.0 -9999.0 -9999.0 -9999.0 -9999.0 -9999.0 -9999.0 -9999.0 -9999.0 -9999.0 -9999.0 -9999.0 -9999.0 -9999.0 -9999.0 -9999.0 -9999.0 -9999.0 -9999.0 -9999.0 -9999.0 -9999.0 -9999.0 -9999.0 -9999.0 -9999.0 -9999.0 -9999.0 -9999.0 -9999.0 -9999.0 -9999.0 -9999.0 -9999.0 -9999.0 -9999.0 -9999.0 -9999.0 -9999.0 -9999.0 -9999.0 -9999.0 -9999.0 -9999.0 -9999.0 -9999.0 -9999.0 -9999.0 -9999.0 -9999.0 -9999.0 -9999.0 -9999.0 -9999.0 -9999.0 -9999.0 -9999.0
-9999.0 -9999.0 -9999.0 -9999.0 -9999.0 -9999.0 -9999.0 -9999.0 -9999.0 -9999.0 -9999.0 -9999.0 -9999.0 -9999.0 -9999.0 -9999.0 -9999.0 -9999.0 -9999.0 -9999.0 -9999.0 -9999.0 -9999.0 -9999.0 -9999.0 -9999.0 -9999.0 -9999.0 -9999.0 -9999.0 -9999.0 -9999.0 -9999.0 -9999.0 -9999.0 -9999.0 -9999.0 -9999.0 -9999.0 -9999.0 -9999.0 -9999.0 -9999.0 -9999.0 -9999.0 -9999.0 -9999.0 -70.120316 -87.747519 -104.294605 -105.477724 -81.613315 -56.990036 -32.042915 -10.393751 9.261688 29.098067
-9999.0 -9999.0 -9999.0 -9999.0 -9999.0 -9999.0 -9999.0 -9999.0 -9999.0 -9999.0 -9999.0 -9999.0 -9999.0 -9999.0 -9999.0 -9999.0 -9999.0 -9999.0 -9999.0 -9999.0 -9999.0 -9999.0 -9999.0 -9999.0 -9999.0 -9999.0 -9999.0 -9999.0 -9999.0 -9999.0 -9999.0 -9999.0 -9999.0 -9999.0 -9999.0 -9999.0 -9999.0 -9999.0 -9999.0 -9999.0 -22.224559 -16.128205 -14.416740 -25.296233 -36.836003 -49.046446 -69.347997 -87.485081 -103.147156 -105.847425 -102.720219 -96.115229 -71.920345 -46.451663 -25.894368 -7.602253 12.323992
-9999.0 -9999.0 -9999.0 -9999.0 -9999.0 -9999.0 -9999.0 -9999.0 -9999.0 -9999.0 -9999.0 -9999.0 -9999.0 -9999.0 -9999.0 -9999.0 -9999.0 -9999.0 -9999.0 -9999.0 -9999.0 -9999.0 -9999.0 -9999.0 -9999.0 -9999.0 -9999.0 -9999.0 -9999.0 -9999.0 -9999.0 -9999.0 -9999.0 -9999.0 -121.679765 -103.216928 -83.924718 -64.385114 -46.672459 -39.076000 -32.210344 -25.929690 -29.772104 -34.621866 -46.163239 -65.134755 -85.229302 -99.751224 -102.440555 -104.863309 -99.981002 -86.098168 -68.513692 -51.154963 -29.358577 -5.494429 4.269887
-9999.0 -9999.0 -9999.0 -9999.0 -9999.0 -9999.0 -9999.0 -9999.0 -9999.0 -9999.0 -9999.0 -9999.0 -9999.0 -9999.0 -9999.0 -9999.0 -9999.0 -9999.0 -9999.0 -9999.0 -9999.0 -9999.0 -9999.0 -9999.0 -9999.0 -9999.0 -9999.0 -9999.0 -121.538831 -127.312847 -132.211465 -133.296854 -134.024491 -134.430565 -126.303279 -112.824412 -93.278324 -70.575359 -56.746311 -48.742081 -41.515005 -40.307802 -44.967937 -47.154457 -47.121979 -59.077980 -71.015097 -82.134213 -92.660346 -93.715333 -83.793000 -69.448290 -52.879931 -37.562640 -21.774823 -8.616990 7.343678
-9999.0 -9999.0 -9999.0 -9999.0 -9999.0 -9999.0 -9999.0 -9999.0 -9999.0 -9999.0 -9999.0 -9999.0 -9999.0 -9999.0 -9999.0 -9999.0 -9999.0 -9999.0 -9999.0 -9999.0 -9999.0 -9999.0 -9999.0 -154.677578 -148.174091 -141.073642 -133.065074 -131.590228 -135.255204 -140.600462 -143.420269 -144.516626 -145.474676 -140.262983 -130.834896 -116.010455 -98.926913 -76.194103 -66.670808 -59.310793 -46.311002 -43.753273 -38.835477 -34.886979 -36.863635 -39.762816 -51.975981 -61.002872 -55.391003 -49.227233 -42.741387 -35.123117 -21.976370 -6.277182 11.434186 31.881918 53.215460
-9999.0 -9999.0 -9999.0 -9999.0 -9999.0 -9999.0 -9999.0 -9999.0 -9999.0 -9999.0 -9999.0 -9999.0 -9999.0 -9999.0 -9999.0 -9999.0 -9999.0 -9999.0 -9999.0 -182.433173 -181.335040 -179.926259 -174.807848 -173.092010 -170.267362 -162.596430 -153.767975 -151.052979 -152.068113 -153.228580 -151.165984 -147.901286 -142.999287 -130.635291 -115.802676 -100.625840 -85.460460 -63.670032 -48.155700 -33.662409 -17.182545 -18.404486 -22.899693 -25.236057 -25.068967 -24.794760 -19.237770 -15.947381 -10.531221 -5.105978 1.516596 10.090392 20.517010 38.439258 57.987565 77.374748 95.422369
-9999.0 -9999.0 -9999.0 -9999.0 -9999.0 -9999.0 -9999.0 -9999.0 -9999.0 -9999.0 -9999.0 -9999.0 -9999.0 -9999.0 -9999.0 -9999.0 -212.901698 -210.786051 -208.257085 -202.256505 -199.325857 -194.928032 -187.525789 -185.882447 -181.410862 -173.630420 -167.928078 -158.681783 -150.157344 -142.171860 -135.600802 -132.253159 -123.794113 -113.309119 -100.547863 -84.052846 -61.386988 -38.067037 -21.381796 -4.521157 12.264963 12.415390 10.926677 11.623342 11.957485 19.235184 36.708549 42.150389 44.529744 62.206300 75.577092 80.076268 86.427184 103.355101 125.469397 149.376818 178.539714
-9999.0 -9999.0 -9999.0 -9999.0 -9999.0 -9999.0 -9999.0 -9999.0 -9999.0 -9999.0 -9999.0 -9999.0 -9999.0 -259.565952 -255.126665 -245.459224 -236.577204 -233.918818 -229.573076 -223.325286 -210.593210 -206.542825 -199.712397 -191.436953 -179.337721 -170.121957 -160.147283 -147.601557 -138.392509 -130.493292 -122.711371 -115.497192 -101.118358 -85.058806 -68.521977 -47.775401 -25.857997 -4.762000 16.097746 30.860425 44.470459 47.249320 44.896830 45.939886 53.280408 70.398374 88.218987 98.819319 118.408293 140.255927 152.865550 164.140120 171.541138 182.148929 200.209762 232.794051 266.047182
-9999.0 -9999.0 -9999.0 -9999.0 -9999.0 -9999.0 -9999.0 -9999.0 -9999.0 -9999.0 -295.976600 -293.216603 -296.391585 -295.249617 -290.247237 -277.911296 -264.187001 -256.792075 -244.997372 -223.764125 -205.912731 -201.781112 -186.267458 -175.639842 -168.402518 -157.011325 -143.138496 -129.390693 -111.387622 -98.101056 -84.986296 -63.940527 -47.177480 -30.641248 -13.011023 6.527458 26.956736 56.159453 82.477194 95.375285 118.031105 130.579164 126.353225 125.282797 131.875431 147.622214 169.097923 193.151812 213.540560 237.615588 255.432244 267.816581 276.602593 286.960106 299.783387 328.689531 364.334043
-9999.0 -9999.0 -9999.0 -9999.0 -9999.0 -9999.0 -9999.0 -9999.0 -320.559396 -313.494616 -306.910044 -309.717952 -314.182178 -317.062841 -303.559124 -287.229222 -270.723859 -253.106097 -236.511140 -217.927108 -201.543216 -184.240313 -164.238463 -151.796602 -139.365630 -123.615726 -109.358641 -90.960085 -69.225608 -54.431200 -35.562134 -13.975116 4.999632 22.375545 39.956290 57.154420 84.123937 116.515803 146.897857 169.457936 195.152269 217.759213 216.480462 218.096239 221.034259 244.758003 272.224955 300.174396 324.966094 350.794273 377.647929 392.242757 400.549278 410.715270 423.310597 436.771728 458.997485
-9999.0 -9999.0 -9999.0 -9999.0 -9999.0 -9999.0 -347.071425 -322.467894 -307.278135 -314.774169 -322.652602 -325.596640 -328.653146 -308.734592 -286.891894 -269.519268 -252.302347 -234.408305 -217.476150 -202.081533 -166.251590 -149.219285 -133.784623 -113.744195 -99.425710 -85.142047 -67.620283 -43.983894 -21.150684 10.695497 39.218011 64.505390 89.539366 107.770561 124.647554 141.836252 171.101575 205.523393 238.865984 265.533621 289.980041 316.454369 323.298172 327.322412 333.438317 349.712542 376.734545 403.703703 434.704315 464.018927 486.854036 496.376396 504.496050 513.545379 524.464678 534.760020 546.134593
-9999.0 -9999.0 -9999.0 -9999.0 -381.506671 -360.049124 -338.770862 -307.141286 -283.820336 -288.657637 -280.867310 -279.828501 -280.622741 -277.560374 -271.261602 -252.914609 -234.755995 -216.447174 -197.264177 -159.086291 -116.837208 -100.035035 -73.399560 -41.427338 -27.782495 -13.312992 1.667655 23.947369 51.943563 85.143463 129.391277 166.192022 189.876452 210.279021 228.197119 247.925162 276.665866 309.623243 342.132110 372.823973 399.580533 421.126551 432.495428 438.110439 447.315489 460.027068 477.444132 501.163027 527.920432 556.608133 579.359938 592.145265 598.590876 607.146510 616.293410 627.005742 637.430987
-9999.0 -9999.0 -9999.0 -429.129409 -390.019315 -352.255575 -323.669817 -291.569029 -258.919547 -251.785095 -242.817380 -235.843626 -228.779221 -219.426430 -209.082437 -192.478113 -178.156093 -165.189018 -144.103616 -107.385725 -71.493476 -38.419661 -7.029649 21.829535 43.219936 57.668462 73.222180 95.587913 132.751015 168.864616 215.515743 264.066540 297.251729 318.388099 335.282759 357.179067 376.857698 406.715169 436.995689 465.857154 493.716498 515.430509 532.328234 537.914525 544.338101 551.280677 566.223252 585.037000 603.876842 629.112616 654.398308 674.770575 686.067238 693.669117 707.259470 720.705854 731.116557
-9999.0 -9999.0 -476.120124 -438.600906 -402.318083 -349.272413 -295.191116 -260.176086 -218.027368 -191.853923 -183.981229 -164.894993 -147.637739 -139.116783 -122.212256 -104.910718 -91.519464 -88.212630 -75.731709 -41.468790 10.246090 56.568479 84.571024 136.253025 166.213072 187.041830 198.744976 220.729491 249.776890 288.751439 332.539634 375.854849 409.933726 436.755766 448.311456 462.237953 480.716980 498.741390 526.732957 552.666978 579.129420 601.777655 621.105301 627.716779 631.161623 644.258104 664.376000 685.572172 705.779801 724.952965 735.407903 740.563122 742.859722 744.219597 746.239712 747.668804 748.433084
-9999.0 -9999.0 -501.041522 -456.257419 -412.048923 -340.039281 -262.186001 -222.555139 -177.949808 -132.530753 -113.030711 -89.315288 -71.366474 -54.911563 -32.119623 -9.334981 -4.585427 -2.049015 -3.948140 47.989712 102.838248 158.702983 217.534322 272.842028 308.839958 316.792182 322.468428 338.124066 359.370275 398.316555 442.705815 487.846873 526.154393 551.993329 563.968595 576.747679 592.641622 607.110936 622.001239 654.144915 674.612241 695.217771 717.143586 734.536946 741.038152 742.330370 737.438037 741.604675 744.491393 745.851039 746.204499 743.081795 742.427467 743.121169 744.230279 739.620134 733.594628
-9999.0 -588.037249 -535.562750 -480.106960 -407.553338 -335.595713 -246.631195 -163.258686 -111.214845 -68.081305 -40.045819 -22.466011 26.951915 72.287257 96.023118 122.344233 119.367579 117.110498 106.273879 145.578594 193.680541 270.960591 375.436244 423.275202 452.793330 452.769002 446.660867 457.923418 480.042797 516.283045 571.311056 608.520279 650.024901 680.982903 691.093353 694.082488 707.560969 723.580886 726.203463 736.912935 741.334712 745.064656 743.610287 744.392310 744.946339 745.170189 742.263628 736.387820 729.088564 723.944145 720.237410 715.905760 718.454533 721.841542 723.125762 716.709911 709.465139
-9999.0 -622.010601 -560.812896 -486.614396 -412.067370 -331.732759 -216.177894 -83.857134 -36.011707 -2.325839 24.176959 63.260377 143.074305 204.208568 235.791277 272.778222 266.507794 252.776394 244.842864 273.873909 320.006079 385.941960 503.833996 577.374051 588.479719 596.838084 603.190479 624.843544 653.543012 679.890172 702.383143 713.086951 725.341191 730.846809 732.410789 733.062407 734.657924 734.816536 732.240804 728.928404 724.688904 725.094134 728.970619 728.997611 726.658752 724.130893 719.046929 711.818673 706.458715 702.080034 699.488780 696.615848 695.424832 696.100487 692.525797 687.412292 679.144385
-9999.0 -646.179173 -575.881823 -508.269860 -431.547094 -302.947719 -177.289621 -46.233486 41.750131 76.137747 115.206383 192.437539 281.925905 362.570790 404.896257 424.800601 429.917484 416.549068 424.793055 462.119540 515.479357 584.085945 644.212319 702.318374 710.495842 711.833121 702.682227 708.601495 714.122678 715.319076 716.146586 716.898528 721.926090 724.629713 723.831441 721.498873 717.435109 710.219991 705.680640 702.955858 699.949072 700.024410 703.035791 704.069740 701.958075 698.514029 694.333750 688.929670 683.211602 677.031823 673.592860 670.079015 668.346518 664.379302 660.371453 655.165940 643.086695
-9999.0 -734.184113 -648.338723 -583.857029 -445.881456 -276.729804 -149.641226 4.366434 135.888440 177.324027 258.064241 357.219475 444.012669 503.610533 540.236859 577.137421 600.558416 620.684506 647.486446 637.055341 674.151568 704.323328 714.148853 718.768329 714.760721 715.479188 708.406579 690.390082 680.744371 674.653262 676.826846 684.381592 690.453467 696.454098 694.881227 695.559702 695.460518 692.267975 689.113838 681.684715 674.671858 669.724452 668.853456 674.514521 669.945428 666.906710 661.614806 654.465052 646.674888 639.637376 632.813990 626.787968 624.498852 619.544651 618.701104 612.014171 587.002311
-9999.0 -817.660618 -734.920035 -627.183205 -472.013825 -304.925007 -155.489791 15.526552 201.117363 298.749802 392.536676 444.443216 507.598811 566.753504 624.463405 658.800966 674.869188 677.958920 672.269840 672.321266 641.789532 633.315511 647.079891 669.161349 678.925329 682.242631 673.810829 663.169537 656.695414 656.175254 655.736520 655.744364 655.439041 654.292435 651.638539 653.500152 658.002210 652.876398 645.723690 638.756145 632.415666 625.060814 620.250501 617.842415 616.567779 616.679978 610.074162 600.699211 591.229493 584.032246 577.122165 572.013429 570.435112 566.513186 560.533310 550.300195 524.652624
-9999.0 -910.051234 -787.396172 -679.938900 -540.656514 -396.639004 -256.310875 -86.088223 68.200776 266.517374 421.555080 475.620951 503.018431 546.068646 601.344032 655.670559 657.815285 625.596655 594.588965 576.912772 575.853446 581.932960 593.624589 612.236495 627.435157 635.655844 636.109599 628.170732 615.272950 607.610073 603.081020 595.374179 589.772244 589.584348 589.406053 595.667541 598.966850 590.633984 579.021181 564.803312 552.292511 542.957690 540.285633 541.561830 541.732268 539.150040 532.923587 523.708506 512.516930 502.379577 495.529210 490.885790 485.536141 477.614568 468.585641 458.233725 434.444958
-9999.0 -9999.0 -860.769528 -741.539480 -621.698554 -489.421687 -357.571860 -199.644208 -45.902400 134.015312 243.370608 339.446820 391.327430 428.865332 477.037039 522.742051 532.081535 540.250631 514.926631 511.857628 512.833490 515.164251 523.055053 534.029443 546.135933 554.725824 560.569339 558.639997 549.790117 534.744905 517.575650 504.761218 497.362907 492.069375 500.500515 511.604363 510.299589 504.504461 493.826177 479.462281 467.310361 454.808154 451.639373 452.723455 453.253657 450.955246 446.719117 435.147127 423.475493 412.307058 407.560187 402.621603 397.934944 388.445714 378.459543 367.067478 346.065929
-9999.0 -9999.0 -948.189235 -828.359722 -700.762300 -570.729122 -458.940553 -349.975525 -189.291812 -69.558392 27.130148 111.376599 178.182217 230.281033 271.149398 323.679002 351.016054 360.262765 365.969024 379.922280 397.117530 415.135223 427.471847 438.418631 450.583181 461.729730 470.026280 459.958752 449.781656 434.513011 415.655809 395.561578 385.375790 381.329461 385.513580 392.652537 388.594579 379.876644 366.897411 351.903900 339.792552 328.546970 325.088061 323.367323 323.157712 321.077316 318.386923 309.951939 299.091692 291.743809 284.984899 279.669030 277.292123 270.986560 262.634558 257.245621 241.238610
-9999.0 -9999.0 -9999.0 -905.635119 -799.466035 -708.598138 -607.530879 -527.794917 -429.127444 -314.417959 -211.500497 -113.099800 -51.469170 -2.455749 45.132784 91.096788 123.503373 142.176965 158.461490 205.498122 233.016161 267.433462 297.405319 311.472411 325.191914 339.524966 343.056352 334.517404 325.707895 311.365574 290.205657 269.052322 258.377531 260.798289 260.801132 262.600147 257.615798 253.684440 243.757937 232.194079 220.194310 212.253237 208.780828 204.681327 201.862873 198.603583 195.522395 190.199712 182.794741 174.897909 169.161087 167.028855 164.260081 160.430025 154.607595 148.121946 138.587609
