tests/3D/Borden05m/rec/SoilPressure0000L0018.asc
ncols         160
nrows         34
xllcorner     620200.000000
yllcorner     5168000.000000
cellsize      0.500000
NODATA_value  -9999.0
[rows 0 to 24 of 34, columns 55 to 109 of 160]
-9999.0 -9999.0 -9999.0 -9999.0 -9999.0 -9999.0 -9999.0 -9999.0 -9999.0 -9999.0 -9999.0 -9999.0 -9999.0 -9999.0 -9999.0 -9999.0 -9999.0 -9999.0 -9999.0 -9999.0 -9999.0 -9999.0 -9999.0 -9999.0 -9999.0 -9999.0 -9999.0 -9999.0 -9999.0 -9999.0 -9999.0 -9999.0 -9999.0 -9999.0 -9999.0 -9999.0 -9999.0 -9999.0 -9999.0 -9999.0 -9999.0 -9999.0 -9999.0 -9999.0 -9999.0 -9999.0 -9999.0 -9999.0 -9999.0 -9999.0 -9999.0 -9999.0 -9999.0 -9999.0 -9999.0
-9999.0 -9999.0 -9999.0 -9999.0 1866.439770 1861.261212 1856.477801 1851.973899 1843.419535 1834.345828 1826.317898 1822.416850 1821.554276 1820.894110 1820.561228 1825.811141 1833.985608 1841.768789 1848.968637 1851.525081 1854.054597 1856.249925 1856.722498 1855.592915 1852.407500 1849.125737 1845.748538 1844.169915 1836.375111 1825.103859 1816.501665 1813.789878 1818.139815 1822.597427 1825.131277 1830.780720 1841.438477 1852.222177 1860.827348 1873.006618 1879.289850 1884.476945 1887.257740 1883.136255 1879.599644 1875.595164 1869.931376 1858.727546 -9999.0 -9999.0 -9999.0 -9999.0 -9999.0 -9999.0 -9999.0
1807.612838 1826.871863 1847.830703 1851.700476 1841.131622 1836.598885 1833.683047 1832.019936 1827.575421 1819.128056 1814.046676 1808.726787 1806.672666 1806.822488 1806.938789 1811.004016 1821.521693 1829.556210 1834.370125 1837.048460 1839.847113 1839.146368 1838.587930 1838.350829 1835.495601 1832.067811 1828.690407 1826.868885 1827.680171 1820.076327 1814.386992 1810.783786 1808.638721 1811.274507 1813.834041 1817.751249 1827.186941 1835.316891 1843.470351 1858.156061 1870.892010 1876.310149 1873.773351 1868.897667 1865.023577 1857.943402 1847.455184 1836.997857 1827.344940 1820.342367 1814.619401 1808.423511 1814.379964 1821.264893 1830.712579
1790.816497 1810.494805 1831.231393 1834.495755 1824.492002 1816.831146 1811.399414 1811.927381 1814.992074 1811.684184 1807.047048 1801.030339 1810.144862 1811.360256 1812.387172 1815.705789 1818.414039 1822.394753 1825.107100 1830.535638 1839.579147 1842.371861 1842.889490 1843.000374 1841.106873 1837.927139 1836.042479 1833.246491 1827.984453 1826.572067 1826.562736 1825.874275 1830.485108 1832.015109 1834.259244 1828.133971 1832.115763 1838.425741 1845.394299 1851.604119 1858.128049 1861.591866 1858.354235 1858.065805 1849.693267 1835.916235 1825.210746 1816.981814 1815.652380 1812.310108 1804.215120 1790.927607 1798.299211 1813.853205 1818.295089
1793.956191 1803.405479 1815.056994 1818.226150 1813.573762 1815.520929 1817.383331 1818.886401 1817.261594 1814.058817 1811.107177 1822.706720 1831.581203 1833.143358 1835.837161 1839.598374 1839.597255 1828.179878 1825.977881 1833.892425 1843.957386 1849.473737 1849.643632 1849.409086 1846.681444 1845.562489 1845.193150 1843.092908 1843.277658 1845.267605 1844.216503 1848.109104 1853.645629 1856.720677 1850.018813 1841.305339 1842.809442 1850.944450 1859.568481 1867.086453 1877.629851 1888.822437 1888.399817 1883.335686 1874.665280 1861.665662 1838.721945 1820.018923 1809.078675 1801.523995 1794.198051 1795.230522 1791.429354 1803.520257 1805.048170
1784.506621 1803.098133 1823.981685 1831.260775 1825.504358 1821.109898 1819.032488 1819.760888 1819.441722 1821.335419 1832.116537 1844.812976 1857.725502 1859.948370 1862.060243 1861.249156 1852.813248 1842.622375 1839.309968 1853.437573 1869.725998 1877.734921 1877.843136 1875.650530 1880.971106 1880.081239 1879.130005 1874.763903 1876.202045 1876.076221 1884.120830 1891.643912 1898.993400 1897.388201 1885.365216 1873.752925 1872.927138 1876.860077 1881.668759 1888.525826 1898.851598 1908.497250 1903.756106 1897.676789 1889.043642 1862.014902 1837.028566 1821.502005 1821.950102 1822.467011 1817.841388 1815.168698 1812.843152 1806.959920 1806.667147
1822.065612 1842.395244 1862.324493 1876.938633 1871.034729 1863.215778 1853.702252 1854.037177 1855.868372 1862.781227 1874.357089 1889.512368 1912.090567 1913.247692 1915.099257 1916.141279 1904.314503 1891.744368 1881.092641 1900.386766 1910.779565 1918.711256 1918.663887 1926.524216 1935.755018 1931.495385 1924.106962 1913.145323 1919.053622 1928.664428 1943.557567 1950.619899 1954.937176 1952.505676 1940.525156 1934.557687 1934.342277 1938.261701 1937.361646 1943.582403 1953.433477 1968.622575 1968.134676 1961.753427 1940.868513 1904.665701 1872.965746 1856.134074 1864.336746 1858.332439 1852.040681 1849.972157 1837.405281 1828.131230 1829.212807
1859.966901 1875.753242 1892.838270 1910.075308 1903.556733 1892.984627 1878.382402 1876.673665 1882.570826 1892.195471 1910.002322 1930.303936 1951.949615 1956.059008 1955.158513 1964.447330 1957.738121 1947.869984 1939.919514 1954.724371 1965.851500 1976.783046 1984.783438 1997.209476 2008.108021 1995.900438 1982.042163 1974.894426 1980.628845 2002.232867 2021.118401 2025.962765 2026.378103 2027.963343 2016.814597 2011.047253 2005.767647 2002.852385 1998.470313 1995.474314 2016.454062 2035.029701 2034.354701 2012.475349 1989.813033 1953.391258 1916.752644 1888.566959 1893.869578 1891.653422 1892.902133 1880.455513 1867.062107 1854.678056 1848.238416
1920.106683 1945.493740 1963.814114 1984.500387 1981.210499 1961.903552 1950.708407 1954.198175 1966.566181 1973.398731 1989.131997 2009.756831 2038.303856 2055.351520 2070.806359 2074.603214 2066.610700 2057.828338 2045.189466 2045.827058 2065.142211 2076.712404 2086.238495 2095.860472 2108.143025 2111.625936 2107.420848 2106.398869 2109.924572 2119.212607 2130.024205 2136.604633 2141.058980 2145.519399 2138.447405 2127.481258 2122.919355 2115.663374 2111.267142 2109.691801 2115.895341 2130.815481 2128.859495 2099.758313 2073.870510 2041.962012 2005.792869 1976.551171 1964.594464 1976.454048 1969.790377 1953.389398 1938.349016 1907.925072 1896.650051
1996.055123 2029.420940 2054.743086 2066.883559 2077.225618 2068.165909 2067.869187 2071.359051 2078.416348 2082.061942 2088.675427 2120.190086 2153.655572 2180.390923 2203.290111 2210.898856 2199.735264 2189.980033 2177.509650 2168.352629 2174.957076 2190.139424 2206.882703 2222.013996 2233.118855 2236.147125 2234.855428 2235.073531 2237.443098 2240.380833 2243.798273 2250.703044 2258.007508 2267.433453 2277.285946 2269.893982 2253.389851 2242.525607 2230.947349 2227.898129 2227.872207 2228.688264 2229.525202 2219.083425 2184.690200 2156.184212 2125.424561 2101.476339 2084.772911 2077.396745 2059.667500 2037.801721 1991.373515 1953.784816 1921.722132
2086.741327 2127.172008 2156.078920 2176.402781 2189.837674 2189.857793 2191.497890 2192.989476 2197.493235 2201.073093 2205.950483 2229.425457 2267.469832 2304.495416 2334.039765 2336.014243 2324.817265 2314.057525 2304.215950 2292.179529 2288.599668 2298.171389 2310.816492 2328.355517 2339.275860 2347.476349 2345.833535 2346.221638 2347.201733 2349.369885 2351.310866 2353.917553 2361.920557 2374.952117 2387.453042 2387.866829 2372.613166 2355.559103 2339.102232 2334.134333 2329.912748 2324.861423 2326.267975 2327.892023 2317.830901 2291.256115 2255.042516 2214.735675 2193.389242 2175.798436 2164.680831 2149.490597 2119.380746 2063.808259 2031.317922
2198.800159 2227.709123 2255.934736 2285.380520 2301.872408 2306.907343 2305.737699 2306.055874 2312.862003 2317.333259 2325.259928 2341.344838 2367.794503 2398.583781 2425.849508 2441.949940 2436.481507 2421.837724 2402.771673 2395.806039 2393.928624 2396.584399 2404.300734 2414.198011 2431.148833 2448.285031 2453.785124 2454.642863 2452.234208 2454.443755 2455.774879 2455.918326 2457.769633 2464.055321 2472.278631 2475.259507 2469.472426 2451.832291 2430.786842 2418.043788 2410.622848 2406.870008 2406.390495 2409.552193 2410.989049 2398.578045 2367.927230 2328.532067 2297.703721 2279.508432 2265.760060 2252.902664 2242.210582 2218.495765 2200.356960
2302.881976 2316.575835 2342.355381 2369.123493 2392.105900 2407.399913 2409.628104 2413.911373 2418.444242 2426.934031 2441.918024 2462.231756 2477.905357 2496.739017 2519.793427 2533.630668 2539.061718 2538.602671 2536.288770 2537.904459 2538.220684 2497.205223 2501.607525 2505.963867 2517.252370 2528.326207 2532.211166 2532.718898 2531.154364 2532.613342 2533.212723 2533.351913 2533.107849 2534.159191 2537.603596 2538.994034 2537.543757 2528.669841 2538.112086 2520.216347 2507.960554 2500.425147 2492.754298 2484.610607 2475.441338 2466.111542 2448.944266 2421.287852 2388.591557 2364.676156 2355.380143 2349.595883 2342.780802 2337.762857 2322.463861
2398.564058 2409.231740 2425.476803 2446.149118 2475.645272 2496.037198 2506.602935 2515.224485 2519.799731 2532.503506 2546.943104 2537.338974 2542.877284 2548.606571 2554.297924 2556.301808 2556.927627 2556.746920 2554.551694 2554.115278 2552.242708 2548.209765 2538.479316 2540.098291 2541.858655 2544.480080 2548.153824 2547.020898 2548.116454 2551.140962 2549.664755 2544.124538 2540.503364 2539.076331 2539.887517 2547.231209 2550.624532 2551.617601 2549.791929 2549.149765 2548.606351 2546.466264 2543.750034 2539.867106 2534.858219 2542.952317 2532.363876 2507.691459 2472.483552 2435.873814 2425.184846 2423.868017 2424.332168 2422.233909 2416.582129
2509.416823 2521.776560 2535.227328 2524.363875 2539.200375 2546.852885 2550.490911 2553.713434 2556.275953 2558.237779 2555.174493 2552.004419 2547.360113 2546.076036 2544.856809 2542.549257 2543.264327 2541.440011 2537.593940 2533.996529 2527.098931 2516.228736 2505.136607 2502.301533 2506.851015 2512.176736 2516.905102 2520.687463 2524.258741 2525.025729 2520.188372 2512.364815 2505.355292 2503.731236 2510.465418 2516.208772 2522.093135 2523.007958 2521.811930 2519.801942 2519.995190 2517.383341 2517.884021 2524.605520 2538.345913 2542.830517 2546.712995 2546.115992 2535.077106 2515.110998 2515.587173 2496.144908 2500.633009 2496.005973 2484.651883
2545.507871 2547.493505 2546.568411 2545.214553 2539.289754 2533.589045 2532.991294 2537.008383 2543.973119 2545.262192 2538.441347 2530.269921 2523.442896 2516.643657 2514.602388 2513.769859 2513.406994 2513.786763 2508.675635 2500.479887 2484.776018 2473.470094 2462.547577 2456.737305 2454.196807 2458.625691 2469.034326 2479.686615 2484.562906 2477.015385 2469.423095 2458.622498 2450.857841 2451.383590 2453.302414 2462.584176 2477.713942 2483.607011 2484.486829 2479.033557 2473.908165 2467.878804 2465.534228 2472.147251 2487.005540 2502.585756 2516.741483 2525.058911 2532.286831 2538.736252 2539.988224 2541.539442 2542.200709 2540.385346 2540.478814
2538.476473 2531.984305 2525.503421 2520.611336 2514.332429 2509.041234 2507.476163 2509.825132 2512.472784 2509.033869 2502.727361 2492.944369 2482.363538 2473.012374 2466.517486 2467.567552 2469.937720 2471.322505 2464.832135 2450.430417 2433.316374 2420.264816 2406.759217 2403.044631 2397.997406 2392.572725 2403.008008 2421.153309 2427.930218 2413.691540 2403.725880 2389.498948 2382.777810 2379.566045 2380.968152 2390.261668 2411.157868 2432.412936 2434.118413 2424.121486 2414.225724 2409.566850 2406.743675 2412.270793 2429.401073 2449.238290 2464.122067 2473.669833 2478.850919 2486.443949 2495.463075 2508.009196 2521.216924 2532.087865 2538.268524
2513.973896 2506.488961 2499.126381 2491.874084 2485.257625 2479.390138 2475.417907 2473.626282 2470.720665 2465.037287 2458.389058 2441.784106 2430.040722 2418.234793 2404.603497 2401.419477 2398.089667 2399.854415 2389.015313 2380.196028 2363.115853 2348.221461 2333.062570 2321.767257 2316.301910 2310.376805 2312.196733 2326.831725 2335.705101 2324.375315 2314.661071 2303.134168 2297.989068 2294.921082 2297.258781 2307.708383 2328.694774 2347.183766 2354.780366 2347.202658 2343.761078 2342.401951 2340.948144 2346.619399 2359.011278 2377.413227 2398.294984 2414.948307 2423.975342 2430.799533 2439.926041 2453.638356 2466.831967 2480.021846 2496.426903
2483.611519 2474.788117 2465.377146 2456.273526 2446.343174 2436.278191 2430.455518 2432.713656 2426.868891 2421.346965 2403.428825 2354.260349 2335.683932 2318.130590 2303.221215 2297.746505 2290.558632 2279.597799 2271.247295 2266.104129 2263.762050 2249.502888 2232.576550 2216.236858 2211.564020 2208.009656 2195.630212 2196.392865 2198.566235 2208.281910 2201.810585 2198.331397 2198.252932 2196.035665 2198.555163 2211.887314 2221.940560 2229.987772 2236.382353 2237.677055 2245.922999 2252.636559 2259.018555 2274.840640 2286.500896 2302.353997 2322.486839 2346.123969 2359.576290 2368.364022 2378.290639 2392.862072 2408.310501 2424.778681 2445.923287
2449.590121 2435.007792 2421.532719 2408.068425 2396.097320 2384.113188 2370.533141 2372.459787 2370.240692 2361.712838 2315.340240 2274.785143 2242.789572 2226.086505 2204.384030 2192.995960 2180.377355 2149.515414 2134.629811 2131.861631 2141.936387 2135.743452 2120.183351 2107.725141 2099.543451 2092.115040 2077.468124 2064.449544 2070.033479 2085.295726 2083.619405 2084.536498 2090.584132 2089.638144 2084.920873 2086.743238 2100.016480 2106.839091 2117.104749 2131.110812 2135.368699 2147.371732 2176.332665 2188.956994 2203.306933 2221.774094 2242.065570 2263.567816 2283.923077 2296.625203 2310.530145 2328.113825 2343.770014 2363.103468 2384.801397
2401.697822 2373.379367 2354.034090 2337.979714 2320.756998 2298.210391 2278.946327 2277.525903 2271.853640 2249.195972 2201.497728 2164.704814 2139.244945 2118.584468 2096.338613 2076.559871 2045.977877 2014.286460 1994.424740 2005.430842 2015.187316 2021.677181 2009.631144 1998.524672 1989.306312 1974.174811 1958.714376 1945.355949 1955.346182 1964.142421 1977.656337 1982.948184 1986.942264 1991.236884 1990.128206 1982.860211 1983.224952 1991.545908 2001.405153 2012.224259 2028.979797 2060.451089 2084.230057 2101.034967 2120.640246 2139.167252 2160.266314 2182.646803 2203.658052 2219.092966 2236.369610 2254.094854 2273.747597 2292.506314 2315.011034
2329.275668 2302.303845 2276.888824 2255.209904 2227.554915 2186.746515 2173.400733 2165.878223 2150.199967 2110.310505 2069.942555 2043.427956 2026.372532 2004.032144 1983.169470 1956.845288 1925.877441 1903.078354 1883.918649 1893.189853 1902.420094 1918.466583 1908.772204 1900.382083 1896.353976 1881.929939 1868.886088 1853.982767 1861.251029 1872.450346 1892.768648 1897.988157 1901.963729 1910.255793 1909.529894 1906.198701 1893.316774 1900.988008 1911.364989 1925.133090 1953.728413 1976.741124 1999.207251 2019.782337 2038.682756 2059.635550 2081.622724 2104.028070 2128.622297 2146.794538 2164.493330 2184.652004 2203.094008 2218.266474 2235.626695
2227.723166 2203.991664 2184.124522 2161.389882 2123.740112 2081.937835 2046.616203 2027.358660 1984.625050 1952.238862 1926.139744 1918.229808 1904.396632 1884.526772 1865.659099 1846.664353 1823.934380 1804.286930 1780.771532 1786.058096 1800.698359 1816.649927 1814.863995 1814.020832 1812.219476 1802.463388 1789.406367 1776.249991 1780.254382 1796.589966 1814.195228 1823.123420 1830.518363 1838.399767 1838.568249 1830.657886 1821.645514 1826.931758 1841.540860 1857.489035 1876.527406 1897.639641 1918.485512 1938.282193 1960.063211 1982.248167 2004.611753 2028.718084 2054.175846 2073.512816 2095.686095 2118.604082 2135.207547 2144.325536 2153.872259
2129.779627 2110.028388 2087.672923 2062.364369 2023.166999 1984.327348 1944.696481 1903.810616 1872.579355 1844.376210 1833.537235 1817.846299 1803.602936 1788.552798 1769.143283 1752.328902 1736.467293 1715.716010 1702.445931 1709.284070 1722.996356 1733.139789 1738.286983 1736.177425 1733.927801 1727.773144 1714.399049 1707.589838 1717.112189 1732.651826 1747.205770 1758.331062 1765.426241 1771.334389 1768.778535 1760.413981 1756.254735 1764.575746 1780.184655 1794.438151 1810.465071 1831.300930 1851.692705 1872.865479 1894.859826 1916.499035 1940.343066 1964.772784 1989.681476 2014.803605 2036.405234 2055.334893 2063.961590 2072.918706 2075.074022
2012.132375 1999.065516 1974.983750 1948.509573 1919.076186 1884.994835 1859.136927 1829.108748 1800.163742 1771.869608 1747.577587 1733.979401 1726.980149 1714.163153 1696.998346 1685.466874 1669.982730 1656.740804 1660.116604 1662.629880 1672.637200 1672.708249 1673.821189 1671.459698 1670.952124 1667.998201 1659.907273 1669.546639 1676.869127 1691.181471 1701.890819 1711.767258 1718.112868 1722.305476 1723.150389 1718.175769 1723.163907 1730.108807 1744.522963 1756.288476 1770.784199 1791.229733 1808.396388 1827.464246 1849.329084 1871.792585 1895.123929 1919.943716 1946.742436 1970.363006 1988.023027 1995.098127 2003.842037 2006.233768 1996.545581
