tests/3D/Borden05m/rec/SoilPressure0000L0006.old.asc
ncols         160
nrows         34
xllcorner     620200.000000
yllcorner     5168000.000000
cellsize      0.500000
NODATA_value  -9999.0
[rows 0 to 24 of 34, columns 0 to 55 of 160]
-9999.0 -9999.0 -9999.0 -9999.0 -9999.0 -9999.0 -9999.0 -9999.0 -9999.0 -9999.0 -9999.0 -9999.0 -9999.0 -9999.0 -9999.0 -9999.0 -9999.0 -9999.0 -9999.0 -9999.0 -9999.0 -9999.0 -9999.0 -9999.0 -9999.0 -9999.0 -9999.0 -9999.0 -9999.0 -9999.0 -9999.0 -9999.0 -9999.0 -9999.0 -9999.0 -9999.0 -9999.0 -9999.0 -9999.0 -9999.0 -9999.0 -9999.0 -9999.0 -9999.0 -9999.0 -9999.0 -9999.0 -9999.0 -9999.0 -9999.0 -9999.0 -9999.0 -9999.0 -9999.0 -9999.0 -9999.0
-9999.0 -9999.0 -9999.0 -9999.0 -9999.0 -9999.0 -9999.0 -9999.0 -9999.0 -9999.0 -9999.0 -9999.0 -9999.0 -9999.0 -9999.0 -9999.0 -9999.0 -9999.0 -9999.0 -9999.0 -9999.0 -9999.0 -9999.0 -9999.0 -9999.0 -9999.0 -9999.0 -9999.0 -9999.0 -9999.0 -9999.0 -9999.0 -9999.0 -9999.0 -9999.0 -9999.0 -9999.0 -9999.0 -9999.0 -9999.0 -9999.0 -9999.0 -9999.0 -9999.0 -9999.0 -9999.0 -9999.0 -9999.0 -9999.0 -9999.0 -9999.0 -9999.0 -9999.0 -9999.0 -9999.0 -9999.0
-9999.0 -9999.0 -9999.0 -9999.0 -9999.0 -9999.0 -9999.0 -9999.0 -9999.0 -9999.0 -9999.0 -9999.0 -9999.0 -9999.0 -9999.0 -9999.0 -9999.0 -9999.0 -9999.0 -9999.0 -9999.0 -9999.0 -9999.0 -9999.0 -9999.0 -9999.0 -9999.0 -9999.0 -9999.0 -9999.0 -9999.0 -9999.0 -9999.0 -9999.0 -9999.0 -9999.0 -9999.0 -9999.0 -9999.0 -9999.0 -9999.0 -9999.0 -9999.0 -9999.0 -9999.0 -9999.0 -9999.0 -620.915346 -638.485628 -658.221574 -661.775262 -638.313938 -617.158216 -596.302090 -578.112364 -560.755138
-9999.0 -9999.0 -9999.0 -9999.0 -9999.0 -9999.0 -9999.0 -9999.0 -9999.0 -9999.0 -9999.0 -9999.0 -9999.0 -9999.0 -9999.0 -9999.0 -9999.0 -9999.0 -9999.0 -9999.0 -9999.0 -9999.0 -9999.0 -9999.0 -9999.0 -9999.0 -9999.0 -9999.0 -9999.0 -9999.0 -9999.0 -9999.0 -9999.0 -9999.0 -9999.0 -9999.0 -9999.0 -9999.0 -9999.0 -9999.0 -586.077003 -580.298517 -578.175140 -588.299312 -598.252209 -607.869378 -625.793354 -642.132974 -659.061236 -662.527606 -661.472475 -658.190100 -635.238486 -612.715265 -595.127720 -578.540263
-9999.0 -9999.0 -9999.0 -9999.0 -9999.0 -9999.0 -9999.0 -9999.0 -9999.0 -9999.0 -9999.0 -9999.0 -9999.0 -9999.0 -9999.0 -9999.0 -9999.0 -9999.0 -9999.0 -9999.0 -9999.0 -9999.0 -9999.0 -9999.0 -9999.0 -9999.0 -9999.0 -9999.0 -9999.0 -9999.0 -9999.0 -9999.0 -9999.0 -9999.0 -662.867554 -646.427632 -631.754094 -617.185928 -603.739168 -599.454654 -595.073015 -589.639639 -593.550679 -597.942373 -608.398000 -626.087664 -646.260542 -661.315547 -663.363369 -666.988605 -663.588995 -650.911682 -635.555628 -620.549433 -600.277010 -577.567015
-9999.0 -9999.0 -9999.0 -9999.0 -9999.0 -9999.0 -9999.0 -9999.0 -9999.0 -9999.0 -9999.0 -9999.0 -9999.0 -9999.0 -9999.0 -9999.0 -9999.0 -9999.0 -9999.0 -9999.0 -9999.0 -9999.0 -9999.0 -9999.0 -9999.0 -9999.0 -9999.0 -9999.0 -646.830407 -653.029419 -658.929451 -661.465729 -664.930182 -670.173640 -667.299631 -658.058058 -642.649390 -624.321035 -614.697799 -609.984259 -604.996886 -605.031665 -610.333941 -612.456065 -611.473904 -622.988406 -634.755140 -646.381233 -658.732531 -660.683682 -650.802279 -637.246597 -621.929173 -608.041916 -593.124319 -578.827798
-9999.0 -9999.0 -9999.0 -9999.0 -9999.0 -9999.0 -9999.0 -9999.0 -9999.0 -9999.0 -9999.0 -9999.0 -9999.0 -9999.0 -9999.0 -9999.0 -9999.0 -9999.0 -9999.0 -9999.0 -9999.0 -9999.0 -9999.0 -664.968057 -660.419851 -656.405504 -651.525517 -652.794203 -659.644501 -667.297564 -672.378666 -676.243574 -681.289602 -680.530996 -675.673655 -665.136269 -652.414529 -633.147789 -627.868222 -623.243442 -611.197775 -610.263835 -606.202920 -601.936368 -603.736124 -606.160419 -618.554151 -627.908582 -621.053438 -614.538052 -608.754093 -602.180635 -589.762566 -574.153369 -556.353416 -535.828453
-9999.0 -9999.0 -9999.0 -9999.0 -9999.0 -9999.0 -9999.0 -9999.0 -9999.0 -9999.0 -9999.0 -9999.0 -9999.0 -9999.0 -9999.0 -9999.0 -9999.0 -9999.0 -9999.0 -674.522047 -676.068120 -678.423856 -677.524458 -681.948572 -683.532205 -679.186672 -673.373675 -674.559631 -679.581848 -684.783143 -685.691935 -685.783859 -685.072928 -675.428395 -664.264771 -653.675955 -642.969469 -624.169965 -611.540926 -598.590313 -582.820874 -585.485145 -590.992549 -593.781054 -593.494204 -592.467822 -584.912138 -580.593414 -575.098921 -568.727319 -561.772445 -553.740628 -544.063814 -526.458634 -507.167057 -487.956945
-9999.0 -9999.0 -9999.0 -9999.0 -9999.0 -9999.0 -9999.0 -9999.0 -9999.0 -9999.0 -9999.0 -9999.0 -9999.0 -9999.0 -9999.0 -9999.0 -685.151852 -686.723757 -689.993252 -691.697679 -694.688978 -695.185924 -692.132605 -697.060449 -697.832795 -694.281720 -693.360181 -687.779412 -682.714371 -677.789012 -674.768845 -676.322682 -671.683847 -665.335955 -656.666214 -643.257649 -622.505185 -601.215984 -586.013223 -570.123908 -553.997101 -554.313654 -556.002920 -555.235507 -554.376107 -545.791429 -527.813149 -521.947342 -518.265586 -499.700533 -486.430726 -481.804564 -475.745569 -459.706293 -438.102832 -413.295678
-9999.0 -9999.0 -9999.0 -9999.0 -9999.0 -9999.0 -9999.0 -9999.0 -9999.0 -9999.0 -9999.0 -9999.0 -9999.0 -705.363599 -705.430930 -702.844005 -705.094422 -710.909698 -714.790600 -717.174683 -709.092500 -712.727888 -712.127902 -709.247378 -701.197072 -697.046903 -691.815146 -683.196350 -678.722254 -675.667965 -672.412129 -668.957941 -656.620158 -642.561403 -627.887980 -608.471743 -587.840726 -567.321840 -547.015637 -533.263153 -519.855213 -516.330131 -518.864178 -517.920424 -510.183836 -492.679346 -474.995493 -462.932848 -442.094156 -420.417031 -407.619577 -395.818737 -388.285153 -378.356364 -361.135192 -328.544886
-9999.0 -9999.0 -9999.0 -9999.0 -9999.0 -9999.0 -9999.0 -9999.0 -9999.0 -9999.0 -731.470038 -730.028477 -740.697375 -749.951364 -753.904348 -747.498230 -741.126308 -743.311082 -739.421852 -721.403905 -709.313726 -715.747339 -704.533061 -700.299280 -700.278632 -693.871321 -684.286848 -674.819924 -659.613542 -650.185167 -639.540565 -619.323677 -604.232099 -589.214059 -572.876849 -554.702106 -534.719574 -505.979014 -480.471034 -467.399772 -444.359452 -430.447624 -434.563124 -435.363812 -429.225232 -412.933140 -390.661167 -365.528906 -345.080285 -320.884357 -301.980979 -289.771696 -281.086500 -270.795615 -258.494286 -231.882991
-9999.0 -9999.0 -9999.0 -9999.0 -9999.0 -9999.0 -9999.0 -9999.0 -762.242222 -755.748722 -750.182233 -760.435925 -776.692783 -794.568325 -784.414514 -770.964044 -759.535698 -747.756045 -738.434008 -727.453818 -719.291509 -708.613471 -693.760098 -687.899228 -680.893130 -669.155091 -659.052319 -643.141755 -623.596040 -609.783433 -591.033375 -570.446414 -552.306991 -536.078684 -519.674775 -503.305618 -476.387007 -444.698132 -414.822345 -391.682295 -366.413992 -343.141373 -343.716963 -341.531858 -338.363830 -314.718091 -287.274503 -259.707809 -234.105226 -207.999489 -181.454785 -167.639068 -159.551334 -149.599467 -137.274179 -125.544460
-9999.0 -9999.0 -9999.0 -9999.0 -9999.0 -9999.0 -784.259055 -756.410420 -745.679387 -769.343949 -792.279999 -807.685626 -825.226921 -802.811140 -776.711319 -763.268254 -751.882922 -740.870415 -733.294578 -727.692516 -692.015147 -684.830966 -676.110968 -658.681173 -648.525627 -637.309385 -621.629369 -598.997171 -576.758906 -545.372901 -516.861288 -491.698948 -467.591369 -449.910765 -433.553329 -416.254835 -387.305576 -353.498697 -320.827182 -294.142798 -269.959944 -244.484898 -236.589086 -232.274379 -225.506552 -210.546132 -184.749540 -158.354226 -127.587562 -98.552331 -76.664869 -67.357493 -59.423690 -50.555416 -39.939177 -29.667566
-9999.0 -9999.0 -9999.0 -9999.0 -780.074110 -769.305425 -766.663761 -742.232900 -727.909574 -751.840106 -751.281690 -761.016920 -774.741185 -785.524398 -791.930843 -775.026632 -760.885907 -748.342769 -734.791273 -693.534228 -655.236904 -644.712359 -620.148581 -590.789303 -579.172009 -566.650501 -553.444612 -532.647187 -505.060739 -472.741492 -428.535179 -391.449957 -367.914830 -347.680638 -330.234646 -310.337577 -282.933366 -250.933321 -219.201973 -188.862818 -162.301104 -141.597440 -129.561443 -123.908759 -114.899619 -102.955549 -86.455884 -63.425223 -37.833098 -9.748240 12.871747 26.211385 32.813057 41.174768 50.544407 61.442607
-9999.0 -9999.0 -9999.0 -810.073239 -777.403401 -757.285344 -753.335705 -739.795037 -720.396305 -729.689323 -733.875844 -736.606733 -737.725572 -736.059590 -731.493970 -718.811429 -710.636114 -705.814637 -688.963283 -652.404964 -617.662349 -585.453911 -556.906828 -528.980650 -508.264514 -494.776103 -480.721018 -459.124174 -423.122259 -387.000927 -341.131771 -293.554735 -260.604261 -239.459983 -223.652026 -202.844307 -184.232155 -155.987849 -126.481843 -98.286816 -70.930967 -49.386953 -32.147676 -26.480474 -20.629192 -13.561282 1.703113 20.121745 38.359386 62.689701 87.310864 106.297678 116.930544 123.947675 136.949146 149.649925
-9999.0 -9999.0 -827.860150 -801.621965 -791.262719 -757.680511 -728.379198 -721.998055 -697.782338 -686.183802 -692.646519 -680.848906 -669.714132 -667.059293 -652.655851 -637.668149 -629.530125 -631.422314 -623.732138 -588.073812 -538.598187 -494.394458 -463.510968 -411.705336 -382.639589 -364.178037 -354.318970 -333.453245 -306.244122 -266.916361 -223.637477 -181.709138 -147.916685 -121.455288 -110.744603 -97.957680 -79.902844 -63.325841 -36.836092 -10.966483 14.271097 36.402278 55.622134 63.102903 66.605774 79.168483 97.938132 117.557921 136.340459 153.914361 168.484995 170.675276 171.626768 172.235704 173.078337 173.700790
-9999.0 -9999.0 -855.326389 -815.199990 -804.080418 -751.125266 -706.830287 -701.344038 -679.409733 -649.686009 -641.178633 -624.914756 -607.615650 -590.298259 -570.383290 -549.549171 -548.613341 -548.021080 -550.315771 -502.491508 -450.588205 -391.859696 -325.898022 -274.787950 -241.805352 -236.698623 -232.960745 -218.231636 -196.969296 -158.174965 -113.176656 -69.718383 -32.042721 -6.976877 4.472188 15.988845 31.206107 45.484994 59.543018 89.273625 107.259403 126.168701 146.440035 163.147602 169.328915 169.968024 168.360096 170.011947 171.191514 171.812357 171.820607 168.773593 168.075441 168.721706 169.837591 165.336902
-9999.0 -924.270957 -871.515911 -835.778136 -788.311857 -759.028687 -704.907022 -656.090396 -631.103030 -604.243931 -583.847951 -566.936834 -516.353806 -471.858936 -449.076736 -422.259827 -426.770213 -431.042662 -440.571062 -404.740065 -356.104005 -275.411679 -170.794123 -125.007228 -101.172705 -100.715831 -106.062515 -93.910754 -70.937297 -36.480893 14.552560 48.572273 86.050603 114.004553 122.888071 125.054339 137.602290 152.771518 164.128925 169.486840 171.321366 172.892834 169.621201 170.101349 170.485622 170.736645 167.914937 162.187801 154.997170 149.935888 146.286930 141.957529 144.502114 147.879444 149.329400 142.945721
-9999.0 -994.928893 -885.266852 -819.141681 -793.161366 -761.154742 -680.583029 -601.053743 -573.841141 -549.831965 -525.203019 -480.700329 -401.237767 -341.424327 -309.357571 -274.121570 -279.031152 -292.592686 -295.873706 -266.527541 -219.575823 -154.836662 -45.926437 24.947107 29.202208 37.476850 44.605843 65.060850 91.127058 113.926553 132.504202 149.966158 156.030630 158.349815 159.238104 159.786534 160.662453 161.004681 158.165313 154.968241 150.814097 151.197260 154.894975 154.900557 152.618562 150.190664 145.171541 137.941538 132.524724 128.161537 125.558566 122.660523 121.582276 122.481891 119.113181 113.997110
-9999.0 -986.996070 -862.058678 -830.292396 -811.393660 -718.349437 -654.353729 -573.391463 -505.272225 -475.626810 -429.753079 -348.089766 -262.057954 -186.270663 -145.936007 -126.438208 -117.453474 -125.157210 -112.368206 -76.212230 -25.830489 34.185713 81.177198 132.337804 139.194957 140.059558 137.151010 139.687032 142.072841 142.886220 143.554967 143.009970 147.927976 150.494533 149.733831 147.409073 143.390862 136.264688 131.699624 129.071058 126.133157 126.361602 129.493007 130.347796 128.313850 124.909050 120.746469 115.343945 109.702018 103.601204 100.294587 96.893878 95.221269 91.515375 87.427495 82.324927
-9999.0 -1215.249091 -994.029374 -965.845405 -784.556928 -684.958786 -630.187397 -526.303397 -414.069982 -371.793296 -286.922053 -195.406340 -114.559969 -58.758445 -21.080362 16.226166 39.311721 59.998497 85.026856 92.538736 122.319781 141.185483 145.086480 147.117300 140.669051 141.320220 134.597736 116.935938 107.365869 101.282263 103.449852 110.953805 117.167742 123.284054 121.750163 122.285501 121.911830 118.656448 115.585670 108.317579 101.394170 96.694139 96.182077 101.965815 97.375714 94.193173 89.028285 82.076418 74.467041 67.476307 60.839190 54.901667 52.605136 47.668080 46.898052 40.707671
-9999.0 -1382.805700 -1230.217922 -989.727137 -782.198793 -689.635075 -617.061730 -500.305303 -336.614979 -247.966789 -167.099946 -122.352079 -60.830697 0.880502 59.598321 90.825900 104.932159 106.443733 104.799691 101.029533 72.405627 64.225175 77.228795 98.002178 106.411474 109.484452 100.845742 89.853355 83.412374 82.898424 82.660433 83.267259 83.521331 82.705848 80.056317 81.658600 85.956803 81.105773 74.424798 67.828934 61.813803 54.735951 50.082792 48.020608 46.440043 46.502920 40.054122 30.859033 21.620524 14.609459 7.753689 2.552410 1.173026 -2.549801 -7.879841 -17.491256
-9999.0 -1471.456693 -1325.258405 -1087.427755 -856.938851 -756.338835 -682.788114 -580.752662 -453.093206 -268.931087 -113.057470 -82.826244 -59.596945 -21.336636 35.006135 85.986945 89.081916 56.573068 27.462927 9.404309 6.175148 11.635208 23.767758 42.937429 57.600397 65.387136 64.972680 56.616114 43.848259 36.905858 33.401232 26.621439 21.584525 21.710436 20.754989 26.321146 30.025882 21.806606 10.575734 -2.998036 -15.012799 -23.954714 -26.762294 -25.762043 -25.767809 -28.114184 -34.413823 -43.360870 -54.298438 -64.029769 -71.050742 -75.718121 -80.686597 -88.006076 -96.493312 -106.307271
-9999.0 -9999.0 -1424.523507 -1230.489707 -997.382611 -847.969782 -752.938752 -649.415273 -549.511571 -389.466704 -284.260552 -203.451716 -159.456689 -123.456742 -73.249847 -29.487078 -23.020199 -18.887045 -47.637526 -53.315754 -53.965730 -52.275151 -44.088787 -32.380192 -20.137247 -11.873892 -6.873555 -8.750121 -17.682495 -31.875094 -47.670006 -59.331878 -66.262601 -70.950221 -63.204302 -52.409656 -53.061887 -58.703859 -69.068740 -83.122963 -95.198585 -107.402124 -110.528693 -109.264275 -108.758471 -111.057880 -115.568453 -126.959984 -138.482953 -149.810405 -154.630554 -159.405708 -164.219039 -173.574137 -183.352974 -194.789401
-9999.0 -9999.0 -1506.932923 -1389.039345 -1155.256538 -923.265991 -829.366323 -743.214662 -635.519043 -558.463392 -482.030945 -408.483441 -349.114707 -301.018605 -259.549638 -209.171509 -187.002720 -179.518356 -179.768221 -172.676010 -158.533952 -144.285330 -133.918431 -122.896213 -110.948585 -100.494617 -92.174670 -101.457735 -111.502983 -126.491680 -144.584526 -163.565232 -173.199993 -177.878916 -172.899992 -164.892306 -168.389664 -177.066277 -189.760315 -204.867267 -216.894820 -228.468688 -231.879206 -232.950153 -232.810795 -234.769670 -237.588797 -246.481734 -257.673328 -265.383493 -271.809842 -277.307043 -279.865665 -286.599982 -295.240644 -300.997426
