tests/3D/Borden05m/rec/SoilPressure0000L0017.asc
ncols         160
nrows         34
xllcorner     620200.000000
yllcorner     5168000.000000
cellsize      0.500000
NODATA_value  -9999.0
[rows 0 to 24 of 34, columns 55 to 109 of 160]
-9999.0 -9999.0 -9999.0 -9999.0 -9999.0 -9999.0 -9999.0 -9999.0 -9999.0 -9999.0 -9999.0 -9999.0 -9999.0 -9999.0 -9999.0 -9999.0 -9999.0 -9999.0 -9999.0 -9999.0 -9999.0 -9999.0 -9999.0 -9999.0 -9999.0 -9999.0 -9999.0 -9999.0 -9999.0 -9999.0 -9999.0 -9999.0 -9999.0 -9999.0 -9999.0 -9999.0 -9999.0 -9999.0 -9999.0 -9999.0 -9999.0 -9999.0 -9999.0 -9999.0 -9999.0 -9999.0 -9999.0 -9999.0 -9999.0 -9999.0 -9999.0 -9999.0 -9999.0 -9999.0 -9999.0
-9999.0 -9999.0 -9999.0 -9999.0 1666.740052 1661.542553 1656.713270 1652.164430 1643.560709 1634.476612 1626.390423 1622.489833 1621.632841 1620.965441 1620.643077 1625.917539 1634.086033 1641.871478 1649.093996 1651.649129 1654.184163 1656.406643 1656.895464 1655.754739 1652.565312 1649.282802 1645.899931 1644.329824 1636.472797 1625.176379 1616.531379 1613.811918 1618.180689 1622.651202 1625.194002 1630.904391 1641.600828 1652.413948 1661.030706 1673.173320 1679.379775 1684.565034 1687.390952 1683.276301 1679.732413 1675.751576 1670.175045 1658.978236 -9999.0 -9999.0 -9999.0 -9999.0 -9999.0 -9999.0 -9999.0
1607.830026 1627.126595 1648.005857 1651.886897 1641.369864 1636.847850 1633.910458 1632.202139 1627.690446 1619.211018 1614.100034 1608.769551 1606.761676 1606.904307 1607.027027 1611.122120 1621.590832 1629.638690 1634.468608 1637.136485 1639.914679 1639.310258 1638.768051 1638.519610 1635.661221 1632.233314 1628.850483 1627.027810 1627.752737 1620.142537 1614.487221 1610.917592 1608.871732 1611.492699 1614.034824 1617.869194 1627.341943 1635.505813 1643.689428 1658.323969 1671.017370 1676.417110 1673.900041 1669.010046 1665.153473 1658.142424 1647.718430 1637.235618 1627.439606 1620.369088 1614.645337 1608.524234 1614.471890 1621.284762 1630.801979
1591.035614 1610.711726 1631.414537 1634.693438 1624.649717 1616.937579 1611.632381 1612.117849 1615.089838 1611.738579 1607.094757 1601.274520 1610.252225 1611.473797 1612.522967 1615.841178 1618.638056 1622.461172 1625.197296 1630.625374 1639.666413 1642.447106 1642.966720 1643.078858 1641.191105 1638.016304 1636.138468 1633.340351 1628.078552 1626.712838 1626.745263 1626.130656 1630.806173 1632.335182 1634.493697 1628.287208 1632.214291 1638.534376 1645.508386 1651.813061 1658.396199 1661.991367 1658.776672 1658.396892 1650.042353 1636.271691 1625.484610 1617.186545 1615.695599 1612.341770 1604.265402 1591.074594 1598.374161 1613.906702 1618.357490
1594.049381 1603.505440 1615.231626 1618.420809 1613.754195 1615.614057 1617.440286 1618.942202 1617.313964 1614.126175 1611.331118 1623.060817 1631.990679 1633.559456 1636.271510 1639.994602 1639.871603 1628.369998 1626.134169 1634.119991 1644.228018 1649.783222 1649.945790 1649.723464 1647.112218 1645.996287 1645.605190 1643.466306 1643.739366 1645.785106 1644.908667 1648.921439 1654.465908 1657.508626 1650.615938 1641.860414 1643.269533 1651.365284 1659.930156 1667.445798 1678.046253 1689.303553 1688.806363 1683.688661 1675.015002 1661.965435 1638.982041 1620.152054 1609.243089 1601.776598 1594.479404 1595.305729 1591.659324 1603.578735 1605.123188
1585.258009 1603.530789 1624.464011 1631.865394 1626.085081 1621.558274 1619.333268 1620.038974 1619.773491 1621.825757 1632.850590 1645.649277 1658.764189 1661.003794 1663.140130 1662.373118 1653.804935 1643.613361 1640.207627 1654.436677 1670.663434 1678.684519 1678.862446 1676.933541 1682.529503 1681.507312 1680.368272 1675.870633 1677.396880 1677.557626 1685.932469 1693.435053 1700.705336 1699.065184 1687.082795 1675.556522 1674.632567 1678.372730 1682.914088 1689.685086 1700.040701 1709.762456 1705.039257 1698.854424 1690.074812 1662.881781 1637.616113 1621.951781 1622.437217 1622.951379 1618.332795 1615.611797 1613.143515 1607.076357 1606.765481
1623.071551 1643.492969 1663.334441 1678.106955 1672.186255 1664.277051 1654.587472 1654.907815 1656.893874 1663.923852 1675.638593 1691.087995 1713.767528 1715.126021 1717.141065 1718.463752 1706.753464 1694.245779 1683.491246 1702.425591 1712.726360 1720.745774 1721.007912 1729.208041 1738.507532 1734.153890 1726.619208 1715.788392 1721.731180 1731.733532 1746.593446 1753.543428 1757.735567 1755.567099 1743.819611 1737.947492 1737.511005 1741.110315 1739.948487 1745.867225 1755.860756 1771.092160 1770.718546 1763.961636 1742.961362 1706.870922 1674.884584 1657.539287 1665.366364 1659.346121 1653.100323 1650.818393 1638.095771 1628.599655 1629.541860
1661.753059 1677.782993 1694.925970 1712.203085 1705.932093 1695.263268 1680.858538 1679.295475 1685.383893 1694.921143 1712.750567 1733.331324 1755.180329 1759.953115 1759.744746 1768.970991 1762.275692 1752.509761 1744.487268 1758.451251 1769.694682 1780.701676 1788.975601 1801.364838 1812.312857 1800.633055 1787.164816 1780.416047 1785.983433 1807.084988 1825.526233 1830.370172 1830.947133 1832.793693 1822.157346 1816.269201 1810.753941 1807.430290 1802.828785 1799.693654 1820.134957 1838.347819 1837.624824 1815.711840 1793.071448 1757.061506 1720.578968 1691.930590 1696.299893 1694.254662 1695.280799 1682.574018 1669.007141 1656.010489 1649.125095
1723.184889 1748.997629 1767.508210 1787.999934 1785.386875 1766.504209 1755.872204 1759.443900 1771.640007 1778.296023 1793.667643 1814.712988 1843.581436 1861.227317 1877.192843 1880.950419 1872.817208 1863.985183 1851.249209 1851.293688 1870.022430 1881.572972 1891.236571 1901.000061 1913.226138 1917.087278 1913.210007 1912.280871 1915.692883 1924.447627 1934.794466 1941.346491 1945.967311 1950.648488 1944.338373 1933.610340 1928.729468 1921.248433 1916.456682 1914.782813 1920.331073 1934.552642 1932.761994 1904.600485 1878.845971 1847.348132 1811.475998 1782.269069 1769.610987 1780.605349 1773.411519 1757.020571 1741.446714 1710.504850 1698.506231
1799.983908 1833.351213 1858.744582 1871.071034 1881.731416 1873.346101 1873.237487 1876.611021 1883.474684 1887.159567 1893.771743 1925.151916 1958.550634 1985.481174 2008.377520 2016.021120 2004.980766 1995.209476 1982.853958 1973.635667 1979.666128 1994.572100 2011.185513 2026.329787 2037.393273 2040.527049 2039.255863 2039.482741 2041.750789 2044.668034 2047.961594 2054.658565 2061.913926 2071.437121 2081.515479 2074.501219 2058.046720 2046.979463 2035.076733 2031.741721 2031.538246 2031.974275 2032.788813 2023.155745 1989.744982 1961.655353 1931.094885 1906.622482 1889.507319 1881.260844 1863.628431 1842.112801 1796.351267 1758.772559 1726.658499
1891.293153 1931.203816 1960.010625 1980.685722 1994.167553 1994.532231 1996.110809 1997.630517 2002.204386 2005.913619 2011.041736 2034.064465 2071.627866 2108.323449 2137.623841 2139.851176 2128.966125 2118.264899 2108.313944 2096.565962 2093.017944 2102.177587 2114.447318 2131.612862 2142.581152 2151.037583 2149.583975 2149.981103 2150.851865 2152.975523 2154.875667 2157.336807 2165.114398 2177.869450 2190.098172 2190.670137 2175.895147 2158.966349 2142.453873 2137.160451 2132.708079 2127.642900 2128.931341 2130.530090 2121.238966 2095.299800 2059.583380 2019.316954 1997.405625 1979.534517 1968.429412 1953.510585 1924.790295 1870.692208 1839.140720
2002.947969 2031.123519 2059.189989 2088.476007 2105.134817 2110.496341 2109.474847 2109.958957 2116.710548 2121.385344 2129.584719 2145.571368 2171.238272 2201.379357 2228.297450 2244.468795 2239.293856 2225.076995 2206.416640 2199.817205 2198.064271 2200.577339 2208.037916 2217.522950 2234.114826 2250.934645 2256.412871 2257.255312 2254.846667 2257.040772 2258.333119 2258.468623 2260.163215 2266.135896 2274.120991 2277.034407 2271.499719 2254.286669 2233.564773 2220.635627 2213.090826 2209.292952 2208.618605 2211.520279 2212.729484 2200.659059 2170.708211 2132.023697 2101.116635 2082.560007 2068.728206 2056.077821 2045.666321 2023.221529 2005.522388
2106.377148 2119.817747 2145.220922 2171.669597 2194.645797 2209.980717 2212.424672 2216.850246 2221.327692 2229.953660 2244.911165 2264.816884 2280.013429 2298.308318 2320.857642 2334.345139 2339.786346 2339.481240 2337.396549 2339.057702 2339.356371 2301.398895 2305.526654 2309.605117 2320.064005 2330.518337 2334.158898 2334.635787 2333.191331 2334.588712 2335.152174 2335.311280 2335.069785 2335.926447 2339.124210 2340.419894 2339.084356 2330.716782 2338.906657 2321.298955 2309.203635 2301.756308 2294.162198 2286.033820 2276.904301 2267.658601 2250.894078 2223.701257 2191.265434 2167.061222 2157.616790 2151.920315 2145.381810 2140.515498 2125.519023
2201.683622 2212.325765 2228.265265 2248.623526 2277.481328 2297.425679 2307.851894 2316.356960 2320.901167 2333.416343 2347.534301 2338.825800 2343.960703 2349.271557 2354.546949 2356.408025 2356.993103 2356.831547 2354.654371 2354.256292 2352.451513 2348.330139 2338.692544 2340.301643 2342.024061 2344.633848 2348.287436 2347.136914 2348.214933 2351.234367 2349.782209 2344.295555 2340.720181 2339.294565 2340.059322 2347.369094 2350.727517 2351.703733 2350.075915 2349.456829 2348.961611 2346.986888 2344.477260 2340.885706 2336.249538 2343.394317 2333.016191 2308.828250 2274.345962 2238.397856 2227.317739 2225.610236 2226.202702 2224.084752 2218.496331
2310.649970 2322.794254 2336.029605 2326.745645 2340.495745 2347.591789 2350.969452 2354.050231 2356.565025 2358.351020 2355.271914 2352.072977 2347.456469 2346.205608 2344.998376 2342.702600 2343.422707 2341.600484 2337.778427 2334.237441 2327.484621 2316.705632 2305.616784 2302.874289 2307.446788 2312.718372 2317.372904 2321.045934 2324.578876 2325.435172 2320.668071 2312.909817 2305.954754 2304.312575 2311.001768 2316.719613 2322.487386 2323.381749 2322.188142 2320.221862 2320.454145 2317.914661 2318.438045 2325.093792 2338.678242 2343.402215 2346.995829 2346.438996 2336.210349 2317.711407 2316.658041 2297.323542 2301.643536 2297.070224 2285.785749
2345.733264 2347.583594 2346.737887 2345.330005 2339.454159 2333.790013 2333.206029 2337.212725 2344.157549 2345.472562 2338.681097 2330.566055 2323.794105 2317.080799 2315.079466 2314.205524 2313.823517 2314.181989 2309.093059 2301.053498 2285.540195 2274.269840 2263.361227 2257.560417 2255.184514 2259.737091 2270.012900 2280.433465 2285.267971 2277.946398 2270.454469 2259.773410 2252.026264 2252.535310 2254.549475 2263.768990 2278.625017 2284.253859 2285.114014 2279.772833 2274.809293 2268.839513 2266.570694 2273.186260 2287.961287 2303.352595 2317.291321 2325.489201 2332.653199 2339.022519 2340.698429 2342.115357 2342.702930 2340.991478 2340.744835
2338.589643 2332.149034 2325.722424 2320.874175 2314.607896 2309.310479 2307.776694 2310.186734 2312.930509 2309.583476 2303.290468 2293.548343 2283.033406 2273.732045 2267.394412 2268.448715 2270.820295 2272.164786 2265.784212 2251.521711 2234.548950 2221.559910 2208.100421 2204.408291 2199.468117 2194.342390 2204.806101 2222.710045 2229.381002 2215.378272 2205.515172 2191.395390 2184.623241 2181.488488 2182.942671 2192.250760 2212.882452 2233.696256 2235.307081 2225.403429 2215.604352 2210.913128 2208.107068 2213.729845 2230.890061 2250.540385 2265.234106 2274.648492 2279.807908 2287.382646 2296.367227 2308.699249 2321.723214 2332.442977 2338.903858
2314.261216 2306.802349 2299.470299 2292.260339 2285.677748 2279.858591 2275.929936 2274.161839 2271.401606 2265.780064 2259.196808 2243.208492 2231.572162 2219.924444 2206.474159 2203.389898 2200.264691 2202.122994 2191.369868 2182.418712 2165.221145 2150.375592 2135.276807 2124.258145 2118.815326 2112.981189 2115.275318 2130.053932 2138.966789 2127.352576 2117.604293 2105.919530 2100.650003 2097.584603 2099.862200 2110.270774 2131.416266 2149.884008 2157.318421 2149.659615 2145.867766 2144.261154 2142.777964 2148.322961 2160.911607 2179.361360 2200.015132 2216.332883 2225.233718 2232.053351 2241.177742 2254.809932 2267.915323 2280.998530 2297.250110
2284.011922 2275.251647 2265.903714 2256.879274 2247.028233 2237.064874 2231.342257 2233.550347 2227.735258 2222.234165 2204.989203 2156.638620 2138.419861 2121.060402 2106.334587 2101.034537 2094.019886 2083.782742 2075.467039 2070.218271 2067.221242 2052.910316 2036.074807 2019.912780 2015.252356 2011.674453 1999.975611 2001.474610 2003.852923 2012.609608 2006.042810 2002.208570 2001.805790 1999.567310 2002.214911 2015.580964 2025.917761 2034.282511 2040.572884 2041.315377 2049.179733 2055.623719 2061.405881 2077.002719 2088.744550 2104.654300 2124.745120 2148.087329 2161.252716 2169.948015 2179.830282 2194.340048 2209.735489 2226.083467 2247.117465
2250.183670 2235.895868 2222.571711 2209.219181 2197.343165 2185.460178 2172.186357 2174.121149 2171.895409 2163.619344 2118.454297 2077.928328 2046.214572 2029.576276 2008.138314 1997.051071 1984.965699 1955.167021 1940.627261 1937.506238 1946.871138 1940.260310 1924.620097 1912.044368 1904.007655 1896.825810 1882.587354 1870.361908 1875.842249 1890.605527 1888.507498 1889.027400 1894.763688 1893.704804 1889.223974 1891.651554 1905.054352 1912.021457 1922.102657 1935.531056 1939.645555 1950.958234 1979.188627 1991.745700 2005.971514 2024.433813 2044.699929 2066.102663 2086.147647 2098.675143 2112.430468 2129.938308 2145.510856 2164.781338 2186.444879
2202.820135 2174.855701 2155.738049 2139.858494 2122.900006 2100.962687 2081.796167 2080.490653 2074.888185 2053.149232 2006.130087 1969.154962 1943.367231 1922.839437 1900.674935 1881.449375 1851.834348 1820.550626 1800.936651 1811.221405 1820.728804 1826.436003 1814.250593 1803.050348 1793.842948 1779.091727 1763.788090 1750.835440 1760.635368 1769.412829 1782.079647 1787.089664 1791.042577 1795.049782 1793.936788 1787.129802 1788.248153 1796.560230 1806.372384 1816.975832 1832.987268 1863.823038 1887.427608 1904.002480 1923.469790 1941.965964 1963.034164 1985.350636 2006.135592 2021.384028 2038.561377 2056.235575 2075.797004 2094.598427 2117.167735
2131.553734 2104.719047 2079.398135 2057.904660 2030.829154 1990.792980 1977.585614 1970.255625 1955.457529 1916.635541 1876.413079 1849.026816 1831.324596 1809.051880 1788.148737 1762.158652 1731.558641 1708.524628 1689.509982 1698.566400 1707.587865 1722.988562 1713.100180 1704.421526 1700.185351 1685.841852 1672.779504 1658.053966 1665.420298 1676.431072 1696.232882 1701.284805 1705.180537 1713.249925 1712.467856 1709.274371 1697.032824 1704.793677 1715.062478 1728.651283 1756.847351 1779.891878 1802.337331 1822.727603 1841.553008 1862.416939 1884.380421 1906.728394 1931.104836 1949.131306 1966.712497 1986.760890 2005.195723 2020.592751 2038.237370
2031.029486 2007.281100 1987.317608 1964.738621 1927.792020 1886.244726 1851.694067 1833.484558 1792.091001 1760.014044 1732.990733 1723.981277 1709.807367 1689.810718 1670.846175 1651.798668 1628.835718 1608.957132 1585.582318 1590.775555 1605.171943 1620.895245 1618.578851 1617.399128 1615.478920 1605.584308 1592.522429 1579.378891 1583.371543 1599.541251 1617.036628 1625.737330 1633.023528 1640.864969 1641.041249 1633.323064 1624.415459 1629.738284 1644.197958 1660.083952 1679.324013 1700.503424 1721.356782 1741.074370 1762.772224 1784.921341 1807.248331 1831.302550 1856.630061 1875.760585 1897.819756 1920.643276 1937.383204 1946.696276 1956.658260
1933.773464 1913.869317 1891.554001 1866.499054 1827.630739 1788.822884 1749.276356 1709.246979 1678.185897 1649.929233 1638.366713 1622.473429 1607.921809 1592.620854 1573.186028 1556.152363 1539.982076 1519.180002 1505.313023 1512.002235 1525.687882 1536.073911 1540.903373 1538.719903 1536.406700 1530.096771 1516.737332 1509.462856 1518.856236 1534.401293 1549.038793 1560.043145 1567.111911 1573.083304 1570.543114 1562.243988 1557.844676 1566.140032 1581.733000 1596.078330 1612.291482 1633.178265 1653.649091 1674.808013 1696.788077 1718.436886 1742.271995 1766.685538 1791.531648 1816.476634 1838.092701 1857.211784 1865.983208 1875.059154 1877.787361
1816.926380 1803.519988 1779.579662 1753.279249 1723.690483 1689.311584 1663.074691 1633.053501 1604.089181 1575.722407 1551.484826 1537.515671 1530.222268 1517.231182 1499.862741 1488.120408 1472.498524 1458.643157 1461.508362 1464.147114 1474.399929 1474.714567 1475.790830 1473.372452 1472.810637 1469.672429 1461.209369 1470.449270 1477.845163 1492.255939 1503.026166 1512.877299 1519.255680 1523.488474 1524.227765 1519.072311 1523.868366 1530.901629 1545.397960 1557.236145 1571.882587 1592.428949 1609.675151 1628.824174 1650.707684 1673.184626 1696.543334 1721.355223 1748.111531 1771.736459 1789.547390 1796.846011 1805.726559 1808.480782 1799.244949
