tests/3D/Borden05m/rec/SoilPressure0000L0000.old.asc
ncols         160
nrows         34
xllcorner     620200.000000
yllcorner     5168000.000000
cellsize      0.500000
NODATA_value  -9999.0
[rows 0 to 24 of 34, columns 0 to 54 of 160]
-9999.0 -9999.0 -9999.0 -9999.0 -9999.0 -9999.0 -9999.0 -9999.0 -9999.0 -9999.0 -9999.0 -9999.0 -9999.0 -9999.0 -9999.0 -9999.0 -9999.0 -9999.0 -9999.0 -9999.0 -9999.0 -9999.0 -9999.0 -9999.0 -9999.0 -9999.0 -9999.0 -9999.0 -9999.0 -9999.0 -9999.0 -9999.0 -9999.0 -9999.0 -9999.0 -9999.0 -9999.0 -9999.0 -9999.0 -9999.0 -9999.0 -9999.0 -9999.0 -9999.0 -9999.0 -9999.0 -9999.0 -9999.0 -9999.0 -9999.0 -9999.0 -9999.0 -9999.0 -9999.0 -9999.0
-9999.0 -9999.0 -9999.0 -9999.0 -9999.0 -9999.0 -9999.0 -9999.0 -9999.0 -9999.0 -9999.0 -9999.0 -9999.0 -9999.0 -9999.0 -9999.0 -9999.0 -9999.0 -9999.0 -9999.0 -9999.0 -9999.0 -9999.0 -9999.0 -9999.0 -9999.0 -9999.0 -9999.0 -9999.0 -9999.0 -9999.0 -9999.0 -9999.0 -9999.0 -9999.0 -9999.0 -9999.0 -9999.0 -9999.0 -9999.0 -9999.0 -9999.0 -9999.0 -9999.0 -9999.0 -9999.0 -9999.0 -9999.0 -9999.0 -9999.0 -9999.0 -9999.0 -9999.0 -9999.0 -9999.0
-9999.0 -9999.0 -9999.0 -9999.0 -9999.0 -9999.0 -9999.0 -9999.0 -9999.0 -9999.0 -9999.0 -9999.0 -9999.0 -9999.0 -9999.0 -9999.0 -9999.0 -9999.0 -9999.0 -9999.0 -9999.0 -9999.0 -9999.0 -9999.0 -9999.0 -9999.0 -9999.0 -9999.0 -9999.0 -9999.0 -9999.0 -9999.0 -9999.0 -9999.0 -9999.0 -9999.0 -9999.0 -9999.0 -9999.0 -9999.0 -9999.0 -9999.0 -9999.0 -9999.0 -9999.0 -9999.0 -9999.0 -782.999261 -788.173389 -794.240279 -795.755761 -789.672893 -785.330784 -781.289258 -778.151857
-9999.0 -9999.0 -9999.0 -9999.0 -9999.0 -9999.0 -9999.0 -9999.0 -9999.0 -9999.0 -9999.0 -9999.0 -9999.0 -9999.0 -9999.0 -9999.0 -9999.0 -9999.0 -9999.0 -9999.0 -9999.0 -9999.0 -9999.0 -9999.0 -9999.0 -9999.0 -9999.0 -9999.0 -9999.0 -9999.0 -9999.0 -9999.0 -9999.0 -9999.0 -9999.0 -9999.0 -9999.0 -9999.0 -9999.0 -9999.0 -778.737344 -776.832713 -775.657587 -778.714783 -780.909335 -782.363851 -786.663707 -790.686156 -795.295122 -795.801507 -795.992582 -796.840366 -791.718461 -787.183320 -784.454873
-9999.0 -9999.0 -9999.0 -9999.0 -9999.0 -9999.0 -9999.0 -9999.0 -9999.0 -9999.0 -9999.0 -9999.0 -9999.0 -9999.0 -9999.0 -9999.0 -9999.0 -9999.0 -9999.0 -9999.0 -9999.0 -9999.0 -9999.0 -9999.0 -9999.0 -9999.0 -9999.0 -9999.0 -9999.0 -9999.0 -9999.0 -9999.0 -9999.0 -9999.0 -793.379983 -789.287753 -786.422471 -783.712544 -780.949633 -781.169314 -781.141101 -779.617872 -781.075219 -781.904762 -784.542608 -789.113237 -794.212825 -797.721166 -797.354067 -798.555689 -798.327339 -795.813649 -793.302297 -791.290578 -787.472324
-9999.0 -9999.0 -9999.0 -9999.0 -9999.0 -9999.0 -9999.0 -9999.0 -9999.0 -9999.0 -9999.0 -9999.0 -9999.0 -9999.0 -9999.0 -9999.0 -9999.0 -9999.0 -9999.0 -9999.0 -9999.0 -9999.0 -9999.0 -9999.0 -9999.0 -9999.0 -9999.0 -9999.0 -785.897655 -787.828359 -789.647348 -790.453630 -791.755970 -794.054171 -794.341744 -793.083082 -790.099584 -786.159591 -784.922259 -784.952359 -784.505172 -785.206866 -787.273941 -787.790781 -786.533010 -789.542318 -792.204915 -795.070253 -799.041923 -800.075964 -797.856385 -795.192852 -792.492982 -790.782123 -788.987915
-9999.0 -9999.0 -9999.0 -9999.0 -9999.0 -9999.0 -9999.0 -9999.0 -9999.0 -9999.0 -9999.0 -9999.0 -9999.0 -9999.0 -9999.0 -9999.0 -9999.0 -9999.0 -9999.0 -9999.0 -9999.0 -9999.0 -9999.0 -788.839189 -787.693255 -787.036809 -786.020839 -786.864711 -789.598938 -792.049716 -793.658379 -795.032362 -796.999636 -797.564024 -797.378207 -795.850408 -794.047435 -790.029557 -790.589014 -790.923949 -788.034532 -788.699225 -787.550607 -785.931768 -786.537264 -786.860790 -791.029291 -794.316612 -791.894434 -790.473367 -790.040167 -789.913762 -787.952106 -785.041842 -781.235320
-9999.0 -9999.0 -9999.0 -9999.0 -9999.0 -9999.0 -9999.0 -9999.0 -9999.0 -9999.0 -9999.0 -9999.0 -9999.0 -9999.0 -9999.0 -9999.0 -9999.0 -9999.0 -9999.0 -789.024284 -789.757791 -790.911712 -791.114014 -793.318159 -794.403064 -793.731653 -792.552613 -793.533767 -795.444395 -797.368779 -797.960514 -798.453705 -799.080626 -797.257832 -795.387226 -794.109381 -793.209008 -789.586117 -787.824993 -785.511556 -781.345642 -783.668320 -786.428617 -787.950149 -788.179663 -788.423003 -785.791286 -784.766692 -783.846851 -782.730265 -781.540016 -780.158186 -778.448201 -772.929812 -766.193622
-9999.0 -9999.0 -9999.0 -9999.0 -9999.0 -9999.0 -9999.0 -9999.0 -9999.0 -9999.0 -9999.0 -9999.0 -9999.0 -9999.0 -9999.0 -9999.0 -789.760613 -790.482804 -791.930243 -793.314099 -794.843065 -795.450680 -795.067776 -797.187375 -798.068376 -797.788749 -798.425854 -797.628284 -796.903598 -796.133697 -796.011316 -797.524362 -797.317389 -797.067468 -796.492638 -794.758389 -790.679032 -786.506789 -784.241150 -780.970338 -776.557513 -778.174840 -779.580072 -779.802323 -780.360077 -777.599121 -770.477379 -769.011224 -768.383874 -759.852265 -753.969069 -752.499910 -750.342522 -742.207982 -729.431796
-9999.0 -9999.0 -9999.0 -9999.0 -9999.0 -9999.0 -9999.0 -9999.0 -9999.0 -9999.0 -9999.0 -9999.0 -9999.0 -792.461613 -792.792326 -792.660998 -794.454822 -796.658906 -798.305569 -799.861338 -798.348749 -800.102615 -800.792433 -800.796401 -799.410041 -799.295721 -798.912667 -797.587439 -797.628234 -798.096551 -798.590609 -799.283699 -797.306562 -795.060513 -792.946908 -789.358698 -785.560172 -781.418458 -776.267088 -773.217621 -768.952937 -768.242492 -770.436350 -770.710729 -767.434879 -758.806114 -749.696319 -742.617956 -729.353475 -714.920966 -705.748006 -696.650919 -690.765101 -683.188706 -669.462213
-9999.0 -9999.0 -9999.0 -9999.0 -9999.0 -9999.0 -9999.0 -9999.0 -9999.0 -9999.0 -798.025042 -797.592155 -800.295866 -803.047197 -804.528912 -803.710781 -802.955441 -804.264380 -804.280512 -800.737836 -798.670681 -801.695986 -799.643040 -799.665915 -801.012498 -800.533632 -799.274592 -798.328537 -795.517799 -794.759939 -793.788829 -789.315638 -786.974177 -784.548363 -781.499684 -777.637928 -772.465257 -761.814457 -750.938663 -745.084585 -731.561355 -722.065614 -724.955108 -725.356982 -721.350170 -709.494995 -692.340976 -671.571847 -654.184677 -632.529223 -614.451851 -603.016005 -594.777762 -584.900870 -573.263608
-9999.0 -9999.0 -9999.0 -9999.0 -9999.0 -9999.0 -9999.0 -9999.0 -804.559137 -803.214934 -802.100080 -804.572439 -808.195195 -812.420522 -810.926112 -808.853406 -807.285147 -805.605435 -804.561863 -803.296925 -802.984756 -801.597738 -799.140147 -799.274362 -798.936760 -797.254956 -796.417360 -793.877629 -790.353696 -789.094793 -785.604730 -780.989709 -776.520612 -772.263791 -767.292872 -761.658202 -748.668910 -730.758667 -711.134009 -693.775377 -673.787625 -653.530086 -653.697100 -651.382394 -648.503740 -627.224535 -601.600362 -575.307318 -549.814131 -523.870318 -497.675540 -484.351439 -476.405895 -466.593285 -454.434976
-9999.0 -9999.0 -9999.0 -9999.0 -9999.0 -9999.0 -808.141742 -802.905462 -800.930155 -806.589961 -811.581310 -814.827604 -818.733507 -814.821747 -809.997660 -808.100746 -806.654733 -805.349145 -805.084531 -805.874825 -798.129670 -798.755539 -798.885757 -795.970132 -795.503827 -794.688357 -792.372019 -787.559385 -782.898160 -773.041114 -762.849266 -752.394546 -740.835114 -731.378811 -721.596507 -709.925571 -688.554334 -661.317509 -632.910136 -608.197747 -585.266259 -561.027000 -552.702461 -548.296350 -541.260392 -527.204249 -502.285596 -476.316575 -445.737919 -416.875672 -395.518081 -386.319241 -378.481116 -369.707074 -359.253186
-9999.0 -9999.0 -9999.0 -9999.0 -805.484505 -804.028713 -804.478938 -800.090584 -797.473209 -804.027351 -804.004638 -806.614382 -810.123196 -813.417848 -816.215520 -813.576133 -811.778661 -810.529150 -809.431634 -800.569523 -792.630517 -793.358577 -788.644199 -781.384207 -780.376129 -778.364461 -776.010747 -769.841375 -759.035565 -743.849166 -717.562293 -691.241254 -672.783624 -655.819232 -640.721292 -622.534865 -597.497424 -567.120395 -536.388684 -506.520396 -480.186792 -460.003474 -447.603084 -441.925974 -433.027742 -421.513504 -405.523056 -382.871018 -357.922909 -330.164754 -307.606541 -293.943519 -287.245390 -278.986636 -269.484819
-9999.0 -9999.0 -9999.0 -809.592029 -804.273059 -801.380430 -802.086328 -800.567102 -797.306679 -800.768094 -802.739261 -804.228841 -805.354347 -806.011405 -806.150024 -804.467244 -804.185820 -805.317759 -803.474697 -796.167780 -789.538952 -781.908663 -774.485866 -764.797323 -756.858831 -751.842134 -746.135696 -734.954359 -712.840111 -686.857362 -649.539247 -606.601562 -575.097989 -554.425131 -539.461494 -519.472219 -501.578282 -474.347307 -445.326758 -417.519244 -390.444033 -368.985176 -351.543032 -345.818139 -340.278679 -333.127477 -317.669195 -299.460624 -281.550209 -257.721001 -233.467170 -215.257419 -204.995307 -198.305342 -185.633913
-9999.0 -9999.0 -811.171856 -807.418519 -806.747556 -801.533693 -796.839030 -797.778057 -793.662689 -792.427095 -796.382766 -794.600848 -793.202540 -794.711110 -792.274951 -789.512672 -789.061228 -792.614212 -793.997326 -784.384080 -767.316178 -749.226991 -733.136432 -700.932459 -680.127214 -666.467293 -659.194301 -641.547900 -617.712965 -580.049209 -537.940754 -497.129117 -463.602284 -437.376844 -427.131715 -414.976573 -397.152849 -381.375385 -355.719756 -329.869964 -305.308871 -283.456737 -264.287631 -256.307112 -252.763830 -240.495878 -222.480970 -203.744569 -185.760509 -169.084506 -152.183136 -151.665591 -151.472619 -151.287109 -151.109648
-9999.0 -9999.0 -815.108949 -809.322322 -808.840650 -799.934778 -792.316457 -794.800626 -792.299058 -786.760275 -787.643524 -785.871470 -783.128364 -779.134151 -773.810102 -766.569959 -769.050946 -770.970049 -775.079591 -754.307089 -727.900398 -687.947886 -629.346941 -583.392270 -552.828890 -549.380699 -546.757857 -532.704920 -511.600803 -473.054602 -427.778240 -385.273885 -347.938393 -323.288592 -312.118604 -301.299840 -286.450592 -272.264947 -258.662780 -230.284245 -213.690332 -195.731391 -176.388814 -160.064057 -154.059461 -153.785713 -153.533452 -153.299555 -153.081828 -152.876280 -153.061599 -156.065254 -156.788295 -156.169769 -155.051423
-9999.0 -822.983377 -816.515437 -812.195490 -805.213183 -802.033816 -793.155888 -784.162465 -782.651904 -779.384933 -777.136025 -774.899852 -753.998064 -733.404982 -722.042640 -705.353849 -709.521928 -713.330311 -719.597490 -697.028460 -659.122294 -583.304774 -479.982173 -435.392422 -414.749909 -413.992234 -418.879653 -406.218205 -382.756440 -349.293917 -300.499457 -268.258303 -233.036584 -206.766029 -198.565028 -196.854983 -184.825357 -170.129846 -153.828665 -151.489546 -151.112413 -150.756984 -155.052778 -154.741008 -154.451038 -154.183262 -156.955904 -162.598056 -169.726765 -174.740919 -178.357751 -182.686885 -180.146527 -176.777073 -175.236627
-9999.0 -831.772890 -817.936889 -808.604244 -805.864317 -802.552412 -787.123642 -770.007493 -769.773741 -767.276273 -760.687994 -738.906500 -691.336969 -644.325200 -615.067047 -582.359826 -586.380035 -599.318503 -599.920480 -571.362256 -524.684250 -460.905908 -357.113865 -287.706574 -287.286187 -279.039929 -271.460967 -251.673695 -227.084456 -206.276689 -189.898565 -168.605382 -166.030410 -165.505439 -164.994026 -164.500110 -164.027786 -163.579098 -166.565100 -169.695088 -173.799466 -173.427804 -169.830571 -169.836887 -172.086747 -174.458498 -179.441506 -186.673394 -192.123545 -196.479669 -199.091331 -202.006207 -203.023907 -202.001822 -205.258949
-9999.0 -829.651238 -813.625255 -809.659875 -808.407575 -791.959352 -781.502840 -765.025108 -746.955582 -737.813673 -710.603972 -647.643674 -569.148480 -496.948147 -457.805610 -438.527355 -427.347902 -431.824425 -416.467093 -380.973855 -332.246538 -277.035389 -237.417746 -190.151026 -184.020000 -183.410725 -182.784022 -182.155590 -181.537802 -180.936634 -180.353435 -181.627759 -176.768881 -174.277764 -175.015879 -177.335419 -181.327561 -188.403451 -192.983487 -195.558442 -198.458428 -198.144618 -194.946739 -194.194553 -196.186038 -199.570303 -203.724952 -209.129015 -214.730825 -220.790199 -224.025758 -227.366643 -229.010376 -232.574347 -236.714728
-9999.0 -855.584476 -830.015152 -828.235035 -800.705109 -781.799346 -774.426254 -747.634891 -700.784275 -671.373227 -593.796699 -508.236802 -430.888232 -377.162291 -338.829450 -301.256052 -278.335603 -257.317291 -233.276795 -215.603821 -189.935996 -177.438342 -176.865373 -176.281352 -184.097665 -183.477767 -189.998839 -207.458434 -216.985272 -223.064750 -220.901283 -213.427206 -207.134166 -200.953712 -202.466628 -202.013529 -202.544047 -205.837146 -208.863571 -216.043712 -222.919706 -227.483017 -227.795162 -221.945179 -226.549727 -229.816580 -234.913125 -241.757210 -249.268938 -256.238245 -262.775327 -268.668581 -270.976266 -275.911709 -276.650953
-9999.0 -888.633160 -857.907525 -829.183993 -798.803230 -780.704391 -763.281550 -729.863320 -635.012028 -556.994103 -484.106140 -443.332083 -382.672847 -319.450216 -260.109108 -230.601061 -217.579776 -216.945409 -216.292744 -222.213365 -249.746602 -257.748416 -245.163875 -225.120758 -217.470012 -214.530925 -223.284824 -234.476036 -240.900627 -241.414972 -241.544076 -240.603440 -240.037488 -240.669295 -243.319033 -241.866117 -237.686794 -242.386645 -248.806114 -255.197769 -261.035099 -267.961738 -272.530657 -274.401407 -276.158834 -276.128608 -282.493659 -291.592742 -300.707011 -307.620028 -314.452260 -319.713539 -320.990453 -324.612037 -329.589047
-9999.0 -930.951070 -871.104331 -840.179695 -811.066120 -795.694519 -782.775038 -758.557280 -711.651607 -571.289884 -416.204537 -399.212243 -378.211586 -342.578079 -285.574944 -236.443308 -232.784150 -265.439026 -293.464725 -311.728113 -316.173577 -311.054546 -298.664339 -279.172487 -264.806173 -257.260833 -258.164907 -266.759354 -279.457918 -286.000431 -288.935561 -295.200146 -299.925062 -299.628145 -301.026087 -295.857150 -291.929135 -300.089947 -311.112131 -324.329433 -336.071215 -344.797863 -347.688613 -346.850749 -346.961618 -349.180235 -355.526438 -364.327961 -375.126989 -384.633946 -391.756579 -396.444728 -401.205622 -408.192130 -416.381518
-9999.0 -9999.0 -903.766082 -856.818708 -830.027964 -811.031307 -796.284276 -774.915758 -748.698629 -671.646949 -581.785860 -510.926822 -471.471692 -436.310641 -384.920555 -342.207169 -337.319856 -335.444731 -366.101632 -373.235828 -374.784932 -373.437061 -365.070333 -352.936587 -340.608504 -332.523836 -327.998607 -329.849614 -338.835865 -352.555930 -367.583862 -378.605275 -385.280793 -389.630714 -382.282948 -371.675204 -371.965872 -377.529298 -387.724832 -401.608063 -413.642594 -425.672471 -428.779976 -427.424175 -426.939698 -429.242763 -433.908644 -445.183964 -456.603545 -467.992981 -472.846338 -477.519325 -482.390341 -491.628783 -501.238010
-9999.0 -9999.0 -952.690750 -891.819517 -848.043098 -820.539981 -808.115160 -793.040201 -768.376063 -747.582273 -721.118654 -683.416525 -641.184541 -599.689400 -559.358855 -510.823365 -491.665822 -485.177119 -488.747156 -485.518925 -473.116750 -460.999517 -451.733436 -440.664299 -428.837170 -418.773133 -410.446665 -419.278813 -429.246688 -444.067192 -461.702709 -480.002576 -489.291852 -494.305232 -488.911526 -480.460948 -483.633278 -492.246757 -504.704436 -519.750173 -531.597192 -543.192180 -546.517975 -547.211346 -546.882787 -548.743212 -551.578896 -560.535983 -571.615734 -579.270062 -585.269855 -590.638081 -593.162792 -599.798381 -608.106844
