tests/3D/Borden05m/rec/SoilPressure0000L0001.asc
ncols         160
nrows         34
xllcorner     620200.000000
yllcorner     5168000.000000
cellsize      0.500000
NODATA_value  -9999.0
[rows 0 to 24 of 34, columns 0 to 54 of 160]
-9999.0 -9999.0 -9999.0 -9999.0 -9999.0 -9999.0 -9999.0 -9999.0 -9999.0 -9999.0 -9999.0 -9999.0 -9999.0 -9999.0 -9999.0 -9999.0 -9999.0 -9999.0 -9999.0 -9999.0 -9999.0 -9999.0 -9999.0 -9999.0 -9999.0 -9999.0 -9999.0 -9999.0 -9999.0 -9999.0 -9999.0 -9999.0 -9999.0 -9999.0 -9999.0 -9999.0 -9999.0 -9999.0 -9999.0 -9999.0 -9999.0 -9999.0 -9999.0 -9999.0 -9999.0 -9999.0 -9999.0 -9999.0 -9999.0 -9999.0 -9999.0 -9999.0 -9999.0 -9999.0 -9999.0
-9999.0 -9999.0 -9999.0 -9999.0 -9999.0 -9999.0 -9999.0 -9999.0 -9999.0 -9999.0 -9999.0 -9999.0 -9999.0 -9999.0 -9999.0 -9999.0 -9999.0 -9999.0 -9999.0 -9999.0 -9999.0 -9999.0 -9999.0 -9999.0 -9999.0 -9999.0 -9999.0 -9999.0 -9999.0 -9999.0 -9999.0 -9999.0 -9999.0 -9999.0 -9999.0 -9999.0 -9999.0 -9999.0 -9999.0 -9999.0 -9999.0 -9999.0 -9999.0 -9999.0 -9999.0 -9999.0 -9999.0 -9999.0 -9999.0 -9999.0 -9999.0 -9999.0 -9999.0 -9999.0 -9999.0
-9999.0 -9999.0 -9999.0 -9999.0 -9999.0 -9999.0 -9999.0 -9999.0 -9999.0 -9999.0 -9999.0 -9999.0 -9999.0 -9999.0 -9999.0 -9999.0 -9999.0 -9999.0 -9999.0 -9999.0 -9999.0 -9999.0 -9999.0 -9999.0 -9999.0 -9999.0 -9999.0 -9999.0 -9999.0 -9999.0 -9999.0 -9999.0 -9999.0 -9999.0 -9999.0 -9999.0 -9999.0 -9999.0 -9999.0 -9999.0 -9999.0 -9999.0 -9999.0 -9999.0 -9999.0 -9999.0 -9999.0 -782.130604 -787.278915 -793.297821 -794.794777 -788.731996 -784.377944 -780.295712 -777.091426
-9999.0 -9999.0 -9999.0 -9999.0 -9999.0 -9999.0 -9999.0 -9999.0 -9999.0 -9999.0 -9999.0 -9999.0 -9999.0 -9999.0 -9999.0 -9999.0 -9999.0 -9999.0 -9999.0 -9999.0 -9999.0 -9999.0 -9999.0 -9999.0 -9999.0 -9999.0 -9999.0 -9999.0 -9999.0 -9999.0 -9999.0 -9999.0 -9999.0 -9999.0 -9999.0 -9999.0 -9999.0 -9999.0 -9999.0 -9999.0 -777.736987 -775.831827 -774.662995 -777.732482 -779.944551 -781.422199 -785.728686 -789.752012 -794.334847 -794.831031 -795.008022 -795.835932 -790.715548 -786.152540 -783.370173
-9999.0 -9999.0 -9999.0 -9999.0 -9999.0 -9999.0 -9999.0 -9999.0 -9999.0 -9999.0 -9999.0 -9999.0 -9999.0 -9999.0 -9999.0 -9999.0 -9999.0 -9999.0 -9999.0 -9999.0 -9999.0 -9999.0 -9999.0 -9999.0 -9999.0 -9999.0 -9999.0 -9999.0 -9999.0 -9999.0 -9999.0 -9999.0 -9999.0 -9999.0 -792.485989 -788.407923 -785.535694 -782.807638 -780.017920 -780.202031 -780.145915 -778.612847 -780.069744 -780.904727 -783.553233 -788.126386 -793.211597 -796.706529 -796.341948 -797.533217 -797.295576 -794.776269 -792.245639 -790.197830 -786.333188
-9999.0 -9999.0 -9999.0 -9999.0 -9999.0 -9999.0 -9999.0 -9999.0 -9999.0 -9999.0 -9999.0 -9999.0 -9999.0 -9999.0 -9999.0 -9999.0 -9999.0 -9999.0 -9999.0 -9999.0 -9999.0 -9999.0 -9999.0 -9999.0 -9999.0 -9999.0 -9999.0 -9999.0 -785.119645 -787.033360 -788.834000 -789.627056 -790.908426 -793.173586 -793.438029 -792.169788 -789.180596 -785.229299 -783.960992 -783.956469 -783.483719 -784.168359 -786.225449 -786.745475 -785.500773 -788.511947 -791.169325 -794.022211 -797.969032 -798.988581 -796.766975 -794.091083 -791.362296 -789.598304 -787.732470
-9999.0 -9999.0 -9999.0 -9999.0 -9999.0 -9999.0 -9999.0 -9999.0 -9999.0 -9999.0 -9999.0 -9999.0 -9999.0 -9999.0 -9999.0 -9999.0 -9999.0 -9999.0 -9999.0 -9999.0 -9999.0 -9999.0 -9999.0 -788.084745 -786.941442 -786.282355 -785.263195 -786.089786 -788.794629 -791.217568 -792.805061 -794.159009 -796.099768 -796.642534 -796.439055 -794.897268 -793.077595 -789.048067 -789.566452 -789.867220 -786.963955 -787.605648 -786.446995 -784.831097 -785.438660 -785.763016 -789.917806 -793.185295 -790.769119 -789.337245 -788.870914 -788.695852 -786.676193 -783.689945 -779.779718
-9999.0 -9999.0 -9999.0 -9999.0 -9999.0 -9999.0 -9999.0 -9999.0 -9999.0 -9999.0 -9999.0 -9999.0 -9999.0 -9999.0 -9999.0 -9999.0 -9999.0 -9999.0 -9999.0 -788.314308 -789.033588 -790.168054 -790.354790 -792.529520 -793.594975 -792.918602 -791.737277 -792.698746 -794.582567 -796.480273 -797.056348 -797.532313 -798.139042 -796.311810 -794.430320 -793.129452 -792.199228 -788.553229 -786.750904 -784.401195 -780.203467 -782.490039 -785.223776 -786.727267 -786.941949 -787.170679 -784.533103 -783.488078 -782.529710 -781.369538 -780.122461 -778.666732 -776.863196 -771.214224 -764.303610
-9999.0 -9999.0 -9999.0 -9999.0 -9999.0 -9999.0 -9999.0 -9999.0 -9999.0 -9999.0 -9999.0 -9999.0 -9999.0 -9999.0 -9999.0 -9999.0 -789.085126 -789.791548 -791.213159 -792.571487 -794.074713 -794.663743 -794.269166 -796.356644 -797.217237 -796.926269 -797.547083 -796.741167 -796.006742 -795.227549 -795.089450 -796.572732 -796.346298 -796.072500 -795.468478 -793.705981 -789.599245 -785.377989 -783.044381 -779.702058 -775.216083 -776.787244 -778.162660 -778.358341 -778.885187 -776.081256 -768.878979 -767.343596 -766.656760 -758.007950 -752.005585 -750.457784 -748.202590 -739.902885 -726.926661
-9999.0 -9999.0 -9999.0 -9999.0 -9999.0 -9999.0 -9999.0 -9999.0 -9999.0 -9999.0 -9999.0 -9999.0 -9999.0 -791.800579 -792.121817 -791.978298 -793.741853 -795.911423 -797.526437 -799.054834 -797.538639 -799.261973 -799.932564 -799.921028 -798.527619 -798.398807 -798.002185 -796.668340 -796.689755 -797.131061 -797.594905 -798.258020 -796.263179 -793.992255 -791.840724 -788.203640 -784.327653 -780.084825 -774.810514 -771.632483 -767.253249 -766.478947 -768.636012 -768.870459 -765.534082 -756.801531 -747.574969 -740.426864 -727.025242 -712.424590 -703.153475 -693.955245 -688.013293 -680.356150 -666.453825
-9999.0 -9999.0 -9999.0 -9999.0 -9999.0 -9999.0 -9999.0 -9999.0 -9999.0 -9999.0 -797.318696 -796.884244 -799.555623 -802.280235 -803.737722 -802.915865 -802.151291 -803.436055 -803.437233 -799.908230 -797.838841 -800.822818 -798.768399 -798.770537 -800.086029 -799.590352 -798.317155 -797.353437 -794.533051 -793.741032 -792.734594 -788.238246 -785.843052 -783.347170 -780.209961 -776.229062 -770.909376 -760.055232 -748.947730 -742.947516 -729.221859 -719.605795 -722.537689 -722.953009 -718.913745 -706.969436 -689.652298 -668.643216 -651.029309 -629.099688 -610.835241 -599.290851 -590.984986 -581.035301 -569.306576
-9999.0 -9999.0 -9999.0 -9999.0 -9999.0 -9999.0 -9999.0 -9999.0 -803.790003 -802.450041 -801.342439 -803.787373 -807.365426 -811.548331 -810.056132 -807.992919 -806.427324 -804.745687 -803.694170 -802.419284 -802.093632 -800.692733 -798.227307 -798.334631 -797.970735 -796.269442 -795.402277 -792.838350 -789.275612 -787.951661 -784.386367 -779.674684 -775.094627 -770.710857 -765.595437 -759.805010 -746.626533 -728.491300 -708.635414 -691.092736 -670.856136 -650.358689 -650.558281 -648.252852 -645.353940 -623.810677 -597.908230 -571.393937 -545.753142 -519.700013 -493.426095 -480.060070 -472.092615 -462.258791 -450.075113
-9999.0 -9999.0 -9999.0 -9999.0 -9999.0 -9999.0 -807.350719 -802.159606 -800.191092 -805.789808 -810.732688 -813.940316 -817.808955 -813.905375 -809.111768 -807.221205 -805.774104 -804.461776 -804.175488 -804.944266 -797.239704 -797.815983 -797.905901 -794.973100 -794.457545 -793.591214 -791.224825 -786.353226 -781.599968 -771.619384 -761.265661 -750.632810 -738.877099 -729.262755 -719.340978 -707.547094 -685.934319 -658.344439 -629.569416 -604.585387 -581.450905 -557.056541 -548.694619 -544.267414 -537.202607 -523.072521 -498.058224 -472.009834 -441.365830 -412.456804 -391.062625 -381.846805 -373.997683 -365.214252 -354.749030
-9999.0 -9999.0 -9999.0 -9999.0 -804.749089 -803.296956 -803.728210 -799.368245 -796.758164 -803.238844 -803.199112 -805.774405 -809.240790 -812.489398 -815.248065 -812.614709 -810.812378 -809.547677 -808.436728 -799.625948 -791.690512 -792.349840 -787.593257 -780.274918 -779.175463 -777.066342 -774.601702 -768.297136 -757.326775 -741.939873 -715.329488 -688.656142 -669.954166 -652.776311 -637.497003 -619.108368 -593.817124 -563.214355 -532.318831 -502.336961 -475.927937 -455.691104 -443.269905 -437.577547 -428.660376 -417.117358 -401.091406 -378.403426 -353.418149 -325.633358 -303.059855 -289.393653 -282.692670 -274.429413 -264.926899
-9999.0 -9999.0 -9999.0 -808.840836 -803.559575 -800.675872 -801.359774 -799.832606 -796.576039 -799.988605 -801.913971 -803.375836 -804.478466 -805.110412 -805.233695 -803.540804 -803.229393 -804.308681 -802.434126 -795.120283 -788.440143 -780.725537 -773.176532 -763.373382 -755.310044 -750.174634 -744.338898 -733.009977 -710.628427 -684.298958 -646.417229 -602.976147 -571.236323 -550.453026 -535.414027 -515.347500 -497.383675 -470.071395 -440.985530 -413.125795 -386.011135 -364.526917 -347.072188 -341.338617 -335.785700 -328.625478 -313.157300 -294.932083 -277.004519 -253.158251 -228.892824 -210.668207 -200.399210 -193.704163 -181.027804
-9999.0 -9999.0 -810.422792 -806.690750 -806.018613 -800.841805 -796.160935 -797.053771 -792.937101 -791.679589 -795.568125 -793.769437 -792.346421 -793.805881 -791.350602 -788.566494 -788.058706 -791.525099 -792.808887 -783.145361 -765.962134 -747.677733 -731.419954 -698.693078 -677.508002 -663.609004 -656.218825 -638.328645 -614.193395 -576.222769 -533.897271 -492.944049 -459.344181 -433.073885 -422.800464 -410.616724 -392.767670 -376.955644 -351.263221 -325.392232 -300.804491 -278.936608 -259.759269 -251.781387 -248.234410 -235.957321 -217.925817 -199.170635 -181.169683 -164.476234 -147.608691 -147.064557 -146.860408 -146.669424 -146.483380
-9999.0 -9999.0 -814.334569 -808.586522 -808.103834 -799.268002 -791.665264 -794.083987 -791.544877 -785.976256 -786.785917 -784.937252 -782.138235 -778.093708 -772.703998 -765.404847 -767.791200 -769.614468 -773.619626 -752.714194 -726.042884 -685.474302 -625.994073 -579.574655 -548.832691 -545.342988 -542.698051 -528.597485 -507.431143 -468.803615 -423.466583 -380.902120 -343.532605 -318.860089 -307.676608 -296.840018 -281.977750 -267.782769 -254.165398 -225.758862 -209.137614 -191.159863 -171.800184 -155.467631 -149.458495 -149.177316 -148.951558 -148.693915 -148.459616 -148.246732 -148.428806 -151.433945 -152.158058 -151.541441 -150.425635
-9999.0 -822.164081 -815.742560 -811.455577 -804.516216 -801.341825 -792.514898 -783.523771 -781.888227 -778.488646 -776.094510 -773.744019 -752.767240 -731.936032 -720.368942 -703.365855 -707.557865 -711.374496 -717.720715 -694.764056 -656.172871 -579.506470 -475.819007 -431.129529 -410.406689 -409.648410 -414.546153 -401.886549 -378.417350 -344.919774 -296.071524 -263.789604 -228.524880 -202.223974 -194.010043 -192.291271 -180.252155 -165.547426 -149.320027 -146.932173 -146.530761 -146.155267 -150.434573 -150.119784 -149.828226 -149.560479 -152.333774 -157.977037 -165.106916 -170.122331 -173.740994 -178.071918 -175.534258 -172.167827 -170.632552
-9999.0 -830.903318 -817.170327 -807.907883 -805.166326 -801.882781 -786.563826 -769.364315 -768.897928 -766.155491 -759.405892 -737.495086 -689.085506 -641.177183 -611.525490 -578.551925 -582.600269 -595.629245 -596.276476 -567.539062 -520.670631 -456.728161 -352.765661 -283.296179 -282.802754 -274.552875 -266.982270 -247.186571 -222.574940 -201.734934 -185.320253 -164.083713 -161.453855 -160.901223 -160.384636 -159.890840 -159.413194 -158.966845 -161.950972 -165.082375 -169.187881 -168.816746 -165.218825 -165.225986 -167.477267 -169.851009 -174.835601 -182.068761 -187.519873 -191.878138 -194.492040 -197.409690 -198.431776 -197.415831 -200.679259
-9999.0 -828.824164 -812.910251 -808.968792 -807.731521 -791.435161 -780.954587 -764.319783 -745.851782 -736.415744 -708.778313 -644.594399 -565.264961 -492.767991 -453.528481 -434.216183 -423.059768 -427.588321 -412.260520 -376.734585 -327.954101 -272.642308 -232.890331 -185.550527 -179.402537 -178.789103 -178.219642 -177.565864 -176.924658 -176.323233 -175.741146 -177.006482 -172.149188 -169.659497 -170.400564 -172.722713 -176.717727 -183.796603 -188.378635 -190.956572 -193.859317 -193.548961 -190.354345 -189.602592 -191.596718 -194.983283 -199.140250 -204.546660 -210.151928 -216.215020 -219.455310 -222.801043 -224.449817 -228.021124 -232.166887
-9999.0 -854.696468 -829.217116 -827.447390 -800.204364 -781.388315 -773.939000 -746.876309 -698.886348 -668.746271 -590.115780 -504.080950 -426.526120 -372.698688 -334.338081 -296.750693 -273.822464 -252.809823 -228.755419 -211.237093 -185.501081 -172.898094 -172.266745 -171.655871 -179.449755 -178.831146 -185.359104 -202.826592 -212.359481 -218.444540 -216.286541 -208.817396 -202.530534 -196.355582 -197.872697 -197.422061 -197.953779 -201.249926 -204.280735 -211.465940 -218.346236 -222.915092 -223.233462 -217.387557 -221.994478 -225.262947 -230.363776 -237.213373 -244.730940 -251.705418 -258.249143 -264.148552 -266.461992 -271.404409 -272.152576
-9999.0 -887.684384 -857.023773 -828.454747 -798.362731 -780.379107 -762.979830 -729.110140 -632.097393 -553.187422 -479.886106 -438.928931 -378.168716 -314.917989 -255.557785 -226.010760 -212.969845 -212.324016 -211.710420 -217.600792 -245.151100 -253.154453 -240.561980 -220.507213 -212.845904 -209.907757 -218.664428 -229.858536 -236.290587 -236.812862 -236.951672 -236.023772 -235.469345 -236.109580 -238.763955 -237.313000 -233.136346 -237.843351 -244.272334 -250.673028 -256.519000 -263.453289 -268.027987 -269.905359 -271.663515 -271.636596 -278.007824 -287.114514 -296.237855 -303.159907 -310.000155 -315.268130 -316.554477 -320.186969 -325.181295
-9999.0 -930.008090 -870.215122 -839.394366 -810.511323 -795.258222 -782.409693 -758.147479 -710.446699 -567.658819 -412.158948 -394.874652 -373.775272 -338.054330 -281.030379 -231.855654 -228.201085 -260.856132 -288.904951 -307.172083 -311.603025 -306.479802 -294.092667 -274.604834 -260.234565 -252.688198 -253.589667 -262.187726 -274.896814 -281.456398 -284.411637 -290.695001 -295.433913 -295.146450 -296.542554 -291.371464 -287.451636 -295.620262 -306.654642 -319.887972 -331.644698 -340.384009 -343.280063 -342.444017 -342.557220 -344.782960 -351.136176 -359.950403 -370.764247 -380.287779 -387.421124 -392.120236 -396.896336 -403.902881 -412.115950
-9999.0 -9999.0 -902.839389 -855.982483 -829.305769 -810.441813 -795.827622 -774.579318 -748.245694 -669.485140 -578.254299 -506.916820 -467.273574 -432.023531 -380.597022 -337.838048 -332.917674 -331.010025 -361.649676 -368.770921 -370.310830 -368.957916 -360.590387 -348.458451 -336.128276 -328.040579 -323.511720 -325.371439 -334.369937 -348.114281 -363.173305 -374.222830 -380.916796 -385.281412 -377.930052 -367.320252 -367.621689 -373.196475 -383.409662 -397.314477 -409.369059 -421.419413 -424.537333 -423.187307 -422.706327 -425.015982 -429.690870 -440.987356 -452.431888 -463.845159 -468.716376 -473.407916 -478.296457 -487.563240 -497.207990
-9999.0 -9999.0 -951.756025 -890.932063 -847.266795 -819.901476 -807.570866 -792.703943 -768.158839 -747.248719 -720.307885 -681.608624 -638.339089 -596.218694 -555.594686 -506.871851 -487.622091 -481.107888 -484.634850 -481.349161 -468.906418 -456.740113 -447.442102 -436.358471 -424.516565 -414.438678 -406.111433 -414.962945 -424.952589 -439.805310 -457.485428 -475.837118 -485.161770 -490.187056 -484.797299 -476.346986 -479.533764 -488.171754 -500.669925 -515.765384 -527.663396 -539.304846 -542.653334 -543.360072 -543.037024 -544.908944 -547.762988 -556.763599 -567.906296 -575.614590 -581.666508 -587.077025 -589.628708 -596.317226 -604.698392
