tests/3D/Borden05m/rec/SoilPressure0000L0020.asc
ncols         160
nrows         34
xllcorner     620200.000000
yllcorner     5168000.000000
cellsize      0.500000
NODATA_value  -9999.0
[rows 0 to 24 of 34, columns 0 to 54 of 160]
-9999.0 -9999.0 -9999.0 -9999.0 -9999.0 -9999.0 -9999.0 -9999.0 -9999.0 -9999.0 -9999.0 -9999.0 -9999.0 -9999.0 -9999.0 -9999.0 -9999.0 -9999.0 -9999.0 -9999.0 -9999.0 -9999.0 -9999.0 -9999.0 -9999.0 -9999.0 -9999.0 -9999.0 -9999.0 -9999.0 -9999.0 -9999.0 -9999.0 -9999.0 -9999.0 -9999.0 -9999.0 -9999.0 -9999.0 -9999.0 -9999.0 -9999.0 -9999.0 -9999.0 -9999.0 -9999.0 -9999.0 -9999.0 -9999.0 -9999.0 -9999.0 -9999.0 -9999.0 -9999.0 -9999.0
-9999.0 -9999.0 -9999.0 -9999.0 -9999.0 -9999.0 -9999.0 -9999.0 -9999.0 -9999.0 -9999.0 -9999.0 -9999.0 -9999.0 -9999.0 -9999.0 -9999.0 -9999.0 -9999.0 -9999.0 -9999.0 -9999.0 -9999.0 -9999.0 -9999.0 -9999.0 -9999.0 -9999.0 -9999.0 -9999.0 -9999.0 -9999.0 -9999.0 -9999.0 -9999.0 -9999.0 -9999.0 -9999.0 -9999.0 -9999.0 -9999.0 -9999.0 -9999.0 -9999.0 -9999.0 -9999.0 -9999.0 -9999.0 -9999.0 -9999.0 -9999.0 -9999.0 -9999.0 -9999.0 -9999.0
-9999.0 -9999.0 -9999.0 -9999.0 -9999.0 -9999.0 -9999.0 -9999.0 -9999.0 -9999.0 -9999.0 -9999.0 -9999.0 -9999.0 -9999.0 -9999.0 -9999.0 -9999.0 -9999.0 -9999.0 -9999.0 -9999.0 -9999.0 -9999.0 -9999.0 -9999.0 -9999.0 -9999.0 -9999.0 -9999.0 -9999.0 -9999.0 -9999.0 -9999.0 -9999.0 -9999.0 -9999.0 -9999.0 -9999.0 -9999.0 -9999.0 -9999.0 -9999.0 -9999.0 -9999.0 -9999.0 -9999.0 2131.719296 2114.703981 2100.575670 2097.302958 2119.383641 2143.015866 2167.270352 2188.285475
-9999.0 -9999.0 -9999.0 -9999.0 -9999.0 -9999.0 -9999.0 -9999.0 -9999.0 -9999.0 -9999.0 -9999.0 -9999.0 -9999.0 -9999.0 -9999.0 -9999.0 -9999.0 -9999.0 -9999.0 -9999.0 -9999.0 -9999.0 -9999.0 -9999.0 -9999.0 -9999.0 -9999.0 -9999.0 -9999.0 -9999.0 -9999.0 -9999.0 -9999.0 -9999.0 -9999.0 -9999.0 -9999.0 -9999.0 -9999.0 2178.424071 2184.571912 2185.247486 2175.370649 2164.338022 2151.554346 2131.524736 2114.555059 2100.995113 2099.112493 2101.977638 2106.066234 2127.941371 2153.410904 2173.629111
-9999.0 -9999.0 -9999.0 -9999.0 -9999.0 -9999.0 -9999.0 -9999.0 -9999.0 -9999.0 -9999.0 -9999.0 -9999.0 -9999.0 -9999.0 -9999.0 -9999.0 -9999.0 -9999.0 -9999.0 -9999.0 -9999.0 -9999.0 -9999.0 -9999.0 -9999.0 -9999.0 -9999.0 -9999.0 -9999.0 -9999.0 -9999.0 -9999.0 -9999.0 2081.604473 2099.169359 2117.723597 2136.834743 2154.349688 2161.969584 2168.587064 2174.538256 2170.440072 2166.161087 2154.823919 2134.836336 2115.661542 2102.685885 2101.440534 2099.235113 2103.355888 2115.724528 2132.681159 2148.487628 2169.472534
-9999.0 -9999.0 -9999.0 -9999.0 -9999.0 -9999.0 -9999.0 -9999.0 -9999.0 -9999.0 -9999.0 -9999.0 -9999.0 -9999.0 -9999.0 -9999.0 -9999.0 -9999.0 -9999.0 -9999.0 -9999.0 -9999.0 -9999.0 -9999.0 -9999.0 -9999.0 -9999.0 -9999.0 2081.775398 2076.251615 2071.900996 2071.019429 2070.365485 2070.165932 2077.884106 2090.076619 2108.152423 2130.646200 2144.377157 2152.199073 2159.518131 2160.419760 2155.171286 2153.506481 2154.044996 2141.844757 2129.911388 2118.749895 2107.895658 2105.546699 2114.814516 2129.090504 2145.402936 2160.199055 2175.608830
-9999.0 -9999.0 -9999.0 -9999.0 -9999.0 -9999.0 -9999.0 -9999.0 -9999.0 -9999.0 -9999.0 -9999.0 -9999.0 -9999.0 -9999.0 -9999.0 -9999.0 -9999.0 -9999.0 -9999.0 -9999.0 -9999.0 -9999.0 2048.155996 2053.841994 2060.904557 2069.114985 2070.785612 2068.006155 2063.153638 2060.919801 2060.090083 2058.726015 2063.923188 2072.101140 2085.905088 2101.919842 2124.483742 2133.313427 2138.791690 2150.851145 2154.327431 2161.300446 2165.305097 2163.452500 2159.830399 2145.890396 2135.202948 2138.497569 2143.167660 2149.812140 2157.813147 2171.081575 2185.356282 2201.341214
-9999.0 -9999.0 -9999.0 -9999.0 -9999.0 -9999.0 -9999.0 -9999.0 -9999.0 -9999.0 -9999.0 -9999.0 -9999.0 -9999.0 -9999.0 -9999.0 -9999.0 -9999.0 -9999.0 2020.634138 2021.962221 2023.820928 2029.225084 2030.589362 2033.108528 2040.540166 2049.202413 2052.477607 2051.138245 2050.521763 2052.464963 2055.609103 2060.547691 2071.853976 2085.855834 2100.237653 2113.801144 2134.762324 2149.454786 2162.421191 2178.014630 2177.888680 2173.971354 2172.026848 2171.931132 2170.822560 2171.513906 2171.843521 2177.561118 2179.661931 2184.022294 2192.753922 2203.996246 2220.746884 2238.720440
-9999.0 -9999.0 -9999.0 -9999.0 -9999.0 -9999.0 -9999.0 -9999.0 -9999.0 -9999.0 -9999.0 -9999.0 -9999.0 -9999.0 -9999.0 -9999.0 1989.973346 1992.076985 1994.831653 2000.896709 2004.686739 2009.144859 2016.634120 2018.595126 2022.688421 2030.256474 2035.357746 2044.844255 2053.465319 2060.986999 2067.154097 2069.910244 2077.021027 2086.517617 2098.174851 2112.652931 2133.266241 2156.397055 2172.112243 2188.559808 2205.361043 2205.565260 2203.713900 2203.874847 2202.747947 2205.852676 2220.932142 2224.564602 2221.654516 2233.781011 2245.771575 2248.881951 2255.353389 2273.832269 2295.719724
-9999.0 -9999.0 -9999.0 -9999.0 -9999.0 -9999.0 -9999.0 -9999.0 -9999.0 -9999.0 -9999.0 -9999.0 -9999.0 1940.623103 1944.897988 1955.153788 1966.040708 1969.227443 1974.270476 1981.102279 1993.660826 1997.664692 2004.128007 2011.860233 2024.462284 2033.354862 2042.532096 2054.456215 2062.741169 2069.834975 2076.475314 2080.606185 2092.770619 2107.116165 2121.829368 2141.069035 2162.525691 2181.445557 2200.148229 2215.586721 2227.592249 2226.584577 2224.952920 2226.380000 2231.638007 2245.686695 2262.257041 2265.918156 2278.712038 2299.314731 2310.063363 2318.497857 2324.824401 2337.303614 2357.399170
-9999.0 -9999.0 -9999.0 -9999.0 -9999.0 -9999.0 -9999.0 -9999.0 -9999.0 -9999.0 1909.648972 1911.692114 1908.350035 1907.193327 1912.897210 1925.414997 1939.873489 1946.225930 1958.302762 1979.712859 1998.175524 2001.643116 2015.755342 2026.108389 2032.908548 2043.029043 2055.879368 2068.086823 2083.881145 2095.571242 2105.331445 2122.746597 2138.260981 2153.928829 2170.670462 2190.160139 2207.278224 2232.434010 2257.411859 2267.231036 2285.860800 2291.907451 2287.523580 2285.694600 2293.655851 2306.070992 2322.849582 2341.133191 2359.927111 2382.274534 2395.009993 2407.487860 2416.255665 2426.449309 2440.731882
-9999.0 -9999.0 -9999.0 -9999.0 -9999.0 -9999.0 -9999.0 -9999.0 1884.546767 1892.381879 1898.319336 1895.323167 1890.975132 1886.259592 1900.588648 1916.351758 1932.413182 1950.471018 1966.311069 1984.548972 1999.114512 2014.503003 2034.321321 2045.344269 2056.192215 2070.990919 2083.903090 2099.396935 2119.662990 2129.405187 2142.693718 2162.265926 2178.561368 2195.035936 2212.419975 2228.624876 2250.906501 2281.470407 2310.554298 2328.782866 2354.364069 2373.270603 2369.092667 2368.456839 2370.195790 2393.178519 2419.501503 2447.808697 2468.628719 2492.684752 2520.189070 2537.470386 2546.430257 2557.247261 2570.684033
-9999.0 -9999.0 -9999.0 -9999.0 -9999.0 -9999.0 1856.261532 1880.696877 1895.975718 1887.838520 1875.963097 1871.624964 1866.568985 1893.532368 1915.654438 1932.882234 1949.587478 1967.015846 1983.191646 1993.741112 2025.166061 2043.300251 2055.997036 2071.266590 2085.216280 2099.111013 2115.281432 2136.870934 2155.768545 2180.793708 2200.964895 2220.215070 2243.996808 2261.311968 2277.896107 2292.568588 2320.512488 2354.880536 2388.827649 2413.968086 2438.321378 2467.902485 2470.361842 2473.077078 2476.443278 2497.337404 2528.494951 2557.141250 2588.595822 2618.641863 2644.866420 2655.135920 2663.905322 2673.592726 2685.612550
-9999.0 -9999.0 -9999.0 -9999.0 1822.881940 1843.877336 1863.438443 1893.949537 1916.324873 1911.382661 1916.937433 1915.968768 1912.755391 1916.946339 1924.250192 1941.616646 1960.088609 1978.820681 1994.473415 2025.141808 2069.763310 2082.419058 2102.519347 2132.385608 2143.939887 2157.701169 2172.637531 2193.370465 2215.038977 2244.209711 2281.912498 2313.688980 2335.791805 2355.384596 2373.968773 2391.899492 2424.496337 2459.969511 2494.438240 2525.665718 2552.594875 2577.011174 2585.618257 2590.967909 2600.797799 2616.285161 2637.002129 2663.201907 2694.254737 2725.114805 2748.283914 2758.961033 2764.811014 2774.109838 2782.404009
-9999.0 -9999.0 -9999.0 1771.036527 1810.046580 1848.880016 1875.397680 1906.074622 1938.308950 1940.671703 1949.307550 1951.574101 1953.284539 1959.892545 1965.417383 1981.585149 1997.938923 2014.853283 2035.738411 2069.968175 2101.108558 2124.092889 2152.775028 2173.300674 2189.180999 2202.406998 2219.580098 2240.297813 2276.800137 2308.911153 2355.112853 2404.926937 2437.565743 2457.911766 2478.417097 2503.950172 2527.197850 2562.730159 2595.510701 2626.524384 2656.129206 2678.342596 2693.835173 2699.057107 2707.624039 2714.029843 2727.670099 2747.976683 2769.077022 2797.730307 2825.489882 2843.890964 2856.819442 2866.495407 2882.318231
-9999.0 -9999.0 1723.118590 1761.847246 1794.807795 1843.553343 1896.666166 1931.424361 1971.502616 1992.786526 1997.478601 2010.944222 2023.717030 2027.256523 2038.762315 2052.862133 2071.467498 2078.128974 2095.316923 2117.589518 2159.837454 2198.113003 2205.973957 2249.245534 2279.279121 2307.451900 2325.201632 2350.171429 2384.748165 2420.737475 2465.160649 2512.764899 2547.276280 2575.102153 2589.683165 2607.792210 2627.683539 2651.174748 2684.758934 2710.795103 2741.889625 2766.474327 2786.188791 2789.461671 2792.673959 2807.789519 2833.000173 2853.265183 2878.011860 2903.057107 2897.496912 2913.087460 2920.214986 2924.361839 2930.879649
-9999.0 -9999.0 1694.731956 1740.529162 1778.298839 1840.959568 1923.902295 1959.650611 2000.943547 2046.116990 2061.771495 2083.792821 2086.319057 2085.228102 2104.620724 2121.911931 2136.519083 2142.216469 2137.838708 2189.761963 2243.106507 2279.324922 2305.528156 2374.342175 2420.663963 2439.044169 2451.984457 2470.852089 2491.521195 2530.399275 2571.896254 2623.029762 2663.606934 2692.293255 2706.229800 2723.802197 2742.246804 2757.425905 2775.457890 2816.728754 2840.079754 2866.324097 2894.401648 2914.370076 2922.066658 2925.791762 2908.104268 2921.008111 2930.097618 2934.154164 2935.716913 2932.118337 2931.534724 2932.382419 2933.472473
-9999.0 1603.628581 1656.034368 1708.102003 1775.045924 1839.669128 1918.965045 1996.329824 2057.007621 2105.623464 2131.790550 2133.849288 2151.940545 2184.512323 2205.510026 2225.665108 2228.151067 2233.872685 2218.190701 2266.412241 2307.554764 2367.444794 2468.926941 2523.608638 2574.447069 2572.441803 2563.411965 2571.193856 2589.870462 2632.694850 2702.970679 2752.283343 2809.058935 2845.318096 2859.341406 2865.331665 2882.309771 2901.491011 2870.584549 2901.554960 2915.041113 2926.721008 2932.115043 2934.012927 2935.190128 2935.268386 2931.946792 2925.330354 2917.537734 2912.039972 2908.079139 2903.693534 2906.233024 2909.656762 2910.341389
-9999.0 1566.816920 1625.389606 1695.572424 1765.073357 1823.303161 1916.870708 2070.042240 2126.910228 2163.239836 2176.484595 2175.497809 2241.433182 2301.922756 2329.216573 2371.585607 2359.825285 2345.619748 2319.694849 2346.595217 2388.252859 2457.577735 2608.924908 2692.387252 2729.594081 2738.246298 2741.636203 2767.857207 2806.509767 2841.032943 2877.382741 2861.803967 2897.397643 2914.277556 2918.148835 2919.116781 2923.444690 2922.889147 2921.312750 2917.490123 2912.750825 2913.133867 2917.641730 2917.720371 2915.139461 2912.207922 2906.866155 2899.678487 2894.660937 2890.273330 2887.732567 2884.945628 2883.318429 2883.157824 2878.890276
-9999.0 1532.125168 1605.145000 1666.345315 1722.574237 1826.040769 1953.622101 2092.276849 2185.445466 2219.743053 2219.802677 2270.535198 2368.757217 2466.058081 2515.122748 2536.194135 2526.342478 2491.266407 2481.999064 2523.566143 2587.984939 2689.308103 2799.408871 2878.577591 2890.940308 2893.891127 2860.796412 2879.615087 2896.960772 2898.908839 2899.962794 2905.489858 2910.798676 2913.850877 2912.820173 2910.431282 2906.209558 2898.728396 2894.431919 2891.379678 2888.080145 2887.531934 2890.052844 2891.745268 2889.314609 2885.717733 2881.535463 2876.394009 2871.181770 2864.878937 2860.974462 2857.031885 2855.075661 2850.149929 2846.624403
-9999.0 1421.269626 1513.561648 1561.807380 1657.393702 1838.300047 1965.749208 2110.154408 2263.306220 2291.674908 2350.195647 2475.524236 2583.461016 2657.034827 2689.277413 2724.451418 2749.103556 2767.077857 2800.652848 2721.527728 2786.510127 2855.452253 2886.447374 2899.840381 2904.767571 2905.613834 2897.156016 2877.749805 2867.744717 2861.473123 2863.556964 2871.242687 2876.724803 2882.234216 2880.483447 2881.711415 2882.736604 2880.062517 2877.393275 2869.528907 2862.207676 2856.304509 2854.038913 2859.206195 2854.701501 2852.228111 2846.593452 2839.478444 2837.445923 2830.218153 2822.689249 2816.334946 2814.083831 2809.076439 2807.972294
-9999.0 1340.500068 1415.380341 1490.615371 1615.671114 1779.549790 1892.541034 2054.188173 2275.572668 2398.498145 2537.888914 2615.459873 2684.155537 2733.099218 2786.591023 2827.863935 2850.941865 2860.617785 2839.635960 2854.843659 2821.506174 2811.749101 2822.927486 2849.147285 2863.860627 2868.039174 2860.374038 2851.062979 2844.443366 2843.868313 2842.638513 2840.339810 2837.880292 2835.450446 2832.768548 2835.639072 2841.063717 2835.683193 2833.122610 2824.687886 2817.106079 2808.704071 2803.302363 2799.575690 2799.475671 2799.784434 2792.598290 2782.579885 2772.349671 2764.492171 2757.415387 2752.697398 2750.391823 2745.744717 2737.318242
-9999.0 1231.687889 1358.614921 1444.240767 1552.901295 1685.751190 1800.978705 1957.869807 2095.900712 2324.424710 2471.264201 2614.798501 2657.523004 2718.449135 2769.227834 2831.573635 2829.959165 2804.087913 2765.728716 2749.533443 2756.800087 2765.233702 2775.247450 2791.723442 2808.973359 2818.864649 2822.661882 2816.356009 2803.008471 2792.642464 2784.248334 2773.046467 2765.324329 2763.961179 2766.768205 2775.693852 2777.455923 2768.732864 2755.770543 2739.137795 2724.783248 2713.997314 2711.877951 2714.227154 2715.086964 2711.627808 2705.728333 2695.561822 2683.504160 2671.913243 2665.802708 2661.328432 2654.600919 2644.461521 2633.358998
-9999.0 -9999.0 1278.423084 1388.254956 1489.266340 1606.146426 1708.425259 1838.612736 1982.462837 2156.646027 2271.038234 2421.768841 2502.235883 2544.708837 2584.400249 2637.356666 2657.587461 2681.231177 2669.071812 2676.032377 2683.236306 2687.994273 2694.719114 2702.848264 2714.404205 2724.233555 2733.317332 2731.233512 2722.781579 2704.585994 2682.288529 2665.190257 2656.101922 2648.550607 2659.607363 2671.882628 2668.108686 2661.805168 2650.048480 2634.585016 2622.266001 2608.752181 2605.499234 2605.924139 2606.572141 2604.323184 2601.219115 2589.090485 2577.034295 2566.669659 2562.357325 2556.935025 2552.895148 2543.130400 2532.702710
-9999.0 -9999.0 1192.198762 1298.721773 1407.229879 1527.468349 1619.488001 1664.625515 1807.824288 1916.102594 2019.747152 2121.660189 2208.212088 2271.493452 2307.721503 2367.012442 2413.392458 2429.037988 2457.495788 2497.647445 2526.306482 2558.520431 2578.204022 2588.721715 2601.597053 2615.314634 2623.500201 2610.520968 2600.007186 2583.911074 2562.432606 2538.404821 2526.354571 2524.863968 2525.997330 2529.771596 2523.640303 2514.964268 2501.213369 2487.089101 2475.049257 2465.403800 2461.953513 2457.838032 2456.352150 2453.901633 2451.859183 2445.421516 2436.214063 2430.618385 2422.901642 2418.552321 2417.115342 2412.809062 2406.041370
