tests/3D/Borden05m/rec/SoilPressure0000L0002.old.asc
ncols         160
nrows         34
xllcorner     620200.000000
yllcorner     5168000.000000
cellsize      0.500000
NODATA_value  -9999.0
[rows 0 to 24 of 34, columns 55 to 109 of 160]
-9999.0 -9999.0 -9999.0 -9999.0 -9999.0 -9999.0 -9999.0 -9999.0 -9999.0 -9999.0 -9999.0 -9999.0 -9999.0 -9999.0 -9999.0 -9999.0 -9999.0 -9999.0 -9999.0 -9999.0 -9999.0 -9999.0 -9999.0 -9999.0 -9999.0 -9999.0 -9999.0 -9999.0 -9999.0 -9999.0 -9999.0 -9999.0 -9999.0 -9999.0 -9999.0 -9999.0 -9999.0 -9999.0 -9999.0 -9999.0 -9999.0 -9999.0 -9999.0 -9999.0 -9999.0 -9999.0 -9999.0 -9999.0 -9999.0 -9999.0 -9999.0 -9999.0 -9999.0 -9999.0 -9999.0
-9999.0 -9999.0 -9999.0 -9999.0 -742.245163 -744.373324 -746.169374 -747.597092 -750.592340 -753.381832 -756.192141 -757.234150 -757.400829 -757.894957 -758.500469 -757.025283 -754.795291 -752.687729 -750.463002 -750.222739 -749.728502 -749.008227 -748.880544 -749.378819 -750.504052 -751.460893 -752.410437 -752.291531 -755.187219 -759.100061 -762.162394 -763.014965 -761.189623 -759.733756 -759.373786 -757.657798 -754.283586 -750.990175 -748.734185 -744.835564 -743.610466 -741.783831 -740.142638 -741.724738 -742.627984 -743.210526 -743.871882 -747.794008 -9999.0 -9999.0 -9999.0 -9999.0 -9999.0 -9999.0 -9999.0
-756.540858 -752.502071 -747.075270 -746.924935 -752.421461 -754.060138 -754.933576 -755.258417 -756.779111 -759.758593 -761.327799 -763.375099 -764.118916 -764.399865 -764.878799 -763.831762 -760.603448 -758.085995 -756.897787 -756.686085 -756.364707 -756.623970 -757.025405 -757.150168 -758.170747 -759.227747 -760.225029 -760.433642 -759.732606 -762.409417 -764.107647 -765.310813 -765.956206 -765.291519 -764.811784 -764.400272 -761.154409 -758.876234 -756.693128 -751.804518 -747.248623 -745.453850 -746.633688 -748.528476 -749.116877 -750.427484 -752.934346 -755.495090 -757.415519 -758.675629 -759.514514 -760.853203 -758.538699 -757.124902 -753.987019
-763.396383 -759.308104 -753.679577 -753.779580 -758.905761 -762.398434 -763.643785 -763.319595 -762.072062 -763.386663 -765.324157 -767.245119 -764.549787 -764.631689 -764.672611 -763.872197 -762.758350 -762.531686 -761.909078 -760.468426 -757.284142 -756.838508 -756.963325 -756.990095 -757.677194 -758.796717 -759.155044 -759.974168 -762.096679 -762.104531 -761.727069 -761.803877 -759.517210 -759.143374 -758.671725 -762.431575 -761.649209 -759.841320 -757.954424 -755.880647 -753.632693 -751.746962 -753.206927 -753.047916 -755.511369 -759.844059 -762.528804 -763.866399 -762.826718 -762.313762 -764.099274 -768.472361 -765.600058 -759.681397 -758.816686
-763.903984 -764.013160 -761.618498 -761.821317 -764.502714 -763.924957 -763.050307 -762.259614 -763.080866 -764.720334 -765.954187 -760.830789 -757.635026 -757.789260 -757.018320 -755.844739 -756.670438 -762.847098 -764.593077 -761.307198 -757.350541 -755.293291 -755.849540 -756.154301 -756.827471 -757.143498 -757.103750 -758.123303 -757.293603 -756.056139 -755.848623 -753.477858 -750.996250 -749.685081 -754.318813 -758.898862 -759.092115 -755.953516 -752.999565 -750.346911 -745.443537 -739.427026 -740.191109 -742.549324 -745.540941 -749.873393 -758.122020 -764.640314 -766.988476 -767.902714 -769.427747 -768.938452 -769.258846 -764.902363 -764.516928
-768.534475 -766.331579 -759.455274 -757.073944 -760.566265 -763.405238 -765.098334 -764.881088 -765.115939 -764.081460 -758.508291 -753.268899 -746.670966 -746.331873 -745.503696 -745.741830 -751.101607 -756.274903 -759.035950 -751.557441 -744.191967 -740.435335 -740.370773 -739.940667 -734.654296 -736.208299 -737.984611 -741.397889 -739.875961 -738.048072 -730.953064 -726.939529 -723.209005 -724.514683 -731.423733 -737.515123 -738.846726 -738.457188 -738.440310 -735.812868 -729.922793 -723.489654 -726.452782 -730.626334 -735.680177 -749.821622 -761.555314 -766.977717 -763.914092 -761.881210 -762.552801 -762.724827 -763.354141 -766.303667 -765.899845
-757.059170 -750.115017 -743.259263 -735.671061 -739.480667 -744.077563 -750.131238 -749.995261 -748.388061 -744.688790 -738.388059 -728.318740 -713.855032 -711.654809 -708.998366 -705.555573 -712.457290 -719.981231 -727.901017 -718.797852 -713.105349 -707.020068 -704.312211 -695.328801 -687.652483 -691.793990 -698.522064 -705.042683 -700.466768 -689.603344 -678.598217 -674.326630 -672.296896 -671.398425 -678.552689 -682.260780 -684.883334 -685.328010 -689.024970 -687.686430 -678.774609 -666.134898 -665.493844 -675.058747 -692.535414 -716.354200 -736.959255 -748.590326 -745.109266 -747.351057 -749.139594 -750.186595 -755.830599 -760.012948 -758.791206
-739.541384 -730.747442 -721.183932 -710.120755 -712.343975 -719.914857 -727.207356 -726.878717 -721.569798 -716.458448 -704.484663 -687.275291 -668.504367 -658.021116 -651.100500 -643.807727 -649.322115 -656.247466 -663.463481 -660.572341 -650.028890 -639.924967 -629.830507 -619.289194 -608.748272 -613.544815 -621.393548 -622.978726 -619.925673 -606.404943 -594.458650 -590.030281 -587.686459 -582.850010 -586.965425 -593.964710 -601.875008 -609.651863 -616.391889 -620.991428 -608.436366 -595.701619 -597.027278 -617.963107 -638.047134 -664.309826 -691.090290 -715.033608 -719.557698 -719.267014 -720.093107 -729.374175 -737.377281 -747.222412 -752.040769
-692.877513 -669.635468 -652.881819 -637.523080 -632.422002 -644.277865 -647.220294 -643.233952 -634.478304 -630.677852 -621.242202 -597.511907 -566.647772 -542.600742 -520.875642 -517.711313 -527.387986 -536.563497 -550.097299 -557.173412 -546.026463 -535.080681 -524.040849 -512.805739 -501.501200 -493.088845 -492.936879 -492.743455 -490.797907 -488.718038 -484.224600 -478.126026 -471.525662 -464.146073 -461.030805 -468.771931 -477.564782 -487.751909 -497.356258 -500.228349 -502.814376 -497.327263 -497.063063 -513.368803 -537.028105 -562.672094 -593.379768 -619.916762 -638.974957 -638.588278 -650.642145 -664.221171 -681.674809 -708.297900 -721.248386
-621.574624 -591.445876 -566.853963 -552.970507 -538.848354 -538.962488 -536.810337 -534.948626 -530.613751 -526.607615 -520.282806 -491.105159 -458.931729 -429.856354 -407.155085 -399.134474 -408.606988 -418.511077 -429.366469 -439.282008 -440.366735 -428.971883 -414.072158 -398.859493 -388.369206 -383.950161 -384.949286 -384.627346 -383.659824 -380.999515 -379.260937 -375.177543 -368.589345 -357.970313 -345.134381 -347.457177 -363.212183 -376.792567 -392.701029 -399.571512 -401.981494 -406.258099 -405.721218 -405.305811 -426.436232 -449.206011 -477.056586 -507.634667 -529.418839 -547.971878 -563.846580 -580.155757 -615.135728 -647.877300 -674.081354
-528.918089 -496.248386 -469.152198 -444.416437 -430.501638 -425.932688 -425.142778 -423.297511 -417.895385 -412.639033 -404.484927 -387.173871 -355.737603 -323.239510 -297.024397 -291.682698 -298.695350 -308.652099 -319.936850 -328.092471 -331.242692 -327.204855 -319.612392 -307.104782 -295.561711 -283.918574 -282.902708 -282.395581 -282.985574 -281.325749 -279.916148 -279.273939 -274.321649 -265.040032 -256.212202 -253.693290 -262.552579 -278.036640 -295.273454 -304.611989 -311.930020 -317.170229 -317.346881 -316.054119 -315.779705 -333.791744 -363.257726 -402.867824 -431.614956 -452.795021 -463.599201 -474.974392 -486.188267 -521.433831 -540.677321
-424.091432 -405.221685 -379.288779 -352.097896 -333.411869 -324.026842 -323.223585 -320.693074 -314.632683 -307.453757 -295.878648 -281.023713 -265.066515 -242.982683 -220.388523 -203.341269 -204.870187 -213.780887 -227.396530 -229.445021 -229.648838 -228.905169 -224.620625 -220.256325 -208.133199 -195.293955 -190.351272 -189.708282 -191.887358 -190.139198 -189.378830 -189.358432 -189.619495 -187.540678 -182.516891 -180.438333 -182.803331 -194.480517 -211.193752 -226.447770 -235.544690 -239.916795 -243.020191 -243.352739 -244.973490 -252.835221 -274.155790 -303.993430 -335.817524 -358.799892 -373.592314 -383.596034 -390.385911 -396.944979 -408.995822
-329.330338 -319.099115 -298.420811 -275.959784 -252.978334 -237.108583 -231.977787 -225.779954 -221.985860 -211.679788 -197.103244 -182.469656 -173.235815 -161.637986 -145.360178 -136.212633 -130.644839 -129.037773 -128.276301 -126.047779 -125.965213 -126.005020 -125.284250 -124.656288 -124.493117 -121.741517 -121.185667 -121.100033 -121.026268 -120.440422 -120.342741 -119.947017 -120.164556 -121.728817 -121.594501 -121.474990 -121.377196 -123.423229 -130.759148 -144.798911 -154.908279 -161.266019 -167.908986 -175.844154 -184.471365 -192.645563 -204.296471 -225.699276 -254.899209 -282.725659 -293.978191 -298.536901 -301.574952 -304.480640 -315.622775
-238.786466 -228.476040 -216.347588 -199.946343 -179.130021 -164.759227 -156.068158 -149.008872 -144.850851 -134.679134 -124.566046 -122.212216 -122.095281 -121.978500 -121.862694 -121.771623 -121.689187 -121.609459 -123.558865 -123.478650 -124.442080 -129.659357 -138.145537 -136.660443 -135.412351 -132.954579 -129.564088 -130.939522 -130.080722 -127.136471 -128.299637 -133.129134 -136.143050 -137.557555 -137.374836 -130.491147 -127.568037 -126.798226 -125.974898 -126.311209 -126.211562 -126.137395 -126.085163 -126.061324 -126.069107 -130.680093 -138.416727 -156.572801 -182.029235 -209.699118 -225.559147 -232.068116 -229.841214 -232.151248 -236.892998
-153.474128 -144.012148 -133.459912 -123.177334 -122.925968 -122.738359 -122.589970 -121.264856 -119.338762 -119.730349 -123.005392 -126.566568 -130.837103 -131.671700 -132.724323 -134.867629 -134.078234 -135.867711 -139.386371 -142.226647 -147.192082 -156.840038 -167.885471 -169.477994 -164.620462 -160.023278 -156.290171 -153.978969 -150.927128 -148.970034 -152.871777 -159.825450 -166.110903 -167.984794 -161.862176 -156.470117 -152.157253 -151.524081 -152.694365 -154.124034 -153.411766 -155.056584 -154.253732 -148.414297 -136.761016 -129.056706 -129.032027 -129.077821 -129.242279 -129.519329 -149.506223 -167.472339 -165.201528 -169.066589 -179.439551
-130.964266 -130.794170 -130.656959 -132.736079 -138.006405 -143.215020 -143.622487 -139.736417 -133.028824 -131.381895 -137.801532 -145.216820 -151.295897 -156.929586 -158.421123 -159.794756 -160.401201 -160.295225 -165.101424 -171.216043 -184.438469 -195.278903 -206.011576 -211.689505 -212.020530 -205.934699 -197.311021 -189.771444 -185.461597 -189.985382 -196.234820 -205.434666 -212.967026 -212.671307 -209.484877 -201.051056 -189.604275 -187.264319 -186.656407 -190.612124 -193.569821 -198.799427 -200.129293 -193.485518 -179.741602 -166.648280 -155.387300 -148.665701 -142.285476 -136.894491 -129.941035 -130.164064 -130.461621 -130.850306 -135.273626
-139.502083 -145.298746 -151.045061 -155.341197 -161.443581 -166.815042 -167.949665 -164.766924 -160.813406 -163.003694 -169.126346 -178.411841 -188.100725 -196.760594 -201.123173 -199.993965 -197.585034 -196.721604 -201.728811 -214.312850 -229.953672 -242.209411 -255.102945 -258.510570 -262.114539 -263.528059 -252.717651 -237.817411 -232.466558 -243.539209 -252.120961 -264.897762 -272.291284 -274.465997 -272.369710 -262.893096 -245.557262 -230.224606 -229.785273 -238.518789 -247.096078 -252.153168 -254.724709 -247.912056 -230.384596 -212.800675 -200.430337 -192.666671 -187.771290 -180.411233 -171.831286 -162.122667 -151.352465 -142.478197 -132.506158
-161.632593 -168.762105 -175.701340 -182.370062 -188.527700 -193.785705 -197.164327 -198.618925 -199.549858 -204.380040 -210.184227 -218.891962 -229.210797 -238.866803 -250.039453 -251.861700 -252.428120 -249.384206 -259.024689 -269.507415 -287.897244 -302.053422 -316.421340 -323.986830 -329.122066 -333.809312 -325.641830 -309.110079 -299.728789 -314.865973 -325.023105 -338.645068 -345.447215 -348.485452 -346.979136 -337.130243 -314.076566 -295.924618 -290.532821 -299.209539 -307.341019 -311.957048 -313.796995 -309.850362 -294.893504 -275.966650 -258.178618 -246.019212 -238.667095 -231.873220 -222.706206 -209.976287 -197.937254 -186.146255 -171.749235
-190.419480 -198.424472 -206.974807 -214.993429 -223.878521 -232.872878 -237.360321 -235.753394 -241.173199 -246.371926 -255.174166 -293.131282 -306.829594 -321.686274 -334.040001 -337.103637 -341.912014 -343.109984 -350.915758 -357.379567 -368.359032 -383.247945 -399.100907 -412.992020 -417.428853 -421.246367 -424.482388 -413.904098 -409.028678 -412.172846 -419.899671 -428.099375 -432.505720 -435.013662 -430.838031 -417.170251 -403.440936 -391.243079 -386.315442 -392.459674 -389.366738 -386.073838 -387.724084 -375.005594 -362.358639 -345.866267 -326.380690 -306.716051 -297.129298 -289.595857 -280.275996 -266.574759 -251.832162 -236.919748 -217.105366
-221.821890 -232.699859 -244.145286 -256.067558 -266.681819 -277.104558 -286.470427 -284.364661 -286.601876 -291.677363 -321.777037 -361.745724 -389.960750 -405.595239 -423.526107 -430.729878 -436.098395 -452.499540 -462.562985 -469.911796 -469.250572 -480.778137 -496.951028 -510.584476 -516.578938 -520.530782 -529.477280 -531.825484 -527.785548 -519.434290 -526.682118 -531.022950 -529.207590 -531.668427 -533.277812 -523.671259 -509.062738 -500.582715 -493.015646 -486.942557 -484.773111 -482.182962 -463.285966 -451.778397 -439.290949 -421.088236 -401.309509 -381.138265 -365.008701 -354.711640 -342.865756 -326.342406 -311.835864 -293.354686 -272.098316
-262.675912 -286.046632 -302.213111 -315.825915 -329.430113 -343.640320 -361.444657 -361.206635 -365.809505 -376.014362 -414.528327 -453.267430 -482.413091 -500.652256 -521.109336 -532.912098 -549.829542 -574.646362 -589.971235 -588.630926 -582.574592 -586.238608 -598.940731 -609.960145 -617.874258 -626.525574 -637.921508 -644.633176 -638.532958 -631.436233 -629.807912 -628.635167 -625.710543 -625.447612 -626.595427 -627.775272 -618.666458 -611.561108 -603.358844 -596.254403 -590.248773 -568.628772 -548.204122 -535.126332 -517.964044 -500.318229 -480.073684 -458.918178 -441.182800 -428.407814 -412.589375 -395.602640 -377.258576 -357.996964 -334.674456
-319.082313 -344.026874 -367.978841 -386.999103 -406.854293 -436.988803 -448.241057 -452.959526 -456.569888 -481.556761 -518.861896 -555.499576 -579.355546 -598.665078 -617.409246 -635.777970 -656.486244 -675.715608 -687.804931 -683.363713 -679.120889 -673.817892 -682.870853 -691.367288 -695.784529 -704.300696 -712.288012 -719.800026 -714.914485 -710.338580 -702.460707 -701.106801 -699.599722 -696.268898 -697.532536 -698.619151 -701.735036 -695.938533 -690.130962 -682.376903 -664.940905 -646.166048 -627.356960 -611.464638 -595.287716 -576.857469 -556.333920 -535.585333 -514.533635 -498.731766 -482.948550 -464.560560 -446.428523 -428.391473 -407.309392
-406.216390 -429.872217 -450.642937 -470.789614 -498.248628 -535.402151 -559.227611 -563.744400 -586.691022 -611.859662 -644.214670 -661.487327 -674.664355 -689.320564 -701.874571 -712.937693 -726.136658 -736.411114 -746.003128 -743.688437 -738.676421 -732.672401 -737.306315 -739.587733 -740.583859 -745.215338 -750.297539 -755.875448 -754.694538 -749.636585 -743.643689 -742.230872 -740.381580 -737.407221 -737.650674 -740.484406 -744.739938 -742.765166 -737.783581 -731.420359 -720.574825 -708.147455 -694.758507 -681.551720 -665.649924 -647.827738 -629.014088 -608.065047 -586.057956 -570.504574 -550.777849 -529.814813 -511.830941 -500.348168 -485.474389
-493.008415 -514.144350 -535.060592 -555.745843 -588.122674 -622.038596 -653.463264 -675.059737 -694.207912 -711.191635 -721.685039 -730.007958 -737.471169 -744.067203 -750.388108 -756.019014 -761.351385 -767.401445 -774.633179 -771.908415 -766.878949 -762.018216 -761.875153 -762.779142 -763.265539 -765.540436 -769.889788 -775.293104 -773.041220 -768.654393 -764.523971 -762.648803 -761.442552 -759.632023 -761.182752 -764.675054 -768.758410 -766.935914 -762.763844 -759.076005 -754.105814 -747.318818 -739.548994 -730.731488 -719.769234 -706.908082 -690.584987 -671.899314 -651.836886 -631.924950 -612.193927 -592.134963 -582.162498 -572.061346 -562.590170
-594.181734 -609.895285 -628.960940 -648.586976 -672.343815 -697.849903 -715.292565 -729.352448 -740.559596 -750.101432 -756.354237 -760.486633 -761.480353 -764.038873 -768.207244 -770.016154 -773.193014 -778.877648 -778.290617 -776.253478 -771.543776 -770.999418 -770.982150 -772.020960 -771.985841 -773.434800 -778.409094 -777.046742 -775.455121 -771.783072 -770.045886 -768.733684 -767.970656 -767.455634 -768.491967 -772.245518 -772.365133 -771.186878 -767.862565 -766.382839 -763.731442 -758.945689 -755.503350 -750.695633 -744.099321 -735.904692 -725.129938 -711.159643 -693.225250 -674.700666 -657.936857 -648.962959 -639.251307 -632.329459 -635.250958
