tests/3D/Borden05m/rec/SoilPressure0000L0029.old.asc
ncols         160
nrows         34
xllcorner     620200.000000
yllcorner     5168000.000000
cellsize      0.500000
NODATA_value  -9999.0
[rows 0 to 24 of 34, columns 0 to 54 of 160]
-9999.0 -9999.0 -9999.0 -9999.0 -9999.0 -9999.0 -9999.0 -9999.0 -9999.0 -9999.0 -9999.0 -9999.0 -9999.0 -9999.0 -9999.0 -9999.0 -9999.0 -9999.0 -9999.0 -9999.0 -9999.0 -9999.0 -9999.0 -9999.0 -9999.0 -9999.0 -9999.0 -9999.0 -9999.0 -9999.0 -9999.0 -9999.0 -9999.0 -9999.0 -9999.0 -9999.0 -9999.0 -9999.0 -9999.0 -9999.0 -9999.0 -9999.0 -9999.0 -9999.0 -9999.0 -9999.0 -9999.0 -9999.0 -9999.0 -9999.0 -9999.0 -9999.0 -9999.0 -9999.0 -9999.0
-9999.0 -9999.0 -9999.0 -9999.0 -9999.0 -9999.0 -9999.0 -9999.0 -9999.0 -9999.0 -9999.0 -9999.0 -9999.0 -9999.0 -9999.0 -9999.0 -9999.0 -9999.0 -9999.0 -9999.0 -9999.0 -9999.0 -9999.0 -9999.0 -9999.0 -9999.0 -9999.0 -9999.0 -9999.0 -9999.0 -9999.0 -9999.0 -9999.0 -9999.0 -9999.0 -9999.0 -9999.0 -9999.0 -9999.0 -9999.0 -9999.0 -9999.0 -9999.0 -9999.0 -9999.0 -9999.0 -9999.0 -9999.0 -9999.0 -9999.0 -9999.0 -9999.0 -9999.0 -9999.0 -9999.0
-9999.0 -9999.0 -9999.0 -9999.0 -9999.0 -9999.0 -9999.0 -9999.0 -9999.0 -9999.0 -9999.0 -9999.0 -9999.0 -9999.0 -9999.0 -9999.0 -9999.0 -9999.0 -9999.0 -9999.0 -9999.0 -9999.0 -9999.0 -9999.0 -9999.0 -9999.0 -9999.0 -9999.0 -9999.0 -9999.0 -9999.0 -9999.0 -9999.0 -9999.0 -9999.0 -9999.0 -9999.0 -9999.0 -9999.0 -9999.0 -9999.0 -9999.0 -9999.0 -9999.0 -9999.0 -9999.0 -9999.0 3875.560092 3858.431060 3845.607220 3840.239649 3860.829316 3883.754499 3907.515448 3927.958723
-9999.0 -9999.0 -9999.0 -9999.0 -9999.0 -9999.0 -9999.0 -9999.0 -9999.0 -9999.0 -9999.0 -9999.0 -9999.0 -9999.0 -9999.0 -9999.0 -9999.0 -9999.0 -9999.0 -9999.0 -9999.0 -9999.0 -9999.0 -9999.0 -9999.0 -9999.0 -9999.0 -9999.0 -9999.0 -9999.0 -9999.0 -9999.0 -9999.0 -9999.0 -9999.0 -9999.0 -9999.0 -9999.0 -9999.0 -9999.0 3926.966722 3932.843184 3932.152234 3922.388513 3910.939245 3896.745053 3875.888148 3858.822408 3846.180369 3844.364501 3846.651412 3848.557795 3868.582976 3894.102794 3913.994386
-9999.0 -9999.0 -9999.0 -9999.0 -9999.0 -9999.0 -9999.0 -9999.0 -9999.0 -9999.0 -9999.0 -9999.0 -9999.0 -9999.0 -9999.0 -9999.0 -9999.0 -9999.0 -9999.0 -9999.0 -9999.0 -9999.0 -9999.0 -9999.0 -9999.0 -9999.0 -9999.0 -9999.0 -9999.0 -9999.0 -9999.0 -9999.0 -9999.0 -9999.0 3834.572107 3851.287004 3869.075168 3887.598735 3904.572714 3911.666864 3917.452035 3922.611629 3917.706543 3913.207996 3901.246119 3879.517074 3860.131324 3847.533099 3846.781087 3844.244211 3847.426552 3858.410105 3874.807056 3889.305819 3909.544338
-9999.0 -9999.0 -9999.0 -9999.0 -9999.0 -9999.0 -9999.0 -9999.0 -9999.0 -9999.0 -9999.0 -9999.0 -9999.0 -9999.0 -9999.0 -9999.0 -9999.0 -9999.0 -9999.0 -9999.0 -9999.0 -9999.0 -9999.0 -9999.0 -9999.0 -9999.0 -9999.0 -9999.0 3840.792217 3834.759553 3829.899097 3828.168996 3826.541246 3825.514269 3832.013181 3842.725834 3859.333332 3881.397528 3894.654992 3901.815333 3908.649695 3908.723424 3902.382061 3900.522956 3900.816558 3887.664792 3874.955078 3863.044075 3851.349247 3847.524405 3855.975296 3870.006167 3885.967581 3900.199858 3915.117365
-9999.0 -9999.0 -9999.0 -9999.0 -9999.0 -9999.0 -9999.0 -9999.0 -9999.0 -9999.0 -9999.0 -9999.0 -9999.0 -9999.0 -9999.0 -9999.0 -9999.0 -9999.0 -9999.0 -9999.0 -9999.0 -9999.0 -9999.0 3811.053281 3815.588112 3821.959036 3829.541745 3830.379977 3827.175748 3821.716528 3818.967661 3817.375477 3814.729499 3819.066719 3825.520028 3838.018005 3852.828869 3874.966501 3882.832226 3886.308940 3897.113423 3900.785388 3908.875516 3912.376899 3910.064940 3905.264790 3889.318689 3876.738936 3877.720422 3880.829665 3887.308866 3895.341304 3908.423598 3921.255380 3935.482831
-9999.0 -9999.0 -9999.0 -9999.0 -9999.0 -9999.0 -9999.0 -9999.0 -9999.0 -9999.0 -9999.0 -9999.0 -9999.0 -9999.0 -9999.0 -9999.0 -9999.0 -9999.0 -9999.0 3787.367855 3788.394097 3789.875947 3794.555511 3794.403348 3795.733570 3802.167668 3809.890474 3812.709192 3810.111908 3808.991612 3809.941526 3812.128595 3816.304479 3826.064985 3838.818263 3852.107299 3864.016304 3883.995701 3897.643946 3908.946236 3923.353861 3923.572955 3919.561691 3917.403078 3916.583370 3913.849086 3910.119193 3907.621859 3913.226708 3912.279437 3914.443465 3922.887930 3934.277766 3949.588547 3965.706726
-9999.0 -9999.0 -9999.0 -9999.0 -9999.0 -9999.0 -9999.0 -9999.0 -9999.0 -9999.0 -9999.0 -9999.0 -9999.0 -9999.0 -9999.0 -9999.0 3759.109959 3760.778664 3763.056596 3768.277567 3772.039794 3775.754473 3782.342201 3783.210785 3785.785822 3792.249429 3796.050251 3804.960328 3812.876839 3819.246381 3824.326293 3825.864962 3831.214311 3839.322114 3849.578348 3862.000956 3880.594376 3903.216288 3917.708638 3933.362988 3949.695712 3949.394406 3946.688744 3945.882882 3943.032346 3942.166296 3954.830293 3956.570971 3948.943843 3956.154520 3966.585348 3967.976678 3973.722191 3992.775952 4013.804153
-9999.0 -9999.0 -9999.0 -9999.0 -9999.0 -9999.0 -9999.0 -9999.0 -9999.0 -9999.0 -9999.0 -9999.0 -9999.0 3708.807405 3712.611041 3722.887619 3734.880740 3737.915555 3742.856754 3749.473634 3761.254177 3764.458820 3769.704265 3775.766665 3787.472888 3795.131543 3802.908511 3813.670814 3820.562292 3826.358177 3831.441297 3832.460349 3842.267543 3854.705011 3867.454823 3885.014689 3905.639799 3922.276270 3938.587896 3953.968947 3964.085225 3959.393318 3957.775516 3958.960325 3961.897822 3972.647191 3987.569804 3985.029459 3991.760896 4010.855103 4019.567419 4025.080667 4029.808473 4043.151896 4064.224276
-9999.0 -9999.0 -9999.0 -9999.0 -9999.0 -9999.0 -9999.0 -9999.0 -9999.0 -9999.0 3683.720673 3684.816459 3680.780986 3677.138603 3682.880539 3695.041791 3709.567765 3714.495253 3726.258734 3747.315320 3765.722408 3767.912344 3779.944734 3788.837146 3794.158513 3802.420342 3813.801394 3824.208369 3837.695295 3847.560127 3854.055076 3867.973283 3881.908537 3896.315460 3911.787104 3930.649442 3944.346761 3965.403864 3988.281457 3994.724002 4009.331569 4009.375819 4004.236096 4001.204384 4009.674332 4018.658015 4030.946311 4043.877611 4060.694776 4081.006408 4089.003317 4100.964762 4109.107673 4118.569290 4133.389493
-9999.0 -9999.0 -9999.0 -9999.0 -9999.0 -9999.0 -9999.0 -9999.0 3659.193003 3667.341793 3672.232880 3668.522624 3663.632444 3656.810005 3671.309536 3686.136594 3701.361049 3719.304737 3734.043008 3751.486260 3763.966368 3777.066774 3795.745471 3804.618540 3813.336955 3826.699452 3837.963114 3850.594169 3869.179658 3874.274206 3882.459513 3899.773964 3913.133278 3928.139255 3944.644145 3959.215917 3976.568837 4004.586875 4031.558979 4045.320194 4069.965766 4085.015387 4077.751202 4074.657213 4074.822973 4096.573297 4121.322731 4149.222920 4165.943532 4187.849475 4215.280477 4234.145702 4243.077409 4253.901076 4267.472442
-9999.0 -9999.0 -9999.0 -9999.0 -9999.0 -9999.0 3630.462454 3654.657134 3669.572018 3660.368192 3644.642297 3638.592462 3631.333648 3663.541978 3685.426688 3702.093652 3717.934507 3734.513500 3749.535383 3755.492432 3782.573341 3800.902548 3810.634008 3821.300468 3834.280903 3847.248308 3861.760679 3881.148751 3896.231603 3914.969194 3927.559844 3940.999884 3962.611973 3978.150486 3993.576994 4005.246325 4031.013012 4064.204540 4097.593758 4120.542049 4143.905144 4174.995530 4173.065224 4174.073572 4174.625607 4198.744322 4232.700054 4262.034902 4293.148720 4323.187290 4351.652637 4361.871878 4370.643488 4380.402945 4392.895951
-9999.0 -9999.0 -9999.0 -9999.0 3598.961245 3619.368227 3637.205022 3666.634412 3687.950003 3682.438992 3685.653950 3682.494453 3676.737610 3681.330851 3688.987818 3705.110425 3723.360426 3741.879523 3753.943860 3777.685558 3823.572701 3832.272647 3846.489843 3874.057629 3883.248778 3895.763857 3909.990659 3928.722730 3944.257510 3968.919004 4000.148961 4026.718097 4046.337038 4064.112830 4082.211579 4097.690246 4132.391327 4168.662354 4203.677333 4234.429057 4260.587008 4286.464695 4292.087757 4296.629385 4306.448229 4323.709074 4346.616446 4374.148585 4408.125034 4440.268430 4463.305844 4471.662315 4476.556184 4486.074040 4493.317141
-9999.0 -9999.0 -9999.0 3544.997008 3583.244523 3622.517673 3647.137682 3676.561159 3708.300858 3706.408275 3714.298275 3712.201321 3708.939879 3712.754748 3713.861724 3729.195427 3746.636663 3766.048130 3785.812948 3817.249663 3843.957471 3858.176772 3884.020234 3896.932318 3907.464882 3918.850090 3936.475140 3954.843990 3989.461908 4016.917754 4061.445367 4111.087912 4142.088750 4160.451343 4182.823295 4210.379627 4235.599477 4274.719924 4308.618522 4340.594434 4370.635945 4392.479494 4406.199814 4410.603877 4420.462495 4425.988688 4438.098961 4459.027996 4481.492067 4512.541857 4542.005877 4571.588219 4587.146828 4598.524958 4615.954492
-9999.0 -9999.0 3496.717481 3536.355811 3566.309627 3611.024026 3663.226179 3697.799241 3736.104206 3753.063248 3754.672023 3762.964315 3771.272044 3770.051545 3776.574283 3787.489329 3809.685872 3818.297438 3838.478156 3850.244432 3884.053223 3914.946624 3905.326251 3940.421043 3969.353804 4002.486432 4024.119224 4050.427128 4088.292269 4120.573033 4164.074648 4213.969610 4247.677706 4275.182445 4291.260993 4311.938846 4332.187665 4359.091849 4396.422505 4421.813763 4455.900545 4481.403969 4500.885803 4500.956959 4503.558447 4519.940700 4548.991773 4580.689513 4610.402623 4640.352947 4621.857322 4647.333150 4658.726009 4665.089843 4675.109434
-9999.0 -9999.0 3465.661833 3512.275426 3544.737784 3599.428293 3686.596995 3719.328095 3757.752971 3802.219457 3814.130737 3834.144398 3823.329472 3807.151396 3823.063169 3835.146120 3857.006575 3864.420572 3857.078781 3907.996238 3958.846686 3977.712612 3975.864580 4054.354012 4107.912784 4133.723201 4151.314511 4171.690848 4190.819295 4228.560599 4266.510214 4321.502807 4362.672247 4392.658532 4407.318269 4428.033811 4447.822366 4462.810713 4482.743114 4530.969146 4568.035309 4599.870851 4632.828893 4654.580392 4662.935286 4668.421298 4640.334771 4661.652227 4676.110658 4682.346913 4684.864361 4680.997114 4680.457554 4681.319800 4682.243260
-9999.0 3373.209408 3424.242177 3473.214031 3535.694959 3594.316547 3665.947572 3738.637454 3806.031032 3858.498618 3882.379222 3870.900314 3862.461747 3883.535869 3901.259987 3915.410646 3921.431251 3932.741794 3912.040050 3966.197317 4000.200953 4044.384286 4141.772876 4200.669856 4267.772446 4263.077554 4250.579037 4254.534533 4269.491956 4316.829816 4398.307541 4456.530779 4524.998929 4575.940817 4593.813699 4601.848770 4621.165749 4642.493941 4583.780129 4631.178624 4653.084047 4671.371808 4682.159686 4684.685979 4686.099144 4685.837537 4682.063705 4674.894708 4666.612036 4660.688484 4656.401450 4651.895477 4654.337985 4657.680606 4657.726965
-9999.0 3334.336966 3389.810731 3456.325950 3522.022806 3562.684323 3638.437592 3808.819849 3872.477881 3910.020961 3911.292995 3876.225740 3929.387549 3987.688968 4010.062175 4055.658986 4038.377257 4022.811505 3981.136228 4005.103712 4041.838184 4112.411396 4289.739776 4379.772617 4437.172989 4445.065155 4445.101221 4474.218747 4520.355240 4570.464551 4619.278881 4582.123121 4636.661925 4663.619605 4669.243088 4670.031975 4676.094420 4674.469668 4673.255872 4668.697310 4663.445340 4663.622686 4668.398961 4668.264727 4665.249721 4661.773974 4656.013779 4648.603187 4643.475425 4638.844207 4636.205547 4633.397742 4631.335342 4630.393456 4625.361726
-9999.0 3292.063843 3366.718266 3421.977806 3461.859769 3545.259357 3674.544426 3819.298674 3915.677974 3948.457883 3914.970272 3942.083538 4045.641605 4154.588917 4207.621663 4228.405593 4205.222199 4151.389159 4126.812778 4170.843534 4243.303365 4369.970717 4519.928874 4625.027766 4641.335209 4645.082587 4591.719059 4620.434215 4647.037116 4650.161881 4651.374880 4660.474048 4665.630049 4668.690587 4667.077480 4664.178006 4659.322777 4651.053242 4646.294959 4642.527863 4638.690791 4637.376081 4639.254942 4641.264981 4638.370816 4634.441939 4629.962592 4624.416756 4618.079568 4611.269055 4606.834214 4602.474774 4600.291592 4594.508160 4591.107239
-9999.0 3164.396505 3261.015625 3295.629608 3356.910031 3547.174891 3674.975665 3811.081035 3980.093413 3995.697798 4033.938403 4178.444848 4301.812073 4384.689169 4411.858581 4444.386873 4468.948778 4484.166461 4522.347258 4386.111142 4473.059144 4580.764684 4630.714237 4652.342044 4664.439279 4664.850050 4654.630239 4633.477568 4622.661891 4615.890460 4617.499620 4624.829866 4629.363206 4634.034906 4631.696914 4632.909516 4634.298175 4631.173128 4627.120872 4618.273852 4610.352435 4603.413804 4599.794388 4604.371347 4599.746475 4597.539366 4591.241042 4582.652162 4573.594719 4566.221773 4558.092301 4551.454690 4549.250632 4544.260299 4543.052044
-9999.0 3085.415889 3154.971864 3203.006316 3303.122271 3463.822836 3547.244074 3700.806232 3949.155569 4090.212767 4264.324901 4360.792418 4431.757043 4470.608222 4519.467254 4574.030019 4602.629540 4615.761752 4581.070340 4606.875797 4562.234963 4550.824387 4568.967593 4599.282291 4617.682439 4621.979737 4614.323466 4605.506625 4598.220310 4597.103912 4594.742510 4590.080319 4585.398899 4581.481150 4578.349662 4581.595091 4587.140634 4579.802907 4569.144348 4559.392417 4550.586390 4541.104483 4535.006689 4530.010428 4530.705724 4531.039991 4523.278191 4512.655409 4501.628439 4493.196470 4485.975720 4481.598140 4478.763424 4473.667697 4463.480702
-9999.0 2962.691816 3094.795290 3163.325794 3245.414374 3368.327784 3463.085347 3609.029854 3731.915190 3982.387335 4119.695059 4334.326251 4387.284914 4461.166583 4507.111666 4583.215693 4577.586926 4546.453018 4501.406122 4485.599257 4498.844039 4508.403934 4516.172644 4530.068151 4548.219542 4558.753176 4564.606390 4558.997045 4544.680448 4531.539441 4519.455860 4504.893229 4494.958428 4492.178918 4497.000614 4507.707467 4507.850977 4498.493454 4484.101076 4465.351156 4449.330393 4437.177216 4435.333555 4438.400918 4439.692099 4435.419900 4429.744884 4418.803442 4406.031916 4393.266917 4387.800011 4383.534888 4375.812229 4364.112833 4351.886910
-9999.0 -9999.0 3005.960008 3111.548553 3196.327019 3300.047503 3377.928718 3485.576468 3620.218045 3787.263158 3903.132167 4096.337945 4197.985404 4242.741864 4274.140373 4331.397363 4359.290430 4394.412158 4391.997678 4406.194631 4417.602158 4423.496415 4428.403916 4433.341242 4443.644832 4453.755304 4464.814480 4461.979560 4453.282986 4431.999993 4405.052158 4384.008932 4373.106083 4363.289871 4376.095049 4388.957023 4382.832723 4375.846514 4363.040545 4346.720796 4334.220533 4319.769717 4316.324751 4316.099324 4316.761922 4314.528296 4312.422262 4300.016567 4287.773776 4278.165918 4274.310702 4268.620274 4265.276444 4255.498025 4244.909450
-9999.0 -9999.0 2919.881437 3018.472446 3113.203280 3224.521813 3300.393083 3293.368540 3421.383074 3518.781586 3626.052068 3740.267589 3840.788942 3911.306061 3942.225527 4005.573476 4066.231223 4085.939534 4131.619732 4191.977045 4228.978823 4271.870855 4296.605325 4305.730046 4318.277270 4333.321746 4340.731490 4324.761849 4313.448000 4296.253735 4272.312972 4244.739173 4230.807583 4231.045917 4229.328927 4230.022352 4221.912941 4213.050663 4198.523777 4184.994264 4172.944483 4164.524015 4160.992982 4154.842454 4152.266517 4149.535706 4148.189259 4143.761215 4136.127910 4132.116233 4123.760504 4120.365353 4119.891357 4117.453683 4112.254485
