tests/3D/Borden05m/rec/SoilPressure0000L0014.old.asc
ncols         160
nrows         34
xllcorner     620200.000000
yllcorner     5168000.000000
cellsize      0.500000
NODATA_value  -9999.0
[rows 0 to 24 of 34, columns 0 to 55 of 160]
-9999.0 -9999.0 -9999.0 -9999.0 -9999.0 -9999.0 -9999.0 -9999.0 -9999.0 -9999.0 -9999.0 -9999.0 -9999.0 -9999.0 -9999.0 -9999.0 -9999.0 -9999.0 -9999.0 -9999.0 -9999.0 -9999.0 -9999.0 -9999.0 -9999.0 -9999.0 -9999.0 -9999.0 -9999.0 -9999.0 -9999.0 -9999.0 -9999.0 -9999.0 -9999.0 -9999.0 -9999.0 -9999.0 -9999.0 -9999.0 -9999.0 -9999.0 -9999.0 -9999.0 -9999.0 -9999.0 -9999.0 -9999.0 -9999.0 -9999.0 -9999.0 -9999.0 -9999.0 -9999.0 -9999.0 -9999.0
-9999.0 -9999.0 -9999.0 -9999.0 -9999.0 -9999.0 -9999.0 -9999.0 -9999.0 -9999.0 -9999.0 -9999.0 -9999.0 -9999.0 -9999.0 -9999.0 -9999.0 -9999.0 -9999.0 -9999.0 -9999.0 -9999.0 -9999.0 -9999.0 -9999.0 -9999.0 -9999.0 -9999.0 -9999.0 -9999.0 -9999.0 -9999.0 -9999.0 -9999.0 -9999.0 -9999.0 -9999.0 -9999.0 -9999.0 -9999.0 -9999.0 -9999.0 -9999.0 -9999.0 -9999.0 -9999.0 -9999.0 -9999.0 -9999.0 -9999.0 -9999.0 -9999.0 -9999.0 -9999.0 -9999.0 -9999.0
-9999.0 -9999.0 -9999.0 -9999.0 -9999.0 -9999.0 -9999.0 -9999.0 -9999.0 -9999.0 -9999.0 -9999.0 -9999.0 -9999.0 -9999.0 -9999.0 -9999.0 -9999.0 -9999.0 -9999.0 -9999.0 -9999.0 -9999.0 -9999.0 -9999.0 -9999.0 -9999.0 -9999.0 -9999.0 -9999.0 -9999.0 -9999.0 -9999.0 -9999.0 -9999.0 -9999.0 -9999.0 -9999.0 -9999.0 -9999.0 -9999.0 -9999.0 -9999.0 -9999.0 -9999.0 -9999.0 -9999.0 930.169631 912.997973 897.725683 895.616094 918.520570 942.498327 966.965766 988.223176 1007.465346
-9999.0 -9999.0 -9999.0 -9999.0 -9999.0 -9999.0 -9999.0 -9999.0 -9999.0 -9999.0 -9999.0 -9999.0 -9999.0 -9999.0 -9999.0 -9999.0 -9999.0 -9999.0 -9999.0 -9999.0 -9999.0 -9999.0 -9999.0 -9999.0 -9999.0 -9999.0 -9999.0 -9999.0 -9999.0 -9999.0 -9999.0 -9999.0 -9999.0 -9999.0 -9999.0 -9999.0 -9999.0 -9999.0 -9999.0 -9999.0 976.949787 983.053759 984.315929 973.977516 962.790341 950.476935 930.494833 913.038693 898.495048 896.264788 899.275705 904.641454 927.613979 952.925587 973.218740 990.731196
-9999.0 -9999.0 -9999.0 -9999.0 -9999.0 -9999.0 -9999.0 -9999.0 -9999.0 -9999.0 -9999.0 -9999.0 -9999.0 -9999.0 -9999.0 -9999.0 -9999.0 -9999.0 -9999.0 -9999.0 -9999.0 -9999.0 -9999.0 -9999.0 -9999.0 -9999.0 -9999.0 -9999.0 -9999.0 -9999.0 -9999.0 -9999.0 -9999.0 -9999.0 879.424172 897.340952 916.131150 935.326209 952.854388 960.428727 967.140277 973.265000 969.345319 964.826119 953.489698 934.221849 914.734242 901.066303 899.129799 896.849449 901.360251 914.467334 931.645074 948.180825 969.505714 993.489071
-9999.0 -9999.0 -9999.0 -9999.0 -9999.0 -9999.0 -9999.0 -9999.0 -9999.0 -9999.0 -9999.0 -9999.0 -9999.0 -9999.0 -9999.0 -9999.0 -9999.0 -9999.0 -9999.0 -9999.0 -9999.0 -9999.0 -9999.0 -9999.0 -9999.0 -9999.0 -9999.0 -9999.0 879.176008 873.622157 869.095747 868.205352 867.605058 867.356678 875.269148 888.057347 906.782735 929.240104 942.942533 950.832731 958.082302 959.166129 954.280198 952.372873 952.691508 940.731575 928.923176 917.891506 907.275687 905.639106 915.224075 929.468521 945.837066 960.836212 976.378538 986.862947
-9999.0 -9999.0 -9999.0 -9999.0 -9999.0 -9999.0 -9999.0 -9999.0 -9999.0 -9999.0 -9999.0 -9999.0 -9999.0 -9999.0 -9999.0 -9999.0 -9999.0 -9999.0 -9999.0 -9999.0 -9999.0 -9999.0 -9999.0 845.910419 852.019085 859.075269 867.164160 868.780223 865.592487 860.588786 858.141153 857.250966 856.174000 861.395213 870.212964 884.477894 900.944914 923.462476 932.596340 939.055823 951.589685 954.575731 960.449207 964.439653 962.545151 959.360119 946.421021 936.682259 941.239590 946.702258 953.230839 960.989218 974.149242 989.154909 1006.038674 1025.677927
-9999.0 -9999.0 -9999.0 -9999.0 -9999.0 -9999.0 -9999.0 -9999.0 -9999.0 -9999.0 -9999.0 -9999.0 -9999.0 -9999.0 -9999.0 -9999.0 -9999.0 -9999.0 -9999.0 818.332766 819.565797 821.227257 826.517566 828.090562 830.791706 838.336985 847.074961 850.077975 848.979459 848.136093 850.193653 853.437455 858.362036 870.204625 884.587016 899.303840 913.619758 934.902783 949.953927 963.686611 979.723219 979.018558 974.820892 972.686029 972.742461 972.383678 975.714727 977.650421 983.187638 987.080753 992.663215 1001.305414 1012.096485 1029.475528 1048.306746 1066.943700
-9999.0 -9999.0 -9999.0 -9999.0 -9999.0 -9999.0 -9999.0 -9999.0 -9999.0 -9999.0 -9999.0 -9999.0 -9999.0 -9999.0 -9999.0 -9999.0 787.928668 790.061452 792.720501 798.734569 802.098679 806.574167 814.050325 815.880911 820.192306 827.859802 833.270472 842.602780 851.158567 858.927944 865.313114 868.387760 876.198556 886.173787 898.352058 913.823268 935.429162 958.549137 974.712689 991.328503 1008.090292 1008.284420 1006.664399 1007.137764 1006.807865 1012.162874 1028.513789 1033.121478 1033.094128 1048.243957 1060.999976 1064.895789 1071.321687 1088.983116 1111.037128 1132.453604
-9999.0 -9999.0 -9999.0 -9999.0 -9999.0 -9999.0 -9999.0 -9999.0 -9999.0 -9999.0 -9999.0 -9999.0 -9999.0 740.352671 744.711165 754.615305 764.350509 767.271749 771.981308 778.506848 791.150651 795.213325 801.885075 809.906826 822.200555 831.229968 840.792878 852.994566 861.728588 869.218679 876.438442 882.194424 895.491940 910.691608 926.317931 946.292802 967.907207 987.931802 1007.754559 1022.800661 1035.678554 1036.761280 1034.770675 1036.010407 1042.408911 1058.111574 1075.358648 1082.822930 1099.352502 1120.671383 1132.481242 1142.513832 1149.474720 1160.989653 1180.047474 1211.935937
-9999.0 -9999.0 -9999.0 -9999.0 -9999.0 -9999.0 -9999.0 -9999.0 -9999.0 -9999.0 706.591544 709.044184 705.830708 705.922276 711.257642 723.654519 737.687551 744.614133 756.515789 777.756466 795.822651 799.644130 814.470482 824.927788 831.926113 842.681069 856.014266 868.970573 885.867835 898.344445 909.855337 929.170693 945.294210 961.374546 978.547867 998.016287 1016.895578 1044.229857 1069.923810 1081.447058 1102.308674 1111.944156 1107.686661 1106.301847 1113.542527 1127.802686 1147.188380 1168.681983 1188.412965 1211.771800 1227.344098 1239.828049 1248.658468 1258.998705 1272.552687 1305.186964
-9999.0 -9999.0 -9999.0 -9999.0 -9999.0 -9999.0 -9999.0 -9999.0 681.881623 689.291350 695.572434 692.732443 688.394914 684.710527 698.566069 714.594246 730.850351 748.619273 764.810372 783.144461 798.589545 814.938718 834.757572 846.476346 858.125965 873.372517 886.934445 903.913342 924.875591 937.278339 953.529194 974.137246 991.853527 1008.803260 1026.295920 1043.057122 1067.901481 1099.498646 1129.348835 1150.016440 1175.737738 1196.727156 1194.179917 1194.811366 1197.246358 1220.688093 1247.704902 1275.893389 1298.936471 1324.021698 1351.229727 1367.087378 1375.729271 1386.229579 1399.248816 1415.671068
-9999.0 -9999.0 -9999.0 -9999.0 -9999.0 -9999.0 654.637100 679.064958 694.265719 686.547412 676.911115 673.376733 669.435501 692.542235 714.468334 731.718539 748.646042 766.267411 782.773191 795.818102 829.449773 846.861028 860.931297 878.708356 892.801650 906.856055 923.697719 946.317898 967.275570 995.946231 1020.640308 1043.191843 1067.670746 1085.528997 1102.331523 1118.447841 1147.192506 1181.683360 1215.403490 1241.479898 1265.976400 1293.910136 1298.806552 1302.275246 1307.181572 1325.603412 1354.560880 1382.342791 1413.594731 1443.287031 1467.709750 1477.584663 1486.023142 1495.387918 1506.832923 1517.166240
-9999.0 -9999.0 -9999.0 -9999.0 620.689794 641.888075 662.336623 693.364340 716.195214 711.348458 718.148858 718.301880 716.418716 719.978935 726.693702 744.538041 762.792347 781.242043 798.711309 833.265241 876.390132 891.161763 914.692374 945.599667 958.253139 972.383875 987.330543 1008.888442 1033.998749 1065.370028 1106.698622 1141.307640 1164.369375 1184.494562 1202.805427 1221.812033 1252.408612 1286.580941 1320.070144 1351.093213 1377.994827 1400.889866 1411.038884 1416.562473 1426.080058 1440.085784 1459.044774 1483.902911 1512.638688 1542.340949 1565.306901 1577.128832 1583.312866 1592.217469 1600.988497 1611.386698
-9999.0 -9999.0 -9999.0 571.241881 610.215501 648.369099 675.907787 707.238676 739.589642 744.517164 753.338496 758.152376 762.743904 770.807680 778.900553 795.250610 810.477877 825.225946 846.141666 881.552325 915.083928 943.426884 973.504425 998.540842 1017.444224 1031.380873 1047.721813 1069.394633 1106.311877 1140.700979 1187.272848 1236.534321 1269.594384 1290.434696 1309.044346 1332.671091 1354.050164 1386.548898 1418.030251 1447.940097 1476.601423 1498.570210 1514.854563 1520.296613 1527.713748 1534.432483 1548.803395 1568.292480 1588.170134 1614.975415 1641.417298 1664.206942 1676.669333 1685.301374 1699.927903 1714.682493
-9999.0 -9999.0 523.900938 561.904221 596.574819 647.501450 700.952034 735.669337 776.713404 800.557284 806.948156 823.428991 838.578765 844.780439 859.166456 874.965557 890.735794 895.599773 910.192475 938.871626 986.154640 1028.793421 1047.697466 1095.622124 1125.709288 1149.972045 1164.509717 1187.939640 1219.598454 1257.336409 1301.500679 1346.873139 1381.238941 1408.577431 1421.560395 1437.440535 1456.623597 1477.133897 1507.701787 1533.719887 1562.298067 1585.840746 1605.357596 1610.462720 1613.812566 1627.840259 1650.304191 1674.243373 1696.932090 1718.889975 1722.193307 1732.513198 1737.159824 1739.836245 1743.915205 1746.756429
-9999.0 -9999.0 497.439124 542.603638 583.737617 651.246023 731.118478 768.701485 811.595789 856.745760 874.437718 897.325870 908.194124 916.628864 937.846248 958.129155 967.416012 971.459521 968.483986 1020.397405 1074.585337 1121.646878 1165.815695 1227.405288 1268.212104 1280.996644 1290.009313 1307.187326 1328.250653 1367.258326 1410.411273 1458.364552 1497.715082 1524.884723 1537.782683 1552.769214 1569.848928 1584.656575 1600.998321 1637.341632 1662.131715 1685.695705 1710.507165 1729.101536 1736.165994 1738.599900 1727.999839 1736.544880 1742.405024 1745.055185 1746.015067 1742.768811 1742.198922 1742.984419 1744.089888 1739.297623
-9999.0 408.651932 461.033509 514.845717 584.643128 652.929770 737.047287 817.240137 872.971135 918.500396 945.691209 956.246981 991.441282 1031.036703 1053.612955 1077.209225 1076.797019 1078.242281 1065.282642 1108.707669 1153.782278 1223.348352 1326.606778 1377.676094 1416.970112 1416.105115 1408.706377 1418.431723 1439.047811 1478.362392 1540.313572 1583.063247 1631.578086 1667.780775 1680.048155 1684.489455 1699.604041 1717.118038 1704.561570 1724.588154 1733.520156 1741.013623 1742.728719 1744.043305 1744.899526 1745.081592 1742.032783 1735.902995 1728.420025 1723.136000 1719.335089 1715.005876 1717.569355 1720.979863 1721.982871 1715.516430
-9999.0 373.454685 433.334860 505.568647 577.556421 647.353100 752.320527 893.487221 945.298007 980.279651 1000.923756 1021.973825 1095.681028 1156.698949 1186.483332 1226.030278 1217.345665 1203.461693 1187.419520 1215.569055 1259.795432 1327.378598 1460.603380 1538.678082 1561.691418 1570.221000 1575.258215 1599.025900 1632.329988 1664.871645 1694.195733 1693.167212 1716.208579 1727.280343 1730.042390 1730.893709 1733.757721 1733.611580 1731.506324 1728.003952 1723.625541 1724.078036 1728.272892 1728.344082 1725.912074 1723.215907 1718.023716 1710.803240 1705.546167 1701.145510 1698.579541 1695.756200 1694.374442 1694.666416 1690.738108 1685.633364
-9999.0 344.596254 415.946636 480.460482 547.446022 664.019339 789.855748 923.769209 1014.126307 1048.771875 1070.450979 1135.948491 1229.695759 1318.076647 1363.600553 1384.133719 1382.518046 1359.337648 1359.678063 1399.001223 1457.485140 1540.987789 1623.935863 1694.128083 1704.628326 1706.821376 1686.849476 1698.685904 1709.690884 1711.583632 1712.714783 1715.746922 1720.987998 1723.951725 1723.107929 1720.778885 1716.650824 1709.293595 1704.809783 1701.926723 1698.808607 1698.624924 1701.434148 1702.785037 1700.543441 1697.035560 1692.829038 1687.425971 1681.579244 1675.266019 1671.601828 1667.895833 1666.064038 1661.646513 1657.782284 1652.401761
-9999.0 246.805172 334.999809 391.645229 509.795842 683.652187 810.089566 959.273111 1100.875901 1136.851691 1207.943566 1319.306864 1415.975291 1482.002160 1516.751861 1552.959497 1577.002944 1596.199996 1626.125238 1584.517437 1634.357795 1684.215032 1704.369139 1713.520921 1713.790803 1714.659404 1707.010372 1688.408576 1678.661432 1672.586215 1674.796477 1682.462990 1688.308625 1694.126739 1692.502388 1693.443936 1693.834203 1690.761818 1687.471769 1679.770736 1672.609662 1667.238937 1665.749054 1671.201119 1666.672406 1663.888014 1658.379651 1650.890939 1642.790908 1635.677821 1628.536323 1622.362249 1620.090480 1615.111614 1614.146018 1606.607230
-9999.0 166.132858 243.697864 335.733209 476.598935 641.555913 773.509418 939.844802 1142.069340 1251.780533 1366.733408 1430.643162 1496.452628 1551.100803 1607.062961 1646.854653 1666.391358 1672.281495 1659.607362 1666.348551 1632.537670 1623.587604 1638.708091 1663.095977 1675.246812 1679.019093 1670.977020 1660.976009 1654.473438 1653.970240 1653.208153 1652.197273 1650.938984 1649.232861 1646.584826 1648.908026 1653.774231 1648.180614 1640.217562 1632.612861 1625.715925 1617.887724 1612.810355 1609.804300 1609.064971 1609.266793 1602.395359 1592.718404 1582.860176 1575.352299 1568.360031 1563.422199 1561.506402 1557.247874 1550.152415 1538.865330
-9999.0 69.252883 190.233930 286.252587 410.930161 549.232138 677.455008 840.912721 987.877971 1200.457762 1352.216554 1447.297527 1481.791685 1533.117396 1586.529343 1646.710353 1647.255514 1615.600646 1581.351737 1564.395628 1567.155327 1574.348073 1585.302878 1602.970644 1619.126190 1628.127375 1630.118160 1622.935056 1609.842863 1600.958691 1594.678226 1585.387075 1578.825408 1578.107784 1579.291042 1586.767466 1589.369003 1580.852576 1568.594324 1553.277746 1539.926074 1529.926854 1527.501182 1529.261266 1529.741091 1526.755632 1520.671145 1511.013953 1499.411554 1488.599912 1482.073132 1477.493996 1471.504362 1462.565819 1452.635595 1441.413769
-9999.0 -9999.0 116.046091 227.948588 338.190448 462.893387 580.658424 725.275422 874.093235 1051.655058 1163.711885 1284.991198 1350.079242 1390.043834 1434.532503 1483.569718 1497.918896 1513.148334 1493.852751 1495.383994 1499.232174 1502.708304 1510.105739 1519.817736 1531.700976 1540.876294 1548.208709 1546.218628 1537.552883 1521.073785 1501.568493 1486.800541 1478.628580 1472.305497 1481.929421 1493.564789 1491.133188 1485.096797 1473.914230 1459.064179 1446.834173 1433.861999 1430.645770 1431.423192 1432.000986 1429.718436 1425.990295 1414.160064 1402.299850 1391.479892 1386.914069 1381.737995 1377.323664 1367.675153 1357.425045 1346.248708
-9999.0 -9999.0 32.201923 141.993868 258.386987 383.278401 485.524122 564.812114 716.899423 831.144682 931.117703 1023.642323 1099.690229 1157.087856 1196.033254 1251.782598 1287.887654 1300.129235 1316.201576 1342.108456 1364.575034 1389.108789 1404.840847 1415.628419 1428.150007 1440.493384 1448.758046 1437.373796 1427.039911 1411.383375 1391.319566 1369.420797 1358.373069 1355.479452 1358.273389 1363.880056 1358.871053 1350.154681 1336.795138 1322.148083 1310.038046 1299.494498 1296.020187 1293.196803 1292.394919 1290.134126 1287.727890 1280.208015 1270.079666 1263.504242 1256.285862 1251.385642 1249.409406 1243.977808 1236.297324 1231.753383
