tests/3D/Borden05m/rec/SoilPressure0000L0005.asc
ncols         160
nrows         34
xllcorner     620200.000000
yllcorner     5168000.000000
cellsize      0.500000
NODATA_value  -9999.0
[rows 0 to 24 of 34, columns 0 to 55 of 160]
-9999.0 -9999.0 -9999.0 -9999.0 -9999.0 -9999.0 -9999.0 -9999.0 -9999.0 -9999.0 -9999.0 -9999.0 -9999.0 -9999.0 -9999.0 -9999.0 -9999.0 -9999.0 -9999.0 -9999.0 -9999.0 -9999.0 -9999.0 -9999.0 -9999.0 -9999.0 -9999.0 -9999.0 -9999.0 -9999.0 -9999.0 -9999.0 -9999.0 -9999.0 -9999.0 -9999.0 -9999.0 -9999.0 -9999.0 -9999.0 -9999.0 -9999.0 -9999.0 -9999.0 -9999.0 -9999.0 -9999.0 -9999.0 -9999.0 -9999.0 -9999.0 -9999.0 -9999.0 -9999.0 -9999.0 -9999.0
-9999.0 -9999.0 -9999.0 -9999.0 -9999.0 -9999.0 -9999.0 -9999.0 -9999.0 -9999.0 -9999.0 -9999.0 -9999.0 -9999.0 -9999.0 -9999.0 -9999.0 -9999.0 -9999.0 -9999.0 -9999.0 -9999.0 -9999.0 -9999.0 -9999.0 -9999.0 -9999.0 -9999.0 -9999.0 -9999.0 -9999.0 -9999.0 -9999.0 -9999.0 -9999.0 -9999.0 -9999.0 -9999.0 -9999.0 -9999.0 -9999.0 -9999.0 -9999.0 -9999.0 -9999.0 -9999.0 -9999.0 -9999.0 -9999.0 -9999.0 -9999.0 -9999.0 -9999.0 -9999.0 -9999.0 -9999.0
-9999.0 -9999.0 -9999.0 -9999.0 -9999.0 -9999.0 -9999.0 -9999.0 -9999.0 -9999.0 -9999.0 -9999.0 -9999.0 -9999.0 -9999.0 -9999.0 -9999.0 -9999.0 -9999.0 -9999.0 -9999.0 -9999.0 -9999.0 -9999.0 -9999.0 -9999.0 -9999.0 -9999.0 -9999.0 -9999.0 -9999.0 -9999.0 -9999.0 -9999.0 -9999.0 -9999.0 -9999.0 -9999.0 -9999.0 -9999.0 -9999.0 -9999.0 -9999.0 -9999.0 -9999.0 -9999.0 -9999.0 -680.830883 -691.348832 -703.198176 -705.789467 -692.744295 -681.659842 -670.598208 -660.900962 -651.192116
-9999.0 -9999.0 -9999.0 -9999.0 -9999.0 -9999.0 -9999.0 -9999.0 -9999.0 -9999.0 -9999.0 -9999.0 -9999.0 -9999.0 -9999.0 -9999.0 -9999.0 -9999.0 -9999.0 -9999.0 -9999.0 -9999.0 -9999.0 -9999.0 -9999.0 -9999.0 -9999.0 -9999.0 -9999.0 -9999.0 -9999.0 -9999.0 -9999.0 -9999.0 -9999.0 -9999.0 -9999.0 -9999.0 -9999.0 -9999.0 -664.299027 -660.497335 -658.771359 -665.191124 -670.809569 -675.654351 -685.728182 -694.797389 -704.434708 -706.039723 -705.918496 -705.680862 -693.552836 -681.666803 -672.741964 -663.984205
-9999.0 -9999.0 -9999.0 -9999.0 -9999.0 -9999.0 -9999.0 -9999.0 -9999.0 -9999.0 -9999.0 -9999.0 -9999.0 -9999.0 -9999.0 -9999.0 -9999.0 -9999.0 -9999.0 -9999.0 -9999.0 -9999.0 -9999.0 -9999.0 -9999.0 -9999.0 -9999.0 -9999.0 -9999.0 -9999.0 -9999.0 -9999.0 -9999.0 -9999.0 -703.701346 -694.776363 -687.363922 -679.976682 -672.812850 -671.403843 -669.733671 -666.433350 -669.138502 -671.520247 -677.641338 -687.952445 -699.353695 -707.447814 -707.792348 -710.061042 -708.798457 -702.455961 -695.040871 -688.013289 -677.219318 -663.939180
-9999.0 -9999.0 -9999.0 -9999.0 -9999.0 -9999.0 -9999.0 -9999.0 -9999.0 -9999.0 -9999.0 -9999.0 -9999.0 -9999.0 -9999.0 -9999.0 -9999.0 -9999.0 -9999.0 -9999.0 -9999.0 -9999.0 -9999.0 -9999.0 -9999.0 -9999.0 -9999.0 -9999.0 -691.655813 -695.391573 -698.919444 -700.483498 -702.795846 -706.553636 -705.967968 -701.942001 -694.293473 -684.619881 -680.152879 -678.485297 -676.279960 -676.900000 -680.631584 -681.848475 -680.457879 -687.213067 -693.709535 -700.255518 -707.950517 -709.606062 -704.343074 -697.333616 -689.526287 -682.849645 -675.373072 -667.684087
-9999.0 -9999.0 -9999.0 -9999.0 -9999.0 -9999.0 -9999.0 -9999.0 -9999.0 -9999.0 -9999.0 -9999.0 -9999.0 -9999.0 -9999.0 -9999.0 -9999.0 -9999.0 -9999.0 -9999.0 -9999.0 -9999.0 -9999.0 -699.959794 -697.552321 -695.710119 -693.266404 -694.452759 -699.085360 -703.731417 -706.797132 -709.280007 -712.682035 -713.014970 -711.419169 -706.778841 -701.085237 -691.085089 -689.737617 -688.433499 -681.617789 -681.808113 -679.305681 -676.362475 -677.538456 -678.778338 -686.926355 -693.184822 -688.707362 -685.104599 -682.484356 -679.718270 -672.992290 -663.888203 -652.683929 -638.453438
-9999.0 -9999.0 -9999.0 -9999.0 -9999.0 -9999.0 -9999.0 -9999.0 -9999.0 -9999.0 -9999.0 -9999.0 -9999.0 -9999.0 -9999.0 -9999.0 -9999.0 -9999.0 -9999.0 -702.946781 -704.104140 -705.887916 -705.837846 -709.229267 -710.741943 -708.849074 -706.036166 -707.304980 -710.643699 -714.018062 -714.890018 -715.428073 -715.833466 -711.275002 -706.122181 -701.591955 -697.262992 -687.604626 -681.513811 -674.682153 -665.037120 -667.894697 -672.298113 -674.604948 -674.647480 -674.365061 -669.176898 -666.512881 -663.273774 -659.435257 -655.200683 -650.226160 -644.034762 -631.082132 -616.149749 -600.516548
-9999.0 -9999.0 -9999.0 -9999.0 -9999.0 -9999.0 -9999.0 -9999.0 -9999.0 -9999.0 -9999.0 -9999.0 -9999.0 -9999.0 -9999.0 -9999.0 -706.727791 -707.889909 -710.223637 -712.040487 -714.333565 -715.088902 -713.889019 -717.328324 -718.426324 -717.171506 -717.531193 -715.156325 -712.993858 -710.847162 -709.864587 -711.785785 -710.235958 -708.042835 -704.757157 -698.777466 -687.984507 -676.439402 -668.412582 -658.991720 -648.324852 -649.477125 -651.208727 -650.939200 -650.778023 -644.531944 -630.605853 -626.352223 -623.738795 -608.476043 -597.552251 -593.899978 -589.022954 -575.231541 -555.913446 -532.752827
-9999.0 -9999.0 -9999.0 -9999.0 -9999.0 -9999.0 -9999.0 -9999.0 -9999.0 -9999.0 -9999.0 -9999.0 -9999.0 -715.118183 -715.472030 -714.634881 -716.909869 -720.656085 -723.329317 -725.467296 -721.833165 -724.558981 -725.089892 -724.336739 -720.755575 -719.471886 -717.624452 -713.859401 -712.573174 -712.116420 -711.626357 -711.287516 -705.574643 -698.882550 -691.885039 -681.575941 -670.067018 -657.732895 -644.253202 -634.994591 -625.025301 -622.502159 -625.005046 -624.505514 -618.198587 -603.429693 -588.298023 -577.570201 -558.633289 -538.713758 -526.728562 -515.447383 -508.258932 -498.890284 -482.424219 -450.520735
-9999.0 -9999.0 -9999.0 -9999.0 -9999.0 -9999.0 -9999.0 -9999.0 -9999.0 -9999.0 -727.354699 -726.623183 -732.115395 -737.300386 -739.784287 -737.351365 -734.959200 -736.870514 -735.878947 -727.620459 -722.292677 -726.994247 -721.975521 -720.819642 -722.122614 -719.866571 -715.876558 -712.134157 -704.831652 -701.096701 -696.686098 -685.696345 -677.943757 -669.830295 -660.312540 -648.894259 -635.212977 -613.191930 -592.481016 -581.564637 -561.021149 -548.055476 -551.917079 -552.605883 -547.038466 -531.740048 -510.490501 -486.076329 -466.165010 -442.360862 -423.439568 -411.371067 -402.769195 -392.547553 -380.403278 -354.336981
-9999.0 -9999.0 -9999.0 -9999.0 -9999.0 -9999.0 -9999.0 -9999.0 -741.745102 -738.804495 -736.347837 -741.448340 -749.234414 -758.033494 -754.018668 -748.588590 -744.138971 -739.445041 -736.015418 -731.854850 -729.329597 -725.121770 -718.530770 -716.962865 -714.618455 -709.475310 -705.494975 -697.972170 -688.001769 -681.698194 -671.243094 -658.567252 -646.700397 -635.570853 -623.645298 -611.143541 -588.697450 -560.974182 -533.674720 -511.753987 -487.563439 -464.737059 -465.189781 -462.929350 -459.798890 -436.528384 -409.345233 -381.988988 -356.259245 -330.106757 -303.628793 -289.974400 -281.927060 -272.014672 -259.736124 -248.360341
-9999.0 -9999.0 -9999.0 -9999.0 -9999.0 -9999.0 -750.810564 -738.693559 -734.048363 -745.679953 -756.601206 -763.966955 -772.723541 -762.896828 -751.429224 -746.082652 -741.725987 -737.578915 -735.353162 -734.713431 -717.309032 -715.677901 -713.182702 -705.102227 -701.287926 -696.651222 -688.920709 -676.037681 -662.761680 -641.046524 -619.884276 -599.994051 -579.935847 -564.670160 -550.107274 -534.209172 -506.961838 -474.483416 -442.613847 -416.225399 -392.247138 -367.070225 -358.962358 -354.589976 -347.684971 -333.011112 -307.472745 -281.176934 -250.430406 -221.426041 -199.720063 -190.443147 -182.539608 -173.702324 -163.142282 -152.863716
-9999.0 -9999.0 -9999.0 -9999.0 -746.956699 -742.921563 -742.804744 -732.362669 -726.119092 -738.780043 -738.871119 -744.116593 -751.372461 -757.615565 -762.347401 -755.308089 -749.792098 -745.252355 -740.627472 -720.348063 -700.982211 -698.073325 -685.378863 -668.001370 -662.121597 -654.903923 -646.826729 -632.228320 -611.005285 -584.488885 -545.319140 -510.678105 -488.192715 -468.589589 -451.618419 -431.980939 -405.106307 -373.451117 -341.935014 -311.673068 -285.135573 -264.593845 -252.397143 -246.723485 -237.743553 -225.946740 -209.620091 -186.710399 -161.343895 -133.367320 -110.759744 -97.289479 -90.647786 -82.323879 -72.901736 -61.958306
-9999.0 -9999.0 -9999.0 -758.301218 -745.296352 -737.409132 -737.145152 -732.245842 -723.991871 -730.029856 -733.170759 -735.602958 -737.304740 -737.733494 -736.881597 -731.731388 -729.108062 -728.781913 -721.992620 -703.372279 -685.034004 -665.935542 -647.534239 -627.480415 -611.837224 -601.506901 -590.386656 -572.108215 -539.955297 -506.128545 -461.930643 -415.212833 -382.498365 -361.410627 -345.860605 -325.301652 -306.911727 -278.998857 -249.631373 -221.548375 -194.272861 -172.742987 -155.413669 -149.717024 -143.978856 -136.870566 -121.520905 -103.171874 -85.049898 -60.904455 -36.419550 -17.729336 -7.238381 -0.347502 12.526584 25.065687
-9999.0 -9999.0 -764.026657 -754.195728 -751.122598 -737.898501 -725.822570 -724.987898 -714.491419 -710.193462 -715.877897 -710.985543 -706.451921 -707.075403 -700.338746 -692.822610 -689.404111 -692.977203 -691.076894 -668.829440 -634.079188 -600.245706 -574.252844 -527.647566 -500.453951 -483.199793 -474.062126 -453.890985 -427.457411 -388.316901 -345.243875 -303.623582 -269.874482 -243.472024 -232.925750 -220.368145 -202.385797 -186.099220 -159.911617 -134.033268 -109.043073 -87.010109 -67.803848 -60.126840 -56.604979 -44.151694 -25.667963 -6.383310 12.096212 29.327918 44.796608 46.343998 47.002946 47.447744 48.032679 48.478146
-9999.0 -9999.0 -774.313885 -759.404491 -756.439016 -735.116917 -715.854099 -716.670893 -708.109975 -693.933868 -691.974546 -684.759091 -676.116722 -666.153255 -653.632455 -639.212781 -640.080709 -640.840364 -644.286943 -607.211727 -563.956312 -509.619575 -444.147507 -394.376884 -362.148110 -357.669074 -354.359110 -339.849673 -318.589450 -279.819486 -234.660893 -191.534950 -153.969173 -129.052045 -117.704309 -106.451402 -91.370470 -77.121452 -63.232355 -34.015819 -16.560529 1.986708 21.903130 38.464959 44.579734 45.079722 44.188987 45.297047 46.108139 46.569923 46.503769 43.472412 42.763103 43.396277 44.510575 40.029966
-9999.0 -797.710975 -779.524464 -767.177970 -749.463444 -739.283289 -716.692063 -694.220672 -684.359721 -671.719822 -661.655788 -652.503279 -615.210375 -579.709618 -560.618482 -536.417142 -541.046688 -545.373820 -554.039817 -521.718738 -475.125597 -394.743451 -290.230862 -244.842295 -222.213894 -221.640906 -226.816960 -214.466873 -191.295852 -157.207709 -107.021356 -73.676135 -37.059900 -9.750593 -1.128477 0.862944 13.212216 28.200452 41.460919 45.659386 46.934681 48.039361 44.374173 44.789716 45.137624 45.395130 42.592198 36.897750 29.730514 24.686671 21.048611 16.717441 19.257662 22.628914 24.109998 17.728213
-9999.0 -822.733859 -784.060704 -760.060781 -751.363837 -740.927322 -705.179941 -663.806032 -652.318730 -639.539589 -623.256594 -587.527345 -517.078410 -459.868801 -428.195085 -393.571670 -398.172986 -411.624312 -413.884010 -384.600748 -337.538118 -273.031573 -166.015883 -95.677396 -92.888306 -84.624122 -77.325336 -57.130503 -31.634150 -9.600672 8.132120 27.068621 31.791022 33.419269 34.161268 34.687190 35.406506 35.788552 32.892014 29.720018 25.584357 25.962190 29.620286 29.620140 27.349466 24.941939 19.935581 12.703430 7.272256 2.909711 0.301050 -2.606497 -3.664791 -2.722141 -6.052311 -11.176333
-9999.0 -818.921180 -774.919731 -763.944322 -758.753872 -720.507056 -692.042174 -649.322068 -605.655834 -584.170466 -543.540412 -465.361724 -380.945511 -306.278665 -266.341072 -246.906056 -237.073050 -243.542287 -229.760970 -193.843357 -144.075946 -85.886079 -41.714401 7.958448 14.539807 15.304892 13.752085 15.549508 17.250698 17.978667 18.611342 17.782922 22.675189 25.209713 24.454703 22.129093 18.118145 11.008817 6.435561 3.825334 0.899736 1.158859 4.313628 5.126966 3.107349 -0.291557 -4.453279 -9.858724 -15.488004 -21.575862 -24.858630 -28.240050 -29.905898 -33.562034 -37.675888 -42.766151
-9999.0 -911.825534 -821.720541 -814.568525 -746.702535 -702.053441 -678.254343 -617.277568 -529.698044 -490.174578 -405.983920 -316.292636 -236.662295 -181.607438 -143.651234 -106.230778 -83.207591 -62.396457 -37.751327 -26.331799 1.870083 18.291670 20.917709 22.394863 15.420377 16.056771 9.407174 -8.182462 -17.741881 -23.829906 -21.669718 -14.182789 -7.943508 -1.807130 -3.337012 -2.837145 -3.274823 -6.548393 -9.605777 -16.843748 -23.752444 -28.403251 -28.841419 -23.035013 -27.633201 -30.850948 -35.992580 -42.906603 -50.482419 -57.469376 -64.072669 -69.998191 -72.304362 -77.247114 -78.012747 -84.109685
-9999.0 -1086.853799 -922.214693 -821.925225 -744.849064 -703.403780 -666.572318 -594.471304 -453.422749 -367.657063 -289.581027 -246.269341 -185.012955 -122.682387 -63.704432 -33.130562 -19.441633 -18.271522 -19.037452 -23.638886 -51.845391 -59.957510 -47.114867 -26.622928 -18.507422 -15.489648 -24.177859 -35.253149 -41.695251 -42.217299 -42.421412 -41.693709 -41.326337 -42.076751 -44.731048 -43.190445 -38.942298 -43.739831 -50.325407 -56.848165 -62.800303 -69.824843 -74.449715 -76.441632 -78.093384 -78.046444 -84.467381 -93.630891 -102.827835 -109.807666 -116.661021 -121.891966 -123.238743 -126.930624 -132.134954 -141.631347
-9999.0 -1389.714275 -988.259598 -857.010660 -774.173918 -735.592491 -704.129124 -649.529058 -558.759415 -386.157056 -230.167027 -204.970698 -182.553477 -145.269366 -88.650193 -38.370877 -35.058004 -67.627843 -96.328547 -114.473680 -118.175797 -112.849248 -100.618267 -81.325169 -66.778023 -59.087587 -59.695751 -68.151240 -80.901737 -87.700762 -90.997017 -97.588860 -102.514425 -102.329187 -103.459696 -98.050241 -94.264069 -102.467114 -113.625565 -127.071288 -138.990162 -147.857190 -150.702354 -149.768300 -149.817859 -152.119422 -158.443334 -167.342988 -178.237663 -187.893502 -194.963717 -199.648408 -204.546868 -211.750467 -220.138653 -229.860257
-9999.0 -9999.0 -1191.846901 -921.303806 -824.784466 -772.157125 -735.909170 -687.544084 -629.848650 -501.559155 -399.692016 -322.339882 -279.992371 -244.254293 -193.548593 -150.166546 -144.302844 -141.042653 -170.539106 -176.787106 -177.788582 -176.231680 -167.974550 -156.100087 -143.823019 -135.629511 -130.816284 -132.691106 -141.656168 -155.682167 -171.199074 -182.630642 -189.475967 -194.042202 -186.451961 -175.730213 -176.248059 -181.868364 -192.180649 -206.184908 -218.260880 -230.412689 -233.540201 -232.243940 -231.749186 -234.055255 -238.634707 -249.997940 -261.501225 -272.874408 -277.722997 -282.473481 -287.324716 -296.659221 -306.403224 -317.859861
-9999.0 -9999.0 -1533.440883 -1111.021573 -887.262249 -798.849446 -765.688802 -732.067427 -678.789670 -633.841771 -580.422426 -518.577052 -463.564207 -417.055926 -375.652007 -325.806494 -304.758004 -297.651740 -299.190934 -293.586635 -280.101667 -266.658178 -256.702210 -245.650127 -233.738830 -223.429137 -215.106805 -224.228139 -234.261723 -249.211779 -267.162347 -285.919665 -295.449406 -300.272816 -295.130409 -286.944032 -290.324926 -298.998850 -311.637413 -326.770659 -338.779604 -350.415276 -353.815733 -354.748329 -354.537122 -356.469003 -359.314595 -368.288295 -379.519048 -387.280149 -393.606806 -399.114939 -401.697332 -408.478063 -417.110259 -422.882213
