tests/3D/Borden05m/rec/SoilPressure0000L0004.old.asc
ncols         160
nrows         34
xllcorner     620200.000000
yllcorner     5168000.000000
cellsize      0.500000
NODATA_value  -9999.0
[rows 0 to 24 of 34, columns 55 to 109 of 160]
-9999.0 -9999.0 -9999.0 -9999.0 -9999.0 -9999.0 -9999.0 -9999.0 -9999.0 -9999.0 -9999.0 -9999.0 -9999.0 -9999.0 -9999.0 -9999.0 -9999.0 -9999.0 -9999.0 -9999.0 -9999.0 -9999.0 -9999.0 -9999.0 -9999.0 -9999.0 -9999.0 -9999.0 -9999.0 -9999.0 -9999.0 -9999.0 -9999.0 -9999.0 -9999.0 -9999.0 -9999.0 -9999.0 -9999.0 -9999.0 -9999.0 -9999.0 -9999.0 -9999.0 -9999.0 -9999.0 -9999.0 -9999.0 -9999.0 -9999.0 -9999.0 -9999.0 -9999.0 -9999.0 -9999.0
-9999.0 -9999.0 -9999.0 -9999.0 -675.458715 -678.430597 -681.053980 -683.253494 -687.571207 -691.674915 -695.677902 -697.258312 -697.543081 -698.155390 -698.816139 -696.612916 -693.264079 -690.040817 -686.731009 -686.090056 -685.192056 -684.087993 -683.859371 -684.554657 -686.182501 -687.651878 -689.122034 -689.246906 -693.373946 -698.900811 -703.160705 -704.382383 -701.986545 -699.929426 -699.200573 -696.614829 -691.661394 -686.682151 -682.985702 -677.126223 -674.879807 -672.140925 -669.986742 -672.292693 -673.900041 -675.219742 -676.766465 -682.440503 -9999.0 -9999.0 -9999.0 -9999.0 -9999.0 -9999.0 -9999.0
-697.523738 -691.160580 -683.088581 -682.417473 -689.370794 -691.730057 -693.098255 -693.751984 -696.005609 -700.194325 -702.510393 -705.287846 -706.232434 -706.496931 -706.935099 -705.310028 -700.776216 -697.148265 -695.237443 -694.608685 -693.865257 -694.028070 -694.457198 -694.633765 -696.070172 -697.625807 -699.118011 -699.607022 -698.978371 -702.692339 -705.103769 -706.729875 -707.501462 -706.507528 -705.715659 -704.895496 -700.295770 -696.759642 -693.250415 -686.166688 -679.628094 -676.938068 -678.484808 -681.256617 -682.594913 -685.069114 -689.188579 -693.386919 -696.875748 -699.104905 -700.635141 -702.638304 -699.534154 -697.291381 -692.802964
-706.517322 -700.177612 -691.952585 -691.647874 -698.314742 -702.963517 -704.773749 -704.461547 -702.976323 -704.777899 -707.296915 -709.669977 -705.961197 -705.839508 -705.686255 -704.425469 -702.818734 -702.285056 -701.238193 -698.986509 -694.475333 -693.571282 -693.576310 -693.569891 -694.520152 -696.099488 -696.743519 -697.984925 -700.835278 -700.974821 -700.530699 -700.561339 -697.524646 -696.926298 -696.316972 -701.057724 -699.781802 -696.988900 -693.970905 -690.683175 -687.205286 -684.488203 -686.432312 -686.640632 -690.562643 -697.137818 -701.679699 -704.388220 -703.856534 -703.820358 -706.595948 -712.499205 -708.749233 -700.819015 -699.345308
-706.905707 -705.968556 -701.967934 -701.708344 -705.072070 -704.424495 -703.394317 -702.415688 -703.436018 -705.433395 -706.745496 -699.773989 -695.120849 -694.933533 -693.690331 -692.017857 -693.068681 -701.011279 -703.123333 -698.480436 -692.835877 -689.770036 -690.220024 -690.482695 -691.327652 -691.824061 -691.918032 -693.343306 -692.338627 -690.664128 -690.221639 -686.998201 -683.616886 -681.923700 -687.929116 -693.973448 -694.122234 -689.782749 -685.515119 -681.546732 -674.744018 -666.803674 -667.816490 -671.289523 -676.027689 -682.939936 -695.015377 -704.565211 -708.435531 -710.258940 -712.713075 -712.402614 -713.003811 -707.396839 -706.796866
-711.680747 -707.449130 -697.558874 -693.852224 -698.191008 -701.917413 -704.188852 -703.898214 -704.036745 -702.366878 -694.672981 -687.115777 -678.023979 -677.109925 -675.812952 -676.058011 -682.889160 -689.671350 -693.092147 -683.179371 -673.273867 -668.116066 -667.773089 -667.146018 -660.680355 -662.550020 -664.786549 -669.038891 -667.152242 -664.813538 -656.049874 -650.952968 -646.312670 -647.885360 -656.403536 -664.042817 -665.662275 -664.950531 -664.523629 -660.893570 -653.379776 -645.496700 -649.116766 -654.506665 -661.475493 -680.515556 -697.125447 -705.500816 -702.490269 -700.526519 -701.939397 -702.657426 -703.927731 -707.973116 -707.694629
-694.070283 -683.793830 -673.823168 -663.658166 -668.241617 -674.151134 -681.891656 -681.709307 -679.458043 -674.346762 -665.865948 -653.000065 -635.349355 -632.680471 -629.599920 -625.754972 -633.877879 -642.825667 -652.082868 -640.966667 -634.051686 -626.940450 -623.909630 -613.841660 -605.279512 -609.904145 -617.504300 -625.045777 -619.849694 -607.736635 -595.467529 -590.702498 -588.411242 -587.551773 -595.484255 -599.601636 -602.341779 -602.608755 -606.487865 -604.737492 -594.848061 -581.041062 -580.331120 -590.492956 -609.883999 -637.832846 -663.483697 -678.843239 -675.198888 -678.591032 -681.476901 -683.466972 -691.446020 -697.570702 -696.654498
-668.434209 -656.738994 -644.619234 -631.339480 -634.006486 -642.922791 -651.753670 -651.462762 -645.190965 -638.970416 -624.993165 -605.596891 -584.933482 -573.855489 -566.722670 -558.941187 -564.844463 -572.378578 -580.185062 -576.667814 -565.362730 -554.618997 -544.084319 -533.033444 -522.141050 -527.323359 -535.653040 -537.501717 -534.229394 -519.994069 -507.512446 -502.966403 -500.630336 -495.820769 -500.230852 -507.314530 -515.309171 -523.124921 -529.988862 -534.655660 -521.409349 -508.162092 -509.471417 -530.928203 -551.877013 -580.097162 -609.829024 -637.256331 -642.309487 -642.219740 -643.308543 -654.743556 -665.152337 -678.070929 -684.931701
-612.280012 -586.512005 -568.407958 -551.973109 -546.930300 -559.676933 -563.122060 -558.937287 -549.610380 -545.527053 -535.447057 -511.025525 -479.665355 -455.615702 -433.982412 -430.782748 -440.445037 -449.663555 -463.268143 -470.149492 -458.640297 -447.596612 -436.546099 -425.316641 -413.942343 -405.674064 -405.666993 -405.513604 -403.510797 -401.184285 -396.470150 -390.345031 -383.806767 -376.515840 -373.738797 -381.595888 -390.257671 -400.362319 -409.810187 -412.645100 -414.939633 -409.122396 -408.930722 -425.702431 -449.523377 -475.552359 -506.861818 -534.204386 -553.814119 -553.021836 -565.505731 -580.094710 -599.056315 -629.311955 -644.619119
-535.659786 -504.431155 -479.366935 -465.372350 -451.264055 -451.674952 -449.592551 -447.664810 -443.214079 -439.197336 -432.826652 -403.473161 -371.200315 -342.178619 -319.460693 -311.451862 -320.985358 -330.889280 -341.805344 -351.703027 -352.531201 -341.001658 -326.032341 -310.817025 -300.303984 -295.931823 -296.942208 -296.624498 -295.610413 -292.941255 -291.147116 -286.969152 -280.356237 -269.775459 -257.037640 -259.530271 -275.312263 -288.802894 -304.568952 -311.312701 -313.642986 -317.749735 -317.201495 -317.148165 -338.729387 -361.702664 -389.677028 -420.089315 -441.776837 -460.053152 -476.117801 -492.814825 -528.950724 -563.411773 -591.943863
-441.300625 -408.227937 -381.009566 -356.391336 -342.482591 -338.064807 -337.247466 -335.414332 -330.040585 -324.839419 -316.793788 -299.273010 -267.611076 -234.960260 -208.634104 -203.406783 -210.560579 -220.544583 -231.781207 -240.067483 -243.232734 -239.009827 -231.248577 -218.572573 -207.050982 -195.523891 -194.598625 -194.096241 -194.633898 -192.958172 -191.531591 -190.824174 -185.769817 -176.362297 -167.411147 -164.962564 -174.035978 -189.571956 -206.782222 -215.973829 -223.187921 -228.421528 -228.544178 -227.238731 -227.308426 -245.606078 -275.298629 -314.938055 -343.446302 -364.517802 -375.340496 -386.854871 -398.719537 -434.738031 -454.525206
-335.983742 -316.770558 -290.755304 -263.486430 -244.874544 -235.636847 -234.901552 -232.446577 -226.362099 -219.275216 -207.823987 -192.930165 -176.623266 -154.249128 -131.499505 -114.484735 -116.146264 -125.249520 -139.048157 -141.261543 -141.521574 -140.714126 -136.314944 -131.765620 -119.480849 -106.497421 -101.534996 -100.885200 -103.073621 -101.309127 -100.529662 -100.505428 -100.695894 -98.476083 -93.345037 -91.236325 -93.716521 -105.595145 -122.453741 -137.623234 -146.663558 -151.014386 -154.029046 -154.243258 -155.759887 -163.772248 -185.403603 -215.560153 -247.350058 -270.171251 -284.927996 -295.026037 -301.944596 -309.076332 -321.331773
-240.897024 -230.552271 -209.704634 -187.101017 -164.121636 -148.272799 -143.240734 -137.108161 -133.290251 -123.045958 -108.456308 -93.631868 -84.182568 -72.342680 -55.838016 -46.533428 -40.970358 -39.432593 -38.774176 -36.566065 -36.475571 -37.891474 -37.047236 -36.294285 -35.757744 -32.726756 -32.058940 -31.959363 -31.941151 -31.325948 -31.211535 -30.824640 -31.043311 -32.519980 -32.274762 -32.112857 -32.067441 -34.343325 -41.115939 -55.285168 -65.466523 -71.863638 -78.540839 -86.482577 -95.127358 -103.339520 -115.174901 -136.786251 -166.101859 -193.795186 -204.979847 -209.576975 -212.738744 -215.711658 -226.989808
-150.189563 -139.869059 -127.604184 -111.060720 -89.953434 -75.381187 -66.627759 -59.516467 -55.344769 -45.088242 -34.829923 -32.877499 -32.578510 -32.273335 -31.970350 -31.815005 -31.714180 -31.642964 -33.600325 -33.537117 -34.530738 -39.708000 -48.235840 -46.746178 -45.480867 -43.017602 -39.617613 -40.985086 -40.118612 -37.171834 -38.345718 -43.199348 -46.233954 -47.649208 -47.445747 -40.547006 -37.608569 -36.831761 -36.097769 -36.444626 -36.366776 -36.367111 -36.407907 -36.515224 -36.690795 -40.874862 -48.706894 -67.081077 -92.864007 -120.833205 -136.518447 -142.851349 -140.681295 -142.981536 -147.750502
-64.024753 -54.466415 -43.817603 -34.245643 -33.504688 -33.066523 -32.800973 -31.412056 -29.464381 -29.776601 -33.044044 -36.591464 -40.873978 -41.723154 -42.780888 -44.929237 -44.141836 -45.931956 -49.461028 -52.326043 -57.355588 -67.043993 -78.090589 -79.724529 -74.877118 -70.255375 -66.488877 -64.128432 -61.059387 -59.142517 -63.075986 -70.059237 -76.369438 -78.235420 -72.092779 -66.689530 -62.324562 -61.682636 -62.854456 -64.304236 -63.609978 -65.287834 -64.495639 -58.627014 -46.904019 -39.308192 -39.154132 -39.218322 -39.747585 -40.685246 -59.984177 -77.998830 -75.652057 -79.540846 -89.944470
-41.060956 -40.830103 -40.728613 -42.783232 -48.075207 -53.299897 -53.713210 -49.822083 -43.105058 -41.469174 -47.901097 -55.340386 -61.443272 -67.114924 -68.623825 -69.978267 -70.575565 -70.459439 -75.274893 -81.458178 -94.762321 -105.617279 -116.355565 -122.037371 -122.442186 -116.411703 -107.727958 -100.083941 -95.755334 -100.381099 -106.676112 -115.930322 -123.471183 -123.168438 -120.025394 -111.563974 -99.994457 -97.536293 -96.920374 -100.927551 -103.959216 -109.216919 -110.582035 -103.940325 -90.159985 -76.984418 -65.627102 -58.852458 -52.444025 -47.017516 -40.255284 -40.418216 -40.682728 -41.118114 -45.388143
-49.547567 -55.367185 -61.137599 -65.452983 -71.560319 -76.927912 -78.075763 -74.919692 -71.008516 -73.238955 -79.365538 -88.664913 -98.381363 -107.062365 -111.494640 -110.366244 -107.956902 -107.074393 -112.129959 -124.773305 -140.460121 -152.740998 -165.654076 -169.070972 -172.722826 -174.270789 -163.472391 -148.462791 -143.064298 -154.244233 -162.873393 -175.700204 -183.072407 -185.283161 -183.211433 -173.742070 -156.287687 -140.757485 -140.277488 -149.055597 -157.679486 -162.725602 -165.307881 -158.540213 -141.027632 -123.370946 -110.917999 -103.095771 -98.191840 -90.824688 -82.230465 -72.426731 -61.574429 -52.632517 -42.786843
-71.754570 -78.894904 -85.847071 -92.533873 -98.705034 -103.981118 -107.377513 -108.841236 -109.836051 -114.692034 -120.520821 -129.488072 -139.850829 -149.575723 -160.828126 -162.693150 -163.349649 -160.346121 -170.025396 -180.451468 -198.798075 -212.978894 -227.373018 -235.063272 -240.209163 -244.938058 -236.982064 -220.511888 -211.147128 -226.159027 -236.303441 -249.858169 -256.607004 -259.648197 -258.115391 -248.246654 -225.261484 -207.098871 -201.635086 -210.278257 -218.255920 -222.766584 -224.597119 -220.595246 -205.725949 -186.817951 -168.927797 -156.619602 -149.213255 -142.420073 -133.255876 -120.494071 -108.416701 -96.578818 -82.114122
-100.588113 -108.618392 -117.195408 -125.247976 -134.165098 -143.190795 -147.719695 -146.087350 -151.517829 -156.723236 -165.827161 -204.159019 -218.017264 -232.961172 -245.397899 -248.538373 -253.423304 -254.945428 -262.768425 -269.187626 -279.879246 -294.750685 -310.644091 -324.624009 -329.070559 -332.881223 -336.425942 -326.168235 -321.380482 -324.096241 -331.787902 -339.837520 -344.104353 -346.606434 -342.483742 -328.818034 -315.206021 -303.144393 -298.168716 -304.069597 -300.806462 -297.403124 -298.789772 -285.967110 -273.353892 -256.883406 -237.376988 -217.580747 -207.866918 -200.293737 -190.955264 -177.225708 -162.460167 -147.496273 -127.637922
-132.068011 -143.066282 -154.576554 -166.547163 -177.203348 -187.675335 -197.179153 -195.074350 -197.305688 -202.490999 -233.133187 -273.122913 -301.467659 -317.140745 -335.206861 -342.552864 -348.165407 -365.070953 -375.312157 -382.521489 -381.543293 -392.920942 -409.127476 -422.781752 -428.882071 -432.973589 -442.165448 -444.885225 -440.762147 -432.129254 -439.231185 -443.425729 -441.459182 -443.884551 -445.604269 -436.193602 -421.553762 -413.093912 -405.412077 -399.057929 -396.815940 -393.906955 -374.639487 -363.080891 -350.520500 -332.297400 -312.493913 -292.274769 -276.003060 -265.626927 -253.713079 -237.154285 -222.609782 -204.100052 -182.828788
-173.143254 -196.678337 -212.948448 -226.639033 -240.359955 -254.845999 -272.697445 -272.508218 -277.141159 -287.758852 -326.594571 -365.309113 -394.395115 -412.781657 -433.406613 -445.566883 -463.112960 -488.536176 -504.357010 -502.661259 -496.339921 -499.744657 -512.771952 -524.183317 -532.473197 -541.756864 -553.923543 -561.268479 -554.613432 -547.018306 -544.873984 -543.488928 -540.378483 -539.953850 -541.142540 -542.546585 -533.302829 -525.849164 -517.305773 -509.867376 -503.329900 -480.977520 -460.191128 -446.873350 -429.524735 -411.774961 -391.445023 -370.210658 -352.345913 -339.473368 -323.597865 -306.580355 -288.187474 -268.939064 -245.640517
-230.070907 -255.082998 -279.084581 -298.194155 -318.313278 -348.826451 -360.156625 -364.969491 -368.984119 -394.525510 -432.098175 -468.740535 -492.795369 -512.743159 -532.299192 -551.941305 -574.548293 -595.819904 -609.562174 -604.376661 -599.374943 -593.085751 -603.127683 -612.665280 -617.680879 -627.660949 -637.149746 -646.178731 -640.344731 -634.629037 -624.961596 -623.128185 -621.216824 -617.204273 -618.572660 -619.879222 -623.716947 -617.022526 -610.233793 -601.288288 -581.739440 -561.397102 -541.426964 -524.734708 -507.983769 -489.082003 -468.222108 -447.229258 -425.936341 -409.992421 -394.100217 -375.615521 -357.447267 -339.487867 -318.515004
-317.690538 -341.364613 -362.127557 -382.396418 -410.282574 -447.818275 -472.293232 -477.389883 -501.451769 -527.697060 -561.662319 -580.111995 -594.691259 -611.328325 -625.965857 -639.286746 -655.530103 -668.587914 -680.951421 -678.201216 -671.735546 -664.089492 -669.594763 -672.478845 -673.973362 -680.121590 -686.974289 -694.269184 -692.603602 -685.666476 -677.517687 -675.161117 -672.436540 -668.468776 -668.683291 -672.306559 -677.561631 -674.749817 -667.869374 -659.236316 -645.447800 -630.204722 -614.432482 -599.385737 -581.835037 -562.657220 -542.775252 -520.967178 -498.316965 -482.372164 -462.331296 -441.137594 -423.103841 -411.654740 -396.913051
-404.991368 -426.177510 -447.291688 -468.365029 -501.589529 -536.937455 -570.720317 -595.113388 -617.195571 -637.368671 -650.014810 -660.569597 -670.278480 -679.191526 -688.072400 -696.127638 -703.841440 -712.498903 -722.124800 -718.684481 -711.999791 -705.689856 -705.405241 -706.698387 -707.547239 -710.763124 -716.732259 -723.634606 -720.502686 -714.356916 -708.507466 -705.561496 -703.610047 -701.063164 -702.969165 -707.512451 -712.542379 -709.776971 -703.649264 -697.922542 -690.378798 -680.393055 -669.310502 -657.183312 -642.960381 -627.226760 -608.375713 -587.746065 -566.226178 -545.216183 -524.749544 -504.250809 -494.141336 -483.932938 -474.592617
-507.958253 -524.106205 -544.233777 -565.380324 -591.513066 -620.614799 -641.477281 -659.383616 -674.469516 -687.790045 -697.030133 -703.224061 -705.355787 -709.460940 -715.573249 -718.625561 -723.361806 -730.976916 -730.367547 -727.746658 -721.599877 -720.816500 -720.759892 -722.129321 -722.165937 -724.124870 -730.529037 -728.649809 -726.376232 -721.295886 -718.652799 -716.592778 -715.347051 -714.504874 -715.739927 -720.471511 -720.474669 -718.637275 -713.809555 -711.133074 -706.756555 -699.392439 -693.536873 -685.801639 -675.689752 -663.693000 -648.998930 -631.381002 -610.411590 -589.954710 -572.142819 -562.849495 -552.825491 -545.875786 -549.229523
