tests/3D/Muntatschini_ref_005/INmaps20/curvatureN-S.asc
ncols         108
nrows         156
xllcorner     619971.250000
yllcorner     5169711.250000
cellsize      20.000000
NODATA_value  -9999.0
[rows 84 to 111 of 156, columns 0 to 62 of 108]
-9999.0 -9999.0 -9999.0 -9999.0 -9999.0 0.003685 0.000357 0.000195 0.000205 0.000245 0.000252 0.000224 0.000170 0.000101 0.000028 -0.000040 -0.000097 -0.000142 -0.000177 -0.000204 -0.000229 -0.000255 -0.000283 -0.000311 -0.000337 -0.000357 -0.000369 -0.000373 -0.000368 -0.000359 -0.000347 -0.000338 -0.000332 -0.000333 -0.000339 -0.000349 -0.000360 -0.000370 -0.000373 -0.000366 -0.000345 -0.000308 -0.000256 -0.000191 -0.000115 -0.000035 0.000046 0.000122 0.000190 0.000249 0.000299 0.000341 0.000377 0.000408 0.000435 0.000459 0.000477 0.000485 0.000481 0.000447 0.000644 0.001281 0.001045
-9999.0 -9999.0 -9999.0 -9999.0 0.000000 0.002839 0.000960 0.000352 0.000221 0.000188 0.000165 0.000123 0.000059 -0.000020 -0.000105 -0.000186 -0.000256 -0.000309 -0.000346 -0.000368 -0.000380 -0.000387 -0.000393 -0.000399 -0.000405 -0.000410 -0.000411 -0.000408 -0.000399 -0.000387 -0.000373 -0.000359 -0.000349 -0.000343 -0.000342 -0.000346 -0.000355 -0.000366 -0.000376 -0.000383 -0.000383 -0.000371 -0.000347 -0.000309 -0.000259 -0.000201 -0.000138 -0.000075 -0.000014 0.000041 0.000091 0.000136 0.000178 0.000220 0.000264 0.000307 0.000345 0.000364 0.000336 0.000252 -0.000319 0.000983 0.005128
-9999.0 -9999.0 -9999.0 -9999.0 -0.001586 -0.000397 0.000459 0.000286 0.000178 0.000128 0.000087 0.000033 -0.000041 -0.000132 -0.000231 -0.000328 -0.000413 -0.000478 -0.000521 -0.000542 -0.000545 -0.000537 -0.000523 -0.000508 -0.000494 -0.000483 -0.000472 -0.000461 -0.000448 -0.000434 -0.000418 -0.000403 -0.000389 -0.000378 -0.000371 -0.000368 -0.000372 -0.000380 -0.000394 -0.000410 -0.000426 -0.000437 -0.000439 -0.000431 -0.000410 -0.000378 -0.000338 -0.000291 -0.000242 -0.000193 -0.000146 -0.000100 -0.000054 -0.000003 0.000054 0.000118 0.000180 0.000220 0.000215 0.000018 -0.000048 0.000000 0.000000
-9999.0 -9999.0 -9999.0 -9999.0 -0.000552 -0.000327 -0.000015 0.000122 0.000106 0.000070 0.000025 -0.000038 -0.000120 -0.000220 -0.000330 -0.000440 -0.000539 -0.000617 -0.000670 -0.000696 -0.000698 -0.000683 -0.000658 -0.000629 -0.000602 -0.000579 -0.000560 -0.000543 -0.000528 -0.000513 -0.000497 -0.000482 -0.000466 -0.000452 -0.000440 -0.000431 -0.000429 -0.000433 -0.000446 -0.000468 -0.000494 -0.000522 -0.000548 -0.000566 -0.000573 -0.000568 -0.000551 -0.000524 -0.000488 -0.000447 -0.000405 -0.000362 -0.000319 -0.000269 -0.000202 -0.000116 -0.000019 0.000072 0.000095 0.000172 0.000000 -9999.0 -9999.0
-9999.0 -9999.0 -9999.0 -9999.0 -0.000190 -0.000125 -0.000021 0.000048 0.000059 0.000030 -0.000018 -0.000084 -0.000170 -0.000273 -0.000388 -0.000504 -0.000613 -0.000703 -0.000767 -0.000803 -0.000812 -0.000801 -0.000776 -0.000746 -0.000716 -0.000690 -0.000670 -0.000654 -0.000640 -0.000627 -0.000614 -0.000599 -0.000584 -0.000568 -0.000552 -0.000539 -0.000532 -0.000532 -0.000543 -0.000564 -0.000596 -0.000635 -0.000676 -0.000715 -0.000745 -0.000764 -0.000769 -0.000760 -0.000739 -0.000708 -0.000673 -0.000639 -0.000612 -0.000579 -0.000520 -0.000409 -0.000255 -0.000101 0.000093 0.000000 -9999.0 -9999.0 -9999.0
-9999.0 -9999.0 -9999.0 -9999.0 0.000086 0.000092 0.000097 0.000087 0.000059 0.000016 -0.000040 -0.000108 -0.000192 -0.000291 -0.000401 -0.000516 -0.000627 -0.000723 -0.000797 -0.000846 -0.000869 -0.000871 -0.000858 -0.000837 -0.000817 -0.000799 -0.000786 -0.000777 -0.000771 -0.000764 -0.000755 -0.000744 -0.000731 -0.000715 -0.000698 -0.000682 -0.000670 -0.000666 -0.000672 -0.000691 -0.000723 -0.000765 -0.000814 -0.000865 -0.000911 -0.000948 -0.000972 -0.000981 -0.000974 -0.000954 -0.000927 -0.000905 -0.000906 -0.000940 -0.000920 -0.000811 -0.000534 -0.000240 0.000000 -9999.0 -9999.0 -9999.0 -9999.0
-9999.0 -9999.0 -9999.0 -9999.0 0.000388 0.000348 0.000268 0.000175 0.000091 0.000020 -0.000046 -0.000114 -0.000191 -0.000279 -0.000378 -0.000483 -0.000587 -0.000684 -0.000765 -0.000825 -0.000865 -0.000885 -0.000890 -0.000889 -0.000885 -0.000883 -0.000884 -0.000889 -0.000894 -0.000897 -0.000896 -0.000891 -0.000881 -0.000867 -0.000850 -0.000833 -0.000818 -0.000809 -0.000810 -0.000823 -0.000850 -0.000889 -0.000938 -0.000993 -0.001048 -0.001097 -0.001137 -0.001162 -0.001170 -0.001162 -0.001141 -0.001124 -0.001141 -0.001274 -0.001585 -0.001298 -0.001055 0.000000 -9999.0 -9999.0 -9999.0 -9999.0 -9999.0
-9999.0 -9999.0 -9999.0 -9999.0 0.000770 0.000662 0.000455 0.000258 0.000115 0.000025 -0.000045 -0.000109 -0.000175 -0.000247 -0.000329 -0.000418 -0.000512 -0.000604 -0.000688 -0.000758 -0.000812 -0.000851 -0.000876 -0.000894 -0.000909 -0.000925 -0.000943 -0.000962 -0.000981 -0.000996 -0.001006 -0.001009 -0.001004 -0.000993 -0.000978 -0.000959 -0.000942 -0.000928 -0.000922 -0.000927 -0.000945 -0.000976 -0.001019 -0.001072 -0.001130 -0.001189 -0.001241 -0.001282 -0.001307 -0.001311 -0.001295 -0.001266 -0.001255 -0.001358 -0.002047 -0.004068 0.000000 -9999.0 -9999.0 -9999.0 -9999.0 -9999.0 -9999.0
-9999.0 -9999.0 -9999.0 -9999.0 0.001352 0.001045 0.000599 0.000239 0.000100 0.000018 -0.000042 -0.000095 -0.000146 -0.000202 -0.000266 -0.000339 -0.000421 -0.000506 -0.000591 -0.000668 -0.000734 -0.000788 -0.000830 -0.000863 -0.000893 -0.000922 -0.000951 -0.000982 -0.001012 -0.001038 -0.001057 -0.001069 -0.001071 -0.001065 -0.001051 -0.001032 -0.001011 -0.000991 -0.000977 -0.000972 -0.000979 -0.001000 -0.001035 -0.001083 -0.001141 -0.001205 -0.001270 -0.001328 -0.001370 -0.001391 -0.001380 -0.001331 -0.001232 -0.001126 -0.001080 -0.004566 -9999.0 -9999.0 -9999.0 -9999.0 -9999.0 -9999.0 -9999.0
-9999.0 -9999.0 -9999.0 -9999.0 0.002426 0.001723 0.000200 0.000082 0.000037 -0.000000 -0.000037 -0.000073 -0.000109 -0.000149 -0.000197 -0.000256 -0.000327 -0.000408 -0.000493 -0.000576 -0.000652 -0.000716 -0.000769 -0.000811 -0.000846 -0.000879 -0.000912 -0.000946 -0.000980 -0.001012 -0.001039 -0.001058 -0.001067 -0.001065 -0.001053 -0.001033 -0.001008 -0.000981 -0.000958 -0.000943 -0.000939 -0.000949 -0.000975 -0.001018 -0.001076 -0.001146 -0.001222 -0.001297 -0.001361 -0.001402 -0.001404 -0.001347 -0.001192 -0.000722 0.000103 0.005326 -9999.0 -9999.0 -9999.0 -9999.0 -9999.0 -9999.0 -9999.0
-9999.0 -9999.0 -9999.0 -9999.0 0.000000 -0.001675 -0.000461 -0.000131 -0.000039 -0.000019 -0.000026 -0.000042 -0.000063 -0.000088 -0.000123 -0.000171 -0.000234 -0.000312 -0.000400 -0.000489 -0.000573 -0.000646 -0.000705 -0.000749 -0.000782 -0.000810 -0.000836 -0.000863 -0.000893 -0.000924 -0.000952 -0.000975 -0.000988 -0.000990 -0.000980 -0.000959 -0.000930 -0.000898 -0.000867 -0.000842 -0.000829 -0.000830 -0.000850 -0.000889 -0.000947 -0.001021 -0.001108 -0.001200 -0.001288 -0.001357 -0.001388 -0.001343 -0.001201 -0.000922 0.001186 0.003067 -9999.0 -9999.0 -9999.0 -9999.0 -9999.0 -9999.0 -9999.0
-9999.0 -9999.0 -9999.0 -9999.0 -9999.0 -0.003184 -0.000668 -0.000249 -0.000085 -0.000025 -0.000006 -0.000004 -0.000009 -0.000021 -0.000043 -0.000080 -0.000137 -0.000212 -0.000302 -0.000398 -0.000490 -0.000570 -0.000633 -0.000677 -0.000704 -0.000721 -0.000733 -0.000746 -0.000764 -0.000785 -0.000809 -0.000830 -0.000845 -0.000849 -0.000841 -0.000821 -0.000792 -0.000756 -0.000721 -0.000692 -0.000673 -0.000670 -0.000686 -0.000722 -0.000779 -0.000856 -0.000950 -0.001057 -0.001168 -0.001270 -0.001345 -0.001373 -0.001205 -0.001190 -0.002814 0.000000 -9999.0 -9999.0 -9999.0 -9999.0 -9999.0 -9999.0 -9999.0
-9999.0 -9999.0 -9999.0 -9999.0 -9999.0 0.000847 -0.000455 -0.000216 -0.000088 -0.000015 0.000020 0.000038 0.000047 0.000051 0.000043 0.000020 -0.000025 -0.000094 -0.000181 -0.000279 -0.000378 -0.000465 -0.000533 -0.000579 -0.000602 -0.000609 -0.000606 -0.000602 -0.000603 -0.000610 -0.000623 -0.000639 -0.000653 -0.000659 -0.000654 -0.000638 -0.000612 -0.000580 -0.000548 -0.000520 -0.000502 -0.000499 -0.000514 -0.000547 -0.000601 -0.000676 -0.000770 -0.000885 -0.001017 -0.001158 -0.001278 -0.001390 -0.001586 -0.000357 -0.002311 -9999.0 -9999.0 -9999.0 -9999.0 -9999.0 -9999.0 -9999.0 -9999.0
-9999.0 -9999.0 -9999.0 -9999.0 -9999.0 -0.000072 -0.000104 -0.000166 -0.000069 0.000005 0.000049 0.000077 0.000101 0.000121 0.000134 0.000131 0.000106 0.000055 -0.000020 -0.000113 -0.000212 -0.000305 -0.000380 -0.000431 -0.000456 -0.000459 -0.000448 -0.000430 -0.000415 -0.000407 -0.000408 -0.000415 -0.000425 -0.000433 -0.000435 -0.000427 -0.000413 -0.000393 -0.000371 -0.000354 -0.000345 -0.000346 -0.000362 -0.000392 -0.000439 -0.000503 -0.000588 -0.000697 -0.000838 -0.001022 -0.001236 -0.001292 -0.001628 -0.004032 0.000000 -9999.0 -9999.0 -9999.0 -9999.0 -9999.0 -9999.0 -9999.0 -9999.0
-9999.0 -9999.0 -9999.0 -9999.0 -9999.0 -0.000420 -0.000328 -0.000175 -0.000042 0.000031 0.000075 0.000109 0.000145 0.000184 0.000222 0.000249 0.000256 0.000235 0.000185 0.000111 0.000020 -0.000072 -0.000154 -0.000215 -0.000249 -0.000259 -0.000249 -0.000227 -0.000203 -0.000184 -0.000173 -0.000172 -0.000178 -0.000187 -0.000197 -0.000203 -0.000207 -0.000208 -0.000208 -0.000210 -0.000215 -0.000227 -0.000245 -0.000271 -0.000305 -0.000351 -0.000412 -0.000497 -0.000624 -0.000827 -0.001171 -0.001682 -0.000255 -0.002280 -9999.0 -9999.0 -9999.0 -9999.0 -9999.0 -9999.0 -9999.0 -9999.0 -9999.0
-9999.0 -9999.0 -9999.0 -9999.0 -9999.0 -0.001010 -0.000698 -0.000134 0.000011 0.000068 0.000099 0.000132 0.000177 0.000235 0.000301 0.000364 0.000412 0.000434 0.000424 0.000381 0.000313 0.000230 0.000147 0.000075 0.000024 -0.000002 -0.000006 0.000008 0.000030 0.000053 0.000071 0.000079 0.000077 0.000065 0.000047 0.000023 -0.000003 -0.000031 -0.000059 -0.000087 -0.000114 -0.000138 -0.000161 -0.000181 -0.000200 -0.000220 -0.000247 -0.000287 -0.000362 -0.000516 -0.000865 -0.001910 -0.005037 0.000000 -9999.0 -9999.0 -9999.0 -9999.0 -9999.0 -9999.0 -9999.0 -9999.0 -9999.0
-9999.0 -9999.0 -9999.0 -9999.0 -9999.0 -0.003606 -0.000097 0.000063 0.000117 0.000120 0.000126 0.000149 0.000197 0.000270 0.000362 0.000461 0.000554 0.000626 0.000666 0.000668 0.000635 0.000574 0.000496 0.000417 0.000349 0.000300 0.000272 0.000266 0.000275 0.000292 0.000310 0.000321 0.000322 0.000309 0.000282 0.000243 0.000193 0.000137 0.000078 0.000022 -0.000028 -0.000067 -0.000095 -0.000111 -0.000115 -0.000109 -0.000095 -0.000076 -0.000061 -0.000074 -0.000204 -0.000571 -0.005478 -9999.0 -9999.0 -9999.0 -9999.0 -9999.0 -9999.0 -9999.0 -9999.0 -9999.0 -9999.0
-9999.0 -9999.0 -9999.0 -9999.0 -9999.0 0.003530 0.000651 0.000399 0.000255 0.000186 0.000157 0.000166 0.000211 0.000290 0.000400 0.000528 0.000660 0.000780 0.000873 0.000928 0.000939 0.000911 0.000851 0.000773 0.000692 0.000620 0.000565 0.000531 0.000517 0.000519 0.000529 0.000539 0.000540 0.000527 0.000495 0.000444 0.000376 0.000296 0.000211 0.000129 0.000059 0.000004 -0.000031 -0.000045 -0.000038 -0.000012 0.000036 0.000112 0.000229 0.000405 0.000694 0.001119 0.007050 -9999.0 -9999.0 -9999.0 -9999.0 -9999.0 -9999.0 -9999.0 -9999.0 -9999.0 -9999.0
-9999.0 -9999.0 -9999.0 -9999.0 0.000000 0.003087 0.001283 0.000620 0.000374 0.000251 0.000195 0.000187 0.000222 0.000297 0.000410 0.000553 0.000710 0.000868 0.001007 0.001112 0.001173 0.001186 0.001156 0.001092 0.001009 0.000920 0.000841 0.000779 0.000739 0.000720 0.000716 0.000719 0.000719 0.000706 0.000672 0.000616 0.000538 0.000443 0.000341 0.000242 0.000155 0.000089 0.000046 0.000029 0.000037 0.000071 0.000134 0.000242 0.000429 0.000765 0.001344 0.002631 0.003334 -9999.0 -9999.0 -9999.0 -9999.0 -9999.0 -9999.0 -9999.0 -9999.0 -9999.0 -9999.0
-9999.0 -9999.0 -9999.0 -9999.0 0.001507 0.000420 0.001017 0.000664 0.000434 0.000305 0.000237 0.000215 0.000233 0.000293 0.000393 0.000529 0.000691 0.000866 0.001036 0.001182 0.001290 0.001349 0.001359 0.001322 0.001252 0.001163 0.001069 0.000986 0.000923 0.000882 0.000862 0.000854 0.000850 0.000836 0.000805 0.000750 0.000671 0.000573 0.000465 0.000359 0.000264 0.000189 0.000139 0.000114 0.000115 0.000141 0.000192 0.000283 0.000466 0.000831 0.001580 0.002554 0.003153 -9999.0 -9999.0 -9999.0 -9999.0 -9999.0 -9999.0 -9999.0 -9999.0 -9999.0 -9999.0
-9999.0 -9999.0 -9999.0 0.000000 0.002248 0.000915 0.000671 0.000586 0.000448 0.000347 0.000282 0.000248 0.000246 0.000277 0.000347 0.000456 0.000599 0.000768 0.000947 0.001118 0.001263 0.001367 0.001422 0.001426 0.001385 0.001313 0.001223 0.001134 0.001057 0.001000 0.000965 0.000946 0.000936 0.000921 0.000892 0.000842 0.000770 0.000679 0.000576 0.000473 0.000379 0.000302 0.000247 0.000213 0.000201 0.000205 0.000220 0.000243 0.000290 0.000550 0.001082 0.002698 0.004403 -9999.0 -9999.0 -9999.0 -9999.0 -9999.0 -9999.0 -9999.0 -9999.0 -9999.0 -9999.0
-9999.0 -9999.0 -9999.0 0.001238 0.000204 0.000743 0.000593 0.000512 0.000446 0.000381 0.000327 0.000284 0.000257 0.000253 0.000279 0.000342 0.000445 0.000584 0.000749 0.000924 0.001091 0.001231 0.001331 0.001382 0.001385 0.001348 0.001283 0.001206 0.001132 0.001071 0.001028 0.001001 0.000984 0.000967 0.000941 0.000898 0.000836 0.000758 0.000670 0.000579 0.000495 0.000424 0.000369 0.000330 0.000303 0.000281 0.000255 0.000197 0.000026 -0.000343 0.000356 0.000277 0.000000 -9999.0 -9999.0 -9999.0 -9999.0 -9999.0 -9999.0 -9999.0 -9999.0 -9999.0 -9999.0
-9999.0 -9999.0 0.000000 0.001402 0.000478 0.000432 0.000487 0.000470 0.000445 0.000411 0.000368 0.000318 0.000267 0.000223 0.000198 0.000205 0.000251 0.000341 0.000470 0.000628 0.000797 0.000960 0.001096 0.001195 0.001248 0.001260 0.001237 0.001192 0.001140 0.001091 0.001052 0.001024 0.001003 0.000985 0.000960 0.000924 0.000874 0.000812 0.000744 0.000674 0.000610 0.000556 0.000512 0.000477 0.000443 0.000402 0.000342 0.000245 0.000011 -0.000981 -0.004123 0.000000 -9999.0 -9999.0 -9999.0 -9999.0 -9999.0 -9999.0 -9999.0 -9999.0 -9999.0 -9999.0 -9999.0
-9999.0 -9999.0 -0.001639 -0.000720 0.000259 0.000345 0.000401 0.000434 0.000443 0.000432 0.000399 0.000345 0.000274 0.000195 0.000122 0.000069 0.000052 0.000081 0.000159 0.000279 0.000430 0.000594 0.000752 0.000888 0.000990 0.001055 0.001085 0.001088 0.001074 0.001053 0.001031 0.001012 0.000995 0.000977 0.000954 0.000924 0.000886 0.000843 0.000798 0.000758 0.000727 0.000706 0.000692 0.000678 0.000654 0.000608 0.000525 0.000404 0.000359 0.000306 -0.004372 -9999.0 -9999.0 -9999.0 -9999.0 -9999.0 -9999.0 -9999.0 -9999.0 -9999.0 -9999.0 -9999.0 -9999.0
-9999.0 -9999.0 -0.002487 -0.000193 0.000104 0.000286 0.000354 0.000400 0.000430 0.000436 0.000415 0.000363 0.000282 0.000178 0.000067 -0.000036 -0.000112 -0.000146 -0.000130 -0.000061 0.000052 0.000195 0.000353 0.000507 0.000645 0.000757 0.000840 0.000897 0.000932 0.000951 0.000958 0.000958 0.000951 0.000939 0.000920 0.000897 0.000871 0.000846 0.000829 0.000828 0.000846 0.000882 0.000926 0.000961 0.000972 0.000944 0.000857 0.000682 0.000489 0.001969 0.009318 -9999.0 -9999.0 -9999.0 -9999.0 -9999.0 -9999.0 -9999.0 -9999.0 -9999.0 -9999.0 -9999.0 -9999.0
-9999.0 -9999.0 0.002348 0.000368 0.000260 0.000266 0.000311 0.000358 0.000397 0.000419 0.000412 0.000370 0.000291 0.000180 0.000048 -0.000088 -0.000210 -0.000300 -0.000344 -0.000336 -0.000276 -0.000173 -0.000039 0.000111 0.000263 0.000406 0.000533 0.000639 0.000722 0.000784 0.000826 0.000851 0.000861 0.000859 0.000849 0.000834 0.000819 0.000811 0.000822 0.000867 0.000956 0.001083 0.001225 0.001348 0.001426 0.001443 0.001385 0.001208 0.000587 -0.001227 0.000000 -9999.0 -9999.0 -9999.0 -9999.0 -9999.0 -9999.0 -9999.0 -9999.0 -9999.0 -9999.0 -9999.0 -9999.0
-9999.0 0.000000 0.001926 0.000729 0.000323 0.000244 0.000253 0.000294 0.000339 0.000374 0.000385 0.000363 0.000302 0.000202 0.000072 -0.000075 -0.000223 -0.000353 -0.000449 -0.000501 -0.000502 -0.000454 -0.000364 -0.000241 -0.000097 0.000055 0.000205 0.000343 0.000464 0.000563 0.000638 0.000688 0.000718 0.000730 0.000731 0.000725 0.000719 0.000721 0.000748 0.000835 0.001014 0.001284 0.001589 0.001852 0.002022 0.002102 0.002114 0.002046 0.001852 -0.001899 -9999.0 -9999.0 -9999.0 -9999.0 -9999.0 -9999.0 -9999.0 -9999.0 -9999.0 -9999.0 -9999.0 -9999.0 -9999.0
0.000000 0.000128 0.000101 0.000387 0.000231 0.000164 0.000166 0.000203 0.000253 0.000302 0.000334 0.000339 0.000309 0.000239 0.000132 -0.000003 -0.000154 -0.000303 -0.000436 -0.000537 -0.000596 -0.000608 -0.000572 -0.000494 -0.000381 -0.000243 -0.000094 0.000055 0.000194 0.000314 0.000410 0.000480 0.000525 0.000551 0.000562 0.000566 0.000566 0.000567 0.000576 0.000654 0.000925 0.001415 0.002018 0.002486 0.002756 0.002866 0.002941 0.003087 0.003401 0.007866 -9999.0 -9999.0 -9999.0 -9999.0 -9999.0 -9999.0 -9999.0 -9999.0 -9999.0 -9999.0 -9999.0 -9999.0 -9999.0
