tests/3D/Muntatschini_ref_005/INmaps20/curvatureold.asc
ncols        108
nrows        156
xllcorner    619971.250000000000
yllcorner    5169711.250000000000
cellsize     20.000000000000
NODATA_value  -9999
[rows 44 to 65 of 156, columns 49 to 97 of 108]
-9999 -9999 -9999 -9999 0.0041492469608783722 -0.011995033361017704 -0.0022913133725523949 0.0020831814035773277 -0.0033753747120499611 -0.00488263089209795 -0.0087289931252598763 0.0021786266006529331 -0.0063272439874708652 -0.0015659797936677933 0.0062909955158829689 0.0031044702045619488 -0.002309862757101655 0.00065165967680513859 -0.017726177349686623 -0.0033302786760032177 0.00026400096248835325 0.0050790729001164436 0.002657994395121932 0.0096201328560709953 0.010598976165056229 0.0065560820512473583 0.0013590105809271336 -0.011336264200508595 0.014135303907096386 0.0041662272997200489 0.017223292961716652 0.0027367635630071163 0.0099078556522727013 -0.0029858548659831285 -0.0067179291509091854 0.0065090726129710674 0.0012757130898535252 0.011815007776021957 -0.010218639858067036 0.0079427305608987808 -0.012344813905656338 -0.0023368403781205416 -0.010438027791678905 -0.0056831790134310722 -0.0067235762253403664 -0.022171122953295708 -0.0070812907069921494 0.0073827914893627167 -0.019436867907643318
-9999 -9999 -9999 0.0004475062305573374 0.025521498173475266 0.021810993552207947 -0.0037769598420709372 0.0017210817895829678 0.0065931146964430809 0.012338349595665932 -0.00040742888813838363 0.00024698243942111731 -0.0064289909787476063 0.0078295767307281494 0.0019385043997317553 -0.015063953585922718 0.0063023939728736877 -0.0218376275151968 -0.0012479918077588081 -0.0011480924440547824 -0.0068284729495644569 -0.0013025338994339108 0.0021094796247780323 -0.0094518875703215599 0.0046296003274619579 0.0043952031992375851 0.011633194983005524 -0.0016416524304077029 -0.0043158181942999363 -0.0080959107726812363 0.011172747239470482 -0.00015582611376885325 0.018334148451685905 0.010068384930491447 -0.019764602184295654 0.0032670549117028713 0.0076056728139519691 -0.003915474284440279 0.007516141515225172 0.0040376931428909302 0.0027501462027430534 -0.0059596290811896324 -0.0022357820998877287 -0.0034913790877908468 0.0011704937787726521 0.0034731777850538492 -0.0038953723851591349 -0.0024242943618446589 0.0056174607016146183
-9999 -9999 -0.0013180810492485762 0.0045042983256280422 0.00098455348052084446 0.0059468494728207588 0.027773885056376457 0.0058261859230697155 0.0013200397370383143 0.0024999056477099657 0.0047645773738622665 -0.000953411974478513 -0.013618385419249535 0.004910418763756752 0.017494881525635719 0.0072218445129692554 -0.026047203689813614 0.014101570472121239 -0.0042134183458983898 0.0042308522388339043 -0.0069297063164412975 -0.0061914701946079731 0.0050914688035845757 0.0068268748000264168 -0.0077906548976898193 -0.0023110425099730492 -0.00060126744210720062 -0.00091293588047847152 0.022384779527783394 -0.0040539037436246872 2.3360344130196609e-005 0.0089142117649316788 0.01036523561924696 0.0068094450980424881 0.018765006214380264 -0.017632130533456802 0.0028555311728268862 0.017889386042952538 0.0023729749955236912 -0.0006179381744004786 0.0024628459941595793 -0.00034032037365250289 -0.0005300012999214232 0.00085511314682662487 -0.011229635216295719 0.0055365557782351971 -0.002880556508898735 0.0021232166327536106 -0.0052081556059420109
-0 -0.0031781219877302647 0.0022206860594451427 -0.002888192655518651 -0.0081270346418023109 0.00036316979094408453 -0.0096345953643321991 -0.00084455515025183558 -0.0030231205746531487 -0.0045619877055287361 -0.0039272317662835121 -0.0034354755189269781 0.025101669132709503 0.00023781585332471877 -0.013968620449304581 -0.004857206717133522 0.0024988949298858643 -0.001023026998154819 -0.007239221129566431 0.0014932142803445458 0.010192018933594227 0.0014838873175904155 -0.0079908808693289757 -0.015591340139508247 0.0045638140290975571 -0.0034892305266112089 -0.0052150576375424862 -0.014806421473622322 0.022609544917941093 0.0077456766739487648 -0.0077457446604967117 0.0013796321582049131 -0.01610429584980011 0.011197325773537159 0.00052556017180904746 0.018431080505251884 -0.0037835955154150724 -0.010228384286165237 -0.0028961631469428539 0.01661466620862484 0.0033899741247296333 1.6008412785595283e-005 -0.0065415455028414726 0.0028923747595399618 0.005959387868642807 -0.0052177757024765015 0.0029843701049685478 0.0049923257902264595 0.0035714530386030674
-0.0070948991924524307 -0.010093631222844124 -0.0029284851625561714 -0.00021952307724859565 -0.002391536021605134 -0.0076261414214968681 -0.0090226102620363235 -0.014438274316489697 -0.0028788982890546322 -0.0047567798756062984 0.011029881425201893 -0.00099937780760228634 -0.0045046387240290642 -0.0040156352333724499 -0.019901413470506668 0.0025706165470182896 0.0036856371443718672 0.014227863401174545 -0.0074875098653137684 -0.0089016836136579514 -0.0045017893426120281 0.0005835358751937747 -0.0025582334492355585 0.0039234533905982971 -0.0046740123070776463 -0.0034444690681993961 -0.011848683468997478 0.010952162556350231 0.010295038111507893 0.0075939432717859745 0.0047893635928630829 -0.0090727917850017548 0.012586545199155807 0.019611673429608345 0.015235471539199352 -0.0068209404125809669 0.012961339205503464 0.017430705949664116 0.0041095474734902382 -0.0051221218891441822 0.0036063902080059052 0.00026568523026071489 0.0019384372280910611 -0.0027489725034683943 -0.005597233772277832 -0.0077691320329904556 0.00023184306337498128 0.010155869647860527 0.0074518094770610332
-0.0016751250950619578 -0.0081692487001419067 -0.0010967757552862167 0.0013016589218750596 0.004889288917183876 0.0057889814488589764 0.0005968968034721911 0.0030891029164195061 -0.0079208603128790855 0.009022638201713562 0.0012243969831615686 0.0018944690236821771 -0.015222948975861073 -0.0028023598715662956 -0.0010105017572641373 0.0068756472319364548 -0.0040144124068319798 0.011043551377952099 0.007411489263176918 -0.0010051104472950101 -0.0014692754484713078 -0.0054411860182881355 0.0012510223314166069 0.0064550377428531647 0.0027881164569407701 -0.0015687773702666163 -0.010953308083117008 -0.0066177337430417538 -0.0097001837566494942 0.012580990791320801 -0.0043305293656885624 0.00069788494147360325 -0.017036732286214828 -0.00016585130651947111 0.0025048875249922276 0.019577344879508018 -0.0054525653831660748 -0.012161437422037125 0.0055777020752429962 -0.00775168277323246 -0.00047063184319995344 -4.9920352466870099e-005 -4.385164356790483e-005 -0.01006185170263052 0.010422899387776852 -0.0065751783549785614 0.003030094550922513 -0.0094969496130943298 -0
-0.01470648031681776 -0.00010932407167274505 0.0017993105575442314 0.0075784586369991302 0.0042716739699244499 -0.003604554571211338 0.0015557974111288786 -0.010741405189037323 0.00049732549814507365 -0.007578263059258461 0.025543896481394768 0.00086646556155756116 0.0023511233739554882 0.014569580554962158 0.003774542361497879 -0.0031431317329406738 -0.0024570226669311523 -0.0010699548292905092 0.0038850344717502594 0.015781324356794357 0.00080054841237142682 0.00049137498717755079 0.0036465749144554138 -0.0086816810071468353 0.0066775851882994175 0.0035878922790288925 0.00053692667279392481 -0.0098646730184555054 -0.009643196128308773 -0.01000913605093956 0.0068576810881495476 -0.00088785839034244418 -0.00057057733647525311 -0.023346718400716782 -0.016873357817530632 -0.0039071314968168736 0.016053115949034691 -0.011588085442781448 0.0010528336279094219 -0.0024424763396382332 0.005872668232768774 -0.00036910347989760339 -0.0079531325027346611 0.023627171292901039 -0.0053018201142549515 0.00073927099583670497 -0.017954621464014053 0.0003187063557561487 -9999
0.013962596654891968 -0.016952315345406532 -0.016888875514268875 -0.0081370500847697258 4.7654393711127341e-005 0.025851001963019371 0.00035702323657460511 0.0005225223139859736 -0.0041952906176447868 -0.0069193160161375999 -0.0076965116895735264 -0.0012440349673852324 -0.020897939801216125 0.01845921203494072 0.0079134861007332802 0.00055812078062444925 0.0064574494026601315 -0.0035859509371221066 -0.0064881453290581703 0.01111304946243763 -0.00094071042258292437 0.0022951469291001558 -0.0067333029583096504 0.0088907741010189056 -0.00064870202913880348 -0.0042937565594911575 -0.0010165643179789186 6.3261955801863223e-005 0.019174681976437569 -0.0063640158623456955 -0.012459185905754566 -0.0032922425307333469 -0.003162299981340766 0.0057197366841137409 0.03492334857583046 -0.0031499830074608326 -0.014404763467609882 0.047871090471744537 -0.0037771256174892187 0.013115172274410725 -0.00092905410565435886 0.010869532823562622 0.014806212857365608 -0.014677604660391808 0.00068011402618139982 0.0082821929827332497 -0.0014663338661193848 -9999 -9999
-0.012632447294890881 0.011756459251046181 -0.0051516932435333729 -0.012380321510136127 -0.0084867300465703011 0.0053573879413306713 0.001989646814763546 0.0082807345315814018 -0.0064028478227555752 -0.0017087121959775686 -0.012744948267936707 -0.0041370159015059471 0.0067394990473985672 -0.0091743497177958488 0.0119157824665308 0.004601634107530117 -0.006050982978194952 0.0048940787091851234 -0.0046029682271182537 -0.0091556701809167862 0.0048007401637732983 0.0026245883200317621 -0.0013392090331763029 -0.0028655123896896839 0.0034038941375911236 0.0084244264289736748 -0.002462475560605526 -0.0041886428371071815 -0.010412809439003468 -0.0081435693427920341 -0.0058649065904319286 0.020532101392745972 -0.0020008429419249296 -0.0099900290369987488 -0.025705637410283089 -0.0020319563336670399 0.0026038957294076681 0.0044173020869493484 0.0032330891117453575 -0.011168488301336765 -0.011988758109509945 -0.0063906521536409855 -0.0028437557630240917 0.0036817053332924843 -0.0045112017542123795 0.0013363313628360629 -9999 -9999 -9999
0.0018037025583907962 -0.0043083187192678452 -0.0038376618176698685 -0.0076416777446866035 -0.003016351955011487 -0.013057445175945759 -0.0076152123510837555 0.013168329373002052 0.0019820777233690023 -0.0029051573947072029 -0.0065334253013134003 0.00094996311236172915 0.0011021193349733949 -0.0038685859180986881 -0.016726655885577202 0.010758765041828156 0.0027973332908004522 -0.0023083232808858156 0.0081043075770139694 -0.00054458837257698178 0.0010255021043121815 0.0083473166450858116 0.0092848008498549461 -0.0018152643460780382 0.00074079498881474137 -0.0061567677184939384 0.01211209874600172 0.0080818319693207741 0.0026287208311259747 -0.0032386386301368475 -0.0097137754783034325 -0.0096535589545965195 -0.0023538051173090935 0.001858008443377912 0.0014284231001511216 -0.0057027805596590042 -0.0086294272914528847 -0.024307642132043839 -0.0034034103155136108 0.012105580419301987 -0.0058827688917517662 -0.018075490370392799 0.0041199615225195885 -0.01180854719132185 -0.00080715154763311148 -9999 -9999 -9999 -9999
0.0065401024185121059 0.010733966715633869 -5.4831270972499624e-005 -0.0016428114613518119 -0.0040811114013195038 0.00082395615754649043 -0.011577093973755836 8.0008001532405615e-005 0.0067581706680357456 0.0064825918525457382 -0.0044769220985472202 -0.0057597514241933823 -0.0012861301656812429 -0.0032337966840714216 -0.0017071521142497659 -0.018234433606266975 0.0077145509421825409 0.0042872731573879719 -0.020587550476193428 0.015329618006944656 -0.0032429210841655731 0.0025365366600453854 -0.0017832213779911399 0.014628778211772442 -0.016789089888334274 0.0042451065964996815 -0.0036589235533028841 -0.0088855847716331482 0.0089299837127327919 0.010103200562298298 0.0045537813566625118 -0.019510902464389801 0.01456101518124342 -0.0049259308725595474 -0.0048225549980998039 0.013121536932885647 -0.011995155364274979 -0.0038870384451001883 0.00071555067552253604 0.0089430157095193863 -0.0056347055360674858 0.0021964621264487505 -0.017611367627978325 -1.0476053375896299e-006 -9999 -9999 -9999 -9999 -9999
0.011014778167009354 -0.0015598844038322568 0.0055782198905944824 0.0015068147331476212 -0.013382342644035816 -0.0028514931909739971 0.0088494941592216492 0.0042464076541364193 -0.0023507245350629091 -0.0055519235320389271 0.0037151463329792023 0.0008872352191247046 -0.0061805965378880501 -0.0043197493068873882 -0.003119033295661211 0.00096891605062410235 -0.014738810248672962 -0.0033047134056687355 0.0071852025575935841 -0.00061576650477945805 -0.0072163320146501064 0.010077726095914841 0.0011916052317246795 -0.010376154445111752 -0.0031436223071068525 -0.0069554890505969524 -0.0001385292416671291 -0.0039176475256681442 -0.012371438555419445 0.013372207060456276 -0.0074673835188150406 0.0049315444193780422 -0.013536380603909492 -0.0015338885132223368 -0.0080763353034853935 -0.013942264020442963 0.0052749793976545334 -0.00030744887772016227 0.0070799109525978565 0.0029463253449648619 0.019814563915133476 -0.019682338461279869 0.000577649159822613 -9999 -9999 -9999 -9999 -9999 -9999
0.0035678781569004059 0.010738743469119072 -0.0041629401966929436 0.022633859887719154 0.0028886694926768541 -0.00019101299403700978 -0.018228484317660332 -0.0061185727827250957 0.0051153246313333511 0.0017475053900852799 -0.0056102247908711433 0.0056303828023374081 -0.00087812455603852868 0.0015623653307557106 -0.00043906416976824403 -0.0099457670003175735 -0.0093235159292817116 0.0036393282935023308 -0.0045125866308808327 -0.0060829664580523968 0.0066640288569033146 -0.0022488448303192854 -0.00079108739737421274 -0.0056060622446238995 0.012150311842560768 -0.0031891618855297565 -0.00095983385108411312 -0.0073014763183891773 0.014358292333781719 -0.00051766831893473864 0.0050830896943807602 0.00066712504485622048 0.013581293635070324 -0.0052181226201355457 -0.0058617843315005302 -0.0049951076507568359 0.0021449378691613674 0.0021894080564379692 -0.0026936440262943506 0.024996029213070869 0.0038599916733801365 -0.0018065448384732008 -9999 -9999 -9999 -9999 -9999 -9999 -9999
0.012987633235752583 -0.0028651098255068064 -0.002106610918417573 0.0021905445028096437 0.024042811244726181 -0.026530804112553596 0.010670725256204605 0.001589892664924264 -0.0096107004210352898 0.012300727888941765 -0.00076928740600124002 -0.00027301564114168286 0.014292722567915916 -0.0092932712286710739 0.0025505742523819208 -0.0042768209241330624 -0.0027446530293673277 -0.015197616070508957 -0.0082302773371338844 0.0047200717963278294 0.00075623701559379697 -0.0020939211826771498 -0.0019838619045913219 -0.0062948553822934628 0.0072047309949994087 -0.017296725884079933 -0.00040484342025592923 -0.0025230308528989553 0.0061665112152695656 -6.9537418312393129e-005 0.0052234032191336155 0.0047112111933529377 0.0014439078513532877 0.0035886936821043491 -0.0028589966241270304 0.003466316731646657 -0.0086843054741621017 -0.0069838999770581722 0.0082870200276374817 0.0039116102270781994 0.012961756438016891 0.0053579770028591156 -9999 -9999 -9999 -9999 -9999 -9999 -9999
-0.005138014443218708 0.0076998956501483917 -0.0010812102118507028 0.0024442134890705347 -0.021000662818551064 0.0057894224300980568 0.0096903229132294655 -0.0041739121079444885 0.0013461385387927294 -0.012595034204423428 0.0057348175905644894 -0.0013382331235334277 -0.0084595009684562683 0.017174800857901573 -0.0093006696552038193 0.013033369556069374 -0.0021939636208117008 -0.0074973246082663536 -0.0063648768700659275 -0.011257554404437542 -0.0046724877320230007 0.00075568776810541749 0.0065343487076461315 0.0098369820043444633 -0.01268882118165493 -0.00084007700206711888 -0.0063263904303312302 -0.0098847756162285805 0.0050371792167425156 -0.00066335697192698717 -0.0047023170627653599 0.013154579326510429 0.0037099674809724092 -0.017343206331133842 0.0109702218323946 -0.0038428199477493763 0.005795829463750124 -0.021064480766654015 -0.001469327718950808 0.0088495370000600815 0.014679815620183945 -0 -9999 -9999 -9999 -9999 -9999 -9999 -9999
0.0045794909819960594 8.4291452367324382e-005 0.00018440808344166726 0.0024915679823607206 0.0021314765326678753 0.0019879220053553581 0.0012677329359576106 -0.0011783489026129246 -0.0038130132015794516 -0.0031785368919372559 0.00061179156182333827 0.011683213524520397 0.00011604942119447514 -0.0015505993505939841 0.0067485813051462173 -0.011926631443202496 0.0028756915125995874 0.0001037860638462007 0.0026706531643867493 -0.002480352995917201 -0.00034737968235276639 0.0030158981680870056 -0.023457339033484459 0.0062854066491127014 0.014162342064082623 -0.004098470788449049 0.00068356713745743036 -0.0069356299936771393 -0.0020302487537264824 -0.0085686193779110909 0.0030813687480986118 -0.0099760303273797035 0.0026568882167339325 0.016033610329031944 -0.0041506802663207054 -0.0028576108161360025 0.0097472351044416428 0.0046799271367490292 -0.0039921710267663002 -0.013945905491709709 0.0014075925573706627 -9999 -9999 -9999 -9999 -9999 -9999 -9999 -9999
-0.008196098729968071 0.00079087918857112527 -0.014338100329041481 0.01145882997661829 0.0032457604538649321 -0.0019017345039173961 0.0049115424044430256 -0.0045326114632189274 -0.0043968241661787033 -0.0015766479773446918 -0.0093729738146066666 0.0078807910904288292 0.013856560923159122 -0.00040380135760642588 0.0090873632580041885 7.9379271483048797e-005 0.0096973618492484093 -0.026254009455442429 0.045717392116785049 -0.0043817446567118168 0.0031963149085640907 -0.01489669643342495 -0.016290320083498955 0.011401569470763206 0.015647117048501968 0.001231514266692102 -0.00058305484708398581 -0.0046670828014612198 -0.0037135782185941935 0.003820216516032815 -0.015047972090542316 0.0055862972512841225 -0.010872616432607174 0.014241579920053482 -0.003357280045747757 -0.0042239315807819366 -0.0042724679224193096 -0.0026649939827620983 -0.0019418461015447974 -0.0018683826783671975 -9999 -9999 -9999 -9999 -9999 -9999 -9999 -9999 -9999
0.0097624137997627258 0.0024272927548736334 -0.0093578575178980827 0.0041877557523548603 0.0011600801954045892 0.010103288106620312 0.001086812000721693 0.010586799122393131 0.00059877638705074787 -0.0079666189849376678 -0.016280150040984154 0.0058298464864492416 -0.0083804912865161896 0.0035485359840095043 0.0067621436901390553 0.0040646172128617764 -0.016491305083036423 0.042512979358434677 -0.019861629232764244 0.0024121755268424749 -0.00032445325632579625 -0.025830740109086037 0.013061424717307091 0.0039575556293129921 -0.0048398124054074287 0.012573275715112686 0.014033153653144836 0.01192045770585537 -0.0039301435463130474 -0.0092132529243826866 0.0022810765076428652 -0.0026021201629191637 0.00633625453338027 -0.0060484958812594414 0.00073413935024291277 0.0074450490064918995 -0.010851409286260605 -1.5710749721620232e-005 -0.0016526726540178061 -9999 -9999 -9999 -9999 -9999 -9999 -9999 -9999 -9999 -9999
0.015079529955983162 0.0096453875303268433 0.0053376606665551662 0.0041655665263533592 -0.0050905961543321609 -0.014260796830058098 -0.0041667940095067024 0.0054193087853491306 0.0035123613197356462 -0.010571982711553574 0.012966430746018887 -0.011589271016418934 -0.0079019628465175629 0.0050232866778969765 -0.0043229381553828716 0.0072473329491913319 0.012387691996991634 -0.015699522569775581 0.0021206645760685205 -0.0069997049868106842 -0.01037221122533083 0.00023909550509415567 0.0039082728326320648 0.0042203422635793686 -0.0065778819844126701 -0.0033385790884494781 -0.0012323156697675586 0.0078290123492479324 0.00068713829386979342 -0.00052327162120491266 0.0029721974860876799 -0.0032354108989238739 -0.0049261036328971386 0.0043452121317386627 -0.0068072611466050148 0.0011108973994851112 0.0071479883044958115 -0.011829571798443794 -0 -9999 -9999 -9999 -9999 -9999 -9999 -9999 -9999 -9999 -9999
-0.00090576708316802979 0.01480603963136673 -0.0096728550270199776 0.0043522766791284084 -0.0015247570117935538 0.0053825322538614273 -0.0020839199423789978 0.0017334525473415852 0.00096460682107135653 -0.011551408097147942 0.0049194181337952614 0.0023511743638664484 0.00012938982399646193 -0.0071925418451428413 0.0025908348616212606 0.0049217301420867443 -0.011104641482234001 -0.010097945109009743 0.0132618248462677 -0.019696831703186035 0.015042122453451157 -0.0054947412572801113 0.00062173121841624379 -0.003092415863648057 -0.0043628350831568241 -0.0067218830808997154 -0.0024560531601309776 -0.0097219869494438171 -0.0044772145338356495 0.008259505033493042 -0.00097723992075771093 -0.00027294570463709533 0.0053758923895657063 0.0014358703047037125 -0.0037184027023613453 -0.0035478512290865183 0.010997842065989971 0.00058959989110007882 -9999 -9999 -9999 -9999 -9999 -9999 -9999 -9999 -9999 -9999 -9999
0.0051415897905826569 -0.023828759789466858 0.011782662943005562 0.0056193391792476177 0.0022894407156854868 -0.0033246462699025869 0.0033564851619303226 0.010811456479132175 0.0061695869080722332 -0.0019397522555664182 -0.0031887462828308344 0.0059206206351518631 -0.0031794167589396238 -0.0038498637732118368 0.0029741926118731499 -0.0082187801599502563 0.0090687107294797897 0.020921997725963593 -0.032969523221254349 0.024929450824856758 -0.0023422909434884787 5.7186836784239858e-005 0.00030949289794079959 -0.0031764553859829903 0.00031777619733475149 -0.0093977488577365875 0.00050754525000229478 -0.0057456721551716328 0.0041561196558177471 -0.0015863786684349179 0.0056311641819775105 -0.00055885291658341885 0.0012119277380406857 0.006161014549434185 -0.0040312819182872772 0.00026988002355210483 -0.00032702702446840703 -9999 -9999 -9999 -9999 -9999 -9999 -9999 -9999 -9999 -9999 -9999 -9999
-0.01707720011472702 -0.022276606410741806 0.012536381371319294 0.0069536725059151649 0.0061036525294184685 0.0019149205181747675 -0.0078315632417798042 -0.0011342390207573771 -0.0013674367219209671 0.0091724349185824394 -0.00159285101108253 0.0044738785363733768 -0.006039053201675415 -0.0047182473354041576 -0.0061506489291787148 -0.0046870335936546326 0.0068975375033915043 -0.024530991911888123 0.014926654286682606 0.010427813045680523 0.00041289810906164348 0.0069066304713487625 0.0018180585466325283 0.003357709851115942 -0.00041252121445722878 -0.00065106141846626997 -0.0092219850048422813 0.002588687464594841 -0.0034358655102550983 -0.001554975169710815 0.0062727802433073521 -0.0056092753075063229 0.00050809106323868036 0.01130509190261364 -0.001671246369369328 0.00082041759742423892 -9999 -9999 -9999 -9999 -9999 -9999 -9999 -9999 -9999 -9999 -9999 -9999 -9999
