tests/3D/Mazia/input_maps/bedrock2.asc
ncols         63
nrows         48
xllcorner     598000.000000
yllcorner     5145000.000000
cellsize      1000.000000
NODATA_value  -9999.0
[rows 0 to 26 of 48, columns 0 to 60 of 63]
-9999.0 -9999.0 -9999.0 -9999.0 -9999.0 -9999.0 -9999.0 -9999.0 -9999.0 -9999.0 -9999.0 -9999.0 -9999.0 -9999.0 -9999.0 -9999.0 -9999.0 -9999.0 -9999.0 -9999.0 -9999.0 -9999.0 -9999.0 -9999.0 -9999.0 -9999.0 -9999.0 -9999.0 -9999.0 -9999.0 -9999.0 -9999.0 -9999.0 -9999.0 -9999.0 -9999.0 -9999.0 -9999.0 -9999.0 -9999.0 -9999.0 -9999.0 -9999.0 -9999.0 -9999.0 -9999.0 -9999.0 -9999.0 -9999.0 -9999.0 -9999.0 -9999.0 -9999.0 -9999.0 -9999.0 -9999.0 -9999.0 -9999.0 -9999.0 -9999.0 -9999.0
-9999.0 -9999.0 -9999.0 -9999.0 -9999.0 -9999.0 -9999.0 -9999.0 -9999.0 -9999.0 -9999.0 -9999.0 -9999.0 -9999.0 -9999.0 -9999.0 -9999.0 -9999.0 -9999.0 -9999.0 -9999.0 -9999.0 -9999.0 -9999.0 -9999.0 -9999.0 -9999.0 0.000000 185.000000 0.000000 185.000000 50.000000 50.000000 -9999.0 -9999.0 -9999.0 -9999.0 -9999.0 -9999.0 -9999.0 -9999.0 -9999.0 -9999.0 -9999.0 -9999.0 -9999.0 -9999.0 -9999.0 -9999.0 -9999.0 -9999.0 -9999.0 -9999.0 -9999.0 -9999.0 -9999.0 -9999.0 -9999.0 -9999.0 -9999.0 -9999.0
-9999.0 -9999.0 -9999.0 -9999.0 -9999.0 -9999.0 -9999.0 -9999.0 -9999.0 -9999.0 -9999.0 -9999.0 -9999.0 -9999.0 -9999.0 -9999.0 -9999.0 -9999.0 -9999.0 -9999.0 -9999.0 -9999.0 -9999.0 -9999.0 251.000000 251.000000 230.000000 371.000000 270.000000 185.000000 185.000000 -9999.0 -9999.0 -9999.0 -9999.0 -9999.0 -9999.0 -9999.0 -9999.0 -9999.0 -9999.0 -9999.0 -9999.0 -9999.0 -9999.0 -9999.0 -9999.0 -9999.0 -9999.0 -9999.0 -9999.0 -9999.0 -9999.0 -9999.0 -9999.0 -9999.0 -9999.0 -9999.0 -9999.0 -9999.0 -9999.0
-9999.0 -9999.0 -9999.0 -9999.0 -9999.0 -9999.0 -9999.0 -9999.0 -9999.0 -9999.0 -9999.0 -9999.0 -9999.0 -9999.0 -9999.0 -9999.0 -9999.0 -9999.0 -9999.0 -9999.0 -9999.0 -9999.0 -9999.0 251.000000 289.000000 402.000000 288.000000 171.000000 171.000000 160.000000 160.000000 160.000000 -9999.0 -9999.0 -9999.0 -9999.0 -9999.0 -9999.0 -9999.0 -9999.0 -9999.0 -9999.0 -9999.0 -9999.0 -9999.0 -9999.0 -9999.0 -9999.0 -9999.0 -9999.0 -9999.0 -9999.0 -9999.0 -9999.0 -9999.0 -9999.0 -9999.0 -9999.0 -9999.0 -9999.0 -9999.0
-9999.0 -9999.0 -9999.0 -9999.0 -9999.0 -9999.0 -9999.0 -9999.0 -9999.0 -9999.0 -9999.0 -9999.0 -9999.0 -9999.0 -9999.0 -9999.0 -9999.0 -9999.0 524.000000 208.000000 -9999.0 285.000000 324.000000 186.000000 289.000000 139.000000 651.000000 651.000000 651.000000 270.000000 160.000000 160.000000 0.000000 0.000000 -9999.0 -9999.0 -9999.0 -9999.0 -9999.0 -9999.0 -9999.0 -9999.0 -9999.0 -9999.0 -9999.0 -9999.0 -9999.0 -9999.0 -9999.0 -9999.0 -9999.0 -9999.0 -9999.0 -9999.0 -9999.0 -9999.0 -9999.0 -9999.0 -9999.0 -9999.0 -9999.0
-9999.0 -9999.0 -9999.0 -9999.0 -9999.0 -9999.0 -9999.0 -9999.0 -9999.0 -9999.0 -9999.0 -9999.0 -9999.0 -9999.0 -9999.0 -9999.0 -9999.0 1047.000000 287.000000 0.000000 0.000000 406.000000 324.000000 146.000000 651.000000 253.000000 253.000000 355.000000 264.000000 424.000000 270.000000 166.000000 0.000000 0.000000 0.000000 0.000000 -9999.0 -9999.0 -9999.0 -9999.0 -9999.0 -9999.0 -9999.0 -9999.0 -9999.0 -9999.0 -9999.0 -9999.0 -9999.0 -9999.0 -9999.0 -9999.0 -9999.0 -9999.0 -9999.0 -9999.0 -9999.0 -9999.0 -9999.0 -9999.0 -9999.0
-9999.0 -9999.0 -9999.0 -9999.0 -9999.0 -9999.0 -9999.0 -9999.0 -9999.0 -9999.0 -9999.0 -9999.0 -9999.0 163.000000 267.000000 520.000000 590.000000 0.000000 1047.000000 117.000000 201.000000 329.000000 163.000000 350.000000 253.000000 246.000000 0.000000 166.000000 166.000000 335.000000 294.000000 337.000000 166.000000 166.000000 0.000000 0.000000 -9999.0 -9999.0 -9999.0 -9999.0 -9999.0 -9999.0 -9999.0 -9999.0 -9999.0 -9999.0 -9999.0 -9999.0 -9999.0 -9999.0 -9999.0 -9999.0 -9999.0 -9999.0 -9999.0 -9999.0 -9999.0 -9999.0 -9999.0 -9999.0 -9999.0
-9999.0 -9999.0 -9999.0 -9999.0 -9999.0 -9999.0 -9999.0 -9999.0 -9999.0 -9999.0 -9999.0 -9999.0 -9999.0 225.000000 341.000000 536.000000 454.000000 454.000000 0.000000 272.000000 188.000000 182.000000 337.000000 337.000000 242.000000 164.000000 166.000000 0.000000 0.000000 166.000000 355.000000 166.000000 0.000000 0.000000 0.000000 -9999.0 -9999.0 -9999.0 -9999.0 -9999.0 -9999.0 -9999.0 -9999.0 -9999.0 -9999.0 -9999.0 -9999.0 -9999.0 -9999.0 -9999.0 -9999.0 -9999.0 -9999.0 -9999.0 -9999.0 -9999.0 -9999.0 -9999.0 -9999.0 -9999.0 -9999.0
-9999.0 -9999.0 -9999.0 -9999.0 -9999.0 -9999.0 -9999.0 -9999.0 -9999.0 -9999.0 -9999.0 -9999.0 -9999.0 341.000000 293.000000 428.000000 428.000000 454.000000 0.000000 1682.000000 347.000000 0.000000 260.000000 200.000000 260.000000 200.000000 0.000000 0.000000 166.000000 0.000000 166.000000 0.000000 0.000000 0.000000 0.000000 -9999.0 -9999.0 -9999.0 -9999.0 -9999.0 -9999.0 -9999.0 -9999.0 -9999.0 -9999.0 -9999.0 -9999.0 -9999.0 -9999.0 -9999.0 -9999.0 -9999.0 -9999.0 -9999.0 -9999.0 -9999.0 -9999.0 -9999.0 -9999.0 -9999.0 -9999.0
-9999.0 -9999.0 -9999.0 -9999.0 -9999.0 -9999.0 -9999.0 -9999.0 -9999.0 -9999.0 -9999.0 -9999.0 193.000000 226.000000 312.000000 330.000000 408.000000 454.000000 656.000000 0.000000 236.000000 370.000000 97.000000 200.000000 459.000000 176.000000 237.000000 166.000000 166.000000 0.000000 142.000000 0.000000 142.000000 0.000000 -9999.0 -9999.0 -9999.0 -9999.0 -9999.0 -9999.0 -9999.0 -9999.0 -9999.0 -9999.0 -9999.0 -9999.0 -9999.0 -9999.0 -9999.0 -9999.0 -9999.0 -9999.0 -9999.0 -9999.0 -9999.0 -9999.0 -9999.0 -9999.0 -9999.0 -9999.0 -9999.0
-9999.0 -9999.0 -9999.0 -9999.0 -9999.0 -9999.0 -9999.0 -9999.0 -9999.0 -9999.0 -9999.0 247.000000 341.000000 536.000000 330.000000 203.000000 0.000000 428.000000 1443.000000 0.000000 110.000000 501.000000 150.000000 150.000000 150.000000 160.000000 166.000000 166.000000 235.000000 0.000000 0.000000 142.000000 0.000000 0.000000 0.000000 0.000000 142.000000 142.000000 95.000000 -9999.0 -9999.0 -9999.0 0.000000 -9999.0 -9999.0 -9999.0 -9999.0 -9999.0 -9999.0 -9999.0 -9999.0 -9999.0 -9999.0 -9999.0 -9999.0 -9999.0 -9999.0 -9999.0 -9999.0 -9999.0 -9999.0
-9999.0 -9999.0 -9999.0 -9999.0 -9999.0 -9999.0 -9999.0 -9999.0 -9999.0 -9999.0 -9999.0 250.000000 217.000000 146.000000 234.000000 141.000000 203.000000 296.000000 1443.000000 1117.000000 212.000000 123.000000 340.000000 302.000000 300.000000 182.000000 166.000000 166.000000 0.000000 0.000000 142.000000 142.000000 142.000000 142.000000 142.000000 142.000000 142.000000 142.000000 142.000000 0.000000 0.000000 0.000000 127.000000 0.000000 -9999.0 -9999.0 -9999.0 1500.000000 113.000000 0.000000 106.000000 0.000000 0.000000 1500.000000 1500.000000 0.000000 -9999.0 -9999.0 -9999.0 -9999.0 -9999.0
-9999.0 -9999.0 -9999.0 -9999.0 -9999.0 -9999.0 -9999.0 -9999.0 -9999.0 -9999.0 -9999.0 250.000000 206.000000 106.000000 428.000000 148.000000 304.000000 296.000000 362.000000 1183.000000 981.000000 105.000000 340.000000 318.000000 166.000000 0.000000 228.000000 116.000000 0.000000 166.000000 0.000000 142.000000 142.000000 142.000000 0.000000 142.000000 305.000000 142.000000 142.000000 0.000000 142.000000 83.000000 160.000000 127.000000 127.000000 -9999.0 0.000000 113.000000 113.000000 106.000000 96.000000 0.000000 58.000000 117.000000 86.000000 157.000000 -9999.0 -9999.0 -9999.0 -9999.0 -9999.0
-9999.0 -9999.0 -9999.0 -9999.0 -9999.0 -9999.0 -9999.0 -9999.0 -9999.0 -9999.0 -9999.0 -9999.0 203.000000 389.000000 203.000000 203.000000 304.000000 296.000000 614.000000 1443.000000 243.000000 184.000000 178.000000 211.000000 236.000000 236.000000 236.000000 97.000000 166.000000 0.000000 129.000000 250.000000 51.000000 142.000000 142.000000 142.000000 320.000000 320.000000 271.000000 100.000000 226.000000 0.000000 110.000000 311.000000 0.000000 136.000000 0.000000 113.000000 113.000000 327.000000 503.000000 305.000000 806.000000 424.000000 252.000000 253.000000 225.000000 -9999.0 -9999.0 -9999.0 -9999.0
-9999.0 -9999.0 -9999.0 -9999.0 -9999.0 -9999.0 -9999.0 -9999.0 -9999.0 -9999.0 -9999.0 396.000000 203.000000 81.000000 224.000000 248.000000 231.000000 296.000000 287.000000 1443.000000 243.000000 324.000000 324.000000 125.000000 211.000000 211.000000 398.000000 166.000000 129.000000 0.000000 250.000000 204.000000 126.000000 142.000000 142.000000 142.000000 142.000000 190.000000 753.000000 119.000000 119.000000 215.000000 200.000000 0.000000 121.000000 136.000000 133.000000 0.000000 0.000000 89.000000 0.000000 177.000000 207.000000 0.000000 0.000000 0.000000 0.000000 -9999.0 -9999.0 -9999.0 -9999.0
-9999.0 -9999.0 -9999.0 -9999.0 -9999.0 -9999.0 -9999.0 -9999.0 -9999.0 -9999.0 443.000000 371.000000 203.000000 203.000000 241.000000 260.000000 260.000000 338.000000 503.000000 1443.000000 1443.000000 1443.000000 120.000000 250.000000 211.000000 680.000000 166.000000 0.000000 56.000000 129.000000 260.000000 316.000000 142.000000 142.000000 0.000000 0.000000 129.000000 320.000000 320.000000 302.000000 184.000000 0.000000 0.000000 885.000000 223.000000 0.000000 136.000000 159.000000 202.000000 202.000000 0.000000 0.000000 0.000000 0.000000 0.000000 126.000000 156.000000 -9999.0 -9999.0 -9999.0 -9999.0
-9999.0 -9999.0 -9999.0 -9999.0 -9999.0 -9999.0 -9999.0 -9999.0 -9999.0 182.000000 443.000000 491.000000 232.000000 331.000000 381.000000 260.000000 358.000000 338.000000 310.000000 1443.000000 1443.000000 284.000000 176.000000 272.000000 381.000000 132.000000 242.000000 173.000000 190.000000 260.000000 260.000000 81.000000 0.000000 0.000000 0.000000 0.000000 129.000000 320.000000 227.000000 313.000000 268.000000 268.000000 120.000000 237.000000 188.000000 145.000000 195.000000 159.000000 159.000000 433.000000 101.000000 0.000000 0.000000 0.000000 0.000000 189.000000 282.000000 0.000000 0.000000 -9999.0 -9999.0
-9999.0 -9999.0 -9999.0 -9999.0 -9999.0 -9999.0 -9999.0 -9999.0 -9999.0 100.000000 182.000000 182.000000 201.000000 358.000000 358.000000 358.000000 358.000000 251.000000 302.000000 1443.000000 1443.000000 327.000000 516.000000 367.000000 159.000000 242.000000 242.000000 209.000000 327.000000 601.000000 108.000000 138.000000 142.000000 142.000000 142.000000 0.000000 0.000000 0.000000 160.000000 164.000000 593.000000 166.000000 226.000000 216.000000 885.000000 575.000000 302.000000 116.000000 135.000000 218.000000 81.000000 126.000000 0.000000 179.000000 0.000000 413.000000 181.000000 317.000000 0.000000 -9999.0 -9999.0
-9999.0 -9999.0 -9999.0 -9999.0 -9999.0 -9999.0 -9999.0 -9999.0 -9999.0 -9999.0 182.000000 145.000000 318.000000 764.000000 190.000000 358.000000 334.000000 287.000000 266.000000 1443.000000 1443.000000 167.000000 254.000000 193.000000 260.000000 242.000000 241.000000 327.000000 107.000000 209.000000 136.000000 397.000000 142.000000 142.000000 142.000000 165.000000 296.000000 296.000000 0.000000 162.000000 162.000000 253.000000 251.000000 115.000000 166.000000 246.000000 199.000000 575.000000 196.000000 195.000000 81.000000 81.000000 0.000000 0.000000 201.000000 123.000000 257.000000 165.000000 144.000000 352.000000 -9999.0
-9999.0 -9999.0 -9999.0 -9999.0 -9999.0 -9999.0 -9999.0 -9999.0 -9999.0 -9999.0 182.000000 182.000000 240.000000 244.000000 764.000000 228.000000 251.000000 507.000000 411.000000 1443.000000 418.000000 241.000000 254.000000 303.000000 242.000000 319.000000 573.000000 307.000000 243.000000 155.000000 155.000000 230.000000 0.000000 142.000000 142.000000 331.000000 214.000000 214.000000 142.000000 142.000000 180.000000 0.000000 251.000000 193.000000 519.000000 89.000000 269.000000 163.000000 199.000000 199.000000 171.000000 157.000000 232.000000 0.000000 0.000000 0.000000 178.000000 181.000000 264.000000 397.000000 -9999.0
-9999.0 -9999.0 -9999.0 -9999.0 -9999.0 -9999.0 -9999.0 -9999.0 250.000000 182.000000 56.000000 298.000000 322.000000 205.000000 218.000000 764.000000 364.000000 242.000000 1443.000000 1443.000000 694.000000 263.000000 340.000000 317.000000 294.000000 573.000000 500.000000 243.000000 330.000000 163.000000 0.000000 142.000000 142.000000 142.000000 160.000000 160.000000 109.000000 214.000000 142.000000 0.000000 0.000000 293.000000 0.000000 0.000000 0.000000 269.000000 158.000000 239.000000 199.000000 809.000000 262.000000 77.000000 354.000000 128.000000 0.000000 86.000000 0.000000 208.000000 165.000000 260.000000 -9999.0
-9999.0 -9999.0 -9999.0 -9999.0 -9999.0 -9999.0 -9999.0 -9999.0 0.000000 299.000000 182.000000 121.000000 151.000000 322.000000 305.000000 369.000000 348.000000 348.000000 195.000000 1443.000000 1926.000000 1007.000000 660.000000 367.000000 367.000000 573.000000 536.000000 243.000000 0.000000 149.000000 149.000000 0.000000 160.000000 0.000000 249.000000 249.000000 179.000000 214.000000 135.000000 177.000000 177.000000 36.000000 0.000000 182.000000 306.000000 269.000000 0.000000 180.000000 110.000000 280.000000 262.000000 213.000000 300.000000 118.000000 88.000000 0.000000 103.000000 181.000000 159.000000 1923.000000 1923.000000
-9999.0 -9999.0 -9999.0 -9999.0 -9999.0 -9999.0 -9999.0 -9999.0 186.000000 187.000000 130.000000 161.000000 369.000000 0.000000 224.000000 199.000000 292.000000 270.000000 316.000000 1443.000000 1443.000000 967.000000 551.000000 551.000000 581.000000 244.000000 307.000000 243.000000 0.000000 130.000000 0.000000 365.000000 245.000000 91.000000 249.000000 177.000000 196.000000 196.000000 192.000000 177.000000 177.000000 0.000000 306.000000 306.000000 205.000000 205.000000 0.000000 209.000000 251.000000 199.000000 1231.000000 222.000000 189.000000 189.000000 123.000000 351.000000 211.000000 319.000000 319.000000 1923.000000 1923.000000
-9999.0 -9999.0 -9999.0 -9999.0 -9999.0 -9999.0 -9999.0 -9999.0 0.000000 186.000000 787.000000 0.000000 300.000000 384.000000 95.000000 201.000000 141.000000 229.000000 1926.000000 1926.000000 1633.000000 2338.000000 2280.000000 1742.000000 653.000000 307.000000 243.000000 145.000000 201.000000 130.000000 120.000000 199.000000 91.000000 247.000000 79.000000 190.000000 153.000000 220.000000 181.000000 177.000000 177.000000 177.000000 137.000000 0.000000 300.000000 0.000000 96.000000 0.000000 169.000000 103.000000 322.000000 319.000000 317.000000 531.000000 242.000000 319.000000 319.000000 1923.000000 2584.000000 2584.000000 433.000000
-9999.0 -9999.0 -9999.0 -9999.0 -9999.0 -9999.0 -9999.0 -9999.0 250.000000 242.000000 669.000000 149.000000 131.000000 237.000000 205.000000 395.000000 1164.000000 291.000000 291.000000 291.000000 430.000000 1633.000000 2280.000000 2280.000000 323.000000 307.000000 243.000000 243.000000 261.000000 261.000000 192.000000 261.000000 137.000000 208.000000 190.000000 166.000000 196.000000 220.000000 145.000000 212.000000 123.000000 100.000000 190.000000 83.000000 106.000000 106.000000 106.000000 125.000000 199.000000 174.000000 199.000000 298.000000 298.000000 319.000000 319.000000 1923.000000 2584.000000 2584.000000 2584.000000 316.000000 317.000000
-9999.0 -9999.0 50.000000 250.000000 250.000000 250.000000 250.000000 250.000000 250.000000 356.000000 220.000000 982.000000 232.000000 226.000000 312.000000 1012.000000 157.000000 291.000000 201.000000 217.000000 291.000000 502.000000 2338.000000 2280.000000 804.000000 371.000000 261.000000 261.000000 319.000000 342.000000 261.000000 261.000000 583.000000 208.000000 237.000000 223.000000 363.000000 363.000000 176.000000 128.000000 192.000000 166.000000 170.000000 227.000000 199.000000 199.000000 254.000000 453.000000 156.000000 229.000000 354.000000 1293.000000 1923.000000 1923.000000 1923.000000 1923.000000 2584.000000 676.000000 360.000000 227.000000 651.000000
-9999.0 250.000000 250.000000 250.000000 250.000000 250.000000 250.000000 250.000000 250.000000 186.000000 223.000000 271.000000 1164.000000 1164.000000 1164.000000 157.000000 291.000000 237.000000 446.000000 291.000000 368.000000 312.000000 2329.000000 2338.000000 642.000000 418.000000 540.000000 418.000000 371.000000 678.000000 342.000000 342.000000 342.000000 441.000000 300.000000 440.000000 316.000000 316.000000 419.000000 541.000000 211.000000 223.000000 260.000000 260.000000 354.000000 245.000000 789.000000 219.000000 354.000000 1293.000000 2584.000000 1923.000000 1923.000000 1923.000000 1923.000000 647.000000 433.000000 433.000000 433.000000 433.000000 433.000000
