tests/3D/Mazia/input_maps/dem.asc
ncols         63
nrows         48
xllcorner     598000.000000
yllcorner     5145000.000000
cellsize      1000.000000
NODATA_value  -9999.0
[rows 24 to 47 of 48, columns 0 to 53 of 63]
2287.410000 2692.680000 2689.020000 2524.270000 2292.320000 2197.020000 2404.670000 2661.530000 2892.020000 2349.470000 1915.830000 2028.710000 1806.140000 1691.020000 1540.540000 1200.810000 1104.510000 1367.160000 1657.620000 1425.200000 1157.170000 913.780000 913.780000 948.680000 1334.000000 1825.400000 2225.920000 2111.930000 1912.290000 1852.320000 2180.600000 1987.410000 1609.820000 1954.420000 2229.940000 2191.680000 2023.340000 1577.820000 1668.940000 2073.640000 2292.110000 2222.300000 2045.980000 2122.970000 2447.790000 2335.570000 2084.210000 1783.840000 1897.310000 1447.990000 1126.330000 995.420000 800.580000 761.340000
2349.830000 2567.390000 2559.160000 2456.310000 2370.210000 2393.360000 2234.340000 2444.470000 2619.630000 2427.890000 2031.710000 1634.490000 1623.960000 1427.580000 1202.300000 1166.510000 1653.370000 2059.290000 2096.340000 1716.700000 1402.490000 978.720000 913.780000 913.780000 1192.440000 1546.470000 1806.230000 1794.920000 1504.300000 1699.170000 2003.600000 1911.210000 1409.510000 1715.190000 1673.710000 1776.210000 1524.360000 1389.970000 1560.660000 1917.430000 1849.220000 1708.030000 1630.730000 1698.330000 2011.610000 1924.120000 1523.560000 1468.080000 1207.330000 904.210000 668.870000 603.200000 603.200000 603.200000
2192.930000 2236.180000 2231.010000 2275.430000 2371.270000 2183.370000 2223.140000 2514.390000 2629.880000 2559.020000 2190.980000 1826.000000 1393.340000 1267.730000 1239.270000 1696.740000 2028.760000 2303.410000 2218.560000 1711.200000 1350.040000 1045.270000 913.780000 913.780000 941.560000 1170.690000 1324.030000 1306.490000 1156.270000 1395.760000 1506.790000 1589.940000 1398.300000 1247.210000 1264.290000 1212.710000 1095.440000 1081.010000 1133.480000 1312.340000 1327.490000 1193.620000 1200.810000 1480.270000 1577.180000 1410.710000 1125.580000 890.340000 661.180000 603.200000 603.200000 603.200000 654.030000 719.240000
2264.260000 2041.500000 1958.010000 1947.710000 2037.970000 1986.200000 2333.300000 2592.760000 2651.990000 2618.800000 2283.760000 1881.480000 1381.230000 1245.680000 1564.710000 2035.170000 2315.020000 2333.140000 1903.310000 1620.630000 1329.260000 1160.240000 935.290000 913.780000 913.780000 913.780000 913.780000 913.780000 913.780000 955.140000 989.300000 1109.510000 1075.060000 1053.330000 980.570000 881.110000 796.340000 725.720000 745.730000 800.600000 771.810000 775.480000 854.290000 986.120000 895.300000 823.510000 673.100000 605.180000 603.200000 603.200000 780.560000 1018.610000 1081.580000 888.010000
2515.330000 2289.790000 1902.770000 1772.830000 1690.020000 1817.540000 1945.400000 2170.010000 2318.010000 2254.840000 2030.720000 1604.120000 1282.800000 1431.800000 1862.120000 2173.810000 2425.300000 2171.330000 2070.740000 1678.830000 1716.370000 1508.340000 1093.480000 913.780000 913.780000 913.780000 913.780000 913.780000 913.780000 913.780000 913.780000 913.780000 913.780000 947.820000 905.810000 829.860000 778.130000 726.720000 717.060000 717.060000 717.060000 717.060000 717.060000 717.060000 717.060000 717.060000 759.600000 736.440000 896.540000 995.660000 1241.670000 1465.360000 1428.030000 1189.960000
2749.310000 2472.870000 2245.700000 2075.480000 1902.830000 1680.170000 1665.630000 1818.460000 1971.580000 2052.890000 1683.870000 1390.210000 1332.990000 1736.790000 2095.370000 2462.320000 2589.930000 2432.130000 2207.730000 1906.910000 1752.400000 1445.490000 1051.290000 995.090000 953.700000 970.580000 977.300000 994.980000 1006.460000 1007.490000 1042.780000 924.660000 923.500000 905.810000 927.210000 1028.240000 1028.830000 1062.840000 979.390000 827.930000 747.200000 717.060000 717.060000 717.060000 717.060000 810.030000 911.060000 1204.960000 1395.230000 1355.770000 1666.770000 1831.120000 1702.680000 1553.290000
2583.840000 2721.270000 2680.420000 2334.640000 2139.740000 1931.370000 1714.340000 1619.960000 1608.790000 1605.520000 1457.410000 1373.570000 1604.210000 1960.310000 2295.700000 2572.440000 2362.030000 2286.440000 2056.710000 1743.170000 1391.060000 1115.870000 1232.460000 1293.500000 1343.660000 1436.330000 1474.400000 1382.440000 1581.900000 1404.270000 1526.910000 1367.440000 1269.920000 1426.830000 1402.230000 1469.780000 1256.600000 1464.120000 1406.580000 1286.240000 1186.410000 813.060000 1012.540000 987.090000 1101.130000 1012.390000 1125.660000 1408.010000 1827.640000 1698.030000 1999.540000 2009.260000 2144.420000 1943.120000
2246.470000 2448.760000 2476.420000 2575.340000 2416.490000 2170.100000 1972.270000 1803.380000 1686.110000 1490.820000 1480.690000 1583.280000 1924.320000 2303.900000 2369.290000 2708.610000 2343.420000 2047.310000 1874.500000 1578.330000 1205.990000 1385.210000 1610.960000 1727.260000 1820.810000 1964.210000 2057.820000 1695.060000 1976.280000 1906.920000 1904.200000 1609.440000 1666.220000 1914.010000 1938.240000 1811.960000 1672.990000 1769.180000 1733.170000 1749.690000 1466.900000 925.140000 1509.480000 1493.130000 1551.180000 1367.810000 1521.460000 1448.840000 1950.260000 2128.400000 2188.320000 2207.020000 2325.360000 2411.220000
2290.130000 2174.000000 2374.620000 2722.230000 2757.530000 2474.690000 2252.020000 2100.000000 1851.260000 1757.640000 1910.520000 1846.800000 2212.140000 2580.620000 2558.590000 2694.270000 2494.500000 2105.570000 1703.820000 1488.410000 1270.410000 1798.930000 2008.790000 2103.260000 2124.560000 2316.580000 2379.920000 1951.320000 2354.330000 2375.810000 2257.300000 1651.380000 2099.310000 2292.640000 2152.990000 2182.000000 2261.080000 2207.030000 1991.890000 1668.490000 1181.580000 1157.270000 1796.370000 2012.440000 1948.280000 1684.330000 1905.110000 1929.820000 2108.070000 2467.280000 2445.410000 2542.840000 2618.970000 2473.030000
2707.460000 2462.740000 2174.000000 2322.440000 2630.940000 2680.510000 2446.730000 2039.630000 1918.300000 2226.140000 2448.890000 2189.370000 2058.680000 2432.060000 2689.240000 2778.520000 2397.280000 2066.140000 1870.320000 1499.720000 1323.810000 1958.810000 2347.180000 2495.700000 2481.410000 2506.280000 2449.090000 2290.730000 2688.610000 2572.400000 2180.230000 1741.260000 2182.170000 2742.330000 2519.160000 2606.340000 2236.940000 1762.230000 1567.240000 1225.780000 1232.740000 1549.300000 1643.780000 2153.980000 2338.620000 1993.240000 2180.200000 2342.590000 2449.210000 2579.540000 2395.980000 2407.660000 2393.760000 2406.700000
2984.640000 2611.310000 2302.170000 2256.870000 2256.870000 2271.180000 2178.840000 2310.530000 2280.580000 2714.880000 2649.420000 2296.630000 2330.030000 2456.410000 2587.930000 2538.860000 2263.960000 2053.860000 1501.220000 1623.110000 1663.310000 1627.490000 2165.540000 2675.300000 2920.020000 2912.470000 3105.360000 2913.030000 2976.910000 2551.310000 1976.820000 2091.320000 2586.460000 2907.630000 2709.000000 2444.480000 2092.970000 1685.200000 1308.600000 1407.320000 1741.140000 1864.980000 2118.170000 2244.070000 2448.370000 2327.120000 2448.590000 2387.460000 2294.380000 2269.220000 2145.440000 2246.070000 2289.930000 2105.870000
2828.060000 2736.600000 2405.740000 2624.120000 2501.060000 2499.660000 2504.990000 2553.030000 2470.020000 2743.120000 2736.590000 2323.640000 2507.380000 2637.570000 2647.500000 2704.140000 2257.740000 1743.470000 1665.610000 2172.410000 2169.300000 1637.690000 2043.800000 2302.420000 2582.990000 2804.730000 2965.260000 2999.560000 3007.460000 2559.110000 2082.370000 2356.020000 2735.790000 2980.030000 2753.900000 2564.100000 2221.030000 1736.240000 1308.600000 1784.590000 2215.510000 2413.660000 2610.370000 2554.400000 2825.580000 2700.520000 2412.670000 2080.910000 1847.260000 1776.640000 1786.430000 1992.970000 2065.970000 1673.770000
2662.290000 2799.190000 2715.820000 2782.410000 2580.360000 2744.930000 2674.890000 2729.330000 2633.620000 2825.180000 2872.570000 2493.260000 2520.340000 2709.200000 2732.570000 2539.540000 2100.880000 1665.610000 1881.410000 2434.170000 2341.830000 1761.700000 2045.460000 2552.970000 2871.280000 2834.160000 2771.230000 2988.320000 3233.390000 2728.380000 2527.670000 2868.070000 3033.970000 2701.080000 2583.810000 2184.120000 1992.220000 1685.060000 1516.340000 2046.730000 2318.590000 2490.030000 2894.910000 2914.470000 3109.430000 2845.500000 2449.490000 2378.260000 2297.800000 1948.860000 1652.560000 1587.580000 1641.140000 1397.330000
2365.690000 2671.510000 2789.890000 2652.140000 2900.790000 2506.590000 2449.140000 2612.280000 2773.940000 2755.560000 2509.160000 2515.030000 2493.260000 2862.730000 2820.380000 2520.730000 2032.430000 1665.610000 2155.880000 2492.160000 2539.110000 1913.970000 1981.890000 2363.000000 2674.530000 2427.070000 2883.880000 3302.100000 3233.570000 3061.280000 3011.130000 3027.480000 2932.740000 2624.120000 2318.320000 1936.040000 1642.680000 1557.360000 1954.990000 2396.610000 2768.870000 2697.680000 2878.070000 2748.320000 2879.090000 2676.190000 2348.280000 2357.270000 2325.480000 2110.980000 1831.310000 1446.720000 1201.500000 1173.690000
1932.800000 2058.530000 2317.900000 2511.000000 2663.530000 2272.460000 2660.800000 2745.940000 2786.520000 2515.830000 2469.900000 2596.060000 2605.700000 2768.860000 2415.190000 2231.800000 1928.200000 1688.760000 2314.280000 2612.140000 2616.010000 2165.930000 1913.970000 2007.170000 2163.860000 2457.180000 2973.370000 3166.790000 3246.660000 3267.880000 3119.070000 3051.700000 2613.600000 2411.280000 2022.100000 1642.680000 1925.340000 2150.190000 2402.380000 2276.390000 2781.540000 2919.490000 2784.110000 2483.280000 2548.060000 2622.440000 2344.860000 1995.410000 2025.810000 1815.660000 1535.500000 1201.500000 1351.660000 1530.230000
1947.680000 1926.600000 1926.600000 2211.980000 2410.440000 2195.620000 2552.260000 2644.580000 2818.130000 2476.640000 2469.900000 2650.140000 2871.000000 2834.820000 2623.140000 2331.960000 2228.620000 2014.920000 2426.800000 2841.590000 2726.010000 2341.500000 2254.780000 1978.260000 2037.980000 2442.760000 2615.600000 3189.490000 3182.940000 3019.810000 2968.620000 2770.430000 2670.780000 2272.620000 1757.020000 2015.400000 2439.770000 2716.920000 2553.790000 2514.810000 2836.360000 2671.460000 2416.500000 2279.490000 2199.710000 2480.420000 2276.880000 2128.770000 1763.210000 1496.970000 1245.470000 1337.110000 1682.270000 1923.430000
2430.980000 2170.620000 1936.790000 1926.600000 1926.600000 2283.820000 2448.600000 2123.860000 2190.120000 2108.100000 2520.870000 2761.140000 2808.040000 2979.190000 2986.460000 2747.430000 2846.320000 2448.230000 2759.580000 3451.830000 3303.820000 2702.500000 2468.840000 2272.980000 1982.360000 2291.060000 2660.930000 3113.670000 2902.260000 2664.970000 2780.510000 2599.530000 2438.460000 2224.490000 1860.140000 2409.930000 2627.230000 3037.310000 3009.730000 2976.380000 2690.470000 2537.920000 2331.260000 2199.140000 2063.570000 2287.730000 2118.340000 1876.470000 1527.230000 1263.290000 1573.910000 1807.280000 1694.280000 2082.870000
2582.200000 2567.390000 2009.310000 2104.090000 1880.770000 1727.380000 1727.380000 1934.190000 2066.140000 2353.880000 2433.040000 2574.340000 2645.490000 3048.720000 3207.410000 3025.570000 3108.540000 2877.500000 2962.700000 3262.530000 3577.890000 3224.420000 2802.770000 2473.920000 2179.570000 2823.290000 3122.630000 3051.760000 2899.360000 2606.460000 2402.300000 2439.700000 2180.600000 1929.030000 2021.180000 2321.420000 2625.070000 2889.060000 3229.810000 3114.510000 2662.640000 2369.240000 2166.120000 1891.940000 1838.240000 2007.190000 1804.460000 1458.610000 1318.820000 1554.010000 1896.980000 2126.680000 2027.080000 1986.590000
1949.410000 1926.510000 1810.860000 2207.720000 2237.160000 1727.380000 1878.960000 2347.400000 2659.030000 2651.430000 2754.170000 2823.500000 2846.280000 3132.620000 3265.600000 3313.470000 3272.040000 3256.420000 3367.470000 3289.680000 3492.680000 2979.240000 2711.900000 2542.120000 2395.070000 2799.570000 2996.900000 2882.680000 2827.810000 2767.860000 2535.430000 2139.680000 1978.580000 2012.710000 2420.790000 2765.720000 2861.400000 3011.860000 2985.090000 2791.410000 2768.070000 2419.190000 1935.370000 1643.820000 1643.820000 1507.330000 1458.610000 1544.380000 1611.230000 2029.360000 1778.660000 2107.810000 2363.680000 2108.180000
1508.220000 1445.930000 1454.260000 1609.080000 1628.070000 1495.080000 1439.830000 1903.560000 2422.230000 2416.940000 2572.460000 2796.470000 2691.620000 2478.880000 2484.440000 2624.570000 2933.920000 2857.900000 2915.110000 2951.070000 3131.300000 3386.530000 3052.090000 2584.700000 2617.440000 2943.340000 3155.110000 2925.560000 2721.370000 2435.330000 2270.990000 2135.890000 2350.020000 2423.130000 2745.140000 3071.560000 3130.980000 3224.320000 2916.190000 2566.580000 2584.530000 2138.290000 1948.090000 2001.340000 1987.220000 1703.710000 1847.890000 2048.970000 1729.480000 2145.170000 2358.020000 2143.620000 2479.630000 2188.680000
1600.610000 1683.270000 1445.930000 1384.010000 1335.260000 1310.820000 1282.790000 1605.190000 1981.580000 1802.940000 2094.420000 2304.470000 2085.540000 1850.900000 1912.090000 1982.180000 2117.110000 2455.960000 2550.570000 2624.430000 3094.780000 3298.780000 3548.970000 2945.100000 2872.580000 3075.010000 2885.220000 2852.500000 2729.560000 2499.410000 2331.720000 2510.640000 2860.610000 2936.170000 2930.130000 2884.040000 2808.120000 3097.510000 3105.960000 2790.760000 2350.970000 2146.060000 2292.180000 2415.360000 2058.230000 1929.970000 2335.000000 2193.780000 1778.160000 2173.970000 2463.080000 2286.770000 2307.190000 2128.420000
1975.770000 1997.320000 1802.970000 1856.110000 1664.140000 1477.760000 1262.620000 1320.410000 1532.770000 1555.060000 1720.980000 1884.030000 1712.030000 1993.380000 2458.420000 2564.430000 2279.310000 2192.460000 2239.760000 2406.620000 2716.660000 3062.040000 3086.980000 3057.240000 3218.140000 3121.490000 2927.660000 2696.060000 2569.140000 2534.730000 2693.260000 2767.430000 3057.490000 3153.110000 2865.830000 2607.140000 2600.090000 2717.010000 3023.070000 2758.960000 2488.530000 2341.880000 2474.880000 2516.680000 1929.970000 2100.070000 2485.520000 2292.530000 1868.420000 2201.540000 2459.090000 2225.680000 2061.220000 1794.770000
2268.810000 2278.110000 2235.680000 2070.810000 1695.440000 1404.830000 1262.620000 1262.620000 1367.970000 1374.270000 1381.300000 1441.780000 1691.020000 2074.360000 2474.410000 2759.490000 2531.630000 2754.400000 2705.200000 2593.310000 2657.170000 2859.870000 2878.300000 2794.680000 2941.440000 3343.240000 3224.530000 3036.470000 2870.740000 2756.190000 2977.380000 3128.600000 3206.280000 3170.590000 3004.680000 2710.920000 2429.930000 2336.440000 2577.930000 2726.370000 2474.630000 2626.700000 2570.900000 2122.010000 2088.160000 2326.060000 2483.110000 2227.160000 2094.760000 2327.740000 2369.990000 2051.410000 1736.020000 1482.440000
2187.470000 2408.560000 2252.320000 2052.010000 1766.710000 1404.010000 1262.620000 1383.830000 1668.400000 1789.040000 1683.760000 1530.780000 1571.090000 2070.430000 2520.160000 2806.460000 2905.910000 3116.990000 3069.580000 3028.260000 3030.470000 2965.480000 2757.370000 2677.960000 3025.030000 3343.030000 3576.320000 3249.520000 3024.620000 3041.140000 3101.730000 3182.260000 3035.390000 3023.380000 3086.080000 2747.290000 2405.680000 2062.740000 2320.680000 2748.780000 2734.090000 2544.370000 2312.130000 2406.570000 2405.620000 2468.990000 2460.400000 2286.070000 2437.400000 2435.820000 2230.600000 2241.760000 2097.100000 2025.370000
