tests/3D/panola/input-maps/dtm_map.asc
ncols         33
nrows         75
xllcorner     -4.500000
yllcorner     -24.500000
cellsize      1.000000
NODATA_value  -9999.0
[rows 0 to 51 of 75, columns 0 to 32 of 33]
-9999.0 -9999.0 -9999.0 -9999.0 -9999.0 -9999.0 -9999.0 -9999.0 -9999.0 -9999.0 -9999.0 -9999.0 -9999.0 -9999.0 -9999.0 -9999.0 -9999.0 -9999.0 -9999.0 -9999.0 -9999.0 -9999.0 -9999.0 -9999.0 -9999.0 -9999.0 -9999.0 -9999.0 -9999.0 -9999.0 -9999.0 -9999.0 -9999.0
-9999.0 -9999.0 -9999.0 -9999.0 -9999.0 -9999.0 -9999.0 -9999.0 -9999.0 -9999.0 -9999.0 -9999.0 -9999.0 -9999.0 -9999.0 -9999.0 -9999.0 -9999.0 -9999.0 -9999.0 -9999.0 -9999.0 -9999.0 -9999.0 -9999.0 -9999.0 -9999.0 -9999.0 -9999.0 -9999.0 -9999.0 -9999.0 -9999.0
-9999.0 -9999.0 14.315847 14.315847 14.315847 14.315847 14.315847 14.315847 14.315847 14.315847 14.315847 14.315847 14.315847 14.315847 14.315847 14.315847 14.315847 14.315847 14.315847 14.315847 14.315847 14.315847 14.315847 14.315847 14.315847 14.315847 14.315847 14.315847 14.315847 14.315847 14.315847 -9999.0 -9999.0
-9999.0 -9999.0 14.062091 14.062091 14.062091 14.062091 14.062091 14.062091 14.062091 14.062091 14.062091 14.062091 14.062091 14.062091 14.062091 14.062091 14.062091 14.062091 14.062091 14.062091 14.062091 14.062091 14.062091 14.062091 14.062091 14.062091 14.062091 14.062091 14.062091 14.062091 14.062091 -9999.0 -9999.0
-9999.0 -9999.0 13.808335 13.808335 13.808335 13.808335 13.808335 13.808335 13.808335 13.808335 13.808335 13.808335 13.808335 13.808335 13.808335 13.808335 13.808335 13.808335 13.808335 13.808335 13.808335 13.808335 13.808335 13.808335 13.808335 13.808335 13.808335 13.808335 13.808335 13.808335 13.808335 -9999.0 -9999.0
-9999.0 -9999.0 13.554578 13.554578 13.554578 13.554578 13.554578 13.554578 13.554578 13.554578 13.554578 13.554578 13.554578 13.554578 13.554578 13.554578 13.554578 13.554578 13.554578 13.554578 13.554578 13.554578 13.554578 13.554578 13.554578 13.554578 13.554578 13.554578 13.554578 13.554578 13.554578 -9999.0 -9999.0
-9999.0 -9999.0 13.300822 13.300822 13.300822 13.300822 13.300822 13.300822 13.300822 13.300822 13.300822 13.300822 13.300822 13.300822 13.300822 13.300822 13.300822 13.300822 13.300822 13.300822 13.300822 13.300822 13.300822 13.300822 13.300822 13.300822 13.300822 13.300822 13.300822 13.300822 13.300822 -9999.0 -9999.0
-9999.0 -9999.0 13.047066 13.047066 13.047066 13.047066 13.047066 13.047066 13.047066 13.047066 13.047066 13.047066 13.047066 13.047066 13.047066 13.047066 13.047066 13.047066 13.047066 13.047066 13.047066 13.047066 13.047066 13.047066 13.047066 13.047066 13.047066 13.047066 13.047066 13.047066 13.047066 -9999.0 -9999.0
-9999.0 -9999.0 12.793309 12.793309 12.793309 12.793309 12.793309 12.793309 12.793309 12.793309 12.793309 12.793309 12.793309 12.793309 12.793309 12.793309 12.793309 12.793309 12.793309 12.793309 12.793309 12.793309 12.793309 12.793309 12.793309 12.793309 12.793309 12.793309 12.793309 12.793309 12.793309 -9999.0 -9999.0
-9999.0 -9999.0 12.539553 12.539553 12.539553 12.539553 12.539553 12.539553 12.539553 12.539553 12.539553 12.539553 12.539553 12.539553 12.539553 12.539553 12.539553 12.539553 12.539553 12.539553 12.539553 12.539553 12.539553 12.539553 12.539553 12.539553 12.539553 12.539553 12.539553 12.539553 12.539553 -9999.0 -9999.0
-9999.0 -9999.0 12.285797 12.285797 12.285797 12.285797 12.285797 12.285797 12.285797 12.285797 12.285797 12.285797 12.285797 12.285797 12.285797 12.285797 12.285797 12.285797 12.285797 12.285797 12.285797 12.285797 12.285797 12.285797 12.285797 12.285797 12.285797 12.285797 12.285797 12.285797 12.285797 -9999.0 -9999.0
-9999.0 -9999.0 12.032040 12.032040 12.032040 12.032040 12.032040 12.032040 12.032040 12.032040 12.032040 12.032040 12.032040 12.032040 12.032040 12.032040 12.032040 12.032040 12.032040 12.032040 12.032040 12.032040 12.032040 12.032040 12.032040 12.032040 12.032040 12.032040 12.032040 12.032040 12.032040 -9999.0 -9999.0
-9999.0 -9999.0 11.778284 11.778284 11.778284 11.778284 11.778284 11.778284 11.778284 11.778284 11.778284 11.778284 11.778284 11.778284 11.778284 11.778284 11.778284 11.778284 11.778284 11.778284 11.778284 11.778284 11.778284 11.778284 11.778284 11.778284 11.778284 11.778284 11.778284 11.778284 11.778284 -9999.0 -9999.0
-9999.0 -9999.0 11.524528 11.524528 11.524528 11.524528 11.524528 11.524528 11.524528 11.524528 11.524528 11.524528 11.524528 11.524528 11.524528 11.524528 11.524528 11.524528 11.524528 11.524528 11.524528 11.524528 11.524528 11.524528 11.524528 11.524528 11.524528 11.524528 11.524528 11.524528 11.524528 -9999.0 -9999.0
-9999.0 -9999.0 11.270771 11.270771 11.270771 11.270771 11.270771 11.270771 11.270771 11.270771 11.270771 11.270771 11.270771 11.270771 11.270771 11.270771 11.270771 11.270771 11.270771 11.270771 11.270771 11.270771 11.270771 11.270771 11.270771 11.270771 11.270771 11.270771 11.270771 11.270771 11.270771 -9999.0 -9999.0
-9999.0 -9999.0 11.017015 11.017015 11.017015 11.017015 11.017015 11.017015 11.017015 11.017015 11.017015 11.017015 11.017015 11.017015 11.017015 11.017015 11.017015 11.017015 11.017015 11.017015 11.017015 11.017015 11.017015 11.017015 11.017015 11.017015 11.017015 11.017015 11.017015 11.017015 11.017015 -9999.0 -9999.0
-9999.0 -9999.0 10.763259 10.763259 10.763259 10.763259 10.763259 10.763259 10.763259 10.763259 10.763259 10.763259 10.763259 10.763259 10.763259 10.763259 10.763259 10.763259 10.763259 10.763259 10.763259 10.763259 10.763259 10.763259 10.763259 10.763259 10.763259 10.763259 10.763259 10.763259 10.763259 -9999.0 -9999.0
-9999.0 -9999.0 10.509502 10.509502 10.509502 10.509502 10.509502 10.509502 10.509502 10.509502 10.509502 10.509502 10.509502 10.509502 10.509502 10.509502 10.509502 10.509502 10.509502 10.509502 10.509502 10.509502 10.509502 10.509502 10.509502 10.509502 10.509502 10.509502 10.509502 10.509502 10.509502 -9999.0 -9999.0
-9999.0 -9999.0 10.255746 10.255746 10.255746 10.255746 10.255746 10.255746 10.255746 10.255746 10.255746 10.255746 10.255746 10.255746 10.255746 10.255746 10.255746 10.255746 10.255746 10.255746 10.255746 10.255746 10.255746 10.255746 10.255746 10.255746 10.255746 10.255746 10.255746 10.255746 10.255746 -9999.0 -9999.0
-9999.0 -9999.0 10.001990 10.001990 10.001990 10.001990 10.001990 10.001990 10.001990 10.001990 10.001990 10.001990 10.001990 10.001990 10.001990 10.001990 10.001990 10.001990 10.001990 10.001990 10.001990 10.001990 10.001990 10.001990 10.001990 10.001990 10.001990 10.001990 10.001990 10.001990 10.001990 -9999.0 -9999.0
-9999.0 -9999.0 9.748233 9.748233 9.748233 9.748233 9.748233 9.748233 9.748233 9.748233 9.748233 9.748233 9.748233 9.748233 9.748233 9.748233 9.748233 9.748233 9.748233 9.748233 9.748233 9.748233 9.748233 9.748233 9.748233 9.748233 9.748233 9.748233 9.748233 9.748233 9.748233 -9999.0 -9999.0
-9999.0 -9999.0 9.494477 9.494477 9.494477 9.494477 9.494477 9.494477 9.494477 9.494477 9.494477 9.494477 9.494477 9.494477 9.494477 9.494477 9.494477 9.494477 9.494477 9.494477 9.494477 9.494477 9.494477 9.494477 9.494477 9.494477 9.494477 9.494477 9.494477 9.494477 9.494477 -9999.0 -9999.0
-9999.0 -9999.0 9.240721 9.240721 9.240721 9.240721 9.240721 9.240721 9.240721 9.240721 9.240721 9.240721 9.240721 9.240721 9.240721 9.240721 9.240721 9.240721 9.240721 9.240721 9.240721 9.240721 9.240721 9.240721 9.240721 9.240721 9.240721 9.240721 9.240721 9.240721 9.240721 -9999.0 -9999.0
-9999.0 -9999.0 8.986965 8.986965 8.986965 8.986965 8.986965 8.986965 8.986965 8.986965 8.986965 8.986965 8.986965 8.986965 8.986965 8.986965 8.986965 8.986965 8.986965 8.986965 8.986965 8.986965 8.986965 8.986965 8.986965 8.986965 8.986965 8.986965 8.986965 8.986965 8.986965 -9999.0 -9999.0
-9999.0 -9999.0 8.733208 8.733208 8.733208 8.733208 8.733208 8.733208 8.733208 8.733208 8.733208 8.733208 8.733208 8.733208 8.733208 8.733208 8.733208 8.733208 8.733208 8.733208 8.733208 8.733208 8.733208 8.733208 8.733208 8.733208 8.733208 8.733208 8.733208 8.733208 8.733208 -9999.0 -9999.0
-9999.0 -9999.0 8.479452 8.479452 8.479452 8.479452 8.479452 8.479452 8.479452 8.479452 8.479452 8.479452 8.479452 8.479452 8.479452 8.479452 8.479452 8.479452 8.479452 8.479452 8.479452 8.479452 8.479452 8.479452 8.479452 8.479452 8.479452 8.479452 8.479452 8.479452 8.479452 -9999.0 -9999.0
-9999.0 -9999.0 8.225696 8.225696 8.225696 8.225696 8.225696 8.225696 8.225696 8.225696 8.225696 8.225696 8.225696 8.225696 8.225696 8.225696 8.225696 8.225696 8.225696 8.225696 8.225696 8.225696 8.225696 8.225696 8.225696 8.225696 8.225696 8.225696 8.225696 8.225696 8.225696 -9999.0 -9999.0
-9999.0 -9999.0 7.971939 7.971939 7.971939 7.971939 7.971939 7.971939 7.971939 7.971939 7.971939 7.971939 7.971939 7.971939 7.971939 7.971939 7.971939 7.971939 7.971939 7.971939 7.971939 7.971939 7.971939 7.971939 7.971939 7.971939 7.971939 7.971939 7.971939 7.971939 7.971939 -9999.0 -9999.0
-9999.0 -9999.0 7.718183 7.718183 7.718183 7.718183 7.718183 7.718183 7.718183 7.718183 7.718183 7.718183 7.718183 7.718183 7.718183 7.718183 7.718183 7.718183 7.718183 7.718183 7.718183 7.718183 7.718183 7.718183 7.718183 7.718183 7.718183 7.718183 7.718183 7.718183 7.718183 -9999.0 -9999.0
-9999.0 -9999.0 7.464427 7.464427 7.464427 7.464427 7.464427 7.464427 7.464427 7.464427 7.464427 7.464427 7.464427 7.464427 7.464427 7.464427 7.464427 7.464427 7.464427 7.464427 7.464427 7.464427 7.464427 7.464427 7.464427 7.464427 7.464427 7.464427 7.464427 7.464427 7.464427 -9999.0 -9999.0
-9999.0 -9999.0 7.210670 7.210670 7.210670 7.210670 7.210670 7.210670 7.210670 7.210670 7.210670 7.210670 7.210670 7.210670 7.210670 7.210670 7.210670 7.210670 7.210670 7.210670 7.210670 7.210670 7.210670 7.210670 7.210670 7.210670 7.210670 7.210670 7.210670 7.210670 7.210670 -9999.0 -9999.0
-9999.0 -9999.0 6.956914 6.956914 6.956914 6.956914 6.956914 6.956914 6.956914 6.956914 6.956914 6.956914 6.956914 6.956914 6.956914 6.956914 6.956914 6.956914 6.956914 6.956914 6.956914 6.956914 6.956914 6.956914 6.956914 6.956914 6.956914 6.956914 6.956914 6.956914 6.956914 -9999.0 -9999.0
-9999.0 -9999.0 6.703158 6.703158 6.703158 6.703158 6.703158 6.703158 6.703158 6.703158 6.703158 6.703158 6.703158 6.703158 6.703158 6.703158 6.703158 6.703158 6.703158 6.703158 6.703158 6.703158 6.703158 6.703158 6.703158 6.703158 6.703158 6.703158 6.703158 6.703158 6.703158 -9999.0 -9999.0
-9999.0 -9999.0 6.449401 6.449401 6.449401 6.449401 6.449401 6.449401 6.449401 6.449401 6.449401 6.449401 6.449401 6.449401 6.449401 6.449401 6.449401 6.449401 6.449401 6.449401 6.449401 6.449401 6.449401 6.449401 6.449401 6.449401 6.449401 6.449401 6.449401 6.449401 6.449401 -9999.0 -9999.0
-9999.0 -9999.0 6.195645 6.195645 6.195645 6.195645 6.195645 6.195645 6.195645 6.195645 6.195645 6.195645 6.195645 6.195645 6.195645 6.195645 6.195645 6.195645 6.195645 6.195645 6.195645 6.195645 6.195645 6.195645 6.195645 6.195645 6.195645 6.195645 6.195645 6.195645 6.195645 -9999.0 -9999.0
-9999.0 -9999.0 5.941889 5.941889 5.941889 5.941889 5.941889 5.941889 5.941889 5.941889 5.941889 5.941889 5.941889 5.941889 5.941889 5.941889 5.941889 5.941889 5.941889 5.941889 5.941889 5.941889 5.941889 5.941889 5.941889 5.941889 5.941889 5.941889 5.941889 5.941889 5.941889 -9999.0 -9999.0
-9999.0 -9999.0 5.688132 5.688132 5.688132 5.688132 5.688132 5.688132 5.688132 5.688132 5.688132 5.688132 5.688132 5.688132 5.688132 5.688132 5.688132 5.688132 5.688132 5.688132 5.688132 5.688132 5.688132 5.688132 5.688132 5.688132 5.688132 5.688132 5.688132 5.688132 5.688132 -9999.0 -9999.0
-9999.0 -9999.0 5.434376 5.434376 5.434376 5.434376 5.434376 5.434376 5.434376 5.434376 5.434376 5.434376 5.434376 5.434376 5.434376 5.434376 5.434376 5.434376 5.434376 5.434376 5.434376 5.434376 5.434376 5.434376 5.434376 5.434376 5.434376 5.434376 5.434376 5.434376 5.434376 -9999.0 -9999.0
-9999.0 -9999.0 5.180620 5.180620 5.180620 5.180620 5.180620 5.180620 5.180620 5.180620 5.180620 5.180620 5.180620 5.180620 5.180620 5.180620 5.180620 5.180620 5.180620 5.180620 5.180620 5.180620 5.180620 5.180620 5.180620 5.180620 5.180620 5.180620 5.180620 5.180620 5.180620 -9999.0 -9999.0
-9999.0 -9999.0 4.926863 4.926863 4.926863 4.926863 4.926863 4.926863 4.926863 4.926863 4.926863 4.926863 4.926863 4.926863 4.926863 4.926863 4.926863 4.926863 4.926863 4.926863 4.926863 4.926863 4.926863 4.926863 4.926863 4.926863 4.926863 4.926863 4.926863 4.926863 4.926863 -9999.0 -9999.0
-9999.0 -9999.0 4.673107 4.673107 4.673107 4.673107 4.673107 4.673107 4.673107 4.673107 4.673107 4.673107 4.673107 4.673107 4.673107 4.673107 4.673107 4.673107 4.673107 4.673107 4.673107 4.673107 4.673107 4.673107 4.673107 4.673107 4.673107 4.673107 4.673107 4.673107 4.673107 -9999.0 -9999.0
-9999.0 -9999.0 4.419351 4.419351 4.419351 4.419351 4.419351 4.419351 4.419351 4.419351 4.419351 4.419351 4.419351 4.419351 4.419351 4.419351 4.419351 4.419351 4.419351 4.419351 4.419351 4.419351 4.419351 4.419351 4.419351 4.419351 4.419351 4.419351 4.419351 4.419351 4.419351 -9999.0 -9999.0
-9999.0 -9999.0 4.165595 4.165595 4.165595 4.165595 4.165595 4.165595 4.165595 4.165595 4.165595 4.165595 4.165595 4.165595 4.165595 4.165595 4.165595 4.165595 4.165595 4.165595 4.165595 4.165595 4.165595 4.165595 4.165595 4.165595 4.165595 4.165595 4.165595 4.165595 4.165595 -9999.0 -9999.0
-9999.0 -9999.0 3.911838 3.911838 3.911838 3.911838 3.911838 3.911838 3.911838 3.911838 3.911838 3.911838 3.911838 3.911838 3.911838 3.911838 3.911838 3.911838 3.911838 3.911838 3.911838 3.911838 3.911838 3.911838 3.911838 3.911838 3.911838 3.911838 3.911838 3.911838 3.911838 -9999.0 -9999.0
-9999.0 -9999.0 3.658082 3.658082 3.658082 3.658082 3.658082 3.658082 3.658082 3.658082 3.658082 3.658082 3.658082 3.658082 3.658082 3.658082 3.658082 3.658082 3.658082 3.658082 3.658082 3.658082 3.658082 3.658082 3.658082 3.658082 3.658082 3.658082 3.658082 3.658082 3.658082 -9999.0 -9999.0
-9999.0 -9999.0 3.404326 3.404326 3.404326 3.404326 3.404326 3.404326 3.404326 3.404326 3.404326 3.404326 3.404326 3.404326 3.404326 3.404326 3.404326 3.404326 3.404326 3.404326 3.404326 3.404326 3.404326 3.404326 3.404326 3.404326 3.404326 3.404326 3.404326 3.404326 3.404326 -9999.0 -9999.0
-9999.0 -9999.0 3.150569 3.150569 3.150569 3.150569 3.150569 3.150569 3.150569 3.150569 3.150569 3.150569 3.150569 3.150569 3.150569 3.150569 3.150569 3.150569 3.150569 3.150569 3.150569 3.150569 3.150569 3.150569 3.150569 3.150569 3.150569 3.150569 3.150569 3.150569 3.150569 -9999.0 -9999.0
-9999.0 -9999.0 2.896813 2.896813 2.896813 2.896813 2.896813 2.896813 2.896813 2.896813 2.896813 2.896813 2.896813 2.896813 2.896813 2.896813 2.896813 2.896813 2.896813 2.896813 2.896813 2.896813 2.896813 2.896813 2.896813 2.896813 2.896813 2.896813 2.896813 2.896813 2.896813 -9999.0 -9999.0
-9999.0 -9999.0 2.643057 2.643057 2.643057 2.643057 2.643057 2.643057 2.643057 2.643057 2.643057 2.643057 2.643057 2.643057 2.643057 2.643057 2.643057 2.643057 2.643057 2.643057 2.643057 2.643057 2.643057 2.643057 2.643057 2.643057 2.643057 2.643057 2.643057 2.643057 2.643057 -9999.0 -9999.0
-9999.0 -9999.0 2.389300 2.389300 2.389300 2.389300 2.389300 2.389300 2.389300 2.389300 2.389300 2.389300 2.389300 2.389300 2.389300 2.389300 2.389300 2.389300 2.389300 2.389300 2.389300 2.389300 2.389300 2.389300 2.389300 2.389300 2.389300 2.389300 2.389300 2.389300 2.389300 -9999.0 -9999.0
-9999.0 -9999.0 2.135544 2.135544 2.135544 2.135544 2.135544 2.135544 2.135544 2.135544 2.135544 2.135544 2.135544 2.135544 2.135544 2.135544 2.135544 2.135544 2.135544 2.135544 2.135544 2.135544 2.135544 2.135544 2.135544 2.135544 2.135544 2.135544 2.135544 2.135544 2.135544 -9999.0 -9999.0
-9999.0 -9999.0 1.881788 1.881788 1.881788 1.881788 1.881788 1.881788 1.881788 1.881788 1.881788 1.881788 1.881788 1.881788 1.881788 1.881788 1.881788 1.881788 1.881788 1.881788 1.881788 1.881788 1.881788 1.881788 1.881788 1.881788 1.881788 1.881788 1.881788 1.881788 1.881788 -9999.0 -9999.0
