examples/3D/Borden05m2ooo/output_maps-SE27XX/psiliqL0009N0001.asc
ncols         160
nrows         34
xllcorner     620200.000000
yllcorner     5168000.000000
cellsize      0.500000
NODATA_value  -9999.0
[rows 0 to 25 of 34, columns 0 to 56 of 160]
-9999.0 -9999.0 -9999.0 -9999.0 -9999.0 -9999.0 -9999.0 -9999.0 -9999.0 -9999.0 -9999.0 -9999.0 -9999.0 -9999.0 -9999.0 -9999.0 -9999.0 -9999.0 -9999.0 -9999.0 -9999.0 -9999.0 -9999.0 -9999.0 -9999.0 -9999.0 -9999.0 -9999.0 -9999.0 -9999.0 -9999.0 -9999.0 -9999.0 -9999.0 -9999.0 -9999.0 -9999.0 -9999.0 -9999.0 -9999.0 -9999.0 -9999.0 -9999.0 -9999.0 -9999.0 -9999.0 -9999.0 -9999.0 -9999.0 -9999.0 -9999.0 -9999.0 -9999.0 -9999.0 -9999.0 -9999.0 -9999.0
-9999.0 -9999.0 -9999.0 -9999.0 -9999.0 -9999.0 -9999.0 -9999.0 -9999.0 -9999.0 -9999.0 -9999.0 -9999.0 -9999.0 -9999.0 -9999.0 -9999.0 -9999.0 -9999.0 -9999.0 -9999.0 -9999.0 -9999.0 -9999.0 -9999.0 -9999.0 -9999.0 -9999.0 -9999.0 -9999.0 -9999.0 -9999.0 -9999.0 -9999.0 -9999.0 -9999.0 -9999.0 -9999.0 -9999.0 -9999.0 -9999.0 -9999.0 -9999.0 -9999.0 -9999.0 -9999.0 -9999.0 -9999.0 -9999.0 -9999.0 -9999.0 -9999.0 -9999.0 -9999.0 -9999.0 -9999.0 -9999.0
-9999.0 -9999.0 -9999.0 -9999.0 -9999.0 -9999.0 -9999.0 -9999.0 -9999.0 -9999.0 -9999.0 -9999.0 -9999.0 -9999.0 -9999.0 -9999.0 -9999.0 -9999.0 -9999.0 -9999.0 -9999.0 -9999.0 -9999.0 -9999.0 -9999.0 -9999.0 -9999.0 -9999.0 -9999.0 -9999.0 -9999.0 -9999.0 -9999.0 -9999.0 -9999.0 -9999.0 -9999.0 -9999.0 -9999.0 -9999.0 -9999.0 -9999.0 -9999.0 -9999.0 -9999.0 -9999.0 -9999.0 -118.134740 -135.729048 -152.482750 -154.337517 -131.573459 -108.276684 -84.677258 -64.282607 -45.743604 -26.865985
-9999.0 -9999.0 -9999.0 -9999.0 -9999.0 -9999.0 -9999.0 -9999.0 -9999.0 -9999.0 -9999.0 -9999.0 -9999.0 -9999.0 -9999.0 -9999.0 -9999.0 -9999.0 -9999.0 -9999.0 -9999.0 -9999.0 -9999.0 -9999.0 -9999.0 -9999.0 -9999.0 -9999.0 -9999.0 -9999.0 -9999.0 -9999.0 -9999.0 -9999.0 -9999.0 -9999.0 -9999.0 -9999.0 -9999.0 -9999.0 -70.205791 -64.399637 -62.926363 -73.882979 -85.353983 -97.382672 -117.455512 -135.458369 -151.128975 -154.118946 -151.662148 -146.086735 -123.104691 -98.876885 -79.485233 -62.232050 -43.193886
-9999.0 -9999.0 -9999.0 -9999.0 -9999.0 -9999.0 -9999.0 -9999.0 -9999.0 -9999.0 -9999.0 -9999.0 -9999.0 -9999.0 -9999.0 -9999.0 -9999.0 -9999.0 -9999.0 -9999.0 -9999.0 -9999.0 -9999.0 -9999.0 -9999.0 -9999.0 -9999.0 -9999.0 -9999.0 -9999.0 -9999.0 -9999.0 -9999.0 -9999.0 -162.057506 -144.539642 -126.549834 -108.375757 -91.917359 -85.420453 -79.592047 -73.872740 -78.036259 -83.024881 -94.556597 -113.407535 -133.350402 -147.811552 -150.611152 -153.404706 -149.165890 -136.150981 -119.568717 -103.237690 -82.393073 -59.364056 -50.319836
-9999.0 -9999.0 -9999.0 -9999.0 -9999.0 -9999.0 -9999.0 -9999.0 -9999.0 -9999.0 -9999.0 -9999.0 -9999.0 -9999.0 -9999.0 -9999.0 -9999.0 -9999.0 -9999.0 -9999.0 -9999.0 -9999.0 -9999.0 -9999.0 -9999.0 -9999.0 -9999.0 -9999.0 -156.893365 -162.956384 -168.328664 -170.070618 -171.615688 -173.041380 -166.230861 -154.021508 -135.847195 -114.501269 -101.880923 -94.905291 -88.531078 -87.901034 -92.927211 -95.327011 -95.379172 -107.330550 -119.238203 -130.403989 -141.134767 -142.554096 -133.130145 -119.401497 -103.513935 -88.885769 -73.724145 -61.086188 -45.481945
-9999.0 -9999.0 -9999.0 -9999.0 -9999.0 -9999.0 -9999.0 -9999.0 -9999.0 -9999.0 -9999.0 -9999.0 -9999.0 -9999.0 -9999.0 -9999.0 -9999.0 -9999.0 -9999.0 -9999.0 -9999.0 -9999.0 -9999.0 -185.708070 -179.755525 -173.439174 -166.291778 -165.630572 -170.120103 -176.039906 -179.486258 -181.335991 -183.193440 -179.059915 -170.879744 -157.362299 -141.619131 -120.160663 -111.756816 -105.336953 -93.074800 -91.039683 -86.461420 -82.728883 -84.828603 -87.773961 -100.027688 -109.121178 -103.587624 -97.580240 -91.323432 -83.979732 -71.086761 -55.580507 -37.946466 -17.400283 4.224753
-9999.0 -9999.0 -9999.0 -9999.0 -9999.0 -9999.0 -9999.0 -9999.0 -9999.0 -9999.0 -9999.0 -9999.0 -9999.0 -9999.0 -9999.0 -9999.0 -9999.0 -9999.0 -9999.0 -210.188191 -209.497733 -208.684638 -204.310024 -203.511323 -201.469863 -194.675486 -186.769759 -184.933225 -186.785168 -188.727642 -187.488007 -185.124466 -181.233615 -169.995135 -156.366542 -142.416166 -128.452521 -107.746321 -93.152224 -79.392604 -63.440836 -65.034844 -69.769013 -72.232233 -72.090526 -71.745506 -66.015547 -62.505574 -56.829213 -51.120954 -44.200496 -35.307869 -24.494347 -6.005829 14.351048 34.883029 54.422811
-9999.0 -9999.0 -9999.0 -9999.0 -9999.0 -9999.0 -9999.0 -9999.0 -9999.0 -9999.0 -9999.0 -9999.0 -9999.0 -9999.0 -9999.0 -9999.0 -238.251192 -236.549690 -234.653228 -229.504754 -227.227109 -223.529037 -216.929199 -216.137171 -212.555375 -205.736527 -201.037008 -192.802557 -185.265247 -178.233416 -172.611438 -170.241162 -162.805375 -153.377555 -141.670220 -126.175020 -104.389532 -81.780290 -65.630291 -49.108892 -32.477945 -32.375159 -33.816548 -32.966008 -32.339089 -24.548987 -6.307355 0.048607 3.507846 22.511328 37.298190 43.211206 51.061174 69.803266 94.252694 121.240313 154.341585
-9999.0 -9999.0 -9999.0 -9999.0 -9999.0 -9999.0 -9999.0 -9999.0 -9999.0 -9999.0 -9999.0 -9999.0 -9999.0 -282.518969 -278.501603 -269.502679 -261.473438 -259.479365 -255.820906 -250.389963 -238.511073 -235.303619 -229.394607 -222.083696 -210.985290 -202.809952 -193.905680 -182.433541 -174.267646 -167.357551 -160.520091 -154.220728 -140.692804 -125.410248 -109.545957 -89.308624 -67.719045 -46.716507 -25.685086 -10.522972 3.671601 7.064297 5.294966 7.029318 15.367385 33.998902 53.890887 67.024619 89.640889 114.944550 131.245244 146.305172 157.374330 171.754593 194.289312 232.926282 274.415264
-9999.0 -9999.0 -9999.0 -9999.0 -9999.0 -9999.0 -9999.0 -9999.0 -9999.0 -9999.0 -317.284417 -314.840434 -318.504956 -317.995403 -313.587406 -301.965793 -289.030615 -282.425418 -271.502057 -251.255465 -234.424992 -231.287122 -216.806734 -207.202052 -200.987229 -190.628323 -177.781855 -165.029471 -147.929634 -135.437008 -122.972647 -102.388420 -85.976233 -69.655627 -52.059519 -32.287978 -11.242971 19.074342 46.975742 61.796951 86.694638 101.330849 98.769047 99.379152 108.225332 127.367042 153.646925 183.680112 210.628468 242.156564 268.483867 289.626494 306.229426 323.344614 343.064697 381.331943 431.103292
-9999.0 -9999.0 -9999.0 -9999.0 -9999.0 -9999.0 -9999.0 -9999.0 -341.083872 -334.391994 -328.288688 -331.570784 -336.581511 -340.151263 -327.389454 -311.864373 -296.213214 -279.490232 -263.873780 -246.363307 -231.101524 -214.858458 -195.875013 -184.393207 -172.856406 -157.941054 -144.454497 -126.678335 -105.366251 -90.798702 -71.866673 -49.932179 -30.390052 -12.233143 6.432948 25.234250 54.640969 90.429848 125.074772 152.650360 183.859755 211.418293 213.872433 218.874394 226.033353 256.472713 294.006198 334.345492 371.460190 410.741697 453.958829 485.516124 507.214794 526.046880 544.798025 564.348089 594.853881
-9999.0 -9999.0 -9999.0 -9999.0 -9999.0 -9999.0 -366.541003 -342.603256 -328.075768 -336.144919 -344.658024 -348.291217 -352.120167 -332.942709 -311.877366 -295.340022 -278.988154 -262.004079 -246.065238 -231.765726 -196.943011 -180.799599 -166.129052 -146.656571 -132.806893 -118.883944 -101.554757 -77.836159 -54.556317 -21.716080 8.403631 35.832048 63.355880 84.285633 104.306908 125.602328 160.585814 202.473515 244.893698 282.573583 319.153362 355.583025 369.301201 378.823430 391.497638 418.375542 462.645267 509.120556 553.791431 593.371590 626.448216 646.526104 663.407930 678.088592 692.275138 704.770597 718.430424
-9999.0 -9999.0 -9999.0 -9999.0 -399.504883 -378.765014 -358.463228 -327.856200 -305.507361 -311.206539 -304.222365 -303.995208 -305.633570 -303.420560 -297.972089 -280.387375 -262.974731 -245.432032 -227.066659 -189.611228 -147.798781 -131.251179 -104.528544 -72.230731 -58.242157 -43.332082 -27.660926 -4.123537 26.045135 62.652607 111.768269 154.524611 184.327655 210.699525 235.081995 263.142502 303.314716 350.610649 399.510362 450.390203 498.965846 534.117110 553.010811 563.499263 577.561107 597.108310 624.483797 658.966775 692.635471 724.842078 750.250337 766.076727 775.360934 785.598130 795.214271 805.750365 815.809337
-9999.0 -9999.0 -9999.0 -446.270474 -408.004936 -371.376621 -344.141823 -313.426979 -282.061913 -276.060350 -268.019670 -261.904815 -255.626494 -246.969060 -237.274049 -221.214613 -207.354834 -194.798858 -173.961209 -137.099527 -100.549054 -66.225596 -33.036630 -2.094140 21.286598 37.628781 55.435120 81.219085 123.828792 167.748343 224.962447 286.817534 332.661021 364.566490 392.149267 427.849561 466.062100 515.901885 562.363174 605.814747 647.112093 677.133137 698.220462 706.161170 714.543865 723.703477 741.294619 762.518477 782.169402 806.716156 830.969104 850.822082 862.050447 869.467228 882.408354 895.217978 905.131772
-9999.0 -9999.0 -492.478991 -455.712166 -420.648399 -369.215812 -316.897931 -283.639083 -243.030992 -218.093571 -211.102057 -192.583374 -175.632564 -167.231168 -150.272676 -132.820737 -119.238847 -115.707247 -102.609138 -66.795755 -12.190990 38.664707 72.603319 130.643039 165.919398 191.046320 207.180407 235.807042 275.397807 329.347698 392.199080 459.457479 511.980286 550.630914 571.069669 594.571169 624.840766 654.931163 691.935452 723.861631 754.381703 778.878557 798.656050 805.542675 809.250106 822.262653 841.900977 862.326443 881.412227 899.533487 909.175700 913.888171 915.973470 917.189666 918.950816 920.255836 921.014677
-9999.0 -9999.0 -517.435056 -473.605491 -431.032802 -361.143691 -285.483008 -247.988613 -205.015860 -160.594781 -141.388851 -117.267836 -98.268620 -80.277101 -55.798675 -31.506081 -25.640217 -22.001190 -22.107860 33.886816 96.088800 163.682154 238.098914 306.603283 352.469387 366.936805 378.976409 404.751362 442.576894 501.475744 562.887614 623.561724 673.054892 705.621463 722.082744 739.084889 759.591847 778.603606 796.525512 829.734848 850.332159 870.362248 891.635806 908.879398 915.469123 916.792599 911.728919 915.653365 918.224096 919.390259 919.675532 916.556206 915.976927 916.748151 918.033553 913.789647 908.407563
-9999.0 -603.659813 -551.952089 -497.873452 -427.423507 -358.116923 -271.847896 -190.839736 -140.122081 -97.063043 -67.739545 -47.346186 6.733905 57.924375 86.957052 117.439439 116.909998 116.670427 109.066234 155.976388 218.327687 318.929031 454.854196 520.906585 560.359071 566.099490 564.737355 582.403787 614.103021 661.211581 724.528540 767.324663 812.025354 844.713810 856.342635 861.032431 876.250762 894.169697 898.218462 909.630485 914.245899 917.888586 916.299956 917.204181 918.114371 918.754542 916.356393 911.062044 904.410063 899.906175 896.759756 892.860151 895.703104 899.361522 901.144687 895.644470 889.879397
-9999.0 -637.635576 -577.421251 -504.932541 -432.941255 -355.856196 -243.290439 -113.280618 -65.733153 -30.144811 1.020951 48.596066 141.605484 218.698614 262.491475 307.577734 305.088151 293.734812 290.242250 330.184890 397.335516 489.183463 629.336807 714.894883 732.334719 744.354611 753.377258 777.599276 809.521098 839.463138 864.823623 877.642531 891.161577 897.444395 899.820548 901.402381 904.025603 905.387693 904.013876 901.665323 898.127473 898.965026 903.121636 903.535977 901.842298 900.190558 896.259571 890.480589 886.738561 883.853550 882.429775 880.375363 879.656079 880.717557 877.879521 874.095416 867.797599
-9999.0 -661.792055 -592.696161 -527.098263 -453.509847 -328.477717 -205.950619 -76.562452 13.034534 53.081336 104.091186 202.087118 320.103416 434.865664 496.578643 525.066206 533.955066 522.818414 534.443997 578.637680 643.498423 724.723510 793.204163 855.387571 866.456233 870.071098 863.067264 871.281042 879.158481 882.511405 884.906704 886.673805 892.270396 895.348829 895.000574 893.195239 889.818714 883.635138 880.429384 879.085785 877.310085 878.236078 881.744228 883.310274 882.147762 880.077636 877.700149 874.460758 871.016528 866.875464 864.930900 862.311819 860.902117 857.094218 853.505544 849.405541 839.172799
-9999.0 -748.826884 -665.003236 -603.193860 -468.787528 -303.265623 -179.426219 -25.999409 110.177802 163.855219 270.277225 408.600185 533.139600 621.322625 672.376126 714.658359 740.360366 762.230694 791.177715 784.377702 826.793067 862.544241 875.716570 881.676643 878.768436 880.924742 876.038270 861.071209 854.407450 850.608274 854.065180 862.065007 868.147383 874.047751 872.562897 873.303973 873.410709 870.914417 868.926815 863.032612 857.597632 853.916054 853.825308 860.061135 856.560145 855.066337 851.893217 847.291494 842.099661 837.257753 831.869376 826.289404 823.402365 817.338185 815.470664 808.608287 784.202747
-9999.0 -829.493307 -750.703494 -646.545444 -495.108829 -331.863620 -185.737596 -14.618631 178.448372 296.449431 431.339187 525.782654 623.249256 702.832437 768.753396 806.458464 825.970040 833.338900 832.237230 837.058208 811.621271 806.672349 821.256988 842.470789 851.642453 855.460671 849.012608 841.427963 838.021301 839.828297 840.825932 841.503459 841.322558 839.999527 837.066383 838.261961 841.968176 836.570157 829.700002 823.562139 818.378898 812.193707 808.239250 806.465013 806.061651 807.476147 802.874323 795.977601 788.943308 783.525563 777.225509 771.099741 766.617625 758.472121 748.231164 734.576553 705.784542
-9999.0 -916.465154 -801.513479 -698.592597 -563.075652 -423.087892 -286.001729 -116.509998 44.119276 263.369358 460.971597 555.581600 615.263183 676.767395 740.206740 800.178781 809.611009 785.883003 763.028818 751.858613 755.383817 763.686576 775.163883 792.070228 805.739517 813.578851 815.158305 809.584663 799.514346 794.268599 791.436853 784.667155 779.157922 778.381181 777.288882 781.874820 782.798246 771.909928 757.971802 742.313388 729.295291 719.989782 717.431701 718.825722 719.367958 717.579271 712.689819 705.132310 695.451566 685.979215 678.127685 670.033714 657.928908 640.102604 620.816379 601.266635 568.331648
-9999.0 -9999.0 -871.029774 -758.744502 -643.023268 -514.575563 -386.517420 -230.406523 -74.118061 117.864743 252.149827 383.398364 466.977558 524.578181 586.580841 646.467212 669.965249 689.686414 673.719036 677.157973 682.279323 686.715739 694.895351 705.017048 716.185927 724.464399 730.741963 729.949101 722.726741 709.327746 693.343133 680.785517 672.526833 665.662782 672.552529 681.105522 675.123991 662.256331 643.458387 622.402328 605.838425 590.728092 586.203451 586.622902 586.867796 584.480041 580.251517 568.545465 556.431896 544.089769 536.794518 526.801829 512.920011 489.156447 464.359781 439.677325 406.092142
-9999.0 -9999.0 -952.928899 -841.607363 -720.523399 -594.239054 -486.174750 -380.601458 -220.480223 -97.232688 8.776276 108.052806 192.039195 259.926768 317.676008 393.297322 441.615398 464.395179 479.018594 498.740500 520.176919 541.197066 555.517949 567.765976 581.084141 593.382017 602.249853 591.807938 580.900632 564.622323 544.367638 522.293345 509.580210 502.813474 505.313201 509.815261 499.772241 480.422479 454.097381 427.603305 407.569585 391.303550 385.202861 382.108261 381.041360 378.022001 374.063896 363.709233 350.480339 340.534177 330.672628 321.329589 313.468286 299.897877 283.953266 271.438300 248.402366
-9999.0 -9999.0 -9999.0 -913.661479 -815.565657 -729.872753 -632.546036 -556.453008 -460.916074 -347.084732 -242.242166 -139.450911 -71.565307 -15.588666 40.108350 96.285857 138.852057 165.487615 188.222069 241.666489 274.672705 314.533374 349.367261 367.261251 384.630216 402.154103 406.649780 396.203061 384.211062 365.895553 340.333174 314.908327 300.790867 300.920397 299.399576 299.398215 290.957799 281.708340 265.362858 248.006456 231.647408 220.776559 215.541886 210.329898 206.705871 202.638116 198.585277 191.972679 182.996001 173.348437 165.708999 161.452020 156.121309 149.249930 140.208880 130.527291 117.746891
