examples/3D/Borden05m2ooo/output_maps-SE27XX/psiliqL0023N0001.asc
ncols         160
nrows         34
xllcorner     620200.000000
yllcorner     5168000.000000
cellsize      0.500000
NODATA_value  -9999.0
[rows 0 to 24 of 34, columns 55 to 109 of 160]
-9999.0 -9999.0 -9999.0 -9999.0 -9999.0 -9999.0 -9999.0 -9999.0 -9999.0 -9999.0 -9999.0 -9999.0 -9999.0 -9999.0 -9999.0 -9999.0 -9999.0 -9999.0 -9999.0 -9999.0 -9999.0 -9999.0 -9999.0 -9999.0 -9999.0 -9999.0 -9999.0 -9999.0 -9999.0 -9999.0 -9999.0 -9999.0 -9999.0 -9999.0 -9999.0 -9999.0 -9999.0 -9999.0 -9999.0 -9999.0 -9999.0 -9999.0 -9999.0 -9999.0 -9999.0 -9999.0 -9999.0 -9999.0 -9999.0 -9999.0 -9999.0 -9999.0 -9999.0 -9999.0 -9999.0
-9999.0 -9999.0 -9999.0 -9999.0 2801.478805 2796.138235 2791.266402 2787.000152 2811.326889 2802.528071 2795.113527 2791.563243 2791.041968 2790.804826 2790.818811 2796.342537 2804.918378 2812.988100 2820.233121 2784.111277 2786.031531 2787.926952 2788.178954 2786.989056 2784.157349 2821.287238 2818.048692 2816.538222 2809.153748 2798.089135 2789.758644 2787.109428 2791.348074 2795.684802 2798.128945 2803.375403 2813.670276 2824.077257 2791.899983 2803.399806 2810.126222 2815.429748 2818.128030 2814.150144 2810.864005 2806.983484 2801.528891 2790.476576 -9999.0 -9999.0 -9999.0 -9999.0 -9999.0 -9999.0 -9999.0
2778.266204 2797.281745 2785.730899 2788.858925 2810.469950 2805.679970 2802.895321 2801.581682 2797.456699 2789.442744 2784.866322 2779.978968 2778.068688 2778.667187 2779.191045 2783.563402 2794.779313 2803.124395 2808.187203 2811.490377 2814.570848 2813.507875 2812.982611 2812.909870 2810.124823 2806.465028 2803.172272 2801.460490 2802.807538 2795.326824 2789.533898 2785.790522 2783.109535 2785.681489 2788.371253 2792.637643 2801.731940 2809.472326 2817.386423 2789.714852 2801.779433 2807.383731 2804.885655 2800.261233 2796.960799 2790.176657 2817.913955 2807.682336 2799.106978 2792.327418 2786.217802 2779.114886 2784.527000 2791.192272 2799.774090
2763.416319 2783.290230 2804.553477 2807.640414 2797.231512 2789.728842 2783.784076 2784.763732 2788.591378 2785.897382 2781.737171 2775.154602 2785.254519 2786.879531 2788.312022 2792.217026 2795.183071 2800.436527 2803.378380 2809.051419 2818.089152 2821.009607 2821.629354 2821.853868 2820.035719 2816.891632 2815.078241 2812.415294 2807.275394 2805.741672 2805.613094 2804.596244 2808.790623 2809.578836 2812.911760 2807.197060 2811.301584 2817.258572 2823.217352 2829.136026 2789.235147 2791.642374 2788.415966 2789.193409 2823.644709 2809.539061 2799.263517 2791.150541 2790.344686 2786.623038 2777.891191 2763.476395 2770.524689 2785.521303 2789.325272
2771.015231 2780.700388 2792.087188 2795.255163 2790.722830 2793.291399 2795.640842 2797.553260 2796.425248 2793.697627 2790.535487 2801.927689 2810.086852 2812.040938 2815.251501 2820.003494 2822.352126 2811.991915 2810.337149 2818.008341 2826.888434 2832.153496 2832.467049 2832.310510 2829.137794 2828.135241 2828.015606 2826.257499 2826.149224 2828.001047 2826.198218 2829.590364 2835.167376 2787.006449 2832.568917 2823.922466 2825.761807 2833.997382 2791.361740 2798.371681 2808.189413 2819.131646 2819.187317 2814.533400 2806.499820 2794.445727 2818.498640 2799.959959 2787.957760 2779.152895 2771.017558 2772.272904 2766.842211 2778.974102 2779.693517
2763.883156 2784.375339 2804.420975 2811.308931 2806.023370 2802.715668 2801.874521 2803.285340 2803.340371 2805.155614 2815.484634 2828.378805 2789.242519 2790.667275 2792.479400 2791.856914 2839.626543 2829.780600 2827.345791 2841.319456 2800.529502 2807.739375 2807.385382 2803.781341 2807.649465 2807.360795 2807.300967 2803.553096 2804.517969 2802.929218 2809.294653 2816.892822 2824.606577 2822.589166 2810.877364 2798.805886 2798.453670 2803.344752 2808.948575 2816.253812 2826.465388 2835.785659 2831.033082 2825.586424 2817.827220 2792.346606 2821.844488 2807.100601 2805.101713 2804.471550 2799.744763 2796.364583 2793.673578 2787.708022 2786.720573
2806.687882 2827.055625 2797.826011 2810.666848 2804.424617 2796.690305 2787.739772 2787.876217 2788.700052 2794.828846 2805.537365 2819.063250 2840.444459 2840.431029 2841.296085 2840.755075 2828.783247 2815.764263 2805.494191 2826.462446 2836.584435 2843.924989 2842.218399 2848.295648 2857.114513 2853.268546 2846.563134 2834.908328 2840.612304 2848.237978 2863.268677 2870.860775 2875.763201 2871.965714 2858.779789 2852.307630 2853.184253 2858.696986 2859.099417 2866.835076 2875.988380 2890.995796 2889.983688 2885.551707 2865.345286 2828.735590 2799.810004 2845.867450 2795.974163 2790.201076 2838.229259 2835.994784 2822.854222 2813.561328 2815.297653
2793.456020 2807.000256 2822.844024 2839.440817 2831.307210 2820.891348 2805.019147 2802.339033 2807.073549 2816.957637 2834.497790 2853.260451 2873.747434 2874.403182 2869.885778 2879.171047 2872.441432 2861.953656 2854.244218 2873.135606 2883.545568 2893.780936 2900.296899 2912.831713 2923.425433 2908.527969 2892.675889 2883.497929 2890.037718 2914.124897 2935.201293 2940.009381 2939.562926 2939.765258 2926.001468 2920.811749 2916.714143 2915.831951 2912.532158 2910.216592 2933.881491 2954.272767 2953.852297 2932.175254 2909.486911 2871.288282 2834.001648 2808.879190 2818.370270 2815.493887 2818.672308 2807.768167 2795.505949 2787.084037 2839.532362
2846.975948 2869.846424 2886.823015 2907.930465 2900.915076 2879.209210 2864.962505 2867.842137 2880.897415 2888.464942 2905.874046 2924.270333 2951.075777 2965.025576 2977.780589 2975.046453 2974.278943 2965.657295 2953.390270 2956.896292 2979.017489 2983.553385 2992.172896 3000.973466 3013.432867 3014.926529 3008.989002 3007.423051 3011.446200 3023.329234 3036.397460 3043.057398 3046.613547 3049.882064 3038.946992 3026.764485 3023.812746 3017.690778 3015.285682 3014.231151 3023.759831 3042.248619 3039.571551 3005.912831 2979.627741 2952.414958 2914.886434 2885.549180 2877.198838 2893.553001 2889.929658 2873.715996 2861.593139 2834.065081 2827.313595
2919.601977 2952.628407 2977.229917 2981.656457 2989.906362 2977.105791 2975.540799 2979.317117 2987.076334 2990.280226 2996.670975 3028.632251 3062.188366 3087.744558 3110.475784 3117.644598 3105.781289 3095.947334 3082.755058 3073.766039 3083.115028 3099.468040 3116.749732 3131.710204 3142.920319 3145.315993 3143.808353 3143.896789 3146.710788 3149.660356 3153.619678 3161.498804 3168.998400 3177.494596 3186.168693 3176.839719 3160.443559 3150.588254 3140.632269 3139.022542 3139.913687 3142.682006 3143.712499 3129.340569 3090.185740 3059.877847 3028.369790 3007.291678 2992.927810 2990.318790 2979.185290 2955.822385 2906.296179 2869.118556 2837.611053
3001.206019 3043.703841 3072.665049 3090.740321 3103.569762 3101.537835 3103.190346 3104.277558 3108.191445 3110.906508 3114.325992 3139.864478 3179.718280 3218.224923 3248.830793 3249.387650 3236.482718 3225.290342 3215.862332 3202.258163 3198.399666 3209.919845 3224.334991 3243.640988 3254.221449 3261.030089 3258.272776 3258.523828 3260.017657 3262.270389 3264.317113 3267.573827 3276.638682 3290.994441 3304.795783 3304.356351 3286.663746 3268.996957 3252.806714 3249.456735 3246.393789 3241.439247 3243.490132 3245.325595 3231.533710 3201.944831 3163.869571 3123.567999 3105.291862 3089.397704 3078.651018 3062.502407 3025.954482 2970.823730 2933.950509
3115.247381 3147.464383 3175.686995 3205.574852 3220.896151 3224.001722 3221.830779 3221.086449 3227.957076 3231.219669 3237.595967 3253.943736 3284.136912 3318.023245 3346.893037 3362.509088 3355.447467 3338.546212 3317.334288 3308.425170 3305.819064 3309.085350 3317.982989 3329.848458 3348.512448 3367.177615 3372.834970 3373.683308 3371.069536 3373.390285 3374.855532 3374.953411 3377.499760 3385.261261 3394.583929 3397.803795 3390.634596 3370.651168 3347.916419 3336.060393 3329.235004 3325.704427 3326.221560 3330.733926 3333.393967 3319.407957 3285.455334 3242.696137 3212.489860 3196.381931 3183.375700 3170.289282 3158.570869 3129.040926 3109.195280
3222.367700 3237.013943 3264.366069 3292.438473 3315.124766 3329.950488 3330.873761 3334.247875 3338.882649 3346.543639 3361.554767 3383.889045 3401.859725 3423.285605 3448.763326 3464.250334 3469.533525 3468.211242 3464.659650 3465.959198 3466.274809 3409.882769 3415.570043 3421.230055 3436.582765 3450.681160 3455.733863 3456.306586 3454.021891 3455.718141 3456.405464 3456.341980 3455.975013 3457.886420 3462.446011 3464.188669 3462.034307 3450.483326 3466.078628 3446.654797 3433.525436 3425.498281 3417.413697 3409.189022 3399.843439 3390.139745 3371.012358 3341.161770 3307.359035 3285.164843 3276.895338 3271.007529 3263.185873 3257.852508 3241.553655
3320.197168 3330.724292 3348.255207 3370.301962 3402.832201 3425.287402 3436.386156 3445.441067 3450.041706 3463.577382 3479.538551 3465.397145 3472.882379 3480.628217 3488.324522 3490.967498 3491.724242 3491.375058 3489.019098 3488.321074 3486.041309 3482.378081 3472.107976 3473.696129 3475.564383 3478.159711 3481.849389 3480.706455 3481.781187 3484.724118 3483.013138 3477.081315 3473.100445 3471.528994 3472.430673 3479.796937 3483.215197 3484.141298 3481.187012 3480.301668 3479.404170 3476.340184 3472.514856 3467.122271 3460.224091 3473.066041 3461.456360 3434.443205 3395.738736 3356.001279 3347.486848 3348.419753 3348.606907 3347.043356 3341.592160
3441.030951 3454.257864 3468.594561 3449.668784 3469.796152 3480.096737 3484.913115 3488.736314 3491.443978 3494.208339 3491.162798 3488.090485 3483.260533 3481.763422 3480.435538 3478.020644 3478.660584 3476.776843 3472.761639 3468.838036 3461.176160 3449.799033 3438.627535 3435.258031 3439.610905 3445.119510 3450.120432 3454.343537 3457.989040 3458.184571 3452.860916 3444.566874 3437.130708 3435.435395 3442.224102 3447.919777 3454.207203 3455.043857 3453.658251 3451.259462 3451.096580 3447.976577 3448.235802 3455.181962 3469.623302 3472.860263 3478.177612 3477.420369 3462.421861 3435.263071 3443.590028 3423.882460 3429.558323 3425.089837 3413.902206
3482.735378 3485.231862 3483.762811 3482.550460 3476.271905 3470.293379 3469.544993 3473.544055 3480.553421 3481.672480 3474.682883 3466.222747 3459.110926 3451.867148 3449.609112 3448.962989 3448.673824 3449.135220 3443.891306 3434.906136 3418.280479 3406.777274 3395.742199 3389.823540 3386.384379 3390.103567 3401.073737 3412.768488 3417.725129 3408.905474 3400.657216 3389.090650 3381.058515 3381.474654 3382.713931 3392.094015 3408.373675 3415.364253 3416.117687 3409.880035 3403.727418 3397.191599 3394.278804 3400.713373 3415.846517 3432.235334 3447.407002 3456.311853 3463.907042 3470.864234 3470.170035 3472.639711 3473.998655 3472.080011 3474.385119
3476.870811 3469.999598 3463.142280 3457.945024 3451.536589 3446.231816 3444.473009 3446.490820 3448.644391 3444.752153 3438.411880 3428.507547 3417.641891 3408.071875 3400.811783 3401.857220 3404.230336 3405.822063 3398.787601 3383.734277 3366.189528 3352.853523 3339.104229 3335.234600 3329.583669 3322.574975 3332.757952 3351.982842 3359.144897 3343.566006 3332.908499 3317.949586 3311.268991 3307.440859 3308.334496 3317.293295 3339.237094 3362.414283 3364.302207 3353.544847 3342.867697 3338.071523 3334.886556 3339.692347 3356.457452 3376.881376 3392.563194 3402.704867 3407.985307 3415.726845 3425.044089 3438.865642 3453.294027 3465.320646 3470.602345
3452.152598 3444.464659 3436.891850 3429.388678 3422.594793 3416.524242 3412.355871 3410.471530 3406.877901 3400.945929 3394.090792 3374.751989 3362.599692 3350.092033 3335.634398 3332.021226 3327.728488 3329.067386 3317.818127 3309.631282 3293.019621 3277.855219 3262.428196 3249.725155 3244.087137 3237.618570 3236.953148 3250.732993 3259.252806 3249.171326 3239.431483 3228.475487 3223.712420 3220.368524 3222.724064 3233.075969 3252.946093 3271.207083 3279.271970 3271.748673 3269.694538 3269.165085 3267.502246 3273.494250 3284.643521 3302.607514 3324.440146 3342.619035 3352.189241 3359.017365 3368.197878 3382.411153 3396.307427 3410.399163 3428.046982
3421.955804 3412.822282 3403.094846 3393.612565 3383.354268 3373.052062 3366.824087 3369.423059 3363.534816 3358.029693 3336.864469 3283.671186 3263.469517 3245.086894 3229.386208 3223.159874 3215.218923 3200.723417 3192.252371 3187.656032 3188.569076 3174.605795 3157.808137 3140.582293 3135.786684 3132.257855 3116.355160 3113.288789 3114.265447 3128.579812 3122.362488 3120.409512 3121.676885 3119.263692 3120.813710 3133.623573 3141.886170 3147.955093 3154.466002 3158.108642 3167.818894 3174.840290 3183.746305 3200.288908 3211.183449 3226.445741 3246.511942 3271.370096 3286.096385 3295.275048 3305.445642 3320.467530 3336.406118 3353.788284 3375.870884
3387.836655 3371.991453 3357.833189 3343.883798 3331.516567 3319.058223 3304.047587 3306.069835 3304.048251 3294.459690 3242.303597 3201.840269 3169.246710 3152.426001 3129.580706 3116.873653 3101.875770 3065.833862 3049.311597 3048.365193 3062.006210 3057.880856 3042.650552 3030.713829 3021.733806 3012.974841 2996.161010 2979.021174 2984.938346 3002.477327 3002.664439 3005.289169 3012.583786 3011.861945 3005.591953 3003.985263 3016.181943 3021.830325 3032.547092 3048.954929 3053.433089 3068.256870 3100.341841 3112.802610 3127.308848 3145.375388 3165.414080 3186.564526 3208.201058 3221.624271 3236.228864 3254.242492 3270.491441 3290.431008 3312.717317
3338.378683 3308.288353 3287.882153 3271.092086 3252.745792 3227.315968 3207.760615 3205.982642 3200.203947 3173.259956 3123.031687 3087.537174 3063.926534 3042.809843 3020.383303 2998.192588 2970.037256 2936.364642 2915.220355 2929.772749 2940.701089 2951.015666 2939.558704 2928.800769 2919.390898 2902.201640 2885.777101 2870.186370 2880.898682 2889.535957 2907.006090 2913.403635 2917.275822 2922.657990 2921.199890 2911.237721 2907.426440 2915.369468 2925.028489 2936.476351 2956.432965 2983.808338 3007.725921 3025.076485 3044.794597 3062.836963 3083.609602 3105.894184 3127.705253 3143.839796 3161.476811 3178.965797 3199.169904 3217.957245 3240.523395
3261.131957 3233.573856 3207.846186 3185.486941 3155.769883 3111.392183 3097.758204 3089.571496 3069.789025 3024.868930 2984.171048 2969.264279 2955.533169 2932.858626 2912.223197 2884.973241 2852.374928 2830.756843 2810.846618 2821.156621 2831.387754 2850.602897 2841.796250 2834.744623 2831.627550 2816.642387 2803.504243 2787.495210 2794.027961 2805.899921 2828.501333 2834.227764 2838.242131 2847.257682 2846.395476 2841.930949 2825.379129 2832.114097 2842.519687 2856.019754 2886.029283 2908.117550 2930.113893 2951.100976 2969.842055 2984.448177 3005.856857 3028.026956 3053.181803 3071.745555 3089.821662 3110.437490 3128.967203 3143.205688 3159.466465
3156.178098 3132.706289 3113.536952 3090.289538 3049.525695 3006.895580 2975.185124 2950.837746 2901.474904 2868.317999 2846.918293 2844.757624 2832.694606 2813.519659 2795.917356 2843.121496 2819.980686 2799.752814 2773.871782 2778.114263 2792.631245 2808.543930 2808.359611 2808.268991 2806.235833 2796.447995 2782.801714 2769.084180 2772.765416 2789.655420 2807.620514 2817.562030 2825.437380 2833.519213 2833.722943 2825.021876 2815.779816 2821.323828 2837.166930 2794.642929 2811.389345 2831.483470 2851.082056 2870.621582 2892.189616 2913.806686 2935.849142 2959.757298 2979.650675 2999.487924 3021.917917 3045.054873 3060.949157 3069.226164 3076.994310
3056.095880 3037.339978 3015.069081 2988.931332 2954.781603 2915.997182 2876.293842 2831.945568 2800.741061 2841.431350 2831.814689 2814.667660 2799.459613 2783.292324 2762.135007 2746.209853 2730.517730 2708.525927 2696.821917 2703.126468 2715.841621 2723.774080 2729.624449 2727.087158 2724.441422 2718.432760 2704.444117 2699.516265 2709.349184 2724.596220 2738.524084 2750.093673 2757.203667 2762.718803 2760.058103 2751.410238 2748.586082 2757.250805 2773.060250 2785.797719 2801.260797 2822.442672 2790.296428 2810.217776 2831.050501 2851.908022 2875.154495 2899.105238 2923.717728 2949.406990 2970.721983 2983.105341 2990.824585 2999.256939 2998.798169
2941.950903 2930.657626 2905.987321 2879.429730 2851.124931 2818.724940 2795.637090 2827.566761 2796.748186 2768.014070 2741.354463 2727.395085 2719.674901 2705.575943 2687.712927 2675.966348 2659.884761 2648.473625 2653.277886 2654.149630 2662.026676 2660.068573 2660.639325 2657.907721 2657.080722 2654.520661 2647.830594 2659.110197 2665.849250 2679.429380 2689.604485 2699.407558 2705.422553 2709.261902 2710.508725 2706.357553 2712.291666 2718.842380 2732.910852 2744.290279 2758.291143 2778.517049 2794.599787 2813.704315 2789.493885 2810.570165 2832.552072 2856.691049 2883.094795 2906.248629 2922.857849 2928.546277 2936.677904 2937.552787 2926.108186
