examples/3D/hillslope02_superslab/output-maps-SE27XX/psiliqL0066N0003.asc
ncols         104
nrows         10
xllcorner     -2.000000
yllcorner     0.000000
cellsize      1.000000
NODATA_value  -9999.0
-9999.0 -9999.0 -9999.0 -9999.0 -9999.0 -9999.0 -9999.0 -9999.0 -9999.0 -9999.0 -9999.0 -9999.0 -9999.0 -9999.0 -9999.0 -9999.0 -9999.0 -9999.0 -9999.0 -9999.0 -9999.0 -9999.0 -9999.0 -9999.0 -9999.0 -9999.0 -9999.0 -9999.0 -9999.0 -9999.0 -9999.0 -9999.0 -9999.0 -9999.0 -9999.0 -9999.0 -9999.0 -9999.0 -9999.0 -9999.0 -9999.0 -9999.0 -9999.0 -9999.0 -9999.0 -9999.0 -9999.0 -9999.0 -9999.0 -9999.0 -9999.0 -9999.0 -9999.0 -9999.0 -9999.0 -9999.0 -9999.0 -9999.0 -9999.0 -9999.0 -9999.0 -9999.0 -9999.0 -9999.0 -9999.0 -9999.0 -9999.0 -9999.0 -9999.0 -9999.0 -9999.0 -9999.0 -9999.0 -9999.0 -9999.0 -9999.0 -9999.0 -9999.0 -9999.0 -9999.0 -9999.0 -9999.0 -9999.0 -9999.0 -9999.0 -9999.0 -9999.0 -9999.0 -9999.0 -9999.0 -9999.0 -9999.0 -9999.0 -9999.0 -9999.0 -9999.0 -9999.0 -9999.0 -9999.0 -9999.0 -9999.0 -9999.0 -9999.0 -9999.0
-9999.0 -9999.0 -9999.0 -9999.0 -9999.0 -9999.0 -9999.0 -9999.0 -9999.0 -9999.0 -9999.0 -9999.0 -9999.0 -9999.0 -9999.0 -9999.0 -9999.0 -9999.0 -9999.0 -9999.0 -9999.0 -9999.0 -9999.0 -9999.0 -9999.0 -9999.0 -9999.0 -9999.0 -9999.0 -9999.0 -9999.0 -9999.0 -9999.0 -9999.0 -9999.0 -9999.0 -9999.0 -9999.0 -9999.0 -9999.0 -9999.0 -9999.0 -9999.0 -9999.0 -9999.0 -9999.0 -9999.0 -9999.0 -9999.0 -9999.0 -9999.0 -9999.0 -9999.0 -9999.0 -9999.0 -9999.0 -9999.0 -9999.0 -9999.0 -9999.0 -9999.0 -9999.0 -9999.0 -9999.0 -9999.0 -9999.0 -9999.0 -9999.0 -9999.0 -9999.0 -9999.0 -9999.0 -9999.0 -9999.0 -9999.0 -9999.0 -9999.0 -9999.0 -9999.0 -9999.0 -9999.0 -9999.0 -9999.0 -9999.0 -9999.0 -9999.0 -9999.0 -9999.0 -9999.0 -9999.0 -9999.0 -9999.0 -9999.0 -9999.0 -9999.0 -9999.0 -9999.0 -9999.0 -9999.0 -9999.0 -9999.0 -9999.0 -9999.0 -9999.0
-9999.0 -9999.0 2110.218977 2011.861241 1915.174620 1820.208993 1727.022318 1635.672871 1546.216420 1458.714833 1373.233315 1289.827498 1208.547194 1129.441296 1052.518543 977.783724 905.181585 834.685321 766.231810 699.726436 635.168679 572.488434 511.598375 452.409985 394.912305 339.052517 284.758246 231.967675 180.620952 130.655414 82.017428 34.652362 -11.483526 -56.431507 -100.218428 -142.580159 -183.024141 -221.050693 -256.138860 -287.990395 -316.906463 -344.253143 -372.866764 -362.115454 -373.758403 -401.565307 -443.868344 -504.077426 -576.815417 -678.730485 -853.003344 -1030.620257 -740.151231 -778.391430 -804.895155 -820.943236 -828.454567 -828.689793 -815.325658 -726.633691 -601.245353 -530.418254 -493.477594 -485.324842 -484.937021 -485.556929 -486.302763 -487.144163 -488.092682 -489.146205 -490.286070 -491.470155 -492.679201 -493.904148 -495.125150 -496.312288 -497.457906 -498.550295 -499.571776 -500.521466 -501.389566 -502.175552 -502.878284 -503.499482 -504.042159 -504.511126 -504.911253 -505.249222 -505.530939 -505.763140 -505.952245 -506.104229 -506.224911 -506.319819 -506.394606 -506.457053 -506.523828 -506.644182 -506.986082 -508.164966 -512.549294 -529.945367 -9999.0 -9999.0
-9999.0 -9999.0 2110.218976 2011.861240 1915.174619 1820.208992 1727.022318 1635.672871 1546.216420 1458.714832 1373.233315 1289.827498 1208.547194 1129.441295 1052.518543 977.783723 905.181585 834.685320 766.231810 699.726436 635.168679 572.488434 511.598375 452.409985 394.912305 339.052517 284.758245 231.967675 180.620952 130.655414 82.017428 34.652361 -11.483526 -56.431507 -100.218428 -142.580159 -183.024141 -221.050693 -256.138860 -287.990395 -316.906463 -344.253143 -372.866764 -362.115454 -373.758403 -401.565307 -443.868344 -504.077426 -576.815417 -678.730485 -853.003344 -1030.620257 -740.151231 -778.391430 -804.895155 -820.943236 -828.454567 -828.689793 -815.325658 -726.633691 -601.245353 -530.418254 -493.477594 -485.324842 -484.937021 -485.556929 -486.302763 -487.144163 -488.092682 -489.146205 -490.286070 -491.470155 -492.679201 -493.904148 -495.125150 -496.312288 -497.457906 -498.550295 -499.571776 -500.521466 -501.389566 -502.175552 -502.878284 -503.499482 -504.042159 -504.511126 -504.911254 -505.249222 -505.530939 -505.763140 -505.952245 -506.104229 -506.224912 -506.319819 -506.394606 -506.457053 -506.523828 -506.644182 -506.986082 -508.164966 -512.549294 -529.945367 -9999.0 -9999.0
-9999.0 -9999.0 2110.218976 2011.861240 1915.174619 1820.208992 1727.022317 1635.672870 1546.216419 1458.714832 1373.233314 1289.827497 1208.547193 1129.441295 1052.518543 977.783723 905.181585 834.685320 766.231810 699.726436 635.168679 572.488434 511.598375 452.409985 394.912305 339.052517 284.758245 231.967675 180.620952 130.655414 82.017428 34.652361 -11.483527 -56.431507 -100.218428 -142.580159 -183.024141 -221.050693 -256.138860 -287.990395 -316.906463 -344.253143 -372.866764 -362.115454 -373.758403 -401.565307 -443.868344 -504.077426 -576.815417 -678.730485 -853.003344 -1030.620257 -740.151231 -778.391430 -804.895155 -820.943236 -828.454567 -828.689793 -815.325658 -726.633691 -601.245353 -530.418254 -493.477594 -485.324842 -484.937021 -485.556929 -486.302763 -487.144163 -488.092682 -489.146205 -490.286070 -491.470155 -492.679201 -493.904149 -495.125150 -496.312288 -497.457906 -498.550295 -499.571776 -500.521466 -501.389566 -502.175552 -502.878284 -503.499482 -504.042159 -504.511126 -504.911254 -505.249222 -505.530939 -505.763140 -505.952245 -506.104229 -506.224912 -506.319819 -506.394606 -506.457054 -506.523828 -506.644182 -506.986082 -508.164966 -512.549294 -529.945367 -9999.0 -9999.0
-9999.0 -9999.0 2110.218976 2011.861240 1915.174619 1820.208992 1727.022318 1635.672870 1546.216420 1458.714831 1373.233315 1289.827497 1208.547193 1129.441295 1052.518543 977.783723 905.181585 834.685320 766.231810 699.726436 635.168679 572.488434 511.598375 452.409985 394.912305 339.052517 284.758245 231.967675 180.620952 130.655414 82.017428 34.652361 -11.483527 -56.431507 -100.218428 -142.580159 -183.024141 -221.050693 -256.138860 -287.990395 -316.906463 -344.253143 -372.866764 -362.115454 -373.758403 -401.565307 -443.868344 -504.077426 -576.815417 -678.730485 -853.003344 -1030.620257 -740.151231 -778.391430 -804.895155 -820.943236 -828.454567 -828.689793 -815.325658 -726.633691 -601.245353 -530.418254 -493.477594 -485.324842 -484.937021 -485.556929 -486.302763 -487.144163 -488.092682 -489.146205 -490.286070 -491.470155 -492.679201 -493.904149 -495.125150 -496.312288 -497.457906 -498.550295 -499.571776 -500.521466 -501.389566 -502.175552 -502.878284 -503.499482 -504.042159 -504.511126 -504.911254 -505.249222 -505.530939 -505.763140 -505.952245 -506.104229 -506.224912 -506.319819 -506.394606 -506.457054 -506.523828 -506.644182 -506.986082 -508.164966 -512.549294 -529.945367 -9999.0 -9999.0
-9999.0 -9999.0 2110.218976 2011.861240 1915.174619 1820.208992 1727.022318 1635.672871 1546.216420 1458.714832 1373.233315 1289.827498 1208.547194 1129.441295 1052.518543 977.783723 905.181585 834.685320 766.231810 699.726436 635.168679 572.488434 511.598375 452.409985 394.912305 339.052517 284.758245 231.967675 180.620952 130.655414 82.017428 34.652361 -11.483526 -56.431507 -100.218428 -142.580159 -183.024141 -221.050693 -256.138860 -287.990395 -316.906463 -344.253143 -372.866764 -362.115454 -373.758403 -401.565307 -443.868344 -504.077426 -576.815417 -678.730485 -853.003344 -1030.620257 -740.151231 -778.391430 -804.895155 -820.943236 -828.454567 -828.689793 -815.325658 -726.633691 -601.245353 -530.418254 -493.477594 -485.324842 -484.937021 -485.556929 -486.302763 -487.144163 -488.092682 -489.146205 -490.286070 -491.470155 -492.679201 -493.904148 -495.125150 -496.312288 -497.457906 -498.550295 -499.571776 -500.521466 -501.389566 -502.175552 -502.878284 -503.499482 -504.042159 -504.511126 -504.911254 -505.249222 -505.530939 -505.763140 -505.952245 -506.104229 -506.224912 -506.319819 -506.394606 -506.457053 -506.523828 -506.644182 -506.986082 -508.164966 -512.549294 -529.945367 -9999.0 -9999.0
-9999.0 -9999.0 2110.218977 2011.861241 1915.174620 1820.208993 1727.022318 1635.672871 1546.216420 1458.714832 1373.233315 1289.827498 1208.547194 1129.441296 1052.518543 977.783724 905.181585 834.685320 766.231810 699.726436 635.168679 572.488434 511.598375 452.409985 394.912305 339.052517 284.758246 231.967675 180.620952 130.655414 82.017428 34.652362 -11.483526 -56.431507 -100.218428 -142.580159 -183.024141 -221.050693 -256.138860 -287.990395 -316.906463 -344.253143 -372.866764 -362.115454 -373.758403 -401.565307 -443.868344 -504.077426 -576.815417 -678.730485 -853.003344 -1030.620257 -740.151231 -778.391430 -804.895155 -820.943236 -828.454567 -828.689793 -815.325658 -726.633691 -601.245353 -530.418254 -493.477594 -485.324842 -484.937021 -485.556929 -486.302763 -487.144163 -488.092682 -489.146205 -490.286070 -491.470155 -492.679201 -493.904148 -495.125150 -496.312288 -497.457906 -498.550295 -499.571776 -500.521466 -501.389566 -502.175552 -502.878284 -503.499482 -504.042159 -504.511126 -504.911253 -505.249222 -505.530939 -505.763140 -505.952245 -506.104229 -506.224911 -506.319819 -506.394606 -506.457053 -506.523828 -506.644182 -506.986082 -508.164966 -512.549294 -529.945367 -9999.0 -9999.0
-9999.0 -9999.0 -9999.0 -9999.0 -9999.0 -9999.0 -9999.0 -9999.0 -9999.0 -9999.0 -9999.0 -9999.0 -9999.0 -9999.0 -9999.0 -9999.0 -9999.0 -9999.0 -9999.0 -9999.0 -9999.0 -9999.0 -9999.0 -9999.0 -9999.0 -9999.0 -9999.0 -9999.0 -9999.0 -9999.0 -9999.0 -9999.0 -9999.0 -9999.0 -9999.0 -9999.0 -9999.0 -9999.0 -9999.0 -9999.0 -9999.0 -9999.0 -9999.0 -9999.0 -9999.0 -9999.0 -9999.0 -9999.0 -9999.0 -9999.0 -9999.0 -9999.0 -9999.0 -9999.0 -9999.0 -9999.0 -9999.0 -9999.0 -9999.0 -9999.0 -9999.0 -9999.0 -9999.0 -9999.0 -9999.0 -9999.0 -9999.0 -9999.0 -9999.0 -9999.0 -9999.0 -9999.0 -9999.0 -9999.0 -9999.0 -9999.0 -9999.0 -9999.0 -9999.0 -9999.0 -9999.0 -9999.0 -9999.0 -9999.0 -9999.0 -9999.0 -9999.0 -9999.0 -9999.0 -9999.0 -9999.0 -9999.0 -9999.0 -9999.0 -9999.0 -9999.0 -9999.0 -9999.0 -9999.0 -9999.0 -9999.0 -9999.0 -9999.0 -9999.0
-9999.0 -9999.0 -9999.0 -9999.0 -9999.0 -9999.0 -9999.0 -9999.0 -9999.0 -9999.0 -9999.0 -9999.0 -9999.0 -9999.0 -9999.0 -9999.0 -9999.0 -9999.0 -9999.0 -9999.0 -9999.0 -9999.0 -9999.0 -9999.0 -9999.0 -9999.0 -9999.0 -9999.0 -9999.0 -9999.0 -9999.0 -9999.0 -9999.0 -9999.0 -9999.0 -9999.0 -9999.0 -9999.0 -9999.0 -9999.0 -9999.0 -9999.0 -9999.0 -9999.0 -9999.0 -9999.0 -9999.0 -9999.0 -9999.0 -9999.0 -9999.0 -9999.0 -9999.0 -9999.0 -9999.0 -9999.0 -9999.0 -9999.0 -9999.0 -9999.0 -9999.0 -9999.0 -9999.0 -9999.0 -9999.0 -9999.0 -9999.0 -9999.0 -9999.0 -9999.0 -9999.0 -9999.0 -9999.0 -9999.0 -9999.0 -9999.0 -9999.0 -9999.0 -9999.0 -9999.0 -9999.0 -9999.0 -9999.0 -9999.0 -9999.0 -9999.0 -9999.0 -9999.0 -9999.0 -9999.0 -9999.0 -9999.0 -9999.0 -9999.0 -9999.0 -9999.0 -9999.0 -9999.0 -9999.0 -9999.0 -9999.0 -9999.0 -9999.0 -9999.0