examples/3D/hillslope02_superslab/output-maps-SE27XX/psiliqL0028N0001.asc
ncols         104
nrows         10
xllcorner     -2.000000
yllcorner     0.000000
cellsize      1.000000
NODATA_value  -9999.0
-9999.0 -9999.0 -9999.0 -9999.0 -9999.0 -9999.0 -9999.0 -9999.0 -9999.0 -9999.0 -9999.0 -9999.0 -9999.0 -9999.0 -9999.0 -9999.0 -9999.0 -9999.0 -9999.0 -9999.0 -9999.0 -9999.0 -9999.0 -9999.0 -9999.0 -9999.0 -9999.0 -9999.0 -9999.0 -9999.0 -9999.0 -9999.0 -9999.0 -9999.0 -9999.0 -9999.0 -9999.0 -9999.0 -9999.0 -9999.0 -9999.0 -9999.0 -9999.0 -9999.0 -9999.0 -9999.0 -9999.0 -9999.0 -9999.0 -9999.0 -9999.0 -9999.0 -9999.0 -9999.0 -9999.0 -9999.0 -9999.0 -9999.0 -9999.0 -9999.0 -9999.0 -9999.0 -9999.0 -9999.0 -9999.0 -9999.0 -9999.0 -9999.0 -9999.0 -9999.0 -9999.0 -9999.0 -9999.0 -9999.0 -9999.0 -9999.0 -9999.0 -9999.0 -9999.0 -9999.0 -9999.0 -9999.0 -9999.0 -9999.0 -9999.0 -9999.0 -9999.0 -9999.0 -9999.0 -9999.0 -9999.0 -9999.0 -9999.0 -9999.0 -9999.0 -9999.0 -9999.0 -9999.0 -9999.0 -9999.0 -9999.0 -9999.0 -9999.0 -9999.0
-9999.0 -9999.0 -9999.0 -9999.0 -9999.0 -9999.0 -9999.0 -9999.0 -9999.0 -9999.0 -9999.0 -9999.0 -9999.0 -9999.0 -9999.0 -9999.0 -9999.0 -9999.0 -9999.0 -9999.0 -9999.0 -9999.0 -9999.0 -9999.0 -9999.0 -9999.0 -9999.0 -9999.0 -9999.0 -9999.0 -9999.0 -9999.0 -9999.0 -9999.0 -9999.0 -9999.0 -9999.0 -9999.0 -9999.0 -9999.0 -9999.0 -9999.0 -9999.0 -9999.0 -9999.0 -9999.0 -9999.0 -9999.0 -9999.0 -9999.0 -9999.0 -9999.0 -9999.0 -9999.0 -9999.0 -9999.0 -9999.0 -9999.0 -9999.0 -9999.0 -9999.0 -9999.0 -9999.0 -9999.0 -9999.0 -9999.0 -9999.0 -9999.0 -9999.0 -9999.0 -9999.0 -9999.0 -9999.0 -9999.0 -9999.0 -9999.0 -9999.0 -9999.0 -9999.0 -9999.0 -9999.0 -9999.0 -9999.0 -9999.0 -9999.0 -9999.0 -9999.0 -9999.0 -9999.0 -9999.0 -9999.0 -9999.0 -9999.0 -9999.0 -9999.0 -9999.0 -9999.0 -9999.0 -9999.0 -9999.0 -9999.0 -9999.0 -9999.0 -9999.0
-9999.0 -9999.0 -319.294887 -346.716512 -353.527738 -355.062355 -354.711229 -352.033298 -344.156350 -332.482284 -357.003847 -368.241537 -377.508603 -391.934579 -405.605124 -398.810557 -394.904780 -393.628044 -393.614047 -394.192392 -394.962830 -395.736145 -396.437681 -396.994694 -304.718863 -241.852986 -195.167761 -138.550568 -20.124459 -14.285755 -27.616023 -51.862007 -85.142213 -127.012379 -174.076785 -217.193840 -247.925906 -264.954872 -272.225299 -272.299970 -262.493925 -249.212547 -600.629956 -1581.228122 -3537.824577 -3589.082358 -3589.108900 -3589.108911 -3589.108911 -3589.108911 -3589.108911 -3589.108911 -3589.108911 -3589.108911 -3589.108911 -3589.108911 -3589.108911 -3589.108909 -3589.103344 -3574.899409 -1869.951417 -641.547777 -298.985392 -338.339147 -351.335941 -354.764150 -355.652551 -355.882212 -355.941758 -355.957247 -355.961291 -355.962354 -355.962637 -355.962715 -355.962737 -355.962744 -355.962747 -355.962748 -355.962749 -355.962749 -355.962750 -355.962750 -355.962750 -355.962751 -355.962752 -355.962753 -355.962756 -355.962760 -355.962767 -355.962785 -355.962831 -355.962975 -355.963462 -355.965195 -355.971512 -355.994769 -356.080521 -356.394353 -357.519779 -361.407675 -374.241437 -416.279378 -9999.0 -9999.0
-9999.0 -9999.0 -319.294887 -346.716512 -353.527738 -355.062355 -354.711229 -352.033298 -344.156350 -332.482284 -357.003848 -368.241538 -377.508603 -391.934580 -405.605124 -398.810557 -394.904780 -393.628044 -393.614047 -394.192392 -394.962830 -395.736146 -396.437681 -396.994695 -304.718864 -241.852986 -195.167762 -138.550568 -20.124460 -14.285755 -27.616023 -51.862007 -85.142213 -127.012379 -174.076785 -217.193840 -247.925906 -264.954872 -272.225299 -272.299970 -262.493925 -249.212547 -600.629956 -1581.228122 -3537.824577 -3589.082358 -3589.108900 -3589.108911 -3589.108911 -3589.108911 -3589.108911 -3589.108911 -3589.108911 -3589.108911 -3589.108911 -3589.108911 -3589.108911 -3589.108909 -3589.103344 -3574.899409 -1869.951417 -641.547777 -298.985392 -338.339147 -351.335941 -354.764150 -355.652551 -355.882212 -355.941758 -355.957247 -355.961291 -355.962354 -355.962637 -355.962715 -355.962737 -355.962744 -355.962747 -355.962748 -355.962749 -355.962749 -355.962750 -355.962750 -355.962750 -355.962751 -355.962752 -355.962753 -355.962756 -355.962760 -355.962767 -355.962785 -355.962831 -355.962975 -355.963462 -355.965195 -355.971512 -355.994769 -356.080521 -356.394353 -357.519779 -361.407675 -374.241437 -416.279378 -9999.0 -9999.0
-9999.0 -9999.0 -319.294887 -346.716512 -353.527738 -355.062355 -354.711229 -352.033298 -344.156350 -332.482284 -357.003848 -368.241538 -377.508604 -391.934580 -405.605124 -398.810557 -394.904780 -393.628044 -393.614047 -394.192392 -394.962830 -395.736146 -396.437681 -396.994695 -304.718864 -241.852987 -195.167762 -138.550569 -20.124460 -14.285755 -27.616023 -51.862007 -85.142213 -127.012379 -174.076785 -217.193840 -247.925906 -264.954872 -272.225299 -272.299970 -262.493925 -249.212547 -600.629956 -1581.228122 -3537.824577 -3589.082358 -3589.108900 -3589.108911 -3589.108911 -3589.108911 -3589.108911 -3589.108911 -3589.108911 -3589.108911 -3589.108911 -3589.108911 -3589.108911 -3589.108909 -3589.103344 -3574.899409 -1869.951417 -641.547777 -298.985392 -338.339147 -351.335941 -354.764150 -355.652551 -355.882212 -355.941758 -355.957247 -355.961291 -355.962354 -355.962637 -355.962715 -355.962737 -355.962744 -355.962747 -355.962748 -355.962749 -355.962749 -355.962750 -355.962750 -355.962750 -355.962751 -355.962752 -355.962753 -355.962756 -355.962760 -355.962767 -355.962785 -355.962831 -355.962975 -355.963462 -355.965195 -355.971512 -355.994769 -356.080521 -356.394353 -357.519779 -361.407675 -374.241437 -416.279378 -9999.0 -9999.0
-9999.0 -9999.0 -319.294887 -346.716512 -353.527738 -355.062355 -354.711229 -352.033298 -344.156350 -332.482284 -357.003848 -368.241538 -377.508604 -391.934580 -405.605124 -398.810557 -394.904780 -393.628044 -393.614047 -394.192392 -394.962830 -395.736146 -396.437681 -396.994695 -304.718864 -241.852987 -195.167762 -138.550569 -20.124460 -14.285755 -27.616023 -51.862007 -85.142213 -127.012379 -174.076785 -217.193840 -247.925906 -264.954872 -272.225299 -272.299970 -262.493925 -249.212547 -600.629956 -1581.228122 -3537.824577 -3589.082358 -3589.108900 -3589.108911 -3589.108911 -3589.108911 -3589.108911 -3589.108911 -3589.108911 -3589.108911 -3589.108911 -3589.108911 -3589.108911 -3589.108909 -3589.103344 -3574.899409 -1869.951417 -641.547777 -298.985392 -338.339147 -351.335941 -354.764150 -355.652551 -355.882212 -355.941758 -355.957247 -355.961291 -355.962354 -355.962637 -355.962715 -355.962737 -355.962744 -355.962747 -355.962748 -355.962749 -355.962749 -355.962750 -355.962750 -355.962750 -355.962751 -355.962752 -355.962753 -355.962756 -355.962760 -355.962767 -355.962785 -355.962831 -355.962975 -355.963462 -355.965195 -355.971512 -355.994769 -356.080521 -356.394353 -357.519779 -361.407675 -374.241437 -416.279378 -9999.0 -9999.0
-9999.0 -9999.0 -319.294887 -346.716512 -353.527738 -355.062355 -354.711229 -352.033298 -344.156350 -332.482284 -357.003848 -368.241538 -377.508603 -391.934580 -405.605124 -398.810557 -394.904780 -393.628044 -393.614047 -394.192392 -394.962830 -395.736146 -396.437681 -396.994695 -304.718864 -241.852986 -195.167762 -138.550568 -20.124460 -14.285755 -27.616023 -51.862007 -85.142213 -127.012379 -174.076785 -217.193840 -247.925906 -264.954872 -272.225299 -272.299970 -262.493925 -249.212547 -600.629956 -1581.228122 -3537.824577 -3589.082358 -3589.108900 -3589.108911 -3589.108911 -3589.108911 -3589.108911 -3589.108911 -3589.108911 -3589.108911 -3589.108911 -3589.108911 -3589.108911 -3589.108909 -3589.103344 -3574.899409 -1869.951417 -641.547777 -298.985392 -338.339147 -351.335941 -354.764150 -355.652551 -355.882212 -355.941758 -355.957247 -355.961291 -355.962354 -355.962637 -355.962715 -355.962737 -355.962744 -355.962747 -355.962748 -355.962749 -355.962749 -355.962750 -355.962750 -355.962750 -355.962751 -355.962752 -355.962753 -355.962756 -355.962760 -355.962767 -355.962785 -355.962831 -355.962975 -355.963462 -355.965195 -355.971512 -355.994769 -356.080521 -356.394353 -357.519779 -361.407675 -374.241437 -416.279378 -9999.0 -9999.0
-9999.0 -9999.0 -319.294887 -346.716512 -353.527738 -355.062355 -354.711229 -352.033298 -344.156350 -332.482284 -357.003847 -368.241537 -377.508603 -391.934579 -405.605124 -398.810557 -394.904780 -393.628044 -393.614047 -394.192392 -394.962830 -395.736145 -396.437681 -396.994694 -304.718863 -241.852986 -195.167761 -138.550568 -20.124459 -14.285755 -27.616023 -51.862007 -85.142213 -127.012379 -174.076785 -217.193840 -247.925906 -264.954872 -272.225299 -272.299970 -262.493925 -249.212547 -600.629956 -1581.228122 -3537.824577 -3589.082358 -3589.108900 -3589.108911 -3589.108911 -3589.108911 -3589.108911 -3589.108911 -3589.108911 -3589.108911 -3589.108911 -3589.108911 -3589.108911 -3589.108909 -3589.103344 -3574.899409 -1869.951417 -641.547777 -298.985392 -338.339147 -351.335941 -354.764150 -355.652551 -355.882212 -355.941758 -355.957247 -355.961291 -355.962354 -355.962637 -355.962715 -355.962737 -355.962744 -355.962747 -355.962748 -355.962749 -355.962749 -355.962750 -355.962750 -355.962750 -355.962751 -355.962752 -355.962753 -355.962756 -355.962760 -355.962767 -355.962785 -355.962831 -355.962975 -355.963462 -355.965195 -355.971512 -355.994769 -356.080521 -356.394353 -357.519779 -361.407675 -374.241437 -416.279378 -9999.0 -9999.0
-9999.0 -9999.0 -9999.0 -9999.0 -9999.0 -9999.0 -9999.0 -9999.0 -9999.0 -9999.0 -9999.0 -9999.0 -9999.0 -9999.0 -9999.0 -9999.0 -9999.0 -9999.0 -9999.0 -9999.0 -9999.0 -9999.0 -9999.0 -9999.0 -9999.0 -9999.0 -9999.0 -9999.0 -9999.0 -9999.0 -9999.0 -9999.0 -9999.0 -9999.0 -9999.0 -9999.0 -9999.0 -9999.0 -9999.0 -9999.0 -9999.0 -9999.0 -9999.0 -9999.0 -9999.0 -9999.0 -9999.0 -9999.0 -9999.0 -9999.0 -9999.0 -9999.0 -9999.0 -9999.0 -9999.0 -9999.0 -9999.0 -9999.0 -9999.0 -9999.0 -9999.0 -9999.0 -9999.0 -9999.0 -9999.0 -9999.0 -9999.0 -9999.0 -9999.0 -9999.0 -9999.0 -9999.0 -9999.0 -9999.0 -9999.0 -9999.0 -9999.0 -9999.0 -9999.0 -9999.0 -9999.0 -9999.0 -9999.0 -9999.0 -9999.0 -9999.0 -9999.0 -9999.0 -9999.0 -9999.0 -9999.0 -9999.0 -9999.0 -9999.0 -9999.0 -9999.0 -9999.0 -9999.0 -9999.0 -9999.0 -9999.0 -9999.0 -9999.0 -9999.0
-9999.0 -9999.0 -9999.0 -9999.0 -9999.0 -9999.0 -9999.0 -9999.0 -9999.0 -9999.0 -9999.0 -9999.0 -9999.0 -9999.0 -9999.0 -9999.0 -9999.0 -9999.0 -9999.0 -9999.0 -9999.0 -9999.0 -9999.0 -9999.0 -9999.0 -9999.0 -9999.0 -9999.0 -9999.0 -9999.0 -9999.0 -9999.0 -9999.0 -9999.0 -9999.0 -9999.0 -9999.0 -9999.0 -9999.0 -9999.0 -9999.0 -9999.0 -9999.0 -9999.0 -9999.0 -9999.0 -9999.0 -9999.0 -9999.0 -9999.0 -9999.0 -9999.0 -9999.0 -9999.0 -9999.0 -9999.0 -9999.0 -9999.0 -9999.0 -9999.0 -9999.0 -9999.0 -9999.0 -9999.0 -9999.0 -9999.0 -9999.0 -9999.0 -9999.0 -9999.0 -9999.0 -9999.0 -9999.0 -9999.0 -9999.0 -9999.0 -9999.0 -9999.0 -9999.0 -9999.0 -9999.0 -9999.0 -9999.0 -9999.0 -9999.0 -9999.0 -9999.0 -9999.0 -9999.0 -9999.0 -9999.0 -9999.0 -9999.0 -9999.0 -9999.0 -9999.0 -9999.0 -9999.0 -9999.0 -9999.0 -9999.0 -9999.0 -9999.0 -9999.0