examples/3D/hillslope02_superslab/output-maps-SE27XX/psiliqL0089N0002.asc
ncols         104
nrows         10
xllcorner     -2.000000
yllcorner     0.000000
cellsize      1.000000
NODATA_value  -9999.0
-9999.0 -9999.0 -9999.0 -9999.0 -9999.0 -9999.0 -9999.0 -9999.0 -9999.0 -9999.0 -9999.0 -9999.0 -9999.0 -9999.0 -9999.0 -9999.0 -9999.0 -9999.0 -9999.0 -9999.0 -9999.0 -9999.0 -9999.0 -9999.0 -9999.0 -9999.0 -9999.0 -9999.0 -9999.0 -9999.0 -9999.0 -9999.0 -9999.0 -9999.0 -9999.0 -9999.0 -9999.0 -9999.0 -9999.0 -9999.0 -9999.0 -9999.0 -9999.0 -9999.0 -9999.0 -9999.0 -9999.0 -9999.0 -9999.0 -9999.0 -9999.0 -9999.0 -9999.0 -9999.0 -9999.0 -9999.0 -9999.0 -9999.0 -9999.0 -9999.0 -9999.0 -9999.0 -9999.0 -9999.0 -9999.0 -9999.0 -9999.0 -9999.0 -9999.0 -9999.0 -9999.0 -9999.0 -9999.0 -9999.0 -9999.0 -9999.0 -9999.0 -9999.0 -9999.0 -9999.0 -9999.0 -9999.0 -9999.0 -9999.0 -9999.0 -9999.0 -9999.0 -9999.0 -9999.0 -9999.0 -9999.0 -9999.0 -9999.0 -9999.0 -9999.0 -9999.0 -9999.0 -9999.0 -9999.0 -9999.0 -9999.0 -9999.0 -9999.0 -9999.0
-9999.0 -9999.0 -9999.0 -9999.0 -9999.0 -9999.0 -9999.0 -9999.0 -9999.0 -9999.0 -9999.0 -9999.0 -9999.0 -9999.0 -9999.0 -9999.0 -9999.0 -9999.0 -9999.0 -9999.0 -9999.0 -9999.0 -9999.0 -9999.0 -9999.0 -9999.0 -9999.0 -9999.0 -9999.0 -9999.0 -9999.0 -9999.0 -9999.0 -9999.0 -9999.0 -9999.0 -9999.0 -9999.0 -9999.0 -9999.0 -9999.0 -9999.0 -9999.0 -9999.0 -9999.0 -9999.0 -9999.0 -9999.0 -9999.0 -9999.0 -9999.0 -9999.0 -9999.0 -9999.0 -9999.0 -9999.0 -9999.0 -9999.0 -9999.0 -9999.0 -9999.0 -9999.0 -9999.0 -9999.0 -9999.0 -9999.0 -9999.0 -9999.0 -9999.0 -9999.0 -9999.0 -9999.0 -9999.0 -9999.0 -9999.0 -9999.0 -9999.0 -9999.0 -9999.0 -9999.0 -9999.0 -9999.0 -9999.0 -9999.0 -9999.0 -9999.0 -9999.0 -9999.0 -9999.0 -9999.0 -9999.0 -9999.0 -9999.0 -9999.0 -9999.0 -9999.0 -9999.0 -9999.0 -9999.0 -9999.0 -9999.0 -9999.0 -9999.0 -9999.0
-9999.0 -9999.0 1060.119050 959.202661 858.691720 759.338728 661.576396 565.562665 471.067972 377.421020 284.698427 196.957993 118.299693 53.676802 9.308255 -7.619869 -2.525668 16.366551 43.731598 74.859691 106.638837 137.915498 166.932649 193.195168 216.164872 235.725160 251.187357 263.014292 271.010305 275.052704 275.071788 270.999243 262.720780 250.024148 233.299182 212.162363 186.718102 156.773543 122.682868 84.313371 41.688193 -5.007637 -55.206146 -107.944726 -161.553089 -213.441200 -260.688405 -302.705145 -360.527528 -448.038033 -459.577795 -451.903288 -432.645847 -408.173531 -379.132407 -347.712878 -313.796547 -278.436879 -242.436625 -205.223908 -166.890763 -129.495251 -98.773592 -80.462633 -69.019964 -61.773810 -57.510091 -55.478817 -55.143307 -56.102022 -58.053836 -60.777388 -64.115329 -67.963608 -72.261682 -76.985101 -82.140701 -87.762251 -93.930690 -100.416700 -107.383415 -114.935654 -123.196187 -132.305744 -142.401040 -153.123969 -164.783642 -177.631917 -191.547276 -206.244711 -222.093233 -238.454159 -255.351590 -272.114105 -288.602208 -303.939040 -317.825215 -330.292202 -342.485562 -360.086828 -434.422164 -747.462632 -9999.0 -9999.0
-9999.0 -9999.0 1060.119048 959.202658 858.691718 759.338726 661.576394 565.562664 471.067972 377.421019 284.698427 196.957993 118.299692 53.676802 9.308255 -7.619870 -2.525668 16.366551 43.731598 74.859691 106.638837 137.915498 166.932649 193.195168 216.164872 235.725160 251.187357 263.014292 271.010305 275.052704 275.071788 270.999243 262.720779 250.024148 233.299182 212.162363 186.718102 156.773543 122.682868 84.313371 41.688193 -5.007637 -55.206146 -107.944726 -161.553089 -213.441200 -260.688405 -302.705145 -360.527528 -448.038033 -459.577795 -451.903288 -432.645847 -408.173531 -379.132407 -347.712878 -313.796547 -278.436879 -242.436625 -205.223908 -166.890763 -129.495251 -98.773592 -80.462633 -69.019964 -61.773810 -57.510091 -55.478817 -55.143307 -56.102022 -58.053836 -60.777388 -64.115329 -67.963608 -72.261682 -76.985101 -82.140701 -87.762251 -93.930690 -100.416700 -107.383415 -114.935654 -123.196187 -132.305744 -142.401040 -153.123969 -164.783643 -177.631917 -191.547276 -206.244711 -222.093234 -238.454159 -255.351590 -272.114106 -288.602209 -303.939040 -317.825216 -330.292203 -342.485563 -360.086829 -434.422167 -747.462633 -9999.0 -9999.0
-9999.0 -9999.0 1060.119047 959.202657 858.691716 759.338725 661.576393 565.562663 471.067971 377.421019 284.698427 196.957992 118.299692 53.676802 9.308255 -7.619870 -2.525668 16.366551 43.731598 74.859691 106.638837 137.915498 166.932649 193.195168 216.164872 235.725160 251.187357 263.014292 271.010305 275.052704 275.071788 270.999243 262.720779 250.024148 233.299182 212.162363 186.718102 156.773543 122.682868 84.313371 41.688193 -5.007637 -55.206146 -107.944726 -161.553089 -213.441200 -260.688405 -302.705145 -360.527528 -448.038033 -459.577795 -451.903288 -432.645847 -408.173531 -379.132407 -347.712878 -313.796547 -278.436879 -242.436625 -205.223908 -166.890763 -129.495251 -98.773592 -80.462633 -69.019964 -61.773810 -57.510091 -55.478818 -55.143307 -56.102022 -58.053837 -60.777388 -64.115329 -67.963609 -72.261682 -76.985101 -82.140701 -87.762251 -93.930690 -100.416700 -107.383415 -114.935654 -123.196187 -132.305744 -142.401040 -153.123969 -164.783643 -177.631917 -191.547276 -206.244711 -222.093234 -238.454159 -255.351590 -272.114106 -288.602209 -303.939040 -317.825216 -330.292203 -342.485563 -360.086829 -434.422167 -747.462634 -9999.0 -9999.0
-9999.0 -9999.0 1060.119047 959.202657 858.691716 759.338725 661.576393 565.562663 471.067971 377.421019 284.698427 196.957992 118.299692 53.676802 9.308255 -7.619870 -2.525668 16.366551 43.731598 74.859691 106.638837 137.915498 166.932649 193.195168 216.164872 235.725160 251.187357 263.014292 271.010305 275.052704 275.071788 270.999243 262.720779 250.024148 233.299182 212.162363 186.718102 156.773543 122.682868 84.313371 41.688193 -5.007637 -55.206146 -107.944726 -161.553089 -213.441200 -260.688405 -302.705145 -360.527528 -448.038033 -459.577795 -451.903288 -432.645847 -408.173531 -379.132407 -347.712878 -313.796547 -278.436879 -242.436625 -205.223908 -166.890763 -129.495251 -98.773592 -80.462633 -69.019964 -61.773810 -57.510091 -55.478818 -55.143307 -56.102022 -58.053837 -60.777388 -64.115329 -67.963609 -72.261682 -76.985101 -82.140701 -87.762251 -93.930690 -100.416700 -107.383415 -114.935654 -123.196187 -132.305744 -142.401040 -153.123969 -164.783643 -177.631917 -191.547276 -206.244711 -222.093234 -238.454159 -255.351590 -272.114106 -288.602209 -303.939040 -317.825216 -330.292203 -342.485563 -360.086829 -434.422167 -747.462634 -9999.0 -9999.0
-9999.0 -9999.0 1060.119048 959.202658 858.691718 759.338726 661.576394 565.562664 471.067971 377.421019 284.698427 196.957993 118.299692 53.676802 9.308255 -7.619870 -2.525668 16.366551 43.731598 74.859691 106.638837 137.915498 166.932649 193.195168 216.164872 235.725160 251.187357 263.014292 271.010305 275.052704 275.071788 270.999243 262.720779 250.024148 233.299182 212.162363 186.718102 156.773543 122.682868 84.313371 41.688193 -5.007637 -55.206146 -107.944726 -161.553089 -213.441200 -260.688405 -302.705145 -360.527528 -448.038033 -459.577795 -451.903288 -432.645847 -408.173531 -379.132407 -347.712878 -313.796547 -278.436879 -242.436625 -205.223908 -166.890763 -129.495251 -98.773592 -80.462633 -69.019964 -61.773810 -57.510091 -55.478817 -55.143307 -56.102022 -58.053836 -60.777388 -64.115329 -67.963608 -72.261682 -76.985101 -82.140701 -87.762251 -93.930690 -100.416700 -107.383415 -114.935654 -123.196187 -132.305744 -142.401040 -153.123969 -164.783643 -177.631917 -191.547276 -206.244711 -222.093234 -238.454159 -255.351590 -272.114106 -288.602209 -303.939040 -317.825216 -330.292203 -342.485563 -360.086829 -434.422167 -747.462633 -9999.0 -9999.0
-9999.0 -9999.0 1060.119050 959.202661 858.691720 759.338728 661.576396 565.562665 471.067972 377.421020 284.698427 196.957993 118.299693 53.676802 9.308255 -7.619869 -2.525668 16.366551 43.731598 74.859691 106.638837 137.915498 166.932649 193.195168 216.164872 235.725160 251.187357 263.014292 271.010305 275.052704 275.071788 270.999243 262.720780 250.024148 233.299182 212.162363 186.718102 156.773543 122.682868 84.313371 41.688193 -5.007637 -55.206146 -107.944726 -161.553089 -213.441200 -260.688405 -302.705145 -360.527528 -448.038033 -459.577795 -451.903288 -432.645847 -408.173531 -379.132407 -347.712878 -313.796547 -278.436879 -242.436625 -205.223908 -166.890763 -129.495251 -98.773592 -80.462633 -69.019964 -61.773810 -57.510091 -55.478817 -55.143307 -56.102022 -58.053836 -60.777388 -64.115329 -67.963608 -72.261682 -76.985101 -82.140701 -87.762251 -93.930690 -100.416700 -107.383415 -114.935654 -123.196187 -132.305744 -142.401040 -153.123969 -164.783642 -177.631917 -191.547276 -206.244711 -222.093233 -238.454159 -255.351590 -272.114105 -288.602208 -303.939040 -317.825215 -330.292202 -342.485562 -360.086828 -434.422164 -747.462632 -9999.0 -9999.0
-9999.0 -9999.0 -9999.0 -9999.0 -9999.0 -9999.0 -9999.0 -9999.0 -9999.0 -9999.0 -9999.0 -9999.0 -9999.0 -9999.0 -9999.0 -9999.0 -9999.0 -9999.0 -9999.0 -9999.0 -9999.0 -9999.0 -9999.0 -9999.0 -9999.0 -9999.0 -9999.0 -9999.0 -9999.0 -9999.0 -9999.0 -9999.0 -9999.0 -9999.0 -9999.0 -9999.0 -9999.0 -9999.0 -9999.0 -9999.0 -9999.0 -9999.0 -9999.0 -9999.0 -9999.0 -9999.0 -9999.0 -9999.0 -9999.0 -9999.0 -9999.0 -9999.0 -9999.0 -9999.0 -9999.0 -9999.0 -9999.0 -9999.0 -9999.0 -9999.0 -9999.0 -9999.0 -9999.0 -9999.0 -9999.0 -9999.0 -9999.0 -9999.0 -9999.0 -9999.0 -9999.0 -9999.0 -9999.0 -9999.0 -9999.0 -9999.0 -9999.0 -9999.0 -9999.0 -9999.0 -9999.0 -9999.0 -9999.0 -9999.0 -9999.0 -9999.0 -9999.0 -9999.0 -9999.0 -9999.0 -9999.0 -9999.0 -9999.0 -9999.0 -9999.0 -9999.0 -9999.0 -9999.0 -9999.0 -9999.0 -9999.0 -9999.0 -9999.0 -9999.0
-9999.0 -9999.0 -9999.0 -9999.0 -9999.0 -9999.0 -9999.0 -9999.0 -9999.0 -9999.0 -9999.0 -9999.0 -9999.0 -9999.0 -9999.0 -9999.0 -9999.0 -9999.0 -9999.0 -9999.0 -9999.0 -9999.0 -9999.0 -9999.0 -9999.0 -9999.0 -9999.0 -9999.0 -9999.0 -9999.0 -9999.0 -9999.0 -9999.0 -9999.0 -9999.0 -9999.0 -9999.0 -9999.0 -9999.0 -9999.0 -9999.0 -9999.0 -9999.0 -9999.0 -9999.0 -9999.0 -9999.0 -9999.0 -9999.0 -9999.0 -9999.0 -9999.0 -9999.0 -9999.0 -9999.0 -9999.0 -9999.0 -9999.0 -9999.0 -9999.0 -9999.0 -9999.0 -9999.0 -9999.0 -9999.0 -9999.0 -9999.0 -9999.0 -9999.0 -9999.0 -9999.0 -9999.0 -9999.0 -9999.0 -9999.0 -9999.0 -9999.0 -9999.0 -9999.0 -9999.0 -9999.0 -9999.0 -9999.0 -9999.0 -9999.0 -9999.0 -9999.0 -9999.0 -9999.0 -9999.0 -9999.0 -9999.0 -9999.0 -9999.0 -9999.0 -9999.0 -9999.0 -9999.0 -9999.0 -9999.0 -9999.0 -9999.0 -9999.0 -9999.0