examples/3D/hillslope02_superslab/output-maps-SE27XX/psiliqL0035N0001.asc
ncols         104
nrows         10
xllcorner     -2.000000
yllcorner     0.000000
cellsize      1.000000
NODATA_value  -9999.0
-9999.0 -9999.0 -9999.0 -9999.0 -9999.0 -9999.0 -9999.0 -9999.0 -9999.0 -9999.0 -9999.0 -9999.0 -9999.0 -9999.0 -9999.0 -9999.0 -9999.0 -9999.0 -9999.0 -9999.0 -9999.0 -9999.0 -9999.0 -9999.0 -9999.0 -9999.0 -9999.0 -9999.0 -9999.0 -9999.0 -9999.0 -9999.0 -9999.0 -9999.0 -9999.0 -9999.0 -9999.0 -9999.0 -9999.0 -9999.0 -9999.0 -9999.0 -9999.0 -9999.0 -9999.0 -9999.0 -9999.0 -9999.0 -9999.0 -9999.0 -9999.0 -9999.0 -9999.0 -9999.0 -9999.0 -9999.0 -9999.0 -9999.0 -9999.0 -9999.0 -9999.0 -9999.0 -9999.0 -9999.0 -9999.0 -9999.0 -9999.0 -9999.0 -9999.0 -9999.0 -9999.0 -9999.0 -9999.0 -9999.0 -9999.0 -9999.0 -9999.0 -9999.0 -9999.0 -9999.0 -9999.0 -9999.0 -9999.0 -9999.0 -9999.0 -9999.0 -9999.0 -9999.0 -9999.0 -9999.0 -9999.0 -9999.0 -9999.0 -9999.0 -9999.0 -9999.0 -9999.0 -9999.0 -9999.0 -9999.0 -9999.0 -9999.0 -9999.0 -9999.0
-9999.0 -9999.0 -9999.0 -9999.0 -9999.0 -9999.0 -9999.0 -9999.0 -9999.0 -9999.0 -9999.0 -9999.0 -9999.0 -9999.0 -9999.0 -9999.0 -9999.0 -9999.0 -9999.0 -9999.0 -9999.0 -9999.0 -9999.0 -9999.0 -9999.0 -9999.0 -9999.0 -9999.0 -9999.0 -9999.0 -9999.0 -9999.0 -9999.0 -9999.0 -9999.0 -9999.0 -9999.0 -9999.0 -9999.0 -9999.0 -9999.0 -9999.0 -9999.0 -9999.0 -9999.0 -9999.0 -9999.0 -9999.0 -9999.0 -9999.0 -9999.0 -9999.0 -9999.0 -9999.0 -9999.0 -9999.0 -9999.0 -9999.0 -9999.0 -9999.0 -9999.0 -9999.0 -9999.0 -9999.0 -9999.0 -9999.0 -9999.0 -9999.0 -9999.0 -9999.0 -9999.0 -9999.0 -9999.0 -9999.0 -9999.0 -9999.0 -9999.0 -9999.0 -9999.0 -9999.0 -9999.0 -9999.0 -9999.0 -9999.0 -9999.0 -9999.0 -9999.0 -9999.0 -9999.0 -9999.0 -9999.0 -9999.0 -9999.0 -9999.0 -9999.0 -9999.0 -9999.0 -9999.0 -9999.0 -9999.0 -9999.0 -9999.0 -9999.0 -9999.0
-9999.0 -9999.0 -317.757448 -346.381977 -353.806477 -355.599955 -355.132482 -352.002698 -343.981751 -334.542772 -359.946790 -382.661891 -428.168651 -556.685865 -835.412923 -731.666414 -671.507714 -646.963523 -632.978581 -618.224496 -598.572695 -574.772105 -549.480602 -525.216289 -503.194284 -483.790665 -466.857660 -421.021538 -285.324152 -95.329843 93.732208 294.026976 258.929553 212.110609 152.027452 78.497718 -8.396894 -105.048785 -193.218215 -245.089118 -256.287123 -255.027025 -498.839011 -1118.841652 -3082.603753 -3242.478761 -3242.574214 -3242.574257 -3242.574257 -3242.574257 -3242.574257 -3242.574257 -3242.574257 -3242.574257 -3242.574257 -3242.574257 -3242.574257 -3242.574253 -3242.561709 -3209.913892 -1396.251320 -529.107373 -307.352264 -338.161302 -351.364700 -355.238644 -356.315401 -356.594579 -356.668003 -356.687752 -356.693216 -356.694799 -356.695293 -356.695467 -356.695537 -356.695571 -356.695588 -356.695599 -356.695606 -356.695610 -356.695614 -356.695619 -356.695623 -356.695630 -356.695640 -356.695655 -356.695678 -356.695716 -356.695777 -356.695884 -356.696088 -356.696529 -356.697640 -356.700865 -356.711235 -356.746682 -356.871683 -357.318166 -358.921852 -364.776887 -387.965989 -498.969702 -9999.0 -9999.0
-9999.0 -9999.0 -317.757448 -346.381977 -353.806477 -355.599955 -355.132482 -352.002698 -343.981751 -334.542773 -359.946790 -382.661892 -428.168654 -556.685869 -835.412932 -731.666413 -671.507714 -646.963526 -632.978584 -618.224500 -598.572699 -574.772109 -549.480605 -525.216292 -503.194286 -483.790667 -466.857662 -421.021539 -285.324153 -95.329844 93.732208 294.026976 258.929553 212.110609 152.027452 78.497718 -8.396894 -105.048785 -193.218215 -245.089118 -256.287123 -255.027025 -498.839011 -1118.841652 -3082.603753 -3242.478761 -3242.574214 -3242.574257 -3242.574257 -3242.574257 -3242.574257 -3242.574257 -3242.574257 -3242.574257 -3242.574257 -3242.574257 -3242.574257 -3242.574253 -3242.561709 -3209.913892 -1396.251320 -529.107373 -307.352264 -338.161302 -351.364700 -355.238644 -356.315401 -356.594579 -356.668003 -356.687752 -356.693216 -356.694799 -356.695293 -356.695467 -356.695537 -356.695571 -356.695588 -356.695599 -356.695606 -356.695610 -356.695614 -356.695619 -356.695623 -356.695630 -356.695640 -356.695655 -356.695678 -356.695716 -356.695777 -356.695884 -356.696088 -356.696529 -356.697640 -356.700865 -356.711235 -356.746682 -356.871683 -357.318166 -358.921852 -364.776887 -387.965989 -498.969704 -9999.0 -9999.0
-9999.0 -9999.0 -317.757448 -346.381977 -353.806477 -355.599955 -355.132482 -352.002698 -343.981751 -334.542773 -359.946791 -382.661893 -428.168655 -556.685872 -835.412935 -731.666412 -671.507715 -646.963527 -632.978586 -618.224503 -598.572703 -574.772113 -549.480608 -525.216294 -503.194288 -483.790669 -466.857663 -421.021541 -285.324155 -95.329844 93.732208 294.026976 258.929553 212.110609 152.027452 78.497718 -8.396894 -105.048785 -193.218215 -245.089118 -256.287123 -255.027025 -498.839011 -1118.841652 -3082.603753 -3242.478761 -3242.574214 -3242.574257 -3242.574257 -3242.574257 -3242.574257 -3242.574257 -3242.574257 -3242.574257 -3242.574257 -3242.574257 -3242.574257 -3242.574253 -3242.561709 -3209.913893 -1396.251320 -529.107373 -307.352264 -338.161302 -351.364700 -355.238644 -356.315401 -356.594579 -356.668003 -356.687752 -356.693216 -356.694799 -356.695293 -356.695467 -356.695538 -356.695571 -356.695588 -356.695599 -356.695606 -356.695610 -356.695614 -356.695619 -356.695623 -356.695630 -356.695640 -356.695655 -356.695678 -356.695716 -356.695777 -356.695884 -356.696088 -356.696529 -356.697640 -356.700865 -356.711235 -356.746682 -356.871683 -357.318166 -358.921852 -364.776887 -387.965990 -498.969707 -9999.0 -9999.0
-9999.0 -9999.0 -317.757448 -346.381977 -353.806477 -355.599955 -355.132482 -352.002698 -343.981751 -334.542773 -359.946791 -382.661893 -428.168655 -556.685872 -835.412935 -731.666412 -671.507715 -646.963527 -632.978586 -618.224503 -598.572703 -574.772113 -549.480608 -525.216294 -503.194288 -483.790669 -466.857663 -421.021541 -285.324155 -95.329844 93.732208 294.026976 258.929553 212.110609 152.027452 78.497718 -8.396894 -105.048785 -193.218215 -245.089118 -256.287123 -255.027025 -498.839011 -1118.841652 -3082.603753 -3242.478761 -3242.574214 -3242.574257 -3242.574257 -3242.574257 -3242.574257 -3242.574257 -3242.574257 -3242.574257 -3242.574257 -3242.574257 -3242.574257 -3242.574253 -3242.561709 -3209.913893 -1396.251320 -529.107373 -307.352264 -338.161302 -351.364700 -355.238644 -356.315401 -356.594579 -356.668003 -356.687752 -356.693216 -356.694799 -356.695293 -356.695467 -356.695538 -356.695571 -356.695588 -356.695599 -356.695606 -356.695610 -356.695614 -356.695619 -356.695623 -356.695630 -356.695640 -356.695655 -356.695678 -356.695716 -356.695777 -356.695884 -356.696088 -356.696529 -356.697640 -356.700865 -356.711235 -356.746682 -356.871683 -357.318166 -358.921852 -364.776887 -387.965990 -498.969707 -9999.0 -9999.0
-9999.0 -9999.0 -317.757448 -346.381977 -353.806477 -355.599955 -355.132482 -352.002698 -343.981751 -334.542773 -359.946790 -382.661892 -428.168654 -556.685869 -835.412932 -731.666413 -671.507714 -646.963526 -632.978584 -618.224500 -598.572699 -574.772109 -549.480605 -525.216292 -503.194286 -483.790667 -466.857662 -421.021539 -285.324153 -95.329844 93.732208 294.026976 258.929553 212.110609 152.027452 78.497718 -8.396894 -105.048785 -193.218215 -245.089118 -256.287123 -255.027025 -498.839011 -1118.841652 -3082.603753 -3242.478761 -3242.574214 -3242.574257 -3242.574257 -3242.574257 -3242.574257 -3242.574257 -3242.574257 -3242.574257 -3242.574257 -3242.574257 -3242.574257 -3242.574253 -3242.561709 -3209.913892 -1396.251320 -529.107373 -307.352264 -338.161302 -351.364700 -355.238644 -356.315401 -356.594579 -356.668003 -356.687752 -356.693216 -356.694799 -356.695293 -356.695467 -356.695537 -356.695571 -356.695588 -356.695599 -356.695606 -356.695610 -356.695614 -356.695619 -356.695623 -356.695630 -356.695640 -356.695655 -356.695678 -356.695716 -356.695777 -356.695884 -356.696088 -356.696529 -356.697640 -356.700865 -356.711235 -356.746682 -356.871683 -357.318166 -358.921852 -364.776887 -387.965989 -498.969704 -9999.0 -9999.0
-9999.0 -9999.0 -317.757448 -346.381977 -353.806477 -355.599955 -355.132482 -352.002698 -343.981751 -334.542772 -359.946790 -382.661891 -428.168651 -556.685865 -835.412923 -731.666414 -671.507714 -646.963523 -632.978581 -618.224496 -598.572695 -574.772105 -549.480602 -525.216289 -503.194284 -483.790665 -466.857660 -421.021538 -285.324152 -95.329843 93.732208 294.026976 258.929553 212.110609 152.027452 78.497718 -8.396894 -105.048785 -193.218215 -245.089118 -256.287123 -255.027025 -498.839011 -1118.841652 -3082.603753 -3242.478761 -3242.574214 -3242.574257 -3242.574257 -3242.574257 -3242.574257 -3242.574257 -3242.574257 -3242.574257 -3242.574257 -3242.574257 -3242.574257 -3242.574253 -3242.561709 -3209.913892 -1396.251320 -529.107373 -307.352264 -338.161302 -351.364700 -355.238644 -356.315401 -356.594579 -356.668003 -356.687752 -356.693216 -356.694799 -356.695293 -356.695467 -356.695537 -356.695571 -356.695588 -356.695599 -356.695606 -356.695610 -356.695614 -356.695619 -356.695623 -356.695630 -356.695640 -356.695655 -356.695678 -356.695716 -356.695777 -356.695884 -356.696088 -356.696529 -356.697640 -356.700865 -356.711235 -356.746682 -356.871683 -357.318166 -358.921852 -364.776887 -387.965989 -498.969702 -9999.0 -9999.0
-9999.0 -9999.0 -9999.0 -9999.0 -9999.0 -9999.0 -9999.0 -9999.0 -9999.0 -9999.0 -9999.0 -9999.0 -9999.0 -9999.0 -9999.0 -9999.0 -9999.0 -9999.0 -9999.0 -9999.0 -9999.0 -9999.0 -9999.0 -9999.0 -9999.0 -9999.0 -9999.0 -9999.0 -9999.0 -9999.0 -9999.0 -9999.0 -9999.0 -9999.0 -9999.0 -9999.0 -9999.0 -9999.0 -9999.0 -9999.0 -9999.0 -9999.0 -9999.0 -9999.0 -9999.0 -9999.0 -9999.0 -9999.0 -9999.0 -9999.0 -9999.0 -9999.0 -9999.0 -9999.0 -9999.0 -9999.0 -9999.0 -9999.0 -9999.0 -9999.0 -9999.0 -9999.0 -9999.0 -9999.0 -9999.0 -9999.0 -9999.0 -9999.0 -9999.0 -9999.0 -9999.0 -9999.0 -9999.0 -9999.0 -9999.0 -9999.0 -9999.0 -9999.0 -9999.0 -9999.0 -9999.0 -9999.0 -9999.0 -9999.0 -9999.0 -9999.0 -9999.0 -9999.0 -9999.0 -9999.0 -9999.0 -9999.0 -9999.0 -9999.0 -9999.0 -9999.0 -9999.0 -9999.0 -9999.0 -9999.0 -9999.0 -9999.0 -9999.0 -9999.0
-9999.0 -9999.0 -9999.0 -9999.0 -9999.0 -9999.0 -9999.0 -9999.0 -9999.0 -9999.0 -9999.0 -9999.0 -9999.0 -9999.0 -9999.0 -9999.0 -9999.0 -9999.0 -9999.0 -9999.0 -9999.0 -9999.0 -9999.0 -9999.0 -9999.0 -9999.0 -9999.0 -9999.0 -9999.0 -9999.0 -9999.0 -9999.0 -9999.0 -9999.0 -9999.0 -9999.0 -9999.0 -9999.0 -9999.0 -9999.0 -9999.0 -9999.0 -9999.0 -9999.0 -9999.0 -9999.0 -9999.0 -9999.0 -9999.0 -9999.0 -9999.0 -9999.0 -9999.0 -9999.0 -9999.0 -9999.0 -9999.0 -9999.0 -9999.0 -9999.0 -9999.0 -9999.0 -9999.0 -9999.0 -9999.0 -9999.0 -9999.0 -9999.0 -9999.0 -9999.0 -9999.0 -9999.0 -9999.0 -9999.0 -9999.0 -9999.0 -9999.0 -9999.0 -9999.0 -9999.0 -9999.0 -9999.0 -9999.0 -9999.0 -9999.0 -9999.0 -9999.0 -9999.0 -9999.0 -9999.0 -9999.0 -9999.0 -9999.0 -9999.0 -9999.0 -9999.0 -9999.0 -9999.0 -9999.0 -9999.0 -9999.0 -9999.0 -9999.0 -9999.0