examples/3D/hillslope02_superslab/output-maps-SE27XX/psiliqL0031N0001.asc
ncols         104
nrows         10
xllcorner     -2.000000
yllcorner     0.000000
cellsize      1.000000
NODATA_value  -9999.0
-9999.0 -9999.0 -9999.0 -9999.0 -9999.0 -9999.0 -9999.0 -9999.0 -9999.0 -9999.0 -9999.0 -9999.0 -9999.0 -9999.0 -9999.0 -9999.0 -9999.0 -9999.0 -9999.0 -9999.0 -9999.0 -9999.0 -9999.0 -9999.0 -9999.0 -9999.0 -9999.0 -9999.0 -9999.0 -9999.0 -9999.0 -9999.0 -9999.0 -9999.0 -9999.0 -9999.0 -9999.0 -9999.0 -9999.0 -9999.0 -9999.0 -9999.0 -9999.0 -9999.0 -9999.0 -9999.0 -9999.0 -9999.0 -9999.0 -9999.0 -9999.0 -9999.0 -9999.0 -9999.0 -9999.0 -9999.0 -9999.0 -9999.0 -9999.0 -9999.0 -9999.0 -9999.0 -9999.0 -9999.0 -9999.0 -9999.0 -9999.0 -9999.0 -9999.0 -9999.0 -9999.0 -9999.0 -9999.0 -9999.0 -9999.0 -9999.0 -9999.0 -9999.0 -9999.0 -9999.0 -9999.0 -9999.0 -9999.0 -9999.0 -9999.0 -9999.0 -9999.0 -9999.0 -9999.0 -9999.0 -9999.0 -9999.0 -9999.0 -9999.0 -9999.0 -9999.0 -9999.0 -9999.0 -9999.0 -9999.0 -9999.0 -9999.0 -9999.0 -9999.0
-9999.0 -9999.0 -9999.0 -9999.0 -9999.0 -9999.0 -9999.0 -9999.0 -9999.0 -9999.0 -9999.0 -9999.0 -9999.0 -9999.0 -9999.0 -9999.0 -9999.0 -9999.0 -9999.0 -9999.0 -9999.0 -9999.0 -9999.0 -9999.0 -9999.0 -9999.0 -9999.0 -9999.0 -9999.0 -9999.0 -9999.0 -9999.0 -9999.0 -9999.0 -9999.0 -9999.0 -9999.0 -9999.0 -9999.0 -9999.0 -9999.0 -9999.0 -9999.0 -9999.0 -9999.0 -9999.0 -9999.0 -9999.0 -9999.0 -9999.0 -9999.0 -9999.0 -9999.0 -9999.0 -9999.0 -9999.0 -9999.0 -9999.0 -9999.0 -9999.0 -9999.0 -9999.0 -9999.0 -9999.0 -9999.0 -9999.0 -9999.0 -9999.0 -9999.0 -9999.0 -9999.0 -9999.0 -9999.0 -9999.0 -9999.0 -9999.0 -9999.0 -9999.0 -9999.0 -9999.0 -9999.0 -9999.0 -9999.0 -9999.0 -9999.0 -9999.0 -9999.0 -9999.0 -9999.0 -9999.0 -9999.0 -9999.0 -9999.0 -9999.0 -9999.0 -9999.0 -9999.0 -9999.0 -9999.0 -9999.0 -9999.0 -9999.0 -9999.0 -9999.0
-9999.0 -9999.0 -318.627095 -346.546868 -353.549212 -355.140247 -354.743619 -351.914992 -344.010564 -333.314309 -357.648953 -371.159213 -386.765672 -417.179771 -454.655135 -440.197330 -431.261939 -427.818384 -426.534299 -425.718508 -424.519378 -422.735447 -420.488541 -418.002737 -415.297817 -368.511731 -302.251128 -243.631564 -69.438801 134.435557 120.970157 96.164232 61.414615 15.221367 -43.734195 -112.708671 -181.861617 -233.932888 -260.975762 -268.861785 -261.678801 -252.276247 -538.144813 -1256.802659 -3313.049941 -3440.523553 -3440.594029 -3440.594059 -3440.594059 -3440.594059 -3440.594059 -3440.594059 -3440.594059 -3440.594059 -3440.594059 -3440.594059 -3440.594059 -3440.594055 -3440.580518 -3406.489794 -1502.984483 -568.354076 -302.831737 -338.221956 -351.295548 -354.837190 -355.768354 -356.009420 -356.072112 -356.088534 -356.092877 -356.094044 -356.094368 -356.094463 -356.094495 -356.094506 -356.094512 -356.094515 -356.094517 -356.094518 -356.094519 -356.094520 -356.094521 -356.094523 -356.094525 -356.094529 -356.094535 -356.094545 -356.094563 -356.094597 -356.094674 -356.094877 -356.095497 -356.097573 -356.104892 -356.131343 -356.227779 -356.578224 -357.831995 -362.200850 -377.196306 -431.835792 -9999.0 -9999.0
-9999.0 -9999.0 -318.627095 -346.546868 -353.549212 -355.140247 -354.743619 -351.914992 -344.010564 -333.314309 -357.648954 -371.159213 -386.765673 -417.179771 -454.655136 -440.197330 -431.261939 -427.818384 -426.534300 -425.718509 -424.519379 -422.735447 -420.488542 -418.002738 -415.297817 -368.511732 -302.251129 -243.631565 -69.438801 134.435557 120.970157 96.164232 61.414615 15.221367 -43.734195 -112.708671 -181.861617 -233.932888 -260.975762 -268.861785 -261.678801 -252.276247 -538.144813 -1256.802659 -3313.049941 -3440.523553 -3440.594029 -3440.594059 -3440.594059 -3440.594059 -3440.594059 -3440.594059 -3440.594059 -3440.594059 -3440.594059 -3440.594059 -3440.594059 -3440.594055 -3440.580518 -3406.489794 -1502.984483 -568.354076 -302.831737 -338.221956 -351.295548 -354.837190 -355.768354 -356.009420 -356.072112 -356.088534 -356.092877 -356.094044 -356.094368 -356.094463 -356.094495 -356.094506 -356.094512 -356.094515 -356.094517 -356.094518 -356.094519 -356.094520 -356.094521 -356.094523 -356.094525 -356.094529 -356.094535 -356.094546 -356.094563 -356.094597 -356.094674 -356.094877 -356.095497 -356.097573 -356.104892 -356.131343 -356.227779 -356.578224 -357.831995 -362.200850 -377.196306 -431.835792 -9999.0 -9999.0
-9999.0 -9999.0 -318.627095 -346.546868 -353.549212 -355.140247 -354.743619 -351.914992 -344.010565 -333.314309 -357.648954 -371.159214 -386.765673 -417.179772 -454.655136 -440.197330 -431.261939 -427.818384 -426.534300 -425.718509 -424.519379 -422.735448 -420.488543 -418.002738 -415.297818 -368.511732 -302.251130 -243.631566 -69.438802 134.435557 120.970157 96.164232 61.414615 15.221367 -43.734195 -112.708671 -181.861617 -233.932888 -260.975762 -268.861785 -261.678801 -252.276247 -538.144813 -1256.802659 -3313.049941 -3440.523553 -3440.594029 -3440.594059 -3440.594059 -3440.594059 -3440.594059 -3440.594059 -3440.594059 -3440.594059 -3440.594059 -3440.594059 -3440.594059 -3440.594055 -3440.580518 -3406.489794 -1502.984484 -568.354076 -302.831737 -338.221956 -351.295548 -354.837190 -355.768354 -356.009420 -356.072112 -356.088534 -356.092877 -356.094044 -356.094368 -356.094463 -356.094495 -356.094506 -356.094512 -356.094515 -356.094517 -356.094518 -356.094519 -356.094520 -356.094521 -356.094523 -356.094525 -356.094529 -356.094535 -356.094546 -356.094563 -356.094597 -356.094674 -356.094877 -356.095497 -356.097573 -356.104892 -356.131343 -356.227779 -356.578224 -357.831995 -362.200850 -377.196306 -431.835793 -9999.0 -9999.0
-9999.0 -9999.0 -318.627095 -346.546868 -353.549212 -355.140247 -354.743619 -351.914992 -344.010565 -333.314309 -357.648954 -371.159214 -386.765673 -417.179772 -454.655136 -440.197330 -431.261939 -427.818384 -426.534300 -425.718509 -424.519379 -422.735448 -420.488543 -418.002738 -415.297818 -368.511732 -302.251130 -243.631566 -69.438802 134.435557 120.970157 96.164232 61.414615 15.221367 -43.734195 -112.708671 -181.861617 -233.932888 -260.975762 -268.861785 -261.678801 -252.276247 -538.144813 -1256.802659 -3313.049941 -3440.523553 -3440.594029 -3440.594059 -3440.594059 -3440.594059 -3440.594059 -3440.594059 -3440.594059 -3440.594059 -3440.594059 -3440.594059 -3440.594059 -3440.594055 -3440.580518 -3406.489794 -1502.984484 -568.354076 -302.831737 -338.221956 -351.295548 -354.837190 -355.768354 -356.009420 -356.072112 -356.088534 -356.092877 -356.094044 -356.094368 -356.094463 -356.094495 -356.094506 -356.094512 -356.094515 -356.094517 -356.094518 -356.094519 -356.094520 -356.094521 -356.094523 -356.094525 -356.094529 -356.094535 -356.094546 -356.094563 -356.094597 -356.094674 -356.094877 -356.095497 -356.097573 -356.104892 -356.131343 -356.227779 -356.578224 -357.831995 -362.200850 -377.196306 -431.835793 -9999.0 -9999.0
-9999.0 -9999.0 -318.627095 -346.546868 -353.549212 -355.140247 -354.743619 -351.914992 -344.010564 -333.314309 -357.648954 -371.159213 -386.765673 -417.179771 -454.655136 -440.197330 -431.261939 -427.818384 -426.534300 -425.718509 -424.519379 -422.735447 -420.488542 -418.002738 -415.297817 -368.511732 -302.251129 -243.631565 -69.438801 134.435557 120.970157 96.164232 61.414615 15.221367 -43.734195 -112.708671 -181.861617 -233.932888 -260.975762 -268.861785 -261.678801 -252.276247 -538.144813 -1256.802659 -3313.049941 -3440.523553 -3440.594029 -3440.594059 -3440.594059 -3440.594059 -3440.594059 -3440.594059 -3440.594059 -3440.594059 -3440.594059 -3440.594059 -3440.594059 -3440.594055 -3440.580518 -3406.489794 -1502.984483 -568.354076 -302.831737 -338.221956 -351.295548 -354.837190 -355.768354 -356.009420 -356.072112 -356.088534 -356.092877 -356.094044 -356.094368 -356.094463 -356.094495 -356.094506 -356.094512 -356.094515 -356.094517 -356.094518 -356.094519 -356.094520 -356.094521 -356.094523 -356.094525 -356.094529 -356.094535 -356.094546 -356.094563 -356.094597 -356.094674 -356.094877 -356.095497 -356.097573 -356.104892 -356.131343 -356.227779 -356.578224 -357.831995 -362.200850 -377.196306 -431.835792 -9999.0 -9999.0
-9999.0 -9999.0 -318.627095 -346.546868 -353.549212 -355.140247 -354.743619 -351.914992 -344.010564 -333.314309 -357.648953 -371.159213 -386.765672 -417.179771 -454.655135 -440.197330 -431.261939 -427.818384 -426.534299 -425.718508 -424.519378 -422.735447 -420.488541 -418.002737 -415.297817 -368.511731 -302.251128 -243.631564 -69.438801 134.435557 120.970157 96.164232 61.414615 15.221367 -43.734195 -112.708671 -181.861617 -233.932888 -260.975762 -268.861785 -261.678801 -252.276247 -538.144813 -1256.802659 -3313.049941 -3440.523553 -3440.594029 -3440.594059 -3440.594059 -3440.594059 -3440.594059 -3440.594059 -3440.594059 -3440.594059 -3440.594059 -3440.594059 -3440.594059 -3440.594055 -3440.580518 -3406.489794 -1502.984483 -568.354076 -302.831737 -338.221956 -351.295548 -354.837190 -355.768354 -356.009420 -356.072112 -356.088534 -356.092877 -356.094044 -356.094368 -356.094463 -356.094495 -356.094506 -356.094512 -356.094515 -356.094517 -356.094518 -356.094519 -356.094520 -356.094521 -356.094523 -356.094525 -356.094529 -356.094535 -356.094545 -356.094563 -356.094597 -356.094674 -356.094877 -356.095497 -356.097573 -356.104892 -356.131343 -356.227779 -356.578224 -357.831995 -362.200850 -377.196306 -431.835792 -9999.0 -9999.0
-9999.0 -9999.0 -9999.0 -9999.0 -9999.0 -9999.0 -9999.0 -9999.0 -9999.0 -9999.0 -9999.0 -9999.0 -9999.0 -9999.0 -9999.0 -9999.0 -9999.0 -9999.0 -9999.0 -9999.0 -9999.0 -9999.0 -9999.0 -9999.0 -9999.0 -9999.0 -9999.0 -9999.0 -9999.0 -9999.0 -9999.0 -9999.0 -9999.0 -9999.0 -9999.0 -9999.0 -9999.0 -9999.0 -9999.0 -9999.0 -9999.0 -9999.0 -9999.0 -9999.0 -9999.0 -9999.0 -9999.0 -9999.0 -9999.0 -9999.0 -9999.0 -9999.0 -9999.0 -9999.0 -9999.0 -9999.0 -9999.0 -9999.0 -9999.0 -9999.0 -9999.0 -9999.0 -9999.0 -9999.0 -9999.0 -9999.0 -9999.0 -9999.0 -9999.0 -9999.0 -9999.0 -9999.0 -9999.0 -9999.0 -9999.0 -9999.0 -9999.0 -9999.0 -9999.0 -9999.0 -9999.0 -9999.0 -9999.0 -9999.0 -9999.0 -9999.0 -9999.0 -9999.0 -9999.0 -9999.0 -9999.0 -9999.0 -9999.0 -9999.0 -9999.0 -9999.0 -9999.0 -9999.0 -9999.0 -9999.0 -9999.0 -9999.0 -9999.0 -9999.0
-9999.0 -9999.0 -9999.0 -9999.0 -9999.0 -9999.0 -9999.0 -9999.0 -9999.0 -9999.0 -9999.0 -9999.0 -9999.0 -9999.0 -9999.0 -9999.0 -9999.0 -9999.0 -9999.0 -9999.0 -9999.0 -9999.0 -9999.0 -9999.0 -9999.0 -9999.0 -9999.0 -9999.0 -9999.0 -9999.0 -9999.0 -9999.0 -9999.0 -9999.0 -9999.0 -9999.0 -9999.0 -9999.0 -9999.0 -9999.0 -9999.0 -9999.0 -9999.0 -9999.0 -9999.0 -9999.0 -9999.0 -9999.0 -9999.0 -9999.0 -9999.0 -9999.0 -9999.0 -9999.0 -9999.0 -9999.0 -9999.0 -9999.0 -9999.0 -9999.0 -9999.0 -9999.0 -9999.0 -9999.0 -9999.0 -9999.0 -9999.0 -9999.0 -9999.0 -9999.0 -9999.0 -9999.0 -9999.0 -9999.0 -9999.0 -9999.0 -9999.0 -9999.0 -9999.0 -9999.0 -9999.0 -9999.0 -9999.0 -9999.0 -9999.0 -9999.0 -9999.0 -9999.0 -9999.0 -9999.0 -9999.0 -9999.0 -9999.0 -9999.0 -9999.0 -9999.0 -9999.0 -9999.0 -9999.0 -9999.0 -9999.0 -9999.0 -9999.0 -9999.0