examples/3D/hillslope02_superslab/output-maps-SE27XX/psiliqL0029N0001.asc
ncols         104
nrows         10
xllcorner     -2.000000
yllcorner     0.000000
cellsize      1.000000
NODATA_value  -9999.0
-9999.0 -9999.0 -9999.0 -9999.0 -9999.0 -9999.0 -9999.0 -9999.0 -9999.0 -9999.0 -9999.0 -9999.0 -9999.0 -9999.0 -9999.0 -9999.0 -9999.0 -9999.0 -9999.0 -9999.0 -9999.0 -9999.0 -9999.0 -9999.0 -9999.0 -9999.0 -9999.0 -9999.0 -9999.0 -9999.0 -9999.0 -9999.0 -9999.0 -9999.0 -9999.0 -9999.0 -9999.0 -9999.0 -9999.0 -9999.0 -9999.0 -9999.0 -9999.0 -9999.0 -9999.0 -9999.0 -9999.0 -9999.0 -9999.0 -9999.0 -9999.0 -9999.0 -9999.0 -9999.0 -9999.0 -9999.0 -9999.0 -9999.0 -9999.0 -9999.0 -9999.0 -9999.0 -9999.0 -9999.0 -9999.0 -9999.0 -9999.0 -9999.0 -9999.0 -9999.0 -9999.0 -9999.0 -9999.0 -9999.0 -9999.0 -9999.0 -9999.0 -9999.0 -9999.0 -9999.0 -9999.0 -9999.0 -9999.0 -9999.0 -9999.0 -9999.0 -9999.0 -9999.0 -9999.0 -9999.0 -9999.0 -9999.0 -9999.0 -9999.0 -9999.0 -9999.0 -9999.0 -9999.0 -9999.0 -9999.0 -9999.0 -9999.0 -9999.0 -9999.0
-9999.0 -9999.0 -9999.0 -9999.0 -9999.0 -9999.0 -9999.0 -9999.0 -9999.0 -9999.0 -9999.0 -9999.0 -9999.0 -9999.0 -9999.0 -9999.0 -9999.0 -9999.0 -9999.0 -9999.0 -9999.0 -9999.0 -9999.0 -9999.0 -9999.0 -9999.0 -9999.0 -9999.0 -9999.0 -9999.0 -9999.0 -9999.0 -9999.0 -9999.0 -9999.0 -9999.0 -9999.0 -9999.0 -9999.0 -9999.0 -9999.0 -9999.0 -9999.0 -9999.0 -9999.0 -9999.0 -9999.0 -9999.0 -9999.0 -9999.0 -9999.0 -9999.0 -9999.0 -9999.0 -9999.0 -9999.0 -9999.0 -9999.0 -9999.0 -9999.0 -9999.0 -9999.0 -9999.0 -9999.0 -9999.0 -9999.0 -9999.0 -9999.0 -9999.0 -9999.0 -9999.0 -9999.0 -9999.0 -9999.0 -9999.0 -9999.0 -9999.0 -9999.0 -9999.0 -9999.0 -9999.0 -9999.0 -9999.0 -9999.0 -9999.0 -9999.0 -9999.0 -9999.0 -9999.0 -9999.0 -9999.0 -9999.0 -9999.0 -9999.0 -9999.0 -9999.0 -9999.0 -9999.0 -9999.0 -9999.0 -9999.0 -9999.0 -9999.0 -9999.0
-9999.0 -9999.0 -319.071034 -346.658017 -353.527413 -355.076831 -354.711001 -351.985875 -344.100791 -332.757930 -357.168897 -368.957258 -379.693351 -397.653791 -416.226587 -407.878355 -402.930389 -401.208222 -400.939015 -401.239837 -401.612145 -401.859768 -401.941041 -401.872971 -352.620539 -280.204787 -228.489080 -171.797377 29.392181 35.326708 21.873244 -2.705246 -36.926215 -81.453336 -135.016651 -189.513740 -232.845770 -258.621900 -270.042674 -271.610461 -262.308114 -250.304219 -573.198982 -1424.176869 -3458.947410 -3539.561408 -3539.603943 -3539.603960 -3539.603960 -3539.603960 -3539.603960 -3539.603960 -3539.603960 -3539.603960 -3539.603960 -3539.603960 -3539.603960 -3539.603957 -3539.595085 -3517.120011 -1687.326735 -608.699675 -300.332732 -338.293734 -351.318248 -354.778542 -355.678342 -355.911042 -355.971420 -355.987150 -355.991270 -355.992359 -355.992652 -355.992733 -355.992758 -355.992766 -355.992769 -355.992771 -355.992772 -355.992773 -355.992773 -355.992774 -355.992774 -355.992775 -355.992776 -355.992778 -355.992782 -355.992787 -355.992797 -355.992818 -355.992872 -355.993030 -355.993551 -355.995374 -356.001965 -356.026119 -356.114920 -356.439252 -357.600994 -361.619051 -374.995173 -420.008744 -9999.0 -9999.0
-9999.0 -9999.0 -319.071034 -346.658017 -353.527413 -355.076831 -354.711001 -351.985875 -344.100791 -332.757930 -357.168898 -368.957259 -379.693352 -397.653791 -416.226588 -407.878355 -402.930389 -401.208222 -400.939016 -401.239837 -401.612145 -401.859768 -401.941041 -401.872972 -352.620539 -280.204787 -228.489081 -171.797378 29.392181 35.326708 21.873244 -2.705246 -36.926215 -81.453336 -135.016651 -189.513740 -232.845770 -258.621900 -270.042674 -271.610461 -262.308114 -250.304219 -573.198982 -1424.176869 -3458.947410 -3539.561408 -3539.603943 -3539.603960 -3539.603960 -3539.603960 -3539.603960 -3539.603960 -3539.603960 -3539.603960 -3539.603960 -3539.603960 -3539.603960 -3539.603957 -3539.595085 -3517.120011 -1687.326736 -608.699675 -300.332732 -338.293734 -351.318248 -354.778542 -355.678342 -355.911042 -355.971420 -355.987150 -355.991270 -355.992359 -355.992652 -355.992733 -355.992758 -355.992766 -355.992769 -355.992771 -355.992772 -355.992773 -355.992773 -355.992774 -355.992774 -355.992775 -355.992776 -355.992778 -355.992782 -355.992787 -355.992797 -355.992818 -355.992872 -355.993030 -355.993551 -355.995374 -356.001965 -356.026119 -356.114920 -356.439252 -357.600994 -361.619051 -374.995173 -420.008744 -9999.0 -9999.0
-9999.0 -9999.0 -319.071034 -346.658017 -353.527413 -355.076831 -354.711001 -351.985875 -344.100791 -332.757930 -357.168898 -368.957259 -379.693352 -397.653792 -416.226588 -407.878355 -402.930389 -401.208222 -400.939016 -401.239837 -401.612145 -401.859769 -401.941041 -401.872972 -352.620539 -280.204787 -228.489081 -171.797379 29.392181 35.326708 21.873244 -2.705246 -36.926215 -81.453336 -135.016651 -189.513740 -232.845770 -258.621900 -270.042674 -271.610461 -262.308114 -250.304219 -573.198982 -1424.176869 -3458.947410 -3539.561408 -3539.603943 -3539.603960 -3539.603960 -3539.603960 -3539.603960 -3539.603960 -3539.603960 -3539.603960 -3539.603960 -3539.603960 -3539.603960 -3539.603957 -3539.595085 -3517.120011 -1687.326736 -608.699675 -300.332732 -338.293734 -351.318248 -354.778542 -355.678342 -355.911042 -355.971420 -355.987150 -355.991270 -355.992359 -355.992652 -355.992733 -355.992758 -355.992766 -355.992769 -355.992771 -355.992772 -355.992773 -355.992773 -355.992774 -355.992774 -355.992775 -355.992776 -355.992778 -355.992782 -355.992787 -355.992797 -355.992818 -355.992872 -355.993030 -355.993551 -355.995375 -356.001965 -356.026119 -356.114920 -356.439252 -357.600994 -361.619051 -374.995173 -420.008744 -9999.0 -9999.0
-9999.0 -9999.0 -319.071034 -346.658017 -353.527413 -355.076831 -354.711001 -351.985875 -344.100791 -332.757930 -357.168898 -368.957259 -379.693352 -397.653792 -416.226588 -407.878355 -402.930389 -401.208222 -400.939016 -401.239837 -401.612145 -401.859769 -401.941041 -401.872972 -352.620539 -280.204787 -228.489081 -171.797379 29.392181 35.326708 21.873244 -2.705246 -36.926215 -81.453336 -135.016651 -189.513740 -232.845770 -258.621900 -270.042674 -271.610461 -262.308114 -250.304219 -573.198982 -1424.176869 -3458.947410 -3539.561408 -3539.603943 -3539.603960 -3539.603960 -3539.603960 -3539.603960 -3539.603960 -3539.603960 -3539.603960 -3539.603960 -3539.603960 -3539.603960 -3539.603957 -3539.595085 -3517.120011 -1687.326736 -608.699675 -300.332732 -338.293734 -351.318248 -354.778542 -355.678342 -355.911042 -355.971420 -355.987150 -355.991270 -355.992359 -355.992652 -355.992733 -355.992758 -355.992766 -355.992769 -355.992771 -355.992772 -355.992773 -355.992773 -355.992774 -355.992774 -355.992775 -355.992776 -355.992778 -355.992782 -355.992787 -355.992797 -355.992818 -355.992872 -355.993030 -355.993551 -355.995375 -356.001965 -356.026119 -356.114920 -356.439252 -357.600994 -361.619051 -374.995173 -420.008744 -9999.0 -9999.0
-9999.0 -9999.0 -319.071034 -346.658017 -353.527413 -355.076831 -354.711001 -351.985875 -344.100791 -332.757930 -357.168898 -368.957259 -379.693352 -397.653791 -416.226588 -407.878355 -402.930389 -401.208222 -400.939016 -401.239837 -401.612145 -401.859768 -401.941041 -401.872972 -352.620539 -280.204787 -228.489081 -171.797378 29.392181 35.326708 21.873244 -2.705246 -36.926215 -81.453336 -135.016651 -189.513740 -232.845770 -258.621900 -270.042674 -271.610461 -262.308114 -250.304219 -573.198982 -1424.176869 -3458.947410 -3539.561408 -3539.603943 -3539.603960 -3539.603960 -3539.603960 -3539.603960 -3539.603960 -3539.603960 -3539.603960 -3539.603960 -3539.603960 -3539.603960 -3539.603957 -3539.595085 -3517.120011 -1687.326736 -608.699675 -300.332732 -338.293734 -351.318248 -354.778542 -355.678342 -355.911042 -355.971420 -355.987150 -355.991270 -355.992359 -355.992652 -355.992733 -355.992758 -355.992766 -355.992769 -355.992771 -355.992772 -355.992773 -355.992773 -355.992774 -355.992774 -355.992775 -355.992776 -355.992778 -355.992782 -355.992787 -355.992797 -355.992818 -355.992872 -355.993030 -355.993551 -355.995374 -356.001965 -356.026119 -356.114920 -356.439252 -357.600994 -361.619051 -374.995173 -420.008744 -9999.0 -9999.0
-9999.0 -9999.0 -319.071034 -346.658017 -353.527413 -355.076831 -354.711001 -351.985875 -344.100791 -332.757930 -357.168897 -368.957258 -379.693351 -397.653791 -416.226587 -407.878355 -402.930389 -401.208222 -400.939015 -401.239837 -401.612145 -401.859768 -401.941041 -401.872971 -352.620539 -280.204787 -228.489080 -171.797377 29.392181 35.326708 21.873244 -2.705246 -36.926215 -81.453336 -135.016651 -189.513740 -232.845770 -258.621900 -270.042674 -271.610461 -262.308114 -250.304219 -573.198982 -1424.176869 -3458.947410 -3539.561408 -3539.603943 -3539.603960 -3539.603960 -3539.603960 -3539.603960 -3539.603960 -3539.603960 -3539.603960 -3539.603960 -3539.603960 -3539.603960 -3539.603957 -3539.595085 -3517.120011 -1687.326735 -608.699675 -300.332732 -338.293734 -351.318248 -354.778542 -355.678342 -355.911042 -355.971420 -355.987150 -355.991270 -355.992359 -355.992652 -355.992733 -355.992758 -355.992766 -355.992769 -355.992771 -355.992772 -355.992773 -355.992773 -355.992774 -355.992774 -355.992775 -355.992776 -355.992778 -355.992782 -355.992787 -355.992797 -355.992818 -355.992872 -355.993030 -355.993551 -355.995374 -356.001965 -356.026119 -356.114920 -356.439252 -357.600994 -361.619051 -374.995173 -420.008744 -9999.0 -9999.0
-9999.0 -9999.0 -9999.0 -9999.0 -9999.0 -9999.0 -9999.0 -9999.0 -9999.0 -9999.0 -9999.0 -9999.0 -9999.0 -9999.0 -9999.0 -9999.0 -9999.0 -9999.0 -9999.0 -9999.0 -9999.0 -9999.0 -9999.0 -9999.0 -9999.0 -9999.0 -9999.0 -9999.0 -9999.0 -9999.0 -9999.0 -9999.0 -9999.0 -9999.0 -9999.0 -9999.0 -9999.0 -9999.0 -9999.0 -9999.0 -9999.0 -9999.0 -9999.0 -9999.0 -9999.0 -9999.0 -9999.0 -9999.0 -9999.0 -9999.0 -9999.0 -9999.0 -9999.0 -9999.0 -9999.0 -9999.0 -9999.0 -9999.0 -9999.0 -9999.0 -9999.0 -9999.0 -9999.0 -9999.0 -9999.0 -9999.0 -9999.0 -9999.0 -9999.0 -9999.0 -9999.0 -9999.0 -9999.0 -9999.0 -9999.0 -9999.0 -9999.0 -9999.0 -9999.0 -9999.0 -9999.0 -9999.0 -9999.0 -9999.0 -9999.0 -9999.0 -9999.0 -9999.0 -9999.0 -9999.0 -9999.0 -9999.0 -9999.0 -9999.0 -9999.0 -9999.0 -9999.0 -9999.0 -9999.0 -9999.0 -9999.0 -9999.0 -9999.0 -9999.0
-9999.0 -9999.0 -9999.0 -9999.0 -9999.0 -9999.0 -9999.0 -9999.0 -9999.0 -9999.0 -9999.0 -9999.0 -9999.0 -9999.0 -9999.0 -9999.0 -9999.0 -9999.0 -9999.0 -9999.0 -9999.0 -9999.0 -9999.0 -9999.0 -9999.0 -9999.0 -9999.0 -9999.0 -9999.0 -9999.0 -9999.0 -9999.0 -9999.0 -9999.0 -9999.0 -9999.0 -9999.0 -9999.0 -9999.0 -9999.0 -9999.0 -9999.0 -9999.0 -9999.0 -9999.0 -9999.0 -9999.0 -9999.0 -9999.0 -9999.0 -9999.0 -9999.0 -9999.0 -9999.0 -9999.0 -9999.0 -9999.0 -9999.0 -9999.0 -9999.0 -9999.0 -9999.0 -9999.0 -9999.0 -9999.0 -9999.0 -9999.0 -9999.0 -9999.0 -9999.0 -9999.0 -9999.0 -9999.0 -9999.0 -9999.0 -9999.0 -9999.0 -9999.0 -9999.0 -9999.0 -9999.0 -9999.0 -9999.0 -9999.0 -9999.0 -9999.0 -9999.0 -9999.0 -9999.0 -9999.0 -9999.0 -9999.0 -9999.0 -9999.0 -9999.0 -9999.0 -9999.0 -9999.0 -9999.0 -9999.0 -9999.0 -9999.0 -9999.0 -9999.0