examples/3D/hillslope02_superslab/output-maps-SE27XX/psiliqL0094N0001.asc
ncols         104
nrows         10
xllcorner     -2.000000
yllcorner     0.000000
cellsize      1.000000
NODATA_value  -9999.0
-9999.0 -9999.0 -9999.0 -9999.0 -9999.0 -9999.0 -9999.0 -9999.0 -9999.0 -9999.0 -9999.0 -9999.0 -9999.0 -9999.0 -9999.0 -9999.0 -9999.0 -9999.0 -9999.0 -9999.0 -9999.0 -9999.0 -9999.0 -9999.0 -9999.0 -9999.0 -9999.0 -9999.0 -9999.0 -9999.0 -9999.0 -9999.0 -9999.0 -9999.0 -9999.0 -9999.0 -9999.0 -9999.0 -9999.0 -9999.0 -9999.0 -9999.0 -9999.0 -9999.0 -9999.0 -9999.0 -9999.0 -9999.0 -9999.0 -9999.0 -9999.0 -9999.0 -9999.0 -9999.0 -9999.0 -9999.0 -9999.0 -9999.0 -9999.0 -9999.0 -9999.0 -9999.0 -9999.0 -9999.0 -9999.0 -9999.0 -9999.0 -9999.0 -9999.0 -9999.0 -9999.0 -9999.0 -9999.0 -9999.0 -9999.0 -9999.0 -9999.0 -9999.0 -9999.0 -9999.0 -9999.0 -9999.0 -9999.0 -9999.0 -9999.0 -9999.0 -9999.0 -9999.0 -9999.0 -9999.0 -9999.0 -9999.0 -9999.0 -9999.0 -9999.0 -9999.0 -9999.0 -9999.0 -9999.0 -9999.0 -9999.0 -9999.0 -9999.0 -9999.0
-9999.0 -9999.0 -9999.0 -9999.0 -9999.0 -9999.0 -9999.0 -9999.0 -9999.0 -9999.0 -9999.0 -9999.0 -9999.0 -9999.0 -9999.0 -9999.0 -9999.0 -9999.0 -9999.0 -9999.0 -9999.0 -9999.0 -9999.0 -9999.0 -9999.0 -9999.0 -9999.0 -9999.0 -9999.0 -9999.0 -9999.0 -9999.0 -9999.0 -9999.0 -9999.0 -9999.0 -9999.0 -9999.0 -9999.0 -9999.0 -9999.0 -9999.0 -9999.0 -9999.0 -9999.0 -9999.0 -9999.0 -9999.0 -9999.0 -9999.0 -9999.0 -9999.0 -9999.0 -9999.0 -9999.0 -9999.0 -9999.0 -9999.0 -9999.0 -9999.0 -9999.0 -9999.0 -9999.0 -9999.0 -9999.0 -9999.0 -9999.0 -9999.0 -9999.0 -9999.0 -9999.0 -9999.0 -9999.0 -9999.0 -9999.0 -9999.0 -9999.0 -9999.0 -9999.0 -9999.0 -9999.0 -9999.0 -9999.0 -9999.0 -9999.0 -9999.0 -9999.0 -9999.0 -9999.0 -9999.0 -9999.0 -9999.0 -9999.0 -9999.0 -9999.0 -9999.0 -9999.0 -9999.0 -9999.0 -9999.0 -9999.0 -9999.0 -9999.0 -9999.0
-9999.0 -9999.0 107.384364 10.733403 -80.714346 -163.734918 -232.588535 -279.920018 -305.474458 -315.830854 -319.666608 -321.038601 -321.522380 -321.691785 -321.750839 -321.771345 -321.778436 -321.780873 -321.781701 -321.781972 -321.782049 -321.782055 -321.782032 -321.781992 -321.781940 -321.781874 -321.781795 -321.781701 -321.781592 -321.781466 -321.781324 -321.781166 -321.780994 -321.780810 -321.780618 -321.780422 -321.780225 -321.780030 -321.779818 -321.779321 -321.774496 -321.778494 -321.779530 -321.779642 -321.779792 -321.779965 -321.780084 -321.780108 -321.780221 -321.781360 -321.788715 -321.826581 -321.807147 -321.808340 -321.816528 -321.829776 -321.848627 -321.874447 -321.909172 -321.955269 -322.015748 -322.094205 -322.194854 -322.322553 -322.482805 -322.681750 -322.926122 -323.223196 -323.580712 -324.006782 -324.509803 -325.098352 -325.781110 -326.566785 -327.464065 -328.481603 -329.628024 -330.911979 -332.342235 -333.927799 -335.678100 -337.603208 -339.714124 -342.023118 -344.544177 -347.293541 -350.290397 -353.557780 -357.123750 -361.022993 -365.299026 -370.007343 -375.220014 -381.032654 -387.575416 -395.031131 -403.667048 -413.894497 -426.392321 -442.399214 -464.570664 -500.639184 -9999.0 -9999.0
-9999.0 -9999.0 107.384364 10.733403 -80.714346 -163.734918 -232.588535 -279.920018 -305.474458 -315.830854 -319.666608 -321.038601 -321.522380 -321.691785 -321.750839 -321.771345 -321.778436 -321.780873 -321.781701 -321.781972 -321.782049 -321.782055 -321.782032 -321.781992 -321.781940 -321.781874 -321.781795 -321.781701 -321.781592 -321.781466 -321.781324 -321.781166 -321.780994 -321.780810 -321.780618 -321.780422 -321.780225 -321.780030 -321.779818 -321.779321 -321.774496 -321.778494 -321.779530 -321.779642 -321.779792 -321.779965 -321.780084 -321.780108 -321.780221 -321.781360 -321.788715 -321.826581 -321.807147 -321.808340 -321.816528 -321.829776 -321.848627 -321.874447 -321.909172 -321.955269 -322.015748 -322.094205 -322.194854 -322.322553 -322.482805 -322.681750 -322.926122 -323.223196 -323.580712 -324.006782 -324.509803 -325.098352 -325.781110 -326.566785 -327.464065 -328.481603 -329.628024 -330.911979 -332.342235 -333.927799 -335.678100 -337.603208 -339.714124 -342.023118 -344.544177 -347.293541 -350.290397 -353.557780 -357.123750 -361.022993 -365.299026 -370.007343 -375.220014 -381.032654 -387.575416 -395.031131 -403.667048 -413.894497 -426.392321 -442.399214 -464.570664 -500.639184 -9999.0 -9999.0
-9999.0 -9999.0 107.384364 10.733403 -80.714346 -163.734918 -232.588535 -279.920018 -305.474458 -315.830854 -319.666608 -321.038601 -321.522380 -321.691785 -321.750839 -321.771345 -321.778436 -321.780873 -321.781701 -321.781972 -321.782049 -321.782055 -321.782032 -321.781992 -321.781940 -321.781874 -321.781795 -321.781701 -321.781592 -321.781466 -321.781324 -321.781166 -321.780994 -321.780810 -321.780618 -321.780422 -321.780225 -321.780030 -321.779818 -321.779321 -321.774496 -321.778494 -321.779530 -321.779642 -321.779792 -321.779965 -321.780084 -321.780108 -321.780221 -321.781360 -321.788715 -321.826581 -321.807147 -321.808340 -321.816528 -321.829776 -321.848627 -321.874447 -321.909172 -321.955269 -322.015748 -322.094205 -322.194854 -322.322553 -322.482805 -322.681750 -322.926122 -323.223196 -323.580712 -324.006782 -324.509803 -325.098352 -325.781110 -326.566785 -327.464065 -328.481603 -329.628024 -330.911979 -332.342235 -333.927799 -335.678100 -337.603208 -339.714124 -342.023118 -344.544177 -347.293541 -350.290397 -353.557780 -357.123750 -361.022993 -365.299026 -370.007343 -375.220014 -381.032654 -387.575416 -395.031131 -403.667048 -413.894497 -426.392321 -442.399214 -464.570664 -500.639184 -9999.0 -9999.0
-9999.0 -9999.0 107.384364 10.733403 -80.714346 -163.734918 -232.588535 -279.920018 -305.474458 -315.830854 -319.666608 -321.038601 -321.522380 -321.691785 -321.750839 -321.771345 -321.778436 -321.780873 -321.781701 -321.781972 -321.782049 -321.782055 -321.782032 -321.781992 -321.781940 -321.781874 -321.781795 -321.781701 -321.781592 -321.781466 -321.781324 -321.781166 -321.780994 -321.780810 -321.780618 -321.780422 -321.780225 -321.780030 -321.779818 -321.779321 -321.774496 -321.778494 -321.779530 -321.779642 -321.779792 -321.779965 -321.780084 -321.780108 -321.780221 -321.781360 -321.788715 -321.826581 -321.807147 -321.808340 -321.816528 -321.829776 -321.848627 -321.874447 -321.909172 -321.955269 -322.015748 -322.094205 -322.194854 -322.322553 -322.482805 -322.681750 -322.926122 -323.223196 -323.580712 -324.006782 -324.509803 -325.098352 -325.781110 -326.566785 -327.464065 -328.481603 -329.628024 -330.911979 -332.342235 -333.927799 -335.678100 -337.603208 -339.714124 -342.023118 -344.544177 -347.293541 -350.290397 -353.557780 -357.123750 -361.022993 -365.299026 -370.007343 -375.220014 -381.032654 -387.575416 -395.031131 -403.667048 -413.894497 -426.392321 -442.399214 -464.570664 -500.639184 -9999.0 -9999.0
-9999.0 -9999.0 107.384364 10.733403 -80.714346 -163.734918 -232.588535 -279.920018 -305.474458 -315.830854 -319.666608 -321.038601 -321.522380 -321.691785 -321.750839 -321.771345 -321.778436 -321.780873 -321.781701 -321.781972 -321.782049 -321.782055 -321.782032 -321.781992 -321.781940 -321.781874 -321.781795 -321.781701 -321.781592 -321.781466 -321.781324 -321.781166 -321.780994 -321.780810 -321.780618 -321.780422 -321.780225 -321.780030 -321.779818 -321.779321 -321.774496 -321.778494 -321.779530 -321.779642 -321.779792 -321.779965 -321.780084 -321.780108 -321.780221 -321.781360 -321.788715 -321.826581 -321.807147 -321.808340 -321.816528 -321.829776 -321.848627 -321.874447 -321.909172 -321.955269 -322.015748 -322.094205 -322.194854 -322.322553 -322.482805 -322.681750 -322.926122 -323.223196 -323.580712 -324.006782 -324.509803 -325.098352 -325.781110 -326.566785 -327.464065 -328.481603 -329.628024 -330.911979 -332.342235 -333.927799 -335.678100 -337.603208 -339.714124 -342.023118 -344.544177 -347.293541 -350.290397 -353.557780 -357.123750 -361.022993 -365.299026 -370.007343 -375.220014 -381.032654 -387.575416 -395.031131 -403.667048 -413.894497 -426.392321 -442.399214 -464.570664 -500.639184 -9999.0 -9999.0
-9999.0 -9999.0 107.384364 10.733403 -80.714346 -163.734918 -232.588535 -279.920018 -305.474458 -315.830854 -319.666608 -321.038601 -321.522380 -321.691785 -321.750839 -321.771345 -321.778436 -321.780873 -321.781701 -321.781972 -321.782049 -321.782055 -321.782032 -321.781992 -321.781940 -321.781874 -321.781795 -321.781701 -321.781592 -321.781466 -321.781324 -321.781166 -321.780994 -321.780810 -321.780618 -321.780422 -321.780225 -321.780030 -321.779818 -321.779321 -321.774496 -321.778494 -321.779530 -321.779642 -321.779792 -321.779965 -321.780084 -321.780108 -321.780221 -321.781360 -321.788715 -321.826581 -321.807147 -321.808340 -321.816528 -321.829776 -321.848627 -321.874447 -321.909172 -321.955269 -322.015748 -322.094205 -322.194854 -322.322553 -322.482805 -322.681750 -322.926122 -323.223196 -323.580712 -324.006782 -324.509803 -325.098352 -325.781110 -326.566785 -327.464065 -328.481603 -329.628024 -330.911979 -332.342235 -333.927799 -335.678100 -337.603208 -339.714124 -342.023118 -344.544177 -347.293541 -350.290397 -353.557780 -357.123750 -361.022993 -365.299026 -370.007343 -375.220014 -381.032654 -387.575416 -395.031131 -403.667048 -413.894497 -426.392321 -442.399214 -464.570664 -500.639184 -9999.0 -9999.0
-9999.0 -9999.0 -9999.0 -9999.0 -9999.0 -9999.0 -9999.0 -9999.0 -9999.0 -9999.0 -9999.0 -9999.0 -9999.0 -9999.0 -9999.0 -9999.0 -9999.0 -9999.0 -9999.0 -9999.0 -9999.0 -9999.0 -9999.0 -9999.0 -9999.0 -9999.0 -9999.0 -9999.0 -9999.0 -9999.0 -9999.0 -9999.0 -9999.0 -9999.0 -9999.0 -9999.0 -9999.0 -9999.0 -9999.0 -9999.0 -9999.0 -9999.0 -9999.0 -9999.0 -9999.0 -9999.0 -9999.0 -9999.0 -9999.0 -9999.0 -9999.0 -9999.0 -9999.0 -9999.0 -9999.0 -9999.0 -9999.0 -9999.0 -9999.0 -9999.0 -9999.0 -9999.0 -9999.0 -9999.0 -9999.0 -9999.0 -9999.0 -9999.0 -9999.0 -9999.0 -9999.0 -9999.0 -9999.0 -9999.0 -9999.0 -9999.0 -9999.0 -9999.0 -9999.0 -9999.0 -9999.0 -9999.0 -9999.0 -9999.0 -9999.0 -9999.0 -9999.0 -9999.0 -9999.0 -9999.0 -9999.0 -9999.0 -9999.0 -9999.0 -9999.0 -9999.0 -9999.0 -9999.0 -9999.0 -9999.0 -9999.0 -9999.0 -9999.0 -9999.0
-9999.0 -9999.0 -9999.0 -9999.0 -9999.0 -9999.0 -9999.0 -9999.0 -9999.0 -9999.0 -9999.0 -9999.0 -9999.0 -9999.0 -9999.0 -9999.0 -9999.0 -9999.0 -9999.0 -9999.0 -9999.0 -9999.0 -9999.0 -9999.0 -9999.0 -9999.0 -9999.0 -9999.0 -9999.0 -9999.0 -9999.0 -9999.0 -9999.0 -9999.0 -9999.0 -9999.0 -9999.0 -9999.0 -9999.0 -9999.0 -9999.0 -9999.0 -9999.0 -9999.0 -9999.0 -9999.0 -9999.0 -9999.0 -9999.0 -9999.0 -9999.0 -9999.0 -9999.0 -9999.0 -9999.0 -9999.0 -9999.0 -9999.0 -9999.0 -9999.0 -9999.0 -9999.0 -9999.0 -9999.0 -9999.0 -9999.0 -9999.0 -9999.0 -9999.0 -9999.0 -9999.0 -9999.0 -9999.0 -9999.0 -9999.0 -9999.0 -9999.0 -9999.0 -9999.0 -9999.0 -9999.0 -9999.0 -9999.0 -9999.0 -9999.0 -9999.0 -9999.0 -9999.0 -9999.0 -9999.0 -9999.0 -9999.0 -9999.0 -9999.0 -9999.0 -9999.0 -9999.0 -9999.0 -9999.0 -9999.0 -9999.0 -9999.0 -9999.0 -9999.0