examples/3D/hillslope02_superslab/output-maps-SE27XX/psiliqL0084N0002.asc
ncols         104
nrows         10
xllcorner     -2.000000
yllcorner     0.000000
cellsize      1.000000
NODATA_value  -9999.0
-9999.0 -9999.0 -9999.0 -9999.0 -9999.0 -9999.0 -9999.0 -9999.0 -9999.0 -9999.0 -9999.0 -9999.0 -9999.0 -9999.0 -9999.0 -9999.0 -9999.0 -9999.0 -9999.0 -9999.0 -9999.0 -9999.0 -9999.0 -9999.0 -9999.0 -9999.0 -9999.0 -9999.0 -9999.0 -9999.0 -9999.0 -9999.0 -9999.0 -9999.0 -9999.0 -9999.0 -9999.0 -9999.0 -9999.0 -9999.0 -9999.0 -9999.0 -9999.0 -9999.0 -9999.0 -9999.0 -9999.0 -9999.0 -9999.0 -9999.0 -9999.0 -9999.0 -9999.0 -9999.0 -9999.0 -9999.0 -9999.0 -9999.0 -9999.0 -9999.0 -9999.0 -9999.0 -9999.0 -9999.0 -9999.0 -9999.0 -9999.0 -9999.0 -9999.0 -9999.0 -9999.0 -9999.0 -9999.0 -9999.0 -9999.0 -9999.0 -9999.0 -9999.0 -9999.0 -9999.0 -9999.0 -9999.0 -9999.0 -9999.0 -9999.0 -9999.0 -9999.0 -9999.0 -9999.0 -9999.0 -9999.0 -9999.0 -9999.0 -9999.0 -9999.0 -9999.0 -9999.0 -9999.0 -9999.0 -9999.0 -9999.0 -9999.0 -9999.0 -9999.0
-9999.0 -9999.0 -9999.0 -9999.0 -9999.0 -9999.0 -9999.0 -9999.0 -9999.0 -9999.0 -9999.0 -9999.0 -9999.0 -9999.0 -9999.0 -9999.0 -9999.0 -9999.0 -9999.0 -9999.0 -9999.0 -9999.0 -9999.0 -9999.0 -9999.0 -9999.0 -9999.0 -9999.0 -9999.0 -9999.0 -9999.0 -9999.0 -9999.0 -9999.0 -9999.0 -9999.0 -9999.0 -9999.0 -9999.0 -9999.0 -9999.0 -9999.0 -9999.0 -9999.0 -9999.0 -9999.0 -9999.0 -9999.0 -9999.0 -9999.0 -9999.0 -9999.0 -9999.0 -9999.0 -9999.0 -9999.0 -9999.0 -9999.0 -9999.0 -9999.0 -9999.0 -9999.0 -9999.0 -9999.0 -9999.0 -9999.0 -9999.0 -9999.0 -9999.0 -9999.0 -9999.0 -9999.0 -9999.0 -9999.0 -9999.0 -9999.0 -9999.0 -9999.0 -9999.0 -9999.0 -9999.0 -9999.0 -9999.0 -9999.0 -9999.0 -9999.0 -9999.0 -9999.0 -9999.0 -9999.0 -9999.0 -9999.0 -9999.0 -9999.0 -9999.0 -9999.0 -9999.0 -9999.0 -9999.0 -9999.0 -9999.0 -9999.0 -9999.0 -9999.0
-9999.0 -9999.0 812.737115 711.613314 610.972071 511.544043 413.755558 317.780362 223.384884 129.692012 36.312996 -52.101535 -132.024286 -199.856659 -252.478876 -266.723037 -255.676798 -233.242137 -204.657148 -172.979761 -140.722899 -109.124526 -79.952852 -53.647085 -30.681996 -11.067976 4.295616 16.149963 24.166736 28.221723 28.253149 24.200259 15.952172 3.201351 -13.430130 -34.461551 -59.623987 -88.954003 -121.625340 -157.026460 -193.789688 -230.014195 -263.719711 -293.175080 -317.780001 -338.047561 -355.410914 -373.579357 -421.941020 -739.250079 -775.209734 -779.934224 -755.464629 -736.134568 -711.080034 -679.861223 -642.654585 -600.258165 -553.717316 -501.714965 -427.614405 -336.018829 -282.622999 -277.738752 -276.876211 -274.698062 -272.859977 -271.941425 -271.921330 -272.632989 -273.904937 -275.597264 -277.602319 -279.845535 -282.277147 -284.865590 -287.590985 -290.438220 -293.390055 -296.426603 -299.574337 -302.847257 -306.254767 -309.788634 -313.403037 -317.065422 -320.800694 -324.586727 -328.318794 -331.978016 -335.543525 -338.893269 -342.037171 -344.874685 -347.422517 -349.670782 -351.737109 -354.052647 -357.914574 -367.617208 -410.036824 -784.422476 -9999.0 -9999.0
-9999.0 -9999.0 812.737113 711.613311 610.972070 511.544041 413.755556 317.780361 223.384884 129.692011 36.312995 -52.101535 -132.024286 -199.856660 -252.478877 -266.723037 -255.676798 -233.242137 -204.657148 -172.979761 -140.722899 -109.124526 -79.952852 -53.647085 -30.681996 -11.067976 4.295616 16.149963 24.166736 28.221723 28.253149 24.200259 15.952171 3.201351 -13.430130 -34.461551 -59.623987 -88.954003 -121.625340 -157.026460 -193.789688 -230.014195 -263.719711 -293.175080 -317.780001 -338.047561 -355.410914 -373.579357 -421.941020 -739.250079 -775.209734 -779.934224 -755.464629 -736.134568 -711.080034 -679.861223 -642.654585 -600.258165 -553.717316 -501.714965 -427.614405 -336.018829 -282.622999 -277.738752 -276.876212 -274.698062 -272.859977 -271.941425 -271.921330 -272.632990 -273.904938 -275.597264 -277.602320 -279.845535 -282.277148 -284.865590 -287.590986 -290.438220 -293.390056 -296.426604 -299.574338 -302.847258 -306.254767 -309.788635 -313.403038 -317.065423 -320.800695 -324.586728 -328.318795 -331.978017 -335.543526 -338.893269 -342.037172 -344.874685 -347.422518 -349.670782 -351.737110 -354.052648 -357.914575 -367.617209 -410.036826 -784.422485 -9999.0 -9999.0
-9999.0 -9999.0 812.737112 711.613310 610.972068 511.544040 413.755555 317.780360 223.384883 129.692011 36.312995 -52.101535 -132.024286 -199.856660 -252.478877 -266.723038 -255.676798 -233.242137 -204.657148 -172.979761 -140.722899 -109.124526 -79.952852 -53.647085 -30.681996 -11.067976 4.295616 16.149963 24.166736 28.221723 28.253149 24.200259 15.952171 3.201351 -13.430130 -34.461551 -59.623987 -88.954003 -121.625340 -157.026460 -193.789688 -230.014195 -263.719711 -293.175080 -317.780001 -338.047561 -355.410914 -373.579357 -421.941020 -739.250079 -775.209734 -779.934224 -755.464629 -736.134568 -711.080034 -679.861223 -642.654585 -600.258165 -553.717316 -501.714965 -427.614405 -336.018829 -282.622999 -277.738752 -276.876212 -274.698063 -272.859977 -271.941425 -271.921331 -272.632990 -273.904938 -275.597264 -277.602320 -279.845535 -282.277148 -284.865590 -287.590986 -290.438220 -293.390056 -296.426604 -299.574338 -302.847258 -306.254768 -309.788635 -313.403038 -317.065423 -320.800695 -324.586728 -328.318795 -331.978017 -335.543526 -338.893270 -342.037172 -344.874686 -347.422518 -349.670783 -351.737110 -354.052648 -357.914576 -367.617209 -410.036826 -784.422486 -9999.0 -9999.0
-9999.0 -9999.0 812.737112 711.613310 610.972068 511.544040 413.755555 317.780360 223.384883 129.692011 36.312995 -52.101535 -132.024286 -199.856660 -252.478877 -266.723038 -255.676798 -233.242137 -204.657148 -172.979761 -140.722899 -109.124526 -79.952852 -53.647085 -30.681996 -11.067976 4.295616 16.149963 24.166736 28.221723 28.253149 24.200259 15.952171 3.201351 -13.430130 -34.461551 -59.623987 -88.954003 -121.625340 -157.026460 -193.789688 -230.014195 -263.719711 -293.175080 -317.780001 -338.047561 -355.410914 -373.579357 -421.941020 -739.250079 -775.209734 -779.934224 -755.464629 -736.134568 -711.080034 -679.861223 -642.654585 -600.258165 -553.717316 -501.714965 -427.614405 -336.018829 -282.622999 -277.738752 -276.876212 -274.698063 -272.859977 -271.941425 -271.921331 -272.632990 -273.904938 -275.597264 -277.602320 -279.845535 -282.277148 -284.865590 -287.590986 -290.438220 -293.390056 -296.426604 -299.574338 -302.847258 -306.254768 -309.788635 -313.403038 -317.065423 -320.800695 -324.586728 -328.318795 -331.978017 -335.543526 -338.893270 -342.037172 -344.874686 -347.422518 -349.670783 -351.737110 -354.052648 -357.914576 -367.617209 -410.036826 -784.422486 -9999.0 -9999.0
-9999.0 -9999.0 812.737113 711.613311 610.972070 511.544041 413.755556 317.780361 223.384884 129.692011 36.312995 -52.101535 -132.024286 -199.856660 -252.478877 -266.723037 -255.676798 -233.242137 -204.657148 -172.979761 -140.722899 -109.124526 -79.952852 -53.647085 -30.681996 -11.067976 4.295616 16.149963 24.166736 28.221723 28.253149 24.200259 15.952171 3.201351 -13.430130 -34.461551 -59.623987 -88.954003 -121.625340 -157.026460 -193.789688 -230.014195 -263.719711 -293.175080 -317.780001 -338.047561 -355.410914 -373.579357 -421.941020 -739.250079 -775.209734 -779.934224 -755.464629 -736.134568 -711.080034 -679.861223 -642.654585 -600.258165 -553.717316 -501.714965 -427.614405 -336.018829 -282.622999 -277.738752 -276.876212 -274.698062 -272.859977 -271.941425 -271.921330 -272.632990 -273.904938 -275.597264 -277.602320 -279.845535 -282.277148 -284.865590 -287.590986 -290.438220 -293.390056 -296.426604 -299.574338 -302.847258 -306.254767 -309.788635 -313.403038 -317.065423 -320.800695 -324.586728 -328.318795 -331.978017 -335.543526 -338.893269 -342.037172 -344.874685 -347.422518 -349.670782 -351.737110 -354.052648 -357.914575 -367.617209 -410.036826 -784.422485 -9999.0 -9999.0
-9999.0 -9999.0 812.737115 711.613314 610.972071 511.544043 413.755558 317.780362 223.384884 129.692012 36.312996 -52.101535 -132.024286 -199.856659 -252.478876 -266.723037 -255.676798 -233.242137 -204.657148 -172.979761 -140.722899 -109.124526 -79.952852 -53.647085 -30.681996 -11.067976 4.295616 16.149963 24.166736 28.221723 28.253149 24.200259 15.952172 3.201351 -13.430130 -34.461551 -59.623987 -88.954003 -121.625340 -157.026460 -193.789688 -230.014195 -263.719711 -293.175080 -317.780001 -338.047561 -355.410914 -373.579357 -421.941020 -739.250079 -775.209734 -779.934224 -755.464629 -736.134568 -711.080034 -679.861223 -642.654585 -600.258165 -553.717316 -501.714965 -427.614405 -336.018829 -282.622999 -277.738752 -276.876211 -274.698062 -272.859977 -271.941425 -271.921330 -272.632989 -273.904937 -275.597264 -277.602319 -279.845535 -282.277147 -284.865590 -287.590985 -290.438220 -293.390055 -296.426603 -299.574337 -302.847257 -306.254767 -309.788634 -313.403037 -317.065422 -320.800694 -324.586727 -328.318794 -331.978016 -335.543525 -338.893269 -342.037171 -344.874685 -347.422517 -349.670782 -351.737109 -354.052647 -357.914574 -367.617208 -410.036824 -784.422476 -9999.0 -9999.0
-9999.0 -9999.0 -9999.0 -9999.0 -9999.0 -9999.0 -9999.0 -9999.0 -9999.0 -9999.0 -9999.0 -9999.0 -9999.0 -9999.0 -9999.0 -9999.0 -9999.0 -9999.0 -9999.0 -9999.0 -9999.0 -9999.0 -9999.0 -9999.0 -9999.0 -9999.0 -9999.0 -9999.0 -9999.0 -9999.0 -9999.0 -9999.0 -9999.0 -9999.0 -9999.0 -9999.0 -9999.0 -9999.0 -9999.0 -9999.0 -9999.0 -9999.0 -9999.0 -9999.0 -9999.0 -9999.0 -9999.0 -9999.0 -9999.0 -9999.0 -9999.0 -9999.0 -9999.0 -9999.0 -9999.0 -9999.0 -9999.0 -9999.0 -9999.0 -9999.0 -9999.0 -9999.0 -9999.0 -9999.0 -9999.0 -9999.0 -9999.0 -9999.0 -9999.0 -9999.0 -9999.0 -9999.0 -9999.0 -9999.0 -9999.0 -9999.0 -9999.0 -9999.0 -9999.0 -9999.0 -9999.0 -9999.0 -9999.0 -9999.0 -9999.0 -9999.0 -9999.0 -9999.0 -9999.0 -9999.0 -9999.0 -9999.0 -9999.0 -9999.0 -9999.0 -9999.0 -9999.0 -9999.0 -9999.0 -9999.0 -9999.0 -9999.0 -9999.0 -9999.0
-9999.0 -9999.0 -9999.0 -9999.0 -9999.0 -9999.0 -9999.0 -9999.0 -9999.0 -9999.0 -9999.0 -9999.0 -9999.0 -9999.0 -9999.0 -9999.0 -9999.0 -9999.0 -9999.0 -9999.0 -9999.0 -9999.0 -9999.0 -9999.0 -9999.0 -9999.0 -9999.0 -9999.0 -9999.0 -9999.0 -9999.0 -9999.0 -9999.0 -9999.0 -9999.0 -9999.0 -9999.0 -9999.0 -9999.0 -9999.0 -9999.0 -9999.0 -9999.0 -9999.0 -9999.0 -9999.0 -9999.0 -9999.0 -9999.0 -9999.0 -9999.0 -9999.0 -9999.0 -9999.0 -9999.0 -9999.0 -9999.0 -9999.0 -9999.0 -9999.0 -9999.0 -9999.0 -9999.0 -9999.0 -9999.0 -9999.0 -9999.0 -9999.0 -9999.0 -9999.0 -9999.0 -9999.0 -9999.0 -9999.0 -9999.0 -9999.0 -9999.0 -9999.0 -9999.0 -9999.0 -9999.0 -9999.0 -9999.0 -9999.0 -9999.0 -9999.0 -9999.0 -9999.0 -9999.0 -9999.0 -9999.0 -9999.0 -9999.0 -9999.0 -9999.0 -9999.0 -9999.0 -9999.0 -9999.0 -9999.0 -9999.0 -9999.0 -9999.0 -9999.0