examples/3D/hillslope02_superslab/output-maps-SE27XX/psiliqL0041N0003.asc
ncols         104
nrows         10
xllcorner     -2.000000
yllcorner     0.000000
cellsize      1.000000
NODATA_value  -9999.0
-9999.0 -9999.0 -9999.0 -9999.0 -9999.0 -9999.0 -9999.0 -9999.0 -9999.0 -9999.0 -9999.0 -9999.0 -9999.0 -9999.0 -9999.0 -9999.0 -9999.0 -9999.0 -9999.0 -9999.0 -9999.0 -9999.0 -9999.0 -9999.0 -9999.0 -9999.0 -9999.0 -9999.0 -9999.0 -9999.0 -9999.0 -9999.0 -9999.0 -9999.0 -9999.0 -9999.0 -9999.0 -9999.0 -9999.0 -9999.0 -9999.0 -9999.0 -9999.0 -9999.0 -9999.0 -9999.0 -9999.0 -9999.0 -9999.0 -9999.0 -9999.0 -9999.0 -9999.0 -9999.0 -9999.0 -9999.0 -9999.0 -9999.0 -9999.0 -9999.0 -9999.0 -9999.0 -9999.0 -9999.0 -9999.0 -9999.0 -9999.0 -9999.0 -9999.0 -9999.0 -9999.0 -9999.0 -9999.0 -9999.0 -9999.0 -9999.0 -9999.0 -9999.0 -9999.0 -9999.0 -9999.0 -9999.0 -9999.0 -9999.0 -9999.0 -9999.0 -9999.0 -9999.0 -9999.0 -9999.0 -9999.0 -9999.0 -9999.0 -9999.0 -9999.0 -9999.0 -9999.0 -9999.0 -9999.0 -9999.0 -9999.0 -9999.0 -9999.0 -9999.0
-9999.0 -9999.0 -9999.0 -9999.0 -9999.0 -9999.0 -9999.0 -9999.0 -9999.0 -9999.0 -9999.0 -9999.0 -9999.0 -9999.0 -9999.0 -9999.0 -9999.0 -9999.0 -9999.0 -9999.0 -9999.0 -9999.0 -9999.0 -9999.0 -9999.0 -9999.0 -9999.0 -9999.0 -9999.0 -9999.0 -9999.0 -9999.0 -9999.0 -9999.0 -9999.0 -9999.0 -9999.0 -9999.0 -9999.0 -9999.0 -9999.0 -9999.0 -9999.0 -9999.0 -9999.0 -9999.0 -9999.0 -9999.0 -9999.0 -9999.0 -9999.0 -9999.0 -9999.0 -9999.0 -9999.0 -9999.0 -9999.0 -9999.0 -9999.0 -9999.0 -9999.0 -9999.0 -9999.0 -9999.0 -9999.0 -9999.0 -9999.0 -9999.0 -9999.0 -9999.0 -9999.0 -9999.0 -9999.0 -9999.0 -9999.0 -9999.0 -9999.0 -9999.0 -9999.0 -9999.0 -9999.0 -9999.0 -9999.0 -9999.0 -9999.0 -9999.0 -9999.0 -9999.0 -9999.0 -9999.0 -9999.0 -9999.0 -9999.0 -9999.0 -9999.0 -9999.0 -9999.0 -9999.0 -9999.0 -9999.0 -9999.0 -9999.0 -9999.0 -9999.0
-9999.0 -9999.0 867.813861 769.379245 672.558143 577.432937 484.081313 392.571182 302.939081 215.254643 129.616132 46.072869 -35.285243 -114.644835 -192.509699 -268.458520 -339.378538 -394.439048 -429.427165 -448.272182 -456.932655 -459.981753 -460.199666 -459.123275 -457.566205 -455.948372 -454.487023 -453.301883 -452.460069 -451.982830 -434.194243 -401.277216 -372.249421 -347.485718 -338.073150 -391.180227 -439.028734 -479.725192 -512.015890 -536.162356 -555.559947 -586.164463 -694.339771 -797.281485 -935.938077 -1150.460413 -1547.118431 -2495.374677 -2941.671313 -2945.533536 -2945.544530 -2945.544554 -2945.544554 -2945.544554 -2945.544554 -2945.544553 -2945.543753 -2945.156739 -2822.777494 -1463.233048 -877.061846 -699.634141 -592.697148 -578.291803 -577.577474 -577.716468 -577.779671 -577.798138 -577.803116 -577.804488 -577.804948 -577.805198 -577.805416 -577.805641 -577.805875 -577.806115 -577.806358 -577.806597 -577.806825 -577.807042 -577.807244 -577.807427 -577.807592 -577.807739 -577.807867 -577.807977 -577.808071 -577.808149 -577.808214 -577.808268 -577.808316 -577.808369 -577.808470 -577.808769 -577.809815 -577.813620 -577.827466 -577.877747 -578.062943 -578.779829 -581.808830 -596.090344 -9999.0 -9999.0
-9999.0 -9999.0 867.813861 769.379245 672.558143 577.432937 484.081314 392.571181 302.939082 215.254642 129.616132 46.072869 -35.285243 -114.644836 -192.509700 -268.458521 -339.378538 -394.439048 -429.427165 -448.272182 -456.932655 -459.981753 -460.199666 -459.123275 -457.566205 -455.948372 -454.487023 -453.301883 -452.460069 -451.982830 -434.194243 -401.277216 -372.249421 -347.485718 -338.073150 -391.180227 -439.028734 -479.725192 -512.015890 -536.162356 -555.559947 -586.164463 -694.339771 -797.281485 -935.938077 -1150.460413 -1547.118431 -2495.374677 -2941.671313 -2945.533536 -2945.544530 -2945.544554 -2945.544554 -2945.544554 -2945.544554 -2945.544553 -2945.543753 -2945.156739 -2822.777494 -1463.233047 -877.061846 -699.634141 -592.697148 -578.291803 -577.577474 -577.716468 -577.779671 -577.798138 -577.803116 -577.804488 -577.804948 -577.805198 -577.805416 -577.805641 -577.805875 -577.806115 -577.806358 -577.806597 -577.806826 -577.807042 -577.807244 -577.807427 -577.807593 -577.807739 -577.807867 -577.807977 -577.808071 -577.808149 -577.808214 -577.808268 -577.808316 -577.808369 -577.808470 -577.808769 -577.809815 -577.813620 -577.827466 -577.877747 -578.062943 -578.779829 -581.808830 -596.090344 -9999.0 -9999.0
-9999.0 -9999.0 867.813861 769.379245 672.558143 577.432937 484.081313 392.571181 302.939081 215.254642 129.616132 46.072868 -35.285243 -114.644836 -192.509700 -268.458521 -339.378538 -394.439048 -429.427165 -448.272182 -456.932655 -459.981753 -460.199666 -459.123275 -457.566205 -455.948372 -454.487023 -453.301883 -452.460069 -451.982830 -434.194243 -401.277216 -372.249421 -347.485718 -338.073150 -391.180227 -439.028734 -479.725192 -512.015890 -536.162356 -555.559947 -586.164463 -694.339771 -797.281485 -935.938077 -1150.460413 -1547.118431 -2495.374677 -2941.671313 -2945.533536 -2945.544530 -2945.544554 -2945.544554 -2945.544554 -2945.544554 -2945.544553 -2945.543753 -2945.156739 -2822.777493 -1463.233047 -877.061846 -699.634141 -592.697148 -578.291803 -577.577474 -577.716468 -577.779671 -577.798138 -577.803116 -577.804488 -577.804948 -577.805198 -577.805416 -577.805642 -577.805875 -577.806115 -577.806358 -577.806597 -577.806826 -577.807042 -577.807244 -577.807427 -577.807593 -577.807739 -577.807867 -577.807977 -577.808071 -577.808149 -577.808214 -577.808268 -577.808316 -577.808370 -577.808470 -577.808769 -577.809815 -577.813620 -577.827466 -577.877748 -578.062943 -578.779829 -581.808830 -596.090344 -9999.0 -9999.0
-9999.0 -9999.0 867.813861 769.379245 672.558143 577.432936 484.081314 392.571181 302.939082 215.254642 129.616132 46.072868 -35.285243 -114.644836 -192.509700 -268.458521 -339.378538 -394.439048 -429.427165 -448.272182 -456.932655 -459.981753 -460.199666 -459.123275 -457.566205 -455.948372 -454.487023 -453.301883 -452.460069 -451.982830 -434.194243 -401.277216 -372.249421 -347.485718 -338.073150 -391.180227 -439.028734 -479.725192 -512.015890 -536.162356 -555.559947 -586.164463 -694.339771 -797.281485 -935.938077 -1150.460413 -1547.118431 -2495.374677 -2941.671313 -2945.533536 -2945.544530 -2945.544554 -2945.544554 -2945.544554 -2945.544554 -2945.544553 -2945.543753 -2945.156739 -2822.777493 -1463.233047 -877.061846 -699.634141 -592.697148 -578.291803 -577.577474 -577.716468 -577.779671 -577.798138 -577.803116 -577.804488 -577.804948 -577.805198 -577.805416 -577.805642 -577.805875 -577.806115 -577.806358 -577.806597 -577.806826 -577.807042 -577.807244 -577.807427 -577.807593 -577.807739 -577.807867 -577.807977 -577.808071 -577.808149 -577.808214 -577.808268 -577.808316 -577.808370 -577.808470 -577.808769 -577.809815 -577.813620 -577.827466 -577.877748 -578.062943 -578.779829 -581.808830 -596.090344 -9999.0 -9999.0
-9999.0 -9999.0 867.813861 769.379245 672.558143 577.432937 484.081313 392.571181 302.939082 215.254643 129.616132 46.072869 -35.285243 -114.644836 -192.509700 -268.458521 -339.378538 -394.439048 -429.427165 -448.272182 -456.932655 -459.981753 -460.199666 -459.123275 -457.566205 -455.948372 -454.487023 -453.301883 -452.460069 -451.982830 -434.194243 -401.277216 -372.249421 -347.485718 -338.073150 -391.180227 -439.028734 -479.725192 -512.015890 -536.162356 -555.559947 -586.164463 -694.339771 -797.281485 -935.938077 -1150.460413 -1547.118431 -2495.374677 -2941.671313 -2945.533536 -2945.544530 -2945.544554 -2945.544554 -2945.544554 -2945.544554 -2945.544553 -2945.543753 -2945.156739 -2822.777494 -1463.233047 -877.061846 -699.634141 -592.697148 -578.291803 -577.577474 -577.716468 -577.779671 -577.798138 -577.803116 -577.804488 -577.804948 -577.805198 -577.805416 -577.805641 -577.805875 -577.806115 -577.806358 -577.806597 -577.806826 -577.807042 -577.807244 -577.807427 -577.807593 -577.807739 -577.807867 -577.807977 -577.808071 -577.808149 -577.808214 -577.808268 -577.808316 -577.808369 -577.808470 -577.808769 -577.809815 -577.813620 -577.827466 -577.877747 -578.062943 -578.779829 -581.808830 -596.090344 -9999.0 -9999.0
-9999.0 -9999.0 867.813861 769.379245 672.558143 577.432937 484.081313 392.571181 302.939082 215.254643 129.616133 46.072869 -35.285243 -114.644835 -192.509699 -268.458521 -339.378538 -394.439048 -429.427165 -448.272182 -456.932655 -459.981753 -460.199666 -459.123275 -457.566205 -455.948372 -454.487023 -453.301883 -452.460069 -451.982830 -434.194243 -401.277216 -372.249421 -347.485718 -338.073150 -391.180227 -439.028734 -479.725192 -512.015890 -536.162356 -555.559947 -586.164463 -694.339771 -797.281485 -935.938077 -1150.460413 -1547.118431 -2495.374677 -2941.671313 -2945.533536 -2945.544530 -2945.544554 -2945.544554 -2945.544554 -2945.544554 -2945.544553 -2945.543753 -2945.156739 -2822.777494 -1463.233048 -877.061846 -699.634141 -592.697148 -578.291803 -577.577474 -577.716468 -577.779671 -577.798138 -577.803116 -577.804488 -577.804948 -577.805198 -577.805416 -577.805641 -577.805875 -577.806115 -577.806358 -577.806597 -577.806825 -577.807042 -577.807244 -577.807427 -577.807592 -577.807739 -577.807867 -577.807977 -577.808071 -577.808149 -577.808214 -577.808268 -577.808316 -577.808369 -577.808470 -577.808769 -577.809815 -577.813620 -577.827466 -577.877747 -578.062943 -578.779829 -581.808830 -596.090344 -9999.0 -9999.0
-9999.0 -9999.0 -9999.0 -9999.0 -9999.0 -9999.0 -9999.0 -9999.0 -9999.0 -9999.0 -9999.0 -9999.0 -9999.0 -9999.0 -9999.0 -9999.0 -9999.0 -9999.0 -9999.0 -9999.0 -9999.0 -9999.0 -9999.0 -9999.0 -9999.0 -9999.0 -9999.0 -9999.0 -9999.0 -9999.0 -9999.0 -9999.0 -9999.0 -9999.0 -9999.0 -9999.0 -9999.0 -9999.0 -9999.0 -9999.0 -9999.0 -9999.0 -9999.0 -9999.0 -9999.0 -9999.0 -9999.0 -9999.0 -9999.0 -9999.0 -9999.0 -9999.0 -9999.0 -9999.0 -9999.0 -9999.0 -9999.0 -9999.0 -9999.0 -9999.0 -9999.0 -9999.0 -9999.0 -9999.0 -9999.0 -9999.0 -9999.0 -9999.0 -9999.0 -9999.0 -9999.0 -9999.0 -9999.0 -9999.0 -9999.0 -9999.0 -9999.0 -9999.0 -9999.0 -9999.0 -9999.0 -9999.0 -9999.0 -9999.0 -9999.0 -9999.0 -9999.0 -9999.0 -9999.0 -9999.0 -9999.0 -9999.0 -9999.0 -9999.0 -9999.0 -9999.0 -9999.0 -9999.0 -9999.0 -9999.0 -9999.0 -9999.0 -9999.0 -9999.0
-9999.0 -9999.0 -9999.0 -9999.0 -9999.0 -9999.0 -9999.0 -9999.0 -9999.0 -9999.0 -9999.0 -9999.0 -9999.0 -9999.0 -9999.0 -9999.0 -9999.0 -9999.0 -9999.0 -9999.0 -9999.0 -9999.0 -9999.0 -9999.0 -9999.0 -9999.0 -9999.0 -9999.0 -9999.0 -9999.0 -9999.0 -9999.0 -9999.0 -9999.0 -9999.0 -9999.0 -9999.0 -9999.0 -9999.0 -9999.0 -9999.0 -9999.0 -9999.0 -9999.0 -9999.0 -9999.0 -9999.0 -9999.0 -9999.0 -9999.0 -9999.0 -9999.0 -9999.0 -9999.0 -9999.0 -9999.0 -9999.0 -9999.0 -9999.0 -9999.0 -9999.0 -9999.0 -9999.0 -9999.0 -9999.0 -9999.0 -9999.0 -9999.0 -9999.0 -9999.0 -9999.0 -9999.0 -9999.0 -9999.0 -9999.0 -9999.0 -9999.0 -9999.0 -9999.0 -9999.0 -9999.0 -9999.0 -9999.0 -9999.0 -9999.0 -9999.0 -9999.0 -9999.0 -9999.0 -9999.0 -9999.0 -9999.0 -9999.0 -9999.0 -9999.0 -9999.0 -9999.0 -9999.0 -9999.0 -9999.0 -9999.0 -9999.0 -9999.0 -9999.0