examples/3D/hillslope02_superslab/output-maps-SE27XX/psiliqL0035N0003.asc
ncols         104
nrows         10
xllcorner     -2.000000
yllcorner     0.000000
cellsize      1.000000
NODATA_value  -9999.0
-9999.0 -9999.0 -9999.0 -9999.0 -9999.0 -9999.0 -9999.0 -9999.0 -9999.0 -9999.0 -9999.0 -9999.0 -9999.0 -9999.0 -9999.0 -9999.0 -9999.0 -9999.0 -9999.0 -9999.0 -9999.0 -9999.0 -9999.0 -9999.0 -9999.0 -9999.0 -9999.0 -9999.0 -9999.0 -9999.0 -9999.0 -9999.0 -9999.0 -9999.0 -9999.0 -9999.0 -9999.0 -9999.0 -9999.0 -9999.0 -9999.0 -9999.0 -9999.0 -9999.0 -9999.0 -9999.0 -9999.0 -9999.0 -9999.0 -9999.0 -9999.0 -9999.0 -9999.0 -9999.0 -9999.0 -9999.0 -9999.0 -9999.0 -9999.0 -9999.0 -9999.0 -9999.0 -9999.0 -9999.0 -9999.0 -9999.0 -9999.0 -9999.0 -9999.0 -9999.0 -9999.0 -9999.0 -9999.0 -9999.0 -9999.0 -9999.0 -9999.0 -9999.0 -9999.0 -9999.0 -9999.0 -9999.0 -9999.0 -9999.0 -9999.0 -9999.0 -9999.0 -9999.0 -9999.0 -9999.0 -9999.0 -9999.0 -9999.0 -9999.0 -9999.0 -9999.0 -9999.0 -9999.0 -9999.0 -9999.0 -9999.0 -9999.0 -9999.0 -9999.0
-9999.0 -9999.0 -9999.0 -9999.0 -9999.0 -9999.0 -9999.0 -9999.0 -9999.0 -9999.0 -9999.0 -9999.0 -9999.0 -9999.0 -9999.0 -9999.0 -9999.0 -9999.0 -9999.0 -9999.0 -9999.0 -9999.0 -9999.0 -9999.0 -9999.0 -9999.0 -9999.0 -9999.0 -9999.0 -9999.0 -9999.0 -9999.0 -9999.0 -9999.0 -9999.0 -9999.0 -9999.0 -9999.0 -9999.0 -9999.0 -9999.0 -9999.0 -9999.0 -9999.0 -9999.0 -9999.0 -9999.0 -9999.0 -9999.0 -9999.0 -9999.0 -9999.0 -9999.0 -9999.0 -9999.0 -9999.0 -9999.0 -9999.0 -9999.0 -9999.0 -9999.0 -9999.0 -9999.0 -9999.0 -9999.0 -9999.0 -9999.0 -9999.0 -9999.0 -9999.0 -9999.0 -9999.0 -9999.0 -9999.0 -9999.0 -9999.0 -9999.0 -9999.0 -9999.0 -9999.0 -9999.0 -9999.0 -9999.0 -9999.0 -9999.0 -9999.0 -9999.0 -9999.0 -9999.0 -9999.0 -9999.0 -9999.0 -9999.0 -9999.0 -9999.0 -9999.0 -9999.0 -9999.0 -9999.0 -9999.0 -9999.0 -9999.0 -9999.0 -9999.0
-9999.0 -9999.0 569.273074 470.810328 373.940423 278.760442 185.354381 93.795647 4.117984 -83.694589 -170.427118 -257.046148 -343.340232 -423.952764 -480.659014 -505.386075 -510.832292 -507.896007 -502.268133 -496.312630 -490.839262 -486.050077 -481.949494 -478.493970 -475.632678 -473.314571 -471.495789 -459.306116 -435.438752 -412.620256 -391.844509 -386.391261 -423.001881 -460.015563 -494.555649 -524.592449 -548.914910 -567.191480 -579.914430 -588.510215 -596.996312 -625.331133 -781.763273 -948.523925 -1262.457306 -2021.344094 -3184.593316 -3242.416861 -3242.573942 -3242.574257 -3242.574257 -3242.574257 -3242.574257 -3242.574257 -3242.574257 -3242.574257 -3242.573964 -3242.405053 -3172.971753 -1765.282258 -994.419589 -766.207854 -618.407613 -603.003468 -602.404988 -602.557698 -602.620416 -602.638313 -602.643069 -602.644316 -602.644650 -602.644751 -602.644794 -602.644825 -602.644854 -602.644882 -602.644911 -602.644940 -602.644968 -602.644994 -602.645019 -602.645042 -602.645062 -602.645080 -602.645096 -602.645109 -602.645121 -602.645131 -602.645139 -602.645147 -602.645156 -602.645178 -602.645246 -602.645489 -602.646384 -602.649683 -602.661759 -602.705791 -602.868482 -603.502449 -606.240388 -619.730987 -9999.0 -9999.0
-9999.0 -9999.0 569.273074 470.810327 373.940423 278.760442 185.354381 93.795646 4.117984 -83.694589 -170.427118 -257.046149 -343.340232 -423.952764 -480.659014 -505.386075 -510.832292 -507.896007 -502.268133 -496.312630 -490.839262 -486.050077 -481.949494 -478.493970 -475.632678 -473.314571 -471.495789 -459.306116 -435.438752 -412.620256 -391.844509 -386.391261 -423.001881 -460.015563 -494.555649 -524.592449 -548.914910 -567.191480 -579.914430 -588.510215 -596.996312 -625.331133 -781.763273 -948.523925 -1262.457306 -2021.344094 -3184.593316 -3242.416861 -3242.573942 -3242.574257 -3242.574257 -3242.574257 -3242.574257 -3242.574257 -3242.574257 -3242.574257 -3242.573964 -3242.405053 -3172.971753 -1765.282257 -994.419588 -766.207854 -618.407613 -603.003468 -602.404988 -602.557698 -602.620416 -602.638313 -602.643069 -602.644316 -602.644650 -602.644751 -602.644794 -602.644825 -602.644854 -602.644882 -602.644911 -602.644940 -602.644968 -602.644994 -602.645019 -602.645042 -602.645062 -602.645080 -602.645096 -602.645109 -602.645121 -602.645131 -602.645139 -602.645147 -602.645157 -602.645178 -602.645246 -602.645489 -602.646384 -602.649683 -602.661759 -602.705791 -602.868482 -603.502449 -606.240388 -619.730987 -9999.0 -9999.0
-9999.0 -9999.0 569.273073 470.810328 373.940423 278.760442 185.354381 93.795646 4.117983 -83.694589 -170.427118 -257.046149 -343.340232 -423.952764 -480.659014 -505.386075 -510.832292 -507.896007 -502.268133 -496.312630 -490.839262 -486.050077 -481.949494 -478.493970 -475.632678 -473.314571 -471.495789 -459.306116 -435.438752 -412.620256 -391.844509 -386.391261 -423.001881 -460.015563 -494.555649 -524.592449 -548.914910 -567.191480 -579.914430 -588.510215 -596.996312 -625.331133 -781.763273 -948.523925 -1262.457306 -2021.344094 -3184.593316 -3242.416861 -3242.573942 -3242.574257 -3242.574257 -3242.574257 -3242.574257 -3242.574257 -3242.574257 -3242.574257 -3242.573964 -3242.405053 -3172.971753 -1765.282257 -994.419588 -766.207854 -618.407613 -603.003468 -602.404988 -602.557698 -602.620416 -602.638313 -602.643070 -602.644316 -602.644651 -602.644751 -602.644795 -602.644825 -602.644854 -602.644882 -602.644911 -602.644940 -602.644968 -602.644995 -602.645019 -602.645042 -602.645062 -602.645080 -602.645096 -602.645109 -602.645121 -602.645131 -602.645139 -602.645147 -602.645157 -602.645178 -602.645246 -602.645489 -602.646385 -602.649683 -602.661759 -602.705791 -602.868482 -603.502449 -606.240388 -619.730987 -9999.0 -9999.0
-9999.0 -9999.0 569.273074 470.810327 373.940423 278.760442 185.354381 93.795646 4.117984 -83.694589 -170.427118 -257.046149 -343.340232 -423.952764 -480.659014 -505.386075 -510.832292 -507.896007 -502.268133 -496.312630 -490.839262 -486.050077 -481.949494 -478.493970 -475.632678 -473.314571 -471.495789 -459.306116 -435.438752 -412.620256 -391.844509 -386.391261 -423.001881 -460.015563 -494.555649 -524.592449 -548.914910 -567.191480 -579.914430 -588.510215 -596.996312 -625.331133 -781.763273 -948.523925 -1262.457306 -2021.344094 -3184.593316 -3242.416861 -3242.573942 -3242.574257 -3242.574257 -3242.574257 -3242.574257 -3242.574257 -3242.574257 -3242.574257 -3242.573964 -3242.405053 -3172.971753 -1765.282257 -994.419588 -766.207854 -618.407613 -603.003468 -602.404988 -602.557698 -602.620416 -602.638313 -602.643070 -602.644316 -602.644651 -602.644751 -602.644795 -602.644825 -602.644854 -602.644882 -602.644911 -602.644940 -602.644968 -602.644995 -602.645019 -602.645042 -602.645062 -602.645080 -602.645096 -602.645109 -602.645121 -602.645131 -602.645139 -602.645147 -602.645157 -602.645178 -602.645246 -602.645489 -602.646385 -602.649683 -602.661759 -602.705791 -602.868482 -603.502449 -606.240388 -619.730987 -9999.0 -9999.0
-9999.0 -9999.0 569.273073 470.810328 373.940423 278.760442 185.354381 93.795646 4.117984 -83.694589 -170.427118 -257.046149 -343.340232 -423.952764 -480.659014 -505.386075 -510.832292 -507.896007 -502.268133 -496.312630 -490.839262 -486.050077 -481.949494 -478.493970 -475.632678 -473.314571 -471.495789 -459.306116 -435.438752 -412.620256 -391.844509 -386.391261 -423.001881 -460.015563 -494.555649 -524.592449 -548.914910 -567.191480 -579.914430 -588.510215 -596.996312 -625.331133 -781.763273 -948.523925 -1262.457306 -2021.344094 -3184.593316 -3242.416861 -3242.573942 -3242.574257 -3242.574257 -3242.574257 -3242.574257 -3242.574257 -3242.574257 -3242.574257 -3242.573964 -3242.405053 -3172.971753 -1765.282257 -994.419588 -766.207854 -618.407613 -603.003468 -602.404988 -602.557698 -602.620416 -602.638313 -602.643069 -602.644316 -602.644650 -602.644751 -602.644794 -602.644825 -602.644854 -602.644882 -602.644911 -602.644940 -602.644968 -602.644994 -602.645019 -602.645042 -602.645062 -602.645080 -602.645096 -602.645109 -602.645121 -602.645131 -602.645139 -602.645147 -602.645157 -602.645178 -602.645246 -602.645489 -602.646384 -602.649683 -602.661759 -602.705791 -602.868482 -603.502449 -606.240388 -619.730987 -9999.0 -9999.0
-9999.0 -9999.0 569.273074 470.810327 373.940423 278.760442 185.354381 93.795647 4.117984 -83.694589 -170.427118 -257.046148 -343.340232 -423.952764 -480.659014 -505.386075 -510.832292 -507.896007 -502.268133 -496.312630 -490.839262 -486.050077 -481.949494 -478.493970 -475.632678 -473.314571 -471.495789 -459.306116 -435.438752 -412.620256 -391.844509 -386.391261 -423.001881 -460.015563 -494.555649 -524.592449 -548.914910 -567.191480 -579.914430 -588.510215 -596.996312 -625.331133 -781.763273 -948.523925 -1262.457306 -2021.344094 -3184.593316 -3242.416861 -3242.573942 -3242.574257 -3242.574257 -3242.574257 -3242.574257 -3242.574257 -3242.574257 -3242.574257 -3242.573964 -3242.405053 -3172.971753 -1765.282258 -994.419589 -766.207854 -618.407613 -603.003468 -602.404988 -602.557698 -602.620416 -602.638313 -602.643069 -602.644316 -602.644650 -602.644751 -602.644794 -602.644825 -602.644854 -602.644882 -602.644911 -602.644940 -602.644968 -602.644994 -602.645019 -602.645042 -602.645062 -602.645080 -602.645096 -602.645109 -602.645121 -602.645131 -602.645139 -602.645147 -602.645156 -602.645178 -602.645246 -602.645489 -602.646384 -602.649683 -602.661759 -602.705791 -602.868482 -603.502449 -606.240388 -619.730987 -9999.0 -9999.0
-9999.0 -9999.0 -9999.0 -9999.0 -9999.0 -9999.0 -9999.0 -9999.0 -9999.0 -9999.0 -9999.0 -9999.0 -9999.0 -9999.0 -9999.0 -9999.0 -9999.0 -9999.0 -9999.0 -9999.0 -9999.0 -9999.0 -9999.0 -9999.0 -9999.0 -9999.0 -9999.0 -9999.0 -9999.0 -9999.0 -9999.0 -9999.0 -9999.0 -9999.0 -9999.0 -9999.0 -9999.0 -9999.0 -9999.0 -9999.0 -9999.0 -9999.0 -9999.0 -9999.0 -9999.0 -9999.0 -9999.0 -9999.0 -9999.0 -9999.0 -9999.0 -9999.0 -9999.0 -9999.0 -9999.0 -9999.0 -9999.0 -9999.0 -9999.0 -9999.0 -9999.0 -9999.0 -9999.0 -9999.0 -9999.0 -9999.0 -9999.0 -9999.0 -9999.0 -9999.0 -9999.0 -9999.0 -9999.0 -9999.0 -9999.0 -9999.0 -9999.0 -9999.0 -9999.0 -9999.0 -9999.0 -9999.0 -9999.0 -9999.0 -9999.0 -9999.0 -9999.0 -9999.0 -9999.0 -9999.0 -9999.0 -9999.0 -9999.0 -9999.0 -9999.0 -9999.0 -9999.0 -9999.0 -9999.0 -9999.0 -9999.0 -9999.0 -9999.0 -9999.0
-9999.0 -9999.0 -9999.0 -9999.0 -9999.0 -9999.0 -9999.0 -9999.0 -9999.0 -9999.0 -9999.0 -9999.0 -9999.0 -9999.0 -9999.0 -9999.0 -9999.0 -9999.0 -9999.0 -9999.0 -9999.0 -9999.0 -9999.0 -9999.0 -9999.0 -9999.0 -9999.0 -9999.0 -9999.0 -9999.0 -9999.0 -9999.0 -9999.0 -9999.0 -9999.0 -9999.0 -9999.0 -9999.0 -9999.0 -9999.0 -9999.0 -9999.0 -9999.0 -9999.0 -9999.0 -9999.0 -9999.0 -9999.0 -9999.0 -9999.0 -9999.0 -9999.0 -9999.0 -9999.0 -9999.0 -9999.0 -9999.0 -9999.0 -9999.0 -9999.0 -9999.0 -9999.0 -9999.0 -9999.0 -9999.0 -9999.0 -9999.0 -9999.0 -9999.0 -9999.0 -9999.0 -9999.0 -9999.0 -9999.0 -9999.0 -9999.0 -9999.0 -9999.0 -9999.0 -9999.0 -9999.0 -9999.0 -9999.0 -9999.0 -9999.0 -9999.0 -9999.0 -9999.0 -9999.0 -9999.0 -9999.0 -9999.0 -9999.0 -9999.0 -9999.0 -9999.0 -9999.0 -9999.0 -9999.0 -9999.0 -9999.0 -9999.0 -9999.0 -9999.0