examples/3D/hillslope02_superslab/output-maps-SE27XX/psiliqL0089N0001.asc
ncols         104
nrows         10
xllcorner     -2.000000
yllcorner     0.000000
cellsize      1.000000
NODATA_value  -9999.0
-9999.0 -9999.0 -9999.0 -9999.0 -9999.0 -9999.0 -9999.0 -9999.0 -9999.0 -9999.0 -9999.0 -9999.0 -9999.0 -9999.0 -9999.0 -9999.0 -9999.0 -9999.0 -9999.0 -9999.0 -9999.0 -9999.0 -9999.0 -9999.0 -9999.0 -9999.0 -9999.0 -9999.0 -9999.0 -9999.0 -9999.0 -9999.0 -9999.0 -9999.0 -9999.0 -9999.0 -9999.0 -9999.0 -9999.0 -9999.0 -9999.0 -9999.0 -9999.0 -9999.0 -9999.0 -9999.0 -9999.0 -9999.0 -9999.0 -9999.0 -9999.0 -9999.0 -9999.0 -9999.0 -9999.0 -9999.0 -9999.0 -9999.0 -9999.0 -9999.0 -9999.0 -9999.0 -9999.0 -9999.0 -9999.0 -9999.0 -9999.0 -9999.0 -9999.0 -9999.0 -9999.0 -9999.0 -9999.0 -9999.0 -9999.0 -9999.0 -9999.0 -9999.0 -9999.0 -9999.0 -9999.0 -9999.0 -9999.0 -9999.0 -9999.0 -9999.0 -9999.0 -9999.0 -9999.0 -9999.0 -9999.0 -9999.0 -9999.0 -9999.0 -9999.0 -9999.0 -9999.0 -9999.0 -9999.0 -9999.0 -9999.0 -9999.0 -9999.0 -9999.0
-9999.0 -9999.0 -9999.0 -9999.0 -9999.0 -9999.0 -9999.0 -9999.0 -9999.0 -9999.0 -9999.0 -9999.0 -9999.0 -9999.0 -9999.0 -9999.0 -9999.0 -9999.0 -9999.0 -9999.0 -9999.0 -9999.0 -9999.0 -9999.0 -9999.0 -9999.0 -9999.0 -9999.0 -9999.0 -9999.0 -9999.0 -9999.0 -9999.0 -9999.0 -9999.0 -9999.0 -9999.0 -9999.0 -9999.0 -9999.0 -9999.0 -9999.0 -9999.0 -9999.0 -9999.0 -9999.0 -9999.0 -9999.0 -9999.0 -9999.0 -9999.0 -9999.0 -9999.0 -9999.0 -9999.0 -9999.0 -9999.0 -9999.0 -9999.0 -9999.0 -9999.0 -9999.0 -9999.0 -9999.0 -9999.0 -9999.0 -9999.0 -9999.0 -9999.0 -9999.0 -9999.0 -9999.0 -9999.0 -9999.0 -9999.0 -9999.0 -9999.0 -9999.0 -9999.0 -9999.0 -9999.0 -9999.0 -9999.0 -9999.0 -9999.0 -9999.0 -9999.0 -9999.0 -9999.0 -9999.0 -9999.0 -9999.0 -9999.0 -9999.0 -9999.0 -9999.0 -9999.0 -9999.0 -9999.0 -9999.0 -9999.0 -9999.0 -9999.0 -9999.0
-9999.0 -9999.0 -140.651187 -238.254958 -332.090237 -418.325951 -488.574475 -533.807738 -555.983182 -564.537475 -567.629067 -568.721351 -569.103572 -569.236597 -569.282699 -569.298612 -569.304080 -569.305948 -569.306579 -569.306786 -569.306846 -569.306853 -569.306838 -569.306811 -569.306775 -569.306729 -569.306671 -569.306602 -569.306518 -569.306420 -569.306306 -569.306176 -569.306031 -569.305871 -569.305698 -569.305515 -569.305326 -569.305127 -569.304546 -569.281815 -568.837603 -569.218364 -569.303498 -569.304122 -569.303231 -569.300121 -569.291605 -569.272609 -569.237073 -569.182096 -569.151416 -569.598861 -569.334659 -569.319633 -569.322072 -569.327879 -569.336656 -569.349071 -569.366217 -569.389553 -569.420939 -569.462675 -569.517557 -569.588927 -569.680719 -569.797486 -569.944419 -570.127341 -570.352685 -570.627454 -570.959160 -571.355754 -571.825549 -572.377140 -573.019336 -573.761097 -574.611506 -575.579754 -576.675165 -577.907262 -579.285867 -580.821257 -582.524366 -584.407061 -586.482484 -588.765496 -591.273244 -594.025893 -597.047600 -600.367804 -604.023015 -608.059334 -612.536108 -617.531433 -623.150754 -629.540953 -636.914783 -645.596463 -656.115632 -669.433579 -687.675277 -718.072819 -9999.0 -9999.0
-9999.0 -9999.0 -140.651187 -238.254958 -332.090237 -418.325951 -488.574475 -533.807738 -555.983182 -564.537475 -567.629067 -568.721351 -569.103572 -569.236597 -569.282699 -569.298612 -569.304080 -569.305948 -569.306579 -569.306786 -569.306846 -569.306853 -569.306838 -569.306811 -569.306775 -569.306729 -569.306671 -569.306602 -569.306518 -569.306420 -569.306306 -569.306176 -569.306031 -569.305871 -569.305698 -569.305515 -569.305326 -569.305127 -569.304546 -569.281815 -568.837603 -569.218364 -569.303498 -569.304122 -569.303231 -569.300121 -569.291605 -569.272609 -569.237073 -569.182096 -569.151416 -569.598861 -569.334659 -569.319633 -569.322072 -569.327879 -569.336656 -569.349071 -569.366217 -569.389553 -569.420939 -569.462675 -569.517557 -569.588927 -569.680719 -569.797486 -569.944419 -570.127341 -570.352685 -570.627454 -570.959160 -571.355754 -571.825549 -572.377140 -573.019336 -573.761097 -574.611506 -575.579754 -576.675165 -577.907262 -579.285867 -580.821257 -582.524366 -584.407061 -586.482484 -588.765496 -591.273244 -594.025893 -597.047600 -600.367804 -604.023015 -608.059334 -612.536108 -617.531433 -623.150754 -629.540953 -636.914783 -645.596463 -656.115632 -669.433579 -687.675277 -718.072819 -9999.0 -9999.0
-9999.0 -9999.0 -140.651187 -238.254958 -332.090237 -418.325951 -488.574475 -533.807738 -555.983182 -564.537475 -567.629067 -568.721351 -569.103572 -569.236597 -569.282699 -569.298612 -569.304080 -569.305948 -569.306579 -569.306786 -569.306846 -569.306853 -569.306838 -569.306811 -569.306775 -569.306729 -569.306671 -569.306602 -569.306518 -569.306420 -569.306306 -569.306176 -569.306031 -569.305871 -569.305698 -569.305515 -569.305326 -569.305127 -569.304546 -569.281815 -568.837603 -569.218364 -569.303498 -569.304122 -569.303231 -569.300121 -569.291605 -569.272609 -569.237073 -569.182096 -569.151416 -569.598861 -569.334659 -569.319633 -569.322072 -569.327879 -569.336656 -569.349071 -569.366217 -569.389553 -569.420939 -569.462675 -569.517557 -569.588927 -569.680719 -569.797486 -569.944419 -570.127341 -570.352685 -570.627454 -570.959160 -571.355754 -571.825549 -572.377140 -573.019336 -573.761097 -574.611506 -575.579754 -576.675165 -577.907262 -579.285867 -580.821257 -582.524366 -584.407061 -586.482484 -588.765496 -591.273244 -594.025893 -597.047600 -600.367804 -604.023015 -608.059334 -612.536108 -617.531433 -623.150754 -629.540953 -636.914783 -645.596463 -656.115632 -669.433579 -687.675277 -718.072819 -9999.0 -9999.0
-9999.0 -9999.0 -140.651187 -238.254958 -332.090237 -418.325951 -488.574475 -533.807738 -555.983182 -564.537475 -567.629067 -568.721351 -569.103572 -569.236597 -569.282699 -569.298612 -569.304080 -569.305948 -569.306579 -569.306786 -569.306846 -569.306853 -569.306838 -569.306811 -569.306775 -569.306729 -569.306671 -569.306602 -569.306518 -569.306420 -569.306306 -569.306176 -569.306031 -569.305871 -569.305698 -569.305515 -569.305326 -569.305127 -569.304546 -569.281815 -568.837603 -569.218364 -569.303498 -569.304122 -569.303231 -569.300121 -569.291605 -569.272609 -569.237073 -569.182096 -569.151416 -569.598861 -569.334659 -569.319633 -569.322072 -569.327879 -569.336656 -569.349071 -569.366217 -569.389553 -569.420939 -569.462675 -569.517557 -569.588927 -569.680719 -569.797486 -569.944419 -570.127341 -570.352685 -570.627454 -570.959160 -571.355754 -571.825549 -572.377140 -573.019336 -573.761097 -574.611506 -575.579754 -576.675165 -577.907262 -579.285867 -580.821257 -582.524366 -584.407061 -586.482484 -588.765496 -591.273244 -594.025893 -597.047600 -600.367804 -604.023015 -608.059334 -612.536108 -617.531433 -623.150754 -629.540953 -636.914783 -645.596463 -656.115632 -669.433579 -687.675277 -718.072819 -9999.0 -9999.0
-9999.0 -9999.0 -140.651187 -238.254958 -332.090237 -418.325951 -488.574475 -533.807738 -555.983182 -564.537475 -567.629067 -568.721351 -569.103572 -569.236597 -569.282699 -569.298612 -569.304080 -569.305948 -569.306579 -569.306786 -569.306846 -569.306853 -569.306838 -569.306811 -569.306775 -569.306729 -569.306671 -569.306602 -569.306518 -569.306420 -569.306306 -569.306176 -569.306031 -569.305871 -569.305698 -569.305515 -569.305326 -569.305127 -569.304546 -569.281815 -568.837603 -569.218364 -569.303498 -569.304122 -569.303231 -569.300121 -569.291605 -569.272609 -569.237073 -569.182096 -569.151416 -569.598861 -569.334659 -569.319633 -569.322072 -569.327879 -569.336656 -569.349071 -569.366217 -569.389553 -569.420939 -569.462675 -569.517557 -569.588927 -569.680719 -569.797486 -569.944419 -570.127341 -570.352685 -570.627454 -570.959160 -571.355754 -571.825549 -572.377140 -573.019336 -573.761097 -574.611506 -575.579754 -576.675165 -577.907262 -579.285867 -580.821257 -582.524366 -584.407061 -586.482484 -588.765496 -591.273244 -594.025893 -597.047600 -600.367804 -604.023015 -608.059334 -612.536108 -617.531433 -623.150754 -629.540953 -636.914783 -645.596463 -656.115632 -669.433579 -687.675277 -718.072819 -9999.0 -9999.0
-9999.0 -9999.0 -140.651187 -238.254958 -332.090237 -418.325951 -488.574475 -533.807738 -555.983182 -564.537475 -567.629067 -568.721351 -569.103572 -569.236597 -569.282699 -569.298612 -569.304080 -569.305948 -569.306579 -569.306786 -569.306846 -569.306853 -569.306838 -569.306811 -569.306775 -569.306729 -569.306671 -569.306602 -569.306518 -569.306420 -569.306306 -569.306176 -569.306031 -569.305871 -569.305698 -569.305515 -569.305326 -569.305127 -569.304546 -569.281815 -568.837603 -569.218364 -569.303498 -569.304122 -569.303231 -569.300121 -569.291605 -569.272609 -569.237073 -569.182096 -569.151416 -569.598861 -569.334659 -569.319633 -569.322072 -569.327879 -569.336656 -569.349071 -569.366217 -569.389553 -569.420939 -569.462675 -569.517557 -569.588927 -569.680719 -569.797486 -569.944419 -570.127341 -570.352685 -570.627454 -570.959160 -571.355754 -571.825549 -572.377140 -573.019336 -573.761097 -574.611506 -575.579754 -576.675165 -577.907262 -579.285867 -580.821257 -582.524366 -584.407061 -586.482484 -588.765496 -591.273244 -594.025893 -597.047600 -600.367804 -604.023015 -608.059334 -612.536108 -617.531433 -623.150754 -629.540953 -636.914783 -645.596463 -656.115632 -669.433579 -687.675277 -718.072819 -9999.0 -9999.0
-9999.0 -9999.0 -9999.0 -9999.0 -9999.0 -9999.0 -9999.0 -9999.0 -9999.0 -9999.0 -9999.0 -9999.0 -9999.0 -9999.0 -9999.0 -9999.0 -9999.0 -9999.0 -9999.0 -9999.0 -9999.0 -9999.0 -9999.0 -9999.0 -9999.0 -9999.0 -9999.0 -9999.0 -9999.0 -9999.0 -9999.0 -9999.0 -9999.0 -9999.0 -9999.0 -9999.0 -9999.0 -9999.0 -9999.0 -9999.0 -9999.0 -9999.0 -9999.0 -9999.0 -9999.0 -9999.0 -9999.0 -9999.0 -9999.0 -9999.0 -9999.0 -9999.0 -9999.0 -9999.0 -9999.0 -9999.0 -9999.0 -9999.0 -9999.0 -9999.0 -9999.0 -9999.0 -9999.0 -9999.0 -9999.0 -9999.0 -9999.0 -9999.0 -9999.0 -9999.0 -9999.0 -9999.0 -9999.0 -9999.0 -9999.0 -9999.0 -9999.0 -9999.0 -9999.0 -9999.0 -9999.0 -9999.0 -9999.0 -9999.0 -9999.0 -9999.0 -9999.0 -9999.0 -9999.0 -9999.0 -9999.0 -9999.0 -9999.0 -9999.0 -9999.0 -9999.0 -9999.0 -9999.0 -9999.0 -9999.0 -9999.0 -9999.0 -9999.0 -9999.0
-9999.0 -9999.0 -9999.0 -9999.0 -9999.0 -9999.0 -9999.0 -9999.0 -9999.0 -9999.0 -9999.0 -9999.0 -9999.0 -9999.0 -9999.0 -9999.0 -9999.0 -9999.0 -9999.0 -9999.0 -9999.0 -9999.0 -9999.0 -9999.0 -9999.0 -9999.0 -9999.0 -9999.0 -9999.0 -9999.0 -9999.0 -9999.0 -9999.0 -9999.0 -9999.0 -9999.0 -9999.0 -9999.0 -9999.0 -9999.0 -9999.0 -9999.0 -9999.0 -9999.0 -9999.0 -9999.0 -9999.0 -9999.0 -9999.0 -9999.0 -9999.0 -9999.0 -9999.0 -9999.0 -9999.0 -9999.0 -9999.0 -9999.0 -9999.0 -9999.0 -9999.0 -9999.0 -9999.0 -9999.0 -9999.0 -9999.0 -9999.0 -9999.0 -9999.0 -9999.0 -9999.0 -9999.0 -9999.0 -9999.0 -9999.0 -9999.0 -9999.0 -9999.0 -9999.0 -9999.0 -9999.0 -9999.0 -9999.0 -9999.0 -9999.0 -9999.0 -9999.0 -9999.0 -9999.0 -9999.0 -9999.0 -9999.0 -9999.0 -9999.0 -9999.0 -9999.0 -9999.0 -9999.0 -9999.0 -9999.0 -9999.0 -9999.0 -9999.0 -9999.0