examples/3D/hillslope02_superslab/output-maps-SE27XX/psiliqL0008N0002.asc
ncols         104
nrows         10
xllcorner     -2.000000
yllcorner     0.000000
cellsize      1.000000
NODATA_value  -9999.0
-9999.0 -9999.0 -9999.0 -9999.0 -9999.0 -9999.0 -9999.0 -9999.0 -9999.0 -9999.0 -9999.0 -9999.0 -9999.0 -9999.0 -9999.0 -9999.0 -9999.0 -9999.0 -9999.0 -9999.0 -9999.0 -9999.0 -9999.0 -9999.0 -9999.0 -9999.0 -9999.0 -9999.0 -9999.0 -9999.0 -9999.0 -9999.0 -9999.0 -9999.0 -9999.0 -9999.0 -9999.0 -9999.0 -9999.0 -9999.0 -9999.0 -9999.0 -9999.0 -9999.0 -9999.0 -9999.0 -9999.0 -9999.0 -9999.0 -9999.0 -9999.0 -9999.0 -9999.0 -9999.0 -9999.0 -9999.0 -9999.0 -9999.0 -9999.0 -9999.0 -9999.0 -9999.0 -9999.0 -9999.0 -9999.0 -9999.0 -9999.0 -9999.0 -9999.0 -9999.0 -9999.0 -9999.0 -9999.0 -9999.0 -9999.0 -9999.0 -9999.0 -9999.0 -9999.0 -9999.0 -9999.0 -9999.0 -9999.0 -9999.0 -9999.0 -9999.0 -9999.0 -9999.0 -9999.0 -9999.0 -9999.0 -9999.0 -9999.0 -9999.0 -9999.0 -9999.0 -9999.0 -9999.0 -9999.0 -9999.0 -9999.0 -9999.0 -9999.0 -9999.0
-9999.0 -9999.0 -9999.0 -9999.0 -9999.0 -9999.0 -9999.0 -9999.0 -9999.0 -9999.0 -9999.0 -9999.0 -9999.0 -9999.0 -9999.0 -9999.0 -9999.0 -9999.0 -9999.0 -9999.0 -9999.0 -9999.0 -9999.0 -9999.0 -9999.0 -9999.0 -9999.0 -9999.0 -9999.0 -9999.0 -9999.0 -9999.0 -9999.0 -9999.0 -9999.0 -9999.0 -9999.0 -9999.0 -9999.0 -9999.0 -9999.0 -9999.0 -9999.0 -9999.0 -9999.0 -9999.0 -9999.0 -9999.0 -9999.0 -9999.0 -9999.0 -9999.0 -9999.0 -9999.0 -9999.0 -9999.0 -9999.0 -9999.0 -9999.0 -9999.0 -9999.0 -9999.0 -9999.0 -9999.0 -9999.0 -9999.0 -9999.0 -9999.0 -9999.0 -9999.0 -9999.0 -9999.0 -9999.0 -9999.0 -9999.0 -9999.0 -9999.0 -9999.0 -9999.0 -9999.0 -9999.0 -9999.0 -9999.0 -9999.0 -9999.0 -9999.0 -9999.0 -9999.0 -9999.0 -9999.0 -9999.0 -9999.0 -9999.0 -9999.0 -9999.0 -9999.0 -9999.0 -9999.0 -9999.0 -9999.0 -9999.0 -9999.0 -9999.0 -9999.0
-9999.0 -9999.0 -323.990453 -347.800195 -353.387711 -353.626436 -349.782244 -340.061654 -323.803564 -297.459467 -339.018391 -353.845383 -364.270209 -375.884681 -264.763491 -126.242812 15.038958 165.038538 211.090290 142.410785 71.317320 -1.734223 -74.827200 -145.804952 -209.712500 -261.623264 -298.650587 -322.461398 -336.312100 -342.697246 -340.509386 -325.300220 -303.419741 -286.719465 -277.828879 -274.437984 -273.900727 -274.551508 -275.304425 -274.387815 -265.689543 -236.341238 -2491.297379 -4316.900876 -4313.923558 -4312.608777 -4311.863090 -4311.472275 -4311.259797 -4311.181763 -4311.168727 -4311.210518 -4311.302058 -4311.442568 -4311.635600 -4311.889947 -4312.273573 -4312.829310 -4313.745770 -4315.578493 -4322.363019 -2485.470683 -293.498346 -339.959693 -351.826325 -354.841881 -355.618181 -355.818962 -355.870962 -355.884434 -355.887925 -355.888829 -355.889063 -355.889124 -355.889140 -355.889144 -355.889145 -355.889145 -355.889145 -355.889145 -355.889145 -355.889145 -355.889145 -355.889145 -355.889145 -355.889145 -355.889145 -355.889145 -355.889147 -355.889152 -355.889171 -355.889241 -355.889505 -355.890491 -355.894182 -355.907986 -355.959586 -356.152149 -356.867079 -359.485939 -368.804484 -400.442806 -9999.0 -9999.0
-9999.0 -9999.0 -323.990454 -347.800197 -353.387710 -353.626436 -349.782244 -340.061655 -323.803563 -297.459466 -339.018390 -353.845382 -364.270209 -375.884681 -264.763491 -126.242812 15.038957 165.038537 211.090289 142.410784 71.317319 -1.734223 -74.827200 -145.804952 -209.712500 -261.623264 -298.650588 -322.461399 -336.312101 -342.697246 -340.509387 -325.300220 -303.419741 -286.719465 -277.828879 -274.437984 -273.900727 -274.551508 -275.304425 -274.387815 -265.689543 -236.341238 -2491.297379 -4316.900876 -4313.923558 -4312.608777 -4311.863090 -4311.472275 -4311.259797 -4311.181763 -4311.168728 -4311.210518 -4311.302058 -4311.442568 -4311.635600 -4311.889947 -4312.273573 -4312.829310 -4313.745770 -4315.578492 -4322.363018 -2485.470683 -293.498344 -339.959695 -351.826325 -354.841881 -355.618182 -355.818964 -355.870964 -355.884436 -355.887926 -355.888831 -355.889065 -355.889125 -355.889141 -355.889145 -355.889146 -355.889147 -355.889147 -355.889147 -355.889147 -355.889147 -355.889147 -355.889147 -355.889147 -355.889147 -355.889147 -355.889147 -355.889149 -355.889154 -355.889172 -355.889243 -355.889507 -355.890493 -355.894184 -355.907988 -355.959588 -356.152151 -356.867084 -359.485933 -368.804492 -400.442805 -9999.0 -9999.0
-9999.0 -9999.0 -323.990454 -347.800197 -353.387711 -353.626437 -349.782244 -340.061655 -323.803564 -297.459466 -339.018390 -353.845381 -364.270209 -375.884681 -264.763491 -126.242812 15.038956 165.038536 211.090289 142.410784 71.317319 -1.734223 -74.827200 -145.804952 -209.712500 -261.623265 -298.650588 -322.461399 -336.312101 -342.697247 -340.509387 -325.300220 -303.419741 -286.719464 -277.828879 -274.437983 -273.900727 -274.551508 -275.304425 -274.387815 -265.689543 -236.341238 -2491.297379 -4316.900876 -4313.923558 -4312.608777 -4311.863090 -4311.472275 -4311.259797 -4311.181763 -4311.168728 -4311.210518 -4311.302058 -4311.442568 -4311.635600 -4311.889947 -4312.273573 -4312.829310 -4313.745770 -4315.578492 -4322.363018 -2485.470683 -293.498345 -339.959694 -351.826326 -354.841883 -355.618184 -355.818966 -355.870966 -355.884438 -355.887929 -355.888833 -355.889067 -355.889128 -355.889143 -355.889148 -355.889149 -355.889149 -355.889149 -355.889149 -355.889149 -355.889149 -355.889149 -355.889149 -355.889149 -355.889149 -355.889149 -355.889149 -355.889151 -355.889156 -355.889175 -355.889245 -355.889509 -355.890495 -355.894186 -355.907990 -355.959591 -356.152152 -356.867085 -359.485939 -368.804492 -400.442808 -9999.0 -9999.0
-9999.0 -9999.0 -323.990454 -347.800197 -353.387711 -353.626437 -349.782244 -340.061655 -323.803564 -297.459466 -339.018390 -353.845381 -364.270209 -375.884681 -264.763491 -126.242812 15.038956 165.038536 211.090289 142.410784 71.317319 -1.734223 -74.827200 -145.804952 -209.712500 -261.623265 -298.650588 -322.461399 -336.312101 -342.697247 -340.509387 -325.300220 -303.419741 -286.719464 -277.828879 -274.437983 -273.900727 -274.551508 -275.304425 -274.387815 -265.689543 -236.341238 -2491.297379 -4316.900876 -4313.923558 -4312.608777 -4311.863090 -4311.472275 -4311.259797 -4311.181763 -4311.168728 -4311.210518 -4311.302058 -4311.442568 -4311.635600 -4311.889947 -4312.273573 -4312.829310 -4313.745770 -4315.578492 -4322.363018 -2485.470683 -293.498345 -339.959694 -351.826326 -354.841883 -355.618184 -355.818966 -355.870966 -355.884438 -355.887929 -355.888833 -355.889067 -355.889128 -355.889143 -355.889148 -355.889149 -355.889149 -355.889149 -355.889149 -355.889149 -355.889149 -355.889149 -355.889149 -355.889149 -355.889149 -355.889149 -355.889149 -355.889151 -355.889156 -355.889175 -355.889245 -355.889509 -355.890495 -355.894186 -355.907990 -355.959591 -356.152152 -356.867085 -359.485939 -368.804492 -400.442808 -9999.0 -9999.0
-9999.0 -9999.0 -323.990454 -347.800197 -353.387710 -353.626436 -349.782244 -340.061655 -323.803563 -297.459466 -339.018390 -353.845382 -364.270209 -375.884681 -264.763491 -126.242812 15.038957 165.038537 211.090289 142.410784 71.317319 -1.734223 -74.827200 -145.804952 -209.712500 -261.623264 -298.650588 -322.461399 -336.312101 -342.697246 -340.509387 -325.300220 -303.419741 -286.719465 -277.828879 -274.437984 -273.900727 -274.551508 -275.304425 -274.387815 -265.689543 -236.341238 -2491.297379 -4316.900876 -4313.923558 -4312.608777 -4311.863090 -4311.472275 -4311.259797 -4311.181763 -4311.168728 -4311.210518 -4311.302058 -4311.442568 -4311.635600 -4311.889947 -4312.273573 -4312.829310 -4313.745770 -4315.578492 -4322.363018 -2485.470683 -293.498344 -339.959695 -351.826325 -354.841881 -355.618182 -355.818964 -355.870964 -355.884436 -355.887926 -355.888831 -355.889065 -355.889125 -355.889141 -355.889145 -355.889146 -355.889147 -355.889147 -355.889147 -355.889147 -355.889147 -355.889147 -355.889147 -355.889147 -355.889147 -355.889147 -355.889147 -355.889149 -355.889154 -355.889172 -355.889243 -355.889507 -355.890493 -355.894184 -355.907988 -355.959588 -356.152151 -356.867084 -359.485933 -368.804492 -400.442805 -9999.0 -9999.0
-9999.0 -9999.0 -323.990453 -347.800195 -353.387711 -353.626436 -349.782244 -340.061654 -323.803564 -297.459467 -339.018391 -353.845383 -364.270209 -375.884681 -264.763491 -126.242812 15.038958 165.038538 211.090290 142.410785 71.317320 -1.734223 -74.827200 -145.804952 -209.712500 -261.623264 -298.650587 -322.461398 -336.312100 -342.697246 -340.509386 -325.300220 -303.419741 -286.719465 -277.828879 -274.437984 -273.900727 -274.551508 -275.304425 -274.387815 -265.689543 -236.341238 -2491.297379 -4316.900876 -4313.923558 -4312.608777 -4311.863090 -4311.472275 -4311.259797 -4311.181763 -4311.168728 -4311.210518 -4311.302058 -4311.442568 -4311.635600 -4311.889947 -4312.273573 -4312.829310 -4313.745770 -4315.578493 -4322.363019 -2485.470683 -293.498346 -339.959693 -351.826325 -354.841881 -355.618181 -355.818962 -355.870962 -355.884434 -355.887925 -355.888829 -355.889063 -355.889124 -355.889140 -355.889144 -355.889145 -355.889145 -355.889145 -355.889145 -355.889145 -355.889145 -355.889145 -355.889145 -355.889145 -355.889145 -355.889145 -355.889145 -355.889147 -355.889152 -355.889171 -355.889241 -355.889505 -355.890491 -355.894182 -355.907986 -355.959586 -356.152149 -356.867079 -359.485939 -368.804484 -400.442806 -9999.0 -9999.0
-9999.0 -9999.0 -9999.0 -9999.0 -9999.0 -9999.0 -9999.0 -9999.0 -9999.0 -9999.0 -9999.0 -9999.0 -9999.0 -9999.0 -9999.0 -9999.0 -9999.0 -9999.0 -9999.0 -9999.0 -9999.0 -9999.0 -9999.0 -9999.0 -9999.0 -9999.0 -9999.0 -9999.0 -9999.0 -9999.0 -9999.0 -9999.0 -9999.0 -9999.0 -9999.0 -9999.0 -9999.0 -9999.0 -9999.0 -9999.0 -9999.0 -9999.0 -9999.0 -9999.0 -9999.0 -9999.0 -9999.0 -9999.0 -9999.0 -9999.0 -9999.0 -9999.0 -9999.0 -9999.0 -9999.0 -9999.0 -9999.0 -9999.0 -9999.0 -9999.0 -9999.0 -9999.0 -9999.0 -9999.0 -9999.0 -9999.0 -9999.0 -9999.0 -9999.0 -9999.0 -9999.0 -9999.0 -9999.0 -9999.0 -9999.0 -9999.0 -9999.0 -9999.0 -9999.0 -9999.0 -9999.0 -9999.0 -9999.0 -9999.0 -9999.0 -9999.0 -9999.0 -9999.0 -9999.0 -9999.0 -9999.0 -9999.0 -9999.0 -9999.0 -9999.0 -9999.0 -9999.0 -9999.0 -9999.0 -9999.0 -9999.0 -9999.0 -9999.0 -9999.0
-9999.0 -9999.0 -9999.0 -9999.0 -9999.0 -9999.0 -9999.0 -9999.0 -9999.0 -9999.0 -9999.0 -9999.0 -9999.0 -9999.0 -9999.0 -9999.0 -9999.0 -9999.0 -9999.0 -9999.0 -9999.0 -9999.0 -9999.0 -9999.0 -9999.0 -9999.0 -9999.0 -9999.0 -9999.0 -9999.0 -9999.0 -9999.0 -9999.0 -9999.0 -9999.0 -9999.0 -9999.0 -9999.0 -9999.0 -9999.0 -9999.0 -9999.0 -9999.0 -9999.0 -9999.0 -9999.0 -9999.0 -9999.0 -9999.0 -9999.0 -9999.0 -9999.0 -9999.0 -9999.0 -9999.0 -9999.0 -9999.0 -9999.0 -9999.0 -9999.0 -9999.0 -9999.0 -9999.0 -9999.0 -9999.0 -9999.0 -9999.0 -9999.0 -9999.0 -9999.0 -9999.0 -9999.0 -9999.0 -9999.0 -9999.0 -9999.0 -9999.0 -9999.0 -9999.0 -9999.0 -9999.0 -9999.0 -9999.0 -9999.0 -9999.0 -9999.0 -9999.0 -9999.0 -9999.0 -9999.0 -9999.0 -9999.0 -9999.0 -9999.0 -9999.0 -9999.0 -9999.0 -9999.0 -9999.0 -9999.0 -9999.0 -9999.0 -9999.0 -9999.0