examples/3D/hillslope02_superslab/output-maps-SE27XX/psiliqL0034N0003.asc
ncols         104
nrows         10
xllcorner     -2.000000
yllcorner     0.000000
cellsize      1.000000
NODATA_value  -9999.0
-9999.0 -9999.0 -9999.0 -9999.0 -9999.0 -9999.0 -9999.0 -9999.0 -9999.0 -9999.0 -9999.0 -9999.0 -9999.0 -9999.0 -9999.0 -9999.0 -9999.0 -9999.0 -9999.0 -9999.0 -9999.0 -9999.0 -9999.0 -9999.0 -9999.0 -9999.0 -9999.0 -9999.0 -9999.0 -9999.0 -9999.0 -9999.0 -9999.0 -9999.0 -9999.0 -9999.0 -9999.0 -9999.0 -9999.0 -9999.0 -9999.0 -9999.0 -9999.0 -9999.0 -9999.0 -9999.0 -9999.0 -9999.0 -9999.0 -9999.0 -9999.0 -9999.0 -9999.0 -9999.0 -9999.0 -9999.0 -9999.0 -9999.0 -9999.0 -9999.0 -9999.0 -9999.0 -9999.0 -9999.0 -9999.0 -9999.0 -9999.0 -9999.0 -9999.0 -9999.0 -9999.0 -9999.0 -9999.0 -9999.0 -9999.0 -9999.0 -9999.0 -9999.0 -9999.0 -9999.0 -9999.0 -9999.0 -9999.0 -9999.0 -9999.0 -9999.0 -9999.0 -9999.0 -9999.0 -9999.0 -9999.0 -9999.0 -9999.0 -9999.0 -9999.0 -9999.0 -9999.0 -9999.0 -9999.0 -9999.0 -9999.0 -9999.0 -9999.0 -9999.0
-9999.0 -9999.0 -9999.0 -9999.0 -9999.0 -9999.0 -9999.0 -9999.0 -9999.0 -9999.0 -9999.0 -9999.0 -9999.0 -9999.0 -9999.0 -9999.0 -9999.0 -9999.0 -9999.0 -9999.0 -9999.0 -9999.0 -9999.0 -9999.0 -9999.0 -9999.0 -9999.0 -9999.0 -9999.0 -9999.0 -9999.0 -9999.0 -9999.0 -9999.0 -9999.0 -9999.0 -9999.0 -9999.0 -9999.0 -9999.0 -9999.0 -9999.0 -9999.0 -9999.0 -9999.0 -9999.0 -9999.0 -9999.0 -9999.0 -9999.0 -9999.0 -9999.0 -9999.0 -9999.0 -9999.0 -9999.0 -9999.0 -9999.0 -9999.0 -9999.0 -9999.0 -9999.0 -9999.0 -9999.0 -9999.0 -9999.0 -9999.0 -9999.0 -9999.0 -9999.0 -9999.0 -9999.0 -9999.0 -9999.0 -9999.0 -9999.0 -9999.0 -9999.0 -9999.0 -9999.0 -9999.0 -9999.0 -9999.0 -9999.0 -9999.0 -9999.0 -9999.0 -9999.0 -9999.0 -9999.0 -9999.0 -9999.0 -9999.0 -9999.0 -9999.0 -9999.0 -9999.0 -9999.0 -9999.0 -9999.0 -9999.0 -9999.0 -9999.0 -9999.0
-9999.0 -9999.0 519.502962 421.035067 324.156230 228.966411 135.550659 43.983569 -45.670101 -133.958032 -221.874843 -310.174991 -396.699452 -470.691585 -511.132585 -523.091148 -521.287105 -514.656974 -507.184784 -500.301785 -494.359299 -489.336488 -485.127517 -481.633350 -478.774618 -476.484759 -474.691080 -453.547947 -431.261011 -410.428895 -391.787239 -412.837846 -447.506689 -481.935854 -513.500182 -540.399614 -561.708874 -577.375568 -588.065906 -595.218642 -602.786406 -631.303635 -798.411298 -981.222327 -1349.844871 -2349.117092 -3277.947939 -3292.047708 -3292.079152 -3292.079208 -3292.079208 -3292.079208 -3292.079208 -3292.079208 -3292.079208 -3292.079208 -3292.078975 -3291.941478 -3233.021884 -1841.266870 -1021.981170 -780.671000 -623.125629 -607.582527 -607.004815 -607.159749 -607.222392 -607.240204 -607.244932 -607.246169 -607.246497 -607.246592 -607.246628 -607.246651 -607.246671 -607.246691 -607.246712 -607.246732 -607.246751 -607.246770 -607.246787 -607.246803 -607.246817 -607.246830 -607.246841 -607.246851 -607.246859 -607.246866 -607.246871 -607.246877 -607.246885 -607.246905 -607.246971 -607.247207 -607.248082 -607.251306 -607.263118 -607.306212 -607.465483 -608.086545 -610.777350 -624.133863 -9999.0 -9999.0
-9999.0 -9999.0 519.502962 421.035067 324.156230 228.966411 135.550659 43.983569 -45.670101 -133.958033 -221.874844 -310.174991 -396.699452 -470.691585 -511.132585 -523.091148 -521.287105 -514.656974 -507.184784 -500.301785 -494.359299 -489.336488 -485.127517 -481.633350 -478.774618 -476.484759 -474.691080 -453.547947 -431.261011 -410.428895 -391.787239 -412.837846 -447.506689 -481.935854 -513.500182 -540.399614 -561.708874 -577.375568 -588.065906 -595.218642 -602.786406 -631.303635 -798.411298 -981.222327 -1349.844871 -2349.117092 -3277.947939 -3292.047708 -3292.079152 -3292.079208 -3292.079208 -3292.079208 -3292.079208 -3292.079208 -3292.079208 -3292.079208 -3292.078975 -3291.941478 -3233.021884 -1841.266869 -1021.981170 -780.671000 -623.125629 -607.582527 -607.004815 -607.159749 -607.222392 -607.240204 -607.244932 -607.246169 -607.246497 -607.246592 -607.246628 -607.246651 -607.246671 -607.246692 -607.246712 -607.246732 -607.246751 -607.246770 -607.246787 -607.246803 -607.246817 -607.246830 -607.246841 -607.246851 -607.246859 -607.246866 -607.246872 -607.246877 -607.246885 -607.246905 -607.246971 -607.247207 -607.248082 -607.251306 -607.263118 -607.306212 -607.465483 -608.086545 -610.777350 -624.133863 -9999.0 -9999.0
-9999.0 -9999.0 519.502962 421.035067 324.156230 228.966411 135.550659 43.983569 -45.670101 -133.958033 -221.874844 -310.174992 -396.699453 -470.691585 -511.132585 -523.091148 -521.287105 -514.656974 -507.184784 -500.301785 -494.359299 -489.336488 -485.127517 -481.633350 -478.774618 -476.484759 -474.691080 -453.547947 -431.261011 -410.428895 -391.787239 -412.837846 -447.506689 -481.935854 -513.500182 -540.399614 -561.708874 -577.375568 -588.065906 -595.218642 -602.786406 -631.303635 -798.411298 -981.222327 -1349.844871 -2349.117092 -3277.947939 -3292.047708 -3292.079152 -3292.079208 -3292.079208 -3292.079208 -3292.079208 -3292.079208 -3292.079208 -3292.079208 -3292.078975 -3291.941478 -3233.021884 -1841.266869 -1021.981170 -780.671000 -623.125629 -607.582527 -607.004815 -607.159749 -607.222392 -607.240204 -607.244932 -607.246169 -607.246497 -607.246592 -607.246628 -607.246651 -607.246671 -607.246692 -607.246712 -607.246732 -607.246752 -607.246770 -607.246787 -607.246803 -607.246817 -607.246830 -607.246841 -607.246851 -607.246859 -607.246866 -607.246872 -607.246877 -607.246886 -607.246905 -607.246971 -607.247208 -607.248082 -607.251307 -607.263118 -607.306212 -607.465483 -608.086545 -610.777350 -624.133863 -9999.0 -9999.0
-9999.0 -9999.0 519.502962 421.035067 324.156230 228.966411 135.550659 43.983569 -45.670101 -133.958033 -221.874844 -310.174992 -396.699453 -470.691585 -511.132585 -523.091148 -521.287105 -514.656974 -507.184784 -500.301785 -494.359299 -489.336488 -485.127517 -481.633350 -478.774618 -476.484759 -474.691080 -453.547947 -431.261011 -410.428895 -391.787239 -412.837846 -447.506689 -481.935854 -513.500182 -540.399614 -561.708874 -577.375568 -588.065906 -595.218642 -602.786406 -631.303635 -798.411298 -981.222327 -1349.844871 -2349.117092 -3277.947939 -3292.047708 -3292.079152 -3292.079208 -3292.079208 -3292.079208 -3292.079208 -3292.079208 -3292.079208 -3292.079208 -3292.078975 -3291.941478 -3233.021884 -1841.266869 -1021.981170 -780.671000 -623.125629 -607.582527 -607.004815 -607.159749 -607.222392 -607.240204 -607.244932 -607.246169 -607.246497 -607.246592 -607.246628 -607.246651 -607.246671 -607.246692 -607.246712 -607.246732 -607.246752 -607.246770 -607.246787 -607.246803 -607.246817 -607.246830 -607.246841 -607.246851 -607.246859 -607.246866 -607.246872 -607.246877 -607.246886 -607.246905 -607.246971 -607.247208 -607.248082 -607.251307 -607.263118 -607.306212 -607.465483 -608.086545 -610.777350 -624.133863 -9999.0 -9999.0
-9999.0 -9999.0 519.502962 421.035067 324.156230 228.966411 135.550659 43.983569 -45.670101 -133.958033 -221.874844 -310.174991 -396.699452 -470.691585 -511.132585 -523.091148 -521.287105 -514.656974 -507.184784 -500.301785 -494.359299 -489.336488 -485.127517 -481.633350 -478.774618 -476.484759 -474.691080 -453.547947 -431.261011 -410.428895 -391.787239 -412.837846 -447.506689 -481.935854 -513.500182 -540.399614 -561.708874 -577.375568 -588.065906 -595.218642 -602.786406 -631.303635 -798.411298 -981.222327 -1349.844871 -2349.117092 -3277.947939 -3292.047708 -3292.079152 -3292.079208 -3292.079208 -3292.079208 -3292.079208 -3292.079208 -3292.079208 -3292.079208 -3292.078975 -3291.941478 -3233.021884 -1841.266869 -1021.981170 -780.671000 -623.125629 -607.582527 -607.004815 -607.159749 -607.222392 -607.240204 -607.244932 -607.246169 -607.246497 -607.246592 -607.246628 -607.246651 -607.246671 -607.246692 -607.246712 -607.246732 -607.246751 -607.246770 -607.246787 -607.246803 -607.246817 -607.246830 -607.246841 -607.246851 -607.246859 -607.246866 -607.246872 -607.246877 -607.246885 -607.246905 -607.246971 -607.247207 -607.248082 -607.251306 -607.263118 -607.306212 -607.465483 -608.086545 -610.777350 -624.133863 -9999.0 -9999.0
-9999.0 -9999.0 519.502963 421.035067 324.156230 228.966411 135.550659 43.983569 -45.670101 -133.958032 -221.874843 -310.174991 -396.699452 -470.691585 -511.132585 -523.091148 -521.287105 -514.656974 -507.184784 -500.301785 -494.359299 -489.336488 -485.127517 -481.633350 -478.774618 -476.484759 -474.691080 -453.547947 -431.261011 -410.428895 -391.787239 -412.837846 -447.506689 -481.935854 -513.500182 -540.399614 -561.708874 -577.375568 -588.065906 -595.218642 -602.786406 -631.303635 -798.411298 -981.222327 -1349.844871 -2349.117092 -3277.947939 -3292.047708 -3292.079152 -3292.079208 -3292.079208 -3292.079208 -3292.079208 -3292.079208 -3292.079208 -3292.079208 -3292.078975 -3291.941478 -3233.021884 -1841.266870 -1021.981170 -780.671000 -623.125629 -607.582527 -607.004815 -607.159749 -607.222392 -607.240204 -607.244932 -607.246169 -607.246497 -607.246592 -607.246628 -607.246651 -607.246671 -607.246691 -607.246712 -607.246732 -607.246751 -607.246770 -607.246787 -607.246803 -607.246817 -607.246830 -607.246841 -607.246851 -607.246859 -607.246866 -607.246871 -607.246877 -607.246885 -607.246905 -607.246971 -607.247207 -607.248082 -607.251306 -607.263118 -607.306212 -607.465483 -608.086545 -610.777350 -624.133863 -9999.0 -9999.0
-9999.0 -9999.0 -9999.0 -9999.0 -9999.0 -9999.0 -9999.0 -9999.0 -9999.0 -9999.0 -9999.0 -9999.0 -9999.0 -9999.0 -9999.0 -9999.0 -9999.0 -9999.0 -9999.0 -9999.0 -9999.0 -9999.0 -9999.0 -9999.0 -9999.0 -9999.0 -9999.0 -9999.0 -9999.0 -9999.0 -9999.0 -9999.0 -9999.0 -9999.0 -9999.0 -9999.0 -9999.0 -9999.0 -9999.0 -9999.0 -9999.0 -9999.0 -9999.0 -9999.0 -9999.0 -9999.0 -9999.0 -9999.0 -9999.0 -9999.0 -9999.0 -9999.0 -9999.0 -9999.0 -9999.0 -9999.0 -9999.0 -9999.0 -9999.0 -9999.0 -9999.0 -9999.0 -9999.0 -9999.0 -9999.0 -9999.0 -9999.0 -9999.0 -9999.0 -9999.0 -9999.0 -9999.0 -9999.0 -9999.0 -9999.0 -9999.0 -9999.0 -9999.0 -9999.0 -9999.0 -9999.0 -9999.0 -9999.0 -9999.0 -9999.0 -9999.0 -9999.0 -9999.0 -9999.0 -9999.0 -9999.0 -9999.0 -9999.0 -9999.0 -9999.0 -9999.0 -9999.0 -9999.0 -9999.0 -9999.0 -9999.0 -9999.0 -9999.0 -9999.0
-9999.0 -9999.0 -9999.0 -9999.0 -9999.0 -9999.0 -9999.0 -9999.0 -9999.0 -9999.0 -9999.0 -9999.0 -9999.0 -9999.0 -9999.0 -9999.0 -9999.0 -9999.0 -9999.0 -9999.0 -9999.0 -9999.0 -9999.0 -9999.0 -9999.0 -9999.0 -9999.0 -9999.0 -9999.0 -9999.0 -9999.0 -9999.0 -9999.0 -9999.0 -9999.0 -9999.0 -9999.0 -9999.0 -9999.0 -9999.0 -9999.0 -9999.0 -9999.0 -9999.0 -9999.0 -9999.0 -9999.0 -9999.0 -9999.0 -9999.0 -9999.0 -9999.0 -9999.0 -9999.0 -9999.0 -9999.0 -9999.0 -9999.0 -9999.0 -9999.0 -9999.0 -9999.0 -9999.0 -9999.0 -9999.0 -9999.0 -9999.0 -9999.0 -9999.0 -9999.0 -9999.0 -9999.0 -9999.0 -9999.0 -9999.0 -9999.0 -9999.0 -9999.0 -9999.0 -9999.0 -9999.0 -9999.0 -9999.0 -9999.0 -9999.0 -9999.0 -9999.0 -9999.0 -9999.0 -9999.0 -9999.0 -9999.0 -9999.0 -9999.0 -9999.0 -9999.0 -9999.0 -9999.0 -9999.0 -9999.0 -9999.0 -9999.0 -9999.0 -9999.0