examples/3D/hillslope02_superslab/output-maps-SE27XX/psiliqL0078N0002.asc
ncols         104
nrows         10
xllcorner     -2.000000
yllcorner     0.000000
cellsize      1.000000
NODATA_value  -9999.0
-9999.0 -9999.0 -9999.0 -9999.0 -9999.0 -9999.0 -9999.0 -9999.0 -9999.0 -9999.0 -9999.0 -9999.0 -9999.0 -9999.0 -9999.0 -9999.0 -9999.0 -9999.0 -9999.0 -9999.0 -9999.0 -9999.0 -9999.0 -9999.0 -9999.0 -9999.0 -9999.0 -9999.0 -9999.0 -9999.0 -9999.0 -9999.0 -9999.0 -9999.0 -9999.0 -9999.0 -9999.0 -9999.0 -9999.0 -9999.0 -9999.0 -9999.0 -9999.0 -9999.0 -9999.0 -9999.0 -9999.0 -9999.0 -9999.0 -9999.0 -9999.0 -9999.0 -9999.0 -9999.0 -9999.0 -9999.0 -9999.0 -9999.0 -9999.0 -9999.0 -9999.0 -9999.0 -9999.0 -9999.0 -9999.0 -9999.0 -9999.0 -9999.0 -9999.0 -9999.0 -9999.0 -9999.0 -9999.0 -9999.0 -9999.0 -9999.0 -9999.0 -9999.0 -9999.0 -9999.0 -9999.0 -9999.0 -9999.0 -9999.0 -9999.0 -9999.0 -9999.0 -9999.0 -9999.0 -9999.0 -9999.0 -9999.0 -9999.0 -9999.0 -9999.0 -9999.0 -9999.0 -9999.0 -9999.0 -9999.0 -9999.0 -9999.0 -9999.0 -9999.0
-9999.0 -9999.0 -9999.0 -9999.0 -9999.0 -9999.0 -9999.0 -9999.0 -9999.0 -9999.0 -9999.0 -9999.0 -9999.0 -9999.0 -9999.0 -9999.0 -9999.0 -9999.0 -9999.0 -9999.0 -9999.0 -9999.0 -9999.0 -9999.0 -9999.0 -9999.0 -9999.0 -9999.0 -9999.0 -9999.0 -9999.0 -9999.0 -9999.0 -9999.0 -9999.0 -9999.0 -9999.0 -9999.0 -9999.0 -9999.0 -9999.0 -9999.0 -9999.0 -9999.0 -9999.0 -9999.0 -9999.0 -9999.0 -9999.0 -9999.0 -9999.0 -9999.0 -9999.0 -9999.0 -9999.0 -9999.0 -9999.0 -9999.0 -9999.0 -9999.0 -9999.0 -9999.0 -9999.0 -9999.0 -9999.0 -9999.0 -9999.0 -9999.0 -9999.0 -9999.0 -9999.0 -9999.0 -9999.0 -9999.0 -9999.0 -9999.0 -9999.0 -9999.0 -9999.0 -9999.0 -9999.0 -9999.0 -9999.0 -9999.0 -9999.0 -9999.0 -9999.0 -9999.0 -9999.0 -9999.0 -9999.0 -9999.0 -9999.0 -9999.0 -9999.0 -9999.0 -9999.0 -9999.0 -9999.0 -9999.0 -9999.0 -9999.0 -9999.0 -9999.0
-9999.0 -9999.0 515.972469 414.466016 313.609528 214.056875 116.222701 20.317600 -73.765917 -163.745284 -246.207092 -306.480565 -343.661088 -371.216423 -397.084562 -381.915445 -367.853105 -358.487961 -350.308783 -341.582914 -331.620931 -320.285660 -307.900310 -294.939631 -282.173020 -270.130921 -259.677066 -251.215898 -245.058790 -241.472593 -240.564837 -242.319528 -246.621437 -253.197522 -261.445075 -271.044273 -281.214717 -291.485272 -301.242594 -310.296865 -318.747290 -327.041154 -335.561803 -343.867476 -352.081400 -360.498134 -369.673848 -381.233265 -408.529656 -945.074955 -1111.543066 -1118.018092 -1110.132145 -1108.023770 -1105.212796 -1101.045145 -1094.806750 -1085.350917 -1070.036070 -996.812203 -624.478775 -407.677568 -327.579884 -334.717706 -344.740454 -348.226083 -349.124219 -349.345104 -349.445351 -349.557658 -349.703383 -349.878537 -350.074822 -350.285735 -350.506656 -350.734543 -350.967526 -351.204596 -351.445434 -351.690324 -351.939887 -352.194069 -352.452573 -352.714183 -352.977734 -353.243040 -353.509081 -353.772696 -354.030600 -354.281783 -354.522177 -354.748480 -354.959472 -355.154105 -355.341071 -355.555113 -355.915963 -356.806027 -359.341843 -366.684093 -390.450563 -522.136702 -9999.0 -9999.0
-9999.0 -9999.0 515.972468 414.466013 313.609526 214.056873 116.222700 20.317598 -73.765918 -163.745284 -246.207092 -306.480565 -343.661088 -371.216423 -397.084563 -381.915446 -367.853106 -358.487962 -350.308783 -341.582914 -331.620931 -320.285660 -307.900310 -294.939631 -282.173020 -270.130921 -259.677066 -251.215898 -245.058790 -241.472593 -240.564837 -242.319528 -246.621437 -253.197522 -261.445075 -271.044273 -281.214717 -291.485272 -301.242594 -310.296865 -318.747290 -327.041154 -335.561803 -343.867476 -352.081400 -360.498134 -369.673848 -381.233265 -408.529656 -945.074955 -1111.543066 -1118.018092 -1110.132145 -1108.023770 -1105.212796 -1101.045145 -1094.806750 -1085.350917 -1070.036070 -996.812203 -624.478775 -407.677568 -327.579884 -334.717706 -344.740454 -348.226084 -349.124220 -349.345105 -349.445352 -349.557659 -349.703384 -349.878538 -350.074823 -350.285737 -350.506657 -350.734544 -350.967527 -351.204598 -351.445435 -351.690325 -351.939888 -352.194070 -352.452574 -352.714184 -352.977735 -353.243041 -353.509082 -353.772698 -354.030601 -354.281784 -354.522179 -354.748481 -354.959473 -355.154106 -355.341072 -355.555114 -355.915964 -356.806028 -359.341844 -366.684095 -390.450565 -522.136705 -9999.0 -9999.0
-9999.0 -9999.0 515.972466 414.466012 313.609525 214.056872 116.222699 20.317598 -73.765918 -163.745285 -246.207092 -306.480565 -343.661088 -371.216424 -397.084563 -381.915447 -367.853106 -358.487962 -350.308783 -341.582914 -331.620931 -320.285660 -307.900310 -294.939631 -282.173020 -270.130921 -259.677066 -251.215898 -245.058790 -241.472593 -240.564837 -242.319528 -246.621437 -253.197522 -261.445075 -271.044273 -281.214717 -291.485272 -301.242594 -310.296865 -318.747290 -327.041154 -335.561803 -343.867476 -352.081400 -360.498134 -369.673848 -381.233265 -408.529656 -945.074955 -1111.543066 -1118.018092 -1110.132145 -1108.023770 -1105.212796 -1101.045145 -1094.806750 -1085.350917 -1070.036070 -996.812203 -624.478775 -407.677568 -327.579884 -334.717706 -344.740454 -348.226085 -349.124220 -349.345106 -349.445353 -349.557660 -349.703385 -349.878539 -350.074824 -350.285737 -350.506658 -350.734545 -350.967528 -351.204598 -351.445436 -351.690325 -351.939889 -352.194071 -352.452575 -352.714185 -352.977736 -353.243041 -353.509083 -353.772698 -354.030602 -354.281785 -354.522179 -354.748482 -354.959474 -355.154107 -355.341073 -355.555115 -355.915965 -356.806029 -359.341845 -366.684096 -390.450565 -522.136704 -9999.0 -9999.0
-9999.0 -9999.0 515.972466 414.466012 313.609525 214.056872 116.222699 20.317598 -73.765918 -163.745285 -246.207092 -306.480565 -343.661088 -371.216424 -397.084563 -381.915447 -367.853106 -358.487962 -350.308783 -341.582914 -331.620931 -320.285660 -307.900310 -294.939631 -282.173020 -270.130921 -259.677066 -251.215898 -245.058790 -241.472593 -240.564837 -242.319528 -246.621437 -253.197522 -261.445075 -271.044273 -281.214717 -291.485272 -301.242594 -310.296865 -318.747290 -327.041154 -335.561803 -343.867476 -352.081400 -360.498134 -369.673848 -381.233265 -408.529656 -945.074955 -1111.543066 -1118.018092 -1110.132145 -1108.023770 -1105.212796 -1101.045145 -1094.806750 -1085.350917 -1070.036070 -996.812203 -624.478775 -407.677568 -327.579884 -334.717706 -344.740454 -348.226085 -349.124220 -349.345106 -349.445353 -349.557660 -349.703385 -349.878539 -350.074824 -350.285737 -350.506658 -350.734545 -350.967528 -351.204598 -351.445436 -351.690325 -351.939889 -352.194071 -352.452575 -352.714185 -352.977736 -353.243041 -353.509083 -353.772698 -354.030602 -354.281785 -354.522179 -354.748482 -354.959474 -355.154107 -355.341073 -355.555115 -355.915965 -356.806029 -359.341845 -366.684096 -390.450565 -522.136704 -9999.0 -9999.0
-9999.0 -9999.0 515.972468 414.466013 313.609526 214.056873 116.222700 20.317598 -73.765918 -163.745284 -246.207092 -306.480565 -343.661088 -371.216423 -397.084563 -381.915446 -367.853106 -358.487962 -350.308783 -341.582914 -331.620931 -320.285660 -307.900310 -294.939631 -282.173020 -270.130921 -259.677066 -251.215898 -245.058790 -241.472593 -240.564837 -242.319528 -246.621437 -253.197522 -261.445075 -271.044273 -281.214717 -291.485272 -301.242594 -310.296865 -318.747290 -327.041154 -335.561803 -343.867476 -352.081400 -360.498134 -369.673848 -381.233265 -408.529656 -945.074955 -1111.543066 -1118.018092 -1110.132145 -1108.023770 -1105.212796 -1101.045145 -1094.806750 -1085.350917 -1070.036070 -996.812203 -624.478775 -407.677568 -327.579884 -334.717706 -344.740454 -348.226084 -349.124220 -349.345105 -349.445352 -349.557659 -349.703384 -349.878538 -350.074823 -350.285737 -350.506657 -350.734544 -350.967527 -351.204598 -351.445435 -351.690325 -351.939888 -352.194070 -352.452574 -352.714184 -352.977735 -353.243041 -353.509082 -353.772698 -354.030601 -354.281784 -354.522179 -354.748481 -354.959473 -355.154106 -355.341072 -355.555114 -355.915964 -356.806028 -359.341844 -366.684095 -390.450565 -522.136705 -9999.0 -9999.0
-9999.0 -9999.0 515.972469 414.466016 313.609528 214.056875 116.222701 20.317600 -73.765917 -163.745284 -246.207092 -306.480565 -343.661088 -371.216423 -397.084562 -381.915445 -367.853105 -358.487961 -350.308783 -341.582914 -331.620931 -320.285660 -307.900310 -294.939631 -282.173020 -270.130921 -259.677066 -251.215898 -245.058790 -241.472593 -240.564837 -242.319528 -246.621437 -253.197522 -261.445075 -271.044273 -281.214717 -291.485272 -301.242594 -310.296865 -318.747290 -327.041154 -335.561803 -343.867476 -352.081400 -360.498134 -369.673848 -381.233265 -408.529656 -945.074955 -1111.543066 -1118.018092 -1110.132145 -1108.023770 -1105.212796 -1101.045145 -1094.806750 -1085.350917 -1070.036070 -996.812203 -624.478775 -407.677568 -327.579884 -334.717706 -344.740454 -348.226083 -349.124219 -349.345104 -349.445351 -349.557658 -349.703383 -349.878537 -350.074822 -350.285735 -350.506656 -350.734543 -350.967526 -351.204596 -351.445434 -351.690324 -351.939887 -352.194069 -352.452573 -352.714183 -352.977734 -353.243040 -353.509081 -353.772696 -354.030600 -354.281783 -354.522177 -354.748480 -354.959472 -355.154105 -355.341071 -355.555113 -355.915963 -356.806027 -359.341843 -366.684093 -390.450563 -522.136702 -9999.0 -9999.0
-9999.0 -9999.0 -9999.0 -9999.0 -9999.0 -9999.0 -9999.0 -9999.0 -9999.0 -9999.0 -9999.0 -9999.0 -9999.0 -9999.0 -9999.0 -9999.0 -9999.0 -9999.0 -9999.0 -9999.0 -9999.0 -9999.0 -9999.0 -9999.0 -9999.0 -9999.0 -9999.0 -9999.0 -9999.0 -9999.0 -9999.0 -9999.0 -9999.0 -9999.0 -9999.0 -9999.0 -9999.0 -9999.0 -9999.0 -9999.0 -9999.0 -9999.0 -9999.0 -9999.0 -9999.0 -9999.0 -9999.0 -9999.0 -9999.0 -9999.0 -9999.0 -9999.0 -9999.0 -9999.0 -9999.0 -9999.0 -9999.0 -9999.0 -9999.0 -9999.0 -9999.0 -9999.0 -9999.0 -9999.0 -9999.0 -9999.0 -9999.0 -9999.0 -9999.0 -9999.0 -9999.0 -9999.0 -9999.0 -9999.0 -9999.0 -9999.0 -9999.0 -9999.0 -9999.0 -9999.0 -9999.0 -9999.0 -9999.0 -9999.0 -9999.0 -9999.0 -9999.0 -9999.0 -9999.0 -9999.0 -9999.0 -9999.0 -9999.0 -9999.0 -9999.0 -9999.0 -9999.0 -9999.0 -9999.0 -9999.0 -9999.0 -9999.0 -9999.0 -9999.0
-9999.0 -9999.0 -9999.0 -9999.0 -9999.0 -9999.0 -9999.0 -9999.0 -9999.0 -9999.0 -9999.0 -9999.0 -9999.0 -9999.0 -9999.0 -9999.0 -9999.0 -9999.0 -9999.0 -9999.0 -9999.0 -9999.0 -9999.0 -9999.0 -9999.0 -9999.0 -9999.0 -9999.0 -9999.0 -9999.0 -9999.0 -9999.0 -9999.0 -9999.0 -9999.0 -9999.0 -9999.0 -9999.0 -9999.0 -9999.0 -9999.0 -9999.0 -9999.0 -9999.0 -9999.0 -9999.0 -9999.0 -9999.0 -9999.0 -9999.0 -9999.0 -9999.0 -9999.0 -9999.0 -9999.0 -9999.0 -9999.0 -9999.0 -9999.0 -9999.0 -9999.0 -9999.0 -9999.0 -9999.0 -9999.0 -9999.0 -9999.0 -9999.0 -9999.0 -9999.0 -9999.0 -9999.0 -9999.0 -9999.0 -9999.0 -9999.0 -9999.0 -9999.0 -9999.0 -9999.0 -9999.0 -9999.0 -9999.0 -9999.0 -9999.0 -9999.0 -9999.0 -9999.0 -9999.0 -9999.0 -9999.0 -9999.0 -9999.0 -9999.0 -9999.0 -9999.0 -9999.0 -9999.0 -9999.0 -9999.0 -9999.0 -9999.0 -9999.0 -9999.0