examples/3D/hillslope02_superslab/output-maps-SE27XX/psiliqL0065N0001.asc
ncols         104
nrows         10
xllcorner     -2.000000
yllcorner     0.000000
cellsize      1.000000
NODATA_value  -9999.0
-9999.0 -9999.0 -9999.0 -9999.0 -9999.0 -9999.0 -9999.0 -9999.0 -9999.0 -9999.0 -9999.0 -9999.0 -9999.0 -9999.0 -9999.0 -9999.0 -9999.0 -9999.0 -9999.0 -9999.0 -9999.0 -9999.0 -9999.0 -9999.0 -9999.0 -9999.0 -9999.0 -9999.0 -9999.0 -9999.0 -9999.0 -9999.0 -9999.0 -9999.0 -9999.0 -9999.0 -9999.0 -9999.0 -9999.0 -9999.0 -9999.0 -9999.0 -9999.0 -9999.0 -9999.0 -9999.0 -9999.0 -9999.0 -9999.0 -9999.0 -9999.0 -9999.0 -9999.0 -9999.0 -9999.0 -9999.0 -9999.0 -9999.0 -9999.0 -9999.0 -9999.0 -9999.0 -9999.0 -9999.0 -9999.0 -9999.0 -9999.0 -9999.0 -9999.0 -9999.0 -9999.0 -9999.0 -9999.0 -9999.0 -9999.0 -9999.0 -9999.0 -9999.0 -9999.0 -9999.0 -9999.0 -9999.0 -9999.0 -9999.0 -9999.0 -9999.0 -9999.0 -9999.0 -9999.0 -9999.0 -9999.0 -9999.0 -9999.0 -9999.0 -9999.0 -9999.0 -9999.0 -9999.0 -9999.0 -9999.0 -9999.0 -9999.0 -9999.0 -9999.0
-9999.0 -9999.0 -9999.0 -9999.0 -9999.0 -9999.0 -9999.0 -9999.0 -9999.0 -9999.0 -9999.0 -9999.0 -9999.0 -9999.0 -9999.0 -9999.0 -9999.0 -9999.0 -9999.0 -9999.0 -9999.0 -9999.0 -9999.0 -9999.0 -9999.0 -9999.0 -9999.0 -9999.0 -9999.0 -9999.0 -9999.0 -9999.0 -9999.0 -9999.0 -9999.0 -9999.0 -9999.0 -9999.0 -9999.0 -9999.0 -9999.0 -9999.0 -9999.0 -9999.0 -9999.0 -9999.0 -9999.0 -9999.0 -9999.0 -9999.0 -9999.0 -9999.0 -9999.0 -9999.0 -9999.0 -9999.0 -9999.0 -9999.0 -9999.0 -9999.0 -9999.0 -9999.0 -9999.0 -9999.0 -9999.0 -9999.0 -9999.0 -9999.0 -9999.0 -9999.0 -9999.0 -9999.0 -9999.0 -9999.0 -9999.0 -9999.0 -9999.0 -9999.0 -9999.0 -9999.0 -9999.0 -9999.0 -9999.0 -9999.0 -9999.0 -9999.0 -9999.0 -9999.0 -9999.0 -9999.0 -9999.0 -9999.0 -9999.0 -9999.0 -9999.0 -9999.0 -9999.0 -9999.0 -9999.0 -9999.0 -9999.0 -9999.0 -9999.0 -9999.0
-9999.0 -9999.0 -621.207522 -1741.008192 -1757.389480 -1757.417034 -1757.423316 -1757.425050 -1757.425544 -1757.425685 -1757.425726 -1757.425738 -1757.425741 -1757.425742 -1757.425742 -1757.425743 -1757.425743 -1757.425743 -1757.425743 -1757.425743 -1757.425743 -1757.425743 -1757.425743 -1757.425743 -1757.425743 -1757.425743 -1757.425743 -1757.425743 -1757.425743 -1757.425743 -1757.425743 -1757.425663 -1757.185968 -1428.717601 -471.231957 -375.158913 -353.869896 -347.243090 -345.040075 -345.397019 -348.214646 -354.417748 -290.062465 -249.333491 -539.019476 -1719.029378 -1757.650873 -1757.577266 -1757.506477 -1757.466384 -1757.446059 -1757.447183 -1757.426302 -1757.425751 -1757.425743 -1757.425743 -1757.425743 -1757.425743 -1757.425743 -1757.425740 -1757.418516 -1736.728537 -666.518552 -1736.706439 -1757.419260 -1757.425741 -1757.425743 -1757.425743 -1757.425743 -1757.425743 -1757.425743 -1757.425743 -1757.425743 -1757.425743 -1757.425743 -1757.425743 -1757.425743 -1757.425743 -1757.425744 -1757.425744 -1757.425745 -1757.425747 -1757.425750 -1757.425753 -1757.425759 -1757.425768 -1757.425780 -1757.425799 -1757.425826 -1757.425866 -1757.425924 -1757.426007 -1757.426126 -1757.426297 -1757.426541 -1757.426888 -1757.427385 -1757.428098 -1757.429137 -1757.430906 -1757.458152 -1759.391341 -9999.0 -9999.0
-9999.0 -9999.0 -621.207530 -1741.008193 -1757.389480 -1757.417034 -1757.423316 -1757.425050 -1757.425544 -1757.425685 -1757.425726 -1757.425738 -1757.425741 -1757.425742 -1757.425742 -1757.425743 -1757.425743 -1757.425743 -1757.425743 -1757.425743 -1757.425743 -1757.425743 -1757.425743 -1757.425743 -1757.425743 -1757.425743 -1757.425743 -1757.425743 -1757.425743 -1757.425743 -1757.425743 -1757.425663 -1757.185968 -1428.717605 -471.231958 -375.158913 -353.869896 -347.243090 -345.040075 -345.397019 -348.214646 -354.417748 -290.062465 -249.333491 -539.019476 -1719.029378 -1757.650873 -1757.577266 -1757.506477 -1757.466384 -1757.446059 -1757.447183 -1757.426302 -1757.425751 -1757.425743 -1757.425743 -1757.425743 -1757.425743 -1757.425743 -1757.425740 -1757.418516 -1736.728538 -666.518554 -1736.706440 -1757.419260 -1757.425741 -1757.425743 -1757.425743 -1757.425743 -1757.425743 -1757.425743 -1757.425743 -1757.425743 -1757.425743 -1757.425743 -1757.425743 -1757.425743 -1757.425743 -1757.425744 -1757.425744 -1757.425745 -1757.425747 -1757.425750 -1757.425753 -1757.425759 -1757.425768 -1757.425780 -1757.425799 -1757.425826 -1757.425866 -1757.425924 -1757.426007 -1757.426126 -1757.426297 -1757.426541 -1757.426888 -1757.427385 -1757.428098 -1757.429137 -1757.430906 -1757.458152 -1759.391341 -9999.0 -9999.0
-9999.0 -9999.0 -621.207539 -1741.008194 -1757.389480 -1757.417034 -1757.423316 -1757.425050 -1757.425544 -1757.425685 -1757.425726 -1757.425738 -1757.425741 -1757.425742 -1757.425742 -1757.425743 -1757.425743 -1757.425743 -1757.425743 -1757.425743 -1757.425743 -1757.425743 -1757.425743 -1757.425743 -1757.425743 -1757.425743 -1757.425743 -1757.425743 -1757.425743 -1757.425743 -1757.425743 -1757.425663 -1757.185968 -1428.717608 -471.231958 -375.158913 -353.869896 -347.243090 -345.040075 -345.397019 -348.214646 -354.417748 -290.062465 -249.333491 -539.019476 -1719.029378 -1757.650873 -1757.577266 -1757.506477 -1757.466384 -1757.446059 -1757.447183 -1757.426302 -1757.425751 -1757.425743 -1757.425743 -1757.425743 -1757.425743 -1757.425743 -1757.425740 -1757.418516 -1736.728538 -666.518556 -1736.706441 -1757.419260 -1757.425741 -1757.425743 -1757.425743 -1757.425743 -1757.425743 -1757.425743 -1757.425743 -1757.425743 -1757.425743 -1757.425743 -1757.425743 -1757.425743 -1757.425743 -1757.425744 -1757.425744 -1757.425745 -1757.425747 -1757.425750 -1757.425753 -1757.425759 -1757.425768 -1757.425780 -1757.425799 -1757.425826 -1757.425866 -1757.425924 -1757.426007 -1757.426126 -1757.426297 -1757.426541 -1757.426888 -1757.427385 -1757.428098 -1757.429137 -1757.430906 -1757.458152 -1759.391341 -9999.0 -9999.0
-9999.0 -9999.0 -621.207539 -1741.008194 -1757.389480 -1757.417034 -1757.423316 -1757.425050 -1757.425544 -1757.425685 -1757.425726 -1757.425738 -1757.425741 -1757.425742 -1757.425742 -1757.425743 -1757.425743 -1757.425743 -1757.425743 -1757.425743 -1757.425743 -1757.425743 -1757.425743 -1757.425743 -1757.425743 -1757.425743 -1757.425743 -1757.425743 -1757.425743 -1757.425743 -1757.425743 -1757.425663 -1757.185968 -1428.717608 -471.231958 -375.158913 -353.869896 -347.243090 -345.040075 -345.397019 -348.214646 -354.417748 -290.062465 -249.333491 -539.019476 -1719.029378 -1757.650873 -1757.577266 -1757.506477 -1757.466384 -1757.446059 -1757.447183 -1757.426302 -1757.425751 -1757.425743 -1757.425743 -1757.425743 -1757.425743 -1757.425743 -1757.425740 -1757.418516 -1736.728538 -666.518556 -1736.706441 -1757.419260 -1757.425741 -1757.425743 -1757.425743 -1757.425743 -1757.425743 -1757.425743 -1757.425743 -1757.425743 -1757.425743 -1757.425743 -1757.425743 -1757.425743 -1757.425743 -1757.425744 -1757.425744 -1757.425745 -1757.425747 -1757.425750 -1757.425753 -1757.425759 -1757.425768 -1757.425780 -1757.425799 -1757.425826 -1757.425866 -1757.425924 -1757.426007 -1757.426126 -1757.426297 -1757.426541 -1757.426888 -1757.427385 -1757.428098 -1757.429137 -1757.430906 -1757.458152 -1759.391341 -9999.0 -9999.0
-9999.0 -9999.0 -621.207530 -1741.008193 -1757.389480 -1757.417034 -1757.423316 -1757.425050 -1757.425544 -1757.425685 -1757.425726 -1757.425738 -1757.425741 -1757.425742 -1757.425742 -1757.425743 -1757.425743 -1757.425743 -1757.425743 -1757.425743 -1757.425743 -1757.425743 -1757.425743 -1757.425743 -1757.425743 -1757.425743 -1757.425743 -1757.425743 -1757.425743 -1757.425743 -1757.425743 -1757.425663 -1757.185968 -1428.717605 -471.231958 -375.158913 -353.869896 -347.243090 -345.040075 -345.397019 -348.214646 -354.417748 -290.062465 -249.333491 -539.019476 -1719.029378 -1757.650873 -1757.577266 -1757.506477 -1757.466384 -1757.446059 -1757.447183 -1757.426302 -1757.425751 -1757.425743 -1757.425743 -1757.425743 -1757.425743 -1757.425743 -1757.425740 -1757.418516 -1736.728538 -666.518554 -1736.706440 -1757.419260 -1757.425741 -1757.425743 -1757.425743 -1757.425743 -1757.425743 -1757.425743 -1757.425743 -1757.425743 -1757.425743 -1757.425743 -1757.425743 -1757.425743 -1757.425743 -1757.425744 -1757.425744 -1757.425745 -1757.425747 -1757.425750 -1757.425753 -1757.425759 -1757.425768 -1757.425780 -1757.425799 -1757.425826 -1757.425866 -1757.425924 -1757.426007 -1757.426126 -1757.426297 -1757.426541 -1757.426888 -1757.427385 -1757.428098 -1757.429137 -1757.430906 -1757.458152 -1759.391341 -9999.0 -9999.0
-9999.0 -9999.0 -621.207522 -1741.008192 -1757.389480 -1757.417034 -1757.423316 -1757.425050 -1757.425544 -1757.425685 -1757.425726 -1757.425738 -1757.425741 -1757.425742 -1757.425742 -1757.425743 -1757.425743 -1757.425743 -1757.425743 -1757.425743 -1757.425743 -1757.425743 -1757.425743 -1757.425743 -1757.425743 -1757.425743 -1757.425743 -1757.425743 -1757.425743 -1757.425743 -1757.425743 -1757.425663 -1757.185968 -1428.717601 -471.231957 -375.158913 -353.869896 -347.243090 -345.040075 -345.397019 -348.214646 -354.417748 -290.062465 -249.333491 -539.019476 -1719.029378 -1757.650873 -1757.577266 -1757.506477 -1757.466384 -1757.446059 -1757.447183 -1757.426302 -1757.425751 -1757.425743 -1757.425743 -1757.425743 -1757.425743 -1757.425743 -1757.425740 -1757.418516 -1736.728537 -666.518552 -1736.706439 -1757.419260 -1757.425741 -1757.425743 -1757.425743 -1757.425743 -1757.425743 -1757.425743 -1757.425743 -1757.425743 -1757.425743 -1757.425743 -1757.425743 -1757.425743 -1757.425743 -1757.425744 -1757.425744 -1757.425745 -1757.425747 -1757.425750 -1757.425753 -1757.425759 -1757.425768 -1757.425780 -1757.425799 -1757.425826 -1757.425866 -1757.425924 -1757.426007 -1757.426126 -1757.426297 -1757.426541 -1757.426888 -1757.427385 -1757.428098 -1757.429137 -1757.430906 -1757.458152 -1759.391341 -9999.0 -9999.0
-9999.0 -9999.0 -9999.0 -9999.0 -9999.0 -9999.0 -9999.0 -9999.0 -9999.0 -9999.0 -9999.0 -9999.0 -9999.0 -9999.0 -9999.0 -9999.0 -9999.0 -9999.0 -9999.0 -9999.0 -9999.0 -9999.0 -9999.0 -9999.0 -9999.0 -9999.0 -9999.0 -9999.0 -9999.0 -9999.0 -9999.0 -9999.0 -9999.0 -9999.0 -9999.0 -9999.0 -9999.0 -9999.0 -9999.0 -9999.0 -9999.0 -9999.0 -9999.0 -9999.0 -9999.0 -9999.0 -9999.0 -9999.0 -9999.0 -9999.0 -9999.0 -9999.0 -9999.0 -9999.0 -9999.0 -9999.0 -9999.0 -9999.0 -9999.0 -9999.0 -9999.0 -9999.0 -9999.0 -9999.0 -9999.0 -9999.0 -9999.0 -9999.0 -9999.0 -9999.0 -9999.0 -9999.0 -9999.0 -9999.0 -9999.0 -9999.0 -9999.0 -9999.0 -9999.0 -9999.0 -9999.0 -9999.0 -9999.0 -9999.0 -9999.0 -9999.0 -9999.0 -9999.0 -9999.0 -9999.0 -9999.0 -9999.0 -9999.0 -9999.0 -9999.0 -9999.0 -9999.0 -9999.0 -9999.0 -9999.0 -9999.0 -9999.0 -9999.0 -9999.0
-9999.0 -9999.0 -9999.0 -9999.0 -9999.0 -9999.0 -9999.0 -9999.0 -9999.0 -9999.0 -9999.0 -9999.0 -9999.0 -9999.0 -9999.0 -9999.0 -9999.0 -9999.0 -9999.0 -9999.0 -9999.0 -9999.0 -9999.0 -9999.0 -9999.0 -9999.0 -9999.0 -9999.0 -9999.0 -9999.0 -9999.0 -9999.0 -9999.0 -9999.0 -9999.0 -9999.0 -9999.0 -9999.0 -9999.0 -9999.0 -9999.0 -9999.0 -9999.0 -9999.0 -9999.0 -9999.0 -9999.0 -9999.0 -9999.0 -9999.0 -9999.0 -9999.0 -9999.0 -9999.0 -9999.0 -9999.0 -9999.0 -9999.0 -9999.0 -9999.0 -9999.0 -9999.0 -9999.0 -9999.0 -9999.0 -9999.0 -9999.0 -9999.0 -9999.0 -9999.0 -9999.0 -9999.0 -9999.0 -9999.0 -9999.0 -9999.0 -9999.0 -9999.0 -9999.0 -9999.0 -9999.0 -9999.0 -9999.0 -9999.0 -9999.0 -9999.0 -9999.0 -9999.0 -9999.0 -9999.0 -9999.0 -9999.0 -9999.0 -9999.0 -9999.0 -9999.0 -9999.0 -9999.0 -9999.0 -9999.0 -9999.0 -9999.0 -9999.0 -9999.0