examples/3D/hillslope02_superslab/output-maps-SE27XX/psiliqL0048N0001.asc
ncols         104
nrows         10
xllcorner     -2.000000
yllcorner     0.000000
cellsize      1.000000
NODATA_value  -9999.0
-9999.0 -9999.0 -9999.0 -9999.0 -9999.0 -9999.0 -9999.0 -9999.0 -9999.0 -9999.0 -9999.0 -9999.0 -9999.0 -9999.0 -9999.0 -9999.0 -9999.0 -9999.0 -9999.0 -9999.0 -9999.0 -9999.0 -9999.0 -9999.0 -9999.0 -9999.0 -9999.0 -9999.0 -9999.0 -9999.0 -9999.0 -9999.0 -9999.0 -9999.0 -9999.0 -9999.0 -9999.0 -9999.0 -9999.0 -9999.0 -9999.0 -9999.0 -9999.0 -9999.0 -9999.0 -9999.0 -9999.0 -9999.0 -9999.0 -9999.0 -9999.0 -9999.0 -9999.0 -9999.0 -9999.0 -9999.0 -9999.0 -9999.0 -9999.0 -9999.0 -9999.0 -9999.0 -9999.0 -9999.0 -9999.0 -9999.0 -9999.0 -9999.0 -9999.0 -9999.0 -9999.0 -9999.0 -9999.0 -9999.0 -9999.0 -9999.0 -9999.0 -9999.0 -9999.0 -9999.0 -9999.0 -9999.0 -9999.0 -9999.0 -9999.0 -9999.0 -9999.0 -9999.0 -9999.0 -9999.0 -9999.0 -9999.0 -9999.0 -9999.0 -9999.0 -9999.0 -9999.0 -9999.0 -9999.0 -9999.0 -9999.0 -9999.0 -9999.0 -9999.0
-9999.0 -9999.0 -9999.0 -9999.0 -9999.0 -9999.0 -9999.0 -9999.0 -9999.0 -9999.0 -9999.0 -9999.0 -9999.0 -9999.0 -9999.0 -9999.0 -9999.0 -9999.0 -9999.0 -9999.0 -9999.0 -9999.0 -9999.0 -9999.0 -9999.0 -9999.0 -9999.0 -9999.0 -9999.0 -9999.0 -9999.0 -9999.0 -9999.0 -9999.0 -9999.0 -9999.0 -9999.0 -9999.0 -9999.0 -9999.0 -9999.0 -9999.0 -9999.0 -9999.0 -9999.0 -9999.0 -9999.0 -9999.0 -9999.0 -9999.0 -9999.0 -9999.0 -9999.0 -9999.0 -9999.0 -9999.0 -9999.0 -9999.0 -9999.0 -9999.0 -9999.0 -9999.0 -9999.0 -9999.0 -9999.0 -9999.0 -9999.0 -9999.0 -9999.0 -9999.0 -9999.0 -9999.0 -9999.0 -9999.0 -9999.0 -9999.0 -9999.0 -9999.0 -9999.0 -9999.0 -9999.0 -9999.0 -9999.0 -9999.0 -9999.0 -9999.0 -9999.0 -9999.0 -9999.0 -9999.0 -9999.0 -9999.0 -9999.0 -9999.0 -9999.0 -9999.0 -9999.0 -9999.0 -9999.0 -9999.0 -9999.0 -9999.0 -9999.0 -9999.0
-9999.0 -9999.0 -315.801512 -353.718185 -390.409744 -420.845746 -419.493017 -394.932723 -365.142452 -361.773270 -594.469073 -2456.757260 -2598.991979 -2599.009899 -2599.009901 -2599.009901 -2599.009901 -2599.009901 -2599.009901 -2599.009901 -2599.009901 -2599.009901 -2599.009901 -2599.009901 -2599.009901 -2599.009901 -2599.009901 -2599.009901 -2599.009416 -2593.329609 -1001.706584 -411.789888 -357.191940 -345.940529 -148.614318 33.505901 215.442622 389.859223 413.723650 286.804516 143.269726 -25.991796 -212.802343 -451.598500 -1355.759882 -2595.139413 -2599.009064 -2599.009901 -2599.009901 -2599.009901 -2599.009901 -2599.009901 -2599.009901 -2599.009901 -2599.009901 -2599.009901 -2599.009901 -2599.009901 -2599.009546 -2597.973575 -1890.688209 -547.984551 -322.196499 -341.293465 -367.751629 -407.428359 -427.836497 -432.559551 -433.926013 -434.366710 -434.520764 -434.579832 -434.604878 -434.616591 -434.622563 -434.625835 -434.627737 -434.628905 -434.629670 -434.630221 -434.630678 -434.631135 -434.631681 -434.632419 -434.633492 -434.635116 -434.637627 -434.641579 -434.647915 -434.658325 -434.676046 -434.707855 -434.769503 -434.901790 -435.221040 -436.083723 -438.642005 -446.913636 -478.881304 -685.490723 -2533.653468 -2599.704037 -9999.0 -9999.0
-9999.0 -9999.0 -315.801512 -353.718185 -390.409745 -420.845748 -419.493018 -394.932723 -365.142452 -361.773270 -594.469078 -2456.757265 -2598.991979 -2599.009899 -2599.009901 -2599.009901 -2599.009901 -2599.009901 -2599.009901 -2599.009901 -2599.009901 -2599.009901 -2599.009901 -2599.009901 -2599.009901 -2599.009901 -2599.009901 -2599.009901 -2599.009416 -2593.329609 -1001.706594 -411.789888 -357.191940 -345.940529 -148.614318 33.505901 215.442622 389.859223 413.723650 286.804516 143.269726 -25.991796 -212.802343 -451.598500 -1355.759882 -2595.139413 -2599.009064 -2599.009901 -2599.009901 -2599.009901 -2599.009901 -2599.009901 -2599.009901 -2599.009901 -2599.009901 -2599.009901 -2599.009901 -2599.009901 -2599.009546 -2597.973575 -1890.688210 -547.984551 -322.196499 -341.293465 -367.751629 -407.428360 -427.836498 -432.559552 -433.926015 -434.366712 -434.520765 -434.579833 -434.604879 -434.616592 -434.622565 -434.625837 -434.627739 -434.628907 -434.629672 -434.630222 -434.630680 -434.631137 -434.631683 -434.632421 -434.633494 -434.635117 -434.637628 -434.641581 -434.647917 -434.658326 -434.676048 -434.707857 -434.769505 -434.901792 -435.221042 -436.083724 -438.642006 -446.913638 -478.881308 -685.490742 -2533.653480 -2599.704037 -9999.0 -9999.0
-9999.0 -9999.0 -315.801512 -353.718185 -390.409746 -420.845749 -419.493019 -394.932724 -365.142452 -361.773271 -594.469083 -2456.757272 -2598.991979 -2599.009899 -2599.009901 -2599.009901 -2599.009901 -2599.009901 -2599.009901 -2599.009901 -2599.009901 -2599.009901 -2599.009901 -2599.009901 -2599.009901 -2599.009901 -2599.009901 -2599.009901 -2599.009416 -2593.329609 -1001.706603 -411.789888 -357.191940 -345.940529 -148.614318 33.505901 215.442622 389.859223 413.723650 286.804516 143.269726 -25.991796 -212.802343 -451.598500 -1355.759882 -2595.139413 -2599.009064 -2599.009901 -2599.009901 -2599.009901 -2599.009901 -2599.009901 -2599.009901 -2599.009901 -2599.009901 -2599.009901 -2599.009901 -2599.009901 -2599.009546 -2597.973575 -1890.688211 -547.984551 -322.196499 -341.293465 -367.751629 -407.428361 -427.836500 -432.559554 -433.926016 -434.366714 -434.520767 -434.579835 -434.604881 -434.616594 -434.622567 -434.625839 -434.627741 -434.628909 -434.629674 -434.630224 -434.630682 -434.631139 -434.631684 -434.632422 -434.633496 -434.635119 -434.637630 -434.641582 -434.647919 -434.658328 -434.676050 -434.707859 -434.769507 -434.901794 -435.221044 -436.083726 -438.642008 -446.913640 -478.881312 -685.490762 -2533.653494 -2599.704037 -9999.0 -9999.0
-9999.0 -9999.0 -315.801512 -353.718185 -390.409746 -420.845749 -419.493019 -394.932724 -365.142452 -361.773271 -594.469083 -2456.757272 -2598.991979 -2599.009899 -2599.009901 -2599.009901 -2599.009901 -2599.009901 -2599.009901 -2599.009901 -2599.009901 -2599.009901 -2599.009901 -2599.009901 -2599.009901 -2599.009901 -2599.009901 -2599.009901 -2599.009416 -2593.329609 -1001.706603 -411.789888 -357.191940 -345.940529 -148.614318 33.505901 215.442622 389.859223 413.723650 286.804516 143.269726 -25.991796 -212.802343 -451.598500 -1355.759882 -2595.139413 -2599.009064 -2599.009901 -2599.009901 -2599.009901 -2599.009901 -2599.009901 -2599.009901 -2599.009901 -2599.009901 -2599.009901 -2599.009901 -2599.009901 -2599.009546 -2597.973575 -1890.688211 -547.984551 -322.196499 -341.293465 -367.751629 -407.428361 -427.836500 -432.559554 -433.926016 -434.366714 -434.520767 -434.579835 -434.604881 -434.616594 -434.622567 -434.625839 -434.627741 -434.628909 -434.629674 -434.630224 -434.630682 -434.631139 -434.631684 -434.632422 -434.633496 -434.635119 -434.637630 -434.641582 -434.647919 -434.658328 -434.676050 -434.707859 -434.769507 -434.901794 -435.221044 -436.083726 -438.642008 -446.913640 -478.881312 -685.490762 -2533.653494 -2599.704037 -9999.0 -9999.0
-9999.0 -9999.0 -315.801512 -353.718185 -390.409745 -420.845748 -419.493018 -394.932723 -365.142452 -361.773270 -594.469078 -2456.757265 -2598.991979 -2599.009899 -2599.009901 -2599.009901 -2599.009901 -2599.009901 -2599.009901 -2599.009901 -2599.009901 -2599.009901 -2599.009901 -2599.009901 -2599.009901 -2599.009901 -2599.009901 -2599.009901 -2599.009416 -2593.329609 -1001.706594 -411.789888 -357.191940 -345.940529 -148.614318 33.505901 215.442622 389.859223 413.723650 286.804516 143.269726 -25.991796 -212.802343 -451.598500 -1355.759882 -2595.139413 -2599.009064 -2599.009901 -2599.009901 -2599.009901 -2599.009901 -2599.009901 -2599.009901 -2599.009901 -2599.009901 -2599.009901 -2599.009901 -2599.009901 -2599.009546 -2597.973575 -1890.688210 -547.984551 -322.196499 -341.293465 -367.751629 -407.428360 -427.836498 -432.559552 -433.926015 -434.366712 -434.520765 -434.579833 -434.604879 -434.616592 -434.622565 -434.625837 -434.627739 -434.628907 -434.629672 -434.630222 -434.630680 -434.631137 -434.631683 -434.632421 -434.633494 -434.635117 -434.637628 -434.641581 -434.647917 -434.658326 -434.676048 -434.707857 -434.769505 -434.901792 -435.221042 -436.083724 -438.642006 -446.913638 -478.881308 -685.490742 -2533.653480 -2599.704037 -9999.0 -9999.0
-9999.0 -9999.0 -315.801512 -353.718185 -390.409744 -420.845746 -419.493017 -394.932723 -365.142452 -361.773270 -594.469073 -2456.757260 -2598.991979 -2599.009899 -2599.009901 -2599.009901 -2599.009901 -2599.009901 -2599.009901 -2599.009901 -2599.009901 -2599.009901 -2599.009901 -2599.009901 -2599.009901 -2599.009901 -2599.009901 -2599.009901 -2599.009416 -2593.329609 -1001.706584 -411.789888 -357.191940 -345.940529 -148.614318 33.505901 215.442622 389.859223 413.723650 286.804516 143.269726 -25.991796 -212.802343 -451.598500 -1355.759882 -2595.139413 -2599.009064 -2599.009901 -2599.009901 -2599.009901 -2599.009901 -2599.009901 -2599.009901 -2599.009901 -2599.009901 -2599.009901 -2599.009901 -2599.009901 -2599.009546 -2597.973575 -1890.688209 -547.984551 -322.196499 -341.293465 -367.751629 -407.428359 -427.836497 -432.559551 -433.926013 -434.366710 -434.520764 -434.579832 -434.604878 -434.616591 -434.622563 -434.625835 -434.627737 -434.628905 -434.629670 -434.630221 -434.630678 -434.631135 -434.631681 -434.632419 -434.633492 -434.635116 -434.637627 -434.641579 -434.647915 -434.658325 -434.676046 -434.707855 -434.769503 -434.901790 -435.221040 -436.083723 -438.642005 -446.913636 -478.881304 -685.490723 -2533.653468 -2599.704037 -9999.0 -9999.0
-9999.0 -9999.0 -9999.0 -9999.0 -9999.0 -9999.0 -9999.0 -9999.0 -9999.0 -9999.0 -9999.0 -9999.0 -9999.0 -9999.0 -9999.0 -9999.0 -9999.0 -9999.0 -9999.0 -9999.0 -9999.0 -9999.0 -9999.0 -9999.0 -9999.0 -9999.0 -9999.0 -9999.0 -9999.0 -9999.0 -9999.0 -9999.0 -9999.0 -9999.0 -9999.0 -9999.0 -9999.0 -9999.0 -9999.0 -9999.0 -9999.0 -9999.0 -9999.0 -9999.0 -9999.0 -9999.0 -9999.0 -9999.0 -9999.0 -9999.0 -9999.0 -9999.0 -9999.0 -9999.0 -9999.0 -9999.0 -9999.0 -9999.0 -9999.0 -9999.0 -9999.0 -9999.0 -9999.0 -9999.0 -9999.0 -9999.0 -9999.0 -9999.0 -9999.0 -9999.0 -9999.0 -9999.0 -9999.0 -9999.0 -9999.0 -9999.0 -9999.0 -9999.0 -9999.0 -9999.0 -9999.0 -9999.0 -9999.0 -9999.0 -9999.0 -9999.0 -9999.0 -9999.0 -9999.0 -9999.0 -9999.0 -9999.0 -9999.0 -9999.0 -9999.0 -9999.0 -9999.0 -9999.0 -9999.0 -9999.0 -9999.0 -9999.0 -9999.0 -9999.0
-9999.0 -9999.0 -9999.0 -9999.0 -9999.0 -9999.0 -9999.0 -9999.0 -9999.0 -9999.0 -9999.0 -9999.0 -9999.0 -9999.0 -9999.0 -9999.0 -9999.0 -9999.0 -9999.0 -9999.0 -9999.0 -9999.0 -9999.0 -9999.0 -9999.0 -9999.0 -9999.0 -9999.0 -9999.0 -9999.0 -9999.0 -9999.0 -9999.0 -9999.0 -9999.0 -9999.0 -9999.0 -9999.0 -9999.0 -9999.0 -9999.0 -9999.0 -9999.0 -9999.0 -9999.0 -9999.0 -9999.0 -9999.0 -9999.0 -9999.0 -9999.0 -9999.0 -9999.0 -9999.0 -9999.0 -9999.0 -9999.0 -9999.0 -9999.0 -9999.0 -9999.0 -9999.0 -9999.0 -9999.0 -9999.0 -9999.0 -9999.0 -9999.0 -9999.0 -9999.0 -9999.0 -9999.0 -9999.0 -9999.0 -9999.0 -9999.0 -9999.0 -9999.0 -9999.0 -9999.0 -9999.0 -9999.0 -9999.0 -9999.0 -9999.0 -9999.0 -9999.0 -9999.0 -9999.0 -9999.0 -9999.0 -9999.0 -9999.0 -9999.0 -9999.0 -9999.0 -9999.0 -9999.0 -9999.0 -9999.0 -9999.0 -9999.0 -9999.0 -9999.0