examples/3D/hillslope02_superslab/output-maps-SE27XX/psiliqL0039N0002.asc
ncols         104
nrows         10
xllcorner     -2.000000
yllcorner     0.000000
cellsize      1.000000
NODATA_value  -9999.0
-9999.0 -9999.0 -9999.0 -9999.0 -9999.0 -9999.0 -9999.0 -9999.0 -9999.0 -9999.0 -9999.0 -9999.0 -9999.0 -9999.0 -9999.0 -9999.0 -9999.0 -9999.0 -9999.0 -9999.0 -9999.0 -9999.0 -9999.0 -9999.0 -9999.0 -9999.0 -9999.0 -9999.0 -9999.0 -9999.0 -9999.0 -9999.0 -9999.0 -9999.0 -9999.0 -9999.0 -9999.0 -9999.0 -9999.0 -9999.0 -9999.0 -9999.0 -9999.0 -9999.0 -9999.0 -9999.0 -9999.0 -9999.0 -9999.0 -9999.0 -9999.0 -9999.0 -9999.0 -9999.0 -9999.0 -9999.0 -9999.0 -9999.0 -9999.0 -9999.0 -9999.0 -9999.0 -9999.0 -9999.0 -9999.0 -9999.0 -9999.0 -9999.0 -9999.0 -9999.0 -9999.0 -9999.0 -9999.0 -9999.0 -9999.0 -9999.0 -9999.0 -9999.0 -9999.0 -9999.0 -9999.0 -9999.0 -9999.0 -9999.0 -9999.0 -9999.0 -9999.0 -9999.0 -9999.0 -9999.0 -9999.0 -9999.0 -9999.0 -9999.0 -9999.0 -9999.0 -9999.0 -9999.0 -9999.0 -9999.0 -9999.0 -9999.0 -9999.0 -9999.0
-9999.0 -9999.0 -9999.0 -9999.0 -9999.0 -9999.0 -9999.0 -9999.0 -9999.0 -9999.0 -9999.0 -9999.0 -9999.0 -9999.0 -9999.0 -9999.0 -9999.0 -9999.0 -9999.0 -9999.0 -9999.0 -9999.0 -9999.0 -9999.0 -9999.0 -9999.0 -9999.0 -9999.0 -9999.0 -9999.0 -9999.0 -9999.0 -9999.0 -9999.0 -9999.0 -9999.0 -9999.0 -9999.0 -9999.0 -9999.0 -9999.0 -9999.0 -9999.0 -9999.0 -9999.0 -9999.0 -9999.0 -9999.0 -9999.0 -9999.0 -9999.0 -9999.0 -9999.0 -9999.0 -9999.0 -9999.0 -9999.0 -9999.0 -9999.0 -9999.0 -9999.0 -9999.0 -9999.0 -9999.0 -9999.0 -9999.0 -9999.0 -9999.0 -9999.0 -9999.0 -9999.0 -9999.0 -9999.0 -9999.0 -9999.0 -9999.0 -9999.0 -9999.0 -9999.0 -9999.0 -9999.0 -9999.0 -9999.0 -9999.0 -9999.0 -9999.0 -9999.0 -9999.0 -9999.0 -9999.0 -9999.0 -9999.0 -9999.0 -9999.0 -9999.0 -9999.0 -9999.0 -9999.0 -9999.0 -9999.0 -9999.0 -9999.0 -9999.0 -9999.0
-9999.0 -9999.0 -316.845090 -345.846454 -352.738710 -352.940872 -348.581372 -338.025970 -321.624890 -308.210503 -339.120957 -355.174007 -365.925600 -375.209558 -376.821199 -369.062743 -363.544557 -359.787794 -356.837950 -354.299989 -352.025513 -349.927515 -347.931080 -345.984486 -344.043412 -342.090129 -340.103643 -338.092063 -336.043732 -220.746657 -10.884683 208.279376 439.517455 678.976920 598.087476 508.361702 409.284732 301.003371 183.759408 56.994960 -78.178258 -193.948060 -363.130461 -578.429178 -911.471233 -1911.204273 -3038.442419 -3044.550265 -3044.554453 -3044.554455 -3044.554455 -3044.554455 -3044.554455 -3044.554455 -3044.554455 -3044.554455 -3044.554444 -3044.542892 -3034.522602 -1957.939193 -790.428825 -472.069026 -308.464465 -337.810748 -350.984477 -354.619241 -355.561207 -355.804306 -355.867174 -355.883453 -355.887670 -355.888762 -355.889045 -355.889119 -355.889138 -355.889143 -355.889144 -355.889144 -355.889144 -355.889144 -355.889144 -355.889144 -355.889144 -355.889144 -355.889144 -355.889144 -355.889145 -355.889145 -355.889148 -355.889159 -355.889199 -355.889348 -355.889907 -355.891994 -355.899784 -355.928722 -356.035160 -356.418477 -357.745182 -362.053248 -374.934378 -410.707932 -9999.0 -9999.0
-9999.0 -9999.0 -316.845090 -345.846455 -352.738711 -352.940873 -348.581372 -338.025971 -321.624890 -308.210503 -339.120957 -355.174006 -365.925600 -375.209558 -376.821199 -369.062743 -363.544557 -359.787794 -356.837950 -354.299989 -352.025513 -349.927515 -347.931080 -345.984486 -344.043412 -342.090129 -340.103643 -338.092063 -336.043732 -220.746657 -10.884683 208.279376 439.517455 678.976920 598.087476 508.361702 409.284732 301.003371 183.759408 56.994960 -78.178258 -193.948060 -363.130461 -578.429178 -911.471233 -1911.204273 -3038.442419 -3044.550265 -3044.554453 -3044.554455 -3044.554455 -3044.554455 -3044.554455 -3044.554455 -3044.554455 -3044.554455 -3044.554444 -3044.542892 -3034.522602 -1957.939192 -790.428824 -472.069026 -308.464465 -337.810749 -350.984478 -354.619243 -355.561210 -355.804308 -355.867177 -355.883456 -355.887673 -355.888765 -355.889048 -355.889122 -355.889141 -355.889146 -355.889147 -355.889147 -355.889147 -355.889147 -355.889147 -355.889147 -355.889147 -355.889147 -355.889147 -355.889147 -355.889148 -355.889148 -355.889151 -355.889162 -355.889202 -355.889351 -355.889910 -355.891997 -355.899787 -355.928725 -356.035163 -356.418481 -357.745186 -362.053252 -374.934384 -410.707935 -9999.0 -9999.0
-9999.0 -9999.0 -316.845091 -345.846457 -352.738713 -352.940874 -348.581374 -338.025972 -321.624890 -308.210502 -339.120956 -355.174006 -365.925599 -375.209558 -376.821199 -369.062743 -363.544557 -359.787794 -356.837950 -354.299989 -352.025513 -349.927515 -347.931080 -345.984486 -344.043412 -342.090129 -340.103643 -338.092063 -336.043732 -220.746657 -10.884683 208.279376 439.517455 678.976920 598.087476 508.361702 409.284732 301.003371 183.759408 56.994960 -78.178258 -193.948060 -363.130461 -578.429178 -911.471233 -1911.204273 -3038.442419 -3044.550265 -3044.554453 -3044.554455 -3044.554455 -3044.554455 -3044.554455 -3044.554455 -3044.554455 -3044.554455 -3044.554444 -3044.542892 -3034.522602 -1957.939191 -790.428824 -472.069026 -308.464465 -337.810749 -350.984480 -354.619245 -355.561213 -355.804312 -355.867181 -355.883460 -355.887677 -355.888769 -355.889052 -355.889126 -355.889144 -355.889149 -355.889151 -355.889151 -355.889151 -355.889151 -355.889151 -355.889151 -355.889151 -355.889151 -355.889151 -355.889151 -355.889151 -355.889152 -355.889155 -355.889166 -355.889206 -355.889355 -355.889913 -355.892001 -355.899790 -355.928729 -356.035167 -356.418485 -357.745192 -362.053258 -374.934390 -410.707942 -9999.0 -9999.0
-9999.0 -9999.0 -316.845091 -345.846457 -352.738713 -352.940874 -348.581374 -338.025972 -321.624890 -308.210502 -339.120956 -355.174006 -365.925599 -375.209558 -376.821199 -369.062743 -363.544557 -359.787794 -356.837950 -354.299989 -352.025513 -349.927515 -347.931080 -345.984486 -344.043412 -342.090129 -340.103643 -338.092063 -336.043732 -220.746657 -10.884683 208.279376 439.517455 678.976920 598.087476 508.361702 409.284732 301.003371 183.759408 56.994960 -78.178258 -193.948060 -363.130461 -578.429178 -911.471233 -1911.204273 -3038.442419 -3044.550265 -3044.554453 -3044.554455 -3044.554455 -3044.554455 -3044.554455 -3044.554455 -3044.554455 -3044.554455 -3044.554444 -3044.542892 -3034.522602 -1957.939191 -790.428824 -472.069026 -308.464465 -337.810749 -350.984480 -354.619245 -355.561213 -355.804312 -355.867181 -355.883460 -355.887677 -355.888769 -355.889052 -355.889126 -355.889144 -355.889149 -355.889151 -355.889151 -355.889151 -355.889151 -355.889151 -355.889151 -355.889151 -355.889151 -355.889151 -355.889151 -355.889151 -355.889152 -355.889155 -355.889166 -355.889206 -355.889355 -355.889913 -355.892001 -355.899790 -355.928729 -356.035167 -356.418485 -357.745192 -362.053258 -374.934390 -410.707942 -9999.0 -9999.0
-9999.0 -9999.0 -316.845090 -345.846455 -352.738711 -352.940873 -348.581372 -338.025971 -321.624890 -308.210503 -339.120957 -355.174006 -365.925600 -375.209558 -376.821199 -369.062743 -363.544557 -359.787794 -356.837950 -354.299989 -352.025513 -349.927515 -347.931080 -345.984486 -344.043412 -342.090129 -340.103643 -338.092063 -336.043732 -220.746657 -10.884683 208.279376 439.517455 678.976920 598.087476 508.361702 409.284732 301.003371 183.759408 56.994960 -78.178258 -193.948060 -363.130461 -578.429178 -911.471233 -1911.204273 -3038.442419 -3044.550265 -3044.554453 -3044.554455 -3044.554455 -3044.554455 -3044.554455 -3044.554455 -3044.554455 -3044.554455 -3044.554444 -3044.542892 -3034.522602 -1957.939192 -790.428824 -472.069026 -308.464465 -337.810749 -350.984478 -354.619243 -355.561210 -355.804308 -355.867177 -355.883456 -355.887673 -355.888765 -355.889048 -355.889122 -355.889141 -355.889146 -355.889147 -355.889147 -355.889147 -355.889147 -355.889147 -355.889147 -355.889147 -355.889147 -355.889147 -355.889147 -355.889148 -355.889148 -355.889151 -355.889162 -355.889202 -355.889351 -355.889910 -355.891997 -355.899787 -355.928725 -356.035163 -356.418481 -357.745186 -362.053252 -374.934384 -410.707935 -9999.0 -9999.0
-9999.0 -9999.0 -316.845090 -345.846454 -352.738710 -352.940872 -348.581372 -338.025970 -321.624890 -308.210503 -339.120957 -355.174007 -365.925600 -375.209558 -376.821199 -369.062743 -363.544557 -359.787794 -356.837950 -354.299989 -352.025513 -349.927515 -347.931080 -345.984486 -344.043412 -342.090129 -340.103643 -338.092063 -336.043732 -220.746657 -10.884683 208.279376 439.517455 678.976920 598.087476 508.361702 409.284732 301.003371 183.759408 56.994960 -78.178258 -193.948060 -363.130461 -578.429178 -911.471233 -1911.204273 -3038.442419 -3044.550265 -3044.554453 -3044.554455 -3044.554455 -3044.554455 -3044.554455 -3044.554455 -3044.554455 -3044.554455 -3044.554444 -3044.542892 -3034.522602 -1957.939193 -790.428825 -472.069026 -308.464465 -337.810748 -350.984477 -354.619241 -355.561207 -355.804306 -355.867174 -355.883453 -355.887670 -355.888762 -355.889045 -355.889119 -355.889138 -355.889143 -355.889144 -355.889144 -355.889144 -355.889144 -355.889144 -355.889144 -355.889144 -355.889144 -355.889144 -355.889144 -355.889145 -355.889145 -355.889148 -355.889159 -355.889199 -355.889348 -355.889907 -355.891994 -355.899784 -355.928722 -356.035160 -356.418477 -357.745182 -362.053248 -374.934378 -410.707932 -9999.0 -9999.0
-9999.0 -9999.0 -9999.0 -9999.0 -9999.0 -9999.0 -9999.0 -9999.0 -9999.0 -9999.0 -9999.0 -9999.0 -9999.0 -9999.0 -9999.0 -9999.0 -9999.0 -9999.0 -9999.0 -9999.0 -9999.0 -9999.0 -9999.0 -9999.0 -9999.0 -9999.0 -9999.0 -9999.0 -9999.0 -9999.0 -9999.0 -9999.0 -9999.0 -9999.0 -9999.0 -9999.0 -9999.0 -9999.0 -9999.0 -9999.0 -9999.0 -9999.0 -9999.0 -9999.0 -9999.0 -9999.0 -9999.0 -9999.0 -9999.0 -9999.0 -9999.0 -9999.0 -9999.0 -9999.0 -9999.0 -9999.0 -9999.0 -9999.0 -9999.0 -9999.0 -9999.0 -9999.0 -9999.0 -9999.0 -9999.0 -9999.0 -9999.0 -9999.0 -9999.0 -9999.0 -9999.0 -9999.0 -9999.0 -9999.0 -9999.0 -9999.0 -9999.0 -9999.0 -9999.0 -9999.0 -9999.0 -9999.0 -9999.0 -9999.0 -9999.0 -9999.0 -9999.0 -9999.0 -9999.0 -9999.0 -9999.0 -9999.0 -9999.0 -9999.0 -9999.0 -9999.0 -9999.0 -9999.0 -9999.0 -9999.0 -9999.0 -9999.0 -9999.0 -9999.0
-9999.0 -9999.0 -9999.0 -9999.0 -9999.0 -9999.0 -9999.0 -9999.0 -9999.0 -9999.0 -9999.0 -9999.0 -9999.0 -9999.0 -9999.0 -9999.0 -9999.0 -9999.0 -9999.0 -9999.0 -9999.0 -9999.0 -9999.0 -9999.0 -9999.0 -9999.0 -9999.0 -9999.0 -9999.0 -9999.0 -9999.0 -9999.0 -9999.0 -9999.0 -9999.0 -9999.0 -9999.0 -9999.0 -9999.0 -9999.0 -9999.0 -9999.0 -9999.0 -9999.0 -9999.0 -9999.0 -9999.0 -9999.0 -9999.0 -9999.0 -9999.0 -9999.0 -9999.0 -9999.0 -9999.0 -9999.0 -9999.0 -9999.0 -9999.0 -9999.0 -9999.0 -9999.0 -9999.0 -9999.0 -9999.0 -9999.0 -9999.0 -9999.0 -9999.0 -9999.0 -9999.0 -9999.0 -9999.0 -9999.0 -9999.0 -9999.0 -9999.0 -9999.0 -9999.0 -9999.0 -9999.0 -9999.0 -9999.0 -9999.0 -9999.0 -9999.0 -9999.0 -9999.0 -9999.0 -9999.0 -9999.0 -9999.0 -9999.0 -9999.0 -9999.0 -9999.0 -9999.0 -9999.0 -9999.0 -9999.0 -9999.0 -9999.0 -9999.0 -9999.0