examples/3D/hillslope02_superslab/output-maps-SE27XX/psiliqL0067N0003.asc
ncols         104
nrows         10
xllcorner     -2.000000
yllcorner     0.000000
cellsize      1.000000
NODATA_value  -9999.0
-9999.0 -9999.0 -9999.0 -9999.0 -9999.0 -9999.0 -9999.0 -9999.0 -9999.0 -9999.0 -9999.0 -9999.0 -9999.0 -9999.0 -9999.0 -9999.0 -9999.0 -9999.0 -9999.0 -9999.0 -9999.0 -9999.0 -9999.0 -9999.0 -9999.0 -9999.0 -9999.0 -9999.0 -9999.0 -9999.0 -9999.0 -9999.0 -9999.0 -9999.0 -9999.0 -9999.0 -9999.0 -9999.0 -9999.0 -9999.0 -9999.0 -9999.0 -9999.0 -9999.0 -9999.0 -9999.0 -9999.0 -9999.0 -9999.0 -9999.0 -9999.0 -9999.0 -9999.0 -9999.0 -9999.0 -9999.0 -9999.0 -9999.0 -9999.0 -9999.0 -9999.0 -9999.0 -9999.0 -9999.0 -9999.0 -9999.0 -9999.0 -9999.0 -9999.0 -9999.0 -9999.0 -9999.0 -9999.0 -9999.0 -9999.0 -9999.0 -9999.0 -9999.0 -9999.0 -9999.0 -9999.0 -9999.0 -9999.0 -9999.0 -9999.0 -9999.0 -9999.0 -9999.0 -9999.0 -9999.0 -9999.0 -9999.0 -9999.0 -9999.0 -9999.0 -9999.0 -9999.0 -9999.0 -9999.0 -9999.0 -9999.0 -9999.0 -9999.0 -9999.0
-9999.0 -9999.0 -9999.0 -9999.0 -9999.0 -9999.0 -9999.0 -9999.0 -9999.0 -9999.0 -9999.0 -9999.0 -9999.0 -9999.0 -9999.0 -9999.0 -9999.0 -9999.0 -9999.0 -9999.0 -9999.0 -9999.0 -9999.0 -9999.0 -9999.0 -9999.0 -9999.0 -9999.0 -9999.0 -9999.0 -9999.0 -9999.0 -9999.0 -9999.0 -9999.0 -9999.0 -9999.0 -9999.0 -9999.0 -9999.0 -9999.0 -9999.0 -9999.0 -9999.0 -9999.0 -9999.0 -9999.0 -9999.0 -9999.0 -9999.0 -9999.0 -9999.0 -9999.0 -9999.0 -9999.0 -9999.0 -9999.0 -9999.0 -9999.0 -9999.0 -9999.0 -9999.0 -9999.0 -9999.0 -9999.0 -9999.0 -9999.0 -9999.0 -9999.0 -9999.0 -9999.0 -9999.0 -9999.0 -9999.0 -9999.0 -9999.0 -9999.0 -9999.0 -9999.0 -9999.0 -9999.0 -9999.0 -9999.0 -9999.0 -9999.0 -9999.0 -9999.0 -9999.0 -9999.0 -9999.0 -9999.0 -9999.0 -9999.0 -9999.0 -9999.0 -9999.0 -9999.0 -9999.0 -9999.0 -9999.0 -9999.0 -9999.0 -9999.0 -9999.0
-9999.0 -9999.0 2159.863275 2061.507535 1964.824447 1869.863178 1776.681163 1685.336457 1595.884984 1508.388407 1422.911395 1339.509487 1258.232308 1179.127482 1102.204412 1027.466679 954.861468 884.360554 815.901451 749.392922 684.829954 622.143543 561.247601 502.055790 444.553654 388.688563 334.389143 281.593520 230.241747 180.271462 131.628698 84.258608 38.103050 -6.900318 -50.824591 -93.621127 -134.983689 -174.629147 -212.154160 -247.187175 -279.677769 -310.217166 -340.820847 -348.538541 -351.775951 -372.872630 -409.482643 -464.193065 -534.216441 -627.084054 -772.111786 -866.083933 -637.696041 -671.295446 -695.201833 -711.052880 -720.353998 -723.997553 -718.413380 -665.147615 -574.158049 -514.274254 -481.832679 -474.661251 -474.553557 -475.427876 -476.471352 -477.651615 -478.976064 -480.440010 -482.014373 -483.641716 -485.301208 -486.983321 -488.657263 -490.283411 -491.855031 -493.353274 -494.754928 -496.060060 -497.253057 -498.335006 -499.302621 -500.159250 -500.907947 -501.555833 -502.108961 -502.576683 -502.966956 -503.288880 -503.551359 -503.762533 -503.930337 -504.062299 -504.165855 -504.250413 -504.334294 -504.468929 -504.826526 -506.032865 -510.479258 -527.998299 -9999.0 -9999.0
-9999.0 -9999.0 2159.863275 2061.507534 1964.824447 1869.863178 1776.681163 1685.336456 1595.884984 1508.388406 1422.911395 1339.509486 1258.232308 1179.127481 1102.204412 1027.466678 954.861467 884.360554 815.901451 749.392922 684.829954 622.143543 561.247601 502.055790 444.553654 388.688563 334.389143 281.593520 230.241747 180.271462 131.628698 84.258608 38.103050 -6.900318 -50.824592 -93.621127 -134.983689 -174.629147 -212.154160 -247.187175 -279.677769 -310.217166 -340.820847 -348.538541 -351.775951 -372.872630 -409.482643 -464.193065 -534.216441 -627.084054 -772.111786 -866.083933 -637.696041 -671.295446 -695.201833 -711.052880 -720.353998 -723.997553 -718.413380 -665.147615 -574.158048 -514.274254 -481.832679 -474.661251 -474.553557 -475.427876 -476.471352 -477.651615 -478.976064 -480.440010 -482.014373 -483.641716 -485.301208 -486.983322 -488.657263 -490.283411 -491.855031 -493.353274 -494.754928 -496.060060 -497.253057 -498.335006 -499.302621 -500.159250 -500.907947 -501.555833 -502.108961 -502.576683 -502.966956 -503.288880 -503.551359 -503.762533 -503.930337 -504.062299 -504.165855 -504.250413 -504.334294 -504.468930 -504.826527 -506.032865 -510.479258 -527.998299 -9999.0 -9999.0
-9999.0 -9999.0 2159.863274 2061.507534 1964.824446 1869.863178 1776.681163 1685.336456 1595.884984 1508.388406 1422.911394 1339.509486 1258.232308 1179.127481 1102.204412 1027.466678 954.861467 884.360554 815.901450 749.392922 684.829954 622.143543 561.247601 502.055790 444.553654 388.688563 334.389143 281.593520 230.241747 180.271462 131.628698 84.258608 38.103050 -6.900319 -50.824592 -93.621127 -134.983689 -174.629147 -212.154160 -247.187175 -279.677769 -310.217166 -340.820847 -348.538541 -351.775951 -372.872630 -409.482643 -464.193065 -534.216441 -627.084054 -772.111786 -866.083933 -637.696041 -671.295446 -695.201833 -711.052880 -720.353998 -723.997553 -718.413380 -665.147615 -574.158048 -514.274254 -481.832679 -474.661251 -474.553557 -475.427876 -476.471352 -477.651615 -478.976064 -480.440010 -482.014373 -483.641716 -485.301208 -486.983322 -488.657263 -490.283412 -491.855031 -493.353274 -494.754928 -496.060060 -497.253058 -498.335006 -499.302622 -500.159251 -500.907947 -501.555834 -502.108961 -502.576683 -502.966956 -503.288880 -503.551359 -503.762533 -503.930337 -504.062299 -504.165855 -504.250413 -504.334294 -504.468930 -504.826527 -506.032865 -510.479258 -527.998299 -9999.0 -9999.0
-9999.0 -9999.0 2159.863274 2061.507534 1964.824446 1869.863177 1776.681163 1685.336456 1595.884984 1508.388406 1422.911395 1339.509486 1258.232308 1179.127481 1102.204412 1027.466678 954.861467 884.360554 815.901450 749.392922 684.829954 622.143543 561.247601 502.055790 444.553654 388.688563 334.389143 281.593520 230.241747 180.271462 131.628698 84.258608 38.103050 -6.900319 -50.824592 -93.621127 -134.983689 -174.629147 -212.154160 -247.187175 -279.677769 -310.217166 -340.820847 -348.538541 -351.775951 -372.872630 -409.482643 -464.193065 -534.216441 -627.084054 -772.111786 -866.083933 -637.696041 -671.295446 -695.201833 -711.052880 -720.353998 -723.997553 -718.413380 -665.147615 -574.158048 -514.274254 -481.832679 -474.661251 -474.553557 -475.427876 -476.471352 -477.651615 -478.976064 -480.440010 -482.014373 -483.641716 -485.301208 -486.983322 -488.657263 -490.283412 -491.855031 -493.353274 -494.754928 -496.060060 -497.253058 -498.335006 -499.302622 -500.159251 -500.907947 -501.555834 -502.108961 -502.576683 -502.966956 -503.288880 -503.551359 -503.762533 -503.930337 -504.062299 -504.165855 -504.250413 -504.334294 -504.468930 -504.826527 -506.032865 -510.479258 -527.998299 -9999.0 -9999.0
-9999.0 -9999.0 2159.863274 2061.507534 1964.824446 1869.863178 1776.681163 1685.336456 1595.884984 1508.388407 1422.911395 1339.509487 1258.232308 1179.127481 1102.204412 1027.466678 954.861467 884.360554 815.901451 749.392922 684.829954 622.143543 561.247601 502.055790 444.553654 388.688563 334.389143 281.593520 230.241747 180.271462 131.628698 84.258608 38.103050 -6.900318 -50.824592 -93.621127 -134.983689 -174.629147 -212.154160 -247.187175 -279.677769 -310.217166 -340.820847 -348.538541 -351.775951 -372.872630 -409.482643 -464.193065 -534.216441 -627.084054 -772.111786 -866.083933 -637.696041 -671.295446 -695.201833 -711.052880 -720.353998 -723.997553 -718.413380 -665.147615 -574.158048 -514.274254 -481.832679 -474.661251 -474.553557 -475.427876 -476.471352 -477.651615 -478.976064 -480.440010 -482.014373 -483.641716 -485.301208 -486.983322 -488.657263 -490.283411 -491.855031 -493.353274 -494.754928 -496.060060 -497.253057 -498.335006 -499.302621 -500.159250 -500.907947 -501.555833 -502.108961 -502.576683 -502.966956 -503.288880 -503.551359 -503.762533 -503.930337 -504.062299 -504.165855 -504.250413 -504.334294 -504.468930 -504.826527 -506.032865 -510.479258 -527.998299 -9999.0 -9999.0
-9999.0 -9999.0 2159.863275 2061.507535 1964.824447 1869.863178 1776.681164 1685.336456 1595.884984 1508.388407 1422.911395 1339.509487 1258.232308 1179.127482 1102.204412 1027.466679 954.861468 884.360554 815.901451 749.392922 684.829954 622.143543 561.247601 502.055790 444.553654 388.688563 334.389143 281.593520 230.241747 180.271462 131.628698 84.258608 38.103050 -6.900318 -50.824591 -93.621127 -134.983689 -174.629147 -212.154160 -247.187175 -279.677769 -310.217166 -340.820847 -348.538541 -351.775951 -372.872630 -409.482643 -464.193065 -534.216441 -627.084054 -772.111786 -866.083933 -637.696041 -671.295446 -695.201833 -711.052880 -720.353998 -723.997553 -718.413380 -665.147615 -574.158049 -514.274254 -481.832679 -474.661251 -474.553557 -475.427876 -476.471352 -477.651615 -478.976064 -480.440010 -482.014373 -483.641716 -485.301208 -486.983321 -488.657263 -490.283411 -491.855031 -493.353274 -494.754928 -496.060060 -497.253057 -498.335006 -499.302621 -500.159250 -500.907947 -501.555833 -502.108961 -502.576683 -502.966956 -503.288880 -503.551359 -503.762533 -503.930337 -504.062299 -504.165855 -504.250413 -504.334294 -504.468929 -504.826526 -506.032865 -510.479258 -527.998299 -9999.0 -9999.0
-9999.0 -9999.0 -9999.0 -9999.0 -9999.0 -9999.0 -9999.0 -9999.0 -9999.0 -9999.0 -9999.0 -9999.0 -9999.0 -9999.0 -9999.0 -9999.0 -9999.0 -9999.0 -9999.0 -9999.0 -9999.0 -9999.0 -9999.0 -9999.0 -9999.0 -9999.0 -9999.0 -9999.0 -9999.0 -9999.0 -9999.0 -9999.0 -9999.0 -9999.0 -9999.0 -9999.0 -9999.0 -9999.0 -9999.0 -9999.0 -9999.0 -9999.0 -9999.0 -9999.0 -9999.0 -9999.0 -9999.0 -9999.0 -9999.0 -9999.0 -9999.0 -9999.0 -9999.0 -9999.0 -9999.0 -9999.0 -9999.0 -9999.0 -9999.0 -9999.0 -9999.0 -9999.0 -9999.0 -9999.0 -9999.0 -9999.0 -9999.0 -9999.0 -9999.0 -9999.0 -9999.0 -9999.0 -9999.0 -9999.0 -9999.0 -9999.0 -9999.0 -9999.0 -9999.0 -9999.0 -9999.0 -9999.0 -9999.0 -9999.0 -9999.0 -9999.0 -9999.0 -9999.0 -9999.0 -9999.0 -9999.0 -9999.0 -9999.0 -9999.0 -9999.0 -9999.0 -9999.0 -9999.0 -9999.0 -9999.0 -9999.0 -9999.0 -9999.0 -9999.0
-9999.0 -9999.0 -9999.0 -9999.0 -9999.0 -9999.0 -9999.0 -9999.0 -9999.0 -9999.0 -9999.0 -9999.0 -9999.0 -9999.0 -9999.0 -9999.0 -9999.0 -9999.0 -9999.0 -9999.0 -9999.0 -9999.0 -9999.0 -9999.0 -9999.0 -9999.0 -9999.0 -9999.0 -9999.0 -9999.0 -9999.0 -9999.0 -9999.0 -9999.0 -9999.0 -9999.0 -9999.0 -9999.0 -9999.0 -9999.0 -9999.0 -9999.0 -9999.0 -9999.0 -9999.0 -9999.0 -9999.0 -9999.0 -9999.0 -9999.0 -9999.0 -9999.0 -9999.0 -9999.0 -9999.0 -9999.0 -9999.0 -9999.0 -9999.0 -9999.0 -9999.0 -9999.0 -9999.0 -9999.0 -9999.0 -9999.0 -9999.0 -9999.0 -9999.0 -9999.0 -9999.0 -9999.0 -9999.0 -9999.0 -9999.0 -9999.0 -9999.0 -9999.0 -9999.0 -9999.0 -9999.0 -9999.0 -9999.0 -9999.0 -9999.0 -9999.0 -9999.0 -9999.0 -9999.0 -9999.0 -9999.0 -9999.0 -9999.0 -9999.0 -9999.0 -9999.0 -9999.0 -9999.0 -9999.0 -9999.0 -9999.0 -9999.0 -9999.0 -9999.0