examples/3D/hillslope02_superslab/output-maps-SE27XX/psiliqL0056N0001.asc
ncols         104
nrows         10
xllcorner     -2.000000
yllcorner     0.000000
cellsize      1.000000
NODATA_value  -9999.0
-9999.0 -9999.0 -9999.0 -9999.0 -9999.0 -9999.0 -9999.0 -9999.0 -9999.0 -9999.0 -9999.0 -9999.0 -9999.0 -9999.0 -9999.0 -9999.0 -9999.0 -9999.0 -9999.0 -9999.0 -9999.0 -9999.0 -9999.0 -9999.0 -9999.0 -9999.0 -9999.0 -9999.0 -9999.0 -9999.0 -9999.0 -9999.0 -9999.0 -9999.0 -9999.0 -9999.0 -9999.0 -9999.0 -9999.0 -9999.0 -9999.0 -9999.0 -9999.0 -9999.0 -9999.0 -9999.0 -9999.0 -9999.0 -9999.0 -9999.0 -9999.0 -9999.0 -9999.0 -9999.0 -9999.0 -9999.0 -9999.0 -9999.0 -9999.0 -9999.0 -9999.0 -9999.0 -9999.0 -9999.0 -9999.0 -9999.0 -9999.0 -9999.0 -9999.0 -9999.0 -9999.0 -9999.0 -9999.0 -9999.0 -9999.0 -9999.0 -9999.0 -9999.0 -9999.0 -9999.0 -9999.0 -9999.0 -9999.0 -9999.0 -9999.0 -9999.0 -9999.0 -9999.0 -9999.0 -9999.0 -9999.0 -9999.0 -9999.0 -9999.0 -9999.0 -9999.0 -9999.0 -9999.0 -9999.0 -9999.0 -9999.0 -9999.0 -9999.0 -9999.0
-9999.0 -9999.0 -9999.0 -9999.0 -9999.0 -9999.0 -9999.0 -9999.0 -9999.0 -9999.0 -9999.0 -9999.0 -9999.0 -9999.0 -9999.0 -9999.0 -9999.0 -9999.0 -9999.0 -9999.0 -9999.0 -9999.0 -9999.0 -9999.0 -9999.0 -9999.0 -9999.0 -9999.0 -9999.0 -9999.0 -9999.0 -9999.0 -9999.0 -9999.0 -9999.0 -9999.0 -9999.0 -9999.0 -9999.0 -9999.0 -9999.0 -9999.0 -9999.0 -9999.0 -9999.0 -9999.0 -9999.0 -9999.0 -9999.0 -9999.0 -9999.0 -9999.0 -9999.0 -9999.0 -9999.0 -9999.0 -9999.0 -9999.0 -9999.0 -9999.0 -9999.0 -9999.0 -9999.0 -9999.0 -9999.0 -9999.0 -9999.0 -9999.0 -9999.0 -9999.0 -9999.0 -9999.0 -9999.0 -9999.0 -9999.0 -9999.0 -9999.0 -9999.0 -9999.0 -9999.0 -9999.0 -9999.0 -9999.0 -9999.0 -9999.0 -9999.0 -9999.0 -9999.0 -9999.0 -9999.0 -9999.0 -9999.0 -9999.0 -9999.0 -9999.0 -9999.0 -9999.0 -9999.0 -9999.0 -9999.0 -9999.0 -9999.0 -9999.0 -9999.0
-9999.0 -9999.0 -324.001989 -470.309199 -1853.307352 -2202.657162 -2202.765741 -2195.078620 -1252.005172 -1130.998034 -2201.509682 -2202.970117 -2202.970297 -2202.970297 -2202.970297 -2202.970297 -2202.970297 -2202.970297 -2202.970297 -2202.970297 -2202.970297 -2202.970297 -2202.970297 -2202.970297 -2202.970297 -2202.970297 -2202.970297 -2202.970297 -2202.970297 -2202.970285 -2202.909277 -1999.778575 -509.683893 -370.251485 -348.065817 -342.352505 -340.415563 -339.998107 -144.836743 15.469180 150.577277 241.894706 156.214520 -63.921724 -290.673397 -967.858833 -2193.298621 -2202.968037 -2202.970326 -2202.970304 -2202.970299 -2202.970298 -2202.970297 -2202.970297 -2202.970297 -2202.970297 -2202.970297 -2202.970297 -2202.970292 -2202.956295 -2167.539584 -833.829006 -345.708576 -380.606208 -720.115534 -2178.747164 -2202.867660 -2202.911959 -2202.920134 -2202.922547 -2202.923377 -2202.923698 -2202.923835 -2202.923900 -2202.923933 -2202.923952 -2202.923962 -2202.923969 -2202.923973 -2202.923976 -2202.923979 -2202.923981 -2202.923984 -2202.923989 -2202.923994 -2202.924003 -2202.924017 -2202.924039 -2202.924073 -2202.924130 -2202.924225 -2202.924395 -2202.924715 -2202.925376 -2202.926884 -2202.930575 -2202.939414 -2202.955719 -2202.968915 -2202.970326 -2202.977270 -2204.039928 -9999.0 -9999.0
-9999.0 -9999.0 -324.001989 -470.309201 -1853.307370 -2202.657162 -2202.765741 -2195.078620 -1252.005173 -1130.998037 -2201.509682 -2202.970117 -2202.970297 -2202.970297 -2202.970297 -2202.970297 -2202.970297 -2202.970297 -2202.970297 -2202.970297 -2202.970297 -2202.970297 -2202.970297 -2202.970297 -2202.970297 -2202.970297 -2202.970297 -2202.970297 -2202.970297 -2202.970285 -2202.909277 -1999.778577 -509.683894 -370.251485 -348.065817 -342.352505 -340.415563 -339.998107 -144.836743 15.469180 150.577277 241.894706 156.214520 -63.921724 -290.673397 -967.858833 -2193.298621 -2202.968037 -2202.970326 -2202.970304 -2202.970299 -2202.970298 -2202.970297 -2202.970297 -2202.970297 -2202.970297 -2202.970297 -2202.970297 -2202.970292 -2202.956295 -2167.539584 -833.829007 -345.708576 -380.606209 -720.115540 -2178.747165 -2202.867660 -2202.911959 -2202.920134 -2202.922547 -2202.923377 -2202.923698 -2202.923835 -2202.923900 -2202.923933 -2202.923952 -2202.923962 -2202.923969 -2202.923973 -2202.923976 -2202.923979 -2202.923981 -2202.923984 -2202.923989 -2202.923994 -2202.924003 -2202.924017 -2202.924039 -2202.924073 -2202.924130 -2202.924225 -2202.924395 -2202.924715 -2202.925376 -2202.926884 -2202.930575 -2202.939414 -2202.955719 -2202.968915 -2202.970326 -2202.977270 -2204.039928 -9999.0 -9999.0
-9999.0 -9999.0 -324.001990 -470.309203 -1853.307389 -2202.657162 -2202.765741 -2195.078621 -1252.005186 -1130.998059 -2201.509682 -2202.970117 -2202.970297 -2202.970297 -2202.970297 -2202.970297 -2202.970297 -2202.970297 -2202.970297 -2202.970297 -2202.970297 -2202.970297 -2202.970297 -2202.970297 -2202.970297 -2202.970297 -2202.970297 -2202.970297 -2202.970297 -2202.970285 -2202.909277 -1999.778578 -509.683894 -370.251485 -348.065817 -342.352505 -340.415563 -339.998107 -144.836743 15.469180 150.577277 241.894706 156.214520 -63.921724 -290.673397 -967.858833 -2193.298621 -2202.968037 -2202.970326 -2202.970304 -2202.970299 -2202.970298 -2202.970297 -2202.970297 -2202.970297 -2202.970297 -2202.970297 -2202.970297 -2202.970292 -2202.956295 -2167.539585 -833.829008 -345.708576 -380.606209 -720.115546 -2178.747167 -2202.867660 -2202.911959 -2202.920134 -2202.922547 -2202.923377 -2202.923698 -2202.923835 -2202.923900 -2202.923933 -2202.923952 -2202.923962 -2202.923969 -2202.923973 -2202.923976 -2202.923979 -2202.923981 -2202.923984 -2202.923989 -2202.923994 -2202.924003 -2202.924017 -2202.924039 -2202.924073 -2202.924130 -2202.924225 -2202.924395 -2202.924715 -2202.925376 -2202.926884 -2202.930575 -2202.939414 -2202.955719 -2202.968915 -2202.970326 -2202.977270 -2204.039928 -9999.0 -9999.0
-9999.0 -9999.0 -324.001990 -470.309203 -1853.307389 -2202.657162 -2202.765741 -2195.078621 -1252.005186 -1130.998059 -2201.509682 -2202.970117 -2202.970297 -2202.970297 -2202.970297 -2202.970297 -2202.970297 -2202.970297 -2202.970297 -2202.970297 -2202.970297 -2202.970297 -2202.970297 -2202.970297 -2202.970297 -2202.970297 -2202.970297 -2202.970297 -2202.970297 -2202.970285 -2202.909277 -1999.778578 -509.683894 -370.251485 -348.065817 -342.352505 -340.415563 -339.998107 -144.836743 15.469180 150.577277 241.894706 156.214520 -63.921724 -290.673397 -967.858833 -2193.298621 -2202.968037 -2202.970326 -2202.970304 -2202.970299 -2202.970298 -2202.970297 -2202.970297 -2202.970297 -2202.970297 -2202.970297 -2202.970297 -2202.970292 -2202.956295 -2167.539585 -833.829008 -345.708576 -380.606209 -720.115546 -2178.747167 -2202.867660 -2202.911959 -2202.920134 -2202.922547 -2202.923377 -2202.923698 -2202.923835 -2202.923900 -2202.923933 -2202.923952 -2202.923962 -2202.923969 -2202.923973 -2202.923976 -2202.923979 -2202.923981 -2202.923984 -2202.923989 -2202.923994 -2202.924003 -2202.924017 -2202.924039 -2202.924073 -2202.924130 -2202.924225 -2202.924395 -2202.924715 -2202.925376 -2202.926884 -2202.930575 -2202.939414 -2202.955719 -2202.968915 -2202.970326 -2202.977270 -2204.039928 -9999.0 -9999.0
-9999.0 -9999.0 -324.001989 -470.309201 -1853.307370 -2202.657162 -2202.765741 -2195.078620 -1252.005173 -1130.998037 -2201.509682 -2202.970117 -2202.970297 -2202.970297 -2202.970297 -2202.970297 -2202.970297 -2202.970297 -2202.970297 -2202.970297 -2202.970297 -2202.970297 -2202.970297 -2202.970297 -2202.970297 -2202.970297 -2202.970297 -2202.970297 -2202.970297 -2202.970285 -2202.909277 -1999.778577 -509.683894 -370.251485 -348.065817 -342.352505 -340.415563 -339.998107 -144.836743 15.469180 150.577277 241.894706 156.214520 -63.921724 -290.673397 -967.858833 -2193.298621 -2202.968037 -2202.970326 -2202.970304 -2202.970299 -2202.970298 -2202.970297 -2202.970297 -2202.970297 -2202.970297 -2202.970297 -2202.970297 -2202.970292 -2202.956295 -2167.539584 -833.829007 -345.708576 -380.606209 -720.115540 -2178.747165 -2202.867660 -2202.911959 -2202.920134 -2202.922547 -2202.923377 -2202.923698 -2202.923835 -2202.923900 -2202.923933 -2202.923952 -2202.923962 -2202.923969 -2202.923973 -2202.923976 -2202.923979 -2202.923981 -2202.923984 -2202.923989 -2202.923994 -2202.924003 -2202.924017 -2202.924039 -2202.924073 -2202.924130 -2202.924225 -2202.924395 -2202.924715 -2202.925376 -2202.926884 -2202.930575 -2202.939414 -2202.955719 -2202.968915 -2202.970326 -2202.977270 -2204.039928 -9999.0 -9999.0
-9999.0 -9999.0 -324.001989 -470.309199 -1853.307352 -2202.657162 -2202.765741 -2195.078620 -1252.005172 -1130.998034 -2201.509682 -2202.970117 -2202.970297 -2202.970297 -2202.970297 -2202.970297 -2202.970297 -2202.970297 -2202.970297 -2202.970297 -2202.970297 -2202.970297 -2202.970297 -2202.970297 -2202.970297 -2202.970297 -2202.970297 -2202.970297 -2202.970297 -2202.970285 -2202.909277 -1999.778575 -509.683893 -370.251485 -348.065817 -342.352505 -340.415563 -339.998107 -144.836743 15.469180 150.577277 241.894706 156.214520 -63.921724 -290.673397 -967.858833 -2193.298621 -2202.968037 -2202.970326 -2202.970304 -2202.970299 -2202.970298 -2202.970297 -2202.970297 -2202.970297 -2202.970297 -2202.970297 -2202.970297 -2202.970292 -2202.956295 -2167.539584 -833.829006 -345.708576 -380.606208 -720.115534 -2178.747164 -2202.867660 -2202.911959 -2202.920134 -2202.922547 -2202.923377 -2202.923698 -2202.923835 -2202.923900 -2202.923933 -2202.923952 -2202.923962 -2202.923969 -2202.923973 -2202.923976 -2202.923979 -2202.923981 -2202.923984 -2202.923989 -2202.923994 -2202.924003 -2202.924017 -2202.924039 -2202.924073 -2202.924130 -2202.924225 -2202.924395 -2202.924715 -2202.925376 -2202.926884 -2202.930575 -2202.939414 -2202.955719 -2202.968915 -2202.970326 -2202.977270 -2204.039928 -9999.0 -9999.0
-9999.0 -9999.0 -9999.0 -9999.0 -9999.0 -9999.0 -9999.0 -9999.0 -9999.0 -9999.0 -9999.0 -9999.0 -9999.0 -9999.0 -9999.0 -9999.0 -9999.0 -9999.0 -9999.0 -9999.0 -9999.0 -9999.0 -9999.0 -9999.0 -9999.0 -9999.0 -9999.0 -9999.0 -9999.0 -9999.0 -9999.0 -9999.0 -9999.0 -9999.0 -9999.0 -9999.0 -9999.0 -9999.0 -9999.0 -9999.0 -9999.0 -9999.0 -9999.0 -9999.0 -9999.0 -9999.0 -9999.0 -9999.0 -9999.0 -9999.0 -9999.0 -9999.0 -9999.0 -9999.0 -9999.0 -9999.0 -9999.0 -9999.0 -9999.0 -9999.0 -9999.0 -9999.0 -9999.0 -9999.0 -9999.0 -9999.0 -9999.0 -9999.0 -9999.0 -9999.0 -9999.0 -9999.0 -9999.0 -9999.0 -9999.0 -9999.0 -9999.0 -9999.0 -9999.0 -9999.0 -9999.0 -9999.0 -9999.0 -9999.0 -9999.0 -9999.0 -9999.0 -9999.0 -9999.0 -9999.0 -9999.0 -9999.0 -9999.0 -9999.0 -9999.0 -9999.0 -9999.0 -9999.0 -9999.0 -9999.0 -9999.0 -9999.0 -9999.0 -9999.0
-9999.0 -9999.0 -9999.0 -9999.0 -9999.0 -9999.0 -9999.0 -9999.0 -9999.0 -9999.0 -9999.0 -9999.0 -9999.0 -9999.0 -9999.0 -9999.0 -9999.0 -9999.0 -9999.0 -9999.0 -9999.0 -9999.0 -9999.0 -9999.0 -9999.0 -9999.0 -9999.0 -9999.0 -9999.0 -9999.0 -9999.0 -9999.0 -9999.0 -9999.0 -9999.0 -9999.0 -9999.0 -9999.0 -9999.0 -9999.0 -9999.0 -9999.0 -9999.0 -9999.0 -9999.0 -9999.0 -9999.0 -9999.0 -9999.0 -9999.0 -9999.0 -9999.0 -9999.0 -9999.0 -9999.0 -9999.0 -9999.0 -9999.0 -9999.0 -9999.0 -9999.0 -9999.0 -9999.0 -9999.0 -9999.0 -9999.0 -9999.0 -9999.0 -9999.0 -9999.0 -9999.0 -9999.0 -9999.0 -9999.0 -9999.0 -9999.0 -9999.0 -9999.0 -9999.0 -9999.0 -9999.0 -9999.0 -9999.0 -9999.0 -9999.0 -9999.0 -9999.0 -9999.0 -9999.0 -9999.0 -9999.0 -9999.0 -9999.0 -9999.0 -9999.0 -9999.0 -9999.0 -9999.0 -9999.0 -9999.0 -9999.0 -9999.0 -9999.0 -9999.0