examples/3D/hillslope02_superslab/output-maps-SE27XX/psiliqL0087N0003.asc
ncols         104
nrows         10
xllcorner     -2.000000
yllcorner     0.000000
cellsize      1.000000
NODATA_value  -9999.0
-9999.0 -9999.0 -9999.0 -9999.0 -9999.0 -9999.0 -9999.0 -9999.0 -9999.0 -9999.0 -9999.0 -9999.0 -9999.0 -9999.0 -9999.0 -9999.0 -9999.0 -9999.0 -9999.0 -9999.0 -9999.0 -9999.0 -9999.0 -9999.0 -9999.0 -9999.0 -9999.0 -9999.0 -9999.0 -9999.0 -9999.0 -9999.0 -9999.0 -9999.0 -9999.0 -9999.0 -9999.0 -9999.0 -9999.0 -9999.0 -9999.0 -9999.0 -9999.0 -9999.0 -9999.0 -9999.0 -9999.0 -9999.0 -9999.0 -9999.0 -9999.0 -9999.0 -9999.0 -9999.0 -9999.0 -9999.0 -9999.0 -9999.0 -9999.0 -9999.0 -9999.0 -9999.0 -9999.0 -9999.0 -9999.0 -9999.0 -9999.0 -9999.0 -9999.0 -9999.0 -9999.0 -9999.0 -9999.0 -9999.0 -9999.0 -9999.0 -9999.0 -9999.0 -9999.0 -9999.0 -9999.0 -9999.0 -9999.0 -9999.0 -9999.0 -9999.0 -9999.0 -9999.0 -9999.0 -9999.0 -9999.0 -9999.0 -9999.0 -9999.0 -9999.0 -9999.0 -9999.0 -9999.0 -9999.0 -9999.0 -9999.0 -9999.0 -9999.0 -9999.0
-9999.0 -9999.0 -9999.0 -9999.0 -9999.0 -9999.0 -9999.0 -9999.0 -9999.0 -9999.0 -9999.0 -9999.0 -9999.0 -9999.0 -9999.0 -9999.0 -9999.0 -9999.0 -9999.0 -9999.0 -9999.0 -9999.0 -9999.0 -9999.0 -9999.0 -9999.0 -9999.0 -9999.0 -9999.0 -9999.0 -9999.0 -9999.0 -9999.0 -9999.0 -9999.0 -9999.0 -9999.0 -9999.0 -9999.0 -9999.0 -9999.0 -9999.0 -9999.0 -9999.0 -9999.0 -9999.0 -9999.0 -9999.0 -9999.0 -9999.0 -9999.0 -9999.0 -9999.0 -9999.0 -9999.0 -9999.0 -9999.0 -9999.0 -9999.0 -9999.0 -9999.0 -9999.0 -9999.0 -9999.0 -9999.0 -9999.0 -9999.0 -9999.0 -9999.0 -9999.0 -9999.0 -9999.0 -9999.0 -9999.0 -9999.0 -9999.0 -9999.0 -9999.0 -9999.0 -9999.0 -9999.0 -9999.0 -9999.0 -9999.0 -9999.0 -9999.0 -9999.0 -9999.0 -9999.0 -9999.0 -9999.0 -9999.0 -9999.0 -9999.0 -9999.0 -9999.0 -9999.0 -9999.0 -9999.0 -9999.0 -9999.0 -9999.0 -9999.0 -9999.0
-9999.0 -9999.0 3151.893958 3053.564646 2956.928626 2862.026208 2768.907964 2677.628867 2588.245641 2500.817128 2415.401872 2332.053142 2250.816732 2171.727311 2094.798368 2020.024403 1947.375060 1876.811703 1808.280715 1741.721296 1677.087683 1614.319189 1553.345532 1494.100414 1436.536343 1380.599778 1326.229388 1273.363850 1221.942716 1171.906159 1123.196766 1075.756843 1029.525921 984.438908 940.430295 897.475004 855.583932 814.732051 774.877373 735.967200 698.003039 661.168894 625.561645 591.323449 558.788587 528.130482 499.313610 472.950396 450.005981 434.311071 427.795725 434.250607 442.176174 422.903438 406.638018 393.222882 382.441981 373.872290 367.147032 361.915979 357.690967 353.813198 349.654435 344.792628 339.198963 332.777798 325.442800 317.098556 307.634240 296.918084 285.336836 272.754758 258.973201 243.895753 227.956878 210.821726 192.379974 173.050138 152.313050 130.629215 107.646281 83.566438 58.204019 31.766766 3.857370 -24.943153 -55.257080 -86.464566 -118.684891 -152.094020 -185.960528 -220.027441 -254.016291 -287.321680 -318.996312 -348.183410 -374.347558 -397.061887 -416.237066 -432.525539 -448.546101 -473.815419 -9999.0 -9999.0
-9999.0 -9999.0 3151.893958 3053.564645 2956.928625 2862.026207 2768.907963 2677.628866 2588.245640 2500.817126 2415.401871 2332.053141 2250.816731 2171.727310 2094.798367 2020.024403 1947.375060 1876.811703 1808.280715 1741.721296 1677.087683 1614.319189 1553.345532 1494.100414 1436.536343 1380.599778 1326.229388 1273.363850 1221.942716 1171.906159 1123.196766 1075.756843 1029.525921 984.438908 940.430295 897.475003 855.583932 814.732050 774.877373 735.967200 698.003038 661.168894 625.561645 591.323449 558.788587 528.130482 499.313610 472.950396 450.005981 434.311071 427.795725 434.250607 442.176173 422.903438 406.638018 393.222882 382.441981 373.872290 367.147032 361.915979 357.690967 353.813198 349.654435 344.792628 339.198963 332.777798 325.442800 317.098556 307.634240 296.918084 285.336836 272.754758 258.973201 243.895753 227.956878 210.821726 192.379974 173.050138 152.313050 130.629215 107.646281 83.566438 58.204019 31.766766 3.857370 -24.943154 -55.257080 -86.464566 -118.684891 -152.094020 -185.960528 -220.027441 -254.016291 -287.321680 -318.996312 -348.183410 -374.347558 -397.061887 -416.237066 -432.525539 -448.546101 -473.815419 -9999.0 -9999.0
-9999.0 -9999.0 3151.893957 3053.564645 2956.928624 2862.026207 2768.907962 2677.628866 2588.245639 2500.817126 2415.401871 2332.053141 2250.816731 2171.727310 2094.798367 2020.024402 1947.375060 1876.811703 1808.280715 1741.721296 1677.087683 1614.319189 1553.345532 1494.100414 1436.536343 1380.599778 1326.229388 1273.363850 1221.942716 1171.906159 1123.196766 1075.756843 1029.525921 984.438908 940.430295 897.475003 855.583932 814.732050 774.877373 735.967200 698.003038 661.168894 625.561645 591.323448 558.788587 528.130482 499.313610 472.950396 450.005981 434.311071 427.795725 434.250607 442.176173 422.903438 406.638018 393.222882 382.441981 373.872290 367.147032 361.915979 357.690967 353.813198 349.654435 344.792628 339.198963 332.777798 325.442800 317.098556 307.634240 296.918084 285.336836 272.754758 258.973201 243.895753 227.956878 210.821726 192.379974 173.050138 152.313050 130.629215 107.646281 83.566438 58.204019 31.766766 3.857370 -24.943154 -55.257080 -86.464566 -118.684891 -152.094020 -185.960528 -220.027441 -254.016291 -287.321680 -318.996312 -348.183410 -374.347558 -397.061887 -416.237066 -432.525539 -448.546101 -473.815419 -9999.0 -9999.0
-9999.0 -9999.0 3151.893957 3053.564645 2956.928625 2862.026206 2768.907963 2677.628866 2588.245640 2500.817126 2415.401871 2332.053141 2250.816731 2171.727310 2094.798367 2020.024402 1947.375060 1876.811703 1808.280715 1741.721296 1677.087683 1614.319189 1553.345532 1494.100414 1436.536343 1380.599778 1326.229388 1273.363850 1221.942716 1171.906159 1123.196766 1075.756843 1029.525921 984.438908 940.430295 897.475003 855.583932 814.732050 774.877373 735.967200 698.003038 661.168894 625.561645 591.323448 558.788587 528.130482 499.313610 472.950396 450.005981 434.311071 427.795725 434.250607 442.176173 422.903438 406.638018 393.222882 382.441981 373.872290 367.147032 361.915979 357.690967 353.813198 349.654435 344.792628 339.198963 332.777798 325.442800 317.098556 307.634240 296.918084 285.336836 272.754758 258.973201 243.895753 227.956878 210.821726 192.379974 173.050138 152.313050 130.629215 107.646281 83.566438 58.204019 31.766766 3.857370 -24.943154 -55.257080 -86.464566 -118.684891 -152.094020 -185.960528 -220.027441 -254.016291 -287.321680 -318.996312 -348.183410 -374.347558 -397.061887 -416.237066 -432.525539 -448.546101 -473.815419 -9999.0 -9999.0
-9999.0 -9999.0 3151.893957 3053.564646 2956.928625 2862.026207 2768.907963 2677.628866 2588.245640 2500.817127 2415.401871 2332.053142 2250.816731 2171.727310 2094.798367 2020.024403 1947.375060 1876.811703 1808.280715 1741.721296 1677.087683 1614.319189 1553.345532 1494.100414 1436.536343 1380.599778 1326.229388 1273.363850 1221.942716 1171.906159 1123.196766 1075.756843 1029.525921 984.438908 940.430295 897.475003 855.583932 814.732050 774.877373 735.967200 698.003038 661.168894 625.561645 591.323449 558.788587 528.130482 499.313610 472.950396 450.005981 434.311071 427.795725 434.250607 442.176173 422.903438 406.638018 393.222882 382.441981 373.872290 367.147032 361.915979 357.690967 353.813198 349.654435 344.792628 339.198963 332.777798 325.442800 317.098556 307.634240 296.918084 285.336836 272.754758 258.973201 243.895753 227.956878 210.821726 192.379974 173.050138 152.313050 130.629215 107.646281 83.566438 58.204019 31.766766 3.857370 -24.943154 -55.257080 -86.464566 -118.684891 -152.094020 -185.960528 -220.027441 -254.016291 -287.321680 -318.996312 -348.183410 -374.347558 -397.061887 -416.237066 -432.525539 -448.546101 -473.815419 -9999.0 -9999.0
-9999.0 -9999.0 3151.893959 3053.564646 2956.928626 2862.026208 2768.907964 2677.628867 2588.245641 2500.817127 2415.401872 2332.053142 2250.816732 2171.727310 2094.798368 2020.024403 1947.375060 1876.811703 1808.280716 1741.721296 1677.087683 1614.319189 1553.345532 1494.100414 1436.536343 1380.599778 1326.229388 1273.363850 1221.942716 1171.906159 1123.196766 1075.756843 1029.525921 984.438908 940.430295 897.475004 855.583932 814.732051 774.877373 735.967200 698.003039 661.168894 625.561645 591.323449 558.788587 528.130482 499.313610 472.950396 450.005981 434.311071 427.795725 434.250607 442.176174 422.903438 406.638018 393.222882 382.441981 373.872290 367.147032 361.915979 357.690967 353.813198 349.654435 344.792628 339.198963 332.777798 325.442800 317.098556 307.634240 296.918084 285.336836 272.754758 258.973201 243.895753 227.956878 210.821726 192.379974 173.050138 152.313050 130.629215 107.646281 83.566438 58.204019 31.766766 3.857370 -24.943153 -55.257080 -86.464566 -118.684891 -152.094020 -185.960528 -220.027441 -254.016291 -287.321680 -318.996312 -348.183410 -374.347558 -397.061887 -416.237066 -432.525539 -448.546101 -473.815419 -9999.0 -9999.0
-9999.0 -9999.0 -9999.0 -9999.0 -9999.0 -9999.0 -9999.0 -9999.0 -9999.0 -9999.0 -9999.0 -9999.0 -9999.0 -9999.0 -9999.0 -9999.0 -9999.0 -9999.0 -9999.0 -9999.0 -9999.0 -9999.0 -9999.0 -9999.0 -9999.0 -9999.0 -9999.0 -9999.0 -9999.0 -9999.0 -9999.0 -9999.0 -9999.0 -9999.0 -9999.0 -9999.0 -9999.0 -9999.0 -9999.0 -9999.0 -9999.0 -9999.0 -9999.0 -9999.0 -9999.0 -9999.0 -9999.0 -9999.0 -9999.0 -9999.0 -9999.0 -9999.0 -9999.0 -9999.0 -9999.0 -9999.0 -9999.0 -9999.0 -9999.0 -9999.0 -9999.0 -9999.0 -9999.0 -9999.0 -9999.0 -9999.0 -9999.0 -9999.0 -9999.0 -9999.0 -9999.0 -9999.0 -9999.0 -9999.0 -9999.0 -9999.0 -9999.0 -9999.0 -9999.0 -9999.0 -9999.0 -9999.0 -9999.0 -9999.0 -9999.0 -9999.0 -9999.0 -9999.0 -9999.0 -9999.0 -9999.0 -9999.0 -9999.0 -9999.0 -9999.0 -9999.0 -9999.0 -9999.0 -9999.0 -9999.0 -9999.0 -9999.0 -9999.0 -9999.0
-9999.0 -9999.0 -9999.0 -9999.0 -9999.0 -9999.0 -9999.0 -9999.0 -9999.0 -9999.0 -9999.0 -9999.0 -9999.0 -9999.0 -9999.0 -9999.0 -9999.0 -9999.0 -9999.0 -9999.0 -9999.0 -9999.0 -9999.0 -9999.0 -9999.0 -9999.0 -9999.0 -9999.0 -9999.0 -9999.0 -9999.0 -9999.0 -9999.0 -9999.0 -9999.0 -9999.0 -9999.0 -9999.0 -9999.0 -9999.0 -9999.0 -9999.0 -9999.0 -9999.0 -9999.0 -9999.0 -9999.0 -9999.0 -9999.0 -9999.0 -9999.0 -9999.0 -9999.0 -9999.0 -9999.0 -9999.0 -9999.0 -9999.0 -9999.0 -9999.0 -9999.0 -9999.0 -9999.0 -9999.0 -9999.0 -9999.0 -9999.0 -9999.0 -9999.0 -9999.0 -9999.0 -9999.0 -9999.0 -9999.0 -9999.0 -9999.0 -9999.0 -9999.0 -9999.0 -9999.0 -9999.0 -9999.0 -9999.0 -9999.0 -9999.0 -9999.0 -9999.0 -9999.0 -9999.0 -9999.0 -9999.0 -9999.0 -9999.0 -9999.0 -9999.0 -9999.0 -9999.0 -9999.0 -9999.0 -9999.0 -9999.0 -9999.0 -9999.0 -9999.0