examples/3D/hillslope02_superslab/output-maps-SE27XX/psiliqL0098N0001.asc
ncols         104
nrows         10
xllcorner     -2.000000
yllcorner     0.000000
cellsize      1.000000
NODATA_value  -9999.0
-9999.0 -9999.0 -9999.0 -9999.0 -9999.0 -9999.0 -9999.0 -9999.0 -9999.0 -9999.0 -9999.0 -9999.0 -9999.0 -9999.0 -9999.0 -9999.0 -9999.0 -9999.0 -9999.0 -9999.0 -9999.0 -9999.0 -9999.0 -9999.0 -9999.0 -9999.0 -9999.0 -9999.0 -9999.0 -9999.0 -9999.0 -9999.0 -9999.0 -9999.0 -9999.0 -9999.0 -9999.0 -9999.0 -9999.0 -9999.0 -9999.0 -9999.0 -9999.0 -9999.0 -9999.0 -9999.0 -9999.0 -9999.0 -9999.0 -9999.0 -9999.0 -9999.0 -9999.0 -9999.0 -9999.0 -9999.0 -9999.0 -9999.0 -9999.0 -9999.0 -9999.0 -9999.0 -9999.0 -9999.0 -9999.0 -9999.0 -9999.0 -9999.0 -9999.0 -9999.0 -9999.0 -9999.0 -9999.0 -9999.0 -9999.0 -9999.0 -9999.0 -9999.0 -9999.0 -9999.0 -9999.0 -9999.0 -9999.0 -9999.0 -9999.0 -9999.0 -9999.0 -9999.0 -9999.0 -9999.0 -9999.0 -9999.0 -9999.0 -9999.0 -9999.0 -9999.0 -9999.0 -9999.0 -9999.0 -9999.0 -9999.0 -9999.0 -9999.0 -9999.0
-9999.0 -9999.0 -9999.0 -9999.0 -9999.0 -9999.0 -9999.0 -9999.0 -9999.0 -9999.0 -9999.0 -9999.0 -9999.0 -9999.0 -9999.0 -9999.0 -9999.0 -9999.0 -9999.0 -9999.0 -9999.0 -9999.0 -9999.0 -9999.0 -9999.0 -9999.0 -9999.0 -9999.0 -9999.0 -9999.0 -9999.0 -9999.0 -9999.0 -9999.0 -9999.0 -9999.0 -9999.0 -9999.0 -9999.0 -9999.0 -9999.0 -9999.0 -9999.0 -9999.0 -9999.0 -9999.0 -9999.0 -9999.0 -9999.0 -9999.0 -9999.0 -9999.0 -9999.0 -9999.0 -9999.0 -9999.0 -9999.0 -9999.0 -9999.0 -9999.0 -9999.0 -9999.0 -9999.0 -9999.0 -9999.0 -9999.0 -9999.0 -9999.0 -9999.0 -9999.0 -9999.0 -9999.0 -9999.0 -9999.0 -9999.0 -9999.0 -9999.0 -9999.0 -9999.0 -9999.0 -9999.0 -9999.0 -9999.0 -9999.0 -9999.0 -9999.0 -9999.0 -9999.0 -9999.0 -9999.0 -9999.0 -9999.0 -9999.0 -9999.0 -9999.0 -9999.0 -9999.0 -9999.0 -9999.0 -9999.0 -9999.0 -9999.0 -9999.0 -9999.0
-9999.0 -9999.0 305.555674 208.977028 117.612259 34.796755 -33.749314 -81.078359 -107.023441 -117.628648 -121.577308 -122.993369 -123.493419 -123.668706 -123.729869 -123.751127 -123.758484 -123.761016 -123.761877 -123.762158 -123.762238 -123.762244 -123.762219 -123.762177 -123.762121 -123.762053 -123.761970 -123.761873 -123.761759 -123.761629 -123.761483 -123.761322 -123.761147 -123.760961 -123.760768 -123.760571 -123.760375 -123.760178 -123.759960 -123.759632 -123.758994 -123.759514 -123.759775 -123.759950 -123.760235 -123.760730 -123.761604 -123.763212 -123.766219 -123.771718 -123.781147 -123.794309 -123.789544 -123.793290 -123.803322 -123.818987 -123.841026 -123.870989 -123.911027 -123.963843 -124.032715 -124.121519 -124.234760 -124.377587 -124.555787 -124.775761 -125.044474 -125.369392 -125.758398 -126.219700 -126.761735 -127.393076 -128.122354 -128.958195 -129.909183 -130.983853 -132.190716 -133.538325 -135.035375 -136.690846 -138.514191 -140.515573 -142.706163 -145.098506 -147.706971 -150.548325 -153.642452 -157.013296 -160.690100 -164.709089 -169.115800 -173.968404 -179.342584 -185.338947 -192.094725 -199.803157 -208.747467 -219.364891 -232.379303 -249.114220 -272.389837 -310.101094 -9999.0 -9999.0
-9999.0 -9999.0 305.555674 208.977028 117.612259 34.796755 -33.749314 -81.078359 -107.023441 -117.628648 -121.577308 -122.993369 -123.493419 -123.668706 -123.729869 -123.751127 -123.758484 -123.761016 -123.761877 -123.762158 -123.762238 -123.762244 -123.762219 -123.762177 -123.762121 -123.762053 -123.761970 -123.761873 -123.761759 -123.761629 -123.761483 -123.761322 -123.761147 -123.760961 -123.760768 -123.760571 -123.760375 -123.760178 -123.759960 -123.759632 -123.758994 -123.759514 -123.759775 -123.759950 -123.760235 -123.760730 -123.761604 -123.763212 -123.766219 -123.771718 -123.781147 -123.794309 -123.789544 -123.793290 -123.803322 -123.818987 -123.841026 -123.870989 -123.911027 -123.963843 -124.032715 -124.121519 -124.234760 -124.377587 -124.555787 -124.775761 -125.044474 -125.369392 -125.758398 -126.219700 -126.761735 -127.393076 -128.122354 -128.958195 -129.909183 -130.983853 -132.190716 -133.538325 -135.035375 -136.690846 -138.514191 -140.515573 -142.706163 -145.098506 -147.706971 -150.548325 -153.642452 -157.013296 -160.690100 -164.709089 -169.115800 -173.968404 -179.342584 -185.338947 -192.094725 -199.803157 -208.747467 -219.364891 -232.379303 -249.114220 -272.389837 -310.101094 -9999.0 -9999.0
-9999.0 -9999.0 305.555674 208.977028 117.612259 34.796755 -33.749314 -81.078359 -107.023441 -117.628648 -121.577308 -122.993369 -123.493419 -123.668706 -123.729869 -123.751127 -123.758484 -123.761016 -123.761877 -123.762158 -123.762238 -123.762244 -123.762219 -123.762177 -123.762121 -123.762053 -123.761970 -123.761873 -123.761759 -123.761629 -123.761483 -123.761322 -123.761147 -123.760961 -123.760768 -123.760571 -123.760375 -123.760178 -123.759960 -123.759632 -123.758994 -123.759514 -123.759775 -123.759950 -123.760235 -123.760730 -123.761604 -123.763212 -123.766219 -123.771718 -123.781147 -123.794309 -123.789544 -123.793290 -123.803322 -123.818987 -123.841026 -123.870989 -123.911027 -123.963843 -124.032715 -124.121519 -124.234760 -124.377587 -124.555787 -124.775761 -125.044474 -125.369392 -125.758398 -126.219700 -126.761735 -127.393076 -128.122354 -128.958195 -129.909183 -130.983853 -132.190716 -133.538325 -135.035375 -136.690846 -138.514191 -140.515573 -142.706163 -145.098506 -147.706971 -150.548325 -153.642452 -157.013296 -160.690100 -164.709089 -169.115800 -173.968404 -179.342584 -185.338947 -192.094725 -199.803157 -208.747467 -219.364891 -232.379303 -249.114220 -272.389837 -310.101094 -9999.0 -9999.0
-9999.0 -9999.0 305.555674 208.977028 117.612259 34.796755 -33.749314 -81.078359 -107.023441 -117.628648 -121.577308 -122.993369 -123.493419 -123.668706 -123.729869 -123.751127 -123.758484 -123.761016 -123.761877 -123.762158 -123.762238 -123.762244 -123.762219 -123.762177 -123.762121 -123.762053 -123.761970 -123.761873 -123.761759 -123.761629 -123.761483 -123.761322 -123.761147 -123.760961 -123.760768 -123.760571 -123.760375 -123.760178 -123.759960 -123.759632 -123.758994 -123.759514 -123.759775 -123.759950 -123.760235 -123.760730 -123.761604 -123.763212 -123.766219 -123.771718 -123.781147 -123.794309 -123.789544 -123.793290 -123.803322 -123.818987 -123.841026 -123.870989 -123.911027 -123.963843 -124.032715 -124.121519 -124.234760 -124.377587 -124.555787 -124.775761 -125.044474 -125.369392 -125.758398 -126.219700 -126.761735 -127.393076 -128.122354 -128.958195 -129.909183 -130.983853 -132.190716 -133.538325 -135.035375 -136.690846 -138.514191 -140.515573 -142.706163 -145.098506 -147.706971 -150.548325 -153.642452 -157.013296 -160.690100 -164.709089 -169.115800 -173.968404 -179.342584 -185.338947 -192.094725 -199.803157 -208.747467 -219.364891 -232.379303 -249.114220 -272.389837 -310.101094 -9999.0 -9999.0
-9999.0 -9999.0 305.555674 208.977028 117.612259 34.796755 -33.749314 -81.078359 -107.023441 -117.628648 -121.577308 -122.993369 -123.493419 -123.668706 -123.729869 -123.751127 -123.758484 -123.761016 -123.761877 -123.762158 -123.762238 -123.762244 -123.762219 -123.762177 -123.762121 -123.762053 -123.761970 -123.761873 -123.761759 -123.761629 -123.761483 -123.761322 -123.761147 -123.760961 -123.760768 -123.760571 -123.760375 -123.760178 -123.759960 -123.759632 -123.758994 -123.759514 -123.759775 -123.759950 -123.760235 -123.760730 -123.761604 -123.763212 -123.766219 -123.771718 -123.781147 -123.794309 -123.789544 -123.793290 -123.803322 -123.818987 -123.841026 -123.870989 -123.911027 -123.963843 -124.032715 -124.121519 -124.234760 -124.377587 -124.555787 -124.775761 -125.044474 -125.369392 -125.758398 -126.219700 -126.761735 -127.393076 -128.122354 -128.958195 -129.909183 -130.983853 -132.190716 -133.538325 -135.035375 -136.690846 -138.514191 -140.515573 -142.706163 -145.098506 -147.706971 -150.548325 -153.642452 -157.013296 -160.690100 -164.709089 -169.115800 -173.968404 -179.342584 -185.338947 -192.094725 -199.803157 -208.747467 -219.364891 -232.379303 -249.114220 -272.389837 -310.101094 -9999.0 -9999.0
-9999.0 -9999.0 305.555674 208.977028 117.612259 34.796755 -33.749314 -81.078359 -107.023441 -117.628648 -121.577308 -122.993369 -123.493419 -123.668706 -123.729869 -123.751127 -123.758484 -123.761016 -123.761877 -123.762158 -123.762238 -123.762244 -123.762219 -123.762177 -123.762121 -123.762053 -123.761970 -123.761873 -123.761759 -123.761629 -123.761483 -123.761322 -123.761147 -123.760961 -123.760768 -123.760571 -123.760375 -123.760178 -123.759960 -123.759632 -123.758994 -123.759514 -123.759775 -123.759950 -123.760235 -123.760730 -123.761604 -123.763212 -123.766219 -123.771718 -123.781147 -123.794309 -123.789544 -123.793290 -123.803322 -123.818987 -123.841026 -123.870989 -123.911027 -123.963843 -124.032715 -124.121519 -124.234760 -124.377587 -124.555787 -124.775761 -125.044474 -125.369392 -125.758398 -126.219700 -126.761735 -127.393076 -128.122354 -128.958195 -129.909183 -130.983853 -132.190716 -133.538325 -135.035375 -136.690846 -138.514191 -140.515573 -142.706163 -145.098506 -147.706971 -150.548325 -153.642452 -157.013296 -160.690100 -164.709089 -169.115800 -173.968404 -179.342584 -185.338947 -192.094725 -199.803157 -208.747467 -219.364891 -232.379303 -249.114220 -272.389837 -310.101094 -9999.0 -9999.0
-9999.0 -9999.0 -9999.0 -9999.0 -9999.0 -9999.0 -9999.0 -9999.0 -9999.0 -9999.0 -9999.0 -9999.0 -9999.0 -9999.0 -9999.0 -9999.0 -9999.0 -9999.0 -9999.0 -9999.0 -9999.0 -9999.0 -9999.0 -9999.0 -9999.0 -9999.0 -9999.0 -9999.0 -9999.0 -9999.0 -9999.0 -9999.0 -9999.0 -9999.0 -9999.0 -9999.0 -9999.0 -9999.0 -9999.0 -9999.0 -9999.0 -9999.0 -9999.0 -9999.0 -9999.0 -9999.0 -9999.0 -9999.0 -9999.0 -9999.0 -9999.0 -9999.0 -9999.0 -9999.0 -9999.0 -9999.0 -9999.0 -9999.0 -9999.0 -9999.0 -9999.0 -9999.0 -9999.0 -9999.0 -9999.0 -9999.0 -9999.0 -9999.0 -9999.0 -9999.0 -9999.0 -9999.0 -9999.0 -9999.0 -9999.0 -9999.0 -9999.0 -9999.0 -9999.0 -9999.0 -9999.0 -9999.0 -9999.0 -9999.0 -9999.0 -9999.0 -9999.0 -9999.0 -9999.0 -9999.0 -9999.0 -9999.0 -9999.0 -9999.0 -9999.0 -9999.0 -9999.0 -9999.0 -9999.0 -9999.0 -9999.0 -9999.0 -9999.0 -9999.0
-9999.0 -9999.0 -9999.0 -9999.0 -9999.0 -9999.0 -9999.0 -9999.0 -9999.0 -9999.0 -9999.0 -9999.0 -9999.0 -9999.0 -9999.0 -9999.0 -9999.0 -9999.0 -9999.0 -9999.0 -9999.0 -9999.0 -9999.0 -9999.0 -9999.0 -9999.0 -9999.0 -9999.0 -9999.0 -9999.0 -9999.0 -9999.0 -9999.0 -9999.0 -9999.0 -9999.0 -9999.0 -9999.0 -9999.0 -9999.0 -9999.0 -9999.0 -9999.0 -9999.0 -9999.0 -9999.0 -9999.0 -9999.0 -9999.0 -9999.0 -9999.0 -9999.0 -9999.0 -9999.0 -9999.0 -9999.0 -9999.0 -9999.0 -9999.0 -9999.0 -9999.0 -9999.0 -9999.0 -9999.0 -9999.0 -9999.0 -9999.0 -9999.0 -9999.0 -9999.0 -9999.0 -9999.0 -9999.0 -9999.0 -9999.0 -9999.0 -9999.0 -9999.0 -9999.0 -9999.0 -9999.0 -9999.0 -9999.0 -9999.0 -9999.0 -9999.0 -9999.0 -9999.0 -9999.0 -9999.0 -9999.0 -9999.0 -9999.0 -9999.0 -9999.0 -9999.0 -9999.0 -9999.0 -9999.0 -9999.0 -9999.0 -9999.0 -9999.0 -9999.0