examples/3D/hillslope02_superslab/output-maps-SE27XX/psiliqL0044N0003.asc
ncols         104
nrows         10
xllcorner     -2.000000
yllcorner     0.000000
cellsize      1.000000
NODATA_value  -9999.0
-9999.0 -9999.0 -9999.0 -9999.0 -9999.0 -9999.0 -9999.0 -9999.0 -9999.0 -9999.0 -9999.0 -9999.0 -9999.0 -9999.0 -9999.0 -9999.0 -9999.0 -9999.0 -9999.0 -9999.0 -9999.0 -9999.0 -9999.0 -9999.0 -9999.0 -9999.0 -9999.0 -9999.0 -9999.0 -9999.0 -9999.0 -9999.0 -9999.0 -9999.0 -9999.0 -9999.0 -9999.0 -9999.0 -9999.0 -9999.0 -9999.0 -9999.0 -9999.0 -9999.0 -9999.0 -9999.0 -9999.0 -9999.0 -9999.0 -9999.0 -9999.0 -9999.0 -9999.0 -9999.0 -9999.0 -9999.0 -9999.0 -9999.0 -9999.0 -9999.0 -9999.0 -9999.0 -9999.0 -9999.0 -9999.0 -9999.0 -9999.0 -9999.0 -9999.0 -9999.0 -9999.0 -9999.0 -9999.0 -9999.0 -9999.0 -9999.0 -9999.0 -9999.0 -9999.0 -9999.0 -9999.0 -9999.0 -9999.0 -9999.0 -9999.0 -9999.0 -9999.0 -9999.0 -9999.0 -9999.0 -9999.0 -9999.0 -9999.0 -9999.0 -9999.0 -9999.0 -9999.0 -9999.0 -9999.0 -9999.0 -9999.0 -9999.0 -9999.0 -9999.0
-9999.0 -9999.0 -9999.0 -9999.0 -9999.0 -9999.0 -9999.0 -9999.0 -9999.0 -9999.0 -9999.0 -9999.0 -9999.0 -9999.0 -9999.0 -9999.0 -9999.0 -9999.0 -9999.0 -9999.0 -9999.0 -9999.0 -9999.0 -9999.0 -9999.0 -9999.0 -9999.0 -9999.0 -9999.0 -9999.0 -9999.0 -9999.0 -9999.0 -9999.0 -9999.0 -9999.0 -9999.0 -9999.0 -9999.0 -9999.0 -9999.0 -9999.0 -9999.0 -9999.0 -9999.0 -9999.0 -9999.0 -9999.0 -9999.0 -9999.0 -9999.0 -9999.0 -9999.0 -9999.0 -9999.0 -9999.0 -9999.0 -9999.0 -9999.0 -9999.0 -9999.0 -9999.0 -9999.0 -9999.0 -9999.0 -9999.0 -9999.0 -9999.0 -9999.0 -9999.0 -9999.0 -9999.0 -9999.0 -9999.0 -9999.0 -9999.0 -9999.0 -9999.0 -9999.0 -9999.0 -9999.0 -9999.0 -9999.0 -9999.0 -9999.0 -9999.0 -9999.0 -9999.0 -9999.0 -9999.0 -9999.0 -9999.0 -9999.0 -9999.0 -9999.0 -9999.0 -9999.0 -9999.0 -9999.0 -9999.0 -9999.0 -9999.0 -9999.0 -9999.0
-9999.0 -9999.0 1017.032391 918.610199 821.810681 726.710244 633.383553 541.896583 452.290944 364.635028 279.019749 195.496813 114.108005 34.979852 -41.880793 -116.679669 -189.745150 -260.320988 -324.169983 -373.785217 -407.207008 -427.144218 -437.896672 -443.124386 -445.290703 -445.872986 -445.715212 -445.292870 -444.870462 -444.594193 -444.552215 -444.782846 -405.643036 -372.060982 -344.102051 -321.854568 -353.836290 -409.880388 -457.034683 -494.616145 -524.862284 -560.718684 -652.762723 -737.455996 -839.802841 -978.555362 -1202.495047 -1671.901427 -2636.619195 -2796.269131 -2797.027540 -2797.029698 -2797.029703 -2797.029703 -2797.029703 -2797.029701 -2797.028566 -2796.533407 -2659.524719 -1369.915884 -836.981799 -674.940674 -581.301658 -567.425589 -566.660364 -566.792297 -566.855732 -566.874545 -566.879738 -566.881331 -566.882064 -566.882646 -566.883248 -566.883893 -566.884563 -566.885250 -566.885941 -566.886618 -566.887265 -566.887875 -566.888442 -566.888957 -566.889421 -566.889831 -566.890190 -566.890498 -566.890761 -566.890980 -566.891163 -566.891312 -566.891437 -566.891553 -566.891707 -566.892064 -566.893217 -566.897327 -566.912194 -566.966025 -567.163798 -567.925647 -571.105121 -585.773804 -9999.0 -9999.0
-9999.0 -9999.0 1017.032390 918.610199 821.810681 726.710244 633.383553 541.896582 452.290944 364.635028 279.019749 195.496813 114.108005 34.979851 -41.880793 -116.679670 -189.745150 -260.320988 -324.169983 -373.785217 -407.207008 -427.144218 -437.896672 -443.124386 -445.290703 -445.872986 -445.715212 -445.292870 -444.870462 -444.594193 -444.552215 -444.782846 -405.643036 -372.060982 -344.102051 -321.854568 -353.836290 -409.880388 -457.034683 -494.616145 -524.862284 -560.718684 -652.762723 -737.455996 -839.802841 -978.555362 -1202.495047 -1671.901427 -2636.619195 -2796.269131 -2797.027540 -2797.029698 -2797.029703 -2797.029703 -2797.029703 -2797.029701 -2797.028566 -2796.533407 -2659.524719 -1369.915883 -836.981799 -674.940674 -581.301658 -567.425589 -566.660364 -566.792297 -566.855732 -566.874545 -566.879738 -566.881331 -566.882064 -566.882646 -566.883248 -566.883893 -566.884563 -566.885250 -566.885941 -566.886618 -566.887265 -566.887875 -566.888442 -566.888957 -566.889421 -566.889831 -566.890190 -566.890498 -566.890761 -566.890981 -566.891163 -566.891312 -566.891437 -566.891553 -566.891707 -566.892064 -566.893217 -566.897327 -566.912194 -566.966025 -567.163798 -567.925647 -571.105121 -585.773804 -9999.0 -9999.0
-9999.0 -9999.0 1017.032390 918.610199 821.810680 726.710243 633.383553 541.896583 452.290944 364.635028 279.019749 195.496812 114.108005 34.979851 -41.880793 -116.679670 -189.745150 -260.320988 -324.169983 -373.785217 -407.207008 -427.144218 -437.896672 -443.124386 -445.290703 -445.872986 -445.715212 -445.292870 -444.870462 -444.594193 -444.552215 -444.782846 -405.643036 -372.060982 -344.102051 -321.854568 -353.836290 -409.880388 -457.034683 -494.616145 -524.862284 -560.718684 -652.762723 -737.455996 -839.802841 -978.555362 -1202.495047 -1671.901427 -2636.619195 -2796.269131 -2797.027540 -2797.029698 -2797.029703 -2797.029703 -2797.029703 -2797.029701 -2797.028566 -2796.533407 -2659.524719 -1369.915883 -836.981799 -674.940674 -581.301658 -567.425589 -566.660364 -566.792297 -566.855732 -566.874545 -566.879738 -566.881331 -566.882064 -566.882647 -566.883248 -566.883893 -566.884563 -566.885250 -566.885941 -566.886618 -566.887265 -566.887875 -566.888442 -566.888957 -566.889421 -566.889831 -566.890190 -566.890498 -566.890761 -566.890981 -566.891163 -566.891312 -566.891437 -566.891553 -566.891707 -566.892064 -566.893217 -566.897327 -566.912194 -566.966025 -567.163798 -567.925647 -571.105121 -585.773805 -9999.0 -9999.0
-9999.0 -9999.0 1017.032390 918.610199 821.810681 726.710243 633.383553 541.896582 452.290944 364.635028 279.019749 195.496812 114.108005 34.979851 -41.880793 -116.679670 -189.745150 -260.320988 -324.169983 -373.785217 -407.207008 -427.144218 -437.896672 -443.124386 -445.290703 -445.872986 -445.715212 -445.292870 -444.870462 -444.594193 -444.552215 -444.782846 -405.643036 -372.060982 -344.102051 -321.854568 -353.836290 -409.880388 -457.034683 -494.616145 -524.862284 -560.718684 -652.762723 -737.455996 -839.802841 -978.555362 -1202.495047 -1671.901427 -2636.619195 -2796.269131 -2797.027540 -2797.029698 -2797.029703 -2797.029703 -2797.029703 -2797.029701 -2797.028566 -2796.533407 -2659.524719 -1369.915883 -836.981799 -674.940674 -581.301658 -567.425589 -566.660364 -566.792297 -566.855732 -566.874545 -566.879738 -566.881331 -566.882064 -566.882647 -566.883248 -566.883893 -566.884563 -566.885250 -566.885941 -566.886618 -566.887265 -566.887875 -566.888442 -566.888957 -566.889421 -566.889831 -566.890190 -566.890498 -566.890761 -566.890981 -566.891163 -566.891312 -566.891437 -566.891553 -566.891707 -566.892064 -566.893217 -566.897327 -566.912194 -566.966025 -567.163798 -567.925647 -571.105121 -585.773805 -9999.0 -9999.0
-9999.0 -9999.0 1017.032390 918.610199 821.810680 726.710244 633.383553 541.896583 452.290944 364.635028 279.019749 195.496813 114.108005 34.979851 -41.880793 -116.679670 -189.745150 -260.320988 -324.169983 -373.785217 -407.207008 -427.144218 -437.896672 -443.124386 -445.290703 -445.872986 -445.715212 -445.292870 -444.870462 -444.594193 -444.552215 -444.782846 -405.643036 -372.060982 -344.102051 -321.854568 -353.836290 -409.880388 -457.034683 -494.616145 -524.862284 -560.718684 -652.762723 -737.455996 -839.802841 -978.555362 -1202.495047 -1671.901427 -2636.619195 -2796.269131 -2797.027540 -2797.029698 -2797.029703 -2797.029703 -2797.029703 -2797.029701 -2797.028566 -2796.533407 -2659.524719 -1369.915883 -836.981799 -674.940674 -581.301658 -567.425589 -566.660364 -566.792297 -566.855732 -566.874545 -566.879738 -566.881331 -566.882064 -566.882646 -566.883248 -566.883893 -566.884563 -566.885250 -566.885941 -566.886618 -566.887265 -566.887875 -566.888442 -566.888957 -566.889421 -566.889831 -566.890190 -566.890498 -566.890761 -566.890981 -566.891163 -566.891312 -566.891437 -566.891553 -566.891707 -566.892064 -566.893217 -566.897327 -566.912194 -566.966025 -567.163798 -567.925647 -571.105121 -585.773804 -9999.0 -9999.0
-9999.0 -9999.0 1017.032391 918.610199 821.810681 726.710244 633.383553 541.896583 452.290944 364.635028 279.019749 195.496813 114.108005 34.979852 -41.880793 -116.679669 -189.745150 -260.320988 -324.169983 -373.785217 -407.207008 -427.144218 -437.896672 -443.124386 -445.290703 -445.872986 -445.715212 -445.292870 -444.870462 -444.594193 -444.552215 -444.782846 -405.643036 -372.060982 -344.102051 -321.854568 -353.836290 -409.880388 -457.034683 -494.616145 -524.862284 -560.718684 -652.762723 -737.455996 -839.802841 -978.555362 -1202.495047 -1671.901427 -2636.619195 -2796.269131 -2797.027540 -2797.029698 -2797.029703 -2797.029703 -2797.029703 -2797.029701 -2797.028566 -2796.533407 -2659.524719 -1369.915884 -836.981799 -674.940674 -581.301658 -567.425589 -566.660364 -566.792297 -566.855732 -566.874545 -566.879738 -566.881331 -566.882064 -566.882646 -566.883248 -566.883893 -566.884563 -566.885250 -566.885941 -566.886618 -566.887265 -566.887875 -566.888442 -566.888957 -566.889421 -566.889831 -566.890190 -566.890498 -566.890761 -566.890980 -566.891163 -566.891312 -566.891437 -566.891553 -566.891707 -566.892064 -566.893217 -566.897327 -566.912194 -566.966025 -567.163798 -567.925647 -571.105121 -585.773804 -9999.0 -9999.0
-9999.0 -9999.0 -9999.0 -9999.0 -9999.0 -9999.0 -9999.0 -9999.0 -9999.0 -9999.0 -9999.0 -9999.0 -9999.0 -9999.0 -9999.0 -9999.0 -9999.0 -9999.0 -9999.0 -9999.0 -9999.0 -9999.0 -9999.0 -9999.0 -9999.0 -9999.0 -9999.0 -9999.0 -9999.0 -9999.0 -9999.0 -9999.0 -9999.0 -9999.0 -9999.0 -9999.0 -9999.0 -9999.0 -9999.0 -9999.0 -9999.0 -9999.0 -9999.0 -9999.0 -9999.0 -9999.0 -9999.0 -9999.0 -9999.0 -9999.0 -9999.0 -9999.0 -9999.0 -9999.0 -9999.0 -9999.0 -9999.0 -9999.0 -9999.0 -9999.0 -9999.0 -9999.0 -9999.0 -9999.0 -9999.0 -9999.0 -9999.0 -9999.0 -9999.0 -9999.0 -9999.0 -9999.0 -9999.0 -9999.0 -9999.0 -9999.0 -9999.0 -9999.0 -9999.0 -9999.0 -9999.0 -9999.0 -9999.0 -9999.0 -9999.0 -9999.0 -9999.0 -9999.0 -9999.0 -9999.0 -9999.0 -9999.0 -9999.0 -9999.0 -9999.0 -9999.0 -9999.0 -9999.0 -9999.0 -9999.0 -9999.0 -9999.0 -9999.0 -9999.0
-9999.0 -9999.0 -9999.0 -9999.0 -9999.0 -9999.0 -9999.0 -9999.0 -9999.0 -9999.0 -9999.0 -9999.0 -9999.0 -9999.0 -9999.0 -9999.0 -9999.0 -9999.0 -9999.0 -9999.0 -9999.0 -9999.0 -9999.0 -9999.0 -9999.0 -9999.0 -9999.0 -9999.0 -9999.0 -9999.0 -9999.0 -9999.0 -9999.0 -9999.0 -9999.0 -9999.0 -9999.0 -9999.0 -9999.0 -9999.0 -9999.0 -9999.0 -9999.0 -9999.0 -9999.0 -9999.0 -9999.0 -9999.0 -9999.0 -9999.0 -9999.0 -9999.0 -9999.0 -9999.0 -9999.0 -9999.0 -9999.0 -9999.0 -9999.0 -9999.0 -9999.0 -9999.0 -9999.0 -9999.0 -9999.0 -9999.0 -9999.0 -9999.0 -9999.0 -9999.0 -9999.0 -9999.0 -9999.0 -9999.0 -9999.0 -9999.0 -9999.0 -9999.0 -9999.0 -9999.0 -9999.0 -9999.0 -9999.0 -9999.0 -9999.0 -9999.0 -9999.0 -9999.0 -9999.0 -9999.0 -9999.0 -9999.0 -9999.0 -9999.0 -9999.0 -9999.0 -9999.0 -9999.0 -9999.0 -9999.0 -9999.0 -9999.0 -9999.0 -9999.0