examples/3D/hillslope02_superslab/output-maps-SE27XX/psiliqL0094N0002.asc
ncols         104
nrows         10
xllcorner     -2.000000
yllcorner     0.000000
cellsize      1.000000
NODATA_value  -9999.0
-9999.0 -9999.0 -9999.0 -9999.0 -9999.0 -9999.0 -9999.0 -9999.0 -9999.0 -9999.0 -9999.0 -9999.0 -9999.0 -9999.0 -9999.0 -9999.0 -9999.0 -9999.0 -9999.0 -9999.0 -9999.0 -9999.0 -9999.0 -9999.0 -9999.0 -9999.0 -9999.0 -9999.0 -9999.0 -9999.0 -9999.0 -9999.0 -9999.0 -9999.0 -9999.0 -9999.0 -9999.0 -9999.0 -9999.0 -9999.0 -9999.0 -9999.0 -9999.0 -9999.0 -9999.0 -9999.0 -9999.0 -9999.0 -9999.0 -9999.0 -9999.0 -9999.0 -9999.0 -9999.0 -9999.0 -9999.0 -9999.0 -9999.0 -9999.0 -9999.0 -9999.0 -9999.0 -9999.0 -9999.0 -9999.0 -9999.0 -9999.0 -9999.0 -9999.0 -9999.0 -9999.0 -9999.0 -9999.0 -9999.0 -9999.0 -9999.0 -9999.0 -9999.0 -9999.0 -9999.0 -9999.0 -9999.0 -9999.0 -9999.0 -9999.0 -9999.0 -9999.0 -9999.0 -9999.0 -9999.0 -9999.0 -9999.0 -9999.0 -9999.0 -9999.0 -9999.0 -9999.0 -9999.0 -9999.0 -9999.0 -9999.0 -9999.0 -9999.0 -9999.0
-9999.0 -9999.0 -9999.0 -9999.0 -9999.0 -9999.0 -9999.0 -9999.0 -9999.0 -9999.0 -9999.0 -9999.0 -9999.0 -9999.0 -9999.0 -9999.0 -9999.0 -9999.0 -9999.0 -9999.0 -9999.0 -9999.0 -9999.0 -9999.0 -9999.0 -9999.0 -9999.0 -9999.0 -9999.0 -9999.0 -9999.0 -9999.0 -9999.0 -9999.0 -9999.0 -9999.0 -9999.0 -9999.0 -9999.0 -9999.0 -9999.0 -9999.0 -9999.0 -9999.0 -9999.0 -9999.0 -9999.0 -9999.0 -9999.0 -9999.0 -9999.0 -9999.0 -9999.0 -9999.0 -9999.0 -9999.0 -9999.0 -9999.0 -9999.0 -9999.0 -9999.0 -9999.0 -9999.0 -9999.0 -9999.0 -9999.0 -9999.0 -9999.0 -9999.0 -9999.0 -9999.0 -9999.0 -9999.0 -9999.0 -9999.0 -9999.0 -9999.0 -9999.0 -9999.0 -9999.0 -9999.0 -9999.0 -9999.0 -9999.0 -9999.0 -9999.0 -9999.0 -9999.0 -9999.0 -9999.0 -9999.0 -9999.0 -9999.0 -9999.0 -9999.0 -9999.0 -9999.0 -9999.0 -9999.0 -9999.0 -9999.0 -9999.0 -9999.0 -9999.0
-9999.0 -9999.0 1307.557920 1206.766977 1106.340081 1007.035498 909.289562 813.251419 718.699212 625.094455 532.781637 445.500840 367.394785 303.443292 259.728362 242.301866 246.557133 264.842201 291.694724 322.480174 354.104862 385.203575 414.153341 440.359176 463.306887 482.807314 498.302976 510.114588 518.097386 522.131468 522.142399 518.057218 509.761658 497.094789 480.339312 459.207341 433.749390 403.833979 369.734778 331.368346 288.761585 242.080198 191.656211 138.006093 81.778038 23.831608 -34.498177 -91.038042 -142.266970 -176.946271 -186.929995 -179.991504 -163.030882 -141.193268 -114.910338 -86.592878 -56.002173 -23.473934 10.006971 45.148024 81.606628 117.037375 146.536099 165.729334 177.751583 185.260327 189.659834 191.773671 192.163590 191.240957 189.311552 186.599367 183.263118 179.407659 175.093707 170.345104 165.153136 159.477471 153.216357 146.612045 139.502488 131.769249 123.272678 113.841272 103.216513 91.818725 79.264030 65.155517 49.302918 32.019151 12.431741 -9.248255 -33.504440 -60.491313 -91.004119 -124.468620 -161.277148 -201.142609 -243.317623 -290.298129 -400.055044 -547.274361 -9999.0 -9999.0
-9999.0 -9999.0 1307.557918 1206.766974 1106.340079 1007.035496 909.289561 813.251417 718.699211 625.094454 532.781636 445.500840 367.394785 303.443292 259.728362 242.301866 246.557133 264.842201 291.694723 322.480174 354.104862 385.203575 414.153341 440.359176 463.306887 482.807314 498.302976 510.114588 518.097386 522.131468 522.142399 518.057218 509.761658 497.094789 480.339312 459.207341 433.749390 403.833979 369.734778 331.368346 288.761585 242.080198 191.656211 138.006093 81.778038 23.831608 -34.498177 -91.038042 -142.266970 -176.946271 -186.929995 -179.991504 -163.030882 -141.193268 -114.910338 -86.592878 -56.002173 -23.473934 10.006971 45.148024 81.606628 117.037375 146.536099 165.729334 177.751583 185.260327 189.659834 191.773670 192.163590 191.240957 189.311552 186.599367 183.263118 179.407658 175.093707 170.345104 165.153136 159.477470 153.216356 146.612045 139.502488 131.769249 123.272677 113.841272 103.216513 91.818725 79.264030 65.155517 49.302918 32.019151 12.431741 -9.248255 -33.504440 -60.491313 -91.004119 -124.468620 -161.277148 -201.142610 -243.317624 -290.298129 -400.055047 -547.274361 -9999.0 -9999.0
-9999.0 -9999.0 1307.557916 1206.766973 1106.340077 1007.035495 909.289560 813.251417 718.699210 625.094454 532.781636 445.500839 367.394785 303.443292 259.728362 242.301866 246.557133 264.842201 291.694723 322.480174 354.104862 385.203575 414.153341 440.359176 463.306887 482.807314 498.302976 510.114588 518.097386 522.131468 522.142399 518.057218 509.761658 497.094789 480.339312 459.207341 433.749390 403.833979 369.734778 331.368346 288.761585 242.080198 191.656211 138.006093 81.778038 23.831608 -34.498177 -91.038042 -142.266970 -176.946271 -186.929995 -179.991504 -163.030882 -141.193268 -114.910338 -86.592878 -56.002173 -23.473934 10.006971 45.148024 81.606628 117.037375 146.536099 165.729334 177.751583 185.260327 189.659834 191.773670 192.163590 191.240957 189.311552 186.599367 183.263118 179.407658 175.093707 170.345104 165.153136 159.477470 153.216356 146.612044 139.502488 131.769249 123.272677 113.841272 103.216513 91.818725 79.264030 65.155517 49.302917 32.019151 12.431741 -9.248255 -33.504440 -60.491313 -91.004119 -124.468620 -161.277148 -201.142610 -243.317624 -290.298129 -400.055047 -547.274361 -9999.0 -9999.0
-9999.0 -9999.0 1307.557916 1206.766973 1106.340077 1007.035495 909.289560 813.251417 718.699210 625.094454 532.781636 445.500839 367.394785 303.443292 259.728362 242.301866 246.557133 264.842201 291.694723 322.480174 354.104862 385.203575 414.153341 440.359176 463.306887 482.807314 498.302976 510.114588 518.097386 522.131468 522.142399 518.057218 509.761658 497.094789 480.339312 459.207341 433.749390 403.833979 369.734778 331.368346 288.761585 242.080198 191.656211 138.006093 81.778038 23.831608 -34.498177 -91.038042 -142.266970 -176.946271 -186.929995 -179.991504 -163.030882 -141.193268 -114.910338 -86.592878 -56.002173 -23.473934 10.006971 45.148024 81.606628 117.037375 146.536099 165.729334 177.751583 185.260327 189.659834 191.773670 192.163590 191.240957 189.311552 186.599367 183.263118 179.407658 175.093707 170.345104 165.153136 159.477470 153.216356 146.612044 139.502488 131.769249 123.272677 113.841272 103.216513 91.818725 79.264030 65.155517 49.302917 32.019151 12.431741 -9.248255 -33.504440 -60.491313 -91.004119 -124.468620 -161.277148 -201.142610 -243.317624 -290.298129 -400.055047 -547.274361 -9999.0 -9999.0
-9999.0 -9999.0 1307.557918 1206.766974 1106.340079 1007.035496 909.289561 813.251417 718.699211 625.094454 532.781636 445.500840 367.394785 303.443292 259.728362 242.301866 246.557133 264.842201 291.694723 322.480174 354.104862 385.203575 414.153341 440.359176 463.306887 482.807314 498.302976 510.114588 518.097386 522.131468 522.142399 518.057218 509.761658 497.094789 480.339312 459.207341 433.749390 403.833979 369.734778 331.368346 288.761585 242.080198 191.656211 138.006093 81.778038 23.831608 -34.498177 -91.038042 -142.266970 -176.946271 -186.929995 -179.991504 -163.030882 -141.193268 -114.910338 -86.592878 -56.002173 -23.473934 10.006971 45.148024 81.606628 117.037375 146.536099 165.729334 177.751583 185.260327 189.659834 191.773670 192.163590 191.240957 189.311552 186.599367 183.263118 179.407658 175.093707 170.345104 165.153136 159.477470 153.216356 146.612045 139.502488 131.769249 123.272677 113.841272 103.216513 91.818725 79.264030 65.155517 49.302918 32.019151 12.431741 -9.248255 -33.504440 -60.491313 -91.004119 -124.468620 -161.277148 -201.142610 -243.317624 -290.298129 -400.055047 -547.274361 -9999.0 -9999.0
-9999.0 -9999.0 1307.557920 1206.766977 1106.340081 1007.035498 909.289562 813.251419 718.699212 625.094455 532.781637 445.500840 367.394785 303.443292 259.728362 242.301866 246.557133 264.842201 291.694724 322.480174 354.104862 385.203575 414.153341 440.359176 463.306887 482.807314 498.302976 510.114588 518.097386 522.131468 522.142399 518.057218 509.761658 497.094789 480.339312 459.207341 433.749390 403.833979 369.734778 331.368346 288.761585 242.080198 191.656211 138.006093 81.778038 23.831608 -34.498177 -91.038042 -142.266970 -176.946271 -186.929995 -179.991504 -163.030882 -141.193268 -114.910338 -86.592878 -56.002173 -23.473934 10.006971 45.148024 81.606628 117.037375 146.536099 165.729334 177.751583 185.260327 189.659834 191.773671 192.163590 191.240957 189.311552 186.599367 183.263118 179.407659 175.093707 170.345104 165.153136 159.477471 153.216357 146.612045 139.502488 131.769249 123.272678 113.841272 103.216513 91.818725 79.264030 65.155517 49.302918 32.019151 12.431741 -9.248255 -33.504440 -60.491313 -91.004119 -124.468620 -161.277148 -201.142609 -243.317623 -290.298129 -400.055044 -547.274361 -9999.0 -9999.0
-9999.0 -9999.0 -9999.0 -9999.0 -9999.0 -9999.0 -9999.0 -9999.0 -9999.0 -9999.0 -9999.0 -9999.0 -9999.0 -9999.0 -9999.0 -9999.0 -9999.0 -9999.0 -9999.0 -9999.0 -9999.0 -9999.0 -9999.0 -9999.0 -9999.0 -9999.0 -9999.0 -9999.0 -9999.0 -9999.0 -9999.0 -9999.0 -9999.0 -9999.0 -9999.0 -9999.0 -9999.0 -9999.0 -9999.0 -9999.0 -9999.0 -9999.0 -9999.0 -9999.0 -9999.0 -9999.0 -9999.0 -9999.0 -9999.0 -9999.0 -9999.0 -9999.0 -9999.0 -9999.0 -9999.0 -9999.0 -9999.0 -9999.0 -9999.0 -9999.0 -9999.0 -9999.0 -9999.0 -9999.0 -9999.0 -9999.0 -9999.0 -9999.0 -9999.0 -9999.0 -9999.0 -9999.0 -9999.0 -9999.0 -9999.0 -9999.0 -9999.0 -9999.0 -9999.0 -9999.0 -9999.0 -9999.0 -9999.0 -9999.0 -9999.0 -9999.0 -9999.0 -9999.0 -9999.0 -9999.0 -9999.0 -9999.0 -9999.0 -9999.0 -9999.0 -9999.0 -9999.0 -9999.0 -9999.0 -9999.0 -9999.0 -9999.0 -9999.0 -9999.0
-9999.0 -9999.0 -9999.0 -9999.0 -9999.0 -9999.0 -9999.0 -9999.0 -9999.0 -9999.0 -9999.0 -9999.0 -9999.0 -9999.0 -9999.0 -9999.0 -9999.0 -9999.0 -9999.0 -9999.0 -9999.0 -9999.0 -9999.0 -9999.0 -9999.0 -9999.0 -9999.0 -9999.0 -9999.0 -9999.0 -9999.0 -9999.0 -9999.0 -9999.0 -9999.0 -9999.0 -9999.0 -9999.0 -9999.0 -9999.0 -9999.0 -9999.0 -9999.0 -9999.0 -9999.0 -9999.0 -9999.0 -9999.0 -9999.0 -9999.0 -9999.0 -9999.0 -9999.0 -9999.0 -9999.0 -9999.0 -9999.0 -9999.0 -9999.0 -9999.0 -9999.0 -9999.0 -9999.0 -9999.0 -9999.0 -9999.0 -9999.0 -9999.0 -9999.0 -9999.0 -9999.0 -9999.0 -9999.0 -9999.0 -9999.0 -9999.0 -9999.0 -9999.0 -9999.0 -9999.0 -9999.0 -9999.0 -9999.0 -9999.0 -9999.0 -9999.0 -9999.0 -9999.0 -9999.0 -9999.0 -9999.0 -9999.0 -9999.0 -9999.0 -9999.0 -9999.0 -9999.0 -9999.0 -9999.0 -9999.0 -9999.0 -9999.0 -9999.0 -9999.0