examples/3D/hillslope02_superslab/output-maps-SE27XX/psiliqL0080N0001.asc
ncols         104
nrows         10
xllcorner     -2.000000
yllcorner     0.000000
cellsize      1.000000
NODATA_value  -9999.0
-9999.0 -9999.0 -9999.0 -9999.0 -9999.0 -9999.0 -9999.0 -9999.0 -9999.0 -9999.0 -9999.0 -9999.0 -9999.0 -9999.0 -9999.0 -9999.0 -9999.0 -9999.0 -9999.0 -9999.0 -9999.0 -9999.0 -9999.0 -9999.0 -9999.0 -9999.0 -9999.0 -9999.0 -9999.0 -9999.0 -9999.0 -9999.0 -9999.0 -9999.0 -9999.0 -9999.0 -9999.0 -9999.0 -9999.0 -9999.0 -9999.0 -9999.0 -9999.0 -9999.0 -9999.0 -9999.0 -9999.0 -9999.0 -9999.0 -9999.0 -9999.0 -9999.0 -9999.0 -9999.0 -9999.0 -9999.0 -9999.0 -9999.0 -9999.0 -9999.0 -9999.0 -9999.0 -9999.0 -9999.0 -9999.0 -9999.0 -9999.0 -9999.0 -9999.0 -9999.0 -9999.0 -9999.0 -9999.0 -9999.0 -9999.0 -9999.0 -9999.0 -9999.0 -9999.0 -9999.0 -9999.0 -9999.0 -9999.0 -9999.0 -9999.0 -9999.0 -9999.0 -9999.0 -9999.0 -9999.0 -9999.0 -9999.0 -9999.0 -9999.0 -9999.0 -9999.0 -9999.0 -9999.0 -9999.0 -9999.0 -9999.0 -9999.0 -9999.0 -9999.0
-9999.0 -9999.0 -9999.0 -9999.0 -9999.0 -9999.0 -9999.0 -9999.0 -9999.0 -9999.0 -9999.0 -9999.0 -9999.0 -9999.0 -9999.0 -9999.0 -9999.0 -9999.0 -9999.0 -9999.0 -9999.0 -9999.0 -9999.0 -9999.0 -9999.0 -9999.0 -9999.0 -9999.0 -9999.0 -9999.0 -9999.0 -9999.0 -9999.0 -9999.0 -9999.0 -9999.0 -9999.0 -9999.0 -9999.0 -9999.0 -9999.0 -9999.0 -9999.0 -9999.0 -9999.0 -9999.0 -9999.0 -9999.0 -9999.0 -9999.0 -9999.0 -9999.0 -9999.0 -9999.0 -9999.0 -9999.0 -9999.0 -9999.0 -9999.0 -9999.0 -9999.0 -9999.0 -9999.0 -9999.0 -9999.0 -9999.0 -9999.0 -9999.0 -9999.0 -9999.0 -9999.0 -9999.0 -9999.0 -9999.0 -9999.0 -9999.0 -9999.0 -9999.0 -9999.0 -9999.0 -9999.0 -9999.0 -9999.0 -9999.0 -9999.0 -9999.0 -9999.0 -9999.0 -9999.0 -9999.0 -9999.0 -9999.0 -9999.0 -9999.0 -9999.0 -9999.0 -9999.0 -9999.0 -9999.0 -9999.0 -9999.0 -9999.0 -9999.0 -9999.0
-9999.0 -9999.0 -632.492755 -758.290582 -872.283490 -950.746293 -990.488479 -1006.519046 -1012.045083 -1013.904583 -1014.532303 -1014.744252 -1014.815619 -1014.839549 -1014.847534 -1014.850184 -1014.851059 -1014.851346 -1014.851439 -1014.851469 -1014.851479 -1014.851481 -1014.851480 -1014.851479 -1014.851476 -1014.851472 -1014.851467 -1014.851460 -1014.851450 -1014.851438 -1014.851422 -1014.851402 -1014.851377 -1014.851346 -1014.851308 -1014.851191 -1014.835418 -1013.375629 -932.470559 -579.093555 -460.761255 -546.939252 -1000.459242 -1014.810769 -1014.803536 -1014.705792 -1014.481544 -1014.045104 -1013.294948 -1012.856395 -1013.935916 -1018.391844 -1014.945741 -1014.854339 -1014.851925 -1014.851855 -1014.851973 -1014.852207 -1014.852579 -1014.853139 -1014.853967 -1014.855174 -1014.856916 -1014.859406 -1014.862927 -1014.867853 -1014.874676 -1014.884026 -1014.896709 -1014.913735 -1014.936356 -1014.966106 -1015.004838 -1015.054767 -1015.118503 -1015.199092 -1015.300050 -1015.425389 -1015.579654 -1015.767944 -1015.995945 -1016.269959 -1016.596949 -1016.984586 -1017.441329 -1017.976522 -1018.600540 -1019.324991 -1020.162994 -1021.129575 -1022.242226 -1023.521697 -1024.993164 -1026.687960 -1028.646262 -1030.921416 -1033.587312 -1036.751902 -1040.584970 -1045.391931 -1052.005919 -1066.188909 -9999.0 -9999.0
-9999.0 -9999.0 -632.492755 -758.290582 -872.283490 -950.746293 -990.488479 -1006.519046 -1012.045083 -1013.904583 -1014.532303 -1014.744252 -1014.815619 -1014.839549 -1014.847534 -1014.850184 -1014.851059 -1014.851346 -1014.851439 -1014.851469 -1014.851479 -1014.851481 -1014.851480 -1014.851479 -1014.851476 -1014.851472 -1014.851467 -1014.851460 -1014.851450 -1014.851438 -1014.851422 -1014.851402 -1014.851377 -1014.851346 -1014.851308 -1014.851191 -1014.835418 -1013.375629 -932.470560 -579.093555 -460.761255 -546.939252 -1000.459242 -1014.810769 -1014.803536 -1014.705792 -1014.481544 -1014.045104 -1013.294948 -1012.856395 -1013.935916 -1018.391844 -1014.945741 -1014.854339 -1014.851925 -1014.851855 -1014.851973 -1014.852207 -1014.852579 -1014.853139 -1014.853967 -1014.855174 -1014.856916 -1014.859406 -1014.862927 -1014.867853 -1014.874676 -1014.884026 -1014.896709 -1014.913735 -1014.936356 -1014.966106 -1015.004838 -1015.054767 -1015.118503 -1015.199092 -1015.300050 -1015.425389 -1015.579654 -1015.767944 -1015.995945 -1016.269959 -1016.596949 -1016.984586 -1017.441329 -1017.976522 -1018.600540 -1019.324991 -1020.162994 -1021.129575 -1022.242226 -1023.521697 -1024.993164 -1026.687960 -1028.646262 -1030.921416 -1033.587312 -1036.751902 -1040.584970 -1045.391931 -1052.005919 -1066.188909 -9999.0 -9999.0
-9999.0 -9999.0 -632.492755 -758.290582 -872.283490 -950.746293 -990.488479 -1006.519046 -1012.045083 -1013.904583 -1014.532303 -1014.744252 -1014.815619 -1014.839549 -1014.847534 -1014.850184 -1014.851059 -1014.851346 -1014.851439 -1014.851469 -1014.851479 -1014.851481 -1014.851480 -1014.851479 -1014.851476 -1014.851472 -1014.851467 -1014.851460 -1014.851450 -1014.851438 -1014.851422 -1014.851402 -1014.851377 -1014.851346 -1014.851308 -1014.851191 -1014.835418 -1013.375629 -932.470560 -579.093555 -460.761255 -546.939252 -1000.459242 -1014.810769 -1014.803536 -1014.705792 -1014.481544 -1014.045104 -1013.294948 -1012.856395 -1013.935916 -1018.391844 -1014.945741 -1014.854339 -1014.851925 -1014.851855 -1014.851973 -1014.852207 -1014.852579 -1014.853139 -1014.853967 -1014.855174 -1014.856916 -1014.859406 -1014.862927 -1014.867853 -1014.874676 -1014.884026 -1014.896709 -1014.913735 -1014.936356 -1014.966106 -1015.004838 -1015.054767 -1015.118503 -1015.199092 -1015.300050 -1015.425389 -1015.579654 -1015.767944 -1015.995945 -1016.269959 -1016.596949 -1016.984586 -1017.441329 -1017.976522 -1018.600540 -1019.324991 -1020.162994 -1021.129575 -1022.242226 -1023.521697 -1024.993164 -1026.687960 -1028.646262 -1030.921416 -1033.587312 -1036.751902 -1040.584970 -1045.391931 -1052.005919 -1066.188909 -9999.0 -9999.0
-9999.0 -9999.0 -632.492755 -758.290582 -872.283490 -950.746293 -990.488479 -1006.519046 -1012.045083 -1013.904583 -1014.532303 -1014.744252 -1014.815619 -1014.839549 -1014.847534 -1014.850184 -1014.851059 -1014.851346 -1014.851439 -1014.851469 -1014.851479 -1014.851481 -1014.851480 -1014.851479 -1014.851476 -1014.851472 -1014.851467 -1014.851460 -1014.851450 -1014.851438 -1014.851422 -1014.851402 -1014.851377 -1014.851346 -1014.851308 -1014.851191 -1014.835418 -1013.375629 -932.470560 -579.093555 -460.761255 -546.939252 -1000.459242 -1014.810769 -1014.803536 -1014.705792 -1014.481544 -1014.045104 -1013.294948 -1012.856395 -1013.935916 -1018.391844 -1014.945741 -1014.854339 -1014.851925 -1014.851855 -1014.851973 -1014.852207 -1014.852579 -1014.853139 -1014.853967 -1014.855174 -1014.856916 -1014.859406 -1014.862927 -1014.867853 -1014.874676 -1014.884026 -1014.896709 -1014.913735 -1014.936356 -1014.966106 -1015.004838 -1015.054767 -1015.118503 -1015.199092 -1015.300050 -1015.425389 -1015.579654 -1015.767944 -1015.995945 -1016.269959 -1016.596949 -1016.984586 -1017.441329 -1017.976522 -1018.600540 -1019.324991 -1020.162994 -1021.129575 -1022.242226 -1023.521697 -1024.993164 -1026.687960 -1028.646262 -1030.921416 -1033.587312 -1036.751902 -1040.584970 -1045.391931 -1052.005919 -1066.188909 -9999.0 -9999.0
-9999.0 -9999.0 -632.492755 -758.290582 -872.283490 -950.746293 -990.488479 -1006.519046 -1012.045083 -1013.904583 -1014.532303 -1014.744252 -1014.815619 -1014.839549 -1014.847534 -1014.850184 -1014.851059 -1014.851346 -1014.851439 -1014.851469 -1014.851479 -1014.851481 -1014.851480 -1014.851479 -1014.851476 -1014.851472 -1014.851467 -1014.851460 -1014.851450 -1014.851438 -1014.851422 -1014.851402 -1014.851377 -1014.851346 -1014.851308 -1014.851191 -1014.835418 -1013.375629 -932.470560 -579.093555 -460.761255 -546.939252 -1000.459242 -1014.810769 -1014.803536 -1014.705792 -1014.481544 -1014.045104 -1013.294948 -1012.856395 -1013.935916 -1018.391844 -1014.945741 -1014.854339 -1014.851925 -1014.851855 -1014.851973 -1014.852207 -1014.852579 -1014.853139 -1014.853967 -1014.855174 -1014.856916 -1014.859406 -1014.862927 -1014.867853 -1014.874676 -1014.884026 -1014.896709 -1014.913735 -1014.936356 -1014.966106 -1015.004838 -1015.054767 -1015.118503 -1015.199092 -1015.300050 -1015.425389 -1015.579654 -1015.767944 -1015.995945 -1016.269959 -1016.596949 -1016.984586 -1017.441329 -1017.976522 -1018.600540 -1019.324991 -1020.162994 -1021.129575 -1022.242226 -1023.521697 -1024.993164 -1026.687960 -1028.646262 -1030.921416 -1033.587312 -1036.751902 -1040.584970 -1045.391931 -1052.005919 -1066.188909 -9999.0 -9999.0
-9999.0 -9999.0 -632.492755 -758.290582 -872.283490 -950.746293 -990.488479 -1006.519046 -1012.045083 -1013.904583 -1014.532303 -1014.744252 -1014.815619 -1014.839549 -1014.847534 -1014.850184 -1014.851059 -1014.851346 -1014.851439 -1014.851469 -1014.851479 -1014.851481 -1014.851480 -1014.851479 -1014.851476 -1014.851472 -1014.851467 -1014.851460 -1014.851450 -1014.851438 -1014.851422 -1014.851402 -1014.851377 -1014.851346 -1014.851308 -1014.851191 -1014.835418 -1013.375629 -932.470559 -579.093555 -460.761255 -546.939252 -1000.459242 -1014.810769 -1014.803536 -1014.705792 -1014.481544 -1014.045104 -1013.294948 -1012.856395 -1013.935916 -1018.391844 -1014.945741 -1014.854339 -1014.851925 -1014.851855 -1014.851973 -1014.852207 -1014.852579 -1014.853139 -1014.853967 -1014.855174 -1014.856916 -1014.859406 -1014.862927 -1014.867853 -1014.874676 -1014.884026 -1014.896709 -1014.913735 -1014.936356 -1014.966106 -1015.004838 -1015.054767 -1015.118503 -1015.199092 -1015.300050 -1015.425389 -1015.579654 -1015.767944 -1015.995945 -1016.269959 -1016.596949 -1016.984586 -1017.441329 -1017.976522 -1018.600540 -1019.324991 -1020.162994 -1021.129575 -1022.242226 -1023.521697 -1024.993164 -1026.687960 -1028.646262 -1030.921416 -1033.587312 -1036.751902 -1040.584970 -1045.391931 -1052.005919 -1066.188909 -9999.0 -9999.0
-9999.0 -9999.0 -9999.0 -9999.0 -9999.0 -9999.0 -9999.0 -9999.0 -9999.0 -9999.0 -9999.0 -9999.0 -9999.0 -9999.0 -9999.0 -9999.0 -9999.0 -9999.0 -9999.0 -9999.0 -9999.0 -9999.0 -9999.0 -9999.0 -9999.0 -9999.0 -9999.0 -9999.0 -9999.0 -9999.0 -9999.0 -9999.0 -9999.0 -9999.0 -9999.0 -9999.0 -9999.0 -9999.0 -9999.0 -9999.0 -9999.0 -9999.0 -9999.0 -9999.0 -9999.0 -9999.0 -9999.0 -9999.0 -9999.0 -9999.0 -9999.0 -9999.0 -9999.0 -9999.0 -9999.0 -9999.0 -9999.0 -9999.0 -9999.0 -9999.0 -9999.0 -9999.0 -9999.0 -9999.0 -9999.0 -9999.0 -9999.0 -9999.0 -9999.0 -9999.0 -9999.0 -9999.0 -9999.0 -9999.0 -9999.0 -9999.0 -9999.0 -9999.0 -9999.0 -9999.0 -9999.0 -9999.0 -9999.0 -9999.0 -9999.0 -9999.0 -9999.0 -9999.0 -9999.0 -9999.0 -9999.0 -9999.0 -9999.0 -9999.0 -9999.0 -9999.0 -9999.0 -9999.0 -9999.0 -9999.0 -9999.0 -9999.0 -9999.0 -9999.0
-9999.0 -9999.0 -9999.0 -9999.0 -9999.0 -9999.0 -9999.0 -9999.0 -9999.0 -9999.0 -9999.0 -9999.0 -9999.0 -9999.0 -9999.0 -9999.0 -9999.0 -9999.0 -9999.0 -9999.0 -9999.0 -9999.0 -9999.0 -9999.0 -9999.0 -9999.0 -9999.0 -9999.0 -9999.0 -9999.0 -9999.0 -9999.0 -9999.0 -9999.0 -9999.0 -9999.0 -9999.0 -9999.0 -9999.0 -9999.0 -9999.0 -9999.0 -9999.0 -9999.0 -9999.0 -9999.0 -9999.0 -9999.0 -9999.0 -9999.0 -9999.0 -9999.0 -9999.0 -9999.0 -9999.0 -9999.0 -9999.0 -9999.0 -9999.0 -9999.0 -9999.0 -9999.0 -9999.0 -9999.0 -9999.0 -9999.0 -9999.0 -9999.0 -9999.0 -9999.0 -9999.0 -9999.0 -9999.0 -9999.0 -9999.0 -9999.0 -9999.0 -9999.0 -9999.0 -9999.0 -9999.0 -9999.0 -9999.0 -9999.0 -9999.0 -9999.0 -9999.0 -9999.0 -9999.0 -9999.0 -9999.0 -9999.0 -9999.0 -9999.0 -9999.0 -9999.0 -9999.0 -9999.0 -9999.0 -9999.0 -9999.0 -9999.0 -9999.0 -9999.0