examples/3D/hillslope02_superslab/output-maps-SE27XX/psiliqL0072N0002.asc
ncols         104
nrows         10
xllcorner     -2.000000
yllcorner     0.000000
cellsize      1.000000
NODATA_value  -9999.0
-9999.0 -9999.0 -9999.0 -9999.0 -9999.0 -9999.0 -9999.0 -9999.0 -9999.0 -9999.0 -9999.0 -9999.0 -9999.0 -9999.0 -9999.0 -9999.0 -9999.0 -9999.0 -9999.0 -9999.0 -9999.0 -9999.0 -9999.0 -9999.0 -9999.0 -9999.0 -9999.0 -9999.0 -9999.0 -9999.0 -9999.0 -9999.0 -9999.0 -9999.0 -9999.0 -9999.0 -9999.0 -9999.0 -9999.0 -9999.0 -9999.0 -9999.0 -9999.0 -9999.0 -9999.0 -9999.0 -9999.0 -9999.0 -9999.0 -9999.0 -9999.0 -9999.0 -9999.0 -9999.0 -9999.0 -9999.0 -9999.0 -9999.0 -9999.0 -9999.0 -9999.0 -9999.0 -9999.0 -9999.0 -9999.0 -9999.0 -9999.0 -9999.0 -9999.0 -9999.0 -9999.0 -9999.0 -9999.0 -9999.0 -9999.0 -9999.0 -9999.0 -9999.0 -9999.0 -9999.0 -9999.0 -9999.0 -9999.0 -9999.0 -9999.0 -9999.0 -9999.0 -9999.0 -9999.0 -9999.0 -9999.0 -9999.0 -9999.0 -9999.0 -9999.0 -9999.0 -9999.0 -9999.0 -9999.0 -9999.0 -9999.0 -9999.0 -9999.0 -9999.0
-9999.0 -9999.0 -9999.0 -9999.0 -9999.0 -9999.0 -9999.0 -9999.0 -9999.0 -9999.0 -9999.0 -9999.0 -9999.0 -9999.0 -9999.0 -9999.0 -9999.0 -9999.0 -9999.0 -9999.0 -9999.0 -9999.0 -9999.0 -9999.0 -9999.0 -9999.0 -9999.0 -9999.0 -9999.0 -9999.0 -9999.0 -9999.0 -9999.0 -9999.0 -9999.0 -9999.0 -9999.0 -9999.0 -9999.0 -9999.0 -9999.0 -9999.0 -9999.0 -9999.0 -9999.0 -9999.0 -9999.0 -9999.0 -9999.0 -9999.0 -9999.0 -9999.0 -9999.0 -9999.0 -9999.0 -9999.0 -9999.0 -9999.0 -9999.0 -9999.0 -9999.0 -9999.0 -9999.0 -9999.0 -9999.0 -9999.0 -9999.0 -9999.0 -9999.0 -9999.0 -9999.0 -9999.0 -9999.0 -9999.0 -9999.0 -9999.0 -9999.0 -9999.0 -9999.0 -9999.0 -9999.0 -9999.0 -9999.0 -9999.0 -9999.0 -9999.0 -9999.0 -9999.0 -9999.0 -9999.0 -9999.0 -9999.0 -9999.0 -9999.0 -9999.0 -9999.0 -9999.0 -9999.0 -9999.0 -9999.0 -9999.0 -9999.0 -9999.0 -9999.0
-9999.0 -9999.0 219.342929 117.260277 16.131699 -83.564189 -178.949825 -253.233901 -289.773099 -304.785597 -335.169291 -354.404377 -366.722462 -376.581632 -380.590350 -372.715866 -366.271263 -361.960066 -358.609792 -355.636606 -352.790996 -349.943108 -347.036132 -344.051260 -341.013526 -337.964130 -334.975008 -332.126351 -329.489141 -327.125861 -325.082211 -323.415079 -322.199882 -321.499910 -321.353262 -321.754069 -322.652113 -324.012979 -325.822935 -328.163006 -331.256131 -335.521470 -341.170130 -347.412362 -354.166824 -361.496001 -237.424154 -172.136905 -172.594989 -463.114843 -1248.384223 -1413.253883 -1411.012650 -1410.865184 -1410.835600 -1410.794711 -1410.729435 -1410.618960 -1409.137486 -1268.114203 -652.134891 -415.661578 -328.123684 -338.483160 -349.982383 -353.989670 -355.104468 -355.398148 -355.478292 -355.505277 -355.519980 -355.532440 -355.544879 -355.557659 -355.570744 -355.584052 -355.597536 -355.611184 -355.625008 -355.639035 -355.653287 -355.667764 -355.682468 -355.697376 -355.712477 -355.727741 -355.743079 -355.758365 -355.773498 -355.788357 -355.802770 -355.816764 -355.830789 -355.847124 -355.874510 -355.944639 -356.165977 -356.885880 -359.120390 -365.577901 -383.502442 -441.474834 -9999.0 -9999.0
-9999.0 -9999.0 219.342927 117.260274 16.131698 -83.564191 -178.949826 -253.233902 -289.773099 -304.785597 -335.169290 -354.404377 -366.722462 -376.581632 -380.590350 -372.715866 -366.271263 -361.960067 -358.609792 -355.636606 -352.790996 -349.943108 -347.036132 -344.051260 -341.013526 -337.964130 -334.975008 -332.126351 -329.489141 -327.125861 -325.082211 -323.415079 -322.199882 -321.499910 -321.353262 -321.754069 -322.652113 -324.012979 -325.822935 -328.163006 -331.256131 -335.521470 -341.170130 -347.412362 -354.166824 -361.496001 -237.424154 -172.136905 -172.594989 -463.114843 -1248.384223 -1413.253883 -1411.012650 -1410.865184 -1410.835600 -1410.794711 -1410.729435 -1410.618960 -1409.137486 -1268.114203 -652.134891 -415.661578 -328.123684 -338.483161 -349.982383 -353.989671 -355.104469 -355.398150 -355.478294 -355.505279 -355.519981 -355.532442 -355.544880 -355.557660 -355.570745 -355.584054 -355.597538 -355.611186 -355.625010 -355.639036 -355.653289 -355.667765 -355.682469 -355.697377 -355.712479 -355.727743 -355.743080 -355.758366 -355.773499 -355.788359 -355.802771 -355.816766 -355.830790 -355.847126 -355.874512 -355.944640 -356.165978 -356.885882 -359.120392 -365.577904 -383.502444 -441.474834 -9999.0 -9999.0
-9999.0 -9999.0 219.342925 117.260273 16.131696 -83.564192 -178.949827 -253.233903 -289.773099 -304.785597 -335.169290 -354.404377 -366.722461 -376.581632 -380.590350 -372.715867 -366.271264 -361.960067 -358.609792 -355.636606 -352.790996 -349.943108 -347.036132 -344.051260 -341.013526 -337.964130 -334.975008 -332.126351 -329.489141 -327.125861 -325.082211 -323.415079 -322.199882 -321.499910 -321.353262 -321.754069 -322.652113 -324.012979 -325.822935 -328.163006 -331.256131 -335.521470 -341.170130 -347.412362 -354.166824 -361.496001 -237.424154 -172.136905 -172.594989 -463.114843 -1248.384223 -1413.253883 -1411.012650 -1410.865184 -1410.835600 -1410.794711 -1410.729435 -1410.618960 -1409.137486 -1268.114202 -652.134891 -415.661578 -328.123684 -338.483161 -349.982384 -353.989671 -355.104470 -355.398151 -355.478295 -355.505280 -355.519983 -355.532443 -355.544881 -355.557661 -355.570746 -355.584055 -355.597539 -355.611187 -355.625011 -355.639037 -355.653290 -355.667766 -355.682470 -355.697378 -355.712480 -355.727744 -355.743082 -355.758367 -355.773500 -355.788360 -355.802772 -355.816767 -355.830792 -355.847127 -355.874513 -355.944641 -356.165979 -356.885883 -359.120394 -365.577906 -383.502446 -441.474833 -9999.0 -9999.0
-9999.0 -9999.0 219.342925 117.260273 16.131696 -83.564192 -178.949827 -253.233903 -289.773099 -304.785597 -335.169290 -354.404377 -366.722461 -376.581632 -380.590350 -372.715867 -366.271264 -361.960067 -358.609792 -355.636606 -352.790996 -349.943108 -347.036132 -344.051260 -341.013526 -337.964130 -334.975008 -332.126351 -329.489141 -327.125861 -325.082211 -323.415079 -322.199882 -321.499910 -321.353262 -321.754069 -322.652113 -324.012979 -325.822935 -328.163006 -331.256131 -335.521470 -341.170130 -347.412362 -354.166824 -361.496001 -237.424154 -172.136905 -172.594989 -463.114843 -1248.384223 -1413.253883 -1411.012650 -1410.865184 -1410.835600 -1410.794711 -1410.729435 -1410.618960 -1409.137486 -1268.114202 -652.134891 -415.661578 -328.123684 -338.483161 -349.982384 -353.989671 -355.104470 -355.398151 -355.478295 -355.505280 -355.519983 -355.532443 -355.544881 -355.557661 -355.570746 -355.584055 -355.597539 -355.611187 -355.625011 -355.639037 -355.653290 -355.667766 -355.682470 -355.697378 -355.712480 -355.727744 -355.743082 -355.758367 -355.773500 -355.788360 -355.802772 -355.816767 -355.830792 -355.847127 -355.874513 -355.944641 -356.165979 -356.885883 -359.120394 -365.577906 -383.502446 -441.474833 -9999.0 -9999.0
-9999.0 -9999.0 219.342927 117.260274 16.131698 -83.564191 -178.949826 -253.233902 -289.773099 -304.785597 -335.169290 -354.404377 -366.722462 -376.581632 -380.590350 -372.715866 -366.271263 -361.960067 -358.609792 -355.636606 -352.790996 -349.943108 -347.036132 -344.051260 -341.013526 -337.964130 -334.975008 -332.126351 -329.489141 -327.125861 -325.082211 -323.415079 -322.199882 -321.499910 -321.353262 -321.754069 -322.652113 -324.012979 -325.822935 -328.163006 -331.256131 -335.521470 -341.170130 -347.412362 -354.166824 -361.496001 -237.424154 -172.136905 -172.594989 -463.114843 -1248.384223 -1413.253883 -1411.012650 -1410.865184 -1410.835600 -1410.794711 -1410.729435 -1410.618960 -1409.137486 -1268.114203 -652.134891 -415.661578 -328.123684 -338.483161 -349.982383 -353.989671 -355.104469 -355.398150 -355.478294 -355.505279 -355.519981 -355.532442 -355.544880 -355.557660 -355.570745 -355.584054 -355.597538 -355.611186 -355.625010 -355.639036 -355.653289 -355.667765 -355.682469 -355.697377 -355.712479 -355.727743 -355.743080 -355.758366 -355.773499 -355.788359 -355.802771 -355.816766 -355.830790 -355.847126 -355.874512 -355.944640 -356.165978 -356.885882 -359.120392 -365.577904 -383.502444 -441.474834 -9999.0 -9999.0
-9999.0 -9999.0 219.342929 117.260277 16.131699 -83.564189 -178.949825 -253.233901 -289.773099 -304.785597 -335.169291 -354.404377 -366.722462 -376.581632 -380.590350 -372.715866 -366.271263 -361.960066 -358.609792 -355.636606 -352.790996 -349.943108 -347.036132 -344.051260 -341.013526 -337.964130 -334.975008 -332.126351 -329.489141 -327.125861 -325.082211 -323.415079 -322.199882 -321.499910 -321.353262 -321.754069 -322.652113 -324.012979 -325.822935 -328.163006 -331.256131 -335.521470 -341.170130 -347.412362 -354.166824 -361.496001 -237.424154 -172.136905 -172.594989 -463.114843 -1248.384223 -1413.253883 -1411.012650 -1410.865184 -1410.835600 -1410.794711 -1410.729435 -1410.618960 -1409.137486 -1268.114203 -652.134891 -415.661578 -328.123684 -338.483160 -349.982383 -353.989670 -355.104468 -355.398148 -355.478292 -355.505277 -355.519980 -355.532440 -355.544879 -355.557659 -355.570744 -355.584052 -355.597536 -355.611184 -355.625008 -355.639035 -355.653287 -355.667764 -355.682468 -355.697376 -355.712477 -355.727741 -355.743079 -355.758365 -355.773498 -355.788357 -355.802770 -355.816764 -355.830789 -355.847124 -355.874510 -355.944639 -356.165977 -356.885880 -359.120390 -365.577901 -383.502442 -441.474834 -9999.0 -9999.0
-9999.0 -9999.0 -9999.0 -9999.0 -9999.0 -9999.0 -9999.0 -9999.0 -9999.0 -9999.0 -9999.0 -9999.0 -9999.0 -9999.0 -9999.0 -9999.0 -9999.0 -9999.0 -9999.0 -9999.0 -9999.0 -9999.0 -9999.0 -9999.0 -9999.0 -9999.0 -9999.0 -9999.0 -9999.0 -9999.0 -9999.0 -9999.0 -9999.0 -9999.0 -9999.0 -9999.0 -9999.0 -9999.0 -9999.0 -9999.0 -9999.0 -9999.0 -9999.0 -9999.0 -9999.0 -9999.0 -9999.0 -9999.0 -9999.0 -9999.0 -9999.0 -9999.0 -9999.0 -9999.0 -9999.0 -9999.0 -9999.0 -9999.0 -9999.0 -9999.0 -9999.0 -9999.0 -9999.0 -9999.0 -9999.0 -9999.0 -9999.0 -9999.0 -9999.0 -9999.0 -9999.0 -9999.0 -9999.0 -9999.0 -9999.0 -9999.0 -9999.0 -9999.0 -9999.0 -9999.0 -9999.0 -9999.0 -9999.0 -9999.0 -9999.0 -9999.0 -9999.0 -9999.0 -9999.0 -9999.0 -9999.0 -9999.0 -9999.0 -9999.0 -9999.0 -9999.0 -9999.0 -9999.0 -9999.0 -9999.0 -9999.0 -9999.0 -9999.0 -9999.0
-9999.0 -9999.0 -9999.0 -9999.0 -9999.0 -9999.0 -9999.0 -9999.0 -9999.0 -9999.0 -9999.0 -9999.0 -9999.0 -9999.0 -9999.0 -9999.0 -9999.0 -9999.0 -9999.0 -9999.0 -9999.0 -9999.0 -9999.0 -9999.0 -9999.0 -9999.0 -9999.0 -9999.0 -9999.0 -9999.0 -9999.0 -9999.0 -9999.0 -9999.0 -9999.0 -9999.0 -9999.0 -9999.0 -9999.0 -9999.0 -9999.0 -9999.0 -9999.0 -9999.0 -9999.0 -9999.0 -9999.0 -9999.0 -9999.0 -9999.0 -9999.0 -9999.0 -9999.0 -9999.0 -9999.0 -9999.0 -9999.0 -9999.0 -9999.0 -9999.0 -9999.0 -9999.0 -9999.0 -9999.0 -9999.0 -9999.0 -9999.0 -9999.0 -9999.0 -9999.0 -9999.0 -9999.0 -9999.0 -9999.0 -9999.0 -9999.0 -9999.0 -9999.0 -9999.0 -9999.0 -9999.0 -9999.0 -9999.0 -9999.0 -9999.0 -9999.0 -9999.0 -9999.0 -9999.0 -9999.0 -9999.0 -9999.0 -9999.0 -9999.0 -9999.0 -9999.0 -9999.0 -9999.0 -9999.0 -9999.0 -9999.0 -9999.0 -9999.0 -9999.0