examples/3D/hillslope02_superslab/output-maps-SE27XX/psiliqL0048N0002.asc
ncols         104
nrows         10
xllcorner     -2.000000
yllcorner     0.000000
cellsize      1.000000
NODATA_value  -9999.0
-9999.0 -9999.0 -9999.0 -9999.0 -9999.0 -9999.0 -9999.0 -9999.0 -9999.0 -9999.0 -9999.0 -9999.0 -9999.0 -9999.0 -9999.0 -9999.0 -9999.0 -9999.0 -9999.0 -9999.0 -9999.0 -9999.0 -9999.0 -9999.0 -9999.0 -9999.0 -9999.0 -9999.0 -9999.0 -9999.0 -9999.0 -9999.0 -9999.0 -9999.0 -9999.0 -9999.0 -9999.0 -9999.0 -9999.0 -9999.0 -9999.0 -9999.0 -9999.0 -9999.0 -9999.0 -9999.0 -9999.0 -9999.0 -9999.0 -9999.0 -9999.0 -9999.0 -9999.0 -9999.0 -9999.0 -9999.0 -9999.0 -9999.0 -9999.0 -9999.0 -9999.0 -9999.0 -9999.0 -9999.0 -9999.0 -9999.0 -9999.0 -9999.0 -9999.0 -9999.0 -9999.0 -9999.0 -9999.0 -9999.0 -9999.0 -9999.0 -9999.0 -9999.0 -9999.0 -9999.0 -9999.0 -9999.0 -9999.0 -9999.0 -9999.0 -9999.0 -9999.0 -9999.0 -9999.0 -9999.0 -9999.0 -9999.0 -9999.0 -9999.0 -9999.0 -9999.0 -9999.0 -9999.0 -9999.0 -9999.0 -9999.0 -9999.0 -9999.0 -9999.0
-9999.0 -9999.0 -9999.0 -9999.0 -9999.0 -9999.0 -9999.0 -9999.0 -9999.0 -9999.0 -9999.0 -9999.0 -9999.0 -9999.0 -9999.0 -9999.0 -9999.0 -9999.0 -9999.0 -9999.0 -9999.0 -9999.0 -9999.0 -9999.0 -9999.0 -9999.0 -9999.0 -9999.0 -9999.0 -9999.0 -9999.0 -9999.0 -9999.0 -9999.0 -9999.0 -9999.0 -9999.0 -9999.0 -9999.0 -9999.0 -9999.0 -9999.0 -9999.0 -9999.0 -9999.0 -9999.0 -9999.0 -9999.0 -9999.0 -9999.0 -9999.0 -9999.0 -9999.0 -9999.0 -9999.0 -9999.0 -9999.0 -9999.0 -9999.0 -9999.0 -9999.0 -9999.0 -9999.0 -9999.0 -9999.0 -9999.0 -9999.0 -9999.0 -9999.0 -9999.0 -9999.0 -9999.0 -9999.0 -9999.0 -9999.0 -9999.0 -9999.0 -9999.0 -9999.0 -9999.0 -9999.0 -9999.0 -9999.0 -9999.0 -9999.0 -9999.0 -9999.0 -9999.0 -9999.0 -9999.0 -9999.0 -9999.0 -9999.0 -9999.0 -9999.0 -9999.0 -9999.0 -9999.0 -9999.0 -9999.0 -9999.0 -9999.0 -9999.0 -9999.0
-9999.0 -9999.0 -314.866494 -345.187459 -352.526847 -352.783112 -348.335422 -337.690926 -321.859484 -310.966804 -339.540826 -355.645336 -366.352910 -374.983215 -376.126265 -368.978226 -363.668659 -359.996947 -357.098413 -354.592799 -352.338213 -350.242815 -348.239863 -346.274209 -344.310795 -342.327775 -340.313149 -338.272168 -336.196251 -334.103016 -332.019150 -329.998738 -328.169489 -326.626162 -85.595308 141.446669 365.584301 580.891056 623.588860 495.610830 355.431625 197.563220 18.554413 -155.852620 -329.019587 -527.561939 -814.003114 -1605.521762 -2591.573683 -2599.003318 -2599.009896 -2599.009901 -2599.009901 -2599.009901 -2599.009901 -2599.009901 -2599.009883 -2598.995757 -2589.391962 -1698.712982 -707.936679 -442.444616 -315.120276 -337.832465 -350.765411 -354.548823 -355.542560 -355.799492 -355.865929 -355.883128 -355.887583 -355.888738 -355.889037 -355.889114 -355.889135 -355.889140 -355.889141 -355.889142 -355.889142 -355.889142 -355.889142 -355.889142 -355.889143 -355.889143 -355.889143 -355.889143 -355.889144 -355.889145 -355.889148 -355.889162 -355.889212 -355.889397 -355.890092 -355.892684 -355.902333 -355.937995 -356.067848 -356.527181 -358.073176 -362.908061 -376.754918 -413.634404 -9999.0 -9999.0
-9999.0 -9999.0 -314.866495 -345.187460 -352.526848 -352.783113 -348.335422 -337.690926 -321.859484 -310.966803 -339.540825 -355.645336 -366.352910 -374.983215 -376.126265 -368.978226 -363.668659 -359.996947 -357.098413 -354.592799 -352.338213 -350.242815 -348.239863 -346.274209 -344.310795 -342.327775 -340.313149 -338.272168 -336.196251 -334.103016 -332.019150 -329.998738 -328.169489 -326.626162 -85.595308 141.446669 365.584301 580.891056 623.588860 495.610830 355.431625 197.563220 18.554413 -155.852620 -329.019587 -527.561939 -814.003114 -1605.521762 -2591.573683 -2599.003318 -2599.009896 -2599.009901 -2599.009901 -2599.009901 -2599.009901 -2599.009901 -2599.009883 -2598.995757 -2589.391962 -1698.712981 -707.936679 -442.444616 -315.120276 -337.832466 -350.765412 -354.548824 -355.542562 -355.799494 -355.865931 -355.883131 -355.887586 -355.888740 -355.889039 -355.889117 -355.889137 -355.889142 -355.889144 -355.889144 -355.889145 -355.889145 -355.889145 -355.889145 -355.889145 -355.889145 -355.889146 -355.889146 -355.889146 -355.889147 -355.889151 -355.889164 -355.889214 -355.889400 -355.890094 -355.892687 -355.902335 -355.937997 -356.067850 -356.527184 -358.073180 -362.908065 -376.754924 -413.634407 -9999.0 -9999.0
-9999.0 -9999.0 -314.866496 -345.187461 -352.526849 -352.783114 -348.335423 -337.690927 -321.859484 -310.966803 -339.540825 -355.645335 -366.352910 -374.983215 -376.126265 -368.978226 -363.668659 -359.996947 -357.098413 -354.592799 -352.338213 -350.242815 -348.239863 -346.274209 -344.310795 -342.327775 -340.313149 -338.272168 -336.196251 -334.103016 -332.019150 -329.998738 -328.169489 -326.626162 -85.595308 141.446669 365.584301 580.891056 623.588860 495.610830 355.431625 197.563220 18.554413 -155.852620 -329.019587 -527.561939 -814.003114 -1605.521762 -2591.573683 -2599.003318 -2599.009896 -2599.009901 -2599.009901 -2599.009901 -2599.009901 -2599.009901 -2599.009883 -2598.995757 -2589.391962 -1698.712980 -707.936679 -442.444616 -315.120276 -337.832467 -350.765414 -354.548826 -355.542564 -355.799497 -355.865935 -355.883134 -355.887589 -355.888743 -355.889043 -355.889120 -355.889140 -355.889146 -355.889147 -355.889148 -355.889148 -355.889148 -355.889148 -355.889148 -355.889148 -355.889149 -355.889149 -355.889149 -355.889149 -355.889150 -355.889154 -355.889168 -355.889217 -355.889403 -355.890098 -355.892690 -355.902338 -355.938001 -356.067854 -356.527188 -358.073184 -362.908071 -376.754931 -413.634411 -9999.0 -9999.0
-9999.0 -9999.0 -314.866496 -345.187461 -352.526849 -352.783114 -348.335423 -337.690927 -321.859484 -310.966803 -339.540825 -355.645335 -366.352910 -374.983215 -376.126265 -368.978226 -363.668659 -359.996947 -357.098413 -354.592799 -352.338213 -350.242815 -348.239863 -346.274209 -344.310795 -342.327775 -340.313149 -338.272168 -336.196251 -334.103016 -332.019150 -329.998738 -328.169489 -326.626162 -85.595308 141.446669 365.584301 580.891056 623.588860 495.610830 355.431625 197.563220 18.554413 -155.852620 -329.019587 -527.561939 -814.003114 -1605.521762 -2591.573683 -2599.003318 -2599.009896 -2599.009901 -2599.009901 -2599.009901 -2599.009901 -2599.009901 -2599.009883 -2598.995757 -2589.391962 -1698.712980 -707.936679 -442.444616 -315.120276 -337.832467 -350.765414 -354.548826 -355.542564 -355.799497 -355.865935 -355.883134 -355.887589 -355.888743 -355.889043 -355.889120 -355.889140 -355.889146 -355.889147 -355.889148 -355.889148 -355.889148 -355.889148 -355.889148 -355.889148 -355.889149 -355.889149 -355.889149 -355.889149 -355.889150 -355.889154 -355.889168 -355.889217 -355.889403 -355.890098 -355.892690 -355.902338 -355.938001 -356.067854 -356.527188 -358.073184 -362.908071 -376.754931 -413.634411 -9999.0 -9999.0
-9999.0 -9999.0 -314.866495 -345.187460 -352.526848 -352.783113 -348.335422 -337.690926 -321.859484 -310.966803 -339.540825 -355.645336 -366.352910 -374.983215 -376.126265 -368.978226 -363.668659 -359.996947 -357.098413 -354.592799 -352.338213 -350.242815 -348.239863 -346.274209 -344.310795 -342.327775 -340.313149 -338.272168 -336.196251 -334.103016 -332.019150 -329.998738 -328.169489 -326.626162 -85.595308 141.446669 365.584301 580.891056 623.588860 495.610830 355.431625 197.563220 18.554413 -155.852620 -329.019587 -527.561939 -814.003114 -1605.521762 -2591.573683 -2599.003318 -2599.009896 -2599.009901 -2599.009901 -2599.009901 -2599.009901 -2599.009901 -2599.009883 -2598.995757 -2589.391962 -1698.712981 -707.936679 -442.444616 -315.120276 -337.832466 -350.765412 -354.548824 -355.542562 -355.799494 -355.865931 -355.883131 -355.887586 -355.888740 -355.889039 -355.889117 -355.889137 -355.889142 -355.889144 -355.889144 -355.889145 -355.889145 -355.889145 -355.889145 -355.889145 -355.889145 -355.889146 -355.889146 -355.889146 -355.889147 -355.889151 -355.889164 -355.889214 -355.889400 -355.890094 -355.892687 -355.902335 -355.937997 -356.067850 -356.527184 -358.073180 -362.908065 -376.754924 -413.634407 -9999.0 -9999.0
-9999.0 -9999.0 -314.866494 -345.187459 -352.526847 -352.783112 -348.335422 -337.690926 -321.859484 -310.966804 -339.540826 -355.645336 -366.352910 -374.983215 -376.126265 -368.978226 -363.668659 -359.996947 -357.098413 -354.592799 -352.338213 -350.242815 -348.239863 -346.274209 -344.310795 -342.327775 -340.313149 -338.272168 -336.196251 -334.103016 -332.019150 -329.998738 -328.169489 -326.626162 -85.595308 141.446669 365.584301 580.891056 623.588860 495.610830 355.431625 197.563220 18.554413 -155.852620 -329.019587 -527.561939 -814.003114 -1605.521762 -2591.573683 -2599.003318 -2599.009896 -2599.009901 -2599.009901 -2599.009901 -2599.009901 -2599.009901 -2599.009883 -2598.995757 -2589.391962 -1698.712982 -707.936679 -442.444616 -315.120276 -337.832465 -350.765411 -354.548823 -355.542560 -355.799492 -355.865929 -355.883128 -355.887583 -355.888738 -355.889037 -355.889114 -355.889135 -355.889140 -355.889141 -355.889142 -355.889142 -355.889142 -355.889142 -355.889142 -355.889143 -355.889143 -355.889143 -355.889143 -355.889144 -355.889145 -355.889148 -355.889162 -355.889212 -355.889397 -355.890092 -355.892684 -355.902333 -355.937995 -356.067848 -356.527181 -358.073176 -362.908061 -376.754918 -413.634404 -9999.0 -9999.0
-9999.0 -9999.0 -9999.0 -9999.0 -9999.0 -9999.0 -9999.0 -9999.0 -9999.0 -9999.0 -9999.0 -9999.0 -9999.0 -9999.0 -9999.0 -9999.0 -9999.0 -9999.0 -9999.0 -9999.0 -9999.0 -9999.0 -9999.0 -9999.0 -9999.0 -9999.0 -9999.0 -9999.0 -9999.0 -9999.0 -9999.0 -9999.0 -9999.0 -9999.0 -9999.0 -9999.0 -9999.0 -9999.0 -9999.0 -9999.0 -9999.0 -9999.0 -9999.0 -9999.0 -9999.0 -9999.0 -9999.0 -9999.0 -9999.0 -9999.0 -9999.0 -9999.0 -9999.0 -9999.0 -9999.0 -9999.0 -9999.0 -9999.0 -9999.0 -9999.0 -9999.0 -9999.0 -9999.0 -9999.0 -9999.0 -9999.0 -9999.0 -9999.0 -9999.0 -9999.0 -9999.0 -9999.0 -9999.0 -9999.0 -9999.0 -9999.0 -9999.0 -9999.0 -9999.0 -9999.0 -9999.0 -9999.0 -9999.0 -9999.0 -9999.0 -9999.0 -9999.0 -9999.0 -9999.0 -9999.0 -9999.0 -9999.0 -9999.0 -9999.0 -9999.0 -9999.0 -9999.0 -9999.0 -9999.0 -9999.0 -9999.0 -9999.0 -9999.0 -9999.0
-9999.0 -9999.0 -9999.0 -9999.0 -9999.0 -9999.0 -9999.0 -9999.0 -9999.0 -9999.0 -9999.0 -9999.0 -9999.0 -9999.0 -9999.0 -9999.0 -9999.0 -9999.0 -9999.0 -9999.0 -9999.0 -9999.0 -9999.0 -9999.0 -9999.0 -9999.0 -9999.0 -9999.0 -9999.0 -9999.0 -9999.0 -9999.0 -9999.0 -9999.0 -9999.0 -9999.0 -9999.0 -9999.0 -9999.0 -9999.0 -9999.0 -9999.0 -9999.0 -9999.0 -9999.0 -9999.0 -9999.0 -9999.0 -9999.0 -9999.0 -9999.0 -9999.0 -9999.0 -9999.0 -9999.0 -9999.0 -9999.0 -9999.0 -9999.0 -9999.0 -9999.0 -9999.0 -9999.0 -9999.0 -9999.0 -9999.0 -9999.0 -9999.0 -9999.0 -9999.0 -9999.0 -9999.0 -9999.0 -9999.0 -9999.0 -9999.0 -9999.0 -9999.0 -9999.0 -9999.0 -9999.0 -9999.0 -9999.0 -9999.0 -9999.0 -9999.0 -9999.0 -9999.0 -9999.0 -9999.0 -9999.0 -9999.0 -9999.0 -9999.0 -9999.0 -9999.0 -9999.0 -9999.0 -9999.0 -9999.0 -9999.0 -9999.0 -9999.0 -9999.0