examples/3D/hillslope02_superslab/output-maps-SE27XX/psiliqL0096N0001.asc
ncols         104
nrows         10
xllcorner     -2.000000
yllcorner     0.000000
cellsize      1.000000
NODATA_value  -9999.0
-9999.0 -9999.0 -9999.0 -9999.0 -9999.0 -9999.0 -9999.0 -9999.0 -9999.0 -9999.0 -9999.0 -9999.0 -9999.0 -9999.0 -9999.0 -9999.0 -9999.0 -9999.0 -9999.0 -9999.0 -9999.0 -9999.0 -9999.0 -9999.0 -9999.0 -9999.0 -9999.0 -9999.0 -9999.0 -9999.0 -9999.0 -9999.0 -9999.0 -9999.0 -9999.0 -9999.0 -9999.0 -9999.0 -9999.0 -9999.0 -9999.0 -9999.0 -9999.0 -9999.0 -9999.0 -9999.0 -9999.0 -9999.0 -9999.0 -9999.0 -9999.0 -9999.0 -9999.0 -9999.0 -9999.0 -9999.0 -9999.0 -9999.0 -9999.0 -9999.0 -9999.0 -9999.0 -9999.0 -9999.0 -9999.0 -9999.0 -9999.0 -9999.0 -9999.0 -9999.0 -9999.0 -9999.0 -9999.0 -9999.0 -9999.0 -9999.0 -9999.0 -9999.0 -9999.0 -9999.0 -9999.0 -9999.0 -9999.0 -9999.0 -9999.0 -9999.0 -9999.0 -9999.0 -9999.0 -9999.0 -9999.0 -9999.0 -9999.0 -9999.0 -9999.0 -9999.0 -9999.0 -9999.0 -9999.0 -9999.0 -9999.0 -9999.0 -9999.0 -9999.0
-9999.0 -9999.0 -9999.0 -9999.0 -9999.0 -9999.0 -9999.0 -9999.0 -9999.0 -9999.0 -9999.0 -9999.0 -9999.0 -9999.0 -9999.0 -9999.0 -9999.0 -9999.0 -9999.0 -9999.0 -9999.0 -9999.0 -9999.0 -9999.0 -9999.0 -9999.0 -9999.0 -9999.0 -9999.0 -9999.0 -9999.0 -9999.0 -9999.0 -9999.0 -9999.0 -9999.0 -9999.0 -9999.0 -9999.0 -9999.0 -9999.0 -9999.0 -9999.0 -9999.0 -9999.0 -9999.0 -9999.0 -9999.0 -9999.0 -9999.0 -9999.0 -9999.0 -9999.0 -9999.0 -9999.0 -9999.0 -9999.0 -9999.0 -9999.0 -9999.0 -9999.0 -9999.0 -9999.0 -9999.0 -9999.0 -9999.0 -9999.0 -9999.0 -9999.0 -9999.0 -9999.0 -9999.0 -9999.0 -9999.0 -9999.0 -9999.0 -9999.0 -9999.0 -9999.0 -9999.0 -9999.0 -9999.0 -9999.0 -9999.0 -9999.0 -9999.0 -9999.0 -9999.0 -9999.0 -9999.0 -9999.0 -9999.0 -9999.0 -9999.0 -9999.0 -9999.0 -9999.0 -9999.0 -9999.0 -9999.0 -9999.0 -9999.0 -9999.0 -9999.0
-9999.0 -9999.0 206.486714 109.877173 18.462322 -64.365740 -132.957255 -180.293623 -206.140299 -216.684551 -220.604862 -222.009750 -222.505658 -222.679445 -222.740068 -222.761134 -222.768424 -222.770931 -222.771783 -222.772062 -222.772141 -222.772147 -222.772123 -222.772081 -222.772027 -222.771959 -222.771877 -222.771781 -222.771668 -222.771539 -222.771394 -222.771234 -222.771059 -222.770874 -222.770681 -222.770484 -222.770288 -222.770092 -222.769877 -222.769540 -222.768300 -222.769306 -222.769663 -222.769815 -222.770065 -222.770483 -222.771188 -222.772451 -222.774841 -222.779426 -222.788446 -222.806279 -222.798627 -222.801710 -222.811179 -222.826104 -222.847173 -222.875882 -222.914319 -222.965120 -223.031488 -223.117219 -223.226740 -223.365119 -223.538068 -223.751917 -224.013575 -224.330458 -224.710414 -225.161631 -225.692537 -226.311710 -227.027794 -227.849437 -228.785248 -229.843787 -231.033587 -232.363218 -233.841377 -235.477036 -237.279619 -239.259243 -241.427005 -243.795342 -246.378486 -249.193015 -252.258575 -255.598802 -259.242543 -263.225507 -267.592561 -272.400987 -277.725266 -283.664344 -290.353091 -297.981262 -306.826717 -317.317964 -330.163665 -346.658629 -369.567132 -406.729623 -9999.0 -9999.0
-9999.0 -9999.0 206.486714 109.877173 18.462322 -64.365740 -132.957255 -180.293623 -206.140299 -216.684551 -220.604862 -222.009750 -222.505658 -222.679445 -222.740068 -222.761134 -222.768424 -222.770931 -222.771783 -222.772062 -222.772141 -222.772147 -222.772123 -222.772081 -222.772027 -222.771959 -222.771877 -222.771781 -222.771668 -222.771539 -222.771394 -222.771234 -222.771059 -222.770874 -222.770681 -222.770484 -222.770288 -222.770092 -222.769877 -222.769540 -222.768300 -222.769306 -222.769663 -222.769815 -222.770065 -222.770483 -222.771188 -222.772451 -222.774841 -222.779426 -222.788446 -222.806279 -222.798627 -222.801710 -222.811179 -222.826104 -222.847173 -222.875882 -222.914319 -222.965120 -223.031488 -223.117219 -223.226740 -223.365119 -223.538068 -223.751917 -224.013575 -224.330458 -224.710414 -225.161631 -225.692537 -226.311710 -227.027794 -227.849437 -228.785248 -229.843787 -231.033587 -232.363218 -233.841377 -235.477036 -237.279619 -239.259243 -241.427005 -243.795342 -246.378486 -249.193015 -252.258575 -255.598802 -259.242543 -263.225507 -267.592561 -272.400987 -277.725266 -283.664344 -290.353091 -297.981262 -306.826717 -317.317964 -330.163665 -346.658629 -369.567132 -406.729623 -9999.0 -9999.0
-9999.0 -9999.0 206.486714 109.877173 18.462322 -64.365740 -132.957255 -180.293623 -206.140299 -216.684551 -220.604862 -222.009750 -222.505658 -222.679445 -222.740068 -222.761134 -222.768424 -222.770931 -222.771783 -222.772062 -222.772141 -222.772147 -222.772123 -222.772081 -222.772027 -222.771959 -222.771877 -222.771781 -222.771668 -222.771539 -222.771394 -222.771234 -222.771059 -222.770874 -222.770681 -222.770484 -222.770288 -222.770092 -222.769877 -222.769540 -222.768300 -222.769306 -222.769663 -222.769815 -222.770065 -222.770483 -222.771188 -222.772451 -222.774841 -222.779426 -222.788446 -222.806279 -222.798627 -222.801710 -222.811179 -222.826104 -222.847173 -222.875882 -222.914319 -222.965120 -223.031488 -223.117219 -223.226740 -223.365119 -223.538068 -223.751917 -224.013575 -224.330458 -224.710414 -225.161631 -225.692537 -226.311710 -227.027794 -227.849437 -228.785248 -229.843787 -231.033587 -232.363218 -233.841377 -235.477036 -237.279619 -239.259243 -241.427005 -243.795342 -246.378486 -249.193015 -252.258575 -255.598802 -259.242543 -263.225507 -267.592561 -272.400987 -277.725266 -283.664344 -290.353091 -297.981262 -306.826717 -317.317964 -330.163665 -346.658629 -369.567132 -406.729623 -9999.0 -9999.0
-9999.0 -9999.0 206.486714 109.877173 18.462322 -64.365740 -132.957255 -180.293623 -206.140299 -216.684551 -220.604862 -222.009750 -222.505658 -222.679445 -222.740068 -222.761134 -222.768424 -222.770931 -222.771783 -222.772062 -222.772141 -222.772147 -222.772123 -222.772081 -222.772027 -222.771959 -222.771877 -222.771781 -222.771668 -222.771539 -222.771394 -222.771234 -222.771059 -222.770874 -222.770681 -222.770484 -222.770288 -222.770092 -222.769877 -222.769540 -222.768300 -222.769306 -222.769663 -222.769815 -222.770065 -222.770483 -222.771188 -222.772451 -222.774841 -222.779426 -222.788446 -222.806279 -222.798627 -222.801710 -222.811179 -222.826104 -222.847173 -222.875882 -222.914319 -222.965120 -223.031488 -223.117219 -223.226740 -223.365119 -223.538068 -223.751917 -224.013575 -224.330458 -224.710414 -225.161631 -225.692537 -226.311710 -227.027794 -227.849437 -228.785248 -229.843787 -231.033587 -232.363218 -233.841377 -235.477036 -237.279619 -239.259243 -241.427005 -243.795342 -246.378486 -249.193015 -252.258575 -255.598802 -259.242543 -263.225507 -267.592561 -272.400987 -277.725266 -283.664344 -290.353091 -297.981262 -306.826717 -317.317964 -330.163665 -346.658629 -369.567132 -406.729623 -9999.0 -9999.0
-9999.0 -9999.0 206.486714 109.877173 18.462322 -64.365740 -132.957255 -180.293623 -206.140299 -216.684551 -220.604862 -222.009750 -222.505658 -222.679445 -222.740068 -222.761134 -222.768424 -222.770931 -222.771783 -222.772062 -222.772141 -222.772147 -222.772123 -222.772081 -222.772027 -222.771959 -222.771877 -222.771781 -222.771668 -222.771539 -222.771394 -222.771234 -222.771059 -222.770874 -222.770681 -222.770484 -222.770288 -222.770092 -222.769877 -222.769540 -222.768300 -222.769306 -222.769663 -222.769815 -222.770065 -222.770483 -222.771188 -222.772451 -222.774841 -222.779426 -222.788446 -222.806279 -222.798627 -222.801710 -222.811179 -222.826104 -222.847173 -222.875882 -222.914319 -222.965120 -223.031488 -223.117219 -223.226740 -223.365119 -223.538068 -223.751917 -224.013575 -224.330458 -224.710414 -225.161631 -225.692537 -226.311710 -227.027794 -227.849437 -228.785248 -229.843787 -231.033587 -232.363218 -233.841377 -235.477036 -237.279619 -239.259243 -241.427005 -243.795342 -246.378486 -249.193015 -252.258575 -255.598802 -259.242543 -263.225507 -267.592561 -272.400987 -277.725266 -283.664344 -290.353091 -297.981262 -306.826717 -317.317964 -330.163665 -346.658629 -369.567132 -406.729623 -9999.0 -9999.0
-9999.0 -9999.0 206.486714 109.877173 18.462322 -64.365740 -132.957255 -180.293623 -206.140299 -216.684551 -220.604862 -222.009750 -222.505658 -222.679445 -222.740068 -222.761134 -222.768424 -222.770931 -222.771783 -222.772062 -222.772141 -222.772147 -222.772123 -222.772081 -222.772027 -222.771959 -222.771877 -222.771781 -222.771668 -222.771539 -222.771394 -222.771234 -222.771059 -222.770874 -222.770681 -222.770484 -222.770288 -222.770092 -222.769877 -222.769540 -222.768300 -222.769306 -222.769663 -222.769815 -222.770065 -222.770483 -222.771188 -222.772451 -222.774841 -222.779426 -222.788446 -222.806279 -222.798627 -222.801710 -222.811179 -222.826104 -222.847173 -222.875882 -222.914319 -222.965120 -223.031488 -223.117219 -223.226740 -223.365119 -223.538068 -223.751917 -224.013575 -224.330458 -224.710414 -225.161631 -225.692537 -226.311710 -227.027794 -227.849437 -228.785248 -229.843787 -231.033587 -232.363218 -233.841377 -235.477036 -237.279619 -239.259243 -241.427005 -243.795342 -246.378486 -249.193015 -252.258575 -255.598802 -259.242543 -263.225507 -267.592561 -272.400987 -277.725266 -283.664344 -290.353091 -297.981262 -306.826717 -317.317964 -330.163665 -346.658629 -369.567132 -406.729623 -9999.0 -9999.0
-9999.0 -9999.0 -9999.0 -9999.0 -9999.0 -9999.0 -9999.0 -9999.0 -9999.0 -9999.0 -9999.0 -9999.0 -9999.0 -9999.0 -9999.0 -9999.0 -9999.0 -9999.0 -9999.0 -9999.0 -9999.0 -9999.0 -9999.0 -9999.0 -9999.0 -9999.0 -9999.0 -9999.0 -9999.0 -9999.0 -9999.0 -9999.0 -9999.0 -9999.0 -9999.0 -9999.0 -9999.0 -9999.0 -9999.0 -9999.0 -9999.0 -9999.0 -9999.0 -9999.0 -9999.0 -9999.0 -9999.0 -9999.0 -9999.0 -9999.0 -9999.0 -9999.0 -9999.0 -9999.0 -9999.0 -9999.0 -9999.0 -9999.0 -9999.0 -9999.0 -9999.0 -9999.0 -9999.0 -9999.0 -9999.0 -9999.0 -9999.0 -9999.0 -9999.0 -9999.0 -9999.0 -9999.0 -9999.0 -9999.0 -9999.0 -9999.0 -9999.0 -9999.0 -9999.0 -9999.0 -9999.0 -9999.0 -9999.0 -9999.0 -9999.0 -9999.0 -9999.0 -9999.0 -9999.0 -9999.0 -9999.0 -9999.0 -9999.0 -9999.0 -9999.0 -9999.0 -9999.0 -9999.0 -9999.0 -9999.0 -9999.0 -9999.0 -9999.0 -9999.0
-9999.0 -9999.0 -9999.0 -9999.0 -9999.0 -9999.0 -9999.0 -9999.0 -9999.0 -9999.0 -9999.0 -9999.0 -9999.0 -9999.0 -9999.0 -9999.0 -9999.0 -9999.0 -9999.0 -9999.0 -9999.0 -9999.0 -9999.0 -9999.0 -9999.0 -9999.0 -9999.0 -9999.0 -9999.0 -9999.0 -9999.0 -9999.0 -9999.0 -9999.0 -9999.0 -9999.0 -9999.0 -9999.0 -9999.0 -9999.0 -9999.0 -9999.0 -9999.0 -9999.0 -9999.0 -9999.0 -9999.0 -9999.0 -9999.0 -9999.0 -9999.0 -9999.0 -9999.0 -9999.0 -9999.0 -9999.0 -9999.0 -9999.0 -9999.0 -9999.0 -9999.0 -9999.0 -9999.0 -9999.0 -9999.0 -9999.0 -9999.0 -9999.0 -9999.0 -9999.0 -9999.0 -9999.0 -9999.0 -9999.0 -9999.0 -9999.0 -9999.0 -9999.0 -9999.0 -9999.0 -9999.0 -9999.0 -9999.0 -9999.0 -9999.0 -9999.0 -9999.0 -9999.0 -9999.0 -9999.0 -9999.0 -9999.0 -9999.0 -9999.0 -9999.0 -9999.0 -9999.0 -9999.0 -9999.0 -9999.0 -9999.0 -9999.0 -9999.0 -9999.0