examples/3D/hillslope02_superslab/output-maps-SE27XX/psiliqL0058N0002.asc
ncols         104
nrows         10
xllcorner     -2.000000
yllcorner     0.000000
cellsize      1.000000
NODATA_value  -9999.0
-9999.0 -9999.0 -9999.0 -9999.0 -9999.0 -9999.0 -9999.0 -9999.0 -9999.0 -9999.0 -9999.0 -9999.0 -9999.0 -9999.0 -9999.0 -9999.0 -9999.0 -9999.0 -9999.0 -9999.0 -9999.0 -9999.0 -9999.0 -9999.0 -9999.0 -9999.0 -9999.0 -9999.0 -9999.0 -9999.0 -9999.0 -9999.0 -9999.0 -9999.0 -9999.0 -9999.0 -9999.0 -9999.0 -9999.0 -9999.0 -9999.0 -9999.0 -9999.0 -9999.0 -9999.0 -9999.0 -9999.0 -9999.0 -9999.0 -9999.0 -9999.0 -9999.0 -9999.0 -9999.0 -9999.0 -9999.0 -9999.0 -9999.0 -9999.0 -9999.0 -9999.0 -9999.0 -9999.0 -9999.0 -9999.0 -9999.0 -9999.0 -9999.0 -9999.0 -9999.0 -9999.0 -9999.0 -9999.0 -9999.0 -9999.0 -9999.0 -9999.0 -9999.0 -9999.0 -9999.0 -9999.0 -9999.0 -9999.0 -9999.0 -9999.0 -9999.0 -9999.0 -9999.0 -9999.0 -9999.0 -9999.0 -9999.0 -9999.0 -9999.0 -9999.0 -9999.0 -9999.0 -9999.0 -9999.0 -9999.0 -9999.0 -9999.0 -9999.0 -9999.0
-9999.0 -9999.0 -9999.0 -9999.0 -9999.0 -9999.0 -9999.0 -9999.0 -9999.0 -9999.0 -9999.0 -9999.0 -9999.0 -9999.0 -9999.0 -9999.0 -9999.0 -9999.0 -9999.0 -9999.0 -9999.0 -9999.0 -9999.0 -9999.0 -9999.0 -9999.0 -9999.0 -9999.0 -9999.0 -9999.0 -9999.0 -9999.0 -9999.0 -9999.0 -9999.0 -9999.0 -9999.0 -9999.0 -9999.0 -9999.0 -9999.0 -9999.0 -9999.0 -9999.0 -9999.0 -9999.0 -9999.0 -9999.0 -9999.0 -9999.0 -9999.0 -9999.0 -9999.0 -9999.0 -9999.0 -9999.0 -9999.0 -9999.0 -9999.0 -9999.0 -9999.0 -9999.0 -9999.0 -9999.0 -9999.0 -9999.0 -9999.0 -9999.0 -9999.0 -9999.0 -9999.0 -9999.0 -9999.0 -9999.0 -9999.0 -9999.0 -9999.0 -9999.0 -9999.0 -9999.0 -9999.0 -9999.0 -9999.0 -9999.0 -9999.0 -9999.0 -9999.0 -9999.0 -9999.0 -9999.0 -9999.0 -9999.0 -9999.0 -9999.0 -9999.0 -9999.0 -9999.0 -9999.0 -9999.0 -9999.0 -9999.0 -9999.0 -9999.0 -9999.0
-9999.0 -9999.0 -301.018445 -338.484587 -349.901503 -351.743831 -347.818475 -337.404422 -322.423793 -313.905156 -340.188052 -356.223042 -366.819577 -374.793309 -375.563574 -368.997444 -363.910083 -360.333039 -357.488357 -355.016202 -352.776886 -350.677053 -348.655780 -346.659068 -344.659679 -342.635357 -340.580765 -338.497543 -336.385168 -334.261257 -332.151786 -330.120957 -328.295732 -326.822425 -325.818846 -325.341333 -325.409152 -326.015227 -327.114225 -99.376416 92.062109 253.008919 370.839452 325.379804 144.689428 -35.478004 -207.710053 -394.961739 -665.228625 -1633.248233 -2102.461960 -2103.962437 -2103.960554 -2103.960400 -2103.960396 -2103.960396 -2103.960376 -2103.949702 -2099.016551 -1555.718675 -668.811501 -426.130185 -321.227108 -338.088775 -350.552211 -354.469121 -355.520272 -355.793316 -355.863961 -355.882258 -355.887009 -355.888252 -355.888586 -355.888685 -355.888723 -355.888745 -355.888763 -355.888779 -355.888796 -355.888813 -355.888830 -355.888847 -355.888864 -355.888882 -355.888900 -355.888919 -355.888938 -355.888958 -355.888982 -355.889018 -355.889100 -355.889355 -355.890256 -355.893565 -355.905787 -355.950560 -356.111257 -356.666815 -358.476668 -363.912983 -378.838482 -417.244686 -9999.0 -9999.0
-9999.0 -9999.0 -301.018446 -338.484587 -349.901504 -351.743832 -347.818476 -337.404423 -322.423793 -313.905156 -340.188051 -356.223042 -366.819577 -374.793309 -375.563574 -368.997444 -363.910083 -360.333039 -357.488357 -355.016202 -352.776886 -350.677053 -348.655780 -346.659068 -344.659679 -342.635357 -340.580765 -338.497543 -336.385168 -334.261257 -332.151786 -330.120957 -328.295732 -326.822425 -325.818846 -325.341333 -325.409152 -326.015227 -327.114225 -99.376416 92.062109 253.008920 370.839452 325.379804 144.689428 -35.478004 -207.710053 -394.961739 -665.228625 -1633.248233 -2102.461960 -2103.962437 -2103.960554 -2103.960400 -2103.960396 -2103.960396 -2103.960376 -2103.949702 -2099.016551 -1555.718674 -668.811500 -426.130184 -321.227108 -338.088776 -350.552212 -354.469122 -355.520274 -355.793318 -355.863963 -355.882260 -355.887011 -355.888254 -355.888589 -355.888687 -355.888725 -355.888747 -355.888765 -355.888782 -355.888798 -355.888815 -355.888832 -355.888849 -355.888867 -355.888884 -355.888902 -355.888921 -355.888940 -355.888960 -355.888984 -355.889020 -355.889102 -355.889357 -355.890258 -355.893567 -355.905789 -355.950562 -356.111259 -356.666818 -358.476672 -363.912988 -378.838486 -417.244687 -9999.0 -9999.0
-9999.0 -9999.0 -301.018447 -338.484588 -349.901505 -351.743833 -347.818476 -337.404423 -322.423793 -313.905155 -340.188051 -356.223041 -366.819577 -374.793309 -375.563574 -368.997444 -363.910083 -360.333039 -357.488357 -355.016202 -352.776886 -350.677053 -348.655780 -346.659068 -344.659679 -342.635357 -340.580766 -338.497543 -336.385168 -334.261257 -332.151786 -330.120957 -328.295732 -326.822425 -325.818846 -325.341333 -325.409152 -326.015227 -327.114225 -99.376416 92.062109 253.008920 370.839452 325.379804 144.689428 -35.478004 -207.710053 -394.961739 -665.228625 -1633.248233 -2102.461960 -2103.962437 -2103.960554 -2103.960400 -2103.960396 -2103.960396 -2103.960376 -2103.949702 -2099.016551 -1555.718673 -668.811500 -426.130184 -321.227108 -338.088776 -350.552213 -354.469124 -355.520276 -355.793320 -355.863965 -355.882263 -355.887014 -355.888257 -355.888591 -355.888690 -355.888727 -355.888749 -355.888767 -355.888784 -355.888801 -355.888817 -355.888834 -355.888851 -355.888869 -355.888887 -355.888905 -355.888923 -355.888942 -355.888962 -355.888986 -355.889022 -355.889104 -355.889359 -355.890260 -355.893570 -355.905791 -355.950564 -356.111261 -356.666820 -358.476675 -363.912993 -378.838492 -417.244688 -9999.0 -9999.0
-9999.0 -9999.0 -301.018447 -338.484588 -349.901505 -351.743833 -347.818476 -337.404423 -322.423793 -313.905155 -340.188051 -356.223041 -366.819577 -374.793309 -375.563574 -368.997444 -363.910083 -360.333039 -357.488357 -355.016202 -352.776886 -350.677053 -348.655780 -346.659068 -344.659679 -342.635357 -340.580766 -338.497543 -336.385168 -334.261257 -332.151786 -330.120957 -328.295732 -326.822425 -325.818846 -325.341333 -325.409152 -326.015227 -327.114225 -99.376416 92.062109 253.008920 370.839452 325.379804 144.689428 -35.478004 -207.710053 -394.961739 -665.228625 -1633.248233 -2102.461960 -2103.962437 -2103.960554 -2103.960400 -2103.960396 -2103.960396 -2103.960376 -2103.949702 -2099.016551 -1555.718673 -668.811500 -426.130184 -321.227108 -338.088776 -350.552213 -354.469124 -355.520276 -355.793320 -355.863965 -355.882263 -355.887014 -355.888257 -355.888591 -355.888690 -355.888727 -355.888749 -355.888767 -355.888784 -355.888801 -355.888817 -355.888834 -355.888851 -355.888869 -355.888887 -355.888905 -355.888923 -355.888942 -355.888962 -355.888986 -355.889022 -355.889104 -355.889359 -355.890260 -355.893570 -355.905791 -355.950564 -356.111261 -356.666820 -358.476675 -363.912993 -378.838492 -417.244688 -9999.0 -9999.0
-9999.0 -9999.0 -301.018446 -338.484587 -349.901504 -351.743832 -347.818476 -337.404423 -322.423793 -313.905156 -340.188051 -356.223042 -366.819577 -374.793309 -375.563574 -368.997444 -363.910083 -360.333039 -357.488357 -355.016202 -352.776886 -350.677053 -348.655780 -346.659068 -344.659679 -342.635357 -340.580765 -338.497543 -336.385168 -334.261257 -332.151786 -330.120957 -328.295732 -326.822425 -325.818846 -325.341333 -325.409152 -326.015227 -327.114225 -99.376416 92.062109 253.008920 370.839452 325.379804 144.689428 -35.478004 -207.710053 -394.961739 -665.228625 -1633.248233 -2102.461960 -2103.962437 -2103.960554 -2103.960400 -2103.960396 -2103.960396 -2103.960376 -2103.949702 -2099.016551 -1555.718674 -668.811500 -426.130184 -321.227108 -338.088776 -350.552212 -354.469122 -355.520274 -355.793318 -355.863963 -355.882260 -355.887011 -355.888254 -355.888589 -355.888687 -355.888725 -355.888747 -355.888765 -355.888782 -355.888798 -355.888815 -355.888832 -355.888849 -355.888867 -355.888884 -355.888902 -355.888921 -355.888940 -355.888960 -355.888984 -355.889020 -355.889102 -355.889357 -355.890258 -355.893567 -355.905789 -355.950562 -356.111259 -356.666818 -358.476672 -363.912988 -378.838486 -417.244687 -9999.0 -9999.0
-9999.0 -9999.0 -301.018445 -338.484587 -349.901503 -351.743831 -347.818475 -337.404422 -322.423793 -313.905156 -340.188052 -356.223042 -366.819577 -374.793309 -375.563574 -368.997444 -363.910083 -360.333039 -357.488357 -355.016202 -352.776886 -350.677053 -348.655780 -346.659068 -344.659679 -342.635357 -340.580765 -338.497543 -336.385168 -334.261257 -332.151786 -330.120957 -328.295732 -326.822425 -325.818846 -325.341333 -325.409152 -326.015227 -327.114225 -99.376416 92.062109 253.008919 370.839452 325.379804 144.689428 -35.478004 -207.710053 -394.961739 -665.228625 -1633.248233 -2102.461960 -2103.962437 -2103.960554 -2103.960400 -2103.960396 -2103.960396 -2103.960376 -2103.949702 -2099.016551 -1555.718675 -668.811501 -426.130185 -321.227108 -338.088775 -350.552211 -354.469121 -355.520272 -355.793316 -355.863961 -355.882258 -355.887009 -355.888252 -355.888586 -355.888685 -355.888723 -355.888745 -355.888763 -355.888779 -355.888796 -355.888813 -355.888830 -355.888847 -355.888864 -355.888882 -355.888900 -355.888919 -355.888938 -355.888958 -355.888982 -355.889018 -355.889100 -355.889355 -355.890256 -355.893565 -355.905787 -355.950560 -356.111257 -356.666815 -358.476668 -363.912983 -378.838482 -417.244686 -9999.0 -9999.0
-9999.0 -9999.0 -9999.0 -9999.0 -9999.0 -9999.0 -9999.0 -9999.0 -9999.0 -9999.0 -9999.0 -9999.0 -9999.0 -9999.0 -9999.0 -9999.0 -9999.0 -9999.0 -9999.0 -9999.0 -9999.0 -9999.0 -9999.0 -9999.0 -9999.0 -9999.0 -9999.0 -9999.0 -9999.0 -9999.0 -9999.0 -9999.0 -9999.0 -9999.0 -9999.0 -9999.0 -9999.0 -9999.0 -9999.0 -9999.0 -9999.0 -9999.0 -9999.0 -9999.0 -9999.0 -9999.0 -9999.0 -9999.0 -9999.0 -9999.0 -9999.0 -9999.0 -9999.0 -9999.0 -9999.0 -9999.0 -9999.0 -9999.0 -9999.0 -9999.0 -9999.0 -9999.0 -9999.0 -9999.0 -9999.0 -9999.0 -9999.0 -9999.0 -9999.0 -9999.0 -9999.0 -9999.0 -9999.0 -9999.0 -9999.0 -9999.0 -9999.0 -9999.0 -9999.0 -9999.0 -9999.0 -9999.0 -9999.0 -9999.0 -9999.0 -9999.0 -9999.0 -9999.0 -9999.0 -9999.0 -9999.0 -9999.0 -9999.0 -9999.0 -9999.0 -9999.0 -9999.0 -9999.0 -9999.0 -9999.0 -9999.0 -9999.0 -9999.0 -9999.0
-9999.0 -9999.0 -9999.0 -9999.0 -9999.0 -9999.0 -9999.0 -9999.0 -9999.0 -9999.0 -9999.0 -9999.0 -9999.0 -9999.0 -9999.0 -9999.0 -9999.0 -9999.0 -9999.0 -9999.0 -9999.0 -9999.0 -9999.0 -9999.0 -9999.0 -9999.0 -9999.0 -9999.0 -9999.0 -9999.0 -9999.0 -9999.0 -9999.0 -9999.0 -9999.0 -9999.0 -9999.0 -9999.0 -9999.0 -9999.0 -9999.0 -9999.0 -9999.0 -9999.0 -9999.0 -9999.0 -9999.0 -9999.0 -9999.0 -9999.0 -9999.0 -9999.0 -9999.0 -9999.0 -9999.0 -9999.0 -9999.0 -9999.0 -9999.0 -9999.0 -9999.0 -9999.0 -9999.0 -9999.0 -9999.0 -9999.0 -9999.0 -9999.0 -9999.0 -9999.0 -9999.0 -9999.0 -9999.0 -9999.0 -9999.0 -9999.0 -9999.0 -9999.0 -9999.0 -9999.0 -9999.0 -9999.0 -9999.0 -9999.0 -9999.0 -9999.0 -9999.0 -9999.0 -9999.0 -9999.0 -9999.0 -9999.0 -9999.0 -9999.0 -9999.0 -9999.0 -9999.0 -9999.0 -9999.0 -9999.0 -9999.0 -9999.0 -9999.0 -9999.0