examples/3D/hillslope02_superslab/output-maps-SE27XX/psiliqL0081N0002.asc
ncols         104
nrows         10
xllcorner     -2.000000
yllcorner     0.000000
cellsize      1.000000
NODATA_value  -9999.0
-9999.0 -9999.0 -9999.0 -9999.0 -9999.0 -9999.0 -9999.0 -9999.0 -9999.0 -9999.0 -9999.0 -9999.0 -9999.0 -9999.0 -9999.0 -9999.0 -9999.0 -9999.0 -9999.0 -9999.0 -9999.0 -9999.0 -9999.0 -9999.0 -9999.0 -9999.0 -9999.0 -9999.0 -9999.0 -9999.0 -9999.0 -9999.0 -9999.0 -9999.0 -9999.0 -9999.0 -9999.0 -9999.0 -9999.0 -9999.0 -9999.0 -9999.0 -9999.0 -9999.0 -9999.0 -9999.0 -9999.0 -9999.0 -9999.0 -9999.0 -9999.0 -9999.0 -9999.0 -9999.0 -9999.0 -9999.0 -9999.0 -9999.0 -9999.0 -9999.0 -9999.0 -9999.0 -9999.0 -9999.0 -9999.0 -9999.0 -9999.0 -9999.0 -9999.0 -9999.0 -9999.0 -9999.0 -9999.0 -9999.0 -9999.0 -9999.0 -9999.0 -9999.0 -9999.0 -9999.0 -9999.0 -9999.0 -9999.0 -9999.0 -9999.0 -9999.0 -9999.0 -9999.0 -9999.0 -9999.0 -9999.0 -9999.0 -9999.0 -9999.0 -9999.0 -9999.0 -9999.0 -9999.0 -9999.0 -9999.0 -9999.0 -9999.0 -9999.0 -9999.0
-9999.0 -9999.0 -9999.0 -9999.0 -9999.0 -9999.0 -9999.0 -9999.0 -9999.0 -9999.0 -9999.0 -9999.0 -9999.0 -9999.0 -9999.0 -9999.0 -9999.0 -9999.0 -9999.0 -9999.0 -9999.0 -9999.0 -9999.0 -9999.0 -9999.0 -9999.0 -9999.0 -9999.0 -9999.0 -9999.0 -9999.0 -9999.0 -9999.0 -9999.0 -9999.0 -9999.0 -9999.0 -9999.0 -9999.0 -9999.0 -9999.0 -9999.0 -9999.0 -9999.0 -9999.0 -9999.0 -9999.0 -9999.0 -9999.0 -9999.0 -9999.0 -9999.0 -9999.0 -9999.0 -9999.0 -9999.0 -9999.0 -9999.0 -9999.0 -9999.0 -9999.0 -9999.0 -9999.0 -9999.0 -9999.0 -9999.0 -9999.0 -9999.0 -9999.0 -9999.0 -9999.0 -9999.0 -9999.0 -9999.0 -9999.0 -9999.0 -9999.0 -9999.0 -9999.0 -9999.0 -9999.0 -9999.0 -9999.0 -9999.0 -9999.0 -9999.0 -9999.0 -9999.0 -9999.0 -9999.0 -9999.0 -9999.0 -9999.0 -9999.0 -9999.0 -9999.0 -9999.0 -9999.0 -9999.0 -9999.0 -9999.0 -9999.0 -9999.0 -9999.0
-9999.0 -9999.0 664.340391 563.045801 462.304699 362.819024 265.009776 169.064590 74.753730 -18.938595 -112.767859 -200.534029 -272.456081 -328.091370 -382.031169 -369.202891 -348.427943 -331.095659 -312.983311 -292.279692 -269.045565 -244.222515 -219.485171 -195.920331 -174.699467 -156.157536 -141.323037 -129.875731 -122.060769 -118.043136 -117.888942 -121.630641 -129.307036 -140.993340 -155.982473 -174.346927 -195.228489 -217.926969 -240.937249 -263.155038 -283.611451 -301.929229 -318.210878 -332.287683 -344.591777 -355.806376 -366.898744 -380.355025 -417.665351 -869.151779 -958.490861 -962.758895 -945.034810 -936.525581 -924.625557 -907.877841 -884.671957 -853.268698 -811.903952 -745.097687 -560.637738 -389.574465 -318.463679 -321.918848 -328.814825 -330.716458 -330.868132 -330.797497 -330.896099 -331.209289 -331.700635 -332.325155 -333.043939 -333.829775 -334.663996 -335.534196 -336.432156 -337.352295 -338.291085 -339.248051 -340.227335 -341.230081 -342.255820 -343.298920 -344.349938 -345.406894 -346.469899 -347.527119 -348.558007 -349.560552 -350.521594 -351.420143 -352.255004 -353.008753 -353.690884 -354.332632 -355.057251 -356.269191 -359.160703 -367.343424 -398.150092 -635.578267 -9999.0 -9999.0
-9999.0 -9999.0 664.340389 563.045798 462.304698 362.819022 265.009775 169.064588 74.753729 -18.938596 -112.767859 -200.534029 -272.456081 -328.091370 -382.031170 -369.202892 -348.427944 -331.095659 -312.983311 -292.279692 -269.045565 -244.222515 -219.485171 -195.920331 -174.699467 -156.157536 -141.323037 -129.875731 -122.060769 -118.043136 -117.888942 -121.630641 -129.307036 -140.993340 -155.982473 -174.346927 -195.228489 -217.926969 -240.937249 -263.155038 -283.611451 -301.929229 -318.210878 -332.287683 -344.591777 -355.806376 -366.898744 -380.355025 -417.665351 -869.151779 -958.490861 -962.758895 -945.034810 -936.525581 -924.625557 -907.877841 -884.671957 -853.268698 -811.903952 -745.097687 -560.637738 -389.574464 -318.463679 -321.918848 -328.814825 -330.716459 -330.868133 -330.797498 -330.896100 -331.209289 -331.700636 -332.325155 -333.043940 -333.829776 -334.663997 -335.534197 -336.432157 -337.352296 -338.291086 -339.248051 -340.227335 -341.230081 -342.255821 -343.298921 -344.349939 -345.406895 -346.469900 -347.527120 -348.558008 -349.560553 -350.521595 -351.420144 -352.255005 -353.008754 -353.690885 -354.332633 -355.057252 -356.269192 -359.160705 -367.343426 -398.150094 -635.578274 -9999.0 -9999.0
-9999.0 -9999.0 664.340388 563.045797 462.304696 362.819021 265.009774 169.064588 74.753729 -18.938596 -112.767859 -200.534029 -272.456081 -328.091370 -382.031171 -369.202893 -348.427944 -331.095659 -312.983311 -292.279692 -269.045565 -244.222515 -219.485171 -195.920331 -174.699467 -156.157536 -141.323037 -129.875731 -122.060769 -118.043136 -117.888942 -121.630641 -129.307036 -140.993340 -155.982473 -174.346927 -195.228489 -217.926969 -240.937249 -263.155038 -283.611451 -301.929229 -318.210878 -332.287683 -344.591777 -355.806376 -366.898744 -380.355025 -417.665351 -869.151779 -958.490861 -962.758895 -945.034810 -936.525581 -924.625557 -907.877841 -884.671957 -853.268698 -811.903952 -745.097687 -560.637738 -389.574464 -318.463679 -321.918849 -328.814826 -330.716459 -330.868133 -330.797499 -330.896100 -331.209290 -331.700636 -332.325156 -333.043940 -333.829776 -334.663997 -335.534198 -336.432158 -337.352297 -338.291087 -339.248052 -340.227336 -341.230082 -342.255822 -343.298921 -344.349939 -345.406895 -346.469901 -347.527120 -348.558009 -349.560554 -350.521596 -351.420145 -352.255005 -353.008755 -353.690886 -354.332633 -355.057252 -356.269192 -359.160705 -367.343426 -398.150094 -635.578274 -9999.0 -9999.0
-9999.0 -9999.0 664.340388 563.045797 462.304696 362.819021 265.009774 169.064588 74.753729 -18.938596 -112.767859 -200.534029 -272.456081 -328.091370 -382.031171 -369.202893 -348.427944 -331.095659 -312.983311 -292.279692 -269.045565 -244.222515 -219.485171 -195.920331 -174.699467 -156.157536 -141.323037 -129.875731 -122.060769 -118.043136 -117.888942 -121.630641 -129.307036 -140.993340 -155.982473 -174.346927 -195.228489 -217.926969 -240.937249 -263.155038 -283.611451 -301.929229 -318.210878 -332.287683 -344.591777 -355.806376 -366.898744 -380.355025 -417.665351 -869.151779 -958.490861 -962.758895 -945.034810 -936.525581 -924.625557 -907.877841 -884.671957 -853.268698 -811.903952 -745.097687 -560.637738 -389.574464 -318.463679 -321.918849 -328.814826 -330.716459 -330.868133 -330.797499 -330.896100 -331.209290 -331.700636 -332.325156 -333.043940 -333.829776 -334.663997 -335.534198 -336.432158 -337.352297 -338.291087 -339.248052 -340.227336 -341.230082 -342.255822 -343.298921 -344.349939 -345.406895 -346.469901 -347.527120 -348.558009 -349.560554 -350.521596 -351.420145 -352.255005 -353.008755 -353.690886 -354.332633 -355.057252 -356.269192 -359.160705 -367.343426 -398.150094 -635.578274 -9999.0 -9999.0
-9999.0 -9999.0 664.340389 563.045798 462.304698 362.819022 265.009775 169.064588 74.753729 -18.938596 -112.767859 -200.534029 -272.456081 -328.091370 -382.031170 -369.202892 -348.427944 -331.095659 -312.983311 -292.279692 -269.045565 -244.222515 -219.485171 -195.920331 -174.699467 -156.157536 -141.323037 -129.875731 -122.060769 -118.043136 -117.888942 -121.630641 -129.307036 -140.993340 -155.982473 -174.346927 -195.228489 -217.926969 -240.937249 -263.155038 -283.611451 -301.929229 -318.210878 -332.287683 -344.591777 -355.806376 -366.898744 -380.355025 -417.665351 -869.151779 -958.490861 -962.758895 -945.034810 -936.525581 -924.625557 -907.877841 -884.671957 -853.268698 -811.903952 -745.097687 -560.637738 -389.574464 -318.463679 -321.918848 -328.814825 -330.716459 -330.868133 -330.797498 -330.896100 -331.209289 -331.700636 -332.325155 -333.043940 -333.829776 -334.663997 -335.534197 -336.432157 -337.352296 -338.291086 -339.248051 -340.227335 -341.230081 -342.255821 -343.298921 -344.349939 -345.406895 -346.469900 -347.527120 -348.558008 -349.560553 -350.521595 -351.420144 -352.255005 -353.008754 -353.690885 -354.332633 -355.057252 -356.269192 -359.160705 -367.343426 -398.150094 -635.578274 -9999.0 -9999.0
-9999.0 -9999.0 664.340391 563.045801 462.304699 362.819024 265.009776 169.064590 74.753730 -18.938595 -112.767859 -200.534029 -272.456081 -328.091370 -382.031169 -369.202891 -348.427943 -331.095659 -312.983311 -292.279692 -269.045565 -244.222515 -219.485171 -195.920331 -174.699467 -156.157536 -141.323037 -129.875731 -122.060769 -118.043136 -117.888942 -121.630641 -129.307036 -140.993340 -155.982473 -174.346927 -195.228489 -217.926969 -240.937249 -263.155038 -283.611451 -301.929229 -318.210878 -332.287683 -344.591777 -355.806376 -366.898744 -380.355025 -417.665351 -869.151779 -958.490861 -962.758895 -945.034810 -936.525581 -924.625557 -907.877841 -884.671957 -853.268698 -811.903952 -745.097687 -560.637738 -389.574465 -318.463679 -321.918848 -328.814825 -330.716458 -330.868132 -330.797497 -330.896099 -331.209289 -331.700635 -332.325155 -333.043939 -333.829775 -334.663996 -335.534196 -336.432156 -337.352295 -338.291085 -339.248051 -340.227335 -341.230081 -342.255820 -343.298920 -344.349938 -345.406894 -346.469899 -347.527119 -348.558007 -349.560552 -350.521594 -351.420143 -352.255004 -353.008753 -353.690884 -354.332632 -355.057251 -356.269191 -359.160703 -367.343424 -398.150092 -635.578267 -9999.0 -9999.0
-9999.0 -9999.0 -9999.0 -9999.0 -9999.0 -9999.0 -9999.0 -9999.0 -9999.0 -9999.0 -9999.0 -9999.0 -9999.0 -9999.0 -9999.0 -9999.0 -9999.0 -9999.0 -9999.0 -9999.0 -9999.0 -9999.0 -9999.0 -9999.0 -9999.0 -9999.0 -9999.0 -9999.0 -9999.0 -9999.0 -9999.0 -9999.0 -9999.0 -9999.0 -9999.0 -9999.0 -9999.0 -9999.0 -9999.0 -9999.0 -9999.0 -9999.0 -9999.0 -9999.0 -9999.0 -9999.0 -9999.0 -9999.0 -9999.0 -9999.0 -9999.0 -9999.0 -9999.0 -9999.0 -9999.0 -9999.0 -9999.0 -9999.0 -9999.0 -9999.0 -9999.0 -9999.0 -9999.0 -9999.0 -9999.0 -9999.0 -9999.0 -9999.0 -9999.0 -9999.0 -9999.0 -9999.0 -9999.0 -9999.0 -9999.0 -9999.0 -9999.0 -9999.0 -9999.0 -9999.0 -9999.0 -9999.0 -9999.0 -9999.0 -9999.0 -9999.0 -9999.0 -9999.0 -9999.0 -9999.0 -9999.0 -9999.0 -9999.0 -9999.0 -9999.0 -9999.0 -9999.0 -9999.0 -9999.0 -9999.0 -9999.0 -9999.0 -9999.0 -9999.0
-9999.0 -9999.0 -9999.0 -9999.0 -9999.0 -9999.0 -9999.0 -9999.0 -9999.0 -9999.0 -9999.0 -9999.0 -9999.0 -9999.0 -9999.0 -9999.0 -9999.0 -9999.0 -9999.0 -9999.0 -9999.0 -9999.0 -9999.0 -9999.0 -9999.0 -9999.0 -9999.0 -9999.0 -9999.0 -9999.0 -9999.0 -9999.0 -9999.0 -9999.0 -9999.0 -9999.0 -9999.0 -9999.0 -9999.0 -9999.0 -9999.0 -9999.0 -9999.0 -9999.0 -9999.0 -9999.0 -9999.0 -9999.0 -9999.0 -9999.0 -9999.0 -9999.0 -9999.0 -9999.0 -9999.0 -9999.0 -9999.0 -9999.0 -9999.0 -9999.0 -9999.0 -9999.0 -9999.0 -9999.0 -9999.0 -9999.0 -9999.0 -9999.0 -9999.0 -9999.0 -9999.0 -9999.0 -9999.0 -9999.0 -9999.0 -9999.0 -9999.0 -9999.0 -9999.0 -9999.0 -9999.0 -9999.0 -9999.0 -9999.0 -9999.0 -9999.0 -9999.0 -9999.0 -9999.0 -9999.0 -9999.0 -9999.0 -9999.0 -9999.0 -9999.0 -9999.0 -9999.0 -9999.0 -9999.0 -9999.0 -9999.0 -9999.0 -9999.0 -9999.0