examples/3D/hillslope02_superslab/output-maps-SE27XX/psiliqL0051N0001.asc
ncols         104
nrows         10
xllcorner     -2.000000
yllcorner     0.000000
cellsize      1.000000
NODATA_value  -9999.0
-9999.0 -9999.0 -9999.0 -9999.0 -9999.0 -9999.0 -9999.0 -9999.0 -9999.0 -9999.0 -9999.0 -9999.0 -9999.0 -9999.0 -9999.0 -9999.0 -9999.0 -9999.0 -9999.0 -9999.0 -9999.0 -9999.0 -9999.0 -9999.0 -9999.0 -9999.0 -9999.0 -9999.0 -9999.0 -9999.0 -9999.0 -9999.0 -9999.0 -9999.0 -9999.0 -9999.0 -9999.0 -9999.0 -9999.0 -9999.0 -9999.0 -9999.0 -9999.0 -9999.0 -9999.0 -9999.0 -9999.0 -9999.0 -9999.0 -9999.0 -9999.0 -9999.0 -9999.0 -9999.0 -9999.0 -9999.0 -9999.0 -9999.0 -9999.0 -9999.0 -9999.0 -9999.0 -9999.0 -9999.0 -9999.0 -9999.0 -9999.0 -9999.0 -9999.0 -9999.0 -9999.0 -9999.0 -9999.0 -9999.0 -9999.0 -9999.0 -9999.0 -9999.0 -9999.0 -9999.0 -9999.0 -9999.0 -9999.0 -9999.0 -9999.0 -9999.0 -9999.0 -9999.0 -9999.0 -9999.0 -9999.0 -9999.0 -9999.0 -9999.0 -9999.0 -9999.0 -9999.0 -9999.0 -9999.0 -9999.0 -9999.0 -9999.0 -9999.0 -9999.0
-9999.0 -9999.0 -9999.0 -9999.0 -9999.0 -9999.0 -9999.0 -9999.0 -9999.0 -9999.0 -9999.0 -9999.0 -9999.0 -9999.0 -9999.0 -9999.0 -9999.0 -9999.0 -9999.0 -9999.0 -9999.0 -9999.0 -9999.0 -9999.0 -9999.0 -9999.0 -9999.0 -9999.0 -9999.0 -9999.0 -9999.0 -9999.0 -9999.0 -9999.0 -9999.0 -9999.0 -9999.0 -9999.0 -9999.0 -9999.0 -9999.0 -9999.0 -9999.0 -9999.0 -9999.0 -9999.0 -9999.0 -9999.0 -9999.0 -9999.0 -9999.0 -9999.0 -9999.0 -9999.0 -9999.0 -9999.0 -9999.0 -9999.0 -9999.0 -9999.0 -9999.0 -9999.0 -9999.0 -9999.0 -9999.0 -9999.0 -9999.0 -9999.0 -9999.0 -9999.0 -9999.0 -9999.0 -9999.0 -9999.0 -9999.0 -9999.0 -9999.0 -9999.0 -9999.0 -9999.0 -9999.0 -9999.0 -9999.0 -9999.0 -9999.0 -9999.0 -9999.0 -9999.0 -9999.0 -9999.0 -9999.0 -9999.0 -9999.0 -9999.0 -9999.0 -9999.0 -9999.0 -9999.0 -9999.0 -9999.0 -9999.0 -9999.0 -9999.0 -9999.0
-9999.0 -9999.0 -316.459546 -367.180065 -469.314738 -597.890138 -595.848347 -500.068237 -410.131665 -409.989388 -1436.378864 -2449.578624 -2450.494934 -2450.495049 -2450.495050 -2450.495050 -2450.495050 -2450.495050 -2450.495050 -2450.495050 -2450.495050 -2450.495050 -2450.495050 -2450.495050 -2450.495050 -2450.495050 -2450.495050 -2450.495050 -2450.495045 -2450.461286 -2270.166963 -546.377102 -374.437654 -349.394119 -342.967832 -235.712264 -50.448065 124.837888 289.002045 433.725927 289.369984 118.591686 -84.115029 -285.891355 -661.154745 -2305.028117 -2450.454045 -2450.495040 -2450.495050 -2450.495050 -2450.495050 -2450.495050 -2450.495050 -2450.495050 -2450.495050 -2450.495050 -2450.495050 -2450.495049 -2450.494961 -2450.235865 -2094.180242 -598.840071 -327.646902 -346.256327 -398.187767 -533.985856 -627.866780 -650.389879 -657.134569 -659.357536 -660.147042 -660.453821 -660.585291 -660.647240 -660.678980 -660.696415 -660.706566 -660.712803 -660.716886 -660.719822 -660.722255 -660.724682 -660.727569 -660.731470 -660.737139 -660.745707 -660.758952 -660.779781 -660.813136 -660.867824 -660.960589 -661.126077 -661.443632 -662.115643 -663.711864 -667.969397 -680.568222 -722.600329 -911.675556 -2340.637294 -2450.480431 -2451.309287 -9999.0 -9999.0
-9999.0 -9999.0 -316.459546 -367.180065 -469.314741 -597.890144 -595.848352 -500.068238 -410.131665 -409.989389 -1436.378879 -2449.578624 -2450.494934 -2450.495049 -2450.495050 -2450.495050 -2450.495050 -2450.495050 -2450.495050 -2450.495050 -2450.495050 -2450.495050 -2450.495050 -2450.495050 -2450.495050 -2450.495050 -2450.495050 -2450.495050 -2450.495045 -2450.461286 -2270.166966 -546.377104 -374.437655 -349.394119 -342.967832 -235.712264 -50.448065 124.837888 289.002045 433.725927 289.369984 118.591686 -84.115029 -285.891355 -661.154745 -2305.028117 -2450.454045 -2450.495040 -2450.495050 -2450.495050 -2450.495050 -2450.495050 -2450.495050 -2450.495050 -2450.495050 -2450.495050 -2450.495050 -2450.495049 -2450.494961 -2450.235865 -2094.180243 -598.840071 -327.646902 -346.256327 -398.187768 -533.985859 -627.866788 -650.389889 -657.134578 -659.357545 -660.147052 -660.453831 -660.585300 -660.647250 -660.678990 -660.696425 -660.706576 -660.712813 -660.716897 -660.719832 -660.722266 -660.724692 -660.727579 -660.731480 -660.737149 -660.745717 -660.758962 -660.779792 -660.813147 -660.867835 -660.960600 -661.126089 -661.443643 -662.115654 -663.711874 -667.969407 -680.568230 -722.600341 -911.675589 -2340.637338 -2450.480431 -2451.309287 -9999.0 -9999.0
-9999.0 -9999.0 -316.459546 -367.180065 -469.314743 -597.890151 -595.848358 -500.068240 -410.131666 -409.989390 -1436.378904 -2449.578624 -2450.494934 -2450.495049 -2450.495050 -2450.495050 -2450.495050 -2450.495050 -2450.495050 -2450.495050 -2450.495050 -2450.495050 -2450.495050 -2450.495050 -2450.495050 -2450.495050 -2450.495050 -2450.495050 -2450.495045 -2450.461286 -2270.166969 -546.377105 -374.437655 -349.394119 -342.967832 -235.712264 -50.448065 124.837888 289.002045 433.725927 289.369984 118.591686 -84.115029 -285.891355 -661.154745 -2305.028117 -2450.454045 -2450.495040 -2450.495050 -2450.495050 -2450.495050 -2450.495050 -2450.495050 -2450.495050 -2450.495050 -2450.495050 -2450.495050 -2450.495049 -2450.494961 -2450.235865 -2094.180244 -598.840071 -327.646902 -346.256327 -398.187768 -533.985863 -627.866797 -650.389899 -657.134588 -659.357555 -660.147061 -660.453840 -660.585310 -660.647259 -660.678999 -660.696435 -660.706586 -660.712823 -660.716907 -660.719842 -660.722276 -660.724702 -660.727590 -660.731490 -660.737160 -660.745728 -660.758972 -660.779802 -660.813157 -660.867845 -660.960611 -661.126099 -661.443654 -662.115665 -663.711885 -667.969417 -680.568239 -722.600351 -911.675620 -2340.637383 -2450.480431 -2451.309287 -9999.0 -9999.0
-9999.0 -9999.0 -316.459546 -367.180065 -469.314743 -597.890151 -595.848358 -500.068240 -410.131666 -409.989390 -1436.378904 -2449.578624 -2450.494934 -2450.495049 -2450.495050 -2450.495050 -2450.495050 -2450.495050 -2450.495050 -2450.495050 -2450.495050 -2450.495050 -2450.495050 -2450.495050 -2450.495050 -2450.495050 -2450.495050 -2450.495050 -2450.495045 -2450.461286 -2270.166969 -546.377105 -374.437655 -349.394119 -342.967832 -235.712264 -50.448065 124.837888 289.002045 433.725927 289.369984 118.591686 -84.115029 -285.891355 -661.154745 -2305.028117 -2450.454045 -2450.495040 -2450.495050 -2450.495050 -2450.495050 -2450.495050 -2450.495050 -2450.495050 -2450.495050 -2450.495050 -2450.495050 -2450.495049 -2450.494961 -2450.235865 -2094.180244 -598.840071 -327.646902 -346.256327 -398.187768 -533.985863 -627.866797 -650.389899 -657.134588 -659.357555 -660.147061 -660.453840 -660.585310 -660.647259 -660.678999 -660.696435 -660.706586 -660.712823 -660.716907 -660.719842 -660.722276 -660.724702 -660.727590 -660.731490 -660.737160 -660.745728 -660.758972 -660.779802 -660.813157 -660.867845 -660.960611 -661.126099 -661.443654 -662.115665 -663.711885 -667.969417 -680.568239 -722.600351 -911.675620 -2340.637383 -2450.480431 -2451.309287 -9999.0 -9999.0
-9999.0 -9999.0 -316.459546 -367.180065 -469.314741 -597.890144 -595.848352 -500.068238 -410.131665 -409.989389 -1436.378879 -2449.578624 -2450.494934 -2450.495049 -2450.495050 -2450.495050 -2450.495050 -2450.495050 -2450.495050 -2450.495050 -2450.495050 -2450.495050 -2450.495050 -2450.495050 -2450.495050 -2450.495050 -2450.495050 -2450.495050 -2450.495045 -2450.461286 -2270.166966 -546.377104 -374.437655 -349.394119 -342.967832 -235.712264 -50.448065 124.837888 289.002045 433.725927 289.369984 118.591686 -84.115029 -285.891355 -661.154745 -2305.028117 -2450.454045 -2450.495040 -2450.495050 -2450.495050 -2450.495050 -2450.495050 -2450.495050 -2450.495050 -2450.495050 -2450.495050 -2450.495050 -2450.495049 -2450.494961 -2450.235865 -2094.180243 -598.840071 -327.646902 -346.256327 -398.187768 -533.985859 -627.866788 -650.389889 -657.134578 -659.357545 -660.147052 -660.453831 -660.585300 -660.647250 -660.678990 -660.696425 -660.706576 -660.712813 -660.716897 -660.719832 -660.722266 -660.724692 -660.727579 -660.731480 -660.737149 -660.745717 -660.758962 -660.779792 -660.813147 -660.867835 -660.960600 -661.126089 -661.443643 -662.115654 -663.711874 -667.969407 -680.568230 -722.600341 -911.675589 -2340.637338 -2450.480431 -2451.309287 -9999.0 -9999.0
-9999.0 -9999.0 -316.459546 -367.180065 -469.314738 -597.890138 -595.848347 -500.068237 -410.131665 -409.989388 -1436.378864 -2449.578624 -2450.494934 -2450.495049 -2450.495050 -2450.495050 -2450.495050 -2450.495050 -2450.495050 -2450.495050 -2450.495050 -2450.495050 -2450.495050 -2450.495050 -2450.495050 -2450.495050 -2450.495050 -2450.495050 -2450.495045 -2450.461286 -2270.166963 -546.377102 -374.437654 -349.394119 -342.967832 -235.712264 -50.448065 124.837888 289.002045 433.725927 289.369984 118.591686 -84.115029 -285.891355 -661.154745 -2305.028117 -2450.454045 -2450.495040 -2450.495050 -2450.495050 -2450.495050 -2450.495050 -2450.495050 -2450.495050 -2450.495050 -2450.495050 -2450.495050 -2450.495049 -2450.494961 -2450.235865 -2094.180242 -598.840071 -327.646902 -346.256327 -398.187767 -533.985856 -627.866780 -650.389879 -657.134569 -659.357536 -660.147042 -660.453821 -660.585291 -660.647240 -660.678980 -660.696415 -660.706566 -660.712803 -660.716886 -660.719822 -660.722255 -660.724682 -660.727569 -660.731470 -660.737139 -660.745707 -660.758952 -660.779781 -660.813136 -660.867824 -660.960589 -661.126077 -661.443632 -662.115643 -663.711864 -667.969397 -680.568222 -722.600329 -911.675556 -2340.637294 -2450.480431 -2451.309287 -9999.0 -9999.0
-9999.0 -9999.0 -9999.0 -9999.0 -9999.0 -9999.0 -9999.0 -9999.0 -9999.0 -9999.0 -9999.0 -9999.0 -9999.0 -9999.0 -9999.0 -9999.0 -9999.0 -9999.0 -9999.0 -9999.0 -9999.0 -9999.0 -9999.0 -9999.0 -9999.0 -9999.0 -9999.0 -9999.0 -9999.0 -9999.0 -9999.0 -9999.0 -9999.0 -9999.0 -9999.0 -9999.0 -9999.0 -9999.0 -9999.0 -9999.0 -9999.0 -9999.0 -9999.0 -9999.0 -9999.0 -9999.0 -9999.0 -9999.0 -9999.0 -9999.0 -9999.0 -9999.0 -9999.0 -9999.0 -9999.0 -9999.0 -9999.0 -9999.0 -9999.0 -9999.0 -9999.0 -9999.0 -9999.0 -9999.0 -9999.0 -9999.0 -9999.0 -9999.0 -9999.0 -9999.0 -9999.0 -9999.0 -9999.0 -9999.0 -9999.0 -9999.0 -9999.0 -9999.0 -9999.0 -9999.0 -9999.0 -9999.0 -9999.0 -9999.0 -9999.0 -9999.0 -9999.0 -9999.0 -9999.0 -9999.0 -9999.0 -9999.0 -9999.0 -9999.0 -9999.0 -9999.0 -9999.0 -9999.0 -9999.0 -9999.0 -9999.0 -9999.0 -9999.0 -9999.0
-9999.0 -9999.0 -9999.0 -9999.0 -9999.0 -9999.0 -9999.0 -9999.0 -9999.0 -9999.0 -9999.0 -9999.0 -9999.0 -9999.0 -9999.0 -9999.0 -9999.0 -9999.0 -9999.0 -9999.0 -9999.0 -9999.0 -9999.0 -9999.0 -9999.0 -9999.0 -9999.0 -9999.0 -9999.0 -9999.0 -9999.0 -9999.0 -9999.0 -9999.0 -9999.0 -9999.0 -9999.0 -9999.0 -9999.0 -9999.0 -9999.0 -9999.0 -9999.0 -9999.0 -9999.0 -9999.0 -9999.0 -9999.0 -9999.0 -9999.0 -9999.0 -9999.0 -9999.0 -9999.0 -9999.0 -9999.0 -9999.0 -9999.0 -9999.0 -9999.0 -9999.0 -9999.0 -9999.0 -9999.0 -9999.0 -9999.0 -9999.0 -9999.0 -9999.0 -9999.0 -9999.0 -9999.0 -9999.0 -9999.0 -9999.0 -9999.0 -9999.0 -9999.0 -9999.0 -9999.0 -9999.0 -9999.0 -9999.0 -9999.0 -9999.0 -9999.0 -9999.0 -9999.0 -9999.0 -9999.0 -9999.0 -9999.0 -9999.0 -9999.0 -9999.0 -9999.0 -9999.0 -9999.0 -9999.0 -9999.0 -9999.0 -9999.0 -9999.0 -9999.0