examples/3D/hillslope02_superslab/output-maps-SE27XX/psiliqL0056N0003.asc
ncols         104
nrows         10
xllcorner     -2.000000
yllcorner     0.000000
cellsize      1.000000
NODATA_value  -9999.0
-9999.0 -9999.0 -9999.0 -9999.0 -9999.0 -9999.0 -9999.0 -9999.0 -9999.0 -9999.0 -9999.0 -9999.0 -9999.0 -9999.0 -9999.0 -9999.0 -9999.0 -9999.0 -9999.0 -9999.0 -9999.0 -9999.0 -9999.0 -9999.0 -9999.0 -9999.0 -9999.0 -9999.0 -9999.0 -9999.0 -9999.0 -9999.0 -9999.0 -9999.0 -9999.0 -9999.0 -9999.0 -9999.0 -9999.0 -9999.0 -9999.0 -9999.0 -9999.0 -9999.0 -9999.0 -9999.0 -9999.0 -9999.0 -9999.0 -9999.0 -9999.0 -9999.0 -9999.0 -9999.0 -9999.0 -9999.0 -9999.0 -9999.0 -9999.0 -9999.0 -9999.0 -9999.0 -9999.0 -9999.0 -9999.0 -9999.0 -9999.0 -9999.0 -9999.0 -9999.0 -9999.0 -9999.0 -9999.0 -9999.0 -9999.0 -9999.0 -9999.0 -9999.0 -9999.0 -9999.0 -9999.0 -9999.0 -9999.0 -9999.0 -9999.0 -9999.0 -9999.0 -9999.0 -9999.0 -9999.0 -9999.0 -9999.0 -9999.0 -9999.0 -9999.0 -9999.0 -9999.0 -9999.0 -9999.0 -9999.0 -9999.0 -9999.0 -9999.0 -9999.0
-9999.0 -9999.0 -9999.0 -9999.0 -9999.0 -9999.0 -9999.0 -9999.0 -9999.0 -9999.0 -9999.0 -9999.0 -9999.0 -9999.0 -9999.0 -9999.0 -9999.0 -9999.0 -9999.0 -9999.0 -9999.0 -9999.0 -9999.0 -9999.0 -9999.0 -9999.0 -9999.0 -9999.0 -9999.0 -9999.0 -9999.0 -9999.0 -9999.0 -9999.0 -9999.0 -9999.0 -9999.0 -9999.0 -9999.0 -9999.0 -9999.0 -9999.0 -9999.0 -9999.0 -9999.0 -9999.0 -9999.0 -9999.0 -9999.0 -9999.0 -9999.0 -9999.0 -9999.0 -9999.0 -9999.0 -9999.0 -9999.0 -9999.0 -9999.0 -9999.0 -9999.0 -9999.0 -9999.0 -9999.0 -9999.0 -9999.0 -9999.0 -9999.0 -9999.0 -9999.0 -9999.0 -9999.0 -9999.0 -9999.0 -9999.0 -9999.0 -9999.0 -9999.0 -9999.0 -9999.0 -9999.0 -9999.0 -9999.0 -9999.0 -9999.0 -9999.0 -9999.0 -9999.0 -9999.0 -9999.0 -9999.0 -9999.0 -9999.0 -9999.0 -9999.0 -9999.0 -9999.0 -9999.0 -9999.0 -9999.0 -9999.0 -9999.0 -9999.0 -9999.0
-9999.0 -9999.0 1613.554562 1515.172747 1418.443706 1323.426409 1230.185145 1138.780836 1049.266121 961.705334 876.171202 792.719493 711.400659 632.283256 555.362333 480.665437 408.096844 337.655885 269.272931 202.796778 138.301254 75.695040 14.876946 -44.208271 -101.574318 -157.092619 -209.635529 -257.516817 -298.871347 -332.533489 -358.507148 -377.773917 -391.780414 -401.982552 -409.614726 -415.648791 -420.836779 -425.720962 -379.990749 -348.267567 -333.045901 -347.504156 -443.994686 -521.536884 -583.540587 -643.522741 -710.926411 -798.872406 -937.076052 -1224.286904 -1945.500443 -2200.135460 -2202.950417 -2202.963862 -2202.962848 -2202.959850 -2202.950455 -2202.159793 -2076.914461 -1138.181186 -729.463346 -604.235124 -542.400842 -530.527420 -529.609500 -529.715362 -529.788569 -529.824662 -529.852696 -529.882576 -529.916567 -529.954462 -529.995087 -530.037253 -530.080097 -530.122905 -530.164766 -530.204991 -530.243035 -530.278489 -530.311084 -530.340611 -530.367043 -530.390376 -530.410740 -530.428274 -530.443200 -530.455736 -530.466139 -530.474664 -530.481560 -530.487083 -530.491515 -530.495276 -530.499343 -530.506768 -530.528027 -530.600178 -530.858450 -531.824035 -535.635887 -551.808654 -9999.0 -9999.0
-9999.0 -9999.0 1613.554562 1515.172746 1418.443706 1323.426408 1230.185145 1138.780836 1049.266121 961.705334 876.171202 792.719492 711.400658 632.283256 555.362333 480.665437 408.096844 337.655885 269.272931 202.796778 138.301254 75.695040 14.876946 -44.208271 -101.574318 -157.092619 -209.635529 -257.516817 -298.871347 -332.533489 -358.507148 -377.773917 -391.780414 -401.982552 -409.614726 -415.648791 -420.836779 -425.720962 -379.990749 -348.267567 -333.045901 -347.504156 -443.994686 -521.536884 -583.540587 -643.522741 -710.926411 -798.872406 -937.076052 -1224.286904 -1945.500443 -2200.135460 -2202.950417 -2202.963862 -2202.962848 -2202.959850 -2202.950455 -2202.159793 -2076.914460 -1138.181185 -729.463346 -604.235124 -542.400842 -530.527420 -529.609500 -529.715362 -529.788569 -529.824662 -529.852696 -529.882576 -529.916567 -529.954462 -529.995087 -530.037253 -530.080097 -530.122905 -530.164766 -530.204991 -530.243036 -530.278489 -530.311084 -530.340611 -530.367043 -530.390377 -530.410740 -530.428274 -530.443200 -530.455736 -530.466139 -530.474664 -530.481560 -530.487083 -530.491515 -530.495276 -530.499343 -530.506768 -530.528027 -530.600178 -530.858450 -531.824035 -535.635887 -551.808654 -9999.0 -9999.0
-9999.0 -9999.0 1613.554561 1515.172746 1418.443706 1323.426408 1230.185144 1138.780836 1049.266121 961.705333 876.171201 792.719492 711.400658 632.283255 555.362333 480.665436 408.096844 337.655885 269.272931 202.796778 138.301254 75.695040 14.876946 -44.208271 -101.574318 -157.092619 -209.635529 -257.516817 -298.871347 -332.533489 -358.507148 -377.773917 -391.780414 -401.982552 -409.614726 -415.648791 -420.836779 -425.720962 -379.990749 -348.267567 -333.045901 -347.504156 -443.994686 -521.536884 -583.540587 -643.522741 -710.926411 -798.872406 -937.076052 -1224.286904 -1945.500443 -2200.135460 -2202.950417 -2202.963862 -2202.962848 -2202.959850 -2202.950455 -2202.159793 -2076.914460 -1138.181185 -729.463346 -604.235124 -542.400842 -530.527420 -529.609500 -529.715362 -529.788569 -529.824662 -529.852696 -529.882576 -529.916567 -529.954463 -529.995087 -530.037253 -530.080097 -530.122905 -530.164766 -530.204991 -530.243036 -530.278489 -530.311084 -530.340611 -530.367043 -530.390377 -530.410741 -530.428274 -530.443200 -530.455737 -530.466139 -530.474664 -530.481560 -530.487083 -530.491516 -530.495276 -530.499343 -530.506768 -530.528028 -530.600178 -530.858450 -531.824035 -535.635887 -551.808654 -9999.0 -9999.0
-9999.0 -9999.0 1613.554561 1515.172746 1418.443706 1323.426408 1230.185145 1138.780835 1049.266121 961.705333 876.171202 792.719492 711.400658 632.283255 555.362333 480.665436 408.096844 337.655885 269.272931 202.796778 138.301254 75.695040 14.876946 -44.208271 -101.574318 -157.092619 -209.635529 -257.516817 -298.871347 -332.533489 -358.507148 -377.773917 -391.780414 -401.982552 -409.614726 -415.648791 -420.836779 -425.720962 -379.990749 -348.267567 -333.045901 -347.504156 -443.994686 -521.536884 -583.540587 -643.522741 -710.926411 -798.872406 -937.076052 -1224.286904 -1945.500443 -2200.135460 -2202.950417 -2202.963862 -2202.962848 -2202.959850 -2202.950455 -2202.159793 -2076.914460 -1138.181185 -729.463346 -604.235124 -542.400842 -530.527420 -529.609500 -529.715362 -529.788569 -529.824662 -529.852696 -529.882576 -529.916567 -529.954463 -529.995087 -530.037253 -530.080097 -530.122905 -530.164766 -530.204991 -530.243036 -530.278489 -530.311084 -530.340611 -530.367043 -530.390377 -530.410741 -530.428274 -530.443200 -530.455737 -530.466139 -530.474664 -530.481560 -530.487083 -530.491516 -530.495276 -530.499343 -530.506768 -530.528028 -530.600178 -530.858450 -531.824035 -535.635887 -551.808654 -9999.0 -9999.0
-9999.0 -9999.0 1613.554561 1515.172746 1418.443706 1323.426408 1230.185144 1138.780836 1049.266121 961.705334 876.171201 792.719492 711.400658 632.283256 555.362333 480.665437 408.096844 337.655885 269.272931 202.796778 138.301254 75.695040 14.876946 -44.208271 -101.574318 -157.092619 -209.635529 -257.516817 -298.871347 -332.533489 -358.507148 -377.773917 -391.780414 -401.982552 -409.614726 -415.648791 -420.836779 -425.720962 -379.990749 -348.267567 -333.045901 -347.504156 -443.994686 -521.536884 -583.540587 -643.522741 -710.926411 -798.872406 -937.076052 -1224.286904 -1945.500443 -2200.135460 -2202.950417 -2202.963862 -2202.962848 -2202.959850 -2202.950455 -2202.159793 -2076.914460 -1138.181185 -729.463346 -604.235124 -542.400842 -530.527420 -529.609500 -529.715362 -529.788569 -529.824662 -529.852696 -529.882576 -529.916567 -529.954462 -529.995087 -530.037253 -530.080097 -530.122905 -530.164766 -530.204991 -530.243036 -530.278489 -530.311084 -530.340611 -530.367043 -530.390377 -530.410740 -530.428274 -530.443200 -530.455736 -530.466139 -530.474664 -530.481560 -530.487083 -530.491515 -530.495276 -530.499343 -530.506768 -530.528027 -530.600178 -530.858450 -531.824035 -535.635887 -551.808654 -9999.0 -9999.0
-9999.0 -9999.0 1613.554562 1515.172746 1418.443707 1323.426408 1230.185145 1138.780836 1049.266121 961.705334 876.171202 792.719493 711.400659 632.283256 555.362333 480.665437 408.096844 337.655885 269.272931 202.796778 138.301254 75.695040 14.876946 -44.208271 -101.574318 -157.092619 -209.635529 -257.516817 -298.871347 -332.533489 -358.507148 -377.773917 -391.780414 -401.982552 -409.614726 -415.648791 -420.836779 -425.720962 -379.990749 -348.267567 -333.045901 -347.504156 -443.994686 -521.536884 -583.540587 -643.522741 -710.926411 -798.872406 -937.076052 -1224.286904 -1945.500443 -2200.135460 -2202.950417 -2202.963862 -2202.962848 -2202.959850 -2202.950455 -2202.159793 -2076.914461 -1138.181186 -729.463346 -604.235124 -542.400842 -530.527420 -529.609500 -529.715362 -529.788569 -529.824662 -529.852696 -529.882576 -529.916567 -529.954462 -529.995087 -530.037253 -530.080097 -530.122905 -530.164766 -530.204991 -530.243035 -530.278489 -530.311084 -530.340611 -530.367043 -530.390376 -530.410740 -530.428274 -530.443200 -530.455736 -530.466139 -530.474664 -530.481560 -530.487083 -530.491515 -530.495276 -530.499343 -530.506768 -530.528027 -530.600178 -530.858450 -531.824035 -535.635887 -551.808654 -9999.0 -9999.0
-9999.0 -9999.0 -9999.0 -9999.0 -9999.0 -9999.0 -9999.0 -9999.0 -9999.0 -9999.0 -9999.0 -9999.0 -9999.0 -9999.0 -9999.0 -9999.0 -9999.0 -9999.0 -9999.0 -9999.0 -9999.0 -9999.0 -9999.0 -9999.0 -9999.0 -9999.0 -9999.0 -9999.0 -9999.0 -9999.0 -9999.0 -9999.0 -9999.0 -9999.0 -9999.0 -9999.0 -9999.0 -9999.0 -9999.0 -9999.0 -9999.0 -9999.0 -9999.0 -9999.0 -9999.0 -9999.0 -9999.0 -9999.0 -9999.0 -9999.0 -9999.0 -9999.0 -9999.0 -9999.0 -9999.0 -9999.0 -9999.0 -9999.0 -9999.0 -9999.0 -9999.0 -9999.0 -9999.0 -9999.0 -9999.0 -9999.0 -9999.0 -9999.0 -9999.0 -9999.0 -9999.0 -9999.0 -9999.0 -9999.0 -9999.0 -9999.0 -9999.0 -9999.0 -9999.0 -9999.0 -9999.0 -9999.0 -9999.0 -9999.0 -9999.0 -9999.0 -9999.0 -9999.0 -9999.0 -9999.0 -9999.0 -9999.0 -9999.0 -9999.0 -9999.0 -9999.0 -9999.0 -9999.0 -9999.0 -9999.0 -9999.0 -9999.0 -9999.0 -9999.0
-9999.0 -9999.0 -9999.0 -9999.0 -9999.0 -9999.0 -9999.0 -9999.0 -9999.0 -9999.0 -9999.0 -9999.0 -9999.0 -9999.0 -9999.0 -9999.0 -9999.0 -9999.0 -9999.0 -9999.0 -9999.0 -9999.0 -9999.0 -9999.0 -9999.0 -9999.0 -9999.0 -9999.0 -9999.0 -9999.0 -9999.0 -9999.0 -9999.0 -9999.0 -9999.0 -9999.0 -9999.0 -9999.0 -9999.0 -9999.0 -9999.0 -9999.0 -9999.0 -9999.0 -9999.0 -9999.0 -9999.0 -9999.0 -9999.0 -9999.0 -9999.0 -9999.0 -9999.0 -9999.0 -9999.0 -9999.0 -9999.0 -9999.0 -9999.0 -9999.0 -9999.0 -9999.0 -9999.0 -9999.0 -9999.0 -9999.0 -9999.0 -9999.0 -9999.0 -9999.0 -9999.0 -9999.0 -9999.0 -9999.0 -9999.0 -9999.0 -9999.0 -9999.0 -9999.0 -9999.0 -9999.0 -9999.0 -9999.0 -9999.0 -9999.0 -9999.0 -9999.0 -9999.0 -9999.0 -9999.0 -9999.0 -9999.0 -9999.0 -9999.0 -9999.0 -9999.0 -9999.0 -9999.0 -9999.0 -9999.0 -9999.0 -9999.0 -9999.0 -9999.0