examples/3D/hillslope02_superslab/output-maps-SE27XX/psiliqL0018N0003.asc
ncols         104
nrows         10
xllcorner     -2.000000
yllcorner     0.000000
cellsize      1.000000
NODATA_value  -9999.0
-9999.0 -9999.0 -9999.0 -9999.0 -9999.0 -9999.0 -9999.0 -9999.0 -9999.0 -9999.0 -9999.0 -9999.0 -9999.0 -9999.0 -9999.0 -9999.0 -9999.0 -9999.0 -9999.0 -9999.0 -9999.0 -9999.0 -9999.0 -9999.0 -9999.0 -9999.0 -9999.0 -9999.0 -9999.0 -9999.0 -9999.0 -9999.0 -9999.0 -9999.0 -9999.0 -9999.0 -9999.0 -9999.0 -9999.0 -9999.0 -9999.0 -9999.0 -9999.0 -9999.0 -9999.0 -9999.0 -9999.0 -9999.0 -9999.0 -9999.0 -9999.0 -9999.0 -9999.0 -9999.0 -9999.0 -9999.0 -9999.0 -9999.0 -9999.0 -9999.0 -9999.0 -9999.0 -9999.0 -9999.0 -9999.0 -9999.0 -9999.0 -9999.0 -9999.0 -9999.0 -9999.0 -9999.0 -9999.0 -9999.0 -9999.0 -9999.0 -9999.0 -9999.0 -9999.0 -9999.0 -9999.0 -9999.0 -9999.0 -9999.0 -9999.0 -9999.0 -9999.0 -9999.0 -9999.0 -9999.0 -9999.0 -9999.0 -9999.0 -9999.0 -9999.0 -9999.0 -9999.0 -9999.0 -9999.0 -9999.0 -9999.0 -9999.0 -9999.0 -9999.0
-9999.0 -9999.0 -9999.0 -9999.0 -9999.0 -9999.0 -9999.0 -9999.0 -9999.0 -9999.0 -9999.0 -9999.0 -9999.0 -9999.0 -9999.0 -9999.0 -9999.0 -9999.0 -9999.0 -9999.0 -9999.0 -9999.0 -9999.0 -9999.0 -9999.0 -9999.0 -9999.0 -9999.0 -9999.0 -9999.0 -9999.0 -9999.0 -9999.0 -9999.0 -9999.0 -9999.0 -9999.0 -9999.0 -9999.0 -9999.0 -9999.0 -9999.0 -9999.0 -9999.0 -9999.0 -9999.0 -9999.0 -9999.0 -9999.0 -9999.0 -9999.0 -9999.0 -9999.0 -9999.0 -9999.0 -9999.0 -9999.0 -9999.0 -9999.0 -9999.0 -9999.0 -9999.0 -9999.0 -9999.0 -9999.0 -9999.0 -9999.0 -9999.0 -9999.0 -9999.0 -9999.0 -9999.0 -9999.0 -9999.0 -9999.0 -9999.0 -9999.0 -9999.0 -9999.0 -9999.0 -9999.0 -9999.0 -9999.0 -9999.0 -9999.0 -9999.0 -9999.0 -9999.0 -9999.0 -9999.0 -9999.0 -9999.0 -9999.0 -9999.0 -9999.0 -9999.0 -9999.0 -9999.0 -9999.0 -9999.0 -9999.0 -9999.0 -9999.0 -9999.0
-9999.0 -9999.0 -286.042518 -400.083239 -519.111998 -621.647243 -676.603731 -697.153159 -704.104303 -705.864319 -702.630070 -695.079902 -684.265474 -667.352405 -644.292523 -622.307247 -603.071911 -587.380279 -575.288926 -586.478960 -591.567203 -594.147990 -597.292912 -580.243342 -579.547254 -588.103556 -602.215055 -619.472205 -637.762545 -655.108246 -670.027919 -681.739105 -690.316475 -696.346243 -700.426575 -703.062401 -704.684676 -705.630280 -706.141605 -706.571956 -709.545594 -748.068243 -2274.031874 -4082.869332 -4084.158402 -4084.158416 -4084.158416 -4084.158416 -4084.158416 -4084.158416 -4084.158416 -4084.158416 -4084.158416 -4084.158416 -4084.158416 -4084.158416 -4084.158416 -4084.158416 -4084.158416 -4084.158398 -4082.626420 -2243.517056 -732.057476 -710.617321 -710.346326 -710.537221 -710.599804 -710.616765 -710.621207 -710.622362 -710.622661 -710.622738 -710.622759 -710.622764 -710.622765 -710.622766 -710.622766 -710.622766 -710.622766 -710.622766 -710.622766 -710.622766 -710.622766 -710.622766 -710.622766 -710.622766 -710.622766 -710.622766 -710.622766 -710.622767 -710.622771 -710.622783 -710.622828 -710.622996 -710.623624 -710.625958 -710.634578 -710.666232 -710.783059 -711.235163 -713.241512 -724.373994 -9999.0 -9999.0
-9999.0 -9999.0 -286.042518 -400.083239 -519.111999 -621.647243 -676.603732 -697.153159 -704.104303 -705.864319 -702.630070 -695.079902 -684.265474 -667.352405 -644.292523 -622.307247 -603.071911 -587.380279 -575.288926 -586.478960 -591.567203 -594.147990 -597.292912 -580.243342 -579.547254 -588.103556 -602.215055 -619.472205 -637.762545 -655.108246 -670.027919 -681.739105 -690.316475 -696.346243 -700.426575 -703.062401 -704.684676 -705.630280 -706.141605 -706.571956 -709.545594 -748.068243 -2274.031874 -4082.869332 -4084.158402 -4084.158416 -4084.158416 -4084.158416 -4084.158416 -4084.158416 -4084.158416 -4084.158416 -4084.158416 -4084.158416 -4084.158416 -4084.158416 -4084.158416 -4084.158416 -4084.158416 -4084.158398 -4082.626420 -2243.517056 -732.057476 -710.617321 -710.346326 -710.537221 -710.599804 -710.616765 -710.621207 -710.622362 -710.622661 -710.622738 -710.622759 -710.622764 -710.622765 -710.622766 -710.622766 -710.622766 -710.622766 -710.622766 -710.622766 -710.622766 -710.622766 -710.622766 -710.622766 -710.622766 -710.622766 -710.622766 -710.622767 -710.622767 -710.622771 -710.622783 -710.622828 -710.622996 -710.623624 -710.625958 -710.634578 -710.666232 -710.783060 -711.235163 -713.241512 -724.373994 -9999.0 -9999.0
-9999.0 -9999.0 -286.042518 -400.083239 -519.111999 -621.647244 -676.603732 -697.153159 -704.104303 -705.864319 -702.630070 -695.079902 -684.265474 -667.352405 -644.292523 -622.307247 -603.071911 -587.380279 -575.288926 -586.478960 -591.567203 -594.147990 -597.292912 -580.243342 -579.547254 -588.103556 -602.215055 -619.472205 -637.762545 -655.108246 -670.027919 -681.739105 -690.316475 -696.346243 -700.426575 -703.062401 -704.684676 -705.630280 -706.141605 -706.571956 -709.545594 -748.068243 -2274.031874 -4082.869332 -4084.158402 -4084.158416 -4084.158416 -4084.158416 -4084.158416 -4084.158416 -4084.158416 -4084.158416 -4084.158416 -4084.158416 -4084.158416 -4084.158416 -4084.158416 -4084.158416 -4084.158416 -4084.158398 -4082.626420 -2243.517056 -732.057476 -710.617321 -710.346326 -710.537221 -710.599804 -710.616765 -710.621208 -710.622362 -710.622661 -710.622739 -710.622759 -710.622764 -710.622765 -710.622766 -710.622766 -710.622766 -710.622766 -710.622766 -710.622766 -710.622766 -710.622766 -710.622766 -710.622766 -710.622766 -710.622766 -710.622766 -710.622767 -710.622768 -710.622771 -710.622783 -710.622828 -710.622996 -710.623624 -710.625958 -710.634578 -710.666232 -710.783060 -711.235163 -713.241512 -724.373994 -9999.0 -9999.0
-9999.0 -9999.0 -286.042518 -400.083239 -519.111999 -621.647244 -676.603732 -697.153159 -704.104303 -705.864319 -702.630070 -695.079902 -684.265474 -667.352405 -644.292523 -622.307247 -603.071911 -587.380279 -575.288926 -586.478960 -591.567203 -594.147990 -597.292912 -580.243342 -579.547254 -588.103556 -602.215055 -619.472205 -637.762545 -655.108246 -670.027919 -681.739105 -690.316475 -696.346243 -700.426575 -703.062401 -704.684676 -705.630280 -706.141605 -706.571956 -709.545594 -748.068243 -2274.031874 -4082.869332 -4084.158402 -4084.158416 -4084.158416 -4084.158416 -4084.158416 -4084.158416 -4084.158416 -4084.158416 -4084.158416 -4084.158416 -4084.158416 -4084.158416 -4084.158416 -4084.158416 -4084.158416 -4084.158398 -4082.626420 -2243.517056 -732.057476 -710.617321 -710.346326 -710.537221 -710.599804 -710.616765 -710.621208 -710.622362 -710.622661 -710.622739 -710.622759 -710.622764 -710.622765 -710.622766 -710.622766 -710.622766 -710.622766 -710.622766 -710.622766 -710.622766 -710.622766 -710.622766 -710.622766 -710.622766 -710.622766 -710.622766 -710.622767 -710.622768 -710.622771 -710.622783 -710.622828 -710.622996 -710.623624 -710.625958 -710.634578 -710.666232 -710.783060 -711.235163 -713.241512 -724.373994 -9999.0 -9999.0
-9999.0 -9999.0 -286.042518 -400.083239 -519.111999 -621.647243 -676.603732 -697.153159 -704.104303 -705.864319 -702.630070 -695.079902 -684.265474 -667.352405 -644.292523 -622.307247 -603.071911 -587.380279 -575.288926 -586.478960 -591.567203 -594.147990 -597.292912 -580.243342 -579.547254 -588.103556 -602.215055 -619.472205 -637.762545 -655.108246 -670.027919 -681.739105 -690.316475 -696.346243 -700.426575 -703.062401 -704.684676 -705.630280 -706.141605 -706.571956 -709.545594 -748.068243 -2274.031874 -4082.869332 -4084.158402 -4084.158416 -4084.158416 -4084.158416 -4084.158416 -4084.158416 -4084.158416 -4084.158416 -4084.158416 -4084.158416 -4084.158416 -4084.158416 -4084.158416 -4084.158416 -4084.158416 -4084.158398 -4082.626420 -2243.517056 -732.057476 -710.617321 -710.346326 -710.537221 -710.599804 -710.616765 -710.621207 -710.622362 -710.622661 -710.622738 -710.622759 -710.622764 -710.622765 -710.622766 -710.622766 -710.622766 -710.622766 -710.622766 -710.622766 -710.622766 -710.622766 -710.622766 -710.622766 -710.622766 -710.622766 -710.622766 -710.622767 -710.622767 -710.622771 -710.622783 -710.622828 -710.622996 -710.623624 -710.625958 -710.634578 -710.666232 -710.783060 -711.235163 -713.241512 -724.373994 -9999.0 -9999.0
-9999.0 -9999.0 -286.042518 -400.083239 -519.111998 -621.647243 -676.603731 -697.153159 -704.104303 -705.864319 -702.630070 -695.079902 -684.265474 -667.352405 -644.292523 -622.307247 -603.071911 -587.380279 -575.288926 -586.478960 -591.567203 -594.147990 -597.292912 -580.243342 -579.547254 -588.103556 -602.215055 -619.472205 -637.762545 -655.108246 -670.027919 -681.739105 -690.316475 -696.346243 -700.426575 -703.062401 -704.684676 -705.630280 -706.141605 -706.571956 -709.545594 -748.068243 -2274.031874 -4082.869332 -4084.158402 -4084.158416 -4084.158416 -4084.158416 -4084.158416 -4084.158416 -4084.158416 -4084.158416 -4084.158416 -4084.158416 -4084.158416 -4084.158416 -4084.158416 -4084.158416 -4084.158416 -4084.158398 -4082.626420 -2243.517056 -732.057476 -710.617321 -710.346326 -710.537221 -710.599804 -710.616765 -710.621207 -710.622362 -710.622661 -710.622738 -710.622759 -710.622764 -710.622765 -710.622766 -710.622766 -710.622766 -710.622766 -710.622766 -710.622766 -710.622766 -710.622766 -710.622766 -710.622766 -710.622766 -710.622766 -710.622766 -710.622766 -710.622767 -710.622771 -710.622783 -710.622828 -710.622996 -710.623624 -710.625958 -710.634578 -710.666232 -710.783059 -711.235163 -713.241512 -724.373994 -9999.0 -9999.0
-9999.0 -9999.0 -9999.0 -9999.0 -9999.0 -9999.0 -9999.0 -9999.0 -9999.0 -9999.0 -9999.0 -9999.0 -9999.0 -9999.0 -9999.0 -9999.0 -9999.0 -9999.0 -9999.0 -9999.0 -9999.0 -9999.0 -9999.0 -9999.0 -9999.0 -9999.0 -9999.0 -9999.0 -9999.0 -9999.0 -9999.0 -9999.0 -9999.0 -9999.0 -9999.0 -9999.0 -9999.0 -9999.0 -9999.0 -9999.0 -9999.0 -9999.0 -9999.0 -9999.0 -9999.0 -9999.0 -9999.0 -9999.0 -9999.0 -9999.0 -9999.0 -9999.0 -9999.0 -9999.0 -9999.0 -9999.0 -9999.0 -9999.0 -9999.0 -9999.0 -9999.0 -9999.0 -9999.0 -9999.0 -9999.0 -9999.0 -9999.0 -9999.0 -9999.0 -9999.0 -9999.0 -9999.0 -9999.0 -9999.0 -9999.0 -9999.0 -9999.0 -9999.0 -9999.0 -9999.0 -9999.0 -9999.0 -9999.0 -9999.0 -9999.0 -9999.0 -9999.0 -9999.0 -9999.0 -9999.0 -9999.0 -9999.0 -9999.0 -9999.0 -9999.0 -9999.0 -9999.0 -9999.0 -9999.0 -9999.0 -9999.0 -9999.0 -9999.0 -9999.0
-9999.0 -9999.0 -9999.0 -9999.0 -9999.0 -9999.0 -9999.0 -9999.0 -9999.0 -9999.0 -9999.0 -9999.0 -9999.0 -9999.0 -9999.0 -9999.0 -9999.0 -9999.0 -9999.0 -9999.0 -9999.0 -9999.0 -9999.0 -9999.0 -9999.0 -9999.0 -9999.0 -9999.0 -9999.0 -9999.0 -9999.0 -9999.0 -9999.0 -9999.0 -9999.0 -9999.0 -9999.0 -9999.0 -9999.0 -9999.0 -9999.0 -9999.0 -9999.0 -9999.0 -9999.0 -9999.0 -9999.0 -9999.0 -9999.0 -9999.0 -9999.0 -9999.0 -9999.0 -9999.0 -9999.0 -9999.0 -9999.0 -9999.0 -9999.0 -9999.0 -9999.0 -9999.0 -9999.0 -9999.0 -9999.0 -9999.0 -9999.0 -9999.0 -9999.0 -9999.0 -9999.0 -9999.0 -9999.0 -9999.0 -9999.0 -9999.0 -9999.0 -9999.0 -9999.0 -9999.0 -9999.0 -9999.0 -9999.0 -9999.0 -9999.0 -9999.0 -9999.0 -9999.0 -9999.0 -9999.0 -9999.0 -9999.0 -9999.0 -9999.0 -9999.0 -9999.0 -9999.0 -9999.0 -9999.0 -9999.0 -9999.0 -9999.0 -9999.0 -9999.0