examples/3D/hillslope02_superslab/output-maps-SE27XX/psiliqL0077N0001.asc
ncols         104
nrows         10
xllcorner     -2.000000
yllcorner     0.000000
cellsize      1.000000
NODATA_value  -9999.0
-9999.0 -9999.0 -9999.0 -9999.0 -9999.0 -9999.0 -9999.0 -9999.0 -9999.0 -9999.0 -9999.0 -9999.0 -9999.0 -9999.0 -9999.0 -9999.0 -9999.0 -9999.0 -9999.0 -9999.0 -9999.0 -9999.0 -9999.0 -9999.0 -9999.0 -9999.0 -9999.0 -9999.0 -9999.0 -9999.0 -9999.0 -9999.0 -9999.0 -9999.0 -9999.0 -9999.0 -9999.0 -9999.0 -9999.0 -9999.0 -9999.0 -9999.0 -9999.0 -9999.0 -9999.0 -9999.0 -9999.0 -9999.0 -9999.0 -9999.0 -9999.0 -9999.0 -9999.0 -9999.0 -9999.0 -9999.0 -9999.0 -9999.0 -9999.0 -9999.0 -9999.0 -9999.0 -9999.0 -9999.0 -9999.0 -9999.0 -9999.0 -9999.0 -9999.0 -9999.0 -9999.0 -9999.0 -9999.0 -9999.0 -9999.0 -9999.0 -9999.0 -9999.0 -9999.0 -9999.0 -9999.0 -9999.0 -9999.0 -9999.0 -9999.0 -9999.0 -9999.0 -9999.0 -9999.0 -9999.0 -9999.0 -9999.0 -9999.0 -9999.0 -9999.0 -9999.0 -9999.0 -9999.0 -9999.0 -9999.0 -9999.0 -9999.0 -9999.0 -9999.0
-9999.0 -9999.0 -9999.0 -9999.0 -9999.0 -9999.0 -9999.0 -9999.0 -9999.0 -9999.0 -9999.0 -9999.0 -9999.0 -9999.0 -9999.0 -9999.0 -9999.0 -9999.0 -9999.0 -9999.0 -9999.0 -9999.0 -9999.0 -9999.0 -9999.0 -9999.0 -9999.0 -9999.0 -9999.0 -9999.0 -9999.0 -9999.0 -9999.0 -9999.0 -9999.0 -9999.0 -9999.0 -9999.0 -9999.0 -9999.0 -9999.0 -9999.0 -9999.0 -9999.0 -9999.0 -9999.0 -9999.0 -9999.0 -9999.0 -9999.0 -9999.0 -9999.0 -9999.0 -9999.0 -9999.0 -9999.0 -9999.0 -9999.0 -9999.0 -9999.0 -9999.0 -9999.0 -9999.0 -9999.0 -9999.0 -9999.0 -9999.0 -9999.0 -9999.0 -9999.0 -9999.0 -9999.0 -9999.0 -9999.0 -9999.0 -9999.0 -9999.0 -9999.0 -9999.0 -9999.0 -9999.0 -9999.0 -9999.0 -9999.0 -9999.0 -9999.0 -9999.0 -9999.0 -9999.0 -9999.0 -9999.0 -9999.0 -9999.0 -9999.0 -9999.0 -9999.0 -9999.0 -9999.0 -9999.0 -9999.0 -9999.0 -9999.0 -9999.0 -9999.0
-9999.0 -9999.0 -854.471000 -991.281866 -1088.269570 -1135.793669 -1154.098184 -1160.363758 -1162.382456 -1163.041848 -1163.259360 -1163.331196 -1163.354850 -1163.362603 -1163.365130 -1163.365949 -1163.366213 -1163.366297 -1163.366324 -1163.366333 -1163.366335 -1163.366336 -1163.366336 -1163.366336 -1163.366335 -1163.366334 -1163.366333 -1163.366332 -1163.366330 -1163.366327 -1163.366323 -1163.366318 -1163.366311 -1163.366302 -1163.366250 -1163.344524 -1157.233802 -917.995820 -552.598624 -423.961951 -391.178141 -427.133326 -811.034243 -1161.957906 -1163.211510 -1162.949160 -1162.408451 -1161.438846 -1162.207300 -1162.516311 -1163.082434 -1166.804448 -1163.452857 -1163.368287 -1163.366453 -1163.366387 -1163.366387 -1163.366408 -1163.366446 -1163.366507 -1163.366602 -1163.366746 -1163.366963 -1163.367286 -1163.367761 -1163.368456 -1163.369460 -1163.370896 -1163.372932 -1163.375786 -1163.379749 -1163.385197 -1163.392612 -1163.402607 -1163.415948 -1163.433585 -1163.456683 -1163.486655 -1163.525197 -1163.574330 -1163.636436 -1163.714304 -1163.811179 -1163.930813 -1164.077530 -1164.256296 -1164.472811 -1164.733628 -1165.046302 -1165.419601 -1165.863787 -1166.391020 -1167.015945 -1167.756561 -1168.635562 -1169.682492 -1170.937412 -1172.457576 -1174.331162 -1176.715723 -1180.107085 -1189.497822 -9999.0 -9999.0
-9999.0 -9999.0 -854.471000 -991.281866 -1088.269570 -1135.793669 -1154.098184 -1160.363758 -1162.382456 -1163.041848 -1163.259360 -1163.331196 -1163.354850 -1163.362603 -1163.365130 -1163.365949 -1163.366213 -1163.366297 -1163.366324 -1163.366333 -1163.366335 -1163.366336 -1163.366336 -1163.366336 -1163.366335 -1163.366334 -1163.366333 -1163.366332 -1163.366330 -1163.366327 -1163.366323 -1163.366318 -1163.366311 -1163.366302 -1163.366250 -1163.344524 -1157.233802 -917.995821 -552.598624 -423.961952 -391.178141 -427.133326 -811.034243 -1161.957906 -1163.211510 -1162.949160 -1162.408451 -1161.438846 -1162.207300 -1162.516311 -1163.082434 -1166.804448 -1163.452857 -1163.368287 -1163.366453 -1163.366387 -1163.366387 -1163.366408 -1163.366446 -1163.366507 -1163.366602 -1163.366746 -1163.366963 -1163.367286 -1163.367761 -1163.368456 -1163.369460 -1163.370896 -1163.372932 -1163.375786 -1163.379749 -1163.385197 -1163.392612 -1163.402607 -1163.415948 -1163.433585 -1163.456683 -1163.486655 -1163.525197 -1163.574330 -1163.636436 -1163.714304 -1163.811179 -1163.930813 -1164.077530 -1164.256296 -1164.472811 -1164.733628 -1165.046302 -1165.419601 -1165.863787 -1166.391020 -1167.015945 -1167.756561 -1168.635562 -1169.682492 -1170.937412 -1172.457576 -1174.331162 -1176.715723 -1180.107085 -1189.497822 -9999.0 -9999.0
-9999.0 -9999.0 -854.471000 -991.281866 -1088.269570 -1135.793669 -1154.098184 -1160.363758 -1162.382456 -1163.041848 -1163.259360 -1163.331196 -1163.354850 -1163.362603 -1163.365130 -1163.365949 -1163.366213 -1163.366297 -1163.366324 -1163.366333 -1163.366335 -1163.366336 -1163.366336 -1163.366336 -1163.366335 -1163.366334 -1163.366333 -1163.366332 -1163.366330 -1163.366327 -1163.366323 -1163.366318 -1163.366311 -1163.366302 -1163.366250 -1163.344524 -1157.233802 -917.995822 -552.598624 -423.961952 -391.178141 -427.133326 -811.034243 -1161.957906 -1163.211510 -1162.949160 -1162.408451 -1161.438846 -1162.207300 -1162.516311 -1163.082434 -1166.804448 -1163.452857 -1163.368287 -1163.366453 -1163.366387 -1163.366387 -1163.366408 -1163.366446 -1163.366507 -1163.366602 -1163.366746 -1163.366963 -1163.367286 -1163.367761 -1163.368456 -1163.369460 -1163.370896 -1163.372932 -1163.375786 -1163.379749 -1163.385197 -1163.392612 -1163.402607 -1163.415948 -1163.433585 -1163.456683 -1163.486655 -1163.525197 -1163.574330 -1163.636436 -1163.714304 -1163.811179 -1163.930813 -1164.077530 -1164.256296 -1164.472811 -1164.733628 -1165.046302 -1165.419601 -1165.863787 -1166.391020 -1167.015945 -1167.756561 -1168.635562 -1169.682492 -1170.937412 -1172.457576 -1174.331162 -1176.715723 -1180.107085 -1189.497822 -9999.0 -9999.0
-9999.0 -9999.0 -854.471000 -991.281866 -1088.269570 -1135.793669 -1154.098184 -1160.363758 -1162.382456 -1163.041848 -1163.259360 -1163.331196 -1163.354850 -1163.362603 -1163.365130 -1163.365949 -1163.366213 -1163.366297 -1163.366324 -1163.366333 -1163.366335 -1163.366336 -1163.366336 -1163.366336 -1163.366335 -1163.366334 -1163.366333 -1163.366332 -1163.366330 -1163.366327 -1163.366323 -1163.366318 -1163.366311 -1163.366302 -1163.366250 -1163.344524 -1157.233802 -917.995822 -552.598624 -423.961952 -391.178141 -427.133326 -811.034243 -1161.957906 -1163.211510 -1162.949160 -1162.408451 -1161.438846 -1162.207300 -1162.516311 -1163.082434 -1166.804448 -1163.452857 -1163.368287 -1163.366453 -1163.366387 -1163.366387 -1163.366408 -1163.366446 -1163.366507 -1163.366602 -1163.366746 -1163.366963 -1163.367286 -1163.367761 -1163.368456 -1163.369460 -1163.370896 -1163.372932 -1163.375786 -1163.379749 -1163.385197 -1163.392612 -1163.402607 -1163.415948 -1163.433585 -1163.456683 -1163.486655 -1163.525197 -1163.574330 -1163.636436 -1163.714304 -1163.811179 -1163.930813 -1164.077530 -1164.256296 -1164.472811 -1164.733628 -1165.046302 -1165.419601 -1165.863787 -1166.391020 -1167.015945 -1167.756561 -1168.635562 -1169.682492 -1170.937412 -1172.457576 -1174.331162 -1176.715723 -1180.107085 -1189.497822 -9999.0 -9999.0
-9999.0 -9999.0 -854.471000 -991.281866 -1088.269570 -1135.793669 -1154.098184 -1160.363758 -1162.382456 -1163.041848 -1163.259360 -1163.331196 -1163.354850 -1163.362603 -1163.365130 -1163.365949 -1163.366213 -1163.366297 -1163.366324 -1163.366333 -1163.366335 -1163.366336 -1163.366336 -1163.366336 -1163.366335 -1163.366334 -1163.366333 -1163.366332 -1163.366330 -1163.366327 -1163.366323 -1163.366318 -1163.366311 -1163.366302 -1163.366250 -1163.344524 -1157.233802 -917.995821 -552.598624 -423.961952 -391.178141 -427.133326 -811.034243 -1161.957906 -1163.211510 -1162.949160 -1162.408451 -1161.438846 -1162.207300 -1162.516311 -1163.082434 -1166.804448 -1163.452857 -1163.368287 -1163.366453 -1163.366387 -1163.366387 -1163.366408 -1163.366446 -1163.366507 -1163.366602 -1163.366746 -1163.366963 -1163.367286 -1163.367761 -1163.368456 -1163.369460 -1163.370896 -1163.372932 -1163.375786 -1163.379749 -1163.385197 -1163.392612 -1163.402607 -1163.415948 -1163.433585 -1163.456683 -1163.486655 -1163.525197 -1163.574330 -1163.636436 -1163.714304 -1163.811179 -1163.930813 -1164.077530 -1164.256296 -1164.472811 -1164.733628 -1165.046302 -1165.419601 -1165.863787 -1166.391020 -1167.015945 -1167.756561 -1168.635562 -1169.682492 -1170.937412 -1172.457576 -1174.331162 -1176.715723 -1180.107085 -1189.497822 -9999.0 -9999.0
-9999.0 -9999.0 -854.471000 -991.281866 -1088.269570 -1135.793669 -1154.098184 -1160.363758 -1162.382456 -1163.041848 -1163.259360 -1163.331196 -1163.354850 -1163.362603 -1163.365130 -1163.365949 -1163.366213 -1163.366297 -1163.366324 -1163.366333 -1163.366335 -1163.366336 -1163.366336 -1163.366336 -1163.366335 -1163.366334 -1163.366333 -1163.366332 -1163.366330 -1163.366327 -1163.366323 -1163.366318 -1163.366311 -1163.366302 -1163.366250 -1163.344524 -1157.233802 -917.995820 -552.598624 -423.961951 -391.178141 -427.133326 -811.034243 -1161.957906 -1163.211510 -1162.949160 -1162.408451 -1161.438846 -1162.207300 -1162.516311 -1163.082434 -1166.804448 -1163.452857 -1163.368287 -1163.366453 -1163.366387 -1163.366387 -1163.366408 -1163.366446 -1163.366507 -1163.366602 -1163.366746 -1163.366963 -1163.367286 -1163.367761 -1163.368456 -1163.369460 -1163.370896 -1163.372932 -1163.375786 -1163.379749 -1163.385197 -1163.392612 -1163.402607 -1163.415948 -1163.433585 -1163.456683 -1163.486655 -1163.525197 -1163.574330 -1163.636436 -1163.714304 -1163.811179 -1163.930813 -1164.077530 -1164.256296 -1164.472811 -1164.733628 -1165.046302 -1165.419601 -1165.863787 -1166.391020 -1167.015945 -1167.756561 -1168.635562 -1169.682492 -1170.937412 -1172.457576 -1174.331162 -1176.715723 -1180.107085 -1189.497822 -9999.0 -9999.0
-9999.0 -9999.0 -9999.0 -9999.0 -9999.0 -9999.0 -9999.0 -9999.0 -9999.0 -9999.0 -9999.0 -9999.0 -9999.0 -9999.0 -9999.0 -9999.0 -9999.0 -9999.0 -9999.0 -9999.0 -9999.0 -9999.0 -9999.0 -9999.0 -9999.0 -9999.0 -9999.0 -9999.0 -9999.0 -9999.0 -9999.0 -9999.0 -9999.0 -9999.0 -9999.0 -9999.0 -9999.0 -9999.0 -9999.0 -9999.0 -9999.0 -9999.0 -9999.0 -9999.0 -9999.0 -9999.0 -9999.0 -9999.0 -9999.0 -9999.0 -9999.0 -9999.0 -9999.0 -9999.0 -9999.0 -9999.0 -9999.0 -9999.0 -9999.0 -9999.0 -9999.0 -9999.0 -9999.0 -9999.0 -9999.0 -9999.0 -9999.0 -9999.0 -9999.0 -9999.0 -9999.0 -9999.0 -9999.0 -9999.0 -9999.0 -9999.0 -9999.0 -9999.0 -9999.0 -9999.0 -9999.0 -9999.0 -9999.0 -9999.0 -9999.0 -9999.0 -9999.0 -9999.0 -9999.0 -9999.0 -9999.0 -9999.0 -9999.0 -9999.0 -9999.0 -9999.0 -9999.0 -9999.0 -9999.0 -9999.0 -9999.0 -9999.0 -9999.0 -9999.0
-9999.0 -9999.0 -9999.0 -9999.0 -9999.0 -9999.0 -9999.0 -9999.0 -9999.0 -9999.0 -9999.0 -9999.0 -9999.0 -9999.0 -9999.0 -9999.0 -9999.0 -9999.0 -9999.0 -9999.0 -9999.0 -9999.0 -9999.0 -9999.0 -9999.0 -9999.0 -9999.0 -9999.0 -9999.0 -9999.0 -9999.0 -9999.0 -9999.0 -9999.0 -9999.0 -9999.0 -9999.0 -9999.0 -9999.0 -9999.0 -9999.0 -9999.0 -9999.0 -9999.0 -9999.0 -9999.0 -9999.0 -9999.0 -9999.0 -9999.0 -9999.0 -9999.0 -9999.0 -9999.0 -9999.0 -9999.0 -9999.0 -9999.0 -9999.0 -9999.0 -9999.0 -9999.0 -9999.0 -9999.0 -9999.0 -9999.0 -9999.0 -9999.0 -9999.0 -9999.0 -9999.0 -9999.0 -9999.0 -9999.0 -9999.0 -9999.0 -9999.0 -9999.0 -9999.0 -9999.0 -9999.0 -9999.0 -9999.0 -9999.0 -9999.0 -9999.0 -9999.0 -9999.0 -9999.0 -9999.0 -9999.0 -9999.0 -9999.0 -9999.0 -9999.0 -9999.0 -9999.0 -9999.0 -9999.0 -9999.0 -9999.0 -9999.0 -9999.0 -9999.0