examples/3D/hillslope02_superslab/output-maps-SE27XX/psiliqL0047N0001.asc
ncols         104
nrows         10
xllcorner     -2.000000
yllcorner     0.000000
cellsize      1.000000
NODATA_value  -9999.0
-9999.0 -9999.0 -9999.0 -9999.0 -9999.0 -9999.0 -9999.0 -9999.0 -9999.0 -9999.0 -9999.0 -9999.0 -9999.0 -9999.0 -9999.0 -9999.0 -9999.0 -9999.0 -9999.0 -9999.0 -9999.0 -9999.0 -9999.0 -9999.0 -9999.0 -9999.0 -9999.0 -9999.0 -9999.0 -9999.0 -9999.0 -9999.0 -9999.0 -9999.0 -9999.0 -9999.0 -9999.0 -9999.0 -9999.0 -9999.0 -9999.0 -9999.0 -9999.0 -9999.0 -9999.0 -9999.0 -9999.0 -9999.0 -9999.0 -9999.0 -9999.0 -9999.0 -9999.0 -9999.0 -9999.0 -9999.0 -9999.0 -9999.0 -9999.0 -9999.0 -9999.0 -9999.0 -9999.0 -9999.0 -9999.0 -9999.0 -9999.0 -9999.0 -9999.0 -9999.0 -9999.0 -9999.0 -9999.0 -9999.0 -9999.0 -9999.0 -9999.0 -9999.0 -9999.0 -9999.0 -9999.0 -9999.0 -9999.0 -9999.0 -9999.0 -9999.0 -9999.0 -9999.0 -9999.0 -9999.0 -9999.0 -9999.0 -9999.0 -9999.0 -9999.0 -9999.0 -9999.0 -9999.0 -9999.0 -9999.0 -9999.0 -9999.0 -9999.0 -9999.0
-9999.0 -9999.0 -9999.0 -9999.0 -9999.0 -9999.0 -9999.0 -9999.0 -9999.0 -9999.0 -9999.0 -9999.0 -9999.0 -9999.0 -9999.0 -9999.0 -9999.0 -9999.0 -9999.0 -9999.0 -9999.0 -9999.0 -9999.0 -9999.0 -9999.0 -9999.0 -9999.0 -9999.0 -9999.0 -9999.0 -9999.0 -9999.0 -9999.0 -9999.0 -9999.0 -9999.0 -9999.0 -9999.0 -9999.0 -9999.0 -9999.0 -9999.0 -9999.0 -9999.0 -9999.0 -9999.0 -9999.0 -9999.0 -9999.0 -9999.0 -9999.0 -9999.0 -9999.0 -9999.0 -9999.0 -9999.0 -9999.0 -9999.0 -9999.0 -9999.0 -9999.0 -9999.0 -9999.0 -9999.0 -9999.0 -9999.0 -9999.0 -9999.0 -9999.0 -9999.0 -9999.0 -9999.0 -9999.0 -9999.0 -9999.0 -9999.0 -9999.0 -9999.0 -9999.0 -9999.0 -9999.0 -9999.0 -9999.0 -9999.0 -9999.0 -9999.0 -9999.0 -9999.0 -9999.0 -9999.0 -9999.0 -9999.0 -9999.0 -9999.0 -9999.0 -9999.0 -9999.0 -9999.0 -9999.0 -9999.0 -9999.0 -9999.0 -9999.0 -9999.0
-9999.0 -9999.0 -315.790036 -351.510157 -379.286581 -399.911445 -398.739507 -381.271843 -358.608224 -354.344930 -516.696862 -2300.672248 -2648.448997 -2648.514844 -2648.514851 -2648.514851 -2648.514851 -2648.514851 -2648.514851 -2648.514851 -2648.514851 -2648.514851 -2648.514851 -2648.514851 -2648.514851 -2648.514851 -2648.514851 -2648.514851 -2648.511010 -2605.069360 -707.845866 -393.017378 -354.329197 -246.779801 -62.563390 121.030838 304.106491 478.603238 364.695638 237.935465 94.697866 -72.013263 -254.592841 -517.001447 -1795.110484 -2647.545747 -2648.514610 -2648.514851 -2648.514851 -2648.514851 -2648.514851 -2648.514851 -2648.514851 -2648.514851 -2648.514851 -2648.514851 -2648.514851 -2648.514851 -2648.514314 -2646.948599 -1819.175223 -537.740930 -320.747720 -340.439145 -362.977452 -391.119661 -404.821085 -408.015381 -408.932528 -409.226057 -409.327953 -409.366774 -409.383149 -409.390778 -409.394659 -409.396782 -409.398015 -409.398773 -409.399269 -409.399626 -409.399923 -409.400220 -409.400574 -409.401054 -409.401753 -409.402810 -409.404445 -409.407019 -409.411148 -409.417938 -409.429516 -409.450356 -409.490932 -409.578576 -409.791742 -410.372082 -412.102698 -417.703668 -438.892697 -563.217838 -2331.950710 -2649.130547 -9999.0 -9999.0
-9999.0 -9999.0 -315.790036 -351.510157 -379.286581 -399.911446 -398.739508 -381.271844 -358.608225 -354.344930 -516.696866 -2300.672259 -2648.448997 -2648.514844 -2648.514851 -2648.514851 -2648.514851 -2648.514851 -2648.514851 -2648.514851 -2648.514851 -2648.514851 -2648.514851 -2648.514851 -2648.514851 -2648.514851 -2648.514851 -2648.514851 -2648.511010 -2605.069361 -707.845870 -393.017379 -354.329197 -246.779801 -62.563390 121.030838 304.106491 478.603238 364.695638 237.935465 94.697866 -72.013263 -254.592841 -517.001447 -1795.110484 -2647.545747 -2648.514610 -2648.514851 -2648.514851 -2648.514851 -2648.514851 -2648.514851 -2648.514851 -2648.514851 -2648.514851 -2648.514851 -2648.514851 -2648.514851 -2648.514314 -2646.948599 -1819.175224 -537.740930 -320.747720 -340.439145 -362.977452 -391.119662 -404.821086 -408.015382 -408.932529 -409.226058 -409.327954 -409.366775 -409.383150 -409.390779 -409.394660 -409.396783 -409.398017 -409.398774 -409.399270 -409.399627 -409.399924 -409.400221 -409.400576 -409.401056 -409.401754 -409.402811 -409.404446 -409.407021 -409.411150 -409.417940 -409.429517 -409.450357 -409.490933 -409.578577 -409.791743 -410.372083 -412.102699 -417.703669 -438.892699 -563.217848 -2331.950764 -2649.130547 -9999.0 -9999.0
-9999.0 -9999.0 -315.790036 -351.510157 -379.286582 -399.911447 -398.739508 -381.271844 -358.608225 -354.344931 -516.696869 -2300.672272 -2648.448997 -2648.514844 -2648.514851 -2648.514851 -2648.514851 -2648.514851 -2648.514851 -2648.514851 -2648.514851 -2648.514851 -2648.514851 -2648.514851 -2648.514851 -2648.514851 -2648.514851 -2648.514851 -2648.511010 -2605.069363 -707.845874 -393.017379 -354.329197 -246.779801 -62.563390 121.030838 304.106491 478.603238 364.695638 237.935465 94.697866 -72.013263 -254.592841 -517.001447 -1795.110484 -2647.545747 -2648.514610 -2648.514851 -2648.514851 -2648.514851 -2648.514851 -2648.514851 -2648.514851 -2648.514851 -2648.514851 -2648.514851 -2648.514851 -2648.514851 -2648.514314 -2646.948599 -1819.175224 -537.740930 -320.747720 -340.439145 -362.977452 -391.119662 -404.821087 -408.015383 -408.932530 -409.226060 -409.327955 -409.366776 -409.383151 -409.390780 -409.394661 -409.396784 -409.398018 -409.398775 -409.399271 -409.399628 -409.399925 -409.400222 -409.400577 -409.401057 -409.401756 -409.402812 -409.404448 -409.407022 -409.411151 -409.417941 -409.429518 -409.450358 -409.490934 -409.578579 -409.791745 -410.372084 -412.102700 -417.703670 -438.892702 -563.217859 -2331.950824 -2649.130547 -9999.0 -9999.0
-9999.0 -9999.0 -315.790036 -351.510157 -379.286582 -399.911447 -398.739508 -381.271844 -358.608225 -354.344931 -516.696869 -2300.672272 -2648.448997 -2648.514844 -2648.514851 -2648.514851 -2648.514851 -2648.514851 -2648.514851 -2648.514851 -2648.514851 -2648.514851 -2648.514851 -2648.514851 -2648.514851 -2648.514851 -2648.514851 -2648.514851 -2648.511010 -2605.069363 -707.845874 -393.017379 -354.329197 -246.779801 -62.563390 121.030838 304.106491 478.603238 364.695638 237.935465 94.697866 -72.013263 -254.592841 -517.001447 -1795.110484 -2647.545747 -2648.514610 -2648.514851 -2648.514851 -2648.514851 -2648.514851 -2648.514851 -2648.514851 -2648.514851 -2648.514851 -2648.514851 -2648.514851 -2648.514851 -2648.514314 -2646.948599 -1819.175224 -537.740930 -320.747720 -340.439145 -362.977452 -391.119662 -404.821087 -408.015383 -408.932530 -409.226060 -409.327955 -409.366776 -409.383151 -409.390780 -409.394661 -409.396784 -409.398018 -409.398775 -409.399271 -409.399628 -409.399925 -409.400222 -409.400577 -409.401057 -409.401756 -409.402812 -409.404448 -409.407022 -409.411151 -409.417941 -409.429518 -409.450358 -409.490934 -409.578579 -409.791745 -410.372084 -412.102700 -417.703670 -438.892702 -563.217859 -2331.950824 -2649.130547 -9999.0 -9999.0
-9999.0 -9999.0 -315.790036 -351.510157 -379.286581 -399.911446 -398.739508 -381.271844 -358.608225 -354.344930 -516.696866 -2300.672259 -2648.448997 -2648.514844 -2648.514851 -2648.514851 -2648.514851 -2648.514851 -2648.514851 -2648.514851 -2648.514851 -2648.514851 -2648.514851 -2648.514851 -2648.514851 -2648.514851 -2648.514851 -2648.514851 -2648.511010 -2605.069361 -707.845870 -393.017379 -354.329197 -246.779801 -62.563390 121.030838 304.106491 478.603238 364.695638 237.935465 94.697866 -72.013263 -254.592841 -517.001447 -1795.110484 -2647.545747 -2648.514610 -2648.514851 -2648.514851 -2648.514851 -2648.514851 -2648.514851 -2648.514851 -2648.514851 -2648.514851 -2648.514851 -2648.514851 -2648.514851 -2648.514314 -2646.948599 -1819.175224 -537.740930 -320.747720 -340.439145 -362.977452 -391.119662 -404.821086 -408.015382 -408.932529 -409.226058 -409.327954 -409.366775 -409.383150 -409.390779 -409.394660 -409.396783 -409.398017 -409.398774 -409.399270 -409.399627 -409.399924 -409.400221 -409.400576 -409.401056 -409.401754 -409.402811 -409.404446 -409.407021 -409.411150 -409.417940 -409.429517 -409.450357 -409.490933 -409.578577 -409.791743 -410.372083 -412.102699 -417.703669 -438.892699 -563.217848 -2331.950764 -2649.130547 -9999.0 -9999.0
-9999.0 -9999.0 -315.790036 -351.510157 -379.286581 -399.911445 -398.739507 -381.271843 -358.608224 -354.344930 -516.696862 -2300.672248 -2648.448997 -2648.514844 -2648.514851 -2648.514851 -2648.514851 -2648.514851 -2648.514851 -2648.514851 -2648.514851 -2648.514851 -2648.514851 -2648.514851 -2648.514851 -2648.514851 -2648.514851 -2648.514851 -2648.511010 -2605.069360 -707.845866 -393.017378 -354.329197 -246.779801 -62.563390 121.030838 304.106491 478.603238 364.695638 237.935465 94.697866 -72.013263 -254.592841 -517.001447 -1795.110484 -2647.545747 -2648.514610 -2648.514851 -2648.514851 -2648.514851 -2648.514851 -2648.514851 -2648.514851 -2648.514851 -2648.514851 -2648.514851 -2648.514851 -2648.514851 -2648.514314 -2646.948599 -1819.175223 -537.740930 -320.747720 -340.439145 -362.977452 -391.119661 -404.821085 -408.015381 -408.932528 -409.226057 -409.327953 -409.366774 -409.383149 -409.390778 -409.394659 -409.396782 -409.398015 -409.398773 -409.399269 -409.399626 -409.399923 -409.400220 -409.400574 -409.401054 -409.401753 -409.402810 -409.404445 -409.407019 -409.411148 -409.417938 -409.429516 -409.450356 -409.490932 -409.578576 -409.791742 -410.372082 -412.102698 -417.703668 -438.892697 -563.217838 -2331.950710 -2649.130547 -9999.0 -9999.0
-9999.0 -9999.0 -9999.0 -9999.0 -9999.0 -9999.0 -9999.0 -9999.0 -9999.0 -9999.0 -9999.0 -9999.0 -9999.0 -9999.0 -9999.0 -9999.0 -9999.0 -9999.0 -9999.0 -9999.0 -9999.0 -9999.0 -9999.0 -9999.0 -9999.0 -9999.0 -9999.0 -9999.0 -9999.0 -9999.0 -9999.0 -9999.0 -9999.0 -9999.0 -9999.0 -9999.0 -9999.0 -9999.0 -9999.0 -9999.0 -9999.0 -9999.0 -9999.0 -9999.0 -9999.0 -9999.0 -9999.0 -9999.0 -9999.0 -9999.0 -9999.0 -9999.0 -9999.0 -9999.0 -9999.0 -9999.0 -9999.0 -9999.0 -9999.0 -9999.0 -9999.0 -9999.0 -9999.0 -9999.0 -9999.0 -9999.0 -9999.0 -9999.0 -9999.0 -9999.0 -9999.0 -9999.0 -9999.0 -9999.0 -9999.0 -9999.0 -9999.0 -9999.0 -9999.0 -9999.0 -9999.0 -9999.0 -9999.0 -9999.0 -9999.0 -9999.0 -9999.0 -9999.0 -9999.0 -9999.0 -9999.0 -9999.0 -9999.0 -9999.0 -9999.0 -9999.0 -9999.0 -9999.0 -9999.0 -9999.0 -9999.0 -9999.0 -9999.0 -9999.0
-9999.0 -9999.0 -9999.0 -9999.0 -9999.0 -9999.0 -9999.0 -9999.0 -9999.0 -9999.0 -9999.0 -9999.0 -9999.0 -9999.0 -9999.0 -9999.0 -9999.0 -9999.0 -9999.0 -9999.0 -9999.0 -9999.0 -9999.0 -9999.0 -9999.0 -9999.0 -9999.0 -9999.0 -9999.0 -9999.0 -9999.0 -9999.0 -9999.0 -9999.0 -9999.0 -9999.0 -9999.0 -9999.0 -9999.0 -9999.0 -9999.0 -9999.0 -9999.0 -9999.0 -9999.0 -9999.0 -9999.0 -9999.0 -9999.0 -9999.0 -9999.0 -9999.0 -9999.0 -9999.0 -9999.0 -9999.0 -9999.0 -9999.0 -9999.0 -9999.0 -9999.0 -9999.0 -9999.0 -9999.0 -9999.0 -9999.0 -9999.0 -9999.0 -9999.0 -9999.0 -9999.0 -9999.0 -9999.0 -9999.0 -9999.0 -9999.0 -9999.0 -9999.0 -9999.0 -9999.0 -9999.0 -9999.0 -9999.0 -9999.0 -9999.0 -9999.0 -9999.0 -9999.0 -9999.0 -9999.0 -9999.0 -9999.0 -9999.0 -9999.0 -9999.0 -9999.0 -9999.0 -9999.0 -9999.0 -9999.0 -9999.0 -9999.0 -9999.0 -9999.0