examples/3D/hillslope02_superslab/output-maps-SE27XX/psiliqL0015N0001.asc
ncols         104
nrows         10
xllcorner     -2.000000
yllcorner     0.000000
cellsize      1.000000
NODATA_value  -9999.0
-9999.0 -9999.0 -9999.0 -9999.0 -9999.0 -9999.0 -9999.0 -9999.0 -9999.0 -9999.0 -9999.0 -9999.0 -9999.0 -9999.0 -9999.0 -9999.0 -9999.0 -9999.0 -9999.0 -9999.0 -9999.0 -9999.0 -9999.0 -9999.0 -9999.0 -9999.0 -9999.0 -9999.0 -9999.0 -9999.0 -9999.0 -9999.0 -9999.0 -9999.0 -9999.0 -9999.0 -9999.0 -9999.0 -9999.0 -9999.0 -9999.0 -9999.0 -9999.0 -9999.0 -9999.0 -9999.0 -9999.0 -9999.0 -9999.0 -9999.0 -9999.0 -9999.0 -9999.0 -9999.0 -9999.0 -9999.0 -9999.0 -9999.0 -9999.0 -9999.0 -9999.0 -9999.0 -9999.0 -9999.0 -9999.0 -9999.0 -9999.0 -9999.0 -9999.0 -9999.0 -9999.0 -9999.0 -9999.0 -9999.0 -9999.0 -9999.0 -9999.0 -9999.0 -9999.0 -9999.0 -9999.0 -9999.0 -9999.0 -9999.0 -9999.0 -9999.0 -9999.0 -9999.0 -9999.0 -9999.0 -9999.0 -9999.0 -9999.0 -9999.0 -9999.0 -9999.0 -9999.0 -9999.0 -9999.0 -9999.0 -9999.0 -9999.0 -9999.0 -9999.0
-9999.0 -9999.0 -9999.0 -9999.0 -9999.0 -9999.0 -9999.0 -9999.0 -9999.0 -9999.0 -9999.0 -9999.0 -9999.0 -9999.0 -9999.0 -9999.0 -9999.0 -9999.0 -9999.0 -9999.0 -9999.0 -9999.0 -9999.0 -9999.0 -9999.0 -9999.0 -9999.0 -9999.0 -9999.0 -9999.0 -9999.0 -9999.0 -9999.0 -9999.0 -9999.0 -9999.0 -9999.0 -9999.0 -9999.0 -9999.0 -9999.0 -9999.0 -9999.0 -9999.0 -9999.0 -9999.0 -9999.0 -9999.0 -9999.0 -9999.0 -9999.0 -9999.0 -9999.0 -9999.0 -9999.0 -9999.0 -9999.0 -9999.0 -9999.0 -9999.0 -9999.0 -9999.0 -9999.0 -9999.0 -9999.0 -9999.0 -9999.0 -9999.0 -9999.0 -9999.0 -9999.0 -9999.0 -9999.0 -9999.0 -9999.0 -9999.0 -9999.0 -9999.0 -9999.0 -9999.0 -9999.0 -9999.0 -9999.0 -9999.0 -9999.0 -9999.0 -9999.0 -9999.0 -9999.0 -9999.0 -9999.0 -9999.0 -9999.0 -9999.0 -9999.0 -9999.0 -9999.0 -9999.0 -9999.0 -9999.0 -9999.0 -9999.0 -9999.0 -9999.0
-9999.0 -9999.0 -322.309179 -347.500408 -353.694969 -355.123993 -354.937121 -352.820510 -345.277872 -328.625918 -355.917731 -364.920664 -370.195706 -376.689059 -380.470189 -376.347053 -374.533628 -306.846179 -196.652121 -107.030621 -31.948841 31.200514 -91.145235 -206.301013 -291.607530 -333.042532 -348.335601 -353.127542 -352.799757 -349.939822 -343.407707 -327.620738 -305.973415 -288.838040 -279.331772 -275.517522 -274.762024 -275.293217 -275.884145 -274.431346 -264.587135 -240.495595 -3032.919804 -4232.631085 -4232.673267 -4232.673267 -4232.673267 -4232.673267 -4232.673267 -4232.673267 -4232.673267 -4232.673267 -4232.673267 -4232.673267 -4232.673267 -4232.673267 -4232.673267 -4232.673267 -4232.673267 -4232.673267 -4232.627862 -3044.062894 -293.873778 -339.373606 -351.666088 -354.802652 -355.608854 -355.817196 -355.871139 -355.885113 -355.888734 -355.889672 -355.889915 -355.889978 -355.889995 -355.889999 -355.890000 -355.890000 -355.890000 -355.890000 -355.890000 -355.890000 -355.890000 -355.890000 -355.890000 -355.890000 -355.890001 -355.890001 -355.890003 -355.890009 -355.890031 -355.890115 -355.890429 -355.891599 -355.895976 -355.912335 -355.973388 -356.200247 -357.033506 -360.015047 -370.193180 -402.947181 -9999.0 -9999.0
-9999.0 -9999.0 -322.309179 -347.500408 -353.694969 -355.123993 -354.937121 -352.820510 -345.277872 -328.625918 -355.917731 -364.920664 -370.195706 -376.689059 -380.470189 -376.347053 -374.533628 -306.846179 -196.652122 -107.030621 -31.948841 31.200514 -91.145235 -206.301013 -291.607530 -333.042532 -348.335601 -353.127542 -352.799758 -349.939822 -343.407707 -327.620738 -305.973415 -288.838040 -279.331772 -275.517522 -274.762024 -275.293217 -275.884145 -274.431346 -264.587135 -240.495595 -3032.919804 -4232.631085 -4232.673267 -4232.673267 -4232.673267 -4232.673267 -4232.673267 -4232.673267 -4232.673267 -4232.673267 -4232.673267 -4232.673267 -4232.673267 -4232.673267 -4232.673267 -4232.673267 -4232.673267 -4232.673267 -4232.627862 -3044.062894 -293.873778 -339.373606 -351.666088 -354.802652 -355.608854 -355.817196 -355.871139 -355.885113 -355.888734 -355.889672 -355.889915 -355.889978 -355.889995 -355.889999 -355.890000 -355.890000 -355.890000 -355.890000 -355.890000 -355.890000 -355.890000 -355.890000 -355.890000 -355.890000 -355.890001 -355.890001 -355.890003 -355.890009 -355.890031 -355.890115 -355.890429 -355.891599 -355.895976 -355.912335 -355.973388 -356.200248 -357.033506 -360.015047 -370.193179 -402.947181 -9999.0 -9999.0
-9999.0 -9999.0 -322.309179 -347.500408 -353.694969 -355.123993 -354.937121 -352.820510 -345.277872 -328.625918 -355.917731 -364.920664 -370.195706 -376.689059 -380.470189 -376.347053 -374.533628 -306.846179 -196.652121 -107.030621 -31.948841 31.200514 -91.145235 -206.301013 -291.607530 -333.042532 -348.335601 -353.127542 -352.799758 -349.939822 -343.407707 -327.620738 -305.973415 -288.838040 -279.331772 -275.517522 -274.762024 -275.293217 -275.884145 -274.431346 -264.587135 -240.495595 -3032.919804 -4232.631085 -4232.673267 -4232.673267 -4232.673267 -4232.673267 -4232.673267 -4232.673267 -4232.673267 -4232.673267 -4232.673267 -4232.673267 -4232.673267 -4232.673267 -4232.673267 -4232.673267 -4232.673267 -4232.673267 -4232.627862 -3044.062894 -293.873778 -339.373606 -351.666088 -354.802652 -355.608854 -355.817196 -355.871139 -355.885113 -355.888734 -355.889672 -355.889915 -355.889978 -355.889995 -355.889999 -355.890000 -355.890000 -355.890000 -355.890000 -355.890000 -355.890000 -355.890000 -355.890000 -355.890001 -355.890001 -355.890001 -355.890001 -355.890003 -355.890009 -355.890031 -355.890115 -355.890429 -355.891599 -355.895976 -355.912335 -355.973388 -356.200247 -357.033507 -360.015048 -370.193179 -402.947181 -9999.0 -9999.0
-9999.0 -9999.0 -322.309179 -347.500408 -353.694969 -355.123993 -354.937121 -352.820510 -345.277872 -328.625918 -355.917731 -364.920664 -370.195706 -376.689059 -380.470189 -376.347053 -374.533628 -306.846179 -196.652121 -107.030621 -31.948841 31.200514 -91.145235 -206.301013 -291.607530 -333.042532 -348.335601 -353.127542 -352.799758 -349.939822 -343.407707 -327.620738 -305.973415 -288.838040 -279.331772 -275.517522 -274.762024 -275.293217 -275.884145 -274.431346 -264.587135 -240.495595 -3032.919804 -4232.631085 -4232.673267 -4232.673267 -4232.673267 -4232.673267 -4232.673267 -4232.673267 -4232.673267 -4232.673267 -4232.673267 -4232.673267 -4232.673267 -4232.673267 -4232.673267 -4232.673267 -4232.673267 -4232.673267 -4232.627862 -3044.062894 -293.873778 -339.373606 -351.666088 -354.802652 -355.608854 -355.817196 -355.871139 -355.885113 -355.888734 -355.889672 -355.889915 -355.889978 -355.889995 -355.889999 -355.890000 -355.890000 -355.890000 -355.890000 -355.890000 -355.890000 -355.890000 -355.890000 -355.890001 -355.890001 -355.890001 -355.890001 -355.890003 -355.890009 -355.890031 -355.890115 -355.890429 -355.891599 -355.895976 -355.912335 -355.973388 -356.200247 -357.033507 -360.015048 -370.193179 -402.947181 -9999.0 -9999.0
-9999.0 -9999.0 -322.309179 -347.500408 -353.694969 -355.123993 -354.937121 -352.820510 -345.277872 -328.625918 -355.917731 -364.920664 -370.195706 -376.689059 -380.470189 -376.347053 -374.533628 -306.846179 -196.652122 -107.030621 -31.948841 31.200514 -91.145235 -206.301013 -291.607530 -333.042532 -348.335601 -353.127542 -352.799758 -349.939822 -343.407707 -327.620738 -305.973415 -288.838040 -279.331772 -275.517522 -274.762024 -275.293217 -275.884145 -274.431346 -264.587135 -240.495595 -3032.919804 -4232.631085 -4232.673267 -4232.673267 -4232.673267 -4232.673267 -4232.673267 -4232.673267 -4232.673267 -4232.673267 -4232.673267 -4232.673267 -4232.673267 -4232.673267 -4232.673267 -4232.673267 -4232.673267 -4232.673267 -4232.627862 -3044.062894 -293.873778 -339.373606 -351.666088 -354.802652 -355.608854 -355.817196 -355.871139 -355.885113 -355.888734 -355.889672 -355.889915 -355.889978 -355.889995 -355.889999 -355.890000 -355.890000 -355.890000 -355.890000 -355.890000 -355.890000 -355.890000 -355.890000 -355.890000 -355.890000 -355.890001 -355.890001 -355.890003 -355.890009 -355.890031 -355.890115 -355.890429 -355.891599 -355.895976 -355.912335 -355.973388 -356.200248 -357.033506 -360.015047 -370.193179 -402.947181 -9999.0 -9999.0
-9999.0 -9999.0 -322.309179 -347.500408 -353.694969 -355.123993 -354.937121 -352.820510 -345.277872 -328.625918 -355.917731 -364.920664 -370.195706 -376.689059 -380.470189 -376.347053 -374.533628 -306.846179 -196.652121 -107.030621 -31.948841 31.200514 -91.145235 -206.301013 -291.607530 -333.042532 -348.335601 -353.127542 -352.799757 -349.939822 -343.407707 -327.620738 -305.973415 -288.838040 -279.331772 -275.517522 -274.762024 -275.293217 -275.884145 -274.431346 -264.587135 -240.495595 -3032.919804 -4232.631085 -4232.673267 -4232.673267 -4232.673267 -4232.673267 -4232.673267 -4232.673267 -4232.673267 -4232.673267 -4232.673267 -4232.673267 -4232.673267 -4232.673267 -4232.673267 -4232.673267 -4232.673267 -4232.673267 -4232.627862 -3044.062894 -293.873778 -339.373606 -351.666088 -354.802652 -355.608854 -355.817196 -355.871139 -355.885113 -355.888734 -355.889672 -355.889915 -355.889978 -355.889995 -355.889999 -355.890000 -355.890000 -355.890000 -355.890000 -355.890000 -355.890000 -355.890000 -355.890000 -355.890000 -355.890000 -355.890001 -355.890001 -355.890003 -355.890009 -355.890031 -355.890115 -355.890429 -355.891599 -355.895976 -355.912335 -355.973388 -356.200247 -357.033506 -360.015047 -370.193180 -402.947181 -9999.0 -9999.0
-9999.0 -9999.0 -9999.0 -9999.0 -9999.0 -9999.0 -9999.0 -9999.0 -9999.0 -9999.0 -9999.0 -9999.0 -9999.0 -9999.0 -9999.0 -9999.0 -9999.0 -9999.0 -9999.0 -9999.0 -9999.0 -9999.0 -9999.0 -9999.0 -9999.0 -9999.0 -9999.0 -9999.0 -9999.0 -9999.0 -9999.0 -9999.0 -9999.0 -9999.0 -9999.0 -9999.0 -9999.0 -9999.0 -9999.0 -9999.0 -9999.0 -9999.0 -9999.0 -9999.0 -9999.0 -9999.0 -9999.0 -9999.0 -9999.0 -9999.0 -9999.0 -9999.0 -9999.0 -9999.0 -9999.0 -9999.0 -9999.0 -9999.0 -9999.0 -9999.0 -9999.0 -9999.0 -9999.0 -9999.0 -9999.0 -9999.0 -9999.0 -9999.0 -9999.0 -9999.0 -9999.0 -9999.0 -9999.0 -9999.0 -9999.0 -9999.0 -9999.0 -9999.0 -9999.0 -9999.0 -9999.0 -9999.0 -9999.0 -9999.0 -9999.0 -9999.0 -9999.0 -9999.0 -9999.0 -9999.0 -9999.0 -9999.0 -9999.0 -9999.0 -9999.0 -9999.0 -9999.0 -9999.0 -9999.0 -9999.0 -9999.0 -9999.0 -9999.0 -9999.0
-9999.0 -9999.0 -9999.0 -9999.0 -9999.0 -9999.0 -9999.0 -9999.0 -9999.0 -9999.0 -9999.0 -9999.0 -9999.0 -9999.0 -9999.0 -9999.0 -9999.0 -9999.0 -9999.0 -9999.0 -9999.0 -9999.0 -9999.0 -9999.0 -9999.0 -9999.0 -9999.0 -9999.0 -9999.0 -9999.0 -9999.0 -9999.0 -9999.0 -9999.0 -9999.0 -9999.0 -9999.0 -9999.0 -9999.0 -9999.0 -9999.0 -9999.0 -9999.0 -9999.0 -9999.0 -9999.0 -9999.0 -9999.0 -9999.0 -9999.0 -9999.0 -9999.0 -9999.0 -9999.0 -9999.0 -9999.0 -9999.0 -9999.0 -9999.0 -9999.0 -9999.0 -9999.0 -9999.0 -9999.0 -9999.0 -9999.0 -9999.0 -9999.0 -9999.0 -9999.0 -9999.0 -9999.0 -9999.0 -9999.0 -9999.0 -9999.0 -9999.0 -9999.0 -9999.0 -9999.0 -9999.0 -9999.0 -9999.0 -9999.0 -9999.0 -9999.0 -9999.0 -9999.0 -9999.0 -9999.0 -9999.0 -9999.0 -9999.0 -9999.0 -9999.0 -9999.0 -9999.0 -9999.0 -9999.0 -9999.0 -9999.0 -9999.0 -9999.0 -9999.0