examples/3D/hillslope02_superslab/output-maps-SE27XX/psiliqL0000N0001.asc
ncols         104
nrows         10
xllcorner     -2.000000
yllcorner     0.000000
cellsize      1.000000
NODATA_value  -9999.0
-9999.0 -9999.0 -9999.0 -9999.0 -9999.0 -9999.0 -9999.0 -9999.0 -9999.0 -9999.0 -9999.0 -9999.0 -9999.0 -9999.0 -9999.0 -9999.0 -9999.0 -9999.0 -9999.0 -9999.0 -9999.0 -9999.0 -9999.0 -9999.0 -9999.0 -9999.0 -9999.0 -9999.0 -9999.0 -9999.0 -9999.0 -9999.0 -9999.0 -9999.0 -9999.0 -9999.0 -9999.0 -9999.0 -9999.0 -9999.0 -9999.0 -9999.0 -9999.0 -9999.0 -9999.0 -9999.0 -9999.0 -9999.0 -9999.0 -9999.0 -9999.0 -9999.0 -9999.0 -9999.0 -9999.0 -9999.0 -9999.0 -9999.0 -9999.0 -9999.0 -9999.0 -9999.0 -9999.0 -9999.0 -9999.0 -9999.0 -9999.0 -9999.0 -9999.0 -9999.0 -9999.0 -9999.0 -9999.0 -9999.0 -9999.0 -9999.0 -9999.0 -9999.0 -9999.0 -9999.0 -9999.0 -9999.0 -9999.0 -9999.0 -9999.0 -9999.0 -9999.0 -9999.0 -9999.0 -9999.0 -9999.0 -9999.0 -9999.0 -9999.0 -9999.0 -9999.0 -9999.0 -9999.0 -9999.0 -9999.0 -9999.0 -9999.0 -9999.0 -9999.0
-9999.0 -9999.0 -9999.0 -9999.0 -9999.0 -9999.0 -9999.0 -9999.0 -9999.0 -9999.0 -9999.0 -9999.0 -9999.0 -9999.0 -9999.0 -9999.0 -9999.0 -9999.0 -9999.0 -9999.0 -9999.0 -9999.0 -9999.0 -9999.0 -9999.0 -9999.0 -9999.0 -9999.0 -9999.0 -9999.0 -9999.0 -9999.0 -9999.0 -9999.0 -9999.0 -9999.0 -9999.0 -9999.0 -9999.0 -9999.0 -9999.0 -9999.0 -9999.0 -9999.0 -9999.0 -9999.0 -9999.0 -9999.0 -9999.0 -9999.0 -9999.0 -9999.0 -9999.0 -9999.0 -9999.0 -9999.0 -9999.0 -9999.0 -9999.0 -9999.0 -9999.0 -9999.0 -9999.0 -9999.0 -9999.0 -9999.0 -9999.0 -9999.0 -9999.0 -9999.0 -9999.0 -9999.0 -9999.0 -9999.0 -9999.0 -9999.0 -9999.0 -9999.0 -9999.0 -9999.0 -9999.0 -9999.0 -9999.0 -9999.0 -9999.0 -9999.0 -9999.0 -9999.0 -9999.0 -9999.0 -9999.0 -9999.0 -9999.0 -9999.0 -9999.0 -9999.0 -9999.0 -9999.0 -9999.0 -9999.0 -9999.0 -9999.0 -9999.0 -9999.0
-9999.0 -9999.0 -350.337826 -372.876521 -378.497853 -379.834234 -379.774111 -378.232785 0.000000 0.000000 0.000022 0.001431 0.011672 0.025857 0.024242 -55.398219 -136.672280 -221.316074 -292.016551 -337.358949 -361.519881 -372.812676 -377.594557 -379.462235 -380.142249 -380.370733 -380.421650 -380.341873 -379.953929 -378.470988 -372.942639 -356.607520 -332.698883 0.000000 0.000001 0.000619 0.023492 0.145009 0.316567 0.417209 0.448358 0.447635 0.436043 0.421447 0.406120 0.390525 0.374729 0.358746 0.342547 0.326029 0.308978 0.291041 0.271729 0.250475 0.226748 0.200214 0.170868 0.139117 0.105761 0.071894 0.038599 -67.577819 -318.897571 -365.375673 -376.631425 -379.499573 -380.239546 -380.431062 -380.480670 -380.493522 -380.496852 -380.497715 -380.497939 -380.497996 -380.498011 -380.498015 -380.498016 -380.498017 -380.498017 -380.498017 -380.498017 -380.498017 -380.498017 -380.498017 -380.498017 -380.498017 -380.498017 -380.498017 -380.498018 -380.498023 -380.498038 -380.498098 -380.498321 -380.499155 -380.502275 -380.513946 -380.557609 -380.720940 -381.331711 -383.612533 -392.080140 -422.723066 -9999.0 -9999.0
-9999.0 -9999.0 -350.337826 -372.876521 -378.497853 -379.834234 -379.774111 -378.232785 0.000000 0.000000 0.000022 0.001431 0.011672 0.025857 0.024242 -55.398218 -136.672278 -221.316075 -292.016551 -337.358949 -361.519881 -372.812676 -377.594557 -379.462235 -380.142250 -380.370733 -380.421650 -380.341874 -379.953929 -378.470988 -372.942639 -356.607520 -332.698883 0.000000 0.000001 0.000619 0.023492 0.145009 0.316567 0.417209 0.448358 0.447635 0.436043 0.421447 0.406120 0.390525 0.374729 0.358746 0.342547 0.326029 0.308978 0.291041 0.271729 0.250475 0.226748 0.200214 0.170868 0.139117 0.105761 0.071894 0.038599 -67.577819 -318.897571 -365.375673 -376.631425 -379.499573 -380.239546 -380.431062 -380.480670 -380.493522 -380.496852 -380.497715 -380.497939 -380.497997 -380.498012 -380.498016 -380.498017 -380.498017 -380.498017 -380.498017 -380.498017 -380.498017 -380.498017 -380.498017 -380.498017 -380.498017 -380.498017 -380.498017 -380.498018 -380.498023 -380.498039 -380.498098 -380.498321 -380.499155 -380.502275 -380.513946 -380.557610 -380.720941 -381.331712 -383.612533 -392.080139 -422.723069 -9999.0 -9999.0
-9999.0 -9999.0 -350.337826 -372.876521 -378.497853 -379.834234 -379.774111 -378.232785 0.000000 0.000000 0.000022 0.001431 0.011672 0.025857 0.024242 -55.398219 -136.672279 -221.316075 -292.016551 -337.358949 -361.519881 -372.812676 -377.594557 -379.462235 -380.142250 -380.370733 -380.421650 -380.341874 -379.953929 -378.470988 -372.942639 -356.607520 -332.698883 0.000000 0.000001 0.000619 0.023492 0.145009 0.316567 0.417209 0.448358 0.447635 0.436043 0.421447 0.406120 0.390525 0.374729 0.358746 0.342547 0.326029 0.308978 0.291041 0.271729 0.250475 0.226748 0.200214 0.170868 0.139117 0.105761 0.071894 0.038599 -67.577819 -318.897571 -365.375673 -376.631425 -379.499573 -380.239546 -380.431062 -380.480670 -380.493522 -380.496852 -380.497715 -380.497939 -380.497997 -380.498012 -380.498016 -380.498017 -380.498017 -380.498017 -380.498017 -380.498017 -380.498017 -380.498017 -380.498017 -380.498017 -380.498017 -380.498017 -380.498017 -380.498018 -380.498023 -380.498039 -380.498098 -380.498321 -380.499155 -380.502275 -380.513946 -380.557610 -380.720941 -381.331711 -383.612534 -392.080139 -422.723068 -9999.0 -9999.0
-9999.0 -9999.0 -350.337826 -372.876521 -378.497853 -379.834234 -379.774111 -378.232785 0.000000 0.000000 0.000022 0.001431 0.011672 0.025857 0.024242 -55.398219 -136.672279 -221.316075 -292.016551 -337.358949 -361.519881 -372.812676 -377.594557 -379.462235 -380.142250 -380.370733 -380.421650 -380.341874 -379.953929 -378.470988 -372.942639 -356.607520 -332.698883 0.000000 0.000001 0.000619 0.023492 0.145009 0.316567 0.417209 0.448358 0.447635 0.436043 0.421447 0.406120 0.390525 0.374729 0.358746 0.342547 0.326029 0.308978 0.291041 0.271729 0.250475 0.226748 0.200214 0.170868 0.139117 0.105761 0.071894 0.038599 -67.577819 -318.897571 -365.375673 -376.631425 -379.499573 -380.239546 -380.431062 -380.480670 -380.493522 -380.496852 -380.497715 -380.497939 -380.497997 -380.498012 -380.498016 -380.498017 -380.498017 -380.498017 -380.498017 -380.498017 -380.498017 -380.498017 -380.498017 -380.498017 -380.498017 -380.498017 -380.498017 -380.498018 -380.498023 -380.498039 -380.498098 -380.498321 -380.499155 -380.502275 -380.513946 -380.557610 -380.720941 -381.331711 -383.612534 -392.080139 -422.723068 -9999.0 -9999.0
-9999.0 -9999.0 -350.337826 -372.876521 -378.497853 -379.834234 -379.774111 -378.232785 0.000000 0.000000 0.000022 0.001431 0.011672 0.025857 0.024242 -55.398218 -136.672278 -221.316075 -292.016551 -337.358949 -361.519881 -372.812676 -377.594557 -379.462235 -380.142250 -380.370733 -380.421650 -380.341874 -379.953929 -378.470988 -372.942639 -356.607520 -332.698883 0.000000 0.000001 0.000619 0.023492 0.145009 0.316567 0.417209 0.448358 0.447635 0.436043 0.421447 0.406120 0.390525 0.374729 0.358746 0.342547 0.326029 0.308978 0.291041 0.271729 0.250475 0.226748 0.200214 0.170868 0.139117 0.105761 0.071894 0.038599 -67.577819 -318.897571 -365.375673 -376.631425 -379.499573 -380.239546 -380.431062 -380.480670 -380.493522 -380.496852 -380.497715 -380.497939 -380.497997 -380.498012 -380.498016 -380.498017 -380.498017 -380.498017 -380.498017 -380.498017 -380.498017 -380.498017 -380.498017 -380.498017 -380.498017 -380.498017 -380.498017 -380.498018 -380.498023 -380.498039 -380.498098 -380.498321 -380.499155 -380.502275 -380.513946 -380.557610 -380.720941 -381.331712 -383.612533 -392.080139 -422.723069 -9999.0 -9999.0
-9999.0 -9999.0 -350.337826 -372.876521 -378.497853 -379.834234 -379.774111 -378.232785 0.000000 0.000000 0.000022 0.001431 0.011672 0.025857 0.024242 -55.398219 -136.672280 -221.316074 -292.016551 -337.358949 -361.519881 -372.812676 -377.594557 -379.462235 -380.142249 -380.370733 -380.421650 -380.341873 -379.953929 -378.470988 -372.942639 -356.607520 -332.698883 0.000000 0.000001 0.000619 0.023492 0.145009 0.316567 0.417209 0.448358 0.447635 0.436043 0.421447 0.406120 0.390525 0.374729 0.358746 0.342547 0.326029 0.308978 0.291041 0.271729 0.250475 0.226748 0.200214 0.170868 0.139117 0.105761 0.071894 0.038599 -67.577819 -318.897571 -365.375673 -376.631425 -379.499573 -380.239546 -380.431062 -380.480670 -380.493522 -380.496852 -380.497715 -380.497939 -380.497996 -380.498011 -380.498015 -380.498016 -380.498017 -380.498017 -380.498017 -380.498017 -380.498017 -380.498017 -380.498017 -380.498017 -380.498017 -380.498017 -380.498017 -380.498018 -380.498023 -380.498038 -380.498098 -380.498321 -380.499155 -380.502275 -380.513946 -380.557609 -380.720940 -381.331711 -383.612533 -392.080140 -422.723066 -9999.0 -9999.0
-9999.0 -9999.0 -9999.0 -9999.0 -9999.0 -9999.0 -9999.0 -9999.0 -9999.0 -9999.0 -9999.0 -9999.0 -9999.0 -9999.0 -9999.0 -9999.0 -9999.0 -9999.0 -9999.0 -9999.0 -9999.0 -9999.0 -9999.0 -9999.0 -9999.0 -9999.0 -9999.0 -9999.0 -9999.0 -9999.0 -9999.0 -9999.0 -9999.0 -9999.0 -9999.0 -9999.0 -9999.0 -9999.0 -9999.0 -9999.0 -9999.0 -9999.0 -9999.0 -9999.0 -9999.0 -9999.0 -9999.0 -9999.0 -9999.0 -9999.0 -9999.0 -9999.0 -9999.0 -9999.0 -9999.0 -9999.0 -9999.0 -9999.0 -9999.0 -9999.0 -9999.0 -9999.0 -9999.0 -9999.0 -9999.0 -9999.0 -9999.0 -9999.0 -9999.0 -9999.0 -9999.0 -9999.0 -9999.0 -9999.0 -9999.0 -9999.0 -9999.0 -9999.0 -9999.0 -9999.0 -9999.0 -9999.0 -9999.0 -9999.0 -9999.0 -9999.0 -9999.0 -9999.0 -9999.0 -9999.0 -9999.0 -9999.0 -9999.0 -9999.0 -9999.0 -9999.0 -9999.0 -9999.0 -9999.0 -9999.0 -9999.0 -9999.0 -9999.0 -9999.0
-9999.0 -9999.0 -9999.0 -9999.0 -9999.0 -9999.0 -9999.0 -9999.0 -9999.0 -9999.0 -9999.0 -9999.0 -9999.0 -9999.0 -9999.0 -9999.0 -9999.0 -9999.0 -9999.0 -9999.0 -9999.0 -9999.0 -9999.0 -9999.0 -9999.0 -9999.0 -9999.0 -9999.0 -9999.0 -9999.0 -9999.0 -9999.0 -9999.0 -9999.0 -9999.0 -9999.0 -9999.0 -9999.0 -9999.0 -9999.0 -9999.0 -9999.0 -9999.0 -9999.0 -9999.0 -9999.0 -9999.0 -9999.0 -9999.0 -9999.0 -9999.0 -9999.0 -9999.0 -9999.0 -9999.0 -9999.0 -9999.0 -9999.0 -9999.0 -9999.0 -9999.0 -9999.0 -9999.0 -9999.0 -9999.0 -9999.0 -9999.0 -9999.0 -9999.0 -9999.0 -9999.0 -9999.0 -9999.0 -9999.0 -9999.0 -9999.0 -9999.0 -9999.0 -9999.0 -9999.0 -9999.0 -9999.0 -9999.0 -9999.0 -9999.0 -9999.0 -9999.0 -9999.0 -9999.0 -9999.0 -9999.0 -9999.0 -9999.0 -9999.0 -9999.0 -9999.0 -9999.0 -9999.0 -9999.0 -9999.0 -9999.0 -9999.0 -9999.0 -9999.0