examples/3D/hillslope02_superslab/output-maps-SE27XX/psiliqL0082N0002.asc
ncols         104
nrows         10
xllcorner     -2.000000
yllcorner     0.000000
cellsize      1.000000
NODATA_value  -9999.0
-9999.0 -9999.0 -9999.0 -9999.0 -9999.0 -9999.0 -9999.0 -9999.0 -9999.0 -9999.0 -9999.0 -9999.0 -9999.0 -9999.0 -9999.0 -9999.0 -9999.0 -9999.0 -9999.0 -9999.0 -9999.0 -9999.0 -9999.0 -9999.0 -9999.0 -9999.0 -9999.0 -9999.0 -9999.0 -9999.0 -9999.0 -9999.0 -9999.0 -9999.0 -9999.0 -9999.0 -9999.0 -9999.0 -9999.0 -9999.0 -9999.0 -9999.0 -9999.0 -9999.0 -9999.0 -9999.0 -9999.0 -9999.0 -9999.0 -9999.0 -9999.0 -9999.0 -9999.0 -9999.0 -9999.0 -9999.0 -9999.0 -9999.0 -9999.0 -9999.0 -9999.0 -9999.0 -9999.0 -9999.0 -9999.0 -9999.0 -9999.0 -9999.0 -9999.0 -9999.0 -9999.0 -9999.0 -9999.0 -9999.0 -9999.0 -9999.0 -9999.0 -9999.0 -9999.0 -9999.0 -9999.0 -9999.0 -9999.0 -9999.0 -9999.0 -9999.0 -9999.0 -9999.0 -9999.0 -9999.0 -9999.0 -9999.0 -9999.0 -9999.0 -9999.0 -9999.0 -9999.0 -9999.0 -9999.0 -9999.0 -9999.0 -9999.0 -9999.0 -9999.0
-9999.0 -9999.0 -9999.0 -9999.0 -9999.0 -9999.0 -9999.0 -9999.0 -9999.0 -9999.0 -9999.0 -9999.0 -9999.0 -9999.0 -9999.0 -9999.0 -9999.0 -9999.0 -9999.0 -9999.0 -9999.0 -9999.0 -9999.0 -9999.0 -9999.0 -9999.0 -9999.0 -9999.0 -9999.0 -9999.0 -9999.0 -9999.0 -9999.0 -9999.0 -9999.0 -9999.0 -9999.0 -9999.0 -9999.0 -9999.0 -9999.0 -9999.0 -9999.0 -9999.0 -9999.0 -9999.0 -9999.0 -9999.0 -9999.0 -9999.0 -9999.0 -9999.0 -9999.0 -9999.0 -9999.0 -9999.0 -9999.0 -9999.0 -9999.0 -9999.0 -9999.0 -9999.0 -9999.0 -9999.0 -9999.0 -9999.0 -9999.0 -9999.0 -9999.0 -9999.0 -9999.0 -9999.0 -9999.0 -9999.0 -9999.0 -9999.0 -9999.0 -9999.0 -9999.0 -9999.0 -9999.0 -9999.0 -9999.0 -9999.0 -9999.0 -9999.0 -9999.0 -9999.0 -9999.0 -9999.0 -9999.0 -9999.0 -9999.0 -9999.0 -9999.0 -9999.0 -9999.0 -9999.0 -9999.0 -9999.0 -9999.0 -9999.0 -9999.0 -9999.0
-9999.0 -9999.0 713.802971 612.569580 511.863530 412.398113 314.596232 218.640470 124.299043 30.596900 -63.090368 -152.012838 -230.695383 -294.793516 -353.594819 -349.274581 -328.802174 -308.446888 -285.795710 -260.057359 -232.162732 -203.505820 -176.024362 -150.627161 -128.217854 -108.930604 -93.705000 -81.987054 -74.040890 -70.004085 -69.937690 -73.890220 -81.943011 -94.293369 -110.283096 -130.200094 -153.422802 -179.480576 -206.925878 -234.521014 -260.809658 -284.732140 -305.841485 -323.776185 -338.943418 -352.161100 -364.608773 -379.166830 -420.102046 -830.642876 -898.063323 -908.410696 -884.607587 -872.583797 -856.052095 -833.612366 -804.016668 -766.359100 -720.296589 -657.946407 -523.628779 -377.243225 -311.015361 -312.340028 -317.242819 -318.091617 -317.733127 -317.451706 -317.531348 -317.960935 -318.667196 -319.578976 -320.638034 -321.803850 -323.048791 -324.354557 -325.708917 -327.103029 -328.530156 -329.987698 -331.483487 -333.020485 -334.599070 -336.211155 -337.839367 -339.478274 -341.131135 -342.781379 -344.392244 -345.960276 -347.467998 -348.876972 -350.187867 -351.368315 -352.429368 -353.396696 -354.393601 -355.833252 -358.939391 -367.523061 -401.643793 -688.393598 -9999.0 -9999.0
-9999.0 -9999.0 713.802969 612.569578 511.863528 412.398111 314.596231 218.640469 124.299042 30.596899 -63.090368 -152.012839 -230.695383 -294.793516 -353.594820 -349.274582 -328.802174 -308.446888 -285.795710 -260.057359 -232.162732 -203.505820 -176.024362 -150.627161 -128.217854 -108.930604 -93.705000 -81.987054 -74.040890 -70.004085 -69.937690 -73.890220 -81.943011 -94.293369 -110.283096 -130.200094 -153.422802 -179.480576 -206.925878 -234.521014 -260.809658 -284.732140 -305.841485 -323.776185 -338.943418 -352.161100 -364.608773 -379.166830 -420.102046 -830.642876 -898.063323 -908.410696 -884.607587 -872.583797 -856.052095 -833.612366 -804.016668 -766.359100 -720.296589 -657.946407 -523.628779 -377.243225 -311.015361 -312.340029 -317.242820 -318.091617 -317.733128 -317.451707 -317.531349 -317.960936 -318.667196 -319.578977 -320.638035 -321.803851 -323.048792 -324.354558 -325.708918 -327.103030 -328.530156 -329.987699 -331.483488 -333.020486 -334.599070 -336.211156 -337.839368 -339.478275 -341.131136 -342.781380 -344.392244 -345.960277 -347.467999 -348.876973 -350.187868 -351.368316 -352.429369 -353.396697 -354.393602 -355.833253 -358.939392 -367.523062 -401.643795 -688.393607 -9999.0 -9999.0
-9999.0 -9999.0 713.802967 612.569577 511.863526 412.398110 314.596230 218.640468 124.299041 30.596899 -63.090368 -152.012839 -230.695384 -294.793517 -353.594821 -349.274583 -328.802175 -308.446888 -285.795711 -260.057359 -232.162732 -203.505820 -176.024362 -150.627161 -128.217854 -108.930604 -93.705000 -81.987054 -74.040890 -70.004085 -69.937690 -73.890220 -81.943011 -94.293369 -110.283096 -130.200094 -153.422802 -179.480576 -206.925878 -234.521014 -260.809658 -284.732140 -305.841485 -323.776185 -338.943418 -352.161100 -364.608773 -379.166830 -420.102046 -830.642876 -898.063323 -908.410696 -884.607587 -872.583797 -856.052095 -833.612366 -804.016668 -766.359100 -720.296589 -657.946407 -523.628779 -377.243225 -311.015361 -312.340029 -317.242820 -318.091617 -317.733128 -317.451707 -317.531349 -317.960936 -318.667197 -319.578978 -320.638035 -321.803851 -323.048792 -324.354558 -325.708918 -327.103031 -328.530157 -329.987699 -331.483488 -333.020486 -334.599071 -336.211156 -337.839368 -339.478275 -341.131136 -342.781381 -344.392245 -345.960277 -347.467999 -348.876974 -350.187869 -351.368316 -352.429369 -353.396697 -354.393602 -355.833253 -358.939393 -367.523062 -401.643795 -688.393607 -9999.0 -9999.0
-9999.0 -9999.0 713.802967 612.569577 511.863527 412.398110 314.596230 218.640468 124.299041 30.596899 -63.090368 -152.012839 -230.695384 -294.793517 -353.594821 -349.274583 -328.802175 -308.446888 -285.795711 -260.057359 -232.162732 -203.505820 -176.024362 -150.627161 -128.217854 -108.930604 -93.705000 -81.987054 -74.040890 -70.004085 -69.937690 -73.890220 -81.943011 -94.293369 -110.283096 -130.200094 -153.422802 -179.480576 -206.925878 -234.521014 -260.809658 -284.732140 -305.841485 -323.776185 -338.943418 -352.161100 -364.608773 -379.166830 -420.102046 -830.642876 -898.063323 -908.410696 -884.607587 -872.583797 -856.052095 -833.612366 -804.016668 -766.359100 -720.296589 -657.946407 -523.628779 -377.243225 -311.015361 -312.340029 -317.242820 -318.091617 -317.733128 -317.451707 -317.531349 -317.960936 -318.667197 -319.578978 -320.638035 -321.803851 -323.048792 -324.354558 -325.708918 -327.103031 -328.530157 -329.987699 -331.483488 -333.020486 -334.599071 -336.211156 -337.839368 -339.478275 -341.131136 -342.781381 -344.392245 -345.960277 -347.467999 -348.876974 -350.187869 -351.368316 -352.429369 -353.396697 -354.393602 -355.833253 -358.939393 -367.523062 -401.643795 -688.393607 -9999.0 -9999.0
-9999.0 -9999.0 713.802969 612.569578 511.863528 412.398111 314.596231 218.640469 124.299042 30.596899 -63.090368 -152.012839 -230.695383 -294.793516 -353.594820 -349.274582 -328.802174 -308.446888 -285.795710 -260.057359 -232.162732 -203.505820 -176.024362 -150.627161 -128.217854 -108.930604 -93.705000 -81.987054 -74.040890 -70.004085 -69.937690 -73.890220 -81.943011 -94.293369 -110.283096 -130.200094 -153.422802 -179.480576 -206.925878 -234.521014 -260.809658 -284.732140 -305.841485 -323.776185 -338.943418 -352.161100 -364.608773 -379.166830 -420.102046 -830.642876 -898.063323 -908.410696 -884.607587 -872.583797 -856.052095 -833.612366 -804.016668 -766.359100 -720.296589 -657.946407 -523.628779 -377.243225 -311.015361 -312.340029 -317.242820 -318.091617 -317.733128 -317.451707 -317.531349 -317.960936 -318.667196 -319.578977 -320.638035 -321.803851 -323.048792 -324.354558 -325.708918 -327.103030 -328.530156 -329.987699 -331.483488 -333.020486 -334.599070 -336.211156 -337.839368 -339.478275 -341.131136 -342.781380 -344.392244 -345.960277 -347.467999 -348.876973 -350.187868 -351.368316 -352.429369 -353.396697 -354.393602 -355.833253 -358.939392 -367.523062 -401.643795 -688.393607 -9999.0 -9999.0
-9999.0 -9999.0 713.802971 612.569580 511.863530 412.398113 314.596232 218.640470 124.299043 30.596900 -63.090368 -152.012838 -230.695383 -294.793516 -353.594819 -349.274581 -328.802174 -308.446888 -285.795710 -260.057359 -232.162732 -203.505820 -176.024362 -150.627161 -128.217854 -108.930604 -93.705000 -81.987054 -74.040890 -70.004085 -69.937690 -73.890220 -81.943011 -94.293369 -110.283096 -130.200094 -153.422802 -179.480576 -206.925878 -234.521014 -260.809658 -284.732140 -305.841485 -323.776185 -338.943418 -352.161100 -364.608773 -379.166830 -420.102046 -830.642876 -898.063323 -908.410696 -884.607587 -872.583797 -856.052095 -833.612366 -804.016668 -766.359100 -720.296589 -657.946407 -523.628779 -377.243225 -311.015361 -312.340028 -317.242819 -318.091617 -317.733127 -317.451706 -317.531348 -317.960935 -318.667196 -319.578976 -320.638034 -321.803850 -323.048791 -324.354557 -325.708917 -327.103029 -328.530156 -329.987698 -331.483487 -333.020485 -334.599070 -336.211155 -337.839367 -339.478274 -341.131135 -342.781379 -344.392244 -345.960276 -347.467998 -348.876972 -350.187867 -351.368315 -352.429368 -353.396696 -354.393601 -355.833252 -358.939391 -367.523061 -401.643793 -688.393598 -9999.0 -9999.0
-9999.0 -9999.0 -9999.0 -9999.0 -9999.0 -9999.0 -9999.0 -9999.0 -9999.0 -9999.0 -9999.0 -9999.0 -9999.0 -9999.0 -9999.0 -9999.0 -9999.0 -9999.0 -9999.0 -9999.0 -9999.0 -9999.0 -9999.0 -9999.0 -9999.0 -9999.0 -9999.0 -9999.0 -9999.0 -9999.0 -9999.0 -9999.0 -9999.0 -9999.0 -9999.0 -9999.0 -9999.0 -9999.0 -9999.0 -9999.0 -9999.0 -9999.0 -9999.0 -9999.0 -9999.0 -9999.0 -9999.0 -9999.0 -9999.0 -9999.0 -9999.0 -9999.0 -9999.0 -9999.0 -9999.0 -9999.0 -9999.0 -9999.0 -9999.0 -9999.0 -9999.0 -9999.0 -9999.0 -9999.0 -9999.0 -9999.0 -9999.0 -9999.0 -9999.0 -9999.0 -9999.0 -9999.0 -9999.0 -9999.0 -9999.0 -9999.0 -9999.0 -9999.0 -9999.0 -9999.0 -9999.0 -9999.0 -9999.0 -9999.0 -9999.0 -9999.0 -9999.0 -9999.0 -9999.0 -9999.0 -9999.0 -9999.0 -9999.0 -9999.0 -9999.0 -9999.0 -9999.0 -9999.0 -9999.0 -9999.0 -9999.0 -9999.0 -9999.0 -9999.0
-9999.0 -9999.0 -9999.0 -9999.0 -9999.0 -9999.0 -9999.0 -9999.0 -9999.0 -9999.0 -9999.0 -9999.0 -9999.0 -9999.0 -9999.0 -9999.0 -9999.0 -9999.0 -9999.0 -9999.0 -9999.0 -9999.0 -9999.0 -9999.0 -9999.0 -9999.0 -9999.0 -9999.0 -9999.0 -9999.0 -9999.0 -9999.0 -9999.0 -9999.0 -9999.0 -9999.0 -9999.0 -9999.0 -9999.0 -9999.0 -9999.0 -9999.0 -9999.0 -9999.0 -9999.0 -9999.0 -9999.0 -9999.0 -9999.0 -9999.0 -9999.0 -9999.0 -9999.0 -9999.0 -9999.0 -9999.0 -9999.0 -9999.0 -9999.0 -9999.0 -9999.0 -9999.0 -9999.0 -9999.0 -9999.0 -9999.0 -9999.0 -9999.0 -9999.0 -9999.0 -9999.0 -9999.0 -9999.0 -9999.0 -9999.0 -9999.0 -9999.0 -9999.0 -9999.0 -9999.0 -9999.0 -9999.0 -9999.0 -9999.0 -9999.0 -9999.0 -9999.0 -9999.0 -9999.0 -9999.0 -9999.0 -9999.0 -9999.0 -9999.0 -9999.0 -9999.0 -9999.0 -9999.0 -9999.0 -9999.0 -9999.0 -9999.0 -9999.0 -9999.0