examples/3D/hillslope02_superslab/output-maps-SE27XX/psiliqL0030N0003.asc
ncols         104
nrows         10
xllcorner     -2.000000
yllcorner     0.000000
cellsize      1.000000
NODATA_value  -9999.0
-9999.0 -9999.0 -9999.0 -9999.0 -9999.0 -9999.0 -9999.0 -9999.0 -9999.0 -9999.0 -9999.0 -9999.0 -9999.0 -9999.0 -9999.0 -9999.0 -9999.0 -9999.0 -9999.0 -9999.0 -9999.0 -9999.0 -9999.0 -9999.0 -9999.0 -9999.0 -9999.0 -9999.0 -9999.0 -9999.0 -9999.0 -9999.0 -9999.0 -9999.0 -9999.0 -9999.0 -9999.0 -9999.0 -9999.0 -9999.0 -9999.0 -9999.0 -9999.0 -9999.0 -9999.0 -9999.0 -9999.0 -9999.0 -9999.0 -9999.0 -9999.0 -9999.0 -9999.0 -9999.0 -9999.0 -9999.0 -9999.0 -9999.0 -9999.0 -9999.0 -9999.0 -9999.0 -9999.0 -9999.0 -9999.0 -9999.0 -9999.0 -9999.0 -9999.0 -9999.0 -9999.0 -9999.0 -9999.0 -9999.0 -9999.0 -9999.0 -9999.0 -9999.0 -9999.0 -9999.0 -9999.0 -9999.0 -9999.0 -9999.0 -9999.0 -9999.0 -9999.0 -9999.0 -9999.0 -9999.0 -9999.0 -9999.0 -9999.0 -9999.0 -9999.0 -9999.0 -9999.0 -9999.0 -9999.0 -9999.0 -9999.0 -9999.0 -9999.0 -9999.0
-9999.0 -9999.0 -9999.0 -9999.0 -9999.0 -9999.0 -9999.0 -9999.0 -9999.0 -9999.0 -9999.0 -9999.0 -9999.0 -9999.0 -9999.0 -9999.0 -9999.0 -9999.0 -9999.0 -9999.0 -9999.0 -9999.0 -9999.0 -9999.0 -9999.0 -9999.0 -9999.0 -9999.0 -9999.0 -9999.0 -9999.0 -9999.0 -9999.0 -9999.0 -9999.0 -9999.0 -9999.0 -9999.0 -9999.0 -9999.0 -9999.0 -9999.0 -9999.0 -9999.0 -9999.0 -9999.0 -9999.0 -9999.0 -9999.0 -9999.0 -9999.0 -9999.0 -9999.0 -9999.0 -9999.0 -9999.0 -9999.0 -9999.0 -9999.0 -9999.0 -9999.0 -9999.0 -9999.0 -9999.0 -9999.0 -9999.0 -9999.0 -9999.0 -9999.0 -9999.0 -9999.0 -9999.0 -9999.0 -9999.0 -9999.0 -9999.0 -9999.0 -9999.0 -9999.0 -9999.0 -9999.0 -9999.0 -9999.0 -9999.0 -9999.0 -9999.0 -9999.0 -9999.0 -9999.0 -9999.0 -9999.0 -9999.0 -9999.0 -9999.0 -9999.0 -9999.0 -9999.0 -9999.0 -9999.0 -9999.0 -9999.0 -9999.0 -9999.0 -9999.0
-9999.0 -9999.0 320.384938 221.895010 124.977902 29.749896 -63.726374 -156.264401 -249.432057 -344.312911 -437.902424 -517.985121 -565.221407 -580.951403 -574.877278 -561.051954 -546.548184 -533.736157 -523.204628 -514.802179 -508.138473 -502.830252 -498.588252 -495.220835 -492.592463 -480.817955 -465.789066 -450.037985 -434.783603 -450.745977 -474.613938 -502.019396 -529.398307 -554.349346 -575.339727 -591.715978 -603.619201 -611.706270 -616.858107 -620.264903 -625.501239 -655.449899 -878.305863 -1155.803068 -1929.712874 -3439.279890 -3490.014960 -3490.098897 -3490.099010 -3490.099010 -3490.099010 -3490.099010 -3490.099010 -3490.099010 -3490.099010 -3490.099010 -3490.098945 -3490.056797 -3469.131625 -2300.700897 -1179.197455 -855.442662 -643.407042 -627.519015 -627.025383 -627.188998 -627.251391 -627.268892 -627.273518 -627.274724 -627.275038 -627.275121 -627.275146 -627.275155 -627.275161 -627.275166 -627.275171 -627.275175 -627.275180 -627.275184 -627.275189 -627.275192 -627.275196 -627.275199 -627.275201 -627.275204 -627.275206 -627.275207 -627.275209 -627.275211 -627.275216 -627.275232 -627.275290 -627.275505 -627.276304 -627.279255 -627.290091 -627.329705 -627.476217 -628.048314 -630.554932 -643.368507 -9999.0 -9999.0
-9999.0 -9999.0 320.384938 221.895010 124.977902 29.749896 -63.726374 -156.264401 -249.432057 -344.312911 -437.902425 -517.985122 -565.221407 -580.951403 -574.877278 -561.051954 -546.548184 -533.736157 -523.204628 -514.802179 -508.138473 -502.830252 -498.588252 -495.220835 -492.592463 -480.817955 -465.789066 -450.037985 -434.783603 -450.745977 -474.613938 -502.019396 -529.398307 -554.349346 -575.339727 -591.715978 -603.619201 -611.706270 -616.858107 -620.264903 -625.501239 -655.449899 -878.305863 -1155.803068 -1929.712874 -3439.279890 -3490.014960 -3490.098897 -3490.099010 -3490.099010 -3490.099010 -3490.099010 -3490.099010 -3490.099010 -3490.099010 -3490.099010 -3490.098945 -3490.056797 -3469.131625 -2300.700895 -1179.197454 -855.442662 -643.407042 -627.519015 -627.025383 -627.188998 -627.251391 -627.268892 -627.273518 -627.274724 -627.275038 -627.275121 -627.275146 -627.275155 -627.275161 -627.275166 -627.275171 -627.275176 -627.275180 -627.275185 -627.275189 -627.275192 -627.275196 -627.275199 -627.275201 -627.275204 -627.275206 -627.275207 -627.275209 -627.275211 -627.275216 -627.275232 -627.275290 -627.275505 -627.276304 -627.279255 -627.290091 -627.329705 -627.476217 -628.048314 -630.554933 -643.368507 -9999.0 -9999.0
-9999.0 -9999.0 320.384938 221.895010 124.977902 29.749896 -63.726374 -156.264401 -249.432057 -344.312911 -437.902425 -517.985122 -565.221407 -580.951403 -574.877278 -561.051954 -546.548184 -533.736157 -523.204628 -514.802179 -508.138473 -502.830252 -498.588252 -495.220835 -492.592463 -480.817955 -465.789066 -450.037985 -434.783603 -450.745977 -474.613938 -502.019396 -529.398307 -554.349346 -575.339727 -591.715978 -603.619201 -611.706270 -616.858107 -620.264903 -625.501239 -655.449899 -878.305863 -1155.803068 -1929.712874 -3439.279890 -3490.014960 -3490.098897 -3490.099010 -3490.099010 -3490.099010 -3490.099010 -3490.099010 -3490.099010 -3490.099010 -3490.099010 -3490.098945 -3490.056797 -3469.131625 -2300.700895 -1179.197454 -855.442662 -643.407042 -627.519015 -627.025383 -627.188998 -627.251391 -627.268892 -627.273518 -627.274724 -627.275038 -627.275122 -627.275146 -627.275155 -627.275161 -627.275166 -627.275171 -627.275176 -627.275180 -627.275185 -627.275189 -627.275192 -627.275196 -627.275199 -627.275202 -627.275204 -627.275206 -627.275208 -627.275209 -627.275211 -627.275216 -627.275232 -627.275291 -627.275506 -627.276304 -627.279255 -627.290091 -627.329705 -627.476217 -628.048314 -630.554933 -643.368507 -9999.0 -9999.0
-9999.0 -9999.0 320.384938 221.895010 124.977902 29.749895 -63.726374 -156.264401 -249.432057 -344.312911 -437.902425 -517.985122 -565.221407 -580.951403 -574.877278 -561.051954 -546.548184 -533.736157 -523.204628 -514.802179 -508.138473 -502.830252 -498.588252 -495.220835 -492.592463 -480.817955 -465.789066 -450.037985 -434.783603 -450.745977 -474.613938 -502.019396 -529.398307 -554.349346 -575.339727 -591.715978 -603.619201 -611.706270 -616.858107 -620.264903 -625.501239 -655.449899 -878.305863 -1155.803068 -1929.712874 -3439.279890 -3490.014960 -3490.098897 -3490.099010 -3490.099010 -3490.099010 -3490.099010 -3490.099010 -3490.099010 -3490.099010 -3490.099010 -3490.098945 -3490.056797 -3469.131625 -2300.700895 -1179.197454 -855.442662 -643.407042 -627.519015 -627.025383 -627.188998 -627.251391 -627.268892 -627.273518 -627.274724 -627.275038 -627.275122 -627.275146 -627.275155 -627.275161 -627.275166 -627.275171 -627.275176 -627.275180 -627.275185 -627.275189 -627.275192 -627.275196 -627.275199 -627.275202 -627.275204 -627.275206 -627.275208 -627.275209 -627.275211 -627.275216 -627.275232 -627.275291 -627.275506 -627.276304 -627.279255 -627.290091 -627.329705 -627.476217 -628.048314 -630.554933 -643.368507 -9999.0 -9999.0
-9999.0 -9999.0 320.384938 221.895010 124.977902 29.749896 -63.726374 -156.264401 -249.432057 -344.312911 -437.902425 -517.985122 -565.221407 -580.951403 -574.877278 -561.051954 -546.548184 -533.736157 -523.204628 -514.802179 -508.138473 -502.830252 -498.588252 -495.220835 -492.592463 -480.817955 -465.789066 -450.037985 -434.783603 -450.745977 -474.613938 -502.019396 -529.398307 -554.349346 -575.339727 -591.715978 -603.619201 -611.706270 -616.858107 -620.264903 -625.501239 -655.449899 -878.305863 -1155.803068 -1929.712874 -3439.279890 -3490.014960 -3490.098897 -3490.099010 -3490.099010 -3490.099010 -3490.099010 -3490.099010 -3490.099010 -3490.099010 -3490.099010 -3490.098945 -3490.056797 -3469.131625 -2300.700895 -1179.197454 -855.442662 -643.407042 -627.519015 -627.025383 -627.188998 -627.251391 -627.268892 -627.273518 -627.274724 -627.275038 -627.275121 -627.275146 -627.275155 -627.275161 -627.275166 -627.275171 -627.275176 -627.275180 -627.275185 -627.275189 -627.275192 -627.275196 -627.275199 -627.275201 -627.275204 -627.275206 -627.275207 -627.275209 -627.275211 -627.275216 -627.275232 -627.275290 -627.275505 -627.276304 -627.279255 -627.290091 -627.329705 -627.476217 -628.048314 -630.554933 -643.368507 -9999.0 -9999.0
-9999.0 -9999.0 320.384939 221.895010 124.977902 29.749896 -63.726374 -156.264401 -249.432057 -344.312911 -437.902424 -517.985121 -565.221407 -580.951403 -574.877278 -561.051954 -546.548184 -533.736157 -523.204628 -514.802179 -508.138473 -502.830252 -498.588252 -495.220835 -492.592463 -480.817955 -465.789066 -450.037985 -434.783603 -450.745977 -474.613938 -502.019396 -529.398307 -554.349346 -575.339727 -591.715978 -603.619201 -611.706270 -616.858107 -620.264903 -625.501239 -655.449899 -878.305863 -1155.803068 -1929.712874 -3439.279890 -3490.014960 -3490.098897 -3490.099010 -3490.099010 -3490.099010 -3490.099010 -3490.099010 -3490.099010 -3490.099010 -3490.099010 -3490.098945 -3490.056797 -3469.131625 -2300.700897 -1179.197455 -855.442662 -643.407042 -627.519015 -627.025383 -627.188998 -627.251391 -627.268892 -627.273518 -627.274724 -627.275038 -627.275121 -627.275146 -627.275155 -627.275161 -627.275166 -627.275171 -627.275175 -627.275180 -627.275184 -627.275189 -627.275192 -627.275196 -627.275199 -627.275201 -627.275204 -627.275206 -627.275207 -627.275209 -627.275211 -627.275216 -627.275232 -627.275290 -627.275505 -627.276304 -627.279255 -627.290091 -627.329705 -627.476217 -628.048314 -630.554932 -643.368507 -9999.0 -9999.0
-9999.0 -9999.0 -9999.0 -9999.0 -9999.0 -9999.0 -9999.0 -9999.0 -9999.0 -9999.0 -9999.0 -9999.0 -9999.0 -9999.0 -9999.0 -9999.0 -9999.0 -9999.0 -9999.0 -9999.0 -9999.0 -9999.0 -9999.0 -9999.0 -9999.0 -9999.0 -9999.0 -9999.0 -9999.0 -9999.0 -9999.0 -9999.0 -9999.0 -9999.0 -9999.0 -9999.0 -9999.0 -9999.0 -9999.0 -9999.0 -9999.0 -9999.0 -9999.0 -9999.0 -9999.0 -9999.0 -9999.0 -9999.0 -9999.0 -9999.0 -9999.0 -9999.0 -9999.0 -9999.0 -9999.0 -9999.0 -9999.0 -9999.0 -9999.0 -9999.0 -9999.0 -9999.0 -9999.0 -9999.0 -9999.0 -9999.0 -9999.0 -9999.0 -9999.0 -9999.0 -9999.0 -9999.0 -9999.0 -9999.0 -9999.0 -9999.0 -9999.0 -9999.0 -9999.0 -9999.0 -9999.0 -9999.0 -9999.0 -9999.0 -9999.0 -9999.0 -9999.0 -9999.0 -9999.0 -9999.0 -9999.0 -9999.0 -9999.0 -9999.0 -9999.0 -9999.0 -9999.0 -9999.0 -9999.0 -9999.0 -9999.0 -9999.0 -9999.0 -9999.0
-9999.0 -9999.0 -9999.0 -9999.0 -9999.0 -9999.0 -9999.0 -9999.0 -9999.0 -9999.0 -9999.0 -9999.0 -9999.0 -9999.0 -9999.0 -9999.0 -9999.0 -9999.0 -9999.0 -9999.0 -9999.0 -9999.0 -9999.0 -9999.0 -9999.0 -9999.0 -9999.0 -9999.0 -9999.0 -9999.0 -9999.0 -9999.0 -9999.0 -9999.0 -9999.0 -9999.0 -9999.0 -9999.0 -9999.0 -9999.0 -9999.0 -9999.0 -9999.0 -9999.0 -9999.0 -9999.0 -9999.0 -9999.0 -9999.0 -9999.0 -9999.0 -9999.0 -9999.0 -9999.0 -9999.0 -9999.0 -9999.0 -9999.0 -9999.0 -9999.0 -9999.0 -9999.0 -9999.0 -9999.0 -9999.0 -9999.0 -9999.0 -9999.0 -9999.0 -9999.0 -9999.0 -9999.0 -9999.0 -9999.0 -9999.0 -9999.0 -9999.0 -9999.0 -9999.0 -9999.0 -9999.0 -9999.0 -9999.0 -9999.0 -9999.0 -9999.0 -9999.0 -9999.0 -9999.0 -9999.0 -9999.0 -9999.0 -9999.0 -9999.0 -9999.0 -9999.0 -9999.0 -9999.0 -9999.0 -9999.0 -9999.0 -9999.0 -9999.0 -9999.0