examples/3D/hillslope02_superslab/output-maps-SE27XX/psiliqL0078N0001.asc
ncols         104
nrows         10
xllcorner     -2.000000
yllcorner     0.000000
cellsize      1.000000
NODATA_value  -9999.0
-9999.0 -9999.0 -9999.0 -9999.0 -9999.0 -9999.0 -9999.0 -9999.0 -9999.0 -9999.0 -9999.0 -9999.0 -9999.0 -9999.0 -9999.0 -9999.0 -9999.0 -9999.0 -9999.0 -9999.0 -9999.0 -9999.0 -9999.0 -9999.0 -9999.0 -9999.0 -9999.0 -9999.0 -9999.0 -9999.0 -9999.0 -9999.0 -9999.0 -9999.0 -9999.0 -9999.0 -9999.0 -9999.0 -9999.0 -9999.0 -9999.0 -9999.0 -9999.0 -9999.0 -9999.0 -9999.0 -9999.0 -9999.0 -9999.0 -9999.0 -9999.0 -9999.0 -9999.0 -9999.0 -9999.0 -9999.0 -9999.0 -9999.0 -9999.0 -9999.0 -9999.0 -9999.0 -9999.0 -9999.0 -9999.0 -9999.0 -9999.0 -9999.0 -9999.0 -9999.0 -9999.0 -9999.0 -9999.0 -9999.0 -9999.0 -9999.0 -9999.0 -9999.0 -9999.0 -9999.0 -9999.0 -9999.0 -9999.0 -9999.0 -9999.0 -9999.0 -9999.0 -9999.0 -9999.0 -9999.0 -9999.0 -9999.0 -9999.0 -9999.0 -9999.0 -9999.0 -9999.0 -9999.0 -9999.0 -9999.0 -9999.0 -9999.0 -9999.0 -9999.0
-9999.0 -9999.0 -9999.0 -9999.0 -9999.0 -9999.0 -9999.0 -9999.0 -9999.0 -9999.0 -9999.0 -9999.0 -9999.0 -9999.0 -9999.0 -9999.0 -9999.0 -9999.0 -9999.0 -9999.0 -9999.0 -9999.0 -9999.0 -9999.0 -9999.0 -9999.0 -9999.0 -9999.0 -9999.0 -9999.0 -9999.0 -9999.0 -9999.0 -9999.0 -9999.0 -9999.0 -9999.0 -9999.0 -9999.0 -9999.0 -9999.0 -9999.0 -9999.0 -9999.0 -9999.0 -9999.0 -9999.0 -9999.0 -9999.0 -9999.0 -9999.0 -9999.0 -9999.0 -9999.0 -9999.0 -9999.0 -9999.0 -9999.0 -9999.0 -9999.0 -9999.0 -9999.0 -9999.0 -9999.0 -9999.0 -9999.0 -9999.0 -9999.0 -9999.0 -9999.0 -9999.0 -9999.0 -9999.0 -9999.0 -9999.0 -9999.0 -9999.0 -9999.0 -9999.0 -9999.0 -9999.0 -9999.0 -9999.0 -9999.0 -9999.0 -9999.0 -9999.0 -9999.0 -9999.0 -9999.0 -9999.0 -9999.0 -9999.0 -9999.0 -9999.0 -9999.0 -9999.0 -9999.0 -9999.0 -9999.0 -9999.0 -9999.0 -9999.0 -9999.0
-9999.0 -9999.0 -774.667179 -909.844355 -1016.445092 -1075.660452 -1100.543427 -1109.481982 -1112.413841 -1113.380196 -1113.701483 -1113.808431 -1113.843932 -1113.855664 -1113.859521 -1113.860782 -1113.861191 -1113.861324 -1113.861366 -1113.861380 -1113.861384 -1113.861385 -1113.861385 -1113.861384 -1113.861383 -1113.861382 -1113.861380 -1113.861377 -1113.861374 -1113.861369 -1113.861362 -1113.861354 -1113.861343 -1113.861329 -1113.861304 -1113.858344 -1113.081422 -1054.323770 -660.278578 -457.524204 -407.163823 -454.635017 -955.497235 -1113.498844 -1113.756794 -1113.566009 -1113.158382 -1112.408227 -1111.922413 -1112.783891 -1113.347409 -1117.403447 -1113.954033 -1113.863654 -1113.861565 -1113.861486 -1113.861499 -1113.861549 -1113.861636 -1113.861773 -1113.861980 -1113.862292 -1113.862753 -1113.863430 -1113.864415 -1113.865832 -1113.867850 -1113.870695 -1113.874665 -1113.880151 -1113.887653 -1113.897811 -1113.911427 -1113.929499 -1113.953252 -1113.984175 -1114.024052 -1114.075008 -1114.139542 -1114.220567 -1114.321455 -1114.446080 -1114.598861 -1114.784825 -1115.009664 -1115.279823 -1115.602599 -1115.986279 -1116.440329 -1116.975652 -1117.604942 -1118.343203 -1119.208497 -1120.223061 -1121.415038 -1122.821259 -1124.491979 -1126.499537 -1128.956136 -1132.062766 -1136.418643 -1147.294747 -9999.0 -9999.0
-9999.0 -9999.0 -774.667179 -909.844355 -1016.445092 -1075.660452 -1100.543427 -1109.481982 -1112.413841 -1113.380196 -1113.701483 -1113.808431 -1113.843932 -1113.855664 -1113.859521 -1113.860782 -1113.861191 -1113.861324 -1113.861366 -1113.861380 -1113.861384 -1113.861385 -1113.861385 -1113.861384 -1113.861383 -1113.861382 -1113.861380 -1113.861377 -1113.861374 -1113.861369 -1113.861362 -1113.861354 -1113.861343 -1113.861329 -1113.861304 -1113.858344 -1113.081422 -1054.323771 -660.278579 -457.524204 -407.163823 -454.635017 -955.497235 -1113.498844 -1113.756794 -1113.566009 -1113.158382 -1112.408227 -1111.922413 -1112.783891 -1113.347409 -1117.403447 -1113.954033 -1113.863654 -1113.861565 -1113.861486 -1113.861499 -1113.861549 -1113.861636 -1113.861773 -1113.861980 -1113.862292 -1113.862753 -1113.863430 -1113.864415 -1113.865832 -1113.867850 -1113.870695 -1113.874665 -1113.880151 -1113.887653 -1113.897811 -1113.911427 -1113.929499 -1113.953252 -1113.984175 -1114.024052 -1114.075008 -1114.139542 -1114.220567 -1114.321455 -1114.446080 -1114.598861 -1114.784825 -1115.009664 -1115.279823 -1115.602599 -1115.986279 -1116.440329 -1116.975652 -1117.604942 -1118.343203 -1119.208497 -1120.223061 -1121.415038 -1122.821259 -1124.491979 -1126.499537 -1128.956136 -1132.062766 -1136.418643 -1147.294747 -9999.0 -9999.0
-9999.0 -9999.0 -774.667179 -909.844355 -1016.445092 -1075.660452 -1100.543427 -1109.481982 -1112.413841 -1113.380196 -1113.701483 -1113.808431 -1113.843932 -1113.855664 -1113.859521 -1113.860782 -1113.861191 -1113.861324 -1113.861366 -1113.861380 -1113.861384 -1113.861385 -1113.861385 -1113.861384 -1113.861383 -1113.861382 -1113.861380 -1113.861377 -1113.861374 -1113.861369 -1113.861362 -1113.861354 -1113.861343 -1113.861329 -1113.861304 -1113.858344 -1113.081422 -1054.323771 -660.278579 -457.524204 -407.163823 -454.635017 -955.497235 -1113.498844 -1113.756794 -1113.566009 -1113.158382 -1112.408227 -1111.922413 -1112.783891 -1113.347409 -1117.403447 -1113.954033 -1113.863654 -1113.861565 -1113.861486 -1113.861499 -1113.861549 -1113.861636 -1113.861773 -1113.861980 -1113.862292 -1113.862753 -1113.863430 -1113.864415 -1113.865832 -1113.867850 -1113.870695 -1113.874665 -1113.880151 -1113.887653 -1113.897811 -1113.911427 -1113.929499 -1113.953252 -1113.984175 -1114.024052 -1114.075008 -1114.139542 -1114.220567 -1114.321455 -1114.446080 -1114.598861 -1114.784825 -1115.009664 -1115.279823 -1115.602599 -1115.986279 -1116.440329 -1116.975652 -1117.604942 -1118.343203 -1119.208497 -1120.223061 -1121.415038 -1122.821259 -1124.491979 -1126.499537 -1128.956136 -1132.062766 -1136.418643 -1147.294747 -9999.0 -9999.0
-9999.0 -9999.0 -774.667179 -909.844355 -1016.445092 -1075.660452 -1100.543427 -1109.481982 -1112.413841 -1113.380196 -1113.701483 -1113.808431 -1113.843932 -1113.855664 -1113.859521 -1113.860782 -1113.861191 -1113.861324 -1113.861366 -1113.861380 -1113.861384 -1113.861385 -1113.861385 -1113.861384 -1113.861383 -1113.861382 -1113.861380 -1113.861377 -1113.861374 -1113.861369 -1113.861362 -1113.861354 -1113.861343 -1113.861329 -1113.861304 -1113.858344 -1113.081422 -1054.323771 -660.278579 -457.524204 -407.163823 -454.635017 -955.497235 -1113.498844 -1113.756794 -1113.566009 -1113.158382 -1112.408227 -1111.922413 -1112.783891 -1113.347409 -1117.403447 -1113.954033 -1113.863654 -1113.861565 -1113.861486 -1113.861499 -1113.861549 -1113.861636 -1113.861773 -1113.861980 -1113.862292 -1113.862753 -1113.863430 -1113.864415 -1113.865832 -1113.867850 -1113.870695 -1113.874665 -1113.880151 -1113.887653 -1113.897811 -1113.911427 -1113.929499 -1113.953252 -1113.984175 -1114.024052 -1114.075008 -1114.139542 -1114.220567 -1114.321455 -1114.446080 -1114.598861 -1114.784825 -1115.009664 -1115.279823 -1115.602599 -1115.986279 -1116.440329 -1116.975652 -1117.604942 -1118.343203 -1119.208497 -1120.223061 -1121.415038 -1122.821259 -1124.491979 -1126.499537 -1128.956136 -1132.062766 -1136.418643 -1147.294747 -9999.0 -9999.0
-9999.0 -9999.0 -774.667179 -909.844355 -1016.445092 -1075.660452 -1100.543427 -1109.481982 -1112.413841 -1113.380196 -1113.701483 -1113.808431 -1113.843932 -1113.855664 -1113.859521 -1113.860782 -1113.861191 -1113.861324 -1113.861366 -1113.861380 -1113.861384 -1113.861385 -1113.861385 -1113.861384 -1113.861383 -1113.861382 -1113.861380 -1113.861377 -1113.861374 -1113.861369 -1113.861362 -1113.861354 -1113.861343 -1113.861329 -1113.861304 -1113.858344 -1113.081422 -1054.323771 -660.278579 -457.524204 -407.163823 -454.635017 -955.497235 -1113.498844 -1113.756794 -1113.566009 -1113.158382 -1112.408227 -1111.922413 -1112.783891 -1113.347409 -1117.403447 -1113.954033 -1113.863654 -1113.861565 -1113.861486 -1113.861499 -1113.861549 -1113.861636 -1113.861773 -1113.861980 -1113.862292 -1113.862753 -1113.863430 -1113.864415 -1113.865832 -1113.867850 -1113.870695 -1113.874665 -1113.880151 -1113.887653 -1113.897811 -1113.911427 -1113.929499 -1113.953252 -1113.984175 -1114.024052 -1114.075008 -1114.139542 -1114.220567 -1114.321455 -1114.446080 -1114.598861 -1114.784825 -1115.009664 -1115.279823 -1115.602599 -1115.986279 -1116.440329 -1116.975652 -1117.604942 -1118.343203 -1119.208497 -1120.223061 -1121.415038 -1122.821259 -1124.491979 -1126.499537 -1128.956136 -1132.062766 -1136.418643 -1147.294747 -9999.0 -9999.0
-9999.0 -9999.0 -774.667179 -909.844355 -1016.445092 -1075.660452 -1100.543427 -1109.481982 -1112.413841 -1113.380196 -1113.701483 -1113.808431 -1113.843932 -1113.855664 -1113.859521 -1113.860782 -1113.861191 -1113.861324 -1113.861366 -1113.861380 -1113.861384 -1113.861385 -1113.861385 -1113.861384 -1113.861383 -1113.861382 -1113.861380 -1113.861377 -1113.861374 -1113.861369 -1113.861362 -1113.861354 -1113.861343 -1113.861329 -1113.861304 -1113.858344 -1113.081422 -1054.323770 -660.278578 -457.524204 -407.163823 -454.635017 -955.497235 -1113.498844 -1113.756794 -1113.566009 -1113.158382 -1112.408227 -1111.922413 -1112.783891 -1113.347409 -1117.403447 -1113.954033 -1113.863654 -1113.861565 -1113.861486 -1113.861499 -1113.861549 -1113.861636 -1113.861773 -1113.861980 -1113.862292 -1113.862753 -1113.863430 -1113.864415 -1113.865832 -1113.867850 -1113.870695 -1113.874665 -1113.880151 -1113.887653 -1113.897811 -1113.911427 -1113.929499 -1113.953252 -1113.984175 -1114.024052 -1114.075008 -1114.139542 -1114.220567 -1114.321455 -1114.446080 -1114.598861 -1114.784825 -1115.009664 -1115.279823 -1115.602599 -1115.986279 -1116.440329 -1116.975652 -1117.604942 -1118.343203 -1119.208497 -1120.223061 -1121.415038 -1122.821259 -1124.491979 -1126.499537 -1128.956136 -1132.062766 -1136.418643 -1147.294747 -9999.0 -9999.0
-9999.0 -9999.0 -9999.0 -9999.0 -9999.0 -9999.0 -9999.0 -9999.0 -9999.0 -9999.0 -9999.0 -9999.0 -9999.0 -9999.0 -9999.0 -9999.0 -9999.0 -9999.0 -9999.0 -9999.0 -9999.0 -9999.0 -9999.0 -9999.0 -9999.0 -9999.0 -9999.0 -9999.0 -9999.0 -9999.0 -9999.0 -9999.0 -9999.0 -9999.0 -9999.0 -9999.0 -9999.0 -9999.0 -9999.0 -9999.0 -9999.0 -9999.0 -9999.0 -9999.0 -9999.0 -9999.0 -9999.0 -9999.0 -9999.0 -9999.0 -9999.0 -9999.0 -9999.0 -9999.0 -9999.0 -9999.0 -9999.0 -9999.0 -9999.0 -9999.0 -9999.0 -9999.0 -9999.0 -9999.0 -9999.0 -9999.0 -9999.0 -9999.0 -9999.0 -9999.0 -9999.0 -9999.0 -9999.0 -9999.0 -9999.0 -9999.0 -9999.0 -9999.0 -9999.0 -9999.0 -9999.0 -9999.0 -9999.0 -9999.0 -9999.0 -9999.0 -9999.0 -9999.0 -9999.0 -9999.0 -9999.0 -9999.0 -9999.0 -9999.0 -9999.0 -9999.0 -9999.0 -9999.0 -9999.0 -9999.0 -9999.0 -9999.0 -9999.0 -9999.0
-9999.0 -9999.0 -9999.0 -9999.0 -9999.0 -9999.0 -9999.0 -9999.0 -9999.0 -9999.0 -9999.0 -9999.0 -9999.0 -9999.0 -9999.0 -9999.0 -9999.0 -9999.0 -9999.0 -9999.0 -9999.0 -9999.0 -9999.0 -9999.0 -9999.0 -9999.0 -9999.0 -9999.0 -9999.0 -9999.0 -9999.0 -9999.0 -9999.0 -9999.0 -9999.0 -9999.0 -9999.0 -9999.0 -9999.0 -9999.0 -9999.0 -9999.0 -9999.0 -9999.0 -9999.0 -9999.0 -9999.0 -9999.0 -9999.0 -9999.0 -9999.0 -9999.0 -9999.0 -9999.0 -9999.0 -9999.0 -9999.0 -9999.0 -9999.0 -9999.0 -9999.0 -9999.0 -9999.0 -9999.0 -9999.0 -9999.0 -9999.0 -9999.0 -9999.0 -9999.0 -9999.0 -9999.0 -9999.0 -9999.0 -9999.0 -9999.0 -9999.0 -9999.0 -9999.0 -9999.0 -9999.0 -9999.0 -9999.0 -9999.0 -9999.0 -9999.0 -9999.0 -9999.0 -9999.0 -9999.0 -9999.0 -9999.0 -9999.0 -9999.0 -9999.0 -9999.0 -9999.0 -9999.0 -9999.0 -9999.0 -9999.0 -9999.0 -9999.0 -9999.0