examples/3D/hillslope02_superslab/output-maps-SE27XX/psiliqL0097N0001.asc
ncols         104
nrows         10
xllcorner     -2.000000
yllcorner     0.000000
cellsize      1.000000
NODATA_value  -9999.0
-9999.0 -9999.0 -9999.0 -9999.0 -9999.0 -9999.0 -9999.0 -9999.0 -9999.0 -9999.0 -9999.0 -9999.0 -9999.0 -9999.0 -9999.0 -9999.0 -9999.0 -9999.0 -9999.0 -9999.0 -9999.0 -9999.0 -9999.0 -9999.0 -9999.0 -9999.0 -9999.0 -9999.0 -9999.0 -9999.0 -9999.0 -9999.0 -9999.0 -9999.0 -9999.0 -9999.0 -9999.0 -9999.0 -9999.0 -9999.0 -9999.0 -9999.0 -9999.0 -9999.0 -9999.0 -9999.0 -9999.0 -9999.0 -9999.0 -9999.0 -9999.0 -9999.0 -9999.0 -9999.0 -9999.0 -9999.0 -9999.0 -9999.0 -9999.0 -9999.0 -9999.0 -9999.0 -9999.0 -9999.0 -9999.0 -9999.0 -9999.0 -9999.0 -9999.0 -9999.0 -9999.0 -9999.0 -9999.0 -9999.0 -9999.0 -9999.0 -9999.0 -9999.0 -9999.0 -9999.0 -9999.0 -9999.0 -9999.0 -9999.0 -9999.0 -9999.0 -9999.0 -9999.0 -9999.0 -9999.0 -9999.0 -9999.0 -9999.0 -9999.0 -9999.0 -9999.0 -9999.0 -9999.0 -9999.0 -9999.0 -9999.0 -9999.0 -9999.0 -9999.0
-9999.0 -9999.0 -9999.0 -9999.0 -9999.0 -9999.0 -9999.0 -9999.0 -9999.0 -9999.0 -9999.0 -9999.0 -9999.0 -9999.0 -9999.0 -9999.0 -9999.0 -9999.0 -9999.0 -9999.0 -9999.0 -9999.0 -9999.0 -9999.0 -9999.0 -9999.0 -9999.0 -9999.0 -9999.0 -9999.0 -9999.0 -9999.0 -9999.0 -9999.0 -9999.0 -9999.0 -9999.0 -9999.0 -9999.0 -9999.0 -9999.0 -9999.0 -9999.0 -9999.0 -9999.0 -9999.0 -9999.0 -9999.0 -9999.0 -9999.0 -9999.0 -9999.0 -9999.0 -9999.0 -9999.0 -9999.0 -9999.0 -9999.0 -9999.0 -9999.0 -9999.0 -9999.0 -9999.0 -9999.0 -9999.0 -9999.0 -9999.0 -9999.0 -9999.0 -9999.0 -9999.0 -9999.0 -9999.0 -9999.0 -9999.0 -9999.0 -9999.0 -9999.0 -9999.0 -9999.0 -9999.0 -9999.0 -9999.0 -9999.0 -9999.0 -9999.0 -9999.0 -9999.0 -9999.0 -9999.0 -9999.0 -9999.0 -9999.0 -9999.0 -9999.0 -9999.0 -9999.0 -9999.0 -9999.0 -9999.0 -9999.0 -9999.0 -9999.0 -9999.0
-9999.0 -9999.0 256.025391 159.433507 68.044069 -14.784858 -83.327844 -130.657238 -156.565614 -167.149641 -171.088422 -172.500583 -172.999187 -173.173949 -173.234923 -173.256114 -173.263448 -173.265972 -173.266829 -173.267110 -173.267189 -173.267195 -173.267170 -173.267128 -173.267073 -173.267005 -173.266923 -173.266826 -173.266712 -173.266583 -173.266437 -173.266276 -173.266101 -173.265916 -173.265723 -173.265526 -173.265330 -173.265133 -173.264916 -173.264587 -173.263786 -173.264437 -173.264721 -173.264887 -173.265159 -173.265629 -173.266448 -173.267944 -173.270755 -173.275964 -173.285265 -173.299846 -173.294176 -173.297692 -173.307517 -173.322910 -173.344593 -173.374097 -173.413549 -173.465629 -173.533588 -173.621274 -173.733163 -173.874378 -174.050677 -174.268437 -174.534603 -174.856625 -175.242373 -175.700048 -176.238084 -176.865055 -177.589597 -178.420342 -179.365880 -180.434754 -181.635481 -182.976616 -184.466853 -186.115163 -187.930985 -189.924461 -192.106730 -194.490293 -197.089461 -199.920926 -203.004477 -206.363936 -210.028389 -214.033859 -218.425618 -223.261487 -228.616676 -234.591137 -241.321169 -248.998635 -257.904635 -268.472947 -281.421411 -298.062156 -321.193180 -358.688178 -9999.0 -9999.0
-9999.0 -9999.0 256.025391 159.433507 68.044069 -14.784858 -83.327844 -130.657238 -156.565614 -167.149641 -171.088422 -172.500583 -172.999187 -173.173949 -173.234923 -173.256114 -173.263448 -173.265972 -173.266829 -173.267110 -173.267189 -173.267195 -173.267170 -173.267128 -173.267073 -173.267005 -173.266923 -173.266826 -173.266712 -173.266583 -173.266437 -173.266276 -173.266101 -173.265916 -173.265723 -173.265526 -173.265330 -173.265133 -173.264916 -173.264587 -173.263786 -173.264437 -173.264721 -173.264887 -173.265159 -173.265629 -173.266448 -173.267944 -173.270755 -173.275964 -173.285265 -173.299846 -173.294176 -173.297692 -173.307517 -173.322910 -173.344593 -173.374097 -173.413549 -173.465629 -173.533588 -173.621274 -173.733163 -173.874378 -174.050677 -174.268437 -174.534603 -174.856625 -175.242373 -175.700048 -176.238084 -176.865055 -177.589597 -178.420342 -179.365880 -180.434754 -181.635481 -182.976616 -184.466853 -186.115163 -187.930985 -189.924461 -192.106730 -194.490293 -197.089461 -199.920926 -203.004477 -206.363936 -210.028389 -214.033859 -218.425618 -223.261487 -228.616676 -234.591137 -241.321169 -248.998635 -257.904635 -268.472947 -281.421411 -298.062156 -321.193180 -358.688178 -9999.0 -9999.0
-9999.0 -9999.0 256.025391 159.433507 68.044069 -14.784858 -83.327844 -130.657238 -156.565614 -167.149641 -171.088422 -172.500583 -172.999187 -173.173949 -173.234923 -173.256114 -173.263448 -173.265972 -173.266829 -173.267110 -173.267189 -173.267195 -173.267170 -173.267128 -173.267073 -173.267005 -173.266923 -173.266826 -173.266712 -173.266583 -173.266437 -173.266276 -173.266101 -173.265916 -173.265723 -173.265526 -173.265330 -173.265133 -173.264916 -173.264587 -173.263786 -173.264437 -173.264721 -173.264887 -173.265159 -173.265629 -173.266448 -173.267944 -173.270755 -173.275964 -173.285265 -173.299846 -173.294176 -173.297692 -173.307517 -173.322910 -173.344593 -173.374097 -173.413549 -173.465629 -173.533588 -173.621274 -173.733163 -173.874378 -174.050677 -174.268437 -174.534603 -174.856625 -175.242373 -175.700048 -176.238084 -176.865055 -177.589597 -178.420342 -179.365880 -180.434754 -181.635481 -182.976616 -184.466853 -186.115163 -187.930985 -189.924461 -192.106730 -194.490293 -197.089461 -199.920926 -203.004477 -206.363936 -210.028389 -214.033859 -218.425618 -223.261487 -228.616676 -234.591137 -241.321169 -248.998635 -257.904635 -268.472947 -281.421411 -298.062156 -321.193180 -358.688178 -9999.0 -9999.0
-9999.0 -9999.0 256.025391 159.433507 68.044069 -14.784858 -83.327844 -130.657238 -156.565614 -167.149641 -171.088422 -172.500583 -172.999187 -173.173949 -173.234923 -173.256114 -173.263448 -173.265972 -173.266829 -173.267110 -173.267189 -173.267195 -173.267170 -173.267128 -173.267073 -173.267005 -173.266923 -173.266826 -173.266712 -173.266583 -173.266437 -173.266276 -173.266101 -173.265916 -173.265723 -173.265526 -173.265330 -173.265133 -173.264916 -173.264587 -173.263786 -173.264437 -173.264721 -173.264887 -173.265159 -173.265629 -173.266448 -173.267944 -173.270755 -173.275964 -173.285265 -173.299846 -173.294176 -173.297692 -173.307517 -173.322910 -173.344593 -173.374097 -173.413549 -173.465629 -173.533588 -173.621274 -173.733163 -173.874378 -174.050677 -174.268437 -174.534603 -174.856625 -175.242373 -175.700048 -176.238084 -176.865055 -177.589597 -178.420342 -179.365880 -180.434754 -181.635481 -182.976616 -184.466853 -186.115163 -187.930985 -189.924461 -192.106730 -194.490293 -197.089461 -199.920926 -203.004477 -206.363936 -210.028389 -214.033859 -218.425618 -223.261487 -228.616676 -234.591137 -241.321169 -248.998635 -257.904635 -268.472947 -281.421411 -298.062156 -321.193180 -358.688178 -9999.0 -9999.0
-9999.0 -9999.0 256.025391 159.433507 68.044069 -14.784858 -83.327844 -130.657238 -156.565614 -167.149641 -171.088422 -172.500583 -172.999187 -173.173949 -173.234923 -173.256114 -173.263448 -173.265972 -173.266829 -173.267110 -173.267189 -173.267195 -173.267170 -173.267128 -173.267073 -173.267005 -173.266923 -173.266826 -173.266712 -173.266583 -173.266437 -173.266276 -173.266101 -173.265916 -173.265723 -173.265526 -173.265330 -173.265133 -173.264916 -173.264587 -173.263786 -173.264437 -173.264721 -173.264887 -173.265159 -173.265629 -173.266448 -173.267944 -173.270755 -173.275964 -173.285265 -173.299846 -173.294176 -173.297692 -173.307517 -173.322910 -173.344593 -173.374097 -173.413549 -173.465629 -173.533588 -173.621274 -173.733163 -173.874378 -174.050677 -174.268437 -174.534603 -174.856625 -175.242373 -175.700048 -176.238084 -176.865055 -177.589597 -178.420342 -179.365880 -180.434754 -181.635481 -182.976616 -184.466853 -186.115163 -187.930985 -189.924461 -192.106730 -194.490293 -197.089461 -199.920926 -203.004477 -206.363936 -210.028389 -214.033859 -218.425618 -223.261487 -228.616676 -234.591137 -241.321169 -248.998635 -257.904635 -268.472947 -281.421411 -298.062156 -321.193180 -358.688178 -9999.0 -9999.0
-9999.0 -9999.0 256.025391 159.433507 68.044069 -14.784858 -83.327844 -130.657238 -156.565614 -167.149641 -171.088422 -172.500583 -172.999187 -173.173949 -173.234923 -173.256114 -173.263448 -173.265972 -173.266829 -173.267110 -173.267189 -173.267195 -173.267170 -173.267128 -173.267073 -173.267005 -173.266923 -173.266826 -173.266712 -173.266583 -173.266437 -173.266276 -173.266101 -173.265916 -173.265723 -173.265526 -173.265330 -173.265133 -173.264916 -173.264587 -173.263786 -173.264437 -173.264721 -173.264887 -173.265159 -173.265629 -173.266448 -173.267944 -173.270755 -173.275964 -173.285265 -173.299846 -173.294176 -173.297692 -173.307517 -173.322910 -173.344593 -173.374097 -173.413549 -173.465629 -173.533588 -173.621274 -173.733163 -173.874378 -174.050677 -174.268437 -174.534603 -174.856625 -175.242373 -175.700048 -176.238084 -176.865055 -177.589597 -178.420342 -179.365880 -180.434754 -181.635481 -182.976616 -184.466853 -186.115163 -187.930985 -189.924461 -192.106730 -194.490293 -197.089461 -199.920926 -203.004477 -206.363936 -210.028389 -214.033859 -218.425618 -223.261487 -228.616676 -234.591137 -241.321169 -248.998635 -257.904635 -268.472947 -281.421411 -298.062156 -321.193180 -358.688178 -9999.0 -9999.0
-9999.0 -9999.0 -9999.0 -9999.0 -9999.0 -9999.0 -9999.0 -9999.0 -9999.0 -9999.0 -9999.0 -9999.0 -9999.0 -9999.0 -9999.0 -9999.0 -9999.0 -9999.0 -9999.0 -9999.0 -9999.0 -9999.0 -9999.0 -9999.0 -9999.0 -9999.0 -9999.0 -9999.0 -9999.0 -9999.0 -9999.0 -9999.0 -9999.0 -9999.0 -9999.0 -9999.0 -9999.0 -9999.0 -9999.0 -9999.0 -9999.0 -9999.0 -9999.0 -9999.0 -9999.0 -9999.0 -9999.0 -9999.0 -9999.0 -9999.0 -9999.0 -9999.0 -9999.0 -9999.0 -9999.0 -9999.0 -9999.0 -9999.0 -9999.0 -9999.0 -9999.0 -9999.0 -9999.0 -9999.0 -9999.0 -9999.0 -9999.0 -9999.0 -9999.0 -9999.0 -9999.0 -9999.0 -9999.0 -9999.0 -9999.0 -9999.0 -9999.0 -9999.0 -9999.0 -9999.0 -9999.0 -9999.0 -9999.0 -9999.0 -9999.0 -9999.0 -9999.0 -9999.0 -9999.0 -9999.0 -9999.0 -9999.0 -9999.0 -9999.0 -9999.0 -9999.0 -9999.0 -9999.0 -9999.0 -9999.0 -9999.0 -9999.0 -9999.0 -9999.0
-9999.0 -9999.0 -9999.0 -9999.0 -9999.0 -9999.0 -9999.0 -9999.0 -9999.0 -9999.0 -9999.0 -9999.0 -9999.0 -9999.0 -9999.0 -9999.0 -9999.0 -9999.0 -9999.0 -9999.0 -9999.0 -9999.0 -9999.0 -9999.0 -9999.0 -9999.0 -9999.0 -9999.0 -9999.0 -9999.0 -9999.0 -9999.0 -9999.0 -9999.0 -9999.0 -9999.0 -9999.0 -9999.0 -9999.0 -9999.0 -9999.0 -9999.0 -9999.0 -9999.0 -9999.0 -9999.0 -9999.0 -9999.0 -9999.0 -9999.0 -9999.0 -9999.0 -9999.0 -9999.0 -9999.0 -9999.0 -9999.0 -9999.0 -9999.0 -9999.0 -9999.0 -9999.0 -9999.0 -9999.0 -9999.0 -9999.0 -9999.0 -9999.0 -9999.0 -9999.0 -9999.0 -9999.0 -9999.0 -9999.0 -9999.0 -9999.0 -9999.0 -9999.0 -9999.0 -9999.0 -9999.0 -9999.0 -9999.0 -9999.0 -9999.0 -9999.0 -9999.0 -9999.0 -9999.0 -9999.0 -9999.0 -9999.0 -9999.0 -9999.0 -9999.0 -9999.0 -9999.0 -9999.0 -9999.0 -9999.0 -9999.0 -9999.0 -9999.0 -9999.0