examples/3D/hillslope02_superslab/output-maps-SE27XX/psiliqL0026N0001.asc
ncols         104
nrows         10
xllcorner     -2.000000
yllcorner     0.000000
cellsize      1.000000
NODATA_value  -9999.0
-9999.0 -9999.0 -9999.0 -9999.0 -9999.0 -9999.0 -9999.0 -9999.0 -9999.0 -9999.0 -9999.0 -9999.0 -9999.0 -9999.0 -9999.0 -9999.0 -9999.0 -9999.0 -9999.0 -9999.0 -9999.0 -9999.0 -9999.0 -9999.0 -9999.0 -9999.0 -9999.0 -9999.0 -9999.0 -9999.0 -9999.0 -9999.0 -9999.0 -9999.0 -9999.0 -9999.0 -9999.0 -9999.0 -9999.0 -9999.0 -9999.0 -9999.0 -9999.0 -9999.0 -9999.0 -9999.0 -9999.0 -9999.0 -9999.0 -9999.0 -9999.0 -9999.0 -9999.0 -9999.0 -9999.0 -9999.0 -9999.0 -9999.0 -9999.0 -9999.0 -9999.0 -9999.0 -9999.0 -9999.0 -9999.0 -9999.0 -9999.0 -9999.0 -9999.0 -9999.0 -9999.0 -9999.0 -9999.0 -9999.0 -9999.0 -9999.0 -9999.0 -9999.0 -9999.0 -9999.0 -9999.0 -9999.0 -9999.0 -9999.0 -9999.0 -9999.0 -9999.0 -9999.0 -9999.0 -9999.0 -9999.0 -9999.0 -9999.0 -9999.0 -9999.0 -9999.0 -9999.0 -9999.0 -9999.0 -9999.0 -9999.0 -9999.0 -9999.0 -9999.0
-9999.0 -9999.0 -9999.0 -9999.0 -9999.0 -9999.0 -9999.0 -9999.0 -9999.0 -9999.0 -9999.0 -9999.0 -9999.0 -9999.0 -9999.0 -9999.0 -9999.0 -9999.0 -9999.0 -9999.0 -9999.0 -9999.0 -9999.0 -9999.0 -9999.0 -9999.0 -9999.0 -9999.0 -9999.0 -9999.0 -9999.0 -9999.0 -9999.0 -9999.0 -9999.0 -9999.0 -9999.0 -9999.0 -9999.0 -9999.0 -9999.0 -9999.0 -9999.0 -9999.0 -9999.0 -9999.0 -9999.0 -9999.0 -9999.0 -9999.0 -9999.0 -9999.0 -9999.0 -9999.0 -9999.0 -9999.0 -9999.0 -9999.0 -9999.0 -9999.0 -9999.0 -9999.0 -9999.0 -9999.0 -9999.0 -9999.0 -9999.0 -9999.0 -9999.0 -9999.0 -9999.0 -9999.0 -9999.0 -9999.0 -9999.0 -9999.0 -9999.0 -9999.0 -9999.0 -9999.0 -9999.0 -9999.0 -9999.0 -9999.0 -9999.0 -9999.0 -9999.0 -9999.0 -9999.0 -9999.0 -9999.0 -9999.0 -9999.0 -9999.0 -9999.0 -9999.0 -9999.0 -9999.0 -9999.0 -9999.0 -9999.0 -9999.0 -9999.0 -9999.0
-9999.0 -9999.0 -319.746124 -346.836495 -353.540972 -355.052608 -354.729808 -352.141580 -344.283243 -331.927951 -356.759742 -367.255904 -374.676268 -384.873039 -392.989870 -387.927865 -385.211456 -384.429196 -384.687746 -385.558384 -386.758816 -388.110320 -389.480458 -289.973188 -221.835496 -172.477436 -133.374049 -155.959767 -119.661678 -113.041251 -125.250725 -146.889349 -173.970059 -203.256939 -230.489186 -251.255247 -264.364950 -271.421982 -274.416774 -273.072399 -262.776287 -246.752396 -794.041466 -2564.254758 -3686.482421 -3688.118147 -3688.118812 -3688.118812 -3688.118812 -3688.118812 -3688.118812 -3688.118812 -3688.118812 -3688.118812 -3688.118812 -3688.118812 -3688.118812 -3688.118812 -3688.118709 -3687.812374 -3153.505417 -870.011945 -295.967433 -338.449460 -351.378745 -354.752234 -355.622662 -355.847556 -355.905815 -355.920938 -355.924872 -355.925898 -355.926168 -355.926240 -355.926260 -355.926266 -355.926268 -355.926269 -355.926269 -355.926269 -355.926270 -355.926270 -355.926270 -355.926270 -355.926271 -355.926271 -355.926273 -355.926275 -355.926280 -355.926292 -355.926330 -355.926454 -355.926892 -355.928486 -355.934361 -355.956132 -356.036735 -356.332726 -357.397393 -361.079438 -373.142326 -411.340620 -9999.0 -9999.0
-9999.0 -9999.0 -319.746124 -346.836495 -353.540972 -355.052608 -354.729808 -352.141580 -344.283243 -331.927951 -356.759743 -367.255904 -374.676268 -384.873039 -392.989870 -387.927865 -385.211456 -384.429196 -384.687746 -385.558384 -386.758816 -388.110320 -389.480459 -289.973188 -221.835496 -172.477436 -133.374049 -155.959768 -119.661678 -113.041251 -125.250725 -146.889349 -173.970059 -203.256939 -230.489186 -251.255247 -264.364950 -271.421982 -274.416774 -273.072399 -262.776287 -246.752396 -794.041466 -2564.254758 -3686.482421 -3688.118147 -3688.118812 -3688.118812 -3688.118812 -3688.118812 -3688.118812 -3688.118812 -3688.118812 -3688.118812 -3688.118812 -3688.118812 -3688.118812 -3688.118812 -3688.118709 -3687.812374 -3153.505417 -870.011945 -295.967433 -338.449460 -351.378745 -354.752234 -355.622662 -355.847556 -355.905815 -355.920938 -355.924872 -355.925898 -355.926168 -355.926240 -355.926260 -355.926266 -355.926268 -355.926269 -355.926269 -355.926269 -355.926270 -355.926270 -355.926270 -355.926270 -355.926271 -355.926271 -355.926273 -355.926275 -355.926280 -355.926292 -355.926330 -355.926454 -355.926892 -355.928486 -355.934361 -355.956132 -356.036735 -356.332726 -357.397393 -361.079438 -373.142326 -411.340620 -9999.0 -9999.0
-9999.0 -9999.0 -319.746124 -346.836495 -353.540972 -355.052608 -354.729808 -352.141580 -344.283244 -331.927951 -356.759743 -367.255905 -374.676268 -384.873039 -392.989871 -387.927865 -385.211456 -384.429196 -384.687746 -385.558384 -386.758817 -388.110320 -389.480459 -289.973188 -221.835497 -172.477437 -133.374050 -155.959768 -119.661679 -113.041251 -125.250725 -146.889349 -173.970059 -203.256939 -230.489186 -251.255247 -264.364950 -271.421982 -274.416774 -273.072399 -262.776287 -246.752396 -794.041466 -2564.254758 -3686.482421 -3688.118147 -3688.118812 -3688.118812 -3688.118812 -3688.118812 -3688.118812 -3688.118812 -3688.118812 -3688.118812 -3688.118812 -3688.118812 -3688.118812 -3688.118812 -3688.118709 -3687.812374 -3153.505417 -870.011945 -295.967433 -338.449460 -351.378745 -354.752234 -355.622662 -355.847556 -355.905815 -355.920938 -355.924872 -355.925898 -355.926168 -355.926240 -355.926260 -355.926266 -355.926268 -355.926269 -355.926269 -355.926269 -355.926270 -355.926270 -355.926270 -355.926270 -355.926271 -355.926271 -355.926273 -355.926275 -355.926280 -355.926292 -355.926330 -355.926454 -355.926892 -355.928486 -355.934361 -355.956132 -356.036735 -356.332726 -357.397393 -361.079439 -373.142326 -411.340620 -9999.0 -9999.0
-9999.0 -9999.0 -319.746124 -346.836495 -353.540972 -355.052608 -354.729808 -352.141580 -344.283244 -331.927951 -356.759743 -367.255905 -374.676268 -384.873039 -392.989871 -387.927865 -385.211456 -384.429196 -384.687746 -385.558384 -386.758817 -388.110320 -389.480459 -289.973188 -221.835497 -172.477437 -133.374050 -155.959768 -119.661679 -113.041251 -125.250725 -146.889349 -173.970059 -203.256939 -230.489186 -251.255247 -264.364950 -271.421982 -274.416774 -273.072399 -262.776287 -246.752396 -794.041466 -2564.254758 -3686.482421 -3688.118147 -3688.118812 -3688.118812 -3688.118812 -3688.118812 -3688.118812 -3688.118812 -3688.118812 -3688.118812 -3688.118812 -3688.118812 -3688.118812 -3688.118812 -3688.118709 -3687.812374 -3153.505417 -870.011945 -295.967433 -338.449460 -351.378745 -354.752234 -355.622662 -355.847556 -355.905815 -355.920938 -355.924872 -355.925898 -355.926168 -355.926240 -355.926260 -355.926266 -355.926268 -355.926269 -355.926269 -355.926269 -355.926270 -355.926270 -355.926270 -355.926270 -355.926271 -355.926271 -355.926273 -355.926275 -355.926280 -355.926292 -355.926330 -355.926454 -355.926892 -355.928486 -355.934361 -355.956132 -356.036735 -356.332726 -357.397393 -361.079439 -373.142326 -411.340620 -9999.0 -9999.0
-9999.0 -9999.0 -319.746124 -346.836495 -353.540972 -355.052608 -354.729808 -352.141580 -344.283243 -331.927951 -356.759743 -367.255904 -374.676268 -384.873039 -392.989870 -387.927865 -385.211456 -384.429196 -384.687746 -385.558384 -386.758816 -388.110320 -389.480459 -289.973188 -221.835496 -172.477436 -133.374049 -155.959768 -119.661678 -113.041251 -125.250725 -146.889349 -173.970059 -203.256939 -230.489186 -251.255247 -264.364950 -271.421982 -274.416774 -273.072399 -262.776287 -246.752396 -794.041466 -2564.254758 -3686.482421 -3688.118147 -3688.118812 -3688.118812 -3688.118812 -3688.118812 -3688.118812 -3688.118812 -3688.118812 -3688.118812 -3688.118812 -3688.118812 -3688.118812 -3688.118812 -3688.118709 -3687.812374 -3153.505417 -870.011945 -295.967433 -338.449460 -351.378745 -354.752234 -355.622662 -355.847556 -355.905815 -355.920938 -355.924872 -355.925898 -355.926168 -355.926240 -355.926260 -355.926266 -355.926268 -355.926269 -355.926269 -355.926269 -355.926270 -355.926270 -355.926270 -355.926270 -355.926271 -355.926271 -355.926273 -355.926275 -355.926280 -355.926292 -355.926330 -355.926454 -355.926892 -355.928486 -355.934361 -355.956132 -356.036735 -356.332726 -357.397393 -361.079438 -373.142326 -411.340620 -9999.0 -9999.0
-9999.0 -9999.0 -319.746124 -346.836495 -353.540972 -355.052608 -354.729808 -352.141580 -344.283243 -331.927951 -356.759742 -367.255904 -374.676268 -384.873039 -392.989870 -387.927865 -385.211456 -384.429196 -384.687746 -385.558384 -386.758816 -388.110320 -389.480458 -289.973188 -221.835496 -172.477436 -133.374049 -155.959767 -119.661678 -113.041251 -125.250725 -146.889349 -173.970059 -203.256939 -230.489186 -251.255247 -264.364950 -271.421982 -274.416774 -273.072399 -262.776287 -246.752396 -794.041466 -2564.254758 -3686.482421 -3688.118147 -3688.118812 -3688.118812 -3688.118812 -3688.118812 -3688.118812 -3688.118812 -3688.118812 -3688.118812 -3688.118812 -3688.118812 -3688.118812 -3688.118812 -3688.118709 -3687.812374 -3153.505417 -870.011945 -295.967433 -338.449460 -351.378745 -354.752234 -355.622662 -355.847556 -355.905815 -355.920938 -355.924872 -355.925898 -355.926168 -355.926240 -355.926260 -355.926266 -355.926268 -355.926269 -355.926269 -355.926269 -355.926270 -355.926270 -355.926270 -355.926270 -355.926271 -355.926271 -355.926273 -355.926275 -355.926280 -355.926292 -355.926330 -355.926454 -355.926892 -355.928486 -355.934361 -355.956132 -356.036735 -356.332726 -357.397393 -361.079438 -373.142326 -411.340620 -9999.0 -9999.0
-9999.0 -9999.0 -9999.0 -9999.0 -9999.0 -9999.0 -9999.0 -9999.0 -9999.0 -9999.0 -9999.0 -9999.0 -9999.0 -9999.0 -9999.0 -9999.0 -9999.0 -9999.0 -9999.0 -9999.0 -9999.0 -9999.0 -9999.0 -9999.0 -9999.0 -9999.0 -9999.0 -9999.0 -9999.0 -9999.0 -9999.0 -9999.0 -9999.0 -9999.0 -9999.0 -9999.0 -9999.0 -9999.0 -9999.0 -9999.0 -9999.0 -9999.0 -9999.0 -9999.0 -9999.0 -9999.0 -9999.0 -9999.0 -9999.0 -9999.0 -9999.0 -9999.0 -9999.0 -9999.0 -9999.0 -9999.0 -9999.0 -9999.0 -9999.0 -9999.0 -9999.0 -9999.0 -9999.0 -9999.0 -9999.0 -9999.0 -9999.0 -9999.0 -9999.0 -9999.0 -9999.0 -9999.0 -9999.0 -9999.0 -9999.0 -9999.0 -9999.0 -9999.0 -9999.0 -9999.0 -9999.0 -9999.0 -9999.0 -9999.0 -9999.0 -9999.0 -9999.0 -9999.0 -9999.0 -9999.0 -9999.0 -9999.0 -9999.0 -9999.0 -9999.0 -9999.0 -9999.0 -9999.0 -9999.0 -9999.0 -9999.0 -9999.0 -9999.0 -9999.0
-9999.0 -9999.0 -9999.0 -9999.0 -9999.0 -9999.0 -9999.0 -9999.0 -9999.0 -9999.0 -9999.0 -9999.0 -9999.0 -9999.0 -9999.0 -9999.0 -9999.0 -9999.0 -9999.0 -9999.0 -9999.0 -9999.0 -9999.0 -9999.0 -9999.0 -9999.0 -9999.0 -9999.0 -9999.0 -9999.0 -9999.0 -9999.0 -9999.0 -9999.0 -9999.0 -9999.0 -9999.0 -9999.0 -9999.0 -9999.0 -9999.0 -9999.0 -9999.0 -9999.0 -9999.0 -9999.0 -9999.0 -9999.0 -9999.0 -9999.0 -9999.0 -9999.0 -9999.0 -9999.0 -9999.0 -9999.0 -9999.0 -9999.0 -9999.0 -9999.0 -9999.0 -9999.0 -9999.0 -9999.0 -9999.0 -9999.0 -9999.0 -9999.0 -9999.0 -9999.0 -9999.0 -9999.0 -9999.0 -9999.0 -9999.0 -9999.0 -9999.0 -9999.0 -9999.0 -9999.0 -9999.0 -9999.0 -9999.0 -9999.0 -9999.0 -9999.0 -9999.0 -9999.0 -9999.0 -9999.0 -9999.0 -9999.0 -9999.0 -9999.0 -9999.0 -9999.0 -9999.0 -9999.0 -9999.0 -9999.0 -9999.0 -9999.0 -9999.0 -9999.0