examples/3D/hillslope02_superslab/output-maps-SE27XX/psiliqL0080N0002.asc
ncols         104
nrows         10
xllcorner     -2.000000
yllcorner     0.000000
cellsize      1.000000
NODATA_value  -9999.0
-9999.0 -9999.0 -9999.0 -9999.0 -9999.0 -9999.0 -9999.0 -9999.0 -9999.0 -9999.0 -9999.0 -9999.0 -9999.0 -9999.0 -9999.0 -9999.0 -9999.0 -9999.0 -9999.0 -9999.0 -9999.0 -9999.0 -9999.0 -9999.0 -9999.0 -9999.0 -9999.0 -9999.0 -9999.0 -9999.0 -9999.0 -9999.0 -9999.0 -9999.0 -9999.0 -9999.0 -9999.0 -9999.0 -9999.0 -9999.0 -9999.0 -9999.0 -9999.0 -9999.0 -9999.0 -9999.0 -9999.0 -9999.0 -9999.0 -9999.0 -9999.0 -9999.0 -9999.0 -9999.0 -9999.0 -9999.0 -9999.0 -9999.0 -9999.0 -9999.0 -9999.0 -9999.0 -9999.0 -9999.0 -9999.0 -9999.0 -9999.0 -9999.0 -9999.0 -9999.0 -9999.0 -9999.0 -9999.0 -9999.0 -9999.0 -9999.0 -9999.0 -9999.0 -9999.0 -9999.0 -9999.0 -9999.0 -9999.0 -9999.0 -9999.0 -9999.0 -9999.0 -9999.0 -9999.0 -9999.0 -9999.0 -9999.0 -9999.0 -9999.0 -9999.0 -9999.0 -9999.0 -9999.0 -9999.0 -9999.0 -9999.0 -9999.0 -9999.0 -9999.0
-9999.0 -9999.0 -9999.0 -9999.0 -9999.0 -9999.0 -9999.0 -9999.0 -9999.0 -9999.0 -9999.0 -9999.0 -9999.0 -9999.0 -9999.0 -9999.0 -9999.0 -9999.0 -9999.0 -9999.0 -9999.0 -9999.0 -9999.0 -9999.0 -9999.0 -9999.0 -9999.0 -9999.0 -9999.0 -9999.0 -9999.0 -9999.0 -9999.0 -9999.0 -9999.0 -9999.0 -9999.0 -9999.0 -9999.0 -9999.0 -9999.0 -9999.0 -9999.0 -9999.0 -9999.0 -9999.0 -9999.0 -9999.0 -9999.0 -9999.0 -9999.0 -9999.0 -9999.0 -9999.0 -9999.0 -9999.0 -9999.0 -9999.0 -9999.0 -9999.0 -9999.0 -9999.0 -9999.0 -9999.0 -9999.0 -9999.0 -9999.0 -9999.0 -9999.0 -9999.0 -9999.0 -9999.0 -9999.0 -9999.0 -9999.0 -9999.0 -9999.0 -9999.0 -9999.0 -9999.0 -9999.0 -9999.0 -9999.0 -9999.0 -9999.0 -9999.0 -9999.0 -9999.0 -9999.0 -9999.0 -9999.0 -9999.0 -9999.0 -9999.0 -9999.0 -9999.0 -9999.0 -9999.0 -9999.0 -9999.0 -9999.0 -9999.0 -9999.0 -9999.0
-9999.0 -9999.0 614.881005 513.520663 412.742781 313.235810 215.418734 119.484688 25.211715 -68.404003 -161.571918 -244.070437 -305.043846 -350.307955 -394.937541 -378.666906 -359.626040 -345.416680 -331.476273 -315.685608 -297.564979 -277.529555 -256.748797 -236.224352 -217.186838 -200.159250 -186.229002 -175.382240 -167.877169 -163.922354 -163.596769 -166.911407 -173.843183 -184.312678 -197.579325 -213.497321 -231.077308 -249.565182 -267.671566 -284.630884 -299.985146 -313.837592 -326.542502 -337.902801 -348.257836 -358.134351 -368.320651 -380.963616 -414.773774 -903.776097 -1010.293076 -1015.593358 -1002.461679 -996.829076 -988.924951 -977.502091 -961.049536 -937.552363 -904.111090 -834.368829 -589.084085 -398.059967 -323.135062 -328.179057 -336.510900 -339.159595 -339.668448 -339.740868 -339.845665 -340.069041 -340.401483 -340.817130 -341.291321 -341.806558 -342.350765 -342.915930 -343.496849 -344.090231 -344.694368 -345.309460 -345.937695 -346.579418 -347.234050 -347.898016 -348.566442 -349.238605 -349.913508 -350.583215 -351.236479 -351.871789 -352.479863 -353.049328 -353.578425 -354.058367 -354.497961 -354.930907 -355.479677 -356.540760 -359.278332 -367.130666 -395.138993 -589.496107 -9999.0 -9999.0
-9999.0 -9999.0 614.881003 513.520660 412.742780 313.235808 215.418733 119.484687 25.211714 -68.404003 -161.571918 -244.070438 -305.043846 -350.307956 -394.937542 -378.666907 -359.626040 -345.416680 -331.476273 -315.685608 -297.564979 -277.529555 -256.748797 -236.224352 -217.186838 -200.159250 -186.229002 -175.382240 -167.877169 -163.922354 -163.596769 -166.911407 -173.843183 -184.312678 -197.579325 -213.497321 -231.077308 -249.565182 -267.671566 -284.630884 -299.985146 -313.837592 -326.542502 -337.902801 -348.257836 -358.134351 -368.320651 -380.963616 -414.773774 -903.776097 -1010.293076 -1015.593358 -1002.461679 -996.829076 -988.924951 -977.502091 -961.049536 -937.552363 -904.111090 -834.368829 -589.084084 -398.059967 -323.135062 -328.179057 -336.510901 -339.159595 -339.668449 -339.740869 -339.845666 -340.069042 -340.401484 -340.817130 -341.291322 -341.806559 -342.350766 -342.915931 -343.496850 -344.090232 -344.694368 -345.309461 -345.937696 -346.579419 -347.234051 -347.898017 -348.566443 -349.238606 -349.913509 -350.583216 -351.236480 -351.871791 -352.479864 -353.049329 -353.578426 -354.058368 -354.497963 -354.930908 -355.479678 -356.540762 -359.278333 -367.130668 -395.138994 -589.496113 -9999.0 -9999.0
-9999.0 -9999.0 614.881001 513.520659 412.742778 313.235807 215.418732 119.484686 25.211713 -68.404004 -161.571918 -244.070438 -305.043846 -350.307956 -394.937543 -378.666908 -359.626041 -345.416680 -331.476274 -315.685608 -297.564979 -277.529555 -256.748797 -236.224352 -217.186838 -200.159250 -186.229002 -175.382240 -167.877169 -163.922354 -163.596769 -166.911407 -173.843183 -184.312678 -197.579325 -213.497321 -231.077308 -249.565182 -267.671566 -284.630884 -299.985146 -313.837592 -326.542502 -337.902801 -348.257836 -358.134351 -368.320651 -380.963616 -414.773774 -903.776097 -1010.293076 -1015.593358 -1002.461679 -996.829076 -988.924951 -977.502091 -961.049536 -937.552363 -904.111090 -834.368829 -589.084084 -398.059967 -323.135062 -328.179057 -336.510901 -339.159596 -339.668449 -339.740869 -339.845666 -340.069043 -340.401484 -340.817131 -341.291322 -341.806559 -342.350766 -342.915932 -343.496850 -344.090233 -344.694369 -345.309462 -345.937697 -346.579419 -347.234051 -347.898017 -348.566443 -349.238606 -349.913510 -350.583217 -351.236480 -351.871791 -352.479865 -353.049330 -353.578426 -354.058368 -354.497963 -354.930909 -355.479679 -356.540762 -359.278334 -367.130669 -395.138995 -589.496112 -9999.0 -9999.0
-9999.0 -9999.0 614.881001 513.520659 412.742778 313.235807 215.418732 119.484686 25.211713 -68.404004 -161.571918 -244.070438 -305.043846 -350.307956 -394.937543 -378.666908 -359.626041 -345.416680 -331.476274 -315.685608 -297.564979 -277.529555 -256.748797 -236.224352 -217.186838 -200.159250 -186.229002 -175.382240 -167.877169 -163.922354 -163.596769 -166.911407 -173.843183 -184.312678 -197.579325 -213.497321 -231.077308 -249.565182 -267.671566 -284.630884 -299.985146 -313.837592 -326.542502 -337.902801 -348.257836 -358.134351 -368.320651 -380.963616 -414.773774 -903.776097 -1010.293076 -1015.593358 -1002.461679 -996.829076 -988.924951 -977.502091 -961.049536 -937.552363 -904.111090 -834.368829 -589.084084 -398.059967 -323.135062 -328.179057 -336.510901 -339.159596 -339.668449 -339.740869 -339.845666 -340.069043 -340.401484 -340.817131 -341.291322 -341.806559 -342.350766 -342.915932 -343.496850 -344.090233 -344.694369 -345.309462 -345.937697 -346.579419 -347.234051 -347.898017 -348.566443 -349.238606 -349.913510 -350.583217 -351.236480 -351.871791 -352.479865 -353.049330 -353.578426 -354.058368 -354.497963 -354.930909 -355.479679 -356.540762 -359.278334 -367.130669 -395.138995 -589.496112 -9999.0 -9999.0
-9999.0 -9999.0 614.881003 513.520660 412.742780 313.235808 215.418733 119.484687 25.211714 -68.404003 -161.571918 -244.070438 -305.043846 -350.307956 -394.937542 -378.666907 -359.626040 -345.416680 -331.476273 -315.685608 -297.564979 -277.529555 -256.748797 -236.224352 -217.186838 -200.159250 -186.229002 -175.382240 -167.877169 -163.922354 -163.596769 -166.911407 -173.843183 -184.312678 -197.579325 -213.497321 -231.077308 -249.565182 -267.671566 -284.630884 -299.985146 -313.837592 -326.542502 -337.902801 -348.257836 -358.134351 -368.320651 -380.963616 -414.773774 -903.776097 -1010.293076 -1015.593358 -1002.461679 -996.829076 -988.924951 -977.502091 -961.049536 -937.552363 -904.111090 -834.368829 -589.084084 -398.059967 -323.135062 -328.179057 -336.510901 -339.159595 -339.668449 -339.740869 -339.845666 -340.069042 -340.401484 -340.817130 -341.291322 -341.806559 -342.350766 -342.915931 -343.496850 -344.090232 -344.694368 -345.309461 -345.937696 -346.579419 -347.234051 -347.898017 -348.566443 -349.238606 -349.913509 -350.583216 -351.236480 -351.871791 -352.479864 -353.049329 -353.578426 -354.058368 -354.497963 -354.930908 -355.479678 -356.540762 -359.278333 -367.130668 -395.138994 -589.496113 -9999.0 -9999.0
-9999.0 -9999.0 614.881005 513.520663 412.742781 313.235810 215.418734 119.484688 25.211715 -68.404003 -161.571918 -244.070437 -305.043846 -350.307955 -394.937541 -378.666906 -359.626040 -345.416680 -331.476273 -315.685608 -297.564979 -277.529555 -256.748797 -236.224352 -217.186838 -200.159250 -186.229002 -175.382240 -167.877169 -163.922354 -163.596769 -166.911407 -173.843183 -184.312678 -197.579325 -213.497321 -231.077308 -249.565182 -267.671566 -284.630884 -299.985146 -313.837592 -326.542502 -337.902801 -348.257836 -358.134351 -368.320651 -380.963616 -414.773774 -903.776097 -1010.293076 -1015.593358 -1002.461679 -996.829076 -988.924951 -977.502091 -961.049536 -937.552363 -904.111090 -834.368829 -589.084085 -398.059967 -323.135062 -328.179057 -336.510900 -339.159595 -339.668448 -339.740868 -339.845665 -340.069041 -340.401483 -340.817130 -341.291321 -341.806558 -342.350765 -342.915930 -343.496849 -344.090231 -344.694368 -345.309460 -345.937695 -346.579418 -347.234050 -347.898016 -348.566442 -349.238605 -349.913508 -350.583215 -351.236479 -351.871789 -352.479863 -353.049328 -353.578425 -354.058367 -354.497961 -354.930907 -355.479677 -356.540760 -359.278332 -367.130666 -395.138993 -589.496107 -9999.0 -9999.0
-9999.0 -9999.0 -9999.0 -9999.0 -9999.0 -9999.0 -9999.0 -9999.0 -9999.0 -9999.0 -9999.0 -9999.0 -9999.0 -9999.0 -9999.0 -9999.0 -9999.0 -9999.0 -9999.0 -9999.0 -9999.0 -9999.0 -9999.0 -9999.0 -9999.0 -9999.0 -9999.0 -9999.0 -9999.0 -9999.0 -9999.0 -9999.0 -9999.0 -9999.0 -9999.0 -9999.0 -9999.0 -9999.0 -9999.0 -9999.0 -9999.0 -9999.0 -9999.0 -9999.0 -9999.0 -9999.0 -9999.0 -9999.0 -9999.0 -9999.0 -9999.0 -9999.0 -9999.0 -9999.0 -9999.0 -9999.0 -9999.0 -9999.0 -9999.0 -9999.0 -9999.0 -9999.0 -9999.0 -9999.0 -9999.0 -9999.0 -9999.0 -9999.0 -9999.0 -9999.0 -9999.0 -9999.0 -9999.0 -9999.0 -9999.0 -9999.0 -9999.0 -9999.0 -9999.0 -9999.0 -9999.0 -9999.0 -9999.0 -9999.0 -9999.0 -9999.0 -9999.0 -9999.0 -9999.0 -9999.0 -9999.0 -9999.0 -9999.0 -9999.0 -9999.0 -9999.0 -9999.0 -9999.0 -9999.0 -9999.0 -9999.0 -9999.0 -9999.0 -9999.0
-9999.0 -9999.0 -9999.0 -9999.0 -9999.0 -9999.0 -9999.0 -9999.0 -9999.0 -9999.0 -9999.0 -9999.0 -9999.0 -9999.0 -9999.0 -9999.0 -9999.0 -9999.0 -9999.0 -9999.0 -9999.0 -9999.0 -9999.0 -9999.0 -9999.0 -9999.0 -9999.0 -9999.0 -9999.0 -9999.0 -9999.0 -9999.0 -9999.0 -9999.0 -9999.0 -9999.0 -9999.0 -9999.0 -9999.0 -9999.0 -9999.0 -9999.0 -9999.0 -9999.0 -9999.0 -9999.0 -9999.0 -9999.0 -9999.0 -9999.0 -9999.0 -9999.0 -9999.0 -9999.0 -9999.0 -9999.0 -9999.0 -9999.0 -9999.0 -9999.0 -9999.0 -9999.0 -9999.0 -9999.0 -9999.0 -9999.0 -9999.0 -9999.0 -9999.0 -9999.0 -9999.0 -9999.0 -9999.0 -9999.0 -9999.0 -9999.0 -9999.0 -9999.0 -9999.0 -9999.0 -9999.0 -9999.0 -9999.0 -9999.0 -9999.0 -9999.0 -9999.0 -9999.0 -9999.0 -9999.0 -9999.0 -9999.0 -9999.0 -9999.0 -9999.0 -9999.0 -9999.0 -9999.0 -9999.0 -9999.0 -9999.0 -9999.0 -9999.0 -9999.0