examples/3D/hillslope02_superslab/output-maps-SE27XX/psiliqL0042N0003.asc
ncols         104
nrows         10
xllcorner     -2.000000
yllcorner     0.000000
cellsize      1.000000
NODATA_value  -9999.0
-9999.0 -9999.0 -9999.0 -9999.0 -9999.0 -9999.0 -9999.0 -9999.0 -9999.0 -9999.0 -9999.0 -9999.0 -9999.0 -9999.0 -9999.0 -9999.0 -9999.0 -9999.0 -9999.0 -9999.0 -9999.0 -9999.0 -9999.0 -9999.0 -9999.0 -9999.0 -9999.0 -9999.0 -9999.0 -9999.0 -9999.0 -9999.0 -9999.0 -9999.0 -9999.0 -9999.0 -9999.0 -9999.0 -9999.0 -9999.0 -9999.0 -9999.0 -9999.0 -9999.0 -9999.0 -9999.0 -9999.0 -9999.0 -9999.0 -9999.0 -9999.0 -9999.0 -9999.0 -9999.0 -9999.0 -9999.0 -9999.0 -9999.0 -9999.0 -9999.0 -9999.0 -9999.0 -9999.0 -9999.0 -9999.0 -9999.0 -9999.0 -9999.0 -9999.0 -9999.0 -9999.0 -9999.0 -9999.0 -9999.0 -9999.0 -9999.0 -9999.0 -9999.0 -9999.0 -9999.0 -9999.0 -9999.0 -9999.0 -9999.0 -9999.0 -9999.0 -9999.0 -9999.0 -9999.0 -9999.0 -9999.0 -9999.0 -9999.0 -9999.0 -9999.0 -9999.0 -9999.0 -9999.0 -9999.0 -9999.0 -9999.0 -9999.0 -9999.0 -9999.0
-9999.0 -9999.0 -9999.0 -9999.0 -9999.0 -9999.0 -9999.0 -9999.0 -9999.0 -9999.0 -9999.0 -9999.0 -9999.0 -9999.0 -9999.0 -9999.0 -9999.0 -9999.0 -9999.0 -9999.0 -9999.0 -9999.0 -9999.0 -9999.0 -9999.0 -9999.0 -9999.0 -9999.0 -9999.0 -9999.0 -9999.0 -9999.0 -9999.0 -9999.0 -9999.0 -9999.0 -9999.0 -9999.0 -9999.0 -9999.0 -9999.0 -9999.0 -9999.0 -9999.0 -9999.0 -9999.0 -9999.0 -9999.0 -9999.0 -9999.0 -9999.0 -9999.0 -9999.0 -9999.0 -9999.0 -9999.0 -9999.0 -9999.0 -9999.0 -9999.0 -9999.0 -9999.0 -9999.0 -9999.0 -9999.0 -9999.0 -9999.0 -9999.0 -9999.0 -9999.0 -9999.0 -9999.0 -9999.0 -9999.0 -9999.0 -9999.0 -9999.0 -9999.0 -9999.0 -9999.0 -9999.0 -9999.0 -9999.0 -9999.0 -9999.0 -9999.0 -9999.0 -9999.0 -9999.0 -9999.0 -9999.0 -9999.0 -9999.0 -9999.0 -9999.0 -9999.0 -9999.0 -9999.0 -9999.0 -9999.0 -9999.0 -9999.0 -9999.0 -9999.0
-9999.0 -9999.0 917.557238 819.126878 722.313167 627.196405 533.853258 442.350942 352.727833 265.053135 179.422493 95.886118 14.492862 -64.615623 -141.921349 -217.550718 -290.478400 -354.607078 -401.068028 -429.629222 -444.901358 -451.993907 -454.574358 -454.859984 -454.090329 -452.931792 -451.739656 -450.708371 -449.942869 -449.489572 -449.350443 -413.156999 -381.151789 -353.767550 -331.194208 -360.690455 -413.342691 -458.878484 -495.759784 -523.929802 -546.445793 -578.364237 -680.579607 -776.626882 -900.951816 -1084.932585 -1405.654834 -2169.324763 -2880.925031 -2895.991626 -2896.039489 -2896.039604 -2896.039604 -2896.039604 -2896.039604 -2896.039602 -2896.038696 -2895.614706 -2767.384985 -1429.328172 -862.733470 -690.924860 -588.800937 -574.572323 -573.840481 -573.977135 -574.040418 -574.058993 -574.064026 -574.065449 -574.065969 -574.066293 -574.066597 -574.066916 -574.067248 -574.067589 -574.067934 -574.068272 -574.068596 -574.068902 -574.069187 -574.069446 -574.069680 -574.069886 -574.070067 -574.070222 -574.070354 -574.070465 -574.070557 -574.070633 -574.070698 -574.070766 -574.070880 -574.071193 -574.072272 -574.076173 -574.090348 -574.141780 -574.331067 -575.062682 -578.141489 -592.552643 -9999.0 -9999.0
-9999.0 -9999.0 917.557238 819.126878 722.313167 627.196405 533.853258 442.350942 352.727833 265.053135 179.422493 95.886118 14.492862 -64.615623 -141.921349 -217.550718 -290.478401 -354.607078 -401.068028 -429.629222 -444.901358 -451.993907 -454.574358 -454.859984 -454.090329 -452.931792 -451.739656 -450.708371 -449.942869 -449.489572 -449.350443 -413.156999 -381.151789 -353.767550 -331.194208 -360.690455 -413.342691 -458.878484 -495.759784 -523.929802 -546.445793 -578.364237 -680.579607 -776.626882 -900.951816 -1084.932585 -1405.654834 -2169.324763 -2880.925031 -2895.991626 -2896.039489 -2896.039604 -2896.039604 -2896.039604 -2896.039604 -2896.039602 -2896.038696 -2895.614706 -2767.384984 -1429.328171 -862.733469 -690.924860 -588.800937 -574.572323 -573.840481 -573.977136 -574.040418 -574.058993 -574.064026 -574.065449 -574.065969 -574.066293 -574.066597 -574.066916 -574.067248 -574.067589 -574.067934 -574.068272 -574.068596 -574.068903 -574.069187 -574.069446 -574.069680 -574.069886 -574.070067 -574.070222 -574.070355 -574.070465 -574.070557 -574.070633 -574.070698 -574.070766 -574.070880 -574.071193 -574.072272 -574.076173 -574.090348 -574.141780 -574.331067 -575.062682 -578.141489 -592.552643 -9999.0 -9999.0
-9999.0 -9999.0 917.557238 819.126878 722.313167 627.196405 533.853258 442.350942 352.727833 265.053135 179.422493 95.886118 14.492862 -64.615624 -141.921349 -217.550718 -290.478401 -354.607078 -401.068028 -429.629222 -444.901358 -451.993907 -454.574358 -454.859984 -454.090329 -452.931792 -451.739656 -450.708371 -449.942869 -449.489572 -449.350443 -413.156999 -381.151789 -353.767550 -331.194208 -360.690455 -413.342691 -458.878484 -495.759784 -523.929802 -546.445793 -578.364237 -680.579607 -776.626882 -900.951816 -1084.932585 -1405.654834 -2169.324763 -2880.925031 -2895.991626 -2896.039489 -2896.039604 -2896.039604 -2896.039604 -2896.039604 -2896.039602 -2896.038696 -2895.614706 -2767.384984 -1429.328170 -862.733469 -690.924860 -588.800937 -574.572323 -573.840481 -573.977136 -574.040418 -574.058993 -574.064027 -574.065449 -574.065969 -574.066293 -574.066597 -574.066916 -574.067248 -574.067589 -574.067934 -574.068272 -574.068596 -574.068903 -574.069187 -574.069446 -574.069680 -574.069886 -574.070067 -574.070222 -574.070355 -574.070465 -574.070557 -574.070633 -574.070698 -574.070766 -574.070880 -574.071194 -574.072272 -574.076174 -574.090348 -574.141780 -574.331067 -575.062682 -578.141489 -592.552643 -9999.0 -9999.0
-9999.0 -9999.0 917.557238 819.126878 722.313167 627.196405 533.853258 442.350942 352.727833 265.053135 179.422493 95.886118 14.492862 -64.615624 -141.921349 -217.550718 -290.478401 -354.607078 -401.068028 -429.629222 -444.901358 -451.993907 -454.574358 -454.859984 -454.090329 -452.931792 -451.739656 -450.708371 -449.942869 -449.489572 -449.350443 -413.156999 -381.151789 -353.767550 -331.194208 -360.690455 -413.342691 -458.878484 -495.759784 -523.929802 -546.445793 -578.364237 -680.579607 -776.626882 -900.951816 -1084.932585 -1405.654834 -2169.324763 -2880.925031 -2895.991626 -2896.039489 -2896.039604 -2896.039604 -2896.039604 -2896.039604 -2896.039602 -2896.038696 -2895.614706 -2767.384984 -1429.328170 -862.733469 -690.924860 -588.800937 -574.572323 -573.840481 -573.977136 -574.040418 -574.058993 -574.064027 -574.065449 -574.065969 -574.066293 -574.066597 -574.066916 -574.067248 -574.067589 -574.067934 -574.068272 -574.068596 -574.068903 -574.069187 -574.069446 -574.069680 -574.069886 -574.070067 -574.070222 -574.070355 -574.070465 -574.070557 -574.070633 -574.070698 -574.070766 -574.070880 -574.071194 -574.072272 -574.076174 -574.090348 -574.141780 -574.331067 -575.062682 -578.141489 -592.552643 -9999.0 -9999.0
-9999.0 -9999.0 917.557238 819.126878 722.313167 627.196405 533.853258 442.350942 352.727833 265.053135 179.422493 95.886118 14.492862 -64.615623 -141.921349 -217.550718 -290.478401 -354.607078 -401.068028 -429.629222 -444.901358 -451.993907 -454.574358 -454.859984 -454.090329 -452.931792 -451.739656 -450.708371 -449.942869 -449.489572 -449.350443 -413.156999 -381.151789 -353.767550 -331.194208 -360.690455 -413.342691 -458.878484 -495.759784 -523.929802 -546.445793 -578.364237 -680.579607 -776.626882 -900.951816 -1084.932585 -1405.654834 -2169.324763 -2880.925031 -2895.991626 -2896.039489 -2896.039604 -2896.039604 -2896.039604 -2896.039604 -2896.039602 -2896.038696 -2895.614706 -2767.384984 -1429.328171 -862.733469 -690.924860 -588.800937 -574.572323 -573.840481 -573.977136 -574.040418 -574.058993 -574.064026 -574.065449 -574.065969 -574.066293 -574.066597 -574.066916 -574.067248 -574.067589 -574.067934 -574.068272 -574.068596 -574.068903 -574.069187 -574.069446 -574.069680 -574.069886 -574.070067 -574.070222 -574.070355 -574.070465 -574.070557 -574.070633 -574.070698 -574.070766 -574.070880 -574.071193 -574.072272 -574.076173 -574.090348 -574.141780 -574.331067 -575.062682 -578.141489 -592.552643 -9999.0 -9999.0
-9999.0 -9999.0 917.557238 819.126878 722.313167 627.196405 533.853258 442.350942 352.727833 265.053135 179.422493 95.886118 14.492862 -64.615623 -141.921349 -217.550718 -290.478400 -354.607078 -401.068028 -429.629222 -444.901358 -451.993907 -454.574358 -454.859984 -454.090329 -452.931792 -451.739656 -450.708371 -449.942869 -449.489572 -449.350443 -413.156999 -381.151789 -353.767550 -331.194208 -360.690455 -413.342691 -458.878484 -495.759784 -523.929802 -546.445793 -578.364237 -680.579607 -776.626882 -900.951816 -1084.932585 -1405.654834 -2169.324763 -2880.925031 -2895.991626 -2896.039489 -2896.039604 -2896.039604 -2896.039604 -2896.039604 -2896.039602 -2896.038696 -2895.614706 -2767.384985 -1429.328172 -862.733470 -690.924860 -588.800937 -574.572323 -573.840481 -573.977135 -574.040418 -574.058993 -574.064026 -574.065449 -574.065969 -574.066293 -574.066597 -574.066916 -574.067248 -574.067589 -574.067934 -574.068272 -574.068596 -574.068902 -574.069187 -574.069446 -574.069680 -574.069886 -574.070067 -574.070222 -574.070354 -574.070465 -574.070557 -574.070633 -574.070698 -574.070766 -574.070880 -574.071193 -574.072272 -574.076173 -574.090348 -574.141780 -574.331067 -575.062682 -578.141489 -592.552643 -9999.0 -9999.0
-9999.0 -9999.0 -9999.0 -9999.0 -9999.0 -9999.0 -9999.0 -9999.0 -9999.0 -9999.0 -9999.0 -9999.0 -9999.0 -9999.0 -9999.0 -9999.0 -9999.0 -9999.0 -9999.0 -9999.0 -9999.0 -9999.0 -9999.0 -9999.0 -9999.0 -9999.0 -9999.0 -9999.0 -9999.0 -9999.0 -9999.0 -9999.0 -9999.0 -9999.0 -9999.0 -9999.0 -9999.0 -9999.0 -9999.0 -9999.0 -9999.0 -9999.0 -9999.0 -9999.0 -9999.0 -9999.0 -9999.0 -9999.0 -9999.0 -9999.0 -9999.0 -9999.0 -9999.0 -9999.0 -9999.0 -9999.0 -9999.0 -9999.0 -9999.0 -9999.0 -9999.0 -9999.0 -9999.0 -9999.0 -9999.0 -9999.0 -9999.0 -9999.0 -9999.0 -9999.0 -9999.0 -9999.0 -9999.0 -9999.0 -9999.0 -9999.0 -9999.0 -9999.0 -9999.0 -9999.0 -9999.0 -9999.0 -9999.0 -9999.0 -9999.0 -9999.0 -9999.0 -9999.0 -9999.0 -9999.0 -9999.0 -9999.0 -9999.0 -9999.0 -9999.0 -9999.0 -9999.0 -9999.0 -9999.0 -9999.0 -9999.0 -9999.0 -9999.0 -9999.0
-9999.0 -9999.0 -9999.0 -9999.0 -9999.0 -9999.0 -9999.0 -9999.0 -9999.0 -9999.0 -9999.0 -9999.0 -9999.0 -9999.0 -9999.0 -9999.0 -9999.0 -9999.0 -9999.0 -9999.0 -9999.0 -9999.0 -9999.0 -9999.0 -9999.0 -9999.0 -9999.0 -9999.0 -9999.0 -9999.0 -9999.0 -9999.0 -9999.0 -9999.0 -9999.0 -9999.0 -9999.0 -9999.0 -9999.0 -9999.0 -9999.0 -9999.0 -9999.0 -9999.0 -9999.0 -9999.0 -9999.0 -9999.0 -9999.0 -9999.0 -9999.0 -9999.0 -9999.0 -9999.0 -9999.0 -9999.0 -9999.0 -9999.0 -9999.0 -9999.0 -9999.0 -9999.0 -9999.0 -9999.0 -9999.0 -9999.0 -9999.0 -9999.0 -9999.0 -9999.0 -9999.0 -9999.0 -9999.0 -9999.0 -9999.0 -9999.0 -9999.0 -9999.0 -9999.0 -9999.0 -9999.0 -9999.0 -9999.0 -9999.0 -9999.0 -9999.0 -9999.0 -9999.0 -9999.0 -9999.0 -9999.0 -9999.0 -9999.0 -9999.0 -9999.0 -9999.0 -9999.0 -9999.0 -9999.0 -9999.0 -9999.0 -9999.0 -9999.0 -9999.0