examples/3D/hillslope02_superslab/output-maps-SE27XX/psiliqL0068N0001.asc
ncols         104
nrows         10
xllcorner     -2.000000
yllcorner     0.000000
cellsize      1.000000
NODATA_value  -9999.0
-9999.0 -9999.0 -9999.0 -9999.0 -9999.0 -9999.0 -9999.0 -9999.0 -9999.0 -9999.0 -9999.0 -9999.0 -9999.0 -9999.0 -9999.0 -9999.0 -9999.0 -9999.0 -9999.0 -9999.0 -9999.0 -9999.0 -9999.0 -9999.0 -9999.0 -9999.0 -9999.0 -9999.0 -9999.0 -9999.0 -9999.0 -9999.0 -9999.0 -9999.0 -9999.0 -9999.0 -9999.0 -9999.0 -9999.0 -9999.0 -9999.0 -9999.0 -9999.0 -9999.0 -9999.0 -9999.0 -9999.0 -9999.0 -9999.0 -9999.0 -9999.0 -9999.0 -9999.0 -9999.0 -9999.0 -9999.0 -9999.0 -9999.0 -9999.0 -9999.0 -9999.0 -9999.0 -9999.0 -9999.0 -9999.0 -9999.0 -9999.0 -9999.0 -9999.0 -9999.0 -9999.0 -9999.0 -9999.0 -9999.0 -9999.0 -9999.0 -9999.0 -9999.0 -9999.0 -9999.0 -9999.0 -9999.0 -9999.0 -9999.0 -9999.0 -9999.0 -9999.0 -9999.0 -9999.0 -9999.0 -9999.0 -9999.0 -9999.0 -9999.0 -9999.0 -9999.0 -9999.0 -9999.0 -9999.0 -9999.0 -9999.0 -9999.0 -9999.0 -9999.0
-9999.0 -9999.0 -9999.0 -9999.0 -9999.0 -9999.0 -9999.0 -9999.0 -9999.0 -9999.0 -9999.0 -9999.0 -9999.0 -9999.0 -9999.0 -9999.0 -9999.0 -9999.0 -9999.0 -9999.0 -9999.0 -9999.0 -9999.0 -9999.0 -9999.0 -9999.0 -9999.0 -9999.0 -9999.0 -9999.0 -9999.0 -9999.0 -9999.0 -9999.0 -9999.0 -9999.0 -9999.0 -9999.0 -9999.0 -9999.0 -9999.0 -9999.0 -9999.0 -9999.0 -9999.0 -9999.0 -9999.0 -9999.0 -9999.0 -9999.0 -9999.0 -9999.0 -9999.0 -9999.0 -9999.0 -9999.0 -9999.0 -9999.0 -9999.0 -9999.0 -9999.0 -9999.0 -9999.0 -9999.0 -9999.0 -9999.0 -9999.0 -9999.0 -9999.0 -9999.0 -9999.0 -9999.0 -9999.0 -9999.0 -9999.0 -9999.0 -9999.0 -9999.0 -9999.0 -9999.0 -9999.0 -9999.0 -9999.0 -9999.0 -9999.0 -9999.0 -9999.0 -9999.0 -9999.0 -9999.0 -9999.0 -9999.0 -9999.0 -9999.0 -9999.0 -9999.0 -9999.0 -9999.0 -9999.0 -9999.0 -9999.0 -9999.0 -9999.0 -9999.0
-9999.0 -9999.0 -1574.097445 -1606.879748 -1608.389264 -1608.766039 -1608.869189 -1608.898542 -1608.907194 -1608.909784 -1608.910561 -1608.910793 -1608.910862 -1608.910883 -1608.910889 -1608.910890 -1608.910891 -1608.910891 -1608.910891 -1608.910891 -1608.910891 -1608.910891 -1608.910891 -1608.910891 -1608.910891 -1608.910891 -1608.910891 -1608.910891 -1608.910891 -1608.910891 -1608.910891 -1608.910891 -1608.909667 -1605.763690 -859.861955 -442.975721 -377.869956 -358.642500 -350.760213 -348.341540 -350.311904 -357.790017 -379.607326 -459.332880 -1361.874122 -1608.633255 -1609.004571 -1609.306625 -1609.172510 -1609.072692 -1609.011473 -1609.073508 -1608.915361 -1608.910961 -1608.910892 -1608.910891 -1608.910891 -1608.910891 -1608.910891 -1608.910891 -1608.910875 -1608.878301 -1565.065889 -1608.884884 -1608.910880 -1608.910891 -1608.910891 -1608.910891 -1608.910892 -1608.910892 -1608.910893 -1608.910894 -1608.910895 -1608.910898 -1608.910902 -1608.910907 -1608.910916 -1608.910930 -1608.910950 -1608.910980 -1608.911025 -1608.911090 -1608.911184 -1608.911320 -1608.911513 -1608.911787 -1608.912173 -1608.912712 -1608.913460 -1608.914493 -1608.915911 -1608.917848 -1608.920483 -1608.924060 -1608.928905 -1608.935471 -1608.944389 -1608.956580 -1608.973449 -1608.997902 -1609.076777 -1611.605763 -9999.0 -9999.0
-9999.0 -9999.0 -1574.097449 -1606.879748 -1608.389264 -1608.766039 -1608.869189 -1608.898542 -1608.907194 -1608.909784 -1608.910561 -1608.910793 -1608.910862 -1608.910883 -1608.910889 -1608.910890 -1608.910891 -1608.910891 -1608.910891 -1608.910891 -1608.910891 -1608.910891 -1608.910891 -1608.910891 -1608.910891 -1608.910891 -1608.910891 -1608.910891 -1608.910891 -1608.910891 -1608.910891 -1608.910891 -1608.909667 -1605.763690 -859.861957 -442.975721 -377.869956 -358.642500 -350.760213 -348.341540 -350.311904 -357.790017 -379.607326 -459.332880 -1361.874122 -1608.633255 -1609.004571 -1609.306625 -1609.172510 -1609.072692 -1609.011473 -1609.073508 -1608.915361 -1608.910961 -1608.910892 -1608.910891 -1608.910891 -1608.910891 -1608.910891 -1608.910891 -1608.910875 -1608.878301 -1565.065891 -1608.884884 -1608.910880 -1608.910891 -1608.910891 -1608.910891 -1608.910892 -1608.910892 -1608.910893 -1608.910894 -1608.910895 -1608.910898 -1608.910902 -1608.910907 -1608.910916 -1608.910930 -1608.910950 -1608.910980 -1608.911025 -1608.911090 -1608.911184 -1608.911320 -1608.911513 -1608.911787 -1608.912173 -1608.912712 -1608.913460 -1608.914493 -1608.915911 -1608.917848 -1608.920483 -1608.924060 -1608.928905 -1608.935471 -1608.944389 -1608.956580 -1608.973449 -1608.997902 -1609.076777 -1611.605763 -9999.0 -9999.0
-9999.0 -9999.0 -1574.097452 -1606.879748 -1608.389264 -1608.766039 -1608.869189 -1608.898542 -1608.907194 -1608.909784 -1608.910561 -1608.910793 -1608.910862 -1608.910883 -1608.910889 -1608.910890 -1608.910891 -1608.910891 -1608.910891 -1608.910891 -1608.910891 -1608.910891 -1608.910891 -1608.910891 -1608.910891 -1608.910891 -1608.910891 -1608.910891 -1608.910891 -1608.910891 -1608.910891 -1608.910891 -1608.909667 -1605.763690 -859.861958 -442.975721 -377.869956 -358.642500 -350.760213 -348.341540 -350.311904 -357.790017 -379.607326 -459.332880 -1361.874122 -1608.633255 -1609.004571 -1609.306625 -1609.172510 -1609.072692 -1609.011473 -1609.073508 -1608.915361 -1608.910961 -1608.910892 -1608.910891 -1608.910891 -1608.910891 -1608.910891 -1608.910891 -1608.910875 -1608.878301 -1565.065892 -1608.884884 -1608.910880 -1608.910891 -1608.910891 -1608.910891 -1608.910892 -1608.910892 -1608.910893 -1608.910894 -1608.910895 -1608.910898 -1608.910902 -1608.910907 -1608.910916 -1608.910930 -1608.910950 -1608.910980 -1608.911025 -1608.911090 -1608.911184 -1608.911320 -1608.911513 -1608.911787 -1608.912173 -1608.912712 -1608.913460 -1608.914493 -1608.915911 -1608.917848 -1608.920483 -1608.924060 -1608.928905 -1608.935471 -1608.944389 -1608.956580 -1608.973449 -1608.997902 -1609.076777 -1611.605763 -9999.0 -9999.0
-9999.0 -9999.0 -1574.097452 -1606.879748 -1608.389264 -1608.766039 -1608.869189 -1608.898542 -1608.907194 -1608.909784 -1608.910561 -1608.910793 -1608.910862 -1608.910883 -1608.910889 -1608.910890 -1608.910891 -1608.910891 -1608.910891 -1608.910891 -1608.910891 -1608.910891 -1608.910891 -1608.910891 -1608.910891 -1608.910891 -1608.910891 -1608.910891 -1608.910891 -1608.910891 -1608.910891 -1608.910891 -1608.909667 -1605.763690 -859.861958 -442.975721 -377.869956 -358.642500 -350.760213 -348.341540 -350.311904 -357.790017 -379.607326 -459.332880 -1361.874122 -1608.633255 -1609.004571 -1609.306625 -1609.172510 -1609.072692 -1609.011473 -1609.073508 -1608.915361 -1608.910961 -1608.910892 -1608.910891 -1608.910891 -1608.910891 -1608.910891 -1608.910891 -1608.910875 -1608.878301 -1565.065892 -1608.884884 -1608.910880 -1608.910891 -1608.910891 -1608.910891 -1608.910892 -1608.910892 -1608.910893 -1608.910894 -1608.910895 -1608.910898 -1608.910902 -1608.910907 -1608.910916 -1608.910930 -1608.910950 -1608.910980 -1608.911025 -1608.911090 -1608.911184 -1608.911320 -1608.911513 -1608.911787 -1608.912173 -1608.912712 -1608.913460 -1608.914493 -1608.915911 -1608.917848 -1608.920483 -1608.924060 -1608.928905 -1608.935471 -1608.944389 -1608.956580 -1608.973449 -1608.997902 -1609.076777 -1611.605763 -9999.0 -9999.0
-9999.0 -9999.0 -1574.097449 -1606.879748 -1608.389264 -1608.766039 -1608.869189 -1608.898542 -1608.907194 -1608.909784 -1608.910561 -1608.910793 -1608.910862 -1608.910883 -1608.910889 -1608.910890 -1608.910891 -1608.910891 -1608.910891 -1608.910891 -1608.910891 -1608.910891 -1608.910891 -1608.910891 -1608.910891 -1608.910891 -1608.910891 -1608.910891 -1608.910891 -1608.910891 -1608.910891 -1608.910891 -1608.909667 -1605.763690 -859.861957 -442.975721 -377.869956 -358.642500 -350.760213 -348.341540 -350.311904 -357.790017 -379.607326 -459.332880 -1361.874122 -1608.633255 -1609.004571 -1609.306625 -1609.172510 -1609.072692 -1609.011473 -1609.073508 -1608.915361 -1608.910961 -1608.910892 -1608.910891 -1608.910891 -1608.910891 -1608.910891 -1608.910891 -1608.910875 -1608.878301 -1565.065891 -1608.884884 -1608.910880 -1608.910891 -1608.910891 -1608.910891 -1608.910892 -1608.910892 -1608.910893 -1608.910894 -1608.910895 -1608.910898 -1608.910902 -1608.910907 -1608.910916 -1608.910930 -1608.910950 -1608.910980 -1608.911025 -1608.911090 -1608.911184 -1608.911320 -1608.911513 -1608.911787 -1608.912173 -1608.912712 -1608.913460 -1608.914493 -1608.915911 -1608.917848 -1608.920483 -1608.924060 -1608.928905 -1608.935471 -1608.944389 -1608.956580 -1608.973449 -1608.997902 -1609.076777 -1611.605763 -9999.0 -9999.0
-9999.0 -9999.0 -1574.097445 -1606.879748 -1608.389264 -1608.766039 -1608.869189 -1608.898542 -1608.907194 -1608.909784 -1608.910561 -1608.910793 -1608.910862 -1608.910883 -1608.910889 -1608.910890 -1608.910891 -1608.910891 -1608.910891 -1608.910891 -1608.910891 -1608.910891 -1608.910891 -1608.910891 -1608.910891 -1608.910891 -1608.910891 -1608.910891 -1608.910891 -1608.910891 -1608.910891 -1608.910891 -1608.909667 -1605.763690 -859.861955 -442.975721 -377.869956 -358.642500 -350.760213 -348.341540 -350.311904 -357.790017 -379.607326 -459.332880 -1361.874122 -1608.633255 -1609.004571 -1609.306625 -1609.172510 -1609.072692 -1609.011473 -1609.073508 -1608.915361 -1608.910961 -1608.910892 -1608.910891 -1608.910891 -1608.910891 -1608.910891 -1608.910891 -1608.910875 -1608.878301 -1565.065889 -1608.884884 -1608.910880 -1608.910891 -1608.910891 -1608.910891 -1608.910892 -1608.910892 -1608.910893 -1608.910894 -1608.910895 -1608.910898 -1608.910902 -1608.910907 -1608.910916 -1608.910930 -1608.910950 -1608.910980 -1608.911025 -1608.911090 -1608.911184 -1608.911320 -1608.911513 -1608.911787 -1608.912173 -1608.912712 -1608.913460 -1608.914493 -1608.915911 -1608.917848 -1608.920483 -1608.924060 -1608.928905 -1608.935471 -1608.944389 -1608.956580 -1608.973449 -1608.997902 -1609.076777 -1611.605763 -9999.0 -9999.0
-9999.0 -9999.0 -9999.0 -9999.0 -9999.0 -9999.0 -9999.0 -9999.0 -9999.0 -9999.0 -9999.0 -9999.0 -9999.0 -9999.0 -9999.0 -9999.0 -9999.0 -9999.0 -9999.0 -9999.0 -9999.0 -9999.0 -9999.0 -9999.0 -9999.0 -9999.0 -9999.0 -9999.0 -9999.0 -9999.0 -9999.0 -9999.0 -9999.0 -9999.0 -9999.0 -9999.0 -9999.0 -9999.0 -9999.0 -9999.0 -9999.0 -9999.0 -9999.0 -9999.0 -9999.0 -9999.0 -9999.0 -9999.0 -9999.0 -9999.0 -9999.0 -9999.0 -9999.0 -9999.0 -9999.0 -9999.0 -9999.0 -9999.0 -9999.0 -9999.0 -9999.0 -9999.0 -9999.0 -9999.0 -9999.0 -9999.0 -9999.0 -9999.0 -9999.0 -9999.0 -9999.0 -9999.0 -9999.0 -9999.0 -9999.0 -9999.0 -9999.0 -9999.0 -9999.0 -9999.0 -9999.0 -9999.0 -9999.0 -9999.0 -9999.0 -9999.0 -9999.0 -9999.0 -9999.0 -9999.0 -9999.0 -9999.0 -9999.0 -9999.0 -9999.0 -9999.0 -9999.0 -9999.0 -9999.0 -9999.0 -9999.0 -9999.0 -9999.0 -9999.0
-9999.0 -9999.0 -9999.0 -9999.0 -9999.0 -9999.0 -9999.0 -9999.0 -9999.0 -9999.0 -9999.0 -9999.0 -9999.0 -9999.0 -9999.0 -9999.0 -9999.0 -9999.0 -9999.0 -9999.0 -9999.0 -9999.0 -9999.0 -9999.0 -9999.0 -9999.0 -9999.0 -9999.0 -9999.0 -9999.0 -9999.0 -9999.0 -9999.0 -9999.0 -9999.0 -9999.0 -9999.0 -9999.0 -9999.0 -9999.0 -9999.0 -9999.0 -9999.0 -9999.0 -9999.0 -9999.0 -9999.0 -9999.0 -9999.0 -9999.0 -9999.0 -9999.0 -9999.0 -9999.0 -9999.0 -9999.0 -9999.0 -9999.0 -9999.0 -9999.0 -9999.0 -9999.0 -9999.0 -9999.0 -9999.0 -9999.0 -9999.0 -9999.0 -9999.0 -9999.0 -9999.0 -9999.0 -9999.0 -9999.0 -9999.0 -9999.0 -9999.0 -9999.0 -9999.0 -9999.0 -9999.0 -9999.0 -9999.0 -9999.0 -9999.0 -9999.0 -9999.0 -9999.0 -9999.0 -9999.0 -9999.0 -9999.0 -9999.0 -9999.0 -9999.0 -9999.0 -9999.0 -9999.0 -9999.0 -9999.0 -9999.0 -9999.0 -9999.0 -9999.0