examples/3D/hillslope02_superslab/output-maps-SE27XX/psiliqL0059N0001.asc
ncols         104
nrows         10
xllcorner     -2.000000
yllcorner     0.000000
cellsize      1.000000
NODATA_value  -9999.0
-9999.0 -9999.0 -9999.0 -9999.0 -9999.0 -9999.0 -9999.0 -9999.0 -9999.0 -9999.0 -9999.0 -9999.0 -9999.0 -9999.0 -9999.0 -9999.0 -9999.0 -9999.0 -9999.0 -9999.0 -9999.0 -9999.0 -9999.0 -9999.0 -9999.0 -9999.0 -9999.0 -9999.0 -9999.0 -9999.0 -9999.0 -9999.0 -9999.0 -9999.0 -9999.0 -9999.0 -9999.0 -9999.0 -9999.0 -9999.0 -9999.0 -9999.0 -9999.0 -9999.0 -9999.0 -9999.0 -9999.0 -9999.0 -9999.0 -9999.0 -9999.0 -9999.0 -9999.0 -9999.0 -9999.0 -9999.0 -9999.0 -9999.0 -9999.0 -9999.0 -9999.0 -9999.0 -9999.0 -9999.0 -9999.0 -9999.0 -9999.0 -9999.0 -9999.0 -9999.0 -9999.0 -9999.0 -9999.0 -9999.0 -9999.0 -9999.0 -9999.0 -9999.0 -9999.0 -9999.0 -9999.0 -9999.0 -9999.0 -9999.0 -9999.0 -9999.0 -9999.0 -9999.0 -9999.0 -9999.0 -9999.0 -9999.0 -9999.0 -9999.0 -9999.0 -9999.0 -9999.0 -9999.0 -9999.0 -9999.0 -9999.0 -9999.0 -9999.0 -9999.0
-9999.0 -9999.0 -9999.0 -9999.0 -9999.0 -9999.0 -9999.0 -9999.0 -9999.0 -9999.0 -9999.0 -9999.0 -9999.0 -9999.0 -9999.0 -9999.0 -9999.0 -9999.0 -9999.0 -9999.0 -9999.0 -9999.0 -9999.0 -9999.0 -9999.0 -9999.0 -9999.0 -9999.0 -9999.0 -9999.0 -9999.0 -9999.0 -9999.0 -9999.0 -9999.0 -9999.0 -9999.0 -9999.0 -9999.0 -9999.0 -9999.0 -9999.0 -9999.0 -9999.0 -9999.0 -9999.0 -9999.0 -9999.0 -9999.0 -9999.0 -9999.0 -9999.0 -9999.0 -9999.0 -9999.0 -9999.0 -9999.0 -9999.0 -9999.0 -9999.0 -9999.0 -9999.0 -9999.0 -9999.0 -9999.0 -9999.0 -9999.0 -9999.0 -9999.0 -9999.0 -9999.0 -9999.0 -9999.0 -9999.0 -9999.0 -9999.0 -9999.0 -9999.0 -9999.0 -9999.0 -9999.0 -9999.0 -9999.0 -9999.0 -9999.0 -9999.0 -9999.0 -9999.0 -9999.0 -9999.0 -9999.0 -9999.0 -9999.0 -9999.0 -9999.0 -9999.0 -9999.0 -9999.0 -9999.0 -9999.0 -9999.0 -9999.0 -9999.0 -9999.0
-9999.0 -9999.0 -342.500888 -786.084438 -2044.023079 -2054.453686 -2054.455440 -2054.455252 -2054.319165 -2054.137566 -2054.455331 -2054.455446 -2054.455446 -2054.455446 -2054.455446 -2054.455446 -2054.455446 -2054.455446 -2054.455446 -2054.455446 -2054.455446 -2054.455446 -2054.455446 -2054.455446 -2054.455446 -2054.455446 -2054.455446 -2054.455446 -2054.455446 -2054.455445 -2054.454954 -2051.888647 -1039.467080 -417.016562 -357.799039 -345.489067 -341.928475 -341.019535 -341.472046 -242.298345 -84.794524 29.379351 84.954675 80.312070 -169.096272 -597.527380 -1991.315920 -2054.443157 -2054.456357 -2054.455735 -2054.455539 -2054.455495 -2054.455447 -2054.455446 -2054.455446 -2054.455446 -2054.455446 -2054.455446 -2054.455445 -2054.453926 -2050.400318 -1153.664535 -371.775976 -464.933230 -1802.817870 -2054.374996 -2054.455427 -2054.455444 -2054.455444 -2054.455445 -2054.455445 -2054.455445 -2054.455445 -2054.455445 -2054.455445 -2054.455445 -2054.455445 -2054.455445 -2054.455445 -2054.455445 -2054.455445 -2054.455445 -2054.455445 -2054.455445 -2054.455445 -2054.455445 -2054.455445 -2054.455445 -2054.455445 -2054.455445 -2054.455445 -2054.455445 -2054.455445 -2054.455445 -2054.455445 -2054.455445 -2054.455445 -2054.455446 -2054.455447 -2054.455503 -2054.465644 -2055.737877 -9999.0 -9999.0
-9999.0 -9999.0 -342.500888 -786.084448 -2044.023080 -2054.453686 -2054.455440 -2054.455252 -2054.319165 -2054.137566 -2054.455331 -2054.455446 -2054.455446 -2054.455446 -2054.455446 -2054.455446 -2054.455446 -2054.455446 -2054.455446 -2054.455446 -2054.455446 -2054.455446 -2054.455446 -2054.455446 -2054.455446 -2054.455446 -2054.455446 -2054.455446 -2054.455446 -2054.455445 -2054.454954 -2051.888647 -1039.467085 -417.016562 -357.799039 -345.489067 -341.928475 -341.019535 -341.472046 -242.298345 -84.794524 29.379351 84.954675 80.312070 -169.096272 -597.527380 -1991.315920 -2054.443157 -2054.456357 -2054.455735 -2054.455539 -2054.455495 -2054.455447 -2054.455446 -2054.455446 -2054.455446 -2054.455446 -2054.455446 -2054.455445 -2054.453926 -2050.400318 -1153.664537 -371.775976 -464.933231 -1802.817875 -2054.374996 -2054.455427 -2054.455444 -2054.455444 -2054.455445 -2054.455445 -2054.455445 -2054.455445 -2054.455445 -2054.455445 -2054.455445 -2054.455445 -2054.455445 -2054.455445 -2054.455445 -2054.455445 -2054.455445 -2054.455445 -2054.455445 -2054.455445 -2054.455445 -2054.455445 -2054.455445 -2054.455445 -2054.455445 -2054.455445 -2054.455445 -2054.455445 -2054.455445 -2054.455445 -2054.455445 -2054.455445 -2054.455446 -2054.455447 -2054.455503 -2054.465644 -2055.737877 -9999.0 -9999.0
-9999.0 -9999.0 -342.500889 -786.084459 -2044.023081 -2054.453686 -2054.455440 -2054.455252 -2054.319165 -2054.137566 -2054.455331 -2054.455446 -2054.455446 -2054.455446 -2054.455446 -2054.455446 -2054.455446 -2054.455446 -2054.455446 -2054.455446 -2054.455446 -2054.455446 -2054.455446 -2054.455446 -2054.455446 -2054.455446 -2054.455446 -2054.455446 -2054.455446 -2054.455445 -2054.454954 -2051.888647 -1039.467089 -417.016562 -357.799039 -345.489067 -341.928475 -341.019535 -341.472046 -242.298345 -84.794524 29.379351 84.954675 80.312070 -169.096272 -597.527380 -1991.315920 -2054.443157 -2054.456357 -2054.455735 -2054.455539 -2054.455495 -2054.455447 -2054.455446 -2054.455446 -2054.455446 -2054.455446 -2054.455446 -2054.455445 -2054.453926 -2050.400318 -1153.664539 -371.775976 -464.933232 -1802.817880 -2054.374996 -2054.455427 -2054.455444 -2054.455444 -2054.455445 -2054.455445 -2054.455445 -2054.455445 -2054.455445 -2054.455445 -2054.455445 -2054.455445 -2054.455445 -2054.455445 -2054.455445 -2054.455445 -2054.455445 -2054.455445 -2054.455445 -2054.455445 -2054.455445 -2054.455445 -2054.455445 -2054.455445 -2054.455445 -2054.455445 -2054.455445 -2054.455445 -2054.455445 -2054.455445 -2054.455445 -2054.455445 -2054.455446 -2054.455447 -2054.455503 -2054.465644 -2055.737877 -9999.0 -9999.0
-9999.0 -9999.0 -342.500889 -786.084459 -2044.023081 -2054.453686 -2054.455440 -2054.455252 -2054.319165 -2054.137566 -2054.455331 -2054.455446 -2054.455446 -2054.455446 -2054.455446 -2054.455446 -2054.455446 -2054.455446 -2054.455446 -2054.455446 -2054.455446 -2054.455446 -2054.455446 -2054.455446 -2054.455446 -2054.455446 -2054.455446 -2054.455446 -2054.455446 -2054.455445 -2054.454954 -2051.888647 -1039.467089 -417.016562 -357.799039 -345.489067 -341.928475 -341.019535 -341.472046 -242.298345 -84.794524 29.379351 84.954675 80.312070 -169.096272 -597.527380 -1991.315920 -2054.443157 -2054.456357 -2054.455735 -2054.455539 -2054.455495 -2054.455447 -2054.455446 -2054.455446 -2054.455446 -2054.455446 -2054.455446 -2054.455445 -2054.453926 -2050.400318 -1153.664539 -371.775976 -464.933232 -1802.817880 -2054.374996 -2054.455427 -2054.455444 -2054.455444 -2054.455445 -2054.455445 -2054.455445 -2054.455445 -2054.455445 -2054.455445 -2054.455445 -2054.455445 -2054.455445 -2054.455445 -2054.455445 -2054.455445 -2054.455445 -2054.455445 -2054.455445 -2054.455445 -2054.455445 -2054.455445 -2054.455445 -2054.455445 -2054.455445 -2054.455445 -2054.455445 -2054.455445 -2054.455445 -2054.455445 -2054.455445 -2054.455445 -2054.455446 -2054.455447 -2054.455503 -2054.465644 -2055.737877 -9999.0 -9999.0
-9999.0 -9999.0 -342.500888 -786.084448 -2044.023080 -2054.453686 -2054.455440 -2054.455252 -2054.319165 -2054.137566 -2054.455331 -2054.455446 -2054.455446 -2054.455446 -2054.455446 -2054.455446 -2054.455446 -2054.455446 -2054.455446 -2054.455446 -2054.455446 -2054.455446 -2054.455446 -2054.455446 -2054.455446 -2054.455446 -2054.455446 -2054.455446 -2054.455446 -2054.455445 -2054.454954 -2051.888647 -1039.467085 -417.016562 -357.799039 -345.489067 -341.928475 -341.019535 -341.472046 -242.298345 -84.794524 29.379351 84.954675 80.312070 -169.096272 -597.527380 -1991.315920 -2054.443157 -2054.456357 -2054.455735 -2054.455539 -2054.455495 -2054.455447 -2054.455446 -2054.455446 -2054.455446 -2054.455446 -2054.455446 -2054.455445 -2054.453926 -2050.400318 -1153.664537 -371.775976 -464.933231 -1802.817875 -2054.374996 -2054.455427 -2054.455444 -2054.455444 -2054.455445 -2054.455445 -2054.455445 -2054.455445 -2054.455445 -2054.455445 -2054.455445 -2054.455445 -2054.455445 -2054.455445 -2054.455445 -2054.455445 -2054.455445 -2054.455445 -2054.455445 -2054.455445 -2054.455445 -2054.455445 -2054.455445 -2054.455445 -2054.455445 -2054.455445 -2054.455445 -2054.455445 -2054.455445 -2054.455445 -2054.455445 -2054.455445 -2054.455446 -2054.455447 -2054.455503 -2054.465644 -2055.737877 -9999.0 -9999.0
-9999.0 -9999.0 -342.500888 -786.084438 -2044.023079 -2054.453686 -2054.455440 -2054.455252 -2054.319165 -2054.137566 -2054.455331 -2054.455446 -2054.455446 -2054.455446 -2054.455446 -2054.455446 -2054.455446 -2054.455446 -2054.455446 -2054.455446 -2054.455446 -2054.455446 -2054.455446 -2054.455446 -2054.455446 -2054.455446 -2054.455446 -2054.455446 -2054.455446 -2054.455445 -2054.454954 -2051.888647 -1039.467080 -417.016562 -357.799039 -345.489067 -341.928475 -341.019535 -341.472046 -242.298345 -84.794524 29.379351 84.954675 80.312070 -169.096272 -597.527380 -1991.315920 -2054.443157 -2054.456357 -2054.455735 -2054.455539 -2054.455495 -2054.455447 -2054.455446 -2054.455446 -2054.455446 -2054.455446 -2054.455446 -2054.455445 -2054.453926 -2050.400318 -1153.664535 -371.775976 -464.933230 -1802.817870 -2054.374996 -2054.455427 -2054.455444 -2054.455444 -2054.455445 -2054.455445 -2054.455445 -2054.455445 -2054.455445 -2054.455445 -2054.455445 -2054.455445 -2054.455445 -2054.455445 -2054.455445 -2054.455445 -2054.455445 -2054.455445 -2054.455445 -2054.455445 -2054.455445 -2054.455445 -2054.455445 -2054.455445 -2054.455445 -2054.455445 -2054.455445 -2054.455445 -2054.455445 -2054.455445 -2054.455445 -2054.455445 -2054.455446 -2054.455447 -2054.455503 -2054.465644 -2055.737877 -9999.0 -9999.0
-9999.0 -9999.0 -9999.0 -9999.0 -9999.0 -9999.0 -9999.0 -9999.0 -9999.0 -9999.0 -9999.0 -9999.0 -9999.0 -9999.0 -9999.0 -9999.0 -9999.0 -9999.0 -9999.0 -9999.0 -9999.0 -9999.0 -9999.0 -9999.0 -9999.0 -9999.0 -9999.0 -9999.0 -9999.0 -9999.0 -9999.0 -9999.0 -9999.0 -9999.0 -9999.0 -9999.0 -9999.0 -9999.0 -9999.0 -9999.0 -9999.0 -9999.0 -9999.0 -9999.0 -9999.0 -9999.0 -9999.0 -9999.0 -9999.0 -9999.0 -9999.0 -9999.0 -9999.0 -9999.0 -9999.0 -9999.0 -9999.0 -9999.0 -9999.0 -9999.0 -9999.0 -9999.0 -9999.0 -9999.0 -9999.0 -9999.0 -9999.0 -9999.0 -9999.0 -9999.0 -9999.0 -9999.0 -9999.0 -9999.0 -9999.0 -9999.0 -9999.0 -9999.0 -9999.0 -9999.0 -9999.0 -9999.0 -9999.0 -9999.0 -9999.0 -9999.0 -9999.0 -9999.0 -9999.0 -9999.0 -9999.0 -9999.0 -9999.0 -9999.0 -9999.0 -9999.0 -9999.0 -9999.0 -9999.0 -9999.0 -9999.0 -9999.0 -9999.0 -9999.0
-9999.0 -9999.0 -9999.0 -9999.0 -9999.0 -9999.0 -9999.0 -9999.0 -9999.0 -9999.0 -9999.0 -9999.0 -9999.0 -9999.0 -9999.0 -9999.0 -9999.0 -9999.0 -9999.0 -9999.0 -9999.0 -9999.0 -9999.0 -9999.0 -9999.0 -9999.0 -9999.0 -9999.0 -9999.0 -9999.0 -9999.0 -9999.0 -9999.0 -9999.0 -9999.0 -9999.0 -9999.0 -9999.0 -9999.0 -9999.0 -9999.0 -9999.0 -9999.0 -9999.0 -9999.0 -9999.0 -9999.0 -9999.0 -9999.0 -9999.0 -9999.0 -9999.0 -9999.0 -9999.0 -9999.0 -9999.0 -9999.0 -9999.0 -9999.0 -9999.0 -9999.0 -9999.0 -9999.0 -9999.0 -9999.0 -9999.0 -9999.0 -9999.0 -9999.0 -9999.0 -9999.0 -9999.0 -9999.0 -9999.0 -9999.0 -9999.0 -9999.0 -9999.0 -9999.0 -9999.0 -9999.0 -9999.0 -9999.0 -9999.0 -9999.0 -9999.0 -9999.0 -9999.0 -9999.0 -9999.0 -9999.0 -9999.0 -9999.0 -9999.0 -9999.0 -9999.0 -9999.0 -9999.0 -9999.0 -9999.0 -9999.0 -9999.0 -9999.0 -9999.0