examples/3D/hillslope02_superslab/output-maps-SE27XX/psiliqL0079N0001.asc
ncols         104
nrows         10
xllcorner     -2.000000
yllcorner     0.000000
cellsize      1.000000
NODATA_value  -9999.0
-9999.0 -9999.0 -9999.0 -9999.0 -9999.0 -9999.0 -9999.0 -9999.0 -9999.0 -9999.0 -9999.0 -9999.0 -9999.0 -9999.0 -9999.0 -9999.0 -9999.0 -9999.0 -9999.0 -9999.0 -9999.0 -9999.0 -9999.0 -9999.0 -9999.0 -9999.0 -9999.0 -9999.0 -9999.0 -9999.0 -9999.0 -9999.0 -9999.0 -9999.0 -9999.0 -9999.0 -9999.0 -9999.0 -9999.0 -9999.0 -9999.0 -9999.0 -9999.0 -9999.0 -9999.0 -9999.0 -9999.0 -9999.0 -9999.0 -9999.0 -9999.0 -9999.0 -9999.0 -9999.0 -9999.0 -9999.0 -9999.0 -9999.0 -9999.0 -9999.0 -9999.0 -9999.0 -9999.0 -9999.0 -9999.0 -9999.0 -9999.0 -9999.0 -9999.0 -9999.0 -9999.0 -9999.0 -9999.0 -9999.0 -9999.0 -9999.0 -9999.0 -9999.0 -9999.0 -9999.0 -9999.0 -9999.0 -9999.0 -9999.0 -9999.0 -9999.0 -9999.0 -9999.0 -9999.0 -9999.0 -9999.0 -9999.0 -9999.0 -9999.0 -9999.0 -9999.0 -9999.0 -9999.0 -9999.0 -9999.0 -9999.0 -9999.0 -9999.0 -9999.0
-9999.0 -9999.0 -9999.0 -9999.0 -9999.0 -9999.0 -9999.0 -9999.0 -9999.0 -9999.0 -9999.0 -9999.0 -9999.0 -9999.0 -9999.0 -9999.0 -9999.0 -9999.0 -9999.0 -9999.0 -9999.0 -9999.0 -9999.0 -9999.0 -9999.0 -9999.0 -9999.0 -9999.0 -9999.0 -9999.0 -9999.0 -9999.0 -9999.0 -9999.0 -9999.0 -9999.0 -9999.0 -9999.0 -9999.0 -9999.0 -9999.0 -9999.0 -9999.0 -9999.0 -9999.0 -9999.0 -9999.0 -9999.0 -9999.0 -9999.0 -9999.0 -9999.0 -9999.0 -9999.0 -9999.0 -9999.0 -9999.0 -9999.0 -9999.0 -9999.0 -9999.0 -9999.0 -9999.0 -9999.0 -9999.0 -9999.0 -9999.0 -9999.0 -9999.0 -9999.0 -9999.0 -9999.0 -9999.0 -9999.0 -9999.0 -9999.0 -9999.0 -9999.0 -9999.0 -9999.0 -9999.0 -9999.0 -9999.0 -9999.0 -9999.0 -9999.0 -9999.0 -9999.0 -9999.0 -9999.0 -9999.0 -9999.0 -9999.0 -9999.0 -9999.0 -9999.0 -9999.0 -9999.0 -9999.0 -9999.0 -9999.0 -9999.0 -9999.0 -9999.0
-9999.0 -9999.0 -700.897380 -831.945142 -943.987770 -1013.797523 -1045.986842 -1058.206389 -1062.305050 -1063.669335 -1064.126414 -1064.279687 -1064.330945 -1064.348013 -1064.353668 -1064.355531 -1064.356142 -1064.356341 -1064.356405 -1064.356425 -1064.356431 -1064.356433 -1064.356433 -1064.356432 -1064.356430 -1064.356428 -1064.356425 -1064.356420 -1064.356414 -1064.356406 -1064.356396 -1064.356383 -1064.356366 -1064.356344 -1064.356316 -1064.355853 -1064.249783 -1054.853334 -810.768306 -506.865819 -429.469950 -493.097551 -1015.002628 -1064.246018 -1064.285706 -1064.148552 -1063.844662 -1063.269180 -1062.294228 -1063.067839 -1063.632899 -1067.933475 -1064.451677 -1064.359003 -1064.356715 -1064.356629 -1064.356676 -1064.356789 -1064.356975 -1064.357260 -1064.357687 -1064.358318 -1064.359242 -1064.360580 -1064.362497 -1064.365216 -1064.369035 -1064.374343 -1064.381643 -1064.391583 -1064.404979 -1064.422850 -1064.446452 -1064.477315 -1064.517280 -1064.568540 -1064.633671 -1064.715678 -1064.818025 -1064.944677 -1065.100131 -1065.289462 -1065.518364 -1065.793201 -1066.121083 -1066.509948 -1066.968685 -1067.507300 -1068.137142 -1068.871226 -1069.724677 -1070.715382 -1071.864928 -1073.200008 -1074.754603 -1076.573488 -1078.718205 -1081.278003 -1084.392309 -1088.311446 -1093.747342 -1106.227497 -9999.0 -9999.0
-9999.0 -9999.0 -700.897380 -831.945142 -943.987770 -1013.797523 -1045.986842 -1058.206389 -1062.305050 -1063.669335 -1064.126414 -1064.279687 -1064.330945 -1064.348013 -1064.353668 -1064.355531 -1064.356142 -1064.356341 -1064.356405 -1064.356425 -1064.356431 -1064.356433 -1064.356433 -1064.356432 -1064.356430 -1064.356428 -1064.356425 -1064.356420 -1064.356414 -1064.356406 -1064.356396 -1064.356383 -1064.356366 -1064.356344 -1064.356316 -1064.355853 -1064.249783 -1054.853334 -810.768306 -506.865819 -429.469950 -493.097551 -1015.002628 -1064.246018 -1064.285706 -1064.148552 -1063.844662 -1063.269180 -1062.294228 -1063.067839 -1063.632899 -1067.933475 -1064.451677 -1064.359003 -1064.356715 -1064.356629 -1064.356676 -1064.356789 -1064.356975 -1064.357260 -1064.357687 -1064.358318 -1064.359242 -1064.360580 -1064.362497 -1064.365216 -1064.369035 -1064.374343 -1064.381643 -1064.391583 -1064.404979 -1064.422850 -1064.446452 -1064.477315 -1064.517280 -1064.568540 -1064.633671 -1064.715678 -1064.818025 -1064.944677 -1065.100131 -1065.289462 -1065.518364 -1065.793201 -1066.121083 -1066.509948 -1066.968685 -1067.507300 -1068.137142 -1068.871226 -1069.724677 -1070.715382 -1071.864928 -1073.200008 -1074.754603 -1076.573488 -1078.718205 -1081.278003 -1084.392309 -1088.311446 -1093.747342 -1106.227497 -9999.0 -9999.0
-9999.0 -9999.0 -700.897380 -831.945142 -943.987770 -1013.797523 -1045.986842 -1058.206389 -1062.305050 -1063.669335 -1064.126414 -1064.279687 -1064.330945 -1064.348013 -1064.353668 -1064.355531 -1064.356142 -1064.356341 -1064.356405 -1064.356425 -1064.356431 -1064.356433 -1064.356433 -1064.356432 -1064.356430 -1064.356428 -1064.356425 -1064.356420 -1064.356414 -1064.356406 -1064.356396 -1064.356383 -1064.356366 -1064.356344 -1064.356316 -1064.355853 -1064.249783 -1054.853334 -810.768307 -506.865819 -429.469950 -493.097551 -1015.002628 -1064.246018 -1064.285706 -1064.148552 -1063.844662 -1063.269180 -1062.294228 -1063.067839 -1063.632899 -1067.933475 -1064.451677 -1064.359003 -1064.356715 -1064.356629 -1064.356676 -1064.356789 -1064.356975 -1064.357260 -1064.357687 -1064.358318 -1064.359242 -1064.360580 -1064.362497 -1064.365216 -1064.369035 -1064.374343 -1064.381643 -1064.391583 -1064.404979 -1064.422850 -1064.446452 -1064.477315 -1064.517280 -1064.568540 -1064.633671 -1064.715678 -1064.818025 -1064.944677 -1065.100131 -1065.289462 -1065.518364 -1065.793201 -1066.121083 -1066.509948 -1066.968685 -1067.507300 -1068.137142 -1068.871226 -1069.724677 -1070.715382 -1071.864928 -1073.200008 -1074.754603 -1076.573488 -1078.718205 -1081.278003 -1084.392309 -1088.311446 -1093.747342 -1106.227497 -9999.0 -9999.0
-9999.0 -9999.0 -700.897380 -831.945142 -943.987770 -1013.797523 -1045.986842 -1058.206389 -1062.305050 -1063.669335 -1064.126414 -1064.279687 -1064.330945 -1064.348013 -1064.353668 -1064.355531 -1064.356142 -1064.356341 -1064.356405 -1064.356425 -1064.356431 -1064.356433 -1064.356433 -1064.356432 -1064.356430 -1064.356428 -1064.356425 -1064.356420 -1064.356414 -1064.356406 -1064.356396 -1064.356383 -1064.356366 -1064.356344 -1064.356316 -1064.355853 -1064.249783 -1054.853334 -810.768307 -506.865819 -429.469950 -493.097551 -1015.002628 -1064.246018 -1064.285706 -1064.148552 -1063.844662 -1063.269180 -1062.294228 -1063.067839 -1063.632899 -1067.933475 -1064.451677 -1064.359003 -1064.356715 -1064.356629 -1064.356676 -1064.356789 -1064.356975 -1064.357260 -1064.357687 -1064.358318 -1064.359242 -1064.360580 -1064.362497 -1064.365216 -1064.369035 -1064.374343 -1064.381643 -1064.391583 -1064.404979 -1064.422850 -1064.446452 -1064.477315 -1064.517280 -1064.568540 -1064.633671 -1064.715678 -1064.818025 -1064.944677 -1065.100131 -1065.289462 -1065.518364 -1065.793201 -1066.121083 -1066.509948 -1066.968685 -1067.507300 -1068.137142 -1068.871226 -1069.724677 -1070.715382 -1071.864928 -1073.200008 -1074.754603 -1076.573488 -1078.718205 -1081.278003 -1084.392309 -1088.311446 -1093.747342 -1106.227497 -9999.0 -9999.0
-9999.0 -9999.0 -700.897380 -831.945142 -943.987770 -1013.797523 -1045.986842 -1058.206389 -1062.305050 -1063.669335 -1064.126414 -1064.279687 -1064.330945 -1064.348013 -1064.353668 -1064.355531 -1064.356142 -1064.356341 -1064.356405 -1064.356425 -1064.356431 -1064.356433 -1064.356433 -1064.356432 -1064.356430 -1064.356428 -1064.356425 -1064.356420 -1064.356414 -1064.356406 -1064.356396 -1064.356383 -1064.356366 -1064.356344 -1064.356316 -1064.355853 -1064.249783 -1054.853334 -810.768306 -506.865819 -429.469950 -493.097551 -1015.002628 -1064.246018 -1064.285706 -1064.148552 -1063.844662 -1063.269180 -1062.294228 -1063.067839 -1063.632899 -1067.933475 -1064.451677 -1064.359003 -1064.356715 -1064.356629 -1064.356676 -1064.356789 -1064.356975 -1064.357260 -1064.357687 -1064.358318 -1064.359242 -1064.360580 -1064.362497 -1064.365216 -1064.369035 -1064.374343 -1064.381643 -1064.391583 -1064.404979 -1064.422850 -1064.446452 -1064.477315 -1064.517280 -1064.568540 -1064.633671 -1064.715678 -1064.818025 -1064.944677 -1065.100131 -1065.289462 -1065.518364 -1065.793201 -1066.121083 -1066.509948 -1066.968685 -1067.507300 -1068.137142 -1068.871226 -1069.724677 -1070.715382 -1071.864928 -1073.200008 -1074.754603 -1076.573488 -1078.718205 -1081.278003 -1084.392309 -1088.311446 -1093.747342 -1106.227497 -9999.0 -9999.0
-9999.0 -9999.0 -700.897380 -831.945142 -943.987770 -1013.797523 -1045.986842 -1058.206389 -1062.305050 -1063.669335 -1064.126414 -1064.279687 -1064.330945 -1064.348013 -1064.353668 -1064.355531 -1064.356142 -1064.356341 -1064.356405 -1064.356425 -1064.356431 -1064.356433 -1064.356433 -1064.356432 -1064.356430 -1064.356428 -1064.356425 -1064.356420 -1064.356414 -1064.356406 -1064.356396 -1064.356383 -1064.356366 -1064.356344 -1064.356316 -1064.355853 -1064.249783 -1054.853334 -810.768306 -506.865819 -429.469950 -493.097551 -1015.002628 -1064.246018 -1064.285706 -1064.148552 -1063.844662 -1063.269180 -1062.294228 -1063.067839 -1063.632899 -1067.933475 -1064.451677 -1064.359003 -1064.356715 -1064.356629 -1064.356676 -1064.356789 -1064.356975 -1064.357260 -1064.357687 -1064.358318 -1064.359242 -1064.360580 -1064.362497 -1064.365216 -1064.369035 -1064.374343 -1064.381643 -1064.391583 -1064.404979 -1064.422850 -1064.446452 -1064.477315 -1064.517280 -1064.568540 -1064.633671 -1064.715678 -1064.818025 -1064.944677 -1065.100131 -1065.289462 -1065.518364 -1065.793201 -1066.121083 -1066.509948 -1066.968685 -1067.507300 -1068.137142 -1068.871226 -1069.724677 -1070.715382 -1071.864928 -1073.200008 -1074.754603 -1076.573488 -1078.718205 -1081.278003 -1084.392309 -1088.311446 -1093.747342 -1106.227497 -9999.0 -9999.0
-9999.0 -9999.0 -9999.0 -9999.0 -9999.0 -9999.0 -9999.0 -9999.0 -9999.0 -9999.0 -9999.0 -9999.0 -9999.0 -9999.0 -9999.0 -9999.0 -9999.0 -9999.0 -9999.0 -9999.0 -9999.0 -9999.0 -9999.0 -9999.0 -9999.0 -9999.0 -9999.0 -9999.0 -9999.0 -9999.0 -9999.0 -9999.0 -9999.0 -9999.0 -9999.0 -9999.0 -9999.0 -9999.0 -9999.0 -9999.0 -9999.0 -9999.0 -9999.0 -9999.0 -9999.0 -9999.0 -9999.0 -9999.0 -9999.0 -9999.0 -9999.0 -9999.0 -9999.0 -9999.0 -9999.0 -9999.0 -9999.0 -9999.0 -9999.0 -9999.0 -9999.0 -9999.0 -9999.0 -9999.0 -9999.0 -9999.0 -9999.0 -9999.0 -9999.0 -9999.0 -9999.0 -9999.0 -9999.0 -9999.0 -9999.0 -9999.0 -9999.0 -9999.0 -9999.0 -9999.0 -9999.0 -9999.0 -9999.0 -9999.0 -9999.0 -9999.0 -9999.0 -9999.0 -9999.0 -9999.0 -9999.0 -9999.0 -9999.0 -9999.0 -9999.0 -9999.0 -9999.0 -9999.0 -9999.0 -9999.0 -9999.0 -9999.0 -9999.0 -9999.0
-9999.0 -9999.0 -9999.0 -9999.0 -9999.0 -9999.0 -9999.0 -9999.0 -9999.0 -9999.0 -9999.0 -9999.0 -9999.0 -9999.0 -9999.0 -9999.0 -9999.0 -9999.0 -9999.0 -9999.0 -9999.0 -9999.0 -9999.0 -9999.0 -9999.0 -9999.0 -9999.0 -9999.0 -9999.0 -9999.0 -9999.0 -9999.0 -9999.0 -9999.0 -9999.0 -9999.0 -9999.0 -9999.0 -9999.0 -9999.0 -9999.0 -9999.0 -9999.0 -9999.0 -9999.0 -9999.0 -9999.0 -9999.0 -9999.0 -9999.0 -9999.0 -9999.0 -9999.0 -9999.0 -9999.0 -9999.0 -9999.0 -9999.0 -9999.0 -9999.0 -9999.0 -9999.0 -9999.0 -9999.0 -9999.0 -9999.0 -9999.0 -9999.0 -9999.0 -9999.0 -9999.0 -9999.0 -9999.0 -9999.0 -9999.0 -9999.0 -9999.0 -9999.0 -9999.0 -9999.0 -9999.0 -9999.0 -9999.0 -9999.0 -9999.0 -9999.0 -9999.0 -9999.0 -9999.0 -9999.0 -9999.0 -9999.0 -9999.0 -9999.0 -9999.0 -9999.0 -9999.0 -9999.0 -9999.0 -9999.0 -9999.0 -9999.0 -9999.0 -9999.0