examples/3D/hillslope02_superslab/output-maps-SE27XX/psiliqL0050N0003.asc
ncols         104
nrows         10
xllcorner     -2.000000
yllcorner     0.000000
cellsize      1.000000
NODATA_value  -9999.0
-9999.0 -9999.0 -9999.0 -9999.0 -9999.0 -9999.0 -9999.0 -9999.0 -9999.0 -9999.0 -9999.0 -9999.0 -9999.0 -9999.0 -9999.0 -9999.0 -9999.0 -9999.0 -9999.0 -9999.0 -9999.0 -9999.0 -9999.0 -9999.0 -9999.0 -9999.0 -9999.0 -9999.0 -9999.0 -9999.0 -9999.0 -9999.0 -9999.0 -9999.0 -9999.0 -9999.0 -9999.0 -9999.0 -9999.0 -9999.0 -9999.0 -9999.0 -9999.0 -9999.0 -9999.0 -9999.0 -9999.0 -9999.0 -9999.0 -9999.0 -9999.0 -9999.0 -9999.0 -9999.0 -9999.0 -9999.0 -9999.0 -9999.0 -9999.0 -9999.0 -9999.0 -9999.0 -9999.0 -9999.0 -9999.0 -9999.0 -9999.0 -9999.0 -9999.0 -9999.0 -9999.0 -9999.0 -9999.0 -9999.0 -9999.0 -9999.0 -9999.0 -9999.0 -9999.0 -9999.0 -9999.0 -9999.0 -9999.0 -9999.0 -9999.0 -9999.0 -9999.0 -9999.0 -9999.0 -9999.0 -9999.0 -9999.0 -9999.0 -9999.0 -9999.0 -9999.0 -9999.0 -9999.0 -9999.0 -9999.0 -9999.0 -9999.0 -9999.0 -9999.0
-9999.0 -9999.0 -9999.0 -9999.0 -9999.0 -9999.0 -9999.0 -9999.0 -9999.0 -9999.0 -9999.0 -9999.0 -9999.0 -9999.0 -9999.0 -9999.0 -9999.0 -9999.0 -9999.0 -9999.0 -9999.0 -9999.0 -9999.0 -9999.0 -9999.0 -9999.0 -9999.0 -9999.0 -9999.0 -9999.0 -9999.0 -9999.0 -9999.0 -9999.0 -9999.0 -9999.0 -9999.0 -9999.0 -9999.0 -9999.0 -9999.0 -9999.0 -9999.0 -9999.0 -9999.0 -9999.0 -9999.0 -9999.0 -9999.0 -9999.0 -9999.0 -9999.0 -9999.0 -9999.0 -9999.0 -9999.0 -9999.0 -9999.0 -9999.0 -9999.0 -9999.0 -9999.0 -9999.0 -9999.0 -9999.0 -9999.0 -9999.0 -9999.0 -9999.0 -9999.0 -9999.0 -9999.0 -9999.0 -9999.0 -9999.0 -9999.0 -9999.0 -9999.0 -9999.0 -9999.0 -9999.0 -9999.0 -9999.0 -9999.0 -9999.0 -9999.0 -9999.0 -9999.0 -9999.0 -9999.0 -9999.0 -9999.0 -9999.0 -9999.0 -9999.0 -9999.0 -9999.0 -9999.0 -9999.0 -9999.0 -9999.0 -9999.0 -9999.0 -9999.0
-9999.0 -9999.0 1315.364342 1216.964080 1120.202761 1025.146960 931.865781 840.422285 750.865044 663.260255 577.687964 494.202769 412.853007 333.729090 256.806337 182.142905 109.594903 39.195247 -29.087544 -95.507996 -159.992063 -221.907084 -278.181463 -325.255938 -361.173846 -386.400171 -403.081640 -413.700782 -420.353802 -424.554167 -427.310122 -429.277453 -430.897285 -432.477767 -434.214561 -389.164260 -353.827898 -327.465042 -309.851304 -350.613438 -416.987987 -480.088393 -561.107806 -629.314595 -698.234465 -776.075033 -878.227954 -1041.671942 -1361.184260 -2153.960273 -2496.728918 -2499.988129 -2499.999970 -2500.000000 -2500.000000 -2499.999995 -2499.998047 -2499.327120 -2357.023445 -1236.672849 -776.326346 -635.615491 -560.838665 -547.982320 -547.129697 -547.247023 -547.311130 -547.331618 -547.338879 -547.343153 -547.347213 -547.351702 -547.356656 -547.361929 -547.367356 -547.372854 -547.378314 -547.383607 -547.388639 -547.393363 -547.397721 -547.401681 -547.405235 -547.408374 -547.411116 -547.413476 -547.415484 -547.417167 -547.418561 -547.419703 -547.420627 -547.421381 -547.422046 -547.422837 -547.424464 -547.429444 -547.446762 -547.508697 -547.734475 -548.593289 -552.082908 -567.511437 -9999.0 -9999.0
-9999.0 -9999.0 1315.364342 1216.964080 1120.202761 1025.146959 931.865781 840.422284 750.865044 663.260254 577.687963 494.202768 412.853007 333.729089 256.806337 182.142905 109.594903 39.195247 -29.087544 -95.507996 -159.992063 -221.907084 -278.181463 -325.255938 -361.173846 -386.400171 -403.081640 -413.700782 -420.353802 -424.554167 -427.310122 -429.277453 -430.897285 -432.477767 -434.214561 -389.164260 -353.827898 -327.465042 -309.851304 -350.613438 -416.987987 -480.088393 -561.107806 -629.314595 -698.234465 -776.075033 -878.227954 -1041.671942 -1361.184260 -2153.960273 -2496.728918 -2499.988129 -2499.999970 -2500.000000 -2500.000000 -2499.999995 -2499.998047 -2499.327120 -2357.023444 -1236.672848 -776.326346 -635.615491 -560.838665 -547.982320 -547.129697 -547.247023 -547.311130 -547.331619 -547.338879 -547.343153 -547.347213 -547.351702 -547.356656 -547.361929 -547.367356 -547.372854 -547.378314 -547.383607 -547.388639 -547.393363 -547.397721 -547.401682 -547.405235 -547.408374 -547.411116 -547.413476 -547.415484 -547.417167 -547.418562 -547.419703 -547.420627 -547.421381 -547.422046 -547.422837 -547.424464 -547.429444 -547.446763 -547.508697 -547.734475 -548.593289 -552.082908 -567.511437 -9999.0 -9999.0
-9999.0 -9999.0 1315.364341 1216.964080 1120.202760 1025.146959 931.865781 840.422284 750.865044 663.260254 577.687963 494.202768 412.853007 333.729089 256.806337 182.142905 109.594903 39.195246 -29.087544 -95.507996 -159.992064 -221.907084 -278.181463 -325.255938 -361.173846 -386.400171 -403.081640 -413.700782 -420.353802 -424.554167 -427.310122 -429.277453 -430.897285 -432.477767 -434.214561 -389.164260 -353.827898 -327.465042 -309.851304 -350.613438 -416.987987 -480.088393 -561.107806 -629.314595 -698.234465 -776.075033 -878.227954 -1041.671942 -1361.184260 -2153.960273 -2496.728918 -2499.988129 -2499.999970 -2500.000000 -2500.000000 -2499.999995 -2499.998047 -2499.327120 -2357.023444 -1236.672848 -776.326346 -635.615491 -560.838665 -547.982320 -547.129697 -547.247023 -547.311130 -547.331619 -547.338879 -547.343153 -547.347213 -547.351702 -547.356656 -547.361929 -547.367356 -547.372854 -547.378314 -547.383607 -547.388639 -547.393363 -547.397722 -547.401682 -547.405235 -547.408374 -547.411116 -547.413476 -547.415484 -547.417167 -547.418562 -547.419703 -547.420627 -547.421381 -547.422046 -547.422837 -547.424465 -547.429444 -547.446763 -547.508698 -547.734475 -548.593289 -552.082908 -567.511437 -9999.0 -9999.0
-9999.0 -9999.0 1315.364342 1216.964080 1120.202761 1025.146959 931.865781 840.422284 750.865044 663.260254 577.687963 494.202768 412.853007 333.729089 256.806337 182.142905 109.594903 39.195246 -29.087544 -95.507996 -159.992064 -221.907084 -278.181463 -325.255938 -361.173846 -386.400171 -403.081640 -413.700782 -420.353802 -424.554167 -427.310122 -429.277453 -430.897285 -432.477767 -434.214561 -389.164260 -353.827898 -327.465042 -309.851304 -350.613438 -416.987987 -480.088393 -561.107806 -629.314595 -698.234465 -776.075033 -878.227954 -1041.671942 -1361.184260 -2153.960273 -2496.728918 -2499.988129 -2499.999970 -2500.000000 -2500.000000 -2499.999995 -2499.998047 -2499.327120 -2357.023444 -1236.672848 -776.326346 -635.615491 -560.838665 -547.982320 -547.129697 -547.247023 -547.311130 -547.331619 -547.338879 -547.343153 -547.347213 -547.351702 -547.356656 -547.361929 -547.367356 -547.372854 -547.378314 -547.383607 -547.388639 -547.393363 -547.397722 -547.401682 -547.405235 -547.408374 -547.411116 -547.413476 -547.415484 -547.417167 -547.418562 -547.419703 -547.420627 -547.421381 -547.422046 -547.422837 -547.424465 -547.429444 -547.446763 -547.508698 -547.734475 -548.593289 -552.082908 -567.511437 -9999.0 -9999.0
-9999.0 -9999.0 1315.364342 1216.964080 1120.202760 1025.146960 931.865781 840.422285 750.865044 663.260254 577.687963 494.202768 412.853007 333.729090 256.806337 182.142905 109.594903 39.195247 -29.087544 -95.507996 -159.992063 -221.907084 -278.181463 -325.255938 -361.173846 -386.400171 -403.081640 -413.700782 -420.353802 -424.554167 -427.310122 -429.277453 -430.897285 -432.477767 -434.214561 -389.164260 -353.827898 -327.465042 -309.851304 -350.613438 -416.987987 -480.088393 -561.107806 -629.314595 -698.234465 -776.075033 -878.227954 -1041.671942 -1361.184260 -2153.960273 -2496.728918 -2499.988129 -2499.999970 -2500.000000 -2500.000000 -2499.999995 -2499.998047 -2499.327120 -2357.023444 -1236.672848 -776.326346 -635.615491 -560.838665 -547.982320 -547.129697 -547.247023 -547.311130 -547.331619 -547.338879 -547.343153 -547.347213 -547.351702 -547.356656 -547.361929 -547.367356 -547.372854 -547.378314 -547.383607 -547.388639 -547.393363 -547.397721 -547.401682 -547.405235 -547.408374 -547.411116 -547.413476 -547.415484 -547.417167 -547.418562 -547.419703 -547.420627 -547.421381 -547.422046 -547.422837 -547.424464 -547.429444 -547.446763 -547.508697 -547.734475 -548.593289 -552.082908 -567.511437 -9999.0 -9999.0
-9999.0 -9999.0 1315.364342 1216.964080 1120.202761 1025.146960 931.865781 840.422285 750.865044 663.260255 577.687964 494.202769 412.853007 333.729090 256.806337 182.142905 109.594903 39.195247 -29.087544 -95.507996 -159.992063 -221.907084 -278.181463 -325.255938 -361.173846 -386.400171 -403.081640 -413.700782 -420.353802 -424.554167 -427.310122 -429.277453 -430.897285 -432.477767 -434.214561 -389.164260 -353.827898 -327.465042 -309.851304 -350.613438 -416.987987 -480.088393 -561.107806 -629.314595 -698.234465 -776.075033 -878.227954 -1041.671942 -1361.184260 -2153.960273 -2496.728918 -2499.988129 -2499.999970 -2500.000000 -2500.000000 -2499.999995 -2499.998047 -2499.327120 -2357.023445 -1236.672849 -776.326346 -635.615491 -560.838665 -547.982320 -547.129697 -547.247023 -547.311130 -547.331618 -547.338879 -547.343153 -547.347213 -547.351702 -547.356656 -547.361929 -547.367356 -547.372854 -547.378314 -547.383607 -547.388639 -547.393363 -547.397721 -547.401681 -547.405235 -547.408374 -547.411116 -547.413476 -547.415484 -547.417167 -547.418561 -547.419703 -547.420627 -547.421381 -547.422046 -547.422837 -547.424464 -547.429444 -547.446762 -547.508697 -547.734475 -548.593289 -552.082908 -567.511437 -9999.0 -9999.0
-9999.0 -9999.0 -9999.0 -9999.0 -9999.0 -9999.0 -9999.0 -9999.0 -9999.0 -9999.0 -9999.0 -9999.0 -9999.0 -9999.0 -9999.0 -9999.0 -9999.0 -9999.0 -9999.0 -9999.0 -9999.0 -9999.0 -9999.0 -9999.0 -9999.0 -9999.0 -9999.0 -9999.0 -9999.0 -9999.0 -9999.0 -9999.0 -9999.0 -9999.0 -9999.0 -9999.0 -9999.0 -9999.0 -9999.0 -9999.0 -9999.0 -9999.0 -9999.0 -9999.0 -9999.0 -9999.0 -9999.0 -9999.0 -9999.0 -9999.0 -9999.0 -9999.0 -9999.0 -9999.0 -9999.0 -9999.0 -9999.0 -9999.0 -9999.0 -9999.0 -9999.0 -9999.0 -9999.0 -9999.0 -9999.0 -9999.0 -9999.0 -9999.0 -9999.0 -9999.0 -9999.0 -9999.0 -9999.0 -9999.0 -9999.0 -9999.0 -9999.0 -9999.0 -9999.0 -9999.0 -9999.0 -9999.0 -9999.0 -9999.0 -9999.0 -9999.0 -9999.0 -9999.0 -9999.0 -9999.0 -9999.0 -9999.0 -9999.0 -9999.0 -9999.0 -9999.0 -9999.0 -9999.0 -9999.0 -9999.0 -9999.0 -9999.0 -9999.0 -9999.0
-9999.0 -9999.0 -9999.0 -9999.0 -9999.0 -9999.0 -9999.0 -9999.0 -9999.0 -9999.0 -9999.0 -9999.0 -9999.0 -9999.0 -9999.0 -9999.0 -9999.0 -9999.0 -9999.0 -9999.0 -9999.0 -9999.0 -9999.0 -9999.0 -9999.0 -9999.0 -9999.0 -9999.0 -9999.0 -9999.0 -9999.0 -9999.0 -9999.0 -9999.0 -9999.0 -9999.0 -9999.0 -9999.0 -9999.0 -9999.0 -9999.0 -9999.0 -9999.0 -9999.0 -9999.0 -9999.0 -9999.0 -9999.0 -9999.0 -9999.0 -9999.0 -9999.0 -9999.0 -9999.0 -9999.0 -9999.0 -9999.0 -9999.0 -9999.0 -9999.0 -9999.0 -9999.0 -9999.0 -9999.0 -9999.0 -9999.0 -9999.0 -9999.0 -9999.0 -9999.0 -9999.0 -9999.0 -9999.0 -9999.0 -9999.0 -9999.0 -9999.0 -9999.0 -9999.0 -9999.0 -9999.0 -9999.0 -9999.0 -9999.0 -9999.0 -9999.0 -9999.0 -9999.0 -9999.0 -9999.0 -9999.0 -9999.0 -9999.0 -9999.0 -9999.0 -9999.0 -9999.0 -9999.0 -9999.0 -9999.0 -9999.0 -9999.0 -9999.0 -9999.0