examples/3D/hillslope02_superslab/output-maps-SE27XX/psiliqL0086N0001.asc
ncols         104
nrows         10
xllcorner     -2.000000
yllcorner     0.000000
cellsize      1.000000
NODATA_value  -9999.0
-9999.0 -9999.0 -9999.0 -9999.0 -9999.0 -9999.0 -9999.0 -9999.0 -9999.0 -9999.0 -9999.0 -9999.0 -9999.0 -9999.0 -9999.0 -9999.0 -9999.0 -9999.0 -9999.0 -9999.0 -9999.0 -9999.0 -9999.0 -9999.0 -9999.0 -9999.0 -9999.0 -9999.0 -9999.0 -9999.0 -9999.0 -9999.0 -9999.0 -9999.0 -9999.0 -9999.0 -9999.0 -9999.0 -9999.0 -9999.0 -9999.0 -9999.0 -9999.0 -9999.0 -9999.0 -9999.0 -9999.0 -9999.0 -9999.0 -9999.0 -9999.0 -9999.0 -9999.0 -9999.0 -9999.0 -9999.0 -9999.0 -9999.0 -9999.0 -9999.0 -9999.0 -9999.0 -9999.0 -9999.0 -9999.0 -9999.0 -9999.0 -9999.0 -9999.0 -9999.0 -9999.0 -9999.0 -9999.0 -9999.0 -9999.0 -9999.0 -9999.0 -9999.0 -9999.0 -9999.0 -9999.0 -9999.0 -9999.0 -9999.0 -9999.0 -9999.0 -9999.0 -9999.0 -9999.0 -9999.0 -9999.0 -9999.0 -9999.0 -9999.0 -9999.0 -9999.0 -9999.0 -9999.0 -9999.0 -9999.0 -9999.0 -9999.0 -9999.0 -9999.0
-9999.0 -9999.0 -9999.0 -9999.0 -9999.0 -9999.0 -9999.0 -9999.0 -9999.0 -9999.0 -9999.0 -9999.0 -9999.0 -9999.0 -9999.0 -9999.0 -9999.0 -9999.0 -9999.0 -9999.0 -9999.0 -9999.0 -9999.0 -9999.0 -9999.0 -9999.0 -9999.0 -9999.0 -9999.0 -9999.0 -9999.0 -9999.0 -9999.0 -9999.0 -9999.0 -9999.0 -9999.0 -9999.0 -9999.0 -9999.0 -9999.0 -9999.0 -9999.0 -9999.0 -9999.0 -9999.0 -9999.0 -9999.0 -9999.0 -9999.0 -9999.0 -9999.0 -9999.0 -9999.0 -9999.0 -9999.0 -9999.0 -9999.0 -9999.0 -9999.0 -9999.0 -9999.0 -9999.0 -9999.0 -9999.0 -9999.0 -9999.0 -9999.0 -9999.0 -9999.0 -9999.0 -9999.0 -9999.0 -9999.0 -9999.0 -9999.0 -9999.0 -9999.0 -9999.0 -9999.0 -9999.0 -9999.0 -9999.0 -9999.0 -9999.0 -9999.0 -9999.0 -9999.0 -9999.0 -9999.0 -9999.0 -9999.0 -9999.0 -9999.0 -9999.0 -9999.0 -9999.0 -9999.0 -9999.0 -9999.0 -9999.0 -9999.0 -9999.0 -9999.0
-9999.0 -9999.0 -291.741942 -393.171980 -492.580129 -582.710587 -651.155371 -690.680742 -708.000840 -714.369250 -716.620285 -717.405981 -717.678522 -717.772632 -717.804992 -717.816070 -717.819845 -717.821123 -717.821552 -717.821692 -717.821733 -717.821740 -717.821732 -717.821717 -717.821695 -717.821667 -717.821631 -717.821586 -717.821532 -717.821465 -717.821386 -717.821293 -717.821185 -717.821063 -717.820926 -717.820776 -717.820613 -717.820302 -717.808990 -717.077704 -704.239890 -715.309904 -717.804339 -717.818590 -717.815308 -717.804223 -717.774865 -717.710823 -717.592103 -717.404270 -717.253223 -718.827328 -717.865951 -717.828399 -717.827802 -717.829877 -717.833381 -717.838541 -717.845869 -717.856096 -717.870197 -717.889417 -717.915329 -717.949881 -717.995450 -718.054895 -718.131603 -718.229526 -718.353205 -718.507784 -718.699007 -718.933199 -719.217236 -719.558499 -719.964828 -720.444472 -721.006039 -721.658463 -722.410989 -723.273177 -724.254944 -725.366635 -726.619151 -728.024123 -729.594151 -731.343134 -733.286694 -735.442744 -737.832237 -740.480184 -743.417045 -746.680685 -750.319210 -754.395193 -758.992246 -764.225709 -770.261055 -777.348035 -785.890857 -796.620926 -811.225003 -836.528005 -9999.0 -9999.0
-9999.0 -9999.0 -291.741942 -393.171980 -492.580129 -582.710587 -651.155371 -690.680742 -708.000840 -714.369250 -716.620285 -717.405981 -717.678522 -717.772632 -717.804992 -717.816070 -717.819845 -717.821123 -717.821552 -717.821692 -717.821733 -717.821740 -717.821732 -717.821717 -717.821695 -717.821667 -717.821631 -717.821586 -717.821532 -717.821465 -717.821386 -717.821293 -717.821185 -717.821063 -717.820926 -717.820776 -717.820613 -717.820302 -717.808990 -717.077704 -704.239890 -715.309904 -717.804339 -717.818590 -717.815308 -717.804223 -717.774865 -717.710823 -717.592103 -717.404270 -717.253223 -718.827328 -717.865951 -717.828399 -717.827802 -717.829877 -717.833381 -717.838541 -717.845869 -717.856096 -717.870197 -717.889417 -717.915329 -717.949881 -717.995450 -718.054895 -718.131603 -718.229526 -718.353205 -718.507784 -718.699007 -718.933199 -719.217236 -719.558499 -719.964828 -720.444472 -721.006039 -721.658463 -722.410989 -723.273177 -724.254944 -725.366635 -726.619151 -728.024123 -729.594151 -731.343134 -733.286694 -735.442744 -737.832237 -740.480184 -743.417045 -746.680685 -750.319210 -754.395193 -758.992246 -764.225709 -770.261055 -777.348035 -785.890857 -796.620926 -811.225003 -836.528005 -9999.0 -9999.0
-9999.0 -9999.0 -291.741942 -393.171980 -492.580129 -582.710587 -651.155371 -690.680742 -708.000840 -714.369250 -716.620285 -717.405981 -717.678522 -717.772632 -717.804992 -717.816070 -717.819845 -717.821123 -717.821552 -717.821692 -717.821733 -717.821740 -717.821732 -717.821717 -717.821695 -717.821667 -717.821631 -717.821586 -717.821532 -717.821465 -717.821386 -717.821293 -717.821185 -717.821063 -717.820926 -717.820776 -717.820613 -717.820302 -717.808990 -717.077704 -704.239890 -715.309904 -717.804339 -717.818590 -717.815308 -717.804223 -717.774865 -717.710823 -717.592103 -717.404270 -717.253223 -718.827328 -717.865951 -717.828399 -717.827802 -717.829877 -717.833381 -717.838541 -717.845869 -717.856096 -717.870197 -717.889417 -717.915329 -717.949881 -717.995450 -718.054895 -718.131603 -718.229526 -718.353205 -718.507784 -718.699007 -718.933199 -719.217236 -719.558499 -719.964828 -720.444472 -721.006039 -721.658463 -722.410989 -723.273177 -724.254944 -725.366635 -726.619151 -728.024123 -729.594151 -731.343134 -733.286694 -735.442744 -737.832237 -740.480184 -743.417045 -746.680685 -750.319210 -754.395193 -758.992246 -764.225709 -770.261055 -777.348035 -785.890857 -796.620926 -811.225003 -836.528005 -9999.0 -9999.0
-9999.0 -9999.0 -291.741942 -393.171980 -492.580129 -582.710587 -651.155371 -690.680742 -708.000840 -714.369250 -716.620285 -717.405981 -717.678522 -717.772632 -717.804992 -717.816070 -717.819845 -717.821123 -717.821552 -717.821692 -717.821733 -717.821740 -717.821732 -717.821717 -717.821695 -717.821667 -717.821631 -717.821586 -717.821532 -717.821465 -717.821386 -717.821293 -717.821185 -717.821063 -717.820926 -717.820776 -717.820613 -717.820302 -717.808990 -717.077704 -704.239890 -715.309904 -717.804339 -717.818590 -717.815308 -717.804223 -717.774865 -717.710823 -717.592103 -717.404270 -717.253223 -718.827328 -717.865951 -717.828399 -717.827802 -717.829877 -717.833381 -717.838541 -717.845869 -717.856096 -717.870197 -717.889417 -717.915329 -717.949881 -717.995450 -718.054895 -718.131603 -718.229526 -718.353205 -718.507784 -718.699007 -718.933199 -719.217236 -719.558499 -719.964828 -720.444472 -721.006039 -721.658463 -722.410989 -723.273177 -724.254944 -725.366635 -726.619151 -728.024123 -729.594151 -731.343134 -733.286694 -735.442744 -737.832237 -740.480184 -743.417045 -746.680685 -750.319210 -754.395193 -758.992246 -764.225709 -770.261055 -777.348035 -785.890857 -796.620926 -811.225003 -836.528005 -9999.0 -9999.0
-9999.0 -9999.0 -291.741942 -393.171980 -492.580129 -582.710587 -651.155371 -690.680742 -708.000840 -714.369250 -716.620285 -717.405981 -717.678522 -717.772632 -717.804992 -717.816070 -717.819845 -717.821123 -717.821552 -717.821692 -717.821733 -717.821740 -717.821732 -717.821717 -717.821695 -717.821667 -717.821631 -717.821586 -717.821532 -717.821465 -717.821386 -717.821293 -717.821185 -717.821063 -717.820926 -717.820776 -717.820613 -717.820302 -717.808990 -717.077704 -704.239890 -715.309904 -717.804339 -717.818590 -717.815308 -717.804223 -717.774865 -717.710823 -717.592103 -717.404270 -717.253223 -718.827328 -717.865951 -717.828399 -717.827802 -717.829877 -717.833381 -717.838541 -717.845869 -717.856096 -717.870197 -717.889417 -717.915329 -717.949881 -717.995450 -718.054895 -718.131603 -718.229526 -718.353205 -718.507784 -718.699007 -718.933199 -719.217236 -719.558499 -719.964828 -720.444472 -721.006039 -721.658463 -722.410989 -723.273177 -724.254944 -725.366635 -726.619151 -728.024123 -729.594151 -731.343134 -733.286694 -735.442744 -737.832237 -740.480184 -743.417045 -746.680685 -750.319210 -754.395193 -758.992246 -764.225709 -770.261055 -777.348035 -785.890857 -796.620926 -811.225003 -836.528005 -9999.0 -9999.0
-9999.0 -9999.0 -291.741942 -393.171980 -492.580129 -582.710587 -651.155371 -690.680742 -708.000840 -714.369250 -716.620285 -717.405981 -717.678522 -717.772632 -717.804992 -717.816070 -717.819845 -717.821123 -717.821552 -717.821692 -717.821733 -717.821740 -717.821732 -717.821717 -717.821695 -717.821667 -717.821631 -717.821586 -717.821532 -717.821465 -717.821386 -717.821293 -717.821185 -717.821063 -717.820926 -717.820776 -717.820613 -717.820302 -717.808990 -717.077704 -704.239890 -715.309904 -717.804339 -717.818590 -717.815308 -717.804223 -717.774865 -717.710823 -717.592103 -717.404270 -717.253223 -718.827328 -717.865951 -717.828399 -717.827802 -717.829877 -717.833381 -717.838541 -717.845869 -717.856096 -717.870197 -717.889417 -717.915329 -717.949881 -717.995450 -718.054895 -718.131603 -718.229526 -718.353205 -718.507784 -718.699007 -718.933199 -719.217236 -719.558499 -719.964828 -720.444472 -721.006039 -721.658463 -722.410989 -723.273177 -724.254944 -725.366635 -726.619151 -728.024123 -729.594151 -731.343134 -733.286694 -735.442744 -737.832237 -740.480184 -743.417045 -746.680685 -750.319210 -754.395193 -758.992246 -764.225709 -770.261055 -777.348035 -785.890857 -796.620926 -811.225003 -836.528005 -9999.0 -9999.0
-9999.0 -9999.0 -9999.0 -9999.0 -9999.0 -9999.0 -9999.0 -9999.0 -9999.0 -9999.0 -9999.0 -9999.0 -9999.0 -9999.0 -9999.0 -9999.0 -9999.0 -9999.0 -9999.0 -9999.0 -9999.0 -9999.0 -9999.0 -9999.0 -9999.0 -9999.0 -9999.0 -9999.0 -9999.0 -9999.0 -9999.0 -9999.0 -9999.0 -9999.0 -9999.0 -9999.0 -9999.0 -9999.0 -9999.0 -9999.0 -9999.0 -9999.0 -9999.0 -9999.0 -9999.0 -9999.0 -9999.0 -9999.0 -9999.0 -9999.0 -9999.0 -9999.0 -9999.0 -9999.0 -9999.0 -9999.0 -9999.0 -9999.0 -9999.0 -9999.0 -9999.0 -9999.0 -9999.0 -9999.0 -9999.0 -9999.0 -9999.0 -9999.0 -9999.0 -9999.0 -9999.0 -9999.0 -9999.0 -9999.0 -9999.0 -9999.0 -9999.0 -9999.0 -9999.0 -9999.0 -9999.0 -9999.0 -9999.0 -9999.0 -9999.0 -9999.0 -9999.0 -9999.0 -9999.0 -9999.0 -9999.0 -9999.0 -9999.0 -9999.0 -9999.0 -9999.0 -9999.0 -9999.0 -9999.0 -9999.0 -9999.0 -9999.0 -9999.0 -9999.0
-9999.0 -9999.0 -9999.0 -9999.0 -9999.0 -9999.0 -9999.0 -9999.0 -9999.0 -9999.0 -9999.0 -9999.0 -9999.0 -9999.0 -9999.0 -9999.0 -9999.0 -9999.0 -9999.0 -9999.0 -9999.0 -9999.0 -9999.0 -9999.0 -9999.0 -9999.0 -9999.0 -9999.0 -9999.0 -9999.0 -9999.0 -9999.0 -9999.0 -9999.0 -9999.0 -9999.0 -9999.0 -9999.0 -9999.0 -9999.0 -9999.0 -9999.0 -9999.0 -9999.0 -9999.0 -9999.0 -9999.0 -9999.0 -9999.0 -9999.0 -9999.0 -9999.0 -9999.0 -9999.0 -9999.0 -9999.0 -9999.0 -9999.0 -9999.0 -9999.0 -9999.0 -9999.0 -9999.0 -9999.0 -9999.0 -9999.0 -9999.0 -9999.0 -9999.0 -9999.0 -9999.0 -9999.0 -9999.0 -9999.0 -9999.0 -9999.0 -9999.0 -9999.0 -9999.0 -9999.0 -9999.0 -9999.0 -9999.0 -9999.0 -9999.0 -9999.0 -9999.0 -9999.0 -9999.0 -9999.0 -9999.0 -9999.0 -9999.0 -9999.0 -9999.0 -9999.0 -9999.0 -9999.0 -9999.0 -9999.0 -9999.0 -9999.0 -9999.0 -9999.0