examples/3D/hillslope02_superslab/output-maps-SE27XX/psiliqL0083N0002.asc
ncols         104
nrows         10
xllcorner     -2.000000
yllcorner     0.000000
cellsize      1.000000
NODATA_value  -9999.0
-9999.0 -9999.0 -9999.0 -9999.0 -9999.0 -9999.0 -9999.0 -9999.0 -9999.0 -9999.0 -9999.0 -9999.0 -9999.0 -9999.0 -9999.0 -9999.0 -9999.0 -9999.0 -9999.0 -9999.0 -9999.0 -9999.0 -9999.0 -9999.0 -9999.0 -9999.0 -9999.0 -9999.0 -9999.0 -9999.0 -9999.0 -9999.0 -9999.0 -9999.0 -9999.0 -9999.0 -9999.0 -9999.0 -9999.0 -9999.0 -9999.0 -9999.0 -9999.0 -9999.0 -9999.0 -9999.0 -9999.0 -9999.0 -9999.0 -9999.0 -9999.0 -9999.0 -9999.0 -9999.0 -9999.0 -9999.0 -9999.0 -9999.0 -9999.0 -9999.0 -9999.0 -9999.0 -9999.0 -9999.0 -9999.0 -9999.0 -9999.0 -9999.0 -9999.0 -9999.0 -9999.0 -9999.0 -9999.0 -9999.0 -9999.0 -9999.0 -9999.0 -9999.0 -9999.0 -9999.0 -9999.0 -9999.0 -9999.0 -9999.0 -9999.0 -9999.0 -9999.0 -9999.0 -9999.0 -9999.0 -9999.0 -9999.0 -9999.0 -9999.0 -9999.0 -9999.0 -9999.0 -9999.0 -9999.0 -9999.0 -9999.0 -9999.0 -9999.0 -9999.0
-9999.0 -9999.0 -9999.0 -9999.0 -9999.0 -9999.0 -9999.0 -9999.0 -9999.0 -9999.0 -9999.0 -9999.0 -9999.0 -9999.0 -9999.0 -9999.0 -9999.0 -9999.0 -9999.0 -9999.0 -9999.0 -9999.0 -9999.0 -9999.0 -9999.0 -9999.0 -9999.0 -9999.0 -9999.0 -9999.0 -9999.0 -9999.0 -9999.0 -9999.0 -9999.0 -9999.0 -9999.0 -9999.0 -9999.0 -9999.0 -9999.0 -9999.0 -9999.0 -9999.0 -9999.0 -9999.0 -9999.0 -9999.0 -9999.0 -9999.0 -9999.0 -9999.0 -9999.0 -9999.0 -9999.0 -9999.0 -9999.0 -9999.0 -9999.0 -9999.0 -9999.0 -9999.0 -9999.0 -9999.0 -9999.0 -9999.0 -9999.0 -9999.0 -9999.0 -9999.0 -9999.0 -9999.0 -9999.0 -9999.0 -9999.0 -9999.0 -9999.0 -9999.0 -9999.0 -9999.0 -9999.0 -9999.0 -9999.0 -9999.0 -9999.0 -9999.0 -9999.0 -9999.0 -9999.0 -9999.0 -9999.0 -9999.0 -9999.0 -9999.0 -9999.0 -9999.0 -9999.0 -9999.0 -9999.0 -9999.0 -9999.0 -9999.0 -9999.0 -9999.0
-9999.0 -9999.0 763.268592 662.092065 561.419309 461.973109 364.178145 268.212380 173.842785 80.142582 -13.380136 -102.085192 -182.335230 -250.494032 -306.831732 -315.038240 -298.038724 -275.696854 -249.184918 -219.493113 -188.477485 -157.618463 -128.805053 -102.655775 -79.794323 -60.246393 -44.905847 -33.089544 -25.095694 -21.051031 -21.016493 -25.049378 -33.252377 -45.895775 -62.351065 -83.056330 -107.608670 -135.825146 -166.549276 -198.747457 -230.789188 -260.984423 -288.083295 -311.184619 -330.397547 -346.543476 -360.997800 -377.070697 -421.722189 -787.914375 -837.307977 -852.268911 -821.211541 -805.405413 -784.252547 -756.727991 -722.293654 -681.015273 -633.548032 -576.413186 -478.416045 -359.790831 -299.553370 -298.094804 -300.381255 -299.846546 -298.812347 -298.243848 -298.285171 -298.852862 -299.827278 -301.104528 -302.602524 -304.264270 -306.051207 -307.938136 -309.908399 -311.949392 -314.049493 -316.200695 -318.417597 -320.706952 -323.071778 -325.502213 -327.968501 -330.456710 -332.977284 -335.509214 -337.988855 -340.408496 -342.747145 -344.935453 -346.977828 -348.816393 -350.464837 -351.937099 -353.355141 -355.141415 -358.554797 -367.633573 -405.617363 -741.651362 -9999.0 -9999.0
-9999.0 -9999.0 763.268590 662.092063 561.419307 461.973107 364.178144 268.212378 173.842785 80.142581 -13.380137 -102.085192 -182.335231 -250.494032 -306.831732 -315.038241 -298.038724 -275.696854 -249.184918 -219.493113 -188.477485 -157.618463 -128.805053 -102.655775 -79.794323 -60.246393 -44.905847 -33.089544 -25.095694 -21.051031 -21.016493 -25.049378 -33.252377 -45.895775 -62.351065 -83.056330 -107.608670 -135.825146 -166.549276 -198.747457 -230.789188 -260.984423 -288.083295 -311.184619 -330.397547 -346.543476 -360.997800 -377.070697 -421.722189 -787.914375 -837.307977 -852.268911 -821.211541 -805.405413 -784.252547 -756.727991 -722.293654 -681.015273 -633.548032 -576.413186 -478.416045 -359.790831 -299.553370 -298.094804 -300.381255 -299.846546 -298.812348 -298.243848 -298.285172 -298.852862 -299.827279 -301.104528 -302.602524 -304.264270 -306.051207 -307.938137 -309.908400 -311.949393 -314.049494 -316.200695 -318.417598 -320.706953 -323.071779 -325.502214 -327.968502 -330.456711 -332.977285 -335.509215 -337.988855 -340.408497 -342.747146 -344.935454 -346.977828 -348.816394 -350.464838 -351.937100 -353.355141 -355.141416 -358.554798 -367.633574 -405.617365 -741.651372 -9999.0 -9999.0
-9999.0 -9999.0 763.268588 662.092062 561.419306 461.973106 364.178143 268.212378 173.842784 80.142581 -13.380137 -102.085192 -182.335231 -250.494032 -306.831733 -315.038241 -298.038725 -275.696854 -249.184918 -219.493113 -188.477485 -157.618463 -128.805053 -102.655775 -79.794323 -60.246393 -44.905847 -33.089544 -25.095694 -21.051031 -21.016493 -25.049378 -33.252377 -45.895775 -62.351065 -83.056330 -107.608670 -135.825146 -166.549276 -198.747457 -230.789188 -260.984423 -288.083295 -311.184619 -330.397547 -346.543476 -360.997800 -377.070697 -421.722189 -787.914375 -837.307977 -852.268911 -821.211541 -805.405413 -784.252547 -756.727991 -722.293654 -681.015273 -633.548032 -576.413186 -478.416045 -359.790831 -299.553370 -298.094804 -300.381255 -299.846547 -298.812348 -298.243849 -298.285172 -298.852863 -299.827279 -301.104528 -302.602524 -304.264271 -306.051207 -307.938137 -309.908400 -311.949393 -314.049494 -316.200696 -318.417598 -320.706953 -323.071779 -325.502214 -327.968502 -330.456711 -332.977285 -335.509215 -337.988856 -340.408497 -342.747146 -344.935454 -346.977829 -348.816394 -350.464838 -351.937100 -353.355142 -355.141416 -358.554799 -367.633575 -405.617365 -741.651373 -9999.0 -9999.0
-9999.0 -9999.0 763.268588 662.092062 561.419306 461.973106 364.178143 268.212378 173.842784 80.142581 -13.380137 -102.085192 -182.335231 -250.494032 -306.831733 -315.038241 -298.038725 -275.696854 -249.184918 -219.493113 -188.477485 -157.618463 -128.805053 -102.655775 -79.794323 -60.246393 -44.905847 -33.089544 -25.095694 -21.051031 -21.016493 -25.049378 -33.252377 -45.895775 -62.351065 -83.056330 -107.608670 -135.825146 -166.549276 -198.747457 -230.789188 -260.984423 -288.083295 -311.184619 -330.397547 -346.543476 -360.997800 -377.070697 -421.722189 -787.914375 -837.307977 -852.268911 -821.211541 -805.405413 -784.252547 -756.727991 -722.293654 -681.015273 -633.548032 -576.413186 -478.416045 -359.790831 -299.553370 -298.094804 -300.381255 -299.846547 -298.812348 -298.243849 -298.285172 -298.852863 -299.827279 -301.104528 -302.602524 -304.264271 -306.051207 -307.938137 -309.908400 -311.949393 -314.049494 -316.200696 -318.417598 -320.706953 -323.071779 -325.502214 -327.968502 -330.456711 -332.977285 -335.509215 -337.988856 -340.408497 -342.747146 -344.935454 -346.977829 -348.816394 -350.464838 -351.937100 -353.355142 -355.141416 -358.554799 -367.633575 -405.617365 -741.651373 -9999.0 -9999.0
-9999.0 -9999.0 763.268590 662.092063 561.419307 461.973107 364.178144 268.212378 173.842785 80.142581 -13.380137 -102.085192 -182.335231 -250.494032 -306.831732 -315.038241 -298.038724 -275.696854 -249.184918 -219.493113 -188.477485 -157.618463 -128.805053 -102.655775 -79.794323 -60.246393 -44.905847 -33.089544 -25.095694 -21.051031 -21.016493 -25.049378 -33.252377 -45.895775 -62.351065 -83.056330 -107.608670 -135.825146 -166.549276 -198.747457 -230.789188 -260.984423 -288.083295 -311.184619 -330.397547 -346.543476 -360.997800 -377.070697 -421.722189 -787.914375 -837.307977 -852.268911 -821.211541 -805.405413 -784.252547 -756.727991 -722.293654 -681.015273 -633.548032 -576.413186 -478.416045 -359.790831 -299.553370 -298.094804 -300.381255 -299.846546 -298.812348 -298.243848 -298.285172 -298.852862 -299.827279 -301.104528 -302.602524 -304.264270 -306.051207 -307.938137 -309.908400 -311.949393 -314.049494 -316.200695 -318.417598 -320.706953 -323.071779 -325.502214 -327.968502 -330.456711 -332.977285 -335.509215 -337.988855 -340.408497 -342.747146 -344.935454 -346.977828 -348.816394 -350.464838 -351.937100 -353.355141 -355.141416 -358.554798 -367.633574 -405.617365 -741.651372 -9999.0 -9999.0
-9999.0 -9999.0 763.268592 662.092065 561.419309 461.973109 364.178145 268.212380 173.842785 80.142582 -13.380136 -102.085192 -182.335230 -250.494032 -306.831732 -315.038240 -298.038724 -275.696854 -249.184918 -219.493113 -188.477485 -157.618463 -128.805053 -102.655775 -79.794323 -60.246393 -44.905847 -33.089544 -25.095694 -21.051031 -21.016493 -25.049378 -33.252377 -45.895775 -62.351065 -83.056330 -107.608670 -135.825146 -166.549276 -198.747457 -230.789188 -260.984423 -288.083295 -311.184619 -330.397547 -346.543476 -360.997800 -377.070697 -421.722189 -787.914375 -837.307977 -852.268911 -821.211541 -805.405413 -784.252547 -756.727991 -722.293654 -681.015273 -633.548032 -576.413186 -478.416045 -359.790831 -299.553370 -298.094804 -300.381255 -299.846546 -298.812347 -298.243848 -298.285171 -298.852862 -299.827278 -301.104528 -302.602524 -304.264270 -306.051207 -307.938136 -309.908399 -311.949392 -314.049493 -316.200695 -318.417597 -320.706952 -323.071778 -325.502213 -327.968501 -330.456710 -332.977284 -335.509214 -337.988855 -340.408496 -342.747145 -344.935453 -346.977828 -348.816393 -350.464837 -351.937099 -353.355141 -355.141415 -358.554797 -367.633573 -405.617363 -741.651362 -9999.0 -9999.0
-9999.0 -9999.0 -9999.0 -9999.0 -9999.0 -9999.0 -9999.0 -9999.0 -9999.0 -9999.0 -9999.0 -9999.0 -9999.0 -9999.0 -9999.0 -9999.0 -9999.0 -9999.0 -9999.0 -9999.0 -9999.0 -9999.0 -9999.0 -9999.0 -9999.0 -9999.0 -9999.0 -9999.0 -9999.0 -9999.0 -9999.0 -9999.0 -9999.0 -9999.0 -9999.0 -9999.0 -9999.0 -9999.0 -9999.0 -9999.0 -9999.0 -9999.0 -9999.0 -9999.0 -9999.0 -9999.0 -9999.0 -9999.0 -9999.0 -9999.0 -9999.0 -9999.0 -9999.0 -9999.0 -9999.0 -9999.0 -9999.0 -9999.0 -9999.0 -9999.0 -9999.0 -9999.0 -9999.0 -9999.0 -9999.0 -9999.0 -9999.0 -9999.0 -9999.0 -9999.0 -9999.0 -9999.0 -9999.0 -9999.0 -9999.0 -9999.0 -9999.0 -9999.0 -9999.0 -9999.0 -9999.0 -9999.0 -9999.0 -9999.0 -9999.0 -9999.0 -9999.0 -9999.0 -9999.0 -9999.0 -9999.0 -9999.0 -9999.0 -9999.0 -9999.0 -9999.0 -9999.0 -9999.0 -9999.0 -9999.0 -9999.0 -9999.0 -9999.0 -9999.0
-9999.0 -9999.0 -9999.0 -9999.0 -9999.0 -9999.0 -9999.0 -9999.0 -9999.0 -9999.0 -9999.0 -9999.0 -9999.0 -9999.0 -9999.0 -9999.0 -9999.0 -9999.0 -9999.0 -9999.0 -9999.0 -9999.0 -9999.0 -9999.0 -9999.0 -9999.0 -9999.0 -9999.0 -9999.0 -9999.0 -9999.0 -9999.0 -9999.0 -9999.0 -9999.0 -9999.0 -9999.0 -9999.0 -9999.0 -9999.0 -9999.0 -9999.0 -9999.0 -9999.0 -9999.0 -9999.0 -9999.0 -9999.0 -9999.0 -9999.0 -9999.0 -9999.0 -9999.0 -9999.0 -9999.0 -9999.0 -9999.0 -9999.0 -9999.0 -9999.0 -9999.0 -9999.0 -9999.0 -9999.0 -9999.0 -9999.0 -9999.0 -9999.0 -9999.0 -9999.0 -9999.0 -9999.0 -9999.0 -9999.0 -9999.0 -9999.0 -9999.0 -9999.0 -9999.0 -9999.0 -9999.0 -9999.0 -9999.0 -9999.0 -9999.0 -9999.0 -9999.0 -9999.0 -9999.0 -9999.0 -9999.0 -9999.0 -9999.0 -9999.0 -9999.0 -9999.0 -9999.0 -9999.0 -9999.0 -9999.0 -9999.0 -9999.0 -9999.0 -9999.0