examples/3D/hillslope02_superslab/output-maps-SE27XX/psiliqL0059N0003.asc
ncols         104
nrows         10
xllcorner     -2.000000
yllcorner     0.000000
cellsize      1.000000
NODATA_value  -9999.0
-9999.0 -9999.0 -9999.0 -9999.0 -9999.0 -9999.0 -9999.0 -9999.0 -9999.0 -9999.0 -9999.0 -9999.0 -9999.0 -9999.0 -9999.0 -9999.0 -9999.0 -9999.0 -9999.0 -9999.0 -9999.0 -9999.0 -9999.0 -9999.0 -9999.0 -9999.0 -9999.0 -9999.0 -9999.0 -9999.0 -9999.0 -9999.0 -9999.0 -9999.0 -9999.0 -9999.0 -9999.0 -9999.0 -9999.0 -9999.0 -9999.0 -9999.0 -9999.0 -9999.0 -9999.0 -9999.0 -9999.0 -9999.0 -9999.0 -9999.0 -9999.0 -9999.0 -9999.0 -9999.0 -9999.0 -9999.0 -9999.0 -9999.0 -9999.0 -9999.0 -9999.0 -9999.0 -9999.0 -9999.0 -9999.0 -9999.0 -9999.0 -9999.0 -9999.0 -9999.0 -9999.0 -9999.0 -9999.0 -9999.0 -9999.0 -9999.0 -9999.0 -9999.0 -9999.0 -9999.0 -9999.0 -9999.0 -9999.0 -9999.0 -9999.0 -9999.0 -9999.0 -9999.0 -9999.0 -9999.0 -9999.0 -9999.0 -9999.0 -9999.0 -9999.0 -9999.0 -9999.0 -9999.0 -9999.0 -9999.0 -9999.0 -9999.0 -9999.0 -9999.0
-9999.0 -9999.0 -9999.0 -9999.0 -9999.0 -9999.0 -9999.0 -9999.0 -9999.0 -9999.0 -9999.0 -9999.0 -9999.0 -9999.0 -9999.0 -9999.0 -9999.0 -9999.0 -9999.0 -9999.0 -9999.0 -9999.0 -9999.0 -9999.0 -9999.0 -9999.0 -9999.0 -9999.0 -9999.0 -9999.0 -9999.0 -9999.0 -9999.0 -9999.0 -9999.0 -9999.0 -9999.0 -9999.0 -9999.0 -9999.0 -9999.0 -9999.0 -9999.0 -9999.0 -9999.0 -9999.0 -9999.0 -9999.0 -9999.0 -9999.0 -9999.0 -9999.0 -9999.0 -9999.0 -9999.0 -9999.0 -9999.0 -9999.0 -9999.0 -9999.0 -9999.0 -9999.0 -9999.0 -9999.0 -9999.0 -9999.0 -9999.0 -9999.0 -9999.0 -9999.0 -9999.0 -9999.0 -9999.0 -9999.0 -9999.0 -9999.0 -9999.0 -9999.0 -9999.0 -9999.0 -9999.0 -9999.0 -9999.0 -9999.0 -9999.0 -9999.0 -9999.0 -9999.0 -9999.0 -9999.0 -9999.0 -9999.0 -9999.0 -9999.0 -9999.0 -9999.0 -9999.0 -9999.0 -9999.0 -9999.0 -9999.0 -9999.0 -9999.0 -9999.0
-9999.0 -9999.0 1762.595999 1664.222232 1567.507331 1472.507121 1379.283777 1287.897332 1198.401731 1110.860489 1025.343586 941.906951 860.601189 781.487306 704.566228 629.856027 557.276991 486.817712 418.410446 351.926435 287.410179 224.779299 163.936892 104.772628 47.309817 -8.487358 -62.668071 -115.291796 -165.913871 -213.534915 -256.852471 -294.553518 -325.879572 -350.897207 -370.367176 -385.413049 -397.214243 -406.842122 -415.186986 -395.246431 -362.161863 -356.405031 -394.686130 -460.434239 -524.964673 -582.354412 -642.878144 -716.492240 -822.161433 -1020.423572 -1524.490975 -2035.354168 -2051.033870 -2051.835724 -2051.856157 -2051.350895 -2050.180686 -2047.060278 -1926.592602 -1079.403872 -705.542287 -589.043596 -532.878216 -521.578340 -520.652364 -520.768211 -520.870083 -520.946313 -521.024179 -521.112522 -521.212471 -521.321682 -521.436614 -521.554615 -521.673812 -521.791902 -521.906562 -522.016405 -522.119905 -522.216075 -522.304348 -522.384175 -522.455592 -522.518592 -522.573579 -522.620931 -522.661262 -522.695171 -522.723338 -522.746455 -522.765179 -522.780166 -522.792080 -522.801692 -522.810343 -522.821574 -522.846859 -522.926036 -523.203099 -524.226343 -528.204185 -544.744926 -9999.0 -9999.0
-9999.0 -9999.0 1762.595999 1664.222232 1567.507331 1472.507120 1379.283777 1287.897332 1198.401731 1110.860488 1025.343586 941.906950 860.601189 781.487305 704.566228 629.856026 557.276991 486.817712 418.410446 351.926435 287.410179 224.779299 163.936892 104.772628 47.309817 -8.487359 -62.668071 -115.291796 -165.913871 -213.534915 -256.852471 -294.553518 -325.879572 -350.897207 -370.367176 -385.413049 -397.214243 -406.842122 -415.186986 -395.246431 -362.161863 -356.405031 -394.686130 -460.434239 -524.964673 -582.354412 -642.878144 -716.492240 -822.161433 -1020.423572 -1524.490975 -2035.354168 -2051.033870 -2051.835724 -2051.856157 -2051.350895 -2050.180686 -2047.060278 -1926.592601 -1079.403872 -705.542286 -589.043596 -532.878216 -521.578340 -520.652364 -520.768211 -520.870084 -520.946313 -521.024179 -521.112522 -521.212471 -521.321682 -521.436614 -521.554615 -521.673812 -521.791902 -521.906562 -522.016405 -522.119905 -522.216075 -522.304348 -522.384175 -522.455592 -522.518592 -522.573579 -522.620931 -522.661262 -522.695171 -522.723338 -522.746455 -522.765179 -522.780166 -522.792080 -522.801692 -522.810343 -522.821575 -522.846859 -522.926036 -523.203099 -524.226343 -528.204185 -544.744926 -9999.0 -9999.0
-9999.0 -9999.0 1762.595999 1664.222232 1567.507330 1472.507120 1379.283777 1287.897332 1198.401730 1110.860488 1025.343586 941.906950 860.601188 781.487305 704.566228 629.856026 557.276991 486.817712 418.410446 351.926435 287.410179 224.779299 163.936892 104.772628 47.309817 -8.487359 -62.668071 -115.291797 -165.913872 -213.534915 -256.852471 -294.553518 -325.879572 -350.897207 -370.367176 -385.413049 -397.214243 -406.842122 -415.186986 -395.246431 -362.161863 -356.405031 -394.686130 -460.434239 -524.964673 -582.354412 -642.878144 -716.492240 -822.161433 -1020.423572 -1524.490975 -2035.354168 -2051.033870 -2051.835724 -2051.856157 -2051.350895 -2050.180686 -2047.060278 -1926.592601 -1079.403871 -705.542286 -589.043596 -532.878216 -521.578340 -520.652364 -520.768211 -520.870084 -520.946314 -521.024179 -521.112522 -521.212471 -521.321682 -521.436615 -521.554615 -521.673812 -521.791902 -521.906562 -522.016406 -522.119905 -522.216075 -522.304349 -522.384175 -522.455592 -522.518592 -522.573579 -522.620931 -522.661262 -522.695172 -522.723338 -522.746455 -522.765179 -522.780166 -522.792080 -522.801692 -522.810343 -522.821575 -522.846859 -522.926036 -523.203099 -524.226343 -528.204186 -544.744926 -9999.0 -9999.0
-9999.0 -9999.0 1762.595999 1664.222231 1567.507330 1472.507120 1379.283777 1287.897331 1198.401730 1110.860488 1025.343586 941.906950 860.601188 781.487305 704.566228 629.856026 557.276991 486.817712 418.410446 351.926435 287.410179 224.779299 163.936892 104.772628 47.309817 -8.487359 -62.668071 -115.291797 -165.913872 -213.534915 -256.852471 -294.553518 -325.879572 -350.897207 -370.367176 -385.413049 -397.214243 -406.842122 -415.186986 -395.246431 -362.161863 -356.405031 -394.686130 -460.434239 -524.964673 -582.354412 -642.878144 -716.492240 -822.161433 -1020.423572 -1524.490975 -2035.354168 -2051.033870 -2051.835724 -2051.856157 -2051.350895 -2050.180686 -2047.060278 -1926.592601 -1079.403871 -705.542286 -589.043596 -532.878216 -521.578340 -520.652364 -520.768211 -520.870084 -520.946314 -521.024179 -521.112522 -521.212471 -521.321682 -521.436615 -521.554615 -521.673812 -521.791902 -521.906562 -522.016406 -522.119905 -522.216075 -522.304349 -522.384175 -522.455592 -522.518592 -522.573579 -522.620931 -522.661262 -522.695172 -522.723338 -522.746455 -522.765179 -522.780166 -522.792080 -522.801692 -522.810343 -522.821575 -522.846859 -522.926036 -523.203099 -524.226343 -528.204186 -544.744926 -9999.0 -9999.0
-9999.0 -9999.0 1762.595999 1664.222232 1567.507330 1472.507120 1379.283777 1287.897332 1198.401730 1110.860488 1025.343586 941.906950 860.601189 781.487305 704.566228 629.856026 557.276991 486.817712 418.410446 351.926435 287.410179 224.779299 163.936892 104.772628 47.309817 -8.487359 -62.668071 -115.291796 -165.913871 -213.534915 -256.852471 -294.553518 -325.879572 -350.897207 -370.367176 -385.413049 -397.214243 -406.842122 -415.186986 -395.246431 -362.161863 -356.405031 -394.686130 -460.434239 -524.964673 -582.354412 -642.878144 -716.492240 -822.161433 -1020.423572 -1524.490975 -2035.354168 -2051.033870 -2051.835724 -2051.856157 -2051.350895 -2050.180686 -2047.060278 -1926.592601 -1079.403872 -705.542286 -589.043596 -532.878216 -521.578340 -520.652364 -520.768211 -520.870084 -520.946313 -521.024179 -521.112522 -521.212471 -521.321682 -521.436614 -521.554615 -521.673812 -521.791902 -521.906562 -522.016405 -522.119905 -522.216075 -522.304348 -522.384175 -522.455592 -522.518592 -522.573579 -522.620931 -522.661262 -522.695171 -522.723338 -522.746455 -522.765179 -522.780166 -522.792080 -522.801692 -522.810343 -522.821575 -522.846859 -522.926036 -523.203099 -524.226343 -528.204185 -544.744926 -9999.0 -9999.0
-9999.0 -9999.0 1762.595999 1664.222232 1567.507331 1472.507120 1379.283777 1287.897332 1198.401731 1110.860488 1025.343587 941.906951 860.601189 781.487306 704.566229 629.856027 557.276991 486.817712 418.410446 351.926435 287.410179 224.779299 163.936892 104.772628 47.309817 -8.487358 -62.668071 -115.291796 -165.913871 -213.534915 -256.852471 -294.553518 -325.879572 -350.897207 -370.367176 -385.413049 -397.214243 -406.842122 -415.186986 -395.246431 -362.161863 -356.405031 -394.686130 -460.434239 -524.964673 -582.354412 -642.878144 -716.492240 -822.161433 -1020.423572 -1524.490975 -2035.354168 -2051.033870 -2051.835724 -2051.856157 -2051.350895 -2050.180686 -2047.060278 -1926.592602 -1079.403872 -705.542287 -589.043596 -532.878216 -521.578340 -520.652364 -520.768211 -520.870083 -520.946313 -521.024179 -521.112522 -521.212471 -521.321682 -521.436614 -521.554615 -521.673812 -521.791902 -521.906562 -522.016405 -522.119905 -522.216075 -522.304348 -522.384175 -522.455592 -522.518592 -522.573579 -522.620931 -522.661262 -522.695171 -522.723338 -522.746455 -522.765179 -522.780166 -522.792080 -522.801692 -522.810343 -522.821574 -522.846859 -522.926036 -523.203099 -524.226343 -528.204185 -544.744926 -9999.0 -9999.0
-9999.0 -9999.0 -9999.0 -9999.0 -9999.0 -9999.0 -9999.0 -9999.0 -9999.0 -9999.0 -9999.0 -9999.0 -9999.0 -9999.0 -9999.0 -9999.0 -9999.0 -9999.0 -9999.0 -9999.0 -9999.0 -9999.0 -9999.0 -9999.0 -9999.0 -9999.0 -9999.0 -9999.0 -9999.0 -9999.0 -9999.0 -9999.0 -9999.0 -9999.0 -9999.0 -9999.0 -9999.0 -9999.0 -9999.0 -9999.0 -9999.0 -9999.0 -9999.0 -9999.0 -9999.0 -9999.0 -9999.0 -9999.0 -9999.0 -9999.0 -9999.0 -9999.0 -9999.0 -9999.0 -9999.0 -9999.0 -9999.0 -9999.0 -9999.0 -9999.0 -9999.0 -9999.0 -9999.0 -9999.0 -9999.0 -9999.0 -9999.0 -9999.0 -9999.0 -9999.0 -9999.0 -9999.0 -9999.0 -9999.0 -9999.0 -9999.0 -9999.0 -9999.0 -9999.0 -9999.0 -9999.0 -9999.0 -9999.0 -9999.0 -9999.0 -9999.0 -9999.0 -9999.0 -9999.0 -9999.0 -9999.0 -9999.0 -9999.0 -9999.0 -9999.0 -9999.0 -9999.0 -9999.0 -9999.0 -9999.0 -9999.0 -9999.0 -9999.0 -9999.0
-9999.0 -9999.0 -9999.0 -9999.0 -9999.0 -9999.0 -9999.0 -9999.0 -9999.0 -9999.0 -9999.0 -9999.0 -9999.0 -9999.0 -9999.0 -9999.0 -9999.0 -9999.0 -9999.0 -9999.0 -9999.0 -9999.0 -9999.0 -9999.0 -9999.0 -9999.0 -9999.0 -9999.0 -9999.0 -9999.0 -9999.0 -9999.0 -9999.0 -9999.0 -9999.0 -9999.0 -9999.0 -9999.0 -9999.0 -9999.0 -9999.0 -9999.0 -9999.0 -9999.0 -9999.0 -9999.0 -9999.0 -9999.0 -9999.0 -9999.0 -9999.0 -9999.0 -9999.0 -9999.0 -9999.0 -9999.0 -9999.0 -9999.0 -9999.0 -9999.0 -9999.0 -9999.0 -9999.0 -9999.0 -9999.0 -9999.0 -9999.0 -9999.0 -9999.0 -9999.0 -9999.0 -9999.0 -9999.0 -9999.0 -9999.0 -9999.0 -9999.0 -9999.0 -9999.0 -9999.0 -9999.0 -9999.0 -9999.0 -9999.0 -9999.0 -9999.0 -9999.0 -9999.0 -9999.0 -9999.0 -9999.0 -9999.0 -9999.0 -9999.0 -9999.0 -9999.0 -9999.0 -9999.0 -9999.0 -9999.0 -9999.0 -9999.0 -9999.0 -9999.0