examples/3D/hillslope02_superslab/output-maps-SE27XX/psiliqL0042N0002.asc
ncols         104
nrows         10
xllcorner     -2.000000
yllcorner     0.000000
cellsize      1.000000
NODATA_value  -9999.0
-9999.0 -9999.0 -9999.0 -9999.0 -9999.0 -9999.0 -9999.0 -9999.0 -9999.0 -9999.0 -9999.0 -9999.0 -9999.0 -9999.0 -9999.0 -9999.0 -9999.0 -9999.0 -9999.0 -9999.0 -9999.0 -9999.0 -9999.0 -9999.0 -9999.0 -9999.0 -9999.0 -9999.0 -9999.0 -9999.0 -9999.0 -9999.0 -9999.0 -9999.0 -9999.0 -9999.0 -9999.0 -9999.0 -9999.0 -9999.0 -9999.0 -9999.0 -9999.0 -9999.0 -9999.0 -9999.0 -9999.0 -9999.0 -9999.0 -9999.0 -9999.0 -9999.0 -9999.0 -9999.0 -9999.0 -9999.0 -9999.0 -9999.0 -9999.0 -9999.0 -9999.0 -9999.0 -9999.0 -9999.0 -9999.0 -9999.0 -9999.0 -9999.0 -9999.0 -9999.0 -9999.0 -9999.0 -9999.0 -9999.0 -9999.0 -9999.0 -9999.0 -9999.0 -9999.0 -9999.0 -9999.0 -9999.0 -9999.0 -9999.0 -9999.0 -9999.0 -9999.0 -9999.0 -9999.0 -9999.0 -9999.0 -9999.0 -9999.0 -9999.0 -9999.0 -9999.0 -9999.0 -9999.0 -9999.0 -9999.0 -9999.0 -9999.0 -9999.0 -9999.0
-9999.0 -9999.0 -9999.0 -9999.0 -9999.0 -9999.0 -9999.0 -9999.0 -9999.0 -9999.0 -9999.0 -9999.0 -9999.0 -9999.0 -9999.0 -9999.0 -9999.0 -9999.0 -9999.0 -9999.0 -9999.0 -9999.0 -9999.0 -9999.0 -9999.0 -9999.0 -9999.0 -9999.0 -9999.0 -9999.0 -9999.0 -9999.0 -9999.0 -9999.0 -9999.0 -9999.0 -9999.0 -9999.0 -9999.0 -9999.0 -9999.0 -9999.0 -9999.0 -9999.0 -9999.0 -9999.0 -9999.0 -9999.0 -9999.0 -9999.0 -9999.0 -9999.0 -9999.0 -9999.0 -9999.0 -9999.0 -9999.0 -9999.0 -9999.0 -9999.0 -9999.0 -9999.0 -9999.0 -9999.0 -9999.0 -9999.0 -9999.0 -9999.0 -9999.0 -9999.0 -9999.0 -9999.0 -9999.0 -9999.0 -9999.0 -9999.0 -9999.0 -9999.0 -9999.0 -9999.0 -9999.0 -9999.0 -9999.0 -9999.0 -9999.0 -9999.0 -9999.0 -9999.0 -9999.0 -9999.0 -9999.0 -9999.0 -9999.0 -9999.0 -9999.0 -9999.0 -9999.0 -9999.0 -9999.0 -9999.0 -9999.0 -9999.0 -9999.0 -9999.0
-9999.0 -9999.0 -316.202441 -345.641529 -352.673407 -352.887482 -348.493182 -337.897012 -321.668701 -309.142395 -339.242613 -355.325678 -366.069647 -375.132944 -376.577228 -369.030138 -363.580121 -359.850612 -356.917645 -354.390299 -352.122726 -350.025905 -348.027941 -346.075527 -344.127690 -342.164963 -340.169707 -338.149168 -336.091926 -334.014375 -331.885360 -103.364567 118.307895 349.329859 584.304407 655.588366 556.239337 447.701098 330.154161 202.941484 64.121379 -88.245629 -252.437065 -434.214478 -663.448137 -1072.839820 -2456.664696 -2895.363067 -2896.039087 -2896.039604 -2896.039604 -2896.039604 -2896.039604 -2896.039604 -2896.039604 -2896.039604 -2896.039590 -2896.026223 -2885.235038 -1843.680346 -754.704990 -459.610508 -310.838968 -337.791944 -350.908857 -354.595933 -355.555097 -355.802732 -355.866768 -355.883348 -355.887643 -355.888755 -355.889044 -355.889118 -355.889138 -355.889143 -355.889144 -355.889144 -355.889144 -355.889144 -355.889144 -355.889144 -355.889144 -355.889144 -355.889145 -355.889145 -355.889145 -355.889146 -355.889149 -355.889160 -355.889203 -355.889364 -355.889964 -355.892208 -355.900576 -355.931614 -356.045426 -356.452991 -357.850847 -362.333176 -375.538945 -411.681662 -9999.0 -9999.0
-9999.0 -9999.0 -316.202442 -345.641530 -352.673408 -352.887482 -348.493182 -337.897013 -321.668701 -309.142395 -339.242612 -355.325677 -366.069647 -375.132944 -376.577228 -369.030138 -363.580121 -359.850613 -356.917645 -354.390299 -352.122726 -350.025905 -348.027941 -346.075527 -344.127690 -342.164963 -340.169707 -338.149168 -336.091926 -334.014375 -331.885360 -103.364567 118.307895 349.329859 584.304407 655.588366 556.239337 447.701098 330.154161 202.941484 64.121379 -88.245629 -252.437065 -434.214478 -663.448137 -1072.839820 -2456.664696 -2895.363067 -2896.039087 -2896.039604 -2896.039604 -2896.039604 -2896.039604 -2896.039604 -2896.039604 -2896.039604 -2896.039590 -2896.026223 -2885.235038 -1843.680344 -754.704990 -459.610507 -310.838968 -337.791945 -350.908859 -354.595935 -355.555099 -355.802734 -355.866770 -355.883351 -355.887646 -355.888758 -355.889046 -355.889121 -355.889140 -355.889145 -355.889147 -355.889147 -355.889147 -355.889147 -355.889147 -355.889147 -355.889147 -355.889147 -355.889147 -355.889147 -355.889148 -355.889148 -355.889151 -355.889163 -355.889206 -355.889366 -355.889967 -355.892211 -355.900578 -355.931617 -356.045429 -356.452994 -357.850851 -362.333180 -375.538951 -411.681665 -9999.0 -9999.0
-9999.0 -9999.0 -316.202443 -345.641532 -352.673409 -352.887484 -348.493184 -337.897014 -321.668701 -309.142394 -339.242612 -355.325677 -366.069646 -375.132944 -376.577228 -369.030138 -363.580121 -359.850613 -356.917645 -354.390299 -352.122726 -350.025905 -348.027941 -346.075527 -344.127690 -342.164963 -340.169707 -338.149168 -336.091926 -334.014375 -331.885360 -103.364567 118.307895 349.329859 584.304407 655.588366 556.239337 447.701098 330.154161 202.941484 64.121379 -88.245629 -252.437065 -434.214478 -663.448137 -1072.839820 -2456.664696 -2895.363067 -2896.039087 -2896.039604 -2896.039604 -2896.039604 -2896.039604 -2896.039604 -2896.039604 -2896.039604 -2896.039590 -2896.026223 -2885.235038 -1843.680344 -754.704990 -459.610507 -310.838968 -337.791946 -350.908860 -354.595937 -355.555102 -355.802738 -355.866774 -355.883354 -355.887649 -355.888762 -355.889050 -355.889125 -355.889144 -355.889149 -355.889150 -355.889151 -355.889151 -355.889151 -355.889151 -355.889151 -355.889151 -355.889151 -355.889151 -355.889151 -355.889151 -355.889152 -355.889155 -355.889167 -355.889210 -355.889370 -355.889971 -355.892215 -355.900582 -355.931620 -356.045433 -356.452998 -357.850856 -362.333186 -375.538957 -411.681670 -9999.0 -9999.0
-9999.0 -9999.0 -316.202443 -345.641532 -352.673409 -352.887484 -348.493184 -337.897014 -321.668701 -309.142394 -339.242612 -355.325677 -366.069646 -375.132944 -376.577228 -369.030138 -363.580121 -359.850613 -356.917645 -354.390299 -352.122726 -350.025905 -348.027941 -346.075527 -344.127690 -342.164963 -340.169707 -338.149168 -336.091926 -334.014375 -331.885360 -103.364567 118.307895 349.329859 584.304407 655.588366 556.239337 447.701098 330.154161 202.941484 64.121379 -88.245629 -252.437065 -434.214478 -663.448137 -1072.839820 -2456.664696 -2895.363067 -2896.039087 -2896.039604 -2896.039604 -2896.039604 -2896.039604 -2896.039604 -2896.039604 -2896.039604 -2896.039590 -2896.026223 -2885.235038 -1843.680344 -754.704990 -459.610507 -310.838968 -337.791946 -350.908860 -354.595937 -355.555102 -355.802738 -355.866774 -355.883354 -355.887649 -355.888762 -355.889050 -355.889125 -355.889144 -355.889149 -355.889150 -355.889151 -355.889151 -355.889151 -355.889151 -355.889151 -355.889151 -355.889151 -355.889151 -355.889151 -355.889151 -355.889152 -355.889155 -355.889167 -355.889210 -355.889370 -355.889971 -355.892215 -355.900582 -355.931620 -356.045433 -356.452998 -357.850856 -362.333186 -375.538957 -411.681670 -9999.0 -9999.0
-9999.0 -9999.0 -316.202442 -345.641530 -352.673408 -352.887482 -348.493182 -337.897013 -321.668701 -309.142395 -339.242612 -355.325677 -366.069647 -375.132944 -376.577228 -369.030138 -363.580121 -359.850613 -356.917645 -354.390299 -352.122726 -350.025905 -348.027941 -346.075527 -344.127690 -342.164963 -340.169707 -338.149168 -336.091926 -334.014375 -331.885360 -103.364567 118.307895 349.329859 584.304407 655.588366 556.239337 447.701098 330.154161 202.941484 64.121379 -88.245629 -252.437065 -434.214478 -663.448137 -1072.839820 -2456.664696 -2895.363067 -2896.039087 -2896.039604 -2896.039604 -2896.039604 -2896.039604 -2896.039604 -2896.039604 -2896.039604 -2896.039590 -2896.026223 -2885.235038 -1843.680344 -754.704990 -459.610507 -310.838968 -337.791945 -350.908859 -354.595935 -355.555099 -355.802734 -355.866770 -355.883351 -355.887646 -355.888758 -355.889046 -355.889121 -355.889140 -355.889145 -355.889147 -355.889147 -355.889147 -355.889147 -355.889147 -355.889147 -355.889147 -355.889147 -355.889147 -355.889147 -355.889148 -355.889148 -355.889151 -355.889163 -355.889206 -355.889366 -355.889967 -355.892211 -355.900578 -355.931617 -356.045429 -356.452994 -357.850851 -362.333180 -375.538951 -411.681665 -9999.0 -9999.0
-9999.0 -9999.0 -316.202441 -345.641529 -352.673407 -352.887482 -348.493182 -337.897012 -321.668701 -309.142395 -339.242613 -355.325678 -366.069647 -375.132944 -376.577228 -369.030138 -363.580121 -359.850612 -356.917645 -354.390299 -352.122726 -350.025905 -348.027941 -346.075527 -344.127690 -342.164963 -340.169707 -338.149168 -336.091926 -334.014375 -331.885360 -103.364567 118.307895 349.329859 584.304407 655.588366 556.239337 447.701098 330.154161 202.941484 64.121379 -88.245629 -252.437065 -434.214478 -663.448137 -1072.839820 -2456.664696 -2895.363067 -2896.039087 -2896.039604 -2896.039604 -2896.039604 -2896.039604 -2896.039604 -2896.039604 -2896.039604 -2896.039590 -2896.026223 -2885.235038 -1843.680346 -754.704990 -459.610508 -310.838968 -337.791944 -350.908857 -354.595933 -355.555097 -355.802732 -355.866768 -355.883348 -355.887643 -355.888755 -355.889044 -355.889118 -355.889138 -355.889143 -355.889144 -355.889144 -355.889144 -355.889144 -355.889144 -355.889144 -355.889144 -355.889144 -355.889145 -355.889145 -355.889145 -355.889146 -355.889149 -355.889160 -355.889203 -355.889364 -355.889964 -355.892208 -355.900576 -355.931614 -356.045426 -356.452991 -357.850847 -362.333176 -375.538945 -411.681662 -9999.0 -9999.0
-9999.0 -9999.0 -9999.0 -9999.0 -9999.0 -9999.0 -9999.0 -9999.0 -9999.0 -9999.0 -9999.0 -9999.0 -9999.0 -9999.0 -9999.0 -9999.0 -9999.0 -9999.0 -9999.0 -9999.0 -9999.0 -9999.0 -9999.0 -9999.0 -9999.0 -9999.0 -9999.0 -9999.0 -9999.0 -9999.0 -9999.0 -9999.0 -9999.0 -9999.0 -9999.0 -9999.0 -9999.0 -9999.0 -9999.0 -9999.0 -9999.0 -9999.0 -9999.0 -9999.0 -9999.0 -9999.0 -9999.0 -9999.0 -9999.0 -9999.0 -9999.0 -9999.0 -9999.0 -9999.0 -9999.0 -9999.0 -9999.0 -9999.0 -9999.0 -9999.0 -9999.0 -9999.0 -9999.0 -9999.0 -9999.0 -9999.0 -9999.0 -9999.0 -9999.0 -9999.0 -9999.0 -9999.0 -9999.0 -9999.0 -9999.0 -9999.0 -9999.0 -9999.0 -9999.0 -9999.0 -9999.0 -9999.0 -9999.0 -9999.0 -9999.0 -9999.0 -9999.0 -9999.0 -9999.0 -9999.0 -9999.0 -9999.0 -9999.0 -9999.0 -9999.0 -9999.0 -9999.0 -9999.0 -9999.0 -9999.0 -9999.0 -9999.0 -9999.0 -9999.0
-9999.0 -9999.0 -9999.0 -9999.0 -9999.0 -9999.0 -9999.0 -9999.0 -9999.0 -9999.0 -9999.0 -9999.0 -9999.0 -9999.0 -9999.0 -9999.0 -9999.0 -9999.0 -9999.0 -9999.0 -9999.0 -9999.0 -9999.0 -9999.0 -9999.0 -9999.0 -9999.0 -9999.0 -9999.0 -9999.0 -9999.0 -9999.0 -9999.0 -9999.0 -9999.0 -9999.0 -9999.0 -9999.0 -9999.0 -9999.0 -9999.0 -9999.0 -9999.0 -9999.0 -9999.0 -9999.0 -9999.0 -9999.0 -9999.0 -9999.0 -9999.0 -9999.0 -9999.0 -9999.0 -9999.0 -9999.0 -9999.0 -9999.0 -9999.0 -9999.0 -9999.0 -9999.0 -9999.0 -9999.0 -9999.0 -9999.0 -9999.0 -9999.0 -9999.0 -9999.0 -9999.0 -9999.0 -9999.0 -9999.0 -9999.0 -9999.0 -9999.0 -9999.0 -9999.0 -9999.0 -9999.0 -9999.0 -9999.0 -9999.0 -9999.0 -9999.0 -9999.0 -9999.0 -9999.0 -9999.0 -9999.0 -9999.0 -9999.0 -9999.0 -9999.0 -9999.0 -9999.0 -9999.0 -9999.0 -9999.0 -9999.0 -9999.0 -9999.0 -9999.0