examples/3D/hillslope02_superslab/output-maps-SE27XX/psiliqL0061N0001.asc
ncols         104
nrows         10
xllcorner     -2.000000
yllcorner     0.000000
cellsize      1.000000
NODATA_value  -9999.0
-9999.0 -9999.0 -9999.0 -9999.0 -9999.0 -9999.0 -9999.0 -9999.0 -9999.0 -9999.0 -9999.0 -9999.0 -9999.0 -9999.0 -9999.0 -9999.0 -9999.0 -9999.0 -9999.0 -9999.0 -9999.0 -9999.0 -9999.0 -9999.0 -9999.0 -9999.0 -9999.0 -9999.0 -9999.0 -9999.0 -9999.0 -9999.0 -9999.0 -9999.0 -9999.0 -9999.0 -9999.0 -9999.0 -9999.0 -9999.0 -9999.0 -9999.0 -9999.0 -9999.0 -9999.0 -9999.0 -9999.0 -9999.0 -9999.0 -9999.0 -9999.0 -9999.0 -9999.0 -9999.0 -9999.0 -9999.0 -9999.0 -9999.0 -9999.0 -9999.0 -9999.0 -9999.0 -9999.0 -9999.0 -9999.0 -9999.0 -9999.0 -9999.0 -9999.0 -9999.0 -9999.0 -9999.0 -9999.0 -9999.0 -9999.0 -9999.0 -9999.0 -9999.0 -9999.0 -9999.0 -9999.0 -9999.0 -9999.0 -9999.0 -9999.0 -9999.0 -9999.0 -9999.0 -9999.0 -9999.0 -9999.0 -9999.0 -9999.0 -9999.0 -9999.0 -9999.0 -9999.0 -9999.0 -9999.0 -9999.0 -9999.0 -9999.0 -9999.0 -9999.0
-9999.0 -9999.0 -9999.0 -9999.0 -9999.0 -9999.0 -9999.0 -9999.0 -9999.0 -9999.0 -9999.0 -9999.0 -9999.0 -9999.0 -9999.0 -9999.0 -9999.0 -9999.0 -9999.0 -9999.0 -9999.0 -9999.0 -9999.0 -9999.0 -9999.0 -9999.0 -9999.0 -9999.0 -9999.0 -9999.0 -9999.0 -9999.0 -9999.0 -9999.0 -9999.0 -9999.0 -9999.0 -9999.0 -9999.0 -9999.0 -9999.0 -9999.0 -9999.0 -9999.0 -9999.0 -9999.0 -9999.0 -9999.0 -9999.0 -9999.0 -9999.0 -9999.0 -9999.0 -9999.0 -9999.0 -9999.0 -9999.0 -9999.0 -9999.0 -9999.0 -9999.0 -9999.0 -9999.0 -9999.0 -9999.0 -9999.0 -9999.0 -9999.0 -9999.0 -9999.0 -9999.0 -9999.0 -9999.0 -9999.0 -9999.0 -9999.0 -9999.0 -9999.0 -9999.0 -9999.0 -9999.0 -9999.0 -9999.0 -9999.0 -9999.0 -9999.0 -9999.0 -9999.0 -9999.0 -9999.0 -9999.0 -9999.0 -9999.0 -9999.0 -9999.0 -9999.0 -9999.0 -9999.0 -9999.0 -9999.0 -9999.0 -9999.0 -9999.0 -9999.0
-9999.0 -9999.0 -372.169337 -1380.790939 -1954.962412 -1955.445356 -1955.445524 -1955.445539 -1955.445415 -1955.445220 -1955.445544 -1955.445545 -1955.445545 -1955.445545 -1955.445545 -1955.445545 -1955.445545 -1955.445545 -1955.445545 -1955.445545 -1955.445545 -1955.445545 -1955.445545 -1955.445545 -1955.445545 -1955.445545 -1955.445545 -1955.445545 -1955.445545 -1955.445545 -1955.445526 -1955.376624 -1785.862214 -498.507634 -372.534977 -349.860315 -343.829597 -342.100664 -342.175044 -343.642086 -250.511349 -111.983112 -34.386478 -26.584254 -87.212871 -518.487554 -1877.653641 -1955.444370 -1955.451270 -1955.447668 -1955.446338 -1955.446063 -1955.445557 -1955.445545 -1955.445545 -1955.445545 -1955.445545 -1955.445545 -1955.445544 -1955.445272 -1954.705889 -1432.909590 -407.045027 -637.182581 -1927.022730 -1955.439991 -1955.445544 -1955.445545 -1955.445545 -1955.445545 -1955.445545 -1955.445545 -1955.445545 -1955.445545 -1955.445545 -1955.445545 -1955.445545 -1955.445545 -1955.445545 -1955.445545 -1955.445545 -1955.445545 -1955.445545 -1955.445545 -1955.445545 -1955.445545 -1955.445545 -1955.445545 -1955.445545 -1955.445545 -1955.445545 -1955.445546 -1955.445546 -1955.445547 -1955.445549 -1955.445551 -1955.445554 -1955.445560 -1955.445568 -1955.445666 -1955.459024 -1956.906624 -9999.0 -9999.0
-9999.0 -9999.0 -372.169338 -1380.790953 -1954.962412 -1955.445356 -1955.445524 -1955.445539 -1955.445415 -1955.445220 -1955.445544 -1955.445545 -1955.445545 -1955.445545 -1955.445545 -1955.445545 -1955.445545 -1955.445545 -1955.445545 -1955.445545 -1955.445545 -1955.445545 -1955.445545 -1955.445545 -1955.445545 -1955.445545 -1955.445545 -1955.445545 -1955.445545 -1955.445545 -1955.445526 -1955.376624 -1785.862215 -498.507634 -372.534977 -349.860315 -343.829597 -342.100664 -342.175044 -343.642086 -250.511349 -111.983112 -34.386478 -26.584254 -87.212871 -518.487554 -1877.653641 -1955.444370 -1955.451270 -1955.447668 -1955.446338 -1955.446063 -1955.445557 -1955.445545 -1955.445545 -1955.445545 -1955.445545 -1955.445545 -1955.445544 -1955.445272 -1954.705889 -1432.909592 -407.045028 -637.182584 -1927.022731 -1955.439991 -1955.445544 -1955.445545 -1955.445545 -1955.445545 -1955.445545 -1955.445545 -1955.445545 -1955.445545 -1955.445545 -1955.445545 -1955.445545 -1955.445545 -1955.445545 -1955.445545 -1955.445545 -1955.445545 -1955.445545 -1955.445545 -1955.445545 -1955.445545 -1955.445545 -1955.445545 -1955.445545 -1955.445545 -1955.445545 -1955.445546 -1955.445546 -1955.445547 -1955.445549 -1955.445551 -1955.445554 -1955.445560 -1955.445568 -1955.445666 -1955.459024 -1956.906624 -9999.0 -9999.0
-9999.0 -9999.0 -372.169339 -1380.790967 -1954.962412 -1955.445356 -1955.445524 -1955.445539 -1955.445415 -1955.445220 -1955.445544 -1955.445545 -1955.445545 -1955.445545 -1955.445545 -1955.445545 -1955.445545 -1955.445545 -1955.445545 -1955.445545 -1955.445545 -1955.445545 -1955.445545 -1955.445545 -1955.445545 -1955.445545 -1955.445545 -1955.445545 -1955.445545 -1955.445545 -1955.445526 -1955.376624 -1785.862216 -498.507635 -372.534977 -349.860315 -343.829597 -342.100664 -342.175044 -343.642086 -250.511349 -111.983112 -34.386478 -26.584254 -87.212871 -518.487554 -1877.653641 -1955.444370 -1955.451270 -1955.447668 -1955.446338 -1955.446063 -1955.445557 -1955.445545 -1955.445545 -1955.445545 -1955.445545 -1955.445545 -1955.445544 -1955.445272 -1954.705889 -1432.909593 -407.045028 -637.182587 -1927.022731 -1955.439991 -1955.445544 -1955.445545 -1955.445545 -1955.445545 -1955.445545 -1955.445545 -1955.445545 -1955.445545 -1955.445545 -1955.445545 -1955.445545 -1955.445545 -1955.445545 -1955.445545 -1955.445545 -1955.445545 -1955.445545 -1955.445545 -1955.445545 -1955.445545 -1955.445545 -1955.445545 -1955.445545 -1955.445545 -1955.445545 -1955.445546 -1955.445546 -1955.445547 -1955.445549 -1955.445551 -1955.445554 -1955.445560 -1955.445568 -1955.445666 -1955.459024 -1956.906624 -9999.0 -9999.0
-9999.0 -9999.0 -372.169339 -1380.790967 -1954.962412 -1955.445356 -1955.445524 -1955.445539 -1955.445415 -1955.445220 -1955.445544 -1955.445545 -1955.445545 -1955.445545 -1955.445545 -1955.445545 -1955.445545 -1955.445545 -1955.445545 -1955.445545 -1955.445545 -1955.445545 -1955.445545 -1955.445545 -1955.445545 -1955.445545 -1955.445545 -1955.445545 -1955.445545 -1955.445545 -1955.445526 -1955.376624 -1785.862216 -498.507635 -372.534977 -349.860315 -343.829597 -342.100664 -342.175044 -343.642086 -250.511349 -111.983112 -34.386478 -26.584254 -87.212871 -518.487554 -1877.653641 -1955.444370 -1955.451270 -1955.447668 -1955.446338 -1955.446063 -1955.445557 -1955.445545 -1955.445545 -1955.445545 -1955.445545 -1955.445545 -1955.445544 -1955.445272 -1954.705889 -1432.909593 -407.045028 -637.182587 -1927.022731 -1955.439991 -1955.445544 -1955.445545 -1955.445545 -1955.445545 -1955.445545 -1955.445545 -1955.445545 -1955.445545 -1955.445545 -1955.445545 -1955.445545 -1955.445545 -1955.445545 -1955.445545 -1955.445545 -1955.445545 -1955.445545 -1955.445545 -1955.445545 -1955.445545 -1955.445545 -1955.445545 -1955.445545 -1955.445545 -1955.445545 -1955.445546 -1955.445546 -1955.445547 -1955.445549 -1955.445551 -1955.445554 -1955.445560 -1955.445568 -1955.445666 -1955.459024 -1956.906624 -9999.0 -9999.0
-9999.0 -9999.0 -372.169338 -1380.790953 -1954.962412 -1955.445356 -1955.445524 -1955.445539 -1955.445415 -1955.445220 -1955.445544 -1955.445545 -1955.445545 -1955.445545 -1955.445545 -1955.445545 -1955.445545 -1955.445545 -1955.445545 -1955.445545 -1955.445545 -1955.445545 -1955.445545 -1955.445545 -1955.445545 -1955.445545 -1955.445545 -1955.445545 -1955.445545 -1955.445545 -1955.445526 -1955.376624 -1785.862215 -498.507634 -372.534977 -349.860315 -343.829597 -342.100664 -342.175044 -343.642086 -250.511349 -111.983112 -34.386478 -26.584254 -87.212871 -518.487554 -1877.653641 -1955.444370 -1955.451270 -1955.447668 -1955.446338 -1955.446063 -1955.445557 -1955.445545 -1955.445545 -1955.445545 -1955.445545 -1955.445545 -1955.445544 -1955.445272 -1954.705889 -1432.909592 -407.045028 -637.182584 -1927.022731 -1955.439991 -1955.445544 -1955.445545 -1955.445545 -1955.445545 -1955.445545 -1955.445545 -1955.445545 -1955.445545 -1955.445545 -1955.445545 -1955.445545 -1955.445545 -1955.445545 -1955.445545 -1955.445545 -1955.445545 -1955.445545 -1955.445545 -1955.445545 -1955.445545 -1955.445545 -1955.445545 -1955.445545 -1955.445545 -1955.445545 -1955.445546 -1955.445546 -1955.445547 -1955.445549 -1955.445551 -1955.445554 -1955.445560 -1955.445568 -1955.445666 -1955.459024 -1956.906624 -9999.0 -9999.0
-9999.0 -9999.0 -372.169337 -1380.790939 -1954.962412 -1955.445356 -1955.445524 -1955.445539 -1955.445415 -1955.445220 -1955.445544 -1955.445545 -1955.445545 -1955.445545 -1955.445545 -1955.445545 -1955.445545 -1955.445545 -1955.445545 -1955.445545 -1955.445545 -1955.445545 -1955.445545 -1955.445545 -1955.445545 -1955.445545 -1955.445545 -1955.445545 -1955.445545 -1955.445545 -1955.445526 -1955.376624 -1785.862214 -498.507634 -372.534977 -349.860315 -343.829597 -342.100664 -342.175044 -343.642086 -250.511349 -111.983112 -34.386478 -26.584254 -87.212871 -518.487554 -1877.653641 -1955.444370 -1955.451270 -1955.447668 -1955.446338 -1955.446063 -1955.445557 -1955.445545 -1955.445545 -1955.445545 -1955.445545 -1955.445545 -1955.445544 -1955.445272 -1954.705889 -1432.909590 -407.045027 -637.182581 -1927.022730 -1955.439991 -1955.445544 -1955.445545 -1955.445545 -1955.445545 -1955.445545 -1955.445545 -1955.445545 -1955.445545 -1955.445545 -1955.445545 -1955.445545 -1955.445545 -1955.445545 -1955.445545 -1955.445545 -1955.445545 -1955.445545 -1955.445545 -1955.445545 -1955.445545 -1955.445545 -1955.445545 -1955.445545 -1955.445545 -1955.445545 -1955.445546 -1955.445546 -1955.445547 -1955.445549 -1955.445551 -1955.445554 -1955.445560 -1955.445568 -1955.445666 -1955.459024 -1956.906624 -9999.0 -9999.0
-9999.0 -9999.0 -9999.0 -9999.0 -9999.0 -9999.0 -9999.0 -9999.0 -9999.0 -9999.0 -9999.0 -9999.0 -9999.0 -9999.0 -9999.0 -9999.0 -9999.0 -9999.0 -9999.0 -9999.0 -9999.0 -9999.0 -9999.0 -9999.0 -9999.0 -9999.0 -9999.0 -9999.0 -9999.0 -9999.0 -9999.0 -9999.0 -9999.0 -9999.0 -9999.0 -9999.0 -9999.0 -9999.0 -9999.0 -9999.0 -9999.0 -9999.0 -9999.0 -9999.0 -9999.0 -9999.0 -9999.0 -9999.0 -9999.0 -9999.0 -9999.0 -9999.0 -9999.0 -9999.0 -9999.0 -9999.0 -9999.0 -9999.0 -9999.0 -9999.0 -9999.0 -9999.0 -9999.0 -9999.0 -9999.0 -9999.0 -9999.0 -9999.0 -9999.0 -9999.0 -9999.0 -9999.0 -9999.0 -9999.0 -9999.0 -9999.0 -9999.0 -9999.0 -9999.0 -9999.0 -9999.0 -9999.0 -9999.0 -9999.0 -9999.0 -9999.0 -9999.0 -9999.0 -9999.0 -9999.0 -9999.0 -9999.0 -9999.0 -9999.0 -9999.0 -9999.0 -9999.0 -9999.0 -9999.0 -9999.0 -9999.0 -9999.0 -9999.0 -9999.0
-9999.0 -9999.0 -9999.0 -9999.0 -9999.0 -9999.0 -9999.0 -9999.0 -9999.0 -9999.0 -9999.0 -9999.0 -9999.0 -9999.0 -9999.0 -9999.0 -9999.0 -9999.0 -9999.0 -9999.0 -9999.0 -9999.0 -9999.0 -9999.0 -9999.0 -9999.0 -9999.0 -9999.0 -9999.0 -9999.0 -9999.0 -9999.0 -9999.0 -9999.0 -9999.0 -9999.0 -9999.0 -9999.0 -9999.0 -9999.0 -9999.0 -9999.0 -9999.0 -9999.0 -9999.0 -9999.0 -9999.0 -9999.0 -9999.0 -9999.0 -9999.0 -9999.0 -9999.0 -9999.0 -9999.0 -9999.0 -9999.0 -9999.0 -9999.0 -9999.0 -9999.0 -9999.0 -9999.0 -9999.0 -9999.0 -9999.0 -9999.0 -9999.0 -9999.0 -9999.0 -9999.0 -9999.0 -9999.0 -9999.0 -9999.0 -9999.0 -9999.0 -9999.0 -9999.0 -9999.0 -9999.0 -9999.0 -9999.0 -9999.0 -9999.0 -9999.0 -9999.0 -9999.0 -9999.0 -9999.0 -9999.0 -9999.0 -9999.0 -9999.0 -9999.0 -9999.0 -9999.0 -9999.0 -9999.0 -9999.0 -9999.0 -9999.0 -9999.0 -9999.0