examples/3D/hillslope02_superslab/output-maps-SE27XX/psiliqL0017N0002.asc
ncols         104
nrows         10
xllcorner     -2.000000
yllcorner     0.000000
cellsize      1.000000
NODATA_value  -9999.0
-9999.0 -9999.0 -9999.0 -9999.0 -9999.0 -9999.0 -9999.0 -9999.0 -9999.0 -9999.0 -9999.0 -9999.0 -9999.0 -9999.0 -9999.0 -9999.0 -9999.0 -9999.0 -9999.0 -9999.0 -9999.0 -9999.0 -9999.0 -9999.0 -9999.0 -9999.0 -9999.0 -9999.0 -9999.0 -9999.0 -9999.0 -9999.0 -9999.0 -9999.0 -9999.0 -9999.0 -9999.0 -9999.0 -9999.0 -9999.0 -9999.0 -9999.0 -9999.0 -9999.0 -9999.0 -9999.0 -9999.0 -9999.0 -9999.0 -9999.0 -9999.0 -9999.0 -9999.0 -9999.0 -9999.0 -9999.0 -9999.0 -9999.0 -9999.0 -9999.0 -9999.0 -9999.0 -9999.0 -9999.0 -9999.0 -9999.0 -9999.0 -9999.0 -9999.0 -9999.0 -9999.0 -9999.0 -9999.0 -9999.0 -9999.0 -9999.0 -9999.0 -9999.0 -9999.0 -9999.0 -9999.0 -9999.0 -9999.0 -9999.0 -9999.0 -9999.0 -9999.0 -9999.0 -9999.0 -9999.0 -9999.0 -9999.0 -9999.0 -9999.0 -9999.0 -9999.0 -9999.0 -9999.0 -9999.0 -9999.0 -9999.0 -9999.0 -9999.0 -9999.0
-9999.0 -9999.0 -9999.0 -9999.0 -9999.0 -9999.0 -9999.0 -9999.0 -9999.0 -9999.0 -9999.0 -9999.0 -9999.0 -9999.0 -9999.0 -9999.0 -9999.0 -9999.0 -9999.0 -9999.0 -9999.0 -9999.0 -9999.0 -9999.0 -9999.0 -9999.0 -9999.0 -9999.0 -9999.0 -9999.0 -9999.0 -9999.0 -9999.0 -9999.0 -9999.0 -9999.0 -9999.0 -9999.0 -9999.0 -9999.0 -9999.0 -9999.0 -9999.0 -9999.0 -9999.0 -9999.0 -9999.0 -9999.0 -9999.0 -9999.0 -9999.0 -9999.0 -9999.0 -9999.0 -9999.0 -9999.0 -9999.0 -9999.0 -9999.0 -9999.0 -9999.0 -9999.0 -9999.0 -9999.0 -9999.0 -9999.0 -9999.0 -9999.0 -9999.0 -9999.0 -9999.0 -9999.0 -9999.0 -9999.0 -9999.0 -9999.0 -9999.0 -9999.0 -9999.0 -9999.0 -9999.0 -9999.0 -9999.0 -9999.0 -9999.0 -9999.0 -9999.0 -9999.0 -9999.0 -9999.0 -9999.0 -9999.0 -9999.0 -9999.0 -9999.0 -9999.0 -9999.0 -9999.0 -9999.0 -9999.0 -9999.0 -9999.0 -9999.0 -9999.0
-9999.0 -9999.0 -321.805588 -347.267408 -353.205689 -353.406637 -349.394336 -339.390182 -322.574895 -300.831634 -338.817936 -354.199138 -364.792264 -375.745673 -378.974127 -369.352087 -363.396950 -359.478908 -271.842610 -117.888343 34.163212 195.925301 368.194435 294.100573 220.566059 147.702385 76.147841 5.735522 -62.733045 -128.059727 -187.199203 -232.568293 -257.439662 -266.567231 -269.537462 -271.219113 -272.751858 -274.166370 -275.043649 -273.551174 -263.490245 -240.606877 -2519.066648 -4133.291938 -4133.663364 -4133.663366 -4133.663366 -4133.663366 -4133.663366 -4133.663366 -4133.663366 -4133.663366 -4133.663366 -4133.663366 -4133.663366 -4133.663366 -4133.663366 -4133.663366 -4133.663366 -4133.663363 -4133.239507 -2506.867571 -293.101086 -339.064034 -351.583982 -354.781365 -355.602777 -355.814994 -355.869935 -355.884167 -355.887855 -355.888810 -355.889058 -355.889122 -355.889138 -355.889143 -355.889144 -355.889144 -355.889144 -355.889144 -355.889144 -355.889144 -355.889144 -355.889144 -355.889144 -355.889144 -355.889144 -355.889145 -355.889146 -355.889153 -355.889176 -355.889264 -355.889592 -355.890819 -355.895407 -355.912556 -355.976525 -356.213844 -357.082190 -360.165561 -370.560149 -403.467294 -9999.0 -9999.0
-9999.0 -9999.0 -321.805588 -347.267410 -353.205689 -353.406637 -349.394337 -339.390183 -322.574895 -300.831633 -338.817935 -354.199137 -364.792263 -375.745673 -378.974127 -369.352087 -363.396950 -359.478908 -271.842610 -117.888343 34.163211 195.925301 368.194435 294.100573 220.566059 147.702385 76.147841 5.735522 -62.733045 -128.059727 -187.199203 -232.568293 -257.439661 -266.567231 -269.537462 -271.219113 -272.751858 -274.166370 -275.043649 -273.551174 -263.490245 -240.606877 -2519.066648 -4133.291938 -4133.663364 -4133.663366 -4133.663366 -4133.663366 -4133.663366 -4133.663366 -4133.663366 -4133.663366 -4133.663366 -4133.663366 -4133.663366 -4133.663366 -4133.663366 -4133.663366 -4133.663366 -4133.663363 -4133.239507 -2506.867571 -293.101085 -339.064036 -351.583983 -354.781366 -355.602779 -355.814996 -355.869937 -355.884170 -355.887857 -355.888813 -355.889060 -355.889124 -355.889141 -355.889145 -355.889146 -355.889147 -355.889147 -355.889147 -355.889147 -355.889147 -355.889147 -355.889147 -355.889147 -355.889147 -355.889147 -355.889147 -355.889149 -355.889155 -355.889179 -355.889266 -355.889594 -355.890821 -355.895409 -355.912558 -355.976528 -356.213847 -357.082194 -360.165560 -370.560157 -403.467292 -9999.0 -9999.0
-9999.0 -9999.0 -321.805589 -347.267410 -353.205690 -353.406639 -349.394338 -339.390183 -322.574895 -300.831633 -338.817934 -354.199136 -364.792263 -375.745673 -378.974127 -369.352087 -363.396950 -359.478908 -271.842610 -117.888343 34.163211 195.925301 368.194435 294.100573 220.566059 147.702385 76.147841 5.735522 -62.733045 -128.059727 -187.199203 -232.568293 -257.439662 -266.567231 -269.537462 -271.219112 -272.751858 -274.166370 -275.043648 -273.551174 -263.490245 -240.606877 -2519.066648 -4133.291938 -4133.663364 -4133.663366 -4133.663366 -4133.663366 -4133.663366 -4133.663366 -4133.663366 -4133.663366 -4133.663366 -4133.663366 -4133.663366 -4133.663366 -4133.663366 -4133.663366 -4133.663366 -4133.663363 -4133.239507 -2506.867571 -293.101085 -339.064036 -351.583985 -354.781368 -355.602781 -355.814999 -355.869941 -355.884174 -355.887861 -355.888816 -355.889064 -355.889128 -355.889144 -355.889149 -355.889150 -355.889150 -355.889150 -355.889150 -355.889150 -355.889150 -355.889150 -355.889150 -355.889150 -355.889150 -355.889150 -355.889151 -355.889152 -355.889159 -355.889182 -355.889270 -355.889598 -355.890824 -355.895413 -355.912562 -355.976532 -356.213850 -357.082198 -360.165566 -370.560159 -403.467299 -9999.0 -9999.0
-9999.0 -9999.0 -321.805589 -347.267410 -353.205690 -353.406639 -349.394338 -339.390183 -322.574895 -300.831633 -338.817934 -354.199136 -364.792263 -375.745673 -378.974127 -369.352087 -363.396950 -359.478908 -271.842610 -117.888343 34.163211 195.925301 368.194435 294.100573 220.566059 147.702385 76.147841 5.735522 -62.733045 -128.059727 -187.199203 -232.568293 -257.439662 -266.567231 -269.537462 -271.219112 -272.751858 -274.166370 -275.043648 -273.551174 -263.490245 -240.606877 -2519.066648 -4133.291938 -4133.663364 -4133.663366 -4133.663366 -4133.663366 -4133.663366 -4133.663366 -4133.663366 -4133.663366 -4133.663366 -4133.663366 -4133.663366 -4133.663366 -4133.663366 -4133.663366 -4133.663366 -4133.663363 -4133.239507 -2506.867571 -293.101085 -339.064036 -351.583985 -354.781368 -355.602781 -355.814999 -355.869941 -355.884174 -355.887861 -355.888816 -355.889064 -355.889128 -355.889144 -355.889149 -355.889150 -355.889150 -355.889150 -355.889150 -355.889150 -355.889150 -355.889150 -355.889150 -355.889150 -355.889150 -355.889150 -355.889151 -355.889152 -355.889159 -355.889182 -355.889270 -355.889598 -355.890824 -355.895413 -355.912562 -355.976532 -356.213850 -357.082198 -360.165566 -370.560159 -403.467299 -9999.0 -9999.0
-9999.0 -9999.0 -321.805588 -347.267410 -353.205689 -353.406637 -349.394337 -339.390183 -322.574895 -300.831633 -338.817935 -354.199137 -364.792263 -375.745673 -378.974127 -369.352087 -363.396950 -359.478908 -271.842610 -117.888343 34.163211 195.925301 368.194435 294.100573 220.566059 147.702385 76.147841 5.735522 -62.733045 -128.059727 -187.199203 -232.568293 -257.439661 -266.567231 -269.537462 -271.219113 -272.751858 -274.166370 -275.043649 -273.551174 -263.490245 -240.606877 -2519.066648 -4133.291938 -4133.663364 -4133.663366 -4133.663366 -4133.663366 -4133.663366 -4133.663366 -4133.663366 -4133.663366 -4133.663366 -4133.663366 -4133.663366 -4133.663366 -4133.663366 -4133.663366 -4133.663366 -4133.663363 -4133.239507 -2506.867571 -293.101085 -339.064036 -351.583983 -354.781366 -355.602779 -355.814996 -355.869937 -355.884170 -355.887857 -355.888813 -355.889060 -355.889124 -355.889141 -355.889145 -355.889146 -355.889147 -355.889147 -355.889147 -355.889147 -355.889147 -355.889147 -355.889147 -355.889147 -355.889147 -355.889147 -355.889147 -355.889149 -355.889155 -355.889179 -355.889266 -355.889594 -355.890821 -355.895409 -355.912558 -355.976528 -356.213847 -357.082194 -360.165560 -370.560157 -403.467292 -9999.0 -9999.0
-9999.0 -9999.0 -321.805588 -347.267408 -353.205689 -353.406637 -349.394336 -339.390182 -322.574895 -300.831634 -338.817936 -354.199138 -364.792264 -375.745673 -378.974127 -369.352087 -363.396950 -359.478908 -271.842610 -117.888343 34.163212 195.925301 368.194435 294.100573 220.566059 147.702385 76.147841 5.735522 -62.733045 -128.059727 -187.199203 -232.568293 -257.439662 -266.567231 -269.537462 -271.219113 -272.751858 -274.166370 -275.043649 -273.551174 -263.490245 -240.606877 -2519.066648 -4133.291938 -4133.663364 -4133.663366 -4133.663366 -4133.663366 -4133.663366 -4133.663366 -4133.663366 -4133.663366 -4133.663366 -4133.663366 -4133.663366 -4133.663366 -4133.663366 -4133.663366 -4133.663366 -4133.663363 -4133.239507 -2506.867571 -293.101086 -339.064034 -351.583982 -354.781365 -355.602777 -355.814994 -355.869935 -355.884167 -355.887855 -355.888810 -355.889058 -355.889122 -355.889138 -355.889143 -355.889144 -355.889144 -355.889144 -355.889144 -355.889144 -355.889144 -355.889144 -355.889144 -355.889144 -355.889144 -355.889144 -355.889145 -355.889146 -355.889153 -355.889176 -355.889264 -355.889592 -355.890819 -355.895407 -355.912556 -355.976525 -356.213844 -357.082190 -360.165561 -370.560149 -403.467294 -9999.0 -9999.0
-9999.0 -9999.0 -9999.0 -9999.0 -9999.0 -9999.0 -9999.0 -9999.0 -9999.0 -9999.0 -9999.0 -9999.0 -9999.0 -9999.0 -9999.0 -9999.0 -9999.0 -9999.0 -9999.0 -9999.0 -9999.0 -9999.0 -9999.0 -9999.0 -9999.0 -9999.0 -9999.0 -9999.0 -9999.0 -9999.0 -9999.0 -9999.0 -9999.0 -9999.0 -9999.0 -9999.0 -9999.0 -9999.0 -9999.0 -9999.0 -9999.0 -9999.0 -9999.0 -9999.0 -9999.0 -9999.0 -9999.0 -9999.0 -9999.0 -9999.0 -9999.0 -9999.0 -9999.0 -9999.0 -9999.0 -9999.0 -9999.0 -9999.0 -9999.0 -9999.0 -9999.0 -9999.0 -9999.0 -9999.0 -9999.0 -9999.0 -9999.0 -9999.0 -9999.0 -9999.0 -9999.0 -9999.0 -9999.0 -9999.0 -9999.0 -9999.0 -9999.0 -9999.0 -9999.0 -9999.0 -9999.0 -9999.0 -9999.0 -9999.0 -9999.0 -9999.0 -9999.0 -9999.0 -9999.0 -9999.0 -9999.0 -9999.0 -9999.0 -9999.0 -9999.0 -9999.0 -9999.0 -9999.0 -9999.0 -9999.0 -9999.0 -9999.0 -9999.0 -9999.0
-9999.0 -9999.0 -9999.0 -9999.0 -9999.0 -9999.0 -9999.0 -9999.0 -9999.0 -9999.0 -9999.0 -9999.0 -9999.0 -9999.0 -9999.0 -9999.0 -9999.0 -9999.0 -9999.0 -9999.0 -9999.0 -9999.0 -9999.0 -9999.0 -9999.0 -9999.0 -9999.0 -9999.0 -9999.0 -9999.0 -9999.0 -9999.0 -9999.0 -9999.0 -9999.0 -9999.0 -9999.0 -9999.0 -9999.0 -9999.0 -9999.0 -9999.0 -9999.0 -9999.0 -9999.0 -9999.0 -9999.0 -9999.0 -9999.0 -9999.0 -9999.0 -9999.0 -9999.0 -9999.0 -9999.0 -9999.0 -9999.0 -9999.0 -9999.0 -9999.0 -9999.0 -9999.0 -9999.0 -9999.0 -9999.0 -9999.0 -9999.0 -9999.0 -9999.0 -9999.0 -9999.0 -9999.0 -9999.0 -9999.0 -9999.0 -9999.0 -9999.0 -9999.0 -9999.0 -9999.0 -9999.0 -9999.0 -9999.0 -9999.0 -9999.0 -9999.0 -9999.0 -9999.0 -9999.0 -9999.0 -9999.0 -9999.0 -9999.0 -9999.0 -9999.0 -9999.0 -9999.0 -9999.0 -9999.0 -9999.0 -9999.0 -9999.0 -9999.0 -9999.0