examples/3D/hillslope02_superslab/output-maps-SE27XX/psiliqL0054N0002.asc
ncols         104
nrows         10
xllcorner     -2.000000
yllcorner     0.000000
cellsize      1.000000
NODATA_value  -9999.0
-9999.0 -9999.0 -9999.0 -9999.0 -9999.0 -9999.0 -9999.0 -9999.0 -9999.0 -9999.0 -9999.0 -9999.0 -9999.0 -9999.0 -9999.0 -9999.0 -9999.0 -9999.0 -9999.0 -9999.0 -9999.0 -9999.0 -9999.0 -9999.0 -9999.0 -9999.0 -9999.0 -9999.0 -9999.0 -9999.0 -9999.0 -9999.0 -9999.0 -9999.0 -9999.0 -9999.0 -9999.0 -9999.0 -9999.0 -9999.0 -9999.0 -9999.0 -9999.0 -9999.0 -9999.0 -9999.0 -9999.0 -9999.0 -9999.0 -9999.0 -9999.0 -9999.0 -9999.0 -9999.0 -9999.0 -9999.0 -9999.0 -9999.0 -9999.0 -9999.0 -9999.0 -9999.0 -9999.0 -9999.0 -9999.0 -9999.0 -9999.0 -9999.0 -9999.0 -9999.0 -9999.0 -9999.0 -9999.0 -9999.0 -9999.0 -9999.0 -9999.0 -9999.0 -9999.0 -9999.0 -9999.0 -9999.0 -9999.0 -9999.0 -9999.0 -9999.0 -9999.0 -9999.0 -9999.0 -9999.0 -9999.0 -9999.0 -9999.0 -9999.0 -9999.0 -9999.0 -9999.0 -9999.0 -9999.0 -9999.0 -9999.0 -9999.0 -9999.0 -9999.0
-9999.0 -9999.0 -9999.0 -9999.0 -9999.0 -9999.0 -9999.0 -9999.0 -9999.0 -9999.0 -9999.0 -9999.0 -9999.0 -9999.0 -9999.0 -9999.0 -9999.0 -9999.0 -9999.0 -9999.0 -9999.0 -9999.0 -9999.0 -9999.0 -9999.0 -9999.0 -9999.0 -9999.0 -9999.0 -9999.0 -9999.0 -9999.0 -9999.0 -9999.0 -9999.0 -9999.0 -9999.0 -9999.0 -9999.0 -9999.0 -9999.0 -9999.0 -9999.0 -9999.0 -9999.0 -9999.0 -9999.0 -9999.0 -9999.0 -9999.0 -9999.0 -9999.0 -9999.0 -9999.0 -9999.0 -9999.0 -9999.0 -9999.0 -9999.0 -9999.0 -9999.0 -9999.0 -9999.0 -9999.0 -9999.0 -9999.0 -9999.0 -9999.0 -9999.0 -9999.0 -9999.0 -9999.0 -9999.0 -9999.0 -9999.0 -9999.0 -9999.0 -9999.0 -9999.0 -9999.0 -9999.0 -9999.0 -9999.0 -9999.0 -9999.0 -9999.0 -9999.0 -9999.0 -9999.0 -9999.0 -9999.0 -9999.0 -9999.0 -9999.0 -9999.0 -9999.0 -9999.0 -9999.0 -9999.0 -9999.0 -9999.0 -9999.0 -9999.0 -9999.0
-9999.0 -9999.0 -312.047596 -343.955483 -352.071242 -352.574530 -348.165454 -337.544652 -322.174473 -312.746649 -339.909273 -355.986223 -366.631892 -374.849986 -375.741835 -368.960448 -363.791228 -360.179128 -357.314722 -354.830557 -352.586954 -350.490788 -348.479232 -346.497156 -344.514467 -342.508499 -340.471616 -338.406797 -336.310138 -334.199362 -332.100494 -330.073964 -328.247104 -326.768773 -325.757785 -325.271615 -325.274887 -86.736032 126.308097 323.943743 497.541869 489.353954 310.999659 130.228205 -49.941012 -220.067453 -403.581428 -640.030416 -1211.288815 -2281.887712 -2301.959204 -2301.980263 -2301.980201 -2301.980198 -2301.980198 -2301.980198 -2301.980179 -2301.967833 -2295.191993 -1607.872215 -680.379344 -431.376224 -318.913658 -337.961459 -350.633512 -354.501262 -355.529552 -355.796063 -355.864990 -355.882834 -355.887458 -355.888658 -355.888970 -355.889053 -355.889076 -355.889084 -355.889088 -355.889091 -355.889093 -355.889096 -355.889098 -355.889101 -355.889103 -355.889106 -355.889108 -355.889111 -355.889114 -355.889118 -355.889125 -355.889143 -355.889203 -355.889421 -355.890226 -355.893221 -355.904338 -355.945239 -356.092952 -356.608499 -358.310237 -363.503235 -377.988339 -415.670885 -9999.0 -9999.0
-9999.0 -9999.0 -312.047596 -343.955484 -352.071243 -352.574530 -348.165455 -337.544653 -322.174473 -312.746649 -339.909273 -355.986222 -366.631891 -374.849986 -375.741835 -368.960448 -363.791228 -360.179128 -357.314722 -354.830557 -352.586954 -350.490788 -348.479232 -346.497156 -344.514467 -342.508499 -340.471616 -338.406797 -336.310138 -334.199362 -332.100494 -330.073964 -328.247104 -326.768773 -325.757785 -325.271615 -325.274887 -86.736032 126.308097 323.943743 497.541869 489.353954 310.999659 130.228205 -49.941012 -220.067453 -403.581428 -640.030416 -1211.288815 -2281.887712 -2301.959204 -2301.980263 -2301.980201 -2301.980198 -2301.980198 -2301.980198 -2301.980179 -2301.967833 -2295.191993 -1607.872214 -680.379344 -431.376223 -318.913658 -337.961460 -350.633513 -354.501264 -355.529553 -355.796065 -355.864993 -355.882837 -355.887460 -355.888660 -355.888973 -355.889055 -355.889079 -355.889086 -355.889090 -355.889093 -355.889095 -355.889098 -355.889100 -355.889103 -355.889105 -355.889108 -355.889111 -355.889113 -355.889117 -355.889120 -355.889127 -355.889145 -355.889206 -355.889423 -355.890228 -355.893223 -355.904340 -355.945241 -356.092954 -356.608502 -358.310241 -363.503241 -377.988344 -415.670887 -9999.0 -9999.0
-9999.0 -9999.0 -312.047597 -343.955485 -352.071244 -352.574532 -348.165456 -337.544653 -322.174473 -312.746648 -339.909272 -355.986222 -366.631891 -374.849986 -375.741835 -368.960448 -363.791228 -360.179128 -357.314722 -354.830557 -352.586954 -350.490788 -348.479232 -346.497156 -344.514467 -342.508499 -340.471616 -338.406797 -336.310138 -334.199362 -332.100494 -330.073964 -328.247104 -326.768773 -325.757785 -325.271615 -325.274887 -86.736032 126.308097 323.943743 497.541869 489.353954 310.999659 130.228205 -49.941012 -220.067453 -403.581428 -640.030416 -1211.288815 -2281.887712 -2301.959204 -2301.980263 -2301.980201 -2301.980198 -2301.980198 -2301.980198 -2301.980179 -2301.967833 -2295.191993 -1607.872214 -680.379344 -431.376223 -318.913658 -337.961460 -350.633514 -354.501265 -355.529556 -355.796067 -355.864995 -355.882839 -355.887463 -355.888663 -355.888975 -355.889058 -355.889081 -355.889089 -355.889093 -355.889096 -355.889098 -355.889101 -355.889103 -355.889106 -355.889108 -355.889111 -355.889113 -355.889116 -355.889119 -355.889123 -355.889130 -355.889148 -355.889208 -355.889426 -355.890231 -355.893226 -355.904343 -355.945243 -356.092957 -356.608505 -358.310245 -363.503246 -377.988350 -415.670890 -9999.0 -9999.0
-9999.0 -9999.0 -312.047597 -343.955485 -352.071244 -352.574532 -348.165456 -337.544653 -322.174473 -312.746648 -339.909272 -355.986222 -366.631891 -374.849986 -375.741835 -368.960448 -363.791228 -360.179128 -357.314722 -354.830557 -352.586954 -350.490788 -348.479232 -346.497156 -344.514467 -342.508499 -340.471616 -338.406797 -336.310138 -334.199362 -332.100494 -330.073964 -328.247104 -326.768773 -325.757785 -325.271615 -325.274887 -86.736032 126.308097 323.943743 497.541869 489.353954 310.999659 130.228205 -49.941012 -220.067453 -403.581428 -640.030416 -1211.288815 -2281.887712 -2301.959204 -2301.980263 -2301.980201 -2301.980198 -2301.980198 -2301.980198 -2301.980179 -2301.967833 -2295.191993 -1607.872214 -680.379344 -431.376223 -318.913658 -337.961460 -350.633514 -354.501265 -355.529556 -355.796067 -355.864995 -355.882839 -355.887463 -355.888663 -355.888975 -355.889058 -355.889081 -355.889089 -355.889093 -355.889096 -355.889098 -355.889101 -355.889103 -355.889106 -355.889108 -355.889111 -355.889113 -355.889116 -355.889119 -355.889123 -355.889130 -355.889148 -355.889208 -355.889426 -355.890231 -355.893226 -355.904343 -355.945243 -356.092957 -356.608505 -358.310245 -363.503246 -377.988350 -415.670890 -9999.0 -9999.0
-9999.0 -9999.0 -312.047596 -343.955484 -352.071243 -352.574530 -348.165455 -337.544653 -322.174473 -312.746649 -339.909273 -355.986222 -366.631891 -374.849986 -375.741835 -368.960448 -363.791228 -360.179128 -357.314722 -354.830557 -352.586954 -350.490788 -348.479232 -346.497156 -344.514467 -342.508499 -340.471616 -338.406797 -336.310138 -334.199362 -332.100494 -330.073964 -328.247104 -326.768773 -325.757785 -325.271615 -325.274887 -86.736032 126.308097 323.943743 497.541869 489.353954 310.999659 130.228205 -49.941012 -220.067453 -403.581428 -640.030416 -1211.288815 -2281.887712 -2301.959204 -2301.980263 -2301.980201 -2301.980198 -2301.980198 -2301.980198 -2301.980179 -2301.967833 -2295.191993 -1607.872214 -680.379344 -431.376223 -318.913658 -337.961460 -350.633513 -354.501264 -355.529553 -355.796065 -355.864993 -355.882837 -355.887460 -355.888660 -355.888973 -355.889055 -355.889079 -355.889086 -355.889090 -355.889093 -355.889095 -355.889098 -355.889100 -355.889103 -355.889105 -355.889108 -355.889111 -355.889113 -355.889117 -355.889120 -355.889127 -355.889145 -355.889206 -355.889423 -355.890228 -355.893223 -355.904340 -355.945241 -356.092954 -356.608502 -358.310241 -363.503241 -377.988344 -415.670887 -9999.0 -9999.0
-9999.0 -9999.0 -312.047596 -343.955483 -352.071242 -352.574530 -348.165454 -337.544652 -322.174473 -312.746649 -339.909273 -355.986223 -366.631892 -374.849986 -375.741835 -368.960448 -363.791228 -360.179128 -357.314722 -354.830557 -352.586954 -350.490788 -348.479232 -346.497156 -344.514467 -342.508499 -340.471616 -338.406797 -336.310138 -334.199362 -332.100494 -330.073964 -328.247104 -326.768773 -325.757785 -325.271615 -325.274887 -86.736032 126.308097 323.943743 497.541869 489.353954 310.999659 130.228205 -49.941012 -220.067453 -403.581428 -640.030416 -1211.288815 -2281.887712 -2301.959204 -2301.980263 -2301.980201 -2301.980198 -2301.980198 -2301.980198 -2301.980179 -2301.967833 -2295.191993 -1607.872215 -680.379344 -431.376224 -318.913658 -337.961459 -350.633512 -354.501262 -355.529552 -355.796063 -355.864990 -355.882834 -355.887458 -355.888658 -355.888970 -355.889053 -355.889076 -355.889084 -355.889088 -355.889091 -355.889093 -355.889096 -355.889098 -355.889101 -355.889103 -355.889106 -355.889108 -355.889111 -355.889114 -355.889118 -355.889125 -355.889143 -355.889203 -355.889421 -355.890226 -355.893221 -355.904338 -355.945239 -356.092952 -356.608499 -358.310237 -363.503235 -377.988339 -415.670885 -9999.0 -9999.0
-9999.0 -9999.0 -9999.0 -9999.0 -9999.0 -9999.0 -9999.0 -9999.0 -9999.0 -9999.0 -9999.0 -9999.0 -9999.0 -9999.0 -9999.0 -9999.0 -9999.0 -9999.0 -9999.0 -9999.0 -9999.0 -9999.0 -9999.0 -9999.0 -9999.0 -9999.0 -9999.0 -9999.0 -9999.0 -9999.0 -9999.0 -9999.0 -9999.0 -9999.0 -9999.0 -9999.0 -9999.0 -9999.0 -9999.0 -9999.0 -9999.0 -9999.0 -9999.0 -9999.0 -9999.0 -9999.0 -9999.0 -9999.0 -9999.0 -9999.0 -9999.0 -9999.0 -9999.0 -9999.0 -9999.0 -9999.0 -9999.0 -9999.0 -9999.0 -9999.0 -9999.0 -9999.0 -9999.0 -9999.0 -9999.0 -9999.0 -9999.0 -9999.0 -9999.0 -9999.0 -9999.0 -9999.0 -9999.0 -9999.0 -9999.0 -9999.0 -9999.0 -9999.0 -9999.0 -9999.0 -9999.0 -9999.0 -9999.0 -9999.0 -9999.0 -9999.0 -9999.0 -9999.0 -9999.0 -9999.0 -9999.0 -9999.0 -9999.0 -9999.0 -9999.0 -9999.0 -9999.0 -9999.0 -9999.0 -9999.0 -9999.0 -9999.0 -9999.0 -9999.0
-9999.0 -9999.0 -9999.0 -9999.0 -9999.0 -9999.0 -9999.0 -9999.0 -9999.0 -9999.0 -9999.0 -9999.0 -9999.0 -9999.0 -9999.0 -9999.0 -9999.0 -9999.0 -9999.0 -9999.0 -9999.0 -9999.0 -9999.0 -9999.0 -9999.0 -9999.0 -9999.0 -9999.0 -9999.0 -9999.0 -9999.0 -9999.0 -9999.0 -9999.0 -9999.0 -9999.0 -9999.0 -9999.0 -9999.0 -9999.0 -9999.0 -9999.0 -9999.0 -9999.0 -9999.0 -9999.0 -9999.0 -9999.0 -9999.0 -9999.0 -9999.0 -9999.0 -9999.0 -9999.0 -9999.0 -9999.0 -9999.0 -9999.0 -9999.0 -9999.0 -9999.0 -9999.0 -9999.0 -9999.0 -9999.0 -9999.0 -9999.0 -9999.0 -9999.0 -9999.0 -9999.0 -9999.0 -9999.0 -9999.0 -9999.0 -9999.0 -9999.0 -9999.0 -9999.0 -9999.0 -9999.0 -9999.0 -9999.0 -9999.0 -9999.0 -9999.0 -9999.0 -9999.0 -9999.0 -9999.0 -9999.0 -9999.0 -9999.0 -9999.0 -9999.0 -9999.0 -9999.0 -9999.0 -9999.0 -9999.0 -9999.0 -9999.0 -9999.0 -9999.0