examples/3D/hillslope02_superslab/output-maps-SE27XX/psiliqL0047N0003.asc
ncols         104
nrows         10
xllcorner     -2.000000
yllcorner     0.000000
cellsize      1.000000
NODATA_value  -9999.0
-9999.0 -9999.0 -9999.0 -9999.0 -9999.0 -9999.0 -9999.0 -9999.0 -9999.0 -9999.0 -9999.0 -9999.0 -9999.0 -9999.0 -9999.0 -9999.0 -9999.0 -9999.0 -9999.0 -9999.0 -9999.0 -9999.0 -9999.0 -9999.0 -9999.0 -9999.0 -9999.0 -9999.0 -9999.0 -9999.0 -9999.0 -9999.0 -9999.0 -9999.0 -9999.0 -9999.0 -9999.0 -9999.0 -9999.0 -9999.0 -9999.0 -9999.0 -9999.0 -9999.0 -9999.0 -9999.0 -9999.0 -9999.0 -9999.0 -9999.0 -9999.0 -9999.0 -9999.0 -9999.0 -9999.0 -9999.0 -9999.0 -9999.0 -9999.0 -9999.0 -9999.0 -9999.0 -9999.0 -9999.0 -9999.0 -9999.0 -9999.0 -9999.0 -9999.0 -9999.0 -9999.0 -9999.0 -9999.0 -9999.0 -9999.0 -9999.0 -9999.0 -9999.0 -9999.0 -9999.0 -9999.0 -9999.0 -9999.0 -9999.0 -9999.0 -9999.0 -9999.0 -9999.0 -9999.0 -9999.0 -9999.0 -9999.0 -9999.0 -9999.0 -9999.0 -9999.0 -9999.0 -9999.0 -9999.0 -9999.0 -9999.0 -9999.0 -9999.0 -9999.0
-9999.0 -9999.0 -9999.0 -9999.0 -9999.0 -9999.0 -9999.0 -9999.0 -9999.0 -9999.0 -9999.0 -9999.0 -9999.0 -9999.0 -9999.0 -9999.0 -9999.0 -9999.0 -9999.0 -9999.0 -9999.0 -9999.0 -9999.0 -9999.0 -9999.0 -9999.0 -9999.0 -9999.0 -9999.0 -9999.0 -9999.0 -9999.0 -9999.0 -9999.0 -9999.0 -9999.0 -9999.0 -9999.0 -9999.0 -9999.0 -9999.0 -9999.0 -9999.0 -9999.0 -9999.0 -9999.0 -9999.0 -9999.0 -9999.0 -9999.0 -9999.0 -9999.0 -9999.0 -9999.0 -9999.0 -9999.0 -9999.0 -9999.0 -9999.0 -9999.0 -9999.0 -9999.0 -9999.0 -9999.0 -9999.0 -9999.0 -9999.0 -9999.0 -9999.0 -9999.0 -9999.0 -9999.0 -9999.0 -9999.0 -9999.0 -9999.0 -9999.0 -9999.0 -9999.0 -9999.0 -9999.0 -9999.0 -9999.0 -9999.0 -9999.0 -9999.0 -9999.0 -9999.0 -9999.0 -9999.0 -9999.0 -9999.0 -9999.0 -9999.0 -9999.0 -9999.0 -9999.0 -9999.0 -9999.0 -9999.0 -9999.0 -9999.0 -9999.0 -9999.0
-9999.0 -9999.0 1166.215969 1067.805207 971.025577 875.948254 782.645033 691.180304 601.599610 513.970200 428.377006 344.873448 263.505343 184.378872 107.453451 32.811222 -39.659902 -110.104509 -178.641916 -244.692036 -303.728205 -351.155356 -385.159817 -407.232985 -420.569168 -428.221131 -432.443516 -434.707404 -435.921058 -436.631880 -437.168681 -437.739949 -438.505134 -416.637920 -377.835582 -346.409312 -322.187079 -315.258151 -379.990541 -434.889937 -480.834606 -526.908365 -609.030220 -682.312301 -763.294522 -862.447208 -1007.080674 -1263.353071 -1857.753893 -2619.980670 -2648.404621 -2648.514538 -2648.514851 -2648.514851 -2648.514851 -2648.514848 -2648.513331 -2647.921976 -2504.656099 -1296.611950 -804.102369 -653.908865 -570.722049 -557.364718 -556.553465 -556.678179 -556.741845 -556.761170 -556.766883 -556.769131 -556.770690 -556.772260 -556.773980 -556.775827 -556.777742 -556.779691 -556.781642 -556.783543 -556.785354 -556.787059 -556.788637 -556.790071 -556.791360 -556.792500 -556.793495 -556.794352 -556.795081 -556.795692 -556.796197 -556.796611 -556.796949 -556.797235 -556.797528 -556.798011 -556.799328 -556.803807 -556.819814 -556.877512 -557.088793 -557.897943 -561.230982 -576.281837 -9999.0 -9999.0
-9999.0 -9999.0 1166.215969 1067.805206 971.025577 875.948254 782.645033 691.180304 601.599610 513.970199 428.377006 344.873447 263.505343 184.378871 107.453451 32.811222 -39.659902 -110.104510 -178.641916 -244.692036 -303.728205 -351.155356 -385.159817 -407.232985 -420.569168 -428.221131 -432.443516 -434.707404 -435.921058 -436.631880 -437.168681 -437.739949 -438.505134 -416.637920 -377.835582 -346.409312 -322.187079 -315.258151 -379.990541 -434.889937 -480.834606 -526.908365 -609.030220 -682.312301 -763.294522 -862.447208 -1007.080674 -1263.353071 -1857.753893 -2619.980670 -2648.404621 -2648.514538 -2648.514851 -2648.514851 -2648.514851 -2648.514848 -2648.513331 -2647.921976 -2504.656098 -1296.611949 -804.102369 -653.908865 -570.722049 -557.364718 -556.553465 -556.678179 -556.741845 -556.761170 -556.766883 -556.769131 -556.770690 -556.772260 -556.773980 -556.775828 -556.777742 -556.779691 -556.781642 -556.783543 -556.785354 -556.787059 -556.788637 -556.790071 -556.791360 -556.792500 -556.793495 -556.794352 -556.795081 -556.795692 -556.796197 -556.796611 -556.796949 -556.797235 -556.797528 -556.798011 -556.799328 -556.803807 -556.819814 -556.877512 -557.088793 -557.897943 -561.230982 -576.281837 -9999.0 -9999.0
-9999.0 -9999.0 1166.215968 1067.805207 971.025577 875.948254 782.645033 691.180304 601.599610 513.970199 428.377006 344.873447 263.505343 184.378871 107.453451 32.811222 -39.659903 -110.104510 -178.641916 -244.692036 -303.728205 -351.155356 -385.159817 -407.232985 -420.569168 -428.221131 -432.443516 -434.707404 -435.921058 -436.631880 -437.168681 -437.739949 -438.505134 -416.637920 -377.835582 -346.409312 -322.187079 -315.258151 -379.990541 -434.889937 -480.834606 -526.908365 -609.030220 -682.312301 -763.294522 -862.447208 -1007.080674 -1263.353071 -1857.753893 -2619.980670 -2648.404621 -2648.514538 -2648.514851 -2648.514851 -2648.514851 -2648.514848 -2648.513331 -2647.921976 -2504.656098 -1296.611949 -804.102369 -653.908865 -570.722049 -557.364718 -556.553465 -556.678179 -556.741845 -556.761170 -556.766883 -556.769131 -556.770690 -556.772260 -556.773980 -556.775828 -556.777742 -556.779691 -556.781642 -556.783543 -556.785354 -556.787059 -556.788637 -556.790071 -556.791360 -556.792500 -556.793495 -556.794352 -556.795081 -556.795692 -556.796197 -556.796611 -556.796949 -556.797236 -556.797528 -556.798011 -556.799328 -556.803807 -556.819814 -556.877512 -557.088793 -557.897943 -561.230982 -576.281837 -9999.0 -9999.0
-9999.0 -9999.0 1166.215968 1067.805206 971.025577 875.948254 782.645033 691.180304 601.599610 513.970199 428.377006 344.873447 263.505343 184.378871 107.453451 32.811222 -39.659903 -110.104510 -178.641916 -244.692036 -303.728205 -351.155356 -385.159817 -407.232985 -420.569168 -428.221131 -432.443516 -434.707404 -435.921058 -436.631880 -437.168681 -437.739949 -438.505134 -416.637920 -377.835582 -346.409312 -322.187079 -315.258151 -379.990541 -434.889937 -480.834606 -526.908365 -609.030220 -682.312301 -763.294522 -862.447208 -1007.080674 -1263.353071 -1857.753893 -2619.980670 -2648.404621 -2648.514538 -2648.514851 -2648.514851 -2648.514851 -2648.514848 -2648.513331 -2647.921976 -2504.656098 -1296.611949 -804.102369 -653.908865 -570.722049 -557.364718 -556.553465 -556.678179 -556.741845 -556.761170 -556.766883 -556.769131 -556.770690 -556.772260 -556.773980 -556.775828 -556.777742 -556.779691 -556.781642 -556.783543 -556.785354 -556.787059 -556.788637 -556.790071 -556.791360 -556.792500 -556.793495 -556.794352 -556.795081 -556.795692 -556.796197 -556.796611 -556.796949 -556.797236 -556.797528 -556.798011 -556.799328 -556.803807 -556.819814 -556.877512 -557.088793 -557.897943 -561.230982 -576.281837 -9999.0 -9999.0
-9999.0 -9999.0 1166.215968 1067.805207 971.025577 875.948254 782.645033 691.180304 601.599610 513.970199 428.377006 344.873447 263.505343 184.378871 107.453451 32.811222 -39.659902 -110.104510 -178.641916 -244.692036 -303.728205 -351.155356 -385.159817 -407.232985 -420.569168 -428.221131 -432.443516 -434.707404 -435.921058 -436.631880 -437.168681 -437.739949 -438.505134 -416.637920 -377.835582 -346.409312 -322.187079 -315.258151 -379.990541 -434.889937 -480.834606 -526.908365 -609.030220 -682.312301 -763.294522 -862.447208 -1007.080674 -1263.353071 -1857.753893 -2619.980670 -2648.404621 -2648.514538 -2648.514851 -2648.514851 -2648.514851 -2648.514848 -2648.513331 -2647.921976 -2504.656098 -1296.611949 -804.102369 -653.908865 -570.722049 -557.364718 -556.553465 -556.678179 -556.741845 -556.761170 -556.766883 -556.769131 -556.770690 -556.772260 -556.773980 -556.775828 -556.777742 -556.779691 -556.781642 -556.783543 -556.785354 -556.787059 -556.788637 -556.790071 -556.791360 -556.792500 -556.793495 -556.794352 -556.795081 -556.795692 -556.796197 -556.796611 -556.796949 -556.797235 -556.797528 -556.798011 -556.799328 -556.803807 -556.819814 -556.877512 -557.088793 -557.897943 -561.230982 -576.281837 -9999.0 -9999.0
-9999.0 -9999.0 1166.215969 1067.805207 971.025577 875.948254 782.645033 691.180304 601.599610 513.970200 428.377006 344.873447 263.505344 184.378872 107.453451 32.811222 -39.659902 -110.104509 -178.641916 -244.692036 -303.728205 -351.155356 -385.159817 -407.232985 -420.569168 -428.221131 -432.443516 -434.707404 -435.921058 -436.631880 -437.168681 -437.739949 -438.505134 -416.637920 -377.835582 -346.409312 -322.187079 -315.258151 -379.990541 -434.889937 -480.834606 -526.908365 -609.030220 -682.312301 -763.294522 -862.447208 -1007.080674 -1263.353071 -1857.753893 -2619.980670 -2648.404621 -2648.514538 -2648.514851 -2648.514851 -2648.514851 -2648.514848 -2648.513331 -2647.921976 -2504.656099 -1296.611950 -804.102369 -653.908865 -570.722049 -557.364718 -556.553465 -556.678179 -556.741845 -556.761170 -556.766883 -556.769131 -556.770690 -556.772260 -556.773980 -556.775827 -556.777742 -556.779691 -556.781642 -556.783543 -556.785354 -556.787059 -556.788637 -556.790071 -556.791360 -556.792500 -556.793495 -556.794352 -556.795081 -556.795692 -556.796197 -556.796611 -556.796949 -556.797235 -556.797528 -556.798011 -556.799328 -556.803807 -556.819814 -556.877512 -557.088793 -557.897943 -561.230982 -576.281837 -9999.0 -9999.0
-9999.0 -9999.0 -9999.0 -9999.0 -9999.0 -9999.0 -9999.0 -9999.0 -9999.0 -9999.0 -9999.0 -9999.0 -9999.0 -9999.0 -9999.0 -9999.0 -9999.0 -9999.0 -9999.0 -9999.0 -9999.0 -9999.0 -9999.0 -9999.0 -9999.0 -9999.0 -9999.0 -9999.0 -9999.0 -9999.0 -9999.0 -9999.0 -9999.0 -9999.0 -9999.0 -9999.0 -9999.0 -9999.0 -9999.0 -9999.0 -9999.0 -9999.0 -9999.0 -9999.0 -9999.0 -9999.0 -9999.0 -9999.0 -9999.0 -9999.0 -9999.0 -9999.0 -9999.0 -9999.0 -9999.0 -9999.0 -9999.0 -9999.0 -9999.0 -9999.0 -9999.0 -9999.0 -9999.0 -9999.0 -9999.0 -9999.0 -9999.0 -9999.0 -9999.0 -9999.0 -9999.0 -9999.0 -9999.0 -9999.0 -9999.0 -9999.0 -9999.0 -9999.0 -9999.0 -9999.0 -9999.0 -9999.0 -9999.0 -9999.0 -9999.0 -9999.0 -9999.0 -9999.0 -9999.0 -9999.0 -9999.0 -9999.0 -9999.0 -9999.0 -9999.0 -9999.0 -9999.0 -9999.0 -9999.0 -9999.0 -9999.0 -9999.0 -9999.0 -9999.0
-9999.0 -9999.0 -9999.0 -9999.0 -9999.0 -9999.0 -9999.0 -9999.0 -9999.0 -9999.0 -9999.0 -9999.0 -9999.0 -9999.0 -9999.0 -9999.0 -9999.0 -9999.0 -9999.0 -9999.0 -9999.0 -9999.0 -9999.0 -9999.0 -9999.0 -9999.0 -9999.0 -9999.0 -9999.0 -9999.0 -9999.0 -9999.0 -9999.0 -9999.0 -9999.0 -9999.0 -9999.0 -9999.0 -9999.0 -9999.0 -9999.0 -9999.0 -9999.0 -9999.0 -9999.0 -9999.0 -9999.0 -9999.0 -9999.0 -9999.0 -9999.0 -9999.0 -9999.0 -9999.0 -9999.0 -9999.0 -9999.0 -9999.0 -9999.0 -9999.0 -9999.0 -9999.0 -9999.0 -9999.0 -9999.0 -9999.0 -9999.0 -9999.0 -9999.0 -9999.0 -9999.0 -9999.0 -9999.0 -9999.0 -9999.0 -9999.0 -9999.0 -9999.0 -9999.0 -9999.0 -9999.0 -9999.0 -9999.0 -9999.0 -9999.0 -9999.0 -9999.0 -9999.0 -9999.0 -9999.0 -9999.0 -9999.0 -9999.0 -9999.0 -9999.0 -9999.0 -9999.0 -9999.0 -9999.0 -9999.0 -9999.0 -9999.0 -9999.0 -9999.0