examples/3D/hillslope02_superslab/output-maps-SE27XX/psiliqL0028N0003.asc
ncols         104
nrows         10
xllcorner     -2.000000
yllcorner     0.000000
cellsize      1.000000
NODATA_value  -9999.0
-9999.0 -9999.0 -9999.0 -9999.0 -9999.0 -9999.0 -9999.0 -9999.0 -9999.0 -9999.0 -9999.0 -9999.0 -9999.0 -9999.0 -9999.0 -9999.0 -9999.0 -9999.0 -9999.0 -9999.0 -9999.0 -9999.0 -9999.0 -9999.0 -9999.0 -9999.0 -9999.0 -9999.0 -9999.0 -9999.0 -9999.0 -9999.0 -9999.0 -9999.0 -9999.0 -9999.0 -9999.0 -9999.0 -9999.0 -9999.0 -9999.0 -9999.0 -9999.0 -9999.0 -9999.0 -9999.0 -9999.0 -9999.0 -9999.0 -9999.0 -9999.0 -9999.0 -9999.0 -9999.0 -9999.0 -9999.0 -9999.0 -9999.0 -9999.0 -9999.0 -9999.0 -9999.0 -9999.0 -9999.0 -9999.0 -9999.0 -9999.0 -9999.0 -9999.0 -9999.0 -9999.0 -9999.0 -9999.0 -9999.0 -9999.0 -9999.0 -9999.0 -9999.0 -9999.0 -9999.0 -9999.0 -9999.0 -9999.0 -9999.0 -9999.0 -9999.0 -9999.0 -9999.0 -9999.0 -9999.0 -9999.0 -9999.0 -9999.0 -9999.0 -9999.0 -9999.0 -9999.0 -9999.0 -9999.0 -9999.0 -9999.0 -9999.0 -9999.0 -9999.0
-9999.0 -9999.0 -9999.0 -9999.0 -9999.0 -9999.0 -9999.0 -9999.0 -9999.0 -9999.0 -9999.0 -9999.0 -9999.0 -9999.0 -9999.0 -9999.0 -9999.0 -9999.0 -9999.0 -9999.0 -9999.0 -9999.0 -9999.0 -9999.0 -9999.0 -9999.0 -9999.0 -9999.0 -9999.0 -9999.0 -9999.0 -9999.0 -9999.0 -9999.0 -9999.0 -9999.0 -9999.0 -9999.0 -9999.0 -9999.0 -9999.0 -9999.0 -9999.0 -9999.0 -9999.0 -9999.0 -9999.0 -9999.0 -9999.0 -9999.0 -9999.0 -9999.0 -9999.0 -9999.0 -9999.0 -9999.0 -9999.0 -9999.0 -9999.0 -9999.0 -9999.0 -9999.0 -9999.0 -9999.0 -9999.0 -9999.0 -9999.0 -9999.0 -9999.0 -9999.0 -9999.0 -9999.0 -9999.0 -9999.0 -9999.0 -9999.0 -9999.0 -9999.0 -9999.0 -9999.0 -9999.0 -9999.0 -9999.0 -9999.0 -9999.0 -9999.0 -9999.0 -9999.0 -9999.0 -9999.0 -9999.0 -9999.0 -9999.0 -9999.0 -9999.0 -9999.0 -9999.0 -9999.0 -9999.0 -9999.0 -9999.0 -9999.0 -9999.0 -9999.0
-9999.0 -9999.0 220.803570 122.301712 25.366964 -69.936680 -164.551349 -260.273257 -358.412082 -455.561030 -537.973042 -585.884115 -604.916512 -604.079140 -589.648465 -571.966137 -555.590297 -541.812757 -530.777071 -522.134222 -515.395603 -510.122957 -505.995507 -502.799931 -495.653638 -484.539335 -472.279045 -460.600976 -471.514836 -490.085741 -513.855999 -539.000004 -562.774129 -583.407303 -599.983543 -612.375209 -621.046866 -626.747978 -630.278979 -632.641456 -637.221693 -668.101927 -931.309562 -1283.135841 -2471.221036 -3577.438011 -3589.089996 -3589.108885 -3589.108911 -3589.108911 -3589.108911 -3589.108911 -3589.108911 -3589.108911 -3589.108911 -3589.108911 -3589.108887 -3589.092814 -3580.693837 -2700.356813 -1303.929320 -909.131619 -654.441638 -638.612145 -638.158573 -638.326411 -638.388718 -638.406084 -638.410666 -638.411859 -638.412169 -638.412251 -638.412273 -638.412280 -638.412284 -638.412286 -638.412289 -638.412291 -638.412293 -638.412295 -638.412297 -638.412299 -638.412301 -638.412302 -638.412303 -638.412305 -638.412305 -638.412306 -638.412307 -638.412309 -638.412313 -638.412328 -638.412384 -638.412589 -638.413353 -638.416181 -638.426576 -638.464610 -638.605285 -639.154518 -641.571864 -654.110101 -9999.0 -9999.0
-9999.0 -9999.0 220.803570 122.301712 25.366964 -69.936680 -164.551349 -260.273258 -358.412082 -455.561031 -537.973043 -585.884116 -604.916512 -604.079140 -589.648465 -571.966137 -555.590297 -541.812757 -530.777071 -522.134222 -515.395603 -510.122957 -505.995507 -502.799931 -495.653638 -484.539335 -472.279045 -460.600976 -471.514836 -490.085741 -513.855999 -539.000004 -562.774129 -583.407303 -599.983543 -612.375209 -621.046866 -626.747978 -630.278979 -632.641456 -637.221693 -668.101927 -931.309562 -1283.135841 -2471.221036 -3577.438011 -3589.089996 -3589.108885 -3589.108911 -3589.108911 -3589.108911 -3589.108911 -3589.108911 -3589.108911 -3589.108911 -3589.108911 -3589.108887 -3589.092814 -3580.693837 -2700.356811 -1303.929320 -909.131619 -654.441638 -638.612145 -638.158573 -638.326411 -638.388718 -638.406084 -638.410666 -638.411859 -638.412169 -638.412251 -638.412273 -638.412280 -638.412284 -638.412286 -638.412289 -638.412291 -638.412293 -638.412295 -638.412297 -638.412299 -638.412301 -638.412302 -638.412303 -638.412305 -638.412306 -638.412306 -638.412307 -638.412309 -638.412313 -638.412328 -638.412384 -638.412589 -638.413353 -638.416181 -638.426576 -638.464610 -638.605285 -639.154518 -641.571864 -654.110101 -9999.0 -9999.0
-9999.0 -9999.0 220.803570 122.301712 25.366964 -69.936680 -164.551349 -260.273258 -358.412082 -455.561031 -537.973043 -585.884116 -604.916512 -604.079140 -589.648465 -571.966137 -555.590297 -541.812757 -530.777071 -522.134222 -515.395603 -510.122957 -505.995507 -502.799931 -495.653638 -484.539335 -472.279045 -460.600976 -471.514836 -490.085741 -513.855999 -539.000004 -562.774129 -583.407303 -599.983543 -612.375209 -621.046866 -626.747978 -630.278979 -632.641456 -637.221693 -668.101927 -931.309562 -1283.135841 -2471.221036 -3577.438011 -3589.089996 -3589.108885 -3589.108911 -3589.108911 -3589.108911 -3589.108911 -3589.108911 -3589.108911 -3589.108911 -3589.108911 -3589.108887 -3589.092814 -3580.693837 -2700.356811 -1303.929320 -909.131619 -654.441638 -638.612145 -638.158573 -638.326411 -638.388718 -638.406084 -638.410666 -638.411859 -638.412169 -638.412251 -638.412273 -638.412280 -638.412284 -638.412286 -638.412289 -638.412291 -638.412293 -638.412295 -638.412297 -638.412299 -638.412301 -638.412302 -638.412304 -638.412305 -638.412306 -638.412307 -638.412307 -638.412309 -638.412313 -638.412328 -638.412384 -638.412589 -638.413353 -638.416181 -638.426576 -638.464610 -638.605285 -639.154518 -641.571864 -654.110101 -9999.0 -9999.0
-9999.0 -9999.0 220.803570 122.301712 25.366964 -69.936680 -164.551349 -260.273258 -358.412082 -455.561031 -537.973043 -585.884116 -604.916512 -604.079140 -589.648465 -571.966137 -555.590297 -541.812757 -530.777071 -522.134222 -515.395603 -510.122957 -505.995507 -502.799931 -495.653638 -484.539335 -472.279045 -460.600976 -471.514836 -490.085741 -513.855999 -539.000004 -562.774129 -583.407303 -599.983543 -612.375209 -621.046866 -626.747978 -630.278979 -632.641456 -637.221693 -668.101927 -931.309562 -1283.135841 -2471.221036 -3577.438011 -3589.089996 -3589.108885 -3589.108911 -3589.108911 -3589.108911 -3589.108911 -3589.108911 -3589.108911 -3589.108911 -3589.108911 -3589.108887 -3589.092814 -3580.693837 -2700.356811 -1303.929320 -909.131619 -654.441638 -638.612145 -638.158573 -638.326411 -638.388718 -638.406084 -638.410666 -638.411859 -638.412169 -638.412251 -638.412273 -638.412280 -638.412284 -638.412286 -638.412289 -638.412291 -638.412293 -638.412295 -638.412297 -638.412299 -638.412301 -638.412302 -638.412304 -638.412305 -638.412306 -638.412307 -638.412307 -638.412309 -638.412313 -638.412328 -638.412384 -638.412589 -638.413353 -638.416181 -638.426576 -638.464610 -638.605285 -639.154518 -641.571864 -654.110101 -9999.0 -9999.0
-9999.0 -9999.0 220.803570 122.301712 25.366964 -69.936680 -164.551349 -260.273258 -358.412082 -455.561031 -537.973043 -585.884116 -604.916512 -604.079140 -589.648465 -571.966137 -555.590297 -541.812757 -530.777071 -522.134222 -515.395603 -510.122957 -505.995507 -502.799931 -495.653638 -484.539335 -472.279045 -460.600976 -471.514836 -490.085741 -513.855999 -539.000004 -562.774129 -583.407303 -599.983543 -612.375209 -621.046866 -626.747978 -630.278979 -632.641456 -637.221693 -668.101927 -931.309562 -1283.135841 -2471.221036 -3577.438011 -3589.089996 -3589.108885 -3589.108911 -3589.108911 -3589.108911 -3589.108911 -3589.108911 -3589.108911 -3589.108911 -3589.108911 -3589.108887 -3589.092814 -3580.693837 -2700.356811 -1303.929320 -909.131619 -654.441638 -638.612145 -638.158573 -638.326411 -638.388718 -638.406084 -638.410666 -638.411859 -638.412169 -638.412251 -638.412273 -638.412280 -638.412284 -638.412286 -638.412289 -638.412291 -638.412293 -638.412295 -638.412297 -638.412299 -638.412301 -638.412302 -638.412303 -638.412305 -638.412306 -638.412306 -638.412307 -638.412309 -638.412313 -638.412328 -638.412384 -638.412589 -638.413353 -638.416181 -638.426576 -638.464610 -638.605285 -639.154518 -641.571864 -654.110101 -9999.0 -9999.0
-9999.0 -9999.0 220.803570 122.301712 25.366964 -69.936680 -164.551349 -260.273257 -358.412082 -455.561030 -537.973042 -585.884115 -604.916512 -604.079140 -589.648465 -571.966137 -555.590297 -541.812757 -530.777071 -522.134222 -515.395603 -510.122957 -505.995507 -502.799931 -495.653638 -484.539335 -472.279045 -460.600976 -471.514836 -490.085741 -513.855999 -539.000004 -562.774129 -583.407303 -599.983543 -612.375209 -621.046866 -626.747978 -630.278979 -632.641456 -637.221693 -668.101927 -931.309562 -1283.135841 -2471.221036 -3577.438011 -3589.089996 -3589.108885 -3589.108911 -3589.108911 -3589.108911 -3589.108911 -3589.108911 -3589.108911 -3589.108911 -3589.108911 -3589.108887 -3589.092814 -3580.693837 -2700.356813 -1303.929320 -909.131619 -654.441638 -638.612145 -638.158573 -638.326411 -638.388718 -638.406084 -638.410666 -638.411859 -638.412169 -638.412251 -638.412273 -638.412280 -638.412284 -638.412286 -638.412289 -638.412291 -638.412293 -638.412295 -638.412297 -638.412299 -638.412301 -638.412302 -638.412303 -638.412305 -638.412305 -638.412306 -638.412307 -638.412309 -638.412313 -638.412328 -638.412384 -638.412589 -638.413353 -638.416181 -638.426576 -638.464610 -638.605285 -639.154518 -641.571864 -654.110101 -9999.0 -9999.0
-9999.0 -9999.0 -9999.0 -9999.0 -9999.0 -9999.0 -9999.0 -9999.0 -9999.0 -9999.0 -9999.0 -9999.0 -9999.0 -9999.0 -9999.0 -9999.0 -9999.0 -9999.0 -9999.0 -9999.0 -9999.0 -9999.0 -9999.0 -9999.0 -9999.0 -9999.0 -9999.0 -9999.0 -9999.0 -9999.0 -9999.0 -9999.0 -9999.0 -9999.0 -9999.0 -9999.0 -9999.0 -9999.0 -9999.0 -9999.0 -9999.0 -9999.0 -9999.0 -9999.0 -9999.0 -9999.0 -9999.0 -9999.0 -9999.0 -9999.0 -9999.0 -9999.0 -9999.0 -9999.0 -9999.0 -9999.0 -9999.0 -9999.0 -9999.0 -9999.0 -9999.0 -9999.0 -9999.0 -9999.0 -9999.0 -9999.0 -9999.0 -9999.0 -9999.0 -9999.0 -9999.0 -9999.0 -9999.0 -9999.0 -9999.0 -9999.0 -9999.0 -9999.0 -9999.0 -9999.0 -9999.0 -9999.0 -9999.0 -9999.0 -9999.0 -9999.0 -9999.0 -9999.0 -9999.0 -9999.0 -9999.0 -9999.0 -9999.0 -9999.0 -9999.0 -9999.0 -9999.0 -9999.0 -9999.0 -9999.0 -9999.0 -9999.0 -9999.0 -9999.0
-9999.0 -9999.0 -9999.0 -9999.0 -9999.0 -9999.0 -9999.0 -9999.0 -9999.0 -9999.0 -9999.0 -9999.0 -9999.0 -9999.0 -9999.0 -9999.0 -9999.0 -9999.0 -9999.0 -9999.0 -9999.0 -9999.0 -9999.0 -9999.0 -9999.0 -9999.0 -9999.0 -9999.0 -9999.0 -9999.0 -9999.0 -9999.0 -9999.0 -9999.0 -9999.0 -9999.0 -9999.0 -9999.0 -9999.0 -9999.0 -9999.0 -9999.0 -9999.0 -9999.0 -9999.0 -9999.0 -9999.0 -9999.0 -9999.0 -9999.0 -9999.0 -9999.0 -9999.0 -9999.0 -9999.0 -9999.0 -9999.0 -9999.0 -9999.0 -9999.0 -9999.0 -9999.0 -9999.0 -9999.0 -9999.0 -9999.0 -9999.0 -9999.0 -9999.0 -9999.0 -9999.0 -9999.0 -9999.0 -9999.0 -9999.0 -9999.0 -9999.0 -9999.0 -9999.0 -9999.0 -9999.0 -9999.0 -9999.0 -9999.0 -9999.0 -9999.0 -9999.0 -9999.0 -9999.0 -9999.0 -9999.0 -9999.0 -9999.0 -9999.0 -9999.0 -9999.0 -9999.0 -9999.0 -9999.0 -9999.0 -9999.0 -9999.0 -9999.0 -9999.0