examples/3D/hillslope02_superslab/output-maps-SE27XX/psiliqL0068N0003.asc
ncols         104
nrows         10
xllcorner     -2.000000
yllcorner     0.000000
cellsize      1.000000
NODATA_value  -9999.0
-9999.0 -9999.0 -9999.0 -9999.0 -9999.0 -9999.0 -9999.0 -9999.0 -9999.0 -9999.0 -9999.0 -9999.0 -9999.0 -9999.0 -9999.0 -9999.0 -9999.0 -9999.0 -9999.0 -9999.0 -9999.0 -9999.0 -9999.0 -9999.0 -9999.0 -9999.0 -9999.0 -9999.0 -9999.0 -9999.0 -9999.0 -9999.0 -9999.0 -9999.0 -9999.0 -9999.0 -9999.0 -9999.0 -9999.0 -9999.0 -9999.0 -9999.0 -9999.0 -9999.0 -9999.0 -9999.0 -9999.0 -9999.0 -9999.0 -9999.0 -9999.0 -9999.0 -9999.0 -9999.0 -9999.0 -9999.0 -9999.0 -9999.0 -9999.0 -9999.0 -9999.0 -9999.0 -9999.0 -9999.0 -9999.0 -9999.0 -9999.0 -9999.0 -9999.0 -9999.0 -9999.0 -9999.0 -9999.0 -9999.0 -9999.0 -9999.0 -9999.0 -9999.0 -9999.0 -9999.0 -9999.0 -9999.0 -9999.0 -9999.0 -9999.0 -9999.0 -9999.0 -9999.0 -9999.0 -9999.0 -9999.0 -9999.0 -9999.0 -9999.0 -9999.0 -9999.0 -9999.0 -9999.0 -9999.0 -9999.0 -9999.0 -9999.0 -9999.0 -9999.0
-9999.0 -9999.0 -9999.0 -9999.0 -9999.0 -9999.0 -9999.0 -9999.0 -9999.0 -9999.0 -9999.0 -9999.0 -9999.0 -9999.0 -9999.0 -9999.0 -9999.0 -9999.0 -9999.0 -9999.0 -9999.0 -9999.0 -9999.0 -9999.0 -9999.0 -9999.0 -9999.0 -9999.0 -9999.0 -9999.0 -9999.0 -9999.0 -9999.0 -9999.0 -9999.0 -9999.0 -9999.0 -9999.0 -9999.0 -9999.0 -9999.0 -9999.0 -9999.0 -9999.0 -9999.0 -9999.0 -9999.0 -9999.0 -9999.0 -9999.0 -9999.0 -9999.0 -9999.0 -9999.0 -9999.0 -9999.0 -9999.0 -9999.0 -9999.0 -9999.0 -9999.0 -9999.0 -9999.0 -9999.0 -9999.0 -9999.0 -9999.0 -9999.0 -9999.0 -9999.0 -9999.0 -9999.0 -9999.0 -9999.0 -9999.0 -9999.0 -9999.0 -9999.0 -9999.0 -9999.0 -9999.0 -9999.0 -9999.0 -9999.0 -9999.0 -9999.0 -9999.0 -9999.0 -9999.0 -9999.0 -9999.0 -9999.0 -9999.0 -9999.0 -9999.0 -9999.0 -9999.0 -9999.0 -9999.0 -9999.0 -9999.0 -9999.0 -9999.0 -9999.0
-9999.0 -9999.0 2209.503526 2111.149712 2014.470036 1919.512984 1826.335486 1734.995381 1645.548736 1558.057010 1472.584367 1389.186245 1307.912074 1228.808297 1151.884901 1077.144383 1004.536170 934.030761 865.566289 799.054618 734.486610 671.794245 610.892632 551.697434 494.190974 438.320753 384.016339 331.215810 279.859141 229.884242 181.236834 133.861865 87.700956 42.686256 -1.295424 -44.207792 -85.934687 -126.349669 -165.235867 -202.327644 -237.455116 -270.644673 -303.085966 -334.063076 -328.816371 -343.244780 -374.247019 -421.528326 -489.188699 -574.531903 -696.189904 -737.249314 -553.476718 -583.923801 -605.823865 -621.246148 -631.442349 -637.108849 -636.278761 -605.556560 -542.855147 -494.486256 -467.082848 -461.106998 -461.382022 -462.605394 -464.049861 -465.682145 -467.505550 -469.513304 -471.660656 -473.872246 -476.127297 -478.416431 -480.691487 -482.902184 -485.044050 -487.086135 -488.999280 -490.784407 -492.417070 -493.901177 -495.229294 -496.407481 -497.438002 -498.331322 -499.094694 -499.741047 -500.281078 -500.726935 -501.090934 -501.384142 -501.617338 -501.800786 -501.944363 -502.059677 -502.167207 -502.321012 -502.697941 -503.934453 -508.444812 -526.087483 -9999.0 -9999.0
-9999.0 -9999.0 2209.503526 2111.149711 2014.470036 1919.512983 1826.335485 1734.995381 1645.548736 1558.057009 1472.584366 1389.186245 1307.912074 1228.808296 1151.884900 1077.144383 1004.536169 934.030760 865.566289 799.054618 734.486610 671.794245 610.892632 551.697434 494.190974 438.320753 384.016338 331.215809 279.859141 229.884241 181.236834 133.861865 87.700956 42.686256 -1.295424 -44.207792 -85.934687 -126.349669 -165.235867 -202.327644 -237.455116 -270.644673 -303.085966 -334.063076 -328.816371 -343.244780 -374.247019 -421.528326 -489.188699 -574.531903 -696.189904 -737.249314 -553.476718 -583.923801 -605.823865 -621.246148 -631.442349 -637.108849 -636.278761 -605.556560 -542.855147 -494.486256 -467.082848 -461.106998 -461.382022 -462.605394 -464.049861 -465.682146 -467.505550 -469.513304 -471.660656 -473.872246 -476.127297 -478.416431 -480.691487 -482.902184 -485.044050 -487.086135 -488.999280 -490.784407 -492.417070 -493.901177 -495.229294 -496.407481 -497.438002 -498.331322 -499.094694 -499.741047 -500.281079 -500.726935 -501.090934 -501.384142 -501.617338 -501.800786 -501.944364 -502.059677 -502.167207 -502.321012 -502.697941 -503.934453 -508.444812 -526.087483 -9999.0 -9999.0
-9999.0 -9999.0 2209.503525 2111.149711 2014.470035 1919.512983 1826.335485 1734.995380 1645.548735 1558.057009 1472.584366 1389.186244 1307.912074 1228.808296 1151.884900 1077.144383 1004.536169 934.030760 865.566289 799.054618 734.486610 671.794245 610.892632 551.697434 494.190974 438.320753 384.016338 331.215809 279.859141 229.884241 181.236834 133.861865 87.700956 42.686256 -1.295424 -44.207792 -85.934688 -126.349669 -165.235867 -202.327644 -237.455116 -270.644673 -303.085966 -334.063076 -328.816371 -343.244780 -374.247019 -421.528326 -489.188699 -574.531903 -696.189904 -737.249314 -553.476718 -583.923801 -605.823865 -621.246148 -631.442349 -637.108849 -636.278761 -605.556560 -542.855147 -494.486256 -467.082848 -461.106998 -461.382022 -462.605395 -464.049861 -465.682146 -467.505550 -469.513304 -471.660656 -473.872246 -476.127297 -478.416431 -480.691487 -482.902185 -485.044050 -487.086135 -488.999280 -490.784407 -492.417070 -493.901177 -495.229294 -496.407481 -497.438002 -498.331322 -499.094694 -499.741047 -500.281079 -500.726935 -501.090934 -501.384142 -501.617338 -501.800786 -501.944364 -502.059677 -502.167207 -502.321012 -502.697941 -503.934453 -508.444812 -526.087483 -9999.0 -9999.0
-9999.0 -9999.0 2209.503525 2111.149711 2014.470035 1919.512983 1826.335485 1734.995380 1645.548735 1558.057009 1472.584366 1389.186244 1307.912074 1228.808296 1151.884900 1077.144383 1004.536169 934.030760 865.566289 799.054618 734.486610 671.794245 610.892632 551.697434 494.190974 438.320753 384.016338 331.215809 279.859141 229.884241 181.236834 133.861865 87.700956 42.686256 -1.295424 -44.207792 -85.934688 -126.349669 -165.235867 -202.327644 -237.455116 -270.644673 -303.085966 -334.063076 -328.816371 -343.244780 -374.247019 -421.528326 -489.188699 -574.531903 -696.189904 -737.249314 -553.476718 -583.923801 -605.823865 -621.246148 -631.442349 -637.108849 -636.278761 -605.556560 -542.855147 -494.486256 -467.082848 -461.106998 -461.382022 -462.605395 -464.049861 -465.682146 -467.505550 -469.513304 -471.660656 -473.872246 -476.127297 -478.416431 -480.691487 -482.902185 -485.044050 -487.086135 -488.999280 -490.784407 -492.417070 -493.901177 -495.229294 -496.407481 -497.438002 -498.331322 -499.094694 -499.741047 -500.281079 -500.726935 -501.090934 -501.384142 -501.617338 -501.800786 -501.944364 -502.059677 -502.167207 -502.321012 -502.697941 -503.934453 -508.444812 -526.087483 -9999.0 -9999.0
-9999.0 -9999.0 2209.503525 2111.149711 2014.470035 1919.512984 1826.335485 1734.995381 1645.548735 1558.057009 1472.584366 1389.186245 1307.912074 1228.808296 1151.884900 1077.144383 1004.536169 934.030760 865.566289 799.054618 734.486610 671.794245 610.892632 551.697434 494.190974 438.320753 384.016338 331.215809 279.859141 229.884241 181.236834 133.861865 87.700956 42.686256 -1.295424 -44.207792 -85.934687 -126.349669 -165.235867 -202.327644 -237.455116 -270.644673 -303.085966 -334.063076 -328.816371 -343.244780 -374.247019 -421.528326 -489.188699 -574.531903 -696.189904 -737.249314 -553.476718 -583.923801 -605.823865 -621.246148 -631.442349 -637.108849 -636.278761 -605.556560 -542.855147 -494.486256 -467.082848 -461.106998 -461.382022 -462.605394 -464.049861 -465.682146 -467.505550 -469.513304 -471.660656 -473.872246 -476.127297 -478.416431 -480.691487 -482.902184 -485.044050 -487.086135 -488.999280 -490.784407 -492.417070 -493.901177 -495.229294 -496.407481 -497.438002 -498.331322 -499.094694 -499.741047 -500.281079 -500.726935 -501.090934 -501.384142 -501.617338 -501.800786 -501.944364 -502.059677 -502.167207 -502.321012 -502.697941 -503.934453 -508.444812 -526.087483 -9999.0 -9999.0
-9999.0 -9999.0 2209.503526 2111.149712 2014.470036 1919.512984 1826.335486 1734.995381 1645.548736 1558.057010 1472.584367 1389.186245 1307.912074 1228.808297 1151.884901 1077.144383 1004.536170 934.030761 865.566289 799.054618 734.486610 671.794245 610.892632 551.697434 494.190974 438.320753 384.016339 331.215810 279.859141 229.884242 181.236834 133.861865 87.700956 42.686256 -1.295424 -44.207792 -85.934687 -126.349669 -165.235867 -202.327644 -237.455116 -270.644673 -303.085966 -334.063076 -328.816371 -343.244780 -374.247019 -421.528326 -489.188699 -574.531903 -696.189904 -737.249314 -553.476718 -583.923801 -605.823865 -621.246148 -631.442349 -637.108849 -636.278761 -605.556560 -542.855147 -494.486256 -467.082848 -461.106998 -461.382022 -462.605394 -464.049861 -465.682145 -467.505550 -469.513304 -471.660656 -473.872246 -476.127297 -478.416431 -480.691487 -482.902184 -485.044050 -487.086135 -488.999280 -490.784407 -492.417070 -493.901177 -495.229294 -496.407481 -497.438002 -498.331322 -499.094694 -499.741047 -500.281078 -500.726935 -501.090934 -501.384142 -501.617338 -501.800786 -501.944363 -502.059677 -502.167207 -502.321012 -502.697941 -503.934453 -508.444812 -526.087483 -9999.0 -9999.0
-9999.0 -9999.0 -9999.0 -9999.0 -9999.0 -9999.0 -9999.0 -9999.0 -9999.0 -9999.0 -9999.0 -9999.0 -9999.0 -9999.0 -9999.0 -9999.0 -9999.0 -9999.0 -9999.0 -9999.0 -9999.0 -9999.0 -9999.0 -9999.0 -9999.0 -9999.0 -9999.0 -9999.0 -9999.0 -9999.0 -9999.0 -9999.0 -9999.0 -9999.0 -9999.0 -9999.0 -9999.0 -9999.0 -9999.0 -9999.0 -9999.0 -9999.0 -9999.0 -9999.0 -9999.0 -9999.0 -9999.0 -9999.0 -9999.0 -9999.0 -9999.0 -9999.0 -9999.0 -9999.0 -9999.0 -9999.0 -9999.0 -9999.0 -9999.0 -9999.0 -9999.0 -9999.0 -9999.0 -9999.0 -9999.0 -9999.0 -9999.0 -9999.0 -9999.0 -9999.0 -9999.0 -9999.0 -9999.0 -9999.0 -9999.0 -9999.0 -9999.0 -9999.0 -9999.0 -9999.0 -9999.0 -9999.0 -9999.0 -9999.0 -9999.0 -9999.0 -9999.0 -9999.0 -9999.0 -9999.0 -9999.0 -9999.0 -9999.0 -9999.0 -9999.0 -9999.0 -9999.0 -9999.0 -9999.0 -9999.0 -9999.0 -9999.0 -9999.0 -9999.0
-9999.0 -9999.0 -9999.0 -9999.0 -9999.0 -9999.0 -9999.0 -9999.0 -9999.0 -9999.0 -9999.0 -9999.0 -9999.0 -9999.0 -9999.0 -9999.0 -9999.0 -9999.0 -9999.0 -9999.0 -9999.0 -9999.0 -9999.0 -9999.0 -9999.0 -9999.0 -9999.0 -9999.0 -9999.0 -9999.0 -9999.0 -9999.0 -9999.0 -9999.0 -9999.0 -9999.0 -9999.0 -9999.0 -9999.0 -9999.0 -9999.0 -9999.0 -9999.0 -9999.0 -9999.0 -9999.0 -9999.0 -9999.0 -9999.0 -9999.0 -9999.0 -9999.0 -9999.0 -9999.0 -9999.0 -9999.0 -9999.0 -9999.0 -9999.0 -9999.0 -9999.0 -9999.0 -9999.0 -9999.0 -9999.0 -9999.0 -9999.0 -9999.0 -9999.0 -9999.0 -9999.0 -9999.0 -9999.0 -9999.0 -9999.0 -9999.0 -9999.0 -9999.0 -9999.0 -9999.0 -9999.0 -9999.0 -9999.0 -9999.0 -9999.0 -9999.0 -9999.0 -9999.0 -9999.0 -9999.0 -9999.0 -9999.0 -9999.0 -9999.0 -9999.0 -9999.0 -9999.0 -9999.0 -9999.0 -9999.0 -9999.0 -9999.0 -9999.0 -9999.0