examples/3D/hillslope02_superslab/output-maps-SE27XX/psiliqL0079N0003.asc
ncols         104
nrows         10
xllcorner     -2.000000
yllcorner     0.000000
cellsize      1.000000
NODATA_value  -9999.0
-9999.0 -9999.0 -9999.0 -9999.0 -9999.0 -9999.0 -9999.0 -9999.0 -9999.0 -9999.0 -9999.0 -9999.0 -9999.0 -9999.0 -9999.0 -9999.0 -9999.0 -9999.0 -9999.0 -9999.0 -9999.0 -9999.0 -9999.0 -9999.0 -9999.0 -9999.0 -9999.0 -9999.0 -9999.0 -9999.0 -9999.0 -9999.0 -9999.0 -9999.0 -9999.0 -9999.0 -9999.0 -9999.0 -9999.0 -9999.0 -9999.0 -9999.0 -9999.0 -9999.0 -9999.0 -9999.0 -9999.0 -9999.0 -9999.0 -9999.0 -9999.0 -9999.0 -9999.0 -9999.0 -9999.0 -9999.0 -9999.0 -9999.0 -9999.0 -9999.0 -9999.0 -9999.0 -9999.0 -9999.0 -9999.0 -9999.0 -9999.0 -9999.0 -9999.0 -9999.0 -9999.0 -9999.0 -9999.0 -9999.0 -9999.0 -9999.0 -9999.0 -9999.0 -9999.0 -9999.0 -9999.0 -9999.0 -9999.0 -9999.0 -9999.0 -9999.0 -9999.0 -9999.0 -9999.0 -9999.0 -9999.0 -9999.0 -9999.0 -9999.0 -9999.0 -9999.0 -9999.0 -9999.0 -9999.0 -9999.0 -9999.0 -9999.0 -9999.0 -9999.0
-9999.0 -9999.0 -9999.0 -9999.0 -9999.0 -9999.0 -9999.0 -9999.0 -9999.0 -9999.0 -9999.0 -9999.0 -9999.0 -9999.0 -9999.0 -9999.0 -9999.0 -9999.0 -9999.0 -9999.0 -9999.0 -9999.0 -9999.0 -9999.0 -9999.0 -9999.0 -9999.0 -9999.0 -9999.0 -9999.0 -9999.0 -9999.0 -9999.0 -9999.0 -9999.0 -9999.0 -9999.0 -9999.0 -9999.0 -9999.0 -9999.0 -9999.0 -9999.0 -9999.0 -9999.0 -9999.0 -9999.0 -9999.0 -9999.0 -9999.0 -9999.0 -9999.0 -9999.0 -9999.0 -9999.0 -9999.0 -9999.0 -9999.0 -9999.0 -9999.0 -9999.0 -9999.0 -9999.0 -9999.0 -9999.0 -9999.0 -9999.0 -9999.0 -9999.0 -9999.0 -9999.0 -9999.0 -9999.0 -9999.0 -9999.0 -9999.0 -9999.0 -9999.0 -9999.0 -9999.0 -9999.0 -9999.0 -9999.0 -9999.0 -9999.0 -9999.0 -9999.0 -9999.0 -9999.0 -9999.0 -9999.0 -9999.0 -9999.0 -9999.0 -9999.0 -9999.0 -9999.0 -9999.0 -9999.0 -9999.0 -9999.0 -9999.0 -9999.0 -9999.0
-9999.0 -9999.0 2755.277923 2656.940959 2560.291254 2465.371574 2372.234460 2280.935817 2191.532375 2104.083809 2018.650270 1935.285877 1854.037755 1774.943675 1698.016704 1623.252846 1550.616886 1480.071777 1411.561296 1345.018251 1280.405471 1217.660835 1156.709717 1097.481502 1039.935977 984.020381 929.671082 876.826375 825.425831 775.409130 726.719694 679.300634 633.091921 588.026555 544.026784 501.069356 459.186652 418.348789 378.510378 339.597282 301.575069 264.704904 229.046009 194.700118 162.104768 131.439041 102.408378 75.669376 51.502372 29.642523 -6.400388 -7.614413 51.519139 26.360234 9.697589 -3.709241 -14.359108 -22.802973 -29.403953 -34.466190 -38.469314 -42.124654 -46.112568 -50.924183 -56.463523 -62.827525 -70.093693 -78.352102 -87.712893 -98.380101 -109.786796 -122.120496 -135.587570 -150.312310 -165.657515 -181.999378 -199.432836 -217.323193 -236.116637 -255.283269 -274.852140 -294.586446 -314.204500 -333.497718 -352.193362 -369.953062 -386.695405 -401.980545 -415.830023 -428.105011 -438.717345 -447.772119 -455.345902 -461.540166 -466.512622 -470.444518 -473.516206 -475.939173 -478.059158 -480.727817 -486.667046 -505.994133 -9999.0 -9999.0
-9999.0 -9999.0 2755.277922 2656.940958 2560.291253 2465.371573 2372.234459 2280.935816 2191.532375 2104.083808 2018.650270 1935.285877 1854.037754 1774.943674 1698.016703 1623.252845 1550.616886 1480.071776 1411.561296 1345.018251 1280.405471 1217.660835 1156.709717 1097.481502 1039.935977 984.020381 929.671082 876.826374 825.425830 775.409130 726.719693 679.300634 633.091921 588.026554 544.026784 501.069356 459.186652 418.348788 378.510378 339.597282 301.575069 264.704903 229.046009 194.700118 162.104768 131.439041 102.408378 75.669376 51.502371 29.642523 -6.400388 -7.614413 51.519139 26.360234 9.697589 -3.709241 -14.359108 -22.802973 -29.403953 -34.466190 -38.469314 -42.124654 -46.112568 -50.924183 -56.463523 -62.827525 -70.093693 -78.352102 -87.712893 -98.380101 -109.786796 -122.120496 -135.587570 -150.312310 -165.657515 -181.999378 -199.432836 -217.323193 -236.116637 -255.283269 -274.852140 -294.586446 -314.204500 -333.497718 -352.193362 -369.953062 -386.695405 -401.980545 -415.830024 -428.105011 -438.717345 -447.772119 -455.345902 -461.540166 -466.512622 -470.444518 -473.516206 -475.939173 -478.059158 -480.727817 -486.667046 -505.994133 -9999.0 -9999.0
-9999.0 -9999.0 2755.277922 2656.940958 2560.291253 2465.371573 2372.234459 2280.935816 2191.532374 2104.083808 2018.650269 1935.285876 1854.037754 1774.943674 1698.016703 1623.252845 1550.616886 1480.071776 1411.561296 1345.018251 1280.405471 1217.660835 1156.709717 1097.481502 1039.935977 984.020381 929.671082 876.826374 825.425830 775.409130 726.719693 679.300634 633.091921 588.026554 544.026784 501.069356 459.186652 418.348788 378.510378 339.597282 301.575069 264.704903 229.046009 194.700118 162.104768 131.439041 102.408378 75.669375 51.502371 29.642523 -6.400388 -7.614413 51.519139 26.360234 9.697589 -3.709242 -14.359108 -22.802973 -29.403953 -34.466190 -38.469314 -42.124654 -46.112568 -50.924183 -56.463523 -62.827525 -70.093693 -78.352102 -87.712893 -98.380101 -109.786796 -122.120496 -135.587570 -150.312310 -165.657515 -181.999378 -199.432836 -217.323194 -236.116637 -255.283269 -274.852140 -294.586446 -314.204500 -333.497718 -352.193362 -369.953062 -386.695405 -401.980545 -415.830024 -428.105011 -438.717345 -447.772119 -455.345903 -461.540166 -466.512622 -470.444518 -473.516206 -475.939173 -478.059158 -480.727817 -486.667047 -505.994133 -9999.0 -9999.0
-9999.0 -9999.0 2755.277922 2656.940958 2560.291253 2465.371572 2372.234459 2280.935816 2191.532374 2104.083807 2018.650269 1935.285876 1854.037754 1774.943674 1698.016703 1623.252845 1550.616886 1480.071776 1411.561296 1345.018251 1280.405471 1217.660835 1156.709717 1097.481502 1039.935977 984.020381 929.671082 876.826374 825.425830 775.409130 726.719693 679.300634 633.091921 588.026554 544.026784 501.069356 459.186652 418.348788 378.510378 339.597282 301.575069 264.704903 229.046009 194.700118 162.104768 131.439041 102.408378 75.669375 51.502371 29.642523 -6.400388 -7.614413 51.519139 26.360234 9.697589 -3.709242 -14.359108 -22.802973 -29.403953 -34.466190 -38.469314 -42.124654 -46.112568 -50.924183 -56.463523 -62.827525 -70.093693 -78.352102 -87.712893 -98.380101 -109.786796 -122.120496 -135.587570 -150.312310 -165.657515 -181.999378 -199.432836 -217.323194 -236.116637 -255.283269 -274.852140 -294.586446 -314.204500 -333.497718 -352.193362 -369.953062 -386.695405 -401.980545 -415.830024 -428.105011 -438.717345 -447.772119 -455.345903 -461.540166 -466.512622 -470.444518 -473.516206 -475.939173 -478.059158 -480.727817 -486.667047 -505.994133 -9999.0 -9999.0
-9999.0 -9999.0 2755.277922 2656.940959 2560.291253 2465.371573 2372.234459 2280.935817 2191.532374 2104.083808 2018.650269 1935.285877 1854.037754 1774.943674 1698.016703 1623.252846 1550.616886 1480.071777 1411.561296 1345.018251 1280.405471 1217.660835 1156.709717 1097.481502 1039.935977 984.020381 929.671082 876.826374 825.425830 775.409130 726.719693 679.300634 633.091921 588.026554 544.026784 501.069356 459.186652 418.348788 378.510378 339.597282 301.575069 264.704903 229.046009 194.700118 162.104768 131.439041 102.408378 75.669376 51.502371 29.642523 -6.400388 -7.614413 51.519139 26.360234 9.697589 -3.709241 -14.359108 -22.802973 -29.403953 -34.466190 -38.469314 -42.124654 -46.112568 -50.924183 -56.463523 -62.827525 -70.093693 -78.352102 -87.712893 -98.380101 -109.786796 -122.120496 -135.587570 -150.312310 -165.657515 -181.999378 -199.432836 -217.323193 -236.116637 -255.283269 -274.852140 -294.586446 -314.204500 -333.497718 -352.193362 -369.953062 -386.695405 -401.980545 -415.830024 -428.105011 -438.717345 -447.772119 -455.345902 -461.540166 -466.512622 -470.444518 -473.516206 -475.939173 -478.059158 -480.727817 -486.667046 -505.994133 -9999.0 -9999.0
-9999.0 -9999.0 2755.277923 2656.940959 2560.291254 2465.371573 2372.234460 2280.935817 2191.532375 2104.083809 2018.650270 1935.285877 1854.037755 1774.943675 1698.016704 1623.252846 1550.616886 1480.071777 1411.561296 1345.018251 1280.405471 1217.660835 1156.709717 1097.481502 1039.935977 984.020381 929.671082 876.826375 825.425831 775.409130 726.719694 679.300634 633.091921 588.026555 544.026784 501.069356 459.186652 418.348789 378.510378 339.597282 301.575069 264.704904 229.046009 194.700118 162.104768 131.439041 102.408378 75.669376 51.502372 29.642523 -6.400388 -7.614413 51.519139 26.360234 9.697589 -3.709241 -14.359108 -22.802973 -29.403953 -34.466190 -38.469314 -42.124654 -46.112568 -50.924183 -56.463523 -62.827525 -70.093693 -78.352102 -87.712893 -98.380101 -109.786796 -122.120496 -135.587570 -150.312310 -165.657515 -181.999378 -199.432836 -217.323193 -236.116637 -255.283269 -274.852140 -294.586446 -314.204500 -333.497718 -352.193362 -369.953062 -386.695405 -401.980545 -415.830023 -428.105011 -438.717345 -447.772119 -455.345902 -461.540166 -466.512622 -470.444518 -473.516206 -475.939173 -478.059158 -480.727817 -486.667046 -505.994133 -9999.0 -9999.0
-9999.0 -9999.0 -9999.0 -9999.0 -9999.0 -9999.0 -9999.0 -9999.0 -9999.0 -9999.0 -9999.0 -9999.0 -9999.0 -9999.0 -9999.0 -9999.0 -9999.0 -9999.0 -9999.0 -9999.0 -9999.0 -9999.0 -9999.0 -9999.0 -9999.0 -9999.0 -9999.0 -9999.0 -9999.0 -9999.0 -9999.0 -9999.0 -9999.0 -9999.0 -9999.0 -9999.0 -9999.0 -9999.0 -9999.0 -9999.0 -9999.0 -9999.0 -9999.0 -9999.0 -9999.0 -9999.0 -9999.0 -9999.0 -9999.0 -9999.0 -9999.0 -9999.0 -9999.0 -9999.0 -9999.0 -9999.0 -9999.0 -9999.0 -9999.0 -9999.0 -9999.0 -9999.0 -9999.0 -9999.0 -9999.0 -9999.0 -9999.0 -9999.0 -9999.0 -9999.0 -9999.0 -9999.0 -9999.0 -9999.0 -9999.0 -9999.0 -9999.0 -9999.0 -9999.0 -9999.0 -9999.0 -9999.0 -9999.0 -9999.0 -9999.0 -9999.0 -9999.0 -9999.0 -9999.0 -9999.0 -9999.0 -9999.0 -9999.0 -9999.0 -9999.0 -9999.0 -9999.0 -9999.0 -9999.0 -9999.0 -9999.0 -9999.0 -9999.0 -9999.0
-9999.0 -9999.0 -9999.0 -9999.0 -9999.0 -9999.0 -9999.0 -9999.0 -9999.0 -9999.0 -9999.0 -9999.0 -9999.0 -9999.0 -9999.0 -9999.0 -9999.0 -9999.0 -9999.0 -9999.0 -9999.0 -9999.0 -9999.0 -9999.0 -9999.0 -9999.0 -9999.0 -9999.0 -9999.0 -9999.0 -9999.0 -9999.0 -9999.0 -9999.0 -9999.0 -9999.0 -9999.0 -9999.0 -9999.0 -9999.0 -9999.0 -9999.0 -9999.0 -9999.0 -9999.0 -9999.0 -9999.0 -9999.0 -9999.0 -9999.0 -9999.0 -9999.0 -9999.0 -9999.0 -9999.0 -9999.0 -9999.0 -9999.0 -9999.0 -9999.0 -9999.0 -9999.0 -9999.0 -9999.0 -9999.0 -9999.0 -9999.0 -9999.0 -9999.0 -9999.0 -9999.0 -9999.0 -9999.0 -9999.0 -9999.0 -9999.0 -9999.0 -9999.0 -9999.0 -9999.0 -9999.0 -9999.0 -9999.0 -9999.0 -9999.0 -9999.0 -9999.0 -9999.0 -9999.0 -9999.0 -9999.0 -9999.0 -9999.0 -9999.0 -9999.0 -9999.0 -9999.0 -9999.0 -9999.0 -9999.0 -9999.0 -9999.0 -9999.0 -9999.0