examples/3D/hillslope02_superslab/output-maps-SE27XX/psiliqL0087N0002.asc
ncols         104
nrows         10
xllcorner     -2.000000
yllcorner     0.000000
cellsize      1.000000
NODATA_value  -9999.0
-9999.0 -9999.0 -9999.0 -9999.0 -9999.0 -9999.0 -9999.0 -9999.0 -9999.0 -9999.0 -9999.0 -9999.0 -9999.0 -9999.0 -9999.0 -9999.0 -9999.0 -9999.0 -9999.0 -9999.0 -9999.0 -9999.0 -9999.0 -9999.0 -9999.0 -9999.0 -9999.0 -9999.0 -9999.0 -9999.0 -9999.0 -9999.0 -9999.0 -9999.0 -9999.0 -9999.0 -9999.0 -9999.0 -9999.0 -9999.0 -9999.0 -9999.0 -9999.0 -9999.0 -9999.0 -9999.0 -9999.0 -9999.0 -9999.0 -9999.0 -9999.0 -9999.0 -9999.0 -9999.0 -9999.0 -9999.0 -9999.0 -9999.0 -9999.0 -9999.0 -9999.0 -9999.0 -9999.0 -9999.0 -9999.0 -9999.0 -9999.0 -9999.0 -9999.0 -9999.0 -9999.0 -9999.0 -9999.0 -9999.0 -9999.0 -9999.0 -9999.0 -9999.0 -9999.0 -9999.0 -9999.0 -9999.0 -9999.0 -9999.0 -9999.0 -9999.0 -9999.0 -9999.0 -9999.0 -9999.0 -9999.0 -9999.0 -9999.0 -9999.0 -9999.0 -9999.0 -9999.0 -9999.0 -9999.0 -9999.0 -9999.0 -9999.0 -9999.0 -9999.0
-9999.0 -9999.0 -9999.0 -9999.0 -9999.0 -9999.0 -9999.0 -9999.0 -9999.0 -9999.0 -9999.0 -9999.0 -9999.0 -9999.0 -9999.0 -9999.0 -9999.0 -9999.0 -9999.0 -9999.0 -9999.0 -9999.0 -9999.0 -9999.0 -9999.0 -9999.0 -9999.0 -9999.0 -9999.0 -9999.0 -9999.0 -9999.0 -9999.0 -9999.0 -9999.0 -9999.0 -9999.0 -9999.0 -9999.0 -9999.0 -9999.0 -9999.0 -9999.0 -9999.0 -9999.0 -9999.0 -9999.0 -9999.0 -9999.0 -9999.0 -9999.0 -9999.0 -9999.0 -9999.0 -9999.0 -9999.0 -9999.0 -9999.0 -9999.0 -9999.0 -9999.0 -9999.0 -9999.0 -9999.0 -9999.0 -9999.0 -9999.0 -9999.0 -9999.0 -9999.0 -9999.0 -9999.0 -9999.0 -9999.0 -9999.0 -9999.0 -9999.0 -9999.0 -9999.0 -9999.0 -9999.0 -9999.0 -9999.0 -9999.0 -9999.0 -9999.0 -9999.0 -9999.0 -9999.0 -9999.0 -9999.0 -9999.0 -9999.0 -9999.0 -9999.0 -9999.0 -9999.0 -9999.0 -9999.0 -9999.0 -9999.0 -9999.0 -9999.0 -9999.0
-9999.0 -9999.0 961.158847 860.170137 759.612578 660.232750 562.461171 466.461137 372.000516 278.334325 185.379105 97.383961 18.429477 -46.564779 -91.890687 -108.916606 -103.083388 -83.416090 -55.599063 -24.200412 7.661404 39.038825 68.091853 94.386226 117.367018 136.962610 152.403994 164.240229 172.243633 176.290576 176.314117 172.248598 163.980430 151.265589 134.559065 113.418719 87.983018 58.021007 23.935838 -14.383173 -56.708549 -102.459386 -150.400501 -198.343497 -243.454779 -283.191526 -316.580510 -346.447198 -403.536132 -567.822865 -583.072594 -576.483589 -556.339341 -531.535722 -501.746261 -468.314616 -431.685228 -393.192676 -353.675750 -312.819502 -269.320391 -224.612730 -189.287141 -173.935928 -164.484754 -158.104864 -154.244586 -152.410079 -152.154722 -153.113712 -155.003336 -157.611353 -160.784186 -164.418577 -168.451614 -172.852701 -177.616553 -182.754015 -188.274942 -194.051369 -200.190068 -206.759385 -213.832095 -221.472219 -229.657891 -238.186506 -247.216513 -256.819680 -266.749283 -276.847790 -287.196545 -297.321829 -307.231536 -316.508168 -325.126752 -332.784731 -339.500391 -345.656369 -352.629599 -365.619738 -425.126681 -798.161613 -9999.0 -9999.0
-9999.0 -9999.0 961.158845 860.170134 759.612577 660.232747 562.461169 466.461136 372.000516 278.334325 185.379104 97.383960 18.429477 -46.564779 -91.890687 -108.916606 -103.083388 -83.416090 -55.599063 -24.200412 7.661404 39.038825 68.091853 94.386226 117.367018 136.962610 152.403994 164.240229 172.243633 176.290576 176.314117 172.248598 163.980430 151.265589 134.559065 113.418719 87.983018 58.021007 23.935838 -14.383173 -56.708549 -102.459386 -150.400501 -198.343497 -243.454779 -283.191526 -316.580510 -346.447198 -403.536132 -567.822865 -583.072594 -576.483589 -556.339341 -531.535722 -501.746261 -468.314616 -431.685228 -393.192676 -353.675750 -312.819502 -269.320391 -224.612730 -189.287141 -173.935928 -164.484754 -158.104864 -154.244586 -152.410080 -152.154722 -153.113712 -155.003336 -157.611353 -160.784186 -164.418577 -168.451615 -172.852701 -177.616553 -182.754015 -188.274942 -194.051369 -200.190068 -206.759386 -213.832095 -221.472220 -229.657891 -238.186506 -247.216513 -256.819681 -266.749283 -276.847790 -287.196545 -297.321830 -307.231537 -316.508169 -325.126752 -332.784732 -339.500392 -345.656370 -352.629600 -365.619739 -425.126683 -798.161616 -9999.0 -9999.0
-9999.0 -9999.0 961.158844 860.170133 759.612575 660.232746 562.461168 466.461135 372.000515 278.334324 185.379104 97.383960 18.429477 -46.564779 -91.890687 -108.916606 -103.083388 -83.416090 -55.599064 -24.200413 7.661404 39.038825 68.091853 94.386226 117.367018 136.962610 152.403994 164.240229 172.243633 176.290576 176.314117 172.248598 163.980430 151.265589 134.559065 113.418719 87.983018 58.021007 23.935838 -14.383173 -56.708549 -102.459386 -150.400501 -198.343497 -243.454779 -283.191526 -316.580510 -346.447198 -403.536132 -567.822865 -583.072594 -576.483589 -556.339341 -531.535722 -501.746261 -468.314616 -431.685228 -393.192676 -353.675750 -312.819502 -269.320391 -224.612730 -189.287141 -173.935928 -164.484754 -158.104864 -154.244586 -152.410080 -152.154722 -153.113712 -155.003336 -157.611353 -160.784186 -164.418577 -168.451615 -172.852701 -177.616553 -182.754015 -188.274942 -194.051369 -200.190068 -206.759386 -213.832095 -221.472220 -229.657891 -238.186506 -247.216513 -256.819681 -266.749283 -276.847790 -287.196545 -297.321830 -307.231537 -316.508169 -325.126752 -332.784732 -339.500392 -345.656370 -352.629600 -365.619739 -425.126683 -798.161617 -9999.0 -9999.0
-9999.0 -9999.0 961.158844 860.170133 759.612575 660.232746 562.461168 466.461135 372.000515 278.334324 185.379104 97.383960 18.429477 -46.564779 -91.890687 -108.916606 -103.083388 -83.416090 -55.599064 -24.200413 7.661404 39.038825 68.091853 94.386226 117.367018 136.962610 152.403994 164.240229 172.243633 176.290576 176.314117 172.248598 163.980430 151.265589 134.559065 113.418719 87.983018 58.021007 23.935838 -14.383173 -56.708549 -102.459386 -150.400501 -198.343497 -243.454779 -283.191526 -316.580510 -346.447198 -403.536132 -567.822865 -583.072594 -576.483589 -556.339341 -531.535722 -501.746261 -468.314616 -431.685228 -393.192676 -353.675750 -312.819502 -269.320391 -224.612730 -189.287141 -173.935928 -164.484754 -158.104864 -154.244586 -152.410080 -152.154722 -153.113712 -155.003336 -157.611353 -160.784186 -164.418577 -168.451615 -172.852701 -177.616553 -182.754015 -188.274942 -194.051369 -200.190068 -206.759386 -213.832095 -221.472220 -229.657891 -238.186506 -247.216513 -256.819681 -266.749283 -276.847790 -287.196545 -297.321830 -307.231537 -316.508169 -325.126752 -332.784732 -339.500392 -345.656370 -352.629600 -365.619739 -425.126683 -798.161617 -9999.0 -9999.0
-9999.0 -9999.0 961.158845 860.170134 759.612577 660.232747 562.461169 466.461136 372.000516 278.334325 185.379104 97.383960 18.429477 -46.564779 -91.890687 -108.916606 -103.083388 -83.416090 -55.599063 -24.200412 7.661404 39.038825 68.091853 94.386226 117.367018 136.962610 152.403994 164.240229 172.243633 176.290576 176.314117 172.248598 163.980430 151.265589 134.559065 113.418719 87.983018 58.021007 23.935838 -14.383173 -56.708549 -102.459386 -150.400501 -198.343497 -243.454779 -283.191526 -316.580510 -346.447198 -403.536132 -567.822865 -583.072594 -576.483589 -556.339341 -531.535722 -501.746261 -468.314616 -431.685228 -393.192676 -353.675750 -312.819502 -269.320391 -224.612730 -189.287141 -173.935928 -164.484754 -158.104864 -154.244586 -152.410080 -152.154722 -153.113712 -155.003336 -157.611353 -160.784186 -164.418577 -168.451615 -172.852701 -177.616553 -182.754015 -188.274942 -194.051369 -200.190068 -206.759386 -213.832095 -221.472220 -229.657891 -238.186506 -247.216513 -256.819681 -266.749283 -276.847790 -287.196545 -297.321830 -307.231537 -316.508169 -325.126752 -332.784732 -339.500392 -345.656370 -352.629600 -365.619739 -425.126683 -798.161616 -9999.0 -9999.0
-9999.0 -9999.0 961.158847 860.170137 759.612579 660.232750 562.461171 466.461137 372.000516 278.334325 185.379105 97.383961 18.429477 -46.564779 -91.890687 -108.916606 -103.083388 -83.416090 -55.599063 -24.200412 7.661404 39.038825 68.091853 94.386226 117.367018 136.962610 152.403994 164.240229 172.243633 176.290576 176.314117 172.248598 163.980430 151.265589 134.559065 113.418719 87.983018 58.021007 23.935838 -14.383173 -56.708549 -102.459386 -150.400501 -198.343497 -243.454779 -283.191526 -316.580510 -346.447198 -403.536132 -567.822865 -583.072594 -576.483589 -556.339341 -531.535722 -501.746261 -468.314616 -431.685228 -393.192676 -353.675750 -312.819502 -269.320391 -224.612730 -189.287141 -173.935928 -164.484754 -158.104864 -154.244586 -152.410079 -152.154722 -153.113712 -155.003336 -157.611353 -160.784186 -164.418577 -168.451614 -172.852701 -177.616553 -182.754015 -188.274942 -194.051369 -200.190068 -206.759385 -213.832095 -221.472219 -229.657891 -238.186506 -247.216513 -256.819680 -266.749283 -276.847790 -287.196545 -297.321829 -307.231536 -316.508168 -325.126752 -332.784731 -339.500391 -345.656369 -352.629599 -365.619738 -425.126681 -798.161613 -9999.0 -9999.0
-9999.0 -9999.0 -9999.0 -9999.0 -9999.0 -9999.0 -9999.0 -9999.0 -9999.0 -9999.0 -9999.0 -9999.0 -9999.0 -9999.0 -9999.0 -9999.0 -9999.0 -9999.0 -9999.0 -9999.0 -9999.0 -9999.0 -9999.0 -9999.0 -9999.0 -9999.0 -9999.0 -9999.0 -9999.0 -9999.0 -9999.0 -9999.0 -9999.0 -9999.0 -9999.0 -9999.0 -9999.0 -9999.0 -9999.0 -9999.0 -9999.0 -9999.0 -9999.0 -9999.0 -9999.0 -9999.0 -9999.0 -9999.0 -9999.0 -9999.0 -9999.0 -9999.0 -9999.0 -9999.0 -9999.0 -9999.0 -9999.0 -9999.0 -9999.0 -9999.0 -9999.0 -9999.0 -9999.0 -9999.0 -9999.0 -9999.0 -9999.0 -9999.0 -9999.0 -9999.0 -9999.0 -9999.0 -9999.0 -9999.0 -9999.0 -9999.0 -9999.0 -9999.0 -9999.0 -9999.0 -9999.0 -9999.0 -9999.0 -9999.0 -9999.0 -9999.0 -9999.0 -9999.0 -9999.0 -9999.0 -9999.0 -9999.0 -9999.0 -9999.0 -9999.0 -9999.0 -9999.0 -9999.0 -9999.0 -9999.0 -9999.0 -9999.0 -9999.0 -9999.0
-9999.0 -9999.0 -9999.0 -9999.0 -9999.0 -9999.0 -9999.0 -9999.0 -9999.0 -9999.0 -9999.0 -9999.0 -9999.0 -9999.0 -9999.0 -9999.0 -9999.0 -9999.0 -9999.0 -9999.0 -9999.0 -9999.0 -9999.0 -9999.0 -9999.0 -9999.0 -9999.0 -9999.0 -9999.0 -9999.0 -9999.0 -9999.0 -9999.0 -9999.0 -9999.0 -9999.0 -9999.0 -9999.0 -9999.0 -9999.0 -9999.0 -9999.0 -9999.0 -9999.0 -9999.0 -9999.0 -9999.0 -9999.0 -9999.0 -9999.0 -9999.0 -9999.0 -9999.0 -9999.0 -9999.0 -9999.0 -9999.0 -9999.0 -9999.0 -9999.0 -9999.0 -9999.0 -9999.0 -9999.0 -9999.0 -9999.0 -9999.0 -9999.0 -9999.0 -9999.0 -9999.0 -9999.0 -9999.0 -9999.0 -9999.0 -9999.0 -9999.0 -9999.0 -9999.0 -9999.0 -9999.0 -9999.0 -9999.0 -9999.0 -9999.0 -9999.0 -9999.0 -9999.0 -9999.0 -9999.0 -9999.0 -9999.0 -9999.0 -9999.0 -9999.0 -9999.0 -9999.0 -9999.0 -9999.0 -9999.0 -9999.0 -9999.0 -9999.0 -9999.0