examples/3D/hillslope02_superslab/output-maps-SE27XX/psiliqL0024N0002.asc
ncols         104
nrows         10
xllcorner     -2.000000
yllcorner     0.000000
cellsize      1.000000
NODATA_value  -9999.0
-9999.0 -9999.0 -9999.0 -9999.0 -9999.0 -9999.0 -9999.0 -9999.0 -9999.0 -9999.0 -9999.0 -9999.0 -9999.0 -9999.0 -9999.0 -9999.0 -9999.0 -9999.0 -9999.0 -9999.0 -9999.0 -9999.0 -9999.0 -9999.0 -9999.0 -9999.0 -9999.0 -9999.0 -9999.0 -9999.0 -9999.0 -9999.0 -9999.0 -9999.0 -9999.0 -9999.0 -9999.0 -9999.0 -9999.0 -9999.0 -9999.0 -9999.0 -9999.0 -9999.0 -9999.0 -9999.0 -9999.0 -9999.0 -9999.0 -9999.0 -9999.0 -9999.0 -9999.0 -9999.0 -9999.0 -9999.0 -9999.0 -9999.0 -9999.0 -9999.0 -9999.0 -9999.0 -9999.0 -9999.0 -9999.0 -9999.0 -9999.0 -9999.0 -9999.0 -9999.0 -9999.0 -9999.0 -9999.0 -9999.0 -9999.0 -9999.0 -9999.0 -9999.0 -9999.0 -9999.0 -9999.0 -9999.0 -9999.0 -9999.0 -9999.0 -9999.0 -9999.0 -9999.0 -9999.0 -9999.0 -9999.0 -9999.0 -9999.0 -9999.0 -9999.0 -9999.0 -9999.0 -9999.0 -9999.0 -9999.0 -9999.0 -9999.0 -9999.0 -9999.0
-9999.0 -9999.0 -9999.0 -9999.0 -9999.0 -9999.0 -9999.0 -9999.0 -9999.0 -9999.0 -9999.0 -9999.0 -9999.0 -9999.0 -9999.0 -9999.0 -9999.0 -9999.0 -9999.0 -9999.0 -9999.0 -9999.0 -9999.0 -9999.0 -9999.0 -9999.0 -9999.0 -9999.0 -9999.0 -9999.0 -9999.0 -9999.0 -9999.0 -9999.0 -9999.0 -9999.0 -9999.0 -9999.0 -9999.0 -9999.0 -9999.0 -9999.0 -9999.0 -9999.0 -9999.0 -9999.0 -9999.0 -9999.0 -9999.0 -9999.0 -9999.0 -9999.0 -9999.0 -9999.0 -9999.0 -9999.0 -9999.0 -9999.0 -9999.0 -9999.0 -9999.0 -9999.0 -9999.0 -9999.0 -9999.0 -9999.0 -9999.0 -9999.0 -9999.0 -9999.0 -9999.0 -9999.0 -9999.0 -9999.0 -9999.0 -9999.0 -9999.0 -9999.0 -9999.0 -9999.0 -9999.0 -9999.0 -9999.0 -9999.0 -9999.0 -9999.0 -9999.0 -9999.0 -9999.0 -9999.0 -9999.0 -9999.0 -9999.0 -9999.0 -9999.0 -9999.0 -9999.0 -9999.0 -9999.0 -9999.0 -9999.0 -9999.0 -9999.0 -9999.0
-9999.0 -9999.0 -320.172342 -346.831059 -353.059465 -353.245663 -349.109905 -338.893238 -321.998231 -303.299012 -338.797963 -354.487855 -365.171408 -375.585460 -378.216190 -369.256689 -363.427014 -359.552855 -356.523654 -353.936598 -351.625268 -349.463803 -168.535330 -2.341777 172.593007 358.829341 421.345537 350.982400 282.065499 214.511810 147.958171 82.050298 14.667814 -56.427109 -129.580219 -194.707701 -239.055207 -261.743143 -270.912382 -271.795782 -262.115071 -244.104388 -1291.159396 -3757.973406 -3787.127975 -3787.128712 -3787.128713 -3787.128713 -3787.128713 -3787.128713 -3787.128713 -3787.128713 -3787.128713 -3787.128713 -3787.128713 -3787.128713 -3787.128713 -3787.128713 -3787.128713 -3787.128391 -3774.221276 -1402.276222 -293.525262 -338.438831 -351.389907 -354.731809 -355.590166 -355.811750 -355.869096 -355.883950 -355.887799 -355.888796 -355.889054 -355.889121 -355.889138 -355.889143 -355.889144 -355.889144 -355.889144 -355.889144 -355.889144 -355.889144 -355.889144 -355.889144 -355.889144 -355.889144 -355.889144 -355.889145 -355.889147 -355.889154 -355.889182 -355.889286 -355.889674 -355.891128 -355.896561 -355.916845 -355.992287 -356.270192 -357.271849 -360.733008 -371.940088 -405.793691 -9999.0 -9999.0
-9999.0 -9999.0 -320.172342 -346.831060 -353.059466 -353.245663 -349.109905 -338.893238 -321.998231 -303.299012 -338.797963 -354.487855 -365.171407 -375.585460 -378.216190 -369.256689 -363.427014 -359.552855 -356.523654 -353.936598 -351.625268 -349.463803 -168.535330 -2.341777 172.593007 358.829341 421.345537 350.982400 282.065499 214.511810 147.958171 82.050298 14.667814 -56.427109 -129.580219 -194.707701 -239.055207 -261.743143 -270.912382 -271.795782 -262.115071 -244.104388 -1291.159396 -3757.973406 -3787.127975 -3787.128712 -3787.128713 -3787.128713 -3787.128713 -3787.128713 -3787.128713 -3787.128713 -3787.128713 -3787.128713 -3787.128713 -3787.128713 -3787.128713 -3787.128713 -3787.128713 -3787.128391 -3774.221276 -1402.276221 -293.525261 -338.438832 -351.389908 -354.731811 -355.590168 -355.811753 -355.869099 -355.883953 -355.887801 -355.888798 -355.889057 -355.889124 -355.889141 -355.889145 -355.889146 -355.889147 -355.889147 -355.889147 -355.889147 -355.889147 -355.889147 -355.889147 -355.889147 -355.889147 -355.889147 -355.889148 -355.889150 -355.889157 -355.889185 -355.889289 -355.889677 -355.891130 -355.896564 -355.916848 -355.992290 -356.270195 -357.271853 -360.733010 -371.940095 -405.793691 -9999.0 -9999.0
-9999.0 -9999.0 -320.172343 -346.831061 -353.059467 -353.245665 -349.109906 -338.893239 -321.998231 -303.299011 -338.797962 -354.487854 -365.171407 -375.585460 -378.216190 -369.256689 -363.427014 -359.552855 -356.523654 -353.936598 -351.625268 -349.463803 -168.535330 -2.341777 172.593007 358.829341 421.345537 350.982400 282.065499 214.511810 147.958171 82.050298 14.667814 -56.427109 -129.580219 -194.707701 -239.055207 -261.743143 -270.912382 -271.795782 -262.115071 -244.104388 -1291.159396 -3757.973406 -3787.127975 -3787.128712 -3787.128713 -3787.128713 -3787.128713 -3787.128713 -3787.128713 -3787.128713 -3787.128713 -3787.128713 -3787.128713 -3787.128713 -3787.128713 -3787.128713 -3787.128713 -3787.128391 -3774.221276 -1402.276221 -293.525261 -338.438833 -351.389909 -354.731813 -355.590171 -355.811756 -355.869103 -355.883957 -355.887806 -355.888802 -355.889061 -355.889128 -355.889145 -355.889149 -355.889150 -355.889151 -355.889151 -355.889151 -355.889151 -355.889151 -355.889151 -355.889151 -355.889151 -355.889151 -355.889151 -355.889152 -355.889154 -355.889161 -355.889189 -355.889293 -355.889681 -355.891134 -355.896568 -355.916852 -355.992294 -356.270199 -357.271858 -360.733016 -371.940099 -405.793699 -9999.0 -9999.0
-9999.0 -9999.0 -320.172343 -346.831061 -353.059467 -353.245665 -349.109906 -338.893239 -321.998231 -303.299011 -338.797962 -354.487854 -365.171407 -375.585460 -378.216190 -369.256689 -363.427014 -359.552855 -356.523654 -353.936598 -351.625268 -349.463803 -168.535330 -2.341777 172.593007 358.829341 421.345537 350.982400 282.065499 214.511810 147.958171 82.050298 14.667814 -56.427109 -129.580219 -194.707701 -239.055207 -261.743143 -270.912382 -271.795782 -262.115071 -244.104388 -1291.159396 -3757.973406 -3787.127975 -3787.128712 -3787.128713 -3787.128713 -3787.128713 -3787.128713 -3787.128713 -3787.128713 -3787.128713 -3787.128713 -3787.128713 -3787.128713 -3787.128713 -3787.128713 -3787.128713 -3787.128391 -3774.221276 -1402.276221 -293.525261 -338.438833 -351.389909 -354.731813 -355.590171 -355.811756 -355.869103 -355.883957 -355.887806 -355.888802 -355.889061 -355.889128 -355.889145 -355.889149 -355.889150 -355.889151 -355.889151 -355.889151 -355.889151 -355.889151 -355.889151 -355.889151 -355.889151 -355.889151 -355.889151 -355.889152 -355.889154 -355.889161 -355.889189 -355.889293 -355.889681 -355.891134 -355.896568 -355.916852 -355.992294 -356.270199 -357.271858 -360.733016 -371.940099 -405.793699 -9999.0 -9999.0
-9999.0 -9999.0 -320.172342 -346.831060 -353.059466 -353.245663 -349.109905 -338.893238 -321.998231 -303.299012 -338.797963 -354.487855 -365.171407 -375.585460 -378.216190 -369.256689 -363.427014 -359.552855 -356.523654 -353.936598 -351.625268 -349.463803 -168.535330 -2.341777 172.593007 358.829341 421.345537 350.982400 282.065499 214.511810 147.958171 82.050298 14.667814 -56.427109 -129.580219 -194.707701 -239.055207 -261.743143 -270.912382 -271.795782 -262.115071 -244.104388 -1291.159396 -3757.973406 -3787.127975 -3787.128712 -3787.128713 -3787.128713 -3787.128713 -3787.128713 -3787.128713 -3787.128713 -3787.128713 -3787.128713 -3787.128713 -3787.128713 -3787.128713 -3787.128713 -3787.128713 -3787.128391 -3774.221276 -1402.276221 -293.525261 -338.438832 -351.389908 -354.731811 -355.590168 -355.811753 -355.869099 -355.883953 -355.887801 -355.888798 -355.889057 -355.889124 -355.889141 -355.889145 -355.889146 -355.889147 -355.889147 -355.889147 -355.889147 -355.889147 -355.889147 -355.889147 -355.889147 -355.889147 -355.889147 -355.889148 -355.889150 -355.889157 -355.889185 -355.889289 -355.889677 -355.891130 -355.896564 -355.916848 -355.992290 -356.270195 -357.271853 -360.733010 -371.940095 -405.793691 -9999.0 -9999.0
-9999.0 -9999.0 -320.172342 -346.831059 -353.059465 -353.245663 -349.109905 -338.893238 -321.998231 -303.299012 -338.797963 -354.487855 -365.171408 -375.585460 -378.216190 -369.256689 -363.427014 -359.552855 -356.523654 -353.936598 -351.625268 -349.463803 -168.535330 -2.341777 172.593007 358.829341 421.345537 350.982400 282.065499 214.511810 147.958171 82.050298 14.667814 -56.427109 -129.580219 -194.707701 -239.055207 -261.743143 -270.912382 -271.795782 -262.115071 -244.104388 -1291.159396 -3757.973406 -3787.127975 -3787.128712 -3787.128713 -3787.128713 -3787.128713 -3787.128713 -3787.128713 -3787.128713 -3787.128713 -3787.128713 -3787.128713 -3787.128713 -3787.128713 -3787.128713 -3787.128713 -3787.128391 -3774.221276 -1402.276222 -293.525262 -338.438831 -351.389907 -354.731809 -355.590166 -355.811750 -355.869096 -355.883950 -355.887799 -355.888796 -355.889054 -355.889121 -355.889138 -355.889143 -355.889144 -355.889144 -355.889144 -355.889144 -355.889144 -355.889144 -355.889144 -355.889144 -355.889144 -355.889144 -355.889144 -355.889145 -355.889147 -355.889154 -355.889182 -355.889286 -355.889674 -355.891128 -355.896561 -355.916845 -355.992287 -356.270192 -357.271849 -360.733008 -371.940088 -405.793691 -9999.0 -9999.0
-9999.0 -9999.0 -9999.0 -9999.0 -9999.0 -9999.0 -9999.0 -9999.0 -9999.0 -9999.0 -9999.0 -9999.0 -9999.0 -9999.0 -9999.0 -9999.0 -9999.0 -9999.0 -9999.0 -9999.0 -9999.0 -9999.0 -9999.0 -9999.0 -9999.0 -9999.0 -9999.0 -9999.0 -9999.0 -9999.0 -9999.0 -9999.0 -9999.0 -9999.0 -9999.0 -9999.0 -9999.0 -9999.0 -9999.0 -9999.0 -9999.0 -9999.0 -9999.0 -9999.0 -9999.0 -9999.0 -9999.0 -9999.0 -9999.0 -9999.0 -9999.0 -9999.0 -9999.0 -9999.0 -9999.0 -9999.0 -9999.0 -9999.0 -9999.0 -9999.0 -9999.0 -9999.0 -9999.0 -9999.0 -9999.0 -9999.0 -9999.0 -9999.0 -9999.0 -9999.0 -9999.0 -9999.0 -9999.0 -9999.0 -9999.0 -9999.0 -9999.0 -9999.0 -9999.0 -9999.0 -9999.0 -9999.0 -9999.0 -9999.0 -9999.0 -9999.0 -9999.0 -9999.0 -9999.0 -9999.0 -9999.0 -9999.0 -9999.0 -9999.0 -9999.0 -9999.0 -9999.0 -9999.0 -9999.0 -9999.0 -9999.0 -9999.0 -9999.0 -9999.0
-9999.0 -9999.0 -9999.0 -9999.0 -9999.0 -9999.0 -9999.0 -9999.0 -9999.0 -9999.0 -9999.0 -9999.0 -9999.0 -9999.0 -9999.0 -9999.0 -9999.0 -9999.0 -9999.0 -9999.0 -9999.0 -9999.0 -9999.0 -9999.0 -9999.0 -9999.0 -9999.0 -9999.0 -9999.0 -9999.0 -9999.0 -9999.0 -9999.0 -9999.0 -9999.0 -9999.0 -9999.0 -9999.0 -9999.0 -9999.0 -9999.0 -9999.0 -9999.0 -9999.0 -9999.0 -9999.0 -9999.0 -9999.0 -9999.0 -9999.0 -9999.0 -9999.0 -9999.0 -9999.0 -9999.0 -9999.0 -9999.0 -9999.0 -9999.0 -9999.0 -9999.0 -9999.0 -9999.0 -9999.0 -9999.0 -9999.0 -9999.0 -9999.0 -9999.0 -9999.0 -9999.0 -9999.0 -9999.0 -9999.0 -9999.0 -9999.0 -9999.0 -9999.0 -9999.0 -9999.0 -9999.0 -9999.0 -9999.0 -9999.0 -9999.0 -9999.0 -9999.0 -9999.0 -9999.0 -9999.0 -9999.0 -9999.0 -9999.0 -9999.0 -9999.0 -9999.0 -9999.0 -9999.0 -9999.0 -9999.0 -9999.0 -9999.0 -9999.0 -9999.0