examples/3D/hillslope02_superslab/output-maps-SE27XX/psiliqL0042N0001.asc
ncols         104
nrows         10
xllcorner     -2.000000
yllcorner     0.000000
cellsize      1.000000
NODATA_value  -9999.0
-9999.0 -9999.0 -9999.0 -9999.0 -9999.0 -9999.0 -9999.0 -9999.0 -9999.0 -9999.0 -9999.0 -9999.0 -9999.0 -9999.0 -9999.0 -9999.0 -9999.0 -9999.0 -9999.0 -9999.0 -9999.0 -9999.0 -9999.0 -9999.0 -9999.0 -9999.0 -9999.0 -9999.0 -9999.0 -9999.0 -9999.0 -9999.0 -9999.0 -9999.0 -9999.0 -9999.0 -9999.0 -9999.0 -9999.0 -9999.0 -9999.0 -9999.0 -9999.0 -9999.0 -9999.0 -9999.0 -9999.0 -9999.0 -9999.0 -9999.0 -9999.0 -9999.0 -9999.0 -9999.0 -9999.0 -9999.0 -9999.0 -9999.0 -9999.0 -9999.0 -9999.0 -9999.0 -9999.0 -9999.0 -9999.0 -9999.0 -9999.0 -9999.0 -9999.0 -9999.0 -9999.0 -9999.0 -9999.0 -9999.0 -9999.0 -9999.0 -9999.0 -9999.0 -9999.0 -9999.0 -9999.0 -9999.0 -9999.0 -9999.0 -9999.0 -9999.0 -9999.0 -9999.0 -9999.0 -9999.0 -9999.0 -9999.0 -9999.0 -9999.0 -9999.0 -9999.0 -9999.0 -9999.0 -9999.0 -9999.0 -9999.0 -9999.0 -9999.0 -9999.0
-9999.0 -9999.0 -9999.0 -9999.0 -9999.0 -9999.0 -9999.0 -9999.0 -9999.0 -9999.0 -9999.0 -9999.0 -9999.0 -9999.0 -9999.0 -9999.0 -9999.0 -9999.0 -9999.0 -9999.0 -9999.0 -9999.0 -9999.0 -9999.0 -9999.0 -9999.0 -9999.0 -9999.0 -9999.0 -9999.0 -9999.0 -9999.0 -9999.0 -9999.0 -9999.0 -9999.0 -9999.0 -9999.0 -9999.0 -9999.0 -9999.0 -9999.0 -9999.0 -9999.0 -9999.0 -9999.0 -9999.0 -9999.0 -9999.0 -9999.0 -9999.0 -9999.0 -9999.0 -9999.0 -9999.0 -9999.0 -9999.0 -9999.0 -9999.0 -9999.0 -9999.0 -9999.0 -9999.0 -9999.0 -9999.0 -9999.0 -9999.0 -9999.0 -9999.0 -9999.0 -9999.0 -9999.0 -9999.0 -9999.0 -9999.0 -9999.0 -9999.0 -9999.0 -9999.0 -9999.0 -9999.0 -9999.0 -9999.0 -9999.0 -9999.0 -9999.0 -9999.0 -9999.0 -9999.0 -9999.0 -9999.0 -9999.0 -9999.0 -9999.0 -9999.0 -9999.0 -9999.0 -9999.0 -9999.0 -9999.0 -9999.0 -9999.0 -9999.0 -9999.0
-9999.0 -9999.0 -316.366042 -347.022913 -357.937706 -362.399910 -361.708145 -356.266841 -346.142329 -339.116917 -384.942399 -553.698248 -2234.210996 -2895.916397 -2896.039594 -2896.039601 -2896.039592 -2896.039579 -2896.039562 -2896.039521 -2896.039378 -2896.038719 -2896.034802 -2896.006222 -2895.775241 -2893.821746 -2876.910709 -2714.547133 -1655.339984 -590.127039 -392.522979 -195.666015 -20.097985 166.485213 362.129781 422.328852 334.422368 233.305618 120.028036 -5.746295 -136.198130 -228.027295 -420.374563 -921.993727 -2746.825868 -2895.955852 -2896.039564 -2896.039604 -2896.039604 -2896.039604 -2896.039604 -2896.039604 -2896.039604 -2896.039604 -2896.039604 -2896.039604 -2896.039604 -2896.039603 -2896.036578 -2887.451642 -1533.097784 -514.033111 -314.753532 -338.569374 -353.305057 -360.931324 -363.814515 -364.532503 -364.731213 -364.791075 -364.810520 -364.817450 -364.820208 -364.821437 -364.822045 -364.822372 -364.822561 -364.822676 -364.822752 -364.822806 -364.822852 -364.822897 -364.822952 -364.823026 -364.823135 -364.823299 -364.823554 -364.823956 -364.824603 -364.825675 -364.827531 -364.830962 -364.837942 -364.853976 -364.895826 -365.017701 -365.401913 -366.690482 -371.411961 -392.546046 -529.256280 -2374.810633 -9999.0 -9999.0
-9999.0 -9999.0 -316.366042 -347.022913 -357.937706 -362.399910 -361.708145 -356.266841 -346.142329 -339.116917 -384.942400 -553.698254 -2234.211080 -2895.916397 -2896.039594 -2896.039601 -2896.039592 -2896.039579 -2896.039562 -2896.039521 -2896.039378 -2896.038719 -2896.034802 -2896.006222 -2895.775241 -2893.821746 -2876.910713 -2714.547162 -1655.340031 -590.127043 -392.522979 -195.666015 -20.097985 166.485213 362.129781 422.328852 334.422368 233.305618 120.028036 -5.746295 -136.198130 -228.027295 -420.374563 -921.993727 -2746.825868 -2895.955852 -2896.039564 -2896.039604 -2896.039604 -2896.039604 -2896.039604 -2896.039604 -2896.039604 -2896.039604 -2896.039604 -2896.039604 -2896.039604 -2896.039603 -2896.036578 -2887.451642 -1533.097785 -514.033111 -314.753532 -338.569374 -353.305057 -360.931324 -363.814515 -364.532503 -364.731213 -364.791076 -364.810520 -364.817450 -364.820208 -364.821437 -364.822045 -364.822372 -364.822561 -364.822676 -364.822752 -364.822806 -364.822852 -364.822897 -364.822952 -364.823027 -364.823135 -364.823299 -364.823554 -364.823956 -364.824603 -364.825675 -364.827531 -364.830962 -364.837943 -364.853976 -364.895827 -365.017701 -365.401913 -366.690483 -371.411961 -392.546048 -529.256286 -2374.810670 -9999.0 -9999.0
-9999.0 -9999.0 -316.366042 -347.022913 -357.937706 -362.399910 -361.708146 -356.266841 -346.142329 -339.116917 -384.942401 -553.698259 -2234.211119 -2895.916398 -2896.039594 -2896.039601 -2896.039592 -2896.039579 -2896.039562 -2896.039521 -2896.039378 -2896.038719 -2896.034802 -2896.006222 -2895.775242 -2893.821747 -2876.910717 -2714.547192 -1655.340078 -590.127047 -392.522979 -195.666015 -20.097985 166.485213 362.129781 422.328852 334.422368 233.305618 120.028036 -5.746295 -136.198130 -228.027295 -420.374563 -921.993727 -2746.825868 -2895.955852 -2896.039564 -2896.039604 -2896.039604 -2896.039604 -2896.039604 -2896.039604 -2896.039604 -2896.039604 -2896.039604 -2896.039604 -2896.039604 -2896.039603 -2896.036578 -2887.451642 -1533.097785 -514.033111 -314.753532 -338.569374 -353.305057 -360.931324 -363.814515 -364.532503 -364.731213 -364.791076 -364.810520 -364.817451 -364.820208 -364.821437 -364.822045 -364.822372 -364.822561 -364.822676 -364.822752 -364.822806 -364.822852 -364.822898 -364.822952 -364.823027 -364.823135 -364.823300 -364.823554 -364.823956 -364.824603 -364.825675 -364.827531 -364.830962 -364.837943 -364.853977 -364.895827 -365.017702 -365.401913 -366.690483 -371.411961 -392.546049 -529.256292 -2374.810712 -9999.0 -9999.0
-9999.0 -9999.0 -316.366042 -347.022913 -357.937706 -362.399910 -361.708146 -356.266841 -346.142329 -339.116917 -384.942401 -553.698259 -2234.211119 -2895.916398 -2896.039594 -2896.039601 -2896.039592 -2896.039579 -2896.039562 -2896.039521 -2896.039378 -2896.038719 -2896.034802 -2896.006222 -2895.775242 -2893.821747 -2876.910717 -2714.547192 -1655.340078 -590.127047 -392.522979 -195.666015 -20.097985 166.485213 362.129781 422.328852 334.422368 233.305618 120.028036 -5.746295 -136.198130 -228.027295 -420.374563 -921.993727 -2746.825868 -2895.955852 -2896.039564 -2896.039604 -2896.039604 -2896.039604 -2896.039604 -2896.039604 -2896.039604 -2896.039604 -2896.039604 -2896.039604 -2896.039604 -2896.039603 -2896.036578 -2887.451642 -1533.097785 -514.033111 -314.753532 -338.569374 -353.305057 -360.931324 -363.814515 -364.532503 -364.731213 -364.791076 -364.810520 -364.817451 -364.820208 -364.821437 -364.822045 -364.822372 -364.822561 -364.822676 -364.822752 -364.822806 -364.822852 -364.822898 -364.822952 -364.823027 -364.823135 -364.823300 -364.823554 -364.823956 -364.824603 -364.825675 -364.827531 -364.830962 -364.837943 -364.853977 -364.895827 -365.017702 -365.401913 -366.690483 -371.411961 -392.546049 -529.256292 -2374.810712 -9999.0 -9999.0
-9999.0 -9999.0 -316.366042 -347.022913 -357.937706 -362.399910 -361.708145 -356.266841 -346.142329 -339.116917 -384.942400 -553.698254 -2234.211080 -2895.916397 -2896.039594 -2896.039601 -2896.039592 -2896.039579 -2896.039562 -2896.039521 -2896.039378 -2896.038719 -2896.034802 -2896.006222 -2895.775241 -2893.821746 -2876.910713 -2714.547162 -1655.340031 -590.127043 -392.522979 -195.666015 -20.097985 166.485213 362.129781 422.328852 334.422368 233.305618 120.028036 -5.746295 -136.198130 -228.027295 -420.374563 -921.993727 -2746.825868 -2895.955852 -2896.039564 -2896.039604 -2896.039604 -2896.039604 -2896.039604 -2896.039604 -2896.039604 -2896.039604 -2896.039604 -2896.039604 -2896.039604 -2896.039603 -2896.036578 -2887.451642 -1533.097785 -514.033111 -314.753532 -338.569374 -353.305057 -360.931324 -363.814515 -364.532503 -364.731213 -364.791076 -364.810520 -364.817450 -364.820208 -364.821437 -364.822045 -364.822372 -364.822561 -364.822676 -364.822752 -364.822806 -364.822852 -364.822897 -364.822952 -364.823027 -364.823135 -364.823299 -364.823554 -364.823956 -364.824603 -364.825675 -364.827531 -364.830962 -364.837943 -364.853976 -364.895827 -365.017701 -365.401913 -366.690483 -371.411961 -392.546048 -529.256286 -2374.810670 -9999.0 -9999.0
-9999.0 -9999.0 -316.366042 -347.022913 -357.937706 -362.399910 -361.708145 -356.266841 -346.142329 -339.116917 -384.942399 -553.698248 -2234.210996 -2895.916397 -2896.039594 -2896.039601 -2896.039592 -2896.039579 -2896.039562 -2896.039521 -2896.039378 -2896.038719 -2896.034802 -2896.006222 -2895.775241 -2893.821746 -2876.910709 -2714.547133 -1655.339984 -590.127039 -392.522979 -195.666015 -20.097985 166.485213 362.129781 422.328852 334.422368 233.305618 120.028036 -5.746295 -136.198130 -228.027295 -420.374563 -921.993727 -2746.825868 -2895.955852 -2896.039564 -2896.039604 -2896.039604 -2896.039604 -2896.039604 -2896.039604 -2896.039604 -2896.039604 -2896.039604 -2896.039604 -2896.039604 -2896.039603 -2896.036578 -2887.451642 -1533.097784 -514.033111 -314.753532 -338.569374 -353.305057 -360.931324 -363.814515 -364.532503 -364.731213 -364.791075 -364.810520 -364.817450 -364.820208 -364.821437 -364.822045 -364.822372 -364.822561 -364.822676 -364.822752 -364.822806 -364.822852 -364.822897 -364.822952 -364.823026 -364.823135 -364.823299 -364.823554 -364.823956 -364.824603 -364.825675 -364.827531 -364.830962 -364.837942 -364.853976 -364.895826 -365.017701 -365.401913 -366.690482 -371.411961 -392.546046 -529.256280 -2374.810633 -9999.0 -9999.0
-9999.0 -9999.0 -9999.0 -9999.0 -9999.0 -9999.0 -9999.0 -9999.0 -9999.0 -9999.0 -9999.0 -9999.0 -9999.0 -9999.0 -9999.0 -9999.0 -9999.0 -9999.0 -9999.0 -9999.0 -9999.0 -9999.0 -9999.0 -9999.0 -9999.0 -9999.0 -9999.0 -9999.0 -9999.0 -9999.0 -9999.0 -9999.0 -9999.0 -9999.0 -9999.0 -9999.0 -9999.0 -9999.0 -9999.0 -9999.0 -9999.0 -9999.0 -9999.0 -9999.0 -9999.0 -9999.0 -9999.0 -9999.0 -9999.0 -9999.0 -9999.0 -9999.0 -9999.0 -9999.0 -9999.0 -9999.0 -9999.0 -9999.0 -9999.0 -9999.0 -9999.0 -9999.0 -9999.0 -9999.0 -9999.0 -9999.0 -9999.0 -9999.0 -9999.0 -9999.0 -9999.0 -9999.0 -9999.0 -9999.0 -9999.0 -9999.0 -9999.0 -9999.0 -9999.0 -9999.0 -9999.0 -9999.0 -9999.0 -9999.0 -9999.0 -9999.0 -9999.0 -9999.0 -9999.0 -9999.0 -9999.0 -9999.0 -9999.0 -9999.0 -9999.0 -9999.0 -9999.0 -9999.0 -9999.0 -9999.0 -9999.0 -9999.0 -9999.0 -9999.0
-9999.0 -9999.0 -9999.0 -9999.0 -9999.0 -9999.0 -9999.0 -9999.0 -9999.0 -9999.0 -9999.0 -9999.0 -9999.0 -9999.0 -9999.0 -9999.0 -9999.0 -9999.0 -9999.0 -9999.0 -9999.0 -9999.0 -9999.0 -9999.0 -9999.0 -9999.0 -9999.0 -9999.0 -9999.0 -9999.0 -9999.0 -9999.0 -9999.0 -9999.0 -9999.0 -9999.0 -9999.0 -9999.0 -9999.0 -9999.0 -9999.0 -9999.0 -9999.0 -9999.0 -9999.0 -9999.0 -9999.0 -9999.0 -9999.0 -9999.0 -9999.0 -9999.0 -9999.0 -9999.0 -9999.0 -9999.0 -9999.0 -9999.0 -9999.0 -9999.0 -9999.0 -9999.0 -9999.0 -9999.0 -9999.0 -9999.0 -9999.0 -9999.0 -9999.0 -9999.0 -9999.0 -9999.0 -9999.0 -9999.0 -9999.0 -9999.0 -9999.0 -9999.0 -9999.0 -9999.0 -9999.0 -9999.0 -9999.0 -9999.0 -9999.0 -9999.0 -9999.0 -9999.0 -9999.0 -9999.0 -9999.0 -9999.0 -9999.0 -9999.0 -9999.0 -9999.0 -9999.0 -9999.0 -9999.0 -9999.0 -9999.0 -9999.0 -9999.0 -9999.0