examples/3D/hillslope02_superslab/output-maps-SE27XX/psiliqL0071N0002.asc
ncols         104
nrows         10
xllcorner     -2.000000
yllcorner     0.000000
cellsize      1.000000
NODATA_value  -9999.0
-9999.0 -9999.0 -9999.0 -9999.0 -9999.0 -9999.0 -9999.0 -9999.0 -9999.0 -9999.0 -9999.0 -9999.0 -9999.0 -9999.0 -9999.0 -9999.0 -9999.0 -9999.0 -9999.0 -9999.0 -9999.0 -9999.0 -9999.0 -9999.0 -9999.0 -9999.0 -9999.0 -9999.0 -9999.0 -9999.0 -9999.0 -9999.0 -9999.0 -9999.0 -9999.0 -9999.0 -9999.0 -9999.0 -9999.0 -9999.0 -9999.0 -9999.0 -9999.0 -9999.0 -9999.0 -9999.0 -9999.0 -9999.0 -9999.0 -9999.0 -9999.0 -9999.0 -9999.0 -9999.0 -9999.0 -9999.0 -9999.0 -9999.0 -9999.0 -9999.0 -9999.0 -9999.0 -9999.0 -9999.0 -9999.0 -9999.0 -9999.0 -9999.0 -9999.0 -9999.0 -9999.0 -9999.0 -9999.0 -9999.0 -9999.0 -9999.0 -9999.0 -9999.0 -9999.0 -9999.0 -9999.0 -9999.0 -9999.0 -9999.0 -9999.0 -9999.0 -9999.0 -9999.0 -9999.0 -9999.0 -9999.0 -9999.0 -9999.0 -9999.0 -9999.0 -9999.0 -9999.0 -9999.0 -9999.0 -9999.0 -9999.0 -9999.0 -9999.0 -9999.0
-9999.0 -9999.0 -9999.0 -9999.0 -9999.0 -9999.0 -9999.0 -9999.0 -9999.0 -9999.0 -9999.0 -9999.0 -9999.0 -9999.0 -9999.0 -9999.0 -9999.0 -9999.0 -9999.0 -9999.0 -9999.0 -9999.0 -9999.0 -9999.0 -9999.0 -9999.0 -9999.0 -9999.0 -9999.0 -9999.0 -9999.0 -9999.0 -9999.0 -9999.0 -9999.0 -9999.0 -9999.0 -9999.0 -9999.0 -9999.0 -9999.0 -9999.0 -9999.0 -9999.0 -9999.0 -9999.0 -9999.0 -9999.0 -9999.0 -9999.0 -9999.0 -9999.0 -9999.0 -9999.0 -9999.0 -9999.0 -9999.0 -9999.0 -9999.0 -9999.0 -9999.0 -9999.0 -9999.0 -9999.0 -9999.0 -9999.0 -9999.0 -9999.0 -9999.0 -9999.0 -9999.0 -9999.0 -9999.0 -9999.0 -9999.0 -9999.0 -9999.0 -9999.0 -9999.0 -9999.0 -9999.0 -9999.0 -9999.0 -9999.0 -9999.0 -9999.0 -9999.0 -9999.0 -9999.0 -9999.0 -9999.0 -9999.0 -9999.0 -9999.0 -9999.0 -9999.0 -9999.0 -9999.0 -9999.0 -9999.0 -9999.0 -9999.0 -9999.0 -9999.0
-9999.0 -9999.0 169.921123 67.718614 -33.459062 -132.901531 -222.336285 -280.821213 -302.209207 -309.583767 -337.515204 -355.423587 -367.059483 -376.216267 -379.226649 -371.830394 -365.807825 -361.728085 -358.547687 -355.749553 -353.114484 -350.523673 -347.919039 -345.271456 -342.587977 -339.887975 -337.215104 -334.619903 -332.151409 -329.856229 -327.773752 -325.966351 -324.526765 -323.545614 -323.089195 -323.172281 -323.770726 -324.861114 -326.440808 -328.592972 -331.537730 -335.691579 -341.264403 -347.447302 -354.153613 -282.432485 -180.857884 -129.242337 -139.702823 -432.926563 -1213.957417 -1461.927131 -1460.503720 -1460.392387 -1460.380400 -1460.366075 -1460.342508 -1460.297202 -1458.794423 -1298.668158 -653.138394 -416.225959 -327.733923 -338.525404 -350.121863 -354.136059 -355.250967 -355.544290 -355.622966 -355.647324 -355.658506 -355.666827 -355.674732 -355.682726 -355.690864 -355.699120 -355.707474 -355.715923 -355.724477 -355.733153 -355.741966 -355.750916 -355.760009 -355.769232 -355.778582 -355.788038 -355.797546 -355.807035 -355.816447 -355.825707 -355.834729 -355.843595 -355.852814 -355.864673 -355.887781 -355.953207 -356.167483 -356.872650 -359.071585 -365.430857 -382.901721 -436.422925 -9999.0 -9999.0
-9999.0 -9999.0 169.921121 67.718611 -33.459064 -132.901533 -222.336286 -280.821214 -302.209207 -309.583767 -337.515204 -355.423587 -367.059483 -376.216267 -379.226650 -371.830395 -365.807825 -361.728085 -358.547687 -355.749553 -353.114484 -350.523673 -347.919039 -345.271456 -342.587977 -339.887975 -337.215104 -334.619903 -332.151409 -329.856229 -327.773752 -325.966351 -324.526765 -323.545614 -323.089195 -323.172281 -323.770726 -324.861114 -326.440808 -328.592972 -331.537730 -335.691579 -341.264403 -347.447302 -354.153613 -282.432485 -180.857884 -129.242337 -139.702823 -432.926563 -1213.957417 -1461.927131 -1460.503720 -1460.392387 -1460.380400 -1460.366075 -1460.342508 -1460.297202 -1458.794423 -1298.668157 -653.138393 -416.225959 -327.733923 -338.525404 -350.121863 -354.136060 -355.250968 -355.544291 -355.622967 -355.647326 -355.658507 -355.666829 -355.674733 -355.682727 -355.690865 -355.699122 -355.707476 -355.715924 -355.724478 -355.733154 -355.741967 -355.750918 -355.760010 -355.769234 -355.778584 -355.788039 -355.797547 -355.807037 -355.816448 -355.825708 -355.834731 -355.843597 -355.852816 -355.864675 -355.887783 -355.953209 -356.167484 -356.872652 -359.071587 -365.430860 -382.901724 -436.422925 -9999.0 -9999.0
-9999.0 -9999.0 169.921120 67.718610 -33.459066 -132.901534 -222.336287 -280.821214 -302.209207 -309.583767 -337.515203 -355.423587 -367.059483 -376.216267 -379.226650 -371.830395 -365.807825 -361.728085 -358.547687 -355.749553 -353.114484 -350.523673 -347.919039 -345.271456 -342.587977 -339.887975 -337.215104 -334.619903 -332.151409 -329.856229 -327.773752 -325.966351 -324.526765 -323.545614 -323.089195 -323.172281 -323.770726 -324.861114 -326.440808 -328.592972 -331.537730 -335.691579 -341.264403 -347.447302 -354.153613 -282.432485 -180.857884 -129.242337 -139.702823 -432.926563 -1213.957417 -1461.927131 -1460.503720 -1460.392387 -1460.380400 -1460.366075 -1460.342508 -1460.297202 -1458.794423 -1298.668157 -653.138393 -416.225959 -327.733923 -338.525405 -350.121864 -354.136061 -355.250970 -355.544293 -355.622969 -355.647327 -355.658509 -355.666830 -355.674734 -355.682728 -355.690866 -355.699123 -355.707477 -355.715926 -355.724480 -355.733155 -355.741968 -355.750919 -355.760011 -355.769235 -355.778585 -355.788041 -355.797548 -355.807038 -355.816450 -355.825709 -355.834732 -355.843598 -355.852817 -355.864676 -355.887784 -355.953210 -356.167485 -356.872653 -359.071589 -365.430862 -382.901726 -436.422924 -9999.0 -9999.0
-9999.0 -9999.0 169.921120 67.718610 -33.459066 -132.901534 -222.336287 -280.821214 -302.209207 -309.583767 -337.515203 -355.423587 -367.059483 -376.216267 -379.226650 -371.830395 -365.807825 -361.728085 -358.547687 -355.749553 -353.114484 -350.523673 -347.919039 -345.271456 -342.587977 -339.887975 -337.215104 -334.619903 -332.151409 -329.856229 -327.773752 -325.966351 -324.526765 -323.545614 -323.089195 -323.172281 -323.770726 -324.861114 -326.440808 -328.592972 -331.537730 -335.691579 -341.264403 -347.447302 -354.153613 -282.432485 -180.857884 -129.242337 -139.702823 -432.926563 -1213.957417 -1461.927131 -1460.503720 -1460.392387 -1460.380400 -1460.366075 -1460.342508 -1460.297202 -1458.794423 -1298.668157 -653.138393 -416.225959 -327.733923 -338.525405 -350.121864 -354.136061 -355.250970 -355.544293 -355.622969 -355.647327 -355.658509 -355.666830 -355.674734 -355.682728 -355.690866 -355.699123 -355.707477 -355.715926 -355.724480 -355.733155 -355.741968 -355.750919 -355.760011 -355.769235 -355.778585 -355.788041 -355.797548 -355.807038 -355.816450 -355.825709 -355.834732 -355.843598 -355.852817 -355.864676 -355.887784 -355.953210 -356.167485 -356.872653 -359.071589 -365.430862 -382.901726 -436.422924 -9999.0 -9999.0
-9999.0 -9999.0 169.921121 67.718611 -33.459064 -132.901533 -222.336286 -280.821214 -302.209207 -309.583767 -337.515204 -355.423587 -367.059483 -376.216267 -379.226650 -371.830395 -365.807825 -361.728085 -358.547687 -355.749553 -353.114484 -350.523673 -347.919039 -345.271456 -342.587977 -339.887975 -337.215104 -334.619903 -332.151409 -329.856229 -327.773752 -325.966351 -324.526765 -323.545614 -323.089195 -323.172281 -323.770726 -324.861114 -326.440808 -328.592972 -331.537730 -335.691579 -341.264403 -347.447302 -354.153613 -282.432485 -180.857884 -129.242337 -139.702823 -432.926563 -1213.957417 -1461.927131 -1460.503720 -1460.392387 -1460.380400 -1460.366075 -1460.342508 -1460.297202 -1458.794423 -1298.668157 -653.138393 -416.225959 -327.733923 -338.525404 -350.121863 -354.136060 -355.250968 -355.544291 -355.622967 -355.647326 -355.658507 -355.666829 -355.674733 -355.682727 -355.690865 -355.699122 -355.707476 -355.715924 -355.724478 -355.733154 -355.741967 -355.750918 -355.760010 -355.769234 -355.778584 -355.788039 -355.797547 -355.807037 -355.816448 -355.825708 -355.834731 -355.843597 -355.852816 -355.864675 -355.887783 -355.953209 -356.167484 -356.872652 -359.071587 -365.430860 -382.901724 -436.422925 -9999.0 -9999.0
-9999.0 -9999.0 169.921123 67.718614 -33.459062 -132.901531 -222.336285 -280.821213 -302.209207 -309.583767 -337.515204 -355.423587 -367.059483 -376.216267 -379.226649 -371.830394 -365.807825 -361.728085 -358.547687 -355.749553 -353.114484 -350.523673 -347.919039 -345.271456 -342.587977 -339.887975 -337.215104 -334.619903 -332.151409 -329.856229 -327.773752 -325.966351 -324.526765 -323.545614 -323.089195 -323.172281 -323.770726 -324.861114 -326.440808 -328.592972 -331.537730 -335.691579 -341.264403 -347.447302 -354.153613 -282.432485 -180.857884 -129.242337 -139.702823 -432.926563 -1213.957417 -1461.927131 -1460.503720 -1460.392387 -1460.380400 -1460.366075 -1460.342508 -1460.297202 -1458.794423 -1298.668158 -653.138394 -416.225959 -327.733923 -338.525404 -350.121863 -354.136059 -355.250967 -355.544290 -355.622966 -355.647324 -355.658506 -355.666827 -355.674732 -355.682726 -355.690864 -355.699120 -355.707474 -355.715923 -355.724477 -355.733153 -355.741966 -355.750916 -355.760009 -355.769232 -355.778582 -355.788038 -355.797546 -355.807035 -355.816447 -355.825707 -355.834729 -355.843595 -355.852814 -355.864673 -355.887781 -355.953207 -356.167483 -356.872650 -359.071585 -365.430857 -382.901721 -436.422925 -9999.0 -9999.0
-9999.0 -9999.0 -9999.0 -9999.0 -9999.0 -9999.0 -9999.0 -9999.0 -9999.0 -9999.0 -9999.0 -9999.0 -9999.0 -9999.0 -9999.0 -9999.0 -9999.0 -9999.0 -9999.0 -9999.0 -9999.0 -9999.0 -9999.0 -9999.0 -9999.0 -9999.0 -9999.0 -9999.0 -9999.0 -9999.0 -9999.0 -9999.0 -9999.0 -9999.0 -9999.0 -9999.0 -9999.0 -9999.0 -9999.0 -9999.0 -9999.0 -9999.0 -9999.0 -9999.0 -9999.0 -9999.0 -9999.0 -9999.0 -9999.0 -9999.0 -9999.0 -9999.0 -9999.0 -9999.0 -9999.0 -9999.0 -9999.0 -9999.0 -9999.0 -9999.0 -9999.0 -9999.0 -9999.0 -9999.0 -9999.0 -9999.0 -9999.0 -9999.0 -9999.0 -9999.0 -9999.0 -9999.0 -9999.0 -9999.0 -9999.0 -9999.0 -9999.0 -9999.0 -9999.0 -9999.0 -9999.0 -9999.0 -9999.0 -9999.0 -9999.0 -9999.0 -9999.0 -9999.0 -9999.0 -9999.0 -9999.0 -9999.0 -9999.0 -9999.0 -9999.0 -9999.0 -9999.0 -9999.0 -9999.0 -9999.0 -9999.0 -9999.0 -9999.0 -9999.0
-9999.0 -9999.0 -9999.0 -9999.0 -9999.0 -9999.0 -9999.0 -9999.0 -9999.0 -9999.0 -9999.0 -9999.0 -9999.0 -9999.0 -9999.0 -9999.0 -9999.0 -9999.0 -9999.0 -9999.0 -9999.0 -9999.0 -9999.0 -9999.0 -9999.0 -9999.0 -9999.0 -9999.0 -9999.0 -9999.0 -9999.0 -9999.0 -9999.0 -9999.0 -9999.0 -9999.0 -9999.0 -9999.0 -9999.0 -9999.0 -9999.0 -9999.0 -9999.0 -9999.0 -9999.0 -9999.0 -9999.0 -9999.0 -9999.0 -9999.0 -9999.0 -9999.0 -9999.0 -9999.0 -9999.0 -9999.0 -9999.0 -9999.0 -9999.0 -9999.0 -9999.0 -9999.0 -9999.0 -9999.0 -9999.0 -9999.0 -9999.0 -9999.0 -9999.0 -9999.0 -9999.0 -9999.0 -9999.0 -9999.0 -9999.0 -9999.0 -9999.0 -9999.0 -9999.0 -9999.0 -9999.0 -9999.0 -9999.0 -9999.0 -9999.0 -9999.0 -9999.0 -9999.0 -9999.0 -9999.0 -9999.0 -9999.0 -9999.0 -9999.0 -9999.0 -9999.0 -9999.0 -9999.0 -9999.0 -9999.0 -9999.0 -9999.0 -9999.0 -9999.0