examples/3D/hillslope02_superslab/output-maps-SE27XX/psiliqL0055N0002.asc
ncols         104
nrows         10
xllcorner     -2.000000
yllcorner     0.000000
cellsize      1.000000
NODATA_value  -9999.0
-9999.0 -9999.0 -9999.0 -9999.0 -9999.0 -9999.0 -9999.0 -9999.0 -9999.0 -9999.0 -9999.0 -9999.0 -9999.0 -9999.0 -9999.0 -9999.0 -9999.0 -9999.0 -9999.0 -9999.0 -9999.0 -9999.0 -9999.0 -9999.0 -9999.0 -9999.0 -9999.0 -9999.0 -9999.0 -9999.0 -9999.0 -9999.0 -9999.0 -9999.0 -9999.0 -9999.0 -9999.0 -9999.0 -9999.0 -9999.0 -9999.0 -9999.0 -9999.0 -9999.0 -9999.0 -9999.0 -9999.0 -9999.0 -9999.0 -9999.0 -9999.0 -9999.0 -9999.0 -9999.0 -9999.0 -9999.0 -9999.0 -9999.0 -9999.0 -9999.0 -9999.0 -9999.0 -9999.0 -9999.0 -9999.0 -9999.0 -9999.0 -9999.0 -9999.0 -9999.0 -9999.0 -9999.0 -9999.0 -9999.0 -9999.0 -9999.0 -9999.0 -9999.0 -9999.0 -9999.0 -9999.0 -9999.0 -9999.0 -9999.0 -9999.0 -9999.0 -9999.0 -9999.0 -9999.0 -9999.0 -9999.0 -9999.0 -9999.0 -9999.0 -9999.0 -9999.0 -9999.0 -9999.0 -9999.0 -9999.0 -9999.0 -9999.0 -9999.0 -9999.0
-9999.0 -9999.0 -9999.0 -9999.0 -9999.0 -9999.0 -9999.0 -9999.0 -9999.0 -9999.0 -9999.0 -9999.0 -9999.0 -9999.0 -9999.0 -9999.0 -9999.0 -9999.0 -9999.0 -9999.0 -9999.0 -9999.0 -9999.0 -9999.0 -9999.0 -9999.0 -9999.0 -9999.0 -9999.0 -9999.0 -9999.0 -9999.0 -9999.0 -9999.0 -9999.0 -9999.0 -9999.0 -9999.0 -9999.0 -9999.0 -9999.0 -9999.0 -9999.0 -9999.0 -9999.0 -9999.0 -9999.0 -9999.0 -9999.0 -9999.0 -9999.0 -9999.0 -9999.0 -9999.0 -9999.0 -9999.0 -9999.0 -9999.0 -9999.0 -9999.0 -9999.0 -9999.0 -9999.0 -9999.0 -9999.0 -9999.0 -9999.0 -9999.0 -9999.0 -9999.0 -9999.0 -9999.0 -9999.0 -9999.0 -9999.0 -9999.0 -9999.0 -9999.0 -9999.0 -9999.0 -9999.0 -9999.0 -9999.0 -9999.0 -9999.0 -9999.0 -9999.0 -9999.0 -9999.0 -9999.0 -9999.0 -9999.0 -9999.0 -9999.0 -9999.0 -9999.0 -9999.0 -9999.0 -9999.0 -9999.0 -9999.0 -9999.0 -9999.0 -9999.0
-9999.0 -9999.0 -310.772834 -343.341911 -351.832481 -352.480123 -348.118292 -337.520286 -322.236436 -313.039060 -339.976949 -356.044889 -366.678421 -374.831880 -375.688538 -368.964057 -363.816979 -360.214387 -357.355345 -354.874506 -352.632341 -350.535635 -348.522092 -346.536775 -344.550333 -342.540126 -340.499134 -338.429974 -336.329584 -334.215662 -332.114187 -330.086567 -328.260060 -326.782886 -325.773634 -325.289502 -325.350303 -200.364895 17.244719 218.031016 396.043746 538.301617 359.759058 179.016136 -1.752733 -174.316172 -352.154574 -569.750991 -1015.014264 -2198.290136 -2252.411795 -2252.475424 -2252.475257 -2252.475248 -2252.475248 -2252.475248 -2252.475228 -2252.463290 -2246.171742 -1594.805453 -677.055951 -429.930725 -319.506721 -337.990429 -350.612706 -354.493287 -355.527311 -355.795444 -355.864796 -355.882751 -355.887404 -355.888613 -355.888929 -355.889014 -355.889039 -355.889048 -355.889053 -355.889057 -355.889061 -355.889065 -355.889069 -355.889073 -355.889078 -355.889082 -355.889086 -355.889090 -355.889095 -355.889101 -355.889110 -355.889130 -355.889193 -355.889418 -355.890244 -355.893313 -355.904695 -355.946534 -356.097409 -356.622766 -358.351201 -363.604576 -378.197584 -416.036685 -9999.0 -9999.0
-9999.0 -9999.0 -310.772835 -343.341912 -351.832482 -352.480124 -348.118293 -337.520286 -322.236436 -313.039059 -339.976949 -356.044889 -366.678421 -374.831880 -375.688538 -368.964057 -363.816979 -360.214387 -357.355345 -354.874506 -352.632341 -350.535635 -348.522092 -346.536775 -344.550333 -342.540126 -340.499134 -338.429974 -336.329585 -334.215662 -332.114187 -330.086567 -328.260060 -326.782886 -325.773634 -325.289502 -325.350303 -200.364895 17.244719 218.031016 396.043746 538.301617 359.759058 179.016136 -1.752733 -174.316172 -352.154574 -569.750991 -1015.014264 -2198.290136 -2252.411795 -2252.475424 -2252.475257 -2252.475248 -2252.475248 -2252.475248 -2252.475228 -2252.463290 -2246.171742 -1594.805452 -677.055950 -429.930725 -319.506721 -337.990430 -350.612707 -354.493289 -355.527312 -355.795446 -355.864799 -355.882753 -355.887407 -355.888615 -355.888931 -355.889016 -355.889041 -355.889050 -355.889055 -355.889060 -355.889064 -355.889068 -355.889072 -355.889076 -355.889080 -355.889084 -355.889088 -355.889093 -355.889097 -355.889103 -355.889112 -355.889132 -355.889195 -355.889420 -355.890246 -355.893315 -355.904697 -355.946536 -356.097411 -356.622769 -358.351205 -363.604581 -378.197589 -416.036687 -9999.0 -9999.0
-9999.0 -9999.0 -310.772836 -343.341913 -351.832483 -352.480125 -348.118294 -337.520287 -322.236436 -313.039059 -339.976948 -356.044888 -366.678421 -374.831880 -375.688538 -368.964057 -363.816979 -360.214387 -357.355345 -354.874506 -352.632341 -350.535635 -348.522092 -346.536775 -344.550333 -342.540126 -340.499134 -338.429974 -336.329585 -334.215662 -332.114187 -330.086567 -328.260060 -326.782886 -325.773634 -325.289502 -325.350303 -200.364895 17.244719 218.031016 396.043746 538.301617 359.759058 179.016136 -1.752733 -174.316172 -352.154574 -569.750991 -1015.014264 -2198.290136 -2252.411795 -2252.475424 -2252.475257 -2252.475248 -2252.475248 -2252.475248 -2252.475228 -2252.463290 -2246.171742 -1594.805452 -677.055950 -429.930725 -319.506721 -337.990431 -350.612708 -354.493290 -355.527315 -355.795449 -355.864801 -355.882756 -355.887409 -355.888618 -355.888934 -355.889019 -355.889043 -355.889053 -355.889058 -355.889062 -355.889066 -355.889070 -355.889074 -355.889078 -355.889082 -355.889087 -355.889091 -355.889095 -355.889100 -355.889106 -355.889114 -355.889135 -355.889198 -355.889422 -355.890249 -355.893318 -355.904700 -355.946538 -356.097414 -356.622772 -358.351209 -363.604587 -378.197595 -416.036689 -9999.0 -9999.0
-9999.0 -9999.0 -310.772836 -343.341913 -351.832483 -352.480125 -348.118294 -337.520287 -322.236436 -313.039059 -339.976948 -356.044888 -366.678421 -374.831880 -375.688538 -368.964057 -363.816979 -360.214387 -357.355345 -354.874506 -352.632341 -350.535635 -348.522092 -346.536775 -344.550333 -342.540126 -340.499134 -338.429974 -336.329585 -334.215662 -332.114187 -330.086567 -328.260060 -326.782886 -325.773634 -325.289502 -325.350303 -200.364895 17.244719 218.031016 396.043746 538.301617 359.759058 179.016136 -1.752733 -174.316172 -352.154574 -569.750991 -1015.014264 -2198.290136 -2252.411795 -2252.475424 -2252.475257 -2252.475248 -2252.475248 -2252.475248 -2252.475228 -2252.463290 -2246.171742 -1594.805452 -677.055950 -429.930725 -319.506721 -337.990431 -350.612708 -354.493290 -355.527315 -355.795449 -355.864801 -355.882756 -355.887409 -355.888618 -355.888934 -355.889019 -355.889043 -355.889053 -355.889058 -355.889062 -355.889066 -355.889070 -355.889074 -355.889078 -355.889082 -355.889087 -355.889091 -355.889095 -355.889100 -355.889106 -355.889114 -355.889135 -355.889198 -355.889422 -355.890249 -355.893318 -355.904700 -355.946538 -356.097414 -356.622772 -358.351209 -363.604587 -378.197595 -416.036689 -9999.0 -9999.0
-9999.0 -9999.0 -310.772835 -343.341912 -351.832482 -352.480124 -348.118293 -337.520286 -322.236436 -313.039059 -339.976949 -356.044889 -366.678421 -374.831880 -375.688538 -368.964057 -363.816979 -360.214387 -357.355345 -354.874506 -352.632341 -350.535635 -348.522092 -346.536775 -344.550333 -342.540126 -340.499134 -338.429974 -336.329585 -334.215662 -332.114187 -330.086567 -328.260060 -326.782886 -325.773634 -325.289502 -325.350303 -200.364895 17.244719 218.031016 396.043746 538.301617 359.759058 179.016136 -1.752733 -174.316172 -352.154574 -569.750991 -1015.014264 -2198.290136 -2252.411795 -2252.475424 -2252.475257 -2252.475248 -2252.475248 -2252.475248 -2252.475228 -2252.463290 -2246.171742 -1594.805452 -677.055950 -429.930725 -319.506721 -337.990430 -350.612707 -354.493289 -355.527312 -355.795446 -355.864799 -355.882753 -355.887407 -355.888615 -355.888931 -355.889016 -355.889041 -355.889050 -355.889055 -355.889060 -355.889064 -355.889068 -355.889072 -355.889076 -355.889080 -355.889084 -355.889088 -355.889093 -355.889097 -355.889103 -355.889112 -355.889132 -355.889195 -355.889420 -355.890246 -355.893315 -355.904697 -355.946536 -356.097411 -356.622769 -358.351205 -363.604581 -378.197589 -416.036687 -9999.0 -9999.0
-9999.0 -9999.0 -310.772834 -343.341911 -351.832481 -352.480123 -348.118292 -337.520286 -322.236436 -313.039060 -339.976949 -356.044889 -366.678421 -374.831880 -375.688538 -368.964057 -363.816979 -360.214387 -357.355345 -354.874506 -352.632341 -350.535635 -348.522092 -346.536775 -344.550333 -342.540126 -340.499134 -338.429974 -336.329584 -334.215662 -332.114187 -330.086567 -328.260060 -326.782886 -325.773634 -325.289502 -325.350303 -200.364895 17.244719 218.031016 396.043746 538.301617 359.759058 179.016136 -1.752733 -174.316172 -352.154574 -569.750991 -1015.014264 -2198.290136 -2252.411795 -2252.475424 -2252.475257 -2252.475248 -2252.475248 -2252.475248 -2252.475228 -2252.463290 -2246.171742 -1594.805453 -677.055951 -429.930725 -319.506721 -337.990429 -350.612706 -354.493287 -355.527311 -355.795444 -355.864796 -355.882751 -355.887404 -355.888613 -355.888929 -355.889014 -355.889039 -355.889048 -355.889053 -355.889057 -355.889061 -355.889065 -355.889069 -355.889073 -355.889078 -355.889082 -355.889086 -355.889090 -355.889095 -355.889101 -355.889110 -355.889130 -355.889193 -355.889418 -355.890244 -355.893313 -355.904695 -355.946534 -356.097409 -356.622766 -358.351201 -363.604576 -378.197584 -416.036685 -9999.0 -9999.0
-9999.0 -9999.0 -9999.0 -9999.0 -9999.0 -9999.0 -9999.0 -9999.0 -9999.0 -9999.0 -9999.0 -9999.0 -9999.0 -9999.0 -9999.0 -9999.0 -9999.0 -9999.0 -9999.0 -9999.0 -9999.0 -9999.0 -9999.0 -9999.0 -9999.0 -9999.0 -9999.0 -9999.0 -9999.0 -9999.0 -9999.0 -9999.0 -9999.0 -9999.0 -9999.0 -9999.0 -9999.0 -9999.0 -9999.0 -9999.0 -9999.0 -9999.0 -9999.0 -9999.0 -9999.0 -9999.0 -9999.0 -9999.0 -9999.0 -9999.0 -9999.0 -9999.0 -9999.0 -9999.0 -9999.0 -9999.0 -9999.0 -9999.0 -9999.0 -9999.0 -9999.0 -9999.0 -9999.0 -9999.0 -9999.0 -9999.0 -9999.0 -9999.0 -9999.0 -9999.0 -9999.0 -9999.0 -9999.0 -9999.0 -9999.0 -9999.0 -9999.0 -9999.0 -9999.0 -9999.0 -9999.0 -9999.0 -9999.0 -9999.0 -9999.0 -9999.0 -9999.0 -9999.0 -9999.0 -9999.0 -9999.0 -9999.0 -9999.0 -9999.0 -9999.0 -9999.0 -9999.0 -9999.0 -9999.0 -9999.0 -9999.0 -9999.0 -9999.0 -9999.0
-9999.0 -9999.0 -9999.0 -9999.0 -9999.0 -9999.0 -9999.0 -9999.0 -9999.0 -9999.0 -9999.0 -9999.0 -9999.0 -9999.0 -9999.0 -9999.0 -9999.0 -9999.0 -9999.0 -9999.0 -9999.0 -9999.0 -9999.0 -9999.0 -9999.0 -9999.0 -9999.0 -9999.0 -9999.0 -9999.0 -9999.0 -9999.0 -9999.0 -9999.0 -9999.0 -9999.0 -9999.0 -9999.0 -9999.0 -9999.0 -9999.0 -9999.0 -9999.0 -9999.0 -9999.0 -9999.0 -9999.0 -9999.0 -9999.0 -9999.0 -9999.0 -9999.0 -9999.0 -9999.0 -9999.0 -9999.0 -9999.0 -9999.0 -9999.0 -9999.0 -9999.0 -9999.0 -9999.0 -9999.0 -9999.0 -9999.0 -9999.0 -9999.0 -9999.0 -9999.0 -9999.0 -9999.0 -9999.0 -9999.0 -9999.0 -9999.0 -9999.0 -9999.0 -9999.0 -9999.0 -9999.0 -9999.0 -9999.0 -9999.0 -9999.0 -9999.0 -9999.0 -9999.0 -9999.0 -9999.0 -9999.0 -9999.0 -9999.0 -9999.0 -9999.0 -9999.0 -9999.0 -9999.0 -9999.0 -9999.0 -9999.0 -9999.0 -9999.0 -9999.0