examples/3D/hillslope02_superslab/output-maps-SE27XX/psiliqL0062N0003.asc
ncols         104
nrows         10
xllcorner     -2.000000
yllcorner     0.000000
cellsize      1.000000
NODATA_value  -9999.0
-9999.0 -9999.0 -9999.0 -9999.0 -9999.0 -9999.0 -9999.0 -9999.0 -9999.0 -9999.0 -9999.0 -9999.0 -9999.0 -9999.0 -9999.0 -9999.0 -9999.0 -9999.0 -9999.0 -9999.0 -9999.0 -9999.0 -9999.0 -9999.0 -9999.0 -9999.0 -9999.0 -9999.0 -9999.0 -9999.0 -9999.0 -9999.0 -9999.0 -9999.0 -9999.0 -9999.0 -9999.0 -9999.0 -9999.0 -9999.0 -9999.0 -9999.0 -9999.0 -9999.0 -9999.0 -9999.0 -9999.0 -9999.0 -9999.0 -9999.0 -9999.0 -9999.0 -9999.0 -9999.0 -9999.0 -9999.0 -9999.0 -9999.0 -9999.0 -9999.0 -9999.0 -9999.0 -9999.0 -9999.0 -9999.0 -9999.0 -9999.0 -9999.0 -9999.0 -9999.0 -9999.0 -9999.0 -9999.0 -9999.0 -9999.0 -9999.0 -9999.0 -9999.0 -9999.0 -9999.0 -9999.0 -9999.0 -9999.0 -9999.0 -9999.0 -9999.0 -9999.0 -9999.0 -9999.0 -9999.0 -9999.0 -9999.0 -9999.0 -9999.0 -9999.0 -9999.0 -9999.0 -9999.0 -9999.0 -9999.0 -9999.0 -9999.0 -9999.0 -9999.0
-9999.0 -9999.0 -9999.0 -9999.0 -9999.0 -9999.0 -9999.0 -9999.0 -9999.0 -9999.0 -9999.0 -9999.0 -9999.0 -9999.0 -9999.0 -9999.0 -9999.0 -9999.0 -9999.0 -9999.0 -9999.0 -9999.0 -9999.0 -9999.0 -9999.0 -9999.0 -9999.0 -9999.0 -9999.0 -9999.0 -9999.0 -9999.0 -9999.0 -9999.0 -9999.0 -9999.0 -9999.0 -9999.0 -9999.0 -9999.0 -9999.0 -9999.0 -9999.0 -9999.0 -9999.0 -9999.0 -9999.0 -9999.0 -9999.0 -9999.0 -9999.0 -9999.0 -9999.0 -9999.0 -9999.0 -9999.0 -9999.0 -9999.0 -9999.0 -9999.0 -9999.0 -9999.0 -9999.0 -9999.0 -9999.0 -9999.0 -9999.0 -9999.0 -9999.0 -9999.0 -9999.0 -9999.0 -9999.0 -9999.0 -9999.0 -9999.0 -9999.0 -9999.0 -9999.0 -9999.0 -9999.0 -9999.0 -9999.0 -9999.0 -9999.0 -9999.0 -9999.0 -9999.0 -9999.0 -9999.0 -9999.0 -9999.0 -9999.0 -9999.0 -9999.0 -9999.0 -9999.0 -9999.0 -9999.0 -9999.0 -9999.0 -9999.0 -9999.0 -9999.0
-9999.0 -9999.0 1911.601412 1813.234969 1716.532968 1621.548467 1528.341713 1436.971937 1347.494040 1259.970791 1174.469879 1091.047196 1009.753151 930.642769 853.721132 778.999397 706.410166 635.934068 567.505354 501.012486 436.477328 373.823929 312.959644 253.785114 196.306559 140.469800 86.197637 33.428751 -17.867590 -67.737969 -116.152491 -162.673289 -206.600361 -246.986641 -282.913707 -313.804533 -339.589309 -360.785286 -378.249222 -393.135712 -407.223398 -375.707696 -382.822797 -411.631638 -455.983204 -513.191387 -570.222467 -635.773295 -723.227663 -870.238137 -1208.890222 -1816.345583 -1577.806187 -1634.311710 -1657.722023 -1656.262789 -1635.832706 -1598.499303 -1478.117399 -967.037425 -674.130508 -570.940554 -521.160716 -510.694525 -509.829271 -510.011762 -510.215299 -510.420451 -510.650578 -510.911791 -511.202040 -511.511978 -511.832886 -512.159623 -512.487793 -512.809941 -513.121112 -513.418511 -513.697543 -513.956443 -514.193637 -514.407922 -514.599552 -514.768552 -514.916089 -515.043221 -515.151564 -515.242789 -515.318648 -515.381014 -515.431623 -515.472178 -515.504342 -515.529796 -515.550742 -515.571661 -515.605459 -515.695249 -515.994482 -517.079408 -521.227265 -538.134440 -9999.0 -9999.0
-9999.0 -9999.0 1911.601411 1813.234968 1716.532968 1621.548466 1528.341713 1436.971936 1347.494040 1259.970790 1174.469879 1091.047195 1009.753151 930.642768 853.721132 778.999397 706.410166 635.934068 567.505354 501.012486 436.477328 373.823929 312.959644 253.785114 196.306559 140.469800 86.197637 33.428751 -17.867590 -67.737969 -116.152491 -162.673289 -206.600361 -246.986641 -282.913707 -313.804533 -339.589309 -360.785286 -378.249222 -393.135712 -407.223398 -375.707696 -382.822797 -411.631638 -455.983204 -513.191387 -570.222467 -635.773295 -723.227663 -870.238137 -1208.890222 -1816.345583 -1577.806187 -1634.311710 -1657.722023 -1656.262789 -1635.832706 -1598.499303 -1478.117398 -967.037424 -674.130508 -570.940554 -521.160716 -510.694525 -509.829271 -510.011762 -510.215299 -510.420451 -510.650578 -510.911791 -511.202040 -511.511978 -511.832886 -512.159623 -512.487793 -512.809941 -513.121112 -513.418511 -513.697543 -513.956443 -514.193637 -514.407922 -514.599552 -514.768552 -514.916089 -515.043221 -515.151564 -515.242789 -515.318648 -515.381014 -515.431623 -515.472178 -515.504342 -515.529796 -515.550742 -515.571661 -515.605459 -515.695249 -515.994482 -517.079408 -521.227265 -538.134440 -9999.0 -9999.0
-9999.0 -9999.0 1911.601411 1813.234968 1716.532967 1621.548466 1528.341712 1436.971936 1347.494040 1259.970790 1174.469878 1091.047195 1009.753150 930.642768 853.721131 778.999397 706.410166 635.934068 567.505354 501.012486 436.477328 373.823929 312.959644 253.785114 196.306559 140.469800 86.197637 33.428750 -17.867590 -67.737969 -116.152491 -162.673289 -206.600361 -246.986641 -282.913707 -313.804533 -339.589309 -360.785286 -378.249222 -393.135712 -407.223398 -375.707696 -382.822797 -411.631638 -455.983204 -513.191387 -570.222467 -635.773295 -723.227663 -870.238137 -1208.890222 -1816.345583 -1577.806187 -1634.311710 -1657.722023 -1656.262789 -1635.832706 -1598.499303 -1478.117398 -967.037424 -674.130508 -570.940554 -521.160716 -510.694525 -509.829271 -510.011762 -510.215299 -510.420451 -510.650578 -510.911791 -511.202040 -511.511978 -511.832886 -512.159623 -512.487794 -512.809941 -513.121112 -513.418511 -513.697543 -513.956443 -514.193637 -514.407922 -514.599552 -514.768552 -514.916089 -515.043221 -515.151564 -515.242789 -515.318648 -515.381014 -515.431623 -515.472178 -515.504342 -515.529796 -515.550742 -515.571661 -515.605459 -515.695249 -515.994482 -517.079408 -521.227265 -538.134440 -9999.0 -9999.0
-9999.0 -9999.0 1911.601411 1813.234968 1716.532968 1621.548466 1528.341713 1436.971936 1347.494040 1259.970790 1174.469879 1091.047195 1009.753150 930.642768 853.721131 778.999397 706.410166 635.934068 567.505354 501.012486 436.477328 373.823929 312.959644 253.785114 196.306559 140.469800 86.197637 33.428750 -17.867590 -67.737969 -116.152491 -162.673289 -206.600361 -246.986641 -282.913707 -313.804533 -339.589309 -360.785286 -378.249222 -393.135712 -407.223398 -375.707696 -382.822797 -411.631638 -455.983204 -513.191387 -570.222467 -635.773295 -723.227663 -870.238137 -1208.890222 -1816.345583 -1577.806187 -1634.311710 -1657.722023 -1656.262789 -1635.832706 -1598.499303 -1478.117398 -967.037424 -674.130508 -570.940554 -521.160716 -510.694525 -509.829271 -510.011762 -510.215299 -510.420451 -510.650578 -510.911791 -511.202040 -511.511978 -511.832886 -512.159623 -512.487794 -512.809941 -513.121112 -513.418511 -513.697543 -513.956443 -514.193637 -514.407922 -514.599552 -514.768552 -514.916089 -515.043221 -515.151564 -515.242789 -515.318648 -515.381014 -515.431623 -515.472178 -515.504342 -515.529796 -515.550742 -515.571661 -515.605459 -515.695249 -515.994482 -517.079408 -521.227265 -538.134440 -9999.0 -9999.0
-9999.0 -9999.0 1911.601411 1813.234968 1716.532968 1621.548467 1528.341712 1436.971936 1347.494040 1259.970790 1174.469879 1091.047195 1009.753150 930.642768 853.721132 778.999397 706.410166 635.934068 567.505354 501.012486 436.477328 373.823929 312.959644 253.785114 196.306559 140.469800 86.197637 33.428751 -17.867590 -67.737969 -116.152491 -162.673289 -206.600361 -246.986641 -282.913707 -313.804533 -339.589309 -360.785286 -378.249222 -393.135712 -407.223398 -375.707696 -382.822797 -411.631638 -455.983204 -513.191387 -570.222467 -635.773295 -723.227663 -870.238137 -1208.890222 -1816.345583 -1577.806187 -1634.311710 -1657.722023 -1656.262789 -1635.832706 -1598.499303 -1478.117398 -967.037424 -674.130508 -570.940554 -521.160716 -510.694525 -509.829271 -510.011762 -510.215299 -510.420451 -510.650578 -510.911791 -511.202040 -511.511978 -511.832886 -512.159623 -512.487793 -512.809941 -513.121112 -513.418511 -513.697543 -513.956443 -514.193637 -514.407922 -514.599552 -514.768552 -514.916089 -515.043221 -515.151564 -515.242789 -515.318648 -515.381014 -515.431623 -515.472178 -515.504342 -515.529796 -515.550742 -515.571661 -515.605459 -515.695249 -515.994482 -517.079408 -521.227265 -538.134440 -9999.0 -9999.0
-9999.0 -9999.0 1911.601412 1813.234969 1716.532968 1621.548467 1528.341713 1436.971937 1347.494041 1259.970791 1174.469879 1091.047196 1009.753151 930.642769 853.721132 778.999397 706.410166 635.934068 567.505354 501.012486 436.477328 373.823929 312.959644 253.785114 196.306559 140.469800 86.197637 33.428751 -17.867590 -67.737969 -116.152491 -162.673289 -206.600361 -246.986641 -282.913707 -313.804533 -339.589309 -360.785286 -378.249222 -393.135712 -407.223398 -375.707696 -382.822797 -411.631638 -455.983204 -513.191387 -570.222467 -635.773295 -723.227663 -870.238137 -1208.890222 -1816.345583 -1577.806187 -1634.311710 -1657.722023 -1656.262789 -1635.832706 -1598.499303 -1478.117399 -967.037425 -674.130508 -570.940554 -521.160716 -510.694525 -509.829271 -510.011762 -510.215299 -510.420451 -510.650578 -510.911791 -511.202040 -511.511978 -511.832886 -512.159623 -512.487793 -512.809941 -513.121112 -513.418511 -513.697543 -513.956443 -514.193637 -514.407922 -514.599552 -514.768552 -514.916089 -515.043221 -515.151564 -515.242789 -515.318648 -515.381014 -515.431623 -515.472178 -515.504342 -515.529796 -515.550742 -515.571661 -515.605459 -515.695249 -515.994482 -517.079408 -521.227265 -538.134440 -9999.0 -9999.0
-9999.0 -9999.0 -9999.0 -9999.0 -9999.0 -9999.0 -9999.0 -9999.0 -9999.0 -9999.0 -9999.0 -9999.0 -9999.0 -9999.0 -9999.0 -9999.0 -9999.0 -9999.0 -9999.0 -9999.0 -9999.0 -9999.0 -9999.0 -9999.0 -9999.0 -9999.0 -9999.0 -9999.0 -9999.0 -9999.0 -9999.0 -9999.0 -9999.0 -9999.0 -9999.0 -9999.0 -9999.0 -9999.0 -9999.0 -9999.0 -9999.0 -9999.0 -9999.0 -9999.0 -9999.0 -9999.0 -9999.0 -9999.0 -9999.0 -9999.0 -9999.0 -9999.0 -9999.0 -9999.0 -9999.0 -9999.0 -9999.0 -9999.0 -9999.0 -9999.0 -9999.0 -9999.0 -9999.0 -9999.0 -9999.0 -9999.0 -9999.0 -9999.0 -9999.0 -9999.0 -9999.0 -9999.0 -9999.0 -9999.0 -9999.0 -9999.0 -9999.0 -9999.0 -9999.0 -9999.0 -9999.0 -9999.0 -9999.0 -9999.0 -9999.0 -9999.0 -9999.0 -9999.0 -9999.0 -9999.0 -9999.0 -9999.0 -9999.0 -9999.0 -9999.0 -9999.0 -9999.0 -9999.0 -9999.0 -9999.0 -9999.0 -9999.0 -9999.0 -9999.0
-9999.0 -9999.0 -9999.0 -9999.0 -9999.0 -9999.0 -9999.0 -9999.0 -9999.0 -9999.0 -9999.0 -9999.0 -9999.0 -9999.0 -9999.0 -9999.0 -9999.0 -9999.0 -9999.0 -9999.0 -9999.0 -9999.0 -9999.0 -9999.0 -9999.0 -9999.0 -9999.0 -9999.0 -9999.0 -9999.0 -9999.0 -9999.0 -9999.0 -9999.0 -9999.0 -9999.0 -9999.0 -9999.0 -9999.0 -9999.0 -9999.0 -9999.0 -9999.0 -9999.0 -9999.0 -9999.0 -9999.0 -9999.0 -9999.0 -9999.0 -9999.0 -9999.0 -9999.0 -9999.0 -9999.0 -9999.0 -9999.0 -9999.0 -9999.0 -9999.0 -9999.0 -9999.0 -9999.0 -9999.0 -9999.0 -9999.0 -9999.0 -9999.0 -9999.0 -9999.0 -9999.0 -9999.0 -9999.0 -9999.0 -9999.0 -9999.0 -9999.0 -9999.0 -9999.0 -9999.0 -9999.0 -9999.0 -9999.0 -9999.0 -9999.0 -9999.0 -9999.0 -9999.0 -9999.0 -9999.0 -9999.0 -9999.0 -9999.0 -9999.0 -9999.0 -9999.0 -9999.0 -9999.0 -9999.0 -9999.0 -9999.0 -9999.0 -9999.0 -9999.0