examples/3D/hillslope02_superslab/output-maps-SE27XX/psiliqL0020N0003.asc
ncols         104
nrows         10
xllcorner     -2.000000
yllcorner     0.000000
cellsize      1.000000
NODATA_value  -9999.0
-9999.0 -9999.0 -9999.0 -9999.0 -9999.0 -9999.0 -9999.0 -9999.0 -9999.0 -9999.0 -9999.0 -9999.0 -9999.0 -9999.0 -9999.0 -9999.0 -9999.0 -9999.0 -9999.0 -9999.0 -9999.0 -9999.0 -9999.0 -9999.0 -9999.0 -9999.0 -9999.0 -9999.0 -9999.0 -9999.0 -9999.0 -9999.0 -9999.0 -9999.0 -9999.0 -9999.0 -9999.0 -9999.0 -9999.0 -9999.0 -9999.0 -9999.0 -9999.0 -9999.0 -9999.0 -9999.0 -9999.0 -9999.0 -9999.0 -9999.0 -9999.0 -9999.0 -9999.0 -9999.0 -9999.0 -9999.0 -9999.0 -9999.0 -9999.0 -9999.0 -9999.0 -9999.0 -9999.0 -9999.0 -9999.0 -9999.0 -9999.0 -9999.0 -9999.0 -9999.0 -9999.0 -9999.0 -9999.0 -9999.0 -9999.0 -9999.0 -9999.0 -9999.0 -9999.0 -9999.0 -9999.0 -9999.0 -9999.0 -9999.0 -9999.0 -9999.0 -9999.0 -9999.0 -9999.0 -9999.0 -9999.0 -9999.0 -9999.0 -9999.0 -9999.0 -9999.0 -9999.0 -9999.0 -9999.0 -9999.0 -9999.0 -9999.0 -9999.0 -9999.0
-9999.0 -9999.0 -9999.0 -9999.0 -9999.0 -9999.0 -9999.0 -9999.0 -9999.0 -9999.0 -9999.0 -9999.0 -9999.0 -9999.0 -9999.0 -9999.0 -9999.0 -9999.0 -9999.0 -9999.0 -9999.0 -9999.0 -9999.0 -9999.0 -9999.0 -9999.0 -9999.0 -9999.0 -9999.0 -9999.0 -9999.0 -9999.0 -9999.0 -9999.0 -9999.0 -9999.0 -9999.0 -9999.0 -9999.0 -9999.0 -9999.0 -9999.0 -9999.0 -9999.0 -9999.0 -9999.0 -9999.0 -9999.0 -9999.0 -9999.0 -9999.0 -9999.0 -9999.0 -9999.0 -9999.0 -9999.0 -9999.0 -9999.0 -9999.0 -9999.0 -9999.0 -9999.0 -9999.0 -9999.0 -9999.0 -9999.0 -9999.0 -9999.0 -9999.0 -9999.0 -9999.0 -9999.0 -9999.0 -9999.0 -9999.0 -9999.0 -9999.0 -9999.0 -9999.0 -9999.0 -9999.0 -9999.0 -9999.0 -9999.0 -9999.0 -9999.0 -9999.0 -9999.0 -9999.0 -9999.0 -9999.0 -9999.0 -9999.0 -9999.0 -9999.0 -9999.0 -9999.0 -9999.0 -9999.0 -9999.0 -9999.0 -9999.0 -9999.0 -9999.0
-9999.0 -9999.0 -179.532387 -284.393521 -395.619795 -509.590961 -606.265982 -657.894635 -678.248397 -685.361715 -685.104045 -679.772796 -670.617770 -655.035416 -632.840659 -611.289603 -592.454630 -577.075809 -565.126183 -556.186759 -564.771434 -567.458124 -567.763380 -568.568107 -556.949929 -560.032216 -571.312854 -587.425730 -606.050882 -624.938523 -642.121062 -656.329436 -667.222164 -675.141199 -680.631050 -684.251514 -686.524924 -687.879438 -688.637201 -689.235511 -692.463913 -730.391834 -2265.844076 -3983.989141 -3985.148501 -3985.148515 -3985.148515 -3985.148515 -3985.148515 -3985.148515 -3985.148515 -3985.148515 -3985.148515 -3985.148515 -3985.148515 -3985.148515 -3985.148515 -3985.148515 -3985.148515 -3985.148497 -3983.778781 -2238.132715 -713.848347 -693.403277 -693.075915 -693.261463 -693.323866 -693.340866 -693.345324 -693.346483 -693.346783 -693.346861 -693.346882 -693.346887 -693.346888 -693.346889 -693.346889 -693.346889 -693.346889 -693.346889 -693.346889 -693.346890 -693.346890 -693.346890 -693.346890 -693.346890 -693.346890 -693.346890 -693.346890 -693.346891 -693.346895 -693.346907 -693.346954 -693.347128 -693.347779 -693.350196 -693.359115 -693.391846 -693.512726 -693.981842 -696.064863 -707.480755 -9999.0 -9999.0
-9999.0 -9999.0 -179.532387 -284.393521 -395.619795 -509.590961 -606.265983 -657.894636 -678.248397 -685.361715 -685.104045 -679.772796 -670.617770 -655.035416 -632.840659 -611.289603 -592.454630 -577.075809 -565.126183 -556.186759 -564.771434 -567.458124 -567.763380 -568.568107 -556.949929 -560.032216 -571.312854 -587.425730 -606.050882 -624.938523 -642.121062 -656.329436 -667.222164 -675.141199 -680.631050 -684.251514 -686.524924 -687.879438 -688.637201 -689.235511 -692.463913 -730.391834 -2265.844076 -3983.989141 -3985.148501 -3985.148515 -3985.148515 -3985.148515 -3985.148515 -3985.148515 -3985.148515 -3985.148515 -3985.148515 -3985.148515 -3985.148515 -3985.148515 -3985.148515 -3985.148515 -3985.148515 -3985.148497 -3983.778781 -2238.132715 -713.848347 -693.403277 -693.075915 -693.261463 -693.323866 -693.340866 -693.345324 -693.346483 -693.346783 -693.346861 -693.346882 -693.346887 -693.346888 -693.346889 -693.346889 -693.346889 -693.346889 -693.346889 -693.346889 -693.346890 -693.346890 -693.346890 -693.346890 -693.346890 -693.346890 -693.346890 -693.346890 -693.346891 -693.346895 -693.346907 -693.346954 -693.347129 -693.347779 -693.350196 -693.359115 -693.391846 -693.512726 -693.981842 -696.064864 -707.480755 -9999.0 -9999.0
-9999.0 -9999.0 -179.532387 -284.393521 -395.619795 -509.590961 -606.265983 -657.894636 -678.248397 -685.361715 -685.104045 -679.772796 -670.617770 -655.035416 -632.840659 -611.289603 -592.454630 -577.075809 -565.126183 -556.186759 -564.771434 -567.458124 -567.763380 -568.568107 -556.949929 -560.032216 -571.312854 -587.425730 -606.050882 -624.938523 -642.121062 -656.329436 -667.222164 -675.141199 -680.631050 -684.251514 -686.524924 -687.879438 -688.637201 -689.235511 -692.463913 -730.391834 -2265.844076 -3983.989141 -3985.148501 -3985.148515 -3985.148515 -3985.148515 -3985.148515 -3985.148515 -3985.148515 -3985.148515 -3985.148515 -3985.148515 -3985.148515 -3985.148515 -3985.148515 -3985.148515 -3985.148515 -3985.148497 -3983.778781 -2238.132715 -713.848347 -693.403277 -693.075915 -693.261463 -693.323866 -693.340866 -693.345324 -693.346483 -693.346784 -693.346861 -693.346882 -693.346887 -693.346888 -693.346889 -693.346889 -693.346889 -693.346889 -693.346889 -693.346890 -693.346890 -693.346890 -693.346890 -693.346890 -693.346890 -693.346890 -693.346890 -693.346890 -693.346891 -693.346895 -693.346907 -693.346954 -693.347129 -693.347780 -693.350196 -693.359115 -693.391846 -693.512726 -693.981843 -696.064864 -707.480755 -9999.0 -9999.0
-9999.0 -9999.0 -179.532387 -284.393521 -395.619795 -509.590961 -606.265983 -657.894636 -678.248397 -685.361715 -685.104045 -679.772796 -670.617770 -655.035416 -632.840659 -611.289603 -592.454630 -577.075809 -565.126183 -556.186759 -564.771434 -567.458124 -567.763380 -568.568107 -556.949929 -560.032216 -571.312854 -587.425730 -606.050882 -624.938523 -642.121062 -656.329436 -667.222164 -675.141199 -680.631050 -684.251514 -686.524924 -687.879438 -688.637201 -689.235511 -692.463913 -730.391834 -2265.844076 -3983.989141 -3985.148501 -3985.148515 -3985.148515 -3985.148515 -3985.148515 -3985.148515 -3985.148515 -3985.148515 -3985.148515 -3985.148515 -3985.148515 -3985.148515 -3985.148515 -3985.148515 -3985.148515 -3985.148497 -3983.778781 -2238.132715 -713.848347 -693.403277 -693.075915 -693.261463 -693.323866 -693.340866 -693.345324 -693.346483 -693.346784 -693.346861 -693.346882 -693.346887 -693.346888 -693.346889 -693.346889 -693.346889 -693.346889 -693.346889 -693.346890 -693.346890 -693.346890 -693.346890 -693.346890 -693.346890 -693.346890 -693.346890 -693.346890 -693.346891 -693.346895 -693.346907 -693.346954 -693.347129 -693.347780 -693.350196 -693.359115 -693.391846 -693.512726 -693.981843 -696.064864 -707.480755 -9999.0 -9999.0
-9999.0 -9999.0 -179.532387 -284.393521 -395.619795 -509.590961 -606.265983 -657.894636 -678.248397 -685.361715 -685.104045 -679.772796 -670.617770 -655.035416 -632.840659 -611.289603 -592.454630 -577.075809 -565.126183 -556.186759 -564.771434 -567.458124 -567.763380 -568.568107 -556.949929 -560.032216 -571.312854 -587.425730 -606.050882 -624.938523 -642.121062 -656.329436 -667.222164 -675.141199 -680.631050 -684.251514 -686.524924 -687.879438 -688.637201 -689.235511 -692.463913 -730.391834 -2265.844076 -3983.989141 -3985.148501 -3985.148515 -3985.148515 -3985.148515 -3985.148515 -3985.148515 -3985.148515 -3985.148515 -3985.148515 -3985.148515 -3985.148515 -3985.148515 -3985.148515 -3985.148515 -3985.148515 -3985.148497 -3983.778781 -2238.132715 -713.848347 -693.403277 -693.075915 -693.261463 -693.323866 -693.340866 -693.345324 -693.346483 -693.346783 -693.346861 -693.346882 -693.346887 -693.346888 -693.346889 -693.346889 -693.346889 -693.346889 -693.346889 -693.346889 -693.346890 -693.346890 -693.346890 -693.346890 -693.346890 -693.346890 -693.346890 -693.346890 -693.346891 -693.346895 -693.346907 -693.346954 -693.347129 -693.347779 -693.350196 -693.359115 -693.391846 -693.512726 -693.981842 -696.064864 -707.480755 -9999.0 -9999.0
-9999.0 -9999.0 -179.532387 -284.393521 -395.619795 -509.590961 -606.265982 -657.894635 -678.248397 -685.361715 -685.104045 -679.772796 -670.617770 -655.035416 -632.840659 -611.289603 -592.454630 -577.075809 -565.126183 -556.186759 -564.771434 -567.458124 -567.763380 -568.568107 -556.949929 -560.032216 -571.312854 -587.425730 -606.050882 -624.938523 -642.121062 -656.329436 -667.222164 -675.141199 -680.631050 -684.251514 -686.524924 -687.879438 -688.637201 -689.235511 -692.463913 -730.391834 -2265.844076 -3983.989141 -3985.148501 -3985.148515 -3985.148515 -3985.148515 -3985.148515 -3985.148515 -3985.148515 -3985.148515 -3985.148515 -3985.148515 -3985.148515 -3985.148515 -3985.148515 -3985.148515 -3985.148515 -3985.148497 -3983.778781 -2238.132715 -713.848347 -693.403277 -693.075915 -693.261463 -693.323866 -693.340866 -693.345324 -693.346483 -693.346783 -693.346861 -693.346882 -693.346887 -693.346888 -693.346889 -693.346889 -693.346889 -693.346889 -693.346889 -693.346889 -693.346890 -693.346890 -693.346890 -693.346890 -693.346890 -693.346890 -693.346890 -693.346890 -693.346891 -693.346895 -693.346907 -693.346954 -693.347128 -693.347779 -693.350196 -693.359115 -693.391846 -693.512726 -693.981842 -696.064863 -707.480755 -9999.0 -9999.0
-9999.0 -9999.0 -9999.0 -9999.0 -9999.0 -9999.0 -9999.0 -9999.0 -9999.0 -9999.0 -9999.0 -9999.0 -9999.0 -9999.0 -9999.0 -9999.0 -9999.0 -9999.0 -9999.0 -9999.0 -9999.0 -9999.0 -9999.0 -9999.0 -9999.0 -9999.0 -9999.0 -9999.0 -9999.0 -9999.0 -9999.0 -9999.0 -9999.0 -9999.0 -9999.0 -9999.0 -9999.0 -9999.0 -9999.0 -9999.0 -9999.0 -9999.0 -9999.0 -9999.0 -9999.0 -9999.0 -9999.0 -9999.0 -9999.0 -9999.0 -9999.0 -9999.0 -9999.0 -9999.0 -9999.0 -9999.0 -9999.0 -9999.0 -9999.0 -9999.0 -9999.0 -9999.0 -9999.0 -9999.0 -9999.0 -9999.0 -9999.0 -9999.0 -9999.0 -9999.0 -9999.0 -9999.0 -9999.0 -9999.0 -9999.0 -9999.0 -9999.0 -9999.0 -9999.0 -9999.0 -9999.0 -9999.0 -9999.0 -9999.0 -9999.0 -9999.0 -9999.0 -9999.0 -9999.0 -9999.0 -9999.0 -9999.0 -9999.0 -9999.0 -9999.0 -9999.0 -9999.0 -9999.0 -9999.0 -9999.0 -9999.0 -9999.0 -9999.0 -9999.0
-9999.0 -9999.0 -9999.0 -9999.0 -9999.0 -9999.0 -9999.0 -9999.0 -9999.0 -9999.0 -9999.0 -9999.0 -9999.0 -9999.0 -9999.0 -9999.0 -9999.0 -9999.0 -9999.0 -9999.0 -9999.0 -9999.0 -9999.0 -9999.0 -9999.0 -9999.0 -9999.0 -9999.0 -9999.0 -9999.0 -9999.0 -9999.0 -9999.0 -9999.0 -9999.0 -9999.0 -9999.0 -9999.0 -9999.0 -9999.0 -9999.0 -9999.0 -9999.0 -9999.0 -9999.0 -9999.0 -9999.0 -9999.0 -9999.0 -9999.0 -9999.0 -9999.0 -9999.0 -9999.0 -9999.0 -9999.0 -9999.0 -9999.0 -9999.0 -9999.0 -9999.0 -9999.0 -9999.0 -9999.0 -9999.0 -9999.0 -9999.0 -9999.0 -9999.0 -9999.0 -9999.0 -9999.0 -9999.0 -9999.0 -9999.0 -9999.0 -9999.0 -9999.0 -9999.0 -9999.0 -9999.0 -9999.0 -9999.0 -9999.0 -9999.0 -9999.0 -9999.0 -9999.0 -9999.0 -9999.0 -9999.0 -9999.0 -9999.0 -9999.0 -9999.0 -9999.0 -9999.0 -9999.0 -9999.0 -9999.0 -9999.0 -9999.0 -9999.0 -9999.0