examples/3D/hillslope02_superslab/output-maps-SE27XX/psiliqL0014N0003.asc
ncols         104
nrows         10
xllcorner     -2.000000
yllcorner     0.000000
cellsize      1.000000
NODATA_value  -9999.0
-9999.0 -9999.0 -9999.0 -9999.0 -9999.0 -9999.0 -9999.0 -9999.0 -9999.0 -9999.0 -9999.0 -9999.0 -9999.0 -9999.0 -9999.0 -9999.0 -9999.0 -9999.0 -9999.0 -9999.0 -9999.0 -9999.0 -9999.0 -9999.0 -9999.0 -9999.0 -9999.0 -9999.0 -9999.0 -9999.0 -9999.0 -9999.0 -9999.0 -9999.0 -9999.0 -9999.0 -9999.0 -9999.0 -9999.0 -9999.0 -9999.0 -9999.0 -9999.0 -9999.0 -9999.0 -9999.0 -9999.0 -9999.0 -9999.0 -9999.0 -9999.0 -9999.0 -9999.0 -9999.0 -9999.0 -9999.0 -9999.0 -9999.0 -9999.0 -9999.0 -9999.0 -9999.0 -9999.0 -9999.0 -9999.0 -9999.0 -9999.0 -9999.0 -9999.0 -9999.0 -9999.0 -9999.0 -9999.0 -9999.0 -9999.0 -9999.0 -9999.0 -9999.0 -9999.0 -9999.0 -9999.0 -9999.0 -9999.0 -9999.0 -9999.0 -9999.0 -9999.0 -9999.0 -9999.0 -9999.0 -9999.0 -9999.0 -9999.0 -9999.0 -9999.0 -9999.0 -9999.0 -9999.0 -9999.0 -9999.0 -9999.0 -9999.0 -9999.0 -9999.0
-9999.0 -9999.0 -9999.0 -9999.0 -9999.0 -9999.0 -9999.0 -9999.0 -9999.0 -9999.0 -9999.0 -9999.0 -9999.0 -9999.0 -9999.0 -9999.0 -9999.0 -9999.0 -9999.0 -9999.0 -9999.0 -9999.0 -9999.0 -9999.0 -9999.0 -9999.0 -9999.0 -9999.0 -9999.0 -9999.0 -9999.0 -9999.0 -9999.0 -9999.0 -9999.0 -9999.0 -9999.0 -9999.0 -9999.0 -9999.0 -9999.0 -9999.0 -9999.0 -9999.0 -9999.0 -9999.0 -9999.0 -9999.0 -9999.0 -9999.0 -9999.0 -9999.0 -9999.0 -9999.0 -9999.0 -9999.0 -9999.0 -9999.0 -9999.0 -9999.0 -9999.0 -9999.0 -9999.0 -9999.0 -9999.0 -9999.0 -9999.0 -9999.0 -9999.0 -9999.0 -9999.0 -9999.0 -9999.0 -9999.0 -9999.0 -9999.0 -9999.0 -9999.0 -9999.0 -9999.0 -9999.0 -9999.0 -9999.0 -9999.0 -9999.0 -9999.0 -9999.0 -9999.0 -9999.0 -9999.0 -9999.0 -9999.0 -9999.0 -9999.0 -9999.0 -9999.0 -9999.0 -9999.0 -9999.0 -9999.0 -9999.0 -9999.0 -9999.0 -9999.0
-9999.0 -9999.0 -532.678061 -650.485306 -717.302559 -740.067853 -747.136302 -749.011236 -749.111254 -747.956062 -740.911880 -728.956370 -714.443209 -694.460760 -669.560911 -646.804858 -626.865424 -641.145089 -649.118215 -654.272710 -660.244293 -632.153835 -623.339953 -626.054405 -636.010825 -650.522155 -667.485740 -684.944606 -701.179072 -714.998150 -725.792936 -733.494298 -738.673608 -742.114695 -744.360337 -745.761826 -746.591049 -747.050557 -747.273061 -747.485797 -749.909126 -786.857567 -2288.098377 -4280.588994 -4282.178204 -4282.178218 -4282.178218 -4282.178218 -4282.178218 -4282.178218 -4282.178218 -4282.178218 -4282.178218 -4282.178218 -4282.178218 -4282.178218 -4282.178218 -4282.178218 -4282.178218 -4282.178199 -4280.267498 -2252.341267 -772.730565 -751.367114 -751.279627 -751.482957 -751.546158 -751.563123 -751.567557 -751.568708 -751.569006 -751.569083 -751.569103 -751.569109 -751.569110 -751.569110 -751.569110 -751.569111 -751.569111 -751.569111 -751.569111 -751.569111 -751.569111 -751.569111 -751.569111 -751.569111 -751.569111 -751.569111 -751.569111 -751.569112 -751.569115 -751.569126 -751.569168 -751.569326 -751.569915 -751.572106 -751.580212 -751.610020 -751.719865 -752.141969 -754.005798 -764.575227 -9999.0 -9999.0
-9999.0 -9999.0 -532.678061 -650.485306 -717.302559 -740.067854 -747.136302 -749.011236 -749.111254 -747.956062 -740.911880 -728.956370 -714.443209 -694.460760 -669.560911 -646.804858 -626.865424 -641.145089 -649.118215 -654.272710 -660.244293 -632.153835 -623.339953 -626.054405 -636.010825 -650.522155 -667.485740 -684.944606 -701.179072 -714.998150 -725.792936 -733.494298 -738.673608 -742.114695 -744.360337 -745.761826 -746.591049 -747.050557 -747.273061 -747.485797 -749.909126 -786.857567 -2288.098377 -4280.588994 -4282.178204 -4282.178218 -4282.178218 -4282.178218 -4282.178218 -4282.178218 -4282.178218 -4282.178218 -4282.178218 -4282.178218 -4282.178218 -4282.178218 -4282.178218 -4282.178218 -4282.178218 -4282.178199 -4280.267498 -2252.341267 -772.730565 -751.367114 -751.279627 -751.482957 -751.546158 -751.563123 -751.567557 -751.568708 -751.569006 -751.569084 -751.569104 -751.569109 -751.569110 -751.569110 -751.569111 -751.569111 -751.569111 -751.569111 -751.569111 -751.569111 -751.569111 -751.569111 -751.569111 -751.569111 -751.569111 -751.569111 -751.569111 -751.569112 -751.569115 -751.569126 -751.569168 -751.569326 -751.569915 -751.572106 -751.580212 -751.610020 -751.719865 -752.141969 -754.005799 -764.575227 -9999.0 -9999.0
-9999.0 -9999.0 -532.678061 -650.485307 -717.302560 -740.067854 -747.136302 -749.011236 -749.111254 -747.956062 -740.911880 -728.956370 -714.443209 -694.460760 -669.560911 -646.804858 -626.865424 -641.145089 -649.118215 -654.272710 -660.244293 -632.153835 -623.339953 -626.054405 -636.010825 -650.522155 -667.485740 -684.944606 -701.179072 -714.998150 -725.792936 -733.494298 -738.673608 -742.114695 -744.360337 -745.761826 -746.591049 -747.050557 -747.273061 -747.485797 -749.909126 -786.857567 -2288.098377 -4280.588994 -4282.178204 -4282.178218 -4282.178218 -4282.178218 -4282.178218 -4282.178218 -4282.178218 -4282.178218 -4282.178218 -4282.178218 -4282.178218 -4282.178218 -4282.178218 -4282.178218 -4282.178218 -4282.178199 -4280.267498 -2252.341267 -772.730565 -751.367114 -751.279627 -751.482957 -751.546158 -751.563123 -751.567557 -751.568708 -751.569006 -751.569084 -751.569104 -751.569109 -751.569110 -751.569111 -751.569111 -751.569111 -751.569111 -751.569111 -751.569111 -751.569111 -751.569111 -751.569111 -751.569111 -751.569111 -751.569111 -751.569111 -751.569111 -751.569112 -751.569115 -751.569126 -751.569168 -751.569326 -751.569915 -751.572106 -751.580213 -751.610020 -751.719865 -752.141969 -754.005799 -764.575227 -9999.0 -9999.0
-9999.0 -9999.0 -532.678062 -650.485307 -717.302560 -740.067854 -747.136302 -749.011236 -749.111254 -747.956062 -740.911880 -728.956370 -714.443209 -694.460760 -669.560911 -646.804858 -626.865424 -641.145089 -649.118215 -654.272710 -660.244293 -632.153835 -623.339953 -626.054405 -636.010825 -650.522155 -667.485740 -684.944606 -701.179072 -714.998150 -725.792936 -733.494298 -738.673608 -742.114695 -744.360337 -745.761826 -746.591049 -747.050557 -747.273061 -747.485797 -749.909126 -786.857567 -2288.098377 -4280.588994 -4282.178204 -4282.178218 -4282.178218 -4282.178218 -4282.178218 -4282.178218 -4282.178218 -4282.178218 -4282.178218 -4282.178218 -4282.178218 -4282.178218 -4282.178218 -4282.178218 -4282.178218 -4282.178199 -4280.267498 -2252.341267 -772.730565 -751.367114 -751.279627 -751.482957 -751.546158 -751.563123 -751.567557 -751.568708 -751.569006 -751.569084 -751.569104 -751.569109 -751.569110 -751.569111 -751.569111 -751.569111 -751.569111 -751.569111 -751.569111 -751.569111 -751.569111 -751.569111 -751.569111 -751.569111 -751.569111 -751.569111 -751.569111 -751.569112 -751.569115 -751.569126 -751.569168 -751.569326 -751.569915 -751.572106 -751.580213 -751.610020 -751.719865 -752.141969 -754.005799 -764.575227 -9999.0 -9999.0
-9999.0 -9999.0 -532.678061 -650.485307 -717.302559 -740.067854 -747.136302 -749.011236 -749.111254 -747.956062 -740.911880 -728.956370 -714.443209 -694.460760 -669.560911 -646.804858 -626.865424 -641.145089 -649.118215 -654.272710 -660.244293 -632.153835 -623.339953 -626.054405 -636.010825 -650.522155 -667.485740 -684.944606 -701.179072 -714.998150 -725.792936 -733.494298 -738.673608 -742.114695 -744.360337 -745.761826 -746.591049 -747.050557 -747.273061 -747.485797 -749.909126 -786.857567 -2288.098377 -4280.588994 -4282.178204 -4282.178218 -4282.178218 -4282.178218 -4282.178218 -4282.178218 -4282.178218 -4282.178218 -4282.178218 -4282.178218 -4282.178218 -4282.178218 -4282.178218 -4282.178218 -4282.178218 -4282.178199 -4280.267498 -2252.341267 -772.730565 -751.367114 -751.279627 -751.482957 -751.546158 -751.563123 -751.567557 -751.568708 -751.569006 -751.569084 -751.569104 -751.569109 -751.569110 -751.569110 -751.569111 -751.569111 -751.569111 -751.569111 -751.569111 -751.569111 -751.569111 -751.569111 -751.569111 -751.569111 -751.569111 -751.569111 -751.569111 -751.569112 -751.569115 -751.569126 -751.569168 -751.569326 -751.569915 -751.572106 -751.580212 -751.610020 -751.719865 -752.141969 -754.005799 -764.575227 -9999.0 -9999.0
-9999.0 -9999.0 -532.678061 -650.485306 -717.302559 -740.067853 -747.136302 -749.011236 -749.111254 -747.956062 -740.911880 -728.956370 -714.443209 -694.460760 -669.560911 -646.804858 -626.865424 -641.145089 -649.118215 -654.272710 -660.244293 -632.153835 -623.339953 -626.054405 -636.010825 -650.522155 -667.485740 -684.944606 -701.179072 -714.998150 -725.792936 -733.494298 -738.673608 -742.114695 -744.360337 -745.761826 -746.591049 -747.050557 -747.273061 -747.485797 -749.909126 -786.857567 -2288.098377 -4280.588994 -4282.178204 -4282.178218 -4282.178218 -4282.178218 -4282.178218 -4282.178218 -4282.178218 -4282.178218 -4282.178218 -4282.178218 -4282.178218 -4282.178218 -4282.178218 -4282.178218 -4282.178218 -4282.178199 -4280.267498 -2252.341267 -772.730565 -751.367114 -751.279627 -751.482957 -751.546158 -751.563123 -751.567557 -751.568708 -751.569006 -751.569083 -751.569103 -751.569109 -751.569110 -751.569110 -751.569110 -751.569111 -751.569111 -751.569111 -751.569111 -751.569111 -751.569111 -751.569111 -751.569111 -751.569111 -751.569111 -751.569111 -751.569111 -751.569112 -751.569115 -751.569126 -751.569168 -751.569326 -751.569915 -751.572106 -751.580212 -751.610020 -751.719865 -752.141969 -754.005798 -764.575227 -9999.0 -9999.0
-9999.0 -9999.0 -9999.0 -9999.0 -9999.0 -9999.0 -9999.0 -9999.0 -9999.0 -9999.0 -9999.0 -9999.0 -9999.0 -9999.0 -9999.0 -9999.0 -9999.0 -9999.0 -9999.0 -9999.0 -9999.0 -9999.0 -9999.0 -9999.0 -9999.0 -9999.0 -9999.0 -9999.0 -9999.0 -9999.0 -9999.0 -9999.0 -9999.0 -9999.0 -9999.0 -9999.0 -9999.0 -9999.0 -9999.0 -9999.0 -9999.0 -9999.0 -9999.0 -9999.0 -9999.0 -9999.0 -9999.0 -9999.0 -9999.0 -9999.0 -9999.0 -9999.0 -9999.0 -9999.0 -9999.0 -9999.0 -9999.0 -9999.0 -9999.0 -9999.0 -9999.0 -9999.0 -9999.0 -9999.0 -9999.0 -9999.0 -9999.0 -9999.0 -9999.0 -9999.0 -9999.0 -9999.0 -9999.0 -9999.0 -9999.0 -9999.0 -9999.0 -9999.0 -9999.0 -9999.0 -9999.0 -9999.0 -9999.0 -9999.0 -9999.0 -9999.0 -9999.0 -9999.0 -9999.0 -9999.0 -9999.0 -9999.0 -9999.0 -9999.0 -9999.0 -9999.0 -9999.0 -9999.0 -9999.0 -9999.0 -9999.0 -9999.0 -9999.0 -9999.0
-9999.0 -9999.0 -9999.0 -9999.0 -9999.0 -9999.0 -9999.0 -9999.0 -9999.0 -9999.0 -9999.0 -9999.0 -9999.0 -9999.0 -9999.0 -9999.0 -9999.0 -9999.0 -9999.0 -9999.0 -9999.0 -9999.0 -9999.0 -9999.0 -9999.0 -9999.0 -9999.0 -9999.0 -9999.0 -9999.0 -9999.0 -9999.0 -9999.0 -9999.0 -9999.0 -9999.0 -9999.0 -9999.0 -9999.0 -9999.0 -9999.0 -9999.0 -9999.0 -9999.0 -9999.0 -9999.0 -9999.0 -9999.0 -9999.0 -9999.0 -9999.0 -9999.0 -9999.0 -9999.0 -9999.0 -9999.0 -9999.0 -9999.0 -9999.0 -9999.0 -9999.0 -9999.0 -9999.0 -9999.0 -9999.0 -9999.0 -9999.0 -9999.0 -9999.0 -9999.0 -9999.0 -9999.0 -9999.0 -9999.0 -9999.0 -9999.0 -9999.0 -9999.0 -9999.0 -9999.0 -9999.0 -9999.0 -9999.0 -9999.0 -9999.0 -9999.0 -9999.0 -9999.0 -9999.0 -9999.0 -9999.0 -9999.0 -9999.0 -9999.0 -9999.0 -9999.0 -9999.0 -9999.0 -9999.0 -9999.0 -9999.0 -9999.0 -9999.0 -9999.0