examples/3D/hillslope02_superslab/output-maps-SE27XX/psiliqL0049N0003.asc
ncols         104
nrows         10
xllcorner     -2.000000
yllcorner     0.000000
cellsize      1.000000
NODATA_value  -9999.0
-9999.0 -9999.0 -9999.0 -9999.0 -9999.0 -9999.0 -9999.0 -9999.0 -9999.0 -9999.0 -9999.0 -9999.0 -9999.0 -9999.0 -9999.0 -9999.0 -9999.0 -9999.0 -9999.0 -9999.0 -9999.0 -9999.0 -9999.0 -9999.0 -9999.0 -9999.0 -9999.0 -9999.0 -9999.0 -9999.0 -9999.0 -9999.0 -9999.0 -9999.0 -9999.0 -9999.0 -9999.0 -9999.0 -9999.0 -9999.0 -9999.0 -9999.0 -9999.0 -9999.0 -9999.0 -9999.0 -9999.0 -9999.0 -9999.0 -9999.0 -9999.0 -9999.0 -9999.0 -9999.0 -9999.0 -9999.0 -9999.0 -9999.0 -9999.0 -9999.0 -9999.0 -9999.0 -9999.0 -9999.0 -9999.0 -9999.0 -9999.0 -9999.0 -9999.0 -9999.0 -9999.0 -9999.0 -9999.0 -9999.0 -9999.0 -9999.0 -9999.0 -9999.0 -9999.0 -9999.0 -9999.0 -9999.0 -9999.0 -9999.0 -9999.0 -9999.0 -9999.0 -9999.0 -9999.0 -9999.0 -9999.0 -9999.0 -9999.0 -9999.0 -9999.0 -9999.0 -9999.0 -9999.0 -9999.0 -9999.0 -9999.0 -9999.0 -9999.0 -9999.0
-9999.0 -9999.0 -9999.0 -9999.0 -9999.0 -9999.0 -9999.0 -9999.0 -9999.0 -9999.0 -9999.0 -9999.0 -9999.0 -9999.0 -9999.0 -9999.0 -9999.0 -9999.0 -9999.0 -9999.0 -9999.0 -9999.0 -9999.0 -9999.0 -9999.0 -9999.0 -9999.0 -9999.0 -9999.0 -9999.0 -9999.0 -9999.0 -9999.0 -9999.0 -9999.0 -9999.0 -9999.0 -9999.0 -9999.0 -9999.0 -9999.0 -9999.0 -9999.0 -9999.0 -9999.0 -9999.0 -9999.0 -9999.0 -9999.0 -9999.0 -9999.0 -9999.0 -9999.0 -9999.0 -9999.0 -9999.0 -9999.0 -9999.0 -9999.0 -9999.0 -9999.0 -9999.0 -9999.0 -9999.0 -9999.0 -9999.0 -9999.0 -9999.0 -9999.0 -9999.0 -9999.0 -9999.0 -9999.0 -9999.0 -9999.0 -9999.0 -9999.0 -9999.0 -9999.0 -9999.0 -9999.0 -9999.0 -9999.0 -9999.0 -9999.0 -9999.0 -9999.0 -9999.0 -9999.0 -9999.0 -9999.0 -9999.0 -9999.0 -9999.0 -9999.0 -9999.0 -9999.0 -9999.0 -9999.0 -9999.0 -9999.0 -9999.0 -9999.0 -9999.0
-9999.0 -9999.0 1265.652144 1167.248482 1070.481227 975.418426 882.130056 790.679599 701.114705 613.501911 527.922785 444.431586 363.075949 283.951104 207.027629 132.370884 59.826122 -10.538578 -78.824795 -145.332775 -209.626531 -269.193314 -319.953609 -359.114071 -386.653970 -404.679347 -415.934340 -422.775170 -426.909528 -429.467592 -431.164646 -432.454811 -433.648268 -434.970625 -412.306200 -372.528174 -341.377097 -318.525919 -313.795644 -381.767969 -440.887275 -497.461182 -577.665698 -646.868949 -718.994486 -802.589493 -915.804791 -1103.661701 -1490.144316 -2363.249893 -2548.377304 -2549.501163 -2549.504942 -2549.504951 -2549.504950 -2549.504946 -2549.503148 -2548.856713 -2405.506855 -1255.464864 -785.120991 -641.455985 -564.064058 -551.042725 -550.203382 -550.323182 -550.387085 -550.407049 -550.413589 -550.416923 -550.419831 -550.422984 -550.426466 -550.430185 -550.434022 -550.437917 -550.441794 -550.445560 -550.449142 -550.452509 -550.455617 -550.458443 -550.460979 -550.463220 -550.465178 -550.466863 -550.468297 -550.469498 -550.470493 -550.471308 -550.471968 -550.472512 -550.473011 -550.473665 -550.475163 -550.479954 -550.496810 -550.557286 -550.778117 -551.620111 -555.057204 -570.360307 -9999.0 -9999.0
-9999.0 -9999.0 1265.652144 1167.248481 1070.481228 975.418425 882.130056 790.679599 701.114705 613.501910 527.922785 444.431585 363.075949 283.951103 207.027629 132.370883 59.826121 -10.538578 -78.824795 -145.332775 -209.626531 -269.193314 -319.953609 -359.114071 -386.653970 -404.679347 -415.934340 -422.775170 -426.909528 -429.467592 -431.164646 -432.454811 -433.648268 -434.970625 -412.306200 -372.528174 -341.377097 -318.525919 -313.795644 -381.767969 -440.887275 -497.461182 -577.665698 -646.868949 -718.994486 -802.589493 -915.804791 -1103.661701 -1490.144316 -2363.249893 -2548.377304 -2549.501163 -2549.504942 -2549.504951 -2549.504950 -2549.504946 -2549.503148 -2548.856713 -2405.506854 -1255.464864 -785.120991 -641.455985 -564.064058 -551.042725 -550.203382 -550.323183 -550.387085 -550.407049 -550.413589 -550.416923 -550.419831 -550.422984 -550.426466 -550.430185 -550.434022 -550.437917 -550.441794 -550.445560 -550.449142 -550.452509 -550.455617 -550.458443 -550.460979 -550.463220 -550.465178 -550.466863 -550.468297 -550.469498 -550.470493 -550.471308 -550.471968 -550.472512 -550.473011 -550.473665 -550.475163 -550.479954 -550.496810 -550.557286 -550.778117 -551.620111 -555.057204 -570.360307 -9999.0 -9999.0
-9999.0 -9999.0 1265.652143 1167.248482 1070.481227 975.418425 882.130056 790.679599 701.114704 613.501910 527.922785 444.431585 363.075949 283.951103 207.027629 132.370883 59.826121 -10.538578 -78.824795 -145.332776 -209.626531 -269.193314 -319.953609 -359.114071 -386.653970 -404.679347 -415.934340 -422.775170 -426.909528 -429.467592 -431.164646 -432.454811 -433.648268 -434.970625 -412.306200 -372.528174 -341.377097 -318.525919 -313.795644 -381.767969 -440.887275 -497.461182 -577.665698 -646.868949 -718.994486 -802.589493 -915.804791 -1103.661701 -1490.144316 -2363.249893 -2548.377304 -2549.501163 -2549.504942 -2549.504951 -2549.504950 -2549.504946 -2549.503148 -2548.856713 -2405.506854 -1255.464863 -785.120991 -641.455985 -564.064058 -551.042725 -550.203382 -550.323183 -550.387085 -550.407049 -550.413589 -550.416923 -550.419831 -550.422984 -550.426466 -550.430185 -550.434023 -550.437917 -550.441795 -550.445560 -550.449142 -550.452509 -550.455618 -550.458443 -550.460979 -550.463220 -550.465178 -550.466863 -550.468297 -550.469498 -550.470493 -550.471308 -550.471968 -550.472512 -550.473011 -550.473665 -550.475163 -550.479954 -550.496810 -550.557286 -550.778117 -551.620111 -555.057204 -570.360308 -9999.0 -9999.0
-9999.0 -9999.0 1265.652144 1167.248481 1070.481227 975.418425 882.130056 790.679598 701.114705 613.501910 527.922785 444.431585 363.075949 283.951103 207.027629 132.370883 59.826121 -10.538578 -78.824795 -145.332776 -209.626531 -269.193314 -319.953609 -359.114071 -386.653970 -404.679347 -415.934340 -422.775170 -426.909528 -429.467592 -431.164646 -432.454811 -433.648268 -434.970625 -412.306200 -372.528174 -341.377097 -318.525919 -313.795644 -381.767969 -440.887275 -497.461182 -577.665698 -646.868949 -718.994486 -802.589493 -915.804791 -1103.661701 -1490.144316 -2363.249893 -2548.377304 -2549.501163 -2549.504942 -2549.504951 -2549.504950 -2549.504946 -2549.503148 -2548.856713 -2405.506854 -1255.464863 -785.120991 -641.455985 -564.064058 -551.042725 -550.203382 -550.323183 -550.387085 -550.407049 -550.413589 -550.416923 -550.419831 -550.422984 -550.426466 -550.430185 -550.434023 -550.437917 -550.441795 -550.445560 -550.449142 -550.452509 -550.455618 -550.458443 -550.460979 -550.463220 -550.465178 -550.466863 -550.468297 -550.469498 -550.470493 -550.471308 -550.471968 -550.472512 -550.473011 -550.473665 -550.475163 -550.479954 -550.496810 -550.557286 -550.778117 -551.620111 -555.057204 -570.360308 -9999.0 -9999.0
-9999.0 -9999.0 1265.652144 1167.248482 1070.481227 975.418426 882.130056 790.679599 701.114705 613.501910 527.922785 444.431585 363.075949 283.951103 207.027629 132.370883 59.826121 -10.538578 -78.824795 -145.332775 -209.626531 -269.193314 -319.953609 -359.114071 -386.653970 -404.679347 -415.934340 -422.775170 -426.909528 -429.467592 -431.164646 -432.454811 -433.648268 -434.970625 -412.306200 -372.528174 -341.377097 -318.525919 -313.795644 -381.767969 -440.887275 -497.461182 -577.665698 -646.868949 -718.994486 -802.589493 -915.804791 -1103.661701 -1490.144316 -2363.249893 -2548.377304 -2549.501163 -2549.504942 -2549.504951 -2549.504950 -2549.504946 -2549.503148 -2548.856713 -2405.506854 -1255.464864 -785.120991 -641.455985 -564.064058 -551.042725 -550.203382 -550.323183 -550.387085 -550.407049 -550.413589 -550.416923 -550.419831 -550.422984 -550.426466 -550.430185 -550.434022 -550.437917 -550.441794 -550.445560 -550.449142 -550.452509 -550.455617 -550.458443 -550.460979 -550.463220 -550.465178 -550.466863 -550.468297 -550.469498 -550.470493 -550.471308 -550.471968 -550.472512 -550.473011 -550.473665 -550.475163 -550.479954 -550.496810 -550.557286 -550.778117 -551.620111 -555.057204 -570.360307 -9999.0 -9999.0
-9999.0 -9999.0 1265.652144 1167.248482 1070.481228 975.418425 882.130056 790.679599 701.114705 613.501910 527.922785 444.431586 363.075949 283.951103 207.027629 132.370884 59.826122 -10.538578 -78.824795 -145.332775 -209.626531 -269.193314 -319.953609 -359.114071 -386.653970 -404.679347 -415.934340 -422.775170 -426.909528 -429.467592 -431.164646 -432.454811 -433.648268 -434.970625 -412.306200 -372.528174 -341.377097 -318.525919 -313.795644 -381.767969 -440.887275 -497.461182 -577.665698 -646.868949 -718.994486 -802.589493 -915.804791 -1103.661701 -1490.144316 -2363.249893 -2548.377304 -2549.501163 -2549.504942 -2549.504951 -2549.504950 -2549.504946 -2549.503148 -2548.856713 -2405.506855 -1255.464864 -785.120991 -641.455985 -564.064058 -551.042725 -550.203382 -550.323182 -550.387085 -550.407049 -550.413589 -550.416923 -550.419831 -550.422984 -550.426466 -550.430185 -550.434022 -550.437917 -550.441794 -550.445560 -550.449142 -550.452509 -550.455617 -550.458443 -550.460979 -550.463220 -550.465178 -550.466863 -550.468297 -550.469498 -550.470493 -550.471308 -550.471968 -550.472512 -550.473011 -550.473665 -550.475163 -550.479954 -550.496810 -550.557286 -550.778117 -551.620111 -555.057204 -570.360307 -9999.0 -9999.0
-9999.0 -9999.0 -9999.0 -9999.0 -9999.0 -9999.0 -9999.0 -9999.0 -9999.0 -9999.0 -9999.0 -9999.0 -9999.0 -9999.0 -9999.0 -9999.0 -9999.0 -9999.0 -9999.0 -9999.0 -9999.0 -9999.0 -9999.0 -9999.0 -9999.0 -9999.0 -9999.0 -9999.0 -9999.0 -9999.0 -9999.0 -9999.0 -9999.0 -9999.0 -9999.0 -9999.0 -9999.0 -9999.0 -9999.0 -9999.0 -9999.0 -9999.0 -9999.0 -9999.0 -9999.0 -9999.0 -9999.0 -9999.0 -9999.0 -9999.0 -9999.0 -9999.0 -9999.0 -9999.0 -9999.0 -9999.0 -9999.0 -9999.0 -9999.0 -9999.0 -9999.0 -9999.0 -9999.0 -9999.0 -9999.0 -9999.0 -9999.0 -9999.0 -9999.0 -9999.0 -9999.0 -9999.0 -9999.0 -9999.0 -9999.0 -9999.0 -9999.0 -9999.0 -9999.0 -9999.0 -9999.0 -9999.0 -9999.0 -9999.0 -9999.0 -9999.0 -9999.0 -9999.0 -9999.0 -9999.0 -9999.0 -9999.0 -9999.0 -9999.0 -9999.0 -9999.0 -9999.0 -9999.0 -9999.0 -9999.0 -9999.0 -9999.0 -9999.0 -9999.0
-9999.0 -9999.0 -9999.0 -9999.0 -9999.0 -9999.0 -9999.0 -9999.0 -9999.0 -9999.0 -9999.0 -9999.0 -9999.0 -9999.0 -9999.0 -9999.0 -9999.0 -9999.0 -9999.0 -9999.0 -9999.0 -9999.0 -9999.0 -9999.0 -9999.0 -9999.0 -9999.0 -9999.0 -9999.0 -9999.0 -9999.0 -9999.0 -9999.0 -9999.0 -9999.0 -9999.0 -9999.0 -9999.0 -9999.0 -9999.0 -9999.0 -9999.0 -9999.0 -9999.0 -9999.0 -9999.0 -9999.0 -9999.0 -9999.0 -9999.0 -9999.0 -9999.0 -9999.0 -9999.0 -9999.0 -9999.0 -9999.0 -9999.0 -9999.0 -9999.0 -9999.0 -9999.0 -9999.0 -9999.0 -9999.0 -9999.0 -9999.0 -9999.0 -9999.0 -9999.0 -9999.0 -9999.0 -9999.0 -9999.0 -9999.0 -9999.0 -9999.0 -9999.0 -9999.0 -9999.0 -9999.0 -9999.0 -9999.0 -9999.0 -9999.0 -9999.0 -9999.0 -9999.0 -9999.0 -9999.0 -9999.0 -9999.0 -9999.0 -9999.0 -9999.0 -9999.0 -9999.0 -9999.0 -9999.0 -9999.0 -9999.0 -9999.0 -9999.0 -9999.0