examples/3D/hillslope02_superslab/output-maps-SE27XX/psiliqL0077N0003.asc
ncols         104
nrows         10
xllcorner     -2.000000
yllcorner     0.000000
cellsize      1.000000
NODATA_value  -9999.0
-9999.0 -9999.0 -9999.0 -9999.0 -9999.0 -9999.0 -9999.0 -9999.0 -9999.0 -9999.0 -9999.0 -9999.0 -9999.0 -9999.0 -9999.0 -9999.0 -9999.0 -9999.0 -9999.0 -9999.0 -9999.0 -9999.0 -9999.0 -9999.0 -9999.0 -9999.0 -9999.0 -9999.0 -9999.0 -9999.0 -9999.0 -9999.0 -9999.0 -9999.0 -9999.0 -9999.0 -9999.0 -9999.0 -9999.0 -9999.0 -9999.0 -9999.0 -9999.0 -9999.0 -9999.0 -9999.0 -9999.0 -9999.0 -9999.0 -9999.0 -9999.0 -9999.0 -9999.0 -9999.0 -9999.0 -9999.0 -9999.0 -9999.0 -9999.0 -9999.0 -9999.0 -9999.0 -9999.0 -9999.0 -9999.0 -9999.0 -9999.0 -9999.0 -9999.0 -9999.0 -9999.0 -9999.0 -9999.0 -9999.0 -9999.0 -9999.0 -9999.0 -9999.0 -9999.0 -9999.0 -9999.0 -9999.0 -9999.0 -9999.0 -9999.0 -9999.0 -9999.0 -9999.0 -9999.0 -9999.0 -9999.0 -9999.0 -9999.0 -9999.0 -9999.0 -9999.0 -9999.0 -9999.0 -9999.0 -9999.0 -9999.0 -9999.0 -9999.0 -9999.0
-9999.0 -9999.0 -9999.0 -9999.0 -9999.0 -9999.0 -9999.0 -9999.0 -9999.0 -9999.0 -9999.0 -9999.0 -9999.0 -9999.0 -9999.0 -9999.0 -9999.0 -9999.0 -9999.0 -9999.0 -9999.0 -9999.0 -9999.0 -9999.0 -9999.0 -9999.0 -9999.0 -9999.0 -9999.0 -9999.0 -9999.0 -9999.0 -9999.0 -9999.0 -9999.0 -9999.0 -9999.0 -9999.0 -9999.0 -9999.0 -9999.0 -9999.0 -9999.0 -9999.0 -9999.0 -9999.0 -9999.0 -9999.0 -9999.0 -9999.0 -9999.0 -9999.0 -9999.0 -9999.0 -9999.0 -9999.0 -9999.0 -9999.0 -9999.0 -9999.0 -9999.0 -9999.0 -9999.0 -9999.0 -9999.0 -9999.0 -9999.0 -9999.0 -9999.0 -9999.0 -9999.0 -9999.0 -9999.0 -9999.0 -9999.0 -9999.0 -9999.0 -9999.0 -9999.0 -9999.0 -9999.0 -9999.0 -9999.0 -9999.0 -9999.0 -9999.0 -9999.0 -9999.0 -9999.0 -9999.0 -9999.0 -9999.0 -9999.0 -9999.0 -9999.0 -9999.0 -9999.0 -9999.0 -9999.0 -9999.0 -9999.0 -9999.0 -9999.0 -9999.0
-9999.0 -9999.0 2656.082926 2557.743464 2461.089301 2366.164025 2273.020823 2181.715896 2092.305936 2004.850885 1919.411448 1836.041988 1754.790028 1675.694458 1598.768089 1524.007590 1451.375901 1380.836719 1312.332973 1245.794999 1181.188946 1118.452082 1057.508307 998.285359 940.745774 884.836971 830.494462 777.656450 726.262535 676.252197 627.569156 580.156794 533.955271 488.897143 444.900167 401.941560 360.061647 319.228385 279.395720 240.482477 202.439878 165.558975 129.884366 95.501515 62.886694 32.224471 3.124624 -23.720799 -48.055900 -81.630706 -129.997129 -125.917559 -47.554258 -72.960915 -89.643620 -103.043393 -113.691704 -122.122637 -128.693765 -133.667027 -137.505428 -140.773127 -144.369861 -148.946674 -154.307292 -160.473389 -167.500445 -175.463310 -184.452953 -194.627792 -205.476409 -217.108812 -229.679510 -243.281727 -257.294931 -271.965396 -287.357297 -302.849241 -318.699053 -334.517869 -350.161527 -365.498668 -380.209046 -394.219233 -407.283560 -419.298557 -430.202102 -439.856386 -448.334443 -455.620638 -461.772749 -466.902995 -471.104392 -474.482025 -477.157757 -479.250899 -480.879943 -482.194027 -483.475090 -485.507059 -490.938356 -509.844262 -9999.0 -9999.0
-9999.0 -9999.0 2656.082925 2557.743463 2461.089300 2366.164024 2273.020822 2181.715895 2092.305935 2004.850884 1919.411448 1836.041987 1754.790028 1675.694458 1598.768089 1524.007590 1451.375900 1380.836719 1312.332973 1245.794999 1181.188946 1118.452082 1057.508307 998.285359 940.745774 884.836971 830.494462 777.656450 726.262535 676.252197 627.569156 580.156794 533.955270 488.897143 444.900167 401.941560 360.061646 319.228385 279.395719 240.482477 202.439878 165.558975 129.884366 95.501515 62.886693 32.224471 3.124624 -23.720799 -48.055900 -81.630706 -129.997129 -125.917559 -47.554258 -72.960915 -89.643620 -103.043393 -113.691704 -122.122637 -128.693765 -133.667027 -137.505428 -140.773127 -144.369861 -148.946674 -154.307292 -160.473389 -167.500445 -175.463310 -184.452953 -194.627792 -205.476409 -217.108812 -229.679510 -243.281727 -257.294931 -271.965396 -287.357297 -302.849241 -318.699053 -334.517869 -350.161527 -365.498668 -380.209046 -394.219233 -407.283560 -419.298557 -430.202102 -439.856386 -448.334443 -455.620638 -461.772749 -466.902995 -471.104392 -474.482025 -477.157757 -479.250899 -480.879943 -482.194027 -483.475090 -485.507059 -490.938356 -509.844262 -9999.0 -9999.0
-9999.0 -9999.0 2656.082925 2557.743463 2461.089300 2366.164023 2273.020822 2181.715895 2092.305935 2004.850884 1919.411447 1836.041987 1754.790027 1675.694457 1598.768088 1524.007589 1451.375900 1380.836719 1312.332973 1245.794999 1181.188946 1118.452082 1057.508307 998.285359 940.745774 884.836971 830.494462 777.656449 726.262534 676.252197 627.569156 580.156794 533.955270 488.897143 444.900167 401.941560 360.061646 319.228385 279.395719 240.482477 202.439878 165.558974 129.884366 95.501515 62.886693 32.224471 3.124624 -23.720799 -48.055900 -81.630706 -129.997129 -125.917559 -47.554258 -72.960915 -89.643620 -103.043393 -113.691704 -122.122637 -128.693765 -133.667027 -137.505428 -140.773127 -144.369861 -148.946674 -154.307292 -160.473389 -167.500445 -175.463310 -184.452953 -194.627792 -205.476409 -217.108812 -229.679510 -243.281727 -257.294931 -271.965396 -287.357297 -302.849241 -318.699053 -334.517869 -350.161527 -365.498668 -380.209046 -394.219233 -407.283560 -419.298557 -430.202102 -439.856386 -448.334444 -455.620638 -461.772749 -466.902995 -471.104392 -474.482026 -477.157757 -479.250899 -480.879943 -482.194027 -483.475090 -485.507059 -490.938357 -509.844263 -9999.0 -9999.0
-9999.0 -9999.0 2656.082925 2557.743463 2461.089300 2366.164023 2273.020822 2181.715895 2092.305935 2004.850884 1919.411447 1836.041987 1754.790028 1675.694457 1598.768089 1524.007589 1451.375900 1380.836719 1312.332973 1245.794999 1181.188946 1118.452082 1057.508307 998.285359 940.745774 884.836971 830.494462 777.656449 726.262534 676.252197 627.569156 580.156794 533.955270 488.897143 444.900167 401.941560 360.061646 319.228385 279.395719 240.482477 202.439878 165.558974 129.884366 95.501515 62.886693 32.224471 3.124624 -23.720799 -48.055900 -81.630706 -129.997129 -125.917559 -47.554258 -72.960915 -89.643620 -103.043393 -113.691704 -122.122637 -128.693765 -133.667027 -137.505428 -140.773127 -144.369861 -148.946674 -154.307292 -160.473389 -167.500445 -175.463310 -184.452953 -194.627792 -205.476409 -217.108812 -229.679510 -243.281727 -257.294931 -271.965396 -287.357297 -302.849241 -318.699053 -334.517869 -350.161527 -365.498668 -380.209046 -394.219233 -407.283560 -419.298557 -430.202102 -439.856386 -448.334444 -455.620638 -461.772749 -466.902995 -471.104392 -474.482026 -477.157757 -479.250899 -480.879943 -482.194027 -483.475090 -485.507059 -490.938357 -509.844263 -9999.0 -9999.0
-9999.0 -9999.0 2656.082925 2557.743463 2461.089300 2366.164024 2273.020822 2181.715895 2092.305935 2004.850884 1919.411448 1836.041987 1754.790028 1675.694458 1598.768089 1524.007590 1451.375900 1380.836719 1312.332973 1245.794999 1181.188946 1118.452082 1057.508307 998.285359 940.745774 884.836971 830.494462 777.656450 726.262535 676.252197 627.569156 580.156794 533.955270 488.897143 444.900167 401.941560 360.061646 319.228385 279.395719 240.482477 202.439878 165.558975 129.884366 95.501515 62.886693 32.224471 3.124624 -23.720799 -48.055900 -81.630706 -129.997129 -125.917559 -47.554258 -72.960915 -89.643620 -103.043393 -113.691704 -122.122637 -128.693765 -133.667027 -137.505428 -140.773127 -144.369861 -148.946674 -154.307292 -160.473389 -167.500445 -175.463310 -184.452953 -194.627792 -205.476409 -217.108812 -229.679510 -243.281727 -257.294931 -271.965396 -287.357297 -302.849241 -318.699053 -334.517869 -350.161527 -365.498668 -380.209046 -394.219233 -407.283560 -419.298557 -430.202102 -439.856386 -448.334443 -455.620638 -461.772749 -466.902995 -471.104392 -474.482025 -477.157757 -479.250899 -480.879943 -482.194027 -483.475090 -485.507059 -490.938356 -509.844262 -9999.0 -9999.0
-9999.0 -9999.0 2656.082926 2557.743464 2461.089301 2366.164024 2273.020823 2181.715896 2092.305936 2004.850885 1919.411448 1836.041988 1754.790028 1675.694458 1598.768089 1524.007590 1451.375901 1380.836719 1312.332973 1245.794999 1181.188946 1118.452082 1057.508307 998.285359 940.745774 884.836971 830.494462 777.656450 726.262535 676.252197 627.569156 580.156794 533.955271 488.897143 444.900167 401.941560 360.061647 319.228385 279.395720 240.482477 202.439878 165.558975 129.884366 95.501515 62.886694 32.224471 3.124624 -23.720799 -48.055900 -81.630706 -129.997129 -125.917559 -47.554258 -72.960915 -89.643620 -103.043393 -113.691704 -122.122637 -128.693765 -133.667027 -137.505428 -140.773127 -144.369861 -148.946674 -154.307292 -160.473389 -167.500445 -175.463310 -184.452953 -194.627792 -205.476409 -217.108812 -229.679510 -243.281727 -257.294931 -271.965396 -287.357297 -302.849241 -318.699053 -334.517869 -350.161527 -365.498668 -380.209046 -394.219233 -407.283560 -419.298557 -430.202102 -439.856386 -448.334443 -455.620638 -461.772749 -466.902995 -471.104392 -474.482025 -477.157757 -479.250899 -480.879943 -482.194027 -483.475090 -485.507059 -490.938356 -509.844262 -9999.0 -9999.0
-9999.0 -9999.0 -9999.0 -9999.0 -9999.0 -9999.0 -9999.0 -9999.0 -9999.0 -9999.0 -9999.0 -9999.0 -9999.0 -9999.0 -9999.0 -9999.0 -9999.0 -9999.0 -9999.0 -9999.0 -9999.0 -9999.0 -9999.0 -9999.0 -9999.0 -9999.0 -9999.0 -9999.0 -9999.0 -9999.0 -9999.0 -9999.0 -9999.0 -9999.0 -9999.0 -9999.0 -9999.0 -9999.0 -9999.0 -9999.0 -9999.0 -9999.0 -9999.0 -9999.0 -9999.0 -9999.0 -9999.0 -9999.0 -9999.0 -9999.0 -9999.0 -9999.0 -9999.0 -9999.0 -9999.0 -9999.0 -9999.0 -9999.0 -9999.0 -9999.0 -9999.0 -9999.0 -9999.0 -9999.0 -9999.0 -9999.0 -9999.0 -9999.0 -9999.0 -9999.0 -9999.0 -9999.0 -9999.0 -9999.0 -9999.0 -9999.0 -9999.0 -9999.0 -9999.0 -9999.0 -9999.0 -9999.0 -9999.0 -9999.0 -9999.0 -9999.0 -9999.0 -9999.0 -9999.0 -9999.0 -9999.0 -9999.0 -9999.0 -9999.0 -9999.0 -9999.0 -9999.0 -9999.0 -9999.0 -9999.0 -9999.0 -9999.0 -9999.0 -9999.0
-9999.0 -9999.0 -9999.0 -9999.0 -9999.0 -9999.0 -9999.0 -9999.0 -9999.0 -9999.0 -9999.0 -9999.0 -9999.0 -9999.0 -9999.0 -9999.0 -9999.0 -9999.0 -9999.0 -9999.0 -9999.0 -9999.0 -9999.0 -9999.0 -9999.0 -9999.0 -9999.0 -9999.0 -9999.0 -9999.0 -9999.0 -9999.0 -9999.0 -9999.0 -9999.0 -9999.0 -9999.0 -9999.0 -9999.0 -9999.0 -9999.0 -9999.0 -9999.0 -9999.0 -9999.0 -9999.0 -9999.0 -9999.0 -9999.0 -9999.0 -9999.0 -9999.0 -9999.0 -9999.0 -9999.0 -9999.0 -9999.0 -9999.0 -9999.0 -9999.0 -9999.0 -9999.0 -9999.0 -9999.0 -9999.0 -9999.0 -9999.0 -9999.0 -9999.0 -9999.0 -9999.0 -9999.0 -9999.0 -9999.0 -9999.0 -9999.0 -9999.0 -9999.0 -9999.0 -9999.0 -9999.0 -9999.0 -9999.0 -9999.0 -9999.0 -9999.0 -9999.0 -9999.0 -9999.0 -9999.0 -9999.0 -9999.0 -9999.0 -9999.0 -9999.0 -9999.0 -9999.0 -9999.0 -9999.0 -9999.0 -9999.0 -9999.0 -9999.0 -9999.0