examples/3D/hillslope02_superslab/output-maps-SE27XX/psiliqL0037N0003.asc
ncols         104
nrows         10
xllcorner     -2.000000
yllcorner     0.000000
cellsize      1.000000
NODATA_value  -9999.0
-9999.0 -9999.0 -9999.0 -9999.0 -9999.0 -9999.0 -9999.0 -9999.0 -9999.0 -9999.0 -9999.0 -9999.0 -9999.0 -9999.0 -9999.0 -9999.0 -9999.0 -9999.0 -9999.0 -9999.0 -9999.0 -9999.0 -9999.0 -9999.0 -9999.0 -9999.0 -9999.0 -9999.0 -9999.0 -9999.0 -9999.0 -9999.0 -9999.0 -9999.0 -9999.0 -9999.0 -9999.0 -9999.0 -9999.0 -9999.0 -9999.0 -9999.0 -9999.0 -9999.0 -9999.0 -9999.0 -9999.0 -9999.0 -9999.0 -9999.0 -9999.0 -9999.0 -9999.0 -9999.0 -9999.0 -9999.0 -9999.0 -9999.0 -9999.0 -9999.0 -9999.0 -9999.0 -9999.0 -9999.0 -9999.0 -9999.0 -9999.0 -9999.0 -9999.0 -9999.0 -9999.0 -9999.0 -9999.0 -9999.0 -9999.0 -9999.0 -9999.0 -9999.0 -9999.0 -9999.0 -9999.0 -9999.0 -9999.0 -9999.0 -9999.0 -9999.0 -9999.0 -9999.0 -9999.0 -9999.0 -9999.0 -9999.0 -9999.0 -9999.0 -9999.0 -9999.0 -9999.0 -9999.0 -9999.0 -9999.0 -9999.0 -9999.0 -9999.0 -9999.0
-9999.0 -9999.0 -9999.0 -9999.0 -9999.0 -9999.0 -9999.0 -9999.0 -9999.0 -9999.0 -9999.0 -9999.0 -9999.0 -9999.0 -9999.0 -9999.0 -9999.0 -9999.0 -9999.0 -9999.0 -9999.0 -9999.0 -9999.0 -9999.0 -9999.0 -9999.0 -9999.0 -9999.0 -9999.0 -9999.0 -9999.0 -9999.0 -9999.0 -9999.0 -9999.0 -9999.0 -9999.0 -9999.0 -9999.0 -9999.0 -9999.0 -9999.0 -9999.0 -9999.0 -9999.0 -9999.0 -9999.0 -9999.0 -9999.0 -9999.0 -9999.0 -9999.0 -9999.0 -9999.0 -9999.0 -9999.0 -9999.0 -9999.0 -9999.0 -9999.0 -9999.0 -9999.0 -9999.0 -9999.0 -9999.0 -9999.0 -9999.0 -9999.0 -9999.0 -9999.0 -9999.0 -9999.0 -9999.0 -9999.0 -9999.0 -9999.0 -9999.0 -9999.0 -9999.0 -9999.0 -9999.0 -9999.0 -9999.0 -9999.0 -9999.0 -9999.0 -9999.0 -9999.0 -9999.0 -9999.0 -9999.0 -9999.0 -9999.0 -9999.0 -9999.0 -9999.0 -9999.0 -9999.0 -9999.0 -9999.0 -9999.0 -9999.0 -9999.0 -9999.0
-9999.0 -9999.0 668.801932 570.349077 473.496327 378.335405 284.948186 193.405939 103.736151 16.019613 -69.661198 -153.940907 -237.637848 -320.296757 -396.865983 -451.246862 -478.527298 -488.220609 -489.266597 -486.759480 -483.071670 -479.211291 -475.590247 -472.371980 -469.612723 -467.319174 -465.482088 -464.100688 -449.898578 -422.903943 -397.726345 -375.172469 -367.766931 -410.374128 -451.328659 -488.222103 -519.361031 -543.817113 -561.584229 -573.911333 -584.844869 -613.165825 -750.861281 -891.127545 -1124.168008 -1582.094052 -2654.422491 -3139.969558 -3143.555427 -3143.564339 -3143.564356 -3143.564356 -3143.564356 -3143.564356 -3143.564356 -3143.564356 -3143.563921 -3143.326078 -3053.594054 -1640.513034 -947.688691 -740.689194 -609.361981 -594.268739 -593.629771 -593.777974 -593.840849 -593.858926 -593.863744 -593.865016 -593.865368 -593.865490 -593.865557 -593.865615 -593.865672 -593.865730 -593.865789 -593.865848 -593.865904 -593.865958 -593.866008 -593.866053 -593.866095 -593.866131 -593.866163 -593.866190 -593.866214 -593.866233 -593.866250 -593.866264 -593.866279 -593.866306 -593.866380 -593.866638 -593.867578 -593.871033 -593.883662 -593.929658 -594.099468 -594.760033 -597.593458 -611.350257 -9999.0 -9999.0
-9999.0 -9999.0 668.801932 570.349077 473.496328 378.335405 284.948186 193.405938 103.736152 16.019612 -69.661199 -153.940907 -237.637849 -320.296757 -396.865983 -451.246863 -478.527298 -488.220609 -489.266597 -486.759480 -483.071670 -479.211291 -475.590247 -472.371980 -469.612723 -467.319174 -465.482088 -464.100688 -449.898578 -422.903943 -397.726345 -375.172469 -367.766931 -410.374128 -451.328659 -488.222103 -519.361031 -543.817113 -561.584229 -573.911333 -584.844869 -613.165825 -750.861281 -891.127545 -1124.168008 -1582.094052 -2654.422491 -3139.969558 -3143.555427 -3143.564339 -3143.564356 -3143.564356 -3143.564356 -3143.564356 -3143.564356 -3143.564356 -3143.563921 -3143.326078 -3053.594054 -1640.513033 -947.688690 -740.689194 -609.361981 -594.268739 -593.629771 -593.777974 -593.840850 -593.858926 -593.863744 -593.865016 -593.865369 -593.865490 -593.865557 -593.865615 -593.865672 -593.865730 -593.865789 -593.865848 -593.865904 -593.865958 -593.866008 -593.866053 -593.866095 -593.866131 -593.866163 -593.866190 -593.866214 -593.866233 -593.866250 -593.866264 -593.866279 -593.866306 -593.866380 -593.866638 -593.867578 -593.871033 -593.883663 -593.929658 -594.099468 -594.760033 -597.593458 -611.350257 -9999.0 -9999.0
-9999.0 -9999.0 668.801932 570.349077 473.496327 378.335405 284.948186 193.405938 103.736151 16.019612 -69.661199 -153.940907 -237.637849 -320.296757 -396.865984 -451.246863 -478.527298 -488.220609 -489.266597 -486.759480 -483.071670 -479.211291 -475.590247 -472.371980 -469.612723 -467.319174 -465.482088 -464.100688 -449.898578 -422.903943 -397.726345 -375.172469 -367.766931 -410.374128 -451.328659 -488.222103 -519.361031 -543.817113 -561.584229 -573.911333 -584.844869 -613.165825 -750.861281 -891.127545 -1124.168008 -1582.094052 -2654.422491 -3139.969558 -3143.555427 -3143.564339 -3143.564356 -3143.564356 -3143.564356 -3143.564356 -3143.564356 -3143.564356 -3143.563921 -3143.326078 -3053.594053 -1640.513033 -947.688690 -740.689194 -609.361981 -594.268739 -593.629771 -593.777974 -593.840850 -593.858926 -593.863744 -593.865016 -593.865369 -593.865490 -593.865557 -593.865615 -593.865672 -593.865730 -593.865789 -593.865848 -593.865905 -593.865958 -593.866008 -593.866054 -593.866095 -593.866131 -593.866163 -593.866190 -593.866214 -593.866233 -593.866250 -593.866264 -593.866280 -593.866306 -593.866380 -593.866638 -593.867578 -593.871034 -593.883663 -593.929659 -594.099468 -594.760033 -597.593458 -611.350258 -9999.0 -9999.0
-9999.0 -9999.0 668.801932 570.349077 473.496328 378.335404 284.948186 193.405938 103.736151 16.019612 -69.661199 -153.940908 -237.637849 -320.296757 -396.865984 -451.246863 -478.527298 -488.220609 -489.266597 -486.759480 -483.071670 -479.211291 -475.590247 -472.371980 -469.612723 -467.319174 -465.482088 -464.100688 -449.898578 -422.903943 -397.726345 -375.172469 -367.766931 -410.374128 -451.328659 -488.222103 -519.361031 -543.817113 -561.584229 -573.911333 -584.844869 -613.165825 -750.861281 -891.127545 -1124.168008 -1582.094052 -2654.422491 -3139.969558 -3143.555427 -3143.564339 -3143.564356 -3143.564356 -3143.564356 -3143.564356 -3143.564356 -3143.564356 -3143.563921 -3143.326078 -3053.594053 -1640.513033 -947.688690 -740.689194 -609.361981 -594.268739 -593.629771 -593.777974 -593.840850 -593.858926 -593.863744 -593.865016 -593.865369 -593.865490 -593.865557 -593.865615 -593.865672 -593.865730 -593.865789 -593.865848 -593.865905 -593.865958 -593.866008 -593.866054 -593.866095 -593.866131 -593.866163 -593.866190 -593.866214 -593.866233 -593.866250 -593.866264 -593.866280 -593.866306 -593.866380 -593.866638 -593.867578 -593.871034 -593.883663 -593.929659 -594.099468 -594.760033 -597.593458 -611.350258 -9999.0 -9999.0
-9999.0 -9999.0 668.801932 570.349077 473.496327 378.335405 284.948186 193.405938 103.736151 16.019613 -69.661199 -153.940907 -237.637849 -320.296757 -396.865983 -451.246863 -478.527298 -488.220609 -489.266597 -486.759480 -483.071670 -479.211291 -475.590247 -472.371980 -469.612723 -467.319174 -465.482088 -464.100688 -449.898578 -422.903943 -397.726345 -375.172469 -367.766931 -410.374128 -451.328659 -488.222103 -519.361031 -543.817113 -561.584229 -573.911333 -584.844869 -613.165825 -750.861281 -891.127545 -1124.168008 -1582.094052 -2654.422491 -3139.969558 -3143.555427 -3143.564339 -3143.564356 -3143.564356 -3143.564356 -3143.564356 -3143.564356 -3143.564356 -3143.563921 -3143.326078 -3053.594054 -1640.513033 -947.688690 -740.689194 -609.361981 -594.268739 -593.629771 -593.777974 -593.840850 -593.858926 -593.863744 -593.865016 -593.865369 -593.865490 -593.865557 -593.865615 -593.865672 -593.865730 -593.865789 -593.865848 -593.865904 -593.865958 -593.866008 -593.866053 -593.866095 -593.866131 -593.866163 -593.866190 -593.866214 -593.866233 -593.866250 -593.866264 -593.866279 -593.866306 -593.866380 -593.866638 -593.867578 -593.871033 -593.883663 -593.929658 -594.099468 -594.760033 -597.593458 -611.350257 -9999.0 -9999.0
-9999.0 -9999.0 668.801933 570.349077 473.496328 378.335405 284.948186 193.405939 103.736151 16.019613 -69.661198 -153.940907 -237.637848 -320.296757 -396.865983 -451.246862 -478.527298 -488.220609 -489.266597 -486.759480 -483.071670 -479.211291 -475.590247 -472.371980 -469.612723 -467.319174 -465.482088 -464.100688 -449.898578 -422.903943 -397.726345 -375.172469 -367.766931 -410.374128 -451.328659 -488.222103 -519.361031 -543.817113 -561.584229 -573.911333 -584.844869 -613.165825 -750.861281 -891.127545 -1124.168008 -1582.094052 -2654.422491 -3139.969558 -3143.555427 -3143.564339 -3143.564356 -3143.564356 -3143.564356 -3143.564356 -3143.564356 -3143.564356 -3143.563921 -3143.326078 -3053.594054 -1640.513034 -947.688691 -740.689194 -609.361981 -594.268739 -593.629771 -593.777974 -593.840849 -593.858926 -593.863744 -593.865016 -593.865368 -593.865490 -593.865557 -593.865615 -593.865672 -593.865730 -593.865789 -593.865848 -593.865904 -593.865958 -593.866008 -593.866053 -593.866095 -593.866131 -593.866163 -593.866190 -593.866214 -593.866233 -593.866250 -593.866264 -593.866279 -593.866306 -593.866380 -593.866638 -593.867578 -593.871033 -593.883662 -593.929658 -594.099468 -594.760033 -597.593458 -611.350257 -9999.0 -9999.0
-9999.0 -9999.0 -9999.0 -9999.0 -9999.0 -9999.0 -9999.0 -9999.0 -9999.0 -9999.0 -9999.0 -9999.0 -9999.0 -9999.0 -9999.0 -9999.0 -9999.0 -9999.0 -9999.0 -9999.0 -9999.0 -9999.0 -9999.0 -9999.0 -9999.0 -9999.0 -9999.0 -9999.0 -9999.0 -9999.0 -9999.0 -9999.0 -9999.0 -9999.0 -9999.0 -9999.0 -9999.0 -9999.0 -9999.0 -9999.0 -9999.0 -9999.0 -9999.0 -9999.0 -9999.0 -9999.0 -9999.0 -9999.0 -9999.0 -9999.0 -9999.0 -9999.0 -9999.0 -9999.0 -9999.0 -9999.0 -9999.0 -9999.0 -9999.0 -9999.0 -9999.0 -9999.0 -9999.0 -9999.0 -9999.0 -9999.0 -9999.0 -9999.0 -9999.0 -9999.0 -9999.0 -9999.0 -9999.0 -9999.0 -9999.0 -9999.0 -9999.0 -9999.0 -9999.0 -9999.0 -9999.0 -9999.0 -9999.0 -9999.0 -9999.0 -9999.0 -9999.0 -9999.0 -9999.0 -9999.0 -9999.0 -9999.0 -9999.0 -9999.0 -9999.0 -9999.0 -9999.0 -9999.0 -9999.0 -9999.0 -9999.0 -9999.0 -9999.0 -9999.0
-9999.0 -9999.0 -9999.0 -9999.0 -9999.0 -9999.0 -9999.0 -9999.0 -9999.0 -9999.0 -9999.0 -9999.0 -9999.0 -9999.0 -9999.0 -9999.0 -9999.0 -9999.0 -9999.0 -9999.0 -9999.0 -9999.0 -9999.0 -9999.0 -9999.0 -9999.0 -9999.0 -9999.0 -9999.0 -9999.0 -9999.0 -9999.0 -9999.0 -9999.0 -9999.0 -9999.0 -9999.0 -9999.0 -9999.0 -9999.0 -9999.0 -9999.0 -9999.0 -9999.0 -9999.0 -9999.0 -9999.0 -9999.0 -9999.0 -9999.0 -9999.0 -9999.0 -9999.0 -9999.0 -9999.0 -9999.0 -9999.0 -9999.0 -9999.0 -9999.0 -9999.0 -9999.0 -9999.0 -9999.0 -9999.0 -9999.0 -9999.0 -9999.0 -9999.0 -9999.0 -9999.0 -9999.0 -9999.0 -9999.0 -9999.0 -9999.0 -9999.0 -9999.0 -9999.0 -9999.0 -9999.0 -9999.0 -9999.0 -9999.0 -9999.0 -9999.0 -9999.0 -9999.0 -9999.0 -9999.0 -9999.0 -9999.0 -9999.0 -9999.0 -9999.0 -9999.0 -9999.0 -9999.0 -9999.0 -9999.0 -9999.0 -9999.0 -9999.0 -9999.0