examples/3D/hillslope02_superslab/output-maps-SE27XX/psiliqL0023N0002.asc
ncols         104
nrows         10
xllcorner     -2.000000
yllcorner     0.000000
cellsize      1.000000
NODATA_value  -9999.0
-9999.0 -9999.0 -9999.0 -9999.0 -9999.0 -9999.0 -9999.0 -9999.0 -9999.0 -9999.0 -9999.0 -9999.0 -9999.0 -9999.0 -9999.0 -9999.0 -9999.0 -9999.0 -9999.0 -9999.0 -9999.0 -9999.0 -9999.0 -9999.0 -9999.0 -9999.0 -9999.0 -9999.0 -9999.0 -9999.0 -9999.0 -9999.0 -9999.0 -9999.0 -9999.0 -9999.0 -9999.0 -9999.0 -9999.0 -9999.0 -9999.0 -9999.0 -9999.0 -9999.0 -9999.0 -9999.0 -9999.0 -9999.0 -9999.0 -9999.0 -9999.0 -9999.0 -9999.0 -9999.0 -9999.0 -9999.0 -9999.0 -9999.0 -9999.0 -9999.0 -9999.0 -9999.0 -9999.0 -9999.0 -9999.0 -9999.0 -9999.0 -9999.0 -9999.0 -9999.0 -9999.0 -9999.0 -9999.0 -9999.0 -9999.0 -9999.0 -9999.0 -9999.0 -9999.0 -9999.0 -9999.0 -9999.0 -9999.0 -9999.0 -9999.0 -9999.0 -9999.0 -9999.0 -9999.0 -9999.0 -9999.0 -9999.0 -9999.0 -9999.0 -9999.0 -9999.0 -9999.0 -9999.0 -9999.0 -9999.0 -9999.0 -9999.0 -9999.0 -9999.0
-9999.0 -9999.0 -9999.0 -9999.0 -9999.0 -9999.0 -9999.0 -9999.0 -9999.0 -9999.0 -9999.0 -9999.0 -9999.0 -9999.0 -9999.0 -9999.0 -9999.0 -9999.0 -9999.0 -9999.0 -9999.0 -9999.0 -9999.0 -9999.0 -9999.0 -9999.0 -9999.0 -9999.0 -9999.0 -9999.0 -9999.0 -9999.0 -9999.0 -9999.0 -9999.0 -9999.0 -9999.0 -9999.0 -9999.0 -9999.0 -9999.0 -9999.0 -9999.0 -9999.0 -9999.0 -9999.0 -9999.0 -9999.0 -9999.0 -9999.0 -9999.0 -9999.0 -9999.0 -9999.0 -9999.0 -9999.0 -9999.0 -9999.0 -9999.0 -9999.0 -9999.0 -9999.0 -9999.0 -9999.0 -9999.0 -9999.0 -9999.0 -9999.0 -9999.0 -9999.0 -9999.0 -9999.0 -9999.0 -9999.0 -9999.0 -9999.0 -9999.0 -9999.0 -9999.0 -9999.0 -9999.0 -9999.0 -9999.0 -9999.0 -9999.0 -9999.0 -9999.0 -9999.0 -9999.0 -9999.0 -9999.0 -9999.0 -9999.0 -9999.0 -9999.0 -9999.0 -9999.0 -9999.0 -9999.0 -9999.0 -9999.0 -9999.0 -9999.0 -9999.0
-9999.0 -9999.0 -320.402322 -346.894424 -353.080546 -353.268033 -349.149385 -338.961660 -322.062943 -302.954132 -338.793907 -354.445650 -365.118513 -375.609214 -378.320022 -369.270392 -363.421933 -359.541069 -356.506896 -353.916844 -351.603158 -256.904775 -90.052984 76.648211 254.226370 443.507259 372.039989 301.670394 232.748702 165.197680 98.656071 32.818720 -34.126459 -102.953419 -168.859877 -220.581895 -251.702555 -266.616170 -272.523871 -272.328610 -262.340161 -243.527401 -1978.117770 -3835.796249 -3836.633658 -3836.633663 -3836.633663 -3836.633663 -3836.633663 -3836.633663 -3836.633663 -3836.633663 -3836.633663 -3836.633663 -3836.633663 -3836.633663 -3836.633663 -3836.633663 -3836.633663 -3836.633659 -3836.142642 -2185.532614 -293.267454 -338.520362 -351.417760 -354.739018 -355.592002 -355.812222 -355.869218 -355.883982 -355.887807 -355.888798 -355.889054 -355.889121 -355.889138 -355.889143 -355.889144 -355.889144 -355.889144 -355.889144 -355.889144 -355.889144 -355.889144 -355.889144 -355.889144 -355.889144 -355.889144 -355.889145 -355.889147 -355.889154 -355.889181 -355.889282 -355.889662 -355.891080 -355.896384 -355.916189 -355.989884 -356.261668 -357.243545 -360.649957 -371.742232 -405.462704 -9999.0 -9999.0
-9999.0 -9999.0 -320.402322 -346.894425 -353.080547 -353.268034 -349.149386 -338.961661 -322.062943 -302.954131 -338.793906 -354.445649 -365.118512 -375.609214 -378.320022 -369.270392 -363.421933 -359.541069 -356.506896 -353.916844 -351.603158 -256.904775 -90.052985 76.648211 254.226370 443.507259 372.039989 301.670394 232.748702 165.197680 98.656071 32.818720 -34.126459 -102.953419 -168.859877 -220.581895 -251.702555 -266.616170 -272.523871 -272.328610 -262.340161 -243.527401 -1978.117770 -3835.796249 -3836.633658 -3836.633663 -3836.633663 -3836.633663 -3836.633663 -3836.633663 -3836.633663 -3836.633663 -3836.633663 -3836.633663 -3836.633663 -3836.633663 -3836.633663 -3836.633663 -3836.633663 -3836.633659 -3836.142642 -2185.532613 -293.267454 -338.520363 -351.417761 -354.739019 -355.592005 -355.812225 -355.869221 -355.883985 -355.887810 -355.888800 -355.889057 -355.889124 -355.889141 -355.889145 -355.889146 -355.889147 -355.889147 -355.889147 -355.889147 -355.889147 -355.889147 -355.889147 -355.889147 -355.889147 -355.889147 -355.889148 -355.889149 -355.889157 -355.889184 -355.889285 -355.889664 -355.891083 -355.896387 -355.916191 -355.989887 -356.261671 -357.243549 -360.649958 -371.742238 -405.462703 -9999.0 -9999.0
-9999.0 -9999.0 -320.402323 -346.894426 -353.080548 -353.268035 -349.149387 -338.961661 -322.062943 -302.954131 -338.793906 -354.445648 -365.118512 -375.609214 -378.320022 -369.270392 -363.421933 -359.541069 -356.506896 -353.916844 -351.603158 -256.904775 -90.052985 76.648211 254.226370 443.507259 372.039989 301.670394 232.748702 165.197680 98.656071 32.818720 -34.126459 -102.953419 -168.859877 -220.581895 -251.702555 -266.616170 -272.523871 -272.328610 -262.340161 -243.527401 -1978.117770 -3835.796249 -3836.633658 -3836.633663 -3836.633663 -3836.633663 -3836.633663 -3836.633663 -3836.633663 -3836.633663 -3836.633663 -3836.633663 -3836.633663 -3836.633663 -3836.633663 -3836.633663 -3836.633663 -3836.633659 -3836.142642 -2185.532613 -293.267454 -338.520364 -351.417763 -354.739022 -355.592008 -355.812228 -355.869225 -355.883989 -355.887814 -355.888804 -355.889061 -355.889128 -355.889145 -355.889149 -355.889150 -355.889151 -355.889151 -355.889151 -355.889151 -355.889151 -355.889151 -355.889151 -355.889151 -355.889151 -355.889151 -355.889152 -355.889153 -355.889161 -355.889188 -355.889289 -355.889668 -355.891087 -355.896391 -355.916196 -355.989891 -356.261675 -357.243553 -360.649964 -371.742242 -405.462711 -9999.0 -9999.0
-9999.0 -9999.0 -320.402323 -346.894426 -353.080548 -353.268035 -349.149387 -338.961661 -322.062943 -302.954131 -338.793906 -354.445648 -365.118512 -375.609214 -378.320022 -369.270392 -363.421933 -359.541069 -356.506896 -353.916844 -351.603158 -256.904775 -90.052985 76.648211 254.226370 443.507259 372.039989 301.670394 232.748702 165.197680 98.656071 32.818720 -34.126459 -102.953419 -168.859877 -220.581895 -251.702555 -266.616170 -272.523871 -272.328610 -262.340161 -243.527401 -1978.117770 -3835.796249 -3836.633658 -3836.633663 -3836.633663 -3836.633663 -3836.633663 -3836.633663 -3836.633663 -3836.633663 -3836.633663 -3836.633663 -3836.633663 -3836.633663 -3836.633663 -3836.633663 -3836.633663 -3836.633659 -3836.142642 -2185.532613 -293.267454 -338.520364 -351.417763 -354.739022 -355.592008 -355.812228 -355.869225 -355.883989 -355.887814 -355.888804 -355.889061 -355.889128 -355.889145 -355.889149 -355.889150 -355.889151 -355.889151 -355.889151 -355.889151 -355.889151 -355.889151 -355.889151 -355.889151 -355.889151 -355.889151 -355.889152 -355.889153 -355.889161 -355.889188 -355.889289 -355.889668 -355.891087 -355.896391 -355.916196 -355.989891 -356.261675 -357.243553 -360.649964 -371.742242 -405.462711 -9999.0 -9999.0
-9999.0 -9999.0 -320.402322 -346.894425 -353.080547 -353.268034 -349.149386 -338.961661 -322.062943 -302.954131 -338.793906 -354.445649 -365.118512 -375.609214 -378.320022 -369.270392 -363.421933 -359.541069 -356.506896 -353.916844 -351.603158 -256.904775 -90.052985 76.648211 254.226370 443.507259 372.039989 301.670394 232.748702 165.197680 98.656071 32.818720 -34.126459 -102.953419 -168.859877 -220.581895 -251.702555 -266.616170 -272.523871 -272.328610 -262.340161 -243.527401 -1978.117770 -3835.796249 -3836.633658 -3836.633663 -3836.633663 -3836.633663 -3836.633663 -3836.633663 -3836.633663 -3836.633663 -3836.633663 -3836.633663 -3836.633663 -3836.633663 -3836.633663 -3836.633663 -3836.633663 -3836.633659 -3836.142642 -2185.532613 -293.267454 -338.520363 -351.417761 -354.739019 -355.592005 -355.812225 -355.869221 -355.883985 -355.887810 -355.888800 -355.889057 -355.889124 -355.889141 -355.889145 -355.889146 -355.889147 -355.889147 -355.889147 -355.889147 -355.889147 -355.889147 -355.889147 -355.889147 -355.889147 -355.889147 -355.889148 -355.889149 -355.889157 -355.889184 -355.889285 -355.889664 -355.891083 -355.896387 -355.916191 -355.989887 -356.261671 -357.243549 -360.649958 -371.742238 -405.462703 -9999.0 -9999.0
-9999.0 -9999.0 -320.402322 -346.894424 -353.080546 -353.268033 -349.149385 -338.961660 -322.062943 -302.954132 -338.793907 -354.445650 -365.118513 -375.609214 -378.320022 -369.270392 -363.421933 -359.541069 -356.506896 -353.916844 -351.603158 -256.904775 -90.052984 76.648211 254.226370 443.507259 372.039989 301.670394 232.748702 165.197680 98.656071 32.818720 -34.126459 -102.953419 -168.859877 -220.581895 -251.702555 -266.616170 -272.523871 -272.328610 -262.340161 -243.527401 -1978.117770 -3835.796249 -3836.633658 -3836.633663 -3836.633663 -3836.633663 -3836.633663 -3836.633663 -3836.633663 -3836.633663 -3836.633663 -3836.633663 -3836.633663 -3836.633663 -3836.633663 -3836.633663 -3836.633663 -3836.633659 -3836.142642 -2185.532614 -293.267454 -338.520362 -351.417760 -354.739018 -355.592002 -355.812222 -355.869218 -355.883982 -355.887807 -355.888798 -355.889054 -355.889121 -355.889138 -355.889143 -355.889144 -355.889144 -355.889144 -355.889144 -355.889144 -355.889144 -355.889144 -355.889144 -355.889144 -355.889144 -355.889144 -355.889145 -355.889147 -355.889154 -355.889181 -355.889282 -355.889662 -355.891080 -355.896384 -355.916189 -355.989884 -356.261668 -357.243545 -360.649957 -371.742232 -405.462704 -9999.0 -9999.0
-9999.0 -9999.0 -9999.0 -9999.0 -9999.0 -9999.0 -9999.0 -9999.0 -9999.0 -9999.0 -9999.0 -9999.0 -9999.0 -9999.0 -9999.0 -9999.0 -9999.0 -9999.0 -9999.0 -9999.0 -9999.0 -9999.0 -9999.0 -9999.0 -9999.0 -9999.0 -9999.0 -9999.0 -9999.0 -9999.0 -9999.0 -9999.0 -9999.0 -9999.0 -9999.0 -9999.0 -9999.0 -9999.0 -9999.0 -9999.0 -9999.0 -9999.0 -9999.0 -9999.0 -9999.0 -9999.0 -9999.0 -9999.0 -9999.0 -9999.0 -9999.0 -9999.0 -9999.0 -9999.0 -9999.0 -9999.0 -9999.0 -9999.0 -9999.0 -9999.0 -9999.0 -9999.0 -9999.0 -9999.0 -9999.0 -9999.0 -9999.0 -9999.0 -9999.0 -9999.0 -9999.0 -9999.0 -9999.0 -9999.0 -9999.0 -9999.0 -9999.0 -9999.0 -9999.0 -9999.0 -9999.0 -9999.0 -9999.0 -9999.0 -9999.0 -9999.0 -9999.0 -9999.0 -9999.0 -9999.0 -9999.0 -9999.0 -9999.0 -9999.0 -9999.0 -9999.0 -9999.0 -9999.0 -9999.0 -9999.0 -9999.0 -9999.0 -9999.0 -9999.0
-9999.0 -9999.0 -9999.0 -9999.0 -9999.0 -9999.0 -9999.0 -9999.0 -9999.0 -9999.0 -9999.0 -9999.0 -9999.0 -9999.0 -9999.0 -9999.0 -9999.0 -9999.0 -9999.0 -9999.0 -9999.0 -9999.0 -9999.0 -9999.0 -9999.0 -9999.0 -9999.0 -9999.0 -9999.0 -9999.0 -9999.0 -9999.0 -9999.0 -9999.0 -9999.0 -9999.0 -9999.0 -9999.0 -9999.0 -9999.0 -9999.0 -9999.0 -9999.0 -9999.0 -9999.0 -9999.0 -9999.0 -9999.0 -9999.0 -9999.0 -9999.0 -9999.0 -9999.0 -9999.0 -9999.0 -9999.0 -9999.0 -9999.0 -9999.0 -9999.0 -9999.0 -9999.0 -9999.0 -9999.0 -9999.0 -9999.0 -9999.0 -9999.0 -9999.0 -9999.0 -9999.0 -9999.0 -9999.0 -9999.0 -9999.0 -9999.0 -9999.0 -9999.0 -9999.0 -9999.0 -9999.0 -9999.0 -9999.0 -9999.0 -9999.0 -9999.0 -9999.0 -9999.0 -9999.0 -9999.0 -9999.0 -9999.0 -9999.0 -9999.0 -9999.0 -9999.0 -9999.0 -9999.0 -9999.0 -9999.0 -9999.0 -9999.0 -9999.0 -9999.0