examples/3D/hillslope02_superslab/output-maps-SE27XX/psiliqL0045N0003.asc
ncols         104
nrows         10
xllcorner     -2.000000
yllcorner     0.000000
cellsize      1.000000
NODATA_value  -9999.0
-9999.0 -9999.0 -9999.0 -9999.0 -9999.0 -9999.0 -9999.0 -9999.0 -9999.0 -9999.0 -9999.0 -9999.0 -9999.0 -9999.0 -9999.0 -9999.0 -9999.0 -9999.0 -9999.0 -9999.0 -9999.0 -9999.0 -9999.0 -9999.0 -9999.0 -9999.0 -9999.0 -9999.0 -9999.0 -9999.0 -9999.0 -9999.0 -9999.0 -9999.0 -9999.0 -9999.0 -9999.0 -9999.0 -9999.0 -9999.0 -9999.0 -9999.0 -9999.0 -9999.0 -9999.0 -9999.0 -9999.0 -9999.0 -9999.0 -9999.0 -9999.0 -9999.0 -9999.0 -9999.0 -9999.0 -9999.0 -9999.0 -9999.0 -9999.0 -9999.0 -9999.0 -9999.0 -9999.0 -9999.0 -9999.0 -9999.0 -9999.0 -9999.0 -9999.0 -9999.0 -9999.0 -9999.0 -9999.0 -9999.0 -9999.0 -9999.0 -9999.0 -9999.0 -9999.0 -9999.0 -9999.0 -9999.0 -9999.0 -9999.0 -9999.0 -9999.0 -9999.0 -9999.0 -9999.0 -9999.0 -9999.0 -9999.0 -9999.0 -9999.0 -9999.0 -9999.0 -9999.0 -9999.0 -9999.0 -9999.0 -9999.0 -9999.0 -9999.0 -9999.0
-9999.0 -9999.0 -9999.0 -9999.0 -9999.0 -9999.0 -9999.0 -9999.0 -9999.0 -9999.0 -9999.0 -9999.0 -9999.0 -9999.0 -9999.0 -9999.0 -9999.0 -9999.0 -9999.0 -9999.0 -9999.0 -9999.0 -9999.0 -9999.0 -9999.0 -9999.0 -9999.0 -9999.0 -9999.0 -9999.0 -9999.0 -9999.0 -9999.0 -9999.0 -9999.0 -9999.0 -9999.0 -9999.0 -9999.0 -9999.0 -9999.0 -9999.0 -9999.0 -9999.0 -9999.0 -9999.0 -9999.0 -9999.0 -9999.0 -9999.0 -9999.0 -9999.0 -9999.0 -9999.0 -9999.0 -9999.0 -9999.0 -9999.0 -9999.0 -9999.0 -9999.0 -9999.0 -9999.0 -9999.0 -9999.0 -9999.0 -9999.0 -9999.0 -9999.0 -9999.0 -9999.0 -9999.0 -9999.0 -9999.0 -9999.0 -9999.0 -9999.0 -9999.0 -9999.0 -9999.0 -9999.0 -9999.0 -9999.0 -9999.0 -9999.0 -9999.0 -9999.0 -9999.0 -9999.0 -9999.0 -9999.0 -9999.0 -9999.0 -9999.0 -9999.0 -9999.0 -9999.0 -9999.0 -9999.0 -9999.0 -9999.0 -9999.0 -9999.0 -9999.0
-9999.0 -9999.0 1066.764146 968.345872 871.553165 776.460614 683.141907 591.662458 502.065301 414.418437 328.810650 245.294280 163.912662 84.784965 7.871339 -66.724831 -139.481616 -210.281232 -277.776954 -335.805346 -379.300822 -408.034284 -425.137038 -434.494415 -439.217695 -441.352303 -442.131498 -442.272181 -442.184136 -442.101917 -442.165219 -442.469774 -421.702460 -384.396446 -353.279621 -328.284166 -319.723653 -381.315063 -434.100707 -477.055230 -511.973124 -550.589143 -638.530923 -718.696778 -812.626303 -935.190901 -1126.839076 -1502.495870 -2390.568812 -2744.759989 -2747.516206 -2747.524732 -2747.524752 -2747.524752 -2747.524752 -2747.524750 -2747.523493 -2746.994656 -2607.016273 -1343.655480 -825.342019 -667.574982 -577.690117 -563.988691 -563.207592 -563.337138 -563.400647 -563.419601 -563.424913 -563.426650 -563.427565 -563.428367 -563.429219 -563.430135 -563.431087 -563.432060 -563.433038 -563.433994 -563.434906 -563.435767 -563.436565 -563.437290 -563.437943 -563.438520 -563.439025 -563.439459 -563.439828 -563.440137 -563.440393 -563.440604 -563.440777 -563.440932 -563.441118 -563.441506 -563.442705 -563.446929 -563.462161 -563.517244 -563.719414 -564.496770 -567.727093 -582.523699 -9999.0 -9999.0
-9999.0 -9999.0 1066.764146 968.345872 871.553165 776.460614 683.141907 591.662457 502.065301 414.418437 328.810649 245.294280 163.912662 84.784964 7.871338 -66.724831 -139.481616 -210.281233 -277.776954 -335.805346 -379.300822 -408.034284 -425.137038 -434.494415 -439.217695 -441.352303 -442.131498 -442.272181 -442.184136 -442.101917 -442.165219 -442.469774 -421.702460 -384.396446 -353.279621 -328.284166 -319.723653 -381.315063 -434.100707 -477.055230 -511.973124 -550.589143 -638.530923 -718.696778 -812.626303 -935.190901 -1126.839076 -1502.495870 -2390.568812 -2744.759989 -2747.516206 -2747.524732 -2747.524752 -2747.524752 -2747.524752 -2747.524750 -2747.523493 -2746.994656 -2607.016273 -1343.655479 -825.342019 -667.574981 -577.690117 -563.988691 -563.207592 -563.337138 -563.400648 -563.419601 -563.424914 -563.426650 -563.427565 -563.428367 -563.429219 -563.430135 -563.431087 -563.432060 -563.433038 -563.433994 -563.434906 -563.435767 -563.436565 -563.437290 -563.437943 -563.438520 -563.439025 -563.439459 -563.439828 -563.440137 -563.440393 -563.440604 -563.440777 -563.440932 -563.441119 -563.441506 -563.442705 -563.446929 -563.462161 -563.517244 -563.719414 -564.496770 -567.727093 -582.523699 -9999.0 -9999.0
-9999.0 -9999.0 1066.764146 968.345872 871.553165 776.460614 683.141907 591.662457 502.065301 414.418437 328.810649 245.294280 163.912661 84.784964 7.871338 -66.724831 -139.481616 -210.281233 -277.776954 -335.805346 -379.300822 -408.034284 -425.137038 -434.494415 -439.217695 -441.352303 -442.131498 -442.272181 -442.184136 -442.101917 -442.165219 -442.469774 -421.702460 -384.396446 -353.279621 -328.284166 -319.723653 -381.315063 -434.100707 -477.055230 -511.973124 -550.589143 -638.530923 -718.696778 -812.626303 -935.190901 -1126.839076 -1502.495870 -2390.568812 -2744.759989 -2747.516206 -2747.524732 -2747.524752 -2747.524752 -2747.524752 -2747.524750 -2747.523493 -2746.994656 -2607.016272 -1343.655478 -825.342018 -667.574981 -577.690117 -563.988691 -563.207592 -563.337138 -563.400648 -563.419601 -563.424914 -563.426651 -563.427565 -563.428367 -563.429220 -563.430135 -563.431087 -563.432060 -563.433038 -563.433994 -563.434906 -563.435767 -563.436565 -563.437290 -563.437943 -563.438520 -563.439025 -563.439459 -563.439828 -563.440137 -563.440394 -563.440604 -563.440777 -563.440932 -563.441119 -563.441506 -563.442705 -563.446929 -563.462161 -563.517244 -563.719414 -564.496770 -567.727093 -582.523699 -9999.0 -9999.0
-9999.0 -9999.0 1066.764146 968.345872 871.553165 776.460613 683.141907 591.662457 502.065301 414.418437 328.810649 245.294280 163.912662 84.784964 7.871338 -66.724831 -139.481616 -210.281233 -277.776954 -335.805346 -379.300822 -408.034284 -425.137038 -434.494415 -439.217695 -441.352303 -442.131498 -442.272181 -442.184136 -442.101917 -442.165219 -442.469774 -421.702460 -384.396446 -353.279621 -328.284166 -319.723653 -381.315063 -434.100707 -477.055230 -511.973124 -550.589143 -638.530923 -718.696778 -812.626303 -935.190901 -1126.839076 -1502.495870 -2390.568812 -2744.759989 -2747.516206 -2747.524732 -2747.524752 -2747.524752 -2747.524752 -2747.524750 -2747.523493 -2746.994656 -2607.016272 -1343.655478 -825.342018 -667.574981 -577.690117 -563.988691 -563.207592 -563.337138 -563.400648 -563.419601 -563.424914 -563.426651 -563.427565 -563.428367 -563.429220 -563.430135 -563.431087 -563.432060 -563.433038 -563.433994 -563.434906 -563.435767 -563.436565 -563.437290 -563.437943 -563.438520 -563.439025 -563.439459 -563.439828 -563.440137 -563.440394 -563.440604 -563.440777 -563.440932 -563.441119 -563.441506 -563.442705 -563.446929 -563.462161 -563.517244 -563.719414 -564.496770 -567.727093 -582.523699 -9999.0 -9999.0
-9999.0 -9999.0 1066.764146 968.345872 871.553165 776.460614 683.141907 591.662457 502.065301 414.418437 328.810649 245.294280 163.912662 84.784964 7.871338 -66.724831 -139.481616 -210.281233 -277.776954 -335.805346 -379.300822 -408.034284 -425.137038 -434.494415 -439.217695 -441.352303 -442.131498 -442.272181 -442.184136 -442.101917 -442.165219 -442.469774 -421.702460 -384.396446 -353.279621 -328.284166 -319.723653 -381.315063 -434.100707 -477.055230 -511.973124 -550.589143 -638.530923 -718.696778 -812.626303 -935.190901 -1126.839076 -1502.495870 -2390.568812 -2744.759989 -2747.516206 -2747.524732 -2747.524752 -2747.524752 -2747.524752 -2747.524750 -2747.523493 -2746.994656 -2607.016273 -1343.655479 -825.342019 -667.574981 -577.690117 -563.988691 -563.207592 -563.337138 -563.400648 -563.419601 -563.424914 -563.426650 -563.427565 -563.428367 -563.429219 -563.430135 -563.431087 -563.432060 -563.433038 -563.433994 -563.434906 -563.435767 -563.436565 -563.437290 -563.437943 -563.438520 -563.439025 -563.439459 -563.439828 -563.440137 -563.440393 -563.440604 -563.440777 -563.440932 -563.441119 -563.441506 -563.442705 -563.446929 -563.462161 -563.517244 -563.719414 -564.496770 -567.727093 -582.523699 -9999.0 -9999.0
-9999.0 -9999.0 1066.764147 968.345872 871.553165 776.460614 683.141907 591.662458 502.065301 414.418437 328.810650 245.294280 163.912662 84.784965 7.871339 -66.724831 -139.481616 -210.281232 -277.776954 -335.805346 -379.300822 -408.034284 -425.137038 -434.494415 -439.217695 -441.352303 -442.131498 -442.272181 -442.184136 -442.101917 -442.165219 -442.469774 -421.702460 -384.396446 -353.279621 -328.284166 -319.723653 -381.315063 -434.100707 -477.055230 -511.973124 -550.589143 -638.530923 -718.696778 -812.626303 -935.190901 -1126.839076 -1502.495870 -2390.568812 -2744.759989 -2747.516206 -2747.524732 -2747.524752 -2747.524752 -2747.524752 -2747.524750 -2747.523493 -2746.994656 -2607.016273 -1343.655480 -825.342019 -667.574982 -577.690117 -563.988691 -563.207592 -563.337138 -563.400647 -563.419601 -563.424913 -563.426650 -563.427565 -563.428367 -563.429219 -563.430135 -563.431087 -563.432060 -563.433038 -563.433994 -563.434906 -563.435767 -563.436565 -563.437290 -563.437943 -563.438520 -563.439025 -563.439459 -563.439828 -563.440137 -563.440393 -563.440604 -563.440777 -563.440932 -563.441118 -563.441506 -563.442705 -563.446929 -563.462161 -563.517244 -563.719414 -564.496770 -567.727093 -582.523699 -9999.0 -9999.0
-9999.0 -9999.0 -9999.0 -9999.0 -9999.0 -9999.0 -9999.0 -9999.0 -9999.0 -9999.0 -9999.0 -9999.0 -9999.0 -9999.0 -9999.0 -9999.0 -9999.0 -9999.0 -9999.0 -9999.0 -9999.0 -9999.0 -9999.0 -9999.0 -9999.0 -9999.0 -9999.0 -9999.0 -9999.0 -9999.0 -9999.0 -9999.0 -9999.0 -9999.0 -9999.0 -9999.0 -9999.0 -9999.0 -9999.0 -9999.0 -9999.0 -9999.0 -9999.0 -9999.0 -9999.0 -9999.0 -9999.0 -9999.0 -9999.0 -9999.0 -9999.0 -9999.0 -9999.0 -9999.0 -9999.0 -9999.0 -9999.0 -9999.0 -9999.0 -9999.0 -9999.0 -9999.0 -9999.0 -9999.0 -9999.0 -9999.0 -9999.0 -9999.0 -9999.0 -9999.0 -9999.0 -9999.0 -9999.0 -9999.0 -9999.0 -9999.0 -9999.0 -9999.0 -9999.0 -9999.0 -9999.0 -9999.0 -9999.0 -9999.0 -9999.0 -9999.0 -9999.0 -9999.0 -9999.0 -9999.0 -9999.0 -9999.0 -9999.0 -9999.0 -9999.0 -9999.0 -9999.0 -9999.0 -9999.0 -9999.0 -9999.0 -9999.0 -9999.0 -9999.0
-9999.0 -9999.0 -9999.0 -9999.0 -9999.0 -9999.0 -9999.0 -9999.0 -9999.0 -9999.0 -9999.0 -9999.0 -9999.0 -9999.0 -9999.0 -9999.0 -9999.0 -9999.0 -9999.0 -9999.0 -9999.0 -9999.0 -9999.0 -9999.0 -9999.0 -9999.0 -9999.0 -9999.0 -9999.0 -9999.0 -9999.0 -9999.0 -9999.0 -9999.0 -9999.0 -9999.0 -9999.0 -9999.0 -9999.0 -9999.0 -9999.0 -9999.0 -9999.0 -9999.0 -9999.0 -9999.0 -9999.0 -9999.0 -9999.0 -9999.0 -9999.0 -9999.0 -9999.0 -9999.0 -9999.0 -9999.0 -9999.0 -9999.0 -9999.0 -9999.0 -9999.0 -9999.0 -9999.0 -9999.0 -9999.0 -9999.0 -9999.0 -9999.0 -9999.0 -9999.0 -9999.0 -9999.0 -9999.0 -9999.0 -9999.0 -9999.0 -9999.0 -9999.0 -9999.0 -9999.0 -9999.0 -9999.0 -9999.0 -9999.0 -9999.0 -9999.0 -9999.0 -9999.0 -9999.0 -9999.0 -9999.0 -9999.0 -9999.0 -9999.0 -9999.0 -9999.0 -9999.0 -9999.0 -9999.0 -9999.0 -9999.0 -9999.0 -9999.0 -9999.0