examples/3D/hillslope02_superslab/output-maps-SE27XX/psiliqL0022N0003.asc
ncols         104
nrows         10
xllcorner     -2.000000
yllcorner     0.000000
cellsize      1.000000
NODATA_value  -9999.0
-9999.0 -9999.0 -9999.0 -9999.0 -9999.0 -9999.0 -9999.0 -9999.0 -9999.0 -9999.0 -9999.0 -9999.0 -9999.0 -9999.0 -9999.0 -9999.0 -9999.0 -9999.0 -9999.0 -9999.0 -9999.0 -9999.0 -9999.0 -9999.0 -9999.0 -9999.0 -9999.0 -9999.0 -9999.0 -9999.0 -9999.0 -9999.0 -9999.0 -9999.0 -9999.0 -9999.0 -9999.0 -9999.0 -9999.0 -9999.0 -9999.0 -9999.0 -9999.0 -9999.0 -9999.0 -9999.0 -9999.0 -9999.0 -9999.0 -9999.0 -9999.0 -9999.0 -9999.0 -9999.0 -9999.0 -9999.0 -9999.0 -9999.0 -9999.0 -9999.0 -9999.0 -9999.0 -9999.0 -9999.0 -9999.0 -9999.0 -9999.0 -9999.0 -9999.0 -9999.0 -9999.0 -9999.0 -9999.0 -9999.0 -9999.0 -9999.0 -9999.0 -9999.0 -9999.0 -9999.0 -9999.0 -9999.0 -9999.0 -9999.0 -9999.0 -9999.0 -9999.0 -9999.0 -9999.0 -9999.0 -9999.0 -9999.0 -9999.0 -9999.0 -9999.0 -9999.0 -9999.0 -9999.0 -9999.0 -9999.0 -9999.0 -9999.0 -9999.0 -9999.0
-9999.0 -9999.0 -9999.0 -9999.0 -9999.0 -9999.0 -9999.0 -9999.0 -9999.0 -9999.0 -9999.0 -9999.0 -9999.0 -9999.0 -9999.0 -9999.0 -9999.0 -9999.0 -9999.0 -9999.0 -9999.0 -9999.0 -9999.0 -9999.0 -9999.0 -9999.0 -9999.0 -9999.0 -9999.0 -9999.0 -9999.0 -9999.0 -9999.0 -9999.0 -9999.0 -9999.0 -9999.0 -9999.0 -9999.0 -9999.0 -9999.0 -9999.0 -9999.0 -9999.0 -9999.0 -9999.0 -9999.0 -9999.0 -9999.0 -9999.0 -9999.0 -9999.0 -9999.0 -9999.0 -9999.0 -9999.0 -9999.0 -9999.0 -9999.0 -9999.0 -9999.0 -9999.0 -9999.0 -9999.0 -9999.0 -9999.0 -9999.0 -9999.0 -9999.0 -9999.0 -9999.0 -9999.0 -9999.0 -9999.0 -9999.0 -9999.0 -9999.0 -9999.0 -9999.0 -9999.0 -9999.0 -9999.0 -9999.0 -9999.0 -9999.0 -9999.0 -9999.0 -9999.0 -9999.0 -9999.0 -9999.0 -9999.0 -9999.0 -9999.0 -9999.0 -9999.0 -9999.0 -9999.0 -9999.0 -9999.0 -9999.0 -9999.0 -9999.0 -9999.0
-9999.0 -9999.0 -78.149139 -178.305416 -281.188919 -389.215683 -498.457411 -590.234398 -639.971041 -660.572385 -666.544587 -664.573839 -657.446345 -643.284804 -622.007953 -600.948203 -582.529538 -567.465613 -555.699470 -546.778442 -540.153001 -545.453518 -545.169828 -542.727982 -540.798276 -534.676048 -541.521492 -555.548361 -573.767848 -593.787608 -613.174459 -630.118369 -643.758472 -654.061580 -661.415523 -666.384460 -669.573475 -671.515287 -672.632071 -673.464678 -676.948710 -713.160173 -2058.582921 -3884.682682 -3886.138598 -3886.138614 -3886.138614 -3886.138614 -3886.138614 -3886.138614 -3886.138614 -3886.138614 -3886.138614 -3886.138614 -3886.138614 -3886.138614 -3886.138614 -3886.138614 -3886.138614 -3886.138595 -3884.710834 -2121.555309 -696.547608 -677.819708 -677.455095 -677.635811 -677.698106 -677.715168 -677.719648 -677.720813 -677.721115 -677.721194 -677.721214 -677.721220 -677.721221 -677.721222 -677.721222 -677.721222 -677.721223 -677.721223 -677.721223 -677.721223 -677.721223 -677.721224 -677.721224 -677.721224 -677.721224 -677.721224 -677.721224 -677.721225 -677.721229 -677.721242 -677.721291 -677.721472 -677.722148 -677.724655 -677.733901 -677.767808 -677.893103 -678.380484 -680.543232 -692.242086 -9999.0 -9999.0
-9999.0 -9999.0 -78.149139 -178.305416 -281.188919 -389.215683 -498.457411 -590.234398 -639.971041 -660.572385 -666.544587 -664.573839 -657.446345 -643.284804 -622.007953 -600.948203 -582.529538 -567.465613 -555.699470 -546.778442 -540.153001 -545.453518 -545.169828 -542.727982 -540.798276 -534.676048 -541.521492 -555.548361 -573.767848 -593.787608 -613.174459 -630.118369 -643.758471 -654.061580 -661.415523 -666.384460 -669.573475 -671.515287 -672.632071 -673.464678 -676.948710 -713.160173 -2058.582921 -3884.682682 -3886.138598 -3886.138614 -3886.138614 -3886.138614 -3886.138614 -3886.138614 -3886.138614 -3886.138614 -3886.138614 -3886.138614 -3886.138614 -3886.138614 -3886.138614 -3886.138614 -3886.138614 -3886.138595 -3884.710834 -2121.555309 -696.547608 -677.819708 -677.455095 -677.635811 -677.698106 -677.715168 -677.719648 -677.720813 -677.721115 -677.721194 -677.721214 -677.721220 -677.721221 -677.721222 -677.721222 -677.721222 -677.721223 -677.721223 -677.721223 -677.721223 -677.721223 -677.721224 -677.721224 -677.721224 -677.721224 -677.721224 -677.721224 -677.721225 -677.721229 -677.721242 -677.721291 -677.721472 -677.722148 -677.724655 -677.733901 -677.767808 -677.893103 -678.380484 -680.543232 -692.242086 -9999.0 -9999.0
-9999.0 -9999.0 -78.149139 -178.305416 -281.188919 -389.215683 -498.457411 -590.234398 -639.971041 -660.572385 -666.544587 -664.573839 -657.446345 -643.284804 -622.007953 -600.948203 -582.529538 -567.465613 -555.699470 -546.778442 -540.153001 -545.453518 -545.169828 -542.727982 -540.798276 -534.676048 -541.521492 -555.548361 -573.767848 -593.787608 -613.174459 -630.118369 -643.758471 -654.061580 -661.415523 -666.384460 -669.573475 -671.515287 -672.632071 -673.464678 -676.948710 -713.160173 -2058.582921 -3884.682682 -3886.138598 -3886.138614 -3886.138614 -3886.138614 -3886.138614 -3886.138614 -3886.138614 -3886.138614 -3886.138614 -3886.138614 -3886.138614 -3886.138614 -3886.138614 -3886.138614 -3886.138614 -3886.138595 -3884.710834 -2121.555309 -696.547608 -677.819708 -677.455095 -677.635811 -677.698106 -677.715168 -677.719648 -677.720813 -677.721115 -677.721194 -677.721214 -677.721220 -677.721221 -677.721222 -677.721222 -677.721222 -677.721223 -677.721223 -677.721223 -677.721223 -677.721224 -677.721224 -677.721224 -677.721224 -677.721224 -677.721224 -677.721225 -677.721226 -677.721229 -677.721242 -677.721291 -677.721472 -677.722148 -677.724656 -677.733901 -677.767808 -677.893104 -678.380484 -680.543232 -692.242086 -9999.0 -9999.0
-9999.0 -9999.0 -78.149139 -178.305416 -281.188919 -389.215683 -498.457411 -590.234398 -639.971041 -660.572385 -666.544587 -664.573839 -657.446345 -643.284804 -622.007953 -600.948203 -582.529538 -567.465613 -555.699470 -546.778442 -540.153001 -545.453518 -545.169828 -542.727982 -540.798276 -534.676048 -541.521492 -555.548361 -573.767848 -593.787608 -613.174459 -630.118369 -643.758471 -654.061580 -661.415523 -666.384460 -669.573475 -671.515287 -672.632071 -673.464678 -676.948710 -713.160173 -2058.582921 -3884.682682 -3886.138598 -3886.138614 -3886.138614 -3886.138614 -3886.138614 -3886.138614 -3886.138614 -3886.138614 -3886.138614 -3886.138614 -3886.138614 -3886.138614 -3886.138614 -3886.138614 -3886.138614 -3886.138595 -3884.710834 -2121.555309 -696.547608 -677.819708 -677.455095 -677.635811 -677.698106 -677.715168 -677.719648 -677.720813 -677.721115 -677.721194 -677.721214 -677.721220 -677.721221 -677.721222 -677.721222 -677.721222 -677.721223 -677.721223 -677.721223 -677.721223 -677.721224 -677.721224 -677.721224 -677.721224 -677.721224 -677.721224 -677.721225 -677.721226 -677.721229 -677.721242 -677.721291 -677.721472 -677.722148 -677.724656 -677.733901 -677.767808 -677.893104 -678.380484 -680.543232 -692.242086 -9999.0 -9999.0
-9999.0 -9999.0 -78.149139 -178.305416 -281.188919 -389.215683 -498.457411 -590.234398 -639.971041 -660.572385 -666.544587 -664.573839 -657.446345 -643.284804 -622.007953 -600.948203 -582.529538 -567.465613 -555.699470 -546.778442 -540.153001 -545.453518 -545.169828 -542.727982 -540.798276 -534.676048 -541.521492 -555.548361 -573.767848 -593.787608 -613.174459 -630.118369 -643.758471 -654.061580 -661.415523 -666.384460 -669.573475 -671.515287 -672.632071 -673.464678 -676.948710 -713.160173 -2058.582921 -3884.682682 -3886.138598 -3886.138614 -3886.138614 -3886.138614 -3886.138614 -3886.138614 -3886.138614 -3886.138614 -3886.138614 -3886.138614 -3886.138614 -3886.138614 -3886.138614 -3886.138614 -3886.138614 -3886.138595 -3884.710834 -2121.555309 -696.547608 -677.819708 -677.455095 -677.635811 -677.698106 -677.715168 -677.719648 -677.720813 -677.721115 -677.721194 -677.721214 -677.721220 -677.721221 -677.721222 -677.721222 -677.721222 -677.721223 -677.721223 -677.721223 -677.721223 -677.721223 -677.721224 -677.721224 -677.721224 -677.721224 -677.721224 -677.721224 -677.721225 -677.721229 -677.721242 -677.721291 -677.721472 -677.722148 -677.724655 -677.733901 -677.767808 -677.893103 -678.380484 -680.543232 -692.242086 -9999.0 -9999.0
-9999.0 -9999.0 -78.149139 -178.305416 -281.188919 -389.215683 -498.457411 -590.234398 -639.971041 -660.572385 -666.544587 -664.573839 -657.446345 -643.284804 -622.007953 -600.948203 -582.529538 -567.465613 -555.699470 -546.778442 -540.153001 -545.453518 -545.169828 -542.727982 -540.798276 -534.676048 -541.521492 -555.548361 -573.767848 -593.787608 -613.174459 -630.118369 -643.758472 -654.061580 -661.415523 -666.384460 -669.573475 -671.515287 -672.632071 -673.464678 -676.948710 -713.160173 -2058.582921 -3884.682682 -3886.138598 -3886.138614 -3886.138614 -3886.138614 -3886.138614 -3886.138614 -3886.138614 -3886.138614 -3886.138614 -3886.138614 -3886.138614 -3886.138614 -3886.138614 -3886.138614 -3886.138614 -3886.138595 -3884.710834 -2121.555309 -696.547608 -677.819708 -677.455095 -677.635811 -677.698106 -677.715168 -677.719648 -677.720813 -677.721115 -677.721194 -677.721214 -677.721220 -677.721221 -677.721222 -677.721222 -677.721222 -677.721223 -677.721223 -677.721223 -677.721223 -677.721223 -677.721224 -677.721224 -677.721224 -677.721224 -677.721224 -677.721224 -677.721225 -677.721229 -677.721242 -677.721291 -677.721472 -677.722148 -677.724655 -677.733901 -677.767808 -677.893103 -678.380484 -680.543232 -692.242086 -9999.0 -9999.0
-9999.0 -9999.0 -9999.0 -9999.0 -9999.0 -9999.0 -9999.0 -9999.0 -9999.0 -9999.0 -9999.0 -9999.0 -9999.0 -9999.0 -9999.0 -9999.0 -9999.0 -9999.0 -9999.0 -9999.0 -9999.0 -9999.0 -9999.0 -9999.0 -9999.0 -9999.0 -9999.0 -9999.0 -9999.0 -9999.0 -9999.0 -9999.0 -9999.0 -9999.0 -9999.0 -9999.0 -9999.0 -9999.0 -9999.0 -9999.0 -9999.0 -9999.0 -9999.0 -9999.0 -9999.0 -9999.0 -9999.0 -9999.0 -9999.0 -9999.0 -9999.0 -9999.0 -9999.0 -9999.0 -9999.0 -9999.0 -9999.0 -9999.0 -9999.0 -9999.0 -9999.0 -9999.0 -9999.0 -9999.0 -9999.0 -9999.0 -9999.0 -9999.0 -9999.0 -9999.0 -9999.0 -9999.0 -9999.0 -9999.0 -9999.0 -9999.0 -9999.0 -9999.0 -9999.0 -9999.0 -9999.0 -9999.0 -9999.0 -9999.0 -9999.0 -9999.0 -9999.0 -9999.0 -9999.0 -9999.0 -9999.0 -9999.0 -9999.0 -9999.0 -9999.0 -9999.0 -9999.0 -9999.0 -9999.0 -9999.0 -9999.0 -9999.0 -9999.0 -9999.0
-9999.0 -9999.0 -9999.0 -9999.0 -9999.0 -9999.0 -9999.0 -9999.0 -9999.0 -9999.0 -9999.0 -9999.0 -9999.0 -9999.0 -9999.0 -9999.0 -9999.0 -9999.0 -9999.0 -9999.0 -9999.0 -9999.0 -9999.0 -9999.0 -9999.0 -9999.0 -9999.0 -9999.0 -9999.0 -9999.0 -9999.0 -9999.0 -9999.0 -9999.0 -9999.0 -9999.0 -9999.0 -9999.0 -9999.0 -9999.0 -9999.0 -9999.0 -9999.0 -9999.0 -9999.0 -9999.0 -9999.0 -9999.0 -9999.0 -9999.0 -9999.0 -9999.0 -9999.0 -9999.0 -9999.0 -9999.0 -9999.0 -9999.0 -9999.0 -9999.0 -9999.0 -9999.0 -9999.0 -9999.0 -9999.0 -9999.0 -9999.0 -9999.0 -9999.0 -9999.0 -9999.0 -9999.0 -9999.0 -9999.0 -9999.0 -9999.0 -9999.0 -9999.0 -9999.0 -9999.0 -9999.0 -9999.0 -9999.0 -9999.0 -9999.0 -9999.0 -9999.0 -9999.0 -9999.0 -9999.0 -9999.0 -9999.0 -9999.0 -9999.0 -9999.0 -9999.0 -9999.0 -9999.0 -9999.0 -9999.0 -9999.0 -9999.0 -9999.0 -9999.0