examples/3D/hillslope02_superslab/output-maps-SE27XX/psiliqL0011N0001.asc
ncols         104
nrows         10
xllcorner     -2.000000
yllcorner     0.000000
cellsize      1.000000
NODATA_value  -9999.0
-9999.0 -9999.0 -9999.0 -9999.0 -9999.0 -9999.0 -9999.0 -9999.0 -9999.0 -9999.0 -9999.0 -9999.0 -9999.0 -9999.0 -9999.0 -9999.0 -9999.0 -9999.0 -9999.0 -9999.0 -9999.0 -9999.0 -9999.0 -9999.0 -9999.0 -9999.0 -9999.0 -9999.0 -9999.0 -9999.0 -9999.0 -9999.0 -9999.0 -9999.0 -9999.0 -9999.0 -9999.0 -9999.0 -9999.0 -9999.0 -9999.0 -9999.0 -9999.0 -9999.0 -9999.0 -9999.0 -9999.0 -9999.0 -9999.0 -9999.0 -9999.0 -9999.0 -9999.0 -9999.0 -9999.0 -9999.0 -9999.0 -9999.0 -9999.0 -9999.0 -9999.0 -9999.0 -9999.0 -9999.0 -9999.0 -9999.0 -9999.0 -9999.0 -9999.0 -9999.0 -9999.0 -9999.0 -9999.0 -9999.0 -9999.0 -9999.0 -9999.0 -9999.0 -9999.0 -9999.0 -9999.0 -9999.0 -9999.0 -9999.0 -9999.0 -9999.0 -9999.0 -9999.0 -9999.0 -9999.0 -9999.0 -9999.0 -9999.0 -9999.0 -9999.0 -9999.0 -9999.0 -9999.0 -9999.0 -9999.0 -9999.0 -9999.0 -9999.0 -9999.0
-9999.0 -9999.0 -9999.0 -9999.0 -9999.0 -9999.0 -9999.0 -9999.0 -9999.0 -9999.0 -9999.0 -9999.0 -9999.0 -9999.0 -9999.0 -9999.0 -9999.0 -9999.0 -9999.0 -9999.0 -9999.0 -9999.0 -9999.0 -9999.0 -9999.0 -9999.0 -9999.0 -9999.0 -9999.0 -9999.0 -9999.0 -9999.0 -9999.0 -9999.0 -9999.0 -9999.0 -9999.0 -9999.0 -9999.0 -9999.0 -9999.0 -9999.0 -9999.0 -9999.0 -9999.0 -9999.0 -9999.0 -9999.0 -9999.0 -9999.0 -9999.0 -9999.0 -9999.0 -9999.0 -9999.0 -9999.0 -9999.0 -9999.0 -9999.0 -9999.0 -9999.0 -9999.0 -9999.0 -9999.0 -9999.0 -9999.0 -9999.0 -9999.0 -9999.0 -9999.0 -9999.0 -9999.0 -9999.0 -9999.0 -9999.0 -9999.0 -9999.0 -9999.0 -9999.0 -9999.0 -9999.0 -9999.0 -9999.0 -9999.0 -9999.0 -9999.0 -9999.0 -9999.0 -9999.0 -9999.0 -9999.0 -9999.0 -9999.0 -9999.0 -9999.0 -9999.0 -9999.0 -9999.0 -9999.0 -9999.0 -9999.0 -9999.0 -9999.0 -9999.0
-9999.0 -9999.0 -323.276442 -347.732421 -353.753734 -355.155616 -355.010302 -353.064842 -345.777298 -327.296759 -355.601372 -364.272194 -369.522179 -376.293877 -380.385390 -310.675158 -195.718967 -96.695791 -8.711090 70.174048 -45.440688 -160.231771 -258.263254 -317.664211 -343.130620 -351.820792 -354.570425 -355.295261 -354.898025 -352.905802 -346.481416 -329.993189 -307.215110 -289.349346 -279.511250 -275.563660 -274.757812 -275.283727 -275.939554 -274.783909 -265.521841 -238.566370 -3058.709805 -4430.639867 -4430.693069 -4430.693069 -4430.693069 -4430.693069 -4430.693069 -4430.693069 -4430.693069 -4430.693069 -4430.693069 -4430.693069 -4430.693069 -4430.693069 -4430.693069 -4430.693069 -4430.693069 -4430.693069 -4430.632663 -3053.684748 -293.979698 -339.760223 -351.772358 -354.828826 -355.615049 -355.818321 -355.870958 -355.884594 -355.888127 -355.889043 -355.889280 -355.889342 -355.889358 -355.889362 -355.889363 -355.889363 -355.889363 -355.889363 -355.889363 -355.889363 -355.889363 -355.889363 -355.889363 -355.889363 -355.889363 -355.889364 -355.889365 -355.889371 -355.889391 -355.889467 -355.889751 -355.890812 -355.894782 -355.909628 -355.965093 -356.171747 -356.935780 -359.707578 -369.394251 -401.495263 -9999.0 -9999.0
-9999.0 -9999.0 -323.276442 -347.732421 -353.753734 -355.155616 -355.010302 -353.064842 -345.777298 -327.296759 -355.601372 -364.272194 -369.522179 -376.293877 -380.385390 -310.675158 -195.718966 -96.695791 -8.711090 70.174048 -45.440688 -160.231771 -258.263254 -317.664211 -343.130620 -351.820792 -354.570425 -355.295261 -354.898025 -352.905802 -346.481416 -329.993189 -307.215110 -289.349346 -279.511250 -275.563660 -274.757812 -275.283727 -275.939554 -274.783909 -265.521841 -238.566370 -3058.709805 -4430.639867 -4430.693069 -4430.693069 -4430.693069 -4430.693069 -4430.693069 -4430.693069 -4430.693069 -4430.693069 -4430.693069 -4430.693069 -4430.693069 -4430.693069 -4430.693069 -4430.693069 -4430.693069 -4430.693069 -4430.632663 -3053.684748 -293.979698 -339.760223 -351.772358 -354.828826 -355.615049 -355.818321 -355.870958 -355.884594 -355.888127 -355.889043 -355.889280 -355.889342 -355.889358 -355.889362 -355.889363 -355.889363 -355.889363 -355.889363 -355.889363 -355.889363 -355.889363 -355.889363 -355.889363 -355.889363 -355.889363 -355.889364 -355.889365 -355.889371 -355.889391 -355.889467 -355.889751 -355.890812 -355.894782 -355.909628 -355.965093 -356.171747 -356.935780 -359.707579 -369.394249 -401.495265 -9999.0 -9999.0
-9999.0 -9999.0 -323.276442 -347.732421 -353.753734 -355.155616 -355.010302 -353.064842 -345.777298 -327.296759 -355.601372 -364.272194 -369.522179 -376.293877 -380.385390 -310.675158 -195.718967 -96.695791 -8.711090 70.174047 -45.440688 -160.231771 -258.263254 -317.664212 -343.130620 -351.820792 -354.570425 -355.295261 -354.898025 -352.905802 -346.481416 -329.993189 -307.215110 -289.349346 -279.511250 -275.563660 -274.757812 -275.283727 -275.939554 -274.783909 -265.521841 -238.566370 -3058.709805 -4430.639867 -4430.693069 -4430.693069 -4430.693069 -4430.693069 -4430.693069 -4430.693069 -4430.693069 -4430.693069 -4430.693069 -4430.693069 -4430.693069 -4430.693069 -4430.693069 -4430.693069 -4430.693069 -4430.693069 -4430.632663 -3053.684748 -293.979698 -339.760223 -351.772358 -354.828826 -355.615049 -355.818321 -355.870958 -355.884594 -355.888128 -355.889043 -355.889280 -355.889342 -355.889358 -355.889362 -355.889363 -355.889363 -355.889363 -355.889363 -355.889363 -355.889363 -355.889363 -355.889363 -355.889363 -355.889363 -355.889363 -355.889364 -355.889365 -355.889371 -355.889391 -355.889467 -355.889751 -355.890812 -355.894782 -355.909628 -355.965093 -356.171747 -356.935782 -359.707580 -369.394249 -401.495264 -9999.0 -9999.0
-9999.0 -9999.0 -323.276442 -347.732421 -353.753734 -355.155616 -355.010302 -353.064842 -345.777298 -327.296759 -355.601372 -364.272194 -369.522179 -376.293877 -380.385390 -310.675158 -195.718967 -96.695791 -8.711090 70.174047 -45.440688 -160.231771 -258.263254 -317.664212 -343.130620 -351.820792 -354.570425 -355.295261 -354.898025 -352.905802 -346.481416 -329.993189 -307.215110 -289.349346 -279.511250 -275.563660 -274.757812 -275.283727 -275.939554 -274.783909 -265.521841 -238.566370 -3058.709805 -4430.639867 -4430.693069 -4430.693069 -4430.693069 -4430.693069 -4430.693069 -4430.693069 -4430.693069 -4430.693069 -4430.693069 -4430.693069 -4430.693069 -4430.693069 -4430.693069 -4430.693069 -4430.693069 -4430.693069 -4430.632663 -3053.684748 -293.979698 -339.760223 -351.772358 -354.828826 -355.615049 -355.818321 -355.870958 -355.884594 -355.888128 -355.889043 -355.889280 -355.889342 -355.889358 -355.889362 -355.889363 -355.889363 -355.889363 -355.889363 -355.889363 -355.889363 -355.889363 -355.889363 -355.889363 -355.889363 -355.889363 -355.889364 -355.889365 -355.889371 -355.889391 -355.889467 -355.889751 -355.890812 -355.894782 -355.909628 -355.965093 -356.171747 -356.935782 -359.707580 -369.394249 -401.495264 -9999.0 -9999.0
-9999.0 -9999.0 -323.276442 -347.732421 -353.753734 -355.155616 -355.010302 -353.064842 -345.777298 -327.296759 -355.601372 -364.272194 -369.522179 -376.293877 -380.385390 -310.675158 -195.718966 -96.695791 -8.711090 70.174048 -45.440688 -160.231771 -258.263254 -317.664211 -343.130620 -351.820792 -354.570425 -355.295261 -354.898025 -352.905802 -346.481416 -329.993189 -307.215110 -289.349346 -279.511250 -275.563660 -274.757812 -275.283727 -275.939554 -274.783909 -265.521841 -238.566370 -3058.709805 -4430.639867 -4430.693069 -4430.693069 -4430.693069 -4430.693069 -4430.693069 -4430.693069 -4430.693069 -4430.693069 -4430.693069 -4430.693069 -4430.693069 -4430.693069 -4430.693069 -4430.693069 -4430.693069 -4430.693069 -4430.632663 -3053.684748 -293.979698 -339.760223 -351.772358 -354.828826 -355.615049 -355.818321 -355.870958 -355.884594 -355.888127 -355.889043 -355.889280 -355.889342 -355.889358 -355.889362 -355.889363 -355.889363 -355.889363 -355.889363 -355.889363 -355.889363 -355.889363 -355.889363 -355.889363 -355.889363 -355.889363 -355.889364 -355.889365 -355.889371 -355.889391 -355.889467 -355.889751 -355.890812 -355.894782 -355.909628 -355.965093 -356.171747 -356.935780 -359.707579 -369.394249 -401.495265 -9999.0 -9999.0
-9999.0 -9999.0 -323.276442 -347.732421 -353.753734 -355.155616 -355.010302 -353.064842 -345.777298 -327.296759 -355.601372 -364.272194 -369.522179 -376.293877 -380.385390 -310.675158 -195.718967 -96.695791 -8.711090 70.174048 -45.440688 -160.231771 -258.263254 -317.664211 -343.130620 -351.820792 -354.570425 -355.295261 -354.898025 -352.905802 -346.481416 -329.993189 -307.215110 -289.349346 -279.511250 -275.563660 -274.757812 -275.283727 -275.939554 -274.783909 -265.521841 -238.566370 -3058.709805 -4430.639867 -4430.693069 -4430.693069 -4430.693069 -4430.693069 -4430.693069 -4430.693069 -4430.693069 -4430.693069 -4430.693069 -4430.693069 -4430.693069 -4430.693069 -4430.693069 -4430.693069 -4430.693069 -4430.693069 -4430.632663 -3053.684748 -293.979698 -339.760223 -351.772358 -354.828826 -355.615049 -355.818321 -355.870958 -355.884594 -355.888127 -355.889043 -355.889280 -355.889342 -355.889358 -355.889362 -355.889363 -355.889363 -355.889363 -355.889363 -355.889363 -355.889363 -355.889363 -355.889363 -355.889363 -355.889363 -355.889363 -355.889364 -355.889365 -355.889371 -355.889391 -355.889467 -355.889751 -355.890812 -355.894782 -355.909628 -355.965093 -356.171747 -356.935780 -359.707578 -369.394251 -401.495263 -9999.0 -9999.0
-9999.0 -9999.0 -9999.0 -9999.0 -9999.0 -9999.0 -9999.0 -9999.0 -9999.0 -9999.0 -9999.0 -9999.0 -9999.0 -9999.0 -9999.0 -9999.0 -9999.0 -9999.0 -9999.0 -9999.0 -9999.0 -9999.0 -9999.0 -9999.0 -9999.0 -9999.0 -9999.0 -9999.0 -9999.0 -9999.0 -9999.0 -9999.0 -9999.0 -9999.0 -9999.0 -9999.0 -9999.0 -9999.0 -9999.0 -9999.0 -9999.0 -9999.0 -9999.0 -9999.0 -9999.0 -9999.0 -9999.0 -9999.0 -9999.0 -9999.0 -9999.0 -9999.0 -9999.0 -9999.0 -9999.0 -9999.0 -9999.0 -9999.0 -9999.0 -9999.0 -9999.0 -9999.0 -9999.0 -9999.0 -9999.0 -9999.0 -9999.0 -9999.0 -9999.0 -9999.0 -9999.0 -9999.0 -9999.0 -9999.0 -9999.0 -9999.0 -9999.0 -9999.0 -9999.0 -9999.0 -9999.0 -9999.0 -9999.0 -9999.0 -9999.0 -9999.0 -9999.0 -9999.0 -9999.0 -9999.0 -9999.0 -9999.0 -9999.0 -9999.0 -9999.0 -9999.0 -9999.0 -9999.0 -9999.0 -9999.0 -9999.0 -9999.0 -9999.0 -9999.0
-9999.0 -9999.0 -9999.0 -9999.0 -9999.0 -9999.0 -9999.0 -9999.0 -9999.0 -9999.0 -9999.0 -9999.0 -9999.0 -9999.0 -9999.0 -9999.0 -9999.0 -9999.0 -9999.0 -9999.0 -9999.0 -9999.0 -9999.0 -9999.0 -9999.0 -9999.0 -9999.0 -9999.0 -9999.0 -9999.0 -9999.0 -9999.0 -9999.0 -9999.0 -9999.0 -9999.0 -9999.0 -9999.0 -9999.0 -9999.0 -9999.0 -9999.0 -9999.0 -9999.0 -9999.0 -9999.0 -9999.0 -9999.0 -9999.0 -9999.0 -9999.0 -9999.0 -9999.0 -9999.0 -9999.0 -9999.0 -9999.0 -9999.0 -9999.0 -9999.0 -9999.0 -9999.0 -9999.0 -9999.0 -9999.0 -9999.0 -9999.0 -9999.0 -9999.0 -9999.0 -9999.0 -9999.0 -9999.0 -9999.0 -9999.0 -9999.0 -9999.0 -9999.0 -9999.0 -9999.0 -9999.0 -9999.0 -9999.0 -9999.0 -9999.0 -9999.0 -9999.0 -9999.0 -9999.0 -9999.0 -9999.0 -9999.0 -9999.0 -9999.0 -9999.0 -9999.0 -9999.0 -9999.0 -9999.0 -9999.0 -9999.0 -9999.0 -9999.0 -9999.0