examples/3D/hillslope02_superslab/output-maps-SE27XX/psiliqL0011N0003.asc
ncols         104
nrows         10
xllcorner     -2.000000
yllcorner     0.000000
cellsize      1.000000
NODATA_value  -9999.0
-9999.0 -9999.0 -9999.0 -9999.0 -9999.0 -9999.0 -9999.0 -9999.0 -9999.0 -9999.0 -9999.0 -9999.0 -9999.0 -9999.0 -9999.0 -9999.0 -9999.0 -9999.0 -9999.0 -9999.0 -9999.0 -9999.0 -9999.0 -9999.0 -9999.0 -9999.0 -9999.0 -9999.0 -9999.0 -9999.0 -9999.0 -9999.0 -9999.0 -9999.0 -9999.0 -9999.0 -9999.0 -9999.0 -9999.0 -9999.0 -9999.0 -9999.0 -9999.0 -9999.0 -9999.0 -9999.0 -9999.0 -9999.0 -9999.0 -9999.0 -9999.0 -9999.0 -9999.0 -9999.0 -9999.0 -9999.0 -9999.0 -9999.0 -9999.0 -9999.0 -9999.0 -9999.0 -9999.0 -9999.0 -9999.0 -9999.0 -9999.0 -9999.0 -9999.0 -9999.0 -9999.0 -9999.0 -9999.0 -9999.0 -9999.0 -9999.0 -9999.0 -9999.0 -9999.0 -9999.0 -9999.0 -9999.0 -9999.0 -9999.0 -9999.0 -9999.0 -9999.0 -9999.0 -9999.0 -9999.0 -9999.0 -9999.0 -9999.0 -9999.0 -9999.0 -9999.0 -9999.0 -9999.0 -9999.0 -9999.0 -9999.0 -9999.0 -9999.0 -9999.0
-9999.0 -9999.0 -9999.0 -9999.0 -9999.0 -9999.0 -9999.0 -9999.0 -9999.0 -9999.0 -9999.0 -9999.0 -9999.0 -9999.0 -9999.0 -9999.0 -9999.0 -9999.0 -9999.0 -9999.0 -9999.0 -9999.0 -9999.0 -9999.0 -9999.0 -9999.0 -9999.0 -9999.0 -9999.0 -9999.0 -9999.0 -9999.0 -9999.0 -9999.0 -9999.0 -9999.0 -9999.0 -9999.0 -9999.0 -9999.0 -9999.0 -9999.0 -9999.0 -9999.0 -9999.0 -9999.0 -9999.0 -9999.0 -9999.0 -9999.0 -9999.0 -9999.0 -9999.0 -9999.0 -9999.0 -9999.0 -9999.0 -9999.0 -9999.0 -9999.0 -9999.0 -9999.0 -9999.0 -9999.0 -9999.0 -9999.0 -9999.0 -9999.0 -9999.0 -9999.0 -9999.0 -9999.0 -9999.0 -9999.0 -9999.0 -9999.0 -9999.0 -9999.0 -9999.0 -9999.0 -9999.0 -9999.0 -9999.0 -9999.0 -9999.0 -9999.0 -9999.0 -9999.0 -9999.0 -9999.0 -9999.0 -9999.0 -9999.0 -9999.0 -9999.0 -9999.0 -9999.0 -9999.0 -9999.0 -9999.0 -9999.0 -9999.0 -9999.0 -9999.0
-9999.0 -9999.0 -716.222646 -768.823389 -783.589425 -787.748029 -788.743571 -788.574940 -787.916432 -786.063370 -775.408702 -758.758151 -740.466026 -717.484895 -691.001280 -688.290871 -700.731748 -707.912081 -713.537896 -695.727289 -670.037360 -661.036572 -663.087686 -672.432080 -686.516830 -703.278518 -720.768331 -737.242654 -751.468292 -762.834534 -771.198127 -776.773301 -780.283960 -782.528950 -783.965586 -784.841379 -785.342133 -785.605358 -785.712483 -785.821078 -787.778798 -820.358919 -2297.469240 -4428.840869 -4430.692527 -4430.692538 -4430.692537 -4430.692537 -4430.692538 -4430.692539 -4430.692540 -4430.692541 -4430.692543 -4430.692545 -4430.692546 -4430.692548 -4430.692551 -4430.692554 -4430.692557 -4430.692544 -4428.446198 -2257.905336 -808.090730 -789.590373 -789.708491 -789.922543 -789.986478 -790.003531 -790.007981 -790.009136 -790.009435 -790.009513 -790.009533 -790.009538 -790.009539 -790.009540 -790.009540 -790.009540 -790.009540 -790.009540 -790.009540 -790.009540 -790.009540 -790.009540 -790.009540 -790.009540 -790.009540 -790.009540 -790.009540 -790.009541 -790.009544 -790.009554 -790.009595 -790.009747 -790.010312 -790.012418 -790.020217 -790.048921 -790.154580 -790.558085 -792.326765 -802.485674 -9999.0 -9999.0
-9999.0 -9999.0 -716.222646 -768.823389 -783.589426 -787.748030 -788.743571 -788.574940 -787.916432 -786.063370 -775.408702 -758.758151 -740.466026 -717.484895 -691.001280 -688.290871 -700.731748 -707.912081 -713.537896 -695.727289 -670.037360 -661.036572 -663.087686 -672.432080 -686.516830 -703.278518 -720.768331 -737.242654 -751.468292 -762.834534 -771.198127 -776.773301 -780.283960 -782.528950 -783.965586 -784.841379 -785.342133 -785.605358 -785.712483 -785.821078 -787.778798 -820.358919 -2297.469240 -4428.840869 -4430.692527 -4430.692538 -4430.692537 -4430.692537 -4430.692538 -4430.692539 -4430.692540 -4430.692541 -4430.692543 -4430.692545 -4430.692546 -4430.692548 -4430.692551 -4430.692554 -4430.692557 -4430.692544 -4428.446198 -2257.905336 -808.090730 -789.590373 -789.708491 -789.922543 -789.986478 -790.003531 -790.007981 -790.009136 -790.009435 -790.009513 -790.009533 -790.009538 -790.009539 -790.009540 -790.009540 -790.009540 -790.009540 -790.009540 -790.009540 -790.009540 -790.009540 -790.009540 -790.009540 -790.009540 -790.009540 -790.009540 -790.009540 -790.009541 -790.009544 -790.009555 -790.009595 -790.009747 -790.010312 -790.012418 -790.020217 -790.048921 -790.154580 -790.558085 -792.326765 -802.485674 -9999.0 -9999.0
-9999.0 -9999.0 -716.222646 -768.823389 -783.589426 -787.748030 -788.743571 -788.574940 -787.916432 -786.063370 -775.408702 -758.758151 -740.466026 -717.484895 -691.001280 -688.290871 -700.731748 -707.912081 -713.537896 -695.727289 -670.037360 -661.036572 -663.087686 -672.432080 -686.516830 -703.278518 -720.768331 -737.242654 -751.468292 -762.834534 -771.198127 -776.773301 -780.283960 -782.528950 -783.965586 -784.841379 -785.342133 -785.605358 -785.712483 -785.821078 -787.778798 -820.358919 -2297.469240 -4428.840869 -4430.692527 -4430.692538 -4430.692537 -4430.692537 -4430.692538 -4430.692539 -4430.692540 -4430.692541 -4430.692543 -4430.692545 -4430.692546 -4430.692548 -4430.692551 -4430.692554 -4430.692557 -4430.692544 -4428.446198 -2257.905336 -808.090730 -789.590373 -789.708491 -789.922543 -789.986478 -790.003531 -790.007981 -790.009136 -790.009435 -790.009513 -790.009533 -790.009538 -790.009539 -790.009540 -790.009540 -790.009540 -790.009540 -790.009540 -790.009540 -790.009540 -790.009540 -790.009540 -790.009540 -790.009540 -790.009540 -790.009540 -790.009540 -790.009541 -790.009544 -790.009555 -790.009595 -790.009747 -790.010312 -790.012418 -790.020217 -790.048922 -790.154580 -790.558085 -792.326765 -802.485674 -9999.0 -9999.0
-9999.0 -9999.0 -716.222646 -768.823389 -783.589426 -787.748030 -788.743571 -788.574940 -787.916432 -786.063370 -775.408702 -758.758151 -740.466026 -717.484895 -691.001280 -688.290871 -700.731748 -707.912081 -713.537896 -695.727289 -670.037360 -661.036572 -663.087686 -672.432080 -686.516830 -703.278518 -720.768331 -737.242654 -751.468292 -762.834534 -771.198127 -776.773301 -780.283960 -782.528950 -783.965586 -784.841379 -785.342133 -785.605358 -785.712483 -785.821078 -787.778798 -820.358919 -2297.469240 -4428.840869 -4430.692527 -4430.692538 -4430.692537 -4430.692537 -4430.692538 -4430.692539 -4430.692540 -4430.692541 -4430.692543 -4430.692545 -4430.692546 -4430.692548 -4430.692551 -4430.692554 -4430.692557 -4430.692544 -4428.446198 -2257.905336 -808.090730 -789.590373 -789.708491 -789.922543 -789.986478 -790.003531 -790.007981 -790.009136 -790.009435 -790.009513 -790.009533 -790.009538 -790.009539 -790.009540 -790.009540 -790.009540 -790.009540 -790.009540 -790.009540 -790.009540 -790.009540 -790.009540 -790.009540 -790.009540 -790.009540 -790.009540 -790.009540 -790.009541 -790.009544 -790.009555 -790.009595 -790.009747 -790.010312 -790.012418 -790.020217 -790.048922 -790.154580 -790.558085 -792.326765 -802.485674 -9999.0 -9999.0
-9999.0 -9999.0 -716.222646 -768.823389 -783.589426 -787.748030 -788.743571 -788.574940 -787.916432 -786.063370 -775.408702 -758.758151 -740.466026 -717.484895 -691.001280 -688.290871 -700.731748 -707.912081 -713.537896 -695.727289 -670.037360 -661.036572 -663.087686 -672.432080 -686.516830 -703.278518 -720.768331 -737.242654 -751.468292 -762.834534 -771.198127 -776.773301 -780.283960 -782.528950 -783.965586 -784.841379 -785.342133 -785.605358 -785.712483 -785.821078 -787.778798 -820.358919 -2297.469240 -4428.840869 -4430.692527 -4430.692538 -4430.692537 -4430.692537 -4430.692538 -4430.692539 -4430.692540 -4430.692541 -4430.692543 -4430.692545 -4430.692546 -4430.692548 -4430.692551 -4430.692554 -4430.692557 -4430.692544 -4428.446198 -2257.905336 -808.090730 -789.590373 -789.708491 -789.922543 -789.986478 -790.003531 -790.007981 -790.009136 -790.009435 -790.009513 -790.009533 -790.009538 -790.009539 -790.009540 -790.009540 -790.009540 -790.009540 -790.009540 -790.009540 -790.009540 -790.009540 -790.009540 -790.009540 -790.009540 -790.009540 -790.009540 -790.009540 -790.009541 -790.009544 -790.009555 -790.009595 -790.009747 -790.010312 -790.012418 -790.020217 -790.048921 -790.154580 -790.558085 -792.326765 -802.485674 -9999.0 -9999.0
-9999.0 -9999.0 -716.222646 -768.823389 -783.589425 -787.748029 -788.743571 -788.574940 -787.916432 -786.063370 -775.408702 -758.758151 -740.466026 -717.484895 -691.001280 -688.290871 -700.731748 -707.912081 -713.537896 -695.727289 -670.037360 -661.036572 -663.087686 -672.432080 -686.516830 -703.278518 -720.768331 -737.242654 -751.468292 -762.834534 -771.198127 -776.773301 -780.283960 -782.528950 -783.965586 -784.841379 -785.342133 -785.605358 -785.712483 -785.821078 -787.778798 -820.358919 -2297.469240 -4428.840869 -4430.692527 -4430.692538 -4430.692537 -4430.692537 -4430.692538 -4430.692539 -4430.692540 -4430.692541 -4430.692543 -4430.692545 -4430.692546 -4430.692548 -4430.692551 -4430.692554 -4430.692557 -4430.692544 -4428.446198 -2257.905336 -808.090730 -789.590373 -789.708491 -789.922543 -789.986478 -790.003531 -790.007981 -790.009136 -790.009435 -790.009513 -790.009533 -790.009538 -790.009539 -790.009540 -790.009540 -790.009540 -790.009540 -790.009540 -790.009540 -790.009540 -790.009540 -790.009540 -790.009540 -790.009540 -790.009540 -790.009540 -790.009540 -790.009541 -790.009544 -790.009554 -790.009595 -790.009747 -790.010312 -790.012418 -790.020217 -790.048921 -790.154580 -790.558085 -792.326765 -802.485674 -9999.0 -9999.0
-9999.0 -9999.0 -9999.0 -9999.0 -9999.0 -9999.0 -9999.0 -9999.0 -9999.0 -9999.0 -9999.0 -9999.0 -9999.0 -9999.0 -9999.0 -9999.0 -9999.0 -9999.0 -9999.0 -9999.0 -9999.0 -9999.0 -9999.0 -9999.0 -9999.0 -9999.0 -9999.0 -9999.0 -9999.0 -9999.0 -9999.0 -9999.0 -9999.0 -9999.0 -9999.0 -9999.0 -9999.0 -9999.0 -9999.0 -9999.0 -9999.0 -9999.0 -9999.0 -9999.0 -9999.0 -9999.0 -9999.0 -9999.0 -9999.0 -9999.0 -9999.0 -9999.0 -9999.0 -9999.0 -9999.0 -9999.0 -9999.0 -9999.0 -9999.0 -9999.0 -9999.0 -9999.0 -9999.0 -9999.0 -9999.0 -9999.0 -9999.0 -9999.0 -9999.0 -9999.0 -9999.0 -9999.0 -9999.0 -9999.0 -9999.0 -9999.0 -9999.0 -9999.0 -9999.0 -9999.0 -9999.0 -9999.0 -9999.0 -9999.0 -9999.0 -9999.0 -9999.0 -9999.0 -9999.0 -9999.0 -9999.0 -9999.0 -9999.0 -9999.0 -9999.0 -9999.0 -9999.0 -9999.0 -9999.0 -9999.0 -9999.0 -9999.0 -9999.0 -9999.0
-9999.0 -9999.0 -9999.0 -9999.0 -9999.0 -9999.0 -9999.0 -9999.0 -9999.0 -9999.0 -9999.0 -9999.0 -9999.0 -9999.0 -9999.0 -9999.0 -9999.0 -9999.0 -9999.0 -9999.0 -9999.0 -9999.0 -9999.0 -9999.0 -9999.0 -9999.0 -9999.0 -9999.0 -9999.0 -9999.0 -9999.0 -9999.0 -9999.0 -9999.0 -9999.0 -9999.0 -9999.0 -9999.0 -9999.0 -9999.0 -9999.0 -9999.0 -9999.0 -9999.0 -9999.0 -9999.0 -9999.0 -9999.0 -9999.0 -9999.0 -9999.0 -9999.0 -9999.0 -9999.0 -9999.0 -9999.0 -9999.0 -9999.0 -9999.0 -9999.0 -9999.0 -9999.0 -9999.0 -9999.0 -9999.0 -9999.0 -9999.0 -9999.0 -9999.0 -9999.0 -9999.0 -9999.0 -9999.0 -9999.0 -9999.0 -9999.0 -9999.0 -9999.0 -9999.0 -9999.0 -9999.0 -9999.0 -9999.0 -9999.0 -9999.0 -9999.0 -9999.0 -9999.0 -9999.0 -9999.0 -9999.0 -9999.0 -9999.0 -9999.0 -9999.0 -9999.0 -9999.0 -9999.0 -9999.0 -9999.0 -9999.0 -9999.0 -9999.0 -9999.0