examples/3D/hillslope02_superslab/output-maps-SE27XX/psiliqL0045N0002.asc
ncols         104
nrows         10
xllcorner     -2.000000
yllcorner     0.000000
cellsize      1.000000
NODATA_value  -9999.0
-9999.0 -9999.0 -9999.0 -9999.0 -9999.0 -9999.0 -9999.0 -9999.0 -9999.0 -9999.0 -9999.0 -9999.0 -9999.0 -9999.0 -9999.0 -9999.0 -9999.0 -9999.0 -9999.0 -9999.0 -9999.0 -9999.0 -9999.0 -9999.0 -9999.0 -9999.0 -9999.0 -9999.0 -9999.0 -9999.0 -9999.0 -9999.0 -9999.0 -9999.0 -9999.0 -9999.0 -9999.0 -9999.0 -9999.0 -9999.0 -9999.0 -9999.0 -9999.0 -9999.0 -9999.0 -9999.0 -9999.0 -9999.0 -9999.0 -9999.0 -9999.0 -9999.0 -9999.0 -9999.0 -9999.0 -9999.0 -9999.0 -9999.0 -9999.0 -9999.0 -9999.0 -9999.0 -9999.0 -9999.0 -9999.0 -9999.0 -9999.0 -9999.0 -9999.0 -9999.0 -9999.0 -9999.0 -9999.0 -9999.0 -9999.0 -9999.0 -9999.0 -9999.0 -9999.0 -9999.0 -9999.0 -9999.0 -9999.0 -9999.0 -9999.0 -9999.0 -9999.0 -9999.0 -9999.0 -9999.0 -9999.0 -9999.0 -9999.0 -9999.0 -9999.0 -9999.0 -9999.0 -9999.0 -9999.0 -9999.0 -9999.0 -9999.0 -9999.0 -9999.0
-9999.0 -9999.0 -9999.0 -9999.0 -9999.0 -9999.0 -9999.0 -9999.0 -9999.0 -9999.0 -9999.0 -9999.0 -9999.0 -9999.0 -9999.0 -9999.0 -9999.0 -9999.0 -9999.0 -9999.0 -9999.0 -9999.0 -9999.0 -9999.0 -9999.0 -9999.0 -9999.0 -9999.0 -9999.0 -9999.0 -9999.0 -9999.0 -9999.0 -9999.0 -9999.0 -9999.0 -9999.0 -9999.0 -9999.0 -9999.0 -9999.0 -9999.0 -9999.0 -9999.0 -9999.0 -9999.0 -9999.0 -9999.0 -9999.0 -9999.0 -9999.0 -9999.0 -9999.0 -9999.0 -9999.0 -9999.0 -9999.0 -9999.0 -9999.0 -9999.0 -9999.0 -9999.0 -9999.0 -9999.0 -9999.0 -9999.0 -9999.0 -9999.0 -9999.0 -9999.0 -9999.0 -9999.0 -9999.0 -9999.0 -9999.0 -9999.0 -9999.0 -9999.0 -9999.0 -9999.0 -9999.0 -9999.0 -9999.0 -9999.0 -9999.0 -9999.0 -9999.0 -9999.0 -9999.0 -9999.0 -9999.0 -9999.0 -9999.0 -9999.0 -9999.0 -9999.0 -9999.0 -9999.0 -9999.0 -9999.0 -9999.0 -9999.0 -9999.0 -9999.0
-9999.0 -9999.0 -315.556253 -345.428735 -352.605568 -352.835938 -348.411487 -337.785231 -321.747435 -310.060704 -339.382675 -355.482775 -366.212015 -375.057166 -376.345219 -369.001474 -363.621143 -359.920044 -357.004209 -354.487670 -352.226753 -350.130828 -348.130727 -346.171997 -344.216746 -342.244130 -340.239504 -338.209170 -336.142814 -334.057633 -331.980886 -329.963403 -206.032516 19.988567 249.356026 479.112444 703.397603 594.598489 476.763125 349.143856 209.581842 52.353687 -122.971585 -292.501008 -483.167854 -733.863520 -1264.245738 -2680.421798 -2747.457899 -2747.524696 -2747.524752 -2747.524752 -2747.524752 -2747.524752 -2747.524752 -2747.524752 -2747.524736 -2747.510555 -2736.953754 -1760.975811 -728.160756 -450.024461 -313.049424 -337.800045 -350.835767 -354.572448 -355.548881 -355.801128 -355.866353 -355.883240 -355.887614 -355.888748 -355.889041 -355.889117 -355.889137 -355.889142 -355.889144 -355.889144 -355.889144 -355.889144 -355.889144 -355.889144 -355.889144 -355.889144 -355.889144 -355.889144 -355.889145 -355.889146 -355.889149 -355.889161 -355.889208 -355.889380 -355.890026 -355.892438 -355.901424 -355.934701 -356.056314 -356.489213 -357.960178 -362.618130 -376.145613 -412.655440 -9999.0 -9999.0
-9999.0 -9999.0 -315.556254 -345.428736 -352.605569 -352.835939 -348.411487 -337.785232 -321.747435 -310.060704 -339.382674 -355.482774 -366.212015 -375.057166 -376.345219 -369.001474 -363.621143 -359.920044 -357.004209 -354.487670 -352.226753 -350.130828 -348.130727 -346.171997 -344.216746 -342.244130 -340.239504 -338.209170 -336.142814 -334.057633 -331.980886 -329.963403 -206.032516 19.988567 249.356026 479.112444 703.397603 594.598489 476.763125 349.143856 209.581842 52.353687 -122.971585 -292.501008 -483.167854 -733.863520 -1264.245738 -2680.421798 -2747.457899 -2747.524696 -2747.524752 -2747.524752 -2747.524752 -2747.524752 -2747.524752 -2747.524752 -2747.524736 -2747.510555 -2736.953754 -1760.975810 -728.160755 -450.024460 -313.049424 -337.800046 -350.835768 -354.572449 -355.548883 -355.801130 -355.866356 -355.883243 -355.887617 -355.888750 -355.889044 -355.889120 -355.889140 -355.889145 -355.889146 -355.889147 -355.889147 -355.889147 -355.889147 -355.889147 -355.889147 -355.889147 -355.889147 -355.889147 -355.889147 -355.889148 -355.889152 -355.889164 -355.889210 -355.889383 -355.890029 -355.892441 -355.901427 -355.934704 -356.056317 -356.489216 -357.960182 -362.618135 -376.145619 -412.655443 -9999.0 -9999.0
-9999.0 -9999.0 -315.556255 -345.428738 -352.605570 -352.835940 -348.411489 -337.785233 -321.747435 -310.060703 -339.382673 -355.482774 -366.212015 -375.057166 -376.345219 -369.001474 -363.621143 -359.920045 -357.004209 -354.487670 -352.226753 -350.130828 -348.130727 -346.171997 -344.216746 -342.244130 -340.239504 -338.209170 -336.142814 -334.057633 -331.980886 -329.963403 -206.032516 19.988567 249.356026 479.112444 703.397603 594.598489 476.763125 349.143856 209.581842 52.353687 -122.971585 -292.501008 -483.167854 -733.863520 -1264.245738 -2680.421798 -2747.457899 -2747.524696 -2747.524752 -2747.524752 -2747.524752 -2747.524752 -2747.524752 -2747.524752 -2747.524736 -2747.510555 -2736.953754 -1760.975809 -728.160755 -450.024460 -313.049424 -337.800047 -350.835769 -354.572451 -355.548886 -355.801134 -355.866360 -355.883247 -355.887621 -355.888754 -355.889048 -355.889124 -355.889143 -355.889148 -355.889150 -355.889150 -355.889150 -355.889150 -355.889150 -355.889150 -355.889150 -355.889150 -355.889151 -355.889151 -355.889151 -355.889152 -355.889155 -355.889168 -355.889214 -355.889386 -355.890032 -355.892444 -355.901430 -355.934707 -356.056320 -356.489220 -357.960187 -362.618141 -376.145625 -412.655448 -9999.0 -9999.0
-9999.0 -9999.0 -315.556255 -345.428738 -352.605570 -352.835940 -348.411489 -337.785233 -321.747435 -310.060703 -339.382673 -355.482774 -366.212015 -375.057166 -376.345219 -369.001474 -363.621143 -359.920045 -357.004209 -354.487670 -352.226753 -350.130828 -348.130727 -346.171997 -344.216746 -342.244130 -340.239504 -338.209170 -336.142814 -334.057633 -331.980886 -329.963403 -206.032516 19.988567 249.356026 479.112444 703.397603 594.598489 476.763125 349.143856 209.581842 52.353687 -122.971585 -292.501008 -483.167854 -733.863520 -1264.245738 -2680.421798 -2747.457899 -2747.524696 -2747.524752 -2747.524752 -2747.524752 -2747.524752 -2747.524752 -2747.524752 -2747.524736 -2747.510555 -2736.953754 -1760.975809 -728.160755 -450.024460 -313.049424 -337.800047 -350.835769 -354.572451 -355.548886 -355.801134 -355.866360 -355.883247 -355.887621 -355.888754 -355.889048 -355.889124 -355.889143 -355.889148 -355.889150 -355.889150 -355.889150 -355.889150 -355.889150 -355.889150 -355.889150 -355.889150 -355.889151 -355.889151 -355.889151 -355.889152 -355.889155 -355.889168 -355.889214 -355.889386 -355.890032 -355.892444 -355.901430 -355.934707 -356.056320 -356.489220 -357.960187 -362.618141 -376.145625 -412.655448 -9999.0 -9999.0
-9999.0 -9999.0 -315.556254 -345.428736 -352.605569 -352.835939 -348.411487 -337.785232 -321.747435 -310.060704 -339.382674 -355.482774 -366.212015 -375.057166 -376.345219 -369.001474 -363.621143 -359.920044 -357.004209 -354.487670 -352.226753 -350.130828 -348.130727 -346.171997 -344.216746 -342.244130 -340.239504 -338.209170 -336.142814 -334.057633 -331.980886 -329.963403 -206.032516 19.988567 249.356026 479.112444 703.397603 594.598489 476.763125 349.143856 209.581842 52.353687 -122.971585 -292.501008 -483.167854 -733.863520 -1264.245738 -2680.421798 -2747.457899 -2747.524696 -2747.524752 -2747.524752 -2747.524752 -2747.524752 -2747.524752 -2747.524752 -2747.524736 -2747.510555 -2736.953754 -1760.975810 -728.160755 -450.024460 -313.049424 -337.800046 -350.835768 -354.572449 -355.548883 -355.801130 -355.866356 -355.883243 -355.887617 -355.888750 -355.889044 -355.889120 -355.889140 -355.889145 -355.889146 -355.889147 -355.889147 -355.889147 -355.889147 -355.889147 -355.889147 -355.889147 -355.889147 -355.889147 -355.889147 -355.889148 -355.889152 -355.889164 -355.889210 -355.889383 -355.890029 -355.892441 -355.901427 -355.934704 -356.056317 -356.489216 -357.960182 -362.618135 -376.145619 -412.655443 -9999.0 -9999.0
-9999.0 -9999.0 -315.556253 -345.428735 -352.605568 -352.835938 -348.411487 -337.785231 -321.747435 -310.060704 -339.382675 -355.482775 -366.212015 -375.057166 -376.345219 -369.001474 -363.621143 -359.920044 -357.004209 -354.487670 -352.226753 -350.130828 -348.130727 -346.171997 -344.216746 -342.244130 -340.239504 -338.209170 -336.142814 -334.057633 -331.980886 -329.963403 -206.032516 19.988567 249.356026 479.112444 703.397603 594.598489 476.763125 349.143856 209.581842 52.353687 -122.971585 -292.501008 -483.167854 -733.863520 -1264.245738 -2680.421798 -2747.457899 -2747.524696 -2747.524752 -2747.524752 -2747.524752 -2747.524752 -2747.524752 -2747.524752 -2747.524736 -2747.510555 -2736.953754 -1760.975811 -728.160756 -450.024461 -313.049424 -337.800045 -350.835767 -354.572448 -355.548881 -355.801128 -355.866353 -355.883240 -355.887614 -355.888748 -355.889041 -355.889117 -355.889137 -355.889142 -355.889144 -355.889144 -355.889144 -355.889144 -355.889144 -355.889144 -355.889144 -355.889144 -355.889144 -355.889144 -355.889145 -355.889146 -355.889149 -355.889161 -355.889208 -355.889380 -355.890026 -355.892438 -355.901424 -355.934701 -356.056314 -356.489213 -357.960178 -362.618130 -376.145613 -412.655440 -9999.0 -9999.0
-9999.0 -9999.0 -9999.0 -9999.0 -9999.0 -9999.0 -9999.0 -9999.0 -9999.0 -9999.0 -9999.0 -9999.0 -9999.0 -9999.0 -9999.0 -9999.0 -9999.0 -9999.0 -9999.0 -9999.0 -9999.0 -9999.0 -9999.0 -9999.0 -9999.0 -9999.0 -9999.0 -9999.0 -9999.0 -9999.0 -9999.0 -9999.0 -9999.0 -9999.0 -9999.0 -9999.0 -9999.0 -9999.0 -9999.0 -9999.0 -9999.0 -9999.0 -9999.0 -9999.0 -9999.0 -9999.0 -9999.0 -9999.0 -9999.0 -9999.0 -9999.0 -9999.0 -9999.0 -9999.0 -9999.0 -9999.0 -9999.0 -9999.0 -9999.0 -9999.0 -9999.0 -9999.0 -9999.0 -9999.0 -9999.0 -9999.0 -9999.0 -9999.0 -9999.0 -9999.0 -9999.0 -9999.0 -9999.0 -9999.0 -9999.0 -9999.0 -9999.0 -9999.0 -9999.0 -9999.0 -9999.0 -9999.0 -9999.0 -9999.0 -9999.0 -9999.0 -9999.0 -9999.0 -9999.0 -9999.0 -9999.0 -9999.0 -9999.0 -9999.0 -9999.0 -9999.0 -9999.0 -9999.0 -9999.0 -9999.0 -9999.0 -9999.0 -9999.0 -9999.0
-9999.0 -9999.0 -9999.0 -9999.0 -9999.0 -9999.0 -9999.0 -9999.0 -9999.0 -9999.0 -9999.0 -9999.0 -9999.0 -9999.0 -9999.0 -9999.0 -9999.0 -9999.0 -9999.0 -9999.0 -9999.0 -9999.0 -9999.0 -9999.0 -9999.0 -9999.0 -9999.0 -9999.0 -9999.0 -9999.0 -9999.0 -9999.0 -9999.0 -9999.0 -9999.0 -9999.0 -9999.0 -9999.0 -9999.0 -9999.0 -9999.0 -9999.0 -9999.0 -9999.0 -9999.0 -9999.0 -9999.0 -9999.0 -9999.0 -9999.0 -9999.0 -9999.0 -9999.0 -9999.0 -9999.0 -9999.0 -9999.0 -9999.0 -9999.0 -9999.0 -9999.0 -9999.0 -9999.0 -9999.0 -9999.0 -9999.0 -9999.0 -9999.0 -9999.0 -9999.0 -9999.0 -9999.0 -9999.0 -9999.0 -9999.0 -9999.0 -9999.0 -9999.0 -9999.0 -9999.0 -9999.0 -9999.0 -9999.0 -9999.0 -9999.0 -9999.0 -9999.0 -9999.0 -9999.0 -9999.0 -9999.0 -9999.0 -9999.0 -9999.0 -9999.0 -9999.0 -9999.0 -9999.0 -9999.0 -9999.0 -9999.0 -9999.0 -9999.0 -9999.0