examples/3D/hillslope02_superslab/output-maps-SE27XX/psiliqL0092N0003.asc
ncols         104
nrows         10
xllcorner     -2.000000
yllcorner     0.000000
cellsize      1.000000
NODATA_value  -9999.0
-9999.0 -9999.0 -9999.0 -9999.0 -9999.0 -9999.0 -9999.0 -9999.0 -9999.0 -9999.0 -9999.0 -9999.0 -9999.0 -9999.0 -9999.0 -9999.0 -9999.0 -9999.0 -9999.0 -9999.0 -9999.0 -9999.0 -9999.0 -9999.0 -9999.0 -9999.0 -9999.0 -9999.0 -9999.0 -9999.0 -9999.0 -9999.0 -9999.0 -9999.0 -9999.0 -9999.0 -9999.0 -9999.0 -9999.0 -9999.0 -9999.0 -9999.0 -9999.0 -9999.0 -9999.0 -9999.0 -9999.0 -9999.0 -9999.0 -9999.0 -9999.0 -9999.0 -9999.0 -9999.0 -9999.0 -9999.0 -9999.0 -9999.0 -9999.0 -9999.0 -9999.0 -9999.0 -9999.0 -9999.0 -9999.0 -9999.0 -9999.0 -9999.0 -9999.0 -9999.0 -9999.0 -9999.0 -9999.0 -9999.0 -9999.0 -9999.0 -9999.0 -9999.0 -9999.0 -9999.0 -9999.0 -9999.0 -9999.0 -9999.0 -9999.0 -9999.0 -9999.0 -9999.0 -9999.0 -9999.0 -9999.0 -9999.0 -9999.0 -9999.0 -9999.0 -9999.0 -9999.0 -9999.0 -9999.0 -9999.0 -9999.0 -9999.0 -9999.0 -9999.0
-9999.0 -9999.0 -9999.0 -9999.0 -9999.0 -9999.0 -9999.0 -9999.0 -9999.0 -9999.0 -9999.0 -9999.0 -9999.0 -9999.0 -9999.0 -9999.0 -9999.0 -9999.0 -9999.0 -9999.0 -9999.0 -9999.0 -9999.0 -9999.0 -9999.0 -9999.0 -9999.0 -9999.0 -9999.0 -9999.0 -9999.0 -9999.0 -9999.0 -9999.0 -9999.0 -9999.0 -9999.0 -9999.0 -9999.0 -9999.0 -9999.0 -9999.0 -9999.0 -9999.0 -9999.0 -9999.0 -9999.0 -9999.0 -9999.0 -9999.0 -9999.0 -9999.0 -9999.0 -9999.0 -9999.0 -9999.0 -9999.0 -9999.0 -9999.0 -9999.0 -9999.0 -9999.0 -9999.0 -9999.0 -9999.0 -9999.0 -9999.0 -9999.0 -9999.0 -9999.0 -9999.0 -9999.0 -9999.0 -9999.0 -9999.0 -9999.0 -9999.0 -9999.0 -9999.0 -9999.0 -9999.0 -9999.0 -9999.0 -9999.0 -9999.0 -9999.0 -9999.0 -9999.0 -9999.0 -9999.0 -9999.0 -9999.0 -9999.0 -9999.0 -9999.0 -9999.0 -9999.0 -9999.0 -9999.0 -9999.0 -9999.0 -9999.0 -9999.0 -9999.0
-9999.0 -9999.0 3399.645403 3301.319048 3204.688329 3109.792632 3016.681771 2925.410350 2836.035039 2748.614357 2663.206254 2579.863634 2498.631737 2419.544150 2342.614400 2267.836594 2195.181963 2124.611518 2056.072640 1989.506564 1924.864801 1862.087063 1801.104664 1741.852713 1684.281326 1628.336585 1573.957923 1521.084203 1469.654992 1419.610611 1370.893354 1323.445226 1277.205652 1232.110471 1188.098318 1145.143279 1103.249025 1062.391779 1022.531365 983.623240 945.679888 908.860863 873.274897 839.076250 806.565276 775.917297 747.184707 720.985592 698.484980 683.068907 676.785887 681.764221 686.945371 670.429986 654.492768 641.093349 630.265711 621.646712 614.871363 609.573792 605.263458 601.304484 597.091286 592.218083 586.611741 580.178601 572.830649 564.472253 554.997335 544.317505 532.724212 520.119604 506.330330 491.292123 475.322934 458.177270 439.771184 420.397868 399.698406 377.985395 355.017459 330.922511 305.575196 279.105058 251.240068 222.350402 191.955720 160.452826 127.696862 93.332419 57.741633 20.879500 -17.505862 -57.466075 -98.871764 -141.151577 -184.127780 -227.271055 -269.704922 -310.390132 -348.991480 -389.476110 -9999.0 -9999.0
-9999.0 -9999.0 3399.645402 3301.319047 3204.688329 3109.792631 3016.681771 2925.410349 2836.035039 2748.614355 2663.206254 2579.863633 2498.631737 2419.544149 2342.614399 2267.836593 2195.181963 2124.611517 2056.072640 1989.506564 1924.864801 1862.087062 1801.104664 1741.852713 1684.281326 1628.336585 1573.957923 1521.084203 1469.654992 1419.610611 1370.893354 1323.445225 1277.205652 1232.110471 1188.098318 1145.143279 1103.249025 1062.391778 1022.531364 983.623240 945.679888 908.860863 873.274897 839.076250 806.565276 775.917297 747.184707 720.985592 698.484980 683.068907 676.785887 681.764221 686.945371 670.429986 654.492768 641.093349 630.265711 621.646712 614.871363 609.573792 605.263458 601.304484 597.091286 592.218083 586.611741 580.178601 572.830649 564.472253 554.997335 544.317505 532.724212 520.119604 506.330330 491.292123 475.322934 458.177270 439.771184 420.397868 399.698406 377.985394 355.017459 330.922511 305.575196 279.105058 251.240068 222.350402 191.955720 160.452826 127.696862 93.332419 57.741633 20.879500 -17.505862 -57.466075 -98.871764 -141.151577 -184.127780 -227.271055 -269.704922 -310.390132 -348.991481 -389.476110 -9999.0 -9999.0
-9999.0 -9999.0 3399.645402 3301.319047 3204.688328 3109.792631 3016.681770 2925.410349 2836.035038 2748.614355 2663.206253 2579.863633 2498.631736 2419.544149 2342.614399 2267.836593 2195.181963 2124.611517 2056.072640 1989.506564 1924.864801 1862.087063 1801.104664 1741.852713 1684.281326 1628.336585 1573.957923 1521.084203 1469.654992 1419.610611 1370.893354 1323.445225 1277.205652 1232.110471 1188.098318 1145.143279 1103.249025 1062.391778 1022.531364 983.623240 945.679887 908.860863 873.274897 839.076250 806.565276 775.917297 747.184707 720.985592 698.484980 683.068907 676.785887 681.764221 686.945371 670.429986 654.492768 641.093349 630.265711 621.646712 614.871363 609.573792 605.263458 601.304484 597.091286 592.218083 586.611741 580.178601 572.830649 564.472253 554.997335 544.317505 532.724212 520.119604 506.330330 491.292123 475.322934 458.177270 439.771184 420.397868 399.698406 377.985394 355.017459 330.922511 305.575196 279.105058 251.240068 222.350402 191.955720 160.452826 127.696862 93.332419 57.741633 20.879500 -17.505862 -57.466075 -98.871764 -141.151577 -184.127780 -227.271055 -269.704922 -310.390132 -348.991481 -389.476110 -9999.0 -9999.0
-9999.0 -9999.0 3399.645402 3301.319046 3204.688328 3109.792631 3016.681770 2925.410348 2836.035038 2748.614355 2663.206253 2579.863633 2498.631736 2419.544149 2342.614399 2267.836593 2195.181963 2124.611517 2056.072640 1989.506564 1924.864801 1862.087062 1801.104664 1741.852713 1684.281326 1628.336585 1573.957923 1521.084203 1469.654992 1419.610611 1370.893354 1323.445225 1277.205652 1232.110471 1188.098318 1145.143279 1103.249025 1062.391778 1022.531364 983.623240 945.679887 908.860863 873.274897 839.076250 806.565276 775.917297 747.184707 720.985592 698.484980 683.068907 676.785887 681.764221 686.945371 670.429986 654.492768 641.093349 630.265711 621.646712 614.871363 609.573792 605.263458 601.304484 597.091286 592.218083 586.611741 580.178601 572.830649 564.472253 554.997335 544.317505 532.724212 520.119604 506.330330 491.292123 475.322934 458.177270 439.771184 420.397868 399.698406 377.985394 355.017459 330.922511 305.575196 279.105058 251.240068 222.350402 191.955720 160.452826 127.696862 93.332419 57.741633 20.879500 -17.505862 -57.466075 -98.871764 -141.151577 -184.127780 -227.271055 -269.704922 -310.390132 -348.991481 -389.476110 -9999.0 -9999.0
-9999.0 -9999.0 3399.645402 3301.319047 3204.688328 3109.792631 3016.681770 2925.410349 2836.035038 2748.614356 2663.206253 2579.863633 2498.631737 2419.544149 2342.614399 2267.836593 2195.181963 2124.611518 2056.072640 1989.506564 1924.864801 1862.087063 1801.104664 1741.852713 1684.281326 1628.336585 1573.957923 1521.084203 1469.654992 1419.610611 1370.893354 1323.445225 1277.205652 1232.110471 1188.098318 1145.143279 1103.249025 1062.391778 1022.531364 983.623240 945.679888 908.860863 873.274897 839.076250 806.565276 775.917297 747.184707 720.985592 698.484980 683.068907 676.785887 681.764221 686.945371 670.429986 654.492768 641.093349 630.265711 621.646712 614.871363 609.573792 605.263458 601.304484 597.091286 592.218083 586.611741 580.178601 572.830649 564.472253 554.997335 544.317505 532.724212 520.119604 506.330330 491.292123 475.322934 458.177270 439.771184 420.397868 399.698406 377.985394 355.017459 330.922511 305.575196 279.105058 251.240068 222.350402 191.955720 160.452826 127.696862 93.332419 57.741633 20.879500 -17.505862 -57.466075 -98.871764 -141.151577 -184.127780 -227.271055 -269.704922 -310.390132 -348.991481 -389.476110 -9999.0 -9999.0
-9999.0 -9999.0 3399.645403 3301.319048 3204.688330 3109.792632 3016.681772 2925.410350 2836.035039 2748.614356 2663.206254 2579.863634 2498.631737 2419.544150 2342.614400 2267.836594 2195.181963 2124.611518 2056.072640 1989.506564 1924.864801 1862.087063 1801.104664 1741.852713 1684.281326 1628.336585 1573.957923 1521.084203 1469.654992 1419.610611 1370.893354 1323.445226 1277.205652 1232.110471 1188.098318 1145.143279 1103.249025 1062.391779 1022.531365 983.623240 945.679888 908.860863 873.274897 839.076250 806.565276 775.917297 747.184707 720.985592 698.484980 683.068907 676.785887 681.764221 686.945371 670.429986 654.492768 641.093349 630.265711 621.646712 614.871363 609.573792 605.263458 601.304484 597.091286 592.218083 586.611741 580.178601 572.830649 564.472253 554.997335 544.317505 532.724212 520.119604 506.330330 491.292123 475.322934 458.177270 439.771184 420.397868 399.698406 377.985395 355.017459 330.922511 305.575196 279.105058 251.240068 222.350402 191.955720 160.452826 127.696862 93.332419 57.741633 20.879500 -17.505862 -57.466075 -98.871764 -141.151577 -184.127780 -227.271055 -269.704922 -310.390132 -348.991480 -389.476110 -9999.0 -9999.0
-9999.0 -9999.0 -9999.0 -9999.0 -9999.0 -9999.0 -9999.0 -9999.0 -9999.0 -9999.0 -9999.0 -9999.0 -9999.0 -9999.0 -9999.0 -9999.0 -9999.0 -9999.0 -9999.0 -9999.0 -9999.0 -9999.0 -9999.0 -9999.0 -9999.0 -9999.0 -9999.0 -9999.0 -9999.0 -9999.0 -9999.0 -9999.0 -9999.0 -9999.0 -9999.0 -9999.0 -9999.0 -9999.0 -9999.0 -9999.0 -9999.0 -9999.0 -9999.0 -9999.0 -9999.0 -9999.0 -9999.0 -9999.0 -9999.0 -9999.0 -9999.0 -9999.0 -9999.0 -9999.0 -9999.0 -9999.0 -9999.0 -9999.0 -9999.0 -9999.0 -9999.0 -9999.0 -9999.0 -9999.0 -9999.0 -9999.0 -9999.0 -9999.0 -9999.0 -9999.0 -9999.0 -9999.0 -9999.0 -9999.0 -9999.0 -9999.0 -9999.0 -9999.0 -9999.0 -9999.0 -9999.0 -9999.0 -9999.0 -9999.0 -9999.0 -9999.0 -9999.0 -9999.0 -9999.0 -9999.0 -9999.0 -9999.0 -9999.0 -9999.0 -9999.0 -9999.0 -9999.0 -9999.0 -9999.0 -9999.0 -9999.0 -9999.0 -9999.0 -9999.0
-9999.0 -9999.0 -9999.0 -9999.0 -9999.0 -9999.0 -9999.0 -9999.0 -9999.0 -9999.0 -9999.0 -9999.0 -9999.0 -9999.0 -9999.0 -9999.0 -9999.0 -9999.0 -9999.0 -9999.0 -9999.0 -9999.0 -9999.0 -9999.0 -9999.0 -9999.0 -9999.0 -9999.0 -9999.0 -9999.0 -9999.0 -9999.0 -9999.0 -9999.0 -9999.0 -9999.0 -9999.0 -9999.0 -9999.0 -9999.0 -9999.0 -9999.0 -9999.0 -9999.0 -9999.0 -9999.0 -9999.0 -9999.0 -9999.0 -9999.0 -9999.0 -9999.0 -9999.0 -9999.0 -9999.0 -9999.0 -9999.0 -9999.0 -9999.0 -9999.0 -9999.0 -9999.0 -9999.0 -9999.0 -9999.0 -9999.0 -9999.0 -9999.0 -9999.0 -9999.0 -9999.0 -9999.0 -9999.0 -9999.0 -9999.0 -9999.0 -9999.0 -9999.0 -9999.0 -9999.0 -9999.0 -9999.0 -9999.0 -9999.0 -9999.0 -9999.0 -9999.0 -9999.0 -9999.0 -9999.0 -9999.0 -9999.0 -9999.0 -9999.0 -9999.0 -9999.0 -9999.0 -9999.0 -9999.0 -9999.0 -9999.0 -9999.0 -9999.0 -9999.0