examples/3D/hillslope02_superslab/output-maps-SE27XX/psiliqL0044N0001.asc
ncols         104
nrows         10
xllcorner     -2.000000
yllcorner     0.000000
cellsize      1.000000
NODATA_value  -9999.0
-9999.0 -9999.0 -9999.0 -9999.0 -9999.0 -9999.0 -9999.0 -9999.0 -9999.0 -9999.0 -9999.0 -9999.0 -9999.0 -9999.0 -9999.0 -9999.0 -9999.0 -9999.0 -9999.0 -9999.0 -9999.0 -9999.0 -9999.0 -9999.0 -9999.0 -9999.0 -9999.0 -9999.0 -9999.0 -9999.0 -9999.0 -9999.0 -9999.0 -9999.0 -9999.0 -9999.0 -9999.0 -9999.0 -9999.0 -9999.0 -9999.0 -9999.0 -9999.0 -9999.0 -9999.0 -9999.0 -9999.0 -9999.0 -9999.0 -9999.0 -9999.0 -9999.0 -9999.0 -9999.0 -9999.0 -9999.0 -9999.0 -9999.0 -9999.0 -9999.0 -9999.0 -9999.0 -9999.0 -9999.0 -9999.0 -9999.0 -9999.0 -9999.0 -9999.0 -9999.0 -9999.0 -9999.0 -9999.0 -9999.0 -9999.0 -9999.0 -9999.0 -9999.0 -9999.0 -9999.0 -9999.0 -9999.0 -9999.0 -9999.0 -9999.0 -9999.0 -9999.0 -9999.0 -9999.0 -9999.0 -9999.0 -9999.0 -9999.0 -9999.0 -9999.0 -9999.0 -9999.0 -9999.0 -9999.0 -9999.0 -9999.0 -9999.0 -9999.0 -9999.0
-9999.0 -9999.0 -9999.0 -9999.0 -9999.0 -9999.0 -9999.0 -9999.0 -9999.0 -9999.0 -9999.0 -9999.0 -9999.0 -9999.0 -9999.0 -9999.0 -9999.0 -9999.0 -9999.0 -9999.0 -9999.0 -9999.0 -9999.0 -9999.0 -9999.0 -9999.0 -9999.0 -9999.0 -9999.0 -9999.0 -9999.0 -9999.0 -9999.0 -9999.0 -9999.0 -9999.0 -9999.0 -9999.0 -9999.0 -9999.0 -9999.0 -9999.0 -9999.0 -9999.0 -9999.0 -9999.0 -9999.0 -9999.0 -9999.0 -9999.0 -9999.0 -9999.0 -9999.0 -9999.0 -9999.0 -9999.0 -9999.0 -9999.0 -9999.0 -9999.0 -9999.0 -9999.0 -9999.0 -9999.0 -9999.0 -9999.0 -9999.0 -9999.0 -9999.0 -9999.0 -9999.0 -9999.0 -9999.0 -9999.0 -9999.0 -9999.0 -9999.0 -9999.0 -9999.0 -9999.0 -9999.0 -9999.0 -9999.0 -9999.0 -9999.0 -9999.0 -9999.0 -9999.0 -9999.0 -9999.0 -9999.0 -9999.0 -9999.0 -9999.0 -9999.0 -9999.0 -9999.0 -9999.0 -9999.0 -9999.0 -9999.0 -9999.0 -9999.0 -9999.0
-9999.0 -9999.0 -316.053421 -347.988265 -362.474265 -370.052718 -369.228431 -361.379783 -348.749592 -342.610639 -411.674341 -848.186597 -2773.745574 -2797.027921 -2797.029703 -2797.029703 -2797.029703 -2797.029703 -2797.029703 -2797.029703 -2797.029703 -2797.029703 -2797.029702 -2797.029694 -2797.029634 -2797.029115 -2797.024373 -2796.965843 -2792.043688 -1198.985325 -441.841840 -364.807829 -173.792715 4.660002 192.281501 383.628041 432.687677 331.332723 217.801106 91.570259 -49.584741 -185.230982 -367.565317 -754.576095 -2566.181549 -2796.919226 -2797.029658 -2797.029703 -2797.029703 -2797.029703 -2797.029703 -2797.029703 -2797.029703 -2797.029703 -2797.029703 -2797.029703 -2797.029703 -2797.029702 -2797.028081 -2792.352260 -1629.706428 -519.167608 -316.984376 -339.006892 -355.430180 -367.214625 -372.173401 -373.374839 -373.712580 -373.817389 -373.852628 -373.865645 -373.870994 -373.873439 -373.874667 -373.875334 -373.875721 -373.875958 -373.876113 -373.876225 -373.876318 -373.876411 -373.876523 -373.876675 -373.876896 -373.877231 -373.877749 -373.878566 -373.879879 -373.882047 -373.885768 -373.892551 -373.906033 -373.936019 -374.011505 -374.224016 -374.875659 -377.021230 -384.927793 -423.623845 -735.103148 -2732.724388 -9999.0 -9999.0
-9999.0 -9999.0 -316.053421 -347.988265 -362.474265 -370.052718 -369.228432 -361.379783 -348.749592 -342.610640 -411.674343 -848.186614 -2773.745576 -2797.027921 -2797.029703 -2797.029703 -2797.029703 -2797.029703 -2797.029703 -2797.029703 -2797.029703 -2797.029703 -2797.029702 -2797.029694 -2797.029634 -2797.029115 -2797.024373 -2796.965843 -2792.043688 -1198.985348 -441.841841 -364.807829 -173.792715 4.660002 192.281501 383.628041 432.687677 331.332723 217.801106 91.570259 -49.584741 -185.230982 -367.565317 -754.576095 -2566.181549 -2796.919226 -2797.029658 -2797.029703 -2797.029703 -2797.029703 -2797.029703 -2797.029703 -2797.029703 -2797.029703 -2797.029703 -2797.029703 -2797.029703 -2797.029702 -2797.028081 -2792.352260 -1629.706429 -519.167608 -316.984376 -339.006892 -355.430180 -367.214625 -372.173402 -373.374839 -373.712580 -373.817390 -373.852628 -373.865646 -373.870994 -373.873439 -373.874667 -373.875335 -373.875721 -373.875958 -373.876113 -373.876225 -373.876318 -373.876412 -373.876524 -373.876675 -373.876897 -373.877231 -373.877750 -373.878567 -373.879880 -373.882047 -373.885768 -373.892551 -373.906033 -373.936019 -374.011506 -374.224016 -374.875659 -377.021230 -384.927794 -423.623847 -735.103165 -2732.724397 -9999.0 -9999.0
-9999.0 -9999.0 -316.053421 -347.988265 -362.474265 -370.052718 -369.228432 -361.379783 -348.749592 -342.610640 -411.674344 -848.186629 -2773.745578 -2797.027921 -2797.029703 -2797.029703 -2797.029703 -2797.029703 -2797.029703 -2797.029703 -2797.029703 -2797.029703 -2797.029702 -2797.029694 -2797.029634 -2797.029115 -2797.024373 -2796.965843 -2792.043689 -1198.985371 -441.841842 -364.807829 -173.792716 4.660002 192.281501 383.628041 432.687677 331.332723 217.801106 91.570259 -49.584741 -185.230982 -367.565317 -754.576095 -2566.181549 -2796.919226 -2797.029658 -2797.029703 -2797.029703 -2797.029703 -2797.029703 -2797.029703 -2797.029703 -2797.029703 -2797.029703 -2797.029703 -2797.029703 -2797.029702 -2797.028081 -2792.352260 -1629.706429 -519.167608 -316.984376 -339.006892 -355.430180 -367.214625 -372.173402 -373.374840 -373.712580 -373.817390 -373.852629 -373.865646 -373.870995 -373.873439 -373.874668 -373.875335 -373.875721 -373.875958 -373.876113 -373.876225 -373.876318 -373.876412 -373.876524 -373.876676 -373.876897 -373.877232 -373.877750 -373.878567 -373.879880 -373.882047 -373.885769 -373.892552 -373.906033 -373.936020 -374.011506 -374.224016 -374.875659 -377.021230 -384.927794 -423.623850 -735.103185 -2732.724408 -9999.0 -9999.0
-9999.0 -9999.0 -316.053421 -347.988265 -362.474265 -370.052718 -369.228432 -361.379783 -348.749592 -342.610640 -411.674344 -848.186629 -2773.745578 -2797.027921 -2797.029703 -2797.029703 -2797.029703 -2797.029703 -2797.029703 -2797.029703 -2797.029703 -2797.029703 -2797.029702 -2797.029694 -2797.029634 -2797.029115 -2797.024373 -2796.965843 -2792.043689 -1198.985371 -441.841842 -364.807829 -173.792716 4.660002 192.281501 383.628041 432.687677 331.332723 217.801106 91.570259 -49.584741 -185.230982 -367.565317 -754.576095 -2566.181549 -2796.919226 -2797.029658 -2797.029703 -2797.029703 -2797.029703 -2797.029703 -2797.029703 -2797.029703 -2797.029703 -2797.029703 -2797.029703 -2797.029703 -2797.029702 -2797.028081 -2792.352260 -1629.706429 -519.167608 -316.984376 -339.006892 -355.430180 -367.214625 -372.173402 -373.374840 -373.712580 -373.817390 -373.852629 -373.865646 -373.870995 -373.873439 -373.874668 -373.875335 -373.875721 -373.875958 -373.876113 -373.876225 -373.876318 -373.876412 -373.876524 -373.876676 -373.876897 -373.877232 -373.877750 -373.878567 -373.879880 -373.882047 -373.885769 -373.892552 -373.906033 -373.936020 -374.011506 -374.224016 -374.875659 -377.021230 -384.927794 -423.623850 -735.103185 -2732.724408 -9999.0 -9999.0
-9999.0 -9999.0 -316.053421 -347.988265 -362.474265 -370.052718 -369.228432 -361.379783 -348.749592 -342.610640 -411.674343 -848.186614 -2773.745576 -2797.027921 -2797.029703 -2797.029703 -2797.029703 -2797.029703 -2797.029703 -2797.029703 -2797.029703 -2797.029703 -2797.029702 -2797.029694 -2797.029634 -2797.029115 -2797.024373 -2796.965843 -2792.043688 -1198.985348 -441.841841 -364.807829 -173.792715 4.660002 192.281501 383.628041 432.687677 331.332723 217.801106 91.570259 -49.584741 -185.230982 -367.565317 -754.576095 -2566.181549 -2796.919226 -2797.029658 -2797.029703 -2797.029703 -2797.029703 -2797.029703 -2797.029703 -2797.029703 -2797.029703 -2797.029703 -2797.029703 -2797.029703 -2797.029702 -2797.028081 -2792.352260 -1629.706429 -519.167608 -316.984376 -339.006892 -355.430180 -367.214625 -372.173402 -373.374839 -373.712580 -373.817390 -373.852628 -373.865646 -373.870994 -373.873439 -373.874667 -373.875335 -373.875721 -373.875958 -373.876113 -373.876225 -373.876318 -373.876412 -373.876524 -373.876675 -373.876897 -373.877231 -373.877750 -373.878567 -373.879880 -373.882047 -373.885768 -373.892551 -373.906033 -373.936019 -374.011506 -374.224016 -374.875659 -377.021230 -384.927794 -423.623847 -735.103165 -2732.724397 -9999.0 -9999.0
-9999.0 -9999.0 -316.053421 -347.988265 -362.474265 -370.052718 -369.228431 -361.379783 -348.749592 -342.610639 -411.674341 -848.186597 -2773.745574 -2797.027921 -2797.029703 -2797.029703 -2797.029703 -2797.029703 -2797.029703 -2797.029703 -2797.029703 -2797.029703 -2797.029702 -2797.029694 -2797.029634 -2797.029115 -2797.024373 -2796.965843 -2792.043688 -1198.985325 -441.841840 -364.807829 -173.792715 4.660002 192.281501 383.628041 432.687677 331.332723 217.801106 91.570259 -49.584741 -185.230982 -367.565317 -754.576095 -2566.181549 -2796.919226 -2797.029658 -2797.029703 -2797.029703 -2797.029703 -2797.029703 -2797.029703 -2797.029703 -2797.029703 -2797.029703 -2797.029703 -2797.029703 -2797.029702 -2797.028081 -2792.352260 -1629.706428 -519.167608 -316.984376 -339.006892 -355.430180 -367.214625 -372.173401 -373.374839 -373.712580 -373.817389 -373.852628 -373.865645 -373.870994 -373.873439 -373.874667 -373.875334 -373.875721 -373.875958 -373.876113 -373.876225 -373.876318 -373.876411 -373.876523 -373.876675 -373.876896 -373.877231 -373.877749 -373.878566 -373.879879 -373.882047 -373.885768 -373.892551 -373.906033 -373.936019 -374.011505 -374.224016 -374.875659 -377.021230 -384.927793 -423.623845 -735.103148 -2732.724388 -9999.0 -9999.0
-9999.0 -9999.0 -9999.0 -9999.0 -9999.0 -9999.0 -9999.0 -9999.0 -9999.0 -9999.0 -9999.0 -9999.0 -9999.0 -9999.0 -9999.0 -9999.0 -9999.0 -9999.0 -9999.0 -9999.0 -9999.0 -9999.0 -9999.0 -9999.0 -9999.0 -9999.0 -9999.0 -9999.0 -9999.0 -9999.0 -9999.0 -9999.0 -9999.0 -9999.0 -9999.0 -9999.0 -9999.0 -9999.0 -9999.0 -9999.0 -9999.0 -9999.0 -9999.0 -9999.0 -9999.0 -9999.0 -9999.0 -9999.0 -9999.0 -9999.0 -9999.0 -9999.0 -9999.0 -9999.0 -9999.0 -9999.0 -9999.0 -9999.0 -9999.0 -9999.0 -9999.0 -9999.0 -9999.0 -9999.0 -9999.0 -9999.0 -9999.0 -9999.0 -9999.0 -9999.0 -9999.0 -9999.0 -9999.0 -9999.0 -9999.0 -9999.0 -9999.0 -9999.0 -9999.0 -9999.0 -9999.0 -9999.0 -9999.0 -9999.0 -9999.0 -9999.0 -9999.0 -9999.0 -9999.0 -9999.0 -9999.0 -9999.0 -9999.0 -9999.0 -9999.0 -9999.0 -9999.0 -9999.0 -9999.0 -9999.0 -9999.0 -9999.0 -9999.0 -9999.0
-9999.0 -9999.0 -9999.0 -9999.0 -9999.0 -9999.0 -9999.0 -9999.0 -9999.0 -9999.0 -9999.0 -9999.0 -9999.0 -9999.0 -9999.0 -9999.0 -9999.0 -9999.0 -9999.0 -9999.0 -9999.0 -9999.0 -9999.0 -9999.0 -9999.0 -9999.0 -9999.0 -9999.0 -9999.0 -9999.0 -9999.0 -9999.0 -9999.0 -9999.0 -9999.0 -9999.0 -9999.0 -9999.0 -9999.0 -9999.0 -9999.0 -9999.0 -9999.0 -9999.0 -9999.0 -9999.0 -9999.0 -9999.0 -9999.0 -9999.0 -9999.0 -9999.0 -9999.0 -9999.0 -9999.0 -9999.0 -9999.0 -9999.0 -9999.0 -9999.0 -9999.0 -9999.0 -9999.0 -9999.0 -9999.0 -9999.0 -9999.0 -9999.0 -9999.0 -9999.0 -9999.0 -9999.0 -9999.0 -9999.0 -9999.0 -9999.0 -9999.0 -9999.0 -9999.0 -9999.0 -9999.0 -9999.0 -9999.0 -9999.0 -9999.0 -9999.0 -9999.0 -9999.0 -9999.0 -9999.0 -9999.0 -9999.0 -9999.0 -9999.0 -9999.0 -9999.0 -9999.0 -9999.0 -9999.0 -9999.0 -9999.0 -9999.0 -9999.0 -9999.0