examples/3D/hillslope02_superslab/output-maps-SE27XX/psiliqL0089N0003.asc
ncols         104
nrows         10
xllcorner     -2.000000
yllcorner     0.000000
cellsize      1.000000
NODATA_value  -9999.0
-9999.0 -9999.0 -9999.0 -9999.0 -9999.0 -9999.0 -9999.0 -9999.0 -9999.0 -9999.0 -9999.0 -9999.0 -9999.0 -9999.0 -9999.0 -9999.0 -9999.0 -9999.0 -9999.0 -9999.0 -9999.0 -9999.0 -9999.0 -9999.0 -9999.0 -9999.0 -9999.0 -9999.0 -9999.0 -9999.0 -9999.0 -9999.0 -9999.0 -9999.0 -9999.0 -9999.0 -9999.0 -9999.0 -9999.0 -9999.0 -9999.0 -9999.0 -9999.0 -9999.0 -9999.0 -9999.0 -9999.0 -9999.0 -9999.0 -9999.0 -9999.0 -9999.0 -9999.0 -9999.0 -9999.0 -9999.0 -9999.0 -9999.0 -9999.0 -9999.0 -9999.0 -9999.0 -9999.0 -9999.0 -9999.0 -9999.0 -9999.0 -9999.0 -9999.0 -9999.0 -9999.0 -9999.0 -9999.0 -9999.0 -9999.0 -9999.0 -9999.0 -9999.0 -9999.0 -9999.0 -9999.0 -9999.0 -9999.0 -9999.0 -9999.0 -9999.0 -9999.0 -9999.0 -9999.0 -9999.0 -9999.0 -9999.0 -9999.0 -9999.0 -9999.0 -9999.0 -9999.0 -9999.0 -9999.0 -9999.0 -9999.0 -9999.0 -9999.0 -9999.0
-9999.0 -9999.0 -9999.0 -9999.0 -9999.0 -9999.0 -9999.0 -9999.0 -9999.0 -9999.0 -9999.0 -9999.0 -9999.0 -9999.0 -9999.0 -9999.0 -9999.0 -9999.0 -9999.0 -9999.0 -9999.0 -9999.0 -9999.0 -9999.0 -9999.0 -9999.0 -9999.0 -9999.0 -9999.0 -9999.0 -9999.0 -9999.0 -9999.0 -9999.0 -9999.0 -9999.0 -9999.0 -9999.0 -9999.0 -9999.0 -9999.0 -9999.0 -9999.0 -9999.0 -9999.0 -9999.0 -9999.0 -9999.0 -9999.0 -9999.0 -9999.0 -9999.0 -9999.0 -9999.0 -9999.0 -9999.0 -9999.0 -9999.0 -9999.0 -9999.0 -9999.0 -9999.0 -9999.0 -9999.0 -9999.0 -9999.0 -9999.0 -9999.0 -9999.0 -9999.0 -9999.0 -9999.0 -9999.0 -9999.0 -9999.0 -9999.0 -9999.0 -9999.0 -9999.0 -9999.0 -9999.0 -9999.0 -9999.0 -9999.0 -9999.0 -9999.0 -9999.0 -9999.0 -9999.0 -9999.0 -9999.0 -9999.0 -9999.0 -9999.0 -9999.0 -9999.0 -9999.0 -9999.0 -9999.0 -9999.0 -9999.0 -9999.0 -9999.0 -9999.0
-9999.0 -9999.0 3251.006885 3152.678920 3056.045315 2961.145956 2868.031070 2776.755462 2687.375836 2599.950885 2514.538883 2431.192934 2349.958581 2270.869993 2193.940685 2119.164966 2046.513221 1975.946637 1907.412052 1840.849621 1776.212302 1713.439597 1652.461959 1593.213748 1535.646353 1479.706068 1425.331917 1372.462660 1321.037854 1270.997742 1222.284776 1174.841124 1128.606264 1083.515516 1039.505298 996.550161 954.657636 913.803305 873.945975 835.036676 797.082102 760.254768 724.657130 690.437092 657.913072 627.259096 598.480474 572.190820 549.450499 533.881913 527.481044 533.261883 539.904320 521.926696 505.799845 492.390301 481.587803 472.995684 466.247741 460.986465 456.722544 452.807738 448.624147 443.757396 438.157963 431.731363 424.390478 416.039772 406.570412 395.871273 384.284353 371.691891 357.906663 342.847666 326.894540 309.754472 291.329587 271.979153 251.259936 229.562264 206.586530 182.499512 157.144361 130.691511 102.803235 73.944309 43.524268 12.031146 -20.677919 -54.929053 -90.177838 -126.364289 -163.504893 -201.317036 -239.112960 -275.901226 -310.963908 -343.415579 -372.470315 -397.947119 -421.536506 -451.417128 -9999.0 -9999.0
-9999.0 -9999.0 3251.006884 3152.678919 3056.045314 2961.145955 2868.031069 2776.755461 2687.375835 2599.950884 2514.538883 2431.192933 2349.958580 2270.869992 2193.940685 2119.164966 2046.513221 1975.946637 1907.412052 1840.849621 1776.212302 1713.439597 1652.461959 1593.213748 1535.646353 1479.706068 1425.331917 1372.462660 1321.037854 1270.997742 1222.284776 1174.841124 1128.606264 1083.515516 1039.505298 996.550161 954.657636 913.803305 873.945975 835.036676 797.082102 760.254768 724.657130 690.437092 657.913072 627.259096 598.480474 572.190820 549.450499 533.881912 527.481044 533.261883 539.904320 521.926696 505.799845 492.390301 481.587803 472.995684 466.247741 460.986465 456.722544 452.807738 448.624147 443.757396 438.157963 431.731363 424.390478 416.039772 406.570412 395.871273 384.284353 371.691891 357.906663 342.847666 326.894540 309.754472 291.329586 271.979153 251.259936 229.562264 206.586530 182.499512 157.144361 130.691511 102.803235 73.944309 43.524268 12.031146 -20.677919 -54.929053 -90.177838 -126.364289 -163.504893 -201.317036 -239.112960 -275.901226 -310.963908 -343.415579 -372.470315 -397.947119 -421.536506 -451.417128 -9999.0 -9999.0
-9999.0 -9999.0 3251.006883 3152.678919 3056.045313 2961.145955 2868.031068 2776.755461 2687.375835 2599.950884 2514.538882 2431.192933 2349.958580 2270.869992 2193.940684 2119.164966 2046.513221 1975.946636 1907.412052 1840.849621 1776.212301 1713.439597 1652.461959 1593.213748 1535.646353 1479.706068 1425.331917 1372.462659 1321.037853 1270.997742 1222.284776 1174.841123 1128.606263 1083.515515 1039.505298 996.550160 954.657636 913.803305 873.945975 835.036676 797.082102 760.254768 724.657130 690.437092 657.913072 627.259096 598.480474 572.190820 549.450499 533.881912 527.481044 533.261882 539.904320 521.926696 505.799845 492.390301 481.587803 472.995684 466.247741 460.986465 456.722544 452.807738 448.624147 443.757396 438.157963 431.731363 424.390478 416.039772 406.570412 395.871273 384.284353 371.691891 357.906663 342.847666 326.894540 309.754472 291.329586 271.979153 251.259936 229.562264 206.586530 182.499512 157.144361 130.691511 102.803235 73.944309 43.524268 12.031146 -20.677919 -54.929053 -90.177838 -126.364289 -163.504893 -201.317036 -239.112960 -275.901226 -310.963908 -343.415579 -372.470315 -397.947119 -421.536506 -451.417128 -9999.0 -9999.0
-9999.0 -9999.0 3251.006884 3152.678919 3056.045314 2961.145954 2868.031069 2776.755461 2687.375835 2599.950884 2514.538882 2431.192933 2349.958580 2270.869992 2193.940684 2119.164965 2046.513221 1975.946636 1907.412052 1840.849621 1776.212301 1713.439597 1652.461959 1593.213748 1535.646353 1479.706068 1425.331917 1372.462659 1321.037853 1270.997742 1222.284776 1174.841123 1128.606263 1083.515515 1039.505298 996.550160 954.657636 913.803305 873.945975 835.036676 797.082102 760.254768 724.657130 690.437092 657.913072 627.259096 598.480474 572.190820 549.450499 533.881912 527.481044 533.261882 539.904320 521.926696 505.799845 492.390301 481.587803 472.995684 466.247741 460.986465 456.722544 452.807738 448.624147 443.757396 438.157963 431.731363 424.390478 416.039772 406.570412 395.871273 384.284353 371.691891 357.906663 342.847666 326.894540 309.754472 291.329586 271.979153 251.259936 229.562264 206.586530 182.499512 157.144361 130.691511 102.803235 73.944309 43.524268 12.031146 -20.677919 -54.929053 -90.177838 -126.364289 -163.504893 -201.317036 -239.112960 -275.901226 -310.963908 -343.415579 -372.470315 -397.947119 -421.536506 -451.417128 -9999.0 -9999.0
-9999.0 -9999.0 3251.006884 3152.678919 3056.045314 2961.145955 2868.031069 2776.755462 2687.375835 2599.950884 2514.538882 2431.192933 2349.958580 2270.869993 2193.940685 2119.164966 2046.513221 1975.946637 1907.412052 1840.849621 1776.212302 1713.439597 1652.461959 1593.213748 1535.646353 1479.706068 1425.331917 1372.462660 1321.037854 1270.997742 1222.284776 1174.841124 1128.606264 1083.515516 1039.505298 996.550161 954.657636 913.803305 873.945975 835.036676 797.082102 760.254768 724.657130 690.437092 657.913072 627.259096 598.480474 572.190820 549.450499 533.881912 527.481044 533.261883 539.904320 521.926696 505.799845 492.390301 481.587803 472.995684 466.247741 460.986465 456.722544 452.807738 448.624147 443.757396 438.157963 431.731363 424.390478 416.039772 406.570412 395.871273 384.284353 371.691891 357.906663 342.847666 326.894540 309.754472 291.329586 271.979153 251.259936 229.562264 206.586530 182.499512 157.144361 130.691511 102.803235 73.944309 43.524268 12.031146 -20.677919 -54.929053 -90.177838 -126.364289 -163.504893 -201.317036 -239.112960 -275.901226 -310.963908 -343.415579 -372.470315 -397.947119 -421.536506 -451.417128 -9999.0 -9999.0
-9999.0 -9999.0 3251.006885 3152.678920 3056.045315 2961.145956 2868.031070 2776.755462 2687.375836 2599.950885 2514.538883 2431.192934 2349.958581 2270.869993 2193.940685 2119.164966 2046.513222 1975.946637 1907.412052 1840.849621 1776.212302 1713.439597 1652.461959 1593.213748 1535.646353 1479.706068 1425.331917 1372.462660 1321.037854 1270.997742 1222.284776 1174.841124 1128.606264 1083.515516 1039.505298 996.550161 954.657636 913.803305 873.945975 835.036676 797.082102 760.254768 724.657130 690.437092 657.913072 627.259096 598.480474 572.190820 549.450499 533.881913 527.481044 533.261883 539.904320 521.926696 505.799845 492.390301 481.587803 472.995684 466.247741 460.986465 456.722544 452.807738 448.624147 443.757396 438.157963 431.731363 424.390478 416.039772 406.570412 395.871273 384.284353 371.691891 357.906663 342.847666 326.894540 309.754472 291.329587 271.979153 251.259936 229.562264 206.586530 182.499512 157.144361 130.691511 102.803235 73.944309 43.524268 12.031146 -20.677919 -54.929053 -90.177838 -126.364289 -163.504893 -201.317036 -239.112960 -275.901226 -310.963908 -343.415579 -372.470315 -397.947119 -421.536506 -451.417128 -9999.0 -9999.0
-9999.0 -9999.0 -9999.0 -9999.0 -9999.0 -9999.0 -9999.0 -9999.0 -9999.0 -9999.0 -9999.0 -9999.0 -9999.0 -9999.0 -9999.0 -9999.0 -9999.0 -9999.0 -9999.0 -9999.0 -9999.0 -9999.0 -9999.0 -9999.0 -9999.0 -9999.0 -9999.0 -9999.0 -9999.0 -9999.0 -9999.0 -9999.0 -9999.0 -9999.0 -9999.0 -9999.0 -9999.0 -9999.0 -9999.0 -9999.0 -9999.0 -9999.0 -9999.0 -9999.0 -9999.0 -9999.0 -9999.0 -9999.0 -9999.0 -9999.0 -9999.0 -9999.0 -9999.0 -9999.0 -9999.0 -9999.0 -9999.0 -9999.0 -9999.0 -9999.0 -9999.0 -9999.0 -9999.0 -9999.0 -9999.0 -9999.0 -9999.0 -9999.0 -9999.0 -9999.0 -9999.0 -9999.0 -9999.0 -9999.0 -9999.0 -9999.0 -9999.0 -9999.0 -9999.0 -9999.0 -9999.0 -9999.0 -9999.0 -9999.0 -9999.0 -9999.0 -9999.0 -9999.0 -9999.0 -9999.0 -9999.0 -9999.0 -9999.0 -9999.0 -9999.0 -9999.0 -9999.0 -9999.0 -9999.0 -9999.0 -9999.0 -9999.0 -9999.0 -9999.0
-9999.0 -9999.0 -9999.0 -9999.0 -9999.0 -9999.0 -9999.0 -9999.0 -9999.0 -9999.0 -9999.0 -9999.0 -9999.0 -9999.0 -9999.0 -9999.0 -9999.0 -9999.0 -9999.0 -9999.0 -9999.0 -9999.0 -9999.0 -9999.0 -9999.0 -9999.0 -9999.0 -9999.0 -9999.0 -9999.0 -9999.0 -9999.0 -9999.0 -9999.0 -9999.0 -9999.0 -9999.0 -9999.0 -9999.0 -9999.0 -9999.0 -9999.0 -9999.0 -9999.0 -9999.0 -9999.0 -9999.0 -9999.0 -9999.0 -9999.0 -9999.0 -9999.0 -9999.0 -9999.0 -9999.0 -9999.0 -9999.0 -9999.0 -9999.0 -9999.0 -9999.0 -9999.0 -9999.0 -9999.0 -9999.0 -9999.0 -9999.0 -9999.0 -9999.0 -9999.0 -9999.0 -9999.0 -9999.0 -9999.0 -9999.0 -9999.0 -9999.0 -9999.0 -9999.0 -9999.0 -9999.0 -9999.0 -9999.0 -9999.0 -9999.0 -9999.0 -9999.0 -9999.0 -9999.0 -9999.0 -9999.0 -9999.0 -9999.0 -9999.0 -9999.0 -9999.0 -9999.0 -9999.0 -9999.0 -9999.0 -9999.0 -9999.0 -9999.0 -9999.0