examples/3D/hillslope02_superslab/output-maps-SE27XX/psiliqL0002N0002.asc
ncols         104
nrows         10
xllcorner     -2.000000
yllcorner     0.000000
cellsize      1.000000
NODATA_value  -9999.0
-9999.0 -9999.0 -9999.0 -9999.0 -9999.0 -9999.0 -9999.0 -9999.0 -9999.0 -9999.0 -9999.0 -9999.0 -9999.0 -9999.0 -9999.0 -9999.0 -9999.0 -9999.0 -9999.0 -9999.0 -9999.0 -9999.0 -9999.0 -9999.0 -9999.0 -9999.0 -9999.0 -9999.0 -9999.0 -9999.0 -9999.0 -9999.0 -9999.0 -9999.0 -9999.0 -9999.0 -9999.0 -9999.0 -9999.0 -9999.0 -9999.0 -9999.0 -9999.0 -9999.0 -9999.0 -9999.0 -9999.0 -9999.0 -9999.0 -9999.0 -9999.0 -9999.0 -9999.0 -9999.0 -9999.0 -9999.0 -9999.0 -9999.0 -9999.0 -9999.0 -9999.0 -9999.0 -9999.0 -9999.0 -9999.0 -9999.0 -9999.0 -9999.0 -9999.0 -9999.0 -9999.0 -9999.0 -9999.0 -9999.0 -9999.0 -9999.0 -9999.0 -9999.0 -9999.0 -9999.0 -9999.0 -9999.0 -9999.0 -9999.0 -9999.0 -9999.0 -9999.0 -9999.0 -9999.0 -9999.0 -9999.0 -9999.0 -9999.0 -9999.0 -9999.0 -9999.0 -9999.0 -9999.0 -9999.0 -9999.0 -9999.0 -9999.0 -9999.0 -9999.0
-9999.0 -9999.0 -9999.0 -9999.0 -9999.0 -9999.0 -9999.0 -9999.0 -9999.0 -9999.0 -9999.0 -9999.0 -9999.0 -9999.0 -9999.0 -9999.0 -9999.0 -9999.0 -9999.0 -9999.0 -9999.0 -9999.0 -9999.0 -9999.0 -9999.0 -9999.0 -9999.0 -9999.0 -9999.0 -9999.0 -9999.0 -9999.0 -9999.0 -9999.0 -9999.0 -9999.0 -9999.0 -9999.0 -9999.0 -9999.0 -9999.0 -9999.0 -9999.0 -9999.0 -9999.0 -9999.0 -9999.0 -9999.0 -9999.0 -9999.0 -9999.0 -9999.0 -9999.0 -9999.0 -9999.0 -9999.0 -9999.0 -9999.0 -9999.0 -9999.0 -9999.0 -9999.0 -9999.0 -9999.0 -9999.0 -9999.0 -9999.0 -9999.0 -9999.0 -9999.0 -9999.0 -9999.0 -9999.0 -9999.0 -9999.0 -9999.0 -9999.0 -9999.0 -9999.0 -9999.0 -9999.0 -9999.0 -9999.0 -9999.0 -9999.0 -9999.0 -9999.0 -9999.0 -9999.0 -9999.0 -9999.0 -9999.0 -9999.0 -9999.0 -9999.0 -9999.0 -9999.0 -9999.0 -9999.0 -9999.0 -9999.0 -9999.0 -9999.0 -9999.0
-9999.0 -9999.0 -325.505010 -348.134223 -353.504200 -353.779389 -350.051830 -340.498015 -325.000682 -295.070014 -339.240738 -188.694115 -100.707512 -64.806450 -12.910531 74.432294 36.117863 -20.524700 -84.065209 -149.185845 -210.050652 -260.892697 -298.046225 -322.444696 -337.163681 -345.598078 -350.240853 -352.668898 -353.576449 -352.528411 -346.303826 -328.432406 -304.655364 -287.085322 -277.894513 -274.417773 -273.861735 -274.525864 -275.364495 -274.852251 -267.693425 -233.495781 -204.775892 -185.760086 -185.531164 -185.507038 -185.499244 -185.501055 -185.507986 -185.518885 -185.531978 -185.546938 -185.563547 -185.581666 -185.601241 -185.622351 -185.646542 -185.674788 -185.711867 -185.774888 -186.286935 -232.759789 -293.951986 -340.595598 -351.981116 -354.880216 -355.627969 -355.821489 -355.871617 -355.884605 -355.887970 -355.888842 -355.889068 -355.889126 -355.889141 -355.889145 -355.889146 -355.889147 -355.889147 -355.889147 -355.889147 -355.889147 -355.889147 -355.889147 -355.889147 -355.889147 -355.889147 -355.889147 -355.889148 -355.889153 -355.889169 -355.889230 -355.889458 -355.890311 -355.893503 -355.905442 -355.950104 -356.117132 -356.741234 -359.066296 -367.646815 -398.404781 -9999.0 -9999.0
-9999.0 -9999.0 -325.505010 -348.134225 -353.504199 -353.779388 -350.051830 -340.498017 -325.000682 -295.070013 -339.240738 -188.694112 -100.707510 -64.806450 -12.910531 74.432294 36.117862 -20.524702 -84.065210 -149.185845 -210.050652 -260.892697 -298.046225 -322.444697 -337.163682 -345.598078 -350.240854 -352.668898 -353.576450 -352.528410 -346.303828 -328.432407 -304.655364 -287.085322 -277.894513 -274.417773 -273.861735 -274.525864 -275.364495 -274.852251 -267.693425 -233.495781 -204.775892 -185.760086 -185.531164 -185.507038 -185.499244 -185.501055 -185.507986 -185.518885 -185.531978 -185.546938 -185.563547 -185.581666 -185.601241 -185.622351 -185.646542 -185.674788 -185.711867 -185.774888 -186.286935 -232.759787 -293.951984 -340.595600 -351.981116 -354.880216 -355.627971 -355.821491 -355.871619 -355.884607 -355.887972 -355.888844 -355.889069 -355.889128 -355.889143 -355.889147 -355.889148 -355.889148 -355.889148 -355.889148 -355.889148 -355.889148 -355.889148 -355.889148 -355.889148 -355.889148 -355.889148 -355.889149 -355.889150 -355.889154 -355.889170 -355.889231 -355.889459 -355.890313 -355.893504 -355.905444 -355.950105 -356.117133 -356.741239 -359.066287 -367.646826 -398.404779 -9999.0 -9999.0
-9999.0 -9999.0 -325.505011 -348.134225 -353.504200 -353.779390 -350.051831 -340.498017 -325.000682 -295.070013 -339.240737 -188.694110 -100.707509 -64.806450 -12.910531 74.432294 36.117861 -20.524703 -84.065211 -149.185846 -210.050652 -260.892697 -298.046226 -322.444697 -337.163683 -345.598079 -350.240855 -352.668899 -353.576451 -352.528412 -346.303828 -328.432407 -304.655364 -287.085322 -277.894512 -274.417773 -273.861735 -274.525864 -275.364495 -274.852251 -267.693425 -233.495781 -204.775892 -185.760086 -185.531164 -185.507038 -185.499244 -185.501055 -185.507986 -185.518885 -185.531978 -185.546938 -185.563547 -185.581666 -185.601241 -185.622351 -185.646542 -185.674788 -185.711867 -185.774888 -186.286935 -232.759787 -293.951985 -340.595600 -351.981117 -354.880218 -355.627972 -355.821493 -355.871622 -355.884609 -355.887974 -355.888846 -355.889072 -355.889130 -355.889146 -355.889149 -355.889150 -355.889151 -355.889151 -355.889151 -355.889151 -355.889151 -355.889151 -355.889151 -355.889151 -355.889151 -355.889151 -355.889151 -355.889152 -355.889157 -355.889173 -355.889234 -355.889462 -355.890315 -355.893507 -355.905447 -355.950108 -356.117134 -356.741239 -359.066294 -367.646824 -398.404782 -9999.0 -9999.0
-9999.0 -9999.0 -325.505011 -348.134225 -353.504200 -353.779390 -350.051831 -340.498017 -325.000682 -295.070013 -339.240737 -188.694110 -100.707509 -64.806450 -12.910531 74.432294 36.117861 -20.524703 -84.065211 -149.185846 -210.050652 -260.892697 -298.046226 -322.444697 -337.163683 -345.598079 -350.240855 -352.668899 -353.576451 -352.528412 -346.303828 -328.432407 -304.655364 -287.085322 -277.894512 -274.417773 -273.861735 -274.525864 -275.364495 -274.852251 -267.693425 -233.495781 -204.775892 -185.760086 -185.531164 -185.507038 -185.499244 -185.501055 -185.507986 -185.518885 -185.531978 -185.546938 -185.563547 -185.581666 -185.601241 -185.622351 -185.646542 -185.674788 -185.711867 -185.774888 -186.286935 -232.759787 -293.951985 -340.595600 -351.981117 -354.880218 -355.627972 -355.821493 -355.871622 -355.884609 -355.887974 -355.888846 -355.889072 -355.889130 -355.889146 -355.889149 -355.889150 -355.889151 -355.889151 -355.889151 -355.889151 -355.889151 -355.889151 -355.889151 -355.889151 -355.889151 -355.889151 -355.889151 -355.889152 -355.889157 -355.889173 -355.889234 -355.889462 -355.890315 -355.893507 -355.905447 -355.950108 -356.117134 -356.741239 -359.066294 -367.646824 -398.404782 -9999.0 -9999.0
-9999.0 -9999.0 -325.505010 -348.134225 -353.504199 -353.779388 -350.051830 -340.498017 -325.000682 -295.070013 -339.240738 -188.694112 -100.707510 -64.806450 -12.910531 74.432294 36.117862 -20.524702 -84.065210 -149.185845 -210.050652 -260.892697 -298.046225 -322.444697 -337.163682 -345.598078 -350.240854 -352.668898 -353.576450 -352.528410 -346.303828 -328.432407 -304.655364 -287.085322 -277.894513 -274.417773 -273.861735 -274.525864 -275.364495 -274.852251 -267.693425 -233.495781 -204.775892 -185.760086 -185.531164 -185.507038 -185.499244 -185.501055 -185.507986 -185.518885 -185.531978 -185.546938 -185.563547 -185.581666 -185.601241 -185.622351 -185.646542 -185.674788 -185.711867 -185.774888 -186.286935 -232.759787 -293.951984 -340.595600 -351.981116 -354.880216 -355.627971 -355.821491 -355.871619 -355.884607 -355.887972 -355.888844 -355.889069 -355.889128 -355.889143 -355.889147 -355.889148 -355.889148 -355.889148 -355.889148 -355.889148 -355.889148 -355.889148 -355.889148 -355.889148 -355.889148 -355.889148 -355.889149 -355.889150 -355.889154 -355.889170 -355.889231 -355.889459 -355.890313 -355.893504 -355.905444 -355.950105 -356.117133 -356.741239 -359.066287 -367.646826 -398.404779 -9999.0 -9999.0
-9999.0 -9999.0 -325.505010 -348.134223 -353.504200 -353.779389 -350.051830 -340.498015 -325.000682 -295.070014 -339.240738 -188.694115 -100.707512 -64.806450 -12.910531 74.432294 36.117863 -20.524700 -84.065209 -149.185845 -210.050652 -260.892697 -298.046225 -322.444696 -337.163681 -345.598078 -350.240853 -352.668898 -353.576449 -352.528411 -346.303826 -328.432406 -304.655364 -287.085322 -277.894513 -274.417773 -273.861735 -274.525864 -275.364495 -274.852251 -267.693425 -233.495781 -204.775892 -185.760086 -185.531164 -185.507038 -185.499244 -185.501055 -185.507986 -185.518885 -185.531978 -185.546938 -185.563547 -185.581666 -185.601241 -185.622351 -185.646542 -185.674788 -185.711867 -185.774888 -186.286935 -232.759789 -293.951986 -340.595598 -351.981116 -354.880216 -355.627969 -355.821489 -355.871617 -355.884605 -355.887970 -355.888842 -355.889068 -355.889126 -355.889141 -355.889145 -355.889146 -355.889147 -355.889147 -355.889147 -355.889147 -355.889147 -355.889147 -355.889147 -355.889147 -355.889147 -355.889147 -355.889147 -355.889148 -355.889153 -355.889169 -355.889230 -355.889458 -355.890311 -355.893503 -355.905442 -355.950104 -356.117132 -356.741234 -359.066296 -367.646815 -398.404781 -9999.0 -9999.0
-9999.0 -9999.0 -9999.0 -9999.0 -9999.0 -9999.0 -9999.0 -9999.0 -9999.0 -9999.0 -9999.0 -9999.0 -9999.0 -9999.0 -9999.0 -9999.0 -9999.0 -9999.0 -9999.0 -9999.0 -9999.0 -9999.0 -9999.0 -9999.0 -9999.0 -9999.0 -9999.0 -9999.0 -9999.0 -9999.0 -9999.0 -9999.0 -9999.0 -9999.0 -9999.0 -9999.0 -9999.0 -9999.0 -9999.0 -9999.0 -9999.0 -9999.0 -9999.0 -9999.0 -9999.0 -9999.0 -9999.0 -9999.0 -9999.0 -9999.0 -9999.0 -9999.0 -9999.0 -9999.0 -9999.0 -9999.0 -9999.0 -9999.0 -9999.0 -9999.0 -9999.0 -9999.0 -9999.0 -9999.0 -9999.0 -9999.0 -9999.0 -9999.0 -9999.0 -9999.0 -9999.0 -9999.0 -9999.0 -9999.0 -9999.0 -9999.0 -9999.0 -9999.0 -9999.0 -9999.0 -9999.0 -9999.0 -9999.0 -9999.0 -9999.0 -9999.0 -9999.0 -9999.0 -9999.0 -9999.0 -9999.0 -9999.0 -9999.0 -9999.0 -9999.0 -9999.0 -9999.0 -9999.0 -9999.0 -9999.0 -9999.0 -9999.0 -9999.0 -9999.0
-9999.0 -9999.0 -9999.0 -9999.0 -9999.0 -9999.0 -9999.0 -9999.0 -9999.0 -9999.0 -9999.0 -9999.0 -9999.0 -9999.0 -9999.0 -9999.0 -9999.0 -9999.0 -9999.0 -9999.0 -9999.0 -9999.0 -9999.0 -9999.0 -9999.0 -9999.0 -9999.0 -9999.0 -9999.0 -9999.0 -9999.0 -9999.0 -9999.0 -9999.0 -9999.0 -9999.0 -9999.0 -9999.0 -9999.0 -9999.0 -9999.0 -9999.0 -9999.0 -9999.0 -9999.0 -9999.0 -9999.0 -9999.0 -9999.0 -9999.0 -9999.0 -9999.0 -9999.0 -9999.0 -9999.0 -9999.0 -9999.0 -9999.0 -9999.0 -9999.0 -9999.0 -9999.0 -9999.0 -9999.0 -9999.0 -9999.0 -9999.0 -9999.0 -9999.0 -9999.0 -9999.0 -9999.0 -9999.0 -9999.0 -9999.0 -9999.0 -9999.0 -9999.0 -9999.0 -9999.0 -9999.0 -9999.0 -9999.0 -9999.0 -9999.0 -9999.0 -9999.0 -9999.0 -9999.0 -9999.0 -9999.0 -9999.0 -9999.0 -9999.0 -9999.0 -9999.0 -9999.0 -9999.0 -9999.0 -9999.0 -9999.0 -9999.0 -9999.0 -9999.0