examples/3D/hillslope02_superslab/output-maps-SE27XX/psiliqL0049N0002.asc
ncols         104
nrows         10
xllcorner     -2.000000
yllcorner     0.000000
cellsize      1.000000
NODATA_value  -9999.0
-9999.0 -9999.0 -9999.0 -9999.0 -9999.0 -9999.0 -9999.0 -9999.0 -9999.0 -9999.0 -9999.0 -9999.0 -9999.0 -9999.0 -9999.0 -9999.0 -9999.0 -9999.0 -9999.0 -9999.0 -9999.0 -9999.0 -9999.0 -9999.0 -9999.0 -9999.0 -9999.0 -9999.0 -9999.0 -9999.0 -9999.0 -9999.0 -9999.0 -9999.0 -9999.0 -9999.0 -9999.0 -9999.0 -9999.0 -9999.0 -9999.0 -9999.0 -9999.0 -9999.0 -9999.0 -9999.0 -9999.0 -9999.0 -9999.0 -9999.0 -9999.0 -9999.0 -9999.0 -9999.0 -9999.0 -9999.0 -9999.0 -9999.0 -9999.0 -9999.0 -9999.0 -9999.0 -9999.0 -9999.0 -9999.0 -9999.0 -9999.0 -9999.0 -9999.0 -9999.0 -9999.0 -9999.0 -9999.0 -9999.0 -9999.0 -9999.0 -9999.0 -9999.0 -9999.0 -9999.0 -9999.0 -9999.0 -9999.0 -9999.0 -9999.0 -9999.0 -9999.0 -9999.0 -9999.0 -9999.0 -9999.0 -9999.0 -9999.0 -9999.0 -9999.0 -9999.0 -9999.0 -9999.0 -9999.0 -9999.0 -9999.0 -9999.0 -9999.0 -9999.0
-9999.0 -9999.0 -9999.0 -9999.0 -9999.0 -9999.0 -9999.0 -9999.0 -9999.0 -9999.0 -9999.0 -9999.0 -9999.0 -9999.0 -9999.0 -9999.0 -9999.0 -9999.0 -9999.0 -9999.0 -9999.0 -9999.0 -9999.0 -9999.0 -9999.0 -9999.0 -9999.0 -9999.0 -9999.0 -9999.0 -9999.0 -9999.0 -9999.0 -9999.0 -9999.0 -9999.0 -9999.0 -9999.0 -9999.0 -9999.0 -9999.0 -9999.0 -9999.0 -9999.0 -9999.0 -9999.0 -9999.0 -9999.0 -9999.0 -9999.0 -9999.0 -9999.0 -9999.0 -9999.0 -9999.0 -9999.0 -9999.0 -9999.0 -9999.0 -9999.0 -9999.0 -9999.0 -9999.0 -9999.0 -9999.0 -9999.0 -9999.0 -9999.0 -9999.0 -9999.0 -9999.0 -9999.0 -9999.0 -9999.0 -9999.0 -9999.0 -9999.0 -9999.0 -9999.0 -9999.0 -9999.0 -9999.0 -9999.0 -9999.0 -9999.0 -9999.0 -9999.0 -9999.0 -9999.0 -9999.0 -9999.0 -9999.0 -9999.0 -9999.0 -9999.0 -9999.0 -9999.0 -9999.0 -9999.0 -9999.0 -9999.0 -9999.0 -9999.0 -9999.0
-9999.0 -9999.0 -314.605317 -345.089632 -352.493738 -352.763553 -348.310757 -337.663265 -321.903938 -311.266346 -339.597493 -355.700724 -366.399595 -374.959244 -376.056566 -368.972065 -363.686198 -360.024440 -357.131683 -354.629716 -352.377147 -350.281822 -348.277736 -346.309615 -344.343291 -342.356668 -340.338560 -338.293842 -336.214629 -334.118611 -332.032318 -330.010947 -328.182153 -326.698289 -199.646749 28.909023 253.157420 469.543135 672.624747 544.492994 404.135316 246.070162 67.289240 -110.550353 -280.728005 -470.576118 -722.357305 -1303.433738 -2522.618819 -2549.478532 -2549.504927 -2549.504951 -2549.504951 -2549.504951 -2549.504951 -2549.504950 -2549.504932 -2549.490980 -2540.308276 -1681.169050 -702.289603 -440.266217 -315.782872 -337.848277 -350.742597 -354.540923 -355.540429 -355.798938 -355.865784 -355.883089 -355.887571 -355.888733 -355.889034 -355.889112 -355.889132 -355.889138 -355.889139 -355.889140 -355.889140 -355.889141 -355.889141 -355.889141 -355.889141 -355.889141 -355.889142 -355.889142 -355.889143 -355.889144 -355.889148 -355.889162 -355.889213 -355.889403 -355.890115 -355.892770 -355.902649 -355.939140 -356.071840 -356.540231 -358.111658 -363.005813 -376.958796 -413.963612 -9999.0 -9999.0
-9999.0 -9999.0 -314.605318 -345.089633 -352.493739 -352.763553 -348.310757 -337.663266 -321.903938 -311.266345 -339.597492 -355.700723 -366.399595 -374.959244 -376.056566 -368.972065 -363.686198 -360.024440 -357.131684 -354.629716 -352.377147 -350.281822 -348.277736 -346.309615 -344.343291 -342.356668 -340.338560 -338.293842 -336.214629 -334.118611 -332.032318 -330.010947 -328.182153 -326.698289 -199.646749 28.909023 253.157420 469.543135 672.624747 544.492994 404.135316 246.070162 67.289240 -110.550353 -280.728005 -470.576118 -722.357305 -1303.433738 -2522.618819 -2549.478532 -2549.504927 -2549.504951 -2549.504951 -2549.504951 -2549.504951 -2549.504950 -2549.504932 -2549.490980 -2540.308276 -1681.169049 -702.289602 -440.266217 -315.782871 -337.848278 -350.742598 -354.540924 -355.540431 -355.798941 -355.865786 -355.883091 -355.887574 -355.888735 -355.889036 -355.889115 -355.889135 -355.889140 -355.889142 -355.889142 -355.889143 -355.889143 -355.889143 -355.889144 -355.889144 -355.889144 -355.889144 -355.889145 -355.889145 -355.889146 -355.889150 -355.889164 -355.889215 -355.889406 -355.890117 -355.892772 -355.902652 -355.939143 -356.071843 -356.540234 -358.111662 -363.005818 -376.958802 -413.963615 -9999.0 -9999.0
-9999.0 -9999.0 -314.605319 -345.089634 -352.493740 -352.763555 -348.310758 -337.663266 -321.903938 -311.266345 -339.597492 -355.700723 -366.399595 -374.959244 -376.056566 -368.972065 -363.686198 -360.024440 -357.131684 -354.629716 -352.377147 -350.281822 -348.277736 -346.309615 -344.343291 -342.356668 -340.338560 -338.293842 -336.214629 -334.118611 -332.032318 -330.010947 -328.182153 -326.698289 -199.646749 28.909023 253.157420 469.543135 672.624747 544.492994 404.135316 246.070162 67.289240 -110.550353 -280.728005 -470.576118 -722.357305 -1303.433738 -2522.618819 -2549.478532 -2549.504927 -2549.504951 -2549.504951 -2549.504951 -2549.504951 -2549.504950 -2549.504932 -2549.490980 -2540.308276 -1681.169048 -702.289602 -440.266217 -315.782871 -337.848278 -350.742599 -354.540927 -355.540433 -355.798944 -355.865790 -355.883095 -355.887577 -355.888739 -355.889040 -355.889118 -355.889138 -355.889144 -355.889145 -355.889146 -355.889146 -355.889146 -355.889146 -355.889147 -355.889147 -355.889147 -355.889147 -355.889148 -355.889148 -355.889149 -355.889153 -355.889167 -355.889218 -355.889409 -355.890120 -355.892775 -355.902655 -355.939146 -356.071846 -356.540238 -358.111666 -363.005824 -376.958808 -413.963619 -9999.0 -9999.0
-9999.0 -9999.0 -314.605319 -345.089634 -352.493740 -352.763555 -348.310758 -337.663266 -321.903938 -311.266345 -339.597492 -355.700723 -366.399595 -374.959244 -376.056566 -368.972065 -363.686198 -360.024440 -357.131684 -354.629716 -352.377147 -350.281822 -348.277736 -346.309615 -344.343291 -342.356668 -340.338560 -338.293842 -336.214629 -334.118611 -332.032318 -330.010947 -328.182153 -326.698289 -199.646749 28.909023 253.157420 469.543135 672.624747 544.492994 404.135316 246.070162 67.289240 -110.550353 -280.728005 -470.576118 -722.357305 -1303.433738 -2522.618819 -2549.478532 -2549.504927 -2549.504951 -2549.504951 -2549.504951 -2549.504951 -2549.504950 -2549.504932 -2549.490980 -2540.308276 -1681.169048 -702.289602 -440.266217 -315.782871 -337.848278 -350.742599 -354.540927 -355.540433 -355.798944 -355.865790 -355.883095 -355.887577 -355.888739 -355.889040 -355.889118 -355.889138 -355.889144 -355.889145 -355.889146 -355.889146 -355.889146 -355.889146 -355.889147 -355.889147 -355.889147 -355.889147 -355.889148 -355.889148 -355.889149 -355.889153 -355.889167 -355.889218 -355.889409 -355.890120 -355.892775 -355.902655 -355.939146 -356.071846 -356.540238 -358.111666 -363.005824 -376.958808 -413.963619 -9999.0 -9999.0
-9999.0 -9999.0 -314.605318 -345.089633 -352.493739 -352.763553 -348.310757 -337.663266 -321.903938 -311.266345 -339.597492 -355.700723 -366.399595 -374.959244 -376.056566 -368.972065 -363.686198 -360.024440 -357.131684 -354.629716 -352.377147 -350.281822 -348.277736 -346.309615 -344.343291 -342.356668 -340.338560 -338.293842 -336.214629 -334.118611 -332.032318 -330.010947 -328.182153 -326.698289 -199.646749 28.909023 253.157420 469.543135 672.624747 544.492994 404.135316 246.070162 67.289240 -110.550353 -280.728005 -470.576118 -722.357305 -1303.433738 -2522.618819 -2549.478532 -2549.504927 -2549.504951 -2549.504951 -2549.504951 -2549.504951 -2549.504950 -2549.504932 -2549.490980 -2540.308276 -1681.169049 -702.289602 -440.266217 -315.782871 -337.848278 -350.742598 -354.540924 -355.540431 -355.798941 -355.865786 -355.883091 -355.887574 -355.888735 -355.889036 -355.889115 -355.889135 -355.889140 -355.889142 -355.889142 -355.889143 -355.889143 -355.889143 -355.889144 -355.889144 -355.889144 -355.889144 -355.889145 -355.889145 -355.889146 -355.889150 -355.889164 -355.889215 -355.889406 -355.890117 -355.892772 -355.902652 -355.939143 -356.071843 -356.540234 -358.111662 -363.005818 -376.958802 -413.963615 -9999.0 -9999.0
-9999.0 -9999.0 -314.605317 -345.089632 -352.493738 -352.763553 -348.310757 -337.663265 -321.903938 -311.266346 -339.597493 -355.700724 -366.399595 -374.959244 -376.056566 -368.972065 -363.686198 -360.024440 -357.131683 -354.629716 -352.377147 -350.281822 -348.277736 -346.309615 -344.343291 -342.356668 -340.338560 -338.293842 -336.214629 -334.118611 -332.032318 -330.010947 -328.182153 -326.698289 -199.646749 28.909023 253.157420 469.543135 672.624747 544.492994 404.135316 246.070162 67.289240 -110.550353 -280.728005 -470.576118 -722.357305 -1303.433738 -2522.618819 -2549.478532 -2549.504927 -2549.504951 -2549.504951 -2549.504951 -2549.504951 -2549.504950 -2549.504932 -2549.490980 -2540.308276 -1681.169050 -702.289603 -440.266217 -315.782872 -337.848277 -350.742597 -354.540923 -355.540429 -355.798938 -355.865784 -355.883089 -355.887571 -355.888733 -355.889034 -355.889112 -355.889132 -355.889138 -355.889139 -355.889140 -355.889140 -355.889141 -355.889141 -355.889141 -355.889141 -355.889141 -355.889142 -355.889142 -355.889143 -355.889144 -355.889148 -355.889162 -355.889213 -355.889403 -355.890115 -355.892770 -355.902649 -355.939140 -356.071840 -356.540231 -358.111658 -363.005813 -376.958796 -413.963612 -9999.0 -9999.0
-9999.0 -9999.0 -9999.0 -9999.0 -9999.0 -9999.0 -9999.0 -9999.0 -9999.0 -9999.0 -9999.0 -9999.0 -9999.0 -9999.0 -9999.0 -9999.0 -9999.0 -9999.0 -9999.0 -9999.0 -9999.0 -9999.0 -9999.0 -9999.0 -9999.0 -9999.0 -9999.0 -9999.0 -9999.0 -9999.0 -9999.0 -9999.0 -9999.0 -9999.0 -9999.0 -9999.0 -9999.0 -9999.0 -9999.0 -9999.0 -9999.0 -9999.0 -9999.0 -9999.0 -9999.0 -9999.0 -9999.0 -9999.0 -9999.0 -9999.0 -9999.0 -9999.0 -9999.0 -9999.0 -9999.0 -9999.0 -9999.0 -9999.0 -9999.0 -9999.0 -9999.0 -9999.0 -9999.0 -9999.0 -9999.0 -9999.0 -9999.0 -9999.0 -9999.0 -9999.0 -9999.0 -9999.0 -9999.0 -9999.0 -9999.0 -9999.0 -9999.0 -9999.0 -9999.0 -9999.0 -9999.0 -9999.0 -9999.0 -9999.0 -9999.0 -9999.0 -9999.0 -9999.0 -9999.0 -9999.0 -9999.0 -9999.0 -9999.0 -9999.0 -9999.0 -9999.0 -9999.0 -9999.0 -9999.0 -9999.0 -9999.0 -9999.0 -9999.0 -9999.0
-9999.0 -9999.0 -9999.0 -9999.0 -9999.0 -9999.0 -9999.0 -9999.0 -9999.0 -9999.0 -9999.0 -9999.0 -9999.0 -9999.0 -9999.0 -9999.0 -9999.0 -9999.0 -9999.0 -9999.0 -9999.0 -9999.0 -9999.0 -9999.0 -9999.0 -9999.0 -9999.0 -9999.0 -9999.0 -9999.0 -9999.0 -9999.0 -9999.0 -9999.0 -9999.0 -9999.0 -9999.0 -9999.0 -9999.0 -9999.0 -9999.0 -9999.0 -9999.0 -9999.0 -9999.0 -9999.0 -9999.0 -9999.0 -9999.0 -9999.0 -9999.0 -9999.0 -9999.0 -9999.0 -9999.0 -9999.0 -9999.0 -9999.0 -9999.0 -9999.0 -9999.0 -9999.0 -9999.0 -9999.0 -9999.0 -9999.0 -9999.0 -9999.0 -9999.0 -9999.0 -9999.0 -9999.0 -9999.0 -9999.0 -9999.0 -9999.0 -9999.0 -9999.0 -9999.0 -9999.0 -9999.0 -9999.0 -9999.0 -9999.0 -9999.0 -9999.0 -9999.0 -9999.0 -9999.0 -9999.0 -9999.0 -9999.0 -9999.0 -9999.0 -9999.0 -9999.0 -9999.0 -9999.0 -9999.0 -9999.0 -9999.0 -9999.0 -9999.0 -9999.0