examples/3D/hillslope02_superslab/output-maps-SE27XX/psiliqL0005N0003.asc
ncols         104
nrows         10
xllcorner     -2.000000
yllcorner     0.000000
cellsize      1.000000
NODATA_value  -9999.0
-9999.0 -9999.0 -9999.0 -9999.0 -9999.0 -9999.0 -9999.0 -9999.0 -9999.0 -9999.0 -9999.0 -9999.0 -9999.0 -9999.0 -9999.0 -9999.0 -9999.0 -9999.0 -9999.0 -9999.0 -9999.0 -9999.0 -9999.0 -9999.0 -9999.0 -9999.0 -9999.0 -9999.0 -9999.0 -9999.0 -9999.0 -9999.0 -9999.0 -9999.0 -9999.0 -9999.0 -9999.0 -9999.0 -9999.0 -9999.0 -9999.0 -9999.0 -9999.0 -9999.0 -9999.0 -9999.0 -9999.0 -9999.0 -9999.0 -9999.0 -9999.0 -9999.0 -9999.0 -9999.0 -9999.0 -9999.0 -9999.0 -9999.0 -9999.0 -9999.0 -9999.0 -9999.0 -9999.0 -9999.0 -9999.0 -9999.0 -9999.0 -9999.0 -9999.0 -9999.0 -9999.0 -9999.0 -9999.0 -9999.0 -9999.0 -9999.0 -9999.0 -9999.0 -9999.0 -9999.0 -9999.0 -9999.0 -9999.0 -9999.0 -9999.0 -9999.0 -9999.0 -9999.0 -9999.0 -9999.0 -9999.0 -9999.0 -9999.0 -9999.0 -9999.0 -9999.0 -9999.0 -9999.0 -9999.0 -9999.0 -9999.0 -9999.0 -9999.0 -9999.0
-9999.0 -9999.0 -9999.0 -9999.0 -9999.0 -9999.0 -9999.0 -9999.0 -9999.0 -9999.0 -9999.0 -9999.0 -9999.0 -9999.0 -9999.0 -9999.0 -9999.0 -9999.0 -9999.0 -9999.0 -9999.0 -9999.0 -9999.0 -9999.0 -9999.0 -9999.0 -9999.0 -9999.0 -9999.0 -9999.0 -9999.0 -9999.0 -9999.0 -9999.0 -9999.0 -9999.0 -9999.0 -9999.0 -9999.0 -9999.0 -9999.0 -9999.0 -9999.0 -9999.0 -9999.0 -9999.0 -9999.0 -9999.0 -9999.0 -9999.0 -9999.0 -9999.0 -9999.0 -9999.0 -9999.0 -9999.0 -9999.0 -9999.0 -9999.0 -9999.0 -9999.0 -9999.0 -9999.0 -9999.0 -9999.0 -9999.0 -9999.0 -9999.0 -9999.0 -9999.0 -9999.0 -9999.0 -9999.0 -9999.0 -9999.0 -9999.0 -9999.0 -9999.0 -9999.0 -9999.0 -9999.0 -9999.0 -9999.0 -9999.0 -9999.0 -9999.0 -9999.0 -9999.0 -9999.0 -9999.0 -9999.0 -9999.0 -9999.0 -9999.0 -9999.0 -9999.0 -9999.0 -9999.0 -9999.0 -9999.0 -9999.0 -9999.0 -9999.0 -9999.0
-9999.0 -9999.0 -891.161692 -901.021162 -902.195528 -902.299697 -902.001395 -901.360278 -900.434413 -896.916283 -870.333435 -835.376863 -828.485652 -843.912748 -855.192698 -868.547714 -857.572349 -817.368464 -786.336399 -769.710291 -765.549069 -770.884523 -783.019220 -799.478739 -817.936280 -836.308563 -852.962750 -866.911855 -877.825531 -885.824834 -891.186243 -894.290543 -895.944492 -896.913041 -897.516830 -897.865902 -898.044859 -898.120033 -898.116529 -898.096579 -899.107691 -912.351778 -753.150639 -774.260602 -773.988250 -773.962150 -774.051698 -774.200656 -774.371223 -774.520302 -774.654844 -774.854798 -775.090988 -775.305344 -775.475147 -775.711550 -776.010138 -776.309409 -776.590020 -777.058478 -778.113425 -770.026850 -903.056671 -901.662628 -902.278920 -902.515572 -902.581809 -902.599305 -902.603862 -902.605044 -902.605350 -902.605429 -902.605450 -902.605455 -902.605457 -902.605457 -902.605457 -902.605457 -902.605457 -902.605457 -902.605457 -902.605457 -902.605457 -902.605457 -902.605457 -902.605457 -902.605457 -902.605457 -902.605457 -902.605458 -902.605461 -902.605471 -902.605510 -902.605653 -902.606189 -902.608188 -902.615606 -902.642952 -902.743410 -903.122062 -904.744995 -914.183310 -9999.0 -9999.0
-9999.0 -9999.0 -891.161692 -901.021162 -902.195528 -902.299697 -902.001395 -901.360278 -900.434413 -896.916283 -870.333435 -835.376863 -828.485652 -843.912748 -855.192698 -868.547714 -857.572349 -817.368464 -786.336399 -769.710291 -765.549069 -770.884523 -783.019220 -799.478739 -817.936280 -836.308563 -852.962750 -866.911855 -877.825531 -885.824834 -891.186243 -894.290543 -895.944492 -896.913041 -897.516830 -897.865902 -898.044859 -898.120033 -898.116529 -898.096579 -899.107691 -912.351778 -753.150639 -774.260602 -773.988250 -773.962150 -774.051698 -774.200656 -774.371223 -774.520302 -774.654845 -774.854798 -775.090988 -775.305344 -775.475147 -775.711550 -776.010138 -776.309409 -776.590020 -777.058478 -778.113425 -770.026850 -903.056671 -901.662628 -902.278920 -902.515572 -902.581809 -902.599305 -902.603862 -902.605044 -902.605350 -902.605429 -902.605450 -902.605455 -902.605457 -902.605457 -902.605457 -902.605457 -902.605457 -902.605457 -902.605457 -902.605457 -902.605457 -902.605457 -902.605457 -902.605457 -902.605457 -902.605457 -902.605457 -902.605458 -902.605461 -902.605471 -902.605510 -902.605653 -902.606189 -902.608188 -902.615606 -902.642952 -902.743410 -903.122062 -904.744995 -914.183310 -9999.0 -9999.0
-9999.0 -9999.0 -891.161692 -901.021162 -902.195528 -902.299697 -902.001395 -901.360278 -900.434413 -896.916283 -870.333435 -835.376863 -828.485652 -843.912748 -855.192698 -868.547714 -857.572349 -817.368464 -786.336399 -769.710291 -765.549069 -770.884523 -783.019220 -799.478739 -817.936280 -836.308563 -852.962750 -866.911855 -877.825531 -885.824834 -891.186243 -894.290543 -895.944492 -896.913041 -897.516830 -897.865902 -898.044859 -898.120033 -898.116529 -898.096579 -899.107691 -912.351778 -753.150638 -774.260602 -773.988250 -773.962150 -774.051698 -774.200656 -774.371223 -774.520302 -774.654845 -774.854798 -775.090988 -775.305344 -775.475147 -775.711550 -776.010138 -776.309409 -776.590020 -777.058478 -778.113425 -770.026850 -903.056671 -901.662628 -902.278920 -902.515572 -902.581809 -902.599306 -902.603862 -902.605044 -902.605350 -902.605430 -902.605450 -902.605455 -902.605457 -902.605457 -902.605457 -902.605457 -902.605457 -902.605457 -902.605457 -902.605457 -902.605457 -902.605457 -902.605457 -902.605457 -902.605457 -902.605457 -902.605458 -902.605458 -902.605461 -902.605471 -902.605510 -902.605653 -902.606190 -902.608188 -902.615606 -902.642952 -902.743410 -903.122062 -904.744995 -914.183310 -9999.0 -9999.0
-9999.0 -9999.0 -891.161692 -901.021162 -902.195528 -902.299697 -902.001395 -901.360278 -900.434413 -896.916283 -870.333435 -835.376863 -828.485652 -843.912748 -855.192698 -868.547714 -857.572349 -817.368464 -786.336399 -769.710291 -765.549069 -770.884523 -783.019220 -799.478739 -817.936280 -836.308563 -852.962750 -866.911855 -877.825531 -885.824834 -891.186243 -894.290543 -895.944492 -896.913041 -897.516830 -897.865902 -898.044859 -898.120033 -898.116529 -898.096579 -899.107691 -912.351778 -753.150638 -774.260602 -773.988250 -773.962150 -774.051698 -774.200656 -774.371223 -774.520302 -774.654845 -774.854798 -775.090988 -775.305344 -775.475147 -775.711550 -776.010138 -776.309409 -776.590020 -777.058478 -778.113425 -770.026850 -903.056671 -901.662628 -902.278920 -902.515572 -902.581809 -902.599306 -902.603862 -902.605044 -902.605350 -902.605430 -902.605450 -902.605455 -902.605457 -902.605457 -902.605457 -902.605457 -902.605457 -902.605457 -902.605457 -902.605457 -902.605457 -902.605457 -902.605457 -902.605457 -902.605457 -902.605457 -902.605458 -902.605458 -902.605461 -902.605471 -902.605510 -902.605653 -902.606190 -902.608188 -902.615606 -902.642952 -902.743410 -903.122062 -904.744995 -914.183310 -9999.0 -9999.0
-9999.0 -9999.0 -891.161692 -901.021162 -902.195528 -902.299697 -902.001395 -901.360278 -900.434413 -896.916283 -870.333435 -835.376863 -828.485652 -843.912748 -855.192698 -868.547714 -857.572349 -817.368464 -786.336399 -769.710291 -765.549069 -770.884523 -783.019220 -799.478739 -817.936280 -836.308563 -852.962750 -866.911855 -877.825531 -885.824834 -891.186243 -894.290543 -895.944492 -896.913041 -897.516830 -897.865902 -898.044859 -898.120033 -898.116529 -898.096579 -899.107691 -912.351778 -753.150639 -774.260602 -773.988250 -773.962150 -774.051698 -774.200656 -774.371223 -774.520302 -774.654845 -774.854798 -775.090988 -775.305344 -775.475147 -775.711550 -776.010138 -776.309409 -776.590020 -777.058478 -778.113425 -770.026850 -903.056671 -901.662628 -902.278920 -902.515572 -902.581809 -902.599305 -902.603862 -902.605044 -902.605350 -902.605429 -902.605450 -902.605455 -902.605457 -902.605457 -902.605457 -902.605457 -902.605457 -902.605457 -902.605457 -902.605457 -902.605457 -902.605457 -902.605457 -902.605457 -902.605457 -902.605457 -902.605457 -902.605458 -902.605461 -902.605471 -902.605510 -902.605653 -902.606189 -902.608188 -902.615606 -902.642952 -902.743410 -903.122062 -904.744995 -914.183310 -9999.0 -9999.0
-9999.0 -9999.0 -891.161692 -901.021162 -902.195528 -902.299697 -902.001395 -901.360278 -900.434413 -896.916283 -870.333435 -835.376863 -828.485652 -843.912748 -855.192698 -868.547714 -857.572349 -817.368464 -786.336399 -769.710291 -765.549069 -770.884523 -783.019220 -799.478739 -817.936280 -836.308563 -852.962750 -866.911855 -877.825531 -885.824834 -891.186243 -894.290543 -895.944492 -896.913041 -897.516830 -897.865902 -898.044859 -898.120033 -898.116529 -898.096579 -899.107691 -912.351778 -753.150639 -774.260602 -773.988250 -773.962150 -774.051698 -774.200656 -774.371223 -774.520302 -774.654844 -774.854798 -775.090988 -775.305344 -775.475147 -775.711550 -776.010138 -776.309409 -776.590020 -777.058478 -778.113425 -770.026850 -903.056671 -901.662628 -902.278920 -902.515572 -902.581809 -902.599305 -902.603862 -902.605044 -902.605350 -902.605429 -902.605450 -902.605455 -902.605457 -902.605457 -902.605457 -902.605457 -902.605457 -902.605457 -902.605457 -902.605457 -902.605457 -902.605457 -902.605457 -902.605457 -902.605457 -902.605457 -902.605457 -902.605458 -902.605461 -902.605471 -902.605510 -902.605653 -902.606189 -902.608188 -902.615606 -902.642952 -902.743410 -903.122062 -904.744995 -914.183310 -9999.0 -9999.0
-9999.0 -9999.0 -9999.0 -9999.0 -9999.0 -9999.0 -9999.0 -9999.0 -9999.0 -9999.0 -9999.0 -9999.0 -9999.0 -9999.0 -9999.0 -9999.0 -9999.0 -9999.0 -9999.0 -9999.0 -9999.0 -9999.0 -9999.0 -9999.0 -9999.0 -9999.0 -9999.0 -9999.0 -9999.0 -9999.0 -9999.0 -9999.0 -9999.0 -9999.0 -9999.0 -9999.0 -9999.0 -9999.0 -9999.0 -9999.0 -9999.0 -9999.0 -9999.0 -9999.0 -9999.0 -9999.0 -9999.0 -9999.0 -9999.0 -9999.0 -9999.0 -9999.0 -9999.0 -9999.0 -9999.0 -9999.0 -9999.0 -9999.0 -9999.0 -9999.0 -9999.0 -9999.0 -9999.0 -9999.0 -9999.0 -9999.0 -9999.0 -9999.0 -9999.0 -9999.0 -9999.0 -9999.0 -9999.0 -9999.0 -9999.0 -9999.0 -9999.0 -9999.0 -9999.0 -9999.0 -9999.0 -9999.0 -9999.0 -9999.0 -9999.0 -9999.0 -9999.0 -9999.0 -9999.0 -9999.0 -9999.0 -9999.0 -9999.0 -9999.0 -9999.0 -9999.0 -9999.0 -9999.0 -9999.0 -9999.0 -9999.0 -9999.0 -9999.0 -9999.0
-9999.0 -9999.0 -9999.0 -9999.0 -9999.0 -9999.0 -9999.0 -9999.0 -9999.0 -9999.0 -9999.0 -9999.0 -9999.0 -9999.0 -9999.0 -9999.0 -9999.0 -9999.0 -9999.0 -9999.0 -9999.0 -9999.0 -9999.0 -9999.0 -9999.0 -9999.0 -9999.0 -9999.0 -9999.0 -9999.0 -9999.0 -9999.0 -9999.0 -9999.0 -9999.0 -9999.0 -9999.0 -9999.0 -9999.0 -9999.0 -9999.0 -9999.0 -9999.0 -9999.0 -9999.0 -9999.0 -9999.0 -9999.0 -9999.0 -9999.0 -9999.0 -9999.0 -9999.0 -9999.0 -9999.0 -9999.0 -9999.0 -9999.0 -9999.0 -9999.0 -9999.0 -9999.0 -9999.0 -9999.0 -9999.0 -9999.0 -9999.0 -9999.0 -9999.0 -9999.0 -9999.0 -9999.0 -9999.0 -9999.0 -9999.0 -9999.0 -9999.0 -9999.0 -9999.0 -9999.0 -9999.0 -9999.0 -9999.0 -9999.0 -9999.0 -9999.0 -9999.0 -9999.0 -9999.0 -9999.0 -9999.0 -9999.0 -9999.0 -9999.0 -9999.0 -9999.0 -9999.0 -9999.0 -9999.0 -9999.0 -9999.0 -9999.0 -9999.0 -9999.0