examples/3D/hillslope02_superslab/output-maps-SE27XX/psiliqL0010N0002.asc
ncols         104
nrows         10
xllcorner     -2.000000
yllcorner     0.000000
cellsize      1.000000
NODATA_value  -9999.0
-9999.0 -9999.0 -9999.0 -9999.0 -9999.0 -9999.0 -9999.0 -9999.0 -9999.0 -9999.0 -9999.0 -9999.0 -9999.0 -9999.0 -9999.0 -9999.0 -9999.0 -9999.0 -9999.0 -9999.0 -9999.0 -9999.0 -9999.0 -9999.0 -9999.0 -9999.0 -9999.0 -9999.0 -9999.0 -9999.0 -9999.0 -9999.0 -9999.0 -9999.0 -9999.0 -9999.0 -9999.0 -9999.0 -9999.0 -9999.0 -9999.0 -9999.0 -9999.0 -9999.0 -9999.0 -9999.0 -9999.0 -9999.0 -9999.0 -9999.0 -9999.0 -9999.0 -9999.0 -9999.0 -9999.0 -9999.0 -9999.0 -9999.0 -9999.0 -9999.0 -9999.0 -9999.0 -9999.0 -9999.0 -9999.0 -9999.0 -9999.0 -9999.0 -9999.0 -9999.0 -9999.0 -9999.0 -9999.0 -9999.0 -9999.0 -9999.0 -9999.0 -9999.0 -9999.0 -9999.0 -9999.0 -9999.0 -9999.0 -9999.0 -9999.0 -9999.0 -9999.0 -9999.0 -9999.0 -9999.0 -9999.0 -9999.0 -9999.0 -9999.0 -9999.0 -9999.0 -9999.0 -9999.0 -9999.0 -9999.0 -9999.0 -9999.0 -9999.0 -9999.0
-9999.0 -9999.0 -9999.0 -9999.0 -9999.0 -9999.0 -9999.0 -9999.0 -9999.0 -9999.0 -9999.0 -9999.0 -9999.0 -9999.0 -9999.0 -9999.0 -9999.0 -9999.0 -9999.0 -9999.0 -9999.0 -9999.0 -9999.0 -9999.0 -9999.0 -9999.0 -9999.0 -9999.0 -9999.0 -9999.0 -9999.0 -9999.0 -9999.0 -9999.0 -9999.0 -9999.0 -9999.0 -9999.0 -9999.0 -9999.0 -9999.0 -9999.0 -9999.0 -9999.0 -9999.0 -9999.0 -9999.0 -9999.0 -9999.0 -9999.0 -9999.0 -9999.0 -9999.0 -9999.0 -9999.0 -9999.0 -9999.0 -9999.0 -9999.0 -9999.0 -9999.0 -9999.0 -9999.0 -9999.0 -9999.0 -9999.0 -9999.0 -9999.0 -9999.0 -9999.0 -9999.0 -9999.0 -9999.0 -9999.0 -9999.0 -9999.0 -9999.0 -9999.0 -9999.0 -9999.0 -9999.0 -9999.0 -9999.0 -9999.0 -9999.0 -9999.0 -9999.0 -9999.0 -9999.0 -9999.0 -9999.0 -9999.0 -9999.0 -9999.0 -9999.0 -9999.0 -9999.0 -9999.0 -9999.0 -9999.0 -9999.0 -9999.0 -9999.0 -9999.0
-9999.0 -9999.0 -323.496203 -347.684881 -353.347960 -353.576519 -349.694258 -339.912197 -323.476540 -298.229867 -338.955911 -353.922775 -364.389918 -375.887905 -379.745538 -236.003761 -98.097249 43.225035 195.512746 241.105883 169.959928 96.871713 23.068963 -50.779480 -122.333391 -188.545721 -244.124983 -285.850794 -313.547760 -329.315927 -333.149987 -321.807120 -302.048984 -286.231471 -277.665185 -274.390167 -273.893446 -274.552131 -275.277545 -274.217609 -265.125465 -237.300571 -2541.636053 -4479.656891 -4480.197982 -4480.197984 -4480.197984 -4480.197984 -4480.197984 -4480.197984 -4480.197984 -4480.197984 -4480.197984 -4480.197984 -4480.197984 -4480.197984 -4480.197984 -4480.197984 -4480.197984 -4480.197981 -4479.556526 -2515.841497 -293.406312 -339.754585 -351.773419 -354.828748 -355.614834 -355.818100 -355.870739 -355.884376 -355.887909 -355.888825 -355.889062 -355.889123 -355.889139 -355.889143 -355.889144 -355.889145 -355.889145 -355.889145 -355.889145 -355.889145 -355.889145 -355.889145 -355.889145 -355.889145 -355.889145 -355.889145 -355.889147 -355.889152 -355.889172 -355.889246 -355.889523 -355.890558 -355.894432 -355.908919 -355.963054 -356.164873 -356.912123 -359.631896 -369.192715 -401.118243 -9999.0 -9999.0
-9999.0 -9999.0 -323.496203 -347.684882 -353.347960 -353.576519 -349.694259 -339.912198 -323.476540 -298.229866 -338.955911 -353.922774 -364.389918 -375.887905 -379.745538 -236.003761 -98.097249 43.225033 195.512746 241.105882 169.959927 96.871712 23.068963 -50.779481 -122.333391 -188.545722 -244.124983 -285.850794 -313.547760 -329.315926 -333.149988 -321.807121 -302.048983 -286.231471 -277.665185 -274.390167 -273.893446 -274.552131 -275.277545 -274.217609 -265.125465 -237.300571 -2541.636053 -4479.656891 -4480.197982 -4480.197984 -4480.197984 -4480.197984 -4480.197984 -4480.197984 -4480.197984 -4480.197984 -4480.197984 -4480.197984 -4480.197984 -4480.197984 -4480.197984 -4480.197984 -4480.197984 -4480.197981 -4479.556526 -2515.841497 -293.406311 -339.754587 -351.773420 -354.828748 -355.614836 -355.818101 -355.870741 -355.884378 -355.887911 -355.888827 -355.889064 -355.889125 -355.889141 -355.889145 -355.889146 -355.889147 -355.889147 -355.889147 -355.889147 -355.889147 -355.889147 -355.889147 -355.889147 -355.889147 -355.889147 -355.889147 -355.889149 -355.889154 -355.889174 -355.889248 -355.889524 -355.890560 -355.894434 -355.908921 -355.963056 -356.164875 -356.912127 -359.631891 -369.192723 -401.118241 -9999.0 -9999.0
-9999.0 -9999.0 -323.496204 -347.684883 -353.347961 -353.576520 -349.694259 -339.912198 -323.476540 -298.229866 -338.955910 -353.922774 -364.389918 -375.887905 -379.745538 -236.003761 -98.097250 43.225033 195.512745 241.105882 169.959927 96.871712 23.068963 -50.779481 -122.333391 -188.545722 -244.124983 -285.850795 -313.547761 -329.315928 -333.149988 -321.807121 -302.048984 -286.231471 -277.665184 -274.390167 -273.893446 -274.552131 -275.277545 -274.217609 -265.125465 -237.300571 -2541.636053 -4479.656891 -4480.197982 -4480.197984 -4480.197984 -4480.197984 -4480.197984 -4480.197984 -4480.197984 -4480.197984 -4480.197984 -4480.197984 -4480.197984 -4480.197984 -4480.197984 -4480.197984 -4480.197984 -4480.197981 -4479.556526 -2515.841497 -293.406311 -339.754586 -351.773421 -354.828750 -355.614837 -355.818103 -355.870743 -355.884381 -355.887914 -355.888829 -355.889066 -355.889128 -355.889144 -355.889148 -355.889149 -355.889149 -355.889149 -355.889149 -355.889149 -355.889149 -355.889149 -355.889149 -355.889149 -355.889149 -355.889149 -355.889150 -355.889151 -355.889157 -355.889176 -355.889250 -355.889527 -355.890563 -355.894436 -355.908924 -355.963059 -356.164877 -356.912129 -359.631897 -369.192723 -401.118246 -9999.0 -9999.0
-9999.0 -9999.0 -323.496204 -347.684883 -353.347961 -353.576520 -349.694259 -339.912198 -323.476540 -298.229866 -338.955910 -353.922774 -364.389918 -375.887905 -379.745538 -236.003761 -98.097250 43.225033 195.512745 241.105882 169.959927 96.871712 23.068963 -50.779481 -122.333391 -188.545722 -244.124983 -285.850795 -313.547761 -329.315928 -333.149988 -321.807121 -302.048984 -286.231471 -277.665184 -274.390167 -273.893446 -274.552131 -275.277545 -274.217609 -265.125465 -237.300571 -2541.636053 -4479.656891 -4480.197982 -4480.197984 -4480.197984 -4480.197984 -4480.197984 -4480.197984 -4480.197984 -4480.197984 -4480.197984 -4480.197984 -4480.197984 -4480.197984 -4480.197984 -4480.197984 -4480.197984 -4480.197981 -4479.556526 -2515.841497 -293.406311 -339.754586 -351.773421 -354.828750 -355.614837 -355.818103 -355.870743 -355.884381 -355.887914 -355.888829 -355.889066 -355.889128 -355.889144 -355.889148 -355.889149 -355.889149 -355.889149 -355.889149 -355.889149 -355.889149 -355.889149 -355.889149 -355.889149 -355.889149 -355.889149 -355.889150 -355.889151 -355.889157 -355.889176 -355.889250 -355.889527 -355.890563 -355.894436 -355.908924 -355.963059 -356.164877 -356.912129 -359.631897 -369.192723 -401.118246 -9999.0 -9999.0
-9999.0 -9999.0 -323.496203 -347.684882 -353.347960 -353.576519 -349.694259 -339.912198 -323.476540 -298.229866 -338.955911 -353.922774 -364.389918 -375.887905 -379.745538 -236.003761 -98.097249 43.225033 195.512746 241.105882 169.959927 96.871712 23.068963 -50.779481 -122.333391 -188.545722 -244.124983 -285.850794 -313.547760 -329.315926 -333.149988 -321.807121 -302.048983 -286.231471 -277.665185 -274.390167 -273.893446 -274.552131 -275.277545 -274.217609 -265.125465 -237.300571 -2541.636053 -4479.656891 -4480.197982 -4480.197984 -4480.197984 -4480.197984 -4480.197984 -4480.197984 -4480.197984 -4480.197984 -4480.197984 -4480.197984 -4480.197984 -4480.197984 -4480.197984 -4480.197984 -4480.197984 -4480.197981 -4479.556526 -2515.841497 -293.406311 -339.754587 -351.773420 -354.828748 -355.614836 -355.818101 -355.870741 -355.884378 -355.887911 -355.888827 -355.889064 -355.889125 -355.889141 -355.889145 -355.889146 -355.889147 -355.889147 -355.889147 -355.889147 -355.889147 -355.889147 -355.889147 -355.889147 -355.889147 -355.889147 -355.889147 -355.889149 -355.889154 -355.889174 -355.889248 -355.889524 -355.890560 -355.894434 -355.908921 -355.963056 -356.164875 -356.912127 -359.631891 -369.192723 -401.118241 -9999.0 -9999.0
-9999.0 -9999.0 -323.496203 -347.684881 -353.347960 -353.576519 -349.694258 -339.912197 -323.476540 -298.229867 -338.955911 -353.922775 -364.389918 -375.887905 -379.745538 -236.003761 -98.097249 43.225035 195.512746 241.105883 169.959928 96.871713 23.068963 -50.779480 -122.333391 -188.545721 -244.124983 -285.850794 -313.547760 -329.315927 -333.149987 -321.807120 -302.048984 -286.231471 -277.665185 -274.390167 -273.893446 -274.552131 -275.277545 -274.217609 -265.125465 -237.300571 -2541.636053 -4479.656891 -4480.197982 -4480.197984 -4480.197984 -4480.197984 -4480.197984 -4480.197984 -4480.197984 -4480.197984 -4480.197984 -4480.197984 -4480.197984 -4480.197984 -4480.197984 -4480.197984 -4480.197984 -4480.197981 -4479.556526 -2515.841497 -293.406312 -339.754585 -351.773419 -354.828748 -355.614834 -355.818100 -355.870739 -355.884376 -355.887909 -355.888825 -355.889062 -355.889123 -355.889139 -355.889143 -355.889144 -355.889145 -355.889145 -355.889145 -355.889145 -355.889145 -355.889145 -355.889145 -355.889145 -355.889145 -355.889145 -355.889145 -355.889147 -355.889152 -355.889172 -355.889246 -355.889523 -355.890558 -355.894432 -355.908919 -355.963054 -356.164873 -356.912123 -359.631896 -369.192715 -401.118243 -9999.0 -9999.0
-9999.0 -9999.0 -9999.0 -9999.0 -9999.0 -9999.0 -9999.0 -9999.0 -9999.0 -9999.0 -9999.0 -9999.0 -9999.0 -9999.0 -9999.0 -9999.0 -9999.0 -9999.0 -9999.0 -9999.0 -9999.0 -9999.0 -9999.0 -9999.0 -9999.0 -9999.0 -9999.0 -9999.0 -9999.0 -9999.0 -9999.0 -9999.0 -9999.0 -9999.0 -9999.0 -9999.0 -9999.0 -9999.0 -9999.0 -9999.0 -9999.0 -9999.0 -9999.0 -9999.0 -9999.0 -9999.0 -9999.0 -9999.0 -9999.0 -9999.0 -9999.0 -9999.0 -9999.0 -9999.0 -9999.0 -9999.0 -9999.0 -9999.0 -9999.0 -9999.0 -9999.0 -9999.0 -9999.0 -9999.0 -9999.0 -9999.0 -9999.0 -9999.0 -9999.0 -9999.0 -9999.0 -9999.0 -9999.0 -9999.0 -9999.0 -9999.0 -9999.0 -9999.0 -9999.0 -9999.0 -9999.0 -9999.0 -9999.0 -9999.0 -9999.0 -9999.0 -9999.0 -9999.0 -9999.0 -9999.0 -9999.0 -9999.0 -9999.0 -9999.0 -9999.0 -9999.0 -9999.0 -9999.0 -9999.0 -9999.0 -9999.0 -9999.0 -9999.0 -9999.0
-9999.0 -9999.0 -9999.0 -9999.0 -9999.0 -9999.0 -9999.0 -9999.0 -9999.0 -9999.0 -9999.0 -9999.0 -9999.0 -9999.0 -9999.0 -9999.0 -9999.0 -9999.0 -9999.0 -9999.0 -9999.0 -9999.0 -9999.0 -9999.0 -9999.0 -9999.0 -9999.0 -9999.0 -9999.0 -9999.0 -9999.0 -9999.0 -9999.0 -9999.0 -9999.0 -9999.0 -9999.0 -9999.0 -9999.0 -9999.0 -9999.0 -9999.0 -9999.0 -9999.0 -9999.0 -9999.0 -9999.0 -9999.0 -9999.0 -9999.0 -9999.0 -9999.0 -9999.0 -9999.0 -9999.0 -9999.0 -9999.0 -9999.0 -9999.0 -9999.0 -9999.0 -9999.0 -9999.0 -9999.0 -9999.0 -9999.0 -9999.0 -9999.0 -9999.0 -9999.0 -9999.0 -9999.0 -9999.0 -9999.0 -9999.0 -9999.0 -9999.0 -9999.0 -9999.0 -9999.0 -9999.0 -9999.0 -9999.0 -9999.0 -9999.0 -9999.0 -9999.0 -9999.0 -9999.0 -9999.0 -9999.0 -9999.0 -9999.0 -9999.0 -9999.0 -9999.0 -9999.0 -9999.0 -9999.0 -9999.0 -9999.0 -9999.0 -9999.0 -9999.0