examples/3D/hillslope02_superslab/output-maps-SE27XX/psiliqL0039N0001.asc
ncols         104
nrows         10
xllcorner     -2.000000
yllcorner     0.000000
cellsize      1.000000
NODATA_value  -9999.0
-9999.0 -9999.0 -9999.0 -9999.0 -9999.0 -9999.0 -9999.0 -9999.0 -9999.0 -9999.0 -9999.0 -9999.0 -9999.0 -9999.0 -9999.0 -9999.0 -9999.0 -9999.0 -9999.0 -9999.0 -9999.0 -9999.0 -9999.0 -9999.0 -9999.0 -9999.0 -9999.0 -9999.0 -9999.0 -9999.0 -9999.0 -9999.0 -9999.0 -9999.0 -9999.0 -9999.0 -9999.0 -9999.0 -9999.0 -9999.0 -9999.0 -9999.0 -9999.0 -9999.0 -9999.0 -9999.0 -9999.0 -9999.0 -9999.0 -9999.0 -9999.0 -9999.0 -9999.0 -9999.0 -9999.0 -9999.0 -9999.0 -9999.0 -9999.0 -9999.0 -9999.0 -9999.0 -9999.0 -9999.0 -9999.0 -9999.0 -9999.0 -9999.0 -9999.0 -9999.0 -9999.0 -9999.0 -9999.0 -9999.0 -9999.0 -9999.0 -9999.0 -9999.0 -9999.0 -9999.0 -9999.0 -9999.0 -9999.0 -9999.0 -9999.0 -9999.0 -9999.0 -9999.0 -9999.0 -9999.0 -9999.0 -9999.0 -9999.0 -9999.0 -9999.0 -9999.0 -9999.0 -9999.0 -9999.0 -9999.0 -9999.0 -9999.0 -9999.0 -9999.0
-9999.0 -9999.0 -9999.0 -9999.0 -9999.0 -9999.0 -9999.0 -9999.0 -9999.0 -9999.0 -9999.0 -9999.0 -9999.0 -9999.0 -9999.0 -9999.0 -9999.0 -9999.0 -9999.0 -9999.0 -9999.0 -9999.0 -9999.0 -9999.0 -9999.0 -9999.0 -9999.0 -9999.0 -9999.0 -9999.0 -9999.0 -9999.0 -9999.0 -9999.0 -9999.0 -9999.0 -9999.0 -9999.0 -9999.0 -9999.0 -9999.0 -9999.0 -9999.0 -9999.0 -9999.0 -9999.0 -9999.0 -9999.0 -9999.0 -9999.0 -9999.0 -9999.0 -9999.0 -9999.0 -9999.0 -9999.0 -9999.0 -9999.0 -9999.0 -9999.0 -9999.0 -9999.0 -9999.0 -9999.0 -9999.0 -9999.0 -9999.0 -9999.0 -9999.0 -9999.0 -9999.0 -9999.0 -9999.0 -9999.0 -9999.0 -9999.0 -9999.0 -9999.0 -9999.0 -9999.0 -9999.0 -9999.0 -9999.0 -9999.0 -9999.0 -9999.0 -9999.0 -9999.0 -9999.0 -9999.0 -9999.0 -9999.0 -9999.0 -9999.0 -9999.0 -9999.0 -9999.0 -9999.0 -9999.0 -9999.0 -9999.0 -9999.0 -9999.0 -9999.0
-9999.0 -9999.0 -316.928247 -346.461019 -354.997674 -357.552880 -356.985355 -353.115156 -344.524110 -336.384489 -367.624930 -426.851189 -649.233066 -2505.781471 -3044.300013 -3043.396282 -3039.662699 -3034.443250 -3027.664708 -3012.648470 -2964.294422 -2792.497824 -2342.260368 -1739.284370 -1290.591533 -1019.299420 -844.950642 -721.009294 -565.158834 -359.373894 -160.815371 16.765719 206.485197 409.394662 348.863277 274.774210 187.268794 86.489509 -26.099481 -141.537328 -222.003232 -251.355329 -465.726352 -1048.352328 -2898.209935 -3044.465111 -3044.554413 -3044.554455 -3044.554455 -3044.554455 -3044.554455 -3044.554455 -3044.554455 -3044.554455 -3044.554455 -3044.554455 -3044.554455 -3044.554453 -3044.547974 -3026.776586 -1435.793327 -514.370441 -311.575267 -338.264390 -351.907828 -356.894324 -358.495501 -358.906006 -359.016780 -359.048394 -359.057963 -359.061105 -359.062256 -359.062734 -359.062959 -359.063077 -359.063144 -359.063185 -359.063211 -359.063230 -359.063246 -359.063262 -359.063282 -359.063308 -359.063346 -359.063405 -359.063495 -359.063638 -359.063870 -359.064259 -359.064946 -359.066268 -359.069129 -359.076231 -359.096299 -359.158829 -359.366240 -360.083516 -362.690131 -373.194615 -427.353034 -869.313849 -9999.0 -9999.0
-9999.0 -9999.0 -316.928247 -346.461019 -354.997674 -357.552880 -356.985355 -353.115156 -344.524110 -336.384490 -367.624931 -426.851191 -649.233079 -2505.781522 -3044.300013 -3043.396282 -3039.662698 -3034.443251 -3027.664710 -3012.648475 -2964.294435 -2792.497864 -2342.260435 -1739.284426 -1290.591566 -1019.299440 -844.950655 -721.009302 -565.158838 -359.373895 -160.815371 16.765719 206.485197 409.394662 348.863277 274.774210 187.268794 86.489509 -26.099481 -141.537328 -222.003232 -251.355329 -465.726352 -1048.352328 -2898.209935 -3044.465111 -3044.554413 -3044.554455 -3044.554455 -3044.554455 -3044.554455 -3044.554455 -3044.554455 -3044.554455 -3044.554455 -3044.554455 -3044.554455 -3044.554453 -3044.547974 -3026.776586 -1435.793327 -514.370441 -311.575267 -338.264390 -351.907828 -356.894324 -358.495501 -358.906007 -359.016780 -359.048394 -359.057963 -359.061105 -359.062256 -359.062734 -359.062960 -359.063077 -359.063144 -359.063185 -359.063211 -359.063230 -359.063246 -359.063262 -359.063282 -359.063308 -359.063346 -359.063405 -359.063495 -359.063638 -359.063870 -359.064259 -359.064946 -359.066268 -359.069129 -359.076231 -359.096299 -359.158829 -359.366240 -360.083516 -362.690131 -373.194615 -427.353036 -869.313870 -9999.0 -9999.0
-9999.0 -9999.0 -316.928247 -346.461019 -354.997674 -357.552880 -356.985355 -353.115156 -344.524110 -336.384490 -367.624932 -426.851192 -649.233084 -2505.781565 -3044.300013 -3043.396282 -3039.662699 -3034.443252 -3027.664711 -3012.648479 -2964.294449 -2792.497903 -2342.260503 -1739.284483 -1290.591599 -1019.299460 -844.950668 -721.009311 -565.158842 -359.373896 -160.815372 16.765719 206.485197 409.394662 348.863277 274.774210 187.268794 86.489509 -26.099481 -141.537328 -222.003232 -251.355329 -465.726352 -1048.352328 -2898.209935 -3044.465111 -3044.554413 -3044.554455 -3044.554455 -3044.554455 -3044.554455 -3044.554455 -3044.554455 -3044.554455 -3044.554455 -3044.554455 -3044.554455 -3044.554453 -3044.547974 -3026.776586 -1435.793328 -514.370441 -311.575267 -338.264390 -351.907828 -356.894324 -358.495501 -358.906007 -359.016780 -359.048394 -359.057963 -359.061105 -359.062256 -359.062734 -359.062960 -359.063077 -359.063144 -359.063185 -359.063211 -359.063230 -359.063246 -359.063262 -359.063282 -359.063308 -359.063346 -359.063405 -359.063495 -359.063638 -359.063870 -359.064259 -359.064946 -359.066268 -359.069129 -359.076231 -359.096299 -359.158829 -359.366240 -360.083516 -362.690131 -373.194616 -427.353037 -869.313894 -9999.0 -9999.0
-9999.0 -9999.0 -316.928247 -346.461019 -354.997674 -357.552880 -356.985355 -353.115156 -344.524110 -336.384490 -367.624932 -426.851192 -649.233084 -2505.781565 -3044.300013 -3043.396282 -3039.662699 -3034.443252 -3027.664711 -3012.648479 -2964.294449 -2792.497903 -2342.260503 -1739.284483 -1290.591599 -1019.299460 -844.950668 -721.009311 -565.158842 -359.373896 -160.815372 16.765719 206.485197 409.394662 348.863277 274.774210 187.268794 86.489509 -26.099481 -141.537328 -222.003232 -251.355329 -465.726352 -1048.352328 -2898.209935 -3044.465111 -3044.554413 -3044.554455 -3044.554455 -3044.554455 -3044.554455 -3044.554455 -3044.554455 -3044.554455 -3044.554455 -3044.554455 -3044.554455 -3044.554453 -3044.547974 -3026.776586 -1435.793328 -514.370441 -311.575267 -338.264390 -351.907828 -356.894324 -358.495501 -358.906007 -359.016780 -359.048394 -359.057963 -359.061105 -359.062256 -359.062734 -359.062960 -359.063077 -359.063144 -359.063185 -359.063211 -359.063230 -359.063246 -359.063262 -359.063282 -359.063308 -359.063346 -359.063405 -359.063495 -359.063638 -359.063870 -359.064259 -359.064946 -359.066268 -359.069129 -359.076231 -359.096299 -359.158829 -359.366240 -360.083516 -362.690131 -373.194616 -427.353037 -869.313894 -9999.0 -9999.0
-9999.0 -9999.0 -316.928247 -346.461019 -354.997674 -357.552880 -356.985355 -353.115156 -344.524110 -336.384490 -367.624931 -426.851191 -649.233079 -2505.781522 -3044.300013 -3043.396282 -3039.662698 -3034.443251 -3027.664710 -3012.648475 -2964.294435 -2792.497864 -2342.260435 -1739.284426 -1290.591566 -1019.299440 -844.950655 -721.009302 -565.158838 -359.373895 -160.815371 16.765719 206.485197 409.394662 348.863277 274.774210 187.268794 86.489509 -26.099481 -141.537328 -222.003232 -251.355329 -465.726352 -1048.352328 -2898.209935 -3044.465111 -3044.554413 -3044.554455 -3044.554455 -3044.554455 -3044.554455 -3044.554455 -3044.554455 -3044.554455 -3044.554455 -3044.554455 -3044.554455 -3044.554453 -3044.547974 -3026.776586 -1435.793327 -514.370441 -311.575267 -338.264390 -351.907828 -356.894324 -358.495501 -358.906007 -359.016780 -359.048394 -359.057963 -359.061105 -359.062256 -359.062734 -359.062960 -359.063077 -359.063144 -359.063185 -359.063211 -359.063230 -359.063246 -359.063262 -359.063282 -359.063308 -359.063346 -359.063405 -359.063495 -359.063638 -359.063870 -359.064259 -359.064946 -359.066268 -359.069129 -359.076231 -359.096299 -359.158829 -359.366240 -360.083516 -362.690131 -373.194615 -427.353036 -869.313870 -9999.0 -9999.0
-9999.0 -9999.0 -316.928247 -346.461019 -354.997674 -357.552880 -356.985355 -353.115156 -344.524110 -336.384489 -367.624930 -426.851189 -649.233066 -2505.781471 -3044.300013 -3043.396282 -3039.662699 -3034.443250 -3027.664708 -3012.648470 -2964.294422 -2792.497824 -2342.260368 -1739.284370 -1290.591533 -1019.299420 -844.950642 -721.009294 -565.158834 -359.373894 -160.815371 16.765719 206.485197 409.394662 348.863277 274.774210 187.268794 86.489509 -26.099481 -141.537328 -222.003232 -251.355329 -465.726352 -1048.352328 -2898.209935 -3044.465111 -3044.554413 -3044.554455 -3044.554455 -3044.554455 -3044.554455 -3044.554455 -3044.554455 -3044.554455 -3044.554455 -3044.554455 -3044.554455 -3044.554453 -3044.547974 -3026.776586 -1435.793327 -514.370441 -311.575267 -338.264390 -351.907828 -356.894324 -358.495501 -358.906006 -359.016780 -359.048394 -359.057963 -359.061105 -359.062256 -359.062734 -359.062959 -359.063077 -359.063144 -359.063185 -359.063211 -359.063230 -359.063246 -359.063262 -359.063282 -359.063308 -359.063346 -359.063405 -359.063495 -359.063638 -359.063870 -359.064259 -359.064946 -359.066268 -359.069129 -359.076231 -359.096299 -359.158829 -359.366240 -360.083516 -362.690131 -373.194615 -427.353034 -869.313849 -9999.0 -9999.0
-9999.0 -9999.0 -9999.0 -9999.0 -9999.0 -9999.0 -9999.0 -9999.0 -9999.0 -9999.0 -9999.0 -9999.0 -9999.0 -9999.0 -9999.0 -9999.0 -9999.0 -9999.0 -9999.0 -9999.0 -9999.0 -9999.0 -9999.0 -9999.0 -9999.0 -9999.0 -9999.0 -9999.0 -9999.0 -9999.0 -9999.0 -9999.0 -9999.0 -9999.0 -9999.0 -9999.0 -9999.0 -9999.0 -9999.0 -9999.0 -9999.0 -9999.0 -9999.0 -9999.0 -9999.0 -9999.0 -9999.0 -9999.0 -9999.0 -9999.0 -9999.0 -9999.0 -9999.0 -9999.0 -9999.0 -9999.0 -9999.0 -9999.0 -9999.0 -9999.0 -9999.0 -9999.0 -9999.0 -9999.0 -9999.0 -9999.0 -9999.0 -9999.0 -9999.0 -9999.0 -9999.0 -9999.0 -9999.0 -9999.0 -9999.0 -9999.0 -9999.0 -9999.0 -9999.0 -9999.0 -9999.0 -9999.0 -9999.0 -9999.0 -9999.0 -9999.0 -9999.0 -9999.0 -9999.0 -9999.0 -9999.0 -9999.0 -9999.0 -9999.0 -9999.0 -9999.0 -9999.0 -9999.0 -9999.0 -9999.0 -9999.0 -9999.0 -9999.0 -9999.0
-9999.0 -9999.0 -9999.0 -9999.0 -9999.0 -9999.0 -9999.0 -9999.0 -9999.0 -9999.0 -9999.0 -9999.0 -9999.0 -9999.0 -9999.0 -9999.0 -9999.0 -9999.0 -9999.0 -9999.0 -9999.0 -9999.0 -9999.0 -9999.0 -9999.0 -9999.0 -9999.0 -9999.0 -9999.0 -9999.0 -9999.0 -9999.0 -9999.0 -9999.0 -9999.0 -9999.0 -9999.0 -9999.0 -9999.0 -9999.0 -9999.0 -9999.0 -9999.0 -9999.0 -9999.0 -9999.0 -9999.0 -9999.0 -9999.0 -9999.0 -9999.0 -9999.0 -9999.0 -9999.0 -9999.0 -9999.0 -9999.0 -9999.0 -9999.0 -9999.0 -9999.0 -9999.0 -9999.0 -9999.0 -9999.0 -9999.0 -9999.0 -9999.0 -9999.0 -9999.0 -9999.0 -9999.0 -9999.0 -9999.0 -9999.0 -9999.0 -9999.0 -9999.0 -9999.0 -9999.0 -9999.0 -9999.0 -9999.0 -9999.0 -9999.0 -9999.0 -9999.0 -9999.0 -9999.0 -9999.0 -9999.0 -9999.0 -9999.0 -9999.0 -9999.0 -9999.0 -9999.0 -9999.0 -9999.0 -9999.0 -9999.0 -9999.0 -9999.0 -9999.0