examples/3D/hillslope02_superslab/output-maps-SE27XX/psiliqL0080N0003.asc
ncols         104
nrows         10
xllcorner     -2.000000
yllcorner     0.000000
cellsize      1.000000
NODATA_value  -9999.0
-9999.0 -9999.0 -9999.0 -9999.0 -9999.0 -9999.0 -9999.0 -9999.0 -9999.0 -9999.0 -9999.0 -9999.0 -9999.0 -9999.0 -9999.0 -9999.0 -9999.0 -9999.0 -9999.0 -9999.0 -9999.0 -9999.0 -9999.0 -9999.0 -9999.0 -9999.0 -9999.0 -9999.0 -9999.0 -9999.0 -9999.0 -9999.0 -9999.0 -9999.0 -9999.0 -9999.0 -9999.0 -9999.0 -9999.0 -9999.0 -9999.0 -9999.0 -9999.0 -9999.0 -9999.0 -9999.0 -9999.0 -9999.0 -9999.0 -9999.0 -9999.0 -9999.0 -9999.0 -9999.0 -9999.0 -9999.0 -9999.0 -9999.0 -9999.0 -9999.0 -9999.0 -9999.0 -9999.0 -9999.0 -9999.0 -9999.0 -9999.0 -9999.0 -9999.0 -9999.0 -9999.0 -9999.0 -9999.0 -9999.0 -9999.0 -9999.0 -9999.0 -9999.0 -9999.0 -9999.0 -9999.0 -9999.0 -9999.0 -9999.0 -9999.0 -9999.0 -9999.0 -9999.0 -9999.0 -9999.0 -9999.0 -9999.0 -9999.0 -9999.0 -9999.0 -9999.0 -9999.0 -9999.0 -9999.0 -9999.0 -9999.0 -9999.0 -9999.0 -9999.0
-9999.0 -9999.0 -9999.0 -9999.0 -9999.0 -9999.0 -9999.0 -9999.0 -9999.0 -9999.0 -9999.0 -9999.0 -9999.0 -9999.0 -9999.0 -9999.0 -9999.0 -9999.0 -9999.0 -9999.0 -9999.0 -9999.0 -9999.0 -9999.0 -9999.0 -9999.0 -9999.0 -9999.0 -9999.0 -9999.0 -9999.0 -9999.0 -9999.0 -9999.0 -9999.0 -9999.0 -9999.0 -9999.0 -9999.0 -9999.0 -9999.0 -9999.0 -9999.0 -9999.0 -9999.0 -9999.0 -9999.0 -9999.0 -9999.0 -9999.0 -9999.0 -9999.0 -9999.0 -9999.0 -9999.0 -9999.0 -9999.0 -9999.0 -9999.0 -9999.0 -9999.0 -9999.0 -9999.0 -9999.0 -9999.0 -9999.0 -9999.0 -9999.0 -9999.0 -9999.0 -9999.0 -9999.0 -9999.0 -9999.0 -9999.0 -9999.0 -9999.0 -9999.0 -9999.0 -9999.0 -9999.0 -9999.0 -9999.0 -9999.0 -9999.0 -9999.0 -9999.0 -9999.0 -9999.0 -9999.0 -9999.0 -9999.0 -9999.0 -9999.0 -9999.0 -9999.0 -9999.0 -9999.0 -9999.0 -9999.0 -9999.0 -9999.0 -9999.0 -9999.0
-9999.0 -9999.0 2804.869283 2706.533478 2609.885843 2514.968767 2421.834490 2330.538780 2241.138376 2153.692829 2068.262040 1984.900007 1903.653662 1824.560279 1747.633021 1672.867615 1600.229657 1529.681791 1461.168193 1394.622747 1330.006834 1267.258589 1206.304061 1147.073359 1089.525059 1033.606302 979.253836 926.406004 875.002368 824.982695 776.290271 728.868085 682.656024 637.587328 593.586246 550.629283 508.745295 467.905299 428.064294 389.151406 351.138405 314.273397 278.621993 244.292943 211.706664 181.040329 152.041813 125.354897 101.380848 85.329196 55.207985 51.272366 100.806128 75.987384 59.342254 45.930632 35.260075 26.797330 20.178020 15.090513 11.053661 7.355093 3.316651 -1.526745 -7.089663 -13.480650 -20.780820 -29.083363 -38.502291 -49.256391 -60.762542 -73.229156 -86.877989 -101.845069 -117.494656 -134.246951 -152.212086 -170.771613 -190.454563 -210.693672 -231.626756 -252.991203 -274.583966 -296.148880 -317.467511 -338.079580 -357.933112 -376.407987 -393.473698 -408.908077 -422.471582 -434.226757 -444.205503 -452.470389 -459.170470 -464.512269 -468.708192 -472.006073 -474.791746 -477.959546 -484.273946 -503.869953 -9999.0 -9999.0
-9999.0 -9999.0 2804.869282 2706.533477 2609.885843 2514.968766 2421.834490 2330.538779 2241.138376 2153.692828 2068.262039 1984.900006 1903.653661 1824.560279 1747.633021 1672.867615 1600.229657 1529.681791 1461.168192 1394.622747 1330.006834 1267.258589 1206.304061 1147.073359 1089.525059 1033.606302 979.253836 926.406004 875.002368 824.982695 776.290271 728.868084 682.656024 637.587328 593.586246 550.629282 508.745295 467.905299 428.064294 389.151406 351.138405 314.273397 278.621993 244.292943 211.706664 181.040329 152.041813 125.354897 101.380848 85.329196 55.207985 51.272366 100.806128 75.987384 59.342254 45.930632 35.260075 26.797330 20.178020 15.090513 11.053661 7.355093 3.316651 -1.526745 -7.089663 -13.480650 -20.780820 -29.083363 -38.502291 -49.256391 -60.762542 -73.229156 -86.877989 -101.845069 -117.494656 -134.246951 -152.212086 -170.771613 -190.454563 -210.693672 -231.626756 -252.991203 -274.583966 -296.148880 -317.467511 -338.079580 -357.933112 -376.407987 -393.473698 -408.908077 -422.471582 -434.226757 -444.205503 -452.470389 -459.170470 -464.512269 -468.708192 -472.006073 -474.791746 -477.959546 -484.273946 -503.869954 -9999.0 -9999.0
-9999.0 -9999.0 2804.869281 2706.533477 2609.885842 2514.968765 2421.834489 2330.538779 2241.138375 2153.692828 2068.262039 1984.900005 1903.653661 1824.560278 1747.633020 1672.867614 1600.229656 1529.681791 1461.168192 1394.622747 1330.006834 1267.258589 1206.304061 1147.073359 1089.525059 1033.606302 979.253836 926.406004 875.002368 824.982695 776.290271 728.868084 682.656024 637.587328 593.586245 550.629282 508.745295 467.905299 428.064294 389.151406 351.138405 314.273397 278.621993 244.292943 211.706664 181.040329 152.041813 125.354897 101.380848 85.329196 55.207985 51.272366 100.806128 75.987384 59.342254 45.930632 35.260075 26.797330 20.178020 15.090513 11.053661 7.355093 3.316651 -1.526745 -7.089663 -13.480650 -20.780820 -29.083363 -38.502291 -49.256391 -60.762542 -73.229156 -86.877989 -101.845069 -117.494656 -134.246951 -152.212086 -170.771613 -190.454563 -210.693672 -231.626756 -252.991203 -274.583967 -296.148880 -317.467511 -338.079580 -357.933112 -376.407987 -393.473698 -408.908077 -422.471582 -434.226757 -444.205503 -452.470389 -459.170470 -464.512269 -468.708192 -472.006073 -474.791746 -477.959546 -484.273946 -503.869954 -9999.0 -9999.0
-9999.0 -9999.0 2804.869282 2706.533477 2609.885842 2514.968765 2421.834489 2330.538779 2241.138375 2153.692828 2068.262039 1984.900005 1903.653661 1824.560278 1747.633020 1672.867614 1600.229656 1529.681791 1461.168192 1394.622747 1330.006834 1267.258589 1206.304061 1147.073359 1089.525059 1033.606302 979.253836 926.406004 875.002368 824.982695 776.290271 728.868084 682.656024 637.587328 593.586245 550.629282 508.745295 467.905299 428.064294 389.151406 351.138405 314.273397 278.621993 244.292943 211.706664 181.040329 152.041813 125.354897 101.380848 85.329196 55.207985 51.272366 100.806128 75.987384 59.342254 45.930632 35.260075 26.797330 20.178020 15.090513 11.053661 7.355093 3.316651 -1.526745 -7.089663 -13.480650 -20.780820 -29.083363 -38.502291 -49.256391 -60.762542 -73.229156 -86.877989 -101.845069 -117.494656 -134.246951 -152.212086 -170.771613 -190.454563 -210.693672 -231.626756 -252.991203 -274.583967 -296.148880 -317.467511 -338.079580 -357.933112 -376.407987 -393.473698 -408.908077 -422.471582 -434.226757 -444.205503 -452.470389 -459.170470 -464.512269 -468.708192 -472.006073 -474.791746 -477.959546 -484.273946 -503.869954 -9999.0 -9999.0
-9999.0 -9999.0 2804.869282 2706.533478 2609.885842 2514.968766 2421.834489 2330.538779 2241.138376 2153.692828 2068.262039 1984.900006 1903.653661 1824.560279 1747.633021 1672.867615 1600.229657 1529.681791 1461.168192 1394.622747 1330.006834 1267.258589 1206.304061 1147.073359 1089.525059 1033.606302 979.253836 926.406004 875.002368 824.982695 776.290271 728.868084 682.656024 637.587328 593.586246 550.629282 508.745295 467.905299 428.064294 389.151406 351.138405 314.273397 278.621993 244.292943 211.706664 181.040329 152.041813 125.354897 101.380848 85.329196 55.207985 51.272366 100.806128 75.987384 59.342254 45.930632 35.260075 26.797330 20.178020 15.090513 11.053661 7.355093 3.316651 -1.526745 -7.089663 -13.480650 -20.780820 -29.083363 -38.502291 -49.256391 -60.762542 -73.229156 -86.877989 -101.845069 -117.494656 -134.246951 -152.212086 -170.771613 -190.454563 -210.693672 -231.626756 -252.991203 -274.583966 -296.148880 -317.467511 -338.079580 -357.933112 -376.407987 -393.473698 -408.908077 -422.471582 -434.226757 -444.205503 -452.470389 -459.170470 -464.512269 -468.708192 -472.006073 -474.791746 -477.959546 -484.273946 -503.869954 -9999.0 -9999.0
-9999.0 -9999.0 2804.869283 2706.533478 2609.885843 2514.968766 2421.834490 2330.538780 2241.138377 2153.692829 2068.262040 1984.900006 1903.653662 1824.560279 1747.633021 1672.867615 1600.229657 1529.681791 1461.168193 1394.622747 1330.006834 1267.258589 1206.304061 1147.073359 1089.525059 1033.606302 979.253836 926.406004 875.002368 824.982695 776.290271 728.868085 682.656024 637.587328 593.586246 550.629283 508.745295 467.905299 428.064294 389.151406 351.138405 314.273397 278.621993 244.292943 211.706664 181.040329 152.041813 125.354897 101.380848 85.329196 55.207985 51.272366 100.806128 75.987384 59.342254 45.930632 35.260075 26.797330 20.178020 15.090513 11.053661 7.355093 3.316651 -1.526745 -7.089663 -13.480650 -20.780820 -29.083363 -38.502291 -49.256391 -60.762542 -73.229156 -86.877989 -101.845069 -117.494656 -134.246951 -152.212086 -170.771613 -190.454563 -210.693672 -231.626756 -252.991203 -274.583966 -296.148880 -317.467511 -338.079580 -357.933112 -376.407987 -393.473698 -408.908077 -422.471582 -434.226757 -444.205503 -452.470389 -459.170470 -464.512269 -468.708192 -472.006073 -474.791746 -477.959546 -484.273946 -503.869953 -9999.0 -9999.0
-9999.0 -9999.0 -9999.0 -9999.0 -9999.0 -9999.0 -9999.0 -9999.0 -9999.0 -9999.0 -9999.0 -9999.0 -9999.0 -9999.0 -9999.0 -9999.0 -9999.0 -9999.0 -9999.0 -9999.0 -9999.0 -9999.0 -9999.0 -9999.0 -9999.0 -9999.0 -9999.0 -9999.0 -9999.0 -9999.0 -9999.0 -9999.0 -9999.0 -9999.0 -9999.0 -9999.0 -9999.0 -9999.0 -9999.0 -9999.0 -9999.0 -9999.0 -9999.0 -9999.0 -9999.0 -9999.0 -9999.0 -9999.0 -9999.0 -9999.0 -9999.0 -9999.0 -9999.0 -9999.0 -9999.0 -9999.0 -9999.0 -9999.0 -9999.0 -9999.0 -9999.0 -9999.0 -9999.0 -9999.0 -9999.0 -9999.0 -9999.0 -9999.0 -9999.0 -9999.0 -9999.0 -9999.0 -9999.0 -9999.0 -9999.0 -9999.0 -9999.0 -9999.0 -9999.0 -9999.0 -9999.0 -9999.0 -9999.0 -9999.0 -9999.0 -9999.0 -9999.0 -9999.0 -9999.0 -9999.0 -9999.0 -9999.0 -9999.0 -9999.0 -9999.0 -9999.0 -9999.0 -9999.0 -9999.0 -9999.0 -9999.0 -9999.0 -9999.0 -9999.0
-9999.0 -9999.0 -9999.0 -9999.0 -9999.0 -9999.0 -9999.0 -9999.0 -9999.0 -9999.0 -9999.0 -9999.0 -9999.0 -9999.0 -9999.0 -9999.0 -9999.0 -9999.0 -9999.0 -9999.0 -9999.0 -9999.0 -9999.0 -9999.0 -9999.0 -9999.0 -9999.0 -9999.0 -9999.0 -9999.0 -9999.0 -9999.0 -9999.0 -9999.0 -9999.0 -9999.0 -9999.0 -9999.0 -9999.0 -9999.0 -9999.0 -9999.0 -9999.0 -9999.0 -9999.0 -9999.0 -9999.0 -9999.0 -9999.0 -9999.0 -9999.0 -9999.0 -9999.0 -9999.0 -9999.0 -9999.0 -9999.0 -9999.0 -9999.0 -9999.0 -9999.0 -9999.0 -9999.0 -9999.0 -9999.0 -9999.0 -9999.0 -9999.0 -9999.0 -9999.0 -9999.0 -9999.0 -9999.0 -9999.0 -9999.0 -9999.0 -9999.0 -9999.0 -9999.0 -9999.0 -9999.0 -9999.0 -9999.0 -9999.0 -9999.0 -9999.0 -9999.0 -9999.0 -9999.0 -9999.0 -9999.0 -9999.0 -9999.0 -9999.0 -9999.0 -9999.0 -9999.0 -9999.0 -9999.0 -9999.0 -9999.0 -9999.0 -9999.0 -9999.0