examples/3D/hillslope02_superslab/output-maps-SE27XX/psiliqL0003N0001.asc
ncols         104
nrows         10
xllcorner     -2.000000
yllcorner     0.000000
cellsize      1.000000
NODATA_value  -9999.0
-9999.0 -9999.0 -9999.0 -9999.0 -9999.0 -9999.0 -9999.0 -9999.0 -9999.0 -9999.0 -9999.0 -9999.0 -9999.0 -9999.0 -9999.0 -9999.0 -9999.0 -9999.0 -9999.0 -9999.0 -9999.0 -9999.0 -9999.0 -9999.0 -9999.0 -9999.0 -9999.0 -9999.0 -9999.0 -9999.0 -9999.0 -9999.0 -9999.0 -9999.0 -9999.0 -9999.0 -9999.0 -9999.0 -9999.0 -9999.0 -9999.0 -9999.0 -9999.0 -9999.0 -9999.0 -9999.0 -9999.0 -9999.0 -9999.0 -9999.0 -9999.0 -9999.0 -9999.0 -9999.0 -9999.0 -9999.0 -9999.0 -9999.0 -9999.0 -9999.0 -9999.0 -9999.0 -9999.0 -9999.0 -9999.0 -9999.0 -9999.0 -9999.0 -9999.0 -9999.0 -9999.0 -9999.0 -9999.0 -9999.0 -9999.0 -9999.0 -9999.0 -9999.0 -9999.0 -9999.0 -9999.0 -9999.0 -9999.0 -9999.0 -9999.0 -9999.0 -9999.0 -9999.0 -9999.0 -9999.0 -9999.0 -9999.0 -9999.0 -9999.0 -9999.0 -9999.0 -9999.0 -9999.0 -9999.0 -9999.0 -9999.0 -9999.0 -9999.0 -9999.0
-9999.0 -9999.0 -9999.0 -9999.0 -9999.0 -9999.0 -9999.0 -9999.0 -9999.0 -9999.0 -9999.0 -9999.0 -9999.0 -9999.0 -9999.0 -9999.0 -9999.0 -9999.0 -9999.0 -9999.0 -9999.0 -9999.0 -9999.0 -9999.0 -9999.0 -9999.0 -9999.0 -9999.0 -9999.0 -9999.0 -9999.0 -9999.0 -9999.0 -9999.0 -9999.0 -9999.0 -9999.0 -9999.0 -9999.0 -9999.0 -9999.0 -9999.0 -9999.0 -9999.0 -9999.0 -9999.0 -9999.0 -9999.0 -9999.0 -9999.0 -9999.0 -9999.0 -9999.0 -9999.0 -9999.0 -9999.0 -9999.0 -9999.0 -9999.0 -9999.0 -9999.0 -9999.0 -9999.0 -9999.0 -9999.0 -9999.0 -9999.0 -9999.0 -9999.0 -9999.0 -9999.0 -9999.0 -9999.0 -9999.0 -9999.0 -9999.0 -9999.0 -9999.0 -9999.0 -9999.0 -9999.0 -9999.0 -9999.0 -9999.0 -9999.0 -9999.0 -9999.0 -9999.0 -9999.0 -9999.0 -9999.0 -9999.0 -9999.0 -9999.0 -9999.0 -9999.0 -9999.0 -9999.0 -9999.0 -9999.0 -9999.0 -9999.0 -9999.0 -9999.0
-9999.0 -9999.0 -325.272344 -348.174468 -353.865413 -355.213182 -355.138191 -353.522524 -347.072200 -324.412345 -354.931229 -285.538526 -176.063752 -109.161332 -52.057055 67.760209 -15.228999 -107.818668 -200.575322 -274.796796 -320.035944 -341.840133 -350.831107 -354.174503 -355.327433 -355.698734 -355.792137 -355.720799 -355.317135 -353.763813 -348.052934 -331.675626 -308.022864 -289.537022 -279.474590 -275.478992 -274.675589 -275.231659 -276.013154 -275.417859 -267.957971 -234.650928 -535.566343 -520.440836 -519.843051 -519.628919 -519.508253 -519.445737 -519.412375 -519.400982 -519.400221 -519.408434 -519.424791 -519.449158 -519.482108 -519.525062 -519.589136 -519.681365 -519.832772 -520.134364 -521.349890 -566.431420 -294.256743 -340.578358 -351.978676 -354.879882 -355.627925 -355.821494 -355.871632 -355.884621 -355.887986 -355.888858 -355.889084 -355.889143 -355.889158 -355.889162 -355.889163 -355.889163 -355.889163 -355.889163 -355.889163 -355.889163 -355.889163 -355.889163 -355.889163 -355.889163 -355.889163 -355.889164 -355.889165 -355.889169 -355.889186 -355.889249 -355.889482 -355.890356 -355.893626 -355.905859 -355.951615 -356.122685 -356.761324 -359.134475 -367.839591 -398.747808 -9999.0 -9999.0
-9999.0 -9999.0 -325.272344 -348.174468 -353.865413 -355.213182 -355.138191 -353.522524 -347.072200 -324.412345 -354.931229 -285.538526 -176.063752 -109.161332 -52.057055 67.760209 -15.228997 -107.818668 -200.575323 -274.796796 -320.035944 -341.840133 -350.831107 -354.174503 -355.327433 -355.698734 -355.792137 -355.720799 -355.317135 -353.763813 -348.052934 -331.675626 -308.022864 -289.537022 -279.474590 -275.478992 -274.675589 -275.231659 -276.013154 -275.417859 -267.957971 -234.650928 -535.566343 -520.440836 -519.843051 -519.628919 -519.508253 -519.445737 -519.412375 -519.400982 -519.400221 -519.408434 -519.424791 -519.449158 -519.482108 -519.525062 -519.589136 -519.681365 -519.832772 -520.134364 -521.349890 -566.431420 -294.256743 -340.578358 -351.978676 -354.879882 -355.627925 -355.821494 -355.871632 -355.884621 -355.887986 -355.888858 -355.889084 -355.889143 -355.889158 -355.889162 -355.889163 -355.889163 -355.889163 -355.889163 -355.889163 -355.889163 -355.889163 -355.889163 -355.889163 -355.889163 -355.889164 -355.889164 -355.889165 -355.889170 -355.889186 -355.889249 -355.889482 -355.890356 -355.893626 -355.905859 -355.951615 -356.122685 -356.761325 -359.134474 -367.839590 -398.747811 -9999.0 -9999.0
-9999.0 -9999.0 -325.272344 -348.174468 -353.865413 -355.213182 -355.138191 -353.522524 -347.072200 -324.412345 -354.931228 -285.538525 -176.063751 -109.161332 -52.057055 67.760208 -15.228998 -107.818668 -200.575322 -274.796796 -320.035944 -341.840133 -350.831107 -354.174503 -355.327433 -355.698734 -355.792137 -355.720799 -355.317135 -353.763813 -348.052934 -331.675626 -308.022864 -289.537022 -279.474590 -275.478992 -274.675589 -275.231659 -276.013154 -275.417859 -267.957971 -234.650928 -535.566343 -520.440836 -519.843051 -519.628919 -519.508253 -519.445737 -519.412375 -519.400982 -519.400221 -519.408434 -519.424791 -519.449158 -519.482108 -519.525062 -519.589136 -519.681365 -519.832772 -520.134364 -521.349890 -566.431420 -294.256743 -340.578358 -351.978676 -354.879882 -355.627925 -355.821495 -355.871632 -355.884621 -355.887987 -355.888859 -355.889084 -355.889143 -355.889158 -355.889162 -355.889163 -355.889163 -355.889163 -355.889163 -355.889163 -355.889163 -355.889163 -355.889163 -355.889163 -355.889164 -355.889164 -355.889164 -355.889165 -355.889170 -355.889186 -355.889249 -355.889482 -355.890356 -355.893626 -355.905859 -355.951615 -356.122685 -356.761325 -359.134475 -367.839590 -398.747809 -9999.0 -9999.0
-9999.0 -9999.0 -325.272344 -348.174468 -353.865413 -355.213182 -355.138191 -353.522524 -347.072200 -324.412345 -354.931228 -285.538525 -176.063751 -109.161332 -52.057055 67.760208 -15.228998 -107.818668 -200.575322 -274.796796 -320.035944 -341.840133 -350.831107 -354.174503 -355.327433 -355.698734 -355.792137 -355.720799 -355.317135 -353.763813 -348.052934 -331.675626 -308.022864 -289.537022 -279.474590 -275.478992 -274.675589 -275.231659 -276.013154 -275.417859 -267.957971 -234.650928 -535.566343 -520.440836 -519.843051 -519.628919 -519.508253 -519.445737 -519.412375 -519.400982 -519.400221 -519.408434 -519.424791 -519.449158 -519.482108 -519.525062 -519.589136 -519.681365 -519.832772 -520.134364 -521.349890 -566.431420 -294.256743 -340.578358 -351.978676 -354.879882 -355.627925 -355.821495 -355.871632 -355.884621 -355.887987 -355.888859 -355.889084 -355.889143 -355.889158 -355.889162 -355.889163 -355.889163 -355.889163 -355.889163 -355.889163 -355.889163 -355.889163 -355.889163 -355.889163 -355.889164 -355.889164 -355.889164 -355.889165 -355.889170 -355.889186 -355.889249 -355.889482 -355.890356 -355.893626 -355.905859 -355.951615 -356.122685 -356.761325 -359.134475 -367.839590 -398.747809 -9999.0 -9999.0
-9999.0 -9999.0 -325.272344 -348.174468 -353.865413 -355.213182 -355.138191 -353.522524 -347.072200 -324.412345 -354.931229 -285.538526 -176.063752 -109.161332 -52.057055 67.760209 -15.228997 -107.818668 -200.575323 -274.796796 -320.035944 -341.840133 -350.831107 -354.174503 -355.327433 -355.698734 -355.792137 -355.720799 -355.317135 -353.763813 -348.052934 -331.675626 -308.022864 -289.537022 -279.474590 -275.478992 -274.675589 -275.231659 -276.013154 -275.417859 -267.957971 -234.650928 -535.566343 -520.440836 -519.843051 -519.628919 -519.508253 -519.445737 -519.412375 -519.400982 -519.400221 -519.408434 -519.424791 -519.449158 -519.482108 -519.525062 -519.589136 -519.681365 -519.832772 -520.134364 -521.349890 -566.431420 -294.256743 -340.578358 -351.978676 -354.879882 -355.627925 -355.821494 -355.871632 -355.884621 -355.887986 -355.888858 -355.889084 -355.889143 -355.889158 -355.889162 -355.889163 -355.889163 -355.889163 -355.889163 -355.889163 -355.889163 -355.889163 -355.889163 -355.889163 -355.889163 -355.889164 -355.889164 -355.889165 -355.889170 -355.889186 -355.889249 -355.889482 -355.890356 -355.893626 -355.905859 -355.951615 -356.122685 -356.761325 -359.134474 -367.839590 -398.747811 -9999.0 -9999.0
-9999.0 -9999.0 -325.272344 -348.174468 -353.865413 -355.213182 -355.138191 -353.522524 -347.072200 -324.412345 -354.931229 -285.538526 -176.063752 -109.161332 -52.057055 67.760209 -15.228999 -107.818668 -200.575322 -274.796796 -320.035944 -341.840133 -350.831107 -354.174503 -355.327433 -355.698734 -355.792137 -355.720799 -355.317135 -353.763813 -348.052934 -331.675626 -308.022864 -289.537022 -279.474590 -275.478992 -274.675589 -275.231659 -276.013154 -275.417859 -267.957971 -234.650928 -535.566343 -520.440836 -519.843051 -519.628919 -519.508253 -519.445737 -519.412375 -519.400982 -519.400221 -519.408434 -519.424791 -519.449158 -519.482108 -519.525062 -519.589136 -519.681365 -519.832772 -520.134364 -521.349890 -566.431420 -294.256743 -340.578358 -351.978676 -354.879882 -355.627925 -355.821494 -355.871632 -355.884621 -355.887986 -355.888858 -355.889084 -355.889143 -355.889158 -355.889162 -355.889163 -355.889163 -355.889163 -355.889163 -355.889163 -355.889163 -355.889163 -355.889163 -355.889163 -355.889163 -355.889163 -355.889164 -355.889165 -355.889169 -355.889186 -355.889249 -355.889482 -355.890356 -355.893626 -355.905859 -355.951615 -356.122685 -356.761324 -359.134475 -367.839591 -398.747808 -9999.0 -9999.0
-9999.0 -9999.0 -9999.0 -9999.0 -9999.0 -9999.0 -9999.0 -9999.0 -9999.0 -9999.0 -9999.0 -9999.0 -9999.0 -9999.0 -9999.0 -9999.0 -9999.0 -9999.0 -9999.0 -9999.0 -9999.0 -9999.0 -9999.0 -9999.0 -9999.0 -9999.0 -9999.0 -9999.0 -9999.0 -9999.0 -9999.0 -9999.0 -9999.0 -9999.0 -9999.0 -9999.0 -9999.0 -9999.0 -9999.0 -9999.0 -9999.0 -9999.0 -9999.0 -9999.0 -9999.0 -9999.0 -9999.0 -9999.0 -9999.0 -9999.0 -9999.0 -9999.0 -9999.0 -9999.0 -9999.0 -9999.0 -9999.0 -9999.0 -9999.0 -9999.0 -9999.0 -9999.0 -9999.0 -9999.0 -9999.0 -9999.0 -9999.0 -9999.0 -9999.0 -9999.0 -9999.0 -9999.0 -9999.0 -9999.0 -9999.0 -9999.0 -9999.0 -9999.0 -9999.0 -9999.0 -9999.0 -9999.0 -9999.0 -9999.0 -9999.0 -9999.0 -9999.0 -9999.0 -9999.0 -9999.0 -9999.0 -9999.0 -9999.0 -9999.0 -9999.0 -9999.0 -9999.0 -9999.0 -9999.0 -9999.0 -9999.0 -9999.0 -9999.0 -9999.0
-9999.0 -9999.0 -9999.0 -9999.0 -9999.0 -9999.0 -9999.0 -9999.0 -9999.0 -9999.0 -9999.0 -9999.0 -9999.0 -9999.0 -9999.0 -9999.0 -9999.0 -9999.0 -9999.0 -9999.0 -9999.0 -9999.0 -9999.0 -9999.0 -9999.0 -9999.0 -9999.0 -9999.0 -9999.0 -9999.0 -9999.0 -9999.0 -9999.0 -9999.0 -9999.0 -9999.0 -9999.0 -9999.0 -9999.0 -9999.0 -9999.0 -9999.0 -9999.0 -9999.0 -9999.0 -9999.0 -9999.0 -9999.0 -9999.0 -9999.0 -9999.0 -9999.0 -9999.0 -9999.0 -9999.0 -9999.0 -9999.0 -9999.0 -9999.0 -9999.0 -9999.0 -9999.0 -9999.0 -9999.0 -9999.0 -9999.0 -9999.0 -9999.0 -9999.0 -9999.0 -9999.0 -9999.0 -9999.0 -9999.0 -9999.0 -9999.0 -9999.0 -9999.0 -9999.0 -9999.0 -9999.0 -9999.0 -9999.0 -9999.0 -9999.0 -9999.0 -9999.0 -9999.0 -9999.0 -9999.0 -9999.0 -9999.0 -9999.0 -9999.0 -9999.0 -9999.0 -9999.0 -9999.0 -9999.0 -9999.0 -9999.0 -9999.0 -9999.0 -9999.0