examples/3D/hillslope02_superslab/output-maps-SE27XX/psiliqL0067N0002.asc
ncols         104
nrows         10
xllcorner     -2.000000
yllcorner     0.000000
cellsize      1.000000
NODATA_value  -9999.0
-9999.0 -9999.0 -9999.0 -9999.0 -9999.0 -9999.0 -9999.0 -9999.0 -9999.0 -9999.0 -9999.0 -9999.0 -9999.0 -9999.0 -9999.0 -9999.0 -9999.0 -9999.0 -9999.0 -9999.0 -9999.0 -9999.0 -9999.0 -9999.0 -9999.0 -9999.0 -9999.0 -9999.0 -9999.0 -9999.0 -9999.0 -9999.0 -9999.0 -9999.0 -9999.0 -9999.0 -9999.0 -9999.0 -9999.0 -9999.0 -9999.0 -9999.0 -9999.0 -9999.0 -9999.0 -9999.0 -9999.0 -9999.0 -9999.0 -9999.0 -9999.0 -9999.0 -9999.0 -9999.0 -9999.0 -9999.0 -9999.0 -9999.0 -9999.0 -9999.0 -9999.0 -9999.0 -9999.0 -9999.0 -9999.0 -9999.0 -9999.0 -9999.0 -9999.0 -9999.0 -9999.0 -9999.0 -9999.0 -9999.0 -9999.0 -9999.0 -9999.0 -9999.0 -9999.0 -9999.0 -9999.0 -9999.0 -9999.0 -9999.0 -9999.0 -9999.0 -9999.0 -9999.0 -9999.0 -9999.0 -9999.0 -9999.0 -9999.0 -9999.0 -9999.0 -9999.0 -9999.0 -9999.0 -9999.0 -9999.0 -9999.0 -9999.0 -9999.0 -9999.0
-9999.0 -9999.0 -9999.0 -9999.0 -9999.0 -9999.0 -9999.0 -9999.0 -9999.0 -9999.0 -9999.0 -9999.0 -9999.0 -9999.0 -9999.0 -9999.0 -9999.0 -9999.0 -9999.0 -9999.0 -9999.0 -9999.0 -9999.0 -9999.0 -9999.0 -9999.0 -9999.0 -9999.0 -9999.0 -9999.0 -9999.0 -9999.0 -9999.0 -9999.0 -9999.0 -9999.0 -9999.0 -9999.0 -9999.0 -9999.0 -9999.0 -9999.0 -9999.0 -9999.0 -9999.0 -9999.0 -9999.0 -9999.0 -9999.0 -9999.0 -9999.0 -9999.0 -9999.0 -9999.0 -9999.0 -9999.0 -9999.0 -9999.0 -9999.0 -9999.0 -9999.0 -9999.0 -9999.0 -9999.0 -9999.0 -9999.0 -9999.0 -9999.0 -9999.0 -9999.0 -9999.0 -9999.0 -9999.0 -9999.0 -9999.0 -9999.0 -9999.0 -9999.0 -9999.0 -9999.0 -9999.0 -9999.0 -9999.0 -9999.0 -9999.0 -9999.0 -9999.0 -9999.0 -9999.0 -9999.0 -9999.0 -9999.0 -9999.0 -9999.0 -9999.0 -9999.0 -9999.0 -9999.0 -9999.0 -9999.0 -9999.0 -9999.0 -9999.0 -9999.0
-9999.0 -9999.0 -27.644496 -129.893558 -223.552920 -290.590867 -322.831211 -328.424512 -320.187832 -315.410355 -340.422752 -356.581910 -367.259651 -375.211802 -376.394736 -369.881060 -364.658341 -361.003036 -358.109751 -355.588572 -353.278818 -351.081952 -348.939285 -346.805025 -344.661000 -342.493460 -340.306440 -338.106798 -335.906982 -333.729020 -331.601835 -329.594837 -327.828599 -326.436754 -325.527252 -325.147769 -325.310732 -326.008054 -327.249782 -329.119723 -331.830421 -335.800067 -341.255856 -252.153872 -118.642430 -28.947707 23.267086 33.403012 -166.306760 -459.895866 -1297.121943 -1657.970156 -1658.448222 -1658.417084 -1658.416128 -1658.416107 -1658.416029 -1658.408280 -1656.284962 -1402.510946 -655.972946 -418.469490 -325.921541 -338.452683 -350.360288 -354.363345 -355.463827 -355.751835 -355.826921 -355.847019 -355.852996 -355.855379 -355.856866 -355.858139 -355.859367 -355.860592 -355.861821 -355.863060 -355.864311 -355.865579 -355.866865 -355.868172 -355.869499 -355.870849 -355.872219 -355.873608 -355.875010 -355.876417 -355.877824 -355.879228 -355.880657 -355.882252 -355.884579 -355.889800 -355.905875 -355.961434 -356.155460 -356.809586 -358.878912 -364.907703 -381.170197 -424.949757 -9999.0 -9999.0
-9999.0 -9999.0 -27.644498 -129.893560 -223.552922 -290.590868 -322.831212 -328.424513 -320.187832 -315.410355 -340.422752 -356.581909 -367.259651 -375.211802 -376.394736 -369.881060 -364.658342 -361.003036 -358.109751 -355.588572 -353.278818 -351.081952 -348.939285 -346.805025 -344.661000 -342.493460 -340.306440 -338.106798 -335.906982 -333.729020 -331.601835 -329.594837 -327.828599 -326.436754 -325.527252 -325.147769 -325.310732 -326.008054 -327.249782 -329.119723 -331.830421 -335.800067 -341.255856 -252.153872 -118.642430 -28.947707 23.267086 33.403012 -166.306760 -459.895866 -1297.121943 -1657.970156 -1658.448222 -1658.417084 -1658.416128 -1658.416107 -1658.416029 -1658.408280 -1656.284962 -1402.510946 -655.972946 -418.469490 -325.921541 -338.452683 -350.360289 -354.363346 -355.463829 -355.751837 -355.826923 -355.847021 -355.852998 -355.855381 -355.856867 -355.858141 -355.859369 -355.860593 -355.861823 -355.863062 -355.864313 -355.865581 -355.866867 -355.868173 -355.869501 -355.870850 -355.872221 -355.873610 -355.875011 -355.876418 -355.877825 -355.879230 -355.880659 -355.882253 -355.884581 -355.889802 -355.905877 -355.961436 -356.155462 -356.809588 -358.878915 -364.907707 -381.170200 -424.949757 -9999.0 -9999.0
-9999.0 -9999.0 -27.644500 -129.893561 -223.552923 -290.590869 -322.831212 -328.424513 -320.187832 -315.410354 -340.422751 -356.581909 -367.259651 -375.211802 -376.394736 -369.881060 -364.658342 -361.003036 -358.109751 -355.588572 -353.278818 -351.081952 -348.939285 -346.805025 -344.661000 -342.493460 -340.306440 -338.106798 -335.906982 -333.729020 -331.601835 -329.594837 -327.828599 -326.436754 -325.527252 -325.147769 -325.310732 -326.008054 -327.249782 -329.119723 -331.830421 -335.800067 -341.255856 -252.153872 -118.642430 -28.947707 23.267086 33.403012 -166.306760 -459.895866 -1297.121943 -1657.970156 -1658.448222 -1658.417084 -1658.416128 -1658.416107 -1658.416029 -1658.408280 -1656.284962 -1402.510945 -655.972946 -418.469490 -325.921541 -338.452684 -350.360289 -354.363347 -355.463830 -355.751838 -355.826924 -355.847023 -355.852999 -355.855382 -355.856869 -355.858142 -355.859371 -355.860595 -355.861824 -355.863063 -355.864315 -355.865582 -355.866869 -355.868175 -355.869503 -355.870852 -355.872223 -355.873612 -355.875013 -355.876420 -355.877827 -355.879232 -355.880660 -355.882255 -355.884582 -355.889803 -355.905878 -355.961437 -356.155463 -356.809590 -358.878917 -364.907710 -381.170203 -424.949756 -9999.0 -9999.0
-9999.0 -9999.0 -27.644500 -129.893561 -223.552923 -290.590869 -322.831212 -328.424513 -320.187832 -315.410354 -340.422751 -356.581909 -367.259651 -375.211802 -376.394736 -369.881060 -364.658342 -361.003036 -358.109751 -355.588572 -353.278818 -351.081952 -348.939285 -346.805025 -344.661000 -342.493460 -340.306440 -338.106798 -335.906982 -333.729020 -331.601835 -329.594837 -327.828599 -326.436754 -325.527252 -325.147769 -325.310732 -326.008054 -327.249782 -329.119723 -331.830421 -335.800067 -341.255856 -252.153872 -118.642430 -28.947707 23.267086 33.403012 -166.306760 -459.895866 -1297.121943 -1657.970156 -1658.448222 -1658.417084 -1658.416128 -1658.416107 -1658.416029 -1658.408280 -1656.284962 -1402.510945 -655.972946 -418.469490 -325.921541 -338.452684 -350.360289 -354.363347 -355.463830 -355.751838 -355.826924 -355.847023 -355.852999 -355.855382 -355.856869 -355.858142 -355.859371 -355.860595 -355.861824 -355.863063 -355.864315 -355.865582 -355.866869 -355.868175 -355.869503 -355.870852 -355.872223 -355.873612 -355.875013 -355.876420 -355.877827 -355.879232 -355.880660 -355.882255 -355.884582 -355.889803 -355.905878 -355.961437 -356.155463 -356.809590 -358.878917 -364.907710 -381.170203 -424.949756 -9999.0 -9999.0
-9999.0 -9999.0 -27.644498 -129.893560 -223.552922 -290.590868 -322.831212 -328.424513 -320.187832 -315.410355 -340.422752 -356.581909 -367.259651 -375.211802 -376.394736 -369.881060 -364.658342 -361.003036 -358.109751 -355.588572 -353.278818 -351.081952 -348.939285 -346.805025 -344.661000 -342.493460 -340.306440 -338.106798 -335.906982 -333.729020 -331.601835 -329.594837 -327.828599 -326.436754 -325.527252 -325.147769 -325.310732 -326.008054 -327.249782 -329.119723 -331.830421 -335.800067 -341.255856 -252.153872 -118.642430 -28.947707 23.267086 33.403012 -166.306760 -459.895866 -1297.121943 -1657.970156 -1658.448222 -1658.417084 -1658.416128 -1658.416107 -1658.416029 -1658.408280 -1656.284962 -1402.510946 -655.972946 -418.469490 -325.921541 -338.452683 -350.360289 -354.363346 -355.463829 -355.751837 -355.826923 -355.847021 -355.852998 -355.855381 -355.856867 -355.858141 -355.859369 -355.860593 -355.861823 -355.863062 -355.864313 -355.865581 -355.866867 -355.868173 -355.869501 -355.870850 -355.872221 -355.873610 -355.875011 -355.876418 -355.877825 -355.879230 -355.880659 -355.882253 -355.884581 -355.889802 -355.905877 -355.961436 -356.155462 -356.809588 -358.878915 -364.907707 -381.170200 -424.949757 -9999.0 -9999.0
-9999.0 -9999.0 -27.644496 -129.893558 -223.552920 -290.590867 -322.831211 -328.424512 -320.187832 -315.410355 -340.422752 -356.581910 -367.259651 -375.211802 -376.394736 -369.881060 -364.658341 -361.003036 -358.109751 -355.588572 -353.278818 -351.081952 -348.939285 -346.805025 -344.661000 -342.493460 -340.306440 -338.106798 -335.906982 -333.729020 -331.601835 -329.594837 -327.828599 -326.436754 -325.527252 -325.147769 -325.310732 -326.008054 -327.249782 -329.119723 -331.830421 -335.800067 -341.255856 -252.153872 -118.642430 -28.947707 23.267086 33.403012 -166.306760 -459.895866 -1297.121943 -1657.970156 -1658.448222 -1658.417084 -1658.416128 -1658.416107 -1658.416029 -1658.408280 -1656.284962 -1402.510946 -655.972946 -418.469490 -325.921541 -338.452683 -350.360288 -354.363345 -355.463827 -355.751835 -355.826921 -355.847019 -355.852996 -355.855379 -355.856866 -355.858139 -355.859367 -355.860592 -355.861821 -355.863060 -355.864311 -355.865579 -355.866865 -355.868172 -355.869499 -355.870849 -355.872219 -355.873608 -355.875010 -355.876417 -355.877824 -355.879228 -355.880657 -355.882252 -355.884579 -355.889800 -355.905875 -355.961434 -356.155460 -356.809586 -358.878912 -364.907703 -381.170197 -424.949757 -9999.0 -9999.0
-9999.0 -9999.0 -9999.0 -9999.0 -9999.0 -9999.0 -9999.0 -9999.0 -9999.0 -9999.0 -9999.0 -9999.0 -9999.0 -9999.0 -9999.0 -9999.0 -9999.0 -9999.0 -9999.0 -9999.0 -9999.0 -9999.0 -9999.0 -9999.0 -9999.0 -9999.0 -9999.0 -9999.0 -9999.0 -9999.0 -9999.0 -9999.0 -9999.0 -9999.0 -9999.0 -9999.0 -9999.0 -9999.0 -9999.0 -9999.0 -9999.0 -9999.0 -9999.0 -9999.0 -9999.0 -9999.0 -9999.0 -9999.0 -9999.0 -9999.0 -9999.0 -9999.0 -9999.0 -9999.0 -9999.0 -9999.0 -9999.0 -9999.0 -9999.0 -9999.0 -9999.0 -9999.0 -9999.0 -9999.0 -9999.0 -9999.0 -9999.0 -9999.0 -9999.0 -9999.0 -9999.0 -9999.0 -9999.0 -9999.0 -9999.0 -9999.0 -9999.0 -9999.0 -9999.0 -9999.0 -9999.0 -9999.0 -9999.0 -9999.0 -9999.0 -9999.0 -9999.0 -9999.0 -9999.0 -9999.0 -9999.0 -9999.0 -9999.0 -9999.0 -9999.0 -9999.0 -9999.0 -9999.0 -9999.0 -9999.0 -9999.0 -9999.0 -9999.0 -9999.0
-9999.0 -9999.0 -9999.0 -9999.0 -9999.0 -9999.0 -9999.0 -9999.0 -9999.0 -9999.0 -9999.0 -9999.0 -9999.0 -9999.0 -9999.0 -9999.0 -9999.0 -9999.0 -9999.0 -9999.0 -9999.0 -9999.0 -9999.0 -9999.0 -9999.0 -9999.0 -9999.0 -9999.0 -9999.0 -9999.0 -9999.0 -9999.0 -9999.0 -9999.0 -9999.0 -9999.0 -9999.0 -9999.0 -9999.0 -9999.0 -9999.0 -9999.0 -9999.0 -9999.0 -9999.0 -9999.0 -9999.0 -9999.0 -9999.0 -9999.0 -9999.0 -9999.0 -9999.0 -9999.0 -9999.0 -9999.0 -9999.0 -9999.0 -9999.0 -9999.0 -9999.0 -9999.0 -9999.0 -9999.0 -9999.0 -9999.0 -9999.0 -9999.0 -9999.0 -9999.0 -9999.0 -9999.0 -9999.0 -9999.0 -9999.0 -9999.0 -9999.0 -9999.0 -9999.0 -9999.0 -9999.0 -9999.0 -9999.0 -9999.0 -9999.0 -9999.0 -9999.0 -9999.0 -9999.0 -9999.0 -9999.0 -9999.0 -9999.0 -9999.0 -9999.0 -9999.0 -9999.0 -9999.0 -9999.0 -9999.0 -9999.0 -9999.0 -9999.0 -9999.0