examples/3D/hillslope02_superslab/output-maps-SE27XX/psiliqL0088N0002.asc
ncols         104
nrows         10
xllcorner     -2.000000
yllcorner     0.000000
cellsize      1.000000
NODATA_value  -9999.0
-9999.0 -9999.0 -9999.0 -9999.0 -9999.0 -9999.0 -9999.0 -9999.0 -9999.0 -9999.0 -9999.0 -9999.0 -9999.0 -9999.0 -9999.0 -9999.0 -9999.0 -9999.0 -9999.0 -9999.0 -9999.0 -9999.0 -9999.0 -9999.0 -9999.0 -9999.0 -9999.0 -9999.0 -9999.0 -9999.0 -9999.0 -9999.0 -9999.0 -9999.0 -9999.0 -9999.0 -9999.0 -9999.0 -9999.0 -9999.0 -9999.0 -9999.0 -9999.0 -9999.0 -9999.0 -9999.0 -9999.0 -9999.0 -9999.0 -9999.0 -9999.0 -9999.0 -9999.0 -9999.0 -9999.0 -9999.0 -9999.0 -9999.0 -9999.0 -9999.0 -9999.0 -9999.0 -9999.0 -9999.0 -9999.0 -9999.0 -9999.0 -9999.0 -9999.0 -9999.0 -9999.0 -9999.0 -9999.0 -9999.0 -9999.0 -9999.0 -9999.0 -9999.0 -9999.0 -9999.0 -9999.0 -9999.0 -9999.0 -9999.0 -9999.0 -9999.0 -9999.0 -9999.0 -9999.0 -9999.0 -9999.0 -9999.0 -9999.0 -9999.0 -9999.0 -9999.0 -9999.0 -9999.0 -9999.0 -9999.0 -9999.0 -9999.0 -9999.0 -9999.0
-9999.0 -9999.0 -9999.0 -9999.0 -9999.0 -9999.0 -9999.0 -9999.0 -9999.0 -9999.0 -9999.0 -9999.0 -9999.0 -9999.0 -9999.0 -9999.0 -9999.0 -9999.0 -9999.0 -9999.0 -9999.0 -9999.0 -9999.0 -9999.0 -9999.0 -9999.0 -9999.0 -9999.0 -9999.0 -9999.0 -9999.0 -9999.0 -9999.0 -9999.0 -9999.0 -9999.0 -9999.0 -9999.0 -9999.0 -9999.0 -9999.0 -9999.0 -9999.0 -9999.0 -9999.0 -9999.0 -9999.0 -9999.0 -9999.0 -9999.0 -9999.0 -9999.0 -9999.0 -9999.0 -9999.0 -9999.0 -9999.0 -9999.0 -9999.0 -9999.0 -9999.0 -9999.0 -9999.0 -9999.0 -9999.0 -9999.0 -9999.0 -9999.0 -9999.0 -9999.0 -9999.0 -9999.0 -9999.0 -9999.0 -9999.0 -9999.0 -9999.0 -9999.0 -9999.0 -9999.0 -9999.0 -9999.0 -9999.0 -9999.0 -9999.0 -9999.0 -9999.0 -9999.0 -9999.0 -9999.0 -9999.0 -9999.0 -9999.0 -9999.0 -9999.0 -9999.0 -9999.0 -9999.0 -9999.0 -9999.0 -9999.0 -9999.0 -9999.0 -9999.0
-9999.0 -9999.0 1010.637776 909.686911 809.153585 709.787706 612.020948 516.013781 421.535254 327.878683 235.044885 147.182128 68.376719 3.582482 -40.979990 -57.936786 -52.573414 -33.391372 -5.889196 25.330375 57.149418 88.474338 117.508854 143.786628 166.761759 186.338804 201.791215 213.622540 221.622098 225.666684 225.687915 221.618742 213.345146 200.639929 183.923677 162.785243 137.345002 107.392182 73.304079 34.933790 -7.667939 -54.109560 -103.640067 -154.761786 -205.084326 -251.651199 -292.193092 -327.945653 -386.035151 -507.486041 -520.321756 -512.898692 -493.173156 -468.290812 -438.684812 -406.181455 -370.919707 -334.125166 -296.599681 -257.886345 -217.695473 -177.970587 -145.643015 -128.360725 -117.577455 -110.610094 -106.475781 -104.509902 -104.204914 -105.170765 -107.111519 -109.808361 -113.104803 -116.896750 -121.122625 -125.755705 -130.798401 -136.275745 -142.232520 -148.486929 -155.177773 -162.394956 -170.240136 -178.820303 -188.185253 -198.049761 -208.649314 -220.141738 -232.310128 -244.924075 -258.182062 -271.485181 -284.833947 -297.655735 -309.867262 -320.917462 -330.704181 -339.494629 -348.612648 -363.546572 -430.138999 -776.170965 -9999.0 -9999.0
-9999.0 -9999.0 1010.637774 909.686908 809.153583 709.787704 612.020947 516.013780 421.535253 327.878682 235.044885 147.182127 68.376718 3.582482 -40.979991 -57.936787 -52.573414 -33.391372 -5.889196 25.330375 57.149418 88.474338 117.508854 143.786628 166.761759 186.338804 201.791215 213.622540 221.622098 225.666684 225.687915 221.618742 213.345146 200.639929 183.923677 162.785243 137.345002 107.392182 73.304079 34.933790 -7.667939 -54.109560 -103.640067 -154.761786 -205.084326 -251.651199 -292.193092 -327.945653 -386.035151 -507.486041 -520.321756 -512.898692 -493.173156 -468.290812 -438.684812 -406.181455 -370.919707 -334.125166 -296.599681 -257.886345 -217.695473 -177.970587 -145.643015 -128.360725 -117.577455 -110.610094 -106.475781 -104.509902 -104.204914 -105.170765 -107.111519 -109.808361 -113.104803 -116.896750 -121.122625 -125.755705 -130.798401 -136.275745 -142.232520 -148.486929 -155.177773 -162.394957 -170.240136 -178.820303 -188.185253 -198.049761 -208.649314 -220.141739 -232.310129 -244.924075 -258.182062 -271.485182 -284.833947 -297.655736 -309.867263 -320.917462 -330.704182 -339.494630 -348.612649 -363.546572 -430.139002 -776.170967 -9999.0 -9999.0
-9999.0 -9999.0 1010.637772 909.686907 809.153581 709.787703 612.020945 516.013779 421.535253 327.878682 235.044884 147.182127 68.376718 3.582482 -40.979991 -57.936787 -52.573414 -33.391372 -5.889196 25.330375 57.149418 88.474338 117.508854 143.786628 166.761759 186.338804 201.791215 213.622540 221.622098 225.666684 225.687915 221.618742 213.345146 200.639929 183.923677 162.785243 137.345002 107.392182 73.304079 34.933790 -7.667939 -54.109560 -103.640067 -154.761786 -205.084326 -251.651199 -292.193092 -327.945653 -386.035151 -507.486041 -520.321756 -512.898692 -493.173156 -468.290812 -438.684812 -406.181455 -370.919707 -334.125166 -296.599681 -257.886345 -217.695473 -177.970587 -145.643015 -128.360725 -117.577455 -110.610094 -106.475781 -104.509902 -104.204914 -105.170765 -107.111519 -109.808361 -113.104803 -116.896750 -121.122625 -125.755706 -130.798401 -136.275745 -142.232520 -148.486929 -155.177773 -162.394957 -170.240136 -178.820303 -188.185253 -198.049761 -208.649314 -220.141739 -232.310129 -244.924075 -258.182062 -271.485182 -284.833947 -297.655736 -309.867263 -320.917462 -330.704182 -339.494630 -348.612649 -363.546572 -430.139002 -776.170968 -9999.0 -9999.0
-9999.0 -9999.0 1010.637772 909.686907 809.153581 709.787703 612.020945 516.013779 421.535253 327.878682 235.044884 147.182127 68.376718 3.582482 -40.979991 -57.936787 -52.573414 -33.391372 -5.889196 25.330375 57.149418 88.474338 117.508854 143.786628 166.761759 186.338804 201.791215 213.622540 221.622098 225.666684 225.687915 221.618742 213.345146 200.639929 183.923677 162.785243 137.345002 107.392182 73.304079 34.933790 -7.667939 -54.109560 -103.640067 -154.761786 -205.084326 -251.651199 -292.193092 -327.945653 -386.035151 -507.486041 -520.321756 -512.898692 -493.173156 -468.290812 -438.684812 -406.181455 -370.919707 -334.125166 -296.599681 -257.886345 -217.695473 -177.970587 -145.643015 -128.360725 -117.577455 -110.610094 -106.475781 -104.509902 -104.204914 -105.170765 -107.111519 -109.808361 -113.104803 -116.896750 -121.122625 -125.755706 -130.798401 -136.275745 -142.232520 -148.486929 -155.177773 -162.394957 -170.240136 -178.820303 -188.185253 -198.049761 -208.649314 -220.141739 -232.310129 -244.924075 -258.182062 -271.485182 -284.833947 -297.655736 -309.867263 -320.917462 -330.704182 -339.494630 -348.612649 -363.546572 -430.139002 -776.170968 -9999.0 -9999.0
-9999.0 -9999.0 1010.637774 909.686908 809.153583 709.787704 612.020946 516.013780 421.535253 327.878682 235.044885 147.182127 68.376718 3.582482 -40.979991 -57.936787 -52.573414 -33.391372 -5.889196 25.330375 57.149418 88.474338 117.508854 143.786628 166.761759 186.338804 201.791215 213.622540 221.622098 225.666684 225.687915 221.618742 213.345146 200.639929 183.923677 162.785243 137.345002 107.392182 73.304079 34.933790 -7.667939 -54.109560 -103.640067 -154.761786 -205.084326 -251.651199 -292.193092 -327.945653 -386.035151 -507.486041 -520.321756 -512.898692 -493.173156 -468.290812 -438.684812 -406.181455 -370.919707 -334.125166 -296.599681 -257.886345 -217.695473 -177.970587 -145.643015 -128.360725 -117.577455 -110.610094 -106.475781 -104.509902 -104.204914 -105.170765 -107.111519 -109.808361 -113.104803 -116.896750 -121.122625 -125.755705 -130.798401 -136.275745 -142.232520 -148.486929 -155.177773 -162.394957 -170.240136 -178.820303 -188.185253 -198.049761 -208.649314 -220.141739 -232.310129 -244.924075 -258.182062 -271.485182 -284.833947 -297.655736 -309.867263 -320.917462 -330.704182 -339.494630 -348.612649 -363.546572 -430.139002 -776.170967 -9999.0 -9999.0
-9999.0 -9999.0 1010.637776 909.686911 809.153585 709.787706 612.020948 516.013781 421.535254 327.878683 235.044885 147.182128 68.376719 3.582482 -40.979990 -57.936786 -52.573414 -33.391372 -5.889196 25.330375 57.149418 88.474338 117.508854 143.786628 166.761759 186.338804 201.791215 213.622540 221.622098 225.666684 225.687915 221.618742 213.345146 200.639929 183.923677 162.785243 137.345002 107.392182 73.304079 34.933790 -7.667939 -54.109560 -103.640067 -154.761786 -205.084326 -251.651199 -292.193092 -327.945653 -386.035151 -507.486041 -520.321756 -512.898692 -493.173156 -468.290812 -438.684812 -406.181455 -370.919707 -334.125166 -296.599681 -257.886345 -217.695473 -177.970587 -145.643015 -128.360725 -117.577455 -110.610094 -106.475781 -104.509902 -104.204914 -105.170765 -107.111519 -109.808361 -113.104803 -116.896750 -121.122625 -125.755705 -130.798401 -136.275745 -142.232520 -148.486929 -155.177773 -162.394956 -170.240136 -178.820303 -188.185253 -198.049761 -208.649314 -220.141738 -232.310128 -244.924075 -258.182062 -271.485181 -284.833947 -297.655735 -309.867262 -320.917462 -330.704181 -339.494629 -348.612648 -363.546572 -430.138999 -776.170965 -9999.0 -9999.0
-9999.0 -9999.0 -9999.0 -9999.0 -9999.0 -9999.0 -9999.0 -9999.0 -9999.0 -9999.0 -9999.0 -9999.0 -9999.0 -9999.0 -9999.0 -9999.0 -9999.0 -9999.0 -9999.0 -9999.0 -9999.0 -9999.0 -9999.0 -9999.0 -9999.0 -9999.0 -9999.0 -9999.0 -9999.0 -9999.0 -9999.0 -9999.0 -9999.0 -9999.0 -9999.0 -9999.0 -9999.0 -9999.0 -9999.0 -9999.0 -9999.0 -9999.0 -9999.0 -9999.0 -9999.0 -9999.0 -9999.0 -9999.0 -9999.0 -9999.0 -9999.0 -9999.0 -9999.0 -9999.0 -9999.0 -9999.0 -9999.0 -9999.0 -9999.0 -9999.0 -9999.0 -9999.0 -9999.0 -9999.0 -9999.0 -9999.0 -9999.0 -9999.0 -9999.0 -9999.0 -9999.0 -9999.0 -9999.0 -9999.0 -9999.0 -9999.0 -9999.0 -9999.0 -9999.0 -9999.0 -9999.0 -9999.0 -9999.0 -9999.0 -9999.0 -9999.0 -9999.0 -9999.0 -9999.0 -9999.0 -9999.0 -9999.0 -9999.0 -9999.0 -9999.0 -9999.0 -9999.0 -9999.0 -9999.0 -9999.0 -9999.0 -9999.0 -9999.0 -9999.0
-9999.0 -9999.0 -9999.0 -9999.0 -9999.0 -9999.0 -9999.0 -9999.0 -9999.0 -9999.0 -9999.0 -9999.0 -9999.0 -9999.0 -9999.0 -9999.0 -9999.0 -9999.0 -9999.0 -9999.0 -9999.0 -9999.0 -9999.0 -9999.0 -9999.0 -9999.0 -9999.0 -9999.0 -9999.0 -9999.0 -9999.0 -9999.0 -9999.0 -9999.0 -9999.0 -9999.0 -9999.0 -9999.0 -9999.0 -9999.0 -9999.0 -9999.0 -9999.0 -9999.0 -9999.0 -9999.0 -9999.0 -9999.0 -9999.0 -9999.0 -9999.0 -9999.0 -9999.0 -9999.0 -9999.0 -9999.0 -9999.0 -9999.0 -9999.0 -9999.0 -9999.0 -9999.0 -9999.0 -9999.0 -9999.0 -9999.0 -9999.0 -9999.0 -9999.0 -9999.0 -9999.0 -9999.0 -9999.0 -9999.0 -9999.0 -9999.0 -9999.0 -9999.0 -9999.0 -9999.0 -9999.0 -9999.0 -9999.0 -9999.0 -9999.0 -9999.0 -9999.0 -9999.0 -9999.0 -9999.0 -9999.0 -9999.0 -9999.0 -9999.0 -9999.0 -9999.0 -9999.0 -9999.0 -9999.0 -9999.0 -9999.0 -9999.0 -9999.0 -9999.0