examples/3D/hillslope02_superslab/output-maps-SE27XX/psiliqL0024N0001.asc
ncols         104
nrows         10
xllcorner     -2.000000
yllcorner     0.000000
cellsize      1.000000
NODATA_value  -9999.0
-9999.0 -9999.0 -9999.0 -9999.0 -9999.0 -9999.0 -9999.0 -9999.0 -9999.0 -9999.0 -9999.0 -9999.0 -9999.0 -9999.0 -9999.0 -9999.0 -9999.0 -9999.0 -9999.0 -9999.0 -9999.0 -9999.0 -9999.0 -9999.0 -9999.0 -9999.0 -9999.0 -9999.0 -9999.0 -9999.0 -9999.0 -9999.0 -9999.0 -9999.0 -9999.0 -9999.0 -9999.0 -9999.0 -9999.0 -9999.0 -9999.0 -9999.0 -9999.0 -9999.0 -9999.0 -9999.0 -9999.0 -9999.0 -9999.0 -9999.0 -9999.0 -9999.0 -9999.0 -9999.0 -9999.0 -9999.0 -9999.0 -9999.0 -9999.0 -9999.0 -9999.0 -9999.0 -9999.0 -9999.0 -9999.0 -9999.0 -9999.0 -9999.0 -9999.0 -9999.0 -9999.0 -9999.0 -9999.0 -9999.0 -9999.0 -9999.0 -9999.0 -9999.0 -9999.0 -9999.0 -9999.0 -9999.0 -9999.0 -9999.0 -9999.0 -9999.0 -9999.0 -9999.0 -9999.0 -9999.0 -9999.0 -9999.0 -9999.0 -9999.0 -9999.0 -9999.0 -9999.0 -9999.0 -9999.0 -9999.0 -9999.0 -9999.0 -9999.0 -9999.0
-9999.0 -9999.0 -9999.0 -9999.0 -9999.0 -9999.0 -9999.0 -9999.0 -9999.0 -9999.0 -9999.0 -9999.0 -9999.0 -9999.0 -9999.0 -9999.0 -9999.0 -9999.0 -9999.0 -9999.0 -9999.0 -9999.0 -9999.0 -9999.0 -9999.0 -9999.0 -9999.0 -9999.0 -9999.0 -9999.0 -9999.0 -9999.0 -9999.0 -9999.0 -9999.0 -9999.0 -9999.0 -9999.0 -9999.0 -9999.0 -9999.0 -9999.0 -9999.0 -9999.0 -9999.0 -9999.0 -9999.0 -9999.0 -9999.0 -9999.0 -9999.0 -9999.0 -9999.0 -9999.0 -9999.0 -9999.0 -9999.0 -9999.0 -9999.0 -9999.0 -9999.0 -9999.0 -9999.0 -9999.0 -9999.0 -9999.0 -9999.0 -9999.0 -9999.0 -9999.0 -9999.0 -9999.0 -9999.0 -9999.0 -9999.0 -9999.0 -9999.0 -9999.0 -9999.0 -9999.0 -9999.0 -9999.0 -9999.0 -9999.0 -9999.0 -9999.0 -9999.0 -9999.0 -9999.0 -9999.0 -9999.0 -9999.0 -9999.0 -9999.0 -9999.0 -9999.0 -9999.0 -9999.0 -9999.0 -9999.0 -9999.0 -9999.0 -9999.0 -9999.0
-9999.0 -9999.0 -320.201920 -346.958282 -353.563663 -355.057266 -354.761565 -352.259958 -344.427743 -331.363350 -356.579772 -366.616417 -373.042012 -381.139345 -386.664521 -382.378420 -380.220398 -379.650385 -380.014794 -380.995840 -382.371951 -383.929809 -277.935857 -203.240124 -149.544879 -109.440110 -152.838338 -240.792199 -215.153724 -205.835553 -214.005192 -227.391258 -240.101626 -250.670942 -259.445924 -266.218345 -270.917883 -273.883787 -275.262463 -273.476387 -263.038378 -245.093916 -2218.285244 -3786.981840 -3787.128711 -3787.128713 -3787.128713 -3787.128713 -3787.128713 -3787.128713 -3787.128713 -3787.128713 -3787.128713 -3787.128713 -3787.128713 -3787.128713 -3787.128713 -3787.128713 -3787.128713 -3787.128713 -3787.094944 -2753.670596 -294.498914 -338.586642 -351.427392 -354.753212 -355.609380 -355.830533 -355.887799 -355.902649 -355.906504 -355.907507 -355.907768 -355.907837 -355.907856 -355.907861 -355.907862 -355.907863 -355.907863 -355.907863 -355.907863 -355.907863 -355.907864 -355.907864 -355.907864 -355.907864 -355.907865 -355.907866 -355.907870 -355.907880 -355.907912 -355.908023 -355.908427 -355.909916 -355.915440 -355.935984 -356.012250 -356.293100 -357.306980 -360.827685 -372.370511 -408.399273 -9999.0 -9999.0
-9999.0 -9999.0 -320.201920 -346.958282 -353.563663 -355.057266 -354.761565 -352.259958 -344.427743 -331.363350 -356.579772 -366.616417 -373.042012 -381.139346 -386.664522 -382.378420 -380.220399 -379.650385 -380.014794 -380.995840 -382.371951 -383.929809 -277.935857 -203.240124 -149.544880 -109.440110 -152.838338 -240.792199 -215.153724 -205.835553 -214.005193 -227.391258 -240.101626 -250.670942 -259.445924 -266.218345 -270.917883 -273.883787 -275.262463 -273.476387 -263.038378 -245.093916 -2218.285244 -3786.981840 -3787.128711 -3787.128713 -3787.128713 -3787.128713 -3787.128713 -3787.128713 -3787.128713 -3787.128713 -3787.128713 -3787.128713 -3787.128713 -3787.128713 -3787.128713 -3787.128713 -3787.128713 -3787.128713 -3787.094944 -2753.670596 -294.498914 -338.586642 -351.427392 -354.753212 -355.609380 -355.830533 -355.887799 -355.902649 -355.906504 -355.907507 -355.907768 -355.907837 -355.907856 -355.907861 -355.907862 -355.907863 -355.907863 -355.907863 -355.907863 -355.907863 -355.907864 -355.907864 -355.907864 -355.907864 -355.907865 -355.907866 -355.907870 -355.907880 -355.907912 -355.908023 -355.908427 -355.909916 -355.915440 -355.935984 -356.012250 -356.293100 -357.306980 -360.827685 -372.370511 -408.399273 -9999.0 -9999.0
-9999.0 -9999.0 -320.201920 -346.958282 -353.563663 -355.057266 -354.761565 -352.259958 -344.427743 -331.363350 -356.579772 -366.616417 -373.042013 -381.139346 -386.664522 -382.378420 -380.220399 -379.650385 -380.014794 -380.995840 -382.371951 -383.929809 -277.935857 -203.240124 -149.544880 -109.440111 -152.838339 -240.792200 -215.153725 -205.835553 -214.005193 -227.391258 -240.101626 -250.670942 -259.445924 -266.218345 -270.917883 -273.883787 -275.262463 -273.476387 -263.038378 -245.093916 -2218.285244 -3786.981840 -3787.128711 -3787.128713 -3787.128713 -3787.128713 -3787.128713 -3787.128713 -3787.128713 -3787.128713 -3787.128713 -3787.128713 -3787.128713 -3787.128713 -3787.128713 -3787.128713 -3787.128713 -3787.128713 -3787.094944 -2753.670596 -294.498914 -338.586642 -351.427392 -354.753212 -355.609380 -355.830533 -355.887799 -355.902649 -355.906504 -355.907507 -355.907768 -355.907837 -355.907856 -355.907861 -355.907862 -355.907863 -355.907863 -355.907863 -355.907863 -355.907863 -355.907864 -355.907864 -355.907864 -355.907864 -355.907865 -355.907867 -355.907870 -355.907880 -355.907912 -355.908023 -355.908427 -355.909916 -355.915440 -355.935984 -356.012250 -356.293100 -357.306980 -360.827685 -372.370511 -408.399273 -9999.0 -9999.0
-9999.0 -9999.0 -320.201920 -346.958282 -353.563663 -355.057266 -354.761565 -352.259958 -344.427743 -331.363350 -356.579772 -366.616417 -373.042013 -381.139346 -386.664522 -382.378420 -380.220399 -379.650385 -380.014794 -380.995840 -382.371951 -383.929809 -277.935857 -203.240124 -149.544880 -109.440111 -152.838339 -240.792200 -215.153725 -205.835553 -214.005193 -227.391258 -240.101626 -250.670942 -259.445924 -266.218345 -270.917883 -273.883787 -275.262463 -273.476387 -263.038378 -245.093916 -2218.285244 -3786.981840 -3787.128711 -3787.128713 -3787.128713 -3787.128713 -3787.128713 -3787.128713 -3787.128713 -3787.128713 -3787.128713 -3787.128713 -3787.128713 -3787.128713 -3787.128713 -3787.128713 -3787.128713 -3787.128713 -3787.094944 -2753.670596 -294.498914 -338.586642 -351.427392 -354.753212 -355.609380 -355.830533 -355.887799 -355.902649 -355.906504 -355.907507 -355.907768 -355.907837 -355.907856 -355.907861 -355.907862 -355.907863 -355.907863 -355.907863 -355.907863 -355.907863 -355.907864 -355.907864 -355.907864 -355.907864 -355.907865 -355.907867 -355.907870 -355.907880 -355.907912 -355.908023 -355.908427 -355.909916 -355.915440 -355.935984 -356.012250 -356.293100 -357.306980 -360.827685 -372.370511 -408.399273 -9999.0 -9999.0
-9999.0 -9999.0 -320.201920 -346.958282 -353.563663 -355.057266 -354.761565 -352.259958 -344.427743 -331.363350 -356.579772 -366.616417 -373.042012 -381.139346 -386.664522 -382.378420 -380.220399 -379.650385 -380.014794 -380.995840 -382.371951 -383.929809 -277.935857 -203.240124 -149.544880 -109.440110 -152.838338 -240.792199 -215.153724 -205.835553 -214.005193 -227.391258 -240.101626 -250.670942 -259.445924 -266.218345 -270.917883 -273.883787 -275.262463 -273.476387 -263.038378 -245.093916 -2218.285244 -3786.981840 -3787.128711 -3787.128713 -3787.128713 -3787.128713 -3787.128713 -3787.128713 -3787.128713 -3787.128713 -3787.128713 -3787.128713 -3787.128713 -3787.128713 -3787.128713 -3787.128713 -3787.128713 -3787.128713 -3787.094944 -2753.670596 -294.498914 -338.586642 -351.427392 -354.753212 -355.609380 -355.830533 -355.887799 -355.902649 -355.906504 -355.907507 -355.907768 -355.907837 -355.907856 -355.907861 -355.907862 -355.907863 -355.907863 -355.907863 -355.907863 -355.907863 -355.907864 -355.907864 -355.907864 -355.907864 -355.907865 -355.907866 -355.907870 -355.907880 -355.907912 -355.908023 -355.908427 -355.909916 -355.915440 -355.935984 -356.012250 -356.293100 -357.306980 -360.827685 -372.370511 -408.399273 -9999.0 -9999.0
-9999.0 -9999.0 -320.201920 -346.958282 -353.563663 -355.057266 -354.761565 -352.259958 -344.427743 -331.363350 -356.579772 -366.616417 -373.042012 -381.139345 -386.664521 -382.378420 -380.220398 -379.650385 -380.014794 -380.995840 -382.371951 -383.929809 -277.935857 -203.240124 -149.544879 -109.440110 -152.838338 -240.792199 -215.153724 -205.835553 -214.005192 -227.391258 -240.101626 -250.670942 -259.445924 -266.218345 -270.917883 -273.883787 -275.262463 -273.476387 -263.038378 -245.093916 -2218.285244 -3786.981840 -3787.128711 -3787.128713 -3787.128713 -3787.128713 -3787.128713 -3787.128713 -3787.128713 -3787.128713 -3787.128713 -3787.128713 -3787.128713 -3787.128713 -3787.128713 -3787.128713 -3787.128713 -3787.128713 -3787.094944 -2753.670596 -294.498914 -338.586642 -351.427392 -354.753212 -355.609380 -355.830533 -355.887799 -355.902649 -355.906504 -355.907507 -355.907768 -355.907837 -355.907856 -355.907861 -355.907862 -355.907863 -355.907863 -355.907863 -355.907863 -355.907863 -355.907864 -355.907864 -355.907864 -355.907864 -355.907865 -355.907866 -355.907870 -355.907880 -355.907912 -355.908023 -355.908427 -355.909916 -355.915440 -355.935984 -356.012250 -356.293100 -357.306980 -360.827685 -372.370511 -408.399273 -9999.0 -9999.0
-9999.0 -9999.0 -9999.0 -9999.0 -9999.0 -9999.0 -9999.0 -9999.0 -9999.0 -9999.0 -9999.0 -9999.0 -9999.0 -9999.0 -9999.0 -9999.0 -9999.0 -9999.0 -9999.0 -9999.0 -9999.0 -9999.0 -9999.0 -9999.0 -9999.0 -9999.0 -9999.0 -9999.0 -9999.0 -9999.0 -9999.0 -9999.0 -9999.0 -9999.0 -9999.0 -9999.0 -9999.0 -9999.0 -9999.0 -9999.0 -9999.0 -9999.0 -9999.0 -9999.0 -9999.0 -9999.0 -9999.0 -9999.0 -9999.0 -9999.0 -9999.0 -9999.0 -9999.0 -9999.0 -9999.0 -9999.0 -9999.0 -9999.0 -9999.0 -9999.0 -9999.0 -9999.0 -9999.0 -9999.0 -9999.0 -9999.0 -9999.0 -9999.0 -9999.0 -9999.0 -9999.0 -9999.0 -9999.0 -9999.0 -9999.0 -9999.0 -9999.0 -9999.0 -9999.0 -9999.0 -9999.0 -9999.0 -9999.0 -9999.0 -9999.0 -9999.0 -9999.0 -9999.0 -9999.0 -9999.0 -9999.0 -9999.0 -9999.0 -9999.0 -9999.0 -9999.0 -9999.0 -9999.0 -9999.0 -9999.0 -9999.0 -9999.0 -9999.0 -9999.0
-9999.0 -9999.0 -9999.0 -9999.0 -9999.0 -9999.0 -9999.0 -9999.0 -9999.0 -9999.0 -9999.0 -9999.0 -9999.0 -9999.0 -9999.0 -9999.0 -9999.0 -9999.0 -9999.0 -9999.0 -9999.0 -9999.0 -9999.0 -9999.0 -9999.0 -9999.0 -9999.0 -9999.0 -9999.0 -9999.0 -9999.0 -9999.0 -9999.0 -9999.0 -9999.0 -9999.0 -9999.0 -9999.0 -9999.0 -9999.0 -9999.0 -9999.0 -9999.0 -9999.0 -9999.0 -9999.0 -9999.0 -9999.0 -9999.0 -9999.0 -9999.0 -9999.0 -9999.0 -9999.0 -9999.0 -9999.0 -9999.0 -9999.0 -9999.0 -9999.0 -9999.0 -9999.0 -9999.0 -9999.0 -9999.0 -9999.0 -9999.0 -9999.0 -9999.0 -9999.0 -9999.0 -9999.0 -9999.0 -9999.0 -9999.0 -9999.0 -9999.0 -9999.0 -9999.0 -9999.0 -9999.0 -9999.0 -9999.0 -9999.0 -9999.0 -9999.0 -9999.0 -9999.0 -9999.0 -9999.0 -9999.0 -9999.0 -9999.0 -9999.0 -9999.0 -9999.0 -9999.0 -9999.0 -9999.0 -9999.0 -9999.0 -9999.0 -9999.0 -9999.0