examples/3D/hillslope02_superslab/output-maps-SE27XX/psiliqL0016N0002.asc
ncols         104
nrows         10
xllcorner     -2.000000
yllcorner     0.000000
cellsize      1.000000
NODATA_value  -9999.0
-9999.0 -9999.0 -9999.0 -9999.0 -9999.0 -9999.0 -9999.0 -9999.0 -9999.0 -9999.0 -9999.0 -9999.0 -9999.0 -9999.0 -9999.0 -9999.0 -9999.0 -9999.0 -9999.0 -9999.0 -9999.0 -9999.0 -9999.0 -9999.0 -9999.0 -9999.0 -9999.0 -9999.0 -9999.0 -9999.0 -9999.0 -9999.0 -9999.0 -9999.0 -9999.0 -9999.0 -9999.0 -9999.0 -9999.0 -9999.0 -9999.0 -9999.0 -9999.0 -9999.0 -9999.0 -9999.0 -9999.0 -9999.0 -9999.0 -9999.0 -9999.0 -9999.0 -9999.0 -9999.0 -9999.0 -9999.0 -9999.0 -9999.0 -9999.0 -9999.0 -9999.0 -9999.0 -9999.0 -9999.0 -9999.0 -9999.0 -9999.0 -9999.0 -9999.0 -9999.0 -9999.0 -9999.0 -9999.0 -9999.0 -9999.0 -9999.0 -9999.0 -9999.0 -9999.0 -9999.0 -9999.0 -9999.0 -9999.0 -9999.0 -9999.0 -9999.0 -9999.0 -9999.0 -9999.0 -9999.0 -9999.0 -9999.0 -9999.0 -9999.0 -9999.0 -9999.0 -9999.0 -9999.0 -9999.0 -9999.0 -9999.0 -9999.0 -9999.0 -9999.0
-9999.0 -9999.0 -9999.0 -9999.0 -9999.0 -9999.0 -9999.0 -9999.0 -9999.0 -9999.0 -9999.0 -9999.0 -9999.0 -9999.0 -9999.0 -9999.0 -9999.0 -9999.0 -9999.0 -9999.0 -9999.0 -9999.0 -9999.0 -9999.0 -9999.0 -9999.0 -9999.0 -9999.0 -9999.0 -9999.0 -9999.0 -9999.0 -9999.0 -9999.0 -9999.0 -9999.0 -9999.0 -9999.0 -9999.0 -9999.0 -9999.0 -9999.0 -9999.0 -9999.0 -9999.0 -9999.0 -9999.0 -9999.0 -9999.0 -9999.0 -9999.0 -9999.0 -9999.0 -9999.0 -9999.0 -9999.0 -9999.0 -9999.0 -9999.0 -9999.0 -9999.0 -9999.0 -9999.0 -9999.0 -9999.0 -9999.0 -9999.0 -9999.0 -9999.0 -9999.0 -9999.0 -9999.0 -9999.0 -9999.0 -9999.0 -9999.0 -9999.0 -9999.0 -9999.0 -9999.0 -9999.0 -9999.0 -9999.0 -9999.0 -9999.0 -9999.0 -9999.0 -9999.0 -9999.0 -9999.0 -9999.0 -9999.0 -9999.0 -9999.0 -9999.0 -9999.0 -9999.0 -9999.0 -9999.0 -9999.0 -9999.0 -9999.0 -9999.0 -9999.0
-9999.0 -9999.0 -322.043483 -347.328283 -353.226285 -353.430407 -349.436345 -339.463891 -322.682325 -300.468568 -338.830211 -354.159022 -364.736295 -375.767240 -379.088548 -369.365477 -363.393629 -359.414155 -197.397159 -49.349859 105.056423 269.526884 318.942533 244.788136 171.253519 98.379413 26.822609 -43.358371 -110.792955 -173.189491 -225.881672 -260.370945 -273.194098 -274.045288 -272.752948 -272.503833 -273.225614 -274.328767 -275.112470 -273.658178 -263.695390 -240.137962 -2523.146892 -4182.776278 -4183.168314 -4183.168317 -4183.168317 -4183.168317 -4183.168317 -4183.168317 -4183.168317 -4183.168317 -4183.168317 -4183.168317 -4183.168317 -4183.168317 -4183.168317 -4183.168317 -4183.168317 -4183.168314 -4182.718401 -2508.929233 -293.138782 -339.159913 -351.611402 -354.788269 -355.604532 -355.815446 -355.870052 -355.884198 -355.887863 -355.888812 -355.889058 -355.889122 -355.889138 -355.889143 -355.889144 -355.889144 -355.889144 -355.889144 -355.889144 -355.889144 -355.889144 -355.889144 -355.889144 -355.889144 -355.889144 -355.889145 -355.889146 -355.889153 -355.889175 -355.889261 -355.889581 -355.890778 -355.895257 -355.911999 -355.974467 -356.206411 -357.056703 -360.087204 -370.364009 -403.133122 -9999.0 -9999.0
-9999.0 -9999.0 -322.043483 -347.328284 -353.226285 -353.430407 -349.436346 -339.463892 -322.682325 -300.468567 -338.830210 -354.159021 -364.736294 -375.767240 -379.088548 -369.365477 -363.393629 -359.414155 -197.397159 -49.349859 105.056423 269.526884 318.942533 244.788136 171.253519 98.379413 26.822609 -43.358371 -110.792955 -173.189491 -225.881672 -260.370945 -273.194098 -274.045288 -272.752948 -272.503833 -273.225614 -274.328767 -275.112470 -273.658178 -263.695390 -240.137962 -2523.146892 -4182.776278 -4183.168314 -4183.168317 -4183.168317 -4183.168317 -4183.168317 -4183.168317 -4183.168317 -4183.168317 -4183.168317 -4183.168317 -4183.168317 -4183.168317 -4183.168317 -4183.168317 -4183.168317 -4183.168314 -4182.718401 -2508.929233 -293.138781 -339.159915 -351.611403 -354.788269 -355.604534 -355.815448 -355.870054 -355.884200 -355.887865 -355.888815 -355.889061 -355.889124 -355.889141 -355.889145 -355.889146 -355.889146 -355.889147 -355.889147 -355.889147 -355.889147 -355.889147 -355.889147 -355.889147 -355.889147 -355.889147 -355.889147 -355.889149 -355.889155 -355.889178 -355.889263 -355.889583 -355.890781 -355.895260 -355.912001 -355.974470 -356.206414 -357.056707 -360.087202 -370.364016 -403.133120 -9999.0 -9999.0
-9999.0 -9999.0 -322.043484 -347.328285 -353.226287 -353.430409 -349.436347 -339.463893 -322.682326 -300.468567 -338.830209 -354.159021 -364.736294 -375.767240 -379.088548 -369.365477 -363.393629 -359.414155 -197.397159 -49.349859 105.056423 269.526884 318.942533 244.788136 171.253518 98.379413 26.822609 -43.358371 -110.792955 -173.189491 -225.881672 -260.370946 -273.194098 -274.045288 -272.752947 -272.503833 -273.225613 -274.328767 -275.112470 -273.658178 -263.695390 -240.137962 -2523.146892 -4182.776278 -4183.168314 -4183.168317 -4183.168317 -4183.168317 -4183.168317 -4183.168317 -4183.168317 -4183.168317 -4183.168317 -4183.168317 -4183.168317 -4183.168317 -4183.168317 -4183.168317 -4183.168317 -4183.168314 -4182.718401 -2508.929233 -293.138781 -339.159915 -351.611405 -354.788272 -355.604537 -355.815451 -355.870058 -355.884204 -355.887869 -355.888818 -355.889064 -355.889128 -355.889144 -355.889149 -355.889150 -355.889150 -355.889150 -355.889150 -355.889150 -355.889150 -355.889150 -355.889150 -355.889150 -355.889150 -355.889150 -355.889151 -355.889152 -355.889158 -355.889181 -355.889267 -355.889587 -355.890784 -355.895263 -355.912005 -355.974474 -356.206417 -357.056710 -360.087208 -370.364018 -403.133127 -9999.0 -9999.0
-9999.0 -9999.0 -322.043484 -347.328285 -353.226287 -353.430409 -349.436347 -339.463893 -322.682326 -300.468567 -338.830209 -354.159021 -364.736294 -375.767240 -379.088548 -369.365477 -363.393629 -359.414155 -197.397159 -49.349859 105.056423 269.526884 318.942533 244.788136 171.253518 98.379413 26.822609 -43.358371 -110.792955 -173.189491 -225.881672 -260.370946 -273.194098 -274.045288 -272.752947 -272.503833 -273.225613 -274.328767 -275.112470 -273.658178 -263.695390 -240.137962 -2523.146892 -4182.776278 -4183.168314 -4183.168317 -4183.168317 -4183.168317 -4183.168317 -4183.168317 -4183.168317 -4183.168317 -4183.168317 -4183.168317 -4183.168317 -4183.168317 -4183.168317 -4183.168317 -4183.168317 -4183.168314 -4182.718401 -2508.929233 -293.138781 -339.159915 -351.611405 -354.788272 -355.604537 -355.815451 -355.870058 -355.884204 -355.887869 -355.888818 -355.889064 -355.889128 -355.889144 -355.889149 -355.889150 -355.889150 -355.889150 -355.889150 -355.889150 -355.889150 -355.889150 -355.889150 -355.889150 -355.889150 -355.889150 -355.889151 -355.889152 -355.889158 -355.889181 -355.889267 -355.889587 -355.890784 -355.895263 -355.912005 -355.974474 -356.206417 -357.056710 -360.087208 -370.364018 -403.133127 -9999.0 -9999.0
-9999.0 -9999.0 -322.043483 -347.328284 -353.226285 -353.430407 -349.436346 -339.463892 -322.682325 -300.468567 -338.830210 -354.159021 -364.736294 -375.767240 -379.088548 -369.365477 -363.393629 -359.414155 -197.397159 -49.349859 105.056423 269.526884 318.942533 244.788136 171.253519 98.379413 26.822609 -43.358371 -110.792955 -173.189491 -225.881672 -260.370945 -273.194098 -274.045288 -272.752948 -272.503833 -273.225614 -274.328767 -275.112470 -273.658178 -263.695390 -240.137962 -2523.146892 -4182.776278 -4183.168314 -4183.168317 -4183.168317 -4183.168317 -4183.168317 -4183.168317 -4183.168317 -4183.168317 -4183.168317 -4183.168317 -4183.168317 -4183.168317 -4183.168317 -4183.168317 -4183.168317 -4183.168314 -4182.718401 -2508.929233 -293.138781 -339.159915 -351.611403 -354.788269 -355.604534 -355.815448 -355.870054 -355.884200 -355.887865 -355.888815 -355.889061 -355.889124 -355.889141 -355.889145 -355.889146 -355.889146 -355.889147 -355.889147 -355.889147 -355.889147 -355.889147 -355.889147 -355.889147 -355.889147 -355.889147 -355.889147 -355.889149 -355.889155 -355.889178 -355.889263 -355.889583 -355.890781 -355.895260 -355.912001 -355.974470 -356.206414 -357.056707 -360.087202 -370.364016 -403.133120 -9999.0 -9999.0
-9999.0 -9999.0 -322.043483 -347.328283 -353.226285 -353.430407 -349.436345 -339.463891 -322.682325 -300.468568 -338.830211 -354.159022 -364.736295 -375.767240 -379.088548 -369.365477 -363.393629 -359.414155 -197.397159 -49.349859 105.056423 269.526884 318.942533 244.788136 171.253519 98.379413 26.822609 -43.358371 -110.792955 -173.189491 -225.881672 -260.370945 -273.194098 -274.045288 -272.752948 -272.503833 -273.225614 -274.328767 -275.112470 -273.658178 -263.695390 -240.137962 -2523.146892 -4182.776278 -4183.168314 -4183.168317 -4183.168317 -4183.168317 -4183.168317 -4183.168317 -4183.168317 -4183.168317 -4183.168317 -4183.168317 -4183.168317 -4183.168317 -4183.168317 -4183.168317 -4183.168317 -4183.168314 -4182.718401 -2508.929233 -293.138782 -339.159913 -351.611402 -354.788269 -355.604532 -355.815446 -355.870052 -355.884198 -355.887863 -355.888812 -355.889058 -355.889122 -355.889138 -355.889143 -355.889144 -355.889144 -355.889144 -355.889144 -355.889144 -355.889144 -355.889144 -355.889144 -355.889144 -355.889144 -355.889144 -355.889145 -355.889146 -355.889153 -355.889175 -355.889261 -355.889581 -355.890778 -355.895257 -355.911999 -355.974467 -356.206411 -357.056703 -360.087204 -370.364009 -403.133122 -9999.0 -9999.0
-9999.0 -9999.0 -9999.0 -9999.0 -9999.0 -9999.0 -9999.0 -9999.0 -9999.0 -9999.0 -9999.0 -9999.0 -9999.0 -9999.0 -9999.0 -9999.0 -9999.0 -9999.0 -9999.0 -9999.0 -9999.0 -9999.0 -9999.0 -9999.0 -9999.0 -9999.0 -9999.0 -9999.0 -9999.0 -9999.0 -9999.0 -9999.0 -9999.0 -9999.0 -9999.0 -9999.0 -9999.0 -9999.0 -9999.0 -9999.0 -9999.0 -9999.0 -9999.0 -9999.0 -9999.0 -9999.0 -9999.0 -9999.0 -9999.0 -9999.0 -9999.0 -9999.0 -9999.0 -9999.0 -9999.0 -9999.0 -9999.0 -9999.0 -9999.0 -9999.0 -9999.0 -9999.0 -9999.0 -9999.0 -9999.0 -9999.0 -9999.0 -9999.0 -9999.0 -9999.0 -9999.0 -9999.0 -9999.0 -9999.0 -9999.0 -9999.0 -9999.0 -9999.0 -9999.0 -9999.0 -9999.0 -9999.0 -9999.0 -9999.0 -9999.0 -9999.0 -9999.0 -9999.0 -9999.0 -9999.0 -9999.0 -9999.0 -9999.0 -9999.0 -9999.0 -9999.0 -9999.0 -9999.0 -9999.0 -9999.0 -9999.0 -9999.0 -9999.0 -9999.0
-9999.0 -9999.0 -9999.0 -9999.0 -9999.0 -9999.0 -9999.0 -9999.0 -9999.0 -9999.0 -9999.0 -9999.0 -9999.0 -9999.0 -9999.0 -9999.0 -9999.0 -9999.0 -9999.0 -9999.0 -9999.0 -9999.0 -9999.0 -9999.0 -9999.0 -9999.0 -9999.0 -9999.0 -9999.0 -9999.0 -9999.0 -9999.0 -9999.0 -9999.0 -9999.0 -9999.0 -9999.0 -9999.0 -9999.0 -9999.0 -9999.0 -9999.0 -9999.0 -9999.0 -9999.0 -9999.0 -9999.0 -9999.0 -9999.0 -9999.0 -9999.0 -9999.0 -9999.0 -9999.0 -9999.0 -9999.0 -9999.0 -9999.0 -9999.0 -9999.0 -9999.0 -9999.0 -9999.0 -9999.0 -9999.0 -9999.0 -9999.0 -9999.0 -9999.0 -9999.0 -9999.0 -9999.0 -9999.0 -9999.0 -9999.0 -9999.0 -9999.0 -9999.0 -9999.0 -9999.0 -9999.0 -9999.0 -9999.0 -9999.0 -9999.0 -9999.0 -9999.0 -9999.0 -9999.0 -9999.0 -9999.0 -9999.0 -9999.0 -9999.0 -9999.0 -9999.0 -9999.0 -9999.0 -9999.0 -9999.0 -9999.0 -9999.0 -9999.0 -9999.0