examples/3D/hillslope02_superslab/output-maps-SE27XX/psiliqL0052N0002.asc
ncols         104
nrows         10
xllcorner     -2.000000
yllcorner     0.000000
cellsize      1.000000
NODATA_value  -9999.0
-9999.0 -9999.0 -9999.0 -9999.0 -9999.0 -9999.0 -9999.0 -9999.0 -9999.0 -9999.0 -9999.0 -9999.0 -9999.0 -9999.0 -9999.0 -9999.0 -9999.0 -9999.0 -9999.0 -9999.0 -9999.0 -9999.0 -9999.0 -9999.0 -9999.0 -9999.0 -9999.0 -9999.0 -9999.0 -9999.0 -9999.0 -9999.0 -9999.0 -9999.0 -9999.0 -9999.0 -9999.0 -9999.0 -9999.0 -9999.0 -9999.0 -9999.0 -9999.0 -9999.0 -9999.0 -9999.0 -9999.0 -9999.0 -9999.0 -9999.0 -9999.0 -9999.0 -9999.0 -9999.0 -9999.0 -9999.0 -9999.0 -9999.0 -9999.0 -9999.0 -9999.0 -9999.0 -9999.0 -9999.0 -9999.0 -9999.0 -9999.0 -9999.0 -9999.0 -9999.0 -9999.0 -9999.0 -9999.0 -9999.0 -9999.0 -9999.0 -9999.0 -9999.0 -9999.0 -9999.0 -9999.0 -9999.0 -9999.0 -9999.0 -9999.0 -9999.0 -9999.0 -9999.0 -9999.0 -9999.0 -9999.0 -9999.0 -9999.0 -9999.0 -9999.0 -9999.0 -9999.0 -9999.0 -9999.0 -9999.0 -9999.0 -9999.0 -9999.0 -9999.0
-9999.0 -9999.0 -9999.0 -9999.0 -9999.0 -9999.0 -9999.0 -9999.0 -9999.0 -9999.0 -9999.0 -9999.0 -9999.0 -9999.0 -9999.0 -9999.0 -9999.0 -9999.0 -9999.0 -9999.0 -9999.0 -9999.0 -9999.0 -9999.0 -9999.0 -9999.0 -9999.0 -9999.0 -9999.0 -9999.0 -9999.0 -9999.0 -9999.0 -9999.0 -9999.0 -9999.0 -9999.0 -9999.0 -9999.0 -9999.0 -9999.0 -9999.0 -9999.0 -9999.0 -9999.0 -9999.0 -9999.0 -9999.0 -9999.0 -9999.0 -9999.0 -9999.0 -9999.0 -9999.0 -9999.0 -9999.0 -9999.0 -9999.0 -9999.0 -9999.0 -9999.0 -9999.0 -9999.0 -9999.0 -9999.0 -9999.0 -9999.0 -9999.0 -9999.0 -9999.0 -9999.0 -9999.0 -9999.0 -9999.0 -9999.0 -9999.0 -9999.0 -9999.0 -9999.0 -9999.0 -9999.0 -9999.0 -9999.0 -9999.0 -9999.0 -9999.0 -9999.0 -9999.0 -9999.0 -9999.0 -9999.0 -9999.0 -9999.0 -9999.0 -9999.0 -9999.0 -9999.0 -9999.0 -9999.0 -9999.0 -9999.0 -9999.0 -9999.0 -9999.0
-9999.0 -9999.0 -313.508958 -344.632726 -352.329351 -352.682441 -348.232982 -337.589816 -322.057326 -312.157996 -339.779030 -355.870374 -366.539064 -374.890828 -375.859685 -368.960297 -363.745158 -360.113396 -357.237846 -354.746712 -352.499805 -350.404273 -348.396124 -346.420010 -344.444279 -342.446361 -340.417295 -338.360812 -336.271345 -334.166652 -332.072906 -330.048507 -328.220930 -326.740323 -325.725920 -325.179555 -84.010805 135.689707 344.551329 535.949136 550.508150 391.893669 213.498811 32.643714 -142.870929 -315.331912 -514.399422 -817.059546 -1841.746832 -2399.361296 -2400.988521 -2400.990106 -2400.990099 -2400.990099 -2400.990099 -2400.990099 -2400.990080 -2400.976980 -2393.214051 -1635.067879 -688.007628 -434.574229 -317.695782 -337.909647 -350.676137 -354.517161 -355.533955 -355.797243 -355.865329 -355.882955 -355.887522 -355.888705 -355.889012 -355.889093 -355.889114 -355.889121 -355.889123 -355.889124 -355.889125 -355.889126 -355.889127 -355.889128 -355.889129 -355.889130 -355.889131 -355.889132 -355.889133 -355.889136 -355.889141 -355.889156 -355.889212 -355.889418 -355.890183 -355.893037 -355.903642 -355.942724 -356.084274 -356.580583 -358.229565 -363.302481 -377.573894 -414.970244 -9999.0 -9999.0
-9999.0 -9999.0 -313.508959 -344.632727 -352.329352 -352.682441 -348.232982 -337.589816 -322.057326 -312.157995 -339.779029 -355.870373 -366.539064 -374.890828 -375.859685 -368.960297 -363.745158 -360.113396 -357.237846 -354.746712 -352.499805 -350.404273 -348.396124 -346.420010 -344.444279 -342.446361 -340.417295 -338.360812 -336.271345 -334.166652 -332.072906 -330.048507 -328.220930 -326.740323 -325.725920 -325.179555 -84.010805 135.689707 344.551329 535.949136 550.508150 391.893669 213.498811 32.643714 -142.870929 -315.331912 -514.399422 -817.059546 -1841.746832 -2399.361296 -2400.988521 -2400.990106 -2400.990099 -2400.990099 -2400.990099 -2400.990099 -2400.990080 -2400.976980 -2393.214050 -1635.067878 -688.007628 -434.574229 -317.695782 -337.909648 -350.676138 -354.517162 -355.533956 -355.797245 -355.865332 -355.882958 -355.887524 -355.888708 -355.889015 -355.889095 -355.889117 -355.889123 -355.889125 -355.889126 -355.889128 -355.889128 -355.889129 -355.889130 -355.889131 -355.889132 -355.889133 -355.889134 -355.889136 -355.889138 -355.889143 -355.889159 -355.889214 -355.889420 -355.890186 -355.893039 -355.903644 -355.942726 -356.084276 -356.580586 -358.229569 -363.302486 -377.573899 -414.970246 -9999.0 -9999.0
-9999.0 -9999.0 -313.508960 -344.632728 -352.329353 -352.682442 -348.232983 -337.589817 -322.057326 -312.157995 -339.779029 -355.870373 -366.539063 -374.890828 -375.859685 -368.960297 -363.745158 -360.113396 -357.237846 -354.746712 -352.499805 -350.404273 -348.396124 -346.420010 -344.444279 -342.446361 -340.417295 -338.360812 -336.271345 -334.166652 -332.072906 -330.048507 -328.220930 -326.740323 -325.725920 -325.179555 -84.010805 135.689707 344.551329 535.949136 550.508150 391.893669 213.498811 32.643714 -142.870929 -315.331912 -514.399422 -817.059546 -1841.746832 -2399.361296 -2400.988521 -2400.990106 -2400.990099 -2400.990099 -2400.990099 -2400.990099 -2400.990080 -2400.976980 -2393.214050 -1635.067878 -688.007627 -434.574228 -317.695782 -337.909648 -350.676139 -354.517164 -355.533959 -355.797248 -355.865335 -355.882961 -355.887527 -355.888710 -355.889018 -355.889098 -355.889120 -355.889126 -355.889128 -355.889129 -355.889130 -355.889131 -355.889132 -355.889133 -355.889134 -355.889135 -355.889136 -355.889137 -355.889139 -355.889141 -355.889146 -355.889162 -355.889217 -355.889423 -355.890188 -355.893042 -355.903647 -355.942729 -356.084279 -356.580589 -358.229573 -363.302491 -377.573905 -414.970249 -9999.0 -9999.0
-9999.0 -9999.0 -313.508960 -344.632728 -352.329353 -352.682442 -348.232983 -337.589817 -322.057326 -312.157995 -339.779029 -355.870373 -366.539063 -374.890828 -375.859685 -368.960297 -363.745158 -360.113396 -357.237846 -354.746712 -352.499805 -350.404273 -348.396124 -346.420010 -344.444279 -342.446361 -340.417295 -338.360812 -336.271345 -334.166652 -332.072906 -330.048507 -328.220930 -326.740323 -325.725920 -325.179555 -84.010805 135.689707 344.551329 535.949136 550.508150 391.893669 213.498811 32.643714 -142.870929 -315.331912 -514.399422 -817.059546 -1841.746832 -2399.361296 -2400.988521 -2400.990106 -2400.990099 -2400.990099 -2400.990099 -2400.990099 -2400.990080 -2400.976980 -2393.214050 -1635.067878 -688.007627 -434.574228 -317.695782 -337.909648 -350.676139 -354.517164 -355.533959 -355.797248 -355.865335 -355.882961 -355.887527 -355.888710 -355.889018 -355.889098 -355.889120 -355.889126 -355.889128 -355.889129 -355.889130 -355.889131 -355.889132 -355.889133 -355.889134 -355.889135 -355.889136 -355.889137 -355.889139 -355.889141 -355.889146 -355.889162 -355.889217 -355.889423 -355.890188 -355.893042 -355.903647 -355.942729 -356.084279 -356.580589 -358.229573 -363.302491 -377.573905 -414.970249 -9999.0 -9999.0
-9999.0 -9999.0 -313.508959 -344.632727 -352.329352 -352.682441 -348.232982 -337.589816 -322.057326 -312.157995 -339.779029 -355.870373 -366.539064 -374.890828 -375.859685 -368.960297 -363.745158 -360.113396 -357.237846 -354.746712 -352.499805 -350.404273 -348.396124 -346.420010 -344.444279 -342.446361 -340.417295 -338.360812 -336.271345 -334.166652 -332.072906 -330.048507 -328.220930 -326.740323 -325.725920 -325.179555 -84.010805 135.689707 344.551329 535.949136 550.508150 391.893669 213.498811 32.643714 -142.870929 -315.331912 -514.399422 -817.059546 -1841.746832 -2399.361296 -2400.988521 -2400.990106 -2400.990099 -2400.990099 -2400.990099 -2400.990099 -2400.990080 -2400.976980 -2393.214050 -1635.067878 -688.007628 -434.574229 -317.695782 -337.909648 -350.676138 -354.517162 -355.533956 -355.797245 -355.865332 -355.882958 -355.887524 -355.888708 -355.889015 -355.889095 -355.889117 -355.889123 -355.889125 -355.889126 -355.889128 -355.889128 -355.889129 -355.889130 -355.889131 -355.889132 -355.889133 -355.889134 -355.889136 -355.889138 -355.889143 -355.889159 -355.889214 -355.889420 -355.890186 -355.893039 -355.903644 -355.942726 -356.084276 -356.580586 -358.229569 -363.302486 -377.573899 -414.970246 -9999.0 -9999.0
-9999.0 -9999.0 -313.508958 -344.632726 -352.329351 -352.682441 -348.232982 -337.589816 -322.057326 -312.157996 -339.779030 -355.870374 -366.539064 -374.890828 -375.859685 -368.960297 -363.745158 -360.113396 -357.237846 -354.746712 -352.499805 -350.404273 -348.396124 -346.420010 -344.444279 -342.446361 -340.417295 -338.360812 -336.271345 -334.166652 -332.072906 -330.048507 -328.220930 -326.740323 -325.725920 -325.179555 -84.010805 135.689707 344.551329 535.949136 550.508150 391.893669 213.498811 32.643714 -142.870929 -315.331912 -514.399422 -817.059546 -1841.746832 -2399.361296 -2400.988521 -2400.990106 -2400.990099 -2400.990099 -2400.990099 -2400.990099 -2400.990080 -2400.976980 -2393.214051 -1635.067879 -688.007628 -434.574229 -317.695782 -337.909647 -350.676137 -354.517161 -355.533955 -355.797243 -355.865329 -355.882955 -355.887522 -355.888705 -355.889012 -355.889093 -355.889114 -355.889121 -355.889123 -355.889124 -355.889125 -355.889126 -355.889127 -355.889128 -355.889129 -355.889130 -355.889131 -355.889132 -355.889133 -355.889136 -355.889141 -355.889156 -355.889212 -355.889418 -355.890183 -355.893037 -355.903642 -355.942724 -356.084274 -356.580583 -358.229565 -363.302481 -377.573894 -414.970244 -9999.0 -9999.0
-9999.0 -9999.0 -9999.0 -9999.0 -9999.0 -9999.0 -9999.0 -9999.0 -9999.0 -9999.0 -9999.0 -9999.0 -9999.0 -9999.0 -9999.0 -9999.0 -9999.0 -9999.0 -9999.0 -9999.0 -9999.0 -9999.0 -9999.0 -9999.0 -9999.0 -9999.0 -9999.0 -9999.0 -9999.0 -9999.0 -9999.0 -9999.0 -9999.0 -9999.0 -9999.0 -9999.0 -9999.0 -9999.0 -9999.0 -9999.0 -9999.0 -9999.0 -9999.0 -9999.0 -9999.0 -9999.0 -9999.0 -9999.0 -9999.0 -9999.0 -9999.0 -9999.0 -9999.0 -9999.0 -9999.0 -9999.0 -9999.0 -9999.0 -9999.0 -9999.0 -9999.0 -9999.0 -9999.0 -9999.0 -9999.0 -9999.0 -9999.0 -9999.0 -9999.0 -9999.0 -9999.0 -9999.0 -9999.0 -9999.0 -9999.0 -9999.0 -9999.0 -9999.0 -9999.0 -9999.0 -9999.0 -9999.0 -9999.0 -9999.0 -9999.0 -9999.0 -9999.0 -9999.0 -9999.0 -9999.0 -9999.0 -9999.0 -9999.0 -9999.0 -9999.0 -9999.0 -9999.0 -9999.0 -9999.0 -9999.0 -9999.0 -9999.0 -9999.0 -9999.0
-9999.0 -9999.0 -9999.0 -9999.0 -9999.0 -9999.0 -9999.0 -9999.0 -9999.0 -9999.0 -9999.0 -9999.0 -9999.0 -9999.0 -9999.0 -9999.0 -9999.0 -9999.0 -9999.0 -9999.0 -9999.0 -9999.0 -9999.0 -9999.0 -9999.0 -9999.0 -9999.0 -9999.0 -9999.0 -9999.0 -9999.0 -9999.0 -9999.0 -9999.0 -9999.0 -9999.0 -9999.0 -9999.0 -9999.0 -9999.0 -9999.0 -9999.0 -9999.0 -9999.0 -9999.0 -9999.0 -9999.0 -9999.0 -9999.0 -9999.0 -9999.0 -9999.0 -9999.0 -9999.0 -9999.0 -9999.0 -9999.0 -9999.0 -9999.0 -9999.0 -9999.0 -9999.0 -9999.0 -9999.0 -9999.0 -9999.0 -9999.0 -9999.0 -9999.0 -9999.0 -9999.0 -9999.0 -9999.0 -9999.0 -9999.0 -9999.0 -9999.0 -9999.0 -9999.0 -9999.0 -9999.0 -9999.0 -9999.0 -9999.0 -9999.0 -9999.0 -9999.0 -9999.0 -9999.0 -9999.0 -9999.0 -9999.0 -9999.0 -9999.0 -9999.0 -9999.0 -9999.0 -9999.0 -9999.0 -9999.0 -9999.0 -9999.0 -9999.0 -9999.0