examples/3D/hillslope02_superslab/output-maps-SE27XX/psiliqL0025N0002.asc
ncols         104
nrows         10
xllcorner     -2.000000
yllcorner     0.000000
cellsize      1.000000
NODATA_value  -9999.0
-9999.0 -9999.0 -9999.0 -9999.0 -9999.0 -9999.0 -9999.0 -9999.0 -9999.0 -9999.0 -9999.0 -9999.0 -9999.0 -9999.0 -9999.0 -9999.0 -9999.0 -9999.0 -9999.0 -9999.0 -9999.0 -9999.0 -9999.0 -9999.0 -9999.0 -9999.0 -9999.0 -9999.0 -9999.0 -9999.0 -9999.0 -9999.0 -9999.0 -9999.0 -9999.0 -9999.0 -9999.0 -9999.0 -9999.0 -9999.0 -9999.0 -9999.0 -9999.0 -9999.0 -9999.0 -9999.0 -9999.0 -9999.0 -9999.0 -9999.0 -9999.0 -9999.0 -9999.0 -9999.0 -9999.0 -9999.0 -9999.0 -9999.0 -9999.0 -9999.0 -9999.0 -9999.0 -9999.0 -9999.0 -9999.0 -9999.0 -9999.0 -9999.0 -9999.0 -9999.0 -9999.0 -9999.0 -9999.0 -9999.0 -9999.0 -9999.0 -9999.0 -9999.0 -9999.0 -9999.0 -9999.0 -9999.0 -9999.0 -9999.0 -9999.0 -9999.0 -9999.0 -9999.0 -9999.0 -9999.0 -9999.0 -9999.0 -9999.0 -9999.0 -9999.0 -9999.0 -9999.0 -9999.0 -9999.0 -9999.0 -9999.0 -9999.0 -9999.0 -9999.0
-9999.0 -9999.0 -9999.0 -9999.0 -9999.0 -9999.0 -9999.0 -9999.0 -9999.0 -9999.0 -9999.0 -9999.0 -9999.0 -9999.0 -9999.0 -9999.0 -9999.0 -9999.0 -9999.0 -9999.0 -9999.0 -9999.0 -9999.0 -9999.0 -9999.0 -9999.0 -9999.0 -9999.0 -9999.0 -9999.0 -9999.0 -9999.0 -9999.0 -9999.0 -9999.0 -9999.0 -9999.0 -9999.0 -9999.0 -9999.0 -9999.0 -9999.0 -9999.0 -9999.0 -9999.0 -9999.0 -9999.0 -9999.0 -9999.0 -9999.0 -9999.0 -9999.0 -9999.0 -9999.0 -9999.0 -9999.0 -9999.0 -9999.0 -9999.0 -9999.0 -9999.0 -9999.0 -9999.0 -9999.0 -9999.0 -9999.0 -9999.0 -9999.0 -9999.0 -9999.0 -9999.0 -9999.0 -9999.0 -9999.0 -9999.0 -9999.0 -9999.0 -9999.0 -9999.0 -9999.0 -9999.0 -9999.0 -9999.0 -9999.0 -9999.0 -9999.0 -9999.0 -9999.0 -9999.0 -9999.0 -9999.0 -9999.0 -9999.0 -9999.0 -9999.0 -9999.0 -9999.0 -9999.0 -9999.0 -9999.0 -9999.0 -9999.0 -9999.0 -9999.0
-9999.0 -9999.0 -319.943442 -346.767375 -353.038331 -353.223519 -349.070859 -338.825861 -321.939024 -303.641486 -338.804270 -354.530426 -365.223914 -375.561464 -378.113783 -369.243003 -363.432380 -359.565065 -356.540875 -353.956853 -351.648065 -349.542965 -252.574666 -81.354894 90.931859 274.456209 470.579091 400.290844 331.378939 263.823477 197.258680 131.285508 63.773493 -8.243111 -85.400168 -161.270069 -220.529698 -254.097902 -268.326494 -270.987764 -261.843353 -244.779103 -938.525615 -2783.276053 -3737.363933 -3737.623581 -3737.623762 -3737.623762 -3737.623762 -3737.623762 -3737.623762 -3737.623762 -3737.623762 -3737.623762 -3737.623762 -3737.623762 -3737.623762 -3737.623762 -3737.623664 -3737.492353 -3058.243671 -989.282120 -293.996063 -338.361836 -351.362062 -354.724559 -355.588318 -355.811275 -355.868974 -355.883919 -355.887790 -355.888793 -355.889053 -355.889121 -355.889138 -355.889143 -355.889144 -355.889144 -355.889144 -355.889144 -355.889144 -355.889144 -355.889144 -355.889144 -355.889144 -355.889144 -355.889144 -355.889145 -355.889147 -355.889155 -355.889183 -355.889289 -355.889687 -355.891176 -355.896742 -355.917517 -355.994742 -356.278879 -357.300558 -360.816706 -372.138177 -406.124235 -9999.0 -9999.0
-9999.0 -9999.0 -319.943443 -346.767377 -353.038332 -353.223520 -349.070860 -338.825862 -321.939024 -303.641485 -338.804269 -354.530425 -365.223914 -375.561463 -378.113783 -369.243003 -363.432380 -359.565065 -356.540875 -353.956853 -351.648065 -349.542965 -252.574666 -81.354894 90.931859 274.456209 470.579091 400.290844 331.378939 263.823477 197.258680 131.285508 63.773493 -8.243110 -85.400168 -161.270069 -220.529698 -254.097902 -268.326494 -270.987764 -261.843353 -244.779103 -938.525615 -2783.276053 -3737.363933 -3737.623581 -3737.623762 -3737.623762 -3737.623762 -3737.623762 -3737.623762 -3737.623762 -3737.623762 -3737.623762 -3737.623762 -3737.623762 -3737.623762 -3737.623762 -3737.623664 -3737.492353 -3058.243669 -989.282120 -293.996062 -338.361837 -351.362063 -354.724560 -355.588321 -355.811278 -355.868976 -355.883921 -355.887793 -355.888796 -355.889056 -355.889123 -355.889141 -355.889145 -355.889147 -355.889147 -355.889147 -355.889147 -355.889147 -355.889147 -355.889147 -355.889147 -355.889147 -355.889147 -355.889147 -355.889148 -355.889150 -355.889157 -355.889186 -355.889292 -355.889690 -355.891179 -355.896745 -355.917520 -355.994745 -356.278882 -357.300562 -360.816708 -372.138184 -406.124235 -9999.0 -9999.0
-9999.0 -9999.0 -319.943444 -346.767378 -353.038333 -353.223521 -349.070861 -338.825862 -321.939024 -303.641485 -338.804269 -354.530425 -365.223914 -375.561463 -378.113783 -369.243003 -363.432380 -359.565066 -356.540875 -353.956853 -351.648065 -349.542965 -252.574666 -81.354894 90.931859 274.456209 470.579091 400.290844 331.378939 263.823477 197.258680 131.285508 63.773493 -8.243110 -85.400168 -161.270069 -220.529698 -254.097902 -268.326494 -270.987764 -261.843353 -244.779103 -938.525615 -2783.276053 -3737.363933 -3737.623581 -3737.623762 -3737.623762 -3737.623762 -3737.623762 -3737.623762 -3737.623762 -3737.623762 -3737.623762 -3737.623762 -3737.623762 -3737.623762 -3737.623762 -3737.623664 -3737.492353 -3058.243669 -989.282119 -293.996062 -338.361837 -351.362065 -354.724563 -355.588324 -355.811281 -355.868981 -355.883926 -355.887797 -355.888800 -355.889060 -355.889127 -355.889145 -355.889149 -355.889151 -355.889151 -355.889151 -355.889151 -355.889151 -355.889151 -355.889151 -355.889151 -355.889151 -355.889151 -355.889151 -355.889152 -355.889154 -355.889161 -355.889190 -355.889296 -355.889694 -355.891183 -355.896749 -355.917524 -355.994750 -356.278886 -357.300567 -360.816713 -372.138188 -406.124243 -9999.0 -9999.0
-9999.0 -9999.0 -319.943444 -346.767378 -353.038333 -353.223521 -349.070861 -338.825862 -321.939024 -303.641485 -338.804269 -354.530425 -365.223914 -375.561463 -378.113783 -369.243003 -363.432380 -359.565066 -356.540875 -353.956853 -351.648065 -349.542965 -252.574666 -81.354894 90.931859 274.456209 470.579091 400.290844 331.378939 263.823477 197.258680 131.285508 63.773493 -8.243110 -85.400168 -161.270069 -220.529698 -254.097902 -268.326494 -270.987764 -261.843353 -244.779103 -938.525615 -2783.276053 -3737.363933 -3737.623581 -3737.623762 -3737.623762 -3737.623762 -3737.623762 -3737.623762 -3737.623762 -3737.623762 -3737.623762 -3737.623762 -3737.623762 -3737.623762 -3737.623762 -3737.623664 -3737.492353 -3058.243669 -989.282119 -293.996062 -338.361837 -351.362065 -354.724563 -355.588324 -355.811281 -355.868981 -355.883926 -355.887797 -355.888800 -355.889060 -355.889127 -355.889145 -355.889149 -355.889151 -355.889151 -355.889151 -355.889151 -355.889151 -355.889151 -355.889151 -355.889151 -355.889151 -355.889151 -355.889151 -355.889152 -355.889154 -355.889161 -355.889190 -355.889296 -355.889694 -355.891183 -355.896749 -355.917524 -355.994750 -356.278886 -357.300567 -360.816713 -372.138188 -406.124243 -9999.0 -9999.0
-9999.0 -9999.0 -319.943443 -346.767377 -353.038332 -353.223520 -349.070860 -338.825862 -321.939024 -303.641485 -338.804269 -354.530425 -365.223914 -375.561463 -378.113783 -369.243003 -363.432380 -359.565065 -356.540875 -353.956853 -351.648065 -349.542965 -252.574666 -81.354894 90.931859 274.456209 470.579091 400.290844 331.378939 263.823477 197.258680 131.285508 63.773493 -8.243110 -85.400168 -161.270069 -220.529698 -254.097902 -268.326494 -270.987764 -261.843353 -244.779103 -938.525615 -2783.276053 -3737.363933 -3737.623581 -3737.623762 -3737.623762 -3737.623762 -3737.623762 -3737.623762 -3737.623762 -3737.623762 -3737.623762 -3737.623762 -3737.623762 -3737.623762 -3737.623762 -3737.623664 -3737.492353 -3058.243669 -989.282120 -293.996062 -338.361837 -351.362063 -354.724560 -355.588321 -355.811278 -355.868976 -355.883921 -355.887793 -355.888796 -355.889056 -355.889123 -355.889141 -355.889145 -355.889147 -355.889147 -355.889147 -355.889147 -355.889147 -355.889147 -355.889147 -355.889147 -355.889147 -355.889147 -355.889147 -355.889148 -355.889150 -355.889157 -355.889186 -355.889292 -355.889690 -355.891179 -355.896745 -355.917520 -355.994745 -356.278882 -357.300562 -360.816708 -372.138184 -406.124235 -9999.0 -9999.0
-9999.0 -9999.0 -319.943442 -346.767375 -353.038331 -353.223519 -349.070859 -338.825861 -321.939024 -303.641486 -338.804270 -354.530426 -365.223914 -375.561464 -378.113783 -369.243003 -363.432380 -359.565065 -356.540875 -353.956853 -351.648065 -349.542965 -252.574666 -81.354894 90.931859 274.456209 470.579091 400.290844 331.378939 263.823477 197.258680 131.285508 63.773493 -8.243111 -85.400168 -161.270069 -220.529698 -254.097902 -268.326494 -270.987764 -261.843353 -244.779103 -938.525615 -2783.276053 -3737.363933 -3737.623581 -3737.623762 -3737.623762 -3737.623762 -3737.623762 -3737.623762 -3737.623762 -3737.623762 -3737.623762 -3737.623762 -3737.623762 -3737.623762 -3737.623762 -3737.623664 -3737.492353 -3058.243671 -989.282120 -293.996063 -338.361836 -351.362062 -354.724559 -355.588318 -355.811275 -355.868974 -355.883919 -355.887790 -355.888793 -355.889053 -355.889121 -355.889138 -355.889143 -355.889144 -355.889144 -355.889144 -355.889144 -355.889144 -355.889144 -355.889144 -355.889144 -355.889144 -355.889144 -355.889144 -355.889145 -355.889147 -355.889155 -355.889183 -355.889289 -355.889687 -355.891176 -355.896742 -355.917517 -355.994742 -356.278879 -357.300558 -360.816706 -372.138177 -406.124235 -9999.0 -9999.0
-9999.0 -9999.0 -9999.0 -9999.0 -9999.0 -9999.0 -9999.0 -9999.0 -9999.0 -9999.0 -9999.0 -9999.0 -9999.0 -9999.0 -9999.0 -9999.0 -9999.0 -9999.0 -9999.0 -9999.0 -9999.0 -9999.0 -9999.0 -9999.0 -9999.0 -9999.0 -9999.0 -9999.0 -9999.0 -9999.0 -9999.0 -9999.0 -9999.0 -9999.0 -9999.0 -9999.0 -9999.0 -9999.0 -9999.0 -9999.0 -9999.0 -9999.0 -9999.0 -9999.0 -9999.0 -9999.0 -9999.0 -9999.0 -9999.0 -9999.0 -9999.0 -9999.0 -9999.0 -9999.0 -9999.0 -9999.0 -9999.0 -9999.0 -9999.0 -9999.0 -9999.0 -9999.0 -9999.0 -9999.0 -9999.0 -9999.0 -9999.0 -9999.0 -9999.0 -9999.0 -9999.0 -9999.0 -9999.0 -9999.0 -9999.0 -9999.0 -9999.0 -9999.0 -9999.0 -9999.0 -9999.0 -9999.0 -9999.0 -9999.0 -9999.0 -9999.0 -9999.0 -9999.0 -9999.0 -9999.0 -9999.0 -9999.0 -9999.0 -9999.0 -9999.0 -9999.0 -9999.0 -9999.0 -9999.0 -9999.0 -9999.0 -9999.0 -9999.0 -9999.0
-9999.0 -9999.0 -9999.0 -9999.0 -9999.0 -9999.0 -9999.0 -9999.0 -9999.0 -9999.0 -9999.0 -9999.0 -9999.0 -9999.0 -9999.0 -9999.0 -9999.0 -9999.0 -9999.0 -9999.0 -9999.0 -9999.0 -9999.0 -9999.0 -9999.0 -9999.0 -9999.0 -9999.0 -9999.0 -9999.0 -9999.0 -9999.0 -9999.0 -9999.0 -9999.0 -9999.0 -9999.0 -9999.0 -9999.0 -9999.0 -9999.0 -9999.0 -9999.0 -9999.0 -9999.0 -9999.0 -9999.0 -9999.0 -9999.0 -9999.0 -9999.0 -9999.0 -9999.0 -9999.0 -9999.0 -9999.0 -9999.0 -9999.0 -9999.0 -9999.0 -9999.0 -9999.0 -9999.0 -9999.0 -9999.0 -9999.0 -9999.0 -9999.0 -9999.0 -9999.0 -9999.0 -9999.0 -9999.0 -9999.0 -9999.0 -9999.0 -9999.0 -9999.0 -9999.0 -9999.0 -9999.0 -9999.0 -9999.0 -9999.0 -9999.0 -9999.0 -9999.0 -9999.0 -9999.0 -9999.0 -9999.0 -9999.0 -9999.0 -9999.0 -9999.0 -9999.0 -9999.0 -9999.0 -9999.0 -9999.0 -9999.0 -9999.0 -9999.0 -9999.0