examples/3D/hillslope02_superslab/output-maps-SE27XX/thetaliqL0068N0003.asc
ncols         104
nrows         10
xllcorner     -2.000000
yllcorner     0.000000
cellsize      1.000000
NODATA_value  -9999.0
-9999.0 -9999.0 -9999.0 -9999.0 -9999.0 -9999.0 -9999.0 -9999.0 -9999.0 -9999.0 -9999.0 -9999.0 -9999.0 -9999.0 -9999.0 -9999.0 -9999.0 -9999.0 -9999.0 -9999.0 -9999.0 -9999.0 -9999.0 -9999.0 -9999.0 -9999.0 -9999.0 -9999.0 -9999.0 -9999.0 -9999.0 -9999.0 -9999.0 -9999.0 -9999.0 -9999.0 -9999.0 -9999.0 -9999.0 -9999.0 -9999.0 -9999.0 -9999.0 -9999.0 -9999.0 -9999.0 -9999.0 -9999.0 -9999.0 -9999.0 -9999.0 -9999.0 -9999.0 -9999.0 -9999.0 -9999.0 -9999.0 -9999.0 -9999.0 -9999.0 -9999.0 -9999.0 -9999.0 -9999.0 -9999.0 -9999.0 -9999.0 -9999.0 -9999.0 -9999.0 -9999.0 -9999.0 -9999.0 -9999.0 -9999.0 -9999.0 -9999.0 -9999.0 -9999.0 -9999.0 -9999.0 -9999.0 -9999.0 -9999.0 -9999.0 -9999.0 -9999.0 -9999.0 -9999.0 -9999.0 -9999.0 -9999.0 -9999.0 -9999.0 -9999.0 -9999.0 -9999.0 -9999.0 -9999.0 -9999.0 -9999.0 -9999.0 -9999.0 -9999.0
-9999.0 -9999.0 -9999.0 -9999.0 -9999.0 -9999.0 -9999.0 -9999.0 -9999.0 -9999.0 -9999.0 -9999.0 -9999.0 -9999.0 -9999.0 -9999.0 -9999.0 -9999.0 -9999.0 -9999.0 -9999.0 -9999.0 -9999.0 -9999.0 -9999.0 -9999.0 -9999.0 -9999.0 -9999.0 -9999.0 -9999.0 -9999.0 -9999.0 -9999.0 -9999.0 -9999.0 -9999.0 -9999.0 -9999.0 -9999.0 -9999.0 -9999.0 -9999.0 -9999.0 -9999.0 -9999.0 -9999.0 -9999.0 -9999.0 -9999.0 -9999.0 -9999.0 -9999.0 -9999.0 -9999.0 -9999.0 -9999.0 -9999.0 -9999.0 -9999.0 -9999.0 -9999.0 -9999.0 -9999.0 -9999.0 -9999.0 -9999.0 -9999.0 -9999.0 -9999.0 -9999.0 -9999.0 -9999.0 -9999.0 -9999.0 -9999.0 -9999.0 -9999.0 -9999.0 -9999.0 -9999.0 -9999.0 -9999.0 -9999.0 -9999.0 -9999.0 -9999.0 -9999.0 -9999.0 -9999.0 -9999.0 -9999.0 -9999.0 -9999.0 -9999.0 -9999.0 -9999.0 -9999.0 -9999.0 -9999.0 -9999.0 -9999.0 -9999.0 -9999.0
-9999.0 -9999.0 0.100000 0.100000 0.100000 0.100000 0.100000 0.100000 0.100000 0.100000 0.100000 0.100000 0.100000 0.100000 0.100000 0.100000 0.100000 0.100000 0.100000 0.100000 0.100000 0.100000 0.100000 0.100000 0.100000 0.100000 0.100000 0.100000 0.100000 0.100000 0.100000 0.100000 0.100000 0.100000 0.099998 0.097326 0.091105 0.083751 0.076812 0.070865 0.065960 0.061949 0.058548 0.055715 0.098389 0.098174 0.097656 0.096709 0.045800 0.042288 0.038626 0.037640 0.043067 0.041957 0.041220 0.040729 0.040416 0.040247 0.040271 0.041229 0.043480 0.045552 0.046886 0.047194 0.047180 0.047116 0.047041 0.046957 0.046864 0.046762 0.046654 0.046543 0.046431 0.046318 0.046207 0.046100 0.045997 0.045899 0.045809 0.045725 0.045648 0.045579 0.045517 0.045463 0.045415 0.045374 0.045340 0.045310 0.045285 0.045265 0.045249 0.045235 0.045225 0.045216 0.045210 0.045205 0.045200 0.045193 0.045176 0.045120 0.044919 0.044161 -9999.0 -9999.0
-9999.0 -9999.0 0.100000 0.100000 0.100000 0.100000 0.100000 0.100000 0.100000 0.100000 0.100000 0.100000 0.100000 0.100000 0.100000 0.100000 0.100000 0.100000 0.100000 0.100000 0.100000 0.100000 0.100000 0.100000 0.100000 0.100000 0.100000 0.100000 0.100000 0.100000 0.100000 0.100000 0.100000 0.100000 0.099998 0.097326 0.091105 0.083751 0.076812 0.070865 0.065960 0.061949 0.058548 0.055715 0.098389 0.098174 0.097656 0.096709 0.045800 0.042288 0.038626 0.037640 0.043067 0.041957 0.041220 0.040729 0.040416 0.040247 0.040271 0.041229 0.043480 0.045552 0.046886 0.047194 0.047180 0.047116 0.047041 0.046957 0.046864 0.046762 0.046654 0.046543 0.046431 0.046318 0.046207 0.046100 0.045997 0.045899 0.045809 0.045725 0.045648 0.045579 0.045517 0.045463 0.045415 0.045374 0.045340 0.045310 0.045285 0.045265 0.045249 0.045235 0.045225 0.045216 0.045210 0.045205 0.045200 0.045193 0.045176 0.045120 0.044919 0.044161 -9999.0 -9999.0
-9999.0 -9999.0 0.100000 0.100000 0.100000 0.100000 0.100000 0.100000 0.100000 0.100000 0.100000 0.100000 0.100000 0.100000 0.100000 0.100000 0.100000 0.100000 0.100000 0.100000 0.100000 0.100000 0.100000 0.100000 0.100000 0.100000 0.100000 0.100000 0.100000 0.100000 0.100000 0.100000 0.100000 0.100000 0.099998 0.097326 0.091105 0.083751 0.076812 0.070865 0.065960 0.061949 0.058548 0.055715 0.098389 0.098174 0.097656 0.096709 0.045800 0.042288 0.038626 0.037640 0.043067 0.041957 0.041220 0.040729 0.040416 0.040247 0.040271 0.041229 0.043480 0.045552 0.046886 0.047194 0.047180 0.047116 0.047041 0.046957 0.046864 0.046762 0.046654 0.046543 0.046431 0.046318 0.046207 0.046100 0.045997 0.045899 0.045809 0.045725 0.045648 0.045579 0.045517 0.045463 0.045415 0.045374 0.045340 0.045310 0.045285 0.045265 0.045249 0.045235 0.045225 0.045216 0.045210 0.045205 0.045200 0.045193 0.045176 0.045120 0.044919 0.044161 -9999.0 -9999.0
-9999.0 -9999.0 0.100000 0.100000 0.100000 0.100000 0.100000 0.100000 0.100000 0.100000 0.100000 0.100000 0.100000 0.100000 0.100000 0.100000 0.100000 0.100000 0.100000 0.100000 0.100000 0.100000 0.100000 0.100000 0.100000 0.100000 0.100000 0.100000 0.100000 0.100000 0.100000 0.100000 0.100000 0.100000 0.099998 0.097326 0.091105 0.083751 0.076812 0.070865 0.065960 0.061949 0.058548 0.055715 0.098389 0.098174 0.097656 0.096709 0.045800 0.042288 0.038626 0.037640 0.043067 0.041957 0.041220 0.040729 0.040416 0.040247 0.040271 0.041229 0.043480 0.045552 0.046886 0.047194 0.047180 0.047116 0.047041 0.046957 0.046864 0.046762 0.046654 0.046543 0.046431 0.046318 0.046207 0.046100 0.045997 0.045899 0.045809 0.045725 0.045648 0.045579 0.045517 0.045463 0.045415 0.045374 0.045340 0.045310 0.045285 0.045265 0.045249 0.045235 0.045225 0.045216 0.045210 0.045205 0.045200 0.045193 0.045176 0.045120 0.044919 0.044161 -9999.0 -9999.0
-9999.0 -9999.0 0.100000 0.100000 0.100000 0.100000 0.100000 0.100000 0.100000 0.100000 0.100000 0.100000 0.100000 0.100000 0.100000 0.100000 0.100000 0.100000 0.100000 0.100000 0.100000 0.100000 0.100000 0.100000 0.100000 0.100000 0.100000 0.100000 0.100000 0.100000 0.100000 0.100000 0.100000 0.100000 0.099998 0.097326 0.091105 0.083751 0.076812 0.070865 0.065960 0.061949 0.058548 0.055715 0.098389 0.098174 0.097656 0.096709 0.045800 0.042288 0.038626 0.037640 0.043067 0.041957 0.041220 0.040729 0.040416 0.040247 0.040271 0.041229 0.043480 0.045552 0.046886 0.047194 0.047180 0.047116 0.047041 0.046957 0.046864 0.046762 0.046654 0.046543 0.046431 0.046318 0.046207 0.046100 0.045997 0.045899 0.045809 0.045725 0.045648 0.045579 0.045517 0.045463 0.045415 0.045374 0.045340 0.045310 0.045285 0.045265 0.045249 0.045235 0.045225 0.045216 0.045210 0.045205 0.045200 0.045193 0.045176 0.045120 0.044919 0.044161 -9999.0 -9999.0
-9999.0 -9999.0 0.100000 0.100000 0.100000 0.100000 0.100000 0.100000 0.100000 0.100000 0.100000 0.100000 0.100000 0.100000 0.100000 0.100000 0.100000 0.100000 0.100000 0.100000 0.100000 0.100000 0.100000 0.100000 0.100000 0.100000 0.100000 0.100000 0.100000 0.100000 0.100000 0.100000 0.100000 0.100000 0.099998 0.097326 0.091105 0.083751 0.076812 0.070865 0.065960 0.061949 0.058548 0.055715 0.098389 0.098174 0.097656 0.096709 0.045800 0.042288 0.038626 0.037640 0.043067 0.041957 0.041220 0.040729 0.040416 0.040247 0.040271 0.041229 0.043480 0.045552 0.046886 0.047194 0.047180 0.047116 0.047041 0.046957 0.046864 0.046762 0.046654 0.046543 0.046431 0.046318 0.046207 0.046100 0.045997 0.045899 0.045809 0.045725 0.045648 0.045579 0.045517 0.045463 0.045415 0.045374 0.045340 0.045310 0.045285 0.045265 0.045249 0.045235 0.045225 0.045216 0.045210 0.045205 0.045200 0.045193 0.045176 0.045120 0.044919 0.044161 -9999.0 -9999.0
-9999.0 -9999.0 -9999.0 -9999.0 -9999.0 -9999.0 -9999.0 -9999.0 -9999.0 -9999.0 -9999.0 -9999.0 -9999.0 -9999.0 -9999.0 -9999.0 -9999.0 -9999.0 -9999.0 -9999.0 -9999.0 -9999.0 -9999.0 -9999.0 -9999.0 -9999.0 -9999.0 -9999.0 -9999.0 -9999.0 -9999.0 -9999.0 -9999.0 -9999.0 -9999.0 -9999.0 -9999.0 -9999.0 -9999.0 -9999.0 -9999.0 -9999.0 -9999.0 -9999.0 -9999.0 -9999.0 -9999.0 -9999.0 -9999.0 -9999.0 -9999.0 -9999.0 -9999.0 -9999.0 -9999.0 -9999.0 -9999.0 -9999.0 -9999.0 -9999.0 -9999.0 -9999.0 -9999.0 -9999.0 -9999.0 -9999.0 -9999.0 -9999.0 -9999.0 -9999.0 -9999.0 -9999.0 -9999.0 -9999.0 -9999.0 -9999.0 -9999.0 -9999.0 -9999.0 -9999.0 -9999.0 -9999.0 -9999.0 -9999.0 -9999.0 -9999.0 -9999.0 -9999.0 -9999.0 -9999.0 -9999.0 -9999.0 -9999.0 -9999.0 -9999.0 -9999.0 -9999.0 -9999.0 -9999.0 -9999.0 -9999.0 -9999.0 -9999.0 -9999.0
-9999.0 -9999.0 -9999.0 -9999.0 -9999.0 -9999.0 -9999.0 -9999.0 -9999.0 -9999.0 -9999.0 -9999.0 -9999.0 -9999.0 -9999.0 -9999.0 -9999.0 -9999.0 -9999.0 -9999.0 -9999.0 -9999.0 -9999.0 -9999.0 -9999.0 -9999.0 -9999.0 -9999.0 -9999.0 -9999.0 -9999.0 -9999.0 -9999.0 -9999.0 -9999.0 -9999.0 -9999.0 -9999.0 -9999.0 -9999.0 -9999.0 -9999.0 -9999.0 -9999.0 -9999.0 -9999.0 -9999.0 -9999.0 -9999.0 -9999.0 -9999.0 -9999.0 -9999.0 -9999.0 -9999.0 -9999.0 -9999.0 -9999.0 -9999.0 -9999.0 -9999.0 -9999.0 -9999.0 -9999.0 -9999.0 -9999.0 -9999.0 -9999.0 -9999.0 -9999.0 -9999.0 -9999.0 -9999.0 -9999.0 -9999.0 -9999.0 -9999.0 -9999.0 -9999.0 -9999.0 -9999.0 -9999.0 -9999.0 -9999.0 -9999.0 -9999.0 -9999.0 -9999.0 -9999.0 -9999.0 -9999.0 -9999.0 -9999.0 -9999.0 -9999.0 -9999.0 -9999.0 -9999.0 -9999.0 -9999.0 -9999.0 -9999.0 -9999.0 -9999.0