examples/3D/hillslope02_superslab/output-maps-SE27XX/thetaliqL0045N0002.asc
ncols         104
nrows         10
xllcorner     -2.000000
yllcorner     0.000000
cellsize      1.000000
NODATA_value  -9999.0
-9999.0 -9999.0 -9999.0 -9999.0 -9999.0 -9999.0 -9999.0 -9999.0 -9999.0 -9999.0 -9999.0 -9999.0 -9999.0 -9999.0 -9999.0 -9999.0 -9999.0 -9999.0 -9999.0 -9999.0 -9999.0 -9999.0 -9999.0 -9999.0 -9999.0 -9999.0 -9999.0 -9999.0 -9999.0 -9999.0 -9999.0 -9999.0 -9999.0 -9999.0 -9999.0 -9999.0 -9999.0 -9999.0 -9999.0 -9999.0 -9999.0 -9999.0 -9999.0 -9999.0 -9999.0 -9999.0 -9999.0 -9999.0 -9999.0 -9999.0 -9999.0 -9999.0 -9999.0 -9999.0 -9999.0 -9999.0 -9999.0 -9999.0 -9999.0 -9999.0 -9999.0 -9999.0 -9999.0 -9999.0 -9999.0 -9999.0 -9999.0 -9999.0 -9999.0 -9999.0 -9999.0 -9999.0 -9999.0 -9999.0 -9999.0 -9999.0 -9999.0 -9999.0 -9999.0 -9999.0 -9999.0 -9999.0 -9999.0 -9999.0 -9999.0 -9999.0 -9999.0 -9999.0 -9999.0 -9999.0 -9999.0 -9999.0 -9999.0 -9999.0 -9999.0 -9999.0 -9999.0 -9999.0 -9999.0 -9999.0 -9999.0 -9999.0 -9999.0 -9999.0
-9999.0 -9999.0 -9999.0 -9999.0 -9999.0 -9999.0 -9999.0 -9999.0 -9999.0 -9999.0 -9999.0 -9999.0 -9999.0 -9999.0 -9999.0 -9999.0 -9999.0 -9999.0 -9999.0 -9999.0 -9999.0 -9999.0 -9999.0 -9999.0 -9999.0 -9999.0 -9999.0 -9999.0 -9999.0 -9999.0 -9999.0 -9999.0 -9999.0 -9999.0 -9999.0 -9999.0 -9999.0 -9999.0 -9999.0 -9999.0 -9999.0 -9999.0 -9999.0 -9999.0 -9999.0 -9999.0 -9999.0 -9999.0 -9999.0 -9999.0 -9999.0 -9999.0 -9999.0 -9999.0 -9999.0 -9999.0 -9999.0 -9999.0 -9999.0 -9999.0 -9999.0 -9999.0 -9999.0 -9999.0 -9999.0 -9999.0 -9999.0 -9999.0 -9999.0 -9999.0 -9999.0 -9999.0 -9999.0 -9999.0 -9999.0 -9999.0 -9999.0 -9999.0 -9999.0 -9999.0 -9999.0 -9999.0 -9999.0 -9999.0 -9999.0 -9999.0 -9999.0 -9999.0 -9999.0 -9999.0 -9999.0 -9999.0 -9999.0 -9999.0 -9999.0 -9999.0 -9999.0 -9999.0 -9999.0 -9999.0 -9999.0 -9999.0 -9999.0 -9999.0
-9999.0 -9999.0 0.057362 0.054764 0.054187 0.054169 0.054522 0.055398 0.056797 0.057877 0.055264 0.053960 0.053138 0.052487 0.052394 0.052930 0.053334 0.053616 0.053842 0.054039 0.054217 0.054384 0.054545 0.054704 0.054864 0.055026 0.055193 0.055363 0.055537 0.055715 0.055894 0.056069 0.099595 0.100000 0.100000 0.100000 0.100000 0.100000 0.100000 0.100000 0.100000 0.100000 0.084374 0.059606 0.046087 0.037718 0.030456 0.024965 0.024844 0.024844 0.024844 0.024844 0.024844 0.024844 0.024844 0.024844 0.024844 0.024844 0.024863 0.027538 0.037849 0.047784 0.057596 0.055397 0.054328 0.054032 0.053955 0.053935 0.053930 0.053929 0.053929 0.053929 0.053929 0.053929 0.053929 0.053929 0.053929 0.053929 0.053929 0.053929 0.053929 0.053929 0.053929 0.053929 0.053929 0.053929 0.053929 0.053929 0.053929 0.053929 0.053929 0.053929 0.053929 0.053928 0.053928 0.053925 0.053916 0.053882 0.053767 0.053410 0.052408 0.049960 -9999.0 -9999.0
-9999.0 -9999.0 0.057362 0.054764 0.054187 0.054169 0.054522 0.055398 0.056797 0.057877 0.055264 0.053960 0.053138 0.052487 0.052394 0.052930 0.053334 0.053616 0.053842 0.054039 0.054217 0.054384 0.054545 0.054704 0.054864 0.055026 0.055193 0.055363 0.055537 0.055715 0.055894 0.056069 0.099595 0.100000 0.100000 0.100000 0.100000 0.100000 0.100000 0.100000 0.100000 0.100000 0.084374 0.059606 0.046087 0.037718 0.030456 0.024965 0.024844 0.024844 0.024844 0.024844 0.024844 0.024844 0.024844 0.024844 0.024844 0.024844 0.024863 0.027538 0.037849 0.047784 0.057596 0.055397 0.054328 0.054032 0.053955 0.053935 0.053930 0.053929 0.053929 0.053929 0.053929 0.053929 0.053929 0.053929 0.053929 0.053929 0.053929 0.053929 0.053929 0.053929 0.053929 0.053929 0.053929 0.053929 0.053929 0.053929 0.053929 0.053929 0.053929 0.053929 0.053929 0.053928 0.053928 0.053925 0.053916 0.053882 0.053767 0.053410 0.052408 0.049960 -9999.0 -9999.0
-9999.0 -9999.0 0.057362 0.054764 0.054187 0.054169 0.054522 0.055398 0.056797 0.057877 0.055264 0.053960 0.053138 0.052487 0.052394 0.052930 0.053334 0.053616 0.053842 0.054039 0.054217 0.054384 0.054545 0.054704 0.054864 0.055026 0.055193 0.055363 0.055537 0.055715 0.055894 0.056069 0.099595 0.100000 0.100000 0.100000 0.100000 0.100000 0.100000 0.100000 0.100000 0.100000 0.084374 0.059606 0.046087 0.037718 0.030456 0.024965 0.024844 0.024844 0.024844 0.024844 0.024844 0.024844 0.024844 0.024844 0.024844 0.024844 0.024863 0.027538 0.037849 0.047784 0.057596 0.055397 0.054328 0.054032 0.053955 0.053935 0.053930 0.053929 0.053929 0.053929 0.053929 0.053929 0.053929 0.053929 0.053929 0.053929 0.053929 0.053929 0.053929 0.053929 0.053929 0.053929 0.053929 0.053929 0.053929 0.053929 0.053929 0.053929 0.053929 0.053929 0.053929 0.053928 0.053928 0.053925 0.053916 0.053882 0.053767 0.053410 0.052408 0.049960 -9999.0 -9999.0
-9999.0 -9999.0 0.057362 0.054764 0.054187 0.054169 0.054522 0.055398 0.056797 0.057877 0.055264 0.053960 0.053138 0.052487 0.052394 0.052930 0.053334 0.053616 0.053842 0.054039 0.054217 0.054384 0.054545 0.054704 0.054864 0.055026 0.055193 0.055363 0.055537 0.055715 0.055894 0.056069 0.099595 0.100000 0.100000 0.100000 0.100000 0.100000 0.100000 0.100000 0.100000 0.100000 0.084374 0.059606 0.046087 0.037718 0.030456 0.024965 0.024844 0.024844 0.024844 0.024844 0.024844 0.024844 0.024844 0.024844 0.024844 0.024844 0.024863 0.027538 0.037849 0.047784 0.057596 0.055397 0.054328 0.054032 0.053955 0.053935 0.053930 0.053929 0.053929 0.053929 0.053929 0.053929 0.053929 0.053929 0.053929 0.053929 0.053929 0.053929 0.053929 0.053929 0.053929 0.053929 0.053929 0.053929 0.053929 0.053929 0.053929 0.053929 0.053929 0.053929 0.053929 0.053928 0.053928 0.053925 0.053916 0.053882 0.053767 0.053410 0.052408 0.049960 -9999.0 -9999.0
-9999.0 -9999.0 0.057362 0.054764 0.054187 0.054169 0.054522 0.055398 0.056797 0.057877 0.055264 0.053960 0.053138 0.052487 0.052394 0.052930 0.053334 0.053616 0.053842 0.054039 0.054217 0.054384 0.054545 0.054704 0.054864 0.055026 0.055193 0.055363 0.055537 0.055715 0.055894 0.056069 0.099595 0.100000 0.100000 0.100000 0.100000 0.100000 0.100000 0.100000 0.100000 0.100000 0.084374 0.059606 0.046087 0.037718 0.030456 0.024965 0.024844 0.024844 0.024844 0.024844 0.024844 0.024844 0.024844 0.024844 0.024844 0.024844 0.024863 0.027538 0.037849 0.047784 0.057596 0.055397 0.054328 0.054032 0.053955 0.053935 0.053930 0.053929 0.053929 0.053929 0.053929 0.053929 0.053929 0.053929 0.053929 0.053929 0.053929 0.053929 0.053929 0.053929 0.053929 0.053929 0.053929 0.053929 0.053929 0.053929 0.053929 0.053929 0.053929 0.053929 0.053929 0.053928 0.053928 0.053925 0.053916 0.053882 0.053767 0.053410 0.052408 0.049960 -9999.0 -9999.0
-9999.0 -9999.0 0.057362 0.054764 0.054187 0.054169 0.054522 0.055398 0.056797 0.057877 0.055264 0.053960 0.053138 0.052487 0.052394 0.052930 0.053334 0.053616 0.053842 0.054039 0.054217 0.054384 0.054545 0.054704 0.054864 0.055026 0.055193 0.055363 0.055537 0.055715 0.055894 0.056069 0.099595 0.100000 0.100000 0.100000 0.100000 0.100000 0.100000 0.100000 0.100000 0.100000 0.084374 0.059606 0.046087 0.037718 0.030456 0.024965 0.024844 0.024844 0.024844 0.024844 0.024844 0.024844 0.024844 0.024844 0.024844 0.024844 0.024863 0.027538 0.037849 0.047784 0.057596 0.055397 0.054328 0.054032 0.053955 0.053935 0.053930 0.053929 0.053929 0.053929 0.053929 0.053929 0.053929 0.053929 0.053929 0.053929 0.053929 0.053929 0.053929 0.053929 0.053929 0.053929 0.053929 0.053929 0.053929 0.053929 0.053929 0.053929 0.053929 0.053929 0.053929 0.053928 0.053928 0.053925 0.053916 0.053882 0.053767 0.053410 0.052408 0.049960 -9999.0 -9999.0
-9999.0 -9999.0 -9999.0 -9999.0 -9999.0 -9999.0 -9999.0 -9999.0 -9999.0 -9999.0 -9999.0 -9999.0 -9999.0 -9999.0 -9999.0 -9999.0 -9999.0 -9999.0 -9999.0 -9999.0 -9999.0 -9999.0 -9999.0 -9999.0 -9999.0 -9999.0 -9999.0 -9999.0 -9999.0 -9999.0 -9999.0 -9999.0 -9999.0 -9999.0 -9999.0 -9999.0 -9999.0 -9999.0 -9999.0 -9999.0 -9999.0 -9999.0 -9999.0 -9999.0 -9999.0 -9999.0 -9999.0 -9999.0 -9999.0 -9999.0 -9999.0 -9999.0 -9999.0 -9999.0 -9999.0 -9999.0 -9999.0 -9999.0 -9999.0 -9999.0 -9999.0 -9999.0 -9999.0 -9999.0 -9999.0 -9999.0 -9999.0 -9999.0 -9999.0 -9999.0 -9999.0 -9999.0 -9999.0 -9999.0 -9999.0 -9999.0 -9999.0 -9999.0 -9999.0 -9999.0 -9999.0 -9999.0 -9999.0 -9999.0 -9999.0 -9999.0 -9999.0 -9999.0 -9999.0 -9999.0 -9999.0 -9999.0 -9999.0 -9999.0 -9999.0 -9999.0 -9999.0 -9999.0 -9999.0 -9999.0 -9999.0 -9999.0 -9999.0 -9999.0
-9999.0 -9999.0 -9999.0 -9999.0 -9999.0 -9999.0 -9999.0 -9999.0 -9999.0 -9999.0 -9999.0 -9999.0 -9999.0 -9999.0 -9999.0 -9999.0 -9999.0 -9999.0 -9999.0 -9999.0 -9999.0 -9999.0 -9999.0 -9999.0 -9999.0 -9999.0 -9999.0 -9999.0 -9999.0 -9999.0 -9999.0 -9999.0 -9999.0 -9999.0 -9999.0 -9999.0 -9999.0 -9999.0 -9999.0 -9999.0 -9999.0 -9999.0 -9999.0 -9999.0 -9999.0 -9999.0 -9999.0 -9999.0 -9999.0 -9999.0 -9999.0 -9999.0 -9999.0 -9999.0 -9999.0 -9999.0 -9999.0 -9999.0 -9999.0 -9999.0 -9999.0 -9999.0 -9999.0 -9999.0 -9999.0 -9999.0 -9999.0 -9999.0 -9999.0 -9999.0 -9999.0 -9999.0 -9999.0 -9999.0 -9999.0 -9999.0 -9999.0 -9999.0 -9999.0 -9999.0 -9999.0 -9999.0 -9999.0 -9999.0 -9999.0 -9999.0 -9999.0 -9999.0 -9999.0 -9999.0 -9999.0 -9999.0 -9999.0 -9999.0 -9999.0 -9999.0 -9999.0 -9999.0 -9999.0 -9999.0 -9999.0 -9999.0 -9999.0 -9999.0