examples/3D/hillslope02_superslab/output-maps-SE27XX/thetaliqL0008N0002.asc
ncols         104
nrows         10
xllcorner     -2.000000
yllcorner     0.000000
cellsize      1.000000
NODATA_value  -9999.0
-9999.0 -9999.0 -9999.0 -9999.0 -9999.0 -9999.0 -9999.0 -9999.0 -9999.0 -9999.0 -9999.0 -9999.0 -9999.0 -9999.0 -9999.0 -9999.0 -9999.0 -9999.0 -9999.0 -9999.0 -9999.0 -9999.0 -9999.0 -9999.0 -9999.0 -9999.0 -9999.0 -9999.0 -9999.0 -9999.0 -9999.0 -9999.0 -9999.0 -9999.0 -9999.0 -9999.0 -9999.0 -9999.0 -9999.0 -9999.0 -9999.0 -9999.0 -9999.0 -9999.0 -9999.0 -9999.0 -9999.0 -9999.0 -9999.0 -9999.0 -9999.0 -9999.0 -9999.0 -9999.0 -9999.0 -9999.0 -9999.0 -9999.0 -9999.0 -9999.0 -9999.0 -9999.0 -9999.0 -9999.0 -9999.0 -9999.0 -9999.0 -9999.0 -9999.0 -9999.0 -9999.0 -9999.0 -9999.0 -9999.0 -9999.0 -9999.0 -9999.0 -9999.0 -9999.0 -9999.0 -9999.0 -9999.0 -9999.0 -9999.0 -9999.0 -9999.0 -9999.0 -9999.0 -9999.0 -9999.0 -9999.0 -9999.0 -9999.0 -9999.0 -9999.0 -9999.0 -9999.0 -9999.0 -9999.0 -9999.0 -9999.0 -9999.0 -9999.0 -9999.0
-9999.0 -9999.0 -9999.0 -9999.0 -9999.0 -9999.0 -9999.0 -9999.0 -9999.0 -9999.0 -9999.0 -9999.0 -9999.0 -9999.0 -9999.0 -9999.0 -9999.0 -9999.0 -9999.0 -9999.0 -9999.0 -9999.0 -9999.0 -9999.0 -9999.0 -9999.0 -9999.0 -9999.0 -9999.0 -9999.0 -9999.0 -9999.0 -9999.0 -9999.0 -9999.0 -9999.0 -9999.0 -9999.0 -9999.0 -9999.0 -9999.0 -9999.0 -9999.0 -9999.0 -9999.0 -9999.0 -9999.0 -9999.0 -9999.0 -9999.0 -9999.0 -9999.0 -9999.0 -9999.0 -9999.0 -9999.0 -9999.0 -9999.0 -9999.0 -9999.0 -9999.0 -9999.0 -9999.0 -9999.0 -9999.0 -9999.0 -9999.0 -9999.0 -9999.0 -9999.0 -9999.0 -9999.0 -9999.0 -9999.0 -9999.0 -9999.0 -9999.0 -9999.0 -9999.0 -9999.0 -9999.0 -9999.0 -9999.0 -9999.0 -9999.0 -9999.0 -9999.0 -9999.0 -9999.0 -9999.0 -9999.0 -9999.0 -9999.0 -9999.0 -9999.0 -9999.0 -9999.0 -9999.0 -9999.0 -9999.0 -9999.0 -9999.0 -9999.0 -9999.0
-9999.0 -9999.0 0.056595 0.054572 0.054125 0.054106 0.054412 0.055207 0.056612 0.059104 0.055295 0.054089 0.053284 0.052427 0.099147 0.099906 0.100000 0.100000 0.100000 0.100000 0.100000 0.099996 0.092982 0.080211 0.069774 0.062983 0.058985 0.056732 0.055523 0.054989 0.055170 0.056479 0.058515 0.060204 0.061154 0.061526 0.061586 0.061514 0.061431 0.061532 0.062512 0.066105 0.040817 0.033725 0.033731 0.033733 0.033734 0.033735 0.033735 0.033735 0.033735 0.033735 0.033735 0.033735 0.033734 0.033734 0.033733 0.033732 0.033731 0.033728 0.033716 0.040865 0.059504 0.055216 0.054249 0.054011 0.053950 0.053934 0.053930 0.053929 0.053929 0.053929 0.053929 0.053929 0.053929 0.053929 0.053929 0.053929 0.053929 0.053929 0.053929 0.053929 0.053929 0.053929 0.053929 0.053929 0.053929 0.053929 0.053929 0.053929 0.053929 0.053929 0.053929 0.053929 0.053928 0.053927 0.053923 0.053908 0.053852 0.053649 0.052945 0.050740 -9999.0 -9999.0
-9999.0 -9999.0 0.056595 0.054572 0.054125 0.054106 0.054412 0.055207 0.056612 0.059104 0.055295 0.054089 0.053284 0.052427 0.099147 0.099906 0.100000 0.100000 0.100000 0.100000 0.100000 0.099996 0.092982 0.080211 0.069774 0.062983 0.058985 0.056732 0.055523 0.054989 0.055170 0.056479 0.058515 0.060204 0.061154 0.061526 0.061586 0.061514 0.061431 0.061532 0.062512 0.066105 0.040817 0.033725 0.033731 0.033733 0.033734 0.033735 0.033735 0.033735 0.033735 0.033735 0.033735 0.033735 0.033734 0.033734 0.033733 0.033732 0.033731 0.033728 0.033716 0.040865 0.059504 0.055216 0.054249 0.054011 0.053950 0.053934 0.053930 0.053929 0.053929 0.053929 0.053929 0.053929 0.053929 0.053929 0.053929 0.053929 0.053929 0.053929 0.053929 0.053929 0.053929 0.053929 0.053929 0.053929 0.053929 0.053929 0.053929 0.053929 0.053929 0.053929 0.053929 0.053929 0.053928 0.053927 0.053923 0.053908 0.053852 0.053649 0.052945 0.050740 -9999.0 -9999.0
-9999.0 -9999.0 0.056595 0.054572 0.054125 0.054106 0.054412 0.055207 0.056612 0.059104 0.055295 0.054089 0.053284 0.052427 0.099147 0.099906 0.100000 0.100000 0.100000 0.100000 0.100000 0.099996 0.092982 0.080211 0.069774 0.062983 0.058985 0.056732 0.055523 0.054989 0.055170 0.056479 0.058515 0.060204 0.061154 0.061526 0.061586 0.061514 0.061431 0.061532 0.062512 0.066105 0.040817 0.033725 0.033731 0.033733 0.033734 0.033735 0.033735 0.033735 0.033735 0.033735 0.033735 0.033735 0.033734 0.033734 0.033733 0.033732 0.033731 0.033728 0.033716 0.040865 0.059504 0.055216 0.054249 0.054011 0.053950 0.053934 0.053930 0.053929 0.053929 0.053929 0.053929 0.053929 0.053929 0.053929 0.053929 0.053929 0.053929 0.053929 0.053929 0.053929 0.053929 0.053929 0.053929 0.053929 0.053929 0.053929 0.053929 0.053929 0.053929 0.053929 0.053929 0.053929 0.053928 0.053927 0.053923 0.053908 0.053852 0.053649 0.052945 0.050740 -9999.0 -9999.0
-9999.0 -9999.0 0.056595 0.054572 0.054125 0.054106 0.054412 0.055207 0.056612 0.059104 0.055295 0.054089 0.053284 0.052427 0.099147 0.099906 0.100000 0.100000 0.100000 0.100000 0.100000 0.099996 0.092982 0.080211 0.069774 0.062983 0.058985 0.056732 0.055523 0.054989 0.055170 0.056479 0.058515 0.060204 0.061154 0.061526 0.061586 0.061514 0.061431 0.061532 0.062512 0.066105 0.040817 0.033725 0.033731 0.033733 0.033734 0.033735 0.033735 0.033735 0.033735 0.033735 0.033735 0.033735 0.033734 0.033734 0.033733 0.033732 0.033731 0.033728 0.033716 0.040865 0.059504 0.055216 0.054249 0.054011 0.053950 0.053934 0.053930 0.053929 0.053929 0.053929 0.053929 0.053929 0.053929 0.053929 0.053929 0.053929 0.053929 0.053929 0.053929 0.053929 0.053929 0.053929 0.053929 0.053929 0.053929 0.053929 0.053929 0.053929 0.053929 0.053929 0.053929 0.053929 0.053928 0.053927 0.053923 0.053908 0.053852 0.053649 0.052945 0.050740 -9999.0 -9999.0
-9999.0 -9999.0 0.056595 0.054572 0.054125 0.054106 0.054412 0.055207 0.056612 0.059104 0.055295 0.054089 0.053284 0.052427 0.099147 0.099906 0.100000 0.100000 0.100000 0.100000 0.100000 0.099996 0.092982 0.080211 0.069774 0.062983 0.058985 0.056732 0.055523 0.054989 0.055170 0.056479 0.058515 0.060204 0.061154 0.061526 0.061586 0.061514 0.061431 0.061532 0.062512 0.066105 0.040817 0.033725 0.033731 0.033733 0.033734 0.033735 0.033735 0.033735 0.033735 0.033735 0.033735 0.033735 0.033734 0.033734 0.033733 0.033732 0.033731 0.033728 0.033716 0.040865 0.059504 0.055216 0.054249 0.054011 0.053950 0.053934 0.053930 0.053929 0.053929 0.053929 0.053929 0.053929 0.053929 0.053929 0.053929 0.053929 0.053929 0.053929 0.053929 0.053929 0.053929 0.053929 0.053929 0.053929 0.053929 0.053929 0.053929 0.053929 0.053929 0.053929 0.053929 0.053929 0.053928 0.053927 0.053923 0.053908 0.053852 0.053649 0.052945 0.050740 -9999.0 -9999.0
-9999.0 -9999.0 0.056595 0.054572 0.054125 0.054106 0.054412 0.055207 0.056612 0.059104 0.055295 0.054089 0.053284 0.052427 0.099147 0.099906 0.100000 0.100000 0.100000 0.100000 0.100000 0.099996 0.092982 0.080211 0.069774 0.062983 0.058985 0.056732 0.055523 0.054989 0.055170 0.056479 0.058515 0.060204 0.061154 0.061526 0.061586 0.061514 0.061431 0.061532 0.062512 0.066105 0.040817 0.033725 0.033731 0.033733 0.033734 0.033735 0.033735 0.033735 0.033735 0.033735 0.033735 0.033735 0.033734 0.033734 0.033733 0.033732 0.033731 0.033728 0.033716 0.040865 0.059504 0.055216 0.054249 0.054011 0.053950 0.053934 0.053930 0.053929 0.053929 0.053929 0.053929 0.053929 0.053929 0.053929 0.053929 0.053929 0.053929 0.053929 0.053929 0.053929 0.053929 0.053929 0.053929 0.053929 0.053929 0.053929 0.053929 0.053929 0.053929 0.053929 0.053929 0.053929 0.053928 0.053927 0.053923 0.053908 0.053852 0.053649 0.052945 0.050740 -9999.0 -9999.0
-9999.0 -9999.0 -9999.0 -9999.0 -9999.0 -9999.0 -9999.0 -9999.0 -9999.0 -9999.0 -9999.0 -9999.0 -9999.0 -9999.0 -9999.0 -9999.0 -9999.0 -9999.0 -9999.0 -9999.0 -9999.0 -9999.0 -9999.0 -9999.0 -9999.0 -9999.0 -9999.0 -9999.0 -9999.0 -9999.0 -9999.0 -9999.0 -9999.0 -9999.0 -9999.0 -9999.0 -9999.0 -9999.0 -9999.0 -9999.0 -9999.0 -9999.0 -9999.0 -9999.0 -9999.0 -9999.0 -9999.0 -9999.0 -9999.0 -9999.0 -9999.0 -9999.0 -9999.0 -9999.0 -9999.0 -9999.0 -9999.0 -9999.0 -9999.0 -9999.0 -9999.0 -9999.0 -9999.0 -9999.0 -9999.0 -9999.0 -9999.0 -9999.0 -9999.0 -9999.0 -9999.0 -9999.0 -9999.0 -9999.0 -9999.0 -9999.0 -9999.0 -9999.0 -9999.0 -9999.0 -9999.0 -9999.0 -9999.0 -9999.0 -9999.0 -9999.0 -9999.0 -9999.0 -9999.0 -9999.0 -9999.0 -9999.0 -9999.0 -9999.0 -9999.0 -9999.0 -9999.0 -9999.0 -9999.0 -9999.0 -9999.0 -9999.0 -9999.0 -9999.0
-9999.0 -9999.0 -9999.0 -9999.0 -9999.0 -9999.0 -9999.0 -9999.0 -9999.0 -9999.0 -9999.0 -9999.0 -9999.0 -9999.0 -9999.0 -9999.0 -9999.0 -9999.0 -9999.0 -9999.0 -9999.0 -9999.0 -9999.0 -9999.0 -9999.0 -9999.0 -9999.0 -9999.0 -9999.0 -9999.0 -9999.0 -9999.0 -9999.0 -9999.0 -9999.0 -9999.0 -9999.0 -9999.0 -9999.0 -9999.0 -9999.0 -9999.0 -9999.0 -9999.0 -9999.0 -9999.0 -9999.0 -9999.0 -9999.0 -9999.0 -9999.0 -9999.0 -9999.0 -9999.0 -9999.0 -9999.0 -9999.0 -9999.0 -9999.0 -9999.0 -9999.0 -9999.0 -9999.0 -9999.0 -9999.0 -9999.0 -9999.0 -9999.0 -9999.0 -9999.0 -9999.0 -9999.0 -9999.0 -9999.0 -9999.0 -9999.0 -9999.0 -9999.0 -9999.0 -9999.0 -9999.0 -9999.0 -9999.0 -9999.0 -9999.0 -9999.0 -9999.0 -9999.0 -9999.0 -9999.0 -9999.0 -9999.0 -9999.0 -9999.0 -9999.0 -9999.0 -9999.0 -9999.0 -9999.0 -9999.0 -9999.0 -9999.0 -9999.0 -9999.0