examples/3D/hillslope02_superslab/output-maps-SE27XX/thetaliqL0052N0002.asc
ncols         104
nrows         10
xllcorner     -2.000000
yllcorner     0.000000
cellsize      1.000000
NODATA_value  -9999.0
-9999.0 -9999.0 -9999.0 -9999.0 -9999.0 -9999.0 -9999.0 -9999.0 -9999.0 -9999.0 -9999.0 -9999.0 -9999.0 -9999.0 -9999.0 -9999.0 -9999.0 -9999.0 -9999.0 -9999.0 -9999.0 -9999.0 -9999.0 -9999.0 -9999.0 -9999.0 -9999.0 -9999.0 -9999.0 -9999.0 -9999.0 -9999.0 -9999.0 -9999.0 -9999.0 -9999.0 -9999.0 -9999.0 -9999.0 -9999.0 -9999.0 -9999.0 -9999.0 -9999.0 -9999.0 -9999.0 -9999.0 -9999.0 -9999.0 -9999.0 -9999.0 -9999.0 -9999.0 -9999.0 -9999.0 -9999.0 -9999.0 -9999.0 -9999.0 -9999.0 -9999.0 -9999.0 -9999.0 -9999.0 -9999.0 -9999.0 -9999.0 -9999.0 -9999.0 -9999.0 -9999.0 -9999.0 -9999.0 -9999.0 -9999.0 -9999.0 -9999.0 -9999.0 -9999.0 -9999.0 -9999.0 -9999.0 -9999.0 -9999.0 -9999.0 -9999.0 -9999.0 -9999.0 -9999.0 -9999.0 -9999.0 -9999.0 -9999.0 -9999.0 -9999.0 -9999.0 -9999.0 -9999.0 -9999.0 -9999.0 -9999.0 -9999.0 -9999.0 -9999.0
-9999.0 -9999.0 -9999.0 -9999.0 -9999.0 -9999.0 -9999.0 -9999.0 -9999.0 -9999.0 -9999.0 -9999.0 -9999.0 -9999.0 -9999.0 -9999.0 -9999.0 -9999.0 -9999.0 -9999.0 -9999.0 -9999.0 -9999.0 -9999.0 -9999.0 -9999.0 -9999.0 -9999.0 -9999.0 -9999.0 -9999.0 -9999.0 -9999.0 -9999.0 -9999.0 -9999.0 -9999.0 -9999.0 -9999.0 -9999.0 -9999.0 -9999.0 -9999.0 -9999.0 -9999.0 -9999.0 -9999.0 -9999.0 -9999.0 -9999.0 -9999.0 -9999.0 -9999.0 -9999.0 -9999.0 -9999.0 -9999.0 -9999.0 -9999.0 -9999.0 -9999.0 -9999.0 -9999.0 -9999.0 -9999.0 -9999.0 -9999.0 -9999.0 -9999.0 -9999.0 -9999.0 -9999.0 -9999.0 -9999.0 -9999.0 -9999.0 -9999.0 -9999.0 -9999.0 -9999.0 -9999.0 -9999.0 -9999.0 -9999.0 -9999.0 -9999.0 -9999.0 -9999.0 -9999.0 -9999.0 -9999.0 -9999.0 -9999.0 -9999.0 -9999.0 -9999.0 -9999.0 -9999.0 -9999.0 -9999.0 -9999.0 -9999.0 -9999.0 -9999.0
-9999.0 -9999.0 0.057553 0.054829 0.054209 0.054181 0.054537 0.055415 0.056769 0.057679 0.055231 0.053930 0.053114 0.052499 0.052429 0.052933 0.053324 0.053601 0.053823 0.054018 0.054195 0.054362 0.054524 0.054684 0.054845 0.055009 0.055178 0.055350 0.055526 0.055706 0.055886 0.056061 0.056221 0.056351 0.056441 0.056489 0.099972 0.100000 0.100000 0.100000 0.100000 0.100000 0.100000 0.100000 0.080738 0.057383 0.044658 0.035989 0.027210 0.025544 0.025540 0.025540 0.025540 0.025540 0.025540 0.025540 0.025540 0.025540 0.025558 0.028113 0.038835 0.048647 0.057165 0.055388 0.054341 0.054036 0.053956 0.053936 0.053930 0.053929 0.053929 0.053929 0.053929 0.053929 0.053929 0.053929 0.053929 0.053929 0.053929 0.053929 0.053929 0.053929 0.053929 0.053929 0.053929 0.053929 0.053929 0.053929 0.053929 0.053929 0.053929 0.053929 0.053929 0.053928 0.053927 0.053924 0.053913 0.053875 0.053746 0.053358 0.052306 0.049816 -9999.0 -9999.0
-9999.0 -9999.0 0.057553 0.054829 0.054209 0.054181 0.054537 0.055415 0.056769 0.057679 0.055231 0.053930 0.053114 0.052499 0.052429 0.052933 0.053324 0.053601 0.053823 0.054018 0.054195 0.054362 0.054524 0.054684 0.054845 0.055009 0.055178 0.055350 0.055526 0.055706 0.055886 0.056061 0.056221 0.056351 0.056441 0.056489 0.099972 0.100000 0.100000 0.100000 0.100000 0.100000 0.100000 0.100000 0.080738 0.057383 0.044658 0.035989 0.027210 0.025544 0.025540 0.025540 0.025540 0.025540 0.025540 0.025540 0.025540 0.025540 0.025558 0.028113 0.038835 0.048647 0.057165 0.055388 0.054341 0.054036 0.053956 0.053936 0.053930 0.053929 0.053929 0.053929 0.053929 0.053929 0.053929 0.053929 0.053929 0.053929 0.053929 0.053929 0.053929 0.053929 0.053929 0.053929 0.053929 0.053929 0.053929 0.053929 0.053929 0.053929 0.053929 0.053929 0.053929 0.053928 0.053927 0.053924 0.053913 0.053875 0.053746 0.053358 0.052306 0.049816 -9999.0 -9999.0
-9999.0 -9999.0 0.057553 0.054829 0.054209 0.054181 0.054537 0.055415 0.056769 0.057679 0.055231 0.053930 0.053114 0.052499 0.052429 0.052933 0.053324 0.053601 0.053823 0.054018 0.054195 0.054362 0.054524 0.054684 0.054845 0.055009 0.055178 0.055350 0.055526 0.055706 0.055886 0.056061 0.056221 0.056351 0.056441 0.056489 0.099972 0.100000 0.100000 0.100000 0.100000 0.100000 0.100000 0.100000 0.080738 0.057383 0.044658 0.035989 0.027210 0.025544 0.025540 0.025540 0.025540 0.025540 0.025540 0.025540 0.025540 0.025540 0.025558 0.028113 0.038835 0.048647 0.057165 0.055388 0.054341 0.054036 0.053956 0.053936 0.053930 0.053929 0.053929 0.053929 0.053929 0.053929 0.053929 0.053929 0.053929 0.053929 0.053929 0.053929 0.053929 0.053929 0.053929 0.053929 0.053929 0.053929 0.053929 0.053929 0.053929 0.053929 0.053929 0.053929 0.053929 0.053928 0.053927 0.053924 0.053913 0.053875 0.053746 0.053358 0.052306 0.049816 -9999.0 -9999.0
-9999.0 -9999.0 0.057553 0.054829 0.054209 0.054181 0.054537 0.055415 0.056769 0.057679 0.055231 0.053930 0.053114 0.052499 0.052429 0.052933 0.053324 0.053601 0.053823 0.054018 0.054195 0.054362 0.054524 0.054684 0.054845 0.055009 0.055178 0.055350 0.055526 0.055706 0.055886 0.056061 0.056221 0.056351 0.056441 0.056489 0.099972 0.100000 0.100000 0.100000 0.100000 0.100000 0.100000 0.100000 0.080738 0.057383 0.044658 0.035989 0.027210 0.025544 0.025540 0.025540 0.025540 0.025540 0.025540 0.025540 0.025540 0.025540 0.025558 0.028113 0.038835 0.048647 0.057165 0.055388 0.054341 0.054036 0.053956 0.053936 0.053930 0.053929 0.053929 0.053929 0.053929 0.053929 0.053929 0.053929 0.053929 0.053929 0.053929 0.053929 0.053929 0.053929 0.053929 0.053929 0.053929 0.053929 0.053929 0.053929 0.053929 0.053929 0.053929 0.053929 0.053929 0.053928 0.053927 0.053924 0.053913 0.053875 0.053746 0.053358 0.052306 0.049816 -9999.0 -9999.0
-9999.0 -9999.0 0.057553 0.054829 0.054209 0.054181 0.054537 0.055415 0.056769 0.057679 0.055231 0.053930 0.053114 0.052499 0.052429 0.052933 0.053324 0.053601 0.053823 0.054018 0.054195 0.054362 0.054524 0.054684 0.054845 0.055009 0.055178 0.055350 0.055526 0.055706 0.055886 0.056061 0.056221 0.056351 0.056441 0.056489 0.099972 0.100000 0.100000 0.100000 0.100000 0.100000 0.100000 0.100000 0.080738 0.057383 0.044658 0.035989 0.027210 0.025544 0.025540 0.025540 0.025540 0.025540 0.025540 0.025540 0.025540 0.025540 0.025558 0.028113 0.038835 0.048647 0.057165 0.055388 0.054341 0.054036 0.053956 0.053936 0.053930 0.053929 0.053929 0.053929 0.053929 0.053929 0.053929 0.053929 0.053929 0.053929 0.053929 0.053929 0.053929 0.053929 0.053929 0.053929 0.053929 0.053929 0.053929 0.053929 0.053929 0.053929 0.053929 0.053929 0.053929 0.053928 0.053927 0.053924 0.053913 0.053875 0.053746 0.053358 0.052306 0.049816 -9999.0 -9999.0
-9999.0 -9999.0 0.057553 0.054829 0.054209 0.054181 0.054537 0.055415 0.056769 0.057679 0.055231 0.053930 0.053114 0.052499 0.052429 0.052933 0.053324 0.053601 0.053823 0.054018 0.054195 0.054362 0.054524 0.054684 0.054845 0.055009 0.055178 0.055350 0.055526 0.055706 0.055886 0.056061 0.056221 0.056351 0.056441 0.056489 0.099972 0.100000 0.100000 0.100000 0.100000 0.100000 0.100000 0.100000 0.080738 0.057383 0.044658 0.035989 0.027210 0.025544 0.025540 0.025540 0.025540 0.025540 0.025540 0.025540 0.025540 0.025540 0.025558 0.028113 0.038835 0.048647 0.057165 0.055388 0.054341 0.054036 0.053956 0.053936 0.053930 0.053929 0.053929 0.053929 0.053929 0.053929 0.053929 0.053929 0.053929 0.053929 0.053929 0.053929 0.053929 0.053929 0.053929 0.053929 0.053929 0.053929 0.053929 0.053929 0.053929 0.053929 0.053929 0.053929 0.053929 0.053928 0.053927 0.053924 0.053913 0.053875 0.053746 0.053358 0.052306 0.049816 -9999.0 -9999.0
-9999.0 -9999.0 -9999.0 -9999.0 -9999.0 -9999.0 -9999.0 -9999.0 -9999.0 -9999.0 -9999.0 -9999.0 -9999.0 -9999.0 -9999.0 -9999.0 -9999.0 -9999.0 -9999.0 -9999.0 -9999.0 -9999.0 -9999.0 -9999.0 -9999.0 -9999.0 -9999.0 -9999.0 -9999.0 -9999.0 -9999.0 -9999.0 -9999.0 -9999.0 -9999.0 -9999.0 -9999.0 -9999.0 -9999.0 -9999.0 -9999.0 -9999.0 -9999.0 -9999.0 -9999.0 -9999.0 -9999.0 -9999.0 -9999.0 -9999.0 -9999.0 -9999.0 -9999.0 -9999.0 -9999.0 -9999.0 -9999.0 -9999.0 -9999.0 -9999.0 -9999.0 -9999.0 -9999.0 -9999.0 -9999.0 -9999.0 -9999.0 -9999.0 -9999.0 -9999.0 -9999.0 -9999.0 -9999.0 -9999.0 -9999.0 -9999.0 -9999.0 -9999.0 -9999.0 -9999.0 -9999.0 -9999.0 -9999.0 -9999.0 -9999.0 -9999.0 -9999.0 -9999.0 -9999.0 -9999.0 -9999.0 -9999.0 -9999.0 -9999.0 -9999.0 -9999.0 -9999.0 -9999.0 -9999.0 -9999.0 -9999.0 -9999.0 -9999.0 -9999.0
-9999.0 -9999.0 -9999.0 -9999.0 -9999.0 -9999.0 -9999.0 -9999.0 -9999.0 -9999.0 -9999.0 -9999.0 -9999.0 -9999.0 -9999.0 -9999.0 -9999.0 -9999.0 -9999.0 -9999.0 -9999.0 -9999.0 -9999.0 -9999.0 -9999.0 -9999.0 -9999.0 -9999.0 -9999.0 -9999.0 -9999.0 -9999.0 -9999.0 -9999.0 -9999.0 -9999.0 -9999.0 -9999.0 -9999.0 -9999.0 -9999.0 -9999.0 -9999.0 -9999.0 -9999.0 -9999.0 -9999.0 -9999.0 -9999.0 -9999.0 -9999.0 -9999.0 -9999.0 -9999.0 -9999.0 -9999.0 -9999.0 -9999.0 -9999.0 -9999.0 -9999.0 -9999.0 -9999.0 -9999.0 -9999.0 -9999.0 -9999.0 -9999.0 -9999.0 -9999.0 -9999.0 -9999.0 -9999.0 -9999.0 -9999.0 -9999.0 -9999.0 -9999.0 -9999.0 -9999.0 -9999.0 -9999.0 -9999.0 -9999.0 -9999.0 -9999.0 -9999.0 -9999.0 -9999.0 -9999.0 -9999.0 -9999.0 -9999.0 -9999.0 -9999.0 -9999.0 -9999.0 -9999.0 -9999.0 -9999.0 -9999.0 -9999.0 -9999.0 -9999.0