examples/3D/hillslope02_superslab/output-maps-SE27XX/thetaliqL0030N0002.asc
ncols         104
nrows         10
xllcorner     -2.000000
yllcorner     0.000000
cellsize      1.000000
NODATA_value  -9999.0
-9999.0 -9999.0 -9999.0 -9999.0 -9999.0 -9999.0 -9999.0 -9999.0 -9999.0 -9999.0 -9999.0 -9999.0 -9999.0 -9999.0 -9999.0 -9999.0 -9999.0 -9999.0 -9999.0 -9999.0 -9999.0 -9999.0 -9999.0 -9999.0 -9999.0 -9999.0 -9999.0 -9999.0 -9999.0 -9999.0 -9999.0 -9999.0 -9999.0 -9999.0 -9999.0 -9999.0 -9999.0 -9999.0 -9999.0 -9999.0 -9999.0 -9999.0 -9999.0 -9999.0 -9999.0 -9999.0 -9999.0 -9999.0 -9999.0 -9999.0 -9999.0 -9999.0 -9999.0 -9999.0 -9999.0 -9999.0 -9999.0 -9999.0 -9999.0 -9999.0 -9999.0 -9999.0 -9999.0 -9999.0 -9999.0 -9999.0 -9999.0 -9999.0 -9999.0 -9999.0 -9999.0 -9999.0 -9999.0 -9999.0 -9999.0 -9999.0 -9999.0 -9999.0 -9999.0 -9999.0 -9999.0 -9999.0 -9999.0 -9999.0 -9999.0 -9999.0 -9999.0 -9999.0 -9999.0 -9999.0 -9999.0 -9999.0 -9999.0 -9999.0 -9999.0 -9999.0 -9999.0 -9999.0 -9999.0 -9999.0 -9999.0 -9999.0 -9999.0 -9999.0
-9999.0 -9999.0 -9999.0 -9999.0 -9999.0 -9999.0 -9999.0 -9999.0 -9999.0 -9999.0 -9999.0 -9999.0 -9999.0 -9999.0 -9999.0 -9999.0 -9999.0 -9999.0 -9999.0 -9999.0 -9999.0 -9999.0 -9999.0 -9999.0 -9999.0 -9999.0 -9999.0 -9999.0 -9999.0 -9999.0 -9999.0 -9999.0 -9999.0 -9999.0 -9999.0 -9999.0 -9999.0 -9999.0 -9999.0 -9999.0 -9999.0 -9999.0 -9999.0 -9999.0 -9999.0 -9999.0 -9999.0 -9999.0 -9999.0 -9999.0 -9999.0 -9999.0 -9999.0 -9999.0 -9999.0 -9999.0 -9999.0 -9999.0 -9999.0 -9999.0 -9999.0 -9999.0 -9999.0 -9999.0 -9999.0 -9999.0 -9999.0 -9999.0 -9999.0 -9999.0 -9999.0 -9999.0 -9999.0 -9999.0 -9999.0 -9999.0 -9999.0 -9999.0 -9999.0 -9999.0 -9999.0 -9999.0 -9999.0 -9999.0 -9999.0 -9999.0 -9999.0 -9999.0 -9999.0 -9999.0 -9999.0 -9999.0 -9999.0 -9999.0 -9999.0 -9999.0 -9999.0 -9999.0 -9999.0 -9999.0 -9999.0 -9999.0 -9999.0 -9999.0
-9999.0 -9999.0 0.057063 0.054682 0.054161 0.054147 0.054484 0.055338 0.056799 0.058331 0.055307 0.054018 0.053193 0.052459 0.052302 0.052917 0.053345 0.053638 0.053870 0.054072 0.054253 0.054421 0.054582 0.054739 0.054901 0.099846 0.100000 0.100000 0.100000 0.100000 0.100000 0.100000 0.100000 0.100000 0.100000 0.100000 0.098735 0.083000 0.069550 0.064119 0.063498 0.064464 0.043865 0.032687 0.024940 0.023819 0.023816 0.023816 0.023816 0.023816 0.023816 0.023816 0.023816 0.023816 0.023816 0.023816 0.023816 0.023816 0.023819 0.024789 0.032451 0.043078 0.058860 0.055375 0.054297 0.054023 0.053953 0.053935 0.053930 0.053929 0.053929 0.053929 0.053929 0.053929 0.053929 0.053929 0.053929 0.053929 0.053929 0.053929 0.053929 0.053929 0.053929 0.053929 0.053929 0.053929 0.053929 0.053929 0.053929 0.053929 0.053929 0.053929 0.053929 0.053928 0.053928 0.053926 0.053919 0.053895 0.053807 0.053514 0.052627 0.050268 -9999.0 -9999.0
-9999.0 -9999.0 0.057063 0.054682 0.054161 0.054147 0.054484 0.055338 0.056799 0.058331 0.055307 0.054018 0.053193 0.052459 0.052302 0.052917 0.053345 0.053638 0.053870 0.054072 0.054253 0.054421 0.054582 0.054739 0.054901 0.099846 0.100000 0.100000 0.100000 0.100000 0.100000 0.100000 0.100000 0.100000 0.100000 0.100000 0.098735 0.083000 0.069550 0.064119 0.063498 0.064464 0.043865 0.032687 0.024940 0.023819 0.023816 0.023816 0.023816 0.023816 0.023816 0.023816 0.023816 0.023816 0.023816 0.023816 0.023816 0.023816 0.023819 0.024789 0.032451 0.043078 0.058860 0.055375 0.054297 0.054023 0.053953 0.053935 0.053930 0.053929 0.053929 0.053929 0.053929 0.053929 0.053929 0.053929 0.053929 0.053929 0.053929 0.053929 0.053929 0.053929 0.053929 0.053929 0.053929 0.053929 0.053929 0.053929 0.053929 0.053929 0.053929 0.053929 0.053929 0.053928 0.053928 0.053926 0.053919 0.053895 0.053807 0.053514 0.052627 0.050268 -9999.0 -9999.0
-9999.0 -9999.0 0.057063 0.054682 0.054161 0.054147 0.054484 0.055338 0.056799 0.058331 0.055307 0.054018 0.053193 0.052459 0.052302 0.052917 0.053345 0.053638 0.053870 0.054072 0.054253 0.054421 0.054582 0.054739 0.054901 0.099846 0.100000 0.100000 0.100000 0.100000 0.100000 0.100000 0.100000 0.100000 0.100000 0.100000 0.098735 0.083000 0.069550 0.064119 0.063498 0.064464 0.043865 0.032687 0.024940 0.023819 0.023816 0.023816 0.023816 0.023816 0.023816 0.023816 0.023816 0.023816 0.023816 0.023816 0.023816 0.023816 0.023819 0.024789 0.032451 0.043078 0.058860 0.055375 0.054297 0.054023 0.053953 0.053935 0.053930 0.053929 0.053929 0.053929 0.053929 0.053929 0.053929 0.053929 0.053929 0.053929 0.053929 0.053929 0.053929 0.053929 0.053929 0.053929 0.053929 0.053929 0.053929 0.053929 0.053929 0.053929 0.053929 0.053929 0.053929 0.053928 0.053928 0.053926 0.053919 0.053895 0.053807 0.053514 0.052627 0.050268 -9999.0 -9999.0
-9999.0 -9999.0 0.057063 0.054682 0.054161 0.054147 0.054484 0.055338 0.056799 0.058331 0.055307 0.054018 0.053193 0.052459 0.052302 0.052917 0.053345 0.053638 0.053870 0.054072 0.054253 0.054421 0.054582 0.054739 0.054901 0.099846 0.100000 0.100000 0.100000 0.100000 0.100000 0.100000 0.100000 0.100000 0.100000 0.100000 0.098735 0.083000 0.069550 0.064119 0.063498 0.064464 0.043865 0.032687 0.024940 0.023819 0.023816 0.023816 0.023816 0.023816 0.023816 0.023816 0.023816 0.023816 0.023816 0.023816 0.023816 0.023816 0.023819 0.024789 0.032451 0.043078 0.058860 0.055375 0.054297 0.054023 0.053953 0.053935 0.053930 0.053929 0.053929 0.053929 0.053929 0.053929 0.053929 0.053929 0.053929 0.053929 0.053929 0.053929 0.053929 0.053929 0.053929 0.053929 0.053929 0.053929 0.053929 0.053929 0.053929 0.053929 0.053929 0.053929 0.053929 0.053928 0.053928 0.053926 0.053919 0.053895 0.053807 0.053514 0.052627 0.050268 -9999.0 -9999.0
-9999.0 -9999.0 0.057063 0.054682 0.054161 0.054147 0.054484 0.055338 0.056799 0.058331 0.055307 0.054018 0.053193 0.052459 0.052302 0.052917 0.053345 0.053638 0.053870 0.054072 0.054253 0.054421 0.054582 0.054739 0.054901 0.099846 0.100000 0.100000 0.100000 0.100000 0.100000 0.100000 0.100000 0.100000 0.100000 0.100000 0.098735 0.083000 0.069550 0.064119 0.063498 0.064464 0.043865 0.032687 0.024940 0.023819 0.023816 0.023816 0.023816 0.023816 0.023816 0.023816 0.023816 0.023816 0.023816 0.023816 0.023816 0.023816 0.023819 0.024789 0.032451 0.043078 0.058860 0.055375 0.054297 0.054023 0.053953 0.053935 0.053930 0.053929 0.053929 0.053929 0.053929 0.053929 0.053929 0.053929 0.053929 0.053929 0.053929 0.053929 0.053929 0.053929 0.053929 0.053929 0.053929 0.053929 0.053929 0.053929 0.053929 0.053929 0.053929 0.053929 0.053929 0.053928 0.053928 0.053926 0.053919 0.053895 0.053807 0.053514 0.052627 0.050268 -9999.0 -9999.0
-9999.0 -9999.0 0.057063 0.054682 0.054161 0.054147 0.054484 0.055338 0.056799 0.058331 0.055307 0.054018 0.053193 0.052459 0.052302 0.052917 0.053345 0.053638 0.053870 0.054072 0.054253 0.054421 0.054582 0.054739 0.054901 0.099846 0.100000 0.100000 0.100000 0.100000 0.100000 0.100000 0.100000 0.100000 0.100000 0.100000 0.098735 0.083000 0.069550 0.064119 0.063498 0.064464 0.043865 0.032687 0.024940 0.023819 0.023816 0.023816 0.023816 0.023816 0.023816 0.023816 0.023816 0.023816 0.023816 0.023816 0.023816 0.023816 0.023819 0.024789 0.032451 0.043078 0.058860 0.055375 0.054297 0.054023 0.053953 0.053935 0.053930 0.053929 0.053929 0.053929 0.053929 0.053929 0.053929 0.053929 0.053929 0.053929 0.053929 0.053929 0.053929 0.053929 0.053929 0.053929 0.053929 0.053929 0.053929 0.053929 0.053929 0.053929 0.053929 0.053929 0.053929 0.053928 0.053928 0.053926 0.053919 0.053895 0.053807 0.053514 0.052627 0.050268 -9999.0 -9999.0
-9999.0 -9999.0 -9999.0 -9999.0 -9999.0 -9999.0 -9999.0 -9999.0 -9999.0 -9999.0 -9999.0 -9999.0 -9999.0 -9999.0 -9999.0 -9999.0 -9999.0 -9999.0 -9999.0 -9999.0 -9999.0 -9999.0 -9999.0 -9999.0 -9999.0 -9999.0 -9999.0 -9999.0 -9999.0 -9999.0 -9999.0 -9999.0 -9999.0 -9999.0 -9999.0 -9999.0 -9999.0 -9999.0 -9999.0 -9999.0 -9999.0 -9999.0 -9999.0 -9999.0 -9999.0 -9999.0 -9999.0 -9999.0 -9999.0 -9999.0 -9999.0 -9999.0 -9999.0 -9999.0 -9999.0 -9999.0 -9999.0 -9999.0 -9999.0 -9999.0 -9999.0 -9999.0 -9999.0 -9999.0 -9999.0 -9999.0 -9999.0 -9999.0 -9999.0 -9999.0 -9999.0 -9999.0 -9999.0 -9999.0 -9999.0 -9999.0 -9999.0 -9999.0 -9999.0 -9999.0 -9999.0 -9999.0 -9999.0 -9999.0 -9999.0 -9999.0 -9999.0 -9999.0 -9999.0 -9999.0 -9999.0 -9999.0 -9999.0 -9999.0 -9999.0 -9999.0 -9999.0 -9999.0 -9999.0 -9999.0 -9999.0 -9999.0 -9999.0 -9999.0
-9999.0 -9999.0 -9999.0 -9999.0 -9999.0 -9999.0 -9999.0 -9999.0 -9999.0 -9999.0 -9999.0 -9999.0 -9999.0 -9999.0 -9999.0 -9999.0 -9999.0 -9999.0 -9999.0 -9999.0 -9999.0 -9999.0 -9999.0 -9999.0 -9999.0 -9999.0 -9999.0 -9999.0 -9999.0 -9999.0 -9999.0 -9999.0 -9999.0 -9999.0 -9999.0 -9999.0 -9999.0 -9999.0 -9999.0 -9999.0 -9999.0 -9999.0 -9999.0 -9999.0 -9999.0 -9999.0 -9999.0 -9999.0 -9999.0 -9999.0 -9999.0 -9999.0 -9999.0 -9999.0 -9999.0 -9999.0 -9999.0 -9999.0 -9999.0 -9999.0 -9999.0 -9999.0 -9999.0 -9999.0 -9999.0 -9999.0 -9999.0 -9999.0 -9999.0 -9999.0 -9999.0 -9999.0 -9999.0 -9999.0 -9999.0 -9999.0 -9999.0 -9999.0 -9999.0 -9999.0 -9999.0 -9999.0 -9999.0 -9999.0 -9999.0 -9999.0 -9999.0 -9999.0 -9999.0 -9999.0 -9999.0 -9999.0 -9999.0 -9999.0 -9999.0 -9999.0 -9999.0 -9999.0 -9999.0 -9999.0 -9999.0 -9999.0 -9999.0 -9999.0