examples/3D/hillslope02_superslab/output-maps-SE27XX/thetaliqL0006N0003.asc
ncols         104
nrows         10
xllcorner     -2.000000
yllcorner     0.000000
cellsize      1.000000
NODATA_value  -9999.0
-9999.0 -9999.0 -9999.0 -9999.0 -9999.0 -9999.0 -9999.0 -9999.0 -9999.0 -9999.0 -9999.0 -9999.0 -9999.0 -9999.0 -9999.0 -9999.0 -9999.0 -9999.0 -9999.0 -9999.0 -9999.0 -9999.0 -9999.0 -9999.0 -9999.0 -9999.0 -9999.0 -9999.0 -9999.0 -9999.0 -9999.0 -9999.0 -9999.0 -9999.0 -9999.0 -9999.0 -9999.0 -9999.0 -9999.0 -9999.0 -9999.0 -9999.0 -9999.0 -9999.0 -9999.0 -9999.0 -9999.0 -9999.0 -9999.0 -9999.0 -9999.0 -9999.0 -9999.0 -9999.0 -9999.0 -9999.0 -9999.0 -9999.0 -9999.0 -9999.0 -9999.0 -9999.0 -9999.0 -9999.0 -9999.0 -9999.0 -9999.0 -9999.0 -9999.0 -9999.0 -9999.0 -9999.0 -9999.0 -9999.0 -9999.0 -9999.0 -9999.0 -9999.0 -9999.0 -9999.0 -9999.0 -9999.0 -9999.0 -9999.0 -9999.0 -9999.0 -9999.0 -9999.0 -9999.0 -9999.0 -9999.0 -9999.0 -9999.0 -9999.0 -9999.0 -9999.0 -9999.0 -9999.0 -9999.0 -9999.0 -9999.0 -9999.0 -9999.0 -9999.0
-9999.0 -9999.0 -9999.0 -9999.0 -9999.0 -9999.0 -9999.0 -9999.0 -9999.0 -9999.0 -9999.0 -9999.0 -9999.0 -9999.0 -9999.0 -9999.0 -9999.0 -9999.0 -9999.0 -9999.0 -9999.0 -9999.0 -9999.0 -9999.0 -9999.0 -9999.0 -9999.0 -9999.0 -9999.0 -9999.0 -9999.0 -9999.0 -9999.0 -9999.0 -9999.0 -9999.0 -9999.0 -9999.0 -9999.0 -9999.0 -9999.0 -9999.0 -9999.0 -9999.0 -9999.0 -9999.0 -9999.0 -9999.0 -9999.0 -9999.0 -9999.0 -9999.0 -9999.0 -9999.0 -9999.0 -9999.0 -9999.0 -9999.0 -9999.0 -9999.0 -9999.0 -9999.0 -9999.0 -9999.0 -9999.0 -9999.0 -9999.0 -9999.0 -9999.0 -9999.0 -9999.0 -9999.0 -9999.0 -9999.0 -9999.0 -9999.0 -9999.0 -9999.0 -9999.0 -9999.0 -9999.0 -9999.0 -9999.0 -9999.0 -9999.0 -9999.0 -9999.0 -9999.0 -9999.0 -9999.0 -9999.0 -9999.0 -9999.0 -9999.0 -9999.0 -9999.0 -9999.0 -9999.0 -9999.0 -9999.0 -9999.0 -9999.0 -9999.0 -9999.0
-9999.0 -9999.0 0.035120 0.034938 0.034913 0.034910 0.034914 0.034925 0.034939 0.034991 0.035373 0.035923 0.036458 0.082694 0.082138 0.081586 0.081147 0.036264 0.036951 0.037365 0.037500 0.037413 0.037173 0.036842 0.036477 0.036120 0.035805 0.035546 0.035347 0.035203 0.035107 0.035050 0.035019 0.035001 0.034989 0.034983 0.034979 0.034978 0.034977 0.034978 0.034959 0.034699 0.079823 0.077807 0.077827 0.077831 0.077827 0.077820 0.077811 0.077804 0.077796 0.077786 0.077773 0.077761 0.077752 0.077739 0.077722 0.077705 0.077689 0.077661 0.077592 0.078753 0.034852 0.034918 0.034910 0.034906 0.034905 0.034904 0.034904 0.034904 0.034904 0.034904 0.034904 0.034904 0.034904 0.034904 0.034904 0.034904 0.034904 0.034904 0.034904 0.034904 0.034904 0.034904 0.034904 0.034904 0.034904 0.034904 0.034904 0.034904 0.034904 0.034904 0.034904 0.034904 0.034904 0.034904 0.034904 0.034904 0.034902 0.034896 0.034869 0.034715 -9999.0 -9999.0
-9999.0 -9999.0 0.035120 0.034938 0.034913 0.034910 0.034914 0.034925 0.034939 0.034991 0.035373 0.035923 0.036458 0.082694 0.082138 0.081586 0.081147 0.036264 0.036951 0.037365 0.037500 0.037413 0.037173 0.036842 0.036477 0.036120 0.035805 0.035546 0.035347 0.035203 0.035107 0.035050 0.035019 0.035001 0.034989 0.034983 0.034979 0.034978 0.034977 0.034978 0.034959 0.034699 0.079823 0.077807 0.077827 0.077831 0.077827 0.077820 0.077811 0.077804 0.077796 0.077786 0.077773 0.077761 0.077752 0.077739 0.077722 0.077705 0.077689 0.077661 0.077592 0.078753 0.034852 0.034918 0.034910 0.034906 0.034905 0.034904 0.034904 0.034904 0.034904 0.034904 0.034904 0.034904 0.034904 0.034904 0.034904 0.034904 0.034904 0.034904 0.034904 0.034904 0.034904 0.034904 0.034904 0.034904 0.034904 0.034904 0.034904 0.034904 0.034904 0.034904 0.034904 0.034904 0.034904 0.034904 0.034904 0.034904 0.034902 0.034896 0.034869 0.034715 -9999.0 -9999.0
-9999.0 -9999.0 0.035120 0.034938 0.034913 0.034910 0.034914 0.034925 0.034939 0.034991 0.035373 0.035923 0.036458 0.082694 0.082138 0.081586 0.081147 0.036264 0.036951 0.037365 0.037500 0.037413 0.037173 0.036842 0.036477 0.036120 0.035805 0.035546 0.035347 0.035203 0.035107 0.035050 0.035019 0.035001 0.034989 0.034983 0.034979 0.034978 0.034977 0.034978 0.034959 0.034699 0.079823 0.077807 0.077827 0.077831 0.077827 0.077820 0.077811 0.077804 0.077796 0.077786 0.077773 0.077761 0.077752 0.077739 0.077722 0.077705 0.077689 0.077661 0.077592 0.078753 0.034852 0.034918 0.034910 0.034906 0.034905 0.034904 0.034904 0.034904 0.034904 0.034904 0.034904 0.034904 0.034904 0.034904 0.034904 0.034904 0.034904 0.034904 0.034904 0.034904 0.034904 0.034904 0.034904 0.034904 0.034904 0.034904 0.034904 0.034904 0.034904 0.034904 0.034904 0.034904 0.034904 0.034904 0.034904 0.034904 0.034902 0.034896 0.034869 0.034715 -9999.0 -9999.0
-9999.0 -9999.0 0.035120 0.034938 0.034913 0.034910 0.034914 0.034925 0.034939 0.034991 0.035373 0.035923 0.036458 0.082694 0.082138 0.081586 0.081147 0.036264 0.036951 0.037365 0.037500 0.037413 0.037173 0.036842 0.036477 0.036120 0.035805 0.035546 0.035347 0.035203 0.035107 0.035050 0.035019 0.035001 0.034989 0.034983 0.034979 0.034978 0.034977 0.034978 0.034959 0.034699 0.079823 0.077807 0.077827 0.077831 0.077827 0.077820 0.077811 0.077804 0.077796 0.077786 0.077773 0.077761 0.077752 0.077739 0.077722 0.077705 0.077689 0.077661 0.077592 0.078753 0.034852 0.034918 0.034910 0.034906 0.034905 0.034904 0.034904 0.034904 0.034904 0.034904 0.034904 0.034904 0.034904 0.034904 0.034904 0.034904 0.034904 0.034904 0.034904 0.034904 0.034904 0.034904 0.034904 0.034904 0.034904 0.034904 0.034904 0.034904 0.034904 0.034904 0.034904 0.034904 0.034904 0.034904 0.034904 0.034904 0.034902 0.034896 0.034869 0.034715 -9999.0 -9999.0
-9999.0 -9999.0 0.035120 0.034938 0.034913 0.034910 0.034914 0.034925 0.034939 0.034991 0.035373 0.035923 0.036458 0.082694 0.082138 0.081586 0.081147 0.036264 0.036951 0.037365 0.037500 0.037413 0.037173 0.036842 0.036477 0.036120 0.035805 0.035546 0.035347 0.035203 0.035107 0.035050 0.035019 0.035001 0.034989 0.034983 0.034979 0.034978 0.034977 0.034978 0.034959 0.034699 0.079823 0.077807 0.077827 0.077831 0.077827 0.077820 0.077811 0.077804 0.077796 0.077786 0.077773 0.077761 0.077752 0.077739 0.077722 0.077705 0.077689 0.077661 0.077592 0.078753 0.034852 0.034918 0.034910 0.034906 0.034905 0.034904 0.034904 0.034904 0.034904 0.034904 0.034904 0.034904 0.034904 0.034904 0.034904 0.034904 0.034904 0.034904 0.034904 0.034904 0.034904 0.034904 0.034904 0.034904 0.034904 0.034904 0.034904 0.034904 0.034904 0.034904 0.034904 0.034904 0.034904 0.034904 0.034904 0.034904 0.034902 0.034896 0.034869 0.034715 -9999.0 -9999.0
-9999.0 -9999.0 0.035120 0.034938 0.034913 0.034910 0.034914 0.034925 0.034939 0.034991 0.035373 0.035923 0.036458 0.082694 0.082138 0.081586 0.081147 0.036264 0.036951 0.037365 0.037500 0.037413 0.037173 0.036842 0.036477 0.036120 0.035805 0.035546 0.035347 0.035203 0.035107 0.035050 0.035019 0.035001 0.034989 0.034983 0.034979 0.034978 0.034977 0.034978 0.034959 0.034699 0.079823 0.077807 0.077827 0.077831 0.077827 0.077820 0.077811 0.077804 0.077796 0.077786 0.077773 0.077761 0.077752 0.077739 0.077722 0.077705 0.077689 0.077661 0.077592 0.078753 0.034852 0.034918 0.034910 0.034906 0.034905 0.034904 0.034904 0.034904 0.034904 0.034904 0.034904 0.034904 0.034904 0.034904 0.034904 0.034904 0.034904 0.034904 0.034904 0.034904 0.034904 0.034904 0.034904 0.034904 0.034904 0.034904 0.034904 0.034904 0.034904 0.034904 0.034904 0.034904 0.034904 0.034904 0.034904 0.034904 0.034902 0.034896 0.034869 0.034715 -9999.0 -9999.0
-9999.0 -9999.0 -9999.0 -9999.0 -9999.0 -9999.0 -9999.0 -9999.0 -9999.0 -9999.0 -9999.0 -9999.0 -9999.0 -9999.0 -9999.0 -9999.0 -9999.0 -9999.0 -9999.0 -9999.0 -9999.0 -9999.0 -9999.0 -9999.0 -9999.0 -9999.0 -9999.0 -9999.0 -9999.0 -9999.0 -9999.0 -9999.0 -9999.0 -9999.0 -9999.0 -9999.0 -9999.0 -9999.0 -9999.0 -9999.0 -9999.0 -9999.0 -9999.0 -9999.0 -9999.0 -9999.0 -9999.0 -9999.0 -9999.0 -9999.0 -9999.0 -9999.0 -9999.0 -9999.0 -9999.0 -9999.0 -9999.0 -9999.0 -9999.0 -9999.0 -9999.0 -9999.0 -9999.0 -9999.0 -9999.0 -9999.0 -9999.0 -9999.0 -9999.0 -9999.0 -9999.0 -9999.0 -9999.0 -9999.0 -9999.0 -9999.0 -9999.0 -9999.0 -9999.0 -9999.0 -9999.0 -9999.0 -9999.0 -9999.0 -9999.0 -9999.0 -9999.0 -9999.0 -9999.0 -9999.0 -9999.0 -9999.0 -9999.0 -9999.0 -9999.0 -9999.0 -9999.0 -9999.0 -9999.0 -9999.0 -9999.0 -9999.0 -9999.0 -9999.0
-9999.0 -9999.0 -9999.0 -9999.0 -9999.0 -9999.0 -9999.0 -9999.0 -9999.0 -9999.0 -9999.0 -9999.0 -9999.0 -9999.0 -9999.0 -9999.0 -9999.0 -9999.0 -9999.0 -9999.0 -9999.0 -9999.0 -9999.0 -9999.0 -9999.0 -9999.0 -9999.0 -9999.0 -9999.0 -9999.0 -9999.0 -9999.0 -9999.0 -9999.0 -9999.0 -9999.0 -9999.0 -9999.0 -9999.0 -9999.0 -9999.0 -9999.0 -9999.0 -9999.0 -9999.0 -9999.0 -9999.0 -9999.0 -9999.0 -9999.0 -9999.0 -9999.0 -9999.0 -9999.0 -9999.0 -9999.0 -9999.0 -9999.0 -9999.0 -9999.0 -9999.0 -9999.0 -9999.0 -9999.0 -9999.0 -9999.0 -9999.0 -9999.0 -9999.0 -9999.0 -9999.0 -9999.0 -9999.0 -9999.0 -9999.0 -9999.0 -9999.0 -9999.0 -9999.0 -9999.0 -9999.0 -9999.0 -9999.0 -9999.0 -9999.0 -9999.0 -9999.0 -9999.0 -9999.0 -9999.0 -9999.0 -9999.0 -9999.0 -9999.0 -9999.0 -9999.0 -9999.0 -9999.0 -9999.0 -9999.0 -9999.0 -9999.0 -9999.0 -9999.0