examples/3D/hillslope02_superslab/output-maps-SE27XX/thetaliqL0063N0002.asc
ncols         104
nrows         10
xllcorner     -2.000000
yllcorner     0.000000
cellsize      1.000000
NODATA_value  -9999.0
-9999.0 -9999.0 -9999.0 -9999.0 -9999.0 -9999.0 -9999.0 -9999.0 -9999.0 -9999.0 -9999.0 -9999.0 -9999.0 -9999.0 -9999.0 -9999.0 -9999.0 -9999.0 -9999.0 -9999.0 -9999.0 -9999.0 -9999.0 -9999.0 -9999.0 -9999.0 -9999.0 -9999.0 -9999.0 -9999.0 -9999.0 -9999.0 -9999.0 -9999.0 -9999.0 -9999.0 -9999.0 -9999.0 -9999.0 -9999.0 -9999.0 -9999.0 -9999.0 -9999.0 -9999.0 -9999.0 -9999.0 -9999.0 -9999.0 -9999.0 -9999.0 -9999.0 -9999.0 -9999.0 -9999.0 -9999.0 -9999.0 -9999.0 -9999.0 -9999.0 -9999.0 -9999.0 -9999.0 -9999.0 -9999.0 -9999.0 -9999.0 -9999.0 -9999.0 -9999.0 -9999.0 -9999.0 -9999.0 -9999.0 -9999.0 -9999.0 -9999.0 -9999.0 -9999.0 -9999.0 -9999.0 -9999.0 -9999.0 -9999.0 -9999.0 -9999.0 -9999.0 -9999.0 -9999.0 -9999.0 -9999.0 -9999.0 -9999.0 -9999.0 -9999.0 -9999.0 -9999.0 -9999.0 -9999.0 -9999.0 -9999.0 -9999.0 -9999.0 -9999.0
-9999.0 -9999.0 -9999.0 -9999.0 -9999.0 -9999.0 -9999.0 -9999.0 -9999.0 -9999.0 -9999.0 -9999.0 -9999.0 -9999.0 -9999.0 -9999.0 -9999.0 -9999.0 -9999.0 -9999.0 -9999.0 -9999.0 -9999.0 -9999.0 -9999.0 -9999.0 -9999.0 -9999.0 -9999.0 -9999.0 -9999.0 -9999.0 -9999.0 -9999.0 -9999.0 -9999.0 -9999.0 -9999.0 -9999.0 -9999.0 -9999.0 -9999.0 -9999.0 -9999.0 -9999.0 -9999.0 -9999.0 -9999.0 -9999.0 -9999.0 -9999.0 -9999.0 -9999.0 -9999.0 -9999.0 -9999.0 -9999.0 -9999.0 -9999.0 -9999.0 -9999.0 -9999.0 -9999.0 -9999.0 -9999.0 -9999.0 -9999.0 -9999.0 -9999.0 -9999.0 -9999.0 -9999.0 -9999.0 -9999.0 -9999.0 -9999.0 -9999.0 -9999.0 -9999.0 -9999.0 -9999.0 -9999.0 -9999.0 -9999.0 -9999.0 -9999.0 -9999.0 -9999.0 -9999.0 -9999.0 -9999.0 -9999.0 -9999.0 -9999.0 -9999.0 -9999.0 -9999.0 -9999.0 -9999.0 -9999.0 -9999.0 -9999.0 -9999.0 -9999.0
-9999.0 -9999.0 0.069895 0.060424 0.056419 0.055018 0.054854 0.055531 0.056733 0.057394 0.055169 0.053880 0.053074 0.052502 0.052446 0.052914 0.053292 0.053563 0.053782 0.053975 0.054152 0.054320 0.054484 0.054649 0.054815 0.054984 0.055158 0.055335 0.055515 0.055698 0.055880 0.056056 0.056215 0.056343 0.056431 0.056471 0.056463 0.056407 0.056303 0.056145 0.055915 0.099474 0.099990 0.100000 0.100000 0.100000 0.100000 0.078569 0.054330 0.037873 0.027554 0.027154 0.027153 0.027153 0.027153 0.027153 0.027153 0.027153 0.027165 0.028945 0.039590 0.049430 0.056602 0.055356 0.054358 0.054043 0.053959 0.053937 0.053931 0.053930 0.053929 0.053929 0.053929 0.053929 0.053929 0.053929 0.053929 0.053929 0.053929 0.053929 0.053929 0.053929 0.053929 0.053929 0.053929 0.053929 0.053929 0.053929 0.053929 0.053929 0.053929 0.053929 0.053929 0.053928 0.053927 0.053923 0.053909 0.053862 0.053710 0.053271 0.052133 0.049498 -9999.0 -9999.0
-9999.0 -9999.0 0.069895 0.060424 0.056419 0.055018 0.054854 0.055531 0.056733 0.057394 0.055169 0.053880 0.053074 0.052502 0.052446 0.052914 0.053292 0.053563 0.053782 0.053975 0.054152 0.054320 0.054484 0.054649 0.054815 0.054984 0.055158 0.055335 0.055515 0.055698 0.055880 0.056056 0.056215 0.056343 0.056431 0.056471 0.056463 0.056407 0.056303 0.056145 0.055915 0.099474 0.099990 0.100000 0.100000 0.100000 0.100000 0.078569 0.054330 0.037873 0.027554 0.027154 0.027153 0.027153 0.027153 0.027153 0.027153 0.027153 0.027165 0.028945 0.039590 0.049430 0.056602 0.055356 0.054358 0.054043 0.053959 0.053937 0.053931 0.053930 0.053929 0.053929 0.053929 0.053929 0.053929 0.053929 0.053929 0.053929 0.053929 0.053929 0.053929 0.053929 0.053929 0.053929 0.053929 0.053929 0.053929 0.053929 0.053929 0.053929 0.053929 0.053929 0.053929 0.053928 0.053927 0.053923 0.053909 0.053862 0.053710 0.053271 0.052133 0.049498 -9999.0 -9999.0
-9999.0 -9999.0 0.069895 0.060424 0.056419 0.055018 0.054854 0.055531 0.056733 0.057394 0.055169 0.053880 0.053074 0.052502 0.052446 0.052914 0.053292 0.053563 0.053782 0.053975 0.054152 0.054320 0.054484 0.054649 0.054815 0.054984 0.055158 0.055335 0.055515 0.055698 0.055880 0.056056 0.056215 0.056343 0.056431 0.056471 0.056463 0.056407 0.056303 0.056145 0.055915 0.099474 0.099990 0.100000 0.100000 0.100000 0.100000 0.078569 0.054330 0.037873 0.027554 0.027154 0.027153 0.027153 0.027153 0.027153 0.027153 0.027153 0.027165 0.028945 0.039590 0.049430 0.056602 0.055356 0.054358 0.054043 0.053959 0.053937 0.053931 0.053930 0.053929 0.053929 0.053929 0.053929 0.053929 0.053929 0.053929 0.053929 0.053929 0.053929 0.053929 0.053929 0.053929 0.053929 0.053929 0.053929 0.053929 0.053929 0.053929 0.053929 0.053929 0.053929 0.053929 0.053928 0.053927 0.053923 0.053909 0.053862 0.053710 0.053271 0.052133 0.049498 -9999.0 -9999.0
-9999.0 -9999.0 0.069895 0.060424 0.056419 0.055018 0.054854 0.055531 0.056733 0.057394 0.055169 0.053880 0.053074 0.052502 0.052446 0.052914 0.053292 0.053563 0.053782 0.053975 0.054152 0.054320 0.054484 0.054649 0.054815 0.054984 0.055158 0.055335 0.055515 0.055698 0.055880 0.056056 0.056215 0.056343 0.056431 0.056471 0.056463 0.056407 0.056303 0.056145 0.055915 0.099474 0.099990 0.100000 0.100000 0.100000 0.100000 0.078569 0.054330 0.037873 0.027554 0.027154 0.027153 0.027153 0.027153 0.027153 0.027153 0.027153 0.027165 0.028945 0.039590 0.049430 0.056602 0.055356 0.054358 0.054043 0.053959 0.053937 0.053931 0.053930 0.053929 0.053929 0.053929 0.053929 0.053929 0.053929 0.053929 0.053929 0.053929 0.053929 0.053929 0.053929 0.053929 0.053929 0.053929 0.053929 0.053929 0.053929 0.053929 0.053929 0.053929 0.053929 0.053929 0.053928 0.053927 0.053923 0.053909 0.053862 0.053710 0.053271 0.052133 0.049498 -9999.0 -9999.0
-9999.0 -9999.0 0.069895 0.060424 0.056419 0.055018 0.054854 0.055531 0.056733 0.057394 0.055169 0.053880 0.053074 0.052502 0.052446 0.052914 0.053292 0.053563 0.053782 0.053975 0.054152 0.054320 0.054484 0.054649 0.054815 0.054984 0.055158 0.055335 0.055515 0.055698 0.055880 0.056056 0.056215 0.056343 0.056431 0.056471 0.056463 0.056407 0.056303 0.056145 0.055915 0.099474 0.099990 0.100000 0.100000 0.100000 0.100000 0.078569 0.054330 0.037873 0.027554 0.027154 0.027153 0.027153 0.027153 0.027153 0.027153 0.027153 0.027165 0.028945 0.039590 0.049430 0.056602 0.055356 0.054358 0.054043 0.053959 0.053937 0.053931 0.053930 0.053929 0.053929 0.053929 0.053929 0.053929 0.053929 0.053929 0.053929 0.053929 0.053929 0.053929 0.053929 0.053929 0.053929 0.053929 0.053929 0.053929 0.053929 0.053929 0.053929 0.053929 0.053929 0.053929 0.053928 0.053927 0.053923 0.053909 0.053862 0.053710 0.053271 0.052133 0.049498 -9999.0 -9999.0
-9999.0 -9999.0 0.069895 0.060424 0.056419 0.055018 0.054854 0.055531 0.056733 0.057394 0.055169 0.053880 0.053074 0.052502 0.052446 0.052914 0.053292 0.053563 0.053782 0.053975 0.054152 0.054320 0.054484 0.054649 0.054815 0.054984 0.055158 0.055335 0.055515 0.055698 0.055880 0.056056 0.056215 0.056343 0.056431 0.056471 0.056463 0.056407 0.056303 0.056145 0.055915 0.099474 0.099990 0.100000 0.100000 0.100000 0.100000 0.078569 0.054330 0.037873 0.027554 0.027154 0.027153 0.027153 0.027153 0.027153 0.027153 0.027153 0.027165 0.028945 0.039590 0.049430 0.056602 0.055356 0.054358 0.054043 0.053959 0.053937 0.053931 0.053930 0.053929 0.053929 0.053929 0.053929 0.053929 0.053929 0.053929 0.053929 0.053929 0.053929 0.053929 0.053929 0.053929 0.053929 0.053929 0.053929 0.053929 0.053929 0.053929 0.053929 0.053929 0.053929 0.053929 0.053928 0.053927 0.053923 0.053909 0.053862 0.053710 0.053271 0.052133 0.049498 -9999.0 -9999.0
-9999.0 -9999.0 -9999.0 -9999.0 -9999.0 -9999.0 -9999.0 -9999.0 -9999.0 -9999.0 -9999.0 -9999.0 -9999.0 -9999.0 -9999.0 -9999.0 -9999.0 -9999.0 -9999.0 -9999.0 -9999.0 -9999.0 -9999.0 -9999.0 -9999.0 -9999.0 -9999.0 -9999.0 -9999.0 -9999.0 -9999.0 -9999.0 -9999.0 -9999.0 -9999.0 -9999.0 -9999.0 -9999.0 -9999.0 -9999.0 -9999.0 -9999.0 -9999.0 -9999.0 -9999.0 -9999.0 -9999.0 -9999.0 -9999.0 -9999.0 -9999.0 -9999.0 -9999.0 -9999.0 -9999.0 -9999.0 -9999.0 -9999.0 -9999.0 -9999.0 -9999.0 -9999.0 -9999.0 -9999.0 -9999.0 -9999.0 -9999.0 -9999.0 -9999.0 -9999.0 -9999.0 -9999.0 -9999.0 -9999.0 -9999.0 -9999.0 -9999.0 -9999.0 -9999.0 -9999.0 -9999.0 -9999.0 -9999.0 -9999.0 -9999.0 -9999.0 -9999.0 -9999.0 -9999.0 -9999.0 -9999.0 -9999.0 -9999.0 -9999.0 -9999.0 -9999.0 -9999.0 -9999.0 -9999.0 -9999.0 -9999.0 -9999.0 -9999.0 -9999.0
-9999.0 -9999.0 -9999.0 -9999.0 -9999.0 -9999.0 -9999.0 -9999.0 -9999.0 -9999.0 -9999.0 -9999.0 -9999.0 -9999.0 -9999.0 -9999.0 -9999.0 -9999.0 -9999.0 -9999.0 -9999.0 -9999.0 -9999.0 -9999.0 -9999.0 -9999.0 -9999.0 -9999.0 -9999.0 -9999.0 -9999.0 -9999.0 -9999.0 -9999.0 -9999.0 -9999.0 -9999.0 -9999.0 -9999.0 -9999.0 -9999.0 -9999.0 -9999.0 -9999.0 -9999.0 -9999.0 -9999.0 -9999.0 -9999.0 -9999.0 -9999.0 -9999.0 -9999.0 -9999.0 -9999.0 -9999.0 -9999.0 -9999.0 -9999.0 -9999.0 -9999.0 -9999.0 -9999.0 -9999.0 -9999.0 -9999.0 -9999.0 -9999.0 -9999.0 -9999.0 -9999.0 -9999.0 -9999.0 -9999.0 -9999.0 -9999.0 -9999.0 -9999.0 -9999.0 -9999.0 -9999.0 -9999.0 -9999.0 -9999.0 -9999.0 -9999.0 -9999.0 -9999.0 -9999.0 -9999.0 -9999.0 -9999.0 -9999.0 -9999.0 -9999.0 -9999.0 -9999.0 -9999.0 -9999.0 -9999.0 -9999.0 -9999.0 -9999.0 -9999.0