examples/3D/hillslope02_superslab/output-maps-SE27XX/thetaliqL0040N0001.asc
ncols         104
nrows         10
xllcorner     -2.000000
yllcorner     0.000000
cellsize      1.000000
NODATA_value  -9999.0
-9999.0 -9999.0 -9999.0 -9999.0 -9999.0 -9999.0 -9999.0 -9999.0 -9999.0 -9999.0 -9999.0 -9999.0 -9999.0 -9999.0 -9999.0 -9999.0 -9999.0 -9999.0 -9999.0 -9999.0 -9999.0 -9999.0 -9999.0 -9999.0 -9999.0 -9999.0 -9999.0 -9999.0 -9999.0 -9999.0 -9999.0 -9999.0 -9999.0 -9999.0 -9999.0 -9999.0 -9999.0 -9999.0 -9999.0 -9999.0 -9999.0 -9999.0 -9999.0 -9999.0 -9999.0 -9999.0 -9999.0 -9999.0 -9999.0 -9999.0 -9999.0 -9999.0 -9999.0 -9999.0 -9999.0 -9999.0 -9999.0 -9999.0 -9999.0 -9999.0 -9999.0 -9999.0 -9999.0 -9999.0 -9999.0 -9999.0 -9999.0 -9999.0 -9999.0 -9999.0 -9999.0 -9999.0 -9999.0 -9999.0 -9999.0 -9999.0 -9999.0 -9999.0 -9999.0 -9999.0 -9999.0 -9999.0 -9999.0 -9999.0 -9999.0 -9999.0 -9999.0 -9999.0 -9999.0 -9999.0 -9999.0 -9999.0 -9999.0 -9999.0 -9999.0 -9999.0 -9999.0 -9999.0 -9999.0 -9999.0 -9999.0 -9999.0 -9999.0 -9999.0
-9999.0 -9999.0 -9999.0 -9999.0 -9999.0 -9999.0 -9999.0 -9999.0 -9999.0 -9999.0 -9999.0 -9999.0 -9999.0 -9999.0 -9999.0 -9999.0 -9999.0 -9999.0 -9999.0 -9999.0 -9999.0 -9999.0 -9999.0 -9999.0 -9999.0 -9999.0 -9999.0 -9999.0 -9999.0 -9999.0 -9999.0 -9999.0 -9999.0 -9999.0 -9999.0 -9999.0 -9999.0 -9999.0 -9999.0 -9999.0 -9999.0 -9999.0 -9999.0 -9999.0 -9999.0 -9999.0 -9999.0 -9999.0 -9999.0 -9999.0 -9999.0 -9999.0 -9999.0 -9999.0 -9999.0 -9999.0 -9999.0 -9999.0 -9999.0 -9999.0 -9999.0 -9999.0 -9999.0 -9999.0 -9999.0 -9999.0 -9999.0 -9999.0 -9999.0 -9999.0 -9999.0 -9999.0 -9999.0 -9999.0 -9999.0 -9999.0 -9999.0 -9999.0 -9999.0 -9999.0 -9999.0 -9999.0 -9999.0 -9999.0 -9999.0 -9999.0 -9999.0 -9999.0 -9999.0 -9999.0 -9999.0 -9999.0 -9999.0 -9999.0 -9999.0 -9999.0 -9999.0 -9999.0 -9999.0 -9999.0 -9999.0 -9999.0 -9999.0 -9999.0
-9999.0 -9999.0 0.057254 0.054671 0.053946 0.053714 0.053761 0.054092 0.054809 0.055457 0.052738 0.047639 0.035545 0.024507 0.024445 0.024445 0.024445 0.024445 0.024445 0.024446 0.024447 0.024451 0.024478 0.024654 0.025527 0.027627 0.030406 0.033398 0.038614 0.048048 0.099439 0.099993 0.100000 0.100000 0.100000 0.100000 0.100000 0.100000 0.100000 0.088738 0.071085 0.064741 0.047569 0.032860 0.024666 0.024445 0.024445 0.024445 0.024445 0.024445 0.024445 0.024445 0.024445 0.024445 0.024445 0.024445 0.024445 0.024445 0.024445 0.024466 0.029062 0.044707 0.057635 0.055352 0.054217 0.053779 0.053633 0.053596 0.053586 0.053583 0.053582 0.053582 0.053582 0.053582 0.053582 0.053582 0.053582 0.053582 0.053582 0.053582 0.053582 0.053582 0.053582 0.053582 0.053582 0.053582 0.053582 0.053582 0.053582 0.053582 0.053582 0.053581 0.053581 0.053580 0.053579 0.053573 0.053554 0.053488 0.053253 0.052304 0.047821 0.030951 -9999.0 -9999.0
-9999.0 -9999.0 0.057254 0.054671 0.053946 0.053714 0.053761 0.054092 0.054809 0.055457 0.052738 0.047639 0.035545 0.024507 0.024445 0.024445 0.024445 0.024445 0.024445 0.024446 0.024447 0.024451 0.024478 0.024654 0.025527 0.027627 0.030406 0.033398 0.038614 0.048048 0.099439 0.099993 0.100000 0.100000 0.100000 0.100000 0.100000 0.100000 0.100000 0.088738 0.071085 0.064741 0.047569 0.032860 0.024666 0.024445 0.024445 0.024445 0.024445 0.024445 0.024445 0.024445 0.024445 0.024445 0.024445 0.024445 0.024445 0.024445 0.024445 0.024466 0.029062 0.044707 0.057635 0.055352 0.054217 0.053779 0.053633 0.053596 0.053586 0.053583 0.053582 0.053582 0.053582 0.053582 0.053582 0.053582 0.053582 0.053582 0.053582 0.053582 0.053582 0.053582 0.053582 0.053582 0.053582 0.053582 0.053582 0.053582 0.053582 0.053582 0.053582 0.053581 0.053581 0.053580 0.053579 0.053573 0.053554 0.053488 0.053253 0.052304 0.047821 0.030951 -9999.0 -9999.0
-9999.0 -9999.0 0.057254 0.054671 0.053946 0.053714 0.053761 0.054092 0.054809 0.055457 0.052738 0.047639 0.035545 0.024507 0.024445 0.024445 0.024445 0.024445 0.024445 0.024446 0.024447 0.024451 0.024478 0.024654 0.025527 0.027627 0.030406 0.033398 0.038614 0.048048 0.099439 0.099993 0.100000 0.100000 0.100000 0.100000 0.100000 0.100000 0.100000 0.088738 0.071085 0.064741 0.047569 0.032860 0.024666 0.024445 0.024445 0.024445 0.024445 0.024445 0.024445 0.024445 0.024445 0.024445 0.024445 0.024445 0.024445 0.024445 0.024445 0.024466 0.029062 0.044707 0.057635 0.055352 0.054217 0.053779 0.053633 0.053596 0.053586 0.053583 0.053582 0.053582 0.053582 0.053582 0.053582 0.053582 0.053582 0.053582 0.053582 0.053582 0.053582 0.053582 0.053582 0.053582 0.053582 0.053582 0.053582 0.053582 0.053582 0.053582 0.053582 0.053581 0.053581 0.053580 0.053579 0.053573 0.053554 0.053488 0.053253 0.052304 0.047821 0.030951 -9999.0 -9999.0
-9999.0 -9999.0 0.057254 0.054671 0.053946 0.053714 0.053761 0.054092 0.054809 0.055457 0.052738 0.047639 0.035545 0.024507 0.024445 0.024445 0.024445 0.024445 0.024445 0.024446 0.024447 0.024451 0.024478 0.024654 0.025527 0.027627 0.030406 0.033398 0.038614 0.048048 0.099439 0.099993 0.100000 0.100000 0.100000 0.100000 0.100000 0.100000 0.100000 0.088738 0.071085 0.064741 0.047569 0.032860 0.024666 0.024445 0.024445 0.024445 0.024445 0.024445 0.024445 0.024445 0.024445 0.024445 0.024445 0.024445 0.024445 0.024445 0.024445 0.024466 0.029062 0.044707 0.057635 0.055352 0.054217 0.053779 0.053633 0.053596 0.053586 0.053583 0.053582 0.053582 0.053582 0.053582 0.053582 0.053582 0.053582 0.053582 0.053582 0.053582 0.053582 0.053582 0.053582 0.053582 0.053582 0.053582 0.053582 0.053582 0.053582 0.053582 0.053582 0.053581 0.053581 0.053580 0.053579 0.053573 0.053554 0.053488 0.053253 0.052304 0.047821 0.030951 -9999.0 -9999.0
-9999.0 -9999.0 0.057254 0.054671 0.053946 0.053714 0.053761 0.054092 0.054809 0.055457 0.052738 0.047639 0.035545 0.024507 0.024445 0.024445 0.024445 0.024445 0.024445 0.024446 0.024447 0.024451 0.024478 0.024654 0.025527 0.027627 0.030406 0.033398 0.038614 0.048048 0.099439 0.099993 0.100000 0.100000 0.100000 0.100000 0.100000 0.100000 0.100000 0.088738 0.071085 0.064741 0.047569 0.032860 0.024666 0.024445 0.024445 0.024445 0.024445 0.024445 0.024445 0.024445 0.024445 0.024445 0.024445 0.024445 0.024445 0.024445 0.024445 0.024466 0.029062 0.044707 0.057635 0.055352 0.054217 0.053779 0.053633 0.053596 0.053586 0.053583 0.053582 0.053582 0.053582 0.053582 0.053582 0.053582 0.053582 0.053582 0.053582 0.053582 0.053582 0.053582 0.053582 0.053582 0.053582 0.053582 0.053582 0.053582 0.053582 0.053582 0.053582 0.053581 0.053581 0.053580 0.053579 0.053573 0.053554 0.053488 0.053253 0.052304 0.047821 0.030951 -9999.0 -9999.0
-9999.0 -9999.0 0.057254 0.054671 0.053946 0.053714 0.053761 0.054092 0.054809 0.055457 0.052738 0.047639 0.035545 0.024507 0.024445 0.024445 0.024445 0.024445 0.024445 0.024446 0.024447 0.024451 0.024478 0.024654 0.025527 0.027627 0.030406 0.033398 0.038614 0.048048 0.099439 0.099993 0.100000 0.100000 0.100000 0.100000 0.100000 0.100000 0.100000 0.088738 0.071085 0.064741 0.047569 0.032860 0.024666 0.024445 0.024445 0.024445 0.024445 0.024445 0.024445 0.024445 0.024445 0.024445 0.024445 0.024445 0.024445 0.024445 0.024445 0.024466 0.029062 0.044707 0.057635 0.055352 0.054217 0.053779 0.053633 0.053596 0.053586 0.053583 0.053582 0.053582 0.053582 0.053582 0.053582 0.053582 0.053582 0.053582 0.053582 0.053582 0.053582 0.053582 0.053582 0.053582 0.053582 0.053582 0.053582 0.053582 0.053582 0.053582 0.053582 0.053581 0.053581 0.053580 0.053579 0.053573 0.053554 0.053488 0.053253 0.052304 0.047821 0.030951 -9999.0 -9999.0
-9999.0 -9999.0 -9999.0 -9999.0 -9999.0 -9999.0 -9999.0 -9999.0 -9999.0 -9999.0 -9999.0 -9999.0 -9999.0 -9999.0 -9999.0 -9999.0 -9999.0 -9999.0 -9999.0 -9999.0 -9999.0 -9999.0 -9999.0 -9999.0 -9999.0 -9999.0 -9999.0 -9999.0 -9999.0 -9999.0 -9999.0 -9999.0 -9999.0 -9999.0 -9999.0 -9999.0 -9999.0 -9999.0 -9999.0 -9999.0 -9999.0 -9999.0 -9999.0 -9999.0 -9999.0 -9999.0 -9999.0 -9999.0 -9999.0 -9999.0 -9999.0 -9999.0 -9999.0 -9999.0 -9999.0 -9999.0 -9999.0 -9999.0 -9999.0 -9999.0 -9999.0 -9999.0 -9999.0 -9999.0 -9999.0 -9999.0 -9999.0 -9999.0 -9999.0 -9999.0 -9999.0 -9999.0 -9999.0 -9999.0 -9999.0 -9999.0 -9999.0 -9999.0 -9999.0 -9999.0 -9999.0 -9999.0 -9999.0 -9999.0 -9999.0 -9999.0 -9999.0 -9999.0 -9999.0 -9999.0 -9999.0 -9999.0 -9999.0 -9999.0 -9999.0 -9999.0 -9999.0 -9999.0 -9999.0 -9999.0 -9999.0 -9999.0 -9999.0 -9999.0
-9999.0 -9999.0 -9999.0 -9999.0 -9999.0 -9999.0 -9999.0 -9999.0 -9999.0 -9999.0 -9999.0 -9999.0 -9999.0 -9999.0 -9999.0 -9999.0 -9999.0 -9999.0 -9999.0 -9999.0 -9999.0 -9999.0 -9999.0 -9999.0 -9999.0 -9999.0 -9999.0 -9999.0 -9999.0 -9999.0 -9999.0 -9999.0 -9999.0 -9999.0 -9999.0 -9999.0 -9999.0 -9999.0 -9999.0 -9999.0 -9999.0 -9999.0 -9999.0 -9999.0 -9999.0 -9999.0 -9999.0 -9999.0 -9999.0 -9999.0 -9999.0 -9999.0 -9999.0 -9999.0 -9999.0 -9999.0 -9999.0 -9999.0 -9999.0 -9999.0 -9999.0 -9999.0 -9999.0 -9999.0 -9999.0 -9999.0 -9999.0 -9999.0 -9999.0 -9999.0 -9999.0 -9999.0 -9999.0 -9999.0 -9999.0 -9999.0 -9999.0 -9999.0 -9999.0 -9999.0 -9999.0 -9999.0 -9999.0 -9999.0 -9999.0 -9999.0 -9999.0 -9999.0 -9999.0 -9999.0 -9999.0 -9999.0 -9999.0 -9999.0 -9999.0 -9999.0 -9999.0 -9999.0 -9999.0 -9999.0 -9999.0 -9999.0 -9999.0 -9999.0