examples/3D/hillslope02_superslab/output-maps-SE27XX/thetaliqL0083N0002.asc
ncols         104
nrows         10
xllcorner     -2.000000
yllcorner     0.000000
cellsize      1.000000
NODATA_value  -9999.0
-9999.0 -9999.0 -9999.0 -9999.0 -9999.0 -9999.0 -9999.0 -9999.0 -9999.0 -9999.0 -9999.0 -9999.0 -9999.0 -9999.0 -9999.0 -9999.0 -9999.0 -9999.0 -9999.0 -9999.0 -9999.0 -9999.0 -9999.0 -9999.0 -9999.0 -9999.0 -9999.0 -9999.0 -9999.0 -9999.0 -9999.0 -9999.0 -9999.0 -9999.0 -9999.0 -9999.0 -9999.0 -9999.0 -9999.0 -9999.0 -9999.0 -9999.0 -9999.0 -9999.0 -9999.0 -9999.0 -9999.0 -9999.0 -9999.0 -9999.0 -9999.0 -9999.0 -9999.0 -9999.0 -9999.0 -9999.0 -9999.0 -9999.0 -9999.0 -9999.0 -9999.0 -9999.0 -9999.0 -9999.0 -9999.0 -9999.0 -9999.0 -9999.0 -9999.0 -9999.0 -9999.0 -9999.0 -9999.0 -9999.0 -9999.0 -9999.0 -9999.0 -9999.0 -9999.0 -9999.0 -9999.0 -9999.0 -9999.0 -9999.0 -9999.0 -9999.0 -9999.0 -9999.0 -9999.0 -9999.0 -9999.0 -9999.0 -9999.0 -9999.0 -9999.0 -9999.0 -9999.0 -9999.0 -9999.0 -9999.0 -9999.0 -9999.0 -9999.0 -9999.0
-9999.0 -9999.0 -9999.0 -9999.0 -9999.0 -9999.0 -9999.0 -9999.0 -9999.0 -9999.0 -9999.0 -9999.0 -9999.0 -9999.0 -9999.0 -9999.0 -9999.0 -9999.0 -9999.0 -9999.0 -9999.0 -9999.0 -9999.0 -9999.0 -9999.0 -9999.0 -9999.0 -9999.0 -9999.0 -9999.0 -9999.0 -9999.0 -9999.0 -9999.0 -9999.0 -9999.0 -9999.0 -9999.0 -9999.0 -9999.0 -9999.0 -9999.0 -9999.0 -9999.0 -9999.0 -9999.0 -9999.0 -9999.0 -9999.0 -9999.0 -9999.0 -9999.0 -9999.0 -9999.0 -9999.0 -9999.0 -9999.0 -9999.0 -9999.0 -9999.0 -9999.0 -9999.0 -9999.0 -9999.0 -9999.0 -9999.0 -9999.0 -9999.0 -9999.0 -9999.0 -9999.0 -9999.0 -9999.0 -9999.0 -9999.0 -9999.0 -9999.0 -9999.0 -9999.0 -9999.0 -9999.0 -9999.0 -9999.0 -9999.0 -9999.0 -9999.0 -9999.0 -9999.0 -9999.0 -9999.0 -9999.0 -9999.0 -9999.0 -9999.0 -9999.0 -9999.0 -9999.0 -9999.0 -9999.0 -9999.0 -9999.0 -9999.0 -9999.0 -9999.0
-9999.0 -9999.0 0.100000 0.100000 0.100000 0.100000 0.100000 0.100000 0.100000 0.100000 0.099743 0.088220 0.073975 0.064315 0.058185 0.057410 0.059046 0.061387 0.064476 0.068379 0.072995 0.078124 0.083300 0.088116 0.092157 0.095235 0.097245 0.098468 0.099108 0.099369 0.099371 0.099111 0.098454 0.097129 0.094928 0.091602 0.087209 0.082015 0.076588 0.071404 0.066837 0.063058 0.060062 0.057771 0.056031 0.054674 0.053533 0.052342 0.049403 0.036556 0.035618 0.080768 0.035912 0.036211 0.036630 0.037207 0.037987 0.039017 0.040353 0.042221 0.046318 0.053626 0.058896 0.059041 0.058814 0.058867 0.058969 0.059026 0.059022 0.058965 0.058869 0.058742 0.058595 0.058433 0.058260 0.058079 0.057891 0.057699 0.057502 0.057303 0.057099 0.056891 0.056678 0.056461 0.056243 0.056026 0.055808 0.055591 0.055381 0.055178 0.054984 0.054805 0.054638 0.054490 0.054357 0.054240 0.054128 0.053987 0.053721 0.053032 0.050405 0.037540 -9999.0 -9999.0
-9999.0 -9999.0 0.100000 0.100000 0.100000 0.100000 0.100000 0.100000 0.100000 0.100000 0.099743 0.088220 0.073975 0.064315 0.058185 0.057410 0.059046 0.061387 0.064476 0.068379 0.072995 0.078124 0.083300 0.088116 0.092157 0.095235 0.097245 0.098468 0.099108 0.099369 0.099371 0.099111 0.098454 0.097129 0.094928 0.091602 0.087209 0.082015 0.076588 0.071404 0.066837 0.063058 0.060062 0.057771 0.056031 0.054674 0.053533 0.052342 0.049403 0.036556 0.035618 0.080768 0.035912 0.036211 0.036630 0.037207 0.037987 0.039017 0.040353 0.042221 0.046318 0.053626 0.058896 0.059041 0.058814 0.058867 0.058969 0.059026 0.059022 0.058965 0.058869 0.058742 0.058595 0.058433 0.058260 0.058079 0.057891 0.057699 0.057502 0.057303 0.057099 0.056891 0.056678 0.056461 0.056243 0.056026 0.055808 0.055591 0.055381 0.055178 0.054984 0.054805 0.054638 0.054490 0.054357 0.054240 0.054128 0.053987 0.053721 0.053032 0.050405 0.037540 -9999.0 -9999.0
-9999.0 -9999.0 0.100000 0.100000 0.100000 0.100000 0.100000 0.100000 0.100000 0.100000 0.099743 0.088220 0.073975 0.064315 0.058185 0.057410 0.059046 0.061387 0.064476 0.068379 0.072995 0.078124 0.083300 0.088116 0.092157 0.095235 0.097245 0.098468 0.099108 0.099369 0.099371 0.099111 0.098454 0.097129 0.094928 0.091602 0.087209 0.082015 0.076588 0.071404 0.066837 0.063058 0.060062 0.057771 0.056031 0.054674 0.053533 0.052342 0.049403 0.036556 0.035618 0.080768 0.035912 0.036211 0.036630 0.037207 0.037987 0.039017 0.040353 0.042221 0.046318 0.053626 0.058896 0.059041 0.058814 0.058867 0.058969 0.059026 0.059022 0.058965 0.058869 0.058742 0.058595 0.058433 0.058260 0.058079 0.057891 0.057699 0.057502 0.057303 0.057099 0.056891 0.056678 0.056461 0.056243 0.056026 0.055808 0.055591 0.055381 0.055178 0.054984 0.054805 0.054638 0.054490 0.054357 0.054240 0.054128 0.053987 0.053721 0.053032 0.050405 0.037540 -9999.0 -9999.0
-9999.0 -9999.0 0.100000 0.100000 0.100000 0.100000 0.100000 0.100000 0.100000 0.100000 0.099743 0.088220 0.073975 0.064315 0.058185 0.057410 0.059046 0.061387 0.064476 0.068379 0.072995 0.078124 0.083300 0.088116 0.092157 0.095235 0.097245 0.098468 0.099108 0.099369 0.099371 0.099111 0.098454 0.097129 0.094928 0.091602 0.087209 0.082015 0.076588 0.071404 0.066837 0.063058 0.060062 0.057771 0.056031 0.054674 0.053533 0.052342 0.049403 0.036556 0.035618 0.080768 0.035912 0.036211 0.036630 0.037207 0.037987 0.039017 0.040353 0.042221 0.046318 0.053626 0.058896 0.059041 0.058814 0.058867 0.058969 0.059026 0.059022 0.058965 0.058869 0.058742 0.058595 0.058433 0.058260 0.058079 0.057891 0.057699 0.057502 0.057303 0.057099 0.056891 0.056678 0.056461 0.056243 0.056026 0.055808 0.055591 0.055381 0.055178 0.054984 0.054805 0.054638 0.054490 0.054357 0.054240 0.054128 0.053987 0.053721 0.053032 0.050405 0.037540 -9999.0 -9999.0
-9999.0 -9999.0 0.100000 0.100000 0.100000 0.100000 0.100000 0.100000 0.100000 0.100000 0.099743 0.088220 0.073975 0.064315 0.058185 0.057410 0.059046 0.061387 0.064476 0.068379 0.072995 0.078124 0.083300 0.088116 0.092157 0.095235 0.097245 0.098468 0.099108 0.099369 0.099371 0.099111 0.098454 0.097129 0.094928 0.091602 0.087209 0.082015 0.076588 0.071404 0.066837 0.063058 0.060062 0.057771 0.056031 0.054674 0.053533 0.052342 0.049403 0.036556 0.035618 0.080768 0.035912 0.036211 0.036630 0.037207 0.037987 0.039017 0.040353 0.042221 0.046318 0.053626 0.058896 0.059041 0.058814 0.058867 0.058969 0.059026 0.059022 0.058965 0.058869 0.058742 0.058595 0.058433 0.058260 0.058079 0.057891 0.057699 0.057502 0.057303 0.057099 0.056891 0.056678 0.056461 0.056243 0.056026 0.055808 0.055591 0.055381 0.055178 0.054984 0.054805 0.054638 0.054490 0.054357 0.054240 0.054128 0.053987 0.053721 0.053032 0.050405 0.037540 -9999.0 -9999.0
-9999.0 -9999.0 0.100000 0.100000 0.100000 0.100000 0.100000 0.100000 0.100000 0.100000 0.099743 0.088220 0.073975 0.064315 0.058185 0.057410 0.059046 0.061387 0.064476 0.068379 0.072995 0.078124 0.083300 0.088116 0.092157 0.095235 0.097245 0.098468 0.099108 0.099369 0.099371 0.099111 0.098454 0.097129 0.094928 0.091602 0.087209 0.082015 0.076588 0.071404 0.066837 0.063058 0.060062 0.057771 0.056031 0.054674 0.053533 0.052342 0.049403 0.036556 0.035618 0.080768 0.035912 0.036211 0.036630 0.037207 0.037987 0.039017 0.040353 0.042221 0.046318 0.053626 0.058896 0.059041 0.058814 0.058867 0.058969 0.059026 0.059022 0.058965 0.058869 0.058742 0.058595 0.058433 0.058260 0.058079 0.057891 0.057699 0.057502 0.057303 0.057099 0.056891 0.056678 0.056461 0.056243 0.056026 0.055808 0.055591 0.055381 0.055178 0.054984 0.054805 0.054638 0.054490 0.054357 0.054240 0.054128 0.053987 0.053721 0.053032 0.050405 0.037540 -9999.0 -9999.0
-9999.0 -9999.0 -9999.0 -9999.0 -9999.0 -9999.0 -9999.0 -9999.0 -9999.0 -9999.0 -9999.0 -9999.0 -9999.0 -9999.0 -9999.0 -9999.0 -9999.0 -9999.0 -9999.0 -9999.0 -9999.0 -9999.0 -9999.0 -9999.0 -9999.0 -9999.0 -9999.0 -9999.0 -9999.0 -9999.0 -9999.0 -9999.0 -9999.0 -9999.0 -9999.0 -9999.0 -9999.0 -9999.0 -9999.0 -9999.0 -9999.0 -9999.0 -9999.0 -9999.0 -9999.0 -9999.0 -9999.0 -9999.0 -9999.0 -9999.0 -9999.0 -9999.0 -9999.0 -9999.0 -9999.0 -9999.0 -9999.0 -9999.0 -9999.0 -9999.0 -9999.0 -9999.0 -9999.0 -9999.0 -9999.0 -9999.0 -9999.0 -9999.0 -9999.0 -9999.0 -9999.0 -9999.0 -9999.0 -9999.0 -9999.0 -9999.0 -9999.0 -9999.0 -9999.0 -9999.0 -9999.0 -9999.0 -9999.0 -9999.0 -9999.0 -9999.0 -9999.0 -9999.0 -9999.0 -9999.0 -9999.0 -9999.0 -9999.0 -9999.0 -9999.0 -9999.0 -9999.0 -9999.0 -9999.0 -9999.0 -9999.0 -9999.0 -9999.0 -9999.0
-9999.0 -9999.0 -9999.0 -9999.0 -9999.0 -9999.0 -9999.0 -9999.0 -9999.0 -9999.0 -9999.0 -9999.0 -9999.0 -9999.0 -9999.0 -9999.0 -9999.0 -9999.0 -9999.0 -9999.0 -9999.0 -9999.0 -9999.0 -9999.0 -9999.0 -9999.0 -9999.0 -9999.0 -9999.0 -9999.0 -9999.0 -9999.0 -9999.0 -9999.0 -9999.0 -9999.0 -9999.0 -9999.0 -9999.0 -9999.0 -9999.0 -9999.0 -9999.0 -9999.0 -9999.0 -9999.0 -9999.0 -9999.0 -9999.0 -9999.0 -9999.0 -9999.0 -9999.0 -9999.0 -9999.0 -9999.0 -9999.0 -9999.0 -9999.0 -9999.0 -9999.0 -9999.0 -9999.0 -9999.0 -9999.0 -9999.0 -9999.0 -9999.0 -9999.0 -9999.0 -9999.0 -9999.0 -9999.0 -9999.0 -9999.0 -9999.0 -9999.0 -9999.0 -9999.0 -9999.0 -9999.0 -9999.0 -9999.0 -9999.0 -9999.0 -9999.0 -9999.0 -9999.0 -9999.0 -9999.0 -9999.0 -9999.0 -9999.0 -9999.0 -9999.0 -9999.0 -9999.0 -9999.0 -9999.0 -9999.0 -9999.0 -9999.0 -9999.0 -9999.0