examples/3D/hillslope02_superslab/output-maps-SE27XX/thetaliqL0053N0002.asc
ncols         104
nrows         10
xllcorner     -2.000000
yllcorner     0.000000
cellsize      1.000000
NODATA_value  -9999.0
-9999.0 -9999.0 -9999.0 -9999.0 -9999.0 -9999.0 -9999.0 -9999.0 -9999.0 -9999.0 -9999.0 -9999.0 -9999.0 -9999.0 -9999.0 -9999.0 -9999.0 -9999.0 -9999.0 -9999.0 -9999.0 -9999.0 -9999.0 -9999.0 -9999.0 -9999.0 -9999.0 -9999.0 -9999.0 -9999.0 -9999.0 -9999.0 -9999.0 -9999.0 -9999.0 -9999.0 -9999.0 -9999.0 -9999.0 -9999.0 -9999.0 -9999.0 -9999.0 -9999.0 -9999.0 -9999.0 -9999.0 -9999.0 -9999.0 -9999.0 -9999.0 -9999.0 -9999.0 -9999.0 -9999.0 -9999.0 -9999.0 -9999.0 -9999.0 -9999.0 -9999.0 -9999.0 -9999.0 -9999.0 -9999.0 -9999.0 -9999.0 -9999.0 -9999.0 -9999.0 -9999.0 -9999.0 -9999.0 -9999.0 -9999.0 -9999.0 -9999.0 -9999.0 -9999.0 -9999.0 -9999.0 -9999.0 -9999.0 -9999.0 -9999.0 -9999.0 -9999.0 -9999.0 -9999.0 -9999.0 -9999.0 -9999.0 -9999.0 -9999.0 -9999.0 -9999.0 -9999.0 -9999.0 -9999.0 -9999.0 -9999.0 -9999.0 -9999.0 -9999.0
-9999.0 -9999.0 -9999.0 -9999.0 -9999.0 -9999.0 -9999.0 -9999.0 -9999.0 -9999.0 -9999.0 -9999.0 -9999.0 -9999.0 -9999.0 -9999.0 -9999.0 -9999.0 -9999.0 -9999.0 -9999.0 -9999.0 -9999.0 -9999.0 -9999.0 -9999.0 -9999.0 -9999.0 -9999.0 -9999.0 -9999.0 -9999.0 -9999.0 -9999.0 -9999.0 -9999.0 -9999.0 -9999.0 -9999.0 -9999.0 -9999.0 -9999.0 -9999.0 -9999.0 -9999.0 -9999.0 -9999.0 -9999.0 -9999.0 -9999.0 -9999.0 -9999.0 -9999.0 -9999.0 -9999.0 -9999.0 -9999.0 -9999.0 -9999.0 -9999.0 -9999.0 -9999.0 -9999.0 -9999.0 -9999.0 -9999.0 -9999.0 -9999.0 -9999.0 -9999.0 -9999.0 -9999.0 -9999.0 -9999.0 -9999.0 -9999.0 -9999.0 -9999.0 -9999.0 -9999.0 -9999.0 -9999.0 -9999.0 -9999.0 -9999.0 -9999.0 -9999.0 -9999.0 -9999.0 -9999.0 -9999.0 -9999.0 -9999.0 -9999.0 -9999.0 -9999.0 -9999.0 -9999.0 -9999.0 -9999.0 -9999.0 -9999.0 -9999.0 -9999.0
-9999.0 -9999.0 0.057609 0.054852 0.054217 0.054185 0.054539 0.055417 0.056764 0.057651 0.055226 0.053926 0.053110 0.052501 0.052433 0.052933 0.053322 0.053599 0.053821 0.054015 0.054192 0.054359 0.054520 0.054680 0.054842 0.055007 0.055176 0.055348 0.055525 0.055704 0.055884 0.056060 0.056220 0.056350 0.056439 0.056483 0.099636 0.100000 0.100000 0.100000 0.100000 0.100000 0.100000 0.100000 0.089130 0.062366 0.047392 0.038021 0.028932 0.025671 0.025656 0.025656 0.025656 0.025656 0.025656 0.025656 0.025656 0.025656 0.025673 0.028181 0.038938 0.048742 0.057109 0.055386 0.054342 0.054037 0.053957 0.053936 0.053930 0.053929 0.053929 0.053929 0.053929 0.053929 0.053929 0.053929 0.053929 0.053929 0.053929 0.053929 0.053929 0.053929 0.053929 0.053929 0.053929 0.053929 0.053929 0.053929 0.053929 0.053929 0.053929 0.053929 0.053929 0.053928 0.053927 0.053924 0.053913 0.053874 0.053743 0.053350 0.052291 0.049794 -9999.0 -9999.0
-9999.0 -9999.0 0.057609 0.054852 0.054217 0.054185 0.054539 0.055417 0.056764 0.057651 0.055226 0.053926 0.053110 0.052501 0.052433 0.052933 0.053322 0.053599 0.053821 0.054015 0.054192 0.054359 0.054520 0.054680 0.054842 0.055007 0.055176 0.055348 0.055525 0.055704 0.055884 0.056060 0.056220 0.056350 0.056439 0.056483 0.099636 0.100000 0.100000 0.100000 0.100000 0.100000 0.100000 0.100000 0.089130 0.062366 0.047392 0.038021 0.028932 0.025671 0.025656 0.025656 0.025656 0.025656 0.025656 0.025656 0.025656 0.025656 0.025673 0.028181 0.038938 0.048742 0.057109 0.055386 0.054342 0.054037 0.053957 0.053936 0.053930 0.053929 0.053929 0.053929 0.053929 0.053929 0.053929 0.053929 0.053929 0.053929 0.053929 0.053929 0.053929 0.053929 0.053929 0.053929 0.053929 0.053929 0.053929 0.053929 0.053929 0.053929 0.053929 0.053929 0.053929 0.053928 0.053927 0.053924 0.053913 0.053874 0.053743 0.053350 0.052291 0.049794 -9999.0 -9999.0
-9999.0 -9999.0 0.057609 0.054852 0.054217 0.054185 0.054539 0.055417 0.056764 0.057651 0.055226 0.053926 0.053110 0.052501 0.052433 0.052933 0.053322 0.053599 0.053821 0.054015 0.054192 0.054359 0.054520 0.054680 0.054842 0.055007 0.055176 0.055348 0.055525 0.055704 0.055884 0.056060 0.056220 0.056350 0.056439 0.056483 0.099636 0.100000 0.100000 0.100000 0.100000 0.100000 0.100000 0.100000 0.089130 0.062366 0.047392 0.038021 0.028932 0.025671 0.025656 0.025656 0.025656 0.025656 0.025656 0.025656 0.025656 0.025656 0.025673 0.028181 0.038938 0.048742 0.057109 0.055386 0.054342 0.054037 0.053957 0.053936 0.053930 0.053929 0.053929 0.053929 0.053929 0.053929 0.053929 0.053929 0.053929 0.053929 0.053929 0.053929 0.053929 0.053929 0.053929 0.053929 0.053929 0.053929 0.053929 0.053929 0.053929 0.053929 0.053929 0.053929 0.053929 0.053928 0.053927 0.053924 0.053913 0.053874 0.053743 0.053350 0.052291 0.049794 -9999.0 -9999.0
-9999.0 -9999.0 0.057609 0.054852 0.054217 0.054185 0.054539 0.055417 0.056764 0.057651 0.055226 0.053926 0.053110 0.052501 0.052433 0.052933 0.053322 0.053599 0.053821 0.054015 0.054192 0.054359 0.054520 0.054680 0.054842 0.055007 0.055176 0.055348 0.055525 0.055704 0.055884 0.056060 0.056220 0.056350 0.056439 0.056483 0.099636 0.100000 0.100000 0.100000 0.100000 0.100000 0.100000 0.100000 0.089130 0.062366 0.047392 0.038021 0.028932 0.025671 0.025656 0.025656 0.025656 0.025656 0.025656 0.025656 0.025656 0.025656 0.025673 0.028181 0.038938 0.048742 0.057109 0.055386 0.054342 0.054037 0.053957 0.053936 0.053930 0.053929 0.053929 0.053929 0.053929 0.053929 0.053929 0.053929 0.053929 0.053929 0.053929 0.053929 0.053929 0.053929 0.053929 0.053929 0.053929 0.053929 0.053929 0.053929 0.053929 0.053929 0.053929 0.053929 0.053929 0.053928 0.053927 0.053924 0.053913 0.053874 0.053743 0.053350 0.052291 0.049794 -9999.0 -9999.0
-9999.0 -9999.0 0.057609 0.054852 0.054217 0.054185 0.054539 0.055417 0.056764 0.057651 0.055226 0.053926 0.053110 0.052501 0.052433 0.052933 0.053322 0.053599 0.053821 0.054015 0.054192 0.054359 0.054520 0.054680 0.054842 0.055007 0.055176 0.055348 0.055525 0.055704 0.055884 0.056060 0.056220 0.056350 0.056439 0.056483 0.099636 0.100000 0.100000 0.100000 0.100000 0.100000 0.100000 0.100000 0.089130 0.062366 0.047392 0.038021 0.028932 0.025671 0.025656 0.025656 0.025656 0.025656 0.025656 0.025656 0.025656 0.025656 0.025673 0.028181 0.038938 0.048742 0.057109 0.055386 0.054342 0.054037 0.053957 0.053936 0.053930 0.053929 0.053929 0.053929 0.053929 0.053929 0.053929 0.053929 0.053929 0.053929 0.053929 0.053929 0.053929 0.053929 0.053929 0.053929 0.053929 0.053929 0.053929 0.053929 0.053929 0.053929 0.053929 0.053929 0.053929 0.053928 0.053927 0.053924 0.053913 0.053874 0.053743 0.053350 0.052291 0.049794 -9999.0 -9999.0
-9999.0 -9999.0 0.057609 0.054852 0.054217 0.054185 0.054539 0.055417 0.056764 0.057651 0.055226 0.053926 0.053110 0.052501 0.052433 0.052933 0.053322 0.053599 0.053821 0.054015 0.054192 0.054359 0.054520 0.054680 0.054842 0.055007 0.055176 0.055348 0.055525 0.055704 0.055884 0.056060 0.056220 0.056350 0.056439 0.056483 0.099636 0.100000 0.100000 0.100000 0.100000 0.100000 0.100000 0.100000 0.089130 0.062366 0.047392 0.038021 0.028932 0.025671 0.025656 0.025656 0.025656 0.025656 0.025656 0.025656 0.025656 0.025656 0.025673 0.028181 0.038938 0.048742 0.057109 0.055386 0.054342 0.054037 0.053957 0.053936 0.053930 0.053929 0.053929 0.053929 0.053929 0.053929 0.053929 0.053929 0.053929 0.053929 0.053929 0.053929 0.053929 0.053929 0.053929 0.053929 0.053929 0.053929 0.053929 0.053929 0.053929 0.053929 0.053929 0.053929 0.053929 0.053928 0.053927 0.053924 0.053913 0.053874 0.053743 0.053350 0.052291 0.049794 -9999.0 -9999.0
-9999.0 -9999.0 -9999.0 -9999.0 -9999.0 -9999.0 -9999.0 -9999.0 -9999.0 -9999.0 -9999.0 -9999.0 -9999.0 -9999.0 -9999.0 -9999.0 -9999.0 -9999.0 -9999.0 -9999.0 -9999.0 -9999.0 -9999.0 -9999.0 -9999.0 -9999.0 -9999.0 -9999.0 -9999.0 -9999.0 -9999.0 -9999.0 -9999.0 -9999.0 -9999.0 -9999.0 -9999.0 -9999.0 -9999.0 -9999.0 -9999.0 -9999.0 -9999.0 -9999.0 -9999.0 -9999.0 -9999.0 -9999.0 -9999.0 -9999.0 -9999.0 -9999.0 -9999.0 -9999.0 -9999.0 -9999.0 -9999.0 -9999.0 -9999.0 -9999.0 -9999.0 -9999.0 -9999.0 -9999.0 -9999.0 -9999.0 -9999.0 -9999.0 -9999.0 -9999.0 -9999.0 -9999.0 -9999.0 -9999.0 -9999.0 -9999.0 -9999.0 -9999.0 -9999.0 -9999.0 -9999.0 -9999.0 -9999.0 -9999.0 -9999.0 -9999.0 -9999.0 -9999.0 -9999.0 -9999.0 -9999.0 -9999.0 -9999.0 -9999.0 -9999.0 -9999.0 -9999.0 -9999.0 -9999.0 -9999.0 -9999.0 -9999.0 -9999.0 -9999.0
-9999.0 -9999.0 -9999.0 -9999.0 -9999.0 -9999.0 -9999.0 -9999.0 -9999.0 -9999.0 -9999.0 -9999.0 -9999.0 -9999.0 -9999.0 -9999.0 -9999.0 -9999.0 -9999.0 -9999.0 -9999.0 -9999.0 -9999.0 -9999.0 -9999.0 -9999.0 -9999.0 -9999.0 -9999.0 -9999.0 -9999.0 -9999.0 -9999.0 -9999.0 -9999.0 -9999.0 -9999.0 -9999.0 -9999.0 -9999.0 -9999.0 -9999.0 -9999.0 -9999.0 -9999.0 -9999.0 -9999.0 -9999.0 -9999.0 -9999.0 -9999.0 -9999.0 -9999.0 -9999.0 -9999.0 -9999.0 -9999.0 -9999.0 -9999.0 -9999.0 -9999.0 -9999.0 -9999.0 -9999.0 -9999.0 -9999.0 -9999.0 -9999.0 -9999.0 -9999.0 -9999.0 -9999.0 -9999.0 -9999.0 -9999.0 -9999.0 -9999.0 -9999.0 -9999.0 -9999.0 -9999.0 -9999.0 -9999.0 -9999.0 -9999.0 -9999.0 -9999.0 -9999.0 -9999.0 -9999.0 -9999.0 -9999.0 -9999.0 -9999.0 -9999.0 -9999.0 -9999.0 -9999.0 -9999.0 -9999.0 -9999.0 -9999.0 -9999.0 -9999.0