examples/3D/hillslope02_superslab/output-maps-SE27XX/thetaliqL0058N0002.asc
ncols         104
nrows         10
xllcorner     -2.000000
yllcorner     0.000000
cellsize      1.000000
NODATA_value  -9999.0
-9999.0 -9999.0 -9999.0 -9999.0 -9999.0 -9999.0 -9999.0 -9999.0 -9999.0 -9999.0 -9999.0 -9999.0 -9999.0 -9999.0 -9999.0 -9999.0 -9999.0 -9999.0 -9999.0 -9999.0 -9999.0 -9999.0 -9999.0 -9999.0 -9999.0 -9999.0 -9999.0 -9999.0 -9999.0 -9999.0 -9999.0 -9999.0 -9999.0 -9999.0 -9999.0 -9999.0 -9999.0 -9999.0 -9999.0 -9999.0 -9999.0 -9999.0 -9999.0 -9999.0 -9999.0 -9999.0 -9999.0 -9999.0 -9999.0 -9999.0 -9999.0 -9999.0 -9999.0 -9999.0 -9999.0 -9999.0 -9999.0 -9999.0 -9999.0 -9999.0 -9999.0 -9999.0 -9999.0 -9999.0 -9999.0 -9999.0 -9999.0 -9999.0 -9999.0 -9999.0 -9999.0 -9999.0 -9999.0 -9999.0 -9999.0 -9999.0 -9999.0 -9999.0 -9999.0 -9999.0 -9999.0 -9999.0 -9999.0 -9999.0 -9999.0 -9999.0 -9999.0 -9999.0 -9999.0 -9999.0 -9999.0 -9999.0 -9999.0 -9999.0 -9999.0 -9999.0 -9999.0 -9999.0 -9999.0 -9999.0 -9999.0 -9999.0 -9999.0 -9999.0
-9999.0 -9999.0 -9999.0 -9999.0 -9999.0 -9999.0 -9999.0 -9999.0 -9999.0 -9999.0 -9999.0 -9999.0 -9999.0 -9999.0 -9999.0 -9999.0 -9999.0 -9999.0 -9999.0 -9999.0 -9999.0 -9999.0 -9999.0 -9999.0 -9999.0 -9999.0 -9999.0 -9999.0 -9999.0 -9999.0 -9999.0 -9999.0 -9999.0 -9999.0 -9999.0 -9999.0 -9999.0 -9999.0 -9999.0 -9999.0 -9999.0 -9999.0 -9999.0 -9999.0 -9999.0 -9999.0 -9999.0 -9999.0 -9999.0 -9999.0 -9999.0 -9999.0 -9999.0 -9999.0 -9999.0 -9999.0 -9999.0 -9999.0 -9999.0 -9999.0 -9999.0 -9999.0 -9999.0 -9999.0 -9999.0 -9999.0 -9999.0 -9999.0 -9999.0 -9999.0 -9999.0 -9999.0 -9999.0 -9999.0 -9999.0 -9999.0 -9999.0 -9999.0 -9999.0 -9999.0 -9999.0 -9999.0 -9999.0 -9999.0 -9999.0 -9999.0 -9999.0 -9999.0 -9999.0 -9999.0 -9999.0 -9999.0 -9999.0 -9999.0 -9999.0 -9999.0 -9999.0 -9999.0 -9999.0 -9999.0 -9999.0 -9999.0 -9999.0 -9999.0
-9999.0 -9999.0 0.058751 0.055340 0.054403 0.054255 0.054570 0.055430 0.056736 0.057516 0.055197 0.053903 0.053093 0.052506 0.052450 0.052931 0.053312 0.053584 0.053804 0.053997 0.054174 0.054341 0.054503 0.054664 0.054827 0.054994 0.055164 0.055338 0.055517 0.055698 0.055879 0.056055 0.056214 0.056344 0.056433 0.056475 0.056469 0.056415 0.056318 0.099954 0.100000 0.100000 0.100000 0.100000 0.100000 0.098247 0.070067 0.051103 0.039442 0.028122 0.026322 0.026317 0.026317 0.026317 0.026317 0.026317 0.026317 0.026317 0.026332 0.028522 0.039344 0.049140 0.056844 0.055373 0.054351 0.054040 0.053957 0.053936 0.053931 0.053929 0.053929 0.053929 0.053929 0.053929 0.053929 0.053929 0.053929 0.053929 0.053929 0.053929 0.053929 0.053929 0.053929 0.053929 0.053929 0.053929 0.053929 0.053929 0.053929 0.053929 0.053929 0.053929 0.053929 0.053928 0.053927 0.053924 0.053911 0.053868 0.053727 0.053311 0.052215 0.049676 -9999.0 -9999.0
-9999.0 -9999.0 0.058751 0.055340 0.054403 0.054255 0.054570 0.055430 0.056736 0.057516 0.055197 0.053903 0.053093 0.052506 0.052450 0.052931 0.053312 0.053584 0.053804 0.053997 0.054174 0.054341 0.054503 0.054664 0.054827 0.054994 0.055164 0.055338 0.055517 0.055698 0.055879 0.056055 0.056214 0.056344 0.056433 0.056475 0.056469 0.056415 0.056318 0.099954 0.100000 0.100000 0.100000 0.100000 0.100000 0.098247 0.070067 0.051103 0.039442 0.028122 0.026322 0.026317 0.026317 0.026317 0.026317 0.026317 0.026317 0.026317 0.026332 0.028522 0.039344 0.049140 0.056844 0.055373 0.054351 0.054040 0.053957 0.053936 0.053931 0.053929 0.053929 0.053929 0.053929 0.053929 0.053929 0.053929 0.053929 0.053929 0.053929 0.053929 0.053929 0.053929 0.053929 0.053929 0.053929 0.053929 0.053929 0.053929 0.053929 0.053929 0.053929 0.053929 0.053929 0.053928 0.053927 0.053924 0.053911 0.053868 0.053727 0.053311 0.052215 0.049676 -9999.0 -9999.0
-9999.0 -9999.0 0.058751 0.055340 0.054403 0.054255 0.054570 0.055430 0.056736 0.057516 0.055197 0.053903 0.053093 0.052506 0.052450 0.052931 0.053312 0.053584 0.053804 0.053997 0.054174 0.054341 0.054503 0.054664 0.054827 0.054994 0.055164 0.055338 0.055517 0.055698 0.055879 0.056055 0.056214 0.056344 0.056433 0.056475 0.056469 0.056415 0.056318 0.099954 0.100000 0.100000 0.100000 0.100000 0.100000 0.098247 0.070067 0.051103 0.039442 0.028122 0.026322 0.026317 0.026317 0.026317 0.026317 0.026317 0.026317 0.026317 0.026332 0.028522 0.039344 0.049140 0.056844 0.055373 0.054351 0.054040 0.053957 0.053936 0.053931 0.053929 0.053929 0.053929 0.053929 0.053929 0.053929 0.053929 0.053929 0.053929 0.053929 0.053929 0.053929 0.053929 0.053929 0.053929 0.053929 0.053929 0.053929 0.053929 0.053929 0.053929 0.053929 0.053929 0.053929 0.053928 0.053927 0.053924 0.053911 0.053868 0.053727 0.053311 0.052215 0.049676 -9999.0 -9999.0
-9999.0 -9999.0 0.058751 0.055340 0.054403 0.054255 0.054570 0.055430 0.056736 0.057516 0.055197 0.053903 0.053093 0.052506 0.052450 0.052931 0.053312 0.053584 0.053804 0.053997 0.054174 0.054341 0.054503 0.054664 0.054827 0.054994 0.055164 0.055338 0.055517 0.055698 0.055879 0.056055 0.056214 0.056344 0.056433 0.056475 0.056469 0.056415 0.056318 0.099954 0.100000 0.100000 0.100000 0.100000 0.100000 0.098247 0.070067 0.051103 0.039442 0.028122 0.026322 0.026317 0.026317 0.026317 0.026317 0.026317 0.026317 0.026317 0.026332 0.028522 0.039344 0.049140 0.056844 0.055373 0.054351 0.054040 0.053957 0.053936 0.053931 0.053929 0.053929 0.053929 0.053929 0.053929 0.053929 0.053929 0.053929 0.053929 0.053929 0.053929 0.053929 0.053929 0.053929 0.053929 0.053929 0.053929 0.053929 0.053929 0.053929 0.053929 0.053929 0.053929 0.053929 0.053928 0.053927 0.053924 0.053911 0.053868 0.053727 0.053311 0.052215 0.049676 -9999.0 -9999.0
-9999.0 -9999.0 0.058751 0.055340 0.054403 0.054255 0.054570 0.055430 0.056736 0.057516 0.055197 0.053903 0.053093 0.052506 0.052450 0.052931 0.053312 0.053584 0.053804 0.053997 0.054174 0.054341 0.054503 0.054664 0.054827 0.054994 0.055164 0.055338 0.055517 0.055698 0.055879 0.056055 0.056214 0.056344 0.056433 0.056475 0.056469 0.056415 0.056318 0.099954 0.100000 0.100000 0.100000 0.100000 0.100000 0.098247 0.070067 0.051103 0.039442 0.028122 0.026322 0.026317 0.026317 0.026317 0.026317 0.026317 0.026317 0.026317 0.026332 0.028522 0.039344 0.049140 0.056844 0.055373 0.054351 0.054040 0.053957 0.053936 0.053931 0.053929 0.053929 0.053929 0.053929 0.053929 0.053929 0.053929 0.053929 0.053929 0.053929 0.053929 0.053929 0.053929 0.053929 0.053929 0.053929 0.053929 0.053929 0.053929 0.053929 0.053929 0.053929 0.053929 0.053929 0.053928 0.053927 0.053924 0.053911 0.053868 0.053727 0.053311 0.052215 0.049676 -9999.0 -9999.0
-9999.0 -9999.0 0.058751 0.055340 0.054403 0.054255 0.054570 0.055430 0.056736 0.057516 0.055197 0.053903 0.053093 0.052506 0.052450 0.052931 0.053312 0.053584 0.053804 0.053997 0.054174 0.054341 0.054503 0.054664 0.054827 0.054994 0.055164 0.055338 0.055517 0.055698 0.055879 0.056055 0.056214 0.056344 0.056433 0.056475 0.056469 0.056415 0.056318 0.099954 0.100000 0.100000 0.100000 0.100000 0.100000 0.098247 0.070067 0.051103 0.039442 0.028122 0.026322 0.026317 0.026317 0.026317 0.026317 0.026317 0.026317 0.026317 0.026332 0.028522 0.039344 0.049140 0.056844 0.055373 0.054351 0.054040 0.053957 0.053936 0.053931 0.053929 0.053929 0.053929 0.053929 0.053929 0.053929 0.053929 0.053929 0.053929 0.053929 0.053929 0.053929 0.053929 0.053929 0.053929 0.053929 0.053929 0.053929 0.053929 0.053929 0.053929 0.053929 0.053929 0.053929 0.053928 0.053927 0.053924 0.053911 0.053868 0.053727 0.053311 0.052215 0.049676 -9999.0 -9999.0
-9999.0 -9999.0 -9999.0 -9999.0 -9999.0 -9999.0 -9999.0 -9999.0 -9999.0 -9999.0 -9999.0 -9999.0 -9999.0 -9999.0 -9999.0 -9999.0 -9999.0 -9999.0 -9999.0 -9999.0 -9999.0 -9999.0 -9999.0 -9999.0 -9999.0 -9999.0 -9999.0 -9999.0 -9999.0 -9999.0 -9999.0 -9999.0 -9999.0 -9999.0 -9999.0 -9999.0 -9999.0 -9999.0 -9999.0 -9999.0 -9999.0 -9999.0 -9999.0 -9999.0 -9999.0 -9999.0 -9999.0 -9999.0 -9999.0 -9999.0 -9999.0 -9999.0 -9999.0 -9999.0 -9999.0 -9999.0 -9999.0 -9999.0 -9999.0 -9999.0 -9999.0 -9999.0 -9999.0 -9999.0 -9999.0 -9999.0 -9999.0 -9999.0 -9999.0 -9999.0 -9999.0 -9999.0 -9999.0 -9999.0 -9999.0 -9999.0 -9999.0 -9999.0 -9999.0 -9999.0 -9999.0 -9999.0 -9999.0 -9999.0 -9999.0 -9999.0 -9999.0 -9999.0 -9999.0 -9999.0 -9999.0 -9999.0 -9999.0 -9999.0 -9999.0 -9999.0 -9999.0 -9999.0 -9999.0 -9999.0 -9999.0 -9999.0 -9999.0 -9999.0
-9999.0 -9999.0 -9999.0 -9999.0 -9999.0 -9999.0 -9999.0 -9999.0 -9999.0 -9999.0 -9999.0 -9999.0 -9999.0 -9999.0 -9999.0 -9999.0 -9999.0 -9999.0 -9999.0 -9999.0 -9999.0 -9999.0 -9999.0 -9999.0 -9999.0 -9999.0 -9999.0 -9999.0 -9999.0 -9999.0 -9999.0 -9999.0 -9999.0 -9999.0 -9999.0 -9999.0 -9999.0 -9999.0 -9999.0 -9999.0 -9999.0 -9999.0 -9999.0 -9999.0 -9999.0 -9999.0 -9999.0 -9999.0 -9999.0 -9999.0 -9999.0 -9999.0 -9999.0 -9999.0 -9999.0 -9999.0 -9999.0 -9999.0 -9999.0 -9999.0 -9999.0 -9999.0 -9999.0 -9999.0 -9999.0 -9999.0 -9999.0 -9999.0 -9999.0 -9999.0 -9999.0 -9999.0 -9999.0 -9999.0 -9999.0 -9999.0 -9999.0 -9999.0 -9999.0 -9999.0 -9999.0 -9999.0 -9999.0 -9999.0 -9999.0 -9999.0 -9999.0 -9999.0 -9999.0 -9999.0 -9999.0 -9999.0 -9999.0 -9999.0 -9999.0 -9999.0 -9999.0 -9999.0 -9999.0 -9999.0 -9999.0 -9999.0 -9999.0 -9999.0