examples/3D/hillslope02_superslab/output-maps-SE27XX/thetaliqL0068N0002.asc
ncols         104
nrows         10
xllcorner     -2.000000
yllcorner     0.000000
cellsize      1.000000
NODATA_value  -9999.0
-9999.0 -9999.0 -9999.0 -9999.0 -9999.0 -9999.0 -9999.0 -9999.0 -9999.0 -9999.0 -9999.0 -9999.0 -9999.0 -9999.0 -9999.0 -9999.0 -9999.0 -9999.0 -9999.0 -9999.0 -9999.0 -9999.0 -9999.0 -9999.0 -9999.0 -9999.0 -9999.0 -9999.0 -9999.0 -9999.0 -9999.0 -9999.0 -9999.0 -9999.0 -9999.0 -9999.0 -9999.0 -9999.0 -9999.0 -9999.0 -9999.0 -9999.0 -9999.0 -9999.0 -9999.0 -9999.0 -9999.0 -9999.0 -9999.0 -9999.0 -9999.0 -9999.0 -9999.0 -9999.0 -9999.0 -9999.0 -9999.0 -9999.0 -9999.0 -9999.0 -9999.0 -9999.0 -9999.0 -9999.0 -9999.0 -9999.0 -9999.0 -9999.0 -9999.0 -9999.0 -9999.0 -9999.0 -9999.0 -9999.0 -9999.0 -9999.0 -9999.0 -9999.0 -9999.0 -9999.0 -9999.0 -9999.0 -9999.0 -9999.0 -9999.0 -9999.0 -9999.0 -9999.0 -9999.0 -9999.0 -9999.0 -9999.0 -9999.0 -9999.0 -9999.0 -9999.0 -9999.0 -9999.0 -9999.0 -9999.0 -9999.0 -9999.0 -9999.0 -9999.0
-9999.0 -9999.0 -9999.0 -9999.0 -9999.0 -9999.0 -9999.0 -9999.0 -9999.0 -9999.0 -9999.0 -9999.0 -9999.0 -9999.0 -9999.0 -9999.0 -9999.0 -9999.0 -9999.0 -9999.0 -9999.0 -9999.0 -9999.0 -9999.0 -9999.0 -9999.0 -9999.0 -9999.0 -9999.0 -9999.0 -9999.0 -9999.0 -9999.0 -9999.0 -9999.0 -9999.0 -9999.0 -9999.0 -9999.0 -9999.0 -9999.0 -9999.0 -9999.0 -9999.0 -9999.0 -9999.0 -9999.0 -9999.0 -9999.0 -9999.0 -9999.0 -9999.0 -9999.0 -9999.0 -9999.0 -9999.0 -9999.0 -9999.0 -9999.0 -9999.0 -9999.0 -9999.0 -9999.0 -9999.0 -9999.0 -9999.0 -9999.0 -9999.0 -9999.0 -9999.0 -9999.0 -9999.0 -9999.0 -9999.0 -9999.0 -9999.0 -9999.0 -9999.0 -9999.0 -9999.0 -9999.0 -9999.0 -9999.0 -9999.0 -9999.0 -9999.0 -9999.0 -9999.0 -9999.0 -9999.0 -9999.0 -9999.0 -9999.0 -9999.0 -9999.0 -9999.0 -9999.0 -9999.0 -9999.0 -9999.0 -9999.0 -9999.0 -9999.0 -9999.0
-9999.0 -9999.0 0.100000 0.091969 0.074367 0.063007 0.058017 0.056698 0.057107 0.057416 0.055198 0.053880 0.053058 0.052463 0.052360 0.052842 0.053240 0.053522 0.053747 0.053946 0.054131 0.054309 0.054485 0.054663 0.054843 0.055027 0.055213 0.055402 0.055591 0.055778 0.055962 0.056134 0.056286 0.056405 0.056481 0.056510 0.056491 0.056426 0.056313 0.056145 0.055907 0.055565 0.055105 0.054609 0.099682 0.099968 0.099999 0.100000 0.084320 0.049489 0.030860 0.028245 0.028243 0.028243 0.028243 0.028243 0.028243 0.028243 0.028253 0.029598 0.039720 0.049637 0.056381 0.055339 0.054369 0.054051 0.053964 0.053941 0.053935 0.053934 0.053933 0.053933 0.053933 0.053933 0.053932 0.053932 0.053932 0.053932 0.053932 0.053932 0.053931 0.053931 0.053931 0.053931 0.053931 0.053931 0.053930 0.053930 0.053930 0.053930 0.053930 0.053929 0.053929 0.053929 0.053927 0.053923 0.053907 0.053856 0.053693 0.053227 0.052025 0.049094 -9999.0 -9999.0
-9999.0 -9999.0 0.100000 0.091969 0.074367 0.063007 0.058017 0.056698 0.057107 0.057416 0.055198 0.053880 0.053058 0.052463 0.052360 0.052842 0.053240 0.053522 0.053747 0.053946 0.054131 0.054309 0.054485 0.054663 0.054843 0.055027 0.055213 0.055402 0.055591 0.055778 0.055962 0.056134 0.056286 0.056405 0.056481 0.056510 0.056491 0.056426 0.056313 0.056145 0.055907 0.055565 0.055105 0.054609 0.099682 0.099968 0.099999 0.100000 0.084320 0.049489 0.030860 0.028245 0.028243 0.028243 0.028243 0.028243 0.028243 0.028243 0.028253 0.029598 0.039720 0.049637 0.056381 0.055339 0.054369 0.054051 0.053964 0.053941 0.053935 0.053934 0.053933 0.053933 0.053933 0.053933 0.053932 0.053932 0.053932 0.053932 0.053932 0.053932 0.053931 0.053931 0.053931 0.053931 0.053931 0.053931 0.053930 0.053930 0.053930 0.053930 0.053930 0.053929 0.053929 0.053929 0.053927 0.053923 0.053907 0.053856 0.053693 0.053227 0.052025 0.049094 -9999.0 -9999.0
-9999.0 -9999.0 0.100000 0.091969 0.074367 0.063007 0.058017 0.056698 0.057107 0.057416 0.055198 0.053880 0.053058 0.052463 0.052360 0.052842 0.053240 0.053522 0.053747 0.053946 0.054131 0.054309 0.054485 0.054663 0.054843 0.055027 0.055213 0.055402 0.055591 0.055778 0.055962 0.056134 0.056286 0.056405 0.056481 0.056510 0.056491 0.056426 0.056313 0.056145 0.055907 0.055565 0.055105 0.054609 0.099682 0.099968 0.099999 0.100000 0.084320 0.049489 0.030860 0.028245 0.028243 0.028243 0.028243 0.028243 0.028243 0.028243 0.028253 0.029598 0.039720 0.049637 0.056381 0.055339 0.054369 0.054051 0.053964 0.053941 0.053935 0.053934 0.053933 0.053933 0.053933 0.053933 0.053932 0.053932 0.053932 0.053932 0.053932 0.053932 0.053931 0.053931 0.053931 0.053931 0.053931 0.053931 0.053930 0.053930 0.053930 0.053930 0.053930 0.053929 0.053929 0.053929 0.053927 0.053923 0.053907 0.053856 0.053693 0.053227 0.052025 0.049094 -9999.0 -9999.0
-9999.0 -9999.0 0.100000 0.091969 0.074367 0.063007 0.058017 0.056698 0.057107 0.057416 0.055198 0.053880 0.053058 0.052463 0.052360 0.052842 0.053240 0.053522 0.053747 0.053946 0.054131 0.054309 0.054485 0.054663 0.054843 0.055027 0.055213 0.055402 0.055591 0.055778 0.055962 0.056134 0.056286 0.056405 0.056481 0.056510 0.056491 0.056426 0.056313 0.056145 0.055907 0.055565 0.055105 0.054609 0.099682 0.099968 0.099999 0.100000 0.084320 0.049489 0.030860 0.028245 0.028243 0.028243 0.028243 0.028243 0.028243 0.028243 0.028253 0.029598 0.039720 0.049637 0.056381 0.055339 0.054369 0.054051 0.053964 0.053941 0.053935 0.053934 0.053933 0.053933 0.053933 0.053933 0.053932 0.053932 0.053932 0.053932 0.053932 0.053932 0.053931 0.053931 0.053931 0.053931 0.053931 0.053931 0.053930 0.053930 0.053930 0.053930 0.053930 0.053929 0.053929 0.053929 0.053927 0.053923 0.053907 0.053856 0.053693 0.053227 0.052025 0.049094 -9999.0 -9999.0
-9999.0 -9999.0 0.100000 0.091969 0.074367 0.063007 0.058017 0.056698 0.057107 0.057416 0.055198 0.053880 0.053058 0.052463 0.052360 0.052842 0.053240 0.053522 0.053747 0.053946 0.054131 0.054309 0.054485 0.054663 0.054843 0.055027 0.055213 0.055402 0.055591 0.055778 0.055962 0.056134 0.056286 0.056405 0.056481 0.056510 0.056491 0.056426 0.056313 0.056145 0.055907 0.055565 0.055105 0.054609 0.099682 0.099968 0.099999 0.100000 0.084320 0.049489 0.030860 0.028245 0.028243 0.028243 0.028243 0.028243 0.028243 0.028243 0.028253 0.029598 0.039720 0.049637 0.056381 0.055339 0.054369 0.054051 0.053964 0.053941 0.053935 0.053934 0.053933 0.053933 0.053933 0.053933 0.053932 0.053932 0.053932 0.053932 0.053932 0.053932 0.053931 0.053931 0.053931 0.053931 0.053931 0.053931 0.053930 0.053930 0.053930 0.053930 0.053930 0.053929 0.053929 0.053929 0.053927 0.053923 0.053907 0.053856 0.053693 0.053227 0.052025 0.049094 -9999.0 -9999.0
-9999.0 -9999.0 0.100000 0.091969 0.074367 0.063007 0.058017 0.056698 0.057107 0.057416 0.055198 0.053880 0.053058 0.052463 0.052360 0.052842 0.053240 0.053522 0.053747 0.053946 0.054131 0.054309 0.054485 0.054663 0.054843 0.055027 0.055213 0.055402 0.055591 0.055778 0.055962 0.056134 0.056286 0.056405 0.056481 0.056510 0.056491 0.056426 0.056313 0.056145 0.055907 0.055565 0.055105 0.054609 0.099682 0.099968 0.099999 0.100000 0.084320 0.049489 0.030860 0.028245 0.028243 0.028243 0.028243 0.028243 0.028243 0.028243 0.028253 0.029598 0.039720 0.049637 0.056381 0.055339 0.054369 0.054051 0.053964 0.053941 0.053935 0.053934 0.053933 0.053933 0.053933 0.053933 0.053932 0.053932 0.053932 0.053932 0.053932 0.053932 0.053931 0.053931 0.053931 0.053931 0.053931 0.053931 0.053930 0.053930 0.053930 0.053930 0.053930 0.053929 0.053929 0.053929 0.053927 0.053923 0.053907 0.053856 0.053693 0.053227 0.052025 0.049094 -9999.0 -9999.0
-9999.0 -9999.0 -9999.0 -9999.0 -9999.0 -9999.0 -9999.0 -9999.0 -9999.0 -9999.0 -9999.0 -9999.0 -9999.0 -9999.0 -9999.0 -9999.0 -9999.0 -9999.0 -9999.0 -9999.0 -9999.0 -9999.0 -9999.0 -9999.0 -9999.0 -9999.0 -9999.0 -9999.0 -9999.0 -9999.0 -9999.0 -9999.0 -9999.0 -9999.0 -9999.0 -9999.0 -9999.0 -9999.0 -9999.0 -9999.0 -9999.0 -9999.0 -9999.0 -9999.0 -9999.0 -9999.0 -9999.0 -9999.0 -9999.0 -9999.0 -9999.0 -9999.0 -9999.0 -9999.0 -9999.0 -9999.0 -9999.0 -9999.0 -9999.0 -9999.0 -9999.0 -9999.0 -9999.0 -9999.0 -9999.0 -9999.0 -9999.0 -9999.0 -9999.0 -9999.0 -9999.0 -9999.0 -9999.0 -9999.0 -9999.0 -9999.0 -9999.0 -9999.0 -9999.0 -9999.0 -9999.0 -9999.0 -9999.0 -9999.0 -9999.0 -9999.0 -9999.0 -9999.0 -9999.0 -9999.0 -9999.0 -9999.0 -9999.0 -9999.0 -9999.0 -9999.0 -9999.0 -9999.0 -9999.0 -9999.0 -9999.0 -9999.0 -9999.0 -9999.0
-9999.0 -9999.0 -9999.0 -9999.0 -9999.0 -9999.0 -9999.0 -9999.0 -9999.0 -9999.0 -9999.0 -9999.0 -9999.0 -9999.0 -9999.0 -9999.0 -9999.0 -9999.0 -9999.0 -9999.0 -9999.0 -9999.0 -9999.0 -9999.0 -9999.0 -9999.0 -9999.0 -9999.0 -9999.0 -9999.0 -9999.0 -9999.0 -9999.0 -9999.0 -9999.0 -9999.0 -9999.0 -9999.0 -9999.0 -9999.0 -9999.0 -9999.0 -9999.0 -9999.0 -9999.0 -9999.0 -9999.0 -9999.0 -9999.0 -9999.0 -9999.0 -9999.0 -9999.0 -9999.0 -9999.0 -9999.0 -9999.0 -9999.0 -9999.0 -9999.0 -9999.0 -9999.0 -9999.0 -9999.0 -9999.0 -9999.0 -9999.0 -9999.0 -9999.0 -9999.0 -9999.0 -9999.0 -9999.0 -9999.0 -9999.0 -9999.0 -9999.0 -9999.0 -9999.0 -9999.0 -9999.0 -9999.0 -9999.0 -9999.0 -9999.0 -9999.0 -9999.0 -9999.0 -9999.0 -9999.0 -9999.0 -9999.0 -9999.0 -9999.0 -9999.0 -9999.0 -9999.0 -9999.0 -9999.0 -9999.0 -9999.0 -9999.0 -9999.0 -9999.0