examples/3D/hillslope02_superslab/output-maps-SE27XX/thetaliqL0009N0003.asc
ncols         104
nrows         10
xllcorner     -2.000000
yllcorner     0.000000
cellsize      1.000000
NODATA_value  -9999.0
-9999.0 -9999.0 -9999.0 -9999.0 -9999.0 -9999.0 -9999.0 -9999.0 -9999.0 -9999.0 -9999.0 -9999.0 -9999.0 -9999.0 -9999.0 -9999.0 -9999.0 -9999.0 -9999.0 -9999.0 -9999.0 -9999.0 -9999.0 -9999.0 -9999.0 -9999.0 -9999.0 -9999.0 -9999.0 -9999.0 -9999.0 -9999.0 -9999.0 -9999.0 -9999.0 -9999.0 -9999.0 -9999.0 -9999.0 -9999.0 -9999.0 -9999.0 -9999.0 -9999.0 -9999.0 -9999.0 -9999.0 -9999.0 -9999.0 -9999.0 -9999.0 -9999.0 -9999.0 -9999.0 -9999.0 -9999.0 -9999.0 -9999.0 -9999.0 -9999.0 -9999.0 -9999.0 -9999.0 -9999.0 -9999.0 -9999.0 -9999.0 -9999.0 -9999.0 -9999.0 -9999.0 -9999.0 -9999.0 -9999.0 -9999.0 -9999.0 -9999.0 -9999.0 -9999.0 -9999.0 -9999.0 -9999.0 -9999.0 -9999.0 -9999.0 -9999.0 -9999.0 -9999.0 -9999.0 -9999.0 -9999.0 -9999.0 -9999.0 -9999.0 -9999.0 -9999.0 -9999.0 -9999.0 -9999.0 -9999.0 -9999.0 -9999.0 -9999.0 -9999.0
-9999.0 -9999.0 -9999.0 -9999.0 -9999.0 -9999.0 -9999.0 -9999.0 -9999.0 -9999.0 -9999.0 -9999.0 -9999.0 -9999.0 -9999.0 -9999.0 -9999.0 -9999.0 -9999.0 -9999.0 -9999.0 -9999.0 -9999.0 -9999.0 -9999.0 -9999.0 -9999.0 -9999.0 -9999.0 -9999.0 -9999.0 -9999.0 -9999.0 -9999.0 -9999.0 -9999.0 -9999.0 -9999.0 -9999.0 -9999.0 -9999.0 -9999.0 -9999.0 -9999.0 -9999.0 -9999.0 -9999.0 -9999.0 -9999.0 -9999.0 -9999.0 -9999.0 -9999.0 -9999.0 -9999.0 -9999.0 -9999.0 -9999.0 -9999.0 -9999.0 -9999.0 -9999.0 -9999.0 -9999.0 -9999.0 -9999.0 -9999.0 -9999.0 -9999.0 -9999.0 -9999.0 -9999.0 -9999.0 -9999.0 -9999.0 -9999.0 -9999.0 -9999.0 -9999.0 -9999.0 -9999.0 -9999.0 -9999.0 -9999.0 -9999.0 -9999.0 -9999.0 -9999.0 -9999.0 -9999.0 -9999.0 -9999.0 -9999.0 -9999.0 -9999.0 -9999.0 -9999.0 -9999.0 -9999.0 -9999.0 -9999.0 -9999.0 -9999.0 -9999.0
-9999.0 -9999.0 0.036501 0.036052 0.035957 0.035933 0.035932 0.035941 0.035956 0.035999 0.036270 0.036688 0.037140 0.037706 0.086263 0.085625 0.085244 0.084973 0.037592 0.038348 0.038723 0.038783 0.038619 0.038312 0.037929 0.037524 0.037142 0.036813 0.036549 0.036350 0.036212 0.036126 0.036074 0.036042 0.036022 0.036010 0.036003 0.036000 0.035999 0.035997 0.035967 0.035477 0.044174 0.034598 0.034607 0.034611 0.034612 0.034611 0.034609 0.034608 0.034606 0.034603 0.034600 0.034597 0.034595 0.034591 0.034587 0.034582 0.034576 0.034566 0.034538 0.044036 0.035671 0.035928 0.035923 0.035919 0.035918 0.035917 0.035917 0.035917 0.035917 0.035917 0.035917 0.035917 0.035917 0.035917 0.035917 0.035917 0.035917 0.035917 0.035917 0.035917 0.035917 0.035917 0.035917 0.035917 0.035917 0.035917 0.035917 0.035917 0.035917 0.035917 0.035917 0.035917 0.035917 0.035917 0.035917 0.035917 0.035915 0.035907 0.035876 0.035694 -9999.0 -9999.0
-9999.0 -9999.0 0.036501 0.036052 0.035957 0.035933 0.035932 0.035941 0.035956 0.035999 0.036270 0.036688 0.037140 0.037706 0.086263 0.085625 0.085244 0.084973 0.037592 0.038348 0.038723 0.038783 0.038619 0.038312 0.037929 0.037524 0.037142 0.036813 0.036549 0.036350 0.036212 0.036126 0.036074 0.036042 0.036022 0.036010 0.036003 0.036000 0.035999 0.035997 0.035967 0.035477 0.044174 0.034598 0.034607 0.034611 0.034612 0.034611 0.034609 0.034608 0.034606 0.034603 0.034600 0.034597 0.034595 0.034591 0.034587 0.034582 0.034576 0.034566 0.034538 0.044036 0.035671 0.035928 0.035923 0.035919 0.035918 0.035917 0.035917 0.035917 0.035917 0.035917 0.035917 0.035917 0.035917 0.035917 0.035917 0.035917 0.035917 0.035917 0.035917 0.035917 0.035917 0.035917 0.035917 0.035917 0.035917 0.035917 0.035917 0.035917 0.035917 0.035917 0.035917 0.035917 0.035917 0.035917 0.035917 0.035917 0.035915 0.035907 0.035876 0.035694 -9999.0 -9999.0
-9999.0 -9999.0 0.036501 0.036052 0.035957 0.035933 0.035932 0.035941 0.035956 0.035999 0.036270 0.036688 0.037140 0.037706 0.086263 0.085625 0.085244 0.084973 0.037592 0.038348 0.038723 0.038783 0.038619 0.038312 0.037929 0.037524 0.037142 0.036813 0.036549 0.036350 0.036212 0.036126 0.036074 0.036042 0.036022 0.036010 0.036003 0.036000 0.035999 0.035997 0.035967 0.035477 0.044174 0.034598 0.034607 0.034611 0.034612 0.034611 0.034609 0.034608 0.034606 0.034603 0.034600 0.034597 0.034595 0.034591 0.034587 0.034582 0.034576 0.034566 0.034538 0.044036 0.035671 0.035928 0.035923 0.035919 0.035918 0.035917 0.035917 0.035917 0.035917 0.035917 0.035917 0.035917 0.035917 0.035917 0.035917 0.035917 0.035917 0.035917 0.035917 0.035917 0.035917 0.035917 0.035917 0.035917 0.035917 0.035917 0.035917 0.035917 0.035917 0.035917 0.035917 0.035917 0.035917 0.035917 0.035917 0.035917 0.035915 0.035907 0.035876 0.035694 -9999.0 -9999.0
-9999.0 -9999.0 0.036501 0.036052 0.035957 0.035933 0.035932 0.035941 0.035956 0.035999 0.036270 0.036688 0.037140 0.037706 0.086263 0.085625 0.085244 0.084973 0.037592 0.038348 0.038723 0.038783 0.038619 0.038312 0.037929 0.037524 0.037142 0.036813 0.036549 0.036350 0.036212 0.036126 0.036074 0.036042 0.036022 0.036010 0.036003 0.036000 0.035999 0.035997 0.035967 0.035477 0.044174 0.034598 0.034607 0.034611 0.034612 0.034611 0.034609 0.034608 0.034606 0.034603 0.034600 0.034597 0.034595 0.034591 0.034587 0.034582 0.034576 0.034566 0.034538 0.044036 0.035671 0.035928 0.035923 0.035919 0.035918 0.035917 0.035917 0.035917 0.035917 0.035917 0.035917 0.035917 0.035917 0.035917 0.035917 0.035917 0.035917 0.035917 0.035917 0.035917 0.035917 0.035917 0.035917 0.035917 0.035917 0.035917 0.035917 0.035917 0.035917 0.035917 0.035917 0.035917 0.035917 0.035917 0.035917 0.035917 0.035915 0.035907 0.035876 0.035694 -9999.0 -9999.0
-9999.0 -9999.0 0.036501 0.036052 0.035957 0.035933 0.035932 0.035941 0.035956 0.035999 0.036270 0.036688 0.037140 0.037706 0.086263 0.085625 0.085244 0.084973 0.037592 0.038348 0.038723 0.038783 0.038619 0.038312 0.037929 0.037524 0.037142 0.036813 0.036549 0.036350 0.036212 0.036126 0.036074 0.036042 0.036022 0.036010 0.036003 0.036000 0.035999 0.035997 0.035967 0.035477 0.044174 0.034598 0.034607 0.034611 0.034612 0.034611 0.034609 0.034608 0.034606 0.034603 0.034600 0.034597 0.034595 0.034591 0.034587 0.034582 0.034576 0.034566 0.034538 0.044036 0.035671 0.035928 0.035923 0.035919 0.035918 0.035917 0.035917 0.035917 0.035917 0.035917 0.035917 0.035917 0.035917 0.035917 0.035917 0.035917 0.035917 0.035917 0.035917 0.035917 0.035917 0.035917 0.035917 0.035917 0.035917 0.035917 0.035917 0.035917 0.035917 0.035917 0.035917 0.035917 0.035917 0.035917 0.035917 0.035917 0.035915 0.035907 0.035876 0.035694 -9999.0 -9999.0
-9999.0 -9999.0 0.036501 0.036052 0.035957 0.035933 0.035932 0.035941 0.035956 0.035999 0.036270 0.036688 0.037140 0.037706 0.086263 0.085625 0.085244 0.084973 0.037592 0.038348 0.038723 0.038783 0.038619 0.038312 0.037929 0.037524 0.037142 0.036813 0.036549 0.036350 0.036212 0.036126 0.036074 0.036042 0.036022 0.036010 0.036003 0.036000 0.035999 0.035997 0.035967 0.035477 0.044174 0.034598 0.034607 0.034611 0.034612 0.034611 0.034609 0.034608 0.034606 0.034603 0.034600 0.034597 0.034595 0.034591 0.034587 0.034582 0.034576 0.034566 0.034538 0.044036 0.035671 0.035928 0.035923 0.035919 0.035918 0.035917 0.035917 0.035917 0.035917 0.035917 0.035917 0.035917 0.035917 0.035917 0.035917 0.035917 0.035917 0.035917 0.035917 0.035917 0.035917 0.035917 0.035917 0.035917 0.035917 0.035917 0.035917 0.035917 0.035917 0.035917 0.035917 0.035917 0.035917 0.035917 0.035917 0.035917 0.035915 0.035907 0.035876 0.035694 -9999.0 -9999.0
-9999.0 -9999.0 -9999.0 -9999.0 -9999.0 -9999.0 -9999.0 -9999.0 -9999.0 -9999.0 -9999.0 -9999.0 -9999.0 -9999.0 -9999.0 -9999.0 -9999.0 -9999.0 -9999.0 -9999.0 -9999.0 -9999.0 -9999.0 -9999.0 -9999.0 -9999.0 -9999.0 -9999.0 -9999.0 -9999.0 -9999.0 -9999.0 -9999.0 -9999.0 -9999.0 -9999.0 -9999.0 -9999.0 -9999.0 -9999.0 -9999.0 -9999.0 -9999.0 -9999.0 -9999.0 -9999.0 -9999.0 -9999.0 -9999.0 -9999.0 -9999.0 -9999.0 -9999.0 -9999.0 -9999.0 -9999.0 -9999.0 -9999.0 -9999.0 -9999.0 -9999.0 -9999.0 -9999.0 -9999.0 -9999.0 -9999.0 -9999.0 -9999.0 -9999.0 -9999.0 -9999.0 -9999.0 -9999.0 -9999.0 -9999.0 -9999.0 -9999.0 -9999.0 -9999.0 -9999.0 -9999.0 -9999.0 -9999.0 -9999.0 -9999.0 -9999.0 -9999.0 -9999.0 -9999.0 -9999.0 -9999.0 -9999.0 -9999.0 -9999.0 -9999.0 -9999.0 -9999.0 -9999.0 -9999.0 -9999.0 -9999.0 -9999.0 -9999.0 -9999.0
-9999.0 -9999.0 -9999.0 -9999.0 -9999.0 -9999.0 -9999.0 -9999.0 -9999.0 -9999.0 -9999.0 -9999.0 -9999.0 -9999.0 -9999.0 -9999.0 -9999.0 -9999.0 -9999.0 -9999.0 -9999.0 -9999.0 -9999.0 -9999.0 -9999.0 -9999.0 -9999.0 -9999.0 -9999.0 -9999.0 -9999.0 -9999.0 -9999.0 -9999.0 -9999.0 -9999.0 -9999.0 -9999.0 -9999.0 -9999.0 -9999.0 -9999.0 -9999.0 -9999.0 -9999.0 -9999.0 -9999.0 -9999.0 -9999.0 -9999.0 -9999.0 -9999.0 -9999.0 -9999.0 -9999.0 -9999.0 -9999.0 -9999.0 -9999.0 -9999.0 -9999.0 -9999.0 -9999.0 -9999.0 -9999.0 -9999.0 -9999.0 -9999.0 -9999.0 -9999.0 -9999.0 -9999.0 -9999.0 -9999.0 -9999.0 -9999.0 -9999.0 -9999.0 -9999.0 -9999.0 -9999.0 -9999.0 -9999.0 -9999.0 -9999.0 -9999.0 -9999.0 -9999.0 -9999.0 -9999.0 -9999.0 -9999.0 -9999.0 -9999.0 -9999.0 -9999.0 -9999.0 -9999.0 -9999.0 -9999.0 -9999.0 -9999.0 -9999.0 -9999.0