examples/3D/hillslope02_superslab/output-maps-SE27XX/thetaliqL0023N0002.asc
ncols         104
nrows         10
xllcorner     -2.000000
yllcorner     0.000000
cellsize      1.000000
NODATA_value  -9999.0
-9999.0 -9999.0 -9999.0 -9999.0 -9999.0 -9999.0 -9999.0 -9999.0 -9999.0 -9999.0 -9999.0 -9999.0 -9999.0 -9999.0 -9999.0 -9999.0 -9999.0 -9999.0 -9999.0 -9999.0 -9999.0 -9999.0 -9999.0 -9999.0 -9999.0 -9999.0 -9999.0 -9999.0 -9999.0 -9999.0 -9999.0 -9999.0 -9999.0 -9999.0 -9999.0 -9999.0 -9999.0 -9999.0 -9999.0 -9999.0 -9999.0 -9999.0 -9999.0 -9999.0 -9999.0 -9999.0 -9999.0 -9999.0 -9999.0 -9999.0 -9999.0 -9999.0 -9999.0 -9999.0 -9999.0 -9999.0 -9999.0 -9999.0 -9999.0 -9999.0 -9999.0 -9999.0 -9999.0 -9999.0 -9999.0 -9999.0 -9999.0 -9999.0 -9999.0 -9999.0 -9999.0 -9999.0 -9999.0 -9999.0 -9999.0 -9999.0 -9999.0 -9999.0 -9999.0 -9999.0 -9999.0 -9999.0 -9999.0 -9999.0 -9999.0 -9999.0 -9999.0 -9999.0 -9999.0 -9999.0 -9999.0 -9999.0 -9999.0 -9999.0 -9999.0 -9999.0 -9999.0 -9999.0 -9999.0 -9999.0 -9999.0 -9999.0 -9999.0 -9999.0
-9999.0 -9999.0 -9999.0 -9999.0 -9999.0 -9999.0 -9999.0 -9999.0 -9999.0 -9999.0 -9999.0 -9999.0 -9999.0 -9999.0 -9999.0 -9999.0 -9999.0 -9999.0 -9999.0 -9999.0 -9999.0 -9999.0 -9999.0 -9999.0 -9999.0 -9999.0 -9999.0 -9999.0 -9999.0 -9999.0 -9999.0 -9999.0 -9999.0 -9999.0 -9999.0 -9999.0 -9999.0 -9999.0 -9999.0 -9999.0 -9999.0 -9999.0 -9999.0 -9999.0 -9999.0 -9999.0 -9999.0 -9999.0 -9999.0 -9999.0 -9999.0 -9999.0 -9999.0 -9999.0 -9999.0 -9999.0 -9999.0 -9999.0 -9999.0 -9999.0 -9999.0 -9999.0 -9999.0 -9999.0 -9999.0 -9999.0 -9999.0 -9999.0 -9999.0 -9999.0 -9999.0 -9999.0 -9999.0 -9999.0 -9999.0 -9999.0 -9999.0 -9999.0 -9999.0 -9999.0 -9999.0 -9999.0 -9999.0 -9999.0 -9999.0 -9999.0 -9999.0 -9999.0 -9999.0 -9999.0 -9999.0 -9999.0 -9999.0 -9999.0 -9999.0 -9999.0 -9999.0 -9999.0 -9999.0 -9999.0 -9999.0 -9999.0 -9999.0 -9999.0
-9999.0 -9999.0 0.056918 0.054645 0.054149 0.054135 0.054463 0.055299 0.056768 0.058561 0.055314 0.054042 0.053220 0.052447 0.052252 0.052910 0.053349 0.053645 0.053880 0.054083 0.054267 0.099220 0.099966 0.100000 0.100000 0.100000 0.100000 0.100000 0.100000 0.100000 0.100000 0.100000 0.098374 0.088062 0.076198 0.068228 0.064168 0.062406 0.061739 0.061760 0.062899 0.065183 0.046497 0.034702 0.034700 0.034700 0.034700 0.034700 0.034700 0.034700 0.034700 0.034700 0.034700 0.034700 0.034700 0.034700 0.034700 0.034700 0.034700 0.034700 0.034701 0.043788 0.059527 0.055337 0.054281 0.054019 0.053952 0.053935 0.053930 0.053929 0.053929 0.053929 0.053929 0.053929 0.053929 0.053929 0.053929 0.053929 0.053929 0.053929 0.053929 0.053929 0.053929 0.053929 0.053929 0.053929 0.053929 0.053929 0.053929 0.053929 0.053929 0.053929 0.053929 0.053928 0.053928 0.053926 0.053921 0.053900 0.053823 0.053560 0.052728 0.050415 -9999.0 -9999.0
-9999.0 -9999.0 0.056918 0.054645 0.054149 0.054135 0.054463 0.055299 0.056768 0.058561 0.055314 0.054042 0.053220 0.052447 0.052252 0.052910 0.053349 0.053645 0.053880 0.054083 0.054267 0.099220 0.099966 0.100000 0.100000 0.100000 0.100000 0.100000 0.100000 0.100000 0.100000 0.100000 0.098374 0.088062 0.076198 0.068228 0.064168 0.062406 0.061739 0.061760 0.062899 0.065183 0.046497 0.034702 0.034700 0.034700 0.034700 0.034700 0.034700 0.034700 0.034700 0.034700 0.034700 0.034700 0.034700 0.034700 0.034700 0.034700 0.034700 0.034700 0.034701 0.043788 0.059527 0.055337 0.054281 0.054019 0.053952 0.053935 0.053930 0.053929 0.053929 0.053929 0.053929 0.053929 0.053929 0.053929 0.053929 0.053929 0.053929 0.053929 0.053929 0.053929 0.053929 0.053929 0.053929 0.053929 0.053929 0.053929 0.053929 0.053929 0.053929 0.053929 0.053929 0.053928 0.053928 0.053926 0.053921 0.053900 0.053823 0.053560 0.052728 0.050415 -9999.0 -9999.0
-9999.0 -9999.0 0.056918 0.054645 0.054149 0.054135 0.054463 0.055299 0.056768 0.058561 0.055314 0.054042 0.053220 0.052447 0.052252 0.052910 0.053349 0.053645 0.053880 0.054083 0.054267 0.099220 0.099966 0.100000 0.100000 0.100000 0.100000 0.100000 0.100000 0.100000 0.100000 0.100000 0.098374 0.088062 0.076198 0.068228 0.064168 0.062406 0.061739 0.061760 0.062899 0.065183 0.046497 0.034702 0.034700 0.034700 0.034700 0.034700 0.034700 0.034700 0.034700 0.034700 0.034700 0.034700 0.034700 0.034700 0.034700 0.034700 0.034700 0.034700 0.034701 0.043788 0.059527 0.055337 0.054281 0.054019 0.053952 0.053935 0.053930 0.053929 0.053929 0.053929 0.053929 0.053929 0.053929 0.053929 0.053929 0.053929 0.053929 0.053929 0.053929 0.053929 0.053929 0.053929 0.053929 0.053929 0.053929 0.053929 0.053929 0.053929 0.053929 0.053929 0.053929 0.053928 0.053928 0.053926 0.053921 0.053900 0.053823 0.053560 0.052728 0.050415 -9999.0 -9999.0
-9999.0 -9999.0 0.056918 0.054645 0.054149 0.054135 0.054463 0.055299 0.056768 0.058561 0.055314 0.054042 0.053220 0.052447 0.052252 0.052910 0.053349 0.053645 0.053880 0.054083 0.054267 0.099220 0.099966 0.100000 0.100000 0.100000 0.100000 0.100000 0.100000 0.100000 0.100000 0.100000 0.098374 0.088062 0.076198 0.068228 0.064168 0.062406 0.061739 0.061760 0.062899 0.065183 0.046497 0.034702 0.034700 0.034700 0.034700 0.034700 0.034700 0.034700 0.034700 0.034700 0.034700 0.034700 0.034700 0.034700 0.034700 0.034700 0.034700 0.034700 0.034701 0.043788 0.059527 0.055337 0.054281 0.054019 0.053952 0.053935 0.053930 0.053929 0.053929 0.053929 0.053929 0.053929 0.053929 0.053929 0.053929 0.053929 0.053929 0.053929 0.053929 0.053929 0.053929 0.053929 0.053929 0.053929 0.053929 0.053929 0.053929 0.053929 0.053929 0.053929 0.053929 0.053928 0.053928 0.053926 0.053921 0.053900 0.053823 0.053560 0.052728 0.050415 -9999.0 -9999.0
-9999.0 -9999.0 0.056918 0.054645 0.054149 0.054135 0.054463 0.055299 0.056768 0.058561 0.055314 0.054042 0.053220 0.052447 0.052252 0.052910 0.053349 0.053645 0.053880 0.054083 0.054267 0.099220 0.099966 0.100000 0.100000 0.100000 0.100000 0.100000 0.100000 0.100000 0.100000 0.100000 0.098374 0.088062 0.076198 0.068228 0.064168 0.062406 0.061739 0.061760 0.062899 0.065183 0.046497 0.034702 0.034700 0.034700 0.034700 0.034700 0.034700 0.034700 0.034700 0.034700 0.034700 0.034700 0.034700 0.034700 0.034700 0.034700 0.034700 0.034700 0.034701 0.043788 0.059527 0.055337 0.054281 0.054019 0.053952 0.053935 0.053930 0.053929 0.053929 0.053929 0.053929 0.053929 0.053929 0.053929 0.053929 0.053929 0.053929 0.053929 0.053929 0.053929 0.053929 0.053929 0.053929 0.053929 0.053929 0.053929 0.053929 0.053929 0.053929 0.053929 0.053929 0.053928 0.053928 0.053926 0.053921 0.053900 0.053823 0.053560 0.052728 0.050415 -9999.0 -9999.0
-9999.0 -9999.0 0.056918 0.054645 0.054149 0.054135 0.054463 0.055299 0.056768 0.058561 0.055314 0.054042 0.053220 0.052447 0.052252 0.052910 0.053349 0.053645 0.053880 0.054083 0.054267 0.099220 0.099966 0.100000 0.100000 0.100000 0.100000 0.100000 0.100000 0.100000 0.100000 0.100000 0.098374 0.088062 0.076198 0.068228 0.064168 0.062406 0.061739 0.061760 0.062899 0.065183 0.046497 0.034702 0.034700 0.034700 0.034700 0.034700 0.034700 0.034700 0.034700 0.034700 0.034700 0.034700 0.034700 0.034700 0.034700 0.034700 0.034700 0.034700 0.034701 0.043788 0.059527 0.055337 0.054281 0.054019 0.053952 0.053935 0.053930 0.053929 0.053929 0.053929 0.053929 0.053929 0.053929 0.053929 0.053929 0.053929 0.053929 0.053929 0.053929 0.053929 0.053929 0.053929 0.053929 0.053929 0.053929 0.053929 0.053929 0.053929 0.053929 0.053929 0.053929 0.053928 0.053928 0.053926 0.053921 0.053900 0.053823 0.053560 0.052728 0.050415 -9999.0 -9999.0
-9999.0 -9999.0 -9999.0 -9999.0 -9999.0 -9999.0 -9999.0 -9999.0 -9999.0 -9999.0 -9999.0 -9999.0 -9999.0 -9999.0 -9999.0 -9999.0 -9999.0 -9999.0 -9999.0 -9999.0 -9999.0 -9999.0 -9999.0 -9999.0 -9999.0 -9999.0 -9999.0 -9999.0 -9999.0 -9999.0 -9999.0 -9999.0 -9999.0 -9999.0 -9999.0 -9999.0 -9999.0 -9999.0 -9999.0 -9999.0 -9999.0 -9999.0 -9999.0 -9999.0 -9999.0 -9999.0 -9999.0 -9999.0 -9999.0 -9999.0 -9999.0 -9999.0 -9999.0 -9999.0 -9999.0 -9999.0 -9999.0 -9999.0 -9999.0 -9999.0 -9999.0 -9999.0 -9999.0 -9999.0 -9999.0 -9999.0 -9999.0 -9999.0 -9999.0 -9999.0 -9999.0 -9999.0 -9999.0 -9999.0 -9999.0 -9999.0 -9999.0 -9999.0 -9999.0 -9999.0 -9999.0 -9999.0 -9999.0 -9999.0 -9999.0 -9999.0 -9999.0 -9999.0 -9999.0 -9999.0 -9999.0 -9999.0 -9999.0 -9999.0 -9999.0 -9999.0 -9999.0 -9999.0 -9999.0 -9999.0 -9999.0 -9999.0 -9999.0 -9999.0
-9999.0 -9999.0 -9999.0 -9999.0 -9999.0 -9999.0 -9999.0 -9999.0 -9999.0 -9999.0 -9999.0 -9999.0 -9999.0 -9999.0 -9999.0 -9999.0 -9999.0 -9999.0 -9999.0 -9999.0 -9999.0 -9999.0 -9999.0 -9999.0 -9999.0 -9999.0 -9999.0 -9999.0 -9999.0 -9999.0 -9999.0 -9999.0 -9999.0 -9999.0 -9999.0 -9999.0 -9999.0 -9999.0 -9999.0 -9999.0 -9999.0 -9999.0 -9999.0 -9999.0 -9999.0 -9999.0 -9999.0 -9999.0 -9999.0 -9999.0 -9999.0 -9999.0 -9999.0 -9999.0 -9999.0 -9999.0 -9999.0 -9999.0 -9999.0 -9999.0 -9999.0 -9999.0 -9999.0 -9999.0 -9999.0 -9999.0 -9999.0 -9999.0 -9999.0 -9999.0 -9999.0 -9999.0 -9999.0 -9999.0 -9999.0 -9999.0 -9999.0 -9999.0 -9999.0 -9999.0 -9999.0 -9999.0 -9999.0 -9999.0 -9999.0 -9999.0 -9999.0 -9999.0 -9999.0 -9999.0 -9999.0 -9999.0 -9999.0 -9999.0 -9999.0 -9999.0 -9999.0 -9999.0 -9999.0 -9999.0 -9999.0 -9999.0 -9999.0 -9999.0