examples/3D/hillslope02_superslab/output-maps-SE27XX/thetaliqL0054N0002.asc
ncols         104
nrows         10
xllcorner     -2.000000
yllcorner     0.000000
cellsize      1.000000
NODATA_value  -9999.0
-9999.0 -9999.0 -9999.0 -9999.0 -9999.0 -9999.0 -9999.0 -9999.0 -9999.0 -9999.0 -9999.0 -9999.0 -9999.0 -9999.0 -9999.0 -9999.0 -9999.0 -9999.0 -9999.0 -9999.0 -9999.0 -9999.0 -9999.0 -9999.0 -9999.0 -9999.0 -9999.0 -9999.0 -9999.0 -9999.0 -9999.0 -9999.0 -9999.0 -9999.0 -9999.0 -9999.0 -9999.0 -9999.0 -9999.0 -9999.0 -9999.0 -9999.0 -9999.0 -9999.0 -9999.0 -9999.0 -9999.0 -9999.0 -9999.0 -9999.0 -9999.0 -9999.0 -9999.0 -9999.0 -9999.0 -9999.0 -9999.0 -9999.0 -9999.0 -9999.0 -9999.0 -9999.0 -9999.0 -9999.0 -9999.0 -9999.0 -9999.0 -9999.0 -9999.0 -9999.0 -9999.0 -9999.0 -9999.0 -9999.0 -9999.0 -9999.0 -9999.0 -9999.0 -9999.0 -9999.0 -9999.0 -9999.0 -9999.0 -9999.0 -9999.0 -9999.0 -9999.0 -9999.0 -9999.0 -9999.0 -9999.0 -9999.0 -9999.0 -9999.0 -9999.0 -9999.0 -9999.0 -9999.0 -9999.0 -9999.0 -9999.0 -9999.0 -9999.0 -9999.0
-9999.0 -9999.0 -9999.0 -9999.0 -9999.0 -9999.0 -9999.0 -9999.0 -9999.0 -9999.0 -9999.0 -9999.0 -9999.0 -9999.0 -9999.0 -9999.0 -9999.0 -9999.0 -9999.0 -9999.0 -9999.0 -9999.0 -9999.0 -9999.0 -9999.0 -9999.0 -9999.0 -9999.0 -9999.0 -9999.0 -9999.0 -9999.0 -9999.0 -9999.0 -9999.0 -9999.0 -9999.0 -9999.0 -9999.0 -9999.0 -9999.0 -9999.0 -9999.0 -9999.0 -9999.0 -9999.0 -9999.0 -9999.0 -9999.0 -9999.0 -9999.0 -9999.0 -9999.0 -9999.0 -9999.0 -9999.0 -9999.0 -9999.0 -9999.0 -9999.0 -9999.0 -9999.0 -9999.0 -9999.0 -9999.0 -9999.0 -9999.0 -9999.0 -9999.0 -9999.0 -9999.0 -9999.0 -9999.0 -9999.0 -9999.0 -9999.0 -9999.0 -9999.0 -9999.0 -9999.0 -9999.0 -9999.0 -9999.0 -9999.0 -9999.0 -9999.0 -9999.0 -9999.0 -9999.0 -9999.0 -9999.0 -9999.0 -9999.0 -9999.0 -9999.0 -9999.0 -9999.0 -9999.0 -9999.0 -9999.0 -9999.0 -9999.0 -9999.0 -9999.0
-9999.0 -9999.0 0.057690 0.054885 0.054229 0.054190 0.054542 0.055419 0.056758 0.057624 0.055220 0.053921 0.053107 0.052502 0.052437 0.052933 0.053321 0.053596 0.053817 0.054012 0.054189 0.054355 0.054517 0.054677 0.054839 0.055004 0.055173 0.055346 0.055523 0.055703 0.055883 0.056059 0.056219 0.056349 0.056438 0.056481 0.056481 0.099970 0.100000 0.100000 0.100000 0.100000 0.100000 0.100000 0.096634 0.068299 0.050536 0.040160 0.030905 0.025828 0.025777 0.025777 0.025777 0.025777 0.025777 0.025777 0.025777 0.025777 0.025794 0.028248 0.039034 0.048832 0.057054 0.055384 0.054344 0.054037 0.053957 0.053936 0.053930 0.053929 0.053929 0.053929 0.053929 0.053929 0.053929 0.053929 0.053929 0.053929 0.053929 0.053929 0.053929 0.053929 0.053929 0.053929 0.053929 0.053929 0.053929 0.053929 0.053929 0.053929 0.053929 0.053929 0.053929 0.053928 0.053927 0.053924 0.053913 0.053872 0.053740 0.053342 0.052276 0.049773 -9999.0 -9999.0
-9999.0 -9999.0 0.057690 0.054885 0.054229 0.054190 0.054542 0.055419 0.056758 0.057624 0.055220 0.053921 0.053107 0.052502 0.052437 0.052933 0.053321 0.053596 0.053817 0.054012 0.054189 0.054355 0.054517 0.054677 0.054839 0.055004 0.055173 0.055346 0.055523 0.055703 0.055883 0.056059 0.056219 0.056349 0.056438 0.056481 0.056481 0.099970 0.100000 0.100000 0.100000 0.100000 0.100000 0.100000 0.096634 0.068299 0.050536 0.040160 0.030905 0.025828 0.025777 0.025777 0.025777 0.025777 0.025777 0.025777 0.025777 0.025777 0.025794 0.028248 0.039034 0.048832 0.057054 0.055384 0.054344 0.054037 0.053957 0.053936 0.053930 0.053929 0.053929 0.053929 0.053929 0.053929 0.053929 0.053929 0.053929 0.053929 0.053929 0.053929 0.053929 0.053929 0.053929 0.053929 0.053929 0.053929 0.053929 0.053929 0.053929 0.053929 0.053929 0.053929 0.053929 0.053928 0.053927 0.053924 0.053913 0.053872 0.053740 0.053342 0.052276 0.049773 -9999.0 -9999.0
-9999.0 -9999.0 0.057690 0.054885 0.054229 0.054190 0.054542 0.055419 0.056758 0.057624 0.055220 0.053921 0.053107 0.052502 0.052437 0.052933 0.053321 0.053596 0.053817 0.054012 0.054189 0.054355 0.054517 0.054677 0.054839 0.055004 0.055173 0.055346 0.055523 0.055703 0.055883 0.056059 0.056219 0.056349 0.056438 0.056481 0.056481 0.099970 0.100000 0.100000 0.100000 0.100000 0.100000 0.100000 0.096634 0.068299 0.050536 0.040160 0.030905 0.025828 0.025777 0.025777 0.025777 0.025777 0.025777 0.025777 0.025777 0.025777 0.025794 0.028248 0.039034 0.048832 0.057054 0.055384 0.054344 0.054037 0.053957 0.053936 0.053930 0.053929 0.053929 0.053929 0.053929 0.053929 0.053929 0.053929 0.053929 0.053929 0.053929 0.053929 0.053929 0.053929 0.053929 0.053929 0.053929 0.053929 0.053929 0.053929 0.053929 0.053929 0.053929 0.053929 0.053929 0.053928 0.053927 0.053924 0.053913 0.053872 0.053740 0.053342 0.052276 0.049773 -9999.0 -9999.0
-9999.0 -9999.0 0.057690 0.054885 0.054229 0.054190 0.054542 0.055419 0.056758 0.057624 0.055220 0.053921 0.053107 0.052502 0.052437 0.052933 0.053321 0.053596 0.053817 0.054012 0.054189 0.054355 0.054517 0.054677 0.054839 0.055004 0.055173 0.055346 0.055523 0.055703 0.055883 0.056059 0.056219 0.056349 0.056438 0.056481 0.056481 0.099970 0.100000 0.100000 0.100000 0.100000 0.100000 0.100000 0.096634 0.068299 0.050536 0.040160 0.030905 0.025828 0.025777 0.025777 0.025777 0.025777 0.025777 0.025777 0.025777 0.025777 0.025794 0.028248 0.039034 0.048832 0.057054 0.055384 0.054344 0.054037 0.053957 0.053936 0.053930 0.053929 0.053929 0.053929 0.053929 0.053929 0.053929 0.053929 0.053929 0.053929 0.053929 0.053929 0.053929 0.053929 0.053929 0.053929 0.053929 0.053929 0.053929 0.053929 0.053929 0.053929 0.053929 0.053929 0.053929 0.053928 0.053927 0.053924 0.053913 0.053872 0.053740 0.053342 0.052276 0.049773 -9999.0 -9999.0
-9999.0 -9999.0 0.057690 0.054885 0.054229 0.054190 0.054542 0.055419 0.056758 0.057624 0.055220 0.053921 0.053107 0.052502 0.052437 0.052933 0.053321 0.053596 0.053817 0.054012 0.054189 0.054355 0.054517 0.054677 0.054839 0.055004 0.055173 0.055346 0.055523 0.055703 0.055883 0.056059 0.056219 0.056349 0.056438 0.056481 0.056481 0.099970 0.100000 0.100000 0.100000 0.100000 0.100000 0.100000 0.096634 0.068299 0.050536 0.040160 0.030905 0.025828 0.025777 0.025777 0.025777 0.025777 0.025777 0.025777 0.025777 0.025777 0.025794 0.028248 0.039034 0.048832 0.057054 0.055384 0.054344 0.054037 0.053957 0.053936 0.053930 0.053929 0.053929 0.053929 0.053929 0.053929 0.053929 0.053929 0.053929 0.053929 0.053929 0.053929 0.053929 0.053929 0.053929 0.053929 0.053929 0.053929 0.053929 0.053929 0.053929 0.053929 0.053929 0.053929 0.053929 0.053928 0.053927 0.053924 0.053913 0.053872 0.053740 0.053342 0.052276 0.049773 -9999.0 -9999.0
-9999.0 -9999.0 0.057690 0.054885 0.054229 0.054190 0.054542 0.055419 0.056758 0.057624 0.055220 0.053921 0.053107 0.052502 0.052437 0.052933 0.053321 0.053596 0.053817 0.054012 0.054189 0.054355 0.054517 0.054677 0.054839 0.055004 0.055173 0.055346 0.055523 0.055703 0.055883 0.056059 0.056219 0.056349 0.056438 0.056481 0.056481 0.099970 0.100000 0.100000 0.100000 0.100000 0.100000 0.100000 0.096634 0.068299 0.050536 0.040160 0.030905 0.025828 0.025777 0.025777 0.025777 0.025777 0.025777 0.025777 0.025777 0.025777 0.025794 0.028248 0.039034 0.048832 0.057054 0.055384 0.054344 0.054037 0.053957 0.053936 0.053930 0.053929 0.053929 0.053929 0.053929 0.053929 0.053929 0.053929 0.053929 0.053929 0.053929 0.053929 0.053929 0.053929 0.053929 0.053929 0.053929 0.053929 0.053929 0.053929 0.053929 0.053929 0.053929 0.053929 0.053929 0.053928 0.053927 0.053924 0.053913 0.053872 0.053740 0.053342 0.052276 0.049773 -9999.0 -9999.0
-9999.0 -9999.0 -9999.0 -9999.0 -9999.0 -9999.0 -9999.0 -9999.0 -9999.0 -9999.0 -9999.0 -9999.0 -9999.0 -9999.0 -9999.0 -9999.0 -9999.0 -9999.0 -9999.0 -9999.0 -9999.0 -9999.0 -9999.0 -9999.0 -9999.0 -9999.0 -9999.0 -9999.0 -9999.0 -9999.0 -9999.0 -9999.0 -9999.0 -9999.0 -9999.0 -9999.0 -9999.0 -9999.0 -9999.0 -9999.0 -9999.0 -9999.0 -9999.0 -9999.0 -9999.0 -9999.0 -9999.0 -9999.0 -9999.0 -9999.0 -9999.0 -9999.0 -9999.0 -9999.0 -9999.0 -9999.0 -9999.0 -9999.0 -9999.0 -9999.0 -9999.0 -9999.0 -9999.0 -9999.0 -9999.0 -9999.0 -9999.0 -9999.0 -9999.0 -9999.0 -9999.0 -9999.0 -9999.0 -9999.0 -9999.0 -9999.0 -9999.0 -9999.0 -9999.0 -9999.0 -9999.0 -9999.0 -9999.0 -9999.0 -9999.0 -9999.0 -9999.0 -9999.0 -9999.0 -9999.0 -9999.0 -9999.0 -9999.0 -9999.0 -9999.0 -9999.0 -9999.0 -9999.0 -9999.0 -9999.0 -9999.0 -9999.0 -9999.0 -9999.0
-9999.0 -9999.0 -9999.0 -9999.0 -9999.0 -9999.0 -9999.0 -9999.0 -9999.0 -9999.0 -9999.0 -9999.0 -9999.0 -9999.0 -9999.0 -9999.0 -9999.0 -9999.0 -9999.0 -9999.0 -9999.0 -9999.0 -9999.0 -9999.0 -9999.0 -9999.0 -9999.0 -9999.0 -9999.0 -9999.0 -9999.0 -9999.0 -9999.0 -9999.0 -9999.0 -9999.0 -9999.0 -9999.0 -9999.0 -9999.0 -9999.0 -9999.0 -9999.0 -9999.0 -9999.0 -9999.0 -9999.0 -9999.0 -9999.0 -9999.0 -9999.0 -9999.0 -9999.0 -9999.0 -9999.0 -9999.0 -9999.0 -9999.0 -9999.0 -9999.0 -9999.0 -9999.0 -9999.0 -9999.0 -9999.0 -9999.0 -9999.0 -9999.0 -9999.0 -9999.0 -9999.0 -9999.0 -9999.0 -9999.0 -9999.0 -9999.0 -9999.0 -9999.0 -9999.0 -9999.0 -9999.0 -9999.0 -9999.0 -9999.0 -9999.0 -9999.0 -9999.0 -9999.0 -9999.0 -9999.0 -9999.0 -9999.0 -9999.0 -9999.0 -9999.0 -9999.0 -9999.0 -9999.0 -9999.0 -9999.0 -9999.0 -9999.0 -9999.0 -9999.0