examples/3D/hillslope02_superslab/output-maps-SE27XX/thetaliqL0033N0002.asc
ncols         104
nrows         10
xllcorner     -2.000000
yllcorner     0.000000
cellsize      1.000000
NODATA_value  -9999.0
-9999.0 -9999.0 -9999.0 -9999.0 -9999.0 -9999.0 -9999.0 -9999.0 -9999.0 -9999.0 -9999.0 -9999.0 -9999.0 -9999.0 -9999.0 -9999.0 -9999.0 -9999.0 -9999.0 -9999.0 -9999.0 -9999.0 -9999.0 -9999.0 -9999.0 -9999.0 -9999.0 -9999.0 -9999.0 -9999.0 -9999.0 -9999.0 -9999.0 -9999.0 -9999.0 -9999.0 -9999.0 -9999.0 -9999.0 -9999.0 -9999.0 -9999.0 -9999.0 -9999.0 -9999.0 -9999.0 -9999.0 -9999.0 -9999.0 -9999.0 -9999.0 -9999.0 -9999.0 -9999.0 -9999.0 -9999.0 -9999.0 -9999.0 -9999.0 -9999.0 -9999.0 -9999.0 -9999.0 -9999.0 -9999.0 -9999.0 -9999.0 -9999.0 -9999.0 -9999.0 -9999.0 -9999.0 -9999.0 -9999.0 -9999.0 -9999.0 -9999.0 -9999.0 -9999.0 -9999.0 -9999.0 -9999.0 -9999.0 -9999.0 -9999.0 -9999.0 -9999.0 -9999.0 -9999.0 -9999.0 -9999.0 -9999.0 -9999.0 -9999.0 -9999.0 -9999.0 -9999.0 -9999.0 -9999.0 -9999.0 -9999.0 -9999.0 -9999.0 -9999.0
-9999.0 -9999.0 -9999.0 -9999.0 -9999.0 -9999.0 -9999.0 -9999.0 -9999.0 -9999.0 -9999.0 -9999.0 -9999.0 -9999.0 -9999.0 -9999.0 -9999.0 -9999.0 -9999.0 -9999.0 -9999.0 -9999.0 -9999.0 -9999.0 -9999.0 -9999.0 -9999.0 -9999.0 -9999.0 -9999.0 -9999.0 -9999.0 -9999.0 -9999.0 -9999.0 -9999.0 -9999.0 -9999.0 -9999.0 -9999.0 -9999.0 -9999.0 -9999.0 -9999.0 -9999.0 -9999.0 -9999.0 -9999.0 -9999.0 -9999.0 -9999.0 -9999.0 -9999.0 -9999.0 -9999.0 -9999.0 -9999.0 -9999.0 -9999.0 -9999.0 -9999.0 -9999.0 -9999.0 -9999.0 -9999.0 -9999.0 -9999.0 -9999.0 -9999.0 -9999.0 -9999.0 -9999.0 -9999.0 -9999.0 -9999.0 -9999.0 -9999.0 -9999.0 -9999.0 -9999.0 -9999.0 -9999.0 -9999.0 -9999.0 -9999.0 -9999.0 -9999.0 -9999.0 -9999.0 -9999.0 -9999.0 -9999.0 -9999.0 -9999.0 -9999.0 -9999.0 -9999.0 -9999.0 -9999.0 -9999.0 -9999.0 -9999.0 -9999.0 -9999.0
-9999.0 -9999.0 0.057123 0.054698 0.054166 0.054151 0.054493 0.055352 0.056805 0.058236 0.055302 0.054007 0.053182 0.052465 0.052322 0.052920 0.053344 0.053635 0.053866 0.054066 0.054247 0.054415 0.054575 0.054733 0.054891 0.055050 0.099399 0.099996 0.100000 0.100000 0.100000 0.100000 0.100000 0.100000 0.100000 0.100000 0.100000 0.100000 0.087827 0.071335 0.065330 0.064491 0.045891 0.035088 0.026364 0.023996 0.023985 0.023985 0.023985 0.023985 0.023985 0.023985 0.023985 0.023985 0.023985 0.023985 0.023985 0.023985 0.023991 0.025602 0.034291 0.044703 0.058550 0.055385 0.054303 0.054025 0.053953 0.053935 0.053930 0.053929 0.053929 0.053929 0.053929 0.053929 0.053929 0.053929 0.053929 0.053929 0.053929 0.053929 0.053929 0.053929 0.053929 0.053929 0.053929 0.053929 0.053929 0.053929 0.053929 0.053929 0.053929 0.053929 0.053929 0.053928 0.053928 0.053926 0.053919 0.053892 0.053800 0.053494 0.052583 0.050205 -9999.0 -9999.0
-9999.0 -9999.0 0.057123 0.054698 0.054166 0.054151 0.054493 0.055352 0.056805 0.058236 0.055302 0.054007 0.053182 0.052465 0.052322 0.052920 0.053344 0.053635 0.053866 0.054066 0.054247 0.054415 0.054575 0.054733 0.054891 0.055050 0.099399 0.099996 0.100000 0.100000 0.100000 0.100000 0.100000 0.100000 0.100000 0.100000 0.100000 0.100000 0.087827 0.071335 0.065330 0.064491 0.045891 0.035088 0.026364 0.023996 0.023985 0.023985 0.023985 0.023985 0.023985 0.023985 0.023985 0.023985 0.023985 0.023985 0.023985 0.023985 0.023991 0.025602 0.034291 0.044703 0.058550 0.055385 0.054303 0.054025 0.053953 0.053935 0.053930 0.053929 0.053929 0.053929 0.053929 0.053929 0.053929 0.053929 0.053929 0.053929 0.053929 0.053929 0.053929 0.053929 0.053929 0.053929 0.053929 0.053929 0.053929 0.053929 0.053929 0.053929 0.053929 0.053929 0.053929 0.053928 0.053928 0.053926 0.053919 0.053892 0.053800 0.053494 0.052583 0.050205 -9999.0 -9999.0
-9999.0 -9999.0 0.057123 0.054698 0.054166 0.054151 0.054493 0.055352 0.056805 0.058236 0.055302 0.054007 0.053182 0.052465 0.052322 0.052920 0.053344 0.053635 0.053866 0.054066 0.054247 0.054415 0.054575 0.054733 0.054891 0.055050 0.099399 0.099996 0.100000 0.100000 0.100000 0.100000 0.100000 0.100000 0.100000 0.100000 0.100000 0.100000 0.087827 0.071335 0.065330 0.064491 0.045891 0.035088 0.026364 0.023996 0.023985 0.023985 0.023985 0.023985 0.023985 0.023985 0.023985 0.023985 0.023985 0.023985 0.023985 0.023985 0.023991 0.025602 0.034291 0.044703 0.058550 0.055385 0.054303 0.054025 0.053953 0.053935 0.053930 0.053929 0.053929 0.053929 0.053929 0.053929 0.053929 0.053929 0.053929 0.053929 0.053929 0.053929 0.053929 0.053929 0.053929 0.053929 0.053929 0.053929 0.053929 0.053929 0.053929 0.053929 0.053929 0.053929 0.053929 0.053928 0.053928 0.053926 0.053919 0.053892 0.053800 0.053494 0.052583 0.050205 -9999.0 -9999.0
-9999.0 -9999.0 0.057123 0.054698 0.054166 0.054151 0.054493 0.055352 0.056805 0.058236 0.055302 0.054007 0.053182 0.052465 0.052322 0.052920 0.053344 0.053635 0.053866 0.054066 0.054247 0.054415 0.054575 0.054733 0.054891 0.055050 0.099399 0.099996 0.100000 0.100000 0.100000 0.100000 0.100000 0.100000 0.100000 0.100000 0.100000 0.100000 0.087827 0.071335 0.065330 0.064491 0.045891 0.035088 0.026364 0.023996 0.023985 0.023985 0.023985 0.023985 0.023985 0.023985 0.023985 0.023985 0.023985 0.023985 0.023985 0.023985 0.023991 0.025602 0.034291 0.044703 0.058550 0.055385 0.054303 0.054025 0.053953 0.053935 0.053930 0.053929 0.053929 0.053929 0.053929 0.053929 0.053929 0.053929 0.053929 0.053929 0.053929 0.053929 0.053929 0.053929 0.053929 0.053929 0.053929 0.053929 0.053929 0.053929 0.053929 0.053929 0.053929 0.053929 0.053929 0.053928 0.053928 0.053926 0.053919 0.053892 0.053800 0.053494 0.052583 0.050205 -9999.0 -9999.0
-9999.0 -9999.0 0.057123 0.054698 0.054166 0.054151 0.054493 0.055352 0.056805 0.058236 0.055302 0.054007 0.053182 0.052465 0.052322 0.052920 0.053344 0.053635 0.053866 0.054066 0.054247 0.054415 0.054575 0.054733 0.054891 0.055050 0.099399 0.099996 0.100000 0.100000 0.100000 0.100000 0.100000 0.100000 0.100000 0.100000 0.100000 0.100000 0.087827 0.071335 0.065330 0.064491 0.045891 0.035088 0.026364 0.023996 0.023985 0.023985 0.023985 0.023985 0.023985 0.023985 0.023985 0.023985 0.023985 0.023985 0.023985 0.023985 0.023991 0.025602 0.034291 0.044703 0.058550 0.055385 0.054303 0.054025 0.053953 0.053935 0.053930 0.053929 0.053929 0.053929 0.053929 0.053929 0.053929 0.053929 0.053929 0.053929 0.053929 0.053929 0.053929 0.053929 0.053929 0.053929 0.053929 0.053929 0.053929 0.053929 0.053929 0.053929 0.053929 0.053929 0.053929 0.053928 0.053928 0.053926 0.053919 0.053892 0.053800 0.053494 0.052583 0.050205 -9999.0 -9999.0
-9999.0 -9999.0 0.057123 0.054698 0.054166 0.054151 0.054493 0.055352 0.056805 0.058236 0.055302 0.054007 0.053182 0.052465 0.052322 0.052920 0.053344 0.053635 0.053866 0.054066 0.054247 0.054415 0.054575 0.054733 0.054891 0.055050 0.099399 0.099996 0.100000 0.100000 0.100000 0.100000 0.100000 0.100000 0.100000 0.100000 0.100000 0.100000 0.087827 0.071335 0.065330 0.064491 0.045891 0.035088 0.026364 0.023996 0.023985 0.023985 0.023985 0.023985 0.023985 0.023985 0.023985 0.023985 0.023985 0.023985 0.023985 0.023985 0.023991 0.025602 0.034291 0.044703 0.058550 0.055385 0.054303 0.054025 0.053953 0.053935 0.053930 0.053929 0.053929 0.053929 0.053929 0.053929 0.053929 0.053929 0.053929 0.053929 0.053929 0.053929 0.053929 0.053929 0.053929 0.053929 0.053929 0.053929 0.053929 0.053929 0.053929 0.053929 0.053929 0.053929 0.053929 0.053928 0.053928 0.053926 0.053919 0.053892 0.053800 0.053494 0.052583 0.050205 -9999.0 -9999.0
-9999.0 -9999.0 -9999.0 -9999.0 -9999.0 -9999.0 -9999.0 -9999.0 -9999.0 -9999.0 -9999.0 -9999.0 -9999.0 -9999.0 -9999.0 -9999.0 -9999.0 -9999.0 -9999.0 -9999.0 -9999.0 -9999.0 -9999.0 -9999.0 -9999.0 -9999.0 -9999.0 -9999.0 -9999.0 -9999.0 -9999.0 -9999.0 -9999.0 -9999.0 -9999.0 -9999.0 -9999.0 -9999.0 -9999.0 -9999.0 -9999.0 -9999.0 -9999.0 -9999.0 -9999.0 -9999.0 -9999.0 -9999.0 -9999.0 -9999.0 -9999.0 -9999.0 -9999.0 -9999.0 -9999.0 -9999.0 -9999.0 -9999.0 -9999.0 -9999.0 -9999.0 -9999.0 -9999.0 -9999.0 -9999.0 -9999.0 -9999.0 -9999.0 -9999.0 -9999.0 -9999.0 -9999.0 -9999.0 -9999.0 -9999.0 -9999.0 -9999.0 -9999.0 -9999.0 -9999.0 -9999.0 -9999.0 -9999.0 -9999.0 -9999.0 -9999.0 -9999.0 -9999.0 -9999.0 -9999.0 -9999.0 -9999.0 -9999.0 -9999.0 -9999.0 -9999.0 -9999.0 -9999.0 -9999.0 -9999.0 -9999.0 -9999.0 -9999.0 -9999.0
-9999.0 -9999.0 -9999.0 -9999.0 -9999.0 -9999.0 -9999.0 -9999.0 -9999.0 -9999.0 -9999.0 -9999.0 -9999.0 -9999.0 -9999.0 -9999.0 -9999.0 -9999.0 -9999.0 -9999.0 -9999.0 -9999.0 -9999.0 -9999.0 -9999.0 -9999.0 -9999.0 -9999.0 -9999.0 -9999.0 -9999.0 -9999.0 -9999.0 -9999.0 -9999.0 -9999.0 -9999.0 -9999.0 -9999.0 -9999.0 -9999.0 -9999.0 -9999.0 -9999.0 -9999.0 -9999.0 -9999.0 -9999.0 -9999.0 -9999.0 -9999.0 -9999.0 -9999.0 -9999.0 -9999.0 -9999.0 -9999.0 -9999.0 -9999.0 -9999.0 -9999.0 -9999.0 -9999.0 -9999.0 -9999.0 -9999.0 -9999.0 -9999.0 -9999.0 -9999.0 -9999.0 -9999.0 -9999.0 -9999.0 -9999.0 -9999.0 -9999.0 -9999.0 -9999.0 -9999.0 -9999.0 -9999.0 -9999.0 -9999.0 -9999.0 -9999.0 -9999.0 -9999.0 -9999.0 -9999.0 -9999.0 -9999.0 -9999.0 -9999.0 -9999.0 -9999.0 -9999.0 -9999.0 -9999.0 -9999.0 -9999.0 -9999.0 -9999.0 -9999.0