examples/3D/hillslope02_superslab/output-maps-SE27XX/thetaliqL0048N0002.asc
ncols         104
nrows         10
xllcorner     -2.000000
yllcorner     0.000000
cellsize      1.000000
NODATA_value  -9999.0
-9999.0 -9999.0 -9999.0 -9999.0 -9999.0 -9999.0 -9999.0 -9999.0 -9999.0 -9999.0 -9999.0 -9999.0 -9999.0 -9999.0 -9999.0 -9999.0 -9999.0 -9999.0 -9999.0 -9999.0 -9999.0 -9999.0 -9999.0 -9999.0 -9999.0 -9999.0 -9999.0 -9999.0 -9999.0 -9999.0 -9999.0 -9999.0 -9999.0 -9999.0 -9999.0 -9999.0 -9999.0 -9999.0 -9999.0 -9999.0 -9999.0 -9999.0 -9999.0 -9999.0 -9999.0 -9999.0 -9999.0 -9999.0 -9999.0 -9999.0 -9999.0 -9999.0 -9999.0 -9999.0 -9999.0 -9999.0 -9999.0 -9999.0 -9999.0 -9999.0 -9999.0 -9999.0 -9999.0 -9999.0 -9999.0 -9999.0 -9999.0 -9999.0 -9999.0 -9999.0 -9999.0 -9999.0 -9999.0 -9999.0 -9999.0 -9999.0 -9999.0 -9999.0 -9999.0 -9999.0 -9999.0 -9999.0 -9999.0 -9999.0 -9999.0 -9999.0 -9999.0 -9999.0 -9999.0 -9999.0 -9999.0 -9999.0 -9999.0 -9999.0 -9999.0 -9999.0 -9999.0 -9999.0 -9999.0 -9999.0 -9999.0 -9999.0 -9999.0 -9999.0
-9999.0 -9999.0 -9999.0 -9999.0 -9999.0 -9999.0 -9999.0 -9999.0 -9999.0 -9999.0 -9999.0 -9999.0 -9999.0 -9999.0 -9999.0 -9999.0 -9999.0 -9999.0 -9999.0 -9999.0 -9999.0 -9999.0 -9999.0 -9999.0 -9999.0 -9999.0 -9999.0 -9999.0 -9999.0 -9999.0 -9999.0 -9999.0 -9999.0 -9999.0 -9999.0 -9999.0 -9999.0 -9999.0 -9999.0 -9999.0 -9999.0 -9999.0 -9999.0 -9999.0 -9999.0 -9999.0 -9999.0 -9999.0 -9999.0 -9999.0 -9999.0 -9999.0 -9999.0 -9999.0 -9999.0 -9999.0 -9999.0 -9999.0 -9999.0 -9999.0 -9999.0 -9999.0 -9999.0 -9999.0 -9999.0 -9999.0 -9999.0 -9999.0 -9999.0 -9999.0 -9999.0 -9999.0 -9999.0 -9999.0 -9999.0 -9999.0 -9999.0 -9999.0 -9999.0 -9999.0 -9999.0 -9999.0 -9999.0 -9999.0 -9999.0 -9999.0 -9999.0 -9999.0 -9999.0 -9999.0 -9999.0 -9999.0 -9999.0 -9999.0 -9999.0 -9999.0 -9999.0 -9999.0 -9999.0 -9999.0 -9999.0 -9999.0 -9999.0 -9999.0
-9999.0 -9999.0 0.057426 0.054784 0.054193 0.054173 0.054528 0.055406 0.056787 0.057791 0.055251 0.053948 0.053128 0.052492 0.052410 0.052932 0.053330 0.053610 0.053834 0.054030 0.054208 0.054375 0.054536 0.054695 0.054856 0.055019 0.055186 0.055357 0.055533 0.055711 0.055890 0.056065 0.056225 0.056361 0.099971 0.100000 0.100000 0.100000 0.100000 0.100000 0.100000 0.100000 0.100000 0.078432 0.056151 0.044099 0.036047 0.028260 0.025134 0.025120 0.025120 0.025120 0.025120 0.025120 0.025120 0.025120 0.025120 0.025120 0.025139 0.027812 0.038333 0.048201 0.057403 0.055394 0.054333 0.054034 0.053956 0.053936 0.053930 0.053929 0.053929 0.053929 0.053929 0.053929 0.053929 0.053929 0.053929 0.053929 0.053929 0.053929 0.053929 0.053929 0.053929 0.053929 0.053929 0.053929 0.053929 0.053929 0.053929 0.053929 0.053929 0.053929 0.053929 0.053928 0.053928 0.053925 0.053915 0.053879 0.053759 0.053388 0.052365 0.049899 -9999.0 -9999.0
-9999.0 -9999.0 0.057426 0.054784 0.054193 0.054173 0.054528 0.055406 0.056787 0.057791 0.055251 0.053948 0.053128 0.052492 0.052410 0.052932 0.053330 0.053610 0.053834 0.054030 0.054208 0.054375 0.054536 0.054695 0.054856 0.055019 0.055186 0.055357 0.055533 0.055711 0.055890 0.056065 0.056225 0.056361 0.099971 0.100000 0.100000 0.100000 0.100000 0.100000 0.100000 0.100000 0.100000 0.078432 0.056151 0.044099 0.036047 0.028260 0.025134 0.025120 0.025120 0.025120 0.025120 0.025120 0.025120 0.025120 0.025120 0.025120 0.025139 0.027812 0.038333 0.048201 0.057403 0.055394 0.054333 0.054034 0.053956 0.053936 0.053930 0.053929 0.053929 0.053929 0.053929 0.053929 0.053929 0.053929 0.053929 0.053929 0.053929 0.053929 0.053929 0.053929 0.053929 0.053929 0.053929 0.053929 0.053929 0.053929 0.053929 0.053929 0.053929 0.053929 0.053929 0.053928 0.053928 0.053925 0.053915 0.053879 0.053759 0.053388 0.052365 0.049899 -9999.0 -9999.0
-9999.0 -9999.0 0.057426 0.054784 0.054193 0.054173 0.054528 0.055406 0.056787 0.057791 0.055251 0.053948 0.053128 0.052492 0.052410 0.052932 0.053330 0.053610 0.053834 0.054030 0.054208 0.054375 0.054536 0.054695 0.054856 0.055019 0.055186 0.055357 0.055533 0.055711 0.055890 0.056065 0.056225 0.056361 0.099971 0.100000 0.100000 0.100000 0.100000 0.100000 0.100000 0.100000 0.100000 0.078432 0.056151 0.044099 0.036047 0.028260 0.025134 0.025120 0.025120 0.025120 0.025120 0.025120 0.025120 0.025120 0.025120 0.025120 0.025139 0.027812 0.038333 0.048201 0.057403 0.055394 0.054333 0.054034 0.053956 0.053936 0.053930 0.053929 0.053929 0.053929 0.053929 0.053929 0.053929 0.053929 0.053929 0.053929 0.053929 0.053929 0.053929 0.053929 0.053929 0.053929 0.053929 0.053929 0.053929 0.053929 0.053929 0.053929 0.053929 0.053929 0.053929 0.053928 0.053928 0.053925 0.053915 0.053879 0.053759 0.053388 0.052365 0.049899 -9999.0 -9999.0
-9999.0 -9999.0 0.057426 0.054784 0.054193 0.054173 0.054528 0.055406 0.056787 0.057791 0.055251 0.053948 0.053128 0.052492 0.052410 0.052932 0.053330 0.053610 0.053834 0.054030 0.054208 0.054375 0.054536 0.054695 0.054856 0.055019 0.055186 0.055357 0.055533 0.055711 0.055890 0.056065 0.056225 0.056361 0.099971 0.100000 0.100000 0.100000 0.100000 0.100000 0.100000 0.100000 0.100000 0.078432 0.056151 0.044099 0.036047 0.028260 0.025134 0.025120 0.025120 0.025120 0.025120 0.025120 0.025120 0.025120 0.025120 0.025120 0.025139 0.027812 0.038333 0.048201 0.057403 0.055394 0.054333 0.054034 0.053956 0.053936 0.053930 0.053929 0.053929 0.053929 0.053929 0.053929 0.053929 0.053929 0.053929 0.053929 0.053929 0.053929 0.053929 0.053929 0.053929 0.053929 0.053929 0.053929 0.053929 0.053929 0.053929 0.053929 0.053929 0.053929 0.053929 0.053928 0.053928 0.053925 0.053915 0.053879 0.053759 0.053388 0.052365 0.049899 -9999.0 -9999.0
-9999.0 -9999.0 0.057426 0.054784 0.054193 0.054173 0.054528 0.055406 0.056787 0.057791 0.055251 0.053948 0.053128 0.052492 0.052410 0.052932 0.053330 0.053610 0.053834 0.054030 0.054208 0.054375 0.054536 0.054695 0.054856 0.055019 0.055186 0.055357 0.055533 0.055711 0.055890 0.056065 0.056225 0.056361 0.099971 0.100000 0.100000 0.100000 0.100000 0.100000 0.100000 0.100000 0.100000 0.078432 0.056151 0.044099 0.036047 0.028260 0.025134 0.025120 0.025120 0.025120 0.025120 0.025120 0.025120 0.025120 0.025120 0.025120 0.025139 0.027812 0.038333 0.048201 0.057403 0.055394 0.054333 0.054034 0.053956 0.053936 0.053930 0.053929 0.053929 0.053929 0.053929 0.053929 0.053929 0.053929 0.053929 0.053929 0.053929 0.053929 0.053929 0.053929 0.053929 0.053929 0.053929 0.053929 0.053929 0.053929 0.053929 0.053929 0.053929 0.053929 0.053929 0.053928 0.053928 0.053925 0.053915 0.053879 0.053759 0.053388 0.052365 0.049899 -9999.0 -9999.0
-9999.0 -9999.0 0.057426 0.054784 0.054193 0.054173 0.054528 0.055406 0.056787 0.057791 0.055251 0.053948 0.053128 0.052492 0.052410 0.052932 0.053330 0.053610 0.053834 0.054030 0.054208 0.054375 0.054536 0.054695 0.054856 0.055019 0.055186 0.055357 0.055533 0.055711 0.055890 0.056065 0.056225 0.056361 0.099971 0.100000 0.100000 0.100000 0.100000 0.100000 0.100000 0.100000 0.100000 0.078432 0.056151 0.044099 0.036047 0.028260 0.025134 0.025120 0.025120 0.025120 0.025120 0.025120 0.025120 0.025120 0.025120 0.025120 0.025139 0.027812 0.038333 0.048201 0.057403 0.055394 0.054333 0.054034 0.053956 0.053936 0.053930 0.053929 0.053929 0.053929 0.053929 0.053929 0.053929 0.053929 0.053929 0.053929 0.053929 0.053929 0.053929 0.053929 0.053929 0.053929 0.053929 0.053929 0.053929 0.053929 0.053929 0.053929 0.053929 0.053929 0.053929 0.053928 0.053928 0.053925 0.053915 0.053879 0.053759 0.053388 0.052365 0.049899 -9999.0 -9999.0
-9999.0 -9999.0 -9999.0 -9999.0 -9999.0 -9999.0 -9999.0 -9999.0 -9999.0 -9999.0 -9999.0 -9999.0 -9999.0 -9999.0 -9999.0 -9999.0 -9999.0 -9999.0 -9999.0 -9999.0 -9999.0 -9999.0 -9999.0 -9999.0 -9999.0 -9999.0 -9999.0 -9999.0 -9999.0 -9999.0 -9999.0 -9999.0 -9999.0 -9999.0 -9999.0 -9999.0 -9999.0 -9999.0 -9999.0 -9999.0 -9999.0 -9999.0 -9999.0 -9999.0 -9999.0 -9999.0 -9999.0 -9999.0 -9999.0 -9999.0 -9999.0 -9999.0 -9999.0 -9999.0 -9999.0 -9999.0 -9999.0 -9999.0 -9999.0 -9999.0 -9999.0 -9999.0 -9999.0 -9999.0 -9999.0 -9999.0 -9999.0 -9999.0 -9999.0 -9999.0 -9999.0 -9999.0 -9999.0 -9999.0 -9999.0 -9999.0 -9999.0 -9999.0 -9999.0 -9999.0 -9999.0 -9999.0 -9999.0 -9999.0 -9999.0 -9999.0 -9999.0 -9999.0 -9999.0 -9999.0 -9999.0 -9999.0 -9999.0 -9999.0 -9999.0 -9999.0 -9999.0 -9999.0 -9999.0 -9999.0 -9999.0 -9999.0 -9999.0 -9999.0
-9999.0 -9999.0 -9999.0 -9999.0 -9999.0 -9999.0 -9999.0 -9999.0 -9999.0 -9999.0 -9999.0 -9999.0 -9999.0 -9999.0 -9999.0 -9999.0 -9999.0 -9999.0 -9999.0 -9999.0 -9999.0 -9999.0 -9999.0 -9999.0 -9999.0 -9999.0 -9999.0 -9999.0 -9999.0 -9999.0 -9999.0 -9999.0 -9999.0 -9999.0 -9999.0 -9999.0 -9999.0 -9999.0 -9999.0 -9999.0 -9999.0 -9999.0 -9999.0 -9999.0 -9999.0 -9999.0 -9999.0 -9999.0 -9999.0 -9999.0 -9999.0 -9999.0 -9999.0 -9999.0 -9999.0 -9999.0 -9999.0 -9999.0 -9999.0 -9999.0 -9999.0 -9999.0 -9999.0 -9999.0 -9999.0 -9999.0 -9999.0 -9999.0 -9999.0 -9999.0 -9999.0 -9999.0 -9999.0 -9999.0 -9999.0 -9999.0 -9999.0 -9999.0 -9999.0 -9999.0 -9999.0 -9999.0 -9999.0 -9999.0 -9999.0 -9999.0 -9999.0 -9999.0 -9999.0 -9999.0 -9999.0 -9999.0 -9999.0 -9999.0 -9999.0 -9999.0 -9999.0 -9999.0 -9999.0 -9999.0 -9999.0 -9999.0 -9999.0 -9999.0