examples/3D/hillslope02_superslab/output-maps-SE27XX/thetaliqL0044N0002.asc
ncols         104
nrows         10
xllcorner     -2.000000
yllcorner     0.000000
cellsize      1.000000
NODATA_value  -9999.0
-9999.0 -9999.0 -9999.0 -9999.0 -9999.0 -9999.0 -9999.0 -9999.0 -9999.0 -9999.0 -9999.0 -9999.0 -9999.0 -9999.0 -9999.0 -9999.0 -9999.0 -9999.0 -9999.0 -9999.0 -9999.0 -9999.0 -9999.0 -9999.0 -9999.0 -9999.0 -9999.0 -9999.0 -9999.0 -9999.0 -9999.0 -9999.0 -9999.0 -9999.0 -9999.0 -9999.0 -9999.0 -9999.0 -9999.0 -9999.0 -9999.0 -9999.0 -9999.0 -9999.0 -9999.0 -9999.0 -9999.0 -9999.0 -9999.0 -9999.0 -9999.0 -9999.0 -9999.0 -9999.0 -9999.0 -9999.0 -9999.0 -9999.0 -9999.0 -9999.0 -9999.0 -9999.0 -9999.0 -9999.0 -9999.0 -9999.0 -9999.0 -9999.0 -9999.0 -9999.0 -9999.0 -9999.0 -9999.0 -9999.0 -9999.0 -9999.0 -9999.0 -9999.0 -9999.0 -9999.0 -9999.0 -9999.0 -9999.0 -9999.0 -9999.0 -9999.0 -9999.0 -9999.0 -9999.0 -9999.0 -9999.0 -9999.0 -9999.0 -9999.0 -9999.0 -9999.0 -9999.0 -9999.0 -9999.0 -9999.0 -9999.0 -9999.0 -9999.0 -9999.0
-9999.0 -9999.0 -9999.0 -9999.0 -9999.0 -9999.0 -9999.0 -9999.0 -9999.0 -9999.0 -9999.0 -9999.0 -9999.0 -9999.0 -9999.0 -9999.0 -9999.0 -9999.0 -9999.0 -9999.0 -9999.0 -9999.0 -9999.0 -9999.0 -9999.0 -9999.0 -9999.0 -9999.0 -9999.0 -9999.0 -9999.0 -9999.0 -9999.0 -9999.0 -9999.0 -9999.0 -9999.0 -9999.0 -9999.0 -9999.0 -9999.0 -9999.0 -9999.0 -9999.0 -9999.0 -9999.0 -9999.0 -9999.0 -9999.0 -9999.0 -9999.0 -9999.0 -9999.0 -9999.0 -9999.0 -9999.0 -9999.0 -9999.0 -9999.0 -9999.0 -9999.0 -9999.0 -9999.0 -9999.0 -9999.0 -9999.0 -9999.0 -9999.0 -9999.0 -9999.0 -9999.0 -9999.0 -9999.0 -9999.0 -9999.0 -9999.0 -9999.0 -9999.0 -9999.0 -9999.0 -9999.0 -9999.0 -9999.0 -9999.0 -9999.0 -9999.0 -9999.0 -9999.0 -9999.0 -9999.0 -9999.0 -9999.0 -9999.0 -9999.0 -9999.0 -9999.0 -9999.0 -9999.0 -9999.0 -9999.0 -9999.0 -9999.0 -9999.0 -9999.0
-9999.0 -9999.0 0.057342 0.054758 0.054185 0.054167 0.054520 0.055395 0.056799 0.057906 0.055268 0.053965 0.053142 0.052485 0.052389 0.052930 0.053335 0.053618 0.053844 0.054041 0.054220 0.054387 0.054548 0.054706 0.054866 0.055028 0.055195 0.055364 0.055539 0.055716 0.055895 0.056075 0.099959 0.100000 0.100000 0.100000 0.100000 0.100000 0.100000 0.100000 0.100000 0.100000 0.076509 0.055273 0.043631 0.035861 0.028601 0.024787 0.024759 0.024759 0.024759 0.024759 0.024759 0.024759 0.024759 0.024759 0.024759 0.024759 0.024777 0.027434 0.037664 0.047625 0.057663 0.055398 0.054326 0.054031 0.053955 0.053935 0.053930 0.053929 0.053929 0.053929 0.053929 0.053929 0.053929 0.053929 0.053929 0.053929 0.053929 0.053929 0.053929 0.053929 0.053929 0.053929 0.053929 0.053929 0.053929 0.053929 0.053929 0.053929 0.053929 0.053929 0.053929 0.053928 0.053928 0.053925 0.053916 0.053883 0.053770 0.053417 0.052423 0.049980 -9999.0 -9999.0
-9999.0 -9999.0 0.057342 0.054758 0.054185 0.054167 0.054520 0.055395 0.056799 0.057906 0.055268 0.053965 0.053142 0.052485 0.052389 0.052930 0.053335 0.053618 0.053844 0.054041 0.054220 0.054387 0.054548 0.054706 0.054866 0.055028 0.055195 0.055364 0.055539 0.055716 0.055895 0.056075 0.099959 0.100000 0.100000 0.100000 0.100000 0.100000 0.100000 0.100000 0.100000 0.100000 0.076509 0.055273 0.043631 0.035861 0.028601 0.024787 0.024759 0.024759 0.024759 0.024759 0.024759 0.024759 0.024759 0.024759 0.024759 0.024759 0.024777 0.027434 0.037664 0.047625 0.057663 0.055398 0.054326 0.054031 0.053955 0.053935 0.053930 0.053929 0.053929 0.053929 0.053929 0.053929 0.053929 0.053929 0.053929 0.053929 0.053929 0.053929 0.053929 0.053929 0.053929 0.053929 0.053929 0.053929 0.053929 0.053929 0.053929 0.053929 0.053929 0.053929 0.053929 0.053928 0.053928 0.053925 0.053916 0.053883 0.053770 0.053417 0.052423 0.049980 -9999.0 -9999.0
-9999.0 -9999.0 0.057342 0.054758 0.054185 0.054167 0.054520 0.055395 0.056799 0.057906 0.055268 0.053965 0.053142 0.052485 0.052389 0.052930 0.053335 0.053618 0.053844 0.054041 0.054220 0.054387 0.054548 0.054706 0.054866 0.055028 0.055195 0.055364 0.055539 0.055716 0.055895 0.056075 0.099959 0.100000 0.100000 0.100000 0.100000 0.100000 0.100000 0.100000 0.100000 0.100000 0.076509 0.055273 0.043631 0.035861 0.028601 0.024787 0.024759 0.024759 0.024759 0.024759 0.024759 0.024759 0.024759 0.024759 0.024759 0.024759 0.024777 0.027434 0.037664 0.047625 0.057663 0.055398 0.054326 0.054031 0.053955 0.053935 0.053930 0.053929 0.053929 0.053929 0.053929 0.053929 0.053929 0.053929 0.053929 0.053929 0.053929 0.053929 0.053929 0.053929 0.053929 0.053929 0.053929 0.053929 0.053929 0.053929 0.053929 0.053929 0.053929 0.053929 0.053929 0.053928 0.053928 0.053925 0.053916 0.053883 0.053770 0.053417 0.052423 0.049980 -9999.0 -9999.0
-9999.0 -9999.0 0.057342 0.054758 0.054185 0.054167 0.054520 0.055395 0.056799 0.057906 0.055268 0.053965 0.053142 0.052485 0.052389 0.052930 0.053335 0.053618 0.053844 0.054041 0.054220 0.054387 0.054548 0.054706 0.054866 0.055028 0.055195 0.055364 0.055539 0.055716 0.055895 0.056075 0.099959 0.100000 0.100000 0.100000 0.100000 0.100000 0.100000 0.100000 0.100000 0.100000 0.076509 0.055273 0.043631 0.035861 0.028601 0.024787 0.024759 0.024759 0.024759 0.024759 0.024759 0.024759 0.024759 0.024759 0.024759 0.024759 0.024777 0.027434 0.037664 0.047625 0.057663 0.055398 0.054326 0.054031 0.053955 0.053935 0.053930 0.053929 0.053929 0.053929 0.053929 0.053929 0.053929 0.053929 0.053929 0.053929 0.053929 0.053929 0.053929 0.053929 0.053929 0.053929 0.053929 0.053929 0.053929 0.053929 0.053929 0.053929 0.053929 0.053929 0.053929 0.053928 0.053928 0.053925 0.053916 0.053883 0.053770 0.053417 0.052423 0.049980 -9999.0 -9999.0
-9999.0 -9999.0 0.057342 0.054758 0.054185 0.054167 0.054520 0.055395 0.056799 0.057906 0.055268 0.053965 0.053142 0.052485 0.052389 0.052930 0.053335 0.053618 0.053844 0.054041 0.054220 0.054387 0.054548 0.054706 0.054866 0.055028 0.055195 0.055364 0.055539 0.055716 0.055895 0.056075 0.099959 0.100000 0.100000 0.100000 0.100000 0.100000 0.100000 0.100000 0.100000 0.100000 0.076509 0.055273 0.043631 0.035861 0.028601 0.024787 0.024759 0.024759 0.024759 0.024759 0.024759 0.024759 0.024759 0.024759 0.024759 0.024759 0.024777 0.027434 0.037664 0.047625 0.057663 0.055398 0.054326 0.054031 0.053955 0.053935 0.053930 0.053929 0.053929 0.053929 0.053929 0.053929 0.053929 0.053929 0.053929 0.053929 0.053929 0.053929 0.053929 0.053929 0.053929 0.053929 0.053929 0.053929 0.053929 0.053929 0.053929 0.053929 0.053929 0.053929 0.053929 0.053928 0.053928 0.053925 0.053916 0.053883 0.053770 0.053417 0.052423 0.049980 -9999.0 -9999.0
-9999.0 -9999.0 0.057342 0.054758 0.054185 0.054167 0.054520 0.055395 0.056799 0.057906 0.055268 0.053965 0.053142 0.052485 0.052389 0.052930 0.053335 0.053618 0.053844 0.054041 0.054220 0.054387 0.054548 0.054706 0.054866 0.055028 0.055195 0.055364 0.055539 0.055716 0.055895 0.056075 0.099959 0.100000 0.100000 0.100000 0.100000 0.100000 0.100000 0.100000 0.100000 0.100000 0.076509 0.055273 0.043631 0.035861 0.028601 0.024787 0.024759 0.024759 0.024759 0.024759 0.024759 0.024759 0.024759 0.024759 0.024759 0.024759 0.024777 0.027434 0.037664 0.047625 0.057663 0.055398 0.054326 0.054031 0.053955 0.053935 0.053930 0.053929 0.053929 0.053929 0.053929 0.053929 0.053929 0.053929 0.053929 0.053929 0.053929 0.053929 0.053929 0.053929 0.053929 0.053929 0.053929 0.053929 0.053929 0.053929 0.053929 0.053929 0.053929 0.053929 0.053929 0.053928 0.053928 0.053925 0.053916 0.053883 0.053770 0.053417 0.052423 0.049980 -9999.0 -9999.0
-9999.0 -9999.0 -9999.0 -9999.0 -9999.0 -9999.0 -9999.0 -9999.0 -9999.0 -9999.0 -9999.0 -9999.0 -9999.0 -9999.0 -9999.0 -9999.0 -9999.0 -9999.0 -9999.0 -9999.0 -9999.0 -9999.0 -9999.0 -9999.0 -9999.0 -9999.0 -9999.0 -9999.0 -9999.0 -9999.0 -9999.0 -9999.0 -9999.0 -9999.0 -9999.0 -9999.0 -9999.0 -9999.0 -9999.0 -9999.0 -9999.0 -9999.0 -9999.0 -9999.0 -9999.0 -9999.0 -9999.0 -9999.0 -9999.0 -9999.0 -9999.0 -9999.0 -9999.0 -9999.0 -9999.0 -9999.0 -9999.0 -9999.0 -9999.0 -9999.0 -9999.0 -9999.0 -9999.0 -9999.0 -9999.0 -9999.0 -9999.0 -9999.0 -9999.0 -9999.0 -9999.0 -9999.0 -9999.0 -9999.0 -9999.0 -9999.0 -9999.0 -9999.0 -9999.0 -9999.0 -9999.0 -9999.0 -9999.0 -9999.0 -9999.0 -9999.0 -9999.0 -9999.0 -9999.0 -9999.0 -9999.0 -9999.0 -9999.0 -9999.0 -9999.0 -9999.0 -9999.0 -9999.0 -9999.0 -9999.0 -9999.0 -9999.0 -9999.0 -9999.0
-9999.0 -9999.0 -9999.0 -9999.0 -9999.0 -9999.0 -9999.0 -9999.0 -9999.0 -9999.0 -9999.0 -9999.0 -9999.0 -9999.0 -9999.0 -9999.0 -9999.0 -9999.0 -9999.0 -9999.0 -9999.0 -9999.0 -9999.0 -9999.0 -9999.0 -9999.0 -9999.0 -9999.0 -9999.0 -9999.0 -9999.0 -9999.0 -9999.0 -9999.0 -9999.0 -9999.0 -9999.0 -9999.0 -9999.0 -9999.0 -9999.0 -9999.0 -9999.0 -9999.0 -9999.0 -9999.0 -9999.0 -9999.0 -9999.0 -9999.0 -9999.0 -9999.0 -9999.0 -9999.0 -9999.0 -9999.0 -9999.0 -9999.0 -9999.0 -9999.0 -9999.0 -9999.0 -9999.0 -9999.0 -9999.0 -9999.0 -9999.0 -9999.0 -9999.0 -9999.0 -9999.0 -9999.0 -9999.0 -9999.0 -9999.0 -9999.0 -9999.0 -9999.0 -9999.0 -9999.0 -9999.0 -9999.0 -9999.0 -9999.0 -9999.0 -9999.0 -9999.0 -9999.0 -9999.0 -9999.0 -9999.0 -9999.0 -9999.0 -9999.0 -9999.0 -9999.0 -9999.0 -9999.0 -9999.0 -9999.0 -9999.0 -9999.0 -9999.0 -9999.0