examples/3D/hillslope02_superslab/output-maps-SE27XX/thetaliqL0072N0002.asc
ncols         104
nrows         10
xllcorner     -2.000000
yllcorner     0.000000
cellsize      1.000000
NODATA_value  -9999.0
-9999.0 -9999.0 -9999.0 -9999.0 -9999.0 -9999.0 -9999.0 -9999.0 -9999.0 -9999.0 -9999.0 -9999.0 -9999.0 -9999.0 -9999.0 -9999.0 -9999.0 -9999.0 -9999.0 -9999.0 -9999.0 -9999.0 -9999.0 -9999.0 -9999.0 -9999.0 -9999.0 -9999.0 -9999.0 -9999.0 -9999.0 -9999.0 -9999.0 -9999.0 -9999.0 -9999.0 -9999.0 -9999.0 -9999.0 -9999.0 -9999.0 -9999.0 -9999.0 -9999.0 -9999.0 -9999.0 -9999.0 -9999.0 -9999.0 -9999.0 -9999.0 -9999.0 -9999.0 -9999.0 -9999.0 -9999.0 -9999.0 -9999.0 -9999.0 -9999.0 -9999.0 -9999.0 -9999.0 -9999.0 -9999.0 -9999.0 -9999.0 -9999.0 -9999.0 -9999.0 -9999.0 -9999.0 -9999.0 -9999.0 -9999.0 -9999.0 -9999.0 -9999.0 -9999.0 -9999.0 -9999.0 -9999.0 -9999.0 -9999.0 -9999.0 -9999.0 -9999.0 -9999.0 -9999.0 -9999.0 -9999.0 -9999.0 -9999.0 -9999.0 -9999.0 -9999.0 -9999.0 -9999.0 -9999.0 -9999.0 -9999.0 -9999.0 -9999.0 -9999.0
-9999.0 -9999.0 -9999.0 -9999.0 -9999.0 -9999.0 -9999.0 -9999.0 -9999.0 -9999.0 -9999.0 -9999.0 -9999.0 -9999.0 -9999.0 -9999.0 -9999.0 -9999.0 -9999.0 -9999.0 -9999.0 -9999.0 -9999.0 -9999.0 -9999.0 -9999.0 -9999.0 -9999.0 -9999.0 -9999.0 -9999.0 -9999.0 -9999.0 -9999.0 -9999.0 -9999.0 -9999.0 -9999.0 -9999.0 -9999.0 -9999.0 -9999.0 -9999.0 -9999.0 -9999.0 -9999.0 -9999.0 -9999.0 -9999.0 -9999.0 -9999.0 -9999.0 -9999.0 -9999.0 -9999.0 -9999.0 -9999.0 -9999.0 -9999.0 -9999.0 -9999.0 -9999.0 -9999.0 -9999.0 -9999.0 -9999.0 -9999.0 -9999.0 -9999.0 -9999.0 -9999.0 -9999.0 -9999.0 -9999.0 -9999.0 -9999.0 -9999.0 -9999.0 -9999.0 -9999.0 -9999.0 -9999.0 -9999.0 -9999.0 -9999.0 -9999.0 -9999.0 -9999.0 -9999.0 -9999.0 -9999.0 -9999.0 -9999.0 -9999.0 -9999.0 -9999.0 -9999.0 -9999.0 -9999.0 -9999.0 -9999.0 -9999.0 -9999.0 -9999.0
-9999.0 -9999.0 0.100000 0.100000 0.100000 0.091515 0.074524 0.063981 0.059886 0.058383 0.055620 0.054045 0.053100 0.052377 0.052091 0.052657 0.053134 0.053460 0.053717 0.053948 0.054172 0.054399 0.054634 0.054877 0.055128 0.055383 0.055637 0.055881 0.056110 0.056317 0.056498 0.056647 0.056756 0.056819 0.056832 0.056796 0.056715 0.056593 0.056432 0.056226 0.055956 0.055590 0.055115 0.054603 0.054064 0.053495 0.099382 0.099763 0.099761 0.095717 0.030587 0.029370 0.029384 0.029385 0.029385 0.029386 0.029386 0.029387 0.029397 0.030425 0.039809 0.049773 0.056229 0.055340 0.054396 0.054078 0.053990 0.053967 0.053961 0.053959 0.053957 0.053957 0.053956 0.053955 0.053954 0.053952 0.053951 0.053950 0.053949 0.053948 0.053947 0.053946 0.053945 0.053944 0.053942 0.053941 0.053940 0.053939 0.053938 0.053936 0.053935 0.053934 0.053933 0.053932 0.053930 0.053924 0.053907 0.053851 0.053678 0.053186 0.051886 0.048255 -9999.0 -9999.0
-9999.0 -9999.0 0.100000 0.100000 0.100000 0.091515 0.074524 0.063981 0.059886 0.058383 0.055620 0.054045 0.053100 0.052377 0.052091 0.052657 0.053134 0.053460 0.053717 0.053948 0.054172 0.054399 0.054634 0.054877 0.055128 0.055383 0.055637 0.055881 0.056110 0.056317 0.056498 0.056647 0.056756 0.056819 0.056832 0.056796 0.056715 0.056593 0.056432 0.056226 0.055956 0.055590 0.055115 0.054603 0.054064 0.053495 0.099382 0.099763 0.099761 0.095717 0.030587 0.029370 0.029384 0.029385 0.029385 0.029386 0.029386 0.029387 0.029397 0.030425 0.039809 0.049773 0.056229 0.055340 0.054396 0.054078 0.053990 0.053967 0.053961 0.053959 0.053957 0.053957 0.053956 0.053955 0.053954 0.053952 0.053951 0.053950 0.053949 0.053948 0.053947 0.053946 0.053945 0.053944 0.053942 0.053941 0.053940 0.053939 0.053938 0.053936 0.053935 0.053934 0.053933 0.053932 0.053930 0.053924 0.053907 0.053851 0.053678 0.053186 0.051886 0.048255 -9999.0 -9999.0
-9999.0 -9999.0 0.100000 0.100000 0.100000 0.091515 0.074524 0.063981 0.059886 0.058383 0.055620 0.054045 0.053100 0.052377 0.052091 0.052657 0.053134 0.053460 0.053717 0.053948 0.054172 0.054399 0.054634 0.054877 0.055128 0.055383 0.055637 0.055881 0.056110 0.056317 0.056498 0.056647 0.056756 0.056819 0.056832 0.056796 0.056715 0.056593 0.056432 0.056226 0.055956 0.055590 0.055115 0.054603 0.054064 0.053495 0.099382 0.099763 0.099761 0.095717 0.030587 0.029370 0.029384 0.029385 0.029385 0.029386 0.029386 0.029387 0.029397 0.030425 0.039809 0.049773 0.056229 0.055340 0.054396 0.054078 0.053990 0.053967 0.053961 0.053959 0.053957 0.053957 0.053956 0.053955 0.053954 0.053952 0.053951 0.053950 0.053949 0.053948 0.053947 0.053946 0.053945 0.053944 0.053942 0.053941 0.053940 0.053939 0.053938 0.053936 0.053935 0.053934 0.053933 0.053932 0.053930 0.053924 0.053907 0.053851 0.053678 0.053186 0.051886 0.048255 -9999.0 -9999.0
-9999.0 -9999.0 0.100000 0.100000 0.100000 0.091515 0.074524 0.063981 0.059886 0.058383 0.055620 0.054045 0.053100 0.052377 0.052091 0.052657 0.053134 0.053460 0.053717 0.053948 0.054172 0.054399 0.054634 0.054877 0.055128 0.055383 0.055637 0.055881 0.056110 0.056317 0.056498 0.056647 0.056756 0.056819 0.056832 0.056796 0.056715 0.056593 0.056432 0.056226 0.055956 0.055590 0.055115 0.054603 0.054064 0.053495 0.099382 0.099763 0.099761 0.095717 0.030587 0.029370 0.029384 0.029385 0.029385 0.029386 0.029386 0.029387 0.029397 0.030425 0.039809 0.049773 0.056229 0.055340 0.054396 0.054078 0.053990 0.053967 0.053961 0.053959 0.053957 0.053957 0.053956 0.053955 0.053954 0.053952 0.053951 0.053950 0.053949 0.053948 0.053947 0.053946 0.053945 0.053944 0.053942 0.053941 0.053940 0.053939 0.053938 0.053936 0.053935 0.053934 0.053933 0.053932 0.053930 0.053924 0.053907 0.053851 0.053678 0.053186 0.051886 0.048255 -9999.0 -9999.0
-9999.0 -9999.0 0.100000 0.100000 0.100000 0.091515 0.074524 0.063981 0.059886 0.058383 0.055620 0.054045 0.053100 0.052377 0.052091 0.052657 0.053134 0.053460 0.053717 0.053948 0.054172 0.054399 0.054634 0.054877 0.055128 0.055383 0.055637 0.055881 0.056110 0.056317 0.056498 0.056647 0.056756 0.056819 0.056832 0.056796 0.056715 0.056593 0.056432 0.056226 0.055956 0.055590 0.055115 0.054603 0.054064 0.053495 0.099382 0.099763 0.099761 0.095717 0.030587 0.029370 0.029384 0.029385 0.029385 0.029386 0.029386 0.029387 0.029397 0.030425 0.039809 0.049773 0.056229 0.055340 0.054396 0.054078 0.053990 0.053967 0.053961 0.053959 0.053957 0.053957 0.053956 0.053955 0.053954 0.053952 0.053951 0.053950 0.053949 0.053948 0.053947 0.053946 0.053945 0.053944 0.053942 0.053941 0.053940 0.053939 0.053938 0.053936 0.053935 0.053934 0.053933 0.053932 0.053930 0.053924 0.053907 0.053851 0.053678 0.053186 0.051886 0.048255 -9999.0 -9999.0
-9999.0 -9999.0 0.100000 0.100000 0.100000 0.091515 0.074524 0.063981 0.059886 0.058383 0.055620 0.054045 0.053100 0.052377 0.052091 0.052657 0.053134 0.053460 0.053717 0.053948 0.054172 0.054399 0.054634 0.054877 0.055128 0.055383 0.055637 0.055881 0.056110 0.056317 0.056498 0.056647 0.056756 0.056819 0.056832 0.056796 0.056715 0.056593 0.056432 0.056226 0.055956 0.055590 0.055115 0.054603 0.054064 0.053495 0.099382 0.099763 0.099761 0.095717 0.030587 0.029370 0.029384 0.029385 0.029385 0.029386 0.029386 0.029387 0.029397 0.030425 0.039809 0.049773 0.056229 0.055340 0.054396 0.054078 0.053990 0.053967 0.053961 0.053959 0.053957 0.053957 0.053956 0.053955 0.053954 0.053952 0.053951 0.053950 0.053949 0.053948 0.053947 0.053946 0.053945 0.053944 0.053942 0.053941 0.053940 0.053939 0.053938 0.053936 0.053935 0.053934 0.053933 0.053932 0.053930 0.053924 0.053907 0.053851 0.053678 0.053186 0.051886 0.048255 -9999.0 -9999.0
-9999.0 -9999.0 -9999.0 -9999.0 -9999.0 -9999.0 -9999.0 -9999.0 -9999.0 -9999.0 -9999.0 -9999.0 -9999.0 -9999.0 -9999.0 -9999.0 -9999.0 -9999.0 -9999.0 -9999.0 -9999.0 -9999.0 -9999.0 -9999.0 -9999.0 -9999.0 -9999.0 -9999.0 -9999.0 -9999.0 -9999.0 -9999.0 -9999.0 -9999.0 -9999.0 -9999.0 -9999.0 -9999.0 -9999.0 -9999.0 -9999.0 -9999.0 -9999.0 -9999.0 -9999.0 -9999.0 -9999.0 -9999.0 -9999.0 -9999.0 -9999.0 -9999.0 -9999.0 -9999.0 -9999.0 -9999.0 -9999.0 -9999.0 -9999.0 -9999.0 -9999.0 -9999.0 -9999.0 -9999.0 -9999.0 -9999.0 -9999.0 -9999.0 -9999.0 -9999.0 -9999.0 -9999.0 -9999.0 -9999.0 -9999.0 -9999.0 -9999.0 -9999.0 -9999.0 -9999.0 -9999.0 -9999.0 -9999.0 -9999.0 -9999.0 -9999.0 -9999.0 -9999.0 -9999.0 -9999.0 -9999.0 -9999.0 -9999.0 -9999.0 -9999.0 -9999.0 -9999.0 -9999.0 -9999.0 -9999.0 -9999.0 -9999.0 -9999.0 -9999.0
-9999.0 -9999.0 -9999.0 -9999.0 -9999.0 -9999.0 -9999.0 -9999.0 -9999.0 -9999.0 -9999.0 -9999.0 -9999.0 -9999.0 -9999.0 -9999.0 -9999.0 -9999.0 -9999.0 -9999.0 -9999.0 -9999.0 -9999.0 -9999.0 -9999.0 -9999.0 -9999.0 -9999.0 -9999.0 -9999.0 -9999.0 -9999.0 -9999.0 -9999.0 -9999.0 -9999.0 -9999.0 -9999.0 -9999.0 -9999.0 -9999.0 -9999.0 -9999.0 -9999.0 -9999.0 -9999.0 -9999.0 -9999.0 -9999.0 -9999.0 -9999.0 -9999.0 -9999.0 -9999.0 -9999.0 -9999.0 -9999.0 -9999.0 -9999.0 -9999.0 -9999.0 -9999.0 -9999.0 -9999.0 -9999.0 -9999.0 -9999.0 -9999.0 -9999.0 -9999.0 -9999.0 -9999.0 -9999.0 -9999.0 -9999.0 -9999.0 -9999.0 -9999.0 -9999.0 -9999.0 -9999.0 -9999.0 -9999.0 -9999.0 -9999.0 -9999.0 -9999.0 -9999.0 -9999.0 -9999.0 -9999.0 -9999.0 -9999.0 -9999.0 -9999.0 -9999.0 -9999.0 -9999.0 -9999.0 -9999.0 -9999.0 -9999.0 -9999.0 -9999.0