examples/3D/hillslope02_superslab/output-maps-SE27XX/thetaliqL0030N0001.asc
ncols         104
nrows         10
xllcorner     -2.000000
yllcorner     0.000000
cellsize      1.000000
NODATA_value  -9999.0
-9999.0 -9999.0 -9999.0 -9999.0 -9999.0 -9999.0 -9999.0 -9999.0 -9999.0 -9999.0 -9999.0 -9999.0 -9999.0 -9999.0 -9999.0 -9999.0 -9999.0 -9999.0 -9999.0 -9999.0 -9999.0 -9999.0 -9999.0 -9999.0 -9999.0 -9999.0 -9999.0 -9999.0 -9999.0 -9999.0 -9999.0 -9999.0 -9999.0 -9999.0 -9999.0 -9999.0 -9999.0 -9999.0 -9999.0 -9999.0 -9999.0 -9999.0 -9999.0 -9999.0 -9999.0 -9999.0 -9999.0 -9999.0 -9999.0 -9999.0 -9999.0 -9999.0 -9999.0 -9999.0 -9999.0 -9999.0 -9999.0 -9999.0 -9999.0 -9999.0 -9999.0 -9999.0 -9999.0 -9999.0 -9999.0 -9999.0 -9999.0 -9999.0 -9999.0 -9999.0 -9999.0 -9999.0 -9999.0 -9999.0 -9999.0 -9999.0 -9999.0 -9999.0 -9999.0 -9999.0 -9999.0 -9999.0 -9999.0 -9999.0 -9999.0 -9999.0 -9999.0 -9999.0 -9999.0 -9999.0 -9999.0 -9999.0 -9999.0 -9999.0 -9999.0 -9999.0 -9999.0 -9999.0 -9999.0 -9999.0 -9999.0 -9999.0 -9999.0 -9999.0
-9999.0 -9999.0 -9999.0 -9999.0 -9999.0 -9999.0 -9999.0 -9999.0 -9999.0 -9999.0 -9999.0 -9999.0 -9999.0 -9999.0 -9999.0 -9999.0 -9999.0 -9999.0 -9999.0 -9999.0 -9999.0 -9999.0 -9999.0 -9999.0 -9999.0 -9999.0 -9999.0 -9999.0 -9999.0 -9999.0 -9999.0 -9999.0 -9999.0 -9999.0 -9999.0 -9999.0 -9999.0 -9999.0 -9999.0 -9999.0 -9999.0 -9999.0 -9999.0 -9999.0 -9999.0 -9999.0 -9999.0 -9999.0 -9999.0 -9999.0 -9999.0 -9999.0 -9999.0 -9999.0 -9999.0 -9999.0 -9999.0 -9999.0 -9999.0 -9999.0 -9999.0 -9999.0 -9999.0 -9999.0 -9999.0 -9999.0 -9999.0 -9999.0 -9999.0 -9999.0 -9999.0 -9999.0 -9999.0 -9999.0 -9999.0 -9999.0 -9999.0 -9999.0 -9999.0 -9999.0 -9999.0 -9999.0 -9999.0 -9999.0 -9999.0 -9999.0 -9999.0 -9999.0 -9999.0 -9999.0 -9999.0 -9999.0 -9999.0 -9999.0 -9999.0 -9999.0 -9999.0 -9999.0 -9999.0 -9999.0 -9999.0 -9999.0 -9999.0 -9999.0
-9999.0 -9999.0 0.057060 0.054669 0.054114 0.053990 0.054020 0.054239 0.054877 0.055803 0.053813 0.052864 0.051945 0.050399 0.048814 0.049449 0.049848 0.049997 0.050039 0.050047 0.050062 0.050097 0.050150 0.050216 0.050298 0.098484 0.099154 0.099591 0.100000 0.100000 0.100000 0.100000 0.100000 0.098421 0.090242 0.078714 0.069565 0.064527 0.062414 0.061960 0.062933 0.064214 0.043071 0.029983 0.023936 0.023816 0.023816 0.023816 0.023816 0.023816 0.023816 0.023816 0.023816 0.023816 0.023816 0.023816 0.023816 0.023816 0.023816 0.023848 0.028414 0.041899 0.058693 0.055359 0.054290 0.054014 0.053942 0.053924 0.053919 0.053918 0.053917 0.053917 0.053917 0.053917 0.053917 0.053917 0.053917 0.053917 0.053917 0.053917 0.053917 0.053917 0.053917 0.053917 0.053917 0.053917 0.053917 0.053917 0.053917 0.053917 0.053917 0.053917 0.053917 0.053917 0.053916 0.053914 0.053907 0.053881 0.053787 0.053466 0.052422 0.049206 -9999.0 -9999.0
-9999.0 -9999.0 0.057060 0.054669 0.054114 0.053990 0.054020 0.054239 0.054877 0.055803 0.053813 0.052864 0.051945 0.050399 0.048814 0.049449 0.049848 0.049997 0.050039 0.050047 0.050062 0.050097 0.050150 0.050216 0.050298 0.098484 0.099154 0.099591 0.100000 0.100000 0.100000 0.100000 0.100000 0.098421 0.090242 0.078714 0.069565 0.064527 0.062414 0.061960 0.062933 0.064214 0.043071 0.029983 0.023936 0.023816 0.023816 0.023816 0.023816 0.023816 0.023816 0.023816 0.023816 0.023816 0.023816 0.023816 0.023816 0.023816 0.023816 0.023848 0.028414 0.041899 0.058693 0.055359 0.054290 0.054014 0.053942 0.053924 0.053919 0.053918 0.053917 0.053917 0.053917 0.053917 0.053917 0.053917 0.053917 0.053917 0.053917 0.053917 0.053917 0.053917 0.053917 0.053917 0.053917 0.053917 0.053917 0.053917 0.053917 0.053917 0.053917 0.053917 0.053917 0.053917 0.053916 0.053914 0.053907 0.053881 0.053787 0.053466 0.052422 0.049206 -9999.0 -9999.0
-9999.0 -9999.0 0.057060 0.054669 0.054114 0.053990 0.054020 0.054239 0.054877 0.055803 0.053813 0.052864 0.051945 0.050399 0.048814 0.049449 0.049848 0.049997 0.050039 0.050047 0.050062 0.050097 0.050150 0.050216 0.050298 0.098484 0.099154 0.099591 0.100000 0.100000 0.100000 0.100000 0.100000 0.098421 0.090242 0.078714 0.069565 0.064527 0.062414 0.061960 0.062933 0.064214 0.043071 0.029983 0.023936 0.023816 0.023816 0.023816 0.023816 0.023816 0.023816 0.023816 0.023816 0.023816 0.023816 0.023816 0.023816 0.023816 0.023816 0.023848 0.028414 0.041899 0.058693 0.055359 0.054290 0.054014 0.053942 0.053924 0.053919 0.053918 0.053917 0.053917 0.053917 0.053917 0.053917 0.053917 0.053917 0.053917 0.053917 0.053917 0.053917 0.053917 0.053917 0.053917 0.053917 0.053917 0.053917 0.053917 0.053917 0.053917 0.053917 0.053917 0.053917 0.053917 0.053916 0.053914 0.053907 0.053881 0.053787 0.053466 0.052422 0.049206 -9999.0 -9999.0
-9999.0 -9999.0 0.057060 0.054669 0.054114 0.053990 0.054020 0.054239 0.054877 0.055803 0.053813 0.052864 0.051945 0.050399 0.048814 0.049449 0.049848 0.049997 0.050039 0.050047 0.050062 0.050097 0.050150 0.050216 0.050298 0.098484 0.099154 0.099591 0.100000 0.100000 0.100000 0.100000 0.100000 0.098421 0.090242 0.078714 0.069565 0.064527 0.062414 0.061960 0.062933 0.064214 0.043071 0.029983 0.023936 0.023816 0.023816 0.023816 0.023816 0.023816 0.023816 0.023816 0.023816 0.023816 0.023816 0.023816 0.023816 0.023816 0.023816 0.023848 0.028414 0.041899 0.058693 0.055359 0.054290 0.054014 0.053942 0.053924 0.053919 0.053918 0.053917 0.053917 0.053917 0.053917 0.053917 0.053917 0.053917 0.053917 0.053917 0.053917 0.053917 0.053917 0.053917 0.053917 0.053917 0.053917 0.053917 0.053917 0.053917 0.053917 0.053917 0.053917 0.053917 0.053917 0.053916 0.053914 0.053907 0.053881 0.053787 0.053466 0.052422 0.049206 -9999.0 -9999.0
-9999.0 -9999.0 0.057060 0.054669 0.054114 0.053990 0.054020 0.054239 0.054877 0.055803 0.053813 0.052864 0.051945 0.050399 0.048814 0.049449 0.049848 0.049997 0.050039 0.050047 0.050062 0.050097 0.050150 0.050216 0.050298 0.098484 0.099154 0.099591 0.100000 0.100000 0.100000 0.100000 0.100000 0.098421 0.090242 0.078714 0.069565 0.064527 0.062414 0.061960 0.062933 0.064214 0.043071 0.029983 0.023936 0.023816 0.023816 0.023816 0.023816 0.023816 0.023816 0.023816 0.023816 0.023816 0.023816 0.023816 0.023816 0.023816 0.023816 0.023848 0.028414 0.041899 0.058693 0.055359 0.054290 0.054014 0.053942 0.053924 0.053919 0.053918 0.053917 0.053917 0.053917 0.053917 0.053917 0.053917 0.053917 0.053917 0.053917 0.053917 0.053917 0.053917 0.053917 0.053917 0.053917 0.053917 0.053917 0.053917 0.053917 0.053917 0.053917 0.053917 0.053917 0.053917 0.053916 0.053914 0.053907 0.053881 0.053787 0.053466 0.052422 0.049206 -9999.0 -9999.0
-9999.0 -9999.0 0.057060 0.054669 0.054114 0.053990 0.054020 0.054239 0.054877 0.055803 0.053813 0.052864 0.051945 0.050399 0.048814 0.049449 0.049848 0.049997 0.050039 0.050047 0.050062 0.050097 0.050150 0.050216 0.050298 0.098484 0.099154 0.099591 0.100000 0.100000 0.100000 0.100000 0.100000 0.098421 0.090242 0.078714 0.069565 0.064527 0.062414 0.061960 0.062933 0.064214 0.043071 0.029983 0.023936 0.023816 0.023816 0.023816 0.023816 0.023816 0.023816 0.023816 0.023816 0.023816 0.023816 0.023816 0.023816 0.023816 0.023816 0.023848 0.028414 0.041899 0.058693 0.055359 0.054290 0.054014 0.053942 0.053924 0.053919 0.053918 0.053917 0.053917 0.053917 0.053917 0.053917 0.053917 0.053917 0.053917 0.053917 0.053917 0.053917 0.053917 0.053917 0.053917 0.053917 0.053917 0.053917 0.053917 0.053917 0.053917 0.053917 0.053917 0.053917 0.053917 0.053916 0.053914 0.053907 0.053881 0.053787 0.053466 0.052422 0.049206 -9999.0 -9999.0
-9999.0 -9999.0 -9999.0 -9999.0 -9999.0 -9999.0 -9999.0 -9999.0 -9999.0 -9999.0 -9999.0 -9999.0 -9999.0 -9999.0 -9999.0 -9999.0 -9999.0 -9999.0 -9999.0 -9999.0 -9999.0 -9999.0 -9999.0 -9999.0 -9999.0 -9999.0 -9999.0 -9999.0 -9999.0 -9999.0 -9999.0 -9999.0 -9999.0 -9999.0 -9999.0 -9999.0 -9999.0 -9999.0 -9999.0 -9999.0 -9999.0 -9999.0 -9999.0 -9999.0 -9999.0 -9999.0 -9999.0 -9999.0 -9999.0 -9999.0 -9999.0 -9999.0 -9999.0 -9999.0 -9999.0 -9999.0 -9999.0 -9999.0 -9999.0 -9999.0 -9999.0 -9999.0 -9999.0 -9999.0 -9999.0 -9999.0 -9999.0 -9999.0 -9999.0 -9999.0 -9999.0 -9999.0 -9999.0 -9999.0 -9999.0 -9999.0 -9999.0 -9999.0 -9999.0 -9999.0 -9999.0 -9999.0 -9999.0 -9999.0 -9999.0 -9999.0 -9999.0 -9999.0 -9999.0 -9999.0 -9999.0 -9999.0 -9999.0 -9999.0 -9999.0 -9999.0 -9999.0 -9999.0 -9999.0 -9999.0 -9999.0 -9999.0 -9999.0 -9999.0
-9999.0 -9999.0 -9999.0 -9999.0 -9999.0 -9999.0 -9999.0 -9999.0 -9999.0 -9999.0 -9999.0 -9999.0 -9999.0 -9999.0 -9999.0 -9999.0 -9999.0 -9999.0 -9999.0 -9999.0 -9999.0 -9999.0 -9999.0 -9999.0 -9999.0 -9999.0 -9999.0 -9999.0 -9999.0 -9999.0 -9999.0 -9999.0 -9999.0 -9999.0 -9999.0 -9999.0 -9999.0 -9999.0 -9999.0 -9999.0 -9999.0 -9999.0 -9999.0 -9999.0 -9999.0 -9999.0 -9999.0 -9999.0 -9999.0 -9999.0 -9999.0 -9999.0 -9999.0 -9999.0 -9999.0 -9999.0 -9999.0 -9999.0 -9999.0 -9999.0 -9999.0 -9999.0 -9999.0 -9999.0 -9999.0 -9999.0 -9999.0 -9999.0 -9999.0 -9999.0 -9999.0 -9999.0 -9999.0 -9999.0 -9999.0 -9999.0 -9999.0 -9999.0 -9999.0 -9999.0 -9999.0 -9999.0 -9999.0 -9999.0 -9999.0 -9999.0 -9999.0 -9999.0 -9999.0 -9999.0 -9999.0 -9999.0 -9999.0 -9999.0 -9999.0 -9999.0 -9999.0 -9999.0 -9999.0 -9999.0 -9999.0 -9999.0 -9999.0 -9999.0