examples/3D/hillslope02_superslab/output-maps-SE27XX/thetaliqL0076N0002.asc
ncols         104
nrows         10
xllcorner     -2.000000
yllcorner     0.000000
cellsize      1.000000
NODATA_value  -9999.0
-9999.0 -9999.0 -9999.0 -9999.0 -9999.0 -9999.0 -9999.0 -9999.0 -9999.0 -9999.0 -9999.0 -9999.0 -9999.0 -9999.0 -9999.0 -9999.0 -9999.0 -9999.0 -9999.0 -9999.0 -9999.0 -9999.0 -9999.0 -9999.0 -9999.0 -9999.0 -9999.0 -9999.0 -9999.0 -9999.0 -9999.0 -9999.0 -9999.0 -9999.0 -9999.0 -9999.0 -9999.0 -9999.0 -9999.0 -9999.0 -9999.0 -9999.0 -9999.0 -9999.0 -9999.0 -9999.0 -9999.0 -9999.0 -9999.0 -9999.0 -9999.0 -9999.0 -9999.0 -9999.0 -9999.0 -9999.0 -9999.0 -9999.0 -9999.0 -9999.0 -9999.0 -9999.0 -9999.0 -9999.0 -9999.0 -9999.0 -9999.0 -9999.0 -9999.0 -9999.0 -9999.0 -9999.0 -9999.0 -9999.0 -9999.0 -9999.0 -9999.0 -9999.0 -9999.0 -9999.0 -9999.0 -9999.0 -9999.0 -9999.0 -9999.0 -9999.0 -9999.0 -9999.0 -9999.0 -9999.0 -9999.0 -9999.0 -9999.0 -9999.0 -9999.0 -9999.0 -9999.0 -9999.0 -9999.0 -9999.0 -9999.0 -9999.0 -9999.0 -9999.0
-9999.0 -9999.0 -9999.0 -9999.0 -9999.0 -9999.0 -9999.0 -9999.0 -9999.0 -9999.0 -9999.0 -9999.0 -9999.0 -9999.0 -9999.0 -9999.0 -9999.0 -9999.0 -9999.0 -9999.0 -9999.0 -9999.0 -9999.0 -9999.0 -9999.0 -9999.0 -9999.0 -9999.0 -9999.0 -9999.0 -9999.0 -9999.0 -9999.0 -9999.0 -9999.0 -9999.0 -9999.0 -9999.0 -9999.0 -9999.0 -9999.0 -9999.0 -9999.0 -9999.0 -9999.0 -9999.0 -9999.0 -9999.0 -9999.0 -9999.0 -9999.0 -9999.0 -9999.0 -9999.0 -9999.0 -9999.0 -9999.0 -9999.0 -9999.0 -9999.0 -9999.0 -9999.0 -9999.0 -9999.0 -9999.0 -9999.0 -9999.0 -9999.0 -9999.0 -9999.0 -9999.0 -9999.0 -9999.0 -9999.0 -9999.0 -9999.0 -9999.0 -9999.0 -9999.0 -9999.0 -9999.0 -9999.0 -9999.0 -9999.0 -9999.0 -9999.0 -9999.0 -9999.0 -9999.0 -9999.0 -9999.0 -9999.0 -9999.0 -9999.0 -9999.0 -9999.0 -9999.0 -9999.0 -9999.0 -9999.0 -9999.0 -9999.0 -9999.0 -9999.0
-9999.0 -9999.0 0.100000 0.100000 0.100000 0.100000 0.100000 0.092322 0.076189 0.065622 0.058885 0.055443 0.053662 0.052369 0.051401 0.052227 0.052967 0.053461 0.053869 0.054279 0.054731 0.055246 0.055824 0.056459 0.057126 0.057799 0.058434 0.058991 0.059438 0.059748 0.059904 0.059903 0.059752 0.059473 0.059101 0.058659 0.058190 0.057714 0.057253 0.056805 0.056348 0.055845 0.055276 0.054698 0.054112 0.053507 0.052853 0.052067 0.098532 0.082877 0.065507 0.065182 0.030897 0.030904 0.030911 0.030921 0.030936 0.030960 0.031007 0.031820 0.040125 0.049995 0.056170 0.055443 0.054548 0.054241 0.054158 0.054136 0.054129 0.054124 0.054119 0.054114 0.054108 0.054101 0.054094 0.054087 0.054080 0.054073 0.054065 0.054058 0.054050 0.054042 0.054035 0.054027 0.054019 0.054010 0.054002 0.053994 0.053986 0.053979 0.053971 0.053964 0.053958 0.053951 0.053945 0.053935 0.053913 0.053850 0.053664 0.053134 0.051628 0.046193 -9999.0 -9999.0
-9999.0 -9999.0 0.100000 0.100000 0.100000 0.100000 0.100000 0.092322 0.076189 0.065622 0.058885 0.055443 0.053662 0.052369 0.051401 0.052227 0.052967 0.053461 0.053869 0.054279 0.054731 0.055246 0.055824 0.056459 0.057126 0.057799 0.058434 0.058991 0.059438 0.059748 0.059904 0.059903 0.059752 0.059473 0.059101 0.058659 0.058190 0.057714 0.057253 0.056805 0.056348 0.055845 0.055276 0.054698 0.054112 0.053507 0.052853 0.052067 0.098532 0.082877 0.065507 0.065182 0.030897 0.030904 0.030911 0.030921 0.030936 0.030960 0.031007 0.031820 0.040125 0.049995 0.056170 0.055443 0.054548 0.054241 0.054158 0.054136 0.054129 0.054124 0.054119 0.054114 0.054108 0.054101 0.054094 0.054087 0.054080 0.054073 0.054065 0.054058 0.054050 0.054042 0.054035 0.054027 0.054019 0.054010 0.054002 0.053994 0.053986 0.053979 0.053971 0.053964 0.053958 0.053951 0.053945 0.053935 0.053913 0.053850 0.053664 0.053134 0.051628 0.046193 -9999.0 -9999.0
-9999.0 -9999.0 0.100000 0.100000 0.100000 0.100000 0.100000 0.092322 0.076189 0.065622 0.058885 0.055443 0.053662 0.052369 0.051401 0.052227 0.052967 0.053461 0.053869 0.054279 0.054731 0.055246 0.055824 0.056459 0.057126 0.057799 0.058434 0.058991 0.059438 0.059748 0.059904 0.059903 0.059752 0.059473 0.059101 0.058659 0.058190 0.057714 0.057253 0.056805 0.056348 0.055845 0.055276 0.054698 0.054112 0.053507 0.052853 0.052067 0.098532 0.082877 0.065507 0.065182 0.030897 0.030904 0.030911 0.030921 0.030936 0.030960 0.031007 0.031820 0.040125 0.049995 0.056170 0.055443 0.054548 0.054241 0.054158 0.054136 0.054129 0.054124 0.054119 0.054114 0.054108 0.054101 0.054094 0.054087 0.054080 0.054073 0.054065 0.054058 0.054050 0.054042 0.054035 0.054027 0.054019 0.054010 0.054002 0.053994 0.053986 0.053979 0.053971 0.053964 0.053958 0.053951 0.053945 0.053935 0.053913 0.053850 0.053664 0.053134 0.051628 0.046193 -9999.0 -9999.0
-9999.0 -9999.0 0.100000 0.100000 0.100000 0.100000 0.100000 0.092322 0.076189 0.065622 0.058885 0.055443 0.053662 0.052369 0.051401 0.052227 0.052967 0.053461 0.053869 0.054279 0.054731 0.055246 0.055824 0.056459 0.057126 0.057799 0.058434 0.058991 0.059438 0.059748 0.059904 0.059903 0.059752 0.059473 0.059101 0.058659 0.058190 0.057714 0.057253 0.056805 0.056348 0.055845 0.055276 0.054698 0.054112 0.053507 0.052853 0.052067 0.098532 0.082877 0.065507 0.065182 0.030897 0.030904 0.030911 0.030921 0.030936 0.030960 0.031007 0.031820 0.040125 0.049995 0.056170 0.055443 0.054548 0.054241 0.054158 0.054136 0.054129 0.054124 0.054119 0.054114 0.054108 0.054101 0.054094 0.054087 0.054080 0.054073 0.054065 0.054058 0.054050 0.054042 0.054035 0.054027 0.054019 0.054010 0.054002 0.053994 0.053986 0.053979 0.053971 0.053964 0.053958 0.053951 0.053945 0.053935 0.053913 0.053850 0.053664 0.053134 0.051628 0.046193 -9999.0 -9999.0
-9999.0 -9999.0 0.100000 0.100000 0.100000 0.100000 0.100000 0.092322 0.076189 0.065622 0.058885 0.055443 0.053662 0.052369 0.051401 0.052227 0.052967 0.053461 0.053869 0.054279 0.054731 0.055246 0.055824 0.056459 0.057126 0.057799 0.058434 0.058991 0.059438 0.059748 0.059904 0.059903 0.059752 0.059473 0.059101 0.058659 0.058190 0.057714 0.057253 0.056805 0.056348 0.055845 0.055276 0.054698 0.054112 0.053507 0.052853 0.052067 0.098532 0.082877 0.065507 0.065182 0.030897 0.030904 0.030911 0.030921 0.030936 0.030960 0.031007 0.031820 0.040125 0.049995 0.056170 0.055443 0.054548 0.054241 0.054158 0.054136 0.054129 0.054124 0.054119 0.054114 0.054108 0.054101 0.054094 0.054087 0.054080 0.054073 0.054065 0.054058 0.054050 0.054042 0.054035 0.054027 0.054019 0.054010 0.054002 0.053994 0.053986 0.053979 0.053971 0.053964 0.053958 0.053951 0.053945 0.053935 0.053913 0.053850 0.053664 0.053134 0.051628 0.046193 -9999.0 -9999.0
-9999.0 -9999.0 0.100000 0.100000 0.100000 0.100000 0.100000 0.092322 0.076189 0.065622 0.058885 0.055443 0.053662 0.052369 0.051401 0.052227 0.052967 0.053461 0.053869 0.054279 0.054731 0.055246 0.055824 0.056459 0.057126 0.057799 0.058434 0.058991 0.059438 0.059748 0.059904 0.059903 0.059752 0.059473 0.059101 0.058659 0.058190 0.057714 0.057253 0.056805 0.056348 0.055845 0.055276 0.054698 0.054112 0.053507 0.052853 0.052067 0.098532 0.082877 0.065507 0.065182 0.030897 0.030904 0.030911 0.030921 0.030936 0.030960 0.031007 0.031820 0.040125 0.049995 0.056170 0.055443 0.054548 0.054241 0.054158 0.054136 0.054129 0.054124 0.054119 0.054114 0.054108 0.054101 0.054094 0.054087 0.054080 0.054073 0.054065 0.054058 0.054050 0.054042 0.054035 0.054027 0.054019 0.054010 0.054002 0.053994 0.053986 0.053979 0.053971 0.053964 0.053958 0.053951 0.053945 0.053935 0.053913 0.053850 0.053664 0.053134 0.051628 0.046193 -9999.0 -9999.0
-9999.0 -9999.0 -9999.0 -9999.0 -9999.0 -9999.0 -9999.0 -9999.0 -9999.0 -9999.0 -9999.0 -9999.0 -9999.0 -9999.0 -9999.0 -9999.0 -9999.0 -9999.0 -9999.0 -9999.0 -9999.0 -9999.0 -9999.0 -9999.0 -9999.0 -9999.0 -9999.0 -9999.0 -9999.0 -9999.0 -9999.0 -9999.0 -9999.0 -9999.0 -9999.0 -9999.0 -9999.0 -9999.0 -9999.0 -9999.0 -9999.0 -9999.0 -9999.0 -9999.0 -9999.0 -9999.0 -9999.0 -9999.0 -9999.0 -9999.0 -9999.0 -9999.0 -9999.0 -9999.0 -9999.0 -9999.0 -9999.0 -9999.0 -9999.0 -9999.0 -9999.0 -9999.0 -9999.0 -9999.0 -9999.0 -9999.0 -9999.0 -9999.0 -9999.0 -9999.0 -9999.0 -9999.0 -9999.0 -9999.0 -9999.0 -9999.0 -9999.0 -9999.0 -9999.0 -9999.0 -9999.0 -9999.0 -9999.0 -9999.0 -9999.0 -9999.0 -9999.0 -9999.0 -9999.0 -9999.0 -9999.0 -9999.0 -9999.0 -9999.0 -9999.0 -9999.0 -9999.0 -9999.0 -9999.0 -9999.0 -9999.0 -9999.0 -9999.0 -9999.0
-9999.0 -9999.0 -9999.0 -9999.0 -9999.0 -9999.0 -9999.0 -9999.0 -9999.0 -9999.0 -9999.0 -9999.0 -9999.0 -9999.0 -9999.0 -9999.0 -9999.0 -9999.0 -9999.0 -9999.0 -9999.0 -9999.0 -9999.0 -9999.0 -9999.0 -9999.0 -9999.0 -9999.0 -9999.0 -9999.0 -9999.0 -9999.0 -9999.0 -9999.0 -9999.0 -9999.0 -9999.0 -9999.0 -9999.0 -9999.0 -9999.0 -9999.0 -9999.0 -9999.0 -9999.0 -9999.0 -9999.0 -9999.0 -9999.0 -9999.0 -9999.0 -9999.0 -9999.0 -9999.0 -9999.0 -9999.0 -9999.0 -9999.0 -9999.0 -9999.0 -9999.0 -9999.0 -9999.0 -9999.0 -9999.0 -9999.0 -9999.0 -9999.0 -9999.0 -9999.0 -9999.0 -9999.0 -9999.0 -9999.0 -9999.0 -9999.0 -9999.0 -9999.0 -9999.0 -9999.0 -9999.0 -9999.0 -9999.0 -9999.0 -9999.0 -9999.0 -9999.0 -9999.0 -9999.0 -9999.0 -9999.0 -9999.0 -9999.0 -9999.0 -9999.0 -9999.0 -9999.0 -9999.0 -9999.0 -9999.0 -9999.0 -9999.0 -9999.0 -9999.0