examples/3D/hillslope02_superslab/output-maps-SE27XX/thetaliqL0007N0002.asc
ncols         104
nrows         10
xllcorner     -2.000000
yllcorner     0.000000
cellsize      1.000000
NODATA_value  -9999.0
-9999.0 -9999.0 -9999.0 -9999.0 -9999.0 -9999.0 -9999.0 -9999.0 -9999.0 -9999.0 -9999.0 -9999.0 -9999.0 -9999.0 -9999.0 -9999.0 -9999.0 -9999.0 -9999.0 -9999.0 -9999.0 -9999.0 -9999.0 -9999.0 -9999.0 -9999.0 -9999.0 -9999.0 -9999.0 -9999.0 -9999.0 -9999.0 -9999.0 -9999.0 -9999.0 -9999.0 -9999.0 -9999.0 -9999.0 -9999.0 -9999.0 -9999.0 -9999.0 -9999.0 -9999.0 -9999.0 -9999.0 -9999.0 -9999.0 -9999.0 -9999.0 -9999.0 -9999.0 -9999.0 -9999.0 -9999.0 -9999.0 -9999.0 -9999.0 -9999.0 -9999.0 -9999.0 -9999.0 -9999.0 -9999.0 -9999.0 -9999.0 -9999.0 -9999.0 -9999.0 -9999.0 -9999.0 -9999.0 -9999.0 -9999.0 -9999.0 -9999.0 -9999.0 -9999.0 -9999.0 -9999.0 -9999.0 -9999.0 -9999.0 -9999.0 -9999.0 -9999.0 -9999.0 -9999.0 -9999.0 -9999.0 -9999.0 -9999.0 -9999.0 -9999.0 -9999.0 -9999.0 -9999.0 -9999.0 -9999.0 -9999.0 -9999.0 -9999.0 -9999.0
-9999.0 -9999.0 -9999.0 -9999.0 -9999.0 -9999.0 -9999.0 -9999.0 -9999.0 -9999.0 -9999.0 -9999.0 -9999.0 -9999.0 -9999.0 -9999.0 -9999.0 -9999.0 -9999.0 -9999.0 -9999.0 -9999.0 -9999.0 -9999.0 -9999.0 -9999.0 -9999.0 -9999.0 -9999.0 -9999.0 -9999.0 -9999.0 -9999.0 -9999.0 -9999.0 -9999.0 -9999.0 -9999.0 -9999.0 -9999.0 -9999.0 -9999.0 -9999.0 -9999.0 -9999.0 -9999.0 -9999.0 -9999.0 -9999.0 -9999.0 -9999.0 -9999.0 -9999.0 -9999.0 -9999.0 -9999.0 -9999.0 -9999.0 -9999.0 -9999.0 -9999.0 -9999.0 -9999.0 -9999.0 -9999.0 -9999.0 -9999.0 -9999.0 -9999.0 -9999.0 -9999.0 -9999.0 -9999.0 -9999.0 -9999.0 -9999.0 -9999.0 -9999.0 -9999.0 -9999.0 -9999.0 -9999.0 -9999.0 -9999.0 -9999.0 -9999.0 -9999.0 -9999.0 -9999.0 -9999.0 -9999.0 -9999.0 -9999.0 -9999.0 -9999.0 -9999.0 -9999.0 -9999.0 -9999.0 -9999.0 -9999.0 -9999.0 -9999.0 -9999.0
-9999.0 -9999.0 0.056573 0.054567 0.054124 0.054104 0.054409 0.055201 0.056596 0.059143 0.055292 0.054092 0.053289 0.098632 0.099531 0.099980 0.100000 0.100000 0.100000 0.100000 0.100000 0.096534 0.084470 0.072818 0.064849 0.060022 0.057285 0.055779 0.054992 0.054693 0.055005 0.056393 0.058479 0.060191 0.061150 0.061526 0.061586 0.061514 0.061429 0.061523 0.062477 0.066168 0.051916 0.046771 0.046825 0.046845 0.046857 0.046863 0.046866 0.046867 0.046867 0.046866 0.046865 0.046862 0.046859 0.046855 0.046849 0.046841 0.046826 0.046798 0.046679 0.049764 0.059499 0.055207 0.054247 0.054010 0.053950 0.053934 0.053930 0.053929 0.053929 0.053929 0.053929 0.053929 0.053929 0.053929 0.053929 0.053929 0.053929 0.053929 0.053929 0.053929 0.053929 0.053929 0.053929 0.053929 0.053929 0.053929 0.053929 0.053929 0.053929 0.053929 0.053929 0.053929 0.053928 0.053927 0.053923 0.053909 0.053854 0.053655 0.052959 0.050762 -9999.0 -9999.0
-9999.0 -9999.0 0.056573 0.054567 0.054124 0.054104 0.054409 0.055201 0.056596 0.059143 0.055292 0.054092 0.053289 0.098632 0.099531 0.099980 0.100000 0.100000 0.100000 0.100000 0.100000 0.096534 0.084470 0.072818 0.064849 0.060022 0.057285 0.055779 0.054992 0.054693 0.055005 0.056393 0.058479 0.060191 0.061150 0.061526 0.061586 0.061514 0.061429 0.061523 0.062477 0.066168 0.051916 0.046771 0.046825 0.046845 0.046857 0.046863 0.046866 0.046867 0.046867 0.046866 0.046865 0.046862 0.046859 0.046855 0.046849 0.046841 0.046826 0.046798 0.046679 0.049764 0.059499 0.055207 0.054247 0.054010 0.053950 0.053934 0.053930 0.053929 0.053929 0.053929 0.053929 0.053929 0.053929 0.053929 0.053929 0.053929 0.053929 0.053929 0.053929 0.053929 0.053929 0.053929 0.053929 0.053929 0.053929 0.053929 0.053929 0.053929 0.053929 0.053929 0.053929 0.053929 0.053928 0.053927 0.053923 0.053909 0.053854 0.053655 0.052959 0.050762 -9999.0 -9999.0
-9999.0 -9999.0 0.056573 0.054567 0.054124 0.054104 0.054409 0.055201 0.056596 0.059143 0.055292 0.054092 0.053289 0.098632 0.099531 0.099980 0.100000 0.100000 0.100000 0.100000 0.100000 0.096534 0.084470 0.072818 0.064849 0.060022 0.057285 0.055779 0.054992 0.054693 0.055005 0.056393 0.058479 0.060191 0.061150 0.061526 0.061586 0.061514 0.061429 0.061523 0.062477 0.066168 0.051916 0.046771 0.046825 0.046845 0.046857 0.046863 0.046866 0.046867 0.046867 0.046866 0.046865 0.046862 0.046859 0.046855 0.046849 0.046841 0.046826 0.046798 0.046679 0.049764 0.059499 0.055207 0.054247 0.054010 0.053950 0.053934 0.053930 0.053929 0.053929 0.053929 0.053929 0.053929 0.053929 0.053929 0.053929 0.053929 0.053929 0.053929 0.053929 0.053929 0.053929 0.053929 0.053929 0.053929 0.053929 0.053929 0.053929 0.053929 0.053929 0.053929 0.053929 0.053929 0.053928 0.053927 0.053923 0.053909 0.053854 0.053655 0.052959 0.050762 -9999.0 -9999.0
-9999.0 -9999.0 0.056573 0.054567 0.054124 0.054104 0.054409 0.055201 0.056596 0.059143 0.055292 0.054092 0.053289 0.098632 0.099531 0.099980 0.100000 0.100000 0.100000 0.100000 0.100000 0.096534 0.084470 0.072818 0.064849 0.060022 0.057285 0.055779 0.054992 0.054693 0.055005 0.056393 0.058479 0.060191 0.061150 0.061526 0.061586 0.061514 0.061429 0.061523 0.062477 0.066168 0.051916 0.046771 0.046825 0.046845 0.046857 0.046863 0.046866 0.046867 0.046867 0.046866 0.046865 0.046862 0.046859 0.046855 0.046849 0.046841 0.046826 0.046798 0.046679 0.049764 0.059499 0.055207 0.054247 0.054010 0.053950 0.053934 0.053930 0.053929 0.053929 0.053929 0.053929 0.053929 0.053929 0.053929 0.053929 0.053929 0.053929 0.053929 0.053929 0.053929 0.053929 0.053929 0.053929 0.053929 0.053929 0.053929 0.053929 0.053929 0.053929 0.053929 0.053929 0.053929 0.053928 0.053927 0.053923 0.053909 0.053854 0.053655 0.052959 0.050762 -9999.0 -9999.0
-9999.0 -9999.0 0.056573 0.054567 0.054124 0.054104 0.054409 0.055201 0.056596 0.059143 0.055292 0.054092 0.053289 0.098632 0.099531 0.099980 0.100000 0.100000 0.100000 0.100000 0.100000 0.096534 0.084470 0.072818 0.064849 0.060022 0.057285 0.055779 0.054992 0.054693 0.055005 0.056393 0.058479 0.060191 0.061150 0.061526 0.061586 0.061514 0.061429 0.061523 0.062477 0.066168 0.051916 0.046771 0.046825 0.046845 0.046857 0.046863 0.046866 0.046867 0.046867 0.046866 0.046865 0.046862 0.046859 0.046855 0.046849 0.046841 0.046826 0.046798 0.046679 0.049764 0.059499 0.055207 0.054247 0.054010 0.053950 0.053934 0.053930 0.053929 0.053929 0.053929 0.053929 0.053929 0.053929 0.053929 0.053929 0.053929 0.053929 0.053929 0.053929 0.053929 0.053929 0.053929 0.053929 0.053929 0.053929 0.053929 0.053929 0.053929 0.053929 0.053929 0.053929 0.053929 0.053928 0.053927 0.053923 0.053909 0.053854 0.053655 0.052959 0.050762 -9999.0 -9999.0
-9999.0 -9999.0 0.056573 0.054567 0.054124 0.054104 0.054409 0.055201 0.056596 0.059143 0.055292 0.054092 0.053289 0.098632 0.099531 0.099980 0.100000 0.100000 0.100000 0.100000 0.100000 0.096534 0.084470 0.072818 0.064849 0.060022 0.057285 0.055779 0.054992 0.054693 0.055005 0.056393 0.058479 0.060191 0.061150 0.061526 0.061586 0.061514 0.061429 0.061523 0.062477 0.066168 0.051916 0.046771 0.046825 0.046845 0.046857 0.046863 0.046866 0.046867 0.046867 0.046866 0.046865 0.046862 0.046859 0.046855 0.046849 0.046841 0.046826 0.046798 0.046679 0.049764 0.059499 0.055207 0.054247 0.054010 0.053950 0.053934 0.053930 0.053929 0.053929 0.053929 0.053929 0.053929 0.053929 0.053929 0.053929 0.053929 0.053929 0.053929 0.053929 0.053929 0.053929 0.053929 0.053929 0.053929 0.053929 0.053929 0.053929 0.053929 0.053929 0.053929 0.053929 0.053929 0.053928 0.053927 0.053923 0.053909 0.053854 0.053655 0.052959 0.050762 -9999.0 -9999.0
-9999.0 -9999.0 -9999.0 -9999.0 -9999.0 -9999.0 -9999.0 -9999.0 -9999.0 -9999.0 -9999.0 -9999.0 -9999.0 -9999.0 -9999.0 -9999.0 -9999.0 -9999.0 -9999.0 -9999.0 -9999.0 -9999.0 -9999.0 -9999.0 -9999.0 -9999.0 -9999.0 -9999.0 -9999.0 -9999.0 -9999.0 -9999.0 -9999.0 -9999.0 -9999.0 -9999.0 -9999.0 -9999.0 -9999.0 -9999.0 -9999.0 -9999.0 -9999.0 -9999.0 -9999.0 -9999.0 -9999.0 -9999.0 -9999.0 -9999.0 -9999.0 -9999.0 -9999.0 -9999.0 -9999.0 -9999.0 -9999.0 -9999.0 -9999.0 -9999.0 -9999.0 -9999.0 -9999.0 -9999.0 -9999.0 -9999.0 -9999.0 -9999.0 -9999.0 -9999.0 -9999.0 -9999.0 -9999.0 -9999.0 -9999.0 -9999.0 -9999.0 -9999.0 -9999.0 -9999.0 -9999.0 -9999.0 -9999.0 -9999.0 -9999.0 -9999.0 -9999.0 -9999.0 -9999.0 -9999.0 -9999.0 -9999.0 -9999.0 -9999.0 -9999.0 -9999.0 -9999.0 -9999.0 -9999.0 -9999.0 -9999.0 -9999.0 -9999.0 -9999.0
-9999.0 -9999.0 -9999.0 -9999.0 -9999.0 -9999.0 -9999.0 -9999.0 -9999.0 -9999.0 -9999.0 -9999.0 -9999.0 -9999.0 -9999.0 -9999.0 -9999.0 -9999.0 -9999.0 -9999.0 -9999.0 -9999.0 -9999.0 -9999.0 -9999.0 -9999.0 -9999.0 -9999.0 -9999.0 -9999.0 -9999.0 -9999.0 -9999.0 -9999.0 -9999.0 -9999.0 -9999.0 -9999.0 -9999.0 -9999.0 -9999.0 -9999.0 -9999.0 -9999.0 -9999.0 -9999.0 -9999.0 -9999.0 -9999.0 -9999.0 -9999.0 -9999.0 -9999.0 -9999.0 -9999.0 -9999.0 -9999.0 -9999.0 -9999.0 -9999.0 -9999.0 -9999.0 -9999.0 -9999.0 -9999.0 -9999.0 -9999.0 -9999.0 -9999.0 -9999.0 -9999.0 -9999.0 -9999.0 -9999.0 -9999.0 -9999.0 -9999.0 -9999.0 -9999.0 -9999.0 -9999.0 -9999.0 -9999.0 -9999.0 -9999.0 -9999.0 -9999.0 -9999.0 -9999.0 -9999.0 -9999.0 -9999.0 -9999.0 -9999.0 -9999.0 -9999.0 -9999.0 -9999.0 -9999.0 -9999.0 -9999.0 -9999.0 -9999.0 -9999.0