examples/3D/hillslope02_superslab/output-maps-SE27XX/thetaliqL0026N0001.asc
ncols         104
nrows         10
xllcorner     -2.000000
yllcorner     0.000000
cellsize      1.000000
NODATA_value  -9999.0
-9999.0 -9999.0 -9999.0 -9999.0 -9999.0 -9999.0 -9999.0 -9999.0 -9999.0 -9999.0 -9999.0 -9999.0 -9999.0 -9999.0 -9999.0 -9999.0 -9999.0 -9999.0 -9999.0 -9999.0 -9999.0 -9999.0 -9999.0 -9999.0 -9999.0 -9999.0 -9999.0 -9999.0 -9999.0 -9999.0 -9999.0 -9999.0 -9999.0 -9999.0 -9999.0 -9999.0 -9999.0 -9999.0 -9999.0 -9999.0 -9999.0 -9999.0 -9999.0 -9999.0 -9999.0 -9999.0 -9999.0 -9999.0 -9999.0 -9999.0 -9999.0 -9999.0 -9999.0 -9999.0 -9999.0 -9999.0 -9999.0 -9999.0 -9999.0 -9999.0 -9999.0 -9999.0 -9999.0 -9999.0 -9999.0 -9999.0 -9999.0 -9999.0 -9999.0 -9999.0 -9999.0 -9999.0 -9999.0 -9999.0 -9999.0 -9999.0 -9999.0 -9999.0 -9999.0 -9999.0 -9999.0 -9999.0 -9999.0 -9999.0 -9999.0 -9999.0 -9999.0 -9999.0 -9999.0 -9999.0 -9999.0 -9999.0 -9999.0 -9999.0 -9999.0 -9999.0 -9999.0 -9999.0 -9999.0 -9999.0 -9999.0 -9999.0 -9999.0 -9999.0
-9999.0 -9999.0 -9999.0 -9999.0 -9999.0 -9999.0 -9999.0 -9999.0 -9999.0 -9999.0 -9999.0 -9999.0 -9999.0 -9999.0 -9999.0 -9999.0 -9999.0 -9999.0 -9999.0 -9999.0 -9999.0 -9999.0 -9999.0 -9999.0 -9999.0 -9999.0 -9999.0 -9999.0 -9999.0 -9999.0 -9999.0 -9999.0 -9999.0 -9999.0 -9999.0 -9999.0 -9999.0 -9999.0 -9999.0 -9999.0 -9999.0 -9999.0 -9999.0 -9999.0 -9999.0 -9999.0 -9999.0 -9999.0 -9999.0 -9999.0 -9999.0 -9999.0 -9999.0 -9999.0 -9999.0 -9999.0 -9999.0 -9999.0 -9999.0 -9999.0 -9999.0 -9999.0 -9999.0 -9999.0 -9999.0 -9999.0 -9999.0 -9999.0 -9999.0 -9999.0 -9999.0 -9999.0 -9999.0 -9999.0 -9999.0 -9999.0 -9999.0 -9999.0 -9999.0 -9999.0 -9999.0 -9999.0 -9999.0 -9999.0 -9999.0 -9999.0 -9999.0 -9999.0 -9999.0 -9999.0 -9999.0 -9999.0 -9999.0 -9999.0 -9999.0 -9999.0 -9999.0 -9999.0 -9999.0 -9999.0 -9999.0 -9999.0 -9999.0 -9999.0
-9999.0 -9999.0 0.056978 0.054650 0.054113 0.053994 0.054019 0.054224 0.054858 0.055898 0.053861 0.053060 0.052515 0.051791 0.051235 0.051579 0.051767 0.051822 0.051804 0.051743 0.051660 0.051567 0.051473 0.098885 0.099495 0.099762 0.099889 0.078414 0.084985 0.086208 0.083954 0.080017 0.075343 0.070726 0.066877 0.064222 0.062664 0.061862 0.061529 0.061678 0.062849 0.064778 0.083405 0.040245 0.035083 0.035079 0.035079 0.035079 0.035079 0.035079 0.035079 0.035079 0.035079 0.035079 0.035079 0.035079 0.035079 0.035079 0.035079 0.035080 0.036893 0.079959 0.059254 0.055342 0.054285 0.054018 0.053949 0.053932 0.053927 0.053926 0.053926 0.053926 0.053926 0.053926 0.053926 0.053926 0.053926 0.053926 0.053926 0.053926 0.053926 0.053926 0.053926 0.053926 0.053926 0.053926 0.053926 0.053926 0.053926 0.053926 0.053926 0.053926 0.053926 0.053926 0.053925 0.053923 0.053917 0.053894 0.053811 0.053527 0.052626 0.050042 -9999.0 -9999.0
-9999.0 -9999.0 0.056978 0.054650 0.054113 0.053994 0.054019 0.054224 0.054858 0.055898 0.053861 0.053060 0.052515 0.051791 0.051235 0.051579 0.051767 0.051822 0.051804 0.051743 0.051660 0.051567 0.051473 0.098885 0.099495 0.099762 0.099889 0.078414 0.084985 0.086208 0.083954 0.080017 0.075343 0.070726 0.066877 0.064222 0.062664 0.061862 0.061529 0.061678 0.062849 0.064778 0.083405 0.040245 0.035083 0.035079 0.035079 0.035079 0.035079 0.035079 0.035079 0.035079 0.035079 0.035079 0.035079 0.035079 0.035079 0.035079 0.035079 0.035080 0.036893 0.079959 0.059254 0.055342 0.054285 0.054018 0.053949 0.053932 0.053927 0.053926 0.053926 0.053926 0.053926 0.053926 0.053926 0.053926 0.053926 0.053926 0.053926 0.053926 0.053926 0.053926 0.053926 0.053926 0.053926 0.053926 0.053926 0.053926 0.053926 0.053926 0.053926 0.053926 0.053926 0.053926 0.053925 0.053923 0.053917 0.053894 0.053811 0.053527 0.052626 0.050042 -9999.0 -9999.0
-9999.0 -9999.0 0.056978 0.054650 0.054113 0.053994 0.054019 0.054224 0.054858 0.055898 0.053861 0.053060 0.052515 0.051791 0.051235 0.051579 0.051767 0.051822 0.051804 0.051743 0.051660 0.051567 0.051473 0.098885 0.099495 0.099762 0.099889 0.078414 0.084985 0.086208 0.083954 0.080017 0.075343 0.070726 0.066877 0.064222 0.062664 0.061862 0.061529 0.061678 0.062849 0.064778 0.083405 0.040245 0.035083 0.035079 0.035079 0.035079 0.035079 0.035079 0.035079 0.035079 0.035079 0.035079 0.035079 0.035079 0.035079 0.035079 0.035079 0.035080 0.036893 0.079959 0.059254 0.055342 0.054285 0.054018 0.053949 0.053932 0.053927 0.053926 0.053926 0.053926 0.053926 0.053926 0.053926 0.053926 0.053926 0.053926 0.053926 0.053926 0.053926 0.053926 0.053926 0.053926 0.053926 0.053926 0.053926 0.053926 0.053926 0.053926 0.053926 0.053926 0.053926 0.053926 0.053925 0.053923 0.053917 0.053894 0.053811 0.053527 0.052626 0.050042 -9999.0 -9999.0
-9999.0 -9999.0 0.056978 0.054650 0.054113 0.053994 0.054019 0.054224 0.054858 0.055898 0.053861 0.053060 0.052515 0.051791 0.051235 0.051579 0.051767 0.051822 0.051804 0.051743 0.051660 0.051567 0.051473 0.098885 0.099495 0.099762 0.099889 0.078414 0.084985 0.086208 0.083954 0.080017 0.075343 0.070726 0.066877 0.064222 0.062664 0.061862 0.061529 0.061678 0.062849 0.064778 0.083405 0.040245 0.035083 0.035079 0.035079 0.035079 0.035079 0.035079 0.035079 0.035079 0.035079 0.035079 0.035079 0.035079 0.035079 0.035079 0.035079 0.035080 0.036893 0.079959 0.059254 0.055342 0.054285 0.054018 0.053949 0.053932 0.053927 0.053926 0.053926 0.053926 0.053926 0.053926 0.053926 0.053926 0.053926 0.053926 0.053926 0.053926 0.053926 0.053926 0.053926 0.053926 0.053926 0.053926 0.053926 0.053926 0.053926 0.053926 0.053926 0.053926 0.053926 0.053926 0.053925 0.053923 0.053917 0.053894 0.053811 0.053527 0.052626 0.050042 -9999.0 -9999.0
-9999.0 -9999.0 0.056978 0.054650 0.054113 0.053994 0.054019 0.054224 0.054858 0.055898 0.053861 0.053060 0.052515 0.051791 0.051235 0.051579 0.051767 0.051822 0.051804 0.051743 0.051660 0.051567 0.051473 0.098885 0.099495 0.099762 0.099889 0.078414 0.084985 0.086208 0.083954 0.080017 0.075343 0.070726 0.066877 0.064222 0.062664 0.061862 0.061529 0.061678 0.062849 0.064778 0.083405 0.040245 0.035083 0.035079 0.035079 0.035079 0.035079 0.035079 0.035079 0.035079 0.035079 0.035079 0.035079 0.035079 0.035079 0.035079 0.035079 0.035080 0.036893 0.079959 0.059254 0.055342 0.054285 0.054018 0.053949 0.053932 0.053927 0.053926 0.053926 0.053926 0.053926 0.053926 0.053926 0.053926 0.053926 0.053926 0.053926 0.053926 0.053926 0.053926 0.053926 0.053926 0.053926 0.053926 0.053926 0.053926 0.053926 0.053926 0.053926 0.053926 0.053926 0.053926 0.053925 0.053923 0.053917 0.053894 0.053811 0.053527 0.052626 0.050042 -9999.0 -9999.0
-9999.0 -9999.0 0.056978 0.054650 0.054113 0.053994 0.054019 0.054224 0.054858 0.055898 0.053861 0.053060 0.052515 0.051791 0.051235 0.051579 0.051767 0.051822 0.051804 0.051743 0.051660 0.051567 0.051473 0.098885 0.099495 0.099762 0.099889 0.078414 0.084985 0.086208 0.083954 0.080017 0.075343 0.070726 0.066877 0.064222 0.062664 0.061862 0.061529 0.061678 0.062849 0.064778 0.083405 0.040245 0.035083 0.035079 0.035079 0.035079 0.035079 0.035079 0.035079 0.035079 0.035079 0.035079 0.035079 0.035079 0.035079 0.035079 0.035079 0.035080 0.036893 0.079959 0.059254 0.055342 0.054285 0.054018 0.053949 0.053932 0.053927 0.053926 0.053926 0.053926 0.053926 0.053926 0.053926 0.053926 0.053926 0.053926 0.053926 0.053926 0.053926 0.053926 0.053926 0.053926 0.053926 0.053926 0.053926 0.053926 0.053926 0.053926 0.053926 0.053926 0.053926 0.053926 0.053925 0.053923 0.053917 0.053894 0.053811 0.053527 0.052626 0.050042 -9999.0 -9999.0
-9999.0 -9999.0 -9999.0 -9999.0 -9999.0 -9999.0 -9999.0 -9999.0 -9999.0 -9999.0 -9999.0 -9999.0 -9999.0 -9999.0 -9999.0 -9999.0 -9999.0 -9999.0 -9999.0 -9999.0 -9999.0 -9999.0 -9999.0 -9999.0 -9999.0 -9999.0 -9999.0 -9999.0 -9999.0 -9999.0 -9999.0 -9999.0 -9999.0 -9999.0 -9999.0 -9999.0 -9999.0 -9999.0 -9999.0 -9999.0 -9999.0 -9999.0 -9999.0 -9999.0 -9999.0 -9999.0 -9999.0 -9999.0 -9999.0 -9999.0 -9999.0 -9999.0 -9999.0 -9999.0 -9999.0 -9999.0 -9999.0 -9999.0 -9999.0 -9999.0 -9999.0 -9999.0 -9999.0 -9999.0 -9999.0 -9999.0 -9999.0 -9999.0 -9999.0 -9999.0 -9999.0 -9999.0 -9999.0 -9999.0 -9999.0 -9999.0 -9999.0 -9999.0 -9999.0 -9999.0 -9999.0 -9999.0 -9999.0 -9999.0 -9999.0 -9999.0 -9999.0 -9999.0 -9999.0 -9999.0 -9999.0 -9999.0 -9999.0 -9999.0 -9999.0 -9999.0 -9999.0 -9999.0 -9999.0 -9999.0 -9999.0 -9999.0 -9999.0 -9999.0
-9999.0 -9999.0 -9999.0 -9999.0 -9999.0 -9999.0 -9999.0 -9999.0 -9999.0 -9999.0 -9999.0 -9999.0 -9999.0 -9999.0 -9999.0 -9999.0 -9999.0 -9999.0 -9999.0 -9999.0 -9999.0 -9999.0 -9999.0 -9999.0 -9999.0 -9999.0 -9999.0 -9999.0 -9999.0 -9999.0 -9999.0 -9999.0 -9999.0 -9999.0 -9999.0 -9999.0 -9999.0 -9999.0 -9999.0 -9999.0 -9999.0 -9999.0 -9999.0 -9999.0 -9999.0 -9999.0 -9999.0 -9999.0 -9999.0 -9999.0 -9999.0 -9999.0 -9999.0 -9999.0 -9999.0 -9999.0 -9999.0 -9999.0 -9999.0 -9999.0 -9999.0 -9999.0 -9999.0 -9999.0 -9999.0 -9999.0 -9999.0 -9999.0 -9999.0 -9999.0 -9999.0 -9999.0 -9999.0 -9999.0 -9999.0 -9999.0 -9999.0 -9999.0 -9999.0 -9999.0 -9999.0 -9999.0 -9999.0 -9999.0 -9999.0 -9999.0 -9999.0 -9999.0 -9999.0 -9999.0 -9999.0 -9999.0 -9999.0 -9999.0 -9999.0 -9999.0 -9999.0 -9999.0 -9999.0 -9999.0 -9999.0 -9999.0 -9999.0 -9999.0