examples/3D/hillslope02_superslab/output-maps-SE27XX/thetaliqL0063N0003.asc
ncols         104
nrows         10
xllcorner     -2.000000
yllcorner     0.000000
cellsize      1.000000
NODATA_value  -9999.0
-9999.0 -9999.0 -9999.0 -9999.0 -9999.0 -9999.0 -9999.0 -9999.0 -9999.0 -9999.0 -9999.0 -9999.0 -9999.0 -9999.0 -9999.0 -9999.0 -9999.0 -9999.0 -9999.0 -9999.0 -9999.0 -9999.0 -9999.0 -9999.0 -9999.0 -9999.0 -9999.0 -9999.0 -9999.0 -9999.0 -9999.0 -9999.0 -9999.0 -9999.0 -9999.0 -9999.0 -9999.0 -9999.0 -9999.0 -9999.0 -9999.0 -9999.0 -9999.0 -9999.0 -9999.0 -9999.0 -9999.0 -9999.0 -9999.0 -9999.0 -9999.0 -9999.0 -9999.0 -9999.0 -9999.0 -9999.0 -9999.0 -9999.0 -9999.0 -9999.0 -9999.0 -9999.0 -9999.0 -9999.0 -9999.0 -9999.0 -9999.0 -9999.0 -9999.0 -9999.0 -9999.0 -9999.0 -9999.0 -9999.0 -9999.0 -9999.0 -9999.0 -9999.0 -9999.0 -9999.0 -9999.0 -9999.0 -9999.0 -9999.0 -9999.0 -9999.0 -9999.0 -9999.0 -9999.0 -9999.0 -9999.0 -9999.0 -9999.0 -9999.0 -9999.0 -9999.0 -9999.0 -9999.0 -9999.0 -9999.0 -9999.0 -9999.0 -9999.0 -9999.0
-9999.0 -9999.0 -9999.0 -9999.0 -9999.0 -9999.0 -9999.0 -9999.0 -9999.0 -9999.0 -9999.0 -9999.0 -9999.0 -9999.0 -9999.0 -9999.0 -9999.0 -9999.0 -9999.0 -9999.0 -9999.0 -9999.0 -9999.0 -9999.0 -9999.0 -9999.0 -9999.0 -9999.0 -9999.0 -9999.0 -9999.0 -9999.0 -9999.0 -9999.0 -9999.0 -9999.0 -9999.0 -9999.0 -9999.0 -9999.0 -9999.0 -9999.0 -9999.0 -9999.0 -9999.0 -9999.0 -9999.0 -9999.0 -9999.0 -9999.0 -9999.0 -9999.0 -9999.0 -9999.0 -9999.0 -9999.0 -9999.0 -9999.0 -9999.0 -9999.0 -9999.0 -9999.0 -9999.0 -9999.0 -9999.0 -9999.0 -9999.0 -9999.0 -9999.0 -9999.0 -9999.0 -9999.0 -9999.0 -9999.0 -9999.0 -9999.0 -9999.0 -9999.0 -9999.0 -9999.0 -9999.0 -9999.0 -9999.0 -9999.0 -9999.0 -9999.0 -9999.0 -9999.0 -9999.0 -9999.0 -9999.0 -9999.0 -9999.0 -9999.0 -9999.0 -9999.0 -9999.0 -9999.0 -9999.0 -9999.0 -9999.0 -9999.0 -9999.0 -9999.0
-9999.0 -9999.0 0.100000 0.100000 0.100000 0.100000 0.100000 0.100000 0.100000 0.100000 0.100000 0.100000 0.100000 0.100000 0.100000 0.100000 0.100000 0.100000 0.100000 0.100000 0.100000 0.100000 0.100000 0.100000 0.100000 0.100000 0.100000 0.100000 0.100000 0.099528 0.094268 0.086055 0.077848 0.070892 0.065393 0.061187 0.058023 0.055650 0.053852 0.052449 0.051259 0.097469 0.097549 0.097175 0.096387 0.045936 0.043485 0.041199 0.038795 0.035859 0.031811 0.027892 0.030328 0.029858 0.029627 0.029576 0.029658 0.029854 0.030470 0.034381 0.039580 0.042697 0.044584 0.045026 0.045062 0.045051 0.045039 0.045026 0.045011 0.044994 0.044976 0.044957 0.044937 0.044917 0.044896 0.044877 0.044857 0.044839 0.044822 0.044806 0.044792 0.044779 0.044767 0.044757 0.044748 0.044740 0.044734 0.044728 0.044724 0.044720 0.044717 0.044714 0.044713 0.044711 0.044710 0.044709 0.044707 0.044703 0.044689 0.044641 0.044460 0.043753 -9999.0 -9999.0
-9999.0 -9999.0 0.100000 0.100000 0.100000 0.100000 0.100000 0.100000 0.100000 0.100000 0.100000 0.100000 0.100000 0.100000 0.100000 0.100000 0.100000 0.100000 0.100000 0.100000 0.100000 0.100000 0.100000 0.100000 0.100000 0.100000 0.100000 0.100000 0.100000 0.099528 0.094268 0.086055 0.077848 0.070892 0.065393 0.061187 0.058023 0.055650 0.053852 0.052449 0.051259 0.097469 0.097549 0.097175 0.096387 0.045936 0.043485 0.041199 0.038795 0.035859 0.031811 0.027892 0.030328 0.029858 0.029627 0.029576 0.029658 0.029854 0.030470 0.034381 0.039580 0.042697 0.044584 0.045026 0.045062 0.045051 0.045039 0.045026 0.045011 0.044994 0.044976 0.044957 0.044937 0.044917 0.044896 0.044877 0.044857 0.044839 0.044822 0.044806 0.044792 0.044779 0.044767 0.044757 0.044748 0.044740 0.044734 0.044728 0.044724 0.044720 0.044717 0.044714 0.044713 0.044711 0.044710 0.044709 0.044707 0.044703 0.044689 0.044641 0.044460 0.043753 -9999.0 -9999.0
-9999.0 -9999.0 0.100000 0.100000 0.100000 0.100000 0.100000 0.100000 0.100000 0.100000 0.100000 0.100000 0.100000 0.100000 0.100000 0.100000 0.100000 0.100000 0.100000 0.100000 0.100000 0.100000 0.100000 0.100000 0.100000 0.100000 0.100000 0.100000 0.100000 0.099528 0.094268 0.086055 0.077848 0.070892 0.065393 0.061187 0.058023 0.055650 0.053852 0.052449 0.051259 0.097469 0.097549 0.097175 0.096387 0.045936 0.043485 0.041199 0.038795 0.035859 0.031811 0.027892 0.030328 0.029858 0.029627 0.029576 0.029658 0.029854 0.030470 0.034381 0.039580 0.042697 0.044584 0.045026 0.045062 0.045051 0.045039 0.045026 0.045011 0.044994 0.044976 0.044957 0.044937 0.044917 0.044896 0.044877 0.044857 0.044839 0.044822 0.044806 0.044792 0.044779 0.044767 0.044757 0.044748 0.044740 0.044734 0.044728 0.044724 0.044720 0.044717 0.044714 0.044713 0.044711 0.044710 0.044709 0.044707 0.044703 0.044689 0.044641 0.044460 0.043753 -9999.0 -9999.0
-9999.0 -9999.0 0.100000 0.100000 0.100000 0.100000 0.100000 0.100000 0.100000 0.100000 0.100000 0.100000 0.100000 0.100000 0.100000 0.100000 0.100000 0.100000 0.100000 0.100000 0.100000 0.100000 0.100000 0.100000 0.100000 0.100000 0.100000 0.100000 0.100000 0.099528 0.094268 0.086055 0.077848 0.070892 0.065393 0.061187 0.058023 0.055650 0.053852 0.052449 0.051259 0.097469 0.097549 0.097175 0.096387 0.045936 0.043485 0.041199 0.038795 0.035859 0.031811 0.027892 0.030328 0.029858 0.029627 0.029576 0.029658 0.029854 0.030470 0.034381 0.039580 0.042697 0.044584 0.045026 0.045062 0.045051 0.045039 0.045026 0.045011 0.044994 0.044976 0.044957 0.044937 0.044917 0.044896 0.044877 0.044857 0.044839 0.044822 0.044806 0.044792 0.044779 0.044767 0.044757 0.044748 0.044740 0.044734 0.044728 0.044724 0.044720 0.044717 0.044714 0.044713 0.044711 0.044710 0.044709 0.044707 0.044703 0.044689 0.044641 0.044460 0.043753 -9999.0 -9999.0
-9999.0 -9999.0 0.100000 0.100000 0.100000 0.100000 0.100000 0.100000 0.100000 0.100000 0.100000 0.100000 0.100000 0.100000 0.100000 0.100000 0.100000 0.100000 0.100000 0.100000 0.100000 0.100000 0.100000 0.100000 0.100000 0.100000 0.100000 0.100000 0.100000 0.099528 0.094268 0.086055 0.077848 0.070892 0.065393 0.061187 0.058023 0.055650 0.053852 0.052449 0.051259 0.097469 0.097549 0.097175 0.096387 0.045936 0.043485 0.041199 0.038795 0.035859 0.031811 0.027892 0.030328 0.029858 0.029627 0.029576 0.029658 0.029854 0.030470 0.034381 0.039580 0.042697 0.044584 0.045026 0.045062 0.045051 0.045039 0.045026 0.045011 0.044994 0.044976 0.044957 0.044937 0.044917 0.044896 0.044877 0.044857 0.044839 0.044822 0.044806 0.044792 0.044779 0.044767 0.044757 0.044748 0.044740 0.044734 0.044728 0.044724 0.044720 0.044717 0.044714 0.044713 0.044711 0.044710 0.044709 0.044707 0.044703 0.044689 0.044641 0.044460 0.043753 -9999.0 -9999.0
-9999.0 -9999.0 0.100000 0.100000 0.100000 0.100000 0.100000 0.100000 0.100000 0.100000 0.100000 0.100000 0.100000 0.100000 0.100000 0.100000 0.100000 0.100000 0.100000 0.100000 0.100000 0.100000 0.100000 0.100000 0.100000 0.100000 0.100000 0.100000 0.100000 0.099528 0.094268 0.086055 0.077848 0.070892 0.065393 0.061187 0.058023 0.055650 0.053852 0.052449 0.051259 0.097469 0.097549 0.097175 0.096387 0.045936 0.043485 0.041199 0.038795 0.035859 0.031811 0.027892 0.030328 0.029858 0.029627 0.029576 0.029658 0.029854 0.030470 0.034381 0.039580 0.042697 0.044584 0.045026 0.045062 0.045051 0.045039 0.045026 0.045011 0.044994 0.044976 0.044957 0.044937 0.044917 0.044896 0.044877 0.044857 0.044839 0.044822 0.044806 0.044792 0.044779 0.044767 0.044757 0.044748 0.044740 0.044734 0.044728 0.044724 0.044720 0.044717 0.044714 0.044713 0.044711 0.044710 0.044709 0.044707 0.044703 0.044689 0.044641 0.044460 0.043753 -9999.0 -9999.0
-9999.0 -9999.0 -9999.0 -9999.0 -9999.0 -9999.0 -9999.0 -9999.0 -9999.0 -9999.0 -9999.0 -9999.0 -9999.0 -9999.0 -9999.0 -9999.0 -9999.0 -9999.0 -9999.0 -9999.0 -9999.0 -9999.0 -9999.0 -9999.0 -9999.0 -9999.0 -9999.0 -9999.0 -9999.0 -9999.0 -9999.0 -9999.0 -9999.0 -9999.0 -9999.0 -9999.0 -9999.0 -9999.0 -9999.0 -9999.0 -9999.0 -9999.0 -9999.0 -9999.0 -9999.0 -9999.0 -9999.0 -9999.0 -9999.0 -9999.0 -9999.0 -9999.0 -9999.0 -9999.0 -9999.0 -9999.0 -9999.0 -9999.0 -9999.0 -9999.0 -9999.0 -9999.0 -9999.0 -9999.0 -9999.0 -9999.0 -9999.0 -9999.0 -9999.0 -9999.0 -9999.0 -9999.0 -9999.0 -9999.0 -9999.0 -9999.0 -9999.0 -9999.0 -9999.0 -9999.0 -9999.0 -9999.0 -9999.0 -9999.0 -9999.0 -9999.0 -9999.0 -9999.0 -9999.0 -9999.0 -9999.0 -9999.0 -9999.0 -9999.0 -9999.0 -9999.0 -9999.0 -9999.0 -9999.0 -9999.0 -9999.0 -9999.0 -9999.0 -9999.0
-9999.0 -9999.0 -9999.0 -9999.0 -9999.0 -9999.0 -9999.0 -9999.0 -9999.0 -9999.0 -9999.0 -9999.0 -9999.0 -9999.0 -9999.0 -9999.0 -9999.0 -9999.0 -9999.0 -9999.0 -9999.0 -9999.0 -9999.0 -9999.0 -9999.0 -9999.0 -9999.0 -9999.0 -9999.0 -9999.0 -9999.0 -9999.0 -9999.0 -9999.0 -9999.0 -9999.0 -9999.0 -9999.0 -9999.0 -9999.0 -9999.0 -9999.0 -9999.0 -9999.0 -9999.0 -9999.0 -9999.0 -9999.0 -9999.0 -9999.0 -9999.0 -9999.0 -9999.0 -9999.0 -9999.0 -9999.0 -9999.0 -9999.0 -9999.0 -9999.0 -9999.0 -9999.0 -9999.0 -9999.0 -9999.0 -9999.0 -9999.0 -9999.0 -9999.0 -9999.0 -9999.0 -9999.0 -9999.0 -9999.0 -9999.0 -9999.0 -9999.0 -9999.0 -9999.0 -9999.0 -9999.0 -9999.0 -9999.0 -9999.0 -9999.0 -9999.0 -9999.0 -9999.0 -9999.0 -9999.0 -9999.0 -9999.0 -9999.0 -9999.0 -9999.0 -9999.0 -9999.0 -9999.0 -9999.0 -9999.0 -9999.0 -9999.0 -9999.0 -9999.0