examples/3D/hillslope02_superslab/output-maps-SE27XX/thetaliqL0019N0001.asc
ncols         104
nrows         10
xllcorner     -2.000000
yllcorner     0.000000
cellsize      1.000000
NODATA_value  -9999.0
-9999.0 -9999.0 -9999.0 -9999.0 -9999.0 -9999.0 -9999.0 -9999.0 -9999.0 -9999.0 -9999.0 -9999.0 -9999.0 -9999.0 -9999.0 -9999.0 -9999.0 -9999.0 -9999.0 -9999.0 -9999.0 -9999.0 -9999.0 -9999.0 -9999.0 -9999.0 -9999.0 -9999.0 -9999.0 -9999.0 -9999.0 -9999.0 -9999.0 -9999.0 -9999.0 -9999.0 -9999.0 -9999.0 -9999.0 -9999.0 -9999.0 -9999.0 -9999.0 -9999.0 -9999.0 -9999.0 -9999.0 -9999.0 -9999.0 -9999.0 -9999.0 -9999.0 -9999.0 -9999.0 -9999.0 -9999.0 -9999.0 -9999.0 -9999.0 -9999.0 -9999.0 -9999.0 -9999.0 -9999.0 -9999.0 -9999.0 -9999.0 -9999.0 -9999.0 -9999.0 -9999.0 -9999.0 -9999.0 -9999.0 -9999.0 -9999.0 -9999.0 -9999.0 -9999.0 -9999.0 -9999.0 -9999.0 -9999.0 -9999.0 -9999.0 -9999.0 -9999.0 -9999.0 -9999.0 -9999.0 -9999.0 -9999.0 -9999.0 -9999.0 -9999.0 -9999.0 -9999.0 -9999.0 -9999.0 -9999.0 -9999.0 -9999.0 -9999.0 -9999.0
-9999.0 -9999.0 -9999.0 -9999.0 -9999.0 -9999.0 -9999.0 -9999.0 -9999.0 -9999.0 -9999.0 -9999.0 -9999.0 -9999.0 -9999.0 -9999.0 -9999.0 -9999.0 -9999.0 -9999.0 -9999.0 -9999.0 -9999.0 -9999.0 -9999.0 -9999.0 -9999.0 -9999.0 -9999.0 -9999.0 -9999.0 -9999.0 -9999.0 -9999.0 -9999.0 -9999.0 -9999.0 -9999.0 -9999.0 -9999.0 -9999.0 -9999.0 -9999.0 -9999.0 -9999.0 -9999.0 -9999.0 -9999.0 -9999.0 -9999.0 -9999.0 -9999.0 -9999.0 -9999.0 -9999.0 -9999.0 -9999.0 -9999.0 -9999.0 -9999.0 -9999.0 -9999.0 -9999.0 -9999.0 -9999.0 -9999.0 -9999.0 -9999.0 -9999.0 -9999.0 -9999.0 -9999.0 -9999.0 -9999.0 -9999.0 -9999.0 -9999.0 -9999.0 -9999.0 -9999.0 -9999.0 -9999.0 -9999.0 -9999.0 -9999.0 -9999.0 -9999.0 -9999.0 -9999.0 -9999.0 -9999.0 -9999.0 -9999.0 -9999.0 -9999.0 -9999.0 -9999.0 -9999.0 -9999.0 -9999.0 -9999.0 -9999.0 -9999.0 -9999.0
-9999.0 -9999.0 0.056831 0.054615 0.054106 0.053991 0.054009 0.054190 0.054811 0.056075 0.053903 0.053185 0.052778 0.052306 0.052040 0.052317 0.052446 0.052482 0.052456 0.098625 0.099575 0.099896 0.099985 0.099355 0.080124 0.064137 0.057432 0.055215 0.055390 0.055912 0.056322 0.057318 0.058907 0.060324 0.061155 0.061479 0.061518 0.061441 0.061377 0.061568 0.062728 0.065323 0.037598 0.034257 0.034257 0.034257 0.034257 0.034257 0.034257 0.034257 0.034257 0.034257 0.034257 0.034257 0.034257 0.034257 0.034257 0.034257 0.034257 0.034257 0.034257 0.037468 0.059471 0.055296 0.054270 0.054016 0.053951 0.053934 0.053930 0.053929 0.053928 0.053928 0.053928 0.053928 0.053928 0.053928 0.053928 0.053928 0.053928 0.053928 0.053928 0.053928 0.053928 0.053928 0.053928 0.053928 0.053928 0.053928 0.053928 0.053928 0.053928 0.053928 0.053928 0.053928 0.053928 0.053926 0.053921 0.053902 0.053831 0.053583 0.052780 0.050466 -9999.0 -9999.0
-9999.0 -9999.0 0.056831 0.054615 0.054106 0.053991 0.054009 0.054190 0.054811 0.056075 0.053903 0.053185 0.052778 0.052306 0.052040 0.052317 0.052446 0.052482 0.052456 0.098625 0.099575 0.099896 0.099985 0.099355 0.080124 0.064137 0.057432 0.055215 0.055390 0.055912 0.056322 0.057318 0.058907 0.060324 0.061155 0.061479 0.061518 0.061441 0.061377 0.061568 0.062728 0.065323 0.037598 0.034257 0.034257 0.034257 0.034257 0.034257 0.034257 0.034257 0.034257 0.034257 0.034257 0.034257 0.034257 0.034257 0.034257 0.034257 0.034257 0.034257 0.034257 0.037468 0.059471 0.055296 0.054270 0.054016 0.053951 0.053934 0.053930 0.053929 0.053928 0.053928 0.053928 0.053928 0.053928 0.053928 0.053928 0.053928 0.053928 0.053928 0.053928 0.053928 0.053928 0.053928 0.053928 0.053928 0.053928 0.053928 0.053928 0.053928 0.053928 0.053928 0.053928 0.053928 0.053928 0.053926 0.053921 0.053902 0.053831 0.053583 0.052780 0.050466 -9999.0 -9999.0
-9999.0 -9999.0 0.056831 0.054615 0.054106 0.053991 0.054009 0.054190 0.054811 0.056075 0.053903 0.053185 0.052778 0.052306 0.052040 0.052317 0.052446 0.052482 0.052456 0.098625 0.099575 0.099896 0.099985 0.099355 0.080124 0.064137 0.057432 0.055215 0.055390 0.055912 0.056322 0.057318 0.058907 0.060324 0.061155 0.061479 0.061518 0.061441 0.061377 0.061568 0.062728 0.065323 0.037598 0.034257 0.034257 0.034257 0.034257 0.034257 0.034257 0.034257 0.034257 0.034257 0.034257 0.034257 0.034257 0.034257 0.034257 0.034257 0.034257 0.034257 0.034257 0.037468 0.059471 0.055296 0.054270 0.054016 0.053951 0.053934 0.053930 0.053929 0.053928 0.053928 0.053928 0.053928 0.053928 0.053928 0.053928 0.053928 0.053928 0.053928 0.053928 0.053928 0.053928 0.053928 0.053928 0.053928 0.053928 0.053928 0.053928 0.053928 0.053928 0.053928 0.053928 0.053928 0.053928 0.053926 0.053921 0.053902 0.053831 0.053583 0.052780 0.050466 -9999.0 -9999.0
-9999.0 -9999.0 0.056831 0.054615 0.054106 0.053991 0.054009 0.054190 0.054811 0.056075 0.053903 0.053185 0.052778 0.052306 0.052040 0.052317 0.052446 0.052482 0.052456 0.098625 0.099575 0.099896 0.099985 0.099355 0.080124 0.064137 0.057432 0.055215 0.055390 0.055912 0.056322 0.057318 0.058907 0.060324 0.061155 0.061479 0.061518 0.061441 0.061377 0.061568 0.062728 0.065323 0.037598 0.034257 0.034257 0.034257 0.034257 0.034257 0.034257 0.034257 0.034257 0.034257 0.034257 0.034257 0.034257 0.034257 0.034257 0.034257 0.034257 0.034257 0.034257 0.037468 0.059471 0.055296 0.054270 0.054016 0.053951 0.053934 0.053930 0.053929 0.053928 0.053928 0.053928 0.053928 0.053928 0.053928 0.053928 0.053928 0.053928 0.053928 0.053928 0.053928 0.053928 0.053928 0.053928 0.053928 0.053928 0.053928 0.053928 0.053928 0.053928 0.053928 0.053928 0.053928 0.053928 0.053926 0.053921 0.053902 0.053831 0.053583 0.052780 0.050466 -9999.0 -9999.0
-9999.0 -9999.0 0.056831 0.054615 0.054106 0.053991 0.054009 0.054190 0.054811 0.056075 0.053903 0.053185 0.052778 0.052306 0.052040 0.052317 0.052446 0.052482 0.052456 0.098625 0.099575 0.099896 0.099985 0.099355 0.080124 0.064137 0.057432 0.055215 0.055390 0.055912 0.056322 0.057318 0.058907 0.060324 0.061155 0.061479 0.061518 0.061441 0.061377 0.061568 0.062728 0.065323 0.037598 0.034257 0.034257 0.034257 0.034257 0.034257 0.034257 0.034257 0.034257 0.034257 0.034257 0.034257 0.034257 0.034257 0.034257 0.034257 0.034257 0.034257 0.034257 0.037468 0.059471 0.055296 0.054270 0.054016 0.053951 0.053934 0.053930 0.053929 0.053928 0.053928 0.053928 0.053928 0.053928 0.053928 0.053928 0.053928 0.053928 0.053928 0.053928 0.053928 0.053928 0.053928 0.053928 0.053928 0.053928 0.053928 0.053928 0.053928 0.053928 0.053928 0.053928 0.053928 0.053928 0.053926 0.053921 0.053902 0.053831 0.053583 0.052780 0.050466 -9999.0 -9999.0
-9999.0 -9999.0 0.056831 0.054615 0.054106 0.053991 0.054009 0.054190 0.054811 0.056075 0.053903 0.053185 0.052778 0.052306 0.052040 0.052317 0.052446 0.052482 0.052456 0.098625 0.099575 0.099896 0.099985 0.099355 0.080124 0.064137 0.057432 0.055215 0.055390 0.055912 0.056322 0.057318 0.058907 0.060324 0.061155 0.061479 0.061518 0.061441 0.061377 0.061568 0.062728 0.065323 0.037598 0.034257 0.034257 0.034257 0.034257 0.034257 0.034257 0.034257 0.034257 0.034257 0.034257 0.034257 0.034257 0.034257 0.034257 0.034257 0.034257 0.034257 0.034257 0.037468 0.059471 0.055296 0.054270 0.054016 0.053951 0.053934 0.053930 0.053929 0.053928 0.053928 0.053928 0.053928 0.053928 0.053928 0.053928 0.053928 0.053928 0.053928 0.053928 0.053928 0.053928 0.053928 0.053928 0.053928 0.053928 0.053928 0.053928 0.053928 0.053928 0.053928 0.053928 0.053928 0.053928 0.053926 0.053921 0.053902 0.053831 0.053583 0.052780 0.050466 -9999.0 -9999.0
-9999.0 -9999.0 -9999.0 -9999.0 -9999.0 -9999.0 -9999.0 -9999.0 -9999.0 -9999.0 -9999.0 -9999.0 -9999.0 -9999.0 -9999.0 -9999.0 -9999.0 -9999.0 -9999.0 -9999.0 -9999.0 -9999.0 -9999.0 -9999.0 -9999.0 -9999.0 -9999.0 -9999.0 -9999.0 -9999.0 -9999.0 -9999.0 -9999.0 -9999.0 -9999.0 -9999.0 -9999.0 -9999.0 -9999.0 -9999.0 -9999.0 -9999.0 -9999.0 -9999.0 -9999.0 -9999.0 -9999.0 -9999.0 -9999.0 -9999.0 -9999.0 -9999.0 -9999.0 -9999.0 -9999.0 -9999.0 -9999.0 -9999.0 -9999.0 -9999.0 -9999.0 -9999.0 -9999.0 -9999.0 -9999.0 -9999.0 -9999.0 -9999.0 -9999.0 -9999.0 -9999.0 -9999.0 -9999.0 -9999.0 -9999.0 -9999.0 -9999.0 -9999.0 -9999.0 -9999.0 -9999.0 -9999.0 -9999.0 -9999.0 -9999.0 -9999.0 -9999.0 -9999.0 -9999.0 -9999.0 -9999.0 -9999.0 -9999.0 -9999.0 -9999.0 -9999.0 -9999.0 -9999.0 -9999.0 -9999.0 -9999.0 -9999.0 -9999.0 -9999.0
-9999.0 -9999.0 -9999.0 -9999.0 -9999.0 -9999.0 -9999.0 -9999.0 -9999.0 -9999.0 -9999.0 -9999.0 -9999.0 -9999.0 -9999.0 -9999.0 -9999.0 -9999.0 -9999.0 -9999.0 -9999.0 -9999.0 -9999.0 -9999.0 -9999.0 -9999.0 -9999.0 -9999.0 -9999.0 -9999.0 -9999.0 -9999.0 -9999.0 -9999.0 -9999.0 -9999.0 -9999.0 -9999.0 -9999.0 -9999.0 -9999.0 -9999.0 -9999.0 -9999.0 -9999.0 -9999.0 -9999.0 -9999.0 -9999.0 -9999.0 -9999.0 -9999.0 -9999.0 -9999.0 -9999.0 -9999.0 -9999.0 -9999.0 -9999.0 -9999.0 -9999.0 -9999.0 -9999.0 -9999.0 -9999.0 -9999.0 -9999.0 -9999.0 -9999.0 -9999.0 -9999.0 -9999.0 -9999.0 -9999.0 -9999.0 -9999.0 -9999.0 -9999.0 -9999.0 -9999.0 -9999.0 -9999.0 -9999.0 -9999.0 -9999.0 -9999.0 -9999.0 -9999.0 -9999.0 -9999.0 -9999.0 -9999.0 -9999.0 -9999.0 -9999.0 -9999.0 -9999.0 -9999.0 -9999.0 -9999.0 -9999.0 -9999.0 -9999.0 -9999.0