examples/3D/hillslope02_superslab/output-maps-SE27XX/thetaliqL0034N0002.asc
ncols         104
nrows         10
xllcorner     -2.000000
yllcorner     0.000000
cellsize      1.000000
NODATA_value  -9999.0
-9999.0 -9999.0 -9999.0 -9999.0 -9999.0 -9999.0 -9999.0 -9999.0 -9999.0 -9999.0 -9999.0 -9999.0 -9999.0 -9999.0 -9999.0 -9999.0 -9999.0 -9999.0 -9999.0 -9999.0 -9999.0 -9999.0 -9999.0 -9999.0 -9999.0 -9999.0 -9999.0 -9999.0 -9999.0 -9999.0 -9999.0 -9999.0 -9999.0 -9999.0 -9999.0 -9999.0 -9999.0 -9999.0 -9999.0 -9999.0 -9999.0 -9999.0 -9999.0 -9999.0 -9999.0 -9999.0 -9999.0 -9999.0 -9999.0 -9999.0 -9999.0 -9999.0 -9999.0 -9999.0 -9999.0 -9999.0 -9999.0 -9999.0 -9999.0 -9999.0 -9999.0 -9999.0 -9999.0 -9999.0 -9999.0 -9999.0 -9999.0 -9999.0 -9999.0 -9999.0 -9999.0 -9999.0 -9999.0 -9999.0 -9999.0 -9999.0 -9999.0 -9999.0 -9999.0 -9999.0 -9999.0 -9999.0 -9999.0 -9999.0 -9999.0 -9999.0 -9999.0 -9999.0 -9999.0 -9999.0 -9999.0 -9999.0 -9999.0 -9999.0 -9999.0 -9999.0 -9999.0 -9999.0 -9999.0 -9999.0 -9999.0 -9999.0 -9999.0 -9999.0
-9999.0 -9999.0 -9999.0 -9999.0 -9999.0 -9999.0 -9999.0 -9999.0 -9999.0 -9999.0 -9999.0 -9999.0 -9999.0 -9999.0 -9999.0 -9999.0 -9999.0 -9999.0 -9999.0 -9999.0 -9999.0 -9999.0 -9999.0 -9999.0 -9999.0 -9999.0 -9999.0 -9999.0 -9999.0 -9999.0 -9999.0 -9999.0 -9999.0 -9999.0 -9999.0 -9999.0 -9999.0 -9999.0 -9999.0 -9999.0 -9999.0 -9999.0 -9999.0 -9999.0 -9999.0 -9999.0 -9999.0 -9999.0 -9999.0 -9999.0 -9999.0 -9999.0 -9999.0 -9999.0 -9999.0 -9999.0 -9999.0 -9999.0 -9999.0 -9999.0 -9999.0 -9999.0 -9999.0 -9999.0 -9999.0 -9999.0 -9999.0 -9999.0 -9999.0 -9999.0 -9999.0 -9999.0 -9999.0 -9999.0 -9999.0 -9999.0 -9999.0 -9999.0 -9999.0 -9999.0 -9999.0 -9999.0 -9999.0 -9999.0 -9999.0 -9999.0 -9999.0 -9999.0 -9999.0 -9999.0 -9999.0 -9999.0 -9999.0 -9999.0 -9999.0 -9999.0 -9999.0 -9999.0 -9999.0 -9999.0 -9999.0 -9999.0 -9999.0 -9999.0
-9999.0 -9999.0 0.057144 0.054703 0.054168 0.054153 0.054496 0.055357 0.056807 0.058205 0.055300 0.054004 0.053178 0.052467 0.052329 0.052921 0.053343 0.053633 0.053864 0.054064 0.054245 0.054413 0.054573 0.054730 0.054888 0.055048 0.055217 0.099886 0.100000 0.100000 0.100000 0.100000 0.100000 0.100000 0.100000 0.100000 0.100000 0.100000 0.095469 0.076413 0.066798 0.064690 0.046612 0.035964 0.027322 0.024065 0.024045 0.024045 0.024045 0.024045 0.024045 0.024045 0.024045 0.024045 0.024045 0.024045 0.024045 0.024045 0.024053 0.025839 0.034759 0.045114 0.058455 0.055388 0.054306 0.054025 0.053953 0.053935 0.053930 0.053929 0.053929 0.053929 0.053929 0.053929 0.053929 0.053929 0.053929 0.053929 0.053929 0.053929 0.053929 0.053929 0.053929 0.053929 0.053929 0.053929 0.053929 0.053929 0.053929 0.053929 0.053929 0.053929 0.053929 0.053928 0.053928 0.053926 0.053918 0.053891 0.053797 0.053487 0.052569 0.050184 -9999.0 -9999.0
-9999.0 -9999.0 0.057144 0.054703 0.054168 0.054153 0.054496 0.055357 0.056807 0.058205 0.055300 0.054004 0.053178 0.052467 0.052329 0.052921 0.053343 0.053633 0.053864 0.054064 0.054245 0.054413 0.054573 0.054730 0.054888 0.055048 0.055217 0.099886 0.100000 0.100000 0.100000 0.100000 0.100000 0.100000 0.100000 0.100000 0.100000 0.100000 0.095469 0.076413 0.066798 0.064690 0.046612 0.035964 0.027322 0.024065 0.024045 0.024045 0.024045 0.024045 0.024045 0.024045 0.024045 0.024045 0.024045 0.024045 0.024045 0.024045 0.024053 0.025839 0.034759 0.045114 0.058455 0.055388 0.054306 0.054025 0.053953 0.053935 0.053930 0.053929 0.053929 0.053929 0.053929 0.053929 0.053929 0.053929 0.053929 0.053929 0.053929 0.053929 0.053929 0.053929 0.053929 0.053929 0.053929 0.053929 0.053929 0.053929 0.053929 0.053929 0.053929 0.053929 0.053929 0.053928 0.053928 0.053926 0.053918 0.053891 0.053797 0.053487 0.052569 0.050184 -9999.0 -9999.0
-9999.0 -9999.0 0.057144 0.054703 0.054168 0.054153 0.054496 0.055357 0.056807 0.058205 0.055300 0.054004 0.053178 0.052467 0.052329 0.052921 0.053343 0.053633 0.053864 0.054064 0.054245 0.054413 0.054573 0.054730 0.054888 0.055048 0.055217 0.099886 0.100000 0.100000 0.100000 0.100000 0.100000 0.100000 0.100000 0.100000 0.100000 0.100000 0.095469 0.076413 0.066798 0.064690 0.046612 0.035964 0.027322 0.024065 0.024045 0.024045 0.024045 0.024045 0.024045 0.024045 0.024045 0.024045 0.024045 0.024045 0.024045 0.024045 0.024053 0.025839 0.034759 0.045114 0.058455 0.055388 0.054306 0.054025 0.053953 0.053935 0.053930 0.053929 0.053929 0.053929 0.053929 0.053929 0.053929 0.053929 0.053929 0.053929 0.053929 0.053929 0.053929 0.053929 0.053929 0.053929 0.053929 0.053929 0.053929 0.053929 0.053929 0.053929 0.053929 0.053929 0.053929 0.053928 0.053928 0.053926 0.053918 0.053891 0.053797 0.053487 0.052569 0.050184 -9999.0 -9999.0
-9999.0 -9999.0 0.057144 0.054703 0.054168 0.054153 0.054496 0.055357 0.056807 0.058205 0.055300 0.054004 0.053178 0.052467 0.052329 0.052921 0.053343 0.053633 0.053864 0.054064 0.054245 0.054413 0.054573 0.054730 0.054888 0.055048 0.055217 0.099886 0.100000 0.100000 0.100000 0.100000 0.100000 0.100000 0.100000 0.100000 0.100000 0.100000 0.095469 0.076413 0.066798 0.064690 0.046612 0.035964 0.027322 0.024065 0.024045 0.024045 0.024045 0.024045 0.024045 0.024045 0.024045 0.024045 0.024045 0.024045 0.024045 0.024045 0.024053 0.025839 0.034759 0.045114 0.058455 0.055388 0.054306 0.054025 0.053953 0.053935 0.053930 0.053929 0.053929 0.053929 0.053929 0.053929 0.053929 0.053929 0.053929 0.053929 0.053929 0.053929 0.053929 0.053929 0.053929 0.053929 0.053929 0.053929 0.053929 0.053929 0.053929 0.053929 0.053929 0.053929 0.053929 0.053928 0.053928 0.053926 0.053918 0.053891 0.053797 0.053487 0.052569 0.050184 -9999.0 -9999.0
-9999.0 -9999.0 0.057144 0.054703 0.054168 0.054153 0.054496 0.055357 0.056807 0.058205 0.055300 0.054004 0.053178 0.052467 0.052329 0.052921 0.053343 0.053633 0.053864 0.054064 0.054245 0.054413 0.054573 0.054730 0.054888 0.055048 0.055217 0.099886 0.100000 0.100000 0.100000 0.100000 0.100000 0.100000 0.100000 0.100000 0.100000 0.100000 0.095469 0.076413 0.066798 0.064690 0.046612 0.035964 0.027322 0.024065 0.024045 0.024045 0.024045 0.024045 0.024045 0.024045 0.024045 0.024045 0.024045 0.024045 0.024045 0.024045 0.024053 0.025839 0.034759 0.045114 0.058455 0.055388 0.054306 0.054025 0.053953 0.053935 0.053930 0.053929 0.053929 0.053929 0.053929 0.053929 0.053929 0.053929 0.053929 0.053929 0.053929 0.053929 0.053929 0.053929 0.053929 0.053929 0.053929 0.053929 0.053929 0.053929 0.053929 0.053929 0.053929 0.053929 0.053929 0.053928 0.053928 0.053926 0.053918 0.053891 0.053797 0.053487 0.052569 0.050184 -9999.0 -9999.0
-9999.0 -9999.0 0.057144 0.054703 0.054168 0.054153 0.054496 0.055357 0.056807 0.058205 0.055300 0.054004 0.053178 0.052467 0.052329 0.052921 0.053343 0.053633 0.053864 0.054064 0.054245 0.054413 0.054573 0.054730 0.054888 0.055048 0.055217 0.099886 0.100000 0.100000 0.100000 0.100000 0.100000 0.100000 0.100000 0.100000 0.100000 0.100000 0.095469 0.076413 0.066798 0.064690 0.046612 0.035964 0.027322 0.024065 0.024045 0.024045 0.024045 0.024045 0.024045 0.024045 0.024045 0.024045 0.024045 0.024045 0.024045 0.024045 0.024053 0.025839 0.034759 0.045114 0.058455 0.055388 0.054306 0.054025 0.053953 0.053935 0.053930 0.053929 0.053929 0.053929 0.053929 0.053929 0.053929 0.053929 0.053929 0.053929 0.053929 0.053929 0.053929 0.053929 0.053929 0.053929 0.053929 0.053929 0.053929 0.053929 0.053929 0.053929 0.053929 0.053929 0.053929 0.053928 0.053928 0.053926 0.053918 0.053891 0.053797 0.053487 0.052569 0.050184 -9999.0 -9999.0
-9999.0 -9999.0 -9999.0 -9999.0 -9999.0 -9999.0 -9999.0 -9999.0 -9999.0 -9999.0 -9999.0 -9999.0 -9999.0 -9999.0 -9999.0 -9999.0 -9999.0 -9999.0 -9999.0 -9999.0 -9999.0 -9999.0 -9999.0 -9999.0 -9999.0 -9999.0 -9999.0 -9999.0 -9999.0 -9999.0 -9999.0 -9999.0 -9999.0 -9999.0 -9999.0 -9999.0 -9999.0 -9999.0 -9999.0 -9999.0 -9999.0 -9999.0 -9999.0 -9999.0 -9999.0 -9999.0 -9999.0 -9999.0 -9999.0 -9999.0 -9999.0 -9999.0 -9999.0 -9999.0 -9999.0 -9999.0 -9999.0 -9999.0 -9999.0 -9999.0 -9999.0 -9999.0 -9999.0 -9999.0 -9999.0 -9999.0 -9999.0 -9999.0 -9999.0 -9999.0 -9999.0 -9999.0 -9999.0 -9999.0 -9999.0 -9999.0 -9999.0 -9999.0 -9999.0 -9999.0 -9999.0 -9999.0 -9999.0 -9999.0 -9999.0 -9999.0 -9999.0 -9999.0 -9999.0 -9999.0 -9999.0 -9999.0 -9999.0 -9999.0 -9999.0 -9999.0 -9999.0 -9999.0 -9999.0 -9999.0 -9999.0 -9999.0 -9999.0 -9999.0
-9999.0 -9999.0 -9999.0 -9999.0 -9999.0 -9999.0 -9999.0 -9999.0 -9999.0 -9999.0 -9999.0 -9999.0 -9999.0 -9999.0 -9999.0 -9999.0 -9999.0 -9999.0 -9999.0 -9999.0 -9999.0 -9999.0 -9999.0 -9999.0 -9999.0 -9999.0 -9999.0 -9999.0 -9999.0 -9999.0 -9999.0 -9999.0 -9999.0 -9999.0 -9999.0 -9999.0 -9999.0 -9999.0 -9999.0 -9999.0 -9999.0 -9999.0 -9999.0 -9999.0 -9999.0 -9999.0 -9999.0 -9999.0 -9999.0 -9999.0 -9999.0 -9999.0 -9999.0 -9999.0 -9999.0 -9999.0 -9999.0 -9999.0 -9999.0 -9999.0 -9999.0 -9999.0 -9999.0 -9999.0 -9999.0 -9999.0 -9999.0 -9999.0 -9999.0 -9999.0 -9999.0 -9999.0 -9999.0 -9999.0 -9999.0 -9999.0 -9999.0 -9999.0 -9999.0 -9999.0 -9999.0 -9999.0 -9999.0 -9999.0 -9999.0 -9999.0 -9999.0 -9999.0 -9999.0 -9999.0 -9999.0 -9999.0 -9999.0 -9999.0 -9999.0 -9999.0 -9999.0 -9999.0 -9999.0 -9999.0 -9999.0 -9999.0 -9999.0 -9999.0