examples/3D/hillslope02_superslab/output-maps-SE27XX/thetaliqL0018N0003.asc
ncols         104
nrows         10
xllcorner     -2.000000
yllcorner     0.000000
cellsize      1.000000
NODATA_value  -9999.0
-9999.0 -9999.0 -9999.0 -9999.0 -9999.0 -9999.0 -9999.0 -9999.0 -9999.0 -9999.0 -9999.0 -9999.0 -9999.0 -9999.0 -9999.0 -9999.0 -9999.0 -9999.0 -9999.0 -9999.0 -9999.0 -9999.0 -9999.0 -9999.0 -9999.0 -9999.0 -9999.0 -9999.0 -9999.0 -9999.0 -9999.0 -9999.0 -9999.0 -9999.0 -9999.0 -9999.0 -9999.0 -9999.0 -9999.0 -9999.0 -9999.0 -9999.0 -9999.0 -9999.0 -9999.0 -9999.0 -9999.0 -9999.0 -9999.0 -9999.0 -9999.0 -9999.0 -9999.0 -9999.0 -9999.0 -9999.0 -9999.0 -9999.0 -9999.0 -9999.0 -9999.0 -9999.0 -9999.0 -9999.0 -9999.0 -9999.0 -9999.0 -9999.0 -9999.0 -9999.0 -9999.0 -9999.0 -9999.0 -9999.0 -9999.0 -9999.0 -9999.0 -9999.0 -9999.0 -9999.0 -9999.0 -9999.0 -9999.0 -9999.0 -9999.0 -9999.0 -9999.0 -9999.0 -9999.0 -9999.0 -9999.0 -9999.0 -9999.0 -9999.0 -9999.0 -9999.0 -9999.0 -9999.0 -9999.0 -9999.0 -9999.0 -9999.0 -9999.0 -9999.0
-9999.0 -9999.0 -9999.0 -9999.0 -9999.0 -9999.0 -9999.0 -9999.0 -9999.0 -9999.0 -9999.0 -9999.0 -9999.0 -9999.0 -9999.0 -9999.0 -9999.0 -9999.0 -9999.0 -9999.0 -9999.0 -9999.0 -9999.0 -9999.0 -9999.0 -9999.0 -9999.0 -9999.0 -9999.0 -9999.0 -9999.0 -9999.0 -9999.0 -9999.0 -9999.0 -9999.0 -9999.0 -9999.0 -9999.0 -9999.0 -9999.0 -9999.0 -9999.0 -9999.0 -9999.0 -9999.0 -9999.0 -9999.0 -9999.0 -9999.0 -9999.0 -9999.0 -9999.0 -9999.0 -9999.0 -9999.0 -9999.0 -9999.0 -9999.0 -9999.0 -9999.0 -9999.0 -9999.0 -9999.0 -9999.0 -9999.0 -9999.0 -9999.0 -9999.0 -9999.0 -9999.0 -9999.0 -9999.0 -9999.0 -9999.0 -9999.0 -9999.0 -9999.0 -9999.0 -9999.0 -9999.0 -9999.0 -9999.0 -9999.0 -9999.0 -9999.0 -9999.0 -9999.0 -9999.0 -9999.0 -9999.0 -9999.0 -9999.0 -9999.0 -9999.0 -9999.0 -9999.0 -9999.0 -9999.0 -9999.0 -9999.0 -9999.0 -9999.0 -9999.0
-9999.0 -9999.0 0.060275 0.050764 0.044455 0.040717 0.039134 0.038601 0.038427 0.038384 0.038464 0.038654 0.038932 0.039384 0.040035 0.040696 0.041310 0.041838 0.042261 0.091929 0.091748 0.091655 0.091542 0.042086 0.042110 0.041813 0.041338 0.040785 0.040227 0.039725 0.039311 0.038998 0.038775 0.038622 0.038519 0.038453 0.038413 0.038390 0.038377 0.038366 0.038293 0.037397 0.042820 0.034159 0.034156 0.034156 0.034156 0.034156 0.034156 0.034156 0.034156 0.034156 0.034156 0.034156 0.034156 0.034156 0.034156 0.034156 0.034156 0.034156 0.034159 0.043142 0.037759 0.038267 0.038274 0.038269 0.038268 0.038267 0.038267 0.038267 0.038267 0.038267 0.038267 0.038267 0.038267 0.038267 0.038267 0.038267 0.038267 0.038267 0.038267 0.038267 0.038267 0.038267 0.038267 0.038267 0.038267 0.038267 0.038267 0.038267 0.038267 0.038267 0.038267 0.038267 0.038267 0.038267 0.038267 0.038266 0.038263 0.038252 0.038204 0.037938 -9999.0 -9999.0
-9999.0 -9999.0 0.060275 0.050764 0.044455 0.040717 0.039134 0.038601 0.038427 0.038384 0.038464 0.038654 0.038932 0.039384 0.040035 0.040696 0.041310 0.041838 0.042261 0.091929 0.091748 0.091655 0.091542 0.042086 0.042110 0.041813 0.041338 0.040785 0.040227 0.039725 0.039311 0.038998 0.038775 0.038622 0.038519 0.038453 0.038413 0.038390 0.038377 0.038366 0.038293 0.037397 0.042820 0.034159 0.034156 0.034156 0.034156 0.034156 0.034156 0.034156 0.034156 0.034156 0.034156 0.034156 0.034156 0.034156 0.034156 0.034156 0.034156 0.034156 0.034159 0.043142 0.037759 0.038267 0.038274 0.038269 0.038268 0.038267 0.038267 0.038267 0.038267 0.038267 0.038267 0.038267 0.038267 0.038267 0.038267 0.038267 0.038267 0.038267 0.038267 0.038267 0.038267 0.038267 0.038267 0.038267 0.038267 0.038267 0.038267 0.038267 0.038267 0.038267 0.038267 0.038267 0.038267 0.038267 0.038267 0.038266 0.038263 0.038252 0.038204 0.037938 -9999.0 -9999.0
-9999.0 -9999.0 0.060275 0.050764 0.044455 0.040717 0.039134 0.038601 0.038427 0.038384 0.038464 0.038654 0.038932 0.039384 0.040035 0.040696 0.041310 0.041838 0.042261 0.091929 0.091748 0.091655 0.091542 0.042086 0.042110 0.041813 0.041338 0.040785 0.040227 0.039725 0.039311 0.038998 0.038775 0.038622 0.038519 0.038453 0.038413 0.038390 0.038377 0.038366 0.038293 0.037397 0.042820 0.034159 0.034156 0.034156 0.034156 0.034156 0.034156 0.034156 0.034156 0.034156 0.034156 0.034156 0.034156 0.034156 0.034156 0.034156 0.034156 0.034156 0.034159 0.043142 0.037759 0.038267 0.038274 0.038269 0.038268 0.038267 0.038267 0.038267 0.038267 0.038267 0.038267 0.038267 0.038267 0.038267 0.038267 0.038267 0.038267 0.038267 0.038267 0.038267 0.038267 0.038267 0.038267 0.038267 0.038267 0.038267 0.038267 0.038267 0.038267 0.038267 0.038267 0.038267 0.038267 0.038267 0.038267 0.038266 0.038263 0.038252 0.038204 0.037938 -9999.0 -9999.0
-9999.0 -9999.0 0.060275 0.050764 0.044455 0.040717 0.039134 0.038601 0.038427 0.038384 0.038464 0.038654 0.038932 0.039384 0.040035 0.040696 0.041310 0.041838 0.042261 0.091929 0.091748 0.091655 0.091542 0.042086 0.042110 0.041813 0.041338 0.040785 0.040227 0.039725 0.039311 0.038998 0.038775 0.038622 0.038519 0.038453 0.038413 0.038390 0.038377 0.038366 0.038293 0.037397 0.042820 0.034159 0.034156 0.034156 0.034156 0.034156 0.034156 0.034156 0.034156 0.034156 0.034156 0.034156 0.034156 0.034156 0.034156 0.034156 0.034156 0.034156 0.034159 0.043142 0.037759 0.038267 0.038274 0.038269 0.038268 0.038267 0.038267 0.038267 0.038267 0.038267 0.038267 0.038267 0.038267 0.038267 0.038267 0.038267 0.038267 0.038267 0.038267 0.038267 0.038267 0.038267 0.038267 0.038267 0.038267 0.038267 0.038267 0.038267 0.038267 0.038267 0.038267 0.038267 0.038267 0.038267 0.038267 0.038266 0.038263 0.038252 0.038204 0.037938 -9999.0 -9999.0
-9999.0 -9999.0 0.060275 0.050764 0.044455 0.040717 0.039134 0.038601 0.038427 0.038384 0.038464 0.038654 0.038932 0.039384 0.040035 0.040696 0.041310 0.041838 0.042261 0.091929 0.091748 0.091655 0.091542 0.042086 0.042110 0.041813 0.041338 0.040785 0.040227 0.039725 0.039311 0.038998 0.038775 0.038622 0.038519 0.038453 0.038413 0.038390 0.038377 0.038366 0.038293 0.037397 0.042820 0.034159 0.034156 0.034156 0.034156 0.034156 0.034156 0.034156 0.034156 0.034156 0.034156 0.034156 0.034156 0.034156 0.034156 0.034156 0.034156 0.034156 0.034159 0.043142 0.037759 0.038267 0.038274 0.038269 0.038268 0.038267 0.038267 0.038267 0.038267 0.038267 0.038267 0.038267 0.038267 0.038267 0.038267 0.038267 0.038267 0.038267 0.038267 0.038267 0.038267 0.038267 0.038267 0.038267 0.038267 0.038267 0.038267 0.038267 0.038267 0.038267 0.038267 0.038267 0.038267 0.038267 0.038267 0.038266 0.038263 0.038252 0.038204 0.037938 -9999.0 -9999.0
-9999.0 -9999.0 0.060275 0.050764 0.044455 0.040717 0.039134 0.038601 0.038427 0.038384 0.038464 0.038654 0.038932 0.039384 0.040035 0.040696 0.041310 0.041838 0.042261 0.091929 0.091748 0.091655 0.091542 0.042086 0.042110 0.041813 0.041338 0.040785 0.040227 0.039725 0.039311 0.038998 0.038775 0.038622 0.038519 0.038453 0.038413 0.038390 0.038377 0.038366 0.038293 0.037397 0.042820 0.034159 0.034156 0.034156 0.034156 0.034156 0.034156 0.034156 0.034156 0.034156 0.034156 0.034156 0.034156 0.034156 0.034156 0.034156 0.034156 0.034156 0.034159 0.043142 0.037759 0.038267 0.038274 0.038269 0.038268 0.038267 0.038267 0.038267 0.038267 0.038267 0.038267 0.038267 0.038267 0.038267 0.038267 0.038267 0.038267 0.038267 0.038267 0.038267 0.038267 0.038267 0.038267 0.038267 0.038267 0.038267 0.038267 0.038267 0.038267 0.038267 0.038267 0.038267 0.038267 0.038267 0.038267 0.038266 0.038263 0.038252 0.038204 0.037938 -9999.0 -9999.0
-9999.0 -9999.0 -9999.0 -9999.0 -9999.0 -9999.0 -9999.0 -9999.0 -9999.0 -9999.0 -9999.0 -9999.0 -9999.0 -9999.0 -9999.0 -9999.0 -9999.0 -9999.0 -9999.0 -9999.0 -9999.0 -9999.0 -9999.0 -9999.0 -9999.0 -9999.0 -9999.0 -9999.0 -9999.0 -9999.0 -9999.0 -9999.0 -9999.0 -9999.0 -9999.0 -9999.0 -9999.0 -9999.0 -9999.0 -9999.0 -9999.0 -9999.0 -9999.0 -9999.0 -9999.0 -9999.0 -9999.0 -9999.0 -9999.0 -9999.0 -9999.0 -9999.0 -9999.0 -9999.0 -9999.0 -9999.0 -9999.0 -9999.0 -9999.0 -9999.0 -9999.0 -9999.0 -9999.0 -9999.0 -9999.0 -9999.0 -9999.0 -9999.0 -9999.0 -9999.0 -9999.0 -9999.0 -9999.0 -9999.0 -9999.0 -9999.0 -9999.0 -9999.0 -9999.0 -9999.0 -9999.0 -9999.0 -9999.0 -9999.0 -9999.0 -9999.0 -9999.0 -9999.0 -9999.0 -9999.0 -9999.0 -9999.0 -9999.0 -9999.0 -9999.0 -9999.0 -9999.0 -9999.0 -9999.0 -9999.0 -9999.0 -9999.0 -9999.0 -9999.0
-9999.0 -9999.0 -9999.0 -9999.0 -9999.0 -9999.0 -9999.0 -9999.0 -9999.0 -9999.0 -9999.0 -9999.0 -9999.0 -9999.0 -9999.0 -9999.0 -9999.0 -9999.0 -9999.0 -9999.0 -9999.0 -9999.0 -9999.0 -9999.0 -9999.0 -9999.0 -9999.0 -9999.0 -9999.0 -9999.0 -9999.0 -9999.0 -9999.0 -9999.0 -9999.0 -9999.0 -9999.0 -9999.0 -9999.0 -9999.0 -9999.0 -9999.0 -9999.0 -9999.0 -9999.0 -9999.0 -9999.0 -9999.0 -9999.0 -9999.0 -9999.0 -9999.0 -9999.0 -9999.0 -9999.0 -9999.0 -9999.0 -9999.0 -9999.0 -9999.0 -9999.0 -9999.0 -9999.0 -9999.0 -9999.0 -9999.0 -9999.0 -9999.0 -9999.0 -9999.0 -9999.0 -9999.0 -9999.0 -9999.0 -9999.0 -9999.0 -9999.0 -9999.0 -9999.0 -9999.0 -9999.0 -9999.0 -9999.0 -9999.0 -9999.0 -9999.0 -9999.0 -9999.0 -9999.0 -9999.0 -9999.0 -9999.0 -9999.0 -9999.0 -9999.0 -9999.0 -9999.0 -9999.0 -9999.0 -9999.0 -9999.0 -9999.0 -9999.0 -9999.0