examples/3D/hillslope02_superslab/output-maps-SE27XX/thetaliqL0062N0003.asc
ncols         104
nrows         10
xllcorner     -2.000000
yllcorner     0.000000
cellsize      1.000000
NODATA_value  -9999.0
-9999.0 -9999.0 -9999.0 -9999.0 -9999.0 -9999.0 -9999.0 -9999.0 -9999.0 -9999.0 -9999.0 -9999.0 -9999.0 -9999.0 -9999.0 -9999.0 -9999.0 -9999.0 -9999.0 -9999.0 -9999.0 -9999.0 -9999.0 -9999.0 -9999.0 -9999.0 -9999.0 -9999.0 -9999.0 -9999.0 -9999.0 -9999.0 -9999.0 -9999.0 -9999.0 -9999.0 -9999.0 -9999.0 -9999.0 -9999.0 -9999.0 -9999.0 -9999.0 -9999.0 -9999.0 -9999.0 -9999.0 -9999.0 -9999.0 -9999.0 -9999.0 -9999.0 -9999.0 -9999.0 -9999.0 -9999.0 -9999.0 -9999.0 -9999.0 -9999.0 -9999.0 -9999.0 -9999.0 -9999.0 -9999.0 -9999.0 -9999.0 -9999.0 -9999.0 -9999.0 -9999.0 -9999.0 -9999.0 -9999.0 -9999.0 -9999.0 -9999.0 -9999.0 -9999.0 -9999.0 -9999.0 -9999.0 -9999.0 -9999.0 -9999.0 -9999.0 -9999.0 -9999.0 -9999.0 -9999.0 -9999.0 -9999.0 -9999.0 -9999.0 -9999.0 -9999.0 -9999.0 -9999.0 -9999.0 -9999.0 -9999.0 -9999.0 -9999.0 -9999.0
-9999.0 -9999.0 -9999.0 -9999.0 -9999.0 -9999.0 -9999.0 -9999.0 -9999.0 -9999.0 -9999.0 -9999.0 -9999.0 -9999.0 -9999.0 -9999.0 -9999.0 -9999.0 -9999.0 -9999.0 -9999.0 -9999.0 -9999.0 -9999.0 -9999.0 -9999.0 -9999.0 -9999.0 -9999.0 -9999.0 -9999.0 -9999.0 -9999.0 -9999.0 -9999.0 -9999.0 -9999.0 -9999.0 -9999.0 -9999.0 -9999.0 -9999.0 -9999.0 -9999.0 -9999.0 -9999.0 -9999.0 -9999.0 -9999.0 -9999.0 -9999.0 -9999.0 -9999.0 -9999.0 -9999.0 -9999.0 -9999.0 -9999.0 -9999.0 -9999.0 -9999.0 -9999.0 -9999.0 -9999.0 -9999.0 -9999.0 -9999.0 -9999.0 -9999.0 -9999.0 -9999.0 -9999.0 -9999.0 -9999.0 -9999.0 -9999.0 -9999.0 -9999.0 -9999.0 -9999.0 -9999.0 -9999.0 -9999.0 -9999.0 -9999.0 -9999.0 -9999.0 -9999.0 -9999.0 -9999.0 -9999.0 -9999.0 -9999.0 -9999.0 -9999.0 -9999.0 -9999.0 -9999.0 -9999.0 -9999.0 -9999.0 -9999.0 -9999.0 -9999.0
-9999.0 -9999.0 0.100000 0.100000 0.100000 0.100000 0.100000 0.100000 0.100000 0.100000 0.100000 0.100000 0.100000 0.100000 0.100000 0.100000 0.100000 0.100000 0.100000 0.100000 0.100000 0.100000 0.100000 0.100000 0.100000 0.100000 0.100000 0.100000 0.099544 0.094113 0.085634 0.077250 0.070230 0.064749 0.060606 0.057525 0.055247 0.053550 0.052258 0.051225 0.050302 0.097630 0.097498 0.096923 0.095898 0.044711 0.042444 0.040286 0.037965 0.035048 0.030926 0.027310 0.028404 0.028116 0.028003 0.028010 0.028109 0.028296 0.028964 0.033587 0.039200 0.042418 0.044368 0.044820 0.044858 0.044850 0.044841 0.044832 0.044822 0.044810 0.044798 0.044784 0.044770 0.044756 0.044741 0.044727 0.044714 0.044701 0.044689 0.044677 0.044667 0.044658 0.044650 0.044642 0.044636 0.044630 0.044626 0.044622 0.044618 0.044616 0.044614 0.044612 0.044610 0.044609 0.044608 0.044607 0.044606 0.044602 0.044589 0.044542 0.044365 0.043668 -9999.0 -9999.0
-9999.0 -9999.0 0.100000 0.100000 0.100000 0.100000 0.100000 0.100000 0.100000 0.100000 0.100000 0.100000 0.100000 0.100000 0.100000 0.100000 0.100000 0.100000 0.100000 0.100000 0.100000 0.100000 0.100000 0.100000 0.100000 0.100000 0.100000 0.100000 0.099544 0.094113 0.085634 0.077250 0.070230 0.064749 0.060606 0.057525 0.055247 0.053550 0.052258 0.051225 0.050302 0.097630 0.097498 0.096923 0.095898 0.044711 0.042444 0.040286 0.037965 0.035048 0.030926 0.027310 0.028404 0.028116 0.028003 0.028010 0.028109 0.028296 0.028964 0.033587 0.039200 0.042418 0.044368 0.044820 0.044858 0.044850 0.044841 0.044832 0.044822 0.044810 0.044798 0.044784 0.044770 0.044756 0.044741 0.044727 0.044714 0.044701 0.044689 0.044677 0.044667 0.044658 0.044650 0.044642 0.044636 0.044630 0.044626 0.044622 0.044618 0.044616 0.044614 0.044612 0.044610 0.044609 0.044608 0.044607 0.044606 0.044602 0.044589 0.044542 0.044365 0.043668 -9999.0 -9999.0
-9999.0 -9999.0 0.100000 0.100000 0.100000 0.100000 0.100000 0.100000 0.100000 0.100000 0.100000 0.100000 0.100000 0.100000 0.100000 0.100000 0.100000 0.100000 0.100000 0.100000 0.100000 0.100000 0.100000 0.100000 0.100000 0.100000 0.100000 0.100000 0.099544 0.094113 0.085634 0.077250 0.070230 0.064749 0.060606 0.057525 0.055247 0.053550 0.052258 0.051225 0.050302 0.097630 0.097498 0.096923 0.095898 0.044711 0.042444 0.040286 0.037965 0.035048 0.030926 0.027310 0.028404 0.028116 0.028003 0.028010 0.028109 0.028296 0.028964 0.033587 0.039200 0.042418 0.044368 0.044820 0.044858 0.044850 0.044841 0.044832 0.044822 0.044810 0.044798 0.044784 0.044770 0.044756 0.044741 0.044727 0.044714 0.044701 0.044689 0.044677 0.044667 0.044658 0.044650 0.044642 0.044636 0.044630 0.044626 0.044622 0.044618 0.044616 0.044614 0.044612 0.044610 0.044609 0.044608 0.044607 0.044606 0.044602 0.044589 0.044542 0.044365 0.043668 -9999.0 -9999.0
-9999.0 -9999.0 0.100000 0.100000 0.100000 0.100000 0.100000 0.100000 0.100000 0.100000 0.100000 0.100000 0.100000 0.100000 0.100000 0.100000 0.100000 0.100000 0.100000 0.100000 0.100000 0.100000 0.100000 0.100000 0.100000 0.100000 0.100000 0.100000 0.099544 0.094113 0.085634 0.077250 0.070230 0.064749 0.060606 0.057525 0.055247 0.053550 0.052258 0.051225 0.050302 0.097630 0.097498 0.096923 0.095898 0.044711 0.042444 0.040286 0.037965 0.035048 0.030926 0.027310 0.028404 0.028116 0.028003 0.028010 0.028109 0.028296 0.028964 0.033587 0.039200 0.042418 0.044368 0.044820 0.044858 0.044850 0.044841 0.044832 0.044822 0.044810 0.044798 0.044784 0.044770 0.044756 0.044741 0.044727 0.044714 0.044701 0.044689 0.044677 0.044667 0.044658 0.044650 0.044642 0.044636 0.044630 0.044626 0.044622 0.044618 0.044616 0.044614 0.044612 0.044610 0.044609 0.044608 0.044607 0.044606 0.044602 0.044589 0.044542 0.044365 0.043668 -9999.0 -9999.0
-9999.0 -9999.0 0.100000 0.100000 0.100000 0.100000 0.100000 0.100000 0.100000 0.100000 0.100000 0.100000 0.100000 0.100000 0.100000 0.100000 0.100000 0.100000 0.100000 0.100000 0.100000 0.100000 0.100000 0.100000 0.100000 0.100000 0.100000 0.100000 0.099544 0.094113 0.085634 0.077250 0.070230 0.064749 0.060606 0.057525 0.055247 0.053550 0.052258 0.051225 0.050302 0.097630 0.097498 0.096923 0.095898 0.044711 0.042444 0.040286 0.037965 0.035048 0.030926 0.027310 0.028404 0.028116 0.028003 0.028010 0.028109 0.028296 0.028964 0.033587 0.039200 0.042418 0.044368 0.044820 0.044858 0.044850 0.044841 0.044832 0.044822 0.044810 0.044798 0.044784 0.044770 0.044756 0.044741 0.044727 0.044714 0.044701 0.044689 0.044677 0.044667 0.044658 0.044650 0.044642 0.044636 0.044630 0.044626 0.044622 0.044618 0.044616 0.044614 0.044612 0.044610 0.044609 0.044608 0.044607 0.044606 0.044602 0.044589 0.044542 0.044365 0.043668 -9999.0 -9999.0
-9999.0 -9999.0 0.100000 0.100000 0.100000 0.100000 0.100000 0.100000 0.100000 0.100000 0.100000 0.100000 0.100000 0.100000 0.100000 0.100000 0.100000 0.100000 0.100000 0.100000 0.100000 0.100000 0.100000 0.100000 0.100000 0.100000 0.100000 0.100000 0.099544 0.094113 0.085634 0.077250 0.070230 0.064749 0.060606 0.057525 0.055247 0.053550 0.052258 0.051225 0.050302 0.097630 0.097498 0.096923 0.095898 0.044711 0.042444 0.040286 0.037965 0.035048 0.030926 0.027310 0.028404 0.028116 0.028003 0.028010 0.028109 0.028296 0.028964 0.033587 0.039200 0.042418 0.044368 0.044820 0.044858 0.044850 0.044841 0.044832 0.044822 0.044810 0.044798 0.044784 0.044770 0.044756 0.044741 0.044727 0.044714 0.044701 0.044689 0.044677 0.044667 0.044658 0.044650 0.044642 0.044636 0.044630 0.044626 0.044622 0.044618 0.044616 0.044614 0.044612 0.044610 0.044609 0.044608 0.044607 0.044606 0.044602 0.044589 0.044542 0.044365 0.043668 -9999.0 -9999.0
-9999.0 -9999.0 -9999.0 -9999.0 -9999.0 -9999.0 -9999.0 -9999.0 -9999.0 -9999.0 -9999.0 -9999.0 -9999.0 -9999.0 -9999.0 -9999.0 -9999.0 -9999.0 -9999.0 -9999.0 -9999.0 -9999.0 -9999.0 -9999.0 -9999.0 -9999.0 -9999.0 -9999.0 -9999.0 -9999.0 -9999.0 -9999.0 -9999.0 -9999.0 -9999.0 -9999.0 -9999.0 -9999.0 -9999.0 -9999.0 -9999.0 -9999.0 -9999.0 -9999.0 -9999.0 -9999.0 -9999.0 -9999.0 -9999.0 -9999.0 -9999.0 -9999.0 -9999.0 -9999.0 -9999.0 -9999.0 -9999.0 -9999.0 -9999.0 -9999.0 -9999.0 -9999.0 -9999.0 -9999.0 -9999.0 -9999.0 -9999.0 -9999.0 -9999.0 -9999.0 -9999.0 -9999.0 -9999.0 -9999.0 -9999.0 -9999.0 -9999.0 -9999.0 -9999.0 -9999.0 -9999.0 -9999.0 -9999.0 -9999.0 -9999.0 -9999.0 -9999.0 -9999.0 -9999.0 -9999.0 -9999.0 -9999.0 -9999.0 -9999.0 -9999.0 -9999.0 -9999.0 -9999.0 -9999.0 -9999.0 -9999.0 -9999.0 -9999.0 -9999.0
-9999.0 -9999.0 -9999.0 -9999.0 -9999.0 -9999.0 -9999.0 -9999.0 -9999.0 -9999.0 -9999.0 -9999.0 -9999.0 -9999.0 -9999.0 -9999.0 -9999.0 -9999.0 -9999.0 -9999.0 -9999.0 -9999.0 -9999.0 -9999.0 -9999.0 -9999.0 -9999.0 -9999.0 -9999.0 -9999.0 -9999.0 -9999.0 -9999.0 -9999.0 -9999.0 -9999.0 -9999.0 -9999.0 -9999.0 -9999.0 -9999.0 -9999.0 -9999.0 -9999.0 -9999.0 -9999.0 -9999.0 -9999.0 -9999.0 -9999.0 -9999.0 -9999.0 -9999.0 -9999.0 -9999.0 -9999.0 -9999.0 -9999.0 -9999.0 -9999.0 -9999.0 -9999.0 -9999.0 -9999.0 -9999.0 -9999.0 -9999.0 -9999.0 -9999.0 -9999.0 -9999.0 -9999.0 -9999.0 -9999.0 -9999.0 -9999.0 -9999.0 -9999.0 -9999.0 -9999.0 -9999.0 -9999.0 -9999.0 -9999.0 -9999.0 -9999.0 -9999.0 -9999.0 -9999.0 -9999.0 -9999.0 -9999.0 -9999.0 -9999.0 -9999.0 -9999.0 -9999.0 -9999.0 -9999.0 -9999.0 -9999.0 -9999.0 -9999.0 -9999.0