examples/3D/hillslope02_superslab/output-maps-SE27XX/thetaliqL0029N0001.asc
ncols         104
nrows         10
xllcorner     -2.000000
yllcorner     0.000000
cellsize      1.000000
NODATA_value  -9999.0
-9999.0 -9999.0 -9999.0 -9999.0 -9999.0 -9999.0 -9999.0 -9999.0 -9999.0 -9999.0 -9999.0 -9999.0 -9999.0 -9999.0 -9999.0 -9999.0 -9999.0 -9999.0 -9999.0 -9999.0 -9999.0 -9999.0 -9999.0 -9999.0 -9999.0 -9999.0 -9999.0 -9999.0 -9999.0 -9999.0 -9999.0 -9999.0 -9999.0 -9999.0 -9999.0 -9999.0 -9999.0 -9999.0 -9999.0 -9999.0 -9999.0 -9999.0 -9999.0 -9999.0 -9999.0 -9999.0 -9999.0 -9999.0 -9999.0 -9999.0 -9999.0 -9999.0 -9999.0 -9999.0 -9999.0 -9999.0 -9999.0 -9999.0 -9999.0 -9999.0 -9999.0 -9999.0 -9999.0 -9999.0 -9999.0 -9999.0 -9999.0 -9999.0 -9999.0 -9999.0 -9999.0 -9999.0 -9999.0 -9999.0 -9999.0 -9999.0 -9999.0 -9999.0 -9999.0 -9999.0 -9999.0 -9999.0 -9999.0 -9999.0 -9999.0 -9999.0 -9999.0 -9999.0 -9999.0 -9999.0 -9999.0 -9999.0 -9999.0 -9999.0 -9999.0 -9999.0 -9999.0 -9999.0 -9999.0 -9999.0 -9999.0 -9999.0 -9999.0 -9999.0
-9999.0 -9999.0 -9999.0 -9999.0 -9999.0 -9999.0 -9999.0 -9999.0 -9999.0 -9999.0 -9999.0 -9999.0 -9999.0 -9999.0 -9999.0 -9999.0 -9999.0 -9999.0 -9999.0 -9999.0 -9999.0 -9999.0 -9999.0 -9999.0 -9999.0 -9999.0 -9999.0 -9999.0 -9999.0 -9999.0 -9999.0 -9999.0 -9999.0 -9999.0 -9999.0 -9999.0 -9999.0 -9999.0 -9999.0 -9999.0 -9999.0 -9999.0 -9999.0 -9999.0 -9999.0 -9999.0 -9999.0 -9999.0 -9999.0 -9999.0 -9999.0 -9999.0 -9999.0 -9999.0 -9999.0 -9999.0 -9999.0 -9999.0 -9999.0 -9999.0 -9999.0 -9999.0 -9999.0 -9999.0 -9999.0 -9999.0 -9999.0 -9999.0 -9999.0 -9999.0 -9999.0 -9999.0 -9999.0 -9999.0 -9999.0 -9999.0 -9999.0 -9999.0 -9999.0 -9999.0 -9999.0 -9999.0 -9999.0 -9999.0 -9999.0 -9999.0 -9999.0 -9999.0 -9999.0 -9999.0 -9999.0 -9999.0 -9999.0 -9999.0 -9999.0 -9999.0 -9999.0 -9999.0 -9999.0 -9999.0 -9999.0 -9999.0 -9999.0 -9999.0
-9999.0 -9999.0 0.057039 0.054664 0.054114 0.053992 0.054021 0.054236 0.054873 0.055827 0.053829 0.052934 0.052155 0.050924 0.049738 0.050261 0.050578 0.050690 0.050708 0.050688 0.050664 0.050648 0.050642 0.050647 0.098026 0.098992 0.099449 0.099764 0.100000 0.100000 0.100000 0.099989 0.098106 0.091876 0.082162 0.072831 0.066563 0.063336 0.062017 0.061841 0.062903 0.064339 0.042336 0.029299 0.023850 0.023763 0.023763 0.023763 0.023763 0.023763 0.023763 0.023763 0.023763 0.023763 0.023763 0.023763 0.023763 0.023763 0.023763 0.023787 0.027864 0.041127 0.058819 0.055356 0.054289 0.054016 0.053945 0.053927 0.053922 0.053921 0.053921 0.053921 0.053921 0.053921 0.053921 0.053921 0.053921 0.053921 0.053921 0.053921 0.053921 0.053921 0.053921 0.053921 0.053921 0.053921 0.053921 0.053921 0.053921 0.053921 0.053921 0.053920 0.053920 0.053920 0.053920 0.053918 0.053911 0.053886 0.053795 0.053486 0.052491 0.049507 -9999.0 -9999.0
-9999.0 -9999.0 0.057039 0.054664 0.054114 0.053992 0.054021 0.054236 0.054873 0.055827 0.053829 0.052934 0.052155 0.050924 0.049738 0.050261 0.050578 0.050690 0.050708 0.050688 0.050664 0.050648 0.050642 0.050647 0.098026 0.098992 0.099449 0.099764 0.100000 0.100000 0.100000 0.099989 0.098106 0.091876 0.082162 0.072831 0.066563 0.063336 0.062017 0.061841 0.062903 0.064339 0.042336 0.029299 0.023850 0.023763 0.023763 0.023763 0.023763 0.023763 0.023763 0.023763 0.023763 0.023763 0.023763 0.023763 0.023763 0.023763 0.023763 0.023787 0.027864 0.041127 0.058819 0.055356 0.054289 0.054016 0.053945 0.053927 0.053922 0.053921 0.053921 0.053921 0.053921 0.053921 0.053921 0.053921 0.053921 0.053921 0.053921 0.053921 0.053921 0.053921 0.053921 0.053921 0.053921 0.053921 0.053921 0.053921 0.053921 0.053921 0.053921 0.053920 0.053920 0.053920 0.053920 0.053918 0.053911 0.053886 0.053795 0.053486 0.052491 0.049507 -9999.0 -9999.0
-9999.0 -9999.0 0.057039 0.054664 0.054114 0.053992 0.054021 0.054236 0.054873 0.055827 0.053829 0.052934 0.052155 0.050924 0.049738 0.050261 0.050578 0.050690 0.050708 0.050688 0.050664 0.050648 0.050642 0.050647 0.098026 0.098992 0.099449 0.099764 0.100000 0.100000 0.100000 0.099989 0.098106 0.091876 0.082162 0.072831 0.066563 0.063336 0.062017 0.061841 0.062903 0.064339 0.042336 0.029299 0.023850 0.023763 0.023763 0.023763 0.023763 0.023763 0.023763 0.023763 0.023763 0.023763 0.023763 0.023763 0.023763 0.023763 0.023763 0.023787 0.027864 0.041127 0.058819 0.055356 0.054289 0.054016 0.053945 0.053927 0.053922 0.053921 0.053921 0.053921 0.053921 0.053921 0.053921 0.053921 0.053921 0.053921 0.053921 0.053921 0.053921 0.053921 0.053921 0.053921 0.053921 0.053921 0.053921 0.053921 0.053921 0.053921 0.053921 0.053920 0.053920 0.053920 0.053920 0.053918 0.053911 0.053886 0.053795 0.053486 0.052491 0.049507 -9999.0 -9999.0
-9999.0 -9999.0 0.057039 0.054664 0.054114 0.053992 0.054021 0.054236 0.054873 0.055827 0.053829 0.052934 0.052155 0.050924 0.049738 0.050261 0.050578 0.050690 0.050708 0.050688 0.050664 0.050648 0.050642 0.050647 0.098026 0.098992 0.099449 0.099764 0.100000 0.100000 0.100000 0.099989 0.098106 0.091876 0.082162 0.072831 0.066563 0.063336 0.062017 0.061841 0.062903 0.064339 0.042336 0.029299 0.023850 0.023763 0.023763 0.023763 0.023763 0.023763 0.023763 0.023763 0.023763 0.023763 0.023763 0.023763 0.023763 0.023763 0.023763 0.023787 0.027864 0.041127 0.058819 0.055356 0.054289 0.054016 0.053945 0.053927 0.053922 0.053921 0.053921 0.053921 0.053921 0.053921 0.053921 0.053921 0.053921 0.053921 0.053921 0.053921 0.053921 0.053921 0.053921 0.053921 0.053921 0.053921 0.053921 0.053921 0.053921 0.053921 0.053921 0.053920 0.053920 0.053920 0.053920 0.053918 0.053911 0.053886 0.053795 0.053486 0.052491 0.049507 -9999.0 -9999.0
-9999.0 -9999.0 0.057039 0.054664 0.054114 0.053992 0.054021 0.054236 0.054873 0.055827 0.053829 0.052934 0.052155 0.050924 0.049738 0.050261 0.050578 0.050690 0.050708 0.050688 0.050664 0.050648 0.050642 0.050647 0.098026 0.098992 0.099449 0.099764 0.100000 0.100000 0.100000 0.099989 0.098106 0.091876 0.082162 0.072831 0.066563 0.063336 0.062017 0.061841 0.062903 0.064339 0.042336 0.029299 0.023850 0.023763 0.023763 0.023763 0.023763 0.023763 0.023763 0.023763 0.023763 0.023763 0.023763 0.023763 0.023763 0.023763 0.023763 0.023787 0.027864 0.041127 0.058819 0.055356 0.054289 0.054016 0.053945 0.053927 0.053922 0.053921 0.053921 0.053921 0.053921 0.053921 0.053921 0.053921 0.053921 0.053921 0.053921 0.053921 0.053921 0.053921 0.053921 0.053921 0.053921 0.053921 0.053921 0.053921 0.053921 0.053921 0.053921 0.053920 0.053920 0.053920 0.053920 0.053918 0.053911 0.053886 0.053795 0.053486 0.052491 0.049507 -9999.0 -9999.0
-9999.0 -9999.0 0.057039 0.054664 0.054114 0.053992 0.054021 0.054236 0.054873 0.055827 0.053829 0.052934 0.052155 0.050924 0.049738 0.050261 0.050578 0.050690 0.050708 0.050688 0.050664 0.050648 0.050642 0.050647 0.098026 0.098992 0.099449 0.099764 0.100000 0.100000 0.100000 0.099989 0.098106 0.091876 0.082162 0.072831 0.066563 0.063336 0.062017 0.061841 0.062903 0.064339 0.042336 0.029299 0.023850 0.023763 0.023763 0.023763 0.023763 0.023763 0.023763 0.023763 0.023763 0.023763 0.023763 0.023763 0.023763 0.023763 0.023763 0.023787 0.027864 0.041127 0.058819 0.055356 0.054289 0.054016 0.053945 0.053927 0.053922 0.053921 0.053921 0.053921 0.053921 0.053921 0.053921 0.053921 0.053921 0.053921 0.053921 0.053921 0.053921 0.053921 0.053921 0.053921 0.053921 0.053921 0.053921 0.053921 0.053921 0.053921 0.053921 0.053920 0.053920 0.053920 0.053920 0.053918 0.053911 0.053886 0.053795 0.053486 0.052491 0.049507 -9999.0 -9999.0
-9999.0 -9999.0 -9999.0 -9999.0 -9999.0 -9999.0 -9999.0 -9999.0 -9999.0 -9999.0 -9999.0 -9999.0 -9999.0 -9999.0 -9999.0 -9999.0 -9999.0 -9999.0 -9999.0 -9999.0 -9999.0 -9999.0 -9999.0 -9999.0 -9999.0 -9999.0 -9999.0 -9999.0 -9999.0 -9999.0 -9999.0 -9999.0 -9999.0 -9999.0 -9999.0 -9999.0 -9999.0 -9999.0 -9999.0 -9999.0 -9999.0 -9999.0 -9999.0 -9999.0 -9999.0 -9999.0 -9999.0 -9999.0 -9999.0 -9999.0 -9999.0 -9999.0 -9999.0 -9999.0 -9999.0 -9999.0 -9999.0 -9999.0 -9999.0 -9999.0 -9999.0 -9999.0 -9999.0 -9999.0 -9999.0 -9999.0 -9999.0 -9999.0 -9999.0 -9999.0 -9999.0 -9999.0 -9999.0 -9999.0 -9999.0 -9999.0 -9999.0 -9999.0 -9999.0 -9999.0 -9999.0 -9999.0 -9999.0 -9999.0 -9999.0 -9999.0 -9999.0 -9999.0 -9999.0 -9999.0 -9999.0 -9999.0 -9999.0 -9999.0 -9999.0 -9999.0 -9999.0 -9999.0 -9999.0 -9999.0 -9999.0 -9999.0 -9999.0 -9999.0
-9999.0 -9999.0 -9999.0 -9999.0 -9999.0 -9999.0 -9999.0 -9999.0 -9999.0 -9999.0 -9999.0 -9999.0 -9999.0 -9999.0 -9999.0 -9999.0 -9999.0 -9999.0 -9999.0 -9999.0 -9999.0 -9999.0 -9999.0 -9999.0 -9999.0 -9999.0 -9999.0 -9999.0 -9999.0 -9999.0 -9999.0 -9999.0 -9999.0 -9999.0 -9999.0 -9999.0 -9999.0 -9999.0 -9999.0 -9999.0 -9999.0 -9999.0 -9999.0 -9999.0 -9999.0 -9999.0 -9999.0 -9999.0 -9999.0 -9999.0 -9999.0 -9999.0 -9999.0 -9999.0 -9999.0 -9999.0 -9999.0 -9999.0 -9999.0 -9999.0 -9999.0 -9999.0 -9999.0 -9999.0 -9999.0 -9999.0 -9999.0 -9999.0 -9999.0 -9999.0 -9999.0 -9999.0 -9999.0 -9999.0 -9999.0 -9999.0 -9999.0 -9999.0 -9999.0 -9999.0 -9999.0 -9999.0 -9999.0 -9999.0 -9999.0 -9999.0 -9999.0 -9999.0 -9999.0 -9999.0 -9999.0 -9999.0 -9999.0 -9999.0 -9999.0 -9999.0 -9999.0 -9999.0 -9999.0 -9999.0 -9999.0 -9999.0 -9999.0 -9999.0