examples/3D/hillslope02_superslab/output-maps-SE27XX/thetaliqL0051N0003.asc
ncols         104
nrows         10
xllcorner     -2.000000
yllcorner     0.000000
cellsize      1.000000
NODATA_value  -9999.0
-9999.0 -9999.0 -9999.0 -9999.0 -9999.0 -9999.0 -9999.0 -9999.0 -9999.0 -9999.0 -9999.0 -9999.0 -9999.0 -9999.0 -9999.0 -9999.0 -9999.0 -9999.0 -9999.0 -9999.0 -9999.0 -9999.0 -9999.0 -9999.0 -9999.0 -9999.0 -9999.0 -9999.0 -9999.0 -9999.0 -9999.0 -9999.0 -9999.0 -9999.0 -9999.0 -9999.0 -9999.0 -9999.0 -9999.0 -9999.0 -9999.0 -9999.0 -9999.0 -9999.0 -9999.0 -9999.0 -9999.0 -9999.0 -9999.0 -9999.0 -9999.0 -9999.0 -9999.0 -9999.0 -9999.0 -9999.0 -9999.0 -9999.0 -9999.0 -9999.0 -9999.0 -9999.0 -9999.0 -9999.0 -9999.0 -9999.0 -9999.0 -9999.0 -9999.0 -9999.0 -9999.0 -9999.0 -9999.0 -9999.0 -9999.0 -9999.0 -9999.0 -9999.0 -9999.0 -9999.0 -9999.0 -9999.0 -9999.0 -9999.0 -9999.0 -9999.0 -9999.0 -9999.0 -9999.0 -9999.0 -9999.0 -9999.0 -9999.0 -9999.0 -9999.0 -9999.0 -9999.0 -9999.0 -9999.0 -9999.0 -9999.0 -9999.0 -9999.0 -9999.0
-9999.0 -9999.0 -9999.0 -9999.0 -9999.0 -9999.0 -9999.0 -9999.0 -9999.0 -9999.0 -9999.0 -9999.0 -9999.0 -9999.0 -9999.0 -9999.0 -9999.0 -9999.0 -9999.0 -9999.0 -9999.0 -9999.0 -9999.0 -9999.0 -9999.0 -9999.0 -9999.0 -9999.0 -9999.0 -9999.0 -9999.0 -9999.0 -9999.0 -9999.0 -9999.0 -9999.0 -9999.0 -9999.0 -9999.0 -9999.0 -9999.0 -9999.0 -9999.0 -9999.0 -9999.0 -9999.0 -9999.0 -9999.0 -9999.0 -9999.0 -9999.0 -9999.0 -9999.0 -9999.0 -9999.0 -9999.0 -9999.0 -9999.0 -9999.0 -9999.0 -9999.0 -9999.0 -9999.0 -9999.0 -9999.0 -9999.0 -9999.0 -9999.0 -9999.0 -9999.0 -9999.0 -9999.0 -9999.0 -9999.0 -9999.0 -9999.0 -9999.0 -9999.0 -9999.0 -9999.0 -9999.0 -9999.0 -9999.0 -9999.0 -9999.0 -9999.0 -9999.0 -9999.0 -9999.0 -9999.0 -9999.0 -9999.0 -9999.0 -9999.0 -9999.0 -9999.0 -9999.0 -9999.0 -9999.0 -9999.0 -9999.0 -9999.0 -9999.0 -9999.0
-9999.0 -9999.0 0.100000 0.100000 0.100000 0.100000 0.100000 0.100000 0.100000 0.100000 0.100000 0.100000 0.100000 0.100000 0.100000 0.100000 0.100000 0.100000 0.100000 0.097144 0.086728 0.075551 0.066655 0.060359 0.056146 0.053435 0.051734 0.050680 0.050029 0.049622 0.049360 0.049181 0.049046 0.048929 0.048811 0.096987 0.097759 0.098252 0.098550 0.057297 0.051426 0.047217 0.043440 0.041028 0.039092 0.037326 0.035490 0.033310 0.030514 0.026875 0.025448 0.025429 0.025429 0.025429 0.025429 0.025429 0.025429 0.025430 0.025759 0.030838 0.036968 0.040460 0.042908 0.043396 0.043430 0.043426 0.043423 0.043422 0.043422 0.043422 0.043421 0.043421 0.043421 0.043421 0.043420 0.043420 0.043420 0.043419 0.043419 0.043419 0.043419 0.043418 0.043418 0.043418 0.043418 0.043418 0.043418 0.043418 0.043417 0.043417 0.043417 0.043417 0.043417 0.043417 0.043417 0.043417 0.043416 0.043414 0.043405 0.043370 0.043232 0.042644 -9999.0 -9999.0
-9999.0 -9999.0 0.100000 0.100000 0.100000 0.100000 0.100000 0.100000 0.100000 0.100000 0.100000 0.100000 0.100000 0.100000 0.100000 0.100000 0.100000 0.100000 0.100000 0.097144 0.086728 0.075551 0.066655 0.060359 0.056146 0.053435 0.051734 0.050680 0.050029 0.049622 0.049360 0.049181 0.049046 0.048929 0.048811 0.096987 0.097759 0.098252 0.098550 0.057297 0.051426 0.047217 0.043440 0.041028 0.039092 0.037326 0.035490 0.033310 0.030514 0.026875 0.025448 0.025429 0.025429 0.025429 0.025429 0.025429 0.025429 0.025430 0.025759 0.030838 0.036968 0.040460 0.042908 0.043396 0.043430 0.043426 0.043423 0.043422 0.043422 0.043422 0.043421 0.043421 0.043421 0.043421 0.043420 0.043420 0.043420 0.043419 0.043419 0.043419 0.043419 0.043418 0.043418 0.043418 0.043418 0.043418 0.043418 0.043418 0.043417 0.043417 0.043417 0.043417 0.043417 0.043417 0.043417 0.043417 0.043416 0.043414 0.043405 0.043370 0.043232 0.042644 -9999.0 -9999.0
-9999.0 -9999.0 0.100000 0.100000 0.100000 0.100000 0.100000 0.100000 0.100000 0.100000 0.100000 0.100000 0.100000 0.100000 0.100000 0.100000 0.100000 0.100000 0.100000 0.097144 0.086728 0.075551 0.066655 0.060359 0.056146 0.053435 0.051734 0.050680 0.050029 0.049622 0.049360 0.049181 0.049046 0.048929 0.048811 0.096987 0.097759 0.098252 0.098550 0.057297 0.051426 0.047217 0.043440 0.041028 0.039092 0.037326 0.035490 0.033310 0.030514 0.026875 0.025448 0.025429 0.025429 0.025429 0.025429 0.025429 0.025429 0.025430 0.025759 0.030838 0.036968 0.040460 0.042908 0.043396 0.043430 0.043426 0.043423 0.043422 0.043422 0.043422 0.043421 0.043421 0.043421 0.043421 0.043420 0.043420 0.043420 0.043419 0.043419 0.043419 0.043419 0.043418 0.043418 0.043418 0.043418 0.043418 0.043418 0.043418 0.043417 0.043417 0.043417 0.043417 0.043417 0.043417 0.043417 0.043417 0.043416 0.043414 0.043405 0.043370 0.043232 0.042644 -9999.0 -9999.0
-9999.0 -9999.0 0.100000 0.100000 0.100000 0.100000 0.100000 0.100000 0.100000 0.100000 0.100000 0.100000 0.100000 0.100000 0.100000 0.100000 0.100000 0.100000 0.100000 0.097144 0.086728 0.075551 0.066655 0.060359 0.056146 0.053435 0.051734 0.050680 0.050029 0.049622 0.049360 0.049181 0.049046 0.048929 0.048811 0.096987 0.097759 0.098252 0.098550 0.057297 0.051426 0.047217 0.043440 0.041028 0.039092 0.037326 0.035490 0.033310 0.030514 0.026875 0.025448 0.025429 0.025429 0.025429 0.025429 0.025429 0.025429 0.025430 0.025759 0.030838 0.036968 0.040460 0.042908 0.043396 0.043430 0.043426 0.043423 0.043422 0.043422 0.043422 0.043421 0.043421 0.043421 0.043421 0.043420 0.043420 0.043420 0.043419 0.043419 0.043419 0.043419 0.043418 0.043418 0.043418 0.043418 0.043418 0.043418 0.043418 0.043417 0.043417 0.043417 0.043417 0.043417 0.043417 0.043417 0.043417 0.043416 0.043414 0.043405 0.043370 0.043232 0.042644 -9999.0 -9999.0
-9999.0 -9999.0 0.100000 0.100000 0.100000 0.100000 0.100000 0.100000 0.100000 0.100000 0.100000 0.100000 0.100000 0.100000 0.100000 0.100000 0.100000 0.100000 0.100000 0.097144 0.086728 0.075551 0.066655 0.060359 0.056146 0.053435 0.051734 0.050680 0.050029 0.049622 0.049360 0.049181 0.049046 0.048929 0.048811 0.096987 0.097759 0.098252 0.098550 0.057297 0.051426 0.047217 0.043440 0.041028 0.039092 0.037326 0.035490 0.033310 0.030514 0.026875 0.025448 0.025429 0.025429 0.025429 0.025429 0.025429 0.025429 0.025430 0.025759 0.030838 0.036968 0.040460 0.042908 0.043396 0.043430 0.043426 0.043423 0.043422 0.043422 0.043422 0.043421 0.043421 0.043421 0.043421 0.043420 0.043420 0.043420 0.043419 0.043419 0.043419 0.043419 0.043418 0.043418 0.043418 0.043418 0.043418 0.043418 0.043418 0.043417 0.043417 0.043417 0.043417 0.043417 0.043417 0.043417 0.043417 0.043416 0.043414 0.043405 0.043370 0.043232 0.042644 -9999.0 -9999.0
-9999.0 -9999.0 0.100000 0.100000 0.100000 0.100000 0.100000 0.100000 0.100000 0.100000 0.100000 0.100000 0.100000 0.100000 0.100000 0.100000 0.100000 0.100000 0.100000 0.097144 0.086728 0.075551 0.066655 0.060359 0.056146 0.053435 0.051734 0.050680 0.050029 0.049622 0.049360 0.049181 0.049046 0.048929 0.048811 0.096987 0.097759 0.098252 0.098550 0.057297 0.051426 0.047217 0.043440 0.041028 0.039092 0.037326 0.035490 0.033310 0.030514 0.026875 0.025448 0.025429 0.025429 0.025429 0.025429 0.025429 0.025429 0.025430 0.025759 0.030838 0.036968 0.040460 0.042908 0.043396 0.043430 0.043426 0.043423 0.043422 0.043422 0.043422 0.043421 0.043421 0.043421 0.043421 0.043420 0.043420 0.043420 0.043419 0.043419 0.043419 0.043419 0.043418 0.043418 0.043418 0.043418 0.043418 0.043418 0.043418 0.043417 0.043417 0.043417 0.043417 0.043417 0.043417 0.043417 0.043417 0.043416 0.043414 0.043405 0.043370 0.043232 0.042644 -9999.0 -9999.0
-9999.0 -9999.0 -9999.0 -9999.0 -9999.0 -9999.0 -9999.0 -9999.0 -9999.0 -9999.0 -9999.0 -9999.0 -9999.0 -9999.0 -9999.0 -9999.0 -9999.0 -9999.0 -9999.0 -9999.0 -9999.0 -9999.0 -9999.0 -9999.0 -9999.0 -9999.0 -9999.0 -9999.0 -9999.0 -9999.0 -9999.0 -9999.0 -9999.0 -9999.0 -9999.0 -9999.0 -9999.0 -9999.0 -9999.0 -9999.0 -9999.0 -9999.0 -9999.0 -9999.0 -9999.0 -9999.0 -9999.0 -9999.0 -9999.0 -9999.0 -9999.0 -9999.0 -9999.0 -9999.0 -9999.0 -9999.0 -9999.0 -9999.0 -9999.0 -9999.0 -9999.0 -9999.0 -9999.0 -9999.0 -9999.0 -9999.0 -9999.0 -9999.0 -9999.0 -9999.0 -9999.0 -9999.0 -9999.0 -9999.0 -9999.0 -9999.0 -9999.0 -9999.0 -9999.0 -9999.0 -9999.0 -9999.0 -9999.0 -9999.0 -9999.0 -9999.0 -9999.0 -9999.0 -9999.0 -9999.0 -9999.0 -9999.0 -9999.0 -9999.0 -9999.0 -9999.0 -9999.0 -9999.0 -9999.0 -9999.0 -9999.0 -9999.0 -9999.0 -9999.0
-9999.0 -9999.0 -9999.0 -9999.0 -9999.0 -9999.0 -9999.0 -9999.0 -9999.0 -9999.0 -9999.0 -9999.0 -9999.0 -9999.0 -9999.0 -9999.0 -9999.0 -9999.0 -9999.0 -9999.0 -9999.0 -9999.0 -9999.0 -9999.0 -9999.0 -9999.0 -9999.0 -9999.0 -9999.0 -9999.0 -9999.0 -9999.0 -9999.0 -9999.0 -9999.0 -9999.0 -9999.0 -9999.0 -9999.0 -9999.0 -9999.0 -9999.0 -9999.0 -9999.0 -9999.0 -9999.0 -9999.0 -9999.0 -9999.0 -9999.0 -9999.0 -9999.0 -9999.0 -9999.0 -9999.0 -9999.0 -9999.0 -9999.0 -9999.0 -9999.0 -9999.0 -9999.0 -9999.0 -9999.0 -9999.0 -9999.0 -9999.0 -9999.0 -9999.0 -9999.0 -9999.0 -9999.0 -9999.0 -9999.0 -9999.0 -9999.0 -9999.0 -9999.0 -9999.0 -9999.0 -9999.0 -9999.0 -9999.0 -9999.0 -9999.0 -9999.0 -9999.0 -9999.0 -9999.0 -9999.0 -9999.0 -9999.0 -9999.0 -9999.0 -9999.0 -9999.0 -9999.0 -9999.0 -9999.0 -9999.0 -9999.0 -9999.0 -9999.0 -9999.0