examples/3D/hillslope02_superslab/output-maps-SE27XX/thetaliqL0067N0003.asc
ncols         104
nrows         10
xllcorner     -2.000000
yllcorner     0.000000
cellsize      1.000000
NODATA_value  -9999.0
-9999.0 -9999.0 -9999.0 -9999.0 -9999.0 -9999.0 -9999.0 -9999.0 -9999.0 -9999.0 -9999.0 -9999.0 -9999.0 -9999.0 -9999.0 -9999.0 -9999.0 -9999.0 -9999.0 -9999.0 -9999.0 -9999.0 -9999.0 -9999.0 -9999.0 -9999.0 -9999.0 -9999.0 -9999.0 -9999.0 -9999.0 -9999.0 -9999.0 -9999.0 -9999.0 -9999.0 -9999.0 -9999.0 -9999.0 -9999.0 -9999.0 -9999.0 -9999.0 -9999.0 -9999.0 -9999.0 -9999.0 -9999.0 -9999.0 -9999.0 -9999.0 -9999.0 -9999.0 -9999.0 -9999.0 -9999.0 -9999.0 -9999.0 -9999.0 -9999.0 -9999.0 -9999.0 -9999.0 -9999.0 -9999.0 -9999.0 -9999.0 -9999.0 -9999.0 -9999.0 -9999.0 -9999.0 -9999.0 -9999.0 -9999.0 -9999.0 -9999.0 -9999.0 -9999.0 -9999.0 -9999.0 -9999.0 -9999.0 -9999.0 -9999.0 -9999.0 -9999.0 -9999.0 -9999.0 -9999.0 -9999.0 -9999.0 -9999.0 -9999.0 -9999.0 -9999.0 -9999.0 -9999.0 -9999.0 -9999.0 -9999.0 -9999.0 -9999.0 -9999.0
-9999.0 -9999.0 -9999.0 -9999.0 -9999.0 -9999.0 -9999.0 -9999.0 -9999.0 -9999.0 -9999.0 -9999.0 -9999.0 -9999.0 -9999.0 -9999.0 -9999.0 -9999.0 -9999.0 -9999.0 -9999.0 -9999.0 -9999.0 -9999.0 -9999.0 -9999.0 -9999.0 -9999.0 -9999.0 -9999.0 -9999.0 -9999.0 -9999.0 -9999.0 -9999.0 -9999.0 -9999.0 -9999.0 -9999.0 -9999.0 -9999.0 -9999.0 -9999.0 -9999.0 -9999.0 -9999.0 -9999.0 -9999.0 -9999.0 -9999.0 -9999.0 -9999.0 -9999.0 -9999.0 -9999.0 -9999.0 -9999.0 -9999.0 -9999.0 -9999.0 -9999.0 -9999.0 -9999.0 -9999.0 -9999.0 -9999.0 -9999.0 -9999.0 -9999.0 -9999.0 -9999.0 -9999.0 -9999.0 -9999.0 -9999.0 -9999.0 -9999.0 -9999.0 -9999.0 -9999.0 -9999.0 -9999.0 -9999.0 -9999.0 -9999.0 -9999.0 -9999.0 -9999.0 -9999.0 -9999.0 -9999.0 -9999.0 -9999.0 -9999.0 -9999.0 -9999.0 -9999.0 -9999.0 -9999.0 -9999.0 -9999.0 -9999.0 -9999.0 -9999.0
-9999.0 -9999.0 0.100000 0.100000 0.100000 0.100000 0.100000 0.100000 0.100000 0.100000 0.100000 0.100000 0.100000 0.100000 0.100000 0.100000 0.100000 0.100000 0.100000 0.100000 0.100000 0.100000 0.100000 0.100000 0.100000 0.100000 0.100000 0.100000 0.100000 0.100000 0.100000 0.100000 0.100000 0.099932 0.096521 0.089749 0.082168 0.075234 0.069421 0.064724 0.060954 0.057862 0.055144 0.098091 0.098040 0.097681 0.096969 0.047034 0.043826 0.040549 0.036880 0.035118 0.040229 0.039277 0.038651 0.038257 0.038033 0.037947 0.038079 0.039445 0.042302 0.044664 0.046152 0.046504 0.046509 0.046466 0.046414 0.046356 0.046291 0.046219 0.046143 0.046064 0.045985 0.045904 0.045825 0.045748 0.045674 0.045604 0.045539 0.045479 0.045424 0.045374 0.045330 0.045291 0.045257 0.045228 0.045203 0.045181 0.045164 0.045149 0.045137 0.045128 0.045120 0.045115 0.045110 0.045106 0.045102 0.045096 0.045080 0.045026 0.044829 0.044081 -9999.0 -9999.0
-9999.0 -9999.0 0.100000 0.100000 0.100000 0.100000 0.100000 0.100000 0.100000 0.100000 0.100000 0.100000 0.100000 0.100000 0.100000 0.100000 0.100000 0.100000 0.100000 0.100000 0.100000 0.100000 0.100000 0.100000 0.100000 0.100000 0.100000 0.100000 0.100000 0.100000 0.100000 0.100000 0.100000 0.099932 0.096521 0.089749 0.082168 0.075234 0.069421 0.064724 0.060954 0.057862 0.055144 0.098091 0.098040 0.097681 0.096969 0.047034 0.043826 0.040549 0.036880 0.035118 0.040229 0.039277 0.038651 0.038257 0.038033 0.037947 0.038079 0.039445 0.042302 0.044664 0.046152 0.046504 0.046509 0.046466 0.046414 0.046356 0.046291 0.046219 0.046143 0.046064 0.045985 0.045904 0.045825 0.045748 0.045674 0.045604 0.045539 0.045479 0.045424 0.045374 0.045330 0.045291 0.045257 0.045228 0.045203 0.045181 0.045164 0.045149 0.045137 0.045128 0.045120 0.045115 0.045110 0.045106 0.045102 0.045096 0.045080 0.045026 0.044829 0.044081 -9999.0 -9999.0
-9999.0 -9999.0 0.100000 0.100000 0.100000 0.100000 0.100000 0.100000 0.100000 0.100000 0.100000 0.100000 0.100000 0.100000 0.100000 0.100000 0.100000 0.100000 0.100000 0.100000 0.100000 0.100000 0.100000 0.100000 0.100000 0.100000 0.100000 0.100000 0.100000 0.100000 0.100000 0.100000 0.100000 0.099932 0.096521 0.089749 0.082168 0.075234 0.069421 0.064724 0.060954 0.057862 0.055144 0.098091 0.098040 0.097681 0.096969 0.047034 0.043826 0.040549 0.036880 0.035118 0.040229 0.039277 0.038651 0.038257 0.038033 0.037947 0.038079 0.039445 0.042302 0.044664 0.046152 0.046504 0.046509 0.046466 0.046414 0.046356 0.046291 0.046219 0.046143 0.046064 0.045985 0.045904 0.045825 0.045748 0.045674 0.045604 0.045539 0.045479 0.045424 0.045374 0.045330 0.045291 0.045257 0.045228 0.045203 0.045181 0.045164 0.045149 0.045137 0.045128 0.045120 0.045115 0.045110 0.045106 0.045102 0.045096 0.045080 0.045026 0.044829 0.044081 -9999.0 -9999.0
-9999.0 -9999.0 0.100000 0.100000 0.100000 0.100000 0.100000 0.100000 0.100000 0.100000 0.100000 0.100000 0.100000 0.100000 0.100000 0.100000 0.100000 0.100000 0.100000 0.100000 0.100000 0.100000 0.100000 0.100000 0.100000 0.100000 0.100000 0.100000 0.100000 0.100000 0.100000 0.100000 0.100000 0.099932 0.096521 0.089749 0.082168 0.075234 0.069421 0.064724 0.060954 0.057862 0.055144 0.098091 0.098040 0.097681 0.096969 0.047034 0.043826 0.040549 0.036880 0.035118 0.040229 0.039277 0.038651 0.038257 0.038033 0.037947 0.038079 0.039445 0.042302 0.044664 0.046152 0.046504 0.046509 0.046466 0.046414 0.046356 0.046291 0.046219 0.046143 0.046064 0.045985 0.045904 0.045825 0.045748 0.045674 0.045604 0.045539 0.045479 0.045424 0.045374 0.045330 0.045291 0.045257 0.045228 0.045203 0.045181 0.045164 0.045149 0.045137 0.045128 0.045120 0.045115 0.045110 0.045106 0.045102 0.045096 0.045080 0.045026 0.044829 0.044081 -9999.0 -9999.0
-9999.0 -9999.0 0.100000 0.100000 0.100000 0.100000 0.100000 0.100000 0.100000 0.100000 0.100000 0.100000 0.100000 0.100000 0.100000 0.100000 0.100000 0.100000 0.100000 0.100000 0.100000 0.100000 0.100000 0.100000 0.100000 0.100000 0.100000 0.100000 0.100000 0.100000 0.100000 0.100000 0.100000 0.099932 0.096521 0.089749 0.082168 0.075234 0.069421 0.064724 0.060954 0.057862 0.055144 0.098091 0.098040 0.097681 0.096969 0.047034 0.043826 0.040549 0.036880 0.035118 0.040229 0.039277 0.038651 0.038257 0.038033 0.037947 0.038079 0.039445 0.042302 0.044664 0.046152 0.046504 0.046509 0.046466 0.046414 0.046356 0.046291 0.046219 0.046143 0.046064 0.045985 0.045904 0.045825 0.045748 0.045674 0.045604 0.045539 0.045479 0.045424 0.045374 0.045330 0.045291 0.045257 0.045228 0.045203 0.045181 0.045164 0.045149 0.045137 0.045128 0.045120 0.045115 0.045110 0.045106 0.045102 0.045096 0.045080 0.045026 0.044829 0.044081 -9999.0 -9999.0
-9999.0 -9999.0 0.100000 0.100000 0.100000 0.100000 0.100000 0.100000 0.100000 0.100000 0.100000 0.100000 0.100000 0.100000 0.100000 0.100000 0.100000 0.100000 0.100000 0.100000 0.100000 0.100000 0.100000 0.100000 0.100000 0.100000 0.100000 0.100000 0.100000 0.100000 0.100000 0.100000 0.100000 0.099932 0.096521 0.089749 0.082168 0.075234 0.069421 0.064724 0.060954 0.057862 0.055144 0.098091 0.098040 0.097681 0.096969 0.047034 0.043826 0.040549 0.036880 0.035118 0.040229 0.039277 0.038651 0.038257 0.038033 0.037947 0.038079 0.039445 0.042302 0.044664 0.046152 0.046504 0.046509 0.046466 0.046414 0.046356 0.046291 0.046219 0.046143 0.046064 0.045985 0.045904 0.045825 0.045748 0.045674 0.045604 0.045539 0.045479 0.045424 0.045374 0.045330 0.045291 0.045257 0.045228 0.045203 0.045181 0.045164 0.045149 0.045137 0.045128 0.045120 0.045115 0.045110 0.045106 0.045102 0.045096 0.045080 0.045026 0.044829 0.044081 -9999.0 -9999.0
-9999.0 -9999.0 -9999.0 -9999.0 -9999.0 -9999.0 -9999.0 -9999.0 -9999.0 -9999.0 -9999.0 -9999.0 -9999.0 -9999.0 -9999.0 -9999.0 -9999.0 -9999.0 -9999.0 -9999.0 -9999.0 -9999.0 -9999.0 -9999.0 -9999.0 -9999.0 -9999.0 -9999.0 -9999.0 -9999.0 -9999.0 -9999.0 -9999.0 -9999.0 -9999.0 -9999.0 -9999.0 -9999.0 -9999.0 -9999.0 -9999.0 -9999.0 -9999.0 -9999.0 -9999.0 -9999.0 -9999.0 -9999.0 -9999.0 -9999.0 -9999.0 -9999.0 -9999.0 -9999.0 -9999.0 -9999.0 -9999.0 -9999.0 -9999.0 -9999.0 -9999.0 -9999.0 -9999.0 -9999.0 -9999.0 -9999.0 -9999.0 -9999.0 -9999.0 -9999.0 -9999.0 -9999.0 -9999.0 -9999.0 -9999.0 -9999.0 -9999.0 -9999.0 -9999.0 -9999.0 -9999.0 -9999.0 -9999.0 -9999.0 -9999.0 -9999.0 -9999.0 -9999.0 -9999.0 -9999.0 -9999.0 -9999.0 -9999.0 -9999.0 -9999.0 -9999.0 -9999.0 -9999.0 -9999.0 -9999.0 -9999.0 -9999.0 -9999.0 -9999.0
-9999.0 -9999.0 -9999.0 -9999.0 -9999.0 -9999.0 -9999.0 -9999.0 -9999.0 -9999.0 -9999.0 -9999.0 -9999.0 -9999.0 -9999.0 -9999.0 -9999.0 -9999.0 -9999.0 -9999.0 -9999.0 -9999.0 -9999.0 -9999.0 -9999.0 -9999.0 -9999.0 -9999.0 -9999.0 -9999.0 -9999.0 -9999.0 -9999.0 -9999.0 -9999.0 -9999.0 -9999.0 -9999.0 -9999.0 -9999.0 -9999.0 -9999.0 -9999.0 -9999.0 -9999.0 -9999.0 -9999.0 -9999.0 -9999.0 -9999.0 -9999.0 -9999.0 -9999.0 -9999.0 -9999.0 -9999.0 -9999.0 -9999.0 -9999.0 -9999.0 -9999.0 -9999.0 -9999.0 -9999.0 -9999.0 -9999.0 -9999.0 -9999.0 -9999.0 -9999.0 -9999.0 -9999.0 -9999.0 -9999.0 -9999.0 -9999.0 -9999.0 -9999.0 -9999.0 -9999.0 -9999.0 -9999.0 -9999.0 -9999.0 -9999.0 -9999.0 -9999.0 -9999.0 -9999.0 -9999.0 -9999.0 -9999.0 -9999.0 -9999.0 -9999.0 -9999.0 -9999.0 -9999.0 -9999.0 -9999.0 -9999.0 -9999.0 -9999.0 -9999.0