examples/3D/hillslope02_superslab/output-maps-SE27XX/thetaliqL0055N0003.asc
ncols         104
nrows         10
xllcorner     -2.000000
yllcorner     0.000000
cellsize      1.000000
NODATA_value  -9999.0
-9999.0 -9999.0 -9999.0 -9999.0 -9999.0 -9999.0 -9999.0 -9999.0 -9999.0 -9999.0 -9999.0 -9999.0 -9999.0 -9999.0 -9999.0 -9999.0 -9999.0 -9999.0 -9999.0 -9999.0 -9999.0 -9999.0 -9999.0 -9999.0 -9999.0 -9999.0 -9999.0 -9999.0 -9999.0 -9999.0 -9999.0 -9999.0 -9999.0 -9999.0 -9999.0 -9999.0 -9999.0 -9999.0 -9999.0 -9999.0 -9999.0 -9999.0 -9999.0 -9999.0 -9999.0 -9999.0 -9999.0 -9999.0 -9999.0 -9999.0 -9999.0 -9999.0 -9999.0 -9999.0 -9999.0 -9999.0 -9999.0 -9999.0 -9999.0 -9999.0 -9999.0 -9999.0 -9999.0 -9999.0 -9999.0 -9999.0 -9999.0 -9999.0 -9999.0 -9999.0 -9999.0 -9999.0 -9999.0 -9999.0 -9999.0 -9999.0 -9999.0 -9999.0 -9999.0 -9999.0 -9999.0 -9999.0 -9999.0 -9999.0 -9999.0 -9999.0 -9999.0 -9999.0 -9999.0 -9999.0 -9999.0 -9999.0 -9999.0 -9999.0 -9999.0 -9999.0 -9999.0 -9999.0 -9999.0 -9999.0 -9999.0 -9999.0 -9999.0 -9999.0
-9999.0 -9999.0 -9999.0 -9999.0 -9999.0 -9999.0 -9999.0 -9999.0 -9999.0 -9999.0 -9999.0 -9999.0 -9999.0 -9999.0 -9999.0 -9999.0 -9999.0 -9999.0 -9999.0 -9999.0 -9999.0 -9999.0 -9999.0 -9999.0 -9999.0 -9999.0 -9999.0 -9999.0 -9999.0 -9999.0 -9999.0 -9999.0 -9999.0 -9999.0 -9999.0 -9999.0 -9999.0 -9999.0 -9999.0 -9999.0 -9999.0 -9999.0 -9999.0 -9999.0 -9999.0 -9999.0 -9999.0 -9999.0 -9999.0 -9999.0 -9999.0 -9999.0 -9999.0 -9999.0 -9999.0 -9999.0 -9999.0 -9999.0 -9999.0 -9999.0 -9999.0 -9999.0 -9999.0 -9999.0 -9999.0 -9999.0 -9999.0 -9999.0 -9999.0 -9999.0 -9999.0 -9999.0 -9999.0 -9999.0 -9999.0 -9999.0 -9999.0 -9999.0 -9999.0 -9999.0 -9999.0 -9999.0 -9999.0 -9999.0 -9999.0 -9999.0 -9999.0 -9999.0 -9999.0 -9999.0 -9999.0 -9999.0 -9999.0 -9999.0 -9999.0 -9999.0 -9999.0 -9999.0 -9999.0 -9999.0 -9999.0 -9999.0 -9999.0 -9999.0
-9999.0 -9999.0 0.100000 0.100000 0.100000 0.100000 0.100000 0.100000 0.100000 0.100000 0.100000 0.100000 0.100000 0.100000 0.100000 0.100000 0.100000 0.100000 0.100000 0.100000 0.100000 0.100000 0.098314 0.089709 0.079266 0.070380 0.063721 0.059001 0.055765 0.053592 0.052146 0.051181 0.050526 0.050066 0.049723 0.049445 0.049193 0.097112 0.097849 0.098274 0.098424 0.053747 0.046931 0.043582 0.041338 0.039482 0.037701 0.035760 0.033354 0.030047 0.026365 0.025907 0.025903 0.025903 0.025903 0.025903 0.025903 0.025905 0.026262 0.031434 0.037647 0.041111 0.043378 0.043860 0.043897 0.043892 0.043890 0.043888 0.043888 0.043887 0.043886 0.043885 0.043883 0.043882 0.043881 0.043880 0.043878 0.043877 0.043876 0.043875 0.043874 0.043873 0.043873 0.043872 0.043871 0.043871 0.043870 0.043870 0.043870 0.043869 0.043869 0.043869 0.043869 0.043869 0.043869 0.043868 0.043868 0.043865 0.043854 0.043816 0.043664 0.043037 -9999.0 -9999.0
-9999.0 -9999.0 0.100000 0.100000 0.100000 0.100000 0.100000 0.100000 0.100000 0.100000 0.100000 0.100000 0.100000 0.100000 0.100000 0.100000 0.100000 0.100000 0.100000 0.100000 0.100000 0.100000 0.098314 0.089709 0.079266 0.070380 0.063721 0.059001 0.055765 0.053592 0.052146 0.051181 0.050526 0.050066 0.049723 0.049445 0.049193 0.097112 0.097849 0.098274 0.098424 0.053747 0.046931 0.043582 0.041338 0.039482 0.037701 0.035760 0.033354 0.030047 0.026365 0.025907 0.025903 0.025903 0.025903 0.025903 0.025903 0.025905 0.026262 0.031434 0.037647 0.041111 0.043378 0.043860 0.043897 0.043892 0.043890 0.043888 0.043888 0.043887 0.043886 0.043885 0.043883 0.043882 0.043881 0.043880 0.043878 0.043877 0.043876 0.043875 0.043874 0.043873 0.043873 0.043872 0.043871 0.043871 0.043870 0.043870 0.043870 0.043869 0.043869 0.043869 0.043869 0.043869 0.043869 0.043868 0.043868 0.043865 0.043854 0.043816 0.043664 0.043037 -9999.0 -9999.0
-9999.0 -9999.0 0.100000 0.100000 0.100000 0.100000 0.100000 0.100000 0.100000 0.100000 0.100000 0.100000 0.100000 0.100000 0.100000 0.100000 0.100000 0.100000 0.100000 0.100000 0.100000 0.100000 0.098314 0.089709 0.079266 0.070380 0.063721 0.059001 0.055765 0.053592 0.052146 0.051181 0.050526 0.050066 0.049723 0.049445 0.049193 0.097112 0.097849 0.098274 0.098424 0.053747 0.046931 0.043582 0.041338 0.039482 0.037701 0.035760 0.033354 0.030047 0.026365 0.025907 0.025903 0.025903 0.025903 0.025903 0.025903 0.025905 0.026262 0.031434 0.037647 0.041111 0.043378 0.043860 0.043897 0.043892 0.043890 0.043888 0.043888 0.043887 0.043886 0.043885 0.043883 0.043882 0.043881 0.043880 0.043878 0.043877 0.043876 0.043875 0.043874 0.043873 0.043873 0.043872 0.043871 0.043871 0.043870 0.043870 0.043870 0.043869 0.043869 0.043869 0.043869 0.043869 0.043869 0.043868 0.043868 0.043865 0.043854 0.043816 0.043664 0.043037 -9999.0 -9999.0
-9999.0 -9999.0 0.100000 0.100000 0.100000 0.100000 0.100000 0.100000 0.100000 0.100000 0.100000 0.100000 0.100000 0.100000 0.100000 0.100000 0.100000 0.100000 0.100000 0.100000 0.100000 0.100000 0.098314 0.089709 0.079266 0.070380 0.063721 0.059001 0.055765 0.053592 0.052146 0.051181 0.050526 0.050066 0.049723 0.049445 0.049193 0.097112 0.097849 0.098274 0.098424 0.053747 0.046931 0.043582 0.041338 0.039482 0.037701 0.035760 0.033354 0.030047 0.026365 0.025907 0.025903 0.025903 0.025903 0.025903 0.025903 0.025905 0.026262 0.031434 0.037647 0.041111 0.043378 0.043860 0.043897 0.043892 0.043890 0.043888 0.043888 0.043887 0.043886 0.043885 0.043883 0.043882 0.043881 0.043880 0.043878 0.043877 0.043876 0.043875 0.043874 0.043873 0.043873 0.043872 0.043871 0.043871 0.043870 0.043870 0.043870 0.043869 0.043869 0.043869 0.043869 0.043869 0.043869 0.043868 0.043868 0.043865 0.043854 0.043816 0.043664 0.043037 -9999.0 -9999.0
-9999.0 -9999.0 0.100000 0.100000 0.100000 0.100000 0.100000 0.100000 0.100000 0.100000 0.100000 0.100000 0.100000 0.100000 0.100000 0.100000 0.100000 0.100000 0.100000 0.100000 0.100000 0.100000 0.098314 0.089709 0.079266 0.070380 0.063721 0.059001 0.055765 0.053592 0.052146 0.051181 0.050526 0.050066 0.049723 0.049445 0.049193 0.097112 0.097849 0.098274 0.098424 0.053747 0.046931 0.043582 0.041338 0.039482 0.037701 0.035760 0.033354 0.030047 0.026365 0.025907 0.025903 0.025903 0.025903 0.025903 0.025903 0.025905 0.026262 0.031434 0.037647 0.041111 0.043378 0.043860 0.043897 0.043892 0.043890 0.043888 0.043888 0.043887 0.043886 0.043885 0.043883 0.043882 0.043881 0.043880 0.043878 0.043877 0.043876 0.043875 0.043874 0.043873 0.043873 0.043872 0.043871 0.043871 0.043870 0.043870 0.043870 0.043869 0.043869 0.043869 0.043869 0.043869 0.043869 0.043868 0.043868 0.043865 0.043854 0.043816 0.043664 0.043037 -9999.0 -9999.0
-9999.0 -9999.0 0.100000 0.100000 0.100000 0.100000 0.100000 0.100000 0.100000 0.100000 0.100000 0.100000 0.100000 0.100000 0.100000 0.100000 0.100000 0.100000 0.100000 0.100000 0.100000 0.100000 0.098314 0.089709 0.079266 0.070380 0.063721 0.059001 0.055765 0.053592 0.052146 0.051181 0.050526 0.050066 0.049723 0.049445 0.049193 0.097112 0.097849 0.098274 0.098424 0.053747 0.046931 0.043582 0.041338 0.039482 0.037701 0.035760 0.033354 0.030047 0.026365 0.025907 0.025903 0.025903 0.025903 0.025903 0.025903 0.025905 0.026262 0.031434 0.037647 0.041111 0.043378 0.043860 0.043897 0.043892 0.043890 0.043888 0.043888 0.043887 0.043886 0.043885 0.043883 0.043882 0.043881 0.043880 0.043878 0.043877 0.043876 0.043875 0.043874 0.043873 0.043873 0.043872 0.043871 0.043871 0.043870 0.043870 0.043870 0.043869 0.043869 0.043869 0.043869 0.043869 0.043869 0.043868 0.043868 0.043865 0.043854 0.043816 0.043664 0.043037 -9999.0 -9999.0
-9999.0 -9999.0 -9999.0 -9999.0 -9999.0 -9999.0 -9999.0 -9999.0 -9999.0 -9999.0 -9999.0 -9999.0 -9999.0 -9999.0 -9999.0 -9999.0 -9999.0 -9999.0 -9999.0 -9999.0 -9999.0 -9999.0 -9999.0 -9999.0 -9999.0 -9999.0 -9999.0 -9999.0 -9999.0 -9999.0 -9999.0 -9999.0 -9999.0 -9999.0 -9999.0 -9999.0 -9999.0 -9999.0 -9999.0 -9999.0 -9999.0 -9999.0 -9999.0 -9999.0 -9999.0 -9999.0 -9999.0 -9999.0 -9999.0 -9999.0 -9999.0 -9999.0 -9999.0 -9999.0 -9999.0 -9999.0 -9999.0 -9999.0 -9999.0 -9999.0 -9999.0 -9999.0 -9999.0 -9999.0 -9999.0 -9999.0 -9999.0 -9999.0 -9999.0 -9999.0 -9999.0 -9999.0 -9999.0 -9999.0 -9999.0 -9999.0 -9999.0 -9999.0 -9999.0 -9999.0 -9999.0 -9999.0 -9999.0 -9999.0 -9999.0 -9999.0 -9999.0 -9999.0 -9999.0 -9999.0 -9999.0 -9999.0 -9999.0 -9999.0 -9999.0 -9999.0 -9999.0 -9999.0 -9999.0 -9999.0 -9999.0 -9999.0 -9999.0 -9999.0
-9999.0 -9999.0 -9999.0 -9999.0 -9999.0 -9999.0 -9999.0 -9999.0 -9999.0 -9999.0 -9999.0 -9999.0 -9999.0 -9999.0 -9999.0 -9999.0 -9999.0 -9999.0 -9999.0 -9999.0 -9999.0 -9999.0 -9999.0 -9999.0 -9999.0 -9999.0 -9999.0 -9999.0 -9999.0 -9999.0 -9999.0 -9999.0 -9999.0 -9999.0 -9999.0 -9999.0 -9999.0 -9999.0 -9999.0 -9999.0 -9999.0 -9999.0 -9999.0 -9999.0 -9999.0 -9999.0 -9999.0 -9999.0 -9999.0 -9999.0 -9999.0 -9999.0 -9999.0 -9999.0 -9999.0 -9999.0 -9999.0 -9999.0 -9999.0 -9999.0 -9999.0 -9999.0 -9999.0 -9999.0 -9999.0 -9999.0 -9999.0 -9999.0 -9999.0 -9999.0 -9999.0 -9999.0 -9999.0 -9999.0 -9999.0 -9999.0 -9999.0 -9999.0 -9999.0 -9999.0 -9999.0 -9999.0 -9999.0 -9999.0 -9999.0 -9999.0 -9999.0 -9999.0 -9999.0 -9999.0 -9999.0 -9999.0 -9999.0 -9999.0 -9999.0 -9999.0 -9999.0 -9999.0 -9999.0 -9999.0 -9999.0 -9999.0 -9999.0 -9999.0