examples/3D/hillslope02_superslab/output-maps-SE27XX/thetaliqL0026N0003.asc
ncols         104
nrows         10
xllcorner     -2.000000
yllcorner     0.000000
cellsize      1.000000
NODATA_value  -9999.0
-9999.0 -9999.0 -9999.0 -9999.0 -9999.0 -9999.0 -9999.0 -9999.0 -9999.0 -9999.0 -9999.0 -9999.0 -9999.0 -9999.0 -9999.0 -9999.0 -9999.0 -9999.0 -9999.0 -9999.0 -9999.0 -9999.0 -9999.0 -9999.0 -9999.0 -9999.0 -9999.0 -9999.0 -9999.0 -9999.0 -9999.0 -9999.0 -9999.0 -9999.0 -9999.0 -9999.0 -9999.0 -9999.0 -9999.0 -9999.0 -9999.0 -9999.0 -9999.0 -9999.0 -9999.0 -9999.0 -9999.0 -9999.0 -9999.0 -9999.0 -9999.0 -9999.0 -9999.0 -9999.0 -9999.0 -9999.0 -9999.0 -9999.0 -9999.0 -9999.0 -9999.0 -9999.0 -9999.0 -9999.0 -9999.0 -9999.0 -9999.0 -9999.0 -9999.0 -9999.0 -9999.0 -9999.0 -9999.0 -9999.0 -9999.0 -9999.0 -9999.0 -9999.0 -9999.0 -9999.0 -9999.0 -9999.0 -9999.0 -9999.0 -9999.0 -9999.0 -9999.0 -9999.0 -9999.0 -9999.0 -9999.0 -9999.0 -9999.0 -9999.0 -9999.0 -9999.0 -9999.0 -9999.0 -9999.0 -9999.0 -9999.0 -9999.0 -9999.0 -9999.0
-9999.0 -9999.0 -9999.0 -9999.0 -9999.0 -9999.0 -9999.0 -9999.0 -9999.0 -9999.0 -9999.0 -9999.0 -9999.0 -9999.0 -9999.0 -9999.0 -9999.0 -9999.0 -9999.0 -9999.0 -9999.0 -9999.0 -9999.0 -9999.0 -9999.0 -9999.0 -9999.0 -9999.0 -9999.0 -9999.0 -9999.0 -9999.0 -9999.0 -9999.0 -9999.0 -9999.0 -9999.0 -9999.0 -9999.0 -9999.0 -9999.0 -9999.0 -9999.0 -9999.0 -9999.0 -9999.0 -9999.0 -9999.0 -9999.0 -9999.0 -9999.0 -9999.0 -9999.0 -9999.0 -9999.0 -9999.0 -9999.0 -9999.0 -9999.0 -9999.0 -9999.0 -9999.0 -9999.0 -9999.0 -9999.0 -9999.0 -9999.0 -9999.0 -9999.0 -9999.0 -9999.0 -9999.0 -9999.0 -9999.0 -9999.0 -9999.0 -9999.0 -9999.0 -9999.0 -9999.0 -9999.0 -9999.0 -9999.0 -9999.0 -9999.0 -9999.0 -9999.0 -9999.0 -9999.0 -9999.0 -9999.0 -9999.0 -9999.0 -9999.0 -9999.0 -9999.0 -9999.0 -9999.0 -9999.0 -9999.0 -9999.0 -9999.0 -9999.0 -9999.0
-9999.0 -9999.0 0.100000 0.100000 0.093061 0.075847 0.062115 0.052811 0.046664 0.042957 0.041255 0.040629 0.040522 0.040788 0.041374 0.042037 0.042661 0.043202 0.043648 0.044005 0.044286 0.044507 0.044677 0.094385 0.094599 0.094852 0.095083 0.045662 0.044999 0.044133 0.043215 0.042373 0.041667 0.041115 0.040709 0.040426 0.040238 0.040120 0.040050 0.040002 0.039883 0.039008 0.076649 0.057360 0.036225 0.035081 0.035079 0.035079 0.035079 0.035079 0.035079 0.035079 0.035079 0.035079 0.035079 0.035079 0.035079 0.035079 0.035081 0.035978 0.056555 0.076755 0.039419 0.039853 0.039865 0.039860 0.039858 0.039858 0.039858 0.039857 0.039857 0.039857 0.039857 0.039857 0.039857 0.039857 0.039857 0.039857 0.039857 0.039857 0.039857 0.039857 0.039857 0.039857 0.039857 0.039857 0.039857 0.039857 0.039857 0.039857 0.039857 0.039857 0.039857 0.039857 0.039857 0.039857 0.039857 0.039856 0.039852 0.039837 0.039771 0.039428 -9999.0 -9999.0
-9999.0 -9999.0 0.100000 0.100000 0.093061 0.075847 0.062115 0.052811 0.046664 0.042957 0.041255 0.040629 0.040522 0.040788 0.041374 0.042037 0.042661 0.043202 0.043648 0.044005 0.044286 0.044507 0.044677 0.094385 0.094599 0.094852 0.095083 0.045662 0.044999 0.044133 0.043215 0.042373 0.041667 0.041115 0.040709 0.040426 0.040238 0.040120 0.040050 0.040002 0.039883 0.039008 0.076649 0.057360 0.036225 0.035081 0.035079 0.035079 0.035079 0.035079 0.035079 0.035079 0.035079 0.035079 0.035079 0.035079 0.035079 0.035079 0.035081 0.035978 0.056555 0.076755 0.039419 0.039853 0.039865 0.039860 0.039858 0.039858 0.039858 0.039857 0.039857 0.039857 0.039857 0.039857 0.039857 0.039857 0.039857 0.039857 0.039857 0.039857 0.039857 0.039857 0.039857 0.039857 0.039857 0.039857 0.039857 0.039857 0.039857 0.039857 0.039857 0.039857 0.039857 0.039857 0.039857 0.039857 0.039857 0.039856 0.039852 0.039837 0.039771 0.039428 -9999.0 -9999.0
-9999.0 -9999.0 0.100000 0.100000 0.093061 0.075847 0.062115 0.052811 0.046664 0.042957 0.041255 0.040629 0.040522 0.040788 0.041374 0.042037 0.042661 0.043202 0.043648 0.044005 0.044286 0.044507 0.044677 0.094385 0.094599 0.094852 0.095083 0.045662 0.044999 0.044133 0.043215 0.042373 0.041667 0.041115 0.040709 0.040426 0.040238 0.040120 0.040050 0.040002 0.039883 0.039008 0.076649 0.057360 0.036225 0.035081 0.035079 0.035079 0.035079 0.035079 0.035079 0.035079 0.035079 0.035079 0.035079 0.035079 0.035079 0.035079 0.035081 0.035978 0.056555 0.076755 0.039419 0.039853 0.039865 0.039860 0.039858 0.039858 0.039858 0.039857 0.039857 0.039857 0.039857 0.039857 0.039857 0.039857 0.039857 0.039857 0.039857 0.039857 0.039857 0.039857 0.039857 0.039857 0.039857 0.039857 0.039857 0.039857 0.039857 0.039857 0.039857 0.039857 0.039857 0.039857 0.039857 0.039857 0.039857 0.039856 0.039852 0.039837 0.039771 0.039428 -9999.0 -9999.0
-9999.0 -9999.0 0.100000 0.100000 0.093061 0.075847 0.062115 0.052811 0.046664 0.042957 0.041255 0.040629 0.040522 0.040788 0.041374 0.042037 0.042661 0.043202 0.043648 0.044005 0.044286 0.044507 0.044677 0.094385 0.094599 0.094852 0.095083 0.045662 0.044999 0.044133 0.043215 0.042373 0.041667 0.041115 0.040709 0.040426 0.040238 0.040120 0.040050 0.040002 0.039883 0.039008 0.076649 0.057360 0.036225 0.035081 0.035079 0.035079 0.035079 0.035079 0.035079 0.035079 0.035079 0.035079 0.035079 0.035079 0.035079 0.035079 0.035081 0.035978 0.056555 0.076755 0.039419 0.039853 0.039865 0.039860 0.039858 0.039858 0.039858 0.039857 0.039857 0.039857 0.039857 0.039857 0.039857 0.039857 0.039857 0.039857 0.039857 0.039857 0.039857 0.039857 0.039857 0.039857 0.039857 0.039857 0.039857 0.039857 0.039857 0.039857 0.039857 0.039857 0.039857 0.039857 0.039857 0.039857 0.039857 0.039856 0.039852 0.039837 0.039771 0.039428 -9999.0 -9999.0
-9999.0 -9999.0 0.100000 0.100000 0.093061 0.075847 0.062115 0.052811 0.046664 0.042957 0.041255 0.040629 0.040522 0.040788 0.041374 0.042037 0.042661 0.043202 0.043648 0.044005 0.044286 0.044507 0.044677 0.094385 0.094599 0.094852 0.095083 0.045662 0.044999 0.044133 0.043215 0.042373 0.041667 0.041115 0.040709 0.040426 0.040238 0.040120 0.040050 0.040002 0.039883 0.039008 0.076649 0.057360 0.036225 0.035081 0.035079 0.035079 0.035079 0.035079 0.035079 0.035079 0.035079 0.035079 0.035079 0.035079 0.035079 0.035079 0.035081 0.035978 0.056555 0.076755 0.039419 0.039853 0.039865 0.039860 0.039858 0.039858 0.039858 0.039857 0.039857 0.039857 0.039857 0.039857 0.039857 0.039857 0.039857 0.039857 0.039857 0.039857 0.039857 0.039857 0.039857 0.039857 0.039857 0.039857 0.039857 0.039857 0.039857 0.039857 0.039857 0.039857 0.039857 0.039857 0.039857 0.039857 0.039857 0.039856 0.039852 0.039837 0.039771 0.039428 -9999.0 -9999.0
-9999.0 -9999.0 0.100000 0.100000 0.093061 0.075847 0.062115 0.052811 0.046664 0.042957 0.041255 0.040629 0.040522 0.040788 0.041374 0.042037 0.042661 0.043202 0.043648 0.044005 0.044286 0.044507 0.044677 0.094385 0.094599 0.094852 0.095083 0.045662 0.044999 0.044133 0.043215 0.042373 0.041667 0.041115 0.040709 0.040426 0.040238 0.040120 0.040050 0.040002 0.039883 0.039008 0.076649 0.057360 0.036225 0.035081 0.035079 0.035079 0.035079 0.035079 0.035079 0.035079 0.035079 0.035079 0.035079 0.035079 0.035079 0.035079 0.035081 0.035978 0.056555 0.076755 0.039419 0.039853 0.039865 0.039860 0.039858 0.039858 0.039858 0.039857 0.039857 0.039857 0.039857 0.039857 0.039857 0.039857 0.039857 0.039857 0.039857 0.039857 0.039857 0.039857 0.039857 0.039857 0.039857 0.039857 0.039857 0.039857 0.039857 0.039857 0.039857 0.039857 0.039857 0.039857 0.039857 0.039857 0.039857 0.039856 0.039852 0.039837 0.039771 0.039428 -9999.0 -9999.0
-9999.0 -9999.0 -9999.0 -9999.0 -9999.0 -9999.0 -9999.0 -9999.0 -9999.0 -9999.0 -9999.0 -9999.0 -9999.0 -9999.0 -9999.0 -9999.0 -9999.0 -9999.0 -9999.0 -9999.0 -9999.0 -9999.0 -9999.0 -9999.0 -9999.0 -9999.0 -9999.0 -9999.0 -9999.0 -9999.0 -9999.0 -9999.0 -9999.0 -9999.0 -9999.0 -9999.0 -9999.0 -9999.0 -9999.0 -9999.0 -9999.0 -9999.0 -9999.0 -9999.0 -9999.0 -9999.0 -9999.0 -9999.0 -9999.0 -9999.0 -9999.0 -9999.0 -9999.0 -9999.0 -9999.0 -9999.0 -9999.0 -9999.0 -9999.0 -9999.0 -9999.0 -9999.0 -9999.0 -9999.0 -9999.0 -9999.0 -9999.0 -9999.0 -9999.0 -9999.0 -9999.0 -9999.0 -9999.0 -9999.0 -9999.0 -9999.0 -9999.0 -9999.0 -9999.0 -9999.0 -9999.0 -9999.0 -9999.0 -9999.0 -9999.0 -9999.0 -9999.0 -9999.0 -9999.0 -9999.0 -9999.0 -9999.0 -9999.0 -9999.0 -9999.0 -9999.0 -9999.0 -9999.0 -9999.0 -9999.0 -9999.0 -9999.0 -9999.0 -9999.0
-9999.0 -9999.0 -9999.0 -9999.0 -9999.0 -9999.0 -9999.0 -9999.0 -9999.0 -9999.0 -9999.0 -9999.0 -9999.0 -9999.0 -9999.0 -9999.0 -9999.0 -9999.0 -9999.0 -9999.0 -9999.0 -9999.0 -9999.0 -9999.0 -9999.0 -9999.0 -9999.0 -9999.0 -9999.0 -9999.0 -9999.0 -9999.0 -9999.0 -9999.0 -9999.0 -9999.0 -9999.0 -9999.0 -9999.0 -9999.0 -9999.0 -9999.0 -9999.0 -9999.0 -9999.0 -9999.0 -9999.0 -9999.0 -9999.0 -9999.0 -9999.0 -9999.0 -9999.0 -9999.0 -9999.0 -9999.0 -9999.0 -9999.0 -9999.0 -9999.0 -9999.0 -9999.0 -9999.0 -9999.0 -9999.0 -9999.0 -9999.0 -9999.0 -9999.0 -9999.0 -9999.0 -9999.0 -9999.0 -9999.0 -9999.0 -9999.0 -9999.0 -9999.0 -9999.0 -9999.0 -9999.0 -9999.0 -9999.0 -9999.0 -9999.0 -9999.0 -9999.0 -9999.0 -9999.0 -9999.0 -9999.0 -9999.0 -9999.0 -9999.0 -9999.0 -9999.0 -9999.0 -9999.0 -9999.0 -9999.0 -9999.0 -9999.0 -9999.0 -9999.0