examples/3D/hillslope02_superslab/output-maps-SE27XX/thetaliqL0049N0003.asc
ncols         104
nrows         10
xllcorner     -2.000000
yllcorner     0.000000
cellsize      1.000000
NODATA_value  -9999.0
-9999.0 -9999.0 -9999.0 -9999.0 -9999.0 -9999.0 -9999.0 -9999.0 -9999.0 -9999.0 -9999.0 -9999.0 -9999.0 -9999.0 -9999.0 -9999.0 -9999.0 -9999.0 -9999.0 -9999.0 -9999.0 -9999.0 -9999.0 -9999.0 -9999.0 -9999.0 -9999.0 -9999.0 -9999.0 -9999.0 -9999.0 -9999.0 -9999.0 -9999.0 -9999.0 -9999.0 -9999.0 -9999.0 -9999.0 -9999.0 -9999.0 -9999.0 -9999.0 -9999.0 -9999.0 -9999.0 -9999.0 -9999.0 -9999.0 -9999.0 -9999.0 -9999.0 -9999.0 -9999.0 -9999.0 -9999.0 -9999.0 -9999.0 -9999.0 -9999.0 -9999.0 -9999.0 -9999.0 -9999.0 -9999.0 -9999.0 -9999.0 -9999.0 -9999.0 -9999.0 -9999.0 -9999.0 -9999.0 -9999.0 -9999.0 -9999.0 -9999.0 -9999.0 -9999.0 -9999.0 -9999.0 -9999.0 -9999.0 -9999.0 -9999.0 -9999.0 -9999.0 -9999.0 -9999.0 -9999.0 -9999.0 -9999.0 -9999.0 -9999.0 -9999.0 -9999.0 -9999.0 -9999.0 -9999.0 -9999.0 -9999.0 -9999.0 -9999.0 -9999.0
-9999.0 -9999.0 -9999.0 -9999.0 -9999.0 -9999.0 -9999.0 -9999.0 -9999.0 -9999.0 -9999.0 -9999.0 -9999.0 -9999.0 -9999.0 -9999.0 -9999.0 -9999.0 -9999.0 -9999.0 -9999.0 -9999.0 -9999.0 -9999.0 -9999.0 -9999.0 -9999.0 -9999.0 -9999.0 -9999.0 -9999.0 -9999.0 -9999.0 -9999.0 -9999.0 -9999.0 -9999.0 -9999.0 -9999.0 -9999.0 -9999.0 -9999.0 -9999.0 -9999.0 -9999.0 -9999.0 -9999.0 -9999.0 -9999.0 -9999.0 -9999.0 -9999.0 -9999.0 -9999.0 -9999.0 -9999.0 -9999.0 -9999.0 -9999.0 -9999.0 -9999.0 -9999.0 -9999.0 -9999.0 -9999.0 -9999.0 -9999.0 -9999.0 -9999.0 -9999.0 -9999.0 -9999.0 -9999.0 -9999.0 -9999.0 -9999.0 -9999.0 -9999.0 -9999.0 -9999.0 -9999.0 -9999.0 -9999.0 -9999.0 -9999.0 -9999.0 -9999.0 -9999.0 -9999.0 -9999.0 -9999.0 -9999.0 -9999.0 -9999.0 -9999.0 -9999.0 -9999.0 -9999.0 -9999.0 -9999.0 -9999.0 -9999.0 -9999.0 -9999.0
-9999.0 -9999.0 0.100000 0.100000 0.100000 0.100000 0.100000 0.100000 0.100000 0.100000 0.100000 0.100000 0.100000 0.100000 0.100000 0.100000 0.100000 0.099841 0.092320 0.080296 0.069787 0.062113 0.056959 0.053678 0.051667 0.050465 0.049756 0.049340 0.049094 0.048943 0.048844 0.048769 0.048700 0.048624 0.096909 0.097687 0.098203 0.098531 0.057526 0.052008 0.048288 0.045414 0.042177 0.039960 0.038065 0.036266 0.034324 0.031946 0.028892 0.025628 0.025221 0.025219 0.025219 0.025219 0.025219 0.025219 0.025219 0.025220 0.025530 0.030528 0.036612 0.040118 0.042669 0.043160 0.043193 0.043188 0.043186 0.043185 0.043185 0.043184 0.043184 0.043184 0.043184 0.043184 0.043184 0.043184 0.043184 0.043183 0.043183 0.043183 0.043183 0.043183 0.043183 0.043183 0.043183 0.043183 0.043183 0.043182 0.043182 0.043182 0.043182 0.043182 0.043182 0.043182 0.043182 0.043182 0.043181 0.043179 0.043171 0.043138 0.043007 0.042439 -9999.0 -9999.0
-9999.0 -9999.0 0.100000 0.100000 0.100000 0.100000 0.100000 0.100000 0.100000 0.100000 0.100000 0.100000 0.100000 0.100000 0.100000 0.100000 0.100000 0.099841 0.092320 0.080296 0.069787 0.062113 0.056959 0.053678 0.051667 0.050465 0.049756 0.049340 0.049094 0.048943 0.048844 0.048769 0.048700 0.048624 0.096909 0.097687 0.098203 0.098531 0.057526 0.052008 0.048288 0.045414 0.042177 0.039960 0.038065 0.036266 0.034324 0.031946 0.028892 0.025628 0.025221 0.025219 0.025219 0.025219 0.025219 0.025219 0.025219 0.025220 0.025530 0.030528 0.036612 0.040118 0.042669 0.043160 0.043193 0.043188 0.043186 0.043185 0.043185 0.043184 0.043184 0.043184 0.043184 0.043184 0.043184 0.043184 0.043184 0.043183 0.043183 0.043183 0.043183 0.043183 0.043183 0.043183 0.043183 0.043183 0.043183 0.043182 0.043182 0.043182 0.043182 0.043182 0.043182 0.043182 0.043182 0.043182 0.043181 0.043179 0.043171 0.043138 0.043007 0.042439 -9999.0 -9999.0
-9999.0 -9999.0 0.100000 0.100000 0.100000 0.100000 0.100000 0.100000 0.100000 0.100000 0.100000 0.100000 0.100000 0.100000 0.100000 0.100000 0.100000 0.099841 0.092320 0.080296 0.069787 0.062113 0.056959 0.053678 0.051667 0.050465 0.049756 0.049340 0.049094 0.048943 0.048844 0.048769 0.048700 0.048624 0.096909 0.097687 0.098203 0.098531 0.057526 0.052008 0.048288 0.045414 0.042177 0.039960 0.038065 0.036266 0.034324 0.031946 0.028892 0.025628 0.025221 0.025219 0.025219 0.025219 0.025219 0.025219 0.025219 0.025220 0.025530 0.030528 0.036612 0.040118 0.042669 0.043160 0.043193 0.043188 0.043186 0.043185 0.043185 0.043184 0.043184 0.043184 0.043184 0.043184 0.043184 0.043184 0.043184 0.043183 0.043183 0.043183 0.043183 0.043183 0.043183 0.043183 0.043183 0.043183 0.043183 0.043182 0.043182 0.043182 0.043182 0.043182 0.043182 0.043182 0.043182 0.043182 0.043181 0.043179 0.043171 0.043138 0.043007 0.042439 -9999.0 -9999.0
-9999.0 -9999.0 0.100000 0.100000 0.100000 0.100000 0.100000 0.100000 0.100000 0.100000 0.100000 0.100000 0.100000 0.100000 0.100000 0.100000 0.100000 0.099841 0.092320 0.080296 0.069787 0.062113 0.056959 0.053678 0.051667 0.050465 0.049756 0.049340 0.049094 0.048943 0.048844 0.048769 0.048700 0.048624 0.096909 0.097687 0.098203 0.098531 0.057526 0.052008 0.048288 0.045414 0.042177 0.039960 0.038065 0.036266 0.034324 0.031946 0.028892 0.025628 0.025221 0.025219 0.025219 0.025219 0.025219 0.025219 0.025219 0.025220 0.025530 0.030528 0.036612 0.040118 0.042669 0.043160 0.043193 0.043188 0.043186 0.043185 0.043185 0.043184 0.043184 0.043184 0.043184 0.043184 0.043184 0.043184 0.043184 0.043183 0.043183 0.043183 0.043183 0.043183 0.043183 0.043183 0.043183 0.043183 0.043183 0.043182 0.043182 0.043182 0.043182 0.043182 0.043182 0.043182 0.043182 0.043182 0.043181 0.043179 0.043171 0.043138 0.043007 0.042439 -9999.0 -9999.0
-9999.0 -9999.0 0.100000 0.100000 0.100000 0.100000 0.100000 0.100000 0.100000 0.100000 0.100000 0.100000 0.100000 0.100000 0.100000 0.100000 0.100000 0.099841 0.092320 0.080296 0.069787 0.062113 0.056959 0.053678 0.051667 0.050465 0.049756 0.049340 0.049094 0.048943 0.048844 0.048769 0.048700 0.048624 0.096909 0.097687 0.098203 0.098531 0.057526 0.052008 0.048288 0.045414 0.042177 0.039960 0.038065 0.036266 0.034324 0.031946 0.028892 0.025628 0.025221 0.025219 0.025219 0.025219 0.025219 0.025219 0.025219 0.025220 0.025530 0.030528 0.036612 0.040118 0.042669 0.043160 0.043193 0.043188 0.043186 0.043185 0.043185 0.043184 0.043184 0.043184 0.043184 0.043184 0.043184 0.043184 0.043184 0.043183 0.043183 0.043183 0.043183 0.043183 0.043183 0.043183 0.043183 0.043183 0.043183 0.043182 0.043182 0.043182 0.043182 0.043182 0.043182 0.043182 0.043182 0.043182 0.043181 0.043179 0.043171 0.043138 0.043007 0.042439 -9999.0 -9999.0
-9999.0 -9999.0 0.100000 0.100000 0.100000 0.100000 0.100000 0.100000 0.100000 0.100000 0.100000 0.100000 0.100000 0.100000 0.100000 0.100000 0.100000 0.099841 0.092320 0.080296 0.069787 0.062113 0.056959 0.053678 0.051667 0.050465 0.049756 0.049340 0.049094 0.048943 0.048844 0.048769 0.048700 0.048624 0.096909 0.097687 0.098203 0.098531 0.057526 0.052008 0.048288 0.045414 0.042177 0.039960 0.038065 0.036266 0.034324 0.031946 0.028892 0.025628 0.025221 0.025219 0.025219 0.025219 0.025219 0.025219 0.025219 0.025220 0.025530 0.030528 0.036612 0.040118 0.042669 0.043160 0.043193 0.043188 0.043186 0.043185 0.043185 0.043184 0.043184 0.043184 0.043184 0.043184 0.043184 0.043184 0.043184 0.043183 0.043183 0.043183 0.043183 0.043183 0.043183 0.043183 0.043183 0.043183 0.043183 0.043182 0.043182 0.043182 0.043182 0.043182 0.043182 0.043182 0.043182 0.043182 0.043181 0.043179 0.043171 0.043138 0.043007 0.042439 -9999.0 -9999.0
-9999.0 -9999.0 -9999.0 -9999.0 -9999.0 -9999.0 -9999.0 -9999.0 -9999.0 -9999.0 -9999.0 -9999.0 -9999.0 -9999.0 -9999.0 -9999.0 -9999.0 -9999.0 -9999.0 -9999.0 -9999.0 -9999.0 -9999.0 -9999.0 -9999.0 -9999.0 -9999.0 -9999.0 -9999.0 -9999.0 -9999.0 -9999.0 -9999.0 -9999.0 -9999.0 -9999.0 -9999.0 -9999.0 -9999.0 -9999.0 -9999.0 -9999.0 -9999.0 -9999.0 -9999.0 -9999.0 -9999.0 -9999.0 -9999.0 -9999.0 -9999.0 -9999.0 -9999.0 -9999.0 -9999.0 -9999.0 -9999.0 -9999.0 -9999.0 -9999.0 -9999.0 -9999.0 -9999.0 -9999.0 -9999.0 -9999.0 -9999.0 -9999.0 -9999.0 -9999.0 -9999.0 -9999.0 -9999.0 -9999.0 -9999.0 -9999.0 -9999.0 -9999.0 -9999.0 -9999.0 -9999.0 -9999.0 -9999.0 -9999.0 -9999.0 -9999.0 -9999.0 -9999.0 -9999.0 -9999.0 -9999.0 -9999.0 -9999.0 -9999.0 -9999.0 -9999.0 -9999.0 -9999.0 -9999.0 -9999.0 -9999.0 -9999.0 -9999.0 -9999.0
-9999.0 -9999.0 -9999.0 -9999.0 -9999.0 -9999.0 -9999.0 -9999.0 -9999.0 -9999.0 -9999.0 -9999.0 -9999.0 -9999.0 -9999.0 -9999.0 -9999.0 -9999.0 -9999.0 -9999.0 -9999.0 -9999.0 -9999.0 -9999.0 -9999.0 -9999.0 -9999.0 -9999.0 -9999.0 -9999.0 -9999.0 -9999.0 -9999.0 -9999.0 -9999.0 -9999.0 -9999.0 -9999.0 -9999.0 -9999.0 -9999.0 -9999.0 -9999.0 -9999.0 -9999.0 -9999.0 -9999.0 -9999.0 -9999.0 -9999.0 -9999.0 -9999.0 -9999.0 -9999.0 -9999.0 -9999.0 -9999.0 -9999.0 -9999.0 -9999.0 -9999.0 -9999.0 -9999.0 -9999.0 -9999.0 -9999.0 -9999.0 -9999.0 -9999.0 -9999.0 -9999.0 -9999.0 -9999.0 -9999.0 -9999.0 -9999.0 -9999.0 -9999.0 -9999.0 -9999.0 -9999.0 -9999.0 -9999.0 -9999.0 -9999.0 -9999.0 -9999.0 -9999.0 -9999.0 -9999.0 -9999.0 -9999.0 -9999.0 -9999.0 -9999.0 -9999.0 -9999.0 -9999.0 -9999.0 -9999.0 -9999.0 -9999.0 -9999.0 -9999.0