examples/3D/hillslope02_superslab/output-maps-SE27XX/thetaliqL0016N0003.asc
ncols         104
nrows         10
xllcorner     -2.000000
yllcorner     0.000000
cellsize      1.000000
NODATA_value  -9999.0
-9999.0 -9999.0 -9999.0 -9999.0 -9999.0 -9999.0 -9999.0 -9999.0 -9999.0 -9999.0 -9999.0 -9999.0 -9999.0 -9999.0 -9999.0 -9999.0 -9999.0 -9999.0 -9999.0 -9999.0 -9999.0 -9999.0 -9999.0 -9999.0 -9999.0 -9999.0 -9999.0 -9999.0 -9999.0 -9999.0 -9999.0 -9999.0 -9999.0 -9999.0 -9999.0 -9999.0 -9999.0 -9999.0 -9999.0 -9999.0 -9999.0 -9999.0 -9999.0 -9999.0 -9999.0 -9999.0 -9999.0 -9999.0 -9999.0 -9999.0 -9999.0 -9999.0 -9999.0 -9999.0 -9999.0 -9999.0 -9999.0 -9999.0 -9999.0 -9999.0 -9999.0 -9999.0 -9999.0 -9999.0 -9999.0 -9999.0 -9999.0 -9999.0 -9999.0 -9999.0 -9999.0 -9999.0 -9999.0 -9999.0 -9999.0 -9999.0 -9999.0 -9999.0 -9999.0 -9999.0 -9999.0 -9999.0 -9999.0 -9999.0 -9999.0 -9999.0 -9999.0 -9999.0 -9999.0 -9999.0 -9999.0 -9999.0 -9999.0 -9999.0 -9999.0 -9999.0 -9999.0 -9999.0 -9999.0 -9999.0 -9999.0 -9999.0 -9999.0 -9999.0
-9999.0 -9999.0 -9999.0 -9999.0 -9999.0 -9999.0 -9999.0 -9999.0 -9999.0 -9999.0 -9999.0 -9999.0 -9999.0 -9999.0 -9999.0 -9999.0 -9999.0 -9999.0 -9999.0 -9999.0 -9999.0 -9999.0 -9999.0 -9999.0 -9999.0 -9999.0 -9999.0 -9999.0 -9999.0 -9999.0 -9999.0 -9999.0 -9999.0 -9999.0 -9999.0 -9999.0 -9999.0 -9999.0 -9999.0 -9999.0 -9999.0 -9999.0 -9999.0 -9999.0 -9999.0 -9999.0 -9999.0 -9999.0 -9999.0 -9999.0 -9999.0 -9999.0 -9999.0 -9999.0 -9999.0 -9999.0 -9999.0 -9999.0 -9999.0 -9999.0 -9999.0 -9999.0 -9999.0 -9999.0 -9999.0 -9999.0 -9999.0 -9999.0 -9999.0 -9999.0 -9999.0 -9999.0 -9999.0 -9999.0 -9999.0 -9999.0 -9999.0 -9999.0 -9999.0 -9999.0 -9999.0 -9999.0 -9999.0 -9999.0 -9999.0 -9999.0 -9999.0 -9999.0 -9999.0 -9999.0 -9999.0 -9999.0 -9999.0 -9999.0 -9999.0 -9999.0 -9999.0 -9999.0 -9999.0 -9999.0 -9999.0 -9999.0 -9999.0 -9999.0
-9999.0 -9999.0 0.050577 0.044128 0.040266 0.038623 0.038097 0.037935 0.037890 0.037897 0.038019 0.038250 0.038560 0.039032 0.039685 0.040336 0.040942 0.041460 0.091018 0.090763 0.090604 0.090417 0.041246 0.041397 0.041208 0.040821 0.040333 0.039817 0.039331 0.038916 0.038589 0.038352 0.038189 0.038079 0.038007 0.037962 0.037934 0.037919 0.037911 0.037904 0.037840 0.036993 0.042745 0.033967 0.033964 0.033964 0.033964 0.033964 0.033964 0.033964 0.033964 0.033964 0.033964 0.033964 0.033964 0.033964 0.033964 0.033964 0.033964 0.033964 0.033967 0.043092 0.037320 0.037811 0.037816 0.037811 0.037810 0.037809 0.037809 0.037809 0.037809 0.037809 0.037809 0.037809 0.037809 0.037809 0.037809 0.037809 0.037809 0.037809 0.037809 0.037809 0.037809 0.037809 0.037809 0.037809 0.037809 0.037809 0.037809 0.037809 0.037809 0.037809 0.037809 0.037809 0.037809 0.037809 0.037809 0.037808 0.037806 0.037796 0.037751 0.037504 -9999.0 -9999.0
-9999.0 -9999.0 0.050577 0.044128 0.040266 0.038623 0.038097 0.037935 0.037890 0.037897 0.038019 0.038250 0.038560 0.039032 0.039685 0.040336 0.040942 0.041460 0.091018 0.090763 0.090604 0.090417 0.041246 0.041397 0.041208 0.040821 0.040333 0.039817 0.039331 0.038916 0.038589 0.038352 0.038189 0.038079 0.038007 0.037962 0.037934 0.037919 0.037911 0.037904 0.037840 0.036993 0.042745 0.033967 0.033964 0.033964 0.033964 0.033964 0.033964 0.033964 0.033964 0.033964 0.033964 0.033964 0.033964 0.033964 0.033964 0.033964 0.033964 0.033964 0.033967 0.043092 0.037320 0.037811 0.037816 0.037811 0.037810 0.037809 0.037809 0.037809 0.037809 0.037809 0.037809 0.037809 0.037809 0.037809 0.037809 0.037809 0.037809 0.037809 0.037809 0.037809 0.037809 0.037809 0.037809 0.037809 0.037809 0.037809 0.037809 0.037809 0.037809 0.037809 0.037809 0.037809 0.037809 0.037809 0.037809 0.037808 0.037806 0.037796 0.037751 0.037504 -9999.0 -9999.0
-9999.0 -9999.0 0.050577 0.044128 0.040266 0.038623 0.038097 0.037935 0.037890 0.037897 0.038019 0.038250 0.038560 0.039032 0.039685 0.040336 0.040942 0.041460 0.091018 0.090763 0.090604 0.090417 0.041246 0.041397 0.041208 0.040821 0.040333 0.039817 0.039331 0.038916 0.038589 0.038352 0.038189 0.038079 0.038007 0.037962 0.037934 0.037919 0.037911 0.037904 0.037840 0.036993 0.042745 0.033967 0.033964 0.033964 0.033964 0.033964 0.033964 0.033964 0.033964 0.033964 0.033964 0.033964 0.033964 0.033964 0.033964 0.033964 0.033964 0.033964 0.033967 0.043092 0.037320 0.037811 0.037816 0.037811 0.037810 0.037809 0.037809 0.037809 0.037809 0.037809 0.037809 0.037809 0.037809 0.037809 0.037809 0.037809 0.037809 0.037809 0.037809 0.037809 0.037809 0.037809 0.037809 0.037809 0.037809 0.037809 0.037809 0.037809 0.037809 0.037809 0.037809 0.037809 0.037809 0.037809 0.037809 0.037808 0.037806 0.037796 0.037751 0.037504 -9999.0 -9999.0
-9999.0 -9999.0 0.050577 0.044128 0.040266 0.038623 0.038097 0.037935 0.037890 0.037897 0.038019 0.038250 0.038560 0.039032 0.039685 0.040336 0.040942 0.041460 0.091018 0.090763 0.090604 0.090417 0.041246 0.041397 0.041208 0.040821 0.040333 0.039817 0.039331 0.038916 0.038589 0.038352 0.038189 0.038079 0.038007 0.037962 0.037934 0.037919 0.037911 0.037904 0.037840 0.036993 0.042745 0.033967 0.033964 0.033964 0.033964 0.033964 0.033964 0.033964 0.033964 0.033964 0.033964 0.033964 0.033964 0.033964 0.033964 0.033964 0.033964 0.033964 0.033967 0.043092 0.037320 0.037811 0.037816 0.037811 0.037810 0.037809 0.037809 0.037809 0.037809 0.037809 0.037809 0.037809 0.037809 0.037809 0.037809 0.037809 0.037809 0.037809 0.037809 0.037809 0.037809 0.037809 0.037809 0.037809 0.037809 0.037809 0.037809 0.037809 0.037809 0.037809 0.037809 0.037809 0.037809 0.037809 0.037809 0.037808 0.037806 0.037796 0.037751 0.037504 -9999.0 -9999.0
-9999.0 -9999.0 0.050577 0.044128 0.040266 0.038623 0.038097 0.037935 0.037890 0.037897 0.038019 0.038250 0.038560 0.039032 0.039685 0.040336 0.040942 0.041460 0.091018 0.090763 0.090604 0.090417 0.041246 0.041397 0.041208 0.040821 0.040333 0.039817 0.039331 0.038916 0.038589 0.038352 0.038189 0.038079 0.038007 0.037962 0.037934 0.037919 0.037911 0.037904 0.037840 0.036993 0.042745 0.033967 0.033964 0.033964 0.033964 0.033964 0.033964 0.033964 0.033964 0.033964 0.033964 0.033964 0.033964 0.033964 0.033964 0.033964 0.033964 0.033964 0.033967 0.043092 0.037320 0.037811 0.037816 0.037811 0.037810 0.037809 0.037809 0.037809 0.037809 0.037809 0.037809 0.037809 0.037809 0.037809 0.037809 0.037809 0.037809 0.037809 0.037809 0.037809 0.037809 0.037809 0.037809 0.037809 0.037809 0.037809 0.037809 0.037809 0.037809 0.037809 0.037809 0.037809 0.037809 0.037809 0.037809 0.037808 0.037806 0.037796 0.037751 0.037504 -9999.0 -9999.0
-9999.0 -9999.0 0.050577 0.044128 0.040266 0.038623 0.038097 0.037935 0.037890 0.037897 0.038019 0.038250 0.038560 0.039032 0.039685 0.040336 0.040942 0.041460 0.091018 0.090763 0.090604 0.090417 0.041246 0.041397 0.041208 0.040821 0.040333 0.039817 0.039331 0.038916 0.038589 0.038352 0.038189 0.038079 0.038007 0.037962 0.037934 0.037919 0.037911 0.037904 0.037840 0.036993 0.042745 0.033967 0.033964 0.033964 0.033964 0.033964 0.033964 0.033964 0.033964 0.033964 0.033964 0.033964 0.033964 0.033964 0.033964 0.033964 0.033964 0.033964 0.033967 0.043092 0.037320 0.037811 0.037816 0.037811 0.037810 0.037809 0.037809 0.037809 0.037809 0.037809 0.037809 0.037809 0.037809 0.037809 0.037809 0.037809 0.037809 0.037809 0.037809 0.037809 0.037809 0.037809 0.037809 0.037809 0.037809 0.037809 0.037809 0.037809 0.037809 0.037809 0.037809 0.037809 0.037809 0.037809 0.037809 0.037808 0.037806 0.037796 0.037751 0.037504 -9999.0 -9999.0
-9999.0 -9999.0 -9999.0 -9999.0 -9999.0 -9999.0 -9999.0 -9999.0 -9999.0 -9999.0 -9999.0 -9999.0 -9999.0 -9999.0 -9999.0 -9999.0 -9999.0 -9999.0 -9999.0 -9999.0 -9999.0 -9999.0 -9999.0 -9999.0 -9999.0 -9999.0 -9999.0 -9999.0 -9999.0 -9999.0 -9999.0 -9999.0 -9999.0 -9999.0 -9999.0 -9999.0 -9999.0 -9999.0 -9999.0 -9999.0 -9999.0 -9999.0 -9999.0 -9999.0 -9999.0 -9999.0 -9999.0 -9999.0 -9999.0 -9999.0 -9999.0 -9999.0 -9999.0 -9999.0 -9999.0 -9999.0 -9999.0 -9999.0 -9999.0 -9999.0 -9999.0 -9999.0 -9999.0 -9999.0 -9999.0 -9999.0 -9999.0 -9999.0 -9999.0 -9999.0 -9999.0 -9999.0 -9999.0 -9999.0 -9999.0 -9999.0 -9999.0 -9999.0 -9999.0 -9999.0 -9999.0 -9999.0 -9999.0 -9999.0 -9999.0 -9999.0 -9999.0 -9999.0 -9999.0 -9999.0 -9999.0 -9999.0 -9999.0 -9999.0 -9999.0 -9999.0 -9999.0 -9999.0 -9999.0 -9999.0 -9999.0 -9999.0 -9999.0 -9999.0
-9999.0 -9999.0 -9999.0 -9999.0 -9999.0 -9999.0 -9999.0 -9999.0 -9999.0 -9999.0 -9999.0 -9999.0 -9999.0 -9999.0 -9999.0 -9999.0 -9999.0 -9999.0 -9999.0 -9999.0 -9999.0 -9999.0 -9999.0 -9999.0 -9999.0 -9999.0 -9999.0 -9999.0 -9999.0 -9999.0 -9999.0 -9999.0 -9999.0 -9999.0 -9999.0 -9999.0 -9999.0 -9999.0 -9999.0 -9999.0 -9999.0 -9999.0 -9999.0 -9999.0 -9999.0 -9999.0 -9999.0 -9999.0 -9999.0 -9999.0 -9999.0 -9999.0 -9999.0 -9999.0 -9999.0 -9999.0 -9999.0 -9999.0 -9999.0 -9999.0 -9999.0 -9999.0 -9999.0 -9999.0 -9999.0 -9999.0 -9999.0 -9999.0 -9999.0 -9999.0 -9999.0 -9999.0 -9999.0 -9999.0 -9999.0 -9999.0 -9999.0 -9999.0 -9999.0 -9999.0 -9999.0 -9999.0 -9999.0 -9999.0 -9999.0 -9999.0 -9999.0 -9999.0 -9999.0 -9999.0 -9999.0 -9999.0 -9999.0 -9999.0 -9999.0 -9999.0 -9999.0 -9999.0 -9999.0 -9999.0 -9999.0 -9999.0 -9999.0 -9999.0