examples/3D/hillslope02_superslab/output-maps-SE27XX/thetaliqL0061N0003.asc
ncols         104
nrows         10
xllcorner     -2.000000
yllcorner     0.000000
cellsize      1.000000
NODATA_value  -9999.0
-9999.0 -9999.0 -9999.0 -9999.0 -9999.0 -9999.0 -9999.0 -9999.0 -9999.0 -9999.0 -9999.0 -9999.0 -9999.0 -9999.0 -9999.0 -9999.0 -9999.0 -9999.0 -9999.0 -9999.0 -9999.0 -9999.0 -9999.0 -9999.0 -9999.0 -9999.0 -9999.0 -9999.0 -9999.0 -9999.0 -9999.0 -9999.0 -9999.0 -9999.0 -9999.0 -9999.0 -9999.0 -9999.0 -9999.0 -9999.0 -9999.0 -9999.0 -9999.0 -9999.0 -9999.0 -9999.0 -9999.0 -9999.0 -9999.0 -9999.0 -9999.0 -9999.0 -9999.0 -9999.0 -9999.0 -9999.0 -9999.0 -9999.0 -9999.0 -9999.0 -9999.0 -9999.0 -9999.0 -9999.0 -9999.0 -9999.0 -9999.0 -9999.0 -9999.0 -9999.0 -9999.0 -9999.0 -9999.0 -9999.0 -9999.0 -9999.0 -9999.0 -9999.0 -9999.0 -9999.0 -9999.0 -9999.0 -9999.0 -9999.0 -9999.0 -9999.0 -9999.0 -9999.0 -9999.0 -9999.0 -9999.0 -9999.0 -9999.0 -9999.0 -9999.0 -9999.0 -9999.0 -9999.0 -9999.0 -9999.0 -9999.0 -9999.0 -9999.0 -9999.0
-9999.0 -9999.0 -9999.0 -9999.0 -9999.0 -9999.0 -9999.0 -9999.0 -9999.0 -9999.0 -9999.0 -9999.0 -9999.0 -9999.0 -9999.0 -9999.0 -9999.0 -9999.0 -9999.0 -9999.0 -9999.0 -9999.0 -9999.0 -9999.0 -9999.0 -9999.0 -9999.0 -9999.0 -9999.0 -9999.0 -9999.0 -9999.0 -9999.0 -9999.0 -9999.0 -9999.0 -9999.0 -9999.0 -9999.0 -9999.0 -9999.0 -9999.0 -9999.0 -9999.0 -9999.0 -9999.0 -9999.0 -9999.0 -9999.0 -9999.0 -9999.0 -9999.0 -9999.0 -9999.0 -9999.0 -9999.0 -9999.0 -9999.0 -9999.0 -9999.0 -9999.0 -9999.0 -9999.0 -9999.0 -9999.0 -9999.0 -9999.0 -9999.0 -9999.0 -9999.0 -9999.0 -9999.0 -9999.0 -9999.0 -9999.0 -9999.0 -9999.0 -9999.0 -9999.0 -9999.0 -9999.0 -9999.0 -9999.0 -9999.0 -9999.0 -9999.0 -9999.0 -9999.0 -9999.0 -9999.0 -9999.0 -9999.0 -9999.0 -9999.0 -9999.0 -9999.0 -9999.0 -9999.0 -9999.0 -9999.0 -9999.0 -9999.0 -9999.0 -9999.0
-9999.0 -9999.0 0.100000 0.100000 0.100000 0.100000 0.100000 0.100000 0.100000 0.100000 0.100000 0.100000 0.100000 0.100000 0.100000 0.100000 0.100000 0.100000 0.100000 0.100000 0.100000 0.100000 0.100000 0.100000 0.100000 0.100000 0.100000 0.099625 0.094160 0.085442 0.076855 0.069730 0.064226 0.060116 0.057099 0.054897 0.053283 0.052076 0.051141 0.050365 0.097359 0.097765 0.097438 0.096650 0.046202 0.043680 0.041554 0.039491 0.037223 0.034301 0.030133 0.026976 0.027194 0.027096 0.027068 0.027085 0.027142 0.027249 0.027849 0.032977 0.038887 0.042180 0.044185 0.044645 0.044684 0.044677 0.044670 0.044664 0.044657 0.044649 0.044640 0.044631 0.044621 0.044611 0.044601 0.044591 0.044581 0.044572 0.044563 0.044555 0.044548 0.044541 0.044535 0.044530 0.044526 0.044522 0.044518 0.044516 0.044513 0.044511 0.044510 0.044509 0.044508 0.044507 0.044506 0.044505 0.044504 0.044500 0.044488 0.044442 0.044269 0.043582 -9999.0 -9999.0
-9999.0 -9999.0 0.100000 0.100000 0.100000 0.100000 0.100000 0.100000 0.100000 0.100000 0.100000 0.100000 0.100000 0.100000 0.100000 0.100000 0.100000 0.100000 0.100000 0.100000 0.100000 0.100000 0.100000 0.100000 0.100000 0.100000 0.100000 0.099625 0.094160 0.085442 0.076855 0.069730 0.064226 0.060116 0.057099 0.054897 0.053283 0.052076 0.051141 0.050365 0.097359 0.097765 0.097438 0.096650 0.046202 0.043680 0.041554 0.039491 0.037223 0.034301 0.030133 0.026976 0.027194 0.027096 0.027068 0.027085 0.027142 0.027249 0.027849 0.032977 0.038887 0.042180 0.044185 0.044645 0.044684 0.044677 0.044670 0.044664 0.044657 0.044649 0.044640 0.044631 0.044621 0.044611 0.044601 0.044591 0.044581 0.044572 0.044563 0.044555 0.044548 0.044541 0.044535 0.044530 0.044526 0.044522 0.044518 0.044516 0.044513 0.044511 0.044510 0.044509 0.044508 0.044507 0.044506 0.044505 0.044504 0.044500 0.044488 0.044442 0.044269 0.043582 -9999.0 -9999.0
-9999.0 -9999.0 0.100000 0.100000 0.100000 0.100000 0.100000 0.100000 0.100000 0.100000 0.100000 0.100000 0.100000 0.100000 0.100000 0.100000 0.100000 0.100000 0.100000 0.100000 0.100000 0.100000 0.100000 0.100000 0.100000 0.100000 0.100000 0.099625 0.094160 0.085442 0.076855 0.069730 0.064226 0.060116 0.057099 0.054897 0.053283 0.052076 0.051141 0.050365 0.097359 0.097765 0.097438 0.096650 0.046202 0.043680 0.041554 0.039491 0.037223 0.034301 0.030133 0.026976 0.027194 0.027096 0.027068 0.027085 0.027142 0.027249 0.027849 0.032977 0.038887 0.042180 0.044185 0.044645 0.044684 0.044677 0.044670 0.044664 0.044657 0.044649 0.044640 0.044631 0.044621 0.044611 0.044601 0.044591 0.044581 0.044572 0.044563 0.044555 0.044548 0.044541 0.044535 0.044530 0.044526 0.044522 0.044518 0.044516 0.044513 0.044511 0.044510 0.044509 0.044508 0.044507 0.044506 0.044505 0.044504 0.044500 0.044488 0.044442 0.044269 0.043582 -9999.0 -9999.0
-9999.0 -9999.0 0.100000 0.100000 0.100000 0.100000 0.100000 0.100000 0.100000 0.100000 0.100000 0.100000 0.100000 0.100000 0.100000 0.100000 0.100000 0.100000 0.100000 0.100000 0.100000 0.100000 0.100000 0.100000 0.100000 0.100000 0.100000 0.099625 0.094160 0.085442 0.076855 0.069730 0.064226 0.060116 0.057099 0.054897 0.053283 0.052076 0.051141 0.050365 0.097359 0.097765 0.097438 0.096650 0.046202 0.043680 0.041554 0.039491 0.037223 0.034301 0.030133 0.026976 0.027194 0.027096 0.027068 0.027085 0.027142 0.027249 0.027849 0.032977 0.038887 0.042180 0.044185 0.044645 0.044684 0.044677 0.044670 0.044664 0.044657 0.044649 0.044640 0.044631 0.044621 0.044611 0.044601 0.044591 0.044581 0.044572 0.044563 0.044555 0.044548 0.044541 0.044535 0.044530 0.044526 0.044522 0.044518 0.044516 0.044513 0.044511 0.044510 0.044509 0.044508 0.044507 0.044506 0.044505 0.044504 0.044500 0.044488 0.044442 0.044269 0.043582 -9999.0 -9999.0
-9999.0 -9999.0 0.100000 0.100000 0.100000 0.100000 0.100000 0.100000 0.100000 0.100000 0.100000 0.100000 0.100000 0.100000 0.100000 0.100000 0.100000 0.100000 0.100000 0.100000 0.100000 0.100000 0.100000 0.100000 0.100000 0.100000 0.100000 0.099625 0.094160 0.085442 0.076855 0.069730 0.064226 0.060116 0.057099 0.054897 0.053283 0.052076 0.051141 0.050365 0.097359 0.097765 0.097438 0.096650 0.046202 0.043680 0.041554 0.039491 0.037223 0.034301 0.030133 0.026976 0.027194 0.027096 0.027068 0.027085 0.027142 0.027249 0.027849 0.032977 0.038887 0.042180 0.044185 0.044645 0.044684 0.044677 0.044670 0.044664 0.044657 0.044649 0.044640 0.044631 0.044621 0.044611 0.044601 0.044591 0.044581 0.044572 0.044563 0.044555 0.044548 0.044541 0.044535 0.044530 0.044526 0.044522 0.044518 0.044516 0.044513 0.044511 0.044510 0.044509 0.044508 0.044507 0.044506 0.044505 0.044504 0.044500 0.044488 0.044442 0.044269 0.043582 -9999.0 -9999.0
-9999.0 -9999.0 0.100000 0.100000 0.100000 0.100000 0.100000 0.100000 0.100000 0.100000 0.100000 0.100000 0.100000 0.100000 0.100000 0.100000 0.100000 0.100000 0.100000 0.100000 0.100000 0.100000 0.100000 0.100000 0.100000 0.100000 0.100000 0.099625 0.094160 0.085442 0.076855 0.069730 0.064226 0.060116 0.057099 0.054897 0.053283 0.052076 0.051141 0.050365 0.097359 0.097765 0.097438 0.096650 0.046202 0.043680 0.041554 0.039491 0.037223 0.034301 0.030133 0.026976 0.027194 0.027096 0.027068 0.027085 0.027142 0.027249 0.027849 0.032977 0.038887 0.042180 0.044185 0.044645 0.044684 0.044677 0.044670 0.044664 0.044657 0.044649 0.044640 0.044631 0.044621 0.044611 0.044601 0.044591 0.044581 0.044572 0.044563 0.044555 0.044548 0.044541 0.044535 0.044530 0.044526 0.044522 0.044518 0.044516 0.044513 0.044511 0.044510 0.044509 0.044508 0.044507 0.044506 0.044505 0.044504 0.044500 0.044488 0.044442 0.044269 0.043582 -9999.0 -9999.0
-9999.0 -9999.0 -9999.0 -9999.0 -9999.0 -9999.0 -9999.0 -9999.0 -9999.0 -9999.0 -9999.0 -9999.0 -9999.0 -9999.0 -9999.0 -9999.0 -9999.0 -9999.0 -9999.0 -9999.0 -9999.0 -9999.0 -9999.0 -9999.0 -9999.0 -9999.0 -9999.0 -9999.0 -9999.0 -9999.0 -9999.0 -9999.0 -9999.0 -9999.0 -9999.0 -9999.0 -9999.0 -9999.0 -9999.0 -9999.0 -9999.0 -9999.0 -9999.0 -9999.0 -9999.0 -9999.0 -9999.0 -9999.0 -9999.0 -9999.0 -9999.0 -9999.0 -9999.0 -9999.0 -9999.0 -9999.0 -9999.0 -9999.0 -9999.0 -9999.0 -9999.0 -9999.0 -9999.0 -9999.0 -9999.0 -9999.0 -9999.0 -9999.0 -9999.0 -9999.0 -9999.0 -9999.0 -9999.0 -9999.0 -9999.0 -9999.0 -9999.0 -9999.0 -9999.0 -9999.0 -9999.0 -9999.0 -9999.0 -9999.0 -9999.0 -9999.0 -9999.0 -9999.0 -9999.0 -9999.0 -9999.0 -9999.0 -9999.0 -9999.0 -9999.0 -9999.0 -9999.0 -9999.0 -9999.0 -9999.0 -9999.0 -9999.0 -9999.0 -9999.0
-9999.0 -9999.0 -9999.0 -9999.0 -9999.0 -9999.0 -9999.0 -9999.0 -9999.0 -9999.0 -9999.0 -9999.0 -9999.0 -9999.0 -9999.0 -9999.0 -9999.0 -9999.0 -9999.0 -9999.0 -9999.0 -9999.0 -9999.0 -9999.0 -9999.0 -9999.0 -9999.0 -9999.0 -9999.0 -9999.0 -9999.0 -9999.0 -9999.0 -9999.0 -9999.0 -9999.0 -9999.0 -9999.0 -9999.0 -9999.0 -9999.0 -9999.0 -9999.0 -9999.0 -9999.0 -9999.0 -9999.0 -9999.0 -9999.0 -9999.0 -9999.0 -9999.0 -9999.0 -9999.0 -9999.0 -9999.0 -9999.0 -9999.0 -9999.0 -9999.0 -9999.0 -9999.0 -9999.0 -9999.0 -9999.0 -9999.0 -9999.0 -9999.0 -9999.0 -9999.0 -9999.0 -9999.0 -9999.0 -9999.0 -9999.0 -9999.0 -9999.0 -9999.0 -9999.0 -9999.0 -9999.0 -9999.0 -9999.0 -9999.0 -9999.0 -9999.0 -9999.0 -9999.0 -9999.0 -9999.0 -9999.0 -9999.0 -9999.0 -9999.0 -9999.0 -9999.0 -9999.0 -9999.0 -9999.0 -9999.0 -9999.0 -9999.0 -9999.0 -9999.0