examples/3D/hillslope02_superslab/output-maps-SE27XX/thetaliqL0041N0001.asc
ncols         104
nrows         10
xllcorner     -2.000000
yllcorner     0.000000
cellsize      1.000000
NODATA_value  -9999.0
-9999.0 -9999.0 -9999.0 -9999.0 -9999.0 -9999.0 -9999.0 -9999.0 -9999.0 -9999.0 -9999.0 -9999.0 -9999.0 -9999.0 -9999.0 -9999.0 -9999.0 -9999.0 -9999.0 -9999.0 -9999.0 -9999.0 -9999.0 -9999.0 -9999.0 -9999.0 -9999.0 -9999.0 -9999.0 -9999.0 -9999.0 -9999.0 -9999.0 -9999.0 -9999.0 -9999.0 -9999.0 -9999.0 -9999.0 -9999.0 -9999.0 -9999.0 -9999.0 -9999.0 -9999.0 -9999.0 -9999.0 -9999.0 -9999.0 -9999.0 -9999.0 -9999.0 -9999.0 -9999.0 -9999.0 -9999.0 -9999.0 -9999.0 -9999.0 -9999.0 -9999.0 -9999.0 -9999.0 -9999.0 -9999.0 -9999.0 -9999.0 -9999.0 -9999.0 -9999.0 -9999.0 -9999.0 -9999.0 -9999.0 -9999.0 -9999.0 -9999.0 -9999.0 -9999.0 -9999.0 -9999.0 -9999.0 -9999.0 -9999.0 -9999.0 -9999.0 -9999.0 -9999.0 -9999.0 -9999.0 -9999.0 -9999.0 -9999.0 -9999.0 -9999.0 -9999.0 -9999.0 -9999.0 -9999.0 -9999.0 -9999.0 -9999.0 -9999.0 -9999.0
-9999.0 -9999.0 -9999.0 -9999.0 -9999.0 -9999.0 -9999.0 -9999.0 -9999.0 -9999.0 -9999.0 -9999.0 -9999.0 -9999.0 -9999.0 -9999.0 -9999.0 -9999.0 -9999.0 -9999.0 -9999.0 -9999.0 -9999.0 -9999.0 -9999.0 -9999.0 -9999.0 -9999.0 -9999.0 -9999.0 -9999.0 -9999.0 -9999.0 -9999.0 -9999.0 -9999.0 -9999.0 -9999.0 -9999.0 -9999.0 -9999.0 -9999.0 -9999.0 -9999.0 -9999.0 -9999.0 -9999.0 -9999.0 -9999.0 -9999.0 -9999.0 -9999.0 -9999.0 -9999.0 -9999.0 -9999.0 -9999.0 -9999.0 -9999.0 -9999.0 -9999.0 -9999.0 -9999.0 -9999.0 -9999.0 -9999.0 -9999.0 -9999.0 -9999.0 -9999.0 -9999.0 -9999.0 -9999.0 -9999.0 -9999.0 -9999.0 -9999.0 -9999.0 -9999.0 -9999.0 -9999.0 -9999.0 -9999.0 -9999.0 -9999.0 -9999.0 -9999.0 -9999.0 -9999.0 -9999.0 -9999.0 -9999.0 -9999.0 -9999.0 -9999.0 -9999.0 -9999.0 -9999.0 -9999.0 -9999.0 -9999.0 -9999.0 -9999.0 -9999.0
-9999.0 -9999.0 0.057271 0.054657 0.053873 0.053595 0.053644 0.054013 0.054767 0.055382 0.052336 0.045672 0.030370 0.024524 0.024519 0.024519 0.024519 0.024519 0.024519 0.024519 0.024519 0.024519 0.024520 0.024523 0.024546 0.024725 0.025676 0.028167 0.033561 0.045397 0.098698 0.099914 0.100000 0.100000 0.100000 0.100000 0.100000 0.100000 0.100000 0.096179 0.075650 0.065665 0.048382 0.033364 0.024747 0.024520 0.024519 0.024519 0.024519 0.024519 0.024519 0.024519 0.024519 0.024519 0.024519 0.024519 0.024519 0.024519 0.024519 0.024537 0.028867 0.044713 0.057537 0.055344 0.054182 0.053679 0.053503 0.053458 0.053446 0.053443 0.053442 0.053441 0.053441 0.053441 0.053441 0.053441 0.053441 0.053441 0.053441 0.053441 0.053441 0.053441 0.053441 0.053441 0.053441 0.053441 0.053441 0.053441 0.053441 0.053441 0.053441 0.053440 0.053440 0.053439 0.053437 0.053429 0.053406 0.053328 0.053043 0.051868 0.046172 0.027235 -9999.0 -9999.0
-9999.0 -9999.0 0.057271 0.054657 0.053873 0.053595 0.053644 0.054013 0.054767 0.055382 0.052336 0.045672 0.030370 0.024524 0.024519 0.024519 0.024519 0.024519 0.024519 0.024519 0.024519 0.024519 0.024520 0.024523 0.024546 0.024725 0.025676 0.028167 0.033561 0.045397 0.098698 0.099914 0.100000 0.100000 0.100000 0.100000 0.100000 0.100000 0.100000 0.096179 0.075650 0.065665 0.048382 0.033364 0.024747 0.024520 0.024519 0.024519 0.024519 0.024519 0.024519 0.024519 0.024519 0.024519 0.024519 0.024519 0.024519 0.024519 0.024519 0.024537 0.028867 0.044713 0.057537 0.055344 0.054182 0.053679 0.053503 0.053458 0.053446 0.053443 0.053442 0.053441 0.053441 0.053441 0.053441 0.053441 0.053441 0.053441 0.053441 0.053441 0.053441 0.053441 0.053441 0.053441 0.053441 0.053441 0.053441 0.053441 0.053441 0.053441 0.053441 0.053440 0.053440 0.053439 0.053437 0.053429 0.053406 0.053328 0.053043 0.051868 0.046172 0.027235 -9999.0 -9999.0
-9999.0 -9999.0 0.057271 0.054657 0.053873 0.053595 0.053644 0.054013 0.054767 0.055382 0.052336 0.045672 0.030370 0.024524 0.024519 0.024519 0.024519 0.024519 0.024519 0.024519 0.024519 0.024519 0.024520 0.024523 0.024546 0.024725 0.025676 0.028167 0.033561 0.045397 0.098698 0.099914 0.100000 0.100000 0.100000 0.100000 0.100000 0.100000 0.100000 0.096179 0.075650 0.065665 0.048382 0.033364 0.024747 0.024520 0.024519 0.024519 0.024519 0.024519 0.024519 0.024519 0.024519 0.024519 0.024519 0.024519 0.024519 0.024519 0.024519 0.024537 0.028867 0.044713 0.057537 0.055344 0.054182 0.053679 0.053503 0.053458 0.053446 0.053443 0.053442 0.053441 0.053441 0.053441 0.053441 0.053441 0.053441 0.053441 0.053441 0.053441 0.053441 0.053441 0.053441 0.053441 0.053441 0.053441 0.053441 0.053441 0.053441 0.053441 0.053441 0.053440 0.053440 0.053439 0.053437 0.053429 0.053406 0.053328 0.053043 0.051868 0.046172 0.027235 -9999.0 -9999.0
-9999.0 -9999.0 0.057271 0.054657 0.053873 0.053595 0.053644 0.054013 0.054767 0.055382 0.052336 0.045672 0.030370 0.024524 0.024519 0.024519 0.024519 0.024519 0.024519 0.024519 0.024519 0.024519 0.024520 0.024523 0.024546 0.024725 0.025676 0.028167 0.033561 0.045397 0.098698 0.099914 0.100000 0.100000 0.100000 0.100000 0.100000 0.100000 0.100000 0.096179 0.075650 0.065665 0.048382 0.033364 0.024747 0.024520 0.024519 0.024519 0.024519 0.024519 0.024519 0.024519 0.024519 0.024519 0.024519 0.024519 0.024519 0.024519 0.024519 0.024537 0.028867 0.044713 0.057537 0.055344 0.054182 0.053679 0.053503 0.053458 0.053446 0.053443 0.053442 0.053441 0.053441 0.053441 0.053441 0.053441 0.053441 0.053441 0.053441 0.053441 0.053441 0.053441 0.053441 0.053441 0.053441 0.053441 0.053441 0.053441 0.053441 0.053441 0.053441 0.053440 0.053440 0.053439 0.053437 0.053429 0.053406 0.053328 0.053043 0.051868 0.046172 0.027235 -9999.0 -9999.0
-9999.0 -9999.0 0.057271 0.054657 0.053873 0.053595 0.053644 0.054013 0.054767 0.055382 0.052336 0.045672 0.030370 0.024524 0.024519 0.024519 0.024519 0.024519 0.024519 0.024519 0.024519 0.024519 0.024520 0.024523 0.024546 0.024725 0.025676 0.028167 0.033561 0.045397 0.098698 0.099914 0.100000 0.100000 0.100000 0.100000 0.100000 0.100000 0.100000 0.096179 0.075650 0.065665 0.048382 0.033364 0.024747 0.024520 0.024519 0.024519 0.024519 0.024519 0.024519 0.024519 0.024519 0.024519 0.024519 0.024519 0.024519 0.024519 0.024519 0.024537 0.028867 0.044713 0.057537 0.055344 0.054182 0.053679 0.053503 0.053458 0.053446 0.053443 0.053442 0.053441 0.053441 0.053441 0.053441 0.053441 0.053441 0.053441 0.053441 0.053441 0.053441 0.053441 0.053441 0.053441 0.053441 0.053441 0.053441 0.053441 0.053441 0.053441 0.053441 0.053440 0.053440 0.053439 0.053437 0.053429 0.053406 0.053328 0.053043 0.051868 0.046172 0.027235 -9999.0 -9999.0
-9999.0 -9999.0 0.057271 0.054657 0.053873 0.053595 0.053644 0.054013 0.054767 0.055382 0.052336 0.045672 0.030370 0.024524 0.024519 0.024519 0.024519 0.024519 0.024519 0.024519 0.024519 0.024519 0.024520 0.024523 0.024546 0.024725 0.025676 0.028167 0.033561 0.045397 0.098698 0.099914 0.100000 0.100000 0.100000 0.100000 0.100000 0.100000 0.100000 0.096179 0.075650 0.065665 0.048382 0.033364 0.024747 0.024520 0.024519 0.024519 0.024519 0.024519 0.024519 0.024519 0.024519 0.024519 0.024519 0.024519 0.024519 0.024519 0.024519 0.024537 0.028867 0.044713 0.057537 0.055344 0.054182 0.053679 0.053503 0.053458 0.053446 0.053443 0.053442 0.053441 0.053441 0.053441 0.053441 0.053441 0.053441 0.053441 0.053441 0.053441 0.053441 0.053441 0.053441 0.053441 0.053441 0.053441 0.053441 0.053441 0.053441 0.053441 0.053441 0.053440 0.053440 0.053439 0.053437 0.053429 0.053406 0.053328 0.053043 0.051868 0.046172 0.027235 -9999.0 -9999.0
-9999.0 -9999.0 -9999.0 -9999.0 -9999.0 -9999.0 -9999.0 -9999.0 -9999.0 -9999.0 -9999.0 -9999.0 -9999.0 -9999.0 -9999.0 -9999.0 -9999.0 -9999.0 -9999.0 -9999.0 -9999.0 -9999.0 -9999.0 -9999.0 -9999.0 -9999.0 -9999.0 -9999.0 -9999.0 -9999.0 -9999.0 -9999.0 -9999.0 -9999.0 -9999.0 -9999.0 -9999.0 -9999.0 -9999.0 -9999.0 -9999.0 -9999.0 -9999.0 -9999.0 -9999.0 -9999.0 -9999.0 -9999.0 -9999.0 -9999.0 -9999.0 -9999.0 -9999.0 -9999.0 -9999.0 -9999.0 -9999.0 -9999.0 -9999.0 -9999.0 -9999.0 -9999.0 -9999.0 -9999.0 -9999.0 -9999.0 -9999.0 -9999.0 -9999.0 -9999.0 -9999.0 -9999.0 -9999.0 -9999.0 -9999.0 -9999.0 -9999.0 -9999.0 -9999.0 -9999.0 -9999.0 -9999.0 -9999.0 -9999.0 -9999.0 -9999.0 -9999.0 -9999.0 -9999.0 -9999.0 -9999.0 -9999.0 -9999.0 -9999.0 -9999.0 -9999.0 -9999.0 -9999.0 -9999.0 -9999.0 -9999.0 -9999.0 -9999.0 -9999.0
-9999.0 -9999.0 -9999.0 -9999.0 -9999.0 -9999.0 -9999.0 -9999.0 -9999.0 -9999.0 -9999.0 -9999.0 -9999.0 -9999.0 -9999.0 -9999.0 -9999.0 -9999.0 -9999.0 -9999.0 -9999.0 -9999.0 -9999.0 -9999.0 -9999.0 -9999.0 -9999.0 -9999.0 -9999.0 -9999.0 -9999.0 -9999.0 -9999.0 -9999.0 -9999.0 -9999.0 -9999.0 -9999.0 -9999.0 -9999.0 -9999.0 -9999.0 -9999.0 -9999.0 -9999.0 -9999.0 -9999.0 -9999.0 -9999.0 -9999.0 -9999.0 -9999.0 -9999.0 -9999.0 -9999.0 -9999.0 -9999.0 -9999.0 -9999.0 -9999.0 -9999.0 -9999.0 -9999.0 -9999.0 -9999.0 -9999.0 -9999.0 -9999.0 -9999.0 -9999.0 -9999.0 -9999.0 -9999.0 -9999.0 -9999.0 -9999.0 -9999.0 -9999.0 -9999.0 -9999.0 -9999.0 -9999.0 -9999.0 -9999.0 -9999.0 -9999.0 -9999.0 -9999.0 -9999.0 -9999.0 -9999.0 -9999.0 -9999.0 -9999.0 -9999.0 -9999.0 -9999.0 -9999.0 -9999.0 -9999.0 -9999.0 -9999.0 -9999.0 -9999.0