examples/3D/hillslope02_superslab/output-maps-SE27XX/thetaliqL0008N0003.asc
ncols         104
nrows         10
xllcorner     -2.000000
yllcorner     0.000000
cellsize      1.000000
NODATA_value  -9999.0
-9999.0 -9999.0 -9999.0 -9999.0 -9999.0 -9999.0 -9999.0 -9999.0 -9999.0 -9999.0 -9999.0 -9999.0 -9999.0 -9999.0 -9999.0 -9999.0 -9999.0 -9999.0 -9999.0 -9999.0 -9999.0 -9999.0 -9999.0 -9999.0 -9999.0 -9999.0 -9999.0 -9999.0 -9999.0 -9999.0 -9999.0 -9999.0 -9999.0 -9999.0 -9999.0 -9999.0 -9999.0 -9999.0 -9999.0 -9999.0 -9999.0 -9999.0 -9999.0 -9999.0 -9999.0 -9999.0 -9999.0 -9999.0 -9999.0 -9999.0 -9999.0 -9999.0 -9999.0 -9999.0 -9999.0 -9999.0 -9999.0 -9999.0 -9999.0 -9999.0 -9999.0 -9999.0 -9999.0 -9999.0 -9999.0 -9999.0 -9999.0 -9999.0 -9999.0 -9999.0 -9999.0 -9999.0 -9999.0 -9999.0 -9999.0 -9999.0 -9999.0 -9999.0 -9999.0 -9999.0 -9999.0 -9999.0 -9999.0 -9999.0 -9999.0 -9999.0 -9999.0 -9999.0 -9999.0 -9999.0 -9999.0 -9999.0 -9999.0 -9999.0 -9999.0 -9999.0 -9999.0 -9999.0 -9999.0 -9999.0 -9999.0 -9999.0 -9999.0 -9999.0
-9999.0 -9999.0 -9999.0 -9999.0 -9999.0 -9999.0 -9999.0 -9999.0 -9999.0 -9999.0 -9999.0 -9999.0 -9999.0 -9999.0 -9999.0 -9999.0 -9999.0 -9999.0 -9999.0 -9999.0 -9999.0 -9999.0 -9999.0 -9999.0 -9999.0 -9999.0 -9999.0 -9999.0 -9999.0 -9999.0 -9999.0 -9999.0 -9999.0 -9999.0 -9999.0 -9999.0 -9999.0 -9999.0 -9999.0 -9999.0 -9999.0 -9999.0 -9999.0 -9999.0 -9999.0 -9999.0 -9999.0 -9999.0 -9999.0 -9999.0 -9999.0 -9999.0 -9999.0 -9999.0 -9999.0 -9999.0 -9999.0 -9999.0 -9999.0 -9999.0 -9999.0 -9999.0 -9999.0 -9999.0 -9999.0 -9999.0 -9999.0 -9999.0 -9999.0 -9999.0 -9999.0 -9999.0 -9999.0 -9999.0 -9999.0 -9999.0 -9999.0 -9999.0 -9999.0 -9999.0 -9999.0 -9999.0 -9999.0 -9999.0 -9999.0 -9999.0 -9999.0 -9999.0 -9999.0 -9999.0 -9999.0 -9999.0 -9999.0 -9999.0 -9999.0 -9999.0 -9999.0 -9999.0 -9999.0 -9999.0 -9999.0 -9999.0 -9999.0 -9999.0
-9999.0 -9999.0 0.035982 0.035676 0.035620 0.035608 0.035610 0.035620 0.035635 0.035680 0.035983 0.036441 0.036920 0.037498 0.084937 0.084360 0.084004 0.083690 0.037465 0.038080 0.038354 0.038351 0.038153 0.037833 0.037452 0.037062 0.036702 0.036397 0.036157 0.035979 0.035857 0.035781 0.035738 0.035711 0.035695 0.035685 0.035679 0.035677 0.035676 0.035675 0.035649 0.035243 0.056220 0.048431 0.048472 0.048483 0.048484 0.048479 0.048472 0.048464 0.048457 0.048445 0.048432 0.048420 0.048409 0.048394 0.048374 0.048354 0.048331 0.048292 0.048176 0.054485 0.035420 0.035610 0.035603 0.035599 0.035598 0.035597 0.035597 0.035597 0.035597 0.035597 0.035597 0.035597 0.035597 0.035597 0.035597 0.035597 0.035597 0.035597 0.035597 0.035597 0.035597 0.035597 0.035597 0.035597 0.035597 0.035597 0.035597 0.035597 0.035597 0.035597 0.035597 0.035597 0.035597 0.035597 0.035597 0.035597 0.035595 0.035588 0.035558 0.035386 -9999.0 -9999.0
-9999.0 -9999.0 0.035982 0.035676 0.035620 0.035608 0.035610 0.035620 0.035635 0.035680 0.035983 0.036441 0.036920 0.037498 0.084937 0.084360 0.084004 0.083690 0.037465 0.038080 0.038354 0.038351 0.038153 0.037833 0.037452 0.037062 0.036702 0.036397 0.036157 0.035979 0.035857 0.035781 0.035738 0.035711 0.035695 0.035685 0.035679 0.035677 0.035676 0.035675 0.035649 0.035243 0.056220 0.048431 0.048472 0.048483 0.048484 0.048479 0.048472 0.048464 0.048457 0.048445 0.048432 0.048420 0.048409 0.048394 0.048374 0.048354 0.048331 0.048292 0.048176 0.054485 0.035420 0.035610 0.035603 0.035599 0.035598 0.035597 0.035597 0.035597 0.035597 0.035597 0.035597 0.035597 0.035597 0.035597 0.035597 0.035597 0.035597 0.035597 0.035597 0.035597 0.035597 0.035597 0.035597 0.035597 0.035597 0.035597 0.035597 0.035597 0.035597 0.035597 0.035597 0.035597 0.035597 0.035597 0.035597 0.035597 0.035595 0.035588 0.035558 0.035386 -9999.0 -9999.0
-9999.0 -9999.0 0.035982 0.035676 0.035620 0.035608 0.035610 0.035620 0.035635 0.035680 0.035983 0.036441 0.036920 0.037498 0.084937 0.084360 0.084004 0.083690 0.037465 0.038080 0.038354 0.038351 0.038153 0.037833 0.037452 0.037062 0.036702 0.036397 0.036157 0.035979 0.035857 0.035781 0.035738 0.035711 0.035695 0.035685 0.035679 0.035677 0.035676 0.035675 0.035649 0.035243 0.056220 0.048431 0.048472 0.048483 0.048484 0.048479 0.048472 0.048464 0.048457 0.048445 0.048432 0.048420 0.048409 0.048394 0.048374 0.048354 0.048331 0.048292 0.048176 0.054485 0.035420 0.035610 0.035603 0.035599 0.035598 0.035597 0.035597 0.035597 0.035597 0.035597 0.035597 0.035597 0.035597 0.035597 0.035597 0.035597 0.035597 0.035597 0.035597 0.035597 0.035597 0.035597 0.035597 0.035597 0.035597 0.035597 0.035597 0.035597 0.035597 0.035597 0.035597 0.035597 0.035597 0.035597 0.035597 0.035597 0.035595 0.035588 0.035558 0.035386 -9999.0 -9999.0
-9999.0 -9999.0 0.035982 0.035676 0.035620 0.035608 0.035610 0.035620 0.035635 0.035680 0.035983 0.036441 0.036920 0.037498 0.084937 0.084360 0.084004 0.083690 0.037465 0.038080 0.038354 0.038351 0.038153 0.037833 0.037452 0.037062 0.036702 0.036397 0.036157 0.035979 0.035857 0.035781 0.035738 0.035711 0.035695 0.035685 0.035679 0.035677 0.035676 0.035675 0.035649 0.035243 0.056220 0.048431 0.048472 0.048483 0.048484 0.048479 0.048472 0.048464 0.048457 0.048445 0.048432 0.048420 0.048409 0.048394 0.048374 0.048354 0.048331 0.048292 0.048176 0.054485 0.035420 0.035610 0.035603 0.035599 0.035598 0.035597 0.035597 0.035597 0.035597 0.035597 0.035597 0.035597 0.035597 0.035597 0.035597 0.035597 0.035597 0.035597 0.035597 0.035597 0.035597 0.035597 0.035597 0.035597 0.035597 0.035597 0.035597 0.035597 0.035597 0.035597 0.035597 0.035597 0.035597 0.035597 0.035597 0.035597 0.035595 0.035588 0.035558 0.035386 -9999.0 -9999.0
-9999.0 -9999.0 0.035982 0.035676 0.035620 0.035608 0.035610 0.035620 0.035635 0.035680 0.035983 0.036441 0.036920 0.037498 0.084937 0.084360 0.084004 0.083690 0.037465 0.038080 0.038354 0.038351 0.038153 0.037833 0.037452 0.037062 0.036702 0.036397 0.036157 0.035979 0.035857 0.035781 0.035738 0.035711 0.035695 0.035685 0.035679 0.035677 0.035676 0.035675 0.035649 0.035243 0.056220 0.048431 0.048472 0.048483 0.048484 0.048479 0.048472 0.048464 0.048457 0.048445 0.048432 0.048420 0.048409 0.048394 0.048374 0.048354 0.048331 0.048292 0.048176 0.054485 0.035420 0.035610 0.035603 0.035599 0.035598 0.035597 0.035597 0.035597 0.035597 0.035597 0.035597 0.035597 0.035597 0.035597 0.035597 0.035597 0.035597 0.035597 0.035597 0.035597 0.035597 0.035597 0.035597 0.035597 0.035597 0.035597 0.035597 0.035597 0.035597 0.035597 0.035597 0.035597 0.035597 0.035597 0.035597 0.035597 0.035595 0.035588 0.035558 0.035386 -9999.0 -9999.0
-9999.0 -9999.0 0.035982 0.035676 0.035620 0.035608 0.035610 0.035620 0.035635 0.035680 0.035983 0.036441 0.036920 0.037498 0.084937 0.084360 0.084004 0.083690 0.037465 0.038080 0.038354 0.038351 0.038153 0.037833 0.037452 0.037062 0.036702 0.036397 0.036157 0.035979 0.035857 0.035781 0.035738 0.035711 0.035695 0.035685 0.035679 0.035677 0.035676 0.035675 0.035649 0.035243 0.056220 0.048431 0.048472 0.048483 0.048484 0.048479 0.048472 0.048464 0.048457 0.048445 0.048432 0.048420 0.048409 0.048394 0.048374 0.048354 0.048331 0.048292 0.048176 0.054485 0.035420 0.035610 0.035603 0.035599 0.035598 0.035597 0.035597 0.035597 0.035597 0.035597 0.035597 0.035597 0.035597 0.035597 0.035597 0.035597 0.035597 0.035597 0.035597 0.035597 0.035597 0.035597 0.035597 0.035597 0.035597 0.035597 0.035597 0.035597 0.035597 0.035597 0.035597 0.035597 0.035597 0.035597 0.035597 0.035597 0.035595 0.035588 0.035558 0.035386 -9999.0 -9999.0
-9999.0 -9999.0 -9999.0 -9999.0 -9999.0 -9999.0 -9999.0 -9999.0 -9999.0 -9999.0 -9999.0 -9999.0 -9999.0 -9999.0 -9999.0 -9999.0 -9999.0 -9999.0 -9999.0 -9999.0 -9999.0 -9999.0 -9999.0 -9999.0 -9999.0 -9999.0 -9999.0 -9999.0 -9999.0 -9999.0 -9999.0 -9999.0 -9999.0 -9999.0 -9999.0 -9999.0 -9999.0 -9999.0 -9999.0 -9999.0 -9999.0 -9999.0 -9999.0 -9999.0 -9999.0 -9999.0 -9999.0 -9999.0 -9999.0 -9999.0 -9999.0 -9999.0 -9999.0 -9999.0 -9999.0 -9999.0 -9999.0 -9999.0 -9999.0 -9999.0 -9999.0 -9999.0 -9999.0 -9999.0 -9999.0 -9999.0 -9999.0 -9999.0 -9999.0 -9999.0 -9999.0 -9999.0 -9999.0 -9999.0 -9999.0 -9999.0 -9999.0 -9999.0 -9999.0 -9999.0 -9999.0 -9999.0 -9999.0 -9999.0 -9999.0 -9999.0 -9999.0 -9999.0 -9999.0 -9999.0 -9999.0 -9999.0 -9999.0 -9999.0 -9999.0 -9999.0 -9999.0 -9999.0 -9999.0 -9999.0 -9999.0 -9999.0 -9999.0 -9999.0
-9999.0 -9999.0 -9999.0 -9999.0 -9999.0 -9999.0 -9999.0 -9999.0 -9999.0 -9999.0 -9999.0 -9999.0 -9999.0 -9999.0 -9999.0 -9999.0 -9999.0 -9999.0 -9999.0 -9999.0 -9999.0 -9999.0 -9999.0 -9999.0 -9999.0 -9999.0 -9999.0 -9999.0 -9999.0 -9999.0 -9999.0 -9999.0 -9999.0 -9999.0 -9999.0 -9999.0 -9999.0 -9999.0 -9999.0 -9999.0 -9999.0 -9999.0 -9999.0 -9999.0 -9999.0 -9999.0 -9999.0 -9999.0 -9999.0 -9999.0 -9999.0 -9999.0 -9999.0 -9999.0 -9999.0 -9999.0 -9999.0 -9999.0 -9999.0 -9999.0 -9999.0 -9999.0 -9999.0 -9999.0 -9999.0 -9999.0 -9999.0 -9999.0 -9999.0 -9999.0 -9999.0 -9999.0 -9999.0 -9999.0 -9999.0 -9999.0 -9999.0 -9999.0 -9999.0 -9999.0 -9999.0 -9999.0 -9999.0 -9999.0 -9999.0 -9999.0 -9999.0 -9999.0 -9999.0 -9999.0 -9999.0 -9999.0 -9999.0 -9999.0 -9999.0 -9999.0 -9999.0 -9999.0 -9999.0 -9999.0 -9999.0 -9999.0 -9999.0 -9999.0