examples/3D/hillslope02_superslab/output-maps-SE27XX/thetaliqL0050N0003.asc
ncols         104
nrows         10
xllcorner     -2.000000
yllcorner     0.000000
cellsize      1.000000
NODATA_value  -9999.0
-9999.0 -9999.0 -9999.0 -9999.0 -9999.0 -9999.0 -9999.0 -9999.0 -9999.0 -9999.0 -9999.0 -9999.0 -9999.0 -9999.0 -9999.0 -9999.0 -9999.0 -9999.0 -9999.0 -9999.0 -9999.0 -9999.0 -9999.0 -9999.0 -9999.0 -9999.0 -9999.0 -9999.0 -9999.0 -9999.0 -9999.0 -9999.0 -9999.0 -9999.0 -9999.0 -9999.0 -9999.0 -9999.0 -9999.0 -9999.0 -9999.0 -9999.0 -9999.0 -9999.0 -9999.0 -9999.0 -9999.0 -9999.0 -9999.0 -9999.0 -9999.0 -9999.0 -9999.0 -9999.0 -9999.0 -9999.0 -9999.0 -9999.0 -9999.0 -9999.0 -9999.0 -9999.0 -9999.0 -9999.0 -9999.0 -9999.0 -9999.0 -9999.0 -9999.0 -9999.0 -9999.0 -9999.0 -9999.0 -9999.0 -9999.0 -9999.0 -9999.0 -9999.0 -9999.0 -9999.0 -9999.0 -9999.0 -9999.0 -9999.0 -9999.0 -9999.0 -9999.0 -9999.0 -9999.0 -9999.0 -9999.0 -9999.0 -9999.0 -9999.0 -9999.0 -9999.0 -9999.0 -9999.0 -9999.0 -9999.0 -9999.0 -9999.0 -9999.0 -9999.0
-9999.0 -9999.0 -9999.0 -9999.0 -9999.0 -9999.0 -9999.0 -9999.0 -9999.0 -9999.0 -9999.0 -9999.0 -9999.0 -9999.0 -9999.0 -9999.0 -9999.0 -9999.0 -9999.0 -9999.0 -9999.0 -9999.0 -9999.0 -9999.0 -9999.0 -9999.0 -9999.0 -9999.0 -9999.0 -9999.0 -9999.0 -9999.0 -9999.0 -9999.0 -9999.0 -9999.0 -9999.0 -9999.0 -9999.0 -9999.0 -9999.0 -9999.0 -9999.0 -9999.0 -9999.0 -9999.0 -9999.0 -9999.0 -9999.0 -9999.0 -9999.0 -9999.0 -9999.0 -9999.0 -9999.0 -9999.0 -9999.0 -9999.0 -9999.0 -9999.0 -9999.0 -9999.0 -9999.0 -9999.0 -9999.0 -9999.0 -9999.0 -9999.0 -9999.0 -9999.0 -9999.0 -9999.0 -9999.0 -9999.0 -9999.0 -9999.0 -9999.0 -9999.0 -9999.0 -9999.0 -9999.0 -9999.0 -9999.0 -9999.0 -9999.0 -9999.0 -9999.0 -9999.0 -9999.0 -9999.0 -9999.0 -9999.0 -9999.0 -9999.0 -9999.0 -9999.0 -9999.0 -9999.0 -9999.0 -9999.0 -9999.0 -9999.0 -9999.0 -9999.0
-9999.0 -9999.0 0.100000 0.100000 0.100000 0.100000 0.100000 0.100000 0.100000 0.100000 0.100000 0.100000 0.100000 0.100000 0.100000 0.100000 0.100000 0.100000 0.098809 0.089411 0.077712 0.068044 0.061116 0.056483 0.053520 0.051685 0.050568 0.049895 0.049486 0.049234 0.049070 0.048954 0.048860 0.048768 0.048668 0.097378 0.098006 0.098408 0.098645 0.054346 0.049692 0.046237 0.042779 0.040481 0.038574 0.036797 0.034916 0.032639 0.029723 0.026172 0.025328 0.025322 0.025322 0.025322 0.025322 0.025322 0.025322 0.025323 0.025643 0.030685 0.036792 0.040291 0.042789 0.043279 0.043312 0.043307 0.043305 0.043304 0.043304 0.043304 0.043304 0.043303 0.043303 0.043303 0.043303 0.043303 0.043302 0.043302 0.043302 0.043302 0.043302 0.043301 0.043301 0.043301 0.043301 0.043301 0.043301 0.043301 0.043301 0.043301 0.043301 0.043301 0.043301 0.043301 0.043301 0.043300 0.043300 0.043297 0.043288 0.043255 0.043120 0.042542 -9999.0 -9999.0
-9999.0 -9999.0 0.100000 0.100000 0.100000 0.100000 0.100000 0.100000 0.100000 0.100000 0.100000 0.100000 0.100000 0.100000 0.100000 0.100000 0.100000 0.100000 0.098809 0.089411 0.077712 0.068044 0.061116 0.056483 0.053520 0.051685 0.050568 0.049895 0.049486 0.049234 0.049070 0.048954 0.048860 0.048768 0.048668 0.097378 0.098006 0.098408 0.098645 0.054346 0.049692 0.046237 0.042779 0.040481 0.038574 0.036797 0.034916 0.032639 0.029723 0.026172 0.025328 0.025322 0.025322 0.025322 0.025322 0.025322 0.025322 0.025323 0.025643 0.030685 0.036792 0.040291 0.042789 0.043279 0.043312 0.043307 0.043305 0.043304 0.043304 0.043304 0.043304 0.043303 0.043303 0.043303 0.043303 0.043303 0.043302 0.043302 0.043302 0.043302 0.043302 0.043301 0.043301 0.043301 0.043301 0.043301 0.043301 0.043301 0.043301 0.043301 0.043301 0.043301 0.043301 0.043301 0.043301 0.043300 0.043300 0.043297 0.043288 0.043255 0.043120 0.042542 -9999.0 -9999.0
-9999.0 -9999.0 0.100000 0.100000 0.100000 0.100000 0.100000 0.100000 0.100000 0.100000 0.100000 0.100000 0.100000 0.100000 0.100000 0.100000 0.100000 0.100000 0.098809 0.089411 0.077712 0.068044 0.061116 0.056483 0.053520 0.051685 0.050568 0.049895 0.049486 0.049234 0.049070 0.048954 0.048860 0.048768 0.048668 0.097378 0.098006 0.098408 0.098645 0.054346 0.049692 0.046237 0.042779 0.040481 0.038574 0.036797 0.034916 0.032639 0.029723 0.026172 0.025328 0.025322 0.025322 0.025322 0.025322 0.025322 0.025322 0.025323 0.025643 0.030685 0.036792 0.040291 0.042789 0.043279 0.043312 0.043307 0.043305 0.043304 0.043304 0.043304 0.043304 0.043303 0.043303 0.043303 0.043303 0.043303 0.043302 0.043302 0.043302 0.043302 0.043302 0.043301 0.043301 0.043301 0.043301 0.043301 0.043301 0.043301 0.043301 0.043301 0.043301 0.043301 0.043301 0.043301 0.043301 0.043300 0.043300 0.043297 0.043288 0.043255 0.043120 0.042542 -9999.0 -9999.0
-9999.0 -9999.0 0.100000 0.100000 0.100000 0.100000 0.100000 0.100000 0.100000 0.100000 0.100000 0.100000 0.100000 0.100000 0.100000 0.100000 0.100000 0.100000 0.098809 0.089411 0.077712 0.068044 0.061116 0.056483 0.053520 0.051685 0.050568 0.049895 0.049486 0.049234 0.049070 0.048954 0.048860 0.048768 0.048668 0.097378 0.098006 0.098408 0.098645 0.054346 0.049692 0.046237 0.042779 0.040481 0.038574 0.036797 0.034916 0.032639 0.029723 0.026172 0.025328 0.025322 0.025322 0.025322 0.025322 0.025322 0.025322 0.025323 0.025643 0.030685 0.036792 0.040291 0.042789 0.043279 0.043312 0.043307 0.043305 0.043304 0.043304 0.043304 0.043304 0.043303 0.043303 0.043303 0.043303 0.043303 0.043302 0.043302 0.043302 0.043302 0.043302 0.043301 0.043301 0.043301 0.043301 0.043301 0.043301 0.043301 0.043301 0.043301 0.043301 0.043301 0.043301 0.043301 0.043301 0.043300 0.043300 0.043297 0.043288 0.043255 0.043120 0.042542 -9999.0 -9999.0
-9999.0 -9999.0 0.100000 0.100000 0.100000 0.100000 0.100000 0.100000 0.100000 0.100000 0.100000 0.100000 0.100000 0.100000 0.100000 0.100000 0.100000 0.100000 0.098809 0.089411 0.077712 0.068044 0.061116 0.056483 0.053520 0.051685 0.050568 0.049895 0.049486 0.049234 0.049070 0.048954 0.048860 0.048768 0.048668 0.097378 0.098006 0.098408 0.098645 0.054346 0.049692 0.046237 0.042779 0.040481 0.038574 0.036797 0.034916 0.032639 0.029723 0.026172 0.025328 0.025322 0.025322 0.025322 0.025322 0.025322 0.025322 0.025323 0.025643 0.030685 0.036792 0.040291 0.042789 0.043279 0.043312 0.043307 0.043305 0.043304 0.043304 0.043304 0.043304 0.043303 0.043303 0.043303 0.043303 0.043303 0.043302 0.043302 0.043302 0.043302 0.043302 0.043301 0.043301 0.043301 0.043301 0.043301 0.043301 0.043301 0.043301 0.043301 0.043301 0.043301 0.043301 0.043301 0.043301 0.043300 0.043300 0.043297 0.043288 0.043255 0.043120 0.042542 -9999.0 -9999.0
-9999.0 -9999.0 0.100000 0.100000 0.100000 0.100000 0.100000 0.100000 0.100000 0.100000 0.100000 0.100000 0.100000 0.100000 0.100000 0.100000 0.100000 0.100000 0.098809 0.089411 0.077712 0.068044 0.061116 0.056483 0.053520 0.051685 0.050568 0.049895 0.049486 0.049234 0.049070 0.048954 0.048860 0.048768 0.048668 0.097378 0.098006 0.098408 0.098645 0.054346 0.049692 0.046237 0.042779 0.040481 0.038574 0.036797 0.034916 0.032639 0.029723 0.026172 0.025328 0.025322 0.025322 0.025322 0.025322 0.025322 0.025322 0.025323 0.025643 0.030685 0.036792 0.040291 0.042789 0.043279 0.043312 0.043307 0.043305 0.043304 0.043304 0.043304 0.043304 0.043303 0.043303 0.043303 0.043303 0.043303 0.043302 0.043302 0.043302 0.043302 0.043302 0.043301 0.043301 0.043301 0.043301 0.043301 0.043301 0.043301 0.043301 0.043301 0.043301 0.043301 0.043301 0.043301 0.043301 0.043300 0.043300 0.043297 0.043288 0.043255 0.043120 0.042542 -9999.0 -9999.0
-9999.0 -9999.0 -9999.0 -9999.0 -9999.0 -9999.0 -9999.0 -9999.0 -9999.0 -9999.0 -9999.0 -9999.0 -9999.0 -9999.0 -9999.0 -9999.0 -9999.0 -9999.0 -9999.0 -9999.0 -9999.0 -9999.0 -9999.0 -9999.0 -9999.0 -9999.0 -9999.0 -9999.0 -9999.0 -9999.0 -9999.0 -9999.0 -9999.0 -9999.0 -9999.0 -9999.0 -9999.0 -9999.0 -9999.0 -9999.0 -9999.0 -9999.0 -9999.0 -9999.0 -9999.0 -9999.0 -9999.0 -9999.0 -9999.0 -9999.0 -9999.0 -9999.0 -9999.0 -9999.0 -9999.0 -9999.0 -9999.0 -9999.0 -9999.0 -9999.0 -9999.0 -9999.0 -9999.0 -9999.0 -9999.0 -9999.0 -9999.0 -9999.0 -9999.0 -9999.0 -9999.0 -9999.0 -9999.0 -9999.0 -9999.0 -9999.0 -9999.0 -9999.0 -9999.0 -9999.0 -9999.0 -9999.0 -9999.0 -9999.0 -9999.0 -9999.0 -9999.0 -9999.0 -9999.0 -9999.0 -9999.0 -9999.0 -9999.0 -9999.0 -9999.0 -9999.0 -9999.0 -9999.0 -9999.0 -9999.0 -9999.0 -9999.0 -9999.0 -9999.0
-9999.0 -9999.0 -9999.0 -9999.0 -9999.0 -9999.0 -9999.0 -9999.0 -9999.0 -9999.0 -9999.0 -9999.0 -9999.0 -9999.0 -9999.0 -9999.0 -9999.0 -9999.0 -9999.0 -9999.0 -9999.0 -9999.0 -9999.0 -9999.0 -9999.0 -9999.0 -9999.0 -9999.0 -9999.0 -9999.0 -9999.0 -9999.0 -9999.0 -9999.0 -9999.0 -9999.0 -9999.0 -9999.0 -9999.0 -9999.0 -9999.0 -9999.0 -9999.0 -9999.0 -9999.0 -9999.0 -9999.0 -9999.0 -9999.0 -9999.0 -9999.0 -9999.0 -9999.0 -9999.0 -9999.0 -9999.0 -9999.0 -9999.0 -9999.0 -9999.0 -9999.0 -9999.0 -9999.0 -9999.0 -9999.0 -9999.0 -9999.0 -9999.0 -9999.0 -9999.0 -9999.0 -9999.0 -9999.0 -9999.0 -9999.0 -9999.0 -9999.0 -9999.0 -9999.0 -9999.0 -9999.0 -9999.0 -9999.0 -9999.0 -9999.0 -9999.0 -9999.0 -9999.0 -9999.0 -9999.0 -9999.0 -9999.0 -9999.0 -9999.0 -9999.0 -9999.0 -9999.0 -9999.0 -9999.0 -9999.0 -9999.0 -9999.0 -9999.0 -9999.0