examples/3D/hillslope02_superslab/output-maps-SE27XX/thetaliqL0073N0002.asc
ncols         104
nrows         10
xllcorner     -2.000000
yllcorner     0.000000
cellsize      1.000000
NODATA_value  -9999.0
-9999.0 -9999.0 -9999.0 -9999.0 -9999.0 -9999.0 -9999.0 -9999.0 -9999.0 -9999.0 -9999.0 -9999.0 -9999.0 -9999.0 -9999.0 -9999.0 -9999.0 -9999.0 -9999.0 -9999.0 -9999.0 -9999.0 -9999.0 -9999.0 -9999.0 -9999.0 -9999.0 -9999.0 -9999.0 -9999.0 -9999.0 -9999.0 -9999.0 -9999.0 -9999.0 -9999.0 -9999.0 -9999.0 -9999.0 -9999.0 -9999.0 -9999.0 -9999.0 -9999.0 -9999.0 -9999.0 -9999.0 -9999.0 -9999.0 -9999.0 -9999.0 -9999.0 -9999.0 -9999.0 -9999.0 -9999.0 -9999.0 -9999.0 -9999.0 -9999.0 -9999.0 -9999.0 -9999.0 -9999.0 -9999.0 -9999.0 -9999.0 -9999.0 -9999.0 -9999.0 -9999.0 -9999.0 -9999.0 -9999.0 -9999.0 -9999.0 -9999.0 -9999.0 -9999.0 -9999.0 -9999.0 -9999.0 -9999.0 -9999.0 -9999.0 -9999.0 -9999.0 -9999.0 -9999.0 -9999.0 -9999.0 -9999.0 -9999.0 -9999.0 -9999.0 -9999.0 -9999.0 -9999.0 -9999.0 -9999.0 -9999.0 -9999.0 -9999.0 -9999.0
-9999.0 -9999.0 -9999.0 -9999.0 -9999.0 -9999.0 -9999.0 -9999.0 -9999.0 -9999.0 -9999.0 -9999.0 -9999.0 -9999.0 -9999.0 -9999.0 -9999.0 -9999.0 -9999.0 -9999.0 -9999.0 -9999.0 -9999.0 -9999.0 -9999.0 -9999.0 -9999.0 -9999.0 -9999.0 -9999.0 -9999.0 -9999.0 -9999.0 -9999.0 -9999.0 -9999.0 -9999.0 -9999.0 -9999.0 -9999.0 -9999.0 -9999.0 -9999.0 -9999.0 -9999.0 -9999.0 -9999.0 -9999.0 -9999.0 -9999.0 -9999.0 -9999.0 -9999.0 -9999.0 -9999.0 -9999.0 -9999.0 -9999.0 -9999.0 -9999.0 -9999.0 -9999.0 -9999.0 -9999.0 -9999.0 -9999.0 -9999.0 -9999.0 -9999.0 -9999.0 -9999.0 -9999.0 -9999.0 -9999.0 -9999.0 -9999.0 -9999.0 -9999.0 -9999.0 -9999.0 -9999.0 -9999.0 -9999.0 -9999.0 -9999.0 -9999.0 -9999.0 -9999.0 -9999.0 -9999.0 -9999.0 -9999.0 -9999.0 -9999.0 -9999.0 -9999.0 -9999.0 -9999.0 -9999.0 -9999.0 -9999.0 -9999.0 -9999.0 -9999.0
-9999.0 -9999.0 0.100000 0.100000 0.100000 0.098390 0.082813 0.068660 0.061885 0.059152 0.055953 0.054182 0.053148 0.052351 0.051967 0.052576 0.053093 0.053443 0.053719 0.053971 0.054221 0.054481 0.054754 0.055042 0.055341 0.055644 0.055943 0.056224 0.056479 0.056699 0.056877 0.057009 0.057088 0.057112 0.057082 0.057000 0.056876 0.056715 0.056521 0.056288 0.055997 0.055616 0.055130 0.054611 0.054066 0.053490 0.098775 0.099525 0.099592 0.093629 0.030409 0.029699 0.029721 0.029722 0.029723 0.029723 0.029724 0.029726 0.029738 0.030696 0.039849 0.049812 0.056200 0.055348 0.054413 0.054096 0.054008 0.053985 0.053979 0.053976 0.053975 0.053973 0.053972 0.053970 0.053969 0.053967 0.053965 0.053964 0.053962 0.053960 0.053958 0.053956 0.053954 0.053953 0.053951 0.053949 0.053947 0.053945 0.053943 0.053941 0.053939 0.053938 0.053936 0.053934 0.053931 0.053925 0.053907 0.053850 0.053674 0.053174 0.051837 0.047896 -9999.0 -9999.0
-9999.0 -9999.0 0.100000 0.100000 0.100000 0.098390 0.082813 0.068660 0.061885 0.059152 0.055953 0.054182 0.053148 0.052351 0.051967 0.052576 0.053093 0.053443 0.053719 0.053971 0.054221 0.054481 0.054754 0.055042 0.055341 0.055644 0.055943 0.056224 0.056479 0.056699 0.056877 0.057009 0.057088 0.057112 0.057082 0.057000 0.056876 0.056715 0.056521 0.056288 0.055997 0.055616 0.055130 0.054611 0.054066 0.053490 0.098775 0.099525 0.099592 0.093629 0.030409 0.029699 0.029721 0.029722 0.029723 0.029723 0.029724 0.029726 0.029738 0.030696 0.039849 0.049812 0.056200 0.055348 0.054413 0.054096 0.054008 0.053985 0.053979 0.053976 0.053975 0.053973 0.053972 0.053970 0.053969 0.053967 0.053965 0.053964 0.053962 0.053960 0.053958 0.053956 0.053954 0.053953 0.053951 0.053949 0.053947 0.053945 0.053943 0.053941 0.053939 0.053938 0.053936 0.053934 0.053931 0.053925 0.053907 0.053850 0.053674 0.053174 0.051837 0.047896 -9999.0 -9999.0
-9999.0 -9999.0 0.100000 0.100000 0.100000 0.098390 0.082813 0.068660 0.061885 0.059152 0.055953 0.054182 0.053148 0.052351 0.051967 0.052576 0.053093 0.053443 0.053719 0.053971 0.054221 0.054481 0.054754 0.055042 0.055341 0.055644 0.055943 0.056224 0.056479 0.056699 0.056877 0.057009 0.057088 0.057112 0.057082 0.057000 0.056876 0.056715 0.056521 0.056288 0.055997 0.055616 0.055130 0.054611 0.054066 0.053490 0.098775 0.099525 0.099592 0.093629 0.030409 0.029699 0.029721 0.029722 0.029723 0.029723 0.029724 0.029726 0.029738 0.030696 0.039849 0.049812 0.056200 0.055348 0.054413 0.054096 0.054008 0.053985 0.053979 0.053976 0.053975 0.053973 0.053972 0.053970 0.053969 0.053967 0.053965 0.053964 0.053962 0.053960 0.053958 0.053956 0.053954 0.053953 0.053951 0.053949 0.053947 0.053945 0.053943 0.053941 0.053939 0.053938 0.053936 0.053934 0.053931 0.053925 0.053907 0.053850 0.053674 0.053174 0.051837 0.047896 -9999.0 -9999.0
-9999.0 -9999.0 0.100000 0.100000 0.100000 0.098390 0.082813 0.068660 0.061885 0.059152 0.055953 0.054182 0.053148 0.052351 0.051967 0.052576 0.053093 0.053443 0.053719 0.053971 0.054221 0.054481 0.054754 0.055042 0.055341 0.055644 0.055943 0.056224 0.056479 0.056699 0.056877 0.057009 0.057088 0.057112 0.057082 0.057000 0.056876 0.056715 0.056521 0.056288 0.055997 0.055616 0.055130 0.054611 0.054066 0.053490 0.098775 0.099525 0.099592 0.093629 0.030409 0.029699 0.029721 0.029722 0.029723 0.029723 0.029724 0.029726 0.029738 0.030696 0.039849 0.049812 0.056200 0.055348 0.054413 0.054096 0.054008 0.053985 0.053979 0.053976 0.053975 0.053973 0.053972 0.053970 0.053969 0.053967 0.053965 0.053964 0.053962 0.053960 0.053958 0.053956 0.053954 0.053953 0.053951 0.053949 0.053947 0.053945 0.053943 0.053941 0.053939 0.053938 0.053936 0.053934 0.053931 0.053925 0.053907 0.053850 0.053674 0.053174 0.051837 0.047896 -9999.0 -9999.0
-9999.0 -9999.0 0.100000 0.100000 0.100000 0.098390 0.082813 0.068660 0.061885 0.059152 0.055953 0.054182 0.053148 0.052351 0.051967 0.052576 0.053093 0.053443 0.053719 0.053971 0.054221 0.054481 0.054754 0.055042 0.055341 0.055644 0.055943 0.056224 0.056479 0.056699 0.056877 0.057009 0.057088 0.057112 0.057082 0.057000 0.056876 0.056715 0.056521 0.056288 0.055997 0.055616 0.055130 0.054611 0.054066 0.053490 0.098775 0.099525 0.099592 0.093629 0.030409 0.029699 0.029721 0.029722 0.029723 0.029723 0.029724 0.029726 0.029738 0.030696 0.039849 0.049812 0.056200 0.055348 0.054413 0.054096 0.054008 0.053985 0.053979 0.053976 0.053975 0.053973 0.053972 0.053970 0.053969 0.053967 0.053965 0.053964 0.053962 0.053960 0.053958 0.053956 0.053954 0.053953 0.053951 0.053949 0.053947 0.053945 0.053943 0.053941 0.053939 0.053938 0.053936 0.053934 0.053931 0.053925 0.053907 0.053850 0.053674 0.053174 0.051837 0.047896 -9999.0 -9999.0
-9999.0 -9999.0 0.100000 0.100000 0.100000 0.098390 0.082813 0.068660 0.061885 0.059152 0.055953 0.054182 0.053148 0.052351 0.051967 0.052576 0.053093 0.053443 0.053719 0.053971 0.054221 0.054481 0.054754 0.055042 0.055341 0.055644 0.055943 0.056224 0.056479 0.056699 0.056877 0.057009 0.057088 0.057112 0.057082 0.057000 0.056876 0.056715 0.056521 0.056288 0.055997 0.055616 0.055130 0.054611 0.054066 0.053490 0.098775 0.099525 0.099592 0.093629 0.030409 0.029699 0.029721 0.029722 0.029723 0.029723 0.029724 0.029726 0.029738 0.030696 0.039849 0.049812 0.056200 0.055348 0.054413 0.054096 0.054008 0.053985 0.053979 0.053976 0.053975 0.053973 0.053972 0.053970 0.053969 0.053967 0.053965 0.053964 0.053962 0.053960 0.053958 0.053956 0.053954 0.053953 0.053951 0.053949 0.053947 0.053945 0.053943 0.053941 0.053939 0.053938 0.053936 0.053934 0.053931 0.053925 0.053907 0.053850 0.053674 0.053174 0.051837 0.047896 -9999.0 -9999.0
-9999.0 -9999.0 -9999.0 -9999.0 -9999.0 -9999.0 -9999.0 -9999.0 -9999.0 -9999.0 -9999.0 -9999.0 -9999.0 -9999.0 -9999.0 -9999.0 -9999.0 -9999.0 -9999.0 -9999.0 -9999.0 -9999.0 -9999.0 -9999.0 -9999.0 -9999.0 -9999.0 -9999.0 -9999.0 -9999.0 -9999.0 -9999.0 -9999.0 -9999.0 -9999.0 -9999.0 -9999.0 -9999.0 -9999.0 -9999.0 -9999.0 -9999.0 -9999.0 -9999.0 -9999.0 -9999.0 -9999.0 -9999.0 -9999.0 -9999.0 -9999.0 -9999.0 -9999.0 -9999.0 -9999.0 -9999.0 -9999.0 -9999.0 -9999.0 -9999.0 -9999.0 -9999.0 -9999.0 -9999.0 -9999.0 -9999.0 -9999.0 -9999.0 -9999.0 -9999.0 -9999.0 -9999.0 -9999.0 -9999.0 -9999.0 -9999.0 -9999.0 -9999.0 -9999.0 -9999.0 -9999.0 -9999.0 -9999.0 -9999.0 -9999.0 -9999.0 -9999.0 -9999.0 -9999.0 -9999.0 -9999.0 -9999.0 -9999.0 -9999.0 -9999.0 -9999.0 -9999.0 -9999.0 -9999.0 -9999.0 -9999.0 -9999.0 -9999.0 -9999.0
-9999.0 -9999.0 -9999.0 -9999.0 -9999.0 -9999.0 -9999.0 -9999.0 -9999.0 -9999.0 -9999.0 -9999.0 -9999.0 -9999.0 -9999.0 -9999.0 -9999.0 -9999.0 -9999.0 -9999.0 -9999.0 -9999.0 -9999.0 -9999.0 -9999.0 -9999.0 -9999.0 -9999.0 -9999.0 -9999.0 -9999.0 -9999.0 -9999.0 -9999.0 -9999.0 -9999.0 -9999.0 -9999.0 -9999.0 -9999.0 -9999.0 -9999.0 -9999.0 -9999.0 -9999.0 -9999.0 -9999.0 -9999.0 -9999.0 -9999.0 -9999.0 -9999.0 -9999.0 -9999.0 -9999.0 -9999.0 -9999.0 -9999.0 -9999.0 -9999.0 -9999.0 -9999.0 -9999.0 -9999.0 -9999.0 -9999.0 -9999.0 -9999.0 -9999.0 -9999.0 -9999.0 -9999.0 -9999.0 -9999.0 -9999.0 -9999.0 -9999.0 -9999.0 -9999.0 -9999.0 -9999.0 -9999.0 -9999.0 -9999.0 -9999.0 -9999.0 -9999.0 -9999.0 -9999.0 -9999.0 -9999.0 -9999.0 -9999.0 -9999.0 -9999.0 -9999.0 -9999.0 -9999.0 -9999.0 -9999.0 -9999.0 -9999.0 -9999.0 -9999.0