examples/3D/hillslope02_superslab/output-maps-SE27XX/thetaliqL0067N0002.asc
ncols         104
nrows         10
xllcorner     -2.000000
yllcorner     0.000000
cellsize      1.000000
NODATA_value  -9999.0
-9999.0 -9999.0 -9999.0 -9999.0 -9999.0 -9999.0 -9999.0 -9999.0 -9999.0 -9999.0 -9999.0 -9999.0 -9999.0 -9999.0 -9999.0 -9999.0 -9999.0 -9999.0 -9999.0 -9999.0 -9999.0 -9999.0 -9999.0 -9999.0 -9999.0 -9999.0 -9999.0 -9999.0 -9999.0 -9999.0 -9999.0 -9999.0 -9999.0 -9999.0 -9999.0 -9999.0 -9999.0 -9999.0 -9999.0 -9999.0 -9999.0 -9999.0 -9999.0 -9999.0 -9999.0 -9999.0 -9999.0 -9999.0 -9999.0 -9999.0 -9999.0 -9999.0 -9999.0 -9999.0 -9999.0 -9999.0 -9999.0 -9999.0 -9999.0 -9999.0 -9999.0 -9999.0 -9999.0 -9999.0 -9999.0 -9999.0 -9999.0 -9999.0 -9999.0 -9999.0 -9999.0 -9999.0 -9999.0 -9999.0 -9999.0 -9999.0 -9999.0 -9999.0 -9999.0 -9999.0 -9999.0 -9999.0 -9999.0 -9999.0 -9999.0 -9999.0 -9999.0 -9999.0 -9999.0 -9999.0 -9999.0 -9999.0 -9999.0 -9999.0 -9999.0 -9999.0 -9999.0 -9999.0 -9999.0 -9999.0 -9999.0 -9999.0 -9999.0 -9999.0
-9999.0 -9999.0 -9999.0 -9999.0 -9999.0 -9999.0 -9999.0 -9999.0 -9999.0 -9999.0 -9999.0 -9999.0 -9999.0 -9999.0 -9999.0 -9999.0 -9999.0 -9999.0 -9999.0 -9999.0 -9999.0 -9999.0 -9999.0 -9999.0 -9999.0 -9999.0 -9999.0 -9999.0 -9999.0 -9999.0 -9999.0 -9999.0 -9999.0 -9999.0 -9999.0 -9999.0 -9999.0 -9999.0 -9999.0 -9999.0 -9999.0 -9999.0 -9999.0 -9999.0 -9999.0 -9999.0 -9999.0 -9999.0 -9999.0 -9999.0 -9999.0 -9999.0 -9999.0 -9999.0 -9999.0 -9999.0 -9999.0 -9999.0 -9999.0 -9999.0 -9999.0 -9999.0 -9999.0 -9999.0 -9999.0 -9999.0 -9999.0 -9999.0 -9999.0 -9999.0 -9999.0 -9999.0 -9999.0 -9999.0 -9999.0 -9999.0 -9999.0 -9999.0 -9999.0 -9999.0 -9999.0 -9999.0 -9999.0 -9999.0 -9999.0 -9999.0 -9999.0 -9999.0 -9999.0 -9999.0 -9999.0 -9999.0 -9999.0 -9999.0 -9999.0 -9999.0 -9999.0 -9999.0 -9999.0 -9999.0 -9999.0 -9999.0 -9999.0 -9999.0
-9999.0 -9999.0 0.098922 0.083100 0.067817 0.059802 0.056699 0.056203 0.056938 0.057376 0.055177 0.053875 0.053060 0.052476 0.052390 0.052865 0.053255 0.053533 0.053756 0.053952 0.054134 0.054308 0.054480 0.054652 0.054827 0.055005 0.055187 0.055371 0.055557 0.055743 0.055926 0.056101 0.056255 0.056378 0.056458 0.056492 0.056478 0.056416 0.056306 0.056142 0.055907 0.055566 0.055108 0.099262 0.099922 0.099999 0.100000 0.100000 0.076630 0.047257 0.030195 0.028002 0.027999 0.028000 0.028000 0.028000 0.028000 0.028000 0.028010 0.029440 0.039700 0.049601 0.056424 0.055342 0.054366 0.054048 0.053962 0.053939 0.053933 0.053932 0.053931 0.053931 0.053931 0.053931 0.053931 0.053931 0.053931 0.053931 0.053931 0.053930 0.053930 0.053930 0.053930 0.053930 0.053930 0.053930 0.053930 0.053930 0.053929 0.053929 0.053929 0.053929 0.053929 0.053929 0.053927 0.053923 0.053908 0.053857 0.053696 0.053236 0.052050 0.049210 -9999.0 -9999.0
-9999.0 -9999.0 0.098922 0.083100 0.067817 0.059802 0.056699 0.056203 0.056938 0.057376 0.055177 0.053875 0.053060 0.052476 0.052390 0.052865 0.053255 0.053533 0.053756 0.053952 0.054134 0.054308 0.054480 0.054652 0.054827 0.055005 0.055187 0.055371 0.055557 0.055743 0.055926 0.056101 0.056255 0.056378 0.056458 0.056492 0.056478 0.056416 0.056306 0.056142 0.055907 0.055566 0.055108 0.099262 0.099922 0.099999 0.100000 0.100000 0.076630 0.047257 0.030195 0.028002 0.027999 0.028000 0.028000 0.028000 0.028000 0.028000 0.028010 0.029440 0.039700 0.049601 0.056424 0.055342 0.054366 0.054048 0.053962 0.053939 0.053933 0.053932 0.053931 0.053931 0.053931 0.053931 0.053931 0.053931 0.053931 0.053931 0.053931 0.053930 0.053930 0.053930 0.053930 0.053930 0.053930 0.053930 0.053930 0.053930 0.053929 0.053929 0.053929 0.053929 0.053929 0.053929 0.053927 0.053923 0.053908 0.053857 0.053696 0.053236 0.052050 0.049210 -9999.0 -9999.0
-9999.0 -9999.0 0.098922 0.083100 0.067817 0.059802 0.056699 0.056203 0.056938 0.057376 0.055177 0.053875 0.053060 0.052476 0.052390 0.052865 0.053255 0.053533 0.053756 0.053952 0.054134 0.054308 0.054480 0.054652 0.054827 0.055005 0.055187 0.055371 0.055557 0.055743 0.055926 0.056101 0.056255 0.056378 0.056458 0.056492 0.056478 0.056416 0.056306 0.056142 0.055907 0.055566 0.055108 0.099262 0.099922 0.099999 0.100000 0.100000 0.076630 0.047257 0.030195 0.028002 0.027999 0.028000 0.028000 0.028000 0.028000 0.028000 0.028010 0.029440 0.039700 0.049601 0.056424 0.055342 0.054366 0.054048 0.053962 0.053939 0.053933 0.053932 0.053931 0.053931 0.053931 0.053931 0.053931 0.053931 0.053931 0.053931 0.053931 0.053930 0.053930 0.053930 0.053930 0.053930 0.053930 0.053930 0.053930 0.053930 0.053929 0.053929 0.053929 0.053929 0.053929 0.053929 0.053927 0.053923 0.053908 0.053857 0.053696 0.053236 0.052050 0.049210 -9999.0 -9999.0
-9999.0 -9999.0 0.098922 0.083100 0.067817 0.059802 0.056699 0.056203 0.056938 0.057376 0.055177 0.053875 0.053060 0.052476 0.052390 0.052865 0.053255 0.053533 0.053756 0.053952 0.054134 0.054308 0.054480 0.054652 0.054827 0.055005 0.055187 0.055371 0.055557 0.055743 0.055926 0.056101 0.056255 0.056378 0.056458 0.056492 0.056478 0.056416 0.056306 0.056142 0.055907 0.055566 0.055108 0.099262 0.099922 0.099999 0.100000 0.100000 0.076630 0.047257 0.030195 0.028002 0.027999 0.028000 0.028000 0.028000 0.028000 0.028000 0.028010 0.029440 0.039700 0.049601 0.056424 0.055342 0.054366 0.054048 0.053962 0.053939 0.053933 0.053932 0.053931 0.053931 0.053931 0.053931 0.053931 0.053931 0.053931 0.053931 0.053931 0.053930 0.053930 0.053930 0.053930 0.053930 0.053930 0.053930 0.053930 0.053930 0.053929 0.053929 0.053929 0.053929 0.053929 0.053929 0.053927 0.053923 0.053908 0.053857 0.053696 0.053236 0.052050 0.049210 -9999.0 -9999.0
-9999.0 -9999.0 0.098922 0.083100 0.067817 0.059802 0.056699 0.056203 0.056938 0.057376 0.055177 0.053875 0.053060 0.052476 0.052390 0.052865 0.053255 0.053533 0.053756 0.053952 0.054134 0.054308 0.054480 0.054652 0.054827 0.055005 0.055187 0.055371 0.055557 0.055743 0.055926 0.056101 0.056255 0.056378 0.056458 0.056492 0.056478 0.056416 0.056306 0.056142 0.055907 0.055566 0.055108 0.099262 0.099922 0.099999 0.100000 0.100000 0.076630 0.047257 0.030195 0.028002 0.027999 0.028000 0.028000 0.028000 0.028000 0.028000 0.028010 0.029440 0.039700 0.049601 0.056424 0.055342 0.054366 0.054048 0.053962 0.053939 0.053933 0.053932 0.053931 0.053931 0.053931 0.053931 0.053931 0.053931 0.053931 0.053931 0.053931 0.053930 0.053930 0.053930 0.053930 0.053930 0.053930 0.053930 0.053930 0.053930 0.053929 0.053929 0.053929 0.053929 0.053929 0.053929 0.053927 0.053923 0.053908 0.053857 0.053696 0.053236 0.052050 0.049210 -9999.0 -9999.0
-9999.0 -9999.0 0.098922 0.083100 0.067817 0.059802 0.056699 0.056203 0.056938 0.057376 0.055177 0.053875 0.053060 0.052476 0.052390 0.052865 0.053255 0.053533 0.053756 0.053952 0.054134 0.054308 0.054480 0.054652 0.054827 0.055005 0.055187 0.055371 0.055557 0.055743 0.055926 0.056101 0.056255 0.056378 0.056458 0.056492 0.056478 0.056416 0.056306 0.056142 0.055907 0.055566 0.055108 0.099262 0.099922 0.099999 0.100000 0.100000 0.076630 0.047257 0.030195 0.028002 0.027999 0.028000 0.028000 0.028000 0.028000 0.028000 0.028010 0.029440 0.039700 0.049601 0.056424 0.055342 0.054366 0.054048 0.053962 0.053939 0.053933 0.053932 0.053931 0.053931 0.053931 0.053931 0.053931 0.053931 0.053931 0.053931 0.053931 0.053930 0.053930 0.053930 0.053930 0.053930 0.053930 0.053930 0.053930 0.053930 0.053929 0.053929 0.053929 0.053929 0.053929 0.053929 0.053927 0.053923 0.053908 0.053857 0.053696 0.053236 0.052050 0.049210 -9999.0 -9999.0
-9999.0 -9999.0 -9999.0 -9999.0 -9999.0 -9999.0 -9999.0 -9999.0 -9999.0 -9999.0 -9999.0 -9999.0 -9999.0 -9999.0 -9999.0 -9999.0 -9999.0 -9999.0 -9999.0 -9999.0 -9999.0 -9999.0 -9999.0 -9999.0 -9999.0 -9999.0 -9999.0 -9999.0 -9999.0 -9999.0 -9999.0 -9999.0 -9999.0 -9999.0 -9999.0 -9999.0 -9999.0 -9999.0 -9999.0 -9999.0 -9999.0 -9999.0 -9999.0 -9999.0 -9999.0 -9999.0 -9999.0 -9999.0 -9999.0 -9999.0 -9999.0 -9999.0 -9999.0 -9999.0 -9999.0 -9999.0 -9999.0 -9999.0 -9999.0 -9999.0 -9999.0 -9999.0 -9999.0 -9999.0 -9999.0 -9999.0 -9999.0 -9999.0 -9999.0 -9999.0 -9999.0 -9999.0 -9999.0 -9999.0 -9999.0 -9999.0 -9999.0 -9999.0 -9999.0 -9999.0 -9999.0 -9999.0 -9999.0 -9999.0 -9999.0 -9999.0 -9999.0 -9999.0 -9999.0 -9999.0 -9999.0 -9999.0 -9999.0 -9999.0 -9999.0 -9999.0 -9999.0 -9999.0 -9999.0 -9999.0 -9999.0 -9999.0 -9999.0 -9999.0
-9999.0 -9999.0 -9999.0 -9999.0 -9999.0 -9999.0 -9999.0 -9999.0 -9999.0 -9999.0 -9999.0 -9999.0 -9999.0 -9999.0 -9999.0 -9999.0 -9999.0 -9999.0 -9999.0 -9999.0 -9999.0 -9999.0 -9999.0 -9999.0 -9999.0 -9999.0 -9999.0 -9999.0 -9999.0 -9999.0 -9999.0 -9999.0 -9999.0 -9999.0 -9999.0 -9999.0 -9999.0 -9999.0 -9999.0 -9999.0 -9999.0 -9999.0 -9999.0 -9999.0 -9999.0 -9999.0 -9999.0 -9999.0 -9999.0 -9999.0 -9999.0 -9999.0 -9999.0 -9999.0 -9999.0 -9999.0 -9999.0 -9999.0 -9999.0 -9999.0 -9999.0 -9999.0 -9999.0 -9999.0 -9999.0 -9999.0 -9999.0 -9999.0 -9999.0 -9999.0 -9999.0 -9999.0 -9999.0 -9999.0 -9999.0 -9999.0 -9999.0 -9999.0 -9999.0 -9999.0 -9999.0 -9999.0 -9999.0 -9999.0 -9999.0 -9999.0 -9999.0 -9999.0 -9999.0 -9999.0 -9999.0 -9999.0 -9999.0 -9999.0 -9999.0 -9999.0 -9999.0 -9999.0 -9999.0 -9999.0 -9999.0 -9999.0 -9999.0 -9999.0