examples/3D/hillslope02_superslab/output-maps-SE27XX/thetaliqL0046N0003.asc
ncols         104
nrows         10
xllcorner     -2.000000
yllcorner     0.000000
cellsize      1.000000
NODATA_value  -9999.0
-9999.0 -9999.0 -9999.0 -9999.0 -9999.0 -9999.0 -9999.0 -9999.0 -9999.0 -9999.0 -9999.0 -9999.0 -9999.0 -9999.0 -9999.0 -9999.0 -9999.0 -9999.0 -9999.0 -9999.0 -9999.0 -9999.0 -9999.0 -9999.0 -9999.0 -9999.0 -9999.0 -9999.0 -9999.0 -9999.0 -9999.0 -9999.0 -9999.0 -9999.0 -9999.0 -9999.0 -9999.0 -9999.0 -9999.0 -9999.0 -9999.0 -9999.0 -9999.0 -9999.0 -9999.0 -9999.0 -9999.0 -9999.0 -9999.0 -9999.0 -9999.0 -9999.0 -9999.0 -9999.0 -9999.0 -9999.0 -9999.0 -9999.0 -9999.0 -9999.0 -9999.0 -9999.0 -9999.0 -9999.0 -9999.0 -9999.0 -9999.0 -9999.0 -9999.0 -9999.0 -9999.0 -9999.0 -9999.0 -9999.0 -9999.0 -9999.0 -9999.0 -9999.0 -9999.0 -9999.0 -9999.0 -9999.0 -9999.0 -9999.0 -9999.0 -9999.0 -9999.0 -9999.0 -9999.0 -9999.0 -9999.0 -9999.0 -9999.0 -9999.0 -9999.0 -9999.0 -9999.0 -9999.0 -9999.0 -9999.0 -9999.0 -9999.0 -9999.0 -9999.0
-9999.0 -9999.0 -9999.0 -9999.0 -9999.0 -9999.0 -9999.0 -9999.0 -9999.0 -9999.0 -9999.0 -9999.0 -9999.0 -9999.0 -9999.0 -9999.0 -9999.0 -9999.0 -9999.0 -9999.0 -9999.0 -9999.0 -9999.0 -9999.0 -9999.0 -9999.0 -9999.0 -9999.0 -9999.0 -9999.0 -9999.0 -9999.0 -9999.0 -9999.0 -9999.0 -9999.0 -9999.0 -9999.0 -9999.0 -9999.0 -9999.0 -9999.0 -9999.0 -9999.0 -9999.0 -9999.0 -9999.0 -9999.0 -9999.0 -9999.0 -9999.0 -9999.0 -9999.0 -9999.0 -9999.0 -9999.0 -9999.0 -9999.0 -9999.0 -9999.0 -9999.0 -9999.0 -9999.0 -9999.0 -9999.0 -9999.0 -9999.0 -9999.0 -9999.0 -9999.0 -9999.0 -9999.0 -9999.0 -9999.0 -9999.0 -9999.0 -9999.0 -9999.0 -9999.0 -9999.0 -9999.0 -9999.0 -9999.0 -9999.0 -9999.0 -9999.0 -9999.0 -9999.0 -9999.0 -9999.0 -9999.0 -9999.0 -9999.0 -9999.0 -9999.0 -9999.0 -9999.0 -9999.0 -9999.0 -9999.0 -9999.0 -9999.0 -9999.0 -9999.0
-9999.0 -9999.0 0.100000 0.100000 0.100000 0.100000 0.100000 0.100000 0.100000 0.100000 0.100000 0.100000 0.100000 0.100000 0.100000 0.099590 0.090485 0.077690 0.067135 0.059638 0.054831 0.051926 0.050256 0.049333 0.048839 0.048584 0.048460 0.048404 0.048380 0.048367 0.048353 0.048331 0.048294 0.097181 0.097828 0.098277 0.098576 0.054410 0.050222 0.047398 0.045418 0.043618 0.040645 0.038521 0.036570 0.034617 0.032396 0.029663 0.026299 0.024949 0.024933 0.024932 0.024932 0.024932 0.024932 0.024932 0.024932 0.024934 0.025207 0.030027 0.036039 0.039571 0.042302 0.042796 0.042826 0.042822 0.042819 0.042818 0.042818 0.042818 0.042818 0.042818 0.042818 0.042818 0.042818 0.042818 0.042818 0.042818 0.042818 0.042818 0.042818 0.042818 0.042818 0.042818 0.042817 0.042817 0.042817 0.042817 0.042817 0.042817 0.042817 0.042817 0.042817 0.042817 0.042817 0.042817 0.042817 0.042814 0.042807 0.042777 0.042655 0.042117 -9999.0 -9999.0
-9999.0 -9999.0 0.100000 0.100000 0.100000 0.100000 0.100000 0.100000 0.100000 0.100000 0.100000 0.100000 0.100000 0.100000 0.100000 0.099590 0.090485 0.077690 0.067135 0.059638 0.054831 0.051926 0.050256 0.049333 0.048839 0.048584 0.048460 0.048404 0.048380 0.048367 0.048353 0.048331 0.048294 0.097181 0.097828 0.098277 0.098576 0.054410 0.050222 0.047398 0.045418 0.043618 0.040645 0.038521 0.036570 0.034617 0.032396 0.029663 0.026299 0.024949 0.024933 0.024932 0.024932 0.024932 0.024932 0.024932 0.024932 0.024934 0.025207 0.030027 0.036039 0.039571 0.042302 0.042796 0.042826 0.042822 0.042819 0.042818 0.042818 0.042818 0.042818 0.042818 0.042818 0.042818 0.042818 0.042818 0.042818 0.042818 0.042818 0.042818 0.042818 0.042818 0.042818 0.042818 0.042817 0.042817 0.042817 0.042817 0.042817 0.042817 0.042817 0.042817 0.042817 0.042817 0.042817 0.042817 0.042817 0.042814 0.042807 0.042777 0.042655 0.042117 -9999.0 -9999.0
-9999.0 -9999.0 0.100000 0.100000 0.100000 0.100000 0.100000 0.100000 0.100000 0.100000 0.100000 0.100000 0.100000 0.100000 0.100000 0.099590 0.090485 0.077690 0.067135 0.059638 0.054831 0.051926 0.050256 0.049333 0.048839 0.048584 0.048460 0.048404 0.048380 0.048367 0.048353 0.048331 0.048294 0.097181 0.097828 0.098277 0.098576 0.054410 0.050222 0.047398 0.045418 0.043618 0.040645 0.038521 0.036570 0.034617 0.032396 0.029663 0.026299 0.024949 0.024933 0.024932 0.024932 0.024932 0.024932 0.024932 0.024932 0.024934 0.025207 0.030027 0.036039 0.039571 0.042302 0.042796 0.042826 0.042822 0.042819 0.042818 0.042818 0.042818 0.042818 0.042818 0.042818 0.042818 0.042818 0.042818 0.042818 0.042818 0.042818 0.042818 0.042818 0.042818 0.042818 0.042818 0.042817 0.042817 0.042817 0.042817 0.042817 0.042817 0.042817 0.042817 0.042817 0.042817 0.042817 0.042817 0.042817 0.042814 0.042807 0.042777 0.042655 0.042117 -9999.0 -9999.0
-9999.0 -9999.0 0.100000 0.100000 0.100000 0.100000 0.100000 0.100000 0.100000 0.100000 0.100000 0.100000 0.100000 0.100000 0.100000 0.099590 0.090485 0.077690 0.067135 0.059638 0.054831 0.051926 0.050256 0.049333 0.048839 0.048584 0.048460 0.048404 0.048380 0.048367 0.048353 0.048331 0.048294 0.097181 0.097828 0.098277 0.098576 0.054410 0.050222 0.047398 0.045418 0.043618 0.040645 0.038521 0.036570 0.034617 0.032396 0.029663 0.026299 0.024949 0.024933 0.024932 0.024932 0.024932 0.024932 0.024932 0.024932 0.024934 0.025207 0.030027 0.036039 0.039571 0.042302 0.042796 0.042826 0.042822 0.042819 0.042818 0.042818 0.042818 0.042818 0.042818 0.042818 0.042818 0.042818 0.042818 0.042818 0.042818 0.042818 0.042818 0.042818 0.042818 0.042818 0.042818 0.042817 0.042817 0.042817 0.042817 0.042817 0.042817 0.042817 0.042817 0.042817 0.042817 0.042817 0.042817 0.042817 0.042814 0.042807 0.042777 0.042655 0.042117 -9999.0 -9999.0
-9999.0 -9999.0 0.100000 0.100000 0.100000 0.100000 0.100000 0.100000 0.100000 0.100000 0.100000 0.100000 0.100000 0.100000 0.100000 0.099590 0.090485 0.077690 0.067135 0.059638 0.054831 0.051926 0.050256 0.049333 0.048839 0.048584 0.048460 0.048404 0.048380 0.048367 0.048353 0.048331 0.048294 0.097181 0.097828 0.098277 0.098576 0.054410 0.050222 0.047398 0.045418 0.043618 0.040645 0.038521 0.036570 0.034617 0.032396 0.029663 0.026299 0.024949 0.024933 0.024932 0.024932 0.024932 0.024932 0.024932 0.024932 0.024934 0.025207 0.030027 0.036039 0.039571 0.042302 0.042796 0.042826 0.042822 0.042819 0.042818 0.042818 0.042818 0.042818 0.042818 0.042818 0.042818 0.042818 0.042818 0.042818 0.042818 0.042818 0.042818 0.042818 0.042818 0.042818 0.042818 0.042817 0.042817 0.042817 0.042817 0.042817 0.042817 0.042817 0.042817 0.042817 0.042817 0.042817 0.042817 0.042817 0.042814 0.042807 0.042777 0.042655 0.042117 -9999.0 -9999.0
-9999.0 -9999.0 0.100000 0.100000 0.100000 0.100000 0.100000 0.100000 0.100000 0.100000 0.100000 0.100000 0.100000 0.100000 0.100000 0.099590 0.090485 0.077690 0.067135 0.059638 0.054831 0.051926 0.050256 0.049333 0.048839 0.048584 0.048460 0.048404 0.048380 0.048367 0.048353 0.048331 0.048294 0.097181 0.097828 0.098277 0.098576 0.054410 0.050222 0.047398 0.045418 0.043618 0.040645 0.038521 0.036570 0.034617 0.032396 0.029663 0.026299 0.024949 0.024933 0.024932 0.024932 0.024932 0.024932 0.024932 0.024932 0.024934 0.025207 0.030027 0.036039 0.039571 0.042302 0.042796 0.042826 0.042822 0.042819 0.042818 0.042818 0.042818 0.042818 0.042818 0.042818 0.042818 0.042818 0.042818 0.042818 0.042818 0.042818 0.042818 0.042818 0.042818 0.042818 0.042818 0.042817 0.042817 0.042817 0.042817 0.042817 0.042817 0.042817 0.042817 0.042817 0.042817 0.042817 0.042817 0.042817 0.042814 0.042807 0.042777 0.042655 0.042117 -9999.0 -9999.0
-9999.0 -9999.0 -9999.0 -9999.0 -9999.0 -9999.0 -9999.0 -9999.0 -9999.0 -9999.0 -9999.0 -9999.0 -9999.0 -9999.0 -9999.0 -9999.0 -9999.0 -9999.0 -9999.0 -9999.0 -9999.0 -9999.0 -9999.0 -9999.0 -9999.0 -9999.0 -9999.0 -9999.0 -9999.0 -9999.0 -9999.0 -9999.0 -9999.0 -9999.0 -9999.0 -9999.0 -9999.0 -9999.0 -9999.0 -9999.0 -9999.0 -9999.0 -9999.0 -9999.0 -9999.0 -9999.0 -9999.0 -9999.0 -9999.0 -9999.0 -9999.0 -9999.0 -9999.0 -9999.0 -9999.0 -9999.0 -9999.0 -9999.0 -9999.0 -9999.0 -9999.0 -9999.0 -9999.0 -9999.0 -9999.0 -9999.0 -9999.0 -9999.0 -9999.0 -9999.0 -9999.0 -9999.0 -9999.0 -9999.0 -9999.0 -9999.0 -9999.0 -9999.0 -9999.0 -9999.0 -9999.0 -9999.0 -9999.0 -9999.0 -9999.0 -9999.0 -9999.0 -9999.0 -9999.0 -9999.0 -9999.0 -9999.0 -9999.0 -9999.0 -9999.0 -9999.0 -9999.0 -9999.0 -9999.0 -9999.0 -9999.0 -9999.0 -9999.0 -9999.0
-9999.0 -9999.0 -9999.0 -9999.0 -9999.0 -9999.0 -9999.0 -9999.0 -9999.0 -9999.0 -9999.0 -9999.0 -9999.0 -9999.0 -9999.0 -9999.0 -9999.0 -9999.0 -9999.0 -9999.0 -9999.0 -9999.0 -9999.0 -9999.0 -9999.0 -9999.0 -9999.0 -9999.0 -9999.0 -9999.0 -9999.0 -9999.0 -9999.0 -9999.0 -9999.0 -9999.0 -9999.0 -9999.0 -9999.0 -9999.0 -9999.0 -9999.0 -9999.0 -9999.0 -9999.0 -9999.0 -9999.0 -9999.0 -9999.0 -9999.0 -9999.0 -9999.0 -9999.0 -9999.0 -9999.0 -9999.0 -9999.0 -9999.0 -9999.0 -9999.0 -9999.0 -9999.0 -9999.0 -9999.0 -9999.0 -9999.0 -9999.0 -9999.0 -9999.0 -9999.0 -9999.0 -9999.0 -9999.0 -9999.0 -9999.0 -9999.0 -9999.0 -9999.0 -9999.0 -9999.0 -9999.0 -9999.0 -9999.0 -9999.0 -9999.0 -9999.0 -9999.0 -9999.0 -9999.0 -9999.0 -9999.0 -9999.0 -9999.0 -9999.0 -9999.0 -9999.0 -9999.0 -9999.0 -9999.0 -9999.0 -9999.0 -9999.0 -9999.0 -9999.0