examples/3D/hillslope02_superslab/output-maps-SE27XX/thetaliqL0080N0002.asc
ncols         104
nrows         10
xllcorner     -2.000000
yllcorner     0.000000
cellsize      1.000000
NODATA_value  -9999.0
-9999.0 -9999.0 -9999.0 -9999.0 -9999.0 -9999.0 -9999.0 -9999.0 -9999.0 -9999.0 -9999.0 -9999.0 -9999.0 -9999.0 -9999.0 -9999.0 -9999.0 -9999.0 -9999.0 -9999.0 -9999.0 -9999.0 -9999.0 -9999.0 -9999.0 -9999.0 -9999.0 -9999.0 -9999.0 -9999.0 -9999.0 -9999.0 -9999.0 -9999.0 -9999.0 -9999.0 -9999.0 -9999.0 -9999.0 -9999.0 -9999.0 -9999.0 -9999.0 -9999.0 -9999.0 -9999.0 -9999.0 -9999.0 -9999.0 -9999.0 -9999.0 -9999.0 -9999.0 -9999.0 -9999.0 -9999.0 -9999.0 -9999.0 -9999.0 -9999.0 -9999.0 -9999.0 -9999.0 -9999.0 -9999.0 -9999.0 -9999.0 -9999.0 -9999.0 -9999.0 -9999.0 -9999.0 -9999.0 -9999.0 -9999.0 -9999.0 -9999.0 -9999.0 -9999.0 -9999.0 -9999.0 -9999.0 -9999.0 -9999.0 -9999.0 -9999.0 -9999.0 -9999.0 -9999.0 -9999.0 -9999.0 -9999.0 -9999.0 -9999.0 -9999.0 -9999.0 -9999.0 -9999.0 -9999.0 -9999.0 -9999.0 -9999.0 -9999.0 -9999.0
-9999.0 -9999.0 -9999.0 -9999.0 -9999.0 -9999.0 -9999.0 -9999.0 -9999.0 -9999.0 -9999.0 -9999.0 -9999.0 -9999.0 -9999.0 -9999.0 -9999.0 -9999.0 -9999.0 -9999.0 -9999.0 -9999.0 -9999.0 -9999.0 -9999.0 -9999.0 -9999.0 -9999.0 -9999.0 -9999.0 -9999.0 -9999.0 -9999.0 -9999.0 -9999.0 -9999.0 -9999.0 -9999.0 -9999.0 -9999.0 -9999.0 -9999.0 -9999.0 -9999.0 -9999.0 -9999.0 -9999.0 -9999.0 -9999.0 -9999.0 -9999.0 -9999.0 -9999.0 -9999.0 -9999.0 -9999.0 -9999.0 -9999.0 -9999.0 -9999.0 -9999.0 -9999.0 -9999.0 -9999.0 -9999.0 -9999.0 -9999.0 -9999.0 -9999.0 -9999.0 -9999.0 -9999.0 -9999.0 -9999.0 -9999.0 -9999.0 -9999.0 -9999.0 -9999.0 -9999.0 -9999.0 -9999.0 -9999.0 -9999.0 -9999.0 -9999.0 -9999.0 -9999.0 -9999.0 -9999.0 -9999.0 -9999.0 -9999.0 -9999.0 -9999.0 -9999.0 -9999.0 -9999.0 -9999.0 -9999.0 -9999.0 -9999.0 -9999.0 -9999.0
-9999.0 -9999.0 0.100000 0.100000 0.100000 0.100000 0.100000 0.100000 0.100000 0.094009 0.077440 0.065114 0.058358 0.054370 0.051104 0.052228 0.053639 0.054765 0.055937 0.057350 0.059094 0.061187 0.063559 0.066120 0.068703 0.071191 0.073351 0.075109 0.076363 0.077036 0.077092 0.076527 0.075364 0.073657 0.071582 0.069228 0.066798 0.064429 0.062285 0.060424 0.058853 0.057522 0.056369 0.055388 0.054535 0.053754 0.052981 0.052065 0.049828 0.034508 0.073645 0.073412 0.033120 0.033193 0.033295 0.033446 0.033670 0.034002 0.034503 0.035671 0.041779 0.050897 0.056672 0.056224 0.055506 0.055283 0.055240 0.055234 0.055225 0.055207 0.055179 0.055144 0.055105 0.055062 0.055017 0.054971 0.054923 0.054874 0.054824 0.054774 0.054723 0.054671 0.054618 0.054564 0.054510 0.054456 0.054402 0.054348 0.054296 0.054245 0.054197 0.054152 0.054110 0.054072 0.054038 0.054004 0.053961 0.053878 0.053665 0.053070 0.051091 0.041765 -9999.0 -9999.0
-9999.0 -9999.0 0.100000 0.100000 0.100000 0.100000 0.100000 0.100000 0.100000 0.094009 0.077440 0.065114 0.058358 0.054370 0.051104 0.052228 0.053639 0.054765 0.055937 0.057350 0.059094 0.061187 0.063559 0.066120 0.068703 0.071191 0.073351 0.075109 0.076363 0.077036 0.077092 0.076527 0.075364 0.073657 0.071582 0.069228 0.066798 0.064429 0.062285 0.060424 0.058853 0.057522 0.056369 0.055388 0.054535 0.053754 0.052981 0.052065 0.049828 0.034508 0.073645 0.073412 0.033120 0.033193 0.033295 0.033446 0.033670 0.034002 0.034503 0.035671 0.041779 0.050897 0.056672 0.056224 0.055506 0.055283 0.055240 0.055234 0.055225 0.055207 0.055179 0.055144 0.055105 0.055062 0.055017 0.054971 0.054923 0.054874 0.054824 0.054774 0.054723 0.054671 0.054618 0.054564 0.054510 0.054456 0.054402 0.054348 0.054296 0.054245 0.054197 0.054152 0.054110 0.054072 0.054038 0.054004 0.053961 0.053878 0.053665 0.053070 0.051091 0.041765 -9999.0 -9999.0
-9999.0 -9999.0 0.100000 0.100000 0.100000 0.100000 0.100000 0.100000 0.100000 0.094009 0.077440 0.065114 0.058358 0.054370 0.051104 0.052228 0.053639 0.054765 0.055937 0.057350 0.059094 0.061187 0.063559 0.066120 0.068703 0.071191 0.073351 0.075109 0.076363 0.077036 0.077092 0.076527 0.075364 0.073657 0.071582 0.069228 0.066798 0.064429 0.062285 0.060424 0.058853 0.057522 0.056369 0.055388 0.054535 0.053754 0.052981 0.052065 0.049828 0.034508 0.073645 0.073412 0.033120 0.033193 0.033295 0.033446 0.033670 0.034002 0.034503 0.035671 0.041779 0.050897 0.056672 0.056224 0.055506 0.055283 0.055240 0.055234 0.055225 0.055207 0.055179 0.055144 0.055105 0.055062 0.055017 0.054971 0.054923 0.054874 0.054824 0.054774 0.054723 0.054671 0.054618 0.054564 0.054510 0.054456 0.054402 0.054348 0.054296 0.054245 0.054197 0.054152 0.054110 0.054072 0.054038 0.054004 0.053961 0.053878 0.053665 0.053070 0.051091 0.041765 -9999.0 -9999.0
-9999.0 -9999.0 0.100000 0.100000 0.100000 0.100000 0.100000 0.100000 0.100000 0.094009 0.077440 0.065114 0.058358 0.054370 0.051104 0.052228 0.053639 0.054765 0.055937 0.057350 0.059094 0.061187 0.063559 0.066120 0.068703 0.071191 0.073351 0.075109 0.076363 0.077036 0.077092 0.076527 0.075364 0.073657 0.071582 0.069228 0.066798 0.064429 0.062285 0.060424 0.058853 0.057522 0.056369 0.055388 0.054535 0.053754 0.052981 0.052065 0.049828 0.034508 0.073645 0.073412 0.033120 0.033193 0.033295 0.033446 0.033670 0.034002 0.034503 0.035671 0.041779 0.050897 0.056672 0.056224 0.055506 0.055283 0.055240 0.055234 0.055225 0.055207 0.055179 0.055144 0.055105 0.055062 0.055017 0.054971 0.054923 0.054874 0.054824 0.054774 0.054723 0.054671 0.054618 0.054564 0.054510 0.054456 0.054402 0.054348 0.054296 0.054245 0.054197 0.054152 0.054110 0.054072 0.054038 0.054004 0.053961 0.053878 0.053665 0.053070 0.051091 0.041765 -9999.0 -9999.0
-9999.0 -9999.0 0.100000 0.100000 0.100000 0.100000 0.100000 0.100000 0.100000 0.094009 0.077440 0.065114 0.058358 0.054370 0.051104 0.052228 0.053639 0.054765 0.055937 0.057350 0.059094 0.061187 0.063559 0.066120 0.068703 0.071191 0.073351 0.075109 0.076363 0.077036 0.077092 0.076527 0.075364 0.073657 0.071582 0.069228 0.066798 0.064429 0.062285 0.060424 0.058853 0.057522 0.056369 0.055388 0.054535 0.053754 0.052981 0.052065 0.049828 0.034508 0.073645 0.073412 0.033120 0.033193 0.033295 0.033446 0.033670 0.034002 0.034503 0.035671 0.041779 0.050897 0.056672 0.056224 0.055506 0.055283 0.055240 0.055234 0.055225 0.055207 0.055179 0.055144 0.055105 0.055062 0.055017 0.054971 0.054923 0.054874 0.054824 0.054774 0.054723 0.054671 0.054618 0.054564 0.054510 0.054456 0.054402 0.054348 0.054296 0.054245 0.054197 0.054152 0.054110 0.054072 0.054038 0.054004 0.053961 0.053878 0.053665 0.053070 0.051091 0.041765 -9999.0 -9999.0
-9999.0 -9999.0 0.100000 0.100000 0.100000 0.100000 0.100000 0.100000 0.100000 0.094009 0.077440 0.065114 0.058358 0.054370 0.051104 0.052228 0.053639 0.054765 0.055937 0.057350 0.059094 0.061187 0.063559 0.066120 0.068703 0.071191 0.073351 0.075109 0.076363 0.077036 0.077092 0.076527 0.075364 0.073657 0.071582 0.069228 0.066798 0.064429 0.062285 0.060424 0.058853 0.057522 0.056369 0.055388 0.054535 0.053754 0.052981 0.052065 0.049828 0.034508 0.073645 0.073412 0.033120 0.033193 0.033295 0.033446 0.033670 0.034002 0.034503 0.035671 0.041779 0.050897 0.056672 0.056224 0.055506 0.055283 0.055240 0.055234 0.055225 0.055207 0.055179 0.055144 0.055105 0.055062 0.055017 0.054971 0.054923 0.054874 0.054824 0.054774 0.054723 0.054671 0.054618 0.054564 0.054510 0.054456 0.054402 0.054348 0.054296 0.054245 0.054197 0.054152 0.054110 0.054072 0.054038 0.054004 0.053961 0.053878 0.053665 0.053070 0.051091 0.041765 -9999.0 -9999.0
-9999.0 -9999.0 -9999.0 -9999.0 -9999.0 -9999.0 -9999.0 -9999.0 -9999.0 -9999.0 -9999.0 -9999.0 -9999.0 -9999.0 -9999.0 -9999.0 -9999.0 -9999.0 -9999.0 -9999.0 -9999.0 -9999.0 -9999.0 -9999.0 -9999.0 -9999.0 -9999.0 -9999.0 -9999.0 -9999.0 -9999.0 -9999.0 -9999.0 -9999.0 -9999.0 -9999.0 -9999.0 -9999.0 -9999.0 -9999.0 -9999.0 -9999.0 -9999.0 -9999.0 -9999.0 -9999.0 -9999.0 -9999.0 -9999.0 -9999.0 -9999.0 -9999.0 -9999.0 -9999.0 -9999.0 -9999.0 -9999.0 -9999.0 -9999.0 -9999.0 -9999.0 -9999.0 -9999.0 -9999.0 -9999.0 -9999.0 -9999.0 -9999.0 -9999.0 -9999.0 -9999.0 -9999.0 -9999.0 -9999.0 -9999.0 -9999.0 -9999.0 -9999.0 -9999.0 -9999.0 -9999.0 -9999.0 -9999.0 -9999.0 -9999.0 -9999.0 -9999.0 -9999.0 -9999.0 -9999.0 -9999.0 -9999.0 -9999.0 -9999.0 -9999.0 -9999.0 -9999.0 -9999.0 -9999.0 -9999.0 -9999.0 -9999.0 -9999.0 -9999.0
-9999.0 -9999.0 -9999.0 -9999.0 -9999.0 -9999.0 -9999.0 -9999.0 -9999.0 -9999.0 -9999.0 -9999.0 -9999.0 -9999.0 -9999.0 -9999.0 -9999.0 -9999.0 -9999.0 -9999.0 -9999.0 -9999.0 -9999.0 -9999.0 -9999.0 -9999.0 -9999.0 -9999.0 -9999.0 -9999.0 -9999.0 -9999.0 -9999.0 -9999.0 -9999.0 -9999.0 -9999.0 -9999.0 -9999.0 -9999.0 -9999.0 -9999.0 -9999.0 -9999.0 -9999.0 -9999.0 -9999.0 -9999.0 -9999.0 -9999.0 -9999.0 -9999.0 -9999.0 -9999.0 -9999.0 -9999.0 -9999.0 -9999.0 -9999.0 -9999.0 -9999.0 -9999.0 -9999.0 -9999.0 -9999.0 -9999.0 -9999.0 -9999.0 -9999.0 -9999.0 -9999.0 -9999.0 -9999.0 -9999.0 -9999.0 -9999.0 -9999.0 -9999.0 -9999.0 -9999.0 -9999.0 -9999.0 -9999.0 -9999.0 -9999.0 -9999.0 -9999.0 -9999.0 -9999.0 -9999.0 -9999.0 -9999.0 -9999.0 -9999.0 -9999.0 -9999.0 -9999.0 -9999.0 -9999.0 -9999.0 -9999.0 -9999.0 -9999.0 -9999.0