examples/3D/hillslope02_superslab/output-maps-SE27XX/thetaliqL0087N0002.asc
ncols         104
nrows         10
xllcorner     -2.000000
yllcorner     0.000000
cellsize      1.000000
NODATA_value  -9999.0
-9999.0 -9999.0 -9999.0 -9999.0 -9999.0 -9999.0 -9999.0 -9999.0 -9999.0 -9999.0 -9999.0 -9999.0 -9999.0 -9999.0 -9999.0 -9999.0 -9999.0 -9999.0 -9999.0 -9999.0 -9999.0 -9999.0 -9999.0 -9999.0 -9999.0 -9999.0 -9999.0 -9999.0 -9999.0 -9999.0 -9999.0 -9999.0 -9999.0 -9999.0 -9999.0 -9999.0 -9999.0 -9999.0 -9999.0 -9999.0 -9999.0 -9999.0 -9999.0 -9999.0 -9999.0 -9999.0 -9999.0 -9999.0 -9999.0 -9999.0 -9999.0 -9999.0 -9999.0 -9999.0 -9999.0 -9999.0 -9999.0 -9999.0 -9999.0 -9999.0 -9999.0 -9999.0 -9999.0 -9999.0 -9999.0 -9999.0 -9999.0 -9999.0 -9999.0 -9999.0 -9999.0 -9999.0 -9999.0 -9999.0 -9999.0 -9999.0 -9999.0 -9999.0 -9999.0 -9999.0 -9999.0 -9999.0 -9999.0 -9999.0 -9999.0 -9999.0 -9999.0 -9999.0 -9999.0 -9999.0 -9999.0 -9999.0 -9999.0 -9999.0 -9999.0 -9999.0 -9999.0 -9999.0 -9999.0 -9999.0 -9999.0 -9999.0 -9999.0 -9999.0
-9999.0 -9999.0 -9999.0 -9999.0 -9999.0 -9999.0 -9999.0 -9999.0 -9999.0 -9999.0 -9999.0 -9999.0 -9999.0 -9999.0 -9999.0 -9999.0 -9999.0 -9999.0 -9999.0 -9999.0 -9999.0 -9999.0 -9999.0 -9999.0 -9999.0 -9999.0 -9999.0 -9999.0 -9999.0 -9999.0 -9999.0 -9999.0 -9999.0 -9999.0 -9999.0 -9999.0 -9999.0 -9999.0 -9999.0 -9999.0 -9999.0 -9999.0 -9999.0 -9999.0 -9999.0 -9999.0 -9999.0 -9999.0 -9999.0 -9999.0 -9999.0 -9999.0 -9999.0 -9999.0 -9999.0 -9999.0 -9999.0 -9999.0 -9999.0 -9999.0 -9999.0 -9999.0 -9999.0 -9999.0 -9999.0 -9999.0 -9999.0 -9999.0 -9999.0 -9999.0 -9999.0 -9999.0 -9999.0 -9999.0 -9999.0 -9999.0 -9999.0 -9999.0 -9999.0 -9999.0 -9999.0 -9999.0 -9999.0 -9999.0 -9999.0 -9999.0 -9999.0 -9999.0 -9999.0 -9999.0 -9999.0 -9999.0 -9999.0 -9999.0 -9999.0 -9999.0 -9999.0 -9999.0 -9999.0 -9999.0 -9999.0 -9999.0 -9999.0 -9999.0
-9999.0 -9999.0 0.100000 0.100000 0.100000 0.100000 0.100000 0.100000 0.100000 0.100000 0.100000 0.100000 0.100000 0.097049 0.090057 0.086968 0.088038 0.091540 0.095889 0.099170 0.100000 0.100000 0.100000 0.100000 0.100000 0.100000 0.100000 0.100000 0.100000 0.100000 0.100000 0.100000 0.100000 0.100000 0.100000 0.100000 0.100000 0.100000 0.100000 0.099704 0.095736 0.088152 0.079393 0.071466 0.065192 0.060577 0.057268 0.054681 0.050539 0.042531 0.041987 0.042219 0.042958 0.043935 0.045219 0.046823 0.048814 0.051221 0.054102 0.057617 0.062098 0.067671 0.072867 0.075349 0.076940 0.078040 0.078714 0.079037 0.079082 0.078913 0.078581 0.078126 0.077575 0.076951 0.076266 0.075529 0.074742 0.073907 0.073027 0.072124 0.071186 0.070207 0.069180 0.068104 0.066988 0.065865 0.064720 0.063550 0.062390 0.061261 0.060154 0.059118 0.058147 0.057274 0.056494 0.055824 0.055254 0.054746 0.054185 0.053183 0.049199 0.036352 -9999.0 -9999.0
-9999.0 -9999.0 0.100000 0.100000 0.100000 0.100000 0.100000 0.100000 0.100000 0.100000 0.100000 0.100000 0.100000 0.097049 0.090057 0.086968 0.088038 0.091540 0.095889 0.099170 0.100000 0.100000 0.100000 0.100000 0.100000 0.100000 0.100000 0.100000 0.100000 0.100000 0.100000 0.100000 0.100000 0.100000 0.100000 0.100000 0.100000 0.100000 0.100000 0.099704 0.095736 0.088152 0.079393 0.071466 0.065192 0.060577 0.057268 0.054681 0.050539 0.042531 0.041987 0.042219 0.042958 0.043935 0.045219 0.046823 0.048814 0.051221 0.054102 0.057617 0.062098 0.067671 0.072867 0.075349 0.076940 0.078040 0.078714 0.079037 0.079082 0.078913 0.078581 0.078126 0.077575 0.076951 0.076266 0.075529 0.074742 0.073907 0.073027 0.072124 0.071186 0.070207 0.069180 0.068104 0.066988 0.065865 0.064720 0.063550 0.062390 0.061261 0.060154 0.059118 0.058147 0.057274 0.056494 0.055824 0.055254 0.054746 0.054185 0.053183 0.049199 0.036352 -9999.0 -9999.0
-9999.0 -9999.0 0.100000 0.100000 0.100000 0.100000 0.100000 0.100000 0.100000 0.100000 0.100000 0.100000 0.100000 0.097049 0.090057 0.086968 0.088038 0.091540 0.095889 0.099170 0.100000 0.100000 0.100000 0.100000 0.100000 0.100000 0.100000 0.100000 0.100000 0.100000 0.100000 0.100000 0.100000 0.100000 0.100000 0.100000 0.100000 0.100000 0.100000 0.099704 0.095736 0.088152 0.079393 0.071466 0.065192 0.060577 0.057268 0.054681 0.050539 0.042531 0.041987 0.042219 0.042958 0.043935 0.045219 0.046823 0.048814 0.051221 0.054102 0.057617 0.062098 0.067671 0.072867 0.075349 0.076940 0.078040 0.078714 0.079037 0.079082 0.078913 0.078581 0.078126 0.077575 0.076951 0.076266 0.075529 0.074742 0.073907 0.073027 0.072124 0.071186 0.070207 0.069180 0.068104 0.066988 0.065865 0.064720 0.063550 0.062390 0.061261 0.060154 0.059118 0.058147 0.057274 0.056494 0.055824 0.055254 0.054746 0.054185 0.053183 0.049199 0.036352 -9999.0 -9999.0
-9999.0 -9999.0 0.100000 0.100000 0.100000 0.100000 0.100000 0.100000 0.100000 0.100000 0.100000 0.100000 0.100000 0.097049 0.090057 0.086968 0.088038 0.091540 0.095889 0.099170 0.100000 0.100000 0.100000 0.100000 0.100000 0.100000 0.100000 0.100000 0.100000 0.100000 0.100000 0.100000 0.100000 0.100000 0.100000 0.100000 0.100000 0.100000 0.100000 0.099704 0.095736 0.088152 0.079393 0.071466 0.065192 0.060577 0.057268 0.054681 0.050539 0.042531 0.041987 0.042219 0.042958 0.043935 0.045219 0.046823 0.048814 0.051221 0.054102 0.057617 0.062098 0.067671 0.072867 0.075349 0.076940 0.078040 0.078714 0.079037 0.079082 0.078913 0.078581 0.078126 0.077575 0.076951 0.076266 0.075529 0.074742 0.073907 0.073027 0.072124 0.071186 0.070207 0.069180 0.068104 0.066988 0.065865 0.064720 0.063550 0.062390 0.061261 0.060154 0.059118 0.058147 0.057274 0.056494 0.055824 0.055254 0.054746 0.054185 0.053183 0.049199 0.036352 -9999.0 -9999.0
-9999.0 -9999.0 0.100000 0.100000 0.100000 0.100000 0.100000 0.100000 0.100000 0.100000 0.100000 0.100000 0.100000 0.097049 0.090057 0.086968 0.088038 0.091540 0.095889 0.099170 0.100000 0.100000 0.100000 0.100000 0.100000 0.100000 0.100000 0.100000 0.100000 0.100000 0.100000 0.100000 0.100000 0.100000 0.100000 0.100000 0.100000 0.100000 0.100000 0.099704 0.095736 0.088152 0.079393 0.071466 0.065192 0.060577 0.057268 0.054681 0.050539 0.042531 0.041987 0.042219 0.042958 0.043935 0.045219 0.046823 0.048814 0.051221 0.054102 0.057617 0.062098 0.067671 0.072867 0.075349 0.076940 0.078040 0.078714 0.079037 0.079082 0.078913 0.078581 0.078126 0.077575 0.076951 0.076266 0.075529 0.074742 0.073907 0.073027 0.072124 0.071186 0.070207 0.069180 0.068104 0.066988 0.065865 0.064720 0.063550 0.062390 0.061261 0.060154 0.059118 0.058147 0.057274 0.056494 0.055824 0.055254 0.054746 0.054185 0.053183 0.049199 0.036352 -9999.0 -9999.0
-9999.0 -9999.0 0.100000 0.100000 0.100000 0.100000 0.100000 0.100000 0.100000 0.100000 0.100000 0.100000 0.100000 0.097049 0.090057 0.086968 0.088038 0.091540 0.095889 0.099170 0.100000 0.100000 0.100000 0.100000 0.100000 0.100000 0.100000 0.100000 0.100000 0.100000 0.100000 0.100000 0.100000 0.100000 0.100000 0.100000 0.100000 0.100000 0.100000 0.099704 0.095736 0.088152 0.079393 0.071466 0.065192 0.060577 0.057268 0.054681 0.050539 0.042531 0.041987 0.042219 0.042958 0.043935 0.045219 0.046823 0.048814 0.051221 0.054102 0.057617 0.062098 0.067671 0.072867 0.075349 0.076940 0.078040 0.078714 0.079037 0.079082 0.078913 0.078581 0.078126 0.077575 0.076951 0.076266 0.075529 0.074742 0.073907 0.073027 0.072124 0.071186 0.070207 0.069180 0.068104 0.066988 0.065865 0.064720 0.063550 0.062390 0.061261 0.060154 0.059118 0.058147 0.057274 0.056494 0.055824 0.055254 0.054746 0.054185 0.053183 0.049199 0.036352 -9999.0 -9999.0
-9999.0 -9999.0 -9999.0 -9999.0 -9999.0 -9999.0 -9999.0 -9999.0 -9999.0 -9999.0 -9999.0 -9999.0 -9999.0 -9999.0 -9999.0 -9999.0 -9999.0 -9999.0 -9999.0 -9999.0 -9999.0 -9999.0 -9999.0 -9999.0 -9999.0 -9999.0 -9999.0 -9999.0 -9999.0 -9999.0 -9999.0 -9999.0 -9999.0 -9999.0 -9999.0 -9999.0 -9999.0 -9999.0 -9999.0 -9999.0 -9999.0 -9999.0 -9999.0 -9999.0 -9999.0 -9999.0 -9999.0 -9999.0 -9999.0 -9999.0 -9999.0 -9999.0 -9999.0 -9999.0 -9999.0 -9999.0 -9999.0 -9999.0 -9999.0 -9999.0 -9999.0 -9999.0 -9999.0 -9999.0 -9999.0 -9999.0 -9999.0 -9999.0 -9999.0 -9999.0 -9999.0 -9999.0 -9999.0 -9999.0 -9999.0 -9999.0 -9999.0 -9999.0 -9999.0 -9999.0 -9999.0 -9999.0 -9999.0 -9999.0 -9999.0 -9999.0 -9999.0 -9999.0 -9999.0 -9999.0 -9999.0 -9999.0 -9999.0 -9999.0 -9999.0 -9999.0 -9999.0 -9999.0 -9999.0 -9999.0 -9999.0 -9999.0 -9999.0 -9999.0
-9999.0 -9999.0 -9999.0 -9999.0 -9999.0 -9999.0 -9999.0 -9999.0 -9999.0 -9999.0 -9999.0 -9999.0 -9999.0 -9999.0 -9999.0 -9999.0 -9999.0 -9999.0 -9999.0 -9999.0 -9999.0 -9999.0 -9999.0 -9999.0 -9999.0 -9999.0 -9999.0 -9999.0 -9999.0 -9999.0 -9999.0 -9999.0 -9999.0 -9999.0 -9999.0 -9999.0 -9999.0 -9999.0 -9999.0 -9999.0 -9999.0 -9999.0 -9999.0 -9999.0 -9999.0 -9999.0 -9999.0 -9999.0 -9999.0 -9999.0 -9999.0 -9999.0 -9999.0 -9999.0 -9999.0 -9999.0 -9999.0 -9999.0 -9999.0 -9999.0 -9999.0 -9999.0 -9999.0 -9999.0 -9999.0 -9999.0 -9999.0 -9999.0 -9999.0 -9999.0 -9999.0 -9999.0 -9999.0 -9999.0 -9999.0 -9999.0 -9999.0 -9999.0 -9999.0 -9999.0 -9999.0 -9999.0 -9999.0 -9999.0 -9999.0 -9999.0 -9999.0 -9999.0 -9999.0 -9999.0 -9999.0 -9999.0 -9999.0 -9999.0 -9999.0 -9999.0 -9999.0 -9999.0 -9999.0 -9999.0 -9999.0 -9999.0 -9999.0 -9999.0