examples/3D/hillslope02_superslab/output-maps-SE27XX/thetaliqL0003N0001.asc
ncols         104
nrows         10
xllcorner     -2.000000
yllcorner     0.000000
cellsize      1.000000
NODATA_value  -9999.0
-9999.0 -9999.0 -9999.0 -9999.0 -9999.0 -9999.0 -9999.0 -9999.0 -9999.0 -9999.0 -9999.0 -9999.0 -9999.0 -9999.0 -9999.0 -9999.0 -9999.0 -9999.0 -9999.0 -9999.0 -9999.0 -9999.0 -9999.0 -9999.0 -9999.0 -9999.0 -9999.0 -9999.0 -9999.0 -9999.0 -9999.0 -9999.0 -9999.0 -9999.0 -9999.0 -9999.0 -9999.0 -9999.0 -9999.0 -9999.0 -9999.0 -9999.0 -9999.0 -9999.0 -9999.0 -9999.0 -9999.0 -9999.0 -9999.0 -9999.0 -9999.0 -9999.0 -9999.0 -9999.0 -9999.0 -9999.0 -9999.0 -9999.0 -9999.0 -9999.0 -9999.0 -9999.0 -9999.0 -9999.0 -9999.0 -9999.0 -9999.0 -9999.0 -9999.0 -9999.0 -9999.0 -9999.0 -9999.0 -9999.0 -9999.0 -9999.0 -9999.0 -9999.0 -9999.0 -9999.0 -9999.0 -9999.0 -9999.0 -9999.0 -9999.0 -9999.0 -9999.0 -9999.0 -9999.0 -9999.0 -9999.0 -9999.0 -9999.0 -9999.0 -9999.0 -9999.0 -9999.0 -9999.0 -9999.0 -9999.0 -9999.0 -9999.0 -9999.0 -9999.0
-9999.0 -9999.0 -9999.0 -9999.0 -9999.0 -9999.0 -9999.0 -9999.0 -9999.0 -9999.0 -9999.0 -9999.0 -9999.0 -9999.0 -9999.0 -9999.0 -9999.0 -9999.0 -9999.0 -9999.0 -9999.0 -9999.0 -9999.0 -9999.0 -9999.0 -9999.0 -9999.0 -9999.0 -9999.0 -9999.0 -9999.0 -9999.0 -9999.0 -9999.0 -9999.0 -9999.0 -9999.0 -9999.0 -9999.0 -9999.0 -9999.0 -9999.0 -9999.0 -9999.0 -9999.0 -9999.0 -9999.0 -9999.0 -9999.0 -9999.0 -9999.0 -9999.0 -9999.0 -9999.0 -9999.0 -9999.0 -9999.0 -9999.0 -9999.0 -9999.0 -9999.0 -9999.0 -9999.0 -9999.0 -9999.0 -9999.0 -9999.0 -9999.0 -9999.0 -9999.0 -9999.0 -9999.0 -9999.0 -9999.0 -9999.0 -9999.0 -9999.0 -9999.0 -9999.0 -9999.0 -9999.0 -9999.0 -9999.0 -9999.0 -9999.0 -9999.0 -9999.0 -9999.0 -9999.0 -9999.0 -9999.0 -9999.0 -9999.0 -9999.0 -9999.0 -9999.0 -9999.0 -9999.0 -9999.0 -9999.0 -9999.0 -9999.0 -9999.0 -9999.0
-9999.0 -9999.0 0.056481 0.054541 0.054087 0.053982 0.053987 0.054115 0.054631 0.056558 0.054004 0.098934 0.099746 0.099939 0.099993 0.100000 0.099668 0.087170 0.071128 0.061487 0.056951 0.055060 0.054328 0.054063 0.053973 0.053944 0.053936 0.053942 0.053973 0.054096 0.054551 0.055920 0.058071 0.059911 0.060975 0.061411 0.061500 0.061439 0.061353 0.061418 0.062253 0.066326 0.093639 0.094109 0.094127 0.094133 0.094137 0.094139 0.094140 0.094140 0.094140 0.094140 0.094139 0.094139 0.094138 0.094136 0.094134 0.094132 0.094127 0.094118 0.094081 0.092625 0.059427 0.055164 0.054237 0.054008 0.053949 0.053934 0.053930 0.053929 0.053929 0.053929 0.053929 0.053929 0.053929 0.053929 0.053929 0.053929 0.053929 0.053929 0.053929 0.053929 0.053929 0.053929 0.053929 0.053929 0.053929 0.053929 0.053929 0.053929 0.053929 0.053929 0.053929 0.053929 0.053928 0.053927 0.053924 0.053910 0.053861 0.053677 0.053017 0.050852 -9999.0 -9999.0
-9999.0 -9999.0 0.056481 0.054541 0.054087 0.053982 0.053987 0.054115 0.054631 0.056558 0.054004 0.098934 0.099746 0.099939 0.099993 0.100000 0.099668 0.087170 0.071128 0.061487 0.056951 0.055060 0.054328 0.054063 0.053973 0.053944 0.053936 0.053942 0.053973 0.054096 0.054551 0.055920 0.058071 0.059911 0.060975 0.061411 0.061500 0.061439 0.061353 0.061418 0.062253 0.066326 0.093639 0.094109 0.094127 0.094133 0.094137 0.094139 0.094140 0.094140 0.094140 0.094140 0.094139 0.094139 0.094138 0.094136 0.094134 0.094132 0.094127 0.094118 0.094081 0.092625 0.059427 0.055164 0.054237 0.054008 0.053949 0.053934 0.053930 0.053929 0.053929 0.053929 0.053929 0.053929 0.053929 0.053929 0.053929 0.053929 0.053929 0.053929 0.053929 0.053929 0.053929 0.053929 0.053929 0.053929 0.053929 0.053929 0.053929 0.053929 0.053929 0.053929 0.053929 0.053929 0.053928 0.053927 0.053924 0.053910 0.053861 0.053677 0.053017 0.050852 -9999.0 -9999.0
-9999.0 -9999.0 0.056481 0.054541 0.054087 0.053982 0.053987 0.054115 0.054631 0.056558 0.054004 0.098934 0.099746 0.099939 0.099993 0.100000 0.099668 0.087170 0.071128 0.061487 0.056951 0.055060 0.054328 0.054063 0.053973 0.053944 0.053936 0.053942 0.053973 0.054096 0.054551 0.055920 0.058071 0.059911 0.060975 0.061411 0.061500 0.061439 0.061353 0.061418 0.062253 0.066326 0.093639 0.094109 0.094127 0.094133 0.094137 0.094139 0.094140 0.094140 0.094140 0.094140 0.094139 0.094139 0.094138 0.094136 0.094134 0.094132 0.094127 0.094118 0.094081 0.092625 0.059427 0.055164 0.054237 0.054008 0.053949 0.053934 0.053930 0.053929 0.053929 0.053929 0.053929 0.053929 0.053929 0.053929 0.053929 0.053929 0.053929 0.053929 0.053929 0.053929 0.053929 0.053929 0.053929 0.053929 0.053929 0.053929 0.053929 0.053929 0.053929 0.053929 0.053929 0.053929 0.053928 0.053927 0.053924 0.053910 0.053861 0.053677 0.053017 0.050852 -9999.0 -9999.0
-9999.0 -9999.0 0.056481 0.054541 0.054087 0.053982 0.053987 0.054115 0.054631 0.056558 0.054004 0.098934 0.099746 0.099939 0.099993 0.100000 0.099668 0.087170 0.071128 0.061487 0.056951 0.055060 0.054328 0.054063 0.053973 0.053944 0.053936 0.053942 0.053973 0.054096 0.054551 0.055920 0.058071 0.059911 0.060975 0.061411 0.061500 0.061439 0.061353 0.061418 0.062253 0.066326 0.093639 0.094109 0.094127 0.094133 0.094137 0.094139 0.094140 0.094140 0.094140 0.094140 0.094139 0.094139 0.094138 0.094136 0.094134 0.094132 0.094127 0.094118 0.094081 0.092625 0.059427 0.055164 0.054237 0.054008 0.053949 0.053934 0.053930 0.053929 0.053929 0.053929 0.053929 0.053929 0.053929 0.053929 0.053929 0.053929 0.053929 0.053929 0.053929 0.053929 0.053929 0.053929 0.053929 0.053929 0.053929 0.053929 0.053929 0.053929 0.053929 0.053929 0.053929 0.053929 0.053928 0.053927 0.053924 0.053910 0.053861 0.053677 0.053017 0.050852 -9999.0 -9999.0
-9999.0 -9999.0 0.056481 0.054541 0.054087 0.053982 0.053987 0.054115 0.054631 0.056558 0.054004 0.098934 0.099746 0.099939 0.099993 0.100000 0.099668 0.087170 0.071128 0.061487 0.056951 0.055060 0.054328 0.054063 0.053973 0.053944 0.053936 0.053942 0.053973 0.054096 0.054551 0.055920 0.058071 0.059911 0.060975 0.061411 0.061500 0.061439 0.061353 0.061418 0.062253 0.066326 0.093639 0.094109 0.094127 0.094133 0.094137 0.094139 0.094140 0.094140 0.094140 0.094140 0.094139 0.094139 0.094138 0.094136 0.094134 0.094132 0.094127 0.094118 0.094081 0.092625 0.059427 0.055164 0.054237 0.054008 0.053949 0.053934 0.053930 0.053929 0.053929 0.053929 0.053929 0.053929 0.053929 0.053929 0.053929 0.053929 0.053929 0.053929 0.053929 0.053929 0.053929 0.053929 0.053929 0.053929 0.053929 0.053929 0.053929 0.053929 0.053929 0.053929 0.053929 0.053929 0.053928 0.053927 0.053924 0.053910 0.053861 0.053677 0.053017 0.050852 -9999.0 -9999.0
-9999.0 -9999.0 0.056481 0.054541 0.054087 0.053982 0.053987 0.054115 0.054631 0.056558 0.054004 0.098934 0.099746 0.099939 0.099993 0.100000 0.099668 0.087170 0.071128 0.061487 0.056951 0.055060 0.054328 0.054063 0.053973 0.053944 0.053936 0.053942 0.053973 0.054096 0.054551 0.055920 0.058071 0.059911 0.060975 0.061411 0.061500 0.061439 0.061353 0.061418 0.062253 0.066326 0.093639 0.094109 0.094127 0.094133 0.094137 0.094139 0.094140 0.094140 0.094140 0.094140 0.094139 0.094139 0.094138 0.094136 0.094134 0.094132 0.094127 0.094118 0.094081 0.092625 0.059427 0.055164 0.054237 0.054008 0.053949 0.053934 0.053930 0.053929 0.053929 0.053929 0.053929 0.053929 0.053929 0.053929 0.053929 0.053929 0.053929 0.053929 0.053929 0.053929 0.053929 0.053929 0.053929 0.053929 0.053929 0.053929 0.053929 0.053929 0.053929 0.053929 0.053929 0.053929 0.053928 0.053927 0.053924 0.053910 0.053861 0.053677 0.053017 0.050852 -9999.0 -9999.0
-9999.0 -9999.0 -9999.0 -9999.0 -9999.0 -9999.0 -9999.0 -9999.0 -9999.0 -9999.0 -9999.0 -9999.0 -9999.0 -9999.0 -9999.0 -9999.0 -9999.0 -9999.0 -9999.0 -9999.0 -9999.0 -9999.0 -9999.0 -9999.0 -9999.0 -9999.0 -9999.0 -9999.0 -9999.0 -9999.0 -9999.0 -9999.0 -9999.0 -9999.0 -9999.0 -9999.0 -9999.0 -9999.0 -9999.0 -9999.0 -9999.0 -9999.0 -9999.0 -9999.0 -9999.0 -9999.0 -9999.0 -9999.0 -9999.0 -9999.0 -9999.0 -9999.0 -9999.0 -9999.0 -9999.0 -9999.0 -9999.0 -9999.0 -9999.0 -9999.0 -9999.0 -9999.0 -9999.0 -9999.0 -9999.0 -9999.0 -9999.0 -9999.0 -9999.0 -9999.0 -9999.0 -9999.0 -9999.0 -9999.0 -9999.0 -9999.0 -9999.0 -9999.0 -9999.0 -9999.0 -9999.0 -9999.0 -9999.0 -9999.0 -9999.0 -9999.0 -9999.0 -9999.0 -9999.0 -9999.0 -9999.0 -9999.0 -9999.0 -9999.0 -9999.0 -9999.0 -9999.0 -9999.0 -9999.0 -9999.0 -9999.0 -9999.0 -9999.0 -9999.0
-9999.0 -9999.0 -9999.0 -9999.0 -9999.0 -9999.0 -9999.0 -9999.0 -9999.0 -9999.0 -9999.0 -9999.0 -9999.0 -9999.0 -9999.0 -9999.0 -9999.0 -9999.0 -9999.0 -9999.0 -9999.0 -9999.0 -9999.0 -9999.0 -9999.0 -9999.0 -9999.0 -9999.0 -9999.0 -9999.0 -9999.0 -9999.0 -9999.0 -9999.0 -9999.0 -9999.0 -9999.0 -9999.0 -9999.0 -9999.0 -9999.0 -9999.0 -9999.0 -9999.0 -9999.0 -9999.0 -9999.0 -9999.0 -9999.0 -9999.0 -9999.0 -9999.0 -9999.0 -9999.0 -9999.0 -9999.0 -9999.0 -9999.0 -9999.0 -9999.0 -9999.0 -9999.0 -9999.0 -9999.0 -9999.0 -9999.0 -9999.0 -9999.0 -9999.0 -9999.0 -9999.0 -9999.0 -9999.0 -9999.0 -9999.0 -9999.0 -9999.0 -9999.0 -9999.0 -9999.0 -9999.0 -9999.0 -9999.0 -9999.0 -9999.0 -9999.0 -9999.0 -9999.0 -9999.0 -9999.0 -9999.0 -9999.0 -9999.0 -9999.0 -9999.0 -9999.0 -9999.0 -9999.0 -9999.0 -9999.0 -9999.0 -9999.0 -9999.0 -9999.0