examples/3D/hillslope02_superslab/output-maps-SE27XX/thetaliqL0034N0001.asc
ncols         104
nrows         10
xllcorner     -2.000000
yllcorner     0.000000
cellsize      1.000000
NODATA_value  -9999.0
-9999.0 -9999.0 -9999.0 -9999.0 -9999.0 -9999.0 -9999.0 -9999.0 -9999.0 -9999.0 -9999.0 -9999.0 -9999.0 -9999.0 -9999.0 -9999.0 -9999.0 -9999.0 -9999.0 -9999.0 -9999.0 -9999.0 -9999.0 -9999.0 -9999.0 -9999.0 -9999.0 -9999.0 -9999.0 -9999.0 -9999.0 -9999.0 -9999.0 -9999.0 -9999.0 -9999.0 -9999.0 -9999.0 -9999.0 -9999.0 -9999.0 -9999.0 -9999.0 -9999.0 -9999.0 -9999.0 -9999.0 -9999.0 -9999.0 -9999.0 -9999.0 -9999.0 -9999.0 -9999.0 -9999.0 -9999.0 -9999.0 -9999.0 -9999.0 -9999.0 -9999.0 -9999.0 -9999.0 -9999.0 -9999.0 -9999.0 -9999.0 -9999.0 -9999.0 -9999.0 -9999.0 -9999.0 -9999.0 -9999.0 -9999.0 -9999.0 -9999.0 -9999.0 -9999.0 -9999.0 -9999.0 -9999.0 -9999.0 -9999.0 -9999.0 -9999.0 -9999.0 -9999.0 -9999.0 -9999.0 -9999.0 -9999.0 -9999.0 -9999.0 -9999.0 -9999.0 -9999.0 -9999.0 -9999.0 -9999.0 -9999.0 -9999.0 -9999.0 -9999.0
-9999.0 -9999.0 -9999.0 -9999.0 -9999.0 -9999.0 -9999.0 -9999.0 -9999.0 -9999.0 -9999.0 -9999.0 -9999.0 -9999.0 -9999.0 -9999.0 -9999.0 -9999.0 -9999.0 -9999.0 -9999.0 -9999.0 -9999.0 -9999.0 -9999.0 -9999.0 -9999.0 -9999.0 -9999.0 -9999.0 -9999.0 -9999.0 -9999.0 -9999.0 -9999.0 -9999.0 -9999.0 -9999.0 -9999.0 -9999.0 -9999.0 -9999.0 -9999.0 -9999.0 -9999.0 -9999.0 -9999.0 -9999.0 -9999.0 -9999.0 -9999.0 -9999.0 -9999.0 -9999.0 -9999.0 -9999.0 -9999.0 -9999.0 -9999.0 -9999.0 -9999.0 -9999.0 -9999.0 -9999.0 -9999.0 -9999.0 -9999.0 -9999.0 -9999.0 -9999.0 -9999.0 -9999.0 -9999.0 -9999.0 -9999.0 -9999.0 -9999.0 -9999.0 -9999.0 -9999.0 -9999.0 -9999.0 -9999.0 -9999.0 -9999.0 -9999.0 -9999.0 -9999.0 -9999.0 -9999.0 -9999.0 -9999.0 -9999.0 -9999.0 -9999.0 -9999.0 -9999.0 -9999.0 -9999.0 -9999.0 -9999.0 -9999.0 -9999.0 -9999.0
-9999.0 -9999.0 0.057140 0.054684 0.054101 0.053966 0.054001 0.054240 0.054885 0.055702 0.053679 0.052253 0.050015 0.045477 0.040036 0.041712 0.042867 0.043378 0.043665 0.043965 0.044387 0.044938 0.045573 0.046239 0.046900 0.047541 0.048159 0.097716 0.099460 0.099998 0.100000 0.100000 0.100000 0.100000 0.100000 0.100000 0.095775 0.079943 0.068335 0.063728 0.063328 0.063819 0.044991 0.031558 0.024249 0.024045 0.024045 0.024045 0.024045 0.024045 0.024045 0.024045 0.024045 0.024045 0.024045 0.024045 0.024045 0.024045 0.024045 0.024089 0.029424 0.043758 0.058240 0.055366 0.054289 0.053992 0.053912 0.053891 0.053886 0.053884 0.053884 0.053884 0.053884 0.053884 0.053884 0.053884 0.053884 0.053884 0.053884 0.053884 0.053884 0.053884 0.053884 0.053884 0.053884 0.053884 0.053884 0.053884 0.053884 0.053884 0.053884 0.053884 0.053884 0.053884 0.053883 0.053880 0.053871 0.053839 0.053724 0.053316 0.051855 0.046609 -9999.0 -9999.0
-9999.0 -9999.0 0.057140 0.054684 0.054101 0.053966 0.054001 0.054240 0.054885 0.055702 0.053679 0.052253 0.050015 0.045477 0.040036 0.041712 0.042867 0.043378 0.043665 0.043965 0.044387 0.044938 0.045573 0.046239 0.046900 0.047541 0.048159 0.097716 0.099460 0.099998 0.100000 0.100000 0.100000 0.100000 0.100000 0.100000 0.095775 0.079943 0.068335 0.063728 0.063328 0.063819 0.044991 0.031558 0.024249 0.024045 0.024045 0.024045 0.024045 0.024045 0.024045 0.024045 0.024045 0.024045 0.024045 0.024045 0.024045 0.024045 0.024045 0.024089 0.029424 0.043758 0.058240 0.055366 0.054289 0.053992 0.053912 0.053891 0.053886 0.053884 0.053884 0.053884 0.053884 0.053884 0.053884 0.053884 0.053884 0.053884 0.053884 0.053884 0.053884 0.053884 0.053884 0.053884 0.053884 0.053884 0.053884 0.053884 0.053884 0.053884 0.053884 0.053884 0.053884 0.053884 0.053883 0.053880 0.053871 0.053839 0.053724 0.053316 0.051855 0.046609 -9999.0 -9999.0
-9999.0 -9999.0 0.057140 0.054684 0.054101 0.053966 0.054001 0.054240 0.054885 0.055702 0.053679 0.052253 0.050015 0.045477 0.040036 0.041712 0.042867 0.043378 0.043665 0.043965 0.044387 0.044938 0.045573 0.046239 0.046900 0.047541 0.048159 0.097716 0.099460 0.099998 0.100000 0.100000 0.100000 0.100000 0.100000 0.100000 0.095775 0.079943 0.068335 0.063728 0.063328 0.063819 0.044991 0.031558 0.024249 0.024045 0.024045 0.024045 0.024045 0.024045 0.024045 0.024045 0.024045 0.024045 0.024045 0.024045 0.024045 0.024045 0.024045 0.024089 0.029424 0.043758 0.058240 0.055366 0.054289 0.053992 0.053912 0.053891 0.053886 0.053884 0.053884 0.053884 0.053884 0.053884 0.053884 0.053884 0.053884 0.053884 0.053884 0.053884 0.053884 0.053884 0.053884 0.053884 0.053884 0.053884 0.053884 0.053884 0.053884 0.053884 0.053884 0.053884 0.053884 0.053884 0.053883 0.053880 0.053871 0.053839 0.053724 0.053316 0.051855 0.046609 -9999.0 -9999.0
-9999.0 -9999.0 0.057140 0.054684 0.054101 0.053966 0.054001 0.054240 0.054885 0.055702 0.053679 0.052253 0.050015 0.045477 0.040036 0.041712 0.042867 0.043378 0.043665 0.043965 0.044387 0.044938 0.045573 0.046239 0.046900 0.047541 0.048159 0.097716 0.099460 0.099998 0.100000 0.100000 0.100000 0.100000 0.100000 0.100000 0.095775 0.079943 0.068335 0.063728 0.063328 0.063819 0.044991 0.031558 0.024249 0.024045 0.024045 0.024045 0.024045 0.024045 0.024045 0.024045 0.024045 0.024045 0.024045 0.024045 0.024045 0.024045 0.024045 0.024089 0.029424 0.043758 0.058240 0.055366 0.054289 0.053992 0.053912 0.053891 0.053886 0.053884 0.053884 0.053884 0.053884 0.053884 0.053884 0.053884 0.053884 0.053884 0.053884 0.053884 0.053884 0.053884 0.053884 0.053884 0.053884 0.053884 0.053884 0.053884 0.053884 0.053884 0.053884 0.053884 0.053884 0.053884 0.053883 0.053880 0.053871 0.053839 0.053724 0.053316 0.051855 0.046609 -9999.0 -9999.0
-9999.0 -9999.0 0.057140 0.054684 0.054101 0.053966 0.054001 0.054240 0.054885 0.055702 0.053679 0.052253 0.050015 0.045477 0.040036 0.041712 0.042867 0.043378 0.043665 0.043965 0.044387 0.044938 0.045573 0.046239 0.046900 0.047541 0.048159 0.097716 0.099460 0.099998 0.100000 0.100000 0.100000 0.100000 0.100000 0.100000 0.095775 0.079943 0.068335 0.063728 0.063328 0.063819 0.044991 0.031558 0.024249 0.024045 0.024045 0.024045 0.024045 0.024045 0.024045 0.024045 0.024045 0.024045 0.024045 0.024045 0.024045 0.024045 0.024045 0.024089 0.029424 0.043758 0.058240 0.055366 0.054289 0.053992 0.053912 0.053891 0.053886 0.053884 0.053884 0.053884 0.053884 0.053884 0.053884 0.053884 0.053884 0.053884 0.053884 0.053884 0.053884 0.053884 0.053884 0.053884 0.053884 0.053884 0.053884 0.053884 0.053884 0.053884 0.053884 0.053884 0.053884 0.053884 0.053883 0.053880 0.053871 0.053839 0.053724 0.053316 0.051855 0.046609 -9999.0 -9999.0
-9999.0 -9999.0 0.057140 0.054684 0.054101 0.053966 0.054001 0.054240 0.054885 0.055702 0.053679 0.052253 0.050015 0.045477 0.040036 0.041712 0.042867 0.043378 0.043665 0.043965 0.044387 0.044938 0.045573 0.046239 0.046900 0.047541 0.048159 0.097716 0.099460 0.099998 0.100000 0.100000 0.100000 0.100000 0.100000 0.100000 0.095775 0.079943 0.068335 0.063728 0.063328 0.063819 0.044991 0.031558 0.024249 0.024045 0.024045 0.024045 0.024045 0.024045 0.024045 0.024045 0.024045 0.024045 0.024045 0.024045 0.024045 0.024045 0.024045 0.024089 0.029424 0.043758 0.058240 0.055366 0.054289 0.053992 0.053912 0.053891 0.053886 0.053884 0.053884 0.053884 0.053884 0.053884 0.053884 0.053884 0.053884 0.053884 0.053884 0.053884 0.053884 0.053884 0.053884 0.053884 0.053884 0.053884 0.053884 0.053884 0.053884 0.053884 0.053884 0.053884 0.053884 0.053884 0.053883 0.053880 0.053871 0.053839 0.053724 0.053316 0.051855 0.046609 -9999.0 -9999.0
-9999.0 -9999.0 -9999.0 -9999.0 -9999.0 -9999.0 -9999.0 -9999.0 -9999.0 -9999.0 -9999.0 -9999.0 -9999.0 -9999.0 -9999.0 -9999.0 -9999.0 -9999.0 -9999.0 -9999.0 -9999.0 -9999.0 -9999.0 -9999.0 -9999.0 -9999.0 -9999.0 -9999.0 -9999.0 -9999.0 -9999.0 -9999.0 -9999.0 -9999.0 -9999.0 -9999.0 -9999.0 -9999.0 -9999.0 -9999.0 -9999.0 -9999.0 -9999.0 -9999.0 -9999.0 -9999.0 -9999.0 -9999.0 -9999.0 -9999.0 -9999.0 -9999.0 -9999.0 -9999.0 -9999.0 -9999.0 -9999.0 -9999.0 -9999.0 -9999.0 -9999.0 -9999.0 -9999.0 -9999.0 -9999.0 -9999.0 -9999.0 -9999.0 -9999.0 -9999.0 -9999.0 -9999.0 -9999.0 -9999.0 -9999.0 -9999.0 -9999.0 -9999.0 -9999.0 -9999.0 -9999.0 -9999.0 -9999.0 -9999.0 -9999.0 -9999.0 -9999.0 -9999.0 -9999.0 -9999.0 -9999.0 -9999.0 -9999.0 -9999.0 -9999.0 -9999.0 -9999.0 -9999.0 -9999.0 -9999.0 -9999.0 -9999.0 -9999.0 -9999.0
-9999.0 -9999.0 -9999.0 -9999.0 -9999.0 -9999.0 -9999.0 -9999.0 -9999.0 -9999.0 -9999.0 -9999.0 -9999.0 -9999.0 -9999.0 -9999.0 -9999.0 -9999.0 -9999.0 -9999.0 -9999.0 -9999.0 -9999.0 -9999.0 -9999.0 -9999.0 -9999.0 -9999.0 -9999.0 -9999.0 -9999.0 -9999.0 -9999.0 -9999.0 -9999.0 -9999.0 -9999.0 -9999.0 -9999.0 -9999.0 -9999.0 -9999.0 -9999.0 -9999.0 -9999.0 -9999.0 -9999.0 -9999.0 -9999.0 -9999.0 -9999.0 -9999.0 -9999.0 -9999.0 -9999.0 -9999.0 -9999.0 -9999.0 -9999.0 -9999.0 -9999.0 -9999.0 -9999.0 -9999.0 -9999.0 -9999.0 -9999.0 -9999.0 -9999.0 -9999.0 -9999.0 -9999.0 -9999.0 -9999.0 -9999.0 -9999.0 -9999.0 -9999.0 -9999.0 -9999.0 -9999.0 -9999.0 -9999.0 -9999.0 -9999.0 -9999.0 -9999.0 -9999.0 -9999.0 -9999.0 -9999.0 -9999.0 -9999.0 -9999.0 -9999.0 -9999.0 -9999.0 -9999.0 -9999.0 -9999.0 -9999.0 -9999.0 -9999.0 -9999.0