examples/3D/hillslope02_superslab/output-maps-SE27XX/thetaliqL0035N0001.asc
ncols         104
nrows         10
xllcorner     -2.000000
yllcorner     0.000000
cellsize      1.000000
NODATA_value  -9999.0
-9999.0 -9999.0 -9999.0 -9999.0 -9999.0 -9999.0 -9999.0 -9999.0 -9999.0 -9999.0 -9999.0 -9999.0 -9999.0 -9999.0 -9999.0 -9999.0 -9999.0 -9999.0 -9999.0 -9999.0 -9999.0 -9999.0 -9999.0 -9999.0 -9999.0 -9999.0 -9999.0 -9999.0 -9999.0 -9999.0 -9999.0 -9999.0 -9999.0 -9999.0 -9999.0 -9999.0 -9999.0 -9999.0 -9999.0 -9999.0 -9999.0 -9999.0 -9999.0 -9999.0 -9999.0 -9999.0 -9999.0 -9999.0 -9999.0 -9999.0 -9999.0 -9999.0 -9999.0 -9999.0 -9999.0 -9999.0 -9999.0 -9999.0 -9999.0 -9999.0 -9999.0 -9999.0 -9999.0 -9999.0 -9999.0 -9999.0 -9999.0 -9999.0 -9999.0 -9999.0 -9999.0 -9999.0 -9999.0 -9999.0 -9999.0 -9999.0 -9999.0 -9999.0 -9999.0 -9999.0 -9999.0 -9999.0 -9999.0 -9999.0 -9999.0 -9999.0 -9999.0 -9999.0 -9999.0 -9999.0 -9999.0 -9999.0 -9999.0 -9999.0 -9999.0 -9999.0 -9999.0 -9999.0 -9999.0 -9999.0 -9999.0 -9999.0 -9999.0 -9999.0
-9999.0 -9999.0 -9999.0 -9999.0 -9999.0 -9999.0 -9999.0 -9999.0 -9999.0 -9999.0 -9999.0 -9999.0 -9999.0 -9999.0 -9999.0 -9999.0 -9999.0 -9999.0 -9999.0 -9999.0 -9999.0 -9999.0 -9999.0 -9999.0 -9999.0 -9999.0 -9999.0 -9999.0 -9999.0 -9999.0 -9999.0 -9999.0 -9999.0 -9999.0 -9999.0 -9999.0 -9999.0 -9999.0 -9999.0 -9999.0 -9999.0 -9999.0 -9999.0 -9999.0 -9999.0 -9999.0 -9999.0 -9999.0 -9999.0 -9999.0 -9999.0 -9999.0 -9999.0 -9999.0 -9999.0 -9999.0 -9999.0 -9999.0 -9999.0 -9999.0 -9999.0 -9999.0 -9999.0 -9999.0 -9999.0 -9999.0 -9999.0 -9999.0 -9999.0 -9999.0 -9999.0 -9999.0 -9999.0 -9999.0 -9999.0 -9999.0 -9999.0 -9999.0 -9999.0 -9999.0 -9999.0 -9999.0 -9999.0 -9999.0 -9999.0 -9999.0 -9999.0 -9999.0 -9999.0 -9999.0 -9999.0 -9999.0 -9999.0 -9999.0 -9999.0 -9999.0 -9999.0 -9999.0 -9999.0 -9999.0 -9999.0 -9999.0 -9999.0 -9999.0
-9999.0 -9999.0 0.057159 0.054687 0.054092 0.053951 0.053988 0.054235 0.054883 0.055674 0.053614 0.051945 0.049019 0.042945 0.035652 0.037768 0.039271 0.039957 0.040370 0.040824 0.041459 0.042280 0.043221 0.044197 0.045154 0.046057 0.046897 0.096720 0.098937 0.099960 0.100000 0.100000 0.100000 0.100000 0.100000 0.100000 0.099899 0.087678 0.072253 0.064986 0.063614 0.063765 0.045351 0.031787 0.024319 0.024107 0.024107 0.024107 0.024107 0.024107 0.024107 0.024107 0.024107 0.024107 0.024107 0.024107 0.024107 0.024107 0.024107 0.024148 0.029482 0.044035 0.058135 0.055367 0.054286 0.053980 0.053895 0.053874 0.053868 0.053866 0.053866 0.053866 0.053866 0.053866 0.053866 0.053866 0.053866 0.053866 0.053866 0.053866 0.053866 0.053866 0.053866 0.053866 0.053866 0.053866 0.053866 0.053866 0.053866 0.053866 0.053866 0.053866 0.053866 0.053865 0.053864 0.053862 0.053852 0.053817 0.053693 0.053246 0.051577 0.045345 -9999.0 -9999.0
-9999.0 -9999.0 0.057159 0.054687 0.054092 0.053951 0.053988 0.054235 0.054883 0.055674 0.053614 0.051945 0.049019 0.042945 0.035652 0.037768 0.039271 0.039957 0.040370 0.040824 0.041459 0.042280 0.043221 0.044197 0.045154 0.046057 0.046897 0.096720 0.098937 0.099960 0.100000 0.100000 0.100000 0.100000 0.100000 0.100000 0.099899 0.087678 0.072253 0.064986 0.063614 0.063765 0.045351 0.031787 0.024319 0.024107 0.024107 0.024107 0.024107 0.024107 0.024107 0.024107 0.024107 0.024107 0.024107 0.024107 0.024107 0.024107 0.024107 0.024148 0.029482 0.044035 0.058135 0.055367 0.054286 0.053980 0.053895 0.053874 0.053868 0.053866 0.053866 0.053866 0.053866 0.053866 0.053866 0.053866 0.053866 0.053866 0.053866 0.053866 0.053866 0.053866 0.053866 0.053866 0.053866 0.053866 0.053866 0.053866 0.053866 0.053866 0.053866 0.053866 0.053866 0.053865 0.053864 0.053862 0.053852 0.053817 0.053693 0.053246 0.051577 0.045345 -9999.0 -9999.0
-9999.0 -9999.0 0.057159 0.054687 0.054092 0.053951 0.053988 0.054235 0.054883 0.055674 0.053614 0.051945 0.049019 0.042945 0.035652 0.037768 0.039271 0.039957 0.040370 0.040824 0.041459 0.042280 0.043221 0.044197 0.045154 0.046057 0.046897 0.096720 0.098937 0.099960 0.100000 0.100000 0.100000 0.100000 0.100000 0.100000 0.099899 0.087678 0.072253 0.064986 0.063614 0.063765 0.045351 0.031787 0.024319 0.024107 0.024107 0.024107 0.024107 0.024107 0.024107 0.024107 0.024107 0.024107 0.024107 0.024107 0.024107 0.024107 0.024107 0.024148 0.029482 0.044035 0.058135 0.055367 0.054286 0.053980 0.053895 0.053874 0.053868 0.053866 0.053866 0.053866 0.053866 0.053866 0.053866 0.053866 0.053866 0.053866 0.053866 0.053866 0.053866 0.053866 0.053866 0.053866 0.053866 0.053866 0.053866 0.053866 0.053866 0.053866 0.053866 0.053866 0.053866 0.053865 0.053864 0.053862 0.053852 0.053817 0.053693 0.053246 0.051577 0.045345 -9999.0 -9999.0
-9999.0 -9999.0 0.057159 0.054687 0.054092 0.053951 0.053988 0.054235 0.054883 0.055674 0.053614 0.051945 0.049019 0.042945 0.035652 0.037768 0.039271 0.039957 0.040370 0.040824 0.041459 0.042280 0.043221 0.044197 0.045154 0.046057 0.046897 0.096720 0.098937 0.099960 0.100000 0.100000 0.100000 0.100000 0.100000 0.100000 0.099899 0.087678 0.072253 0.064986 0.063614 0.063765 0.045351 0.031787 0.024319 0.024107 0.024107 0.024107 0.024107 0.024107 0.024107 0.024107 0.024107 0.024107 0.024107 0.024107 0.024107 0.024107 0.024107 0.024148 0.029482 0.044035 0.058135 0.055367 0.054286 0.053980 0.053895 0.053874 0.053868 0.053866 0.053866 0.053866 0.053866 0.053866 0.053866 0.053866 0.053866 0.053866 0.053866 0.053866 0.053866 0.053866 0.053866 0.053866 0.053866 0.053866 0.053866 0.053866 0.053866 0.053866 0.053866 0.053866 0.053866 0.053865 0.053864 0.053862 0.053852 0.053817 0.053693 0.053246 0.051577 0.045345 -9999.0 -9999.0
-9999.0 -9999.0 0.057159 0.054687 0.054092 0.053951 0.053988 0.054235 0.054883 0.055674 0.053614 0.051945 0.049019 0.042945 0.035652 0.037768 0.039271 0.039957 0.040370 0.040824 0.041459 0.042280 0.043221 0.044197 0.045154 0.046057 0.046897 0.096720 0.098937 0.099960 0.100000 0.100000 0.100000 0.100000 0.100000 0.100000 0.099899 0.087678 0.072253 0.064986 0.063614 0.063765 0.045351 0.031787 0.024319 0.024107 0.024107 0.024107 0.024107 0.024107 0.024107 0.024107 0.024107 0.024107 0.024107 0.024107 0.024107 0.024107 0.024107 0.024148 0.029482 0.044035 0.058135 0.055367 0.054286 0.053980 0.053895 0.053874 0.053868 0.053866 0.053866 0.053866 0.053866 0.053866 0.053866 0.053866 0.053866 0.053866 0.053866 0.053866 0.053866 0.053866 0.053866 0.053866 0.053866 0.053866 0.053866 0.053866 0.053866 0.053866 0.053866 0.053866 0.053866 0.053865 0.053864 0.053862 0.053852 0.053817 0.053693 0.053246 0.051577 0.045345 -9999.0 -9999.0
-9999.0 -9999.0 0.057159 0.054687 0.054092 0.053951 0.053988 0.054235 0.054883 0.055674 0.053614 0.051945 0.049019 0.042945 0.035652 0.037768 0.039271 0.039957 0.040370 0.040824 0.041459 0.042280 0.043221 0.044197 0.045154 0.046057 0.046897 0.096720 0.098937 0.099960 0.100000 0.100000 0.100000 0.100000 0.100000 0.100000 0.099899 0.087678 0.072253 0.064986 0.063614 0.063765 0.045351 0.031787 0.024319 0.024107 0.024107 0.024107 0.024107 0.024107 0.024107 0.024107 0.024107 0.024107 0.024107 0.024107 0.024107 0.024107 0.024107 0.024148 0.029482 0.044035 0.058135 0.055367 0.054286 0.053980 0.053895 0.053874 0.053868 0.053866 0.053866 0.053866 0.053866 0.053866 0.053866 0.053866 0.053866 0.053866 0.053866 0.053866 0.053866 0.053866 0.053866 0.053866 0.053866 0.053866 0.053866 0.053866 0.053866 0.053866 0.053866 0.053866 0.053866 0.053865 0.053864 0.053862 0.053852 0.053817 0.053693 0.053246 0.051577 0.045345 -9999.0 -9999.0
-9999.0 -9999.0 -9999.0 -9999.0 -9999.0 -9999.0 -9999.0 -9999.0 -9999.0 -9999.0 -9999.0 -9999.0 -9999.0 -9999.0 -9999.0 -9999.0 -9999.0 -9999.0 -9999.0 -9999.0 -9999.0 -9999.0 -9999.0 -9999.0 -9999.0 -9999.0 -9999.0 -9999.0 -9999.0 -9999.0 -9999.0 -9999.0 -9999.0 -9999.0 -9999.0 -9999.0 -9999.0 -9999.0 -9999.0 -9999.0 -9999.0 -9999.0 -9999.0 -9999.0 -9999.0 -9999.0 -9999.0 -9999.0 -9999.0 -9999.0 -9999.0 -9999.0 -9999.0 -9999.0 -9999.0 -9999.0 -9999.0 -9999.0 -9999.0 -9999.0 -9999.0 -9999.0 -9999.0 -9999.0 -9999.0 -9999.0 -9999.0 -9999.0 -9999.0 -9999.0 -9999.0 -9999.0 -9999.0 -9999.0 -9999.0 -9999.0 -9999.0 -9999.0 -9999.0 -9999.0 -9999.0 -9999.0 -9999.0 -9999.0 -9999.0 -9999.0 -9999.0 -9999.0 -9999.0 -9999.0 -9999.0 -9999.0 -9999.0 -9999.0 -9999.0 -9999.0 -9999.0 -9999.0 -9999.0 -9999.0 -9999.0 -9999.0 -9999.0 -9999.0
-9999.0 -9999.0 -9999.0 -9999.0 -9999.0 -9999.0 -9999.0 -9999.0 -9999.0 -9999.0 -9999.0 -9999.0 -9999.0 -9999.0 -9999.0 -9999.0 -9999.0 -9999.0 -9999.0 -9999.0 -9999.0 -9999.0 -9999.0 -9999.0 -9999.0 -9999.0 -9999.0 -9999.0 -9999.0 -9999.0 -9999.0 -9999.0 -9999.0 -9999.0 -9999.0 -9999.0 -9999.0 -9999.0 -9999.0 -9999.0 -9999.0 -9999.0 -9999.0 -9999.0 -9999.0 -9999.0 -9999.0 -9999.0 -9999.0 -9999.0 -9999.0 -9999.0 -9999.0 -9999.0 -9999.0 -9999.0 -9999.0 -9999.0 -9999.0 -9999.0 -9999.0 -9999.0 -9999.0 -9999.0 -9999.0 -9999.0 -9999.0 -9999.0 -9999.0 -9999.0 -9999.0 -9999.0 -9999.0 -9999.0 -9999.0 -9999.0 -9999.0 -9999.0 -9999.0 -9999.0 -9999.0 -9999.0 -9999.0 -9999.0 -9999.0 -9999.0 -9999.0 -9999.0 -9999.0 -9999.0 -9999.0 -9999.0 -9999.0 -9999.0 -9999.0 -9999.0 -9999.0 -9999.0 -9999.0 -9999.0 -9999.0 -9999.0 -9999.0 -9999.0