examples/3D/hillslope02_superslab/output-maps-SE27XX/thetaliqL0034N0003.asc
ncols         104
nrows         10
xllcorner     -2.000000
yllcorner     0.000000
cellsize      1.000000
NODATA_value  -9999.0
-9999.0 -9999.0 -9999.0 -9999.0 -9999.0 -9999.0 -9999.0 -9999.0 -9999.0 -9999.0 -9999.0 -9999.0 -9999.0 -9999.0 -9999.0 -9999.0 -9999.0 -9999.0 -9999.0 -9999.0 -9999.0 -9999.0 -9999.0 -9999.0 -9999.0 -9999.0 -9999.0 -9999.0 -9999.0 -9999.0 -9999.0 -9999.0 -9999.0 -9999.0 -9999.0 -9999.0 -9999.0 -9999.0 -9999.0 -9999.0 -9999.0 -9999.0 -9999.0 -9999.0 -9999.0 -9999.0 -9999.0 -9999.0 -9999.0 -9999.0 -9999.0 -9999.0 -9999.0 -9999.0 -9999.0 -9999.0 -9999.0 -9999.0 -9999.0 -9999.0 -9999.0 -9999.0 -9999.0 -9999.0 -9999.0 -9999.0 -9999.0 -9999.0 -9999.0 -9999.0 -9999.0 -9999.0 -9999.0 -9999.0 -9999.0 -9999.0 -9999.0 -9999.0 -9999.0 -9999.0 -9999.0 -9999.0 -9999.0 -9999.0 -9999.0 -9999.0 -9999.0 -9999.0 -9999.0 -9999.0 -9999.0 -9999.0 -9999.0 -9999.0 -9999.0 -9999.0 -9999.0 -9999.0 -9999.0 -9999.0 -9999.0 -9999.0 -9999.0 -9999.0
-9999.0 -9999.0 -9999.0 -9999.0 -9999.0 -9999.0 -9999.0 -9999.0 -9999.0 -9999.0 -9999.0 -9999.0 -9999.0 -9999.0 -9999.0 -9999.0 -9999.0 -9999.0 -9999.0 -9999.0 -9999.0 -9999.0 -9999.0 -9999.0 -9999.0 -9999.0 -9999.0 -9999.0 -9999.0 -9999.0 -9999.0 -9999.0 -9999.0 -9999.0 -9999.0 -9999.0 -9999.0 -9999.0 -9999.0 -9999.0 -9999.0 -9999.0 -9999.0 -9999.0 -9999.0 -9999.0 -9999.0 -9999.0 -9999.0 -9999.0 -9999.0 -9999.0 -9999.0 -9999.0 -9999.0 -9999.0 -9999.0 -9999.0 -9999.0 -9999.0 -9999.0 -9999.0 -9999.0 -9999.0 -9999.0 -9999.0 -9999.0 -9999.0 -9999.0 -9999.0 -9999.0 -9999.0 -9999.0 -9999.0 -9999.0 -9999.0 -9999.0 -9999.0 -9999.0 -9999.0 -9999.0 -9999.0 -9999.0 -9999.0 -9999.0 -9999.0 -9999.0 -9999.0 -9999.0 -9999.0 -9999.0 -9999.0 -9999.0 -9999.0 -9999.0 -9999.0 -9999.0 -9999.0 -9999.0 -9999.0 -9999.0 -9999.0 -9999.0 -9999.0
-9999.0 -9999.0 0.100000 0.100000 0.100000 0.100000 0.100000 0.100000 0.097156 0.082355 0.068048 0.057866 0.050987 0.046703 0.044801 0.044287 0.044363 0.044647 0.044975 0.045284 0.045558 0.045793 0.045993 0.046161 0.046301 0.046413 0.046502 0.095959 0.096491 0.096949 0.097327 0.049948 0.047921 0.046147 0.044697 0.043577 0.042756 0.042187 0.041814 0.041571 0.041320 0.040421 0.036347 0.033397 0.029803 0.025662 0.024062 0.024045 0.024045 0.024045 0.024045 0.024045 0.024045 0.024045 0.024045 0.024045 0.024045 0.024045 0.024119 0.027212 0.032876 0.036703 0.040671 0.041163 0.041182 0.041177 0.041175 0.041174 0.041174 0.041174 0.041174 0.041174 0.041174 0.041174 0.041174 0.041174 0.041174 0.041174 0.041174 0.041174 0.041174 0.041174 0.041174 0.041174 0.041174 0.041174 0.041174 0.041174 0.041174 0.041174 0.041174 0.041174 0.041174 0.041174 0.041174 0.041174 0.041173 0.041172 0.041167 0.041147 0.041060 0.040640 -9999.0 -9999.0
-9999.0 -9999.0 0.100000 0.100000 0.100000 0.100000 0.100000 0.100000 0.097156 0.082355 0.068048 0.057866 0.050987 0.046703 0.044801 0.044287 0.044363 0.044647 0.044975 0.045284 0.045558 0.045793 0.045993 0.046161 0.046301 0.046413 0.046502 0.095959 0.096491 0.096949 0.097327 0.049948 0.047921 0.046147 0.044697 0.043577 0.042756 0.042187 0.041814 0.041571 0.041320 0.040421 0.036347 0.033397 0.029803 0.025662 0.024062 0.024045 0.024045 0.024045 0.024045 0.024045 0.024045 0.024045 0.024045 0.024045 0.024045 0.024045 0.024119 0.027212 0.032876 0.036703 0.040671 0.041163 0.041182 0.041177 0.041175 0.041174 0.041174 0.041174 0.041174 0.041174 0.041174 0.041174 0.041174 0.041174 0.041174 0.041174 0.041174 0.041174 0.041174 0.041174 0.041174 0.041174 0.041174 0.041174 0.041174 0.041174 0.041174 0.041174 0.041174 0.041174 0.041174 0.041174 0.041174 0.041174 0.041173 0.041172 0.041167 0.041147 0.041060 0.040640 -9999.0 -9999.0
-9999.0 -9999.0 0.100000 0.100000 0.100000 0.100000 0.100000 0.100000 0.097156 0.082355 0.068048 0.057866 0.050987 0.046703 0.044801 0.044287 0.044363 0.044647 0.044975 0.045284 0.045558 0.045793 0.045993 0.046161 0.046301 0.046413 0.046502 0.095959 0.096491 0.096949 0.097327 0.049948 0.047921 0.046147 0.044697 0.043577 0.042756 0.042187 0.041814 0.041571 0.041320 0.040421 0.036347 0.033397 0.029803 0.025662 0.024062 0.024045 0.024045 0.024045 0.024045 0.024045 0.024045 0.024045 0.024045 0.024045 0.024045 0.024045 0.024119 0.027212 0.032876 0.036703 0.040671 0.041163 0.041182 0.041177 0.041175 0.041174 0.041174 0.041174 0.041174 0.041174 0.041174 0.041174 0.041174 0.041174 0.041174 0.041174 0.041174 0.041174 0.041174 0.041174 0.041174 0.041174 0.041174 0.041174 0.041174 0.041174 0.041174 0.041174 0.041174 0.041174 0.041174 0.041174 0.041174 0.041174 0.041173 0.041172 0.041167 0.041147 0.041060 0.040640 -9999.0 -9999.0
-9999.0 -9999.0 0.100000 0.100000 0.100000 0.100000 0.100000 0.100000 0.097156 0.082355 0.068048 0.057866 0.050987 0.046703 0.044801 0.044287 0.044363 0.044647 0.044975 0.045284 0.045558 0.045793 0.045993 0.046161 0.046301 0.046413 0.046502 0.095959 0.096491 0.096949 0.097327 0.049948 0.047921 0.046147 0.044697 0.043577 0.042756 0.042187 0.041814 0.041571 0.041320 0.040421 0.036347 0.033397 0.029803 0.025662 0.024062 0.024045 0.024045 0.024045 0.024045 0.024045 0.024045 0.024045 0.024045 0.024045 0.024045 0.024045 0.024119 0.027212 0.032876 0.036703 0.040671 0.041163 0.041182 0.041177 0.041175 0.041174 0.041174 0.041174 0.041174 0.041174 0.041174 0.041174 0.041174 0.041174 0.041174 0.041174 0.041174 0.041174 0.041174 0.041174 0.041174 0.041174 0.041174 0.041174 0.041174 0.041174 0.041174 0.041174 0.041174 0.041174 0.041174 0.041174 0.041174 0.041174 0.041173 0.041172 0.041167 0.041147 0.041060 0.040640 -9999.0 -9999.0
-9999.0 -9999.0 0.100000 0.100000 0.100000 0.100000 0.100000 0.100000 0.097156 0.082355 0.068048 0.057866 0.050987 0.046703 0.044801 0.044287 0.044363 0.044647 0.044975 0.045284 0.045558 0.045793 0.045993 0.046161 0.046301 0.046413 0.046502 0.095959 0.096491 0.096949 0.097327 0.049948 0.047921 0.046147 0.044697 0.043577 0.042756 0.042187 0.041814 0.041571 0.041320 0.040421 0.036347 0.033397 0.029803 0.025662 0.024062 0.024045 0.024045 0.024045 0.024045 0.024045 0.024045 0.024045 0.024045 0.024045 0.024045 0.024045 0.024119 0.027212 0.032876 0.036703 0.040671 0.041163 0.041182 0.041177 0.041175 0.041174 0.041174 0.041174 0.041174 0.041174 0.041174 0.041174 0.041174 0.041174 0.041174 0.041174 0.041174 0.041174 0.041174 0.041174 0.041174 0.041174 0.041174 0.041174 0.041174 0.041174 0.041174 0.041174 0.041174 0.041174 0.041174 0.041174 0.041174 0.041174 0.041173 0.041172 0.041167 0.041147 0.041060 0.040640 -9999.0 -9999.0
-9999.0 -9999.0 0.100000 0.100000 0.100000 0.100000 0.100000 0.100000 0.097156 0.082355 0.068048 0.057866 0.050987 0.046703 0.044801 0.044287 0.044363 0.044647 0.044975 0.045284 0.045558 0.045793 0.045993 0.046161 0.046301 0.046413 0.046502 0.095959 0.096491 0.096949 0.097327 0.049948 0.047921 0.046147 0.044697 0.043577 0.042756 0.042187 0.041814 0.041571 0.041320 0.040421 0.036347 0.033397 0.029803 0.025662 0.024062 0.024045 0.024045 0.024045 0.024045 0.024045 0.024045 0.024045 0.024045 0.024045 0.024045 0.024045 0.024119 0.027212 0.032876 0.036703 0.040671 0.041163 0.041182 0.041177 0.041175 0.041174 0.041174 0.041174 0.041174 0.041174 0.041174 0.041174 0.041174 0.041174 0.041174 0.041174 0.041174 0.041174 0.041174 0.041174 0.041174 0.041174 0.041174 0.041174 0.041174 0.041174 0.041174 0.041174 0.041174 0.041174 0.041174 0.041174 0.041174 0.041174 0.041173 0.041172 0.041167 0.041147 0.041060 0.040640 -9999.0 -9999.0
-9999.0 -9999.0 -9999.0 -9999.0 -9999.0 -9999.0 -9999.0 -9999.0 -9999.0 -9999.0 -9999.0 -9999.0 -9999.0 -9999.0 -9999.0 -9999.0 -9999.0 -9999.0 -9999.0 -9999.0 -9999.0 -9999.0 -9999.0 -9999.0 -9999.0 -9999.0 -9999.0 -9999.0 -9999.0 -9999.0 -9999.0 -9999.0 -9999.0 -9999.0 -9999.0 -9999.0 -9999.0 -9999.0 -9999.0 -9999.0 -9999.0 -9999.0 -9999.0 -9999.0 -9999.0 -9999.0 -9999.0 -9999.0 -9999.0 -9999.0 -9999.0 -9999.0 -9999.0 -9999.0 -9999.0 -9999.0 -9999.0 -9999.0 -9999.0 -9999.0 -9999.0 -9999.0 -9999.0 -9999.0 -9999.0 -9999.0 -9999.0 -9999.0 -9999.0 -9999.0 -9999.0 -9999.0 -9999.0 -9999.0 -9999.0 -9999.0 -9999.0 -9999.0 -9999.0 -9999.0 -9999.0 -9999.0 -9999.0 -9999.0 -9999.0 -9999.0 -9999.0 -9999.0 -9999.0 -9999.0 -9999.0 -9999.0 -9999.0 -9999.0 -9999.0 -9999.0 -9999.0 -9999.0 -9999.0 -9999.0 -9999.0 -9999.0 -9999.0 -9999.0
-9999.0 -9999.0 -9999.0 -9999.0 -9999.0 -9999.0 -9999.0 -9999.0 -9999.0 -9999.0 -9999.0 -9999.0 -9999.0 -9999.0 -9999.0 -9999.0 -9999.0 -9999.0 -9999.0 -9999.0 -9999.0 -9999.0 -9999.0 -9999.0 -9999.0 -9999.0 -9999.0 -9999.0 -9999.0 -9999.0 -9999.0 -9999.0 -9999.0 -9999.0 -9999.0 -9999.0 -9999.0 -9999.0 -9999.0 -9999.0 -9999.0 -9999.0 -9999.0 -9999.0 -9999.0 -9999.0 -9999.0 -9999.0 -9999.0 -9999.0 -9999.0 -9999.0 -9999.0 -9999.0 -9999.0 -9999.0 -9999.0 -9999.0 -9999.0 -9999.0 -9999.0 -9999.0 -9999.0 -9999.0 -9999.0 -9999.0 -9999.0 -9999.0 -9999.0 -9999.0 -9999.0 -9999.0 -9999.0 -9999.0 -9999.0 -9999.0 -9999.0 -9999.0 -9999.0 -9999.0 -9999.0 -9999.0 -9999.0 -9999.0 -9999.0 -9999.0 -9999.0 -9999.0 -9999.0 -9999.0 -9999.0 -9999.0 -9999.0 -9999.0 -9999.0 -9999.0 -9999.0 -9999.0 -9999.0 -9999.0 -9999.0 -9999.0 -9999.0 -9999.0