examples/3D/hillslope02_superslab/output-maps-SE27XX/thetaliqL0028N0002.asc
ncols         104
nrows         10
xllcorner     -2.000000
yllcorner     0.000000
cellsize      1.000000
NODATA_value  -9999.0
-9999.0 -9999.0 -9999.0 -9999.0 -9999.0 -9999.0 -9999.0 -9999.0 -9999.0 -9999.0 -9999.0 -9999.0 -9999.0 -9999.0 -9999.0 -9999.0 -9999.0 -9999.0 -9999.0 -9999.0 -9999.0 -9999.0 -9999.0 -9999.0 -9999.0 -9999.0 -9999.0 -9999.0 -9999.0 -9999.0 -9999.0 -9999.0 -9999.0 -9999.0 -9999.0 -9999.0 -9999.0 -9999.0 -9999.0 -9999.0 -9999.0 -9999.0 -9999.0 -9999.0 -9999.0 -9999.0 -9999.0 -9999.0 -9999.0 -9999.0 -9999.0 -9999.0 -9999.0 -9999.0 -9999.0 -9999.0 -9999.0 -9999.0 -9999.0 -9999.0 -9999.0 -9999.0 -9999.0 -9999.0 -9999.0 -9999.0 -9999.0 -9999.0 -9999.0 -9999.0 -9999.0 -9999.0 -9999.0 -9999.0 -9999.0 -9999.0 -9999.0 -9999.0 -9999.0 -9999.0 -9999.0 -9999.0 -9999.0 -9999.0 -9999.0 -9999.0 -9999.0 -9999.0 -9999.0 -9999.0 -9999.0 -9999.0 -9999.0 -9999.0 -9999.0 -9999.0 -9999.0 -9999.0 -9999.0 -9999.0 -9999.0 -9999.0 -9999.0 -9999.0
-9999.0 -9999.0 -9999.0 -9999.0 -9999.0 -9999.0 -9999.0 -9999.0 -9999.0 -9999.0 -9999.0 -9999.0 -9999.0 -9999.0 -9999.0 -9999.0 -9999.0 -9999.0 -9999.0 -9999.0 -9999.0 -9999.0 -9999.0 -9999.0 -9999.0 -9999.0 -9999.0 -9999.0 -9999.0 -9999.0 -9999.0 -9999.0 -9999.0 -9999.0 -9999.0 -9999.0 -9999.0 -9999.0 -9999.0 -9999.0 -9999.0 -9999.0 -9999.0 -9999.0 -9999.0 -9999.0 -9999.0 -9999.0 -9999.0 -9999.0 -9999.0 -9999.0 -9999.0 -9999.0 -9999.0 -9999.0 -9999.0 -9999.0 -9999.0 -9999.0 -9999.0 -9999.0 -9999.0 -9999.0 -9999.0 -9999.0 -9999.0 -9999.0 -9999.0 -9999.0 -9999.0 -9999.0 -9999.0 -9999.0 -9999.0 -9999.0 -9999.0 -9999.0 -9999.0 -9999.0 -9999.0 -9999.0 -9999.0 -9999.0 -9999.0 -9999.0 -9999.0 -9999.0 -9999.0 -9999.0 -9999.0 -9999.0 -9999.0 -9999.0 -9999.0 -9999.0 -9999.0 -9999.0 -9999.0 -9999.0 -9999.0 -9999.0 -9999.0 -9999.0
-9999.0 -9999.0 0.057022 0.054671 0.054158 0.054143 0.054478 0.055327 0.056792 0.058395 0.055310 0.054025 0.053201 0.052456 0.052289 0.052915 0.053346 0.053640 0.053873 0.054075 0.054257 0.054425 0.054586 0.054747 0.099825 0.100000 0.100000 0.100000 0.100000 0.100000 0.100000 0.100000 0.100000 0.100000 0.100000 0.098788 0.084608 0.071079 0.064660 0.062631 0.063145 0.064651 0.042141 0.030911 0.024305 0.023712 0.023711 0.023711 0.023711 0.023711 0.023711 0.023711 0.023711 0.023711 0.023711 0.023711 0.023711 0.023711 0.023712 0.024207 0.030694 0.041408 0.059096 0.055366 0.054293 0.054022 0.053953 0.053935 0.053930 0.053929 0.053929 0.053929 0.053929 0.053929 0.053929 0.053929 0.053929 0.053929 0.053929 0.053929 0.053929 0.053929 0.053929 0.053929 0.053929 0.053929 0.053929 0.053929 0.053929 0.053929 0.053929 0.053929 0.053929 0.053928 0.053928 0.053926 0.053920 0.053896 0.053812 0.053528 0.052656 0.050309 -9999.0 -9999.0
-9999.0 -9999.0 0.057022 0.054671 0.054158 0.054143 0.054478 0.055327 0.056792 0.058395 0.055310 0.054025 0.053201 0.052456 0.052289 0.052915 0.053346 0.053640 0.053873 0.054075 0.054257 0.054425 0.054586 0.054747 0.099825 0.100000 0.100000 0.100000 0.100000 0.100000 0.100000 0.100000 0.100000 0.100000 0.100000 0.098788 0.084608 0.071079 0.064660 0.062631 0.063145 0.064651 0.042141 0.030911 0.024305 0.023712 0.023711 0.023711 0.023711 0.023711 0.023711 0.023711 0.023711 0.023711 0.023711 0.023711 0.023711 0.023711 0.023712 0.024207 0.030694 0.041408 0.059096 0.055366 0.054293 0.054022 0.053953 0.053935 0.053930 0.053929 0.053929 0.053929 0.053929 0.053929 0.053929 0.053929 0.053929 0.053929 0.053929 0.053929 0.053929 0.053929 0.053929 0.053929 0.053929 0.053929 0.053929 0.053929 0.053929 0.053929 0.053929 0.053929 0.053929 0.053928 0.053928 0.053926 0.053920 0.053896 0.053812 0.053528 0.052656 0.050309 -9999.0 -9999.0
-9999.0 -9999.0 0.057022 0.054671 0.054158 0.054143 0.054478 0.055327 0.056792 0.058395 0.055310 0.054025 0.053201 0.052456 0.052289 0.052915 0.053346 0.053640 0.053873 0.054075 0.054257 0.054425 0.054586 0.054747 0.099825 0.100000 0.100000 0.100000 0.100000 0.100000 0.100000 0.100000 0.100000 0.100000 0.100000 0.098788 0.084608 0.071079 0.064660 0.062631 0.063145 0.064651 0.042141 0.030911 0.024305 0.023712 0.023711 0.023711 0.023711 0.023711 0.023711 0.023711 0.023711 0.023711 0.023711 0.023711 0.023711 0.023711 0.023712 0.024207 0.030694 0.041408 0.059096 0.055366 0.054293 0.054022 0.053953 0.053935 0.053930 0.053929 0.053929 0.053929 0.053929 0.053929 0.053929 0.053929 0.053929 0.053929 0.053929 0.053929 0.053929 0.053929 0.053929 0.053929 0.053929 0.053929 0.053929 0.053929 0.053929 0.053929 0.053929 0.053929 0.053929 0.053928 0.053928 0.053926 0.053920 0.053896 0.053812 0.053528 0.052656 0.050309 -9999.0 -9999.0
-9999.0 -9999.0 0.057022 0.054671 0.054158 0.054143 0.054478 0.055327 0.056792 0.058395 0.055310 0.054025 0.053201 0.052456 0.052289 0.052915 0.053346 0.053640 0.053873 0.054075 0.054257 0.054425 0.054586 0.054747 0.099825 0.100000 0.100000 0.100000 0.100000 0.100000 0.100000 0.100000 0.100000 0.100000 0.100000 0.098788 0.084608 0.071079 0.064660 0.062631 0.063145 0.064651 0.042141 0.030911 0.024305 0.023712 0.023711 0.023711 0.023711 0.023711 0.023711 0.023711 0.023711 0.023711 0.023711 0.023711 0.023711 0.023711 0.023712 0.024207 0.030694 0.041408 0.059096 0.055366 0.054293 0.054022 0.053953 0.053935 0.053930 0.053929 0.053929 0.053929 0.053929 0.053929 0.053929 0.053929 0.053929 0.053929 0.053929 0.053929 0.053929 0.053929 0.053929 0.053929 0.053929 0.053929 0.053929 0.053929 0.053929 0.053929 0.053929 0.053929 0.053929 0.053928 0.053928 0.053926 0.053920 0.053896 0.053812 0.053528 0.052656 0.050309 -9999.0 -9999.0
-9999.0 -9999.0 0.057022 0.054671 0.054158 0.054143 0.054478 0.055327 0.056792 0.058395 0.055310 0.054025 0.053201 0.052456 0.052289 0.052915 0.053346 0.053640 0.053873 0.054075 0.054257 0.054425 0.054586 0.054747 0.099825 0.100000 0.100000 0.100000 0.100000 0.100000 0.100000 0.100000 0.100000 0.100000 0.100000 0.098788 0.084608 0.071079 0.064660 0.062631 0.063145 0.064651 0.042141 0.030911 0.024305 0.023712 0.023711 0.023711 0.023711 0.023711 0.023711 0.023711 0.023711 0.023711 0.023711 0.023711 0.023711 0.023711 0.023712 0.024207 0.030694 0.041408 0.059096 0.055366 0.054293 0.054022 0.053953 0.053935 0.053930 0.053929 0.053929 0.053929 0.053929 0.053929 0.053929 0.053929 0.053929 0.053929 0.053929 0.053929 0.053929 0.053929 0.053929 0.053929 0.053929 0.053929 0.053929 0.053929 0.053929 0.053929 0.053929 0.053929 0.053929 0.053928 0.053928 0.053926 0.053920 0.053896 0.053812 0.053528 0.052656 0.050309 -9999.0 -9999.0
-9999.0 -9999.0 0.057022 0.054671 0.054158 0.054143 0.054478 0.055327 0.056792 0.058395 0.055310 0.054025 0.053201 0.052456 0.052289 0.052915 0.053346 0.053640 0.053873 0.054075 0.054257 0.054425 0.054586 0.054747 0.099825 0.100000 0.100000 0.100000 0.100000 0.100000 0.100000 0.100000 0.100000 0.100000 0.100000 0.098788 0.084608 0.071079 0.064660 0.062631 0.063145 0.064651 0.042141 0.030911 0.024305 0.023712 0.023711 0.023711 0.023711 0.023711 0.023711 0.023711 0.023711 0.023711 0.023711 0.023711 0.023711 0.023711 0.023712 0.024207 0.030694 0.041408 0.059096 0.055366 0.054293 0.054022 0.053953 0.053935 0.053930 0.053929 0.053929 0.053929 0.053929 0.053929 0.053929 0.053929 0.053929 0.053929 0.053929 0.053929 0.053929 0.053929 0.053929 0.053929 0.053929 0.053929 0.053929 0.053929 0.053929 0.053929 0.053929 0.053929 0.053929 0.053928 0.053928 0.053926 0.053920 0.053896 0.053812 0.053528 0.052656 0.050309 -9999.0 -9999.0
-9999.0 -9999.0 -9999.0 -9999.0 -9999.0 -9999.0 -9999.0 -9999.0 -9999.0 -9999.0 -9999.0 -9999.0 -9999.0 -9999.0 -9999.0 -9999.0 -9999.0 -9999.0 -9999.0 -9999.0 -9999.0 -9999.0 -9999.0 -9999.0 -9999.0 -9999.0 -9999.0 -9999.0 -9999.0 -9999.0 -9999.0 -9999.0 -9999.0 -9999.0 -9999.0 -9999.0 -9999.0 -9999.0 -9999.0 -9999.0 -9999.0 -9999.0 -9999.0 -9999.0 -9999.0 -9999.0 -9999.0 -9999.0 -9999.0 -9999.0 -9999.0 -9999.0 -9999.0 -9999.0 -9999.0 -9999.0 -9999.0 -9999.0 -9999.0 -9999.0 -9999.0 -9999.0 -9999.0 -9999.0 -9999.0 -9999.0 -9999.0 -9999.0 -9999.0 -9999.0 -9999.0 -9999.0 -9999.0 -9999.0 -9999.0 -9999.0 -9999.0 -9999.0 -9999.0 -9999.0 -9999.0 -9999.0 -9999.0 -9999.0 -9999.0 -9999.0 -9999.0 -9999.0 -9999.0 -9999.0 -9999.0 -9999.0 -9999.0 -9999.0 -9999.0 -9999.0 -9999.0 -9999.0 -9999.0 -9999.0 -9999.0 -9999.0 -9999.0 -9999.0
-9999.0 -9999.0 -9999.0 -9999.0 -9999.0 -9999.0 -9999.0 -9999.0 -9999.0 -9999.0 -9999.0 -9999.0 -9999.0 -9999.0 -9999.0 -9999.0 -9999.0 -9999.0 -9999.0 -9999.0 -9999.0 -9999.0 -9999.0 -9999.0 -9999.0 -9999.0 -9999.0 -9999.0 -9999.0 -9999.0 -9999.0 -9999.0 -9999.0 -9999.0 -9999.0 -9999.0 -9999.0 -9999.0 -9999.0 -9999.0 -9999.0 -9999.0 -9999.0 -9999.0 -9999.0 -9999.0 -9999.0 -9999.0 -9999.0 -9999.0 -9999.0 -9999.0 -9999.0 -9999.0 -9999.0 -9999.0 -9999.0 -9999.0 -9999.0 -9999.0 -9999.0 -9999.0 -9999.0 -9999.0 -9999.0 -9999.0 -9999.0 -9999.0 -9999.0 -9999.0 -9999.0 -9999.0 -9999.0 -9999.0 -9999.0 -9999.0 -9999.0 -9999.0 -9999.0 -9999.0 -9999.0 -9999.0 -9999.0 -9999.0 -9999.0 -9999.0 -9999.0 -9999.0 -9999.0 -9999.0 -9999.0 -9999.0 -9999.0 -9999.0 -9999.0 -9999.0 -9999.0 -9999.0 -9999.0 -9999.0 -9999.0 -9999.0 -9999.0 -9999.0