examples/3D/hillslope02_superslab/output-maps-SE27XX/thetaliqL0016N0001.asc
ncols         104
nrows         10
xllcorner     -2.000000
yllcorner     0.000000
cellsize      1.000000
NODATA_value  -9999.0
-9999.0 -9999.0 -9999.0 -9999.0 -9999.0 -9999.0 -9999.0 -9999.0 -9999.0 -9999.0 -9999.0 -9999.0 -9999.0 -9999.0 -9999.0 -9999.0 -9999.0 -9999.0 -9999.0 -9999.0 -9999.0 -9999.0 -9999.0 -9999.0 -9999.0 -9999.0 -9999.0 -9999.0 -9999.0 -9999.0 -9999.0 -9999.0 -9999.0 -9999.0 -9999.0 -9999.0 -9999.0 -9999.0 -9999.0 -9999.0 -9999.0 -9999.0 -9999.0 -9999.0 -9999.0 -9999.0 -9999.0 -9999.0 -9999.0 -9999.0 -9999.0 -9999.0 -9999.0 -9999.0 -9999.0 -9999.0 -9999.0 -9999.0 -9999.0 -9999.0 -9999.0 -9999.0 -9999.0 -9999.0 -9999.0 -9999.0 -9999.0 -9999.0 -9999.0 -9999.0 -9999.0 -9999.0 -9999.0 -9999.0 -9999.0 -9999.0 -9999.0 -9999.0 -9999.0 -9999.0 -9999.0 -9999.0 -9999.0 -9999.0 -9999.0 -9999.0 -9999.0 -9999.0 -9999.0 -9999.0 -9999.0 -9999.0 -9999.0 -9999.0 -9999.0 -9999.0 -9999.0 -9999.0 -9999.0 -9999.0 -9999.0 -9999.0 -9999.0 -9999.0
-9999.0 -9999.0 -9999.0 -9999.0 -9999.0 -9999.0 -9999.0 -9999.0 -9999.0 -9999.0 -9999.0 -9999.0 -9999.0 -9999.0 -9999.0 -9999.0 -9999.0 -9999.0 -9999.0 -9999.0 -9999.0 -9999.0 -9999.0 -9999.0 -9999.0 -9999.0 -9999.0 -9999.0 -9999.0 -9999.0 -9999.0 -9999.0 -9999.0 -9999.0 -9999.0 -9999.0 -9999.0 -9999.0 -9999.0 -9999.0 -9999.0 -9999.0 -9999.0 -9999.0 -9999.0 -9999.0 -9999.0 -9999.0 -9999.0 -9999.0 -9999.0 -9999.0 -9999.0 -9999.0 -9999.0 -9999.0 -9999.0 -9999.0 -9999.0 -9999.0 -9999.0 -9999.0 -9999.0 -9999.0 -9999.0 -9999.0 -9999.0 -9999.0 -9999.0 -9999.0 -9999.0 -9999.0 -9999.0 -9999.0 -9999.0 -9999.0 -9999.0 -9999.0 -9999.0 -9999.0 -9999.0 -9999.0 -9999.0 -9999.0 -9999.0 -9999.0 -9999.0 -9999.0 -9999.0 -9999.0 -9999.0 -9999.0 -9999.0 -9999.0 -9999.0 -9999.0 -9999.0 -9999.0 -9999.0 -9999.0 -9999.0 -9999.0 -9999.0 -9999.0
-9999.0 -9999.0 0.056768 0.054601 0.054102 0.053989 0.054005 0.054175 0.054786 0.056157 0.053920 0.053223 0.052828 0.052358 0.052092 0.052381 0.052511 0.052556 0.099282 0.099833 0.099981 0.100000 0.097472 0.077103 0.062644 0.056827 0.054864 0.054264 0.054295 0.054563 0.055088 0.056395 0.058340 0.060019 0.061007 0.061414 0.061492 0.061432 0.061369 0.061537 0.062663 0.065507 0.037471 0.033964 0.033964 0.033964 0.033964 0.033964 0.033964 0.033964 0.033964 0.033964 0.033964 0.033964 0.033964 0.033964 0.033964 0.033964 0.033964 0.033964 0.033964 0.037398 0.059468 0.055273 0.054264 0.054014 0.053951 0.053934 0.053930 0.053929 0.053929 0.053929 0.053929 0.053929 0.053929 0.053929 0.053929 0.053929 0.053929 0.053929 0.053929 0.053929 0.053929 0.053929 0.053929 0.053929 0.053929 0.053929 0.053929 0.053929 0.053929 0.053929 0.053928 0.053928 0.053928 0.053927 0.053922 0.053904 0.053837 0.053603 0.052827 0.050552 -9999.0 -9999.0
-9999.0 -9999.0 0.056768 0.054601 0.054102 0.053989 0.054005 0.054175 0.054786 0.056157 0.053920 0.053223 0.052828 0.052358 0.052092 0.052381 0.052511 0.052556 0.099282 0.099833 0.099981 0.100000 0.097472 0.077103 0.062644 0.056827 0.054864 0.054264 0.054295 0.054563 0.055088 0.056395 0.058340 0.060019 0.061007 0.061414 0.061492 0.061432 0.061369 0.061537 0.062663 0.065507 0.037471 0.033964 0.033964 0.033964 0.033964 0.033964 0.033964 0.033964 0.033964 0.033964 0.033964 0.033964 0.033964 0.033964 0.033964 0.033964 0.033964 0.033964 0.033964 0.037398 0.059468 0.055273 0.054264 0.054014 0.053951 0.053934 0.053930 0.053929 0.053929 0.053929 0.053929 0.053929 0.053929 0.053929 0.053929 0.053929 0.053929 0.053929 0.053929 0.053929 0.053929 0.053929 0.053929 0.053929 0.053929 0.053929 0.053929 0.053929 0.053929 0.053929 0.053928 0.053928 0.053928 0.053927 0.053922 0.053904 0.053837 0.053603 0.052827 0.050552 -9999.0 -9999.0
-9999.0 -9999.0 0.056768 0.054601 0.054102 0.053989 0.054005 0.054175 0.054786 0.056157 0.053920 0.053223 0.052828 0.052358 0.052092 0.052381 0.052511 0.052556 0.099282 0.099833 0.099981 0.100000 0.097472 0.077103 0.062644 0.056827 0.054864 0.054264 0.054295 0.054563 0.055088 0.056395 0.058340 0.060019 0.061007 0.061414 0.061492 0.061432 0.061369 0.061537 0.062663 0.065507 0.037471 0.033964 0.033964 0.033964 0.033964 0.033964 0.033964 0.033964 0.033964 0.033964 0.033964 0.033964 0.033964 0.033964 0.033964 0.033964 0.033964 0.033964 0.033964 0.037398 0.059468 0.055273 0.054264 0.054014 0.053951 0.053934 0.053930 0.053929 0.053929 0.053929 0.053929 0.053929 0.053929 0.053929 0.053929 0.053929 0.053929 0.053929 0.053929 0.053929 0.053929 0.053929 0.053929 0.053929 0.053929 0.053929 0.053929 0.053929 0.053929 0.053929 0.053928 0.053928 0.053928 0.053927 0.053922 0.053904 0.053837 0.053603 0.052827 0.050552 -9999.0 -9999.0
-9999.0 -9999.0 0.056768 0.054601 0.054102 0.053989 0.054005 0.054175 0.054786 0.056157 0.053920 0.053223 0.052828 0.052358 0.052092 0.052381 0.052511 0.052556 0.099282 0.099833 0.099981 0.100000 0.097472 0.077103 0.062644 0.056827 0.054864 0.054264 0.054295 0.054563 0.055088 0.056395 0.058340 0.060019 0.061007 0.061414 0.061492 0.061432 0.061369 0.061537 0.062663 0.065507 0.037471 0.033964 0.033964 0.033964 0.033964 0.033964 0.033964 0.033964 0.033964 0.033964 0.033964 0.033964 0.033964 0.033964 0.033964 0.033964 0.033964 0.033964 0.033964 0.037398 0.059468 0.055273 0.054264 0.054014 0.053951 0.053934 0.053930 0.053929 0.053929 0.053929 0.053929 0.053929 0.053929 0.053929 0.053929 0.053929 0.053929 0.053929 0.053929 0.053929 0.053929 0.053929 0.053929 0.053929 0.053929 0.053929 0.053929 0.053929 0.053929 0.053929 0.053928 0.053928 0.053928 0.053927 0.053922 0.053904 0.053837 0.053603 0.052827 0.050552 -9999.0 -9999.0
-9999.0 -9999.0 0.056768 0.054601 0.054102 0.053989 0.054005 0.054175 0.054786 0.056157 0.053920 0.053223 0.052828 0.052358 0.052092 0.052381 0.052511 0.052556 0.099282 0.099833 0.099981 0.100000 0.097472 0.077103 0.062644 0.056827 0.054864 0.054264 0.054295 0.054563 0.055088 0.056395 0.058340 0.060019 0.061007 0.061414 0.061492 0.061432 0.061369 0.061537 0.062663 0.065507 0.037471 0.033964 0.033964 0.033964 0.033964 0.033964 0.033964 0.033964 0.033964 0.033964 0.033964 0.033964 0.033964 0.033964 0.033964 0.033964 0.033964 0.033964 0.033964 0.037398 0.059468 0.055273 0.054264 0.054014 0.053951 0.053934 0.053930 0.053929 0.053929 0.053929 0.053929 0.053929 0.053929 0.053929 0.053929 0.053929 0.053929 0.053929 0.053929 0.053929 0.053929 0.053929 0.053929 0.053929 0.053929 0.053929 0.053929 0.053929 0.053929 0.053929 0.053928 0.053928 0.053928 0.053927 0.053922 0.053904 0.053837 0.053603 0.052827 0.050552 -9999.0 -9999.0
-9999.0 -9999.0 0.056768 0.054601 0.054102 0.053989 0.054005 0.054175 0.054786 0.056157 0.053920 0.053223 0.052828 0.052358 0.052092 0.052381 0.052511 0.052556 0.099282 0.099833 0.099981 0.100000 0.097472 0.077103 0.062644 0.056827 0.054864 0.054264 0.054295 0.054563 0.055088 0.056395 0.058340 0.060019 0.061007 0.061414 0.061492 0.061432 0.061369 0.061537 0.062663 0.065507 0.037471 0.033964 0.033964 0.033964 0.033964 0.033964 0.033964 0.033964 0.033964 0.033964 0.033964 0.033964 0.033964 0.033964 0.033964 0.033964 0.033964 0.033964 0.033964 0.037398 0.059468 0.055273 0.054264 0.054014 0.053951 0.053934 0.053930 0.053929 0.053929 0.053929 0.053929 0.053929 0.053929 0.053929 0.053929 0.053929 0.053929 0.053929 0.053929 0.053929 0.053929 0.053929 0.053929 0.053929 0.053929 0.053929 0.053929 0.053929 0.053929 0.053929 0.053928 0.053928 0.053928 0.053927 0.053922 0.053904 0.053837 0.053603 0.052827 0.050552 -9999.0 -9999.0
-9999.0 -9999.0 -9999.0 -9999.0 -9999.0 -9999.0 -9999.0 -9999.0 -9999.0 -9999.0 -9999.0 -9999.0 -9999.0 -9999.0 -9999.0 -9999.0 -9999.0 -9999.0 -9999.0 -9999.0 -9999.0 -9999.0 -9999.0 -9999.0 -9999.0 -9999.0 -9999.0 -9999.0 -9999.0 -9999.0 -9999.0 -9999.0 -9999.0 -9999.0 -9999.0 -9999.0 -9999.0 -9999.0 -9999.0 -9999.0 -9999.0 -9999.0 -9999.0 -9999.0 -9999.0 -9999.0 -9999.0 -9999.0 -9999.0 -9999.0 -9999.0 -9999.0 -9999.0 -9999.0 -9999.0 -9999.0 -9999.0 -9999.0 -9999.0 -9999.0 -9999.0 -9999.0 -9999.0 -9999.0 -9999.0 -9999.0 -9999.0 -9999.0 -9999.0 -9999.0 -9999.0 -9999.0 -9999.0 -9999.0 -9999.0 -9999.0 -9999.0 -9999.0 -9999.0 -9999.0 -9999.0 -9999.0 -9999.0 -9999.0 -9999.0 -9999.0 -9999.0 -9999.0 -9999.0 -9999.0 -9999.0 -9999.0 -9999.0 -9999.0 -9999.0 -9999.0 -9999.0 -9999.0 -9999.0 -9999.0 -9999.0 -9999.0 -9999.0 -9999.0
-9999.0 -9999.0 -9999.0 -9999.0 -9999.0 -9999.0 -9999.0 -9999.0 -9999.0 -9999.0 -9999.0 -9999.0 -9999.0 -9999.0 -9999.0 -9999.0 -9999.0 -9999.0 -9999.0 -9999.0 -9999.0 -9999.0 -9999.0 -9999.0 -9999.0 -9999.0 -9999.0 -9999.0 -9999.0 -9999.0 -9999.0 -9999.0 -9999.0 -9999.0 -9999.0 -9999.0 -9999.0 -9999.0 -9999.0 -9999.0 -9999.0 -9999.0 -9999.0 -9999.0 -9999.0 -9999.0 -9999.0 -9999.0 -9999.0 -9999.0 -9999.0 -9999.0 -9999.0 -9999.0 -9999.0 -9999.0 -9999.0 -9999.0 -9999.0 -9999.0 -9999.0 -9999.0 -9999.0 -9999.0 -9999.0 -9999.0 -9999.0 -9999.0 -9999.0 -9999.0 -9999.0 -9999.0 -9999.0 -9999.0 -9999.0 -9999.0 -9999.0 -9999.0 -9999.0 -9999.0 -9999.0 -9999.0 -9999.0 -9999.0 -9999.0 -9999.0 -9999.0 -9999.0 -9999.0 -9999.0 -9999.0 -9999.0 -9999.0 -9999.0 -9999.0 -9999.0 -9999.0 -9999.0 -9999.0 -9999.0 -9999.0 -9999.0 -9999.0 -9999.0