examples/3D/hillslope02_superslab/output-maps-SE27XX/thetaliqL0069N0002.asc
ncols         104
nrows         10
xllcorner     -2.000000
yllcorner     0.000000
cellsize      1.000000
NODATA_value  -9999.0
-9999.0 -9999.0 -9999.0 -9999.0 -9999.0 -9999.0 -9999.0 -9999.0 -9999.0 -9999.0 -9999.0 -9999.0 -9999.0 -9999.0 -9999.0 -9999.0 -9999.0 -9999.0 -9999.0 -9999.0 -9999.0 -9999.0 -9999.0 -9999.0 -9999.0 -9999.0 -9999.0 -9999.0 -9999.0 -9999.0 -9999.0 -9999.0 -9999.0 -9999.0 -9999.0 -9999.0 -9999.0 -9999.0 -9999.0 -9999.0 -9999.0 -9999.0 -9999.0 -9999.0 -9999.0 -9999.0 -9999.0 -9999.0 -9999.0 -9999.0 -9999.0 -9999.0 -9999.0 -9999.0 -9999.0 -9999.0 -9999.0 -9999.0 -9999.0 -9999.0 -9999.0 -9999.0 -9999.0 -9999.0 -9999.0 -9999.0 -9999.0 -9999.0 -9999.0 -9999.0 -9999.0 -9999.0 -9999.0 -9999.0 -9999.0 -9999.0 -9999.0 -9999.0 -9999.0 -9999.0 -9999.0 -9999.0 -9999.0 -9999.0 -9999.0 -9999.0 -9999.0 -9999.0 -9999.0 -9999.0 -9999.0 -9999.0 -9999.0 -9999.0 -9999.0 -9999.0 -9999.0 -9999.0 -9999.0 -9999.0 -9999.0 -9999.0 -9999.0 -9999.0
-9999.0 -9999.0 -9999.0 -9999.0 -9999.0 -9999.0 -9999.0 -9999.0 -9999.0 -9999.0 -9999.0 -9999.0 -9999.0 -9999.0 -9999.0 -9999.0 -9999.0 -9999.0 -9999.0 -9999.0 -9999.0 -9999.0 -9999.0 -9999.0 -9999.0 -9999.0 -9999.0 -9999.0 -9999.0 -9999.0 -9999.0 -9999.0 -9999.0 -9999.0 -9999.0 -9999.0 -9999.0 -9999.0 -9999.0 -9999.0 -9999.0 -9999.0 -9999.0 -9999.0 -9999.0 -9999.0 -9999.0 -9999.0 -9999.0 -9999.0 -9999.0 -9999.0 -9999.0 -9999.0 -9999.0 -9999.0 -9999.0 -9999.0 -9999.0 -9999.0 -9999.0 -9999.0 -9999.0 -9999.0 -9999.0 -9999.0 -9999.0 -9999.0 -9999.0 -9999.0 -9999.0 -9999.0 -9999.0 -9999.0 -9999.0 -9999.0 -9999.0 -9999.0 -9999.0 -9999.0 -9999.0 -9999.0 -9999.0 -9999.0 -9999.0 -9999.0 -9999.0 -9999.0 -9999.0 -9999.0 -9999.0 -9999.0 -9999.0 -9999.0 -9999.0 -9999.0 -9999.0 -9999.0 -9999.0 -9999.0 -9999.0 -9999.0 -9999.0 -9999.0
-9999.0 -9999.0 0.100000 0.098619 0.082655 0.067723 0.060093 0.057500 0.057391 0.057498 0.055236 0.053894 0.053058 0.052447 0.052318 0.052812 0.053221 0.053509 0.053739 0.053941 0.054131 0.054315 0.054497 0.054683 0.054871 0.055063 0.055257 0.055452 0.055646 0.055836 0.056019 0.056189 0.056336 0.056449 0.056518 0.056540 0.056515 0.056443 0.056324 0.056153 0.055911 0.055565 0.055104 0.054602 0.099127 0.099846 0.099979 0.099995 0.092723 0.050944 0.031237 0.028502 0.028501 0.028502 0.028502 0.028502 0.028502 0.028502 0.028511 0.029773 0.039739 0.049672 0.056340 0.055337 0.054372 0.054054 0.053967 0.053944 0.053938 0.053936 0.053936 0.053935 0.053935 0.053935 0.053935 0.053934 0.053934 0.053934 0.053934 0.053933 0.053933 0.053933 0.053933 0.053932 0.053932 0.053932 0.053931 0.053931 0.053931 0.053931 0.053930 0.053930 0.053930 0.053929 0.053928 0.053923 0.053907 0.053854 0.053689 0.053217 0.051997 0.048949 -9999.0 -9999.0
-9999.0 -9999.0 0.100000 0.098619 0.082655 0.067723 0.060093 0.057500 0.057391 0.057498 0.055236 0.053894 0.053058 0.052447 0.052318 0.052812 0.053221 0.053509 0.053739 0.053941 0.054131 0.054315 0.054497 0.054683 0.054871 0.055063 0.055257 0.055452 0.055646 0.055836 0.056019 0.056189 0.056336 0.056449 0.056518 0.056540 0.056515 0.056443 0.056324 0.056153 0.055911 0.055565 0.055104 0.054602 0.099127 0.099846 0.099979 0.099995 0.092723 0.050944 0.031237 0.028502 0.028501 0.028502 0.028502 0.028502 0.028502 0.028502 0.028511 0.029773 0.039739 0.049672 0.056340 0.055337 0.054372 0.054054 0.053967 0.053944 0.053938 0.053936 0.053936 0.053935 0.053935 0.053935 0.053935 0.053934 0.053934 0.053934 0.053934 0.053933 0.053933 0.053933 0.053933 0.053932 0.053932 0.053932 0.053931 0.053931 0.053931 0.053931 0.053930 0.053930 0.053930 0.053929 0.053928 0.053923 0.053907 0.053854 0.053689 0.053217 0.051997 0.048949 -9999.0 -9999.0
-9999.0 -9999.0 0.100000 0.098619 0.082655 0.067723 0.060093 0.057500 0.057391 0.057498 0.055236 0.053894 0.053058 0.052447 0.052318 0.052812 0.053221 0.053509 0.053739 0.053941 0.054131 0.054315 0.054497 0.054683 0.054871 0.055063 0.055257 0.055452 0.055646 0.055836 0.056019 0.056189 0.056336 0.056449 0.056518 0.056540 0.056515 0.056443 0.056324 0.056153 0.055911 0.055565 0.055104 0.054602 0.099127 0.099846 0.099979 0.099995 0.092723 0.050944 0.031237 0.028502 0.028501 0.028502 0.028502 0.028502 0.028502 0.028502 0.028511 0.029773 0.039739 0.049672 0.056340 0.055337 0.054372 0.054054 0.053967 0.053944 0.053938 0.053936 0.053936 0.053935 0.053935 0.053935 0.053935 0.053934 0.053934 0.053934 0.053934 0.053933 0.053933 0.053933 0.053933 0.053932 0.053932 0.053932 0.053931 0.053931 0.053931 0.053931 0.053930 0.053930 0.053930 0.053929 0.053928 0.053923 0.053907 0.053854 0.053689 0.053217 0.051997 0.048949 -9999.0 -9999.0
-9999.0 -9999.0 0.100000 0.098619 0.082655 0.067723 0.060093 0.057500 0.057391 0.057498 0.055236 0.053894 0.053058 0.052447 0.052318 0.052812 0.053221 0.053509 0.053739 0.053941 0.054131 0.054315 0.054497 0.054683 0.054871 0.055063 0.055257 0.055452 0.055646 0.055836 0.056019 0.056189 0.056336 0.056449 0.056518 0.056540 0.056515 0.056443 0.056324 0.056153 0.055911 0.055565 0.055104 0.054602 0.099127 0.099846 0.099979 0.099995 0.092723 0.050944 0.031237 0.028502 0.028501 0.028502 0.028502 0.028502 0.028502 0.028502 0.028511 0.029773 0.039739 0.049672 0.056340 0.055337 0.054372 0.054054 0.053967 0.053944 0.053938 0.053936 0.053936 0.053935 0.053935 0.053935 0.053935 0.053934 0.053934 0.053934 0.053934 0.053933 0.053933 0.053933 0.053933 0.053932 0.053932 0.053932 0.053931 0.053931 0.053931 0.053931 0.053930 0.053930 0.053930 0.053929 0.053928 0.053923 0.053907 0.053854 0.053689 0.053217 0.051997 0.048949 -9999.0 -9999.0
-9999.0 -9999.0 0.100000 0.098619 0.082655 0.067723 0.060093 0.057500 0.057391 0.057498 0.055236 0.053894 0.053058 0.052447 0.052318 0.052812 0.053221 0.053509 0.053739 0.053941 0.054131 0.054315 0.054497 0.054683 0.054871 0.055063 0.055257 0.055452 0.055646 0.055836 0.056019 0.056189 0.056336 0.056449 0.056518 0.056540 0.056515 0.056443 0.056324 0.056153 0.055911 0.055565 0.055104 0.054602 0.099127 0.099846 0.099979 0.099995 0.092723 0.050944 0.031237 0.028502 0.028501 0.028502 0.028502 0.028502 0.028502 0.028502 0.028511 0.029773 0.039739 0.049672 0.056340 0.055337 0.054372 0.054054 0.053967 0.053944 0.053938 0.053936 0.053936 0.053935 0.053935 0.053935 0.053935 0.053934 0.053934 0.053934 0.053934 0.053933 0.053933 0.053933 0.053933 0.053932 0.053932 0.053932 0.053931 0.053931 0.053931 0.053931 0.053930 0.053930 0.053930 0.053929 0.053928 0.053923 0.053907 0.053854 0.053689 0.053217 0.051997 0.048949 -9999.0 -9999.0
-9999.0 -9999.0 0.100000 0.098619 0.082655 0.067723 0.060093 0.057500 0.057391 0.057498 0.055236 0.053894 0.053058 0.052447 0.052318 0.052812 0.053221 0.053509 0.053739 0.053941 0.054131 0.054315 0.054497 0.054683 0.054871 0.055063 0.055257 0.055452 0.055646 0.055836 0.056019 0.056189 0.056336 0.056449 0.056518 0.056540 0.056515 0.056443 0.056324 0.056153 0.055911 0.055565 0.055104 0.054602 0.099127 0.099846 0.099979 0.099995 0.092723 0.050944 0.031237 0.028502 0.028501 0.028502 0.028502 0.028502 0.028502 0.028502 0.028511 0.029773 0.039739 0.049672 0.056340 0.055337 0.054372 0.054054 0.053967 0.053944 0.053938 0.053936 0.053936 0.053935 0.053935 0.053935 0.053935 0.053934 0.053934 0.053934 0.053934 0.053933 0.053933 0.053933 0.053933 0.053932 0.053932 0.053932 0.053931 0.053931 0.053931 0.053931 0.053930 0.053930 0.053930 0.053929 0.053928 0.053923 0.053907 0.053854 0.053689 0.053217 0.051997 0.048949 -9999.0 -9999.0
-9999.0 -9999.0 -9999.0 -9999.0 -9999.0 -9999.0 -9999.0 -9999.0 -9999.0 -9999.0 -9999.0 -9999.0 -9999.0 -9999.0 -9999.0 -9999.0 -9999.0 -9999.0 -9999.0 -9999.0 -9999.0 -9999.0 -9999.0 -9999.0 -9999.0 -9999.0 -9999.0 -9999.0 -9999.0 -9999.0 -9999.0 -9999.0 -9999.0 -9999.0 -9999.0 -9999.0 -9999.0 -9999.0 -9999.0 -9999.0 -9999.0 -9999.0 -9999.0 -9999.0 -9999.0 -9999.0 -9999.0 -9999.0 -9999.0 -9999.0 -9999.0 -9999.0 -9999.0 -9999.0 -9999.0 -9999.0 -9999.0 -9999.0 -9999.0 -9999.0 -9999.0 -9999.0 -9999.0 -9999.0 -9999.0 -9999.0 -9999.0 -9999.0 -9999.0 -9999.0 -9999.0 -9999.0 -9999.0 -9999.0 -9999.0 -9999.0 -9999.0 -9999.0 -9999.0 -9999.0 -9999.0 -9999.0 -9999.0 -9999.0 -9999.0 -9999.0 -9999.0 -9999.0 -9999.0 -9999.0 -9999.0 -9999.0 -9999.0 -9999.0 -9999.0 -9999.0 -9999.0 -9999.0 -9999.0 -9999.0 -9999.0 -9999.0 -9999.0 -9999.0
-9999.0 -9999.0 -9999.0 -9999.0 -9999.0 -9999.0 -9999.0 -9999.0 -9999.0 -9999.0 -9999.0 -9999.0 -9999.0 -9999.0 -9999.0 -9999.0 -9999.0 -9999.0 -9999.0 -9999.0 -9999.0 -9999.0 -9999.0 -9999.0 -9999.0 -9999.0 -9999.0 -9999.0 -9999.0 -9999.0 -9999.0 -9999.0 -9999.0 -9999.0 -9999.0 -9999.0 -9999.0 -9999.0 -9999.0 -9999.0 -9999.0 -9999.0 -9999.0 -9999.0 -9999.0 -9999.0 -9999.0 -9999.0 -9999.0 -9999.0 -9999.0 -9999.0 -9999.0 -9999.0 -9999.0 -9999.0 -9999.0 -9999.0 -9999.0 -9999.0 -9999.0 -9999.0 -9999.0 -9999.0 -9999.0 -9999.0 -9999.0 -9999.0 -9999.0 -9999.0 -9999.0 -9999.0 -9999.0 -9999.0 -9999.0 -9999.0 -9999.0 -9999.0 -9999.0 -9999.0 -9999.0 -9999.0 -9999.0 -9999.0 -9999.0 -9999.0 -9999.0 -9999.0 -9999.0 -9999.0 -9999.0 -9999.0 -9999.0 -9999.0 -9999.0 -9999.0 -9999.0 -9999.0 -9999.0 -9999.0 -9999.0 -9999.0 -9999.0 -9999.0