examples/3D/hillslope02_superslab/output-maps-SE27XX/thetaliqL0042N0001.asc
ncols         104
nrows         10
xllcorner     -2.000000
yllcorner     0.000000
cellsize      1.000000
NODATA_value  -9999.0
-9999.0 -9999.0 -9999.0 -9999.0 -9999.0 -9999.0 -9999.0 -9999.0 -9999.0 -9999.0 -9999.0 -9999.0 -9999.0 -9999.0 -9999.0 -9999.0 -9999.0 -9999.0 -9999.0 -9999.0 -9999.0 -9999.0 -9999.0 -9999.0 -9999.0 -9999.0 -9999.0 -9999.0 -9999.0 -9999.0 -9999.0 -9999.0 -9999.0 -9999.0 -9999.0 -9999.0 -9999.0 -9999.0 -9999.0 -9999.0 -9999.0 -9999.0 -9999.0 -9999.0 -9999.0 -9999.0 -9999.0 -9999.0 -9999.0 -9999.0 -9999.0 -9999.0 -9999.0 -9999.0 -9999.0 -9999.0 -9999.0 -9999.0 -9999.0 -9999.0 -9999.0 -9999.0 -9999.0 -9999.0 -9999.0 -9999.0 -9999.0 -9999.0 -9999.0 -9999.0 -9999.0 -9999.0 -9999.0 -9999.0 -9999.0 -9999.0 -9999.0 -9999.0 -9999.0 -9999.0 -9999.0 -9999.0 -9999.0 -9999.0 -9999.0 -9999.0 -9999.0 -9999.0 -9999.0 -9999.0 -9999.0 -9999.0 -9999.0 -9999.0 -9999.0 -9999.0 -9999.0 -9999.0 -9999.0 -9999.0 -9999.0 -9999.0 -9999.0 -9999.0
-9999.0 -9999.0 -9999.0 -9999.0 -9999.0 -9999.0 -9999.0 -9999.0 -9999.0 -9999.0 -9999.0 -9999.0 -9999.0 -9999.0 -9999.0 -9999.0 -9999.0 -9999.0 -9999.0 -9999.0 -9999.0 -9999.0 -9999.0 -9999.0 -9999.0 -9999.0 -9999.0 -9999.0 -9999.0 -9999.0 -9999.0 -9999.0 -9999.0 -9999.0 -9999.0 -9999.0 -9999.0 -9999.0 -9999.0 -9999.0 -9999.0 -9999.0 -9999.0 -9999.0 -9999.0 -9999.0 -9999.0 -9999.0 -9999.0 -9999.0 -9999.0 -9999.0 -9999.0 -9999.0 -9999.0 -9999.0 -9999.0 -9999.0 -9999.0 -9999.0 -9999.0 -9999.0 -9999.0 -9999.0 -9999.0 -9999.0 -9999.0 -9999.0 -9999.0 -9999.0 -9999.0 -9999.0 -9999.0 -9999.0 -9999.0 -9999.0 -9999.0 -9999.0 -9999.0 -9999.0 -9999.0 -9999.0 -9999.0 -9999.0 -9999.0 -9999.0 -9999.0 -9999.0 -9999.0 -9999.0 -9999.0 -9999.0 -9999.0 -9999.0 -9999.0 -9999.0 -9999.0 -9999.0 -9999.0 -9999.0 -9999.0 -9999.0 -9999.0 -9999.0
-9999.0 -9999.0 0.057287 0.054635 0.053769 0.053426 0.053479 0.053899 0.054706 0.055286 0.051786 0.043059 0.025951 0.024597 0.024596 0.024596 0.024596 0.024596 0.024596 0.024596 0.024596 0.024596 0.024596 0.024596 0.024597 0.024600 0.024627 0.024903 0.028014 0.041743 0.051267 0.099653 0.100000 0.100000 0.100000 0.100000 0.100000 0.100000 0.100000 0.099952 0.081947 0.067207 0.049485 0.034231 0.024845 0.024597 0.024596 0.024596 0.024596 0.024596 0.024596 0.024596 0.024596 0.024596 0.024596 0.024596 0.024596 0.024596 0.024596 0.024610 0.028646 0.044674 0.057437 0.055332 0.054132 0.053538 0.053319 0.053265 0.053250 0.053245 0.053244 0.053243 0.053243 0.053243 0.053243 0.053243 0.053243 0.053243 0.053243 0.053243 0.053243 0.053243 0.053243 0.053243 0.053243 0.053243 0.053243 0.053243 0.053243 0.053243 0.053242 0.053242 0.053242 0.053240 0.053237 0.053228 0.053199 0.053102 0.052753 0.051265 0.044029 0.025601 -9999.0 -9999.0
-9999.0 -9999.0 0.057287 0.054635 0.053769 0.053426 0.053479 0.053899 0.054706 0.055286 0.051786 0.043059 0.025951 0.024597 0.024596 0.024596 0.024596 0.024596 0.024596 0.024596 0.024596 0.024596 0.024596 0.024596 0.024597 0.024600 0.024627 0.024903 0.028014 0.041743 0.051267 0.099653 0.100000 0.100000 0.100000 0.100000 0.100000 0.100000 0.100000 0.099952 0.081947 0.067207 0.049485 0.034231 0.024845 0.024597 0.024596 0.024596 0.024596 0.024596 0.024596 0.024596 0.024596 0.024596 0.024596 0.024596 0.024596 0.024596 0.024596 0.024610 0.028646 0.044674 0.057437 0.055332 0.054132 0.053538 0.053319 0.053265 0.053250 0.053245 0.053244 0.053243 0.053243 0.053243 0.053243 0.053243 0.053243 0.053243 0.053243 0.053243 0.053243 0.053243 0.053243 0.053243 0.053243 0.053243 0.053243 0.053243 0.053243 0.053243 0.053242 0.053242 0.053242 0.053240 0.053237 0.053228 0.053199 0.053102 0.052753 0.051265 0.044029 0.025601 -9999.0 -9999.0
-9999.0 -9999.0 0.057287 0.054635 0.053769 0.053426 0.053479 0.053899 0.054706 0.055286 0.051786 0.043059 0.025951 0.024597 0.024596 0.024596 0.024596 0.024596 0.024596 0.024596 0.024596 0.024596 0.024596 0.024596 0.024597 0.024600 0.024627 0.024903 0.028014 0.041743 0.051267 0.099653 0.100000 0.100000 0.100000 0.100000 0.100000 0.100000 0.100000 0.099952 0.081947 0.067207 0.049485 0.034231 0.024845 0.024597 0.024596 0.024596 0.024596 0.024596 0.024596 0.024596 0.024596 0.024596 0.024596 0.024596 0.024596 0.024596 0.024596 0.024610 0.028646 0.044674 0.057437 0.055332 0.054132 0.053538 0.053319 0.053265 0.053250 0.053245 0.053244 0.053243 0.053243 0.053243 0.053243 0.053243 0.053243 0.053243 0.053243 0.053243 0.053243 0.053243 0.053243 0.053243 0.053243 0.053243 0.053243 0.053243 0.053243 0.053243 0.053242 0.053242 0.053242 0.053240 0.053237 0.053228 0.053199 0.053102 0.052753 0.051265 0.044029 0.025601 -9999.0 -9999.0
-9999.0 -9999.0 0.057287 0.054635 0.053769 0.053426 0.053479 0.053899 0.054706 0.055286 0.051786 0.043059 0.025951 0.024597 0.024596 0.024596 0.024596 0.024596 0.024596 0.024596 0.024596 0.024596 0.024596 0.024596 0.024597 0.024600 0.024627 0.024903 0.028014 0.041743 0.051267 0.099653 0.100000 0.100000 0.100000 0.100000 0.100000 0.100000 0.100000 0.099952 0.081947 0.067207 0.049485 0.034231 0.024845 0.024597 0.024596 0.024596 0.024596 0.024596 0.024596 0.024596 0.024596 0.024596 0.024596 0.024596 0.024596 0.024596 0.024596 0.024610 0.028646 0.044674 0.057437 0.055332 0.054132 0.053538 0.053319 0.053265 0.053250 0.053245 0.053244 0.053243 0.053243 0.053243 0.053243 0.053243 0.053243 0.053243 0.053243 0.053243 0.053243 0.053243 0.053243 0.053243 0.053243 0.053243 0.053243 0.053243 0.053243 0.053243 0.053242 0.053242 0.053242 0.053240 0.053237 0.053228 0.053199 0.053102 0.052753 0.051265 0.044029 0.025601 -9999.0 -9999.0
-9999.0 -9999.0 0.057287 0.054635 0.053769 0.053426 0.053479 0.053899 0.054706 0.055286 0.051786 0.043059 0.025951 0.024597 0.024596 0.024596 0.024596 0.024596 0.024596 0.024596 0.024596 0.024596 0.024596 0.024596 0.024597 0.024600 0.024627 0.024903 0.028014 0.041743 0.051267 0.099653 0.100000 0.100000 0.100000 0.100000 0.100000 0.100000 0.100000 0.099952 0.081947 0.067207 0.049485 0.034231 0.024845 0.024597 0.024596 0.024596 0.024596 0.024596 0.024596 0.024596 0.024596 0.024596 0.024596 0.024596 0.024596 0.024596 0.024596 0.024610 0.028646 0.044674 0.057437 0.055332 0.054132 0.053538 0.053319 0.053265 0.053250 0.053245 0.053244 0.053243 0.053243 0.053243 0.053243 0.053243 0.053243 0.053243 0.053243 0.053243 0.053243 0.053243 0.053243 0.053243 0.053243 0.053243 0.053243 0.053243 0.053243 0.053243 0.053242 0.053242 0.053242 0.053240 0.053237 0.053228 0.053199 0.053102 0.052753 0.051265 0.044029 0.025601 -9999.0 -9999.0
-9999.0 -9999.0 0.057287 0.054635 0.053769 0.053426 0.053479 0.053899 0.054706 0.055286 0.051786 0.043059 0.025951 0.024597 0.024596 0.024596 0.024596 0.024596 0.024596 0.024596 0.024596 0.024596 0.024596 0.024596 0.024597 0.024600 0.024627 0.024903 0.028014 0.041743 0.051267 0.099653 0.100000 0.100000 0.100000 0.100000 0.100000 0.100000 0.100000 0.099952 0.081947 0.067207 0.049485 0.034231 0.024845 0.024597 0.024596 0.024596 0.024596 0.024596 0.024596 0.024596 0.024596 0.024596 0.024596 0.024596 0.024596 0.024596 0.024596 0.024610 0.028646 0.044674 0.057437 0.055332 0.054132 0.053538 0.053319 0.053265 0.053250 0.053245 0.053244 0.053243 0.053243 0.053243 0.053243 0.053243 0.053243 0.053243 0.053243 0.053243 0.053243 0.053243 0.053243 0.053243 0.053243 0.053243 0.053243 0.053243 0.053243 0.053243 0.053242 0.053242 0.053242 0.053240 0.053237 0.053228 0.053199 0.053102 0.052753 0.051265 0.044029 0.025601 -9999.0 -9999.0
-9999.0 -9999.0 -9999.0 -9999.0 -9999.0 -9999.0 -9999.0 -9999.0 -9999.0 -9999.0 -9999.0 -9999.0 -9999.0 -9999.0 -9999.0 -9999.0 -9999.0 -9999.0 -9999.0 -9999.0 -9999.0 -9999.0 -9999.0 -9999.0 -9999.0 -9999.0 -9999.0 -9999.0 -9999.0 -9999.0 -9999.0 -9999.0 -9999.0 -9999.0 -9999.0 -9999.0 -9999.0 -9999.0 -9999.0 -9999.0 -9999.0 -9999.0 -9999.0 -9999.0 -9999.0 -9999.0 -9999.0 -9999.0 -9999.0 -9999.0 -9999.0 -9999.0 -9999.0 -9999.0 -9999.0 -9999.0 -9999.0 -9999.0 -9999.0 -9999.0 -9999.0 -9999.0 -9999.0 -9999.0 -9999.0 -9999.0 -9999.0 -9999.0 -9999.0 -9999.0 -9999.0 -9999.0 -9999.0 -9999.0 -9999.0 -9999.0 -9999.0 -9999.0 -9999.0 -9999.0 -9999.0 -9999.0 -9999.0 -9999.0 -9999.0 -9999.0 -9999.0 -9999.0 -9999.0 -9999.0 -9999.0 -9999.0 -9999.0 -9999.0 -9999.0 -9999.0 -9999.0 -9999.0 -9999.0 -9999.0 -9999.0 -9999.0 -9999.0 -9999.0
-9999.0 -9999.0 -9999.0 -9999.0 -9999.0 -9999.0 -9999.0 -9999.0 -9999.0 -9999.0 -9999.0 -9999.0 -9999.0 -9999.0 -9999.0 -9999.0 -9999.0 -9999.0 -9999.0 -9999.0 -9999.0 -9999.0 -9999.0 -9999.0 -9999.0 -9999.0 -9999.0 -9999.0 -9999.0 -9999.0 -9999.0 -9999.0 -9999.0 -9999.0 -9999.0 -9999.0 -9999.0 -9999.0 -9999.0 -9999.0 -9999.0 -9999.0 -9999.0 -9999.0 -9999.0 -9999.0 -9999.0 -9999.0 -9999.0 -9999.0 -9999.0 -9999.0 -9999.0 -9999.0 -9999.0 -9999.0 -9999.0 -9999.0 -9999.0 -9999.0 -9999.0 -9999.0 -9999.0 -9999.0 -9999.0 -9999.0 -9999.0 -9999.0 -9999.0 -9999.0 -9999.0 -9999.0 -9999.0 -9999.0 -9999.0 -9999.0 -9999.0 -9999.0 -9999.0 -9999.0 -9999.0 -9999.0 -9999.0 -9999.0 -9999.0 -9999.0 -9999.0 -9999.0 -9999.0 -9999.0 -9999.0 -9999.0 -9999.0 -9999.0 -9999.0 -9999.0 -9999.0 -9999.0 -9999.0 -9999.0 -9999.0 -9999.0 -9999.0 -9999.0