templates/3D/Muntatschini_ref_005/INmaps20/aspectwrong.asc
ncols        108
nrows        156
xllcorner    619971.250000000000
yllcorner    5169711.250000000000
cellsize     20.000000000000
NODATA_value  -9999
[rows 69 to 91 of 156, columns 0 to 52 of 108]
-9999 -9999 -9999 -9999 -9999 -9999 -9999 -9999 -9999 -9999 -9999 -9999 -9999 -9999 -9999 -9999 -9999 235.73994445800781 226.68110656738281 214.66470336914062 204.62516784667969 206.92341613769531 219.49116516113281 229.26144409179687 227.10411071777344 226.93232727050781 225.34405517578125 228.92744445800781 234.80068969726562 228.90162658691406 222.64128112792969 226.60542297363281 239.749755859375 232.51860046386719 222.83915710449219 228.79376220703125 232.18806457519531 227.24024963378906 220.22450256347656 212.26419067382812 211.20687866210937 217.96560668945312 225.23660278320312 233.90396118164062 251.22480773925781 258.3974609375 252.00274658203125 238.12394714355469 217.09039306640625 209.99208068847656 215.61137390136719 214.84844970703125 210.03858947753906
-9999 -9999 -9999 -9999 -9999 -9999 -9999 -9999 -9999 -9999 -9999 -9999 -9999 -9999 -9999 -9999 236.33477783203125 208.91392517089844 186.94123840332031 182.08638000488281 190.32563781738281 201.88252258300781 203.40887451171875 198.79769897460937 205.03994750976562 217.88186645507812 221.46922302246094 227.96615600585937 231.74217224121094 224.17677307128906 222.57357788085937 231.03630065917969 240.22224426269531 232.14089965820313 225.52326965332031 232.37277221679687 230.39358520507812 219.36135864257812 215.00227355957031 218.61109924316406 221.84051513671875 225.66651916503906 230.72280883789062 239.11607360839844 256.17083740234375 265.22064208984375 258.63818359375 241.87889099121094 216.45262145996094 210.39492797851562 214.38754272460937 211.64376831054687 213.72555541992187
-9999 -9999 -9999 -9999 -9999 -9999 -9999 -9999 -9999 -9999 -9999 -9999 -9999 -9999 -9999 -9999 204.53782653808594 179.3028564453125 169.67869567871094 174.89907836914062 186.29899597167969 196.28681945800781 203.88272094726562 215.30691528320312 232.14299011230469 230.69267272949219 221.11799621582031 219.58760070800781 219.35113525390625 218.73429870605469 223.80638122558594 229.85554504394531 230.24166870117187 225.10798645019531 226.56651306152344 229.71110534667969 223.34388732910156 219.14871215820312 224.74906921386719 235.47673034667969 231.36317443847656 227.87135314941406 233.22470092773437 240.16926574707031 253.99777221679687 262.76998901367187 261.00518798828125 248.26187133789063 224.49964904785156 218.68807983398437 223.34577941894531 220.24882507324219 219.80331420898437
-9999 -9999 -9999 -9999 -9999 -9999 -9999 -9999 -9999 -9999 -9999 -9999 -9999 -9999 -9999 -9999 193.17424011230469 188.18701171875 193.08479309082031 200.78981018066406 202.65103149414062 203.71403503417969 208.60787963867187 220.66249084472656 230.58341979980469 220.20407104492187 210.27850341796875 211.85975646972656 215.51341247558594 218.80882263183594 224.004638671875 224.40406799316406 221.03190612792969 224.49818420410156 229.89984130859375 226.94873046875 222.54547119140625 226.30757141113281 235.92376708984375 245.30683898925781 238.11813354492187 233.05348205566406 234.02679443359375 238.10462951660156 251.798095703125 256.36026000976562 258.57052612304687 250.37852478027344 225.94125366210937 218.59199523925781 222.93678283691406 220.05291748046875 220.25225830078125
-9999 -9999 -9999 -9999 -9999 -9999 -9999 -9999 -9999 -9999 -9999 -9999 -9999 -9999 -9999 196.798583984375 181.71672058105469 189.80374145507812 200.41163635253906 208.69107055664062 213.44105529785156 214.74549865722656 216.04060363769531 220.98248291015625 219.90325927734375 207.97682189941406 202.92445373535156 209.18905639648437 214.19593811035156 216.15225219726562 220.41761779785156 218.884033203125 216.71908569335937 222.70498657226562 224.09268188476562 216.47933959960937 216.30604553222656 223.41311645507812 237.07830810546875 248.72041320800781 240.63365173339844 232.7996826171875 231.55857849121094 239.61180114746094 249.18099975585937 249.66690063476562 254.74308776855469 245.46479797363281 222.47370910644531 217.40814208984375 221.61083984375 220.32377624511719 224.87063598632812
-9999 -9999 -9999 -9999 -9999 -9999 -9999 -9999 -9999 -9999 -9999 -9999 -9999 -9999 232.36660766601562 189.12623596191406 182.56329345703125 191.72836303710937 205.18333435058594 217.92300415039062 223.2757568359375 221.23199462890625 218.744873046875 216.26237487792969 211.626220703125 208.66842651367187 212.64501953125 219.87843322753906 217.94114685058594 213.50933837890625 216.88497924804687 218.51628112792969 215.23963928222656 215.38739013671875 212.34735107421875 203.74339294433594 205.19793701171875 218.61485290527344 236.99195861816406 251.36050415039062 237.1856689453125 226.49128723144531 229.08796691894531 234.609619140625 240.75773620605469 246.75634765625 244.0247802734375 231.5255126953125 220.71800231933594 222.87368774414062 228.72633361816406 229.07569885253906 233.97625732421875
-9999 -9999 -9999 -9999 -9999 -9999 -9999 -9999 -9999 -9999 -9999 -9999 -9999 242.97920227050781 199.44195556640625 189.82505798339844 197.13792419433594 205.52972412109375 213.10433959960937 224.28614807128906 226.36343383789062 217.11474609375 208.77088928222656 207.6494140625 212.7567138671875 215.60838317871094 223.09226989746094 229.45529174804687 224.48114013671875 216.7113037109375 219.01823425292969 220.24827575683594 212.58369445800781 207.63368225097656 204.76718139648437 201.12240600585937 204.92869567871094 224.46253967285156 246.268798828125 252.22854614257812 235.96174621582031 221.99256896972656 223.29365539550781 225.9412841796875 238.211181640625 243.40849304199219 225.94569396972656 218.68968200683594 221.21226501464844 227.68667602539062 232.82804870605469 232.15245056152344 232.23358154296875
-9999 -9999 -9999 -9999 -9999 -9999 -9999 -9999 -9999 -9999 -9999 -9999 248.76622009277344 198.03385925292969 180.70448303222656 184.82366943359375 197.77304077148437 208.04470825195312 216.65118408203125 230.60453796386719 227.45881652832031 210.66706848144531 200.53617858886719 204.11955261230469 216.82745361328125 222.90130615234375 231.61495971679687 231.15608215332031 221.65484619140625 216.05203247070312 220.34921264648437 221.52680969238281 210.99191284179687 206.00955200195312 209.19639587402344 213.52919006347656 221.45347595214844 235.63818359375 254.35023498535156 252.78526306152344 236.9005126953125 224.14959716796875 225.59014892578125 231.14341735839844 237.13507080078125 220.81344604492187 202.74369812011719 212.21812438964844 225.21804809570312 232.02690124511719 233.66044616699219 230.01002502441406 224.09310913085937
-9999 -9999 -9999 -9999 -9999 -9999 -9999 -9999 -9999 -9999 -9999 249.19967651367187 194.8275146484375 183.45848083496094 192.37422180175781 201.16415405273437 210.85795593261719 218.04605102539062 227.12406921386719 236.28086853027344 224.30879211425781 206.41357421875 202.67030334472656 212.30586242675781 224.16569519042969 230.17317199707031 234.71316528320312 226.31619262695312 216.10342407226562 215.23353576660156 219.63478088378906 221.06805419921875 214.76840209960937 213.75691223144531 219.07757568359375 222.446533203125 227.07463073730469 235.30503845214844 252.08854675292969 257.775146484375 237.40568542480469 225.17123413085937 225.06027221679687 222.08543395996094 209.83700561523437 191.92086791992187 192.06611633300781 214.32316589355469 225.448486328125 230.33937072753906 230.64065551757812 225.33088684082031 221.08546447753906
-9999 -9999 -9999 -9999 -9999 -9999 -9999 -9999 -9999 -9999 243.02174377441406 195.70295715332031 180.57402038574219 194.20162963867187 207.92678833007812 217.29861450195312 227.46578979492187 229.28480529785156 229.10014343261719 226.50148010253906 211.18338012695312 200.04977416992187 201.39999389648437 213.89279174804687 229.30528259277344 232.78321838378906 229.59989929199219 221.56181335449219 216.3387451171875 219.56256103515625 225.75949096679687 225.55140686035156 219.54228210449219 217.83889770507812 220.15751647949219 220.01054382324219 221.17338562011719 229.71456909179687 246.12252807617187 258.76995849609375 240.38371276855469 221.38642883300781 213.97615051269531 206.79795837402344 197.66993713378906 195.28977966308594 207.64653015136719 226.61180114746094 223.61123657226562 220.63827514648437 220.83299255371094 220.37492370605469 221.57586669921875
-9999 -9999 -9999 -9999 -9999 -9999 -9999 -9999 -9999 248.25506591796875 202.91583251953125 191.62896728515625 206.05824279785156 217.77503967285156 217.54737854003906 222.03726196289062 223.12583923339844 214.94303894042969 209.898681640625 206.92855834960937 199.82679748535156 197.5357666015625 201.60414123535156 211.80241394042969 227.44526672363281 228.39170837402344 226.80781555175781 224.02604675292969 220.61766052246094 223.09588623046875 227.75294494628906 222.71823120117187 216.73359680175781 216.699951171875 217.27326965332031 213.72239685058594 210.54281616210937 218.90049743652344 239.46647644042969 258.26483154296875 245.36080932617187 224.06857299804687 213.75596618652344 206.02311706542969 203.12429809570312 208.65623474121094 219.56259155273438 227.84098815917969 226.35823059082031 218.07496643066406 213.04005432128906 220.39532470703125 226.90547180175781
-9999 -9999 -9999 -9999 -9999 -9999 -9999 -9999 266.9830322265625 210.34231567382812 193.31027221679687 204.72459411621094 215.42430114746094 214.13713073730469 213.775390625 210.58226013183594 199.12298583984375 191.79034423828125 198.46551513671875 206.84307861328125 207.58831787109375 208.4564208984375 212.92073059082031 215.2841796875 215.54438781738281 219.63710021972656 225.39784240722656 224.95733642578125 223.22064208984375 224.132568359375 223.53408813476562 216.99632263183594 215.95156860351562 219.3331298828125 217.99066162109375 212.71720886230469 208.12258911132812 213.93417358398438 238.14047241210937 262.82388305664062 250.97311401367187 219.52223205566406 205.54124450683594 200.8948974609375 204.84864807128906 215.23818969726562 224.92460632324219 231.38046264648437 230.3004150390625 218.5909423828125 211.42399597167969 216.72630310058594 225.94407653808594
-9999 -9999 -9999 -9999 -9999 -9999 -9999 267.23245239257812 226.17793273925781 195.48908996582031 203.41648864746094 216.1524658203125 214.45237731933594 208.14884948730469 207.91392517089844 202.34744262695312 198.80705261230469 203.48106384277344 213.03744506835937 217.54057312011719 219.58053588867187 220.04400634765625 216.56851196289062 205.95925903320312 201.34588623046875 219.89360046386719 228.06088256835937 223.86119079589844 222.00202941894531 223.57916259765625 222.60031127929687 218.87968444824219 218.3416748046875 220.19345092773437 219.35389709472656 212.963623046875 209.76611328125 217.11260986328125 237.17259216308594 269.313232421875 251.78965759277344 209.91813659667969 198.16069030761719 198.11715698242187 206.1234130859375 219.07487487792969 228.019775390625 230.00051879882812 218.5701904296875 207.89524841308594 210.85118103027344 214.9718017578125 212.56239318847656
-9999 -9999 -9999 -9999 -9999 -9999 296.7628173828125 242.09336853027344 213.74031066894531 218.19464111328125 222.95356750488281 218.88485717773437 211.09429931640625 209.91023254394531 212.09257507324219 209.24945068359375 207.875732421875 208.84420776367187 213.86061096191406 217.21310424804687 212.46658325195312 204.76931762695312 197.99992370605469 195.46359252929687 202.94288635253906 228.66940307617187 233.15504455566406 224.21434020996094 220.67167663574219 222.28050231933594 221.61611938476562 216.44805908203125 213.88076782226562 217.79708862304687 221.76319885253906 217.51426696777344 215.48681640625 219.16891479492187 237.04391479492187 275.29641723632812 247.37358093261719 202.86190795898437 192.73681640625 197.92465209960937 210.66677856445312 223.10392761230469 228.89085388183594 217.93820190429687 201.12237548828125 199.57270812988281 215.81576538085937 220.86772155761719 219.83900451660156
-9999 -9999 -9999 -9999 -9999 -9999 297.64349365234375 228.72262573242187 218.93699645996094 209.47171020507812 203.92054748535156 202.39767456054687 201.82405090332031 202.83644104003906 205.35871887207031 208.04409790039062 207.26445007324219 206.98475646972656 211.69111633300781 211.57135009765625 200.62252807617187 194.89167785644531 196.85075378417969 203.48196411132812 210.73677062988281 223.41778564453125 234.55923461914062 224.58027648925781 217.15034484863281 218.29425048828125 220.31245422363281 212.95909118652344 209.37709045410156 216.70661926269531 226.326171875 227.44624328613281 223.37811279296875 221.56387329101562 238.66923522949219 277.78762817382812 233.44209289550781 195.4456787109375 191.76809692382812 203.86164855957031 216.03182983398438 222.58969116210937 222.70201110839844 204.81065368652344 197.39276123046875 204.79513549804687 222.06089782714844 221.10955810546875 217.33721923828125
-9999 -9999 -9999 -9999 -9999 -9999 300.612060546875 215.76417541503906 187.33926391601562 168.9178466796875 168.68879699707031 186.826416015625 196.51742553710937 198.1170654296875 197.30242919921875 195.06492614746094 195.5455322265625 201.48863220214844 210.47369384765625 214.62165832519531 211.56428527832031 213.59538269042969 215.80082702636719 216.00396728515625 215.97784423828125 221.48472595214844 229.47320556640625 218.53233337402344 208.78646850585937 216.81733703613281 225.14939880371094 215.2506103515625 210.19111633300781 216.87484741210937 230.91728210449219 234.88133239746094 230.48118591308594 228.48745727539062 244.18174743652344 268.14080810546875 223.40383911132812 200.15528869628906 207.97172546386719 216.08384704589844 220.45036315917969 220.63191223144531 209.24464416503906 196.95460510253906 198.64903259277344 205.37338256835937 216.42507934570312 213.784912109375 209.120849609375
-9999 -9999 -9999 -9999 -9999 -9999 301.76223754882812 202.91142272949219 191.37306213378906 195.74864196777344 210.14820861816406 206.29319763183594 199.83241271972656 200.70295715332031 200.97254943847656 197.01084899902344 189.50410461425781 186.46829223632812 196.94656372070312 210.47761535644531 215.54029846191406 221.12733459472656 223.33757019042969 223.99249267578125 224.22811889648437 226.90184020996094 229.97573852539062 223.63633728027344 218.602783203125 237.87196350097656 242.06678771972656 224.22415161132812 218.21568298339844 223.4588623046875 231.52041625976562 238.69619750976562 239.75259399414062 234.90435791015625 245.03662109375 251.16287231445312 216.90049743652344 207.68226623535156 220.55464172363281 224.849609375 223.70173645019531 215.9661865234375 201.25975036621094 193.78570556640625 194.94915771484375 199.67155456542969 209.38980102539062 209.49449157714844 206.22164916992187
-9999 -9999 -9999 -9999 -9999 321.69107055664062 288.40451049804687 209.78933715820313 210.39454650878906 223.44026184082031 230.15802001953125 219.93453979492187 211.609375 205.87005615234375 204.23187255859375 206.83512878417969 200.96246337890625 191.55091857910156 177.29618835449219 174.29591369628906 198.066650390625 214.61268615722656 222.04425048828125 225.9512939453125 226.44290161132812 228.22198486328125 231.58782958984375 236.22921752929687 246.75016784667969 258.24771118164062 252.25323486328125 230.37893676757813 224.729736328125 223.04896545410156 219.70985412597656 236.03837585449219 249.34701538085937 239.24490356445312 236.992431640625 224.53968811035156 207.72126770019531 212.88069152832031 228.84281921386719 233.96900939941406 223.03279113769531 204.86387634277344 194.0621337890625 193.17208862304688 193.56764221191406 197.61314392089844 206.91604614257812 209.41007995605469 208.16171264648437
-9999 -9999 -9999 -9999 -9999 333.3408203125 287.71090698242187 214.09112548828125 217.08015441894531 221.611083984375 217.15843200683594 211.12692260742187 210.00306701660156 206.47038269042969 203.65248107910156 203.75006103515625 203.29716491699219 201.95257568359375 195.49308776855469 176.02767944335937 161.36054992675781 182.378173828125 202.44593811035156 214.42997741699219 219.47846984863281 224.9627685546875 232.28196716308594 241.91766357421875 252.67213439941406 256.0018310546875 245.21278381347656 226.33012390136719 220.34950256347656 214.43484497070312 212.74850463867187 232.65496826171875 260.8853759765625 250.19186401367187 230.74418640136719 215.06158447265625 212.07916259765625 220.12882995605469 229.76667785644531 226.58427429199219 207.13563537597656 192.83670043945312 191.08790588378906 194.3055419921875 197.02871704101562 201.57000732421875 207.01669311523437 211.93550109863281 213.43626403808594
-9999 -9999 -9999 -9999 -9999 329.27877807617187 292.15325927734375 212.82374572753906 208.90608215332031 202.92642211914062 197.93840026855469 204.14175415039062 211.26521301269531 206.48150634765625 202.01712036132812 203.48457336425781 205.67567443847656 206.76828002929687 209.97882080078125 208.08123779296875 194.73854064941406 185.67373657226562 187.84580993652344 181.763916015625 190.4676513671875 208.53178405761719 221.64529418945312 231.33331298828125 238.06040954589844 237.13493347167969 227.06559753417969 219.03953552246094 217.41197204589844 216.96240234375 219.32325744628906 233.61375427246094 260.95721435546875 262.0924072265625 237.79922485351562 222.02201843261719 219.28414916992187 220.26019287109375 217.3529052734375 206.869140625 194.66217041015625 192.7315673828125 199.4783935546875 203.42132568359375 204.82783508300781 205.61625671386719 208.01206970214844 211.78242492675781 214.08004760742187
-9999 -9999 -9999 -9999 -9999 316.43453979492187 284.934814453125 210.29664611816406 203.71641540527344 203.2518310546875 204.86941528320312 210.97987365722656 213.11331176757812 204.16244506835937 202.81047058105469 211.23326110839844 214.59844970703125 212.62965393066406 215.37161254882812 216.90541076660156 220.64857482910156 233.40602111816406 217.21690368652344 199.94184875488281 183.86192321777344 168.80645751953125 166.278076171875 178.21095275878906 196.96565246582031 208.19758605957031 210.49647521972656 209.83534240722656 213.59565734863281 219.94012451171875 222.95948791503906 231.46040344238281 253.00523376464844 266.33779907226562 245.82603454589844 220.57833862304687 207.65351867675781 201.17620849609375 200.539794921875 202.30958557128906 200.62338256835937 201.38705444335937 204.21223449707031 207.50436401367188 207.88200378417969 205.74095153808594 207.23739624023437 208.12841796875 213.04835510253906
-9999 -9999 -9999 -9999 -9999 310.36004638671875 269.22161865234375 210.3741455078125 204.36390686035156 202.41651916503906 199.53788757324219 200.59422302246094 202.98095703125 203.88291931152344 211.67257690429687 223.32743835449219 221.59294128417969 217.41976928710937 221.03794860839844 221.27749633789063 223.84852600097656 237.46174621582031 237.11827087402344 222.27619934082031 214.54415893554687 197.23225402832031 171.77639770507812 141.98573303222656 145.19236755371094 181.46780395507812 178.93840026855469 179.35711669921875 192.9124755859375 207.94390869140625 215.388916015625 220.18655395507812 242.21418762207031 268.00082397460938 237.4837646484375 200.42864990234375 186.56875610351562 186.32827758789062 199.67892456054687 209.6573486328125 211.23373413085937 208.09909057617187 206.02301025390625 207.75192260742187 208.295166015625 211.42863464355469 211.91490173339844 211.74137878417969 221.7933349609375
-9999 -9999 -9999 -9999 -9999 311.7840576171875 250.55094909667969 202.25993347167969 197.00990295410156 192.72581481933594 191.21620178222656 200.33123779296875 205.48013305664062 205.41473388671875 214.033935546875 224.68357849121094 222.64447021484375 221.17240905761719 227.03953552246094 224.69093322753906 223.53514099121094 232.66184997558594 239.26399230957031 230.62571716308594 226.71078491210937 225.1671142578125 218.63426208496094 222.44328308105469 259.37100219726562 231.37504577636719 214.42916870117187 217.33349609375 222.64317321777344 217.24571228027344 209.24624633789062 210.51283264160156 243.45281982421875 273.91061401367187 227.47744750976562 197.53224182128906 192.81584167480469 203.27041625976563 219.87516784667969 219.26083374023437 215.59425354003906 209.36349487304687 209.92788696289062 215.52883911132812 216.83798217773437 218.02395629882813 216.2073974609375 218.60249328613281 229.12767028808594
