tests/test_sample_run/panola/results.meteodistr/output_maps/psiliqL0001N0001.asc
ncols         33
nrows         75
xllcorner     -4.500000
yllcorner     -24.500000
cellsize      1.000000
NODATA_value  -9999.0
[rows 0 to 44 of 75, columns 0 to 32 of 33]
-9999.0 -9999.0 -9999.0 -9999.0 -9999.0 -9999.0 -9999.0 -9999.0 -9999.0 -9999.0 -9999.0 -9999.0 -9999.0 -9999.0 -9999.0 -9999.0 -9999.0 -9999.0 -9999.0 -9999.0 -9999.0 -9999.0 -9999.0 -9999.0 -9999.0 -9999.0 -9999.0 -9999.0 -9999.0 -9999.0 -9999.0 -9999.0 -9999.0
-9999.0 -9999.0 -9999.0 -9999.0 -9999.0 -9999.0 -9999.0 -9999.0 -9999.0 -9999.0 -9999.0 -9999.0 -9999.0 -9999.0 -9999.0 -9999.0 -9999.0 -9999.0 -9999.0 -9999.0 -9999.0 -9999.0 -9999.0 -9999.0 -9999.0 -9999.0 -9999.0 -9999.0 -9999.0 -9999.0 -9999.0 -9999.0 -9999.0
-9999.0 -9999.0 -51.036869 -61.863083 -73.889750 -88.133726 -97.342445 -99.330421 -100.000616 -100.143702 -100.162602 -100.164664 -100.164844 -100.164793 -100.164795 -100.164863 -100.164882 -100.164886 -100.164886 -100.164886 -100.164886 -100.164886 -100.164886 -100.164886 -100.164886 -100.164886 -100.164886 -100.164886 -100.164886 -100.164886 -100.164886 -9999.0 -9999.0
-9999.0 -9999.0 93.462919 77.110322 56.406682 17.888638 -59.817161 -88.194585 -98.098871 -99.651095 -99.816539 -99.831088 -99.831998 -99.830918 -99.830925 -99.832093 -99.832347 -99.832386 -99.832390 -99.832391 -99.832391 -99.832391 -99.832391 -99.832391 -99.832391 -99.832391 -99.832391 -99.832391 -99.832391 -99.832391 -99.832391 -9999.0 -9999.0
-9999.0 -9999.0 107.333879 111.063597 109.559133 105.214243 81.750590 22.997820 -73.595366 -95.118624 -96.622213 -96.709452 -96.711369 -96.685564 -96.685590 -96.711737 -96.715278 -96.715705 -96.715748 -96.715752 -96.715752 -96.715753 -96.715753 -96.715753 -96.715753 -96.715753 -96.715753 -96.715753 -96.715752 -96.715752 -96.715752 -9999.0 -9999.0
-9999.0 -9999.0 111.228594 111.108274 111.011508 110.651170 106.283110 91.561802 -36.669302 -90.468312 -94.256756 -94.456502 -94.415129 -94.313528 -94.313656 -94.415832 -94.467600 -94.472374 -94.472741 -94.472767 -94.472769 -94.472769 -94.472769 -94.472769 -94.472769 -94.472769 -94.472769 -94.472769 -94.472769 -94.472769 -94.472769 -9999.0 -9999.0
-9999.0 -9999.0 118.636429 111.701834 111.189917 111.087600 109.691991 97.724315 -20.489408 -88.927832 -93.885545 -94.134152 -93.938412 -91.660563 -91.663359 -93.939719 -94.106828 -94.159071 -94.161656 -94.161787 -94.161793 -94.161794 -94.161794 -94.161794 -94.161794 -94.161794 -94.161794 -94.161794 -94.161793 -94.161793 -94.161793 -9999.0 -9999.0
-9999.0 -9999.0 -800.000000 118.581676 111.447936 111.092492 109.053613 87.672928 -44.802747 -90.825241 -93.940345 -94.110240 -94.027313 -93.570116 -93.585009 -94.077673 -94.118086 -94.127206 -94.127816 -94.127855 -94.127849 -94.127850 -94.127858 -94.127859 -94.127859 -94.127859 -94.127859 -94.127859 -94.127859 -94.127858 -94.127858 -9999.0 -9999.0
-9999.0 -9999.0 -800.000000 -800.000000 111.449878 111.128018 109.461173 91.770059 -47.826803 -91.177285 -93.951272 -94.108609 -94.058184 -94.007786 -94.060048 -94.117228 -94.123001 -94.124025 -94.124117 -94.124115 -94.123918 -94.123917 -94.124116 -94.124125 -94.124125 -94.124125 -94.124125 -94.124125 -94.124125 -94.124125 -94.124124 -9999.0 -9999.0
-9999.0 -9999.0 -800.000000 -800.000000 118.579208 111.641720 110.511974 96.215843 -29.615233 -89.409632 -93.760539 -94.085289 -94.060178 -94.058960 -94.113234 -94.122587 -94.123563 -94.123690 -94.123701 -94.123693 -94.123478 -94.123473 -94.123687 -94.123702 -94.123704 -94.123704 -94.123704 -94.123704 -94.123704 -94.123703 -94.123703 -9999.0 -9999.0
-9999.0 -9999.0 -800.000000 -800.000000 -800.000000 118.827195 117.824656 110.643730 58.843454 -70.598516 -91.639495 -93.831747 -94.033130 -94.060476 -94.074964 -94.121014 -94.123515 -94.123646 -94.123653 -94.123642 -94.123412 -94.123316 -94.123524 -94.123635 -94.123653 -94.123655 -94.123654 -94.123654 -94.123654 -94.123654 -94.123654 -9999.0 -9999.0
-9999.0 -9999.0 -800.000000 -800.000000 -800.000000 -800.000000 119.315602 124.529488 109.011217 44.346501 -62.592544 -90.938573 -93.773428 -94.077450 -94.112325 -94.122766 -94.123581 -94.123644 -94.123647 -94.123619 -94.123192 -94.121214 -94.121237 -94.123401 -94.123628 -94.123646 -94.123640 -94.123639 -94.123639 -94.123639 -94.123647 -9999.0 -9999.0
-9999.0 -9999.0 -800.000000 -800.000000 -800.000000 -800.000000 -800.000000 -800.000000 118.338693 109.742357 79.414886 -61.075365 -90.575869 -93.763053 -94.089262 -94.120669 -94.123403 -94.123628 -94.123637 -94.123498 -94.120877 -94.073744 -94.073746 -94.120893 -94.123492 -94.123629 -94.123447 -94.123432 -94.123430 -94.123433 -94.123623 -9999.0 -9999.0
-9999.0 -9999.0 -800.000000 -800.000000 -800.000000 -800.000000 -800.000000 -800.000000 -800.000000 118.529028 113.921354 64.894962 -54.425846 -90.372479 -93.849734 -94.103244 -94.122139 -94.123535 -94.123607 -94.123348 -94.120211 -94.065242 -94.065242 -94.120205 -94.123156 -94.123597 -94.123615 -94.123413 -94.123388 -94.123297 -94.123298 -9999.0 -9999.0
-9999.0 -9999.0 -800.000000 -800.000000 -800.000000 -800.000000 -800.000000 -800.000000 -800.000000 -800.000000 -800.000000 105.412954 54.505329 -70.462910 -92.376594 -94.012466 -94.116264 -94.123117 -94.123267 -94.121044 -94.118027 -94.064164 -94.064163 -94.118025 -94.121021 -94.123096 -94.123557 -94.123272 -94.123028 -94.121132 -94.120951 -9999.0 -9999.0
-9999.0 -9999.0 -800.000000 -800.000000 -800.000000 -800.000000 -800.000000 -800.000000 -800.000000 -800.000000 -800.000000 110.361102 97.722312 -7.299733 -86.894356 -93.716347 -94.098817 -94.121741 -94.118917 -94.073336 -94.070194 -94.061273 -94.061267 -94.070189 -94.073308 -94.118824 -94.122684 -94.120824 -94.117948 -94.072626 -94.070588 -9999.0 -9999.0
-9999.0 -9999.0 -800.000000 -800.000000 -800.000000 -800.000000 -800.000000 -800.000000 -800.000000 -800.000000 -800.000000 111.414105 112.109857 52.744961 -82.692411 -93.428832 -94.079337 -94.118257 -94.075403 -94.062638 -94.061519 -94.060731 -94.060616 -94.061450 -94.062201 -94.072468 -94.115287 -94.069861 -94.057652 -94.049312 -94.057526 -9999.0 -9999.0
-9999.0 -9999.0 -800.000000 -800.000000 -800.000000 -800.000000 -800.000000 -800.000000 -800.000000 -800.000000 104.341270 118.327458 117.671727 88.352377 -76.522071 -93.000066 -94.055011 -94.118660 -94.113548 -94.066356 -94.061399 -94.063217 -94.060782 -94.060568 -94.060419 -94.059574 -94.053820 -94.010921 -93.825746 -93.821787 -93.998814 -9999.0 -9999.0
-9999.0 -9999.0 -800.000000 -800.000000 -800.000000 -800.000000 -800.000000 -800.000000 -800.000000 -800.000000 118.515333 -800.000000 -800.000000 90.887888 -75.761836 -92.905353 -94.045711 -94.118451 -94.122064 -94.113144 -94.069031 -94.110009 -94.063417 -94.060464 -94.057881 -94.030021 -93.801764 -93.259701 -88.771417 -88.703528 -93.085658 -9999.0 -9999.0
-9999.0 -9999.0 -800.000000 -800.000000 -800.000000 -800.000000 -800.000000 -800.000000 -800.000000 -800.000000 -800.000000 -800.000000 102.841811 91.145481 -67.467598 -92.296575 -94.016664 -94.116959 -94.123082 -94.122457 -94.115924 -94.119118 -94.064145 -94.059672 -94.040572 -93.698157 -88.824134 -82.852953 -74.066868 -73.106125 -78.908817 -9999.0 -9999.0
-9999.0 -9999.0 -800.000000 -800.000000 -800.000000 -800.000000 -800.000000 -800.000000 -800.000000 -800.000000 -800.000000 -800.000000 108.655053 66.046558 -65.877762 -92.159256 -94.011617 -94.116758 -94.123114 -94.123492 -94.122861 -94.120387 -94.066895 -94.061330 -94.020418 -93.281861 -82.157931 -69.721755 -61.438103 -59.706325 -62.409494 -9999.0 -9999.0
-9999.0 -9999.0 -800.000000 -800.000000 -800.000000 -800.000000 -800.000000 -800.000000 -800.000000 -800.000000 -800.000000 -800.000000 104.911987 31.510631 -78.515989 -93.023041 -94.053744 -94.118917 -94.121482 -94.123414 -94.123531 -94.122837 -94.115133 -94.109546 -94.014633 -93.061575 -78.653376 -63.773898 -56.447412 -54.354468 -54.781779 -9999.0 -9999.0
-9999.0 -9999.0 -800.000000 -800.000000 -800.000000 -800.000000 -800.000000 -800.000000 -800.000000 -800.000000 -800.000000 -800.000000 54.010058 -43.185154 -86.726752 -93.575893 -94.086399 -94.118966 -94.078826 -94.121263 -94.123313 -94.123316 -94.122417 -94.118246 -94.058095 -93.111736 -79.346333 -65.805036 -59.948854 -58.184150 -57.957180 -9999.0 -9999.0
-9999.0 -9999.0 -800.000000 -800.000000 -800.000000 -800.000000 -800.000000 -800.000000 -800.000000 -800.000000 92.161181 -25.047051 -64.234393 -77.206724 -90.297310 -93.830396 -94.103365 -94.121800 -94.116683 -94.122962 -94.123377 -94.123311 -94.122018 -94.106786 -93.960254 -93.471677 -85.583222 -77.194562 -74.191947 -73.339969 -73.166314 -9999.0 -9999.0
-9999.0 -9999.0 -800.000000 -800.000000 -800.000000 -800.000000 98.954983 93.799325 77.247582 44.101128 -8.666058 -62.345324 -79.417904 -82.715842 -91.254208 -93.913820 -94.109605 -94.122651 -94.123002 -94.123369 -94.123395 -94.123106 -94.114305 -93.947236 -92.287008 -93.826957 -92.834463 -92.001838 -91.702737 -91.622569 -91.606830 -9999.0 -9999.0
-9999.0 -9999.0 -800.000000 -800.000000 106.885890 99.560047 104.558648 64.093099 14.916449 -19.271215 -47.828243 -74.958239 -81.540894 -83.445055 -91.724923 -93.954846 -94.112596 -94.122918 -94.123560 -94.123619 -94.123594 -94.123133 -94.116336 -94.032832 -93.680595 -94.014956 -93.939701 -93.872627 -93.837514 -93.844078 -93.850387 -9999.0 -9999.0
-9999.0 -9999.0 -800.000000 107.380346 98.832494 97.003201 86.953115 -31.069841 -60.118344 -67.685337 -71.710898 -78.337639 -80.968902 -83.496426 -92.193906 -93.992216 -94.115119 -94.123094 -94.123609 -94.123637 -94.123528 -94.121279 -94.075374 -94.059835 -94.018145 -94.050510 -94.009174 -93.764973 -93.440937 -93.689724 -93.826635 -9999.0 -9999.0
-9999.0 -9999.0 107.633929 105.870986 93.243284 38.645725 -51.980008 -68.715809 -73.937624 -75.690053 -76.787003 -78.444811 -80.154671 -83.609346 -92.747373 -94.032604 -94.117728 -94.123263 -94.123622 -94.123644 -94.123614 -94.123146 -94.116114 -94.114107 -94.105647 -94.023224 -93.496129 -88.036908 -79.109127 -86.201053 -89.549000 -9999.0 -9999.0
-9999.0 -9999.0 101.951652 100.093210 85.512966 9.145362 -65.923115 -73.800724 -75.417134 -76.230388 -76.991532 -78.011507 -79.805091 -85.451184 -93.314936 -94.069366 -94.120032 -94.123408 -94.123632 -94.123646 -94.123642 -94.123581 -94.122940 -94.121804 -94.107157 -93.828665 -90.472421 -82.928527 -65.689503 -84.472921 -92.520868 -9999.0 -9999.0
-9999.0 -9999.0 113.363671 110.010793 97.554518 43.283208 -59.145039 -73.158132 -75.104009 -75.879364 -76.601485 -77.594666 -79.757579 -88.094341 -93.631762 -94.090303 -94.121398 -94.123497 -94.123638 -94.123647 -94.123647 -94.123639 -94.123558 -94.122950 -94.114582 -94.007704 -93.365293 -92.187927 -90.270280 -92.440034 -93.816311 -9999.0 -9999.0
-9999.0 -9999.0 114.065450 112.519841 106.999521 87.949095 2.651948 -64.979933 -73.707995 -75.408355 -76.193698 -77.277870 -79.910100 -89.967986 -93.809957 -94.102459 -94.122219 -94.123552 -94.123642 -94.123647 -94.123647 -94.123640 -94.123524 -94.121258 -94.075224 -94.059297 -94.036956 -93.927863 -93.726033 -93.946844 -94.036315 -9999.0 -9999.0
-9999.0 -9999.0 105.656274 108.407181 108.220160 97.826718 43.838437 -59.729746 -73.377912 -75.032143 -75.856599 -77.178137 -80.867279 -91.621026 -93.946298 -94.111605 -94.122830 -94.123592 -94.123641 -94.123639 -94.123628 -94.123621 -94.123595 -94.123136 -94.116127 -94.114580 -94.115430 -94.106069 -94.083875 -94.102578 -94.061206 -9999.0 -9999.0
-9999.0 -9999.0 107.955996 107.349155 103.168914 88.664421 21.775790 -65.207429 -73.550839 -74.740225 -75.641751 -77.553136 -84.386596 -93.031539 -94.046145 -94.118214 -94.123264 -94.123605 -94.123592 -94.123498 -94.123297 -94.123212 -94.123299 -94.123420 -94.122953 -94.122844 -94.122613 -94.119396 -94.070147 -94.068862 -94.060974 -9999.0 -9999.0
-9999.0 -9999.0 114.742863 108.743295 93.143249 35.305897 -48.319705 -71.036578 -73.694941 -74.520492 -75.648760 -78.762865 -89.331184 -93.739432 -94.095343 -94.121388 -94.123420 -94.123398 -94.122789 -94.121255 -94.117572 -94.115990 -94.117608 -94.120811 -94.122899 -94.123446 -94.123187 -94.120178 -94.064758 -94.061485 -94.060577 -9999.0 -9999.0
-9999.0 -9999.0 115.794079 109.167526 82.831098 -28.132426 -67.566641 -72.576650 -73.604036 -74.407847 -76.139162 -82.360341 -92.446436 -93.996433 -94.113948 -94.122530 -94.122428 -94.120122 -94.110318 -94.086032 -94.018530 -93.988907 -94.017138 -94.074737 -94.112832 -94.121872 -94.123208 -94.120216 -94.064328 -94.060781 -94.060520 -9999.0 -9999.0
-9999.0 -9999.0 119.629019 111.750671 85.527103 -21.508231 -66.872253 -72.212513 -73.406990 -74.630757 -78.017768 -88.373503 -93.636385 -94.085853 -94.120192 -94.120768 -94.109273 -94.072513 -93.917143 -93.539973 -92.265564 -91.699693 -92.198475 -93.255524 -93.960488 -94.099994 -94.120621 -94.120102 -94.066669 -94.061086 -94.060561 -9999.0 -9999.0
-9999.0 -9999.0 122.234300 117.565656 104.215928 58.477059 -36.882403 -68.669559 -73.113252 -75.607664 -83.022208 -92.590049 -93.998184 -94.112883 -94.118539 -94.089139 -93.909475 -93.386898 -90.862201 -84.587927 -50.725922 -34.245941 -47.415498 -74.218989 -91.600088 -93.816669 -94.094946 -94.118199 -94.110679 -94.065968 -94.061088 -9999.0 -9999.0
-9999.0 -9999.0 118.957201 118.534123 114.376940 99.529139 43.458884 -53.794783 -72.337972 -78.439072 -89.636158 -93.739168 -94.089060 -94.114253 -94.081759 -93.696082 -90.819850 -82.571407 -23.243951 58.697172 97.749628 95.349257 88.441326 27.109975 -59.410886 -91.141305 -93.861873 -94.056050 -94.071382 -94.110439 -94.066452 -9999.0 -9999.0
-9999.0 -9999.0 120.393342 123.738789 125.014196 119.511761 97.171938 13.504033 -68.696593 -84.418360 -93.067304 -93.982394 -94.048572 -94.031222 -93.774110 -88.710744 -19.644797 54.403164 94.844169 104.872553 109.607714 108.342728 102.445298 95.045807 48.091066 -70.915378 -92.618594 -93.983820 -94.062793 -94.119080 -94.115215 -9999.0 -9999.0
-9999.0 -9999.0 124.835833 125.821786 126.566059 130.013460 122.714229 77.981430 -64.994345 -89.744554 -93.696320 -93.981100 -93.802641 -93.607294 -92.317582 -73.884709 8.969969 86.078784 106.129817 109.235353 104.985272 110.735260 114.395950 107.049203 86.348750 -38.119585 -90.382902 -93.892244 -94.099992 -94.121581 -94.122590 -9999.0 -9999.0
-9999.0 -9999.0 120.214373 125.573041 126.301224 126.193575 124.698775 106.182964 -27.271946 -85.710658 -92.862959 -93.195369 -88.486169 -84.920859 -79.233111 -61.322621 -6.434184 64.183940 94.288330 103.413913 109.446983 111.120032 112.314662 115.358687 106.748666 43.474370 -82.076475 -93.293103 -94.050161 -94.116760 -94.122608 -9999.0 -9999.0
-9999.0 -9999.0 125.356065 119.530083 125.965569 -800.000000 -800.000000 121.660441 94.903192 8.127724 -77.274393 -83.217600 -76.796768 -73.153324 -70.282834 -66.146522 -64.377487 -54.333561 43.666699 101.117092 110.185010 111.596404 117.183520 112.376442 115.475802 94.170733 -28.887459 -88.605527 -93.552059 -94.068204 -94.116396 -9999.0 -9999.0
-9999.0 -9999.0 119.088566 125.821158 -800.000000 -800.000000 -800.000000 -800.000000 109.915205 94.963710 16.787578 -63.406205 -75.841513 -77.140180 -77.770548 -81.471333 -89.969621 -88.499493 -41.036788 92.133700 109.485258 110.985341 111.037724 110.275260 108.423651 98.474072 39.662511 -63.824055 -86.698477 -93.580912 -94.041318 -9999.0 -9999.0
-9999.0 -9999.0 118.593710 -800.000000 -800.000000 -800.000000 -800.000000 -800.000000 110.919515 104.171846 48.892316 -74.937194 -90.870319 -91.941757 -92.083771 -92.517809 -93.521387 -92.147372 -69.034391 85.855040 108.782545 110.034947 102.801588 99.479014 54.512079 36.279113 -22.174675 -66.490569 -81.690032 -93.029688 -93.987713 -9999.0 -9999.0
-9999.0 -9999.0 118.320096 111.305386 -800.000000 -800.000000 -800.000000 -800.000000 110.763299 105.251589 52.795410 -79.682335 -93.163352 -93.900044 -93.925225 -93.711903 -92.587409 -90.937089 -70.434865 85.199552 107.588434 107.524543 90.784816 18.474108 -54.101026 -68.638425 -83.010997 -88.922277 -82.893868 -88.941466 -93.670185 -9999.0 -9999.0
