tests/3D/superslab/out/maps3D/PwL0080N0003.asc
ncols         104
nrows         10
xllcorner     -2.000000
yllcorner     0.000000
cellsize      1.000000
NODATA_value  -9999.0
-9999.0 -9999.0 -9999.0 -9999.0 -9999.0 -9999.0 -9999.0 -9999.0 -9999.0 -9999.0 -9999.0 -9999.0 -9999.0 -9999.0 -9999.0 -9999.0 -9999.0 -9999.0 -9999.0 -9999.0 -9999.0 -9999.0 -9999.0 -9999.0 -9999.0 -9999.0 -9999.0 -9999.0 -9999.0 -9999.0 -9999.0 -9999.0 -9999.0 -9999.0 -9999.0 -9999.0 -9999.0 -9999.0 -9999.0 -9999.0 -9999.0 -9999.0 -9999.0 -9999.0 -9999.0 -9999.0 -9999.0 -9999.0 -9999.0 -9999.0 -9999.0 -9999.0 -9999.0 -9999.0 -9999.0 -9999.0 -9999.0 -9999.0 -9999.0 -9999.0 -9999.0 -9999.0 -9999.0 -9999.0 -9999.0 -9999.0 -9999.0 -9999.0 -9999.0 -9999.0 -9999.0 -9999.0 -9999.0 -9999.0 -9999.0 -9999.0 -9999.0 -9999.0 -9999.0 -9999.0 -9999.0 -9999.0 -9999.0 -9999.0 -9999.0 -9999.0 -9999.0 -9999.0 -9999.0 -9999.0 -9999.0 -9999.0 -9999.0 -9999.0 -9999.0 -9999.0 -9999.0 -9999.0 -9999.0 -9999.0 -9999.0 -9999.0 -9999.0 -9999.0
-9999.0 -9999.0 -9999.0 -9999.0 -9999.0 -9999.0 -9999.0 -9999.0 -9999.0 -9999.0 -9999.0 -9999.0 -9999.0 -9999.0 -9999.0 -9999.0 -9999.0 -9999.0 -9999.0 -9999.0 -9999.0 -9999.0 -9999.0 -9999.0 -9999.0 -9999.0 -9999.0 -9999.0 -9999.0 -9999.0 -9999.0 -9999.0 -9999.0 -9999.0 -9999.0 -9999.0 -9999.0 -9999.0 -9999.0 -9999.0 -9999.0 -9999.0 -9999.0 -9999.0 -9999.0 -9999.0 -9999.0 -9999.0 -9999.0 -9999.0 -9999.0 -9999.0 -9999.0 -9999.0 -9999.0 -9999.0 -9999.0 -9999.0 -9999.0 -9999.0 -9999.0 -9999.0 -9999.0 -9999.0 -9999.0 -9999.0 -9999.0 -9999.0 -9999.0 -9999.0 -9999.0 -9999.0 -9999.0 -9999.0 -9999.0 -9999.0 -9999.0 -9999.0 -9999.0 -9999.0 -9999.0 -9999.0 -9999.0 -9999.0 -9999.0 -9999.0 -9999.0 -9999.0 -9999.0 -9999.0 -9999.0 -9999.0 -9999.0 -9999.0 -9999.0 -9999.0 -9999.0 -9999.0 -9999.0 -9999.0 -9999.0 -9999.0 -9999.0 -9999.0
-9999.0 -9999.0 -638.194471 -764.772423 -876.233415 -950.665188 -988.813879 -1005.166099 -1011.318918 -1013.562749 -1014.381053 -1014.679816 -1014.788892 -1014.828686 -1014.843190 -1014.848471 -1014.850391 -1014.851088 -1014.851341 -1014.851432 -1014.851465 -1014.851476 -1014.851479 -1014.851478 -1014.851476 -1014.851472 -1014.851467 -1014.851460 -1014.851449 -1014.851436 -1014.851419 -1014.851396 -1014.851368 -1014.851333 -1014.851291 -1014.851241 -1014.851181 -1014.851112 -1014.851033 -1014.850939 -1014.850780 -1014.850276 -1014.847923 -1014.837860 -1014.803294 -1014.707193 -1014.486190 -1014.053160 -1013.304415 -1012.864344 -1013.940086 -1018.368965 -1014.945621 -1014.854393 -1014.851819 -1014.851629 -1014.851601 -1014.851636 -1014.851725 -1014.851881 -1014.852140 -1014.852558 -1014.853221 -1014.854258 -1014.855853 -1014.858275 -1014.861894 -1014.867226 -1014.874961 -1014.886018 -1014.901588 -1014.923192 -1014.952735 -1014.992560 -1015.045499 -1015.114920 -1015.204764 -1015.319572 -1015.464514 -1015.645396 -1015.868676 -1016.141474 -1016.471592 -1016.867542 -1017.338601 -1017.894898 -1018.547548 -1019.308847 -1020.192562 -1021.214337 -1022.392280 -1023.747804 -1025.306857 -1027.101755 -1029.174027 -1031.578997 -1034.393597 -1037.730738 -1041.768835 -1046.829374 -1053.771644 -1068.327975 -9999.0 -9999.0
-9999.0 -9999.0 -638.194471 -764.772423 -876.233415 -950.665188 -988.813879 -1005.166099 -1011.318918 -1013.562749 -1014.381053 -1014.679816 -1014.788892 -1014.828686 -1014.843190 -1014.848471 -1014.850391 -1014.851088 -1014.851341 -1014.851432 -1014.851465 -1014.851476 -1014.851479 -1014.851478 -1014.851476 -1014.851472 -1014.851467 -1014.851460 -1014.851449 -1014.851436 -1014.851419 -1014.851396 -1014.851368 -1014.851333 -1014.851291 -1014.851241 -1014.851181 -1014.851112 -1014.851033 -1014.850939 -1014.850780 -1014.850276 -1014.847923 -1014.837860 -1014.803294 -1014.707193 -1014.486190 -1014.053160 -1013.304415 -1012.864344 -1013.940086 -1018.368965 -1014.945621 -1014.854393 -1014.851819 -1014.851629 -1014.851601 -1014.851636 -1014.851725 -1014.851881 -1014.852140 -1014.852558 -1014.853221 -1014.854258 -1014.855853 -1014.858275 -1014.861894 -1014.867226 -1014.874961 -1014.886018 -1014.901588 -1014.923192 -1014.952735 -1014.992560 -1015.045499 -1015.114920 -1015.204764 -1015.319572 -1015.464514 -1015.645396 -1015.868676 -1016.141474 -1016.471592 -1016.867542 -1017.338601 -1017.894898 -1018.547548 -1019.308847 -1020.192562 -1021.214337 -1022.392280 -1023.747804 -1025.306857 -1027.101755 -1029.174027 -1031.578997 -1034.393597 -1037.730738 -1041.768835 -1046.829374 -1053.771644 -1068.327975 -9999.0 -9999.0
-9999.0 -9999.0 -638.194471 -764.772423 -876.233415 -950.665188 -988.813879 -1005.166099 -1011.318918 -1013.562749 -1014.381053 -1014.679816 -1014.788892 -1014.828686 -1014.843190 -1014.848471 -1014.850391 -1014.851088 -1014.851341 -1014.851432 -1014.851465 -1014.851476 -1014.851479 -1014.851478 -1014.851476 -1014.851472 -1014.851467 -1014.851460 -1014.851449 -1014.851436 -1014.851419 -1014.851396 -1014.851368 -1014.851333 -1014.851291 -1014.851241 -1014.851181 -1014.851112 -1014.851033 -1014.850939 -1014.850780 -1014.850276 -1014.847923 -1014.837860 -1014.803294 -1014.707193 -1014.486190 -1014.053160 -1013.304415 -1012.864344 -1013.940086 -1018.368965 -1014.945621 -1014.854393 -1014.851819 -1014.851629 -1014.851601 -1014.851636 -1014.851725 -1014.851881 -1014.852140 -1014.852558 -1014.853221 -1014.854258 -1014.855853 -1014.858275 -1014.861894 -1014.867226 -1014.874961 -1014.886018 -1014.901588 -1014.923192 -1014.952735 -1014.992560 -1015.045499 -1015.114920 -1015.204764 -1015.319572 -1015.464514 -1015.645396 -1015.868676 -1016.141474 -1016.471592 -1016.867542 -1017.338601 -1017.894898 -1018.547548 -1019.308847 -1020.192562 -1021.214337 -1022.392280 -1023.747804 -1025.306857 -1027.101755 -1029.174027 -1031.578997 -1034.393597 -1037.730738 -1041.768835 -1046.829374 -1053.771644 -1068.327975 -9999.0 -9999.0
-9999.0 -9999.0 -638.194471 -764.772423 -876.233415 -950.665188 -988.813879 -1005.166099 -1011.318918 -1013.562749 -1014.381053 -1014.679816 -1014.788892 -1014.828686 -1014.843190 -1014.848471 -1014.850391 -1014.851088 -1014.851341 -1014.851432 -1014.851465 -1014.851476 -1014.851479 -1014.851478 -1014.851476 -1014.851472 -1014.851467 -1014.851460 -1014.851449 -1014.851436 -1014.851419 -1014.851396 -1014.851368 -1014.851333 -1014.851291 -1014.851241 -1014.851181 -1014.851112 -1014.851033 -1014.850939 -1014.850780 -1014.850276 -1014.847923 -1014.837860 -1014.803294 -1014.707193 -1014.486190 -1014.053160 -1013.304415 -1012.864344 -1013.940086 -1018.368965 -1014.945621 -1014.854393 -1014.851819 -1014.851629 -1014.851601 -1014.851636 -1014.851725 -1014.851881 -1014.852140 -1014.852558 -1014.853221 -1014.854258 -1014.855853 -1014.858275 -1014.861894 -1014.867226 -1014.874961 -1014.886018 -1014.901588 -1014.923192 -1014.952735 -1014.992560 -1015.045499 -1015.114920 -1015.204764 -1015.319572 -1015.464514 -1015.645396 -1015.868676 -1016.141474 -1016.471592 -1016.867542 -1017.338601 -1017.894898 -1018.547548 -1019.308847 -1020.192562 -1021.214337 -1022.392280 -1023.747804 -1025.306857 -1027.101755 -1029.174027 -1031.578997 -1034.393597 -1037.730738 -1041.768835 -1046.829374 -1053.771644 -1068.327975 -9999.0 -9999.0
-9999.0 -9999.0 -638.194471 -764.772423 -876.233415 -950.665188 -988.813879 -1005.166099 -1011.318918 -1013.562749 -1014.381053 -1014.679816 -1014.788892 -1014.828686 -1014.843190 -1014.848471 -1014.850391 -1014.851088 -1014.851341 -1014.851432 -1014.851465 -1014.851476 -1014.851479 -1014.851478 -1014.851476 -1014.851472 -1014.851467 -1014.851460 -1014.851449 -1014.851436 -1014.851419 -1014.851396 -1014.851368 -1014.851333 -1014.851291 -1014.851241 -1014.851181 -1014.851112 -1014.851033 -1014.850939 -1014.850780 -1014.850276 -1014.847923 -1014.837860 -1014.803294 -1014.707193 -1014.486190 -1014.053160 -1013.304415 -1012.864344 -1013.940086 -1018.368965 -1014.945621 -1014.854393 -1014.851819 -1014.851629 -1014.851601 -1014.851636 -1014.851725 -1014.851881 -1014.852140 -1014.852558 -1014.853221 -1014.854258 -1014.855853 -1014.858275 -1014.861894 -1014.867226 -1014.874961 -1014.886018 -1014.901588 -1014.923192 -1014.952735 -1014.992560 -1015.045499 -1015.114920 -1015.204764 -1015.319572 -1015.464514 -1015.645396 -1015.868676 -1016.141474 -1016.471592 -1016.867542 -1017.338601 -1017.894898 -1018.547548 -1019.308847 -1020.192562 -1021.214337 -1022.392280 -1023.747804 -1025.306857 -1027.101755 -1029.174027 -1031.578997 -1034.393597 -1037.730738 -1041.768835 -1046.829374 -1053.771644 -1068.327975 -9999.0 -9999.0
-9999.0 -9999.0 -638.194471 -764.772423 -876.233415 -950.665188 -988.813879 -1005.166099 -1011.318918 -1013.562749 -1014.381053 -1014.679816 -1014.788892 -1014.828686 -1014.843190 -1014.848471 -1014.850391 -1014.851088 -1014.851341 -1014.851432 -1014.851465 -1014.851476 -1014.851479 -1014.851478 -1014.851476 -1014.851472 -1014.851467 -1014.851460 -1014.851449 -1014.851436 -1014.851419 -1014.851396 -1014.851368 -1014.851333 -1014.851291 -1014.851241 -1014.851181 -1014.851112 -1014.851033 -1014.850939 -1014.850780 -1014.850276 -1014.847923 -1014.837860 -1014.803294 -1014.707193 -1014.486190 -1014.053160 -1013.304415 -1012.864344 -1013.940086 -1018.368965 -1014.945621 -1014.854393 -1014.851819 -1014.851629 -1014.851601 -1014.851636 -1014.851725 -1014.851881 -1014.852140 -1014.852558 -1014.853221 -1014.854258 -1014.855853 -1014.858275 -1014.861894 -1014.867226 -1014.874961 -1014.886018 -1014.901588 -1014.923192 -1014.952735 -1014.992560 -1015.045499 -1015.114920 -1015.204764 -1015.319572 -1015.464514 -1015.645396 -1015.868676 -1016.141474 -1016.471592 -1016.867542 -1017.338601 -1017.894898 -1018.547548 -1019.308847 -1020.192562 -1021.214337 -1022.392280 -1023.747804 -1025.306857 -1027.101755 -1029.174027 -1031.578997 -1034.393597 -1037.730738 -1041.768835 -1046.829374 -1053.771644 -1068.327975 -9999.0 -9999.0
-9999.0 -9999.0 -9999.0 -9999.0 -9999.0 -9999.0 -9999.0 -9999.0 -9999.0 -9999.0 -9999.0 -9999.0 -9999.0 -9999.0 -9999.0 -9999.0 -9999.0 -9999.0 -9999.0 -9999.0 -9999.0 -9999.0 -9999.0 -9999.0 -9999.0 -9999.0 -9999.0 -9999.0 -9999.0 -9999.0 -9999.0 -9999.0 -9999.0 -9999.0 -9999.0 -9999.0 -9999.0 -9999.0 -9999.0 -9999.0 -9999.0 -9999.0 -9999.0 -9999.0 -9999.0 -9999.0 -9999.0 -9999.0 -9999.0 -9999.0 -9999.0 -9999.0 -9999.0 -9999.0 -9999.0 -9999.0 -9999.0 -9999.0 -9999.0 -9999.0 -9999.0 -9999.0 -9999.0 -9999.0 -9999.0 -9999.0 -9999.0 -9999.0 -9999.0 -9999.0 -9999.0 -9999.0 -9999.0 -9999.0 -9999.0 -9999.0 -9999.0 -9999.0 -9999.0 -9999.0 -9999.0 -9999.0 -9999.0 -9999.0 -9999.0 -9999.0 -9999.0 -9999.0 -9999.0 -9999.0 -9999.0 -9999.0 -9999.0 -9999.0 -9999.0 -9999.0 -9999.0 -9999.0 -9999.0 -9999.0 -9999.0 -9999.0 -9999.0 -9999.0
-9999.0 -9999.0 -9999.0 -9999.0 -9999.0 -9999.0 -9999.0 -9999.0 -9999.0 -9999.0 -9999.0 -9999.0 -9999.0 -9999.0 -9999.0 -9999.0 -9999.0 -9999.0 -9999.0 -9999.0 -9999.0 -9999.0 -9999.0 -9999.0 -9999.0 -9999.0 -9999.0 -9999.0 -9999.0 -9999.0 -9999.0 -9999.0 -9999.0 -9999.0 -9999.0 -9999.0 -9999.0 -9999.0 -9999.0 -9999.0 -9999.0 -9999.0 -9999.0 -9999.0 -9999.0 -9999.0 -9999.0 -9999.0 -9999.0 -9999.0 -9999.0 -9999.0 -9999.0 -9999.0 -9999.0 -9999.0 -9999.0 -9999.0 -9999.0 -9999.0 -9999.0 -9999.0 -9999.0 -9999.0 -9999.0 -9999.0 -9999.0 -9999.0 -9999.0 -9999.0 -9999.0 -9999.0 -9999.0 -9999.0 -9999.0 -9999.0 -9999.0 -9999.0 -9999.0 -9999.0 -9999.0 -9999.0 -9999.0 -9999.0 -9999.0 -9999.0 -9999.0 -9999.0 -9999.0 -9999.0 -9999.0 -9999.0 -9999.0 -9999.0 -9999.0 -9999.0 -9999.0 -9999.0 -9999.0 -9999.0 -9999.0 -9999.0 -9999.0 -9999.0