tests/3D/superslab/out/maps3D/PwL0061N0006.asc
ncols         104
nrows         10
xllcorner     -2.000000
yllcorner     0.000000
cellsize      1.000000
NODATA_value  -9999.0
-9999.0 -9999.0 -9999.0 -9999.0 -9999.0 -9999.0 -9999.0 -9999.0 -9999.0 -9999.0 -9999.0 -9999.0 -9999.0 -9999.0 -9999.0 -9999.0 -9999.0 -9999.0 -9999.0 -9999.0 -9999.0 -9999.0 -9999.0 -9999.0 -9999.0 -9999.0 -9999.0 -9999.0 -9999.0 -9999.0 -9999.0 -9999.0 -9999.0 -9999.0 -9999.0 -9999.0 -9999.0 -9999.0 -9999.0 -9999.0 -9999.0 -9999.0 -9999.0 -9999.0 -9999.0 -9999.0 -9999.0 -9999.0 -9999.0 -9999.0 -9999.0 -9999.0 -9999.0 -9999.0 -9999.0 -9999.0 -9999.0 -9999.0 -9999.0 -9999.0 -9999.0 -9999.0 -9999.0 -9999.0 -9999.0 -9999.0 -9999.0 -9999.0 -9999.0 -9999.0 -9999.0 -9999.0 -9999.0 -9999.0 -9999.0 -9999.0 -9999.0 -9999.0 -9999.0 -9999.0 -9999.0 -9999.0 -9999.0 -9999.0 -9999.0 -9999.0 -9999.0 -9999.0 -9999.0 -9999.0 -9999.0 -9999.0 -9999.0 -9999.0 -9999.0 -9999.0 -9999.0 -9999.0 -9999.0 -9999.0 -9999.0 -9999.0 -9999.0 -9999.0
-9999.0 -9999.0 -9999.0 -9999.0 -9999.0 -9999.0 -9999.0 -9999.0 -9999.0 -9999.0 -9999.0 -9999.0 -9999.0 -9999.0 -9999.0 -9999.0 -9999.0 -9999.0 -9999.0 -9999.0 -9999.0 -9999.0 -9999.0 -9999.0 -9999.0 -9999.0 -9999.0 -9999.0 -9999.0 -9999.0 -9999.0 -9999.0 -9999.0 -9999.0 -9999.0 -9999.0 -9999.0 -9999.0 -9999.0 -9999.0 -9999.0 -9999.0 -9999.0 -9999.0 -9999.0 -9999.0 -9999.0 -9999.0 -9999.0 -9999.0 -9999.0 -9999.0 -9999.0 -9999.0 -9999.0 -9999.0 -9999.0 -9999.0 -9999.0 -9999.0 -9999.0 -9999.0 -9999.0 -9999.0 -9999.0 -9999.0 -9999.0 -9999.0 -9999.0 -9999.0 -9999.0 -9999.0 -9999.0 -9999.0 -9999.0 -9999.0 -9999.0 -9999.0 -9999.0 -9999.0 -9999.0 -9999.0 -9999.0 -9999.0 -9999.0 -9999.0 -9999.0 -9999.0 -9999.0 -9999.0 -9999.0 -9999.0 -9999.0 -9999.0 -9999.0 -9999.0 -9999.0 -9999.0 -9999.0 -9999.0 -9999.0 -9999.0 -9999.0 -9999.0
-9999.0 -9999.0 2706.765903 2607.938603 2506.148399 2402.164562 2294.342863 2188.932000 2086.893296 1982.039914 1875.413400 1766.316808 1659.624173 1560.773807 -1120.698568 -1696.282274 -122.601085 1165.647571 1075.392987 991.099958 907.836633 825.201147 743.640859 663.328215 574.808482 320.450038 -180.546579 -419.113494 -617.196559 -775.679995 -900.293532 -998.486701 -1076.798395 -1140.696319 -1194.218241 -1240.261628 -1281.981610 -1315.796747 -1345.666050 -1365.112214 -1717.186119 -1681.699648 -1928.475628 -1952.922642 -1954.204929 -1955.498584 -1955.556791 -1955.518295 -1955.488794 -1955.470827 -1955.462568 -1955.482180 -1955.447352 -1955.445593 -1955.445521 -1955.445240 -1955.441871 -1955.398852 -1954.557244 -1942.685162 -1799.403560 -425.885494 946.282111 915.298980 882.665914 849.710430 818.897789 790.900208 762.419281 733.280503 703.855033 673.951711 643.627674 612.893734 581.552789 549.992174 518.379837 486.532701 454.481555 418.515046 364.325958 225.632527 -73.191647 -250.660312 -405.106628 -549.271231 -681.307514 -796.542931 -897.048457 -985.794847 -1061.653580 -1126.101136 -1182.378832 -1228.433680 -1274.821128 -1335.364427 -1456.297979 -1921.244311 -1955.354168 -1955.509632 -1955.588697 -1958.591103 -9999.0 -9999.0
-9999.0 -9999.0 2706.773136 2607.943698 2506.151316 2402.166020 2294.343571 2188.932307 2086.893425 1982.039968 1875.413424 1766.316818 1659.624177 1560.773809 -1120.698566 -1696.282273 -122.601084 1165.647571 1075.392987 991.099958 907.836633 825.201147 743.640859 663.328215 574.808482 320.450038 -180.546579 -419.113494 -617.196559 -775.679995 -900.293532 -998.486701 -1076.798395 -1140.696319 -1194.218241 -1240.261628 -1281.981610 -1315.796747 -1345.666050 -1365.112214 -1717.186119 -1681.699648 -1928.475628 -1952.922642 -1954.204929 -1955.498584 -1955.556791 -1955.518295 -1955.488794 -1955.470827 -1955.462568 -1955.482180 -1955.447352 -1955.445593 -1955.445521 -1955.445240 -1955.441871 -1955.398852 -1954.557244 -1942.685162 -1799.403560 -425.885494 946.282111 915.298980 882.665914 849.710430 818.897789 790.900208 762.419281 733.280503 703.855033 673.951711 643.627674 612.893734 581.552789 549.992174 518.379837 486.532701 454.481555 418.515046 364.325958 225.632528 -73.191647 -250.660312 -405.106628 -549.271231 -681.307514 -796.542931 -897.048457 -985.794847 -1061.653580 -1126.101136 -1182.378832 -1228.433680 -1274.821128 -1335.364427 -1456.297979 -1921.244311 -1955.354168 -1955.509632 -1955.588697 -1958.591103 -9999.0 -9999.0
-9999.0 -9999.0 2706.779640 2607.948379 2506.154058 2402.167419 2294.344258 2188.932609 2086.893553 1982.040021 1875.413448 1766.316828 1659.624181 1560.773810 -1120.698565 -1696.282273 -122.601084 1165.647571 1075.392987 991.099958 907.836633 825.201147 743.640859 663.328215 574.808482 320.450038 -180.546579 -419.113494 -617.196559 -775.679995 -900.293532 -998.486701 -1076.798395 -1140.696319 -1194.218241 -1240.261628 -1281.981610 -1315.796747 -1345.666050 -1365.112214 -1717.186119 -1681.699648 -1928.475628 -1952.922642 -1954.204929 -1955.498584 -1955.556791 -1955.518295 -1955.488794 -1955.470827 -1955.462568 -1955.482180 -1955.447352 -1955.445593 -1955.445521 -1955.445240 -1955.441871 -1955.398852 -1954.557244 -1942.685162 -1799.403560 -425.885494 946.282111 915.298980 882.665914 849.710430 818.897789 790.900208 762.419281 733.280503 703.855033 673.951711 643.627674 612.893734 581.552789 549.992174 518.379837 486.532701 454.481555 418.515046 364.325958 225.632528 -73.191646 -250.660312 -405.106628 -549.271231 -681.307514 -796.542931 -897.048457 -985.794847 -1061.653580 -1126.101136 -1182.378832 -1228.433680 -1274.821128 -1335.364427 -1456.297978 -1921.244311 -1955.354168 -1955.509632 -1955.588697 -1958.591103 -9999.0 -9999.0
-9999.0 -9999.0 2706.779640 2607.948379 2506.154058 2402.167419 2294.344258 2188.932609 2086.893553 1982.040021 1875.413448 1766.316828 1659.624181 1560.773810 -1120.698565 -1696.282273 -122.601084 1165.647571 1075.392987 991.099958 907.836633 825.201147 743.640859 663.328215 574.808482 320.450038 -180.546579 -419.113494 -617.196559 -775.679995 -900.293532 -998.486701 -1076.798395 -1140.696319 -1194.218241 -1240.261628 -1281.981610 -1315.796747 -1345.666050 -1365.112214 -1717.186119 -1681.699648 -1928.475628 -1952.922642 -1954.204929 -1955.498584 -1955.556791 -1955.518295 -1955.488794 -1955.470827 -1955.462568 -1955.482180 -1955.447352 -1955.445593 -1955.445521 -1955.445240 -1955.441871 -1955.398852 -1954.557244 -1942.685162 -1799.403560 -425.885494 946.282111 915.298980 882.665914 849.710430 818.897789 790.900208 762.419281 733.280503 703.855033 673.951711 643.627674 612.893734 581.552789 549.992174 518.379837 486.532701 454.481555 418.515046 364.325958 225.632528 -73.191646 -250.660312 -405.106628 -549.271231 -681.307514 -796.542931 -897.048457 -985.794847 -1061.653580 -1126.101136 -1182.378832 -1228.433680 -1274.821128 -1335.364427 -1456.297978 -1921.244311 -1955.354168 -1955.509632 -1955.588697 -1958.591103 -9999.0 -9999.0
-9999.0 -9999.0 2706.773137 2607.943698 2506.151316 2402.166020 2294.343571 2188.932307 2086.893425 1982.039968 1875.413424 1766.316818 1659.624177 1560.773809 -1120.698566 -1696.282273 -122.601084 1165.647571 1075.392987 991.099958 907.836633 825.201147 743.640859 663.328215 574.808482 320.450038 -180.546579 -419.113494 -617.196559 -775.679995 -900.293532 -998.486701 -1076.798395 -1140.696319 -1194.218241 -1240.261628 -1281.981610 -1315.796747 -1345.666050 -1365.112214 -1717.186119 -1681.699648 -1928.475628 -1952.922642 -1954.204929 -1955.498584 -1955.556791 -1955.518295 -1955.488794 -1955.470827 -1955.462568 -1955.482180 -1955.447352 -1955.445593 -1955.445521 -1955.445240 -1955.441871 -1955.398852 -1954.557244 -1942.685162 -1799.403560 -425.885494 946.282111 915.298981 882.665914 849.710430 818.897789 790.900208 762.419281 733.280503 703.855033 673.951711 643.627674 612.893734 581.552789 549.992174 518.379837 486.532701 454.481555 418.515046 364.325958 225.632528 -73.191647 -250.660312 -405.106628 -549.271231 -681.307514 -796.542931 -897.048457 -985.794847 -1061.653580 -1126.101136 -1182.378832 -1228.433680 -1274.821128 -1335.364427 -1456.297979 -1921.244311 -1955.354168 -1955.509632 -1955.588697 -1958.591103 -9999.0 -9999.0
-9999.0 -9999.0 2706.765903 2607.938603 2506.148398 2402.164562 2294.342863 2188.932000 2086.893296 1982.039914 1875.413400 1766.316808 1659.624173 1560.773807 -1120.698568 -1696.282274 -122.601085 1165.647571 1075.392987 991.099958 907.836633 825.201147 743.640859 663.328215 574.808482 320.450038 -180.546579 -419.113494 -617.196559 -775.679995 -900.293532 -998.486701 -1076.798395 -1140.696319 -1194.218241 -1240.261628 -1281.981610 -1315.796747 -1345.666050 -1365.112214 -1717.186119 -1681.699648 -1928.475628 -1952.922642 -1954.204929 -1955.498584 -1955.556791 -1955.518295 -1955.488794 -1955.470827 -1955.462568 -1955.482180 -1955.447352 -1955.445593 -1955.445521 -1955.445240 -1955.441871 -1955.398852 -1954.557244 -1942.685162 -1799.403560 -425.885494 946.282111 915.298981 882.665914 849.710430 818.897789 790.900208 762.419281 733.280503 703.855033 673.951711 643.627674 612.893734 581.552789 549.992174 518.379837 486.532701 454.481555 418.515046 364.325958 225.632527 -73.191647 -250.660312 -405.106628 -549.271231 -681.307514 -796.542931 -897.048457 -985.794847 -1061.653580 -1126.101136 -1182.378832 -1228.433680 -1274.821128 -1335.364427 -1456.297979 -1921.244311 -1955.354168 -1955.509632 -1955.588697 -1958.591103 -9999.0 -9999.0
-9999.0 -9999.0 -9999.0 -9999.0 -9999.0 -9999.0 -9999.0 -9999.0 -9999.0 -9999.0 -9999.0 -9999.0 -9999.0 -9999.0 -9999.0 -9999.0 -9999.0 -9999.0 -9999.0 -9999.0 -9999.0 -9999.0 -9999.0 -9999.0 -9999.0 -9999.0 -9999.0 -9999.0 -9999.0 -9999.0 -9999.0 -9999.0 -9999.0 -9999.0 -9999.0 -9999.0 -9999.0 -9999.0 -9999.0 -9999.0 -9999.0 -9999.0 -9999.0 -9999.0 -9999.0 -9999.0 -9999.0 -9999.0 -9999.0 -9999.0 -9999.0 -9999.0 -9999.0 -9999.0 -9999.0 -9999.0 -9999.0 -9999.0 -9999.0 -9999.0 -9999.0 -9999.0 -9999.0 -9999.0 -9999.0 -9999.0 -9999.0 -9999.0 -9999.0 -9999.0 -9999.0 -9999.0 -9999.0 -9999.0 -9999.0 -9999.0 -9999.0 -9999.0 -9999.0 -9999.0 -9999.0 -9999.0 -9999.0 -9999.0 -9999.0 -9999.0 -9999.0 -9999.0 -9999.0 -9999.0 -9999.0 -9999.0 -9999.0 -9999.0 -9999.0 -9999.0 -9999.0 -9999.0 -9999.0 -9999.0 -9999.0 -9999.0 -9999.0 -9999.0
-9999.0 -9999.0 -9999.0 -9999.0 -9999.0 -9999.0 -9999.0 -9999.0 -9999.0 -9999.0 -9999.0 -9999.0 -9999.0 -9999.0 -9999.0 -9999.0 -9999.0 -9999.0 -9999.0 -9999.0 -9999.0 -9999.0 -9999.0 -9999.0 -9999.0 -9999.0 -9999.0 -9999.0 -9999.0 -9999.0 -9999.0 -9999.0 -9999.0 -9999.0 -9999.0 -9999.0 -9999.0 -9999.0 -9999.0 -9999.0 -9999.0 -9999.0 -9999.0 -9999.0 -9999.0 -9999.0 -9999.0 -9999.0 -9999.0 -9999.0 -9999.0 -9999.0 -9999.0 -9999.0 -9999.0 -9999.0 -9999.0 -9999.0 -9999.0 -9999.0 -9999.0 -9999.0 -9999.0 -9999.0 -9999.0 -9999.0 -9999.0 -9999.0 -9999.0 -9999.0 -9999.0 -9999.0 -9999.0 -9999.0 -9999.0 -9999.0 -9999.0 -9999.0 -9999.0 -9999.0 -9999.0 -9999.0 -9999.0 -9999.0 -9999.0 -9999.0 -9999.0 -9999.0 -9999.0 -9999.0 -9999.0 -9999.0 -9999.0 -9999.0 -9999.0 -9999.0 -9999.0 -9999.0 -9999.0 -9999.0 -9999.0 -9999.0 -9999.0 -9999.0