tests/3D/superslab/out/maps3D/PwL0093N0004.asc
ncols         104
nrows         10
xllcorner     -2.000000
yllcorner     0.000000
cellsize      1.000000
NODATA_value  -9999.0
-9999.0 -9999.0 -9999.0 -9999.0 -9999.0 -9999.0 -9999.0 -9999.0 -9999.0 -9999.0 -9999.0 -9999.0 -9999.0 -9999.0 -9999.0 -9999.0 -9999.0 -9999.0 -9999.0 -9999.0 -9999.0 -9999.0 -9999.0 -9999.0 -9999.0 -9999.0 -9999.0 -9999.0 -9999.0 -9999.0 -9999.0 -9999.0 -9999.0 -9999.0 -9999.0 -9999.0 -9999.0 -9999.0 -9999.0 -9999.0 -9999.0 -9999.0 -9999.0 -9999.0 -9999.0 -9999.0 -9999.0 -9999.0 -9999.0 -9999.0 -9999.0 -9999.0 -9999.0 -9999.0 -9999.0 -9999.0 -9999.0 -9999.0 -9999.0 -9999.0 -9999.0 -9999.0 -9999.0 -9999.0 -9999.0 -9999.0 -9999.0 -9999.0 -9999.0 -9999.0 -9999.0 -9999.0 -9999.0 -9999.0 -9999.0 -9999.0 -9999.0 -9999.0 -9999.0 -9999.0 -9999.0 -9999.0 -9999.0 -9999.0 -9999.0 -9999.0 -9999.0 -9999.0 -9999.0 -9999.0 -9999.0 -9999.0 -9999.0 -9999.0 -9999.0 -9999.0 -9999.0 -9999.0 -9999.0 -9999.0 -9999.0 -9999.0 -9999.0 -9999.0
-9999.0 -9999.0 -9999.0 -9999.0 -9999.0 -9999.0 -9999.0 -9999.0 -9999.0 -9999.0 -9999.0 -9999.0 -9999.0 -9999.0 -9999.0 -9999.0 -9999.0 -9999.0 -9999.0 -9999.0 -9999.0 -9999.0 -9999.0 -9999.0 -9999.0 -9999.0 -9999.0 -9999.0 -9999.0 -9999.0 -9999.0 -9999.0 -9999.0 -9999.0 -9999.0 -9999.0 -9999.0 -9999.0 -9999.0 -9999.0 -9999.0 -9999.0 -9999.0 -9999.0 -9999.0 -9999.0 -9999.0 -9999.0 -9999.0 -9999.0 -9999.0 -9999.0 -9999.0 -9999.0 -9999.0 -9999.0 -9999.0 -9999.0 -9999.0 -9999.0 -9999.0 -9999.0 -9999.0 -9999.0 -9999.0 -9999.0 -9999.0 -9999.0 -9999.0 -9999.0 -9999.0 -9999.0 -9999.0 -9999.0 -9999.0 -9999.0 -9999.0 -9999.0 -9999.0 -9999.0 -9999.0 -9999.0 -9999.0 -9999.0 -9999.0 -9999.0 -9999.0 -9999.0 -9999.0 -9999.0 -9999.0 -9999.0 -9999.0 -9999.0 -9999.0 -9999.0 -9999.0 -9999.0 -9999.0 -9999.0 -9999.0 -9999.0 -9999.0 -9999.0
-9999.0 -9999.0 131.518190 34.089747 -59.580882 -147.634144 -226.468382 -290.542892 -333.131542 -355.738258 -365.260858 -368.997663 -370.424189 -370.962904 -371.165439 -371.241416 -371.269864 -371.280480 -371.284408 -371.285822 -371.286288 -371.286390 -371.286349 -371.286246 -371.286115 -371.285968 -371.285812 -371.285652 -371.285492 -371.285337 -371.285192 -371.285061 -371.284951 -371.284867 -371.284817 -371.284810 -371.284847 -371.284943 -371.285126 -371.285424 -371.285884 -371.286573 -371.287585 -371.289036 -371.291047 -371.293740 -371.297270 -371.301932 -371.308383 -371.318525 -371.343208 -371.441215 -371.424661 -371.463652 -371.524671 -371.606633 -371.712941 -371.848196 -372.017698 -372.227238 -372.482943 -372.791145 -373.158243 -373.590582 -374.094342 -374.675438 -375.339457 -376.091616 -376.936745 -377.879308 -378.923442 -380.073018 -381.331726 -382.703170 -384.190982 -385.798942 -387.531111 -389.391978 -391.386618 -393.520866 -395.801524 -398.236588 -400.835525 -403.609607 -406.572322 -409.739900 -413.131977 -416.772481 -420.690808 -424.923428 -429.516132 -434.527233 -440.032287 -446.131250 -452.959764 -460.707793 -469.652166 -480.217633 -493.102809 -509.577823 -532.358160 -569.344418 -9999.0 -9999.0
-9999.0 -9999.0 131.518190 34.089747 -59.580882 -147.634144 -226.468382 -290.542892 -333.131542 -355.738258 -365.260858 -368.997663 -370.424189 -370.962904 -371.165439 -371.241416 -371.269864 -371.280480 -371.284408 -371.285822 -371.286288 -371.286390 -371.286349 -371.286246 -371.286115 -371.285968 -371.285812 -371.285652 -371.285492 -371.285337 -371.285192 -371.285061 -371.284951 -371.284867 -371.284817 -371.284810 -371.284847 -371.284943 -371.285126 -371.285424 -371.285884 -371.286573 -371.287585 -371.289036 -371.291047 -371.293740 -371.297270 -371.301932 -371.308383 -371.318525 -371.343208 -371.441215 -371.424661 -371.463652 -371.524671 -371.606633 -371.712941 -371.848196 -372.017698 -372.227238 -372.482943 -372.791145 -373.158243 -373.590582 -374.094342 -374.675438 -375.339457 -376.091616 -376.936745 -377.879308 -378.923442 -380.073018 -381.331726 -382.703170 -384.190982 -385.798942 -387.531111 -389.391978 -391.386618 -393.520866 -395.801524 -398.236588 -400.835525 -403.609607 -406.572322 -409.739900 -413.131977 -416.772481 -420.690808 -424.923428 -429.516132 -434.527233 -440.032287 -446.131250 -452.959764 -460.707793 -469.652166 -480.217633 -493.102809 -509.577823 -532.358160 -569.344418 -9999.0 -9999.0
-9999.0 -9999.0 131.518190 34.089747 -59.580882 -147.634144 -226.468382 -290.542892 -333.131542 -355.738258 -365.260858 -368.997663 -370.424189 -370.962904 -371.165439 -371.241416 -371.269864 -371.280480 -371.284408 -371.285822 -371.286288 -371.286390 -371.286349 -371.286246 -371.286115 -371.285968 -371.285812 -371.285652 -371.285492 -371.285337 -371.285192 -371.285061 -371.284951 -371.284867 -371.284817 -371.284810 -371.284847 -371.284943 -371.285126 -371.285424 -371.285884 -371.286573 -371.287585 -371.289036 -371.291047 -371.293740 -371.297270 -371.301932 -371.308383 -371.318525 -371.343208 -371.441215 -371.424661 -371.463652 -371.524671 -371.606633 -371.712941 -371.848196 -372.017698 -372.227238 -372.482943 -372.791145 -373.158243 -373.590582 -374.094342 -374.675438 -375.339457 -376.091616 -376.936745 -377.879308 -378.923442 -380.073018 -381.331726 -382.703170 -384.190982 -385.798942 -387.531111 -389.391978 -391.386618 -393.520866 -395.801524 -398.236588 -400.835525 -403.609607 -406.572322 -409.739900 -413.131977 -416.772481 -420.690808 -424.923428 -429.516132 -434.527233 -440.032287 -446.131250 -452.959764 -460.707793 -469.652166 -480.217633 -493.102809 -509.577823 -532.358160 -569.344418 -9999.0 -9999.0
-9999.0 -9999.0 131.518190 34.089747 -59.580882 -147.634144 -226.468382 -290.542892 -333.131542 -355.738258 -365.260858 -368.997663 -370.424189 -370.962904 -371.165439 -371.241416 -371.269864 -371.280480 -371.284408 -371.285822 -371.286288 -371.286390 -371.286349 -371.286246 -371.286115 -371.285968 -371.285812 -371.285652 -371.285492 -371.285337 -371.285192 -371.285061 -371.284951 -371.284867 -371.284817 -371.284810 -371.284847 -371.284943 -371.285126 -371.285424 -371.285884 -371.286573 -371.287585 -371.289036 -371.291047 -371.293740 -371.297270 -371.301932 -371.308383 -371.318525 -371.343208 -371.441215 -371.424661 -371.463652 -371.524671 -371.606633 -371.712941 -371.848196 -372.017698 -372.227238 -372.482943 -372.791145 -373.158243 -373.590582 -374.094342 -374.675438 -375.339457 -376.091616 -376.936745 -377.879308 -378.923442 -380.073018 -381.331726 -382.703170 -384.190982 -385.798942 -387.531111 -389.391978 -391.386618 -393.520866 -395.801524 -398.236588 -400.835525 -403.609607 -406.572322 -409.739900 -413.131977 -416.772481 -420.690808 -424.923428 -429.516132 -434.527233 -440.032287 -446.131250 -452.959764 -460.707793 -469.652166 -480.217633 -493.102809 -509.577823 -532.358160 -569.344418 -9999.0 -9999.0
-9999.0 -9999.0 131.518190 34.089747 -59.580882 -147.634144 -226.468382 -290.542892 -333.131542 -355.738258 -365.260858 -368.997663 -370.424189 -370.962904 -371.165439 -371.241416 -371.269864 -371.280480 -371.284408 -371.285822 -371.286288 -371.286390 -371.286349 -371.286246 -371.286115 -371.285968 -371.285812 -371.285652 -371.285492 -371.285337 -371.285192 -371.285061 -371.284951 -371.284867 -371.284817 -371.284810 -371.284847 -371.284943 -371.285126 -371.285424 -371.285884 -371.286573 -371.287585 -371.289036 -371.291047 -371.293740 -371.297270 -371.301932 -371.308383 -371.318525 -371.343208 -371.441215 -371.424661 -371.463652 -371.524671 -371.606633 -371.712941 -371.848196 -372.017698 -372.227238 -372.482943 -372.791145 -373.158243 -373.590582 -374.094342 -374.675438 -375.339457 -376.091616 -376.936745 -377.879308 -378.923442 -380.073018 -381.331726 -382.703170 -384.190982 -385.798942 -387.531111 -389.391978 -391.386618 -393.520866 -395.801524 -398.236588 -400.835525 -403.609607 -406.572322 -409.739900 -413.131977 -416.772481 -420.690808 -424.923428 -429.516132 -434.527233 -440.032287 -446.131250 -452.959764 -460.707793 -469.652166 -480.217633 -493.102809 -509.577823 -532.358160 -569.344418 -9999.0 -9999.0
-9999.0 -9999.0 131.518190 34.089747 -59.580882 -147.634144 -226.468382 -290.542892 -333.131542 -355.738258 -365.260858 -368.997663 -370.424189 -370.962904 -371.165439 -371.241416 -371.269864 -371.280480 -371.284408 -371.285822 -371.286288 -371.286390 -371.286349 -371.286246 -371.286115 -371.285968 -371.285812 -371.285652 -371.285492 -371.285337 -371.285192 -371.285061 -371.284951 -371.284867 -371.284817 -371.284810 -371.284847 -371.284943 -371.285126 -371.285424 -371.285884 -371.286573 -371.287585 -371.289036 -371.291047 -371.293740 -371.297270 -371.301932 -371.308383 -371.318525 -371.343208 -371.441215 -371.424661 -371.463652 -371.524671 -371.606633 -371.712941 -371.848196 -372.017698 -372.227238 -372.482943 -372.791145 -373.158243 -373.590582 -374.094342 -374.675438 -375.339457 -376.091616 -376.936745 -377.879308 -378.923442 -380.073018 -381.331726 -382.703170 -384.190982 -385.798942 -387.531111 -389.391978 -391.386618 -393.520866 -395.801524 -398.236588 -400.835525 -403.609607 -406.572322 -409.739900 -413.131977 -416.772481 -420.690808 -424.923428 -429.516132 -434.527233 -440.032287 -446.131250 -452.959764 -460.707793 -469.652166 -480.217633 -493.102809 -509.577823 -532.358160 -569.344418 -9999.0 -9999.0
-9999.0 -9999.0 -9999.0 -9999.0 -9999.0 -9999.0 -9999.0 -9999.0 -9999.0 -9999.0 -9999.0 -9999.0 -9999.0 -9999.0 -9999.0 -9999.0 -9999.0 -9999.0 -9999.0 -9999.0 -9999.0 -9999.0 -9999.0 -9999.0 -9999.0 -9999.0 -9999.0 -9999.0 -9999.0 -9999.0 -9999.0 -9999.0 -9999.0 -9999.0 -9999.0 -9999.0 -9999.0 -9999.0 -9999.0 -9999.0 -9999.0 -9999.0 -9999.0 -9999.0 -9999.0 -9999.0 -9999.0 -9999.0 -9999.0 -9999.0 -9999.0 -9999.0 -9999.0 -9999.0 -9999.0 -9999.0 -9999.0 -9999.0 -9999.0 -9999.0 -9999.0 -9999.0 -9999.0 -9999.0 -9999.0 -9999.0 -9999.0 -9999.0 -9999.0 -9999.0 -9999.0 -9999.0 -9999.0 -9999.0 -9999.0 -9999.0 -9999.0 -9999.0 -9999.0 -9999.0 -9999.0 -9999.0 -9999.0 -9999.0 -9999.0 -9999.0 -9999.0 -9999.0 -9999.0 -9999.0 -9999.0 -9999.0 -9999.0 -9999.0 -9999.0 -9999.0 -9999.0 -9999.0 -9999.0 -9999.0 -9999.0 -9999.0 -9999.0 -9999.0
-9999.0 -9999.0 -9999.0 -9999.0 -9999.0 -9999.0 -9999.0 -9999.0 -9999.0 -9999.0 -9999.0 -9999.0 -9999.0 -9999.0 -9999.0 -9999.0 -9999.0 -9999.0 -9999.0 -9999.0 -9999.0 -9999.0 -9999.0 -9999.0 -9999.0 -9999.0 -9999.0 -9999.0 -9999.0 -9999.0 -9999.0 -9999.0 -9999.0 -9999.0 -9999.0 -9999.0 -9999.0 -9999.0 -9999.0 -9999.0 -9999.0 -9999.0 -9999.0 -9999.0 -9999.0 -9999.0 -9999.0 -9999.0 -9999.0 -9999.0 -9999.0 -9999.0 -9999.0 -9999.0 -9999.0 -9999.0 -9999.0 -9999.0 -9999.0 -9999.0 -9999.0 -9999.0 -9999.0 -9999.0 -9999.0 -9999.0 -9999.0 -9999.0 -9999.0 -9999.0 -9999.0 -9999.0 -9999.0 -9999.0 -9999.0 -9999.0 -9999.0 -9999.0 -9999.0 -9999.0 -9999.0 -9999.0 -9999.0 -9999.0 -9999.0 -9999.0 -9999.0 -9999.0 -9999.0 -9999.0 -9999.0 -9999.0 -9999.0 -9999.0 -9999.0 -9999.0 -9999.0 -9999.0 -9999.0 -9999.0 -9999.0 -9999.0 -9999.0 -9999.0