tests/3D/superslab/out/maps3D/PwL0006N0003.asc
ncols         104
nrows         10
xllcorner     -2.000000
yllcorner     0.000000
cellsize      1.000000
NODATA_value  -9999.0
-9999.0 -9999.0 -9999.0 -9999.0 -9999.0 -9999.0 -9999.0 -9999.0 -9999.0 -9999.0 -9999.0 -9999.0 -9999.0 -9999.0 -9999.0 -9999.0 -9999.0 -9999.0 -9999.0 -9999.0 -9999.0 -9999.0 -9999.0 -9999.0 -9999.0 -9999.0 -9999.0 -9999.0 -9999.0 -9999.0 -9999.0 -9999.0 -9999.0 -9999.0 -9999.0 -9999.0 -9999.0 -9999.0 -9999.0 -9999.0 -9999.0 -9999.0 -9999.0 -9999.0 -9999.0 -9999.0 -9999.0 -9999.0 -9999.0 -9999.0 -9999.0 -9999.0 -9999.0 -9999.0 -9999.0 -9999.0 -9999.0 -9999.0 -9999.0 -9999.0 -9999.0 -9999.0 -9999.0 -9999.0 -9999.0 -9999.0 -9999.0 -9999.0 -9999.0 -9999.0 -9999.0 -9999.0 -9999.0 -9999.0 -9999.0 -9999.0 -9999.0 -9999.0 -9999.0 -9999.0 -9999.0 -9999.0 -9999.0 -9999.0 -9999.0 -9999.0 -9999.0 -9999.0 -9999.0 -9999.0 -9999.0 -9999.0 -9999.0 -9999.0 -9999.0 -9999.0 -9999.0 -9999.0 -9999.0 -9999.0 -9999.0 -9999.0 -9999.0 -9999.0
-9999.0 -9999.0 -9999.0 -9999.0 -9999.0 -9999.0 -9999.0 -9999.0 -9999.0 -9999.0 -9999.0 -9999.0 -9999.0 -9999.0 -9999.0 -9999.0 -9999.0 -9999.0 -9999.0 -9999.0 -9999.0 -9999.0 -9999.0 -9999.0 -9999.0 -9999.0 -9999.0 -9999.0 -9999.0 -9999.0 -9999.0 -9999.0 -9999.0 -9999.0 -9999.0 -9999.0 -9999.0 -9999.0 -9999.0 -9999.0 -9999.0 -9999.0 -9999.0 -9999.0 -9999.0 -9999.0 -9999.0 -9999.0 -9999.0 -9999.0 -9999.0 -9999.0 -9999.0 -9999.0 -9999.0 -9999.0 -9999.0 -9999.0 -9999.0 -9999.0 -9999.0 -9999.0 -9999.0 -9999.0 -9999.0 -9999.0 -9999.0 -9999.0 -9999.0 -9999.0 -9999.0 -9999.0 -9999.0 -9999.0 -9999.0 -9999.0 -9999.0 -9999.0 -9999.0 -9999.0 -9999.0 -9999.0 -9999.0 -9999.0 -9999.0 -9999.0 -9999.0 -9999.0 -9999.0 -9999.0 -9999.0 -9999.0 -9999.0 -9999.0 -9999.0 -9999.0 -9999.0 -9999.0 -9999.0 -9999.0 -9999.0 -9999.0 -9999.0 -9999.0
-9999.0 -9999.0 274.977204 181.338421 88.258952 -7.091905 -103.527822 -189.669463 -244.346709 -255.035304 -340.626981 -368.614509 -379.897552 -279.720525 -185.065497 -31.003569 144.584542 226.547132 190.915661 149.176240 103.114069 53.223003 -0.572261 -57.803096 -117.014294 -175.146913 -226.998504 -268.811123 -299.526446 -320.664501 -333.703715 -341.453907 -345.885236 -348.150797 -348.821910 -347.948261 -345.455276 -340.599738 -332.112357 -317.394806 -291.569602 -252.439477 -3190.042801 -4610.392947 -4536.795948 -4459.950840 -4413.254684 -4407.091816 -4406.402064 -4406.335605 -4406.332123 -4406.334824 -4406.337973 -4406.341077 -4406.345060 -4406.359766 -4406.480652 -4407.033375 -4408.431977 -4414.676161 -4444.138732 -3014.574580 149.606605 74.740172 3.032061 -69.246917 -140.261341 -205.355571 -258.245162 -296.163994 -320.492032 -335.222702 -343.772271 -348.730917 -351.621151 -353.309384 -354.300065 -354.917437 -355.292198 -355.519881 -355.678142 -355.800367 -355.874014 -355.962433 -356.073817 -356.226753 -356.451264 -356.794114 -357.329589 -358.171050 -359.492247 -361.563708 -364.800621 -369.830083 -377.576063 -389.352680 -406.937754 -432.589686 -469.143898 -521.175864 -597.659366 -709.457928 -9999.0 -9999.0
-9999.0 -9999.0 275.061261 181.363888 88.267219 -7.088917 -103.526732 -189.669093 -244.346603 -255.035277 -340.626975 -368.614508 -379.897551 -279.720525 -185.065498 -31.003568 144.584542 226.547132 190.915661 149.176241 103.114070 53.223004 -0.572260 -57.803095 -117.014294 -175.146912 -226.998504 -268.811123 -299.526446 -320.664501 -333.703715 -341.453907 -345.885236 -348.150798 -348.821910 -347.948261 -345.455276 -340.599738 -332.112357 -317.394806 -291.569602 -252.439477 -3190.042800 -4610.392947 -4536.795947 -4459.950837 -4413.254684 -4407.091816 -4406.402064 -4406.335605 -4406.332123 -4406.334824 -4406.337973 -4406.341077 -4406.345060 -4406.359766 -4406.480652 -4407.033375 -4408.431977 -4414.676160 -4444.138732 -3014.574580 149.606605 74.740172 3.032061 -69.246918 -140.261340 -205.355572 -258.245161 -296.163994 -320.492032 -335.222702 -343.772271 -348.730917 -351.621151 -353.309384 -354.300065 -354.917437 -355.292198 -355.519881 -355.678142 -355.800367 -355.874014 -355.962433 -356.073817 -356.226753 -356.451264 -356.794114 -357.329589 -358.171050 -359.492247 -361.563708 -364.800621 -369.830083 -377.576063 -389.352680 -406.937754 -432.589686 -469.143898 -521.175864 -597.659366 -709.457929 -9999.0 -9999.0
-9999.0 -9999.0 275.082554 181.376433 88.273012 -7.086419 -103.525741 -189.668744 -244.346501 -255.035251 -340.626968 -368.614506 -379.897551 -279.720525 -185.065497 -31.003569 144.584542 226.547132 190.915661 149.176241 103.114070 53.223004 -0.572260 -57.803095 -117.014293 -175.146912 -226.998503 -268.811122 -299.526446 -320.664501 -333.703715 -341.453907 -345.885236 -348.150798 -348.821910 -347.948261 -345.455276 -340.599738 -332.112357 -317.394806 -291.569602 -252.439478 -3190.042800 -4610.392947 -4536.795947 -4459.950833 -4413.254684 -4407.091816 -4406.402064 -4406.335605 -4406.332123 -4406.334824 -4406.337973 -4406.341077 -4406.345060 -4406.359766 -4406.480652 -4407.033375 -4408.431977 -4414.676161 -4444.138732 -3014.574580 149.606605 74.740172 3.032061 -69.246917 -140.261341 -205.355571 -258.245162 -296.163994 -320.492032 -335.222702 -343.772271 -348.730917 -351.621151 -353.309384 -354.300065 -354.917437 -355.292198 -355.519881 -355.678142 -355.800367 -355.874014 -355.962433 -356.073817 -356.226753 -356.451264 -356.794114 -357.329589 -358.171050 -359.492247 -361.563708 -364.800621 -369.830083 -377.576063 -389.352680 -406.937754 -432.589686 -469.143898 -521.175864 -597.659366 -709.457928 -9999.0 -9999.0
-9999.0 -9999.0 275.082554 181.376433 88.273012 -7.086419 -103.525741 -189.668744 -244.346501 -255.035251 -340.626968 -368.614506 -379.897551 -279.720525 -185.065498 -31.003569 144.584542 226.547132 190.915661 149.176241 103.114070 53.223004 -0.572260 -57.803095 -117.014293 -175.146912 -226.998503 -268.811122 -299.526446 -320.664501 -333.703716 -341.453907 -345.885236 -348.150798 -348.821910 -347.948261 -345.455276 -340.599738 -332.112357 -317.394806 -291.569602 -252.439477 -3190.042800 -4610.392947 -4536.795947 -4459.950833 -4413.254684 -4407.091816 -4406.402064 -4406.335605 -4406.332123 -4406.334824 -4406.337973 -4406.341077 -4406.345060 -4406.359766 -4406.480652 -4407.033375 -4408.431977 -4414.676161 -4444.138732 -3014.574580 149.606605 74.740172 3.032061 -69.246918 -140.261340 -205.355572 -258.245161 -296.163994 -320.492032 -335.222702 -343.772271 -348.730917 -351.621151 -353.309384 -354.300065 -354.917437 -355.292198 -355.519881 -355.678142 -355.800367 -355.874014 -355.962433 -356.073817 -356.226753 -356.451264 -356.794114 -357.329589 -358.171050 -359.492247 -361.563708 -364.800621 -369.830083 -377.576063 -389.352680 -406.937754 -432.589686 -469.143898 -521.175864 -597.659366 -709.457928 -9999.0 -9999.0
-9999.0 -9999.0 275.061261 181.363888 88.267219 -7.088917 -103.526732 -189.669094 -244.346603 -255.035277 -340.626975 -368.614508 -379.897551 -279.720525 -185.065498 -31.003569 144.584542 226.547132 190.915661 149.176241 103.114070 53.223004 -0.572260 -57.803095 -117.014294 -175.146912 -226.998504 -268.811123 -299.526446 -320.664501 -333.703715 -341.453907 -345.885236 -348.150798 -348.821910 -347.948261 -345.455276 -340.599738 -332.112357 -317.394806 -291.569602 -252.439477 -3190.042800 -4610.392947 -4536.795947 -4459.950837 -4413.254684 -4407.091816 -4406.402064 -4406.335605 -4406.332123 -4406.334824 -4406.337973 -4406.341077 -4406.345060 -4406.359766 -4406.480652 -4407.033375 -4408.431977 -4414.676160 -4444.138732 -3014.574580 149.606605 74.740172 3.032061 -69.246917 -140.261341 -205.355571 -258.245162 -296.163994 -320.492032 -335.222702 -343.772271 -348.730917 -351.621151 -353.309384 -354.300065 -354.917437 -355.292198 -355.519881 -355.678142 -355.800367 -355.874014 -355.962433 -356.073817 -356.226753 -356.451264 -356.794114 -357.329589 -358.171050 -359.492247 -361.563708 -364.800621 -369.830083 -377.576063 -389.352680 -406.937754 -432.589686 -469.143898 -521.175864 -597.659366 -709.457928 -9999.0 -9999.0
-9999.0 -9999.0 274.977204 181.338421 88.258952 -7.091905 -103.527822 -189.669463 -244.346709 -255.035304 -340.626981 -368.614509 -379.897552 -279.720525 -185.065497 -31.003568 144.584542 226.547132 190.915661 149.176240 103.114069 53.223003 -0.572261 -57.803096 -117.014294 -175.146913 -226.998504 -268.811123 -299.526446 -320.664501 -333.703715 -341.453907 -345.885236 -348.150797 -348.821910 -347.948261 -345.455276 -340.599738 -332.112357 -317.394806 -291.569602 -252.439477 -3190.042801 -4610.392947 -4536.795948 -4459.950840 -4413.254684 -4407.091816 -4406.402064 -4406.335605 -4406.332123 -4406.334824 -4406.337973 -4406.341077 -4406.345060 -4406.359766 -4406.480652 -4407.033375 -4408.431977 -4414.676161 -4444.138732 -3014.574580 149.606605 74.740172 3.032061 -69.246918 -140.261340 -205.355572 -258.245161 -296.163994 -320.492032 -335.222702 -343.772271 -348.730917 -351.621151 -353.309384 -354.300065 -354.917437 -355.292198 -355.519881 -355.678142 -355.800367 -355.874014 -355.962433 -356.073817 -356.226753 -356.451264 -356.794114 -357.329589 -358.171050 -359.492247 -361.563708 -364.800621 -369.830083 -377.576063 -389.352680 -406.937754 -432.589686 -469.143898 -521.175864 -597.659366 -709.457929 -9999.0 -9999.0
-9999.0 -9999.0 -9999.0 -9999.0 -9999.0 -9999.0 -9999.0 -9999.0 -9999.0 -9999.0 -9999.0 -9999.0 -9999.0 -9999.0 -9999.0 -9999.0 -9999.0 -9999.0 -9999.0 -9999.0 -9999.0 -9999.0 -9999.0 -9999.0 -9999.0 -9999.0 -9999.0 -9999.0 -9999.0 -9999.0 -9999.0 -9999.0 -9999.0 -9999.0 -9999.0 -9999.0 -9999.0 -9999.0 -9999.0 -9999.0 -9999.0 -9999.0 -9999.0 -9999.0 -9999.0 -9999.0 -9999.0 -9999.0 -9999.0 -9999.0 -9999.0 -9999.0 -9999.0 -9999.0 -9999.0 -9999.0 -9999.0 -9999.0 -9999.0 -9999.0 -9999.0 -9999.0 -9999.0 -9999.0 -9999.0 -9999.0 -9999.0 -9999.0 -9999.0 -9999.0 -9999.0 -9999.0 -9999.0 -9999.0 -9999.0 -9999.0 -9999.0 -9999.0 -9999.0 -9999.0 -9999.0 -9999.0 -9999.0 -9999.0 -9999.0 -9999.0 -9999.0 -9999.0 -9999.0 -9999.0 -9999.0 -9999.0 -9999.0 -9999.0 -9999.0 -9999.0 -9999.0 -9999.0 -9999.0 -9999.0 -9999.0 -9999.0 -9999.0 -9999.0
-9999.0 -9999.0 -9999.0 -9999.0 -9999.0 -9999.0 -9999.0 -9999.0 -9999.0 -9999.0 -9999.0 -9999.0 -9999.0 -9999.0 -9999.0 -9999.0 -9999.0 -9999.0 -9999.0 -9999.0 -9999.0 -9999.0 -9999.0 -9999.0 -9999.0 -9999.0 -9999.0 -9999.0 -9999.0 -9999.0 -9999.0 -9999.0 -9999.0 -9999.0 -9999.0 -9999.0 -9999.0 -9999.0 -9999.0 -9999.0 -9999.0 -9999.0 -9999.0 -9999.0 -9999.0 -9999.0 -9999.0 -9999.0 -9999.0 -9999.0 -9999.0 -9999.0 -9999.0 -9999.0 -9999.0 -9999.0 -9999.0 -9999.0 -9999.0 -9999.0 -9999.0 -9999.0 -9999.0 -9999.0 -9999.0 -9999.0 -9999.0 -9999.0 -9999.0 -9999.0 -9999.0 -9999.0 -9999.0 -9999.0 -9999.0 -9999.0 -9999.0 -9999.0 -9999.0 -9999.0 -9999.0 -9999.0 -9999.0 -9999.0 -9999.0 -9999.0 -9999.0 -9999.0 -9999.0 -9999.0 -9999.0 -9999.0 -9999.0 -9999.0 -9999.0 -9999.0 -9999.0 -9999.0 -9999.0 -9999.0 -9999.0 -9999.0 -9999.0 -9999.0