tests/3D/superslab/out/maps3D/PwL0021N0004.asc
ncols         104
nrows         10
xllcorner     -2.000000
yllcorner     0.000000
cellsize      1.000000
NODATA_value  -9999.0
-9999.0 -9999.0 -9999.0 -9999.0 -9999.0 -9999.0 -9999.0 -9999.0 -9999.0 -9999.0 -9999.0 -9999.0 -9999.0 -9999.0 -9999.0 -9999.0 -9999.0 -9999.0 -9999.0 -9999.0 -9999.0 -9999.0 -9999.0 -9999.0 -9999.0 -9999.0 -9999.0 -9999.0 -9999.0 -9999.0 -9999.0 -9999.0 -9999.0 -9999.0 -9999.0 -9999.0 -9999.0 -9999.0 -9999.0 -9999.0 -9999.0 -9999.0 -9999.0 -9999.0 -9999.0 -9999.0 -9999.0 -9999.0 -9999.0 -9999.0 -9999.0 -9999.0 -9999.0 -9999.0 -9999.0 -9999.0 -9999.0 -9999.0 -9999.0 -9999.0 -9999.0 -9999.0 -9999.0 -9999.0 -9999.0 -9999.0 -9999.0 -9999.0 -9999.0 -9999.0 -9999.0 -9999.0 -9999.0 -9999.0 -9999.0 -9999.0 -9999.0 -9999.0 -9999.0 -9999.0 -9999.0 -9999.0 -9999.0 -9999.0 -9999.0 -9999.0 -9999.0 -9999.0 -9999.0 -9999.0 -9999.0 -9999.0 -9999.0 -9999.0 -9999.0 -9999.0 -9999.0 -9999.0 -9999.0 -9999.0 -9999.0 -9999.0 -9999.0 -9999.0
-9999.0 -9999.0 -9999.0 -9999.0 -9999.0 -9999.0 -9999.0 -9999.0 -9999.0 -9999.0 -9999.0 -9999.0 -9999.0 -9999.0 -9999.0 -9999.0 -9999.0 -9999.0 -9999.0 -9999.0 -9999.0 -9999.0 -9999.0 -9999.0 -9999.0 -9999.0 -9999.0 -9999.0 -9999.0 -9999.0 -9999.0 -9999.0 -9999.0 -9999.0 -9999.0 -9999.0 -9999.0 -9999.0 -9999.0 -9999.0 -9999.0 -9999.0 -9999.0 -9999.0 -9999.0 -9999.0 -9999.0 -9999.0 -9999.0 -9999.0 -9999.0 -9999.0 -9999.0 -9999.0 -9999.0 -9999.0 -9999.0 -9999.0 -9999.0 -9999.0 -9999.0 -9999.0 -9999.0 -9999.0 -9999.0 -9999.0 -9999.0 -9999.0 -9999.0 -9999.0 -9999.0 -9999.0 -9999.0 -9999.0 -9999.0 -9999.0 -9999.0 -9999.0 -9999.0 -9999.0 -9999.0 -9999.0 -9999.0 -9999.0 -9999.0 -9999.0 -9999.0 -9999.0 -9999.0 -9999.0 -9999.0 -9999.0 -9999.0 -9999.0 -9999.0 -9999.0 -9999.0 -9999.0 -9999.0 -9999.0 -9999.0 -9999.0 -9999.0 -9999.0
-9999.0 -9999.0 1011.265750 913.531262 816.086148 716.970370 615.243738 511.013759 404.284631 293.863019 176.041688 59.066161 -55.406498 -163.326967 -254.029230 -310.161485 -335.644169 -344.491752 -346.006161 -344.689034 -241.849831 -53.629277 143.280390 352.417716 571.285440 499.295950 424.850755 348.738699 271.299109 192.670166 112.965713 32.413508 -48.488818 -127.976612 -201.597901 -259.711200 -298.276221 -318.209886 -324.204182 -326.458696 -313.359058 -195.704103 -3119.331982 -3935.628658 -3935.643564 -3935.643564 -3935.643564 -3935.643564 -3935.643564 -3935.643564 -3935.643564 -3935.643564 -3935.643564 -3935.643564 -3935.643564 -3935.643564 -3935.643564 -3935.643564 -3935.643561 -3935.643536 -3935.612353 -2946.587462 209.198797 173.061432 139.184551 102.223141 62.297703 20.013579 -24.080966 -69.434252 -115.090761 -159.994870 -202.657074 -241.234946 -273.949041 -299.730874 -318.653620 -331.769844 -340.495415 -346.034998 -349.535881 -351.812126 -353.339480 -354.274446 -354.979385 -355.513489 -355.982959 -356.506746 -357.183954 -358.140994 -359.576437 -361.780443 -365.187099 -370.440009 -378.476276 -390.613856 -408.658942 -435.335964 -480.319372 -611.137398 -1468.079864 -3919.160716 -9999.0 -9999.0
-9999.0 -9999.0 1011.293962 913.544286 816.091257 716.972328 615.244505 511.014063 404.284754 293.863069 176.041709 59.066170 -55.406494 -163.326965 -254.029229 -310.161484 -335.644169 -344.491752 -346.006161 -344.689034 -241.849831 -53.629277 143.280390 352.417717 571.285440 499.295950 424.850755 348.738699 271.299109 192.670167 112.965713 32.413508 -48.488818 -127.976612 -201.597901 -259.711200 -298.276222 -318.209888 -324.204183 -326.458695 -313.359049 -195.704087 -3119.331982 -3935.628658 -3935.643564 -3935.643564 -3935.643564 -3935.643564 -3935.643564 -3935.643564 -3935.643564 -3935.643564 -3935.643564 -3935.643564 -3935.643564 -3935.643564 -3935.643564 -3935.643564 -3935.643561 -3935.643536 -3935.612353 -2946.587462 209.198799 173.061432 139.184553 102.223141 62.297704 20.013579 -24.080965 -69.434252 -115.090760 -159.994870 -202.657074 -241.234946 -273.949041 -299.730874 -318.653620 -331.769844 -340.495415 -346.034998 -349.535881 -351.812126 -353.339480 -354.274446 -354.979385 -355.513489 -355.982959 -356.506746 -357.183954 -358.140994 -359.576437 -361.780443 -365.187099 -370.440009 -378.476276 -390.613856 -408.658942 -435.335964 -480.319372 -611.137398 -1468.079859 -3919.160716 -9999.0 -9999.0
-9999.0 -9999.0 1011.307739 913.552447 816.095138 716.974006 615.245209 511.014352 404.284874 293.863119 176.041730 59.066179 -55.406490 -163.326964 -254.029228 -310.161484 -335.644169 -344.491752 -346.006161 -344.689034 -241.849831 -53.629277 143.280390 352.417717 571.285440 499.295950 424.850755 348.738699 271.299109 192.670167 112.965713 32.413508 -48.488818 -127.976612 -201.597901 -259.711201 -298.276223 -318.209888 -324.204184 -326.458695 -313.359044 -195.704081 -3119.331982 -3935.628658 -3935.643564 -3935.643564 -3935.643564 -3935.643564 -3935.643564 -3935.643564 -3935.643564 -3935.643564 -3935.643564 -3935.643564 -3935.643564 -3935.643564 -3935.643564 -3935.643564 -3935.643561 -3935.643536 -3935.612353 -2946.587462 209.198799 173.061433 139.184553 102.223142 62.297704 20.013580 -24.080965 -69.434252 -115.090760 -159.994870 -202.657074 -241.234946 -273.949041 -299.730874 -318.653620 -331.769844 -340.495415 -346.034998 -349.535881 -351.812126 -353.339480 -354.274446 -354.979385 -355.513489 -355.982959 -356.506746 -357.183954 -358.140994 -359.576437 -361.780443 -365.187099 -370.440009 -378.476276 -390.613856 -408.658942 -435.335964 -480.319372 -611.137398 -1468.079857 -3919.160716 -9999.0 -9999.0
-9999.0 -9999.0 1011.307739 913.552447 816.095138 716.974006 615.245209 511.014352 404.284874 293.863119 176.041730 59.066179 -55.406490 -163.326964 -254.029228 -310.161484 -335.644169 -344.491752 -346.006161 -344.689034 -241.849831 -53.629277 143.280390 352.417717 571.285440 499.295950 424.850755 348.738699 271.299109 192.670167 112.965713 32.413508 -48.488818 -127.976612 -201.597901 -259.711201 -298.276223 -318.209888 -324.204184 -326.458695 -313.359044 -195.704081 -3119.331982 -3935.628658 -3935.643564 -3935.643564 -3935.643564 -3935.643564 -3935.643564 -3935.643564 -3935.643564 -3935.643564 -3935.643564 -3935.643564 -3935.643564 -3935.643564 -3935.643564 -3935.643564 -3935.643561 -3935.643536 -3935.612353 -2946.587462 209.198799 173.061433 139.184553 102.223142 62.297704 20.013580 -24.080965 -69.434252 -115.090760 -159.994870 -202.657074 -241.234946 -273.949041 -299.730874 -318.653620 -331.769844 -340.495415 -346.034998 -349.535881 -351.812126 -353.339480 -354.274446 -354.979385 -355.513489 -355.982959 -356.506746 -357.183954 -358.140994 -359.576437 -361.780443 -365.187099 -370.440009 -378.476276 -390.613856 -408.658942 -435.335964 -480.319372 -611.137398 -1468.079855 -3919.160715 -9999.0 -9999.0
-9999.0 -9999.0 1011.293962 913.544286 816.091257 716.972328 615.244505 511.014063 404.284754 293.863069 176.041709 59.066170 -55.406494 -163.326965 -254.029229 -310.161484 -335.644169 -344.491752 -346.006161 -344.689034 -241.849831 -53.629277 143.280390 352.417717 571.285440 499.295950 424.850755 348.738699 271.299109 192.670167 112.965713 32.413508 -48.488818 -127.976612 -201.597901 -259.711200 -298.276222 -318.209888 -324.204183 -326.458695 -313.359049 -195.704087 -3119.331982 -3935.628658 -3935.643564 -3935.643564 -3935.643564 -3935.643564 -3935.643564 -3935.643564 -3935.643564 -3935.643564 -3935.643564 -3935.643564 -3935.643564 -3935.643564 -3935.643564 -3935.643564 -3935.643561 -3935.643536 -3935.612353 -2946.587462 209.198799 173.061432 139.184553 102.223141 62.297704 20.013579 -24.080965 -69.434252 -115.090760 -159.994870 -202.657074 -241.234946 -273.949041 -299.730874 -318.653620 -331.769844 -340.495415 -346.034998 -349.535881 -351.812126 -353.339480 -354.274446 -354.979385 -355.513489 -355.982959 -356.506746 -357.183954 -358.140994 -359.576437 -361.780443 -365.187099 -370.440009 -378.476276 -390.613856 -408.658942 -435.335964 -480.319372 -611.137398 -1468.079861 -3919.160716 -9999.0 -9999.0
-9999.0 -9999.0 1011.265750 913.531262 816.086148 716.970370 615.243738 511.013759 404.284631 293.863019 176.041688 59.066161 -55.406498 -163.326967 -254.029230 -310.161485 -335.644169 -344.491752 -346.006161 -344.689034 -241.849831 -53.629277 143.280390 352.417716 571.285440 499.295950 424.850755 348.738699 271.299109 192.670166 112.965713 32.413508 -48.488818 -127.976612 -201.597901 -259.711200 -298.276221 -318.209886 -324.204182 -326.458696 -313.359058 -195.704104 -3119.331982 -3935.628658 -3935.643564 -3935.643564 -3935.643564 -3935.643564 -3935.643564 -3935.643564 -3935.643564 -3935.643564 -3935.643564 -3935.643564 -3935.643564 -3935.643564 -3935.643564 -3935.643564 -3935.643561 -3935.643536 -3935.612353 -2946.587462 209.198797 173.061432 139.184551 102.223141 62.297703 20.013579 -24.080966 -69.434252 -115.090761 -159.994870 -202.657074 -241.234946 -273.949041 -299.730874 -318.653620 -331.769844 -340.495415 -346.034998 -349.535881 -351.812126 -353.339480 -354.274446 -354.979385 -355.513489 -355.982959 -356.506746 -357.183954 -358.140994 -359.576437 -361.780443 -365.187099 -370.440009 -378.476276 -390.613856 -408.658942 -435.335964 -480.319372 -611.137399 -1468.079863 -3919.160716 -9999.0 -9999.0
-9999.0 -9999.0 -9999.0 -9999.0 -9999.0 -9999.0 -9999.0 -9999.0 -9999.0 -9999.0 -9999.0 -9999.0 -9999.0 -9999.0 -9999.0 -9999.0 -9999.0 -9999.0 -9999.0 -9999.0 -9999.0 -9999.0 -9999.0 -9999.0 -9999.0 -9999.0 -9999.0 -9999.0 -9999.0 -9999.0 -9999.0 -9999.0 -9999.0 -9999.0 -9999.0 -9999.0 -9999.0 -9999.0 -9999.0 -9999.0 -9999.0 -9999.0 -9999.0 -9999.0 -9999.0 -9999.0 -9999.0 -9999.0 -9999.0 -9999.0 -9999.0 -9999.0 -9999.0 -9999.0 -9999.0 -9999.0 -9999.0 -9999.0 -9999.0 -9999.0 -9999.0 -9999.0 -9999.0 -9999.0 -9999.0 -9999.0 -9999.0 -9999.0 -9999.0 -9999.0 -9999.0 -9999.0 -9999.0 -9999.0 -9999.0 -9999.0 -9999.0 -9999.0 -9999.0 -9999.0 -9999.0 -9999.0 -9999.0 -9999.0 -9999.0 -9999.0 -9999.0 -9999.0 -9999.0 -9999.0 -9999.0 -9999.0 -9999.0 -9999.0 -9999.0 -9999.0 -9999.0 -9999.0 -9999.0 -9999.0 -9999.0 -9999.0 -9999.0 -9999.0
-9999.0 -9999.0 -9999.0 -9999.0 -9999.0 -9999.0 -9999.0 -9999.0 -9999.0 -9999.0 -9999.0 -9999.0 -9999.0 -9999.0 -9999.0 -9999.0 -9999.0 -9999.0 -9999.0 -9999.0 -9999.0 -9999.0 -9999.0 -9999.0 -9999.0 -9999.0 -9999.0 -9999.0 -9999.0 -9999.0 -9999.0 -9999.0 -9999.0 -9999.0 -9999.0 -9999.0 -9999.0 -9999.0 -9999.0 -9999.0 -9999.0 -9999.0 -9999.0 -9999.0 -9999.0 -9999.0 -9999.0 -9999.0 -9999.0 -9999.0 -9999.0 -9999.0 -9999.0 -9999.0 -9999.0 -9999.0 -9999.0 -9999.0 -9999.0 -9999.0 -9999.0 -9999.0 -9999.0 -9999.0 -9999.0 -9999.0 -9999.0 -9999.0 -9999.0 -9999.0 -9999.0 -9999.0 -9999.0 -9999.0 -9999.0 -9999.0 -9999.0 -9999.0 -9999.0 -9999.0 -9999.0 -9999.0 -9999.0 -9999.0 -9999.0 -9999.0 -9999.0 -9999.0 -9999.0 -9999.0 -9999.0 -9999.0 -9999.0 -9999.0 -9999.0 -9999.0 -9999.0 -9999.0 -9999.0 -9999.0 -9999.0 -9999.0 -9999.0 -9999.0