tests/3D/superslab/out/maps3D/PwL0093N0002.asc
ncols         104
nrows         10
xllcorner     -2.000000
yllcorner     0.000000
cellsize      1.000000
NODATA_value  -9999.0
-9999.0 -9999.0 -9999.0 -9999.0 -9999.0 -9999.0 -9999.0 -9999.0 -9999.0 -9999.0 -9999.0 -9999.0 -9999.0 -9999.0 -9999.0 -9999.0 -9999.0 -9999.0 -9999.0 -9999.0 -9999.0 -9999.0 -9999.0 -9999.0 -9999.0 -9999.0 -9999.0 -9999.0 -9999.0 -9999.0 -9999.0 -9999.0 -9999.0 -9999.0 -9999.0 -9999.0 -9999.0 -9999.0 -9999.0 -9999.0 -9999.0 -9999.0 -9999.0 -9999.0 -9999.0 -9999.0 -9999.0 -9999.0 -9999.0 -9999.0 -9999.0 -9999.0 -9999.0 -9999.0 -9999.0 -9999.0 -9999.0 -9999.0 -9999.0 -9999.0 -9999.0 -9999.0 -9999.0 -9999.0 -9999.0 -9999.0 -9999.0 -9999.0 -9999.0 -9999.0 -9999.0 -9999.0 -9999.0 -9999.0 -9999.0 -9999.0 -9999.0 -9999.0 -9999.0 -9999.0 -9999.0 -9999.0 -9999.0 -9999.0 -9999.0 -9999.0 -9999.0 -9999.0 -9999.0 -9999.0 -9999.0 -9999.0 -9999.0 -9999.0 -9999.0 -9999.0 -9999.0 -9999.0 -9999.0 -9999.0 -9999.0 -9999.0 -9999.0 -9999.0
-9999.0 -9999.0 -9999.0 -9999.0 -9999.0 -9999.0 -9999.0 -9999.0 -9999.0 -9999.0 -9999.0 -9999.0 -9999.0 -9999.0 -9999.0 -9999.0 -9999.0 -9999.0 -9999.0 -9999.0 -9999.0 -9999.0 -9999.0 -9999.0 -9999.0 -9999.0 -9999.0 -9999.0 -9999.0 -9999.0 -9999.0 -9999.0 -9999.0 -9999.0 -9999.0 -9999.0 -9999.0 -9999.0 -9999.0 -9999.0 -9999.0 -9999.0 -9999.0 -9999.0 -9999.0 -9999.0 -9999.0 -9999.0 -9999.0 -9999.0 -9999.0 -9999.0 -9999.0 -9999.0 -9999.0 -9999.0 -9999.0 -9999.0 -9999.0 -9999.0 -9999.0 -9999.0 -9999.0 -9999.0 -9999.0 -9999.0 -9999.0 -9999.0 -9999.0 -9999.0 -9999.0 -9999.0 -9999.0 -9999.0 -9999.0 -9999.0 -9999.0 -9999.0 -9999.0 -9999.0 -9999.0 -9999.0 -9999.0 -9999.0 -9999.0 -9999.0 -9999.0 -9999.0 -9999.0 -9999.0 -9999.0 -9999.0 -9999.0 -9999.0 -9999.0 -9999.0 -9999.0 -9999.0 -9999.0 -9999.0 -9999.0 -9999.0 -9999.0 -9999.0
-9999.0 -9999.0 -32.310896 -127.048160 -212.930658 -283.432831 -330.491557 -355.066582 -365.173580 -369.030947 -370.461688 -370.986367 -371.177808 -371.247466 -371.272763 -371.281934 -371.285253 -371.286453 -371.286885 -371.287041 -371.287097 -371.287117 -371.287124 -371.287125 -371.287125 -371.287123 -371.287119 -371.287112 -371.287103 -371.287088 -371.287066 -371.287035 -371.286991 -371.286931 -371.286851 -371.286748 -371.286618 -371.286459 -371.286271 -371.286053 -371.285809 -371.285546 -371.285269 -371.284986 -371.284697 -371.284378 -371.283687 -371.282138 -371.278984 -371.274043 -371.273346 -371.320200 -371.293289 -371.289071 -371.287843 -371.287399 -371.287235 -371.287178 -371.287167 -371.287184 -371.287232 -371.287329 -371.287518 -371.287876 -371.288544 -371.289763 -371.291953 -371.295808 -371.302460 -371.313698 -371.332267 -371.362248 -371.409504 -371.482165 -371.591080 -371.750162 -371.976535 -372.290409 -372.714662 -373.274156 -373.994900 -374.903191 -376.024892 -377.384981 -379.007434 -380.915497 -383.132340 -385.682086 -388.591220 -391.890435 -395.617049 -399.818228 -404.555499 -409.911327 -415.999274 -422.980521 -431.092574 -440.703011 -452.420573 -467.359067 -487.925115 -521.405109 -9999.0 -9999.0
-9999.0 -9999.0 -32.310896 -127.048160 -212.930658 -283.432831 -330.491557 -355.066582 -365.173580 -369.030947 -370.461688 -370.986367 -371.177808 -371.247466 -371.272763 -371.281934 -371.285253 -371.286453 -371.286885 -371.287041 -371.287097 -371.287117 -371.287124 -371.287125 -371.287125 -371.287123 -371.287119 -371.287112 -371.287103 -371.287088 -371.287066 -371.287035 -371.286991 -371.286931 -371.286851 -371.286748 -371.286618 -371.286459 -371.286271 -371.286053 -371.285809 -371.285546 -371.285269 -371.284986 -371.284697 -371.284378 -371.283687 -371.282138 -371.278984 -371.274043 -371.273346 -371.320200 -371.293289 -371.289071 -371.287843 -371.287399 -371.287235 -371.287178 -371.287167 -371.287184 -371.287232 -371.287329 -371.287518 -371.287876 -371.288544 -371.289763 -371.291953 -371.295808 -371.302460 -371.313698 -371.332267 -371.362248 -371.409504 -371.482165 -371.591080 -371.750162 -371.976535 -372.290409 -372.714662 -373.274156 -373.994900 -374.903191 -376.024892 -377.384981 -379.007434 -380.915497 -383.132340 -385.682086 -388.591220 -391.890435 -395.617049 -399.818228 -404.555499 -409.911327 -415.999274 -422.980521 -431.092574 -440.703011 -452.420573 -467.359067 -487.925115 -521.405109 -9999.0 -9999.0
-9999.0 -9999.0 -32.310896 -127.048160 -212.930658 -283.432831 -330.491557 -355.066582 -365.173580 -369.030947 -370.461688 -370.986367 -371.177808 -371.247466 -371.272763 -371.281934 -371.285253 -371.286453 -371.286885 -371.287041 -371.287097 -371.287117 -371.287124 -371.287125 -371.287125 -371.287123 -371.287119 -371.287112 -371.287103 -371.287088 -371.287066 -371.287035 -371.286991 -371.286931 -371.286851 -371.286748 -371.286618 -371.286459 -371.286271 -371.286053 -371.285809 -371.285546 -371.285269 -371.284986 -371.284697 -371.284378 -371.283687 -371.282138 -371.278984 -371.274043 -371.273346 -371.320200 -371.293289 -371.289071 -371.287843 -371.287399 -371.287235 -371.287178 -371.287167 -371.287184 -371.287232 -371.287329 -371.287518 -371.287876 -371.288544 -371.289763 -371.291953 -371.295808 -371.302460 -371.313698 -371.332267 -371.362248 -371.409504 -371.482165 -371.591080 -371.750162 -371.976535 -372.290409 -372.714662 -373.274156 -373.994900 -374.903191 -376.024892 -377.384981 -379.007434 -380.915497 -383.132340 -385.682086 -388.591220 -391.890435 -395.617049 -399.818228 -404.555499 -409.911327 -415.999274 -422.980521 -431.092574 -440.703011 -452.420573 -467.359067 -487.925115 -521.405109 -9999.0 -9999.0
-9999.0 -9999.0 -32.310896 -127.048160 -212.930658 -283.432831 -330.491557 -355.066582 -365.173580 -369.030947 -370.461688 -370.986367 -371.177808 -371.247466 -371.272763 -371.281934 -371.285253 -371.286453 -371.286885 -371.287041 -371.287097 -371.287117 -371.287124 -371.287125 -371.287125 -371.287123 -371.287119 -371.287112 -371.287103 -371.287088 -371.287066 -371.287035 -371.286991 -371.286931 -371.286851 -371.286748 -371.286618 -371.286459 -371.286271 -371.286053 -371.285809 -371.285546 -371.285269 -371.284986 -371.284697 -371.284378 -371.283687 -371.282138 -371.278984 -371.274043 -371.273346 -371.320200 -371.293289 -371.289071 -371.287843 -371.287399 -371.287235 -371.287178 -371.287167 -371.287184 -371.287232 -371.287329 -371.287518 -371.287876 -371.288544 -371.289763 -371.291953 -371.295808 -371.302460 -371.313698 -371.332267 -371.362248 -371.409504 -371.482165 -371.591080 -371.750162 -371.976535 -372.290409 -372.714662 -373.274156 -373.994900 -374.903191 -376.024892 -377.384981 -379.007434 -380.915497 -383.132340 -385.682086 -388.591220 -391.890435 -395.617049 -399.818228 -404.555499 -409.911327 -415.999274 -422.980521 -431.092574 -440.703011 -452.420573 -467.359067 -487.925115 -521.405109 -9999.0 -9999.0
-9999.0 -9999.0 -32.310896 -127.048160 -212.930658 -283.432831 -330.491557 -355.066582 -365.173580 -369.030947 -370.461688 -370.986367 -371.177808 -371.247466 -371.272763 -371.281934 -371.285253 -371.286453 -371.286885 -371.287041 -371.287097 -371.287117 -371.287124 -371.287125 -371.287125 -371.287123 -371.287119 -371.287112 -371.287103 -371.287088 -371.287066 -371.287035 -371.286991 -371.286931 -371.286851 -371.286748 -371.286618 -371.286459 -371.286271 -371.286053 -371.285809 -371.285546 -371.285269 -371.284986 -371.284697 -371.284378 -371.283687 -371.282138 -371.278984 -371.274043 -371.273346 -371.320200 -371.293289 -371.289071 -371.287843 -371.287399 -371.287235 -371.287178 -371.287167 -371.287184 -371.287232 -371.287329 -371.287518 -371.287876 -371.288544 -371.289763 -371.291953 -371.295808 -371.302460 -371.313698 -371.332267 -371.362248 -371.409504 -371.482165 -371.591080 -371.750162 -371.976535 -372.290409 -372.714662 -373.274156 -373.994900 -374.903191 -376.024892 -377.384981 -379.007434 -380.915497 -383.132340 -385.682086 -388.591220 -391.890435 -395.617049 -399.818228 -404.555499 -409.911327 -415.999274 -422.980521 -431.092574 -440.703011 -452.420573 -467.359067 -487.925115 -521.405109 -9999.0 -9999.0
-9999.0 -9999.0 -32.310896 -127.048160 -212.930658 -283.432831 -330.491557 -355.066582 -365.173580 -369.030947 -370.461688 -370.986367 -371.177808 -371.247466 -371.272763 -371.281934 -371.285253 -371.286453 -371.286885 -371.287041 -371.287097 -371.287117 -371.287124 -371.287125 -371.287125 -371.287123 -371.287119 -371.287112 -371.287103 -371.287088 -371.287066 -371.287035 -371.286991 -371.286931 -371.286851 -371.286748 -371.286618 -371.286459 -371.286271 -371.286053 -371.285809 -371.285546 -371.285269 -371.284986 -371.284697 -371.284378 -371.283687 -371.282138 -371.278984 -371.274043 -371.273346 -371.320200 -371.293289 -371.289071 -371.287843 -371.287399 -371.287235 -371.287178 -371.287167 -371.287184 -371.287232 -371.287329 -371.287518 -371.287876 -371.288544 -371.289763 -371.291953 -371.295808 -371.302460 -371.313698 -371.332267 -371.362248 -371.409504 -371.482165 -371.591080 -371.750162 -371.976535 -372.290409 -372.714662 -373.274156 -373.994900 -374.903191 -376.024892 -377.384981 -379.007434 -380.915497 -383.132340 -385.682086 -388.591220 -391.890435 -395.617049 -399.818228 -404.555499 -409.911327 -415.999274 -422.980521 -431.092574 -440.703011 -452.420573 -467.359067 -487.925115 -521.405109 -9999.0 -9999.0
-9999.0 -9999.0 -9999.0 -9999.0 -9999.0 -9999.0 -9999.0 -9999.0 -9999.0 -9999.0 -9999.0 -9999.0 -9999.0 -9999.0 -9999.0 -9999.0 -9999.0 -9999.0 -9999.0 -9999.0 -9999.0 -9999.0 -9999.0 -9999.0 -9999.0 -9999.0 -9999.0 -9999.0 -9999.0 -9999.0 -9999.0 -9999.0 -9999.0 -9999.0 -9999.0 -9999.0 -9999.0 -9999.0 -9999.0 -9999.0 -9999.0 -9999.0 -9999.0 -9999.0 -9999.0 -9999.0 -9999.0 -9999.0 -9999.0 -9999.0 -9999.0 -9999.0 -9999.0 -9999.0 -9999.0 -9999.0 -9999.0 -9999.0 -9999.0 -9999.0 -9999.0 -9999.0 -9999.0 -9999.0 -9999.0 -9999.0 -9999.0 -9999.0 -9999.0 -9999.0 -9999.0 -9999.0 -9999.0 -9999.0 -9999.0 -9999.0 -9999.0 -9999.0 -9999.0 -9999.0 -9999.0 -9999.0 -9999.0 -9999.0 -9999.0 -9999.0 -9999.0 -9999.0 -9999.0 -9999.0 -9999.0 -9999.0 -9999.0 -9999.0 -9999.0 -9999.0 -9999.0 -9999.0 -9999.0 -9999.0 -9999.0 -9999.0 -9999.0 -9999.0
-9999.0 -9999.0 -9999.0 -9999.0 -9999.0 -9999.0 -9999.0 -9999.0 -9999.0 -9999.0 -9999.0 -9999.0 -9999.0 -9999.0 -9999.0 -9999.0 -9999.0 -9999.0 -9999.0 -9999.0 -9999.0 -9999.0 -9999.0 -9999.0 -9999.0 -9999.0 -9999.0 -9999.0 -9999.0 -9999.0 -9999.0 -9999.0 -9999.0 -9999.0 -9999.0 -9999.0 -9999.0 -9999.0 -9999.0 -9999.0 -9999.0 -9999.0 -9999.0 -9999.0 -9999.0 -9999.0 -9999.0 -9999.0 -9999.0 -9999.0 -9999.0 -9999.0 -9999.0 -9999.0 -9999.0 -9999.0 -9999.0 -9999.0 -9999.0 -9999.0 -9999.0 -9999.0 -9999.0 -9999.0 -9999.0 -9999.0 -9999.0 -9999.0 -9999.0 -9999.0 -9999.0 -9999.0 -9999.0 -9999.0 -9999.0 -9999.0 -9999.0 -9999.0 -9999.0 -9999.0 -9999.0 -9999.0 -9999.0 -9999.0 -9999.0 -9999.0 -9999.0 -9999.0 -9999.0 -9999.0 -9999.0 -9999.0 -9999.0 -9999.0 -9999.0 -9999.0 -9999.0 -9999.0 -9999.0 -9999.0 -9999.0 -9999.0 -9999.0 -9999.0