tests/3D/superslab/out/maps3D/PwL0029N0005.asc
ncols         104
nrows         10
xllcorner     -2.000000
yllcorner     0.000000
cellsize      1.000000
NODATA_value  -9999.0
-9999.0 -9999.0 -9999.0 -9999.0 -9999.0 -9999.0 -9999.0 -9999.0 -9999.0 -9999.0 -9999.0 -9999.0 -9999.0 -9999.0 -9999.0 -9999.0 -9999.0 -9999.0 -9999.0 -9999.0 -9999.0 -9999.0 -9999.0 -9999.0 -9999.0 -9999.0 -9999.0 -9999.0 -9999.0 -9999.0 -9999.0 -9999.0 -9999.0 -9999.0 -9999.0 -9999.0 -9999.0 -9999.0 -9999.0 -9999.0 -9999.0 -9999.0 -9999.0 -9999.0 -9999.0 -9999.0 -9999.0 -9999.0 -9999.0 -9999.0 -9999.0 -9999.0 -9999.0 -9999.0 -9999.0 -9999.0 -9999.0 -9999.0 -9999.0 -9999.0 -9999.0 -9999.0 -9999.0 -9999.0 -9999.0 -9999.0 -9999.0 -9999.0 -9999.0 -9999.0 -9999.0 -9999.0 -9999.0 -9999.0 -9999.0 -9999.0 -9999.0 -9999.0 -9999.0 -9999.0 -9999.0 -9999.0 -9999.0 -9999.0 -9999.0 -9999.0 -9999.0 -9999.0 -9999.0 -9999.0 -9999.0 -9999.0 -9999.0 -9999.0 -9999.0 -9999.0 -9999.0 -9999.0 -9999.0 -9999.0 -9999.0 -9999.0 -9999.0 -9999.0
-9999.0 -9999.0 -9999.0 -9999.0 -9999.0 -9999.0 -9999.0 -9999.0 -9999.0 -9999.0 -9999.0 -9999.0 -9999.0 -9999.0 -9999.0 -9999.0 -9999.0 -9999.0 -9999.0 -9999.0 -9999.0 -9999.0 -9999.0 -9999.0 -9999.0 -9999.0 -9999.0 -9999.0 -9999.0 -9999.0 -9999.0 -9999.0 -9999.0 -9999.0 -9999.0 -9999.0 -9999.0 -9999.0 -9999.0 -9999.0 -9999.0 -9999.0 -9999.0 -9999.0 -9999.0 -9999.0 -9999.0 -9999.0 -9999.0 -9999.0 -9999.0 -9999.0 -9999.0 -9999.0 -9999.0 -9999.0 -9999.0 -9999.0 -9999.0 -9999.0 -9999.0 -9999.0 -9999.0 -9999.0 -9999.0 -9999.0 -9999.0 -9999.0 -9999.0 -9999.0 -9999.0 -9999.0 -9999.0 -9999.0 -9999.0 -9999.0 -9999.0 -9999.0 -9999.0 -9999.0 -9999.0 -9999.0 -9999.0 -9999.0 -9999.0 -9999.0 -9999.0 -9999.0 -9999.0 -9999.0 -9999.0 -9999.0 -9999.0 -9999.0 -9999.0 -9999.0 -9999.0 -9999.0 -9999.0 -9999.0 -9999.0 -9999.0 -9999.0 -9999.0
-9999.0 -9999.0 1354.703745 1254.463823 1153.342378 1051.736398 950.433394 849.304280 746.765728 641.508090 531.927510 422.273819 313.675034 206.648054 101.657445 -0.734890 -99.053606 -188.054797 -257.558903 -301.160485 -323.405066 -333.149741 -336.794508 -337.842677 -230.929254 -39.859111 151.609451 348.431320 550.212402 464.590115 378.697842 292.773537 206.859048 120.833437 34.550137 -51.824350 -135.556249 -209.342846 -261.470184 -351.661253 -428.497285 -464.222582 -549.820242 -798.328233 -1465.513510 -3423.761087 -3522.140695 -919.305313 -335.550313 -276.729506 -247.627265 -227.443525 -211.310987 -197.418668 -185.647141 -175.404956 -165.795481 -157.030000 -149.256581 -142.634059 -136.615728 -130.668499 -119.328135 -131.167195 -148.279562 -167.580463 -188.797658 -210.515599 -232.613202 -253.803772 -273.968045 -292.000630 -307.579640 -320.608781 -330.714151 -338.337109 -343.910791 -347.797773 -350.469741 -352.299246 -353.538829 -354.370809 -354.943797 -355.366359 -355.696122 -355.994599 -356.326870 -356.760803 -357.381383 -358.316878 -359.761556 -362.004855 -365.484650 -370.849052 -379.036309 -391.355815 -409.595063 -436.700927 -488.192628 -724.063078 -2936.965367 -3539.873541 -9999.0 -9999.0
-9999.0 -9999.0 1354.738841 1254.482383 1153.350453 1051.739670 950.434682 849.304789 746.765931 641.508172 531.927543 422.273833 313.675040 206.648057 101.657446 -0.734890 -99.053606 -188.054797 -257.558903 -301.160485 -323.405066 -333.149741 -336.794508 -337.842677 -230.929254 -39.859111 151.609451 348.431320 550.212402 464.590115 378.697842 292.773537 206.859048 120.833437 34.550137 -51.824350 -135.556249 -209.342846 -261.470185 -351.661255 -428.497285 -464.222582 -549.820241 -798.328232 -1465.513510 -3423.761087 -3522.140694 -919.305308 -335.550313 -276.729506 -247.627265 -227.443525 -211.310987 -197.418668 -185.647141 -175.404956 -165.795481 -157.030000 -149.256581 -142.634059 -136.615728 -130.668499 -119.328135 -131.167195 -148.279562 -167.580463 -188.797658 -210.515599 -232.613202 -253.803772 -273.968045 -292.000630 -307.579640 -320.608781 -330.714151 -338.337109 -343.910791 -347.797773 -350.469742 -352.299246 -353.538829 -354.370809 -354.943797 -355.366359 -355.696122 -355.994599 -356.326870 -356.760803 -357.381383 -358.316878 -359.761555 -362.004855 -365.484650 -370.849052 -379.036309 -391.355815 -409.595063 -436.700927 -488.192628 -724.063077 -2936.965365 -3539.873541 -9999.0 -9999.0
-9999.0 -9999.0 1354.762320 1254.496420 1153.357246 1051.742627 950.435898 849.305281 746.766131 641.508253 531.927576 422.273846 313.675045 206.648059 101.657447 -0.734889 -99.053606 -188.054797 -257.558903 -301.160485 -323.405066 -333.149741 -336.794508 -337.842677 -230.929254 -39.859111 151.609451 348.431320 550.212402 464.590115 378.697842 292.773537 206.859048 120.833437 34.550137 -51.824350 -135.556249 -209.342846 -261.470186 -351.661256 -428.497285 -464.222582 -549.820242 -798.328232 -1465.513509 -3423.761087 -3522.140694 -919.305304 -335.550313 -276.729506 -247.627265 -227.443525 -211.310987 -197.418668 -185.647141 -175.404956 -165.795481 -157.030000 -149.256581 -142.634059 -136.615728 -130.668499 -119.328134 -131.167195 -148.279562 -167.580463 -188.797658 -210.515599 -232.613202 -253.803772 -273.968045 -292.000630 -307.579640 -320.608781 -330.714151 -338.337109 -343.910791 -347.797773 -350.469742 -352.299246 -353.538829 -354.370809 -354.943797 -355.366359 -355.696122 -355.994599 -356.326870 -356.760803 -357.381383 -358.316878 -359.761555 -362.004855 -365.484650 -370.849052 -379.036309 -391.355815 -409.595063 -436.700927 -488.192628 -724.063076 -2936.965361 -3539.873541 -9999.0 -9999.0
-9999.0 -9999.0 1354.762320 1254.496420 1153.357246 1051.742627 950.435898 849.305281 746.766131 641.508253 531.927576 422.273846 313.675045 206.648059 101.657447 -0.734889 -99.053606 -188.054797 -257.558903 -301.160485 -323.405066 -333.149741 -336.794508 -337.842677 -230.929254 -39.859111 151.609451 348.431320 550.212402 464.590115 378.697842 292.773537 206.859048 120.833437 34.550137 -51.824350 -135.556249 -209.342846 -261.470186 -351.661256 -428.497285 -464.222582 -549.820242 -798.328232 -1465.513509 -3423.761087 -3522.140694 -919.305305 -335.550313 -276.729506 -247.627265 -227.443525 -211.310987 -197.418668 -185.647141 -175.404956 -165.795481 -157.030000 -149.256581 -142.634059 -136.615728 -130.668499 -119.328134 -131.167195 -148.279562 -167.580463 -188.797658 -210.515599 -232.613202 -253.803772 -273.968045 -292.000630 -307.579640 -320.608781 -330.714151 -338.337109 -343.910791 -347.797773 -350.469742 -352.299246 -353.538829 -354.370809 -354.943797 -355.366359 -355.696122 -355.994599 -356.326870 -356.760803 -357.381383 -358.316878 -359.761555 -362.004855 -365.484650 -370.849052 -379.036309 -391.355815 -409.595063 -436.700927 -488.192628 -724.063077 -2936.965362 -3539.873541 -9999.0 -9999.0
-9999.0 -9999.0 1354.738841 1254.482383 1153.350453 1051.739670 950.434682 849.304789 746.765931 641.508172 531.927543 422.273833 313.675040 206.648057 101.657446 -0.734890 -99.053606 -188.054797 -257.558903 -301.160485 -323.405066 -333.149741 -336.794508 -337.842677 -230.929254 -39.859111 151.609451 348.431320 550.212402 464.590115 378.697842 292.773537 206.859048 120.833437 34.550137 -51.824350 -135.556249 -209.342846 -261.470185 -351.661255 -428.497285 -464.222582 -549.820241 -798.328231 -1465.513510 -3423.761087 -3522.140694 -919.305308 -335.550313 -276.729506 -247.627265 -227.443525 -211.310987 -197.418668 -185.647141 -175.404956 -165.795481 -157.030000 -149.256581 -142.634059 -136.615728 -130.668499 -119.328135 -131.167195 -148.279562 -167.580463 -188.797658 -210.515599 -232.613202 -253.803772 -273.968045 -292.000630 -307.579640 -320.608781 -330.714151 -338.337109 -343.910791 -347.797773 -350.469742 -352.299246 -353.538829 -354.370809 -354.943797 -355.366359 -355.696122 -355.994599 -356.326870 -356.760803 -357.381383 -358.316878 -359.761555 -362.004855 -365.484650 -370.849052 -379.036309 -391.355815 -409.595063 -436.700927 -488.192628 -724.063077 -2936.965364 -3539.873541 -9999.0 -9999.0
-9999.0 -9999.0 1354.703745 1254.463823 1153.342378 1051.736398 950.433394 849.304280 746.765728 641.508090 531.927510 422.273819 313.675034 206.648054 101.657445 -0.734890 -99.053606 -188.054797 -257.558903 -301.160485 -323.405066 -333.149741 -336.794508 -337.842677 -230.929254 -39.859111 151.609451 348.431320 550.212402 464.590115 378.697842 292.773537 206.859048 120.833437 34.550137 -51.824350 -135.556249 -209.342846 -261.470184 -351.661253 -428.497285 -464.222582 -549.820242 -798.328233 -1465.513510 -3423.761087 -3522.140695 -919.305313 -335.550313 -276.729506 -247.627265 -227.443525 -211.310987 -197.418668 -185.647141 -175.404956 -165.795481 -157.030000 -149.256581 -142.634059 -136.615728 -130.668499 -119.328134 -131.167195 -148.279562 -167.580463 -188.797658 -210.515599 -232.613202 -253.803772 -273.968045 -292.000630 -307.579640 -320.608781 -330.714151 -338.337109 -343.910791 -347.797773 -350.469741 -352.299246 -353.538829 -354.370809 -354.943797 -355.366359 -355.696122 -355.994599 -356.326870 -356.760803 -357.381383 -358.316878 -359.761556 -362.004855 -365.484650 -370.849052 -379.036309 -391.355815 -409.595063 -436.700927 -488.192628 -724.063078 -2936.965368 -3539.873541 -9999.0 -9999.0
-9999.0 -9999.0 -9999.0 -9999.0 -9999.0 -9999.0 -9999.0 -9999.0 -9999.0 -9999.0 -9999.0 -9999.0 -9999.0 -9999.0 -9999.0 -9999.0 -9999.0 -9999.0 -9999.0 -9999.0 -9999.0 -9999.0 -9999.0 -9999.0 -9999.0 -9999.0 -9999.0 -9999.0 -9999.0 -9999.0 -9999.0 -9999.0 -9999.0 -9999.0 -9999.0 -9999.0 -9999.0 -9999.0 -9999.0 -9999.0 -9999.0 -9999.0 -9999.0 -9999.0 -9999.0 -9999.0 -9999.0 -9999.0 -9999.0 -9999.0 -9999.0 -9999.0 -9999.0 -9999.0 -9999.0 -9999.0 -9999.0 -9999.0 -9999.0 -9999.0 -9999.0 -9999.0 -9999.0 -9999.0 -9999.0 -9999.0 -9999.0 -9999.0 -9999.0 -9999.0 -9999.0 -9999.0 -9999.0 -9999.0 -9999.0 -9999.0 -9999.0 -9999.0 -9999.0 -9999.0 -9999.0 -9999.0 -9999.0 -9999.0 -9999.0 -9999.0 -9999.0 -9999.0 -9999.0 -9999.0 -9999.0 -9999.0 -9999.0 -9999.0 -9999.0 -9999.0 -9999.0 -9999.0 -9999.0 -9999.0 -9999.0 -9999.0 -9999.0 -9999.0
-9999.0 -9999.0 -9999.0 -9999.0 -9999.0 -9999.0 -9999.0 -9999.0 -9999.0 -9999.0 -9999.0 -9999.0 -9999.0 -9999.0 -9999.0 -9999.0 -9999.0 -9999.0 -9999.0 -9999.0 -9999.0 -9999.0 -9999.0 -9999.0 -9999.0 -9999.0 -9999.0 -9999.0 -9999.0 -9999.0 -9999.0 -9999.0 -9999.0 -9999.0 -9999.0 -9999.0 -9999.0 -9999.0 -9999.0 -9999.0 -9999.0 -9999.0 -9999.0 -9999.0 -9999.0 -9999.0 -9999.0 -9999.0 -9999.0 -9999.0 -9999.0 -9999.0 -9999.0 -9999.0 -9999.0 -9999.0 -9999.0 -9999.0 -9999.0 -9999.0 -9999.0 -9999.0 -9999.0 -9999.0 -9999.0 -9999.0 -9999.0 -9999.0 -9999.0 -9999.0 -9999.0 -9999.0 -9999.0 -9999.0 -9999.0 -9999.0 -9999.0 -9999.0 -9999.0 -9999.0 -9999.0 -9999.0 -9999.0 -9999.0 -9999.0 -9999.0 -9999.0 -9999.0 -9999.0 -9999.0 -9999.0 -9999.0 -9999.0 -9999.0 -9999.0 -9999.0 -9999.0 -9999.0 -9999.0 -9999.0 -9999.0 -9999.0 -9999.0 -9999.0