tests/3D/superslab/out/maps3D/PwL0013N0002.asc
ncols         104
nrows         10
xllcorner     -2.000000
yllcorner     0.000000
cellsize      1.000000
NODATA_value  -9999.0
-9999.0 -9999.0 -9999.0 -9999.0 -9999.0 -9999.0 -9999.0 -9999.0 -9999.0 -9999.0 -9999.0 -9999.0 -9999.0 -9999.0 -9999.0 -9999.0 -9999.0 -9999.0 -9999.0 -9999.0 -9999.0 -9999.0 -9999.0 -9999.0 -9999.0 -9999.0 -9999.0 -9999.0 -9999.0 -9999.0 -9999.0 -9999.0 -9999.0 -9999.0 -9999.0 -9999.0 -9999.0 -9999.0 -9999.0 -9999.0 -9999.0 -9999.0 -9999.0 -9999.0 -9999.0 -9999.0 -9999.0 -9999.0 -9999.0 -9999.0 -9999.0 -9999.0 -9999.0 -9999.0 -9999.0 -9999.0 -9999.0 -9999.0 -9999.0 -9999.0 -9999.0 -9999.0 -9999.0 -9999.0 -9999.0 -9999.0 -9999.0 -9999.0 -9999.0 -9999.0 -9999.0 -9999.0 -9999.0 -9999.0 -9999.0 -9999.0 -9999.0 -9999.0 -9999.0 -9999.0 -9999.0 -9999.0 -9999.0 -9999.0 -9999.0 -9999.0 -9999.0 -9999.0 -9999.0 -9999.0 -9999.0 -9999.0 -9999.0 -9999.0 -9999.0 -9999.0 -9999.0 -9999.0 -9999.0 -9999.0 -9999.0 -9999.0 -9999.0 -9999.0
-9999.0 -9999.0 -9999.0 -9999.0 -9999.0 -9999.0 -9999.0 -9999.0 -9999.0 -9999.0 -9999.0 -9999.0 -9999.0 -9999.0 -9999.0 -9999.0 -9999.0 -9999.0 -9999.0 -9999.0 -9999.0 -9999.0 -9999.0 -9999.0 -9999.0 -9999.0 -9999.0 -9999.0 -9999.0 -9999.0 -9999.0 -9999.0 -9999.0 -9999.0 -9999.0 -9999.0 -9999.0 -9999.0 -9999.0 -9999.0 -9999.0 -9999.0 -9999.0 -9999.0 -9999.0 -9999.0 -9999.0 -9999.0 -9999.0 -9999.0 -9999.0 -9999.0 -9999.0 -9999.0 -9999.0 -9999.0 -9999.0 -9999.0 -9999.0 -9999.0 -9999.0 -9999.0 -9999.0 -9999.0 -9999.0 -9999.0 -9999.0 -9999.0 -9999.0 -9999.0 -9999.0 -9999.0 -9999.0 -9999.0 -9999.0 -9999.0 -9999.0 -9999.0 -9999.0 -9999.0 -9999.0 -9999.0 -9999.0 -9999.0 -9999.0 -9999.0 -9999.0 -9999.0 -9999.0 -9999.0 -9999.0 -9999.0 -9999.0 -9999.0 -9999.0 -9999.0 -9999.0 -9999.0 -9999.0 -9999.0 -9999.0 -9999.0 -9999.0 -9999.0
-9999.0 -9999.0 624.447217 536.524674 451.793024 367.027126 279.531085 187.735417 89.887867 -18.267300 -143.343386 -259.656585 -345.846410 -389.308219 -395.137958 -370.282464 -292.354922 -153.310815 -3.535973 164.681710 323.259913 271.766550 220.107993 168.725720 117.681035 77.400161 46.286975 23.686473 7.324894 -4.682385 -13.832724 -21.351279 -28.261968 -35.165417 -42.471330 -50.778261 -60.659706 -72.852341 -88.636871 -108.193981 -134.866383 -172.114840 -3774.321032 -4331.681642 -4331.683168 -4331.683168 -4331.683168 -4331.683168 -4331.683168 -4331.683168 -4331.683168 -4331.683168 -4331.683168 -4331.683168 -4331.683168 -4331.683168 -4331.683168 -4331.683168 -4331.683168 -4331.683168 -4331.680804 -3687.914641 573.306892 490.516283 411.726800 334.269829 257.967474 184.042085 114.390628 50.848564 -4.837406 -51.098810 -87.623151 -116.139649 -136.968277 -152.450441 -164.525526 -174.669362 -183.006825 -190.553283 -197.945117 -205.562827 -213.713723 -222.906930 -231.971600 -241.448443 -251.626003 -263.165267 -273.987362 -284.886481 -296.717369 -307.280744 -318.028837 -330.207136 -345.337556 -366.120321 -398.716710 -443.085201 -523.135426 -756.219597 -1876.212297 -4294.098686 -9999.0 -9999.0
-9999.0 -9999.0 624.514381 536.552167 451.803228 367.031025 279.532633 187.736050 89.888129 -18.267179 -143.343318 -259.656544 -345.846383 -389.308216 -395.137958 -370.282464 -292.354922 -153.310815 -3.535974 164.681710 323.259914 271.766550 220.107994 168.725720 117.681035 77.400162 46.286976 23.686473 7.324894 -4.682385 -13.832724 -21.351279 -28.261967 -35.165417 -42.471330 -50.778261 -60.659706 -72.852341 -88.636871 -108.193981 -134.866383 -172.114840 -3774.321032 -4331.681642 -4331.683168 -4331.683168 -4331.683168 -4331.683168 -4331.683168 -4331.683168 -4331.683168 -4331.683168 -4331.683168 -4331.683168 -4331.683168 -4331.683168 -4331.683168 -4331.683168 -4331.683168 -4331.683168 -4331.680804 -3687.914641 573.306892 490.516284 411.726800 334.269829 257.967474 184.042085 114.390628 50.848564 -4.837406 -51.098810 -87.623151 -116.139649 -136.968277 -152.450441 -164.525526 -174.669362 -183.006825 -190.553283 -197.945117 -205.562827 -213.713723 -222.906930 -231.971600 -241.448443 -251.626003 -263.165267 -273.987362 -284.886481 -296.717369 -307.280744 -318.028837 -330.207136 -345.337556 -366.120321 -398.716709 -443.085201 -523.135425 -756.219596 -1876.212285 -4294.098686 -9999.0 -9999.0
-9999.0 -9999.0 624.540320 536.567617 451.810609 367.034295 279.534042 187.736653 89.888385 -18.267060 -143.343251 -259.656502 -345.846357 -389.308212 -395.137958 -370.282463 -292.354922 -153.310815 -3.535974 164.681710 323.259914 271.766550 220.107994 168.725720 117.681035 77.400162 46.286976 23.686473 7.324895 -4.682385 -13.832724 -21.351279 -28.261967 -35.165417 -42.471330 -50.778261 -60.659706 -72.852341 -88.636871 -108.193981 -134.866383 -172.114840 -3774.321032 -4331.681642 -4331.683168 -4331.683168 -4331.683168 -4331.683168 -4331.683168 -4331.683168 -4331.683168 -4331.683168 -4331.683168 -4331.683168 -4331.683168 -4331.683168 -4331.683168 -4331.683168 -4331.683168 -4331.683168 -4331.680804 -3687.914641 573.306892 490.516283 411.726800 334.269829 257.967474 184.042085 114.390628 50.848564 -4.837406 -51.098810 -87.623151 -116.139649 -136.968277 -152.450441 -164.525526 -174.669362 -183.006825 -190.553283 -197.945117 -205.562827 -213.713723 -222.906930 -231.971600 -241.448443 -251.626003 -263.165267 -273.987362 -284.886481 -296.717369 -307.280744 -318.028837 -330.207136 -345.337556 -366.120321 -398.716710 -443.085201 -523.135425 -756.219594 -1876.212279 -4294.098684 -9999.0 -9999.0
-9999.0 -9999.0 624.540320 536.567617 451.810609 367.034295 279.534042 187.736653 89.888385 -18.267060 -143.343251 -259.656502 -345.846357 -389.308212 -395.137958 -370.282463 -292.354922 -153.310815 -3.535974 164.681710 323.259914 271.766550 220.107994 168.725720 117.681035 77.400162 46.286976 23.686473 7.324895 -4.682385 -13.832724 -21.351279 -28.261967 -35.165417 -42.471330 -50.778261 -60.659706 -72.852341 -88.636871 -108.193981 -134.866383 -172.114840 -3774.321032 -4331.681642 -4331.683168 -4331.683168 -4331.683168 -4331.683168 -4331.683168 -4331.683168 -4331.683168 -4331.683168 -4331.683168 -4331.683168 -4331.683168 -4331.683168 -4331.683168 -4331.683168 -4331.683168 -4331.683168 -4331.680804 -3687.914641 573.306892 490.516284 411.726800 334.269829 257.967474 184.042085 114.390628 50.848564 -4.837406 -51.098810 -87.623151 -116.139649 -136.968277 -152.450441 -164.525526 -174.669362 -183.006825 -190.553283 -197.945117 -205.562827 -213.713723 -222.906930 -231.971600 -241.448443 -251.626003 -263.165267 -273.987362 -284.886481 -296.717369 -307.280744 -318.028837 -330.207136 -345.337556 -366.120321 -398.716709 -443.085201 -523.135425 -756.219595 -1876.212274 -4294.098685 -9999.0 -9999.0
-9999.0 -9999.0 624.514381 536.552167 451.803228 367.031025 279.532633 187.736050 89.888129 -18.267179 -143.343318 -259.656544 -345.846383 -389.308216 -395.137958 -370.282464 -292.354922 -153.310815 -3.535974 164.681710 323.259914 271.766550 220.107994 168.725720 117.681035 77.400162 46.286976 23.686473 7.324894 -4.682385 -13.832724 -21.351279 -28.261967 -35.165417 -42.471330 -50.778261 -60.659706 -72.852341 -88.636871 -108.193981 -134.866383 -172.114840 -3774.321032 -4331.681642 -4331.683168 -4331.683168 -4331.683168 -4331.683168 -4331.683168 -4331.683168 -4331.683168 -4331.683168 -4331.683168 -4331.683168 -4331.683168 -4331.683168 -4331.683168 -4331.683168 -4331.683168 -4331.683168 -4331.680804 -3687.914641 573.306892 490.516283 411.726800 334.269829 257.967474 184.042085 114.390628 50.848564 -4.837406 -51.098810 -87.623151 -116.139649 -136.968277 -152.450441 -164.525526 -174.669362 -183.006825 -190.553283 -197.945117 -205.562827 -213.713723 -222.906930 -231.971600 -241.448443 -251.626003 -263.165267 -273.987362 -284.886481 -296.717369 -307.280744 -318.028837 -330.207136 -345.337556 -366.120321 -398.716710 -443.085201 -523.135425 -756.219595 -1876.212289 -4294.098686 -9999.0 -9999.0
-9999.0 -9999.0 624.447217 536.524674 451.793024 367.027126 279.531085 187.735417 89.887867 -18.267300 -143.343386 -259.656585 -345.846410 -389.308219 -395.137958 -370.282464 -292.354922 -153.310815 -3.535973 164.681710 323.259913 271.766550 220.107993 168.725720 117.681035 77.400161 46.286975 23.686473 7.324894 -4.682385 -13.832724 -21.351279 -28.261968 -35.165417 -42.471330 -50.778261 -60.659706 -72.852341 -88.636871 -108.193981 -134.866383 -172.114840 -3774.321032 -4331.681642 -4331.683168 -4331.683168 -4331.683168 -4331.683168 -4331.683168 -4331.683168 -4331.683168 -4331.683168 -4331.683168 -4331.683168 -4331.683168 -4331.683168 -4331.683168 -4331.683168 -4331.683168 -4331.683168 -4331.680804 -3687.914641 573.306892 490.516284 411.726800 334.269829 257.967474 184.042085 114.390628 50.848564 -4.837406 -51.098810 -87.623151 -116.139649 -136.968277 -152.450441 -164.525526 -174.669362 -183.006825 -190.553283 -197.945117 -205.562827 -213.713723 -222.906930 -231.971600 -241.448443 -251.626003 -263.165267 -273.987362 -284.886481 -296.717369 -307.280744 -318.028837 -330.207136 -345.337556 -366.120321 -398.716710 -443.085201 -523.135425 -756.219598 -1876.212292 -4294.098686 -9999.0 -9999.0
-9999.0 -9999.0 -9999.0 -9999.0 -9999.0 -9999.0 -9999.0 -9999.0 -9999.0 -9999.0 -9999.0 -9999.0 -9999.0 -9999.0 -9999.0 -9999.0 -9999.0 -9999.0 -9999.0 -9999.0 -9999.0 -9999.0 -9999.0 -9999.0 -9999.0 -9999.0 -9999.0 -9999.0 -9999.0 -9999.0 -9999.0 -9999.0 -9999.0 -9999.0 -9999.0 -9999.0 -9999.0 -9999.0 -9999.0 -9999.0 -9999.0 -9999.0 -9999.0 -9999.0 -9999.0 -9999.0 -9999.0 -9999.0 -9999.0 -9999.0 -9999.0 -9999.0 -9999.0 -9999.0 -9999.0 -9999.0 -9999.0 -9999.0 -9999.0 -9999.0 -9999.0 -9999.0 -9999.0 -9999.0 -9999.0 -9999.0 -9999.0 -9999.0 -9999.0 -9999.0 -9999.0 -9999.0 -9999.0 -9999.0 -9999.0 -9999.0 -9999.0 -9999.0 -9999.0 -9999.0 -9999.0 -9999.0 -9999.0 -9999.0 -9999.0 -9999.0 -9999.0 -9999.0 -9999.0 -9999.0 -9999.0 -9999.0 -9999.0 -9999.0 -9999.0 -9999.0 -9999.0 -9999.0 -9999.0 -9999.0 -9999.0 -9999.0 -9999.0 -9999.0
-9999.0 -9999.0 -9999.0 -9999.0 -9999.0 -9999.0 -9999.0 -9999.0 -9999.0 -9999.0 -9999.0 -9999.0 -9999.0 -9999.0 -9999.0 -9999.0 -9999.0 -9999.0 -9999.0 -9999.0 -9999.0 -9999.0 -9999.0 -9999.0 -9999.0 -9999.0 -9999.0 -9999.0 -9999.0 -9999.0 -9999.0 -9999.0 -9999.0 -9999.0 -9999.0 -9999.0 -9999.0 -9999.0 -9999.0 -9999.0 -9999.0 -9999.0 -9999.0 -9999.0 -9999.0 -9999.0 -9999.0 -9999.0 -9999.0 -9999.0 -9999.0 -9999.0 -9999.0 -9999.0 -9999.0 -9999.0 -9999.0 -9999.0 -9999.0 -9999.0 -9999.0 -9999.0 -9999.0 -9999.0 -9999.0 -9999.0 -9999.0 -9999.0 -9999.0 -9999.0 -9999.0 -9999.0 -9999.0 -9999.0 -9999.0 -9999.0 -9999.0 -9999.0 -9999.0 -9999.0 -9999.0 -9999.0 -9999.0 -9999.0 -9999.0 -9999.0 -9999.0 -9999.0 -9999.0 -9999.0 -9999.0 -9999.0 -9999.0 -9999.0 -9999.0 -9999.0 -9999.0 -9999.0 -9999.0 -9999.0 -9999.0 -9999.0 -9999.0 -9999.0