tests/3D/superslab/out/maps3D/PwL0064N0003.asc
ncols         104
nrows         10
xllcorner     -2.000000
yllcorner     0.000000
cellsize      1.000000
NODATA_value  -9999.0
-9999.0 -9999.0 -9999.0 -9999.0 -9999.0 -9999.0 -9999.0 -9999.0 -9999.0 -9999.0 -9999.0 -9999.0 -9999.0 -9999.0 -9999.0 -9999.0 -9999.0 -9999.0 -9999.0 -9999.0 -9999.0 -9999.0 -9999.0 -9999.0 -9999.0 -9999.0 -9999.0 -9999.0 -9999.0 -9999.0 -9999.0 -9999.0 -9999.0 -9999.0 -9999.0 -9999.0 -9999.0 -9999.0 -9999.0 -9999.0 -9999.0 -9999.0 -9999.0 -9999.0 -9999.0 -9999.0 -9999.0 -9999.0 -9999.0 -9999.0 -9999.0 -9999.0 -9999.0 -9999.0 -9999.0 -9999.0 -9999.0 -9999.0 -9999.0 -9999.0 -9999.0 -9999.0 -9999.0 -9999.0 -9999.0 -9999.0 -9999.0 -9999.0 -9999.0 -9999.0 -9999.0 -9999.0 -9999.0 -9999.0 -9999.0 -9999.0 -9999.0 -9999.0 -9999.0 -9999.0 -9999.0 -9999.0 -9999.0 -9999.0 -9999.0 -9999.0 -9999.0 -9999.0 -9999.0 -9999.0 -9999.0 -9999.0 -9999.0 -9999.0 -9999.0 -9999.0 -9999.0 -9999.0 -9999.0 -9999.0 -9999.0 -9999.0 -9999.0 -9999.0
-9999.0 -9999.0 -9999.0 -9999.0 -9999.0 -9999.0 -9999.0 -9999.0 -9999.0 -9999.0 -9999.0 -9999.0 -9999.0 -9999.0 -9999.0 -9999.0 -9999.0 -9999.0 -9999.0 -9999.0 -9999.0 -9999.0 -9999.0 -9999.0 -9999.0 -9999.0 -9999.0 -9999.0 -9999.0 -9999.0 -9999.0 -9999.0 -9999.0 -9999.0 -9999.0 -9999.0 -9999.0 -9999.0 -9999.0 -9999.0 -9999.0 -9999.0 -9999.0 -9999.0 -9999.0 -9999.0 -9999.0 -9999.0 -9999.0 -9999.0 -9999.0 -9999.0 -9999.0 -9999.0 -9999.0 -9999.0 -9999.0 -9999.0 -9999.0 -9999.0 -9999.0 -9999.0 -9999.0 -9999.0 -9999.0 -9999.0 -9999.0 -9999.0 -9999.0 -9999.0 -9999.0 -9999.0 -9999.0 -9999.0 -9999.0 -9999.0 -9999.0 -9999.0 -9999.0 -9999.0 -9999.0 -9999.0 -9999.0 -9999.0 -9999.0 -9999.0 -9999.0 -9999.0 -9999.0 -9999.0 -9999.0 -9999.0 -9999.0 -9999.0 -9999.0 -9999.0 -9999.0 -9999.0 -9999.0 -9999.0 -9999.0 -9999.0 -9999.0 -9999.0
-9999.0 -9999.0 -1804.802135 -1806.821050 -1806.901408 -1806.921103 -1806.927483 -1806.929603 -1806.930320 -1806.930565 -1806.930649 -1806.930678 -1806.930688 -1806.930691 -1806.930692 -1806.930693 -1806.930693 -1806.930693 -1806.930693 -1806.930693 -1806.930693 -1806.930693 -1806.930693 -1806.930693 -1806.930693 -1806.930693 -1806.930693 -1806.930693 -1806.930693 -1806.930693 -1806.930693 -1806.930693 -1806.930693 -1806.930693 -1806.930691 -1806.930663 -1806.930306 -1806.927113 -1806.907039 -1806.818245 -1806.538007 -1806.277276 -1806.728475 -1806.865349 -1807.019356 -1807.233323 -1807.108117 -1807.025433 -1806.978030 -1806.953464 -1806.941837 -1806.942942 -1806.931050 -1806.930699 -1806.930693 -1806.930693 -1806.930693 -1806.930693 -1806.930693 -1806.930693 -1806.930693 -1806.930693 -1806.930693 -1806.930693 -1806.930693 -1806.930693 -1806.930693 -1806.930693 -1806.930693 -1806.930693 -1806.930693 -1806.930693 -1806.930693 -1806.930693 -1806.930693 -1806.930693 -1806.930693 -1806.930694 -1806.930694 -1806.930695 -1806.930696 -1806.930697 -1806.930700 -1806.930704 -1806.930709 -1806.930718 -1806.930730 -1806.930749 -1806.930776 -1806.930816 -1806.930873 -1806.930954 -1806.931071 -1806.931238 -1806.931476 -1806.931814 -1806.932296 -1806.932988 -1806.933997 -1806.935689 -1806.959660 -1808.754457 -9999.0 -9999.0
-9999.0 -9999.0 -1804.802135 -1806.821050 -1806.901408 -1806.921103 -1806.927483 -1806.929603 -1806.930320 -1806.930565 -1806.930649 -1806.930678 -1806.930688 -1806.930691 -1806.930692 -1806.930693 -1806.930693 -1806.930693 -1806.930693 -1806.930693 -1806.930693 -1806.930693 -1806.930693 -1806.930693 -1806.930693 -1806.930693 -1806.930693 -1806.930693 -1806.930693 -1806.930693 -1806.930693 -1806.930693 -1806.930693 -1806.930693 -1806.930691 -1806.930663 -1806.930306 -1806.927113 -1806.907039 -1806.818245 -1806.538007 -1806.277276 -1806.728475 -1806.865349 -1807.019356 -1807.233323 -1807.108117 -1807.025433 -1806.978030 -1806.953464 -1806.941837 -1806.942942 -1806.931050 -1806.930699 -1806.930693 -1806.930693 -1806.930693 -1806.930693 -1806.930693 -1806.930693 -1806.930693 -1806.930693 -1806.930693 -1806.930693 -1806.930693 -1806.930693 -1806.930693 -1806.930693 -1806.930693 -1806.930693 -1806.930693 -1806.930693 -1806.930693 -1806.930693 -1806.930693 -1806.930693 -1806.930693 -1806.930694 -1806.930694 -1806.930695 -1806.930696 -1806.930697 -1806.930700 -1806.930704 -1806.930709 -1806.930718 -1806.930730 -1806.930749 -1806.930776 -1806.930816 -1806.930873 -1806.930954 -1806.931071 -1806.931238 -1806.931476 -1806.931814 -1806.932296 -1806.932988 -1806.933997 -1806.935689 -1806.959660 -1808.754457 -9999.0 -9999.0
-9999.0 -9999.0 -1804.802135 -1806.821050 -1806.901408 -1806.921103 -1806.927483 -1806.929603 -1806.930320 -1806.930565 -1806.930649 -1806.930678 -1806.930688 -1806.930691 -1806.930692 -1806.930693 -1806.930693 -1806.930693 -1806.930693 -1806.930693 -1806.930693 -1806.930693 -1806.930693 -1806.930693 -1806.930693 -1806.930693 -1806.930693 -1806.930693 -1806.930693 -1806.930693 -1806.930693 -1806.930693 -1806.930693 -1806.930693 -1806.930691 -1806.930663 -1806.930306 -1806.927113 -1806.907039 -1806.818245 -1806.538007 -1806.277276 -1806.728475 -1806.865349 -1807.019356 -1807.233323 -1807.108117 -1807.025433 -1806.978030 -1806.953464 -1806.941837 -1806.942942 -1806.931050 -1806.930699 -1806.930693 -1806.930693 -1806.930693 -1806.930693 -1806.930693 -1806.930693 -1806.930693 -1806.930693 -1806.930693 -1806.930693 -1806.930693 -1806.930693 -1806.930693 -1806.930693 -1806.930693 -1806.930693 -1806.930693 -1806.930693 -1806.930693 -1806.930693 -1806.930693 -1806.930693 -1806.930693 -1806.930694 -1806.930694 -1806.930695 -1806.930696 -1806.930697 -1806.930700 -1806.930704 -1806.930709 -1806.930718 -1806.930730 -1806.930749 -1806.930776 -1806.930816 -1806.930873 -1806.930954 -1806.931071 -1806.931238 -1806.931476 -1806.931814 -1806.932296 -1806.932988 -1806.933997 -1806.935689 -1806.959660 -1808.754457 -9999.0 -9999.0
-9999.0 -9999.0 -1804.802135 -1806.821050 -1806.901408 -1806.921103 -1806.927483 -1806.929603 -1806.930320 -1806.930565 -1806.930649 -1806.930678 -1806.930688 -1806.930691 -1806.930692 -1806.930693 -1806.930693 -1806.930693 -1806.930693 -1806.930693 -1806.930693 -1806.930693 -1806.930693 -1806.930693 -1806.930693 -1806.930693 -1806.930693 -1806.930693 -1806.930693 -1806.930693 -1806.930693 -1806.930693 -1806.930693 -1806.930693 -1806.930691 -1806.930663 -1806.930306 -1806.927113 -1806.907039 -1806.818245 -1806.538007 -1806.277276 -1806.728475 -1806.865349 -1807.019356 -1807.233323 -1807.108117 -1807.025433 -1806.978030 -1806.953464 -1806.941837 -1806.942942 -1806.931050 -1806.930699 -1806.930693 -1806.930693 -1806.930693 -1806.930693 -1806.930693 -1806.930693 -1806.930693 -1806.930693 -1806.930693 -1806.930693 -1806.930693 -1806.930693 -1806.930693 -1806.930693 -1806.930693 -1806.930693 -1806.930693 -1806.930693 -1806.930693 -1806.930693 -1806.930693 -1806.930693 -1806.930693 -1806.930694 -1806.930694 -1806.930695 -1806.930696 -1806.930697 -1806.930700 -1806.930704 -1806.930709 -1806.930718 -1806.930730 -1806.930749 -1806.930776 -1806.930816 -1806.930873 -1806.930954 -1806.931071 -1806.931238 -1806.931476 -1806.931814 -1806.932296 -1806.932988 -1806.933997 -1806.935689 -1806.959660 -1808.754457 -9999.0 -9999.0
-9999.0 -9999.0 -1804.802135 -1806.821050 -1806.901408 -1806.921103 -1806.927483 -1806.929603 -1806.930320 -1806.930565 -1806.930649 -1806.930678 -1806.930688 -1806.930691 -1806.930692 -1806.930693 -1806.930693 -1806.930693 -1806.930693 -1806.930693 -1806.930693 -1806.930693 -1806.930693 -1806.930693 -1806.930693 -1806.930693 -1806.930693 -1806.930693 -1806.930693 -1806.930693 -1806.930693 -1806.930693 -1806.930693 -1806.930693 -1806.930691 -1806.930663 -1806.930306 -1806.927113 -1806.907039 -1806.818245 -1806.538007 -1806.277276 -1806.728475 -1806.865349 -1807.019356 -1807.233323 -1807.108117 -1807.025433 -1806.978030 -1806.953464 -1806.941837 -1806.942942 -1806.931050 -1806.930699 -1806.930693 -1806.930693 -1806.930693 -1806.930693 -1806.930693 -1806.930693 -1806.930693 -1806.930693 -1806.930693 -1806.930693 -1806.930693 -1806.930693 -1806.930693 -1806.930693 -1806.930693 -1806.930693 -1806.930693 -1806.930693 -1806.930693 -1806.930693 -1806.930693 -1806.930693 -1806.930693 -1806.930694 -1806.930694 -1806.930695 -1806.930696 -1806.930697 -1806.930700 -1806.930704 -1806.930709 -1806.930718 -1806.930730 -1806.930749 -1806.930776 -1806.930816 -1806.930873 -1806.930954 -1806.931071 -1806.931238 -1806.931476 -1806.931814 -1806.932296 -1806.932988 -1806.933997 -1806.935689 -1806.959660 -1808.754457 -9999.0 -9999.0
-9999.0 -9999.0 -1804.802135 -1806.821050 -1806.901408 -1806.921103 -1806.927483 -1806.929603 -1806.930320 -1806.930565 -1806.930649 -1806.930678 -1806.930688 -1806.930691 -1806.930692 -1806.930693 -1806.930693 -1806.930693 -1806.930693 -1806.930693 -1806.930693 -1806.930693 -1806.930693 -1806.930693 -1806.930693 -1806.930693 -1806.930693 -1806.930693 -1806.930693 -1806.930693 -1806.930693 -1806.930693 -1806.930693 -1806.930693 -1806.930691 -1806.930663 -1806.930306 -1806.927113 -1806.907039 -1806.818245 -1806.538007 -1806.277276 -1806.728475 -1806.865349 -1807.019356 -1807.233323 -1807.108117 -1807.025433 -1806.978030 -1806.953464 -1806.941837 -1806.942942 -1806.931050 -1806.930699 -1806.930693 -1806.930693 -1806.930693 -1806.930693 -1806.930693 -1806.930693 -1806.930693 -1806.930693 -1806.930693 -1806.930693 -1806.930693 -1806.930693 -1806.930693 -1806.930693 -1806.930693 -1806.930693 -1806.930693 -1806.930693 -1806.930693 -1806.930693 -1806.930693 -1806.930693 -1806.930693 -1806.930694 -1806.930694 -1806.930695 -1806.930696 -1806.930697 -1806.930700 -1806.930704 -1806.930709 -1806.930718 -1806.930730 -1806.930749 -1806.930776 -1806.930816 -1806.930873 -1806.930954 -1806.931071 -1806.931238 -1806.931476 -1806.931814 -1806.932296 -1806.932988 -1806.933997 -1806.935689 -1806.959660 -1808.754457 -9999.0 -9999.0
-9999.0 -9999.0 -9999.0 -9999.0 -9999.0 -9999.0 -9999.0 -9999.0 -9999.0 -9999.0 -9999.0 -9999.0 -9999.0 -9999.0 -9999.0 -9999.0 -9999.0 -9999.0 -9999.0 -9999.0 -9999.0 -9999.0 -9999.0 -9999.0 -9999.0 -9999.0 -9999.0 -9999.0 -9999.0 -9999.0 -9999.0 -9999.0 -9999.0 -9999.0 -9999.0 -9999.0 -9999.0 -9999.0 -9999.0 -9999.0 -9999.0 -9999.0 -9999.0 -9999.0 -9999.0 -9999.0 -9999.0 -9999.0 -9999.0 -9999.0 -9999.0 -9999.0 -9999.0 -9999.0 -9999.0 -9999.0 -9999.0 -9999.0 -9999.0 -9999.0 -9999.0 -9999.0 -9999.0 -9999.0 -9999.0 -9999.0 -9999.0 -9999.0 -9999.0 -9999.0 -9999.0 -9999.0 -9999.0 -9999.0 -9999.0 -9999.0 -9999.0 -9999.0 -9999.0 -9999.0 -9999.0 -9999.0 -9999.0 -9999.0 -9999.0 -9999.0 -9999.0 -9999.0 -9999.0 -9999.0 -9999.0 -9999.0 -9999.0 -9999.0 -9999.0 -9999.0 -9999.0 -9999.0 -9999.0 -9999.0 -9999.0 -9999.0 -9999.0 -9999.0
-9999.0 -9999.0 -9999.0 -9999.0 -9999.0 -9999.0 -9999.0 -9999.0 -9999.0 -9999.0 -9999.0 -9999.0 -9999.0 -9999.0 -9999.0 -9999.0 -9999.0 -9999.0 -9999.0 -9999.0 -9999.0 -9999.0 -9999.0 -9999.0 -9999.0 -9999.0 -9999.0 -9999.0 -9999.0 -9999.0 -9999.0 -9999.0 -9999.0 -9999.0 -9999.0 -9999.0 -9999.0 -9999.0 -9999.0 -9999.0 -9999.0 -9999.0 -9999.0 -9999.0 -9999.0 -9999.0 -9999.0 -9999.0 -9999.0 -9999.0 -9999.0 -9999.0 -9999.0 -9999.0 -9999.0 -9999.0 -9999.0 -9999.0 -9999.0 -9999.0 -9999.0 -9999.0 -9999.0 -9999.0 -9999.0 -9999.0 -9999.0 -9999.0 -9999.0 -9999.0 -9999.0 -9999.0 -9999.0 -9999.0 -9999.0 -9999.0 -9999.0 -9999.0 -9999.0 -9999.0 -9999.0 -9999.0 -9999.0 -9999.0 -9999.0 -9999.0 -9999.0 -9999.0 -9999.0 -9999.0 -9999.0 -9999.0 -9999.0 -9999.0 -9999.0 -9999.0 -9999.0 -9999.0 -9999.0 -9999.0 -9999.0 -9999.0 -9999.0 -9999.0