tests/3D/superslab/out/maps3D/PwL0086N0002.asc
ncols         104
nrows         10
xllcorner     -2.000000
yllcorner     0.000000
cellsize      1.000000
NODATA_value  -9999.0
-9999.0 -9999.0 -9999.0 -9999.0 -9999.0 -9999.0 -9999.0 -9999.0 -9999.0 -9999.0 -9999.0 -9999.0 -9999.0 -9999.0 -9999.0 -9999.0 -9999.0 -9999.0 -9999.0 -9999.0 -9999.0 -9999.0 -9999.0 -9999.0 -9999.0 -9999.0 -9999.0 -9999.0 -9999.0 -9999.0 -9999.0 -9999.0 -9999.0 -9999.0 -9999.0 -9999.0 -9999.0 -9999.0 -9999.0 -9999.0 -9999.0 -9999.0 -9999.0 -9999.0 -9999.0 -9999.0 -9999.0 -9999.0 -9999.0 -9999.0 -9999.0 -9999.0 -9999.0 -9999.0 -9999.0 -9999.0 -9999.0 -9999.0 -9999.0 -9999.0 -9999.0 -9999.0 -9999.0 -9999.0 -9999.0 -9999.0 -9999.0 -9999.0 -9999.0 -9999.0 -9999.0 -9999.0 -9999.0 -9999.0 -9999.0 -9999.0 -9999.0 -9999.0 -9999.0 -9999.0 -9999.0 -9999.0 -9999.0 -9999.0 -9999.0 -9999.0 -9999.0 -9999.0 -9999.0 -9999.0 -9999.0 -9999.0 -9999.0 -9999.0 -9999.0 -9999.0 -9999.0 -9999.0 -9999.0 -9999.0 -9999.0 -9999.0 -9999.0 -9999.0
-9999.0 -9999.0 -9999.0 -9999.0 -9999.0 -9999.0 -9999.0 -9999.0 -9999.0 -9999.0 -9999.0 -9999.0 -9999.0 -9999.0 -9999.0 -9999.0 -9999.0 -9999.0 -9999.0 -9999.0 -9999.0 -9999.0 -9999.0 -9999.0 -9999.0 -9999.0 -9999.0 -9999.0 -9999.0 -9999.0 -9999.0 -9999.0 -9999.0 -9999.0 -9999.0 -9999.0 -9999.0 -9999.0 -9999.0 -9999.0 -9999.0 -9999.0 -9999.0 -9999.0 -9999.0 -9999.0 -9999.0 -9999.0 -9999.0 -9999.0 -9999.0 -9999.0 -9999.0 -9999.0 -9999.0 -9999.0 -9999.0 -9999.0 -9999.0 -9999.0 -9999.0 -9999.0 -9999.0 -9999.0 -9999.0 -9999.0 -9999.0 -9999.0 -9999.0 -9999.0 -9999.0 -9999.0 -9999.0 -9999.0 -9999.0 -9999.0 -9999.0 -9999.0 -9999.0 -9999.0 -9999.0 -9999.0 -9999.0 -9999.0 -9999.0 -9999.0 -9999.0 -9999.0 -9999.0 -9999.0 -9999.0 -9999.0 -9999.0 -9999.0 -9999.0 -9999.0 -9999.0 -9999.0 -9999.0 -9999.0 -9999.0 -9999.0 -9999.0 -9999.0
-9999.0 -9999.0 -389.537883 -494.822683 -589.029352 -656.346015 -692.933438 -708.545992 -714.434402 -716.593266 -717.377705 -717.661616 -717.764123 -717.801062 -717.814349 -717.819121 -717.820831 -717.821443 -717.821661 -717.821739 -717.821767 -717.821777 -717.821780 -717.821781 -717.821781 -717.821781 -717.821780 -717.821778 -717.821775 -717.821771 -717.821764 -717.821754 -717.821738 -717.821716 -717.821685 -717.821643 -717.821586 -717.821512 -717.821418 -717.821302 -717.821162 -717.820995 -717.820783 -717.820420 -717.819372 -717.814997 -717.799615 -717.756594 -717.659538 -717.482204 -717.290899 -718.573633 -717.847069 -717.823394 -717.822171 -717.821921 -717.821834 -717.821802 -717.821792 -717.821790 -717.821795 -717.821806 -717.821830 -717.821876 -717.821964 -717.822131 -717.822440 -717.823006 -717.824021 -717.825810 -717.828901 -717.834138 -717.842828 -717.856939 -717.879354 -717.914161 -717.966974 -718.045262 -718.158632 -718.319040 -718.540894 -718.841017 -719.238492 -719.754400 -720.411516 -721.234032 -722.247378 -723.478235 -724.954805 -726.707440 -728.769709 -731.180074 -733.984402 -737.239755 -741.020217 -745.426283 -750.600845 -756.758594 -764.246023 -773.687392 -786.514986 -808.841752 -9999.0 -9999.0
-9999.0 -9999.0 -389.537883 -494.822683 -589.029352 -656.346015 -692.933438 -708.545992 -714.434402 -716.593266 -717.377705 -717.661616 -717.764123 -717.801062 -717.814349 -717.819121 -717.820831 -717.821443 -717.821661 -717.821739 -717.821767 -717.821777 -717.821780 -717.821781 -717.821781 -717.821781 -717.821780 -717.821778 -717.821775 -717.821771 -717.821764 -717.821754 -717.821738 -717.821716 -717.821685 -717.821643 -717.821586 -717.821512 -717.821418 -717.821302 -717.821162 -717.820995 -717.820783 -717.820420 -717.819372 -717.814997 -717.799615 -717.756594 -717.659538 -717.482204 -717.290899 -718.573633 -717.847069 -717.823394 -717.822171 -717.821921 -717.821834 -717.821802 -717.821792 -717.821790 -717.821795 -717.821806 -717.821830 -717.821876 -717.821964 -717.822131 -717.822440 -717.823006 -717.824021 -717.825810 -717.828901 -717.834138 -717.842828 -717.856939 -717.879354 -717.914161 -717.966974 -718.045262 -718.158632 -718.319040 -718.540894 -718.841017 -719.238492 -719.754400 -720.411516 -721.234032 -722.247378 -723.478235 -724.954805 -726.707440 -728.769709 -731.180074 -733.984402 -737.239755 -741.020217 -745.426283 -750.600845 -756.758594 -764.246023 -773.687392 -786.514986 -808.841752 -9999.0 -9999.0
-9999.0 -9999.0 -389.537883 -494.822683 -589.029352 -656.346015 -692.933438 -708.545992 -714.434402 -716.593266 -717.377705 -717.661616 -717.764123 -717.801062 -717.814349 -717.819121 -717.820831 -717.821443 -717.821661 -717.821739 -717.821767 -717.821777 -717.821780 -717.821781 -717.821781 -717.821781 -717.821780 -717.821778 -717.821775 -717.821771 -717.821764 -717.821754 -717.821738 -717.821716 -717.821685 -717.821643 -717.821586 -717.821512 -717.821418 -717.821302 -717.821162 -717.820995 -717.820783 -717.820420 -717.819372 -717.814997 -717.799615 -717.756594 -717.659538 -717.482204 -717.290899 -718.573633 -717.847069 -717.823394 -717.822171 -717.821921 -717.821834 -717.821802 -717.821792 -717.821790 -717.821795 -717.821806 -717.821830 -717.821876 -717.821964 -717.822131 -717.822440 -717.823006 -717.824021 -717.825810 -717.828901 -717.834138 -717.842828 -717.856939 -717.879354 -717.914161 -717.966974 -718.045262 -718.158632 -718.319040 -718.540894 -718.841017 -719.238492 -719.754400 -720.411516 -721.234032 -722.247378 -723.478235 -724.954805 -726.707440 -728.769709 -731.180074 -733.984402 -737.239755 -741.020217 -745.426283 -750.600845 -756.758594 -764.246023 -773.687392 -786.514986 -808.841752 -9999.0 -9999.0
-9999.0 -9999.0 -389.537883 -494.822683 -589.029352 -656.346015 -692.933438 -708.545992 -714.434402 -716.593266 -717.377705 -717.661616 -717.764123 -717.801062 -717.814349 -717.819121 -717.820831 -717.821443 -717.821661 -717.821739 -717.821767 -717.821777 -717.821780 -717.821781 -717.821781 -717.821781 -717.821780 -717.821778 -717.821775 -717.821771 -717.821764 -717.821754 -717.821738 -717.821716 -717.821685 -717.821643 -717.821586 -717.821512 -717.821418 -717.821302 -717.821162 -717.820995 -717.820783 -717.820420 -717.819372 -717.814997 -717.799615 -717.756594 -717.659538 -717.482204 -717.290899 -718.573633 -717.847069 -717.823394 -717.822171 -717.821921 -717.821834 -717.821802 -717.821792 -717.821790 -717.821795 -717.821806 -717.821830 -717.821876 -717.821964 -717.822131 -717.822440 -717.823006 -717.824021 -717.825810 -717.828901 -717.834138 -717.842828 -717.856939 -717.879354 -717.914161 -717.966974 -718.045262 -718.158632 -718.319040 -718.540894 -718.841017 -719.238492 -719.754400 -720.411516 -721.234032 -722.247378 -723.478235 -724.954805 -726.707440 -728.769709 -731.180074 -733.984402 -737.239755 -741.020217 -745.426283 -750.600845 -756.758594 -764.246023 -773.687392 -786.514986 -808.841752 -9999.0 -9999.0
-9999.0 -9999.0 -389.537883 -494.822683 -589.029352 -656.346015 -692.933438 -708.545992 -714.434402 -716.593266 -717.377705 -717.661616 -717.764123 -717.801062 -717.814349 -717.819121 -717.820831 -717.821443 -717.821661 -717.821739 -717.821767 -717.821777 -717.821780 -717.821781 -717.821781 -717.821781 -717.821780 -717.821778 -717.821775 -717.821771 -717.821764 -717.821754 -717.821738 -717.821716 -717.821685 -717.821643 -717.821586 -717.821512 -717.821418 -717.821302 -717.821162 -717.820995 -717.820783 -717.820420 -717.819372 -717.814997 -717.799615 -717.756594 -717.659538 -717.482204 -717.290899 -718.573633 -717.847069 -717.823394 -717.822171 -717.821921 -717.821834 -717.821802 -717.821792 -717.821790 -717.821795 -717.821806 -717.821830 -717.821876 -717.821964 -717.822131 -717.822440 -717.823006 -717.824021 -717.825810 -717.828901 -717.834138 -717.842828 -717.856939 -717.879354 -717.914161 -717.966974 -718.045262 -718.158632 -718.319040 -718.540894 -718.841017 -719.238492 -719.754400 -720.411516 -721.234032 -722.247378 -723.478235 -724.954805 -726.707440 -728.769709 -731.180074 -733.984402 -737.239755 -741.020217 -745.426283 -750.600845 -756.758594 -764.246023 -773.687392 -786.514986 -808.841752 -9999.0 -9999.0
-9999.0 -9999.0 -389.537883 -494.822683 -589.029352 -656.346015 -692.933438 -708.545992 -714.434402 -716.593266 -717.377705 -717.661616 -717.764123 -717.801062 -717.814349 -717.819121 -717.820831 -717.821443 -717.821661 -717.821739 -717.821767 -717.821777 -717.821780 -717.821781 -717.821781 -717.821781 -717.821780 -717.821778 -717.821775 -717.821771 -717.821764 -717.821754 -717.821738 -717.821716 -717.821685 -717.821643 -717.821586 -717.821512 -717.821418 -717.821302 -717.821162 -717.820995 -717.820783 -717.820420 -717.819372 -717.814997 -717.799615 -717.756594 -717.659538 -717.482204 -717.290899 -718.573633 -717.847069 -717.823394 -717.822171 -717.821921 -717.821834 -717.821802 -717.821792 -717.821790 -717.821795 -717.821806 -717.821830 -717.821876 -717.821964 -717.822131 -717.822440 -717.823006 -717.824021 -717.825810 -717.828901 -717.834138 -717.842828 -717.856939 -717.879354 -717.914161 -717.966974 -718.045262 -718.158632 -718.319040 -718.540894 -718.841017 -719.238492 -719.754400 -720.411516 -721.234032 -722.247378 -723.478235 -724.954805 -726.707440 -728.769709 -731.180074 -733.984402 -737.239755 -741.020217 -745.426283 -750.600845 -756.758594 -764.246023 -773.687392 -786.514986 -808.841752 -9999.0 -9999.0
-9999.0 -9999.0 -9999.0 -9999.0 -9999.0 -9999.0 -9999.0 -9999.0 -9999.0 -9999.0 -9999.0 -9999.0 -9999.0 -9999.0 -9999.0 -9999.0 -9999.0 -9999.0 -9999.0 -9999.0 -9999.0 -9999.0 -9999.0 -9999.0 -9999.0 -9999.0 -9999.0 -9999.0 -9999.0 -9999.0 -9999.0 -9999.0 -9999.0 -9999.0 -9999.0 -9999.0 -9999.0 -9999.0 -9999.0 -9999.0 -9999.0 -9999.0 -9999.0 -9999.0 -9999.0 -9999.0 -9999.0 -9999.0 -9999.0 -9999.0 -9999.0 -9999.0 -9999.0 -9999.0 -9999.0 -9999.0 -9999.0 -9999.0 -9999.0 -9999.0 -9999.0 -9999.0 -9999.0 -9999.0 -9999.0 -9999.0 -9999.0 -9999.0 -9999.0 -9999.0 -9999.0 -9999.0 -9999.0 -9999.0 -9999.0 -9999.0 -9999.0 -9999.0 -9999.0 -9999.0 -9999.0 -9999.0 -9999.0 -9999.0 -9999.0 -9999.0 -9999.0 -9999.0 -9999.0 -9999.0 -9999.0 -9999.0 -9999.0 -9999.0 -9999.0 -9999.0 -9999.0 -9999.0 -9999.0 -9999.0 -9999.0 -9999.0 -9999.0 -9999.0
-9999.0 -9999.0 -9999.0 -9999.0 -9999.0 -9999.0 -9999.0 -9999.0 -9999.0 -9999.0 -9999.0 -9999.0 -9999.0 -9999.0 -9999.0 -9999.0 -9999.0 -9999.0 -9999.0 -9999.0 -9999.0 -9999.0 -9999.0 -9999.0 -9999.0 -9999.0 -9999.0 -9999.0 -9999.0 -9999.0 -9999.0 -9999.0 -9999.0 -9999.0 -9999.0 -9999.0 -9999.0 -9999.0 -9999.0 -9999.0 -9999.0 -9999.0 -9999.0 -9999.0 -9999.0 -9999.0 -9999.0 -9999.0 -9999.0 -9999.0 -9999.0 -9999.0 -9999.0 -9999.0 -9999.0 -9999.0 -9999.0 -9999.0 -9999.0 -9999.0 -9999.0 -9999.0 -9999.0 -9999.0 -9999.0 -9999.0 -9999.0 -9999.0 -9999.0 -9999.0 -9999.0 -9999.0 -9999.0 -9999.0 -9999.0 -9999.0 -9999.0 -9999.0 -9999.0 -9999.0 -9999.0 -9999.0 -9999.0 -9999.0 -9999.0 -9999.0 -9999.0 -9999.0 -9999.0 -9999.0 -9999.0 -9999.0 -9999.0 -9999.0 -9999.0 -9999.0 -9999.0 -9999.0 -9999.0 -9999.0 -9999.0 -9999.0 -9999.0 -9999.0