tests/3D/superslab/out/maps3D/PwL0066N0004.asc
ncols         104
nrows         10
xllcorner     -2.000000
yllcorner     0.000000
cellsize      1.000000
NODATA_value  -9999.0
-9999.0 -9999.0 -9999.0 -9999.0 -9999.0 -9999.0 -9999.0 -9999.0 -9999.0 -9999.0 -9999.0 -9999.0 -9999.0 -9999.0 -9999.0 -9999.0 -9999.0 -9999.0 -9999.0 -9999.0 -9999.0 -9999.0 -9999.0 -9999.0 -9999.0 -9999.0 -9999.0 -9999.0 -9999.0 -9999.0 -9999.0 -9999.0 -9999.0 -9999.0 -9999.0 -9999.0 -9999.0 -9999.0 -9999.0 -9999.0 -9999.0 -9999.0 -9999.0 -9999.0 -9999.0 -9999.0 -9999.0 -9999.0 -9999.0 -9999.0 -9999.0 -9999.0 -9999.0 -9999.0 -9999.0 -9999.0 -9999.0 -9999.0 -9999.0 -9999.0 -9999.0 -9999.0 -9999.0 -9999.0 -9999.0 -9999.0 -9999.0 -9999.0 -9999.0 -9999.0 -9999.0 -9999.0 -9999.0 -9999.0 -9999.0 -9999.0 -9999.0 -9999.0 -9999.0 -9999.0 -9999.0 -9999.0 -9999.0 -9999.0 -9999.0 -9999.0 -9999.0 -9999.0 -9999.0 -9999.0 -9999.0 -9999.0 -9999.0 -9999.0 -9999.0 -9999.0 -9999.0 -9999.0 -9999.0 -9999.0 -9999.0 -9999.0 -9999.0 -9999.0
-9999.0 -9999.0 -9999.0 -9999.0 -9999.0 -9999.0 -9999.0 -9999.0 -9999.0 -9999.0 -9999.0 -9999.0 -9999.0 -9999.0 -9999.0 -9999.0 -9999.0 -9999.0 -9999.0 -9999.0 -9999.0 -9999.0 -9999.0 -9999.0 -9999.0 -9999.0 -9999.0 -9999.0 -9999.0 -9999.0 -9999.0 -9999.0 -9999.0 -9999.0 -9999.0 -9999.0 -9999.0 -9999.0 -9999.0 -9999.0 -9999.0 -9999.0 -9999.0 -9999.0 -9999.0 -9999.0 -9999.0 -9999.0 -9999.0 -9999.0 -9999.0 -9999.0 -9999.0 -9999.0 -9999.0 -9999.0 -9999.0 -9999.0 -9999.0 -9999.0 -9999.0 -9999.0 -9999.0 -9999.0 -9999.0 -9999.0 -9999.0 -9999.0 -9999.0 -9999.0 -9999.0 -9999.0 -9999.0 -9999.0 -9999.0 -9999.0 -9999.0 -9999.0 -9999.0 -9999.0 -9999.0 -9999.0 -9999.0 -9999.0 -9999.0 -9999.0 -9999.0 -9999.0 -9999.0 -9999.0 -9999.0 -9999.0 -9999.0 -9999.0 -9999.0 -9999.0 -9999.0 -9999.0 -9999.0 -9999.0 -9999.0 -9999.0 -9999.0 -9999.0
-9999.0 -9999.0 -1692.038046 -1703.774806 -1706.590233 -1707.469899 -1707.765373 -1707.866750 -1707.901771 -1707.914050 -1707.918396 -1707.919940 -1707.920489 -1707.920685 -1707.920754 -1707.920779 -1707.920787 -1707.920790 -1707.920792 -1707.920792 -1707.920792 -1707.920792 -1707.920792 -1707.920792 -1707.920792 -1707.920792 -1707.920792 -1707.920792 -1707.920792 -1707.920792 -1707.920792 -1707.920792 -1707.920792 -1707.920792 -1707.920790 -1707.920763 -1707.920489 -1707.918424 -1707.906897 -1707.858843 -1707.706490 -1707.327912 -1707.014276 -1707.550675 -1707.752258 -1708.003022 -1708.294891 -1708.177327 -1708.085876 -1708.022597 -1707.988609 -1708.061406 -1707.926037 -1707.920906 -1707.920795 -1707.920792 -1707.920792 -1707.920792 -1707.920792 -1707.920792 -1707.920793 -1707.920793 -1707.920793 -1707.920794 -1707.920795 -1707.920796 -1707.920799 -1707.920802 -1707.920807 -1707.920814 -1707.920825 -1707.920841 -1707.920863 -1707.920894 -1707.920938 -1707.921000 -1707.921085 -1707.921202 -1707.921362 -1707.921579 -1707.921872 -1707.922262 -1707.922781 -1707.923467 -1707.924367 -1707.925543 -1707.927072 -1707.929049 -1707.931598 -1707.934871 -1707.939063 -1707.944418 -1707.951252 -1707.959971 -1707.971109 -1707.985382 -1708.003774 -1708.027706 -1708.059358 -1708.103299 -1708.222671 -1711.151600 -9999.0 -9999.0
-9999.0 -9999.0 -1692.038046 -1703.774806 -1706.590233 -1707.469899 -1707.765373 -1707.866750 -1707.901771 -1707.914050 -1707.918396 -1707.919940 -1707.920489 -1707.920685 -1707.920754 -1707.920779 -1707.920787 -1707.920790 -1707.920792 -1707.920792 -1707.920792 -1707.920792 -1707.920792 -1707.920792 -1707.920792 -1707.920792 -1707.920792 -1707.920792 -1707.920792 -1707.920792 -1707.920792 -1707.920792 -1707.920792 -1707.920792 -1707.920790 -1707.920763 -1707.920489 -1707.918424 -1707.906897 -1707.858843 -1707.706490 -1707.327912 -1707.014276 -1707.550675 -1707.752258 -1708.003022 -1708.294891 -1708.177327 -1708.085876 -1708.022597 -1707.988609 -1708.061406 -1707.926037 -1707.920906 -1707.920795 -1707.920792 -1707.920792 -1707.920792 -1707.920792 -1707.920792 -1707.920793 -1707.920793 -1707.920793 -1707.920794 -1707.920795 -1707.920796 -1707.920799 -1707.920802 -1707.920807 -1707.920814 -1707.920825 -1707.920841 -1707.920863 -1707.920894 -1707.920938 -1707.921000 -1707.921085 -1707.921202 -1707.921362 -1707.921579 -1707.921872 -1707.922262 -1707.922781 -1707.923467 -1707.924367 -1707.925543 -1707.927072 -1707.929049 -1707.931598 -1707.934871 -1707.939063 -1707.944418 -1707.951252 -1707.959971 -1707.971109 -1707.985382 -1708.003774 -1708.027706 -1708.059358 -1708.103299 -1708.222671 -1711.151600 -9999.0 -9999.0
-9999.0 -9999.0 -1692.038046 -1703.774806 -1706.590233 -1707.469899 -1707.765373 -1707.866750 -1707.901771 -1707.914050 -1707.918396 -1707.919940 -1707.920489 -1707.920685 -1707.920754 -1707.920779 -1707.920787 -1707.920790 -1707.920792 -1707.920792 -1707.920792 -1707.920792 -1707.920792 -1707.920792 -1707.920792 -1707.920792 -1707.920792 -1707.920792 -1707.920792 -1707.920792 -1707.920792 -1707.920792 -1707.920792 -1707.920792 -1707.920790 -1707.920763 -1707.920489 -1707.918424 -1707.906897 -1707.858843 -1707.706490 -1707.327912 -1707.014276 -1707.550675 -1707.752258 -1708.003022 -1708.294891 -1708.177327 -1708.085876 -1708.022597 -1707.988609 -1708.061406 -1707.926037 -1707.920906 -1707.920795 -1707.920792 -1707.920792 -1707.920792 -1707.920792 -1707.920792 -1707.920793 -1707.920793 -1707.920793 -1707.920794 -1707.920795 -1707.920796 -1707.920799 -1707.920802 -1707.920807 -1707.920814 -1707.920825 -1707.920841 -1707.920863 -1707.920894 -1707.920938 -1707.921000 -1707.921085 -1707.921202 -1707.921362 -1707.921579 -1707.921872 -1707.922262 -1707.922781 -1707.923467 -1707.924367 -1707.925543 -1707.927072 -1707.929049 -1707.931598 -1707.934871 -1707.939063 -1707.944418 -1707.951252 -1707.959971 -1707.971109 -1707.985382 -1708.003774 -1708.027706 -1708.059358 -1708.103299 -1708.222671 -1711.151600 -9999.0 -9999.0
-9999.0 -9999.0 -1692.038046 -1703.774806 -1706.590233 -1707.469899 -1707.765373 -1707.866750 -1707.901771 -1707.914050 -1707.918396 -1707.919940 -1707.920489 -1707.920685 -1707.920754 -1707.920779 -1707.920787 -1707.920790 -1707.920792 -1707.920792 -1707.920792 -1707.920792 -1707.920792 -1707.920792 -1707.920792 -1707.920792 -1707.920792 -1707.920792 -1707.920792 -1707.920792 -1707.920792 -1707.920792 -1707.920792 -1707.920792 -1707.920790 -1707.920763 -1707.920489 -1707.918424 -1707.906897 -1707.858843 -1707.706490 -1707.327912 -1707.014276 -1707.550675 -1707.752258 -1708.003022 -1708.294891 -1708.177327 -1708.085876 -1708.022597 -1707.988609 -1708.061406 -1707.926037 -1707.920906 -1707.920795 -1707.920792 -1707.920792 -1707.920792 -1707.920792 -1707.920792 -1707.920793 -1707.920793 -1707.920793 -1707.920794 -1707.920795 -1707.920796 -1707.920799 -1707.920802 -1707.920807 -1707.920814 -1707.920825 -1707.920841 -1707.920863 -1707.920894 -1707.920938 -1707.921000 -1707.921085 -1707.921202 -1707.921362 -1707.921579 -1707.921872 -1707.922262 -1707.922781 -1707.923467 -1707.924367 -1707.925543 -1707.927072 -1707.929049 -1707.931598 -1707.934871 -1707.939063 -1707.944418 -1707.951252 -1707.959971 -1707.971109 -1707.985382 -1708.003774 -1708.027706 -1708.059358 -1708.103299 -1708.222671 -1711.151600 -9999.0 -9999.0
-9999.0 -9999.0 -1692.038046 -1703.774806 -1706.590233 -1707.469899 -1707.765373 -1707.866750 -1707.901771 -1707.914050 -1707.918396 -1707.919940 -1707.920489 -1707.920685 -1707.920754 -1707.920779 -1707.920787 -1707.920790 -1707.920792 -1707.920792 -1707.920792 -1707.920792 -1707.920792 -1707.920792 -1707.920792 -1707.920792 -1707.920792 -1707.920792 -1707.920792 -1707.920792 -1707.920792 -1707.920792 -1707.920792 -1707.920792 -1707.920790 -1707.920763 -1707.920489 -1707.918424 -1707.906897 -1707.858843 -1707.706490 -1707.327912 -1707.014276 -1707.550675 -1707.752258 -1708.003022 -1708.294891 -1708.177327 -1708.085876 -1708.022597 -1707.988609 -1708.061406 -1707.926037 -1707.920906 -1707.920795 -1707.920792 -1707.920792 -1707.920792 -1707.920792 -1707.920792 -1707.920793 -1707.920793 -1707.920793 -1707.920794 -1707.920795 -1707.920796 -1707.920799 -1707.920802 -1707.920807 -1707.920814 -1707.920825 -1707.920841 -1707.920863 -1707.920894 -1707.920938 -1707.921000 -1707.921085 -1707.921202 -1707.921362 -1707.921579 -1707.921872 -1707.922262 -1707.922781 -1707.923467 -1707.924367 -1707.925543 -1707.927072 -1707.929049 -1707.931598 -1707.934871 -1707.939063 -1707.944418 -1707.951252 -1707.959971 -1707.971109 -1707.985382 -1708.003774 -1708.027706 -1708.059358 -1708.103299 -1708.222671 -1711.151600 -9999.0 -9999.0
-9999.0 -9999.0 -1692.038046 -1703.774806 -1706.590233 -1707.469899 -1707.765373 -1707.866750 -1707.901771 -1707.914050 -1707.918396 -1707.919940 -1707.920489 -1707.920685 -1707.920754 -1707.920779 -1707.920787 -1707.920790 -1707.920792 -1707.920792 -1707.920792 -1707.920792 -1707.920792 -1707.920792 -1707.920792 -1707.920792 -1707.920792 -1707.920792 -1707.920792 -1707.920792 -1707.920792 -1707.920792 -1707.920792 -1707.920792 -1707.920790 -1707.920763 -1707.920489 -1707.918424 -1707.906897 -1707.858843 -1707.706490 -1707.327912 -1707.014276 -1707.550675 -1707.752258 -1708.003022 -1708.294891 -1708.177327 -1708.085876 -1708.022597 -1707.988609 -1708.061406 -1707.926037 -1707.920906 -1707.920795 -1707.920792 -1707.920792 -1707.920792 -1707.920792 -1707.920792 -1707.920793 -1707.920793 -1707.920793 -1707.920794 -1707.920795 -1707.920796 -1707.920799 -1707.920802 -1707.920807 -1707.920814 -1707.920825 -1707.920841 -1707.920863 -1707.920894 -1707.920938 -1707.921000 -1707.921085 -1707.921202 -1707.921362 -1707.921579 -1707.921872 -1707.922262 -1707.922781 -1707.923467 -1707.924367 -1707.925543 -1707.927072 -1707.929049 -1707.931598 -1707.934871 -1707.939063 -1707.944418 -1707.951252 -1707.959971 -1707.971109 -1707.985382 -1708.003774 -1708.027706 -1708.059358 -1708.103299 -1708.222671 -1711.151600 -9999.0 -9999.0
-9999.0 -9999.0 -9999.0 -9999.0 -9999.0 -9999.0 -9999.0 -9999.0 -9999.0 -9999.0 -9999.0 -9999.0 -9999.0 -9999.0 -9999.0 -9999.0 -9999.0 -9999.0 -9999.0 -9999.0 -9999.0 -9999.0 -9999.0 -9999.0 -9999.0 -9999.0 -9999.0 -9999.0 -9999.0 -9999.0 -9999.0 -9999.0 -9999.0 -9999.0 -9999.0 -9999.0 -9999.0 -9999.0 -9999.0 -9999.0 -9999.0 -9999.0 -9999.0 -9999.0 -9999.0 -9999.0 -9999.0 -9999.0 -9999.0 -9999.0 -9999.0 -9999.0 -9999.0 -9999.0 -9999.0 -9999.0 -9999.0 -9999.0 -9999.0 -9999.0 -9999.0 -9999.0 -9999.0 -9999.0 -9999.0 -9999.0 -9999.0 -9999.0 -9999.0 -9999.0 -9999.0 -9999.0 -9999.0 -9999.0 -9999.0 -9999.0 -9999.0 -9999.0 -9999.0 -9999.0 -9999.0 -9999.0 -9999.0 -9999.0 -9999.0 -9999.0 -9999.0 -9999.0 -9999.0 -9999.0 -9999.0 -9999.0 -9999.0 -9999.0 -9999.0 -9999.0 -9999.0 -9999.0 -9999.0 -9999.0 -9999.0 -9999.0 -9999.0 -9999.0
-9999.0 -9999.0 -9999.0 -9999.0 -9999.0 -9999.0 -9999.0 -9999.0 -9999.0 -9999.0 -9999.0 -9999.0 -9999.0 -9999.0 -9999.0 -9999.0 -9999.0 -9999.0 -9999.0 -9999.0 -9999.0 -9999.0 -9999.0 -9999.0 -9999.0 -9999.0 -9999.0 -9999.0 -9999.0 -9999.0 -9999.0 -9999.0 -9999.0 -9999.0 -9999.0 -9999.0 -9999.0 -9999.0 -9999.0 -9999.0 -9999.0 -9999.0 -9999.0 -9999.0 -9999.0 -9999.0 -9999.0 -9999.0 -9999.0 -9999.0 -9999.0 -9999.0 -9999.0 -9999.0 -9999.0 -9999.0 -9999.0 -9999.0 -9999.0 -9999.0 -9999.0 -9999.0 -9999.0 -9999.0 -9999.0 -9999.0 -9999.0 -9999.0 -9999.0 -9999.0 -9999.0 -9999.0 -9999.0 -9999.0 -9999.0 -9999.0 -9999.0 -9999.0 -9999.0 -9999.0 -9999.0 -9999.0 -9999.0 -9999.0 -9999.0 -9999.0 -9999.0 -9999.0 -9999.0 -9999.0 -9999.0 -9999.0 -9999.0 -9999.0 -9999.0 -9999.0 -9999.0 -9999.0 -9999.0 -9999.0 -9999.0 -9999.0 -9999.0 -9999.0