tests/3D/superslab/out/maps3D/PwL0080N0002.asc
ncols         104
nrows         10
xllcorner     -2.000000
yllcorner     0.000000
cellsize      1.000000
NODATA_value  -9999.0
-9999.0 -9999.0 -9999.0 -9999.0 -9999.0 -9999.0 -9999.0 -9999.0 -9999.0 -9999.0 -9999.0 -9999.0 -9999.0 -9999.0 -9999.0 -9999.0 -9999.0 -9999.0 -9999.0 -9999.0 -9999.0 -9999.0 -9999.0 -9999.0 -9999.0 -9999.0 -9999.0 -9999.0 -9999.0 -9999.0 -9999.0 -9999.0 -9999.0 -9999.0 -9999.0 -9999.0 -9999.0 -9999.0 -9999.0 -9999.0 -9999.0 -9999.0 -9999.0 -9999.0 -9999.0 -9999.0 -9999.0 -9999.0 -9999.0 -9999.0 -9999.0 -9999.0 -9999.0 -9999.0 -9999.0 -9999.0 -9999.0 -9999.0 -9999.0 -9999.0 -9999.0 -9999.0 -9999.0 -9999.0 -9999.0 -9999.0 -9999.0 -9999.0 -9999.0 -9999.0 -9999.0 -9999.0 -9999.0 -9999.0 -9999.0 -9999.0 -9999.0 -9999.0 -9999.0 -9999.0 -9999.0 -9999.0 -9999.0 -9999.0 -9999.0 -9999.0 -9999.0 -9999.0 -9999.0 -9999.0 -9999.0 -9999.0 -9999.0 -9999.0 -9999.0 -9999.0 -9999.0 -9999.0 -9999.0 -9999.0 -9999.0 -9999.0 -9999.0 -9999.0
-9999.0 -9999.0 -9999.0 -9999.0 -9999.0 -9999.0 -9999.0 -9999.0 -9999.0 -9999.0 -9999.0 -9999.0 -9999.0 -9999.0 -9999.0 -9999.0 -9999.0 -9999.0 -9999.0 -9999.0 -9999.0 -9999.0 -9999.0 -9999.0 -9999.0 -9999.0 -9999.0 -9999.0 -9999.0 -9999.0 -9999.0 -9999.0 -9999.0 -9999.0 -9999.0 -9999.0 -9999.0 -9999.0 -9999.0 -9999.0 -9999.0 -9999.0 -9999.0 -9999.0 -9999.0 -9999.0 -9999.0 -9999.0 -9999.0 -9999.0 -9999.0 -9999.0 -9999.0 -9999.0 -9999.0 -9999.0 -9999.0 -9999.0 -9999.0 -9999.0 -9999.0 -9999.0 -9999.0 -9999.0 -9999.0 -9999.0 -9999.0 -9999.0 -9999.0 -9999.0 -9999.0 -9999.0 -9999.0 -9999.0 -9999.0 -9999.0 -9999.0 -9999.0 -9999.0 -9999.0 -9999.0 -9999.0 -9999.0 -9999.0 -9999.0 -9999.0 -9999.0 -9999.0 -9999.0 -9999.0 -9999.0 -9999.0 -9999.0 -9999.0 -9999.0 -9999.0 -9999.0 -9999.0 -9999.0 -9999.0 -9999.0 -9999.0 -9999.0 -9999.0
-9999.0 -9999.0 -781.033247 -897.460449 -966.300910 -996.734188 -1008.450310 -1012.595371 -1014.052841 -1014.568380 -1014.751180 -1014.815993 -1014.838947 -1014.847064 -1014.849929 -1014.850938 -1014.851293 -1014.851418 -1014.851462 -1014.851477 -1014.851482 -1014.851484 -1014.851485 -1014.851485 -1014.851485 -1014.851485 -1014.851485 -1014.851485 -1014.851485 -1014.851484 -1014.851484 -1014.851483 -1014.851481 -1014.851479 -1014.851475 -1014.851470 -1014.851462 -1014.851452 -1014.851436 -1014.851415 -1014.851381 -1014.851287 -1014.850777 -1014.847691 -1014.832845 -1014.777582 -1014.617236 -1014.246486 -1013.538866 -1013.107806 -1014.072270 -1017.534227 -1014.906339 -1014.852638 -1014.851575 -1014.851512 -1014.851495 -1014.851489 -1014.851487 -1014.851486 -1014.851486 -1014.851486 -1014.851486 -1014.851488 -1014.851490 -1014.851495 -1014.851505 -1014.851523 -1014.851558 -1014.851623 -1014.851740 -1014.851952 -1014.852325 -1014.852971 -1014.854073 -1014.855913 -1014.858930 -1014.863782 -1014.871431 -1014.883255 -1014.901173 -1014.927798 -1014.966600 -1015.022089 -1015.099997 -1015.207467 -1015.353244 -1015.547869 -1015.803899 -1016.136161 -1016.562099 -1017.102258 -1017.781025 -1018.627774 -1019.678714 -1020.979948 -1022.592783 -1024.603549 -1027.143709 -1030.441440 -1035.091970 -1045.763345 -9999.0 -9999.0
-9999.0 -9999.0 -781.033247 -897.460449 -966.300910 -996.734188 -1008.450310 -1012.595371 -1014.052841 -1014.568380 -1014.751180 -1014.815993 -1014.838947 -1014.847064 -1014.849929 -1014.850938 -1014.851293 -1014.851418 -1014.851462 -1014.851477 -1014.851482 -1014.851484 -1014.851485 -1014.851485 -1014.851485 -1014.851485 -1014.851485 -1014.851485 -1014.851485 -1014.851484 -1014.851484 -1014.851483 -1014.851481 -1014.851479 -1014.851475 -1014.851470 -1014.851462 -1014.851452 -1014.851436 -1014.851415 -1014.851381 -1014.851287 -1014.850777 -1014.847691 -1014.832845 -1014.777582 -1014.617236 -1014.246486 -1013.538866 -1013.107806 -1014.072270 -1017.534227 -1014.906339 -1014.852638 -1014.851575 -1014.851512 -1014.851495 -1014.851489 -1014.851487 -1014.851486 -1014.851486 -1014.851486 -1014.851486 -1014.851488 -1014.851490 -1014.851495 -1014.851505 -1014.851523 -1014.851558 -1014.851623 -1014.851740 -1014.851952 -1014.852325 -1014.852971 -1014.854073 -1014.855913 -1014.858930 -1014.863782 -1014.871431 -1014.883255 -1014.901173 -1014.927798 -1014.966600 -1015.022089 -1015.099997 -1015.207467 -1015.353244 -1015.547869 -1015.803899 -1016.136161 -1016.562099 -1017.102258 -1017.781025 -1018.627774 -1019.678714 -1020.979948 -1022.592783 -1024.603549 -1027.143709 -1030.441440 -1035.091970 -1045.763345 -9999.0 -9999.0
-9999.0 -9999.0 -781.033247 -897.460449 -966.300910 -996.734188 -1008.450310 -1012.595371 -1014.052841 -1014.568380 -1014.751180 -1014.815993 -1014.838947 -1014.847064 -1014.849929 -1014.850938 -1014.851293 -1014.851418 -1014.851462 -1014.851477 -1014.851482 -1014.851484 -1014.851485 -1014.851485 -1014.851485 -1014.851485 -1014.851485 -1014.851485 -1014.851485 -1014.851484 -1014.851484 -1014.851483 -1014.851481 -1014.851479 -1014.851475 -1014.851470 -1014.851462 -1014.851452 -1014.851436 -1014.851415 -1014.851381 -1014.851287 -1014.850777 -1014.847691 -1014.832845 -1014.777582 -1014.617236 -1014.246486 -1013.538866 -1013.107806 -1014.072270 -1017.534227 -1014.906339 -1014.852638 -1014.851575 -1014.851512 -1014.851495 -1014.851489 -1014.851487 -1014.851486 -1014.851486 -1014.851486 -1014.851486 -1014.851488 -1014.851490 -1014.851495 -1014.851505 -1014.851523 -1014.851558 -1014.851623 -1014.851740 -1014.851952 -1014.852325 -1014.852971 -1014.854073 -1014.855913 -1014.858930 -1014.863782 -1014.871431 -1014.883255 -1014.901173 -1014.927798 -1014.966600 -1015.022089 -1015.099997 -1015.207467 -1015.353244 -1015.547869 -1015.803899 -1016.136161 -1016.562099 -1017.102258 -1017.781025 -1018.627774 -1019.678714 -1020.979948 -1022.592783 -1024.603549 -1027.143709 -1030.441440 -1035.091970 -1045.763345 -9999.0 -9999.0
-9999.0 -9999.0 -781.033247 -897.460449 -966.300910 -996.734188 -1008.450310 -1012.595371 -1014.052841 -1014.568380 -1014.751180 -1014.815993 -1014.838947 -1014.847064 -1014.849929 -1014.850938 -1014.851293 -1014.851418 -1014.851462 -1014.851477 -1014.851482 -1014.851484 -1014.851485 -1014.851485 -1014.851485 -1014.851485 -1014.851485 -1014.851485 -1014.851485 -1014.851484 -1014.851484 -1014.851483 -1014.851481 -1014.851479 -1014.851475 -1014.851470 -1014.851462 -1014.851452 -1014.851436 -1014.851415 -1014.851381 -1014.851287 -1014.850777 -1014.847691 -1014.832845 -1014.777582 -1014.617236 -1014.246486 -1013.538866 -1013.107806 -1014.072270 -1017.534227 -1014.906339 -1014.852638 -1014.851575 -1014.851512 -1014.851495 -1014.851489 -1014.851487 -1014.851486 -1014.851486 -1014.851486 -1014.851486 -1014.851488 -1014.851490 -1014.851495 -1014.851505 -1014.851523 -1014.851558 -1014.851623 -1014.851740 -1014.851952 -1014.852325 -1014.852971 -1014.854073 -1014.855913 -1014.858930 -1014.863782 -1014.871431 -1014.883255 -1014.901173 -1014.927798 -1014.966600 -1015.022089 -1015.099997 -1015.207467 -1015.353244 -1015.547869 -1015.803899 -1016.136161 -1016.562099 -1017.102258 -1017.781025 -1018.627774 -1019.678714 -1020.979948 -1022.592783 -1024.603549 -1027.143709 -1030.441440 -1035.091970 -1045.763345 -9999.0 -9999.0
-9999.0 -9999.0 -781.033247 -897.460449 -966.300910 -996.734188 -1008.450310 -1012.595371 -1014.052841 -1014.568380 -1014.751180 -1014.815993 -1014.838947 -1014.847064 -1014.849929 -1014.850938 -1014.851293 -1014.851418 -1014.851462 -1014.851477 -1014.851482 -1014.851484 -1014.851485 -1014.851485 -1014.851485 -1014.851485 -1014.851485 -1014.851485 -1014.851485 -1014.851484 -1014.851484 -1014.851483 -1014.851481 -1014.851479 -1014.851475 -1014.851470 -1014.851462 -1014.851452 -1014.851436 -1014.851415 -1014.851381 -1014.851287 -1014.850777 -1014.847691 -1014.832845 -1014.777582 -1014.617236 -1014.246486 -1013.538866 -1013.107806 -1014.072270 -1017.534227 -1014.906339 -1014.852638 -1014.851575 -1014.851512 -1014.851495 -1014.851489 -1014.851487 -1014.851486 -1014.851486 -1014.851486 -1014.851486 -1014.851488 -1014.851490 -1014.851495 -1014.851505 -1014.851523 -1014.851558 -1014.851623 -1014.851740 -1014.851952 -1014.852325 -1014.852971 -1014.854073 -1014.855913 -1014.858930 -1014.863782 -1014.871431 -1014.883255 -1014.901173 -1014.927798 -1014.966600 -1015.022089 -1015.099997 -1015.207467 -1015.353244 -1015.547869 -1015.803899 -1016.136161 -1016.562099 -1017.102258 -1017.781025 -1018.627774 -1019.678714 -1020.979948 -1022.592783 -1024.603549 -1027.143709 -1030.441440 -1035.091970 -1045.763345 -9999.0 -9999.0
-9999.0 -9999.0 -781.033247 -897.460449 -966.300910 -996.734188 -1008.450310 -1012.595371 -1014.052841 -1014.568380 -1014.751180 -1014.815993 -1014.838947 -1014.847064 -1014.849929 -1014.850938 -1014.851293 -1014.851418 -1014.851462 -1014.851477 -1014.851482 -1014.851484 -1014.851485 -1014.851485 -1014.851485 -1014.851485 -1014.851485 -1014.851485 -1014.851485 -1014.851484 -1014.851484 -1014.851483 -1014.851481 -1014.851479 -1014.851475 -1014.851470 -1014.851462 -1014.851452 -1014.851436 -1014.851415 -1014.851381 -1014.851287 -1014.850777 -1014.847691 -1014.832845 -1014.777582 -1014.617236 -1014.246486 -1013.538866 -1013.107806 -1014.072270 -1017.534227 -1014.906339 -1014.852638 -1014.851575 -1014.851512 -1014.851495 -1014.851489 -1014.851487 -1014.851486 -1014.851486 -1014.851486 -1014.851486 -1014.851488 -1014.851490 -1014.851495 -1014.851505 -1014.851523 -1014.851558 -1014.851623 -1014.851740 -1014.851952 -1014.852325 -1014.852971 -1014.854073 -1014.855913 -1014.858930 -1014.863782 -1014.871431 -1014.883255 -1014.901173 -1014.927798 -1014.966600 -1015.022089 -1015.099997 -1015.207467 -1015.353244 -1015.547869 -1015.803899 -1016.136161 -1016.562099 -1017.102258 -1017.781025 -1018.627774 -1019.678714 -1020.979948 -1022.592783 -1024.603549 -1027.143709 -1030.441440 -1035.091970 -1045.763345 -9999.0 -9999.0
-9999.0 -9999.0 -9999.0 -9999.0 -9999.0 -9999.0 -9999.0 -9999.0 -9999.0 -9999.0 -9999.0 -9999.0 -9999.0 -9999.0 -9999.0 -9999.0 -9999.0 -9999.0 -9999.0 -9999.0 -9999.0 -9999.0 -9999.0 -9999.0 -9999.0 -9999.0 -9999.0 -9999.0 -9999.0 -9999.0 -9999.0 -9999.0 -9999.0 -9999.0 -9999.0 -9999.0 -9999.0 -9999.0 -9999.0 -9999.0 -9999.0 -9999.0 -9999.0 -9999.0 -9999.0 -9999.0 -9999.0 -9999.0 -9999.0 -9999.0 -9999.0 -9999.0 -9999.0 -9999.0 -9999.0 -9999.0 -9999.0 -9999.0 -9999.0 -9999.0 -9999.0 -9999.0 -9999.0 -9999.0 -9999.0 -9999.0 -9999.0 -9999.0 -9999.0 -9999.0 -9999.0 -9999.0 -9999.0 -9999.0 -9999.0 -9999.0 -9999.0 -9999.0 -9999.0 -9999.0 -9999.0 -9999.0 -9999.0 -9999.0 -9999.0 -9999.0 -9999.0 -9999.0 -9999.0 -9999.0 -9999.0 -9999.0 -9999.0 -9999.0 -9999.0 -9999.0 -9999.0 -9999.0 -9999.0 -9999.0 -9999.0 -9999.0 -9999.0 -9999.0
-9999.0 -9999.0 -9999.0 -9999.0 -9999.0 -9999.0 -9999.0 -9999.0 -9999.0 -9999.0 -9999.0 -9999.0 -9999.0 -9999.0 -9999.0 -9999.0 -9999.0 -9999.0 -9999.0 -9999.0 -9999.0 -9999.0 -9999.0 -9999.0 -9999.0 -9999.0 -9999.0 -9999.0 -9999.0 -9999.0 -9999.0 -9999.0 -9999.0 -9999.0 -9999.0 -9999.0 -9999.0 -9999.0 -9999.0 -9999.0 -9999.0 -9999.0 -9999.0 -9999.0 -9999.0 -9999.0 -9999.0 -9999.0 -9999.0 -9999.0 -9999.0 -9999.0 -9999.0 -9999.0 -9999.0 -9999.0 -9999.0 -9999.0 -9999.0 -9999.0 -9999.0 -9999.0 -9999.0 -9999.0 -9999.0 -9999.0 -9999.0 -9999.0 -9999.0 -9999.0 -9999.0 -9999.0 -9999.0 -9999.0 -9999.0 -9999.0 -9999.0 -9999.0 -9999.0 -9999.0 -9999.0 -9999.0 -9999.0 -9999.0 -9999.0 -9999.0 -9999.0 -9999.0 -9999.0 -9999.0 -9999.0 -9999.0 -9999.0 -9999.0 -9999.0 -9999.0 -9999.0 -9999.0 -9999.0 -9999.0 -9999.0 -9999.0 -9999.0 -9999.0