tests/3D/superslab/out/maps3D/PwL0009N0005.asc
ncols         104
nrows         10
xllcorner     -2.000000
yllcorner     0.000000
cellsize      1.000000
NODATA_value  -9999.0
-9999.0 -9999.0 -9999.0 -9999.0 -9999.0 -9999.0 -9999.0 -9999.0 -9999.0 -9999.0 -9999.0 -9999.0 -9999.0 -9999.0 -9999.0 -9999.0 -9999.0 -9999.0 -9999.0 -9999.0 -9999.0 -9999.0 -9999.0 -9999.0 -9999.0 -9999.0 -9999.0 -9999.0 -9999.0 -9999.0 -9999.0 -9999.0 -9999.0 -9999.0 -9999.0 -9999.0 -9999.0 -9999.0 -9999.0 -9999.0 -9999.0 -9999.0 -9999.0 -9999.0 -9999.0 -9999.0 -9999.0 -9999.0 -9999.0 -9999.0 -9999.0 -9999.0 -9999.0 -9999.0 -9999.0 -9999.0 -9999.0 -9999.0 -9999.0 -9999.0 -9999.0 -9999.0 -9999.0 -9999.0 -9999.0 -9999.0 -9999.0 -9999.0 -9999.0 -9999.0 -9999.0 -9999.0 -9999.0 -9999.0 -9999.0 -9999.0 -9999.0 -9999.0 -9999.0 -9999.0 -9999.0 -9999.0 -9999.0 -9999.0 -9999.0 -9999.0 -9999.0 -9999.0 -9999.0 -9999.0 -9999.0 -9999.0 -9999.0 -9999.0 -9999.0 -9999.0 -9999.0 -9999.0 -9999.0 -9999.0 -9999.0 -9999.0 -9999.0 -9999.0
-9999.0 -9999.0 -9999.0 -9999.0 -9999.0 -9999.0 -9999.0 -9999.0 -9999.0 -9999.0 -9999.0 -9999.0 -9999.0 -9999.0 -9999.0 -9999.0 -9999.0 -9999.0 -9999.0 -9999.0 -9999.0 -9999.0 -9999.0 -9999.0 -9999.0 -9999.0 -9999.0 -9999.0 -9999.0 -9999.0 -9999.0 -9999.0 -9999.0 -9999.0 -9999.0 -9999.0 -9999.0 -9999.0 -9999.0 -9999.0 -9999.0 -9999.0 -9999.0 -9999.0 -9999.0 -9999.0 -9999.0 -9999.0 -9999.0 -9999.0 -9999.0 -9999.0 -9999.0 -9999.0 -9999.0 -9999.0 -9999.0 -9999.0 -9999.0 -9999.0 -9999.0 -9999.0 -9999.0 -9999.0 -9999.0 -9999.0 -9999.0 -9999.0 -9999.0 -9999.0 -9999.0 -9999.0 -9999.0 -9999.0 -9999.0 -9999.0 -9999.0 -9999.0 -9999.0 -9999.0 -9999.0 -9999.0 -9999.0 -9999.0 -9999.0 -9999.0 -9999.0 -9999.0 -9999.0 -9999.0 -9999.0 -9999.0 -9999.0 -9999.0 -9999.0 -9999.0 -9999.0 -9999.0 -9999.0 -9999.0 -9999.0 -9999.0 -9999.0 -9999.0
-9999.0 -9999.0 373.917049 275.191413 176.316435 75.590616 -26.073250 -124.488751 -207.252079 -250.475274 -329.410042 -364.917872 -381.790788 -390.329017 -336.137365 -203.570793 -63.352027 95.088369 274.434075 228.472350 175.789398 116.151663 49.443250 -23.058547 -99.009735 -173.417222 -238.712323 -287.534003 -318.497689 -335.838836 -344.821554 -349.221721 -351.215612 -351.877719 -351.618487 -350.481440 -348.279285 -344.681050 -332.346738 -290.095726 -323.864525 -363.638798 -2788.975077 -4529.508534 -4529.702850 -4529.702724 -4529.702618 -4529.702603 -4529.702601 -4529.702601 -4529.702601 -4529.702601 -4529.702601 -4529.702601 -4529.702601 -4529.702601 -4529.702601 -4529.702604 -4529.702624 -4529.702668 -4529.380614 -2670.111879 -225.237649 -291.945890 -318.771776 -333.265401 -341.874674 -347.137535 -350.393447 -352.429822 -353.703239 -354.506748 -355.016038 -355.337104 -355.540781 -355.670820 -355.754796 -355.810106 -355.848142 -355.877275 -355.904135 -355.934683 -355.974235 -356.032143 -356.120321 -356.257806 -356.473773 -356.813729 -357.349448 -358.193319 -359.520561 -361.602548 -364.855257 -369.905654 -377.675638 -389.472644 -407.057772 -432.642067 -468.786213 -518.578603 -588.656150 -693.325808 -9999.0 -9999.0
-9999.0 -9999.0 374.046217 275.233292 176.329724 75.595115 -26.071666 -124.488179 -207.251885 -250.475219 -329.410027 -364.917869 -381.790787 -390.329016 -336.137365 -203.570793 -63.352027 95.088369 274.434075 228.472350 175.789398 116.151663 49.443250 -23.058547 -99.009735 -173.417222 -238.712323 -287.534003 -318.497689 -335.838836 -344.821554 -349.221721 -351.215612 -351.877719 -351.618487 -350.481440 -348.279285 -344.681050 -332.346738 -290.095727 -323.864526 -363.638797 -2788.975075 -4529.508534 -4529.702850 -4529.702724 -4529.702618 -4529.702603 -4529.702601 -4529.702601 -4529.702601 -4529.702601 -4529.702601 -4529.702601 -4529.702601 -4529.702601 -4529.702601 -4529.702604 -4529.702624 -4529.702668 -4529.380614 -2670.111879 -225.237648 -291.945890 -318.771776 -333.265401 -341.874674 -347.137535 -350.393447 -352.429822 -353.703239 -354.506748 -355.016038 -355.337104 -355.540781 -355.670820 -355.754796 -355.810106 -355.848142 -355.877275 -355.904135 -355.934683 -355.974235 -356.032143 -356.120321 -356.257806 -356.473773 -356.813729 -357.349448 -358.193319 -359.520561 -361.602548 -364.855257 -369.905654 -377.675638 -389.472644 -407.057772 -432.642067 -468.786213 -518.578603 -588.656150 -693.325808 -9999.0 -9999.0
-9999.0 -9999.0 374.099123 275.258039 176.339717 75.598992 -26.070199 -124.487630 -207.251696 -250.475165 -329.410013 -364.917866 -381.790787 -390.329016 -336.137365 -203.570793 -63.352027 95.088369 274.434075 228.472350 175.789398 116.151663 49.443250 -23.058547 -99.009735 -173.417222 -238.712323 -287.534003 -318.497689 -335.838836 -344.821554 -349.221721 -351.215612 -351.877719 -351.618487 -350.481440 -348.279285 -344.681050 -332.346737 -290.095727 -323.864527 -363.638798 -2788.975075 -4529.508534 -4529.702850 -4529.702724 -4529.702618 -4529.702603 -4529.702601 -4529.702601 -4529.702601 -4529.702601 -4529.702601 -4529.702601 -4529.702601 -4529.702601 -4529.702601 -4529.702604 -4529.702624 -4529.702668 -4529.380614 -2670.111879 -225.237650 -291.945890 -318.771776 -333.265401 -341.874674 -347.137535 -350.393447 -352.429822 -353.703239 -354.506748 -355.016038 -355.337104 -355.540781 -355.670820 -355.754796 -355.810106 -355.848142 -355.877275 -355.904135 -355.934683 -355.974235 -356.032143 -356.120321 -356.257806 -356.473773 -356.813729 -357.349448 -358.193319 -359.520561 -361.602548 -364.855257 -369.905654 -377.675638 -389.472644 -407.057772 -432.642067 -468.786213 -518.578603 -588.656150 -693.325808 -9999.0 -9999.0
-9999.0 -9999.0 374.099123 275.258038 176.339717 75.598992 -26.070199 -124.487630 -207.251696 -250.475165 -329.410013 -364.917866 -381.790787 -390.329016 -336.137365 -203.570793 -63.352027 95.088369 274.434075 228.472350 175.789398 116.151663 49.443250 -23.058547 -99.009735 -173.417222 -238.712323 -287.534003 -318.497689 -335.838836 -344.821554 -349.221721 -351.215612 -351.877719 -351.618487 -350.481440 -348.279285 -344.681050 -332.346737 -290.095727 -323.864527 -363.638798 -2788.975075 -4529.508534 -4529.702850 -4529.702724 -4529.702618 -4529.702603 -4529.702601 -4529.702601 -4529.702601 -4529.702601 -4529.702601 -4529.702601 -4529.702601 -4529.702601 -4529.702601 -4529.702604 -4529.702624 -4529.702668 -4529.380614 -2670.111879 -225.237649 -291.945890 -318.771776 -333.265401 -341.874674 -347.137535 -350.393447 -352.429822 -353.703239 -354.506748 -355.016038 -355.337104 -355.540781 -355.670820 -355.754796 -355.810106 -355.848142 -355.877275 -355.904135 -355.934683 -355.974235 -356.032143 -356.120321 -356.257806 -356.473773 -356.813729 -357.349448 -358.193319 -359.520561 -361.602548 -364.855257 -369.905654 -377.675638 -389.472644 -407.057772 -432.642067 -468.786213 -518.578603 -588.656150 -693.325808 -9999.0 -9999.0
-9999.0 -9999.0 374.046217 275.233292 176.329724 75.595115 -26.071666 -124.488179 -207.251885 -250.475219 -329.410027 -364.917869 -381.790787 -390.329016 -336.137365 -203.570793 -63.352027 95.088369 274.434075 228.472350 175.789398 116.151663 49.443250 -23.058547 -99.009735 -173.417222 -238.712323 -287.534003 -318.497689 -335.838836 -344.821554 -349.221721 -351.215612 -351.877719 -351.618487 -350.481440 -348.279285 -344.681050 -332.346738 -290.095727 -323.864526 -363.638797 -2788.975075 -4529.508534 -4529.702850 -4529.702724 -4529.702618 -4529.702603 -4529.702601 -4529.702601 -4529.702601 -4529.702601 -4529.702601 -4529.702601 -4529.702601 -4529.702601 -4529.702601 -4529.702604 -4529.702624 -4529.702668 -4529.380614 -2670.111879 -225.237648 -291.945890 -318.771776 -333.265401 -341.874674 -347.137535 -350.393447 -352.429822 -353.703239 -354.506748 -355.016038 -355.337104 -355.540781 -355.670820 -355.754796 -355.810106 -355.848142 -355.877275 -355.904135 -355.934683 -355.974235 -356.032143 -356.120321 -356.257806 -356.473773 -356.813729 -357.349448 -358.193319 -359.520561 -361.602548 -364.855257 -369.905654 -377.675638 -389.472644 -407.057772 -432.642067 -468.786213 -518.578603 -588.656150 -693.325808 -9999.0 -9999.0
-9999.0 -9999.0 373.917049 275.191413 176.316435 75.590616 -26.073250 -124.488751 -207.252079 -250.475274 -329.410042 -364.917872 -381.790788 -390.329017 -336.137365 -203.570793 -63.352027 95.088369 274.434075 228.472350 175.789398 116.151663 49.443250 -23.058547 -99.009735 -173.417222 -238.712323 -287.534003 -318.497689 -335.838836 -344.821554 -349.221721 -351.215612 -351.877719 -351.618487 -350.481440 -348.279285 -344.681050 -332.346738 -290.095726 -323.864525 -363.638798 -2788.975077 -4529.508534 -4529.702850 -4529.702724 -4529.702618 -4529.702603 -4529.702601 -4529.702601 -4529.702601 -4529.702601 -4529.702601 -4529.702601 -4529.702601 -4529.702601 -4529.702601 -4529.702604 -4529.702624 -4529.702668 -4529.380614 -2670.111879 -225.237648 -291.945890 -318.771776 -333.265401 -341.874674 -347.137535 -350.393447 -352.429822 -353.703239 -354.506748 -355.016038 -355.337104 -355.540781 -355.670820 -355.754796 -355.810106 -355.848142 -355.877275 -355.904135 -355.934683 -355.974235 -356.032143 -356.120321 -356.257806 -356.473773 -356.813729 -357.349448 -358.193319 -359.520561 -361.602548 -364.855257 -369.905654 -377.675638 -389.472644 -407.057772 -432.642067 -468.786213 -518.578603 -588.656150 -693.325808 -9999.0 -9999.0
-9999.0 -9999.0 -9999.0 -9999.0 -9999.0 -9999.0 -9999.0 -9999.0 -9999.0 -9999.0 -9999.0 -9999.0 -9999.0 -9999.0 -9999.0 -9999.0 -9999.0 -9999.0 -9999.0 -9999.0 -9999.0 -9999.0 -9999.0 -9999.0 -9999.0 -9999.0 -9999.0 -9999.0 -9999.0 -9999.0 -9999.0 -9999.0 -9999.0 -9999.0 -9999.0 -9999.0 -9999.0 -9999.0 -9999.0 -9999.0 -9999.0 -9999.0 -9999.0 -9999.0 -9999.0 -9999.0 -9999.0 -9999.0 -9999.0 -9999.0 -9999.0 -9999.0 -9999.0 -9999.0 -9999.0 -9999.0 -9999.0 -9999.0 -9999.0 -9999.0 -9999.0 -9999.0 -9999.0 -9999.0 -9999.0 -9999.0 -9999.0 -9999.0 -9999.0 -9999.0 -9999.0 -9999.0 -9999.0 -9999.0 -9999.0 -9999.0 -9999.0 -9999.0 -9999.0 -9999.0 -9999.0 -9999.0 -9999.0 -9999.0 -9999.0 -9999.0 -9999.0 -9999.0 -9999.0 -9999.0 -9999.0 -9999.0 -9999.0 -9999.0 -9999.0 -9999.0 -9999.0 -9999.0 -9999.0 -9999.0 -9999.0 -9999.0 -9999.0 -9999.0
-9999.0 -9999.0 -9999.0 -9999.0 -9999.0 -9999.0 -9999.0 -9999.0 -9999.0 -9999.0 -9999.0 -9999.0 -9999.0 -9999.0 -9999.0 -9999.0 -9999.0 -9999.0 -9999.0 -9999.0 -9999.0 -9999.0 -9999.0 -9999.0 -9999.0 -9999.0 -9999.0 -9999.0 -9999.0 -9999.0 -9999.0 -9999.0 -9999.0 -9999.0 -9999.0 -9999.0 -9999.0 -9999.0 -9999.0 -9999.0 -9999.0 -9999.0 -9999.0 -9999.0 -9999.0 -9999.0 -9999.0 -9999.0 -9999.0 -9999.0 -9999.0 -9999.0 -9999.0 -9999.0 -9999.0 -9999.0 -9999.0 -9999.0 -9999.0 -9999.0 -9999.0 -9999.0 -9999.0 -9999.0 -9999.0 -9999.0 -9999.0 -9999.0 -9999.0 -9999.0 -9999.0 -9999.0 -9999.0 -9999.0 -9999.0 -9999.0 -9999.0 -9999.0 -9999.0 -9999.0 -9999.0 -9999.0 -9999.0 -9999.0 -9999.0 -9999.0 -9999.0 -9999.0 -9999.0 -9999.0 -9999.0 -9999.0 -9999.0 -9999.0 -9999.0 -9999.0 -9999.0 -9999.0 -9999.0 -9999.0 -9999.0 -9999.0 -9999.0 -9999.0