tests/3D/superslab/out/maps3D/PwL0002N0001.asc
ncols         104
nrows         10
xllcorner     -2.000000
yllcorner     0.000000
cellsize      1.000000
NODATA_value  -9999.0
-9999.0 -9999.0 -9999.0 -9999.0 -9999.0 -9999.0 -9999.0 -9999.0 -9999.0 -9999.0 -9999.0 -9999.0 -9999.0 -9999.0 -9999.0 -9999.0 -9999.0 -9999.0 -9999.0 -9999.0 -9999.0 -9999.0 -9999.0 -9999.0 -9999.0 -9999.0 -9999.0 -9999.0 -9999.0 -9999.0 -9999.0 -9999.0 -9999.0 -9999.0 -9999.0 -9999.0 -9999.0 -9999.0 -9999.0 -9999.0 -9999.0 -9999.0 -9999.0 -9999.0 -9999.0 -9999.0 -9999.0 -9999.0 -9999.0 -9999.0 -9999.0 -9999.0 -9999.0 -9999.0 -9999.0 -9999.0 -9999.0 -9999.0 -9999.0 -9999.0 -9999.0 -9999.0 -9999.0 -9999.0 -9999.0 -9999.0 -9999.0 -9999.0 -9999.0 -9999.0 -9999.0 -9999.0 -9999.0 -9999.0 -9999.0 -9999.0 -9999.0 -9999.0 -9999.0 -9999.0 -9999.0 -9999.0 -9999.0 -9999.0 -9999.0 -9999.0 -9999.0 -9999.0 -9999.0 -9999.0 -9999.0 -9999.0 -9999.0 -9999.0 -9999.0 -9999.0 -9999.0 -9999.0 -9999.0 -9999.0 -9999.0 -9999.0 -9999.0 -9999.0
-9999.0 -9999.0 -9999.0 -9999.0 -9999.0 -9999.0 -9999.0 -9999.0 -9999.0 -9999.0 -9999.0 -9999.0 -9999.0 -9999.0 -9999.0 -9999.0 -9999.0 -9999.0 -9999.0 -9999.0 -9999.0 -9999.0 -9999.0 -9999.0 -9999.0 -9999.0 -9999.0 -9999.0 -9999.0 -9999.0 -9999.0 -9999.0 -9999.0 -9999.0 -9999.0 -9999.0 -9999.0 -9999.0 -9999.0 -9999.0 -9999.0 -9999.0 -9999.0 -9999.0 -9999.0 -9999.0 -9999.0 -9999.0 -9999.0 -9999.0 -9999.0 -9999.0 -9999.0 -9999.0 -9999.0 -9999.0 -9999.0 -9999.0 -9999.0 -9999.0 -9999.0 -9999.0 -9999.0 -9999.0 -9999.0 -9999.0 -9999.0 -9999.0 -9999.0 -9999.0 -9999.0 -9999.0 -9999.0 -9999.0 -9999.0 -9999.0 -9999.0 -9999.0 -9999.0 -9999.0 -9999.0 -9999.0 -9999.0 -9999.0 -9999.0 -9999.0 -9999.0 -9999.0 -9999.0 -9999.0 -9999.0 -9999.0 -9999.0 -9999.0 -9999.0 -9999.0 -9999.0 -9999.0 -9999.0 -9999.0 -9999.0 -9999.0 -9999.0 -9999.0
-9999.0 -9999.0 82.199647 10.125860 -56.191765 -115.103930 -165.581266 -206.730299 -237.752734 -255.397846 -347.865835 -297.936810 -278.270381 -282.917593 -262.494269 -202.861615 -224.323780 -242.273127 -259.531922 -280.987576 -293.621422 -300.831594 -304.828598 -306.753135 -307.189522 -306.422708 -304.580981 -301.768538 -298.263468 -293.684629 -288.194739 -282.097532 -276.085797 -270.012821 -263.672522 -257.150927 -251.121896 -245.578726 -240.016028 -234.541171 -228.692293 -217.040540 -734.639882 -691.890781 -657.366329 -636.045942 -627.241980 -626.188440 -626.058900 -626.046598 -626.046108 -626.046768 -626.047501 -626.048234 -626.049329 -626.054512 -626.100198 -626.311695 -626.854554 -629.359831 -642.413583 -662.040317 -11.832577 -82.359822 -144.228506 -195.198358 -234.394271 -263.053305 -282.313697 -295.596659 -304.278651 -309.867451 -313.556154 -316.046667 -317.776024 -319.024385 -319.975098 -320.750995 -321.436756 -322.093007 -322.765405 -323.490680 -324.300835 -325.226343 -326.298975 -327.554846 -329.038319 -330.807706 -332.944056 -335.565116 -338.847543 -343.061718 -348.624554 -356.174961 -366.670885 -381.490067 -402.495109 -431.900251 -472.157278 -526.881569 -599.763806 -693.242944 -9999.0 -9999.0
-9999.0 -9999.0 82.332846 10.167672 -56.177655 -115.098936 -165.579474 -206.729661 -237.752514 -255.397776 -347.865804 -297.936795 -278.270377 -282.917592 -262.494269 -202.861615 -224.323780 -242.273127 -259.531922 -280.987576 -293.621422 -300.831594 -304.828598 -306.753135 -307.189522 -306.422708 -304.580981 -301.768538 -298.263468 -293.684630 -288.194740 -282.097533 -276.085798 -270.012822 -263.672523 -257.150929 -251.121897 -245.578727 -240.016028 -234.541172 -228.692293 -217.040540 -734.639882 -691.890781 -657.366329 -636.045941 -627.241980 -626.188440 -626.058900 -626.046598 -626.046108 -626.046768 -626.047501 -626.048234 -626.049329 -626.054512 -626.100198 -626.311695 -626.854554 -629.359831 -642.413583 -662.040317 -11.832577 -82.359822 -144.228506 -195.198358 -234.394271 -263.053305 -282.313697 -295.596659 -304.278651 -309.867451 -313.556154 -316.046667 -317.776024 -319.024385 -319.975099 -320.750995 -321.436756 -322.093007 -322.765405 -323.490680 -324.300835 -325.226343 -326.298975 -327.554845 -329.038319 -330.807706 -332.944056 -335.565116 -338.847543 -343.061718 -348.624554 -356.174961 -366.670885 -381.490067 -402.495109 -431.900251 -472.157278 -526.881569 -599.763806 -693.242944 -9999.0 -9999.0
-9999.0 -9999.0 82.359505 10.187483 -56.168119 -115.094893 -165.577877 -206.729061 -237.752301 -255.397707 -347.865774 -297.936781 -278.270373 -282.917590 -262.494268 -202.861614 -224.323780 -242.273127 -259.531922 -280.987576 -293.621422 -300.831594 -304.828598 -306.753135 -307.189522 -306.422708 -304.580981 -301.768538 -298.263468 -293.684630 -288.194740 -282.097533 -276.085799 -270.012823 -263.672524 -257.150930 -251.121898 -245.578728 -240.016029 -234.541172 -228.692293 -217.040540 -734.639882 -691.890781 -657.366329 -636.045941 -627.241980 -626.188440 -626.058900 -626.046598 -626.046108 -626.046768 -626.047501 -626.048234 -626.049329 -626.054512 -626.100198 -626.311695 -626.854554 -629.359831 -642.413582 -662.040317 -11.832577 -82.359822 -144.228506 -195.198358 -234.394271 -263.053305 -282.313697 -295.596659 -304.278651 -309.867451 -313.556154 -316.046667 -317.776024 -319.024385 -319.975098 -320.750995 -321.436756 -322.093007 -322.765405 -323.490680 -324.300835 -325.226343 -326.298975 -327.554846 -329.038319 -330.807706 -332.944056 -335.565116 -338.847543 -343.061718 -348.624554 -356.174961 -366.670884 -381.490067 -402.495109 -431.900251 -472.157278 -526.881569 -599.763805 -693.242944 -9999.0 -9999.0
-9999.0 -9999.0 82.359505 10.187483 -56.168118 -115.094893 -165.577877 -206.729061 -237.752301 -255.397707 -347.865774 -297.936781 -278.270373 -282.917590 -262.494268 -202.861615 -224.323780 -242.273127 -259.531922 -280.987576 -293.621422 -300.831594 -304.828598 -306.753135 -307.189522 -306.422708 -304.580981 -301.768538 -298.263468 -293.684630 -288.194740 -282.097533 -276.085799 -270.012823 -263.672524 -257.150930 -251.121898 -245.578728 -240.016029 -234.541172 -228.692293 -217.040540 -734.639882 -691.890781 -657.366329 -636.045941 -627.241980 -626.188440 -626.058900 -626.046598 -626.046108 -626.046768 -626.047501 -626.048234 -626.049329 -626.054512 -626.100198 -626.311695 -626.854554 -629.359831 -642.413582 -662.040317 -11.832577 -82.359822 -144.228506 -195.198358 -234.394271 -263.053305 -282.313697 -295.596659 -304.278651 -309.867451 -313.556154 -316.046667 -317.776024 -319.024385 -319.975099 -320.750995 -321.436756 -322.093007 -322.765405 -323.490680 -324.300835 -325.226342 -326.298975 -327.554845 -329.038319 -330.807706 -332.944056 -335.565116 -338.847543 -343.061718 -348.624554 -356.174961 -366.670885 -381.490067 -402.495109 -431.900251 -472.157278 -526.881569 -599.763805 -693.242944 -9999.0 -9999.0
-9999.0 -9999.0 82.332846 10.167672 -56.177655 -115.098936 -165.579474 -206.729660 -237.752514 -255.397776 -347.865804 -297.936795 -278.270377 -282.917592 -262.494269 -202.861615 -224.323780 -242.273127 -259.531922 -280.987576 -293.621422 -300.831594 -304.828598 -306.753135 -307.189522 -306.422708 -304.580981 -301.768538 -298.263468 -293.684630 -288.194740 -282.097533 -276.085798 -270.012822 -263.672523 -257.150929 -251.121897 -245.578727 -240.016028 -234.541172 -228.692293 -217.040540 -734.639882 -691.890781 -657.366329 -636.045941 -627.241980 -626.188440 -626.058900 -626.046598 -626.046108 -626.046768 -626.047501 -626.048234 -626.049329 -626.054512 -626.100198 -626.311695 -626.854554 -629.359831 -642.413583 -662.040317 -11.832577 -82.359822 -144.228506 -195.198358 -234.394271 -263.053305 -282.313697 -295.596659 -304.278651 -309.867451 -313.556154 -316.046667 -317.776024 -319.024385 -319.975098 -320.750995 -321.436756 -322.093007 -322.765405 -323.490680 -324.300835 -325.226343 -326.298975 -327.554846 -329.038319 -330.807706 -332.944056 -335.565116 -338.847543 -343.061718 -348.624554 -356.174961 -366.670885 -381.490067 -402.495109 -431.900251 -472.157278 -526.881569 -599.763805 -693.242944 -9999.0 -9999.0
-9999.0 -9999.0 82.199647 10.125860 -56.191765 -115.103930 -165.581266 -206.730299 -237.752734 -255.397847 -347.865835 -297.936810 -278.270381 -282.917593 -262.494269 -202.861615 -224.323780 -242.273127 -259.531922 -280.987576 -293.621422 -300.831594 -304.828598 -306.753135 -307.189522 -306.422708 -304.580981 -301.768538 -298.263468 -293.684629 -288.194739 -282.097532 -276.085797 -270.012821 -263.672522 -257.150927 -251.121896 -245.578726 -240.016028 -234.541171 -228.692293 -217.040540 -734.639882 -691.890781 -657.366329 -636.045942 -627.241980 -626.188440 -626.058900 -626.046598 -626.046108 -626.046768 -626.047501 -626.048234 -626.049329 -626.054512 -626.100198 -626.311695 -626.854554 -629.359831 -642.413583 -662.040317 -11.832577 -82.359822 -144.228506 -195.198358 -234.394271 -263.053305 -282.313697 -295.596659 -304.278651 -309.867451 -313.556154 -316.046667 -317.776024 -319.024385 -319.975099 -320.750995 -321.436756 -322.093007 -322.765405 -323.490680 -324.300835 -325.226343 -326.298975 -327.554845 -329.038320 -330.807706 -332.944056 -335.565116 -338.847543 -343.061718 -348.624554 -356.174961 -366.670885 -381.490067 -402.495109 -431.900251 -472.157278 -526.881569 -599.763806 -693.242944 -9999.0 -9999.0
-9999.0 -9999.0 -9999.0 -9999.0 -9999.0 -9999.0 -9999.0 -9999.0 -9999.0 -9999.0 -9999.0 -9999.0 -9999.0 -9999.0 -9999.0 -9999.0 -9999.0 -9999.0 -9999.0 -9999.0 -9999.0 -9999.0 -9999.0 -9999.0 -9999.0 -9999.0 -9999.0 -9999.0 -9999.0 -9999.0 -9999.0 -9999.0 -9999.0 -9999.0 -9999.0 -9999.0 -9999.0 -9999.0 -9999.0 -9999.0 -9999.0 -9999.0 -9999.0 -9999.0 -9999.0 -9999.0 -9999.0 -9999.0 -9999.0 -9999.0 -9999.0 -9999.0 -9999.0 -9999.0 -9999.0 -9999.0 -9999.0 -9999.0 -9999.0 -9999.0 -9999.0 -9999.0 -9999.0 -9999.0 -9999.0 -9999.0 -9999.0 -9999.0 -9999.0 -9999.0 -9999.0 -9999.0 -9999.0 -9999.0 -9999.0 -9999.0 -9999.0 -9999.0 -9999.0 -9999.0 -9999.0 -9999.0 -9999.0 -9999.0 -9999.0 -9999.0 -9999.0 -9999.0 -9999.0 -9999.0 -9999.0 -9999.0 -9999.0 -9999.0 -9999.0 -9999.0 -9999.0 -9999.0 -9999.0 -9999.0 -9999.0 -9999.0 -9999.0 -9999.0
-9999.0 -9999.0 -9999.0 -9999.0 -9999.0 -9999.0 -9999.0 -9999.0 -9999.0 -9999.0 -9999.0 -9999.0 -9999.0 -9999.0 -9999.0 -9999.0 -9999.0 -9999.0 -9999.0 -9999.0 -9999.0 -9999.0 -9999.0 -9999.0 -9999.0 -9999.0 -9999.0 -9999.0 -9999.0 -9999.0 -9999.0 -9999.0 -9999.0 -9999.0 -9999.0 -9999.0 -9999.0 -9999.0 -9999.0 -9999.0 -9999.0 -9999.0 -9999.0 -9999.0 -9999.0 -9999.0 -9999.0 -9999.0 -9999.0 -9999.0 -9999.0 -9999.0 -9999.0 -9999.0 -9999.0 -9999.0 -9999.0 -9999.0 -9999.0 -9999.0 -9999.0 -9999.0 -9999.0 -9999.0 -9999.0 -9999.0 -9999.0 -9999.0 -9999.0 -9999.0 -9999.0 -9999.0 -9999.0 -9999.0 -9999.0 -9999.0 -9999.0 -9999.0 -9999.0 -9999.0 -9999.0 -9999.0 -9999.0 -9999.0 -9999.0 -9999.0 -9999.0 -9999.0 -9999.0 -9999.0 -9999.0 -9999.0 -9999.0 -9999.0 -9999.0 -9999.0 -9999.0 -9999.0 -9999.0 -9999.0 -9999.0 -9999.0 -9999.0 -9999.0