tests/3D/superslab/out/maps3D/PwL0054N0006.asc
ncols         104
nrows         10
xllcorner     -2.000000
yllcorner     0.000000
cellsize      1.000000
NODATA_value  -9999.0
-9999.0 -9999.0 -9999.0 -9999.0 -9999.0 -9999.0 -9999.0 -9999.0 -9999.0 -9999.0 -9999.0 -9999.0 -9999.0 -9999.0 -9999.0 -9999.0 -9999.0 -9999.0 -9999.0 -9999.0 -9999.0 -9999.0 -9999.0 -9999.0 -9999.0 -9999.0 -9999.0 -9999.0 -9999.0 -9999.0 -9999.0 -9999.0 -9999.0 -9999.0 -9999.0 -9999.0 -9999.0 -9999.0 -9999.0 -9999.0 -9999.0 -9999.0 -9999.0 -9999.0 -9999.0 -9999.0 -9999.0 -9999.0 -9999.0 -9999.0 -9999.0 -9999.0 -9999.0 -9999.0 -9999.0 -9999.0 -9999.0 -9999.0 -9999.0 -9999.0 -9999.0 -9999.0 -9999.0 -9999.0 -9999.0 -9999.0 -9999.0 -9999.0 -9999.0 -9999.0 -9999.0 -9999.0 -9999.0 -9999.0 -9999.0 -9999.0 -9999.0 -9999.0 -9999.0 -9999.0 -9999.0 -9999.0 -9999.0 -9999.0 -9999.0 -9999.0 -9999.0 -9999.0 -9999.0 -9999.0 -9999.0 -9999.0 -9999.0 -9999.0 -9999.0 -9999.0 -9999.0 -9999.0 -9999.0 -9999.0 -9999.0 -9999.0 -9999.0 -9999.0
-9999.0 -9999.0 -9999.0 -9999.0 -9999.0 -9999.0 -9999.0 -9999.0 -9999.0 -9999.0 -9999.0 -9999.0 -9999.0 -9999.0 -9999.0 -9999.0 -9999.0 -9999.0 -9999.0 -9999.0 -9999.0 -9999.0 -9999.0 -9999.0 -9999.0 -9999.0 -9999.0 -9999.0 -9999.0 -9999.0 -9999.0 -9999.0 -9999.0 -9999.0 -9999.0 -9999.0 -9999.0 -9999.0 -9999.0 -9999.0 -9999.0 -9999.0 -9999.0 -9999.0 -9999.0 -9999.0 -9999.0 -9999.0 -9999.0 -9999.0 -9999.0 -9999.0 -9999.0 -9999.0 -9999.0 -9999.0 -9999.0 -9999.0 -9999.0 -9999.0 -9999.0 -9999.0 -9999.0 -9999.0 -9999.0 -9999.0 -9999.0 -9999.0 -9999.0 -9999.0 -9999.0 -9999.0 -9999.0 -9999.0 -9999.0 -9999.0 -9999.0 -9999.0 -9999.0 -9999.0 -9999.0 -9999.0 -9999.0 -9999.0 -9999.0 -9999.0 -9999.0 -9999.0 -9999.0 -9999.0 -9999.0 -9999.0 -9999.0 -9999.0 -9999.0 -9999.0 -9999.0 -9999.0 -9999.0 -9999.0 -9999.0 -9999.0 -9999.0 -9999.0
-9999.0 -9999.0 2365.571960 2265.701500 2163.562146 2059.396957 1952.756772 1847.532461 1744.294385 1639.191087 1532.316710 1424.094897 1318.117244 1217.627785 1117.617028 1017.704701 918.854930 823.938086 733.601000 648.210579 564.503335 481.735941 400.096603 319.788785 240.801885 168.588869 106.080289 50.299138 -2.502734 -53.007025 -100.522372 -144.105181 -182.934732 -217.040376 -244.801983 -267.111990 -285.275850 -72.415359 124.015412 307.741842 446.030428 436.949773 283.124471 138.894071 -0.636362 -185.075228 -702.332169 -2278.140147 -2301.973014 -2301.980227 -2301.977483 -2301.943411 -2301.514860 -2296.289837 -2234.422800 -1572.400202 670.358271 663.579016 656.214257 645.595219 638.259692 626.806601 605.284646 573.991539 541.393492 508.415581 477.235894 448.392308 419.536292 390.215125 360.669541 330.650402 300.248688 269.494193 238.105621 206.509204 174.888691 143.029079 111.083658 77.194537 45.881962 17.158223 -7.656946 -29.208403 -51.622708 -76.543760 -104.372505 -133.237469 -163.179366 -193.823805 -222.806515 -249.700299 -274.442105 -295.455525 -317.385909 -346.327202 -397.271290 -518.719444 -1736.624703 -2301.118192 -2302.002935 -2303.918186 -9999.0 -9999.0
-9999.0 -9999.0 2365.580232 2265.707202 2163.565319 2059.398512 1952.757498 1847.532776 1744.294517 1639.191142 1532.316733 1424.094906 1318.117248 1217.627786 1117.617028 1017.704701 918.854930 823.938086 733.601000 648.210579 564.503335 481.735942 400.096603 319.788785 240.801885 168.588869 106.080289 50.299138 -2.502734 -53.007025 -100.522372 -144.105181 -182.934732 -217.040376 -244.801983 -267.111990 -285.275850 -72.415359 124.015412 307.741842 446.030428 436.949773 283.124471 138.894071 -0.636361 -185.075228 -702.332169 -2278.140147 -2301.973014 -2301.980227 -2301.977483 -2301.943411 -2301.514860 -2296.289837 -2234.422800 -1572.400202 670.358271 663.579016 656.214257 645.595219 638.259692 626.806600 605.284646 573.991539 541.393492 508.415581 477.235894 448.392308 419.536292 390.215125 360.669541 330.650402 300.248688 269.494193 238.105621 206.509204 174.888691 143.029079 111.083658 77.194537 45.881962 17.158223 -7.656946 -29.208403 -51.622708 -76.543760 -104.372505 -133.237469 -163.179366 -193.823805 -222.806515 -249.700299 -274.442105 -295.455525 -317.385909 -346.327202 -397.271290 -518.719444 -1736.624702 -2301.118192 -2302.002935 -2303.918186 -9999.0 -9999.0
-9999.0 -9999.0 2365.587509 2265.712361 2163.568275 2059.399997 1952.758202 1847.533085 1744.294647 1639.191196 1532.316757 1424.094916 1318.117252 1217.627788 1117.617029 1017.704701 918.854930 823.938086 733.601000 648.210580 564.503335 481.735942 400.096603 319.788785 240.801885 168.588869 106.080289 50.299138 -2.502734 -53.007025 -100.522372 -144.105181 -182.934732 -217.040376 -244.801983 -267.111990 -285.275850 -72.415359 124.015412 307.741842 446.030428 436.949773 283.124471 138.894071 -0.636361 -185.075228 -702.332168 -2278.140147 -2301.973014 -2301.980227 -2301.977483 -2301.943411 -2301.514860 -2296.289837 -2234.422800 -1572.400202 670.358271 663.579015 656.214257 645.595219 638.259692 626.806601 605.284646 573.991539 541.393492 508.415581 477.235894 448.392308 419.536292 390.215125 360.669541 330.650402 300.248688 269.494193 238.105621 206.509204 174.888691 143.029079 111.083658 77.194537 45.881962 17.158223 -7.656946 -29.208403 -51.622708 -76.543760 -104.372505 -133.237469 -163.179366 -193.823805 -222.806515 -249.700299 -274.442105 -295.455525 -317.385909 -346.327202 -397.271290 -518.719444 -1736.624701 -2301.118192 -2302.002935 -2303.918186 -9999.0 -9999.0
-9999.0 -9999.0 2365.587509 2265.712361 2163.568275 2059.399997 1952.758201 1847.533085 1744.294647 1639.191196 1532.316757 1424.094916 1318.117252 1217.627788 1117.617029 1017.704701 918.854930 823.938086 733.601000 648.210580 564.503335 481.735942 400.096603 319.788785 240.801885 168.588869 106.080289 50.299138 -2.502734 -53.007025 -100.522372 -144.105181 -182.934732 -217.040376 -244.801983 -267.111990 -285.275850 -72.415359 124.015412 307.741842 446.030428 436.949773 283.124471 138.894071 -0.636361 -185.075228 -702.332168 -2278.140147 -2301.973014 -2301.980227 -2301.977483 -2301.943411 -2301.514860 -2296.289837 -2234.422800 -1572.400202 670.358271 663.579015 656.214257 645.595219 638.259692 626.806601 605.284647 573.991539 541.393492 508.415581 477.235894 448.392308 419.536292 390.215125 360.669541 330.650402 300.248688 269.494193 238.105621 206.509204 174.888691 143.029079 111.083658 77.194537 45.881962 17.158223 -7.656946 -29.208403 -51.622708 -76.543760 -104.372505 -133.237469 -163.179366 -193.823805 -222.806515 -249.700299 -274.442105 -295.455525 -317.385909 -346.327202 -397.271290 -518.719444 -1736.624701 -2301.118192 -2302.002935 -2303.918186 -9999.0 -9999.0
-9999.0 -9999.0 2365.580232 2265.707202 2163.565319 2059.398512 1952.757498 1847.532776 1744.294517 1639.191142 1532.316733 1424.094906 1318.117248 1217.627786 1117.617028 1017.704701 918.854930 823.938086 733.601000 648.210579 564.503335 481.735942 400.096603 319.788785 240.801885 168.588869 106.080289 50.299138 -2.502734 -53.007025 -100.522372 -144.105181 -182.934732 -217.040376 -244.801983 -267.111990 -285.275850 -72.415359 124.015412 307.741842 446.030428 436.949773 283.124471 138.894071 -0.636361 -185.075228 -702.332169 -2278.140147 -2301.973014 -2301.980227 -2301.977483 -2301.943411 -2301.514860 -2296.289837 -2234.422800 -1572.400202 670.358271 663.579016 656.214257 645.595219 638.259692 626.806601 605.284647 573.991539 541.393492 508.415581 477.235894 448.392308 419.536292 390.215125 360.669541 330.650402 300.248688 269.494193 238.105621 206.509204 174.888691 143.029079 111.083658 77.194537 45.881962 17.158223 -7.656946 -29.208403 -51.622708 -76.543760 -104.372505 -133.237469 -163.179366 -193.823805 -222.806515 -249.700299 -274.442105 -295.455525 -317.385909 -346.327202 -397.271290 -518.719444 -1736.624702 -2301.118192 -2302.002935 -2303.918186 -9999.0 -9999.0
-9999.0 -9999.0 2365.571960 2265.701500 2163.562146 2059.396957 1952.756772 1847.532462 1744.294385 1639.191087 1532.316710 1424.094897 1318.117244 1217.627785 1117.617028 1017.704701 918.854930 823.938086 733.601000 648.210579 564.503335 481.735941 400.096603 319.788785 240.801885 168.588869 106.080289 50.299138 -2.502734 -53.007025 -100.522372 -144.105181 -182.934732 -217.040376 -244.801983 -267.111990 -285.275850 -72.415359 124.015412 307.741842 446.030428 436.949773 283.124471 138.894071 -0.636362 -185.075228 -702.332169 -2278.140147 -2301.973014 -2301.980227 -2301.977483 -2301.943411 -2301.514860 -2296.289837 -2234.422800 -1572.400202 670.358271 663.579016 656.214257 645.595219 638.259692 626.806601 605.284647 573.991539 541.393493 508.415581 477.235894 448.392308 419.536292 390.215125 360.669541 330.650402 300.248688 269.494193 238.105621 206.509204 174.888691 143.029079 111.083658 77.194537 45.881962 17.158223 -7.656946 -29.208403 -51.622708 -76.543760 -104.372505 -133.237469 -163.179366 -193.823805 -222.806515 -249.700299 -274.442105 -295.455525 -317.385909 -346.327202 -397.271290 -518.719444 -1736.624703 -2301.118192 -2302.002935 -2303.918186 -9999.0 -9999.0
-9999.0 -9999.0 -9999.0 -9999.0 -9999.0 -9999.0 -9999.0 -9999.0 -9999.0 -9999.0 -9999.0 -9999.0 -9999.0 -9999.0 -9999.0 -9999.0 -9999.0 -9999.0 -9999.0 -9999.0 -9999.0 -9999.0 -9999.0 -9999.0 -9999.0 -9999.0 -9999.0 -9999.0 -9999.0 -9999.0 -9999.0 -9999.0 -9999.0 -9999.0 -9999.0 -9999.0 -9999.0 -9999.0 -9999.0 -9999.0 -9999.0 -9999.0 -9999.0 -9999.0 -9999.0 -9999.0 -9999.0 -9999.0 -9999.0 -9999.0 -9999.0 -9999.0 -9999.0 -9999.0 -9999.0 -9999.0 -9999.0 -9999.0 -9999.0 -9999.0 -9999.0 -9999.0 -9999.0 -9999.0 -9999.0 -9999.0 -9999.0 -9999.0 -9999.0 -9999.0 -9999.0 -9999.0 -9999.0 -9999.0 -9999.0 -9999.0 -9999.0 -9999.0 -9999.0 -9999.0 -9999.0 -9999.0 -9999.0 -9999.0 -9999.0 -9999.0 -9999.0 -9999.0 -9999.0 -9999.0 -9999.0 -9999.0 -9999.0 -9999.0 -9999.0 -9999.0 -9999.0 -9999.0 -9999.0 -9999.0 -9999.0 -9999.0 -9999.0 -9999.0
-9999.0 -9999.0 -9999.0 -9999.0 -9999.0 -9999.0 -9999.0 -9999.0 -9999.0 -9999.0 -9999.0 -9999.0 -9999.0 -9999.0 -9999.0 -9999.0 -9999.0 -9999.0 -9999.0 -9999.0 -9999.0 -9999.0 -9999.0 -9999.0 -9999.0 -9999.0 -9999.0 -9999.0 -9999.0 -9999.0 -9999.0 -9999.0 -9999.0 -9999.0 -9999.0 -9999.0 -9999.0 -9999.0 -9999.0 -9999.0 -9999.0 -9999.0 -9999.0 -9999.0 -9999.0 -9999.0 -9999.0 -9999.0 -9999.0 -9999.0 -9999.0 -9999.0 -9999.0 -9999.0 -9999.0 -9999.0 -9999.0 -9999.0 -9999.0 -9999.0 -9999.0 -9999.0 -9999.0 -9999.0 -9999.0 -9999.0 -9999.0 -9999.0 -9999.0 -9999.0 -9999.0 -9999.0 -9999.0 -9999.0 -9999.0 -9999.0 -9999.0 -9999.0 -9999.0 -9999.0 -9999.0 -9999.0 -9999.0 -9999.0 -9999.0 -9999.0 -9999.0 -9999.0 -9999.0 -9999.0 -9999.0 -9999.0 -9999.0 -9999.0 -9999.0 -9999.0 -9999.0 -9999.0 -9999.0 -9999.0 -9999.0 -9999.0 -9999.0 -9999.0