tests/3D/superslab/out/maps3D/PwL0065N0006.asc
ncols         104
nrows         10
xllcorner     -2.000000
yllcorner     0.000000
cellsize      1.000000
NODATA_value  -9999.0
-9999.0 -9999.0 -9999.0 -9999.0 -9999.0 -9999.0 -9999.0 -9999.0 -9999.0 -9999.0 -9999.0 -9999.0 -9999.0 -9999.0 -9999.0 -9999.0 -9999.0 -9999.0 -9999.0 -9999.0 -9999.0 -9999.0 -9999.0 -9999.0 -9999.0 -9999.0 -9999.0 -9999.0 -9999.0 -9999.0 -9999.0 -9999.0 -9999.0 -9999.0 -9999.0 -9999.0 -9999.0 -9999.0 -9999.0 -9999.0 -9999.0 -9999.0 -9999.0 -9999.0 -9999.0 -9999.0 -9999.0 -9999.0 -9999.0 -9999.0 -9999.0 -9999.0 -9999.0 -9999.0 -9999.0 -9999.0 -9999.0 -9999.0 -9999.0 -9999.0 -9999.0 -9999.0 -9999.0 -9999.0 -9999.0 -9999.0 -9999.0 -9999.0 -9999.0 -9999.0 -9999.0 -9999.0 -9999.0 -9999.0 -9999.0 -9999.0 -9999.0 -9999.0 -9999.0 -9999.0 -9999.0 -9999.0 -9999.0 -9999.0 -9999.0 -9999.0 -9999.0 -9999.0 -9999.0 -9999.0 -9999.0 -9999.0 -9999.0 -9999.0 -9999.0 -9999.0 -9999.0 -9999.0 -9999.0 -9999.0 -9999.0 -9999.0 -9999.0 -9999.0
-9999.0 -9999.0 -9999.0 -9999.0 -9999.0 -9999.0 -9999.0 -9999.0 -9999.0 -9999.0 -9999.0 -9999.0 -9999.0 -9999.0 -9999.0 -9999.0 -9999.0 -9999.0 -9999.0 -9999.0 -9999.0 -9999.0 -9999.0 -9999.0 -9999.0 -9999.0 -9999.0 -9999.0 -9999.0 -9999.0 -9999.0 -9999.0 -9999.0 -9999.0 -9999.0 -9999.0 -9999.0 -9999.0 -9999.0 -9999.0 -9999.0 -9999.0 -9999.0 -9999.0 -9999.0 -9999.0 -9999.0 -9999.0 -9999.0 -9999.0 -9999.0 -9999.0 -9999.0 -9999.0 -9999.0 -9999.0 -9999.0 -9999.0 -9999.0 -9999.0 -9999.0 -9999.0 -9999.0 -9999.0 -9999.0 -9999.0 -9999.0 -9999.0 -9999.0 -9999.0 -9999.0 -9999.0 -9999.0 -9999.0 -9999.0 -9999.0 -9999.0 -9999.0 -9999.0 -9999.0 -9999.0 -9999.0 -9999.0 -9999.0 -9999.0 -9999.0 -9999.0 -9999.0 -9999.0 -9999.0 -9999.0 -9999.0 -9999.0 -9999.0 -9999.0 -9999.0 -9999.0 -9999.0 -9999.0 -9999.0 -9999.0 -9999.0 -9999.0 -9999.0
-9999.0 -9999.0 2490.366384 -304.717344 -398.785330 -603.270076 -1023.420028 -1088.829657 -1491.884400 -1511.787156 -1619.664694 -1632.479014 -1693.940411 -1751.466786 -1756.930781 -1757.276195 -1756.056275 -1741.585629 -1747.881169 -1749.693305 -1751.660900 -1752.709911 -1753.811212 -1754.438227 -1755.118928 -1755.524066 -1755.965315 -1756.207719 -1756.389913 -1756.526876 -1756.630566 -1756.710310 -1756.772879 -1756.823333 -1756.865346 -1756.901265 -1756.931763 -1756.946321 -1756.930704 -1756.858176 -1756.759637 -1756.380971 -1756.832340 -1757.057981 -1757.303736 -1757.668431 -1757.729600 -1757.644451 -1757.574012 -1757.523742 -1757.514119 -1757.724574 -1757.441218 -1757.426247 -1757.425802 -1757.425803 -1757.425820 -1757.425823 -1757.425416 -1757.418868 -1757.335466 -1756.314797 -1742.669833 -1743.202521 -1744.139195 -1745.599675 -1747.567889 -1748.798548 -1749.664841 -1750.218228 -1750.823857 -1751.576621 -1752.324943 -1752.716130 -1753.124070 -1753.641297 -1754.079904 -1754.358404 -1754.683076 -1755.076712 -1755.312852 -1755.553179 -1755.849787 -1756.055713 -1756.228303 -1756.380372 -1756.515389 -1756.633195 -1756.738339 -1756.835213 -1756.924439 -1757.008453 -1757.091168 -1757.172442 -1757.262267 -1757.373505 -1757.544511 -1757.976586 -1758.116554 -1758.270417 -1758.593388 -1762.881789 -9999.0 -9999.0
-9999.0 -9999.0 2490.456085 -304.711217 -398.781884 -603.258928 -1023.419659 -1088.829302 -1491.884358 -1511.787142 -1619.664687 -1632.479013 -1693.940409 -1751.466786 -1756.930781 -1757.276195 -1756.056275 -1741.585629 -1747.881169 -1749.693305 -1751.660900 -1752.709911 -1753.811212 -1754.438227 -1755.118928 -1755.524066 -1755.965315 -1756.207719 -1756.389913 -1756.526876 -1756.630566 -1756.710310 -1756.772879 -1756.823333 -1756.865346 -1756.901265 -1756.931763 -1756.946321 -1756.930704 -1756.858176 -1756.759637 -1756.380971 -1756.832340 -1757.057981 -1757.303736 -1757.668431 -1757.729600 -1757.644451 -1757.574012 -1757.523742 -1757.514119 -1757.724574 -1757.441218 -1757.426247 -1757.425802 -1757.425803 -1757.425820 -1757.425823 -1757.425416 -1757.418868 -1757.335466 -1756.314797 -1742.669833 -1743.202521 -1744.139195 -1745.599675 -1747.567889 -1748.798548 -1749.664841 -1750.218228 -1750.823857 -1751.576621 -1752.324943 -1752.716130 -1753.124070 -1753.641297 -1754.079904 -1754.358404 -1754.683076 -1755.076712 -1755.312852 -1755.553179 -1755.849787 -1756.055713 -1756.228303 -1756.380372 -1756.515389 -1756.633195 -1756.738339 -1756.835213 -1756.924439 -1757.008453 -1757.091168 -1757.172442 -1757.262267 -1757.373505 -1757.544511 -1757.976586 -1758.116554 -1758.270417 -1758.593388 -1762.881789 -9999.0 -9999.0
-9999.0 -9999.0 2490.528297 -304.706033 -398.778746 -603.248661 -1023.419303 -1088.828956 -1491.884316 -1511.787129 -1619.664681 -1632.479011 -1693.940408 -1751.466786 -1756.930781 -1757.276195 -1756.056275 -1741.585629 -1747.881169 -1749.693305 -1751.660900 -1752.709911 -1753.811212 -1754.438227 -1755.118928 -1755.524066 -1755.965315 -1756.207719 -1756.389913 -1756.526876 -1756.630566 -1756.710310 -1756.772879 -1756.823333 -1756.865346 -1756.901265 -1756.931763 -1756.946321 -1756.930704 -1756.858176 -1756.759637 -1756.380971 -1756.832340 -1757.057981 -1757.303736 -1757.668431 -1757.729600 -1757.644451 -1757.574012 -1757.523742 -1757.514119 -1757.724574 -1757.441218 -1757.426247 -1757.425802 -1757.425803 -1757.425820 -1757.425823 -1757.425416 -1757.418868 -1757.335466 -1756.314797 -1742.669833 -1743.202521 -1744.139195 -1745.599675 -1747.567889 -1748.798548 -1749.664841 -1750.218228 -1750.823857 -1751.576621 -1752.324943 -1752.716130 -1753.124070 -1753.641297 -1754.079904 -1754.358404 -1754.683076 -1755.076712 -1755.312852 -1755.553179 -1755.849787 -1756.055713 -1756.228303 -1756.380372 -1756.515389 -1756.633195 -1756.738339 -1756.835213 -1756.924439 -1757.008453 -1757.091168 -1757.172442 -1757.262267 -1757.373505 -1757.544511 -1757.976586 -1758.116554 -1758.270417 -1758.593388 -1762.881789 -9999.0 -9999.0
-9999.0 -9999.0 2490.528297 -304.706033 -398.778746 -603.248661 -1023.419303 -1088.828956 -1491.884316 -1511.787129 -1619.664681 -1632.479011 -1693.940408 -1751.466786 -1756.930781 -1757.276195 -1756.056275 -1741.585629 -1747.881169 -1749.693305 -1751.660900 -1752.709911 -1753.811212 -1754.438227 -1755.118928 -1755.524066 -1755.965315 -1756.207719 -1756.389913 -1756.526876 -1756.630566 -1756.710310 -1756.772879 -1756.823333 -1756.865346 -1756.901265 -1756.931763 -1756.946321 -1756.930704 -1756.858176 -1756.759637 -1756.380971 -1756.832340 -1757.057981 -1757.303736 -1757.668431 -1757.729600 -1757.644451 -1757.574012 -1757.523742 -1757.514119 -1757.724574 -1757.441218 -1757.426247 -1757.425802 -1757.425803 -1757.425820 -1757.425823 -1757.425416 -1757.418868 -1757.335466 -1756.314797 -1742.669833 -1743.202521 -1744.139195 -1745.599675 -1747.567889 -1748.798548 -1749.664841 -1750.218228 -1750.823857 -1751.576621 -1752.324943 -1752.716130 -1753.124070 -1753.641297 -1754.079904 -1754.358404 -1754.683076 -1755.076712 -1755.312852 -1755.553179 -1755.849787 -1756.055713 -1756.228303 -1756.380372 -1756.515389 -1756.633195 -1756.738339 -1756.835213 -1756.924439 -1757.008453 -1757.091168 -1757.172442 -1757.262267 -1757.373505 -1757.544511 -1757.976586 -1758.116554 -1758.270417 -1758.593388 -1762.881789 -9999.0 -9999.0
-9999.0 -9999.0 2490.456085 -304.711217 -398.781884 -603.258928 -1023.419659 -1088.829302 -1491.884358 -1511.787142 -1619.664687 -1632.479013 -1693.940409 -1751.466786 -1756.930781 -1757.276195 -1756.056275 -1741.585629 -1747.881169 -1749.693305 -1751.660900 -1752.709911 -1753.811212 -1754.438227 -1755.118928 -1755.524066 -1755.965315 -1756.207719 -1756.389913 -1756.526876 -1756.630566 -1756.710310 -1756.772879 -1756.823333 -1756.865346 -1756.901265 -1756.931763 -1756.946321 -1756.930704 -1756.858176 -1756.759637 -1756.380971 -1756.832340 -1757.057981 -1757.303736 -1757.668431 -1757.729600 -1757.644451 -1757.574012 -1757.523742 -1757.514119 -1757.724574 -1757.441218 -1757.426247 -1757.425802 -1757.425803 -1757.425820 -1757.425823 -1757.425416 -1757.418868 -1757.335466 -1756.314797 -1742.669833 -1743.202521 -1744.139195 -1745.599675 -1747.567889 -1748.798548 -1749.664841 -1750.218228 -1750.823857 -1751.576621 -1752.324943 -1752.716130 -1753.124070 -1753.641297 -1754.079904 -1754.358404 -1754.683076 -1755.076712 -1755.312852 -1755.553179 -1755.849787 -1756.055713 -1756.228303 -1756.380372 -1756.515389 -1756.633195 -1756.738339 -1756.835213 -1756.924439 -1757.008453 -1757.091168 -1757.172442 -1757.262267 -1757.373505 -1757.544511 -1757.976586 -1758.116554 -1758.270417 -1758.593388 -1762.881789 -9999.0 -9999.0
-9999.0 -9999.0 2490.366384 -304.717344 -398.785330 -603.270076 -1023.420028 -1088.829657 -1491.884400 -1511.787156 -1619.664694 -1632.479014 -1693.940411 -1751.466786 -1756.930781 -1757.276195 -1756.056275 -1741.585629 -1747.881169 -1749.693305 -1751.660900 -1752.709911 -1753.811212 -1754.438227 -1755.118928 -1755.524066 -1755.965315 -1756.207719 -1756.389913 -1756.526876 -1756.630566 -1756.710310 -1756.772879 -1756.823333 -1756.865346 -1756.901265 -1756.931763 -1756.946321 -1756.930704 -1756.858176 -1756.759637 -1756.380971 -1756.832340 -1757.057981 -1757.303736 -1757.668431 -1757.729600 -1757.644451 -1757.574012 -1757.523742 -1757.514119 -1757.724574 -1757.441218 -1757.426247 -1757.425802 -1757.425803 -1757.425820 -1757.425823 -1757.425416 -1757.418868 -1757.335466 -1756.314797 -1742.669833 -1743.202521 -1744.139195 -1745.599675 -1747.567889 -1748.798548 -1749.664841 -1750.218228 -1750.823857 -1751.576621 -1752.324943 -1752.716130 -1753.124070 -1753.641297 -1754.079904 -1754.358404 -1754.683076 -1755.076712 -1755.312852 -1755.553179 -1755.849787 -1756.055713 -1756.228303 -1756.380372 -1756.515389 -1756.633195 -1756.738339 -1756.835213 -1756.924439 -1757.008453 -1757.091168 -1757.172442 -1757.262267 -1757.373505 -1757.544511 -1757.976586 -1758.116554 -1758.270417 -1758.593388 -1762.881789 -9999.0 -9999.0
-9999.0 -9999.0 -9999.0 -9999.0 -9999.0 -9999.0 -9999.0 -9999.0 -9999.0 -9999.0 -9999.0 -9999.0 -9999.0 -9999.0 -9999.0 -9999.0 -9999.0 -9999.0 -9999.0 -9999.0 -9999.0 -9999.0 -9999.0 -9999.0 -9999.0 -9999.0 -9999.0 -9999.0 -9999.0 -9999.0 -9999.0 -9999.0 -9999.0 -9999.0 -9999.0 -9999.0 -9999.0 -9999.0 -9999.0 -9999.0 -9999.0 -9999.0 -9999.0 -9999.0 -9999.0 -9999.0 -9999.0 -9999.0 -9999.0 -9999.0 -9999.0 -9999.0 -9999.0 -9999.0 -9999.0 -9999.0 -9999.0 -9999.0 -9999.0 -9999.0 -9999.0 -9999.0 -9999.0 -9999.0 -9999.0 -9999.0 -9999.0 -9999.0 -9999.0 -9999.0 -9999.0 -9999.0 -9999.0 -9999.0 -9999.0 -9999.0 -9999.0 -9999.0 -9999.0 -9999.0 -9999.0 -9999.0 -9999.0 -9999.0 -9999.0 -9999.0 -9999.0 -9999.0 -9999.0 -9999.0 -9999.0 -9999.0 -9999.0 -9999.0 -9999.0 -9999.0 -9999.0 -9999.0 -9999.0 -9999.0 -9999.0 -9999.0 -9999.0 -9999.0
-9999.0 -9999.0 -9999.0 -9999.0 -9999.0 -9999.0 -9999.0 -9999.0 -9999.0 -9999.0 -9999.0 -9999.0 -9999.0 -9999.0 -9999.0 -9999.0 -9999.0 -9999.0 -9999.0 -9999.0 -9999.0 -9999.0 -9999.0 -9999.0 -9999.0 -9999.0 -9999.0 -9999.0 -9999.0 -9999.0 -9999.0 -9999.0 -9999.0 -9999.0 -9999.0 -9999.0 -9999.0 -9999.0 -9999.0 -9999.0 -9999.0 -9999.0 -9999.0 -9999.0 -9999.0 -9999.0 -9999.0 -9999.0 -9999.0 -9999.0 -9999.0 -9999.0 -9999.0 -9999.0 -9999.0 -9999.0 -9999.0 -9999.0 -9999.0 -9999.0 -9999.0 -9999.0 -9999.0 -9999.0 -9999.0 -9999.0 -9999.0 -9999.0 -9999.0 -9999.0 -9999.0 -9999.0 -9999.0 -9999.0 -9999.0 -9999.0 -9999.0 -9999.0 -9999.0 -9999.0 -9999.0 -9999.0 -9999.0 -9999.0 -9999.0 -9999.0 -9999.0 -9999.0 -9999.0 -9999.0 -9999.0 -9999.0 -9999.0 -9999.0 -9999.0 -9999.0 -9999.0 -9999.0 -9999.0 -9999.0 -9999.0 -9999.0 -9999.0 -9999.0