tests/3D/superslab/out/maps3D/PwL0082N0006.asc
ncols         104
nrows         10
xllcorner     -2.000000
yllcorner     0.000000
cellsize      1.000000
NODATA_value  -9999.0
-9999.0 -9999.0 -9999.0 -9999.0 -9999.0 -9999.0 -9999.0 -9999.0 -9999.0 -9999.0 -9999.0 -9999.0 -9999.0 -9999.0 -9999.0 -9999.0 -9999.0 -9999.0 -9999.0 -9999.0 -9999.0 -9999.0 -9999.0 -9999.0 -9999.0 -9999.0 -9999.0 -9999.0 -9999.0 -9999.0 -9999.0 -9999.0 -9999.0 -9999.0 -9999.0 -9999.0 -9999.0 -9999.0 -9999.0 -9999.0 -9999.0 -9999.0 -9999.0 -9999.0 -9999.0 -9999.0 -9999.0 -9999.0 -9999.0 -9999.0 -9999.0 -9999.0 -9999.0 -9999.0 -9999.0 -9999.0 -9999.0 -9999.0 -9999.0 -9999.0 -9999.0 -9999.0 -9999.0 -9999.0 -9999.0 -9999.0 -9999.0 -9999.0 -9999.0 -9999.0 -9999.0 -9999.0 -9999.0 -9999.0 -9999.0 -9999.0 -9999.0 -9999.0 -9999.0 -9999.0 -9999.0 -9999.0 -9999.0 -9999.0 -9999.0 -9999.0 -9999.0 -9999.0 -9999.0 -9999.0 -9999.0 -9999.0 -9999.0 -9999.0 -9999.0 -9999.0 -9999.0 -9999.0 -9999.0 -9999.0 -9999.0 -9999.0 -9999.0 -9999.0
-9999.0 -9999.0 -9999.0 -9999.0 -9999.0 -9999.0 -9999.0 -9999.0 -9999.0 -9999.0 -9999.0 -9999.0 -9999.0 -9999.0 -9999.0 -9999.0 -9999.0 -9999.0 -9999.0 -9999.0 -9999.0 -9999.0 -9999.0 -9999.0 -9999.0 -9999.0 -9999.0 -9999.0 -9999.0 -9999.0 -9999.0 -9999.0 -9999.0 -9999.0 -9999.0 -9999.0 -9999.0 -9999.0 -9999.0 -9999.0 -9999.0 -9999.0 -9999.0 -9999.0 -9999.0 -9999.0 -9999.0 -9999.0 -9999.0 -9999.0 -9999.0 -9999.0 -9999.0 -9999.0 -9999.0 -9999.0 -9999.0 -9999.0 -9999.0 -9999.0 -9999.0 -9999.0 -9999.0 -9999.0 -9999.0 -9999.0 -9999.0 -9999.0 -9999.0 -9999.0 -9999.0 -9999.0 -9999.0 -9999.0 -9999.0 -9999.0 -9999.0 -9999.0 -9999.0 -9999.0 -9999.0 -9999.0 -9999.0 -9999.0 -9999.0 -9999.0 -9999.0 -9999.0 -9999.0 -9999.0 -9999.0 -9999.0 -9999.0 -9999.0 -9999.0 -9999.0 -9999.0 -9999.0 -9999.0 -9999.0 -9999.0 -9999.0 -9999.0 -9999.0
-9999.0 -9999.0 -290.360713 -392.752007 -496.964219 -602.203890 -703.734424 -791.045435 -853.315489 -888.719977 -905.226631 -911.784831 -914.301500 -915.258141 -915.620565 -915.757653 -915.809442 -915.828973 -915.836316 -915.839060 -915.840077 -915.840446 -915.840584 -915.840655 -915.840726 -915.840827 -915.841001 -915.841275 -915.841686 -915.842286 -915.843140 -915.844335 -915.845981 -915.848221 -915.851236 -915.855252 -915.860550 -915.867471 -915.876413 -915.887784 -915.901783 -915.917806 -915.933216 -915.941455 -915.929973 -915.878636 -915.758532 -915.529047 -915.129496 -914.488557 -914.557637 -920.956640 -916.888967 -916.872478 -917.050015 -917.260841 -917.500133 -917.769537 -918.071089 -918.406893 -918.779066 -919.189718 -919.640944 -920.134824 -920.673427 -921.258816 -921.893061 -922.578251 -923.316510 -924.110018 -924.961034 -925.871922 -926.845179 -927.883472 -928.989676 -930.166920 -931.418641 -932.748639 -934.161157 -935.660959 -937.253435 -938.944725 -940.741869 -942.652990 -944.687536 -946.856572 -949.173161 -951.652870 -954.314431 -957.180638 -960.279592 -963.646451 -967.325972 -971.376329 -975.875026 -980.928531 -986.688850 -993.384258 -1001.383154 -1011.360501 -1024.993933 -1049.864789 -9999.0 -9999.0
-9999.0 -9999.0 -290.360713 -392.752007 -496.964219 -602.203890 -703.734424 -791.045435 -853.315489 -888.719977 -905.226631 -911.784831 -914.301500 -915.258141 -915.620565 -915.757653 -915.809442 -915.828973 -915.836316 -915.839060 -915.840077 -915.840446 -915.840584 -915.840655 -915.840726 -915.840827 -915.841001 -915.841275 -915.841686 -915.842286 -915.843140 -915.844335 -915.845981 -915.848221 -915.851236 -915.855252 -915.860550 -915.867471 -915.876413 -915.887784 -915.901783 -915.917806 -915.933216 -915.941455 -915.929973 -915.878636 -915.758532 -915.529047 -915.129496 -914.488557 -914.557637 -920.956640 -916.888967 -916.872478 -917.050015 -917.260841 -917.500133 -917.769537 -918.071089 -918.406893 -918.779066 -919.189718 -919.640944 -920.134824 -920.673427 -921.258816 -921.893061 -922.578251 -923.316510 -924.110018 -924.961034 -925.871922 -926.845179 -927.883472 -928.989676 -930.166920 -931.418641 -932.748639 -934.161157 -935.660959 -937.253435 -938.944725 -940.741869 -942.652990 -944.687536 -946.856572 -949.173161 -951.652870 -954.314431 -957.180638 -960.279592 -963.646451 -967.325972 -971.376329 -975.875026 -980.928531 -986.688850 -993.384258 -1001.383154 -1011.360501 -1024.993933 -1049.864789 -9999.0 -9999.0
-9999.0 -9999.0 -290.360713 -392.752007 -496.964219 -602.203890 -703.734424 -791.045435 -853.315489 -888.719977 -905.226631 -911.784831 -914.301500 -915.258141 -915.620565 -915.757653 -915.809442 -915.828973 -915.836316 -915.839060 -915.840077 -915.840446 -915.840584 -915.840655 -915.840726 -915.840827 -915.841001 -915.841275 -915.841686 -915.842286 -915.843140 -915.844335 -915.845981 -915.848221 -915.851236 -915.855252 -915.860550 -915.867471 -915.876413 -915.887784 -915.901783 -915.917806 -915.933216 -915.941455 -915.929973 -915.878636 -915.758532 -915.529047 -915.129496 -914.488557 -914.557637 -920.956640 -916.888967 -916.872478 -917.050015 -917.260841 -917.500133 -917.769537 -918.071089 -918.406893 -918.779066 -919.189718 -919.640944 -920.134824 -920.673427 -921.258816 -921.893061 -922.578251 -923.316510 -924.110018 -924.961034 -925.871922 -926.845179 -927.883472 -928.989676 -930.166920 -931.418641 -932.748639 -934.161157 -935.660959 -937.253435 -938.944725 -940.741869 -942.652990 -944.687536 -946.856572 -949.173161 -951.652870 -954.314431 -957.180638 -960.279592 -963.646451 -967.325972 -971.376329 -975.875026 -980.928531 -986.688850 -993.384258 -1001.383154 -1011.360501 -1024.993933 -1049.864789 -9999.0 -9999.0
-9999.0 -9999.0 -290.360713 -392.752007 -496.964219 -602.203890 -703.734424 -791.045435 -853.315489 -888.719977 -905.226631 -911.784831 -914.301500 -915.258141 -915.620565 -915.757653 -915.809442 -915.828973 -915.836316 -915.839060 -915.840077 -915.840446 -915.840584 -915.840655 -915.840726 -915.840827 -915.841001 -915.841275 -915.841686 -915.842286 -915.843140 -915.844335 -915.845981 -915.848221 -915.851236 -915.855252 -915.860550 -915.867471 -915.876413 -915.887784 -915.901783 -915.917806 -915.933216 -915.941455 -915.929973 -915.878636 -915.758532 -915.529047 -915.129496 -914.488557 -914.557637 -920.956640 -916.888967 -916.872478 -917.050015 -917.260841 -917.500133 -917.769537 -918.071089 -918.406893 -918.779066 -919.189718 -919.640944 -920.134824 -920.673427 -921.258816 -921.893061 -922.578251 -923.316510 -924.110018 -924.961034 -925.871922 -926.845179 -927.883472 -928.989676 -930.166920 -931.418641 -932.748639 -934.161157 -935.660959 -937.253435 -938.944725 -940.741869 -942.652990 -944.687536 -946.856572 -949.173161 -951.652870 -954.314431 -957.180638 -960.279592 -963.646451 -967.325972 -971.376329 -975.875026 -980.928531 -986.688850 -993.384258 -1001.383154 -1011.360501 -1024.993933 -1049.864789 -9999.0 -9999.0
-9999.0 -9999.0 -290.360713 -392.752007 -496.964219 -602.203890 -703.734424 -791.045435 -853.315489 -888.719977 -905.226631 -911.784831 -914.301500 -915.258141 -915.620565 -915.757653 -915.809442 -915.828973 -915.836316 -915.839060 -915.840077 -915.840446 -915.840584 -915.840655 -915.840726 -915.840827 -915.841001 -915.841275 -915.841686 -915.842286 -915.843140 -915.844335 -915.845981 -915.848221 -915.851236 -915.855252 -915.860550 -915.867471 -915.876413 -915.887784 -915.901783 -915.917806 -915.933216 -915.941455 -915.929973 -915.878636 -915.758532 -915.529047 -915.129496 -914.488557 -914.557637 -920.956640 -916.888967 -916.872478 -917.050015 -917.260841 -917.500133 -917.769537 -918.071089 -918.406893 -918.779066 -919.189718 -919.640944 -920.134824 -920.673427 -921.258816 -921.893061 -922.578251 -923.316510 -924.110018 -924.961034 -925.871922 -926.845179 -927.883472 -928.989676 -930.166920 -931.418641 -932.748639 -934.161157 -935.660959 -937.253435 -938.944725 -940.741869 -942.652990 -944.687536 -946.856572 -949.173161 -951.652870 -954.314431 -957.180638 -960.279592 -963.646451 -967.325972 -971.376329 -975.875026 -980.928531 -986.688850 -993.384258 -1001.383154 -1011.360501 -1024.993933 -1049.864789 -9999.0 -9999.0
-9999.0 -9999.0 -290.360713 -392.752007 -496.964219 -602.203890 -703.734424 -791.045435 -853.315489 -888.719977 -905.226631 -911.784831 -914.301500 -915.258141 -915.620565 -915.757653 -915.809442 -915.828973 -915.836316 -915.839060 -915.840077 -915.840446 -915.840584 -915.840655 -915.840726 -915.840827 -915.841001 -915.841275 -915.841686 -915.842286 -915.843140 -915.844335 -915.845981 -915.848221 -915.851236 -915.855252 -915.860550 -915.867471 -915.876413 -915.887784 -915.901783 -915.917806 -915.933216 -915.941455 -915.929973 -915.878636 -915.758532 -915.529047 -915.129496 -914.488557 -914.557637 -920.956640 -916.888967 -916.872478 -917.050015 -917.260841 -917.500133 -917.769537 -918.071089 -918.406893 -918.779066 -919.189718 -919.640944 -920.134824 -920.673427 -921.258816 -921.893061 -922.578251 -923.316510 -924.110018 -924.961034 -925.871922 -926.845179 -927.883472 -928.989676 -930.166920 -931.418641 -932.748639 -934.161157 -935.660959 -937.253435 -938.944725 -940.741869 -942.652990 -944.687536 -946.856572 -949.173161 -951.652870 -954.314431 -957.180638 -960.279592 -963.646451 -967.325972 -971.376329 -975.875026 -980.928531 -986.688850 -993.384258 -1001.383154 -1011.360501 -1024.993933 -1049.864789 -9999.0 -9999.0
-9999.0 -9999.0 -9999.0 -9999.0 -9999.0 -9999.0 -9999.0 -9999.0 -9999.0 -9999.0 -9999.0 -9999.0 -9999.0 -9999.0 -9999.0 -9999.0 -9999.0 -9999.0 -9999.0 -9999.0 -9999.0 -9999.0 -9999.0 -9999.0 -9999.0 -9999.0 -9999.0 -9999.0 -9999.0 -9999.0 -9999.0 -9999.0 -9999.0 -9999.0 -9999.0 -9999.0 -9999.0 -9999.0 -9999.0 -9999.0 -9999.0 -9999.0 -9999.0 -9999.0 -9999.0 -9999.0 -9999.0 -9999.0 -9999.0 -9999.0 -9999.0 -9999.0 -9999.0 -9999.0 -9999.0 -9999.0 -9999.0 -9999.0 -9999.0 -9999.0 -9999.0 -9999.0 -9999.0 -9999.0 -9999.0 -9999.0 -9999.0 -9999.0 -9999.0 -9999.0 -9999.0 -9999.0 -9999.0 -9999.0 -9999.0 -9999.0 -9999.0 -9999.0 -9999.0 -9999.0 -9999.0 -9999.0 -9999.0 -9999.0 -9999.0 -9999.0 -9999.0 -9999.0 -9999.0 -9999.0 -9999.0 -9999.0 -9999.0 -9999.0 -9999.0 -9999.0 -9999.0 -9999.0 -9999.0 -9999.0 -9999.0 -9999.0 -9999.0 -9999.0
-9999.0 -9999.0 -9999.0 -9999.0 -9999.0 -9999.0 -9999.0 -9999.0 -9999.0 -9999.0 -9999.0 -9999.0 -9999.0 -9999.0 -9999.0 -9999.0 -9999.0 -9999.0 -9999.0 -9999.0 -9999.0 -9999.0 -9999.0 -9999.0 -9999.0 -9999.0 -9999.0 -9999.0 -9999.0 -9999.0 -9999.0 -9999.0 -9999.0 -9999.0 -9999.0 -9999.0 -9999.0 -9999.0 -9999.0 -9999.0 -9999.0 -9999.0 -9999.0 -9999.0 -9999.0 -9999.0 -9999.0 -9999.0 -9999.0 -9999.0 -9999.0 -9999.0 -9999.0 -9999.0 -9999.0 -9999.0 -9999.0 -9999.0 -9999.0 -9999.0 -9999.0 -9999.0 -9999.0 -9999.0 -9999.0 -9999.0 -9999.0 -9999.0 -9999.0 -9999.0 -9999.0 -9999.0 -9999.0 -9999.0 -9999.0 -9999.0 -9999.0 -9999.0 -9999.0 -9999.0 -9999.0 -9999.0 -9999.0 -9999.0 -9999.0 -9999.0 -9999.0 -9999.0 -9999.0 -9999.0 -9999.0 -9999.0 -9999.0 -9999.0 -9999.0 -9999.0 -9999.0 -9999.0 -9999.0 -9999.0 -9999.0 -9999.0 -9999.0 -9999.0