tests/3D/superslab/out/maps3D/PwL0078N0001.asc
ncols         104
nrows         10
xllcorner     -2.000000
yllcorner     0.000000
cellsize      1.000000
NODATA_value  -9999.0
-9999.0 -9999.0 -9999.0 -9999.0 -9999.0 -9999.0 -9999.0 -9999.0 -9999.0 -9999.0 -9999.0 -9999.0 -9999.0 -9999.0 -9999.0 -9999.0 -9999.0 -9999.0 -9999.0 -9999.0 -9999.0 -9999.0 -9999.0 -9999.0 -9999.0 -9999.0 -9999.0 -9999.0 -9999.0 -9999.0 -9999.0 -9999.0 -9999.0 -9999.0 -9999.0 -9999.0 -9999.0 -9999.0 -9999.0 -9999.0 -9999.0 -9999.0 -9999.0 -9999.0 -9999.0 -9999.0 -9999.0 -9999.0 -9999.0 -9999.0 -9999.0 -9999.0 -9999.0 -9999.0 -9999.0 -9999.0 -9999.0 -9999.0 -9999.0 -9999.0 -9999.0 -9999.0 -9999.0 -9999.0 -9999.0 -9999.0 -9999.0 -9999.0 -9999.0 -9999.0 -9999.0 -9999.0 -9999.0 -9999.0 -9999.0 -9999.0 -9999.0 -9999.0 -9999.0 -9999.0 -9999.0 -9999.0 -9999.0 -9999.0 -9999.0 -9999.0 -9999.0 -9999.0 -9999.0 -9999.0 -9999.0 -9999.0 -9999.0 -9999.0 -9999.0 -9999.0 -9999.0 -9999.0 -9999.0 -9999.0 -9999.0 -9999.0 -9999.0 -9999.0
-9999.0 -9999.0 -9999.0 -9999.0 -9999.0 -9999.0 -9999.0 -9999.0 -9999.0 -9999.0 -9999.0 -9999.0 -9999.0 -9999.0 -9999.0 -9999.0 -9999.0 -9999.0 -9999.0 -9999.0 -9999.0 -9999.0 -9999.0 -9999.0 -9999.0 -9999.0 -9999.0 -9999.0 -9999.0 -9999.0 -9999.0 -9999.0 -9999.0 -9999.0 -9999.0 -9999.0 -9999.0 -9999.0 -9999.0 -9999.0 -9999.0 -9999.0 -9999.0 -9999.0 -9999.0 -9999.0 -9999.0 -9999.0 -9999.0 -9999.0 -9999.0 -9999.0 -9999.0 -9999.0 -9999.0 -9999.0 -9999.0 -9999.0 -9999.0 -9999.0 -9999.0 -9999.0 -9999.0 -9999.0 -9999.0 -9999.0 -9999.0 -9999.0 -9999.0 -9999.0 -9999.0 -9999.0 -9999.0 -9999.0 -9999.0 -9999.0 -9999.0 -9999.0 -9999.0 -9999.0 -9999.0 -9999.0 -9999.0 -9999.0 -9999.0 -9999.0 -9999.0 -9999.0 -9999.0 -9999.0 -9999.0 -9999.0 -9999.0 -9999.0 -9999.0 -9999.0 -9999.0 -9999.0 -9999.0 -9999.0 -9999.0 -9999.0 -9999.0 -9999.0
-9999.0 -9999.0 -1093.386203 -1108.027434 -1112.022079 -1113.267411 -1113.666782 -1113.797323 -1113.840291 -1113.854449 -1113.859109 -1113.860641 -1113.861142 -1113.861307 -1113.861360 -1113.861378 -1113.861383 -1113.861385 -1113.861386 -1113.861386 -1113.861386 -1113.861386 -1113.861386 -1113.861386 -1113.861386 -1113.861386 -1113.861386 -1113.861386 -1113.861386 -1113.861386 -1113.861386 -1113.861386 -1113.861386 -1113.861386 -1113.861386 -1113.861386 -1113.861386 -1113.861386 -1113.861386 -1113.861386 -1113.861386 -1113.861380 -1113.861297 -1113.860374 -1113.852794 -1113.807733 -1113.617367 -1113.051230 -1112.602731 -1113.408213 -1113.668771 -1115.245154 -1113.876758 -1113.861525 -1113.861388 -1113.861387 -1113.861386 -1113.861386 -1113.861386 -1113.861386 -1113.861386 -1113.861386 -1113.861386 -1113.861386 -1113.861386 -1113.861386 -1113.861386 -1113.861386 -1113.861386 -1113.861386 -1113.861386 -1113.861386 -1113.861386 -1113.861386 -1113.861386 -1113.861386 -1113.861386 -1113.861386 -1113.861387 -1113.861388 -1113.861390 -1113.861396 -1113.861408 -1113.861433 -1113.861488 -1113.861603 -1113.861839 -1113.862311 -1113.863234 -1113.864992 -1113.868259 -1113.874179 -1113.884638 -1113.902667 -1113.933039 -1113.983140 -1114.064323 -1114.194117 -1114.400299 -1114.730257 -1115.311450 -1118.368056 -9999.0 -9999.0
-9999.0 -9999.0 -1093.386203 -1108.027434 -1112.022079 -1113.267411 -1113.666782 -1113.797323 -1113.840291 -1113.854449 -1113.859109 -1113.860641 -1113.861142 -1113.861307 -1113.861360 -1113.861378 -1113.861383 -1113.861385 -1113.861386 -1113.861386 -1113.861386 -1113.861386 -1113.861386 -1113.861386 -1113.861386 -1113.861386 -1113.861386 -1113.861386 -1113.861386 -1113.861386 -1113.861386 -1113.861386 -1113.861386 -1113.861386 -1113.861386 -1113.861386 -1113.861386 -1113.861386 -1113.861386 -1113.861386 -1113.861386 -1113.861380 -1113.861297 -1113.860374 -1113.852794 -1113.807733 -1113.617367 -1113.051230 -1112.602731 -1113.408213 -1113.668771 -1115.245154 -1113.876758 -1113.861525 -1113.861388 -1113.861387 -1113.861386 -1113.861386 -1113.861386 -1113.861386 -1113.861386 -1113.861386 -1113.861386 -1113.861386 -1113.861386 -1113.861386 -1113.861386 -1113.861386 -1113.861386 -1113.861386 -1113.861386 -1113.861386 -1113.861386 -1113.861386 -1113.861386 -1113.861386 -1113.861386 -1113.861386 -1113.861387 -1113.861388 -1113.861390 -1113.861396 -1113.861408 -1113.861433 -1113.861488 -1113.861603 -1113.861839 -1113.862311 -1113.863234 -1113.864992 -1113.868259 -1113.874179 -1113.884638 -1113.902667 -1113.933039 -1113.983140 -1114.064323 -1114.194117 -1114.400299 -1114.730257 -1115.311450 -1118.368056 -9999.0 -9999.0
-9999.0 -9999.0 -1093.386203 -1108.027434 -1112.022079 -1113.267411 -1113.666782 -1113.797323 -1113.840291 -1113.854449 -1113.859109 -1113.860641 -1113.861142 -1113.861307 -1113.861360 -1113.861378 -1113.861383 -1113.861385 -1113.861386 -1113.861386 -1113.861386 -1113.861386 -1113.861386 -1113.861386 -1113.861386 -1113.861386 -1113.861386 -1113.861386 -1113.861386 -1113.861386 -1113.861386 -1113.861386 -1113.861386 -1113.861386 -1113.861386 -1113.861386 -1113.861386 -1113.861386 -1113.861386 -1113.861386 -1113.861386 -1113.861380 -1113.861297 -1113.860374 -1113.852794 -1113.807733 -1113.617367 -1113.051230 -1112.602731 -1113.408213 -1113.668771 -1115.245154 -1113.876758 -1113.861525 -1113.861388 -1113.861387 -1113.861386 -1113.861386 -1113.861386 -1113.861386 -1113.861386 -1113.861386 -1113.861386 -1113.861386 -1113.861386 -1113.861386 -1113.861386 -1113.861386 -1113.861386 -1113.861386 -1113.861386 -1113.861386 -1113.861386 -1113.861386 -1113.861386 -1113.861386 -1113.861386 -1113.861386 -1113.861387 -1113.861388 -1113.861390 -1113.861396 -1113.861408 -1113.861433 -1113.861488 -1113.861603 -1113.861839 -1113.862311 -1113.863234 -1113.864992 -1113.868259 -1113.874179 -1113.884638 -1113.902667 -1113.933039 -1113.983140 -1114.064323 -1114.194117 -1114.400299 -1114.730257 -1115.311450 -1118.368056 -9999.0 -9999.0
-9999.0 -9999.0 -1093.386203 -1108.027434 -1112.022079 -1113.267411 -1113.666782 -1113.797323 -1113.840291 -1113.854449 -1113.859109 -1113.860641 -1113.861142 -1113.861307 -1113.861360 -1113.861378 -1113.861383 -1113.861385 -1113.861386 -1113.861386 -1113.861386 -1113.861386 -1113.861386 -1113.861386 -1113.861386 -1113.861386 -1113.861386 -1113.861386 -1113.861386 -1113.861386 -1113.861386 -1113.861386 -1113.861386 -1113.861386 -1113.861386 -1113.861386 -1113.861386 -1113.861386 -1113.861386 -1113.861386 -1113.861386 -1113.861380 -1113.861297 -1113.860374 -1113.852794 -1113.807733 -1113.617367 -1113.051230 -1112.602731 -1113.408213 -1113.668771 -1115.245154 -1113.876758 -1113.861525 -1113.861388 -1113.861387 -1113.861386 -1113.861386 -1113.861386 -1113.861386 -1113.861386 -1113.861386 -1113.861386 -1113.861386 -1113.861386 -1113.861386 -1113.861386 -1113.861386 -1113.861386 -1113.861386 -1113.861386 -1113.861386 -1113.861386 -1113.861386 -1113.861386 -1113.861386 -1113.861386 -1113.861386 -1113.861387 -1113.861388 -1113.861390 -1113.861396 -1113.861408 -1113.861433 -1113.861488 -1113.861603 -1113.861839 -1113.862311 -1113.863234 -1113.864992 -1113.868259 -1113.874179 -1113.884638 -1113.902667 -1113.933039 -1113.983140 -1114.064323 -1114.194117 -1114.400299 -1114.730257 -1115.311450 -1118.368056 -9999.0 -9999.0
-9999.0 -9999.0 -1093.386203 -1108.027434 -1112.022079 -1113.267411 -1113.666782 -1113.797323 -1113.840291 -1113.854449 -1113.859109 -1113.860641 -1113.861142 -1113.861307 -1113.861360 -1113.861378 -1113.861383 -1113.861385 -1113.861386 -1113.861386 -1113.861386 -1113.861386 -1113.861386 -1113.861386 -1113.861386 -1113.861386 -1113.861386 -1113.861386 -1113.861386 -1113.861386 -1113.861386 -1113.861386 -1113.861386 -1113.861386 -1113.861386 -1113.861386 -1113.861386 -1113.861386 -1113.861386 -1113.861386 -1113.861386 -1113.861380 -1113.861297 -1113.860374 -1113.852794 -1113.807733 -1113.617367 -1113.051230 -1112.602731 -1113.408213 -1113.668771 -1115.245154 -1113.876758 -1113.861525 -1113.861388 -1113.861387 -1113.861386 -1113.861386 -1113.861386 -1113.861386 -1113.861386 -1113.861386 -1113.861386 -1113.861386 -1113.861386 -1113.861386 -1113.861386 -1113.861386 -1113.861386 -1113.861386 -1113.861386 -1113.861386 -1113.861386 -1113.861386 -1113.861386 -1113.861386 -1113.861386 -1113.861386 -1113.861387 -1113.861388 -1113.861390 -1113.861396 -1113.861408 -1113.861433 -1113.861488 -1113.861603 -1113.861839 -1113.862311 -1113.863234 -1113.864992 -1113.868259 -1113.874179 -1113.884638 -1113.902667 -1113.933039 -1113.983140 -1114.064323 -1114.194117 -1114.400299 -1114.730257 -1115.311450 -1118.368056 -9999.0 -9999.0
-9999.0 -9999.0 -1093.386203 -1108.027434 -1112.022079 -1113.267411 -1113.666782 -1113.797323 -1113.840291 -1113.854449 -1113.859109 -1113.860641 -1113.861142 -1113.861307 -1113.861360 -1113.861378 -1113.861383 -1113.861385 -1113.861386 -1113.861386 -1113.861386 -1113.861386 -1113.861386 -1113.861386 -1113.861386 -1113.861386 -1113.861386 -1113.861386 -1113.861386 -1113.861386 -1113.861386 -1113.861386 -1113.861386 -1113.861386 -1113.861386 -1113.861386 -1113.861386 -1113.861386 -1113.861386 -1113.861386 -1113.861386 -1113.861380 -1113.861297 -1113.860374 -1113.852794 -1113.807733 -1113.617367 -1113.051230 -1112.602731 -1113.408213 -1113.668771 -1115.245154 -1113.876758 -1113.861525 -1113.861388 -1113.861387 -1113.861386 -1113.861386 -1113.861386 -1113.861386 -1113.861386 -1113.861386 -1113.861386 -1113.861386 -1113.861386 -1113.861386 -1113.861386 -1113.861386 -1113.861386 -1113.861386 -1113.861386 -1113.861386 -1113.861386 -1113.861386 -1113.861386 -1113.861386 -1113.861386 -1113.861386 -1113.861387 -1113.861388 -1113.861390 -1113.861396 -1113.861408 -1113.861433 -1113.861488 -1113.861603 -1113.861839 -1113.862311 -1113.863234 -1113.864992 -1113.868259 -1113.874179 -1113.884638 -1113.902667 -1113.933039 -1113.983140 -1114.064323 -1114.194117 -1114.400299 -1114.730257 -1115.311450 -1118.368056 -9999.0 -9999.0
-9999.0 -9999.0 -9999.0 -9999.0 -9999.0 -9999.0 -9999.0 -9999.0 -9999.0 -9999.0 -9999.0 -9999.0 -9999.0 -9999.0 -9999.0 -9999.0 -9999.0 -9999.0 -9999.0 -9999.0 -9999.0 -9999.0 -9999.0 -9999.0 -9999.0 -9999.0 -9999.0 -9999.0 -9999.0 -9999.0 -9999.0 -9999.0 -9999.0 -9999.0 -9999.0 -9999.0 -9999.0 -9999.0 -9999.0 -9999.0 -9999.0 -9999.0 -9999.0 -9999.0 -9999.0 -9999.0 -9999.0 -9999.0 -9999.0 -9999.0 -9999.0 -9999.0 -9999.0 -9999.0 -9999.0 -9999.0 -9999.0 -9999.0 -9999.0 -9999.0 -9999.0 -9999.0 -9999.0 -9999.0 -9999.0 -9999.0 -9999.0 -9999.0 -9999.0 -9999.0 -9999.0 -9999.0 -9999.0 -9999.0 -9999.0 -9999.0 -9999.0 -9999.0 -9999.0 -9999.0 -9999.0 -9999.0 -9999.0 -9999.0 -9999.0 -9999.0 -9999.0 -9999.0 -9999.0 -9999.0 -9999.0 -9999.0 -9999.0 -9999.0 -9999.0 -9999.0 -9999.0 -9999.0 -9999.0 -9999.0 -9999.0 -9999.0 -9999.0 -9999.0
-9999.0 -9999.0 -9999.0 -9999.0 -9999.0 -9999.0 -9999.0 -9999.0 -9999.0 -9999.0 -9999.0 -9999.0 -9999.0 -9999.0 -9999.0 -9999.0 -9999.0 -9999.0 -9999.0 -9999.0 -9999.0 -9999.0 -9999.0 -9999.0 -9999.0 -9999.0 -9999.0 -9999.0 -9999.0 -9999.0 -9999.0 -9999.0 -9999.0 -9999.0 -9999.0 -9999.0 -9999.0 -9999.0 -9999.0 -9999.0 -9999.0 -9999.0 -9999.0 -9999.0 -9999.0 -9999.0 -9999.0 -9999.0 -9999.0 -9999.0 -9999.0 -9999.0 -9999.0 -9999.0 -9999.0 -9999.0 -9999.0 -9999.0 -9999.0 -9999.0 -9999.0 -9999.0 -9999.0 -9999.0 -9999.0 -9999.0 -9999.0 -9999.0 -9999.0 -9999.0 -9999.0 -9999.0 -9999.0 -9999.0 -9999.0 -9999.0 -9999.0 -9999.0 -9999.0 -9999.0 -9999.0 -9999.0 -9999.0 -9999.0 -9999.0 -9999.0 -9999.0 -9999.0 -9999.0 -9999.0 -9999.0 -9999.0 -9999.0 -9999.0 -9999.0 -9999.0 -9999.0 -9999.0 -9999.0 -9999.0 -9999.0 -9999.0 -9999.0 -9999.0