tests/3D/superslab/out/maps3D/PwL0040N0006.asc
ncols         104
nrows         10
xllcorner     -2.000000
yllcorner     0.000000
cellsize      1.000000
NODATA_value  -9999.0
-9999.0 -9999.0 -9999.0 -9999.0 -9999.0 -9999.0 -9999.0 -9999.0 -9999.0 -9999.0 -9999.0 -9999.0 -9999.0 -9999.0 -9999.0 -9999.0 -9999.0 -9999.0 -9999.0 -9999.0 -9999.0 -9999.0 -9999.0 -9999.0 -9999.0 -9999.0 -9999.0 -9999.0 -9999.0 -9999.0 -9999.0 -9999.0 -9999.0 -9999.0 -9999.0 -9999.0 -9999.0 -9999.0 -9999.0 -9999.0 -9999.0 -9999.0 -9999.0 -9999.0 -9999.0 -9999.0 -9999.0 -9999.0 -9999.0 -9999.0 -9999.0 -9999.0 -9999.0 -9999.0 -9999.0 -9999.0 -9999.0 -9999.0 -9999.0 -9999.0 -9999.0 -9999.0 -9999.0 -9999.0 -9999.0 -9999.0 -9999.0 -9999.0 -9999.0 -9999.0 -9999.0 -9999.0 -9999.0 -9999.0 -9999.0 -9999.0 -9999.0 -9999.0 -9999.0 -9999.0 -9999.0 -9999.0 -9999.0 -9999.0 -9999.0 -9999.0 -9999.0 -9999.0 -9999.0 -9999.0 -9999.0 -9999.0 -9999.0 -9999.0 -9999.0 -9999.0 -9999.0 -9999.0 -9999.0 -9999.0 -9999.0 -9999.0 -9999.0 -9999.0
-9999.0 -9999.0 -9999.0 -9999.0 -9999.0 -9999.0 -9999.0 -9999.0 -9999.0 -9999.0 -9999.0 -9999.0 -9999.0 -9999.0 -9999.0 -9999.0 -9999.0 -9999.0 -9999.0 -9999.0 -9999.0 -9999.0 -9999.0 -9999.0 -9999.0 -9999.0 -9999.0 -9999.0 -9999.0 -9999.0 -9999.0 -9999.0 -9999.0 -9999.0 -9999.0 -9999.0 -9999.0 -9999.0 -9999.0 -9999.0 -9999.0 -9999.0 -9999.0 -9999.0 -9999.0 -9999.0 -9999.0 -9999.0 -9999.0 -9999.0 -9999.0 -9999.0 -9999.0 -9999.0 -9999.0 -9999.0 -9999.0 -9999.0 -9999.0 -9999.0 -9999.0 -9999.0 -9999.0 -9999.0 -9999.0 -9999.0 -9999.0 -9999.0 -9999.0 -9999.0 -9999.0 -9999.0 -9999.0 -9999.0 -9999.0 -9999.0 -9999.0 -9999.0 -9999.0 -9999.0 -9999.0 -9999.0 -9999.0 -9999.0 -9999.0 -9999.0 -9999.0 -9999.0 -9999.0 -9999.0 -9999.0 -9999.0 -9999.0 -9999.0 -9999.0 -9999.0 -9999.0 -9999.0 -9999.0 -9999.0 -9999.0 -9999.0 -9999.0 -9999.0
-9999.0 -9999.0 1683.216443 1582.010272 1479.088351 1374.670881 1269.131650 1164.101313 1059.728270 954.140619 846.531955 738.851556 633.251208 531.083978 430.627681 331.316859 233.537014 138.897562 48.282256 -38.176959 -120.816995 -196.336912 -257.535923 -299.266909 -323.716861 -335.442923 -339.597027 -340.616673 -340.792177 -340.677647 -142.732616 35.177899 214.386670 395.439980 440.647353 348.909390 258.825078 171.359285 86.714168 -3.011692 -97.984396 -192.745954 -344.227962 -393.080776 -269.776103 -144.857282 -77.059407 -44.084917 -24.597009 -13.165271 -6.905042 -4.194633 -4.065523 -5.896505 -9.274750 -13.922129 -19.647960 -26.292097 -33.772117 -42.912491 -50.236893 -57.562513 -72.621227 -107.893465 -139.325217 -171.260605 -200.276714 -225.572454 -248.711217 -269.777739 -288.292902 -304.267435 -317.464170 -328.143135 -336.608831 -342.942511 -347.269340 -350.921289 -353.636793 -356.239885 -358.016615 -358.972516 -358.826916 -357.999813 -357.284846 -356.876073 -356.811061 -357.023638 -357.542925 -358.455195 -359.928556 -362.243216 -365.838773 -371.368956 -379.775842 -392.369265 -411.010251 -440.031623 -526.902370 -1496.011428 -2985.763600 -2996.028800 -9999.0 -9999.0
-9999.0 -9999.0 1683.231705 1582.019633 1479.092967 1374.672937 1269.132526 1164.101675 1059.728418 954.140679 846.531980 738.851566 633.251212 531.083980 430.627682 331.316860 233.537014 138.897562 48.282257 -38.176959 -120.816994 -196.336912 -257.535923 -299.266909 -323.716861 -335.442923 -339.597027 -340.616673 -340.792177 -340.677647 -142.732616 35.177899 214.386670 395.439980 440.647353 348.909390 258.825078 171.359285 86.714168 -3.011692 -97.984396 -192.745954 -344.227961 -393.080776 -269.776104 -144.857283 -77.059407 -44.084917 -24.597009 -13.165271 -6.905042 -4.194633 -4.065523 -5.896505 -9.274750 -13.922129 -19.647960 -26.292097 -33.772117 -42.912491 -50.236894 -57.562513 -72.621228 -107.893465 -139.325217 -171.260605 -200.276714 -225.572454 -248.711217 -269.777739 -288.292902 -304.267435 -317.464170 -328.143135 -336.608831 -342.942511 -347.269340 -350.921289 -353.636793 -356.239885 -358.016615 -358.972516 -358.826916 -357.999813 -357.284846 -356.876073 -356.811061 -357.023638 -357.542925 -358.455195 -359.928556 -362.243216 -365.838773 -371.368956 -379.775842 -392.369265 -411.010251 -440.031623 -526.902370 -1496.011425 -2985.763600 -2996.028800 -9999.0 -9999.0
-9999.0 -9999.0 1683.243840 1582.027533 1479.097090 1374.674854 1269.133365 1164.102029 1059.728564 954.140739 846.532004 738.851576 633.251216 531.083981 430.627683 331.316860 233.537014 138.897562 48.282257 -38.176959 -120.816994 -196.336912 -257.535923 -299.266909 -323.716861 -335.442923 -339.597027 -340.616673 -340.792177 -340.677647 -142.732616 35.177899 214.386670 395.439980 440.647353 348.909390 258.825078 171.359285 86.714168 -3.011692 -97.984396 -192.745954 -344.227961 -393.080776 -269.776104 -144.857283 -77.059407 -44.084917 -24.597009 -13.165271 -6.905042 -4.194633 -4.065523 -5.896505 -9.274750 -13.922129 -19.647960 -26.292097 -33.772117 -42.912491 -50.236893 -57.562513 -72.621227 -107.893465 -139.325217 -171.260605 -200.276714 -225.572454 -248.711217 -269.777739 -288.292902 -304.267435 -317.464170 -328.143135 -336.608831 -342.942511 -347.269340 -350.921289 -353.636793 -356.239885 -358.016615 -358.972516 -358.826916 -357.999813 -357.284846 -356.876073 -356.811061 -357.023638 -357.542925 -358.455195 -359.928556 -362.243216 -365.838773 -371.368956 -379.775842 -392.369265 -411.010251 -440.031623 -526.902370 -1496.011423 -2985.763600 -2996.028800 -9999.0 -9999.0
-9999.0 -9999.0 1683.243840 1582.027533 1479.097090 1374.674854 1269.133365 1164.102029 1059.728564 954.140739 846.532004 738.851576 633.251216 531.083981 430.627683 331.316860 233.537014 138.897562 48.282257 -38.176959 -120.816994 -196.336912 -257.535923 -299.266909 -323.716861 -335.442923 -339.597027 -340.616673 -340.792177 -340.677647 -142.732616 35.177899 214.386670 395.439980 440.647353 348.909390 258.825078 171.359285 86.714168 -3.011692 -97.984396 -192.745954 -344.227961 -393.080776 -269.776104 -144.857283 -77.059407 -44.084917 -24.597009 -13.165271 -6.905042 -4.194633 -4.065523 -5.896505 -9.274750 -13.922129 -19.647960 -26.292097 -33.772117 -42.912491 -50.236894 -57.562513 -72.621227 -107.893465 -139.325217 -171.260605 -200.276714 -225.572454 -248.711217 -269.777739 -288.292902 -304.267435 -317.464170 -328.143135 -336.608831 -342.942511 -347.269340 -350.921289 -353.636793 -356.239885 -358.016615 -358.972516 -358.826916 -357.999813 -357.284846 -356.876073 -356.811061 -357.023638 -357.542925 -358.455195 -359.928556 -362.243216 -365.838773 -371.368956 -379.775842 -392.369265 -411.010251 -440.031623 -526.902370 -1496.011423 -2985.763600 -2996.028800 -9999.0 -9999.0
-9999.0 -9999.0 1683.231705 1582.019633 1479.092967 1374.672937 1269.132526 1164.101675 1059.728418 954.140679 846.531980 738.851566 633.251212 531.083980 430.627682 331.316860 233.537014 138.897562 48.282257 -38.176959 -120.816994 -196.336912 -257.535923 -299.266909 -323.716861 -335.442923 -339.597027 -340.616673 -340.792177 -340.677647 -142.732616 35.177899 214.386670 395.439980 440.647353 348.909390 258.825078 171.359285 86.714168 -3.011692 -97.984396 -192.745954 -344.227961 -393.080776 -269.776104 -144.857283 -77.059407 -44.084917 -24.597009 -13.165271 -6.905042 -4.194633 -4.065523 -5.896505 -9.274750 -13.922129 -19.647960 -26.292097 -33.772117 -42.912491 -50.236894 -57.562513 -72.621227 -107.893465 -139.325216 -171.260605 -200.276714 -225.572454 -248.711217 -269.777739 -288.292902 -304.267435 -317.464170 -328.143135 -336.608831 -342.942511 -347.269340 -350.921289 -353.636793 -356.239885 -358.016615 -358.972516 -358.826916 -357.999813 -357.284846 -356.876073 -356.811061 -357.023638 -357.542925 -358.455195 -359.928556 -362.243216 -365.838773 -371.368956 -379.775842 -392.369265 -411.010251 -440.031623 -526.902370 -1496.011425 -2985.763600 -2996.028800 -9999.0 -9999.0
-9999.0 -9999.0 1683.216443 1582.010272 1479.088351 1374.670881 1269.131650 1164.101313 1059.728270 954.140619 846.531955 738.851556 633.251208 531.083978 430.627681 331.316859 233.537014 138.897562 48.282256 -38.176959 -120.816995 -196.336912 -257.535923 -299.266909 -323.716861 -335.442923 -339.597027 -340.616673 -340.792177 -340.677647 -142.732616 35.177899 214.386670 395.439980 440.647353 348.909390 258.825078 171.359285 86.714168 -3.011692 -97.984396 -192.745954 -344.227962 -393.080776 -269.776103 -144.857282 -77.059407 -44.084917 -24.597009 -13.165271 -6.905042 -4.194633 -4.065523 -5.896505 -9.274750 -13.922129 -19.647960 -26.292097 -33.772117 -42.912491 -50.236894 -57.562513 -72.621227 -107.893465 -139.325216 -171.260605 -200.276714 -225.572454 -248.711217 -269.777739 -288.292902 -304.267435 -317.464170 -328.143135 -336.608831 -342.942511 -347.269340 -350.921289 -353.636793 -356.239885 -358.016615 -358.972516 -358.826916 -357.999813 -357.284846 -356.876073 -356.811061 -357.023638 -357.542925 -358.455195 -359.928556 -362.243216 -365.838773 -371.368956 -379.775842 -392.369265 -411.010251 -440.031623 -526.902370 -1496.011428 -2985.763600 -2996.028800 -9999.0 -9999.0
-9999.0 -9999.0 -9999.0 -9999.0 -9999.0 -9999.0 -9999.0 -9999.0 -9999.0 -9999.0 -9999.0 -9999.0 -9999.0 -9999.0 -9999.0 -9999.0 -9999.0 -9999.0 -9999.0 -9999.0 -9999.0 -9999.0 -9999.0 -9999.0 -9999.0 -9999.0 -9999.0 -9999.0 -9999.0 -9999.0 -9999.0 -9999.0 -9999.0 -9999.0 -9999.0 -9999.0 -9999.0 -9999.0 -9999.0 -9999.0 -9999.0 -9999.0 -9999.0 -9999.0 -9999.0 -9999.0 -9999.0 -9999.0 -9999.0 -9999.0 -9999.0 -9999.0 -9999.0 -9999.0 -9999.0 -9999.0 -9999.0 -9999.0 -9999.0 -9999.0 -9999.0 -9999.0 -9999.0 -9999.0 -9999.0 -9999.0 -9999.0 -9999.0 -9999.0 -9999.0 -9999.0 -9999.0 -9999.0 -9999.0 -9999.0 -9999.0 -9999.0 -9999.0 -9999.0 -9999.0 -9999.0 -9999.0 -9999.0 -9999.0 -9999.0 -9999.0 -9999.0 -9999.0 -9999.0 -9999.0 -9999.0 -9999.0 -9999.0 -9999.0 -9999.0 -9999.0 -9999.0 -9999.0 -9999.0 -9999.0 -9999.0 -9999.0 -9999.0 -9999.0
-9999.0 -9999.0 -9999.0 -9999.0 -9999.0 -9999.0 -9999.0 -9999.0 -9999.0 -9999.0 -9999.0 -9999.0 -9999.0 -9999.0 -9999.0 -9999.0 -9999.0 -9999.0 -9999.0 -9999.0 -9999.0 -9999.0 -9999.0 -9999.0 -9999.0 -9999.0 -9999.0 -9999.0 -9999.0 -9999.0 -9999.0 -9999.0 -9999.0 -9999.0 -9999.0 -9999.0 -9999.0 -9999.0 -9999.0 -9999.0 -9999.0 -9999.0 -9999.0 -9999.0 -9999.0 -9999.0 -9999.0 -9999.0 -9999.0 -9999.0 -9999.0 -9999.0 -9999.0 -9999.0 -9999.0 -9999.0 -9999.0 -9999.0 -9999.0 -9999.0 -9999.0 -9999.0 -9999.0 -9999.0 -9999.0 -9999.0 -9999.0 -9999.0 -9999.0 -9999.0 -9999.0 -9999.0 -9999.0 -9999.0 -9999.0 -9999.0 -9999.0 -9999.0 -9999.0 -9999.0 -9999.0 -9999.0 -9999.0 -9999.0 -9999.0 -9999.0 -9999.0 -9999.0 -9999.0 -9999.0 -9999.0 -9999.0 -9999.0 -9999.0 -9999.0 -9999.0 -9999.0 -9999.0 -9999.0 -9999.0 -9999.0 -9999.0 -9999.0 -9999.0