tests/3D/superslab/out/maps3D/PwL0003N0004.asc
ncols         104
nrows         10
xllcorner     -2.000000
yllcorner     0.000000
cellsize      1.000000
NODATA_value  -9999.0
-9999.0 -9999.0 -9999.0 -9999.0 -9999.0 -9999.0 -9999.0 -9999.0 -9999.0 -9999.0 -9999.0 -9999.0 -9999.0 -9999.0 -9999.0 -9999.0 -9999.0 -9999.0 -9999.0 -9999.0 -9999.0 -9999.0 -9999.0 -9999.0 -9999.0 -9999.0 -9999.0 -9999.0 -9999.0 -9999.0 -9999.0 -9999.0 -9999.0 -9999.0 -9999.0 -9999.0 -9999.0 -9999.0 -9999.0 -9999.0 -9999.0 -9999.0 -9999.0 -9999.0 -9999.0 -9999.0 -9999.0 -9999.0 -9999.0 -9999.0 -9999.0 -9999.0 -9999.0 -9999.0 -9999.0 -9999.0 -9999.0 -9999.0 -9999.0 -9999.0 -9999.0 -9999.0 -9999.0 -9999.0 -9999.0 -9999.0 -9999.0 -9999.0 -9999.0 -9999.0 -9999.0 -9999.0 -9999.0 -9999.0 -9999.0 -9999.0 -9999.0 -9999.0 -9999.0 -9999.0 -9999.0 -9999.0 -9999.0 -9999.0 -9999.0 -9999.0 -9999.0 -9999.0 -9999.0 -9999.0 -9999.0 -9999.0 -9999.0 -9999.0 -9999.0 -9999.0 -9999.0 -9999.0 -9999.0 -9999.0 -9999.0 -9999.0 -9999.0 -9999.0
-9999.0 -9999.0 -9999.0 -9999.0 -9999.0 -9999.0 -9999.0 -9999.0 -9999.0 -9999.0 -9999.0 -9999.0 -9999.0 -9999.0 -9999.0 -9999.0 -9999.0 -9999.0 -9999.0 -9999.0 -9999.0 -9999.0 -9999.0 -9999.0 -9999.0 -9999.0 -9999.0 -9999.0 -9999.0 -9999.0 -9999.0 -9999.0 -9999.0 -9999.0 -9999.0 -9999.0 -9999.0 -9999.0 -9999.0 -9999.0 -9999.0 -9999.0 -9999.0 -9999.0 -9999.0 -9999.0 -9999.0 -9999.0 -9999.0 -9999.0 -9999.0 -9999.0 -9999.0 -9999.0 -9999.0 -9999.0 -9999.0 -9999.0 -9999.0 -9999.0 -9999.0 -9999.0 -9999.0 -9999.0 -9999.0 -9999.0 -9999.0 -9999.0 -9999.0 -9999.0 -9999.0 -9999.0 -9999.0 -9999.0 -9999.0 -9999.0 -9999.0 -9999.0 -9999.0 -9999.0 -9999.0 -9999.0 -9999.0 -9999.0 -9999.0 -9999.0 -9999.0 -9999.0 -9999.0 -9999.0 -9999.0 -9999.0 -9999.0 -9999.0 -9999.0 -9999.0 -9999.0 -9999.0 -9999.0 -9999.0 -9999.0 -9999.0 -9999.0 -9999.0
-9999.0 -9999.0 125.323959 29.926853 -64.172825 -152.773773 -223.154387 -265.299994 -278.728876 -265.431141 -351.352829 -308.910770 -227.825109 -166.156311 -84.670148 95.625516 83.751181 56.361325 19.779734 -23.066497 -70.485202 -121.314119 -173.433172 -222.743943 -264.332431 -295.770891 -317.489969 -331.624259 -340.459263 -345.869360 -349.099865 -350.931132 -351.814921 -351.967264 -351.439436 -350.079642 -347.560587 -343.250642 -335.939360 -323.230519 -308.083165 -286.603368 -578.845007 -528.770582 -480.643585 -449.645302 -434.308175 -432.540188 -432.357577 -432.339908 -432.338882 -432.339490 -432.340222 -432.341006 -432.342649 -432.353369 -432.454436 -433.411966 -442.331603 -461.204941 -491.820976 -517.312916 -250.954639 -295.655491 -319.894410 -333.896274 -342.286548 -347.417484 -350.594294 -352.578812 -353.818936 -354.594972 -355.080992 -355.385978 -355.577614 -355.698374 -355.775059 -355.824595 -355.857866 -355.882797 -355.908539 -355.936427 -355.974291 -356.030147 -356.115911 -356.250218 -356.461334 -356.793826 -357.318090 -358.144251 -359.444364 -361.485473 -364.678082 -369.643357 -377.299353 -388.955678 -406.386399 -431.826769 -467.841895 -517.148400 -582.857092 -668.577956 -9999.0 -9999.0
-9999.0 -9999.0 125.420787 29.951262 -64.165827 -152.771598 -223.153704 -265.299790 -278.728815 -265.431124 -351.352826 -308.910768 -227.825109 -166.156311 -84.670148 95.625516 83.751181 56.361325 19.779733 -23.066497 -70.485202 -121.314119 -173.433172 -222.743943 -264.332430 -295.770891 -317.489969 -331.624258 -340.459263 -345.869359 -349.099865 -350.931131 -351.814921 -351.967262 -351.439436 -350.079640 -347.560587 -343.250641 -335.939360 -323.230518 -308.083164 -286.603366 -578.845007 -528.770582 -480.643584 -449.645301 -434.308175 -432.540188 -432.357577 -432.339908 -432.338882 -432.339490 -432.340222 -432.341006 -432.342649 -432.353369 -432.454436 -433.411966 -442.331604 -461.204941 -491.820976 -517.312916 -250.954638 -295.655490 -319.894409 -333.896274 -342.286547 -347.417485 -350.594293 -352.578812 -353.818934 -354.594972 -355.080991 -355.385979 -355.577613 -355.698374 -355.775058 -355.824595 -355.857866 -355.882797 -355.908539 -355.936427 -355.974291 -356.030147 -356.115911 -356.250218 -356.461334 -356.793826 -357.318090 -358.144251 -359.444364 -361.485473 -364.678082 -369.643357 -377.299353 -388.955678 -406.386399 -431.826769 -467.841895 -517.148400 -582.857092 -668.577956 -9999.0 -9999.0
-9999.0 -9999.0 125.439264 29.962172 -64.161164 -152.769847 -223.153103 -265.299602 -278.728758 -265.431107 -351.352824 -308.910767 -227.825108 -166.156311 -84.670148 95.625516 83.751181 56.361325 19.779733 -23.066497 -70.485202 -121.314119 -173.433172 -222.743942 -264.332430 -295.770891 -317.489968 -331.624258 -340.459262 -345.869359 -349.099865 -350.931131 -351.814920 -351.967263 -351.439435 -350.079640 -347.560586 -343.250640 -335.939359 -323.230519 -308.083164 -286.603366 -578.845008 -528.770582 -480.643584 -449.645301 -434.308175 -432.540188 -432.357577 -432.339908 -432.338882 -432.339490 -432.340222 -432.341006 -432.342649 -432.353369 -432.454436 -433.411966 -442.331604 -461.204941 -491.820976 -517.312916 -250.954638 -295.655490 -319.894409 -333.896274 -342.286546 -347.417484 -350.594293 -352.578811 -353.818934 -354.594971 -355.080991 -355.385978 -355.577613 -355.698373 -355.775058 -355.824595 -355.857866 -355.882797 -355.908539 -355.936427 -355.974291 -356.030147 -356.115911 -356.250218 -356.461334 -356.793826 -357.318090 -358.144251 -359.444364 -361.485473 -364.678082 -369.643357 -377.299353 -388.955678 -406.386399 -431.826769 -467.841895 -517.148400 -582.857092 -668.577956 -9999.0 -9999.0
-9999.0 -9999.0 125.439264 29.962172 -64.161164 -152.769847 -223.153103 -265.299602 -278.728758 -265.431107 -351.352824 -308.910767 -227.825108 -166.156311 -84.670148 95.625516 83.751181 56.361325 19.779733 -23.066497 -70.485202 -121.314119 -173.433172 -222.743942 -264.332430 -295.770891 -317.489968 -331.624258 -340.459262 -345.869359 -349.099865 -350.931131 -351.814920 -351.967263 -351.439435 -350.079640 -347.560586 -343.250640 -335.939359 -323.230519 -308.083164 -286.603366 -578.845008 -528.770582 -480.643584 -449.645301 -434.308175 -432.540188 -432.357577 -432.339908 -432.338882 -432.339490 -432.340222 -432.341006 -432.342649 -432.353369 -432.454436 -433.411966 -442.331604 -461.204941 -491.820976 -517.312916 -250.954638 -295.655490 -319.894409 -333.896274 -342.286546 -347.417484 -350.594293 -352.578811 -353.818934 -354.594971 -355.080991 -355.385978 -355.577613 -355.698373 -355.775058 -355.824595 -355.857866 -355.882797 -355.908539 -355.936427 -355.974291 -356.030147 -356.115911 -356.250218 -356.461334 -356.793826 -357.318090 -358.144251 -359.444364 -361.485473 -364.678082 -369.643357 -377.299353 -388.955678 -406.386399 -431.826769 -467.841895 -517.148400 -582.857092 -668.577956 -9999.0 -9999.0
-9999.0 -9999.0 125.420787 29.951262 -64.165827 -152.771598 -223.153704 -265.299790 -278.728815 -265.431124 -351.352826 -308.910768 -227.825109 -166.156311 -84.670148 95.625516 83.751181 56.361325 19.779733 -23.066497 -70.485202 -121.314119 -173.433172 -222.743943 -264.332430 -295.770891 -317.489969 -331.624258 -340.459263 -345.869359 -349.099865 -350.931131 -351.814921 -351.967262 -351.439436 -350.079640 -347.560587 -343.250641 -335.939360 -323.230518 -308.083164 -286.603366 -578.845007 -528.770582 -480.643584 -449.645301 -434.308175 -432.540188 -432.357577 -432.339908 -432.338882 -432.339490 -432.340222 -432.341006 -432.342649 -432.353369 -432.454436 -433.411966 -442.331604 -461.204941 -491.820976 -517.312916 -250.954638 -295.655490 -319.894409 -333.896274 -342.286547 -347.417485 -350.594293 -352.578812 -353.818934 -354.594972 -355.080991 -355.385979 -355.577613 -355.698374 -355.775058 -355.824595 -355.857866 -355.882797 -355.908539 -355.936427 -355.974291 -356.030147 -356.115911 -356.250218 -356.461334 -356.793826 -357.318090 -358.144251 -359.444364 -361.485473 -364.678082 -369.643357 -377.299353 -388.955678 -406.386399 -431.826769 -467.841895 -517.148400 -582.857092 -668.577956 -9999.0 -9999.0
-9999.0 -9999.0 125.323959 29.926853 -64.172825 -152.773773 -223.154387 -265.299994 -278.728876 -265.431141 -351.352829 -308.910770 -227.825109 -166.156311 -84.670148 95.625516 83.751181 56.361325 19.779733 -23.066496 -70.485202 -121.314119 -173.433172 -222.743943 -264.332431 -295.770891 -317.489969 -331.624259 -340.459263 -345.869360 -349.099865 -350.931132 -351.814921 -351.967264 -351.439436 -350.079642 -347.560587 -343.250642 -335.939360 -323.230519 -308.083165 -286.603368 -578.845007 -528.770582 -480.643585 -449.645302 -434.308175 -432.540188 -432.357577 -432.339908 -432.338882 -432.339490 -432.340222 -432.341006 -432.342649 -432.353369 -432.454436 -433.411966 -442.331603 -461.204941 -491.820976 -517.312916 -250.954639 -295.655491 -319.894410 -333.896274 -342.286548 -347.417485 -350.594294 -352.578812 -353.818936 -354.594972 -355.080992 -355.385978 -355.577614 -355.698374 -355.775059 -355.824595 -355.857866 -355.882797 -355.908539 -355.936427 -355.974291 -356.030147 -356.115911 -356.250218 -356.461334 -356.793826 -357.318090 -358.144251 -359.444364 -361.485473 -364.678082 -369.643357 -377.299353 -388.955678 -406.386399 -431.826769 -467.841895 -517.148400 -582.857092 -668.577956 -9999.0 -9999.0
-9999.0 -9999.0 -9999.0 -9999.0 -9999.0 -9999.0 -9999.0 -9999.0 -9999.0 -9999.0 -9999.0 -9999.0 -9999.0 -9999.0 -9999.0 -9999.0 -9999.0 -9999.0 -9999.0 -9999.0 -9999.0 -9999.0 -9999.0 -9999.0 -9999.0 -9999.0 -9999.0 -9999.0 -9999.0 -9999.0 -9999.0 -9999.0 -9999.0 -9999.0 -9999.0 -9999.0 -9999.0 -9999.0 -9999.0 -9999.0 -9999.0 -9999.0 -9999.0 -9999.0 -9999.0 -9999.0 -9999.0 -9999.0 -9999.0 -9999.0 -9999.0 -9999.0 -9999.0 -9999.0 -9999.0 -9999.0 -9999.0 -9999.0 -9999.0 -9999.0 -9999.0 -9999.0 -9999.0 -9999.0 -9999.0 -9999.0 -9999.0 -9999.0 -9999.0 -9999.0 -9999.0 -9999.0 -9999.0 -9999.0 -9999.0 -9999.0 -9999.0 -9999.0 -9999.0 -9999.0 -9999.0 -9999.0 -9999.0 -9999.0 -9999.0 -9999.0 -9999.0 -9999.0 -9999.0 -9999.0 -9999.0 -9999.0 -9999.0 -9999.0 -9999.0 -9999.0 -9999.0 -9999.0 -9999.0 -9999.0 -9999.0 -9999.0 -9999.0 -9999.0
-9999.0 -9999.0 -9999.0 -9999.0 -9999.0 -9999.0 -9999.0 -9999.0 -9999.0 -9999.0 -9999.0 -9999.0 -9999.0 -9999.0 -9999.0 -9999.0 -9999.0 -9999.0 -9999.0 -9999.0 -9999.0 -9999.0 -9999.0 -9999.0 -9999.0 -9999.0 -9999.0 -9999.0 -9999.0 -9999.0 -9999.0 -9999.0 -9999.0 -9999.0 -9999.0 -9999.0 -9999.0 -9999.0 -9999.0 -9999.0 -9999.0 -9999.0 -9999.0 -9999.0 -9999.0 -9999.0 -9999.0 -9999.0 -9999.0 -9999.0 -9999.0 -9999.0 -9999.0 -9999.0 -9999.0 -9999.0 -9999.0 -9999.0 -9999.0 -9999.0 -9999.0 -9999.0 -9999.0 -9999.0 -9999.0 -9999.0 -9999.0 -9999.0 -9999.0 -9999.0 -9999.0 -9999.0 -9999.0 -9999.0 -9999.0 -9999.0 -9999.0 -9999.0 -9999.0 -9999.0 -9999.0 -9999.0 -9999.0 -9999.0 -9999.0 -9999.0 -9999.0 -9999.0 -9999.0 -9999.0 -9999.0 -9999.0 -9999.0 -9999.0 -9999.0 -9999.0 -9999.0 -9999.0 -9999.0 -9999.0 -9999.0 -9999.0 -9999.0 -9999.0