tests/3D/superslab/out/maps3D/PwL0001N0003.asc
ncols         104
nrows         10
xllcorner     -2.000000
yllcorner     0.000000
cellsize      1.000000
NODATA_value  -9999.0
-9999.0 -9999.0 -9999.0 -9999.0 -9999.0 -9999.0 -9999.0 -9999.0 -9999.0 -9999.0 -9999.0 -9999.0 -9999.0 -9999.0 -9999.0 -9999.0 -9999.0 -9999.0 -9999.0 -9999.0 -9999.0 -9999.0 -9999.0 -9999.0 -9999.0 -9999.0 -9999.0 -9999.0 -9999.0 -9999.0 -9999.0 -9999.0 -9999.0 -9999.0 -9999.0 -9999.0 -9999.0 -9999.0 -9999.0 -9999.0 -9999.0 -9999.0 -9999.0 -9999.0 -9999.0 -9999.0 -9999.0 -9999.0 -9999.0 -9999.0 -9999.0 -9999.0 -9999.0 -9999.0 -9999.0 -9999.0 -9999.0 -9999.0 -9999.0 -9999.0 -9999.0 -9999.0 -9999.0 -9999.0 -9999.0 -9999.0 -9999.0 -9999.0 -9999.0 -9999.0 -9999.0 -9999.0 -9999.0 -9999.0 -9999.0 -9999.0 -9999.0 -9999.0 -9999.0 -9999.0 -9999.0 -9999.0 -9999.0 -9999.0 -9999.0 -9999.0 -9999.0 -9999.0 -9999.0 -9999.0 -9999.0 -9999.0 -9999.0 -9999.0 -9999.0 -9999.0 -9999.0 -9999.0 -9999.0 -9999.0 -9999.0 -9999.0 -9999.0 -9999.0
-9999.0 -9999.0 -9999.0 -9999.0 -9999.0 -9999.0 -9999.0 -9999.0 -9999.0 -9999.0 -9999.0 -9999.0 -9999.0 -9999.0 -9999.0 -9999.0 -9999.0 -9999.0 -9999.0 -9999.0 -9999.0 -9999.0 -9999.0 -9999.0 -9999.0 -9999.0 -9999.0 -9999.0 -9999.0 -9999.0 -9999.0 -9999.0 -9999.0 -9999.0 -9999.0 -9999.0 -9999.0 -9999.0 -9999.0 -9999.0 -9999.0 -9999.0 -9999.0 -9999.0 -9999.0 -9999.0 -9999.0 -9999.0 -9999.0 -9999.0 -9999.0 -9999.0 -9999.0 -9999.0 -9999.0 -9999.0 -9999.0 -9999.0 -9999.0 -9999.0 -9999.0 -9999.0 -9999.0 -9999.0 -9999.0 -9999.0 -9999.0 -9999.0 -9999.0 -9999.0 -9999.0 -9999.0 -9999.0 -9999.0 -9999.0 -9999.0 -9999.0 -9999.0 -9999.0 -9999.0 -9999.0 -9999.0 -9999.0 -9999.0 -9999.0 -9999.0 -9999.0 -9999.0 -9999.0 -9999.0 -9999.0 -9999.0 -9999.0 -9999.0 -9999.0 -9999.0 -9999.0 -9999.0 -9999.0 -9999.0 -9999.0 -9999.0 -9999.0 -9999.0
-9999.0 -9999.0 28.039322 -63.585310 -148.239829 -214.554555 -258.027055 -280.445017 -283.250514 -263.633013 -263.995776 -194.767285 -137.254957 -86.550333 -2.422483 15.277608 4.801490 -20.815652 -55.889123 -96.543152 -139.832547 -182.883659 -222.546768 -256.426686 -283.608386 -304.408913 -319.725728 -330.689959 -338.370270 -343.639018 -347.131311 -349.317199 -350.506423 -350.856898 -350.374852 -348.901682 -346.071814 -341.191926 -333.036722 -319.401890 -296.081028 -253.973494 -259.941743 -196.826060 -147.387838 -114.007962 -96.860133 -95.082577 -94.902628 -94.885380 -94.884537 -94.885302 -94.886181 -94.887021 -94.887844 -94.889034 -94.894366 -94.930911 -95.221245 -97.961161 -115.209093 -144.670180 -96.536243 -165.373500 -222.392513 -265.579567 -296.150859 -316.966312 -330.796100 -339.849569 -345.707540 -349.464566 -351.853515 -353.364517 -354.315185 -354.910312 -355.282407 -355.517683 -355.666798 -355.765154 -355.833999 -355.889826 -355.944260 -356.010300 -356.102789 -356.240756 -356.453396 -356.786063 -357.309149 -358.132515 -359.427754 -361.461350 -364.643132 -369.594006 -377.232988 -388.873226 -406.296171 -431.747291 -467.790951 -517.014367 -581.673979 -663.451390 -9999.0 -9999.0
-9999.0 -9999.0 28.160035 -63.556619 -148.231712 -214.552147 -258.026322 -280.444791 -283.250446 -263.632992 -263.995770 -194.767283 -137.254956 -86.550333 -2.422484 15.277609 4.801489 -20.815652 -55.889123 -96.543151 -139.832547 -182.883658 -222.546767 -256.426685 -283.608386 -304.408912 -319.725727 -330.689958 -338.370270 -343.639017 -347.131311 -349.317199 -350.506423 -350.856899 -350.374852 -348.901682 -346.071814 -341.191926 -333.036723 -319.401889 -296.081028 -253.973494 -259.941743 -196.826060 -147.387838 -114.007962 -96.860133 -95.082577 -94.902628 -94.885380 -94.884537 -94.885302 -94.886181 -94.887021 -94.887844 -94.889034 -94.894366 -94.930911 -95.221245 -97.961161 -115.209093 -144.670180 -96.536243 -165.373500 -222.392513 -265.579568 -296.150859 -316.966312 -330.796100 -339.849569 -345.707540 -349.464566 -351.853515 -353.364517 -354.315185 -354.910312 -355.282407 -355.517683 -355.666798 -355.765154 -355.833999 -355.889826 -355.944260 -356.010300 -356.102789 -356.240756 -356.453396 -356.786064 -357.309149 -358.132515 -359.427754 -361.461350 -364.643132 -369.594006 -377.232988 -388.873226 -406.296171 -431.747291 -467.790951 -517.014366 -581.673979 -663.451390 -9999.0 -9999.0
-9999.0 -9999.0 28.179801 -63.543906 -148.226400 -214.550249 -258.025684 -280.444583 -283.250380 -263.632973 -263.995764 -194.767280 -137.254955 -86.550333 -2.422483 15.277608 4.801489 -20.815652 -55.889122 -96.543151 -139.832546 -182.883658 -222.546767 -256.426685 -283.608385 -304.408911 -319.725727 -330.689958 -338.370269 -343.639017 -347.131311 -349.317199 -350.506423 -350.856899 -350.374853 -348.901683 -346.071814 -341.191926 -333.036723 -319.401890 -296.081028 -253.973494 -259.941743 -196.826060 -147.387838 -114.007961 -96.860133 -95.082577 -94.902628 -94.885380 -94.884537 -94.885302 -94.886181 -94.887021 -94.887844 -94.889034 -94.894366 -94.930911 -95.221245 -97.961161 -115.209093 -144.670180 -96.536243 -165.373500 -222.392513 -265.579567 -296.150859 -316.966312 -330.796100 -339.849569 -345.707540 -349.464566 -351.853515 -353.364517 -354.315185 -354.910312 -355.282407 -355.517683 -355.666798 -355.765154 -355.833999 -355.889826 -355.944260 -356.010300 -356.102789 -356.240756 -356.453396 -356.786063 -357.309149 -358.132515 -359.427754 -361.461350 -364.643132 -369.594006 -377.232988 -388.873226 -406.296171 -431.747291 -467.790951 -517.014367 -581.673979 -663.451390 -9999.0 -9999.0
-9999.0 -9999.0 28.179801 -63.543906 -148.226400 -214.550249 -258.025684 -280.444583 -283.250380 -263.632973 -263.995764 -194.767280 -137.254955 -86.550332 -2.422484 15.277608 4.801489 -20.815652 -55.889123 -96.543151 -139.832546 -182.883658 -222.546767 -256.426685 -283.608385 -304.408911 -319.725727 -330.689958 -338.370269 -343.639017 -347.131311 -349.317199 -350.506423 -350.856899 -350.374853 -348.901683 -346.071814 -341.191926 -333.036723 -319.401890 -296.081027 -253.973494 -259.941743 -196.826060 -147.387838 -114.007961 -96.860133 -95.082577 -94.902628 -94.885380 -94.884537 -94.885302 -94.886181 -94.887021 -94.887844 -94.889034 -94.894366 -94.930911 -95.221245 -97.961161 -115.209093 -144.670180 -96.536243 -165.373500 -222.392513 -265.579568 -296.150859 -316.966312 -330.796100 -339.849569 -345.707540 -349.464566 -351.853515 -353.364517 -354.315185 -354.910312 -355.282407 -355.517683 -355.666798 -355.765154 -355.833999 -355.889826 -355.944260 -356.010300 -356.102789 -356.240756 -356.453396 -356.786064 -357.309149 -358.132515 -359.427754 -361.461350 -364.643132 -369.594006 -377.232988 -388.873226 -406.296171 -431.747291 -467.790951 -517.014366 -581.673979 -663.451390 -9999.0 -9999.0
-9999.0 -9999.0 28.160035 -63.556619 -148.231712 -214.552147 -258.026322 -280.444791 -283.250446 -263.632993 -263.995770 -194.767283 -137.254956 -86.550333 -2.422484 15.277608 4.801489 -20.815652 -55.889123 -96.543151 -139.832547 -182.883659 -222.546767 -256.426685 -283.608386 -304.408912 -319.725727 -330.689958 -338.370270 -343.639017 -347.131311 -349.317199 -350.506423 -350.856899 -350.374852 -348.901682 -346.071814 -341.191926 -333.036723 -319.401889 -296.081028 -253.973494 -259.941743 -196.826060 -147.387838 -114.007962 -96.860133 -95.082577 -94.902628 -94.885380 -94.884537 -94.885302 -94.886181 -94.887021 -94.887844 -94.889034 -94.894366 -94.930911 -95.221245 -97.961161 -115.209093 -144.670180 -96.536243 -165.373500 -222.392513 -265.579567 -296.150859 -316.966312 -330.796100 -339.849569 -345.707540 -349.464566 -351.853515 -353.364517 -354.315185 -354.910312 -355.282407 -355.517683 -355.666798 -355.765154 -355.833999 -355.889826 -355.944260 -356.010300 -356.102789 -356.240756 -356.453396 -356.786063 -357.309149 -358.132515 -359.427754 -361.461350 -364.643132 -369.594006 -377.232988 -388.873226 -406.296171 -431.747291 -467.790951 -517.014367 -581.673979 -663.451390 -9999.0 -9999.0
-9999.0 -9999.0 28.039322 -63.585310 -148.239829 -214.554555 -258.027055 -280.445017 -283.250514 -263.633013 -263.995776 -194.767285 -137.254957 -86.550333 -2.422483 15.277609 4.801489 -20.815652 -55.889123 -96.543151 -139.832547 -182.883659 -222.546768 -256.426686 -283.608387 -304.408913 -319.725728 -330.689959 -338.370270 -343.639018 -347.131311 -349.317199 -350.506423 -350.856898 -350.374852 -348.901682 -346.071814 -341.191926 -333.036722 -319.401890 -296.081028 -253.973494 -259.941743 -196.826060 -147.387838 -114.007962 -96.860133 -95.082577 -94.902628 -94.885380 -94.884537 -94.885302 -94.886181 -94.887021 -94.887844 -94.889034 -94.894366 -94.930911 -95.221245 -97.961161 -115.209093 -144.670180 -96.536243 -165.373500 -222.392513 -265.579568 -296.150859 -316.966312 -330.796100 -339.849569 -345.707540 -349.464566 -351.853515 -353.364517 -354.315185 -354.910312 -355.282407 -355.517683 -355.666798 -355.765154 -355.833999 -355.889826 -355.944260 -356.010300 -356.102789 -356.240756 -356.453396 -356.786064 -357.309149 -358.132515 -359.427754 -361.461350 -364.643132 -369.594006 -377.232988 -388.873226 -406.296171 -431.747291 -467.790951 -517.014366 -581.673979 -663.451390 -9999.0 -9999.0
-9999.0 -9999.0 -9999.0 -9999.0 -9999.0 -9999.0 -9999.0 -9999.0 -9999.0 -9999.0 -9999.0 -9999.0 -9999.0 -9999.0 -9999.0 -9999.0 -9999.0 -9999.0 -9999.0 -9999.0 -9999.0 -9999.0 -9999.0 -9999.0 -9999.0 -9999.0 -9999.0 -9999.0 -9999.0 -9999.0 -9999.0 -9999.0 -9999.0 -9999.0 -9999.0 -9999.0 -9999.0 -9999.0 -9999.0 -9999.0 -9999.0 -9999.0 -9999.0 -9999.0 -9999.0 -9999.0 -9999.0 -9999.0 -9999.0 -9999.0 -9999.0 -9999.0 -9999.0 -9999.0 -9999.0 -9999.0 -9999.0 -9999.0 -9999.0 -9999.0 -9999.0 -9999.0 -9999.0 -9999.0 -9999.0 -9999.0 -9999.0 -9999.0 -9999.0 -9999.0 -9999.0 -9999.0 -9999.0 -9999.0 -9999.0 -9999.0 -9999.0 -9999.0 -9999.0 -9999.0 -9999.0 -9999.0 -9999.0 -9999.0 -9999.0 -9999.0 -9999.0 -9999.0 -9999.0 -9999.0 -9999.0 -9999.0 -9999.0 -9999.0 -9999.0 -9999.0 -9999.0 -9999.0 -9999.0 -9999.0 -9999.0 -9999.0 -9999.0 -9999.0
-9999.0 -9999.0 -9999.0 -9999.0 -9999.0 -9999.0 -9999.0 -9999.0 -9999.0 -9999.0 -9999.0 -9999.0 -9999.0 -9999.0 -9999.0 -9999.0 -9999.0 -9999.0 -9999.0 -9999.0 -9999.0 -9999.0 -9999.0 -9999.0 -9999.0 -9999.0 -9999.0 -9999.0 -9999.0 -9999.0 -9999.0 -9999.0 -9999.0 -9999.0 -9999.0 -9999.0 -9999.0 -9999.0 -9999.0 -9999.0 -9999.0 -9999.0 -9999.0 -9999.0 -9999.0 -9999.0 -9999.0 -9999.0 -9999.0 -9999.0 -9999.0 -9999.0 -9999.0 -9999.0 -9999.0 -9999.0 -9999.0 -9999.0 -9999.0 -9999.0 -9999.0 -9999.0 -9999.0 -9999.0 -9999.0 -9999.0 -9999.0 -9999.0 -9999.0 -9999.0 -9999.0 -9999.0 -9999.0 -9999.0 -9999.0 -9999.0 -9999.0 -9999.0 -9999.0 -9999.0 -9999.0 -9999.0 -9999.0 -9999.0 -9999.0 -9999.0 -9999.0 -9999.0 -9999.0 -9999.0 -9999.0 -9999.0 -9999.0 -9999.0 -9999.0 -9999.0 -9999.0 -9999.0 -9999.0 -9999.0 -9999.0 -9999.0 -9999.0 -9999.0