tests/3D/superslab/out/maps3D/PwL0078N0003.asc
ncols         104
nrows         10
xllcorner     -2.000000
yllcorner     0.000000
cellsize      1.000000
NODATA_value  -9999.0
-9999.0 -9999.0 -9999.0 -9999.0 -9999.0 -9999.0 -9999.0 -9999.0 -9999.0 -9999.0 -9999.0 -9999.0 -9999.0 -9999.0 -9999.0 -9999.0 -9999.0 -9999.0 -9999.0 -9999.0 -9999.0 -9999.0 -9999.0 -9999.0 -9999.0 -9999.0 -9999.0 -9999.0 -9999.0 -9999.0 -9999.0 -9999.0 -9999.0 -9999.0 -9999.0 -9999.0 -9999.0 -9999.0 -9999.0 -9999.0 -9999.0 -9999.0 -9999.0 -9999.0 -9999.0 -9999.0 -9999.0 -9999.0 -9999.0 -9999.0 -9999.0 -9999.0 -9999.0 -9999.0 -9999.0 -9999.0 -9999.0 -9999.0 -9999.0 -9999.0 -9999.0 -9999.0 -9999.0 -9999.0 -9999.0 -9999.0 -9999.0 -9999.0 -9999.0 -9999.0 -9999.0 -9999.0 -9999.0 -9999.0 -9999.0 -9999.0 -9999.0 -9999.0 -9999.0 -9999.0 -9999.0 -9999.0 -9999.0 -9999.0 -9999.0 -9999.0 -9999.0 -9999.0 -9999.0 -9999.0 -9999.0 -9999.0 -9999.0 -9999.0 -9999.0 -9999.0 -9999.0 -9999.0 -9999.0 -9999.0 -9999.0 -9999.0 -9999.0 -9999.0
-9999.0 -9999.0 -9999.0 -9999.0 -9999.0 -9999.0 -9999.0 -9999.0 -9999.0 -9999.0 -9999.0 -9999.0 -9999.0 -9999.0 -9999.0 -9999.0 -9999.0 -9999.0 -9999.0 -9999.0 -9999.0 -9999.0 -9999.0 -9999.0 -9999.0 -9999.0 -9999.0 -9999.0 -9999.0 -9999.0 -9999.0 -9999.0 -9999.0 -9999.0 -9999.0 -9999.0 -9999.0 -9999.0 -9999.0 -9999.0 -9999.0 -9999.0 -9999.0 -9999.0 -9999.0 -9999.0 -9999.0 -9999.0 -9999.0 -9999.0 -9999.0 -9999.0 -9999.0 -9999.0 -9999.0 -9999.0 -9999.0 -9999.0 -9999.0 -9999.0 -9999.0 -9999.0 -9999.0 -9999.0 -9999.0 -9999.0 -9999.0 -9999.0 -9999.0 -9999.0 -9999.0 -9999.0 -9999.0 -9999.0 -9999.0 -9999.0 -9999.0 -9999.0 -9999.0 -9999.0 -9999.0 -9999.0 -9999.0 -9999.0 -9999.0 -9999.0 -9999.0 -9999.0 -9999.0 -9999.0 -9999.0 -9999.0 -9999.0 -9999.0 -9999.0 -9999.0 -9999.0 -9999.0 -9999.0 -9999.0 -9999.0 -9999.0 -9999.0 -9999.0
-9999.0 -9999.0 -783.936915 -918.274596 -1019.496174 -1074.702902 -1098.972159 -1108.482000 -1111.922126 -1113.159158 -1113.606645 -1113.768972 -1113.827885 -1113.849254 -1113.856998 -1113.859801 -1113.860814 -1113.861180 -1113.861312 -1113.861359 -1113.861376 -1113.861382 -1113.861384 -1113.861384 -1113.861383 -1113.861382 -1113.861379 -1113.861376 -1113.861372 -1113.861367 -1113.861359 -1113.861349 -1113.861336 -1113.861319 -1113.861298 -1113.861273 -1113.861241 -1113.861203 -1113.861157 -1113.861084 -1113.860857 -1113.859698 -1113.853906 -1113.830829 -1113.757599 -1113.569219 -1113.165295 -1112.417382 -1111.930741 -1112.790114 -1113.349836 -1117.379290 -1113.954350 -1113.863778 -1113.861573 -1113.861450 -1113.861425 -1113.861427 -1113.861447 -1113.861487 -1113.861555 -1113.861668 -1113.861850 -1113.862141 -1113.862600 -1113.863313 -1113.864403 -1113.866050 -1113.868501 -1113.872096 -1113.877295 -1113.884709 -1113.895133 -1113.909587 -1113.929358 -1113.956043 -1113.991595 -1114.038368 -1114.099158 -1114.177250 -1114.276453 -1114.401149 -1114.556326 -1114.747632 -1114.981431 -1115.264871 -1115.605988 -1116.013834 -1116.498667 -1117.072214 -1117.748051 -1118.542143 -1119.473649 -1120.566125 -1121.849387 -1123.362531 -1125.159071 -1127.316381 -1129.955116 -1133.291707 -1137.950898 -1149.172185 -9999.0 -9999.0
-9999.0 -9999.0 -783.936915 -918.274596 -1019.496174 -1074.702902 -1098.972159 -1108.482000 -1111.922126 -1113.159158 -1113.606645 -1113.768972 -1113.827885 -1113.849254 -1113.856998 -1113.859801 -1113.860814 -1113.861180 -1113.861312 -1113.861359 -1113.861376 -1113.861382 -1113.861384 -1113.861384 -1113.861383 -1113.861382 -1113.861379 -1113.861376 -1113.861372 -1113.861367 -1113.861359 -1113.861349 -1113.861336 -1113.861319 -1113.861298 -1113.861273 -1113.861241 -1113.861203 -1113.861157 -1113.861084 -1113.860857 -1113.859698 -1113.853906 -1113.830829 -1113.757599 -1113.569219 -1113.165295 -1112.417382 -1111.930741 -1112.790114 -1113.349836 -1117.379290 -1113.954350 -1113.863778 -1113.861573 -1113.861450 -1113.861425 -1113.861427 -1113.861447 -1113.861487 -1113.861555 -1113.861668 -1113.861850 -1113.862141 -1113.862600 -1113.863313 -1113.864403 -1113.866050 -1113.868501 -1113.872096 -1113.877295 -1113.884709 -1113.895133 -1113.909587 -1113.929358 -1113.956043 -1113.991595 -1114.038368 -1114.099158 -1114.177250 -1114.276453 -1114.401149 -1114.556326 -1114.747632 -1114.981431 -1115.264871 -1115.605988 -1116.013834 -1116.498667 -1117.072214 -1117.748051 -1118.542143 -1119.473649 -1120.566125 -1121.849387 -1123.362531 -1125.159071 -1127.316381 -1129.955116 -1133.291707 -1137.950898 -1149.172185 -9999.0 -9999.0
-9999.0 -9999.0 -783.936915 -918.274596 -1019.496174 -1074.702902 -1098.972159 -1108.482000 -1111.922126 -1113.159158 -1113.606645 -1113.768972 -1113.827885 -1113.849254 -1113.856998 -1113.859801 -1113.860814 -1113.861180 -1113.861312 -1113.861359 -1113.861376 -1113.861382 -1113.861384 -1113.861384 -1113.861383 -1113.861382 -1113.861379 -1113.861376 -1113.861372 -1113.861367 -1113.861359 -1113.861349 -1113.861336 -1113.861319 -1113.861298 -1113.861273 -1113.861241 -1113.861203 -1113.861157 -1113.861084 -1113.860857 -1113.859698 -1113.853906 -1113.830829 -1113.757599 -1113.569219 -1113.165295 -1112.417382 -1111.930741 -1112.790114 -1113.349836 -1117.379290 -1113.954350 -1113.863778 -1113.861573 -1113.861450 -1113.861425 -1113.861427 -1113.861447 -1113.861487 -1113.861555 -1113.861668 -1113.861850 -1113.862141 -1113.862600 -1113.863313 -1113.864403 -1113.866050 -1113.868501 -1113.872096 -1113.877295 -1113.884709 -1113.895133 -1113.909587 -1113.929358 -1113.956043 -1113.991595 -1114.038368 -1114.099158 -1114.177250 -1114.276453 -1114.401149 -1114.556326 -1114.747632 -1114.981431 -1115.264871 -1115.605988 -1116.013834 -1116.498667 -1117.072214 -1117.748051 -1118.542143 -1119.473649 -1120.566125 -1121.849387 -1123.362531 -1125.159071 -1127.316381 -1129.955116 -1133.291707 -1137.950898 -1149.172185 -9999.0 -9999.0
-9999.0 -9999.0 -783.936915 -918.274596 -1019.496174 -1074.702902 -1098.972159 -1108.482000 -1111.922126 -1113.159158 -1113.606645 -1113.768972 -1113.827885 -1113.849254 -1113.856998 -1113.859801 -1113.860814 -1113.861180 -1113.861312 -1113.861359 -1113.861376 -1113.861382 -1113.861384 -1113.861384 -1113.861383 -1113.861382 -1113.861379 -1113.861376 -1113.861372 -1113.861367 -1113.861359 -1113.861349 -1113.861336 -1113.861319 -1113.861298 -1113.861273 -1113.861241 -1113.861203 -1113.861157 -1113.861084 -1113.860857 -1113.859698 -1113.853906 -1113.830829 -1113.757599 -1113.569219 -1113.165295 -1112.417382 -1111.930741 -1112.790114 -1113.349836 -1117.379290 -1113.954350 -1113.863778 -1113.861573 -1113.861450 -1113.861425 -1113.861427 -1113.861447 -1113.861487 -1113.861555 -1113.861668 -1113.861850 -1113.862141 -1113.862600 -1113.863313 -1113.864403 -1113.866050 -1113.868501 -1113.872096 -1113.877295 -1113.884709 -1113.895133 -1113.909587 -1113.929358 -1113.956043 -1113.991595 -1114.038368 -1114.099158 -1114.177250 -1114.276453 -1114.401149 -1114.556326 -1114.747632 -1114.981431 -1115.264871 -1115.605988 -1116.013834 -1116.498667 -1117.072214 -1117.748051 -1118.542143 -1119.473649 -1120.566125 -1121.849387 -1123.362531 -1125.159071 -1127.316381 -1129.955116 -1133.291707 -1137.950898 -1149.172185 -9999.0 -9999.0
-9999.0 -9999.0 -783.936915 -918.274596 -1019.496174 -1074.702902 -1098.972159 -1108.482000 -1111.922126 -1113.159158 -1113.606645 -1113.768972 -1113.827885 -1113.849254 -1113.856998 -1113.859801 -1113.860814 -1113.861180 -1113.861312 -1113.861359 -1113.861376 -1113.861382 -1113.861384 -1113.861384 -1113.861383 -1113.861382 -1113.861379 -1113.861376 -1113.861372 -1113.861367 -1113.861359 -1113.861349 -1113.861336 -1113.861319 -1113.861298 -1113.861273 -1113.861241 -1113.861203 -1113.861157 -1113.861084 -1113.860857 -1113.859698 -1113.853906 -1113.830829 -1113.757599 -1113.569219 -1113.165295 -1112.417382 -1111.930741 -1112.790114 -1113.349836 -1117.379290 -1113.954350 -1113.863778 -1113.861573 -1113.861450 -1113.861425 -1113.861427 -1113.861447 -1113.861487 -1113.861555 -1113.861668 -1113.861850 -1113.862141 -1113.862600 -1113.863313 -1113.864403 -1113.866050 -1113.868501 -1113.872096 -1113.877295 -1113.884709 -1113.895133 -1113.909587 -1113.929358 -1113.956043 -1113.991595 -1114.038368 -1114.099158 -1114.177250 -1114.276453 -1114.401149 -1114.556326 -1114.747632 -1114.981431 -1115.264871 -1115.605988 -1116.013834 -1116.498667 -1117.072214 -1117.748051 -1118.542143 -1119.473649 -1120.566125 -1121.849387 -1123.362531 -1125.159071 -1127.316381 -1129.955116 -1133.291707 -1137.950898 -1149.172185 -9999.0 -9999.0
-9999.0 -9999.0 -783.936915 -918.274596 -1019.496174 -1074.702902 -1098.972159 -1108.482000 -1111.922126 -1113.159158 -1113.606645 -1113.768972 -1113.827885 -1113.849254 -1113.856998 -1113.859801 -1113.860814 -1113.861180 -1113.861312 -1113.861359 -1113.861376 -1113.861382 -1113.861384 -1113.861384 -1113.861383 -1113.861382 -1113.861379 -1113.861376 -1113.861372 -1113.861367 -1113.861359 -1113.861349 -1113.861336 -1113.861319 -1113.861298 -1113.861273 -1113.861241 -1113.861203 -1113.861157 -1113.861084 -1113.860857 -1113.859698 -1113.853906 -1113.830829 -1113.757599 -1113.569219 -1113.165295 -1112.417382 -1111.930741 -1112.790114 -1113.349836 -1117.379290 -1113.954350 -1113.863778 -1113.861573 -1113.861450 -1113.861425 -1113.861427 -1113.861447 -1113.861487 -1113.861555 -1113.861668 -1113.861850 -1113.862141 -1113.862600 -1113.863313 -1113.864403 -1113.866050 -1113.868501 -1113.872096 -1113.877295 -1113.884709 -1113.895133 -1113.909587 -1113.929358 -1113.956043 -1113.991595 -1114.038368 -1114.099158 -1114.177250 -1114.276453 -1114.401149 -1114.556326 -1114.747632 -1114.981431 -1115.264871 -1115.605988 -1116.013834 -1116.498667 -1117.072214 -1117.748051 -1118.542143 -1119.473649 -1120.566125 -1121.849387 -1123.362531 -1125.159071 -1127.316381 -1129.955116 -1133.291707 -1137.950898 -1149.172185 -9999.0 -9999.0
-9999.0 -9999.0 -9999.0 -9999.0 -9999.0 -9999.0 -9999.0 -9999.0 -9999.0 -9999.0 -9999.0 -9999.0 -9999.0 -9999.0 -9999.0 -9999.0 -9999.0 -9999.0 -9999.0 -9999.0 -9999.0 -9999.0 -9999.0 -9999.0 -9999.0 -9999.0 -9999.0 -9999.0 -9999.0 -9999.0 -9999.0 -9999.0 -9999.0 -9999.0 -9999.0 -9999.0 -9999.0 -9999.0 -9999.0 -9999.0 -9999.0 -9999.0 -9999.0 -9999.0 -9999.0 -9999.0 -9999.0 -9999.0 -9999.0 -9999.0 -9999.0 -9999.0 -9999.0 -9999.0 -9999.0 -9999.0 -9999.0 -9999.0 -9999.0 -9999.0 -9999.0 -9999.0 -9999.0 -9999.0 -9999.0 -9999.0 -9999.0 -9999.0 -9999.0 -9999.0 -9999.0 -9999.0 -9999.0 -9999.0 -9999.0 -9999.0 -9999.0 -9999.0 -9999.0 -9999.0 -9999.0 -9999.0 -9999.0 -9999.0 -9999.0 -9999.0 -9999.0 -9999.0 -9999.0 -9999.0 -9999.0 -9999.0 -9999.0 -9999.0 -9999.0 -9999.0 -9999.0 -9999.0 -9999.0 -9999.0 -9999.0 -9999.0 -9999.0 -9999.0
-9999.0 -9999.0 -9999.0 -9999.0 -9999.0 -9999.0 -9999.0 -9999.0 -9999.0 -9999.0 -9999.0 -9999.0 -9999.0 -9999.0 -9999.0 -9999.0 -9999.0 -9999.0 -9999.0 -9999.0 -9999.0 -9999.0 -9999.0 -9999.0 -9999.0 -9999.0 -9999.0 -9999.0 -9999.0 -9999.0 -9999.0 -9999.0 -9999.0 -9999.0 -9999.0 -9999.0 -9999.0 -9999.0 -9999.0 -9999.0 -9999.0 -9999.0 -9999.0 -9999.0 -9999.0 -9999.0 -9999.0 -9999.0 -9999.0 -9999.0 -9999.0 -9999.0 -9999.0 -9999.0 -9999.0 -9999.0 -9999.0 -9999.0 -9999.0 -9999.0 -9999.0 -9999.0 -9999.0 -9999.0 -9999.0 -9999.0 -9999.0 -9999.0 -9999.0 -9999.0 -9999.0 -9999.0 -9999.0 -9999.0 -9999.0 -9999.0 -9999.0 -9999.0 -9999.0 -9999.0 -9999.0 -9999.0 -9999.0 -9999.0 -9999.0 -9999.0 -9999.0 -9999.0 -9999.0 -9999.0 -9999.0 -9999.0 -9999.0 -9999.0 -9999.0 -9999.0 -9999.0 -9999.0 -9999.0 -9999.0 -9999.0 -9999.0 -9999.0 -9999.0