tests/3D/superslab/out/maps3D/PwL0051N0005.asc
ncols         104
nrows         10
xllcorner     -2.000000
yllcorner     0.000000
cellsize      1.000000
NODATA_value  -9999.0
-9999.0 -9999.0 -9999.0 -9999.0 -9999.0 -9999.0 -9999.0 -9999.0 -9999.0 -9999.0 -9999.0 -9999.0 -9999.0 -9999.0 -9999.0 -9999.0 -9999.0 -9999.0 -9999.0 -9999.0 -9999.0 -9999.0 -9999.0 -9999.0 -9999.0 -9999.0 -9999.0 -9999.0 -9999.0 -9999.0 -9999.0 -9999.0 -9999.0 -9999.0 -9999.0 -9999.0 -9999.0 -9999.0 -9999.0 -9999.0 -9999.0 -9999.0 -9999.0 -9999.0 -9999.0 -9999.0 -9999.0 -9999.0 -9999.0 -9999.0 -9999.0 -9999.0 -9999.0 -9999.0 -9999.0 -9999.0 -9999.0 -9999.0 -9999.0 -9999.0 -9999.0 -9999.0 -9999.0 -9999.0 -9999.0 -9999.0 -9999.0 -9999.0 -9999.0 -9999.0 -9999.0 -9999.0 -9999.0 -9999.0 -9999.0 -9999.0 -9999.0 -9999.0 -9999.0 -9999.0 -9999.0 -9999.0 -9999.0 -9999.0 -9999.0 -9999.0 -9999.0 -9999.0 -9999.0 -9999.0 -9999.0 -9999.0 -9999.0 -9999.0 -9999.0 -9999.0 -9999.0 -9999.0 -9999.0 -9999.0 -9999.0 -9999.0 -9999.0 -9999.0
-9999.0 -9999.0 -9999.0 -9999.0 -9999.0 -9999.0 -9999.0 -9999.0 -9999.0 -9999.0 -9999.0 -9999.0 -9999.0 -9999.0 -9999.0 -9999.0 -9999.0 -9999.0 -9999.0 -9999.0 -9999.0 -9999.0 -9999.0 -9999.0 -9999.0 -9999.0 -9999.0 -9999.0 -9999.0 -9999.0 -9999.0 -9999.0 -9999.0 -9999.0 -9999.0 -9999.0 -9999.0 -9999.0 -9999.0 -9999.0 -9999.0 -9999.0 -9999.0 -9999.0 -9999.0 -9999.0 -9999.0 -9999.0 -9999.0 -9999.0 -9999.0 -9999.0 -9999.0 -9999.0 -9999.0 -9999.0 -9999.0 -9999.0 -9999.0 -9999.0 -9999.0 -9999.0 -9999.0 -9999.0 -9999.0 -9999.0 -9999.0 -9999.0 -9999.0 -9999.0 -9999.0 -9999.0 -9999.0 -9999.0 -9999.0 -9999.0 -9999.0 -9999.0 -9999.0 -9999.0 -9999.0 -9999.0 -9999.0 -9999.0 -9999.0 -9999.0 -9999.0 -9999.0 -9999.0 -9999.0 -9999.0 -9999.0 -9999.0 -9999.0 -9999.0 -9999.0 -9999.0 -9999.0 -9999.0 -9999.0 -9999.0 -9999.0 -9999.0 -9999.0
-9999.0 -9999.0 2433.763763 2332.808240 2207.548149 1673.626774 -110.556981 -445.831707 -756.278461 -1020.488037 -1231.650585 -1394.134429 -1519.942247 -2383.009886 -2445.882114 -2446.200816 -2397.607445 -1861.281987 -1899.919704 -1933.487799 -1962.591517 -1987.870629 -2009.829096 -2028.863913 -2045.344393 -2059.610430 -2071.989396 -2082.797565 -2092.386257 -2100.974367 -2108.910490 -2116.521270 -2125.166920 -2136.596094 -2152.702308 -2353.108829 -2344.632369 -2334.373958 -2309.060754 -1947.400000 -1980.527546 -2018.048365 -2416.858216 -2448.085081 -2450.340278 -2450.492189 -2450.495114 -2450.495072 -2450.495057 -2450.495052 -2450.495051 -2450.495050 -2450.495050 -2450.495049 -2450.495049 -2450.495043 -2450.494955 -2450.493615 -2450.474030 -2450.196743 -2446.381267 -2395.234991 -1771.555003 -1775.142303 -1784.415877 -1796.225673 -1809.468729 -1823.527674 -1838.045789 -1852.753331 -1867.518389 -1882.153153 -1896.619916 -1910.846919 -1924.719463 -1938.270610 -1951.508095 -1964.273360 -1976.609378 -1988.581145 -2000.170944 -2011.271265 -2021.962685 -2032.351250 -2042.322986 -2051.874900 -2061.157139 -2070.195196 -2078.801015 -2087.171955 -2095.442824 -2103.100776 -2110.406666 -2117.183040 -2124.882232 -2136.355614 -2164.949030 -2434.370703 -2450.445277 -2450.495067 -2450.506368 -2451.860947 -9999.0 -9999.0
-9999.0 -9999.0 2433.780880 2332.819412 2207.557669 1673.646278 -110.554140 -445.830775 -756.278120 -1020.487924 -1231.650549 -1394.134418 -1519.942243 -2383.009886 -2445.882114 -2446.200816 -2397.607445 -1861.281987 -1899.919704 -1933.487799 -1962.591517 -1987.870629 -2009.829096 -2028.863913 -2045.344393 -2059.610430 -2071.989396 -2082.797565 -2092.386257 -2100.974367 -2108.910490 -2116.521270 -2125.166921 -2136.596094 -2152.702308 -2353.108829 -2344.632369 -2334.373958 -2309.060754 -1947.400000 -1980.527546 -2018.048365 -2416.858216 -2448.085081 -2450.340278 -2450.492189 -2450.495114 -2450.495072 -2450.495057 -2450.495052 -2450.495051 -2450.495050 -2450.495050 -2450.495049 -2450.495049 -2450.495043 -2450.494955 -2450.493615 -2450.474030 -2450.196743 -2446.381267 -2395.234991 -1771.555003 -1775.142303 -1784.415877 -1796.225673 -1809.468729 -1823.527674 -1838.045789 -1852.753331 -1867.518389 -1882.153153 -1896.619916 -1910.846919 -1924.719463 -1938.270610 -1951.508095 -1964.273360 -1976.609378 -1988.581145 -2000.170944 -2011.271265 -2021.962685 -2032.351250 -2042.322986 -2051.874900 -2061.157139 -2070.195196 -2078.801015 -2087.171955 -2095.442824 -2103.100776 -2110.406666 -2117.183040 -2124.882232 -2136.355614 -2164.949030 -2434.370703 -2450.445277 -2450.495067 -2450.506368 -2451.860947 -9999.0 -9999.0
-9999.0 -9999.0 2433.794922 2332.828999 2207.566031 1673.663966 -110.551463 -445.829875 -756.277786 -1020.487813 -1231.650513 -1394.134406 -1519.942239 -2383.009886 -2445.882114 -2446.200816 -2397.607445 -1861.281987 -1899.919704 -1933.487799 -1962.591517 -1987.870629 -2009.829096 -2028.863913 -2045.344393 -2059.610430 -2071.989396 -2082.797565 -2092.386257 -2100.974367 -2108.910490 -2116.521270 -2125.166921 -2136.596094 -2152.702308 -2353.108829 -2344.632369 -2334.373958 -2309.060754 -1947.400000 -1980.527546 -2018.048365 -2416.858216 -2448.085081 -2450.340278 -2450.492189 -2450.495114 -2450.495072 -2450.495057 -2450.495052 -2450.495051 -2450.495050 -2450.495050 -2450.495049 -2450.495049 -2450.495043 -2450.494955 -2450.493615 -2450.474030 -2450.196743 -2446.381267 -2395.234991 -1771.555003 -1775.142303 -1784.415877 -1796.225673 -1809.468729 -1823.527674 -1838.045789 -1852.753331 -1867.518389 -1882.153153 -1896.619916 -1910.846919 -1924.719463 -1938.270610 -1951.508095 -1964.273360 -1976.609378 -1988.581145 -2000.170944 -2011.271265 -2021.962685 -2032.351250 -2042.322986 -2051.874900 -2061.157139 -2070.195196 -2078.801015 -2087.171955 -2095.442824 -2103.100776 -2110.406666 -2117.183040 -2124.882232 -2136.355614 -2164.949030 -2434.370703 -2450.445277 -2450.495067 -2450.506368 -2451.860947 -9999.0 -9999.0
-9999.0 -9999.0 2433.794922 2332.828999 2207.566031 1673.663966 -110.551464 -445.829875 -756.277786 -1020.487813 -1231.650513 -1394.134406 -1519.942239 -2383.009886 -2445.882114 -2446.200816 -2397.607445 -1861.281987 -1899.919704 -1933.487799 -1962.591517 -1987.870629 -2009.829096 -2028.863913 -2045.344393 -2059.610430 -2071.989396 -2082.797565 -2092.386257 -2100.974367 -2108.910490 -2116.521270 -2125.166921 -2136.596094 -2152.702308 -2353.108829 -2344.632369 -2334.373958 -2309.060754 -1947.400000 -1980.527546 -2018.048365 -2416.858216 -2448.085081 -2450.340278 -2450.492189 -2450.495114 -2450.495072 -2450.495057 -2450.495052 -2450.495051 -2450.495050 -2450.495050 -2450.495049 -2450.495049 -2450.495043 -2450.494955 -2450.493615 -2450.474030 -2450.196743 -2446.381267 -2395.234991 -1771.555003 -1775.142303 -1784.415877 -1796.225673 -1809.468729 -1823.527674 -1838.045789 -1852.753331 -1867.518389 -1882.153153 -1896.619916 -1910.846919 -1924.719463 -1938.270610 -1951.508095 -1964.273360 -1976.609378 -1988.581145 -2000.170944 -2011.271265 -2021.962685 -2032.351250 -2042.322986 -2051.874900 -2061.157139 -2070.195196 -2078.801015 -2087.171955 -2095.442824 -2103.100776 -2110.406666 -2117.183040 -2124.882232 -2136.355614 -2164.949030 -2434.370703 -2450.445277 -2450.495067 -2450.506368 -2451.860947 -9999.0 -9999.0
-9999.0 -9999.0 2433.780880 2332.819412 2207.557669 1673.646278 -110.554140 -445.830775 -756.278120 -1020.487924 -1231.650549 -1394.134418 -1519.942243 -2383.009886 -2445.882114 -2446.200816 -2397.607445 -1861.281987 -1899.919704 -1933.487799 -1962.591517 -1987.870629 -2009.829096 -2028.863913 -2045.344393 -2059.610430 -2071.989396 -2082.797565 -2092.386257 -2100.974367 -2108.910490 -2116.521270 -2125.166921 -2136.596094 -2152.702308 -2353.108829 -2344.632369 -2334.373958 -2309.060754 -1947.400000 -1980.527546 -2018.048365 -2416.858216 -2448.085081 -2450.340278 -2450.492189 -2450.495114 -2450.495072 -2450.495057 -2450.495052 -2450.495051 -2450.495050 -2450.495050 -2450.495049 -2450.495049 -2450.495043 -2450.494955 -2450.493615 -2450.474030 -2450.196743 -2446.381267 -2395.234991 -1771.555003 -1775.142303 -1784.415877 -1796.225673 -1809.468729 -1823.527674 -1838.045789 -1852.753331 -1867.518389 -1882.153153 -1896.619916 -1910.846919 -1924.719463 -1938.270610 -1951.508095 -1964.273360 -1976.609378 -1988.581145 -2000.170944 -2011.271265 -2021.962685 -2032.351250 -2042.322986 -2051.874900 -2061.157139 -2070.195196 -2078.801015 -2087.171955 -2095.442824 -2103.100776 -2110.406666 -2117.183040 -2124.882232 -2136.355614 -2164.949030 -2434.370703 -2450.445277 -2450.495067 -2450.506368 -2451.860947 -9999.0 -9999.0
-9999.0 -9999.0 2433.763763 2332.808240 2207.548149 1673.626774 -110.556981 -445.831707 -756.278461 -1020.488037 -1231.650585 -1394.134429 -1519.942247 -2383.009886 -2445.882114 -2446.200816 -2397.607445 -1861.281987 -1899.919704 -1933.487799 -1962.591517 -1987.870629 -2009.829096 -2028.863913 -2045.344393 -2059.610430 -2071.989396 -2082.797565 -2092.386257 -2100.974367 -2108.910490 -2116.521270 -2125.166920 -2136.596094 -2152.702308 -2353.108829 -2344.632369 -2334.373958 -2309.060754 -1947.400000 -1980.527546 -2018.048365 -2416.858216 -2448.085081 -2450.340278 -2450.492189 -2450.495114 -2450.495072 -2450.495057 -2450.495052 -2450.495051 -2450.495050 -2450.495050 -2450.495049 -2450.495049 -2450.495043 -2450.494955 -2450.493615 -2450.474030 -2450.196743 -2446.381267 -2395.234991 -1771.555003 -1775.142303 -1784.415877 -1796.225673 -1809.468729 -1823.527674 -1838.045789 -1852.753331 -1867.518389 -1882.153153 -1896.619916 -1910.846919 -1924.719463 -1938.270610 -1951.508095 -1964.273360 -1976.609378 -1988.581145 -2000.170944 -2011.271265 -2021.962685 -2032.351250 -2042.322986 -2051.874900 -2061.157139 -2070.195196 -2078.801015 -2087.171955 -2095.442824 -2103.100776 -2110.406666 -2117.183040 -2124.882232 -2136.355614 -2164.949030 -2434.370703 -2450.445277 -2450.495067 -2450.506368 -2451.860947 -9999.0 -9999.0
-9999.0 -9999.0 -9999.0 -9999.0 -9999.0 -9999.0 -9999.0 -9999.0 -9999.0 -9999.0 -9999.0 -9999.0 -9999.0 -9999.0 -9999.0 -9999.0 -9999.0 -9999.0 -9999.0 -9999.0 -9999.0 -9999.0 -9999.0 -9999.0 -9999.0 -9999.0 -9999.0 -9999.0 -9999.0 -9999.0 -9999.0 -9999.0 -9999.0 -9999.0 -9999.0 -9999.0 -9999.0 -9999.0 -9999.0 -9999.0 -9999.0 -9999.0 -9999.0 -9999.0 -9999.0 -9999.0 -9999.0 -9999.0 -9999.0 -9999.0 -9999.0 -9999.0 -9999.0 -9999.0 -9999.0 -9999.0 -9999.0 -9999.0 -9999.0 -9999.0 -9999.0 -9999.0 -9999.0 -9999.0 -9999.0 -9999.0 -9999.0 -9999.0 -9999.0 -9999.0 -9999.0 -9999.0 -9999.0 -9999.0 -9999.0 -9999.0 -9999.0 -9999.0 -9999.0 -9999.0 -9999.0 -9999.0 -9999.0 -9999.0 -9999.0 -9999.0 -9999.0 -9999.0 -9999.0 -9999.0 -9999.0 -9999.0 -9999.0 -9999.0 -9999.0 -9999.0 -9999.0 -9999.0 -9999.0 -9999.0 -9999.0 -9999.0 -9999.0 -9999.0
-9999.0 -9999.0 -9999.0 -9999.0 -9999.0 -9999.0 -9999.0 -9999.0 -9999.0 -9999.0 -9999.0 -9999.0 -9999.0 -9999.0 -9999.0 -9999.0 -9999.0 -9999.0 -9999.0 -9999.0 -9999.0 -9999.0 -9999.0 -9999.0 -9999.0 -9999.0 -9999.0 -9999.0 -9999.0 -9999.0 -9999.0 -9999.0 -9999.0 -9999.0 -9999.0 -9999.0 -9999.0 -9999.0 -9999.0 -9999.0 -9999.0 -9999.0 -9999.0 -9999.0 -9999.0 -9999.0 -9999.0 -9999.0 -9999.0 -9999.0 -9999.0 -9999.0 -9999.0 -9999.0 -9999.0 -9999.0 -9999.0 -9999.0 -9999.0 -9999.0 -9999.0 -9999.0 -9999.0 -9999.0 -9999.0 -9999.0 -9999.0 -9999.0 -9999.0 -9999.0 -9999.0 -9999.0 -9999.0 -9999.0 -9999.0 -9999.0 -9999.0 -9999.0 -9999.0 -9999.0 -9999.0 -9999.0 -9999.0 -9999.0 -9999.0 -9999.0 -9999.0 -9999.0 -9999.0 -9999.0 -9999.0 -9999.0 -9999.0 -9999.0 -9999.0 -9999.0 -9999.0 -9999.0 -9999.0 -9999.0 -9999.0 -9999.0 -9999.0 -9999.0