tests/3D/superslab/out/maps3D/PwL0050N0006.asc
ncols         104
nrows         10
xllcorner     -2.000000
yllcorner     0.000000
cellsize      1.000000
NODATA_value  -9999.0
-9999.0 -9999.0 -9999.0 -9999.0 -9999.0 -9999.0 -9999.0 -9999.0 -9999.0 -9999.0 -9999.0 -9999.0 -9999.0 -9999.0 -9999.0 -9999.0 -9999.0 -9999.0 -9999.0 -9999.0 -9999.0 -9999.0 -9999.0 -9999.0 -9999.0 -9999.0 -9999.0 -9999.0 -9999.0 -9999.0 -9999.0 -9999.0 -9999.0 -9999.0 -9999.0 -9999.0 -9999.0 -9999.0 -9999.0 -9999.0 -9999.0 -9999.0 -9999.0 -9999.0 -9999.0 -9999.0 -9999.0 -9999.0 -9999.0 -9999.0 -9999.0 -9999.0 -9999.0 -9999.0 -9999.0 -9999.0 -9999.0 -9999.0 -9999.0 -9999.0 -9999.0 -9999.0 -9999.0 -9999.0 -9999.0 -9999.0 -9999.0 -9999.0 -9999.0 -9999.0 -9999.0 -9999.0 -9999.0 -9999.0 -9999.0 -9999.0 -9999.0 -9999.0 -9999.0 -9999.0 -9999.0 -9999.0 -9999.0 -9999.0 -9999.0 -9999.0 -9999.0 -9999.0 -9999.0 -9999.0 -9999.0 -9999.0 -9999.0 -9999.0 -9999.0 -9999.0 -9999.0 -9999.0 -9999.0 -9999.0 -9999.0 -9999.0 -9999.0 -9999.0
-9999.0 -9999.0 -9999.0 -9999.0 -9999.0 -9999.0 -9999.0 -9999.0 -9999.0 -9999.0 -9999.0 -9999.0 -9999.0 -9999.0 -9999.0 -9999.0 -9999.0 -9999.0 -9999.0 -9999.0 -9999.0 -9999.0 -9999.0 -9999.0 -9999.0 -9999.0 -9999.0 -9999.0 -9999.0 -9999.0 -9999.0 -9999.0 -9999.0 -9999.0 -9999.0 -9999.0 -9999.0 -9999.0 -9999.0 -9999.0 -9999.0 -9999.0 -9999.0 -9999.0 -9999.0 -9999.0 -9999.0 -9999.0 -9999.0 -9999.0 -9999.0 -9999.0 -9999.0 -9999.0 -9999.0 -9999.0 -9999.0 -9999.0 -9999.0 -9999.0 -9999.0 -9999.0 -9999.0 -9999.0 -9999.0 -9999.0 -9999.0 -9999.0 -9999.0 -9999.0 -9999.0 -9999.0 -9999.0 -9999.0 -9999.0 -9999.0 -9999.0 -9999.0 -9999.0 -9999.0 -9999.0 -9999.0 -9999.0 -9999.0 -9999.0 -9999.0 -9999.0 -9999.0 -9999.0 -9999.0 -9999.0 -9999.0 -9999.0 -9999.0 -9999.0 -9999.0 -9999.0 -9999.0 -9999.0 -9999.0 -9999.0 -9999.0 -9999.0 -9999.0
-9999.0 -9999.0 2170.588727 2070.265052 1967.909619 1863.673708 1757.480607 1652.329123 1548.631414 1443.373565 1336.342706 1228.416595 1122.655828 1021.528095 921.364288 821.659596 723.223655 628.424580 538.015783 452.187267 368.264270 285.409384 203.714167 123.417644 44.811935 -27.241079 -89.431690 -143.307374 -191.021727 -231.704647 -264.107783 -288.118314 -305.018689 -317.158470 -324.441589 -118.868410 72.327505 263.583911 447.782588 485.763080 375.391800 241.550770 86.915848 -56.564940 -160.867565 -384.929013 -1206.452282 -2491.154078 -2499.808073 -2497.384801 -2465.105121 -2069.289275 488.883162 487.023411 483.618897 478.940016 473.166836 466.435091 458.962552 448.988478 441.424350 430.829014 410.933436 379.032080 346.400675 313.289879 281.870427 252.677520 223.629740 194.190370 164.589157 134.499185 104.051624 73.299934 41.861395 10.234694 -21.379106 -53.246666 -84.809018 -117.965397 -148.238895 -175.692694 -198.572239 -217.527146 -235.892893 -254.886914 -274.251807 -292.109825 -308.191363 -322.195419 -333.549690 -343.036415 -351.656052 -360.217670 -370.866008 -386.034743 -410.570289 -471.755432 -1234.513542 -2488.779770 -2500.007775 -2501.561100 -9999.0 -9999.0
-9999.0 -9999.0 2170.598221 2070.271433 1967.913073 1863.675364 1757.481361 1652.329447 1548.631550 1443.373621 1336.342729 1228.416605 1122.655832 1021.528097 921.364289 821.659596 723.223655 628.424580 538.015784 452.187267 368.264270 285.409384 203.714167 123.417645 44.811935 -27.241079 -89.431690 -143.307374 -191.021727 -231.704646 -264.107783 -288.118314 -305.018689 -317.158470 -324.441589 -118.868410 72.327505 263.583911 447.782588 485.763080 375.391800 241.550770 86.915848 -56.564940 -160.867565 -384.929012 -1206.452281 -2491.154078 -2499.808073 -2497.384801 -2465.105121 -2069.289275 488.883162 487.023411 483.618897 478.940016 473.166836 466.435091 458.962552 448.988478 441.424349 430.829014 410.933436 379.032080 346.400675 313.289879 281.870427 252.677519 223.629740 194.190370 164.589157 134.499185 104.051624 73.299934 41.861395 10.234694 -21.379106 -53.246666 -84.809018 -117.965397 -148.238895 -175.692694 -198.572239 -217.527146 -235.892894 -254.886914 -274.251807 -292.109825 -308.191363 -322.195419 -333.549690 -343.036415 -351.656052 -360.217670 -370.866008 -386.034743 -410.570289 -471.755432 -1234.513540 -2488.779770 -2500.007775 -2501.561100 -9999.0 -9999.0
-9999.0 -9999.0 2170.606391 2070.277118 1967.916261 1863.676937 1757.482091 1652.329765 1548.631683 1443.373676 1336.342753 1228.416615 1122.655836 1021.528098 921.364290 821.659597 723.223655 628.424580 538.015784 452.187267 368.264270 285.409385 203.714167 123.417645 44.811935 -27.241079 -89.431690 -143.307374 -191.021727 -231.704646 -264.107783 -288.118314 -305.018689 -317.158470 -324.441589 -118.868410 72.327505 263.583911 447.782588 485.763080 375.391800 241.550770 86.915848 -56.564940 -160.867565 -384.929012 -1206.452280 -2491.154078 -2499.808073 -2497.384801 -2465.105121 -2069.289275 488.883162 487.023411 483.618897 478.940016 473.166836 466.435091 458.962552 448.988478 441.424350 430.829014 410.933436 379.032080 346.400675 313.289879 281.870427 252.677519 223.629740 194.190370 164.589157 134.499185 104.051624 73.299934 41.861395 10.234694 -21.379106 -53.246666 -84.809018 -117.965397 -148.238895 -175.692694 -198.572239 -217.527146 -235.892894 -254.886914 -274.251807 -292.109825 -308.191363 -322.195419 -333.549690 -343.036415 -351.656052 -360.217670 -370.866008 -386.034743 -410.570289 -471.755432 -1234.513539 -2488.779770 -2500.007775 -2501.561100 -9999.0 -9999.0
-9999.0 -9999.0 2170.606391 2070.277118 1967.916261 1863.676937 1757.482090 1652.329765 1548.631683 1443.373676 1336.342753 1228.416615 1122.655836 1021.528098 921.364290 821.659597 723.223655 628.424580 538.015784 452.187267 368.264270 285.409385 203.714167 123.417645 44.811935 -27.241079 -89.431690 -143.307374 -191.021727 -231.704646 -264.107783 -288.118314 -305.018689 -317.158470 -324.441589 -118.868410 72.327505 263.583911 447.782588 485.763080 375.391800 241.550770 86.915848 -56.564940 -160.867565 -384.929012 -1206.452280 -2491.154078 -2499.808073 -2497.384801 -2465.105121 -2069.289275 488.883162 487.023411 483.618897 478.940016 473.166836 466.435091 458.962552 448.988478 441.424350 430.829014 410.933437 379.032080 346.400675 313.289879 281.870427 252.677519 223.629740 194.190370 164.589157 134.499185 104.051624 73.299934 41.861395 10.234694 -21.379106 -53.246666 -84.809018 -117.965397 -148.238895 -175.692694 -198.572239 -217.527146 -235.892894 -254.886914 -274.251807 -292.109825 -308.191363 -322.195419 -333.549690 -343.036415 -351.656052 -360.217670 -370.866008 -386.034743 -410.570289 -471.755432 -1234.513539 -2488.779770 -2500.007775 -2501.561100 -9999.0 -9999.0
-9999.0 -9999.0 2170.598221 2070.271433 1967.913073 1863.675364 1757.481361 1652.329447 1548.631550 1443.373621 1336.342729 1228.416605 1122.655832 1021.528097 921.364289 821.659596 723.223655 628.424580 538.015784 452.187267 368.264270 285.409384 203.714167 123.417645 44.811935 -27.241079 -89.431690 -143.307374 -191.021727 -231.704646 -264.107783 -288.118314 -305.018689 -317.158470 -324.441589 -118.868410 72.327505 263.583911 447.782588 485.763080 375.391800 241.550770 86.915848 -56.564940 -160.867565 -384.929012 -1206.452281 -2491.154078 -2499.808073 -2497.384801 -2465.105121 -2069.289275 488.883162 487.023411 483.618897 478.940016 473.166836 466.435091 458.962552 448.988478 441.424350 430.829014 410.933437 379.032081 346.400675 313.289879 281.870427 252.677520 223.629740 194.190370 164.589157 134.499185 104.051624 73.299934 41.861395 10.234694 -21.379106 -53.246666 -84.809018 -117.965397 -148.238895 -175.692694 -198.572239 -217.527146 -235.892894 -254.886914 -274.251807 -292.109825 -308.191363 -322.195419 -333.549690 -343.036415 -351.656052 -360.217670 -370.866008 -386.034743 -410.570289 -471.755432 -1234.513540 -2488.779770 -2500.007775 -2501.561100 -9999.0 -9999.0
-9999.0 -9999.0 2170.588727 2070.265052 1967.909619 1863.673708 1757.480607 1652.329123 1548.631414 1443.373565 1336.342706 1228.416595 1122.655828 1021.528095 921.364288 821.659596 723.223655 628.424580 538.015783 452.187267 368.264270 285.409384 203.714167 123.417644 44.811935 -27.241079 -89.431690 -143.307374 -191.021727 -231.704647 -264.107783 -288.118314 -305.018689 -317.158470 -324.441589 -118.868410 72.327505 263.583911 447.782588 485.763080 375.391800 241.550770 86.915848 -56.564940 -160.867565 -384.929013 -1206.452282 -2491.154078 -2499.808073 -2497.384801 -2465.105121 -2069.289275 488.883162 487.023411 483.618897 478.940016 473.166836 466.435091 458.962552 448.988478 441.424350 430.829014 410.933437 379.032081 346.400676 313.289879 281.870427 252.677520 223.629740 194.190370 164.589157 134.499185 104.051624 73.299934 41.861395 10.234694 -21.379106 -53.246666 -84.809018 -117.965397 -148.238895 -175.692694 -198.572239 -217.527146 -235.892893 -254.886914 -274.251807 -292.109825 -308.191363 -322.195419 -333.549690 -343.036415 -351.656052 -360.217670 -370.866008 -386.034743 -410.570289 -471.755432 -1234.513542 -2488.779770 -2500.007775 -2501.561100 -9999.0 -9999.0
-9999.0 -9999.0 -9999.0 -9999.0 -9999.0 -9999.0 -9999.0 -9999.0 -9999.0 -9999.0 -9999.0 -9999.0 -9999.0 -9999.0 -9999.0 -9999.0 -9999.0 -9999.0 -9999.0 -9999.0 -9999.0 -9999.0 -9999.0 -9999.0 -9999.0 -9999.0 -9999.0 -9999.0 -9999.0 -9999.0 -9999.0 -9999.0 -9999.0 -9999.0 -9999.0 -9999.0 -9999.0 -9999.0 -9999.0 -9999.0 -9999.0 -9999.0 -9999.0 -9999.0 -9999.0 -9999.0 -9999.0 -9999.0 -9999.0 -9999.0 -9999.0 -9999.0 -9999.0 -9999.0 -9999.0 -9999.0 -9999.0 -9999.0 -9999.0 -9999.0 -9999.0 -9999.0 -9999.0 -9999.0 -9999.0 -9999.0 -9999.0 -9999.0 -9999.0 -9999.0 -9999.0 -9999.0 -9999.0 -9999.0 -9999.0 -9999.0 -9999.0 -9999.0 -9999.0 -9999.0 -9999.0 -9999.0 -9999.0 -9999.0 -9999.0 -9999.0 -9999.0 -9999.0 -9999.0 -9999.0 -9999.0 -9999.0 -9999.0 -9999.0 -9999.0 -9999.0 -9999.0 -9999.0 -9999.0 -9999.0 -9999.0 -9999.0 -9999.0 -9999.0
-9999.0 -9999.0 -9999.0 -9999.0 -9999.0 -9999.0 -9999.0 -9999.0 -9999.0 -9999.0 -9999.0 -9999.0 -9999.0 -9999.0 -9999.0 -9999.0 -9999.0 -9999.0 -9999.0 -9999.0 -9999.0 -9999.0 -9999.0 -9999.0 -9999.0 -9999.0 -9999.0 -9999.0 -9999.0 -9999.0 -9999.0 -9999.0 -9999.0 -9999.0 -9999.0 -9999.0 -9999.0 -9999.0 -9999.0 -9999.0 -9999.0 -9999.0 -9999.0 -9999.0 -9999.0 -9999.0 -9999.0 -9999.0 -9999.0 -9999.0 -9999.0 -9999.0 -9999.0 -9999.0 -9999.0 -9999.0 -9999.0 -9999.0 -9999.0 -9999.0 -9999.0 -9999.0 -9999.0 -9999.0 -9999.0 -9999.0 -9999.0 -9999.0 -9999.0 -9999.0 -9999.0 -9999.0 -9999.0 -9999.0 -9999.0 -9999.0 -9999.0 -9999.0 -9999.0 -9999.0 -9999.0 -9999.0 -9999.0 -9999.0 -9999.0 -9999.0 -9999.0 -9999.0 -9999.0 -9999.0 -9999.0 -9999.0 -9999.0 -9999.0 -9999.0 -9999.0 -9999.0 -9999.0 -9999.0 -9999.0 -9999.0 -9999.0 -9999.0 -9999.0