tests/3D/superslab/out/maps3D/PwL0002N0005.asc
ncols         104
nrows         10
xllcorner     -2.000000
yllcorner     0.000000
cellsize      1.000000
NODATA_value  -9999.0
-9999.0 -9999.0 -9999.0 -9999.0 -9999.0 -9999.0 -9999.0 -9999.0 -9999.0 -9999.0 -9999.0 -9999.0 -9999.0 -9999.0 -9999.0 -9999.0 -9999.0 -9999.0 -9999.0 -9999.0 -9999.0 -9999.0 -9999.0 -9999.0 -9999.0 -9999.0 -9999.0 -9999.0 -9999.0 -9999.0 -9999.0 -9999.0 -9999.0 -9999.0 -9999.0 -9999.0 -9999.0 -9999.0 -9999.0 -9999.0 -9999.0 -9999.0 -9999.0 -9999.0 -9999.0 -9999.0 -9999.0 -9999.0 -9999.0 -9999.0 -9999.0 -9999.0 -9999.0 -9999.0 -9999.0 -9999.0 -9999.0 -9999.0 -9999.0 -9999.0 -9999.0 -9999.0 -9999.0 -9999.0 -9999.0 -9999.0 -9999.0 -9999.0 -9999.0 -9999.0 -9999.0 -9999.0 -9999.0 -9999.0 -9999.0 -9999.0 -9999.0 -9999.0 -9999.0 -9999.0 -9999.0 -9999.0 -9999.0 -9999.0 -9999.0 -9999.0 -9999.0 -9999.0 -9999.0 -9999.0 -9999.0 -9999.0 -9999.0 -9999.0 -9999.0 -9999.0 -9999.0 -9999.0 -9999.0 -9999.0 -9999.0 -9999.0 -9999.0 -9999.0
-9999.0 -9999.0 -9999.0 -9999.0 -9999.0 -9999.0 -9999.0 -9999.0 -9999.0 -9999.0 -9999.0 -9999.0 -9999.0 -9999.0 -9999.0 -9999.0 -9999.0 -9999.0 -9999.0 -9999.0 -9999.0 -9999.0 -9999.0 -9999.0 -9999.0 -9999.0 -9999.0 -9999.0 -9999.0 -9999.0 -9999.0 -9999.0 -9999.0 -9999.0 -9999.0 -9999.0 -9999.0 -9999.0 -9999.0 -9999.0 -9999.0 -9999.0 -9999.0 -9999.0 -9999.0 -9999.0 -9999.0 -9999.0 -9999.0 -9999.0 -9999.0 -9999.0 -9999.0 -9999.0 -9999.0 -9999.0 -9999.0 -9999.0 -9999.0 -9999.0 -9999.0 -9999.0 -9999.0 -9999.0 -9999.0 -9999.0 -9999.0 -9999.0 -9999.0 -9999.0 -9999.0 -9999.0 -9999.0 -9999.0 -9999.0 -9999.0 -9999.0 -9999.0 -9999.0 -9999.0 -9999.0 -9999.0 -9999.0 -9999.0 -9999.0 -9999.0 -9999.0 -9999.0 -9999.0 -9999.0 -9999.0 -9999.0 -9999.0 -9999.0 -9999.0 -9999.0 -9999.0 -9999.0 -9999.0 -9999.0 -9999.0 -9999.0 -9999.0 -9999.0
-9999.0 -9999.0 30.406574 -66.741637 -156.052707 -226.924173 -271.760196 -292.698506 -293.664918 -274.924463 -357.713583 -264.077364 -203.329083 -155.346659 -82.946169 9.901050 -4.299172 -33.015961 -71.095157 -115.283633 -162.868972 -210.158113 -252.389862 -285.827082 -309.914873 -326.118547 -336.594116 -343.214298 -347.315498 -349.790250 -351.195135 -351.844553 -351.884614 -351.329421 -350.069344 -347.844551 -344.185229 -338.237643 -328.361696 -314.829276 -290.988830 -232.008623 -357.825165 -302.592883 -256.192961 -226.286166 -212.156118 -210.620478 -210.464136 -210.449108 -210.448322 -210.448926 -210.449632 -210.450423 -210.452436 -210.467161 -210.608550 -211.991938 -225.147165 -252.081349 -293.658741 -341.494680 -254.144561 -297.131994 -320.777450 -334.481187 -342.698255 -347.717340 -350.812369 -352.732195 -353.926332 -354.669990 -355.133406 -355.422208 -355.602257 -355.714816 -355.785792 -355.831682 -355.863216 -355.887778 -355.911037 -355.938244 -355.975429 -356.030669 -356.115825 -356.249082 -356.458804 -356.789460 -357.310940 -358.132810 -359.426300 -361.457314 -364.634747 -369.577818 -377.202545 -388.817079 -406.195543 -431.574766 -467.513324 -516.616976 -581.329624 -663.954545 -9999.0 -9999.0
-9999.0 -9999.0 30.621997 -66.690096 -156.038467 -226.920023 -271.758978 -292.698141 -293.664811 -274.924434 -357.713579 -264.077361 -203.329082 -155.346658 -82.946168 9.901050 -4.299172 -33.015961 -71.095157 -115.283633 -162.868972 -210.158113 -252.389862 -285.827082 -309.914873 -326.118547 -336.594116 -343.214298 -347.315498 -349.790250 -351.195135 -351.844553 -351.884614 -351.329421 -350.069344 -347.844551 -344.185229 -338.237643 -328.361696 -314.829276 -290.988830 -232.008622 -357.825165 -302.592883 -256.192961 -226.286166 -212.156118 -210.620478 -210.464136 -210.449108 -210.448322 -210.448926 -210.449632 -210.450423 -210.452436 -210.467161 -210.608550 -211.991938 -225.147165 -252.081349 -293.658741 -341.494680 -254.144561 -297.131994 -320.777450 -334.481187 -342.698255 -347.717340 -350.812369 -352.732195 -353.926332 -354.669990 -355.133406 -355.422208 -355.602257 -355.714816 -355.785792 -355.831682 -355.863216 -355.887778 -355.911037 -355.938244 -355.975429 -356.030669 -356.115825 -356.249082 -356.458804 -356.789460 -357.310940 -358.132810 -359.426300 -361.457314 -364.634747 -369.577818 -377.202545 -388.817079 -406.195543 -431.574766 -467.513324 -516.616976 -581.329624 -663.954545 -9999.0 -9999.0
-9999.0 -9999.0 30.687739 -66.662385 -156.028330 -226.916622 -271.757899 -292.697803 -293.664709 -274.924406 -357.713574 -264.077358 -203.329080 -155.346658 -82.946168 9.901050 -4.299172 -33.015961 -71.095157 -115.283633 -162.868972 -210.158113 -252.389862 -285.827082 -309.914873 -326.118547 -336.594116 -343.214298 -347.315498 -349.790250 -351.195135 -351.844553 -351.884614 -351.329421 -350.069344 -347.844551 -344.185229 -338.237643 -328.361696 -314.829276 -290.988830 -232.008622 -357.825165 -302.592883 -256.192961 -226.286166 -212.156118 -210.620478 -210.464136 -210.449108 -210.448322 -210.448926 -210.449632 -210.450423 -210.452436 -210.467161 -210.608550 -211.991938 -225.147165 -252.081349 -293.658741 -341.494680 -254.144561 -297.131994 -320.777450 -334.481187 -342.698255 -347.717340 -350.812369 -352.732195 -353.926332 -354.669990 -355.133406 -355.422208 -355.602257 -355.714816 -355.785792 -355.831682 -355.863216 -355.887778 -355.911037 -355.938244 -355.975429 -356.030669 -356.115825 -356.249082 -356.458804 -356.789460 -357.310940 -358.132810 -359.426300 -361.457314 -364.634747 -369.577818 -377.202545 -388.817079 -406.195543 -431.574766 -467.513324 -516.616976 -581.329624 -663.954545 -9999.0 -9999.0
-9999.0 -9999.0 30.687739 -66.662386 -156.028330 -226.916622 -271.757899 -292.697803 -293.664709 -274.924406 -357.713574 -264.077358 -203.329080 -155.346658 -82.946168 9.901050 -4.299172 -33.015961 -71.095157 -115.283633 -162.868972 -210.158113 -252.389862 -285.827082 -309.914873 -326.118547 -336.594116 -343.214298 -347.315498 -349.790250 -351.195135 -351.844553 -351.884614 -351.329421 -350.069344 -347.844551 -344.185229 -338.237643 -328.361696 -314.829276 -290.988830 -232.008622 -357.825165 -302.592883 -256.192961 -226.286166 -212.156118 -210.620478 -210.464136 -210.449108 -210.448322 -210.448926 -210.449632 -210.450423 -210.452436 -210.467161 -210.608550 -211.991938 -225.147165 -252.081349 -293.658741 -341.494680 -254.144561 -297.131994 -320.777450 -334.481187 -342.698255 -347.717340 -350.812369 -352.732195 -353.926332 -354.669990 -355.133406 -355.422208 -355.602257 -355.714816 -355.785792 -355.831682 -355.863216 -355.887778 -355.911037 -355.938244 -355.975429 -356.030669 -356.115825 -356.249082 -356.458804 -356.789460 -357.310940 -358.132810 -359.426300 -361.457314 -364.634747 -369.577818 -377.202545 -388.817079 -406.195543 -431.574766 -467.513324 -516.616976 -581.329624 -663.954545 -9999.0 -9999.0
-9999.0 -9999.0 30.621997 -66.690096 -156.038467 -226.920023 -271.758978 -292.698141 -293.664811 -274.924434 -357.713579 -264.077361 -203.329082 -155.346658 -82.946168 9.901050 -4.299172 -33.015961 -71.095157 -115.283633 -162.868972 -210.158113 -252.389862 -285.827082 -309.914873 -326.118547 -336.594116 -343.214298 -347.315498 -349.790250 -351.195135 -351.844553 -351.884614 -351.329421 -350.069344 -347.844551 -344.185229 -338.237643 -328.361696 -314.829276 -290.988830 -232.008622 -357.825165 -302.592883 -256.192961 -226.286166 -212.156118 -210.620478 -210.464136 -210.449108 -210.448322 -210.448926 -210.449632 -210.450423 -210.452436 -210.467161 -210.608550 -211.991938 -225.147165 -252.081349 -293.658741 -341.494680 -254.144561 -297.131994 -320.777450 -334.481187 -342.698255 -347.717340 -350.812369 -352.732195 -353.926332 -354.669990 -355.133406 -355.422208 -355.602257 -355.714816 -355.785792 -355.831682 -355.863216 -355.887778 -355.911037 -355.938244 -355.975429 -356.030669 -356.115825 -356.249082 -356.458804 -356.789460 -357.310940 -358.132810 -359.426300 -361.457314 -364.634747 -369.577818 -377.202545 -388.817079 -406.195543 -431.574766 -467.513324 -516.616976 -581.329624 -663.954545 -9999.0 -9999.0
-9999.0 -9999.0 30.406575 -66.741637 -156.052707 -226.924173 -271.760196 -292.698506 -293.664918 -274.924463 -357.713583 -264.077364 -203.329083 -155.346659 -82.946169 9.901050 -4.299172 -33.015961 -71.095157 -115.283633 -162.868972 -210.158113 -252.389862 -285.827082 -309.914873 -326.118547 -336.594116 -343.214298 -347.315498 -349.790250 -351.195135 -351.844553 -351.884614 -351.329421 -350.069344 -347.844551 -344.185229 -338.237643 -328.361696 -314.829276 -290.988830 -232.008623 -357.825165 -302.592883 -256.192961 -226.286166 -212.156118 -210.620478 -210.464136 -210.449108 -210.448322 -210.448926 -210.449632 -210.450423 -210.452436 -210.467161 -210.608550 -211.991938 -225.147165 -252.081349 -293.658741 -341.494680 -254.144561 -297.131994 -320.777450 -334.481187 -342.698255 -347.717340 -350.812369 -352.732195 -353.926332 -354.669990 -355.133406 -355.422208 -355.602257 -355.714816 -355.785792 -355.831682 -355.863216 -355.887778 -355.911037 -355.938244 -355.975429 -356.030669 -356.115825 -356.249082 -356.458804 -356.789460 -357.310940 -358.132810 -359.426300 -361.457314 -364.634747 -369.577818 -377.202545 -388.817079 -406.195543 -431.574766 -467.513324 -516.616976 -581.329624 -663.954545 -9999.0 -9999.0
-9999.0 -9999.0 -9999.0 -9999.0 -9999.0 -9999.0 -9999.0 -9999.0 -9999.0 -9999.0 -9999.0 -9999.0 -9999.0 -9999.0 -9999.0 -9999.0 -9999.0 -9999.0 -9999.0 -9999.0 -9999.0 -9999.0 -9999.0 -9999.0 -9999.0 -9999.0 -9999.0 -9999.0 -9999.0 -9999.0 -9999.0 -9999.0 -9999.0 -9999.0 -9999.0 -9999.0 -9999.0 -9999.0 -9999.0 -9999.0 -9999.0 -9999.0 -9999.0 -9999.0 -9999.0 -9999.0 -9999.0 -9999.0 -9999.0 -9999.0 -9999.0 -9999.0 -9999.0 -9999.0 -9999.0 -9999.0 -9999.0 -9999.0 -9999.0 -9999.0 -9999.0 -9999.0 -9999.0 -9999.0 -9999.0 -9999.0 -9999.0 -9999.0 -9999.0 -9999.0 -9999.0 -9999.0 -9999.0 -9999.0 -9999.0 -9999.0 -9999.0 -9999.0 -9999.0 -9999.0 -9999.0 -9999.0 -9999.0 -9999.0 -9999.0 -9999.0 -9999.0 -9999.0 -9999.0 -9999.0 -9999.0 -9999.0 -9999.0 -9999.0 -9999.0 -9999.0 -9999.0 -9999.0 -9999.0 -9999.0 -9999.0 -9999.0 -9999.0 -9999.0
-9999.0 -9999.0 -9999.0 -9999.0 -9999.0 -9999.0 -9999.0 -9999.0 -9999.0 -9999.0 -9999.0 -9999.0 -9999.0 -9999.0 -9999.0 -9999.0 -9999.0 -9999.0 -9999.0 -9999.0 -9999.0 -9999.0 -9999.0 -9999.0 -9999.0 -9999.0 -9999.0 -9999.0 -9999.0 -9999.0 -9999.0 -9999.0 -9999.0 -9999.0 -9999.0 -9999.0 -9999.0 -9999.0 -9999.0 -9999.0 -9999.0 -9999.0 -9999.0 -9999.0 -9999.0 -9999.0 -9999.0 -9999.0 -9999.0 -9999.0 -9999.0 -9999.0 -9999.0 -9999.0 -9999.0 -9999.0 -9999.0 -9999.0 -9999.0 -9999.0 -9999.0 -9999.0 -9999.0 -9999.0 -9999.0 -9999.0 -9999.0 -9999.0 -9999.0 -9999.0 -9999.0 -9999.0 -9999.0 -9999.0 -9999.0 -9999.0 -9999.0 -9999.0 -9999.0 -9999.0 -9999.0 -9999.0 -9999.0 -9999.0 -9999.0 -9999.0 -9999.0 -9999.0 -9999.0 -9999.0 -9999.0 -9999.0 -9999.0 -9999.0 -9999.0 -9999.0 -9999.0 -9999.0 -9999.0 -9999.0 -9999.0 -9999.0 -9999.0 -9999.0