tests/3D/superslab/out/maps3D/PwL0066N0002.asc
ncols         104
nrows         10
xllcorner     -2.000000
yllcorner     0.000000
cellsize      1.000000
NODATA_value  -9999.0
-9999.0 -9999.0 -9999.0 -9999.0 -9999.0 -9999.0 -9999.0 -9999.0 -9999.0 -9999.0 -9999.0 -9999.0 -9999.0 -9999.0 -9999.0 -9999.0 -9999.0 -9999.0 -9999.0 -9999.0 -9999.0 -9999.0 -9999.0 -9999.0 -9999.0 -9999.0 -9999.0 -9999.0 -9999.0 -9999.0 -9999.0 -9999.0 -9999.0 -9999.0 -9999.0 -9999.0 -9999.0 -9999.0 -9999.0 -9999.0 -9999.0 -9999.0 -9999.0 -9999.0 -9999.0 -9999.0 -9999.0 -9999.0 -9999.0 -9999.0 -9999.0 -9999.0 -9999.0 -9999.0 -9999.0 -9999.0 -9999.0 -9999.0 -9999.0 -9999.0 -9999.0 -9999.0 -9999.0 -9999.0 -9999.0 -9999.0 -9999.0 -9999.0 -9999.0 -9999.0 -9999.0 -9999.0 -9999.0 -9999.0 -9999.0 -9999.0 -9999.0 -9999.0 -9999.0 -9999.0 -9999.0 -9999.0 -9999.0 -9999.0 -9999.0 -9999.0 -9999.0 -9999.0 -9999.0 -9999.0 -9999.0 -9999.0 -9999.0 -9999.0 -9999.0 -9999.0 -9999.0 -9999.0 -9999.0 -9999.0 -9999.0 -9999.0 -9999.0 -9999.0
-9999.0 -9999.0 -9999.0 -9999.0 -9999.0 -9999.0 -9999.0 -9999.0 -9999.0 -9999.0 -9999.0 -9999.0 -9999.0 -9999.0 -9999.0 -9999.0 -9999.0 -9999.0 -9999.0 -9999.0 -9999.0 -9999.0 -9999.0 -9999.0 -9999.0 -9999.0 -9999.0 -9999.0 -9999.0 -9999.0 -9999.0 -9999.0 -9999.0 -9999.0 -9999.0 -9999.0 -9999.0 -9999.0 -9999.0 -9999.0 -9999.0 -9999.0 -9999.0 -9999.0 -9999.0 -9999.0 -9999.0 -9999.0 -9999.0 -9999.0 -9999.0 -9999.0 -9999.0 -9999.0 -9999.0 -9999.0 -9999.0 -9999.0 -9999.0 -9999.0 -9999.0 -9999.0 -9999.0 -9999.0 -9999.0 -9999.0 -9999.0 -9999.0 -9999.0 -9999.0 -9999.0 -9999.0 -9999.0 -9999.0 -9999.0 -9999.0 -9999.0 -9999.0 -9999.0 -9999.0 -9999.0 -9999.0 -9999.0 -9999.0 -9999.0 -9999.0 -9999.0 -9999.0 -9999.0 -9999.0 -9999.0 -9999.0 -9999.0 -9999.0 -9999.0 -9999.0 -9999.0 -9999.0 -9999.0 -9999.0 -9999.0 -9999.0 -9999.0 -9999.0
-9999.0 -9999.0 -1706.446273 -1707.885862 -1707.913088 -1707.918325 -1707.919982 -1707.920524 -1707.920703 -1707.920762 -1707.920782 -1707.920789 -1707.920791 -1707.920792 -1707.920792 -1707.920792 -1707.920792 -1707.920792 -1707.920792 -1707.920792 -1707.920792 -1707.920792 -1707.920792 -1707.920792 -1707.920792 -1707.920792 -1707.920792 -1707.920792 -1707.920792 -1707.920792 -1707.920792 -1707.920792 -1707.920792 -1707.920792 -1707.920792 -1707.920792 -1707.920784 -1707.920652 -1707.919057 -1707.905742 -1707.830280 -1707.543228 -1707.255897 -1707.753146 -1707.873314 -1708.006423 -1708.210701 -1708.070411 -1707.989967 -1707.950657 -1707.933480 -1707.931048 -1707.921014 -1707.920795 -1707.920792 -1707.920792 -1707.920792 -1707.920792 -1707.920792 -1707.920792 -1707.920792 -1707.920792 -1707.920792 -1707.920792 -1707.920792 -1707.920792 -1707.920792 -1707.920792 -1707.920792 -1707.920792 -1707.920792 -1707.920792 -1707.920792 -1707.920792 -1707.920792 -1707.920792 -1707.920792 -1707.920792 -1707.920792 -1707.920792 -1707.920792 -1707.920792 -1707.920792 -1707.920793 -1707.920793 -1707.920794 -1707.920795 -1707.920797 -1707.920800 -1707.920805 -1707.920813 -1707.920827 -1707.920850 -1707.920885 -1707.920942 -1707.921032 -1707.921173 -1707.921397 -1707.921754 -1707.922420 -1707.936187 -1709.307357 -9999.0 -9999.0
-9999.0 -9999.0 -1706.446273 -1707.885862 -1707.913088 -1707.918325 -1707.919982 -1707.920524 -1707.920703 -1707.920762 -1707.920782 -1707.920789 -1707.920791 -1707.920792 -1707.920792 -1707.920792 -1707.920792 -1707.920792 -1707.920792 -1707.920792 -1707.920792 -1707.920792 -1707.920792 -1707.920792 -1707.920792 -1707.920792 -1707.920792 -1707.920792 -1707.920792 -1707.920792 -1707.920792 -1707.920792 -1707.920792 -1707.920792 -1707.920792 -1707.920792 -1707.920784 -1707.920652 -1707.919057 -1707.905742 -1707.830280 -1707.543228 -1707.255897 -1707.753146 -1707.873314 -1708.006423 -1708.210701 -1708.070411 -1707.989967 -1707.950657 -1707.933480 -1707.931048 -1707.921014 -1707.920795 -1707.920792 -1707.920792 -1707.920792 -1707.920792 -1707.920792 -1707.920792 -1707.920792 -1707.920792 -1707.920792 -1707.920792 -1707.920792 -1707.920792 -1707.920792 -1707.920792 -1707.920792 -1707.920792 -1707.920792 -1707.920792 -1707.920792 -1707.920792 -1707.920792 -1707.920792 -1707.920792 -1707.920792 -1707.920792 -1707.920792 -1707.920792 -1707.920792 -1707.920792 -1707.920793 -1707.920793 -1707.920794 -1707.920795 -1707.920797 -1707.920800 -1707.920805 -1707.920813 -1707.920827 -1707.920850 -1707.920885 -1707.920942 -1707.921032 -1707.921173 -1707.921397 -1707.921754 -1707.922420 -1707.936187 -1709.307357 -9999.0 -9999.0
-9999.0 -9999.0 -1706.446273 -1707.885862 -1707.913088 -1707.918325 -1707.919982 -1707.920524 -1707.920703 -1707.920762 -1707.920782 -1707.920789 -1707.920791 -1707.920792 -1707.920792 -1707.920792 -1707.920792 -1707.920792 -1707.920792 -1707.920792 -1707.920792 -1707.920792 -1707.920792 -1707.920792 -1707.920792 -1707.920792 -1707.920792 -1707.920792 -1707.920792 -1707.920792 -1707.920792 -1707.920792 -1707.920792 -1707.920792 -1707.920792 -1707.920792 -1707.920784 -1707.920652 -1707.919057 -1707.905742 -1707.830280 -1707.543228 -1707.255897 -1707.753146 -1707.873314 -1708.006423 -1708.210701 -1708.070411 -1707.989967 -1707.950657 -1707.933480 -1707.931048 -1707.921014 -1707.920795 -1707.920792 -1707.920792 -1707.920792 -1707.920792 -1707.920792 -1707.920792 -1707.920792 -1707.920792 -1707.920792 -1707.920792 -1707.920792 -1707.920792 -1707.920792 -1707.920792 -1707.920792 -1707.920792 -1707.920792 -1707.920792 -1707.920792 -1707.920792 -1707.920792 -1707.920792 -1707.920792 -1707.920792 -1707.920792 -1707.920792 -1707.920792 -1707.920792 -1707.920792 -1707.920793 -1707.920793 -1707.920794 -1707.920795 -1707.920797 -1707.920800 -1707.920805 -1707.920813 -1707.920827 -1707.920850 -1707.920885 -1707.920942 -1707.921032 -1707.921173 -1707.921397 -1707.921754 -1707.922420 -1707.936187 -1709.307357 -9999.0 -9999.0
-9999.0 -9999.0 -1706.446273 -1707.885862 -1707.913088 -1707.918325 -1707.919982 -1707.920524 -1707.920703 -1707.920762 -1707.920782 -1707.920789 -1707.920791 -1707.920792 -1707.920792 -1707.920792 -1707.920792 -1707.920792 -1707.920792 -1707.920792 -1707.920792 -1707.920792 -1707.920792 -1707.920792 -1707.920792 -1707.920792 -1707.920792 -1707.920792 -1707.920792 -1707.920792 -1707.920792 -1707.920792 -1707.920792 -1707.920792 -1707.920792 -1707.920792 -1707.920784 -1707.920652 -1707.919057 -1707.905742 -1707.830280 -1707.543228 -1707.255897 -1707.753146 -1707.873314 -1708.006423 -1708.210701 -1708.070411 -1707.989967 -1707.950657 -1707.933480 -1707.931048 -1707.921014 -1707.920795 -1707.920792 -1707.920792 -1707.920792 -1707.920792 -1707.920792 -1707.920792 -1707.920792 -1707.920792 -1707.920792 -1707.920792 -1707.920792 -1707.920792 -1707.920792 -1707.920792 -1707.920792 -1707.920792 -1707.920792 -1707.920792 -1707.920792 -1707.920792 -1707.920792 -1707.920792 -1707.920792 -1707.920792 -1707.920792 -1707.920792 -1707.920792 -1707.920792 -1707.920792 -1707.920793 -1707.920793 -1707.920794 -1707.920795 -1707.920797 -1707.920800 -1707.920805 -1707.920813 -1707.920827 -1707.920850 -1707.920885 -1707.920942 -1707.921032 -1707.921173 -1707.921397 -1707.921754 -1707.922420 -1707.936187 -1709.307357 -9999.0 -9999.0
-9999.0 -9999.0 -1706.446273 -1707.885862 -1707.913088 -1707.918325 -1707.919982 -1707.920524 -1707.920703 -1707.920762 -1707.920782 -1707.920789 -1707.920791 -1707.920792 -1707.920792 -1707.920792 -1707.920792 -1707.920792 -1707.920792 -1707.920792 -1707.920792 -1707.920792 -1707.920792 -1707.920792 -1707.920792 -1707.920792 -1707.920792 -1707.920792 -1707.920792 -1707.920792 -1707.920792 -1707.920792 -1707.920792 -1707.920792 -1707.920792 -1707.920792 -1707.920784 -1707.920652 -1707.919057 -1707.905742 -1707.830280 -1707.543228 -1707.255897 -1707.753146 -1707.873314 -1708.006423 -1708.210701 -1708.070411 -1707.989967 -1707.950657 -1707.933480 -1707.931048 -1707.921014 -1707.920795 -1707.920792 -1707.920792 -1707.920792 -1707.920792 -1707.920792 -1707.920792 -1707.920792 -1707.920792 -1707.920792 -1707.920792 -1707.920792 -1707.920792 -1707.920792 -1707.920792 -1707.920792 -1707.920792 -1707.920792 -1707.920792 -1707.920792 -1707.920792 -1707.920792 -1707.920792 -1707.920792 -1707.920792 -1707.920792 -1707.920792 -1707.920792 -1707.920792 -1707.920792 -1707.920793 -1707.920793 -1707.920794 -1707.920795 -1707.920797 -1707.920800 -1707.920805 -1707.920813 -1707.920827 -1707.920850 -1707.920885 -1707.920942 -1707.921032 -1707.921173 -1707.921397 -1707.921754 -1707.922420 -1707.936187 -1709.307357 -9999.0 -9999.0
-9999.0 -9999.0 -1706.446273 -1707.885862 -1707.913088 -1707.918325 -1707.919982 -1707.920524 -1707.920703 -1707.920762 -1707.920782 -1707.920789 -1707.920791 -1707.920792 -1707.920792 -1707.920792 -1707.920792 -1707.920792 -1707.920792 -1707.920792 -1707.920792 -1707.920792 -1707.920792 -1707.920792 -1707.920792 -1707.920792 -1707.920792 -1707.920792 -1707.920792 -1707.920792 -1707.920792 -1707.920792 -1707.920792 -1707.920792 -1707.920792 -1707.920792 -1707.920784 -1707.920652 -1707.919057 -1707.905742 -1707.830280 -1707.543228 -1707.255897 -1707.753146 -1707.873314 -1708.006423 -1708.210701 -1708.070411 -1707.989967 -1707.950657 -1707.933480 -1707.931048 -1707.921014 -1707.920795 -1707.920792 -1707.920792 -1707.920792 -1707.920792 -1707.920792 -1707.920792 -1707.920792 -1707.920792 -1707.920792 -1707.920792 -1707.920792 -1707.920792 -1707.920792 -1707.920792 -1707.920792 -1707.920792 -1707.920792 -1707.920792 -1707.920792 -1707.920792 -1707.920792 -1707.920792 -1707.920792 -1707.920792 -1707.920792 -1707.920792 -1707.920792 -1707.920792 -1707.920792 -1707.920793 -1707.920793 -1707.920794 -1707.920795 -1707.920797 -1707.920800 -1707.920805 -1707.920813 -1707.920827 -1707.920850 -1707.920885 -1707.920942 -1707.921032 -1707.921173 -1707.921397 -1707.921754 -1707.922420 -1707.936187 -1709.307357 -9999.0 -9999.0
-9999.0 -9999.0 -9999.0 -9999.0 -9999.0 -9999.0 -9999.0 -9999.0 -9999.0 -9999.0 -9999.0 -9999.0 -9999.0 -9999.0 -9999.0 -9999.0 -9999.0 -9999.0 -9999.0 -9999.0 -9999.0 -9999.0 -9999.0 -9999.0 -9999.0 -9999.0 -9999.0 -9999.0 -9999.0 -9999.0 -9999.0 -9999.0 -9999.0 -9999.0 -9999.0 -9999.0 -9999.0 -9999.0 -9999.0 -9999.0 -9999.0 -9999.0 -9999.0 -9999.0 -9999.0 -9999.0 -9999.0 -9999.0 -9999.0 -9999.0 -9999.0 -9999.0 -9999.0 -9999.0 -9999.0 -9999.0 -9999.0 -9999.0 -9999.0 -9999.0 -9999.0 -9999.0 -9999.0 -9999.0 -9999.0 -9999.0 -9999.0 -9999.0 -9999.0 -9999.0 -9999.0 -9999.0 -9999.0 -9999.0 -9999.0 -9999.0 -9999.0 -9999.0 -9999.0 -9999.0 -9999.0 -9999.0 -9999.0 -9999.0 -9999.0 -9999.0 -9999.0 -9999.0 -9999.0 -9999.0 -9999.0 -9999.0 -9999.0 -9999.0 -9999.0 -9999.0 -9999.0 -9999.0 -9999.0 -9999.0 -9999.0 -9999.0 -9999.0 -9999.0
-9999.0 -9999.0 -9999.0 -9999.0 -9999.0 -9999.0 -9999.0 -9999.0 -9999.0 -9999.0 -9999.0 -9999.0 -9999.0 -9999.0 -9999.0 -9999.0 -9999.0 -9999.0 -9999.0 -9999.0 -9999.0 -9999.0 -9999.0 -9999.0 -9999.0 -9999.0 -9999.0 -9999.0 -9999.0 -9999.0 -9999.0 -9999.0 -9999.0 -9999.0 -9999.0 -9999.0 -9999.0 -9999.0 -9999.0 -9999.0 -9999.0 -9999.0 -9999.0 -9999.0 -9999.0 -9999.0 -9999.0 -9999.0 -9999.0 -9999.0 -9999.0 -9999.0 -9999.0 -9999.0 -9999.0 -9999.0 -9999.0 -9999.0 -9999.0 -9999.0 -9999.0 -9999.0 -9999.0 -9999.0 -9999.0 -9999.0 -9999.0 -9999.0 -9999.0 -9999.0 -9999.0 -9999.0 -9999.0 -9999.0 -9999.0 -9999.0 -9999.0 -9999.0 -9999.0 -9999.0 -9999.0 -9999.0 -9999.0 -9999.0 -9999.0 -9999.0 -9999.0 -9999.0 -9999.0 -9999.0 -9999.0 -9999.0 -9999.0 -9999.0 -9999.0 -9999.0 -9999.0 -9999.0 -9999.0 -9999.0 -9999.0 -9999.0 -9999.0 -9999.0