tests/3D/superslab/out/maps3D/PwL0091N0005.asc
ncols         104
nrows         10
xllcorner     -2.000000
yllcorner     0.000000
cellsize      1.000000
NODATA_value  -9999.0
-9999.0 -9999.0 -9999.0 -9999.0 -9999.0 -9999.0 -9999.0 -9999.0 -9999.0 -9999.0 -9999.0 -9999.0 -9999.0 -9999.0 -9999.0 -9999.0 -9999.0 -9999.0 -9999.0 -9999.0 -9999.0 -9999.0 -9999.0 -9999.0 -9999.0 -9999.0 -9999.0 -9999.0 -9999.0 -9999.0 -9999.0 -9999.0 -9999.0 -9999.0 -9999.0 -9999.0 -9999.0 -9999.0 -9999.0 -9999.0 -9999.0 -9999.0 -9999.0 -9999.0 -9999.0 -9999.0 -9999.0 -9999.0 -9999.0 -9999.0 -9999.0 -9999.0 -9999.0 -9999.0 -9999.0 -9999.0 -9999.0 -9999.0 -9999.0 -9999.0 -9999.0 -9999.0 -9999.0 -9999.0 -9999.0 -9999.0 -9999.0 -9999.0 -9999.0 -9999.0 -9999.0 -9999.0 -9999.0 -9999.0 -9999.0 -9999.0 -9999.0 -9999.0 -9999.0 -9999.0 -9999.0 -9999.0 -9999.0 -9999.0 -9999.0 -9999.0 -9999.0 -9999.0 -9999.0 -9999.0 -9999.0 -9999.0 -9999.0 -9999.0 -9999.0 -9999.0 -9999.0 -9999.0 -9999.0 -9999.0 -9999.0 -9999.0 -9999.0 -9999.0
-9999.0 -9999.0 -9999.0 -9999.0 -9999.0 -9999.0 -9999.0 -9999.0 -9999.0 -9999.0 -9999.0 -9999.0 -9999.0 -9999.0 -9999.0 -9999.0 -9999.0 -9999.0 -9999.0 -9999.0 -9999.0 -9999.0 -9999.0 -9999.0 -9999.0 -9999.0 -9999.0 -9999.0 -9999.0 -9999.0 -9999.0 -9999.0 -9999.0 -9999.0 -9999.0 -9999.0 -9999.0 -9999.0 -9999.0 -9999.0 -9999.0 -9999.0 -9999.0 -9999.0 -9999.0 -9999.0 -9999.0 -9999.0 -9999.0 -9999.0 -9999.0 -9999.0 -9999.0 -9999.0 -9999.0 -9999.0 -9999.0 -9999.0 -9999.0 -9999.0 -9999.0 -9999.0 -9999.0 -9999.0 -9999.0 -9999.0 -9999.0 -9999.0 -9999.0 -9999.0 -9999.0 -9999.0 -9999.0 -9999.0 -9999.0 -9999.0 -9999.0 -9999.0 -9999.0 -9999.0 -9999.0 -9999.0 -9999.0 -9999.0 -9999.0 -9999.0 -9999.0 -9999.0 -9999.0 -9999.0 -9999.0 -9999.0 -9999.0 -9999.0 -9999.0 -9999.0 -9999.0 -9999.0 -9999.0 -9999.0 -9999.0 -9999.0 -9999.0 -9999.0
-9999.0 -9999.0 98.281811 0.288516 -94.925301 -186.229489 -271.418771 -346.501869 -404.276846 -440.911487 -458.509893 -465.737810 -468.558227 -469.637390 -470.047107 -470.202128 -470.260651 -470.282678 -470.290913 -470.293941 -470.295004 -470.295329 -470.295383 -470.295345 -470.295288 -470.295246 -470.295242 -470.295283 -470.295378 -470.295582 -470.295923 -470.296458 -470.297266 -470.298455 -470.300175 -470.302628 -470.306090 -470.310925 -470.317607 -470.326750 -470.339128 -470.355697 -470.377588 -470.406065 -470.442452 -470.488060 -470.544178 -470.612132 -470.693443 -470.792068 -470.940404 -471.370241 -471.386759 -471.610614 -471.890222 -472.216842 -472.592907 -473.021781 -473.506901 -474.051589 -474.658980 -475.331992 -476.073328 -476.885483 -477.770769 -478.731352 -479.769289 -480.886571 -482.085179 -483.367133 -484.734549 -486.189703 -487.735090 -489.373496 -491.108069 -492.942402 -494.880622 -496.927493 -499.088534 -501.370158 -503.779841 -506.326322 -509.019850 -511.872496 -514.898542 -518.114984 -521.542180 -525.204714 -529.132542 -533.362574 -537.940867 -542.925773 -548.392546 -554.440336 -561.203191 -568.868170 -577.706897 -588.134589 -600.831593 -617.031825 -639.390710 -675.877290 -9999.0 -9999.0
-9999.0 -9999.0 98.281811 0.288516 -94.925301 -186.229489 -271.418771 -346.501869 -404.276846 -440.911487 -458.509893 -465.737810 -468.558227 -469.637390 -470.047107 -470.202128 -470.260651 -470.282678 -470.290913 -470.293941 -470.295004 -470.295329 -470.295383 -470.295345 -470.295288 -470.295246 -470.295242 -470.295283 -470.295378 -470.295582 -470.295923 -470.296458 -470.297266 -470.298455 -470.300175 -470.302628 -470.306090 -470.310925 -470.317607 -470.326750 -470.339128 -470.355697 -470.377588 -470.406065 -470.442452 -470.488060 -470.544178 -470.612132 -470.693443 -470.792068 -470.940404 -471.370241 -471.386759 -471.610614 -471.890222 -472.216842 -472.592907 -473.021781 -473.506901 -474.051589 -474.658980 -475.331992 -476.073328 -476.885483 -477.770769 -478.731352 -479.769289 -480.886571 -482.085179 -483.367133 -484.734549 -486.189703 -487.735090 -489.373496 -491.108069 -492.942402 -494.880622 -496.927493 -499.088534 -501.370158 -503.779841 -506.326322 -509.019850 -511.872496 -514.898542 -518.114984 -521.542180 -525.204714 -529.132542 -533.362574 -537.940867 -542.925773 -548.392546 -554.440336 -561.203191 -568.868170 -577.706897 -588.134589 -600.831593 -617.031825 -639.390710 -675.877290 -9999.0 -9999.0
-9999.0 -9999.0 98.281811 0.288516 -94.925301 -186.229489 -271.418771 -346.501869 -404.276846 -440.911487 -458.509893 -465.737810 -468.558227 -469.637390 -470.047107 -470.202128 -470.260651 -470.282678 -470.290913 -470.293941 -470.295004 -470.295329 -470.295383 -470.295345 -470.295288 -470.295246 -470.295242 -470.295283 -470.295378 -470.295582 -470.295923 -470.296458 -470.297266 -470.298455 -470.300175 -470.302628 -470.306090 -470.310925 -470.317607 -470.326750 -470.339128 -470.355697 -470.377588 -470.406065 -470.442452 -470.488060 -470.544178 -470.612132 -470.693443 -470.792068 -470.940404 -471.370241 -471.386759 -471.610614 -471.890222 -472.216842 -472.592907 -473.021781 -473.506901 -474.051589 -474.658980 -475.331992 -476.073328 -476.885483 -477.770769 -478.731352 -479.769289 -480.886571 -482.085179 -483.367133 -484.734549 -486.189703 -487.735090 -489.373496 -491.108069 -492.942402 -494.880622 -496.927493 -499.088534 -501.370158 -503.779841 -506.326322 -509.019850 -511.872496 -514.898542 -518.114984 -521.542180 -525.204714 -529.132542 -533.362574 -537.940867 -542.925773 -548.392546 -554.440336 -561.203191 -568.868170 -577.706897 -588.134589 -600.831593 -617.031825 -639.390710 -675.877290 -9999.0 -9999.0
-9999.0 -9999.0 98.281811 0.288516 -94.925301 -186.229489 -271.418771 -346.501869 -404.276846 -440.911487 -458.509893 -465.737810 -468.558227 -469.637390 -470.047107 -470.202128 -470.260651 -470.282678 -470.290913 -470.293941 -470.295004 -470.295329 -470.295383 -470.295345 -470.295288 -470.295246 -470.295242 -470.295283 -470.295378 -470.295582 -470.295923 -470.296458 -470.297266 -470.298455 -470.300175 -470.302628 -470.306090 -470.310925 -470.317607 -470.326750 -470.339128 -470.355697 -470.377588 -470.406065 -470.442452 -470.488060 -470.544178 -470.612132 -470.693443 -470.792068 -470.940404 -471.370241 -471.386759 -471.610614 -471.890222 -472.216842 -472.592907 -473.021781 -473.506901 -474.051589 -474.658980 -475.331992 -476.073328 -476.885483 -477.770769 -478.731352 -479.769289 -480.886571 -482.085179 -483.367133 -484.734549 -486.189703 -487.735090 -489.373496 -491.108069 -492.942402 -494.880622 -496.927493 -499.088534 -501.370158 -503.779841 -506.326322 -509.019850 -511.872496 -514.898542 -518.114984 -521.542180 -525.204714 -529.132542 -533.362574 -537.940867 -542.925773 -548.392546 -554.440336 -561.203191 -568.868170 -577.706897 -588.134589 -600.831593 -617.031825 -639.390710 -675.877290 -9999.0 -9999.0
-9999.0 -9999.0 98.281811 0.288516 -94.925301 -186.229489 -271.418771 -346.501869 -404.276846 -440.911487 -458.509893 -465.737810 -468.558227 -469.637390 -470.047107 -470.202128 -470.260651 -470.282678 -470.290913 -470.293941 -470.295004 -470.295329 -470.295383 -470.295345 -470.295288 -470.295246 -470.295242 -470.295283 -470.295378 -470.295582 -470.295923 -470.296458 -470.297266 -470.298455 -470.300175 -470.302628 -470.306090 -470.310925 -470.317607 -470.326750 -470.339128 -470.355697 -470.377588 -470.406065 -470.442452 -470.488060 -470.544178 -470.612132 -470.693443 -470.792068 -470.940404 -471.370241 -471.386759 -471.610614 -471.890222 -472.216842 -472.592907 -473.021781 -473.506901 -474.051589 -474.658980 -475.331992 -476.073328 -476.885483 -477.770769 -478.731352 -479.769289 -480.886571 -482.085179 -483.367133 -484.734549 -486.189703 -487.735090 -489.373496 -491.108069 -492.942402 -494.880622 -496.927493 -499.088534 -501.370158 -503.779841 -506.326322 -509.019850 -511.872496 -514.898542 -518.114984 -521.542180 -525.204714 -529.132542 -533.362574 -537.940867 -542.925773 -548.392546 -554.440336 -561.203191 -568.868170 -577.706897 -588.134589 -600.831593 -617.031825 -639.390710 -675.877290 -9999.0 -9999.0
-9999.0 -9999.0 98.281811 0.288516 -94.925301 -186.229489 -271.418771 -346.501869 -404.276846 -440.911487 -458.509893 -465.737810 -468.558227 -469.637390 -470.047107 -470.202128 -470.260651 -470.282678 -470.290913 -470.293941 -470.295004 -470.295329 -470.295383 -470.295345 -470.295288 -470.295246 -470.295242 -470.295283 -470.295378 -470.295582 -470.295923 -470.296458 -470.297266 -470.298455 -470.300175 -470.302628 -470.306090 -470.310925 -470.317607 -470.326750 -470.339128 -470.355697 -470.377588 -470.406065 -470.442452 -470.488060 -470.544178 -470.612132 -470.693443 -470.792068 -470.940404 -471.370241 -471.386759 -471.610614 -471.890222 -472.216842 -472.592907 -473.021781 -473.506901 -474.051589 -474.658980 -475.331992 -476.073328 -476.885483 -477.770769 -478.731352 -479.769289 -480.886571 -482.085179 -483.367133 -484.734549 -486.189703 -487.735090 -489.373496 -491.108069 -492.942402 -494.880622 -496.927493 -499.088534 -501.370158 -503.779841 -506.326322 -509.019850 -511.872496 -514.898542 -518.114984 -521.542180 -525.204714 -529.132542 -533.362574 -537.940867 -542.925773 -548.392546 -554.440336 -561.203191 -568.868170 -577.706897 -588.134589 -600.831593 -617.031825 -639.390710 -675.877290 -9999.0 -9999.0
-9999.0 -9999.0 -9999.0 -9999.0 -9999.0 -9999.0 -9999.0 -9999.0 -9999.0 -9999.0 -9999.0 -9999.0 -9999.0 -9999.0 -9999.0 -9999.0 -9999.0 -9999.0 -9999.0 -9999.0 -9999.0 -9999.0 -9999.0 -9999.0 -9999.0 -9999.0 -9999.0 -9999.0 -9999.0 -9999.0 -9999.0 -9999.0 -9999.0 -9999.0 -9999.0 -9999.0 -9999.0 -9999.0 -9999.0 -9999.0 -9999.0 -9999.0 -9999.0 -9999.0 -9999.0 -9999.0 -9999.0 -9999.0 -9999.0 -9999.0 -9999.0 -9999.0 -9999.0 -9999.0 -9999.0 -9999.0 -9999.0 -9999.0 -9999.0 -9999.0 -9999.0 -9999.0 -9999.0 -9999.0 -9999.0 -9999.0 -9999.0 -9999.0 -9999.0 -9999.0 -9999.0 -9999.0 -9999.0 -9999.0 -9999.0 -9999.0 -9999.0 -9999.0 -9999.0 -9999.0 -9999.0 -9999.0 -9999.0 -9999.0 -9999.0 -9999.0 -9999.0 -9999.0 -9999.0 -9999.0 -9999.0 -9999.0 -9999.0 -9999.0 -9999.0 -9999.0 -9999.0 -9999.0 -9999.0 -9999.0 -9999.0 -9999.0 -9999.0 -9999.0
-9999.0 -9999.0 -9999.0 -9999.0 -9999.0 -9999.0 -9999.0 -9999.0 -9999.0 -9999.0 -9999.0 -9999.0 -9999.0 -9999.0 -9999.0 -9999.0 -9999.0 -9999.0 -9999.0 -9999.0 -9999.0 -9999.0 -9999.0 -9999.0 -9999.0 -9999.0 -9999.0 -9999.0 -9999.0 -9999.0 -9999.0 -9999.0 -9999.0 -9999.0 -9999.0 -9999.0 -9999.0 -9999.0 -9999.0 -9999.0 -9999.0 -9999.0 -9999.0 -9999.0 -9999.0 -9999.0 -9999.0 -9999.0 -9999.0 -9999.0 -9999.0 -9999.0 -9999.0 -9999.0 -9999.0 -9999.0 -9999.0 -9999.0 -9999.0 -9999.0 -9999.0 -9999.0 -9999.0 -9999.0 -9999.0 -9999.0 -9999.0 -9999.0 -9999.0 -9999.0 -9999.0 -9999.0 -9999.0 -9999.0 -9999.0 -9999.0 -9999.0 -9999.0 -9999.0 -9999.0 -9999.0 -9999.0 -9999.0 -9999.0 -9999.0 -9999.0 -9999.0 -9999.0 -9999.0 -9999.0 -9999.0 -9999.0 -9999.0 -9999.0 -9999.0 -9999.0 -9999.0 -9999.0 -9999.0 -9999.0 -9999.0 -9999.0 -9999.0 -9999.0