tests/3D/superslab/out/maps3D/PwL0008N0005.asc
ncols         104
nrows         10
xllcorner     -2.000000
yllcorner     0.000000
cellsize      1.000000
NODATA_value  -9999.0
-9999.0 -9999.0 -9999.0 -9999.0 -9999.0 -9999.0 -9999.0 -9999.0 -9999.0 -9999.0 -9999.0 -9999.0 -9999.0 -9999.0 -9999.0 -9999.0 -9999.0 -9999.0 -9999.0 -9999.0 -9999.0 -9999.0 -9999.0 -9999.0 -9999.0 -9999.0 -9999.0 -9999.0 -9999.0 -9999.0 -9999.0 -9999.0 -9999.0 -9999.0 -9999.0 -9999.0 -9999.0 -9999.0 -9999.0 -9999.0 -9999.0 -9999.0 -9999.0 -9999.0 -9999.0 -9999.0 -9999.0 -9999.0 -9999.0 -9999.0 -9999.0 -9999.0 -9999.0 -9999.0 -9999.0 -9999.0 -9999.0 -9999.0 -9999.0 -9999.0 -9999.0 -9999.0 -9999.0 -9999.0 -9999.0 -9999.0 -9999.0 -9999.0 -9999.0 -9999.0 -9999.0 -9999.0 -9999.0 -9999.0 -9999.0 -9999.0 -9999.0 -9999.0 -9999.0 -9999.0 -9999.0 -9999.0 -9999.0 -9999.0 -9999.0 -9999.0 -9999.0 -9999.0 -9999.0 -9999.0 -9999.0 -9999.0 -9999.0 -9999.0 -9999.0 -9999.0 -9999.0 -9999.0 -9999.0 -9999.0 -9999.0 -9999.0 -9999.0 -9999.0
-9999.0 -9999.0 -9999.0 -9999.0 -9999.0 -9999.0 -9999.0 -9999.0 -9999.0 -9999.0 -9999.0 -9999.0 -9999.0 -9999.0 -9999.0 -9999.0 -9999.0 -9999.0 -9999.0 -9999.0 -9999.0 -9999.0 -9999.0 -9999.0 -9999.0 -9999.0 -9999.0 -9999.0 -9999.0 -9999.0 -9999.0 -9999.0 -9999.0 -9999.0 -9999.0 -9999.0 -9999.0 -9999.0 -9999.0 -9999.0 -9999.0 -9999.0 -9999.0 -9999.0 -9999.0 -9999.0 -9999.0 -9999.0 -9999.0 -9999.0 -9999.0 -9999.0 -9999.0 -9999.0 -9999.0 -9999.0 -9999.0 -9999.0 -9999.0 -9999.0 -9999.0 -9999.0 -9999.0 -9999.0 -9999.0 -9999.0 -9999.0 -9999.0 -9999.0 -9999.0 -9999.0 -9999.0 -9999.0 -9999.0 -9999.0 -9999.0 -9999.0 -9999.0 -9999.0 -9999.0 -9999.0 -9999.0 -9999.0 -9999.0 -9999.0 -9999.0 -9999.0 -9999.0 -9999.0 -9999.0 -9999.0 -9999.0 -9999.0 -9999.0 -9999.0 -9999.0 -9999.0 -9999.0 -9999.0 -9999.0 -9999.0 -9999.0 -9999.0 -9999.0
-9999.0 -9999.0 324.856831 226.236132 127.498842 26.798249 -74.164004 -167.724502 -236.693137 -262.233574 -339.715397 -370.317330 -384.295755 -391.448708 -290.285125 -156.278222 -11.417657 154.566071 225.087203 179.057783 126.457586 66.900611 0.256281 -71.571222 -145.130882 -213.488324 -268.665813 -306.432487 -328.869518 -341.021327 -347.262852 -350.321522 -351.672584 -352.012479 -351.568803 -350.295398 -347.946190 -344.001698 -331.861372 -300.604048 -338.239397 -347.954048 -2778.947573 -4578.874245 -4578.849262 -4578.450199 -4578.106944 -4578.058066 -4578.052728 -4578.052213 -4578.052185 -4578.052206 -4578.052230 -4578.052254 -4578.052289 -4578.052442 -4578.053774 -4578.063935 -4578.139477 -4578.302530 -4578.215773 -2663.927390 -229.651040 -292.194364 -318.797995 -333.270761 -341.877175 -347.141589 -350.399443 -352.436506 -353.710703 -354.513515 -355.021642 -355.341934 -355.544838 -355.674124 -355.757326 -355.811933 -355.849471 -355.878300 -355.904896 -355.935036 -355.974315 -356.031891 -356.119668 -356.256551 -356.471617 -356.810226 -357.343896 -358.184591 -359.506962 -361.581608 -364.823495 -369.858497 -377.607700 -389.378668 -406.934330 -432.488922 -468.596504 -518.200729 -586.769929 -685.468880 -9999.0 -9999.0
-9999.0 -9999.0 324.995591 226.279502 127.512391 26.802805 -74.162431 -167.723957 -236.692964 -262.233526 -339.715385 -370.317328 -384.295755 -391.448707 -290.285125 -156.278222 -11.417657 154.566071 225.087203 179.057783 126.457586 66.900611 0.256281 -71.571222 -145.130882 -213.488324 -268.665813 -306.432487 -328.869518 -341.021326 -347.262852 -350.321522 -351.672584 -352.012479 -351.568803 -350.295398 -347.946190 -344.001698 -331.861372 -300.604048 -338.239398 -347.954047 -2778.947572 -4578.874245 -4578.849261 -4578.450199 -4578.106944 -4578.058066 -4578.052728 -4578.052213 -4578.052185 -4578.052206 -4578.052230 -4578.052254 -4578.052289 -4578.052442 -4578.053774 -4578.063935 -4578.139477 -4578.302530 -4578.215773 -2663.927390 -229.651039 -292.194363 -318.797995 -333.270761 -341.877175 -347.141589 -350.399443 -352.436506 -353.710704 -354.513515 -355.021642 -355.341934 -355.544838 -355.674124 -355.757326 -355.811933 -355.849471 -355.878300 -355.904896 -355.935036 -355.974315 -356.031891 -356.119668 -356.256551 -356.471617 -356.810226 -357.343896 -358.184591 -359.506962 -361.581608 -364.823495 -369.858497 -377.607700 -389.378668 -406.934330 -432.488922 -468.596504 -518.200729 -586.769929 -685.468879 -9999.0 -9999.0
-9999.0 -9999.0 325.050407 226.304795 127.522533 26.806723 -74.160975 -167.723436 -236.692795 -262.233478 -339.715374 -370.317325 -384.295754 -391.448707 -290.285125 -156.278222 -11.417657 154.566071 225.087203 179.057783 126.457586 66.900611 0.256281 -71.571222 -145.130882 -213.488324 -268.665813 -306.432487 -328.869518 -341.021326 -347.262852 -350.321522 -351.672584 -352.012479 -351.568803 -350.295398 -347.946190 -344.001698 -331.861372 -300.604049 -338.239399 -347.954048 -2778.947571 -4578.874245 -4578.849261 -4578.450199 -4578.106944 -4578.058066 -4578.052728 -4578.052213 -4578.052185 -4578.052206 -4578.052230 -4578.052254 -4578.052289 -4578.052442 -4578.053774 -4578.063935 -4578.139477 -4578.302530 -4578.215773 -2663.927390 -229.651040 -292.194363 -318.797995 -333.270761 -341.877175 -347.141589 -350.399443 -352.436507 -353.710704 -354.513515 -355.021642 -355.341934 -355.544838 -355.674124 -355.757326 -355.811933 -355.849471 -355.878300 -355.904896 -355.935036 -355.974315 -356.031891 -356.119668 -356.256551 -356.471617 -356.810226 -357.343896 -358.184591 -359.506962 -361.581608 -364.823495 -369.858497 -377.607700 -389.378668 -406.934330 -432.488922 -468.596504 -518.200729 -586.769929 -685.468879 -9999.0 -9999.0
-9999.0 -9999.0 325.050407 226.304795 127.522533 26.806723 -74.160975 -167.723436 -236.692795 -262.233478 -339.715374 -370.317325 -384.295754 -391.448707 -290.285125 -156.278222 -11.417657 154.566071 225.087203 179.057783 126.457586 66.900611 0.256281 -71.571222 -145.130882 -213.488324 -268.665813 -306.432487 -328.869518 -341.021326 -347.262852 -350.321522 -351.672584 -352.012479 -351.568803 -350.295398 -347.946190 -344.001698 -331.861372 -300.604049 -338.239399 -347.954048 -2778.947571 -4578.874245 -4578.849261 -4578.450199 -4578.106944 -4578.058066 -4578.052728 -4578.052213 -4578.052185 -4578.052206 -4578.052230 -4578.052254 -4578.052289 -4578.052442 -4578.053774 -4578.063935 -4578.139477 -4578.302530 -4578.215773 -2663.927390 -229.651040 -292.194363 -318.797995 -333.270761 -341.877175 -347.141589 -350.399443 -352.436507 -353.710704 -354.513515 -355.021642 -355.341934 -355.544838 -355.674124 -355.757326 -355.811933 -355.849471 -355.878300 -355.904896 -355.935036 -355.974315 -356.031891 -356.119668 -356.256551 -356.471617 -356.810226 -357.343896 -358.184591 -359.506962 -361.581608 -364.823495 -369.858497 -377.607700 -389.378668 -406.934330 -432.488922 -468.596504 -518.200729 -586.769929 -685.468879 -9999.0 -9999.0
-9999.0 -9999.0 324.995591 226.279502 127.512391 26.802805 -74.162431 -167.723957 -236.692964 -262.233526 -339.715385 -370.317328 -384.295755 -391.448707 -290.285125 -156.278222 -11.417657 154.566071 225.087203 179.057783 126.457586 66.900611 0.256281 -71.571222 -145.130882 -213.488324 -268.665813 -306.432487 -328.869518 -341.021326 -347.262852 -350.321522 -351.672584 -352.012479 -351.568803 -350.295398 -347.946190 -344.001698 -331.861372 -300.604048 -338.239398 -347.954047 -2778.947572 -4578.874245 -4578.849261 -4578.450199 -4578.106944 -4578.058066 -4578.052728 -4578.052213 -4578.052185 -4578.052206 -4578.052230 -4578.052254 -4578.052289 -4578.052442 -4578.053774 -4578.063935 -4578.139477 -4578.302530 -4578.215773 -2663.927390 -229.651039 -292.194363 -318.797995 -333.270761 -341.877175 -347.141589 -350.399443 -352.436506 -353.710704 -354.513515 -355.021642 -355.341934 -355.544838 -355.674124 -355.757326 -355.811933 -355.849471 -355.878300 -355.904896 -355.935036 -355.974315 -356.031891 -356.119668 -356.256551 -356.471617 -356.810226 -357.343896 -358.184591 -359.506962 -361.581608 -364.823495 -369.858497 -377.607700 -389.378668 -406.934330 -432.488922 -468.596504 -518.200729 -586.769929 -685.468880 -9999.0 -9999.0
-9999.0 -9999.0 324.856831 226.236131 127.498842 26.798249 -74.164004 -167.724502 -236.693137 -262.233574 -339.715397 -370.317330 -384.295755 -391.448708 -290.285125 -156.278222 -11.417657 154.566071 225.087203 179.057783 126.457586 66.900611 0.256281 -71.571222 -145.130882 -213.488324 -268.665813 -306.432487 -328.869518 -341.021327 -347.262852 -350.321522 -351.672584 -352.012479 -351.568803 -350.295398 -347.946190 -344.001698 -331.861372 -300.604048 -338.239397 -347.954048 -2778.947573 -4578.874245 -4578.849262 -4578.450199 -4578.106944 -4578.058066 -4578.052728 -4578.052213 -4578.052185 -4578.052206 -4578.052230 -4578.052254 -4578.052289 -4578.052442 -4578.053774 -4578.063935 -4578.139477 -4578.302530 -4578.215773 -2663.927390 -229.651039 -292.194364 -318.797995 -333.270761 -341.877175 -347.141589 -350.399443 -352.436506 -353.710703 -354.513515 -355.021642 -355.341934 -355.544838 -355.674124 -355.757326 -355.811933 -355.849471 -355.878300 -355.904896 -355.935036 -355.974315 -356.031891 -356.119668 -356.256551 -356.471617 -356.810226 -357.343896 -358.184591 -359.506962 -361.581608 -364.823495 -369.858497 -377.607700 -389.378668 -406.934330 -432.488922 -468.596504 -518.200729 -586.769929 -685.468879 -9999.0 -9999.0
-9999.0 -9999.0 -9999.0 -9999.0 -9999.0 -9999.0 -9999.0 -9999.0 -9999.0 -9999.0 -9999.0 -9999.0 -9999.0 -9999.0 -9999.0 -9999.0 -9999.0 -9999.0 -9999.0 -9999.0 -9999.0 -9999.0 -9999.0 -9999.0 -9999.0 -9999.0 -9999.0 -9999.0 -9999.0 -9999.0 -9999.0 -9999.0 -9999.0 -9999.0 -9999.0 -9999.0 -9999.0 -9999.0 -9999.0 -9999.0 -9999.0 -9999.0 -9999.0 -9999.0 -9999.0 -9999.0 -9999.0 -9999.0 -9999.0 -9999.0 -9999.0 -9999.0 -9999.0 -9999.0 -9999.0 -9999.0 -9999.0 -9999.0 -9999.0 -9999.0 -9999.0 -9999.0 -9999.0 -9999.0 -9999.0 -9999.0 -9999.0 -9999.0 -9999.0 -9999.0 -9999.0 -9999.0 -9999.0 -9999.0 -9999.0 -9999.0 -9999.0 -9999.0 -9999.0 -9999.0 -9999.0 -9999.0 -9999.0 -9999.0 -9999.0 -9999.0 -9999.0 -9999.0 -9999.0 -9999.0 -9999.0 -9999.0 -9999.0 -9999.0 -9999.0 -9999.0 -9999.0 -9999.0 -9999.0 -9999.0 -9999.0 -9999.0 -9999.0 -9999.0
-9999.0 -9999.0 -9999.0 -9999.0 -9999.0 -9999.0 -9999.0 -9999.0 -9999.0 -9999.0 -9999.0 -9999.0 -9999.0 -9999.0 -9999.0 -9999.0 -9999.0 -9999.0 -9999.0 -9999.0 -9999.0 -9999.0 -9999.0 -9999.0 -9999.0 -9999.0 -9999.0 -9999.0 -9999.0 -9999.0 -9999.0 -9999.0 -9999.0 -9999.0 -9999.0 -9999.0 -9999.0 -9999.0 -9999.0 -9999.0 -9999.0 -9999.0 -9999.0 -9999.0 -9999.0 -9999.0 -9999.0 -9999.0 -9999.0 -9999.0 -9999.0 -9999.0 -9999.0 -9999.0 -9999.0 -9999.0 -9999.0 -9999.0 -9999.0 -9999.0 -9999.0 -9999.0 -9999.0 -9999.0 -9999.0 -9999.0 -9999.0 -9999.0 -9999.0 -9999.0 -9999.0 -9999.0 -9999.0 -9999.0 -9999.0 -9999.0 -9999.0 -9999.0 -9999.0 -9999.0 -9999.0 -9999.0 -9999.0 -9999.0 -9999.0 -9999.0 -9999.0 -9999.0 -9999.0 -9999.0 -9999.0 -9999.0 -9999.0 -9999.0 -9999.0 -9999.0 -9999.0 -9999.0 -9999.0 -9999.0 -9999.0 -9999.0 -9999.0 -9999.0