tests/3D/superslab/out/maps3D/PwL0052N0005.asc
ncols         104
nrows         10
xllcorner     -2.000000
yllcorner     0.000000
cellsize      1.000000
NODATA_value  -9999.0
-9999.0 -9999.0 -9999.0 -9999.0 -9999.0 -9999.0 -9999.0 -9999.0 -9999.0 -9999.0 -9999.0 -9999.0 -9999.0 -9999.0 -9999.0 -9999.0 -9999.0 -9999.0 -9999.0 -9999.0 -9999.0 -9999.0 -9999.0 -9999.0 -9999.0 -9999.0 -9999.0 -9999.0 -9999.0 -9999.0 -9999.0 -9999.0 -9999.0 -9999.0 -9999.0 -9999.0 -9999.0 -9999.0 -9999.0 -9999.0 -9999.0 -9999.0 -9999.0 -9999.0 -9999.0 -9999.0 -9999.0 -9999.0 -9999.0 -9999.0 -9999.0 -9999.0 -9999.0 -9999.0 -9999.0 -9999.0 -9999.0 -9999.0 -9999.0 -9999.0 -9999.0 -9999.0 -9999.0 -9999.0 -9999.0 -9999.0 -9999.0 -9999.0 -9999.0 -9999.0 -9999.0 -9999.0 -9999.0 -9999.0 -9999.0 -9999.0 -9999.0 -9999.0 -9999.0 -9999.0 -9999.0 -9999.0 -9999.0 -9999.0 -9999.0 -9999.0 -9999.0 -9999.0 -9999.0 -9999.0 -9999.0 -9999.0 -9999.0 -9999.0 -9999.0 -9999.0 -9999.0 -9999.0 -9999.0 -9999.0 -9999.0 -9999.0 -9999.0 -9999.0
-9999.0 -9999.0 -9999.0 -9999.0 -9999.0 -9999.0 -9999.0 -9999.0 -9999.0 -9999.0 -9999.0 -9999.0 -9999.0 -9999.0 -9999.0 -9999.0 -9999.0 -9999.0 -9999.0 -9999.0 -9999.0 -9999.0 -9999.0 -9999.0 -9999.0 -9999.0 -9999.0 -9999.0 -9999.0 -9999.0 -9999.0 -9999.0 -9999.0 -9999.0 -9999.0 -9999.0 -9999.0 -9999.0 -9999.0 -9999.0 -9999.0 -9999.0 -9999.0 -9999.0 -9999.0 -9999.0 -9999.0 -9999.0 -9999.0 -9999.0 -9999.0 -9999.0 -9999.0 -9999.0 -9999.0 -9999.0 -9999.0 -9999.0 -9999.0 -9999.0 -9999.0 -9999.0 -9999.0 -9999.0 -9999.0 -9999.0 -9999.0 -9999.0 -9999.0 -9999.0 -9999.0 -9999.0 -9999.0 -9999.0 -9999.0 -9999.0 -9999.0 -9999.0 -9999.0 -9999.0 -9999.0 -9999.0 -9999.0 -9999.0 -9999.0 -9999.0 -9999.0 -9999.0 -9999.0 -9999.0 -9999.0 -9999.0 -9999.0 -9999.0 -9999.0 -9999.0 -9999.0 -9999.0 -9999.0 -9999.0 -9999.0 -9999.0 -9999.0 -9999.0
-9999.0 -9999.0 -1638.600779 -1776.263378 -1891.325401 -1963.675162 -2144.276187 -2186.728344 -2223.223021 -2252.959047 -2276.152086 -2293.717775 -2307.184553 -2394.697171 -2400.562560 -2400.592125 -2396.056944 -2342.923927 -2346.873690 -2350.302682 -2353.262093 -2355.821408 -2358.035639 -2359.947915 -2361.597952 -2363.022411 -2364.255817 -2365.331346 -2366.285344 -2367.140391 -2367.929680 -2368.693790 -2369.571875 -2370.751243 -2372.620575 -2389.650716 -2397.317480 -2397.001487 -2396.099268 -2386.491569 -2355.150195 -2358.919639 -2397.858815 -2400.770327 -2400.977285 -2400.990365 -2400.990287 -2400.990165 -2400.990122 -2400.990108 -2400.990102 -2400.990102 -2400.990099 -2400.990099 -2400.990099 -2400.990098 -2400.990090 -2400.989967 -2400.988157 -2400.962474 -2400.608183 -2395.824639 -2333.304604 -2333.653205 -2334.619702 -2335.852755 -2337.235083 -2338.701837 -2340.214670 -2341.745566 -2343.279896 -2344.798384 -2346.296883 -2347.767386 -2349.198737 -2350.594246 -2351.954460 -2353.263485 -2354.525894 -2355.748409 -2356.929620 -2358.058650 -2359.143753 -2360.195844 -2361.204273 -2362.168276 -2363.103141 -2364.012350 -2364.876522 -2365.715567 -2366.543803 -2367.309519 -2368.038944 -2368.715098 -2369.482736 -2370.625185 -2373.467617 -2399.477488 -2400.985051 -2400.990171 -2401.002736 -2402.430124 -9999.0 -9999.0
-9999.0 -9999.0 -1638.589352 -1776.247294 -1891.323476 -1963.673086 -2144.275830 -2186.728232 -2223.222982 -2252.959034 -2276.152082 -2293.717774 -2307.184553 -2394.697171 -2400.562560 -2400.592125 -2396.056944 -2342.923927 -2346.873690 -2350.302682 -2353.262093 -2355.821408 -2358.035639 -2359.947915 -2361.597952 -2363.022411 -2364.255817 -2365.331346 -2366.285344 -2367.140391 -2367.929680 -2368.693790 -2369.571875 -2370.751243 -2372.620575 -2389.650716 -2397.317480 -2397.001487 -2396.099268 -2386.491569 -2355.150195 -2358.919639 -2397.858815 -2400.770327 -2400.977285 -2400.990365 -2400.990287 -2400.990165 -2400.990122 -2400.990108 -2400.990102 -2400.990102 -2400.990099 -2400.990099 -2400.990099 -2400.990098 -2400.990090 -2400.989967 -2400.988157 -2400.962474 -2400.608183 -2395.824639 -2333.304604 -2333.653205 -2334.619702 -2335.852755 -2337.235083 -2338.701837 -2340.214670 -2341.745566 -2343.279896 -2344.798384 -2346.296883 -2347.767386 -2349.198737 -2350.594246 -2351.954460 -2353.263485 -2354.525894 -2355.748409 -2356.929620 -2358.058650 -2359.143753 -2360.195844 -2361.204273 -2362.168276 -2363.103141 -2364.012350 -2364.876522 -2365.715567 -2366.543803 -2367.309519 -2368.038944 -2368.715098 -2369.482736 -2370.625185 -2373.467617 -2399.477488 -2400.985051 -2400.990171 -2401.002736 -2402.430124 -9999.0 -9999.0
-9999.0 -9999.0 -1638.580898 -1776.234678 -1891.321820 -1963.671206 -2144.275494 -2186.728124 -2223.222945 -2252.959022 -2276.152078 -2293.717773 -2307.184552 -2394.697171 -2400.562560 -2400.592125 -2396.056944 -2342.923927 -2346.873690 -2350.302682 -2353.262093 -2355.821408 -2358.035639 -2359.947915 -2361.597952 -2363.022411 -2364.255817 -2365.331346 -2366.285344 -2367.140391 -2367.929680 -2368.693790 -2369.571875 -2370.751243 -2372.620575 -2389.650716 -2397.317480 -2397.001487 -2396.099268 -2386.491569 -2355.150195 -2358.919639 -2397.858815 -2400.770327 -2400.977285 -2400.990365 -2400.990287 -2400.990165 -2400.990122 -2400.990108 -2400.990102 -2400.990102 -2400.990099 -2400.990099 -2400.990099 -2400.990098 -2400.990090 -2400.989967 -2400.988157 -2400.962474 -2400.608183 -2395.824639 -2333.304604 -2333.653205 -2334.619702 -2335.852755 -2337.235083 -2338.701837 -2340.214670 -2341.745566 -2343.279896 -2344.798384 -2346.296883 -2347.767386 -2349.198737 -2350.594246 -2351.954460 -2353.263485 -2354.525894 -2355.748409 -2356.929620 -2358.058650 -2359.143753 -2360.195844 -2361.204273 -2362.168276 -2363.103141 -2364.012350 -2364.876522 -2365.715567 -2366.543803 -2367.309519 -2368.038944 -2368.715098 -2369.482736 -2370.625185 -2373.467617 -2399.477488 -2400.985051 -2400.990171 -2401.002736 -2402.430124 -9999.0 -9999.0
-9999.0 -9999.0 -1638.580898 -1776.234678 -1891.321820 -1963.671206 -2144.275494 -2186.728124 -2223.222945 -2252.959022 -2276.152078 -2293.717773 -2307.184552 -2394.697171 -2400.562560 -2400.592125 -2396.056944 -2342.923927 -2346.873690 -2350.302682 -2353.262093 -2355.821408 -2358.035639 -2359.947915 -2361.597952 -2363.022411 -2364.255817 -2365.331346 -2366.285344 -2367.140391 -2367.929680 -2368.693790 -2369.571875 -2370.751243 -2372.620575 -2389.650716 -2397.317480 -2397.001487 -2396.099268 -2386.491569 -2355.150195 -2358.919639 -2397.858815 -2400.770327 -2400.977285 -2400.990365 -2400.990287 -2400.990165 -2400.990122 -2400.990108 -2400.990102 -2400.990102 -2400.990099 -2400.990099 -2400.990099 -2400.990098 -2400.990090 -2400.989967 -2400.988157 -2400.962474 -2400.608183 -2395.824639 -2333.304604 -2333.653205 -2334.619702 -2335.852755 -2337.235083 -2338.701837 -2340.214670 -2341.745566 -2343.279896 -2344.798384 -2346.296883 -2347.767386 -2349.198737 -2350.594246 -2351.954460 -2353.263485 -2354.525894 -2355.748409 -2356.929620 -2358.058650 -2359.143753 -2360.195844 -2361.204273 -2362.168276 -2363.103141 -2364.012350 -2364.876522 -2365.715567 -2366.543803 -2367.309519 -2368.038944 -2368.715098 -2369.482736 -2370.625185 -2373.467617 -2399.477488 -2400.985051 -2400.990171 -2401.002736 -2402.430124 -9999.0 -9999.0
-9999.0 -9999.0 -1638.589352 -1776.247294 -1891.323476 -1963.673086 -2144.275830 -2186.728232 -2223.222982 -2252.959034 -2276.152082 -2293.717774 -2307.184553 -2394.697171 -2400.562560 -2400.592125 -2396.056944 -2342.923927 -2346.873690 -2350.302682 -2353.262093 -2355.821408 -2358.035639 -2359.947915 -2361.597952 -2363.022411 -2364.255817 -2365.331346 -2366.285344 -2367.140391 -2367.929680 -2368.693790 -2369.571875 -2370.751243 -2372.620575 -2389.650716 -2397.317480 -2397.001487 -2396.099268 -2386.491569 -2355.150195 -2358.919639 -2397.858815 -2400.770327 -2400.977285 -2400.990365 -2400.990287 -2400.990165 -2400.990122 -2400.990108 -2400.990102 -2400.990102 -2400.990099 -2400.990099 -2400.990099 -2400.990098 -2400.990090 -2400.989967 -2400.988157 -2400.962474 -2400.608183 -2395.824639 -2333.304604 -2333.653205 -2334.619702 -2335.852755 -2337.235083 -2338.701837 -2340.214670 -2341.745566 -2343.279896 -2344.798384 -2346.296883 -2347.767386 -2349.198737 -2350.594246 -2351.954460 -2353.263485 -2354.525894 -2355.748409 -2356.929620 -2358.058650 -2359.143753 -2360.195844 -2361.204273 -2362.168276 -2363.103141 -2364.012350 -2364.876522 -2365.715567 -2366.543803 -2367.309519 -2368.038944 -2368.715098 -2369.482736 -2370.625185 -2373.467617 -2399.477488 -2400.985051 -2400.990171 -2401.002736 -2402.430124 -9999.0 -9999.0
-9999.0 -9999.0 -1638.600778 -1776.263378 -1891.325401 -1963.675162 -2144.276187 -2186.728344 -2223.223021 -2252.959047 -2276.152086 -2293.717775 -2307.184553 -2394.697171 -2400.562560 -2400.592125 -2396.056944 -2342.923927 -2346.873690 -2350.302682 -2353.262093 -2355.821408 -2358.035639 -2359.947915 -2361.597952 -2363.022411 -2364.255817 -2365.331346 -2366.285344 -2367.140391 -2367.929680 -2368.693790 -2369.571875 -2370.751243 -2372.620575 -2389.650716 -2397.317480 -2397.001487 -2396.099268 -2386.491569 -2355.150195 -2358.919639 -2397.858815 -2400.770327 -2400.977285 -2400.990365 -2400.990287 -2400.990165 -2400.990122 -2400.990108 -2400.990102 -2400.990102 -2400.990099 -2400.990099 -2400.990099 -2400.990098 -2400.990090 -2400.989967 -2400.988157 -2400.962474 -2400.608183 -2395.824639 -2333.304604 -2333.653205 -2334.619702 -2335.852755 -2337.235083 -2338.701837 -2340.214670 -2341.745566 -2343.279896 -2344.798384 -2346.296883 -2347.767386 -2349.198737 -2350.594246 -2351.954460 -2353.263485 -2354.525894 -2355.748409 -2356.929620 -2358.058650 -2359.143753 -2360.195844 -2361.204273 -2362.168276 -2363.103141 -2364.012350 -2364.876522 -2365.715567 -2366.543803 -2367.309519 -2368.038944 -2368.715098 -2369.482736 -2370.625185 -2373.467617 -2399.477488 -2400.985051 -2400.990171 -2401.002736 -2402.430124 -9999.0 -9999.0
-9999.0 -9999.0 -9999.0 -9999.0 -9999.0 -9999.0 -9999.0 -9999.0 -9999.0 -9999.0 -9999.0 -9999.0 -9999.0 -9999.0 -9999.0 -9999.0 -9999.0 -9999.0 -9999.0 -9999.0 -9999.0 -9999.0 -9999.0 -9999.0 -9999.0 -9999.0 -9999.0 -9999.0 -9999.0 -9999.0 -9999.0 -9999.0 -9999.0 -9999.0 -9999.0 -9999.0 -9999.0 -9999.0 -9999.0 -9999.0 -9999.0 -9999.0 -9999.0 -9999.0 -9999.0 -9999.0 -9999.0 -9999.0 -9999.0 -9999.0 -9999.0 -9999.0 -9999.0 -9999.0 -9999.0 -9999.0 -9999.0 -9999.0 -9999.0 -9999.0 -9999.0 -9999.0 -9999.0 -9999.0 -9999.0 -9999.0 -9999.0 -9999.0 -9999.0 -9999.0 -9999.0 -9999.0 -9999.0 -9999.0 -9999.0 -9999.0 -9999.0 -9999.0 -9999.0 -9999.0 -9999.0 -9999.0 -9999.0 -9999.0 -9999.0 -9999.0 -9999.0 -9999.0 -9999.0 -9999.0 -9999.0 -9999.0 -9999.0 -9999.0 -9999.0 -9999.0 -9999.0 -9999.0 -9999.0 -9999.0 -9999.0 -9999.0 -9999.0 -9999.0
-9999.0 -9999.0 -9999.0 -9999.0 -9999.0 -9999.0 -9999.0 -9999.0 -9999.0 -9999.0 -9999.0 -9999.0 -9999.0 -9999.0 -9999.0 -9999.0 -9999.0 -9999.0 -9999.0 -9999.0 -9999.0 -9999.0 -9999.0 -9999.0 -9999.0 -9999.0 -9999.0 -9999.0 -9999.0 -9999.0 -9999.0 -9999.0 -9999.0 -9999.0 -9999.0 -9999.0 -9999.0 -9999.0 -9999.0 -9999.0 -9999.0 -9999.0 -9999.0 -9999.0 -9999.0 -9999.0 -9999.0 -9999.0 -9999.0 -9999.0 -9999.0 -9999.0 -9999.0 -9999.0 -9999.0 -9999.0 -9999.0 -9999.0 -9999.0 -9999.0 -9999.0 -9999.0 -9999.0 -9999.0 -9999.0 -9999.0 -9999.0 -9999.0 -9999.0 -9999.0 -9999.0 -9999.0 -9999.0 -9999.0 -9999.0 -9999.0 -9999.0 -9999.0 -9999.0 -9999.0 -9999.0 -9999.0 -9999.0 -9999.0 -9999.0 -9999.0 -9999.0 -9999.0 -9999.0 -9999.0 -9999.0 -9999.0 -9999.0 -9999.0 -9999.0 -9999.0 -9999.0 -9999.0 -9999.0 -9999.0 -9999.0 -9999.0 -9999.0 -9999.0