tests/3D/superslab/out/maps3D/PwL0041N0004.asc
ncols         104
nrows         10
xllcorner     -2.000000
yllcorner     0.000000
cellsize      1.000000
NODATA_value  -9999.0
-9999.0 -9999.0 -9999.0 -9999.0 -9999.0 -9999.0 -9999.0 -9999.0 -9999.0 -9999.0 -9999.0 -9999.0 -9999.0 -9999.0 -9999.0 -9999.0 -9999.0 -9999.0 -9999.0 -9999.0 -9999.0 -9999.0 -9999.0 -9999.0 -9999.0 -9999.0 -9999.0 -9999.0 -9999.0 -9999.0 -9999.0 -9999.0 -9999.0 -9999.0 -9999.0 -9999.0 -9999.0 -9999.0 -9999.0 -9999.0 -9999.0 -9999.0 -9999.0 -9999.0 -9999.0 -9999.0 -9999.0 -9999.0 -9999.0 -9999.0 -9999.0 -9999.0 -9999.0 -9999.0 -9999.0 -9999.0 -9999.0 -9999.0 -9999.0 -9999.0 -9999.0 -9999.0 -9999.0 -9999.0 -9999.0 -9999.0 -9999.0 -9999.0 -9999.0 -9999.0 -9999.0 -9999.0 -9999.0 -9999.0 -9999.0 -9999.0 -9999.0 -9999.0 -9999.0 -9999.0 -9999.0 -9999.0 -9999.0 -9999.0 -9999.0 -9999.0 -9999.0 -9999.0 -9999.0 -9999.0 -9999.0 -9999.0 -9999.0 -9999.0 -9999.0 -9999.0 -9999.0 -9999.0 -9999.0 -9999.0 -9999.0 -9999.0 -9999.0 -9999.0
-9999.0 -9999.0 -9999.0 -9999.0 -9999.0 -9999.0 -9999.0 -9999.0 -9999.0 -9999.0 -9999.0 -9999.0 -9999.0 -9999.0 -9999.0 -9999.0 -9999.0 -9999.0 -9999.0 -9999.0 -9999.0 -9999.0 -9999.0 -9999.0 -9999.0 -9999.0 -9999.0 -9999.0 -9999.0 -9999.0 -9999.0 -9999.0 -9999.0 -9999.0 -9999.0 -9999.0 -9999.0 -9999.0 -9999.0 -9999.0 -9999.0 -9999.0 -9999.0 -9999.0 -9999.0 -9999.0 -9999.0 -9999.0 -9999.0 -9999.0 -9999.0 -9999.0 -9999.0 -9999.0 -9999.0 -9999.0 -9999.0 -9999.0 -9999.0 -9999.0 -9999.0 -9999.0 -9999.0 -9999.0 -9999.0 -9999.0 -9999.0 -9999.0 -9999.0 -9999.0 -9999.0 -9999.0 -9999.0 -9999.0 -9999.0 -9999.0 -9999.0 -9999.0 -9999.0 -9999.0 -9999.0 -9999.0 -9999.0 -9999.0 -9999.0 -9999.0 -9999.0 -9999.0 -9999.0 -9999.0 -9999.0 -9999.0 -9999.0 -9999.0 -9999.0 -9999.0 -9999.0 -9999.0 -9999.0 -9999.0 -9999.0 -9999.0 -9999.0 -9999.0
-9999.0 -9999.0 -2453.400010 -2473.075940 -2490.806670 -2507.988014 -2524.818591 -2541.349338 -2557.635023 -2573.830224 -2590.065716 -2605.700567 -2620.567279 -2927.676463 -2944.614782 -2944.650998 -2929.696050 -2679.352604 -2687.369565 -2694.081172 -2699.519813 -2703.883859 -2707.472754 -2710.652197 -2713.581021 -2716.428909 -2719.295709 -2722.665554 -2728.279093 -2749.786076 -2892.515487 -2888.619441 -2884.498529 -2873.705337 -2639.221912 -2647.821565 -2656.593666 -2664.893461 -2672.899938 -2680.982012 -2689.916455 -2700.962544 -2932.202170 -2944.869194 -2945.521996 -2945.544531 -2945.544554 -2945.544554 -2945.544554 -2945.544554 -2945.544554 -2945.544554 -2945.544554 -2945.544554 -2945.544554 -2945.544554 -2945.544549 -2945.544429 -2945.541905 -2945.490509 -2944.477657 -2925.179325 -2579.995341 -2582.097727 -2586.957390 -2592.558741 -2598.499363 -2604.632915 -2610.870675 -2617.145484 -2623.401476 -2629.594382 -2635.686260 -2641.643407 -2647.435820 -2653.037410 -2658.427382 -2663.592431 -2668.524122 -2673.204048 -2677.621192 -2681.786413 -2685.742629 -2689.504777 -2693.051477 -2696.471613 -2699.773422 -2702.942606 -2706.135893 -2709.181545 -2712.226256 -2715.228525 -2718.060318 -2720.857097 -2724.189542 -2729.253688 -2742.242151 -2936.461129 -2945.512565 -2945.544542 -2945.547297 -2946.226996 -9999.0 -9999.0
-9999.0 -9999.0 -2453.396814 -2473.074195 -2490.805907 -2507.987709 -2524.818473 -2541.349292 -2557.635005 -2573.830217 -2590.065713 -2605.700566 -2620.567279 -2927.676463 -2944.614782 -2944.650998 -2929.696050 -2679.352604 -2687.369565 -2694.081172 -2699.519813 -2703.883859 -2707.472754 -2710.652197 -2713.581021 -2716.428909 -2719.295709 -2722.665554 -2728.279093 -2749.786076 -2892.515487 -2888.619441 -2884.498529 -2873.705337 -2639.221912 -2647.821565 -2656.593666 -2664.893461 -2672.899938 -2680.982012 -2689.916455 -2700.962544 -2932.202170 -2944.869194 -2945.521996 -2945.544531 -2945.544554 -2945.544554 -2945.544554 -2945.544554 -2945.544554 -2945.544554 -2945.544554 -2945.544554 -2945.544554 -2945.544554 -2945.544549 -2945.544429 -2945.541905 -2945.490509 -2944.477657 -2925.179325 -2579.995340 -2582.097727 -2586.957389 -2592.558741 -2598.499363 -2604.632915 -2610.870675 -2617.145484 -2623.401476 -2629.594382 -2635.686260 -2641.643407 -2647.435820 -2653.037410 -2658.427382 -2663.592431 -2668.524122 -2673.204048 -2677.621192 -2681.786413 -2685.742629 -2689.504777 -2693.051477 -2696.471613 -2699.773422 -2702.942606 -2706.135893 -2709.181545 -2712.226256 -2715.228525 -2718.060318 -2720.857097 -2724.189542 -2729.253688 -2742.242151 -2936.461129 -2945.512565 -2945.544542 -2945.547297 -2946.226996 -9999.0 -9999.0
-9999.0 -9999.0 -2453.394702 -2473.072908 -2490.805283 -2507.987440 -2524.818363 -2541.349249 -2557.634987 -2573.830210 -2590.065711 -2605.700565 -2620.567278 -2927.676463 -2944.614782 -2944.650998 -2929.696050 -2679.352604 -2687.369565 -2694.081172 -2699.519813 -2703.883859 -2707.472754 -2710.652197 -2713.581021 -2716.428909 -2719.295709 -2722.665554 -2728.279093 -2749.786076 -2892.515487 -2888.619441 -2884.498529 -2873.705337 -2639.221912 -2647.821565 -2656.593666 -2664.893461 -2672.899938 -2680.982012 -2689.916455 -2700.962544 -2932.202170 -2944.869194 -2945.521996 -2945.544531 -2945.544554 -2945.544554 -2945.544554 -2945.544554 -2945.544554 -2945.544554 -2945.544554 -2945.544554 -2945.544554 -2945.544554 -2945.544549 -2945.544429 -2945.541905 -2945.490509 -2944.477657 -2925.179325 -2579.995340 -2582.097727 -2586.957389 -2592.558740 -2598.499363 -2604.632915 -2610.870675 -2617.145484 -2623.401476 -2629.594382 -2635.686260 -2641.643407 -2647.435820 -2653.037410 -2658.427382 -2663.592431 -2668.524122 -2673.204048 -2677.621192 -2681.786413 -2685.742629 -2689.504777 -2693.051477 -2696.471613 -2699.773422 -2702.942606 -2706.135893 -2709.181545 -2712.226256 -2715.228525 -2718.060318 -2720.857097 -2724.189542 -2729.253688 -2742.242151 -2936.461129 -2945.512565 -2945.544542 -2945.547297 -2946.226996 -9999.0 -9999.0
-9999.0 -9999.0 -2453.394702 -2473.072908 -2490.805283 -2507.987440 -2524.818363 -2541.349249 -2557.634987 -2573.830210 -2590.065711 -2605.700565 -2620.567278 -2927.676463 -2944.614782 -2944.650998 -2929.696050 -2679.352604 -2687.369565 -2694.081172 -2699.519813 -2703.883859 -2707.472754 -2710.652197 -2713.581021 -2716.428909 -2719.295709 -2722.665554 -2728.279093 -2749.786076 -2892.515487 -2888.619441 -2884.498529 -2873.705337 -2639.221912 -2647.821565 -2656.593666 -2664.893461 -2672.899938 -2680.982012 -2689.916455 -2700.962544 -2932.202170 -2944.869194 -2945.521996 -2945.544531 -2945.544554 -2945.544554 -2945.544554 -2945.544554 -2945.544554 -2945.544554 -2945.544554 -2945.544554 -2945.544554 -2945.544554 -2945.544549 -2945.544429 -2945.541905 -2945.490509 -2944.477657 -2925.179325 -2579.995340 -2582.097727 -2586.957389 -2592.558740 -2598.499363 -2604.632915 -2610.870675 -2617.145484 -2623.401476 -2629.594382 -2635.686260 -2641.643407 -2647.435820 -2653.037410 -2658.427382 -2663.592431 -2668.524122 -2673.204048 -2677.621192 -2681.786413 -2685.742629 -2689.504777 -2693.051477 -2696.471613 -2699.773422 -2702.942606 -2706.135893 -2709.181545 -2712.226256 -2715.228525 -2718.060318 -2720.857097 -2724.189542 -2729.253688 -2742.242151 -2936.461129 -2945.512565 -2945.544542 -2945.547297 -2946.226996 -9999.0 -9999.0
-9999.0 -9999.0 -2453.396814 -2473.074195 -2490.805907 -2507.987709 -2524.818473 -2541.349292 -2557.635005 -2573.830217 -2590.065713 -2605.700566 -2620.567279 -2927.676463 -2944.614782 -2944.650998 -2929.696050 -2679.352604 -2687.369565 -2694.081172 -2699.519813 -2703.883859 -2707.472754 -2710.652197 -2713.581021 -2716.428909 -2719.295709 -2722.665554 -2728.279093 -2749.786076 -2892.515487 -2888.619441 -2884.498529 -2873.705337 -2639.221912 -2647.821565 -2656.593666 -2664.893461 -2672.899938 -2680.982012 -2689.916455 -2700.962544 -2932.202170 -2944.869194 -2945.521996 -2945.544531 -2945.544554 -2945.544554 -2945.544554 -2945.544554 -2945.544554 -2945.544554 -2945.544554 -2945.544554 -2945.544554 -2945.544554 -2945.544549 -2945.544429 -2945.541905 -2945.490509 -2944.477657 -2925.179325 -2579.995340 -2582.097727 -2586.957389 -2592.558741 -2598.499363 -2604.632915 -2610.870675 -2617.145484 -2623.401476 -2629.594382 -2635.686260 -2641.643407 -2647.435820 -2653.037410 -2658.427382 -2663.592431 -2668.524122 -2673.204048 -2677.621192 -2681.786413 -2685.742629 -2689.504777 -2693.051477 -2696.471613 -2699.773422 -2702.942606 -2706.135893 -2709.181545 -2712.226256 -2715.228525 -2718.060318 -2720.857097 -2724.189542 -2729.253688 -2742.242151 -2936.461129 -2945.512565 -2945.544542 -2945.547297 -2946.226996 -9999.0 -9999.0
-9999.0 -9999.0 -2453.400010 -2473.075940 -2490.806670 -2507.988014 -2524.818591 -2541.349338 -2557.635023 -2573.830224 -2590.065716 -2605.700567 -2620.567279 -2927.676463 -2944.614782 -2944.650998 -2929.696050 -2679.352604 -2687.369565 -2694.081172 -2699.519813 -2703.883859 -2707.472754 -2710.652197 -2713.581021 -2716.428909 -2719.295709 -2722.665554 -2728.279093 -2749.786076 -2892.515487 -2888.619441 -2884.498529 -2873.705337 -2639.221912 -2647.821565 -2656.593666 -2664.893461 -2672.899938 -2680.982012 -2689.916455 -2700.962544 -2932.202170 -2944.869194 -2945.521996 -2945.544531 -2945.544554 -2945.544554 -2945.544554 -2945.544554 -2945.544554 -2945.544554 -2945.544554 -2945.544554 -2945.544554 -2945.544554 -2945.544549 -2945.544429 -2945.541905 -2945.490509 -2944.477657 -2925.179325 -2579.995340 -2582.097727 -2586.957390 -2592.558741 -2598.499363 -2604.632915 -2610.870675 -2617.145484 -2623.401476 -2629.594382 -2635.686260 -2641.643407 -2647.435820 -2653.037410 -2658.427382 -2663.592431 -2668.524122 -2673.204048 -2677.621192 -2681.786413 -2685.742629 -2689.504777 -2693.051477 -2696.471613 -2699.773422 -2702.942606 -2706.135893 -2709.181545 -2712.226256 -2715.228525 -2718.060318 -2720.857097 -2724.189542 -2729.253688 -2742.242151 -2936.461129 -2945.512565 -2945.544542 -2945.547297 -2946.226996 -9999.0 -9999.0
-9999.0 -9999.0 -9999.0 -9999.0 -9999.0 -9999.0 -9999.0 -9999.0 -9999.0 -9999.0 -9999.0 -9999.0 -9999.0 -9999.0 -9999.0 -9999.0 -9999.0 -9999.0 -9999.0 -9999.0 -9999.0 -9999.0 -9999.0 -9999.0 -9999.0 -9999.0 -9999.0 -9999.0 -9999.0 -9999.0 -9999.0 -9999.0 -9999.0 -9999.0 -9999.0 -9999.0 -9999.0 -9999.0 -9999.0 -9999.0 -9999.0 -9999.0 -9999.0 -9999.0 -9999.0 -9999.0 -9999.0 -9999.0 -9999.0 -9999.0 -9999.0 -9999.0 -9999.0 -9999.0 -9999.0 -9999.0 -9999.0 -9999.0 -9999.0 -9999.0 -9999.0 -9999.0 -9999.0 -9999.0 -9999.0 -9999.0 -9999.0 -9999.0 -9999.0 -9999.0 -9999.0 -9999.0 -9999.0 -9999.0 -9999.0 -9999.0 -9999.0 -9999.0 -9999.0 -9999.0 -9999.0 -9999.0 -9999.0 -9999.0 -9999.0 -9999.0 -9999.0 -9999.0 -9999.0 -9999.0 -9999.0 -9999.0 -9999.0 -9999.0 -9999.0 -9999.0 -9999.0 -9999.0 -9999.0 -9999.0 -9999.0 -9999.0 -9999.0 -9999.0
-9999.0 -9999.0 -9999.0 -9999.0 -9999.0 -9999.0 -9999.0 -9999.0 -9999.0 -9999.0 -9999.0 -9999.0 -9999.0 -9999.0 -9999.0 -9999.0 -9999.0 -9999.0 -9999.0 -9999.0 -9999.0 -9999.0 -9999.0 -9999.0 -9999.0 -9999.0 -9999.0 -9999.0 -9999.0 -9999.0 -9999.0 -9999.0 -9999.0 -9999.0 -9999.0 -9999.0 -9999.0 -9999.0 -9999.0 -9999.0 -9999.0 -9999.0 -9999.0 -9999.0 -9999.0 -9999.0 -9999.0 -9999.0 -9999.0 -9999.0 -9999.0 -9999.0 -9999.0 -9999.0 -9999.0 -9999.0 -9999.0 -9999.0 -9999.0 -9999.0 -9999.0 -9999.0 -9999.0 -9999.0 -9999.0 -9999.0 -9999.0 -9999.0 -9999.0 -9999.0 -9999.0 -9999.0 -9999.0 -9999.0 -9999.0 -9999.0 -9999.0 -9999.0 -9999.0 -9999.0 -9999.0 -9999.0 -9999.0 -9999.0 -9999.0 -9999.0 -9999.0 -9999.0 -9999.0 -9999.0 -9999.0 -9999.0 -9999.0 -9999.0 -9999.0 -9999.0 -9999.0 -9999.0 -9999.0 -9999.0 -9999.0 -9999.0 -9999.0 -9999.0