tests/3D/superslab/out/maps3D/PwL0024N0006.asc
ncols         104
nrows         10
xllcorner     -2.000000
yllcorner     0.000000
cellsize      1.000000
NODATA_value  -9999.0
-9999.0 -9999.0 -9999.0 -9999.0 -9999.0 -9999.0 -9999.0 -9999.0 -9999.0 -9999.0 -9999.0 -9999.0 -9999.0 -9999.0 -9999.0 -9999.0 -9999.0 -9999.0 -9999.0 -9999.0 -9999.0 -9999.0 -9999.0 -9999.0 -9999.0 -9999.0 -9999.0 -9999.0 -9999.0 -9999.0 -9999.0 -9999.0 -9999.0 -9999.0 -9999.0 -9999.0 -9999.0 -9999.0 -9999.0 -9999.0 -9999.0 -9999.0 -9999.0 -9999.0 -9999.0 -9999.0 -9999.0 -9999.0 -9999.0 -9999.0 -9999.0 -9999.0 -9999.0 -9999.0 -9999.0 -9999.0 -9999.0 -9999.0 -9999.0 -9999.0 -9999.0 -9999.0 -9999.0 -9999.0 -9999.0 -9999.0 -9999.0 -9999.0 -9999.0 -9999.0 -9999.0 -9999.0 -9999.0 -9999.0 -9999.0 -9999.0 -9999.0 -9999.0 -9999.0 -9999.0 -9999.0 -9999.0 -9999.0 -9999.0 -9999.0 -9999.0 -9999.0 -9999.0 -9999.0 -9999.0 -9999.0 -9999.0 -9999.0 -9999.0 -9999.0 -9999.0 -9999.0 -9999.0 -9999.0 -9999.0 -9999.0 -9999.0 -9999.0 -9999.0
-9999.0 -9999.0 -9999.0 -9999.0 -9999.0 -9999.0 -9999.0 -9999.0 -9999.0 -9999.0 -9999.0 -9999.0 -9999.0 -9999.0 -9999.0 -9999.0 -9999.0 -9999.0 -9999.0 -9999.0 -9999.0 -9999.0 -9999.0 -9999.0 -9999.0 -9999.0 -9999.0 -9999.0 -9999.0 -9999.0 -9999.0 -9999.0 -9999.0 -9999.0 -9999.0 -9999.0 -9999.0 -9999.0 -9999.0 -9999.0 -9999.0 -9999.0 -9999.0 -9999.0 -9999.0 -9999.0 -9999.0 -9999.0 -9999.0 -9999.0 -9999.0 -9999.0 -9999.0 -9999.0 -9999.0 -9999.0 -9999.0 -9999.0 -9999.0 -9999.0 -9999.0 -9999.0 -9999.0 -9999.0 -9999.0 -9999.0 -9999.0 -9999.0 -9999.0 -9999.0 -9999.0 -9999.0 -9999.0 -9999.0 -9999.0 -9999.0 -9999.0 -9999.0 -9999.0 -9999.0 -9999.0 -9999.0 -9999.0 -9999.0 -9999.0 -9999.0 -9999.0 -9999.0 -9999.0 -9999.0 -9999.0 -9999.0 -9999.0 -9999.0 -9999.0 -9999.0 -9999.0 -9999.0 -9999.0 -9999.0 -9999.0 -9999.0 -9999.0 -9999.0
-9999.0 -9999.0 904.101884 801.668565 697.702245 592.797741 487.516105 382.612170 278.105338 172.522960 62.791801 -45.445390 -149.005268 -240.840475 -310.063058 -346.232788 -358.671721 -359.862968 -357.218755 -353.786190 -350.692849 -348.252160 -163.224184 4.740645 175.519250 349.463155 392.811875 301.962183 210.264545 117.988230 25.311459 -67.148379 -156.118846 -233.347427 -288.128235 -317.630545 -327.170157 -323.582898 -379.732445 -455.911301 -341.512916 -85.968608 -1400.620577 -2213.855400 -3786.634248 -3787.128657 -3787.030897 -3738.039075 -3099.593523 -2332.969331 -1866.617567 -1560.392259 -1411.242071 -1326.329394 -1253.525579 -1182.995732 -1112.402854 -1042.971456 -976.761651 -915.968995 -861.766859 -776.770955 -541.204699 -448.770150 -346.964163 -340.822390 -345.440486 -349.226693 -351.731396 -353.294614 -354.270287 -354.867361 -355.230098 -355.437497 -355.554614 -355.621566 -355.631300 -355.663872 -355.703315 -355.772336 -355.851684 -355.924021 -355.986063 -356.050471 -356.142064 -356.284861 -356.511245 -356.869798 -357.435801 -358.327217 -359.727701 -361.920137 -365.334912 -370.614137 -378.690025 -390.865913 -408.875692 -434.915858 -472.181622 -534.569396 -724.952172 -2113.534209 -9999.0 -9999.0
-9999.0 -9999.0 904.141695 801.688126 697.710231 592.800842 487.517295 382.612630 278.105519 172.523031 62.791829 -45.445379 -149.005264 -240.840474 -310.063057 -346.232787 -358.671721 -359.862968 -357.218755 -353.786190 -350.692849 -348.252160 -163.224184 4.740645 175.519250 349.463155 392.811875 301.962183 210.264545 117.988230 25.311459 -67.148379 -156.118846 -233.347427 -288.128235 -317.630545 -327.170157 -323.582898 -379.732447 -455.911301 -341.512914 -85.968606 -1400.620576 -2213.855399 -3786.634248 -3787.128657 -3787.030897 -3738.039074 -3099.593521 -2332.969327 -1866.617562 -1560.392257 -1411.242070 -1326.329394 -1253.525578 -1182.995732 -1112.402854 -1042.971456 -976.761651 -915.968995 -861.766859 -776.770956 -541.204699 -448.770149 -346.964163 -340.822390 -345.440486 -349.226693 -351.731396 -353.294614 -354.270287 -354.867361 -355.230098 -355.437497 -355.554614 -355.621566 -355.631300 -355.663872 -355.703315 -355.772336 -355.851684 -355.924021 -355.986063 -356.050471 -356.142064 -356.284861 -356.511245 -356.869798 -357.435801 -358.327217 -359.727701 -361.920137 -365.334912 -370.614137 -378.690025 -390.865913 -408.875692 -434.915858 -472.181622 -534.569396 -724.952172 -2113.534208 -9999.0 -9999.0
-9999.0 -9999.0 904.167684 801.702704 697.716874 592.803621 487.518411 382.613074 278.105695 172.523102 62.791857 -45.445368 -149.005259 -240.840472 -310.063057 -346.232787 -358.671721 -359.862968 -357.218755 -353.786190 -350.692849 -348.252160 -163.224184 4.740645 175.519250 349.463155 392.811875 301.962183 210.264545 117.988230 25.311459 -67.148379 -156.118846 -233.347427 -288.128235 -317.630545 -327.170157 -323.582898 -379.732448 -455.911300 -341.512913 -85.968605 -1400.620576 -2213.855399 -3786.634248 -3787.128657 -3787.030897 -3738.039073 -3099.593520 -2332.969322 -1866.617559 -1560.392256 -1411.242070 -1326.329393 -1253.525578 -1182.995732 -1112.402854 -1042.971456 -976.761651 -915.968995 -861.766859 -776.770955 -541.204699 -448.770150 -346.964162 -340.822390 -345.440486 -349.226693 -351.731396 -353.294614 -354.270287 -354.867361 -355.230098 -355.437497 -355.554614 -355.621566 -355.631300 -355.663872 -355.703315 -355.772336 -355.851684 -355.924021 -355.986063 -356.050471 -356.142064 -356.284861 -356.511245 -356.869798 -357.435801 -358.327217 -359.727701 -361.920137 -365.334912 -370.614137 -378.690025 -390.865913 -408.875692 -434.915858 -472.181622 -534.569396 -724.952172 -2113.534202 -9999.0 -9999.0
-9999.0 -9999.0 904.167684 801.702704 697.716874 592.803621 487.518411 382.613074 278.105695 172.523102 62.791857 -45.445368 -149.005259 -240.840472 -310.063057 -346.232787 -358.671721 -359.862968 -357.218755 -353.786190 -350.692849 -348.252160 -163.224184 4.740645 175.519250 349.463155 392.811875 301.962183 210.264545 117.988230 25.311459 -67.148379 -156.118846 -233.347427 -288.128235 -317.630545 -327.170157 -323.582898 -379.732448 -455.911300 -341.512913 -85.968605 -1400.620576 -2213.855399 -3786.634248 -3787.128657 -3787.030897 -3738.039074 -3099.593520 -2332.969324 -1866.617559 -1560.392256 -1411.242070 -1326.329394 -1253.525578 -1182.995732 -1112.402854 -1042.971456 -976.761651 -915.968995 -861.766859 -776.770955 -541.204700 -448.770150 -346.964162 -340.822390 -345.440486 -349.226693 -351.731396 -353.294614 -354.270287 -354.867361 -355.230098 -355.437497 -355.554614 -355.621566 -355.631300 -355.663872 -355.703315 -355.772336 -355.851684 -355.924021 -355.986063 -356.050471 -356.142064 -356.284861 -356.511245 -356.869798 -357.435801 -358.327217 -359.727701 -361.920137 -365.334912 -370.614137 -378.690025 -390.865913 -408.875692 -434.915858 -472.181622 -534.569396 -724.952172 -2113.534203 -9999.0 -9999.0
-9999.0 -9999.0 904.141695 801.688125 697.710231 592.800842 487.517295 382.612630 278.105519 172.523031 62.791829 -45.445379 -149.005264 -240.840474 -310.063057 -346.232787 -358.671721 -359.862968 -357.218755 -353.786190 -350.692849 -348.252160 -163.224184 4.740645 175.519250 349.463155 392.811875 301.962183 210.264545 117.988230 25.311459 -67.148379 -156.118846 -233.347427 -288.128235 -317.630545 -327.170157 -323.582898 -379.732447 -455.911301 -341.512914 -85.968606 -1400.620576 -2213.855399 -3786.634248 -3787.128657 -3787.030897 -3738.039074 -3099.593521 -2332.969325 -1866.617562 -1560.392257 -1411.242070 -1326.329394 -1253.525578 -1182.995732 -1112.402854 -1042.971456 -976.761651 -915.968995 -861.766859 -776.770955 -541.204700 -448.770151 -346.964163 -340.822390 -345.440486 -349.226693 -351.731396 -353.294614 -354.270287 -354.867361 -355.230098 -355.437497 -355.554614 -355.621566 -355.631300 -355.663872 -355.703315 -355.772336 -355.851684 -355.924021 -355.986063 -356.050471 -356.142064 -356.284861 -356.511245 -356.869798 -357.435801 -358.327217 -359.727701 -361.920137 -365.334912 -370.614137 -378.690025 -390.865913 -408.875692 -434.915858 -472.181622 -534.569396 -724.952172 -2113.534206 -9999.0 -9999.0
-9999.0 -9999.0 904.101883 801.668565 697.702245 592.797741 487.516105 382.612170 278.105338 172.522960 62.791801 -45.445390 -149.005268 -240.840475 -310.063058 -346.232788 -358.671721 -359.862968 -357.218755 -353.786190 -350.692849 -348.252160 -163.224184 4.740645 175.519250 349.463155 392.811875 301.962183 210.264545 117.988230 25.311459 -67.148379 -156.118846 -233.347427 -288.128235 -317.630545 -327.170157 -323.582898 -379.732445 -455.911301 -341.512916 -85.968608 -1400.620578 -2213.855400 -3786.634248 -3787.128657 -3787.030897 -3738.039075 -3099.593523 -2332.969333 -1866.617568 -1560.392259 -1411.242071 -1326.329394 -1253.525578 -1182.995732 -1112.402854 -1042.971456 -976.761651 -915.968995 -861.766859 -776.770956 -541.204700 -448.770151 -346.964163 -340.822390 -345.440486 -349.226693 -351.731396 -353.294614 -354.270287 -354.867361 -355.230098 -355.437497 -355.554614 -355.621566 -355.631300 -355.663872 -355.703315 -355.772336 -355.851684 -355.924021 -355.986063 -356.050471 -356.142064 -356.284861 -356.511245 -356.869798 -357.435801 -358.327217 -359.727701 -361.920137 -365.334912 -370.614137 -378.690025 -390.865913 -408.875692 -434.915858 -472.181622 -534.569396 -724.952172 -2113.534210 -9999.0 -9999.0
-9999.0 -9999.0 -9999.0 -9999.0 -9999.0 -9999.0 -9999.0 -9999.0 -9999.0 -9999.0 -9999.0 -9999.0 -9999.0 -9999.0 -9999.0 -9999.0 -9999.0 -9999.0 -9999.0 -9999.0 -9999.0 -9999.0 -9999.0 -9999.0 -9999.0 -9999.0 -9999.0 -9999.0 -9999.0 -9999.0 -9999.0 -9999.0 -9999.0 -9999.0 -9999.0 -9999.0 -9999.0 -9999.0 -9999.0 -9999.0 -9999.0 -9999.0 -9999.0 -9999.0 -9999.0 -9999.0 -9999.0 -9999.0 -9999.0 -9999.0 -9999.0 -9999.0 -9999.0 -9999.0 -9999.0 -9999.0 -9999.0 -9999.0 -9999.0 -9999.0 -9999.0 -9999.0 -9999.0 -9999.0 -9999.0 -9999.0 -9999.0 -9999.0 -9999.0 -9999.0 -9999.0 -9999.0 -9999.0 -9999.0 -9999.0 -9999.0 -9999.0 -9999.0 -9999.0 -9999.0 -9999.0 -9999.0 -9999.0 -9999.0 -9999.0 -9999.0 -9999.0 -9999.0 -9999.0 -9999.0 -9999.0 -9999.0 -9999.0 -9999.0 -9999.0 -9999.0 -9999.0 -9999.0 -9999.0 -9999.0 -9999.0 -9999.0 -9999.0 -9999.0
-9999.0 -9999.0 -9999.0 -9999.0 -9999.0 -9999.0 -9999.0 -9999.0 -9999.0 -9999.0 -9999.0 -9999.0 -9999.0 -9999.0 -9999.0 -9999.0 -9999.0 -9999.0 -9999.0 -9999.0 -9999.0 -9999.0 -9999.0 -9999.0 -9999.0 -9999.0 -9999.0 -9999.0 -9999.0 -9999.0 -9999.0 -9999.0 -9999.0 -9999.0 -9999.0 -9999.0 -9999.0 -9999.0 -9999.0 -9999.0 -9999.0 -9999.0 -9999.0 -9999.0 -9999.0 -9999.0 -9999.0 -9999.0 -9999.0 -9999.0 -9999.0 -9999.0 -9999.0 -9999.0 -9999.0 -9999.0 -9999.0 -9999.0 -9999.0 -9999.0 -9999.0 -9999.0 -9999.0 -9999.0 -9999.0 -9999.0 -9999.0 -9999.0 -9999.0 -9999.0 -9999.0 -9999.0 -9999.0 -9999.0 -9999.0 -9999.0 -9999.0 -9999.0 -9999.0 -9999.0 -9999.0 -9999.0 -9999.0 -9999.0 -9999.0 -9999.0 -9999.0 -9999.0 -9999.0 -9999.0 -9999.0 -9999.0 -9999.0 -9999.0 -9999.0 -9999.0 -9999.0 -9999.0 -9999.0 -9999.0 -9999.0 -9999.0 -9999.0 -9999.0