tests/3D/superslab/out/maps3D/PwL0079N0002.asc
ncols         104
nrows         10
xllcorner     -2.000000
yllcorner     0.000000
cellsize      1.000000
NODATA_value  -9999.0
-9999.0 -9999.0 -9999.0 -9999.0 -9999.0 -9999.0 -9999.0 -9999.0 -9999.0 -9999.0 -9999.0 -9999.0 -9999.0 -9999.0 -9999.0 -9999.0 -9999.0 -9999.0 -9999.0 -9999.0 -9999.0 -9999.0 -9999.0 -9999.0 -9999.0 -9999.0 -9999.0 -9999.0 -9999.0 -9999.0 -9999.0 -9999.0 -9999.0 -9999.0 -9999.0 -9999.0 -9999.0 -9999.0 -9999.0 -9999.0 -9999.0 -9999.0 -9999.0 -9999.0 -9999.0 -9999.0 -9999.0 -9999.0 -9999.0 -9999.0 -9999.0 -9999.0 -9999.0 -9999.0 -9999.0 -9999.0 -9999.0 -9999.0 -9999.0 -9999.0 -9999.0 -9999.0 -9999.0 -9999.0 -9999.0 -9999.0 -9999.0 -9999.0 -9999.0 -9999.0 -9999.0 -9999.0 -9999.0 -9999.0 -9999.0 -9999.0 -9999.0 -9999.0 -9999.0 -9999.0 -9999.0 -9999.0 -9999.0 -9999.0 -9999.0 -9999.0 -9999.0 -9999.0 -9999.0 -9999.0 -9999.0 -9999.0 -9999.0 -9999.0 -9999.0 -9999.0 -9999.0 -9999.0 -9999.0 -9999.0 -9999.0 -9999.0 -9999.0 -9999.0
-9999.0 -9999.0 -9999.0 -9999.0 -9999.0 -9999.0 -9999.0 -9999.0 -9999.0 -9999.0 -9999.0 -9999.0 -9999.0 -9999.0 -9999.0 -9999.0 -9999.0 -9999.0 -9999.0 -9999.0 -9999.0 -9999.0 -9999.0 -9999.0 -9999.0 -9999.0 -9999.0 -9999.0 -9999.0 -9999.0 -9999.0 -9999.0 -9999.0 -9999.0 -9999.0 -9999.0 -9999.0 -9999.0 -9999.0 -9999.0 -9999.0 -9999.0 -9999.0 -9999.0 -9999.0 -9999.0 -9999.0 -9999.0 -9999.0 -9999.0 -9999.0 -9999.0 -9999.0 -9999.0 -9999.0 -9999.0 -9999.0 -9999.0 -9999.0 -9999.0 -9999.0 -9999.0 -9999.0 -9999.0 -9999.0 -9999.0 -9999.0 -9999.0 -9999.0 -9999.0 -9999.0 -9999.0 -9999.0 -9999.0 -9999.0 -9999.0 -9999.0 -9999.0 -9999.0 -9999.0 -9999.0 -9999.0 -9999.0 -9999.0 -9999.0 -9999.0 -9999.0 -9999.0 -9999.0 -9999.0 -9999.0 -9999.0 -9999.0 -9999.0 -9999.0 -9999.0 -9999.0 -9999.0 -9999.0 -9999.0 -9999.0 -9999.0 -9999.0 -9999.0
-9999.0 -9999.0 -862.851748 -971.781244 -1028.374513 -1051.353431 -1059.822409 -1062.768261 -1063.796836 -1064.158905 -1064.286737 -1064.331874 -1064.347794 -1064.353401 -1064.355372 -1064.356063 -1064.356306 -1064.356390 -1064.356420 -1064.356430 -1064.356434 -1064.356435 -1064.356435 -1064.356436 -1064.356436 -1064.356436 -1064.356436 -1064.356436 -1064.356435 -1064.356435 -1064.356435 -1064.356434 -1064.356433 -1064.356432 -1064.356430 -1064.356427 -1064.356422 -1064.356415 -1064.356405 -1064.356391 -1064.356362 -1064.356237 -1064.355373 -1064.350226 -1064.326497 -1064.242456 -1064.010784 -1063.500154 -1062.559422 -1063.335902 -1063.767116 -1067.014594 -1064.410135 -1064.357456 -1064.356499 -1064.356454 -1064.356442 -1064.356438 -1064.356437 -1064.356436 -1064.356436 -1064.356436 -1064.356436 -1064.356437 -1064.356438 -1064.356440 -1064.356445 -1064.356454 -1064.356470 -1064.356501 -1064.356559 -1064.356663 -1064.356849 -1064.357175 -1064.357737 -1064.358687 -1064.360267 -1064.362843 -1064.366964 -1064.373433 -1064.383392 -1064.398436 -1064.420735 -1064.453182 -1064.499550 -1064.564668 -1064.654607 -1064.776880 -1064.940664 -1065.157064 -1065.439434 -1065.803809 -1066.269525 -1066.860144 -1067.604909 -1068.541130 -1069.718305 -1071.205709 -1073.107951 -1075.605259 -1079.183065 -1088.210172 -9999.0 -9999.0
-9999.0 -9999.0 -862.851748 -971.781244 -1028.374513 -1051.353431 -1059.822409 -1062.768261 -1063.796836 -1064.158905 -1064.286737 -1064.331874 -1064.347794 -1064.353401 -1064.355372 -1064.356063 -1064.356306 -1064.356390 -1064.356420 -1064.356430 -1064.356434 -1064.356435 -1064.356435 -1064.356436 -1064.356436 -1064.356436 -1064.356436 -1064.356436 -1064.356435 -1064.356435 -1064.356435 -1064.356434 -1064.356433 -1064.356432 -1064.356430 -1064.356427 -1064.356422 -1064.356415 -1064.356405 -1064.356391 -1064.356362 -1064.356237 -1064.355373 -1064.350226 -1064.326497 -1064.242456 -1064.010784 -1063.500154 -1062.559422 -1063.335902 -1063.767116 -1067.014594 -1064.410135 -1064.357456 -1064.356499 -1064.356454 -1064.356442 -1064.356438 -1064.356437 -1064.356436 -1064.356436 -1064.356436 -1064.356436 -1064.356437 -1064.356438 -1064.356440 -1064.356445 -1064.356454 -1064.356470 -1064.356501 -1064.356559 -1064.356663 -1064.356849 -1064.357175 -1064.357737 -1064.358687 -1064.360267 -1064.362843 -1064.366964 -1064.373433 -1064.383392 -1064.398436 -1064.420735 -1064.453182 -1064.499550 -1064.564668 -1064.654607 -1064.776880 -1064.940664 -1065.157064 -1065.439434 -1065.803809 -1066.269525 -1066.860144 -1067.604909 -1068.541130 -1069.718305 -1071.205709 -1073.107951 -1075.605259 -1079.183065 -1088.210172 -9999.0 -9999.0
-9999.0 -9999.0 -862.851748 -971.781244 -1028.374513 -1051.353431 -1059.822409 -1062.768261 -1063.796836 -1064.158905 -1064.286737 -1064.331874 -1064.347794 -1064.353401 -1064.355372 -1064.356063 -1064.356306 -1064.356390 -1064.356420 -1064.356430 -1064.356434 -1064.356435 -1064.356435 -1064.356436 -1064.356436 -1064.356436 -1064.356436 -1064.356436 -1064.356435 -1064.356435 -1064.356435 -1064.356434 -1064.356433 -1064.356432 -1064.356430 -1064.356427 -1064.356422 -1064.356415 -1064.356405 -1064.356391 -1064.356362 -1064.356237 -1064.355373 -1064.350226 -1064.326497 -1064.242456 -1064.010784 -1063.500154 -1062.559422 -1063.335902 -1063.767116 -1067.014594 -1064.410135 -1064.357456 -1064.356499 -1064.356454 -1064.356442 -1064.356438 -1064.356437 -1064.356436 -1064.356436 -1064.356436 -1064.356436 -1064.356437 -1064.356438 -1064.356440 -1064.356445 -1064.356454 -1064.356470 -1064.356501 -1064.356559 -1064.356663 -1064.356849 -1064.357175 -1064.357737 -1064.358687 -1064.360267 -1064.362843 -1064.366964 -1064.373433 -1064.383392 -1064.398436 -1064.420735 -1064.453182 -1064.499550 -1064.564668 -1064.654607 -1064.776880 -1064.940664 -1065.157064 -1065.439434 -1065.803809 -1066.269525 -1066.860144 -1067.604909 -1068.541130 -1069.718305 -1071.205709 -1073.107951 -1075.605259 -1079.183065 -1088.210172 -9999.0 -9999.0
-9999.0 -9999.0 -862.851748 -971.781244 -1028.374513 -1051.353431 -1059.822409 -1062.768261 -1063.796836 -1064.158905 -1064.286737 -1064.331874 -1064.347794 -1064.353401 -1064.355372 -1064.356063 -1064.356306 -1064.356390 -1064.356420 -1064.356430 -1064.356434 -1064.356435 -1064.356435 -1064.356436 -1064.356436 -1064.356436 -1064.356436 -1064.356436 -1064.356435 -1064.356435 -1064.356435 -1064.356434 -1064.356433 -1064.356432 -1064.356430 -1064.356427 -1064.356422 -1064.356415 -1064.356405 -1064.356391 -1064.356362 -1064.356237 -1064.355373 -1064.350226 -1064.326497 -1064.242456 -1064.010784 -1063.500154 -1062.559422 -1063.335902 -1063.767116 -1067.014594 -1064.410135 -1064.357456 -1064.356499 -1064.356454 -1064.356442 -1064.356438 -1064.356437 -1064.356436 -1064.356436 -1064.356436 -1064.356436 -1064.356437 -1064.356438 -1064.356440 -1064.356445 -1064.356454 -1064.356470 -1064.356501 -1064.356559 -1064.356663 -1064.356849 -1064.357175 -1064.357737 -1064.358687 -1064.360267 -1064.362843 -1064.366964 -1064.373433 -1064.383392 -1064.398436 -1064.420735 -1064.453182 -1064.499550 -1064.564668 -1064.654607 -1064.776880 -1064.940664 -1065.157064 -1065.439434 -1065.803809 -1066.269525 -1066.860144 -1067.604909 -1068.541130 -1069.718305 -1071.205709 -1073.107951 -1075.605259 -1079.183065 -1088.210172 -9999.0 -9999.0
-9999.0 -9999.0 -862.851748 -971.781244 -1028.374513 -1051.353431 -1059.822409 -1062.768261 -1063.796836 -1064.158905 -1064.286737 -1064.331874 -1064.347794 -1064.353401 -1064.355372 -1064.356063 -1064.356306 -1064.356390 -1064.356420 -1064.356430 -1064.356434 -1064.356435 -1064.356435 -1064.356436 -1064.356436 -1064.356436 -1064.356436 -1064.356436 -1064.356435 -1064.356435 -1064.356435 -1064.356434 -1064.356433 -1064.356432 -1064.356430 -1064.356427 -1064.356422 -1064.356415 -1064.356405 -1064.356391 -1064.356362 -1064.356237 -1064.355373 -1064.350226 -1064.326497 -1064.242456 -1064.010784 -1063.500154 -1062.559422 -1063.335902 -1063.767116 -1067.014594 -1064.410135 -1064.357456 -1064.356499 -1064.356454 -1064.356442 -1064.356438 -1064.356437 -1064.356436 -1064.356436 -1064.356436 -1064.356436 -1064.356437 -1064.356438 -1064.356440 -1064.356445 -1064.356454 -1064.356470 -1064.356501 -1064.356559 -1064.356663 -1064.356849 -1064.357175 -1064.357737 -1064.358687 -1064.360267 -1064.362843 -1064.366964 -1064.373433 -1064.383392 -1064.398436 -1064.420735 -1064.453182 -1064.499550 -1064.564668 -1064.654607 -1064.776880 -1064.940664 -1065.157064 -1065.439434 -1065.803809 -1066.269525 -1066.860144 -1067.604909 -1068.541130 -1069.718305 -1071.205709 -1073.107951 -1075.605259 -1079.183065 -1088.210172 -9999.0 -9999.0
-9999.0 -9999.0 -862.851748 -971.781244 -1028.374513 -1051.353431 -1059.822409 -1062.768261 -1063.796836 -1064.158905 -1064.286737 -1064.331874 -1064.347794 -1064.353401 -1064.355372 -1064.356063 -1064.356306 -1064.356390 -1064.356420 -1064.356430 -1064.356434 -1064.356435 -1064.356435 -1064.356436 -1064.356436 -1064.356436 -1064.356436 -1064.356436 -1064.356435 -1064.356435 -1064.356435 -1064.356434 -1064.356433 -1064.356432 -1064.356430 -1064.356427 -1064.356422 -1064.356415 -1064.356405 -1064.356391 -1064.356362 -1064.356237 -1064.355373 -1064.350226 -1064.326497 -1064.242456 -1064.010784 -1063.500154 -1062.559422 -1063.335902 -1063.767116 -1067.014594 -1064.410135 -1064.357456 -1064.356499 -1064.356454 -1064.356442 -1064.356438 -1064.356437 -1064.356436 -1064.356436 -1064.356436 -1064.356436 -1064.356437 -1064.356438 -1064.356440 -1064.356445 -1064.356454 -1064.356470 -1064.356501 -1064.356559 -1064.356663 -1064.356849 -1064.357175 -1064.357737 -1064.358687 -1064.360267 -1064.362843 -1064.366964 -1064.373433 -1064.383392 -1064.398436 -1064.420735 -1064.453182 -1064.499550 -1064.564668 -1064.654607 -1064.776880 -1064.940664 -1065.157064 -1065.439434 -1065.803809 -1066.269525 -1066.860144 -1067.604909 -1068.541130 -1069.718305 -1071.205709 -1073.107951 -1075.605259 -1079.183065 -1088.210172 -9999.0 -9999.0
-9999.0 -9999.0 -9999.0 -9999.0 -9999.0 -9999.0 -9999.0 -9999.0 -9999.0 -9999.0 -9999.0 -9999.0 -9999.0 -9999.0 -9999.0 -9999.0 -9999.0 -9999.0 -9999.0 -9999.0 -9999.0 -9999.0 -9999.0 -9999.0 -9999.0 -9999.0 -9999.0 -9999.0 -9999.0 -9999.0 -9999.0 -9999.0 -9999.0 -9999.0 -9999.0 -9999.0 -9999.0 -9999.0 -9999.0 -9999.0 -9999.0 -9999.0 -9999.0 -9999.0 -9999.0 -9999.0 -9999.0 -9999.0 -9999.0 -9999.0 -9999.0 -9999.0 -9999.0 -9999.0 -9999.0 -9999.0 -9999.0 -9999.0 -9999.0 -9999.0 -9999.0 -9999.0 -9999.0 -9999.0 -9999.0 -9999.0 -9999.0 -9999.0 -9999.0 -9999.0 -9999.0 -9999.0 -9999.0 -9999.0 -9999.0 -9999.0 -9999.0 -9999.0 -9999.0 -9999.0 -9999.0 -9999.0 -9999.0 -9999.0 -9999.0 -9999.0 -9999.0 -9999.0 -9999.0 -9999.0 -9999.0 -9999.0 -9999.0 -9999.0 -9999.0 -9999.0 -9999.0 -9999.0 -9999.0 -9999.0 -9999.0 -9999.0 -9999.0 -9999.0
-9999.0 -9999.0 -9999.0 -9999.0 -9999.0 -9999.0 -9999.0 -9999.0 -9999.0 -9999.0 -9999.0 -9999.0 -9999.0 -9999.0 -9999.0 -9999.0 -9999.0 -9999.0 -9999.0 -9999.0 -9999.0 -9999.0 -9999.0 -9999.0 -9999.0 -9999.0 -9999.0 -9999.0 -9999.0 -9999.0 -9999.0 -9999.0 -9999.0 -9999.0 -9999.0 -9999.0 -9999.0 -9999.0 -9999.0 -9999.0 -9999.0 -9999.0 -9999.0 -9999.0 -9999.0 -9999.0 -9999.0 -9999.0 -9999.0 -9999.0 -9999.0 -9999.0 -9999.0 -9999.0 -9999.0 -9999.0 -9999.0 -9999.0 -9999.0 -9999.0 -9999.0 -9999.0 -9999.0 -9999.0 -9999.0 -9999.0 -9999.0 -9999.0 -9999.0 -9999.0 -9999.0 -9999.0 -9999.0 -9999.0 -9999.0 -9999.0 -9999.0 -9999.0 -9999.0 -9999.0 -9999.0 -9999.0 -9999.0 -9999.0 -9999.0 -9999.0 -9999.0 -9999.0 -9999.0 -9999.0 -9999.0 -9999.0 -9999.0 -9999.0 -9999.0 -9999.0 -9999.0 -9999.0 -9999.0 -9999.0 -9999.0 -9999.0 -9999.0 -9999.0