tests/3D/superslab/out/maps3D/PwL0039N0004.asc
ncols         104
nrows         10
xllcorner     -2.000000
yllcorner     0.000000
cellsize      1.000000
NODATA_value  -9999.0
-9999.0 -9999.0 -9999.0 -9999.0 -9999.0 -9999.0 -9999.0 -9999.0 -9999.0 -9999.0 -9999.0 -9999.0 -9999.0 -9999.0 -9999.0 -9999.0 -9999.0 -9999.0 -9999.0 -9999.0 -9999.0 -9999.0 -9999.0 -9999.0 -9999.0 -9999.0 -9999.0 -9999.0 -9999.0 -9999.0 -9999.0 -9999.0 -9999.0 -9999.0 -9999.0 -9999.0 -9999.0 -9999.0 -9999.0 -9999.0 -9999.0 -9999.0 -9999.0 -9999.0 -9999.0 -9999.0 -9999.0 -9999.0 -9999.0 -9999.0 -9999.0 -9999.0 -9999.0 -9999.0 -9999.0 -9999.0 -9999.0 -9999.0 -9999.0 -9999.0 -9999.0 -9999.0 -9999.0 -9999.0 -9999.0 -9999.0 -9999.0 -9999.0 -9999.0 -9999.0 -9999.0 -9999.0 -9999.0 -9999.0 -9999.0 -9999.0 -9999.0 -9999.0 -9999.0 -9999.0 -9999.0 -9999.0 -9999.0 -9999.0 -9999.0 -9999.0 -9999.0 -9999.0 -9999.0 -9999.0 -9999.0 -9999.0 -9999.0 -9999.0 -9999.0 -9999.0 -9999.0 -9999.0 -9999.0 -9999.0 -9999.0 -9999.0 -9999.0 -9999.0
-9999.0 -9999.0 -9999.0 -9999.0 -9999.0 -9999.0 -9999.0 -9999.0 -9999.0 -9999.0 -9999.0 -9999.0 -9999.0 -9999.0 -9999.0 -9999.0 -9999.0 -9999.0 -9999.0 -9999.0 -9999.0 -9999.0 -9999.0 -9999.0 -9999.0 -9999.0 -9999.0 -9999.0 -9999.0 -9999.0 -9999.0 -9999.0 -9999.0 -9999.0 -9999.0 -9999.0 -9999.0 -9999.0 -9999.0 -9999.0 -9999.0 -9999.0 -9999.0 -9999.0 -9999.0 -9999.0 -9999.0 -9999.0 -9999.0 -9999.0 -9999.0 -9999.0 -9999.0 -9999.0 -9999.0 -9999.0 -9999.0 -9999.0 -9999.0 -9999.0 -9999.0 -9999.0 -9999.0 -9999.0 -9999.0 -9999.0 -9999.0 -9999.0 -9999.0 -9999.0 -9999.0 -9999.0 -9999.0 -9999.0 -9999.0 -9999.0 -9999.0 -9999.0 -9999.0 -9999.0 -9999.0 -9999.0 -9999.0 -9999.0 -9999.0 -9999.0 -9999.0 -9999.0 -9999.0 -9999.0 -9999.0 -9999.0 -9999.0 -9999.0 -9999.0 -9999.0 -9999.0 -9999.0 -9999.0 -9999.0 -9999.0 -9999.0 -9999.0 -9999.0
-9999.0 -9999.0 1895.265430 1796.898330 1698.756429 1599.248363 1497.445190 1393.110050 1285.945444 1174.961373 1059.222488 943.101743 828.738632 717.403906 -2777.880752 -2788.057361 412.603961 325.922029 249.227701 183.457167 128.785013 84.266632 47.752455 15.057712 -14.259122 -43.078235 -70.830349 -101.189748 -137.227973 -30.956671 141.306907 345.630042 550.620139 755.315789 671.940552 592.367581 515.573768 441.002993 366.841191 289.278564 200.783237 93.179549 -30.133637 -2850.459071 -3037.927199 -3044.549572 -3044.554453 -3044.554455 -3044.554455 -3044.554455 -3044.554455 -3044.554455 -3044.554455 -3044.554455 -3044.554452 -3044.554380 -3044.552755 -3044.517538 -3043.778695 -3028.795469 -2739.972239 997.325638 1062.124537 1050.229937 1020.169712 984.079858 944.532973 902.503853 858.611624 813.340341 767.098416 720.251210 673.136888 626.074212 579.364087 533.283876 488.072825 443.910517 400.970482 359.642373 320.071501 282.178417 245.614678 210.566278 177.169832 144.565251 113.002324 82.381325 51.263602 21.514057 -8.478807 -38.148049 -66.271579 -94.015440 -127.082953 -177.265060 -302.030664 -836.172116 -3036.172023 -3044.551579 -3044.556765 -3045.182307 -9999.0 -9999.0
-9999.0 -9999.0 1895.280558 1796.907176 1698.760537 1599.250094 1497.445896 1393.110335 1285.945560 1174.961421 1059.222507 943.101752 828.738635 717.403908 -2777.880752 -2788.057361 412.603961 325.922029 249.227701 183.457167 128.785013 84.266632 47.752455 15.057712 -14.259122 -43.078235 -70.830349 -101.189748 -137.227973 -30.956671 141.306907 345.630042 550.620139 755.315789 671.940552 592.367581 515.573768 441.002993 366.841190 289.278564 200.783237 93.179549 -30.133637 -2850.459071 -3037.927199 -3044.549572 -3044.554453 -3044.554455 -3044.554455 -3044.554455 -3044.554455 -3044.554455 -3044.554455 -3044.554455 -3044.554452 -3044.554380 -3044.552755 -3044.517538 -3043.778695 -3028.795469 -2739.972239 997.325638 1062.124540 1050.229937 1020.169714 984.079858 944.532974 902.503853 858.611625 813.340341 767.098417 720.251210 673.136889 626.074212 579.364088 533.283876 488.072825 443.910517 400.970482 359.642373 320.071501 282.178417 245.614678 210.566278 177.169832 144.565251 113.002324 82.381325 51.263602 21.514057 -8.478807 -38.148049 -66.271579 -94.015440 -127.082953 -177.265060 -302.030664 -836.172114 -3036.172023 -3044.551579 -3044.556765 -3045.182307 -9999.0 -9999.0
-9999.0 -9999.0 1895.290759 1796.913778 1698.763920 1599.251629 1497.446553 1393.110608 1285.945673 1174.961467 1059.222527 943.101760 828.738639 717.403909 -2777.880752 -2788.057361 412.603961 325.922029 249.227701 183.457167 128.785013 84.266632 47.752455 15.057712 -14.259122 -43.078235 -70.830349 -101.189748 -137.227973 -30.956671 141.306907 345.630042 550.620139 755.315789 671.940552 592.367581 515.573768 441.002993 366.841190 289.278563 200.783237 93.179549 -30.133637 -2850.459071 -3037.927199 -3044.549572 -3044.554453 -3044.554455 -3044.554455 -3044.554455 -3044.554455 -3044.554455 -3044.554455 -3044.554455 -3044.554452 -3044.554380 -3044.552755 -3044.517538 -3043.778695 -3028.795469 -2739.972239 997.325640 1062.124540 1050.229938 1020.169713 984.079859 944.532974 902.503854 858.611625 813.340342 767.098417 720.251211 673.136889 626.074212 579.364087 533.283876 488.072825 443.910517 400.970482 359.642373 320.071501 282.178417 245.614678 210.566278 177.169832 144.565251 113.002324 82.381325 51.263602 21.514057 -8.478807 -38.148049 -66.271579 -94.015440 -127.082953 -177.265060 -302.030664 -836.172110 -3036.172023 -3044.551579 -3044.556765 -3045.182307 -9999.0 -9999.0
-9999.0 -9999.0 1895.290759 1796.913778 1698.763920 1599.251629 1497.446553 1393.110608 1285.945673 1174.961467 1059.222527 943.101760 828.738639 717.403909 -2777.880752 -2788.057361 412.603961 325.922029 249.227701 183.457167 128.785013 84.266632 47.752455 15.057712 -14.259122 -43.078235 -70.830349 -101.189748 -137.227973 -30.956671 141.306907 345.630042 550.620139 755.315789 671.940552 592.367581 515.573768 441.002993 366.841190 289.278563 200.783237 93.179549 -30.133637 -2850.459071 -3037.927199 -3044.549572 -3044.554453 -3044.554455 -3044.554455 -3044.554455 -3044.554455 -3044.554455 -3044.554455 -3044.554455 -3044.554452 -3044.554380 -3044.552755 -3044.517538 -3043.778695 -3028.795469 -2739.972239 997.325639 1062.124540 1050.229938 1020.169714 984.079859 944.532974 902.503854 858.611625 813.340342 767.098417 720.251211 673.136889 626.074212 579.364087 533.283876 488.072825 443.910517 400.970482 359.642373 320.071501 282.178417 245.614678 210.566278 177.169832 144.565251 113.002324 82.381325 51.263602 21.514057 -8.478807 -38.148049 -66.271579 -94.015440 -127.082953 -177.265060 -302.030664 -836.172111 -3036.172023 -3044.551579 -3044.556765 -3045.182307 -9999.0 -9999.0
-9999.0 -9999.0 1895.280558 1796.907176 1698.760537 1599.250094 1497.445896 1393.110335 1285.945560 1174.961421 1059.222507 943.101752 828.738635 717.403908 -2777.880752 -2788.057361 412.603961 325.922029 249.227701 183.457167 128.785013 84.266632 47.752455 15.057712 -14.259122 -43.078235 -70.830349 -101.189748 -137.227973 -30.956671 141.306907 345.630042 550.620139 755.315789 671.940552 592.367581 515.573768 441.002993 366.841190 289.278564 200.783237 93.179549 -30.133637 -2850.459071 -3037.927199 -3044.549572 -3044.554453 -3044.554455 -3044.554455 -3044.554455 -3044.554455 -3044.554455 -3044.554455 -3044.554455 -3044.554452 -3044.554380 -3044.552755 -3044.517538 -3043.778695 -3028.795469 -2739.972239 997.325638 1062.124540 1050.229937 1020.169713 984.079858 944.532974 902.503853 858.611625 813.340341 767.098417 720.251210 673.136889 626.074212 579.364088 533.283876 488.072825 443.910517 400.970482 359.642373 320.071501 282.178417 245.614678 210.566278 177.169832 144.565251 113.002324 82.381325 51.263602 21.514057 -8.478807 -38.148049 -66.271579 -94.015440 -127.082953 -177.265060 -302.030664 -836.172113 -3036.172023 -3044.551579 -3044.556765 -3045.182307 -9999.0 -9999.0
-9999.0 -9999.0 1895.265430 1796.898330 1698.756429 1599.248363 1497.445190 1393.110050 1285.945444 1174.961373 1059.222488 943.101743 828.738632 717.403906 -2777.880752 -2788.057361 412.603961 325.922029 249.227701 183.457167 128.785013 84.266632 47.752455 15.057712 -14.259122 -43.078235 -70.830349 -101.189748 -137.227973 -30.956671 141.306907 345.630042 550.620139 755.315789 671.940552 592.367581 515.573768 441.002993 366.841191 289.278564 200.783237 93.179549 -30.133637 -2850.459071 -3037.927199 -3044.549572 -3044.554453 -3044.554455 -3044.554455 -3044.554455 -3044.554455 -3044.554455 -3044.554455 -3044.554455 -3044.554452 -3044.554380 -3044.552755 -3044.517538 -3043.778695 -3028.795469 -2739.972239 997.325637 1062.124538 1050.229936 1020.169712 984.079858 944.532973 902.503853 858.611624 813.340341 767.098416 720.251210 673.136888 626.074212 579.364087 533.283876 488.072825 443.910517 400.970482 359.642373 320.071501 282.178417 245.614678 210.566278 177.169832 144.565251 113.002324 82.381325 51.263602 21.514057 -8.478807 -38.148049 -66.271579 -94.015440 -127.082953 -177.265060 -302.030664 -836.172117 -3036.172023 -3044.551579 -3044.556765 -3045.182307 -9999.0 -9999.0
-9999.0 -9999.0 -9999.0 -9999.0 -9999.0 -9999.0 -9999.0 -9999.0 -9999.0 -9999.0 -9999.0 -9999.0 -9999.0 -9999.0 -9999.0 -9999.0 -9999.0 -9999.0 -9999.0 -9999.0 -9999.0 -9999.0 -9999.0 -9999.0 -9999.0 -9999.0 -9999.0 -9999.0 -9999.0 -9999.0 -9999.0 -9999.0 -9999.0 -9999.0 -9999.0 -9999.0 -9999.0 -9999.0 -9999.0 -9999.0 -9999.0 -9999.0 -9999.0 -9999.0 -9999.0 -9999.0 -9999.0 -9999.0 -9999.0 -9999.0 -9999.0 -9999.0 -9999.0 -9999.0 -9999.0 -9999.0 -9999.0 -9999.0 -9999.0 -9999.0 -9999.0 -9999.0 -9999.0 -9999.0 -9999.0 -9999.0 -9999.0 -9999.0 -9999.0 -9999.0 -9999.0 -9999.0 -9999.0 -9999.0 -9999.0 -9999.0 -9999.0 -9999.0 -9999.0 -9999.0 -9999.0 -9999.0 -9999.0 -9999.0 -9999.0 -9999.0 -9999.0 -9999.0 -9999.0 -9999.0 -9999.0 -9999.0 -9999.0 -9999.0 -9999.0 -9999.0 -9999.0 -9999.0 -9999.0 -9999.0 -9999.0 -9999.0 -9999.0 -9999.0
-9999.0 -9999.0 -9999.0 -9999.0 -9999.0 -9999.0 -9999.0 -9999.0 -9999.0 -9999.0 -9999.0 -9999.0 -9999.0 -9999.0 -9999.0 -9999.0 -9999.0 -9999.0 -9999.0 -9999.0 -9999.0 -9999.0 -9999.0 -9999.0 -9999.0 -9999.0 -9999.0 -9999.0 -9999.0 -9999.0 -9999.0 -9999.0 -9999.0 -9999.0 -9999.0 -9999.0 -9999.0 -9999.0 -9999.0 -9999.0 -9999.0 -9999.0 -9999.0 -9999.0 -9999.0 -9999.0 -9999.0 -9999.0 -9999.0 -9999.0 -9999.0 -9999.0 -9999.0 -9999.0 -9999.0 -9999.0 -9999.0 -9999.0 -9999.0 -9999.0 -9999.0 -9999.0 -9999.0 -9999.0 -9999.0 -9999.0 -9999.0 -9999.0 -9999.0 -9999.0 -9999.0 -9999.0 -9999.0 -9999.0 -9999.0 -9999.0 -9999.0 -9999.0 -9999.0 -9999.0 -9999.0 -9999.0 -9999.0 -9999.0 -9999.0 -9999.0 -9999.0 -9999.0 -9999.0 -9999.0 -9999.0 -9999.0 -9999.0 -9999.0 -9999.0 -9999.0 -9999.0 -9999.0 -9999.0 -9999.0 -9999.0 -9999.0 -9999.0 -9999.0