tests/3D/superslab/out/maps3D/PwL0081N0004.asc
ncols         104
nrows         10
xllcorner     -2.000000
yllcorner     0.000000
cellsize      1.000000
NODATA_value  -9999.0
-9999.0 -9999.0 -9999.0 -9999.0 -9999.0 -9999.0 -9999.0 -9999.0 -9999.0 -9999.0 -9999.0 -9999.0 -9999.0 -9999.0 -9999.0 -9999.0 -9999.0 -9999.0 -9999.0 -9999.0 -9999.0 -9999.0 -9999.0 -9999.0 -9999.0 -9999.0 -9999.0 -9999.0 -9999.0 -9999.0 -9999.0 -9999.0 -9999.0 -9999.0 -9999.0 -9999.0 -9999.0 -9999.0 -9999.0 -9999.0 -9999.0 -9999.0 -9999.0 -9999.0 -9999.0 -9999.0 -9999.0 -9999.0 -9999.0 -9999.0 -9999.0 -9999.0 -9999.0 -9999.0 -9999.0 -9999.0 -9999.0 -9999.0 -9999.0 -9999.0 -9999.0 -9999.0 -9999.0 -9999.0 -9999.0 -9999.0 -9999.0 -9999.0 -9999.0 -9999.0 -9999.0 -9999.0 -9999.0 -9999.0 -9999.0 -9999.0 -9999.0 -9999.0 -9999.0 -9999.0 -9999.0 -9999.0 -9999.0 -9999.0 -9999.0 -9999.0 -9999.0 -9999.0 -9999.0 -9999.0 -9999.0 -9999.0 -9999.0 -9999.0 -9999.0 -9999.0 -9999.0 -9999.0 -9999.0 -9999.0 -9999.0 -9999.0 -9999.0 -9999.0
-9999.0 -9999.0 -9999.0 -9999.0 -9999.0 -9999.0 -9999.0 -9999.0 -9999.0 -9999.0 -9999.0 -9999.0 -9999.0 -9999.0 -9999.0 -9999.0 -9999.0 -9999.0 -9999.0 -9999.0 -9999.0 -9999.0 -9999.0 -9999.0 -9999.0 -9999.0 -9999.0 -9999.0 -9999.0 -9999.0 -9999.0 -9999.0 -9999.0 -9999.0 -9999.0 -9999.0 -9999.0 -9999.0 -9999.0 -9999.0 -9999.0 -9999.0 -9999.0 -9999.0 -9999.0 -9999.0 -9999.0 -9999.0 -9999.0 -9999.0 -9999.0 -9999.0 -9999.0 -9999.0 -9999.0 -9999.0 -9999.0 -9999.0 -9999.0 -9999.0 -9999.0 -9999.0 -9999.0 -9999.0 -9999.0 -9999.0 -9999.0 -9999.0 -9999.0 -9999.0 -9999.0 -9999.0 -9999.0 -9999.0 -9999.0 -9999.0 -9999.0 -9999.0 -9999.0 -9999.0 -9999.0 -9999.0 -9999.0 -9999.0 -9999.0 -9999.0 -9999.0 -9999.0 -9999.0 -9999.0 -9999.0 -9999.0 -9999.0 -9999.0 -9999.0 -9999.0 -9999.0 -9999.0 -9999.0 -9999.0 -9999.0 -9999.0 -9999.0 -9999.0
-9999.0 -9999.0 -479.698937 -593.502077 -708.625154 -812.404056 -888.410478 -931.988373 -952.438424 -960.512737 -963.546019 -964.676789 -965.097609 -965.254082 -965.312218 -965.333799 -965.341801 -965.344762 -965.345852 -965.346246 -965.346381 -965.346417 -965.346413 -965.346391 -965.346359 -965.346318 -965.346269 -965.346212 -965.346148 -965.346076 -965.345997 -965.345911 -965.345819 -965.345722 -965.345622 -965.345521 -965.345421 -965.345324 -965.345229 -965.345118 -965.344875 -965.343972 -965.340122 -965.326653 -965.287923 -965.194533 -965.001036 -964.646645 -964.054861 -963.140724 -964.197383 -969.366080 -965.477707 -965.357710 -965.355895 -965.359341 -965.364710 -965.372310 -965.382779 -965.396968 -965.415949 -965.441030 -965.473780 -965.516048 -965.569983 -965.638045 -965.723009 -965.827968 -965.956322 -966.111770 -966.298285 -966.520101 -966.781686 -967.087726 -967.443106 -967.852900 -968.322368 -968.856967 -969.462365 -970.144486 -970.909556 -971.764183 -972.715455 -973.771070 -974.939507 -976.230239 -977.654021 -979.223247 -980.952442 -982.858904 -984.963597 -987.292393 -989.877871 -992.761983 -996.000180 -999.668085 -1003.872918 -1008.774601 -1014.629388 -1021.904364 -1031.807406 -1050.960034 -9999.0 -9999.0
-9999.0 -9999.0 -479.698937 -593.502077 -708.625154 -812.404056 -888.410478 -931.988373 -952.438424 -960.512737 -963.546019 -964.676789 -965.097609 -965.254082 -965.312218 -965.333799 -965.341801 -965.344762 -965.345852 -965.346246 -965.346381 -965.346417 -965.346413 -965.346391 -965.346359 -965.346318 -965.346269 -965.346212 -965.346148 -965.346076 -965.345997 -965.345911 -965.345819 -965.345722 -965.345622 -965.345521 -965.345421 -965.345324 -965.345229 -965.345118 -965.344875 -965.343972 -965.340122 -965.326653 -965.287923 -965.194533 -965.001036 -964.646645 -964.054861 -963.140724 -964.197383 -969.366080 -965.477707 -965.357710 -965.355895 -965.359341 -965.364710 -965.372310 -965.382779 -965.396968 -965.415949 -965.441030 -965.473780 -965.516048 -965.569983 -965.638045 -965.723009 -965.827968 -965.956322 -966.111770 -966.298285 -966.520101 -966.781686 -967.087726 -967.443106 -967.852900 -968.322368 -968.856967 -969.462365 -970.144486 -970.909556 -971.764183 -972.715455 -973.771070 -974.939507 -976.230239 -977.654021 -979.223247 -980.952442 -982.858904 -984.963597 -987.292393 -989.877871 -992.761983 -996.000180 -999.668085 -1003.872918 -1008.774601 -1014.629388 -1021.904364 -1031.807406 -1050.960034 -9999.0 -9999.0
-9999.0 -9999.0 -479.698937 -593.502077 -708.625154 -812.404056 -888.410478 -931.988373 -952.438424 -960.512737 -963.546019 -964.676789 -965.097609 -965.254082 -965.312218 -965.333799 -965.341801 -965.344762 -965.345852 -965.346246 -965.346381 -965.346417 -965.346413 -965.346391 -965.346359 -965.346318 -965.346269 -965.346212 -965.346148 -965.346076 -965.345997 -965.345911 -965.345819 -965.345722 -965.345622 -965.345521 -965.345421 -965.345324 -965.345229 -965.345118 -965.344875 -965.343972 -965.340122 -965.326653 -965.287923 -965.194533 -965.001036 -964.646645 -964.054861 -963.140724 -964.197383 -969.366080 -965.477707 -965.357710 -965.355895 -965.359341 -965.364710 -965.372310 -965.382779 -965.396968 -965.415949 -965.441030 -965.473780 -965.516048 -965.569983 -965.638045 -965.723009 -965.827968 -965.956322 -966.111770 -966.298285 -966.520101 -966.781686 -967.087726 -967.443106 -967.852900 -968.322368 -968.856967 -969.462365 -970.144486 -970.909556 -971.764183 -972.715455 -973.771070 -974.939507 -976.230239 -977.654021 -979.223247 -980.952442 -982.858904 -984.963597 -987.292393 -989.877871 -992.761983 -996.000180 -999.668085 -1003.872918 -1008.774601 -1014.629388 -1021.904364 -1031.807406 -1050.960034 -9999.0 -9999.0
-9999.0 -9999.0 -479.698937 -593.502077 -708.625154 -812.404056 -888.410478 -931.988373 -952.438424 -960.512737 -963.546019 -964.676789 -965.097609 -965.254082 -965.312218 -965.333799 -965.341801 -965.344762 -965.345852 -965.346246 -965.346381 -965.346417 -965.346413 -965.346391 -965.346359 -965.346318 -965.346269 -965.346212 -965.346148 -965.346076 -965.345997 -965.345911 -965.345819 -965.345722 -965.345622 -965.345521 -965.345421 -965.345324 -965.345229 -965.345118 -965.344875 -965.343972 -965.340122 -965.326653 -965.287923 -965.194533 -965.001036 -964.646645 -964.054861 -963.140724 -964.197383 -969.366080 -965.477707 -965.357710 -965.355895 -965.359341 -965.364710 -965.372310 -965.382779 -965.396968 -965.415949 -965.441030 -965.473780 -965.516048 -965.569983 -965.638045 -965.723009 -965.827968 -965.956322 -966.111770 -966.298285 -966.520101 -966.781686 -967.087726 -967.443106 -967.852900 -968.322368 -968.856967 -969.462365 -970.144486 -970.909556 -971.764183 -972.715455 -973.771070 -974.939507 -976.230239 -977.654021 -979.223247 -980.952442 -982.858904 -984.963597 -987.292393 -989.877871 -992.761983 -996.000180 -999.668085 -1003.872918 -1008.774601 -1014.629388 -1021.904364 -1031.807406 -1050.960034 -9999.0 -9999.0
-9999.0 -9999.0 -479.698937 -593.502077 -708.625154 -812.404056 -888.410478 -931.988373 -952.438424 -960.512737 -963.546019 -964.676789 -965.097609 -965.254082 -965.312218 -965.333799 -965.341801 -965.344762 -965.345852 -965.346246 -965.346381 -965.346417 -965.346413 -965.346391 -965.346359 -965.346318 -965.346269 -965.346212 -965.346148 -965.346076 -965.345997 -965.345911 -965.345819 -965.345722 -965.345622 -965.345521 -965.345421 -965.345324 -965.345229 -965.345118 -965.344875 -965.343972 -965.340122 -965.326653 -965.287923 -965.194533 -965.001036 -964.646645 -964.054861 -963.140724 -964.197383 -969.366080 -965.477707 -965.357710 -965.355895 -965.359341 -965.364710 -965.372310 -965.382779 -965.396968 -965.415949 -965.441030 -965.473780 -965.516048 -965.569983 -965.638045 -965.723009 -965.827968 -965.956322 -966.111770 -966.298285 -966.520101 -966.781686 -967.087726 -967.443106 -967.852900 -968.322368 -968.856967 -969.462365 -970.144486 -970.909556 -971.764183 -972.715455 -973.771070 -974.939507 -976.230239 -977.654021 -979.223247 -980.952442 -982.858904 -984.963597 -987.292393 -989.877871 -992.761983 -996.000180 -999.668085 -1003.872918 -1008.774601 -1014.629388 -1021.904364 -1031.807406 -1050.960034 -9999.0 -9999.0
-9999.0 -9999.0 -479.698937 -593.502077 -708.625154 -812.404056 -888.410478 -931.988373 -952.438424 -960.512737 -963.546019 -964.676789 -965.097609 -965.254082 -965.312218 -965.333799 -965.341801 -965.344762 -965.345852 -965.346246 -965.346381 -965.346417 -965.346413 -965.346391 -965.346359 -965.346318 -965.346269 -965.346212 -965.346148 -965.346076 -965.345997 -965.345911 -965.345819 -965.345722 -965.345622 -965.345521 -965.345421 -965.345324 -965.345229 -965.345118 -965.344875 -965.343972 -965.340122 -965.326653 -965.287923 -965.194533 -965.001036 -964.646645 -964.054861 -963.140724 -964.197383 -969.366080 -965.477707 -965.357710 -965.355895 -965.359341 -965.364710 -965.372310 -965.382779 -965.396968 -965.415949 -965.441030 -965.473780 -965.516048 -965.569983 -965.638045 -965.723009 -965.827968 -965.956322 -966.111770 -966.298285 -966.520101 -966.781686 -967.087726 -967.443106 -967.852900 -968.322368 -968.856967 -969.462365 -970.144486 -970.909556 -971.764183 -972.715455 -973.771070 -974.939507 -976.230239 -977.654021 -979.223247 -980.952442 -982.858904 -984.963597 -987.292393 -989.877871 -992.761983 -996.000180 -999.668085 -1003.872918 -1008.774601 -1014.629388 -1021.904364 -1031.807406 -1050.960034 -9999.0 -9999.0
-9999.0 -9999.0 -9999.0 -9999.0 -9999.0 -9999.0 -9999.0 -9999.0 -9999.0 -9999.0 -9999.0 -9999.0 -9999.0 -9999.0 -9999.0 -9999.0 -9999.0 -9999.0 -9999.0 -9999.0 -9999.0 -9999.0 -9999.0 -9999.0 -9999.0 -9999.0 -9999.0 -9999.0 -9999.0 -9999.0 -9999.0 -9999.0 -9999.0 -9999.0 -9999.0 -9999.0 -9999.0 -9999.0 -9999.0 -9999.0 -9999.0 -9999.0 -9999.0 -9999.0 -9999.0 -9999.0 -9999.0 -9999.0 -9999.0 -9999.0 -9999.0 -9999.0 -9999.0 -9999.0 -9999.0 -9999.0 -9999.0 -9999.0 -9999.0 -9999.0 -9999.0 -9999.0 -9999.0 -9999.0 -9999.0 -9999.0 -9999.0 -9999.0 -9999.0 -9999.0 -9999.0 -9999.0 -9999.0 -9999.0 -9999.0 -9999.0 -9999.0 -9999.0 -9999.0 -9999.0 -9999.0 -9999.0 -9999.0 -9999.0 -9999.0 -9999.0 -9999.0 -9999.0 -9999.0 -9999.0 -9999.0 -9999.0 -9999.0 -9999.0 -9999.0 -9999.0 -9999.0 -9999.0 -9999.0 -9999.0 -9999.0 -9999.0 -9999.0 -9999.0
-9999.0 -9999.0 -9999.0 -9999.0 -9999.0 -9999.0 -9999.0 -9999.0 -9999.0 -9999.0 -9999.0 -9999.0 -9999.0 -9999.0 -9999.0 -9999.0 -9999.0 -9999.0 -9999.0 -9999.0 -9999.0 -9999.0 -9999.0 -9999.0 -9999.0 -9999.0 -9999.0 -9999.0 -9999.0 -9999.0 -9999.0 -9999.0 -9999.0 -9999.0 -9999.0 -9999.0 -9999.0 -9999.0 -9999.0 -9999.0 -9999.0 -9999.0 -9999.0 -9999.0 -9999.0 -9999.0 -9999.0 -9999.0 -9999.0 -9999.0 -9999.0 -9999.0 -9999.0 -9999.0 -9999.0 -9999.0 -9999.0 -9999.0 -9999.0 -9999.0 -9999.0 -9999.0 -9999.0 -9999.0 -9999.0 -9999.0 -9999.0 -9999.0 -9999.0 -9999.0 -9999.0 -9999.0 -9999.0 -9999.0 -9999.0 -9999.0 -9999.0 -9999.0 -9999.0 -9999.0 -9999.0 -9999.0 -9999.0 -9999.0 -9999.0 -9999.0 -9999.0 -9999.0 -9999.0 -9999.0 -9999.0 -9999.0 -9999.0 -9999.0 -9999.0 -9999.0 -9999.0 -9999.0 -9999.0 -9999.0 -9999.0 -9999.0 -9999.0 -9999.0