tests/3D/superslab/out/maps3D/PwL0091N0006.asc
ncols         104
nrows         10
xllcorner     -2.000000
yllcorner     0.000000
cellsize      1.000000
NODATA_value  -9999.0
-9999.0 -9999.0 -9999.0 -9999.0 -9999.0 -9999.0 -9999.0 -9999.0 -9999.0 -9999.0 -9999.0 -9999.0 -9999.0 -9999.0 -9999.0 -9999.0 -9999.0 -9999.0 -9999.0 -9999.0 -9999.0 -9999.0 -9999.0 -9999.0 -9999.0 -9999.0 -9999.0 -9999.0 -9999.0 -9999.0 -9999.0 -9999.0 -9999.0 -9999.0 -9999.0 -9999.0 -9999.0 -9999.0 -9999.0 -9999.0 -9999.0 -9999.0 -9999.0 -9999.0 -9999.0 -9999.0 -9999.0 -9999.0 -9999.0 -9999.0 -9999.0 -9999.0 -9999.0 -9999.0 -9999.0 -9999.0 -9999.0 -9999.0 -9999.0 -9999.0 -9999.0 -9999.0 -9999.0 -9999.0 -9999.0 -9999.0 -9999.0 -9999.0 -9999.0 -9999.0 -9999.0 -9999.0 -9999.0 -9999.0 -9999.0 -9999.0 -9999.0 -9999.0 -9999.0 -9999.0 -9999.0 -9999.0 -9999.0 -9999.0 -9999.0 -9999.0 -9999.0 -9999.0 -9999.0 -9999.0 -9999.0 -9999.0 -9999.0 -9999.0 -9999.0 -9999.0 -9999.0 -9999.0 -9999.0 -9999.0 -9999.0 -9999.0 -9999.0 -9999.0
-9999.0 -9999.0 -9999.0 -9999.0 -9999.0 -9999.0 -9999.0 -9999.0 -9999.0 -9999.0 -9999.0 -9999.0 -9999.0 -9999.0 -9999.0 -9999.0 -9999.0 -9999.0 -9999.0 -9999.0 -9999.0 -9999.0 -9999.0 -9999.0 -9999.0 -9999.0 -9999.0 -9999.0 -9999.0 -9999.0 -9999.0 -9999.0 -9999.0 -9999.0 -9999.0 -9999.0 -9999.0 -9999.0 -9999.0 -9999.0 -9999.0 -9999.0 -9999.0 -9999.0 -9999.0 -9999.0 -9999.0 -9999.0 -9999.0 -9999.0 -9999.0 -9999.0 -9999.0 -9999.0 -9999.0 -9999.0 -9999.0 -9999.0 -9999.0 -9999.0 -9999.0 -9999.0 -9999.0 -9999.0 -9999.0 -9999.0 -9999.0 -9999.0 -9999.0 -9999.0 -9999.0 -9999.0 -9999.0 -9999.0 -9999.0 -9999.0 -9999.0 -9999.0 -9999.0 -9999.0 -9999.0 -9999.0 -9999.0 -9999.0 -9999.0 -9999.0 -9999.0 -9999.0 -9999.0 -9999.0 -9999.0 -9999.0 -9999.0 -9999.0 -9999.0 -9999.0 -9999.0 -9999.0 -9999.0 -9999.0 -9999.0 -9999.0 -9999.0 -9999.0
-9999.0 -9999.0 157.653803 59.294946 -36.827695 -129.818065 -218.270547 -299.661641 -368.539400 -418.338088 -448.224073 -461.525945 -466.904748 -468.998766 -469.801860 -470.108018 -470.224454 -470.268730 -470.285645 -470.292255 -470.294942 -470.296324 -470.297399 -470.298602 -470.300177 -470.302330 -470.305283 -470.309305 -470.314734 -470.321993 -470.331605 -470.344218 -470.360613 -470.381726 -470.408665 -470.442719 -470.485369 -470.538293 -470.603368 -470.682658 -470.778395 -470.892945 -471.028740 -471.188183 -471.373539 -471.586851 -471.829894 -472.104130 -472.410713 -472.752950 -473.164902 -473.874534 -474.182910 -474.707044 -475.298933 -475.945610 -476.646909 -477.403784 -478.217353 -479.088753 -480.019097 -481.009479 -482.060992 -483.174755 -484.351934 -485.593779 -486.901652 -488.277055 -489.721671 -491.237392 -492.826363 -494.491021 -496.234142 -498.058893 -499.968889 -501.968266 -504.061757 -506.254786 -508.553584 -510.965322 -513.498279 -516.162043 -518.967766 -521.928482 -525.059510 -528.378972 -531.908472 -535.673986 -539.707066 -544.046476 -548.740489 -553.850157 -559.454120 -565.655894 -572.595335 -580.467511 -589.555557 -600.292073 -613.385391 -630.118482 -653.241671 -690.881725 -9999.0 -9999.0
-9999.0 -9999.0 157.653803 59.294946 -36.827695 -129.818065 -218.270547 -299.661641 -368.539400 -418.338088 -448.224073 -461.525945 -466.904748 -468.998766 -469.801860 -470.108018 -470.224454 -470.268730 -470.285645 -470.292255 -470.294942 -470.296324 -470.297399 -470.298602 -470.300177 -470.302330 -470.305283 -470.309305 -470.314734 -470.321993 -470.331605 -470.344218 -470.360613 -470.381726 -470.408665 -470.442719 -470.485369 -470.538293 -470.603368 -470.682658 -470.778395 -470.892945 -471.028740 -471.188183 -471.373539 -471.586851 -471.829894 -472.104130 -472.410713 -472.752950 -473.164902 -473.874534 -474.182910 -474.707044 -475.298933 -475.945610 -476.646909 -477.403784 -478.217353 -479.088753 -480.019097 -481.009479 -482.060992 -483.174755 -484.351934 -485.593779 -486.901652 -488.277055 -489.721671 -491.237392 -492.826363 -494.491021 -496.234142 -498.058893 -499.968889 -501.968266 -504.061757 -506.254786 -508.553584 -510.965322 -513.498279 -516.162043 -518.967766 -521.928482 -525.059510 -528.378972 -531.908472 -535.673986 -539.707066 -544.046476 -548.740489 -553.850157 -559.454120 -565.655894 -572.595335 -580.467511 -589.555557 -600.292073 -613.385391 -630.118482 -653.241671 -690.881725 -9999.0 -9999.0
-9999.0 -9999.0 157.653803 59.294946 -36.827695 -129.818065 -218.270547 -299.661641 -368.539400 -418.338088 -448.224073 -461.525945 -466.904748 -468.998766 -469.801860 -470.108018 -470.224454 -470.268730 -470.285645 -470.292255 -470.294942 -470.296324 -470.297399 -470.298602 -470.300177 -470.302330 -470.305283 -470.309305 -470.314734 -470.321993 -470.331605 -470.344218 -470.360613 -470.381726 -470.408665 -470.442719 -470.485369 -470.538293 -470.603368 -470.682658 -470.778395 -470.892945 -471.028740 -471.188183 -471.373539 -471.586851 -471.829894 -472.104130 -472.410713 -472.752950 -473.164902 -473.874534 -474.182910 -474.707044 -475.298933 -475.945610 -476.646909 -477.403784 -478.217353 -479.088753 -480.019097 -481.009479 -482.060992 -483.174755 -484.351934 -485.593779 -486.901652 -488.277055 -489.721671 -491.237392 -492.826363 -494.491021 -496.234142 -498.058893 -499.968889 -501.968266 -504.061757 -506.254786 -508.553584 -510.965322 -513.498279 -516.162043 -518.967766 -521.928482 -525.059510 -528.378972 -531.908472 -535.673986 -539.707066 -544.046476 -548.740489 -553.850157 -559.454120 -565.655894 -572.595335 -580.467511 -589.555557 -600.292073 -613.385391 -630.118482 -653.241671 -690.881725 -9999.0 -9999.0
-9999.0 -9999.0 157.653803 59.294946 -36.827695 -129.818065 -218.270547 -299.661641 -368.539400 -418.338088 -448.224073 -461.525945 -466.904748 -468.998766 -469.801860 -470.108018 -470.224454 -470.268730 -470.285645 -470.292255 -470.294942 -470.296324 -470.297399 -470.298602 -470.300177 -470.302330 -470.305283 -470.309305 -470.314734 -470.321993 -470.331605 -470.344218 -470.360613 -470.381726 -470.408665 -470.442719 -470.485369 -470.538293 -470.603368 -470.682658 -470.778395 -470.892945 -471.028740 -471.188183 -471.373539 -471.586851 -471.829894 -472.104130 -472.410713 -472.752950 -473.164902 -473.874534 -474.182910 -474.707044 -475.298933 -475.945610 -476.646909 -477.403784 -478.217353 -479.088753 -480.019097 -481.009479 -482.060992 -483.174755 -484.351934 -485.593779 -486.901652 -488.277055 -489.721671 -491.237392 -492.826363 -494.491021 -496.234142 -498.058893 -499.968889 -501.968266 -504.061757 -506.254786 -508.553584 -510.965322 -513.498279 -516.162043 -518.967766 -521.928482 -525.059510 -528.378972 -531.908472 -535.673986 -539.707066 -544.046476 -548.740489 -553.850157 -559.454120 -565.655894 -572.595335 -580.467511 -589.555557 -600.292073 -613.385391 -630.118482 -653.241671 -690.881725 -9999.0 -9999.0
-9999.0 -9999.0 157.653803 59.294946 -36.827695 -129.818065 -218.270547 -299.661641 -368.539400 -418.338088 -448.224073 -461.525945 -466.904748 -468.998766 -469.801860 -470.108018 -470.224454 -470.268730 -470.285645 -470.292255 -470.294942 -470.296324 -470.297399 -470.298602 -470.300177 -470.302330 -470.305283 -470.309305 -470.314734 -470.321993 -470.331605 -470.344218 -470.360613 -470.381726 -470.408665 -470.442719 -470.485369 -470.538293 -470.603368 -470.682658 -470.778395 -470.892945 -471.028740 -471.188183 -471.373539 -471.586851 -471.829894 -472.104130 -472.410713 -472.752950 -473.164902 -473.874534 -474.182910 -474.707044 -475.298933 -475.945610 -476.646909 -477.403784 -478.217353 -479.088753 -480.019097 -481.009479 -482.060992 -483.174755 -484.351934 -485.593779 -486.901652 -488.277055 -489.721671 -491.237392 -492.826363 -494.491021 -496.234142 -498.058893 -499.968889 -501.968266 -504.061757 -506.254786 -508.553584 -510.965322 -513.498279 -516.162043 -518.967766 -521.928482 -525.059510 -528.378972 -531.908472 -535.673986 -539.707066 -544.046476 -548.740489 -553.850157 -559.454120 -565.655894 -572.595335 -580.467511 -589.555557 -600.292073 -613.385391 -630.118482 -653.241671 -690.881725 -9999.0 -9999.0
-9999.0 -9999.0 157.653803 59.294946 -36.827695 -129.818065 -218.270547 -299.661641 -368.539400 -418.338088 -448.224073 -461.525945 -466.904748 -468.998766 -469.801860 -470.108018 -470.224454 -470.268730 -470.285645 -470.292255 -470.294942 -470.296324 -470.297399 -470.298602 -470.300177 -470.302330 -470.305283 -470.309305 -470.314734 -470.321993 -470.331605 -470.344218 -470.360613 -470.381726 -470.408665 -470.442719 -470.485369 -470.538293 -470.603368 -470.682658 -470.778395 -470.892945 -471.028740 -471.188183 -471.373539 -471.586851 -471.829894 -472.104130 -472.410713 -472.752950 -473.164902 -473.874534 -474.182910 -474.707044 -475.298933 -475.945610 -476.646909 -477.403784 -478.217353 -479.088753 -480.019097 -481.009479 -482.060992 -483.174755 -484.351934 -485.593779 -486.901652 -488.277055 -489.721671 -491.237392 -492.826363 -494.491021 -496.234142 -498.058893 -499.968889 -501.968266 -504.061757 -506.254786 -508.553584 -510.965322 -513.498279 -516.162043 -518.967766 -521.928482 -525.059510 -528.378972 -531.908472 -535.673986 -539.707066 -544.046476 -548.740489 -553.850157 -559.454120 -565.655894 -572.595335 -580.467511 -589.555557 -600.292073 -613.385391 -630.118482 -653.241671 -690.881725 -9999.0 -9999.0
-9999.0 -9999.0 -9999.0 -9999.0 -9999.0 -9999.0 -9999.0 -9999.0 -9999.0 -9999.0 -9999.0 -9999.0 -9999.0 -9999.0 -9999.0 -9999.0 -9999.0 -9999.0 -9999.0 -9999.0 -9999.0 -9999.0 -9999.0 -9999.0 -9999.0 -9999.0 -9999.0 -9999.0 -9999.0 -9999.0 -9999.0 -9999.0 -9999.0 -9999.0 -9999.0 -9999.0 -9999.0 -9999.0 -9999.0 -9999.0 -9999.0 -9999.0 -9999.0 -9999.0 -9999.0 -9999.0 -9999.0 -9999.0 -9999.0 -9999.0 -9999.0 -9999.0 -9999.0 -9999.0 -9999.0 -9999.0 -9999.0 -9999.0 -9999.0 -9999.0 -9999.0 -9999.0 -9999.0 -9999.0 -9999.0 -9999.0 -9999.0 -9999.0 -9999.0 -9999.0 -9999.0 -9999.0 -9999.0 -9999.0 -9999.0 -9999.0 -9999.0 -9999.0 -9999.0 -9999.0 -9999.0 -9999.0 -9999.0 -9999.0 -9999.0 -9999.0 -9999.0 -9999.0 -9999.0 -9999.0 -9999.0 -9999.0 -9999.0 -9999.0 -9999.0 -9999.0 -9999.0 -9999.0 -9999.0 -9999.0 -9999.0 -9999.0 -9999.0 -9999.0
-9999.0 -9999.0 -9999.0 -9999.0 -9999.0 -9999.0 -9999.0 -9999.0 -9999.0 -9999.0 -9999.0 -9999.0 -9999.0 -9999.0 -9999.0 -9999.0 -9999.0 -9999.0 -9999.0 -9999.0 -9999.0 -9999.0 -9999.0 -9999.0 -9999.0 -9999.0 -9999.0 -9999.0 -9999.0 -9999.0 -9999.0 -9999.0 -9999.0 -9999.0 -9999.0 -9999.0 -9999.0 -9999.0 -9999.0 -9999.0 -9999.0 -9999.0 -9999.0 -9999.0 -9999.0 -9999.0 -9999.0 -9999.0 -9999.0 -9999.0 -9999.0 -9999.0 -9999.0 -9999.0 -9999.0 -9999.0 -9999.0 -9999.0 -9999.0 -9999.0 -9999.0 -9999.0 -9999.0 -9999.0 -9999.0 -9999.0 -9999.0 -9999.0 -9999.0 -9999.0 -9999.0 -9999.0 -9999.0 -9999.0 -9999.0 -9999.0 -9999.0 -9999.0 -9999.0 -9999.0 -9999.0 -9999.0 -9999.0 -9999.0 -9999.0 -9999.0 -9999.0 -9999.0 -9999.0 -9999.0 -9999.0 -9999.0 -9999.0 -9999.0 -9999.0 -9999.0 -9999.0 -9999.0 -9999.0 -9999.0 -9999.0 -9999.0 -9999.0 -9999.0