tests/3D/superslab/out/maps3D/PwL0028N0003.asc
ncols         104
nrows         10
xllcorner     -2.000000
yllcorner     0.000000
cellsize      1.000000
NODATA_value  -9999.0
-9999.0 -9999.0 -9999.0 -9999.0 -9999.0 -9999.0 -9999.0 -9999.0 -9999.0 -9999.0 -9999.0 -9999.0 -9999.0 -9999.0 -9999.0 -9999.0 -9999.0 -9999.0 -9999.0 -9999.0 -9999.0 -9999.0 -9999.0 -9999.0 -9999.0 -9999.0 -9999.0 -9999.0 -9999.0 -9999.0 -9999.0 -9999.0 -9999.0 -9999.0 -9999.0 -9999.0 -9999.0 -9999.0 -9999.0 -9999.0 -9999.0 -9999.0 -9999.0 -9999.0 -9999.0 -9999.0 -9999.0 -9999.0 -9999.0 -9999.0 -9999.0 -9999.0 -9999.0 -9999.0 -9999.0 -9999.0 -9999.0 -9999.0 -9999.0 -9999.0 -9999.0 -9999.0 -9999.0 -9999.0 -9999.0 -9999.0 -9999.0 -9999.0 -9999.0 -9999.0 -9999.0 -9999.0 -9999.0 -9999.0 -9999.0 -9999.0 -9999.0 -9999.0 -9999.0 -9999.0 -9999.0 -9999.0 -9999.0 -9999.0 -9999.0 -9999.0 -9999.0 -9999.0 -9999.0 -9999.0 -9999.0 -9999.0 -9999.0 -9999.0 -9999.0 -9999.0 -9999.0 -9999.0 -9999.0 -9999.0 -9999.0 -9999.0 -9999.0 -9999.0
-9999.0 -9999.0 -9999.0 -9999.0 -9999.0 -9999.0 -9999.0 -9999.0 -9999.0 -9999.0 -9999.0 -9999.0 -9999.0 -9999.0 -9999.0 -9999.0 -9999.0 -9999.0 -9999.0 -9999.0 -9999.0 -9999.0 -9999.0 -9999.0 -9999.0 -9999.0 -9999.0 -9999.0 -9999.0 -9999.0 -9999.0 -9999.0 -9999.0 -9999.0 -9999.0 -9999.0 -9999.0 -9999.0 -9999.0 -9999.0 -9999.0 -9999.0 -9999.0 -9999.0 -9999.0 -9999.0 -9999.0 -9999.0 -9999.0 -9999.0 -9999.0 -9999.0 -9999.0 -9999.0 -9999.0 -9999.0 -9999.0 -9999.0 -9999.0 -9999.0 -9999.0 -9999.0 -9999.0 -9999.0 -9999.0 -9999.0 -9999.0 -9999.0 -9999.0 -9999.0 -9999.0 -9999.0 -9999.0 -9999.0 -9999.0 -9999.0 -9999.0 -9999.0 -9999.0 -9999.0 -9999.0 -9999.0 -9999.0 -9999.0 -9999.0 -9999.0 -9999.0 -9999.0 -9999.0 -9999.0 -9999.0 -9999.0 -9999.0 -9999.0 -9999.0 -9999.0 -9999.0 -9999.0 -9999.0 -9999.0 -9999.0 -9999.0 -9999.0 -9999.0
-9999.0 -9999.0 1357.455347 1261.499179 1166.592123 1070.107712 970.449170 867.129679 759.557397 645.483655 521.074189 394.849142 269.634938 147.552005 30.035278 -28.359756 -57.164528 -90.461281 -107.183077 -119.427850 -132.924299 -150.290321 -172.820466 -201.008460 33.887648 164.899712 389.747842 617.863418 698.301451 629.492071 566.762130 509.339964 456.947420 409.033384 364.771482 323.536188 283.949071 244.019281 201.928815 154.315726 94.695993 6.368542 -166.495457 -618.858376 -3568.443649 -3589.105021 -3589.108910 -3589.108911 -3589.108911 -3589.108911 -3589.108911 -3589.108911 -3589.108911 -3589.108911 -3589.108911 -3589.108911 -3589.108911 -3589.108906 -3589.078423 -3430.952393 970.754642 1089.368952 1214.438239 1152.189356 1081.491616 1008.947168 935.171263 860.702877 786.410989 713.100467 641.771767 573.173365 508.295537 447.824947 392.288060 342.044794 297.189108 257.336646 222.055074 191.044406 162.779986 137.439900 113.389181 90.752372 68.606337 46.380258 24.368336 0.991516 -22.025459 -47.188650 -71.285969 -97.444733 -121.165841 -146.321320 -177.263257 -222.979704 -325.181193 -554.477552 -3031.378068 -3589.036009 -3589.109461 -3589.420262 -9999.0 -9999.0
-9999.0 -9999.0 1357.486087 1261.515032 1166.598786 1070.110368 970.450223 867.130103 759.557573 645.483730 521.074222 394.849157 269.634946 147.552010 30.035283 -28.359755 -57.164528 -90.461281 -107.183077 -119.427850 -132.924298 -150.290320 -172.820465 -201.008460 33.887648 164.899714 389.747843 617.863418 698.301452 629.492072 566.762130 509.339964 456.947420 409.033384 364.771481 323.536189 283.949070 244.019281 201.928816 154.315726 94.695993 6.368542 -166.495457 -618.858376 -3568.443649 -3589.105021 -3589.108910 -3589.108911 -3589.108911 -3589.108911 -3589.108911 -3589.108911 -3589.108911 -3589.108911 -3589.108911 -3589.108911 -3589.108911 -3589.108906 -3589.078423 -3430.952393 970.754642 1089.368952 1214.438239 1152.189356 1081.491617 1008.947167 935.171263 860.702877 786.410990 713.100467 641.771767 573.173365 508.295537 447.824947 392.288060 342.044794 297.189108 257.336646 222.055074 191.044406 162.779986 137.439900 113.389181 90.752372 68.606337 46.380258 24.368336 0.991516 -22.025459 -47.188650 -71.285969 -97.444733 -121.165841 -146.321320 -177.263257 -222.979704 -325.181192 -554.477551 -3031.378061 -3589.036009 -3589.109461 -3589.420262 -9999.0 -9999.0
-9999.0 -9999.0 1357.503409 1261.525633 1166.603965 1070.112661 970.451192 867.130508 759.557745 645.483804 521.074255 394.849173 269.634954 147.552015 30.035288 -28.359754 -57.164528 -90.461281 -107.183077 -119.427850 -132.924298 -150.290320 -172.820465 -201.008460 33.887649 164.899714 389.747844 617.863419 698.301452 629.492072 566.762130 509.339964 456.947420 409.033384 364.771482 323.536188 283.949070 244.019281 201.928815 154.315726 94.695993 6.368541 -166.495457 -618.858376 -3568.443649 -3589.105021 -3589.108910 -3589.108911 -3589.108911 -3589.108911 -3589.108911 -3589.108911 -3589.108911 -3589.108911 -3589.108911 -3589.108911 -3589.108911 -3589.108906 -3589.078423 -3430.952393 970.754642 1089.368952 1214.438239 1152.189356 1081.491616 1008.947168 935.171263 860.702877 786.410989 713.100467 641.771767 573.173365 508.295537 447.824947 392.288060 342.044794 297.189108 257.336646 222.055074 191.044406 162.779986 137.439900 113.389181 90.752372 68.606337 46.380258 24.368336 0.991516 -22.025459 -47.188650 -71.285969 -97.444733 -121.165841 -146.321320 -177.263257 -222.979703 -325.181192 -554.477549 -3031.378049 -3589.036009 -3589.109461 -3589.420262 -9999.0 -9999.0
-9999.0 -9999.0 1357.503409 1261.525633 1166.603965 1070.112661 970.451192 867.130508 759.557745 645.483804 521.074255 394.849173 269.634954 147.552015 30.035288 -28.359754 -57.164528 -90.461281 -107.183077 -119.427850 -132.924298 -150.290320 -172.820465 -201.008460 33.887649 164.899714 389.747843 617.863419 698.301452 629.492072 566.762130 509.339964 456.947420 409.033384 364.771482 323.536188 283.949070 244.019281 201.928815 154.315726 94.695993 6.368541 -166.495457 -618.858376 -3568.443649 -3589.105021 -3589.108910 -3589.108911 -3589.108911 -3589.108911 -3589.108911 -3589.108911 -3589.108911 -3589.108911 -3589.108911 -3589.108911 -3589.108911 -3589.108906 -3589.078423 -3430.952393 970.754642 1089.368952 1214.438239 1152.189356 1081.491617 1008.947167 935.171263 860.702877 786.410990 713.100467 641.771767 573.173365 508.295537 447.824947 392.288060 342.044794 297.189108 257.336646 222.055074 191.044406 162.779986 137.439900 113.389181 90.752372 68.606337 46.380258 24.368336 0.991516 -22.025459 -47.188650 -71.285969 -97.444733 -121.165841 -146.321320 -177.263257 -222.979703 -325.181192 -554.477549 -3031.378051 -3589.036009 -3589.109461 -3589.420262 -9999.0 -9999.0
-9999.0 -9999.0 1357.486087 1261.515032 1166.598786 1070.110368 970.450223 867.130103 759.557573 645.483730 521.074222 394.849157 269.634946 147.552010 30.035283 -28.359755 -57.164528 -90.461281 -107.183077 -119.427850 -132.924298 -150.290320 -172.820465 -201.008460 33.887648 164.899713 389.747843 617.863418 698.301452 629.492072 566.762130 509.339964 456.947420 409.033384 364.771481 323.536189 283.949070 244.019281 201.928816 154.315726 94.695993 6.368542 -166.495457 -618.858376 -3568.443649 -3589.105021 -3589.108910 -3589.108911 -3589.108911 -3589.108911 -3589.108911 -3589.108911 -3589.108911 -3589.108911 -3589.108911 -3589.108911 -3589.108911 -3589.108906 -3589.078423 -3430.952393 970.754642 1089.368952 1214.438239 1152.189356 1081.491616 1008.947168 935.171263 860.702877 786.410989 713.100467 641.771767 573.173365 508.295537 447.824947 392.288060 342.044794 297.189108 257.336646 222.055074 191.044406 162.779986 137.439900 113.389181 90.752372 68.606337 46.380258 24.368336 0.991516 -22.025459 -47.188650 -71.285969 -97.444733 -121.165841 -146.321320 -177.263257 -222.979703 -325.181193 -554.477551 -3031.378059 -3589.036009 -3589.109461 -3589.420262 -9999.0 -9999.0
-9999.0 -9999.0 1357.455347 1261.499179 1166.592123 1070.107712 970.449170 867.129679 759.557397 645.483655 521.074189 394.849142 269.634938 147.552005 30.035278 -28.359756 -57.164528 -90.461281 -107.183077 -119.427850 -132.924299 -150.290321 -172.820466 -201.008460 33.887648 164.899712 389.747842 617.863418 698.301451 629.492071 566.762130 509.339964 456.947420 409.033384 364.771482 323.536188 283.949071 244.019281 201.928815 154.315726 94.695993 6.368542 -166.495457 -618.858376 -3568.443649 -3589.105021 -3589.108910 -3589.108911 -3589.108911 -3589.108911 -3589.108911 -3589.108911 -3589.108911 -3589.108911 -3589.108911 -3589.108911 -3589.108911 -3589.108906 -3589.078423 -3430.952393 970.754642 1089.368952 1214.438239 1152.189356 1081.491617 1008.947167 935.171263 860.702877 786.410990 713.100467 641.771767 573.173365 508.295537 447.824947 392.288060 342.044794 297.189108 257.336646 222.055074 191.044406 162.779986 137.439900 113.389181 90.752372 68.606337 46.380258 24.368336 0.991516 -22.025459 -47.188650 -71.285969 -97.444733 -121.165841 -146.321320 -177.263257 -222.979704 -325.181193 -554.477553 -3031.378070 -3589.036009 -3589.109461 -3589.420262 -9999.0 -9999.0
-9999.0 -9999.0 -9999.0 -9999.0 -9999.0 -9999.0 -9999.0 -9999.0 -9999.0 -9999.0 -9999.0 -9999.0 -9999.0 -9999.0 -9999.0 -9999.0 -9999.0 -9999.0 -9999.0 -9999.0 -9999.0 -9999.0 -9999.0 -9999.0 -9999.0 -9999.0 -9999.0 -9999.0 -9999.0 -9999.0 -9999.0 -9999.0 -9999.0 -9999.0 -9999.0 -9999.0 -9999.0 -9999.0 -9999.0 -9999.0 -9999.0 -9999.0 -9999.0 -9999.0 -9999.0 -9999.0 -9999.0 -9999.0 -9999.0 -9999.0 -9999.0 -9999.0 -9999.0 -9999.0 -9999.0 -9999.0 -9999.0 -9999.0 -9999.0 -9999.0 -9999.0 -9999.0 -9999.0 -9999.0 -9999.0 -9999.0 -9999.0 -9999.0 -9999.0 -9999.0 -9999.0 -9999.0 -9999.0 -9999.0 -9999.0 -9999.0 -9999.0 -9999.0 -9999.0 -9999.0 -9999.0 -9999.0 -9999.0 -9999.0 -9999.0 -9999.0 -9999.0 -9999.0 -9999.0 -9999.0 -9999.0 -9999.0 -9999.0 -9999.0 -9999.0 -9999.0 -9999.0 -9999.0 -9999.0 -9999.0 -9999.0 -9999.0 -9999.0 -9999.0
-9999.0 -9999.0 -9999.0 -9999.0 -9999.0 -9999.0 -9999.0 -9999.0 -9999.0 -9999.0 -9999.0 -9999.0 -9999.0 -9999.0 -9999.0 -9999.0 -9999.0 -9999.0 -9999.0 -9999.0 -9999.0 -9999.0 -9999.0 -9999.0 -9999.0 -9999.0 -9999.0 -9999.0 -9999.0 -9999.0 -9999.0 -9999.0 -9999.0 -9999.0 -9999.0 -9999.0 -9999.0 -9999.0 -9999.0 -9999.0 -9999.0 -9999.0 -9999.0 -9999.0 -9999.0 -9999.0 -9999.0 -9999.0 -9999.0 -9999.0 -9999.0 -9999.0 -9999.0 -9999.0 -9999.0 -9999.0 -9999.0 -9999.0 -9999.0 -9999.0 -9999.0 -9999.0 -9999.0 -9999.0 -9999.0 -9999.0 -9999.0 -9999.0 -9999.0 -9999.0 -9999.0 -9999.0 -9999.0 -9999.0 -9999.0 -9999.0 -9999.0 -9999.0 -9999.0 -9999.0 -9999.0 -9999.0 -9999.0 -9999.0 -9999.0 -9999.0 -9999.0 -9999.0 -9999.0 -9999.0 -9999.0 -9999.0 -9999.0 -9999.0 -9999.0 -9999.0 -9999.0 -9999.0 -9999.0 -9999.0 -9999.0 -9999.0 -9999.0 -9999.0