tests/3D/superslab/out/maps3D/PwL0019N0002.asc
ncols         104
nrows         10
xllcorner     -2.000000
yllcorner     0.000000
cellsize      1.000000
NODATA_value  -9999.0
-9999.0 -9999.0 -9999.0 -9999.0 -9999.0 -9999.0 -9999.0 -9999.0 -9999.0 -9999.0 -9999.0 -9999.0 -9999.0 -9999.0 -9999.0 -9999.0 -9999.0 -9999.0 -9999.0 -9999.0 -9999.0 -9999.0 -9999.0 -9999.0 -9999.0 -9999.0 -9999.0 -9999.0 -9999.0 -9999.0 -9999.0 -9999.0 -9999.0 -9999.0 -9999.0 -9999.0 -9999.0 -9999.0 -9999.0 -9999.0 -9999.0 -9999.0 -9999.0 -9999.0 -9999.0 -9999.0 -9999.0 -9999.0 -9999.0 -9999.0 -9999.0 -9999.0 -9999.0 -9999.0 -9999.0 -9999.0 -9999.0 -9999.0 -9999.0 -9999.0 -9999.0 -9999.0 -9999.0 -9999.0 -9999.0 -9999.0 -9999.0 -9999.0 -9999.0 -9999.0 -9999.0 -9999.0 -9999.0 -9999.0 -9999.0 -9999.0 -9999.0 -9999.0 -9999.0 -9999.0 -9999.0 -9999.0 -9999.0 -9999.0 -9999.0 -9999.0 -9999.0 -9999.0 -9999.0 -9999.0 -9999.0 -9999.0 -9999.0 -9999.0 -9999.0 -9999.0 -9999.0 -9999.0 -9999.0 -9999.0 -9999.0 -9999.0 -9999.0 -9999.0
-9999.0 -9999.0 -9999.0 -9999.0 -9999.0 -9999.0 -9999.0 -9999.0 -9999.0 -9999.0 -9999.0 -9999.0 -9999.0 -9999.0 -9999.0 -9999.0 -9999.0 -9999.0 -9999.0 -9999.0 -9999.0 -9999.0 -9999.0 -9999.0 -9999.0 -9999.0 -9999.0 -9999.0 -9999.0 -9999.0 -9999.0 -9999.0 -9999.0 -9999.0 -9999.0 -9999.0 -9999.0 -9999.0 -9999.0 -9999.0 -9999.0 -9999.0 -9999.0 -9999.0 -9999.0 -9999.0 -9999.0 -9999.0 -9999.0 -9999.0 -9999.0 -9999.0 -9999.0 -9999.0 -9999.0 -9999.0 -9999.0 -9999.0 -9999.0 -9999.0 -9999.0 -9999.0 -9999.0 -9999.0 -9999.0 -9999.0 -9999.0 -9999.0 -9999.0 -9999.0 -9999.0 -9999.0 -9999.0 -9999.0 -9999.0 -9999.0 -9999.0 -9999.0 -9999.0 -9999.0 -9999.0 -9999.0 -9999.0 -9999.0 -9999.0 -9999.0 -9999.0 -9999.0 -9999.0 -9999.0 -9999.0 -9999.0 -9999.0 -9999.0 -9999.0 -9999.0 -9999.0 -9999.0 -9999.0 -9999.0 -9999.0 -9999.0 -9999.0 -9999.0
-9999.0 -9999.0 919.443162 831.089130 746.180391 661.275514 573.695324 481.803830 383.729462 275.068595 146.805062 10.732509 -140.461005 -490.245665 -3935.826677 -3589.281505 -256.339556 -272.239826 -285.483509 -223.827905 -262.512057 -33.706761 214.433611 464.771403 412.658889 372.264572 341.111203 318.397044 301.938149 289.853201 280.639368 273.068279 266.125493 259.188530 251.822705 243.442037 233.454910 221.085992 205.033665 184.713201 155.849793 109.439578 -3955.070784 -4034.653425 -4034.653465 -4034.653465 -4034.653465 -4034.653465 -4034.653465 -4034.653465 -4034.653465 -4034.653465 -4034.653465 -4034.653465 -4034.653465 -4034.653465 -4034.653465 -4034.653465 -4034.653465 -4034.653465 -4034.653415 -3936.792398 868.532643 785.130233 706.188768 628.719755 552.478978 478.650142 409.093503 345.641018 290.021042 243.504315 206.349034 176.966097 155.105543 138.602788 125.577470 114.519407 105.282223 96.810481 88.404258 79.601518 70.006702 58.996024 47.784837 35.663609 22.088961 6.080872 -9.886323 -27.198371 -47.236486 -66.288287 -86.891043 -111.524805 -144.060170 -193.985824 -302.483667 -565.491009 -3420.171797 -4034.507104 -4034.653546 -4034.808312 -9999.0 -9999.0
-9999.0 -9999.0 919.503492 831.115597 746.190461 661.279381 573.696858 481.804458 383.729722 275.068715 146.805131 10.732564 -140.460925 -490.245065 -3935.826674 -3589.281508 -256.339556 -272.239828 -285.483543 -223.827905 -262.512057 -33.706761 214.433611 464.771404 412.658889 372.264572 341.111203 318.397044 301.938150 289.853202 280.639368 273.068280 266.125493 259.188530 251.822705 243.442037 233.454910 221.085992 205.033665 184.713201 155.849793 109.439578 -3955.070784 -4034.653425 -4034.653465 -4034.653465 -4034.653465 -4034.653465 -4034.653465 -4034.653465 -4034.653465 -4034.653465 -4034.653465 -4034.653465 -4034.653465 -4034.653465 -4034.653465 -4034.653465 -4034.653465 -4034.653465 -4034.653415 -3936.792398 868.532643 785.130234 706.188768 628.719755 552.478978 478.650142 409.093503 345.641018 290.021042 243.504315 206.349034 176.966097 155.105543 138.602788 125.577470 114.519407 105.282223 96.810481 88.404258 79.601518 70.006702 58.996024 47.784837 35.663609 22.088961 6.080872 -9.886323 -27.198371 -47.236485 -66.288287 -86.891043 -111.524805 -144.060170 -193.985824 -302.483667 -565.491008 -3420.171780 -4034.507104 -4034.653546 -4034.808312 -9999.0 -9999.0
-9999.0 -9999.0 919.529385 831.130962 746.197806 661.282630 573.698256 481.805054 383.729976 275.068834 146.805200 10.732618 -140.460845 -490.244470 -3935.826672 -3589.281492 -256.339556 -272.239828 -285.483544 -223.827905 -262.512056 -33.706761 214.433611 464.771404 412.658889 372.264573 341.111203 318.397044 301.938150 289.853202 280.639369 273.068280 266.125493 259.188530 251.822705 243.442037 233.454910 221.085992 205.033665 184.713201 155.849793 109.439578 -3955.070784 -4034.653425 -4034.653465 -4034.653465 -4034.653465 -4034.653465 -4034.653465 -4034.653465 -4034.653465 -4034.653465 -4034.653465 -4034.653465 -4034.653465 -4034.653465 -4034.653465 -4034.653465 -4034.653465 -4034.653465 -4034.653415 -3936.792398 868.532643 785.130233 706.188768 628.719755 552.478978 478.650142 409.093503 345.641018 290.021042 243.504315 206.349034 176.966097 155.105543 138.602788 125.577470 114.519407 105.282223 96.810481 88.404258 79.601518 70.006702 58.996024 47.784837 35.663609 22.088961 6.080872 -9.886323 -27.198371 -47.236485 -66.288287 -86.891043 -111.524805 -144.060170 -193.985823 -302.483666 -565.491005 -3420.171758 -4034.507104 -4034.653546 -4034.808312 -9999.0 -9999.0
-9999.0 -9999.0 919.529385 831.130962 746.197806 661.282630 573.698256 481.805054 383.729976 275.068834 146.805200 10.732618 -140.460845 -490.244469 -3935.826672 -3589.281493 -256.339556 -272.239828 -285.483544 -223.827905 -262.512056 -33.706761 214.433611 464.771404 412.658889 372.264573 341.111203 318.397044 301.938150 289.853202 280.639369 273.068280 266.125493 259.188530 251.822705 243.442037 233.454910 221.085992 205.033665 184.713201 155.849793 109.439578 -3955.070784 -4034.653425 -4034.653465 -4034.653465 -4034.653465 -4034.653465 -4034.653465 -4034.653465 -4034.653465 -4034.653465 -4034.653465 -4034.653465 -4034.653465 -4034.653465 -4034.653465 -4034.653465 -4034.653465 -4034.653465 -4034.653415 -3936.792398 868.532643 785.130234 706.188768 628.719755 552.478978 478.650142 409.093503 345.641018 290.021042 243.504315 206.349034 176.966097 155.105543 138.602788 125.577470 114.519407 105.282223 96.810481 88.404258 79.601518 70.006702 58.996024 47.784837 35.663609 22.088961 6.080872 -9.886323 -27.198371 -47.236485 -66.288287 -86.891043 -111.524805 -144.060170 -193.985824 -302.483666 -565.491006 -3420.171760 -4034.507104 -4034.653546 -4034.808312 -9999.0 -9999.0
-9999.0 -9999.0 919.503492 831.115597 746.190461 661.279381 573.696858 481.804458 383.729722 275.068715 146.805131 10.732564 -140.460925 -490.245065 -3935.826674 -3589.281507 -256.339556 -272.239828 -285.483543 -223.827905 -262.512057 -33.706761 214.433611 464.771404 412.658889 372.264572 341.111203 318.397044 301.938150 289.853202 280.639368 273.068280 266.125493 259.188530 251.822705 243.442037 233.454910 221.085992 205.033665 184.713201 155.849793 109.439578 -3955.070784 -4034.653425 -4034.653465 -4034.653465 -4034.653465 -4034.653465 -4034.653465 -4034.653465 -4034.653465 -4034.653465 -4034.653465 -4034.653465 -4034.653465 -4034.653465 -4034.653465 -4034.653465 -4034.653465 -4034.653465 -4034.653415 -3936.792398 868.532643 785.130233 706.188768 628.719755 552.478978 478.650142 409.093503 345.641018 290.021042 243.504315 206.349034 176.966097 155.105543 138.602788 125.577470 114.519407 105.282223 96.810481 88.404258 79.601518 70.006702 58.996024 47.784837 35.663609 22.088961 6.080872 -9.886323 -27.198371 -47.236485 -66.288287 -86.891043 -111.524805 -144.060170 -193.985824 -302.483667 -565.491007 -3420.171777 -4034.507104 -4034.653546 -4034.808312 -9999.0 -9999.0
-9999.0 -9999.0 919.443162 831.089130 746.180391 661.275514 573.695324 481.803830 383.729462 275.068595 146.805062 10.732509 -140.461005 -490.245665 -3935.826676 -3589.281506 -256.339556 -272.239826 -285.483509 -223.827905 -262.512057 -33.706761 214.433611 464.771403 412.658889 372.264572 341.111203 318.397044 301.938149 289.853201 280.639368 273.068279 266.125493 259.188530 251.822705 243.442037 233.454910 221.085992 205.033665 184.713201 155.849793 109.439578 -3955.070784 -4034.653425 -4034.653465 -4034.653465 -4034.653465 -4034.653465 -4034.653465 -4034.653465 -4034.653465 -4034.653465 -4034.653465 -4034.653465 -4034.653465 -4034.653465 -4034.653465 -4034.653465 -4034.653465 -4034.653465 -4034.653415 -3936.792398 868.532643 785.130234 706.188768 628.719755 552.478978 478.650142 409.093503 345.641018 290.021042 243.504315 206.349034 176.966097 155.105543 138.602788 125.577470 114.519407 105.282223 96.810481 88.404258 79.601518 70.006702 58.996024 47.784837 35.663609 22.088961 6.080872 -9.886323 -27.198371 -47.236486 -66.288287 -86.891043 -111.524805 -144.060170 -193.985824 -302.483667 -565.491010 -3420.171800 -4034.507104 -4034.653546 -4034.808312 -9999.0 -9999.0
-9999.0 -9999.0 -9999.0 -9999.0 -9999.0 -9999.0 -9999.0 -9999.0 -9999.0 -9999.0 -9999.0 -9999.0 -9999.0 -9999.0 -9999.0 -9999.0 -9999.0 -9999.0 -9999.0 -9999.0 -9999.0 -9999.0 -9999.0 -9999.0 -9999.0 -9999.0 -9999.0 -9999.0 -9999.0 -9999.0 -9999.0 -9999.0 -9999.0 -9999.0 -9999.0 -9999.0 -9999.0 -9999.0 -9999.0 -9999.0 -9999.0 -9999.0 -9999.0 -9999.0 -9999.0 -9999.0 -9999.0 -9999.0 -9999.0 -9999.0 -9999.0 -9999.0 -9999.0 -9999.0 -9999.0 -9999.0 -9999.0 -9999.0 -9999.0 -9999.0 -9999.0 -9999.0 -9999.0 -9999.0 -9999.0 -9999.0 -9999.0 -9999.0 -9999.0 -9999.0 -9999.0 -9999.0 -9999.0 -9999.0 -9999.0 -9999.0 -9999.0 -9999.0 -9999.0 -9999.0 -9999.0 -9999.0 -9999.0 -9999.0 -9999.0 -9999.0 -9999.0 -9999.0 -9999.0 -9999.0 -9999.0 -9999.0 -9999.0 -9999.0 -9999.0 -9999.0 -9999.0 -9999.0 -9999.0 -9999.0 -9999.0 -9999.0 -9999.0 -9999.0
-9999.0 -9999.0 -9999.0 -9999.0 -9999.0 -9999.0 -9999.0 -9999.0 -9999.0 -9999.0 -9999.0 -9999.0 -9999.0 -9999.0 -9999.0 -9999.0 -9999.0 -9999.0 -9999.0 -9999.0 -9999.0 -9999.0 -9999.0 -9999.0 -9999.0 -9999.0 -9999.0 -9999.0 -9999.0 -9999.0 -9999.0 -9999.0 -9999.0 -9999.0 -9999.0 -9999.0 -9999.0 -9999.0 -9999.0 -9999.0 -9999.0 -9999.0 -9999.0 -9999.0 -9999.0 -9999.0 -9999.0 -9999.0 -9999.0 -9999.0 -9999.0 -9999.0 -9999.0 -9999.0 -9999.0 -9999.0 -9999.0 -9999.0 -9999.0 -9999.0 -9999.0 -9999.0 -9999.0 -9999.0 -9999.0 -9999.0 -9999.0 -9999.0 -9999.0 -9999.0 -9999.0 -9999.0 -9999.0 -9999.0 -9999.0 -9999.0 -9999.0 -9999.0 -9999.0 -9999.0 -9999.0 -9999.0 -9999.0 -9999.0 -9999.0 -9999.0 -9999.0 -9999.0 -9999.0 -9999.0 -9999.0 -9999.0 -9999.0 -9999.0 -9999.0 -9999.0 -9999.0 -9999.0 -9999.0 -9999.0 -9999.0 -9999.0 -9999.0 -9999.0