tests/3D/superslab/out/maps3D/PwL0024N0005.asc
ncols         104
nrows         10
xllcorner     -2.000000
yllcorner     0.000000
cellsize      1.000000
NODATA_value  -9999.0
-9999.0 -9999.0 -9999.0 -9999.0 -9999.0 -9999.0 -9999.0 -9999.0 -9999.0 -9999.0 -9999.0 -9999.0 -9999.0 -9999.0 -9999.0 -9999.0 -9999.0 -9999.0 -9999.0 -9999.0 -9999.0 -9999.0 -9999.0 -9999.0 -9999.0 -9999.0 -9999.0 -9999.0 -9999.0 -9999.0 -9999.0 -9999.0 -9999.0 -9999.0 -9999.0 -9999.0 -9999.0 -9999.0 -9999.0 -9999.0 -9999.0 -9999.0 -9999.0 -9999.0 -9999.0 -9999.0 -9999.0 -9999.0 -9999.0 -9999.0 -9999.0 -9999.0 -9999.0 -9999.0 -9999.0 -9999.0 -9999.0 -9999.0 -9999.0 -9999.0 -9999.0 -9999.0 -9999.0 -9999.0 -9999.0 -9999.0 -9999.0 -9999.0 -9999.0 -9999.0 -9999.0 -9999.0 -9999.0 -9999.0 -9999.0 -9999.0 -9999.0 -9999.0 -9999.0 -9999.0 -9999.0 -9999.0 -9999.0 -9999.0 -9999.0 -9999.0 -9999.0 -9999.0 -9999.0 -9999.0 -9999.0 -9999.0 -9999.0 -9999.0 -9999.0 -9999.0 -9999.0 -9999.0 -9999.0 -9999.0 -9999.0 -9999.0 -9999.0 -9999.0
-9999.0 -9999.0 -9999.0 -9999.0 -9999.0 -9999.0 -9999.0 -9999.0 -9999.0 -9999.0 -9999.0 -9999.0 -9999.0 -9999.0 -9999.0 -9999.0 -9999.0 -9999.0 -9999.0 -9999.0 -9999.0 -9999.0 -9999.0 -9999.0 -9999.0 -9999.0 -9999.0 -9999.0 -9999.0 -9999.0 -9999.0 -9999.0 -9999.0 -9999.0 -9999.0 -9999.0 -9999.0 -9999.0 -9999.0 -9999.0 -9999.0 -9999.0 -9999.0 -9999.0 -9999.0 -9999.0 -9999.0 -9999.0 -9999.0 -9999.0 -9999.0 -9999.0 -9999.0 -9999.0 -9999.0 -9999.0 -9999.0 -9999.0 -9999.0 -9999.0 -9999.0 -9999.0 -9999.0 -9999.0 -9999.0 -9999.0 -9999.0 -9999.0 -9999.0 -9999.0 -9999.0 -9999.0 -9999.0 -9999.0 -9999.0 -9999.0 -9999.0 -9999.0 -9999.0 -9999.0 -9999.0 -9999.0 -9999.0 -9999.0 -9999.0 -9999.0 -9999.0 -9999.0 -9999.0 -9999.0 -9999.0 -9999.0 -9999.0 -9999.0 -9999.0 -9999.0 -9999.0 -9999.0 -9999.0 -9999.0 -9999.0 -9999.0 -9999.0 -9999.0
-9999.0 -9999.0 1109.540534 1009.598461 909.000381 807.675920 706.296299 604.939802 502.400079 397.237229 286.743550 176.693987 67.886834 -39.177686 -141.838282 -231.192724 -293.776465 -327.044488 -340.678601 -344.621905 -344.613201 -343.257497 -148.463676 33.223625 221.667472 416.098143 473.814307 389.384281 304.201950 218.562728 132.665694 46.724197 -39.023388 -122.952215 -200.079945 -261.225812 -299.396794 -316.701936 -339.979036 -435.088587 -445.303306 -336.791116 -1704.369795 -2667.350319 -3787.061170 -3787.128706 -3787.128713 -3787.128710 -3787.074468 -3767.691864 -3410.555620 -2583.379177 -2113.597868 -1863.861052 -1661.013556 -1477.913695 -1311.878414 -1166.113674 -1040.279958 -932.024309 -839.513291 -730.459092 -261.608335 -283.697243 -302.110982 -315.558856 -326.034986 -334.029458 -340.280272 -344.860066 -348.246917 -350.661847 -352.323579 -353.507079 -354.302393 -354.839543 -355.192744 -355.432533 -355.596156 -355.713578 -355.801514 -355.864278 -355.931996 -356.010399 -356.114993 -356.267337 -356.499125 -356.863588 -357.432789 -358.326016 -359.728887 -361.923431 -365.341257 -370.624909 -378.707529 -390.894680 -408.934448 -435.193226 -475.210154 -570.217882 -1071.019715 -3669.307894 -9999.0 -9999.0
-9999.0 -9999.0 1109.587761 1009.621245 909.009578 807.679476 706.297662 604.940332 502.400290 397.237314 286.743585 176.694001 67.886839 -39.177683 -141.838281 -231.192724 -293.776465 -327.044488 -340.678601 -344.621905 -344.613201 -343.257497 -148.463676 33.223625 221.667472 416.098143 473.814308 389.384281 304.201950 218.562728 132.665694 46.724197 -39.023388 -122.952215 -200.079945 -261.225812 -299.396794 -316.701935 -339.979037 -435.088586 -445.303303 -336.791111 -1704.369794 -2667.350320 -3787.061170 -3787.128706 -3787.128713 -3787.128710 -3787.074468 -3767.691863 -3410.555609 -2583.379172 -2113.597867 -1863.861052 -1661.013554 -1477.913695 -1311.878413 -1166.113674 -1040.279958 -932.024309 -839.513291 -730.459092 -261.608335 -283.697243 -302.110982 -315.558856 -326.034986 -334.029458 -340.280272 -344.860066 -348.246917 -350.661847 -352.323578 -353.507079 -354.302392 -354.839542 -355.192744 -355.432532 -355.596155 -355.713578 -355.801514 -355.864278 -355.931996 -356.010399 -356.114993 -356.267337 -356.499125 -356.863588 -357.432789 -358.326016 -359.728887 -361.923431 -365.341257 -370.624909 -378.707529 -390.894680 -408.934448 -435.193226 -475.210154 -570.217882 -1071.019713 -3669.307893 -9999.0 -9999.0
-9999.0 -9999.0 1109.616582 1009.637563 909.017100 807.682647 706.298941 604.940844 502.400498 397.237399 286.743619 176.694015 67.886845 -39.177681 -141.838280 -231.192724 -293.776465 -327.044488 -340.678601 -344.621905 -344.613201 -343.257497 -148.463676 33.223625 221.667472 416.098143 473.814308 389.384281 304.201950 218.562728 132.665694 46.724197 -39.023388 -122.952215 -200.079945 -261.225812 -299.396794 -316.701935 -339.979038 -435.088585 -445.303301 -336.791109 -1704.369794 -2667.350319 -3787.061170 -3787.128706 -3787.128713 -3787.128710 -3787.074468 -3767.691862 -3410.555603 -2583.379170 -2113.597866 -1863.861051 -1661.013554 -1477.913694 -1311.878413 -1166.113673 -1040.279958 -932.024308 -839.513291 -730.459092 -261.608334 -283.697243 -302.110982 -315.558856 -326.034985 -334.029458 -340.280272 -344.860065 -348.246917 -350.661846 -352.323578 -353.507078 -354.302392 -354.839542 -355.192744 -355.432532 -355.596155 -355.713578 -355.801514 -355.864278 -355.931996 -356.010399 -356.114993 -356.267337 -356.499125 -356.863588 -357.432789 -358.326016 -359.728887 -361.923431 -365.341257 -370.624909 -378.707529 -390.894680 -408.934448 -435.193226 -475.210154 -570.217882 -1071.019712 -3669.307892 -9999.0 -9999.0
-9999.0 -9999.0 1109.616582 1009.637563 909.017100 807.682647 706.298941 604.940844 502.400498 397.237399 286.743619 176.694015 67.886845 -39.177681 -141.838280 -231.192724 -293.776465 -327.044489 -340.678601 -344.621905 -344.613201 -343.257497 -148.463676 33.223625 221.667472 416.098143 473.814308 389.384281 304.201950 218.562728 132.665694 46.724197 -39.023388 -122.952215 -200.079945 -261.225812 -299.396794 -316.701935 -339.979038 -435.088585 -445.303301 -336.791110 -1704.369795 -2667.350319 -3787.061170 -3787.128706 -3787.128713 -3787.128710 -3787.074468 -3767.691862 -3410.555603 -2583.379170 -2113.597866 -1863.861051 -1661.013554 -1477.913694 -1311.878412 -1166.113674 -1040.279957 -932.024309 -839.513291 -730.459092 -261.608334 -283.697243 -302.110982 -315.558856 -326.034985 -334.029458 -340.280272 -344.860065 -348.246917 -350.661846 -352.323578 -353.507078 -354.302392 -354.839542 -355.192744 -355.432532 -355.596155 -355.713578 -355.801514 -355.864278 -355.931996 -356.010399 -356.114993 -356.267337 -356.499125 -356.863588 -357.432789 -358.326016 -359.728887 -361.923431 -365.341257 -370.624909 -378.707529 -390.894680 -408.934448 -435.193226 -475.210154 -570.217882 -1071.019711 -3669.307892 -9999.0 -9999.0
-9999.0 -9999.0 1109.587761 1009.621245 909.009578 807.679476 706.297662 604.940332 502.400290 397.237314 286.743585 176.694001 67.886839 -39.177683 -141.838281 -231.192724 -293.776465 -327.044488 -340.678601 -344.621905 -344.613201 -343.257497 -148.463676 33.223625 221.667472 416.098143 473.814308 389.384281 304.201950 218.562728 132.665694 46.724197 -39.023388 -122.952215 -200.079945 -261.225812 -299.396794 -316.701935 -339.979037 -435.088586 -445.303303 -336.791111 -1704.369794 -2667.350320 -3787.061170 -3787.128706 -3787.128713 -3787.128710 -3787.074468 -3767.691863 -3410.555608 -2583.379172 -2113.597867 -1863.861051 -1661.013555 -1477.913694 -1311.878413 -1166.113674 -1040.279958 -932.024309 -839.513291 -730.459092 -261.608335 -283.697243 -302.110982 -315.558856 -326.034986 -334.029458 -340.280272 -344.860066 -348.246917 -350.661847 -352.323578 -353.507079 -354.302392 -354.839542 -355.192744 -355.432532 -355.596155 -355.713578 -355.801514 -355.864278 -355.931996 -356.010399 -356.114993 -356.267337 -356.499125 -356.863588 -357.432789 -358.326016 -359.728887 -361.923431 -365.341257 -370.624909 -378.707529 -390.894680 -408.934448 -435.193226 -475.210154 -570.217882 -1071.019713 -3669.307893 -9999.0 -9999.0
-9999.0 -9999.0 1109.540534 1009.598461 909.000381 807.675920 706.296299 604.939802 502.400079 397.237229 286.743550 176.693987 67.886834 -39.177686 -141.838282 -231.192724 -293.776465 -327.044488 -340.678601 -344.621905 -344.613201 -343.257497 -148.463676 33.223625 221.667472 416.098143 473.814307 389.384281 304.201950 218.562728 132.665694 46.724197 -39.023388 -122.952215 -200.079945 -261.225812 -299.396794 -316.701936 -339.979036 -435.088587 -445.303306 -336.791116 -1704.369795 -2667.350319 -3787.061170 -3787.128706 -3787.128713 -3787.128710 -3787.074468 -3767.691864 -3410.555621 -2583.379177 -2113.597868 -1863.861052 -1661.013555 -1477.913695 -1311.878413 -1166.113674 -1040.279958 -932.024309 -839.513291 -730.459092 -261.608335 -283.697243 -302.110982 -315.558856 -326.034986 -334.029458 -340.280272 -344.860066 -348.246917 -350.661847 -352.323579 -353.507079 -354.302393 -354.839543 -355.192744 -355.432533 -355.596156 -355.713578 -355.801514 -355.864278 -355.931996 -356.010399 -356.114993 -356.267337 -356.499125 -356.863588 -357.432789 -358.326016 -359.728887 -361.923431 -365.341257 -370.624909 -378.707529 -390.894680 -408.934448 -435.193226 -475.210154 -570.217882 -1071.019714 -3669.307894 -9999.0 -9999.0
-9999.0 -9999.0 -9999.0 -9999.0 -9999.0 -9999.0 -9999.0 -9999.0 -9999.0 -9999.0 -9999.0 -9999.0 -9999.0 -9999.0 -9999.0 -9999.0 -9999.0 -9999.0 -9999.0 -9999.0 -9999.0 -9999.0 -9999.0 -9999.0 -9999.0 -9999.0 -9999.0 -9999.0 -9999.0 -9999.0 -9999.0 -9999.0 -9999.0 -9999.0 -9999.0 -9999.0 -9999.0 -9999.0 -9999.0 -9999.0 -9999.0 -9999.0 -9999.0 -9999.0 -9999.0 -9999.0 -9999.0 -9999.0 -9999.0 -9999.0 -9999.0 -9999.0 -9999.0 -9999.0 -9999.0 -9999.0 -9999.0 -9999.0 -9999.0 -9999.0 -9999.0 -9999.0 -9999.0 -9999.0 -9999.0 -9999.0 -9999.0 -9999.0 -9999.0 -9999.0 -9999.0 -9999.0 -9999.0 -9999.0 -9999.0 -9999.0 -9999.0 -9999.0 -9999.0 -9999.0 -9999.0 -9999.0 -9999.0 -9999.0 -9999.0 -9999.0 -9999.0 -9999.0 -9999.0 -9999.0 -9999.0 -9999.0 -9999.0 -9999.0 -9999.0 -9999.0 -9999.0 -9999.0 -9999.0 -9999.0 -9999.0 -9999.0 -9999.0 -9999.0
-9999.0 -9999.0 -9999.0 -9999.0 -9999.0 -9999.0 -9999.0 -9999.0 -9999.0 -9999.0 -9999.0 -9999.0 -9999.0 -9999.0 -9999.0 -9999.0 -9999.0 -9999.0 -9999.0 -9999.0 -9999.0 -9999.0 -9999.0 -9999.0 -9999.0 -9999.0 -9999.0 -9999.0 -9999.0 -9999.0 -9999.0 -9999.0 -9999.0 -9999.0 -9999.0 -9999.0 -9999.0 -9999.0 -9999.0 -9999.0 -9999.0 -9999.0 -9999.0 -9999.0 -9999.0 -9999.0 -9999.0 -9999.0 -9999.0 -9999.0 -9999.0 -9999.0 -9999.0 -9999.0 -9999.0 -9999.0 -9999.0 -9999.0 -9999.0 -9999.0 -9999.0 -9999.0 -9999.0 -9999.0 -9999.0 -9999.0 -9999.0 -9999.0 -9999.0 -9999.0 -9999.0 -9999.0 -9999.0 -9999.0 -9999.0 -9999.0 -9999.0 -9999.0 -9999.0 -9999.0 -9999.0 -9999.0 -9999.0 -9999.0 -9999.0 -9999.0 -9999.0 -9999.0 -9999.0 -9999.0 -9999.0 -9999.0 -9999.0 -9999.0 -9999.0 -9999.0 -9999.0 -9999.0 -9999.0 -9999.0 -9999.0 -9999.0 -9999.0 -9999.0