tests/3D/superslab/out/maps3D/PwL0091N0003.asc
ncols         104
nrows         10
xllcorner     -2.000000
yllcorner     0.000000
cellsize      1.000000
NODATA_value  -9999.0
-9999.0 -9999.0 -9999.0 -9999.0 -9999.0 -9999.0 -9999.0 -9999.0 -9999.0 -9999.0 -9999.0 -9999.0 -9999.0 -9999.0 -9999.0 -9999.0 -9999.0 -9999.0 -9999.0 -9999.0 -9999.0 -9999.0 -9999.0 -9999.0 -9999.0 -9999.0 -9999.0 -9999.0 -9999.0 -9999.0 -9999.0 -9999.0 -9999.0 -9999.0 -9999.0 -9999.0 -9999.0 -9999.0 -9999.0 -9999.0 -9999.0 -9999.0 -9999.0 -9999.0 -9999.0 -9999.0 -9999.0 -9999.0 -9999.0 -9999.0 -9999.0 -9999.0 -9999.0 -9999.0 -9999.0 -9999.0 -9999.0 -9999.0 -9999.0 -9999.0 -9999.0 -9999.0 -9999.0 -9999.0 -9999.0 -9999.0 -9999.0 -9999.0 -9999.0 -9999.0 -9999.0 -9999.0 -9999.0 -9999.0 -9999.0 -9999.0 -9999.0 -9999.0 -9999.0 -9999.0 -9999.0 -9999.0 -9999.0 -9999.0 -9999.0 -9999.0 -9999.0 -9999.0 -9999.0 -9999.0 -9999.0 -9999.0 -9999.0 -9999.0 -9999.0 -9999.0 -9999.0 -9999.0 -9999.0 -9999.0 -9999.0 -9999.0 -9999.0 -9999.0
-9999.0 -9999.0 -9999.0 -9999.0 -9999.0 -9999.0 -9999.0 -9999.0 -9999.0 -9999.0 -9999.0 -9999.0 -9999.0 -9999.0 -9999.0 -9999.0 -9999.0 -9999.0 -9999.0 -9999.0 -9999.0 -9999.0 -9999.0 -9999.0 -9999.0 -9999.0 -9999.0 -9999.0 -9999.0 -9999.0 -9999.0 -9999.0 -9999.0 -9999.0 -9999.0 -9999.0 -9999.0 -9999.0 -9999.0 -9999.0 -9999.0 -9999.0 -9999.0 -9999.0 -9999.0 -9999.0 -9999.0 -9999.0 -9999.0 -9999.0 -9999.0 -9999.0 -9999.0 -9999.0 -9999.0 -9999.0 -9999.0 -9999.0 -9999.0 -9999.0 -9999.0 -9999.0 -9999.0 -9999.0 -9999.0 -9999.0 -9999.0 -9999.0 -9999.0 -9999.0 -9999.0 -9999.0 -9999.0 -9999.0 -9999.0 -9999.0 -9999.0 -9999.0 -9999.0 -9999.0 -9999.0 -9999.0 -9999.0 -9999.0 -9999.0 -9999.0 -9999.0 -9999.0 -9999.0 -9999.0 -9999.0 -9999.0 -9999.0 -9999.0 -9999.0 -9999.0 -9999.0 -9999.0 -9999.0 -9999.0 -9999.0 -9999.0 -9999.0 -9999.0
-9999.0 -9999.0 -42.430007 -139.193347 -231.157379 -314.849060 -383.594728 -429.537071 -453.877148 -464.011460 -467.937636 -469.418308 -469.970884 -470.176195 -470.252314 -470.280496 -470.290917 -470.294765 -470.296180 -470.296695 -470.296875 -470.296928 -470.296929 -470.296906 -470.296867 -470.296814 -470.296746 -470.296663 -470.296562 -470.296443 -470.296306 -470.296151 -470.295979 -470.295793 -470.295597 -470.295395 -470.295192 -470.294995 -470.294811 -470.294644 -470.294503 -470.294389 -470.294298 -470.294187 -470.293831 -470.292664 -470.289529 -470.282557 -470.269566 -470.250067 -470.243946 -470.411562 -470.310920 -470.301882 -470.301000 -470.302162 -470.304872 -470.309453 -470.316661 -470.327674 -470.344169 -470.368426 -470.403470 -470.453196 -470.522495 -470.617340 -470.744836 -470.913197 -471.131665 -471.410356 -471.760054 -472.191960 -472.717438 -473.347765 -474.093923 -474.966454 -475.975376 -477.130190 -478.439955 -479.913437 -481.559330 -483.386531 -485.404483 -487.623579 -490.055630 -492.714440 -495.616490 -498.781809 -502.235078 -506.007116 -510.136890 -514.674367 -519.684654 -525.254254 -531.500873 -538.589556 -546.760793 -556.383143 -568.061820 -582.897507 -603.278424 -636.669831 -9999.0 -9999.0
-9999.0 -9999.0 -42.430007 -139.193347 -231.157379 -314.849060 -383.594728 -429.537071 -453.877148 -464.011460 -467.937636 -469.418308 -469.970884 -470.176195 -470.252314 -470.280496 -470.290917 -470.294765 -470.296180 -470.296695 -470.296875 -470.296928 -470.296929 -470.296906 -470.296867 -470.296814 -470.296746 -470.296663 -470.296562 -470.296443 -470.296306 -470.296151 -470.295979 -470.295793 -470.295597 -470.295395 -470.295192 -470.294995 -470.294811 -470.294644 -470.294503 -470.294389 -470.294298 -470.294187 -470.293831 -470.292664 -470.289529 -470.282557 -470.269566 -470.250067 -470.243946 -470.411562 -470.310920 -470.301882 -470.301000 -470.302162 -470.304872 -470.309453 -470.316661 -470.327674 -470.344169 -470.368426 -470.403470 -470.453196 -470.522495 -470.617340 -470.744836 -470.913197 -471.131665 -471.410356 -471.760054 -472.191960 -472.717438 -473.347765 -474.093923 -474.966454 -475.975376 -477.130190 -478.439955 -479.913437 -481.559330 -483.386531 -485.404483 -487.623579 -490.055630 -492.714440 -495.616490 -498.781809 -502.235078 -506.007116 -510.136890 -514.674367 -519.684654 -525.254254 -531.500873 -538.589556 -546.760793 -556.383143 -568.061820 -582.897507 -603.278424 -636.669831 -9999.0 -9999.0
-9999.0 -9999.0 -42.430007 -139.193347 -231.157379 -314.849060 -383.594728 -429.537071 -453.877148 -464.011460 -467.937636 -469.418308 -469.970884 -470.176195 -470.252314 -470.280496 -470.290917 -470.294765 -470.296180 -470.296695 -470.296875 -470.296928 -470.296929 -470.296906 -470.296867 -470.296814 -470.296746 -470.296663 -470.296562 -470.296443 -470.296306 -470.296151 -470.295979 -470.295793 -470.295597 -470.295395 -470.295192 -470.294995 -470.294811 -470.294644 -470.294503 -470.294389 -470.294298 -470.294187 -470.293831 -470.292664 -470.289529 -470.282557 -470.269566 -470.250067 -470.243946 -470.411562 -470.310920 -470.301882 -470.301000 -470.302162 -470.304872 -470.309453 -470.316661 -470.327674 -470.344169 -470.368426 -470.403470 -470.453196 -470.522495 -470.617340 -470.744836 -470.913197 -471.131665 -471.410356 -471.760054 -472.191960 -472.717438 -473.347765 -474.093923 -474.966454 -475.975376 -477.130190 -478.439955 -479.913437 -481.559330 -483.386531 -485.404483 -487.623579 -490.055630 -492.714440 -495.616490 -498.781809 -502.235078 -506.007116 -510.136890 -514.674367 -519.684654 -525.254254 -531.500873 -538.589556 -546.760793 -556.383143 -568.061820 -582.897507 -603.278424 -636.669831 -9999.0 -9999.0
-9999.0 -9999.0 -42.430007 -139.193347 -231.157379 -314.849060 -383.594728 -429.537071 -453.877148 -464.011460 -467.937636 -469.418308 -469.970884 -470.176195 -470.252314 -470.280496 -470.290917 -470.294765 -470.296180 -470.296695 -470.296875 -470.296928 -470.296929 -470.296906 -470.296867 -470.296814 -470.296746 -470.296663 -470.296562 -470.296443 -470.296306 -470.296151 -470.295979 -470.295793 -470.295597 -470.295395 -470.295192 -470.294995 -470.294811 -470.294644 -470.294503 -470.294389 -470.294298 -470.294187 -470.293831 -470.292664 -470.289529 -470.282557 -470.269566 -470.250067 -470.243946 -470.411562 -470.310920 -470.301882 -470.301000 -470.302162 -470.304872 -470.309453 -470.316661 -470.327674 -470.344169 -470.368426 -470.403470 -470.453196 -470.522495 -470.617340 -470.744836 -470.913197 -471.131665 -471.410356 -471.760054 -472.191960 -472.717438 -473.347765 -474.093923 -474.966454 -475.975376 -477.130190 -478.439955 -479.913437 -481.559330 -483.386531 -485.404483 -487.623579 -490.055630 -492.714440 -495.616490 -498.781809 -502.235078 -506.007116 -510.136890 -514.674367 -519.684654 -525.254254 -531.500873 -538.589556 -546.760793 -556.383143 -568.061820 -582.897507 -603.278424 -636.669831 -9999.0 -9999.0
-9999.0 -9999.0 -42.430007 -139.193347 -231.157379 -314.849060 -383.594728 -429.537071 -453.877148 -464.011460 -467.937636 -469.418308 -469.970884 -470.176195 -470.252314 -470.280496 -470.290917 -470.294765 -470.296180 -470.296695 -470.296875 -470.296928 -470.296929 -470.296906 -470.296867 -470.296814 -470.296746 -470.296663 -470.296562 -470.296443 -470.296306 -470.296151 -470.295979 -470.295793 -470.295597 -470.295395 -470.295192 -470.294995 -470.294811 -470.294644 -470.294503 -470.294389 -470.294298 -470.294187 -470.293831 -470.292664 -470.289529 -470.282557 -470.269566 -470.250067 -470.243946 -470.411562 -470.310920 -470.301882 -470.301000 -470.302162 -470.304872 -470.309453 -470.316661 -470.327674 -470.344169 -470.368426 -470.403470 -470.453196 -470.522495 -470.617340 -470.744836 -470.913197 -471.131665 -471.410356 -471.760054 -472.191960 -472.717438 -473.347765 -474.093923 -474.966454 -475.975376 -477.130190 -478.439955 -479.913437 -481.559330 -483.386531 -485.404483 -487.623579 -490.055630 -492.714440 -495.616490 -498.781809 -502.235078 -506.007116 -510.136890 -514.674367 -519.684654 -525.254254 -531.500873 -538.589556 -546.760793 -556.383143 -568.061820 -582.897507 -603.278424 -636.669831 -9999.0 -9999.0
-9999.0 -9999.0 -42.430007 -139.193347 -231.157379 -314.849060 -383.594728 -429.537071 -453.877148 -464.011460 -467.937636 -469.418308 -469.970884 -470.176195 -470.252314 -470.280496 -470.290917 -470.294765 -470.296180 -470.296695 -470.296875 -470.296928 -470.296929 -470.296906 -470.296867 -470.296814 -470.296746 -470.296663 -470.296562 -470.296443 -470.296306 -470.296151 -470.295979 -470.295793 -470.295597 -470.295395 -470.295192 -470.294995 -470.294811 -470.294644 -470.294503 -470.294389 -470.294298 -470.294187 -470.293831 -470.292664 -470.289529 -470.282557 -470.269566 -470.250067 -470.243946 -470.411562 -470.310920 -470.301882 -470.301000 -470.302162 -470.304872 -470.309453 -470.316661 -470.327674 -470.344169 -470.368426 -470.403470 -470.453196 -470.522495 -470.617340 -470.744836 -470.913197 -471.131665 -471.410356 -471.760054 -472.191960 -472.717438 -473.347765 -474.093923 -474.966454 -475.975376 -477.130190 -478.439955 -479.913437 -481.559330 -483.386531 -485.404483 -487.623579 -490.055630 -492.714440 -495.616490 -498.781809 -502.235078 -506.007116 -510.136890 -514.674367 -519.684654 -525.254254 -531.500873 -538.589556 -546.760793 -556.383143 -568.061820 -582.897507 -603.278424 -636.669831 -9999.0 -9999.0
-9999.0 -9999.0 -9999.0 -9999.0 -9999.0 -9999.0 -9999.0 -9999.0 -9999.0 -9999.0 -9999.0 -9999.0 -9999.0 -9999.0 -9999.0 -9999.0 -9999.0 -9999.0 -9999.0 -9999.0 -9999.0 -9999.0 -9999.0 -9999.0 -9999.0 -9999.0 -9999.0 -9999.0 -9999.0 -9999.0 -9999.0 -9999.0 -9999.0 -9999.0 -9999.0 -9999.0 -9999.0 -9999.0 -9999.0 -9999.0 -9999.0 -9999.0 -9999.0 -9999.0 -9999.0 -9999.0 -9999.0 -9999.0 -9999.0 -9999.0 -9999.0 -9999.0 -9999.0 -9999.0 -9999.0 -9999.0 -9999.0 -9999.0 -9999.0 -9999.0 -9999.0 -9999.0 -9999.0 -9999.0 -9999.0 -9999.0 -9999.0 -9999.0 -9999.0 -9999.0 -9999.0 -9999.0 -9999.0 -9999.0 -9999.0 -9999.0 -9999.0 -9999.0 -9999.0 -9999.0 -9999.0 -9999.0 -9999.0 -9999.0 -9999.0 -9999.0 -9999.0 -9999.0 -9999.0 -9999.0 -9999.0 -9999.0 -9999.0 -9999.0 -9999.0 -9999.0 -9999.0 -9999.0 -9999.0 -9999.0 -9999.0 -9999.0 -9999.0 -9999.0
-9999.0 -9999.0 -9999.0 -9999.0 -9999.0 -9999.0 -9999.0 -9999.0 -9999.0 -9999.0 -9999.0 -9999.0 -9999.0 -9999.0 -9999.0 -9999.0 -9999.0 -9999.0 -9999.0 -9999.0 -9999.0 -9999.0 -9999.0 -9999.0 -9999.0 -9999.0 -9999.0 -9999.0 -9999.0 -9999.0 -9999.0 -9999.0 -9999.0 -9999.0 -9999.0 -9999.0 -9999.0 -9999.0 -9999.0 -9999.0 -9999.0 -9999.0 -9999.0 -9999.0 -9999.0 -9999.0 -9999.0 -9999.0 -9999.0 -9999.0 -9999.0 -9999.0 -9999.0 -9999.0 -9999.0 -9999.0 -9999.0 -9999.0 -9999.0 -9999.0 -9999.0 -9999.0 -9999.0 -9999.0 -9999.0 -9999.0 -9999.0 -9999.0 -9999.0 -9999.0 -9999.0 -9999.0 -9999.0 -9999.0 -9999.0 -9999.0 -9999.0 -9999.0 -9999.0 -9999.0 -9999.0 -9999.0 -9999.0 -9999.0 -9999.0 -9999.0 -9999.0 -9999.0 -9999.0 -9999.0 -9999.0 -9999.0 -9999.0 -9999.0 -9999.0 -9999.0 -9999.0 -9999.0 -9999.0 -9999.0 -9999.0 -9999.0 -9999.0 -9999.0