tests/3D/superslab/out/maps3D/PwL0097N0005.asc
ncols         104
nrows         10
xllcorner     -2.000000
yllcorner     0.000000
cellsize      1.000000
NODATA_value  -9999.0
-9999.0 -9999.0 -9999.0 -9999.0 -9999.0 -9999.0 -9999.0 -9999.0 -9999.0 -9999.0 -9999.0 -9999.0 -9999.0 -9999.0 -9999.0 -9999.0 -9999.0 -9999.0 -9999.0 -9999.0 -9999.0 -9999.0 -9999.0 -9999.0 -9999.0 -9999.0 -9999.0 -9999.0 -9999.0 -9999.0 -9999.0 -9999.0 -9999.0 -9999.0 -9999.0 -9999.0 -9999.0 -9999.0 -9999.0 -9999.0 -9999.0 -9999.0 -9999.0 -9999.0 -9999.0 -9999.0 -9999.0 -9999.0 -9999.0 -9999.0 -9999.0 -9999.0 -9999.0 -9999.0 -9999.0 -9999.0 -9999.0 -9999.0 -9999.0 -9999.0 -9999.0 -9999.0 -9999.0 -9999.0 -9999.0 -9999.0 -9999.0 -9999.0 -9999.0 -9999.0 -9999.0 -9999.0 -9999.0 -9999.0 -9999.0 -9999.0 -9999.0 -9999.0 -9999.0 -9999.0 -9999.0 -9999.0 -9999.0 -9999.0 -9999.0 -9999.0 -9999.0 -9999.0 -9999.0 -9999.0 -9999.0 -9999.0 -9999.0 -9999.0 -9999.0 -9999.0 -9999.0 -9999.0 -9999.0 -9999.0 -9999.0 -9999.0 -9999.0 -9999.0
-9999.0 -9999.0 -9999.0 -9999.0 -9999.0 -9999.0 -9999.0 -9999.0 -9999.0 -9999.0 -9999.0 -9999.0 -9999.0 -9999.0 -9999.0 -9999.0 -9999.0 -9999.0 -9999.0 -9999.0 -9999.0 -9999.0 -9999.0 -9999.0 -9999.0 -9999.0 -9999.0 -9999.0 -9999.0 -9999.0 -9999.0 -9999.0 -9999.0 -9999.0 -9999.0 -9999.0 -9999.0 -9999.0 -9999.0 -9999.0 -9999.0 -9999.0 -9999.0 -9999.0 -9999.0 -9999.0 -9999.0 -9999.0 -9999.0 -9999.0 -9999.0 -9999.0 -9999.0 -9999.0 -9999.0 -9999.0 -9999.0 -9999.0 -9999.0 -9999.0 -9999.0 -9999.0 -9999.0 -9999.0 -9999.0 -9999.0 -9999.0 -9999.0 -9999.0 -9999.0 -9999.0 -9999.0 -9999.0 -9999.0 -9999.0 -9999.0 -9999.0 -9999.0 -9999.0 -9999.0 -9999.0 -9999.0 -9999.0 -9999.0 -9999.0 -9999.0 -9999.0 -9999.0 -9999.0 -9999.0 -9999.0 -9999.0 -9999.0 -9999.0 -9999.0 -9999.0 -9999.0 -9999.0 -9999.0 -9999.0 -9999.0 -9999.0 -9999.0 -9999.0
-9999.0 -9999.0 395.510147 297.582497 202.477712 111.552512 27.248288 -46.750697 -104.336186 -141.818242 -160.509892 -168.305858 -171.370385 -172.546737 -172.994049 -173.163457 -173.227461 -173.251571 -173.260597 -173.263925 -173.265103 -173.265476 -173.265555 -173.265537 -173.265506 -173.265499 -173.265545 -173.265673 -173.265910 -173.266301 -173.266907 -173.267816 -173.269147 -173.271068 -173.273805 -173.277662 -173.283043 -173.290477 -173.300640 -173.314395 -173.332816 -173.357222 -173.389211 -173.430683 -173.483880 -173.551415 -173.636323 -173.742105 -173.872768 -174.032886 -174.227745 -174.461670 -174.707917 -175.006242 -175.356042 -175.758723 -176.216997 -176.733958 -177.312686 -177.956101 -178.666903 -179.447561 -180.300330 -181.227272 -182.230299 -183.311214 -184.471758 -185.713664 -187.038710 -188.448774 -189.945898 -191.532344 -193.210661 -194.983755 -196.854965 -198.828142 -200.907750 -203.098966 -205.407814 -207.841309 -210.407640 -213.116390 -215.978806 -219.008144 -222.220102 -225.633372 -229.270373 -233.158210 -237.329967 -241.826488 -246.698860 -252.011976 -257.849796 -264.323334 -271.583290 -279.840938 -289.404652 -300.748471 -314.653315 -332.537415 -357.390738 -397.407406 -9999.0 -9999.0
-9999.0 -9999.0 395.510147 297.582497 202.477712 111.552512 27.248288 -46.750697 -104.336186 -141.818242 -160.509892 -168.305858 -171.370385 -172.546737 -172.994049 -173.163457 -173.227461 -173.251571 -173.260597 -173.263925 -173.265103 -173.265476 -173.265555 -173.265537 -173.265506 -173.265499 -173.265545 -173.265673 -173.265910 -173.266301 -173.266907 -173.267816 -173.269147 -173.271068 -173.273805 -173.277662 -173.283043 -173.290477 -173.300640 -173.314395 -173.332816 -173.357222 -173.389211 -173.430683 -173.483880 -173.551415 -173.636323 -173.742105 -173.872768 -174.032886 -174.227745 -174.461670 -174.707917 -175.006242 -175.356042 -175.758723 -176.216997 -176.733958 -177.312686 -177.956101 -178.666903 -179.447561 -180.300330 -181.227272 -182.230299 -183.311214 -184.471758 -185.713664 -187.038710 -188.448774 -189.945898 -191.532344 -193.210661 -194.983755 -196.854965 -198.828142 -200.907750 -203.098966 -205.407814 -207.841309 -210.407640 -213.116390 -215.978806 -219.008144 -222.220102 -225.633372 -229.270373 -233.158210 -237.329967 -241.826488 -246.698860 -252.011976 -257.849796 -264.323334 -271.583290 -279.840938 -289.404652 -300.748471 -314.653315 -332.537415 -357.390738 -397.407406 -9999.0 -9999.0
-9999.0 -9999.0 395.510147 297.582497 202.477712 111.552512 27.248288 -46.750697 -104.336186 -141.818242 -160.509892 -168.305858 -171.370385 -172.546737 -172.994049 -173.163457 -173.227461 -173.251571 -173.260597 -173.263925 -173.265103 -173.265476 -173.265555 -173.265537 -173.265506 -173.265499 -173.265545 -173.265673 -173.265910 -173.266301 -173.266907 -173.267816 -173.269147 -173.271068 -173.273805 -173.277662 -173.283043 -173.290477 -173.300640 -173.314395 -173.332816 -173.357222 -173.389211 -173.430683 -173.483880 -173.551415 -173.636323 -173.742105 -173.872768 -174.032886 -174.227745 -174.461670 -174.707917 -175.006242 -175.356042 -175.758723 -176.216997 -176.733958 -177.312686 -177.956101 -178.666903 -179.447561 -180.300330 -181.227272 -182.230299 -183.311214 -184.471758 -185.713664 -187.038710 -188.448774 -189.945898 -191.532344 -193.210661 -194.983755 -196.854965 -198.828142 -200.907750 -203.098966 -205.407814 -207.841309 -210.407640 -213.116390 -215.978806 -219.008144 -222.220102 -225.633372 -229.270373 -233.158210 -237.329967 -241.826488 -246.698860 -252.011976 -257.849796 -264.323334 -271.583290 -279.840938 -289.404652 -300.748471 -314.653315 -332.537415 -357.390738 -397.407406 -9999.0 -9999.0
-9999.0 -9999.0 395.510147 297.582497 202.477712 111.552512 27.248288 -46.750697 -104.336186 -141.818242 -160.509892 -168.305858 -171.370385 -172.546737 -172.994049 -173.163457 -173.227461 -173.251571 -173.260597 -173.263925 -173.265103 -173.265476 -173.265555 -173.265537 -173.265506 -173.265499 -173.265545 -173.265673 -173.265910 -173.266301 -173.266907 -173.267816 -173.269147 -173.271068 -173.273805 -173.277662 -173.283043 -173.290477 -173.300640 -173.314395 -173.332816 -173.357222 -173.389211 -173.430683 -173.483880 -173.551415 -173.636323 -173.742105 -173.872768 -174.032886 -174.227745 -174.461670 -174.707917 -175.006242 -175.356042 -175.758723 -176.216997 -176.733958 -177.312686 -177.956101 -178.666903 -179.447561 -180.300330 -181.227272 -182.230299 -183.311214 -184.471758 -185.713664 -187.038710 -188.448774 -189.945898 -191.532344 -193.210661 -194.983755 -196.854965 -198.828142 -200.907750 -203.098966 -205.407814 -207.841309 -210.407640 -213.116390 -215.978806 -219.008144 -222.220102 -225.633372 -229.270373 -233.158210 -237.329967 -241.826488 -246.698860 -252.011976 -257.849796 -264.323334 -271.583290 -279.840938 -289.404652 -300.748471 -314.653315 -332.537415 -357.390738 -397.407406 -9999.0 -9999.0
-9999.0 -9999.0 395.510147 297.582497 202.477712 111.552512 27.248288 -46.750697 -104.336186 -141.818242 -160.509892 -168.305858 -171.370385 -172.546737 -172.994049 -173.163457 -173.227461 -173.251571 -173.260597 -173.263925 -173.265103 -173.265476 -173.265555 -173.265537 -173.265506 -173.265499 -173.265545 -173.265673 -173.265910 -173.266301 -173.266907 -173.267816 -173.269147 -173.271068 -173.273805 -173.277662 -173.283043 -173.290477 -173.300640 -173.314395 -173.332816 -173.357222 -173.389211 -173.430683 -173.483880 -173.551415 -173.636323 -173.742105 -173.872768 -174.032886 -174.227745 -174.461670 -174.707917 -175.006242 -175.356042 -175.758723 -176.216997 -176.733958 -177.312686 -177.956101 -178.666903 -179.447561 -180.300330 -181.227272 -182.230299 -183.311214 -184.471758 -185.713664 -187.038710 -188.448774 -189.945898 -191.532344 -193.210661 -194.983755 -196.854965 -198.828142 -200.907750 -203.098966 -205.407814 -207.841309 -210.407640 -213.116390 -215.978806 -219.008144 -222.220102 -225.633372 -229.270373 -233.158210 -237.329967 -241.826488 -246.698860 -252.011976 -257.849796 -264.323334 -271.583290 -279.840938 -289.404652 -300.748471 -314.653315 -332.537415 -357.390738 -397.407406 -9999.0 -9999.0
-9999.0 -9999.0 395.510147 297.582497 202.477712 111.552512 27.248288 -46.750697 -104.336186 -141.818242 -160.509892 -168.305858 -171.370385 -172.546737 -172.994049 -173.163457 -173.227461 -173.251571 -173.260597 -173.263925 -173.265103 -173.265476 -173.265555 -173.265537 -173.265506 -173.265499 -173.265545 -173.265673 -173.265910 -173.266301 -173.266907 -173.267816 -173.269147 -173.271068 -173.273805 -173.277662 -173.283043 -173.290477 -173.300640 -173.314395 -173.332816 -173.357222 -173.389211 -173.430683 -173.483880 -173.551415 -173.636323 -173.742105 -173.872768 -174.032886 -174.227745 -174.461670 -174.707917 -175.006242 -175.356042 -175.758723 -176.216997 -176.733958 -177.312686 -177.956101 -178.666903 -179.447561 -180.300330 -181.227272 -182.230299 -183.311214 -184.471758 -185.713664 -187.038710 -188.448774 -189.945898 -191.532344 -193.210661 -194.983755 -196.854965 -198.828142 -200.907750 -203.098966 -205.407814 -207.841309 -210.407640 -213.116390 -215.978806 -219.008144 -222.220102 -225.633372 -229.270373 -233.158210 -237.329967 -241.826488 -246.698860 -252.011976 -257.849796 -264.323334 -271.583290 -279.840938 -289.404652 -300.748471 -314.653315 -332.537415 -357.390738 -397.407406 -9999.0 -9999.0
-9999.0 -9999.0 -9999.0 -9999.0 -9999.0 -9999.0 -9999.0 -9999.0 -9999.0 -9999.0 -9999.0 -9999.0 -9999.0 -9999.0 -9999.0 -9999.0 -9999.0 -9999.0 -9999.0 -9999.0 -9999.0 -9999.0 -9999.0 -9999.0 -9999.0 -9999.0 -9999.0 -9999.0 -9999.0 -9999.0 -9999.0 -9999.0 -9999.0 -9999.0 -9999.0 -9999.0 -9999.0 -9999.0 -9999.0 -9999.0 -9999.0 -9999.0 -9999.0 -9999.0 -9999.0 -9999.0 -9999.0 -9999.0 -9999.0 -9999.0 -9999.0 -9999.0 -9999.0 -9999.0 -9999.0 -9999.0 -9999.0 -9999.0 -9999.0 -9999.0 -9999.0 -9999.0 -9999.0 -9999.0 -9999.0 -9999.0 -9999.0 -9999.0 -9999.0 -9999.0 -9999.0 -9999.0 -9999.0 -9999.0 -9999.0 -9999.0 -9999.0 -9999.0 -9999.0 -9999.0 -9999.0 -9999.0 -9999.0 -9999.0 -9999.0 -9999.0 -9999.0 -9999.0 -9999.0 -9999.0 -9999.0 -9999.0 -9999.0 -9999.0 -9999.0 -9999.0 -9999.0 -9999.0 -9999.0 -9999.0 -9999.0 -9999.0 -9999.0 -9999.0
-9999.0 -9999.0 -9999.0 -9999.0 -9999.0 -9999.0 -9999.0 -9999.0 -9999.0 -9999.0 -9999.0 -9999.0 -9999.0 -9999.0 -9999.0 -9999.0 -9999.0 -9999.0 -9999.0 -9999.0 -9999.0 -9999.0 -9999.0 -9999.0 -9999.0 -9999.0 -9999.0 -9999.0 -9999.0 -9999.0 -9999.0 -9999.0 -9999.0 -9999.0 -9999.0 -9999.0 -9999.0 -9999.0 -9999.0 -9999.0 -9999.0 -9999.0 -9999.0 -9999.0 -9999.0 -9999.0 -9999.0 -9999.0 -9999.0 -9999.0 -9999.0 -9999.0 -9999.0 -9999.0 -9999.0 -9999.0 -9999.0 -9999.0 -9999.0 -9999.0 -9999.0 -9999.0 -9999.0 -9999.0 -9999.0 -9999.0 -9999.0 -9999.0 -9999.0 -9999.0 -9999.0 -9999.0 -9999.0 -9999.0 -9999.0 -9999.0 -9999.0 -9999.0 -9999.0 -9999.0 -9999.0 -9999.0 -9999.0 -9999.0 -9999.0 -9999.0 -9999.0 -9999.0 -9999.0 -9999.0 -9999.0 -9999.0 -9999.0 -9999.0 -9999.0 -9999.0 -9999.0 -9999.0 -9999.0 -9999.0 -9999.0 -9999.0 -9999.0 -9999.0