tests/3D/superslab/out/maps3D/PwL0077N0005.asc
ncols         104
nrows         10
xllcorner     -2.000000
yllcorner     0.000000
cellsize      1.000000
NODATA_value  -9999.0
-9999.0 -9999.0 -9999.0 -9999.0 -9999.0 -9999.0 -9999.0 -9999.0 -9999.0 -9999.0 -9999.0 -9999.0 -9999.0 -9999.0 -9999.0 -9999.0 -9999.0 -9999.0 -9999.0 -9999.0 -9999.0 -9999.0 -9999.0 -9999.0 -9999.0 -9999.0 -9999.0 -9999.0 -9999.0 -9999.0 -9999.0 -9999.0 -9999.0 -9999.0 -9999.0 -9999.0 -9999.0 -9999.0 -9999.0 -9999.0 -9999.0 -9999.0 -9999.0 -9999.0 -9999.0 -9999.0 -9999.0 -9999.0 -9999.0 -9999.0 -9999.0 -9999.0 -9999.0 -9999.0 -9999.0 -9999.0 -9999.0 -9999.0 -9999.0 -9999.0 -9999.0 -9999.0 -9999.0 -9999.0 -9999.0 -9999.0 -9999.0 -9999.0 -9999.0 -9999.0 -9999.0 -9999.0 -9999.0 -9999.0 -9999.0 -9999.0 -9999.0 -9999.0 -9999.0 -9999.0 -9999.0 -9999.0 -9999.0 -9999.0 -9999.0 -9999.0 -9999.0 -9999.0 -9999.0 -9999.0 -9999.0 -9999.0 -9999.0 -9999.0 -9999.0 -9999.0 -9999.0 -9999.0 -9999.0 -9999.0 -9999.0 -9999.0 -9999.0 -9999.0
-9999.0 -9999.0 -9999.0 -9999.0 -9999.0 -9999.0 -9999.0 -9999.0 -9999.0 -9999.0 -9999.0 -9999.0 -9999.0 -9999.0 -9999.0 -9999.0 -9999.0 -9999.0 -9999.0 -9999.0 -9999.0 -9999.0 -9999.0 -9999.0 -9999.0 -9999.0 -9999.0 -9999.0 -9999.0 -9999.0 -9999.0 -9999.0 -9999.0 -9999.0 -9999.0 -9999.0 -9999.0 -9999.0 -9999.0 -9999.0 -9999.0 -9999.0 -9999.0 -9999.0 -9999.0 -9999.0 -9999.0 -9999.0 -9999.0 -9999.0 -9999.0 -9999.0 -9999.0 -9999.0 -9999.0 -9999.0 -9999.0 -9999.0 -9999.0 -9999.0 -9999.0 -9999.0 -9999.0 -9999.0 -9999.0 -9999.0 -9999.0 -9999.0 -9999.0 -9999.0 -9999.0 -9999.0 -9999.0 -9999.0 -9999.0 -9999.0 -9999.0 -9999.0 -9999.0 -9999.0 -9999.0 -9999.0 -9999.0 -9999.0 -9999.0 -9999.0 -9999.0 -9999.0 -9999.0 -9999.0 -9999.0 -9999.0 -9999.0 -9999.0 -9999.0 -9999.0 -9999.0 -9999.0 -9999.0 -9999.0 -9999.0 -9999.0 -9999.0 -9999.0
-9999.0 -9999.0 -638.499888 -767.623822 -898.901072 -1012.617539 -1090.322768 -1132.230326 -1151.208755 -1158.835854 -1161.681250 -1162.738433 -1163.132187 -1163.279014 -1163.333771 -1163.354182 -1163.361783 -1163.364606 -1163.365648 -1163.366025 -1163.366153 -1163.366186 -1163.366182 -1163.366161 -1163.366133 -1163.366099 -1163.366061 -1163.366019 -1163.365973 -1163.365925 -1163.365875 -1163.365824 -1163.365772 -1163.365721 -1163.365673 -1163.365628 -1163.365589 -1163.365547 -1163.365445 -1163.364967 -1163.362688 -1163.353784 -1163.325406 -1163.250020 -1163.079067 -1162.739302 -1162.130186 -1161.110152 -1161.835545 -1162.166638 -1162.964663 -1168.237413 -1163.562663 -1163.391438 -1163.391629 -1163.399347 -1163.409692 -1163.422962 -1163.439746 -1163.460767 -1163.486863 -1163.518995 -1163.558247 -1163.605830 -1163.663089 -1163.731501 -1163.812679 -1163.908371 -1164.020464 -1164.150978 -1164.302072 -1164.476040 -1164.675315 -1164.902473 -1165.160238 -1165.451491 -1165.779283 -1166.146853 -1166.557652 -1167.015371 -1167.523985 -1168.087801 -1168.711521 -1169.400328 -1170.159989 -1170.996987 -1171.918696 -1172.933607 -1174.051626 -1175.284478 -1176.646257 -1178.154204 -1179.829815 -1181.700501 -1183.802133 -1186.183156 -1188.911616 -1192.088123 -1195.872969 -1200.563560 -1207.054288 -1221.828366 -9999.0 -9999.0
-9999.0 -9999.0 -638.499888 -767.623822 -898.901072 -1012.617539 -1090.322768 -1132.230326 -1151.208755 -1158.835854 -1161.681250 -1162.738433 -1163.132187 -1163.279014 -1163.333771 -1163.354182 -1163.361783 -1163.364606 -1163.365648 -1163.366025 -1163.366153 -1163.366186 -1163.366182 -1163.366161 -1163.366133 -1163.366099 -1163.366061 -1163.366019 -1163.365973 -1163.365925 -1163.365875 -1163.365824 -1163.365772 -1163.365721 -1163.365673 -1163.365628 -1163.365589 -1163.365547 -1163.365445 -1163.364967 -1163.362688 -1163.353784 -1163.325406 -1163.250020 -1163.079067 -1162.739302 -1162.130186 -1161.110152 -1161.835545 -1162.166638 -1162.964663 -1168.237413 -1163.562663 -1163.391438 -1163.391629 -1163.399347 -1163.409692 -1163.422962 -1163.439746 -1163.460767 -1163.486863 -1163.518995 -1163.558247 -1163.605830 -1163.663089 -1163.731501 -1163.812679 -1163.908371 -1164.020464 -1164.150978 -1164.302072 -1164.476040 -1164.675315 -1164.902473 -1165.160238 -1165.451491 -1165.779283 -1166.146853 -1166.557652 -1167.015371 -1167.523985 -1168.087801 -1168.711521 -1169.400328 -1170.159989 -1170.996987 -1171.918696 -1172.933607 -1174.051626 -1175.284478 -1176.646257 -1178.154204 -1179.829815 -1181.700501 -1183.802133 -1186.183156 -1188.911616 -1192.088123 -1195.872969 -1200.563560 -1207.054288 -1221.828366 -9999.0 -9999.0
-9999.0 -9999.0 -638.499888 -767.623822 -898.901072 -1012.617539 -1090.322768 -1132.230326 -1151.208755 -1158.835854 -1161.681250 -1162.738433 -1163.132187 -1163.279014 -1163.333771 -1163.354182 -1163.361783 -1163.364606 -1163.365648 -1163.366025 -1163.366153 -1163.366186 -1163.366182 -1163.366161 -1163.366133 -1163.366099 -1163.366061 -1163.366019 -1163.365973 -1163.365925 -1163.365875 -1163.365824 -1163.365772 -1163.365721 -1163.365673 -1163.365628 -1163.365589 -1163.365547 -1163.365445 -1163.364967 -1163.362688 -1163.353784 -1163.325406 -1163.250020 -1163.079067 -1162.739302 -1162.130186 -1161.110152 -1161.835545 -1162.166638 -1162.964663 -1168.237413 -1163.562663 -1163.391438 -1163.391629 -1163.399347 -1163.409692 -1163.422962 -1163.439746 -1163.460767 -1163.486863 -1163.518995 -1163.558247 -1163.605830 -1163.663089 -1163.731501 -1163.812679 -1163.908371 -1164.020464 -1164.150978 -1164.302072 -1164.476040 -1164.675315 -1164.902473 -1165.160238 -1165.451491 -1165.779283 -1166.146853 -1166.557652 -1167.015371 -1167.523985 -1168.087801 -1168.711521 -1169.400328 -1170.159989 -1170.996987 -1171.918696 -1172.933607 -1174.051626 -1175.284478 -1176.646257 -1178.154204 -1179.829815 -1181.700501 -1183.802133 -1186.183156 -1188.911616 -1192.088123 -1195.872969 -1200.563560 -1207.054288 -1221.828366 -9999.0 -9999.0
-9999.0 -9999.0 -638.499888 -767.623822 -898.901072 -1012.617539 -1090.322768 -1132.230326 -1151.208755 -1158.835854 -1161.681250 -1162.738433 -1163.132187 -1163.279014 -1163.333771 -1163.354182 -1163.361783 -1163.364606 -1163.365648 -1163.366025 -1163.366153 -1163.366186 -1163.366182 -1163.366161 -1163.366133 -1163.366099 -1163.366061 -1163.366019 -1163.365973 -1163.365925 -1163.365875 -1163.365824 -1163.365772 -1163.365721 -1163.365673 -1163.365628 -1163.365589 -1163.365547 -1163.365445 -1163.364967 -1163.362688 -1163.353784 -1163.325406 -1163.250020 -1163.079067 -1162.739302 -1162.130186 -1161.110152 -1161.835545 -1162.166638 -1162.964663 -1168.237413 -1163.562663 -1163.391438 -1163.391629 -1163.399347 -1163.409692 -1163.422962 -1163.439746 -1163.460767 -1163.486863 -1163.518995 -1163.558247 -1163.605830 -1163.663089 -1163.731501 -1163.812679 -1163.908371 -1164.020464 -1164.150978 -1164.302072 -1164.476040 -1164.675315 -1164.902473 -1165.160238 -1165.451491 -1165.779283 -1166.146853 -1166.557652 -1167.015371 -1167.523985 -1168.087801 -1168.711521 -1169.400328 -1170.159989 -1170.996987 -1171.918696 -1172.933607 -1174.051626 -1175.284478 -1176.646257 -1178.154204 -1179.829815 -1181.700501 -1183.802133 -1186.183156 -1188.911616 -1192.088123 -1195.872969 -1200.563560 -1207.054288 -1221.828366 -9999.0 -9999.0
-9999.0 -9999.0 -638.499888 -767.623822 -898.901072 -1012.617539 -1090.322768 -1132.230326 -1151.208755 -1158.835854 -1161.681250 -1162.738433 -1163.132187 -1163.279014 -1163.333771 -1163.354182 -1163.361783 -1163.364606 -1163.365648 -1163.366025 -1163.366153 -1163.366186 -1163.366182 -1163.366161 -1163.366133 -1163.366099 -1163.366061 -1163.366019 -1163.365973 -1163.365925 -1163.365875 -1163.365824 -1163.365772 -1163.365721 -1163.365673 -1163.365628 -1163.365589 -1163.365547 -1163.365445 -1163.364967 -1163.362688 -1163.353784 -1163.325406 -1163.250020 -1163.079067 -1162.739302 -1162.130186 -1161.110152 -1161.835545 -1162.166638 -1162.964663 -1168.237413 -1163.562663 -1163.391438 -1163.391629 -1163.399347 -1163.409692 -1163.422962 -1163.439746 -1163.460767 -1163.486863 -1163.518995 -1163.558247 -1163.605830 -1163.663089 -1163.731501 -1163.812679 -1163.908371 -1164.020464 -1164.150978 -1164.302072 -1164.476040 -1164.675315 -1164.902473 -1165.160238 -1165.451491 -1165.779283 -1166.146853 -1166.557652 -1167.015371 -1167.523985 -1168.087801 -1168.711521 -1169.400328 -1170.159989 -1170.996987 -1171.918696 -1172.933607 -1174.051626 -1175.284478 -1176.646257 -1178.154204 -1179.829815 -1181.700501 -1183.802133 -1186.183156 -1188.911616 -1192.088123 -1195.872969 -1200.563560 -1207.054288 -1221.828366 -9999.0 -9999.0
-9999.0 -9999.0 -638.499888 -767.623822 -898.901072 -1012.617539 -1090.322768 -1132.230326 -1151.208755 -1158.835854 -1161.681250 -1162.738433 -1163.132187 -1163.279014 -1163.333771 -1163.354182 -1163.361783 -1163.364606 -1163.365648 -1163.366025 -1163.366153 -1163.366186 -1163.366182 -1163.366161 -1163.366133 -1163.366099 -1163.366061 -1163.366019 -1163.365973 -1163.365925 -1163.365875 -1163.365824 -1163.365772 -1163.365721 -1163.365673 -1163.365628 -1163.365589 -1163.365547 -1163.365445 -1163.364967 -1163.362688 -1163.353784 -1163.325406 -1163.250020 -1163.079067 -1162.739302 -1162.130186 -1161.110152 -1161.835545 -1162.166638 -1162.964663 -1168.237413 -1163.562663 -1163.391438 -1163.391629 -1163.399347 -1163.409692 -1163.422962 -1163.439746 -1163.460767 -1163.486863 -1163.518995 -1163.558247 -1163.605830 -1163.663089 -1163.731501 -1163.812679 -1163.908371 -1164.020464 -1164.150978 -1164.302072 -1164.476040 -1164.675315 -1164.902473 -1165.160238 -1165.451491 -1165.779283 -1166.146853 -1166.557652 -1167.015371 -1167.523985 -1168.087801 -1168.711521 -1169.400328 -1170.159989 -1170.996987 -1171.918696 -1172.933607 -1174.051626 -1175.284478 -1176.646257 -1178.154204 -1179.829815 -1181.700501 -1183.802133 -1186.183156 -1188.911616 -1192.088123 -1195.872969 -1200.563560 -1207.054288 -1221.828366 -9999.0 -9999.0
-9999.0 -9999.0 -9999.0 -9999.0 -9999.0 -9999.0 -9999.0 -9999.0 -9999.0 -9999.0 -9999.0 -9999.0 -9999.0 -9999.0 -9999.0 -9999.0 -9999.0 -9999.0 -9999.0 -9999.0 -9999.0 -9999.0 -9999.0 -9999.0 -9999.0 -9999.0 -9999.0 -9999.0 -9999.0 -9999.0 -9999.0 -9999.0 -9999.0 -9999.0 -9999.0 -9999.0 -9999.0 -9999.0 -9999.0 -9999.0 -9999.0 -9999.0 -9999.0 -9999.0 -9999.0 -9999.0 -9999.0 -9999.0 -9999.0 -9999.0 -9999.0 -9999.0 -9999.0 -9999.0 -9999.0 -9999.0 -9999.0 -9999.0 -9999.0 -9999.0 -9999.0 -9999.0 -9999.0 -9999.0 -9999.0 -9999.0 -9999.0 -9999.0 -9999.0 -9999.0 -9999.0 -9999.0 -9999.0 -9999.0 -9999.0 -9999.0 -9999.0 -9999.0 -9999.0 -9999.0 -9999.0 -9999.0 -9999.0 -9999.0 -9999.0 -9999.0 -9999.0 -9999.0 -9999.0 -9999.0 -9999.0 -9999.0 -9999.0 -9999.0 -9999.0 -9999.0 -9999.0 -9999.0 -9999.0 -9999.0 -9999.0 -9999.0 -9999.0 -9999.0
-9999.0 -9999.0 -9999.0 -9999.0 -9999.0 -9999.0 -9999.0 -9999.0 -9999.0 -9999.0 -9999.0 -9999.0 -9999.0 -9999.0 -9999.0 -9999.0 -9999.0 -9999.0 -9999.0 -9999.0 -9999.0 -9999.0 -9999.0 -9999.0 -9999.0 -9999.0 -9999.0 -9999.0 -9999.0 -9999.0 -9999.0 -9999.0 -9999.0 -9999.0 -9999.0 -9999.0 -9999.0 -9999.0 -9999.0 -9999.0 -9999.0 -9999.0 -9999.0 -9999.0 -9999.0 -9999.0 -9999.0 -9999.0 -9999.0 -9999.0 -9999.0 -9999.0 -9999.0 -9999.0 -9999.0 -9999.0 -9999.0 -9999.0 -9999.0 -9999.0 -9999.0 -9999.0 -9999.0 -9999.0 -9999.0 -9999.0 -9999.0 -9999.0 -9999.0 -9999.0 -9999.0 -9999.0 -9999.0 -9999.0 -9999.0 -9999.0 -9999.0 -9999.0 -9999.0 -9999.0 -9999.0 -9999.0 -9999.0 -9999.0 -9999.0 -9999.0 -9999.0 -9999.0 -9999.0 -9999.0 -9999.0 -9999.0 -9999.0 -9999.0 -9999.0 -9999.0 -9999.0 -9999.0 -9999.0 -9999.0 -9999.0 -9999.0 -9999.0 -9999.0