tests/3D/superslab/out/maps3D/PwL0090N0002.asc
ncols         104
nrows         10
xllcorner     -2.000000
yllcorner     0.000000
cellsize      1.000000
NODATA_value  -9999.0
-9999.0 -9999.0 -9999.0 -9999.0 -9999.0 -9999.0 -9999.0 -9999.0 -9999.0 -9999.0 -9999.0 -9999.0 -9999.0 -9999.0 -9999.0 -9999.0 -9999.0 -9999.0 -9999.0 -9999.0 -9999.0 -9999.0 -9999.0 -9999.0 -9999.0 -9999.0 -9999.0 -9999.0 -9999.0 -9999.0 -9999.0 -9999.0 -9999.0 -9999.0 -9999.0 -9999.0 -9999.0 -9999.0 -9999.0 -9999.0 -9999.0 -9999.0 -9999.0 -9999.0 -9999.0 -9999.0 -9999.0 -9999.0 -9999.0 -9999.0 -9999.0 -9999.0 -9999.0 -9999.0 -9999.0 -9999.0 -9999.0 -9999.0 -9999.0 -9999.0 -9999.0 -9999.0 -9999.0 -9999.0 -9999.0 -9999.0 -9999.0 -9999.0 -9999.0 -9999.0 -9999.0 -9999.0 -9999.0 -9999.0 -9999.0 -9999.0 -9999.0 -9999.0 -9999.0 -9999.0 -9999.0 -9999.0 -9999.0 -9999.0 -9999.0 -9999.0 -9999.0 -9999.0 -9999.0 -9999.0 -9999.0 -9999.0 -9999.0 -9999.0 -9999.0 -9999.0 -9999.0 -9999.0 -9999.0 -9999.0 -9999.0 -9999.0 -9999.0 -9999.0
-9999.0 -9999.0 -9999.0 -9999.0 -9999.0 -9999.0 -9999.0 -9999.0 -9999.0 -9999.0 -9999.0 -9999.0 -9999.0 -9999.0 -9999.0 -9999.0 -9999.0 -9999.0 -9999.0 -9999.0 -9999.0 -9999.0 -9999.0 -9999.0 -9999.0 -9999.0 -9999.0 -9999.0 -9999.0 -9999.0 -9999.0 -9999.0 -9999.0 -9999.0 -9999.0 -9999.0 -9999.0 -9999.0 -9999.0 -9999.0 -9999.0 -9999.0 -9999.0 -9999.0 -9999.0 -9999.0 -9999.0 -9999.0 -9999.0 -9999.0 -9999.0 -9999.0 -9999.0 -9999.0 -9999.0 -9999.0 -9999.0 -9999.0 -9999.0 -9999.0 -9999.0 -9999.0 -9999.0 -9999.0 -9999.0 -9999.0 -9999.0 -9999.0 -9999.0 -9999.0 -9999.0 -9999.0 -9999.0 -9999.0 -9999.0 -9999.0 -9999.0 -9999.0 -9999.0 -9999.0 -9999.0 -9999.0 -9999.0 -9999.0 -9999.0 -9999.0 -9999.0 -9999.0 -9999.0 -9999.0 -9999.0 -9999.0 -9999.0 -9999.0 -9999.0 -9999.0 -9999.0 -9999.0 -9999.0 -9999.0 -9999.0 -9999.0 -9999.0 -9999.0
-9999.0 -9999.0 -181.743340 -278.261150 -366.674528 -438.024974 -483.395169 -505.640377 -514.522273 -517.864530 -519.095703 -519.545376 -519.708956 -519.768318 -519.789820 -519.797595 -519.800401 -519.801413 -519.801777 -519.801907 -519.801954 -519.801971 -519.801976 -519.801978 -519.801977 -519.801976 -519.801973 -519.801969 -519.801962 -519.801951 -519.801935 -519.801912 -519.801879 -519.801833 -519.801770 -519.801688 -519.801582 -519.801450 -519.801290 -519.801102 -519.800886 -519.800646 -519.800385 -519.800094 -519.799705 -519.798881 -519.796071 -519.788240 -519.770275 -519.737655 -519.710714 -519.933629 -519.811721 -519.803797 -519.802592 -519.802208 -519.802067 -519.802018 -519.802005 -519.802010 -519.802034 -519.802085 -519.802186 -519.802379 -519.802741 -519.803412 -519.804629 -519.806801 -519.810598 -519.817107 -519.828031 -519.845963 -519.874734 -519.919814 -519.988752 -520.091581 -520.241153 -520.453296 -520.746767 -521.142950 -521.665347 -522.338916 -523.189380 -524.242631 -525.524331 -527.059816 -528.874336 -530.993686 -533.445229 -536.259383 -539.471650 -543.125400 -547.275763 -551.995284 -557.382570 -563.576237 -570.778911 -579.301855 -589.656717 -602.774789 -620.699510 -650.285291 -9999.0 -9999.0
-9999.0 -9999.0 -181.743340 -278.261150 -366.674528 -438.024974 -483.395169 -505.640377 -514.522273 -517.864530 -519.095703 -519.545376 -519.708956 -519.768318 -519.789820 -519.797595 -519.800401 -519.801413 -519.801777 -519.801907 -519.801954 -519.801971 -519.801976 -519.801978 -519.801977 -519.801976 -519.801973 -519.801969 -519.801962 -519.801951 -519.801935 -519.801912 -519.801879 -519.801833 -519.801770 -519.801688 -519.801582 -519.801450 -519.801290 -519.801102 -519.800886 -519.800646 -519.800385 -519.800094 -519.799705 -519.798881 -519.796071 -519.788240 -519.770275 -519.737655 -519.710714 -519.933629 -519.811721 -519.803797 -519.802592 -519.802208 -519.802067 -519.802018 -519.802005 -519.802010 -519.802034 -519.802085 -519.802186 -519.802379 -519.802741 -519.803412 -519.804629 -519.806801 -519.810598 -519.817107 -519.828031 -519.845963 -519.874734 -519.919814 -519.988752 -520.091581 -520.241153 -520.453296 -520.746767 -521.142950 -521.665347 -522.338916 -523.189380 -524.242631 -525.524331 -527.059816 -528.874336 -530.993686 -533.445229 -536.259383 -539.471650 -543.125400 -547.275763 -551.995284 -557.382570 -563.576237 -570.778911 -579.301855 -589.656717 -602.774789 -620.699510 -650.285291 -9999.0 -9999.0
-9999.0 -9999.0 -181.743340 -278.261150 -366.674528 -438.024974 -483.395169 -505.640377 -514.522273 -517.864530 -519.095703 -519.545376 -519.708956 -519.768318 -519.789820 -519.797595 -519.800401 -519.801413 -519.801777 -519.801907 -519.801954 -519.801971 -519.801976 -519.801978 -519.801977 -519.801976 -519.801973 -519.801969 -519.801962 -519.801951 -519.801935 -519.801912 -519.801879 -519.801833 -519.801770 -519.801688 -519.801582 -519.801450 -519.801290 -519.801102 -519.800886 -519.800646 -519.800385 -519.800094 -519.799705 -519.798881 -519.796071 -519.788240 -519.770275 -519.737655 -519.710714 -519.933629 -519.811721 -519.803797 -519.802592 -519.802208 -519.802067 -519.802018 -519.802005 -519.802010 -519.802034 -519.802085 -519.802186 -519.802379 -519.802741 -519.803412 -519.804629 -519.806801 -519.810598 -519.817107 -519.828031 -519.845963 -519.874734 -519.919814 -519.988752 -520.091581 -520.241153 -520.453296 -520.746767 -521.142950 -521.665347 -522.338916 -523.189380 -524.242631 -525.524331 -527.059816 -528.874336 -530.993686 -533.445229 -536.259383 -539.471650 -543.125400 -547.275763 -551.995284 -557.382570 -563.576237 -570.778911 -579.301855 -589.656717 -602.774789 -620.699510 -650.285291 -9999.0 -9999.0
-9999.0 -9999.0 -181.743340 -278.261150 -366.674528 -438.024974 -483.395169 -505.640377 -514.522273 -517.864530 -519.095703 -519.545376 -519.708956 -519.768318 -519.789820 -519.797595 -519.800401 -519.801413 -519.801777 -519.801907 -519.801954 -519.801971 -519.801976 -519.801978 -519.801977 -519.801976 -519.801973 -519.801969 -519.801962 -519.801951 -519.801935 -519.801912 -519.801879 -519.801833 -519.801770 -519.801688 -519.801582 -519.801450 -519.801290 -519.801102 -519.800886 -519.800646 -519.800385 -519.800094 -519.799705 -519.798881 -519.796071 -519.788240 -519.770275 -519.737655 -519.710714 -519.933629 -519.811721 -519.803797 -519.802592 -519.802208 -519.802067 -519.802018 -519.802005 -519.802010 -519.802034 -519.802085 -519.802186 -519.802379 -519.802741 -519.803412 -519.804629 -519.806801 -519.810598 -519.817107 -519.828031 -519.845963 -519.874734 -519.919814 -519.988752 -520.091581 -520.241153 -520.453296 -520.746767 -521.142950 -521.665347 -522.338916 -523.189380 -524.242631 -525.524331 -527.059816 -528.874336 -530.993686 -533.445229 -536.259383 -539.471650 -543.125400 -547.275763 -551.995284 -557.382570 -563.576237 -570.778911 -579.301855 -589.656717 -602.774789 -620.699510 -650.285291 -9999.0 -9999.0
-9999.0 -9999.0 -181.743340 -278.261150 -366.674528 -438.024974 -483.395169 -505.640377 -514.522273 -517.864530 -519.095703 -519.545376 -519.708956 -519.768318 -519.789820 -519.797595 -519.800401 -519.801413 -519.801777 -519.801907 -519.801954 -519.801971 -519.801976 -519.801978 -519.801977 -519.801976 -519.801973 -519.801969 -519.801962 -519.801951 -519.801935 -519.801912 -519.801879 -519.801833 -519.801770 -519.801688 -519.801582 -519.801450 -519.801290 -519.801102 -519.800886 -519.800646 -519.800385 -519.800094 -519.799705 -519.798881 -519.796071 -519.788240 -519.770275 -519.737655 -519.710714 -519.933629 -519.811721 -519.803797 -519.802592 -519.802208 -519.802067 -519.802018 -519.802005 -519.802010 -519.802034 -519.802085 -519.802186 -519.802379 -519.802741 -519.803412 -519.804629 -519.806801 -519.810598 -519.817107 -519.828031 -519.845963 -519.874734 -519.919814 -519.988752 -520.091581 -520.241153 -520.453296 -520.746767 -521.142950 -521.665347 -522.338916 -523.189380 -524.242631 -525.524331 -527.059816 -528.874336 -530.993686 -533.445229 -536.259383 -539.471650 -543.125400 -547.275763 -551.995284 -557.382570 -563.576237 -570.778911 -579.301855 -589.656717 -602.774789 -620.699510 -650.285291 -9999.0 -9999.0
-9999.0 -9999.0 -181.743340 -278.261150 -366.674528 -438.024974 -483.395169 -505.640377 -514.522273 -517.864530 -519.095703 -519.545376 -519.708956 -519.768318 -519.789820 -519.797595 -519.800401 -519.801413 -519.801777 -519.801907 -519.801954 -519.801971 -519.801976 -519.801978 -519.801977 -519.801976 -519.801973 -519.801969 -519.801962 -519.801951 -519.801935 -519.801912 -519.801879 -519.801833 -519.801770 -519.801688 -519.801582 -519.801450 -519.801290 -519.801102 -519.800886 -519.800646 -519.800385 -519.800094 -519.799705 -519.798881 -519.796071 -519.788240 -519.770275 -519.737655 -519.710714 -519.933629 -519.811721 -519.803797 -519.802592 -519.802208 -519.802067 -519.802018 -519.802005 -519.802010 -519.802034 -519.802085 -519.802186 -519.802379 -519.802741 -519.803412 -519.804629 -519.806801 -519.810598 -519.817107 -519.828031 -519.845963 -519.874734 -519.919814 -519.988752 -520.091581 -520.241153 -520.453296 -520.746767 -521.142950 -521.665347 -522.338916 -523.189380 -524.242631 -525.524331 -527.059816 -528.874336 -530.993686 -533.445229 -536.259383 -539.471650 -543.125400 -547.275763 -551.995284 -557.382570 -563.576237 -570.778911 -579.301855 -589.656717 -602.774789 -620.699510 -650.285291 -9999.0 -9999.0
-9999.0 -9999.0 -9999.0 -9999.0 -9999.0 -9999.0 -9999.0 -9999.0 -9999.0 -9999.0 -9999.0 -9999.0 -9999.0 -9999.0 -9999.0 -9999.0 -9999.0 -9999.0 -9999.0 -9999.0 -9999.0 -9999.0 -9999.0 -9999.0 -9999.0 -9999.0 -9999.0 -9999.0 -9999.0 -9999.0 -9999.0 -9999.0 -9999.0 -9999.0 -9999.0 -9999.0 -9999.0 -9999.0 -9999.0 -9999.0 -9999.0 -9999.0 -9999.0 -9999.0 -9999.0 -9999.0 -9999.0 -9999.0 -9999.0 -9999.0 -9999.0 -9999.0 -9999.0 -9999.0 -9999.0 -9999.0 -9999.0 -9999.0 -9999.0 -9999.0 -9999.0 -9999.0 -9999.0 -9999.0 -9999.0 -9999.0 -9999.0 -9999.0 -9999.0 -9999.0 -9999.0 -9999.0 -9999.0 -9999.0 -9999.0 -9999.0 -9999.0 -9999.0 -9999.0 -9999.0 -9999.0 -9999.0 -9999.0 -9999.0 -9999.0 -9999.0 -9999.0 -9999.0 -9999.0 -9999.0 -9999.0 -9999.0 -9999.0 -9999.0 -9999.0 -9999.0 -9999.0 -9999.0 -9999.0 -9999.0 -9999.0 -9999.0 -9999.0 -9999.0
-9999.0 -9999.0 -9999.0 -9999.0 -9999.0 -9999.0 -9999.0 -9999.0 -9999.0 -9999.0 -9999.0 -9999.0 -9999.0 -9999.0 -9999.0 -9999.0 -9999.0 -9999.0 -9999.0 -9999.0 -9999.0 -9999.0 -9999.0 -9999.0 -9999.0 -9999.0 -9999.0 -9999.0 -9999.0 -9999.0 -9999.0 -9999.0 -9999.0 -9999.0 -9999.0 -9999.0 -9999.0 -9999.0 -9999.0 -9999.0 -9999.0 -9999.0 -9999.0 -9999.0 -9999.0 -9999.0 -9999.0 -9999.0 -9999.0 -9999.0 -9999.0 -9999.0 -9999.0 -9999.0 -9999.0 -9999.0 -9999.0 -9999.0 -9999.0 -9999.0 -9999.0 -9999.0 -9999.0 -9999.0 -9999.0 -9999.0 -9999.0 -9999.0 -9999.0 -9999.0 -9999.0 -9999.0 -9999.0 -9999.0 -9999.0 -9999.0 -9999.0 -9999.0 -9999.0 -9999.0 -9999.0 -9999.0 -9999.0 -9999.0 -9999.0 -9999.0 -9999.0 -9999.0 -9999.0 -9999.0 -9999.0 -9999.0 -9999.0 -9999.0 -9999.0 -9999.0 -9999.0 -9999.0 -9999.0 -9999.0 -9999.0 -9999.0 -9999.0 -9999.0