tests/3D/superslab/out/maps3D/PwL0098N0001.asc
ncols         104
nrows         10
xllcorner     -2.000000
yllcorner     0.000000
cellsize      1.000000
NODATA_value  -9999.0
-9999.0 -9999.0 -9999.0 -9999.0 -9999.0 -9999.0 -9999.0 -9999.0 -9999.0 -9999.0 -9999.0 -9999.0 -9999.0 -9999.0 -9999.0 -9999.0 -9999.0 -9999.0 -9999.0 -9999.0 -9999.0 -9999.0 -9999.0 -9999.0 -9999.0 -9999.0 -9999.0 -9999.0 -9999.0 -9999.0 -9999.0 -9999.0 -9999.0 -9999.0 -9999.0 -9999.0 -9999.0 -9999.0 -9999.0 -9999.0 -9999.0 -9999.0 -9999.0 -9999.0 -9999.0 -9999.0 -9999.0 -9999.0 -9999.0 -9999.0 -9999.0 -9999.0 -9999.0 -9999.0 -9999.0 -9999.0 -9999.0 -9999.0 -9999.0 -9999.0 -9999.0 -9999.0 -9999.0 -9999.0 -9999.0 -9999.0 -9999.0 -9999.0 -9999.0 -9999.0 -9999.0 -9999.0 -9999.0 -9999.0 -9999.0 -9999.0 -9999.0 -9999.0 -9999.0 -9999.0 -9999.0 -9999.0 -9999.0 -9999.0 -9999.0 -9999.0 -9999.0 -9999.0 -9999.0 -9999.0 -9999.0 -9999.0 -9999.0 -9999.0 -9999.0 -9999.0 -9999.0 -9999.0 -9999.0 -9999.0 -9999.0 -9999.0 -9999.0 -9999.0
-9999.0 -9999.0 -9999.0 -9999.0 -9999.0 -9999.0 -9999.0 -9999.0 -9999.0 -9999.0 -9999.0 -9999.0 -9999.0 -9999.0 -9999.0 -9999.0 -9999.0 -9999.0 -9999.0 -9999.0 -9999.0 -9999.0 -9999.0 -9999.0 -9999.0 -9999.0 -9999.0 -9999.0 -9999.0 -9999.0 -9999.0 -9999.0 -9999.0 -9999.0 -9999.0 -9999.0 -9999.0 -9999.0 -9999.0 -9999.0 -9999.0 -9999.0 -9999.0 -9999.0 -9999.0 -9999.0 -9999.0 -9999.0 -9999.0 -9999.0 -9999.0 -9999.0 -9999.0 -9999.0 -9999.0 -9999.0 -9999.0 -9999.0 -9999.0 -9999.0 -9999.0 -9999.0 -9999.0 -9999.0 -9999.0 -9999.0 -9999.0 -9999.0 -9999.0 -9999.0 -9999.0 -9999.0 -9999.0 -9999.0 -9999.0 -9999.0 -9999.0 -9999.0 -9999.0 -9999.0 -9999.0 -9999.0 -9999.0 -9999.0 -9999.0 -9999.0 -9999.0 -9999.0 -9999.0 -9999.0 -9999.0 -9999.0 -9999.0 -9999.0 -9999.0 -9999.0 -9999.0 -9999.0 -9999.0 -9999.0 -9999.0 -9999.0 -9999.0 -9999.0
-9999.0 -9999.0 99.653670 11.709721 -54.721366 -95.264351 -113.080023 -119.920337 -122.404358 -123.286340 -123.596344 -123.704689 -123.742401 -123.755482 -123.760004 -123.761562 -123.762098 -123.762281 -123.762344 -123.762365 -123.762373 -123.762375 -123.762376 -123.762376 -123.762376 -123.762376 -123.762376 -123.762376 -123.762376 -123.762376 -123.762376 -123.762376 -123.762376 -123.762375 -123.762375 -123.762373 -123.762370 -123.762364 -123.762353 -123.762335 -123.762304 -123.762254 -123.762179 -123.762068 -123.761912 -123.761704 -123.761442 -123.761154 -123.760948 -123.761211 -123.762977 -123.767520 -123.764386 -123.763094 -123.762631 -123.762466 -123.762408 -123.762387 -123.762380 -123.762378 -123.762377 -123.762376 -123.762376 -123.762376 -123.762376 -123.762376 -123.762376 -123.762376 -123.762377 -123.762378 -123.762381 -123.762387 -123.762402 -123.762437 -123.762520 -123.762708 -123.763134 -123.764076 -123.766117 -123.770445 -123.779401 -123.797438 -123.832703 -123.899423 -124.021165 -124.234680 -124.593447 -125.169504 -126.052102 -127.342850 -129.148964 -131.577906 -134.736469 -138.735848 -143.703250 -149.801663 -157.262786 -166.445951 -177.956775 -192.925518 -213.815416 -247.793353 -9999.0 -9999.0
-9999.0 -9999.0 99.653670 11.709721 -54.721366 -95.264351 -113.080023 -119.920337 -122.404358 -123.286340 -123.596344 -123.704689 -123.742401 -123.755482 -123.760004 -123.761562 -123.762098 -123.762281 -123.762344 -123.762365 -123.762373 -123.762375 -123.762376 -123.762376 -123.762376 -123.762376 -123.762376 -123.762376 -123.762376 -123.762376 -123.762376 -123.762376 -123.762376 -123.762375 -123.762375 -123.762373 -123.762370 -123.762364 -123.762353 -123.762335 -123.762304 -123.762254 -123.762179 -123.762068 -123.761912 -123.761704 -123.761442 -123.761154 -123.760948 -123.761211 -123.762977 -123.767520 -123.764386 -123.763094 -123.762631 -123.762466 -123.762408 -123.762387 -123.762380 -123.762378 -123.762377 -123.762376 -123.762376 -123.762376 -123.762376 -123.762376 -123.762376 -123.762376 -123.762377 -123.762378 -123.762381 -123.762387 -123.762402 -123.762437 -123.762520 -123.762708 -123.763134 -123.764076 -123.766117 -123.770445 -123.779401 -123.797438 -123.832703 -123.899423 -124.021165 -124.234680 -124.593447 -125.169504 -126.052102 -127.342850 -129.148964 -131.577906 -134.736469 -138.735848 -143.703250 -149.801663 -157.262786 -166.445951 -177.956775 -192.925518 -213.815416 -247.793353 -9999.0 -9999.0
-9999.0 -9999.0 99.653670 11.709721 -54.721366 -95.264351 -113.080023 -119.920337 -122.404358 -123.286340 -123.596344 -123.704689 -123.742401 -123.755482 -123.760004 -123.761562 -123.762098 -123.762281 -123.762344 -123.762365 -123.762373 -123.762375 -123.762376 -123.762376 -123.762376 -123.762376 -123.762376 -123.762376 -123.762376 -123.762376 -123.762376 -123.762376 -123.762376 -123.762375 -123.762375 -123.762373 -123.762370 -123.762364 -123.762353 -123.762335 -123.762304 -123.762254 -123.762179 -123.762068 -123.761912 -123.761704 -123.761442 -123.761154 -123.760948 -123.761211 -123.762977 -123.767520 -123.764386 -123.763094 -123.762631 -123.762466 -123.762408 -123.762387 -123.762380 -123.762378 -123.762377 -123.762376 -123.762376 -123.762376 -123.762376 -123.762376 -123.762376 -123.762376 -123.762377 -123.762378 -123.762381 -123.762387 -123.762402 -123.762437 -123.762520 -123.762708 -123.763134 -123.764076 -123.766117 -123.770445 -123.779401 -123.797438 -123.832703 -123.899423 -124.021165 -124.234680 -124.593447 -125.169504 -126.052102 -127.342850 -129.148964 -131.577906 -134.736469 -138.735848 -143.703250 -149.801663 -157.262786 -166.445951 -177.956775 -192.925518 -213.815416 -247.793353 -9999.0 -9999.0
-9999.0 -9999.0 99.653670 11.709721 -54.721366 -95.264351 -113.080023 -119.920337 -122.404358 -123.286340 -123.596344 -123.704689 -123.742401 -123.755482 -123.760004 -123.761562 -123.762098 -123.762281 -123.762344 -123.762365 -123.762373 -123.762375 -123.762376 -123.762376 -123.762376 -123.762376 -123.762376 -123.762376 -123.762376 -123.762376 -123.762376 -123.762376 -123.762376 -123.762375 -123.762375 -123.762373 -123.762370 -123.762364 -123.762353 -123.762335 -123.762304 -123.762254 -123.762179 -123.762068 -123.761912 -123.761704 -123.761442 -123.761154 -123.760948 -123.761211 -123.762977 -123.767520 -123.764386 -123.763094 -123.762631 -123.762466 -123.762408 -123.762387 -123.762380 -123.762378 -123.762377 -123.762376 -123.762376 -123.762376 -123.762376 -123.762376 -123.762376 -123.762376 -123.762377 -123.762378 -123.762381 -123.762387 -123.762402 -123.762437 -123.762520 -123.762708 -123.763134 -123.764076 -123.766117 -123.770445 -123.779401 -123.797438 -123.832703 -123.899423 -124.021165 -124.234680 -124.593447 -125.169504 -126.052102 -127.342850 -129.148964 -131.577906 -134.736469 -138.735848 -143.703250 -149.801663 -157.262786 -166.445951 -177.956775 -192.925518 -213.815416 -247.793353 -9999.0 -9999.0
-9999.0 -9999.0 99.653670 11.709721 -54.721366 -95.264351 -113.080023 -119.920337 -122.404358 -123.286340 -123.596344 -123.704689 -123.742401 -123.755482 -123.760004 -123.761562 -123.762098 -123.762281 -123.762344 -123.762365 -123.762373 -123.762375 -123.762376 -123.762376 -123.762376 -123.762376 -123.762376 -123.762376 -123.762376 -123.762376 -123.762376 -123.762376 -123.762376 -123.762375 -123.762375 -123.762373 -123.762370 -123.762364 -123.762353 -123.762335 -123.762304 -123.762254 -123.762179 -123.762068 -123.761912 -123.761704 -123.761442 -123.761154 -123.760948 -123.761211 -123.762977 -123.767520 -123.764386 -123.763094 -123.762631 -123.762466 -123.762408 -123.762387 -123.762380 -123.762378 -123.762377 -123.762376 -123.762376 -123.762376 -123.762376 -123.762376 -123.762376 -123.762376 -123.762377 -123.762378 -123.762381 -123.762387 -123.762402 -123.762437 -123.762520 -123.762708 -123.763134 -123.764076 -123.766117 -123.770445 -123.779401 -123.797438 -123.832703 -123.899423 -124.021165 -124.234680 -124.593447 -125.169504 -126.052102 -127.342850 -129.148964 -131.577906 -134.736469 -138.735848 -143.703250 -149.801663 -157.262786 -166.445951 -177.956775 -192.925518 -213.815416 -247.793353 -9999.0 -9999.0
-9999.0 -9999.0 99.653670 11.709721 -54.721366 -95.264351 -113.080023 -119.920337 -122.404358 -123.286340 -123.596344 -123.704689 -123.742401 -123.755482 -123.760004 -123.761562 -123.762098 -123.762281 -123.762344 -123.762365 -123.762373 -123.762375 -123.762376 -123.762376 -123.762376 -123.762376 -123.762376 -123.762376 -123.762376 -123.762376 -123.762376 -123.762376 -123.762376 -123.762375 -123.762375 -123.762373 -123.762370 -123.762364 -123.762353 -123.762335 -123.762304 -123.762254 -123.762179 -123.762068 -123.761912 -123.761704 -123.761442 -123.761154 -123.760948 -123.761211 -123.762977 -123.767520 -123.764386 -123.763094 -123.762631 -123.762466 -123.762408 -123.762387 -123.762380 -123.762378 -123.762377 -123.762376 -123.762376 -123.762376 -123.762376 -123.762376 -123.762376 -123.762376 -123.762377 -123.762378 -123.762381 -123.762387 -123.762402 -123.762437 -123.762520 -123.762708 -123.763134 -123.764076 -123.766117 -123.770445 -123.779401 -123.797438 -123.832703 -123.899423 -124.021165 -124.234680 -124.593447 -125.169504 -126.052102 -127.342850 -129.148964 -131.577906 -134.736469 -138.735848 -143.703250 -149.801663 -157.262786 -166.445951 -177.956775 -192.925518 -213.815416 -247.793353 -9999.0 -9999.0
-9999.0 -9999.0 -9999.0 -9999.0 -9999.0 -9999.0 -9999.0 -9999.0 -9999.0 -9999.0 -9999.0 -9999.0 -9999.0 -9999.0 -9999.0 -9999.0 -9999.0 -9999.0 -9999.0 -9999.0 -9999.0 -9999.0 -9999.0 -9999.0 -9999.0 -9999.0 -9999.0 -9999.0 -9999.0 -9999.0 -9999.0 -9999.0 -9999.0 -9999.0 -9999.0 -9999.0 -9999.0 -9999.0 -9999.0 -9999.0 -9999.0 -9999.0 -9999.0 -9999.0 -9999.0 -9999.0 -9999.0 -9999.0 -9999.0 -9999.0 -9999.0 -9999.0 -9999.0 -9999.0 -9999.0 -9999.0 -9999.0 -9999.0 -9999.0 -9999.0 -9999.0 -9999.0 -9999.0 -9999.0 -9999.0 -9999.0 -9999.0 -9999.0 -9999.0 -9999.0 -9999.0 -9999.0 -9999.0 -9999.0 -9999.0 -9999.0 -9999.0 -9999.0 -9999.0 -9999.0 -9999.0 -9999.0 -9999.0 -9999.0 -9999.0 -9999.0 -9999.0 -9999.0 -9999.0 -9999.0 -9999.0 -9999.0 -9999.0 -9999.0 -9999.0 -9999.0 -9999.0 -9999.0 -9999.0 -9999.0 -9999.0 -9999.0 -9999.0 -9999.0
-9999.0 -9999.0 -9999.0 -9999.0 -9999.0 -9999.0 -9999.0 -9999.0 -9999.0 -9999.0 -9999.0 -9999.0 -9999.0 -9999.0 -9999.0 -9999.0 -9999.0 -9999.0 -9999.0 -9999.0 -9999.0 -9999.0 -9999.0 -9999.0 -9999.0 -9999.0 -9999.0 -9999.0 -9999.0 -9999.0 -9999.0 -9999.0 -9999.0 -9999.0 -9999.0 -9999.0 -9999.0 -9999.0 -9999.0 -9999.0 -9999.0 -9999.0 -9999.0 -9999.0 -9999.0 -9999.0 -9999.0 -9999.0 -9999.0 -9999.0 -9999.0 -9999.0 -9999.0 -9999.0 -9999.0 -9999.0 -9999.0 -9999.0 -9999.0 -9999.0 -9999.0 -9999.0 -9999.0 -9999.0 -9999.0 -9999.0 -9999.0 -9999.0 -9999.0 -9999.0 -9999.0 -9999.0 -9999.0 -9999.0 -9999.0 -9999.0 -9999.0 -9999.0 -9999.0 -9999.0 -9999.0 -9999.0 -9999.0 -9999.0 -9999.0 -9999.0 -9999.0 -9999.0 -9999.0 -9999.0 -9999.0 -9999.0 -9999.0 -9999.0 -9999.0 -9999.0 -9999.0 -9999.0 -9999.0 -9999.0 -9999.0 -9999.0 -9999.0 -9999.0