tests/3D/superslab/out/maps3D/PwL0024N0004.asc
ncols         104
nrows         10
xllcorner     -2.000000
yllcorner     0.000000
cellsize      1.000000
NODATA_value  -9999.0
-9999.0 -9999.0 -9999.0 -9999.0 -9999.0 -9999.0 -9999.0 -9999.0 -9999.0 -9999.0 -9999.0 -9999.0 -9999.0 -9999.0 -9999.0 -9999.0 -9999.0 -9999.0 -9999.0 -9999.0 -9999.0 -9999.0 -9999.0 -9999.0 -9999.0 -9999.0 -9999.0 -9999.0 -9999.0 -9999.0 -9999.0 -9999.0 -9999.0 -9999.0 -9999.0 -9999.0 -9999.0 -9999.0 -9999.0 -9999.0 -9999.0 -9999.0 -9999.0 -9999.0 -9999.0 -9999.0 -9999.0 -9999.0 -9999.0 -9999.0 -9999.0 -9999.0 -9999.0 -9999.0 -9999.0 -9999.0 -9999.0 -9999.0 -9999.0 -9999.0 -9999.0 -9999.0 -9999.0 -9999.0 -9999.0 -9999.0 -9999.0 -9999.0 -9999.0 -9999.0 -9999.0 -9999.0 -9999.0 -9999.0 -9999.0 -9999.0 -9999.0 -9999.0 -9999.0 -9999.0 -9999.0 -9999.0 -9999.0 -9999.0 -9999.0 -9999.0 -9999.0 -9999.0 -9999.0 -9999.0 -9999.0 -9999.0 -9999.0 -9999.0 -9999.0 -9999.0 -9999.0 -9999.0 -9999.0 -9999.0 -9999.0 -9999.0 -9999.0 -9999.0
-9999.0 -9999.0 -9999.0 -9999.0 -9999.0 -9999.0 -9999.0 -9999.0 -9999.0 -9999.0 -9999.0 -9999.0 -9999.0 -9999.0 -9999.0 -9999.0 -9999.0 -9999.0 -9999.0 -9999.0 -9999.0 -9999.0 -9999.0 -9999.0 -9999.0 -9999.0 -9999.0 -9999.0 -9999.0 -9999.0 -9999.0 -9999.0 -9999.0 -9999.0 -9999.0 -9999.0 -9999.0 -9999.0 -9999.0 -9999.0 -9999.0 -9999.0 -9999.0 -9999.0 -9999.0 -9999.0 -9999.0 -9999.0 -9999.0 -9999.0 -9999.0 -9999.0 -9999.0 -9999.0 -9999.0 -9999.0 -9999.0 -9999.0 -9999.0 -9999.0 -9999.0 -9999.0 -9999.0 -9999.0 -9999.0 -9999.0 -9999.0 -9999.0 -9999.0 -9999.0 -9999.0 -9999.0 -9999.0 -9999.0 -9999.0 -9999.0 -9999.0 -9999.0 -9999.0 -9999.0 -9999.0 -9999.0 -9999.0 -9999.0 -9999.0 -9999.0 -9999.0 -9999.0 -9999.0 -9999.0 -9999.0 -9999.0 -9999.0 -9999.0 -9999.0 -9999.0 -9999.0 -9999.0 -9999.0 -9999.0 -9999.0 -9999.0 -9999.0 -9999.0
-9999.0 -9999.0 1158.705349 1060.773846 963.115394 863.882329 762.137693 657.880522 551.017840 440.390500 323.243546 206.511866 91.801638 -19.902227 -126.016981 -217.510669 -280.814634 -315.640752 -331.244992 -336.970590 -338.219959 -337.624030 -130.074344 69.221277 280.269581 498.893672 572.583756 496.447712 418.997797 340.368866 260.630131 180.068879 98.896221 17.153355 -64.693447 -141.279226 -208.640666 -260.963208 -294.359903 -313.453522 -340.817919 -338.312580 -2497.930474 -3560.581483 -3787.126281 -3787.128713 -3787.128713 -3787.128713 -3787.128713 -3787.128713 -3787.128712 -3787.122585 -3786.628235 -3782.706414 -3752.935860 -3598.391581 -3145.774456 -2483.904377 -1892.874155 -1459.107636 -1155.481059 -895.849672 349.929981 318.793181 285.763703 249.021307 209.202649 166.993427 122.958873 77.567257 31.217475 -15.729670 -62.841069 -109.270592 -154.084306 -196.024621 -233.657952 -265.744518 -291.591619 -311.086055 -325.129207 -335.000576 -341.912615 -346.503898 -349.680321 -351.928828 -353.518765 -354.821157 -356.044298 -357.354305 -359.039506 -361.413187 -364.942074 -370.288565 -378.415003 -390.672888 -408.996289 -436.850365 -495.304150 -767.056667 -3332.332354 -3787.373782 -9999.0 -9999.0
-9999.0 -9999.0 1158.729225 1060.785601 963.120217 863.884224 762.138442 657.880820 551.017961 440.390550 323.243566 206.511875 91.801642 -19.902225 -126.016980 -217.510668 -280.814634 -315.640752 -331.244992 -336.970590 -338.219959 -337.624030 -130.074344 69.221277 280.269581 498.893672 572.583756 496.447712 418.997797 340.368866 260.630131 180.068879 98.896221 17.153355 -64.693447 -141.279226 -208.640666 -260.963208 -294.359904 -313.453522 -340.817913 -338.312567 -2497.930474 -3560.581483 -3787.126281 -3787.128713 -3787.128713 -3787.128713 -3787.128713 -3787.128713 -3787.128712 -3787.122585 -3786.628235 -3782.706414 -3752.935859 -3598.391581 -3145.774455 -2483.904376 -1892.874154 -1459.107636 -1155.481059 -895.849672 349.929983 318.793182 285.763705 249.021307 209.202650 166.993427 122.958874 77.567257 31.217476 -15.729670 -62.841068 -109.270592 -154.084306 -196.024621 -233.657952 -265.744518 -291.591619 -311.086056 -325.129207 -335.000576 -341.912615 -346.503898 -349.680321 -351.928828 -353.518765 -354.821157 -356.044298 -357.354305 -359.039506 -361.413187 -364.942073 -370.288565 -378.415003 -390.672888 -408.996288 -436.850365 -495.304150 -767.056666 -3332.332351 -3787.373782 -9999.0 -9999.0
-9999.0 -9999.0 1158.741981 1060.793325 963.123959 863.885863 762.139133 657.881105 551.018079 440.390599 323.243587 206.511883 91.801646 -19.902223 -126.016980 -217.510668 -280.814634 -315.640752 -331.244992 -336.970590 -338.219959 -337.624030 -130.074344 69.221277 280.269581 498.893672 572.583756 496.447712 418.997797 340.368866 260.630131 180.068879 98.896221 17.153355 -64.693447 -141.279226 -208.640666 -260.963209 -294.359905 -313.453523 -340.817909 -338.312559 -2497.930474 -3560.581483 -3787.126281 -3787.128713 -3787.128713 -3787.128713 -3787.128713 -3787.128713 -3787.128712 -3787.122585 -3786.628235 -3782.706414 -3752.935860 -3598.391581 -3145.774455 -2483.904375 -1892.874154 -1459.107635 -1155.481059 -895.849671 349.929983 318.793183 285.763705 249.021308 209.202650 166.993428 122.958874 77.567257 31.217476 -15.729670 -62.841068 -109.270592 -154.084306 -196.024621 -233.657952 -265.744518 -291.591619 -311.086056 -325.129207 -335.000576 -341.912615 -346.503898 -349.680321 -351.928828 -353.518765 -354.821157 -356.044298 -357.354305 -359.039506 -361.413187 -364.942074 -370.288565 -378.415003 -390.672888 -408.996289 -436.850365 -495.304150 -767.056665 -3332.332346 -3787.373782 -9999.0 -9999.0
-9999.0 -9999.0 1158.741981 1060.793325 963.123959 863.885863 762.139133 657.881105 551.018079 440.390599 323.243587 206.511883 91.801646 -19.902223 -126.016980 -217.510668 -280.814634 -315.640752 -331.244992 -336.970590 -338.219959 -337.624030 -130.074344 69.221277 280.269581 498.893672 572.583756 496.447712 418.997797 340.368866 260.630131 180.068879 98.896221 17.153355 -64.693447 -141.279226 -208.640666 -260.963209 -294.359905 -313.453523 -340.817909 -338.312559 -2497.930474 -3560.581483 -3787.126281 -3787.128713 -3787.128713 -3787.128713 -3787.128713 -3787.128713 -3787.128712 -3787.122585 -3786.628235 -3782.706414 -3752.935859 -3598.391581 -3145.774454 -2483.904376 -1892.874154 -1459.107636 -1155.481058 -895.849671 349.929983 318.793183 285.763705 249.021308 209.202650 166.993428 122.958874 77.567257 31.217476 -15.729670 -62.841068 -109.270592 -154.084306 -196.024621 -233.657952 -265.744518 -291.591619 -311.086056 -325.129207 -335.000576 -341.912615 -346.503898 -349.680321 -351.928828 -353.518765 -354.821157 -356.044298 -357.354305 -359.039506 -361.413187 -364.942073 -370.288565 -378.415003 -390.672888 -408.996288 -436.850365 -495.304149 -767.056665 -3332.332347 -3787.373782 -9999.0 -9999.0
-9999.0 -9999.0 1158.729225 1060.785601 963.120217 863.884224 762.138442 657.880820 551.017961 440.390550 323.243567 206.511875 91.801642 -19.902225 -126.016980 -217.510668 -280.814634 -315.640752 -331.244992 -336.970590 -338.219959 -337.624030 -130.074344 69.221277 280.269581 498.893672 572.583756 496.447712 418.997797 340.368866 260.630131 180.068879 98.896221 17.153355 -64.693447 -141.279226 -208.640666 -260.963208 -294.359904 -313.453522 -340.817913 -338.312567 -2497.930474 -3560.581483 -3787.126281 -3787.128713 -3787.128713 -3787.128713 -3787.128713 -3787.128713 -3787.128712 -3787.122585 -3786.628235 -3782.706414 -3752.935860 -3598.391581 -3145.774456 -2483.904376 -1892.874155 -1459.107635 -1155.481059 -895.849671 349.929983 318.793182 285.763705 249.021307 209.202650 166.993427 122.958874 77.567257 31.217476 -15.729670 -62.841068 -109.270592 -154.084306 -196.024621 -233.657952 -265.744518 -291.591619 -311.086056 -325.129207 -335.000576 -341.912615 -346.503898 -349.680321 -351.928828 -353.518765 -354.821157 -356.044298 -357.354305 -359.039506 -361.413187 -364.942074 -370.288565 -378.415003 -390.672888 -408.996289 -436.850365 -495.304150 -767.056666 -3332.332349 -3787.373782 -9999.0 -9999.0
-9999.0 -9999.0 1158.705349 1060.773846 963.115394 863.882329 762.137693 657.880522 551.017840 440.390500 323.243546 206.511866 91.801638 -19.902227 -126.016981 -217.510669 -280.814634 -315.640752 -331.244992 -336.970590 -338.219959 -337.624030 -130.074344 69.221277 280.269581 498.893672 572.583756 496.447712 418.997797 340.368866 260.630131 180.068879 98.896221 17.153355 -64.693447 -141.279226 -208.640666 -260.963208 -294.359903 -313.453522 -340.817919 -338.312581 -2497.930474 -3560.581483 -3787.126281 -3787.128713 -3787.128713 -3787.128713 -3787.128713 -3787.128713 -3787.128712 -3787.122585 -3786.628235 -3782.706414 -3752.935860 -3598.391582 -3145.774456 -2483.904378 -1892.874155 -1459.107636 -1155.481059 -895.849672 349.929981 318.793181 285.763703 249.021307 209.202649 166.993427 122.958873 77.567257 31.217475 -15.729670 -62.841069 -109.270592 -154.084306 -196.024621 -233.657952 -265.744518 -291.591619 -311.086055 -325.129207 -335.000576 -341.912615 -346.503898 -349.680321 -351.928828 -353.518765 -354.821157 -356.044298 -357.354305 -359.039506 -361.413187 -364.942073 -370.288565 -378.415003 -390.672888 -408.996288 -436.850365 -495.304150 -767.056667 -3332.332355 -3787.373782 -9999.0 -9999.0
-9999.0 -9999.0 -9999.0 -9999.0 -9999.0 -9999.0 -9999.0 -9999.0 -9999.0 -9999.0 -9999.0 -9999.0 -9999.0 -9999.0 -9999.0 -9999.0 -9999.0 -9999.0 -9999.0 -9999.0 -9999.0 -9999.0 -9999.0 -9999.0 -9999.0 -9999.0 -9999.0 -9999.0 -9999.0 -9999.0 -9999.0 -9999.0 -9999.0 -9999.0 -9999.0 -9999.0 -9999.0 -9999.0 -9999.0 -9999.0 -9999.0 -9999.0 -9999.0 -9999.0 -9999.0 -9999.0 -9999.0 -9999.0 -9999.0 -9999.0 -9999.0 -9999.0 -9999.0 -9999.0 -9999.0 -9999.0 -9999.0 -9999.0 -9999.0 -9999.0 -9999.0 -9999.0 -9999.0 -9999.0 -9999.0 -9999.0 -9999.0 -9999.0 -9999.0 -9999.0 -9999.0 -9999.0 -9999.0 -9999.0 -9999.0 -9999.0 -9999.0 -9999.0 -9999.0 -9999.0 -9999.0 -9999.0 -9999.0 -9999.0 -9999.0 -9999.0 -9999.0 -9999.0 -9999.0 -9999.0 -9999.0 -9999.0 -9999.0 -9999.0 -9999.0 -9999.0 -9999.0 -9999.0 -9999.0 -9999.0 -9999.0 -9999.0 -9999.0 -9999.0
-9999.0 -9999.0 -9999.0 -9999.0 -9999.0 -9999.0 -9999.0 -9999.0 -9999.0 -9999.0 -9999.0 -9999.0 -9999.0 -9999.0 -9999.0 -9999.0 -9999.0 -9999.0 -9999.0 -9999.0 -9999.0 -9999.0 -9999.0 -9999.0 -9999.0 -9999.0 -9999.0 -9999.0 -9999.0 -9999.0 -9999.0 -9999.0 -9999.0 -9999.0 -9999.0 -9999.0 -9999.0 -9999.0 -9999.0 -9999.0 -9999.0 -9999.0 -9999.0 -9999.0 -9999.0 -9999.0 -9999.0 -9999.0 -9999.0 -9999.0 -9999.0 -9999.0 -9999.0 -9999.0 -9999.0 -9999.0 -9999.0 -9999.0 -9999.0 -9999.0 -9999.0 -9999.0 -9999.0 -9999.0 -9999.0 -9999.0 -9999.0 -9999.0 -9999.0 -9999.0 -9999.0 -9999.0 -9999.0 -9999.0 -9999.0 -9999.0 -9999.0 -9999.0 -9999.0 -9999.0 -9999.0 -9999.0 -9999.0 -9999.0 -9999.0 -9999.0 -9999.0 -9999.0 -9999.0 -9999.0 -9999.0 -9999.0 -9999.0 -9999.0 -9999.0 -9999.0 -9999.0 -9999.0 -9999.0 -9999.0 -9999.0 -9999.0 -9999.0 -9999.0