tests/3D/superslab/out/maps3D/PwL0014N0002.asc
ncols         104
nrows         10
xllcorner     -2.000000
yllcorner     0.000000
cellsize      1.000000
NODATA_value  -9999.0
-9999.0 -9999.0 -9999.0 -9999.0 -9999.0 -9999.0 -9999.0 -9999.0 -9999.0 -9999.0 -9999.0 -9999.0 -9999.0 -9999.0 -9999.0 -9999.0 -9999.0 -9999.0 -9999.0 -9999.0 -9999.0 -9999.0 -9999.0 -9999.0 -9999.0 -9999.0 -9999.0 -9999.0 -9999.0 -9999.0 -9999.0 -9999.0 -9999.0 -9999.0 -9999.0 -9999.0 -9999.0 -9999.0 -9999.0 -9999.0 -9999.0 -9999.0 -9999.0 -9999.0 -9999.0 -9999.0 -9999.0 -9999.0 -9999.0 -9999.0 -9999.0 -9999.0 -9999.0 -9999.0 -9999.0 -9999.0 -9999.0 -9999.0 -9999.0 -9999.0 -9999.0 -9999.0 -9999.0 -9999.0 -9999.0 -9999.0 -9999.0 -9999.0 -9999.0 -9999.0 -9999.0 -9999.0 -9999.0 -9999.0 -9999.0 -9999.0 -9999.0 -9999.0 -9999.0 -9999.0 -9999.0 -9999.0 -9999.0 -9999.0 -9999.0 -9999.0 -9999.0 -9999.0 -9999.0 -9999.0 -9999.0 -9999.0 -9999.0 -9999.0 -9999.0 -9999.0 -9999.0 -9999.0 -9999.0 -9999.0 -9999.0 -9999.0 -9999.0 -9999.0
-9999.0 -9999.0 -9999.0 -9999.0 -9999.0 -9999.0 -9999.0 -9999.0 -9999.0 -9999.0 -9999.0 -9999.0 -9999.0 -9999.0 -9999.0 -9999.0 -9999.0 -9999.0 -9999.0 -9999.0 -9999.0 -9999.0 -9999.0 -9999.0 -9999.0 -9999.0 -9999.0 -9999.0 -9999.0 -9999.0 -9999.0 -9999.0 -9999.0 -9999.0 -9999.0 -9999.0 -9999.0 -9999.0 -9999.0 -9999.0 -9999.0 -9999.0 -9999.0 -9999.0 -9999.0 -9999.0 -9999.0 -9999.0 -9999.0 -9999.0 -9999.0 -9999.0 -9999.0 -9999.0 -9999.0 -9999.0 -9999.0 -9999.0 -9999.0 -9999.0 -9999.0 -9999.0 -9999.0 -9999.0 -9999.0 -9999.0 -9999.0 -9999.0 -9999.0 -9999.0 -9999.0 -9999.0 -9999.0 -9999.0 -9999.0 -9999.0 -9999.0 -9999.0 -9999.0 -9999.0 -9999.0 -9999.0 -9999.0 -9999.0 -9999.0 -9999.0 -9999.0 -9999.0 -9999.0 -9999.0 -9999.0 -9999.0 -9999.0 -9999.0 -9999.0 -9999.0 -9999.0 -9999.0 -9999.0 -9999.0 -9999.0 -9999.0 -9999.0 -9999.0
-9999.0 -9999.0 673.686483 585.639444 500.857566 416.051927 328.531955 236.709112 138.796953 30.473923 -96.891313 -221.078074 -324.540362 -382.451798 -393.241827 -362.399289 -355.321955 -209.910976 -59.506665 109.559158 228.802448 321.129869 269.472333 218.086201 166.912154 126.600917 95.476509 72.843375 56.453984 44.424522 35.256046 27.722464 20.802623 13.881639 6.537487 -1.821369 -11.779932 -24.100503 -40.132176 -60.173019 -88.216017 -130.590467 -3804.022275 -4282.177155 -4282.178218 -4282.178218 -4282.178218 -4282.178218 -4282.178218 -4282.178218 -4282.178218 -4282.178218 -4282.178218 -4282.178218 -4282.178218 -4282.178218 -4282.178218 -4282.178218 -4282.178218 -4282.178218 -4282.176565 -3724.882377 622.612232 539.644832 460.812475 383.352177 307.067480 233.169738 163.545374 100.028933 44.361865 -2.164604 -39.143369 -68.248644 -89.676611 -105.731325 -118.332551 -128.981147 -137.786034 -145.809113 -153.719020 -161.932257 -170.791839 -180.856953 -190.904469 -201.556857 -213.182222 -226.525183 -239.305891 -252.486821 -266.988099 -280.104137 -293.513917 -308.639300 -327.243307 -352.641105 -393.257229 -447.555121 -549.455837 -923.136162 -3692.555940 -4280.969026 -9999.0 -9999.0
-9999.0 -9999.0 673.751660 585.666649 500.867732 416.055816 328.533499 236.709744 138.797215 30.474044 -96.891245 -221.078028 -324.540326 -382.451791 -393.241827 -362.399289 -355.321955 -209.910977 -59.506666 109.559158 228.802448 321.129869 269.472333 218.086201 166.912154 126.600917 95.476509 72.843375 56.453984 44.424522 35.256046 27.722464 20.802623 13.881639 6.537487 -1.821369 -11.779932 -24.100503 -40.132175 -60.173019 -88.216017 -130.590467 -3804.022275 -4282.177155 -4282.178218 -4282.178218 -4282.178218 -4282.178218 -4282.178218 -4282.178218 -4282.178218 -4282.178218 -4282.178218 -4282.178218 -4282.178218 -4282.178218 -4282.178218 -4282.178218 -4282.178218 -4282.178218 -4282.176565 -3724.882377 622.612232 539.644833 460.812475 383.352177 307.067480 233.169738 163.545374 100.028933 44.361865 -2.164604 -39.143369 -68.248644 -89.676611 -105.731325 -118.332551 -128.981147 -137.786034 -145.809113 -153.719020 -161.932257 -170.791839 -180.856953 -190.904469 -201.556857 -213.182222 -226.525183 -239.305891 -252.486821 -266.988099 -280.104137 -293.513917 -308.639300 -327.243307 -352.641105 -393.257229 -447.555121 -549.455836 -923.136160 -3692.555925 -4280.969026 -9999.0 -9999.0
-9999.0 -9999.0 673.777598 585.682076 500.875104 416.059080 328.534904 236.710345 138.797470 30.474164 -96.891176 -221.077981 -324.540289 -382.451785 -393.241827 -362.399289 -355.321955 -209.910977 -59.506667 109.559158 228.802448 321.129869 269.472333 218.086202 166.912154 126.600917 95.476509 72.843375 56.453984 44.424522 35.256047 27.722465 20.802623 13.881639 6.537488 -1.821368 -11.779932 -24.100503 -40.132175 -60.173019 -88.216017 -130.590467 -3804.022275 -4282.177155 -4282.178218 -4282.178218 -4282.178218 -4282.178218 -4282.178218 -4282.178218 -4282.178218 -4282.178218 -4282.178218 -4282.178218 -4282.178218 -4282.178218 -4282.178218 -4282.178218 -4282.178218 -4282.178218 -4282.176565 -3724.882377 622.612232 539.644832 460.812475 383.352177 307.067480 233.169738 163.545374 100.028933 44.361865 -2.164604 -39.143369 -68.248644 -89.676611 -105.731325 -118.332551 -128.981147 -137.786034 -145.809113 -153.719020 -161.932257 -170.791839 -180.856953 -190.904469 -201.556857 -213.182222 -226.525183 -239.305891 -252.486821 -266.988099 -280.104137 -293.513917 -308.639300 -327.243307 -352.641105 -393.257229 -447.555120 -549.455836 -923.136155 -3692.555915 -4280.969026 -9999.0 -9999.0
-9999.0 -9999.0 673.777598 585.682076 500.875104 416.059080 328.534904 236.710345 138.797470 30.474164 -96.891176 -221.077981 -324.540289 -382.451785 -393.241827 -362.399289 -355.321955 -209.910977 -59.506667 109.559158 228.802448 321.129869 269.472333 218.086202 166.912154 126.600917 95.476509 72.843375 56.453984 44.424522 35.256047 27.722465 20.802623 13.881639 6.537488 -1.821368 -11.779932 -24.100503 -40.132175 -60.173019 -88.216017 -130.590467 -3804.022275 -4282.177155 -4282.178218 -4282.178218 -4282.178218 -4282.178218 -4282.178218 -4282.178218 -4282.178218 -4282.178218 -4282.178218 -4282.178218 -4282.178218 -4282.178218 -4282.178218 -4282.178218 -4282.178218 -4282.178218 -4282.176565 -3724.882377 622.612232 539.644833 460.812475 383.352177 307.067480 233.169738 163.545374 100.028933 44.361865 -2.164604 -39.143369 -68.248644 -89.676611 -105.731325 -118.332551 -128.981147 -137.786034 -145.809113 -153.719020 -161.932257 -170.791839 -180.856953 -190.904469 -201.556857 -213.182222 -226.525183 -239.305891 -252.486821 -266.988099 -280.104137 -293.513917 -308.639300 -327.243307 -352.641105 -393.257229 -447.555121 -549.455836 -923.136157 -3692.555911 -4280.969026 -9999.0 -9999.0
-9999.0 -9999.0 673.751660 585.666649 500.867732 416.055816 328.533499 236.709744 138.797215 30.474044 -96.891245 -221.078028 -324.540326 -382.451791 -393.241827 -362.399289 -355.321955 -209.910977 -59.506666 109.559158 228.802448 321.129869 269.472333 218.086201 166.912154 126.600917 95.476509 72.843375 56.453984 44.424522 35.256046 27.722464 20.802623 13.881639 6.537487 -1.821369 -11.779932 -24.100503 -40.132175 -60.173019 -88.216017 -130.590467 -3804.022275 -4282.177155 -4282.178218 -4282.178218 -4282.178218 -4282.178218 -4282.178218 -4282.178218 -4282.178218 -4282.178218 -4282.178218 -4282.178218 -4282.178218 -4282.178218 -4282.178218 -4282.178218 -4282.178218 -4282.178218 -4282.176565 -3724.882377 622.612232 539.644832 460.812475 383.352177 307.067480 233.169738 163.545374 100.028933 44.361865 -2.164604 -39.143369 -68.248644 -89.676611 -105.731325 -118.332551 -128.981147 -137.786034 -145.809113 -153.719020 -161.932257 -170.791839 -180.856953 -190.904469 -201.556857 -213.182222 -226.525183 -239.305891 -252.486821 -266.988099 -280.104137 -293.513917 -308.639300 -327.243307 -352.641105 -393.257229 -447.555120 -549.455836 -923.136158 -3692.555929 -4280.969026 -9999.0 -9999.0
-9999.0 -9999.0 673.686483 585.639444 500.857566 416.051927 328.531955 236.709112 138.796953 30.473923 -96.891313 -221.078074 -324.540362 -382.451798 -393.241827 -362.399289 -355.321955 -209.910976 -59.506665 109.559158 228.802448 321.129869 269.472333 218.086201 166.912154 126.600917 95.476509 72.843375 56.453984 44.424522 35.256046 27.722464 20.802623 13.881639 6.537487 -1.821369 -11.779932 -24.100503 -40.132176 -60.173019 -88.216017 -130.590467 -3804.022275 -4282.177155 -4282.178218 -4282.178218 -4282.178218 -4282.178218 -4282.178218 -4282.178218 -4282.178218 -4282.178218 -4282.178218 -4282.178218 -4282.178218 -4282.178218 -4282.178218 -4282.178218 -4282.178218 -4282.178218 -4282.176565 -3724.882377 622.612232 539.644833 460.812475 383.352177 307.067480 233.169738 163.545374 100.028933 44.361865 -2.164604 -39.143369 -68.248644 -89.676611 -105.731325 -118.332551 -128.981147 -137.786034 -145.809113 -153.719020 -161.932257 -170.791839 -180.856953 -190.904469 -201.556857 -213.182222 -226.525183 -239.305891 -252.486821 -266.988099 -280.104137 -293.513917 -308.639300 -327.243307 -352.641105 -393.257229 -447.555121 -549.455836 -923.136163 -3692.555935 -4280.969026 -9999.0 -9999.0
-9999.0 -9999.0 -9999.0 -9999.0 -9999.0 -9999.0 -9999.0 -9999.0 -9999.0 -9999.0 -9999.0 -9999.0 -9999.0 -9999.0 -9999.0 -9999.0 -9999.0 -9999.0 -9999.0 -9999.0 -9999.0 -9999.0 -9999.0 -9999.0 -9999.0 -9999.0 -9999.0 -9999.0 -9999.0 -9999.0 -9999.0 -9999.0 -9999.0 -9999.0 -9999.0 -9999.0 -9999.0 -9999.0 -9999.0 -9999.0 -9999.0 -9999.0 -9999.0 -9999.0 -9999.0 -9999.0 -9999.0 -9999.0 -9999.0 -9999.0 -9999.0 -9999.0 -9999.0 -9999.0 -9999.0 -9999.0 -9999.0 -9999.0 -9999.0 -9999.0 -9999.0 -9999.0 -9999.0 -9999.0 -9999.0 -9999.0 -9999.0 -9999.0 -9999.0 -9999.0 -9999.0 -9999.0 -9999.0 -9999.0 -9999.0 -9999.0 -9999.0 -9999.0 -9999.0 -9999.0 -9999.0 -9999.0 -9999.0 -9999.0 -9999.0 -9999.0 -9999.0 -9999.0 -9999.0 -9999.0 -9999.0 -9999.0 -9999.0 -9999.0 -9999.0 -9999.0 -9999.0 -9999.0 -9999.0 -9999.0 -9999.0 -9999.0 -9999.0 -9999.0
-9999.0 -9999.0 -9999.0 -9999.0 -9999.0 -9999.0 -9999.0 -9999.0 -9999.0 -9999.0 -9999.0 -9999.0 -9999.0 -9999.0 -9999.0 -9999.0 -9999.0 -9999.0 -9999.0 -9999.0 -9999.0 -9999.0 -9999.0 -9999.0 -9999.0 -9999.0 -9999.0 -9999.0 -9999.0 -9999.0 -9999.0 -9999.0 -9999.0 -9999.0 -9999.0 -9999.0 -9999.0 -9999.0 -9999.0 -9999.0 -9999.0 -9999.0 -9999.0 -9999.0 -9999.0 -9999.0 -9999.0 -9999.0 -9999.0 -9999.0 -9999.0 -9999.0 -9999.0 -9999.0 -9999.0 -9999.0 -9999.0 -9999.0 -9999.0 -9999.0 -9999.0 -9999.0 -9999.0 -9999.0 -9999.0 -9999.0 -9999.0 -9999.0 -9999.0 -9999.0 -9999.0 -9999.0 -9999.0 -9999.0 -9999.0 -9999.0 -9999.0 -9999.0 -9999.0 -9999.0 -9999.0 -9999.0 -9999.0 -9999.0 -9999.0 -9999.0 -9999.0 -9999.0 -9999.0 -9999.0 -9999.0 -9999.0 -9999.0 -9999.0 -9999.0 -9999.0 -9999.0 -9999.0 -9999.0 -9999.0 -9999.0 -9999.0 -9999.0 -9999.0