tests/3D/superslab/out/maps3D/PwL0092N0005.asc
ncols         104
nrows         10
xllcorner     -2.000000
yllcorner     0.000000
cellsize      1.000000
NODATA_value  -9999.0
-9999.0 -9999.0 -9999.0 -9999.0 -9999.0 -9999.0 -9999.0 -9999.0 -9999.0 -9999.0 -9999.0 -9999.0 -9999.0 -9999.0 -9999.0 -9999.0 -9999.0 -9999.0 -9999.0 -9999.0 -9999.0 -9999.0 -9999.0 -9999.0 -9999.0 -9999.0 -9999.0 -9999.0 -9999.0 -9999.0 -9999.0 -9999.0 -9999.0 -9999.0 -9999.0 -9999.0 -9999.0 -9999.0 -9999.0 -9999.0 -9999.0 -9999.0 -9999.0 -9999.0 -9999.0 -9999.0 -9999.0 -9999.0 -9999.0 -9999.0 -9999.0 -9999.0 -9999.0 -9999.0 -9999.0 -9999.0 -9999.0 -9999.0 -9999.0 -9999.0 -9999.0 -9999.0 -9999.0 -9999.0 -9999.0 -9999.0 -9999.0 -9999.0 -9999.0 -9999.0 -9999.0 -9999.0 -9999.0 -9999.0 -9999.0 -9999.0 -9999.0 -9999.0 -9999.0 -9999.0 -9999.0 -9999.0 -9999.0 -9999.0 -9999.0 -9999.0 -9999.0 -9999.0 -9999.0 -9999.0 -9999.0 -9999.0 -9999.0 -9999.0 -9999.0 -9999.0 -9999.0 -9999.0 -9999.0 -9999.0 -9999.0 -9999.0 -9999.0 -9999.0
-9999.0 -9999.0 -9999.0 -9999.0 -9999.0 -9999.0 -9999.0 -9999.0 -9999.0 -9999.0 -9999.0 -9999.0 -9999.0 -9999.0 -9999.0 -9999.0 -9999.0 -9999.0 -9999.0 -9999.0 -9999.0 -9999.0 -9999.0 -9999.0 -9999.0 -9999.0 -9999.0 -9999.0 -9999.0 -9999.0 -9999.0 -9999.0 -9999.0 -9999.0 -9999.0 -9999.0 -9999.0 -9999.0 -9999.0 -9999.0 -9999.0 -9999.0 -9999.0 -9999.0 -9999.0 -9999.0 -9999.0 -9999.0 -9999.0 -9999.0 -9999.0 -9999.0 -9999.0 -9999.0 -9999.0 -9999.0 -9999.0 -9999.0 -9999.0 -9999.0 -9999.0 -9999.0 -9999.0 -9999.0 -9999.0 -9999.0 -9999.0 -9999.0 -9999.0 -9999.0 -9999.0 -9999.0 -9999.0 -9999.0 -9999.0 -9999.0 -9999.0 -9999.0 -9999.0 -9999.0 -9999.0 -9999.0 -9999.0 -9999.0 -9999.0 -9999.0 -9999.0 -9999.0 -9999.0 -9999.0 -9999.0 -9999.0 -9999.0 -9999.0 -9999.0 -9999.0 -9999.0 -9999.0 -9999.0 -9999.0 -9999.0 -9999.0 -9999.0 -9999.0
-9999.0 -9999.0 147.832396 49.849514 -45.321108 -136.419073 -221.193781 -295.883684 -353.679747 -390.682130 -408.671649 -416.096243 -418.999799 -420.111861 -420.534277 -420.694154 -420.754525 -420.777254 -420.785756 -420.788884 -420.789985 -420.790326 -420.790388 -420.790355 -420.790305 -420.790274 -420.790283 -420.790340 -420.790471 -420.790721 -420.791128 -420.791757 -420.792696 -420.794068 -420.796044 -420.798853 -420.802802 -420.808300 -420.815877 -420.826213 -420.840165 -420.858795 -420.883374 -420.915375 -420.956442 -421.008367 -421.073102 -421.152817 -421.250025 -421.369045 -421.531888 -421.870224 -421.977841 -422.224351 -422.524500 -422.873516 -423.273975 -423.729182 -424.242483 -424.817092 -425.456021 -426.162055 -426.937758 -427.785488 -428.707426 -429.705612 -430.781990 -431.938455 -433.176906 -434.499297 -435.907701 -437.404366 -438.991782 -440.672750 -442.450454 -444.328543 -446.311225 -448.403368 -450.610621 -452.939558 -455.397845 -457.994451 -460.739898 -463.646582 -466.729174 -470.005138 -473.495398 -477.225229 -481.225445 -485.534030 -490.198411 -495.278714 -500.852542 -507.022236 -513.926297 -521.758228 -530.799380 -541.480453 -554.508136 -571.164417 -594.191399 -631.614550 -9999.0 -9999.0
-9999.0 -9999.0 147.832396 49.849514 -45.321108 -136.419073 -221.193781 -295.883684 -353.679747 -390.682130 -408.671649 -416.096243 -418.999799 -420.111861 -420.534277 -420.694154 -420.754525 -420.777254 -420.785756 -420.788884 -420.789985 -420.790326 -420.790388 -420.790355 -420.790305 -420.790274 -420.790283 -420.790340 -420.790471 -420.790721 -420.791128 -420.791757 -420.792696 -420.794068 -420.796044 -420.798853 -420.802802 -420.808300 -420.815877 -420.826213 -420.840165 -420.858795 -420.883374 -420.915375 -420.956442 -421.008367 -421.073102 -421.152817 -421.250025 -421.369045 -421.531888 -421.870224 -421.977841 -422.224351 -422.524500 -422.873516 -423.273975 -423.729182 -424.242483 -424.817092 -425.456021 -426.162055 -426.937758 -427.785488 -428.707426 -429.705612 -430.781990 -431.938455 -433.176906 -434.499297 -435.907701 -437.404366 -438.991782 -440.672750 -442.450454 -444.328543 -446.311225 -448.403368 -450.610621 -452.939558 -455.397845 -457.994451 -460.739898 -463.646582 -466.729174 -470.005138 -473.495398 -477.225229 -481.225445 -485.534030 -490.198411 -495.278714 -500.852542 -507.022236 -513.926297 -521.758228 -530.799380 -541.480453 -554.508136 -571.164417 -594.191399 -631.614550 -9999.0 -9999.0
-9999.0 -9999.0 147.832396 49.849514 -45.321108 -136.419073 -221.193781 -295.883684 -353.679747 -390.682130 -408.671649 -416.096243 -418.999799 -420.111861 -420.534277 -420.694154 -420.754525 -420.777254 -420.785756 -420.788884 -420.789985 -420.790326 -420.790388 -420.790355 -420.790305 -420.790274 -420.790283 -420.790340 -420.790471 -420.790721 -420.791128 -420.791757 -420.792696 -420.794068 -420.796044 -420.798853 -420.802802 -420.808300 -420.815877 -420.826213 -420.840165 -420.858795 -420.883374 -420.915375 -420.956442 -421.008367 -421.073102 -421.152817 -421.250025 -421.369045 -421.531888 -421.870224 -421.977841 -422.224351 -422.524500 -422.873516 -423.273975 -423.729182 -424.242483 -424.817092 -425.456021 -426.162055 -426.937758 -427.785488 -428.707426 -429.705612 -430.781990 -431.938455 -433.176906 -434.499297 -435.907701 -437.404366 -438.991782 -440.672750 -442.450454 -444.328543 -446.311225 -448.403368 -450.610621 -452.939558 -455.397845 -457.994451 -460.739898 -463.646582 -466.729174 -470.005138 -473.495398 -477.225229 -481.225445 -485.534030 -490.198411 -495.278714 -500.852542 -507.022236 -513.926297 -521.758228 -530.799380 -541.480453 -554.508136 -571.164417 -594.191399 -631.614550 -9999.0 -9999.0
-9999.0 -9999.0 147.832396 49.849514 -45.321108 -136.419073 -221.193781 -295.883684 -353.679747 -390.682130 -408.671649 -416.096243 -418.999799 -420.111861 -420.534277 -420.694154 -420.754525 -420.777254 -420.785756 -420.788884 -420.789985 -420.790326 -420.790388 -420.790355 -420.790305 -420.790274 -420.790283 -420.790340 -420.790471 -420.790721 -420.791128 -420.791757 -420.792696 -420.794068 -420.796044 -420.798853 -420.802802 -420.808300 -420.815877 -420.826213 -420.840165 -420.858795 -420.883374 -420.915375 -420.956442 -421.008367 -421.073102 -421.152817 -421.250025 -421.369045 -421.531888 -421.870224 -421.977841 -422.224351 -422.524500 -422.873516 -423.273975 -423.729182 -424.242483 -424.817092 -425.456021 -426.162055 -426.937758 -427.785488 -428.707426 -429.705612 -430.781990 -431.938455 -433.176906 -434.499297 -435.907701 -437.404366 -438.991782 -440.672750 -442.450454 -444.328543 -446.311225 -448.403368 -450.610621 -452.939558 -455.397845 -457.994451 -460.739898 -463.646582 -466.729174 -470.005138 -473.495398 -477.225229 -481.225445 -485.534030 -490.198411 -495.278714 -500.852542 -507.022236 -513.926297 -521.758228 -530.799380 -541.480453 -554.508136 -571.164417 -594.191399 -631.614550 -9999.0 -9999.0
-9999.0 -9999.0 147.832396 49.849514 -45.321108 -136.419073 -221.193781 -295.883684 -353.679747 -390.682130 -408.671649 -416.096243 -418.999799 -420.111861 -420.534277 -420.694154 -420.754525 -420.777254 -420.785756 -420.788884 -420.789985 -420.790326 -420.790388 -420.790355 -420.790305 -420.790274 -420.790283 -420.790340 -420.790471 -420.790721 -420.791128 -420.791757 -420.792696 -420.794068 -420.796044 -420.798853 -420.802802 -420.808300 -420.815877 -420.826213 -420.840165 -420.858795 -420.883374 -420.915375 -420.956442 -421.008367 -421.073102 -421.152817 -421.250025 -421.369045 -421.531888 -421.870224 -421.977841 -422.224351 -422.524500 -422.873516 -423.273975 -423.729182 -424.242483 -424.817092 -425.456021 -426.162055 -426.937758 -427.785488 -428.707426 -429.705612 -430.781990 -431.938455 -433.176906 -434.499297 -435.907701 -437.404366 -438.991782 -440.672750 -442.450454 -444.328543 -446.311225 -448.403368 -450.610621 -452.939558 -455.397845 -457.994451 -460.739898 -463.646582 -466.729174 -470.005138 -473.495398 -477.225229 -481.225445 -485.534030 -490.198411 -495.278714 -500.852542 -507.022236 -513.926297 -521.758228 -530.799380 -541.480453 -554.508136 -571.164417 -594.191399 -631.614550 -9999.0 -9999.0
-9999.0 -9999.0 147.832396 49.849514 -45.321108 -136.419073 -221.193781 -295.883684 -353.679747 -390.682130 -408.671649 -416.096243 -418.999799 -420.111861 -420.534277 -420.694154 -420.754525 -420.777254 -420.785756 -420.788884 -420.789985 -420.790326 -420.790388 -420.790355 -420.790305 -420.790274 -420.790283 -420.790340 -420.790471 -420.790721 -420.791128 -420.791757 -420.792696 -420.794068 -420.796044 -420.798853 -420.802802 -420.808300 -420.815877 -420.826213 -420.840165 -420.858795 -420.883374 -420.915375 -420.956442 -421.008367 -421.073102 -421.152817 -421.250025 -421.369045 -421.531888 -421.870224 -421.977841 -422.224351 -422.524500 -422.873516 -423.273975 -423.729182 -424.242483 -424.817092 -425.456021 -426.162055 -426.937758 -427.785488 -428.707426 -429.705612 -430.781990 -431.938455 -433.176906 -434.499297 -435.907701 -437.404366 -438.991782 -440.672750 -442.450454 -444.328543 -446.311225 -448.403368 -450.610621 -452.939558 -455.397845 -457.994451 -460.739898 -463.646582 -466.729174 -470.005138 -473.495398 -477.225229 -481.225445 -485.534030 -490.198411 -495.278714 -500.852542 -507.022236 -513.926297 -521.758228 -530.799380 -541.480453 -554.508136 -571.164417 -594.191399 -631.614550 -9999.0 -9999.0
-9999.0 -9999.0 -9999.0 -9999.0 -9999.0 -9999.0 -9999.0 -9999.0 -9999.0 -9999.0 -9999.0 -9999.0 -9999.0 -9999.0 -9999.0 -9999.0 -9999.0 -9999.0 -9999.0 -9999.0 -9999.0 -9999.0 -9999.0 -9999.0 -9999.0 -9999.0 -9999.0 -9999.0 -9999.0 -9999.0 -9999.0 -9999.0 -9999.0 -9999.0 -9999.0 -9999.0 -9999.0 -9999.0 -9999.0 -9999.0 -9999.0 -9999.0 -9999.0 -9999.0 -9999.0 -9999.0 -9999.0 -9999.0 -9999.0 -9999.0 -9999.0 -9999.0 -9999.0 -9999.0 -9999.0 -9999.0 -9999.0 -9999.0 -9999.0 -9999.0 -9999.0 -9999.0 -9999.0 -9999.0 -9999.0 -9999.0 -9999.0 -9999.0 -9999.0 -9999.0 -9999.0 -9999.0 -9999.0 -9999.0 -9999.0 -9999.0 -9999.0 -9999.0 -9999.0 -9999.0 -9999.0 -9999.0 -9999.0 -9999.0 -9999.0 -9999.0 -9999.0 -9999.0 -9999.0 -9999.0 -9999.0 -9999.0 -9999.0 -9999.0 -9999.0 -9999.0 -9999.0 -9999.0 -9999.0 -9999.0 -9999.0 -9999.0 -9999.0 -9999.0
-9999.0 -9999.0 -9999.0 -9999.0 -9999.0 -9999.0 -9999.0 -9999.0 -9999.0 -9999.0 -9999.0 -9999.0 -9999.0 -9999.0 -9999.0 -9999.0 -9999.0 -9999.0 -9999.0 -9999.0 -9999.0 -9999.0 -9999.0 -9999.0 -9999.0 -9999.0 -9999.0 -9999.0 -9999.0 -9999.0 -9999.0 -9999.0 -9999.0 -9999.0 -9999.0 -9999.0 -9999.0 -9999.0 -9999.0 -9999.0 -9999.0 -9999.0 -9999.0 -9999.0 -9999.0 -9999.0 -9999.0 -9999.0 -9999.0 -9999.0 -9999.0 -9999.0 -9999.0 -9999.0 -9999.0 -9999.0 -9999.0 -9999.0 -9999.0 -9999.0 -9999.0 -9999.0 -9999.0 -9999.0 -9999.0 -9999.0 -9999.0 -9999.0 -9999.0 -9999.0 -9999.0 -9999.0 -9999.0 -9999.0 -9999.0 -9999.0 -9999.0 -9999.0 -9999.0 -9999.0 -9999.0 -9999.0 -9999.0 -9999.0 -9999.0 -9999.0 -9999.0 -9999.0 -9999.0 -9999.0 -9999.0 -9999.0 -9999.0 -9999.0 -9999.0 -9999.0 -9999.0 -9999.0 -9999.0 -9999.0 -9999.0 -9999.0 -9999.0 -9999.0