tests/3D/superslab/out/maps3D/PwL0049N0005.asc
ncols         104
nrows         10
xllcorner     -2.000000
yllcorner     0.000000
cellsize      1.000000
NODATA_value  -9999.0
-9999.0 -9999.0 -9999.0 -9999.0 -9999.0 -9999.0 -9999.0 -9999.0 -9999.0 -9999.0 -9999.0 -9999.0 -9999.0 -9999.0 -9999.0 -9999.0 -9999.0 -9999.0 -9999.0 -9999.0 -9999.0 -9999.0 -9999.0 -9999.0 -9999.0 -9999.0 -9999.0 -9999.0 -9999.0 -9999.0 -9999.0 -9999.0 -9999.0 -9999.0 -9999.0 -9999.0 -9999.0 -9999.0 -9999.0 -9999.0 -9999.0 -9999.0 -9999.0 -9999.0 -9999.0 -9999.0 -9999.0 -9999.0 -9999.0 -9999.0 -9999.0 -9999.0 -9999.0 -9999.0 -9999.0 -9999.0 -9999.0 -9999.0 -9999.0 -9999.0 -9999.0 -9999.0 -9999.0 -9999.0 -9999.0 -9999.0 -9999.0 -9999.0 -9999.0 -9999.0 -9999.0 -9999.0 -9999.0 -9999.0 -9999.0 -9999.0 -9999.0 -9999.0 -9999.0 -9999.0 -9999.0 -9999.0 -9999.0 -9999.0 -9999.0 -9999.0 -9999.0 -9999.0 -9999.0 -9999.0 -9999.0 -9999.0 -9999.0 -9999.0 -9999.0 -9999.0 -9999.0 -9999.0 -9999.0 -9999.0 -9999.0 -9999.0 -9999.0 -9999.0
-9999.0 -9999.0 -9999.0 -9999.0 -9999.0 -9999.0 -9999.0 -9999.0 -9999.0 -9999.0 -9999.0 -9999.0 -9999.0 -9999.0 -9999.0 -9999.0 -9999.0 -9999.0 -9999.0 -9999.0 -9999.0 -9999.0 -9999.0 -9999.0 -9999.0 -9999.0 -9999.0 -9999.0 -9999.0 -9999.0 -9999.0 -9999.0 -9999.0 -9999.0 -9999.0 -9999.0 -9999.0 -9999.0 -9999.0 -9999.0 -9999.0 -9999.0 -9999.0 -9999.0 -9999.0 -9999.0 -9999.0 -9999.0 -9999.0 -9999.0 -9999.0 -9999.0 -9999.0 -9999.0 -9999.0 -9999.0 -9999.0 -9999.0 -9999.0 -9999.0 -9999.0 -9999.0 -9999.0 -9999.0 -9999.0 -9999.0 -9999.0 -9999.0 -9999.0 -9999.0 -9999.0 -9999.0 -9999.0 -9999.0 -9999.0 -9999.0 -9999.0 -9999.0 -9999.0 -9999.0 -9999.0 -9999.0 -9999.0 -9999.0 -9999.0 -9999.0 -9999.0 -9999.0 -9999.0 -9999.0 -9999.0 -9999.0 -9999.0 -9999.0 -9999.0 -9999.0 -9999.0 -9999.0 -9999.0 -9999.0 -9999.0 -9999.0 -9999.0 -9999.0
-9999.0 -9999.0 2335.628464 2234.675579 2130.870790 2027.504212 1926.683874 1827.803932 1725.954600 1620.946780 1512.863553 1404.021682 1295.873060 1189.290349 -1976.413287 -2014.322009 882.871406 786.667142 693.881906 604.884154 520.077651 439.910627 364.961909 295.623657 232.084276 174.495996 122.612419 76.041762 34.129416 -3.688671 -39.561089 -71.654205 -104.840247 -142.667773 -45.158794 116.545450 300.618981 485.014468 667.234677 569.921240 463.452813 342.071735 199.317385 -2243.999480 -2529.075898 -2549.094732 -2549.504593 -2549.504952 -2549.504951 -2549.504951 -2549.504951 -2549.504951 -2549.504950 -2549.504948 -2549.504901 -2549.504145 -2549.492340 -2549.314507 -2546.726647 -2510.385928 -2038.321187 853.953987 853.894828 844.659389 828.565733 808.625398 785.941618 761.394945 735.155614 707.708627 678.948727 649.264268 618.635635 586.970165 554.748306 521.847674 488.153543 454.194760 419.935664 385.231240 350.284530 315.468053 280.584957 245.368307 210.545224 175.996652 141.264193 106.602341 72.580929 38.502503 4.127947 -28.527182 -60.370634 -90.221223 -124.575286 -176.566156 -306.562679 -914.137697 -2544.106583 -2549.502050 -2549.514104 -2550.738369 -9999.0 -9999.0
-9999.0 -9999.0 2335.645647 2234.686780 2130.876879 2027.506928 1926.684986 1827.804392 1725.954787 1620.946856 1512.863584 1404.021695 1295.873065 1189.290351 -1976.413286 -2014.322009 882.871406 786.667142 693.881906 604.884154 520.077650 439.910627 364.961909 295.623657 232.084276 174.495996 122.612419 76.041762 34.129416 -3.688672 -39.561089 -71.654205 -104.840247 -142.667773 -45.158794 116.545450 300.618981 485.014468 667.234677 569.921239 463.452813 342.071735 199.317385 -2243.999480 -2529.075898 -2549.094732 -2549.504593 -2549.504952 -2549.504951 -2549.504951 -2549.504951 -2549.504951 -2549.504950 -2549.504948 -2549.504901 -2549.504145 -2549.492340 -2549.314507 -2546.726647 -2510.385928 -2038.321187 853.953987 853.894828 844.659389 828.565733 808.625398 785.941618 761.394945 735.155614 707.708627 678.948727 649.264268 618.635635 586.970165 554.748306 521.847674 488.153543 454.194760 419.935664 385.231240 350.284530 315.468053 280.584957 245.368307 210.545224 175.996652 141.264193 106.602341 72.580929 38.502503 4.127947 -28.527182 -60.370634 -90.221223 -124.575286 -176.566156 -306.562679 -914.137695 -2544.106583 -2549.502050 -2549.514104 -2550.738369 -9999.0 -9999.0
-9999.0 -9999.0 2335.659726 2234.696386 2130.882335 2027.509459 1926.686051 1827.804841 1725.954972 1620.946932 1512.863615 1404.021707 1295.873070 1189.290353 -1976.413286 -2014.322009 882.871406 786.667142 693.881906 604.884154 520.077650 439.910627 364.961909 295.623657 232.084275 174.495996 122.612419 76.041762 34.129416 -3.688672 -39.561089 -71.654205 -104.840247 -142.667773 -45.158794 116.545450 300.618981 485.014468 667.234677 569.921239 463.452812 342.071735 199.317385 -2243.999480 -2529.075898 -2549.094732 -2549.504593 -2549.504952 -2549.504951 -2549.504951 -2549.504951 -2549.504951 -2549.504950 -2549.504948 -2549.504901 -2549.504145 -2549.492340 -2549.314507 -2546.726647 -2510.385928 -2038.321187 853.953987 853.894828 844.659389 828.565733 808.625398 785.941618 761.394945 735.155614 707.708627 678.948727 649.264268 618.635635 586.970165 554.748306 521.847674 488.153543 454.194760 419.935664 385.231240 350.284530 315.468053 280.584957 245.368307 210.545224 175.996652 141.264193 106.602341 72.580929 38.502503 4.127947 -28.527182 -60.370634 -90.221223 -124.575286 -176.566156 -306.562679 -914.137694 -2544.106583 -2549.502050 -2549.514104 -2550.738369 -9999.0 -9999.0
-9999.0 -9999.0 2335.659726 2234.696386 2130.882335 2027.509459 1926.686051 1827.804841 1725.954972 1620.946932 1512.863615 1404.021707 1295.873070 1189.290353 -1976.413286 -2014.322009 882.871406 786.667142 693.881906 604.884154 520.077650 439.910627 364.961909 295.623657 232.084275 174.495996 122.612419 76.041762 34.129416 -3.688672 -39.561089 -71.654205 -104.840247 -142.667773 -45.158794 116.545450 300.618981 485.014468 667.234677 569.921239 463.452812 342.071735 199.317385 -2243.999480 -2529.075898 -2549.094732 -2549.504593 -2549.504952 -2549.504951 -2549.504951 -2549.504951 -2549.504951 -2549.504950 -2549.504948 -2549.504901 -2549.504145 -2549.492340 -2549.314507 -2546.726647 -2510.385928 -2038.321187 853.953987 853.894828 844.659389 828.565733 808.625398 785.941618 761.394945 735.155614 707.708627 678.948727 649.264268 618.635635 586.970165 554.748306 521.847674 488.153543 454.194760 419.935664 385.231240 350.284530 315.468053 280.584957 245.368307 210.545224 175.996652 141.264193 106.602341 72.580929 38.502503 4.127947 -28.527182 -60.370634 -90.221223 -124.575286 -176.566156 -306.562679 -914.137694 -2544.106583 -2549.502050 -2549.514104 -2550.738369 -9999.0 -9999.0
-9999.0 -9999.0 2335.645647 2234.686780 2130.876879 2027.506928 1926.684986 1827.804393 1725.954787 1620.946856 1512.863584 1404.021695 1295.873065 1189.290351 -1976.413286 -2014.322009 882.871406 786.667142 693.881906 604.884154 520.077650 439.910627 364.961909 295.623657 232.084276 174.495996 122.612419 76.041762 34.129416 -3.688672 -39.561089 -71.654205 -104.840247 -142.667773 -45.158794 116.545450 300.618981 485.014468 667.234677 569.921239 463.452813 342.071735 199.317385 -2243.999480 -2529.075898 -2549.094732 -2549.504593 -2549.504952 -2549.504951 -2549.504951 -2549.504951 -2549.504951 -2549.504950 -2549.504948 -2549.504901 -2549.504145 -2549.492340 -2549.314507 -2546.726647 -2510.385928 -2038.321187 853.953987 853.894828 844.659389 828.565733 808.625398 785.941618 761.394945 735.155614 707.708627 678.948727 649.264268 618.635635 586.970165 554.748306 521.847674 488.153543 454.194760 419.935664 385.231240 350.284530 315.468053 280.584957 245.368307 210.545224 175.996652 141.264193 106.602341 72.580929 38.502503 4.127947 -28.527182 -60.370634 -90.221223 -124.575286 -176.566156 -306.562679 -914.137695 -2544.106583 -2549.502050 -2549.514104 -2550.738369 -9999.0 -9999.0
-9999.0 -9999.0 2335.628464 2234.675579 2130.870790 2027.504212 1926.683874 1827.803932 1725.954600 1620.946780 1512.863553 1404.021682 1295.873060 1189.290349 -1976.413287 -2014.322009 882.871406 786.667142 693.881906 604.884154 520.077651 439.910627 364.961909 295.623657 232.084276 174.495996 122.612419 76.041762 34.129416 -3.688671 -39.561089 -71.654205 -104.840247 -142.667773 -45.158794 116.545450 300.618981 485.014468 667.234677 569.921240 463.452813 342.071735 199.317385 -2243.999480 -2529.075898 -2549.094732 -2549.504593 -2549.504952 -2549.504951 -2549.504951 -2549.504951 -2549.504951 -2549.504950 -2549.504948 -2549.504901 -2549.504145 -2549.492340 -2549.314507 -2546.726647 -2510.385928 -2038.321187 853.953987 853.894828 844.659389 828.565733 808.625398 785.941618 761.394945 735.155614 707.708627 678.948727 649.264268 618.635635 586.970165 554.748306 521.847674 488.153543 454.194760 419.935664 385.231240 350.284530 315.468053 280.584957 245.368307 210.545224 175.996652 141.264193 106.602341 72.580929 38.502503 4.127947 -28.527182 -60.370634 -90.221223 -124.575286 -176.566156 -306.562679 -914.137697 -2544.106583 -2549.502050 -2549.514104 -2550.738369 -9999.0 -9999.0
-9999.0 -9999.0 -9999.0 -9999.0 -9999.0 -9999.0 -9999.0 -9999.0 -9999.0 -9999.0 -9999.0 -9999.0 -9999.0 -9999.0 -9999.0 -9999.0 -9999.0 -9999.0 -9999.0 -9999.0 -9999.0 -9999.0 -9999.0 -9999.0 -9999.0 -9999.0 -9999.0 -9999.0 -9999.0 -9999.0 -9999.0 -9999.0 -9999.0 -9999.0 -9999.0 -9999.0 -9999.0 -9999.0 -9999.0 -9999.0 -9999.0 -9999.0 -9999.0 -9999.0 -9999.0 -9999.0 -9999.0 -9999.0 -9999.0 -9999.0 -9999.0 -9999.0 -9999.0 -9999.0 -9999.0 -9999.0 -9999.0 -9999.0 -9999.0 -9999.0 -9999.0 -9999.0 -9999.0 -9999.0 -9999.0 -9999.0 -9999.0 -9999.0 -9999.0 -9999.0 -9999.0 -9999.0 -9999.0 -9999.0 -9999.0 -9999.0 -9999.0 -9999.0 -9999.0 -9999.0 -9999.0 -9999.0 -9999.0 -9999.0 -9999.0 -9999.0 -9999.0 -9999.0 -9999.0 -9999.0 -9999.0 -9999.0 -9999.0 -9999.0 -9999.0 -9999.0 -9999.0 -9999.0 -9999.0 -9999.0 -9999.0 -9999.0 -9999.0 -9999.0
-9999.0 -9999.0 -9999.0 -9999.0 -9999.0 -9999.0 -9999.0 -9999.0 -9999.0 -9999.0 -9999.0 -9999.0 -9999.0 -9999.0 -9999.0 -9999.0 -9999.0 -9999.0 -9999.0 -9999.0 -9999.0 -9999.0 -9999.0 -9999.0 -9999.0 -9999.0 -9999.0 -9999.0 -9999.0 -9999.0 -9999.0 -9999.0 -9999.0 -9999.0 -9999.0 -9999.0 -9999.0 -9999.0 -9999.0 -9999.0 -9999.0 -9999.0 -9999.0 -9999.0 -9999.0 -9999.0 -9999.0 -9999.0 -9999.0 -9999.0 -9999.0 -9999.0 -9999.0 -9999.0 -9999.0 -9999.0 -9999.0 -9999.0 -9999.0 -9999.0 -9999.0 -9999.0 -9999.0 -9999.0 -9999.0 -9999.0 -9999.0 -9999.0 -9999.0 -9999.0 -9999.0 -9999.0 -9999.0 -9999.0 -9999.0 -9999.0 -9999.0 -9999.0 -9999.0 -9999.0 -9999.0 -9999.0 -9999.0 -9999.0 -9999.0 -9999.0 -9999.0 -9999.0 -9999.0 -9999.0 -9999.0 -9999.0 -9999.0 -9999.0 -9999.0 -9999.0 -9999.0 -9999.0 -9999.0 -9999.0 -9999.0 -9999.0 -9999.0 -9999.0