tests/3D/superslab/out/maps3D/PwL0002N0004.asc
ncols         104
nrows         10
xllcorner     -2.000000
yllcorner     0.000000
cellsize      1.000000
NODATA_value  -9999.0
-9999.0 -9999.0 -9999.0 -9999.0 -9999.0 -9999.0 -9999.0 -9999.0 -9999.0 -9999.0 -9999.0 -9999.0 -9999.0 -9999.0 -9999.0 -9999.0 -9999.0 -9999.0 -9999.0 -9999.0 -9999.0 -9999.0 -9999.0 -9999.0 -9999.0 -9999.0 -9999.0 -9999.0 -9999.0 -9999.0 -9999.0 -9999.0 -9999.0 -9999.0 -9999.0 -9999.0 -9999.0 -9999.0 -9999.0 -9999.0 -9999.0 -9999.0 -9999.0 -9999.0 -9999.0 -9999.0 -9999.0 -9999.0 -9999.0 -9999.0 -9999.0 -9999.0 -9999.0 -9999.0 -9999.0 -9999.0 -9999.0 -9999.0 -9999.0 -9999.0 -9999.0 -9999.0 -9999.0 -9999.0 -9999.0 -9999.0 -9999.0 -9999.0 -9999.0 -9999.0 -9999.0 -9999.0 -9999.0 -9999.0 -9999.0 -9999.0 -9999.0 -9999.0 -9999.0 -9999.0 -9999.0 -9999.0 -9999.0 -9999.0 -9999.0 -9999.0 -9999.0 -9999.0 -9999.0 -9999.0 -9999.0 -9999.0 -9999.0 -9999.0 -9999.0 -9999.0 -9999.0 -9999.0 -9999.0 -9999.0 -9999.0 -9999.0 -9999.0 -9999.0
-9999.0 -9999.0 -9999.0 -9999.0 -9999.0 -9999.0 -9999.0 -9999.0 -9999.0 -9999.0 -9999.0 -9999.0 -9999.0 -9999.0 -9999.0 -9999.0 -9999.0 -9999.0 -9999.0 -9999.0 -9999.0 -9999.0 -9999.0 -9999.0 -9999.0 -9999.0 -9999.0 -9999.0 -9999.0 -9999.0 -9999.0 -9999.0 -9999.0 -9999.0 -9999.0 -9999.0 -9999.0 -9999.0 -9999.0 -9999.0 -9999.0 -9999.0 -9999.0 -9999.0 -9999.0 -9999.0 -9999.0 -9999.0 -9999.0 -9999.0 -9999.0 -9999.0 -9999.0 -9999.0 -9999.0 -9999.0 -9999.0 -9999.0 -9999.0 -9999.0 -9999.0 -9999.0 -9999.0 -9999.0 -9999.0 -9999.0 -9999.0 -9999.0 -9999.0 -9999.0 -9999.0 -9999.0 -9999.0 -9999.0 -9999.0 -9999.0 -9999.0 -9999.0 -9999.0 -9999.0 -9999.0 -9999.0 -9999.0 -9999.0 -9999.0 -9999.0 -9999.0 -9999.0 -9999.0 -9999.0 -9999.0 -9999.0 -9999.0 -9999.0 -9999.0 -9999.0 -9999.0 -9999.0 -9999.0 -9999.0 -9999.0 -9999.0 -9999.0 -9999.0
-9999.0 -9999.0 76.017334 -19.049613 -110.435725 -189.496749 -245.518169 -275.891998 -282.752618 -266.055966 -352.747062 -252.367351 -185.741935 -131.550575 -51.222164 46.145477 34.194256 6.899588 -29.542802 -71.977665 -118.259635 -166.187863 -212.480306 -253.169758 -285.400275 -308.911516 -325.048883 -335.715978 -342.571832 -346.898650 -349.548438 -351.061916 -351.756659 -351.778755 -351.126914 -349.634668 -346.953045 -342.434247 -334.900165 -322.241620 -304.156321 -269.661375 -393.642905 -338.367003 -291.679165 -260.844370 -245.262885 -243.505556 -243.326192 -243.308834 -243.307808 -243.308384 -243.309084 -243.309858 -243.311724 -243.324980 -243.451754 -244.685197 -256.471508 -280.716999 -318.466512 -361.704381 -252.121566 -296.001747 -319.982936 -333.924098 -342.302522 -347.431159 -350.605777 -352.585489 -353.822091 -354.595981 -355.080734 -355.384785 -355.575765 -355.696122 -355.772605 -355.822204 -355.856005 -355.881876 -355.907272 -355.935315 -355.973317 -356.029130 -356.114751 -356.248566 -356.458845 -356.790130 -357.312444 -358.135533 -359.430874 -361.464744 -364.646610 -369.596510 -377.231608 -388.861531 -406.262097 -431.671954 -467.654243 -516.851877 -581.894986 -665.327342 -9999.0 -9999.0
-9999.0 -9999.0 76.121802 -19.024664 -110.428734 -189.494661 -245.517531 -275.891805 -282.752560 -266.055949 -352.747060 -252.367350 -185.741934 -131.550575 -51.222164 46.145477 34.194256 6.899588 -29.542802 -71.977665 -118.259635 -166.187863 -212.480306 -253.169757 -285.400275 -308.911516 -325.048883 -335.715976 -342.571832 -346.898648 -349.548438 -351.061914 -351.756659 -351.778752 -351.126914 -349.634666 -346.953046 -342.434245 -334.900165 -322.241618 -304.156320 -269.661373 -393.642905 -338.367003 -291.679165 -260.844370 -245.262884 -243.505556 -243.326192 -243.308834 -243.307808 -243.308384 -243.309084 -243.309858 -243.311724 -243.324980 -243.451754 -244.685197 -256.471509 -280.716999 -318.466512 -361.704381 -252.121565 -296.001746 -319.982935 -333.924098 -342.302520 -347.431159 -350.605775 -352.585490 -353.822089 -354.595981 -355.080732 -355.384785 -355.575763 -355.696122 -355.772604 -355.822204 -355.856005 -355.881875 -355.907272 -355.935315 -355.973317 -356.029130 -356.114751 -356.248566 -356.458845 -356.790130 -357.312444 -358.135533 -359.430874 -361.464744 -364.646610 -369.596510 -377.231608 -388.861531 -406.262097 -431.671954 -467.654243 -516.851877 -581.894986 -665.327342 -9999.0 -9999.0
-9999.0 -9999.0 76.139979 -19.013725 -110.424163 -189.493013 -245.516978 -275.891628 -282.752505 -266.055933 -352.747057 -252.367348 -185.741933 -131.550575 -51.222164 46.145476 34.194256 6.899588 -29.542802 -71.977665 -118.259635 -166.187863 -212.480305 -253.169757 -285.400275 -308.911516 -325.048883 -335.715976 -342.571831 -346.898649 -349.548438 -351.061914 -351.756658 -351.778753 -351.126913 -349.634666 -346.953044 -342.434245 -334.900164 -322.241619 -304.156319 -269.661374 -393.642905 -338.367003 -291.679165 -260.844370 -245.262884 -243.505556 -243.326192 -243.308834 -243.307808 -243.308384 -243.309084 -243.309858 -243.311724 -243.324980 -243.451754 -244.685197 -256.471509 -280.716999 -318.466512 -361.704381 -252.121565 -296.001746 -319.982935 -333.924097 -342.302520 -347.431158 -350.605775 -352.585489 -353.822089 -354.595980 -355.080732 -355.384785 -355.575763 -355.696121 -355.772604 -355.822204 -355.856004 -355.881875 -355.907272 -355.935315 -355.973317 -356.029130 -356.114751 -356.248566 -356.458845 -356.790130 -357.312444 -358.135533 -359.430874 -361.464744 -364.646610 -369.596510 -377.231608 -388.861531 -406.262097 -431.671954 -467.654243 -516.851877 -581.894986 -665.327342 -9999.0 -9999.0
-9999.0 -9999.0 76.139979 -19.013725 -110.424163 -189.493013 -245.516978 -275.891628 -282.752505 -266.055933 -352.747057 -252.367348 -185.741933 -131.550575 -51.222164 46.145477 34.194256 6.899588 -29.542802 -71.977665 -118.259635 -166.187863 -212.480306 -253.169757 -285.400275 -308.911516 -325.048883 -335.715976 -342.571831 -346.898649 -349.548438 -351.061914 -351.756658 -351.778753 -351.126913 -349.634666 -346.953044 -342.434245 -334.900164 -322.241619 -304.156319 -269.661374 -393.642905 -338.367003 -291.679165 -260.844370 -245.262884 -243.505556 -243.326192 -243.308834 -243.307808 -243.308384 -243.309084 -243.309858 -243.311724 -243.324980 -243.451754 -244.685197 -256.471509 -280.716999 -318.466512 -361.704381 -252.121565 -296.001746 -319.982935 -333.924097 -342.302520 -347.431158 -350.605775 -352.585489 -353.822089 -354.595980 -355.080732 -355.384785 -355.575763 -355.696121 -355.772604 -355.822204 -355.856004 -355.881875 -355.907272 -355.935315 -355.973317 -356.029130 -356.114751 -356.248566 -356.458845 -356.790130 -357.312444 -358.135533 -359.430874 -361.464744 -364.646610 -369.596510 -377.231608 -388.861531 -406.262097 -431.671954 -467.654243 -516.851877 -581.894986 -665.327342 -9999.0 -9999.0
-9999.0 -9999.0 76.121802 -19.024664 -110.428734 -189.494661 -245.517531 -275.891805 -282.752560 -266.055949 -352.747060 -252.367350 -185.741934 -131.550575 -51.222164 46.145476 34.194256 6.899588 -29.542802 -71.977665 -118.259635 -166.187863 -212.480306 -253.169757 -285.400275 -308.911516 -325.048883 -335.715976 -342.571832 -346.898648 -349.548438 -351.061914 -351.756659 -351.778752 -351.126914 -349.634666 -346.953046 -342.434245 -334.900165 -322.241618 -304.156320 -269.661373 -393.642905 -338.367003 -291.679165 -260.844370 -245.262884 -243.505556 -243.326192 -243.308834 -243.307808 -243.308384 -243.309084 -243.309858 -243.311724 -243.324980 -243.451754 -244.685197 -256.471509 -280.716999 -318.466512 -361.704381 -252.121565 -296.001746 -319.982935 -333.924098 -342.302520 -347.431159 -350.605775 -352.585490 -353.822089 -354.595981 -355.080732 -355.384785 -355.575763 -355.696122 -355.772604 -355.822204 -355.856005 -355.881875 -355.907272 -355.935315 -355.973317 -356.029130 -356.114751 -356.248566 -356.458845 -356.790130 -357.312444 -358.135533 -359.430874 -361.464744 -364.646610 -369.596510 -377.231608 -388.861531 -406.262097 -431.671954 -467.654243 -516.851877 -581.894986 -665.327342 -9999.0 -9999.0
-9999.0 -9999.0 76.017334 -19.049613 -110.435725 -189.496749 -245.518169 -275.891998 -282.752618 -266.055966 -352.747062 -252.367351 -185.741935 -131.550575 -51.222164 46.145477 34.194256 6.899588 -29.542802 -71.977665 -118.259635 -166.187863 -212.480306 -253.169758 -285.400275 -308.911516 -325.048883 -335.715978 -342.571832 -346.898650 -349.548438 -351.061916 -351.756659 -351.778755 -351.126914 -349.634668 -346.953045 -342.434247 -334.900165 -322.241620 -304.156321 -269.661375 -393.642905 -338.367003 -291.679165 -260.844370 -245.262885 -243.505556 -243.326192 -243.308834 -243.307808 -243.308384 -243.309084 -243.309858 -243.311724 -243.324980 -243.451754 -244.685197 -256.471508 -280.716999 -318.466512 -361.704381 -252.121566 -296.001747 -319.982936 -333.924098 -342.302522 -347.431159 -350.605777 -352.585489 -353.822091 -354.595981 -355.080734 -355.384785 -355.575765 -355.696122 -355.772605 -355.822204 -355.856005 -355.881876 -355.907272 -355.935315 -355.973317 -356.029130 -356.114751 -356.248566 -356.458845 -356.790130 -357.312444 -358.135533 -359.430874 -361.464744 -364.646610 -369.596510 -377.231608 -388.861531 -406.262097 -431.671954 -467.654243 -516.851877 -581.894986 -665.327342 -9999.0 -9999.0
-9999.0 -9999.0 -9999.0 -9999.0 -9999.0 -9999.0 -9999.0 -9999.0 -9999.0 -9999.0 -9999.0 -9999.0 -9999.0 -9999.0 -9999.0 -9999.0 -9999.0 -9999.0 -9999.0 -9999.0 -9999.0 -9999.0 -9999.0 -9999.0 -9999.0 -9999.0 -9999.0 -9999.0 -9999.0 -9999.0 -9999.0 -9999.0 -9999.0 -9999.0 -9999.0 -9999.0 -9999.0 -9999.0 -9999.0 -9999.0 -9999.0 -9999.0 -9999.0 -9999.0 -9999.0 -9999.0 -9999.0 -9999.0 -9999.0 -9999.0 -9999.0 -9999.0 -9999.0 -9999.0 -9999.0 -9999.0 -9999.0 -9999.0 -9999.0 -9999.0 -9999.0 -9999.0 -9999.0 -9999.0 -9999.0 -9999.0 -9999.0 -9999.0 -9999.0 -9999.0 -9999.0 -9999.0 -9999.0 -9999.0 -9999.0 -9999.0 -9999.0 -9999.0 -9999.0 -9999.0 -9999.0 -9999.0 -9999.0 -9999.0 -9999.0 -9999.0 -9999.0 -9999.0 -9999.0 -9999.0 -9999.0 -9999.0 -9999.0 -9999.0 -9999.0 -9999.0 -9999.0 -9999.0 -9999.0 -9999.0 -9999.0 -9999.0 -9999.0 -9999.0
-9999.0 -9999.0 -9999.0 -9999.0 -9999.0 -9999.0 -9999.0 -9999.0 -9999.0 -9999.0 -9999.0 -9999.0 -9999.0 -9999.0 -9999.0 -9999.0 -9999.0 -9999.0 -9999.0 -9999.0 -9999.0 -9999.0 -9999.0 -9999.0 -9999.0 -9999.0 -9999.0 -9999.0 -9999.0 -9999.0 -9999.0 -9999.0 -9999.0 -9999.0 -9999.0 -9999.0 -9999.0 -9999.0 -9999.0 -9999.0 -9999.0 -9999.0 -9999.0 -9999.0 -9999.0 -9999.0 -9999.0 -9999.0 -9999.0 -9999.0 -9999.0 -9999.0 -9999.0 -9999.0 -9999.0 -9999.0 -9999.0 -9999.0 -9999.0 -9999.0 -9999.0 -9999.0 -9999.0 -9999.0 -9999.0 -9999.0 -9999.0 -9999.0 -9999.0 -9999.0 -9999.0 -9999.0 -9999.0 -9999.0 -9999.0 -9999.0 -9999.0 -9999.0 -9999.0 -9999.0 -9999.0 -9999.0 -9999.0 -9999.0 -9999.0 -9999.0 -9999.0 -9999.0 -9999.0 -9999.0 -9999.0 -9999.0 -9999.0 -9999.0 -9999.0 -9999.0 -9999.0 -9999.0 -9999.0 -9999.0 -9999.0 -9999.0 -9999.0 -9999.0