tests/3D/superslab/out/maps3D/PwL0015N0002.asc
ncols         104
nrows         10
xllcorner     -2.000000
yllcorner     0.000000
cellsize      1.000000
NODATA_value  -9999.0
-9999.0 -9999.0 -9999.0 -9999.0 -9999.0 -9999.0 -9999.0 -9999.0 -9999.0 -9999.0 -9999.0 -9999.0 -9999.0 -9999.0 -9999.0 -9999.0 -9999.0 -9999.0 -9999.0 -9999.0 -9999.0 -9999.0 -9999.0 -9999.0 -9999.0 -9999.0 -9999.0 -9999.0 -9999.0 -9999.0 -9999.0 -9999.0 -9999.0 -9999.0 -9999.0 -9999.0 -9999.0 -9999.0 -9999.0 -9999.0 -9999.0 -9999.0 -9999.0 -9999.0 -9999.0 -9999.0 -9999.0 -9999.0 -9999.0 -9999.0 -9999.0 -9999.0 -9999.0 -9999.0 -9999.0 -9999.0 -9999.0 -9999.0 -9999.0 -9999.0 -9999.0 -9999.0 -9999.0 -9999.0 -9999.0 -9999.0 -9999.0 -9999.0 -9999.0 -9999.0 -9999.0 -9999.0 -9999.0 -9999.0 -9999.0 -9999.0 -9999.0 -9999.0 -9999.0 -9999.0 -9999.0 -9999.0 -9999.0 -9999.0 -9999.0 -9999.0 -9999.0 -9999.0 -9999.0 -9999.0 -9999.0 -9999.0 -9999.0 -9999.0 -9999.0 -9999.0 -9999.0 -9999.0 -9999.0 -9999.0 -9999.0 -9999.0 -9999.0 -9999.0
-9999.0 -9999.0 -9999.0 -9999.0 -9999.0 -9999.0 -9999.0 -9999.0 -9999.0 -9999.0 -9999.0 -9999.0 -9999.0 -9999.0 -9999.0 -9999.0 -9999.0 -9999.0 -9999.0 -9999.0 -9999.0 -9999.0 -9999.0 -9999.0 -9999.0 -9999.0 -9999.0 -9999.0 -9999.0 -9999.0 -9999.0 -9999.0 -9999.0 -9999.0 -9999.0 -9999.0 -9999.0 -9999.0 -9999.0 -9999.0 -9999.0 -9999.0 -9999.0 -9999.0 -9999.0 -9999.0 -9999.0 -9999.0 -9999.0 -9999.0 -9999.0 -9999.0 -9999.0 -9999.0 -9999.0 -9999.0 -9999.0 -9999.0 -9999.0 -9999.0 -9999.0 -9999.0 -9999.0 -9999.0 -9999.0 -9999.0 -9999.0 -9999.0 -9999.0 -9999.0 -9999.0 -9999.0 -9999.0 -9999.0 -9999.0 -9999.0 -9999.0 -9999.0 -9999.0 -9999.0 -9999.0 -9999.0 -9999.0 -9999.0 -9999.0 -9999.0 -9999.0 -9999.0 -9999.0 -9999.0 -9999.0 -9999.0 -9999.0 -9999.0 -9999.0 -9999.0 -9999.0 -9999.0 -9999.0 -9999.0 -9999.0 -9999.0 -9999.0 -9999.0
-9999.0 -9999.0 722.896147 634.746105 549.922140 465.083403 377.543418 285.697803 187.731679 79.295180 -48.986732 -178.481710 -297.180316 -372.642769 -391.089022 -350.888627 -345.692730 -271.075539 -116.336124 54.541968 134.411933 370.375308 318.836005 267.446162 216.116518 175.779045 144.645129 121.984899 105.572335 93.524381 84.340788 76.794694 69.867214 62.940921 55.589536 47.223418 37.255350 24.918599 8.880265 -11.335012 -39.978746 -84.808567 -3833.980737 -4232.672559 -4232.673267 -4232.673267 -4232.673267 -4232.673267 -4232.673267 -4232.673267 -4232.673267 -4232.673267 -4232.673267 -4232.673267 -4232.673267 -4232.673267 -4232.673267 -4232.673267 -4232.673267 -4232.673267 -4232.672169 -3763.588868 671.876717 588.763197 509.894771 432.431630 356.161607 282.286866 212.685077 149.189969 93.538623 47.015442 9.899576 -19.477517 -41.192391 -57.535373 -70.410275 -81.330041 -90.387781 -98.673458 -106.873944 -115.429115 -124.707255 -135.304842 -145.965617 -157.376436 -169.975442 -184.591830 -198.816479 -213.775184 -230.489493 -245.858407 -261.790009 -279.932006 -302.405880 -333.430253 -384.936520 -454.354796 -592.401972 -1365.577251 -4207.385077 -4232.762405 -9999.0 -9999.0
-9999.0 -9999.0 722.959690 634.773066 549.932276 465.087284 377.544959 285.698434 187.731941 79.295301 -48.986662 -178.481660 -297.180269 -372.642758 -391.089022 -350.888627 -345.692730 -271.075540 -116.336127 54.541968 134.411933 370.375308 318.836005 267.446162 216.116518 175.779046 144.645129 121.984899 105.572335 93.524381 84.340789 76.794695 69.867214 62.940921 55.589536 47.223418 37.255350 24.918599 8.880265 -11.335012 -39.978746 -84.808567 -3833.980737 -4232.672559 -4232.673267 -4232.673267 -4232.673267 -4232.673267 -4232.673267 -4232.673267 -4232.673267 -4232.673267 -4232.673267 -4232.673267 -4232.673267 -4232.673267 -4232.673267 -4232.673267 -4232.673267 -4232.673267 -4232.672169 -3763.588868 671.876717 588.763197 509.894771 432.431630 356.161607 282.286866 212.685077 149.189969 93.538623 47.015442 9.899576 -19.477517 -41.192391 -57.535373 -70.410275 -81.330041 -90.387781 -98.673458 -106.873944 -115.429115 -124.707255 -135.304842 -145.965617 -157.376436 -169.975442 -184.591830 -198.816479 -213.775184 -230.489493 -245.858407 -261.790009 -279.932006 -302.405880 -333.430253 -384.936519 -454.354796 -592.401971 -1365.577244 -4207.385076 -4232.762405 -9999.0 -9999.0
-9999.0 -9999.0 722.985619 634.788473 549.939638 465.090544 377.546362 285.699033 187.732195 79.295421 -48.986593 -178.481610 -297.180222 -372.642748 -391.089022 -350.888627 -345.692730 -271.075540 -116.336127 54.541968 134.411933 370.375308 318.836005 267.446162 216.116518 175.779046 144.645129 121.984899 105.572335 93.524382 84.340789 76.794695 69.867214 62.940921 55.589537 47.223418 37.255350 24.918599 8.880265 -11.335012 -39.978746 -84.808567 -3833.980737 -4232.672559 -4232.673267 -4232.673267 -4232.673267 -4232.673267 -4232.673267 -4232.673267 -4232.673267 -4232.673267 -4232.673267 -4232.673267 -4232.673267 -4232.673267 -4232.673267 -4232.673267 -4232.673267 -4232.673267 -4232.672169 -3763.588868 671.876717 588.763197 509.894771 432.431630 356.161607 282.286866 212.685077 149.189969 93.538623 47.015442 9.899576 -19.477517 -41.192391 -57.535373 -70.410275 -81.330041 -90.387781 -98.673458 -106.873944 -115.429115 -124.707255 -135.304842 -145.965617 -157.376436 -169.975442 -184.591830 -198.816479 -213.775184 -230.489493 -245.858407 -261.790009 -279.932006 -302.405880 -333.430253 -384.936519 -454.354796 -592.401970 -1365.577230 -4207.385076 -4232.762405 -9999.0 -9999.0
-9999.0 -9999.0 722.985619 634.788473 549.939638 465.090544 377.546362 285.699033 187.732195 79.295421 -48.986593 -178.481610 -297.180222 -372.642748 -391.089022 -350.888627 -345.692730 -271.075540 -116.336127 54.541968 134.411933 370.375308 318.836005 267.446162 216.116518 175.779046 144.645129 121.984899 105.572335 93.524382 84.340789 76.794695 69.867214 62.940921 55.589537 47.223418 37.255350 24.918599 8.880265 -11.335012 -39.978746 -84.808567 -3833.980737 -4232.672559 -4232.673267 -4232.673267 -4232.673267 -4232.673267 -4232.673267 -4232.673267 -4232.673267 -4232.673267 -4232.673267 -4232.673267 -4232.673267 -4232.673267 -4232.673267 -4232.673267 -4232.673267 -4232.673267 -4232.672169 -3763.588868 671.876717 588.763197 509.894771 432.431630 356.161607 282.286866 212.685077 149.189969 93.538623 47.015442 9.899576 -19.477517 -41.192391 -57.535373 -70.410275 -81.330041 -90.387781 -98.673458 -106.873944 -115.429115 -124.707255 -135.304842 -145.965617 -157.376436 -169.975442 -184.591830 -198.816479 -213.775184 -230.489493 -245.858407 -261.790009 -279.932006 -302.405880 -333.430253 -384.936519 -454.354796 -592.401970 -1365.577234 -4207.385075 -4232.762405 -9999.0 -9999.0
-9999.0 -9999.0 722.959690 634.773066 549.932276 465.087284 377.544959 285.698434 187.731941 79.295301 -48.986662 -178.481660 -297.180269 -372.642758 -391.089022 -350.888627 -345.692730 -271.075540 -116.336127 54.541968 134.411933 370.375308 318.836005 267.446162 216.116518 175.779046 144.645129 121.984899 105.572335 93.524381 84.340789 76.794695 69.867214 62.940921 55.589536 47.223418 37.255350 24.918599 8.880265 -11.335012 -39.978746 -84.808567 -3833.980737 -4232.672559 -4232.673267 -4232.673267 -4232.673267 -4232.673267 -4232.673267 -4232.673267 -4232.673267 -4232.673267 -4232.673267 -4232.673267 -4232.673267 -4232.673267 -4232.673267 -4232.673267 -4232.673267 -4232.673267 -4232.672169 -3763.588868 671.876717 588.763197 509.894771 432.431630 356.161607 282.286866 212.685077 149.189969 93.538623 47.015442 9.899576 -19.477517 -41.192391 -57.535373 -70.410275 -81.330041 -90.387781 -98.673458 -106.873944 -115.429115 -124.707255 -135.304842 -145.965617 -157.376436 -169.975442 -184.591830 -198.816479 -213.775184 -230.489493 -245.858407 -261.790009 -279.932006 -302.405880 -333.430253 -384.936520 -454.354796 -592.401971 -1365.577240 -4207.385076 -4232.762405 -9999.0 -9999.0
-9999.0 -9999.0 722.896147 634.746105 549.922140 465.083403 377.543418 285.697803 187.731679 79.295180 -48.986732 -178.481710 -297.180316 -372.642769 -391.089022 -350.888627 -345.692730 -271.075539 -116.336124 54.541968 134.411933 370.375308 318.836005 267.446162 216.116518 175.779045 144.645129 121.984899 105.572335 93.524381 84.340788 76.794694 69.867214 62.940921 55.589536 47.223418 37.255350 24.918599 8.880265 -11.335012 -39.978746 -84.808567 -3833.980737 -4232.672559 -4232.673267 -4232.673267 -4232.673267 -4232.673267 -4232.673267 -4232.673267 -4232.673267 -4232.673267 -4232.673267 -4232.673267 -4232.673267 -4232.673267 -4232.673267 -4232.673267 -4232.673267 -4232.673267 -4232.672169 -3763.588868 671.876717 588.763197 509.894771 432.431630 356.161607 282.286866 212.685077 149.189969 93.538623 47.015442 9.899576 -19.477517 -41.192391 -57.535373 -70.410275 -81.330041 -90.387781 -98.673458 -106.873944 -115.429115 -124.707255 -135.304842 -145.965617 -157.376436 -169.975442 -184.591830 -198.816479 -213.775184 -230.489493 -245.858407 -261.790009 -279.932006 -302.405880 -333.430253 -384.936520 -454.354796 -592.401972 -1365.577255 -4207.385077 -4232.762405 -9999.0 -9999.0
-9999.0 -9999.0 -9999.0 -9999.0 -9999.0 -9999.0 -9999.0 -9999.0 -9999.0 -9999.0 -9999.0 -9999.0 -9999.0 -9999.0 -9999.0 -9999.0 -9999.0 -9999.0 -9999.0 -9999.0 -9999.0 -9999.0 -9999.0 -9999.0 -9999.0 -9999.0 -9999.0 -9999.0 -9999.0 -9999.0 -9999.0 -9999.0 -9999.0 -9999.0 -9999.0 -9999.0 -9999.0 -9999.0 -9999.0 -9999.0 -9999.0 -9999.0 -9999.0 -9999.0 -9999.0 -9999.0 -9999.0 -9999.0 -9999.0 -9999.0 -9999.0 -9999.0 -9999.0 -9999.0 -9999.0 -9999.0 -9999.0 -9999.0 -9999.0 -9999.0 -9999.0 -9999.0 -9999.0 -9999.0 -9999.0 -9999.0 -9999.0 -9999.0 -9999.0 -9999.0 -9999.0 -9999.0 -9999.0 -9999.0 -9999.0 -9999.0 -9999.0 -9999.0 -9999.0 -9999.0 -9999.0 -9999.0 -9999.0 -9999.0 -9999.0 -9999.0 -9999.0 -9999.0 -9999.0 -9999.0 -9999.0 -9999.0 -9999.0 -9999.0 -9999.0 -9999.0 -9999.0 -9999.0 -9999.0 -9999.0 -9999.0 -9999.0 -9999.0 -9999.0
-9999.0 -9999.0 -9999.0 -9999.0 -9999.0 -9999.0 -9999.0 -9999.0 -9999.0 -9999.0 -9999.0 -9999.0 -9999.0 -9999.0 -9999.0 -9999.0 -9999.0 -9999.0 -9999.0 -9999.0 -9999.0 -9999.0 -9999.0 -9999.0 -9999.0 -9999.0 -9999.0 -9999.0 -9999.0 -9999.0 -9999.0 -9999.0 -9999.0 -9999.0 -9999.0 -9999.0 -9999.0 -9999.0 -9999.0 -9999.0 -9999.0 -9999.0 -9999.0 -9999.0 -9999.0 -9999.0 -9999.0 -9999.0 -9999.0 -9999.0 -9999.0 -9999.0 -9999.0 -9999.0 -9999.0 -9999.0 -9999.0 -9999.0 -9999.0 -9999.0 -9999.0 -9999.0 -9999.0 -9999.0 -9999.0 -9999.0 -9999.0 -9999.0 -9999.0 -9999.0 -9999.0 -9999.0 -9999.0 -9999.0 -9999.0 -9999.0 -9999.0 -9999.0 -9999.0 -9999.0 -9999.0 -9999.0 -9999.0 -9999.0 -9999.0 -9999.0 -9999.0 -9999.0 -9999.0 -9999.0 -9999.0 -9999.0 -9999.0 -9999.0 -9999.0 -9999.0 -9999.0 -9999.0 -9999.0 -9999.0 -9999.0 -9999.0 -9999.0 -9999.0