tests/3D/superslab/out/maps3D/PwL0100N0003.asc
ncols         104
nrows         10
xllcorner     -2.000000
yllcorner     0.000000
cellsize      1.000000
NODATA_value  -9999.0
-9999.0 -9999.0 -9999.0 -9999.0 -9999.0 -9999.0 -9999.0 -9999.0 -9999.0 -9999.0 -9999.0 -9999.0 -9999.0 -9999.0 -9999.0 -9999.0 -9999.0 -9999.0 -9999.0 -9999.0 -9999.0 -9999.0 -9999.0 -9999.0 -9999.0 -9999.0 -9999.0 -9999.0 -9999.0 -9999.0 -9999.0 -9999.0 -9999.0 -9999.0 -9999.0 -9999.0 -9999.0 -9999.0 -9999.0 -9999.0 -9999.0 -9999.0 -9999.0 -9999.0 -9999.0 -9999.0 -9999.0 -9999.0 -9999.0 -9999.0 -9999.0 -9999.0 -9999.0 -9999.0 -9999.0 -9999.0 -9999.0 -9999.0 -9999.0 -9999.0 -9999.0 -9999.0 -9999.0 -9999.0 -9999.0 -9999.0 -9999.0 -9999.0 -9999.0 -9999.0 -9999.0 -9999.0 -9999.0 -9999.0 -9999.0 -9999.0 -9999.0 -9999.0 -9999.0 -9999.0 -9999.0 -9999.0 -9999.0 -9999.0 -9999.0 -9999.0 -9999.0 -9999.0 -9999.0 -9999.0 -9999.0 -9999.0 -9999.0 -9999.0 -9999.0 -9999.0 -9999.0 -9999.0 -9999.0 -9999.0 -9999.0 -9999.0 -9999.0 -9999.0
-9999.0 -9999.0 -9999.0 -9999.0 -9999.0 -9999.0 -9999.0 -9999.0 -9999.0 -9999.0 -9999.0 -9999.0 -9999.0 -9999.0 -9999.0 -9999.0 -9999.0 -9999.0 -9999.0 -9999.0 -9999.0 -9999.0 -9999.0 -9999.0 -9999.0 -9999.0 -9999.0 -9999.0 -9999.0 -9999.0 -9999.0 -9999.0 -9999.0 -9999.0 -9999.0 -9999.0 -9999.0 -9999.0 -9999.0 -9999.0 -9999.0 -9999.0 -9999.0 -9999.0 -9999.0 -9999.0 -9999.0 -9999.0 -9999.0 -9999.0 -9999.0 -9999.0 -9999.0 -9999.0 -9999.0 -9999.0 -9999.0 -9999.0 -9999.0 -9999.0 -9999.0 -9999.0 -9999.0 -9999.0 -9999.0 -9999.0 -9999.0 -9999.0 -9999.0 -9999.0 -9999.0 -9999.0 -9999.0 -9999.0 -9999.0 -9999.0 -9999.0 -9999.0 -9999.0 -9999.0 -9999.0 -9999.0 -9999.0 -9999.0 -9999.0 -9999.0 -9999.0 -9999.0 -9999.0 -9999.0 -9999.0 -9999.0 -9999.0 -9999.0 -9999.0 -9999.0 -9999.0 -9999.0 -9999.0 -9999.0 -9999.0 -9999.0 -9999.0 -9999.0
-9999.0 -9999.0 403.490005 307.034718 215.992411 133.887302 66.215979 19.581461 -6.533884 -17.701504 -22.091663 -23.758599 -24.382852 -24.615304 -24.701634 -24.733646 -24.745501 -24.749884 -24.751498 -24.752084 -24.752288 -24.752346 -24.752344 -24.752314 -24.752264 -24.752198 -24.752116 -24.752016 -24.751897 -24.751760 -24.751604 -24.751430 -24.751242 -24.751043 -24.750837 -24.750630 -24.750429 -24.750239 -24.750068 -24.749921 -24.749806 -24.749726 -24.749687 -24.749696 -24.749761 -24.749918 -24.750279 -24.751117 -24.752984 -24.756800 -24.763655 -24.772412 -24.762574 -24.758932 -24.759120 -24.761793 -24.766899 -24.775139 -24.787804 -24.806785 -24.834680 -24.874920 -24.931910 -25.011142 -25.119276 -25.264156 -25.454756 -25.701052 -26.013814 -26.404344 -26.884192 -27.464861 -28.157546 -28.972934 -29.921073 -31.011320 -32.252386 -33.652441 -35.219302 -36.960672 -38.884435 -40.999000 -43.313686 -45.839179 -48.588052 -51.575390 -54.819557 -58.343172 -62.174375 -66.348528 -70.910573 -75.918383 -81.447681 -87.599521 -94.512105 -102.380365 -111.490291 -122.283629 -135.491821 -152.451717 -176.007117 -214.069285 -9999.0 -9999.0
-9999.0 -9999.0 403.490005 307.034718 215.992411 133.887302 66.215979 19.581461 -6.533884 -17.701504 -22.091663 -23.758599 -24.382852 -24.615304 -24.701634 -24.733646 -24.745501 -24.749884 -24.751498 -24.752084 -24.752288 -24.752346 -24.752344 -24.752314 -24.752264 -24.752198 -24.752116 -24.752016 -24.751897 -24.751760 -24.751604 -24.751430 -24.751242 -24.751043 -24.750837 -24.750630 -24.750429 -24.750239 -24.750068 -24.749921 -24.749806 -24.749726 -24.749687 -24.749696 -24.749761 -24.749918 -24.750279 -24.751117 -24.752984 -24.756800 -24.763655 -24.772412 -24.762574 -24.758932 -24.759120 -24.761793 -24.766899 -24.775139 -24.787804 -24.806785 -24.834680 -24.874920 -24.931910 -25.011142 -25.119276 -25.264156 -25.454756 -25.701052 -26.013814 -26.404344 -26.884192 -27.464861 -28.157546 -28.972934 -29.921073 -31.011320 -32.252386 -33.652441 -35.219302 -36.960672 -38.884435 -40.999000 -43.313686 -45.839179 -48.588052 -51.575390 -54.819557 -58.343172 -62.174375 -66.348528 -70.910573 -75.918383 -81.447681 -87.599521 -94.512105 -102.380365 -111.490291 -122.283629 -135.491821 -152.451717 -176.007117 -214.069285 -9999.0 -9999.0
-9999.0 -9999.0 403.490005 307.034718 215.992411 133.887302 66.215979 19.581461 -6.533884 -17.701504 -22.091663 -23.758599 -24.382852 -24.615304 -24.701634 -24.733646 -24.745501 -24.749884 -24.751498 -24.752084 -24.752288 -24.752346 -24.752344 -24.752314 -24.752264 -24.752198 -24.752116 -24.752016 -24.751897 -24.751760 -24.751604 -24.751430 -24.751242 -24.751043 -24.750837 -24.750630 -24.750429 -24.750239 -24.750068 -24.749921 -24.749806 -24.749726 -24.749687 -24.749696 -24.749761 -24.749918 -24.750279 -24.751117 -24.752984 -24.756800 -24.763655 -24.772412 -24.762574 -24.758932 -24.759120 -24.761793 -24.766899 -24.775139 -24.787804 -24.806785 -24.834680 -24.874920 -24.931910 -25.011142 -25.119276 -25.264156 -25.454756 -25.701052 -26.013814 -26.404344 -26.884192 -27.464861 -28.157546 -28.972934 -29.921073 -31.011320 -32.252386 -33.652441 -35.219302 -36.960672 -38.884435 -40.999000 -43.313686 -45.839179 -48.588052 -51.575390 -54.819557 -58.343172 -62.174375 -66.348528 -70.910573 -75.918383 -81.447681 -87.599521 -94.512105 -102.380365 -111.490291 -122.283629 -135.491821 -152.451717 -176.007117 -214.069285 -9999.0 -9999.0
-9999.0 -9999.0 403.490005 307.034718 215.992411 133.887302 66.215979 19.581461 -6.533884 -17.701504 -22.091663 -23.758599 -24.382852 -24.615304 -24.701634 -24.733646 -24.745501 -24.749884 -24.751498 -24.752084 -24.752288 -24.752346 -24.752344 -24.752314 -24.752264 -24.752198 -24.752116 -24.752016 -24.751897 -24.751760 -24.751604 -24.751430 -24.751242 -24.751043 -24.750837 -24.750630 -24.750429 -24.750239 -24.750068 -24.749921 -24.749806 -24.749726 -24.749687 -24.749696 -24.749761 -24.749918 -24.750279 -24.751117 -24.752984 -24.756800 -24.763655 -24.772412 -24.762574 -24.758932 -24.759120 -24.761793 -24.766899 -24.775139 -24.787804 -24.806785 -24.834680 -24.874920 -24.931910 -25.011142 -25.119276 -25.264156 -25.454756 -25.701052 -26.013814 -26.404344 -26.884192 -27.464861 -28.157546 -28.972934 -29.921073 -31.011320 -32.252386 -33.652441 -35.219302 -36.960672 -38.884435 -40.999000 -43.313686 -45.839179 -48.588052 -51.575390 -54.819557 -58.343172 -62.174375 -66.348528 -70.910573 -75.918383 -81.447681 -87.599521 -94.512105 -102.380365 -111.490291 -122.283629 -135.491821 -152.451717 -176.007117 -214.069285 -9999.0 -9999.0
-9999.0 -9999.0 403.490005 307.034718 215.992411 133.887302 66.215979 19.581461 -6.533884 -17.701504 -22.091663 -23.758599 -24.382852 -24.615304 -24.701634 -24.733646 -24.745501 -24.749884 -24.751498 -24.752084 -24.752288 -24.752346 -24.752344 -24.752314 -24.752264 -24.752198 -24.752116 -24.752016 -24.751897 -24.751760 -24.751604 -24.751430 -24.751242 -24.751043 -24.750837 -24.750630 -24.750429 -24.750239 -24.750068 -24.749921 -24.749806 -24.749726 -24.749687 -24.749696 -24.749761 -24.749918 -24.750279 -24.751117 -24.752984 -24.756800 -24.763655 -24.772412 -24.762574 -24.758932 -24.759120 -24.761793 -24.766899 -24.775139 -24.787804 -24.806785 -24.834680 -24.874920 -24.931910 -25.011142 -25.119276 -25.264156 -25.454756 -25.701052 -26.013814 -26.404344 -26.884192 -27.464861 -28.157546 -28.972934 -29.921073 -31.011320 -32.252386 -33.652441 -35.219302 -36.960672 -38.884435 -40.999000 -43.313686 -45.839179 -48.588052 -51.575390 -54.819557 -58.343172 -62.174375 -66.348528 -70.910573 -75.918383 -81.447681 -87.599521 -94.512105 -102.380365 -111.490291 -122.283629 -135.491821 -152.451717 -176.007117 -214.069285 -9999.0 -9999.0
-9999.0 -9999.0 403.490005 307.034718 215.992411 133.887302 66.215979 19.581461 -6.533884 -17.701504 -22.091663 -23.758599 -24.382852 -24.615304 -24.701634 -24.733646 -24.745501 -24.749884 -24.751498 -24.752084 -24.752288 -24.752346 -24.752344 -24.752314 -24.752264 -24.752198 -24.752116 -24.752016 -24.751897 -24.751760 -24.751604 -24.751430 -24.751242 -24.751043 -24.750837 -24.750630 -24.750429 -24.750239 -24.750068 -24.749921 -24.749806 -24.749726 -24.749687 -24.749696 -24.749761 -24.749918 -24.750279 -24.751117 -24.752984 -24.756800 -24.763655 -24.772412 -24.762574 -24.758932 -24.759120 -24.761793 -24.766899 -24.775139 -24.787804 -24.806785 -24.834680 -24.874920 -24.931910 -25.011142 -25.119276 -25.264156 -25.454756 -25.701052 -26.013814 -26.404344 -26.884192 -27.464861 -28.157546 -28.972934 -29.921073 -31.011320 -32.252386 -33.652441 -35.219302 -36.960672 -38.884435 -40.999000 -43.313686 -45.839179 -48.588052 -51.575390 -54.819557 -58.343172 -62.174375 -66.348528 -70.910573 -75.918383 -81.447681 -87.599521 -94.512105 -102.380365 -111.490291 -122.283629 -135.491821 -152.451717 -176.007117 -214.069285 -9999.0 -9999.0
-9999.0 -9999.0 -9999.0 -9999.0 -9999.0 -9999.0 -9999.0 -9999.0 -9999.0 -9999.0 -9999.0 -9999.0 -9999.0 -9999.0 -9999.0 -9999.0 -9999.0 -9999.0 -9999.0 -9999.0 -9999.0 -9999.0 -9999.0 -9999.0 -9999.0 -9999.0 -9999.0 -9999.0 -9999.0 -9999.0 -9999.0 -9999.0 -9999.0 -9999.0 -9999.0 -9999.0 -9999.0 -9999.0 -9999.0 -9999.0 -9999.0 -9999.0 -9999.0 -9999.0 -9999.0 -9999.0 -9999.0 -9999.0 -9999.0 -9999.0 -9999.0 -9999.0 -9999.0 -9999.0 -9999.0 -9999.0 -9999.0 -9999.0 -9999.0 -9999.0 -9999.0 -9999.0 -9999.0 -9999.0 -9999.0 -9999.0 -9999.0 -9999.0 -9999.0 -9999.0 -9999.0 -9999.0 -9999.0 -9999.0 -9999.0 -9999.0 -9999.0 -9999.0 -9999.0 -9999.0 -9999.0 -9999.0 -9999.0 -9999.0 -9999.0 -9999.0 -9999.0 -9999.0 -9999.0 -9999.0 -9999.0 -9999.0 -9999.0 -9999.0 -9999.0 -9999.0 -9999.0 -9999.0 -9999.0 -9999.0 -9999.0 -9999.0 -9999.0 -9999.0
-9999.0 -9999.0 -9999.0 -9999.0 -9999.0 -9999.0 -9999.0 -9999.0 -9999.0 -9999.0 -9999.0 -9999.0 -9999.0 -9999.0 -9999.0 -9999.0 -9999.0 -9999.0 -9999.0 -9999.0 -9999.0 -9999.0 -9999.0 -9999.0 -9999.0 -9999.0 -9999.0 -9999.0 -9999.0 -9999.0 -9999.0 -9999.0 -9999.0 -9999.0 -9999.0 -9999.0 -9999.0 -9999.0 -9999.0 -9999.0 -9999.0 -9999.0 -9999.0 -9999.0 -9999.0 -9999.0 -9999.0 -9999.0 -9999.0 -9999.0 -9999.0 -9999.0 -9999.0 -9999.0 -9999.0 -9999.0 -9999.0 -9999.0 -9999.0 -9999.0 -9999.0 -9999.0 -9999.0 -9999.0 -9999.0 -9999.0 -9999.0 -9999.0 -9999.0 -9999.0 -9999.0 -9999.0 -9999.0 -9999.0 -9999.0 -9999.0 -9999.0 -9999.0 -9999.0 -9999.0 -9999.0 -9999.0 -9999.0 -9999.0 -9999.0 -9999.0 -9999.0 -9999.0 -9999.0 -9999.0 -9999.0 -9999.0 -9999.0 -9999.0 -9999.0 -9999.0 -9999.0 -9999.0 -9999.0 -9999.0 -9999.0 -9999.0 -9999.0 -9999.0