tests/3D/superslab/out/maps3D/PwL0062N0005.asc
ncols         104
nrows         10
xllcorner     -2.000000
yllcorner     0.000000
cellsize      1.000000
NODATA_value  -9999.0
-9999.0 -9999.0 -9999.0 -9999.0 -9999.0 -9999.0 -9999.0 -9999.0 -9999.0 -9999.0 -9999.0 -9999.0 -9999.0 -9999.0 -9999.0 -9999.0 -9999.0 -9999.0 -9999.0 -9999.0 -9999.0 -9999.0 -9999.0 -9999.0 -9999.0 -9999.0 -9999.0 -9999.0 -9999.0 -9999.0 -9999.0 -9999.0 -9999.0 -9999.0 -9999.0 -9999.0 -9999.0 -9999.0 -9999.0 -9999.0 -9999.0 -9999.0 -9999.0 -9999.0 -9999.0 -9999.0 -9999.0 -9999.0 -9999.0 -9999.0 -9999.0 -9999.0 -9999.0 -9999.0 -9999.0 -9999.0 -9999.0 -9999.0 -9999.0 -9999.0 -9999.0 -9999.0 -9999.0 -9999.0 -9999.0 -9999.0 -9999.0 -9999.0 -9999.0 -9999.0 -9999.0 -9999.0 -9999.0 -9999.0 -9999.0 -9999.0 -9999.0 -9999.0 -9999.0 -9999.0 -9999.0 -9999.0 -9999.0 -9999.0 -9999.0 -9999.0 -9999.0 -9999.0 -9999.0 -9999.0 -9999.0 -9999.0 -9999.0 -9999.0 -9999.0 -9999.0 -9999.0 -9999.0 -9999.0 -9999.0 -9999.0 -9999.0 -9999.0 -9999.0
-9999.0 -9999.0 -9999.0 -9999.0 -9999.0 -9999.0 -9999.0 -9999.0 -9999.0 -9999.0 -9999.0 -9999.0 -9999.0 -9999.0 -9999.0 -9999.0 -9999.0 -9999.0 -9999.0 -9999.0 -9999.0 -9999.0 -9999.0 -9999.0 -9999.0 -9999.0 -9999.0 -9999.0 -9999.0 -9999.0 -9999.0 -9999.0 -9999.0 -9999.0 -9999.0 -9999.0 -9999.0 -9999.0 -9999.0 -9999.0 -9999.0 -9999.0 -9999.0 -9999.0 -9999.0 -9999.0 -9999.0 -9999.0 -9999.0 -9999.0 -9999.0 -9999.0 -9999.0 -9999.0 -9999.0 -9999.0 -9999.0 -9999.0 -9999.0 -9999.0 -9999.0 -9999.0 -9999.0 -9999.0 -9999.0 -9999.0 -9999.0 -9999.0 -9999.0 -9999.0 -9999.0 -9999.0 -9999.0 -9999.0 -9999.0 -9999.0 -9999.0 -9999.0 -9999.0 -9999.0 -9999.0 -9999.0 -9999.0 -9999.0 -9999.0 -9999.0 -9999.0 -9999.0 -9999.0 -9999.0 -9999.0 -9999.0 -9999.0 -9999.0 -9999.0 -9999.0 -9999.0 -9999.0 -9999.0 -9999.0 -9999.0 -9999.0 -9999.0 -9999.0
-9999.0 -9999.0 -1899.632588 -1904.778747 -1905.577715 -1905.817548 -1905.897965 -1905.925710 -1905.935343 -1905.938727 -1905.939927 -1905.940356 -1905.940509 -1905.940564 -1905.940583 -1905.940590 -1905.940593 -1905.940594 -1905.940594 -1905.940594 -1905.940594 -1905.940594 -1905.940594 -1905.940594 -1905.940594 -1905.940594 -1905.940594 -1905.940594 -1905.940594 -1905.940594 -1905.940594 -1905.940594 -1905.940593 -1905.940580 -1905.940430 -1905.939185 -1905.931777 -1905.899287 -1905.791864 -1905.515337 -1905.272434 -1905.672674 -1905.833860 -1906.024784 -1906.259851 -1906.158311 -1906.078775 -1906.023474 -1905.988351 -1905.967545 -1905.957249 -1905.970981 -1905.941900 -1905.940626 -1905.940595 -1905.940594 -1905.940594 -1905.940594 -1905.940594 -1905.940594 -1905.940594 -1905.940595 -1905.940595 -1905.940595 -1905.940596 -1905.940597 -1905.940598 -1905.940599 -1905.940601 -1905.940605 -1905.940609 -1905.940614 -1905.940622 -1905.940633 -1905.940647 -1905.940667 -1905.940692 -1905.940726 -1905.940771 -1905.940830 -1905.940907 -1905.941007 -1905.941136 -1905.941303 -1905.941517 -1905.941791 -1905.942141 -1905.942587 -1905.943152 -1905.943869 -1905.944776 -1905.945923 -1905.947374 -1905.949211 -1905.951545 -1905.954520 -1905.958341 -1905.963300 -1905.969856 -1905.979393 -1906.039401 -1908.697016 -9999.0 -9999.0
-9999.0 -9999.0 -1899.632588 -1904.778747 -1905.577715 -1905.817548 -1905.897965 -1905.925710 -1905.935343 -1905.938727 -1905.939927 -1905.940356 -1905.940509 -1905.940564 -1905.940583 -1905.940590 -1905.940593 -1905.940594 -1905.940594 -1905.940594 -1905.940594 -1905.940594 -1905.940594 -1905.940594 -1905.940594 -1905.940594 -1905.940594 -1905.940594 -1905.940594 -1905.940594 -1905.940594 -1905.940594 -1905.940593 -1905.940580 -1905.940430 -1905.939185 -1905.931777 -1905.899287 -1905.791864 -1905.515337 -1905.272434 -1905.672674 -1905.833860 -1906.024784 -1906.259851 -1906.158311 -1906.078775 -1906.023474 -1905.988351 -1905.967545 -1905.957249 -1905.970981 -1905.941900 -1905.940626 -1905.940595 -1905.940594 -1905.940594 -1905.940594 -1905.940594 -1905.940594 -1905.940594 -1905.940595 -1905.940595 -1905.940595 -1905.940596 -1905.940597 -1905.940598 -1905.940599 -1905.940601 -1905.940605 -1905.940609 -1905.940614 -1905.940622 -1905.940633 -1905.940647 -1905.940667 -1905.940692 -1905.940726 -1905.940771 -1905.940830 -1905.940907 -1905.941007 -1905.941136 -1905.941303 -1905.941517 -1905.941791 -1905.942141 -1905.942587 -1905.943152 -1905.943869 -1905.944776 -1905.945923 -1905.947374 -1905.949211 -1905.951545 -1905.954520 -1905.958341 -1905.963300 -1905.969856 -1905.979393 -1906.039401 -1908.697016 -9999.0 -9999.0
-9999.0 -9999.0 -1899.632588 -1904.778747 -1905.577715 -1905.817548 -1905.897965 -1905.925710 -1905.935343 -1905.938727 -1905.939927 -1905.940356 -1905.940509 -1905.940564 -1905.940583 -1905.940590 -1905.940593 -1905.940594 -1905.940594 -1905.940594 -1905.940594 -1905.940594 -1905.940594 -1905.940594 -1905.940594 -1905.940594 -1905.940594 -1905.940594 -1905.940594 -1905.940594 -1905.940594 -1905.940594 -1905.940593 -1905.940580 -1905.940430 -1905.939185 -1905.931777 -1905.899287 -1905.791864 -1905.515337 -1905.272434 -1905.672674 -1905.833860 -1906.024784 -1906.259851 -1906.158311 -1906.078775 -1906.023474 -1905.988351 -1905.967545 -1905.957249 -1905.970981 -1905.941900 -1905.940626 -1905.940595 -1905.940594 -1905.940594 -1905.940594 -1905.940594 -1905.940594 -1905.940594 -1905.940595 -1905.940595 -1905.940595 -1905.940596 -1905.940597 -1905.940598 -1905.940599 -1905.940601 -1905.940605 -1905.940609 -1905.940614 -1905.940622 -1905.940633 -1905.940647 -1905.940667 -1905.940692 -1905.940726 -1905.940771 -1905.940830 -1905.940907 -1905.941007 -1905.941136 -1905.941303 -1905.941517 -1905.941791 -1905.942141 -1905.942587 -1905.943152 -1905.943869 -1905.944776 -1905.945923 -1905.947374 -1905.949211 -1905.951545 -1905.954520 -1905.958341 -1905.963300 -1905.969856 -1905.979393 -1906.039401 -1908.697016 -9999.0 -9999.0
-9999.0 -9999.0 -1899.632588 -1904.778747 -1905.577715 -1905.817548 -1905.897965 -1905.925710 -1905.935343 -1905.938727 -1905.939927 -1905.940356 -1905.940509 -1905.940564 -1905.940583 -1905.940590 -1905.940593 -1905.940594 -1905.940594 -1905.940594 -1905.940594 -1905.940594 -1905.940594 -1905.940594 -1905.940594 -1905.940594 -1905.940594 -1905.940594 -1905.940594 -1905.940594 -1905.940594 -1905.940594 -1905.940593 -1905.940580 -1905.940430 -1905.939185 -1905.931777 -1905.899287 -1905.791864 -1905.515337 -1905.272434 -1905.672674 -1905.833860 -1906.024784 -1906.259851 -1906.158311 -1906.078775 -1906.023474 -1905.988351 -1905.967545 -1905.957249 -1905.970981 -1905.941900 -1905.940626 -1905.940595 -1905.940594 -1905.940594 -1905.940594 -1905.940594 -1905.940594 -1905.940594 -1905.940595 -1905.940595 -1905.940595 -1905.940596 -1905.940597 -1905.940598 -1905.940599 -1905.940601 -1905.940605 -1905.940609 -1905.940614 -1905.940622 -1905.940633 -1905.940647 -1905.940667 -1905.940692 -1905.940726 -1905.940771 -1905.940830 -1905.940907 -1905.941007 -1905.941136 -1905.941303 -1905.941517 -1905.941791 -1905.942141 -1905.942587 -1905.943152 -1905.943869 -1905.944776 -1905.945923 -1905.947374 -1905.949211 -1905.951545 -1905.954520 -1905.958341 -1905.963300 -1905.969856 -1905.979393 -1906.039401 -1908.697016 -9999.0 -9999.0
-9999.0 -9999.0 -1899.632588 -1904.778747 -1905.577715 -1905.817548 -1905.897965 -1905.925710 -1905.935343 -1905.938727 -1905.939927 -1905.940356 -1905.940509 -1905.940564 -1905.940583 -1905.940590 -1905.940593 -1905.940594 -1905.940594 -1905.940594 -1905.940594 -1905.940594 -1905.940594 -1905.940594 -1905.940594 -1905.940594 -1905.940594 -1905.940594 -1905.940594 -1905.940594 -1905.940594 -1905.940594 -1905.940593 -1905.940580 -1905.940430 -1905.939185 -1905.931777 -1905.899287 -1905.791864 -1905.515337 -1905.272434 -1905.672674 -1905.833860 -1906.024784 -1906.259851 -1906.158311 -1906.078775 -1906.023474 -1905.988351 -1905.967545 -1905.957249 -1905.970981 -1905.941900 -1905.940626 -1905.940595 -1905.940594 -1905.940594 -1905.940594 -1905.940594 -1905.940594 -1905.940594 -1905.940595 -1905.940595 -1905.940595 -1905.940596 -1905.940597 -1905.940598 -1905.940599 -1905.940601 -1905.940605 -1905.940609 -1905.940614 -1905.940622 -1905.940633 -1905.940647 -1905.940667 -1905.940692 -1905.940726 -1905.940771 -1905.940830 -1905.940907 -1905.941007 -1905.941136 -1905.941303 -1905.941517 -1905.941791 -1905.942141 -1905.942587 -1905.943152 -1905.943869 -1905.944776 -1905.945923 -1905.947374 -1905.949211 -1905.951545 -1905.954520 -1905.958341 -1905.963300 -1905.969856 -1905.979393 -1906.039401 -1908.697016 -9999.0 -9999.0
-9999.0 -9999.0 -1899.632588 -1904.778747 -1905.577715 -1905.817548 -1905.897965 -1905.925710 -1905.935343 -1905.938727 -1905.939927 -1905.940356 -1905.940509 -1905.940564 -1905.940583 -1905.940590 -1905.940593 -1905.940594 -1905.940594 -1905.940594 -1905.940594 -1905.940594 -1905.940594 -1905.940594 -1905.940594 -1905.940594 -1905.940594 -1905.940594 -1905.940594 -1905.940594 -1905.940594 -1905.940594 -1905.940593 -1905.940580 -1905.940430 -1905.939185 -1905.931777 -1905.899287 -1905.791864 -1905.515337 -1905.272434 -1905.672674 -1905.833860 -1906.024784 -1906.259851 -1906.158311 -1906.078775 -1906.023474 -1905.988351 -1905.967545 -1905.957249 -1905.970981 -1905.941900 -1905.940626 -1905.940595 -1905.940594 -1905.940594 -1905.940594 -1905.940594 -1905.940594 -1905.940594 -1905.940595 -1905.940595 -1905.940595 -1905.940596 -1905.940597 -1905.940598 -1905.940599 -1905.940601 -1905.940605 -1905.940609 -1905.940614 -1905.940622 -1905.940633 -1905.940647 -1905.940667 -1905.940692 -1905.940726 -1905.940771 -1905.940830 -1905.940907 -1905.941007 -1905.941136 -1905.941303 -1905.941517 -1905.941791 -1905.942141 -1905.942587 -1905.943152 -1905.943869 -1905.944776 -1905.945923 -1905.947374 -1905.949211 -1905.951545 -1905.954520 -1905.958341 -1905.963300 -1905.969856 -1905.979393 -1906.039401 -1908.697016 -9999.0 -9999.0
-9999.0 -9999.0 -9999.0 -9999.0 -9999.0 -9999.0 -9999.0 -9999.0 -9999.0 -9999.0 -9999.0 -9999.0 -9999.0 -9999.0 -9999.0 -9999.0 -9999.0 -9999.0 -9999.0 -9999.0 -9999.0 -9999.0 -9999.0 -9999.0 -9999.0 -9999.0 -9999.0 -9999.0 -9999.0 -9999.0 -9999.0 -9999.0 -9999.0 -9999.0 -9999.0 -9999.0 -9999.0 -9999.0 -9999.0 -9999.0 -9999.0 -9999.0 -9999.0 -9999.0 -9999.0 -9999.0 -9999.0 -9999.0 -9999.0 -9999.0 -9999.0 -9999.0 -9999.0 -9999.0 -9999.0 -9999.0 -9999.0 -9999.0 -9999.0 -9999.0 -9999.0 -9999.0 -9999.0 -9999.0 -9999.0 -9999.0 -9999.0 -9999.0 -9999.0 -9999.0 -9999.0 -9999.0 -9999.0 -9999.0 -9999.0 -9999.0 -9999.0 -9999.0 -9999.0 -9999.0 -9999.0 -9999.0 -9999.0 -9999.0 -9999.0 -9999.0 -9999.0 -9999.0 -9999.0 -9999.0 -9999.0 -9999.0 -9999.0 -9999.0 -9999.0 -9999.0 -9999.0 -9999.0 -9999.0 -9999.0 -9999.0 -9999.0 -9999.0 -9999.0
-9999.0 -9999.0 -9999.0 -9999.0 -9999.0 -9999.0 -9999.0 -9999.0 -9999.0 -9999.0 -9999.0 -9999.0 -9999.0 -9999.0 -9999.0 -9999.0 -9999.0 -9999.0 -9999.0 -9999.0 -9999.0 -9999.0 -9999.0 -9999.0 -9999.0 -9999.0 -9999.0 -9999.0 -9999.0 -9999.0 -9999.0 -9999.0 -9999.0 -9999.0 -9999.0 -9999.0 -9999.0 -9999.0 -9999.0 -9999.0 -9999.0 -9999.0 -9999.0 -9999.0 -9999.0 -9999.0 -9999.0 -9999.0 -9999.0 -9999.0 -9999.0 -9999.0 -9999.0 -9999.0 -9999.0 -9999.0 -9999.0 -9999.0 -9999.0 -9999.0 -9999.0 -9999.0 -9999.0 -9999.0 -9999.0 -9999.0 -9999.0 -9999.0 -9999.0 -9999.0 -9999.0 -9999.0 -9999.0 -9999.0 -9999.0 -9999.0 -9999.0 -9999.0 -9999.0 -9999.0 -9999.0 -9999.0 -9999.0 -9999.0 -9999.0 -9999.0 -9999.0 -9999.0 -9999.0 -9999.0 -9999.0 -9999.0 -9999.0 -9999.0 -9999.0 -9999.0 -9999.0 -9999.0 -9999.0 -9999.0 -9999.0 -9999.0 -9999.0 -9999.0