tests/3D/superslab/out/maps3D/PwL0009N0004.asc
ncols         104
nrows         10
xllcorner     -2.000000
yllcorner     0.000000
cellsize      1.000000
NODATA_value  -9999.0
-9999.0 -9999.0 -9999.0 -9999.0 -9999.0 -9999.0 -9999.0 -9999.0 -9999.0 -9999.0 -9999.0 -9999.0 -9999.0 -9999.0 -9999.0 -9999.0 -9999.0 -9999.0 -9999.0 -9999.0 -9999.0 -9999.0 -9999.0 -9999.0 -9999.0 -9999.0 -9999.0 -9999.0 -9999.0 -9999.0 -9999.0 -9999.0 -9999.0 -9999.0 -9999.0 -9999.0 -9999.0 -9999.0 -9999.0 -9999.0 -9999.0 -9999.0 -9999.0 -9999.0 -9999.0 -9999.0 -9999.0 -9999.0 -9999.0 -9999.0 -9999.0 -9999.0 -9999.0 -9999.0 -9999.0 -9999.0 -9999.0 -9999.0 -9999.0 -9999.0 -9999.0 -9999.0 -9999.0 -9999.0 -9999.0 -9999.0 -9999.0 -9999.0 -9999.0 -9999.0 -9999.0 -9999.0 -9999.0 -9999.0 -9999.0 -9999.0 -9999.0 -9999.0 -9999.0 -9999.0 -9999.0 -9999.0 -9999.0 -9999.0 -9999.0 -9999.0 -9999.0 -9999.0 -9999.0 -9999.0 -9999.0 -9999.0 -9999.0 -9999.0 -9999.0 -9999.0 -9999.0 -9999.0 -9999.0 -9999.0 -9999.0 -9999.0 -9999.0 -9999.0
-9999.0 -9999.0 -9999.0 -9999.0 -9999.0 -9999.0 -9999.0 -9999.0 -9999.0 -9999.0 -9999.0 -9999.0 -9999.0 -9999.0 -9999.0 -9999.0 -9999.0 -9999.0 -9999.0 -9999.0 -9999.0 -9999.0 -9999.0 -9999.0 -9999.0 -9999.0 -9999.0 -9999.0 -9999.0 -9999.0 -9999.0 -9999.0 -9999.0 -9999.0 -9999.0 -9999.0 -9999.0 -9999.0 -9999.0 -9999.0 -9999.0 -9999.0 -9999.0 -9999.0 -9999.0 -9999.0 -9999.0 -9999.0 -9999.0 -9999.0 -9999.0 -9999.0 -9999.0 -9999.0 -9999.0 -9999.0 -9999.0 -9999.0 -9999.0 -9999.0 -9999.0 -9999.0 -9999.0 -9999.0 -9999.0 -9999.0 -9999.0 -9999.0 -9999.0 -9999.0 -9999.0 -9999.0 -9999.0 -9999.0 -9999.0 -9999.0 -9999.0 -9999.0 -9999.0 -9999.0 -9999.0 -9999.0 -9999.0 -9999.0 -9999.0 -9999.0 -9999.0 -9999.0 -9999.0 -9999.0 -9999.0 -9999.0 -9999.0 -9999.0 -9999.0 -9999.0 -9999.0 -9999.0 -9999.0 -9999.0 -9999.0 -9999.0 -9999.0 -9999.0
-9999.0 -9999.0 420.937508 324.490422 228.367958 129.931436 28.219189 -74.547204 -167.871002 -225.463376 -313.660754 -355.586722 -375.179434 -384.614478 -326.940532 -189.113415 -41.581234 126.453447 316.372509 273.246880 224.933777 171.632358 112.974434 48.954706 -19.392563 -90.110477 -159.885601 -222.995612 -273.358781 -308.206297 -329.418922 -341.138758 -347.058942 -349.577915 -350.154619 -349.130595 -346.514103 -341.768580 -333.399283 -312.702220 -269.717836 -314.455674 -2987.311107 -4529.619322 -4529.702969 -4529.702969 -4529.702968 -4529.702968 -4529.702968 -4529.702968 -4529.702968 -4529.702968 -4529.702968 -4529.702968 -4529.702968 -4529.702968 -4529.702968 -4529.702968 -4529.702968 -4529.702968 -4529.561238 -2850.562106 -264.715789 -301.128203 -320.640836 -332.925285 -340.977398 -346.234770 -349.645250 -351.864931 -353.301117 -354.228651 -354.828106 -355.213857 -355.462792 -355.624007 -355.729484 -355.799735 -355.845347 -355.870192 -355.899803 -355.935932 -355.973441 -356.031814 -356.119785 -356.257833 -356.475276 -356.815664 -357.352015 -358.196794 -359.526046 -361.611141 -364.868723 -369.926719 -377.708402 -389.523125 -407.135253 -432.769551 -469.119581 -520.457413 -598.449669 -723.859064 -9999.0 -9999.0
-9999.0 -9999.0 420.999720 324.510699 228.374457 129.933684 28.220045 -74.546880 -167.870886 -225.463346 -313.660745 -355.586720 -375.179434 -384.614478 -326.940532 -189.113415 -41.581234 126.453447 316.372509 273.246880 224.933777 171.632358 112.974434 48.954706 -19.392563 -90.110477 -159.885600 -222.995612 -273.358781 -308.206297 -329.418922 -341.138757 -347.058942 -349.577915 -350.154619 -349.130595 -346.514103 -341.768579 -333.399283 -312.702221 -269.717840 -314.455675 -2987.311106 -4529.619322 -4529.702969 -4529.702969 -4529.702968 -4529.702968 -4529.702968 -4529.702968 -4529.702968 -4529.702968 -4529.702968 -4529.702968 -4529.702968 -4529.702968 -4529.702968 -4529.702968 -4529.702968 -4529.702968 -4529.561238 -2850.562106 -264.715788 -301.128203 -320.640836 -332.925286 -340.977397 -346.234770 -349.645250 -351.864931 -353.301117 -354.228651 -354.828106 -355.213857 -355.462792 -355.624007 -355.729485 -355.799735 -355.845347 -355.870193 -355.899803 -355.935933 -355.973441 -356.031814 -356.119785 -356.257833 -356.475276 -356.815664 -357.352015 -358.196794 -359.526046 -361.611141 -364.868723 -369.926719 -377.708402 -389.523125 -407.135253 -432.769551 -469.119581 -520.457413 -598.449669 -723.859064 -9999.0 -9999.0
-9999.0 -9999.0 421.017864 324.520832 228.378962 129.935548 28.220821 -74.546572 -167.870774 -225.463316 -313.660736 -355.586718 -375.179433 -384.614478 -326.940532 -189.113415 -41.581234 126.453447 316.372509 273.246880 224.933777 171.632358 112.974434 48.954707 -19.392563 -90.110477 -159.885600 -222.995612 -273.358781 -308.206297 -329.418922 -341.138757 -347.058942 -349.577915 -350.154619 -349.130594 -346.514103 -341.768580 -333.399282 -312.702221 -269.717842 -314.455674 -2987.311105 -4529.619322 -4529.702969 -4529.702969 -4529.702968 -4529.702968 -4529.702968 -4529.702968 -4529.702968 -4529.702968 -4529.702968 -4529.702968 -4529.702968 -4529.702968 -4529.702968 -4529.702968 -4529.702968 -4529.702968 -4529.561238 -2850.562106 -264.715787 -301.128202 -320.640836 -332.925285 -340.977398 -346.234770 -349.645250 -351.864931 -353.301118 -354.228651 -354.828106 -355.213857 -355.462792 -355.624007 -355.729485 -355.799735 -355.845348 -355.870193 -355.899803 -355.935933 -355.973441 -356.031814 -356.119785 -356.257833 -356.475276 -356.815664 -357.352015 -358.196794 -359.526046 -361.611141 -364.868723 -369.926719 -377.708402 -389.523125 -407.135253 -432.769551 -469.119581 -520.457413 -598.449669 -723.859064 -9999.0 -9999.0
-9999.0 -9999.0 421.017864 324.520832 228.378962 129.935548 28.220821 -74.546572 -167.870774 -225.463316 -313.660736 -355.586718 -375.179433 -384.614478 -326.940532 -189.113415 -41.581234 126.453447 316.372509 273.246880 224.933777 171.632359 112.974434 48.954707 -19.392563 -90.110477 -159.885600 -222.995612 -273.358781 -308.206297 -329.418922 -341.138757 -347.058942 -349.577915 -350.154619 -349.130594 -346.514103 -341.768580 -333.399282 -312.702221 -269.717842 -314.455674 -2987.311105 -4529.619322 -4529.702969 -4529.702969 -4529.702968 -4529.702968 -4529.702968 -4529.702968 -4529.702968 -4529.702968 -4529.702968 -4529.702968 -4529.702968 -4529.702968 -4529.702968 -4529.702968 -4529.702968 -4529.702968 -4529.561238 -2850.562106 -264.715787 -301.128202 -320.640836 -332.925285 -340.977398 -346.234770 -349.645250 -351.864931 -353.301118 -354.228651 -354.828106 -355.213857 -355.462792 -355.624007 -355.729484 -355.799735 -355.845348 -355.870193 -355.899803 -355.935933 -355.973441 -356.031814 -356.119785 -356.257833 -356.475276 -356.815664 -357.352015 -358.196794 -359.526046 -361.611141 -364.868723 -369.926719 -377.708402 -389.523125 -407.135253 -432.769551 -469.119581 -520.457413 -598.449669 -723.859064 -9999.0 -9999.0
-9999.0 -9999.0 420.999720 324.510699 228.374457 129.933684 28.220045 -74.546880 -167.870886 -225.463346 -313.660745 -355.586720 -375.179434 -384.614478 -326.940532 -189.113415 -41.581234 126.453447 316.372509 273.246880 224.933777 171.632358 112.974434 48.954706 -19.392563 -90.110477 -159.885600 -222.995612 -273.358781 -308.206297 -329.418922 -341.138757 -347.058942 -349.577915 -350.154619 -349.130595 -346.514103 -341.768579 -333.399283 -312.702221 -269.717840 -314.455675 -2987.311106 -4529.619322 -4529.702969 -4529.702969 -4529.702968 -4529.702968 -4529.702968 -4529.702968 -4529.702968 -4529.702968 -4529.702968 -4529.702968 -4529.702968 -4529.702968 -4529.702968 -4529.702968 -4529.702968 -4529.702968 -4529.561238 -2850.562106 -264.715788 -301.128203 -320.640836 -332.925286 -340.977397 -346.234770 -349.645250 -351.864931 -353.301117 -354.228651 -354.828106 -355.213857 -355.462792 -355.624007 -355.729485 -355.799735 -355.845347 -355.870193 -355.899803 -355.935933 -355.973441 -356.031814 -356.119785 -356.257833 -356.475276 -356.815664 -357.352015 -358.196794 -359.526046 -361.611141 -364.868723 -369.926719 -377.708402 -389.523125 -407.135253 -432.769551 -469.119581 -520.457413 -598.449669 -723.859064 -9999.0 -9999.0
-9999.0 -9999.0 420.937508 324.490422 228.367958 129.931436 28.219189 -74.547204 -167.871002 -225.463376 -313.660754 -355.586722 -375.179434 -384.614478 -326.940532 -189.113415 -41.581234 126.453447 316.372509 273.246880 224.933777 171.632358 112.974434 48.954706 -19.392564 -90.110477 -159.885601 -222.995612 -273.358781 -308.206297 -329.418922 -341.138758 -347.058942 -349.577915 -350.154619 -349.130595 -346.514103 -341.768580 -333.399283 -312.702220 -269.717835 -314.455674 -2987.311107 -4529.619322 -4529.702969 -4529.702969 -4529.702968 -4529.702968 -4529.702968 -4529.702968 -4529.702968 -4529.702968 -4529.702968 -4529.702968 -4529.702968 -4529.702968 -4529.702968 -4529.702968 -4529.702968 -4529.702968 -4529.561238 -2850.562106 -264.715789 -301.128203 -320.640836 -332.925285 -340.977398 -346.234770 -349.645250 -351.864931 -353.301117 -354.228651 -354.828106 -355.213857 -355.462792 -355.624007 -355.729484 -355.799735 -355.845347 -355.870192 -355.899803 -355.935933 -355.973441 -356.031814 -356.119785 -356.257833 -356.475276 -356.815664 -357.352015 -358.196794 -359.526046 -361.611141 -364.868723 -369.926719 -377.708402 -389.523125 -407.135253 -432.769551 -469.119581 -520.457413 -598.449669 -723.859064 -9999.0 -9999.0
-9999.0 -9999.0 -9999.0 -9999.0 -9999.0 -9999.0 -9999.0 -9999.0 -9999.0 -9999.0 -9999.0 -9999.0 -9999.0 -9999.0 -9999.0 -9999.0 -9999.0 -9999.0 -9999.0 -9999.0 -9999.0 -9999.0 -9999.0 -9999.0 -9999.0 -9999.0 -9999.0 -9999.0 -9999.0 -9999.0 -9999.0 -9999.0 -9999.0 -9999.0 -9999.0 -9999.0 -9999.0 -9999.0 -9999.0 -9999.0 -9999.0 -9999.0 -9999.0 -9999.0 -9999.0 -9999.0 -9999.0 -9999.0 -9999.0 -9999.0 -9999.0 -9999.0 -9999.0 -9999.0 -9999.0 -9999.0 -9999.0 -9999.0 -9999.0 -9999.0 -9999.0 -9999.0 -9999.0 -9999.0 -9999.0 -9999.0 -9999.0 -9999.0 -9999.0 -9999.0 -9999.0 -9999.0 -9999.0 -9999.0 -9999.0 -9999.0 -9999.0 -9999.0 -9999.0 -9999.0 -9999.0 -9999.0 -9999.0 -9999.0 -9999.0 -9999.0 -9999.0 -9999.0 -9999.0 -9999.0 -9999.0 -9999.0 -9999.0 -9999.0 -9999.0 -9999.0 -9999.0 -9999.0 -9999.0 -9999.0 -9999.0 -9999.0 -9999.0 -9999.0
-9999.0 -9999.0 -9999.0 -9999.0 -9999.0 -9999.0 -9999.0 -9999.0 -9999.0 -9999.0 -9999.0 -9999.0 -9999.0 -9999.0 -9999.0 -9999.0 -9999.0 -9999.0 -9999.0 -9999.0 -9999.0 -9999.0 -9999.0 -9999.0 -9999.0 -9999.0 -9999.0 -9999.0 -9999.0 -9999.0 -9999.0 -9999.0 -9999.0 -9999.0 -9999.0 -9999.0 -9999.0 -9999.0 -9999.0 -9999.0 -9999.0 -9999.0 -9999.0 -9999.0 -9999.0 -9999.0 -9999.0 -9999.0 -9999.0 -9999.0 -9999.0 -9999.0 -9999.0 -9999.0 -9999.0 -9999.0 -9999.0 -9999.0 -9999.0 -9999.0 -9999.0 -9999.0 -9999.0 -9999.0 -9999.0 -9999.0 -9999.0 -9999.0 -9999.0 -9999.0 -9999.0 -9999.0 -9999.0 -9999.0 -9999.0 -9999.0 -9999.0 -9999.0 -9999.0 -9999.0 -9999.0 -9999.0 -9999.0 -9999.0 -9999.0 -9999.0 -9999.0 -9999.0 -9999.0 -9999.0 -9999.0 -9999.0 -9999.0 -9999.0 -9999.0 -9999.0 -9999.0 -9999.0 -9999.0 -9999.0 -9999.0 -9999.0 -9999.0 -9999.0