tests/3D/superslab/out/maps3D/PwL0071N0002.asc
ncols         104
nrows         10
xllcorner     -2.000000
yllcorner     0.000000
cellsize      1.000000
NODATA_value  -9999.0
-9999.0 -9999.0 -9999.0 -9999.0 -9999.0 -9999.0 -9999.0 -9999.0 -9999.0 -9999.0 -9999.0 -9999.0 -9999.0 -9999.0 -9999.0 -9999.0 -9999.0 -9999.0 -9999.0 -9999.0 -9999.0 -9999.0 -9999.0 -9999.0 -9999.0 -9999.0 -9999.0 -9999.0 -9999.0 -9999.0 -9999.0 -9999.0 -9999.0 -9999.0 -9999.0 -9999.0 -9999.0 -9999.0 -9999.0 -9999.0 -9999.0 -9999.0 -9999.0 -9999.0 -9999.0 -9999.0 -9999.0 -9999.0 -9999.0 -9999.0 -9999.0 -9999.0 -9999.0 -9999.0 -9999.0 -9999.0 -9999.0 -9999.0 -9999.0 -9999.0 -9999.0 -9999.0 -9999.0 -9999.0 -9999.0 -9999.0 -9999.0 -9999.0 -9999.0 -9999.0 -9999.0 -9999.0 -9999.0 -9999.0 -9999.0 -9999.0 -9999.0 -9999.0 -9999.0 -9999.0 -9999.0 -9999.0 -9999.0 -9999.0 -9999.0 -9999.0 -9999.0 -9999.0 -9999.0 -9999.0 -9999.0 -9999.0 -9999.0 -9999.0 -9999.0 -9999.0 -9999.0 -9999.0 -9999.0 -9999.0 -9999.0 -9999.0 -9999.0 -9999.0
-9999.0 -9999.0 -9999.0 -9999.0 -9999.0 -9999.0 -9999.0 -9999.0 -9999.0 -9999.0 -9999.0 -9999.0 -9999.0 -9999.0 -9999.0 -9999.0 -9999.0 -9999.0 -9999.0 -9999.0 -9999.0 -9999.0 -9999.0 -9999.0 -9999.0 -9999.0 -9999.0 -9999.0 -9999.0 -9999.0 -9999.0 -9999.0 -9999.0 -9999.0 -9999.0 -9999.0 -9999.0 -9999.0 -9999.0 -9999.0 -9999.0 -9999.0 -9999.0 -9999.0 -9999.0 -9999.0 -9999.0 -9999.0 -9999.0 -9999.0 -9999.0 -9999.0 -9999.0 -9999.0 -9999.0 -9999.0 -9999.0 -9999.0 -9999.0 -9999.0 -9999.0 -9999.0 -9999.0 -9999.0 -9999.0 -9999.0 -9999.0 -9999.0 -9999.0 -9999.0 -9999.0 -9999.0 -9999.0 -9999.0 -9999.0 -9999.0 -9999.0 -9999.0 -9999.0 -9999.0 -9999.0 -9999.0 -9999.0 -9999.0 -9999.0 -9999.0 -9999.0 -9999.0 -9999.0 -9999.0 -9999.0 -9999.0 -9999.0 -9999.0 -9999.0 -9999.0 -9999.0 -9999.0 -9999.0 -9999.0 -9999.0 -9999.0 -9999.0 -9999.0
-9999.0 -9999.0 -1452.549024 -1458.608033 -1459.834250 -1460.212188 -1460.334687 -1460.375298 -1460.388993 -1460.393644 -1460.395226 -1460.395763 -1460.395946 -1460.396008 -1460.396029 -1460.396036 -1460.396038 -1460.396039 -1460.396039 -1460.396040 -1460.396040 -1460.396040 -1460.396040 -1460.396040 -1460.396040 -1460.396040 -1460.396040 -1460.396040 -1460.396040 -1460.396040 -1460.396040 -1460.396040 -1460.396040 -1460.396040 -1460.396040 -1460.396040 -1460.396040 -1460.396038 -1460.396016 -1460.395736 -1460.393154 -1460.375972 -1460.294062 -1460.013681 -1459.305989 -1459.914487 -1460.138195 -1460.346509 -1460.691685 -1460.718468 -1460.597221 -1460.707185 -1460.402560 -1460.396124 -1460.396041 -1460.396040 -1460.396040 -1460.396040 -1460.396040 -1460.396040 -1460.396040 -1460.396040 -1460.396040 -1460.396040 -1460.396040 -1460.396040 -1460.396040 -1460.396040 -1460.396040 -1460.396040 -1460.396040 -1460.396040 -1460.396040 -1460.396040 -1460.396040 -1460.396041 -1460.396043 -1460.396045 -1460.396049 -1460.396057 -1460.396070 -1460.396093 -1460.396131 -1460.396195 -1460.396299 -1460.396467 -1460.396735 -1460.397155 -1460.397805 -1460.398801 -1460.400305 -1460.402554 -1460.405883 -1460.410768 -1460.417885 -1460.428203 -1460.443129 -1460.464761 -1460.496378 -1460.543945 -1460.651188 -1462.887467 -9999.0 -9999.0
-9999.0 -9999.0 -1452.549024 -1458.608033 -1459.834250 -1460.212188 -1460.334687 -1460.375298 -1460.388993 -1460.393644 -1460.395226 -1460.395763 -1460.395946 -1460.396008 -1460.396029 -1460.396036 -1460.396038 -1460.396039 -1460.396039 -1460.396040 -1460.396040 -1460.396040 -1460.396040 -1460.396040 -1460.396040 -1460.396040 -1460.396040 -1460.396040 -1460.396040 -1460.396040 -1460.396040 -1460.396040 -1460.396040 -1460.396040 -1460.396040 -1460.396040 -1460.396040 -1460.396038 -1460.396016 -1460.395736 -1460.393154 -1460.375972 -1460.294062 -1460.013681 -1459.305989 -1459.914487 -1460.138195 -1460.346509 -1460.691685 -1460.718468 -1460.597221 -1460.707185 -1460.402560 -1460.396124 -1460.396041 -1460.396040 -1460.396040 -1460.396040 -1460.396040 -1460.396040 -1460.396040 -1460.396040 -1460.396040 -1460.396040 -1460.396040 -1460.396040 -1460.396040 -1460.396040 -1460.396040 -1460.396040 -1460.396040 -1460.396040 -1460.396040 -1460.396040 -1460.396040 -1460.396041 -1460.396043 -1460.396045 -1460.396049 -1460.396057 -1460.396070 -1460.396093 -1460.396131 -1460.396195 -1460.396299 -1460.396467 -1460.396735 -1460.397155 -1460.397805 -1460.398801 -1460.400305 -1460.402554 -1460.405883 -1460.410768 -1460.417885 -1460.428203 -1460.443129 -1460.464761 -1460.496378 -1460.543945 -1460.651188 -1462.887467 -9999.0 -9999.0
-9999.0 -9999.0 -1452.549024 -1458.608033 -1459.834250 -1460.212188 -1460.334687 -1460.375298 -1460.388993 -1460.393644 -1460.395226 -1460.395763 -1460.395946 -1460.396008 -1460.396029 -1460.396036 -1460.396038 -1460.396039 -1460.396039 -1460.396040 -1460.396040 -1460.396040 -1460.396040 -1460.396040 -1460.396040 -1460.396040 -1460.396040 -1460.396040 -1460.396040 -1460.396040 -1460.396040 -1460.396040 -1460.396040 -1460.396040 -1460.396040 -1460.396040 -1460.396040 -1460.396038 -1460.396016 -1460.395736 -1460.393154 -1460.375972 -1460.294062 -1460.013681 -1459.305989 -1459.914487 -1460.138195 -1460.346509 -1460.691685 -1460.718468 -1460.597221 -1460.707185 -1460.402560 -1460.396124 -1460.396041 -1460.396040 -1460.396040 -1460.396040 -1460.396040 -1460.396040 -1460.396040 -1460.396040 -1460.396040 -1460.396040 -1460.396040 -1460.396040 -1460.396040 -1460.396040 -1460.396040 -1460.396040 -1460.396040 -1460.396040 -1460.396040 -1460.396040 -1460.396040 -1460.396041 -1460.396043 -1460.396045 -1460.396049 -1460.396057 -1460.396070 -1460.396093 -1460.396131 -1460.396195 -1460.396299 -1460.396467 -1460.396735 -1460.397155 -1460.397805 -1460.398801 -1460.400305 -1460.402554 -1460.405883 -1460.410768 -1460.417885 -1460.428203 -1460.443129 -1460.464761 -1460.496378 -1460.543945 -1460.651188 -1462.887467 -9999.0 -9999.0
-9999.0 -9999.0 -1452.549024 -1458.608033 -1459.834250 -1460.212188 -1460.334687 -1460.375298 -1460.388993 -1460.393644 -1460.395226 -1460.395763 -1460.395946 -1460.396008 -1460.396029 -1460.396036 -1460.396038 -1460.396039 -1460.396039 -1460.396040 -1460.396040 -1460.396040 -1460.396040 -1460.396040 -1460.396040 -1460.396040 -1460.396040 -1460.396040 -1460.396040 -1460.396040 -1460.396040 -1460.396040 -1460.396040 -1460.396040 -1460.396040 -1460.396040 -1460.396040 -1460.396038 -1460.396016 -1460.395736 -1460.393154 -1460.375972 -1460.294062 -1460.013681 -1459.305989 -1459.914487 -1460.138195 -1460.346509 -1460.691685 -1460.718468 -1460.597221 -1460.707185 -1460.402560 -1460.396124 -1460.396041 -1460.396040 -1460.396040 -1460.396040 -1460.396040 -1460.396040 -1460.396040 -1460.396040 -1460.396040 -1460.396040 -1460.396040 -1460.396040 -1460.396040 -1460.396040 -1460.396040 -1460.396040 -1460.396040 -1460.396040 -1460.396040 -1460.396040 -1460.396040 -1460.396041 -1460.396043 -1460.396045 -1460.396049 -1460.396057 -1460.396070 -1460.396093 -1460.396131 -1460.396195 -1460.396299 -1460.396467 -1460.396735 -1460.397155 -1460.397805 -1460.398801 -1460.400305 -1460.402554 -1460.405883 -1460.410768 -1460.417885 -1460.428203 -1460.443129 -1460.464761 -1460.496378 -1460.543945 -1460.651188 -1462.887467 -9999.0 -9999.0
-9999.0 -9999.0 -1452.549024 -1458.608033 -1459.834250 -1460.212188 -1460.334687 -1460.375298 -1460.388993 -1460.393644 -1460.395226 -1460.395763 -1460.395946 -1460.396008 -1460.396029 -1460.396036 -1460.396038 -1460.396039 -1460.396039 -1460.396040 -1460.396040 -1460.396040 -1460.396040 -1460.396040 -1460.396040 -1460.396040 -1460.396040 -1460.396040 -1460.396040 -1460.396040 -1460.396040 -1460.396040 -1460.396040 -1460.396040 -1460.396040 -1460.396040 -1460.396040 -1460.396038 -1460.396016 -1460.395736 -1460.393154 -1460.375972 -1460.294062 -1460.013681 -1459.305989 -1459.914487 -1460.138195 -1460.346509 -1460.691685 -1460.718468 -1460.597221 -1460.707185 -1460.402560 -1460.396124 -1460.396041 -1460.396040 -1460.396040 -1460.396040 -1460.396040 -1460.396040 -1460.396040 -1460.396040 -1460.396040 -1460.396040 -1460.396040 -1460.396040 -1460.396040 -1460.396040 -1460.396040 -1460.396040 -1460.396040 -1460.396040 -1460.396040 -1460.396040 -1460.396040 -1460.396041 -1460.396043 -1460.396045 -1460.396049 -1460.396057 -1460.396070 -1460.396093 -1460.396131 -1460.396195 -1460.396299 -1460.396467 -1460.396735 -1460.397155 -1460.397805 -1460.398801 -1460.400305 -1460.402554 -1460.405883 -1460.410768 -1460.417885 -1460.428203 -1460.443129 -1460.464761 -1460.496378 -1460.543945 -1460.651188 -1462.887467 -9999.0 -9999.0
-9999.0 -9999.0 -1452.549024 -1458.608033 -1459.834250 -1460.212188 -1460.334687 -1460.375298 -1460.388993 -1460.393644 -1460.395226 -1460.395763 -1460.395946 -1460.396008 -1460.396029 -1460.396036 -1460.396038 -1460.396039 -1460.396039 -1460.396040 -1460.396040 -1460.396040 -1460.396040 -1460.396040 -1460.396040 -1460.396040 -1460.396040 -1460.396040 -1460.396040 -1460.396040 -1460.396040 -1460.396040 -1460.396040 -1460.396040 -1460.396040 -1460.396040 -1460.396040 -1460.396038 -1460.396016 -1460.395736 -1460.393154 -1460.375972 -1460.294062 -1460.013681 -1459.305989 -1459.914487 -1460.138195 -1460.346509 -1460.691685 -1460.718468 -1460.597221 -1460.707185 -1460.402560 -1460.396124 -1460.396041 -1460.396040 -1460.396040 -1460.396040 -1460.396040 -1460.396040 -1460.396040 -1460.396040 -1460.396040 -1460.396040 -1460.396040 -1460.396040 -1460.396040 -1460.396040 -1460.396040 -1460.396040 -1460.396040 -1460.396040 -1460.396040 -1460.396040 -1460.396040 -1460.396041 -1460.396043 -1460.396045 -1460.396049 -1460.396057 -1460.396070 -1460.396093 -1460.396131 -1460.396195 -1460.396299 -1460.396467 -1460.396735 -1460.397155 -1460.397805 -1460.398801 -1460.400305 -1460.402554 -1460.405883 -1460.410768 -1460.417885 -1460.428203 -1460.443129 -1460.464761 -1460.496378 -1460.543945 -1460.651188 -1462.887467 -9999.0 -9999.0
-9999.0 -9999.0 -9999.0 -9999.0 -9999.0 -9999.0 -9999.0 -9999.0 -9999.0 -9999.0 -9999.0 -9999.0 -9999.0 -9999.0 -9999.0 -9999.0 -9999.0 -9999.0 -9999.0 -9999.0 -9999.0 -9999.0 -9999.0 -9999.0 -9999.0 -9999.0 -9999.0 -9999.0 -9999.0 -9999.0 -9999.0 -9999.0 -9999.0 -9999.0 -9999.0 -9999.0 -9999.0 -9999.0 -9999.0 -9999.0 -9999.0 -9999.0 -9999.0 -9999.0 -9999.0 -9999.0 -9999.0 -9999.0 -9999.0 -9999.0 -9999.0 -9999.0 -9999.0 -9999.0 -9999.0 -9999.0 -9999.0 -9999.0 -9999.0 -9999.0 -9999.0 -9999.0 -9999.0 -9999.0 -9999.0 -9999.0 -9999.0 -9999.0 -9999.0 -9999.0 -9999.0 -9999.0 -9999.0 -9999.0 -9999.0 -9999.0 -9999.0 -9999.0 -9999.0 -9999.0 -9999.0 -9999.0 -9999.0 -9999.0 -9999.0 -9999.0 -9999.0 -9999.0 -9999.0 -9999.0 -9999.0 -9999.0 -9999.0 -9999.0 -9999.0 -9999.0 -9999.0 -9999.0 -9999.0 -9999.0 -9999.0 -9999.0 -9999.0 -9999.0
-9999.0 -9999.0 -9999.0 -9999.0 -9999.0 -9999.0 -9999.0 -9999.0 -9999.0 -9999.0 -9999.0 -9999.0 -9999.0 -9999.0 -9999.0 -9999.0 -9999.0 -9999.0 -9999.0 -9999.0 -9999.0 -9999.0 -9999.0 -9999.0 -9999.0 -9999.0 -9999.0 -9999.0 -9999.0 -9999.0 -9999.0 -9999.0 -9999.0 -9999.0 -9999.0 -9999.0 -9999.0 -9999.0 -9999.0 -9999.0 -9999.0 -9999.0 -9999.0 -9999.0 -9999.0 -9999.0 -9999.0 -9999.0 -9999.0 -9999.0 -9999.0 -9999.0 -9999.0 -9999.0 -9999.0 -9999.0 -9999.0 -9999.0 -9999.0 -9999.0 -9999.0 -9999.0 -9999.0 -9999.0 -9999.0 -9999.0 -9999.0 -9999.0 -9999.0 -9999.0 -9999.0 -9999.0 -9999.0 -9999.0 -9999.0 -9999.0 -9999.0 -9999.0 -9999.0 -9999.0 -9999.0 -9999.0 -9999.0 -9999.0 -9999.0 -9999.0 -9999.0 -9999.0 -9999.0 -9999.0 -9999.0 -9999.0 -9999.0 -9999.0 -9999.0 -9999.0 -9999.0 -9999.0 -9999.0 -9999.0 -9999.0 -9999.0 -9999.0 -9999.0