tests/3D/superslab/out/maps3D/PwL0033N0004.asc
ncols         104
nrows         10
xllcorner     -2.000000
yllcorner     0.000000
cellsize      1.000000
NODATA_value  -9999.0
-9999.0 -9999.0 -9999.0 -9999.0 -9999.0 -9999.0 -9999.0 -9999.0 -9999.0 -9999.0 -9999.0 -9999.0 -9999.0 -9999.0 -9999.0 -9999.0 -9999.0 -9999.0 -9999.0 -9999.0 -9999.0 -9999.0 -9999.0 -9999.0 -9999.0 -9999.0 -9999.0 -9999.0 -9999.0 -9999.0 -9999.0 -9999.0 -9999.0 -9999.0 -9999.0 -9999.0 -9999.0 -9999.0 -9999.0 -9999.0 -9999.0 -9999.0 -9999.0 -9999.0 -9999.0 -9999.0 -9999.0 -9999.0 -9999.0 -9999.0 -9999.0 -9999.0 -9999.0 -9999.0 -9999.0 -9999.0 -9999.0 -9999.0 -9999.0 -9999.0 -9999.0 -9999.0 -9999.0 -9999.0 -9999.0 -9999.0 -9999.0 -9999.0 -9999.0 -9999.0 -9999.0 -9999.0 -9999.0 -9999.0 -9999.0 -9999.0 -9999.0 -9999.0 -9999.0 -9999.0 -9999.0 -9999.0 -9999.0 -9999.0 -9999.0 -9999.0 -9999.0 -9999.0 -9999.0 -9999.0 -9999.0 -9999.0 -9999.0 -9999.0 -9999.0 -9999.0 -9999.0 -9999.0 -9999.0 -9999.0 -9999.0 -9999.0 -9999.0 -9999.0
-9999.0 -9999.0 -9999.0 -9999.0 -9999.0 -9999.0 -9999.0 -9999.0 -9999.0 -9999.0 -9999.0 -9999.0 -9999.0 -9999.0 -9999.0 -9999.0 -9999.0 -9999.0 -9999.0 -9999.0 -9999.0 -9999.0 -9999.0 -9999.0 -9999.0 -9999.0 -9999.0 -9999.0 -9999.0 -9999.0 -9999.0 -9999.0 -9999.0 -9999.0 -9999.0 -9999.0 -9999.0 -9999.0 -9999.0 -9999.0 -9999.0 -9999.0 -9999.0 -9999.0 -9999.0 -9999.0 -9999.0 -9999.0 -9999.0 -9999.0 -9999.0 -9999.0 -9999.0 -9999.0 -9999.0 -9999.0 -9999.0 -9999.0 -9999.0 -9999.0 -9999.0 -9999.0 -9999.0 -9999.0 -9999.0 -9999.0 -9999.0 -9999.0 -9999.0 -9999.0 -9999.0 -9999.0 -9999.0 -9999.0 -9999.0 -9999.0 -9999.0 -9999.0 -9999.0 -9999.0 -9999.0 -9999.0 -9999.0 -9999.0 -9999.0 -9999.0 -9999.0 -9999.0 -9999.0 -9999.0 -9999.0 -9999.0 -9999.0 -9999.0 -9999.0 -9999.0 -9999.0 -9999.0 -9999.0 -9999.0 -9999.0 -9999.0 -9999.0 -9999.0
-9999.0 -9999.0 1600.758826 1502.465087 1404.405807 1304.945649 1203.154200 1098.833954 991.720643 880.786985 764.818480 648.587464 534.160162 422.686878 314.796457 212.361972 117.695712 30.982196 -45.504085 -109.823104 -160.914322 -199.549178 -228.226460 -251.112889 -268.594647 -283.891452 -167.979115 62.654681 288.627460 505.337131 703.681882 623.116537 541.886196 460.023295 377.330252 297.800321 221.034444 146.557057 72.591429 -4.580484 -92.314265 -196.284876 -309.261505 -459.494991 -1171.571415 -3297.169707 -3341.573903 -3341.584156 -3341.584158 -3341.584158 -3341.584011 -3341.571622 -3341.246701 -3333.276692 -3146.436037 313.053053 368.550907 428.997896 493.160891 560.199337 629.514853 700.627379 771.759869 756.725922 726.054073 689.834490 650.237677 608.176593 564.259314 518.966879 472.706019 425.841280 378.710423 331.632133 284.907607 238.814962 193.594596 149.423357 106.462921 65.127256 25.560425 -12.314339 -48.855444 -83.576612 -116.223772 -147.519846 -176.848417 -204.129465 -230.232824 -253.276282 -274.401972 -293.053362 -309.125971 -323.974435 -340.653595 -363.218192 -400.867166 -468.984535 -1170.196076 -3327.524513 -3341.582461 -3342.080937 -9999.0 -9999.0
-9999.0 -9999.0 1600.775348 1502.474433 1404.410045 1304.947410 1203.154914 1098.834241 991.720760 880.787033 764.818499 648.587472 534.160166 422.686879 314.796458 212.361972 117.695712 30.982196 -45.504085 -109.823104 -160.914322 -199.549178 -228.226460 -251.112889 -268.594647 -283.891452 -167.979115 62.654681 288.627461 505.337131 703.681882 623.116537 541.886196 460.023295 377.330252 297.800321 221.034444 146.557057 72.591429 -4.580484 -92.314265 -196.284875 -309.261505 -459.494992 -1171.571416 -3297.169707 -3341.573903 -3341.584156 -3341.584158 -3341.584158 -3341.584011 -3341.571622 -3341.246701 -3333.276692 -3146.436037 313.053053 368.550912 428.997896 493.160895 560.199338 629.514857 700.627379 771.759872 756.725923 726.054075 689.834490 650.237679 608.176593 564.259315 518.966879 472.706019 425.841280 378.710424 331.632133 284.907607 238.814962 193.594596 149.423357 106.462921 65.127256 25.560425 -12.314339 -48.855443 -83.576611 -116.223772 -147.519846 -176.848417 -204.129465 -230.232824 -253.276282 -274.401972 -293.053362 -309.125971 -323.974435 -340.653595 -363.218192 -400.867166 -468.984535 -1170.196068 -3327.524512 -3341.582461 -3342.080937 -9999.0 -9999.0
-9999.0 -9999.0 1600.786007 1502.481239 1404.413494 1304.948965 1203.155577 1098.834517 991.720874 880.787080 764.818519 648.587481 534.160169 422.686881 314.796459 212.361972 117.695712 30.982196 -45.504085 -109.823104 -160.914322 -199.549178 -228.226460 -251.112888 -268.594647 -283.891452 -167.979115 62.654681 288.627461 505.337131 703.681882 623.116537 541.886196 460.023295 377.330252 297.800321 221.034444 146.557057 72.591429 -4.580485 -92.314265 -196.284875 -309.261505 -459.494992 -1171.571413 -3297.169706 -3341.573903 -3341.584156 -3341.584158 -3341.584158 -3341.584011 -3341.571622 -3341.246701 -3333.276692 -3146.436037 313.053056 368.550912 428.997899 493.160895 560.199340 629.514857 700.627381 771.759872 756.725924 726.054075 689.834491 650.237679 608.176593 564.259315 518.966879 472.706019 425.841280 378.710424 331.632133 284.907607 238.814962 193.594596 149.423357 106.462921 65.127256 25.560425 -12.314339 -48.855443 -83.576611 -116.223772 -147.519846 -176.848417 -204.129465 -230.232824 -253.276282 -274.401972 -293.053362 -309.125971 -323.974435 -340.653595 -363.218192 -400.867166 -468.984535 -1170.196063 -3327.524512 -3341.582461 -3342.080937 -9999.0 -9999.0
-9999.0 -9999.0 1600.786007 1502.481239 1404.413494 1304.948965 1203.155577 1098.834517 991.720874 880.787080 764.818519 648.587481 534.160169 422.686881 314.796459 212.361972 117.695712 30.982196 -45.504085 -109.823104 -160.914322 -199.549178 -228.226460 -251.112888 -268.594647 -283.891452 -167.979115 62.654681 288.627461 505.337131 703.681882 623.116537 541.886196 460.023295 377.330252 297.800321 221.034444 146.557057 72.591429 -4.580485 -92.314265 -196.284875 -309.261505 -459.494992 -1171.571413 -3297.169706 -3341.573903 -3341.584156 -3341.584158 -3341.584158 -3341.584011 -3341.571622 -3341.246701 -3333.276692 -3146.436037 313.053055 368.550912 428.997898 493.160895 560.199340 629.514857 700.627381 771.759872 756.725924 726.054075 689.834491 650.237679 608.176593 564.259315 518.966879 472.706019 425.841280 378.710424 331.632133 284.907607 238.814962 193.594596 149.423357 106.462921 65.127256 25.560425 -12.314339 -48.855443 -83.576611 -116.223772 -147.519846 -176.848417 -204.129465 -230.232824 -253.276282 -274.401972 -293.053362 -309.125971 -323.974435 -340.653595 -363.218192 -400.867166 -468.984535 -1170.196062 -3327.524512 -3341.582461 -3342.080937 -9999.0 -9999.0
-9999.0 -9999.0 1600.775348 1502.474433 1404.410045 1304.947410 1203.154914 1098.834241 991.720760 880.787033 764.818499 648.587472 534.160166 422.686879 314.796458 212.361972 117.695712 30.982196 -45.504085 -109.823104 -160.914322 -199.549178 -228.226460 -251.112889 -268.594647 -283.891452 -167.979115 62.654681 288.627461 505.337131 703.681882 623.116537 541.886196 460.023295 377.330252 297.800321 221.034444 146.557057 72.591429 -4.580484 -92.314265 -196.284875 -309.261505 -459.494992 -1171.571416 -3297.169707 -3341.573903 -3341.584156 -3341.584158 -3341.584158 -3341.584011 -3341.571622 -3341.246701 -3333.276692 -3146.436037 313.053054 368.550911 428.997897 493.160895 560.199338 629.514857 700.627379 771.759871 756.725923 726.054075 689.834491 650.237679 608.176593 564.259315 518.966879 472.706019 425.841280 378.710424 331.632133 284.907607 238.814962 193.594596 149.423357 106.462921 65.127256 25.560425 -12.314339 -48.855443 -83.576611 -116.223772 -147.519846 -176.848417 -204.129465 -230.232824 -253.276282 -274.401972 -293.053362 -309.125971 -323.974435 -340.653595 -363.218192 -400.867166 -468.984535 -1170.196069 -3327.524512 -3341.582461 -3342.080937 -9999.0 -9999.0
-9999.0 -9999.0 1600.758826 1502.465087 1404.405807 1304.945649 1203.154200 1098.833954 991.720643 880.786985 764.818480 648.587464 534.160162 422.686878 314.796457 212.361972 117.695712 30.982196 -45.504085 -109.823104 -160.914322 -199.549178 -228.226460 -251.112889 -268.594647 -283.891452 -167.979115 62.654681 288.627460 505.337131 703.681882 623.116537 541.886196 460.023295 377.330252 297.800321 221.034444 146.557057 72.591429 -4.580484 -92.314265 -196.284876 -309.261505 -459.494991 -1171.571415 -3297.169707 -3341.573903 -3341.584156 -3341.584158 -3341.584158 -3341.584011 -3341.571622 -3341.246701 -3333.276692 -3146.436037 313.053053 368.550908 428.997895 493.160891 560.199337 629.514853 700.627379 771.759869 756.725922 726.054074 689.834490 650.237677 608.176593 564.259314 518.966879 472.706019 425.841280 378.710423 331.632133 284.907607 238.814962 193.594596 149.423357 106.462921 65.127256 25.560425 -12.314339 -48.855444 -83.576612 -116.223772 -147.519846 -176.848417 -204.129465 -230.232824 -253.276282 -274.401972 -293.053362 -309.125971 -323.974435 -340.653595 -363.218192 -400.867166 -468.984535 -1170.196075 -3327.524513 -3341.582461 -3342.080937 -9999.0 -9999.0
-9999.0 -9999.0 -9999.0 -9999.0 -9999.0 -9999.0 -9999.0 -9999.0 -9999.0 -9999.0 -9999.0 -9999.0 -9999.0 -9999.0 -9999.0 -9999.0 -9999.0 -9999.0 -9999.0 -9999.0 -9999.0 -9999.0 -9999.0 -9999.0 -9999.0 -9999.0 -9999.0 -9999.0 -9999.0 -9999.0 -9999.0 -9999.0 -9999.0 -9999.0 -9999.0 -9999.0 -9999.0 -9999.0 -9999.0 -9999.0 -9999.0 -9999.0 -9999.0 -9999.0 -9999.0 -9999.0 -9999.0 -9999.0 -9999.0 -9999.0 -9999.0 -9999.0 -9999.0 -9999.0 -9999.0 -9999.0 -9999.0 -9999.0 -9999.0 -9999.0 -9999.0 -9999.0 -9999.0 -9999.0 -9999.0 -9999.0 -9999.0 -9999.0 -9999.0 -9999.0 -9999.0 -9999.0 -9999.0 -9999.0 -9999.0 -9999.0 -9999.0 -9999.0 -9999.0 -9999.0 -9999.0 -9999.0 -9999.0 -9999.0 -9999.0 -9999.0 -9999.0 -9999.0 -9999.0 -9999.0 -9999.0 -9999.0 -9999.0 -9999.0 -9999.0 -9999.0 -9999.0 -9999.0 -9999.0 -9999.0 -9999.0 -9999.0 -9999.0 -9999.0
-9999.0 -9999.0 -9999.0 -9999.0 -9999.0 -9999.0 -9999.0 -9999.0 -9999.0 -9999.0 -9999.0 -9999.0 -9999.0 -9999.0 -9999.0 -9999.0 -9999.0 -9999.0 -9999.0 -9999.0 -9999.0 -9999.0 -9999.0 -9999.0 -9999.0 -9999.0 -9999.0 -9999.0 -9999.0 -9999.0 -9999.0 -9999.0 -9999.0 -9999.0 -9999.0 -9999.0 -9999.0 -9999.0 -9999.0 -9999.0 -9999.0 -9999.0 -9999.0 -9999.0 -9999.0 -9999.0 -9999.0 -9999.0 -9999.0 -9999.0 -9999.0 -9999.0 -9999.0 -9999.0 -9999.0 -9999.0 -9999.0 -9999.0 -9999.0 -9999.0 -9999.0 -9999.0 -9999.0 -9999.0 -9999.0 -9999.0 -9999.0 -9999.0 -9999.0 -9999.0 -9999.0 -9999.0 -9999.0 -9999.0 -9999.0 -9999.0 -9999.0 -9999.0 -9999.0 -9999.0 -9999.0 -9999.0 -9999.0 -9999.0 -9999.0 -9999.0 -9999.0 -9999.0 -9999.0 -9999.0 -9999.0 -9999.0 -9999.0 -9999.0 -9999.0 -9999.0 -9999.0 -9999.0 -9999.0 -9999.0 -9999.0 -9999.0 -9999.0 -9999.0