tests/3D/superslab/out/maps3D/PwL0006N0006.asc
ncols         104
nrows         10
xllcorner     -2.000000
yllcorner     0.000000
cellsize      1.000000
NODATA_value  -9999.0
-9999.0 -9999.0 -9999.0 -9999.0 -9999.0 -9999.0 -9999.0 -9999.0 -9999.0 -9999.0 -9999.0 -9999.0 -9999.0 -9999.0 -9999.0 -9999.0 -9999.0 -9999.0 -9999.0 -9999.0 -9999.0 -9999.0 -9999.0 -9999.0 -9999.0 -9999.0 -9999.0 -9999.0 -9999.0 -9999.0 -9999.0 -9999.0 -9999.0 -9999.0 -9999.0 -9999.0 -9999.0 -9999.0 -9999.0 -9999.0 -9999.0 -9999.0 -9999.0 -9999.0 -9999.0 -9999.0 -9999.0 -9999.0 -9999.0 -9999.0 -9999.0 -9999.0 -9999.0 -9999.0 -9999.0 -9999.0 -9999.0 -9999.0 -9999.0 -9999.0 -9999.0 -9999.0 -9999.0 -9999.0 -9999.0 -9999.0 -9999.0 -9999.0 -9999.0 -9999.0 -9999.0 -9999.0 -9999.0 -9999.0 -9999.0 -9999.0 -9999.0 -9999.0 -9999.0 -9999.0 -9999.0 -9999.0 -9999.0 -9999.0 -9999.0 -9999.0 -9999.0 -9999.0 -9999.0 -9999.0 -9999.0 -9999.0 -9999.0 -9999.0 -9999.0 -9999.0 -9999.0 -9999.0 -9999.0 -9999.0 -9999.0 -9999.0 -9999.0 -9999.0
-9999.0 -9999.0 -9999.0 -9999.0 -9999.0 -9999.0 -9999.0 -9999.0 -9999.0 -9999.0 -9999.0 -9999.0 -9999.0 -9999.0 -9999.0 -9999.0 -9999.0 -9999.0 -9999.0 -9999.0 -9999.0 -9999.0 -9999.0 -9999.0 -9999.0 -9999.0 -9999.0 -9999.0 -9999.0 -9999.0 -9999.0 -9999.0 -9999.0 -9999.0 -9999.0 -9999.0 -9999.0 -9999.0 -9999.0 -9999.0 -9999.0 -9999.0 -9999.0 -9999.0 -9999.0 -9999.0 -9999.0 -9999.0 -9999.0 -9999.0 -9999.0 -9999.0 -9999.0 -9999.0 -9999.0 -9999.0 -9999.0 -9999.0 -9999.0 -9999.0 -9999.0 -9999.0 -9999.0 -9999.0 -9999.0 -9999.0 -9999.0 -9999.0 -9999.0 -9999.0 -9999.0 -9999.0 -9999.0 -9999.0 -9999.0 -9999.0 -9999.0 -9999.0 -9999.0 -9999.0 -9999.0 -9999.0 -9999.0 -9999.0 -9999.0 -9999.0 -9999.0 -9999.0 -9999.0 -9999.0 -9999.0 -9999.0 -9999.0 -9999.0 -9999.0 -9999.0 -9999.0 -9999.0 -9999.0 -9999.0 -9999.0 -9999.0 -9999.0 -9999.0
-9999.0 -9999.0 29.483182 -74.394954 -172.112643 -249.269087 -294.064240 -309.456668 -303.785551 -282.705471 -361.845776 -383.822903 -392.726028 -308.256786 -228.269045 -89.532034 64.952631 133.512598 92.984805 44.138512 -12.807851 -77.331650 -146.581191 -212.769303 -267.041056 -304.584956 -327.213120 -339.734761 -346.363129 -349.774402 -351.443402 -352.114380 -352.117826 -351.538243 -350.285667 -348.109383 -344.573824 -338.083561 -323.660201 -319.853397 -306.761772 -193.849515 -1387.991894 -1384.655667 -1245.307440 -1165.983754 -1129.899500 -1125.862950 -1125.441932 -1125.401287 -1125.399041 -1125.400563 -1125.402366 -1125.404261 -1125.407915 -1125.430314 -1125.638885 -1127.551233 -1144.577187 -1182.060522 -1248.173110 -1173.263492 -275.282845 -310.854512 -327.950697 -339.249485 -345.897910 -349.930180 -352.377506 -353.852350 -354.732145 -355.250608 -355.551746 -355.722997 -355.817469 -355.867811 -355.893006 -355.906112 -355.914470 -355.923150 -355.935736 -355.955814 -355.988298 -356.040673 -356.124541 -356.258035 -356.469693 -356.804459 -357.333069 -358.166485 -359.478016 -361.536498 -364.754563 -369.755461 -377.458041 -389.169330 -406.654977 -432.134497 -468.146160 -517.323187 -582.668839 -669.045352 -9999.0 -9999.0
-9999.0 -9999.0 29.618807 -74.352739 -172.098568 -249.264221 -294.062485 -309.456026 -303.785326 -282.705389 -361.845764 -383.822900 -392.726027 -308.256786 -228.269044 -89.532034 64.952631 133.512598 92.984805 44.138512 -12.807851 -77.331650 -146.581191 -212.769303 -267.041056 -304.584956 -327.213120 -339.734761 -346.363129 -349.774402 -351.443402 -352.114380 -352.117826 -351.538243 -350.285667 -348.109383 -344.573824 -338.083561 -323.660201 -319.853397 -306.761772 -193.849515 -1387.991894 -1384.655666 -1245.307438 -1165.983752 -1129.899500 -1125.862950 -1125.441932 -1125.401287 -1125.399041 -1125.400563 -1125.402366 -1125.404261 -1125.407915 -1125.430314 -1125.638885 -1127.551233 -1144.577187 -1182.060522 -1248.173110 -1173.263492 -275.282845 -310.854512 -327.950697 -339.249485 -345.897910 -349.930180 -352.377506 -353.852350 -354.732145 -355.250608 -355.551746 -355.722997 -355.817469 -355.867811 -355.893006 -355.906112 -355.914470 -355.923150 -355.935736 -355.955814 -355.988298 -356.040673 -356.124541 -356.258035 -356.469693 -356.804459 -357.333069 -358.166485 -359.478016 -361.536498 -364.754563 -369.755461 -377.458041 -389.169331 -406.654977 -432.134497 -468.146160 -517.323187 -582.668839 -669.045352 -9999.0 -9999.0
-9999.0 -9999.0 29.677732 -74.326953 -172.088262 -249.260250 -294.060949 -309.455435 -303.785111 -282.705309 -361.845753 -383.822897 -392.726026 -308.256785 -228.269044 -89.532033 64.952631 133.512598 92.984805 44.138512 -12.807851 -77.331650 -146.581191 -212.769303 -267.041056 -304.584956 -327.213120 -339.734761 -346.363129 -349.774402 -351.443402 -352.114380 -352.117826 -351.538243 -350.285667 -348.109383 -344.573824 -338.083561 -323.660201 -319.853397 -306.761771 -193.849515 -1387.991893 -1384.655666 -1245.307438 -1165.983751 -1129.899500 -1125.862950 -1125.441932 -1125.401287 -1125.399041 -1125.400563 -1125.402366 -1125.404261 -1125.407915 -1125.430314 -1125.638885 -1127.551233 -1144.577187 -1182.060522 -1248.173110 -1173.263492 -275.282845 -310.854512 -327.950697 -339.249485 -345.897910 -349.930180 -352.377506 -353.852350 -354.732145 -355.250608 -355.551746 -355.722997 -355.817469 -355.867811 -355.893006 -355.906112 -355.914470 -355.923150 -355.935736 -355.955814 -355.988298 -356.040673 -356.124541 -356.258035 -356.469693 -356.804459 -357.333069 -358.166485 -359.478016 -361.536498 -364.754563 -369.755461 -377.458041 -389.169330 -406.654977 -432.134497 -468.146160 -517.323187 -582.668839 -669.045352 -9999.0 -9999.0
-9999.0 -9999.0 29.677732 -74.326953 -172.088263 -249.260250 -294.060949 -309.455435 -303.785111 -282.705309 -361.845752 -383.822897 -392.726026 -308.256785 -228.269044 -89.532033 64.952631 133.512598 92.984805 44.138512 -12.807850 -77.331650 -146.581191 -212.769303 -267.041056 -304.584956 -327.213120 -339.734761 -346.363129 -349.774402 -351.443402 -352.114380 -352.117826 -351.538243 -350.285667 -348.109383 -344.573824 -338.083561 -323.660201 -319.853397 -306.761771 -193.849515 -1387.991894 -1384.655666 -1245.307438 -1165.983751 -1129.899500 -1125.862950 -1125.441932 -1125.401287 -1125.399041 -1125.400563 -1125.402366 -1125.404261 -1125.407915 -1125.430314 -1125.638885 -1127.551233 -1144.577187 -1182.060522 -1248.173110 -1173.263492 -275.282845 -310.854511 -327.950697 -339.249485 -345.897910 -349.930180 -352.377506 -353.852350 -354.732145 -355.250608 -355.551746 -355.722997 -355.817469 -355.867811 -355.893006 -355.906112 -355.914470 -355.923150 -355.935736 -355.955814 -355.988298 -356.040673 -356.124541 -356.258035 -356.469693 -356.804459 -357.333069 -358.166485 -359.478016 -361.536498 -364.754563 -369.755461 -377.458041 -389.169331 -406.654977 -432.134497 -468.146160 -517.323187 -582.668839 -669.045352 -9999.0 -9999.0
-9999.0 -9999.0 29.618807 -74.352739 -172.098568 -249.264221 -294.062485 -309.456026 -303.785326 -282.705389 -361.845764 -383.822900 -392.726027 -308.256786 -228.269044 -89.532033 64.952631 133.512598 92.984805 44.138512 -12.807851 -77.331650 -146.581191 -212.769303 -267.041056 -304.584956 -327.213120 -339.734761 -346.363129 -349.774402 -351.443402 -352.114380 -352.117826 -351.538243 -350.285667 -348.109383 -344.573824 -338.083561 -323.660201 -319.853397 -306.761772 -193.849515 -1387.991894 -1384.655666 -1245.307438 -1165.983752 -1129.899500 -1125.862950 -1125.441932 -1125.401287 -1125.399041 -1125.400563 -1125.402366 -1125.404261 -1125.407915 -1125.430314 -1125.638885 -1127.551233 -1144.577187 -1182.060522 -1248.173110 -1173.263492 -275.282844 -310.854511 -327.950697 -339.249485 -345.897910 -349.930180 -352.377506 -353.852350 -354.732145 -355.250608 -355.551746 -355.722997 -355.817469 -355.867811 -355.893006 -355.906112 -355.914470 -355.923150 -355.935736 -355.955814 -355.988298 -356.040673 -356.124541 -356.258035 -356.469693 -356.804459 -357.333069 -358.166485 -359.478016 -361.536498 -364.754563 -369.755461 -377.458041 -389.169330 -406.654977 -432.134497 -468.146160 -517.323187 -582.668839 -669.045352 -9999.0 -9999.0
-9999.0 -9999.0 29.483182 -74.394954 -172.112643 -249.269087 -294.064240 -309.456668 -303.785551 -282.705471 -361.845776 -383.822903 -392.726028 -308.256786 -228.269044 -89.532034 64.952631 133.512598 92.984805 44.138512 -12.807851 -77.331650 -146.581191 -212.769303 -267.041056 -304.584956 -327.213120 -339.734761 -346.363129 -349.774402 -351.443402 -352.114380 -352.117826 -351.538243 -350.285667 -348.109383 -344.573824 -338.083561 -323.660201 -319.853397 -306.761772 -193.849515 -1387.991894 -1384.655667 -1245.307440 -1165.983754 -1129.899500 -1125.862950 -1125.441932 -1125.401287 -1125.399041 -1125.400563 -1125.402366 -1125.404261 -1125.407915 -1125.430314 -1125.638885 -1127.551233 -1144.577187 -1182.060522 -1248.173110 -1173.263492 -275.282844 -310.854511 -327.950697 -339.249485 -345.897910 -349.930180 -352.377506 -353.852350 -354.732145 -355.250608 -355.551746 -355.722997 -355.817469 -355.867811 -355.893006 -355.906112 -355.914470 -355.923150 -355.935736 -355.955814 -355.988298 -356.040673 -356.124541 -356.258035 -356.469693 -356.804459 -357.333069 -358.166485 -359.478016 -361.536498 -364.754563 -369.755461 -377.458041 -389.169331 -406.654977 -432.134497 -468.146160 -517.323187 -582.668839 -669.045352 -9999.0 -9999.0
-9999.0 -9999.0 -9999.0 -9999.0 -9999.0 -9999.0 -9999.0 -9999.0 -9999.0 -9999.0 -9999.0 -9999.0 -9999.0 -9999.0 -9999.0 -9999.0 -9999.0 -9999.0 -9999.0 -9999.0 -9999.0 -9999.0 -9999.0 -9999.0 -9999.0 -9999.0 -9999.0 -9999.0 -9999.0 -9999.0 -9999.0 -9999.0 -9999.0 -9999.0 -9999.0 -9999.0 -9999.0 -9999.0 -9999.0 -9999.0 -9999.0 -9999.0 -9999.0 -9999.0 -9999.0 -9999.0 -9999.0 -9999.0 -9999.0 -9999.0 -9999.0 -9999.0 -9999.0 -9999.0 -9999.0 -9999.0 -9999.0 -9999.0 -9999.0 -9999.0 -9999.0 -9999.0 -9999.0 -9999.0 -9999.0 -9999.0 -9999.0 -9999.0 -9999.0 -9999.0 -9999.0 -9999.0 -9999.0 -9999.0 -9999.0 -9999.0 -9999.0 -9999.0 -9999.0 -9999.0 -9999.0 -9999.0 -9999.0 -9999.0 -9999.0 -9999.0 -9999.0 -9999.0 -9999.0 -9999.0 -9999.0 -9999.0 -9999.0 -9999.0 -9999.0 -9999.0 -9999.0 -9999.0 -9999.0 -9999.0 -9999.0 -9999.0 -9999.0 -9999.0
-9999.0 -9999.0 -9999.0 -9999.0 -9999.0 -9999.0 -9999.0 -9999.0 -9999.0 -9999.0 -9999.0 -9999.0 -9999.0 -9999.0 -9999.0 -9999.0 -9999.0 -9999.0 -9999.0 -9999.0 -9999.0 -9999.0 -9999.0 -9999.0 -9999.0 -9999.0 -9999.0 -9999.0 -9999.0 -9999.0 -9999.0 -9999.0 -9999.0 -9999.0 -9999.0 -9999.0 -9999.0 -9999.0 -9999.0 -9999.0 -9999.0 -9999.0 -9999.0 -9999.0 -9999.0 -9999.0 -9999.0 -9999.0 -9999.0 -9999.0 -9999.0 -9999.0 -9999.0 -9999.0 -9999.0 -9999.0 -9999.0 -9999.0 -9999.0 -9999.0 -9999.0 -9999.0 -9999.0 -9999.0 -9999.0 -9999.0 -9999.0 -9999.0 -9999.0 -9999.0 -9999.0 -9999.0 -9999.0 -9999.0 -9999.0 -9999.0 -9999.0 -9999.0 -9999.0 -9999.0 -9999.0 -9999.0 -9999.0 -9999.0 -9999.0 -9999.0 -9999.0 -9999.0 -9999.0 -9999.0 -9999.0 -9999.0 -9999.0 -9999.0 -9999.0 -9999.0 -9999.0 -9999.0 -9999.0 -9999.0 -9999.0 -9999.0 -9999.0 -9999.0