tests/3D/superslab/out/maps3D/PwL0068N0005.asc
ncols         104
nrows         10
xllcorner     -2.000000
yllcorner     0.000000
cellsize      1.000000
NODATA_value  -9999.0
-9999.0 -9999.0 -9999.0 -9999.0 -9999.0 -9999.0 -9999.0 -9999.0 -9999.0 -9999.0 -9999.0 -9999.0 -9999.0 -9999.0 -9999.0 -9999.0 -9999.0 -9999.0 -9999.0 -9999.0 -9999.0 -9999.0 -9999.0 -9999.0 -9999.0 -9999.0 -9999.0 -9999.0 -9999.0 -9999.0 -9999.0 -9999.0 -9999.0 -9999.0 -9999.0 -9999.0 -9999.0 -9999.0 -9999.0 -9999.0 -9999.0 -9999.0 -9999.0 -9999.0 -9999.0 -9999.0 -9999.0 -9999.0 -9999.0 -9999.0 -9999.0 -9999.0 -9999.0 -9999.0 -9999.0 -9999.0 -9999.0 -9999.0 -9999.0 -9999.0 -9999.0 -9999.0 -9999.0 -9999.0 -9999.0 -9999.0 -9999.0 -9999.0 -9999.0 -9999.0 -9999.0 -9999.0 -9999.0 -9999.0 -9999.0 -9999.0 -9999.0 -9999.0 -9999.0 -9999.0 -9999.0 -9999.0 -9999.0 -9999.0 -9999.0 -9999.0 -9999.0 -9999.0 -9999.0 -9999.0 -9999.0 -9999.0 -9999.0 -9999.0 -9999.0 -9999.0 -9999.0 -9999.0 -9999.0 -9999.0 -9999.0 -9999.0 -9999.0 -9999.0
-9999.0 -9999.0 -9999.0 -9999.0 -9999.0 -9999.0 -9999.0 -9999.0 -9999.0 -9999.0 -9999.0 -9999.0 -9999.0 -9999.0 -9999.0 -9999.0 -9999.0 -9999.0 -9999.0 -9999.0 -9999.0 -9999.0 -9999.0 -9999.0 -9999.0 -9999.0 -9999.0 -9999.0 -9999.0 -9999.0 -9999.0 -9999.0 -9999.0 -9999.0 -9999.0 -9999.0 -9999.0 -9999.0 -9999.0 -9999.0 -9999.0 -9999.0 -9999.0 -9999.0 -9999.0 -9999.0 -9999.0 -9999.0 -9999.0 -9999.0 -9999.0 -9999.0 -9999.0 -9999.0 -9999.0 -9999.0 -9999.0 -9999.0 -9999.0 -9999.0 -9999.0 -9999.0 -9999.0 -9999.0 -9999.0 -9999.0 -9999.0 -9999.0 -9999.0 -9999.0 -9999.0 -9999.0 -9999.0 -9999.0 -9999.0 -9999.0 -9999.0 -9999.0 -9999.0 -9999.0 -9999.0 -9999.0 -9999.0 -9999.0 -9999.0 -9999.0 -9999.0 -9999.0 -9999.0 -9999.0 -9999.0 -9999.0 -9999.0 -9999.0 -9999.0 -9999.0 -9999.0 -9999.0 -9999.0 -9999.0 -9999.0 -9999.0 -9999.0 -9999.0
-9999.0 -9999.0 -1465.681889 -1554.879187 -1589.931694 -1602.176630 -1606.493127 -1608.044678 -1608.600969 -1608.798928 -1608.870178 -1608.896049 -1608.905478 -1608.908917 -1608.910172 -1608.910629 -1608.910796 -1608.910856 -1608.910878 -1608.910886 -1608.910889 -1608.910890 -1608.910890 -1608.910890 -1608.910890 -1608.910889 -1608.910888 -1608.910888 -1608.910887 -1608.910886 -1608.910884 -1608.910883 -1608.910881 -1608.910878 -1608.910873 -1608.910847 -1608.910638 -1608.909253 -1608.902183 -1608.874136 -1608.786097 -1608.561761 -1608.082333 -1607.711039 -1608.322009 -1608.574557 -1608.907164 -1609.247272 -1609.157218 -1609.083334 -1609.078134 -1609.551578 -1608.939817 -1608.911717 -1608.910947 -1608.910935 -1608.910949 -1608.910972 -1608.911006 -1608.911053 -1608.911118 -1608.911207 -1608.911329 -1608.911492 -1608.911711 -1608.912001 -1608.912384 -1608.912886 -1608.913539 -1608.914383 -1608.915467 -1608.916850 -1608.918603 -1608.920814 -1608.923586 -1608.927042 -1608.931327 -1608.936614 -1608.943106 -1608.951039 -1608.960693 -1608.972391 -1608.986513 -1609.003501 -1609.023869 -1609.048220 -1609.077260 -1609.111816 -1609.152867 -1609.201578 -1609.259344 -1609.327857 -1609.409197 -1609.505966 -1609.621490 -1609.760141 -1609.927886 -1610.133273 -1610.389531 -1610.722589 -1611.304624 -1616.120838 -9999.0 -9999.0
-9999.0 -9999.0 -1465.681889 -1554.879187 -1589.931694 -1602.176630 -1606.493127 -1608.044678 -1608.600969 -1608.798928 -1608.870178 -1608.896049 -1608.905478 -1608.908917 -1608.910172 -1608.910629 -1608.910796 -1608.910856 -1608.910878 -1608.910886 -1608.910889 -1608.910890 -1608.910890 -1608.910890 -1608.910890 -1608.910889 -1608.910888 -1608.910888 -1608.910887 -1608.910886 -1608.910884 -1608.910883 -1608.910881 -1608.910878 -1608.910873 -1608.910847 -1608.910638 -1608.909253 -1608.902183 -1608.874136 -1608.786097 -1608.561761 -1608.082333 -1607.711039 -1608.322009 -1608.574557 -1608.907164 -1609.247272 -1609.157218 -1609.083334 -1609.078134 -1609.551578 -1608.939817 -1608.911717 -1608.910947 -1608.910935 -1608.910949 -1608.910972 -1608.911006 -1608.911053 -1608.911118 -1608.911207 -1608.911329 -1608.911492 -1608.911711 -1608.912001 -1608.912384 -1608.912886 -1608.913539 -1608.914383 -1608.915467 -1608.916850 -1608.918603 -1608.920814 -1608.923586 -1608.927042 -1608.931327 -1608.936614 -1608.943106 -1608.951039 -1608.960693 -1608.972391 -1608.986513 -1609.003501 -1609.023869 -1609.048220 -1609.077260 -1609.111816 -1609.152867 -1609.201578 -1609.259344 -1609.327857 -1609.409197 -1609.505966 -1609.621490 -1609.760141 -1609.927886 -1610.133273 -1610.389531 -1610.722589 -1611.304624 -1616.120838 -9999.0 -9999.0
-9999.0 -9999.0 -1465.681889 -1554.879187 -1589.931694 -1602.176630 -1606.493127 -1608.044678 -1608.600969 -1608.798928 -1608.870178 -1608.896049 -1608.905478 -1608.908917 -1608.910172 -1608.910629 -1608.910796 -1608.910856 -1608.910878 -1608.910886 -1608.910889 -1608.910890 -1608.910890 -1608.910890 -1608.910890 -1608.910889 -1608.910888 -1608.910888 -1608.910887 -1608.910886 -1608.910884 -1608.910883 -1608.910881 -1608.910878 -1608.910873 -1608.910847 -1608.910638 -1608.909253 -1608.902183 -1608.874136 -1608.786097 -1608.561761 -1608.082333 -1607.711039 -1608.322009 -1608.574557 -1608.907164 -1609.247272 -1609.157218 -1609.083334 -1609.078134 -1609.551578 -1608.939817 -1608.911717 -1608.910947 -1608.910935 -1608.910949 -1608.910972 -1608.911006 -1608.911053 -1608.911118 -1608.911207 -1608.911329 -1608.911492 -1608.911711 -1608.912001 -1608.912384 -1608.912886 -1608.913539 -1608.914383 -1608.915467 -1608.916850 -1608.918603 -1608.920814 -1608.923586 -1608.927042 -1608.931327 -1608.936614 -1608.943106 -1608.951039 -1608.960693 -1608.972391 -1608.986513 -1609.003501 -1609.023869 -1609.048220 -1609.077260 -1609.111816 -1609.152867 -1609.201578 -1609.259344 -1609.327857 -1609.409197 -1609.505966 -1609.621490 -1609.760141 -1609.927886 -1610.133273 -1610.389531 -1610.722589 -1611.304624 -1616.120838 -9999.0 -9999.0
-9999.0 -9999.0 -1465.681889 -1554.879187 -1589.931694 -1602.176630 -1606.493127 -1608.044678 -1608.600969 -1608.798928 -1608.870178 -1608.896049 -1608.905478 -1608.908917 -1608.910172 -1608.910629 -1608.910796 -1608.910856 -1608.910878 -1608.910886 -1608.910889 -1608.910890 -1608.910890 -1608.910890 -1608.910890 -1608.910889 -1608.910888 -1608.910888 -1608.910887 -1608.910886 -1608.910884 -1608.910883 -1608.910881 -1608.910878 -1608.910873 -1608.910847 -1608.910638 -1608.909253 -1608.902183 -1608.874136 -1608.786097 -1608.561761 -1608.082333 -1607.711039 -1608.322009 -1608.574557 -1608.907164 -1609.247272 -1609.157218 -1609.083334 -1609.078134 -1609.551578 -1608.939817 -1608.911717 -1608.910947 -1608.910935 -1608.910949 -1608.910972 -1608.911006 -1608.911053 -1608.911118 -1608.911207 -1608.911329 -1608.911492 -1608.911711 -1608.912001 -1608.912384 -1608.912886 -1608.913539 -1608.914383 -1608.915467 -1608.916850 -1608.918603 -1608.920814 -1608.923586 -1608.927042 -1608.931327 -1608.936614 -1608.943106 -1608.951039 -1608.960693 -1608.972391 -1608.986513 -1609.003501 -1609.023869 -1609.048220 -1609.077260 -1609.111816 -1609.152867 -1609.201578 -1609.259344 -1609.327857 -1609.409197 -1609.505966 -1609.621490 -1609.760141 -1609.927886 -1610.133273 -1610.389531 -1610.722589 -1611.304624 -1616.120838 -9999.0 -9999.0
-9999.0 -9999.0 -1465.681889 -1554.879187 -1589.931694 -1602.176630 -1606.493127 -1608.044678 -1608.600969 -1608.798928 -1608.870178 -1608.896049 -1608.905478 -1608.908917 -1608.910172 -1608.910629 -1608.910796 -1608.910856 -1608.910878 -1608.910886 -1608.910889 -1608.910890 -1608.910890 -1608.910890 -1608.910890 -1608.910889 -1608.910888 -1608.910888 -1608.910887 -1608.910886 -1608.910884 -1608.910883 -1608.910881 -1608.910878 -1608.910873 -1608.910847 -1608.910638 -1608.909253 -1608.902183 -1608.874136 -1608.786097 -1608.561761 -1608.082333 -1607.711039 -1608.322009 -1608.574557 -1608.907164 -1609.247272 -1609.157218 -1609.083334 -1609.078134 -1609.551578 -1608.939817 -1608.911717 -1608.910947 -1608.910935 -1608.910949 -1608.910972 -1608.911006 -1608.911053 -1608.911118 -1608.911207 -1608.911329 -1608.911492 -1608.911711 -1608.912001 -1608.912384 -1608.912886 -1608.913539 -1608.914383 -1608.915467 -1608.916850 -1608.918603 -1608.920814 -1608.923586 -1608.927042 -1608.931327 -1608.936614 -1608.943106 -1608.951039 -1608.960693 -1608.972391 -1608.986513 -1609.003501 -1609.023869 -1609.048220 -1609.077260 -1609.111816 -1609.152867 -1609.201578 -1609.259344 -1609.327857 -1609.409197 -1609.505966 -1609.621490 -1609.760141 -1609.927886 -1610.133273 -1610.389531 -1610.722589 -1611.304624 -1616.120838 -9999.0 -9999.0
-9999.0 -9999.0 -1465.681889 -1554.879187 -1589.931694 -1602.176630 -1606.493127 -1608.044678 -1608.600969 -1608.798928 -1608.870178 -1608.896049 -1608.905478 -1608.908917 -1608.910172 -1608.910629 -1608.910796 -1608.910856 -1608.910878 -1608.910886 -1608.910889 -1608.910890 -1608.910890 -1608.910890 -1608.910890 -1608.910889 -1608.910888 -1608.910888 -1608.910887 -1608.910886 -1608.910884 -1608.910883 -1608.910881 -1608.910878 -1608.910873 -1608.910847 -1608.910638 -1608.909253 -1608.902183 -1608.874136 -1608.786097 -1608.561761 -1608.082333 -1607.711039 -1608.322009 -1608.574557 -1608.907164 -1609.247272 -1609.157218 -1609.083334 -1609.078134 -1609.551578 -1608.939817 -1608.911717 -1608.910947 -1608.910935 -1608.910949 -1608.910972 -1608.911006 -1608.911053 -1608.911118 -1608.911207 -1608.911329 -1608.911492 -1608.911711 -1608.912001 -1608.912384 -1608.912886 -1608.913539 -1608.914383 -1608.915467 -1608.916850 -1608.918603 -1608.920814 -1608.923586 -1608.927042 -1608.931327 -1608.936614 -1608.943106 -1608.951039 -1608.960693 -1608.972391 -1608.986513 -1609.003501 -1609.023869 -1609.048220 -1609.077260 -1609.111816 -1609.152867 -1609.201578 -1609.259344 -1609.327857 -1609.409197 -1609.505966 -1609.621490 -1609.760141 -1609.927886 -1610.133273 -1610.389531 -1610.722589 -1611.304624 -1616.120838 -9999.0 -9999.0
-9999.0 -9999.0 -9999.0 -9999.0 -9999.0 -9999.0 -9999.0 -9999.0 -9999.0 -9999.0 -9999.0 -9999.0 -9999.0 -9999.0 -9999.0 -9999.0 -9999.0 -9999.0 -9999.0 -9999.0 -9999.0 -9999.0 -9999.0 -9999.0 -9999.0 -9999.0 -9999.0 -9999.0 -9999.0 -9999.0 -9999.0 -9999.0 -9999.0 -9999.0 -9999.0 -9999.0 -9999.0 -9999.0 -9999.0 -9999.0 -9999.0 -9999.0 -9999.0 -9999.0 -9999.0 -9999.0 -9999.0 -9999.0 -9999.0 -9999.0 -9999.0 -9999.0 -9999.0 -9999.0 -9999.0 -9999.0 -9999.0 -9999.0 -9999.0 -9999.0 -9999.0 -9999.0 -9999.0 -9999.0 -9999.0 -9999.0 -9999.0 -9999.0 -9999.0 -9999.0 -9999.0 -9999.0 -9999.0 -9999.0 -9999.0 -9999.0 -9999.0 -9999.0 -9999.0 -9999.0 -9999.0 -9999.0 -9999.0 -9999.0 -9999.0 -9999.0 -9999.0 -9999.0 -9999.0 -9999.0 -9999.0 -9999.0 -9999.0 -9999.0 -9999.0 -9999.0 -9999.0 -9999.0 -9999.0 -9999.0 -9999.0 -9999.0 -9999.0 -9999.0
-9999.0 -9999.0 -9999.0 -9999.0 -9999.0 -9999.0 -9999.0 -9999.0 -9999.0 -9999.0 -9999.0 -9999.0 -9999.0 -9999.0 -9999.0 -9999.0 -9999.0 -9999.0 -9999.0 -9999.0 -9999.0 -9999.0 -9999.0 -9999.0 -9999.0 -9999.0 -9999.0 -9999.0 -9999.0 -9999.0 -9999.0 -9999.0 -9999.0 -9999.0 -9999.0 -9999.0 -9999.0 -9999.0 -9999.0 -9999.0 -9999.0 -9999.0 -9999.0 -9999.0 -9999.0 -9999.0 -9999.0 -9999.0 -9999.0 -9999.0 -9999.0 -9999.0 -9999.0 -9999.0 -9999.0 -9999.0 -9999.0 -9999.0 -9999.0 -9999.0 -9999.0 -9999.0 -9999.0 -9999.0 -9999.0 -9999.0 -9999.0 -9999.0 -9999.0 -9999.0 -9999.0 -9999.0 -9999.0 -9999.0 -9999.0 -9999.0 -9999.0 -9999.0 -9999.0 -9999.0 -9999.0 -9999.0 -9999.0 -9999.0 -9999.0 -9999.0 -9999.0 -9999.0 -9999.0 -9999.0 -9999.0 -9999.0 -9999.0 -9999.0 -9999.0 -9999.0 -9999.0 -9999.0 -9999.0 -9999.0 -9999.0 -9999.0 -9999.0 -9999.0