tests/3D/superslab/out/maps3D/PwL0012N0005.asc
ncols         104
nrows         10
xllcorner     -2.000000
yllcorner     0.000000
cellsize      1.000000
NODATA_value  -9999.0
-9999.0 -9999.0 -9999.0 -9999.0 -9999.0 -9999.0 -9999.0 -9999.0 -9999.0 -9999.0 -9999.0 -9999.0 -9999.0 -9999.0 -9999.0 -9999.0 -9999.0 -9999.0 -9999.0 -9999.0 -9999.0 -9999.0 -9999.0 -9999.0 -9999.0 -9999.0 -9999.0 -9999.0 -9999.0 -9999.0 -9999.0 -9999.0 -9999.0 -9999.0 -9999.0 -9999.0 -9999.0 -9999.0 -9999.0 -9999.0 -9999.0 -9999.0 -9999.0 -9999.0 -9999.0 -9999.0 -9999.0 -9999.0 -9999.0 -9999.0 -9999.0 -9999.0 -9999.0 -9999.0 -9999.0 -9999.0 -9999.0 -9999.0 -9999.0 -9999.0 -9999.0 -9999.0 -9999.0 -9999.0 -9999.0 -9999.0 -9999.0 -9999.0 -9999.0 -9999.0 -9999.0 -9999.0 -9999.0 -9999.0 -9999.0 -9999.0 -9999.0 -9999.0 -9999.0 -9999.0 -9999.0 -9999.0 -9999.0 -9999.0 -9999.0 -9999.0 -9999.0 -9999.0 -9999.0 -9999.0 -9999.0 -9999.0 -9999.0 -9999.0 -9999.0 -9999.0 -9999.0 -9999.0 -9999.0 -9999.0 -9999.0 -9999.0 -9999.0 -9999.0
-9999.0 -9999.0 -9999.0 -9999.0 -9999.0 -9999.0 -9999.0 -9999.0 -9999.0 -9999.0 -9999.0 -9999.0 -9999.0 -9999.0 -9999.0 -9999.0 -9999.0 -9999.0 -9999.0 -9999.0 -9999.0 -9999.0 -9999.0 -9999.0 -9999.0 -9999.0 -9999.0 -9999.0 -9999.0 -9999.0 -9999.0 -9999.0 -9999.0 -9999.0 -9999.0 -9999.0 -9999.0 -9999.0 -9999.0 -9999.0 -9999.0 -9999.0 -9999.0 -9999.0 -9999.0 -9999.0 -9999.0 -9999.0 -9999.0 -9999.0 -9999.0 -9999.0 -9999.0 -9999.0 -9999.0 -9999.0 -9999.0 -9999.0 -9999.0 -9999.0 -9999.0 -9999.0 -9999.0 -9999.0 -9999.0 -9999.0 -9999.0 -9999.0 -9999.0 -9999.0 -9999.0 -9999.0 -9999.0 -9999.0 -9999.0 -9999.0 -9999.0 -9999.0 -9999.0 -9999.0 -9999.0 -9999.0 -9999.0 -9999.0 -9999.0 -9999.0 -9999.0 -9999.0 -9999.0 -9999.0 -9999.0 -9999.0 -9999.0 -9999.0 -9999.0 -9999.0 -9999.0 -9999.0 -9999.0 -9999.0 -9999.0 -9999.0 -9999.0 -9999.0
-9999.0 -9999.0 521.078023 422.059171 322.795339 221.980481 120.366885 18.732688 -82.326077 -173.354448 -267.273318 -329.732575 -364.678492 -382.336470 -385.938785 -375.177837 -229.234337 -83.756870 76.065657 255.192577 323.887918 264.009059 197.128053 124.405539 46.965776 -33.512143 -114.576054 -191.065412 -254.801955 -299.631754 -326.316677 -340.278549 -346.927758 -349.722187 -350.382263 -349.577674 -347.392956 -344.229293 -333.127074 -251.022963 -230.123335 -312.039021 -2817.338988 -4381.049597 -4381.188118 -4381.188119 -4381.188119 -4381.188119 -4381.188119 -4381.188119 -4381.188119 -4381.188119 -4381.188119 -4381.188119 -4381.188119 -4381.188119 -4381.188119 -4381.188119 -4381.188119 -4381.188118 -4380.943975 -2686.753201 -225.411048 -293.356659 -319.284055 -333.566766 -342.067471 -347.256905 -350.465753 -352.472758 -353.724995 -354.518526 -355.022284 -355.338765 -355.539784 -355.668398 -355.752079 -355.808000 -355.846697 -355.876053 -355.902927 -355.934260 -355.974572 -356.033237 -356.122513 -356.261739 -356.480342 -356.824365 -357.366252 -358.219711 -359.561650 -361.665773 -364.951081 -370.047783 -377.880165 -389.755234 -407.428739 -433.104346 -469.391913 -520.165806 -598.057384 -733.753880 -9999.0 -9999.0
-9999.0 -9999.0 521.182531 422.096618 322.807810 221.984800 120.368439 18.733278 -82.325846 -173.354367 -267.273291 -329.732568 -364.678490 -382.336470 -385.938785 -375.177837 -229.234337 -83.756870 76.065657 255.192577 323.887918 264.009059 197.128053 124.405539 46.965776 -33.512143 -114.576054 -191.065412 -254.801955 -299.631754 -326.316677 -340.278549 -346.927758 -349.722187 -350.382263 -349.577674 -347.392956 -344.229293 -333.127073 -251.022963 -230.123338 -312.039023 -2817.338987 -4381.049597 -4381.188118 -4381.188119 -4381.188119 -4381.188119 -4381.188119 -4381.188119 -4381.188119 -4381.188119 -4381.188119 -4381.188119 -4381.188119 -4381.188119 -4381.188119 -4381.188119 -4381.188119 -4381.188118 -4380.943975 -2686.753201 -225.411048 -293.356659 -319.284055 -333.566766 -342.067471 -347.256905 -350.465753 -352.472758 -353.724995 -354.518526 -355.022284 -355.338765 -355.539784 -355.668398 -355.752079 -355.808000 -355.846697 -355.876053 -355.902927 -355.934260 -355.974572 -356.033237 -356.122513 -356.261739 -356.480342 -356.824365 -357.366252 -358.219711 -359.561650 -361.665773 -364.951081 -370.047783 -377.880165 -389.755234 -407.428740 -433.104345 -469.391913 -520.165806 -598.057384 -733.753880 -9999.0 -9999.0
-9999.0 -9999.0 521.229815 422.119654 322.817327 221.988541 120.369881 18.733845 -82.325620 -173.354287 -267.273263 -329.732562 -364.678489 -382.336469 -385.938785 -375.177837 -229.234337 -83.756870 76.065657 255.192577 323.887918 264.009059 197.128053 124.405539 46.965776 -33.512143 -114.576054 -191.065412 -254.801955 -299.631754 -326.316677 -340.278549 -346.927758 -349.722187 -350.382263 -349.577674 -347.392956 -344.229293 -333.127073 -251.022964 -230.123339 -312.039023 -2817.338987 -4381.049597 -4381.188118 -4381.188119 -4381.188119 -4381.188119 -4381.188119 -4381.188119 -4381.188119 -4381.188119 -4381.188119 -4381.188119 -4381.188119 -4381.188119 -4381.188119 -4381.188119 -4381.188119 -4381.188118 -4380.943975 -2686.753201 -225.411050 -293.356659 -319.284055 -333.566766 -342.067471 -347.256906 -350.465753 -352.472758 -353.724995 -354.518526 -355.022284 -355.338765 -355.539784 -355.668398 -355.752079 -355.808000 -355.846697 -355.876053 -355.902927 -355.934260 -355.974572 -356.033237 -356.122513 -356.261739 -356.480342 -356.824365 -357.366252 -358.219711 -359.561650 -361.665773 -364.951081 -370.047783 -377.880165 -389.755234 -407.428739 -433.104346 -469.391913 -520.165806 -598.057384 -733.753879 -9999.0 -9999.0
-9999.0 -9999.0 521.229815 422.119654 322.817327 221.988541 120.369881 18.733845 -82.325620 -173.354287 -267.273263 -329.732562 -364.678489 -382.336469 -385.938785 -375.177837 -229.234337 -83.756870 76.065657 255.192577 323.887918 264.009059 197.128053 124.405539 46.965776 -33.512143 -114.576054 -191.065412 -254.801955 -299.631754 -326.316677 -340.278549 -346.927758 -349.722187 -350.382263 -349.577674 -347.392956 -344.229293 -333.127073 -251.022964 -230.123339 -312.039023 -2817.338987 -4381.049597 -4381.188118 -4381.188119 -4381.188119 -4381.188119 -4381.188119 -4381.188119 -4381.188119 -4381.188119 -4381.188119 -4381.188119 -4381.188119 -4381.188119 -4381.188119 -4381.188119 -4381.188119 -4381.188118 -4380.943975 -2686.753201 -225.411050 -293.356659 -319.284055 -333.566766 -342.067471 -347.256906 -350.465753 -352.472758 -353.724995 -354.518526 -355.022284 -355.338765 -355.539784 -355.668398 -355.752079 -355.808000 -355.846697 -355.876053 -355.902927 -355.934260 -355.974572 -356.033237 -356.122513 -356.261739 -356.480342 -356.824365 -357.366252 -358.219711 -359.561650 -361.665773 -364.951081 -370.047783 -377.880165 -389.755234 -407.428740 -433.104345 -469.391913 -520.165806 -598.057384 -733.753880 -9999.0 -9999.0
-9999.0 -9999.0 521.182531 422.096618 322.807810 221.984800 120.368439 18.733278 -82.325846 -173.354367 -267.273291 -329.732568 -364.678490 -382.336470 -385.938785 -375.177837 -229.234337 -83.756870 76.065657 255.192577 323.887918 264.009059 197.128053 124.405539 46.965776 -33.512143 -114.576054 -191.065412 -254.801955 -299.631754 -326.316677 -340.278549 -346.927758 -349.722187 -350.382263 -349.577674 -347.392956 -344.229293 -333.127073 -251.022963 -230.123338 -312.039023 -2817.338987 -4381.049597 -4381.188118 -4381.188119 -4381.188119 -4381.188119 -4381.188119 -4381.188119 -4381.188119 -4381.188119 -4381.188119 -4381.188119 -4381.188119 -4381.188119 -4381.188119 -4381.188119 -4381.188119 -4381.188118 -4380.943975 -2686.753201 -225.411048 -293.356659 -319.284055 -333.566766 -342.067471 -347.256905 -350.465753 -352.472758 -353.724995 -354.518526 -355.022284 -355.338765 -355.539784 -355.668398 -355.752079 -355.808000 -355.846697 -355.876053 -355.902927 -355.934260 -355.974572 -356.033237 -356.122513 -356.261739 -356.480342 -356.824365 -357.366252 -358.219711 -359.561650 -361.665773 -364.951081 -370.047783 -377.880165 -389.755234 -407.428739 -433.104346 -469.391913 -520.165806 -598.057384 -733.753880 -9999.0 -9999.0
-9999.0 -9999.0 521.078023 422.059171 322.795339 221.980481 120.366885 18.732688 -82.326077 -173.354448 -267.273318 -329.732575 -364.678492 -382.336470 -385.938785 -375.177837 -229.234337 -83.756870 76.065657 255.192577 323.887918 264.009059 197.128053 124.405539 46.965776 -33.512143 -114.576054 -191.065412 -254.801955 -299.631754 -326.316677 -340.278549 -346.927758 -349.722187 -350.382263 -349.577674 -347.392956 -344.229293 -333.127074 -251.022963 -230.123335 -312.039021 -2817.338988 -4381.049597 -4381.188118 -4381.188119 -4381.188119 -4381.188119 -4381.188119 -4381.188119 -4381.188119 -4381.188119 -4381.188119 -4381.188119 -4381.188119 -4381.188119 -4381.188119 -4381.188119 -4381.188119 -4381.188118 -4380.943975 -2686.753201 -225.411049 -293.356659 -319.284055 -333.566766 -342.067471 -347.256905 -350.465753 -352.472758 -353.724995 -354.518526 -355.022284 -355.338765 -355.539784 -355.668398 -355.752079 -355.808000 -355.846697 -355.876053 -355.902927 -355.934260 -355.974572 -356.033237 -356.122513 -356.261739 -356.480342 -356.824365 -357.366252 -358.219711 -359.561650 -361.665773 -364.951081 -370.047783 -377.880165 -389.755234 -407.428740 -433.104345 -469.391913 -520.165806 -598.057384 -733.753880 -9999.0 -9999.0
-9999.0 -9999.0 -9999.0 -9999.0 -9999.0 -9999.0 -9999.0 -9999.0 -9999.0 -9999.0 -9999.0 -9999.0 -9999.0 -9999.0 -9999.0 -9999.0 -9999.0 -9999.0 -9999.0 -9999.0 -9999.0 -9999.0 -9999.0 -9999.0 -9999.0 -9999.0 -9999.0 -9999.0 -9999.0 -9999.0 -9999.0 -9999.0 -9999.0 -9999.0 -9999.0 -9999.0 -9999.0 -9999.0 -9999.0 -9999.0 -9999.0 -9999.0 -9999.0 -9999.0 -9999.0 -9999.0 -9999.0 -9999.0 -9999.0 -9999.0 -9999.0 -9999.0 -9999.0 -9999.0 -9999.0 -9999.0 -9999.0 -9999.0 -9999.0 -9999.0 -9999.0 -9999.0 -9999.0 -9999.0 -9999.0 -9999.0 -9999.0 -9999.0 -9999.0 -9999.0 -9999.0 -9999.0 -9999.0 -9999.0 -9999.0 -9999.0 -9999.0 -9999.0 -9999.0 -9999.0 -9999.0 -9999.0 -9999.0 -9999.0 -9999.0 -9999.0 -9999.0 -9999.0 -9999.0 -9999.0 -9999.0 -9999.0 -9999.0 -9999.0 -9999.0 -9999.0 -9999.0 -9999.0 -9999.0 -9999.0 -9999.0 -9999.0 -9999.0 -9999.0
-9999.0 -9999.0 -9999.0 -9999.0 -9999.0 -9999.0 -9999.0 -9999.0 -9999.0 -9999.0 -9999.0 -9999.0 -9999.0 -9999.0 -9999.0 -9999.0 -9999.0 -9999.0 -9999.0 -9999.0 -9999.0 -9999.0 -9999.0 -9999.0 -9999.0 -9999.0 -9999.0 -9999.0 -9999.0 -9999.0 -9999.0 -9999.0 -9999.0 -9999.0 -9999.0 -9999.0 -9999.0 -9999.0 -9999.0 -9999.0 -9999.0 -9999.0 -9999.0 -9999.0 -9999.0 -9999.0 -9999.0 -9999.0 -9999.0 -9999.0 -9999.0 -9999.0 -9999.0 -9999.0 -9999.0 -9999.0 -9999.0 -9999.0 -9999.0 -9999.0 -9999.0 -9999.0 -9999.0 -9999.0 -9999.0 -9999.0 -9999.0 -9999.0 -9999.0 -9999.0 -9999.0 -9999.0 -9999.0 -9999.0 -9999.0 -9999.0 -9999.0 -9999.0 -9999.0 -9999.0 -9999.0 -9999.0 -9999.0 -9999.0 -9999.0 -9999.0 -9999.0 -9999.0 -9999.0 -9999.0 -9999.0 -9999.0 -9999.0 -9999.0 -9999.0 -9999.0 -9999.0 -9999.0 -9999.0 -9999.0 -9999.0 -9999.0 -9999.0 -9999.0