tests/3D/superslab/out/maps3D/PwL0063N0005.asc
ncols         104
nrows         10
xllcorner     -2.000000
yllcorner     0.000000
cellsize      1.000000
NODATA_value  -9999.0
-9999.0 -9999.0 -9999.0 -9999.0 -9999.0 -9999.0 -9999.0 -9999.0 -9999.0 -9999.0 -9999.0 -9999.0 -9999.0 -9999.0 -9999.0 -9999.0 -9999.0 -9999.0 -9999.0 -9999.0 -9999.0 -9999.0 -9999.0 -9999.0 -9999.0 -9999.0 -9999.0 -9999.0 -9999.0 -9999.0 -9999.0 -9999.0 -9999.0 -9999.0 -9999.0 -9999.0 -9999.0 -9999.0 -9999.0 -9999.0 -9999.0 -9999.0 -9999.0 -9999.0 -9999.0 -9999.0 -9999.0 -9999.0 -9999.0 -9999.0 -9999.0 -9999.0 -9999.0 -9999.0 -9999.0 -9999.0 -9999.0 -9999.0 -9999.0 -9999.0 -9999.0 -9999.0 -9999.0 -9999.0 -9999.0 -9999.0 -9999.0 -9999.0 -9999.0 -9999.0 -9999.0 -9999.0 -9999.0 -9999.0 -9999.0 -9999.0 -9999.0 -9999.0 -9999.0 -9999.0 -9999.0 -9999.0 -9999.0 -9999.0 -9999.0 -9999.0 -9999.0 -9999.0 -9999.0 -9999.0 -9999.0 -9999.0 -9999.0 -9999.0 -9999.0 -9999.0 -9999.0 -9999.0 -9999.0 -9999.0 -9999.0 -9999.0 -9999.0 -9999.0
-9999.0 -9999.0 -9999.0 -9999.0 -9999.0 -9999.0 -9999.0 -9999.0 -9999.0 -9999.0 -9999.0 -9999.0 -9999.0 -9999.0 -9999.0 -9999.0 -9999.0 -9999.0 -9999.0 -9999.0 -9999.0 -9999.0 -9999.0 -9999.0 -9999.0 -9999.0 -9999.0 -9999.0 -9999.0 -9999.0 -9999.0 -9999.0 -9999.0 -9999.0 -9999.0 -9999.0 -9999.0 -9999.0 -9999.0 -9999.0 -9999.0 -9999.0 -9999.0 -9999.0 -9999.0 -9999.0 -9999.0 -9999.0 -9999.0 -9999.0 -9999.0 -9999.0 -9999.0 -9999.0 -9999.0 -9999.0 -9999.0 -9999.0 -9999.0 -9999.0 -9999.0 -9999.0 -9999.0 -9999.0 -9999.0 -9999.0 -9999.0 -9999.0 -9999.0 -9999.0 -9999.0 -9999.0 -9999.0 -9999.0 -9999.0 -9999.0 -9999.0 -9999.0 -9999.0 -9999.0 -9999.0 -9999.0 -9999.0 -9999.0 -9999.0 -9999.0 -9999.0 -9999.0 -9999.0 -9999.0 -9999.0 -9999.0 -9999.0 -9999.0 -9999.0 -9999.0 -9999.0 -9999.0 -9999.0 -9999.0 -9999.0 -9999.0 -9999.0 -9999.0
-9999.0 -9999.0 -1845.795140 -1853.964832 -1855.649801 -1856.168079 -1856.342546 -1856.403035 -1856.424112 -1856.431530 -1856.434170 -1856.435115 -1856.435454 -1856.435576 -1856.435619 -1856.435635 -1856.435640 -1856.435642 -1856.435643 -1856.435643 -1856.435644 -1856.435644 -1856.435644 -1856.435644 -1856.435644 -1856.435644 -1856.435644 -1856.435644 -1856.435644 -1856.435643 -1856.435643 -1856.435643 -1856.435643 -1856.435637 -1856.435564 -1856.434914 -1856.430730 -1856.410811 -1856.339246 -1856.139835 -1855.691108 -1856.023853 -1856.218475 -1856.398815 -1856.685277 -1856.721012 -1856.626981 -1856.556371 -1856.508459 -1856.478462 -1856.463618 -1856.492436 -1856.438117 -1856.435705 -1856.435645 -1856.435644 -1856.435644 -1856.435644 -1856.435644 -1856.435644 -1856.435645 -1856.435645 -1856.435646 -1856.435647 -1856.435649 -1856.435652 -1856.435655 -1856.435660 -1856.435666 -1856.435675 -1856.435687 -1856.435704 -1856.435726 -1856.435755 -1856.435795 -1856.435847 -1856.435916 -1856.436006 -1856.436124 -1856.436277 -1856.436473 -1856.436726 -1856.437050 -1856.437463 -1856.437987 -1856.438650 -1856.439486 -1856.440539 -1856.441859 -1856.443515 -1856.445586 -1856.448177 -1856.451418 -1856.455479 -1856.460581 -1856.467017 -1856.475196 -1856.485704 -1856.499451 -1856.518777 -1856.600785 -1859.479717 -9999.0 -9999.0
-9999.0 -9999.0 -1845.795140 -1853.964832 -1855.649801 -1856.168079 -1856.342546 -1856.403035 -1856.424112 -1856.431530 -1856.434170 -1856.435115 -1856.435454 -1856.435576 -1856.435619 -1856.435635 -1856.435640 -1856.435642 -1856.435643 -1856.435643 -1856.435644 -1856.435644 -1856.435644 -1856.435644 -1856.435644 -1856.435644 -1856.435644 -1856.435644 -1856.435644 -1856.435643 -1856.435643 -1856.435643 -1856.435643 -1856.435637 -1856.435564 -1856.434914 -1856.430730 -1856.410811 -1856.339246 -1856.139835 -1855.691108 -1856.023853 -1856.218475 -1856.398815 -1856.685277 -1856.721012 -1856.626981 -1856.556371 -1856.508459 -1856.478462 -1856.463618 -1856.492436 -1856.438117 -1856.435705 -1856.435645 -1856.435644 -1856.435644 -1856.435644 -1856.435644 -1856.435644 -1856.435645 -1856.435645 -1856.435646 -1856.435647 -1856.435649 -1856.435652 -1856.435655 -1856.435660 -1856.435666 -1856.435675 -1856.435687 -1856.435704 -1856.435726 -1856.435755 -1856.435795 -1856.435847 -1856.435916 -1856.436006 -1856.436124 -1856.436277 -1856.436473 -1856.436726 -1856.437050 -1856.437463 -1856.437987 -1856.438650 -1856.439486 -1856.440539 -1856.441859 -1856.443515 -1856.445586 -1856.448177 -1856.451418 -1856.455479 -1856.460581 -1856.467017 -1856.475196 -1856.485704 -1856.499451 -1856.518777 -1856.600785 -1859.479717 -9999.0 -9999.0
-9999.0 -9999.0 -1845.795140 -1853.964832 -1855.649801 -1856.168079 -1856.342546 -1856.403035 -1856.424112 -1856.431530 -1856.434170 -1856.435115 -1856.435454 -1856.435576 -1856.435619 -1856.435635 -1856.435640 -1856.435642 -1856.435643 -1856.435643 -1856.435644 -1856.435644 -1856.435644 -1856.435644 -1856.435644 -1856.435644 -1856.435644 -1856.435644 -1856.435644 -1856.435643 -1856.435643 -1856.435643 -1856.435643 -1856.435637 -1856.435564 -1856.434914 -1856.430730 -1856.410811 -1856.339246 -1856.139835 -1855.691108 -1856.023853 -1856.218475 -1856.398815 -1856.685277 -1856.721012 -1856.626981 -1856.556371 -1856.508459 -1856.478462 -1856.463618 -1856.492436 -1856.438117 -1856.435705 -1856.435645 -1856.435644 -1856.435644 -1856.435644 -1856.435644 -1856.435644 -1856.435645 -1856.435645 -1856.435646 -1856.435647 -1856.435649 -1856.435652 -1856.435655 -1856.435660 -1856.435666 -1856.435675 -1856.435687 -1856.435704 -1856.435726 -1856.435755 -1856.435795 -1856.435847 -1856.435916 -1856.436006 -1856.436124 -1856.436277 -1856.436473 -1856.436726 -1856.437050 -1856.437463 -1856.437987 -1856.438650 -1856.439486 -1856.440539 -1856.441859 -1856.443515 -1856.445586 -1856.448177 -1856.451418 -1856.455479 -1856.460581 -1856.467017 -1856.475196 -1856.485704 -1856.499451 -1856.518777 -1856.600785 -1859.479717 -9999.0 -9999.0
-9999.0 -9999.0 -1845.795140 -1853.964832 -1855.649801 -1856.168079 -1856.342546 -1856.403035 -1856.424112 -1856.431530 -1856.434170 -1856.435115 -1856.435454 -1856.435576 -1856.435619 -1856.435635 -1856.435640 -1856.435642 -1856.435643 -1856.435643 -1856.435644 -1856.435644 -1856.435644 -1856.435644 -1856.435644 -1856.435644 -1856.435644 -1856.435644 -1856.435644 -1856.435643 -1856.435643 -1856.435643 -1856.435643 -1856.435637 -1856.435564 -1856.434914 -1856.430730 -1856.410811 -1856.339246 -1856.139835 -1855.691108 -1856.023853 -1856.218475 -1856.398815 -1856.685277 -1856.721012 -1856.626981 -1856.556371 -1856.508459 -1856.478462 -1856.463618 -1856.492436 -1856.438117 -1856.435705 -1856.435645 -1856.435644 -1856.435644 -1856.435644 -1856.435644 -1856.435644 -1856.435645 -1856.435645 -1856.435646 -1856.435647 -1856.435649 -1856.435652 -1856.435655 -1856.435660 -1856.435666 -1856.435675 -1856.435687 -1856.435704 -1856.435726 -1856.435755 -1856.435795 -1856.435847 -1856.435916 -1856.436006 -1856.436124 -1856.436277 -1856.436473 -1856.436726 -1856.437050 -1856.437463 -1856.437987 -1856.438650 -1856.439486 -1856.440539 -1856.441859 -1856.443515 -1856.445586 -1856.448177 -1856.451418 -1856.455479 -1856.460581 -1856.467017 -1856.475196 -1856.485704 -1856.499451 -1856.518777 -1856.600785 -1859.479717 -9999.0 -9999.0
-9999.0 -9999.0 -1845.795140 -1853.964832 -1855.649801 -1856.168079 -1856.342546 -1856.403035 -1856.424112 -1856.431530 -1856.434170 -1856.435115 -1856.435454 -1856.435576 -1856.435619 -1856.435635 -1856.435640 -1856.435642 -1856.435643 -1856.435643 -1856.435644 -1856.435644 -1856.435644 -1856.435644 -1856.435644 -1856.435644 -1856.435644 -1856.435644 -1856.435644 -1856.435643 -1856.435643 -1856.435643 -1856.435643 -1856.435637 -1856.435564 -1856.434914 -1856.430730 -1856.410811 -1856.339246 -1856.139835 -1855.691108 -1856.023853 -1856.218475 -1856.398815 -1856.685277 -1856.721012 -1856.626981 -1856.556371 -1856.508459 -1856.478462 -1856.463618 -1856.492436 -1856.438117 -1856.435705 -1856.435645 -1856.435644 -1856.435644 -1856.435644 -1856.435644 -1856.435644 -1856.435645 -1856.435645 -1856.435646 -1856.435647 -1856.435649 -1856.435652 -1856.435655 -1856.435660 -1856.435666 -1856.435675 -1856.435687 -1856.435704 -1856.435726 -1856.435755 -1856.435795 -1856.435847 -1856.435916 -1856.436006 -1856.436124 -1856.436277 -1856.436473 -1856.436726 -1856.437050 -1856.437463 -1856.437987 -1856.438650 -1856.439486 -1856.440539 -1856.441859 -1856.443515 -1856.445586 -1856.448177 -1856.451418 -1856.455479 -1856.460581 -1856.467017 -1856.475196 -1856.485704 -1856.499451 -1856.518777 -1856.600785 -1859.479717 -9999.0 -9999.0
-9999.0 -9999.0 -1845.795140 -1853.964832 -1855.649801 -1856.168079 -1856.342546 -1856.403035 -1856.424112 -1856.431530 -1856.434170 -1856.435115 -1856.435454 -1856.435576 -1856.435619 -1856.435635 -1856.435640 -1856.435642 -1856.435643 -1856.435643 -1856.435644 -1856.435644 -1856.435644 -1856.435644 -1856.435644 -1856.435644 -1856.435644 -1856.435644 -1856.435644 -1856.435643 -1856.435643 -1856.435643 -1856.435643 -1856.435637 -1856.435564 -1856.434914 -1856.430730 -1856.410811 -1856.339246 -1856.139835 -1855.691108 -1856.023853 -1856.218475 -1856.398815 -1856.685277 -1856.721012 -1856.626981 -1856.556371 -1856.508459 -1856.478462 -1856.463618 -1856.492436 -1856.438117 -1856.435705 -1856.435645 -1856.435644 -1856.435644 -1856.435644 -1856.435644 -1856.435644 -1856.435645 -1856.435645 -1856.435646 -1856.435647 -1856.435649 -1856.435652 -1856.435655 -1856.435660 -1856.435666 -1856.435675 -1856.435687 -1856.435704 -1856.435726 -1856.435755 -1856.435795 -1856.435847 -1856.435916 -1856.436006 -1856.436124 -1856.436277 -1856.436473 -1856.436726 -1856.437050 -1856.437463 -1856.437987 -1856.438650 -1856.439486 -1856.440539 -1856.441859 -1856.443515 -1856.445586 -1856.448177 -1856.451418 -1856.455479 -1856.460581 -1856.467017 -1856.475196 -1856.485704 -1856.499451 -1856.518777 -1856.600785 -1859.479717 -9999.0 -9999.0
-9999.0 -9999.0 -9999.0 -9999.0 -9999.0 -9999.0 -9999.0 -9999.0 -9999.0 -9999.0 -9999.0 -9999.0 -9999.0 -9999.0 -9999.0 -9999.0 -9999.0 -9999.0 -9999.0 -9999.0 -9999.0 -9999.0 -9999.0 -9999.0 -9999.0 -9999.0 -9999.0 -9999.0 -9999.0 -9999.0 -9999.0 -9999.0 -9999.0 -9999.0 -9999.0 -9999.0 -9999.0 -9999.0 -9999.0 -9999.0 -9999.0 -9999.0 -9999.0 -9999.0 -9999.0 -9999.0 -9999.0 -9999.0 -9999.0 -9999.0 -9999.0 -9999.0 -9999.0 -9999.0 -9999.0 -9999.0 -9999.0 -9999.0 -9999.0 -9999.0 -9999.0 -9999.0 -9999.0 -9999.0 -9999.0 -9999.0 -9999.0 -9999.0 -9999.0 -9999.0 -9999.0 -9999.0 -9999.0 -9999.0 -9999.0 -9999.0 -9999.0 -9999.0 -9999.0 -9999.0 -9999.0 -9999.0 -9999.0 -9999.0 -9999.0 -9999.0 -9999.0 -9999.0 -9999.0 -9999.0 -9999.0 -9999.0 -9999.0 -9999.0 -9999.0 -9999.0 -9999.0 -9999.0 -9999.0 -9999.0 -9999.0 -9999.0 -9999.0 -9999.0
-9999.0 -9999.0 -9999.0 -9999.0 -9999.0 -9999.0 -9999.0 -9999.0 -9999.0 -9999.0 -9999.0 -9999.0 -9999.0 -9999.0 -9999.0 -9999.0 -9999.0 -9999.0 -9999.0 -9999.0 -9999.0 -9999.0 -9999.0 -9999.0 -9999.0 -9999.0 -9999.0 -9999.0 -9999.0 -9999.0 -9999.0 -9999.0 -9999.0 -9999.0 -9999.0 -9999.0 -9999.0 -9999.0 -9999.0 -9999.0 -9999.0 -9999.0 -9999.0 -9999.0 -9999.0 -9999.0 -9999.0 -9999.0 -9999.0 -9999.0 -9999.0 -9999.0 -9999.0 -9999.0 -9999.0 -9999.0 -9999.0 -9999.0 -9999.0 -9999.0 -9999.0 -9999.0 -9999.0 -9999.0 -9999.0 -9999.0 -9999.0 -9999.0 -9999.0 -9999.0 -9999.0 -9999.0 -9999.0 -9999.0 -9999.0 -9999.0 -9999.0 -9999.0 -9999.0 -9999.0 -9999.0 -9999.0 -9999.0 -9999.0 -9999.0 -9999.0 -9999.0 -9999.0 -9999.0 -9999.0 -9999.0 -9999.0 -9999.0 -9999.0 -9999.0 -9999.0 -9999.0 -9999.0 -9999.0 -9999.0 -9999.0 -9999.0 -9999.0 -9999.0