tests/3D/superslab/out/maps3D/thetaliqL0012N0005.asc
ncols         104
nrows         10
xllcorner     -2.000000
yllcorner     0.000000
cellsize      1.000000
NODATA_value  -9999.0
-9999.0 -9999.0 -9999.0 -9999.0 -9999.0 -9999.0 -9999.0 -9999.0 -9999.0 -9999.0 -9999.0 -9999.0 -9999.0 -9999.0 -9999.0 -9999.0 -9999.0 -9999.0 -9999.0 -9999.0 -9999.0 -9999.0 -9999.0 -9999.0 -9999.0 -9999.0 -9999.0 -9999.0 -9999.0 -9999.0 -9999.0 -9999.0 -9999.0 -9999.0 -9999.0 -9999.0 -9999.0 -9999.0 -9999.0 -9999.0 -9999.0 -9999.0 -9999.0 -9999.0 -9999.0 -9999.0 -9999.0 -9999.0 -9999.0 -9999.0 -9999.0 -9999.0 -9999.0 -9999.0 -9999.0 -9999.0 -9999.0 -9999.0 -9999.0 -9999.0 -9999.0 -9999.0 -9999.0 -9999.0 -9999.0 -9999.0 -9999.0 -9999.0 -9999.0 -9999.0 -9999.0 -9999.0 -9999.0 -9999.0 -9999.0 -9999.0 -9999.0 -9999.0 -9999.0 -9999.0 -9999.0 -9999.0 -9999.0 -9999.0 -9999.0 -9999.0 -9999.0 -9999.0 -9999.0 -9999.0 -9999.0 -9999.0 -9999.0 -9999.0 -9999.0 -9999.0 -9999.0 -9999.0 -9999.0 -9999.0 -9999.0 -9999.0 -9999.0 -9999.0
-9999.0 -9999.0 -9999.0 -9999.0 -9999.0 -9999.0 -9999.0 -9999.0 -9999.0 -9999.0 -9999.0 -9999.0 -9999.0 -9999.0 -9999.0 -9999.0 -9999.0 -9999.0 -9999.0 -9999.0 -9999.0 -9999.0 -9999.0 -9999.0 -9999.0 -9999.0 -9999.0 -9999.0 -9999.0 -9999.0 -9999.0 -9999.0 -9999.0 -9999.0 -9999.0 -9999.0 -9999.0 -9999.0 -9999.0 -9999.0 -9999.0 -9999.0 -9999.0 -9999.0 -9999.0 -9999.0 -9999.0 -9999.0 -9999.0 -9999.0 -9999.0 -9999.0 -9999.0 -9999.0 -9999.0 -9999.0 -9999.0 -9999.0 -9999.0 -9999.0 -9999.0 -9999.0 -9999.0 -9999.0 -9999.0 -9999.0 -9999.0 -9999.0 -9999.0 -9999.0 -9999.0 -9999.0 -9999.0 -9999.0 -9999.0 -9999.0 -9999.0 -9999.0 -9999.0 -9999.0 -9999.0 -9999.0 -9999.0 -9999.0 -9999.0 -9999.0 -9999.0 -9999.0 -9999.0 -9999.0 -9999.0 -9999.0 -9999.0 -9999.0 -9999.0 -9999.0 -9999.0 -9999.0 -9999.0 -9999.0 -9999.0 -9999.0 -9999.0 -9999.0
-9999.0 -9999.0 0.100000 0.100000 0.100000 0.100000 0.100000 0.100000 0.091727 0.075445 0.062331 0.056089 0.053254 0.051968 0.051717 0.052478 0.099443 0.099973 0.100000 0.100000 0.100000 0.100000 0.100000 0.100000 0.100000 0.098430 0.085925 0.072588 0.063792 0.058888 0.056389 0.055189 0.054642 0.054417 0.054364 0.054429 0.054605 0.054863 0.055795 0.064251 0.066926 0.057690 0.038566 0.033618 0.033618 0.033618 0.033618 0.033618 0.033618 0.033618 0.033618 0.033618 0.033618 0.033618 0.033618 0.033618 0.033618 0.033618 0.033618 0.033618 0.033619 0.039377 0.067562 0.059518 0.057020 0.055757 0.055041 0.054616 0.054357 0.054198 0.054099 0.054036 0.053997 0.053972 0.053956 0.053946 0.053939 0.053935 0.053932 0.053930 0.053928 0.053925 0.053922 0.053917 0.053910 0.053900 0.053882 0.053856 0.053813 0.053747 0.053644 0.053482 0.053233 0.052853 0.052284 0.051454 0.050289 0.048732 0.046768 0.044410 0.041476 0.037720 -9999.0 -9999.0
-9999.0 -9999.0 0.100000 0.100000 0.100000 0.100000 0.100000 0.100000 0.091727 0.075445 0.062331 0.056089 0.053254 0.051968 0.051717 0.052478 0.099443 0.099973 0.100000 0.100000 0.100000 0.100000 0.100000 0.100000 0.100000 0.098430 0.085925 0.072588 0.063792 0.058888 0.056389 0.055189 0.054642 0.054417 0.054364 0.054429 0.054605 0.054863 0.055795 0.064251 0.066926 0.057690 0.038566 0.033618 0.033618 0.033618 0.033618 0.033618 0.033618 0.033618 0.033618 0.033618 0.033618 0.033618 0.033618 0.033618 0.033618 0.033618 0.033618 0.033618 0.033619 0.039377 0.067562 0.059518 0.057020 0.055757 0.055041 0.054616 0.054357 0.054198 0.054099 0.054036 0.053997 0.053972 0.053956 0.053946 0.053939 0.053935 0.053932 0.053930 0.053928 0.053925 0.053922 0.053917 0.053910 0.053900 0.053882 0.053856 0.053813 0.053747 0.053644 0.053482 0.053233 0.052853 0.052284 0.051454 0.050289 0.048732 0.046768 0.044410 0.041476 0.037720 -9999.0 -9999.0
-9999.0 -9999.0 0.100000 0.100000 0.100000 0.100000 0.100000 0.100000 0.091727 0.075445 0.062331 0.056089 0.053254 0.051968 0.051717 0.052478 0.099443 0.099973 0.100000 0.100000 0.100000 0.100000 0.100000 0.100000 0.100000 0.098430 0.085925 0.072588 0.063792 0.058888 0.056389 0.055189 0.054642 0.054417 0.054364 0.054429 0.054605 0.054863 0.055795 0.064251 0.066926 0.057690 0.038566 0.033618 0.033618 0.033618 0.033618 0.033618 0.033618 0.033618 0.033618 0.033618 0.033618 0.033618 0.033618 0.033618 0.033618 0.033618 0.033618 0.033618 0.033619 0.039377 0.067562 0.059518 0.057020 0.055757 0.055041 0.054616 0.054357 0.054198 0.054099 0.054036 0.053997 0.053972 0.053956 0.053946 0.053939 0.053935 0.053932 0.053930 0.053928 0.053925 0.053922 0.053917 0.053910 0.053900 0.053882 0.053856 0.053813 0.053747 0.053644 0.053482 0.053233 0.052853 0.052284 0.051454 0.050289 0.048732 0.046768 0.044410 0.041476 0.037720 -9999.0 -9999.0
-9999.0 -9999.0 0.100000 0.100000 0.100000 0.100000 0.100000 0.100000 0.091727 0.075445 0.062331 0.056089 0.053254 0.051968 0.051717 0.052478 0.099443 0.099973 0.100000 0.100000 0.100000 0.100000 0.100000 0.100000 0.100000 0.098430 0.085925 0.072588 0.063792 0.058888 0.056389 0.055189 0.054642 0.054417 0.054364 0.054429 0.054605 0.054863 0.055795 0.064251 0.066926 0.057690 0.038566 0.033618 0.033618 0.033618 0.033618 0.033618 0.033618 0.033618 0.033618 0.033618 0.033618 0.033618 0.033618 0.033618 0.033618 0.033618 0.033618 0.033618 0.033619 0.039377 0.067562 0.059518 0.057020 0.055757 0.055041 0.054616 0.054357 0.054198 0.054099 0.054036 0.053997 0.053972 0.053956 0.053946 0.053939 0.053935 0.053932 0.053930 0.053928 0.053925 0.053922 0.053917 0.053910 0.053900 0.053882 0.053856 0.053813 0.053747 0.053644 0.053482 0.053233 0.052853 0.052284 0.051454 0.050289 0.048732 0.046768 0.044410 0.041476 0.037720 -9999.0 -9999.0
-9999.0 -9999.0 0.100000 0.100000 0.100000 0.100000 0.100000 0.100000 0.091727 0.075445 0.062331 0.056089 0.053254 0.051968 0.051717 0.052478 0.099443 0.099973 0.100000 0.100000 0.100000 0.100000 0.100000 0.100000 0.100000 0.098430 0.085925 0.072588 0.063792 0.058888 0.056389 0.055189 0.054642 0.054417 0.054364 0.054429 0.054605 0.054863 0.055795 0.064251 0.066926 0.057690 0.038566 0.033618 0.033618 0.033618 0.033618 0.033618 0.033618 0.033618 0.033618 0.033618 0.033618 0.033618 0.033618 0.033618 0.033618 0.033618 0.033618 0.033618 0.033619 0.039377 0.067562 0.059518 0.057020 0.055757 0.055041 0.054616 0.054357 0.054198 0.054099 0.054036 0.053997 0.053972 0.053956 0.053946 0.053939 0.053935 0.053932 0.053930 0.053928 0.053925 0.053922 0.053917 0.053910 0.053900 0.053882 0.053856 0.053813 0.053747 0.053644 0.053482 0.053233 0.052853 0.052284 0.051454 0.050289 0.048732 0.046768 0.044410 0.041476 0.037720 -9999.0 -9999.0
-9999.0 -9999.0 0.100000 0.100000 0.100000 0.100000 0.100000 0.100000 0.091727 0.075445 0.062331 0.056089 0.053254 0.051968 0.051717 0.052478 0.099443 0.099973 0.100000 0.100000 0.100000 0.100000 0.100000 0.100000 0.100000 0.098430 0.085925 0.072588 0.063792 0.058888 0.056389 0.055189 0.054642 0.054417 0.054364 0.054429 0.054605 0.054863 0.055795 0.064251 0.066926 0.057690 0.038566 0.033618 0.033618 0.033618 0.033618 0.033618 0.033618 0.033618 0.033618 0.033618 0.033618 0.033618 0.033618 0.033618 0.033618 0.033618 0.033618 0.033618 0.033619 0.039377 0.067562 0.059518 0.057020 0.055757 0.055041 0.054616 0.054357 0.054198 0.054099 0.054036 0.053997 0.053972 0.053956 0.053946 0.053939 0.053935 0.053932 0.053930 0.053928 0.053925 0.053922 0.053917 0.053910 0.053900 0.053882 0.053856 0.053813 0.053747 0.053644 0.053482 0.053233 0.052853 0.052284 0.051454 0.050289 0.048732 0.046768 0.044410 0.041476 0.037720 -9999.0 -9999.0
-9999.0 -9999.0 -9999.0 -9999.0 -9999.0 -9999.0 -9999.0 -9999.0 -9999.0 -9999.0 -9999.0 -9999.0 -9999.0 -9999.0 -9999.0 -9999.0 -9999.0 -9999.0 -9999.0 -9999.0 -9999.0 -9999.0 -9999.0 -9999.0 -9999.0 -9999.0 -9999.0 -9999.0 -9999.0 -9999.0 -9999.0 -9999.0 -9999.0 -9999.0 -9999.0 -9999.0 -9999.0 -9999.0 -9999.0 -9999.0 -9999.0 -9999.0 -9999.0 -9999.0 -9999.0 -9999.0 -9999.0 -9999.0 -9999.0 -9999.0 -9999.0 -9999.0 -9999.0 -9999.0 -9999.0 -9999.0 -9999.0 -9999.0 -9999.0 -9999.0 -9999.0 -9999.0 -9999.0 -9999.0 -9999.0 -9999.0 -9999.0 -9999.0 -9999.0 -9999.0 -9999.0 -9999.0 -9999.0 -9999.0 -9999.0 -9999.0 -9999.0 -9999.0 -9999.0 -9999.0 -9999.0 -9999.0 -9999.0 -9999.0 -9999.0 -9999.0 -9999.0 -9999.0 -9999.0 -9999.0 -9999.0 -9999.0 -9999.0 -9999.0 -9999.0 -9999.0 -9999.0 -9999.0 -9999.0 -9999.0 -9999.0 -9999.0 -9999.0 -9999.0
-9999.0 -9999.0 -9999.0 -9999.0 -9999.0 -9999.0 -9999.0 -9999.0 -9999.0 -9999.0 -9999.0 -9999.0 -9999.0 -9999.0 -9999.0 -9999.0 -9999.0 -9999.0 -9999.0 -9999.0 -9999.0 -9999.0 -9999.0 -9999.0 -9999.0 -9999.0 -9999.0 -9999.0 -9999.0 -9999.0 -9999.0 -9999.0 -9999.0 -9999.0 -9999.0 -9999.0 -9999.0 -9999.0 -9999.0 -9999.0 -9999.0 -9999.0 -9999.0 -9999.0 -9999.0 -9999.0 -9999.0 -9999.0 -9999.0 -9999.0 -9999.0 -9999.0 -9999.0 -9999.0 -9999.0 -9999.0 -9999.0 -9999.0 -9999.0 -9999.0 -9999.0 -9999.0 -9999.0 -9999.0 -9999.0 -9999.0 -9999.0 -9999.0 -9999.0 -9999.0 -9999.0 -9999.0 -9999.0 -9999.0 -9999.0 -9999.0 -9999.0 -9999.0 -9999.0 -9999.0 -9999.0 -9999.0 -9999.0 -9999.0 -9999.0 -9999.0 -9999.0 -9999.0 -9999.0 -9999.0 -9999.0 -9999.0 -9999.0 -9999.0 -9999.0 -9999.0 -9999.0 -9999.0 -9999.0 -9999.0 -9999.0 -9999.0 -9999.0 -9999.0