tests/3D/superslab/out/maps3D/thetaliqL0100N0006.asc
ncols         104
nrows         10
xllcorner     -2.000000
yllcorner     0.000000
cellsize      1.000000
NODATA_value  -9999.0
-9999.0 -9999.0 -9999.0 -9999.0 -9999.0 -9999.0 -9999.0 -9999.0 -9999.0 -9999.0 -9999.0 -9999.0 -9999.0 -9999.0 -9999.0 -9999.0 -9999.0 -9999.0 -9999.0 -9999.0 -9999.0 -9999.0 -9999.0 -9999.0 -9999.0 -9999.0 -9999.0 -9999.0 -9999.0 -9999.0 -9999.0 -9999.0 -9999.0 -9999.0 -9999.0 -9999.0 -9999.0 -9999.0 -9999.0 -9999.0 -9999.0 -9999.0 -9999.0 -9999.0 -9999.0 -9999.0 -9999.0 -9999.0 -9999.0 -9999.0 -9999.0 -9999.0 -9999.0 -9999.0 -9999.0 -9999.0 -9999.0 -9999.0 -9999.0 -9999.0 -9999.0 -9999.0 -9999.0 -9999.0 -9999.0 -9999.0 -9999.0 -9999.0 -9999.0 -9999.0 -9999.0 -9999.0 -9999.0 -9999.0 -9999.0 -9999.0 -9999.0 -9999.0 -9999.0 -9999.0 -9999.0 -9999.0 -9999.0 -9999.0 -9999.0 -9999.0 -9999.0 -9999.0 -9999.0 -9999.0 -9999.0 -9999.0 -9999.0 -9999.0 -9999.0 -9999.0 -9999.0 -9999.0 -9999.0 -9999.0 -9999.0 -9999.0 -9999.0 -9999.0
-9999.0 -9999.0 -9999.0 -9999.0 -9999.0 -9999.0 -9999.0 -9999.0 -9999.0 -9999.0 -9999.0 -9999.0 -9999.0 -9999.0 -9999.0 -9999.0 -9999.0 -9999.0 -9999.0 -9999.0 -9999.0 -9999.0 -9999.0 -9999.0 -9999.0 -9999.0 -9999.0 -9999.0 -9999.0 -9999.0 -9999.0 -9999.0 -9999.0 -9999.0 -9999.0 -9999.0 -9999.0 -9999.0 -9999.0 -9999.0 -9999.0 -9999.0 -9999.0 -9999.0 -9999.0 -9999.0 -9999.0 -9999.0 -9999.0 -9999.0 -9999.0 -9999.0 -9999.0 -9999.0 -9999.0 -9999.0 -9999.0 -9999.0 -9999.0 -9999.0 -9999.0 -9999.0 -9999.0 -9999.0 -9999.0 -9999.0 -9999.0 -9999.0 -9999.0 -9999.0 -9999.0 -9999.0 -9999.0 -9999.0 -9999.0 -9999.0 -9999.0 -9999.0 -9999.0 -9999.0 -9999.0 -9999.0 -9999.0 -9999.0 -9999.0 -9999.0 -9999.0 -9999.0 -9999.0 -9999.0 -9999.0 -9999.0 -9999.0 -9999.0 -9999.0 -9999.0 -9999.0 -9999.0 -9999.0 -9999.0 -9999.0 -9999.0 -9999.0 -9999.0
-9999.0 -9999.0 0.100000 0.100000 0.100000 0.100000 0.100000 0.100000 0.100000 0.100000 0.099998 0.099665 0.099368 0.099227 0.099169 0.099146 0.099137 0.099134 0.099133 0.099132 0.099132 0.099132 0.099132 0.099132 0.099132 0.099131 0.099131 0.099131 0.099130 0.099129 0.099128 0.099127 0.099125 0.099123 0.099121 0.099117 0.099113 0.099108 0.099102 0.099095 0.099086 0.099075 0.099063 0.099048 0.099031 0.099011 0.098989 0.098963 0.098933 0.098900 0.098862 0.098820 0.098774 0.098723 0.098666 0.098603 0.098534 0.098458 0.098375 0.098285 0.098186 0.098079 0.097963 0.097837 0.097701 0.097554 0.097395 0.097225 0.097041 0.096844 0.096632 0.096405 0.096161 0.095900 0.095620 0.095320 0.094998 0.094654 0.094285 0.093889 0.093465 0.093010 0.092522 0.091997 0.091432 0.090824 0.090166 0.089456 0.088685 0.087847 0.086932 0.085930 0.084826 0.083603 0.082238 0.080701 0.078950 0.076923 0.074528 0.071609 0.067879 0.062669 -9999.0 -9999.0
-9999.0 -9999.0 0.100000 0.100000 0.100000 0.100000 0.100000 0.100000 0.100000 0.100000 0.099998 0.099665 0.099368 0.099227 0.099169 0.099146 0.099137 0.099134 0.099133 0.099132 0.099132 0.099132 0.099132 0.099132 0.099132 0.099131 0.099131 0.099131 0.099130 0.099129 0.099128 0.099127 0.099125 0.099123 0.099121 0.099117 0.099113 0.099108 0.099102 0.099095 0.099086 0.099075 0.099063 0.099048 0.099031 0.099011 0.098989 0.098963 0.098933 0.098900 0.098862 0.098820 0.098774 0.098723 0.098666 0.098603 0.098534 0.098458 0.098375 0.098285 0.098186 0.098079 0.097963 0.097837 0.097701 0.097554 0.097395 0.097225 0.097041 0.096844 0.096632 0.096405 0.096161 0.095900 0.095620 0.095320 0.094998 0.094654 0.094285 0.093889 0.093465 0.093010 0.092522 0.091997 0.091432 0.090824 0.090166 0.089456 0.088685 0.087847 0.086932 0.085930 0.084826 0.083603 0.082238 0.080701 0.078950 0.076923 0.074528 0.071609 0.067879 0.062669 -9999.0 -9999.0
-9999.0 -9999.0 0.100000 0.100000 0.100000 0.100000 0.100000 0.100000 0.100000 0.100000 0.099998 0.099665 0.099368 0.099227 0.099169 0.099146 0.099137 0.099134 0.099133 0.099132 0.099132 0.099132 0.099132 0.099132 0.099132 0.099131 0.099131 0.099131 0.099130 0.099129 0.099128 0.099127 0.099125 0.099123 0.099121 0.099117 0.099113 0.099108 0.099102 0.099095 0.099086 0.099075 0.099063 0.099048 0.099031 0.099011 0.098989 0.098963 0.098933 0.098900 0.098862 0.098820 0.098774 0.098723 0.098666 0.098603 0.098534 0.098458 0.098375 0.098285 0.098186 0.098079 0.097963 0.097837 0.097701 0.097554 0.097395 0.097225 0.097041 0.096844 0.096632 0.096405 0.096161 0.095900 0.095620 0.095320 0.094998 0.094654 0.094285 0.093889 0.093465 0.093010 0.092522 0.091997 0.091432 0.090824 0.090166 0.089456 0.088685 0.087847 0.086932 0.085930 0.084826 0.083603 0.082238 0.080701 0.078950 0.076923 0.074528 0.071609 0.067879 0.062669 -9999.0 -9999.0
-9999.0 -9999.0 0.100000 0.100000 0.100000 0.100000 0.100000 0.100000 0.100000 0.100000 0.099998 0.099665 0.099368 0.099227 0.099169 0.099146 0.099137 0.099134 0.099133 0.099132 0.099132 0.099132 0.099132 0.099132 0.099132 0.099131 0.099131 0.099131 0.099130 0.099129 0.099128 0.099127 0.099125 0.099123 0.099121 0.099117 0.099113 0.099108 0.099102 0.099095 0.099086 0.099075 0.099063 0.099048 0.099031 0.099011 0.098989 0.098963 0.098933 0.098900 0.098862 0.098820 0.098774 0.098723 0.098666 0.098603 0.098534 0.098458 0.098375 0.098285 0.098186 0.098079 0.097963 0.097837 0.097701 0.097554 0.097395 0.097225 0.097041 0.096844 0.096632 0.096405 0.096161 0.095900 0.095620 0.095320 0.094998 0.094654 0.094285 0.093889 0.093465 0.093010 0.092522 0.091997 0.091432 0.090824 0.090166 0.089456 0.088685 0.087847 0.086932 0.085930 0.084826 0.083603 0.082238 0.080701 0.078950 0.076923 0.074528 0.071609 0.067879 0.062669 -9999.0 -9999.0
-9999.0 -9999.0 0.100000 0.100000 0.100000 0.100000 0.100000 0.100000 0.100000 0.100000 0.099998 0.099665 0.099368 0.099227 0.099169 0.099146 0.099137 0.099134 0.099133 0.099132 0.099132 0.099132 0.099132 0.099132 0.099132 0.099131 0.099131 0.099131 0.099130 0.099129 0.099128 0.099127 0.099125 0.099123 0.099121 0.099117 0.099113 0.099108 0.099102 0.099095 0.099086 0.099075 0.099063 0.099048 0.099031 0.099011 0.098989 0.098963 0.098933 0.098900 0.098862 0.098820 0.098774 0.098723 0.098666 0.098603 0.098534 0.098458 0.098375 0.098285 0.098186 0.098079 0.097963 0.097837 0.097701 0.097554 0.097395 0.097225 0.097041 0.096844 0.096632 0.096405 0.096161 0.095900 0.095620 0.095320 0.094998 0.094654 0.094285 0.093889 0.093465 0.093010 0.092522 0.091997 0.091432 0.090824 0.090166 0.089456 0.088685 0.087847 0.086932 0.085930 0.084826 0.083603 0.082238 0.080701 0.078950 0.076923 0.074528 0.071609 0.067879 0.062669 -9999.0 -9999.0
-9999.0 -9999.0 0.100000 0.100000 0.100000 0.100000 0.100000 0.100000 0.100000 0.100000 0.099998 0.099665 0.099368 0.099227 0.099169 0.099146 0.099137 0.099134 0.099133 0.099132 0.099132 0.099132 0.099132 0.099132 0.099132 0.099131 0.099131 0.099131 0.099130 0.099129 0.099128 0.099127 0.099125 0.099123 0.099121 0.099117 0.099113 0.099108 0.099102 0.099095 0.099086 0.099075 0.099063 0.099048 0.099031 0.099011 0.098989 0.098963 0.098933 0.098900 0.098862 0.098820 0.098774 0.098723 0.098666 0.098603 0.098534 0.098458 0.098375 0.098285 0.098186 0.098079 0.097963 0.097837 0.097701 0.097554 0.097395 0.097225 0.097041 0.096844 0.096632 0.096405 0.096161 0.095900 0.095620 0.095320 0.094998 0.094654 0.094285 0.093889 0.093465 0.093010 0.092522 0.091997 0.091432 0.090824 0.090166 0.089456 0.088685 0.087847 0.086932 0.085930 0.084826 0.083603 0.082238 0.080701 0.078950 0.076923 0.074528 0.071609 0.067879 0.062669 -9999.0 -9999.0
-9999.0 -9999.0 -9999.0 -9999.0 -9999.0 -9999.0 -9999.0 -9999.0 -9999.0 -9999.0 -9999.0 -9999.0 -9999.0 -9999.0 -9999.0 -9999.0 -9999.0 -9999.0 -9999.0 -9999.0 -9999.0 -9999.0 -9999.0 -9999.0 -9999.0 -9999.0 -9999.0 -9999.0 -9999.0 -9999.0 -9999.0 -9999.0 -9999.0 -9999.0 -9999.0 -9999.0 -9999.0 -9999.0 -9999.0 -9999.0 -9999.0 -9999.0 -9999.0 -9999.0 -9999.0 -9999.0 -9999.0 -9999.0 -9999.0 -9999.0 -9999.0 -9999.0 -9999.0 -9999.0 -9999.0 -9999.0 -9999.0 -9999.0 -9999.0 -9999.0 -9999.0 -9999.0 -9999.0 -9999.0 -9999.0 -9999.0 -9999.0 -9999.0 -9999.0 -9999.0 -9999.0 -9999.0 -9999.0 -9999.0 -9999.0 -9999.0 -9999.0 -9999.0 -9999.0 -9999.0 -9999.0 -9999.0 -9999.0 -9999.0 -9999.0 -9999.0 -9999.0 -9999.0 -9999.0 -9999.0 -9999.0 -9999.0 -9999.0 -9999.0 -9999.0 -9999.0 -9999.0 -9999.0 -9999.0 -9999.0 -9999.0 -9999.0 -9999.0 -9999.0
-9999.0 -9999.0 -9999.0 -9999.0 -9999.0 -9999.0 -9999.0 -9999.0 -9999.0 -9999.0 -9999.0 -9999.0 -9999.0 -9999.0 -9999.0 -9999.0 -9999.0 -9999.0 -9999.0 -9999.0 -9999.0 -9999.0 -9999.0 -9999.0 -9999.0 -9999.0 -9999.0 -9999.0 -9999.0 -9999.0 -9999.0 -9999.0 -9999.0 -9999.0 -9999.0 -9999.0 -9999.0 -9999.0 -9999.0 -9999.0 -9999.0 -9999.0 -9999.0 -9999.0 -9999.0 -9999.0 -9999.0 -9999.0 -9999.0 -9999.0 -9999.0 -9999.0 -9999.0 -9999.0 -9999.0 -9999.0 -9999.0 -9999.0 -9999.0 -9999.0 -9999.0 -9999.0 -9999.0 -9999.0 -9999.0 -9999.0 -9999.0 -9999.0 -9999.0 -9999.0 -9999.0 -9999.0 -9999.0 -9999.0 -9999.0 -9999.0 -9999.0 -9999.0 -9999.0 -9999.0 -9999.0 -9999.0 -9999.0 -9999.0 -9999.0 -9999.0 -9999.0 -9999.0 -9999.0 -9999.0 -9999.0 -9999.0 -9999.0 -9999.0 -9999.0 -9999.0 -9999.0 -9999.0 -9999.0 -9999.0 -9999.0 -9999.0 -9999.0 -9999.0