tests/3D/superslab/out/maps3D/thetaliqL0097N0005.asc
ncols         104
nrows         10
xllcorner     -2.000000
yllcorner     0.000000
cellsize      1.000000
NODATA_value  -9999.0
-9999.0 -9999.0 -9999.0 -9999.0 -9999.0 -9999.0 -9999.0 -9999.0 -9999.0 -9999.0 -9999.0 -9999.0 -9999.0 -9999.0 -9999.0 -9999.0 -9999.0 -9999.0 -9999.0 -9999.0 -9999.0 -9999.0 -9999.0 -9999.0 -9999.0 -9999.0 -9999.0 -9999.0 -9999.0 -9999.0 -9999.0 -9999.0 -9999.0 -9999.0 -9999.0 -9999.0 -9999.0 -9999.0 -9999.0 -9999.0 -9999.0 -9999.0 -9999.0 -9999.0 -9999.0 -9999.0 -9999.0 -9999.0 -9999.0 -9999.0 -9999.0 -9999.0 -9999.0 -9999.0 -9999.0 -9999.0 -9999.0 -9999.0 -9999.0 -9999.0 -9999.0 -9999.0 -9999.0 -9999.0 -9999.0 -9999.0 -9999.0 -9999.0 -9999.0 -9999.0 -9999.0 -9999.0 -9999.0 -9999.0 -9999.0 -9999.0 -9999.0 -9999.0 -9999.0 -9999.0 -9999.0 -9999.0 -9999.0 -9999.0 -9999.0 -9999.0 -9999.0 -9999.0 -9999.0 -9999.0 -9999.0 -9999.0 -9999.0 -9999.0 -9999.0 -9999.0 -9999.0 -9999.0 -9999.0 -9999.0 -9999.0 -9999.0 -9999.0 -9999.0
-9999.0 -9999.0 -9999.0 -9999.0 -9999.0 -9999.0 -9999.0 -9999.0 -9999.0 -9999.0 -9999.0 -9999.0 -9999.0 -9999.0 -9999.0 -9999.0 -9999.0 -9999.0 -9999.0 -9999.0 -9999.0 -9999.0 -9999.0 -9999.0 -9999.0 -9999.0 -9999.0 -9999.0 -9999.0 -9999.0 -9999.0 -9999.0 -9999.0 -9999.0 -9999.0 -9999.0 -9999.0 -9999.0 -9999.0 -9999.0 -9999.0 -9999.0 -9999.0 -9999.0 -9999.0 -9999.0 -9999.0 -9999.0 -9999.0 -9999.0 -9999.0 -9999.0 -9999.0 -9999.0 -9999.0 -9999.0 -9999.0 -9999.0 -9999.0 -9999.0 -9999.0 -9999.0 -9999.0 -9999.0 -9999.0 -9999.0 -9999.0 -9999.0 -9999.0 -9999.0 -9999.0 -9999.0 -9999.0 -9999.0 -9999.0 -9999.0 -9999.0 -9999.0 -9999.0 -9999.0 -9999.0 -9999.0 -9999.0 -9999.0 -9999.0 -9999.0 -9999.0 -9999.0 -9999.0 -9999.0 -9999.0 -9999.0 -9999.0 -9999.0 -9999.0 -9999.0 -9999.0 -9999.0 -9999.0 -9999.0 -9999.0 -9999.0 -9999.0 -9999.0
-9999.0 -9999.0 0.100000 0.100000 0.100000 0.100000 0.100000 0.097027 0.087809 0.080928 0.077623 0.076291 0.075776 0.075580 0.075505 0.075477 0.075466 0.075462 0.075461 0.075460 0.075460 0.075460 0.075460 0.075460 0.075460 0.075460 0.075460 0.075460 0.075460 0.075460 0.075460 0.075460 0.075459 0.075459 0.075459 0.075458 0.075457 0.075456 0.075454 0.075452 0.075449 0.075445 0.075439 0.075433 0.075424 0.075412 0.075398 0.075381 0.075359 0.075333 0.075300 0.075261 0.075221 0.075171 0.075114 0.075047 0.074972 0.074887 0.074792 0.074686 0.074570 0.074443 0.074304 0.074154 0.073991 0.073817 0.073631 0.073433 0.073222 0.072999 0.072764 0.072515 0.072254 0.071980 0.071693 0.071392 0.071078 0.070749 0.070406 0.070048 0.069673 0.069283 0.068874 0.068447 0.068000 0.067532 0.067040 0.066522 0.065976 0.065398 0.064785 0.064130 0.063428 0.062669 0.061844 0.060936 0.059924 0.058777 0.057446 0.055846 0.053812 0.050940 -9999.0 -9999.0
-9999.0 -9999.0 0.100000 0.100000 0.100000 0.100000 0.100000 0.097027 0.087809 0.080928 0.077623 0.076291 0.075776 0.075580 0.075505 0.075477 0.075466 0.075462 0.075461 0.075460 0.075460 0.075460 0.075460 0.075460 0.075460 0.075460 0.075460 0.075460 0.075460 0.075460 0.075460 0.075460 0.075459 0.075459 0.075459 0.075458 0.075457 0.075456 0.075454 0.075452 0.075449 0.075445 0.075439 0.075433 0.075424 0.075412 0.075398 0.075381 0.075359 0.075333 0.075300 0.075261 0.075221 0.075171 0.075114 0.075047 0.074972 0.074887 0.074792 0.074686 0.074570 0.074443 0.074304 0.074154 0.073991 0.073817 0.073631 0.073433 0.073222 0.072999 0.072764 0.072515 0.072254 0.071980 0.071693 0.071392 0.071078 0.070749 0.070406 0.070048 0.069673 0.069283 0.068874 0.068447 0.068000 0.067532 0.067040 0.066522 0.065976 0.065398 0.064785 0.064130 0.063428 0.062669 0.061844 0.060936 0.059924 0.058777 0.057446 0.055846 0.053812 0.050940 -9999.0 -9999.0
-9999.0 -9999.0 0.100000 0.100000 0.100000 0.100000 0.100000 0.097027 0.087809 0.080928 0.077623 0.076291 0.075776 0.075580 0.075505 0.075477 0.075466 0.075462 0.075461 0.075460 0.075460 0.075460 0.075460 0.075460 0.075460 0.075460 0.075460 0.075460 0.075460 0.075460 0.075460 0.075460 0.075459 0.075459 0.075459 0.075458 0.075457 0.075456 0.075454 0.075452 0.075449 0.075445 0.075439 0.075433 0.075424 0.075412 0.075398 0.075381 0.075359 0.075333 0.075300 0.075261 0.075221 0.075171 0.075114 0.075047 0.074972 0.074887 0.074792 0.074686 0.074570 0.074443 0.074304 0.074154 0.073991 0.073817 0.073631 0.073433 0.073222 0.072999 0.072764 0.072515 0.072254 0.071980 0.071693 0.071392 0.071078 0.070749 0.070406 0.070048 0.069673 0.069283 0.068874 0.068447 0.068000 0.067532 0.067040 0.066522 0.065976 0.065398 0.064785 0.064130 0.063428 0.062669 0.061844 0.060936 0.059924 0.058777 0.057446 0.055846 0.053812 0.050940 -9999.0 -9999.0
-9999.0 -9999.0 0.100000 0.100000 0.100000 0.100000 0.100000 0.097027 0.087809 0.080928 0.077623 0.076291 0.075776 0.075580 0.075505 0.075477 0.075466 0.075462 0.075461 0.075460 0.075460 0.075460 0.075460 0.075460 0.075460 0.075460 0.075460 0.075460 0.075460 0.075460 0.075460 0.075460 0.075459 0.075459 0.075459 0.075458 0.075457 0.075456 0.075454 0.075452 0.075449 0.075445 0.075439 0.075433 0.075424 0.075412 0.075398 0.075381 0.075359 0.075333 0.075300 0.075261 0.075221 0.075171 0.075114 0.075047 0.074972 0.074887 0.074792 0.074686 0.074570 0.074443 0.074304 0.074154 0.073991 0.073817 0.073631 0.073433 0.073222 0.072999 0.072764 0.072515 0.072254 0.071980 0.071693 0.071392 0.071078 0.070749 0.070406 0.070048 0.069673 0.069283 0.068874 0.068447 0.068000 0.067532 0.067040 0.066522 0.065976 0.065398 0.064785 0.064130 0.063428 0.062669 0.061844 0.060936 0.059924 0.058777 0.057446 0.055846 0.053812 0.050940 -9999.0 -9999.0
-9999.0 -9999.0 0.100000 0.100000 0.100000 0.100000 0.100000 0.097027 0.087809 0.080928 0.077623 0.076291 0.075776 0.075580 0.075505 0.075477 0.075466 0.075462 0.075461 0.075460 0.075460 0.075460 0.075460 0.075460 0.075460 0.075460 0.075460 0.075460 0.075460 0.075460 0.075460 0.075460 0.075459 0.075459 0.075459 0.075458 0.075457 0.075456 0.075454 0.075452 0.075449 0.075445 0.075439 0.075433 0.075424 0.075412 0.075398 0.075381 0.075359 0.075333 0.075300 0.075261 0.075221 0.075171 0.075114 0.075047 0.074972 0.074887 0.074792 0.074686 0.074570 0.074443 0.074304 0.074154 0.073991 0.073817 0.073631 0.073433 0.073222 0.072999 0.072764 0.072515 0.072254 0.071980 0.071693 0.071392 0.071078 0.070749 0.070406 0.070048 0.069673 0.069283 0.068874 0.068447 0.068000 0.067532 0.067040 0.066522 0.065976 0.065398 0.064785 0.064130 0.063428 0.062669 0.061844 0.060936 0.059924 0.058777 0.057446 0.055846 0.053812 0.050940 -9999.0 -9999.0
-9999.0 -9999.0 0.100000 0.100000 0.100000 0.100000 0.100000 0.097027 0.087809 0.080928 0.077623 0.076291 0.075776 0.075580 0.075505 0.075477 0.075466 0.075462 0.075461 0.075460 0.075460 0.075460 0.075460 0.075460 0.075460 0.075460 0.075460 0.075460 0.075460 0.075460 0.075460 0.075460 0.075459 0.075459 0.075459 0.075458 0.075457 0.075456 0.075454 0.075452 0.075449 0.075445 0.075439 0.075433 0.075424 0.075412 0.075398 0.075381 0.075359 0.075333 0.075300 0.075261 0.075221 0.075171 0.075114 0.075047 0.074972 0.074887 0.074792 0.074686 0.074570 0.074443 0.074304 0.074154 0.073991 0.073817 0.073631 0.073433 0.073222 0.072999 0.072764 0.072515 0.072254 0.071980 0.071693 0.071392 0.071078 0.070749 0.070406 0.070048 0.069673 0.069283 0.068874 0.068447 0.068000 0.067532 0.067040 0.066522 0.065976 0.065398 0.064785 0.064130 0.063428 0.062669 0.061844 0.060936 0.059924 0.058777 0.057446 0.055846 0.053812 0.050940 -9999.0 -9999.0
-9999.0 -9999.0 -9999.0 -9999.0 -9999.0 -9999.0 -9999.0 -9999.0 -9999.0 -9999.0 -9999.0 -9999.0 -9999.0 -9999.0 -9999.0 -9999.0 -9999.0 -9999.0 -9999.0 -9999.0 -9999.0 -9999.0 -9999.0 -9999.0 -9999.0 -9999.0 -9999.0 -9999.0 -9999.0 -9999.0 -9999.0 -9999.0 -9999.0 -9999.0 -9999.0 -9999.0 -9999.0 -9999.0 -9999.0 -9999.0 -9999.0 -9999.0 -9999.0 -9999.0 -9999.0 -9999.0 -9999.0 -9999.0 -9999.0 -9999.0 -9999.0 -9999.0 -9999.0 -9999.0 -9999.0 -9999.0 -9999.0 -9999.0 -9999.0 -9999.0 -9999.0 -9999.0 -9999.0 -9999.0 -9999.0 -9999.0 -9999.0 -9999.0 -9999.0 -9999.0 -9999.0 -9999.0 -9999.0 -9999.0 -9999.0 -9999.0 -9999.0 -9999.0 -9999.0 -9999.0 -9999.0 -9999.0 -9999.0 -9999.0 -9999.0 -9999.0 -9999.0 -9999.0 -9999.0 -9999.0 -9999.0 -9999.0 -9999.0 -9999.0 -9999.0 -9999.0 -9999.0 -9999.0 -9999.0 -9999.0 -9999.0 -9999.0 -9999.0 -9999.0
-9999.0 -9999.0 -9999.0 -9999.0 -9999.0 -9999.0 -9999.0 -9999.0 -9999.0 -9999.0 -9999.0 -9999.0 -9999.0 -9999.0 -9999.0 -9999.0 -9999.0 -9999.0 -9999.0 -9999.0 -9999.0 -9999.0 -9999.0 -9999.0 -9999.0 -9999.0 -9999.0 -9999.0 -9999.0 -9999.0 -9999.0 -9999.0 -9999.0 -9999.0 -9999.0 -9999.0 -9999.0 -9999.0 -9999.0 -9999.0 -9999.0 -9999.0 -9999.0 -9999.0 -9999.0 -9999.0 -9999.0 -9999.0 -9999.0 -9999.0 -9999.0 -9999.0 -9999.0 -9999.0 -9999.0 -9999.0 -9999.0 -9999.0 -9999.0 -9999.0 -9999.0 -9999.0 -9999.0 -9999.0 -9999.0 -9999.0 -9999.0 -9999.0 -9999.0 -9999.0 -9999.0 -9999.0 -9999.0 -9999.0 -9999.0 -9999.0 -9999.0 -9999.0 -9999.0 -9999.0 -9999.0 -9999.0 -9999.0 -9999.0 -9999.0 -9999.0 -9999.0 -9999.0 -9999.0 -9999.0 -9999.0 -9999.0 -9999.0 -9999.0 -9999.0 -9999.0 -9999.0 -9999.0 -9999.0 -9999.0 -9999.0 -9999.0 -9999.0 -9999.0