tests/3D/superslab/out/maps3D/thetaliqL0007N0005.asc
ncols         104
nrows         10
xllcorner     -2.000000
yllcorner     0.000000
cellsize      1.000000
NODATA_value  -9999.0
-9999.0 -9999.0 -9999.0 -9999.0 -9999.0 -9999.0 -9999.0 -9999.0 -9999.0 -9999.0 -9999.0 -9999.0 -9999.0 -9999.0 -9999.0 -9999.0 -9999.0 -9999.0 -9999.0 -9999.0 -9999.0 -9999.0 -9999.0 -9999.0 -9999.0 -9999.0 -9999.0 -9999.0 -9999.0 -9999.0 -9999.0 -9999.0 -9999.0 -9999.0 -9999.0 -9999.0 -9999.0 -9999.0 -9999.0 -9999.0 -9999.0 -9999.0 -9999.0 -9999.0 -9999.0 -9999.0 -9999.0 -9999.0 -9999.0 -9999.0 -9999.0 -9999.0 -9999.0 -9999.0 -9999.0 -9999.0 -9999.0 -9999.0 -9999.0 -9999.0 -9999.0 -9999.0 -9999.0 -9999.0 -9999.0 -9999.0 -9999.0 -9999.0 -9999.0 -9999.0 -9999.0 -9999.0 -9999.0 -9999.0 -9999.0 -9999.0 -9999.0 -9999.0 -9999.0 -9999.0 -9999.0 -9999.0 -9999.0 -9999.0 -9999.0 -9999.0 -9999.0 -9999.0 -9999.0 -9999.0 -9999.0 -9999.0 -9999.0 -9999.0 -9999.0 -9999.0 -9999.0 -9999.0 -9999.0 -9999.0 -9999.0 -9999.0 -9999.0 -9999.0
-9999.0 -9999.0 -9999.0 -9999.0 -9999.0 -9999.0 -9999.0 -9999.0 -9999.0 -9999.0 -9999.0 -9999.0 -9999.0 -9999.0 -9999.0 -9999.0 -9999.0 -9999.0 -9999.0 -9999.0 -9999.0 -9999.0 -9999.0 -9999.0 -9999.0 -9999.0 -9999.0 -9999.0 -9999.0 -9999.0 -9999.0 -9999.0 -9999.0 -9999.0 -9999.0 -9999.0 -9999.0 -9999.0 -9999.0 -9999.0 -9999.0 -9999.0 -9999.0 -9999.0 -9999.0 -9999.0 -9999.0 -9999.0 -9999.0 -9999.0 -9999.0 -9999.0 -9999.0 -9999.0 -9999.0 -9999.0 -9999.0 -9999.0 -9999.0 -9999.0 -9999.0 -9999.0 -9999.0 -9999.0 -9999.0 -9999.0 -9999.0 -9999.0 -9999.0 -9999.0 -9999.0 -9999.0 -9999.0 -9999.0 -9999.0 -9999.0 -9999.0 -9999.0 -9999.0 -9999.0 -9999.0 -9999.0 -9999.0 -9999.0 -9999.0 -9999.0 -9999.0 -9999.0 -9999.0 -9999.0 -9999.0 -9999.0 -9999.0 -9999.0 -9999.0 -9999.0 -9999.0 -9999.0 -9999.0 -9999.0 -9999.0 -9999.0 -9999.0 -9999.0
-9999.0 -9999.0 0.100000 0.100000 0.100000 0.099314 0.084798 0.070352 0.063347 0.062089 0.054660 0.052567 0.051716 0.098210 0.099287 0.099935 0.100000 0.100000 0.100000 0.100000 0.100000 0.100000 0.096804 0.085144 0.073090 0.064677 0.059688 0.056973 0.055565 0.054850 0.054491 0.054317 0.054244 0.054237 0.054286 0.054401 0.054608 0.054964 0.055964 0.058032 0.055030 0.057117 0.039035 0.033638 0.034185 0.034780 0.035155 0.035202 0.035207 0.035207 0.035207 0.035207 0.035207 0.035207 0.035207 0.035207 0.035205 0.035194 0.035106 0.034909 0.034562 0.040718 0.066281 0.059580 0.057052 0.055777 0.055053 0.054622 0.054361 0.054199 0.054098 0.054035 0.053996 0.053971 0.053955 0.053945 0.053939 0.053934 0.053932 0.053929 0.053927 0.053925 0.053922 0.053917 0.053911 0.053900 0.053883 0.053857 0.053816 0.053751 0.053649 0.053490 0.053245 0.052870 0.052308 0.051486 0.050329 0.048776 0.046818 0.044509 0.041910 0.039061 -9999.0 -9999.0
-9999.0 -9999.0 0.100000 0.100000 0.100000 0.099314 0.084798 0.070353 0.063347 0.062089 0.054660 0.052567 0.051716 0.098210 0.099287 0.099935 0.100000 0.100000 0.100000 0.100000 0.100000 0.100000 0.096804 0.085144 0.073090 0.064677 0.059688 0.056973 0.055565 0.054850 0.054491 0.054317 0.054244 0.054237 0.054286 0.054401 0.054608 0.054964 0.055964 0.058032 0.055030 0.057117 0.039035 0.033638 0.034185 0.034780 0.035155 0.035202 0.035207 0.035207 0.035207 0.035207 0.035207 0.035207 0.035207 0.035207 0.035205 0.035194 0.035106 0.034909 0.034562 0.040718 0.066281 0.059580 0.057052 0.055777 0.055053 0.054622 0.054361 0.054199 0.054098 0.054035 0.053996 0.053971 0.053955 0.053945 0.053939 0.053934 0.053932 0.053929 0.053927 0.053925 0.053922 0.053917 0.053911 0.053900 0.053883 0.053857 0.053816 0.053751 0.053649 0.053490 0.053245 0.052870 0.052308 0.051486 0.050329 0.048776 0.046818 0.044509 0.041910 0.039061 -9999.0 -9999.0
-9999.0 -9999.0 0.100000 0.100000 0.100000 0.099315 0.084798 0.070353 0.063347 0.062089 0.054660 0.052567 0.051716 0.098210 0.099287 0.099935 0.100000 0.100000 0.100000 0.100000 0.100000 0.100000 0.096804 0.085144 0.073090 0.064677 0.059688 0.056973 0.055565 0.054850 0.054491 0.054317 0.054244 0.054237 0.054286 0.054401 0.054608 0.054964 0.055964 0.058032 0.055030 0.057117 0.039035 0.033638 0.034185 0.034780 0.035155 0.035202 0.035207 0.035207 0.035207 0.035207 0.035207 0.035207 0.035207 0.035207 0.035205 0.035194 0.035106 0.034909 0.034562 0.040718 0.066281 0.059580 0.057052 0.055777 0.055053 0.054622 0.054361 0.054199 0.054098 0.054035 0.053996 0.053971 0.053955 0.053945 0.053939 0.053934 0.053932 0.053929 0.053927 0.053925 0.053922 0.053917 0.053911 0.053900 0.053883 0.053857 0.053816 0.053751 0.053649 0.053490 0.053245 0.052870 0.052308 0.051486 0.050329 0.048776 0.046818 0.044509 0.041910 0.039061 -9999.0 -9999.0
-9999.0 -9999.0 0.100000 0.100000 0.100000 0.099315 0.084798 0.070353 0.063347 0.062089 0.054660 0.052567 0.051716 0.098210 0.099287 0.099935 0.100000 0.100000 0.100000 0.100000 0.100000 0.100000 0.096804 0.085144 0.073090 0.064677 0.059688 0.056973 0.055565 0.054850 0.054491 0.054317 0.054244 0.054237 0.054286 0.054401 0.054608 0.054964 0.055964 0.058032 0.055030 0.057117 0.039035 0.033638 0.034185 0.034780 0.035155 0.035202 0.035207 0.035207 0.035207 0.035207 0.035207 0.035207 0.035207 0.035207 0.035205 0.035194 0.035106 0.034909 0.034562 0.040718 0.066281 0.059580 0.057052 0.055777 0.055053 0.054622 0.054361 0.054199 0.054098 0.054035 0.053996 0.053971 0.053955 0.053945 0.053939 0.053934 0.053932 0.053929 0.053927 0.053925 0.053922 0.053917 0.053911 0.053900 0.053883 0.053857 0.053816 0.053751 0.053649 0.053490 0.053245 0.052870 0.052308 0.051486 0.050329 0.048776 0.046818 0.044509 0.041910 0.039061 -9999.0 -9999.0
-9999.0 -9999.0 0.100000 0.100000 0.100000 0.099314 0.084798 0.070353 0.063347 0.062089 0.054660 0.052567 0.051716 0.098210 0.099287 0.099935 0.100000 0.100000 0.100000 0.100000 0.100000 0.100000 0.096804 0.085144 0.073090 0.064677 0.059688 0.056973 0.055565 0.054850 0.054491 0.054317 0.054244 0.054237 0.054286 0.054401 0.054608 0.054964 0.055964 0.058032 0.055030 0.057117 0.039035 0.033638 0.034185 0.034780 0.035155 0.035202 0.035207 0.035207 0.035207 0.035207 0.035207 0.035207 0.035207 0.035207 0.035205 0.035194 0.035106 0.034909 0.034562 0.040718 0.066281 0.059580 0.057052 0.055777 0.055053 0.054622 0.054361 0.054199 0.054098 0.054035 0.053996 0.053971 0.053955 0.053945 0.053939 0.053934 0.053932 0.053929 0.053927 0.053925 0.053922 0.053917 0.053911 0.053900 0.053883 0.053857 0.053816 0.053751 0.053649 0.053490 0.053245 0.052870 0.052308 0.051486 0.050329 0.048776 0.046818 0.044509 0.041910 0.039061 -9999.0 -9999.0
-9999.0 -9999.0 0.100000 0.100000 0.100000 0.099314 0.084798 0.070352 0.063347 0.062089 0.054660 0.052567 0.051716 0.098210 0.099287 0.099935 0.100000 0.100000 0.100000 0.100000 0.100000 0.100000 0.096804 0.085144 0.073090 0.064677 0.059688 0.056973 0.055565 0.054850 0.054491 0.054317 0.054244 0.054237 0.054286 0.054401 0.054608 0.054964 0.055964 0.058032 0.055030 0.057117 0.039035 0.033638 0.034185 0.034780 0.035155 0.035202 0.035207 0.035207 0.035207 0.035207 0.035207 0.035207 0.035207 0.035207 0.035205 0.035194 0.035106 0.034909 0.034562 0.040718 0.066281 0.059580 0.057052 0.055777 0.055053 0.054622 0.054361 0.054199 0.054098 0.054035 0.053996 0.053971 0.053955 0.053945 0.053939 0.053934 0.053932 0.053929 0.053927 0.053925 0.053922 0.053917 0.053911 0.053900 0.053883 0.053857 0.053816 0.053751 0.053649 0.053490 0.053245 0.052870 0.052308 0.051486 0.050329 0.048776 0.046818 0.044509 0.041910 0.039061 -9999.0 -9999.0
-9999.0 -9999.0 -9999.0 -9999.0 -9999.0 -9999.0 -9999.0 -9999.0 -9999.0 -9999.0 -9999.0 -9999.0 -9999.0 -9999.0 -9999.0 -9999.0 -9999.0 -9999.0 -9999.0 -9999.0 -9999.0 -9999.0 -9999.0 -9999.0 -9999.0 -9999.0 -9999.0 -9999.0 -9999.0 -9999.0 -9999.0 -9999.0 -9999.0 -9999.0 -9999.0 -9999.0 -9999.0 -9999.0 -9999.0 -9999.0 -9999.0 -9999.0 -9999.0 -9999.0 -9999.0 -9999.0 -9999.0 -9999.0 -9999.0 -9999.0 -9999.0 -9999.0 -9999.0 -9999.0 -9999.0 -9999.0 -9999.0 -9999.0 -9999.0 -9999.0 -9999.0 -9999.0 -9999.0 -9999.0 -9999.0 -9999.0 -9999.0 -9999.0 -9999.0 -9999.0 -9999.0 -9999.0 -9999.0 -9999.0 -9999.0 -9999.0 -9999.0 -9999.0 -9999.0 -9999.0 -9999.0 -9999.0 -9999.0 -9999.0 -9999.0 -9999.0 -9999.0 -9999.0 -9999.0 -9999.0 -9999.0 -9999.0 -9999.0 -9999.0 -9999.0 -9999.0 -9999.0 -9999.0 -9999.0 -9999.0 -9999.0 -9999.0 -9999.0 -9999.0
-9999.0 -9999.0 -9999.0 -9999.0 -9999.0 -9999.0 -9999.0 -9999.0 -9999.0 -9999.0 -9999.0 -9999.0 -9999.0 -9999.0 -9999.0 -9999.0 -9999.0 -9999.0 -9999.0 -9999.0 -9999.0 -9999.0 -9999.0 -9999.0 -9999.0 -9999.0 -9999.0 -9999.0 -9999.0 -9999.0 -9999.0 -9999.0 -9999.0 -9999.0 -9999.0 -9999.0 -9999.0 -9999.0 -9999.0 -9999.0 -9999.0 -9999.0 -9999.0 -9999.0 -9999.0 -9999.0 -9999.0 -9999.0 -9999.0 -9999.0 -9999.0 -9999.0 -9999.0 -9999.0 -9999.0 -9999.0 -9999.0 -9999.0 -9999.0 -9999.0 -9999.0 -9999.0 -9999.0 -9999.0 -9999.0 -9999.0 -9999.0 -9999.0 -9999.0 -9999.0 -9999.0 -9999.0 -9999.0 -9999.0 -9999.0 -9999.0 -9999.0 -9999.0 -9999.0 -9999.0 -9999.0 -9999.0 -9999.0 -9999.0 -9999.0 -9999.0 -9999.0 -9999.0 -9999.0 -9999.0 -9999.0 -9999.0 -9999.0 -9999.0 -9999.0 -9999.0 -9999.0 -9999.0 -9999.0 -9999.0 -9999.0 -9999.0 -9999.0 -9999.0