tests/3D/superslab/out/maps3D/thetaliqL0086N0005.asc
ncols         104
nrows         10
xllcorner     -2.000000
yllcorner     0.000000
cellsize      1.000000
NODATA_value  -9999.0
-9999.0 -9999.0 -9999.0 -9999.0 -9999.0 -9999.0 -9999.0 -9999.0 -9999.0 -9999.0 -9999.0 -9999.0 -9999.0 -9999.0 -9999.0 -9999.0 -9999.0 -9999.0 -9999.0 -9999.0 -9999.0 -9999.0 -9999.0 -9999.0 -9999.0 -9999.0 -9999.0 -9999.0 -9999.0 -9999.0 -9999.0 -9999.0 -9999.0 -9999.0 -9999.0 -9999.0 -9999.0 -9999.0 -9999.0 -9999.0 -9999.0 -9999.0 -9999.0 -9999.0 -9999.0 -9999.0 -9999.0 -9999.0 -9999.0 -9999.0 -9999.0 -9999.0 -9999.0 -9999.0 -9999.0 -9999.0 -9999.0 -9999.0 -9999.0 -9999.0 -9999.0 -9999.0 -9999.0 -9999.0 -9999.0 -9999.0 -9999.0 -9999.0 -9999.0 -9999.0 -9999.0 -9999.0 -9999.0 -9999.0 -9999.0 -9999.0 -9999.0 -9999.0 -9999.0 -9999.0 -9999.0 -9999.0 -9999.0 -9999.0 -9999.0 -9999.0 -9999.0 -9999.0 -9999.0 -9999.0 -9999.0 -9999.0 -9999.0 -9999.0 -9999.0 -9999.0 -9999.0 -9999.0 -9999.0 -9999.0 -9999.0 -9999.0 -9999.0 -9999.0
-9999.0 -9999.0 -9999.0 -9999.0 -9999.0 -9999.0 -9999.0 -9999.0 -9999.0 -9999.0 -9999.0 -9999.0 -9999.0 -9999.0 -9999.0 -9999.0 -9999.0 -9999.0 -9999.0 -9999.0 -9999.0 -9999.0 -9999.0 -9999.0 -9999.0 -9999.0 -9999.0 -9999.0 -9999.0 -9999.0 -9999.0 -9999.0 -9999.0 -9999.0 -9999.0 -9999.0 -9999.0 -9999.0 -9999.0 -9999.0 -9999.0 -9999.0 -9999.0 -9999.0 -9999.0 -9999.0 -9999.0 -9999.0 -9999.0 -9999.0 -9999.0 -9999.0 -9999.0 -9999.0 -9999.0 -9999.0 -9999.0 -9999.0 -9999.0 -9999.0 -9999.0 -9999.0 -9999.0 -9999.0 -9999.0 -9999.0 -9999.0 -9999.0 -9999.0 -9999.0 -9999.0 -9999.0 -9999.0 -9999.0 -9999.0 -9999.0 -9999.0 -9999.0 -9999.0 -9999.0 -9999.0 -9999.0 -9999.0 -9999.0 -9999.0 -9999.0 -9999.0 -9999.0 -9999.0 -9999.0 -9999.0 -9999.0 -9999.0 -9999.0 -9999.0 -9999.0 -9999.0 -9999.0 -9999.0 -9999.0 -9999.0 -9999.0 -9999.0 -9999.0
-9999.0 -9999.0 0.079512 0.064535 0.054672 0.048194 0.043871 0.041077 0.039459 0.038641 0.038303 0.038173 0.038124 0.038105 0.038098 0.038095 0.038094 0.038094 0.038094 0.038093 0.038093 0.038093 0.038093 0.038093 0.038093 0.038093 0.038093 0.038093 0.038093 0.038093 0.038093 0.038093 0.038093 0.038093 0.038093 0.038093 0.038093 0.038093 0.038093 0.038093 0.038093 0.038093 0.038093 0.038093 0.038093 0.038093 0.038093 0.038094 0.038096 0.038100 0.038100 0.038051 0.038080 0.038079 0.038076 0.038072 0.038067 0.038061 0.038054 0.038047 0.038038 0.038028 0.038017 0.038005 0.037991 0.037976 0.037959 0.037941 0.037921 0.037899 0.037876 0.037851 0.037824 0.037795 0.037764 0.037731 0.037696 0.037659 0.037620 0.037579 0.037535 0.037488 0.037439 0.037387 0.037332 0.037273 0.037211 0.037145 0.037075 0.037000 0.036919 0.036832 0.036738 0.036635 0.036523 0.036397 0.036256 0.036093 0.035902 0.035667 0.035357 0.034856 -9999.0 -9999.0
-9999.0 -9999.0 0.079512 0.064535 0.054672 0.048194 0.043871 0.041077 0.039459 0.038641 0.038303 0.038173 0.038124 0.038105 0.038098 0.038095 0.038094 0.038094 0.038094 0.038093 0.038093 0.038093 0.038093 0.038093 0.038093 0.038093 0.038093 0.038093 0.038093 0.038093 0.038093 0.038093 0.038093 0.038093 0.038093 0.038093 0.038093 0.038093 0.038093 0.038093 0.038093 0.038093 0.038093 0.038093 0.038093 0.038093 0.038093 0.038094 0.038096 0.038100 0.038100 0.038051 0.038080 0.038079 0.038076 0.038072 0.038067 0.038061 0.038054 0.038047 0.038038 0.038028 0.038017 0.038005 0.037991 0.037976 0.037959 0.037941 0.037921 0.037899 0.037876 0.037851 0.037824 0.037795 0.037764 0.037731 0.037696 0.037659 0.037620 0.037579 0.037535 0.037488 0.037439 0.037387 0.037332 0.037273 0.037211 0.037145 0.037075 0.037000 0.036919 0.036832 0.036738 0.036635 0.036523 0.036397 0.036256 0.036093 0.035902 0.035667 0.035357 0.034856 -9999.0 -9999.0
-9999.0 -9999.0 0.079512 0.064535 0.054672 0.048194 0.043871 0.041077 0.039459 0.038641 0.038303 0.038173 0.038124 0.038105 0.038098 0.038095 0.038094 0.038094 0.038094 0.038093 0.038093 0.038093 0.038093 0.038093 0.038093 0.038093 0.038093 0.038093 0.038093 0.038093 0.038093 0.038093 0.038093 0.038093 0.038093 0.038093 0.038093 0.038093 0.038093 0.038093 0.038093 0.038093 0.038093 0.038093 0.038093 0.038093 0.038093 0.038094 0.038096 0.038100 0.038100 0.038051 0.038080 0.038079 0.038076 0.038072 0.038067 0.038061 0.038054 0.038047 0.038038 0.038028 0.038017 0.038005 0.037991 0.037976 0.037959 0.037941 0.037921 0.037899 0.037876 0.037851 0.037824 0.037795 0.037764 0.037731 0.037696 0.037659 0.037620 0.037579 0.037535 0.037488 0.037439 0.037387 0.037332 0.037273 0.037211 0.037145 0.037075 0.037000 0.036919 0.036832 0.036738 0.036635 0.036523 0.036397 0.036256 0.036093 0.035902 0.035667 0.035357 0.034856 -9999.0 -9999.0
-9999.0 -9999.0 0.079512 0.064535 0.054672 0.048194 0.043871 0.041077 0.039459 0.038641 0.038303 0.038173 0.038124 0.038105 0.038098 0.038095 0.038094 0.038094 0.038094 0.038093 0.038093 0.038093 0.038093 0.038093 0.038093 0.038093 0.038093 0.038093 0.038093 0.038093 0.038093 0.038093 0.038093 0.038093 0.038093 0.038093 0.038093 0.038093 0.038093 0.038093 0.038093 0.038093 0.038093 0.038093 0.038093 0.038093 0.038093 0.038094 0.038096 0.038100 0.038100 0.038051 0.038080 0.038079 0.038076 0.038072 0.038067 0.038061 0.038054 0.038047 0.038038 0.038028 0.038017 0.038005 0.037991 0.037976 0.037959 0.037941 0.037921 0.037899 0.037876 0.037851 0.037824 0.037795 0.037764 0.037731 0.037696 0.037659 0.037620 0.037579 0.037535 0.037488 0.037439 0.037387 0.037332 0.037273 0.037211 0.037145 0.037075 0.037000 0.036919 0.036832 0.036738 0.036635 0.036523 0.036397 0.036256 0.036093 0.035902 0.035667 0.035357 0.034856 -9999.0 -9999.0
-9999.0 -9999.0 0.079512 0.064535 0.054672 0.048194 0.043871 0.041077 0.039459 0.038641 0.038303 0.038173 0.038124 0.038105 0.038098 0.038095 0.038094 0.038094 0.038094 0.038093 0.038093 0.038093 0.038093 0.038093 0.038093 0.038093 0.038093 0.038093 0.038093 0.038093 0.038093 0.038093 0.038093 0.038093 0.038093 0.038093 0.038093 0.038093 0.038093 0.038093 0.038093 0.038093 0.038093 0.038093 0.038093 0.038093 0.038093 0.038094 0.038096 0.038100 0.038100 0.038051 0.038080 0.038079 0.038076 0.038072 0.038067 0.038061 0.038054 0.038047 0.038038 0.038028 0.038017 0.038005 0.037991 0.037976 0.037959 0.037941 0.037921 0.037899 0.037876 0.037851 0.037824 0.037795 0.037764 0.037731 0.037696 0.037659 0.037620 0.037579 0.037535 0.037488 0.037439 0.037387 0.037332 0.037273 0.037211 0.037145 0.037075 0.037000 0.036919 0.036832 0.036738 0.036635 0.036523 0.036397 0.036256 0.036093 0.035902 0.035667 0.035357 0.034856 -9999.0 -9999.0
-9999.0 -9999.0 0.079512 0.064535 0.054672 0.048194 0.043871 0.041077 0.039459 0.038641 0.038303 0.038173 0.038124 0.038105 0.038098 0.038095 0.038094 0.038094 0.038094 0.038093 0.038093 0.038093 0.038093 0.038093 0.038093 0.038093 0.038093 0.038093 0.038093 0.038093 0.038093 0.038093 0.038093 0.038093 0.038093 0.038093 0.038093 0.038093 0.038093 0.038093 0.038093 0.038093 0.038093 0.038093 0.038093 0.038093 0.038093 0.038094 0.038096 0.038100 0.038100 0.038051 0.038080 0.038079 0.038076 0.038072 0.038067 0.038061 0.038054 0.038047 0.038038 0.038028 0.038017 0.038005 0.037991 0.037976 0.037959 0.037941 0.037921 0.037899 0.037876 0.037851 0.037824 0.037795 0.037764 0.037731 0.037696 0.037659 0.037620 0.037579 0.037535 0.037488 0.037439 0.037387 0.037332 0.037273 0.037211 0.037145 0.037075 0.037000 0.036919 0.036832 0.036738 0.036635 0.036523 0.036397 0.036256 0.036093 0.035902 0.035667 0.035357 0.034856 -9999.0 -9999.0
-9999.0 -9999.0 -9999.0 -9999.0 -9999.0 -9999.0 -9999.0 -9999.0 -9999.0 -9999.0 -9999.0 -9999.0 -9999.0 -9999.0 -9999.0 -9999.0 -9999.0 -9999.0 -9999.0 -9999.0 -9999.0 -9999.0 -9999.0 -9999.0 -9999.0 -9999.0 -9999.0 -9999.0 -9999.0 -9999.0 -9999.0 -9999.0 -9999.0 -9999.0 -9999.0 -9999.0 -9999.0 -9999.0 -9999.0 -9999.0 -9999.0 -9999.0 -9999.0 -9999.0 -9999.0 -9999.0 -9999.0 -9999.0 -9999.0 -9999.0 -9999.0 -9999.0 -9999.0 -9999.0 -9999.0 -9999.0 -9999.0 -9999.0 -9999.0 -9999.0 -9999.0 -9999.0 -9999.0 -9999.0 -9999.0 -9999.0 -9999.0 -9999.0 -9999.0 -9999.0 -9999.0 -9999.0 -9999.0 -9999.0 -9999.0 -9999.0 -9999.0 -9999.0 -9999.0 -9999.0 -9999.0 -9999.0 -9999.0 -9999.0 -9999.0 -9999.0 -9999.0 -9999.0 -9999.0 -9999.0 -9999.0 -9999.0 -9999.0 -9999.0 -9999.0 -9999.0 -9999.0 -9999.0 -9999.0 -9999.0 -9999.0 -9999.0 -9999.0 -9999.0
-9999.0 -9999.0 -9999.0 -9999.0 -9999.0 -9999.0 -9999.0 -9999.0 -9999.0 -9999.0 -9999.0 -9999.0 -9999.0 -9999.0 -9999.0 -9999.0 -9999.0 -9999.0 -9999.0 -9999.0 -9999.0 -9999.0 -9999.0 -9999.0 -9999.0 -9999.0 -9999.0 -9999.0 -9999.0 -9999.0 -9999.0 -9999.0 -9999.0 -9999.0 -9999.0 -9999.0 -9999.0 -9999.0 -9999.0 -9999.0 -9999.0 -9999.0 -9999.0 -9999.0 -9999.0 -9999.0 -9999.0 -9999.0 -9999.0 -9999.0 -9999.0 -9999.0 -9999.0 -9999.0 -9999.0 -9999.0 -9999.0 -9999.0 -9999.0 -9999.0 -9999.0 -9999.0 -9999.0 -9999.0 -9999.0 -9999.0 -9999.0 -9999.0 -9999.0 -9999.0 -9999.0 -9999.0 -9999.0 -9999.0 -9999.0 -9999.0 -9999.0 -9999.0 -9999.0 -9999.0 -9999.0 -9999.0 -9999.0 -9999.0 -9999.0 -9999.0 -9999.0 -9999.0 -9999.0 -9999.0 -9999.0 -9999.0 -9999.0 -9999.0 -9999.0 -9999.0 -9999.0 -9999.0 -9999.0 -9999.0 -9999.0 -9999.0 -9999.0 -9999.0