tests/3D/superslab/out/maps3D/thetaliqL0088N0006.asc
ncols         104
nrows         10
xllcorner     -2.000000
yllcorner     0.000000
cellsize      1.000000
NODATA_value  -9999.0
-9999.0 -9999.0 -9999.0 -9999.0 -9999.0 -9999.0 -9999.0 -9999.0 -9999.0 -9999.0 -9999.0 -9999.0 -9999.0 -9999.0 -9999.0 -9999.0 -9999.0 -9999.0 -9999.0 -9999.0 -9999.0 -9999.0 -9999.0 -9999.0 -9999.0 -9999.0 -9999.0 -9999.0 -9999.0 -9999.0 -9999.0 -9999.0 -9999.0 -9999.0 -9999.0 -9999.0 -9999.0 -9999.0 -9999.0 -9999.0 -9999.0 -9999.0 -9999.0 -9999.0 -9999.0 -9999.0 -9999.0 -9999.0 -9999.0 -9999.0 -9999.0 -9999.0 -9999.0 -9999.0 -9999.0 -9999.0 -9999.0 -9999.0 -9999.0 -9999.0 -9999.0 -9999.0 -9999.0 -9999.0 -9999.0 -9999.0 -9999.0 -9999.0 -9999.0 -9999.0 -9999.0 -9999.0 -9999.0 -9999.0 -9999.0 -9999.0 -9999.0 -9999.0 -9999.0 -9999.0 -9999.0 -9999.0 -9999.0 -9999.0 -9999.0 -9999.0 -9999.0 -9999.0 -9999.0 -9999.0 -9999.0 -9999.0 -9999.0 -9999.0 -9999.0 -9999.0 -9999.0 -9999.0 -9999.0 -9999.0 -9999.0 -9999.0 -9999.0 -9999.0
-9999.0 -9999.0 -9999.0 -9999.0 -9999.0 -9999.0 -9999.0 -9999.0 -9999.0 -9999.0 -9999.0 -9999.0 -9999.0 -9999.0 -9999.0 -9999.0 -9999.0 -9999.0 -9999.0 -9999.0 -9999.0 -9999.0 -9999.0 -9999.0 -9999.0 -9999.0 -9999.0 -9999.0 -9999.0 -9999.0 -9999.0 -9999.0 -9999.0 -9999.0 -9999.0 -9999.0 -9999.0 -9999.0 -9999.0 -9999.0 -9999.0 -9999.0 -9999.0 -9999.0 -9999.0 -9999.0 -9999.0 -9999.0 -9999.0 -9999.0 -9999.0 -9999.0 -9999.0 -9999.0 -9999.0 -9999.0 -9999.0 -9999.0 -9999.0 -9999.0 -9999.0 -9999.0 -9999.0 -9999.0 -9999.0 -9999.0 -9999.0 -9999.0 -9999.0 -9999.0 -9999.0 -9999.0 -9999.0 -9999.0 -9999.0 -9999.0 -9999.0 -9999.0 -9999.0 -9999.0 -9999.0 -9999.0 -9999.0 -9999.0 -9999.0 -9999.0 -9999.0 -9999.0 -9999.0 -9999.0 -9999.0 -9999.0 -9999.0 -9999.0 -9999.0 -9999.0 -9999.0 -9999.0 -9999.0 -9999.0 -9999.0 -9999.0 -9999.0 -9999.0
-9999.0 -9999.0 0.100000 0.090498 0.073408 0.060928 0.052832 0.047577 0.044268 0.042384 0.041435 0.041048 0.040898 0.040841 0.040819 0.040810 0.040807 0.040806 0.040806 0.040805 0.040805 0.040805 0.040805 0.040805 0.040805 0.040805 0.040805 0.040805 0.040805 0.040805 0.040805 0.040804 0.040804 0.040804 0.040803 0.040802 0.040802 0.040800 0.040799 0.040797 0.040795 0.040793 0.040790 0.040786 0.040782 0.040778 0.040773 0.040767 0.040762 0.040756 0.040746 0.040704 0.040714 0.040702 0.040687 0.040670 0.040652 0.040633 0.040612 0.040589 0.040565 0.040539 0.040511 0.040481 0.040450 0.040417 0.040382 0.040345 0.040306 0.040265 0.040223 0.040178 0.040132 0.040083 0.040032 0.039978 0.039923 0.039865 0.039804 0.039741 0.039675 0.039606 0.039533 0.039457 0.039378 0.039294 0.039205 0.039112 0.039013 0.038907 0.038795 0.038674 0.038543 0.038401 0.038245 0.038071 0.037875 0.037651 0.037385 0.037060 0.036631 0.035964 -9999.0 -9999.0
-9999.0 -9999.0 0.100000 0.090498 0.073408 0.060928 0.052832 0.047577 0.044268 0.042384 0.041435 0.041048 0.040898 0.040841 0.040819 0.040810 0.040807 0.040806 0.040806 0.040805 0.040805 0.040805 0.040805 0.040805 0.040805 0.040805 0.040805 0.040805 0.040805 0.040805 0.040805 0.040804 0.040804 0.040804 0.040803 0.040802 0.040802 0.040800 0.040799 0.040797 0.040795 0.040793 0.040790 0.040786 0.040782 0.040778 0.040773 0.040767 0.040762 0.040756 0.040746 0.040704 0.040714 0.040702 0.040687 0.040670 0.040652 0.040633 0.040612 0.040589 0.040565 0.040539 0.040511 0.040481 0.040450 0.040417 0.040382 0.040345 0.040306 0.040265 0.040223 0.040178 0.040132 0.040083 0.040032 0.039978 0.039923 0.039865 0.039804 0.039741 0.039675 0.039606 0.039533 0.039457 0.039378 0.039294 0.039205 0.039112 0.039013 0.038907 0.038795 0.038674 0.038543 0.038401 0.038245 0.038071 0.037875 0.037651 0.037385 0.037060 0.036631 0.035964 -9999.0 -9999.0
-9999.0 -9999.0 0.100000 0.090498 0.073408 0.060928 0.052832 0.047577 0.044268 0.042384 0.041435 0.041048 0.040898 0.040841 0.040819 0.040810 0.040807 0.040806 0.040806 0.040805 0.040805 0.040805 0.040805 0.040805 0.040805 0.040805 0.040805 0.040805 0.040805 0.040805 0.040805 0.040804 0.040804 0.040804 0.040803 0.040802 0.040802 0.040800 0.040799 0.040797 0.040795 0.040793 0.040790 0.040786 0.040782 0.040778 0.040773 0.040767 0.040762 0.040756 0.040746 0.040704 0.040714 0.040702 0.040687 0.040670 0.040652 0.040633 0.040612 0.040589 0.040565 0.040539 0.040511 0.040481 0.040450 0.040417 0.040382 0.040345 0.040306 0.040265 0.040223 0.040178 0.040132 0.040083 0.040032 0.039978 0.039923 0.039865 0.039804 0.039741 0.039675 0.039606 0.039533 0.039457 0.039378 0.039294 0.039205 0.039112 0.039013 0.038907 0.038795 0.038674 0.038543 0.038401 0.038245 0.038071 0.037875 0.037651 0.037385 0.037060 0.036631 0.035964 -9999.0 -9999.0
-9999.0 -9999.0 0.100000 0.090498 0.073408 0.060928 0.052832 0.047577 0.044268 0.042384 0.041435 0.041048 0.040898 0.040841 0.040819 0.040810 0.040807 0.040806 0.040806 0.040805 0.040805 0.040805 0.040805 0.040805 0.040805 0.040805 0.040805 0.040805 0.040805 0.040805 0.040805 0.040804 0.040804 0.040804 0.040803 0.040802 0.040802 0.040800 0.040799 0.040797 0.040795 0.040793 0.040790 0.040786 0.040782 0.040778 0.040773 0.040767 0.040762 0.040756 0.040746 0.040704 0.040714 0.040702 0.040687 0.040670 0.040652 0.040633 0.040612 0.040589 0.040565 0.040539 0.040511 0.040481 0.040450 0.040417 0.040382 0.040345 0.040306 0.040265 0.040223 0.040178 0.040132 0.040083 0.040032 0.039978 0.039923 0.039865 0.039804 0.039741 0.039675 0.039606 0.039533 0.039457 0.039378 0.039294 0.039205 0.039112 0.039013 0.038907 0.038795 0.038674 0.038543 0.038401 0.038245 0.038071 0.037875 0.037651 0.037385 0.037060 0.036631 0.035964 -9999.0 -9999.0
-9999.0 -9999.0 0.100000 0.090498 0.073408 0.060928 0.052832 0.047577 0.044268 0.042384 0.041435 0.041048 0.040898 0.040841 0.040819 0.040810 0.040807 0.040806 0.040806 0.040805 0.040805 0.040805 0.040805 0.040805 0.040805 0.040805 0.040805 0.040805 0.040805 0.040805 0.040805 0.040804 0.040804 0.040804 0.040803 0.040802 0.040802 0.040800 0.040799 0.040797 0.040795 0.040793 0.040790 0.040786 0.040782 0.040778 0.040773 0.040767 0.040762 0.040756 0.040746 0.040704 0.040714 0.040702 0.040687 0.040670 0.040652 0.040633 0.040612 0.040589 0.040565 0.040539 0.040511 0.040481 0.040450 0.040417 0.040382 0.040345 0.040306 0.040265 0.040223 0.040178 0.040132 0.040083 0.040032 0.039978 0.039923 0.039865 0.039804 0.039741 0.039675 0.039606 0.039533 0.039457 0.039378 0.039294 0.039205 0.039112 0.039013 0.038907 0.038795 0.038674 0.038543 0.038401 0.038245 0.038071 0.037875 0.037651 0.037385 0.037060 0.036631 0.035964 -9999.0 -9999.0
-9999.0 -9999.0 0.100000 0.090498 0.073408 0.060928 0.052832 0.047577 0.044268 0.042384 0.041435 0.041048 0.040898 0.040841 0.040819 0.040810 0.040807 0.040806 0.040806 0.040805 0.040805 0.040805 0.040805 0.040805 0.040805 0.040805 0.040805 0.040805 0.040805 0.040805 0.040805 0.040804 0.040804 0.040804 0.040803 0.040802 0.040802 0.040800 0.040799 0.040797 0.040795 0.040793 0.040790 0.040786 0.040782 0.040778 0.040773 0.040767 0.040762 0.040756 0.040746 0.040704 0.040714 0.040702 0.040687 0.040670 0.040652 0.040633 0.040612 0.040589 0.040565 0.040539 0.040511 0.040481 0.040450 0.040417 0.040382 0.040345 0.040306 0.040265 0.040223 0.040178 0.040132 0.040083 0.040032 0.039978 0.039923 0.039865 0.039804 0.039741 0.039675 0.039606 0.039533 0.039457 0.039378 0.039294 0.039205 0.039112 0.039013 0.038907 0.038795 0.038674 0.038543 0.038401 0.038245 0.038071 0.037875 0.037651 0.037385 0.037060 0.036631 0.035964 -9999.0 -9999.0
-9999.0 -9999.0 -9999.0 -9999.0 -9999.0 -9999.0 -9999.0 -9999.0 -9999.0 -9999.0 -9999.0 -9999.0 -9999.0 -9999.0 -9999.0 -9999.0 -9999.0 -9999.0 -9999.0 -9999.0 -9999.0 -9999.0 -9999.0 -9999.0 -9999.0 -9999.0 -9999.0 -9999.0 -9999.0 -9999.0 -9999.0 -9999.0 -9999.0 -9999.0 -9999.0 -9999.0 -9999.0 -9999.0 -9999.0 -9999.0 -9999.0 -9999.0 -9999.0 -9999.0 -9999.0 -9999.0 -9999.0 -9999.0 -9999.0 -9999.0 -9999.0 -9999.0 -9999.0 -9999.0 -9999.0 -9999.0 -9999.0 -9999.0 -9999.0 -9999.0 -9999.0 -9999.0 -9999.0 -9999.0 -9999.0 -9999.0 -9999.0 -9999.0 -9999.0 -9999.0 -9999.0 -9999.0 -9999.0 -9999.0 -9999.0 -9999.0 -9999.0 -9999.0 -9999.0 -9999.0 -9999.0 -9999.0 -9999.0 -9999.0 -9999.0 -9999.0 -9999.0 -9999.0 -9999.0 -9999.0 -9999.0 -9999.0 -9999.0 -9999.0 -9999.0 -9999.0 -9999.0 -9999.0 -9999.0 -9999.0 -9999.0 -9999.0 -9999.0 -9999.0
-9999.0 -9999.0 -9999.0 -9999.0 -9999.0 -9999.0 -9999.0 -9999.0 -9999.0 -9999.0 -9999.0 -9999.0 -9999.0 -9999.0 -9999.0 -9999.0 -9999.0 -9999.0 -9999.0 -9999.0 -9999.0 -9999.0 -9999.0 -9999.0 -9999.0 -9999.0 -9999.0 -9999.0 -9999.0 -9999.0 -9999.0 -9999.0 -9999.0 -9999.0 -9999.0 -9999.0 -9999.0 -9999.0 -9999.0 -9999.0 -9999.0 -9999.0 -9999.0 -9999.0 -9999.0 -9999.0 -9999.0 -9999.0 -9999.0 -9999.0 -9999.0 -9999.0 -9999.0 -9999.0 -9999.0 -9999.0 -9999.0 -9999.0 -9999.0 -9999.0 -9999.0 -9999.0 -9999.0 -9999.0 -9999.0 -9999.0 -9999.0 -9999.0 -9999.0 -9999.0 -9999.0 -9999.0 -9999.0 -9999.0 -9999.0 -9999.0 -9999.0 -9999.0 -9999.0 -9999.0 -9999.0 -9999.0 -9999.0 -9999.0 -9999.0 -9999.0 -9999.0 -9999.0 -9999.0 -9999.0 -9999.0 -9999.0 -9999.0 -9999.0 -9999.0 -9999.0 -9999.0 -9999.0 -9999.0 -9999.0 -9999.0 -9999.0 -9999.0 -9999.0