tests/3D/superslab/out/maps3D/thetaliqL0010N0002.asc
ncols         104
nrows         10
xllcorner     -2.000000
yllcorner     0.000000
cellsize      1.000000
NODATA_value  -9999.0
-9999.0 -9999.0 -9999.0 -9999.0 -9999.0 -9999.0 -9999.0 -9999.0 -9999.0 -9999.0 -9999.0 -9999.0 -9999.0 -9999.0 -9999.0 -9999.0 -9999.0 -9999.0 -9999.0 -9999.0 -9999.0 -9999.0 -9999.0 -9999.0 -9999.0 -9999.0 -9999.0 -9999.0 -9999.0 -9999.0 -9999.0 -9999.0 -9999.0 -9999.0 -9999.0 -9999.0 -9999.0 -9999.0 -9999.0 -9999.0 -9999.0 -9999.0 -9999.0 -9999.0 -9999.0 -9999.0 -9999.0 -9999.0 -9999.0 -9999.0 -9999.0 -9999.0 -9999.0 -9999.0 -9999.0 -9999.0 -9999.0 -9999.0 -9999.0 -9999.0 -9999.0 -9999.0 -9999.0 -9999.0 -9999.0 -9999.0 -9999.0 -9999.0 -9999.0 -9999.0 -9999.0 -9999.0 -9999.0 -9999.0 -9999.0 -9999.0 -9999.0 -9999.0 -9999.0 -9999.0 -9999.0 -9999.0 -9999.0 -9999.0 -9999.0 -9999.0 -9999.0 -9999.0 -9999.0 -9999.0 -9999.0 -9999.0 -9999.0 -9999.0 -9999.0 -9999.0 -9999.0 -9999.0 -9999.0 -9999.0 -9999.0 -9999.0 -9999.0 -9999.0
-9999.0 -9999.0 -9999.0 -9999.0 -9999.0 -9999.0 -9999.0 -9999.0 -9999.0 -9999.0 -9999.0 -9999.0 -9999.0 -9999.0 -9999.0 -9999.0 -9999.0 -9999.0 -9999.0 -9999.0 -9999.0 -9999.0 -9999.0 -9999.0 -9999.0 -9999.0 -9999.0 -9999.0 -9999.0 -9999.0 -9999.0 -9999.0 -9999.0 -9999.0 -9999.0 -9999.0 -9999.0 -9999.0 -9999.0 -9999.0 -9999.0 -9999.0 -9999.0 -9999.0 -9999.0 -9999.0 -9999.0 -9999.0 -9999.0 -9999.0 -9999.0 -9999.0 -9999.0 -9999.0 -9999.0 -9999.0 -9999.0 -9999.0 -9999.0 -9999.0 -9999.0 -9999.0 -9999.0 -9999.0 -9999.0 -9999.0 -9999.0 -9999.0 -9999.0 -9999.0 -9999.0 -9999.0 -9999.0 -9999.0 -9999.0 -9999.0 -9999.0 -9999.0 -9999.0 -9999.0 -9999.0 -9999.0 -9999.0 -9999.0 -9999.0 -9999.0 -9999.0 -9999.0 -9999.0 -9999.0 -9999.0 -9999.0 -9999.0 -9999.0 -9999.0 -9999.0 -9999.0 -9999.0 -9999.0 -9999.0 -9999.0 -9999.0 -9999.0 -9999.0
-9999.0 -9999.0 0.100000 0.100000 0.100000 0.100000 0.100000 0.100000 0.095812 0.078627 0.062775 0.055195 0.052063 0.050834 0.050887 0.099077 0.099879 0.100000 0.100000 0.100000 0.100000 0.100000 0.100000 0.100000 0.098740 0.093820 0.088616 0.084629 0.081778 0.079740 0.078227 0.077014 0.075928 0.074874 0.073796 0.072624 0.071306 0.069802 0.068065 0.066314 0.064869 0.064988 0.035084 0.033462 0.033462 0.033462 0.033462 0.033462 0.033462 0.033462 0.033462 0.033462 0.033462 0.033462 0.033462 0.033462 0.033462 0.033462 0.033462 0.033462 0.033462 0.035364 0.100000 0.100000 0.100000 0.100000 0.100000 0.100000 0.098480 0.089432 0.079794 0.072807 0.068252 0.065256 0.063348 0.062073 0.061152 0.060426 0.059867 0.059393 0.058953 0.058527 0.058096 0.057629 0.057207 0.056800 0.056397 0.055954 0.055572 0.055213 0.054819 0.054449 0.054035 0.053513 0.052809 0.051821 0.050402 0.048533 0.045907 0.041806 0.036208 0.029963 -9999.0 -9999.0
-9999.0 -9999.0 0.100000 0.100000 0.100000 0.100000 0.100000 0.100000 0.095812 0.078627 0.062775 0.055195 0.052063 0.050834 0.050887 0.099077 0.099879 0.100000 0.100000 0.100000 0.100000 0.100000 0.100000 0.100000 0.098740 0.093820 0.088616 0.084629 0.081778 0.079740 0.078227 0.077014 0.075928 0.074874 0.073796 0.072624 0.071306 0.069802 0.068065 0.066314 0.064869 0.064988 0.035084 0.033462 0.033462 0.033462 0.033462 0.033462 0.033462 0.033462 0.033462 0.033462 0.033462 0.033462 0.033462 0.033462 0.033462 0.033462 0.033462 0.033462 0.033462 0.035364 0.100000 0.100000 0.100000 0.100000 0.100000 0.100000 0.098480 0.089432 0.079794 0.072807 0.068252 0.065256 0.063348 0.062073 0.061152 0.060426 0.059867 0.059393 0.058953 0.058527 0.058096 0.057629 0.057207 0.056800 0.056397 0.055954 0.055572 0.055213 0.054819 0.054449 0.054035 0.053513 0.052809 0.051821 0.050402 0.048533 0.045907 0.041806 0.036208 0.029963 -9999.0 -9999.0
-9999.0 -9999.0 0.100000 0.100000 0.100000 0.100000 0.100000 0.100000 0.095812 0.078627 0.062775 0.055195 0.052063 0.050834 0.050887 0.099077 0.099879 0.100000 0.100000 0.100000 0.100000 0.100000 0.100000 0.100000 0.098740 0.093820 0.088616 0.084629 0.081778 0.079740 0.078227 0.077014 0.075928 0.074874 0.073796 0.072624 0.071306 0.069802 0.068065 0.066314 0.064869 0.064988 0.035084 0.033462 0.033462 0.033462 0.033462 0.033462 0.033462 0.033462 0.033462 0.033462 0.033462 0.033462 0.033462 0.033462 0.033462 0.033462 0.033462 0.033462 0.033462 0.035364 0.100000 0.100000 0.100000 0.100000 0.100000 0.100000 0.098480 0.089432 0.079794 0.072807 0.068252 0.065256 0.063348 0.062073 0.061152 0.060426 0.059867 0.059393 0.058953 0.058527 0.058096 0.057629 0.057207 0.056800 0.056397 0.055954 0.055572 0.055213 0.054819 0.054449 0.054035 0.053513 0.052809 0.051821 0.050402 0.048533 0.045907 0.041806 0.036208 0.029963 -9999.0 -9999.0
-9999.0 -9999.0 0.100000 0.100000 0.100000 0.100000 0.100000 0.100000 0.095812 0.078627 0.062775 0.055195 0.052063 0.050834 0.050887 0.099077 0.099879 0.100000 0.100000 0.100000 0.100000 0.100000 0.100000 0.100000 0.098740 0.093820 0.088616 0.084629 0.081778 0.079740 0.078227 0.077014 0.075928 0.074874 0.073796 0.072624 0.071306 0.069802 0.068065 0.066314 0.064869 0.064988 0.035084 0.033462 0.033462 0.033462 0.033462 0.033462 0.033462 0.033462 0.033462 0.033462 0.033462 0.033462 0.033462 0.033462 0.033462 0.033462 0.033462 0.033462 0.033462 0.035364 0.100000 0.100000 0.100000 0.100000 0.100000 0.100000 0.098480 0.089432 0.079794 0.072807 0.068252 0.065256 0.063348 0.062073 0.061152 0.060426 0.059867 0.059393 0.058953 0.058527 0.058096 0.057629 0.057207 0.056800 0.056397 0.055954 0.055572 0.055213 0.054819 0.054449 0.054035 0.053513 0.052809 0.051821 0.050402 0.048533 0.045907 0.041806 0.036208 0.029963 -9999.0 -9999.0
-9999.0 -9999.0 0.100000 0.100000 0.100000 0.100000 0.100000 0.100000 0.095812 0.078627 0.062775 0.055195 0.052063 0.050834 0.050887 0.099077 0.099879 0.100000 0.100000 0.100000 0.100000 0.100000 0.100000 0.100000 0.098740 0.093820 0.088616 0.084629 0.081778 0.079740 0.078227 0.077014 0.075928 0.074874 0.073796 0.072624 0.071306 0.069802 0.068065 0.066314 0.064869 0.064988 0.035084 0.033462 0.033462 0.033462 0.033462 0.033462 0.033462 0.033462 0.033462 0.033462 0.033462 0.033462 0.033462 0.033462 0.033462 0.033462 0.033462 0.033462 0.033462 0.035364 0.100000 0.100000 0.100000 0.100000 0.100000 0.100000 0.098480 0.089432 0.079794 0.072807 0.068252 0.065256 0.063348 0.062073 0.061152 0.060426 0.059867 0.059393 0.058953 0.058527 0.058096 0.057629 0.057207 0.056800 0.056397 0.055954 0.055572 0.055213 0.054819 0.054449 0.054035 0.053513 0.052809 0.051821 0.050402 0.048533 0.045907 0.041806 0.036208 0.029963 -9999.0 -9999.0
-9999.0 -9999.0 0.100000 0.100000 0.100000 0.100000 0.100000 0.100000 0.095812 0.078627 0.062775 0.055195 0.052063 0.050834 0.050887 0.099077 0.099879 0.100000 0.100000 0.100000 0.100000 0.100000 0.100000 0.100000 0.098740 0.093820 0.088616 0.084629 0.081778 0.079740 0.078227 0.077014 0.075928 0.074874 0.073796 0.072624 0.071306 0.069802 0.068065 0.066314 0.064869 0.064988 0.035084 0.033462 0.033462 0.033462 0.033462 0.033462 0.033462 0.033462 0.033462 0.033462 0.033462 0.033462 0.033462 0.033462 0.033462 0.033462 0.033462 0.033462 0.033462 0.035364 0.100000 0.100000 0.100000 0.100000 0.100000 0.100000 0.098480 0.089432 0.079794 0.072807 0.068252 0.065256 0.063348 0.062073 0.061152 0.060426 0.059867 0.059393 0.058953 0.058527 0.058096 0.057629 0.057207 0.056800 0.056397 0.055954 0.055572 0.055213 0.054819 0.054449 0.054035 0.053513 0.052809 0.051821 0.050402 0.048533 0.045907 0.041806 0.036208 0.029963 -9999.0 -9999.0
-9999.0 -9999.0 -9999.0 -9999.0 -9999.0 -9999.0 -9999.0 -9999.0 -9999.0 -9999.0 -9999.0 -9999.0 -9999.0 -9999.0 -9999.0 -9999.0 -9999.0 -9999.0 -9999.0 -9999.0 -9999.0 -9999.0 -9999.0 -9999.0 -9999.0 -9999.0 -9999.0 -9999.0 -9999.0 -9999.0 -9999.0 -9999.0 -9999.0 -9999.0 -9999.0 -9999.0 -9999.0 -9999.0 -9999.0 -9999.0 -9999.0 -9999.0 -9999.0 -9999.0 -9999.0 -9999.0 -9999.0 -9999.0 -9999.0 -9999.0 -9999.0 -9999.0 -9999.0 -9999.0 -9999.0 -9999.0 -9999.0 -9999.0 -9999.0 -9999.0 -9999.0 -9999.0 -9999.0 -9999.0 -9999.0 -9999.0 -9999.0 -9999.0 -9999.0 -9999.0 -9999.0 -9999.0 -9999.0 -9999.0 -9999.0 -9999.0 -9999.0 -9999.0 -9999.0 -9999.0 -9999.0 -9999.0 -9999.0 -9999.0 -9999.0 -9999.0 -9999.0 -9999.0 -9999.0 -9999.0 -9999.0 -9999.0 -9999.0 -9999.0 -9999.0 -9999.0 -9999.0 -9999.0 -9999.0 -9999.0 -9999.0 -9999.0 -9999.0 -9999.0
-9999.0 -9999.0 -9999.0 -9999.0 -9999.0 -9999.0 -9999.0 -9999.0 -9999.0 -9999.0 -9999.0 -9999.0 -9999.0 -9999.0 -9999.0 -9999.0 -9999.0 -9999.0 -9999.0 -9999.0 -9999.0 -9999.0 -9999.0 -9999.0 -9999.0 -9999.0 -9999.0 -9999.0 -9999.0 -9999.0 -9999.0 -9999.0 -9999.0 -9999.0 -9999.0 -9999.0 -9999.0 -9999.0 -9999.0 -9999.0 -9999.0 -9999.0 -9999.0 -9999.0 -9999.0 -9999.0 -9999.0 -9999.0 -9999.0 -9999.0 -9999.0 -9999.0 -9999.0 -9999.0 -9999.0 -9999.0 -9999.0 -9999.0 -9999.0 -9999.0 -9999.0 -9999.0 -9999.0 -9999.0 -9999.0 -9999.0 -9999.0 -9999.0 -9999.0 -9999.0 -9999.0 -9999.0 -9999.0 -9999.0 -9999.0 -9999.0 -9999.0 -9999.0 -9999.0 -9999.0 -9999.0 -9999.0 -9999.0 -9999.0 -9999.0 -9999.0 -9999.0 -9999.0 -9999.0 -9999.0 -9999.0 -9999.0 -9999.0 -9999.0 -9999.0 -9999.0 -9999.0 -9999.0 -9999.0 -9999.0 -9999.0 -9999.0 -9999.0 -9999.0