tests/3D/superslab/out/maps3D/thetaliqL0006N0001.asc
ncols         104
nrows         10
xllcorner     -2.000000
yllcorner     0.000000
cellsize      1.000000
NODATA_value  -9999.0
-9999.0 -9999.0 -9999.0 -9999.0 -9999.0 -9999.0 -9999.0 -9999.0 -9999.0 -9999.0 -9999.0 -9999.0 -9999.0 -9999.0 -9999.0 -9999.0 -9999.0 -9999.0 -9999.0 -9999.0 -9999.0 -9999.0 -9999.0 -9999.0 -9999.0 -9999.0 -9999.0 -9999.0 -9999.0 -9999.0 -9999.0 -9999.0 -9999.0 -9999.0 -9999.0 -9999.0 -9999.0 -9999.0 -9999.0 -9999.0 -9999.0 -9999.0 -9999.0 -9999.0 -9999.0 -9999.0 -9999.0 -9999.0 -9999.0 -9999.0 -9999.0 -9999.0 -9999.0 -9999.0 -9999.0 -9999.0 -9999.0 -9999.0 -9999.0 -9999.0 -9999.0 -9999.0 -9999.0 -9999.0 -9999.0 -9999.0 -9999.0 -9999.0 -9999.0 -9999.0 -9999.0 -9999.0 -9999.0 -9999.0 -9999.0 -9999.0 -9999.0 -9999.0 -9999.0 -9999.0 -9999.0 -9999.0 -9999.0 -9999.0 -9999.0 -9999.0 -9999.0 -9999.0 -9999.0 -9999.0 -9999.0 -9999.0 -9999.0 -9999.0 -9999.0 -9999.0 -9999.0 -9999.0 -9999.0 -9999.0 -9999.0 -9999.0 -9999.0 -9999.0
-9999.0 -9999.0 -9999.0 -9999.0 -9999.0 -9999.0 -9999.0 -9999.0 -9999.0 -9999.0 -9999.0 -9999.0 -9999.0 -9999.0 -9999.0 -9999.0 -9999.0 -9999.0 -9999.0 -9999.0 -9999.0 -9999.0 -9999.0 -9999.0 -9999.0 -9999.0 -9999.0 -9999.0 -9999.0 -9999.0 -9999.0 -9999.0 -9999.0 -9999.0 -9999.0 -9999.0 -9999.0 -9999.0 -9999.0 -9999.0 -9999.0 -9999.0 -9999.0 -9999.0 -9999.0 -9999.0 -9999.0 -9999.0 -9999.0 -9999.0 -9999.0 -9999.0 -9999.0 -9999.0 -9999.0 -9999.0 -9999.0 -9999.0 -9999.0 -9999.0 -9999.0 -9999.0 -9999.0 -9999.0 -9999.0 -9999.0 -9999.0 -9999.0 -9999.0 -9999.0 -9999.0 -9999.0 -9999.0 -9999.0 -9999.0 -9999.0 -9999.0 -9999.0 -9999.0 -9999.0 -9999.0 -9999.0 -9999.0 -9999.0 -9999.0 -9999.0 -9999.0 -9999.0 -9999.0 -9999.0 -9999.0 -9999.0 -9999.0 -9999.0 -9999.0 -9999.0 -9999.0 -9999.0 -9999.0 -9999.0 -9999.0 -9999.0 -9999.0 -9999.0
-9999.0 -9999.0 0.100000 0.100000 0.100000 0.100000 0.100000 0.098756 0.092145 0.081921 0.064759 0.054209 0.049924 0.096065 0.093984 0.098010 0.099749 0.093505 0.088844 0.080789 0.076937 0.075186 0.074386 0.074098 0.074161 0.074526 0.075201 0.076190 0.077391 0.079031 0.081035 0.083198 0.085224 0.087182 0.089127 0.090943 0.092484 0.093745 0.094840 0.095571 0.095525 0.092984 0.033907 0.033178 0.033178 0.033178 0.033178 0.033178 0.033178 0.033178 0.033178 0.033178 0.033178 0.033178 0.033178 0.033178 0.033178 0.033178 0.033178 0.033178 0.033178 0.033972 0.100000 0.100000 0.100000 0.099684 0.094124 0.086655 0.081051 0.077236 0.074895 0.073480 0.072570 0.071955 0.071520 0.071194 0.070934 0.070710 0.070501 0.070292 0.070070 0.069824 0.069545 0.069221 0.068843 0.068398 0.067874 0.067256 0.066523 0.065653 0.064617 0.063378 0.061888 0.060085 0.057893 0.055233 0.052062 0.048495 0.044852 0.040915 0.036464 0.032056 -9999.0 -9999.0
-9999.0 -9999.0 0.100000 0.100000 0.100000 0.100000 0.100000 0.098756 0.092145 0.081921 0.064759 0.054209 0.049924 0.096065 0.093984 0.098010 0.099749 0.093505 0.088844 0.080789 0.076937 0.075186 0.074386 0.074098 0.074161 0.074526 0.075201 0.076190 0.077391 0.079031 0.081035 0.083198 0.085224 0.087182 0.089127 0.090943 0.092484 0.093745 0.094840 0.095571 0.095525 0.092984 0.033907 0.033178 0.033178 0.033178 0.033178 0.033178 0.033178 0.033178 0.033178 0.033178 0.033178 0.033178 0.033178 0.033178 0.033178 0.033178 0.033178 0.033178 0.033178 0.033972 0.100000 0.100000 0.100000 0.099684 0.094124 0.086655 0.081051 0.077236 0.074895 0.073480 0.072570 0.071955 0.071520 0.071194 0.070934 0.070710 0.070501 0.070292 0.070070 0.069824 0.069545 0.069221 0.068843 0.068398 0.067874 0.067256 0.066523 0.065653 0.064617 0.063378 0.061888 0.060085 0.057893 0.055233 0.052062 0.048495 0.044852 0.040915 0.036464 0.032056 -9999.0 -9999.0
-9999.0 -9999.0 0.100000 0.100000 0.100000 0.100000 0.100000 0.098756 0.092145 0.081921 0.064759 0.054209 0.049924 0.096065 0.093984 0.098010 0.099749 0.093505 0.088844 0.080789 0.076937 0.075186 0.074386 0.074098 0.074161 0.074526 0.075201 0.076190 0.077391 0.079031 0.081035 0.083198 0.085224 0.087182 0.089127 0.090943 0.092484 0.093745 0.094840 0.095571 0.095525 0.092984 0.033907 0.033178 0.033178 0.033178 0.033178 0.033178 0.033178 0.033178 0.033178 0.033178 0.033178 0.033178 0.033178 0.033178 0.033178 0.033178 0.033178 0.033178 0.033178 0.033972 0.100000 0.100000 0.100000 0.099684 0.094124 0.086655 0.081051 0.077236 0.074895 0.073480 0.072570 0.071955 0.071520 0.071194 0.070934 0.070710 0.070501 0.070292 0.070070 0.069824 0.069545 0.069221 0.068843 0.068398 0.067874 0.067256 0.066523 0.065653 0.064617 0.063378 0.061888 0.060085 0.057893 0.055233 0.052062 0.048495 0.044852 0.040915 0.036464 0.032056 -9999.0 -9999.0
-9999.0 -9999.0 0.100000 0.100000 0.100000 0.100000 0.100000 0.098756 0.092145 0.081921 0.064759 0.054209 0.049924 0.096065 0.093984 0.098010 0.099749 0.093505 0.088844 0.080789 0.076937 0.075186 0.074386 0.074098 0.074161 0.074526 0.075201 0.076190 0.077391 0.079031 0.081035 0.083198 0.085224 0.087182 0.089127 0.090943 0.092484 0.093745 0.094840 0.095571 0.095525 0.092984 0.033907 0.033178 0.033178 0.033178 0.033178 0.033178 0.033178 0.033178 0.033178 0.033178 0.033178 0.033178 0.033178 0.033178 0.033178 0.033178 0.033178 0.033178 0.033178 0.033972 0.100000 0.100000 0.100000 0.099684 0.094124 0.086655 0.081051 0.077236 0.074895 0.073480 0.072570 0.071955 0.071520 0.071194 0.070934 0.070710 0.070501 0.070292 0.070070 0.069824 0.069545 0.069221 0.068843 0.068398 0.067874 0.067256 0.066523 0.065653 0.064617 0.063378 0.061888 0.060085 0.057893 0.055233 0.052062 0.048495 0.044852 0.040915 0.036464 0.032056 -9999.0 -9999.0
-9999.0 -9999.0 0.100000 0.100000 0.100000 0.100000 0.100000 0.098756 0.092145 0.081921 0.064759 0.054209 0.049924 0.096065 0.093984 0.098010 0.099749 0.093505 0.088844 0.080789 0.076937 0.075186 0.074386 0.074098 0.074161 0.074526 0.075201 0.076190 0.077391 0.079031 0.081035 0.083198 0.085224 0.087182 0.089127 0.090943 0.092484 0.093745 0.094840 0.095571 0.095525 0.092984 0.033907 0.033178 0.033178 0.033178 0.033178 0.033178 0.033178 0.033178 0.033178 0.033178 0.033178 0.033178 0.033178 0.033178 0.033178 0.033178 0.033178 0.033178 0.033178 0.033972 0.100000 0.100000 0.100000 0.099684 0.094124 0.086655 0.081051 0.077236 0.074895 0.073480 0.072570 0.071955 0.071520 0.071194 0.070934 0.070710 0.070501 0.070292 0.070070 0.069824 0.069545 0.069221 0.068843 0.068398 0.067874 0.067256 0.066523 0.065653 0.064617 0.063378 0.061888 0.060085 0.057893 0.055233 0.052062 0.048495 0.044852 0.040915 0.036464 0.032056 -9999.0 -9999.0
-9999.0 -9999.0 0.100000 0.100000 0.100000 0.100000 0.100000 0.098756 0.092145 0.081921 0.064759 0.054209 0.049924 0.096065 0.093984 0.098010 0.099749 0.093505 0.088844 0.080789 0.076937 0.075186 0.074386 0.074098 0.074161 0.074526 0.075201 0.076190 0.077391 0.079031 0.081035 0.083198 0.085224 0.087182 0.089127 0.090943 0.092484 0.093745 0.094840 0.095571 0.095525 0.092984 0.033907 0.033178 0.033178 0.033178 0.033178 0.033178 0.033178 0.033178 0.033178 0.033178 0.033178 0.033178 0.033178 0.033178 0.033178 0.033178 0.033178 0.033178 0.033178 0.033972 0.100000 0.100000 0.100000 0.099684 0.094124 0.086655 0.081051 0.077236 0.074895 0.073480 0.072570 0.071955 0.071520 0.071194 0.070934 0.070710 0.070501 0.070292 0.070070 0.069824 0.069545 0.069221 0.068843 0.068398 0.067874 0.067256 0.066523 0.065653 0.064617 0.063378 0.061888 0.060085 0.057893 0.055233 0.052062 0.048495 0.044852 0.040915 0.036464 0.032056 -9999.0 -9999.0
-9999.0 -9999.0 -9999.0 -9999.0 -9999.0 -9999.0 -9999.0 -9999.0 -9999.0 -9999.0 -9999.0 -9999.0 -9999.0 -9999.0 -9999.0 -9999.0 -9999.0 -9999.0 -9999.0 -9999.0 -9999.0 -9999.0 -9999.0 -9999.0 -9999.0 -9999.0 -9999.0 -9999.0 -9999.0 -9999.0 -9999.0 -9999.0 -9999.0 -9999.0 -9999.0 -9999.0 -9999.0 -9999.0 -9999.0 -9999.0 -9999.0 -9999.0 -9999.0 -9999.0 -9999.0 -9999.0 -9999.0 -9999.0 -9999.0 -9999.0 -9999.0 -9999.0 -9999.0 -9999.0 -9999.0 -9999.0 -9999.0 -9999.0 -9999.0 -9999.0 -9999.0 -9999.0 -9999.0 -9999.0 -9999.0 -9999.0 -9999.0 -9999.0 -9999.0 -9999.0 -9999.0 -9999.0 -9999.0 -9999.0 -9999.0 -9999.0 -9999.0 -9999.0 -9999.0 -9999.0 -9999.0 -9999.0 -9999.0 -9999.0 -9999.0 -9999.0 -9999.0 -9999.0 -9999.0 -9999.0 -9999.0 -9999.0 -9999.0 -9999.0 -9999.0 -9999.0 -9999.0 -9999.0 -9999.0 -9999.0 -9999.0 -9999.0 -9999.0 -9999.0
-9999.0 -9999.0 -9999.0 -9999.0 -9999.0 -9999.0 -9999.0 -9999.0 -9999.0 -9999.0 -9999.0 -9999.0 -9999.0 -9999.0 -9999.0 -9999.0 -9999.0 -9999.0 -9999.0 -9999.0 -9999.0 -9999.0 -9999.0 -9999.0 -9999.0 -9999.0 -9999.0 -9999.0 -9999.0 -9999.0 -9999.0 -9999.0 -9999.0 -9999.0 -9999.0 -9999.0 -9999.0 -9999.0 -9999.0 -9999.0 -9999.0 -9999.0 -9999.0 -9999.0 -9999.0 -9999.0 -9999.0 -9999.0 -9999.0 -9999.0 -9999.0 -9999.0 -9999.0 -9999.0 -9999.0 -9999.0 -9999.0 -9999.0 -9999.0 -9999.0 -9999.0 -9999.0 -9999.0 -9999.0 -9999.0 -9999.0 -9999.0 -9999.0 -9999.0 -9999.0 -9999.0 -9999.0 -9999.0 -9999.0 -9999.0 -9999.0 -9999.0 -9999.0 -9999.0 -9999.0 -9999.0 -9999.0 -9999.0 -9999.0 -9999.0 -9999.0 -9999.0 -9999.0 -9999.0 -9999.0 -9999.0 -9999.0 -9999.0 -9999.0 -9999.0 -9999.0 -9999.0 -9999.0 -9999.0 -9999.0 -9999.0 -9999.0 -9999.0 -9999.0