tests/3D/superslab/out/maps3D/thetaliqL0052N0005.asc
ncols         104
nrows         10
xllcorner     -2.000000
yllcorner     0.000000
cellsize      1.000000
NODATA_value  -9999.0
-9999.0 -9999.0 -9999.0 -9999.0 -9999.0 -9999.0 -9999.0 -9999.0 -9999.0 -9999.0 -9999.0 -9999.0 -9999.0 -9999.0 -9999.0 -9999.0 -9999.0 -9999.0 -9999.0 -9999.0 -9999.0 -9999.0 -9999.0 -9999.0 -9999.0 -9999.0 -9999.0 -9999.0 -9999.0 -9999.0 -9999.0 -9999.0 -9999.0 -9999.0 -9999.0 -9999.0 -9999.0 -9999.0 -9999.0 -9999.0 -9999.0 -9999.0 -9999.0 -9999.0 -9999.0 -9999.0 -9999.0 -9999.0 -9999.0 -9999.0 -9999.0 -9999.0 -9999.0 -9999.0 -9999.0 -9999.0 -9999.0 -9999.0 -9999.0 -9999.0 -9999.0 -9999.0 -9999.0 -9999.0 -9999.0 -9999.0 -9999.0 -9999.0 -9999.0 -9999.0 -9999.0 -9999.0 -9999.0 -9999.0 -9999.0 -9999.0 -9999.0 -9999.0 -9999.0 -9999.0 -9999.0 -9999.0 -9999.0 -9999.0 -9999.0 -9999.0 -9999.0 -9999.0 -9999.0 -9999.0 -9999.0 -9999.0 -9999.0 -9999.0 -9999.0 -9999.0 -9999.0 -9999.0 -9999.0 -9999.0 -9999.0 -9999.0 -9999.0 -9999.0
-9999.0 -9999.0 -9999.0 -9999.0 -9999.0 -9999.0 -9999.0 -9999.0 -9999.0 -9999.0 -9999.0 -9999.0 -9999.0 -9999.0 -9999.0 -9999.0 -9999.0 -9999.0 -9999.0 -9999.0 -9999.0 -9999.0 -9999.0 -9999.0 -9999.0 -9999.0 -9999.0 -9999.0 -9999.0 -9999.0 -9999.0 -9999.0 -9999.0 -9999.0 -9999.0 -9999.0 -9999.0 -9999.0 -9999.0 -9999.0 -9999.0 -9999.0 -9999.0 -9999.0 -9999.0 -9999.0 -9999.0 -9999.0 -9999.0 -9999.0 -9999.0 -9999.0 -9999.0 -9999.0 -9999.0 -9999.0 -9999.0 -9999.0 -9999.0 -9999.0 -9999.0 -9999.0 -9999.0 -9999.0 -9999.0 -9999.0 -9999.0 -9999.0 -9999.0 -9999.0 -9999.0 -9999.0 -9999.0 -9999.0 -9999.0 -9999.0 -9999.0 -9999.0 -9999.0 -9999.0 -9999.0 -9999.0 -9999.0 -9999.0 -9999.0 -9999.0 -9999.0 -9999.0 -9999.0 -9999.0 -9999.0 -9999.0 -9999.0 -9999.0 -9999.0 -9999.0 -9999.0 -9999.0 -9999.0 -9999.0 -9999.0 -9999.0 -9999.0 -9999.0
-9999.0 -9999.0 0.028095 0.027474 0.027023 0.026766 0.026199 0.026080 0.025981 0.025902 0.025842 0.025798 0.025764 0.025554 0.025541 0.025541 0.025551 0.025677 0.025667 0.025659 0.025652 0.025646 0.025640 0.025636 0.025632 0.025629 0.025626 0.025623 0.025621 0.025619 0.025617 0.025615 0.025613 0.025610 0.025606 0.025566 0.041624 0.041627 0.041635 0.041723 0.025647 0.025638 0.025547 0.025540 0.025540 0.025540 0.025540 0.025540 0.025540 0.025540 0.025540 0.025540 0.025540 0.025540 0.025540 0.025540 0.025540 0.025540 0.025540 0.025540 0.025541 0.025552 0.025700 0.025699 0.025697 0.025694 0.025690 0.025687 0.025683 0.025679 0.025676 0.025672 0.025668 0.025665 0.025661 0.025658 0.025655 0.025652 0.025649 0.025646 0.025643 0.025640 0.025638 0.025635 0.025633 0.025631 0.025628 0.025626 0.025624 0.025622 0.025620 0.025618 0.025617 0.025615 0.025613 0.025611 0.025604 0.025543 0.025540 0.025540 0.025540 0.025537 -9999.0 -9999.0
-9999.0 -9999.0 0.028095 0.027474 0.027023 0.026766 0.026199 0.026080 0.025981 0.025902 0.025842 0.025798 0.025764 0.025554 0.025541 0.025541 0.025551 0.025677 0.025667 0.025659 0.025652 0.025646 0.025640 0.025636 0.025632 0.025629 0.025626 0.025623 0.025621 0.025619 0.025617 0.025615 0.025613 0.025610 0.025606 0.025566 0.041624 0.041627 0.041635 0.041723 0.025647 0.025638 0.025547 0.025540 0.025540 0.025540 0.025540 0.025540 0.025540 0.025540 0.025540 0.025540 0.025540 0.025540 0.025540 0.025540 0.025540 0.025540 0.025540 0.025540 0.025541 0.025552 0.025700 0.025699 0.025697 0.025694 0.025690 0.025687 0.025683 0.025679 0.025676 0.025672 0.025668 0.025665 0.025661 0.025658 0.025655 0.025652 0.025649 0.025646 0.025643 0.025640 0.025638 0.025635 0.025633 0.025631 0.025628 0.025626 0.025624 0.025622 0.025620 0.025618 0.025617 0.025615 0.025613 0.025611 0.025604 0.025543 0.025540 0.025540 0.025540 0.025537 -9999.0 -9999.0
-9999.0 -9999.0 0.028095 0.027474 0.027023 0.026766 0.026199 0.026080 0.025981 0.025902 0.025842 0.025798 0.025764 0.025554 0.025541 0.025541 0.025551 0.025677 0.025667 0.025659 0.025652 0.025646 0.025640 0.025636 0.025632 0.025629 0.025626 0.025623 0.025621 0.025619 0.025617 0.025615 0.025613 0.025610 0.025606 0.025566 0.041624 0.041627 0.041635 0.041723 0.025647 0.025638 0.025547 0.025540 0.025540 0.025540 0.025540 0.025540 0.025540 0.025540 0.025540 0.025540 0.025540 0.025540 0.025540 0.025540 0.025540 0.025540 0.025540 0.025540 0.025541 0.025552 0.025700 0.025699 0.025697 0.025694 0.025690 0.025687 0.025683 0.025679 0.025676 0.025672 0.025668 0.025665 0.025661 0.025658 0.025655 0.025652 0.025649 0.025646 0.025643 0.025640 0.025638 0.025635 0.025633 0.025631 0.025628 0.025626 0.025624 0.025622 0.025620 0.025618 0.025617 0.025615 0.025613 0.025611 0.025604 0.025543 0.025540 0.025540 0.025540 0.025537 -9999.0 -9999.0
-9999.0 -9999.0 0.028095 0.027474 0.027023 0.026766 0.026199 0.026080 0.025981 0.025902 0.025842 0.025798 0.025764 0.025554 0.025541 0.025541 0.025551 0.025677 0.025667 0.025659 0.025652 0.025646 0.025640 0.025636 0.025632 0.025629 0.025626 0.025623 0.025621 0.025619 0.025617 0.025615 0.025613 0.025610 0.025606 0.025566 0.041624 0.041627 0.041635 0.041723 0.025647 0.025638 0.025547 0.025540 0.025540 0.025540 0.025540 0.025540 0.025540 0.025540 0.025540 0.025540 0.025540 0.025540 0.025540 0.025540 0.025540 0.025540 0.025540 0.025540 0.025541 0.025552 0.025700 0.025699 0.025697 0.025694 0.025690 0.025687 0.025683 0.025679 0.025676 0.025672 0.025668 0.025665 0.025661 0.025658 0.025655 0.025652 0.025649 0.025646 0.025643 0.025640 0.025638 0.025635 0.025633 0.025631 0.025628 0.025626 0.025624 0.025622 0.025620 0.025618 0.025617 0.025615 0.025613 0.025611 0.025604 0.025543 0.025540 0.025540 0.025540 0.025537 -9999.0 -9999.0
-9999.0 -9999.0 0.028095 0.027474 0.027023 0.026766 0.026199 0.026080 0.025981 0.025902 0.025842 0.025798 0.025764 0.025554 0.025541 0.025541 0.025551 0.025677 0.025667 0.025659 0.025652 0.025646 0.025640 0.025636 0.025632 0.025629 0.025626 0.025623 0.025621 0.025619 0.025617 0.025615 0.025613 0.025610 0.025606 0.025566 0.041624 0.041627 0.041635 0.041723 0.025647 0.025638 0.025547 0.025540 0.025540 0.025540 0.025540 0.025540 0.025540 0.025540 0.025540 0.025540 0.025540 0.025540 0.025540 0.025540 0.025540 0.025540 0.025540 0.025540 0.025541 0.025552 0.025700 0.025699 0.025697 0.025694 0.025690 0.025687 0.025683 0.025679 0.025676 0.025672 0.025668 0.025665 0.025661 0.025658 0.025655 0.025652 0.025649 0.025646 0.025643 0.025640 0.025638 0.025635 0.025633 0.025631 0.025628 0.025626 0.025624 0.025622 0.025620 0.025618 0.025617 0.025615 0.025613 0.025611 0.025604 0.025543 0.025540 0.025540 0.025540 0.025537 -9999.0 -9999.0
-9999.0 -9999.0 0.028095 0.027474 0.027023 0.026766 0.026199 0.026080 0.025981 0.025902 0.025842 0.025798 0.025764 0.025554 0.025541 0.025541 0.025551 0.025677 0.025667 0.025659 0.025652 0.025646 0.025640 0.025636 0.025632 0.025629 0.025626 0.025623 0.025621 0.025619 0.025617 0.025615 0.025613 0.025610 0.025606 0.025566 0.041624 0.041627 0.041635 0.041723 0.025647 0.025638 0.025547 0.025540 0.025540 0.025540 0.025540 0.025540 0.025540 0.025540 0.025540 0.025540 0.025540 0.025540 0.025540 0.025540 0.025540 0.025540 0.025540 0.025540 0.025541 0.025552 0.025700 0.025699 0.025697 0.025694 0.025690 0.025687 0.025683 0.025679 0.025676 0.025672 0.025668 0.025665 0.025661 0.025658 0.025655 0.025652 0.025649 0.025646 0.025643 0.025640 0.025638 0.025635 0.025633 0.025631 0.025628 0.025626 0.025624 0.025622 0.025620 0.025618 0.025617 0.025615 0.025613 0.025611 0.025604 0.025543 0.025540 0.025540 0.025540 0.025537 -9999.0 -9999.0
-9999.0 -9999.0 -9999.0 -9999.0 -9999.0 -9999.0 -9999.0 -9999.0 -9999.0 -9999.0 -9999.0 -9999.0 -9999.0 -9999.0 -9999.0 -9999.0 -9999.0 -9999.0 -9999.0 -9999.0 -9999.0 -9999.0 -9999.0 -9999.0 -9999.0 -9999.0 -9999.0 -9999.0 -9999.0 -9999.0 -9999.0 -9999.0 -9999.0 -9999.0 -9999.0 -9999.0 -9999.0 -9999.0 -9999.0 -9999.0 -9999.0 -9999.0 -9999.0 -9999.0 -9999.0 -9999.0 -9999.0 -9999.0 -9999.0 -9999.0 -9999.0 -9999.0 -9999.0 -9999.0 -9999.0 -9999.0 -9999.0 -9999.0 -9999.0 -9999.0 -9999.0 -9999.0 -9999.0 -9999.0 -9999.0 -9999.0 -9999.0 -9999.0 -9999.0 -9999.0 -9999.0 -9999.0 -9999.0 -9999.0 -9999.0 -9999.0 -9999.0 -9999.0 -9999.0 -9999.0 -9999.0 -9999.0 -9999.0 -9999.0 -9999.0 -9999.0 -9999.0 -9999.0 -9999.0 -9999.0 -9999.0 -9999.0 -9999.0 -9999.0 -9999.0 -9999.0 -9999.0 -9999.0 -9999.0 -9999.0 -9999.0 -9999.0 -9999.0 -9999.0
-9999.0 -9999.0 -9999.0 -9999.0 -9999.0 -9999.0 -9999.0 -9999.0 -9999.0 -9999.0 -9999.0 -9999.0 -9999.0 -9999.0 -9999.0 -9999.0 -9999.0 -9999.0 -9999.0 -9999.0 -9999.0 -9999.0 -9999.0 -9999.0 -9999.0 -9999.0 -9999.0 -9999.0 -9999.0 -9999.0 -9999.0 -9999.0 -9999.0 -9999.0 -9999.0 -9999.0 -9999.0 -9999.0 -9999.0 -9999.0 -9999.0 -9999.0 -9999.0 -9999.0 -9999.0 -9999.0 -9999.0 -9999.0 -9999.0 -9999.0 -9999.0 -9999.0 -9999.0 -9999.0 -9999.0 -9999.0 -9999.0 -9999.0 -9999.0 -9999.0 -9999.0 -9999.0 -9999.0 -9999.0 -9999.0 -9999.0 -9999.0 -9999.0 -9999.0 -9999.0 -9999.0 -9999.0 -9999.0 -9999.0 -9999.0 -9999.0 -9999.0 -9999.0 -9999.0 -9999.0 -9999.0 -9999.0 -9999.0 -9999.0 -9999.0 -9999.0 -9999.0 -9999.0 -9999.0 -9999.0 -9999.0 -9999.0 -9999.0 -9999.0 -9999.0 -9999.0 -9999.0 -9999.0 -9999.0 -9999.0 -9999.0 -9999.0 -9999.0 -9999.0