tests/3D/superslab/out/maps3D/thetaliqL0010N0003.asc
ncols         104
nrows         10
xllcorner     -2.000000
yllcorner     0.000000
cellsize      1.000000
NODATA_value  -9999.0
-9999.0 -9999.0 -9999.0 -9999.0 -9999.0 -9999.0 -9999.0 -9999.0 -9999.0 -9999.0 -9999.0 -9999.0 -9999.0 -9999.0 -9999.0 -9999.0 -9999.0 -9999.0 -9999.0 -9999.0 -9999.0 -9999.0 -9999.0 -9999.0 -9999.0 -9999.0 -9999.0 -9999.0 -9999.0 -9999.0 -9999.0 -9999.0 -9999.0 -9999.0 -9999.0 -9999.0 -9999.0 -9999.0 -9999.0 -9999.0 -9999.0 -9999.0 -9999.0 -9999.0 -9999.0 -9999.0 -9999.0 -9999.0 -9999.0 -9999.0 -9999.0 -9999.0 -9999.0 -9999.0 -9999.0 -9999.0 -9999.0 -9999.0 -9999.0 -9999.0 -9999.0 -9999.0 -9999.0 -9999.0 -9999.0 -9999.0 -9999.0 -9999.0 -9999.0 -9999.0 -9999.0 -9999.0 -9999.0 -9999.0 -9999.0 -9999.0 -9999.0 -9999.0 -9999.0 -9999.0 -9999.0 -9999.0 -9999.0 -9999.0 -9999.0 -9999.0 -9999.0 -9999.0 -9999.0 -9999.0 -9999.0 -9999.0 -9999.0 -9999.0 -9999.0 -9999.0 -9999.0 -9999.0 -9999.0 -9999.0 -9999.0 -9999.0 -9999.0 -9999.0
-9999.0 -9999.0 -9999.0 -9999.0 -9999.0 -9999.0 -9999.0 -9999.0 -9999.0 -9999.0 -9999.0 -9999.0 -9999.0 -9999.0 -9999.0 -9999.0 -9999.0 -9999.0 -9999.0 -9999.0 -9999.0 -9999.0 -9999.0 -9999.0 -9999.0 -9999.0 -9999.0 -9999.0 -9999.0 -9999.0 -9999.0 -9999.0 -9999.0 -9999.0 -9999.0 -9999.0 -9999.0 -9999.0 -9999.0 -9999.0 -9999.0 -9999.0 -9999.0 -9999.0 -9999.0 -9999.0 -9999.0 -9999.0 -9999.0 -9999.0 -9999.0 -9999.0 -9999.0 -9999.0 -9999.0 -9999.0 -9999.0 -9999.0 -9999.0 -9999.0 -9999.0 -9999.0 -9999.0 -9999.0 -9999.0 -9999.0 -9999.0 -9999.0 -9999.0 -9999.0 -9999.0 -9999.0 -9999.0 -9999.0 -9999.0 -9999.0 -9999.0 -9999.0 -9999.0 -9999.0 -9999.0 -9999.0 -9999.0 -9999.0 -9999.0 -9999.0 -9999.0 -9999.0 -9999.0 -9999.0 -9999.0 -9999.0 -9999.0 -9999.0 -9999.0 -9999.0 -9999.0 -9999.0 -9999.0 -9999.0 -9999.0 -9999.0 -9999.0 -9999.0
-9999.0 -9999.0 0.100000 0.100000 0.100000 0.100000 0.100000 0.099716 0.085610 0.071574 0.059453 0.054666 0.052776 0.051998 0.052018 0.099382 0.099968 0.100000 0.100000 0.100000 0.100000 0.100000 0.100000 0.100000 0.100000 0.100000 0.096163 0.085192 0.074377 0.066490 0.061609 0.058685 0.056943 0.055909 0.055316 0.055042 0.055016 0.055261 0.055892 0.057201 0.059869 0.064358 0.036407 0.033462 0.033462 0.033462 0.033462 0.033462 0.033462 0.033462 0.033462 0.033462 0.033462 0.033462 0.033462 0.033462 0.033462 0.033462 0.033462 0.033462 0.033462 0.037007 0.100000 0.100000 0.100000 0.100000 0.100000 0.099276 0.089302 0.076802 0.067624 0.061879 0.058528 0.056617 0.055528 0.054902 0.054538 0.054317 0.054181 0.054098 0.054040 0.054003 0.053979 0.053956 0.053939 0.053921 0.053897 0.053866 0.053821 0.053753 0.053648 0.053486 0.053237 0.052857 0.052288 0.051457 0.050288 0.048716 0.046670 0.043913 0.040058 0.035336 -9999.0 -9999.0
-9999.0 -9999.0 0.100000 0.100000 0.100000 0.100000 0.100000 0.099716 0.085610 0.071574 0.059453 0.054666 0.052776 0.051998 0.052018 0.099382 0.099968 0.100000 0.100000 0.100000 0.100000 0.100000 0.100000 0.100000 0.100000 0.100000 0.096163 0.085192 0.074377 0.066490 0.061609 0.058685 0.056943 0.055909 0.055316 0.055042 0.055016 0.055261 0.055892 0.057201 0.059869 0.064358 0.036407 0.033462 0.033462 0.033462 0.033462 0.033462 0.033462 0.033462 0.033462 0.033462 0.033462 0.033462 0.033462 0.033462 0.033462 0.033462 0.033462 0.033462 0.033462 0.037007 0.100000 0.100000 0.100000 0.100000 0.100000 0.099276 0.089302 0.076802 0.067624 0.061879 0.058528 0.056617 0.055528 0.054902 0.054538 0.054317 0.054181 0.054098 0.054040 0.054003 0.053979 0.053956 0.053939 0.053921 0.053897 0.053866 0.053821 0.053753 0.053648 0.053486 0.053237 0.052857 0.052288 0.051457 0.050288 0.048716 0.046670 0.043913 0.040058 0.035336 -9999.0 -9999.0
-9999.0 -9999.0 0.100000 0.100000 0.100000 0.100000 0.100000 0.099716 0.085610 0.071574 0.059453 0.054666 0.052776 0.051998 0.052018 0.099382 0.099968 0.100000 0.100000 0.100000 0.100000 0.100000 0.100000 0.100000 0.100000 0.100000 0.096163 0.085192 0.074377 0.066490 0.061609 0.058685 0.056943 0.055909 0.055316 0.055042 0.055016 0.055261 0.055892 0.057201 0.059869 0.064358 0.036407 0.033462 0.033462 0.033462 0.033462 0.033462 0.033462 0.033462 0.033462 0.033462 0.033462 0.033462 0.033462 0.033462 0.033462 0.033462 0.033462 0.033462 0.033462 0.037007 0.100000 0.100000 0.100000 0.100000 0.100000 0.099276 0.089302 0.076802 0.067624 0.061879 0.058528 0.056617 0.055528 0.054902 0.054538 0.054317 0.054181 0.054098 0.054040 0.054003 0.053979 0.053956 0.053939 0.053921 0.053897 0.053866 0.053821 0.053753 0.053648 0.053486 0.053237 0.052857 0.052288 0.051457 0.050288 0.048716 0.046670 0.043913 0.040058 0.035336 -9999.0 -9999.0
-9999.0 -9999.0 0.100000 0.100000 0.100000 0.100000 0.100000 0.099716 0.085610 0.071574 0.059453 0.054666 0.052776 0.051998 0.052018 0.099382 0.099968 0.100000 0.100000 0.100000 0.100000 0.100000 0.100000 0.100000 0.100000 0.100000 0.096163 0.085192 0.074377 0.066490 0.061609 0.058685 0.056943 0.055909 0.055316 0.055042 0.055016 0.055261 0.055892 0.057201 0.059869 0.064358 0.036407 0.033462 0.033462 0.033462 0.033462 0.033462 0.033462 0.033462 0.033462 0.033462 0.033462 0.033462 0.033462 0.033462 0.033462 0.033462 0.033462 0.033462 0.033462 0.037007 0.100000 0.100000 0.100000 0.100000 0.100000 0.099276 0.089302 0.076802 0.067624 0.061879 0.058528 0.056617 0.055528 0.054902 0.054538 0.054317 0.054181 0.054098 0.054040 0.054003 0.053979 0.053956 0.053939 0.053921 0.053897 0.053866 0.053821 0.053753 0.053648 0.053486 0.053237 0.052857 0.052288 0.051457 0.050288 0.048716 0.046670 0.043913 0.040058 0.035336 -9999.0 -9999.0
-9999.0 -9999.0 0.100000 0.100000 0.100000 0.100000 0.100000 0.099716 0.085610 0.071574 0.059453 0.054666 0.052776 0.051998 0.052018 0.099382 0.099968 0.100000 0.100000 0.100000 0.100000 0.100000 0.100000 0.100000 0.100000 0.100000 0.096163 0.085192 0.074377 0.066490 0.061609 0.058685 0.056943 0.055909 0.055316 0.055042 0.055016 0.055261 0.055892 0.057201 0.059869 0.064358 0.036407 0.033462 0.033462 0.033462 0.033462 0.033462 0.033462 0.033462 0.033462 0.033462 0.033462 0.033462 0.033462 0.033462 0.033462 0.033462 0.033462 0.033462 0.033462 0.037007 0.100000 0.100000 0.100000 0.100000 0.100000 0.099276 0.089302 0.076802 0.067624 0.061879 0.058528 0.056617 0.055528 0.054902 0.054538 0.054317 0.054181 0.054098 0.054040 0.054003 0.053979 0.053956 0.053939 0.053921 0.053897 0.053866 0.053821 0.053753 0.053648 0.053486 0.053237 0.052857 0.052288 0.051457 0.050288 0.048716 0.046670 0.043913 0.040058 0.035336 -9999.0 -9999.0
-9999.0 -9999.0 0.100000 0.100000 0.100000 0.100000 0.100000 0.099716 0.085610 0.071574 0.059453 0.054666 0.052776 0.051998 0.052018 0.099382 0.099968 0.100000 0.100000 0.100000 0.100000 0.100000 0.100000 0.100000 0.100000 0.100000 0.096163 0.085192 0.074377 0.066490 0.061609 0.058685 0.056943 0.055909 0.055316 0.055042 0.055016 0.055261 0.055892 0.057201 0.059869 0.064358 0.036407 0.033462 0.033462 0.033462 0.033462 0.033462 0.033462 0.033462 0.033462 0.033462 0.033462 0.033462 0.033462 0.033462 0.033462 0.033462 0.033462 0.033462 0.033462 0.037007 0.100000 0.100000 0.100000 0.100000 0.100000 0.099276 0.089302 0.076802 0.067624 0.061879 0.058528 0.056617 0.055528 0.054902 0.054538 0.054317 0.054181 0.054098 0.054040 0.054003 0.053979 0.053956 0.053939 0.053921 0.053897 0.053866 0.053821 0.053753 0.053648 0.053486 0.053237 0.052857 0.052288 0.051457 0.050288 0.048716 0.046670 0.043913 0.040058 0.035336 -9999.0 -9999.0
-9999.0 -9999.0 -9999.0 -9999.0 -9999.0 -9999.0 -9999.0 -9999.0 -9999.0 -9999.0 -9999.0 -9999.0 -9999.0 -9999.0 -9999.0 -9999.0 -9999.0 -9999.0 -9999.0 -9999.0 -9999.0 -9999.0 -9999.0 -9999.0 -9999.0 -9999.0 -9999.0 -9999.0 -9999.0 -9999.0 -9999.0 -9999.0 -9999.0 -9999.0 -9999.0 -9999.0 -9999.0 -9999.0 -9999.0 -9999.0 -9999.0 -9999.0 -9999.0 -9999.0 -9999.0 -9999.0 -9999.0 -9999.0 -9999.0 -9999.0 -9999.0 -9999.0 -9999.0 -9999.0 -9999.0 -9999.0 -9999.0 -9999.0 -9999.0 -9999.0 -9999.0 -9999.0 -9999.0 -9999.0 -9999.0 -9999.0 -9999.0 -9999.0 -9999.0 -9999.0 -9999.0 -9999.0 -9999.0 -9999.0 -9999.0 -9999.0 -9999.0 -9999.0 -9999.0 -9999.0 -9999.0 -9999.0 -9999.0 -9999.0 -9999.0 -9999.0 -9999.0 -9999.0 -9999.0 -9999.0 -9999.0 -9999.0 -9999.0 -9999.0 -9999.0 -9999.0 -9999.0 -9999.0 -9999.0 -9999.0 -9999.0 -9999.0 -9999.0 -9999.0
-9999.0 -9999.0 -9999.0 -9999.0 -9999.0 -9999.0 -9999.0 -9999.0 -9999.0 -9999.0 -9999.0 -9999.0 -9999.0 -9999.0 -9999.0 -9999.0 -9999.0 -9999.0 -9999.0 -9999.0 -9999.0 -9999.0 -9999.0 -9999.0 -9999.0 -9999.0 -9999.0 -9999.0 -9999.0 -9999.0 -9999.0 -9999.0 -9999.0 -9999.0 -9999.0 -9999.0 -9999.0 -9999.0 -9999.0 -9999.0 -9999.0 -9999.0 -9999.0 -9999.0 -9999.0 -9999.0 -9999.0 -9999.0 -9999.0 -9999.0 -9999.0 -9999.0 -9999.0 -9999.0 -9999.0 -9999.0 -9999.0 -9999.0 -9999.0 -9999.0 -9999.0 -9999.0 -9999.0 -9999.0 -9999.0 -9999.0 -9999.0 -9999.0 -9999.0 -9999.0 -9999.0 -9999.0 -9999.0 -9999.0 -9999.0 -9999.0 -9999.0 -9999.0 -9999.0 -9999.0 -9999.0 -9999.0 -9999.0 -9999.0 -9999.0 -9999.0 -9999.0 -9999.0 -9999.0 -9999.0 -9999.0 -9999.0 -9999.0 -9999.0 -9999.0 -9999.0 -9999.0 -9999.0 -9999.0 -9999.0 -9999.0 -9999.0 -9999.0 -9999.0