tests/3D/superslab/out/maps3D/thetaliqL0003N0002.asc
ncols         104
nrows         10
xllcorner     -2.000000
yllcorner     0.000000
cellsize      1.000000
NODATA_value  -9999.0
-9999.0 -9999.0 -9999.0 -9999.0 -9999.0 -9999.0 -9999.0 -9999.0 -9999.0 -9999.0 -9999.0 -9999.0 -9999.0 -9999.0 -9999.0 -9999.0 -9999.0 -9999.0 -9999.0 -9999.0 -9999.0 -9999.0 -9999.0 -9999.0 -9999.0 -9999.0 -9999.0 -9999.0 -9999.0 -9999.0 -9999.0 -9999.0 -9999.0 -9999.0 -9999.0 -9999.0 -9999.0 -9999.0 -9999.0 -9999.0 -9999.0 -9999.0 -9999.0 -9999.0 -9999.0 -9999.0 -9999.0 -9999.0 -9999.0 -9999.0 -9999.0 -9999.0 -9999.0 -9999.0 -9999.0 -9999.0 -9999.0 -9999.0 -9999.0 -9999.0 -9999.0 -9999.0 -9999.0 -9999.0 -9999.0 -9999.0 -9999.0 -9999.0 -9999.0 -9999.0 -9999.0 -9999.0 -9999.0 -9999.0 -9999.0 -9999.0 -9999.0 -9999.0 -9999.0 -9999.0 -9999.0 -9999.0 -9999.0 -9999.0 -9999.0 -9999.0 -9999.0 -9999.0 -9999.0 -9999.0 -9999.0 -9999.0 -9999.0 -9999.0 -9999.0 -9999.0 -9999.0 -9999.0 -9999.0 -9999.0 -9999.0 -9999.0 -9999.0 -9999.0
-9999.0 -9999.0 -9999.0 -9999.0 -9999.0 -9999.0 -9999.0 -9999.0 -9999.0 -9999.0 -9999.0 -9999.0 -9999.0 -9999.0 -9999.0 -9999.0 -9999.0 -9999.0 -9999.0 -9999.0 -9999.0 -9999.0 -9999.0 -9999.0 -9999.0 -9999.0 -9999.0 -9999.0 -9999.0 -9999.0 -9999.0 -9999.0 -9999.0 -9999.0 -9999.0 -9999.0 -9999.0 -9999.0 -9999.0 -9999.0 -9999.0 -9999.0 -9999.0 -9999.0 -9999.0 -9999.0 -9999.0 -9999.0 -9999.0 -9999.0 -9999.0 -9999.0 -9999.0 -9999.0 -9999.0 -9999.0 -9999.0 -9999.0 -9999.0 -9999.0 -9999.0 -9999.0 -9999.0 -9999.0 -9999.0 -9999.0 -9999.0 -9999.0 -9999.0 -9999.0 -9999.0 -9999.0 -9999.0 -9999.0 -9999.0 -9999.0 -9999.0 -9999.0 -9999.0 -9999.0 -9999.0 -9999.0 -9999.0 -9999.0 -9999.0 -9999.0 -9999.0 -9999.0 -9999.0 -9999.0 -9999.0 -9999.0 -9999.0 -9999.0 -9999.0 -9999.0 -9999.0 -9999.0 -9999.0 -9999.0 -9999.0 -9999.0 -9999.0 -9999.0
-9999.0 -9999.0 0.100000 0.100000 0.097946 0.085141 0.072619 0.065057 0.061804 0.061919 0.053821 0.098416 0.099145 0.099489 0.099801 0.099895 0.099680 0.097770 0.092825 0.085452 0.077445 0.070834 0.065898 0.062371 0.059846 0.058239 0.057188 0.056497 0.056025 0.055695 0.055458 0.055286 0.055161 0.055079 0.055047 0.055080 0.055213 0.055509 0.056089 0.057204 0.059407 0.063814 0.078682 0.081191 0.083561 0.085029 0.085718 0.085802 0.085812 0.085812 0.085813 0.085813 0.085812 0.085812 0.085812 0.085812 0.085811 0.085805 0.085789 0.085715 0.085330 0.085148 0.100000 0.099998 0.092474 0.079617 0.069736 0.063553 0.059879 0.057691 0.056369 0.055553 0.055048 0.054713 0.054501 0.054364 0.054265 0.054192 0.054142 0.054106 0.054077 0.054055 0.054035 0.054009 0.053986 0.053962 0.053937 0.053900 0.053850 0.053778 0.053671 0.053508 0.053260 0.052882 0.052317 0.051489 0.050319 0.048747 0.046747 0.044342 0.041632 0.038822 -9999.0 -9999.0
-9999.0 -9999.0 0.100000 0.100000 0.097947 0.085141 0.072619 0.065057 0.061804 0.061919 0.053821 0.098416 0.099145 0.099489 0.099801 0.099895 0.099680 0.097770 0.092825 0.085452 0.077445 0.070834 0.065898 0.062371 0.059846 0.058239 0.057188 0.056497 0.056025 0.055695 0.055458 0.055286 0.055161 0.055079 0.055047 0.055080 0.055213 0.055509 0.056089 0.057204 0.059407 0.063814 0.078682 0.081191 0.083561 0.085029 0.085718 0.085802 0.085812 0.085812 0.085813 0.085813 0.085812 0.085812 0.085812 0.085812 0.085811 0.085805 0.085789 0.085715 0.085330 0.085148 0.100000 0.099998 0.092474 0.079617 0.069736 0.063553 0.059879 0.057691 0.056369 0.055553 0.055048 0.054713 0.054501 0.054364 0.054265 0.054192 0.054142 0.054106 0.054077 0.054055 0.054035 0.054009 0.053986 0.053962 0.053937 0.053900 0.053850 0.053778 0.053671 0.053508 0.053260 0.052882 0.052317 0.051489 0.050319 0.048747 0.046747 0.044342 0.041632 0.038822 -9999.0 -9999.0
-9999.0 -9999.0 0.100000 0.100000 0.097948 0.085142 0.072620 0.065057 0.061804 0.061919 0.053821 0.098416 0.099145 0.099489 0.099801 0.099895 0.099680 0.097770 0.092825 0.085452 0.077445 0.070834 0.065898 0.062371 0.059846 0.058239 0.057188 0.056497 0.056025 0.055695 0.055458 0.055286 0.055161 0.055079 0.055047 0.055080 0.055213 0.055509 0.056089 0.057204 0.059407 0.063814 0.078682 0.081191 0.083561 0.085029 0.085718 0.085802 0.085812 0.085812 0.085813 0.085813 0.085812 0.085812 0.085812 0.085812 0.085811 0.085805 0.085789 0.085715 0.085330 0.085148 0.100000 0.099998 0.092474 0.079617 0.069736 0.063553 0.059879 0.057691 0.056369 0.055553 0.055048 0.054713 0.054501 0.054364 0.054265 0.054192 0.054142 0.054106 0.054077 0.054055 0.054035 0.054009 0.053986 0.053962 0.053937 0.053900 0.053850 0.053778 0.053671 0.053508 0.053260 0.052882 0.052317 0.051489 0.050319 0.048747 0.046747 0.044342 0.041632 0.038822 -9999.0 -9999.0
-9999.0 -9999.0 0.100000 0.100000 0.097948 0.085142 0.072620 0.065057 0.061804 0.061919 0.053821 0.098416 0.099145 0.099489 0.099801 0.099895 0.099680 0.097770 0.092825 0.085452 0.077445 0.070834 0.065898 0.062371 0.059846 0.058239 0.057188 0.056497 0.056025 0.055695 0.055458 0.055286 0.055161 0.055079 0.055047 0.055080 0.055213 0.055509 0.056089 0.057204 0.059407 0.063814 0.078682 0.081191 0.083561 0.085029 0.085718 0.085802 0.085812 0.085812 0.085813 0.085813 0.085812 0.085812 0.085812 0.085812 0.085811 0.085805 0.085789 0.085715 0.085330 0.085148 0.100000 0.099998 0.092474 0.079617 0.069736 0.063553 0.059879 0.057691 0.056369 0.055553 0.055048 0.054713 0.054501 0.054364 0.054265 0.054192 0.054142 0.054106 0.054077 0.054055 0.054035 0.054009 0.053986 0.053962 0.053937 0.053900 0.053850 0.053778 0.053671 0.053508 0.053260 0.052882 0.052317 0.051489 0.050319 0.048747 0.046747 0.044342 0.041632 0.038822 -9999.0 -9999.0
-9999.0 -9999.0 0.100000 0.100000 0.097947 0.085141 0.072619 0.065057 0.061804 0.061919 0.053821 0.098416 0.099145 0.099489 0.099801 0.099895 0.099680 0.097770 0.092825 0.085452 0.077445 0.070834 0.065898 0.062371 0.059846 0.058239 0.057188 0.056497 0.056025 0.055695 0.055458 0.055286 0.055161 0.055079 0.055047 0.055080 0.055213 0.055509 0.056089 0.057204 0.059407 0.063814 0.078682 0.081191 0.083561 0.085029 0.085718 0.085802 0.085812 0.085812 0.085813 0.085813 0.085812 0.085812 0.085812 0.085812 0.085811 0.085805 0.085789 0.085715 0.085330 0.085148 0.100000 0.099998 0.092474 0.079617 0.069736 0.063553 0.059879 0.057691 0.056369 0.055553 0.055048 0.054713 0.054501 0.054364 0.054265 0.054192 0.054142 0.054106 0.054077 0.054055 0.054035 0.054009 0.053986 0.053962 0.053937 0.053900 0.053850 0.053778 0.053671 0.053508 0.053260 0.052882 0.052317 0.051489 0.050319 0.048747 0.046747 0.044342 0.041632 0.038822 -9999.0 -9999.0
-9999.0 -9999.0 0.100000 0.100000 0.097946 0.085141 0.072619 0.065057 0.061804 0.061919 0.053821 0.098416 0.099145 0.099489 0.099801 0.099895 0.099680 0.097770 0.092825 0.085452 0.077445 0.070834 0.065898 0.062371 0.059846 0.058239 0.057188 0.056497 0.056025 0.055695 0.055458 0.055286 0.055161 0.055079 0.055047 0.055080 0.055213 0.055509 0.056089 0.057204 0.059407 0.063814 0.078682 0.081191 0.083561 0.085029 0.085718 0.085802 0.085812 0.085812 0.085813 0.085813 0.085812 0.085812 0.085812 0.085812 0.085811 0.085805 0.085789 0.085715 0.085330 0.085148 0.100000 0.099998 0.092474 0.079617 0.069736 0.063553 0.059879 0.057691 0.056369 0.055553 0.055048 0.054713 0.054501 0.054364 0.054265 0.054192 0.054142 0.054106 0.054077 0.054055 0.054035 0.054009 0.053986 0.053962 0.053937 0.053900 0.053850 0.053778 0.053671 0.053508 0.053260 0.052882 0.052317 0.051489 0.050319 0.048747 0.046747 0.044342 0.041632 0.038822 -9999.0 -9999.0
-9999.0 -9999.0 -9999.0 -9999.0 -9999.0 -9999.0 -9999.0 -9999.0 -9999.0 -9999.0 -9999.0 -9999.0 -9999.0 -9999.0 -9999.0 -9999.0 -9999.0 -9999.0 -9999.0 -9999.0 -9999.0 -9999.0 -9999.0 -9999.0 -9999.0 -9999.0 -9999.0 -9999.0 -9999.0 -9999.0 -9999.0 -9999.0 -9999.0 -9999.0 -9999.0 -9999.0 -9999.0 -9999.0 -9999.0 -9999.0 -9999.0 -9999.0 -9999.0 -9999.0 -9999.0 -9999.0 -9999.0 -9999.0 -9999.0 -9999.0 -9999.0 -9999.0 -9999.0 -9999.0 -9999.0 -9999.0 -9999.0 -9999.0 -9999.0 -9999.0 -9999.0 -9999.0 -9999.0 -9999.0 -9999.0 -9999.0 -9999.0 -9999.0 -9999.0 -9999.0 -9999.0 -9999.0 -9999.0 -9999.0 -9999.0 -9999.0 -9999.0 -9999.0 -9999.0 -9999.0 -9999.0 -9999.0 -9999.0 -9999.0 -9999.0 -9999.0 -9999.0 -9999.0 -9999.0 -9999.0 -9999.0 -9999.0 -9999.0 -9999.0 -9999.0 -9999.0 -9999.0 -9999.0 -9999.0 -9999.0 -9999.0 -9999.0 -9999.0 -9999.0
-9999.0 -9999.0 -9999.0 -9999.0 -9999.0 -9999.0 -9999.0 -9999.0 -9999.0 -9999.0 -9999.0 -9999.0 -9999.0 -9999.0 -9999.0 -9999.0 -9999.0 -9999.0 -9999.0 -9999.0 -9999.0 -9999.0 -9999.0 -9999.0 -9999.0 -9999.0 -9999.0 -9999.0 -9999.0 -9999.0 -9999.0 -9999.0 -9999.0 -9999.0 -9999.0 -9999.0 -9999.0 -9999.0 -9999.0 -9999.0 -9999.0 -9999.0 -9999.0 -9999.0 -9999.0 -9999.0 -9999.0 -9999.0 -9999.0 -9999.0 -9999.0 -9999.0 -9999.0 -9999.0 -9999.0 -9999.0 -9999.0 -9999.0 -9999.0 -9999.0 -9999.0 -9999.0 -9999.0 -9999.0 -9999.0 -9999.0 -9999.0 -9999.0 -9999.0 -9999.0 -9999.0 -9999.0 -9999.0 -9999.0 -9999.0 -9999.0 -9999.0 -9999.0 -9999.0 -9999.0 -9999.0 -9999.0 -9999.0 -9999.0 -9999.0 -9999.0 -9999.0 -9999.0 -9999.0 -9999.0 -9999.0 -9999.0 -9999.0 -9999.0 -9999.0 -9999.0 -9999.0 -9999.0 -9999.0 -9999.0 -9999.0 -9999.0 -9999.0 -9999.0