tests/3D/superslab/out/maps3D/thetaliqL0034N0006.asc
ncols         104
nrows         10
xllcorner     -2.000000
yllcorner     0.000000
cellsize      1.000000
NODATA_value  -9999.0
-9999.0 -9999.0 -9999.0 -9999.0 -9999.0 -9999.0 -9999.0 -9999.0 -9999.0 -9999.0 -9999.0 -9999.0 -9999.0 -9999.0 -9999.0 -9999.0 -9999.0 -9999.0 -9999.0 -9999.0 -9999.0 -9999.0 -9999.0 -9999.0 -9999.0 -9999.0 -9999.0 -9999.0 -9999.0 -9999.0 -9999.0 -9999.0 -9999.0 -9999.0 -9999.0 -9999.0 -9999.0 -9999.0 -9999.0 -9999.0 -9999.0 -9999.0 -9999.0 -9999.0 -9999.0 -9999.0 -9999.0 -9999.0 -9999.0 -9999.0 -9999.0 -9999.0 -9999.0 -9999.0 -9999.0 -9999.0 -9999.0 -9999.0 -9999.0 -9999.0 -9999.0 -9999.0 -9999.0 -9999.0 -9999.0 -9999.0 -9999.0 -9999.0 -9999.0 -9999.0 -9999.0 -9999.0 -9999.0 -9999.0 -9999.0 -9999.0 -9999.0 -9999.0 -9999.0 -9999.0 -9999.0 -9999.0 -9999.0 -9999.0 -9999.0 -9999.0 -9999.0 -9999.0 -9999.0 -9999.0 -9999.0 -9999.0 -9999.0 -9999.0 -9999.0 -9999.0 -9999.0 -9999.0 -9999.0 -9999.0 -9999.0 -9999.0 -9999.0 -9999.0
-9999.0 -9999.0 -9999.0 -9999.0 -9999.0 -9999.0 -9999.0 -9999.0 -9999.0 -9999.0 -9999.0 -9999.0 -9999.0 -9999.0 -9999.0 -9999.0 -9999.0 -9999.0 -9999.0 -9999.0 -9999.0 -9999.0 -9999.0 -9999.0 -9999.0 -9999.0 -9999.0 -9999.0 -9999.0 -9999.0 -9999.0 -9999.0 -9999.0 -9999.0 -9999.0 -9999.0 -9999.0 -9999.0 -9999.0 -9999.0 -9999.0 -9999.0 -9999.0 -9999.0 -9999.0 -9999.0 -9999.0 -9999.0 -9999.0 -9999.0 -9999.0 -9999.0 -9999.0 -9999.0 -9999.0 -9999.0 -9999.0 -9999.0 -9999.0 -9999.0 -9999.0 -9999.0 -9999.0 -9999.0 -9999.0 -9999.0 -9999.0 -9999.0 -9999.0 -9999.0 -9999.0 -9999.0 -9999.0 -9999.0 -9999.0 -9999.0 -9999.0 -9999.0 -9999.0 -9999.0 -9999.0 -9999.0 -9999.0 -9999.0 -9999.0 -9999.0 -9999.0 -9999.0 -9999.0 -9999.0 -9999.0 -9999.0 -9999.0 -9999.0 -9999.0 -9999.0 -9999.0 -9999.0 -9999.0 -9999.0 -9999.0 -9999.0 -9999.0 -9999.0
-9999.0 -9999.0 0.100000 0.100000 0.100000 0.100000 0.100000 0.100000 0.100000 0.100000 0.100000 0.100000 0.100000 0.100000 0.100000 0.100000 0.095202 0.079061 0.066831 0.060201 0.057091 0.055794 0.055302 0.055112 0.055016 0.054985 0.055007 0.099849 0.100000 0.100000 0.100000 0.100000 0.100000 0.100000 0.100000 0.100000 0.098147 0.084757 0.074760 0.068743 0.056221 0.049238 0.047937 0.039633 0.043101 0.049280 0.053683 0.056379 0.058029 0.059043 0.059624 0.059890 0.059917 0.059761 0.059468 0.059067 0.058584 0.058039 0.057450 0.056784 0.056563 0.059647 0.056506 0.055186 0.057388 0.056356 0.055538 0.055046 0.054730 0.054522 0.054383 0.054290 0.054225 0.054175 0.054134 0.054101 0.054084 0.054048 0.054014 0.053966 0.053924 0.053895 0.053885 0.053888 0.053891 0.053886 0.053872 0.053846 0.053802 0.053731 0.053619 0.053446 0.053179 0.052775 0.052176 0.051314 0.050117 0.048505 0.046013 0.038696 0.025147 0.024045 -9999.0 -9999.0
-9999.0 -9999.0 0.100000 0.100000 0.100000 0.100000 0.100000 0.100000 0.100000 0.100000 0.100000 0.100000 0.100000 0.100000 0.100000 0.100000 0.095202 0.079061 0.066831 0.060201 0.057091 0.055794 0.055302 0.055112 0.055016 0.054985 0.055007 0.099849 0.100000 0.100000 0.100000 0.100000 0.100000 0.100000 0.100000 0.100000 0.098147 0.084757 0.074760 0.068743 0.056221 0.049238 0.047937 0.039633 0.043101 0.049280 0.053683 0.056379 0.058029 0.059043 0.059624 0.059890 0.059917 0.059761 0.059468 0.059067 0.058584 0.058039 0.057450 0.056784 0.056563 0.059647 0.056506 0.055186 0.057388 0.056356 0.055538 0.055046 0.054730 0.054522 0.054383 0.054290 0.054225 0.054175 0.054134 0.054101 0.054084 0.054048 0.054014 0.053966 0.053924 0.053895 0.053885 0.053888 0.053891 0.053886 0.053872 0.053846 0.053802 0.053731 0.053619 0.053446 0.053179 0.052775 0.052176 0.051314 0.050117 0.048505 0.046013 0.038696 0.025147 0.024045 -9999.0 -9999.0
-9999.0 -9999.0 0.100000 0.100000 0.100000 0.100000 0.100000 0.100000 0.100000 0.100000 0.100000 0.100000 0.100000 0.100000 0.100000 0.100000 0.095202 0.079061 0.066831 0.060201 0.057091 0.055794 0.055302 0.055112 0.055016 0.054985 0.055007 0.099849 0.100000 0.100000 0.100000 0.100000 0.100000 0.100000 0.100000 0.100000 0.098147 0.084757 0.074760 0.068743 0.056221 0.049238 0.047937 0.039633 0.043101 0.049280 0.053683 0.056379 0.058029 0.059043 0.059624 0.059890 0.059917 0.059761 0.059468 0.059067 0.058584 0.058039 0.057450 0.056784 0.056563 0.059647 0.056506 0.055186 0.057388 0.056356 0.055538 0.055046 0.054730 0.054522 0.054383 0.054290 0.054225 0.054175 0.054134 0.054101 0.054084 0.054048 0.054014 0.053966 0.053924 0.053895 0.053885 0.053888 0.053891 0.053886 0.053872 0.053846 0.053802 0.053731 0.053619 0.053446 0.053179 0.052775 0.052176 0.051314 0.050117 0.048505 0.046013 0.038696 0.025147 0.024045 -9999.0 -9999.0
-9999.0 -9999.0 0.100000 0.100000 0.100000 0.100000 0.100000 0.100000 0.100000 0.100000 0.100000 0.100000 0.100000 0.100000 0.100000 0.100000 0.095202 0.079061 0.066831 0.060201 0.057091 0.055794 0.055302 0.055112 0.055016 0.054985 0.055007 0.099849 0.100000 0.100000 0.100000 0.100000 0.100000 0.100000 0.100000 0.100000 0.098147 0.084757 0.074760 0.068743 0.056221 0.049238 0.047937 0.039633 0.043101 0.049280 0.053683 0.056379 0.058029 0.059043 0.059624 0.059890 0.059917 0.059761 0.059468 0.059067 0.058584 0.058039 0.057450 0.056784 0.056563 0.059647 0.056506 0.055186 0.057388 0.056356 0.055538 0.055046 0.054730 0.054522 0.054383 0.054290 0.054225 0.054175 0.054134 0.054101 0.054084 0.054048 0.054014 0.053966 0.053924 0.053895 0.053885 0.053888 0.053891 0.053886 0.053872 0.053846 0.053802 0.053731 0.053619 0.053446 0.053179 0.052775 0.052176 0.051314 0.050117 0.048505 0.046013 0.038696 0.025147 0.024045 -9999.0 -9999.0
-9999.0 -9999.0 0.100000 0.100000 0.100000 0.100000 0.100000 0.100000 0.100000 0.100000 0.100000 0.100000 0.100000 0.100000 0.100000 0.100000 0.095202 0.079061 0.066831 0.060201 0.057091 0.055794 0.055302 0.055112 0.055016 0.054985 0.055007 0.099849 0.100000 0.100000 0.100000 0.100000 0.100000 0.100000 0.100000 0.100000 0.098147 0.084757 0.074760 0.068743 0.056221 0.049238 0.047937 0.039633 0.043101 0.049280 0.053683 0.056379 0.058029 0.059043 0.059624 0.059890 0.059917 0.059761 0.059468 0.059067 0.058584 0.058039 0.057450 0.056784 0.056563 0.059647 0.056506 0.055186 0.057388 0.056356 0.055538 0.055046 0.054730 0.054522 0.054383 0.054290 0.054225 0.054175 0.054134 0.054101 0.054084 0.054048 0.054014 0.053966 0.053924 0.053895 0.053885 0.053888 0.053891 0.053886 0.053872 0.053846 0.053802 0.053731 0.053619 0.053446 0.053179 0.052775 0.052176 0.051314 0.050117 0.048505 0.046013 0.038696 0.025147 0.024045 -9999.0 -9999.0
-9999.0 -9999.0 0.100000 0.100000 0.100000 0.100000 0.100000 0.100000 0.100000 0.100000 0.100000 0.100000 0.100000 0.100000 0.100000 0.100000 0.095202 0.079061 0.066831 0.060201 0.057091 0.055794 0.055302 0.055112 0.055016 0.054985 0.055007 0.099849 0.100000 0.100000 0.100000 0.100000 0.100000 0.100000 0.100000 0.100000 0.098147 0.084757 0.074760 0.068743 0.056221 0.049238 0.047937 0.039633 0.043101 0.049280 0.053683 0.056379 0.058029 0.059043 0.059624 0.059890 0.059917 0.059761 0.059468 0.059067 0.058584 0.058039 0.057450 0.056784 0.056563 0.059647 0.056506 0.055186 0.057388 0.056356 0.055538 0.055046 0.054730 0.054522 0.054383 0.054290 0.054225 0.054175 0.054134 0.054101 0.054084 0.054048 0.054014 0.053966 0.053924 0.053895 0.053885 0.053888 0.053891 0.053886 0.053872 0.053846 0.053802 0.053731 0.053619 0.053446 0.053179 0.052775 0.052176 0.051314 0.050117 0.048505 0.046013 0.038696 0.025147 0.024045 -9999.0 -9999.0
-9999.0 -9999.0 -9999.0 -9999.0 -9999.0 -9999.0 -9999.0 -9999.0 -9999.0 -9999.0 -9999.0 -9999.0 -9999.0 -9999.0 -9999.0 -9999.0 -9999.0 -9999.0 -9999.0 -9999.0 -9999.0 -9999.0 -9999.0 -9999.0 -9999.0 -9999.0 -9999.0 -9999.0 -9999.0 -9999.0 -9999.0 -9999.0 -9999.0 -9999.0 -9999.0 -9999.0 -9999.0 -9999.0 -9999.0 -9999.0 -9999.0 -9999.0 -9999.0 -9999.0 -9999.0 -9999.0 -9999.0 -9999.0 -9999.0 -9999.0 -9999.0 -9999.0 -9999.0 -9999.0 -9999.0 -9999.0 -9999.0 -9999.0 -9999.0 -9999.0 -9999.0 -9999.0 -9999.0 -9999.0 -9999.0 -9999.0 -9999.0 -9999.0 -9999.0 -9999.0 -9999.0 -9999.0 -9999.0 -9999.0 -9999.0 -9999.0 -9999.0 -9999.0 -9999.0 -9999.0 -9999.0 -9999.0 -9999.0 -9999.0 -9999.0 -9999.0 -9999.0 -9999.0 -9999.0 -9999.0 -9999.0 -9999.0 -9999.0 -9999.0 -9999.0 -9999.0 -9999.0 -9999.0 -9999.0 -9999.0 -9999.0 -9999.0 -9999.0 -9999.0
-9999.0 -9999.0 -9999.0 -9999.0 -9999.0 -9999.0 -9999.0 -9999.0 -9999.0 -9999.0 -9999.0 -9999.0 -9999.0 -9999.0 -9999.0 -9999.0 -9999.0 -9999.0 -9999.0 -9999.0 -9999.0 -9999.0 -9999.0 -9999.0 -9999.0 -9999.0 -9999.0 -9999.0 -9999.0 -9999.0 -9999.0 -9999.0 -9999.0 -9999.0 -9999.0 -9999.0 -9999.0 -9999.0 -9999.0 -9999.0 -9999.0 -9999.0 -9999.0 -9999.0 -9999.0 -9999.0 -9999.0 -9999.0 -9999.0 -9999.0 -9999.0 -9999.0 -9999.0 -9999.0 -9999.0 -9999.0 -9999.0 -9999.0 -9999.0 -9999.0 -9999.0 -9999.0 -9999.0 -9999.0 -9999.0 -9999.0 -9999.0 -9999.0 -9999.0 -9999.0 -9999.0 -9999.0 -9999.0 -9999.0 -9999.0 -9999.0 -9999.0 -9999.0 -9999.0 -9999.0 -9999.0 -9999.0 -9999.0 -9999.0 -9999.0 -9999.0 -9999.0 -9999.0 -9999.0 -9999.0 -9999.0 -9999.0 -9999.0 -9999.0 -9999.0 -9999.0 -9999.0 -9999.0 -9999.0 -9999.0 -9999.0 -9999.0 -9999.0 -9999.0