tests/3D/superslab/out/maps3D/thetaliqL0003N0004.asc
ncols         104
nrows         10
xllcorner     -2.000000
yllcorner     0.000000
cellsize      1.000000
NODATA_value  -9999.0
-9999.0 -9999.0 -9999.0 -9999.0 -9999.0 -9999.0 -9999.0 -9999.0 -9999.0 -9999.0 -9999.0 -9999.0 -9999.0 -9999.0 -9999.0 -9999.0 -9999.0 -9999.0 -9999.0 -9999.0 -9999.0 -9999.0 -9999.0 -9999.0 -9999.0 -9999.0 -9999.0 -9999.0 -9999.0 -9999.0 -9999.0 -9999.0 -9999.0 -9999.0 -9999.0 -9999.0 -9999.0 -9999.0 -9999.0 -9999.0 -9999.0 -9999.0 -9999.0 -9999.0 -9999.0 -9999.0 -9999.0 -9999.0 -9999.0 -9999.0 -9999.0 -9999.0 -9999.0 -9999.0 -9999.0 -9999.0 -9999.0 -9999.0 -9999.0 -9999.0 -9999.0 -9999.0 -9999.0 -9999.0 -9999.0 -9999.0 -9999.0 -9999.0 -9999.0 -9999.0 -9999.0 -9999.0 -9999.0 -9999.0 -9999.0 -9999.0 -9999.0 -9999.0 -9999.0 -9999.0 -9999.0 -9999.0 -9999.0 -9999.0 -9999.0 -9999.0 -9999.0 -9999.0 -9999.0 -9999.0 -9999.0 -9999.0 -9999.0 -9999.0 -9999.0 -9999.0 -9999.0 -9999.0 -9999.0 -9999.0 -9999.0 -9999.0 -9999.0 -9999.0
-9999.0 -9999.0 -9999.0 -9999.0 -9999.0 -9999.0 -9999.0 -9999.0 -9999.0 -9999.0 -9999.0 -9999.0 -9999.0 -9999.0 -9999.0 -9999.0 -9999.0 -9999.0 -9999.0 -9999.0 -9999.0 -9999.0 -9999.0 -9999.0 -9999.0 -9999.0 -9999.0 -9999.0 -9999.0 -9999.0 -9999.0 -9999.0 -9999.0 -9999.0 -9999.0 -9999.0 -9999.0 -9999.0 -9999.0 -9999.0 -9999.0 -9999.0 -9999.0 -9999.0 -9999.0 -9999.0 -9999.0 -9999.0 -9999.0 -9999.0 -9999.0 -9999.0 -9999.0 -9999.0 -9999.0 -9999.0 -9999.0 -9999.0 -9999.0 -9999.0 -9999.0 -9999.0 -9999.0 -9999.0 -9999.0 -9999.0 -9999.0 -9999.0 -9999.0 -9999.0 -9999.0 -9999.0 -9999.0 -9999.0 -9999.0 -9999.0 -9999.0 -9999.0 -9999.0 -9999.0 -9999.0 -9999.0 -9999.0 -9999.0 -9999.0 -9999.0 -9999.0 -9999.0 -9999.0 -9999.0 -9999.0 -9999.0 -9999.0 -9999.0 -9999.0 -9999.0 -9999.0 -9999.0 -9999.0 -9999.0 -9999.0 -9999.0 -9999.0 -9999.0
-9999.0 -9999.0 0.100000 0.100000 0.094657 0.078973 0.067871 0.062557 0.061056 0.062542 0.054287 0.098657 0.099454 0.099787 0.099972 0.100000 0.100000 0.100000 0.100000 0.099245 0.093682 0.084680 0.075432 0.067928 0.062668 0.059274 0.057184 0.055924 0.055174 0.054728 0.054467 0.054320 0.054250 0.054238 0.054280 0.054388 0.054591 0.054943 0.055555 0.056663 0.058065 0.060216 0.092198 0.093852 0.095255 0.096055 0.096420 0.096461 0.096465 0.096466 0.096466 0.096466 0.096466 0.096466 0.096466 0.096465 0.096463 0.096441 0.096232 0.095766 0.094946 0.094203 0.064259 0.059285 0.056964 0.055729 0.055023 0.054603 0.054347 0.054189 0.054091 0.054030 0.053992 0.053968 0.053953 0.053944 0.053938 0.053934 0.053931 0.053929 0.053927 0.053925 0.053922 0.053918 0.053911 0.053900 0.053884 0.053858 0.053817 0.053753 0.053653 0.053496 0.053254 0.052883 0.052325 0.051509 0.050356 0.048806 0.046847 0.044539 0.041994 0.039351 -9999.0 -9999.0
-9999.0 -9999.0 0.100000 0.100000 0.094658 0.078973 0.067871 0.062557 0.061056 0.062542 0.054287 0.098657 0.099454 0.099787 0.099972 0.100000 0.100000 0.100000 0.100000 0.099245 0.093682 0.084680 0.075432 0.067928 0.062668 0.059274 0.057184 0.055924 0.055174 0.054728 0.054467 0.054320 0.054250 0.054238 0.054280 0.054388 0.054591 0.054943 0.055555 0.056663 0.058065 0.060216 0.092198 0.093852 0.095255 0.096055 0.096420 0.096461 0.096465 0.096466 0.096466 0.096466 0.096466 0.096466 0.096466 0.096465 0.096463 0.096441 0.096232 0.095766 0.094946 0.094203 0.064259 0.059285 0.056964 0.055729 0.055023 0.054603 0.054347 0.054189 0.054091 0.054030 0.053992 0.053968 0.053953 0.053944 0.053938 0.053934 0.053931 0.053929 0.053927 0.053925 0.053922 0.053918 0.053911 0.053900 0.053884 0.053858 0.053817 0.053753 0.053653 0.053496 0.053254 0.052883 0.052325 0.051509 0.050356 0.048806 0.046847 0.044539 0.041994 0.039351 -9999.0 -9999.0
-9999.0 -9999.0 0.100000 0.100000 0.094659 0.078974 0.067872 0.062557 0.061056 0.062542 0.054287 0.098657 0.099454 0.099787 0.099972 0.100000 0.100000 0.100000 0.100000 0.099245 0.093682 0.084680 0.075432 0.067928 0.062668 0.059274 0.057184 0.055924 0.055174 0.054728 0.054467 0.054320 0.054250 0.054238 0.054280 0.054388 0.054591 0.054943 0.055555 0.056663 0.058065 0.060216 0.092198 0.093852 0.095255 0.096055 0.096420 0.096461 0.096465 0.096466 0.096466 0.096466 0.096466 0.096466 0.096466 0.096465 0.096463 0.096441 0.096232 0.095766 0.094946 0.094203 0.064259 0.059285 0.056964 0.055729 0.055023 0.054603 0.054347 0.054189 0.054091 0.054030 0.053992 0.053968 0.053953 0.053944 0.053938 0.053934 0.053931 0.053929 0.053927 0.053925 0.053922 0.053918 0.053911 0.053900 0.053884 0.053858 0.053817 0.053753 0.053653 0.053496 0.053254 0.052883 0.052325 0.051509 0.050356 0.048806 0.046847 0.044539 0.041994 0.039351 -9999.0 -9999.0
-9999.0 -9999.0 0.100000 0.100000 0.094659 0.078974 0.067872 0.062557 0.061056 0.062542 0.054287 0.098657 0.099454 0.099787 0.099972 0.100000 0.100000 0.100000 0.100000 0.099245 0.093682 0.084680 0.075432 0.067928 0.062668 0.059274 0.057184 0.055924 0.055174 0.054728 0.054467 0.054320 0.054250 0.054238 0.054280 0.054388 0.054591 0.054943 0.055555 0.056663 0.058065 0.060216 0.092198 0.093852 0.095255 0.096055 0.096420 0.096461 0.096465 0.096466 0.096466 0.096466 0.096466 0.096466 0.096466 0.096465 0.096463 0.096441 0.096232 0.095766 0.094946 0.094203 0.064259 0.059285 0.056964 0.055729 0.055023 0.054603 0.054347 0.054189 0.054091 0.054030 0.053992 0.053968 0.053953 0.053944 0.053938 0.053934 0.053931 0.053929 0.053927 0.053925 0.053922 0.053918 0.053911 0.053900 0.053884 0.053858 0.053817 0.053753 0.053653 0.053496 0.053254 0.052883 0.052325 0.051509 0.050356 0.048806 0.046847 0.044539 0.041994 0.039351 -9999.0 -9999.0
-9999.0 -9999.0 0.100000 0.100000 0.094658 0.078973 0.067871 0.062557 0.061056 0.062542 0.054287 0.098657 0.099454 0.099787 0.099972 0.100000 0.100000 0.100000 0.100000 0.099245 0.093682 0.084680 0.075432 0.067928 0.062668 0.059274 0.057184 0.055924 0.055174 0.054728 0.054467 0.054320 0.054250 0.054238 0.054280 0.054388 0.054591 0.054943 0.055555 0.056663 0.058065 0.060216 0.092198 0.093852 0.095255 0.096055 0.096420 0.096461 0.096465 0.096466 0.096466 0.096466 0.096466 0.096466 0.096466 0.096465 0.096463 0.096441 0.096232 0.095766 0.094946 0.094203 0.064259 0.059285 0.056964 0.055729 0.055023 0.054603 0.054347 0.054189 0.054091 0.054030 0.053992 0.053968 0.053953 0.053944 0.053938 0.053934 0.053931 0.053929 0.053927 0.053925 0.053922 0.053918 0.053911 0.053900 0.053884 0.053858 0.053817 0.053753 0.053653 0.053496 0.053254 0.052883 0.052325 0.051509 0.050356 0.048806 0.046847 0.044539 0.041994 0.039351 -9999.0 -9999.0
-9999.0 -9999.0 0.100000 0.100000 0.094657 0.078973 0.067871 0.062557 0.061056 0.062542 0.054287 0.098657 0.099454 0.099787 0.099972 0.100000 0.100000 0.100000 0.100000 0.099245 0.093682 0.084680 0.075432 0.067928 0.062668 0.059274 0.057184 0.055924 0.055174 0.054728 0.054467 0.054320 0.054250 0.054238 0.054280 0.054388 0.054591 0.054943 0.055555 0.056663 0.058065 0.060216 0.092198 0.093852 0.095255 0.096055 0.096420 0.096461 0.096465 0.096466 0.096466 0.096466 0.096466 0.096466 0.096466 0.096465 0.096463 0.096441 0.096232 0.095766 0.094946 0.094203 0.064259 0.059285 0.056964 0.055729 0.055023 0.054603 0.054347 0.054189 0.054091 0.054030 0.053992 0.053968 0.053953 0.053944 0.053938 0.053934 0.053931 0.053929 0.053927 0.053925 0.053922 0.053918 0.053911 0.053900 0.053884 0.053858 0.053817 0.053753 0.053653 0.053496 0.053254 0.052883 0.052325 0.051509 0.050356 0.048806 0.046847 0.044539 0.041994 0.039351 -9999.0 -9999.0
-9999.0 -9999.0 -9999.0 -9999.0 -9999.0 -9999.0 -9999.0 -9999.0 -9999.0 -9999.0 -9999.0 -9999.0 -9999.0 -9999.0 -9999.0 -9999.0 -9999.0 -9999.0 -9999.0 -9999.0 -9999.0 -9999.0 -9999.0 -9999.0 -9999.0 -9999.0 -9999.0 -9999.0 -9999.0 -9999.0 -9999.0 -9999.0 -9999.0 -9999.0 -9999.0 -9999.0 -9999.0 -9999.0 -9999.0 -9999.0 -9999.0 -9999.0 -9999.0 -9999.0 -9999.0 -9999.0 -9999.0 -9999.0 -9999.0 -9999.0 -9999.0 -9999.0 -9999.0 -9999.0 -9999.0 -9999.0 -9999.0 -9999.0 -9999.0 -9999.0 -9999.0 -9999.0 -9999.0 -9999.0 -9999.0 -9999.0 -9999.0 -9999.0 -9999.0 -9999.0 -9999.0 -9999.0 -9999.0 -9999.0 -9999.0 -9999.0 -9999.0 -9999.0 -9999.0 -9999.0 -9999.0 -9999.0 -9999.0 -9999.0 -9999.0 -9999.0 -9999.0 -9999.0 -9999.0 -9999.0 -9999.0 -9999.0 -9999.0 -9999.0 -9999.0 -9999.0 -9999.0 -9999.0 -9999.0 -9999.0 -9999.0 -9999.0 -9999.0 -9999.0
-9999.0 -9999.0 -9999.0 -9999.0 -9999.0 -9999.0 -9999.0 -9999.0 -9999.0 -9999.0 -9999.0 -9999.0 -9999.0 -9999.0 -9999.0 -9999.0 -9999.0 -9999.0 -9999.0 -9999.0 -9999.0 -9999.0 -9999.0 -9999.0 -9999.0 -9999.0 -9999.0 -9999.0 -9999.0 -9999.0 -9999.0 -9999.0 -9999.0 -9999.0 -9999.0 -9999.0 -9999.0 -9999.0 -9999.0 -9999.0 -9999.0 -9999.0 -9999.0 -9999.0 -9999.0 -9999.0 -9999.0 -9999.0 -9999.0 -9999.0 -9999.0 -9999.0 -9999.0 -9999.0 -9999.0 -9999.0 -9999.0 -9999.0 -9999.0 -9999.0 -9999.0 -9999.0 -9999.0 -9999.0 -9999.0 -9999.0 -9999.0 -9999.0 -9999.0 -9999.0 -9999.0 -9999.0 -9999.0 -9999.0 -9999.0 -9999.0 -9999.0 -9999.0 -9999.0 -9999.0 -9999.0 -9999.0 -9999.0 -9999.0 -9999.0 -9999.0 -9999.0 -9999.0 -9999.0 -9999.0 -9999.0 -9999.0 -9999.0 -9999.0 -9999.0 -9999.0 -9999.0 -9999.0 -9999.0 -9999.0 -9999.0 -9999.0 -9999.0 -9999.0