tests/3D/superslab/out/maps3D/thetaliqL0005N0006.asc
ncols         104
nrows         10
xllcorner     -2.000000
yllcorner     0.000000
cellsize      1.000000
NODATA_value  -9999.0
-9999.0 -9999.0 -9999.0 -9999.0 -9999.0 -9999.0 -9999.0 -9999.0 -9999.0 -9999.0 -9999.0 -9999.0 -9999.0 -9999.0 -9999.0 -9999.0 -9999.0 -9999.0 -9999.0 -9999.0 -9999.0 -9999.0 -9999.0 -9999.0 -9999.0 -9999.0 -9999.0 -9999.0 -9999.0 -9999.0 -9999.0 -9999.0 -9999.0 -9999.0 -9999.0 -9999.0 -9999.0 -9999.0 -9999.0 -9999.0 -9999.0 -9999.0 -9999.0 -9999.0 -9999.0 -9999.0 -9999.0 -9999.0 -9999.0 -9999.0 -9999.0 -9999.0 -9999.0 -9999.0 -9999.0 -9999.0 -9999.0 -9999.0 -9999.0 -9999.0 -9999.0 -9999.0 -9999.0 -9999.0 -9999.0 -9999.0 -9999.0 -9999.0 -9999.0 -9999.0 -9999.0 -9999.0 -9999.0 -9999.0 -9999.0 -9999.0 -9999.0 -9999.0 -9999.0 -9999.0 -9999.0 -9999.0 -9999.0 -9999.0 -9999.0 -9999.0 -9999.0 -9999.0 -9999.0 -9999.0 -9999.0 -9999.0 -9999.0 -9999.0 -9999.0 -9999.0 -9999.0 -9999.0 -9999.0 -9999.0 -9999.0 -9999.0 -9999.0 -9999.0
-9999.0 -9999.0 -9999.0 -9999.0 -9999.0 -9999.0 -9999.0 -9999.0 -9999.0 -9999.0 -9999.0 -9999.0 -9999.0 -9999.0 -9999.0 -9999.0 -9999.0 -9999.0 -9999.0 -9999.0 -9999.0 -9999.0 -9999.0 -9999.0 -9999.0 -9999.0 -9999.0 -9999.0 -9999.0 -9999.0 -9999.0 -9999.0 -9999.0 -9999.0 -9999.0 -9999.0 -9999.0 -9999.0 -9999.0 -9999.0 -9999.0 -9999.0 -9999.0 -9999.0 -9999.0 -9999.0 -9999.0 -9999.0 -9999.0 -9999.0 -9999.0 -9999.0 -9999.0 -9999.0 -9999.0 -9999.0 -9999.0 -9999.0 -9999.0 -9999.0 -9999.0 -9999.0 -9999.0 -9999.0 -9999.0 -9999.0 -9999.0 -9999.0 -9999.0 -9999.0 -9999.0 -9999.0 -9999.0 -9999.0 -9999.0 -9999.0 -9999.0 -9999.0 -9999.0 -9999.0 -9999.0 -9999.0 -9999.0 -9999.0 -9999.0 -9999.0 -9999.0 -9999.0 -9999.0 -9999.0 -9999.0 -9999.0 -9999.0 -9999.0 -9999.0 -9999.0 -9999.0 -9999.0 -9999.0 -9999.0 -9999.0 -9999.0 -9999.0 -9999.0
-9999.0 -9999.0 0.099484 0.084788 0.069708 0.061727 0.058418 0.057598 0.058366 0.060585 0.053430 0.051847 0.098201 0.099086 0.099651 0.099994 0.100000 0.100000 0.100000 0.099961 0.095045 0.084138 0.072973 0.064905 0.059981 0.057233 0.055762 0.054986 0.054577 0.054362 0.054255 0.054213 0.054218 0.054267 0.054370 0.054549 0.054845 0.055390 0.056490 0.056959 0.059492 0.071467 0.078671 0.080359 0.083616 0.085545 0.086430 0.086529 0.086539 0.086540 0.086540 0.086540 0.086540 0.086540 0.086540 0.086539 0.086533 0.086475 0.085951 0.084807 0.082853 0.082953 0.059965 0.057368 0.056105 0.055210 0.054688 0.054377 0.054192 0.054081 0.054016 0.053977 0.053955 0.053942 0.053935 0.053931 0.053929 0.053928 0.053927 0.053927 0.053925 0.053924 0.053921 0.053917 0.053910 0.053900 0.053884 0.053858 0.053817 0.053752 0.053651 0.053494 0.053250 0.052878 0.052319 0.051501 0.050346 0.048796 0.046840 0.044541 0.042018 0.039392 -9999.0 -9999.0
-9999.0 -9999.0 0.099492 0.084797 0.069710 0.061728 0.058418 0.057598 0.058366 0.060585 0.053430 0.051847 0.098201 0.099086 0.099651 0.099994 0.100000 0.100000 0.100000 0.099961 0.095045 0.084138 0.072973 0.064905 0.059981 0.057233 0.055762 0.054986 0.054577 0.054362 0.054255 0.054213 0.054218 0.054267 0.054370 0.054549 0.054845 0.055390 0.056490 0.056959 0.059492 0.071467 0.078671 0.080359 0.083616 0.085545 0.086430 0.086529 0.086539 0.086540 0.086540 0.086540 0.086540 0.086540 0.086540 0.086539 0.086533 0.086475 0.085951 0.084807 0.082853 0.082953 0.059965 0.057368 0.056105 0.055210 0.054688 0.054377 0.054192 0.054081 0.054016 0.053977 0.053955 0.053942 0.053935 0.053931 0.053929 0.053928 0.053927 0.053927 0.053925 0.053924 0.053921 0.053917 0.053910 0.053900 0.053884 0.053858 0.053817 0.053752 0.053651 0.053494 0.053250 0.052878 0.052319 0.051501 0.050346 0.048796 0.046840 0.044541 0.042018 0.039392 -9999.0 -9999.0
-9999.0 -9999.0 0.099495 0.084802 0.069712 0.061728 0.058419 0.057598 0.058366 0.060585 0.053430 0.051847 0.098201 0.099086 0.099651 0.099994 0.100000 0.100000 0.100000 0.099961 0.095045 0.084138 0.072973 0.064905 0.059981 0.057233 0.055762 0.054986 0.054577 0.054362 0.054255 0.054213 0.054218 0.054267 0.054370 0.054549 0.054845 0.055390 0.056490 0.056959 0.059492 0.071467 0.078671 0.080359 0.083616 0.085545 0.086430 0.086529 0.086539 0.086540 0.086540 0.086540 0.086540 0.086540 0.086540 0.086539 0.086533 0.086475 0.085951 0.084807 0.082853 0.082953 0.059965 0.057368 0.056105 0.055210 0.054688 0.054377 0.054192 0.054081 0.054016 0.053977 0.053955 0.053942 0.053935 0.053931 0.053929 0.053928 0.053927 0.053927 0.053925 0.053924 0.053921 0.053917 0.053910 0.053900 0.053884 0.053858 0.053817 0.053752 0.053651 0.053494 0.053250 0.052878 0.052319 0.051501 0.050346 0.048796 0.046840 0.044541 0.042018 0.039392 -9999.0 -9999.0
-9999.0 -9999.0 0.099495 0.084802 0.069712 0.061728 0.058419 0.057598 0.058366 0.060585 0.053430 0.051847 0.098201 0.099086 0.099651 0.099994 0.100000 0.100000 0.100000 0.099961 0.095045 0.084138 0.072973 0.064905 0.059981 0.057233 0.055762 0.054986 0.054577 0.054362 0.054255 0.054213 0.054218 0.054267 0.054370 0.054549 0.054845 0.055390 0.056490 0.056959 0.059492 0.071467 0.078671 0.080359 0.083616 0.085545 0.086430 0.086529 0.086539 0.086540 0.086540 0.086540 0.086540 0.086540 0.086540 0.086539 0.086533 0.086475 0.085951 0.084807 0.082853 0.082953 0.059965 0.057368 0.056105 0.055210 0.054688 0.054377 0.054192 0.054081 0.054016 0.053977 0.053955 0.053942 0.053935 0.053931 0.053929 0.053928 0.053927 0.053927 0.053925 0.053924 0.053921 0.053917 0.053910 0.053900 0.053884 0.053858 0.053817 0.053752 0.053651 0.053494 0.053250 0.052878 0.052319 0.051501 0.050346 0.048796 0.046840 0.044541 0.042018 0.039392 -9999.0 -9999.0
-9999.0 -9999.0 0.099492 0.084797 0.069710 0.061728 0.058418 0.057598 0.058366 0.060585 0.053430 0.051847 0.098201 0.099086 0.099651 0.099994 0.100000 0.100000 0.100000 0.099961 0.095045 0.084138 0.072973 0.064905 0.059981 0.057233 0.055762 0.054986 0.054577 0.054362 0.054255 0.054213 0.054218 0.054267 0.054370 0.054549 0.054845 0.055390 0.056490 0.056959 0.059492 0.071467 0.078671 0.080359 0.083616 0.085545 0.086430 0.086529 0.086539 0.086540 0.086540 0.086540 0.086540 0.086540 0.086540 0.086539 0.086533 0.086475 0.085951 0.084807 0.082853 0.082953 0.059965 0.057368 0.056105 0.055210 0.054688 0.054377 0.054192 0.054081 0.054016 0.053977 0.053955 0.053942 0.053935 0.053931 0.053929 0.053928 0.053927 0.053927 0.053925 0.053924 0.053921 0.053917 0.053910 0.053900 0.053884 0.053858 0.053817 0.053752 0.053651 0.053494 0.053250 0.052878 0.052319 0.051501 0.050346 0.048796 0.046840 0.044541 0.042018 0.039392 -9999.0 -9999.0
-9999.0 -9999.0 0.099484 0.084788 0.069708 0.061727 0.058418 0.057598 0.058366 0.060585 0.053430 0.051847 0.098201 0.099086 0.099651 0.099994 0.100000 0.100000 0.100000 0.099961 0.095045 0.084138 0.072973 0.064905 0.059981 0.057233 0.055762 0.054986 0.054577 0.054362 0.054255 0.054213 0.054218 0.054267 0.054370 0.054549 0.054845 0.055390 0.056490 0.056959 0.059492 0.071467 0.078671 0.080359 0.083616 0.085545 0.086430 0.086529 0.086539 0.086540 0.086540 0.086540 0.086540 0.086540 0.086540 0.086539 0.086533 0.086475 0.085951 0.084807 0.082853 0.082953 0.059965 0.057368 0.056105 0.055210 0.054688 0.054377 0.054192 0.054081 0.054016 0.053977 0.053955 0.053942 0.053935 0.053931 0.053929 0.053928 0.053927 0.053927 0.053925 0.053924 0.053921 0.053917 0.053910 0.053900 0.053884 0.053858 0.053817 0.053752 0.053651 0.053494 0.053250 0.052878 0.052319 0.051501 0.050346 0.048796 0.046840 0.044541 0.042018 0.039392 -9999.0 -9999.0
-9999.0 -9999.0 -9999.0 -9999.0 -9999.0 -9999.0 -9999.0 -9999.0 -9999.0 -9999.0 -9999.0 -9999.0 -9999.0 -9999.0 -9999.0 -9999.0 -9999.0 -9999.0 -9999.0 -9999.0 -9999.0 -9999.0 -9999.0 -9999.0 -9999.0 -9999.0 -9999.0 -9999.0 -9999.0 -9999.0 -9999.0 -9999.0 -9999.0 -9999.0 -9999.0 -9999.0 -9999.0 -9999.0 -9999.0 -9999.0 -9999.0 -9999.0 -9999.0 -9999.0 -9999.0 -9999.0 -9999.0 -9999.0 -9999.0 -9999.0 -9999.0 -9999.0 -9999.0 -9999.0 -9999.0 -9999.0 -9999.0 -9999.0 -9999.0 -9999.0 -9999.0 -9999.0 -9999.0 -9999.0 -9999.0 -9999.0 -9999.0 -9999.0 -9999.0 -9999.0 -9999.0 -9999.0 -9999.0 -9999.0 -9999.0 -9999.0 -9999.0 -9999.0 -9999.0 -9999.0 -9999.0 -9999.0 -9999.0 -9999.0 -9999.0 -9999.0 -9999.0 -9999.0 -9999.0 -9999.0 -9999.0 -9999.0 -9999.0 -9999.0 -9999.0 -9999.0 -9999.0 -9999.0 -9999.0 -9999.0 -9999.0 -9999.0 -9999.0 -9999.0
-9999.0 -9999.0 -9999.0 -9999.0 -9999.0 -9999.0 -9999.0 -9999.0 -9999.0 -9999.0 -9999.0 -9999.0 -9999.0 -9999.0 -9999.0 -9999.0 -9999.0 -9999.0 -9999.0 -9999.0 -9999.0 -9999.0 -9999.0 -9999.0 -9999.0 -9999.0 -9999.0 -9999.0 -9999.0 -9999.0 -9999.0 -9999.0 -9999.0 -9999.0 -9999.0 -9999.0 -9999.0 -9999.0 -9999.0 -9999.0 -9999.0 -9999.0 -9999.0 -9999.0 -9999.0 -9999.0 -9999.0 -9999.0 -9999.0 -9999.0 -9999.0 -9999.0 -9999.0 -9999.0 -9999.0 -9999.0 -9999.0 -9999.0 -9999.0 -9999.0 -9999.0 -9999.0 -9999.0 -9999.0 -9999.0 -9999.0 -9999.0 -9999.0 -9999.0 -9999.0 -9999.0 -9999.0 -9999.0 -9999.0 -9999.0 -9999.0 -9999.0 -9999.0 -9999.0 -9999.0 -9999.0 -9999.0 -9999.0 -9999.0 -9999.0 -9999.0 -9999.0 -9999.0 -9999.0 -9999.0 -9999.0 -9999.0 -9999.0 -9999.0 -9999.0 -9999.0 -9999.0 -9999.0 -9999.0 -9999.0 -9999.0 -9999.0 -9999.0 -9999.0