tests/3D/superslab/out/maps3D/thetaliqL0001N0006.asc
ncols         104
nrows         10
xllcorner     -2.000000
yllcorner     0.000000
cellsize      1.000000
NODATA_value  -9999.0
-9999.0 -9999.0 -9999.0 -9999.0 -9999.0 -9999.0 -9999.0 -9999.0 -9999.0 -9999.0 -9999.0 -9999.0 -9999.0 -9999.0 -9999.0 -9999.0 -9999.0 -9999.0 -9999.0 -9999.0 -9999.0 -9999.0 -9999.0 -9999.0 -9999.0 -9999.0 -9999.0 -9999.0 -9999.0 -9999.0 -9999.0 -9999.0 -9999.0 -9999.0 -9999.0 -9999.0 -9999.0 -9999.0 -9999.0 -9999.0 -9999.0 -9999.0 -9999.0 -9999.0 -9999.0 -9999.0 -9999.0 -9999.0 -9999.0 -9999.0 -9999.0 -9999.0 -9999.0 -9999.0 -9999.0 -9999.0 -9999.0 -9999.0 -9999.0 -9999.0 -9999.0 -9999.0 -9999.0 -9999.0 -9999.0 -9999.0 -9999.0 -9999.0 -9999.0 -9999.0 -9999.0 -9999.0 -9999.0 -9999.0 -9999.0 -9999.0 -9999.0 -9999.0 -9999.0 -9999.0 -9999.0 -9999.0 -9999.0 -9999.0 -9999.0 -9999.0 -9999.0 -9999.0 -9999.0 -9999.0 -9999.0 -9999.0 -9999.0 -9999.0 -9999.0 -9999.0 -9999.0 -9999.0 -9999.0 -9999.0 -9999.0 -9999.0 -9999.0 -9999.0
-9999.0 -9999.0 -9999.0 -9999.0 -9999.0 -9999.0 -9999.0 -9999.0 -9999.0 -9999.0 -9999.0 -9999.0 -9999.0 -9999.0 -9999.0 -9999.0 -9999.0 -9999.0 -9999.0 -9999.0 -9999.0 -9999.0 -9999.0 -9999.0 -9999.0 -9999.0 -9999.0 -9999.0 -9999.0 -9999.0 -9999.0 -9999.0 -9999.0 -9999.0 -9999.0 -9999.0 -9999.0 -9999.0 -9999.0 -9999.0 -9999.0 -9999.0 -9999.0 -9999.0 -9999.0 -9999.0 -9999.0 -9999.0 -9999.0 -9999.0 -9999.0 -9999.0 -9999.0 -9999.0 -9999.0 -9999.0 -9999.0 -9999.0 -9999.0 -9999.0 -9999.0 -9999.0 -9999.0 -9999.0 -9999.0 -9999.0 -9999.0 -9999.0 -9999.0 -9999.0 -9999.0 -9999.0 -9999.0 -9999.0 -9999.0 -9999.0 -9999.0 -9999.0 -9999.0 -9999.0 -9999.0 -9999.0 -9999.0 -9999.0 -9999.0 -9999.0 -9999.0 -9999.0 -9999.0 -9999.0 -9999.0 -9999.0 -9999.0 -9999.0 -9999.0 -9999.0 -9999.0 -9999.0 -9999.0 -9999.0 -9999.0 -9999.0 -9999.0 -9999.0
-9999.0 -9999.0 0.072801 0.064224 0.060067 0.058024 0.057175 0.057200 0.058140 0.060501 0.098916 0.099436 0.099704 0.099847 0.091371 0.093564 0.091395 0.086227 0.079355 0.072428 0.066644 0.062381 0.059456 0.057524 0.056268 0.055458 0.054938 0.054606 0.054396 0.054267 0.054193 0.054159 0.054161 0.054199 0.054285 0.054441 0.054706 0.055151 0.055899 0.057196 0.059754 0.064877 0.099472 0.099807 0.099937 0.099978 0.099989 0.099990 0.099990 0.099990 0.099990 0.099990 0.099990 0.099990 0.099990 0.099990 0.099990 0.099989 0.099977 0.099932 0.099793 0.099441 0.063302 0.058796 0.056731 0.055618 0.054975 0.054588 0.054351 0.054202 0.054107 0.054046 0.054007 0.053982 0.053964 0.053953 0.053945 0.053940 0.053936 0.053933 0.053930 0.053927 0.053924 0.053919 0.053912 0.053901 0.053885 0.053859 0.053819 0.053755 0.053655 0.053500 0.053260 0.052892 0.052338 0.051526 0.050378 0.048832 0.046876 0.044575 0.042066 0.039518 -9999.0 -9999.0
-9999.0 -9999.0 0.072858 0.064235 0.060069 0.058025 0.057176 0.057200 0.058140 0.060501 0.098916 0.099436 0.099704 0.099847 0.091371 0.093564 0.091395 0.086227 0.079355 0.072428 0.066644 0.062381 0.059456 0.057524 0.056268 0.055458 0.054938 0.054606 0.054396 0.054267 0.054193 0.054159 0.054161 0.054199 0.054285 0.054441 0.054706 0.055151 0.055899 0.057196 0.059754 0.064877 0.099472 0.099807 0.099937 0.099978 0.099989 0.099990 0.099990 0.099990 0.099990 0.099990 0.099990 0.099990 0.099990 0.099990 0.099990 0.099989 0.099977 0.099932 0.099793 0.099441 0.063302 0.058796 0.056731 0.055618 0.054975 0.054588 0.054351 0.054202 0.054107 0.054046 0.054007 0.053982 0.053964 0.053953 0.053945 0.053940 0.053936 0.053933 0.053930 0.053927 0.053924 0.053919 0.053912 0.053901 0.053885 0.053859 0.053819 0.053755 0.053655 0.053500 0.053260 0.052892 0.052338 0.051526 0.050378 0.048832 0.046876 0.044575 0.042066 0.039518 -9999.0 -9999.0
-9999.0 -9999.0 0.072873 0.064240 0.060071 0.058025 0.057176 0.057200 0.058140 0.060501 0.098916 0.099436 0.099704 0.099847 0.091371 0.093564 0.091395 0.086227 0.079355 0.072428 0.066644 0.062381 0.059456 0.057524 0.056268 0.055458 0.054938 0.054606 0.054396 0.054267 0.054193 0.054159 0.054161 0.054199 0.054285 0.054441 0.054706 0.055151 0.055899 0.057196 0.059754 0.064877 0.099472 0.099807 0.099937 0.099978 0.099989 0.099990 0.099990 0.099990 0.099990 0.099990 0.099990 0.099990 0.099990 0.099990 0.099990 0.099989 0.099977 0.099932 0.099793 0.099441 0.063302 0.058796 0.056731 0.055618 0.054975 0.054588 0.054351 0.054202 0.054107 0.054046 0.054007 0.053982 0.053964 0.053953 0.053945 0.053940 0.053936 0.053933 0.053930 0.053927 0.053924 0.053919 0.053912 0.053901 0.053885 0.053859 0.053819 0.053755 0.053655 0.053500 0.053260 0.052892 0.052338 0.051526 0.050378 0.048832 0.046876 0.044575 0.042066 0.039518 -9999.0 -9999.0
-9999.0 -9999.0 0.072873 0.064240 0.060071 0.058025 0.057176 0.057200 0.058140 0.060501 0.098916 0.099436 0.099704 0.099847 0.091371 0.093564 0.091395 0.086227 0.079355 0.072428 0.066644 0.062381 0.059456 0.057524 0.056268 0.055458 0.054938 0.054606 0.054396 0.054267 0.054193 0.054159 0.054161 0.054199 0.054285 0.054441 0.054706 0.055151 0.055899 0.057196 0.059754 0.064877 0.099472 0.099807 0.099937 0.099978 0.099989 0.099990 0.099990 0.099990 0.099990 0.099990 0.099990 0.099990 0.099990 0.099990 0.099990 0.099989 0.099977 0.099932 0.099793 0.099441 0.063302 0.058796 0.056731 0.055618 0.054975 0.054588 0.054351 0.054202 0.054107 0.054046 0.054007 0.053982 0.053964 0.053953 0.053945 0.053940 0.053936 0.053933 0.053930 0.053927 0.053924 0.053919 0.053912 0.053901 0.053885 0.053859 0.053819 0.053755 0.053655 0.053500 0.053260 0.052892 0.052338 0.051526 0.050378 0.048832 0.046876 0.044575 0.042066 0.039518 -9999.0 -9999.0
-9999.0 -9999.0 0.072858 0.064235 0.060069 0.058025 0.057176 0.057200 0.058140 0.060501 0.098916 0.099436 0.099704 0.099847 0.091371 0.093564 0.091395 0.086227 0.079355 0.072428 0.066644 0.062381 0.059456 0.057524 0.056268 0.055458 0.054938 0.054606 0.054396 0.054267 0.054193 0.054159 0.054161 0.054199 0.054285 0.054441 0.054706 0.055151 0.055899 0.057196 0.059754 0.064877 0.099472 0.099807 0.099937 0.099978 0.099989 0.099990 0.099990 0.099990 0.099990 0.099990 0.099990 0.099990 0.099990 0.099990 0.099990 0.099989 0.099977 0.099932 0.099793 0.099441 0.063302 0.058796 0.056731 0.055618 0.054975 0.054588 0.054351 0.054202 0.054107 0.054046 0.054007 0.053982 0.053964 0.053953 0.053945 0.053940 0.053936 0.053933 0.053930 0.053927 0.053924 0.053919 0.053912 0.053901 0.053885 0.053859 0.053819 0.053755 0.053655 0.053500 0.053260 0.052892 0.052338 0.051526 0.050378 0.048832 0.046876 0.044575 0.042066 0.039518 -9999.0 -9999.0
-9999.0 -9999.0 0.072801 0.064224 0.060067 0.058024 0.057175 0.057200 0.058140 0.060501 0.098916 0.099436 0.099704 0.099847 0.091371 0.093564 0.091395 0.086227 0.079355 0.072428 0.066644 0.062381 0.059456 0.057524 0.056268 0.055458 0.054938 0.054606 0.054396 0.054267 0.054193 0.054159 0.054161 0.054199 0.054285 0.054441 0.054706 0.055151 0.055899 0.057196 0.059754 0.064877 0.099472 0.099807 0.099937 0.099978 0.099989 0.099990 0.099990 0.099990 0.099990 0.099990 0.099990 0.099990 0.099990 0.099990 0.099990 0.099989 0.099977 0.099932 0.099793 0.099441 0.063302 0.058796 0.056731 0.055618 0.054975 0.054588 0.054351 0.054202 0.054107 0.054046 0.054007 0.053982 0.053964 0.053953 0.053945 0.053940 0.053936 0.053933 0.053930 0.053927 0.053924 0.053919 0.053912 0.053901 0.053885 0.053859 0.053819 0.053755 0.053655 0.053500 0.053260 0.052892 0.052338 0.051526 0.050378 0.048832 0.046876 0.044575 0.042066 0.039518 -9999.0 -9999.0
-9999.0 -9999.0 -9999.0 -9999.0 -9999.0 -9999.0 -9999.0 -9999.0 -9999.0 -9999.0 -9999.0 -9999.0 -9999.0 -9999.0 -9999.0 -9999.0 -9999.0 -9999.0 -9999.0 -9999.0 -9999.0 -9999.0 -9999.0 -9999.0 -9999.0 -9999.0 -9999.0 -9999.0 -9999.0 -9999.0 -9999.0 -9999.0 -9999.0 -9999.0 -9999.0 -9999.0 -9999.0 -9999.0 -9999.0 -9999.0 -9999.0 -9999.0 -9999.0 -9999.0 -9999.0 -9999.0 -9999.0 -9999.0 -9999.0 -9999.0 -9999.0 -9999.0 -9999.0 -9999.0 -9999.0 -9999.0 -9999.0 -9999.0 -9999.0 -9999.0 -9999.0 -9999.0 -9999.0 -9999.0 -9999.0 -9999.0 -9999.0 -9999.0 -9999.0 -9999.0 -9999.0 -9999.0 -9999.0 -9999.0 -9999.0 -9999.0 -9999.0 -9999.0 -9999.0 -9999.0 -9999.0 -9999.0 -9999.0 -9999.0 -9999.0 -9999.0 -9999.0 -9999.0 -9999.0 -9999.0 -9999.0 -9999.0 -9999.0 -9999.0 -9999.0 -9999.0 -9999.0 -9999.0 -9999.0 -9999.0 -9999.0 -9999.0 -9999.0 -9999.0
-9999.0 -9999.0 -9999.0 -9999.0 -9999.0 -9999.0 -9999.0 -9999.0 -9999.0 -9999.0 -9999.0 -9999.0 -9999.0 -9999.0 -9999.0 -9999.0 -9999.0 -9999.0 -9999.0 -9999.0 -9999.0 -9999.0 -9999.0 -9999.0 -9999.0 -9999.0 -9999.0 -9999.0 -9999.0 -9999.0 -9999.0 -9999.0 -9999.0 -9999.0 -9999.0 -9999.0 -9999.0 -9999.0 -9999.0 -9999.0 -9999.0 -9999.0 -9999.0 -9999.0 -9999.0 -9999.0 -9999.0 -9999.0 -9999.0 -9999.0 -9999.0 -9999.0 -9999.0 -9999.0 -9999.0 -9999.0 -9999.0 -9999.0 -9999.0 -9999.0 -9999.0 -9999.0 -9999.0 -9999.0 -9999.0 -9999.0 -9999.0 -9999.0 -9999.0 -9999.0 -9999.0 -9999.0 -9999.0 -9999.0 -9999.0 -9999.0 -9999.0 -9999.0 -9999.0 -9999.0 -9999.0 -9999.0 -9999.0 -9999.0 -9999.0 -9999.0 -9999.0 -9999.0 -9999.0 -9999.0 -9999.0 -9999.0 -9999.0 -9999.0 -9999.0 -9999.0 -9999.0 -9999.0 -9999.0 -9999.0 -9999.0 -9999.0 -9999.0 -9999.0