tests/3D/superslab/out/maps3D/thetaliqL0005N0005.asc
ncols         104
nrows         10
xllcorner     -2.000000
yllcorner     0.000000
cellsize      1.000000
NODATA_value  -9999.0
-9999.0 -9999.0 -9999.0 -9999.0 -9999.0 -9999.0 -9999.0 -9999.0 -9999.0 -9999.0 -9999.0 -9999.0 -9999.0 -9999.0 -9999.0 -9999.0 -9999.0 -9999.0 -9999.0 -9999.0 -9999.0 -9999.0 -9999.0 -9999.0 -9999.0 -9999.0 -9999.0 -9999.0 -9999.0 -9999.0 -9999.0 -9999.0 -9999.0 -9999.0 -9999.0 -9999.0 -9999.0 -9999.0 -9999.0 -9999.0 -9999.0 -9999.0 -9999.0 -9999.0 -9999.0 -9999.0 -9999.0 -9999.0 -9999.0 -9999.0 -9999.0 -9999.0 -9999.0 -9999.0 -9999.0 -9999.0 -9999.0 -9999.0 -9999.0 -9999.0 -9999.0 -9999.0 -9999.0 -9999.0 -9999.0 -9999.0 -9999.0 -9999.0 -9999.0 -9999.0 -9999.0 -9999.0 -9999.0 -9999.0 -9999.0 -9999.0 -9999.0 -9999.0 -9999.0 -9999.0 -9999.0 -9999.0 -9999.0 -9999.0 -9999.0 -9999.0 -9999.0 -9999.0 -9999.0 -9999.0 -9999.0 -9999.0 -9999.0 -9999.0 -9999.0 -9999.0 -9999.0 -9999.0 -9999.0 -9999.0 -9999.0 -9999.0 -9999.0 -9999.0
-9999.0 -9999.0 -9999.0 -9999.0 -9999.0 -9999.0 -9999.0 -9999.0 -9999.0 -9999.0 -9999.0 -9999.0 -9999.0 -9999.0 -9999.0 -9999.0 -9999.0 -9999.0 -9999.0 -9999.0 -9999.0 -9999.0 -9999.0 -9999.0 -9999.0 -9999.0 -9999.0 -9999.0 -9999.0 -9999.0 -9999.0 -9999.0 -9999.0 -9999.0 -9999.0 -9999.0 -9999.0 -9999.0 -9999.0 -9999.0 -9999.0 -9999.0 -9999.0 -9999.0 -9999.0 -9999.0 -9999.0 -9999.0 -9999.0 -9999.0 -9999.0 -9999.0 -9999.0 -9999.0 -9999.0 -9999.0 -9999.0 -9999.0 -9999.0 -9999.0 -9999.0 -9999.0 -9999.0 -9999.0 -9999.0 -9999.0 -9999.0 -9999.0 -9999.0 -9999.0 -9999.0 -9999.0 -9999.0 -9999.0 -9999.0 -9999.0 -9999.0 -9999.0 -9999.0 -9999.0 -9999.0 -9999.0 -9999.0 -9999.0 -9999.0 -9999.0 -9999.0 -9999.0 -9999.0 -9999.0 -9999.0 -9999.0 -9999.0 -9999.0 -9999.0 -9999.0 -9999.0 -9999.0 -9999.0 -9999.0 -9999.0 -9999.0 -9999.0 -9999.0
-9999.0 -9999.0 0.100000 0.100000 0.099491 0.085584 0.070877 0.063138 0.060560 0.061413 0.054044 0.052286 0.098331 0.099218 0.099743 0.099999 0.100000 0.100000 0.100000 0.100000 0.099352 0.092160 0.080802 0.070641 0.063600 0.059345 0.056945 0.055637 0.054936 0.054563 0.054366 0.054271 0.054241 0.054263 0.054338 0.054485 0.054736 0.055167 0.056112 0.057315 0.056467 0.063919 0.070611 0.072324 0.076158 0.078517 0.079627 0.079753 0.079766 0.079767 0.079767 0.079767 0.079767 0.079767 0.079767 0.079766 0.079760 0.079706 0.079219 0.078158 0.076318 0.077079 0.064941 0.059407 0.057000 0.055749 0.055035 0.054610 0.054352 0.054193 0.054094 0.054032 0.053993 0.053969 0.053954 0.053944 0.053938 0.053934 0.053931 0.053929 0.053927 0.053925 0.053922 0.053917 0.053911 0.053900 0.053884 0.053858 0.053816 0.053752 0.053651 0.053493 0.053250 0.052877 0.052318 0.051499 0.050344 0.048794 0.046837 0.044533 0.041983 0.039289 -9999.0 -9999.0
-9999.0 -9999.0 0.100000 0.100000 0.099492 0.085585 0.070877 0.063138 0.060560 0.061413 0.054044 0.052286 0.098331 0.099218 0.099743 0.099999 0.100000 0.100000 0.100000 0.100000 0.099352 0.092160 0.080802 0.070641 0.063600 0.059345 0.056945 0.055637 0.054936 0.054563 0.054366 0.054271 0.054241 0.054263 0.054338 0.054485 0.054736 0.055167 0.056112 0.057315 0.056467 0.063919 0.070611 0.072324 0.076158 0.078517 0.079627 0.079753 0.079766 0.079767 0.079767 0.079767 0.079767 0.079767 0.079767 0.079766 0.079760 0.079706 0.079219 0.078158 0.076318 0.077079 0.064941 0.059407 0.057000 0.055749 0.055035 0.054610 0.054352 0.054193 0.054094 0.054032 0.053993 0.053969 0.053954 0.053944 0.053938 0.053934 0.053931 0.053929 0.053927 0.053925 0.053922 0.053917 0.053911 0.053900 0.053884 0.053858 0.053816 0.053752 0.053651 0.053493 0.053250 0.052877 0.052318 0.051499 0.050344 0.048794 0.046837 0.044533 0.041983 0.039289 -9999.0 -9999.0
-9999.0 -9999.0 0.100000 0.100000 0.099493 0.085586 0.070877 0.063138 0.060560 0.061413 0.054044 0.052286 0.098331 0.099218 0.099743 0.099999 0.100000 0.100000 0.100000 0.100000 0.099352 0.092160 0.080802 0.070641 0.063600 0.059345 0.056945 0.055637 0.054936 0.054563 0.054366 0.054271 0.054241 0.054263 0.054338 0.054485 0.054736 0.055167 0.056112 0.057315 0.056467 0.063919 0.070611 0.072324 0.076158 0.078517 0.079627 0.079753 0.079766 0.079767 0.079767 0.079767 0.079767 0.079767 0.079767 0.079766 0.079760 0.079706 0.079219 0.078158 0.076318 0.077079 0.064941 0.059407 0.057000 0.055749 0.055035 0.054610 0.054352 0.054193 0.054094 0.054032 0.053993 0.053969 0.053954 0.053944 0.053938 0.053934 0.053931 0.053929 0.053927 0.053925 0.053922 0.053917 0.053911 0.053900 0.053884 0.053858 0.053816 0.053752 0.053651 0.053493 0.053250 0.052877 0.052318 0.051499 0.050344 0.048794 0.046837 0.044533 0.041983 0.039289 -9999.0 -9999.0
-9999.0 -9999.0 0.100000 0.100000 0.099493 0.085586 0.070877 0.063138 0.060560 0.061413 0.054044 0.052286 0.098331 0.099218 0.099743 0.099999 0.100000 0.100000 0.100000 0.100000 0.099352 0.092160 0.080802 0.070641 0.063600 0.059345 0.056945 0.055637 0.054936 0.054563 0.054366 0.054271 0.054241 0.054263 0.054338 0.054485 0.054736 0.055167 0.056112 0.057315 0.056467 0.063919 0.070611 0.072324 0.076158 0.078517 0.079627 0.079753 0.079766 0.079767 0.079767 0.079767 0.079767 0.079767 0.079767 0.079766 0.079760 0.079706 0.079219 0.078158 0.076318 0.077079 0.064941 0.059407 0.057000 0.055749 0.055035 0.054610 0.054352 0.054193 0.054094 0.054032 0.053993 0.053969 0.053954 0.053944 0.053938 0.053934 0.053931 0.053929 0.053927 0.053925 0.053922 0.053917 0.053911 0.053900 0.053884 0.053858 0.053816 0.053752 0.053651 0.053493 0.053250 0.052877 0.052318 0.051499 0.050344 0.048794 0.046837 0.044533 0.041983 0.039289 -9999.0 -9999.0
-9999.0 -9999.0 0.100000 0.100000 0.099492 0.085585 0.070877 0.063138 0.060560 0.061413 0.054044 0.052286 0.098331 0.099218 0.099743 0.099999 0.100000 0.100000 0.100000 0.100000 0.099352 0.092160 0.080802 0.070641 0.063600 0.059345 0.056945 0.055637 0.054936 0.054563 0.054366 0.054271 0.054241 0.054263 0.054338 0.054485 0.054736 0.055167 0.056112 0.057315 0.056467 0.063919 0.070611 0.072324 0.076158 0.078517 0.079627 0.079753 0.079766 0.079767 0.079767 0.079767 0.079767 0.079767 0.079767 0.079766 0.079760 0.079706 0.079219 0.078158 0.076318 0.077079 0.064941 0.059407 0.057000 0.055749 0.055035 0.054610 0.054352 0.054193 0.054094 0.054032 0.053993 0.053969 0.053954 0.053944 0.053938 0.053934 0.053931 0.053929 0.053927 0.053925 0.053922 0.053917 0.053911 0.053900 0.053884 0.053858 0.053816 0.053752 0.053651 0.053493 0.053250 0.052877 0.052318 0.051499 0.050344 0.048794 0.046837 0.044533 0.041983 0.039289 -9999.0 -9999.0
-9999.0 -9999.0 0.100000 0.100000 0.099491 0.085584 0.070877 0.063138 0.060560 0.061413 0.054044 0.052286 0.098331 0.099218 0.099743 0.099999 0.100000 0.100000 0.100000 0.100000 0.099352 0.092160 0.080802 0.070641 0.063600 0.059345 0.056945 0.055637 0.054936 0.054563 0.054366 0.054271 0.054241 0.054263 0.054338 0.054485 0.054736 0.055167 0.056112 0.057315 0.056467 0.063919 0.070611 0.072324 0.076158 0.078517 0.079627 0.079753 0.079766 0.079767 0.079767 0.079767 0.079767 0.079767 0.079767 0.079766 0.079760 0.079706 0.079219 0.078158 0.076318 0.077079 0.064941 0.059407 0.057000 0.055749 0.055035 0.054610 0.054352 0.054193 0.054094 0.054032 0.053993 0.053969 0.053954 0.053944 0.053938 0.053934 0.053931 0.053929 0.053927 0.053925 0.053922 0.053917 0.053911 0.053900 0.053884 0.053858 0.053816 0.053752 0.053651 0.053493 0.053250 0.052877 0.052318 0.051499 0.050344 0.048794 0.046837 0.044533 0.041983 0.039289 -9999.0 -9999.0
-9999.0 -9999.0 -9999.0 -9999.0 -9999.0 -9999.0 -9999.0 -9999.0 -9999.0 -9999.0 -9999.0 -9999.0 -9999.0 -9999.0 -9999.0 -9999.0 -9999.0 -9999.0 -9999.0 -9999.0 -9999.0 -9999.0 -9999.0 -9999.0 -9999.0 -9999.0 -9999.0 -9999.0 -9999.0 -9999.0 -9999.0 -9999.0 -9999.0 -9999.0 -9999.0 -9999.0 -9999.0 -9999.0 -9999.0 -9999.0 -9999.0 -9999.0 -9999.0 -9999.0 -9999.0 -9999.0 -9999.0 -9999.0 -9999.0 -9999.0 -9999.0 -9999.0 -9999.0 -9999.0 -9999.0 -9999.0 -9999.0 -9999.0 -9999.0 -9999.0 -9999.0 -9999.0 -9999.0 -9999.0 -9999.0 -9999.0 -9999.0 -9999.0 -9999.0 -9999.0 -9999.0 -9999.0 -9999.0 -9999.0 -9999.0 -9999.0 -9999.0 -9999.0 -9999.0 -9999.0 -9999.0 -9999.0 -9999.0 -9999.0 -9999.0 -9999.0 -9999.0 -9999.0 -9999.0 -9999.0 -9999.0 -9999.0 -9999.0 -9999.0 -9999.0 -9999.0 -9999.0 -9999.0 -9999.0 -9999.0 -9999.0 -9999.0 -9999.0 -9999.0
-9999.0 -9999.0 -9999.0 -9999.0 -9999.0 -9999.0 -9999.0 -9999.0 -9999.0 -9999.0 -9999.0 -9999.0 -9999.0 -9999.0 -9999.0 -9999.0 -9999.0 -9999.0 -9999.0 -9999.0 -9999.0 -9999.0 -9999.0 -9999.0 -9999.0 -9999.0 -9999.0 -9999.0 -9999.0 -9999.0 -9999.0 -9999.0 -9999.0 -9999.0 -9999.0 -9999.0 -9999.0 -9999.0 -9999.0 -9999.0 -9999.0 -9999.0 -9999.0 -9999.0 -9999.0 -9999.0 -9999.0 -9999.0 -9999.0 -9999.0 -9999.0 -9999.0 -9999.0 -9999.0 -9999.0 -9999.0 -9999.0 -9999.0 -9999.0 -9999.0 -9999.0 -9999.0 -9999.0 -9999.0 -9999.0 -9999.0 -9999.0 -9999.0 -9999.0 -9999.0 -9999.0 -9999.0 -9999.0 -9999.0 -9999.0 -9999.0 -9999.0 -9999.0 -9999.0 -9999.0 -9999.0 -9999.0 -9999.0 -9999.0 -9999.0 -9999.0 -9999.0 -9999.0 -9999.0 -9999.0 -9999.0 -9999.0 -9999.0 -9999.0 -9999.0 -9999.0 -9999.0 -9999.0 -9999.0 -9999.0 -9999.0 -9999.0 -9999.0 -9999.0