tests/3D/superslab/out/maps3D/thetaliqL0005N0004.asc
ncols         104
nrows         10
xllcorner     -2.000000
yllcorner     0.000000
cellsize      1.000000
NODATA_value  -9999.0
-9999.0 -9999.0 -9999.0 -9999.0 -9999.0 -9999.0 -9999.0 -9999.0 -9999.0 -9999.0 -9999.0 -9999.0 -9999.0 -9999.0 -9999.0 -9999.0 -9999.0 -9999.0 -9999.0 -9999.0 -9999.0 -9999.0 -9999.0 -9999.0 -9999.0 -9999.0 -9999.0 -9999.0 -9999.0 -9999.0 -9999.0 -9999.0 -9999.0 -9999.0 -9999.0 -9999.0 -9999.0 -9999.0 -9999.0 -9999.0 -9999.0 -9999.0 -9999.0 -9999.0 -9999.0 -9999.0 -9999.0 -9999.0 -9999.0 -9999.0 -9999.0 -9999.0 -9999.0 -9999.0 -9999.0 -9999.0 -9999.0 -9999.0 -9999.0 -9999.0 -9999.0 -9999.0 -9999.0 -9999.0 -9999.0 -9999.0 -9999.0 -9999.0 -9999.0 -9999.0 -9999.0 -9999.0 -9999.0 -9999.0 -9999.0 -9999.0 -9999.0 -9999.0 -9999.0 -9999.0 -9999.0 -9999.0 -9999.0 -9999.0 -9999.0 -9999.0 -9999.0 -9999.0 -9999.0 -9999.0 -9999.0 -9999.0 -9999.0 -9999.0 -9999.0 -9999.0 -9999.0 -9999.0 -9999.0 -9999.0 -9999.0 -9999.0 -9999.0 -9999.0
-9999.0 -9999.0 -9999.0 -9999.0 -9999.0 -9999.0 -9999.0 -9999.0 -9999.0 -9999.0 -9999.0 -9999.0 -9999.0 -9999.0 -9999.0 -9999.0 -9999.0 -9999.0 -9999.0 -9999.0 -9999.0 -9999.0 -9999.0 -9999.0 -9999.0 -9999.0 -9999.0 -9999.0 -9999.0 -9999.0 -9999.0 -9999.0 -9999.0 -9999.0 -9999.0 -9999.0 -9999.0 -9999.0 -9999.0 -9999.0 -9999.0 -9999.0 -9999.0 -9999.0 -9999.0 -9999.0 -9999.0 -9999.0 -9999.0 -9999.0 -9999.0 -9999.0 -9999.0 -9999.0 -9999.0 -9999.0 -9999.0 -9999.0 -9999.0 -9999.0 -9999.0 -9999.0 -9999.0 -9999.0 -9999.0 -9999.0 -9999.0 -9999.0 -9999.0 -9999.0 -9999.0 -9999.0 -9999.0 -9999.0 -9999.0 -9999.0 -9999.0 -9999.0 -9999.0 -9999.0 -9999.0 -9999.0 -9999.0 -9999.0 -9999.0 -9999.0 -9999.0 -9999.0 -9999.0 -9999.0 -9999.0 -9999.0 -9999.0 -9999.0 -9999.0 -9999.0 -9999.0 -9999.0 -9999.0 -9999.0 -9999.0 -9999.0 -9999.0 -9999.0
-9999.0 -9999.0 0.100000 0.100000 0.100000 0.094623 0.078286 0.067243 0.062803 0.062958 0.054685 0.052709 0.098458 0.099348 0.099827 0.100000 0.100000 0.100000 0.100000 0.100000 0.100000 0.099090 0.091642 0.080705 0.071021 0.064177 0.059872 0.057333 0.055889 0.055081 0.054635 0.054395 0.054277 0.054241 0.054269 0.054368 0.054562 0.054906 0.055520 0.056763 0.058117 0.056772 0.058437 0.059991 0.063995 0.066580 0.067833 0.067976 0.067991 0.067992 0.067993 0.067992 0.067992 0.067992 0.067992 0.067992 0.067988 0.067961 0.067747 0.067204 0.066048 0.068112 0.064594 0.059303 0.056945 0.055718 0.055021 0.054606 0.054352 0.054193 0.054094 0.054032 0.053994 0.053969 0.053954 0.053944 0.053938 0.053934 0.053931 0.053929 0.053927 0.053925 0.053922 0.053917 0.053911 0.053900 0.053884 0.053857 0.053816 0.053752 0.053651 0.053493 0.053249 0.052876 0.052316 0.051496 0.050340 0.048788 0.046827 0.044508 0.041896 0.039087 -9999.0 -9999.0
-9999.0 -9999.0 0.100000 0.100000 0.100000 0.094623 0.078286 0.067243 0.062803 0.062958 0.054685 0.052709 0.098458 0.099348 0.099827 0.100000 0.100000 0.100000 0.100000 0.100000 0.100000 0.099090 0.091642 0.080705 0.071021 0.064177 0.059872 0.057333 0.055889 0.055081 0.054635 0.054395 0.054277 0.054241 0.054269 0.054368 0.054562 0.054906 0.055520 0.056763 0.058117 0.056772 0.058437 0.059991 0.063995 0.066580 0.067833 0.067976 0.067991 0.067992 0.067993 0.067992 0.067992 0.067992 0.067992 0.067992 0.067988 0.067961 0.067747 0.067204 0.066048 0.068112 0.064594 0.059303 0.056945 0.055718 0.055021 0.054606 0.054352 0.054193 0.054094 0.054032 0.053994 0.053969 0.053954 0.053944 0.053938 0.053934 0.053931 0.053929 0.053927 0.053925 0.053922 0.053917 0.053911 0.053900 0.053884 0.053857 0.053816 0.053752 0.053651 0.053493 0.053249 0.052876 0.052316 0.051496 0.050340 0.048788 0.046827 0.044508 0.041896 0.039087 -9999.0 -9999.0
-9999.0 -9999.0 0.100000 0.100000 0.100000 0.094624 0.078286 0.067243 0.062803 0.062958 0.054685 0.052709 0.098458 0.099348 0.099827 0.100000 0.100000 0.100000 0.100000 0.100000 0.100000 0.099090 0.091642 0.080705 0.071021 0.064177 0.059872 0.057333 0.055889 0.055081 0.054635 0.054395 0.054277 0.054241 0.054269 0.054368 0.054562 0.054906 0.055520 0.056763 0.058117 0.056772 0.058437 0.059991 0.063995 0.066580 0.067833 0.067976 0.067991 0.067992 0.067993 0.067992 0.067992 0.067992 0.067992 0.067992 0.067988 0.067961 0.067747 0.067204 0.066048 0.068112 0.064594 0.059303 0.056945 0.055718 0.055021 0.054606 0.054352 0.054193 0.054094 0.054032 0.053994 0.053969 0.053954 0.053944 0.053938 0.053934 0.053931 0.053929 0.053927 0.053925 0.053922 0.053917 0.053911 0.053900 0.053884 0.053857 0.053816 0.053752 0.053651 0.053493 0.053249 0.052876 0.052316 0.051496 0.050340 0.048788 0.046827 0.044508 0.041896 0.039087 -9999.0 -9999.0
-9999.0 -9999.0 0.100000 0.100000 0.100000 0.094624 0.078286 0.067243 0.062803 0.062958 0.054685 0.052709 0.098458 0.099348 0.099827 0.100000 0.100000 0.100000 0.100000 0.100000 0.100000 0.099090 0.091642 0.080705 0.071021 0.064177 0.059872 0.057333 0.055889 0.055081 0.054635 0.054395 0.054277 0.054241 0.054269 0.054368 0.054562 0.054906 0.055520 0.056763 0.058117 0.056772 0.058437 0.059991 0.063995 0.066580 0.067833 0.067976 0.067991 0.067992 0.067993 0.067992 0.067992 0.067992 0.067992 0.067992 0.067988 0.067961 0.067747 0.067204 0.066048 0.068112 0.064594 0.059303 0.056945 0.055718 0.055021 0.054606 0.054352 0.054193 0.054094 0.054032 0.053994 0.053969 0.053954 0.053944 0.053938 0.053934 0.053931 0.053929 0.053927 0.053925 0.053922 0.053917 0.053911 0.053900 0.053884 0.053857 0.053816 0.053752 0.053651 0.053493 0.053249 0.052876 0.052316 0.051496 0.050340 0.048788 0.046827 0.044508 0.041896 0.039087 -9999.0 -9999.0
-9999.0 -9999.0 0.100000 0.100000 0.100000 0.094623 0.078286 0.067243 0.062803 0.062958 0.054685 0.052709 0.098458 0.099348 0.099827 0.100000 0.100000 0.100000 0.100000 0.100000 0.100000 0.099090 0.091642 0.080705 0.071021 0.064177 0.059872 0.057333 0.055889 0.055081 0.054635 0.054395 0.054277 0.054241 0.054269 0.054368 0.054562 0.054906 0.055520 0.056763 0.058117 0.056772 0.058437 0.059991 0.063995 0.066580 0.067833 0.067976 0.067991 0.067992 0.067993 0.067992 0.067992 0.067992 0.067992 0.067992 0.067988 0.067961 0.067747 0.067204 0.066048 0.068112 0.064594 0.059303 0.056945 0.055718 0.055021 0.054606 0.054352 0.054193 0.054094 0.054032 0.053994 0.053969 0.053954 0.053944 0.053938 0.053934 0.053931 0.053929 0.053927 0.053925 0.053922 0.053917 0.053911 0.053900 0.053884 0.053857 0.053816 0.053752 0.053651 0.053493 0.053249 0.052876 0.052316 0.051496 0.050340 0.048788 0.046827 0.044508 0.041896 0.039087 -9999.0 -9999.0
-9999.0 -9999.0 0.100000 0.100000 0.100000 0.094623 0.078286 0.067243 0.062803 0.062958 0.054685 0.052709 0.098458 0.099348 0.099827 0.100000 0.100000 0.100000 0.100000 0.100000 0.100000 0.099090 0.091642 0.080705 0.071021 0.064177 0.059872 0.057333 0.055889 0.055081 0.054635 0.054395 0.054277 0.054241 0.054269 0.054368 0.054562 0.054906 0.055520 0.056763 0.058117 0.056772 0.058437 0.059991 0.063995 0.066580 0.067833 0.067976 0.067991 0.067992 0.067993 0.067992 0.067992 0.067992 0.067992 0.067992 0.067988 0.067961 0.067747 0.067204 0.066048 0.068112 0.064594 0.059303 0.056945 0.055718 0.055021 0.054606 0.054352 0.054193 0.054094 0.054032 0.053994 0.053969 0.053954 0.053944 0.053938 0.053934 0.053931 0.053929 0.053927 0.053925 0.053922 0.053917 0.053911 0.053900 0.053884 0.053857 0.053816 0.053752 0.053651 0.053493 0.053249 0.052876 0.052316 0.051496 0.050340 0.048788 0.046827 0.044508 0.041896 0.039087 -9999.0 -9999.0
-9999.0 -9999.0 -9999.0 -9999.0 -9999.0 -9999.0 -9999.0 -9999.0 -9999.0 -9999.0 -9999.0 -9999.0 -9999.0 -9999.0 -9999.0 -9999.0 -9999.0 -9999.0 -9999.0 -9999.0 -9999.0 -9999.0 -9999.0 -9999.0 -9999.0 -9999.0 -9999.0 -9999.0 -9999.0 -9999.0 -9999.0 -9999.0 -9999.0 -9999.0 -9999.0 -9999.0 -9999.0 -9999.0 -9999.0 -9999.0 -9999.0 -9999.0 -9999.0 -9999.0 -9999.0 -9999.0 -9999.0 -9999.0 -9999.0 -9999.0 -9999.0 -9999.0 -9999.0 -9999.0 -9999.0 -9999.0 -9999.0 -9999.0 -9999.0 -9999.0 -9999.0 -9999.0 -9999.0 -9999.0 -9999.0 -9999.0 -9999.0 -9999.0 -9999.0 -9999.0 -9999.0 -9999.0 -9999.0 -9999.0 -9999.0 -9999.0 -9999.0 -9999.0 -9999.0 -9999.0 -9999.0 -9999.0 -9999.0 -9999.0 -9999.0 -9999.0 -9999.0 -9999.0 -9999.0 -9999.0 -9999.0 -9999.0 -9999.0 -9999.0 -9999.0 -9999.0 -9999.0 -9999.0 -9999.0 -9999.0 -9999.0 -9999.0 -9999.0 -9999.0
-9999.0 -9999.0 -9999.0 -9999.0 -9999.0 -9999.0 -9999.0 -9999.0 -9999.0 -9999.0 -9999.0 -9999.0 -9999.0 -9999.0 -9999.0 -9999.0 -9999.0 -9999.0 -9999.0 -9999.0 -9999.0 -9999.0 -9999.0 -9999.0 -9999.0 -9999.0 -9999.0 -9999.0 -9999.0 -9999.0 -9999.0 -9999.0 -9999.0 -9999.0 -9999.0 -9999.0 -9999.0 -9999.0 -9999.0 -9999.0 -9999.0 -9999.0 -9999.0 -9999.0 -9999.0 -9999.0 -9999.0 -9999.0 -9999.0 -9999.0 -9999.0 -9999.0 -9999.0 -9999.0 -9999.0 -9999.0 -9999.0 -9999.0 -9999.0 -9999.0 -9999.0 -9999.0 -9999.0 -9999.0 -9999.0 -9999.0 -9999.0 -9999.0 -9999.0 -9999.0 -9999.0 -9999.0 -9999.0 -9999.0 -9999.0 -9999.0 -9999.0 -9999.0 -9999.0 -9999.0 -9999.0 -9999.0 -9999.0 -9999.0 -9999.0 -9999.0 -9999.0 -9999.0 -9999.0 -9999.0 -9999.0 -9999.0 -9999.0 -9999.0 -9999.0 -9999.0 -9999.0 -9999.0 -9999.0 -9999.0 -9999.0 -9999.0 -9999.0 -9999.0