tests/3D/superslab/out/maps3D/thetaliqL0009N0006.asc
ncols         104
nrows         10
xllcorner     -2.000000
yllcorner     0.000000
cellsize      1.000000
NODATA_value  -9999.0
-9999.0 -9999.0 -9999.0 -9999.0 -9999.0 -9999.0 -9999.0 -9999.0 -9999.0 -9999.0 -9999.0 -9999.0 -9999.0 -9999.0 -9999.0 -9999.0 -9999.0 -9999.0 -9999.0 -9999.0 -9999.0 -9999.0 -9999.0 -9999.0 -9999.0 -9999.0 -9999.0 -9999.0 -9999.0 -9999.0 -9999.0 -9999.0 -9999.0 -9999.0 -9999.0 -9999.0 -9999.0 -9999.0 -9999.0 -9999.0 -9999.0 -9999.0 -9999.0 -9999.0 -9999.0 -9999.0 -9999.0 -9999.0 -9999.0 -9999.0 -9999.0 -9999.0 -9999.0 -9999.0 -9999.0 -9999.0 -9999.0 -9999.0 -9999.0 -9999.0 -9999.0 -9999.0 -9999.0 -9999.0 -9999.0 -9999.0 -9999.0 -9999.0 -9999.0 -9999.0 -9999.0 -9999.0 -9999.0 -9999.0 -9999.0 -9999.0 -9999.0 -9999.0 -9999.0 -9999.0 -9999.0 -9999.0 -9999.0 -9999.0 -9999.0 -9999.0 -9999.0 -9999.0 -9999.0 -9999.0 -9999.0 -9999.0 -9999.0 -9999.0 -9999.0 -9999.0 -9999.0 -9999.0 -9999.0 -9999.0 -9999.0 -9999.0 -9999.0 -9999.0
-9999.0 -9999.0 -9999.0 -9999.0 -9999.0 -9999.0 -9999.0 -9999.0 -9999.0 -9999.0 -9999.0 -9999.0 -9999.0 -9999.0 -9999.0 -9999.0 -9999.0 -9999.0 -9999.0 -9999.0 -9999.0 -9999.0 -9999.0 -9999.0 -9999.0 -9999.0 -9999.0 -9999.0 -9999.0 -9999.0 -9999.0 -9999.0 -9999.0 -9999.0 -9999.0 -9999.0 -9999.0 -9999.0 -9999.0 -9999.0 -9999.0 -9999.0 -9999.0 -9999.0 -9999.0 -9999.0 -9999.0 -9999.0 -9999.0 -9999.0 -9999.0 -9999.0 -9999.0 -9999.0 -9999.0 -9999.0 -9999.0 -9999.0 -9999.0 -9999.0 -9999.0 -9999.0 -9999.0 -9999.0 -9999.0 -9999.0 -9999.0 -9999.0 -9999.0 -9999.0 -9999.0 -9999.0 -9999.0 -9999.0 -9999.0 -9999.0 -9999.0 -9999.0 -9999.0 -9999.0 -9999.0 -9999.0 -9999.0 -9999.0 -9999.0 -9999.0 -9999.0 -9999.0 -9999.0 -9999.0 -9999.0 -9999.0 -9999.0 -9999.0 -9999.0 -9999.0 -9999.0 -9999.0 -9999.0 -9999.0 -9999.0 -9999.0 -9999.0 -9999.0
-9999.0 -9999.0 0.100000 0.100000 0.098361 0.081873 0.067674 0.060924 0.059274 0.060540 0.053681 0.051974 0.051304 0.050949 0.098145 0.099528 0.099975 0.100000 0.100000 0.100000 0.100000 0.100000 0.099974 0.091639 0.077416 0.066656 0.060388 0.057131 0.055537 0.054783 0.054436 0.054287 0.054243 0.054263 0.054340 0.054486 0.054714 0.055121 0.056855 0.058213 0.054009 0.062333 0.039742 0.033388 0.033387 0.033387 0.033387 0.033387 0.033387 0.033387 0.033387 0.033387 0.033387 0.033387 0.033387 0.033387 0.033387 0.033387 0.033387 0.033387 0.033388 0.040540 0.074757 0.061767 0.057265 0.055743 0.055004 0.054578 0.054322 0.054166 0.054071 0.054013 0.053978 0.053957 0.053944 0.053937 0.053933 0.053930 0.053928 0.053927 0.053926 0.053924 0.053921 0.053917 0.053910 0.053899 0.053883 0.053856 0.053815 0.053749 0.053647 0.053487 0.053241 0.052864 0.052300 0.051475 0.050315 0.048761 0.046805 0.044502 0.041924 0.039077 -9999.0 -9999.0
-9999.0 -9999.0 0.100000 0.100000 0.098362 0.081874 0.067674 0.060924 0.059274 0.060540 0.053681 0.051974 0.051304 0.050949 0.098145 0.099528 0.099975 0.100000 0.100000 0.100000 0.100000 0.100000 0.099974 0.091639 0.077416 0.066656 0.060388 0.057131 0.055537 0.054783 0.054436 0.054287 0.054243 0.054263 0.054340 0.054486 0.054714 0.055121 0.056855 0.058213 0.054009 0.062333 0.039742 0.033388 0.033387 0.033387 0.033387 0.033387 0.033387 0.033387 0.033387 0.033387 0.033387 0.033387 0.033387 0.033387 0.033387 0.033387 0.033387 0.033387 0.033388 0.040540 0.074757 0.061767 0.057265 0.055743 0.055004 0.054578 0.054322 0.054166 0.054071 0.054013 0.053978 0.053957 0.053944 0.053937 0.053933 0.053930 0.053928 0.053927 0.053926 0.053924 0.053921 0.053917 0.053910 0.053899 0.053883 0.053856 0.053815 0.053749 0.053647 0.053487 0.053241 0.052864 0.052300 0.051475 0.050315 0.048761 0.046805 0.044502 0.041924 0.039077 -9999.0 -9999.0
-9999.0 -9999.0 0.100000 0.100000 0.098363 0.081875 0.067674 0.060924 0.059274 0.060540 0.053681 0.051974 0.051304 0.050949 0.098145 0.099528 0.099975 0.100000 0.100000 0.100000 0.100000 0.100000 0.099974 0.091639 0.077416 0.066656 0.060388 0.057131 0.055537 0.054783 0.054436 0.054287 0.054243 0.054263 0.054340 0.054486 0.054714 0.055121 0.056855 0.058213 0.054009 0.062333 0.039742 0.033388 0.033387 0.033387 0.033387 0.033387 0.033387 0.033387 0.033387 0.033387 0.033387 0.033387 0.033387 0.033387 0.033387 0.033387 0.033387 0.033387 0.033388 0.040540 0.074757 0.061767 0.057265 0.055743 0.055004 0.054578 0.054322 0.054166 0.054071 0.054013 0.053978 0.053957 0.053944 0.053937 0.053933 0.053930 0.053928 0.053927 0.053926 0.053924 0.053921 0.053917 0.053910 0.053899 0.053883 0.053856 0.053815 0.053749 0.053647 0.053487 0.053241 0.052864 0.052300 0.051475 0.050315 0.048761 0.046805 0.044502 0.041924 0.039077 -9999.0 -9999.0
-9999.0 -9999.0 0.100000 0.100000 0.098363 0.081875 0.067674 0.060924 0.059274 0.060540 0.053681 0.051974 0.051304 0.050949 0.098145 0.099528 0.099975 0.100000 0.100000 0.100000 0.100000 0.100000 0.099974 0.091639 0.077416 0.066656 0.060388 0.057131 0.055537 0.054783 0.054436 0.054287 0.054243 0.054263 0.054340 0.054486 0.054714 0.055121 0.056855 0.058213 0.054009 0.062333 0.039742 0.033388 0.033387 0.033387 0.033387 0.033387 0.033387 0.033387 0.033387 0.033387 0.033387 0.033387 0.033387 0.033387 0.033387 0.033387 0.033387 0.033387 0.033388 0.040540 0.074757 0.061767 0.057265 0.055743 0.055004 0.054578 0.054322 0.054166 0.054071 0.054013 0.053978 0.053957 0.053944 0.053937 0.053933 0.053930 0.053928 0.053927 0.053926 0.053924 0.053921 0.053917 0.053910 0.053899 0.053883 0.053856 0.053815 0.053749 0.053647 0.053487 0.053241 0.052864 0.052300 0.051475 0.050315 0.048761 0.046805 0.044502 0.041924 0.039077 -9999.0 -9999.0
-9999.0 -9999.0 0.100000 0.100000 0.098362 0.081874 0.067674 0.060924 0.059274 0.060540 0.053681 0.051974 0.051304 0.050949 0.098145 0.099528 0.099975 0.100000 0.100000 0.100000 0.100000 0.100000 0.099974 0.091639 0.077416 0.066656 0.060388 0.057131 0.055537 0.054783 0.054436 0.054287 0.054243 0.054263 0.054340 0.054486 0.054714 0.055121 0.056855 0.058213 0.054009 0.062333 0.039742 0.033388 0.033387 0.033387 0.033387 0.033387 0.033387 0.033387 0.033387 0.033387 0.033387 0.033387 0.033387 0.033387 0.033387 0.033387 0.033387 0.033387 0.033388 0.040540 0.074757 0.061767 0.057265 0.055743 0.055004 0.054578 0.054322 0.054166 0.054071 0.054013 0.053978 0.053957 0.053944 0.053937 0.053933 0.053930 0.053928 0.053927 0.053926 0.053924 0.053921 0.053917 0.053910 0.053899 0.053883 0.053856 0.053815 0.053749 0.053647 0.053487 0.053241 0.052864 0.052300 0.051475 0.050315 0.048761 0.046805 0.044502 0.041924 0.039077 -9999.0 -9999.0
-9999.0 -9999.0 0.100000 0.100000 0.098361 0.081873 0.067674 0.060924 0.059274 0.060540 0.053681 0.051974 0.051304 0.050949 0.098145 0.099528 0.099975 0.100000 0.100000 0.100000 0.100000 0.100000 0.099974 0.091639 0.077416 0.066656 0.060388 0.057131 0.055537 0.054783 0.054436 0.054287 0.054243 0.054263 0.054340 0.054486 0.054714 0.055121 0.056855 0.058213 0.054009 0.062333 0.039742 0.033388 0.033387 0.033387 0.033387 0.033387 0.033387 0.033387 0.033387 0.033387 0.033387 0.033387 0.033387 0.033387 0.033387 0.033387 0.033387 0.033387 0.033388 0.040540 0.074757 0.061767 0.057265 0.055743 0.055004 0.054578 0.054322 0.054166 0.054071 0.054013 0.053978 0.053957 0.053944 0.053937 0.053933 0.053930 0.053928 0.053927 0.053926 0.053924 0.053921 0.053917 0.053910 0.053899 0.053883 0.053856 0.053815 0.053749 0.053647 0.053487 0.053241 0.052864 0.052300 0.051475 0.050315 0.048761 0.046805 0.044502 0.041924 0.039077 -9999.0 -9999.0
-9999.0 -9999.0 -9999.0 -9999.0 -9999.0 -9999.0 -9999.0 -9999.0 -9999.0 -9999.0 -9999.0 -9999.0 -9999.0 -9999.0 -9999.0 -9999.0 -9999.0 -9999.0 -9999.0 -9999.0 -9999.0 -9999.0 -9999.0 -9999.0 -9999.0 -9999.0 -9999.0 -9999.0 -9999.0 -9999.0 -9999.0 -9999.0 -9999.0 -9999.0 -9999.0 -9999.0 -9999.0 -9999.0 -9999.0 -9999.0 -9999.0 -9999.0 -9999.0 -9999.0 -9999.0 -9999.0 -9999.0 -9999.0 -9999.0 -9999.0 -9999.0 -9999.0 -9999.0 -9999.0 -9999.0 -9999.0 -9999.0 -9999.0 -9999.0 -9999.0 -9999.0 -9999.0 -9999.0 -9999.0 -9999.0 -9999.0 -9999.0 -9999.0 -9999.0 -9999.0 -9999.0 -9999.0 -9999.0 -9999.0 -9999.0 -9999.0 -9999.0 -9999.0 -9999.0 -9999.0 -9999.0 -9999.0 -9999.0 -9999.0 -9999.0 -9999.0 -9999.0 -9999.0 -9999.0 -9999.0 -9999.0 -9999.0 -9999.0 -9999.0 -9999.0 -9999.0 -9999.0 -9999.0 -9999.0 -9999.0 -9999.0 -9999.0 -9999.0 -9999.0
-9999.0 -9999.0 -9999.0 -9999.0 -9999.0 -9999.0 -9999.0 -9999.0 -9999.0 -9999.0 -9999.0 -9999.0 -9999.0 -9999.0 -9999.0 -9999.0 -9999.0 -9999.0 -9999.0 -9999.0 -9999.0 -9999.0 -9999.0 -9999.0 -9999.0 -9999.0 -9999.0 -9999.0 -9999.0 -9999.0 -9999.0 -9999.0 -9999.0 -9999.0 -9999.0 -9999.0 -9999.0 -9999.0 -9999.0 -9999.0 -9999.0 -9999.0 -9999.0 -9999.0 -9999.0 -9999.0 -9999.0 -9999.0 -9999.0 -9999.0 -9999.0 -9999.0 -9999.0 -9999.0 -9999.0 -9999.0 -9999.0 -9999.0 -9999.0 -9999.0 -9999.0 -9999.0 -9999.0 -9999.0 -9999.0 -9999.0 -9999.0 -9999.0 -9999.0 -9999.0 -9999.0 -9999.0 -9999.0 -9999.0 -9999.0 -9999.0 -9999.0 -9999.0 -9999.0 -9999.0 -9999.0 -9999.0 -9999.0 -9999.0 -9999.0 -9999.0 -9999.0 -9999.0 -9999.0 -9999.0 -9999.0 -9999.0 -9999.0 -9999.0 -9999.0 -9999.0 -9999.0 -9999.0 -9999.0 -9999.0 -9999.0 -9999.0 -9999.0 -9999.0