tests/3D/superslab/out/maps3D/thetaliqL0091N0004.asc
ncols         104
nrows         10
xllcorner     -2.000000
yllcorner     0.000000
cellsize      1.000000
NODATA_value  -9999.0
-9999.0 -9999.0 -9999.0 -9999.0 -9999.0 -9999.0 -9999.0 -9999.0 -9999.0 -9999.0 -9999.0 -9999.0 -9999.0 -9999.0 -9999.0 -9999.0 -9999.0 -9999.0 -9999.0 -9999.0 -9999.0 -9999.0 -9999.0 -9999.0 -9999.0 -9999.0 -9999.0 -9999.0 -9999.0 -9999.0 -9999.0 -9999.0 -9999.0 -9999.0 -9999.0 -9999.0 -9999.0 -9999.0 -9999.0 -9999.0 -9999.0 -9999.0 -9999.0 -9999.0 -9999.0 -9999.0 -9999.0 -9999.0 -9999.0 -9999.0 -9999.0 -9999.0 -9999.0 -9999.0 -9999.0 -9999.0 -9999.0 -9999.0 -9999.0 -9999.0 -9999.0 -9999.0 -9999.0 -9999.0 -9999.0 -9999.0 -9999.0 -9999.0 -9999.0 -9999.0 -9999.0 -9999.0 -9999.0 -9999.0 -9999.0 -9999.0 -9999.0 -9999.0 -9999.0 -9999.0 -9999.0 -9999.0 -9999.0 -9999.0 -9999.0 -9999.0 -9999.0 -9999.0 -9999.0 -9999.0 -9999.0 -9999.0 -9999.0 -9999.0 -9999.0 -9999.0 -9999.0 -9999.0 -9999.0 -9999.0 -9999.0 -9999.0 -9999.0 -9999.0
-9999.0 -9999.0 -9999.0 -9999.0 -9999.0 -9999.0 -9999.0 -9999.0 -9999.0 -9999.0 -9999.0 -9999.0 -9999.0 -9999.0 -9999.0 -9999.0 -9999.0 -9999.0 -9999.0 -9999.0 -9999.0 -9999.0 -9999.0 -9999.0 -9999.0 -9999.0 -9999.0 -9999.0 -9999.0 -9999.0 -9999.0 -9999.0 -9999.0 -9999.0 -9999.0 -9999.0 -9999.0 -9999.0 -9999.0 -9999.0 -9999.0 -9999.0 -9999.0 -9999.0 -9999.0 -9999.0 -9999.0 -9999.0 -9999.0 -9999.0 -9999.0 -9999.0 -9999.0 -9999.0 -9999.0 -9999.0 -9999.0 -9999.0 -9999.0 -9999.0 -9999.0 -9999.0 -9999.0 -9999.0 -9999.0 -9999.0 -9999.0 -9999.0 -9999.0 -9999.0 -9999.0 -9999.0 -9999.0 -9999.0 -9999.0 -9999.0 -9999.0 -9999.0 -9999.0 -9999.0 -9999.0 -9999.0 -9999.0 -9999.0 -9999.0 -9999.0 -9999.0 -9999.0 -9999.0 -9999.0 -9999.0 -9999.0 -9999.0 -9999.0 -9999.0 -9999.0 -9999.0 -9999.0 -9999.0 -9999.0 -9999.0 -9999.0 -9999.0 -9999.0
-9999.0 -9999.0 0.100000 0.094524 0.077889 0.064664 0.056295 0.051319 0.048691 0.047487 0.047013 0.046832 0.046764 0.046738 0.046728 0.046725 0.046723 0.046723 0.046723 0.046723 0.046723 0.046722 0.046722 0.046723 0.046723 0.046723 0.046723 0.046723 0.046723 0.046723 0.046723 0.046723 0.046723 0.046723 0.046723 0.046723 0.046723 0.046723 0.046723 0.046723 0.046723 0.046723 0.046722 0.046722 0.046722 0.046722 0.046722 0.046723 0.046723 0.046723 0.046723 0.046711 0.046717 0.046715 0.046713 0.046709 0.046705 0.046699 0.046692 0.046683 0.046672 0.046659 0.046643 0.046624 0.046601 0.046576 0.046546 0.046512 0.046474 0.046432 0.046384 0.046332 0.046275 0.046213 0.046145 0.046072 0.045994 0.045910 0.045820 0.045725 0.045623 0.045515 0.045401 0.045279 0.045151 0.045015 0.044870 0.044717 0.044554 0.044380 0.044194 0.043994 0.043778 0.043543 0.043286 0.043000 0.042680 0.042313 0.041882 0.041356 0.040671 0.039636 -9999.0 -9999.0
-9999.0 -9999.0 0.100000 0.094524 0.077889 0.064664 0.056295 0.051319 0.048691 0.047487 0.047013 0.046832 0.046764 0.046738 0.046728 0.046725 0.046723 0.046723 0.046723 0.046723 0.046723 0.046722 0.046722 0.046723 0.046723 0.046723 0.046723 0.046723 0.046723 0.046723 0.046723 0.046723 0.046723 0.046723 0.046723 0.046723 0.046723 0.046723 0.046723 0.046723 0.046723 0.046723 0.046722 0.046722 0.046722 0.046722 0.046722 0.046723 0.046723 0.046723 0.046723 0.046711 0.046717 0.046715 0.046713 0.046709 0.046705 0.046699 0.046692 0.046683 0.046672 0.046659 0.046643 0.046624 0.046601 0.046576 0.046546 0.046512 0.046474 0.046432 0.046384 0.046332 0.046275 0.046213 0.046145 0.046072 0.045994 0.045910 0.045820 0.045725 0.045623 0.045515 0.045401 0.045279 0.045151 0.045015 0.044870 0.044717 0.044554 0.044380 0.044194 0.043994 0.043778 0.043543 0.043286 0.043000 0.042680 0.042313 0.041882 0.041356 0.040671 0.039636 -9999.0 -9999.0
-9999.0 -9999.0 0.100000 0.094524 0.077889 0.064664 0.056295 0.051319 0.048691 0.047487 0.047013 0.046832 0.046764 0.046738 0.046728 0.046725 0.046723 0.046723 0.046723 0.046723 0.046723 0.046722 0.046722 0.046723 0.046723 0.046723 0.046723 0.046723 0.046723 0.046723 0.046723 0.046723 0.046723 0.046723 0.046723 0.046723 0.046723 0.046723 0.046723 0.046723 0.046723 0.046723 0.046722 0.046722 0.046722 0.046722 0.046722 0.046723 0.046723 0.046723 0.046723 0.046711 0.046717 0.046715 0.046713 0.046709 0.046705 0.046699 0.046692 0.046683 0.046672 0.046659 0.046643 0.046624 0.046601 0.046576 0.046546 0.046512 0.046474 0.046432 0.046384 0.046332 0.046275 0.046213 0.046145 0.046072 0.045994 0.045910 0.045820 0.045725 0.045623 0.045515 0.045401 0.045279 0.045151 0.045015 0.044870 0.044717 0.044554 0.044380 0.044194 0.043994 0.043778 0.043543 0.043286 0.043000 0.042680 0.042313 0.041882 0.041356 0.040671 0.039636 -9999.0 -9999.0
-9999.0 -9999.0 0.100000 0.094524 0.077889 0.064664 0.056295 0.051319 0.048691 0.047487 0.047013 0.046832 0.046764 0.046738 0.046728 0.046725 0.046723 0.046723 0.046723 0.046723 0.046723 0.046722 0.046722 0.046723 0.046723 0.046723 0.046723 0.046723 0.046723 0.046723 0.046723 0.046723 0.046723 0.046723 0.046723 0.046723 0.046723 0.046723 0.046723 0.046723 0.046723 0.046723 0.046722 0.046722 0.046722 0.046722 0.046722 0.046723 0.046723 0.046723 0.046723 0.046711 0.046717 0.046715 0.046713 0.046709 0.046705 0.046699 0.046692 0.046683 0.046672 0.046659 0.046643 0.046624 0.046601 0.046576 0.046546 0.046512 0.046474 0.046432 0.046384 0.046332 0.046275 0.046213 0.046145 0.046072 0.045994 0.045910 0.045820 0.045725 0.045623 0.045515 0.045401 0.045279 0.045151 0.045015 0.044870 0.044717 0.044554 0.044380 0.044194 0.043994 0.043778 0.043543 0.043286 0.043000 0.042680 0.042313 0.041882 0.041356 0.040671 0.039636 -9999.0 -9999.0
-9999.0 -9999.0 0.100000 0.094524 0.077889 0.064664 0.056295 0.051319 0.048691 0.047487 0.047013 0.046832 0.046764 0.046738 0.046728 0.046725 0.046723 0.046723 0.046723 0.046723 0.046723 0.046722 0.046722 0.046723 0.046723 0.046723 0.046723 0.046723 0.046723 0.046723 0.046723 0.046723 0.046723 0.046723 0.046723 0.046723 0.046723 0.046723 0.046723 0.046723 0.046723 0.046723 0.046722 0.046722 0.046722 0.046722 0.046722 0.046723 0.046723 0.046723 0.046723 0.046711 0.046717 0.046715 0.046713 0.046709 0.046705 0.046699 0.046692 0.046683 0.046672 0.046659 0.046643 0.046624 0.046601 0.046576 0.046546 0.046512 0.046474 0.046432 0.046384 0.046332 0.046275 0.046213 0.046145 0.046072 0.045994 0.045910 0.045820 0.045725 0.045623 0.045515 0.045401 0.045279 0.045151 0.045015 0.044870 0.044717 0.044554 0.044380 0.044194 0.043994 0.043778 0.043543 0.043286 0.043000 0.042680 0.042313 0.041882 0.041356 0.040671 0.039636 -9999.0 -9999.0
-9999.0 -9999.0 0.100000 0.094524 0.077889 0.064664 0.056295 0.051319 0.048691 0.047487 0.047013 0.046832 0.046764 0.046738 0.046728 0.046725 0.046723 0.046723 0.046723 0.046723 0.046723 0.046722 0.046722 0.046723 0.046723 0.046723 0.046723 0.046723 0.046723 0.046723 0.046723 0.046723 0.046723 0.046723 0.046723 0.046723 0.046723 0.046723 0.046723 0.046723 0.046723 0.046723 0.046722 0.046722 0.046722 0.046722 0.046722 0.046723 0.046723 0.046723 0.046723 0.046711 0.046717 0.046715 0.046713 0.046709 0.046705 0.046699 0.046692 0.046683 0.046672 0.046659 0.046643 0.046624 0.046601 0.046576 0.046546 0.046512 0.046474 0.046432 0.046384 0.046332 0.046275 0.046213 0.046145 0.046072 0.045994 0.045910 0.045820 0.045725 0.045623 0.045515 0.045401 0.045279 0.045151 0.045015 0.044870 0.044717 0.044554 0.044380 0.044194 0.043994 0.043778 0.043543 0.043286 0.043000 0.042680 0.042313 0.041882 0.041356 0.040671 0.039636 -9999.0 -9999.0
-9999.0 -9999.0 -9999.0 -9999.0 -9999.0 -9999.0 -9999.0 -9999.0 -9999.0 -9999.0 -9999.0 -9999.0 -9999.0 -9999.0 -9999.0 -9999.0 -9999.0 -9999.0 -9999.0 -9999.0 -9999.0 -9999.0 -9999.0 -9999.0 -9999.0 -9999.0 -9999.0 -9999.0 -9999.0 -9999.0 -9999.0 -9999.0 -9999.0 -9999.0 -9999.0 -9999.0 -9999.0 -9999.0 -9999.0 -9999.0 -9999.0 -9999.0 -9999.0 -9999.0 -9999.0 -9999.0 -9999.0 -9999.0 -9999.0 -9999.0 -9999.0 -9999.0 -9999.0 -9999.0 -9999.0 -9999.0 -9999.0 -9999.0 -9999.0 -9999.0 -9999.0 -9999.0 -9999.0 -9999.0 -9999.0 -9999.0 -9999.0 -9999.0 -9999.0 -9999.0 -9999.0 -9999.0 -9999.0 -9999.0 -9999.0 -9999.0 -9999.0 -9999.0 -9999.0 -9999.0 -9999.0 -9999.0 -9999.0 -9999.0 -9999.0 -9999.0 -9999.0 -9999.0 -9999.0 -9999.0 -9999.0 -9999.0 -9999.0 -9999.0 -9999.0 -9999.0 -9999.0 -9999.0 -9999.0 -9999.0 -9999.0 -9999.0 -9999.0 -9999.0
-9999.0 -9999.0 -9999.0 -9999.0 -9999.0 -9999.0 -9999.0 -9999.0 -9999.0 -9999.0 -9999.0 -9999.0 -9999.0 -9999.0 -9999.0 -9999.0 -9999.0 -9999.0 -9999.0 -9999.0 -9999.0 -9999.0 -9999.0 -9999.0 -9999.0 -9999.0 -9999.0 -9999.0 -9999.0 -9999.0 -9999.0 -9999.0 -9999.0 -9999.0 -9999.0 -9999.0 -9999.0 -9999.0 -9999.0 -9999.0 -9999.0 -9999.0 -9999.0 -9999.0 -9999.0 -9999.0 -9999.0 -9999.0 -9999.0 -9999.0 -9999.0 -9999.0 -9999.0 -9999.0 -9999.0 -9999.0 -9999.0 -9999.0 -9999.0 -9999.0 -9999.0 -9999.0 -9999.0 -9999.0 -9999.0 -9999.0 -9999.0 -9999.0 -9999.0 -9999.0 -9999.0 -9999.0 -9999.0 -9999.0 -9999.0 -9999.0 -9999.0 -9999.0 -9999.0 -9999.0 -9999.0 -9999.0 -9999.0 -9999.0 -9999.0 -9999.0 -9999.0 -9999.0 -9999.0 -9999.0 -9999.0 -9999.0 -9999.0 -9999.0 -9999.0 -9999.0 -9999.0 -9999.0 -9999.0 -9999.0 -9999.0 -9999.0 -9999.0 -9999.0