tests/3D/superslab/out/maps3D/thetaliqL0006N0006.asc
ncols         104
nrows         10
xllcorner     -2.000000
yllcorner     0.000000
cellsize      1.000000
NODATA_value  -9999.0
-9999.0 -9999.0 -9999.0 -9999.0 -9999.0 -9999.0 -9999.0 -9999.0 -9999.0 -9999.0 -9999.0 -9999.0 -9999.0 -9999.0 -9999.0 -9999.0 -9999.0 -9999.0 -9999.0 -9999.0 -9999.0 -9999.0 -9999.0 -9999.0 -9999.0 -9999.0 -9999.0 -9999.0 -9999.0 -9999.0 -9999.0 -9999.0 -9999.0 -9999.0 -9999.0 -9999.0 -9999.0 -9999.0 -9999.0 -9999.0 -9999.0 -9999.0 -9999.0 -9999.0 -9999.0 -9999.0 -9999.0 -9999.0 -9999.0 -9999.0 -9999.0 -9999.0 -9999.0 -9999.0 -9999.0 -9999.0 -9999.0 -9999.0 -9999.0 -9999.0 -9999.0 -9999.0 -9999.0 -9999.0 -9999.0 -9999.0 -9999.0 -9999.0 -9999.0 -9999.0 -9999.0 -9999.0 -9999.0 -9999.0 -9999.0 -9999.0 -9999.0 -9999.0 -9999.0 -9999.0 -9999.0 -9999.0 -9999.0 -9999.0 -9999.0 -9999.0 -9999.0 -9999.0 -9999.0 -9999.0 -9999.0 -9999.0 -9999.0 -9999.0 -9999.0 -9999.0 -9999.0 -9999.0 -9999.0 -9999.0 -9999.0 -9999.0 -9999.0 -9999.0
-9999.0 -9999.0 -9999.0 -9999.0 -9999.0 -9999.0 -9999.0 -9999.0 -9999.0 -9999.0 -9999.0 -9999.0 -9999.0 -9999.0 -9999.0 -9999.0 -9999.0 -9999.0 -9999.0 -9999.0 -9999.0 -9999.0 -9999.0 -9999.0 -9999.0 -9999.0 -9999.0 -9999.0 -9999.0 -9999.0 -9999.0 -9999.0 -9999.0 -9999.0 -9999.0 -9999.0 -9999.0 -9999.0 -9999.0 -9999.0 -9999.0 -9999.0 -9999.0 -9999.0 -9999.0 -9999.0 -9999.0 -9999.0 -9999.0 -9999.0 -9999.0 -9999.0 -9999.0 -9999.0 -9999.0 -9999.0 -9999.0 -9999.0 -9999.0 -9999.0 -9999.0 -9999.0 -9999.0 -9999.0 -9999.0 -9999.0 -9999.0 -9999.0 -9999.0 -9999.0 -9999.0 -9999.0 -9999.0 -9999.0 -9999.0 -9999.0 -9999.0 -9999.0 -9999.0 -9999.0 -9999.0 -9999.0 -9999.0 -9999.0 -9999.0 -9999.0 -9999.0 -9999.0 -9999.0 -9999.0 -9999.0 -9999.0 -9999.0 -9999.0 -9999.0 -9999.0 -9999.0 -9999.0 -9999.0 -9999.0 -9999.0 -9999.0 -9999.0 -9999.0
-9999.0 -9999.0 0.100000 0.093053 0.075652 0.064466 0.059446 0.057934 0.058480 0.060628 0.053469 0.051864 0.051253 0.098666 0.099450 0.099967 0.100000 0.100000 0.100000 0.100000 0.099765 0.092569 0.080072 0.069332 0.062357 0.058402 0.056309 0.055235 0.054688 0.054413 0.054279 0.054226 0.054226 0.054272 0.054372 0.054547 0.054834 0.055373 0.056625 0.056968 0.058192 0.072155 0.059399 0.059502 0.064177 0.067162 0.068596 0.068759 0.068776 0.068778 0.068778 0.068778 0.068778 0.068778 0.068777 0.068776 0.068768 0.068691 0.068007 0.066539 0.064073 0.066879 0.061433 0.057802 0.056245 0.055275 0.054726 0.054400 0.054205 0.054089 0.054019 0.053979 0.053955 0.053942 0.053934 0.053930 0.053928 0.053927 0.053927 0.053926 0.053925 0.053923 0.053921 0.053917 0.053910 0.053900 0.053883 0.053857 0.053816 0.053751 0.053650 0.053492 0.053248 0.052875 0.052314 0.051494 0.050339 0.048788 0.046831 0.044532 0.042001 0.039338 -9999.0 -9999.0
-9999.0 -9999.0 0.100000 0.093060 0.075654 0.064467 0.059447 0.057934 0.058480 0.060628 0.053469 0.051864 0.051253 0.098666 0.099450 0.099967 0.100000 0.100000 0.100000 0.100000 0.099765 0.092569 0.080072 0.069332 0.062357 0.058402 0.056309 0.055235 0.054688 0.054413 0.054279 0.054226 0.054226 0.054272 0.054372 0.054547 0.054834 0.055373 0.056625 0.056968 0.058192 0.072155 0.059399 0.059502 0.064177 0.067162 0.068596 0.068759 0.068776 0.068778 0.068778 0.068778 0.068778 0.068778 0.068777 0.068776 0.068768 0.068691 0.068007 0.066539 0.064073 0.066879 0.061433 0.057802 0.056245 0.055275 0.054726 0.054400 0.054205 0.054089 0.054019 0.053979 0.053955 0.053942 0.053934 0.053930 0.053928 0.053927 0.053927 0.053926 0.053925 0.053923 0.053921 0.053917 0.053910 0.053900 0.053883 0.053857 0.053816 0.053751 0.053650 0.053492 0.053248 0.052875 0.052314 0.051494 0.050339 0.048788 0.046831 0.044532 0.042001 0.039338 -9999.0 -9999.0
-9999.0 -9999.0 0.100000 0.093064 0.075656 0.064467 0.059447 0.057934 0.058480 0.060628 0.053469 0.051864 0.051253 0.098666 0.099450 0.099967 0.100000 0.100000 0.100000 0.100000 0.099765 0.092569 0.080072 0.069332 0.062357 0.058402 0.056309 0.055235 0.054688 0.054413 0.054279 0.054226 0.054226 0.054272 0.054372 0.054547 0.054834 0.055373 0.056625 0.056968 0.058192 0.072155 0.059399 0.059502 0.064177 0.067162 0.068596 0.068759 0.068776 0.068778 0.068778 0.068778 0.068778 0.068778 0.068777 0.068776 0.068768 0.068691 0.068007 0.066539 0.064073 0.066879 0.061433 0.057802 0.056245 0.055275 0.054726 0.054400 0.054205 0.054089 0.054019 0.053979 0.053955 0.053942 0.053934 0.053930 0.053928 0.053927 0.053927 0.053926 0.053925 0.053923 0.053921 0.053917 0.053910 0.053900 0.053883 0.053857 0.053816 0.053751 0.053650 0.053492 0.053248 0.052875 0.052314 0.051494 0.050339 0.048788 0.046831 0.044532 0.042001 0.039338 -9999.0 -9999.0
-9999.0 -9999.0 0.100000 0.093064 0.075656 0.064467 0.059447 0.057934 0.058480 0.060628 0.053469 0.051864 0.051253 0.098666 0.099450 0.099967 0.100000 0.100000 0.100000 0.100000 0.099765 0.092569 0.080072 0.069332 0.062357 0.058402 0.056309 0.055235 0.054688 0.054413 0.054279 0.054226 0.054226 0.054272 0.054372 0.054547 0.054834 0.055373 0.056625 0.056968 0.058192 0.072155 0.059399 0.059502 0.064177 0.067162 0.068596 0.068759 0.068776 0.068778 0.068778 0.068778 0.068778 0.068778 0.068777 0.068776 0.068768 0.068691 0.068007 0.066539 0.064073 0.066879 0.061433 0.057802 0.056245 0.055275 0.054726 0.054400 0.054205 0.054089 0.054019 0.053979 0.053955 0.053942 0.053934 0.053930 0.053928 0.053927 0.053927 0.053926 0.053925 0.053923 0.053921 0.053917 0.053910 0.053900 0.053883 0.053857 0.053816 0.053751 0.053650 0.053492 0.053248 0.052875 0.052314 0.051494 0.050339 0.048788 0.046831 0.044532 0.042001 0.039338 -9999.0 -9999.0
-9999.0 -9999.0 0.100000 0.093060 0.075654 0.064467 0.059447 0.057934 0.058480 0.060628 0.053469 0.051864 0.051253 0.098666 0.099450 0.099967 0.100000 0.100000 0.100000 0.100000 0.099765 0.092569 0.080072 0.069332 0.062357 0.058402 0.056309 0.055235 0.054688 0.054413 0.054279 0.054226 0.054226 0.054272 0.054372 0.054547 0.054834 0.055373 0.056625 0.056968 0.058192 0.072155 0.059399 0.059502 0.064177 0.067162 0.068596 0.068759 0.068776 0.068778 0.068778 0.068778 0.068778 0.068778 0.068777 0.068776 0.068768 0.068691 0.068007 0.066539 0.064073 0.066879 0.061433 0.057802 0.056245 0.055275 0.054726 0.054400 0.054205 0.054089 0.054019 0.053979 0.053955 0.053942 0.053934 0.053930 0.053928 0.053927 0.053927 0.053926 0.053925 0.053923 0.053921 0.053917 0.053910 0.053900 0.053883 0.053857 0.053816 0.053751 0.053650 0.053492 0.053248 0.052875 0.052314 0.051494 0.050339 0.048788 0.046831 0.044532 0.042001 0.039338 -9999.0 -9999.0
-9999.0 -9999.0 0.100000 0.093053 0.075652 0.064466 0.059446 0.057934 0.058480 0.060628 0.053469 0.051864 0.051253 0.098666 0.099450 0.099967 0.100000 0.100000 0.100000 0.100000 0.099765 0.092569 0.080072 0.069332 0.062357 0.058402 0.056309 0.055235 0.054688 0.054413 0.054279 0.054226 0.054226 0.054272 0.054372 0.054547 0.054834 0.055373 0.056625 0.056968 0.058192 0.072155 0.059399 0.059502 0.064177 0.067162 0.068596 0.068759 0.068776 0.068778 0.068778 0.068778 0.068778 0.068778 0.068777 0.068776 0.068768 0.068691 0.068007 0.066539 0.064073 0.066879 0.061433 0.057802 0.056245 0.055275 0.054726 0.054400 0.054205 0.054089 0.054019 0.053979 0.053955 0.053942 0.053934 0.053930 0.053928 0.053927 0.053927 0.053926 0.053925 0.053923 0.053921 0.053917 0.053910 0.053900 0.053883 0.053857 0.053816 0.053751 0.053650 0.053492 0.053248 0.052875 0.052314 0.051494 0.050339 0.048788 0.046831 0.044532 0.042001 0.039338 -9999.0 -9999.0
-9999.0 -9999.0 -9999.0 -9999.0 -9999.0 -9999.0 -9999.0 -9999.0 -9999.0 -9999.0 -9999.0 -9999.0 -9999.0 -9999.0 -9999.0 -9999.0 -9999.0 -9999.0 -9999.0 -9999.0 -9999.0 -9999.0 -9999.0 -9999.0 -9999.0 -9999.0 -9999.0 -9999.0 -9999.0 -9999.0 -9999.0 -9999.0 -9999.0 -9999.0 -9999.0 -9999.0 -9999.0 -9999.0 -9999.0 -9999.0 -9999.0 -9999.0 -9999.0 -9999.0 -9999.0 -9999.0 -9999.0 -9999.0 -9999.0 -9999.0 -9999.0 -9999.0 -9999.0 -9999.0 -9999.0 -9999.0 -9999.0 -9999.0 -9999.0 -9999.0 -9999.0 -9999.0 -9999.0 -9999.0 -9999.0 -9999.0 -9999.0 -9999.0 -9999.0 -9999.0 -9999.0 -9999.0 -9999.0 -9999.0 -9999.0 -9999.0 -9999.0 -9999.0 -9999.0 -9999.0 -9999.0 -9999.0 -9999.0 -9999.0 -9999.0 -9999.0 -9999.0 -9999.0 -9999.0 -9999.0 -9999.0 -9999.0 -9999.0 -9999.0 -9999.0 -9999.0 -9999.0 -9999.0 -9999.0 -9999.0 -9999.0 -9999.0 -9999.0 -9999.0
-9999.0 -9999.0 -9999.0 -9999.0 -9999.0 -9999.0 -9999.0 -9999.0 -9999.0 -9999.0 -9999.0 -9999.0 -9999.0 -9999.0 -9999.0 -9999.0 -9999.0 -9999.0 -9999.0 -9999.0 -9999.0 -9999.0 -9999.0 -9999.0 -9999.0 -9999.0 -9999.0 -9999.0 -9999.0 -9999.0 -9999.0 -9999.0 -9999.0 -9999.0 -9999.0 -9999.0 -9999.0 -9999.0 -9999.0 -9999.0 -9999.0 -9999.0 -9999.0 -9999.0 -9999.0 -9999.0 -9999.0 -9999.0 -9999.0 -9999.0 -9999.0 -9999.0 -9999.0 -9999.0 -9999.0 -9999.0 -9999.0 -9999.0 -9999.0 -9999.0 -9999.0 -9999.0 -9999.0 -9999.0 -9999.0 -9999.0 -9999.0 -9999.0 -9999.0 -9999.0 -9999.0 -9999.0 -9999.0 -9999.0 -9999.0 -9999.0 -9999.0 -9999.0 -9999.0 -9999.0 -9999.0 -9999.0 -9999.0 -9999.0 -9999.0 -9999.0 -9999.0 -9999.0 -9999.0 -9999.0 -9999.0 -9999.0 -9999.0 -9999.0 -9999.0 -9999.0 -9999.0 -9999.0 -9999.0 -9999.0 -9999.0 -9999.0 -9999.0 -9999.0