tests/3D/superslab/out/maps3D/thetaliqL0014N0004.asc
ncols         104
nrows         10
xllcorner     -2.000000
yllcorner     0.000000
cellsize      1.000000
NODATA_value  -9999.0
-9999.0 -9999.0 -9999.0 -9999.0 -9999.0 -9999.0 -9999.0 -9999.0 -9999.0 -9999.0 -9999.0 -9999.0 -9999.0 -9999.0 -9999.0 -9999.0 -9999.0 -9999.0 -9999.0 -9999.0 -9999.0 -9999.0 -9999.0 -9999.0 -9999.0 -9999.0 -9999.0 -9999.0 -9999.0 -9999.0 -9999.0 -9999.0 -9999.0 -9999.0 -9999.0 -9999.0 -9999.0 -9999.0 -9999.0 -9999.0 -9999.0 -9999.0 -9999.0 -9999.0 -9999.0 -9999.0 -9999.0 -9999.0 -9999.0 -9999.0 -9999.0 -9999.0 -9999.0 -9999.0 -9999.0 -9999.0 -9999.0 -9999.0 -9999.0 -9999.0 -9999.0 -9999.0 -9999.0 -9999.0 -9999.0 -9999.0 -9999.0 -9999.0 -9999.0 -9999.0 -9999.0 -9999.0 -9999.0 -9999.0 -9999.0 -9999.0 -9999.0 -9999.0 -9999.0 -9999.0 -9999.0 -9999.0 -9999.0 -9999.0 -9999.0 -9999.0 -9999.0 -9999.0 -9999.0 -9999.0 -9999.0 -9999.0 -9999.0 -9999.0 -9999.0 -9999.0 -9999.0 -9999.0 -9999.0 -9999.0 -9999.0 -9999.0 -9999.0 -9999.0
-9999.0 -9999.0 -9999.0 -9999.0 -9999.0 -9999.0 -9999.0 -9999.0 -9999.0 -9999.0 -9999.0 -9999.0 -9999.0 -9999.0 -9999.0 -9999.0 -9999.0 -9999.0 -9999.0 -9999.0 -9999.0 -9999.0 -9999.0 -9999.0 -9999.0 -9999.0 -9999.0 -9999.0 -9999.0 -9999.0 -9999.0 -9999.0 -9999.0 -9999.0 -9999.0 -9999.0 -9999.0 -9999.0 -9999.0 -9999.0 -9999.0 -9999.0 -9999.0 -9999.0 -9999.0 -9999.0 -9999.0 -9999.0 -9999.0 -9999.0 -9999.0 -9999.0 -9999.0 -9999.0 -9999.0 -9999.0 -9999.0 -9999.0 -9999.0 -9999.0 -9999.0 -9999.0 -9999.0 -9999.0 -9999.0 -9999.0 -9999.0 -9999.0 -9999.0 -9999.0 -9999.0 -9999.0 -9999.0 -9999.0 -9999.0 -9999.0 -9999.0 -9999.0 -9999.0 -9999.0 -9999.0 -9999.0 -9999.0 -9999.0 -9999.0 -9999.0 -9999.0 -9999.0 -9999.0 -9999.0 -9999.0 -9999.0 -9999.0 -9999.0 -9999.0 -9999.0 -9999.0 -9999.0 -9999.0 -9999.0 -9999.0 -9999.0 -9999.0 -9999.0
-9999.0 -9999.0 0.100000 0.100000 0.100000 0.100000 0.100000 0.100000 0.100000 0.097041 0.077490 0.063327 0.056514 0.053532 0.052577 0.052981 0.053455 0.099640 0.099998 0.100000 0.100000 0.100000 0.100000 0.100000 0.100000 0.100000 0.100000 0.100000 0.093343 0.079848 0.068814 0.061872 0.058025 0.056078 0.055169 0.054866 0.054924 0.055276 0.055951 0.057775 0.069206 0.079376 0.037358 0.033785 0.033785 0.033785 0.033785 0.033785 0.033785 0.033785 0.033785 0.033785 0.033785 0.033785 0.033785 0.033785 0.033785 0.033785 0.033785 0.033785 0.033785 0.038174 0.084261 0.076921 0.071656 0.067028 0.063121 0.060049 0.057810 0.056297 0.055341 0.054764 0.054424 0.054226 0.054109 0.054039 0.053996 0.053969 0.053952 0.053943 0.053937 0.053930 0.053925 0.053920 0.053912 0.053900 0.053883 0.053855 0.053813 0.053746 0.053641 0.053478 0.053227 0.052844 0.052272 0.051438 0.050268 0.048702 0.046693 0.043992 0.039766 0.033695 -9999.0 -9999.0
-9999.0 -9999.0 0.100000 0.100000 0.100000 0.100000 0.100000 0.100000 0.100000 0.097041 0.077490 0.063327 0.056514 0.053532 0.052577 0.052981 0.053455 0.099640 0.099998 0.100000 0.100000 0.100000 0.100000 0.100000 0.100000 0.100000 0.100000 0.100000 0.093343 0.079848 0.068814 0.061872 0.058025 0.056078 0.055169 0.054866 0.054924 0.055276 0.055951 0.057775 0.069206 0.079376 0.037358 0.033785 0.033785 0.033785 0.033785 0.033785 0.033785 0.033785 0.033785 0.033785 0.033785 0.033785 0.033785 0.033785 0.033785 0.033785 0.033785 0.033785 0.033785 0.038174 0.084261 0.076921 0.071656 0.067028 0.063121 0.060049 0.057810 0.056297 0.055341 0.054764 0.054424 0.054226 0.054109 0.054039 0.053996 0.053969 0.053952 0.053943 0.053937 0.053930 0.053925 0.053920 0.053912 0.053900 0.053883 0.053855 0.053813 0.053746 0.053641 0.053478 0.053227 0.052844 0.052272 0.051438 0.050268 0.048702 0.046693 0.043992 0.039766 0.033695 -9999.0 -9999.0
-9999.0 -9999.0 0.100000 0.100000 0.100000 0.100000 0.100000 0.100000 0.100000 0.097041 0.077490 0.063327 0.056514 0.053532 0.052577 0.052981 0.053455 0.099640 0.099998 0.100000 0.100000 0.100000 0.100000 0.100000 0.100000 0.100000 0.100000 0.100000 0.093343 0.079848 0.068814 0.061872 0.058025 0.056078 0.055169 0.054866 0.054924 0.055276 0.055951 0.057775 0.069206 0.079376 0.037358 0.033785 0.033785 0.033785 0.033785 0.033785 0.033785 0.033785 0.033785 0.033785 0.033785 0.033785 0.033785 0.033785 0.033785 0.033785 0.033785 0.033785 0.033785 0.038174 0.084261 0.076921 0.071656 0.067028 0.063121 0.060049 0.057810 0.056297 0.055341 0.054764 0.054424 0.054226 0.054109 0.054039 0.053996 0.053969 0.053952 0.053943 0.053937 0.053930 0.053925 0.053920 0.053912 0.053900 0.053883 0.053855 0.053813 0.053746 0.053641 0.053478 0.053227 0.052844 0.052272 0.051438 0.050268 0.048702 0.046693 0.043992 0.039766 0.033695 -9999.0 -9999.0
-9999.0 -9999.0 0.100000 0.100000 0.100000 0.100000 0.100000 0.100000 0.100000 0.097041 0.077490 0.063327 0.056514 0.053532 0.052577 0.052981 0.053455 0.099640 0.099998 0.100000 0.100000 0.100000 0.100000 0.100000 0.100000 0.100000 0.100000 0.100000 0.093343 0.079848 0.068814 0.061872 0.058025 0.056078 0.055169 0.054866 0.054924 0.055276 0.055951 0.057775 0.069206 0.079376 0.037358 0.033785 0.033785 0.033785 0.033785 0.033785 0.033785 0.033785 0.033785 0.033785 0.033785 0.033785 0.033785 0.033785 0.033785 0.033785 0.033785 0.033785 0.033785 0.038174 0.084261 0.076921 0.071656 0.067028 0.063121 0.060049 0.057810 0.056297 0.055341 0.054764 0.054424 0.054226 0.054109 0.054039 0.053996 0.053969 0.053952 0.053943 0.053937 0.053930 0.053925 0.053920 0.053912 0.053900 0.053883 0.053855 0.053813 0.053746 0.053641 0.053478 0.053227 0.052844 0.052272 0.051438 0.050268 0.048702 0.046693 0.043992 0.039766 0.033695 -9999.0 -9999.0
-9999.0 -9999.0 0.100000 0.100000 0.100000 0.100000 0.100000 0.100000 0.100000 0.097041 0.077490 0.063327 0.056514 0.053532 0.052577 0.052981 0.053455 0.099640 0.099998 0.100000 0.100000 0.100000 0.100000 0.100000 0.100000 0.100000 0.100000 0.100000 0.093343 0.079848 0.068814 0.061872 0.058025 0.056078 0.055169 0.054866 0.054924 0.055276 0.055951 0.057775 0.069206 0.079376 0.037358 0.033785 0.033785 0.033785 0.033785 0.033785 0.033785 0.033785 0.033785 0.033785 0.033785 0.033785 0.033785 0.033785 0.033785 0.033785 0.033785 0.033785 0.033785 0.038174 0.084261 0.076921 0.071656 0.067028 0.063121 0.060049 0.057810 0.056297 0.055341 0.054764 0.054424 0.054226 0.054109 0.054039 0.053996 0.053969 0.053952 0.053943 0.053937 0.053930 0.053925 0.053920 0.053912 0.053900 0.053883 0.053855 0.053813 0.053746 0.053641 0.053478 0.053227 0.052844 0.052272 0.051438 0.050268 0.048702 0.046693 0.043992 0.039766 0.033695 -9999.0 -9999.0
-9999.0 -9999.0 0.100000 0.100000 0.100000 0.100000 0.100000 0.100000 0.100000 0.097041 0.077490 0.063327 0.056514 0.053532 0.052577 0.052981 0.053455 0.099640 0.099998 0.100000 0.100000 0.100000 0.100000 0.100000 0.100000 0.100000 0.100000 0.100000 0.093343 0.079848 0.068814 0.061872 0.058025 0.056078 0.055169 0.054866 0.054924 0.055276 0.055951 0.057775 0.069206 0.079376 0.037358 0.033785 0.033785 0.033785 0.033785 0.033785 0.033785 0.033785 0.033785 0.033785 0.033785 0.033785 0.033785 0.033785 0.033785 0.033785 0.033785 0.033785 0.033785 0.038174 0.084261 0.076921 0.071656 0.067028 0.063121 0.060049 0.057810 0.056297 0.055341 0.054764 0.054424 0.054226 0.054109 0.054039 0.053996 0.053969 0.053952 0.053943 0.053937 0.053930 0.053925 0.053920 0.053912 0.053900 0.053883 0.053855 0.053813 0.053746 0.053641 0.053478 0.053227 0.052844 0.052272 0.051438 0.050268 0.048702 0.046693 0.043992 0.039766 0.033695 -9999.0 -9999.0
-9999.0 -9999.0 -9999.0 -9999.0 -9999.0 -9999.0 -9999.0 -9999.0 -9999.0 -9999.0 -9999.0 -9999.0 -9999.0 -9999.0 -9999.0 -9999.0 -9999.0 -9999.0 -9999.0 -9999.0 -9999.0 -9999.0 -9999.0 -9999.0 -9999.0 -9999.0 -9999.0 -9999.0 -9999.0 -9999.0 -9999.0 -9999.0 -9999.0 -9999.0 -9999.0 -9999.0 -9999.0 -9999.0 -9999.0 -9999.0 -9999.0 -9999.0 -9999.0 -9999.0 -9999.0 -9999.0 -9999.0 -9999.0 -9999.0 -9999.0 -9999.0 -9999.0 -9999.0 -9999.0 -9999.0 -9999.0 -9999.0 -9999.0 -9999.0 -9999.0 -9999.0 -9999.0 -9999.0 -9999.0 -9999.0 -9999.0 -9999.0 -9999.0 -9999.0 -9999.0 -9999.0 -9999.0 -9999.0 -9999.0 -9999.0 -9999.0 -9999.0 -9999.0 -9999.0 -9999.0 -9999.0 -9999.0 -9999.0 -9999.0 -9999.0 -9999.0 -9999.0 -9999.0 -9999.0 -9999.0 -9999.0 -9999.0 -9999.0 -9999.0 -9999.0 -9999.0 -9999.0 -9999.0 -9999.0 -9999.0 -9999.0 -9999.0 -9999.0 -9999.0
-9999.0 -9999.0 -9999.0 -9999.0 -9999.0 -9999.0 -9999.0 -9999.0 -9999.0 -9999.0 -9999.0 -9999.0 -9999.0 -9999.0 -9999.0 -9999.0 -9999.0 -9999.0 -9999.0 -9999.0 -9999.0 -9999.0 -9999.0 -9999.0 -9999.0 -9999.0 -9999.0 -9999.0 -9999.0 -9999.0 -9999.0 -9999.0 -9999.0 -9999.0 -9999.0 -9999.0 -9999.0 -9999.0 -9999.0 -9999.0 -9999.0 -9999.0 -9999.0 -9999.0 -9999.0 -9999.0 -9999.0 -9999.0 -9999.0 -9999.0 -9999.0 -9999.0 -9999.0 -9999.0 -9999.0 -9999.0 -9999.0 -9999.0 -9999.0 -9999.0 -9999.0 -9999.0 -9999.0 -9999.0 -9999.0 -9999.0 -9999.0 -9999.0 -9999.0 -9999.0 -9999.0 -9999.0 -9999.0 -9999.0 -9999.0 -9999.0 -9999.0 -9999.0 -9999.0 -9999.0 -9999.0 -9999.0 -9999.0 -9999.0 -9999.0 -9999.0 -9999.0 -9999.0 -9999.0 -9999.0 -9999.0 -9999.0 -9999.0 -9999.0 -9999.0 -9999.0 -9999.0 -9999.0 -9999.0 -9999.0 -9999.0 -9999.0 -9999.0 -9999.0