tests/3D/WG1_2.0_001/output-maps-SE27XX-old/SWEN0010.asc
ncols         17
nrows         27
xllcorner     624603.750000
yllcorner     5171346.250000
cellsize      500.000000
NODATA_value  -9999.0
-9999.0 -9999.0 -9999.0 -9999.0 -9999.0 -9999.0 -9999.0 -9999.0 -9999.0 -9999.0 -9999.0 -9999.0 -9999.0 -9999.0 -9999.0 -9999.0 -9999.0
-9999.0 -9999.0 -9999.0 -9999.0 -9999.0 -9999.0 -9999.0 -9999.0 -9999.0 -9999.0 -9999.0 13.696487 20016.572327 20017.299800 -9999.0 -9999.0 -9999.0
-9999.0 -9999.0 -9999.0 -9999.0 -9999.0 -9999.0 -9999.0 -9999.0 -9999.0 8.602570 9.189124 11.262421 20016.345234 20017.409332 20018.216290 -9999.0 -9999.0
-9999.0 -9999.0 -9999.0 -9999.0 -9999.0 -9999.0 -9999.0 -9999.0 8.137588 8.288639 8.323536 8.493814 12.701535 20017.130911 20018.113008 -9999.0 -9999.0
-9999.0 -9999.0 -9999.0 -9999.0 -9999.0 -9999.0 -9999.0 -9999.0 8.013199 8.084339 8.200559 8.350400 20015.939080 20017.031471 20018.061791 -9999.0 -9999.0
-9999.0 -9999.0 -9999.0 -9999.0 -9999.0 -9999.0 -9999.0 7.832951 7.933060 8.019409 8.078853 8.237082 8.504988 20017.033405 20018.087739 -9999.0 -9999.0
-9999.0 -9999.0 -9999.0 -9999.0 -9999.0 -9999.0 7.693726 7.739536 7.746384 7.846619 8.131634 8.158693 8.412565 10.676554 13.900442 -9999.0 -9999.0
-9999.0 -9999.0 -9999.0 -9999.0 -9999.0 -9999.0 7.621425 7.633994 7.659262 7.900969 7.857688 8.024242 8.102872 8.601564 12.568580 -9999.0 -9999.0
-9999.0 -9999.0 -9999.0 -9999.0 -9999.0 -9999.0 7.598734 7.599114 7.549827 7.691178 7.724635 7.845562 7.942543 8.427281 9.247717 -9999.0 -9999.0
-9999.0 -9999.0 -9999.0 -9999.0 -9999.0 -9999.0 -9999.0 7.383832 7.476072 7.471872 7.475116 7.693327 7.887781 8.178054 8.563258 -9999.0 -9999.0
-9999.0 -9999.0 -9999.0 -9999.0 -9999.0 -9999.0 7.373665 7.387886 7.363981 7.289132 7.298129 7.516277 7.800323 8.057546 8.480556 8.746252 -9999.0
-9999.0 -9999.0 -9999.0 -9999.0 -9999.0 7.239499 7.253526 7.163778 7.038892 7.002547 7.039892 7.263167 7.553132 7.835643 8.317948 8.579444 -9999.0
-9999.0 -9999.0 -9999.0 7.039183 7.130087 7.073425 7.014489 6.793980 6.590827 6.614842 6.559481 6.943186 7.291670 7.705188 8.077669 8.401372 -9999.0
-9999.0 -9999.0 -9999.0 6.906719 6.900167 6.804064 6.625450 6.365139 6.190257 5.788982 5.824084 6.546950 6.921858 7.435776 20012.833529 8.225516 -9999.0
-9999.0 -9999.0 6.706681 6.728678 6.565600 6.479110 6.240177 5.864676 5.342826 5.197753 5.715285 6.635748 6.851302 7.333601 7.811842 8.545078 -9999.0
-9999.0 6.470627 6.454717 6.293433 6.109052 5.863033 5.406525 4.873948 4.528694 5.038504 6.015795 6.686074 7.112701 7.434406 7.671713 -9999.0 -9999.0
-9999.0 6.034172 5.935748 5.579459 5.048490 4.439846 3.662120 3.245730 3.761289 4.931100 6.214756 6.867466 7.237405 7.517803 20011.466721 20012.063736 -9999.0
-9999.0 5.513915 5.122344 4.204605 3.065243 2.557799 2.118276 2.342340 3.231135 5.163872 6.275604 6.942623 7.320755 7.575275 7.723764 -9999.0 -9999.0
-9999.0 4.346579 3.867140 2.418226 1.521771 1.425428 1.814214 2.564925 3.756791 5.528166 6.514717 7.033618 7.370694 7.499568 -9999.0 -9999.0 -9999.0
-9999.0 -9999.0 1.864551 0.000000 1.470110 2.344271 3.091621 3.860712 4.983512 6.031378 6.536535 7.217393 7.449424 7.594383 -9999.0 -9999.0 -9999.0
-9999.0 -9999.0 0.000000 1.415782 2.822022 4.450847 5.072710 5.667611 6.020546 6.417843 6.705954 7.158804 7.437840 -9999.0 -9999.0 -9999.0 -9999.0
-9999.0 -9999.0 -9999.0 -9999.0 4.843876 5.904046 6.275300 6.309905 6.496719 6.703857 6.839395 7.213107 7.381628 -9999.0 -9999.0 -9999.0 -9999.0
-9999.0 -9999.0 -9999.0 -9999.0 -9999.0 6.484551 6.849398 6.924610 6.727346 6.880663 7.028201 7.224927 7.354063 7.474349 -9999.0 -9999.0 -9999.0
-9999.0 -9999.0 -9999.0 -9999.0 -9999.0 -9999.0 7.120697 7.164680 7.120810 7.151921 7.210548 7.369298 7.420285 7.535023 7.617059 -9999.0 -9999.0
-9999.0 -9999.0 -9999.0 -9999.0 -9999.0 -9999.0 -9999.0 7.289362 7.309455 7.284030 7.365695 7.440202 7.451274 7.476526 -9999.0 -9999.0 -9999.0
-9999.0 -9999.0 -9999.0 -9999.0 -9999.0 -9999.0 -9999.0 -9999.0 7.354473 7.381446 7.468568 7.466131 7.512567 7.578083 7.615717 -9999.0 -9999.0
-9999.0 -9999.0 -9999.0 -9999.0 -9999.0 -9999.0 -9999.0 -9999.0 -9999.0 -9999.0 -9999.0 -9999.0 -9999.0 -9999.0 -9999.0 -9999.0 -9999.0