tests/3D/WG1_2.0_001/output-maps-SE27XX-old/SWEN0013.asc
ncols         17
nrows         27
xllcorner     624603.750000
yllcorner     5171346.250000
cellsize      500.000000
NODATA_value  -9999.0
-9999.0 -9999.0 -9999.0 -9999.0 -9999.0 -9999.0 -9999.0 -9999.0 -9999.0 -9999.0 -9999.0 -9999.0 -9999.0 -9999.0 -9999.0 -9999.0 -9999.0
-9999.0 -9999.0 -9999.0 -9999.0 -9999.0 -9999.0 -9999.0 -9999.0 -9999.0 -9999.0 -9999.0 13.233664 20015.924773 20016.641919 -9999.0 -9999.0 -9999.0
-9999.0 -9999.0 -9999.0 -9999.0 -9999.0 -9999.0 -9999.0 -9999.0 -9999.0 7.833626 8.436567 9.894957 20015.601234 20016.774847 20017.520362 -9999.0 -9999.0
-9999.0 -9999.0 -9999.0 -9999.0 -9999.0 -9999.0 -9999.0 -9999.0 7.314315 7.529913 7.363784 7.672097 12.328803 20016.428712 20017.437423 -9999.0 -9999.0
-9999.0 -9999.0 -9999.0 -9999.0 -9999.0 -9999.0 -9999.0 -9999.0 7.153598 7.164402 7.303444 7.394886 20015.348883 20016.258959 20017.324697 -9999.0 -9999.0
-9999.0 -9999.0 -9999.0 -9999.0 -9999.0 -9999.0 -9999.0 6.963364 7.099745 7.005551 6.973997 7.173703 7.682743 20016.452221 20017.452328 -9999.0 -9999.0
-9999.0 -9999.0 -9999.0 -9999.0 -9999.0 -9999.0 6.999820 6.972048 6.704889 6.801372 7.226517 7.364506 7.702545 9.827610 13.418881 -9999.0 -9999.0
-9999.0 -9999.0 -9999.0 -9999.0 -9999.0 -9999.0 6.860032 6.893039 6.961141 6.934224 6.691752 7.192199 6.985406 7.642853 12.264425 -9999.0 -9999.0
-9999.0 -9999.0 -9999.0 -9999.0 -9999.0 -9999.0 7.051582 6.983439 6.734937 6.641789 6.533969 6.577343 6.771102 7.686268 8.555177 -9999.0 -9999.0
-9999.0 -9999.0 -9999.0 -9999.0 -9999.0 -9999.0 -9999.0 6.497992 6.657905 6.336379 6.227423 6.527895 7.022976 7.166198 7.647873 -9999.0 -9999.0
-9999.0 -9999.0 -9999.0 -9999.0 -9999.0 -9999.0 6.559447 6.461777 6.436098 6.177137 6.084394 6.351722 7.016766 7.115176 7.606849 7.976995 -9999.0
-9999.0 -9999.0 -9999.0 -9999.0 -9999.0 6.492587 6.382093 6.131180 5.870893 5.839404 5.716986 6.096047 6.621073 6.698698 7.621294 7.818346 -9999.0
-9999.0 -9999.0 -9999.0 6.256551 6.521368 6.151729 6.068976 5.604010 5.189527 5.211306 5.254029 5.665425 6.451652 6.988752 7.156339 7.628925 -9999.0
-9999.0 -9999.0 -9999.0 6.081835 5.975399 5.717935 5.544798 5.018631 4.694173 4.253574 4.300969 5.261276 5.465946 6.512694 20012.265907 7.424975 -9999.0
-9999.0 -9999.0 5.834450 5.874978 5.417481 5.682851 5.159533 4.338678 3.893405 3.658261 4.521326 5.705329 5.436054 6.205059 7.063782 7.944857 -9999.0
-9999.0 5.427099 5.346827 5.330456 5.293693 4.457098 3.784833 3.368203 3.016326 3.598264 4.882555 5.906064 6.289092 6.841122 7.082311 -9999.0 -9999.0
-9999.0 4.814672 4.775566 4.081878 3.390037 2.668396 1.575373 0.570540 2.393644 3.349869 4.852375 6.204243 6.617158 6.793533 20010.953945 20011.480823 -9999.0
-9999.0 4.045982 3.553885 2.402756 0.000000 0.000000 0.000000 0.000000 1.679694 3.815129 4.899766 5.849728 6.667448 6.964502 7.127830 -9999.0 -9999.0
-9999.0 2.641230 2.582374 0.000000 0.000000 0.000000 0.000000 0.556645 2.480623 4.563484 5.733657 6.044266 6.583608 6.686065 -9999.0 -9999.0 -9999.0
-9999.0 -9999.0 0.000000 0.000000 0.000000 0.153561 1.815341 2.562748 3.871331 4.786605 5.274711 6.567778 6.656005 6.986423 -9999.0 -9999.0 -9999.0
-9999.0 -9999.0 0.000000 0.000000 1.455745 3.392932 3.851799 4.657018 4.977960 5.175112 5.656365 6.083090 6.834249 -9999.0 -9999.0 -9999.0 -9999.0
-9999.0 -9999.0 -9999.0 -9999.0 3.859652 5.013086 5.527642 5.028650 5.479156 5.684778 5.736407 6.295913 6.616241 -9999.0 -9999.0 -9999.0 -9999.0
-9999.0 -9999.0 -9999.0 -9999.0 -9999.0 5.717008 6.178018 6.294580 5.619251 6.025970 6.051843 6.268496 6.441619 6.690201 -9999.0 -9999.0 -9999.0
-9999.0 -9999.0 -9999.0 -9999.0 -9999.0 -9999.0 6.539314 6.546084 6.475944 6.468684 6.420961 6.569156 6.689377 6.851207 6.983404 -9999.0 -9999.0
-9999.0 -9999.0 -9999.0 -9999.0 -9999.0 -9999.0 -9999.0 6.770478 6.644365 6.572528 6.680805 6.636547 6.728915 6.697131 -9999.0 -9999.0 -9999.0
-9999.0 -9999.0 -9999.0 -9999.0 -9999.0 -9999.0 -9999.0 -9999.0 6.694747 6.747077 6.811773 6.828956 6.893621 6.990965 6.977668 -9999.0 -9999.0
-9999.0 -9999.0 -9999.0 -9999.0 -9999.0 -9999.0 -9999.0 -9999.0 -9999.0 -9999.0 -9999.0 -9999.0 -9999.0 -9999.0 -9999.0 -9999.0 -9999.0