tests/3D/WG1_2.0_001/output-maps-SE27XX-old/TaN0009.asc
ncols         17
nrows         27
xllcorner     624603.750000
yllcorner     5171346.250000
cellsize      500.000000
NODATA_value  -9999.0
-9999.0 -9999.0 -9999.0 -9999.0 -9999.0 -9999.0 -9999.0 -9999.0 -9999.0 -9999.0 -9999.0 -9999.0 -9999.0 -9999.0 -9999.0 -9999.0 -9999.0
-9999.0 -9999.0 -9999.0 -9999.0 -9999.0 -9999.0 -9999.0 -9999.0 -9999.0 -9999.0 -9999.0 -7.900091 -8.551259 -9.220781 -9999.0 -9999.0 -9999.0
-9999.0 -9999.0 -9999.0 -9999.0 -9999.0 -9999.0 -9999.0 -9999.0 -9999.0 -6.972253 -7.113518 -7.506929 -8.234775 -8.976921 -9.492087 -9999.0 -9999.0
-9999.0 -9999.0 -9999.0 -9999.0 -9999.0 -9999.0 -9999.0 -9999.0 -6.631313 -6.556414 -6.563440 -6.867368 -7.636140 -8.585748 -9.119935 -9999.0 -9999.0
-9999.0 -9999.0 -9999.0 -9999.0 -9999.0 -9999.0 -9999.0 -9999.0 -6.120452 -5.923179 -5.868028 -6.288878 -7.135287 -8.044735 -8.541802 -9999.0 -9999.0
-9999.0 -9999.0 -9999.0 -9999.0 -9999.0 -9999.0 -9999.0 -6.077805 -5.599309 -5.222724 -5.262971 -5.880504 -6.808723 -7.654415 -8.077450 -9999.0 -9999.0
-9999.0 -9999.0 -9999.0 -9999.0 -9999.0 -9999.0 -6.556281 -6.067657 -5.354889 -4.742914 -4.827968 -5.551167 -6.523131 -7.321889 -7.711143 -9999.0 -9999.0
-9999.0 -9999.0 -9999.0 -9999.0 -9999.0 -9999.0 -6.507388 -6.048593 -5.133515 -4.422720 -4.350534 -5.013536 -5.995722 -6.888875 -7.338603 -9999.0 -9999.0
-9999.0 -9999.0 -9999.0 -9999.0 -9999.0 -9999.0 -6.426277 -5.950424 -5.096721 -4.247141 -3.927845 -4.410709 -5.395901 -6.419921 -6.969172 -9999.0 -9999.0
-9999.0 -9999.0 -9999.0 -9999.0 -9999.0 -9999.0 -9999.0 -5.719057 -4.946020 -4.047432 -3.547868 -3.885910 -4.878058 -5.998564 -6.655362 -9999.0 -9999.0
-9999.0 -9999.0 -9999.0 -9999.0 -9999.0 -9999.0 -5.672483 -5.321470 -4.669499 -3.786153 -3.264293 -3.553746 -4.559607 -5.696441 -6.431872 -6.766352 -9999.0
-9999.0 -9999.0 -9999.0 -9999.0 -9999.0 -5.517506 -5.215038 -4.773577 -4.027997 -3.250906 -2.832589 -3.175588 -4.219673 -5.397145 -6.267117 -6.635502 -9999.0
-9999.0 -9999.0 -9999.0 -5.575454 -5.431966 -5.057229 -4.592179 -3.916401 -3.168667 -2.498179 -2.245231 -2.709227 -3.828810 -5.124659 -6.161630 -6.640167 -9999.0
-9999.0 -9999.0 -9999.0 -5.135107 -4.938133 -4.416877 -3.726983 -2.955246 -2.217135 -1.711284 -1.700227 -2.338427 -3.552721 -4.956235 -6.169227 -6.752566 -9999.0
-9999.0 -9999.0 -4.562936 -4.375981 -4.049877 -3.476265 -2.776972 -2.017892 -1.405943 -1.210876 -1.577711 -2.450060 -3.703542 -5.094229 -6.190916 -6.838749 -9999.0
-9999.0 -4.080482 -3.846696 -3.475454 -2.917600 -2.365026 -1.737796 -1.133696 -0.832473 -1.122488 -1.948249 -3.062578 -4.294710 -5.522487 -6.504090 -9999.0 -9999.0
-9999.0 -3.270105 -2.910461 -2.256992 -1.606976 -1.090471 -0.608664 -0.300604 -0.419122 -1.202971 -2.415676 -3.719279 -4.913610 -6.000778 -6.715556 -7.233362 -9999.0
-9999.0 -2.111275 -1.682051 -0.957346 -0.327491 0.031403 0.258253 0.210236 -0.292419 -1.401281 -2.780801 -4.116202 -5.236410 -6.109444 -6.785848 -9999.0 -9999.0
-9999.0 -1.043937 -0.536475 0.144008 0.547089 0.596379 0.492236 0.152964 -0.491337 -1.596616 -2.898365 -4.141288 -5.156173 -5.856564 -9999.0 -9999.0 -9999.0
-9999.0 -9999.0 0.505601 0.776785 0.663723 0.260813 -0.137086 -0.582732 -1.087128 -1.958235 -3.070782 -4.202574 -5.033573 -5.459889 -9999.0 -9999.0 -9999.0
-9999.0 -9999.0 1.209702 0.648425 -0.049213 -0.829689 -1.343898 -1.677678 -1.824090 -2.282064 -3.133558 -4.183102 -4.882388 -9999.0 -9999.0 -9999.0 -9999.0
-9999.0 -9999.0 -9999.0 -9999.0 -1.142461 -2.107730 -2.679340 -2.836010 -2.647802 -2.700546 -3.235887 -4.150338 -4.868934 -9999.0 -9999.0 -9999.0 -9999.0
-9999.0 -9999.0 -9999.0 -9999.0 -9999.0 -3.309271 -3.803619 -3.935523 -3.545193 -3.255095 -3.404354 -4.063363 -4.806838 -5.405522 -9999.0 -9999.0 -9999.0
-9999.0 -9999.0 -9999.0 -9999.0 -9999.0 -9999.0 -4.681957 -4.799162 -4.510267 -4.019362 -3.838539 -4.181071 -4.887453 -5.422049 -5.834396 -9999.0 -9999.0
-9999.0 -9999.0 -9999.0 -9999.0 -9999.0 -9999.0 -9999.0 -5.474447 -5.206870 -4.759387 -4.359419 -4.461154 -5.002844 -5.566739 -9999.0 -9999.0 -9999.0
-9999.0 -9999.0 -9999.0 -9999.0 -9999.0 -9999.0 -9999.0 -9999.0 -5.587289 -5.122123 -4.654872 -4.650943 -5.123890 -5.609296 -5.978575 -9999.0 -9999.0
-9999.0 -9999.0 -9999.0 -9999.0 -9999.0 -9999.0 -9999.0 -9999.0 -9999.0 -9999.0 -9999.0 -9999.0 -9999.0 -9999.0 -9999.0 -9999.0 -9999.0