tests/3D/WG1_2.0_001/output-maps-SE27XX-old/thetaliqL0002N0009.asc
ncols         17
nrows         27
xllcorner     624603.750000
yllcorner     5171346.250000
cellsize      500.000000
NODATA_value  -9999.0
-9999.0 -9999.0 -9999.0 -9999.0 -9999.0 -9999.0 -9999.0 -9999.0 -9999.0 -9999.0 -9999.0 -9999.0 -9999.0 -9999.0 -9999.0 -9999.0 -9999.0
-9999.0 -9999.0 -9999.0 -9999.0 -9999.0 -9999.0 -9999.0 -9999.0 -9999.0 -9999.0 -9999.0 0.298879 0.304938 0.304853 -9999.0 -9999.0 -9999.0
-9999.0 -9999.0 -9999.0 -9999.0 -9999.0 -9999.0 -9999.0 -9999.0 -9999.0 0.311730 0.302684 0.299796 0.305525 0.304823 0.304597 -9999.0 -9999.0
-9999.0 -9999.0 -9999.0 -9999.0 -9999.0 -9999.0 -9999.0 -9999.0 0.318935 0.319697 0.320588 0.316068 0.300745 0.305555 0.304893 -9999.0 -9999.0
-9999.0 -9999.0 -9999.0 -9999.0 -9999.0 -9999.0 -9999.0 -9999.0 0.311777 0.315803 0.318489 0.317029 0.305960 0.305363 0.304889 -9999.0 -9999.0
-9999.0 -9999.0 -9999.0 -9999.0 -9999.0 -9999.0 -9999.0 0.311539 0.313819 0.317298 0.319301 0.317589 0.321425 0.304834 0.304383 -9999.0 -9999.0
-9999.0 -9999.0 -9999.0 -9999.0 -9999.0 -9999.0 0.301091 0.307532 0.316254 0.318427 0.319185 0.318625 0.322017 0.301815 0.300699 -9999.0 -9999.0
-9999.0 -9999.0 -9999.0 -9999.0 -9999.0 -9999.0 0.302944 0.306332 0.315538 0.317887 0.318582 0.319708 0.316979 0.317354 0.299517 -9999.0 -9999.0
-9999.0 -9999.0 -9999.0 -9999.0 -9999.0 -9999.0 0.297760 0.305195 0.315628 0.317684 0.317980 0.318934 0.319845 0.322246 0.309081 -9999.0 -9999.0
-9999.0 -9999.0 -9999.0 -9999.0 -9999.0 -9999.0 -9999.0 0.309135 0.315517 0.317495 0.317936 0.318834 0.320329 0.319411 0.321228 -9999.0 -9999.0
-9999.0 -9999.0 -9999.0 -9999.0 -9999.0 -9999.0 0.308331 0.310309 0.315691 0.317494 0.317867 0.318456 0.320365 0.317221 0.320509 0.313866 -9999.0
-9999.0 -9999.0 -9999.0 -9999.0 -9999.0 0.305503 0.309746 0.314865 0.316998 0.317581 0.317497 0.318467 0.320138 0.317433 0.313055 0.319986 -9999.0
-9999.0 -9999.0 -9999.0 0.303230 0.304032 0.309790 0.313092 0.316572 0.317270 0.317346 0.318147 0.318342 0.320513 0.317424 0.314204 0.319760 -9999.0
-9999.0 -9999.0 -9999.0 0.305804 0.311060 0.313773 0.316592 0.317216 0.317480 0.318229 0.318793 0.318893 0.319030 0.319993 0.305728 0.319057 -9999.0
-9999.0 -9999.0 0.308964 0.310593 0.314220 0.316473 0.317356 0.317508 0.318801 0.318947 0.319619 0.319517 0.318889 0.318292 0.311934 0.308810 -9999.0
-9999.0 0.311925 0.313148 0.315050 0.317303 0.317310 0.318043 0.319376 0.320088 0.319397 0.319217 0.319638 0.319300 0.312377 0.305238 -9999.0 -9999.0
-9999.0 0.314230 0.315670 0.317215 0.318593 0.319939 0.321663 0.322475 0.322143 0.319838 0.318454 0.318912 0.315492 0.307824 0.304686 0.304238 -9999.0
-9999.0 0.315845 0.317470 0.319905 0.322534 0.323340 0.324330 0.324185 0.323585 0.320234 0.318076 0.317078 0.310822 0.303332 0.298501 -9999.0 -9999.0
-9999.0 0.318393 0.321209 0.323373 0.324908 0.325604 0.325947 0.324441 0.322874 0.320002 0.318365 0.316422 0.311137 0.305230 -9999.0 -9999.0 -9999.0
-9999.0 -9999.0 0.324355 0.325831 0.326343 0.324802 0.323981 0.322377 0.319742 0.317260 0.316384 0.315144 0.311171 0.307596 -9999.0 -9999.0 -9999.0
-9999.0 -9999.0 0.328726 0.325403 0.324525 0.321660 0.319890 0.318467 0.316893 0.315458 0.315918 0.314356 0.310952 -9999.0 -9999.0 -9999.0 -9999.0
-9999.0 -9999.0 -9999.0 -9999.0 0.321201 0.318832 0.317181 0.315989 0.315688 0.314911 0.314814 0.314508 0.312613 -9999.0 -9999.0 -9999.0 -9999.0
-9999.0 -9999.0 -9999.0 -9999.0 -9999.0 0.316791 0.314151 0.314202 0.314814 0.314716 0.314191 0.314183 0.311609 0.306611 -9999.0 -9999.0 -9999.0
-9999.0 -9999.0 -9999.0 -9999.0 -9999.0 -9999.0 0.308227 0.307368 0.309824 0.313499 0.313856 0.313481 0.311249 0.305346 0.302861 -9999.0 -9999.0
-9999.0 -9999.0 -9999.0 -9999.0 -9999.0 -9999.0 -9999.0 0.300105 0.305832 0.308579 0.311335 0.312466 0.309260 0.303930 -9999.0 -9999.0 -9999.0
-9999.0 -9999.0 -9999.0 -9999.0 -9999.0 -9999.0 -9999.0 -9999.0 0.299328 0.304480 0.309775 0.310942 0.305847 0.301313 0.299689 -9999.0 -9999.0
-9999.0 -9999.0 -9999.0 -9999.0 -9999.0 -9999.0 -9999.0 -9999.0 -9999.0 -9999.0 -9999.0 -9999.0 -9999.0 -9999.0 -9999.0 -9999.0 -9999.0