tests/3D/WG1_2.0_001/output-maps-SE27XX-old/thetaliqL0002N0007.asc
ncols         17
nrows         27
xllcorner     624603.750000
yllcorner     5171346.250000
cellsize      500.000000
NODATA_value  -9999.0
-9999.0 -9999.0 -9999.0 -9999.0 -9999.0 -9999.0 -9999.0 -9999.0 -9999.0 -9999.0 -9999.0 -9999.0 -9999.0 -9999.0 -9999.0 -9999.0 -9999.0
-9999.0 -9999.0 -9999.0 -9999.0 -9999.0 -9999.0 -9999.0 -9999.0 -9999.0 -9999.0 -9999.0 0.322107 0.303189 0.303108 -9999.0 -9999.0 -9999.0
-9999.0 -9999.0 -9999.0 -9999.0 -9999.0 -9999.0 -9999.0 -9999.0 -9999.0 0.329437 0.329207 0.325176 0.303749 0.303079 0.302864 -9999.0 -9999.0
-9999.0 -9999.0 -9999.0 -9999.0 -9999.0 -9999.0 -9999.0 -9999.0 0.329585 0.331266 0.332213 0.333640 0.325894 0.303778 0.303146 -9999.0 -9999.0
-9999.0 -9999.0 -9999.0 -9999.0 -9999.0 -9999.0 -9999.0 -9999.0 0.328702 0.330147 0.331942 0.333268 0.304164 0.303595 0.303142 -9999.0 -9999.0
-9999.0 -9999.0 -9999.0 -9999.0 -9999.0 -9999.0 -9999.0 0.326810 0.328606 0.329629 0.330992 0.332462 0.334679 0.303090 0.302659 -9999.0 -9999.0
-9999.0 -9999.0 -9999.0 -9999.0 -9999.0 -9999.0 0.325963 0.326756 0.327837 0.329498 0.330836 0.333183 0.335381 0.327769 0.325529 -9999.0 -9999.0
-9999.0 -9999.0 -9999.0 -9999.0 -9999.0 -9999.0 0.325089 0.326399 0.328792 0.328784 0.329899 0.332512 0.332823 0.333807 0.327906 -9999.0 -9999.0
-9999.0 -9999.0 -9999.0 -9999.0 -9999.0 -9999.0 0.325025 0.326057 0.327790 0.328185 0.328928 0.330408 0.331955 0.334478 0.334373 -9999.0 -9999.0
-9999.0 -9999.0 -9999.0 -9999.0 -9999.0 -9999.0 -9999.0 0.325126 0.327136 0.327585 0.328189 0.329731 0.332424 0.332310 0.333924 -9999.0 -9999.0
-9999.0 -9999.0 -9999.0 -9999.0 -9999.0 -9999.0 0.323017 0.324228 0.326167 0.327129 0.327561 0.328811 0.331793 0.331600 0.332318 0.333349 -9999.0
-9999.0 -9999.0 -9999.0 -9999.0 -9999.0 0.321877 0.322894 0.324525 0.326030 0.326565 0.326545 0.328099 0.330687 0.330189 0.331739 0.332634 -9999.0
-9999.0 -9999.0 -9999.0 0.320045 0.321156 0.321496 0.323421 0.325093 0.325614 0.325436 0.325831 0.327211 0.330407 0.330998 0.329786 0.331534 -9999.0
-9999.0 -9999.0 -9999.0 0.320403 0.321374 0.322616 0.324468 0.324904 0.324663 0.324070 0.324720 0.326729 0.328426 0.330004 0.303945 0.330132 -9999.0
-9999.0 -9999.0 0.320423 0.321392 0.322598 0.324329 0.324598 0.323912 0.323421 0.323048 0.324932 0.327328 0.328044 0.328190 0.328321 0.328441 -9999.0
-9999.0 0.320754 0.321283 0.322927 0.324516 0.323872 0.323467 0.322976 0.322344 0.322929 0.325414 0.327961 0.328349 0.328196 0.328508 -9999.0 -9999.0
-9999.0 0.321702 0.322706 0.323475 0.323469 0.323012 0.322263 0.321588 0.322032 0.323498 0.325629 0.327491 0.327112 0.325721 0.302949 0.302522 -9999.0
-9999.0 0.321999 0.322592 0.322770 0.321964 0.321066 0.320553 0.320886 0.322306 0.324491 0.325429 0.325422 0.325309 0.324938 0.325280 -9999.0 -9999.0
-9999.0 0.321615 0.322562 0.321078 0.319788 0.320070 0.321045 0.321296 0.322799 0.324651 0.325639 0.324697 0.323836 0.323489 -9999.0 -9999.0 -9999.0
-9999.0 -9999.0 0.320553 0.319723 0.320716 0.321197 0.322236 0.322583 0.322827 0.323276 0.323964 0.324237 0.322435 0.323254 -9999.0 -9999.0 -9999.0
-9999.0 -9999.0 0.320117 0.319792 0.322300 0.323684 0.323627 0.323278 0.322390 0.322194 0.323416 0.322771 0.323112 -9999.0 -9999.0 -9999.0 -9999.0
-9999.0 -9999.0 -9999.0 -9999.0 0.324101 0.324383 0.323970 0.322879 0.322513 0.321967 0.322416 0.322685 0.322482 -9999.0 -9999.0 -9999.0 -9999.0
-9999.0 -9999.0 -9999.0 -9999.0 -9999.0 0.323620 0.322534 0.322739 0.322350 0.322407 0.321827 0.322198 0.321833 0.321635 -9999.0 -9999.0 -9999.0
-9999.0 -9999.0 -9999.0 -9999.0 -9999.0 -9999.0 0.321112 0.320912 0.321531 0.322155 0.321835 0.321734 0.321736 0.321260 0.321293 -9999.0 -9999.0
-9999.0 -9999.0 -9999.0 -9999.0 -9999.0 -9999.0 -9999.0 0.319797 0.319944 0.320867 0.321177 0.320876 0.320812 0.320844 -9999.0 -9999.0 -9999.0
-9999.0 -9999.0 -9999.0 -9999.0 -9999.0 -9999.0 -9999.0 -9999.0 0.319233 0.320081 0.320603 0.321167 0.320821 0.320612 0.320777 -9999.0 -9999.0
-9999.0 -9999.0 -9999.0 -9999.0 -9999.0 -9999.0 -9999.0 -9999.0 -9999.0 -9999.0 -9999.0 -9999.0 -9999.0 -9999.0 -9999.0 -9999.0 -9999.0