tests/3D/WG1_2.0_001/output-maps-SE27XX-old/watertableN0003.asc
ncols         17
nrows         27
xllcorner     624603.750000
yllcorner     5171346.250000
cellsize      500.000000
NODATA_value  -9999.0
-9999.0 -9999.0 -9999.0 -9999.0 -9999.0 -9999.0 -9999.0 -9999.0 -9999.0 -9999.0 -9999.0 -9999.0 -9999.0 -9999.0 -9999.0 -9999.0 -9999.0
-9999.0 -9999.0 -9999.0 -9999.0 -9999.0 -9999.0 -9999.0 -9999.0 -9999.0 -9999.0 -9999.0 1999.661874 2000.848417 2002.366599 -9999.0 -9999.0 -9999.0
-9999.0 -9999.0 -9999.0 -9999.0 -9999.0 -9999.0 -9999.0 -9999.0 -9999.0 2000.989615 2000.855925 1999.852964 2000.721277 2000.998816 2002.276919 -9999.0 -9999.0
-9999.0 -9999.0 -9999.0 -9999.0 -9999.0 -9999.0 -9999.0 -9999.0 2001.818878 2000.420137 1999.694718 1998.842815 1999.447621 2001.499801 2001.801885 -9999.0 -9999.0
-9999.0 -9999.0 -9999.0 -9999.0 -9999.0 -9999.0 -9999.0 -9999.0 2000.829614 1999.883526 1998.745721 1998.681869 1999.431901 2000.665661 2000.816414 -9999.0 -9999.0
-9999.0 -9999.0 -9999.0 -9999.0 -9999.0 -9999.0 -9999.0 2001.510893 1999.184600 1998.591577 1998.309057 1999.163457 2000.157317 2000.956372 2000.641823 -9999.0 -9999.0
-9999.0 -9999.0 -9999.0 -9999.0 -9999.0 -9999.0 2001.629491 2000.702418 1999.796364 1998.057488 1998.649861 1999.969758 2001.196926 2001.441507 2000.909135 -9999.0 -9999.0
-9999.0 -9999.0 -9999.0 -9999.0 -9999.0 -9999.0 2001.573622 2001.521359 1999.161684 1998.214029 1998.199623 1999.474176 2000.502219 2001.357898 2001.061079 -9999.0 -9999.0
-9999.0 -9999.0 -9999.0 -9999.0 -9999.0 -9999.0 2001.378402 2001.474837 2000.377323 1998.885731 1998.051999 1998.719100 1999.791100 2001.205608 2001.205624 -9999.0 -9999.0
-9999.0 -9999.0 -9999.0 -9999.0 -9999.0 -9999.0 -9999.0 2002.819381 2000.739782 1999.303396 1997.863967 1998.082003 1999.295696 2000.960838 2001.420659 -9999.0 -9999.0
-9999.0 -9999.0 -9999.0 -9999.0 -9999.0 -9999.0 2002.329130 2001.305827 2001.696778 1999.887120 1998.488079 1998.499426 1999.808972 2001.131153 2000.993346 2000.957426 -9999.0
-9999.0 -9999.0 -9999.0 -9999.0 -9999.0 2002.179146 2000.904374 2001.731905 2000.723471 1999.718422 1998.606777 1998.641697 1999.878182 2000.826982 2001.273554 2000.537412 -9999.0
-9999.0 -9999.0 -9999.0 2001.658620 2002.004656 2000.807570 2001.293862 2000.540735 2000.071926 1999.149344 1998.280169 1998.335085 1999.382747 2000.470433 2001.271167 2000.943023 -9999.0
-9999.0 -9999.0 -9999.0 2001.473734 2001.990292 2001.317197 2000.510577 1999.926381 1999.201954 1998.241073 1997.527110 1997.589667 1998.594723 1999.763492 2001.674209 2001.633296 -9999.0
-9999.0 -9999.0 2002.497029 2000.800360 2001.344599 2000.811781 2000.420292 1999.580161 1998.532548 1997.756076 1997.686786 1997.978996 1998.727068 2000.043141 2000.471826 2002.176122 -9999.0
-9999.0 2002.864411 2000.993540 2001.346400 2000.454044 2000.621494 2000.174066 1999.216513 1998.272605 1998.378411 1999.119616 1999.660843 2000.035781 2000.609607 2002.998429 -9999.0 -9999.0
-9999.0 2001.886107 2001.561576 2000.249251 1999.683502 1999.650022 1999.085634 1998.311115 1997.805094 1998.766727 2000.064639 2001.066183 2001.232656 2002.146795 2000.971808 2001.329728 -9999.0
-9999.0 2000.998389 2000.656722 1999.439493 1998.587790 1998.525721 1997.949567 1997.636794 1997.856657 1999.427248 2000.892599 2001.734667 2001.914404 2001.644834 2002.173259 -9999.0 -9999.0
-9999.0 1998.840528 2000.222173 1998.379220 1997.462984 1997.567249 1997.471289 1997.740247 1998.052201 1999.193000 2000.041936 2000.576430 2001.036626 2002.323842 -9999.0 -9999.0 -9999.0
-9999.0 -9999.0 1999.913354 1997.352572 1997.424740 1998.367410 1998.708655 1999.151015 1998.895300 1999.595283 2000.329038 2001.098557 2001.247190 2000.130073 -9999.0 -9999.0 -9999.0
-9999.0 -9999.0 1997.131573 2000.036399 1998.994332 2000.279748 2000.249883 2000.417609 1999.133361 1998.917719 1999.508800 2001.016704 2001.538681 -9999.0 -9999.0 -9999.0 -9999.0
-9999.0 -9999.0 -9999.0 -9999.0 2000.373276 2001.291733 2001.666130 2001.120559 1999.308766 1998.597381 1999.018347 2000.710410 2002.123017 -9999.0 -9999.0 -9999.0 -9999.0
-9999.0 -9999.0 -9999.0 -9999.0 -9999.0 2001.888734 2001.637930 2002.055868 1999.663115 1998.531763 1998.223613 1999.352694 2000.039906 2001.550224 -9999.0 -9999.0 -9999.0
-9999.0 -9999.0 -9999.0 -9999.0 -9999.0 -9999.0 2002.117448 2001.655644 2001.271756 1999.366418 1998.610691 1998.816696 2000.409933 2000.033353 2001.131140 -9999.0 -9999.0
-9999.0 -9999.0 -9999.0 -9999.0 -9999.0 -9999.0 -9999.0 2002.685622 2001.384193 2000.917486 1999.370707 1999.218809 1999.975832 2001.848718 -9999.0 -9999.0 -9999.0
-9999.0 -9999.0 -9999.0 -9999.0 -9999.0 -9999.0 -9999.0 -9999.0 2002.450005 2001.074732 1999.668501 1999.387745 2000.379504 2000.518812 2001.020407 -9999.0 -9999.0
-9999.0 -9999.0 -9999.0 -9999.0 -9999.0 -9999.0 -9999.0 -9999.0 -9999.0 -9999.0 -9999.0 -9999.0 -9999.0 -9999.0 -9999.0 -9999.0 -9999.0