tests/3D/snow_dstr_SENSITIVITY/output-maps-SE27XX/netRadN0047R0001.asc
ncols         78
nrows         130
xllcorner     624800.000000
yllcorner     5171500.000000
cellsize      100.000000
NODATA_value  -9999.0
[rows 100 to 124 of 130, columns 0 to 54 of 78]
-9999.0 -9999.0 -9999.0 -9999.0 -9999.0 -9999.0 -9999.0 -9999.0 -9999.0 -9999.0 -9999.0 -9999.0 -537.834461 -393.154106 -484.165364 -443.962155 -386.081904 -360.354069 -320.097250 -287.551963 -359.150007 -281.563932 -297.457023 -295.719889 -303.383513 -308.438629 -317.649349 -357.447008 -377.072473 -394.404826 -380.940082 -362.123328 -363.124629 -320.557656 -259.124194 -274.600441 -368.800488 -352.945131 -373.509681 -393.395427 -332.745954 -443.286447 -462.193879 -466.557608 -466.597421 -470.945477 -465.500755 -480.185612 -457.850524 -392.615726 -402.315618 -384.357273 -366.036992 -371.520450 -370.551748
-9999.0 -9999.0 -9999.0 -9999.0 -9999.0 -9999.0 -9999.0 -9999.0 -9999.0 -9999.0 -9999.0 -9999.0 -9999.0 -377.624006 -512.836385 -435.060153 -345.485116 -325.630346 -330.324578 -287.014489 -293.938404 -344.084121 -297.349686 -286.322955 -349.367334 -300.507332 -338.781445 -353.603306 -371.622034 -385.374470 -406.155576 -367.433349 -336.775382 -332.828936 -267.302567 -290.874944 -373.355899 -364.484029 -367.927683 -412.683768 -430.544948 -450.071584 -468.749368 -462.320166 -466.673600 -459.916661 -461.844310 -481.975615 -449.107111 -399.991445 -396.850732 -377.812146 -365.336894 -28.305185 -14.000500
-9999.0 -9999.0 -9999.0 -9999.0 -9999.0 -9999.0 -9999.0 -9999.0 -9999.0 -9999.0 -9999.0 -9999.0 -9999.0 -9999.0 -438.931517 -407.687008 -323.334915 -281.878655 -274.432053 -291.780315 -294.557261 -267.528606 -365.821068 -354.195909 -344.890577 -328.553107 -314.973300 -361.769584 -373.534035 -361.170976 -418.944487 -358.468227 -358.063374 -378.926794 -287.742887 -292.977660 -352.265942 -367.396882 -305.360942 -401.968305 -424.369148 -423.122521 -460.823509 -467.718527 -466.451321 -459.707522 -460.032448 -475.867614 -461.089315 -422.322796 -425.502363 -430.700837 -60.562547 -394.615249 -392.266209
-9999.0 -9999.0 -9999.0 -9999.0 -9999.0 -9999.0 -9999.0 -9999.0 -9999.0 -9999.0 -9999.0 -9999.0 -9999.0 -9999.0 -9999.0 -383.590788 -282.131008 -309.504210 -315.132415 -316.469794 -342.428865 -340.395560 -324.918506 -348.706938 -343.967052 -294.369178 -311.143720 -352.568887 -356.819678 -361.977508 -376.090272 -379.142132 -391.492448 -381.370349 -286.770533 -277.633161 -287.914340 -327.267817 -329.443658 -389.131454 -425.007767 -405.083099 -421.675666 -461.274760 -462.074879 -456.449263 -453.255696 -462.735893 -445.178394 -444.693593 -456.732137 -471.646962 -58.610023 -58.329358 -71.961182
-9999.0 -9999.0 -9999.0 -9999.0 -9999.0 -9999.0 -9999.0 -9999.0 -9999.0 -9999.0 -9999.0 -9999.0 -9999.0 -9999.0 -9999.0 -137.889874 -281.150685 -303.431685 -278.813236 -319.813732 -352.731862 -348.953034 -334.298394 -363.420147 -347.220224 -288.782278 -322.807683 -371.080441 -114.933895 -376.925203 -394.970389 -396.742598 -403.422797 -387.286121 -304.744326 -296.895055 -286.348324 -330.774784 -339.292173 -404.464356 -440.955530 -415.017428 -430.054224 -485.474996 -476.090341 -470.950404 -449.468728 -460.085223 -438.326114 -437.437826 -453.298500 -80.947215 -424.094934 -61.600129 -51.840947
-9999.0 -9999.0 -9999.0 -9999.0 -9999.0 -9999.0 -9999.0 -9999.0 -9999.0 -9999.0 -9999.0 -9999.0 -9999.0 -9999.0 -9999.0 -9999.0 -145.611169 -155.462423 -295.227505 -304.532610 -345.068787 -338.446420 -302.363846 -351.385498 -345.883445 -278.349119 -323.796402 -367.719822 -130.609716 -375.923703 -393.884504 -400.213310 -412.424202 -344.971437 -357.160213 -363.259749 -293.705112 -302.744968 -335.903773 -401.541886 -424.137994 -415.572485 -438.449856 -449.077262 -445.297755 -481.525972 -465.100333 -464.121621 -434.762594 -434.704239 -445.551189 -457.836766 -426.200139 -66.568392 -49.277869
-9999.0 -9999.0 -9999.0 -9999.0 -9999.0 -9999.0 -9999.0 -9999.0 -9999.0 -9999.0 -9999.0 -9999.0 -9999.0 -9999.0 -9999.0 -9999.0 -9999.0 -9999.0 -9999.0 -298.689135 -302.265814 -279.876228 -300.860408 -306.617344 -289.493587 -273.681116 -146.476768 -163.671895 -138.889633 -353.943897 -357.623717 -381.532156 -391.393366 -359.687783 -344.704715 -361.035963 -315.055921 -299.565322 -340.722000 -363.585187 -381.943174 -368.224710 -392.055343 -392.058023 -407.748482 -448.740236 -472.920032 -469.803036 -438.270738 -433.623200 -446.101066 -447.135751 -446.452469 -69.968060 -440.562514
-9999.0 -9999.0 -9999.0 -9999.0 -9999.0 -9999.0 -9999.0 -9999.0 -9999.0 -9999.0 -9999.0 -9999.0 -9999.0 -9999.0 -9999.0 -9999.0 -9999.0 -9999.0 -9999.0 -9999.0 -9999.0 -270.928541 -283.969301 -310.287362 -265.398859 -269.603228 -137.378789 -94.833063 -74.545882 -67.631518 -371.457780 -387.818896 -405.920088 -375.724887 -342.576715 -351.058261 -337.863369 -139.665571 -89.992627 -108.797134 -389.011123 -377.818768 -380.289216 -398.665032 -419.461810 -454.306480 -489.810696 -484.326291 -443.081798 -435.470155 -443.936433 -446.435705 -434.045403 -74.217393 -92.200406
-9999.0 -9999.0 -9999.0 -9999.0 -9999.0 -9999.0 -9999.0 -9999.0 -9999.0 -9999.0 -9999.0 -9999.0 -9999.0 -9999.0 -9999.0 -9999.0 -9999.0 -9999.0 -9999.0 -9999.0 -9999.0 -263.403960 -214.902405 -203.215031 -275.608045 -255.860683 -188.300368 -283.188455 -136.993269 -118.817006 -361.070354 -42.262359 -49.499686 -50.060747 -116.863667 -352.365413 -354.139244 -184.547151 -179.416805 -139.343425 -88.929529 -363.378712 -342.968001 -386.918004 -413.695967 -450.845958 -463.734310 -450.247864 -444.759409 -451.168909 -441.870773 -446.363868 -71.762719 -97.102926 -93.046569
-9999.0 -9999.0 -9999.0 -9999.0 -9999.0 -9999.0 -9999.0 -9999.0 -9999.0 -9999.0 -9999.0 -9999.0 -9999.0 -9999.0 -9999.0 -9999.0 -9999.0 -9999.0 -9999.0 -9999.0 -9999.0 -9999.0 -9999.0 -9999.0 -9999.0 -9999.0 -9999.0 -275.396052 -155.724205 -159.684822 -118.523004 -111.408339 -113.603545 -349.296725 -343.434866 -322.385379 -333.122585 -209.076284 -288.990789 -119.972937 -385.384185 -364.510033 -347.493150 -365.799753 -380.511728 -430.058745 -451.362800 -438.725007 -451.413067 -407.628045 -407.820957 -422.387250 -146.700967 -434.784649 -96.646743
-9999.0 -9999.0 -9999.0 -9999.0 -9999.0 -9999.0 -9999.0 -9999.0 -9999.0 -9999.0 -9999.0 -9999.0 -9999.0 -9999.0 -9999.0 -9999.0 -9999.0 -9999.0 -9999.0 -9999.0 -9999.0 -9999.0 -9999.0 -9999.0 -9999.0 -9999.0 -9999.0 -214.509785 -156.027217 -177.527026 -156.915756 -151.549013 -164.678088 -101.475925 -109.385545 -330.195251 -332.433516 -196.564409 -296.125379 -365.151016 -417.739991 -386.896996 -369.441851 -373.484327 -394.003205 -452.136038 -469.861869 -443.966575 -443.734373 -402.191699 -405.208162 -426.344918 -412.911894 -86.928491 -111.575630
-9999.0 -9999.0 -9999.0 -9999.0 -9999.0 -9999.0 -9999.0 -9999.0 -9999.0 -9999.0 -9999.0 -9999.0 -9999.0 -9999.0 -9999.0 -9999.0 -9999.0 -9999.0 -9999.0 -9999.0 -9999.0 -9999.0 -9999.0 -9999.0 -9999.0 -9999.0 -9999.0 -9999.0 -213.942765 -199.575636 -168.161506 -121.736912 -139.899853 -138.015644 -155.519508 -156.925470 -330.582139 -189.150833 -334.822509 -386.895711 -417.822274 -394.148811 -376.619050 -359.434457 -363.405858 -397.236053 -424.165145 -416.405535 -395.786284 -383.461395 -398.208014 -426.291020 -414.313988 -84.155617 -407.088489
-9999.0 -9999.0 -9999.0 -9999.0 -9999.0 -9999.0 -9999.0 -9999.0 -9999.0 -9999.0 -9999.0 -9999.0 -9999.0 -9999.0 -9999.0 -9999.0 -9999.0 -9999.0 -9999.0 -9999.0 -9999.0 -9999.0 -9999.0 -9999.0 -9999.0 -9999.0 -9999.0 -9999.0 -9999.0 -221.638289 -169.397077 -173.682441 -182.830812 -184.285818 -196.184550 -192.016198 -195.094611 -200.064893 -169.188129 -387.318791 -156.455653 -375.289151 -351.692922 -169.037193 -356.673690 -376.481064 -396.599795 -390.646744 -395.086850 -376.480309 -379.839770 -414.388437 -406.727238 -419.350865 -418.850501
-9999.0 -9999.0 -9999.0 -9999.0 -9999.0 -9999.0 -9999.0 -9999.0 -9999.0 -9999.0 -9999.0 -9999.0 -9999.0 -9999.0 -9999.0 -9999.0 -9999.0 -9999.0 -9999.0 -9999.0 -9999.0 -9999.0 -9999.0 -9999.0 -9999.0 -9999.0 -9999.0 -9999.0 -9999.0 -205.894261 -208.373484 -205.809267 -170.067745 -169.692512 -187.012072 -187.672648 -196.553922 -192.778653 -158.620481 -162.248274 -149.744363 -160.013532 -173.700914 -160.263572 -151.113465 -379.566197 -405.267508 -397.245330 -394.565973 -387.272971 -375.138556 -404.382211 -410.269229 -429.053444 -417.594092
-9999.0 -9999.0 -9999.0 -9999.0 -9999.0 -9999.0 -9999.0 -9999.0 -9999.0 -9999.0 -9999.0 -9999.0 -9999.0 -9999.0 -9999.0 -9999.0 -9999.0 -9999.0 -9999.0 -9999.0 -9999.0 -9999.0 -9999.0 -9999.0 -9999.0 -9999.0 -9999.0 -9999.0 -9999.0 -9999.0 -208.077717 -216.818409 -232.614419 -176.339551 -191.393839 -189.188754 -176.918231 -151.566239 -143.332034 -181.656502 -156.884457 -161.856422 -180.542033 -177.020344 -174.547770 -365.619042 -375.003604 -380.060316 -396.367793 -393.032508 -376.366050 -378.175586 -396.311710 -393.593516 -387.465014
-9999.0 -9999.0 -9999.0 -9999.0 -9999.0 -9999.0 -9999.0 -9999.0 -9999.0 -9999.0 -9999.0 -9999.0 -9999.0 -9999.0 -9999.0 -9999.0 -9999.0 -9999.0 -9999.0 -9999.0 -9999.0 -9999.0 -9999.0 -9999.0 -9999.0 -9999.0 -9999.0 -9999.0 -9999.0 -9999.0 -9999.0 -188.372535 -201.991899 -214.263584 -193.587660 -195.672412 -197.763618 -189.176942 -186.719116 -184.126285 -182.972247 -153.982286 -163.985584 -165.902170 -184.142239 -377.072964 -368.862014 -378.964015 -401.976291 -389.387063 -388.570378 -373.262775 -367.731434 -377.245441 -372.420288
-9999.0 -9999.0 -9999.0 -9999.0 -9999.0 -9999.0 -9999.0 -9999.0 -9999.0 -9999.0 -9999.0 -9999.0 -9999.0 -9999.0 -9999.0 -9999.0 -9999.0 -9999.0 -9999.0 -9999.0 -9999.0 -9999.0 -9999.0 -9999.0 -9999.0 -9999.0 -9999.0 -9999.0 -9999.0 -9999.0 -9999.0 -194.324274 -197.303643 -199.790023 -167.094394 -194.939593 -218.173855 -156.663907 -191.524181 -141.457337 -139.922920 -158.721675 -165.557660 -145.241623 -122.745912 -150.992950 -387.432105 -390.279020 -414.727038 -397.747277 -393.069948 -380.037279 -367.705084 -370.745563 -372.105487
-9999.0 -9999.0 -9999.0 -9999.0 -9999.0 -9999.0 -9999.0 -9999.0 -9999.0 -9999.0 -9999.0 -9999.0 -9999.0 -9999.0 -9999.0 -9999.0 -9999.0 -9999.0 -9999.0 -9999.0 -9999.0 -9999.0 -9999.0 -9999.0 -9999.0 -9999.0 -9999.0 -9999.0 -9999.0 -9999.0 -9999.0 -241.933602 -224.291394 -204.353427 -235.121966 -208.177167 -235.356220 -216.266088 -212.558053 -187.452335 -183.588680 -203.475587 -204.208338 -174.800724 -150.820593 -90.534981 -144.900749 -152.454670 -407.427026 -409.254465 -400.694033 -398.456663 -407.564566 -407.880269 -408.335261
-9999.0 -9999.0 -9999.0 -9999.0 -9999.0 -9999.0 -9999.0 -9999.0 -9999.0 -9999.0 -9999.0 -9999.0 -9999.0 -9999.0 -9999.0 -9999.0 -9999.0 -9999.0 -9999.0 -9999.0 -9999.0 -9999.0 -9999.0 -9999.0 -9999.0 -9999.0 -9999.0 -9999.0 -9999.0 -9999.0 -9999.0 -9999.0 -9999.0 -267.018168 -301.944119 -282.958635 -297.773053 -275.327269 -246.988851 -186.878284 -206.085676 -238.278187 -211.733440 -164.526815 -182.644482 -110.548875 -155.182788 -153.471607 -403.010448 -396.626334 -401.525949 -409.248272 -405.361137 -407.741836 -399.726700
-9999.0 -9999.0 -9999.0 -9999.0 -9999.0 -9999.0 -9999.0 -9999.0 -9999.0 -9999.0 -9999.0 -9999.0 -9999.0 -9999.0 -9999.0 -9999.0 -9999.0 -9999.0 -9999.0 -9999.0 -9999.0 -9999.0 -9999.0 -9999.0 -9999.0 -9999.0 -9999.0 -9999.0 -9999.0 -9999.0 -9999.0 -9999.0 -9999.0 -9999.0 -9999.0 -9999.0 -9999.0 -9999.0 -243.342462 -205.110198 -226.019340 -224.792555 -184.831185 -146.805512 -189.981007 -158.263147 -151.227073 -151.497641 -141.919993 -154.044048 -140.861136 -139.605387 -412.798134 -410.042572 -410.112099
-9999.0 -9999.0 -9999.0 -9999.0 -9999.0 -9999.0 -9999.0 -9999.0 -9999.0 -9999.0 -9999.0 -9999.0 -9999.0 -9999.0 -9999.0 -9999.0 -9999.0 -9999.0 -9999.0 -9999.0 -9999.0 -9999.0 -9999.0 -9999.0 -9999.0 -9999.0 -9999.0 -9999.0 -9999.0 -9999.0 -9999.0 -9999.0 -9999.0 -9999.0 -9999.0 -9999.0 -9999.0 -9999.0 -9999.0 -244.239143 -246.212955 -241.782942 -168.855456 -125.859233 -168.974980 -148.389994 -157.681346 -156.770032 -161.610699 -176.957692 -182.911760 -155.870406 -150.771958 -424.323011 -416.272544
-9999.0 -9999.0 -9999.0 -9999.0 -9999.0 -9999.0 -9999.0 -9999.0 -9999.0 -9999.0 -9999.0 -9999.0 -9999.0 -9999.0 -9999.0 -9999.0 -9999.0 -9999.0 -9999.0 -9999.0 -9999.0 -9999.0 -9999.0 -9999.0 -9999.0 -9999.0 -9999.0 -9999.0 -9999.0 -9999.0 -9999.0 -9999.0 -9999.0 -9999.0 -9999.0 -9999.0 -9999.0 -9999.0 -9999.0 -9999.0 -9999.0 -240.912972 -178.504419 -125.938891 -174.364230 -175.969496 -153.705136 -154.808400 -170.955901 -176.003470 -176.602700 -172.231628 -174.890178 -401.036708 -161.623151
-9999.0 -9999.0 -9999.0 -9999.0 -9999.0 -9999.0 -9999.0 -9999.0 -9999.0 -9999.0 -9999.0 -9999.0 -9999.0 -9999.0 -9999.0 -9999.0 -9999.0 -9999.0 -9999.0 -9999.0 -9999.0 -9999.0 -9999.0 -9999.0 -9999.0 -9999.0 -9999.0 -9999.0 -9999.0 -9999.0 -9999.0 -9999.0 -9999.0 -9999.0 -9999.0 -9999.0 -9999.0 -9999.0 -9999.0 -9999.0 -9999.0 -251.978482 -159.561767 -167.808474 -169.721749 -156.732978 -168.562324 -177.585512 -366.816618 -358.461861 -359.900953 -397.842490 -392.964503 -166.358194 -165.187828
-9999.0 -9999.0 -9999.0 -9999.0 -9999.0 -9999.0 -9999.0 -9999.0 -9999.0 -9999.0 -9999.0 -9999.0 -9999.0 -9999.0 -9999.0 -9999.0 -9999.0 -9999.0 -9999.0 -9999.0 -9999.0 -9999.0 -9999.0 -9999.0 -9999.0 -9999.0 -9999.0 -9999.0 -9999.0 -9999.0 -9999.0 -9999.0 -9999.0 -9999.0 -9999.0 -9999.0 -9999.0 -9999.0 -9999.0 -9999.0 -328.869181 -228.197509 -173.037110 -175.437999 -197.258493 -186.652174 -183.310140 -192.941236 -178.854562 -361.633664 -372.182394 -401.449010 -160.929660 -169.718140 -173.542181
-9999.0 -9999.0 -9999.0 -9999.0 -9999.0 -9999.0 -9999.0 -9999.0 -9999.0 -9999.0 -9999.0 -9999.0 -9999.0 -9999.0 -9999.0 -9999.0 -9999.0 -9999.0 -9999.0 -9999.0 -9999.0 -9999.0 -9999.0 -9999.0 -9999.0 -9999.0 -9999.0 -9999.0 -9999.0 -9999.0 -9999.0 -9999.0 -9999.0 -9999.0 -9999.0 -9999.0 -9999.0 -9999.0 -9999.0 -9999.0 -9999.0 -273.132989 -235.158663 -216.655341 -197.986171 -178.377132 -173.805323 -160.449853 -172.016124 -190.666151 -194.404712 -181.724383 -180.256795 -194.256164 -202.664709
