tests/3D/snow_dstr_SENSITIVITY/output-maps-SE27XX/snowmeltedN0012.asc
ncols         78
nrows         130
xllcorner     624800.000000
yllcorner     5171500.000000
cellsize      100.000000
NODATA_value  -9999.0
[rows 56 to 83 of 130, columns 0 to 62 of 78]
-9999.0 -9999.0 -9999.0 -9999.0 -9999.0 -9999.0 -9999.0 -9999.0 -9999.0 -9999.0 -9999.0 -9999.0 -9999.0 -9999.0 -9999.0 -9999.0 -9999.0 -9999.0 -9999.0 -9999.0 0.710369 2.857993 16.428406 0.000000 0.796813 1.011273 1.034699 2.909607 14.818163 0.000000 4.395032 5.418377 4.699556 3.155169 1.600090 2.156915 5.337651 1.852972 1.848287 4.556654 4.415708 5.375869 3.137484 4.859899 3.699492 6.078497 4.467660 7.362791 3.071995 5.087059 11.039370 8.908615 0.213449 6.993406 6.540693 7.386259 7.065260 0.000000 0.000000 0.000000 0.000000 0.641057 2.669452
-9999.0 -9999.0 -9999.0 -9999.0 -9999.0 -9999.0 -9999.0 -9999.0 -9999.0 -9999.0 -9999.0 -9999.0 -9999.0 -9999.0 -9999.0 -9999.0 1.037073 15.658897 0.891307 14.984771 0.835604 2.346799 4.136795 3.779234 0.000000 2.157568 3.027307 1.116883 0.000000 0.000000 5.165717 1.474916 3.180059 4.539897 15.920124 5.467844 5.170642 4.945511 3.923994 5.179294 3.637422 5.416343 5.430842 0.531642 5.506257 8.148987 11.393120 5.811043 5.503097 3.809029 6.385636 2.370117 2.235939 6.932227 5.662431 2.218774 5.184617 3.184634 8.498265 3.510173 3.537364 2.821230 4.303781
-9999.0 -9999.0 -9999.0 -9999.0 -9999.0 -9999.0 -9999.0 -9999.0 -9999.0 -9999.0 -9999.0 -9999.0 -9999.0 -9999.0 -9999.0 0.000000 3.424580 3.156308 0.000000 0.000000 1.014360 3.959511 5.661872 2.625919 2.926347 4.558169 3.852283 0.000000 0.000000 15.680099 6.598457 7.611682 4.789426 4.898958 4.920834 4.896547 5.314610 5.363152 5.297152 3.248119 0.503548 4.111398 4.055991 0.367032 0.704721 5.858562 11.433504 5.987419 3.670571 10.532298 7.504385 2.006237 1.088106 0.000000 3.346145 0.586536 2.815785 0.331605 6.147157 5.943800 1.272806 3.996527 3.105286
-9999.0 -9999.0 -9999.0 -9999.0 -9999.0 -9999.0 -9999.0 -9999.0 -9999.0 -9999.0 -9999.0 -9999.0 -9999.0 -9999.0 -9999.0 1.346916 0.000000 0.000000 0.000000 0.000000 1.048758 3.375470 0.000000 0.000000 0.000000 2.653550 3.392925 3.247205 2.720867 4.180046 1.272957 4.862853 4.970457 4.711485 5.021807 4.698459 15.479763 4.124232 3.556112 3.261029 5.174398 4.364682 0.055147 5.605561 5.573383 5.600592 11.884632 5.696468 4.709602 6.990646 7.535171 0.547983 1.737068 0.000000 0.211507 6.816548 5.991343 0.698254 10.003840 5.379250 4.753142 3.660795 3.727161
-9999.0 -9999.0 -9999.0 -9999.0 -9999.0 -9999.0 -9999.0 -9999.0 -9999.0 -9999.0 -9999.0 -9999.0 -9999.0 -9999.0 0.000000 3.676826 0.000000 0.000000 3.319089 0.000000 2.288680 12.802343 5.071250 0.000000 0.000000 0.494563 1.505918 3.001260 3.071443 15.094293 0.000000 0.060256 4.757660 5.633288 5.306558 5.177743 4.994481 3.291824 0.890994 0.452426 5.992947 4.555722 6.805404 6.086629 6.226930 4.951195 5.912773 5.596383 4.158865 7.215787 0.126289 0.965519 0.983602 0.000000 2.164660 0.192821 5.899214 4.696690 0.715978 7.411799 10.245152 3.132503 3.188524
-9999.0 -9999.0 -9999.0 -9999.0 -9999.0 -9999.0 -9999.0 -9999.0 -9999.0 -9999.0 -9999.0 -9999.0 -9999.0 0.000000 0.000000 0.000000 0.000000 0.000000 0.000000 3.645594 0.000000 1.155656 4.221329 0.000000 0.000000 0.000000 3.260292 0.779357 4.789908 15.149402 12.852733 3.424660 3.165699 5.115168 4.100037 3.758561 3.190475 4.402918 3.594110 6.312843 2.990414 6.911297 7.095042 7.040010 1.900453 5.623741 5.031013 5.556668 3.991881 0.191416 0.770191 0.000000 1.280671 4.987695 0.000000 1.034722 0.670186 6.714462 8.932355 5.840053 13.021191 2.828267 4.683573
-9999.0 -9999.0 -9999.0 -9999.0 -9999.0 -9999.0 -9999.0 -9999.0 -9999.0 -9999.0 -9999.0 -9999.0 -9999.0 0.000000 0.000000 14.380974 14.776413 0.000000 0.000000 0.000000 3.954863 2.393015 15.019379 0.000000 3.585358 4.245703 4.524023 0.000000 0.950087 3.944195 3.653143 3.370795 3.717263 3.661405 3.471791 3.313659 5.769675 5.727017 5.998383 5.711157 11.614800 3.863755 6.677526 6.598856 9.440608 6.375157 7.951668 7.599304 7.378697 9.694310 0.040753 1.896025 0.879115 1.046158 0.000000 0.789597 1.560089 11.070305 0.000000 5.632500 3.982239 2.198225 3.230436
-9999.0 -9999.0 -9999.0 -9999.0 -9999.0 -9999.0 -9999.0 -9999.0 -9999.0 -9999.0 -9999.0 -9999.0 0.000000 0.000000 0.000000 0.000000 0.000000 4.568322 1.386469 4.394996 1.929482 2.586944 0.000000 3.265265 2.196764 1.082595 0.886966 4.569630 1.136519 4.655010 2.419252 4.628697 2.552410 3.794959 3.405818 6.903104 6.174452 5.882461 5.115447 8.794726 6.739986 8.310720 0.098782 0.345837 7.321788 5.753485 5.211025 4.029511 10.318414 7.280589 0.000000 1.770320 1.585162 1.229291 1.609097 1.251434 1.629960 0.000000 4.602563 8.360051 9.128855 9.099788 13.387516
-9999.0 -9999.0 -9999.0 -9999.0 -9999.0 -9999.0 -9999.0 -9999.0 -9999.0 -9999.0 0.000000 15.106902 0.000000 2.621480 3.646383 16.150540 5.063666 0.083471 5.276876 5.222724 2.336678 15.823236 5.176137 0.000000 0.000000 0.000000 15.481383 4.800278 2.953561 3.810443 2.266008 2.105540 3.252994 4.571994 4.997672 4.889460 11.920283 3.684525 0.534046 8.362740 6.701334 7.653780 9.994254 9.936811 10.042449 6.638427 7.088843 5.981461 5.607877 0.000000 0.404568 0.385842 4.984516 4.946150 4.784082 0.675364 0.000000 0.000000 3.248614 8.586168 0.000000 11.208502 4.147121
-9999.0 -9999.0 -9999.0 -9999.0 -9999.0 -9999.0 -9999.0 -9999.0 -9999.0 -9999.0 0.000000 0.000000 2.852898 0.000000 13.573005 0.000000 0.000000 2.092388 1.782385 2.900148 1.871361 0.000000 0.000000 0.000000 0.276252 4.645843 4.366090 15.672107 4.496165 4.569635 2.275143 4.326983 3.428795 4.585368 4.853856 4.663174 11.820227 6.346264 5.554652 6.869768 7.976963 7.456611 6.831404 7.633499 10.117012 7.543663 7.313172 7.176406 0.000000 1.977211 1.155286 0.000000 0.000000 4.939645 4.720566 0.612139 0.000000 0.000000 1.059483 13.242781 0.000000 0.000000 2.806820
-9999.0 -9999.0 -9999.0 -9999.0 -9999.0 -9999.0 -9999.0 -9999.0 -9999.0 -9999.0 0.000000 14.947021 3.773473 0.000000 1.163498 0.000000 0.000000 4.106630 0.008911 3.414356 0.000000 5.539914 1.768086 3.680250 4.992243 2.114009 2.317411 1.758193 4.273226 4.824863 4.669819 14.775682 10.261787 4.242665 6.382897 11.114006 6.263227 6.937840 6.903781 0.311930 9.699705 5.522891 10.110680 8.093161 8.182961 6.870588 7.869110 0.000000 4.736765 0.000000 0.000000 0.000000 4.931051 1.055837 0.908387 0.675899 1.064130 0.000000 0.671384 8.708836 8.846896 4.097093 3.168277
-9999.0 -9999.0 -9999.0 -9999.0 -9999.0 -9999.0 -9999.0 -9999.0 -9999.0 -9999.0 0.000000 0.000000 14.878411 0.000000 0.000000 3.109031 3.645646 2.828426 5.899280 3.194796 4.279261 3.799122 0.000000 4.212107 3.525893 2.674233 3.490504 3.278985 5.500430 2.904077 0.466741 4.255421 11.884430 10.721071 6.534660 6.043913 3.504095 6.747971 5.857299 5.699398 0.578141 1.170273 0.920435 7.521036 9.100877 8.251135 5.068099 4.991050 4.860299 0.000000 0.000000 5.063692 1.432681 1.336009 0.420575 0.000000 0.000000 0.289320 0.662633 0.000000 0.000000 6.831415 4.110626
-9999.0 -9999.0 -9999.0 -9999.0 -9999.0 -9999.0 -9999.0 -9999.0 -9999.0 -9999.0 1.412129 0.000000 14.966528 0.000000 0.000000 0.000000 4.005174 2.379142 2.249094 3.681701 3.667517 7.339498 4.426420 0.000000 12.856710 2.313506 4.286576 1.624716 4.909802 4.874759 5.086917 4.884666 2.903064 1.234519 6.129237 4.262577 5.835687 5.430298 5.242953 0.706745 1.216997 0.584131 9.647745 7.861564 8.994496 8.465781 5.079649 4.960352 4.843120 4.970019 1.906574 0.000000 1.601114 1.381740 1.444915 0.017583 0.002283 0.000000 0.856721 0.000000 0.000000 4.017997 0.000000
-9999.0 -9999.0 -9999.0 -9999.0 -9999.0 -9999.0 -9999.0 -9999.0 -9999.0 -9999.0 0.000000 2.970935 1.324637 4.197642 4.032830 4.627559 3.126396 11.923230 1.641813 5.098054 3.004397 11.646159 2.706565 1.217161 2.481187 13.079823 2.491338 1.029465 4.692694 5.011412 5.017532 2.604993 8.140171 5.945212 7.254753 6.642087 7.027845 6.461404 0.209355 9.250062 9.905296 9.905629 9.682997 7.800731 7.775525 4.984821 0.000000 0.654938 2.083079 5.628929 0.716324 1.296368 0.000000 0.000000 0.000000 0.856078 1.219273 0.633759 0.000000 0.000000 6.374262 1.650468 0.208994
-9999.0 -9999.0 -9999.0 -9999.0 -9999.0 -9999.0 -9999.0 -9999.0 -9999.0 -9999.0 0.000000 2.953459 4.881844 5.942473 4.817181 5.059310 4.220438 3.438736 12.468549 4.902470 3.427168 3.341844 5.111225 3.573124 3.932515 12.326541 12.905617 5.361482 5.725905 5.014872 4.534884 4.400112 3.102350 8.591417 6.603736 8.544517 0.257563 0.000000 9.171932 9.390093 9.881065 9.818472 0.092865 9.392751 9.752223 0.000000 0.366148 2.020050 1.620415 0.000000 0.000000 0.000000 1.046119 0.214278 1.077865 0.000000 0.716335 0.000000 6.707523 0.343655 0.191343 0.118836 0.000000
-9999.0 -9999.0 -9999.0 -9999.0 -9999.0 -9999.0 -9999.0 -9999.0 -9999.0 5.314984 15.580797 3.392901 0.000000 1.853432 2.926968 4.037082 4.139276 3.891970 0.591864 4.003106 3.354108 4.936451 4.964083 2.862172 4.511122 3.069014 15.108021 4.495395 4.922286 2.929295 4.786444 7.020121 4.674134 6.874416 8.225642 8.311475 0.775244 0.121521 9.488730 9.499025 0.362431 0.573074 9.699328 8.698159 8.854122 0.000000 0.000000 0.000000 0.000000 0.000000 0.584408 1.572845 0.583062 0.000000 1.416911 0.000000 6.949714 0.000000 0.000000 2.146348 0.000000 0.000000 3.921723
-9999.0 -9999.0 -9999.0 -9999.0 -9999.0 -9999.0 -9999.0 1.215505 2.693313 3.404702 2.477356 1.323324 2.721981 5.481854 3.764966 3.180125 6.162317 4.686445 2.035303 12.096111 1.717796 3.613420 6.575851 4.707308 5.248994 3.416869 1.593183 11.645294 3.785884 4.850397 5.218035 5.643379 4.452291 8.412728 6.425324 0.187452 0.678989 0.280566 0.000000 0.341922 9.450839 9.659141 8.934946 6.531301 5.692491 0.000000 0.000000 0.000000 1.054877 0.112597 0.000000 0.000000 1.413776 0.000000 0.000000 0.000000 0.459084 0.686156 6.471779 0.000000 0.000000 0.000000 0.073522
-9999.0 -9999.0 -9999.0 -9999.0 3.965550 3.386019 4.734820 0.000000 4.039158 4.390921 4.128601 6.802704 4.425863 14.675616 7.576765 11.274326 7.842059 5.281909 2.889049 2.831277 4.586078 11.860150 5.647706 6.629085 8.004680 4.313220 3.298759 6.686647 4.191381 3.177383 10.342674 0.902635 5.266957 7.820549 1.627373 8.891550 1.799594 0.917174 0.853912 0.048949 9.348164 9.289657 8.853528 9.121357 5.624510 0.000000 0.000000 0.000000 0.000000 0.000000 1.593229 0.000000 0.827112 0.000000 0.000000 4.680006 4.640036 4.689262 0.000000 0.000000 0.000000 0.000000 1.479693
-9999.0 -9999.0 -9999.0 -9999.0 3.651019 2.780027 3.717715 4.093929 2.495932 3.357910 0.049952 2.102332 3.323770 3.637862 2.859873 3.766300 11.463116 2.071085 5.814940 4.689140 13.632064 9.784896 6.511437 6.587751 6.775331 5.080911 4.364973 5.473819 5.325402 5.737738 5.246774 7.275925 13.013260 4.669290 5.342524 6.080044 6.945571 1.386263 1.114178 9.414218 9.636959 9.347229 7.312941 8.127309 0.000000 0.000000 0.000000 0.361817 0.000000 0.000000 0.003499 1.273680 0.000000 0.000000 0.000000 1.105062 1.663394 0.000000 0.078995 0.000000 0.000000 0.000000 8.028858
-9999.0 -9999.0 -9999.0 -9999.0 3.697805 2.536490 3.741800 4.140455 7.185245 1.778040 4.506945 5.064966 8.376244 7.723910 3.706075 6.879859 5.085345 5.781310 3.066169 6.932120 7.640241 6.503452 7.050245 6.468053 7.479683 8.047442 9.147494 7.041125 6.372469 5.807398 7.400378 5.400227 7.929357 6.609328 4.338548 4.676289 6.611408 0.472707 9.105320 9.183505 8.914225 7.624192 4.057131 0.639663 5.950978 0.337640 0.000000 0.000000 0.000000 0.000000 0.000000 0.316218 0.000000 0.000000 0.000000 0.402223 0.000000 0.000000 0.000000 0.000000 0.759538 0.000000 0.000000
-9999.0 -9999.0 -9999.0 -9999.0 15.091278 3.987993 4.349401 15.460273 3.544914 4.239058 2.847298 6.642676 4.900663 6.706762 10.792689 7.688425 3.017106 5.817908 6.298806 10.865892 6.917135 8.414878 7.284619 8.167180 5.669504 9.477487 5.211937 9.173008 5.590465 7.999619 8.951589 0.181364 7.913244 8.497413 4.323622 6.486622 8.964076 9.268117 9.115231 8.905617 7.988012 5.865135 8.665597 9.581231 7.670689 10.424734 10.107370 3.423430 10.486844 2.435531 0.000000 0.000000 0.000000 0.126362 0.619768 0.485531 0.000000 0.000000 0.000000 0.000000 0.000000 8.669247 8.489491
-9999.0 -9999.0 -9999.0 3.973287 2.900800 15.768695 3.770359 6.404352 7.268881 4.121023 8.069833 5.888463 5.852968 5.248401 6.340593 3.920798 5.276130 7.235318 2.786599 4.550386 5.242357 5.809819 7.207551 10.050640 9.483641 5.570493 5.706095 5.960783 5.667154 11.192568 9.929436 9.212269 8.951404 5.771432 5.278597 1.061700 8.742214 9.458696 9.590548 8.539985 7.361014 9.260635 9.289221 0.000000 8.976034 7.172591 7.163760 6.568910 5.768892 3.052521 1.823437 0.000000 0.000000 0.000000 0.000000 0.000000 0.000000 1.363184 0.000000 4.011125 0.000000 7.332182 7.824928
-9999.0 2.631914 3.330941 3.990937 3.295789 2.088244 2.845131 4.854119 7.864345 8.232612 4.542117 4.418904 5.553304 6.524247 6.469436 6.137749 4.991207 5.924404 6.766694 6.733871 6.639051 5.409962 9.578750 10.722805 3.444259 9.433586 5.681074 6.347688 8.422509 9.135578 9.025112 7.385635 5.384759 9.305152 9.130143 7.947806 8.518948 7.704375 8.874657 7.522829 7.293306 9.607153 1.360074 2.798076 6.303412 8.572467 9.712033 5.753596 0.683000 5.156353 4.804806 6.923370 0.000000 0.000000 0.000000 0.000000 0.393951 0.000000 0.000000 0.515369 0.000000 0.000000 1.057611
-9999.0 3.302341 2.086496 2.944649 6.714446 2.925202 3.505741 5.177250 3.905053 4.719108 5.821789 6.152207 5.904224 6.880328 6.621873 6.642570 5.488773 6.689199 4.660658 8.891518 6.881761 6.044483 10.841566 0.000000 9.107505 7.115375 7.258968 8.985754 9.204838 8.843354 9.616392 8.911687 9.040992 6.660202 5.820363 8.754607 0.000000 5.356318 5.818518 0.296675 12.445075 6.125203 1.160860 6.541479 7.088395 0.000000 0.000000 0.000000 0.000000 0.000000 0.000000 14.529358 0.000000 0.000000 0.000000 0.000000 0.000000 0.000000 0.141498 0.000000 0.000000 0.000000 0.000000
-9999.0 4.300035 15.714494 2.838612 12.491567 4.203500 3.875941 7.319578 6.432862 5.446815 5.467661 5.147036 4.285683 3.484726 6.276929 6.833399 7.772058 7.946731 7.835445 6.234946 7.285831 8.714818 4.491360 7.805101 3.541915 6.710964 8.818231 7.160591 5.761778 8.691176 8.878820 9.230032 8.966638 6.800448 8.985264 8.791996 0.000000 5.865221 5.810368 2.329047 6.290378 0.000000 11.401015 6.721394 8.869076 0.000000 0.000000 0.000000 0.000000 0.000089 0.000000 1.933380 12.997978 0.000000 0.000000 0.000000 8.645002 8.464571 0.000000 7.493421 0.000000 0.000000 8.348302
-9999.0 3.462817 3.682727 6.061694 2.520645 5.303341 13.502550 5.920331 0.558618 5.267420 3.623759 3.447298 6.829339 7.089675 7.839864 9.348898 9.312016 8.308046 9.454143 3.727034 9.894227 9.749115 9.210902 9.081562 0.500937 9.344144 9.322990 5.252132 5.131383 3.310958 9.369446 5.561055 6.403209 1.386961 1.851004 0.935467 0.156930 1.077132 1.112735 0.077504 0.000000 5.572249 10.243249 2.454145 2.033835 0.000000 0.000000 0.000000 8.141499 3.808597 9.486249 12.660785 0.000000 0.000000 0.000000 0.000000 10.309568 0.000000 0.000000 0.000000 11.022345 13.926104 0.000000
-9999.0 -9999.0 -9999.0 3.636243 2.755289 3.699403 3.135758 5.390454 5.691541 4.592001 9.087844 6.556076 6.671842 8.135370 7.929641 6.821184 9.376210 9.120478 3.860208 8.502694 8.086982 8.780736 9.324018 5.439153 4.990958 6.459107 8.390106 0.000000 7.338171 5.289954 8.104166 0.263031 0.000000 0.000000 0.643434 0.111855 0.800865 1.721720 0.000000 4.464001 0.000000 2.047810 1.595108 0.000000 0.716752 12.205531 2.618385 2.413562 9.389361 1.274107 2.987652 0.891612 0.000000 0.000000 0.000000 0.000000 0.000000 0.000000 12.917094 0.000000 0.000000 0.000000 0.000000
-9999.0 -9999.0 -9999.0 3.551529 2.910933 2.942669 3.838777 4.444683 4.452590 4.618156 6.143008 6.219523 7.880232 7.560329 4.423240 4.276394 9.575035 8.874353 7.093758 8.606814 6.377218 8.020271 9.973807 3.336586 4.864008 0.000000 8.016615 0.000000 0.000000 0.000000 0.000000 1.259559 0.497027 0.594367 0.851508 0.155781 1.390490 0.000000 4.590333 0.000000 0.000000 5.156501 1.672655 0.000000 0.000000 0.178932 2.850694 13.752693 5.122151 4.930716 3.115634 4.444436 3.476587 3.913636 1.570413 3.757149 3.571762 3.893909 3.547706 0.000000 13.905969 0.000000 0.000000
