tests/3D/snow_dstr_SENSITIVITY/output-maps-SE27XX/snowdepthN0021.asc
ncols         78
nrows         130
xllcorner     624800.000000
yllcorner     5171500.000000
cellsize      100.000000
NODATA_value  -9999.0
[rows 54 to 80 of 130, columns 0 to 59 of 78]
-9999.0 -9999.0 -9999.0 -9999.0 -9999.0 -9999.0 -9999.0 -9999.0 -9999.0 -9999.0 -9999.0 -9999.0 -9999.0 -9999.0 -9999.0 -9999.0 -9999.0 -9999.0 -9999.0 -9999.0 -9999.0 -9999.0 -9999.0 -9999.0 122.457337 116.358387 110.514905 93.241913 98.961765 103.107185 97.501619 87.650092 86.233510 82.317234 82.898499 82.896160 86.914201 85.223407 82.618713 65.962156 75.745941 87.505680 84.064286 81.106797 78.110239 69.330357 68.704969 68.451563 50.093680 47.438258 37.628256 27.074802 29.737464 37.220207 39.733137 63.585258 41.551762 35.436487 68.495245 86.773058
-9999.0 -9999.0 -9999.0 -9999.0 -9999.0 -9999.0 -9999.0 -9999.0 -9999.0 -9999.0 -9999.0 -9999.0 -9999.0 -9999.0 -9999.0 -9999.0 -9999.0 -9999.0 -9999.0 -9999.0 -9999.0 91.791148 84.733377 102.860263 88.646920 103.807924 78.966270 88.300146 90.947875 97.979405 90.417444 91.292879 86.615896 82.395082 83.745803 82.043008 80.407659 82.962418 84.118468 80.530453 75.954203 83.002186 82.903544 81.202838 80.666441 69.804739 62.932995 71.174786 52.920522 44.521289 38.571477 31.913282 27.515890 0.000000 36.769188 59.771154 55.991440 43.777065 79.200673 76.808688
-9999.0 -9999.0 -9999.0 -9999.0 -9999.0 -9999.0 -9999.0 -9999.0 -9999.0 -9999.0 -9999.0 -9999.0 -9999.0 -9999.0 -9999.0 -9999.0 -9999.0 -9999.0 -9999.0 -9999.0 107.953157 125.448642 108.767111 110.874934 105.290297 114.010072 105.724832 100.549257 89.372951 96.303013 91.873881 91.796135 85.568384 83.183696 85.242270 85.480201 83.312618 85.107547 84.202199 84.636434 79.249863 76.857322 78.210915 79.485475 79.192717 68.637910 69.139864 69.923942 54.173462 44.523709 38.483483 26.358981 24.003678 27.068444 36.830608 51.562682 58.551194 92.443290 104.484743 80.248497
-9999.0 -9999.0 -9999.0 -9999.0 -9999.0 -9999.0 -9999.0 -9999.0 -9999.0 -9999.0 -9999.0 -9999.0 -9999.0 -9999.0 -9999.0 -9999.0 103.158617 99.839619 99.844696 120.516546 102.051853 88.314425 98.490186 107.168199 84.560133 111.163901 114.934627 92.402216 93.216214 94.337786 83.909075 81.739583 80.886988 81.299027 81.916908 82.482038 79.632200 76.799237 79.076260 79.213864 72.751243 71.784973 72.969389 75.920428 73.188273 68.961014 69.730096 66.818413 47.704270 42.699507 38.574654 26.298692 0.000000 23.095731 27.459452 47.861836 35.090219 59.878374 76.269950 77.427386
-9999.0 -9999.0 -9999.0 -9999.0 -9999.0 -9999.0 -9999.0 -9999.0 -9999.0 -9999.0 -9999.0 -9999.0 -9999.0 -9999.0 -9999.0 115.934119 81.990234 87.964350 116.445657 85.462969 98.629358 100.137151 94.638904 93.174606 93.776722 84.181256 95.452081 105.699793 94.676564 91.838034 78.370642 75.861590 82.137633 81.396017 82.851972 80.656199 77.455488 78.728363 77.638832 72.552305 70.349707 72.559910 74.700748 73.275621 70.408023 70.063123 68.889584 59.445867 53.677871 37.544884 31.887726 29.889026 0.000000 68.326807 22.855836 42.095054 53.513948 61.700200 71.813523 79.227709
-9999.0 -9999.0 -9999.0 -9999.0 -9999.0 -9999.0 -9999.0 -9999.0 -9999.0 -9999.0 -9999.0 -9999.0 -9999.0 -9999.0 -9999.0 100.717725 103.804672 107.463876 108.137518 94.012293 103.435463 96.778709 96.370496 100.025205 98.576632 92.301399 89.067111 82.752152 92.865073 88.836167 75.052407 74.373367 83.421082 80.721526 79.936991 79.061514 76.728035 74.976714 72.169448 70.372161 71.646253 75.317021 69.150988 67.347232 67.953630 68.252304 67.974556 58.910031 47.447918 36.543423 29.482753 28.510369 65.929614 0.000000 28.001662 34.745620 40.482400 59.518483 62.692899 74.290361
-9999.0 -9999.0 -9999.0 -9999.0 -9999.0 -9999.0 -9999.0 -9999.0 -9999.0 -9999.0 -9999.0 -9999.0 -9999.0 -9999.0 100.194605 93.612820 99.598525 104.046904 81.481248 102.909869 90.480545 81.302220 89.138631 96.082400 96.617837 88.932674 84.748048 75.647084 87.795300 85.385814 74.246662 84.576436 78.669338 74.948992 75.655573 75.370501 70.978507 68.940825 68.989826 68.807492 69.433803 64.719365 53.290603 51.271505 49.919873 58.515509 56.675345 50.244036 43.313428 28.998695 41.329639 23.444303 71.461155 63.452178 43.882569 0.000000 0.000000 32.932241 54.116331 39.204371
-9999.0 -9999.0 -9999.0 -9999.0 -9999.0 -9999.0 -9999.0 -9999.0 -9999.0 -9999.0 -9999.0 -9999.0 -9999.0 85.832190 100.930006 95.467565 95.677889 102.056205 103.818183 106.922715 96.587627 92.615994 91.634934 92.912036 92.621588 91.315043 91.228213 83.873978 84.552556 87.052867 79.272892 77.604217 74.686349 71.018218 72.187327 71.260640 67.842084 66.867069 67.751939 58.032674 51.600124 43.584496 47.762318 40.825932 37.485466 50.525013 51.924003 50.299668 38.432341 41.303102 30.094197 54.301175 37.599764 36.401868 51.326009 46.670519 0.000000 43.499538 38.389700 42.877957
-9999.0 -9999.0 -9999.0 -9999.0 -9999.0 -9999.0 -9999.0 -9999.0 -9999.0 -9999.0 -9999.0 -9999.0 -9999.0 85.173336 98.697850 94.475228 99.701483 97.710423 94.977148 94.774052 101.223911 96.486698 84.117993 91.365923 85.085180 85.899134 87.821194 88.645874 85.566654 85.376360 83.683361 71.148958 69.970337 69.475620 68.263555 67.678441 56.349276 62.989406 56.423486 53.911772 44.137756 45.734355 40.507699 36.510821 29.318248 40.165758 36.057705 33.150087 27.183176 59.208522 27.204318 45.645178 54.068178 53.862607 55.150625 48.385727 45.229434 0.000000 49.981879 39.822820
-9999.0 -9999.0 -9999.0 -9999.0 -9999.0 -9999.0 -9999.0 -9999.0 -9999.0 -9999.0 -9999.0 -9999.0 98.572501 99.740830 95.472582 92.290101 93.729376 91.741345 78.895680 83.075667 87.405974 82.019412 85.501708 87.617081 79.774838 84.069169 85.299547 86.073319 84.353828 80.185702 78.296723 70.573852 73.167895 62.293514 64.571738 64.040587 51.160399 48.842816 50.005844 41.252685 33.431470 28.003674 24.443867 23.068718 62.838485 22.182581 58.218045 57.035364 50.324154 0.000000 42.045508 47.700205 57.994278 58.907784 64.090528 63.076154 45.115612 37.641231 33.001665 44.110943
-9999.0 -9999.0 -9999.0 -9999.0 -9999.0 -9999.0 -9999.0 -9999.0 -9999.0 -9999.0 108.389015 102.294826 101.201214 75.908512 88.316358 84.358723 84.794117 84.539629 86.926469 85.776971 83.431568 87.148408 86.205860 97.901539 85.482259 85.686395 84.727851 80.075388 77.574736 80.146092 76.073416 70.748831 69.776279 63.608376 65.693457 63.713516 54.170278 55.382519 51.462905 33.803696 29.758054 65.946110 62.733792 64.123084 61.631745 58.543258 0.000000 0.000000 0.000000 42.400746 43.429026 46.702687 59.629998 63.383740 65.573525 65.563718 67.869685 66.387203 55.154019 30.152173
-9999.0 -9999.0 -9999.0 -9999.0 -9999.0 -9999.0 -9999.0 -9999.0 -9999.0 -9999.0 102.848979 97.300939 94.262059 80.927341 85.585349 82.227568 86.462135 85.684562 86.608728 85.849260 81.797872 88.411544 79.266719 104.013116 79.471951 80.466887 80.115337 78.131665 75.356289 76.421789 74.974894 71.605492 69.112127 64.403406 64.399331 62.222211 53.499406 48.251559 43.247391 29.807437 24.809626 22.800311 0.000000 0.000000 34.003459 0.000000 0.000000 0.000000 42.152502 42.546614 47.035751 55.994771 64.513491 82.316444 82.497341 64.112248 64.628833 51.426460 63.504201 70.727858
-9999.0 -9999.0 -9999.0 -9999.0 -9999.0 -9999.0 -9999.0 -9999.0 -9999.0 -9999.0 99.630387 94.645604 86.197959 87.710199 88.115383 99.735466 89.689730 76.532272 77.822476 73.130688 64.837609 70.389468 63.847444 81.952201 69.653284 72.383186 74.552605 72.390053 71.280894 73.401128 71.094887 71.941646 63.669756 60.373509 48.621354 60.257065 44.431158 31.014162 28.605812 19.520598 60.641816 60.141842 0.000000 0.000000 0.000000 0.000000 0.000000 0.000000 55.022899 55.013979 68.109267 70.690169 78.625302 28.043511 77.724331 59.882593 56.415673 57.972799 47.666773 36.632188
-9999.0 -9999.0 -9999.0 -9999.0 -9999.0 -9999.0 -9999.0 -9999.0 -9999.0 -9999.0 65.634936 92.798105 91.938061 93.113982 86.356356 80.230507 75.078380 70.846730 69.408525 69.753651 68.304144 61.645320 65.468580 91.446598 70.201551 69.349733 84.654738 66.774943 68.662492 65.793044 65.405652 71.025871 62.796180 52.509432 45.647326 47.710284 35.474120 25.645664 36.085711 58.671499 63.126538 0.000000 24.338395 0.000000 0.000000 0.000000 54.813708 55.994367 54.330695 67.973753 70.601229 72.700163 57.298608 56.262654 59.108759 60.133529 85.501967 53.515272 77.030705 58.884608
-9999.0 -9999.0 -9999.0 -9999.0 -9999.0 -9999.0 -9999.0 -9999.0 -9999.0 -9999.0 96.789709 91.266855 89.898175 90.868612 91.382632 79.826747 89.017875 72.657432 66.212291 70.216901 71.968306 65.664872 65.855863 72.724981 77.437662 67.546482 70.625032 66.803356 66.627071 65.829857 60.896423 64.869060 57.531263 49.520346 42.936425 38.329121 37.006698 38.080326 35.510308 33.121552 0.000000 0.000000 16.094732 0.000000 0.000000 0.000000 44.238209 60.349392 68.903171 38.819548 76.598291 69.100125 56.753894 58.664541 74.347655 70.665154 94.537180 81.904004 82.630589 81.538518
-9999.0 -9999.0 -9999.0 -9999.0 -9999.0 -9999.0 -9999.0 -9999.0 -9999.0 -9999.0 95.472552 85.096752 83.255467 70.863211 73.373875 75.578243 72.962661 65.337175 62.271780 67.406605 67.332348 65.687187 61.208167 57.187800 61.524522 66.368568 78.425977 62.487358 62.829561 63.955058 64.239550 53.044806 49.579870 35.302689 27.557575 25.772654 21.228493 33.417609 31.309238 31.012766 20.109306 17.847774 40.503243 0.000000 0.000000 42.895249 47.276493 47.007313 53.827097 44.515228 73.329501 67.136920 55.530262 60.883939 64.150907 59.894603 82.363137 75.113456 99.227771 66.305025
-9999.0 -9999.0 -9999.0 -9999.0 -9999.0 -9999.0 -9999.0 -9999.0 -9999.0 -9999.0 85.328190 85.892430 63.536031 66.317499 68.450157 70.193144 68.216975 69.349287 60.207019 67.011718 66.959544 65.494555 63.224083 51.667931 57.852755 72.486296 64.417868 61.635106 58.065789 63.166138 61.083294 41.851457 37.409519 30.213156 20.547643 19.033936 31.580028 33.432607 31.351804 25.888628 39.428567 0.000000 40.326448 40.084698 40.296629 50.043678 50.385138 52.630281 55.180666 67.097913 39.355943 84.357149 76.092037 52.597472 91.410955 84.606556 79.158933 45.611875 110.949963 81.569812
-9999.0 -9999.0 -9999.0 -9999.0 -9999.0 -9999.0 -9999.0 -9999.0 -9999.0 57.473147 77.749865 85.649959 63.013069 64.131690 68.704722 65.877435 64.204765 61.680550 66.998323 64.415332 64.532549 60.830275 57.782578 63.048061 55.307142 49.171543 62.106491 56.394682 51.790109 60.454577 49.950240 45.003240 40.970637 25.392657 19.725343 61.324303 31.180874 31.973688 30.553088 17.108032 41.307786 0.000000 0.000000 37.998028 14.188636 51.117785 48.238492 54.572888 51.367302 78.347305 53.526016 81.918239 70.381247 71.406809 95.064159 45.061330 45.213892 80.303339 82.350114 107.054582
-9999.0 -9999.0 -9999.0 -9999.0 -9999.0 -9999.0 -9999.0 68.671425 64.774595 64.797452 70.594927 59.594135 55.813827 55.768592 58.879777 54.745847 55.004141 56.774130 41.169199 58.552175 57.964991 47.604014 40.840160 45.018999 44.636687 52.272753 53.027512 50.405083 40.991554 48.786703 46.686597 40.580554 33.544766 56.332575 57.779622 31.705720 31.199414 24.478518 22.418921 16.708489 0.000000 0.000000 37.100852 39.154180 41.220385 47.723200 68.390791 60.857289 65.856729 65.301832 76.068610 76.783134 88.185845 62.895468 84.975125 86.184144 63.115369 84.783824 68.076054 80.737519
-9999.0 -9999.0 -9999.0 -9999.0 83.345899 84.228164 78.543932 63.838067 70.925428 67.148093 58.662941 60.787642 63.306522 63.455584 58.875081 60.168478 58.644337 55.825266 50.091230 55.114615 57.362578 44.555938 41.589165 41.600065 38.729557 53.041500 51.958549 46.555525 44.663374 49.180727 49.040665 44.660440 29.813395 28.616999 34.130054 0.000000 34.615990 20.924393 16.971303 41.459994 0.000000 0.000000 0.000000 12.436563 15.325189 37.133297 47.362552 64.709378 60.900419 94.196064 70.280222 93.665755 96.557408 96.657514 97.775007 98.192080 90.476925 69.360679 72.644457 104.120270
-9999.0 -9999.0 -9999.0 -9999.0 77.124535 77.342121 69.744108 63.491078 66.880391 61.256249 55.783749 57.797710 55.769958 52.857937 59.616544 59.492413 58.511765 59.558556 44.496612 46.919931 45.515277 47.272516 35.703891 38.649600 37.893486 39.879864 45.885816 41.601135 42.130125 41.038490 40.035504 44.728072 38.698498 28.927696 29.936417 60.871290 0.000000 19.260615 44.519894 0.000000 0.000000 0.000000 41.621616 13.627917 45.670301 45.719972 64.442589 60.756645 83.169184 91.877184 61.425945 61.208380 74.234817 65.812551 48.433753 66.440843 82.049729 49.931897 99.226955 50.782067
-9999.0 -9999.0 -9999.0 -9999.0 76.165562 71.542626 60.680632 61.492496 59.313819 51.361538 47.606098 49.815821 42.164405 45.778952 48.570985 52.383029 41.586514 42.064224 32.936068 17.384794 23.401276 24.585056 20.289202 21.705409 19.621243 51.898072 51.407090 20.849739 23.721561 22.990157 56.575194 29.636459 26.133069 30.889174 30.093592 56.811367 0.000000 23.404252 20.764054 0.000000 33.961369 0.000000 27.193874 25.998366 39.134681 61.504618 77.963375 79.888410 87.169550 51.933791 61.532548 91.577699 107.804048 70.235897 93.468794 66.497746 63.827780 82.285119 72.610639 52.305099
-9999.0 -9999.0 -9999.0 -9999.0 76.238509 72.430486 62.861905 64.458427 58.032174 48.230278 49.615518 40.178831 34.785704 37.632330 33.629819 45.216215 36.843477 31.079021 30.902680 22.270035 20.290982 55.641469 58.260190 56.409793 55.745130 0.000000 0.000000 25.534051 57.747928 56.224484 26.718817 58.901990 21.343954 19.041684 28.629170 28.528729 26.135983 19.185991 0.000000 34.181152 35.862444 0.000000 14.635308 17.141649 24.408786 26.879313 49.433388 52.428311 54.053787 84.944378 92.864145 82.865889 99.343092 101.568694 115.067701 95.661642 100.764436 87.968493 98.894468 73.873919
-9999.0 -9999.0 -9999.0 66.859450 71.418013 66.802721 57.519063 57.155376 53.182608 46.169023 46.459671 35.207349 34.753018 39.571492 39.403642 35.482985 36.244769 36.511997 24.731064 21.612856 21.360411 28.548715 26.511847 0.000000 0.000000 26.704683 27.570284 26.446559 29.068325 28.339916 26.671920 28.003686 55.661378 58.405196 0.000000 26.183248 16.817872 33.322232 0.000000 33.293181 0.000000 20.002205 15.360991 0.000000 26.483061 18.637646 26.735809 39.578853 51.297959 62.617477 70.910650 41.410608 101.778015 51.482423 93.519496 68.775271 91.559141 74.983597 55.930189 99.479882
-9999.0 88.143023 75.382654 65.435708 58.613376 55.379087 50.171978 46.876411 46.374586 44.132472 28.778385 26.410781 25.484077 24.254893 23.696459 21.009605 27.630333 22.287900 16.178801 54.876871 54.379223 48.415731 22.379199 0.000000 0.000000 24.814933 0.000000 0.000000 0.000000 24.070851 22.226937 23.555073 23.399928 0.000000 0.000000 24.285424 20.040486 0.000000 0.000000 0.000000 34.176037 11.563759 13.405270 15.804695 0.000000 55.398905 17.022542 31.375542 47.305764 53.248134 88.383095 46.437732 100.731981 97.526084 92.651212 96.759596 54.594171 71.228196 80.204818 97.935188
-9999.0 89.866770 71.394098 67.552467 54.761569 53.952759 53.094504 51.156483 47.728903 39.622923 28.423732 20.389113 20.808801 17.325849 16.900767 15.537809 27.300439 53.677067 17.020608 53.113081 24.975000 0.000000 0.000000 0.000000 0.000000 0.000000 0.000000 24.349662 25.296861 22.941247 30.728931 24.834825 23.387651 0.000000 0.000000 21.236016 27.295512 0.000000 0.000000 32.748771 44.482656 37.586515 41.160658 0.000000 0.000000 21.116763 26.503158 82.283015 84.117041 76.667657 53.383024 65.381021 104.942736 105.655506 106.153225 113.001301 76.257567 79.710279 106.491148 98.487830
-9999.0 74.684617 66.716857 55.070317 55.130998 58.603019 51.754550 52.385046 51.613804 33.832336 27.912046 24.781374 17.434709 16.244993 14.927188 51.476816 23.555148 0.000000 0.000000 0.000000 24.391611 21.793568 0.000000 0.000000 0.000000 0.000000 0.000000 0.000000 0.000000 22.712500 12.977601 21.137500 22.888308 22.175568 21.997052 19.435432 0.000000 35.759084 33.995222 12.813508 30.416856 0.000000 48.438219 50.390474 0.000000 26.889319 83.317257 55.647146 87.959897 57.454910 75.981210 63.995817 86.358722 113.530080 80.817172 59.078365 123.699625 109.798227 82.369157 82.720072
