tests/3D/snow_dstr_SENSITIVITY/output-maps-SE27XX/snowsublN0011.asc
ncols         78
nrows         130
xllcorner     624800.000000
yllcorner     5171500.000000
cellsize      100.000000
NODATA_value  -9999.0
[rows 84 to 111 of 130, columns 0 to 62 of 78]
-9999.0 -9999.0 -9999.0 0.466671 0.484760 0.510218 0.156149 0.505523 -0.022715 0.165774 0.649800 0.579967 0.609443 0.601836 0.569844 0.551380 0.520049 0.500884 0.345139 0.425084 0.336814 0.405704 0.010982 0.012055 0.016864 0.015176 0.014371 0.013569 0.010955 0.009636 0.010951 0.007890 0.008673 0.007142 0.010021 0.005455 0.005030 0.005493 0.005716 0.006301 0.007782 0.016227 0.024712 0.084880 0.128670 0.367639 0.494092 0.152293 0.336162 0.335454 0.357004 0.408761 0.430774 0.459260 0.447576 0.430506 0.435904 0.446391 0.509767 -0.001337 0.503937 0.008059 0.301876
-9999.0 -9999.0 -9999.0 0.038689 0.077977 0.488997 0.046929 0.320599 0.656392 0.615390 0.604039 0.594080 0.538732 0.544274 0.520158 0.466946 0.441476 0.393852 0.069688 0.068962 0.053643 0.010437 0.007174 0.009922 0.013574 0.011041 0.000712 0.008538 0.009382 0.007793 0.007103 0.006272 0.006095 0.005618 0.004656 0.004768 0.005217 0.005783 0.006241 0.006834 0.008967 0.019718 0.081705 0.377293 -0.000250 0.636353 0.465130 0.242203 0.599628 0.412395 0.436800 0.428202 0.458197 0.481417 0.475754 0.473414 0.467953 0.484071 0.398853 0.407897 0.387015 -0.013658 -0.024028
-9999.0 -9999.0 -9999.0 -9999.0 0.036069 0.462917 0.437932 0.307742 0.640084 0.600522 0.559818 0.549348 -0.021371 -0.014584 0.479576 0.319692 0.309126 0.222392 0.044347 0.042146 0.037039 0.007451 0.006517 0.008309 0.008544 0.009337 0.009270 0.009297 0.006615 0.006791 0.006128 0.005541 0.005509 0.005181 0.004298 0.004665 0.005302 0.005906 0.006385 0.008594 0.010586 0.009573 0.022900 0.029035 0.049388 0.102799 0.163972 0.264360 0.092791 0.396699 0.339883 0.396290 0.606638 0.470651 0.477405 0.475704 0.422427 0.050547 0.592766 0.595401 0.378209 -0.010224 -0.014051
-9999.0 -9999.0 -9999.0 -9999.0 0.173025 0.229660 0.057453 0.636316 0.601869 0.608944 -0.006918 0.587553 0.568309 0.523581 0.484939 0.064891 0.032117 0.031461 0.023906 0.005841 0.005656 0.005469 0.005090 0.005142 0.005889 0.005705 0.006270 0.005286 0.005456 0.005374 0.005094 0.004523 0.004722 0.004637 0.004335 0.004667 0.005428 0.006219 0.006873 0.008861 0.008008 0.012940 0.017696 0.025218 0.019388 0.025322 0.050183 0.127347 0.227546 0.259037 0.271219 0.279160 0.408052 0.410080 0.348845 0.392477 0.061752 0.112562 0.616368 0.595582 0.564110 0.397045 0.429424
-9999.0 -9999.0 -9999.0 -9999.0 0.031743 0.054979 0.052988 0.593247 0.581290 -0.025203 0.560532 0.008075 0.484170 0.448305 0.311205 0.053775 0.024129 0.020120 0.004502 0.004497 0.004555 0.004246 0.003807 0.003814 0.004326 0.004401 0.004525 0.004352 0.004064 0.004352 0.003726 0.003870 0.003950 0.003951 0.004994 0.005517 0.005757 0.006538 0.008161 0.010035 0.002624 0.023578 0.000393 0.029966 0.038585 0.395154 0.392876 0.393972 0.401281 -0.001559 0.137008 0.411284 0.409166 0.409351 0.409071 0.403370 0.356682 0.400271 0.080679 0.103566 0.616658 0.432650 0.036896
-9999.0 -9999.0 -9999.0 -9999.0 -9999.0 0.034096 0.033940 0.585779 0.579156 -0.007835 -0.001318 0.514861 0.354467 0.247134 0.183574 0.041874 0.020042 0.016172 0.004218 0.003971 0.003779 0.003298 0.003302 0.003366 0.003598 0.004480 0.004442 0.004077 0.003871 0.003813 0.004307 0.004386 0.003960 0.006723 0.009424 0.002013 0.002308 0.002082 0.010154 0.014064 0.051848 0.077980 0.092702 0.392873 0.126452 0.408205 0.127925 0.409804 0.420807 0.298928 0.398658 0.358077 -0.002525 0.081776 0.425521 0.039012 0.118685 0.356792 0.085398 0.384047 0.435061 0.036198 0.037172
-9999.0 -9999.0 -9999.0 -9999.0 -9999.0 0.016181 0.610389 -0.000179 0.579836 0.541901 0.490298 0.470374 0.125637 0.033463 0.027299 0.017768 0.010627 0.003603 0.003680 0.003351 0.003222 0.002876 0.002686 0.002656 0.003136 0.003399 0.003564 0.003795 0.003889 0.004410 0.006838 0.008622 0.009781 0.013826 0.001881 0.002470 0.024054 0.005905 0.004951 0.057987 0.073970 0.084728 0.227413 0.410612 0.417742 0.413436 0.407622 0.410580 0.394017 0.380759 -0.005796 0.380832 -0.010722 0.414039 0.439085 0.064857 0.424209 0.017528 0.397646 0.063830 0.022152 0.059542 0.024908
-9999.0 -9999.0 -9999.0 -9999.0 -9999.0 -9999.0 0.561895 0.549264 0.521637 0.471667 0.311757 0.113315 0.065730 0.023057 0.016370 0.009699 0.002752 0.002833 0.002933 0.002731 0.002704 0.002490 0.002257 0.002468 0.002900 0.003953 0.004271 0.004368 0.005190 0.007449 0.008824 0.011998 0.012885 0.006228 0.291507 0.054319 0.068698 0.066107 0.066748 0.019744 0.077052 0.087837 0.069460 0.317878 0.382568 0.387240 0.082383 0.287784 0.387606 0.103406 0.371717 0.355783 -0.018045 -0.015864 0.007529 0.076577 0.125363 0.374845 0.000376 0.000309 0.052802 0.058484 0.044974
-9999.0 -9999.0 -9999.0 -9999.0 -9999.0 -9999.0 0.511210 0.505628 0.484219 0.377948 0.079156 0.046101 0.032420 0.019079 0.011815 0.007784 0.002539 0.002668 0.002621 0.002472 0.002438 0.002317 0.002315 0.002643 0.002955 0.004219 0.004634 0.005111 0.007808 0.009267 0.011130 0.013652 0.014339 0.061443 0.068870 0.076998 0.077782 0.033873 0.369401 0.067831 0.017482 0.093212 0.206960 0.433659 0.330241 0.064936 0.377061 0.116040 0.033272 0.341689 0.365614 0.330973 -0.022505 0.017194 0.384809 0.410207 0.398907 0.030787 -0.001236 0.342390 0.019743 0.033627 0.068418
-9999.0 -9999.0 -9999.0 -9999.0 -9999.0 -9999.0 -9999.0 0.362967 0.314637 0.069574 0.028790 0.020757 0.014917 0.008328 0.006126 0.004576 0.002148 0.002147 0.002123 0.002567 0.002498 0.002849 0.004105 0.006139 0.007977 0.009974 0.001627 0.007804 0.013031 0.012138 0.003907 0.035418 0.042197 0.035058 0.081702 0.386296 0.135421 0.090343 0.042345 0.380481 0.080663 0.097600 0.056586 0.466201 0.629502 0.380568 0.351176 0.339257 0.304152 0.025830 0.028819 0.015793 0.003790 0.333341 0.063809 0.364131 0.097839 0.073278 0.016352 0.404923 0.026936 0.019263 0.044530
-9999.0 -9999.0 -9999.0 -9999.0 -9999.0 -9999.0 -9999.0 0.071340 0.040611 0.029907 0.016856 0.011197 0.007084 0.003656 0.003193 0.001801 0.001784 0.001795 0.001383 0.003066 0.004237 0.005317 0.007354 0.008723 0.010987 0.001179 0.001496 0.013535 0.010268 0.021540 0.024055 0.077951 0.083175 0.101213 0.385353 0.372980 0.356955 0.078551 0.381811 0.382786 0.027435 0.379459 0.027444 0.388437 0.467012 0.556555 0.396356 0.032022 0.380651 0.349932 0.491560 0.008920 0.416105 0.007444 0.014652 0.261239 0.050110 -0.009995 0.011430 0.011447 0.029007 0.032599 0.030381
-9999.0 -9999.0 -9999.0 -9999.0 -9999.0 -9999.0 -9999.0 0.050321 0.039447 0.019577 0.013221 0.010455 0.004198 0.002874 0.002374 0.001610 0.002012 0.002169 0.001731 0.003558 0.005208 0.006377 0.009816 0.009504 0.012410 0.002264 0.007968 0.003357 0.009848 0.013046 0.080723 0.037858 0.056011 0.104118 0.381682 -0.000859 0.365144 0.375684 -0.000869 0.061237 0.379413 0.000391 0.024890 0.238580 0.074752 0.411498 0.368859 0.407963 0.421001 0.431456 0.367819 0.368721 0.370300 0.420574 0.004995 -0.012876 -0.007466 -0.029097 0.028441 0.037323 0.042936 0.040082 -0.005039
-9999.0 -9999.0 -9999.0 -9999.0 -9999.0 -9999.0 -9999.0 -9999.0 0.021918 0.010713 0.006176 0.005497 0.006303 0.016794 0.001967 0.001931 0.002373 0.002547 0.004645 0.008340 0.009518 0.011394 0.015411 0.017238 0.024562 0.025385 0.027658 0.073374 0.061142 0.028428 0.091801 0.389253 0.169924 0.267680 0.421488 0.374681 -0.003334 0.221987 0.378900 0.206620 0.391324 0.383858 0.022898 0.230283 0.454976 -0.035787 0.341201 -0.034525 0.612018 0.422894 0.435507 0.406372 0.388931 0.354594 -0.000003 0.023922 0.012111 0.406106 0.021848 0.006819 0.017013 0.021671 0.024714
-9999.0 -9999.0 -9999.0 -9999.0 -9999.0 -9999.0 -9999.0 -9999.0 -9999.0 0.008818 0.007922 0.009318 0.005503 0.002030 0.002825 0.002520 0.003385 0.003334 0.006308 0.012125 0.000516 0.001522 0.019197 0.064933 0.073408 0.080392 0.382166 0.022432 0.034457 0.090699 0.392239 0.376370 0.376579 0.374927 0.373678 0.075033 0.343758 0.085120 0.372277 0.398465 0.388072 0.000004 0.022246 0.000051 0.070683 0.455525 0.507988 0.077397 0.600850 0.450195 0.433650 0.433691 0.021104 0.399516 0.000667 -0.001752 0.359303 0.330329 -0.025965 0.013001 -0.000179 -0.010241 -0.017562
-9999.0 -9999.0 -9999.0 -9999.0 -9999.0 -9999.0 -9999.0 -9999.0 -9999.0 0.054642 0.053017 0.047482 0.001763 0.002097 0.001824 0.002503 0.003607 0.004066 0.007407 0.010537 0.000579 0.018656 0.067382 0.364035 0.031461 0.073260 0.151785 0.396547 0.033159 0.392061 0.124591 0.383403 0.243067 -0.001205 0.360028 0.357050 0.347602 -0.001148 0.376179 0.402838 0.393895 0.116440 0.390749 0.026853 0.396364 0.211178 0.558035 0.607770 0.597905 0.064488 0.450336 0.440725 0.405416 0.374236 0.385729 0.396978 0.389372 0.360243 0.385469 0.015730 0.008672 0.005615 -0.009457
-9999.0 -9999.0 -9999.0 -9999.0 -9999.0 -9999.0 -9999.0 -9999.0 -9999.0 -9999.0 0.000747 0.039949 0.001070 0.001447 0.001798 0.002248 0.006723 0.008243 0.010251 0.016152 0.020263 0.069127 0.379263 0.052534 0.375426 0.374132 0.379475 0.397385 0.091483 0.145676 0.390992 0.077900 0.086752 0.069982 0.073829 0.348491 -0.003441 -0.001774 -0.001349 0.105531 0.391330 0.390440 0.388257 0.116741 0.032546 0.054381 0.075567 0.077383 0.506572 0.417445 0.451913 0.450553 0.458717 0.318071 0.392062 0.440447 0.432629 0.546301 0.449602 0.347807 0.006552 0.007664 0.007685
-9999.0 -9999.0 -9999.0 -9999.0 -9999.0 -9999.0 -9999.0 -9999.0 -9999.0 -9999.0 -9999.0 -9999.0 0.013124 0.001893 0.001946 0.007455 0.011167 0.000498 0.013875 0.048519 0.068552 0.068814 0.073832 0.359703 0.362320 0.232254 0.339165 0.354226 -0.000746 -0.000704 0.095424 -0.002512 -0.002771 0.333647 0.332013 0.343248 -0.002545 0.378409 0.354755 -0.000932 0.385867 0.385907 0.391815 0.000069 0.000148 0.033943 0.087291 0.622378 0.081672 0.397718 0.430902 0.456634 0.477106 0.493502 0.402695 0.047708 0.453421 0.391891 -0.003840 -0.015368 -0.051749 -0.041981 -0.029476
-9999.0 -9999.0 -9999.0 -9999.0 -9999.0 -9999.0 -9999.0 -9999.0 -9999.0 -9999.0 -9999.0 -9999.0 -9999.0 0.004815 0.002187 0.009476 0.013483 0.000855 0.040734 0.063305 0.368135 0.066477 0.180506 -0.000945 0.361543 0.065368 0.067503 0.375481 0.379583 -0.000398 -0.000481 -0.001169 -0.002355 -0.003147 0.333246 0.076059 0.378158 0.383457 0.364863 0.385372 -0.000358 0.388328 0.390624 0.000060 0.385475 -0.000059 0.384948 0.103386 0.078642 0.370746 0.439731 0.459808 0.418235 0.446035 0.436842 0.052793 0.380222 0.100537 0.522305 0.000982 0.458999 0.376056 -0.057892
-9999.0 -9999.0 -9999.0 -9999.0 -9999.0 -9999.0 -9999.0 -9999.0 -9999.0 -9999.0 -9999.0 -9999.0 -9999.0 -9999.0 0.013520 0.010679 0.014943 0.336611 0.064305 0.027298 0.029254 0.389084 0.078591 0.248557 -0.001952 0.219285 0.336004 -0.000442 -0.000437 0.091335 -0.000598 -0.001755 -0.002334 0.384529 -0.003421 0.069017 0.360566 0.383346 0.382261 0.102230 -0.000334 -0.000595 0.400851 0.000108 0.387408 0.388929 -0.000090 -0.000067 0.078630 0.070517 0.626356 0.614108 0.414020 0.424067 0.402701 0.042278 0.043754 0.023000 0.000224 0.003465 0.004875 -0.026979 0.361876
-9999.0 -9999.0 -9999.0 -9999.0 -9999.0 -9999.0 -9999.0 -9999.0 -9999.0 -9999.0 -9999.0 -9999.0 -9999.0 -9999.0 -9999.0 0.011278 0.014244 0.057466 0.047503 0.071533 -0.000086 0.072786 0.208043 -0.000912 0.060610 0.344716 0.354502 -0.001675 -0.001618 0.361482 0.378130 0.384027 0.063036 0.388170 0.332043 0.004456 0.009552 0.357776 0.361556 0.368650 -0.000377 -0.001006 -0.000647 0.389868 -0.000088 0.387658 0.387635 0.385605 0.388167 0.618311 0.084008 0.529279 0.489436 0.419105 0.413247 0.362854 0.040576 0.429567 0.009260 0.003903 -0.021581 -0.033192 -0.040770
-9999.0 -9999.0 -9999.0 -9999.0 -9999.0 -9999.0 -9999.0 -9999.0 -9999.0 -9999.0 -9999.0 -9999.0 -9999.0 -9999.0 -9999.0 0.020994 0.019640 0.357564 0.080057 0.058632 0.363995 0.179020 -0.001290 0.361796 0.343831 0.344091 0.355825 0.366782 -0.003499 -0.003320 0.385427 0.383378 0.400249 0.359939 0.335311 0.322482 0.066458 0.088388 0.359370 0.372163 -0.000611 0.377935 -0.000278 0.410288 0.399833 0.394470 0.387940 0.385676 -0.000166 0.405062 0.090249 0.505396 0.462101 0.468113 0.415073 0.042383 0.500872 0.040177 0.000886 0.012469 -0.026508 -0.046669 -0.045015
-9999.0 -9999.0 -9999.0 -9999.0 -9999.0 -9999.0 -9999.0 -9999.0 -9999.0 -9999.0 -9999.0 -9999.0 -9999.0 -9999.0 -9999.0 -9999.0 0.393749 0.108806 0.264125 0.054767 0.357569 0.225600 0.224031 0.064956 0.337991 0.216594 0.354543 0.358803 0.358689 0.386289 0.390769 -0.000689 0.399445 0.353603 0.036414 -0.006722 0.334229 0.327941 0.350612 0.386472 0.385469 0.406445 -0.000550 0.290414 0.117501 0.399527 0.392337 0.390255 0.386836 0.256135 0.409639 0.082043 0.439302 0.590565 0.556682 0.408200 0.510453 0.020139 -0.008184 -0.016003 0.323814 0.347333 0.354018
-9999.0 -9999.0 -9999.0 -9999.0 -9999.0 -9999.0 -9999.0 -9999.0 -9999.0 -9999.0 -9999.0 -9999.0 -9999.0 -9999.0 -9999.0 -9999.0 -9999.0 -9999.0 -9999.0 0.242088 0.262698 -0.002246 0.345191 -0.002115 -0.001877 0.311550 0.322126 0.359934 0.372594 0.372275 0.372105 0.378020 0.373805 0.356370 0.295842 0.351166 0.328600 0.010972 0.087742 0.381070 0.125006 0.384228 0.394425 0.371802 0.384944 -0.000162 0.387180 0.393163 0.389408 0.406011 0.412845 0.417414 0.437040 0.079395 0.454183 0.397719 0.032978 0.010603 0.383140 -0.025168 -0.014363 0.405105 0.399725
-9999.0 -9999.0 -9999.0 -9999.0 -9999.0 -9999.0 -9999.0 -9999.0 -9999.0 -9999.0 -9999.0 -9999.0 -9999.0 -9999.0 -9999.0 -9999.0 -9999.0 -9999.0 -9999.0 -9999.0 -9999.0 0.330389 0.339555 0.352956 -0.004851 0.307111 0.010327 0.352916 -0.002980 -0.015625 0.097524 0.117473 0.336447 0.368137 0.342064 0.344045 -0.013884 0.328521 0.094169 0.388118 0.123884 0.382983 0.380744 -0.001503 0.380970 -0.000222 -0.000044 0.415204 0.410748 0.406698 0.411579 0.562567 0.440995 0.426153 0.379603 0.383436 0.024955 0.001389 -0.020823 -0.018400 -0.002641 0.015123 0.553015
-9999.0 -9999.0 -9999.0 -9999.0 -9999.0 -9999.0 -9999.0 -9999.0 -9999.0 -9999.0 -9999.0 -9999.0 -9999.0 -9999.0 -9999.0 -9999.0 -9999.0 -9999.0 -9999.0 -9999.0 -9999.0 0.262891 0.237749 0.017451 0.008404 -0.000018 0.333536 0.322210 0.349018 0.365761 0.372198 -0.003164 -0.002513 0.095882 0.338065 0.026863 0.296763 0.336189 0.057804 -0.006622 0.263818 0.370536 0.097386 0.398664 0.388461 0.122688 0.000155 -0.000144 0.405513 -0.000331 0.412951 0.413937 0.548893 0.447706 0.401878 0.028081 0.023762 0.003428 0.368126 0.001116 0.444617 0.037555 0.035021
-9999.0 -9999.0 -9999.0 -9999.0 -9999.0 -9999.0 -9999.0 -9999.0 -9999.0 -9999.0 -9999.0 -9999.0 -9999.0 -9999.0 -9999.0 -9999.0 -9999.0 -9999.0 -9999.0 -9999.0 -9999.0 -9999.0 -9999.0 -9999.0 -9999.0 -9999.0 -9999.0 -0.028062 -0.025570 -0.000142 -0.011347 0.328881 0.334858 -0.006733 0.006445 -0.015311 0.325247 0.305749 0.010219 0.349464 0.088529 -0.001130 0.342771 -0.006151 0.379922 0.285673 0.270185 0.354111 0.394089 0.394946 0.338826 0.391895 0.081848 0.468835 0.568686 0.389315 0.023014 0.005502 0.009121 0.025467 0.472919 0.052200 0.057540
-9999.0 -9999.0 -9999.0 -9999.0 -9999.0 -9999.0 -9999.0 -9999.0 -9999.0 -9999.0 -9999.0 -9999.0 -9999.0 -9999.0 -9999.0 -9999.0 -9999.0 -9999.0 -9999.0 -9999.0 -9999.0 -9999.0 -9999.0 -9999.0 -9999.0 -9999.0 -9999.0 0.364813 -0.011901 -0.022074 0.022357 -0.009553 0.329521 -0.003746 0.313474 -0.009861 0.008212 0.294665 0.307391 0.358449 -0.011412 0.353494 -0.002150 0.086504 0.381681 0.101795 0.400376 0.354778 0.404637 0.386211 0.334098 -0.001700 0.130997 0.601435 0.047540 0.390320 0.419670 0.531457 0.449956 0.480008 0.052589 0.056887 0.631514
-9999.0 -9999.0 -9999.0 -9999.0 -9999.0 -9999.0 -9999.0 -9999.0 -9999.0 -9999.0 -9999.0 -9999.0 -9999.0 -9999.0 -9999.0 -9999.0 -9999.0 -9999.0 -9999.0 -9999.0 -9999.0 -9999.0 -9999.0 -9999.0 -9999.0 -9999.0 -9999.0 -9999.0 0.349239 0.030996 0.326731 0.011071 0.062580 0.051500 0.024328 -0.006660 -0.025975 0.004691 0.068247 0.023861 0.376347 0.027468 0.034462 0.041331 -0.008234 0.388197 0.378504 0.400555 -0.001123 0.383708 0.386643 0.341786 0.342773 0.398983 0.470405 0.475864 0.406075 0.391767 0.483868 0.059987 0.064018 0.067015 0.067719
