tests/3D/snow_dstr_SENSITIVITY/output-maps-SE27XX/snowdepthN0009.asc
ncols         78
nrows         130
xllcorner     624800.000000
yllcorner     5171500.000000
cellsize      100.000000
NODATA_value  -9999.0
[rows 78 to 103 of 130, columns 0 to 58 of 78]
-9999.0 134.605252 108.245507 103.346105 141.076991 135.807277 125.686195 39.760593 60.599846 57.909433 63.910919 64.020780 67.024227 57.479996 55.803259 45.623513 36.339994 59.155363 49.264892 42.632571 43.549346 85.733249 92.053670 68.989139 71.982062 91.639529 77.382172 80.017806 88.154670 90.289840 86.660285 83.403877 79.317460 103.170224 103.172298 92.751603 86.053054 85.469518 90.764079 69.711898 68.621029 78.343440 86.066385 95.132202 76.988621 72.621537 73.690077 89.142768 107.399009 102.550759 87.276489 145.286548 136.403354 143.021022 137.986085 115.527316 133.438677 134.301100 148.588942
-9999.0 119.557806 111.634655 79.671151 128.995224 54.003166 67.195581 111.508011 67.700189 42.900910 48.937947 65.681475 66.799949 53.121542 53.086942 49.178651 30.026870 45.322070 63.714499 53.566965 97.091906 87.743936 50.387739 97.800761 86.749896 79.795694 80.025219 89.870937 95.576842 89.967377 84.238944 83.838616 91.622167 82.782086 92.050373 92.538311 85.713847 75.101837 77.600602 69.646914 74.960685 80.909925 86.943052 79.932638 66.117978 81.456623 118.775323 89.456510 91.910788 108.812463 133.385645 86.274157 120.395315 156.924534 157.475644 133.172571 149.460001 150.558397 152.810764
-9999.0 103.236639 94.282550 79.292572 70.588667 71.043594 50.819216 124.503602 123.725456 101.058685 50.594689 54.791352 62.126093 60.031744 55.529926 39.782234 109.879791 116.351397 116.379324 49.633249 98.071089 94.793231 76.640945 101.937300 50.779670 76.608200 86.887807 78.828092 75.045165 85.694890 88.044797 93.210197 86.905610 80.971092 94.062476 88.941324 86.273607 77.281513 75.707827 60.257949 81.058366 82.628692 70.986889 84.853271 72.221387 93.061384 118.869239 120.945342 91.286484 88.862493 108.632024 95.582837 93.445471 143.406987 159.548088 163.889175 167.127849 163.927209 136.880455
-9999.0 99.481424 72.200259 63.894187 68.331826 63.223923 108.189240 87.125560 112.374261 46.690064 60.119105 59.767035 49.662071 37.967981 110.268335 95.876379 88.065384 87.190936 66.255787 73.882390 97.558577 92.590843 86.245376 90.984572 98.527604 93.749675 86.333067 72.396035 71.834464 67.627250 94.249996 73.995063 74.245826 66.840399 63.164277 72.200782 72.633237 65.967019 65.825950 66.784600 68.414131 75.125388 71.004258 96.931665 88.403379 94.069934 69.044156 89.966496 68.658398 138.880681 93.971405 92.668730 113.476956 125.225934 141.343182 141.140405 159.278979 176.610116 170.403874
-9999.0 -9999.0 -9999.0 68.499769 129.565047 66.483490 118.983656 49.256727 67.962670 65.279011 100.230365 54.618565 49.465027 110.595314 105.252486 96.211152 93.203582 88.690928 70.068349 80.912363 82.079305 85.885732 88.744827 81.678657 69.055427 88.638989 106.979883 87.967895 75.988987 76.053803 95.500141 69.841936 71.467561 71.295352 67.807562 70.393154 67.698636 66.113993 68.449850 68.927517 68.587809 67.596708 70.168898 87.181287 90.230808 85.582244 56.294822 83.838326 67.159682 137.751859 66.950032 85.753223 116.898381 123.954542 127.252815 123.141411 146.540338 150.596296 152.705486
-9999.0 -9999.0 -9999.0 67.248864 53.092063 67.665127 83.197370 62.398016 61.373582 63.724185 55.871449 53.370686 107.479557 104.235180 72.949334 67.832265 95.427848 86.292589 75.137037 80.129615 74.533710 79.637212 64.876861 67.911297 69.145300 92.545994 95.806567 90.667993 90.074882 85.228569 86.767482 62.872419 69.966200 68.443275 65.897684 70.838542 63.752802 68.558515 68.554685 67.854446 67.692328 72.181906 69.580844 87.386724 87.757658 91.656698 52.720249 79.532561 123.792689 76.844870 79.690828 85.842540 82.896366 92.655426 106.473897 120.889167 120.635774 78.281417 122.891629
-9999.0 -9999.0 -9999.0 107.735889 101.919012 104.611417 55.843112 101.338893 103.695002 51.648869 81.502626 99.181059 80.361697 73.803956 63.946027 64.976331 68.258270 65.111272 73.300493 73.569350 66.164438 67.816010 57.060290 60.308744 64.798102 82.342610 81.532016 80.113404 78.441225 73.492345 59.138733 60.614575 60.986813 60.863554 66.350057 61.645406 64.213336 67.507453 68.112068 66.737496 65.097563 74.306329 83.073571 96.314076 86.621908 57.097043 86.671811 46.422990 49.394558 43.154523 42.866122 51.109706 62.408155 76.133841 66.035338 85.776878 81.084647 95.042334 166.924269
-9999.0 -9999.0 -9999.0 47.230601 55.323037 102.048116 54.779207 62.175483 54.059044 47.746485 49.745241 49.412188 96.851132 69.074177 83.784908 67.348455 71.776197 78.616729 64.693407 64.510337 65.127065 76.056942 59.745587 66.113233 79.444593 79.522613 82.576623 75.819330 71.372036 67.453467 62.078504 65.167905 64.220391 63.672769 61.972894 65.640300 66.606232 67.210335 68.572943 66.473735 66.881428 75.764874 84.728689 103.108741 100.531951 77.413353 84.735265 89.239843 102.298235 61.036326 62.896681 57.259404 68.392935 75.118160 68.386652 92.708230 83.810106 90.152927 97.226723
-9999.0 -9999.0 -9999.0 -9999.0 51.723013 97.707557 91.761052 63.253451 53.144736 38.907252 104.892340 97.456722 88.937939 87.054661 70.264633 66.027722 62.068621 60.356266 61.515393 63.761953 63.996736 61.931474 62.101720 61.557647 59.830078 68.970819 78.524672 72.657067 65.889463 65.389945 64.442582 64.189737 64.928712 64.618562 63.356976 65.822211 66.360966 67.660678 68.064331 62.298942 76.091357 87.425066 66.129312 84.749181 87.645129 84.571530 85.641858 90.265006 99.193280 122.087249 134.242264 133.842667 121.292616 66.550205 74.764658 89.464904 64.837500 99.676127 157.528230
-9999.0 -9999.0 -9999.0 -9999.0 59.260957 62.736090 53.330305 52.504332 43.140850 70.369463 88.404607 84.521303 80.552267 82.472311 68.195200 51.133440 54.008517 53.373352 56.275637 58.593974 59.969812 59.327303 60.141100 57.188875 57.660508 59.724789 57.454441 59.920258 61.536640 60.830728 61.852469 62.554996 63.918168 64.905327 64.994250 65.196448 66.055302 67.193909 66.188332 68.532840 73.132819 76.595213 64.337880 68.059638 72.236082 71.690042 82.165381 87.723419 93.628482 82.687016 87.416276 87.578276 117.921781 118.378871 137.286548 125.372310 140.875118 144.061543 133.083708
-9999.0 -9999.0 -9999.0 -9999.0 43.840534 57.149810 55.182875 50.504537 49.042114 92.886230 68.377348 91.437127 70.501734 70.906401 69.459272 69.722264 56.059270 57.594410 61.719704 61.612061 61.642048 59.764851 60.411280 60.688801 60.657573 62.639731 61.267519 62.129781 60.894696 57.641328 59.587535 63.892897 63.048106 59.014526 63.033203 62.389631 66.161897 65.205813 66.492501 68.887445 83.191934 89.227026 94.686324 60.759885 63.647488 114.529125 117.231556 120.107322 124.574716 90.677634 134.846325 111.824056 116.289701 126.641511 128.128714 123.334659 138.065171 130.288883 148.946667
-9999.0 -9999.0 -9999.0 -9999.0 -9999.0 51.550154 47.094994 38.065610 34.527573 90.591824 87.211286 83.034365 75.160544 59.400161 58.495577 61.130825 47.891934 55.131262 61.726692 61.743996 60.659766 60.021259 60.658931 60.700225 59.965862 58.229221 58.605094 59.090612 58.090240 58.754709 59.513811 61.020218 61.508338 60.034579 69.276927 76.085876 77.906051 84.423154 73.697794 77.888752 92.618980 93.410269 92.801343 104.258429 67.060254 113.242708 68.451572 112.550954 110.457345 87.351088 101.357157 132.113982 105.574319 132.470772 112.606061 156.462123 148.751130 137.396459 149.418878
-9999.0 -9999.0 -9999.0 -9999.0 -9999.0 83.633955 66.557743 86.127892 80.116411 78.715961 63.938148 66.013629 64.665107 51.477185 49.903190 48.675144 53.666549 59.260595 60.599998 59.960703 60.036843 59.806742 59.097825 59.760304 54.692263 54.576677 56.744058 59.252589 59.226344 56.273585 59.939089 64.993503 61.989271 70.621735 87.053791 86.242251 77.332551 82.393957 82.246823 87.310000 96.559636 95.480353 59.450972 92.594312 106.686721 87.745099 99.148632 99.284696 100.958227 95.666711 104.720669 104.699885 107.045142 125.935021 114.183486 138.098559 122.042942 109.310953 123.998224
-9999.0 -9999.0 -9999.0 -9999.0 -9999.0 -9999.0 71.569511 83.228827 78.978479 69.510755 65.147895 64.546074 61.667673 47.220955 53.665103 53.226479 58.839235 59.368049 59.260837 59.110926 58.313480 59.176068 57.868243 59.314950 59.987936 58.189188 59.105302 58.718974 56.578024 62.456279 67.017132 71.784255 77.204926 87.048619 76.758333 92.518600 86.569186 94.830175 91.691293 80.146597 95.441031 93.288869 93.502137 71.757371 105.138950 102.832676 88.326776 67.259407 118.141029 133.225359 104.520630 123.333552 116.909466 114.396469 117.530485 133.008774 143.438091 133.341653 129.897214
-9999.0 -9999.0 -9999.0 -9999.0 -9999.0 -9999.0 74.014186 72.196784 73.178115 61.421743 56.919376 56.201254 51.970875 53.322589 52.816103 51.010232 58.615596 56.608869 57.323249 58.664235 58.845422 57.823450 58.100466 55.909170 58.257928 56.891726 57.127708 56.824475 65.187234 68.844704 69.690959 70.623292 80.203239 92.047900 93.036014 90.731639 91.723705 56.194008 78.600872 86.935341 77.973748 92.507781 74.552828 86.136153 80.212552 86.337711 127.069503 131.104227 135.943905 130.448484 127.406190 125.470996 150.792557 137.141814 124.767319 120.304882 117.781645 144.391466 130.926930
-9999.0 -9999.0 -9999.0 -9999.0 -9999.0 -9999.0 -9999.0 62.859790 58.326792 50.381509 51.083809 51.814283 47.884638 47.399572 51.097159 53.627201 57.216864 57.121065 57.006248 49.674711 47.694399 46.194650 56.041962 56.633061 61.762077 68.708867 77.787760 72.845194 74.465683 79.037286 84.509074 84.116425 81.510769 82.024102 94.056741 103.051053 60.974838 80.483146 57.259769 74.535463 87.543323 90.126664 66.289200 89.931185 44.724067 72.655540 80.082380 87.402198 83.083882 107.905564 113.257298 113.926360 151.371017 139.316005 148.819435 145.882119 138.199027 141.679141 124.492329
-9999.0 -9999.0 -9999.0 -9999.0 -9999.0 -9999.0 -9999.0 59.799664 59.963073 53.793400 52.631437 46.336362 48.684665 47.913445 41.205798 55.803549 56.180402 56.895796 47.140540 50.252232 51.464071 54.987009 62.310528 69.269509 70.442005 84.692335 82.684615 45.290696 76.424075 88.576427 83.376254 88.444563 91.212403 84.752578 89.431708 106.934556 98.969511 88.488270 105.705069 101.106878 59.102331 97.091660 71.577625 73.242311 83.691711 97.998899 72.840666 89.046434 87.642457 81.585689 155.670029 123.146633 129.725765 145.343880 154.658334 152.021126 156.894337 151.013147 167.666622
-9999.0 -9999.0 -9999.0 -9999.0 -9999.0 -9999.0 -9999.0 64.062748 58.684634 48.251150 45.334393 43.734526 48.580684 39.161058 38.198524 53.830933 47.920096 52.451542 46.037878 50.402430 56.356900 60.422110 68.125921 77.780630 70.856794 86.804829 85.977728 85.549264 81.210439 73.454797 88.591790 56.719981 57.427466 76.302328 110.384131 82.857439 96.603755 107.434170 103.011024 60.748089 114.564942 94.836884 70.913468 80.922482 102.017283 80.351630 55.779673 62.040495 68.897585 87.865206 70.651469 83.053553 76.625573 154.336748 156.790751 160.838029 167.295821 137.059463 180.563472
-9999.0 -9999.0 -9999.0 -9999.0 -9999.0 -9999.0 -9999.0 -9999.0 42.423615 41.978461 33.187721 32.168115 42.299419 45.024827 53.008714 43.933601 42.602989 49.565479 52.973583 64.360641 72.739122 66.561966 77.398948 79.347187 75.852283 77.664979 80.957297 88.968023 85.351610 51.212455 90.321961 107.181175 70.877397 59.784129 87.805098 117.706802 106.428002 59.922630 80.828615 63.135858 108.531248 86.725744 82.860652 88.655130 86.860136 95.265570 87.377324 108.616983 124.795901 55.546563 60.081727 72.995384 91.608161 78.504330 131.588831 151.457921 168.022588 128.475224 170.028283
-9999.0 -9999.0 -9999.0 -9999.0 -9999.0 -9999.0 -9999.0 -9999.0 -9999.0 33.979080 29.626428 29.117922 37.622646 29.512238 33.896340 48.798132 53.406907 50.801586 57.095716 73.497951 85.736648 82.177446 79.821992 91.216613 89.508274 77.004523 102.784357 60.749560 52.350105 94.678305 102.682333 108.829977 111.439104 97.242059 97.978461 87.186447 122.829431 77.566722 91.977823 93.015994 112.336172 74.057727 75.397798 100.006796 83.405710 81.299950 86.345897 103.872038 127.333434 70.974666 56.870670 78.556287 98.947589 98.311444 117.575956 127.910771 110.427487 107.674995 169.642204
-9999.0 -9999.0 -9999.0 -9999.0 -9999.0 -9999.0 -9999.0 -9999.0 -9999.0 30.811316 28.575319 27.725561 28.842820 30.203405 42.643091 49.810052 54.074603 53.420677 58.964054 73.988813 86.931654 77.247332 88.159412 75.658130 60.024579 98.483666 57.630299 102.143488 64.247994 81.348380 65.025622 83.893884 87.609873 91.399821 117.863813 100.898970 96.847308 92.453428 101.543834 108.900041 115.485126 67.938501 92.338532 85.269701 106.752595 82.216575 88.280370 94.408553 125.332662 85.488291 83.685404 74.903900 86.684651 79.644640 94.133832 107.261509 91.101841 100.972230 160.331683
-9999.0 -9999.0 -9999.0 -9999.0 -9999.0 -9999.0 -9999.0 -9999.0 -9999.0 -9999.0 24.108871 24.001441 28.184635 39.794292 44.983601 40.452715 55.613523 66.488778 57.863928 74.876700 78.913521 90.377328 99.715724 55.328166 85.589489 92.639105 82.579690 107.954430 97.671298 63.992929 90.347045 88.697728 69.514160 91.558191 70.209624 92.531347 102.701605 95.611084 94.049203 74.234606 109.631467 112.543573 112.274760 66.520191 86.190727 85.063924 99.459358 100.134020 93.281963 63.158774 76.427521 74.286124 80.398075 46.845513 107.180406 91.312747 80.361099 150.452757 134.846514
-9999.0 -9999.0 -9999.0 -9999.0 -9999.0 -9999.0 -9999.0 -9999.0 -9999.0 -9999.0 -9999.0 -9999.0 26.980694 44.870299 42.765009 56.312279 66.431727 80.755688 82.415351 89.159767 84.506280 78.021215 79.823503 86.801095 110.913206 81.873594 118.599247 117.215980 88.852851 86.953173 65.308613 96.672690 96.205772 120.894256 104.344797 96.889773 96.796733 102.023329 125.226560 91.222885 114.629159 115.396455 96.956446 113.318206 79.649825 88.420437 88.233739 88.593183 101.316816 60.740922 67.688146 72.666229 85.286524 83.116100 57.282297 101.771853 93.928051 81.233593 116.387828
-9999.0 -9999.0 -9999.0 -9999.0 -9999.0 -9999.0 -9999.0 -9999.0 -9999.0 -9999.0 -9999.0 -9999.0 -9999.0 46.937536 40.529976 55.283991 69.835183 81.778275 84.868935 91.021369 88.885846 81.692905 57.508321 90.148200 89.001615 75.590270 73.942248 121.825014 121.493342 77.596584 68.028374 71.320513 77.318572 76.363138 95.419300 128.757474 106.096203 107.181889 101.581912 98.691653 73.883058 118.810483 112.920485 78.620084 115.399195 69.147758 116.488908 85.552076 104.586630 57.227730 74.663864 77.198424 77.989811 81.036466 84.884535 117.120648 122.562246 127.545271 160.650966
-9999.0 -9999.0 -9999.0 -9999.0 -9999.0 -9999.0 -9999.0 -9999.0 -9999.0 -9999.0 -9999.0 -9999.0 -9999.0 -9999.0 46.243968 53.514318 71.541185 94.599002 87.136574 56.848218 58.831886 77.646085 83.979246 61.277127 86.628597 71.263127 102.422754 76.787274 78.079055 69.388825 68.094356 76.666155 78.900837 109.696953 105.476380 133.552200 118.055707 95.563697 114.618843 69.919844 78.685030 94.118946 105.401087 79.238737 117.729601 95.445210 71.474934 98.417295 97.689401 108.757012 113.116871 123.533016 75.868385 86.130986 84.562022 140.470195 112.344781 107.933024 125.158291
-9999.0 -9999.0 -9999.0 -9999.0 -9999.0 -9999.0 -9999.0 -9999.0 -9999.0 -9999.0 -9999.0 -9999.0 -9999.0 -9999.0 -9999.0 54.562890 72.955969 86.264487 69.766905 80.013696 110.549123 80.294884 77.340382 86.151500 85.982673 121.540065 106.166945 95.468127 99.317617 125.214916 122.687658 118.787751 127.018352 118.889305 114.572227 137.994996 137.146177 116.723187 114.682596 98.927977 79.465695 98.880515 94.374274 117.011383 73.935678 120.886595 99.828716 119.914080 104.882771 116.377963 110.903070 87.559778 71.736909 73.825561 81.265624 96.676443 119.193054 92.550840 124.377940
