tests/3D/snow_dstr_SENSITIVITY/output-maps-SE27XX/snowdepthN0010.asc
ncols         78
nrows         130
xllcorner     624800.000000
yllcorner     5171500.000000
cellsize      100.000000
NODATA_value  -9999.0
[rows 78 to 103 of 130, columns 0 to 57 of 78]
-9999.0 134.292812 138.638992 184.213600 117.289334 110.824135 100.047599 103.084347 119.776207 115.303244 120.712059 121.547580 124.922646 110.928420 107.128449 92.633747 89.620941 109.211703 96.617547 88.786994 86.767779 56.762899 127.186405 102.191453 104.570587 126.890334 112.705464 116.432667 124.458692 125.262749 118.331618 116.740350 111.717967 140.107527 140.118137 126.695304 111.740232 110.473886 117.955338 102.195062 93.193782 105.330798 114.205256 123.573223 103.717488 100.078245 101.483546 121.647738 140.380841 66.467007 147.261233 212.282014 125.412480 132.528443 124.004339 164.168503 120.013209 205.459983
-9999.0 140.044353 198.095416 147.050035 107.691026 120.656664 136.484238 94.645128 131.816089 100.311439 102.702853 124.175397 124.774507 105.773681 104.213369 96.646110 80.552488 90.715020 116.062974 103.756863 63.953185 59.664718 95.635083 134.430229 122.712801 116.140962 116.314115 125.490848 132.224812 124.576013 113.520318 116.744104 125.885972 117.915445 55.429326 123.786123 111.174864 102.618395 106.168167 95.108021 103.324184 108.855666 115.990176 110.478350 94.453091 107.077719 88.649256 123.979804 131.935280 144.638534 103.719965 145.221654 181.627648 166.525032 151.245945 129.664349 229.748455 231.614790
-9999.0 190.939789 174.749915 146.433679 137.120018 146.911523 115.141495 102.181318 101.134905 80.399875 104.240397 110.204448 117.204634 114.111938 105.915518 85.161413 68.293665 73.350519 72.454699 93.546969 65.568283 130.942458 126.257812 63.733478 98.037179 112.733790 122.845198 114.421520 109.711717 119.310633 119.561718 126.630867 119.993106 113.265621 126.798117 119.488071 112.183420 104.250629 101.958148 85.392293 108.538165 110.210368 98.245051 53.453376 98.481011 120.247345 90.228978 90.505479 131.333262 146.460946 159.537659 155.776516 157.487403 218.363905 254.990962 174.732279 164.470910 165.160203
-9999.0 181.602824 149.774735 133.029506 134.155269 124.951240 153.967009 128.331364 161.053739 96.209917 113.367009 113.028190 97.999004 83.490356 67.398098 132.440780 121.949892 121.198934 98.854689 107.571451 134.199590 123.901176 120.921599 127.206062 134.483496 128.536244 120.703796 105.516145 103.525257 99.271073 126.105878 105.444112 105.654847 94.616621 91.737319 98.035665 95.456931 89.225413 91.033899 92.831557 95.198353 101.413039 96.333045 126.211863 118.251372 118.134951 114.604397 130.714160 110.019351 94.578511 143.178515 150.739400 176.098781 194.392081 211.291953 208.612968 147.528727 177.203040
-9999.0 -9999.0 -9999.0 143.304957 109.937832 138.950905 93.112538 103.031699 126.992084 121.407097 143.276889 106.050171 97.038960 71.639162 67.425322 60.637330 130.306283 123.959444 103.131803 113.891133 114.507145 120.321701 122.756779 53.618515 51.725465 55.539574 62.475530 121.815268 108.725427 108.598250 128.724510 98.887779 102.923506 100.661414 95.681550 95.168493 90.542014 91.152660 94.558190 95.480104 95.364689 93.022180 92.600779 114.313576 117.427747 112.309440 103.381787 135.304382 115.889502 93.148348 128.968875 141.672704 183.262749 193.785287 197.127716 195.404086 222.881060 224.273651
-9999.0 -9999.0 -9999.0 140.515686 114.930935 129.589350 125.598559 118.826360 117.676652 118.304108 106.357291 101.930800 67.777213 66.004146 124.516582 117.737740 131.472350 121.500680 106.379771 113.597365 105.918025 112.828516 94.044658 99.047280 50.721436 126.933249 129.413723 123.025918 120.495424 115.717112 115.605418 90.283757 99.164723 96.749847 93.383251 94.669671 88.378846 95.053983 94.953496 93.799874 94.327750 97.298598 92.021354 115.611858 115.644229 120.625911 103.305912 133.552675 79.823986 132.896303 136.935966 147.544813 146.977808 157.747257 172.841548 189.801313 191.177751 143.911792
-9999.0 -9999.0 -9999.0 83.190178 80.803940 83.005565 109.054780 80.976216 149.298745 97.670212 54.546984 63.033758 55.903442 106.784257 96.559726 96.179388 100.455470 95.355686 98.430102 102.024834 92.227016 93.605161 82.456144 87.846533 93.930297 111.512814 110.600951 107.525571 105.585343 101.254118 84.743773 85.747595 86.556371 86.442492 90.255366 85.219732 88.681200 93.663070 94.519018 92.803815 91.531917 99.143661 107.293941 126.251273 114.990780 85.611183 120.257865 95.684864 103.738669 97.089833 96.938003 105.918670 120.360736 137.255586 124.056195 143.436562 137.613038 157.253388
-9999.0 -9999.0 -9999.0 102.987689 111.302338 81.861729 109.046159 116.789083 103.208657 92.712150 96.562425 94.355563 57.125979 113.565942 118.133990 98.792732 104.941492 109.454303 93.423780 92.812282 93.453137 102.860822 85.555581 94.689954 106.079891 105.476254 110.972999 102.722674 98.391477 95.883103 88.955042 92.337765 90.865529 89.475868 85.601680 91.047675 92.559840 94.199807 95.899124 93.128331 93.836029 99.637153 109.494323 74.881415 135.478280 108.941758 119.829004 126.064667 69.331112 118.463433 120.665445 113.909851 128.256478 136.385730 127.304431 156.683096 141.595877 151.491630
-9999.0 -9999.0 -9999.0 -9999.0 108.283236 80.333005 76.094283 117.493924 101.707895 82.160183 67.934115 62.016304 123.739145 120.817996 115.475305 96.506979 89.911301 87.188613 88.288004 91.482190 92.246457 89.205613 89.092997 88.270805 86.386305 95.816232 105.649619 99.286254 93.774896 93.058093 91.552640 90.843108 91.817703 90.550052 87.662862 91.459829 92.435320 94.881741 95.337394 89.891062 103.493396 113.732540 95.368104 117.119615 120.925105 117.302370 121.152168 126.440198 136.322930 100.665852 195.006154 109.450868 85.655091 125.798361 135.029627 152.856899 131.379221 162.298629
-9999.0 -9999.0 -9999.0 -9999.0 115.914836 120.689413 104.664446 101.871466 85.082841 54.638740 126.273822 120.923948 115.028927 117.785485 97.054872 75.859940 78.426125 77.551297 81.679172 84.631939 85.920376 85.227839 85.560888 80.231021 82.369471 85.426564 82.047061 84.727258 87.719998 86.072518 86.908903 87.219948 89.286229 90.518113 90.249694 90.571766 92.044684 94.463531 93.108445 96.338412 102.522178 105.579531 92.775062 96.331452 101.115158 100.725043 115.933985 123.840548 132.315949 116.415798 122.823860 122.877317 105.406448 106.887471 200.002821 116.278558 212.188878 139.571611
-9999.0 -9999.0 -9999.0 -9999.0 92.338368 112.378836 107.792303 99.179153 95.241000 130.900127 53.593253 127.181172 101.307777 103.112488 99.632935 95.890997 81.613293 84.243185 88.400806 87.541545 87.436424 84.224158 84.842266 85.122430 85.268666 88.016424 86.118185 87.192226 84.996320 82.008080 82.572366 88.951924 87.524721 82.661391 87.631305 88.229152 92.093780 91.958914 93.832361 96.972911 112.403715 117.898237 123.728611 103.925287 108.985957 86.410952 92.806473 91.121594 91.221950 149.858933 130.196571 111.258810 111.411261 115.237485 115.850472 118.650580 209.212866 120.835806
-9999.0 -9999.0 -9999.0 -9999.0 -9999.0 103.434687 95.318593 83.385319 76.189942 127.494284 124.367514 116.295250 105.880861 88.118915 86.545356 88.902789 72.658076 83.410714 88.205742 87.370779 85.728838 84.284070 85.128285 85.092776 83.942492 83.466047 83.927886 84.196790 82.359447 82.523545 84.310333 85.846645 85.019367 82.375502 93.459606 102.108428 103.899553 110.840709 101.802293 105.339799 120.659533 122.223952 120.515280 74.944900 111.842532 84.407220 114.556917 93.201994 88.451742 133.162261 99.960233 191.832762 155.872668 196.242010 109.880727 187.274189 149.609043 209.070680
-9999.0 -9999.0 -9999.0 -9999.0 -9999.0 110.363513 117.766082 123.693167 115.713411 112.375366 95.823471 97.340018 91.490567 75.465001 72.424724 69.909459 76.605870 83.967674 85.774778 84.696568 84.592543 83.845744 82.481883 83.337467 77.143402 77.121571 80.322258 83.579541 83.389142 79.889943 87.858264 92.679188 86.217917 92.135110 111.890791 110.659379 99.870916 106.374385 105.452525 113.535004 127.650172 126.332489 101.912345 66.307298 72.878185 73.194796 78.170269 81.576257 83.179080 83.019623 148.782663 89.129184 157.181528 103.612310 101.967962 141.883255 114.566287 159.447313
-9999.0 -9999.0 -9999.0 -9999.0 -9999.0 -9999.0 109.056313 122.159258 114.978895 101.842517 96.256978 94.271464 88.983306 72.463885 78.103150 76.267262 83.038570 83.968467 83.635052 83.554292 83.202800 82.763285 80.485291 82.616534 83.766895 83.167043 84.588186 83.944438 81.120862 89.361036 92.691409 96.996578 102.023732 113.676897 58.619542 121.563243 115.504861 125.580851 120.729994 107.754509 127.985640 124.107966 122.256662 118.712654 86.719689 85.622858 135.600593 122.449298 102.878576 115.001276 90.179272 107.310072 174.495381 169.406187 172.857499 208.218427 135.749627 113.561006
-9999.0 -9999.0 -9999.0 -9999.0 -9999.0 -9999.0 113.125294 107.661179 107.815370 91.747412 85.245631 83.049331 75.962411 76.864395 76.040989 71.422356 82.882066 83.037675 82.597524 82.358319 82.493694 82.689524 80.884402 78.679252 81.126313 81.253522 81.820054 81.359669 90.062023 94.415445 95.468508 97.547893 109.121787 121.502089 122.269757 119.395317 121.918090 99.749896 64.563958 114.779308 111.560708 124.504510 103.252875 57.575650 134.506752 139.338197 111.625094 113.897938 204.197906 125.920913 111.401072 116.963374 154.277242 223.848565 128.999334 114.524111 115.165912 225.628466
-9999.0 -9999.0 -9999.0 -9999.0 -9999.0 -9999.0 -9999.0 94.602465 87.598864 76.597262 73.924215 74.786577 69.009909 66.213093 61.719237 64.423968 80.612483 80.683874 79.904342 74.994491 71.662922 68.360577 76.722914 83.696784 88.574776 95.120866 104.254556 98.611697 99.551788 104.866659 109.660807 109.755066 102.369424 109.339021 123.974444 69.860589 105.539202 120.085572 100.911402 63.468359 122.608804 121.798612 95.484278 125.416837 91.244984 123.801579 136.142875 146.728454 137.926242 167.724869 172.019012 177.664679 158.813675 139.005776 146.245428 115.611554 129.466401 131.748505
-9999.0 -9999.0 -9999.0 -9999.0 -9999.0 -9999.0 -9999.0 91.818290 89.252056 79.441214 77.047424 74.024675 64.344997 54.071071 58.219019 78.378207 79.161528 79.777558 65.500755 72.334802 79.021966 80.228605 88.429908 93.761336 95.614860 110.804142 108.638085 77.219856 106.331894 118.728561 112.082024 117.888548 120.605534 106.689221 67.916011 86.504741 83.024319 131.281455 76.848932 74.989772 102.674737 79.262463 102.487707 104.627026 118.822796 63.698313 128.587500 152.294152 151.855083 145.645038 128.683672 199.308136 134.185009 162.244612 154.548705 238.497914 141.254875 236.211921
-9999.0 -9999.0 -9999.0 -9999.0 -9999.0 -9999.0 -9999.0 98.106303 87.431951 72.110942 72.239693 71.056837 53.633643 58.791582 57.425169 75.707634 71.710426 73.642378 64.472969 72.417783 82.895968 84.143988 91.714037 103.924766 98.475281 114.262710 113.956165 113.142721 114.347691 103.035771 119.894179 101.505321 100.705412 100.875676 81.363800 136.680565 79.471159 90.424266 139.876172 104.941445 80.322525 127.328392 101.427269 115.405758 139.490695 55.664001 106.887416 117.482060 126.418483 151.353225 132.496459 145.133506 136.569683 149.146571 166.005097 171.958741 264.312183 143.891918
-9999.0 -9999.0 -9999.0 -9999.0 -9999.0 -9999.0 -9999.0 -9999.0 66.576873 62.460494 55.633140 54.301674 48.833176 43.502103 59.298505 71.586483 69.121754 70.793310 73.171040 90.482918 96.552784 89.543491 101.268730 104.780283 99.234827 104.096390 108.292941 119.103801 114.606753 90.390956 119.245153 74.818638 120.647495 102.187734 62.094149 82.917085 145.413480 112.619428 72.976370 108.307687 81.326211 79.949531 119.024227 122.449043 122.325734 133.077926 63.151120 150.216729 83.241458 111.455695 116.811872 129.164450 156.536688 146.448997 208.438855 153.620636 175.298164 124.406905
-9999.0 -9999.0 -9999.0 -9999.0 -9999.0 -9999.0 -9999.0 -9999.0 -9999.0 49.581931 48.851672 48.308597 48.123197 55.865026 61.076375 75.281223 80.209078 75.224892 79.354785 99.224548 113.794599 108.677254 109.705744 123.489838 119.650844 118.345309 69.096417 102.377858 94.346434 128.070902 73.651091 92.617456 95.588184 82.091591 82.026773 137.614172 92.467269 132.739847 84.279209 78.520499 81.038274 121.807833 109.703035 135.687129 120.546171 117.764315 126.271996 146.188031 89.162053 131.069671 111.330413 135.637981 167.263000 166.199440 189.061516 205.188489 175.006597 172.337911
-9999.0 -9999.0 -9999.0 -9999.0 -9999.0 -9999.0 -9999.0 -9999.0 -9999.0 40.995869 39.445553 39.610789 42.875181 55.258896 71.928102 73.319012 78.978831 77.762315 82.962695 100.659734 116.029427 104.588075 121.377867 67.764165 102.166821 137.572682 101.766264 73.563998 106.887704 71.352360 109.387810 77.036555 118.973055 143.486070 88.571341 90.505497 91.611084 143.569293 91.545009 89.405442 89.976408 118.931984 83.563368 124.821865 85.716233 119.705148 67.330035 72.389814 86.454868 146.160728 141.687823 131.836583 152.775037 147.470781 156.458276 172.945901 153.565738 164.737513
-9999.0 -9999.0 -9999.0 -9999.0 -9999.0 -9999.0 -9999.0 -9999.0 -9999.0 -9999.0 50.853976 30.926572 44.802589 67.533340 68.315188 60.678627 82.017776 90.202867 79.575661 101.901922 107.439222 121.919331 68.914808 95.376847 72.549452 77.490418 71.293039 70.530266 133.642573 106.428619 78.973610 136.229421 127.508768 140.054852 127.291139 90.468922 162.089780 148.736464 145.537097 122.562992 88.529340 89.404416 84.776188 118.920217 126.247958 122.917691 139.142463 141.040070 131.438871 117.740343 136.017801 133.522901 142.362451 113.633765 151.153170 152.583505 140.691369 115.293978
-9999.0 -9999.0 -9999.0 -9999.0 -9999.0 -9999.0 -9999.0 -9999.0 -9999.0 -9999.0 -9999.0 -9999.0 39.550523 72.520216 62.809218 74.543941 90.326584 107.750041 111.461099 123.781641 112.769355 107.164331 125.755316 79.560869 95.310022 133.348141 89.843131 90.398383 140.348334 136.026134 123.737618 151.202890 152.022304 98.950889 110.499146 110.323945 151.685778 106.570490 99.380879 140.214476 94.812655 88.424985 88.488247 148.635084 130.602606 127.815111 129.379351 127.872675 138.852548 116.267307 126.424384 131.714225 148.372727 145.682953 121.770520 166.957602 150.490400 135.491460
-9999.0 -9999.0 -9999.0 -9999.0 -9999.0 -9999.0 -9999.0 -9999.0 -9999.0 -9999.0 -9999.0 -9999.0 -9999.0 76.303240 59.983615 75.355303 98.150784 111.417829 114.797988 124.961795 70.849467 110.686264 108.358038 145.508063 85.000594 137.135019 132.704317 107.731949 110.494119 136.531993 130.188369 135.657454 145.245733 144.561852 101.394247 126.334363 101.347608 105.833234 95.856760 91.792854 130.351530 90.731413 86.978560 129.836519 90.663199 124.008239 99.382392 125.201471 141.527489 112.038955 134.910283 137.764196 142.688891 135.732403 139.115621 187.273040 126.833063 126.859908
-9999.0 -9999.0 -9999.0 -9999.0 -9999.0 -9999.0 -9999.0 -9999.0 -9999.0 -9999.0 -9999.0 -9999.0 -9999.0 -9999.0 63.431680 73.959584 101.918995 68.644379 117.914838 99.292483 101.986891 68.937792 134.568247 120.086417 139.567172 130.763455 98.760541 136.956921 138.440325 135.357151 129.174479 144.711973 147.761700 101.938913 172.597293 130.335403 101.577731 104.595838 100.814510 124.087239 130.611955 143.153183 91.559312 129.512617 91.520528 89.767293 128.645156 138.964941 134.959958 150.865154 82.886365 85.455585 128.507192 149.538965 142.958286 215.031673 172.316139 165.298933
-9999.0 -9999.0 -9999.0 -9999.0 -9999.0 -9999.0 -9999.0 -9999.0 -9999.0 -9999.0 -9999.0 -9999.0 -9999.0 -9999.0 -9999.0 78.060312 105.625746 120.944866 109.694592 126.521823 149.578164 131.538296 131.018521 141.845845 141.208163 105.740216 101.699184 153.309338 160.264313 132.000396 105.588292 119.575309 194.819517 107.118903 120.072744 224.315589 216.637847 114.313836 112.651917 93.240208 133.148434 151.904760 143.554289 91.187422 130.407174 96.469703 93.823113 95.520556 94.580161 82.467787 154.152201 124.622644 131.966776 125.209691 131.723215 156.623219 191.401577 156.087686
